collection_time_utc,collection_time_local,run_id,timestamp_utc,timestamp_local,value,unit,country,entsoe_area,variable,source,updated_at_utc
2026-05-24T16:08:25Z,2026-05-24T18:08:25+0200,8c5f6830-b44b-449b-bdab-a1b130ad33e1,2026-04-23T16:15:00Z,2026-04-23T18:15:00+0200,5249.27,MW,DE,DE_LU,forecast_offshore_wind_generation,Wind Offshore,2026-05-24T16:09:31Z
2026-05-24T16:08:25Z,2026-05-24T18:08:25+0200,8c5f6830-b44b-449b-bdab-a1b130ad33e1,2026-04-23T16:30:00Z,2026-04-23T18:30:00+0200,5306.8,MW,DE,DE_LU,forecast_offshore_wind_generation,Wind Offshore,2026-05-24T16:09:31Z
2026-05-24T16:08:25Z,2026-05-24T18:08:25+0200,8c5f6830-b44b-449b-bdab-a1b130ad33e1,2026-04-23T16:45:00Z,2026-04-23T18:45:00+0200,5474.35,MW,DE,DE_LU,forecast_offshore_wind_generation,Wind Offshore,2026-05-24T16:09:31Z
2026-05-24T16:08:25Z,2026-05-24T18:08:25+0200,8c5f6830-b44b-449b-bdab-a1b130ad33e1,2026-04-23T17:00:00Z,2026-04-23T19:00:00+0200,5521.88,MW,DE,DE_LU,forecast_offshore_wind_generation,Wind Offshore,2026-05-24T16:09:31Z
2026-05-24T16:08:25Z,2026-05-24T18:08:25+0200,8c5f6830-b44b-449b-bdab-a1b130ad33e1,2026-04-23T17:15:00Z,2026-04-23T19:15:00+0200,5558.17,MW,DE,DE_LU,forecast_offshore_wind_generation,Wind Offshore,2026-05-24T16:09:31Z
2026-05-24T16:08:25Z,2026-05-24T18:08:25+0200,8c5f6830-b44b-449b-bdab-a1b130ad33e1,2026-04-23T17:30:00Z,2026-04-23T19:30:00+0200,5585.2,MW,DE,DE_LU,forecast_offshore_wind_generation,Wind Offshore,2026-05-24T16:09:31Z
2026-05-24T16:08:25Z,2026-05-24T18:08:25+0200,8c5f6830-b44b-449b-bdab-a1b130ad33e1,2026-04-23T17:45:00Z,2026-04-23T19:45:00+0200,5616.16,MW,DE,DE_LU,forecast_offshore_wind_generation,Wind Offshore,2026-05-24T16:09:31Z
2026-05-24T16:08:25Z,2026-05-24T18:08:25+0200,8c5f6830-b44b-449b-bdab-a1b130ad33e1,2026-04-23T18:00:00Z,2026-04-23T20:00:00+0200,5706.2,MW,DE,DE_LU,forecast_offshore_wind_generation,Wind Offshore,2026-05-24T16:09:31Z
2026-05-24T16:08:25Z,2026-05-24T18:08:25+0200,8c5f6830-b44b-449b-bdab-a1b130ad33e1,2026-04-23T18:15:00Z,2026-04-23T20:15:00+0200,5674.83,MW,DE,DE_LU,forecast_offshore_wind_generation,Wind Offshore,2026-05-24T16:09:31Z
2026-05-24T16:08:25Z,2026-05-24T18:08:25+0200,8c5f6830-b44b-449b-bdab-a1b130ad33e1,2026-04-23T18:30:00Z,2026-04-23T20:30:00+0200,5639.83,MW,DE,DE_LU,forecast_offshore_wind_generation,Wind Offshore,2026-05-24T16:09:31Z
2026-05-24T16:08:25Z,2026-05-24T18:08:25+0200,8c5f6830-b44b-449b-bdab-a1b130ad33e1,2026-04-23T18:45:00Z,2026-04-23T20:45:00+0200,5601.78,MW,DE,DE_LU,forecast_offshore_wind_generation,Wind Offshore,2026-05-24T16:09:31Z
2026-05-24T16:08:25Z,2026-05-24T18:08:25+0200,8c5f6830-b44b-449b-bdab-a1b130ad33e1,2026-04-23T19:00:00Z,2026-04-23T21:00:00+0200,5557.27,MW,DE,DE_LU,forecast_offshore_wind_generation,Wind Offshore,2026-05-24T16:09:31Z
2026-05-24T16:08:25Z,2026-05-24T18:08:25+0200,8c5f6830-b44b-449b-bdab-a1b130ad33e1,2026-04-23T19:15:00Z,2026-04-23T21:15:00+0200,5527.04,MW,DE,DE_LU,forecast_offshore_wind_generation,Wind Offshore,2026-05-24T16:09:31Z
2026-05-24T16:08:25Z,2026-05-24T18:08:25+0200,8c5f6830-b44b-449b-bdab-a1b130ad33e1,2026-04-23T19:30:00Z,2026-04-23T21:30:00+0200,5496.8,MW,DE,DE_LU,forecast_offshore_wind_generation,Wind Offshore,2026-05-24T16:09:31Z
2026-05-24T16:08:25Z,2026-05-24T18:08:25+0200,8c5f6830-b44b-449b-bdab-a1b130ad33e1,2026-04-23T19:45:00Z,2026-04-23T21:45:00+0200,5468.8,MW,DE,DE_LU,forecast_offshore_wind_generation,Wind Offshore,2026-05-24T16:09:31Z
2026-05-24T16:08:25Z,2026-05-24T18:08:25+0200,8c5f6830-b44b-449b-bdab-a1b130ad33e1,2026-04-23T20:00:00Z,2026-04-23T22:00:00+0200,5450.9,MW,DE,DE_LU,forecast_offshore_wind_generation,Wind Offshore,2026-05-24T16:09:31Z
2026-05-24T16:08:25Z,2026-05-24T18:08:25+0200,8c5f6830-b44b-449b-bdab-a1b130ad33e1,2026-04-23T20:15:00Z,2026-04-23T22:15:00+0200,5433.82,MW,DE,DE_LU,forecast_offshore_wind_generation,Wind Offshore,2026-05-24T16:09:31Z
2026-05-24T16:08:25Z,2026-05-24T18:08:25+0200,8c5f6830-b44b-449b-bdab-a1b130ad33e1,2026-04-23T20:30:00Z,2026-04-23T22:30:00+0200,5412.77,MW,DE,DE_LU,forecast_offshore_wind_generation,Wind Offshore,2026-05-24T16:09:31Z
2026-05-24T16:08:25Z,2026-05-24T18:08:25+0200,8c5f6830-b44b-449b-bdab-a1b130ad33e1,2026-04-23T20:45:00Z,2026-04-23T22:45:00+0200,5397.33,MW,DE,DE_LU,forecast_offshore_wind_generation,Wind Offshore,2026-05-24T16:09:31Z
2026-05-24T16:08:25Z,2026-05-24T18:08:25+0200,8c5f6830-b44b-449b-bdab-a1b130ad33e1,2026-04-23T21:00:00Z,2026-04-23T23:00:00+0200,5375.34,MW,DE,DE_LU,forecast_offshore_wind_generation,Wind Offshore,2026-05-24T16:09:31Z
2026-05-24T16:08:25Z,2026-05-24T18:08:25+0200,8c5f6830-b44b-449b-bdab-a1b130ad33e1,2026-04-23T21:15:00Z,2026-04-23T23:15:00+0200,5355.98,MW,DE,DE_LU,forecast_offshore_wind_generation,Wind Offshore,2026-05-24T16:09:31Z
2026-05-24T16:08:25Z,2026-05-24T18:08:25+0200,8c5f6830-b44b-449b-bdab-a1b130ad33e1,2026-04-23T21:30:00Z,2026-04-23T23:30:00+0200,5333.63,MW,DE,DE_LU,forecast_offshore_wind_generation,Wind Offshore,2026-05-24T16:09:31Z
2026-05-24T16:08:25Z,2026-05-24T18:08:25+0200,8c5f6830-b44b-449b-bdab-a1b130ad33e1,2026-04-23T21:45:00Z,2026-04-23T23:45:00+0200,5312.48,MW,DE,DE_LU,forecast_offshore_wind_generation,Wind Offshore,2026-05-24T16:09:31Z
2026-05-24T16:08:25Z,2026-05-24T18:08:25+0200,8c5f6830-b44b-449b-bdab-a1b130ad33e1,2026-04-23T22:00:00Z,2026-04-24T00:00:00+0200,4824.81,MW,DE,DE_LU,forecast_offshore_wind_generation,Wind Offshore,2026-05-24T16:09:31Z
2026-05-24T16:08:25Z,2026-05-24T18:08:25+0200,8c5f6830-b44b-449b-bdab-a1b130ad33e1,2026-04-23T22:15:00Z,2026-04-24T00:15:00+0200,4858.45,MW,DE,DE_LU,forecast_offshore_wind_generation,Wind Offshore,2026-05-24T16:09:31Z
2026-05-24T16:08:25Z,2026-05-24T18:08:25+0200,8c5f6830-b44b-449b-bdab-a1b130ad33e1,2026-04-23T22:30:00Z,2026-04-24T00:30:00+0200,4884.12,MW,DE,DE_LU,forecast_offshore_wind_generation,Wind Offshore,2026-05-24T16:09:31Z
2026-05-24T16:08:25Z,2026-05-24T18:08:25+0200,8c5f6830-b44b-449b-bdab-a1b130ad33e1,2026-04-23T22:45:00Z,2026-04-24T00:45:00+0200,4911.89,MW,DE,DE_LU,forecast_offshore_wind_generation,Wind Offshore,2026-05-24T16:09:31Z
2026-05-24T16:08:25Z,2026-05-24T18:08:25+0200,8c5f6830-b44b-449b-bdab-a1b130ad33e1,2026-04-23T23:00:00Z,2026-04-24T01:00:00+0200,4946.69,MW,DE,DE_LU,forecast_offshore_wind_generation,Wind Offshore,2026-05-24T16:09:31Z
2026-05-24T16:08:25Z,2026-05-24T18:08:25+0200,8c5f6830-b44b-449b-bdab-a1b130ad33e1,2026-04-23T23:15:00Z,2026-04-24T01:15:00+0200,4976.73,MW,DE,DE_LU,forecast_offshore_wind_generation,Wind Offshore,2026-05-24T16:09:31Z
2026-05-24T16:08:25Z,2026-05-24T18:08:25+0200,8c5f6830-b44b-449b-bdab-a1b130ad33e1,2026-04-23T23:30:00Z,2026-04-24T01:30:00+0200,5021.84,MW,DE,DE_LU,forecast_offshore_wind_generation,Wind Offshore,2026-05-24T16:09:31Z
2026-05-24T16:08:25Z,2026-05-24T18:08:25+0200,8c5f6830-b44b-449b-bdab-a1b130ad33e1,2026-04-23T23:45:00Z,2026-04-24T01:45:00+0200,5051.08,MW,DE,DE_LU,forecast_offshore_wind_generation,Wind Offshore,2026-05-24T16:09:31Z
2026-05-24T16:08:25Z,2026-05-24T18:08:25+0200,8c5f6830-b44b-449b-bdab-a1b130ad33e1,2026-04-24T00:00:00Z,2026-04-24T02:00:00+0200,5071.73,MW,DE,DE_LU,forecast_offshore_wind_generation,Wind Offshore,2026-05-24T16:09:31Z
2026-05-24T16:08:25Z,2026-05-24T18:08:25+0200,8c5f6830-b44b-449b-bdab-a1b130ad33e1,2026-04-24T00:15:00Z,2026-04-24T02:15:00+0200,5093.38,MW,DE,DE_LU,forecast_offshore_wind_generation,Wind Offshore,2026-05-24T16:09:31Z
2026-05-24T16:08:25Z,2026-05-24T18:08:25+0200,8c5f6830-b44b-449b-bdab-a1b130ad33e1,2026-04-24T00:30:00Z,2026-04-24T02:30:00+0200,5114.1,MW,DE,DE_LU,forecast_offshore_wind_generation,Wind Offshore,2026-05-24T16:09:31Z
2026-05-24T16:08:25Z,2026-05-24T18:08:25+0200,8c5f6830-b44b-449b-bdab-a1b130ad33e1,2026-04-24T00:45:00Z,2026-04-24T02:45:00+0200,5137.08,MW,DE,DE_LU,forecast_offshore_wind_generation,Wind Offshore,2026-05-24T16:09:31Z
2026-05-24T16:08:25Z,2026-05-24T18:08:25+0200,8c5f6830-b44b-449b-bdab-a1b130ad33e1,2026-04-24T01:00:00Z,2026-04-24T03:00:00+0200,5153.8,MW,DE,DE_LU,forecast_offshore_wind_generation,Wind Offshore,2026-05-24T16:09:31Z
2026-05-24T16:08:25Z,2026-05-24T18:08:25+0200,8c5f6830-b44b-449b-bdab-a1b130ad33e1,2026-04-24T01:15:00Z,2026-04-24T03:15:00+0200,5163.19,MW,DE,DE_LU,forecast_offshore_wind_generation,Wind Offshore,2026-05-24T16:09:31Z
2026-05-24T16:08:25Z,2026-05-24T18:08:25+0200,8c5f6830-b44b-449b-bdab-a1b130ad33e1,2026-04-24T01:30:00Z,2026-04-24T03:30:00+0200,5165.59,MW,DE,DE_LU,forecast_offshore_wind_generation,Wind Offshore,2026-05-24T16:09:31Z
2026-05-24T16:08:25Z,2026-05-24T18:08:25+0200,8c5f6830-b44b-449b-bdab-a1b130ad33e1,2026-04-24T01:45:00Z,2026-04-24T03:45:00+0200,5173.13,MW,DE,DE_LU,forecast_offshore_wind_generation,Wind Offshore,2026-05-24T16:09:31Z
2026-05-24T16:08:25Z,2026-05-24T18:08:25+0200,8c5f6830-b44b-449b-bdab-a1b130ad33e1,2026-04-24T02:00:00Z,2026-04-24T04:00:00+0200,5180.83,MW,DE,DE_LU,forecast_offshore_wind_generation,Wind Offshore,2026-05-24T16:09:31Z
2026-05-24T16:08:25Z,2026-05-24T18:08:25+0200,8c5f6830-b44b-449b-bdab-a1b130ad33e1,2026-04-24T02:15:00Z,2026-04-24T04:15:00+0200,5207.19,MW,DE,DE_LU,forecast_offshore_wind_generation,Wind Offshore,2026-05-24T16:09:31Z
2026-05-24T16:08:25Z,2026-05-24T18:08:25+0200,8c5f6830-b44b-449b-bdab-a1b130ad33e1,2026-04-24T02:30:00Z,2026-04-24T04:30:00+0200,5232.53,MW,DE,DE_LU,forecast_offshore_wind_generation,Wind Offshore,2026-05-24T16:09:31Z
2026-05-24T16:08:25Z,2026-05-24T18:08:25+0200,8c5f6830-b44b-449b-bdab-a1b130ad33e1,2026-04-24T02:45:00Z,2026-04-24T04:45:00+0200,5261.91,MW,DE,DE_LU,forecast_offshore_wind_generation,Wind Offshore,2026-05-24T16:09:31Z
2026-05-24T16:08:25Z,2026-05-24T18:08:25+0200,8c5f6830-b44b-449b-bdab-a1b130ad33e1,2026-04-24T03:00:00Z,2026-04-24T05:00:00+0200,5309.33,MW,DE,DE_LU,forecast_offshore_wind_generation,Wind Offshore,2026-05-24T16:09:31Z
2026-05-24T16:08:25Z,2026-05-24T18:08:25+0200,8c5f6830-b44b-449b-bdab-a1b130ad33e1,2026-04-24T03:15:00Z,2026-04-24T05:15:00+0200,5322.64,MW,DE,DE_LU,forecast_offshore_wind_generation,Wind Offshore,2026-05-24T16:09:31Z
2026-05-24T16:08:25Z,2026-05-24T18:08:25+0200,8c5f6830-b44b-449b-bdab-a1b130ad33e1,2026-04-24T03:30:00Z,2026-04-24T05:30:00+0200,5340.97,MW,DE,DE_LU,forecast_offshore_wind_generation,Wind Offshore,2026-05-24T16:09:31Z
2026-05-24T16:08:25Z,2026-05-24T18:08:25+0200,8c5f6830-b44b-449b-bdab-a1b130ad33e1,2026-04-24T03:45:00Z,2026-04-24T05:45:00+0200,5349.29,MW,DE,DE_LU,forecast_offshore_wind_generation,Wind Offshore,2026-05-24T16:09:31Z
2026-05-24T16:08:25Z,2026-05-24T18:08:25+0200,8c5f6830-b44b-449b-bdab-a1b130ad33e1,2026-04-24T04:00:00Z,2026-04-24T06:00:00+0200,5366.57,MW,DE,DE_LU,forecast_offshore_wind_generation,Wind Offshore,2026-05-24T16:09:31Z
2026-05-24T16:08:25Z,2026-05-24T18:08:25+0200,8c5f6830-b44b-449b-bdab-a1b130ad33e1,2026-04-24T04:15:00Z,2026-04-24T06:15:00+0200,5361.15,MW,DE,DE_LU,forecast_offshore_wind_generation,Wind Offshore,2026-05-24T16:09:31Z
2026-05-24T16:08:25Z,2026-05-24T18:08:25+0200,8c5f6830-b44b-449b-bdab-a1b130ad33e1,2026-04-24T04:30:00Z,2026-04-24T06:30:00+0200,5355.87,MW,DE,DE_LU,forecast_offshore_wind_generation,Wind Offshore,2026-05-24T16:09:31Z
2026-05-24T16:08:25Z,2026-05-24T18:08:25+0200,8c5f6830-b44b-449b-bdab-a1b130ad33e1,2026-04-24T04:45:00Z,2026-04-24T06:45:00+0200,5356.78,MW,DE,DE_LU,forecast_offshore_wind_generation,Wind Offshore,2026-05-24T16:09:31Z
2026-05-24T16:08:25Z,2026-05-24T18:08:25+0200,8c5f6830-b44b-449b-bdab-a1b130ad33e1,2026-04-24T05:00:00Z,2026-04-24T07:00:00+0200,5342.8,MW,DE,DE_LU,forecast_offshore_wind_generation,Wind Offshore,2026-05-24T16:09:31Z
2026-05-24T16:08:25Z,2026-05-24T18:08:25+0200,8c5f6830-b44b-449b-bdab-a1b130ad33e1,2026-04-24T05:15:00Z,2026-04-24T07:15:00+0200,5314.66,MW,DE,DE_LU,forecast_offshore_wind_generation,Wind Offshore,2026-05-24T16:09:31Z
2026-05-24T16:08:25Z,2026-05-24T18:08:25+0200,8c5f6830-b44b-449b-bdab-a1b130ad33e1,2026-04-24T05:30:00Z,2026-04-24T07:30:00+0200,5291.67,MW,DE,DE_LU,forecast_offshore_wind_generation,Wind Offshore,2026-05-24T16:09:31Z
2026-05-24T16:08:25Z,2026-05-24T18:08:25+0200,8c5f6830-b44b-449b-bdab-a1b130ad33e1,2026-04-24T05:45:00Z,2026-04-24T07:45:00+0200,5262.46,MW,DE,DE_LU,forecast_offshore_wind_generation,Wind Offshore,2026-05-24T16:09:31Z
2026-05-24T16:08:25Z,2026-05-24T18:08:25+0200,8c5f6830-b44b-449b-bdab-a1b130ad33e1,2026-04-24T06:00:00Z,2026-04-24T08:00:00+0200,5226.56,MW,DE,DE_LU,forecast_offshore_wind_generation,Wind Offshore,2026-05-24T16:09:31Z
2026-05-24T16:08:25Z,2026-05-24T18:08:25+0200,8c5f6830-b44b-449b-bdab-a1b130ad33e1,2026-04-24T06:15:00Z,2026-04-24T08:15:00+0200,5181.99,MW,DE,DE_LU,forecast_offshore_wind_generation,Wind Offshore,2026-05-24T16:09:31Z
2026-05-24T16:08:25Z,2026-05-24T18:08:25+0200,8c5f6830-b44b-449b-bdab-a1b130ad33e1,2026-04-24T06:30:00Z,2026-04-24T08:30:00+0200,5122.46,MW,DE,DE_LU,forecast_offshore_wind_generation,Wind Offshore,2026-05-24T16:09:31Z
2026-05-24T16:08:25Z,2026-05-24T18:08:25+0200,8c5f6830-b44b-449b-bdab-a1b130ad33e1,2026-04-24T06:45:00Z,2026-04-24T08:45:00+0200,5068.0,MW,DE,DE_LU,forecast_offshore_wind_generation,Wind Offshore,2026-05-24T16:09:31Z
2026-05-24T16:08:25Z,2026-05-24T18:08:25+0200,8c5f6830-b44b-449b-bdab-a1b130ad33e1,2026-04-24T07:00:00Z,2026-04-24T09:00:00+0200,5017.52,MW,DE,DE_LU,forecast_offshore_wind_generation,Wind Offshore,2026-05-24T16:09:31Z
2026-05-24T16:08:25Z,2026-05-24T18:08:25+0200,8c5f6830-b44b-449b-bdab-a1b130ad33e1,2026-04-24T07:15:00Z,2026-04-24T09:15:00+0200,4965.58,MW,DE,DE_LU,forecast_offshore_wind_generation,Wind Offshore,2026-05-24T16:09:31Z
2026-05-24T16:08:25Z,2026-05-24T18:08:25+0200,8c5f6830-b44b-449b-bdab-a1b130ad33e1,2026-04-24T07:30:00Z,2026-04-24T09:30:00+0200,4910.76,MW,DE,DE_LU,forecast_offshore_wind_generation,Wind Offshore,2026-05-24T16:09:31Z
2026-05-24T16:08:25Z,2026-05-24T18:08:25+0200,8c5f6830-b44b-449b-bdab-a1b130ad33e1,2026-04-24T07:45:00Z,2026-04-24T09:45:00+0200,4781.1,MW,DE,DE_LU,forecast_offshore_wind_generation,Wind Offshore,2026-05-24T16:09:31Z
2026-05-24T16:08:25Z,2026-05-24T18:08:25+0200,8c5f6830-b44b-449b-bdab-a1b130ad33e1,2026-04-24T08:00:00Z,2026-04-24T10:00:00+0200,4737.04,MW,DE,DE_LU,forecast_offshore_wind_generation,Wind Offshore,2026-05-24T16:09:31Z
2026-05-24T16:08:25Z,2026-05-24T18:08:25+0200,8c5f6830-b44b-449b-bdab-a1b130ad33e1,2026-04-24T08:15:00Z,2026-04-24T10:15:00+0200,4691.3,MW,DE,DE_LU,forecast_offshore_wind_generation,Wind Offshore,2026-05-24T16:09:31Z
2026-05-24T16:08:25Z,2026-05-24T18:08:25+0200,8c5f6830-b44b-449b-bdab-a1b130ad33e1,2026-04-24T08:30:00Z,2026-04-24T10:30:00+0200,4579.51,MW,DE,DE_LU,forecast_offshore_wind_generation,Wind Offshore,2026-05-24T16:09:31Z
2026-05-24T16:08:25Z,2026-05-24T18:08:25+0200,8c5f6830-b44b-449b-bdab-a1b130ad33e1,2026-04-24T08:45:00Z,2026-04-24T10:45:00+0200,4542.73,MW,DE,DE_LU,forecast_offshore_wind_generation,Wind Offshore,2026-05-24T16:09:31Z
2026-05-24T16:08:25Z,2026-05-24T18:08:25+0200,8c5f6830-b44b-449b-bdab-a1b130ad33e1,2026-04-24T09:00:00Z,2026-04-24T11:00:00+0200,2311.81,MW,DE,DE_LU,forecast_offshore_wind_generation,Wind Offshore,2026-05-24T16:09:31Z
2026-05-24T16:08:25Z,2026-05-24T18:08:25+0200,8c5f6830-b44b-449b-bdab-a1b130ad33e1,2026-04-24T09:15:00Z,2026-04-24T11:15:00+0200,2295.85,MW,DE,DE_LU,forecast_offshore_wind_generation,Wind Offshore,2026-05-24T16:09:31Z
2026-05-24T16:08:25Z,2026-05-24T18:08:25+0200,8c5f6830-b44b-449b-bdab-a1b130ad33e1,2026-04-24T09:30:00Z,2026-04-24T11:30:00+0200,2280.02,MW,DE,DE_LU,forecast_offshore_wind_generation,Wind Offshore,2026-05-24T16:09:31Z
2026-05-24T16:08:25Z,2026-05-24T18:08:25+0200,8c5f6830-b44b-449b-bdab-a1b130ad33e1,2026-04-24T09:45:00Z,2026-04-24T11:45:00+0200,2197.3,MW,DE,DE_LU,forecast_offshore_wind_generation,Wind Offshore,2026-05-24T16:09:31Z
2026-05-24T16:08:25Z,2026-05-24T18:08:25+0200,8c5f6830-b44b-449b-bdab-a1b130ad33e1,2026-04-24T10:00:00Z,2026-04-24T12:00:00+0200,2188.87,MW,DE,DE_LU,forecast_offshore_wind_generation,Wind Offshore,2026-05-24T16:09:31Z
2026-05-24T16:08:25Z,2026-05-24T18:08:25+0200,8c5f6830-b44b-449b-bdab-a1b130ad33e1,2026-04-24T10:15:00Z,2026-04-24T12:15:00+0200,2179.81,MW,DE,DE_LU,forecast_offshore_wind_generation,Wind Offshore,2026-05-24T16:09:31Z
2026-05-24T16:08:25Z,2026-05-24T18:08:25+0200,8c5f6830-b44b-449b-bdab-a1b130ad33e1,2026-04-24T10:30:00Z,2026-04-24T12:30:00+0200,2170.74,MW,DE,DE_LU,forecast_offshore_wind_generation,Wind Offshore,2026-05-24T16:09:31Z
2026-05-24T16:08:25Z,2026-05-24T18:08:25+0200,8c5f6830-b44b-449b-bdab-a1b130ad33e1,2026-04-24T10:45:00Z,2026-04-24T12:45:00+0200,2162.7,MW,DE,DE_LU,forecast_offshore_wind_generation,Wind Offshore,2026-05-24T16:09:31Z
2026-05-24T16:08:25Z,2026-05-24T18:08:25+0200,8c5f6830-b44b-449b-bdab-a1b130ad33e1,2026-04-24T11:00:00Z,2026-04-24T13:00:00+0200,2164.05,MW,DE,DE_LU,forecast_offshore_wind_generation,Wind Offshore,2026-05-24T16:09:31Z
2026-05-24T16:08:25Z,2026-05-24T18:08:25+0200,8c5f6830-b44b-449b-bdab-a1b130ad33e1,2026-04-24T11:15:00Z,2026-04-24T13:15:00+0200,2175.61,MW,DE,DE_LU,forecast_offshore_wind_generation,Wind Offshore,2026-05-24T16:09:31Z
2026-05-24T16:08:25Z,2026-05-24T18:08:25+0200,8c5f6830-b44b-449b-bdab-a1b130ad33e1,2026-04-24T11:30:00Z,2026-04-24T13:30:00+0200,2190.25,MW,DE,DE_LU,forecast_offshore_wind_generation,Wind Offshore,2026-05-24T16:09:31Z
2026-05-24T16:08:25Z,2026-05-24T18:08:25+0200,8c5f6830-b44b-449b-bdab-a1b130ad33e1,2026-04-24T11:45:00Z,2026-04-24T13:45:00+0200,2202.9,MW,DE,DE_LU,forecast_offshore_wind_generation,Wind Offshore,2026-05-24T16:09:31Z
2026-05-24T16:08:25Z,2026-05-24T18:08:25+0200,8c5f6830-b44b-449b-bdab-a1b130ad33e1,2026-04-24T12:00:00Z,2026-04-24T14:00:00+0200,2221.16,MW,DE,DE_LU,forecast_offshore_wind_generation,Wind Offshore,2026-05-24T16:09:31Z
2026-05-24T16:08:25Z,2026-05-24T18:08:25+0200,8c5f6830-b44b-449b-bdab-a1b130ad33e1,2026-04-24T12:15:00Z,2026-04-24T14:15:00+0200,2237.41,MW,DE,DE_LU,forecast_offshore_wind_generation,Wind Offshore,2026-05-24T16:09:31Z
2026-05-24T16:08:25Z,2026-05-24T18:08:25+0200,8c5f6830-b44b-449b-bdab-a1b130ad33e1,2026-04-24T12:30:00Z,2026-04-24T14:30:00+0200,2252.67,MW,DE,DE_LU,forecast_offshore_wind_generation,Wind Offshore,2026-05-24T16:09:31Z
2026-05-24T16:08:25Z,2026-05-24T18:08:25+0200,8c5f6830-b44b-449b-bdab-a1b130ad33e1,2026-04-24T12:45:00Z,2026-04-24T14:45:00+0200,2266.9,MW,DE,DE_LU,forecast_offshore_wind_generation,Wind Offshore,2026-05-24T16:09:31Z
2026-05-24T16:08:25Z,2026-05-24T18:08:25+0200,8c5f6830-b44b-449b-bdab-a1b130ad33e1,2026-04-24T13:00:00Z,2026-04-24T15:00:00+0200,2283.57,MW,DE,DE_LU,forecast_offshore_wind_generation,Wind Offshore,2026-05-24T16:09:31Z
2026-05-24T16:08:25Z,2026-05-24T18:08:25+0200,8c5f6830-b44b-449b-bdab-a1b130ad33e1,2026-04-24T13:15:00Z,2026-04-24T15:15:00+0200,2298.13,MW,DE,DE_LU,forecast_offshore_wind_generation,Wind Offshore,2026-05-24T16:09:31Z
2026-05-24T16:08:25Z,2026-05-24T18:08:25+0200,8c5f6830-b44b-449b-bdab-a1b130ad33e1,2026-04-24T13:30:00Z,2026-04-24T15:30:00+0200,2311.73,MW,DE,DE_LU,forecast_offshore_wind_generation,Wind Offshore,2026-05-24T16:09:31Z
2026-05-24T16:08:25Z,2026-05-24T18:08:25+0200,8c5f6830-b44b-449b-bdab-a1b130ad33e1,2026-04-24T13:45:00Z,2026-04-24T15:45:00+0200,2325.33,MW,DE,DE_LU,forecast_offshore_wind_generation,Wind Offshore,2026-05-24T16:09:31Z
2026-05-24T16:08:25Z,2026-05-24T18:08:25+0200,8c5f6830-b44b-449b-bdab-a1b130ad33e1,2026-04-24T14:00:00Z,2026-04-24T16:00:00+0200,2342.86,MW,DE,DE_LU,forecast_offshore_wind_generation,Wind Offshore,2026-05-24T16:09:31Z
2026-05-24T16:08:25Z,2026-05-24T18:08:25+0200,8c5f6830-b44b-449b-bdab-a1b130ad33e1,2026-04-24T14:15:00Z,2026-04-24T16:15:00+0200,2329.87,MW,DE,DE_LU,forecast_offshore_wind_generation,Wind Offshore,2026-05-24T16:09:31Z
2026-05-24T16:08:25Z,2026-05-24T18:08:25+0200,8c5f6830-b44b-449b-bdab-a1b130ad33e1,2026-04-24T14:30:00Z,2026-04-24T16:30:00+0200,2344.92,MW,DE,DE_LU,forecast_offshore_wind_generation,Wind Offshore,2026-05-24T16:09:31Z
2026-05-24T16:08:25Z,2026-05-24T18:08:25+0200,8c5f6830-b44b-449b-bdab-a1b130ad33e1,2026-04-24T14:45:00Z,2026-04-24T16:45:00+0200,2363.65,MW,DE,DE_LU,forecast_offshore_wind_generation,Wind Offshore,2026-05-24T16:09:31Z
2026-05-24T16:08:25Z,2026-05-24T18:08:25+0200,8c5f6830-b44b-449b-bdab-a1b130ad33e1,2026-04-24T15:00:00Z,2026-04-24T17:00:00+0200,4227.46,MW,DE,DE_LU,forecast_offshore_wind_generation,Wind Offshore,2026-05-24T16:09:31Z
2026-05-24T16:08:25Z,2026-05-24T18:08:25+0200,8c5f6830-b44b-449b-bdab-a1b130ad33e1,2026-04-24T15:15:00Z,2026-04-24T17:15:00+0200,4233.72,MW,DE,DE_LU,forecast_offshore_wind_generation,Wind Offshore,2026-05-24T16:09:31Z
2026-05-24T16:08:25Z,2026-05-24T18:08:25+0200,8c5f6830-b44b-449b-bdab-a1b130ad33e1,2026-04-24T15:30:00Z,2026-04-24T17:30:00+0200,4239.87,MW,DE,DE_LU,forecast_offshore_wind_generation,Wind Offshore,2026-05-24T16:09:31Z
2026-05-24T16:08:25Z,2026-05-24T18:08:25+0200,8c5f6830-b44b-449b-bdab-a1b130ad33e1,2026-04-24T15:45:00Z,2026-04-24T17:45:00+0200,4246.23,MW,DE,DE_LU,forecast_offshore_wind_generation,Wind Offshore,2026-05-24T16:09:31Z
2026-05-24T16:08:25Z,2026-05-24T18:08:25+0200,8c5f6830-b44b-449b-bdab-a1b130ad33e1,2026-04-24T16:00:00Z,2026-04-24T18:00:00+0200,4242.11,MW,DE,DE_LU,forecast_offshore_wind_generation,Wind Offshore,2026-05-24T16:09:31Z
2026-05-24T16:08:25Z,2026-05-24T18:08:25+0200,8c5f6830-b44b-449b-bdab-a1b130ad33e1,2026-04-24T16:15:00Z,2026-04-24T18:15:00+0200,4242.32,MW,DE,DE_LU,forecast_offshore_wind_generation,Wind Offshore,2026-05-24T16:09:31Z
2026-05-24T16:08:25Z,2026-05-24T18:08:25+0200,8c5f6830-b44b-449b-bdab-a1b130ad33e1,2026-04-24T16:30:00Z,2026-04-24T18:30:00+0200,4289.5,MW,DE,DE_LU,forecast_offshore_wind_generation,Wind Offshore,2026-05-24T16:09:31Z
2026-05-24T16:08:25Z,2026-05-24T18:08:25+0200,8c5f6830-b44b-449b-bdab-a1b130ad33e1,2026-04-24T16:45:00Z,2026-04-24T18:45:00+0200,4278.51,MW,DE,DE_LU,forecast_offshore_wind_generation,Wind Offshore,2026-05-24T16:09:31Z
2026-05-24T16:08:25Z,2026-05-24T18:08:25+0200,8c5f6830-b44b-449b-bdab-a1b130ad33e1,2026-04-24T17:00:00Z,2026-04-24T19:00:00+0200,4318.14,MW,DE,DE_LU,forecast_offshore_wind_generation,Wind Offshore,2026-05-24T16:09:31Z
2026-05-24T16:08:25Z,2026-05-24T18:08:25+0200,8c5f6830-b44b-449b-bdab-a1b130ad33e1,2026-04-24T17:15:00Z,2026-04-24T19:15:00+0200,4301.54,MW,DE,DE_LU,forecast_offshore_wind_generation,Wind Offshore,2026-05-24T16:09:31Z
2026-05-24T16:08:25Z,2026-05-24T18:08:25+0200,8c5f6830-b44b-449b-bdab-a1b130ad33e1,2026-04-24T17:30:00Z,2026-04-24T19:30:00+0200,4274.95,MW,DE,DE_LU,forecast_offshore_wind_generation,Wind Offshore,2026-05-24T16:09:31Z
2026-05-24T16:08:25Z,2026-05-24T18:08:25+0200,8c5f6830-b44b-449b-bdab-a1b130ad33e1,2026-04-24T17:45:00Z,2026-04-24T19:45:00+0200,4250.64,MW,DE,DE_LU,forecast_offshore_wind_generation,Wind Offshore,2026-05-24T16:09:31Z
2026-05-24T16:08:25Z,2026-05-24T18:08:25+0200,8c5f6830-b44b-449b-bdab-a1b130ad33e1,2026-04-24T18:00:00Z,2026-04-24T20:00:00+0200,4214.75,MW,DE,DE_LU,forecast_offshore_wind_generation,Wind Offshore,2026-05-24T16:09:31Z
2026-05-24T16:08:25Z,2026-05-24T18:08:25+0200,8c5f6830-b44b-449b-bdab-a1b130ad33e1,2026-04-24T18:15:00Z,2026-04-24T20:15:00+0200,4178.33,MW,DE,DE_LU,forecast_offshore_wind_generation,Wind Offshore,2026-05-24T16:09:31Z
2026-05-24T16:08:25Z,2026-05-24T18:08:25+0200,8c5f6830-b44b-449b-bdab-a1b130ad33e1,2026-04-24T18:30:00Z,2026-04-24T20:30:00+0200,4142.68,MW,DE,DE_LU,forecast_offshore_wind_generation,Wind Offshore,2026-05-24T16:09:31Z
2026-05-24T16:08:25Z,2026-05-24T18:08:25+0200,8c5f6830-b44b-449b-bdab-a1b130ad33e1,2026-04-24T18:45:00Z,2026-04-24T20:45:00+0200,4099.17,MW,DE,DE_LU,forecast_offshore_wind_generation,Wind Offshore,2026-05-24T16:09:31Z
2026-05-24T16:08:25Z,2026-05-24T18:08:25+0200,8c5f6830-b44b-449b-bdab-a1b130ad33e1,2026-04-24T19:00:00Z,2026-04-24T21:00:00+0200,4087.34,MW,DE,DE_LU,forecast_offshore_wind_generation,Wind Offshore,2026-05-24T16:09:31Z
2026-05-24T16:08:25Z,2026-05-24T18:08:25+0200,8c5f6830-b44b-449b-bdab-a1b130ad33e1,2026-04-24T19:15:00Z,2026-04-24T21:15:00+0200,4059.5,MW,DE,DE_LU,forecast_offshore_wind_generation,Wind Offshore,2026-05-24T16:09:31Z
2026-05-24T16:08:25Z,2026-05-24T18:08:25+0200,8c5f6830-b44b-449b-bdab-a1b130ad33e1,2026-04-24T19:30:00Z,2026-04-24T21:30:00+0200,4039.68,MW,DE,DE_LU,forecast_offshore_wind_generation,Wind Offshore,2026-05-24T16:09:31Z
2026-05-24T16:08:25Z,2026-05-24T18:08:25+0200,8c5f6830-b44b-449b-bdab-a1b130ad33e1,2026-04-24T19:45:00Z,2026-04-24T21:45:00+0200,4007.81,MW,DE,DE_LU,forecast_offshore_wind_generation,Wind Offshore,2026-05-24T16:09:31Z
2026-05-24T16:08:25Z,2026-05-24T18:08:25+0200,8c5f6830-b44b-449b-bdab-a1b130ad33e1,2026-04-24T20:00:00Z,2026-04-24T22:00:00+0200,4002.72,MW,DE,DE_LU,forecast_offshore_wind_generation,Wind Offshore,2026-05-24T16:09:31Z
2026-05-24T16:08:25Z,2026-05-24T18:08:25+0200,8c5f6830-b44b-449b-bdab-a1b130ad33e1,2026-04-24T20:15:00Z,2026-04-24T22:15:00+0200,4020.7,MW,DE,DE_LU,forecast_offshore_wind_generation,Wind Offshore,2026-05-24T16:09:31Z
2026-05-24T16:08:25Z,2026-05-24T18:08:25+0200,8c5f6830-b44b-449b-bdab-a1b130ad33e1,2026-04-24T20:30:00Z,2026-04-24T22:30:00+0200,4032.66,MW,DE,DE_LU,forecast_offshore_wind_generation,Wind Offshore,2026-05-24T16:09:31Z
2026-05-24T16:08:25Z,2026-05-24T18:08:25+0200,8c5f6830-b44b-449b-bdab-a1b130ad33e1,2026-04-24T20:45:00Z,2026-04-24T22:45:00+0200,4049.76,MW,DE,DE_LU,forecast_offshore_wind_generation,Wind Offshore,2026-05-24T16:09:31Z
2026-05-24T16:08:25Z,2026-05-24T18:08:25+0200,8c5f6830-b44b-449b-bdab-a1b130ad33e1,2026-04-24T21:00:00Z,2026-04-24T23:00:00+0200,4065.77,MW,DE,DE_LU,forecast_offshore_wind_generation,Wind Offshore,2026-05-24T16:09:31Z
2026-05-24T16:08:25Z,2026-05-24T18:08:25+0200,8c5f6830-b44b-449b-bdab-a1b130ad33e1,2026-04-24T21:15:00Z,2026-04-24T23:15:00+0200,4087.89,MW,DE,DE_LU,forecast_offshore_wind_generation,Wind Offshore,2026-05-24T16:09:31Z
2026-05-24T16:08:25Z,2026-05-24T18:08:25+0200,8c5f6830-b44b-449b-bdab-a1b130ad33e1,2026-04-24T21:30:00Z,2026-04-24T23:30:00+0200,4109.01,MW,DE,DE_LU,forecast_offshore_wind_generation,Wind Offshore,2026-05-24T16:09:31Z
2026-05-24T16:08:25Z,2026-05-24T18:08:25+0200,8c5f6830-b44b-449b-bdab-a1b130ad33e1,2026-04-24T21:45:00Z,2026-04-24T23:45:00+0200,4133.03,MW,DE,DE_LU,forecast_offshore_wind_generation,Wind Offshore,2026-05-24T16:09:31Z
2026-05-24T16:08:25Z,2026-05-24T18:08:25+0200,8c5f6830-b44b-449b-bdab-a1b130ad33e1,2026-04-24T22:00:00Z,2026-04-25T00:00:00+0200,3445.87,MW,DE,DE_LU,forecast_offshore_wind_generation,Wind Offshore,2026-05-24T16:09:31Z
2026-05-24T16:08:25Z,2026-05-24T18:08:25+0200,8c5f6830-b44b-449b-bdab-a1b130ad33e1,2026-04-24T22:15:00Z,2026-04-25T00:15:00+0200,3473.49,MW,DE,DE_LU,forecast_offshore_wind_generation,Wind Offshore,2026-05-24T16:09:31Z
2026-05-24T16:08:25Z,2026-05-24T18:08:25+0200,8c5f6830-b44b-449b-bdab-a1b130ad33e1,2026-04-24T22:30:00Z,2026-04-25T00:30:00+0200,3506.19,MW,DE,DE_LU,forecast_offshore_wind_generation,Wind Offshore,2026-05-24T16:09:31Z
2026-05-24T16:08:25Z,2026-05-24T18:08:25+0200,8c5f6830-b44b-449b-bdab-a1b130ad33e1,2026-04-24T22:45:00Z,2026-04-25T00:45:00+0200,3537.07,MW,DE,DE_LU,forecast_offshore_wind_generation,Wind Offshore,2026-05-24T16:09:31Z
2026-05-24T16:08:25Z,2026-05-24T18:08:25+0200,8c5f6830-b44b-449b-bdab-a1b130ad33e1,2026-04-24T23:00:00Z,2026-04-25T01:00:00+0200,3585.05,MW,DE,DE_LU,forecast_offshore_wind_generation,Wind Offshore,2026-05-24T16:09:31Z
2026-05-24T16:08:25Z,2026-05-24T18:08:25+0200,8c5f6830-b44b-449b-bdab-a1b130ad33e1,2026-04-24T23:15:00Z,2026-04-25T01:15:00+0200,3683.21,MW,DE,DE_LU,forecast_offshore_wind_generation,Wind Offshore,2026-05-24T16:09:31Z
2026-05-24T16:08:25Z,2026-05-24T18:08:25+0200,8c5f6830-b44b-449b-bdab-a1b130ad33e1,2026-04-24T23:30:00Z,2026-04-25T01:30:00+0200,3778.67,MW,DE,DE_LU,forecast_offshore_wind_generation,Wind Offshore,2026-05-24T16:09:31Z
2026-05-24T16:08:25Z,2026-05-24T18:08:25+0200,8c5f6830-b44b-449b-bdab-a1b130ad33e1,2026-04-24T23:45:00Z,2026-04-25T01:45:00+0200,3874.57,MW,DE,DE_LU,forecast_offshore_wind_generation,Wind Offshore,2026-05-24T16:09:31Z
2026-05-24T16:08:25Z,2026-05-24T18:08:25+0200,8c5f6830-b44b-449b-bdab-a1b130ad33e1,2026-04-25T00:00:00Z,2026-04-25T02:00:00+0200,3974.17,MW,DE,DE_LU,forecast_offshore_wind_generation,Wind Offshore,2026-05-24T16:09:31Z
2026-05-24T16:08:25Z,2026-05-24T18:08:25+0200,8c5f6830-b44b-449b-bdab-a1b130ad33e1,2026-04-25T00:15:00Z,2026-04-25T02:15:00+0200,4077.28,MW,DE,DE_LU,forecast_offshore_wind_generation,Wind Offshore,2026-05-24T16:09:31Z
2026-05-24T16:08:25Z,2026-05-24T18:08:25+0200,8c5f6830-b44b-449b-bdab-a1b130ad33e1,2026-04-25T00:30:00Z,2026-04-25T02:30:00+0200,4175.15,MW,DE,DE_LU,forecast_offshore_wind_generation,Wind Offshore,2026-05-24T16:09:31Z
2026-05-24T16:08:25Z,2026-05-24T18:08:25+0200,8c5f6830-b44b-449b-bdab-a1b130ad33e1,2026-04-25T00:45:00Z,2026-04-25T02:45:00+0200,4279.87,MW,DE,DE_LU,forecast_offshore_wind_generation,Wind Offshore,2026-05-24T16:09:31Z
2026-05-24T16:08:25Z,2026-05-24T18:08:25+0200,8c5f6830-b44b-449b-bdab-a1b130ad33e1,2026-04-25T01:00:00Z,2026-04-25T03:00:00+0200,4364.21,MW,DE,DE_LU,forecast_offshore_wind_generation,Wind Offshore,2026-05-24T16:09:31Z
2026-05-24T16:08:25Z,2026-05-24T18:08:25+0200,8c5f6830-b44b-449b-bdab-a1b130ad33e1,2026-04-25T01:15:00Z,2026-04-25T03:15:00+0200,4404.73,MW,DE,DE_LU,forecast_offshore_wind_generation,Wind Offshore,2026-05-24T16:09:31Z
2026-05-24T16:08:25Z,2026-05-24T18:08:25+0200,8c5f6830-b44b-449b-bdab-a1b130ad33e1,2026-04-25T01:30:00Z,2026-04-25T03:30:00+0200,4442.08,MW,DE,DE_LU,forecast_offshore_wind_generation,Wind Offshore,2026-05-24T16:09:31Z
2026-05-24T16:08:25Z,2026-05-24T18:08:25+0200,8c5f6830-b44b-449b-bdab-a1b130ad33e1,2026-04-25T01:45:00Z,2026-04-25T03:45:00+0200,4485.88,MW,DE,DE_LU,forecast_offshore_wind_generation,Wind Offshore,2026-05-24T16:09:31Z
2026-05-24T16:08:25Z,2026-05-24T18:08:25+0200,8c5f6830-b44b-449b-bdab-a1b130ad33e1,2026-04-25T02:00:00Z,2026-04-25T04:00:00+0200,4520.55,MW,DE,DE_LU,forecast_offshore_wind_generation,Wind Offshore,2026-05-24T16:09:31Z
2026-05-24T16:08:25Z,2026-05-24T18:08:25+0200,8c5f6830-b44b-449b-bdab-a1b130ad33e1,2026-04-25T02:15:00Z,2026-04-25T04:15:00+0200,4508.27,MW,DE,DE_LU,forecast_offshore_wind_generation,Wind Offshore,2026-05-24T16:09:31Z
2026-05-24T16:08:25Z,2026-05-24T18:08:25+0200,8c5f6830-b44b-449b-bdab-a1b130ad33e1,2026-04-25T02:30:00Z,2026-04-25T04:30:00+0200,4548.49,MW,DE,DE_LU,forecast_offshore_wind_generation,Wind Offshore,2026-05-24T16:09:31Z
2026-05-24T16:08:25Z,2026-05-24T18:08:25+0200,8c5f6830-b44b-449b-bdab-a1b130ad33e1,2026-04-25T02:45:00Z,2026-04-25T04:45:00+0200,4581.52,MW,DE,DE_LU,forecast_offshore_wind_generation,Wind Offshore,2026-05-24T16:09:31Z
2026-05-24T16:08:25Z,2026-05-24T18:08:25+0200,8c5f6830-b44b-449b-bdab-a1b130ad33e1,2026-04-25T03:00:00Z,2026-04-25T05:00:00+0200,4613.57,MW,DE,DE_LU,forecast_offshore_wind_generation,Wind Offshore,2026-05-24T16:09:31Z
2026-05-24T16:08:25Z,2026-05-24T18:08:25+0200,8c5f6830-b44b-449b-bdab-a1b130ad33e1,2026-04-25T03:15:00Z,2026-04-25T05:15:00+0200,4634.49,MW,DE,DE_LU,forecast_offshore_wind_generation,Wind Offshore,2026-05-24T16:09:31Z
2026-05-24T16:08:25Z,2026-05-24T18:08:25+0200,8c5f6830-b44b-449b-bdab-a1b130ad33e1,2026-04-25T03:30:00Z,2026-04-25T05:30:00+0200,4654.36,MW,DE,DE_LU,forecast_offshore_wind_generation,Wind Offshore,2026-05-24T16:09:31Z
2026-05-24T16:08:25Z,2026-05-24T18:08:25+0200,8c5f6830-b44b-449b-bdab-a1b130ad33e1,2026-04-25T03:45:00Z,2026-04-25T05:45:00+0200,4675.33,MW,DE,DE_LU,forecast_offshore_wind_generation,Wind Offshore,2026-05-24T16:09:31Z
2026-05-24T16:08:25Z,2026-05-24T18:08:25+0200,8c5f6830-b44b-449b-bdab-a1b130ad33e1,2026-04-25T04:00:00Z,2026-04-25T06:00:00+0200,4655.23,MW,DE,DE_LU,forecast_offshore_wind_generation,Wind Offshore,2026-05-24T16:09:31Z
2026-05-24T16:08:25Z,2026-05-24T18:08:25+0200,8c5f6830-b44b-449b-bdab-a1b130ad33e1,2026-04-25T04:15:00Z,2026-04-25T06:15:00+0200,4610.76,MW,DE,DE_LU,forecast_offshore_wind_generation,Wind Offshore,2026-05-24T16:09:31Z
2026-05-24T16:08:25Z,2026-05-24T18:08:25+0200,8c5f6830-b44b-449b-bdab-a1b130ad33e1,2026-04-25T04:30:00Z,2026-04-25T06:30:00+0200,4564.15,MW,DE,DE_LU,forecast_offshore_wind_generation,Wind Offshore,2026-05-24T16:09:31Z
2026-05-24T16:08:25Z,2026-05-24T18:08:25+0200,8c5f6830-b44b-449b-bdab-a1b130ad33e1,2026-04-25T04:45:00Z,2026-04-25T06:45:00+0200,4500.42,MW,DE,DE_LU,forecast_offshore_wind_generation,Wind Offshore,2026-05-24T16:09:31Z
2026-05-24T16:08:25Z,2026-05-24T18:08:25+0200,8c5f6830-b44b-449b-bdab-a1b130ad33e1,2026-04-25T05:00:00Z,2026-04-25T07:00:00+0200,4430.17,MW,DE,DE_LU,forecast_offshore_wind_generation,Wind Offshore,2026-05-24T16:09:31Z
2026-05-24T16:08:25Z,2026-05-24T18:08:25+0200,8c5f6830-b44b-449b-bdab-a1b130ad33e1,2026-04-25T05:15:00Z,2026-04-25T07:15:00+0200,4328.38,MW,DE,DE_LU,forecast_offshore_wind_generation,Wind Offshore,2026-05-24T16:09:31Z
2026-05-24T16:08:25Z,2026-05-24T18:08:25+0200,8c5f6830-b44b-449b-bdab-a1b130ad33e1,2026-04-25T05:30:00Z,2026-04-25T07:30:00+0200,4226.55,MW,DE,DE_LU,forecast_offshore_wind_generation,Wind Offshore,2026-05-24T16:09:31Z
2026-05-24T16:08:25Z,2026-05-24T18:08:25+0200,8c5f6830-b44b-449b-bdab-a1b130ad33e1,2026-04-25T05:45:00Z,2026-04-25T07:45:00+0200,4079.36,MW,DE,DE_LU,forecast_offshore_wind_generation,Wind Offshore,2026-05-24T16:09:31Z
2026-05-24T16:08:25Z,2026-05-24T18:08:25+0200,8c5f6830-b44b-449b-bdab-a1b130ad33e1,2026-04-25T06:00:00Z,2026-04-25T08:00:00+0200,3993.56,MW,DE,DE_LU,forecast_offshore_wind_generation,Wind Offshore,2026-05-24T16:09:31Z
2026-05-24T16:08:25Z,2026-05-24T18:08:25+0200,8c5f6830-b44b-449b-bdab-a1b130ad33e1,2026-04-25T06:15:00Z,2026-04-25T08:15:00+0200,3931.78,MW,DE,DE_LU,forecast_offshore_wind_generation,Wind Offshore,2026-05-24T16:09:31Z
2026-05-24T16:08:25Z,2026-05-24T18:08:25+0200,8c5f6830-b44b-449b-bdab-a1b130ad33e1,2026-04-25T06:30:00Z,2026-04-25T08:30:00+0200,3864.73,MW,DE,DE_LU,forecast_offshore_wind_generation,Wind Offshore,2026-05-24T16:09:31Z
2026-05-24T16:08:25Z,2026-05-24T18:08:25+0200,8c5f6830-b44b-449b-bdab-a1b130ad33e1,2026-04-25T06:45:00Z,2026-04-25T08:45:00+0200,3802.48,MW,DE,DE_LU,forecast_offshore_wind_generation,Wind Offshore,2026-05-24T16:09:31Z
2026-05-24T16:08:25Z,2026-05-24T18:08:25+0200,8c5f6830-b44b-449b-bdab-a1b130ad33e1,2026-04-25T07:00:00Z,2026-04-25T09:00:00+0200,2492.2,MW,DE,DE_LU,forecast_offshore_wind_generation,Wind Offshore,2026-05-24T16:09:31Z
2026-05-24T16:08:25Z,2026-05-24T18:08:25+0200,8c5f6830-b44b-449b-bdab-a1b130ad33e1,2026-04-25T07:15:00Z,2026-04-25T09:15:00+0200,2478.9,MW,DE,DE_LU,forecast_offshore_wind_generation,Wind Offshore,2026-05-24T16:09:31Z
2026-05-24T16:08:25Z,2026-05-24T18:08:25+0200,8c5f6830-b44b-449b-bdab-a1b130ad33e1,2026-04-25T07:30:00Z,2026-04-25T09:30:00+0200,2463.57,MW,DE,DE_LU,forecast_offshore_wind_generation,Wind Offshore,2026-05-24T16:09:31Z
2026-05-24T16:08:25Z,2026-05-24T18:08:25+0200,8c5f6830-b44b-449b-bdab-a1b130ad33e1,2026-04-25T07:45:00Z,2026-04-25T09:45:00+0200,2450.26,MW,DE,DE_LU,forecast_offshore_wind_generation,Wind Offshore,2026-05-24T16:09:31Z
2026-05-24T16:08:25Z,2026-05-24T18:08:25+0200,8c5f6830-b44b-449b-bdab-a1b130ad33e1,2026-04-25T08:00:00Z,2026-04-25T10:00:00+0200,2436.05,MW,DE,DE_LU,forecast_offshore_wind_generation,Wind Offshore,2026-05-24T16:09:31Z
2026-05-24T16:08:25Z,2026-05-24T18:08:25+0200,8c5f6830-b44b-449b-bdab-a1b130ad33e1,2026-04-25T08:15:00Z,2026-04-25T10:15:00+0200,2424.56,MW,DE,DE_LU,forecast_offshore_wind_generation,Wind Offshore,2026-05-24T16:09:31Z
2026-05-24T16:08:25Z,2026-05-24T18:08:25+0200,8c5f6830-b44b-449b-bdab-a1b130ad33e1,2026-04-25T08:30:00Z,2026-04-25T10:30:00+0200,2407.83,MW,DE,DE_LU,forecast_offshore_wind_generation,Wind Offshore,2026-05-24T16:09:31Z
2026-05-24T16:08:25Z,2026-05-24T18:08:25+0200,8c5f6830-b44b-449b-bdab-a1b130ad33e1,2026-04-25T08:45:00Z,2026-04-25T10:45:00+0200,2390.21,MW,DE,DE_LU,forecast_offshore_wind_generation,Wind Offshore,2026-05-24T16:09:31Z
2026-05-24T16:08:25Z,2026-05-24T18:08:25+0200,8c5f6830-b44b-449b-bdab-a1b130ad33e1,2026-04-25T09:00:00Z,2026-04-25T11:00:00+0200,2375.84,MW,DE,DE_LU,forecast_offshore_wind_generation,Wind Offshore,2026-05-24T16:09:31Z
2026-05-24T16:08:25Z,2026-05-24T18:08:25+0200,8c5f6830-b44b-449b-bdab-a1b130ad33e1,2026-04-25T09:15:00Z,2026-04-25T11:15:00+0200,2402.73,MW,DE,DE_LU,forecast_offshore_wind_generation,Wind Offshore,2026-05-24T16:09:31Z
2026-05-24T16:08:25Z,2026-05-24T18:08:25+0200,8c5f6830-b44b-449b-bdab-a1b130ad33e1,2026-04-25T09:30:00Z,2026-04-25T11:30:00+0200,2394.6,MW,DE,DE_LU,forecast_offshore_wind_generation,Wind Offshore,2026-05-24T16:09:31Z
2026-05-24T16:08:25Z,2026-05-24T18:08:25+0200,8c5f6830-b44b-449b-bdab-a1b130ad33e1,2026-04-25T09:45:00Z,2026-04-25T11:45:00+0200,2386.63,MW,DE,DE_LU,forecast_offshore_wind_generation,Wind Offshore,2026-05-24T16:09:31Z
2026-05-24T16:08:25Z,2026-05-24T18:08:25+0200,8c5f6830-b44b-449b-bdab-a1b130ad33e1,2026-04-25T10:00:00Z,2026-04-25T12:00:00+0200,2380.33,MW,DE,DE_LU,forecast_offshore_wind_generation,Wind Offshore,2026-05-24T16:09:31Z
2026-05-24T16:08:25Z,2026-05-24T18:08:25+0200,8c5f6830-b44b-449b-bdab-a1b130ad33e1,2026-04-25T10:15:00Z,2026-04-25T12:15:00+0200,2381.72,MW,DE,DE_LU,forecast_offshore_wind_generation,Wind Offshore,2026-05-24T16:09:31Z
2026-05-24T16:08:25Z,2026-05-24T18:08:25+0200,8c5f6830-b44b-449b-bdab-a1b130ad33e1,2026-04-25T10:30:00Z,2026-04-25T12:30:00+0200,2386.33,MW,DE,DE_LU,forecast_offshore_wind_generation,Wind Offshore,2026-05-24T16:09:31Z
2026-05-24T16:08:25Z,2026-05-24T18:08:25+0200,8c5f6830-b44b-449b-bdab-a1b130ad33e1,2026-04-25T10:45:00Z,2026-04-25T12:45:00+0200,2386.13,MW,DE,DE_LU,forecast_offshore_wind_generation,Wind Offshore,2026-05-24T16:09:31Z
2026-05-24T16:08:25Z,2026-05-24T18:08:25+0200,8c5f6830-b44b-449b-bdab-a1b130ad33e1,2026-04-25T11:00:00Z,2026-04-25T13:00:00+0200,2391.06,MW,DE,DE_LU,forecast_offshore_wind_generation,Wind Offshore,2026-05-24T16:09:31Z
2026-05-24T16:08:25Z,2026-05-24T18:08:25+0200,8c5f6830-b44b-449b-bdab-a1b130ad33e1,2026-04-25T11:15:00Z,2026-04-25T13:15:00+0200,2407.17,MW,DE,DE_LU,forecast_offshore_wind_generation,Wind Offshore,2026-05-24T16:09:31Z
2026-05-24T16:08:25Z,2026-05-24T18:08:25+0200,8c5f6830-b44b-449b-bdab-a1b130ad33e1,2026-04-25T11:30:00Z,2026-04-25T13:30:00+0200,2422.51,MW,DE,DE_LU,forecast_offshore_wind_generation,Wind Offshore,2026-05-24T16:09:31Z
2026-05-24T16:08:25Z,2026-05-24T18:08:25+0200,8c5f6830-b44b-449b-bdab-a1b130ad33e1,2026-04-25T11:45:00Z,2026-04-25T13:45:00+0200,2439.01,MW,DE,DE_LU,forecast_offshore_wind_generation,Wind Offshore,2026-05-24T16:09:31Z
2026-05-24T16:08:25Z,2026-05-24T18:08:25+0200,8c5f6830-b44b-449b-bdab-a1b130ad33e1,2026-04-25T12:00:00Z,2026-04-25T14:00:00+0200,2460.53,MW,DE,DE_LU,forecast_offshore_wind_generation,Wind Offshore,2026-05-24T16:09:31Z
2026-05-24T16:08:25Z,2026-05-24T18:08:25+0200,8c5f6830-b44b-449b-bdab-a1b130ad33e1,2026-04-25T12:15:00Z,2026-04-25T14:15:00+0200,2491.37,MW,DE,DE_LU,forecast_offshore_wind_generation,Wind Offshore,2026-05-24T16:09:31Z
2026-05-24T16:08:25Z,2026-05-24T18:08:25+0200,8c5f6830-b44b-449b-bdab-a1b130ad33e1,2026-04-25T12:30:00Z,2026-04-25T14:30:00+0200,2529.37,MW,DE,DE_LU,forecast_offshore_wind_generation,Wind Offshore,2026-05-24T16:09:31Z
2026-05-24T16:08:25Z,2026-05-24T18:08:25+0200,8c5f6830-b44b-449b-bdab-a1b130ad33e1,2026-04-25T12:45:00Z,2026-04-25T14:45:00+0200,2560.53,MW,DE,DE_LU,forecast_offshore_wind_generation,Wind Offshore,2026-05-24T16:09:31Z
2026-05-24T16:08:25Z,2026-05-24T18:08:25+0200,8c5f6830-b44b-449b-bdab-a1b130ad33e1,2026-04-25T13:00:00Z,2026-04-25T15:00:00+0200,2595.12,MW,DE,DE_LU,forecast_offshore_wind_generation,Wind Offshore,2026-05-24T16:09:31Z
2026-05-24T16:08:25Z,2026-05-24T18:08:25+0200,8c5f6830-b44b-449b-bdab-a1b130ad33e1,2026-04-25T13:15:00Z,2026-04-25T15:15:00+0200,2619.81,MW,DE,DE_LU,forecast_offshore_wind_generation,Wind Offshore,2026-05-24T16:09:31Z
2026-05-24T16:08:25Z,2026-05-24T18:08:25+0200,8c5f6830-b44b-449b-bdab-a1b130ad33e1,2026-04-25T13:30:00Z,2026-04-25T15:30:00+0200,2647.47,MW,DE,DE_LU,forecast_offshore_wind_generation,Wind Offshore,2026-05-24T16:09:31Z
2026-05-24T16:08:25Z,2026-05-24T18:08:25+0200,8c5f6830-b44b-449b-bdab-a1b130ad33e1,2026-04-25T13:45:00Z,2026-04-25T15:45:00+0200,2672.2,MW,DE,DE_LU,forecast_offshore_wind_generation,Wind Offshore,2026-05-24T16:09:31Z
2026-05-24T16:08:25Z,2026-05-24T18:08:25+0200,8c5f6830-b44b-449b-bdab-a1b130ad33e1,2026-04-25T14:00:00Z,2026-04-25T16:00:00+0200,2698.52,MW,DE,DE_LU,forecast_offshore_wind_generation,Wind Offshore,2026-05-24T16:09:31Z
2026-05-24T16:08:25Z,2026-05-24T18:08:25+0200,8c5f6830-b44b-449b-bdab-a1b130ad33e1,2026-04-25T14:15:00Z,2026-04-25T16:15:00+0200,2739.99,MW,DE,DE_LU,forecast_offshore_wind_generation,Wind Offshore,2026-05-24T16:09:31Z
2026-05-24T16:08:25Z,2026-05-24T18:08:25+0200,8c5f6830-b44b-449b-bdab-a1b130ad33e1,2026-04-25T14:30:00Z,2026-04-25T16:30:00+0200,2780.51,MW,DE,DE_LU,forecast_offshore_wind_generation,Wind Offshore,2026-05-24T16:09:31Z
2026-05-24T16:08:25Z,2026-05-24T18:08:25+0200,8c5f6830-b44b-449b-bdab-a1b130ad33e1,2026-04-25T14:45:00Z,2026-04-25T16:45:00+0200,2818.96,MW,DE,DE_LU,forecast_offshore_wind_generation,Wind Offshore,2026-05-24T16:09:31Z
2026-05-24T16:08:25Z,2026-05-24T18:08:25+0200,8c5f6830-b44b-449b-bdab-a1b130ad33e1,2026-04-25T15:00:00Z,2026-04-25T17:00:00+0200,2925.11,MW,DE,DE_LU,forecast_offshore_wind_generation,Wind Offshore,2026-05-24T16:09:31Z
2026-05-24T16:08:25Z,2026-05-24T18:08:25+0200,8c5f6830-b44b-449b-bdab-a1b130ad33e1,2026-04-25T15:15:00Z,2026-04-25T17:15:00+0200,2956.14,MW,DE,DE_LU,forecast_offshore_wind_generation,Wind Offshore,2026-05-24T16:09:31Z
2026-05-24T16:08:25Z,2026-05-24T18:08:25+0200,8c5f6830-b44b-449b-bdab-a1b130ad33e1,2026-04-25T15:30:00Z,2026-04-25T17:30:00+0200,2988.18,MW,DE,DE_LU,forecast_offshore_wind_generation,Wind Offshore,2026-05-24T16:09:31Z
2026-05-24T16:08:25Z,2026-05-24T18:08:25+0200,8c5f6830-b44b-449b-bdab-a1b130ad33e1,2026-04-25T15:45:00Z,2026-04-25T17:45:00+0200,2965.13,MW,DE,DE_LU,forecast_offshore_wind_generation,Wind Offshore,2026-05-24T16:09:31Z
2026-05-24T16:08:25Z,2026-05-24T18:08:25+0200,8c5f6830-b44b-449b-bdab-a1b130ad33e1,2026-04-25T16:00:00Z,2026-04-25T18:00:00+0200,5108.79,MW,DE,DE_LU,forecast_offshore_wind_generation,Wind Offshore,2026-05-24T16:09:31Z
2026-05-24T16:08:25Z,2026-05-24T18:08:25+0200,8c5f6830-b44b-449b-bdab-a1b130ad33e1,2026-04-25T16:15:00Z,2026-04-25T18:15:00+0200,5168.97,MW,DE,DE_LU,forecast_offshore_wind_generation,Wind Offshore,2026-05-24T16:09:31Z
2026-05-24T16:08:25Z,2026-05-24T18:08:25+0200,8c5f6830-b44b-449b-bdab-a1b130ad33e1,2026-04-25T16:30:00Z,2026-04-25T18:30:00+0200,5226.09,MW,DE,DE_LU,forecast_offshore_wind_generation,Wind Offshore,2026-05-24T16:09:31Z
2026-05-24T16:08:25Z,2026-05-24T18:08:25+0200,8c5f6830-b44b-449b-bdab-a1b130ad33e1,2026-04-25T16:45:00Z,2026-04-25T18:45:00+0200,5284.12,MW,DE,DE_LU,forecast_offshore_wind_generation,Wind Offshore,2026-05-24T16:09:31Z
2026-05-24T16:08:25Z,2026-05-24T18:08:25+0200,8c5f6830-b44b-449b-bdab-a1b130ad33e1,2026-04-25T17:00:00Z,2026-04-25T19:00:00+0200,5351.8,MW,DE,DE_LU,forecast_offshore_wind_generation,Wind Offshore,2026-05-24T16:09:31Z
2026-05-24T16:08:25Z,2026-05-24T18:08:25+0200,8c5f6830-b44b-449b-bdab-a1b130ad33e1,2026-04-25T17:15:00Z,2026-04-25T19:15:00+0200,5425.73,MW,DE,DE_LU,forecast_offshore_wind_generation,Wind Offshore,2026-05-24T16:09:31Z
2026-05-24T16:08:25Z,2026-05-24T18:08:25+0200,8c5f6830-b44b-449b-bdab-a1b130ad33e1,2026-04-25T17:30:00Z,2026-04-25T19:30:00+0200,5500.57,MW,DE,DE_LU,forecast_offshore_wind_generation,Wind Offshore,2026-05-24T16:09:31Z
2026-05-24T16:08:25Z,2026-05-24T18:08:25+0200,8c5f6830-b44b-449b-bdab-a1b130ad33e1,2026-04-25T17:45:00Z,2026-04-25T19:45:00+0200,5577.43,MW,DE,DE_LU,forecast_offshore_wind_generation,Wind Offshore,2026-05-24T16:09:31Z
2026-05-24T16:08:25Z,2026-05-24T18:08:25+0200,8c5f6830-b44b-449b-bdab-a1b130ad33e1,2026-04-25T18:00:00Z,2026-04-25T20:00:00+0200,5634.9,MW,DE,DE_LU,forecast_offshore_wind_generation,Wind Offshore,2026-05-24T16:09:31Z
2026-05-24T16:08:25Z,2026-05-24T18:08:25+0200,8c5f6830-b44b-449b-bdab-a1b130ad33e1,2026-04-25T18:15:00Z,2026-04-25T20:15:00+0200,5672.05,MW,DE,DE_LU,forecast_offshore_wind_generation,Wind Offshore,2026-05-24T16:09:31Z
2026-05-24T16:08:25Z,2026-05-24T18:08:25+0200,8c5f6830-b44b-449b-bdab-a1b130ad33e1,2026-04-25T18:30:00Z,2026-04-25T20:30:00+0200,5708.04,MW,DE,DE_LU,forecast_offshore_wind_generation,Wind Offshore,2026-05-24T16:09:31Z
2026-05-24T16:08:25Z,2026-05-24T18:08:25+0200,8c5f6830-b44b-449b-bdab-a1b130ad33e1,2026-04-25T18:45:00Z,2026-04-25T20:45:00+0200,5849.98,MW,DE,DE_LU,forecast_offshore_wind_generation,Wind Offshore,2026-05-24T16:09:31Z
2026-05-24T16:08:25Z,2026-05-24T18:08:25+0200,8c5f6830-b44b-449b-bdab-a1b130ad33e1,2026-04-25T19:00:00Z,2026-04-25T21:00:00+0200,5866.35,MW,DE,DE_LU,forecast_offshore_wind_generation,Wind Offshore,2026-05-24T16:09:31Z
2026-05-24T16:08:25Z,2026-05-24T18:08:25+0200,8c5f6830-b44b-449b-bdab-a1b130ad33e1,2026-04-25T19:15:00Z,2026-04-25T21:15:00+0200,5867.93,MW,DE,DE_LU,forecast_offshore_wind_generation,Wind Offshore,2026-05-24T16:09:31Z
2026-05-24T16:08:25Z,2026-05-24T18:08:25+0200,8c5f6830-b44b-449b-bdab-a1b130ad33e1,2026-04-25T19:30:00Z,2026-04-25T21:30:00+0200,5864.52,MW,DE,DE_LU,forecast_offshore_wind_generation,Wind Offshore,2026-05-24T16:09:31Z
2026-05-24T16:08:25Z,2026-05-24T18:08:25+0200,8c5f6830-b44b-449b-bdab-a1b130ad33e1,2026-04-25T19:45:00Z,2026-04-25T21:45:00+0200,5857.13,MW,DE,DE_LU,forecast_offshore_wind_generation,Wind Offshore,2026-05-24T16:09:31Z
2026-05-24T16:08:25Z,2026-05-24T18:08:25+0200,8c5f6830-b44b-449b-bdab-a1b130ad33e1,2026-04-25T20:00:00Z,2026-04-25T22:00:00+0200,5855.01,MW,DE,DE_LU,forecast_offshore_wind_generation,Wind Offshore,2026-05-24T16:09:31Z
2026-05-24T16:08:25Z,2026-05-24T18:08:25+0200,8c5f6830-b44b-449b-bdab-a1b130ad33e1,2026-04-25T20:15:00Z,2026-04-25T22:15:00+0200,5972.39,MW,DE,DE_LU,forecast_offshore_wind_generation,Wind Offshore,2026-05-24T16:09:31Z
2026-05-24T16:08:25Z,2026-05-24T18:08:25+0200,8c5f6830-b44b-449b-bdab-a1b130ad33e1,2026-04-25T20:30:00Z,2026-04-25T22:30:00+0200,5936.77,MW,DE,DE_LU,forecast_offshore_wind_generation,Wind Offshore,2026-05-24T16:09:31Z
2026-05-24T16:08:25Z,2026-05-24T18:08:25+0200,8c5f6830-b44b-449b-bdab-a1b130ad33e1,2026-04-25T20:45:00Z,2026-04-25T22:45:00+0200,5960.12,MW,DE,DE_LU,forecast_offshore_wind_generation,Wind Offshore,2026-05-24T16:09:31Z
2026-05-24T16:08:25Z,2026-05-24T18:08:25+0200,8c5f6830-b44b-449b-bdab-a1b130ad33e1,2026-04-25T21:00:00Z,2026-04-25T23:00:00+0200,5967.69,MW,DE,DE_LU,forecast_offshore_wind_generation,Wind Offshore,2026-05-24T16:09:31Z
2026-05-24T16:08:25Z,2026-05-24T18:08:25+0200,8c5f6830-b44b-449b-bdab-a1b130ad33e1,2026-04-25T21:15:00Z,2026-04-25T23:15:00+0200,5909.23,MW,DE,DE_LU,forecast_offshore_wind_generation,Wind Offshore,2026-05-24T16:09:31Z
2026-05-24T16:08:25Z,2026-05-24T18:08:25+0200,8c5f6830-b44b-449b-bdab-a1b130ad33e1,2026-04-25T21:30:00Z,2026-04-25T23:30:00+0200,5849.58,MW,DE,DE_LU,forecast_offshore_wind_generation,Wind Offshore,2026-05-24T16:09:31Z
2026-05-24T16:08:25Z,2026-05-24T18:08:25+0200,8c5f6830-b44b-449b-bdab-a1b130ad33e1,2026-04-25T21:45:00Z,2026-04-25T23:45:00+0200,5788.37,MW,DE,DE_LU,forecast_offshore_wind_generation,Wind Offshore,2026-05-24T16:09:31Z
2026-05-24T16:08:25Z,2026-05-24T18:08:25+0200,8c5f6830-b44b-449b-bdab-a1b130ad33e1,2026-04-25T22:00:00Z,2026-04-26T00:00:00+0200,5325.27,MW,DE,DE_LU,forecast_offshore_wind_generation,Wind Offshore,2026-05-24T16:09:31Z
2026-05-24T16:08:25Z,2026-05-24T18:08:25+0200,8c5f6830-b44b-449b-bdab-a1b130ad33e1,2026-04-25T22:15:00Z,2026-04-26T00:15:00+0200,5252.35,MW,DE,DE_LU,forecast_offshore_wind_generation,Wind Offshore,2026-05-24T16:09:31Z
2026-05-24T16:08:25Z,2026-05-24T18:08:25+0200,8c5f6830-b44b-449b-bdab-a1b130ad33e1,2026-04-25T22:30:00Z,2026-04-26T00:30:00+0200,5175.36,MW,DE,DE_LU,forecast_offshore_wind_generation,Wind Offshore,2026-05-24T16:09:31Z
2026-05-24T16:08:25Z,2026-05-24T18:08:25+0200,8c5f6830-b44b-449b-bdab-a1b130ad33e1,2026-04-25T22:45:00Z,2026-04-26T00:45:00+0200,5089.47,MW,DE,DE_LU,forecast_offshore_wind_generation,Wind Offshore,2026-05-24T16:09:31Z
2026-05-24T16:08:25Z,2026-05-24T18:08:25+0200,8c5f6830-b44b-449b-bdab-a1b130ad33e1,2026-04-25T23:00:00Z,2026-04-26T01:00:00+0200,4996.21,MW,DE,DE_LU,forecast_offshore_wind_generation,Wind Offshore,2026-05-24T16:09:31Z
2026-05-24T16:08:25Z,2026-05-24T18:08:25+0200,8c5f6830-b44b-449b-bdab-a1b130ad33e1,2026-04-25T23:15:00Z,2026-04-26T01:15:00+0200,4903.96,MW,DE,DE_LU,forecast_offshore_wind_generation,Wind Offshore,2026-05-24T16:09:31Z
2026-05-24T16:08:25Z,2026-05-24T18:08:25+0200,8c5f6830-b44b-449b-bdab-a1b130ad33e1,2026-04-25T23:30:00Z,2026-04-26T01:30:00+0200,4802.63,MW,DE,DE_LU,forecast_offshore_wind_generation,Wind Offshore,2026-05-24T16:09:31Z
2026-05-24T16:08:25Z,2026-05-24T18:08:25+0200,8c5f6830-b44b-449b-bdab-a1b130ad33e1,2026-04-25T23:45:00Z,2026-04-26T01:45:00+0200,4700.12,MW,DE,DE_LU,forecast_offshore_wind_generation,Wind Offshore,2026-05-24T16:09:31Z
2026-05-24T16:08:25Z,2026-05-24T18:08:25+0200,8c5f6830-b44b-449b-bdab-a1b130ad33e1,2026-04-26T00:00:00Z,2026-04-26T02:00:00+0200,4590.6,MW,DE,DE_LU,forecast_offshore_wind_generation,Wind Offshore,2026-05-24T16:09:31Z
2026-05-24T16:08:25Z,2026-05-24T18:08:25+0200,8c5f6830-b44b-449b-bdab-a1b130ad33e1,2026-04-26T00:15:00Z,2026-04-26T02:15:00+0200,4472.01,MW,DE,DE_LU,forecast_offshore_wind_generation,Wind Offshore,2026-05-24T16:09:31Z
2026-05-24T16:08:25Z,2026-05-24T18:08:25+0200,8c5f6830-b44b-449b-bdab-a1b130ad33e1,2026-04-26T00:30:00Z,2026-04-26T02:30:00+0200,4354.1,MW,DE,DE_LU,forecast_offshore_wind_generation,Wind Offshore,2026-05-24T16:09:31Z
2026-05-24T16:08:25Z,2026-05-24T18:08:25+0200,8c5f6830-b44b-449b-bdab-a1b130ad33e1,2026-04-26T00:45:00Z,2026-04-26T02:45:00+0200,4228.98,MW,DE,DE_LU,forecast_offshore_wind_generation,Wind Offshore,2026-05-24T16:09:31Z
2026-05-24T16:08:25Z,2026-05-24T18:08:25+0200,8c5f6830-b44b-449b-bdab-a1b130ad33e1,2026-04-26T01:00:00Z,2026-04-26T03:00:00+0200,4092.89,MW,DE,DE_LU,forecast_offshore_wind_generation,Wind Offshore,2026-05-24T16:09:31Z
2026-05-24T16:08:25Z,2026-05-24T18:08:25+0200,8c5f6830-b44b-449b-bdab-a1b130ad33e1,2026-04-26T01:15:00Z,2026-04-26T03:15:00+0200,3949.16,MW,DE,DE_LU,forecast_offshore_wind_generation,Wind Offshore,2026-05-24T16:09:31Z
2026-05-24T16:08:25Z,2026-05-24T18:08:25+0200,8c5f6830-b44b-449b-bdab-a1b130ad33e1,2026-04-26T01:30:00Z,2026-04-26T03:30:00+0200,3795.35,MW,DE,DE_LU,forecast_offshore_wind_generation,Wind Offshore,2026-05-24T16:09:31Z
2026-05-24T16:08:25Z,2026-05-24T18:08:25+0200,8c5f6830-b44b-449b-bdab-a1b130ad33e1,2026-04-26T01:45:00Z,2026-04-26T03:45:00+0200,3643.85,MW,DE,DE_LU,forecast_offshore_wind_generation,Wind Offshore,2026-05-24T16:09:31Z
2026-05-24T16:08:25Z,2026-05-24T18:08:25+0200,8c5f6830-b44b-449b-bdab-a1b130ad33e1,2026-04-26T02:00:00Z,2026-04-26T04:00:00+0200,3490.59,MW,DE,DE_LU,forecast_offshore_wind_generation,Wind Offshore,2026-05-24T16:09:31Z
2026-05-24T16:08:25Z,2026-05-24T18:08:25+0200,8c5f6830-b44b-449b-bdab-a1b130ad33e1,2026-04-26T02:15:00Z,2026-04-26T04:15:00+0200,3328.22,MW,DE,DE_LU,forecast_offshore_wind_generation,Wind Offshore,2026-05-24T16:09:31Z
2026-05-24T16:08:25Z,2026-05-24T18:08:25+0200,8c5f6830-b44b-449b-bdab-a1b130ad33e1,2026-04-26T02:30:00Z,2026-04-26T04:30:00+0200,3172.82,MW,DE,DE_LU,forecast_offshore_wind_generation,Wind Offshore,2026-05-24T16:09:31Z
2026-05-24T16:08:25Z,2026-05-24T18:08:25+0200,8c5f6830-b44b-449b-bdab-a1b130ad33e1,2026-04-26T02:45:00Z,2026-04-26T04:45:00+0200,3010.26,MW,DE,DE_LU,forecast_offshore_wind_generation,Wind Offshore,2026-05-24T16:09:31Z
2026-05-24T16:08:25Z,2026-05-24T18:08:25+0200,8c5f6830-b44b-449b-bdab-a1b130ad33e1,2026-04-26T03:00:00Z,2026-04-26T05:00:00+0200,2850.05,MW,DE,DE_LU,forecast_offshore_wind_generation,Wind Offshore,2026-05-24T16:09:31Z
2026-05-24T16:08:25Z,2026-05-24T18:08:25+0200,8c5f6830-b44b-449b-bdab-a1b130ad33e1,2026-04-26T03:15:00Z,2026-04-26T05:15:00+0200,2691.74,MW,DE,DE_LU,forecast_offshore_wind_generation,Wind Offshore,2026-05-24T16:09:31Z
2026-05-24T16:08:25Z,2026-05-24T18:08:25+0200,8c5f6830-b44b-449b-bdab-a1b130ad33e1,2026-04-26T03:30:00Z,2026-04-26T05:30:00+0200,2537.33,MW,DE,DE_LU,forecast_offshore_wind_generation,Wind Offshore,2026-05-24T16:09:31Z
2026-05-24T16:08:25Z,2026-05-24T18:08:25+0200,8c5f6830-b44b-449b-bdab-a1b130ad33e1,2026-04-26T03:45:00Z,2026-04-26T05:45:00+0200,2376.95,MW,DE,DE_LU,forecast_offshore_wind_generation,Wind Offshore,2026-05-24T16:09:31Z
2026-05-24T16:08:25Z,2026-05-24T18:08:25+0200,8c5f6830-b44b-449b-bdab-a1b130ad33e1,2026-04-26T04:00:00Z,2026-04-26T06:00:00+0200,2222.83,MW,DE,DE_LU,forecast_offshore_wind_generation,Wind Offshore,2026-05-24T16:09:31Z
2026-05-24T16:08:25Z,2026-05-24T18:08:25+0200,8c5f6830-b44b-449b-bdab-a1b130ad33e1,2026-04-26T04:15:00Z,2026-04-26T06:15:00+0200,2084.15,MW,DE,DE_LU,forecast_offshore_wind_generation,Wind Offshore,2026-05-24T16:09:31Z
2026-05-24T16:08:25Z,2026-05-24T18:08:25+0200,8c5f6830-b44b-449b-bdab-a1b130ad33e1,2026-04-26T04:30:00Z,2026-04-26T06:30:00+0200,1937.17,MW,DE,DE_LU,forecast_offshore_wind_generation,Wind Offshore,2026-05-24T16:09:31Z
2026-05-24T16:08:25Z,2026-05-24T18:08:25+0200,8c5f6830-b44b-449b-bdab-a1b130ad33e1,2026-04-26T04:45:00Z,2026-04-26T06:45:00+0200,1798.4,MW,DE,DE_LU,forecast_offshore_wind_generation,Wind Offshore,2026-05-24T16:09:31Z
2026-05-24T16:08:25Z,2026-05-24T18:08:25+0200,8c5f6830-b44b-449b-bdab-a1b130ad33e1,2026-04-26T05:00:00Z,2026-04-26T07:00:00+0200,1664.04,MW,DE,DE_LU,forecast_offshore_wind_generation,Wind Offshore,2026-05-24T16:09:31Z
2026-05-24T16:08:25Z,2026-05-24T18:08:25+0200,8c5f6830-b44b-449b-bdab-a1b130ad33e1,2026-04-26T05:15:00Z,2026-04-26T07:15:00+0200,1539.27,MW,DE,DE_LU,forecast_offshore_wind_generation,Wind Offshore,2026-05-24T16:09:31Z
2026-05-24T16:08:25Z,2026-05-24T18:08:25+0200,8c5f6830-b44b-449b-bdab-a1b130ad33e1,2026-04-26T05:30:00Z,2026-04-26T07:30:00+0200,1418.52,MW,DE,DE_LU,forecast_offshore_wind_generation,Wind Offshore,2026-05-24T16:09:31Z
2026-05-24T16:08:25Z,2026-05-24T18:08:25+0200,8c5f6830-b44b-449b-bdab-a1b130ad33e1,2026-04-26T05:45:00Z,2026-04-26T07:45:00+0200,1300.55,MW,DE,DE_LU,forecast_offshore_wind_generation,Wind Offshore,2026-05-24T16:09:31Z
2026-05-24T16:08:25Z,2026-05-24T18:08:25+0200,8c5f6830-b44b-449b-bdab-a1b130ad33e1,2026-04-26T06:00:00Z,2026-04-26T08:00:00+0200,1181.97,MW,DE,DE_LU,forecast_offshore_wind_generation,Wind Offshore,2026-05-24T16:09:31Z
2026-05-24T16:08:25Z,2026-05-24T18:08:25+0200,8c5f6830-b44b-449b-bdab-a1b130ad33e1,2026-04-26T06:15:00Z,2026-04-26T08:15:00+0200,1080.75,MW,DE,DE_LU,forecast_offshore_wind_generation,Wind Offshore,2026-05-24T16:09:31Z
2026-05-24T16:08:25Z,2026-05-24T18:08:25+0200,8c5f6830-b44b-449b-bdab-a1b130ad33e1,2026-04-26T06:30:00Z,2026-04-26T08:30:00+0200,966.52,MW,DE,DE_LU,forecast_offshore_wind_generation,Wind Offshore,2026-05-24T16:09:31Z
2026-05-24T16:08:25Z,2026-05-24T18:08:25+0200,8c5f6830-b44b-449b-bdab-a1b130ad33e1,2026-04-26T06:45:00Z,2026-04-26T08:45:00+0200,868.38,MW,DE,DE_LU,forecast_offshore_wind_generation,Wind Offshore,2026-05-24T16:09:31Z
2026-05-24T16:08:25Z,2026-05-24T18:08:25+0200,8c5f6830-b44b-449b-bdab-a1b130ad33e1,2026-04-26T07:00:00Z,2026-04-26T09:00:00+0200,635.65,MW,DE,DE_LU,forecast_offshore_wind_generation,Wind Offshore,2026-05-24T16:09:31Z
2026-05-24T16:08:25Z,2026-05-24T18:08:25+0200,8c5f6830-b44b-449b-bdab-a1b130ad33e1,2026-04-26T07:15:00Z,2026-04-26T09:15:00+0200,578.43,MW,DE,DE_LU,forecast_offshore_wind_generation,Wind Offshore,2026-05-24T16:09:31Z
2026-05-24T16:08:25Z,2026-05-24T18:08:25+0200,8c5f6830-b44b-449b-bdab-a1b130ad33e1,2026-04-26T07:30:00Z,2026-04-26T09:30:00+0200,524.25,MW,DE,DE_LU,forecast_offshore_wind_generation,Wind Offshore,2026-05-24T16:09:31Z
2026-05-24T16:08:25Z,2026-05-24T18:08:25+0200,8c5f6830-b44b-449b-bdab-a1b130ad33e1,2026-04-26T07:45:00Z,2026-04-26T09:45:00+0200,472.57,MW,DE,DE_LU,forecast_offshore_wind_generation,Wind Offshore,2026-05-24T16:09:31Z
2026-05-24T16:08:25Z,2026-05-24T18:08:25+0200,8c5f6830-b44b-449b-bdab-a1b130ad33e1,2026-04-26T08:00:00Z,2026-04-26T10:00:00+0200,418.59,MW,DE,DE_LU,forecast_offshore_wind_generation,Wind Offshore,2026-05-24T16:09:31Z
2026-05-24T16:08:25Z,2026-05-24T18:08:25+0200,8c5f6830-b44b-449b-bdab-a1b130ad33e1,2026-04-26T08:15:00Z,2026-04-26T10:15:00+0200,387.23,MW,DE,DE_LU,forecast_offshore_wind_generation,Wind Offshore,2026-05-24T16:09:31Z
2026-05-24T16:08:25Z,2026-05-24T18:08:25+0200,8c5f6830-b44b-449b-bdab-a1b130ad33e1,2026-04-26T08:30:00Z,2026-04-26T10:30:00+0200,357.89,MW,DE,DE_LU,forecast_offshore_wind_generation,Wind Offshore,2026-05-24T16:09:31Z
2026-05-24T16:08:25Z,2026-05-24T18:08:25+0200,8c5f6830-b44b-449b-bdab-a1b130ad33e1,2026-04-26T08:45:00Z,2026-04-26T10:45:00+0200,326.66,MW,DE,DE_LU,forecast_offshore_wind_generation,Wind Offshore,2026-05-24T16:09:31Z
2026-05-24T16:08:25Z,2026-05-24T18:08:25+0200,8c5f6830-b44b-449b-bdab-a1b130ad33e1,2026-04-26T09:00:00Z,2026-04-26T11:00:00+0200,306.61,MW,DE,DE_LU,forecast_offshore_wind_generation,Wind Offshore,2026-05-24T16:09:31Z
2026-05-24T16:08:25Z,2026-05-24T18:08:25+0200,8c5f6830-b44b-449b-bdab-a1b130ad33e1,2026-04-26T09:15:00Z,2026-04-26T11:15:00+0200,294.47,MW,DE,DE_LU,forecast_offshore_wind_generation,Wind Offshore,2026-05-24T16:09:31Z
2026-05-24T16:08:25Z,2026-05-24T18:08:25+0200,8c5f6830-b44b-449b-bdab-a1b130ad33e1,2026-04-26T09:30:00Z,2026-04-26T11:30:00+0200,285.39,MW,DE,DE_LU,forecast_offshore_wind_generation,Wind Offshore,2026-05-24T16:09:31Z
2026-05-24T16:08:25Z,2026-05-24T18:08:25+0200,8c5f6830-b44b-449b-bdab-a1b130ad33e1,2026-04-26T09:45:00Z,2026-04-26T11:45:00+0200,275.38,MW,DE,DE_LU,forecast_offshore_wind_generation,Wind Offshore,2026-05-24T16:09:31Z
2026-05-24T16:08:25Z,2026-05-24T18:08:25+0200,8c5f6830-b44b-449b-bdab-a1b130ad33e1,2026-04-26T10:00:00Z,2026-04-26T12:00:00+0200,269.31,MW,DE,DE_LU,forecast_offshore_wind_generation,Wind Offshore,2026-05-24T16:09:31Z
2026-05-24T16:08:25Z,2026-05-24T18:08:25+0200,8c5f6830-b44b-449b-bdab-a1b130ad33e1,2026-04-26T10:15:00Z,2026-04-26T12:15:00+0200,270.94,MW,DE,DE_LU,forecast_offshore_wind_generation,Wind Offshore,2026-05-24T16:09:31Z
2026-05-24T16:08:25Z,2026-05-24T18:08:25+0200,8c5f6830-b44b-449b-bdab-a1b130ad33e1,2026-04-26T10:30:00Z,2026-04-26T12:30:00+0200,273.65,MW,DE,DE_LU,forecast_offshore_wind_generation,Wind Offshore,2026-05-24T16:09:31Z
2026-05-24T16:08:25Z,2026-05-24T18:08:25+0200,8c5f6830-b44b-449b-bdab-a1b130ad33e1,2026-04-26T10:45:00Z,2026-04-26T12:45:00+0200,275.46,MW,DE,DE_LU,forecast_offshore_wind_generation,Wind Offshore,2026-05-24T16:09:31Z
2026-05-24T16:08:25Z,2026-05-24T18:08:25+0200,8c5f6830-b44b-449b-bdab-a1b130ad33e1,2026-04-26T11:00:00Z,2026-04-26T13:00:00+0200,282.3,MW,DE,DE_LU,forecast_offshore_wind_generation,Wind Offshore,2026-05-24T16:09:31Z
2026-05-24T16:08:25Z,2026-05-24T18:08:25+0200,8c5f6830-b44b-449b-bdab-a1b130ad33e1,2026-04-26T11:15:00Z,2026-04-26T13:15:00+0200,292.72,MW,DE,DE_LU,forecast_offshore_wind_generation,Wind Offshore,2026-05-24T16:09:31Z
2026-05-24T16:08:25Z,2026-05-24T18:08:25+0200,8c5f6830-b44b-449b-bdab-a1b130ad33e1,2026-04-26T11:30:00Z,2026-04-26T13:30:00+0200,304.24,MW,DE,DE_LU,forecast_offshore_wind_generation,Wind Offshore,2026-05-24T16:09:31Z
2026-05-24T16:08:25Z,2026-05-24T18:08:25+0200,8c5f6830-b44b-449b-bdab-a1b130ad33e1,2026-04-26T11:45:00Z,2026-04-26T13:45:00+0200,315.87,MW,DE,DE_LU,forecast_offshore_wind_generation,Wind Offshore,2026-05-24T16:09:31Z
2026-05-24T16:08:25Z,2026-05-24T18:08:25+0200,8c5f6830-b44b-449b-bdab-a1b130ad33e1,2026-04-26T12:00:00Z,2026-04-26T14:00:00+0200,332.24,MW,DE,DE_LU,forecast_offshore_wind_generation,Wind Offshore,2026-05-24T16:09:31Z
2026-05-24T16:08:25Z,2026-05-24T18:08:25+0200,8c5f6830-b44b-449b-bdab-a1b130ad33e1,2026-04-26T12:15:00Z,2026-04-26T14:15:00+0200,349.43,MW,DE,DE_LU,forecast_offshore_wind_generation,Wind Offshore,2026-05-24T16:09:31Z
2026-05-24T16:08:25Z,2026-05-24T18:08:25+0200,8c5f6830-b44b-449b-bdab-a1b130ad33e1,2026-04-26T12:30:00Z,2026-04-26T14:30:00+0200,368.72,MW,DE,DE_LU,forecast_offshore_wind_generation,Wind Offshore,2026-05-24T16:09:31Z
2026-05-24T16:08:25Z,2026-05-24T18:08:25+0200,8c5f6830-b44b-449b-bdab-a1b130ad33e1,2026-04-26T12:45:00Z,2026-04-26T14:45:00+0200,384.0,MW,DE,DE_LU,forecast_offshore_wind_generation,Wind Offshore,2026-05-24T16:09:31Z
2026-05-24T16:08:25Z,2026-05-24T18:08:25+0200,8c5f6830-b44b-449b-bdab-a1b130ad33e1,2026-04-26T13:00:00Z,2026-04-26T15:00:00+0200,396.46,MW,DE,DE_LU,forecast_offshore_wind_generation,Wind Offshore,2026-05-24T16:09:31Z
2026-05-24T16:08:25Z,2026-05-24T18:08:25+0200,8c5f6830-b44b-449b-bdab-a1b130ad33e1,2026-04-26T13:15:00Z,2026-04-26T15:15:00+0200,410.91,MW,DE,DE_LU,forecast_offshore_wind_generation,Wind Offshore,2026-05-24T16:09:31Z
2026-05-24T16:08:25Z,2026-05-24T18:08:25+0200,8c5f6830-b44b-449b-bdab-a1b130ad33e1,2026-04-26T13:30:00Z,2026-04-26T15:30:00+0200,423.36,MW,DE,DE_LU,forecast_offshore_wind_generation,Wind Offshore,2026-05-24T16:09:31Z
2026-05-24T16:08:25Z,2026-05-24T18:08:25+0200,8c5f6830-b44b-449b-bdab-a1b130ad33e1,2026-04-26T13:45:00Z,2026-04-26T15:45:00+0200,435.79,MW,DE,DE_LU,forecast_offshore_wind_generation,Wind Offshore,2026-05-24T16:09:31Z
2026-05-24T16:08:25Z,2026-05-24T18:08:25+0200,8c5f6830-b44b-449b-bdab-a1b130ad33e1,2026-04-26T14:00:00Z,2026-04-26T16:00:00+0200,446.9,MW,DE,DE_LU,forecast_offshore_wind_generation,Wind Offshore,2026-05-24T16:09:31Z
2026-05-24T16:08:25Z,2026-05-24T18:08:25+0200,8c5f6830-b44b-449b-bdab-a1b130ad33e1,2026-04-26T14:15:00Z,2026-04-26T16:15:00+0200,457.91,MW,DE,DE_LU,forecast_offshore_wind_generation,Wind Offshore,2026-05-24T16:09:31Z
2026-05-24T16:08:25Z,2026-05-24T18:08:25+0200,8c5f6830-b44b-449b-bdab-a1b130ad33e1,2026-04-26T14:30:00Z,2026-04-26T16:30:00+0200,467.02,MW,DE,DE_LU,forecast_offshore_wind_generation,Wind Offshore,2026-05-24T16:09:31Z
2026-05-24T16:08:25Z,2026-05-24T18:08:25+0200,8c5f6830-b44b-449b-bdab-a1b130ad33e1,2026-04-26T14:45:00Z,2026-04-26T16:45:00+0200,477.94,MW,DE,DE_LU,forecast_offshore_wind_generation,Wind Offshore,2026-05-24T16:09:31Z
2026-05-24T16:08:25Z,2026-05-24T18:08:25+0200,8c5f6830-b44b-449b-bdab-a1b130ad33e1,2026-04-26T15:00:00Z,2026-04-26T17:00:00+0200,615.66,MW,DE,DE_LU,forecast_offshore_wind_generation,Wind Offshore,2026-05-24T16:09:31Z
2026-05-24T16:08:25Z,2026-05-24T18:08:25+0200,8c5f6830-b44b-449b-bdab-a1b130ad33e1,2026-04-26T15:15:00Z,2026-04-26T17:15:00+0200,610.16,MW,DE,DE_LU,forecast_offshore_wind_generation,Wind Offshore,2026-05-24T16:09:31Z
2026-05-24T16:08:25Z,2026-05-24T18:08:25+0200,8c5f6830-b44b-449b-bdab-a1b130ad33e1,2026-04-26T15:30:00Z,2026-04-26T17:30:00+0200,601.72,MW,DE,DE_LU,forecast_offshore_wind_generation,Wind Offshore,2026-05-24T16:09:31Z
2026-05-24T16:08:25Z,2026-05-24T18:08:25+0200,8c5f6830-b44b-449b-bdab-a1b130ad33e1,2026-04-26T15:45:00Z,2026-04-26T17:45:00+0200,594.21,MW,DE,DE_LU,forecast_offshore_wind_generation,Wind Offshore,2026-05-24T16:09:31Z
2026-05-24T16:08:25Z,2026-05-24T18:08:25+0200,8c5f6830-b44b-449b-bdab-a1b130ad33e1,2026-04-26T16:00:00Z,2026-04-26T18:00:00+0200,577.68,MW,DE,DE_LU,forecast_offshore_wind_generation,Wind Offshore,2026-05-24T16:09:31Z
2026-05-24T16:08:25Z,2026-05-24T18:08:25+0200,8c5f6830-b44b-449b-bdab-a1b130ad33e1,2026-04-26T16:15:00Z,2026-04-26T18:15:00+0200,566.44,MW,DE,DE_LU,forecast_offshore_wind_generation,Wind Offshore,2026-05-24T16:09:31Z
2026-05-24T16:08:25Z,2026-05-24T18:08:25+0200,8c5f6830-b44b-449b-bdab-a1b130ad33e1,2026-04-26T16:30:00Z,2026-04-26T18:30:00+0200,535.43,MW,DE,DE_LU,forecast_offshore_wind_generation,Wind Offshore,2026-05-24T16:09:31Z
2026-05-24T16:08:25Z,2026-05-24T18:08:25+0200,8c5f6830-b44b-449b-bdab-a1b130ad33e1,2026-04-26T16:45:00Z,2026-04-26T18:45:00+0200,510.4,MW,DE,DE_LU,forecast_offshore_wind_generation,Wind Offshore,2026-05-24T16:09:31Z
2026-05-24T16:08:25Z,2026-05-24T18:08:25+0200,8c5f6830-b44b-449b-bdab-a1b130ad33e1,2026-04-26T17:00:00Z,2026-04-26T19:00:00+0200,483.93,MW,DE,DE_LU,forecast_offshore_wind_generation,Wind Offshore,2026-05-24T16:09:31Z
2026-05-24T16:08:25Z,2026-05-24T18:08:25+0200,8c5f6830-b44b-449b-bdab-a1b130ad33e1,2026-04-26T17:15:00Z,2026-04-26T19:15:00+0200,447.07,MW,DE,DE_LU,forecast_offshore_wind_generation,Wind Offshore,2026-05-24T16:09:31Z
2026-05-24T16:08:25Z,2026-05-24T18:08:25+0200,8c5f6830-b44b-449b-bdab-a1b130ad33e1,2026-04-26T17:30:00Z,2026-04-26T19:30:00+0200,416.57,MW,DE,DE_LU,forecast_offshore_wind_generation,Wind Offshore,2026-05-24T16:09:31Z
2026-05-24T16:08:25Z,2026-05-24T18:08:25+0200,8c5f6830-b44b-449b-bdab-a1b130ad33e1,2026-04-26T17:45:00Z,2026-04-26T19:45:00+0200,383.03,MW,DE,DE_LU,forecast_offshore_wind_generation,Wind Offshore,2026-05-24T16:09:31Z
2026-05-24T16:08:25Z,2026-05-24T18:08:25+0200,8c5f6830-b44b-449b-bdab-a1b130ad33e1,2026-04-26T18:00:00Z,2026-04-26T20:00:00+0200,355.16,MW,DE,DE_LU,forecast_offshore_wind_generation,Wind Offshore,2026-05-24T16:09:31Z
2026-05-24T16:08:25Z,2026-05-24T18:08:25+0200,8c5f6830-b44b-449b-bdab-a1b130ad33e1,2026-04-26T18:15:00Z,2026-04-26T20:15:00+0200,332.74,MW,DE,DE_LU,forecast_offshore_wind_generation,Wind Offshore,2026-05-24T16:09:31Z
2026-05-24T16:08:25Z,2026-05-24T18:08:25+0200,8c5f6830-b44b-449b-bdab-a1b130ad33e1,2026-04-26T18:30:00Z,2026-04-26T20:30:00+0200,309.3,MW,DE,DE_LU,forecast_offshore_wind_generation,Wind Offshore,2026-05-24T16:09:31Z
2026-05-24T16:08:25Z,2026-05-24T18:08:25+0200,8c5f6830-b44b-449b-bdab-a1b130ad33e1,2026-04-26T18:45:00Z,2026-04-26T20:45:00+0200,284.7,MW,DE,DE_LU,forecast_offshore_wind_generation,Wind Offshore,2026-05-24T16:09:31Z
2026-05-24T16:08:25Z,2026-05-24T18:08:25+0200,8c5f6830-b44b-449b-bdab-a1b130ad33e1,2026-04-26T19:00:00Z,2026-04-26T21:00:00+0200,267.63,MW,DE,DE_LU,forecast_offshore_wind_generation,Wind Offshore,2026-05-24T16:09:31Z
2026-05-24T16:08:25Z,2026-05-24T18:08:25+0200,8c5f6830-b44b-449b-bdab-a1b130ad33e1,2026-04-26T19:15:00Z,2026-04-26T21:15:00+0200,252.1,MW,DE,DE_LU,forecast_offshore_wind_generation,Wind Offshore,2026-05-24T16:09:31Z
2026-05-24T16:08:25Z,2026-05-24T18:08:25+0200,8c5f6830-b44b-449b-bdab-a1b130ad33e1,2026-04-26T19:30:00Z,2026-04-26T21:30:00+0200,236.68,MW,DE,DE_LU,forecast_offshore_wind_generation,Wind Offshore,2026-05-24T16:09:31Z
2026-05-24T16:08:25Z,2026-05-24T18:08:25+0200,8c5f6830-b44b-449b-bdab-a1b130ad33e1,2026-04-26T19:45:00Z,2026-04-26T21:45:00+0200,228.37,MW,DE,DE_LU,forecast_offshore_wind_generation,Wind Offshore,2026-05-24T16:09:31Z
2026-05-24T16:08:25Z,2026-05-24T18:08:25+0200,8c5f6830-b44b-449b-bdab-a1b130ad33e1,2026-04-26T20:00:00Z,2026-04-26T22:00:00+0200,220.74,MW,DE,DE_LU,forecast_offshore_wind_generation,Wind Offshore,2026-05-24T16:09:31Z
2026-05-24T16:08:25Z,2026-05-24T18:08:25+0200,8c5f6830-b44b-449b-bdab-a1b130ad33e1,2026-04-26T20:15:00Z,2026-04-26T22:15:00+0200,213.45,MW,DE,DE_LU,forecast_offshore_wind_generation,Wind Offshore,2026-05-24T16:09:31Z
2026-05-24T16:08:25Z,2026-05-24T18:08:25+0200,8c5f6830-b44b-449b-bdab-a1b130ad33e1,2026-04-26T20:30:00Z,2026-04-26T22:30:00+0200,206.35,MW,DE,DE_LU,forecast_offshore_wind_generation,Wind Offshore,2026-05-24T16:09:31Z
2026-05-24T16:08:25Z,2026-05-24T18:08:25+0200,8c5f6830-b44b-449b-bdab-a1b130ad33e1,2026-04-26T20:45:00Z,2026-04-26T22:45:00+0200,203.48,MW,DE,DE_LU,forecast_offshore_wind_generation,Wind Offshore,2026-05-24T16:09:31Z
2026-05-24T16:08:25Z,2026-05-24T18:08:25+0200,8c5f6830-b44b-449b-bdab-a1b130ad33e1,2026-04-26T21:00:00Z,2026-04-26T23:00:00+0200,202.13,MW,DE,DE_LU,forecast_offshore_wind_generation,Wind Offshore,2026-05-24T16:09:31Z
2026-05-24T16:08:25Z,2026-05-24T18:08:25+0200,8c5f6830-b44b-449b-bdab-a1b130ad33e1,2026-04-26T21:15:00Z,2026-04-26T23:15:00+0200,209.48,MW,DE,DE_LU,forecast_offshore_wind_generation,Wind Offshore,2026-05-24T16:09:31Z
2026-05-24T16:08:25Z,2026-05-24T18:08:25+0200,8c5f6830-b44b-449b-bdab-a1b130ad33e1,2026-04-26T21:30:00Z,2026-04-26T23:30:00+0200,214.81,MW,DE,DE_LU,forecast_offshore_wind_generation,Wind Offshore,2026-05-24T16:09:31Z
2026-05-24T16:08:25Z,2026-05-24T18:08:25+0200,8c5f6830-b44b-449b-bdab-a1b130ad33e1,2026-04-26T21:45:00Z,2026-04-26T23:45:00+0200,224.12,MW,DE,DE_LU,forecast_offshore_wind_generation,Wind Offshore,2026-05-24T16:09:31Z
2026-05-24T16:08:25Z,2026-05-24T18:08:25+0200,8c5f6830-b44b-449b-bdab-a1b130ad33e1,2026-04-26T22:00:00Z,2026-04-27T00:00:00+0200,218.74,MW,DE,DE_LU,forecast_offshore_wind_generation,Wind Offshore,2026-05-24T16:09:31Z
2026-05-24T16:08:25Z,2026-05-24T18:08:25+0200,8c5f6830-b44b-449b-bdab-a1b130ad33e1,2026-04-26T22:15:00Z,2026-04-27T00:15:00+0200,225.0,MW,DE,DE_LU,forecast_offshore_wind_generation,Wind Offshore,2026-05-24T16:09:31Z
2026-05-24T16:08:25Z,2026-05-24T18:08:25+0200,8c5f6830-b44b-449b-bdab-a1b130ad33e1,2026-04-26T22:30:00Z,2026-04-27T00:30:00+0200,232.29,MW,DE,DE_LU,forecast_offshore_wind_generation,Wind Offshore,2026-05-24T16:09:31Z
2026-05-24T16:08:25Z,2026-05-24T18:08:25+0200,8c5f6830-b44b-449b-bdab-a1b130ad33e1,2026-04-26T22:45:00Z,2026-04-27T00:45:00+0200,238.67,MW,DE,DE_LU,forecast_offshore_wind_generation,Wind Offshore,2026-05-24T16:09:31Z
2026-05-24T16:08:25Z,2026-05-24T18:08:25+0200,8c5f6830-b44b-449b-bdab-a1b130ad33e1,2026-04-26T23:00:00Z,2026-04-27T01:00:00+0200,243.71,MW,DE,DE_LU,forecast_offshore_wind_generation,Wind Offshore,2026-05-24T16:09:31Z
2026-05-24T16:08:25Z,2026-05-24T18:08:25+0200,8c5f6830-b44b-449b-bdab-a1b130ad33e1,2026-04-26T23:15:00Z,2026-04-27T01:15:00+0200,243.43,MW,DE,DE_LU,forecast_offshore_wind_generation,Wind Offshore,2026-05-24T16:09:31Z
2026-05-24T16:08:25Z,2026-05-24T18:08:25+0200,8c5f6830-b44b-449b-bdab-a1b130ad33e1,2026-04-26T23:30:00Z,2026-04-27T01:30:00+0200,242.2,MW,DE,DE_LU,forecast_offshore_wind_generation,Wind Offshore,2026-05-24T16:09:31Z
2026-05-24T16:08:25Z,2026-05-24T18:08:25+0200,8c5f6830-b44b-449b-bdab-a1b130ad33e1,2026-04-26T23:45:00Z,2026-04-27T01:45:00+0200,242.73,MW,DE,DE_LU,forecast_offshore_wind_generation,Wind Offshore,2026-05-24T16:09:31Z
2026-05-24T16:08:25Z,2026-05-24T18:08:25+0200,8c5f6830-b44b-449b-bdab-a1b130ad33e1,2026-04-27T00:00:00Z,2026-04-27T02:00:00+0200,245.24,MW,DE,DE_LU,forecast_offshore_wind_generation,Wind Offshore,2026-05-24T16:09:31Z
2026-05-24T16:08:25Z,2026-05-24T18:08:25+0200,8c5f6830-b44b-449b-bdab-a1b130ad33e1,2026-04-27T00:15:00Z,2026-04-27T02:15:00+0200,235.46,MW,DE,DE_LU,forecast_offshore_wind_generation,Wind Offshore,2026-05-24T16:09:31Z
2026-05-24T16:08:25Z,2026-05-24T18:08:25+0200,8c5f6830-b44b-449b-bdab-a1b130ad33e1,2026-04-27T00:30:00Z,2026-04-27T02:30:00+0200,227.64,MW,DE,DE_LU,forecast_offshore_wind_generation,Wind Offshore,2026-05-24T16:09:31Z
2026-05-24T16:08:25Z,2026-05-24T18:08:25+0200,8c5f6830-b44b-449b-bdab-a1b130ad33e1,2026-04-27T00:45:00Z,2026-04-27T02:45:00+0200,220.09,MW,DE,DE_LU,forecast_offshore_wind_generation,Wind Offshore,2026-05-24T16:09:31Z
2026-05-24T16:08:25Z,2026-05-24T18:08:25+0200,8c5f6830-b44b-449b-bdab-a1b130ad33e1,2026-04-27T01:00:00Z,2026-04-27T03:00:00+0200,209.51,MW,DE,DE_LU,forecast_offshore_wind_generation,Wind Offshore,2026-05-24T16:09:31Z
2026-05-24T16:08:25Z,2026-05-24T18:08:25+0200,8c5f6830-b44b-449b-bdab-a1b130ad33e1,2026-04-27T01:15:00Z,2026-04-27T03:15:00+0200,201.61,MW,DE,DE_LU,forecast_offshore_wind_generation,Wind Offshore,2026-05-24T16:09:31Z
2026-05-24T16:08:25Z,2026-05-24T18:08:25+0200,8c5f6830-b44b-449b-bdab-a1b130ad33e1,2026-04-27T01:30:00Z,2026-04-27T03:30:00+0200,193.82,MW,DE,DE_LU,forecast_offshore_wind_generation,Wind Offshore,2026-05-24T16:09:31Z
2026-05-24T16:08:25Z,2026-05-24T18:08:25+0200,8c5f6830-b44b-449b-bdab-a1b130ad33e1,2026-04-27T01:45:00Z,2026-04-27T03:45:00+0200,182.46,MW,DE,DE_LU,forecast_offshore_wind_generation,Wind Offshore,2026-05-24T16:09:31Z
2026-05-24T16:08:25Z,2026-05-24T18:08:25+0200,8c5f6830-b44b-449b-bdab-a1b130ad33e1,2026-04-27T02:00:00Z,2026-04-27T04:00:00+0200,174.36,MW,DE,DE_LU,forecast_offshore_wind_generation,Wind Offshore,2026-05-24T16:09:31Z
2026-05-24T16:08:25Z,2026-05-24T18:08:25+0200,8c5f6830-b44b-449b-bdab-a1b130ad33e1,2026-04-27T02:15:00Z,2026-04-27T04:15:00+0200,163.01,MW,DE,DE_LU,forecast_offshore_wind_generation,Wind Offshore,2026-05-24T16:09:31Z
2026-05-24T16:08:25Z,2026-05-24T18:08:25+0200,8c5f6830-b44b-449b-bdab-a1b130ad33e1,2026-04-27T02:30:00Z,2026-04-27T04:30:00+0200,152.71,MW,DE,DE_LU,forecast_offshore_wind_generation,Wind Offshore,2026-05-24T16:09:31Z
2026-05-24T16:08:25Z,2026-05-24T18:08:25+0200,8c5f6830-b44b-449b-bdab-a1b130ad33e1,2026-04-27T02:45:00Z,2026-04-27T04:45:00+0200,144.62,MW,DE,DE_LU,forecast_offshore_wind_generation,Wind Offshore,2026-05-24T16:09:31Z
2026-05-24T16:08:25Z,2026-05-24T18:08:25+0200,8c5f6830-b44b-449b-bdab-a1b130ad33e1,2026-04-27T03:00:00Z,2026-04-27T05:00:00+0200,137.58,MW,DE,DE_LU,forecast_offshore_wind_generation,Wind Offshore,2026-05-24T16:09:31Z
2026-05-24T16:08:25Z,2026-05-24T18:08:25+0200,8c5f6830-b44b-449b-bdab-a1b130ad33e1,2026-04-27T03:15:00Z,2026-04-27T05:15:00+0200,131.08,MW,DE,DE_LU,forecast_offshore_wind_generation,Wind Offshore,2026-05-24T16:09:31Z
2026-05-24T16:08:25Z,2026-05-24T18:08:25+0200,8c5f6830-b44b-449b-bdab-a1b130ad33e1,2026-04-27T03:30:00Z,2026-04-27T05:30:00+0200,125.58,MW,DE,DE_LU,forecast_offshore_wind_generation,Wind Offshore,2026-05-24T16:09:31Z
2026-05-24T16:08:25Z,2026-05-24T18:08:25+0200,8c5f6830-b44b-449b-bdab-a1b130ad33e1,2026-04-27T03:45:00Z,2026-04-27T05:45:00+0200,115.08,MW,DE,DE_LU,forecast_offshore_wind_generation,Wind Offshore,2026-05-24T16:09:31Z
2026-05-24T16:08:25Z,2026-05-24T18:08:25+0200,8c5f6830-b44b-449b-bdab-a1b130ad33e1,2026-04-27T04:00:00Z,2026-04-27T06:00:00+0200,106.67,MW,DE,DE_LU,forecast_offshore_wind_generation,Wind Offshore,2026-05-24T16:09:31Z
2026-05-24T16:08:25Z,2026-05-24T18:08:25+0200,8c5f6830-b44b-449b-bdab-a1b130ad33e1,2026-04-27T04:15:00Z,2026-04-27T06:15:00+0200,102.47,MW,DE,DE_LU,forecast_offshore_wind_generation,Wind Offshore,2026-05-24T16:09:31Z
2026-05-24T16:08:25Z,2026-05-24T18:08:25+0200,8c5f6830-b44b-449b-bdab-a1b130ad33e1,2026-04-27T04:30:00Z,2026-04-27T06:30:00+0200,95.45,MW,DE,DE_LU,forecast_offshore_wind_generation,Wind Offshore,2026-05-24T16:09:31Z
2026-05-24T16:08:25Z,2026-05-24T18:08:25+0200,8c5f6830-b44b-449b-bdab-a1b130ad33e1,2026-04-27T04:45:00Z,2026-04-27T06:45:00+0200,89.61,MW,DE,DE_LU,forecast_offshore_wind_generation,Wind Offshore,2026-05-24T16:09:31Z
2026-05-24T16:08:25Z,2026-05-24T18:08:25+0200,8c5f6830-b44b-449b-bdab-a1b130ad33e1,2026-04-27T05:00:00Z,2026-04-27T07:00:00+0200,86.88,MW,DE,DE_LU,forecast_offshore_wind_generation,Wind Offshore,2026-05-24T16:09:31Z
2026-05-24T16:08:25Z,2026-05-24T18:08:25+0200,8c5f6830-b44b-449b-bdab-a1b130ad33e1,2026-04-27T05:15:00Z,2026-04-27T07:15:00+0200,81.2,MW,DE,DE_LU,forecast_offshore_wind_generation,Wind Offshore,2026-05-24T16:09:31Z
2026-05-24T16:08:25Z,2026-05-24T18:08:25+0200,8c5f6830-b44b-449b-bdab-a1b130ad33e1,2026-04-27T05:30:00Z,2026-04-27T07:30:00+0200,80.53,MW,DE,DE_LU,forecast_offshore_wind_generation,Wind Offshore,2026-05-24T16:09:31Z
2026-05-24T16:08:25Z,2026-05-24T18:08:25+0200,8c5f6830-b44b-449b-bdab-a1b130ad33e1,2026-04-27T05:45:00Z,2026-04-27T07:45:00+0200,79.84,MW,DE,DE_LU,forecast_offshore_wind_generation,Wind Offshore,2026-05-24T16:09:31Z
2026-05-24T16:08:25Z,2026-05-24T18:08:25+0200,8c5f6830-b44b-449b-bdab-a1b130ad33e1,2026-04-27T06:00:00Z,2026-04-27T08:00:00+0200,76.74,MW,DE,DE_LU,forecast_offshore_wind_generation,Wind Offshore,2026-05-24T16:09:31Z
2026-05-24T16:08:25Z,2026-05-24T18:08:25+0200,8c5f6830-b44b-449b-bdab-a1b130ad33e1,2026-04-27T06:15:00Z,2026-04-27T08:15:00+0200,74.12,MW,DE,DE_LU,forecast_offshore_wind_generation,Wind Offshore,2026-05-24T16:09:31Z
2026-05-24T16:08:25Z,2026-05-24T18:08:25+0200,8c5f6830-b44b-449b-bdab-a1b130ad33e1,2026-04-27T06:30:00Z,2026-04-27T08:30:00+0200,69.58,MW,DE,DE_LU,forecast_offshore_wind_generation,Wind Offshore,2026-05-24T16:09:31Z
2026-05-24T16:08:25Z,2026-05-24T18:08:25+0200,8c5f6830-b44b-449b-bdab-a1b130ad33e1,2026-04-27T06:45:00Z,2026-04-27T08:45:00+0200,66.05,MW,DE,DE_LU,forecast_offshore_wind_generation,Wind Offshore,2026-05-24T16:09:31Z
2026-05-24T16:08:25Z,2026-05-24T18:08:25+0200,8c5f6830-b44b-449b-bdab-a1b130ad33e1,2026-04-27T07:00:00Z,2026-04-27T09:00:00+0200,60.67,MW,DE,DE_LU,forecast_offshore_wind_generation,Wind Offshore,2026-05-24T16:09:31Z
2026-05-24T16:08:25Z,2026-05-24T18:08:25+0200,8c5f6830-b44b-449b-bdab-a1b130ad33e1,2026-04-27T07:15:00Z,2026-04-27T09:15:00+0200,58.43,MW,DE,DE_LU,forecast_offshore_wind_generation,Wind Offshore,2026-05-24T16:09:31Z
2026-05-24T16:08:25Z,2026-05-24T18:08:25+0200,8c5f6830-b44b-449b-bdab-a1b130ad33e1,2026-04-27T07:30:00Z,2026-04-27T09:30:00+0200,55.17,MW,DE,DE_LU,forecast_offshore_wind_generation,Wind Offshore,2026-05-24T16:09:31Z
2026-05-24T16:08:25Z,2026-05-24T18:08:25+0200,8c5f6830-b44b-449b-bdab-a1b130ad33e1,2026-04-27T07:45:00Z,2026-04-27T09:45:00+0200,51.94,MW,DE,DE_LU,forecast_offshore_wind_generation,Wind Offshore,2026-05-24T16:09:31Z
2026-05-24T16:08:25Z,2026-05-24T18:08:25+0200,8c5f6830-b44b-449b-bdab-a1b130ad33e1,2026-04-27T08:00:00Z,2026-04-27T10:00:00+0200,48.85,MW,DE,DE_LU,forecast_offshore_wind_generation,Wind Offshore,2026-05-24T16:09:31Z
2026-05-24T16:08:25Z,2026-05-24T18:08:25+0200,8c5f6830-b44b-449b-bdab-a1b130ad33e1,2026-04-27T08:15:00Z,2026-04-27T10:15:00+0200,44.88,MW,DE,DE_LU,forecast_offshore_wind_generation,Wind Offshore,2026-05-24T16:09:31Z
2026-05-24T16:08:25Z,2026-05-24T18:08:25+0200,8c5f6830-b44b-449b-bdab-a1b130ad33e1,2026-04-27T08:30:00Z,2026-04-27T10:30:00+0200,40.94,MW,DE,DE_LU,forecast_offshore_wind_generation,Wind Offshore,2026-05-24T16:09:31Z
2026-05-24T16:08:25Z,2026-05-24T18:08:25+0200,8c5f6830-b44b-449b-bdab-a1b130ad33e1,2026-04-27T08:45:00Z,2026-04-27T10:45:00+0200,35.97,MW,DE,DE_LU,forecast_offshore_wind_generation,Wind Offshore,2026-05-24T16:09:31Z
2026-05-24T16:08:25Z,2026-05-24T18:08:25+0200,8c5f6830-b44b-449b-bdab-a1b130ad33e1,2026-04-27T09:00:00Z,2026-04-27T11:00:00+0200,34.58,MW,DE,DE_LU,forecast_offshore_wind_generation,Wind Offshore,2026-05-24T16:09:31Z
2026-05-24T16:08:25Z,2026-05-24T18:08:25+0200,8c5f6830-b44b-449b-bdab-a1b130ad33e1,2026-04-27T09:15:00Z,2026-04-27T11:15:00+0200,32.21,MW,DE,DE_LU,forecast_offshore_wind_generation,Wind Offshore,2026-05-24T16:09:31Z
2026-05-24T16:08:25Z,2026-05-24T18:08:25+0200,8c5f6830-b44b-449b-bdab-a1b130ad33e1,2026-04-27T09:30:00Z,2026-04-27T11:30:00+0200,31.9,MW,DE,DE_LU,forecast_offshore_wind_generation,Wind Offshore,2026-05-24T16:09:31Z
2026-05-24T16:08:25Z,2026-05-24T18:08:25+0200,8c5f6830-b44b-449b-bdab-a1b130ad33e1,2026-04-27T09:45:00Z,2026-04-27T11:45:00+0200,30.6,MW,DE,DE_LU,forecast_offshore_wind_generation,Wind Offshore,2026-05-24T16:09:31Z
2026-05-24T16:08:25Z,2026-05-24T18:08:25+0200,8c5f6830-b44b-449b-bdab-a1b130ad33e1,2026-04-27T10:00:00Z,2026-04-27T12:00:00+0200,30.6,MW,DE,DE_LU,forecast_offshore_wind_generation,Wind Offshore,2026-05-24T16:09:31Z
2026-05-24T16:08:25Z,2026-05-24T18:08:25+0200,8c5f6830-b44b-449b-bdab-a1b130ad33e1,2026-04-27T10:15:00Z,2026-04-27T12:15:00+0200,28.93,MW,DE,DE_LU,forecast_offshore_wind_generation,Wind Offshore,2026-05-24T16:09:31Z
2026-05-24T16:08:25Z,2026-05-24T18:08:25+0200,8c5f6830-b44b-449b-bdab-a1b130ad33e1,2026-04-27T10:30:00Z,2026-04-27T12:30:00+0200,27.23,MW,DE,DE_LU,forecast_offshore_wind_generation,Wind Offshore,2026-05-24T16:09:31Z
2026-05-24T16:08:25Z,2026-05-24T18:08:25+0200,8c5f6830-b44b-449b-bdab-a1b130ad33e1,2026-04-27T10:45:00Z,2026-04-27T12:45:00+0200,26.62,MW,DE,DE_LU,forecast_offshore_wind_generation,Wind Offshore,2026-05-24T16:09:31Z
2026-05-24T16:08:25Z,2026-05-24T18:08:25+0200,8c5f6830-b44b-449b-bdab-a1b130ad33e1,2026-04-27T11:00:00Z,2026-04-27T13:00:00+0200,26.33,MW,DE,DE_LU,forecast_offshore_wind_generation,Wind Offshore,2026-05-24T16:09:31Z
2026-05-24T16:08:25Z,2026-05-24T18:08:25+0200,8c5f6830-b44b-449b-bdab-a1b130ad33e1,2026-04-27T11:15:00Z,2026-04-27T13:15:00+0200,29.68,MW,DE,DE_LU,forecast_offshore_wind_generation,Wind Offshore,2026-05-24T16:09:31Z
2026-05-24T16:08:25Z,2026-05-24T18:08:25+0200,8c5f6830-b44b-449b-bdab-a1b130ad33e1,2026-04-27T11:30:00Z,2026-04-27T13:30:00+0200,30.07,MW,DE,DE_LU,forecast_offshore_wind_generation,Wind Offshore,2026-05-24T16:09:31Z
2026-05-24T16:08:25Z,2026-05-24T18:08:25+0200,8c5f6830-b44b-449b-bdab-a1b130ad33e1,2026-04-27T11:45:00Z,2026-04-27T13:45:00+0200,32.46,MW,DE,DE_LU,forecast_offshore_wind_generation,Wind Offshore,2026-05-24T16:09:31Z
2026-05-24T16:08:25Z,2026-05-24T18:08:25+0200,8c5f6830-b44b-449b-bdab-a1b130ad33e1,2026-04-27T12:00:00Z,2026-04-27T14:00:00+0200,39.95,MW,DE,DE_LU,forecast_offshore_wind_generation,Wind Offshore,2026-05-24T16:09:31Z
2026-05-24T16:08:25Z,2026-05-24T18:08:25+0200,8c5f6830-b44b-449b-bdab-a1b130ad33e1,2026-04-27T12:15:00Z,2026-04-27T14:15:00+0200,46.85,MW,DE,DE_LU,forecast_offshore_wind_generation,Wind Offshore,2026-05-24T16:09:31Z
2026-05-24T16:08:25Z,2026-05-24T18:08:25+0200,8c5f6830-b44b-449b-bdab-a1b130ad33e1,2026-04-27T12:30:00Z,2026-04-27T14:30:00+0200,49.79,MW,DE,DE_LU,forecast_offshore_wind_generation,Wind Offshore,2026-05-24T16:09:31Z
2026-05-24T16:08:25Z,2026-05-24T18:08:25+0200,8c5f6830-b44b-449b-bdab-a1b130ad33e1,2026-04-27T12:45:00Z,2026-04-27T14:45:00+0200,59.75,MW,DE,DE_LU,forecast_offshore_wind_generation,Wind Offshore,2026-05-24T16:09:31Z
2026-05-24T16:08:25Z,2026-05-24T18:08:25+0200,8c5f6830-b44b-449b-bdab-a1b130ad33e1,2026-04-27T13:00:00Z,2026-04-27T15:00:00+0200,67.8,MW,DE,DE_LU,forecast_offshore_wind_generation,Wind Offshore,2026-05-24T16:09:31Z
2026-05-24T16:08:25Z,2026-05-24T18:08:25+0200,8c5f6830-b44b-449b-bdab-a1b130ad33e1,2026-04-27T13:15:00Z,2026-04-27T15:15:00+0200,71.96,MW,DE,DE_LU,forecast_offshore_wind_generation,Wind Offshore,2026-05-24T16:09:31Z
2026-05-24T16:08:25Z,2026-05-24T18:08:25+0200,8c5f6830-b44b-449b-bdab-a1b130ad33e1,2026-04-27T13:30:00Z,2026-04-27T15:30:00+0200,82.1,MW,DE,DE_LU,forecast_offshore_wind_generation,Wind Offshore,2026-05-24T16:09:31Z
2026-05-24T16:08:25Z,2026-05-24T18:08:25+0200,8c5f6830-b44b-449b-bdab-a1b130ad33e1,2026-04-27T13:45:00Z,2026-04-27T15:45:00+0200,87.23,MW,DE,DE_LU,forecast_offshore_wind_generation,Wind Offshore,2026-05-24T16:09:31Z
2026-05-24T16:08:25Z,2026-05-24T18:08:25+0200,8c5f6830-b44b-449b-bdab-a1b130ad33e1,2026-04-27T14:00:00Z,2026-04-27T16:00:00+0200,102.62,MW,DE,DE_LU,forecast_offshore_wind_generation,Wind Offshore,2026-05-24T16:09:31Z
2026-05-24T16:08:25Z,2026-05-24T18:08:25+0200,8c5f6830-b44b-449b-bdab-a1b130ad33e1,2026-04-27T14:15:00Z,2026-04-27T16:15:00+0200,116.44,MW,DE,DE_LU,forecast_offshore_wind_generation,Wind Offshore,2026-05-24T16:09:31Z
2026-05-24T16:08:25Z,2026-05-24T18:08:25+0200,8c5f6830-b44b-449b-bdab-a1b130ad33e1,2026-04-27T14:30:00Z,2026-04-27T16:30:00+0200,127.26,MW,DE,DE_LU,forecast_offshore_wind_generation,Wind Offshore,2026-05-24T16:09:31Z
2026-05-24T16:08:25Z,2026-05-24T18:08:25+0200,8c5f6830-b44b-449b-bdab-a1b130ad33e1,2026-04-27T14:45:00Z,2026-04-27T16:45:00+0200,137.09,MW,DE,DE_LU,forecast_offshore_wind_generation,Wind Offshore,2026-05-24T16:09:31Z
2026-05-24T16:08:25Z,2026-05-24T18:08:25+0200,8c5f6830-b44b-449b-bdab-a1b130ad33e1,2026-04-27T15:00:00Z,2026-04-27T17:00:00+0200,155.02,MW,DE,DE_LU,forecast_offshore_wind_generation,Wind Offshore,2026-05-24T16:09:31Z
2026-05-24T16:08:25Z,2026-05-24T18:08:25+0200,8c5f6830-b44b-449b-bdab-a1b130ad33e1,2026-04-27T15:15:00Z,2026-04-27T17:15:00+0200,174.08,MW,DE,DE_LU,forecast_offshore_wind_generation,Wind Offshore,2026-05-24T16:09:31Z
2026-05-24T16:08:25Z,2026-05-24T18:08:25+0200,8c5f6830-b44b-449b-bdab-a1b130ad33e1,2026-04-27T15:30:00Z,2026-04-27T17:30:00+0200,191.16,MW,DE,DE_LU,forecast_offshore_wind_generation,Wind Offshore,2026-05-24T16:09:31Z
2026-05-24T16:08:25Z,2026-05-24T18:08:25+0200,8c5f6830-b44b-449b-bdab-a1b130ad33e1,2026-04-27T15:45:00Z,2026-04-27T17:45:00+0200,212.3,MW,DE,DE_LU,forecast_offshore_wind_generation,Wind Offshore,2026-05-24T16:09:31Z
2026-05-24T16:08:25Z,2026-05-24T18:08:25+0200,8c5f6830-b44b-449b-bdab-a1b130ad33e1,2026-04-27T16:00:00Z,2026-04-27T18:00:00+0200,237.44,MW,DE,DE_LU,forecast_offshore_wind_generation,Wind Offshore,2026-05-24T16:09:31Z
2026-05-24T16:08:25Z,2026-05-24T18:08:25+0200,8c5f6830-b44b-449b-bdab-a1b130ad33e1,2026-04-27T16:15:00Z,2026-04-27T18:15:00+0200,262.82,MW,DE,DE_LU,forecast_offshore_wind_generation,Wind Offshore,2026-05-24T16:09:31Z
2026-05-24T16:08:25Z,2026-05-24T18:08:25+0200,8c5f6830-b44b-449b-bdab-a1b130ad33e1,2026-04-27T16:30:00Z,2026-04-27T18:30:00+0200,291.2,MW,DE,DE_LU,forecast_offshore_wind_generation,Wind Offshore,2026-05-24T16:09:31Z
2026-05-24T16:08:25Z,2026-05-24T18:08:25+0200,8c5f6830-b44b-449b-bdab-a1b130ad33e1,2026-04-27T16:45:00Z,2026-04-27T18:45:00+0200,317.53,MW,DE,DE_LU,forecast_offshore_wind_generation,Wind Offshore,2026-05-24T16:09:31Z
2026-05-24T16:08:25Z,2026-05-24T18:08:25+0200,8c5f6830-b44b-449b-bdab-a1b130ad33e1,2026-04-27T17:00:00Z,2026-04-27T19:00:00+0200,346.83,MW,DE,DE_LU,forecast_offshore_wind_generation,Wind Offshore,2026-05-24T16:09:31Z
2026-05-24T16:08:25Z,2026-05-24T18:08:25+0200,8c5f6830-b44b-449b-bdab-a1b130ad33e1,2026-04-27T17:15:00Z,2026-04-27T19:15:00+0200,383.52,MW,DE,DE_LU,forecast_offshore_wind_generation,Wind Offshore,2026-05-24T16:09:31Z
2026-05-24T16:08:25Z,2026-05-24T18:08:25+0200,8c5f6830-b44b-449b-bdab-a1b130ad33e1,2026-04-27T17:30:00Z,2026-04-27T19:30:00+0200,420.23,MW,DE,DE_LU,forecast_offshore_wind_generation,Wind Offshore,2026-05-24T16:09:31Z
2026-05-24T16:08:25Z,2026-05-24T18:08:25+0200,8c5f6830-b44b-449b-bdab-a1b130ad33e1,2026-04-27T17:45:00Z,2026-04-27T19:45:00+0200,458.99,MW,DE,DE_LU,forecast_offshore_wind_generation,Wind Offshore,2026-05-24T16:09:31Z
2026-05-24T16:08:25Z,2026-05-24T18:08:25+0200,8c5f6830-b44b-449b-bdab-a1b130ad33e1,2026-04-27T18:00:00Z,2026-04-27T20:00:00+0200,503.85,MW,DE,DE_LU,forecast_offshore_wind_generation,Wind Offshore,2026-05-24T16:09:31Z
2026-05-24T16:08:25Z,2026-05-24T18:08:25+0200,8c5f6830-b44b-449b-bdab-a1b130ad33e1,2026-04-27T18:15:00Z,2026-04-27T20:15:00+0200,560.75,MW,DE,DE_LU,forecast_offshore_wind_generation,Wind Offshore,2026-05-24T16:09:31Z
2026-05-24T16:08:25Z,2026-05-24T18:08:25+0200,8c5f6830-b44b-449b-bdab-a1b130ad33e1,2026-04-27T18:30:00Z,2026-04-27T20:30:00+0200,613.65,MW,DE,DE_LU,forecast_offshore_wind_generation,Wind Offshore,2026-05-24T16:09:31Z
2026-05-24T16:08:25Z,2026-05-24T18:08:25+0200,8c5f6830-b44b-449b-bdab-a1b130ad33e1,2026-04-27T18:45:00Z,2026-04-27T20:45:00+0200,674.56,MW,DE,DE_LU,forecast_offshore_wind_generation,Wind Offshore,2026-05-24T16:09:31Z
2026-05-24T16:08:25Z,2026-05-24T18:08:25+0200,8c5f6830-b44b-449b-bdab-a1b130ad33e1,2026-04-27T19:00:00Z,2026-04-27T21:00:00+0200,735.83,MW,DE,DE_LU,forecast_offshore_wind_generation,Wind Offshore,2026-05-24T16:09:31Z
2026-05-24T16:08:25Z,2026-05-24T18:08:25+0200,8c5f6830-b44b-449b-bdab-a1b130ad33e1,2026-04-27T19:15:00Z,2026-04-27T21:15:00+0200,809.88,MW,DE,DE_LU,forecast_offshore_wind_generation,Wind Offshore,2026-05-24T16:09:31Z
2026-05-24T16:08:25Z,2026-05-24T18:08:25+0200,8c5f6830-b44b-449b-bdab-a1b130ad33e1,2026-04-27T19:30:00Z,2026-04-27T21:30:00+0200,880.94,MW,DE,DE_LU,forecast_offshore_wind_generation,Wind Offshore,2026-05-24T16:09:31Z
2026-05-24T16:08:25Z,2026-05-24T18:08:25+0200,8c5f6830-b44b-449b-bdab-a1b130ad33e1,2026-04-27T19:45:00Z,2026-04-27T21:45:00+0200,954.03,MW,DE,DE_LU,forecast_offshore_wind_generation,Wind Offshore,2026-05-24T16:09:31Z
2026-05-24T16:08:25Z,2026-05-24T18:08:25+0200,8c5f6830-b44b-449b-bdab-a1b130ad33e1,2026-04-27T20:00:00Z,2026-04-27T22:00:00+0200,1024.01,MW,DE,DE_LU,forecast_offshore_wind_generation,Wind Offshore,2026-05-24T16:09:31Z
2026-05-24T16:08:25Z,2026-05-24T18:08:25+0200,8c5f6830-b44b-449b-bdab-a1b130ad33e1,2026-04-27T20:15:00Z,2026-04-27T22:15:00+0200,1101.92,MW,DE,DE_LU,forecast_offshore_wind_generation,Wind Offshore,2026-05-24T16:09:31Z
2026-05-24T16:08:25Z,2026-05-24T18:08:25+0200,8c5f6830-b44b-449b-bdab-a1b130ad33e1,2026-04-27T20:30:00Z,2026-04-27T22:30:00+0200,1175.83,MW,DE,DE_LU,forecast_offshore_wind_generation,Wind Offshore,2026-05-24T16:09:31Z
2026-05-24T16:08:25Z,2026-05-24T18:08:25+0200,8c5f6830-b44b-449b-bdab-a1b130ad33e1,2026-04-27T20:45:00Z,2026-04-27T22:45:00+0200,1248.79,MW,DE,DE_LU,forecast_offshore_wind_generation,Wind Offshore,2026-05-24T16:09:31Z
2026-05-24T16:08:25Z,2026-05-24T18:08:25+0200,8c5f6830-b44b-449b-bdab-a1b130ad33e1,2026-04-27T21:00:00Z,2026-04-27T23:00:00+0200,1318.01,MW,DE,DE_LU,forecast_offshore_wind_generation,Wind Offshore,2026-05-24T16:09:31Z
2026-05-24T16:08:25Z,2026-05-24T18:08:25+0200,8c5f6830-b44b-449b-bdab-a1b130ad33e1,2026-04-27T21:15:00Z,2026-04-27T23:15:00+0200,1363.05,MW,DE,DE_LU,forecast_offshore_wind_generation,Wind Offshore,2026-05-24T16:09:31Z
2026-05-24T16:08:25Z,2026-05-24T18:08:25+0200,8c5f6830-b44b-449b-bdab-a1b130ad33e1,2026-04-27T21:30:00Z,2026-04-27T23:30:00+0200,1414.1,MW,DE,DE_LU,forecast_offshore_wind_generation,Wind Offshore,2026-05-24T16:09:31Z
2026-05-24T16:08:25Z,2026-05-24T18:08:25+0200,8c5f6830-b44b-449b-bdab-a1b130ad33e1,2026-04-27T21:45:00Z,2026-04-27T23:45:00+0200,1460.14,MW,DE,DE_LU,forecast_offshore_wind_generation,Wind Offshore,2026-05-24T16:09:31Z
2026-05-24T16:08:25Z,2026-05-24T18:08:25+0200,8c5f6830-b44b-449b-bdab-a1b130ad33e1,2026-04-27T22:00:00Z,2026-04-28T00:00:00+0200,1615.35,MW,DE,DE_LU,forecast_offshore_wind_generation,Wind Offshore,2026-05-24T16:09:31Z
2026-05-24T16:08:25Z,2026-05-24T18:08:25+0200,8c5f6830-b44b-449b-bdab-a1b130ad33e1,2026-04-27T22:15:00Z,2026-04-28T00:15:00+0200,1647.7,MW,DE,DE_LU,forecast_offshore_wind_generation,Wind Offshore,2026-05-24T16:09:31Z
2026-05-24T16:08:25Z,2026-05-24T18:08:25+0200,8c5f6830-b44b-449b-bdab-a1b130ad33e1,2026-04-27T22:30:00Z,2026-04-28T00:30:00+0200,1685.08,MW,DE,DE_LU,forecast_offshore_wind_generation,Wind Offshore,2026-05-24T16:09:31Z
2026-05-24T16:08:25Z,2026-05-24T18:08:25+0200,8c5f6830-b44b-449b-bdab-a1b130ad33e1,2026-04-27T22:45:00Z,2026-04-28T00:45:00+0200,1720.56,MW,DE,DE_LU,forecast_offshore_wind_generation,Wind Offshore,2026-05-24T16:09:31Z
2026-05-24T16:08:25Z,2026-05-24T18:08:25+0200,8c5f6830-b44b-449b-bdab-a1b130ad33e1,2026-04-27T23:00:00Z,2026-04-28T01:00:00+0200,1741.08,MW,DE,DE_LU,forecast_offshore_wind_generation,Wind Offshore,2026-05-24T16:09:31Z
2026-05-24T16:08:25Z,2026-05-24T18:08:25+0200,8c5f6830-b44b-449b-bdab-a1b130ad33e1,2026-04-27T23:15:00Z,2026-04-28T01:15:00+0200,1744.92,MW,DE,DE_LU,forecast_offshore_wind_generation,Wind Offshore,2026-05-24T16:09:31Z
2026-05-24T16:08:25Z,2026-05-24T18:08:25+0200,8c5f6830-b44b-449b-bdab-a1b130ad33e1,2026-04-27T23:30:00Z,2026-04-28T01:30:00+0200,1745.79,MW,DE,DE_LU,forecast_offshore_wind_generation,Wind Offshore,2026-05-24T16:09:31Z
2026-05-24T16:08:25Z,2026-05-24T18:08:25+0200,8c5f6830-b44b-449b-bdab-a1b130ad33e1,2026-04-27T23:45:00Z,2026-04-28T01:45:00+0200,1741.62,MW,DE,DE_LU,forecast_offshore_wind_generation,Wind Offshore,2026-05-24T16:09:31Z
2026-05-24T16:08:25Z,2026-05-24T18:08:25+0200,8c5f6830-b44b-449b-bdab-a1b130ad33e1,2026-04-28T00:00:00Z,2026-04-28T02:00:00+0200,1737.58,MW,DE,DE_LU,forecast_offshore_wind_generation,Wind Offshore,2026-05-24T16:09:31Z
2026-05-24T16:08:25Z,2026-05-24T18:08:25+0200,8c5f6830-b44b-449b-bdab-a1b130ad33e1,2026-04-28T00:15:00Z,2026-04-28T02:15:00+0200,1715.42,MW,DE,DE_LU,forecast_offshore_wind_generation,Wind Offshore,2026-05-24T16:09:31Z
2026-05-24T16:08:25Z,2026-05-24T18:08:25+0200,8c5f6830-b44b-449b-bdab-a1b130ad33e1,2026-04-28T00:30:00Z,2026-04-28T02:30:00+0200,1694.28,MW,DE,DE_LU,forecast_offshore_wind_generation,Wind Offshore,2026-05-24T16:09:31Z
2026-05-24T16:08:25Z,2026-05-24T18:08:25+0200,8c5f6830-b44b-449b-bdab-a1b130ad33e1,2026-04-28T00:45:00Z,2026-04-28T02:45:00+0200,1670.2,MW,DE,DE_LU,forecast_offshore_wind_generation,Wind Offshore,2026-05-24T16:09:31Z
2026-05-24T16:08:25Z,2026-05-24T18:08:25+0200,8c5f6830-b44b-449b-bdab-a1b130ad33e1,2026-04-28T01:00:00Z,2026-04-28T03:00:00+0200,1648.84,MW,DE,DE_LU,forecast_offshore_wind_generation,Wind Offshore,2026-05-24T16:09:31Z
2026-05-24T16:08:25Z,2026-05-24T18:08:25+0200,8c5f6830-b44b-449b-bdab-a1b130ad33e1,2026-04-28T01:15:00Z,2026-04-28T03:15:00+0200,1632.95,MW,DE,DE_LU,forecast_offshore_wind_generation,Wind Offshore,2026-05-24T16:09:31Z
2026-05-24T16:08:25Z,2026-05-24T18:08:25+0200,8c5f6830-b44b-449b-bdab-a1b130ad33e1,2026-04-28T01:30:00Z,2026-04-28T03:30:00+0200,1617.08,MW,DE,DE_LU,forecast_offshore_wind_generation,Wind Offshore,2026-05-24T16:09:31Z
2026-05-24T16:08:25Z,2026-05-24T18:08:25+0200,8c5f6830-b44b-449b-bdab-a1b130ad33e1,2026-04-28T01:45:00Z,2026-04-28T03:45:00+0200,1603.13,MW,DE,DE_LU,forecast_offshore_wind_generation,Wind Offshore,2026-05-24T16:09:31Z
2026-05-24T16:08:25Z,2026-05-24T18:08:25+0200,8c5f6830-b44b-449b-bdab-a1b130ad33e1,2026-04-28T02:00:00Z,2026-04-28T04:00:00+0200,1596.89,MW,DE,DE_LU,forecast_offshore_wind_generation,Wind Offshore,2026-05-24T16:09:31Z
2026-05-24T16:08:25Z,2026-05-24T18:08:25+0200,8c5f6830-b44b-449b-bdab-a1b130ad33e1,2026-04-28T02:15:00Z,2026-04-28T04:15:00+0200,1619.53,MW,DE,DE_LU,forecast_offshore_wind_generation,Wind Offshore,2026-05-24T16:09:31Z
2026-05-24T16:08:25Z,2026-05-24T18:08:25+0200,8c5f6830-b44b-449b-bdab-a1b130ad33e1,2026-04-28T02:30:00Z,2026-04-28T04:30:00+0200,1641.16,MW,DE,DE_LU,forecast_offshore_wind_generation,Wind Offshore,2026-05-24T16:09:31Z
2026-05-24T16:08:25Z,2026-05-24T18:08:25+0200,8c5f6830-b44b-449b-bdab-a1b130ad33e1,2026-04-28T02:45:00Z,2026-04-28T04:45:00+0200,1663.83,MW,DE,DE_LU,forecast_offshore_wind_generation,Wind Offshore,2026-05-24T16:09:31Z
2026-05-24T16:08:25Z,2026-05-24T18:08:25+0200,8c5f6830-b44b-449b-bdab-a1b130ad33e1,2026-04-28T03:00:00Z,2026-04-28T05:00:00+0200,1698.84,MW,DE,DE_LU,forecast_offshore_wind_generation,Wind Offshore,2026-05-24T16:09:31Z
2026-05-24T16:08:25Z,2026-05-24T18:08:25+0200,8c5f6830-b44b-449b-bdab-a1b130ad33e1,2026-04-28T03:15:00Z,2026-04-28T05:15:00+0200,1753.95,MW,DE,DE_LU,forecast_offshore_wind_generation,Wind Offshore,2026-05-24T16:09:31Z
2026-05-24T16:08:25Z,2026-05-24T18:08:25+0200,8c5f6830-b44b-449b-bdab-a1b130ad33e1,2026-04-28T03:30:00Z,2026-04-28T05:30:00+0200,1810.06,MW,DE,DE_LU,forecast_offshore_wind_generation,Wind Offshore,2026-05-24T16:09:31Z
2026-05-24T16:08:25Z,2026-05-24T18:08:25+0200,8c5f6830-b44b-449b-bdab-a1b130ad33e1,2026-04-28T03:45:00Z,2026-04-28T05:45:00+0200,1865.17,MW,DE,DE_LU,forecast_offshore_wind_generation,Wind Offshore,2026-05-24T16:09:31Z
2026-05-24T16:08:25Z,2026-05-24T18:08:25+0200,8c5f6830-b44b-449b-bdab-a1b130ad33e1,2026-04-28T04:00:00Z,2026-04-28T06:00:00+0200,1911.0,MW,DE,DE_LU,forecast_offshore_wind_generation,Wind Offshore,2026-05-24T16:09:31Z
2026-05-24T16:08:25Z,2026-05-24T18:08:25+0200,8c5f6830-b44b-449b-bdab-a1b130ad33e1,2026-04-28T04:15:00Z,2026-04-28T06:15:00+0200,1950.44,MW,DE,DE_LU,forecast_offshore_wind_generation,Wind Offshore,2026-05-24T16:09:31Z
2026-05-24T16:08:25Z,2026-05-24T18:08:25+0200,8c5f6830-b44b-449b-bdab-a1b130ad33e1,2026-04-28T04:30:00Z,2026-04-28T06:30:00+0200,1988.93,MW,DE,DE_LU,forecast_offshore_wind_generation,Wind Offshore,2026-05-24T16:09:31Z
2026-05-24T16:08:25Z,2026-05-24T18:08:25+0200,8c5f6830-b44b-449b-bdab-a1b130ad33e1,2026-04-28T04:45:00Z,2026-04-28T06:45:00+0200,2033.42,MW,DE,DE_LU,forecast_offshore_wind_generation,Wind Offshore,2026-05-24T16:09:31Z
2026-05-24T16:08:25Z,2026-05-24T18:08:25+0200,8c5f6830-b44b-449b-bdab-a1b130ad33e1,2026-04-28T05:00:00Z,2026-04-28T07:00:00+0200,2068.01,MW,DE,DE_LU,forecast_offshore_wind_generation,Wind Offshore,2026-05-24T16:09:31Z
2026-05-24T16:08:25Z,2026-05-24T18:08:25+0200,8c5f6830-b44b-449b-bdab-a1b130ad33e1,2026-04-28T05:15:00Z,2026-04-28T07:15:00+0200,2090.96,MW,DE,DE_LU,forecast_offshore_wind_generation,Wind Offshore,2026-05-24T16:09:31Z
2026-05-24T16:08:25Z,2026-05-24T18:08:25+0200,8c5f6830-b44b-449b-bdab-a1b130ad33e1,2026-04-28T05:30:00Z,2026-04-28T07:30:00+0200,2079.91,MW,DE,DE_LU,forecast_offshore_wind_generation,Wind Offshore,2026-05-24T16:09:31Z
2026-05-24T16:08:25Z,2026-05-24T18:08:25+0200,8c5f6830-b44b-449b-bdab-a1b130ad33e1,2026-04-28T05:45:00Z,2026-04-28T07:45:00+0200,2014.88,MW,DE,DE_LU,forecast_offshore_wind_generation,Wind Offshore,2026-05-24T16:09:31Z
2026-05-24T16:08:25Z,2026-05-24T18:08:25+0200,8c5f6830-b44b-449b-bdab-a1b130ad33e1,2026-04-28T06:00:00Z,2026-04-28T08:00:00+0200,1970.55,MW,DE,DE_LU,forecast_offshore_wind_generation,Wind Offshore,2026-05-24T16:09:31Z
2026-05-24T16:08:25Z,2026-05-24T18:08:25+0200,8c5f6830-b44b-449b-bdab-a1b130ad33e1,2026-04-28T06:15:00Z,2026-04-28T08:15:00+0200,1978.37,MW,DE,DE_LU,forecast_offshore_wind_generation,Wind Offshore,2026-05-24T16:09:31Z
2026-05-24T16:08:25Z,2026-05-24T18:08:25+0200,8c5f6830-b44b-449b-bdab-a1b130ad33e1,2026-04-28T06:30:00Z,2026-04-28T08:30:00+0200,1988.2,MW,DE,DE_LU,forecast_offshore_wind_generation,Wind Offshore,2026-05-24T16:09:31Z
2026-05-24T16:08:25Z,2026-05-24T18:08:25+0200,8c5f6830-b44b-449b-bdab-a1b130ad33e1,2026-04-28T06:45:00Z,2026-04-28T08:45:00+0200,1996.98,MW,DE,DE_LU,forecast_offshore_wind_generation,Wind Offshore,2026-05-24T16:09:31Z
2026-05-24T16:08:25Z,2026-05-24T18:08:25+0200,8c5f6830-b44b-449b-bdab-a1b130ad33e1,2026-04-28T07:00:00Z,2026-04-28T09:00:00+0200,1987.22,MW,DE,DE_LU,forecast_offshore_wind_generation,Wind Offshore,2026-05-24T16:09:31Z
2026-05-24T16:08:25Z,2026-05-24T18:08:25+0200,8c5f6830-b44b-449b-bdab-a1b130ad33e1,2026-04-28T07:15:00Z,2026-04-28T09:15:00+0200,1976.51,MW,DE,DE_LU,forecast_offshore_wind_generation,Wind Offshore,2026-05-24T16:09:31Z
2026-05-24T16:08:25Z,2026-05-24T18:08:25+0200,8c5f6830-b44b-449b-bdab-a1b130ad33e1,2026-04-28T07:30:00Z,2026-04-28T09:30:00+0200,1968.95,MW,DE,DE_LU,forecast_offshore_wind_generation,Wind Offshore,2026-05-24T16:09:31Z
2026-05-24T16:08:25Z,2026-05-24T18:08:25+0200,8c5f6830-b44b-449b-bdab-a1b130ad33e1,2026-04-28T07:45:00Z,2026-04-28T09:45:00+0200,1962.39,MW,DE,DE_LU,forecast_offshore_wind_generation,Wind Offshore,2026-05-24T16:09:31Z
2026-05-24T16:08:25Z,2026-05-24T18:08:25+0200,8c5f6830-b44b-449b-bdab-a1b130ad33e1,2026-04-28T08:00:00Z,2026-04-28T10:00:00+0200,1938.96,MW,DE,DE_LU,forecast_offshore_wind_generation,Wind Offshore,2026-05-24T16:09:31Z
2026-05-24T16:08:25Z,2026-05-24T18:08:25+0200,8c5f6830-b44b-449b-bdab-a1b130ad33e1,2026-04-28T08:15:00Z,2026-04-28T10:15:00+0200,1911.72,MW,DE,DE_LU,forecast_offshore_wind_generation,Wind Offshore,2026-05-24T16:09:31Z
2026-05-24T16:08:25Z,2026-05-24T18:08:25+0200,8c5f6830-b44b-449b-bdab-a1b130ad33e1,2026-04-28T08:30:00Z,2026-04-28T10:30:00+0200,1882.47,MW,DE,DE_LU,forecast_offshore_wind_generation,Wind Offshore,2026-05-24T16:09:31Z
2026-05-24T16:08:25Z,2026-05-24T18:08:25+0200,8c5f6830-b44b-449b-bdab-a1b130ad33e1,2026-04-28T08:45:00Z,2026-04-28T10:45:00+0200,1857.27,MW,DE,DE_LU,forecast_offshore_wind_generation,Wind Offshore,2026-05-24T16:09:31Z
2026-05-24T16:08:25Z,2026-05-24T18:08:25+0200,8c5f6830-b44b-449b-bdab-a1b130ad33e1,2026-04-28T09:00:00Z,2026-04-28T11:00:00+0200,744.22,MW,DE,DE_LU,forecast_offshore_wind_generation,Wind Offshore,2026-05-24T16:09:31Z
2026-05-24T16:08:25Z,2026-05-24T18:08:25+0200,8c5f6830-b44b-449b-bdab-a1b130ad33e1,2026-04-28T09:15:00Z,2026-04-28T11:15:00+0200,726.62,MW,DE,DE_LU,forecast_offshore_wind_generation,Wind Offshore,2026-05-24T16:09:31Z
2026-05-24T16:08:25Z,2026-05-24T18:08:25+0200,8c5f6830-b44b-449b-bdab-a1b130ad33e1,2026-04-28T09:30:00Z,2026-04-28T11:30:00+0200,707.02,MW,DE,DE_LU,forecast_offshore_wind_generation,Wind Offshore,2026-05-24T16:09:31Z
2026-05-24T16:08:25Z,2026-05-24T18:08:25+0200,8c5f6830-b44b-449b-bdab-a1b130ad33e1,2026-04-28T09:45:00Z,2026-04-28T11:45:00+0200,689.48,MW,DE,DE_LU,forecast_offshore_wind_generation,Wind Offshore,2026-05-24T16:09:31Z
2026-05-24T16:08:25Z,2026-05-24T18:08:25+0200,8c5f6830-b44b-449b-bdab-a1b130ad33e1,2026-04-28T10:00:00Z,2026-04-28T12:00:00+0200,672.51,MW,DE,DE_LU,forecast_offshore_wind_generation,Wind Offshore,2026-05-24T16:09:31Z
2026-05-24T16:08:25Z,2026-05-24T18:08:25+0200,8c5f6830-b44b-449b-bdab-a1b130ad33e1,2026-04-28T10:15:00Z,2026-04-28T12:15:00+0200,656.3,MW,DE,DE_LU,forecast_offshore_wind_generation,Wind Offshore,2026-05-24T16:09:31Z
2026-05-24T16:08:25Z,2026-05-24T18:08:25+0200,8c5f6830-b44b-449b-bdab-a1b130ad33e1,2026-04-28T10:30:00Z,2026-04-28T12:30:00+0200,639.13,MW,DE,DE_LU,forecast_offshore_wind_generation,Wind Offshore,2026-05-24T16:09:31Z
2026-05-24T16:08:25Z,2026-05-24T18:08:25+0200,8c5f6830-b44b-449b-bdab-a1b130ad33e1,2026-04-28T10:45:00Z,2026-04-28T12:45:00+0200,620.95,MW,DE,DE_LU,forecast_offshore_wind_generation,Wind Offshore,2026-05-24T16:09:31Z
2026-05-24T16:08:25Z,2026-05-24T18:08:25+0200,8c5f6830-b44b-449b-bdab-a1b130ad33e1,2026-04-28T11:00:00Z,2026-04-28T13:00:00+0200,606.97,MW,DE,DE_LU,forecast_offshore_wind_generation,Wind Offshore,2026-05-24T16:09:31Z
2026-05-24T16:08:25Z,2026-05-24T18:08:25+0200,8c5f6830-b44b-449b-bdab-a1b130ad33e1,2026-04-28T11:15:00Z,2026-04-28T13:15:00+0200,599.54,MW,DE,DE_LU,forecast_offshore_wind_generation,Wind Offshore,2026-05-24T16:09:31Z
2026-05-24T16:08:25Z,2026-05-24T18:08:25+0200,8c5f6830-b44b-449b-bdab-a1b130ad33e1,2026-04-28T11:30:00Z,2026-04-28T13:30:00+0200,596.11,MW,DE,DE_LU,forecast_offshore_wind_generation,Wind Offshore,2026-05-24T16:09:31Z
2026-05-24T16:08:25Z,2026-05-24T18:08:25+0200,8c5f6830-b44b-449b-bdab-a1b130ad33e1,2026-04-28T11:45:00Z,2026-04-28T13:45:00+0200,590.53,MW,DE,DE_LU,forecast_offshore_wind_generation,Wind Offshore,2026-05-24T16:09:31Z
2026-05-24T16:08:25Z,2026-05-24T18:08:25+0200,8c5f6830-b44b-449b-bdab-a1b130ad33e1,2026-04-28T12:00:00Z,2026-04-28T14:00:00+0200,589.54,MW,DE,DE_LU,forecast_offshore_wind_generation,Wind Offshore,2026-05-24T16:09:31Z
2026-05-24T16:08:25Z,2026-05-24T18:08:25+0200,8c5f6830-b44b-449b-bdab-a1b130ad33e1,2026-04-28T12:15:00Z,2026-04-28T14:15:00+0200,598.07,MW,DE,DE_LU,forecast_offshore_wind_generation,Wind Offshore,2026-05-24T16:09:31Z
2026-05-24T16:08:25Z,2026-05-24T18:08:25+0200,8c5f6830-b44b-449b-bdab-a1b130ad33e1,2026-04-28T12:30:00Z,2026-04-28T14:30:00+0200,609.64,MW,DE,DE_LU,forecast_offshore_wind_generation,Wind Offshore,2026-05-24T16:09:31Z
2026-05-24T16:08:25Z,2026-05-24T18:08:25+0200,8c5f6830-b44b-449b-bdab-a1b130ad33e1,2026-04-28T12:45:00Z,2026-04-28T14:45:00+0200,617.1,MW,DE,DE_LU,forecast_offshore_wind_generation,Wind Offshore,2026-05-24T16:09:31Z
2026-05-24T16:08:25Z,2026-05-24T18:08:25+0200,8c5f6830-b44b-449b-bdab-a1b130ad33e1,2026-04-28T13:00:00Z,2026-04-28T15:00:00+0200,630.62,MW,DE,DE_LU,forecast_offshore_wind_generation,Wind Offshore,2026-05-24T16:09:31Z
2026-05-24T16:08:25Z,2026-05-24T18:08:25+0200,8c5f6830-b44b-449b-bdab-a1b130ad33e1,2026-04-28T13:15:00Z,2026-04-28T15:15:00+0200,644.91,MW,DE,DE_LU,forecast_offshore_wind_generation,Wind Offshore,2026-05-24T16:09:31Z
2026-05-24T16:08:25Z,2026-05-24T18:08:25+0200,8c5f6830-b44b-449b-bdab-a1b130ad33e1,2026-04-28T13:30:00Z,2026-04-28T15:30:00+0200,663.22,MW,DE,DE_LU,forecast_offshore_wind_generation,Wind Offshore,2026-05-24T16:09:31Z
2026-05-24T16:08:25Z,2026-05-24T18:08:25+0200,8c5f6830-b44b-449b-bdab-a1b130ad33e1,2026-04-28T13:45:00Z,2026-04-28T15:45:00+0200,681.6,MW,DE,DE_LU,forecast_offshore_wind_generation,Wind Offshore,2026-05-24T16:09:31Z
2026-05-24T16:08:25Z,2026-05-24T18:08:25+0200,8c5f6830-b44b-449b-bdab-a1b130ad33e1,2026-04-28T14:00:00Z,2026-04-28T16:00:00+0200,763.01,MW,DE,DE_LU,forecast_offshore_wind_generation,Wind Offshore,2026-05-24T16:09:31Z
2026-05-24T16:08:25Z,2026-05-24T18:08:25+0200,8c5f6830-b44b-449b-bdab-a1b130ad33e1,2026-04-28T14:15:00Z,2026-04-28T16:15:00+0200,796.13,MW,DE,DE_LU,forecast_offshore_wind_generation,Wind Offshore,2026-05-24T16:09:31Z
2026-05-24T16:08:25Z,2026-05-24T18:08:25+0200,8c5f6830-b44b-449b-bdab-a1b130ad33e1,2026-04-28T14:30:00Z,2026-04-28T16:30:00+0200,879.3,MW,DE,DE_LU,forecast_offshore_wind_generation,Wind Offshore,2026-05-24T16:09:31Z
2026-05-24T16:08:25Z,2026-05-24T18:08:25+0200,8c5f6830-b44b-449b-bdab-a1b130ad33e1,2026-04-28T14:45:00Z,2026-04-28T16:45:00+0200,914.46,MW,DE,DE_LU,forecast_offshore_wind_generation,Wind Offshore,2026-05-24T16:09:31Z
2026-05-24T16:08:25Z,2026-05-24T18:08:25+0200,8c5f6830-b44b-449b-bdab-a1b130ad33e1,2026-04-28T15:00:00Z,2026-04-28T17:00:00+0200,2004.65,MW,DE,DE_LU,forecast_offshore_wind_generation,Wind Offshore,2026-05-24T16:09:31Z
2026-05-24T16:08:25Z,2026-05-24T18:08:25+0200,8c5f6830-b44b-449b-bdab-a1b130ad33e1,2026-04-28T15:15:00Z,2026-04-28T17:15:00+0200,2130.08,MW,DE,DE_LU,forecast_offshore_wind_generation,Wind Offshore,2026-05-24T16:09:31Z
2026-05-24T16:08:25Z,2026-05-24T18:08:25+0200,8c5f6830-b44b-449b-bdab-a1b130ad33e1,2026-04-28T15:30:00Z,2026-04-28T17:30:00+0200,2250.54,MW,DE,DE_LU,forecast_offshore_wind_generation,Wind Offshore,2026-05-24T16:09:31Z
2026-05-24T16:08:25Z,2026-05-24T18:08:25+0200,8c5f6830-b44b-449b-bdab-a1b130ad33e1,2026-04-28T15:45:00Z,2026-04-28T17:45:00+0200,2438.11,MW,DE,DE_LU,forecast_offshore_wind_generation,Wind Offshore,2026-05-24T16:09:31Z
2026-05-24T16:08:25Z,2026-05-24T18:08:25+0200,8c5f6830-b44b-449b-bdab-a1b130ad33e1,2026-04-28T16:00:00Z,2026-04-28T18:00:00+0200,2570.93,MW,DE,DE_LU,forecast_offshore_wind_generation,Wind Offshore,2026-05-24T16:09:31Z
2026-05-24T16:08:25Z,2026-05-24T18:08:25+0200,8c5f6830-b44b-449b-bdab-a1b130ad33e1,2026-04-28T16:15:00Z,2026-04-28T18:15:00+0200,2738.47,MW,DE,DE_LU,forecast_offshore_wind_generation,Wind Offshore,2026-05-24T16:09:31Z
2026-05-24T16:08:25Z,2026-05-24T18:08:25+0200,8c5f6830-b44b-449b-bdab-a1b130ad33e1,2026-04-28T16:30:00Z,2026-04-28T18:30:00+0200,2909.98,MW,DE,DE_LU,forecast_offshore_wind_generation,Wind Offshore,2026-05-24T16:09:31Z
2026-05-24T16:08:25Z,2026-05-24T18:08:25+0200,8c5f6830-b44b-449b-bdab-a1b130ad33e1,2026-04-28T16:45:00Z,2026-04-28T18:45:00+0200,3197.41,MW,DE,DE_LU,forecast_offshore_wind_generation,Wind Offshore,2026-05-24T16:09:31Z
2026-05-24T16:08:25Z,2026-05-24T18:08:25+0200,8c5f6830-b44b-449b-bdab-a1b130ad33e1,2026-04-28T17:00:00Z,2026-04-28T19:00:00+0200,3363.73,MW,DE,DE_LU,forecast_offshore_wind_generation,Wind Offshore,2026-05-24T16:09:31Z
2026-05-24T16:08:25Z,2026-05-24T18:08:25+0200,8c5f6830-b44b-449b-bdab-a1b130ad33e1,2026-04-28T17:15:00Z,2026-04-28T19:15:00+0200,3478.07,MW,DE,DE_LU,forecast_offshore_wind_generation,Wind Offshore,2026-05-24T16:09:31Z
2026-05-24T16:08:25Z,2026-05-24T18:08:25+0200,8c5f6830-b44b-449b-bdab-a1b130ad33e1,2026-04-28T17:30:00Z,2026-04-28T19:30:00+0200,3590.4,MW,DE,DE_LU,forecast_offshore_wind_generation,Wind Offshore,2026-05-24T16:09:31Z
2026-05-24T16:08:25Z,2026-05-24T18:08:25+0200,8c5f6830-b44b-449b-bdab-a1b130ad33e1,2026-04-28T17:45:00Z,2026-04-28T19:45:00+0200,3696.77,MW,DE,DE_LU,forecast_offshore_wind_generation,Wind Offshore,2026-05-24T16:09:31Z
2026-05-24T16:08:25Z,2026-05-24T18:08:25+0200,8c5f6830-b44b-449b-bdab-a1b130ad33e1,2026-04-28T18:00:00Z,2026-04-28T20:00:00+0200,3779.56,MW,DE,DE_LU,forecast_offshore_wind_generation,Wind Offshore,2026-05-24T16:09:31Z
2026-05-24T16:08:25Z,2026-05-24T18:08:25+0200,8c5f6830-b44b-449b-bdab-a1b130ad33e1,2026-04-28T18:15:00Z,2026-04-28T20:15:00+0200,3800.19,MW,DE,DE_LU,forecast_offshore_wind_generation,Wind Offshore,2026-05-24T16:09:31Z
2026-05-24T16:08:25Z,2026-05-24T18:08:25+0200,8c5f6830-b44b-449b-bdab-a1b130ad33e1,2026-04-28T18:30:00Z,2026-04-28T20:30:00+0200,3812.01,MW,DE,DE_LU,forecast_offshore_wind_generation,Wind Offshore,2026-05-24T16:09:31Z
2026-05-24T16:08:25Z,2026-05-24T18:08:25+0200,8c5f6830-b44b-449b-bdab-a1b130ad33e1,2026-04-28T18:45:00Z,2026-04-28T20:45:00+0200,3825.95,MW,DE,DE_LU,forecast_offshore_wind_generation,Wind Offshore,2026-05-24T16:09:31Z
2026-05-24T16:08:25Z,2026-05-24T18:08:25+0200,8c5f6830-b44b-449b-bdab-a1b130ad33e1,2026-04-28T19:00:00Z,2026-04-28T21:00:00+0200,3813.98,MW,DE,DE_LU,forecast_offshore_wind_generation,Wind Offshore,2026-05-24T16:09:31Z
2026-05-24T16:08:25Z,2026-05-24T18:08:25+0200,8c5f6830-b44b-449b-bdab-a1b130ad33e1,2026-04-28T19:15:00Z,2026-04-28T21:15:00+0200,3743.43,MW,DE,DE_LU,forecast_offshore_wind_generation,Wind Offshore,2026-05-24T16:09:31Z
2026-05-24T16:08:25Z,2026-05-24T18:08:25+0200,8c5f6830-b44b-449b-bdab-a1b130ad33e1,2026-04-28T19:30:00Z,2026-04-28T21:30:00+0200,3670.9,MW,DE,DE_LU,forecast_offshore_wind_generation,Wind Offshore,2026-05-24T16:09:31Z
2026-05-24T16:08:25Z,2026-05-24T18:08:25+0200,8c5f6830-b44b-449b-bdab-a1b130ad33e1,2026-04-28T19:45:00Z,2026-04-28T21:45:00+0200,3599.29,MW,DE,DE_LU,forecast_offshore_wind_generation,Wind Offshore,2026-05-24T16:09:31Z
2026-05-24T16:08:25Z,2026-05-24T18:08:25+0200,8c5f6830-b44b-449b-bdab-a1b130ad33e1,2026-04-28T20:00:00Z,2026-04-28T22:00:00+0200,3527.08,MW,DE,DE_LU,forecast_offshore_wind_generation,Wind Offshore,2026-05-24T16:09:31Z
2026-05-24T16:08:25Z,2026-05-24T18:08:25+0200,8c5f6830-b44b-449b-bdab-a1b130ad33e1,2026-04-28T20:15:00Z,2026-04-28T22:15:00+0200,3429.42,MW,DE,DE_LU,forecast_offshore_wind_generation,Wind Offshore,2026-05-24T16:09:31Z
2026-05-24T16:08:25Z,2026-05-24T18:08:25+0200,8c5f6830-b44b-449b-bdab-a1b130ad33e1,2026-04-28T20:30:00Z,2026-04-28T22:30:00+0200,3326.75,MW,DE,DE_LU,forecast_offshore_wind_generation,Wind Offshore,2026-05-24T16:09:31Z
2026-05-24T16:08:25Z,2026-05-24T18:08:25+0200,8c5f6830-b44b-449b-bdab-a1b130ad33e1,2026-04-28T20:45:00Z,2026-04-28T22:45:00+0200,3228.7,MW,DE,DE_LU,forecast_offshore_wind_generation,Wind Offshore,2026-05-24T16:09:31Z
2026-05-24T16:08:25Z,2026-05-24T18:08:25+0200,8c5f6830-b44b-449b-bdab-a1b130ad33e1,2026-04-28T21:00:00Z,2026-04-28T23:00:00+0200,3124.89,MW,DE,DE_LU,forecast_offshore_wind_generation,Wind Offshore,2026-05-24T16:09:31Z
2026-05-24T16:08:25Z,2026-05-24T18:08:25+0200,8c5f6830-b44b-449b-bdab-a1b130ad33e1,2026-04-28T21:15:00Z,2026-04-28T23:15:00+0200,3007.8,MW,DE,DE_LU,forecast_offshore_wind_generation,Wind Offshore,2026-05-24T16:09:31Z
2026-05-24T16:08:25Z,2026-05-24T18:08:25+0200,8c5f6830-b44b-449b-bdab-a1b130ad33e1,2026-04-28T21:30:00Z,2026-04-28T23:30:00+0200,2891.69,MW,DE,DE_LU,forecast_offshore_wind_generation,Wind Offshore,2026-05-24T16:09:31Z
2026-05-24T16:08:25Z,2026-05-24T18:08:25+0200,8c5f6830-b44b-449b-bdab-a1b130ad33e1,2026-04-28T21:45:00Z,2026-04-28T23:45:00+0200,2772.68,MW,DE,DE_LU,forecast_offshore_wind_generation,Wind Offshore,2026-05-24T16:09:31Z
2026-05-24T16:08:25Z,2026-05-24T18:08:25+0200,8c5f6830-b44b-449b-bdab-a1b130ad33e1,2026-04-28T22:00:00Z,2026-04-29T00:00:00+0200,2345.58,MW,DE,DE_LU,forecast_offshore_wind_generation,Wind Offshore,2026-05-24T16:09:31Z
2026-05-24T16:08:25Z,2026-05-24T18:08:25+0200,8c5f6830-b44b-449b-bdab-a1b130ad33e1,2026-04-28T22:15:00Z,2026-04-29T00:15:00+0200,2223.32,MW,DE,DE_LU,forecast_offshore_wind_generation,Wind Offshore,2026-05-24T16:09:31Z
2026-05-24T16:08:25Z,2026-05-24T18:08:25+0200,8c5f6830-b44b-449b-bdab-a1b130ad33e1,2026-04-28T22:30:00Z,2026-04-29T00:30:00+0200,2098.13,MW,DE,DE_LU,forecast_offshore_wind_generation,Wind Offshore,2026-05-24T16:09:31Z
2026-05-24T16:08:25Z,2026-05-24T18:08:25+0200,8c5f6830-b44b-449b-bdab-a1b130ad33e1,2026-04-28T22:45:00Z,2026-04-29T00:45:00+0200,1972.99,MW,DE,DE_LU,forecast_offshore_wind_generation,Wind Offshore,2026-05-24T16:09:31Z
2026-05-24T16:08:25Z,2026-05-24T18:08:25+0200,8c5f6830-b44b-449b-bdab-a1b130ad33e1,2026-04-28T23:00:00Z,2026-04-29T01:00:00+0200,1846.79,MW,DE,DE_LU,forecast_offshore_wind_generation,Wind Offshore,2026-05-24T16:09:31Z
2026-05-24T16:08:25Z,2026-05-24T18:08:25+0200,8c5f6830-b44b-449b-bdab-a1b130ad33e1,2026-04-28T23:15:00Z,2026-04-29T01:15:00+0200,1720.27,MW,DE,DE_LU,forecast_offshore_wind_generation,Wind Offshore,2026-05-24T16:09:31Z
2026-05-24T16:08:25Z,2026-05-24T18:08:25+0200,8c5f6830-b44b-449b-bdab-a1b130ad33e1,2026-04-28T23:30:00Z,2026-04-29T01:30:00+0200,1597.74,MW,DE,DE_LU,forecast_offshore_wind_generation,Wind Offshore,2026-05-24T16:09:31Z
2026-05-24T16:08:25Z,2026-05-24T18:08:25+0200,8c5f6830-b44b-449b-bdab-a1b130ad33e1,2026-04-28T23:45:00Z,2026-04-29T01:45:00+0200,1471.35,MW,DE,DE_LU,forecast_offshore_wind_generation,Wind Offshore,2026-05-24T16:09:31Z
2026-05-24T16:08:25Z,2026-05-24T18:08:25+0200,8c5f6830-b44b-449b-bdab-a1b130ad33e1,2026-04-29T00:00:00Z,2026-04-29T02:00:00+0200,1359.25,MW,DE,DE_LU,forecast_offshore_wind_generation,Wind Offshore,2026-05-24T16:09:31Z
2026-05-24T16:08:25Z,2026-05-24T18:08:25+0200,8c5f6830-b44b-449b-bdab-a1b130ad33e1,2026-04-29T00:15:00Z,2026-04-29T02:15:00+0200,1265.38,MW,DE,DE_LU,forecast_offshore_wind_generation,Wind Offshore,2026-05-24T16:09:31Z
2026-05-24T16:08:25Z,2026-05-24T18:08:25+0200,8c5f6830-b44b-449b-bdab-a1b130ad33e1,2026-04-29T00:30:00Z,2026-04-29T02:30:00+0200,1172.61,MW,DE,DE_LU,forecast_offshore_wind_generation,Wind Offshore,2026-05-24T16:09:31Z
2026-05-24T16:08:25Z,2026-05-24T18:08:25+0200,8c5f6830-b44b-449b-bdab-a1b130ad33e1,2026-04-29T00:45:00Z,2026-04-29T02:45:00+0200,1081.99,MW,DE,DE_LU,forecast_offshore_wind_generation,Wind Offshore,2026-05-24T16:09:31Z
2026-05-24T16:08:25Z,2026-05-24T18:08:25+0200,8c5f6830-b44b-449b-bdab-a1b130ad33e1,2026-04-29T01:00:00Z,2026-04-29T03:00:00+0200,993.36,MW,DE,DE_LU,forecast_offshore_wind_generation,Wind Offshore,2026-05-24T16:09:31Z
2026-05-24T16:08:25Z,2026-05-24T18:08:25+0200,8c5f6830-b44b-449b-bdab-a1b130ad33e1,2026-04-29T01:15:00Z,2026-04-29T03:15:00+0200,927.12,MW,DE,DE_LU,forecast_offshore_wind_generation,Wind Offshore,2026-05-24T16:09:31Z
2026-05-24T16:08:25Z,2026-05-24T18:08:25+0200,8c5f6830-b44b-449b-bdab-a1b130ad33e1,2026-04-29T01:30:00Z,2026-04-29T03:30:00+0200,853.86,MW,DE,DE_LU,forecast_offshore_wind_generation,Wind Offshore,2026-05-24T16:09:31Z
2026-05-24T16:08:25Z,2026-05-24T18:08:25+0200,8c5f6830-b44b-449b-bdab-a1b130ad33e1,2026-04-29T01:45:00Z,2026-04-29T03:45:00+0200,789.7,MW,DE,DE_LU,forecast_offshore_wind_generation,Wind Offshore,2026-05-24T16:09:31Z
2026-05-24T16:08:25Z,2026-05-24T18:08:25+0200,8c5f6830-b44b-449b-bdab-a1b130ad33e1,2026-04-29T02:00:00Z,2026-04-29T04:00:00+0200,726.32,MW,DE,DE_LU,forecast_offshore_wind_generation,Wind Offshore,2026-05-24T16:09:31Z
2026-05-24T16:08:25Z,2026-05-24T18:08:25+0200,8c5f6830-b44b-449b-bdab-a1b130ad33e1,2026-04-29T02:15:00Z,2026-04-29T04:15:00+0200,686.8,MW,DE,DE_LU,forecast_offshore_wind_generation,Wind Offshore,2026-05-24T16:09:31Z
2026-05-24T16:08:25Z,2026-05-24T18:08:25+0200,8c5f6830-b44b-449b-bdab-a1b130ad33e1,2026-04-29T02:30:00Z,2026-04-29T04:30:00+0200,644.28,MW,DE,DE_LU,forecast_offshore_wind_generation,Wind Offshore,2026-05-24T16:09:31Z
2026-05-24T16:08:25Z,2026-05-24T18:08:25+0200,8c5f6830-b44b-449b-bdab-a1b130ad33e1,2026-04-29T02:45:00Z,2026-04-29T04:45:00+0200,605.8,MW,DE,DE_LU,forecast_offshore_wind_generation,Wind Offshore,2026-05-24T16:09:31Z
2026-05-24T16:08:25Z,2026-05-24T18:08:25+0200,8c5f6830-b44b-449b-bdab-a1b130ad33e1,2026-04-29T03:00:00Z,2026-04-29T05:00:00+0200,574.57,MW,DE,DE_LU,forecast_offshore_wind_generation,Wind Offshore,2026-05-24T16:09:31Z
2026-05-24T16:08:25Z,2026-05-24T18:08:25+0200,8c5f6830-b44b-449b-bdab-a1b130ad33e1,2026-04-29T03:15:00Z,2026-04-29T05:15:00+0200,561.24,MW,DE,DE_LU,forecast_offshore_wind_generation,Wind Offshore,2026-05-24T16:09:31Z
2026-05-24T16:08:25Z,2026-05-24T18:08:25+0200,8c5f6830-b44b-449b-bdab-a1b130ad33e1,2026-04-29T03:30:00Z,2026-04-29T05:30:00+0200,544.99,MW,DE,DE_LU,forecast_offshore_wind_generation,Wind Offshore,2026-05-24T16:09:31Z
2026-05-24T16:08:25Z,2026-05-24T18:08:25+0200,8c5f6830-b44b-449b-bdab-a1b130ad33e1,2026-04-29T03:45:00Z,2026-04-29T05:45:00+0200,530.73,MW,DE,DE_LU,forecast_offshore_wind_generation,Wind Offshore,2026-05-24T16:09:31Z
2026-05-24T16:08:25Z,2026-05-24T18:08:25+0200,8c5f6830-b44b-449b-bdab-a1b130ad33e1,2026-04-29T04:00:00Z,2026-04-29T06:00:00+0200,517.3,MW,DE,DE_LU,forecast_offshore_wind_generation,Wind Offshore,2026-05-24T16:09:31Z
2026-05-24T16:08:25Z,2026-05-24T18:08:25+0200,8c5f6830-b44b-449b-bdab-a1b130ad33e1,2026-04-29T04:15:00Z,2026-04-29T06:15:00+0200,506.67,MW,DE,DE_LU,forecast_offshore_wind_generation,Wind Offshore,2026-05-24T16:09:31Z
2026-05-24T16:08:25Z,2026-05-24T18:08:25+0200,8c5f6830-b44b-449b-bdab-a1b130ad33e1,2026-04-29T04:30:00Z,2026-04-29T06:30:00+0200,499.31,MW,DE,DE_LU,forecast_offshore_wind_generation,Wind Offshore,2026-05-24T16:09:31Z
2026-05-24T16:08:25Z,2026-05-24T18:08:25+0200,8c5f6830-b44b-449b-bdab-a1b130ad33e1,2026-04-29T04:45:00Z,2026-04-29T06:45:00+0200,487.15,MW,DE,DE_LU,forecast_offshore_wind_generation,Wind Offshore,2026-05-24T16:09:31Z
2026-05-24T16:08:25Z,2026-05-24T18:08:25+0200,8c5f6830-b44b-449b-bdab-a1b130ad33e1,2026-04-29T05:00:00Z,2026-04-29T07:00:00+0200,478.31,MW,DE,DE_LU,forecast_offshore_wind_generation,Wind Offshore,2026-05-24T16:09:31Z
2026-05-24T16:08:25Z,2026-05-24T18:08:25+0200,8c5f6830-b44b-449b-bdab-a1b130ad33e1,2026-04-29T05:15:00Z,2026-04-29T07:15:00+0200,472.16,MW,DE,DE_LU,forecast_offshore_wind_generation,Wind Offshore,2026-05-24T16:09:31Z
2026-05-24T16:08:25Z,2026-05-24T18:08:25+0200,8c5f6830-b44b-449b-bdab-a1b130ad33e1,2026-04-29T05:30:00Z,2026-04-29T07:30:00+0200,462.94,MW,DE,DE_LU,forecast_offshore_wind_generation,Wind Offshore,2026-05-24T16:09:31Z
2026-05-24T16:08:25Z,2026-05-24T18:08:25+0200,8c5f6830-b44b-449b-bdab-a1b130ad33e1,2026-04-29T05:45:00Z,2026-04-29T07:45:00+0200,451.73,MW,DE,DE_LU,forecast_offshore_wind_generation,Wind Offshore,2026-05-24T16:09:31Z
2026-05-24T16:08:25Z,2026-05-24T18:08:25+0200,8c5f6830-b44b-449b-bdab-a1b130ad33e1,2026-04-29T06:00:00Z,2026-04-29T08:00:00+0200,440.44,MW,DE,DE_LU,forecast_offshore_wind_generation,Wind Offshore,2026-05-24T16:09:31Z
2026-05-24T16:08:25Z,2026-05-24T18:08:25+0200,8c5f6830-b44b-449b-bdab-a1b130ad33e1,2026-04-29T06:15:00Z,2026-04-29T08:15:00+0200,426.25,MW,DE,DE_LU,forecast_offshore_wind_generation,Wind Offshore,2026-05-24T16:09:31Z
2026-05-24T16:08:25Z,2026-05-24T18:08:25+0200,8c5f6830-b44b-449b-bdab-a1b130ad33e1,2026-04-29T06:30:00Z,2026-04-29T08:30:00+0200,419.12,MW,DE,DE_LU,forecast_offshore_wind_generation,Wind Offshore,2026-05-24T16:09:31Z
2026-05-24T16:08:25Z,2026-05-24T18:08:25+0200,8c5f6830-b44b-449b-bdab-a1b130ad33e1,2026-04-29T06:45:00Z,2026-04-29T08:45:00+0200,417.04,MW,DE,DE_LU,forecast_offshore_wind_generation,Wind Offshore,2026-05-24T16:09:31Z
2026-05-24T16:08:25Z,2026-05-24T18:08:25+0200,8c5f6830-b44b-449b-bdab-a1b130ad33e1,2026-04-29T07:00:00Z,2026-04-29T09:00:00+0200,415.15,MW,DE,DE_LU,forecast_offshore_wind_generation,Wind Offshore,2026-05-24T16:09:31Z
2026-05-24T16:08:25Z,2026-05-24T18:08:25+0200,8c5f6830-b44b-449b-bdab-a1b130ad33e1,2026-04-29T07:15:00Z,2026-04-29T09:15:00+0200,412.8,MW,DE,DE_LU,forecast_offshore_wind_generation,Wind Offshore,2026-05-24T16:09:31Z
2026-05-24T16:08:25Z,2026-05-24T18:08:25+0200,8c5f6830-b44b-449b-bdab-a1b130ad33e1,2026-04-29T07:30:00Z,2026-04-29T09:30:00+0200,411.5,MW,DE,DE_LU,forecast_offshore_wind_generation,Wind Offshore,2026-05-24T16:09:31Z
2026-05-24T16:08:25Z,2026-05-24T18:08:25+0200,8c5f6830-b44b-449b-bdab-a1b130ad33e1,2026-04-29T07:45:00Z,2026-04-29T09:45:00+0200,408.54,MW,DE,DE_LU,forecast_offshore_wind_generation,Wind Offshore,2026-05-24T16:09:31Z
2026-05-24T16:08:25Z,2026-05-24T18:08:25+0200,8c5f6830-b44b-449b-bdab-a1b130ad33e1,2026-04-29T08:00:00Z,2026-04-29T10:00:00+0200,190.45,MW,DE,DE_LU,forecast_offshore_wind_generation,Wind Offshore,2026-05-24T16:09:31Z
2026-05-24T16:08:25Z,2026-05-24T18:08:25+0200,8c5f6830-b44b-449b-bdab-a1b130ad33e1,2026-04-29T08:15:00Z,2026-04-29T10:15:00+0200,193.26,MW,DE,DE_LU,forecast_offshore_wind_generation,Wind Offshore,2026-05-24T16:09:31Z
2026-05-24T16:08:25Z,2026-05-24T18:08:25+0200,8c5f6830-b44b-449b-bdab-a1b130ad33e1,2026-04-29T08:30:00Z,2026-04-29T10:30:00+0200,192.09,MW,DE,DE_LU,forecast_offshore_wind_generation,Wind Offshore,2026-05-24T16:09:31Z
2026-05-24T16:08:25Z,2026-05-24T18:08:25+0200,8c5f6830-b44b-449b-bdab-a1b130ad33e1,2026-04-29T08:45:00Z,2026-04-29T10:45:00+0200,192.99,MW,DE,DE_LU,forecast_offshore_wind_generation,Wind Offshore,2026-05-24T16:09:31Z
2026-05-24T16:08:25Z,2026-05-24T18:08:25+0200,8c5f6830-b44b-449b-bdab-a1b130ad33e1,2026-04-29T09:00:00Z,2026-04-29T11:00:00+0200,191.93,MW,DE,DE_LU,forecast_offshore_wind_generation,Wind Offshore,2026-05-24T16:09:31Z
2026-05-24T16:08:25Z,2026-05-24T18:08:25+0200,8c5f6830-b44b-449b-bdab-a1b130ad33e1,2026-04-29T09:15:00Z,2026-04-29T11:15:00+0200,187.59,MW,DE,DE_LU,forecast_offshore_wind_generation,Wind Offshore,2026-05-24T16:09:31Z
2026-05-24T16:08:25Z,2026-05-24T18:08:25+0200,8c5f6830-b44b-449b-bdab-a1b130ad33e1,2026-04-29T09:30:00Z,2026-04-29T11:30:00+0200,185.21,MW,DE,DE_LU,forecast_offshore_wind_generation,Wind Offshore,2026-05-24T16:09:31Z
2026-05-24T16:08:25Z,2026-05-24T18:08:25+0200,8c5f6830-b44b-449b-bdab-a1b130ad33e1,2026-04-29T09:45:00Z,2026-04-29T11:45:00+0200,179.9,MW,DE,DE_LU,forecast_offshore_wind_generation,Wind Offshore,2026-05-24T16:09:31Z
2026-05-24T16:08:25Z,2026-05-24T18:08:25+0200,8c5f6830-b44b-449b-bdab-a1b130ad33e1,2026-04-29T10:00:00Z,2026-04-29T12:00:00+0200,180.27,MW,DE,DE_LU,forecast_offshore_wind_generation,Wind Offshore,2026-05-24T16:09:31Z
2026-05-24T16:08:25Z,2026-05-24T18:08:25+0200,8c5f6830-b44b-449b-bdab-a1b130ad33e1,2026-04-29T10:15:00Z,2026-04-29T12:15:00+0200,185.17,MW,DE,DE_LU,forecast_offshore_wind_generation,Wind Offshore,2026-05-24T16:09:31Z
2026-05-24T16:08:25Z,2026-05-24T18:08:25+0200,8c5f6830-b44b-449b-bdab-a1b130ad33e1,2026-04-29T10:30:00Z,2026-04-29T12:30:00+0200,190.2,MW,DE,DE_LU,forecast_offshore_wind_generation,Wind Offshore,2026-05-24T16:09:31Z
2026-05-24T16:08:25Z,2026-05-24T18:08:25+0200,8c5f6830-b44b-449b-bdab-a1b130ad33e1,2026-04-29T10:45:00Z,2026-04-29T12:45:00+0200,195.19,MW,DE,DE_LU,forecast_offshore_wind_generation,Wind Offshore,2026-05-24T16:09:31Z
2026-05-24T16:08:25Z,2026-05-24T18:08:25+0200,8c5f6830-b44b-449b-bdab-a1b130ad33e1,2026-04-29T11:00:00Z,2026-04-29T13:00:00+0200,200.11,MW,DE,DE_LU,forecast_offshore_wind_generation,Wind Offshore,2026-05-24T16:09:31Z
2026-05-24T16:08:25Z,2026-05-24T18:08:25+0200,8c5f6830-b44b-449b-bdab-a1b130ad33e1,2026-04-29T11:15:00Z,2026-04-29T13:15:00+0200,207.42,MW,DE,DE_LU,forecast_offshore_wind_generation,Wind Offshore,2026-05-24T16:09:31Z
2026-05-24T16:08:25Z,2026-05-24T18:08:25+0200,8c5f6830-b44b-449b-bdab-a1b130ad33e1,2026-04-29T11:30:00Z,2026-04-29T13:30:00+0200,211.75,MW,DE,DE_LU,forecast_offshore_wind_generation,Wind Offshore,2026-05-24T16:09:31Z
2026-05-24T16:08:25Z,2026-05-24T18:08:25+0200,8c5f6830-b44b-449b-bdab-a1b130ad33e1,2026-04-29T11:45:00Z,2026-04-29T13:45:00+0200,218.2,MW,DE,DE_LU,forecast_offshore_wind_generation,Wind Offshore,2026-05-24T16:09:31Z
2026-05-24T16:08:25Z,2026-05-24T18:08:25+0200,8c5f6830-b44b-449b-bdab-a1b130ad33e1,2026-04-29T12:00:00Z,2026-04-29T14:00:00+0200,223.38,MW,DE,DE_LU,forecast_offshore_wind_generation,Wind Offshore,2026-05-24T16:09:31Z
2026-05-24T16:08:25Z,2026-05-24T18:08:25+0200,8c5f6830-b44b-449b-bdab-a1b130ad33e1,2026-04-29T12:15:00Z,2026-04-29T14:15:00+0200,231.69,MW,DE,DE_LU,forecast_offshore_wind_generation,Wind Offshore,2026-05-24T16:09:31Z
2026-05-24T16:08:25Z,2026-05-24T18:08:25+0200,8c5f6830-b44b-449b-bdab-a1b130ad33e1,2026-04-29T12:30:00Z,2026-04-29T14:30:00+0200,240.99,MW,DE,DE_LU,forecast_offshore_wind_generation,Wind Offshore,2026-05-24T16:09:31Z
2026-05-24T16:08:25Z,2026-05-24T18:08:25+0200,8c5f6830-b44b-449b-bdab-a1b130ad33e1,2026-04-29T12:45:00Z,2026-04-29T14:45:00+0200,248.47,MW,DE,DE_LU,forecast_offshore_wind_generation,Wind Offshore,2026-05-24T16:09:31Z
2026-05-24T16:08:25Z,2026-05-24T18:08:25+0200,8c5f6830-b44b-449b-bdab-a1b130ad33e1,2026-04-29T13:00:00Z,2026-04-29T15:00:00+0200,257.11,MW,DE,DE_LU,forecast_offshore_wind_generation,Wind Offshore,2026-05-24T16:09:31Z
2026-05-24T16:08:25Z,2026-05-24T18:08:25+0200,8c5f6830-b44b-449b-bdab-a1b130ad33e1,2026-04-29T13:15:00Z,2026-04-29T15:15:00+0200,265.55,MW,DE,DE_LU,forecast_offshore_wind_generation,Wind Offshore,2026-05-24T16:09:31Z
2026-05-24T16:08:25Z,2026-05-24T18:08:25+0200,8c5f6830-b44b-449b-bdab-a1b130ad33e1,2026-04-29T13:30:00Z,2026-04-29T15:30:00+0200,277.08,MW,DE,DE_LU,forecast_offshore_wind_generation,Wind Offshore,2026-05-24T16:09:31Z
2026-05-24T16:08:25Z,2026-05-24T18:08:25+0200,8c5f6830-b44b-449b-bdab-a1b130ad33e1,2026-04-29T13:45:00Z,2026-04-29T15:45:00+0200,282.6,MW,DE,DE_LU,forecast_offshore_wind_generation,Wind Offshore,2026-05-24T16:09:31Z
2026-05-24T16:08:25Z,2026-05-24T18:08:25+0200,8c5f6830-b44b-449b-bdab-a1b130ad33e1,2026-04-29T14:00:00Z,2026-04-29T16:00:00+0200,290.34,MW,DE,DE_LU,forecast_offshore_wind_generation,Wind Offshore,2026-05-24T16:09:31Z
2026-05-24T16:08:25Z,2026-05-24T18:08:25+0200,8c5f6830-b44b-449b-bdab-a1b130ad33e1,2026-04-29T14:15:00Z,2026-04-29T16:15:00+0200,324.41,MW,DE,DE_LU,forecast_offshore_wind_generation,Wind Offshore,2026-05-24T16:09:31Z
2026-05-24T16:08:25Z,2026-05-24T18:08:25+0200,8c5f6830-b44b-449b-bdab-a1b130ad33e1,2026-04-29T14:30:00Z,2026-04-29T16:30:00+0200,350.56,MW,DE,DE_LU,forecast_offshore_wind_generation,Wind Offshore,2026-05-24T16:09:31Z
2026-05-24T16:08:25Z,2026-05-24T18:08:25+0200,8c5f6830-b44b-449b-bdab-a1b130ad33e1,2026-04-29T14:45:00Z,2026-04-29T16:45:00+0200,368.7,MW,DE,DE_LU,forecast_offshore_wind_generation,Wind Offshore,2026-05-24T16:09:31Z
2026-05-24T16:08:25Z,2026-05-24T18:08:25+0200,8c5f6830-b44b-449b-bdab-a1b130ad33e1,2026-04-29T15:00:00Z,2026-04-29T17:00:00+0200,751.91,MW,DE,DE_LU,forecast_offshore_wind_generation,Wind Offshore,2026-05-24T16:09:31Z
2026-05-24T16:08:25Z,2026-05-24T18:08:25+0200,8c5f6830-b44b-449b-bdab-a1b130ad33e1,2026-04-29T15:15:00Z,2026-04-29T17:15:00+0200,808.91,MW,DE,DE_LU,forecast_offshore_wind_generation,Wind Offshore,2026-05-24T16:09:31Z
2026-05-24T16:08:25Z,2026-05-24T18:08:25+0200,8c5f6830-b44b-449b-bdab-a1b130ad33e1,2026-04-29T15:30:00Z,2026-04-29T17:30:00+0200,863.14,MW,DE,DE_LU,forecast_offshore_wind_generation,Wind Offshore,2026-05-24T16:09:31Z
2026-05-24T16:08:25Z,2026-05-24T18:08:25+0200,8c5f6830-b44b-449b-bdab-a1b130ad33e1,2026-04-29T15:45:00Z,2026-04-29T17:45:00+0200,935.67,MW,DE,DE_LU,forecast_offshore_wind_generation,Wind Offshore,2026-05-24T16:09:31Z
2026-05-24T16:08:25Z,2026-05-24T18:08:25+0200,8c5f6830-b44b-449b-bdab-a1b130ad33e1,2026-04-29T16:00:00Z,2026-04-29T18:00:00+0200,994.35,MW,DE,DE_LU,forecast_offshore_wind_generation,Wind Offshore,2026-05-24T16:09:31Z
2026-05-24T16:08:25Z,2026-05-24T18:08:25+0200,8c5f6830-b44b-449b-bdab-a1b130ad33e1,2026-04-29T16:15:00Z,2026-04-29T18:15:00+0200,1064.45,MW,DE,DE_LU,forecast_offshore_wind_generation,Wind Offshore,2026-05-24T16:09:31Z
2026-05-24T16:08:25Z,2026-05-24T18:08:25+0200,8c5f6830-b44b-449b-bdab-a1b130ad33e1,2026-04-29T16:30:00Z,2026-04-29T18:30:00+0200,1159.6,MW,DE,DE_LU,forecast_offshore_wind_generation,Wind Offshore,2026-05-24T16:09:31Z
2026-05-24T16:08:25Z,2026-05-24T18:08:25+0200,8c5f6830-b44b-449b-bdab-a1b130ad33e1,2026-04-29T16:45:00Z,2026-04-29T18:45:00+0200,1234.93,MW,DE,DE_LU,forecast_offshore_wind_generation,Wind Offshore,2026-05-24T16:09:31Z
2026-05-24T16:08:25Z,2026-05-24T18:08:25+0200,8c5f6830-b44b-449b-bdab-a1b130ad33e1,2026-04-29T17:00:00Z,2026-04-29T19:00:00+0200,1306.32,MW,DE,DE_LU,forecast_offshore_wind_generation,Wind Offshore,2026-05-24T16:09:31Z
2026-05-24T16:08:25Z,2026-05-24T18:08:25+0200,8c5f6830-b44b-449b-bdab-a1b130ad33e1,2026-04-29T17:15:00Z,2026-04-29T19:15:00+0200,1377.46,MW,DE,DE_LU,forecast_offshore_wind_generation,Wind Offshore,2026-05-24T16:09:31Z
2026-05-24T16:08:25Z,2026-05-24T18:08:25+0200,8c5f6830-b44b-449b-bdab-a1b130ad33e1,2026-04-29T17:30:00Z,2026-04-29T19:30:00+0200,1449.77,MW,DE,DE_LU,forecast_offshore_wind_generation,Wind Offshore,2026-05-24T16:09:31Z
2026-05-24T16:08:25Z,2026-05-24T18:08:25+0200,8c5f6830-b44b-449b-bdab-a1b130ad33e1,2026-04-29T17:45:00Z,2026-04-29T19:45:00+0200,1523.25,MW,DE,DE_LU,forecast_offshore_wind_generation,Wind Offshore,2026-05-24T16:09:31Z
2026-05-24T16:08:25Z,2026-05-24T18:08:25+0200,8c5f6830-b44b-449b-bdab-a1b130ad33e1,2026-04-29T18:00:00Z,2026-04-29T20:00:00+0200,1586.38,MW,DE,DE_LU,forecast_offshore_wind_generation,Wind Offshore,2026-05-24T16:09:31Z
2026-05-24T16:08:25Z,2026-05-24T18:08:25+0200,8c5f6830-b44b-449b-bdab-a1b130ad33e1,2026-04-29T18:15:00Z,2026-04-29T20:15:00+0200,1632.16,MW,DE,DE_LU,forecast_offshore_wind_generation,Wind Offshore,2026-05-24T16:09:31Z
2026-05-24T16:08:25Z,2026-05-24T18:08:25+0200,8c5f6830-b44b-449b-bdab-a1b130ad33e1,2026-04-29T18:30:00Z,2026-04-29T20:30:00+0200,1676.27,MW,DE,DE_LU,forecast_offshore_wind_generation,Wind Offshore,2026-05-24T16:09:31Z
2026-05-24T16:08:25Z,2026-05-24T18:08:25+0200,8c5f6830-b44b-449b-bdab-a1b130ad33e1,2026-04-29T18:45:00Z,2026-04-29T20:45:00+0200,1719.66,MW,DE,DE_LU,forecast_offshore_wind_generation,Wind Offshore,2026-05-24T16:09:31Z
2026-05-24T16:08:25Z,2026-05-24T18:08:25+0200,8c5f6830-b44b-449b-bdab-a1b130ad33e1,2026-04-29T19:00:00Z,2026-04-29T21:00:00+0200,1749.62,MW,DE,DE_LU,forecast_offshore_wind_generation,Wind Offshore,2026-05-24T16:09:31Z
2026-05-24T16:08:25Z,2026-05-24T18:08:25+0200,8c5f6830-b44b-449b-bdab-a1b130ad33e1,2026-04-29T19:15:00Z,2026-04-29T21:15:00+0200,1759.36,MW,DE,DE_LU,forecast_offshore_wind_generation,Wind Offshore,2026-05-24T16:09:31Z
2026-05-24T16:08:25Z,2026-05-24T18:08:25+0200,8c5f6830-b44b-449b-bdab-a1b130ad33e1,2026-04-29T19:30:00Z,2026-04-29T21:30:00+0200,1762.24,MW,DE,DE_LU,forecast_offshore_wind_generation,Wind Offshore,2026-05-24T16:09:31Z
2026-05-24T16:08:25Z,2026-05-24T18:08:25+0200,8c5f6830-b44b-449b-bdab-a1b130ad33e1,2026-04-29T19:45:00Z,2026-04-29T21:45:00+0200,1769.39,MW,DE,DE_LU,forecast_offshore_wind_generation,Wind Offshore,2026-05-24T16:09:31Z
2026-05-24T16:08:25Z,2026-05-24T18:08:25+0200,8c5f6830-b44b-449b-bdab-a1b130ad33e1,2026-04-29T20:00:00Z,2026-04-29T22:00:00+0200,1764.37,MW,DE,DE_LU,forecast_offshore_wind_generation,Wind Offshore,2026-05-24T16:09:31Z
2026-05-24T16:08:25Z,2026-05-24T18:08:25+0200,8c5f6830-b44b-449b-bdab-a1b130ad33e1,2026-04-29T20:15:00Z,2026-04-29T22:15:00+0200,1743.47,MW,DE,DE_LU,forecast_offshore_wind_generation,Wind Offshore,2026-05-24T16:09:31Z
2026-05-24T16:08:25Z,2026-05-24T18:08:25+0200,8c5f6830-b44b-449b-bdab-a1b130ad33e1,2026-04-29T20:30:00Z,2026-04-29T22:30:00+0200,1720.65,MW,DE,DE_LU,forecast_offshore_wind_generation,Wind Offshore,2026-05-24T16:09:31Z
2026-05-24T16:08:25Z,2026-05-24T18:08:25+0200,8c5f6830-b44b-449b-bdab-a1b130ad33e1,2026-04-29T20:45:00Z,2026-04-29T22:45:00+0200,1697.41,MW,DE,DE_LU,forecast_offshore_wind_generation,Wind Offshore,2026-05-24T16:09:31Z
2026-05-24T16:08:25Z,2026-05-24T18:08:25+0200,8c5f6830-b44b-449b-bdab-a1b130ad33e1,2026-04-29T21:00:00Z,2026-04-29T23:00:00+0200,1669.89,MW,DE,DE_LU,forecast_offshore_wind_generation,Wind Offshore,2026-05-24T16:09:31Z
2026-05-24T16:08:25Z,2026-05-24T18:08:25+0200,8c5f6830-b44b-449b-bdab-a1b130ad33e1,2026-04-29T21:15:00Z,2026-04-29T23:15:00+0200,1634.36,MW,DE,DE_LU,forecast_offshore_wind_generation,Wind Offshore,2026-05-24T16:09:31Z
2026-05-24T16:08:25Z,2026-05-24T18:08:25+0200,8c5f6830-b44b-449b-bdab-a1b130ad33e1,2026-04-29T21:30:00Z,2026-04-29T23:30:00+0200,1601.8,MW,DE,DE_LU,forecast_offshore_wind_generation,Wind Offshore,2026-05-24T16:09:31Z
2026-05-24T16:08:25Z,2026-05-24T18:08:25+0200,8c5f6830-b44b-449b-bdab-a1b130ad33e1,2026-04-29T21:45:00Z,2026-04-29T23:45:00+0200,1566.48,MW,DE,DE_LU,forecast_offshore_wind_generation,Wind Offshore,2026-05-24T16:09:31Z
2026-05-24T16:08:25Z,2026-05-24T18:08:25+0200,8c5f6830-b44b-449b-bdab-a1b130ad33e1,2026-04-29T22:00:00Z,2026-04-30T00:00:00+0200,2074.14,MW,DE,DE_LU,forecast_offshore_wind_generation,Wind Offshore,2026-05-24T16:09:31Z
2026-05-24T16:08:25Z,2026-05-24T18:08:25+0200,8c5f6830-b44b-449b-bdab-a1b130ad33e1,2026-04-29T22:15:00Z,2026-04-30T00:15:00+0200,2001.18,MW,DE,DE_LU,forecast_offshore_wind_generation,Wind Offshore,2026-05-24T16:09:31Z
2026-05-24T16:08:25Z,2026-05-24T18:08:25+0200,8c5f6830-b44b-449b-bdab-a1b130ad33e1,2026-04-29T22:30:00Z,2026-04-30T00:30:00+0200,1926.33,MW,DE,DE_LU,forecast_offshore_wind_generation,Wind Offshore,2026-05-24T16:09:31Z
2026-05-24T16:08:25Z,2026-05-24T18:08:25+0200,8c5f6830-b44b-449b-bdab-a1b130ad33e1,2026-04-29T22:45:00Z,2026-04-30T00:45:00+0200,1854.74,MW,DE,DE_LU,forecast_offshore_wind_generation,Wind Offshore,2026-05-24T16:09:31Z
2026-05-24T16:08:25Z,2026-05-24T18:08:25+0200,8c5f6830-b44b-449b-bdab-a1b130ad33e1,2026-04-29T23:00:00Z,2026-04-30T01:00:00+0200,1774.56,MW,DE,DE_LU,forecast_offshore_wind_generation,Wind Offshore,2026-05-24T16:09:31Z
2026-05-24T16:08:25Z,2026-05-24T18:08:25+0200,8c5f6830-b44b-449b-bdab-a1b130ad33e1,2026-04-29T23:15:00Z,2026-04-30T01:15:00+0200,1689.49,MW,DE,DE_LU,forecast_offshore_wind_generation,Wind Offshore,2026-05-24T16:09:31Z
2026-05-24T16:08:25Z,2026-05-24T18:08:25+0200,8c5f6830-b44b-449b-bdab-a1b130ad33e1,2026-04-29T23:30:00Z,2026-04-30T01:30:00+0200,1605.43,MW,DE,DE_LU,forecast_offshore_wind_generation,Wind Offshore,2026-05-24T16:09:31Z
2026-05-24T16:08:25Z,2026-05-24T18:08:25+0200,8c5f6830-b44b-449b-bdab-a1b130ad33e1,2026-04-29T23:45:00Z,2026-04-30T01:45:00+0200,1518.63,MW,DE,DE_LU,forecast_offshore_wind_generation,Wind Offshore,2026-05-24T16:09:31Z
2026-05-24T16:08:25Z,2026-05-24T18:08:25+0200,8c5f6830-b44b-449b-bdab-a1b130ad33e1,2026-04-30T00:00:00Z,2026-04-30T02:00:00+0200,1438.45,MW,DE,DE_LU,forecast_offshore_wind_generation,Wind Offshore,2026-05-24T16:09:31Z
2026-05-24T16:08:25Z,2026-05-24T18:08:25+0200,8c5f6830-b44b-449b-bdab-a1b130ad33e1,2026-04-30T00:15:00Z,2026-04-30T02:15:00+0200,1367.66,MW,DE,DE_LU,forecast_offshore_wind_generation,Wind Offshore,2026-05-24T16:09:31Z
2026-05-24T16:08:25Z,2026-05-24T18:08:25+0200,8c5f6830-b44b-449b-bdab-a1b130ad33e1,2026-04-30T00:30:00Z,2026-04-30T02:30:00+0200,1300.85,MW,DE,DE_LU,forecast_offshore_wind_generation,Wind Offshore,2026-05-24T16:09:31Z
2026-05-24T16:08:25Z,2026-05-24T18:08:25+0200,8c5f6830-b44b-449b-bdab-a1b130ad33e1,2026-04-30T00:45:00Z,2026-04-30T02:45:00+0200,1229.08,MW,DE,DE_LU,forecast_offshore_wind_generation,Wind Offshore,2026-05-24T16:09:31Z
2026-05-24T16:08:25Z,2026-05-24T18:08:25+0200,8c5f6830-b44b-449b-bdab-a1b130ad33e1,2026-04-30T01:00:00Z,2026-04-30T03:00:00+0200,1158.46,MW,DE,DE_LU,forecast_offshore_wind_generation,Wind Offshore,2026-05-24T16:09:31Z
2026-05-24T16:08:25Z,2026-05-24T18:08:25+0200,8c5f6830-b44b-449b-bdab-a1b130ad33e1,2026-04-30T01:15:00Z,2026-04-30T03:15:00+0200,1090.93,MW,DE,DE_LU,forecast_offshore_wind_generation,Wind Offshore,2026-05-24T16:09:31Z
2026-05-24T16:08:25Z,2026-05-24T18:08:25+0200,8c5f6830-b44b-449b-bdab-a1b130ad33e1,2026-04-30T01:30:00Z,2026-04-30T03:30:00+0200,1030.35,MW,DE,DE_LU,forecast_offshore_wind_generation,Wind Offshore,2026-05-24T16:09:31Z
2026-05-24T16:08:25Z,2026-05-24T18:08:25+0200,8c5f6830-b44b-449b-bdab-a1b130ad33e1,2026-04-30T01:45:00Z,2026-04-30T03:45:00+0200,972.05,MW,DE,DE_LU,forecast_offshore_wind_generation,Wind Offshore,2026-05-24T16:09:31Z
2026-05-24T16:08:25Z,2026-05-24T18:08:25+0200,8c5f6830-b44b-449b-bdab-a1b130ad33e1,2026-04-30T02:00:00Z,2026-04-30T04:00:00+0200,914.24,MW,DE,DE_LU,forecast_offshore_wind_generation,Wind Offshore,2026-05-24T16:09:31Z
2026-05-24T16:08:25Z,2026-05-24T18:08:25+0200,8c5f6830-b44b-449b-bdab-a1b130ad33e1,2026-04-30T02:15:00Z,2026-04-30T04:15:00+0200,867.18,MW,DE,DE_LU,forecast_offshore_wind_generation,Wind Offshore,2026-05-24T16:09:31Z
2026-05-24T16:08:25Z,2026-05-24T18:08:25+0200,8c5f6830-b44b-449b-bdab-a1b130ad33e1,2026-04-30T02:30:00Z,2026-04-30T04:30:00+0200,821.18,MW,DE,DE_LU,forecast_offshore_wind_generation,Wind Offshore,2026-05-24T16:09:31Z
2026-05-24T16:08:25Z,2026-05-24T18:08:25+0200,8c5f6830-b44b-449b-bdab-a1b130ad33e1,2026-04-30T02:45:00Z,2026-04-30T04:45:00+0200,771.11,MW,DE,DE_LU,forecast_offshore_wind_generation,Wind Offshore,2026-05-24T16:09:31Z
2026-05-24T16:08:25Z,2026-05-24T18:08:25+0200,8c5f6830-b44b-449b-bdab-a1b130ad33e1,2026-04-30T03:00:00Z,2026-04-30T05:00:00+0200,727.69,MW,DE,DE_LU,forecast_offshore_wind_generation,Wind Offshore,2026-05-24T16:09:31Z
2026-05-24T16:08:25Z,2026-05-24T18:08:25+0200,8c5f6830-b44b-449b-bdab-a1b130ad33e1,2026-04-30T03:15:00Z,2026-04-30T05:15:00+0200,701.0,MW,DE,DE_LU,forecast_offshore_wind_generation,Wind Offshore,2026-05-24T16:09:31Z
2026-05-24T16:08:25Z,2026-05-24T18:08:25+0200,8c5f6830-b44b-449b-bdab-a1b130ad33e1,2026-04-30T03:30:00Z,2026-04-30T05:30:00+0200,673.35,MW,DE,DE_LU,forecast_offshore_wind_generation,Wind Offshore,2026-05-24T16:09:31Z
2026-05-24T16:08:25Z,2026-05-24T18:08:25+0200,8c5f6830-b44b-449b-bdab-a1b130ad33e1,2026-04-30T03:45:00Z,2026-04-30T05:45:00+0200,643.24,MW,DE,DE_LU,forecast_offshore_wind_generation,Wind Offshore,2026-05-24T16:09:31Z
2026-05-24T16:08:25Z,2026-05-24T18:08:25+0200,8c5f6830-b44b-449b-bdab-a1b130ad33e1,2026-04-30T04:00:00Z,2026-04-30T06:00:00+0200,616.23,MW,DE,DE_LU,forecast_offshore_wind_generation,Wind Offshore,2026-05-24T16:09:31Z
2026-05-24T16:08:25Z,2026-05-24T18:08:25+0200,8c5f6830-b44b-449b-bdab-a1b130ad33e1,2026-04-30T04:15:00Z,2026-04-30T06:15:00+0200,596.28,MW,DE,DE_LU,forecast_offshore_wind_generation,Wind Offshore,2026-05-24T16:09:31Z
2026-05-24T16:08:25Z,2026-05-24T18:08:25+0200,8c5f6830-b44b-449b-bdab-a1b130ad33e1,2026-04-30T04:30:00Z,2026-04-30T06:30:00+0200,581.36,MW,DE,DE_LU,forecast_offshore_wind_generation,Wind Offshore,2026-05-24T16:09:31Z
2026-05-24T16:08:25Z,2026-05-24T18:08:25+0200,8c5f6830-b44b-449b-bdab-a1b130ad33e1,2026-04-30T04:45:00Z,2026-04-30T06:45:00+0200,561.45,MW,DE,DE_LU,forecast_offshore_wind_generation,Wind Offshore,2026-05-24T16:09:31Z
2026-05-24T16:08:25Z,2026-05-24T18:08:25+0200,8c5f6830-b44b-449b-bdab-a1b130ad33e1,2026-04-30T05:00:00Z,2026-04-30T07:00:00+0200,545.57,MW,DE,DE_LU,forecast_offshore_wind_generation,Wind Offshore,2026-05-24T16:09:31Z
2026-05-24T16:08:25Z,2026-05-24T18:08:25+0200,8c5f6830-b44b-449b-bdab-a1b130ad33e1,2026-04-30T05:15:00Z,2026-04-30T07:15:00+0200,537.01,MW,DE,DE_LU,forecast_offshore_wind_generation,Wind Offshore,2026-05-24T16:09:31Z
2026-05-24T16:08:25Z,2026-05-24T18:08:25+0200,8c5f6830-b44b-449b-bdab-a1b130ad33e1,2026-04-30T05:30:00Z,2026-04-30T07:30:00+0200,524.49,MW,DE,DE_LU,forecast_offshore_wind_generation,Wind Offshore,2026-05-24T16:09:31Z
2026-05-24T16:08:25Z,2026-05-24T18:08:25+0200,8c5f6830-b44b-449b-bdab-a1b130ad33e1,2026-04-30T05:45:00Z,2026-04-30T07:45:00+0200,515.03,MW,DE,DE_LU,forecast_offshore_wind_generation,Wind Offshore,2026-05-24T16:09:31Z
2026-05-24T16:08:25Z,2026-05-24T18:08:25+0200,8c5f6830-b44b-449b-bdab-a1b130ad33e1,2026-04-30T06:00:00Z,2026-04-30T08:00:00+0200,509.92,MW,DE,DE_LU,forecast_offshore_wind_generation,Wind Offshore,2026-05-24T16:09:31Z
2026-05-24T16:08:25Z,2026-05-24T18:08:25+0200,8c5f6830-b44b-449b-bdab-a1b130ad33e1,2026-04-30T06:15:00Z,2026-04-30T08:15:00+0200,509.86,MW,DE,DE_LU,forecast_offshore_wind_generation,Wind Offshore,2026-05-24T16:09:31Z
2026-05-24T16:08:25Z,2026-05-24T18:08:25+0200,8c5f6830-b44b-449b-bdab-a1b130ad33e1,2026-04-30T06:30:00Z,2026-04-30T08:30:00+0200,514.84,MW,DE,DE_LU,forecast_offshore_wind_generation,Wind Offshore,2026-05-24T16:09:31Z
2026-05-24T16:08:25Z,2026-05-24T18:08:25+0200,8c5f6830-b44b-449b-bdab-a1b130ad33e1,2026-04-30T06:45:00Z,2026-04-30T08:45:00+0200,510.84,MW,DE,DE_LU,forecast_offshore_wind_generation,Wind Offshore,2026-05-24T16:09:31Z
2026-05-24T16:08:25Z,2026-05-24T18:08:25+0200,8c5f6830-b44b-449b-bdab-a1b130ad33e1,2026-04-30T07:00:00Z,2026-04-30T09:00:00+0200,513.88,MW,DE,DE_LU,forecast_offshore_wind_generation,Wind Offshore,2026-05-24T16:09:31Z
2026-05-24T16:08:25Z,2026-05-24T18:08:25+0200,8c5f6830-b44b-449b-bdab-a1b130ad33e1,2026-04-30T07:15:00Z,2026-04-30T09:15:00+0200,516.82,MW,DE,DE_LU,forecast_offshore_wind_generation,Wind Offshore,2026-05-24T16:09:31Z
2026-05-24T16:08:25Z,2026-05-24T18:08:25+0200,8c5f6830-b44b-449b-bdab-a1b130ad33e1,2026-04-30T07:30:00Z,2026-04-30T09:30:00+0200,520.85,MW,DE,DE_LU,forecast_offshore_wind_generation,Wind Offshore,2026-05-24T16:09:31Z
2026-05-24T16:08:25Z,2026-05-24T18:08:25+0200,8c5f6830-b44b-449b-bdab-a1b130ad33e1,2026-04-30T07:45:00Z,2026-04-30T09:45:00+0200,525.92,MW,DE,DE_LU,forecast_offshore_wind_generation,Wind Offshore,2026-05-24T16:09:31Z
2026-05-24T16:08:25Z,2026-05-24T18:08:25+0200,8c5f6830-b44b-449b-bdab-a1b130ad33e1,2026-04-30T08:00:00Z,2026-04-30T10:00:00+0200,317.89,MW,DE,DE_LU,forecast_offshore_wind_generation,Wind Offshore,2026-05-24T16:09:31Z
2026-05-24T16:08:25Z,2026-05-24T18:08:25+0200,8c5f6830-b44b-449b-bdab-a1b130ad33e1,2026-04-30T08:15:00Z,2026-04-30T10:15:00+0200,319.26,MW,DE,DE_LU,forecast_offshore_wind_generation,Wind Offshore,2026-05-24T16:09:31Z
2026-05-24T16:08:25Z,2026-05-24T18:08:25+0200,8c5f6830-b44b-449b-bdab-a1b130ad33e1,2026-04-30T08:30:00Z,2026-04-30T10:30:00+0200,319.63,MW,DE,DE_LU,forecast_offshore_wind_generation,Wind Offshore,2026-05-24T16:09:31Z
2026-05-24T16:08:25Z,2026-05-24T18:08:25+0200,8c5f6830-b44b-449b-bdab-a1b130ad33e1,2026-04-30T08:45:00Z,2026-04-30T10:45:00+0200,319.08,MW,DE,DE_LU,forecast_offshore_wind_generation,Wind Offshore,2026-05-24T16:09:31Z
2026-05-24T16:08:25Z,2026-05-24T18:08:25+0200,8c5f6830-b44b-449b-bdab-a1b130ad33e1,2026-04-30T09:00:00Z,2026-04-30T11:00:00+0200,322.07,MW,DE,DE_LU,forecast_offshore_wind_generation,Wind Offshore,2026-05-24T16:09:31Z
2026-05-24T16:08:25Z,2026-05-24T18:08:25+0200,8c5f6830-b44b-449b-bdab-a1b130ad33e1,2026-04-30T09:15:00Z,2026-04-30T11:15:00+0200,322.36,MW,DE,DE_LU,forecast_offshore_wind_generation,Wind Offshore,2026-05-24T16:09:31Z
2026-05-24T16:08:25Z,2026-05-24T18:08:25+0200,8c5f6830-b44b-449b-bdab-a1b130ad33e1,2026-04-30T09:30:00Z,2026-04-30T11:30:00+0200,322.64,MW,DE,DE_LU,forecast_offshore_wind_generation,Wind Offshore,2026-05-24T16:09:31Z
2026-05-24T16:08:25Z,2026-05-24T18:08:25+0200,8c5f6830-b44b-449b-bdab-a1b130ad33e1,2026-04-30T09:45:00Z,2026-04-30T11:45:00+0200,326.95,MW,DE,DE_LU,forecast_offshore_wind_generation,Wind Offshore,2026-05-24T16:09:31Z
2026-05-24T16:08:25Z,2026-05-24T18:08:25+0200,8c5f6830-b44b-449b-bdab-a1b130ad33e1,2026-04-30T10:00:00Z,2026-04-30T12:00:00+0200,331.44,MW,DE,DE_LU,forecast_offshore_wind_generation,Wind Offshore,2026-05-24T16:09:31Z
2026-05-24T16:08:25Z,2026-05-24T18:08:25+0200,8c5f6830-b44b-449b-bdab-a1b130ad33e1,2026-04-30T10:15:00Z,2026-04-30T12:15:00+0200,339.8,MW,DE,DE_LU,forecast_offshore_wind_generation,Wind Offshore,2026-05-24T16:09:31Z
2026-05-24T16:08:25Z,2026-05-24T18:08:25+0200,8c5f6830-b44b-449b-bdab-a1b130ad33e1,2026-04-30T10:30:00Z,2026-04-30T12:30:00+0200,348.29,MW,DE,DE_LU,forecast_offshore_wind_generation,Wind Offshore,2026-05-24T16:09:31Z
2026-05-24T16:08:25Z,2026-05-24T18:08:25+0200,8c5f6830-b44b-449b-bdab-a1b130ad33e1,2026-04-30T10:45:00Z,2026-04-30T12:45:00+0200,358.85,MW,DE,DE_LU,forecast_offshore_wind_generation,Wind Offshore,2026-05-24T16:09:31Z
2026-05-24T16:08:25Z,2026-05-24T18:08:25+0200,8c5f6830-b44b-449b-bdab-a1b130ad33e1,2026-04-30T11:00:00Z,2026-04-30T13:00:00+0200,370.16,MW,DE,DE_LU,forecast_offshore_wind_generation,Wind Offshore,2026-05-24T16:09:31Z
2026-05-24T16:08:25Z,2026-05-24T18:08:25+0200,8c5f6830-b44b-449b-bdab-a1b130ad33e1,2026-04-30T11:15:00Z,2026-04-30T13:15:00+0200,388.53,MW,DE,DE_LU,forecast_offshore_wind_generation,Wind Offshore,2026-05-24T16:09:31Z
2026-05-24T16:08:25Z,2026-05-24T18:08:25+0200,8c5f6830-b44b-449b-bdab-a1b130ad33e1,2026-04-30T11:30:00Z,2026-04-30T13:30:00+0200,403.92,MW,DE,DE_LU,forecast_offshore_wind_generation,Wind Offshore,2026-05-24T16:09:31Z
2026-05-24T16:08:25Z,2026-05-24T18:08:25+0200,8c5f6830-b44b-449b-bdab-a1b130ad33e1,2026-04-30T11:45:00Z,2026-04-30T13:45:00+0200,422.5,MW,DE,DE_LU,forecast_offshore_wind_generation,Wind Offshore,2026-05-24T16:09:31Z
2026-05-24T16:08:25Z,2026-05-24T18:08:25+0200,8c5f6830-b44b-449b-bdab-a1b130ad33e1,2026-04-30T12:00:00Z,2026-04-30T14:00:00+0200,442.11,MW,DE,DE_LU,forecast_offshore_wind_generation,Wind Offshore,2026-05-24T16:09:31Z
2026-05-24T16:08:25Z,2026-05-24T18:08:25+0200,8c5f6830-b44b-449b-bdab-a1b130ad33e1,2026-04-30T12:15:00Z,2026-04-30T14:15:00+0200,471.55,MW,DE,DE_LU,forecast_offshore_wind_generation,Wind Offshore,2026-05-24T16:09:31Z
2026-05-24T16:08:25Z,2026-05-24T18:08:25+0200,8c5f6830-b44b-449b-bdab-a1b130ad33e1,2026-04-30T12:30:00Z,2026-04-30T14:30:00+0200,500.03,MW,DE,DE_LU,forecast_offshore_wind_generation,Wind Offshore,2026-05-24T16:09:31Z
2026-05-24T16:08:25Z,2026-05-24T18:08:25+0200,8c5f6830-b44b-449b-bdab-a1b130ad33e1,2026-04-30T12:45:00Z,2026-04-30T14:45:00+0200,528.73,MW,DE,DE_LU,forecast_offshore_wind_generation,Wind Offshore,2026-05-24T16:09:31Z
2026-05-24T16:08:25Z,2026-05-24T18:08:25+0200,8c5f6830-b44b-449b-bdab-a1b130ad33e1,2026-04-30T13:00:00Z,2026-04-30T15:00:00+0200,560.92,MW,DE,DE_LU,forecast_offshore_wind_generation,Wind Offshore,2026-05-24T16:09:31Z
2026-05-24T16:08:25Z,2026-05-24T18:08:25+0200,8c5f6830-b44b-449b-bdab-a1b130ad33e1,2026-04-30T13:15:00Z,2026-04-30T15:15:00+0200,594.4,MW,DE,DE_LU,forecast_offshore_wind_generation,Wind Offshore,2026-05-24T16:09:31Z
2026-05-24T16:08:25Z,2026-05-24T18:08:25+0200,8c5f6830-b44b-449b-bdab-a1b130ad33e1,2026-04-30T13:30:00Z,2026-04-30T15:30:00+0200,699.0,MW,DE,DE_LU,forecast_offshore_wind_generation,Wind Offshore,2026-05-24T16:09:31Z
2026-05-24T16:08:25Z,2026-05-24T18:08:25+0200,8c5f6830-b44b-449b-bdab-a1b130ad33e1,2026-04-30T13:45:00Z,2026-04-30T15:45:00+0200,736.69,MW,DE,DE_LU,forecast_offshore_wind_generation,Wind Offshore,2026-05-24T16:09:31Z
2026-05-24T16:08:25Z,2026-05-24T18:08:25+0200,8c5f6830-b44b-449b-bdab-a1b130ad33e1,2026-04-30T14:00:00Z,2026-04-30T16:00:00+0200,785.25,MW,DE,DE_LU,forecast_offshore_wind_generation,Wind Offshore,2026-05-24T16:09:31Z
2026-05-24T16:08:25Z,2026-05-24T18:08:25+0200,8c5f6830-b44b-449b-bdab-a1b130ad33e1,2026-04-30T14:15:00Z,2026-04-30T16:15:00+0200,828.78,MW,DE,DE_LU,forecast_offshore_wind_generation,Wind Offshore,2026-05-24T16:09:31Z
2026-05-24T16:08:25Z,2026-05-24T18:08:25+0200,8c5f6830-b44b-449b-bdab-a1b130ad33e1,2026-04-30T14:30:00Z,2026-04-30T16:30:00+0200,883.3,MW,DE,DE_LU,forecast_offshore_wind_generation,Wind Offshore,2026-05-24T16:09:31Z
2026-05-24T16:08:25Z,2026-05-24T18:08:25+0200,8c5f6830-b44b-449b-bdab-a1b130ad33e1,2026-04-30T14:45:00Z,2026-04-30T16:45:00+0200,923.97,MW,DE,DE_LU,forecast_offshore_wind_generation,Wind Offshore,2026-05-24T16:09:31Z
2026-05-24T16:08:25Z,2026-05-24T18:08:25+0200,8c5f6830-b44b-449b-bdab-a1b130ad33e1,2026-04-30T15:00:00Z,2026-04-30T17:00:00+0200,1809.16,MW,DE,DE_LU,forecast_offshore_wind_generation,Wind Offshore,2026-05-24T16:09:31Z
2026-05-24T16:08:25Z,2026-05-24T18:08:25+0200,8c5f6830-b44b-449b-bdab-a1b130ad33e1,2026-04-30T15:15:00Z,2026-04-30T17:15:00+0200,1899.27,MW,DE,DE_LU,forecast_offshore_wind_generation,Wind Offshore,2026-05-24T16:09:31Z
2026-05-24T16:08:25Z,2026-05-24T18:08:25+0200,8c5f6830-b44b-449b-bdab-a1b130ad33e1,2026-04-30T15:30:00Z,2026-04-30T17:30:00+0200,1994.3,MW,DE,DE_LU,forecast_offshore_wind_generation,Wind Offshore,2026-05-24T16:09:31Z
2026-05-24T16:08:25Z,2026-05-24T18:08:25+0200,8c5f6830-b44b-449b-bdab-a1b130ad33e1,2026-04-30T15:45:00Z,2026-04-30T17:45:00+0200,2086.18,MW,DE,DE_LU,forecast_offshore_wind_generation,Wind Offshore,2026-05-24T16:09:31Z
2026-05-24T16:08:25Z,2026-05-24T18:08:25+0200,8c5f6830-b44b-449b-bdab-a1b130ad33e1,2026-04-30T16:00:00Z,2026-04-30T18:00:00+0200,2340.09,MW,DE,DE_LU,forecast_offshore_wind_generation,Wind Offshore,2026-05-24T16:09:31Z
2026-05-24T16:08:25Z,2026-05-24T18:08:25+0200,8c5f6830-b44b-449b-bdab-a1b130ad33e1,2026-04-30T16:15:00Z,2026-04-30T18:15:00+0200,2425.22,MW,DE,DE_LU,forecast_offshore_wind_generation,Wind Offshore,2026-05-24T16:09:31Z
2026-05-24T16:08:25Z,2026-05-24T18:08:25+0200,8c5f6830-b44b-449b-bdab-a1b130ad33e1,2026-04-30T16:30:00Z,2026-04-30T18:30:00+0200,2498.18,MW,DE,DE_LU,forecast_offshore_wind_generation,Wind Offshore,2026-05-24T16:09:31Z
2026-05-24T16:08:25Z,2026-05-24T18:08:25+0200,8c5f6830-b44b-449b-bdab-a1b130ad33e1,2026-04-30T16:45:00Z,2026-04-30T18:45:00+0200,2576.1,MW,DE,DE_LU,forecast_offshore_wind_generation,Wind Offshore,2026-05-24T16:09:31Z
2026-05-24T16:08:25Z,2026-05-24T18:08:25+0200,8c5f6830-b44b-449b-bdab-a1b130ad33e1,2026-04-30T17:00:00Z,2026-04-30T19:00:00+0200,2645.2,MW,DE,DE_LU,forecast_offshore_wind_generation,Wind Offshore,2026-05-24T16:09:31Z
2026-05-24T16:08:25Z,2026-05-24T18:08:25+0200,8c5f6830-b44b-449b-bdab-a1b130ad33e1,2026-04-30T17:15:00Z,2026-04-30T19:15:00+0200,2698.5,MW,DE,DE_LU,forecast_offshore_wind_generation,Wind Offshore,2026-05-24T16:09:31Z
2026-05-24T16:08:25Z,2026-05-24T18:08:25+0200,8c5f6830-b44b-449b-bdab-a1b130ad33e1,2026-04-30T17:30:00Z,2026-04-30T19:30:00+0200,2751.85,MW,DE,DE_LU,forecast_offshore_wind_generation,Wind Offshore,2026-05-24T16:09:31Z
2026-05-24T16:08:25Z,2026-05-24T18:08:25+0200,8c5f6830-b44b-449b-bdab-a1b130ad33e1,2026-04-30T17:45:00Z,2026-04-30T19:45:00+0200,2803.37,MW,DE,DE_LU,forecast_offshore_wind_generation,Wind Offshore,2026-05-24T16:09:31Z
2026-05-24T16:08:25Z,2026-05-24T18:08:25+0200,8c5f6830-b44b-449b-bdab-a1b130ad33e1,2026-04-30T18:00:00Z,2026-04-30T20:00:00+0200,2853.09,MW,DE,DE_LU,forecast_offshore_wind_generation,Wind Offshore,2026-05-24T16:09:31Z
2026-05-24T16:08:25Z,2026-05-24T18:08:25+0200,8c5f6830-b44b-449b-bdab-a1b130ad33e1,2026-04-30T18:15:00Z,2026-04-30T20:15:00+0200,2890.67,MW,DE,DE_LU,forecast_offshore_wind_generation,Wind Offshore,2026-05-24T16:09:31Z
2026-05-24T16:08:25Z,2026-05-24T18:08:25+0200,8c5f6830-b44b-449b-bdab-a1b130ad33e1,2026-04-30T18:30:00Z,2026-04-30T20:30:00+0200,2925.27,MW,DE,DE_LU,forecast_offshore_wind_generation,Wind Offshore,2026-05-24T16:09:31Z
2026-05-24T16:08:25Z,2026-05-24T18:08:25+0200,8c5f6830-b44b-449b-bdab-a1b130ad33e1,2026-04-30T18:45:00Z,2026-04-30T20:45:00+0200,2960.42,MW,DE,DE_LU,forecast_offshore_wind_generation,Wind Offshore,2026-05-24T16:09:31Z
2026-05-24T16:08:25Z,2026-05-24T18:08:25+0200,8c5f6830-b44b-449b-bdab-a1b130ad33e1,2026-04-30T19:00:00Z,2026-04-30T21:00:00+0200,2989.92,MW,DE,DE_LU,forecast_offshore_wind_generation,Wind Offshore,2026-05-24T16:09:31Z
2026-05-24T16:08:25Z,2026-05-24T18:08:25+0200,8c5f6830-b44b-449b-bdab-a1b130ad33e1,2026-04-30T19:15:00Z,2026-04-30T21:15:00+0200,3036.43,MW,DE,DE_LU,forecast_offshore_wind_generation,Wind Offshore,2026-05-24T16:09:31Z
2026-05-24T16:08:25Z,2026-05-24T18:08:25+0200,8c5f6830-b44b-449b-bdab-a1b130ad33e1,2026-04-30T19:30:00Z,2026-04-30T21:30:00+0200,3082.08,MW,DE,DE_LU,forecast_offshore_wind_generation,Wind Offshore,2026-05-24T16:09:31Z
2026-05-24T16:08:25Z,2026-05-24T18:08:25+0200,8c5f6830-b44b-449b-bdab-a1b130ad33e1,2026-04-30T19:45:00Z,2026-04-30T21:45:00+0200,3126.83,MW,DE,DE_LU,forecast_offshore_wind_generation,Wind Offshore,2026-05-24T16:09:31Z
2026-05-24T16:08:25Z,2026-05-24T18:08:25+0200,8c5f6830-b44b-449b-bdab-a1b130ad33e1,2026-04-30T20:00:00Z,2026-04-30T22:00:00+0200,3181.36,MW,DE,DE_LU,forecast_offshore_wind_generation,Wind Offshore,2026-05-24T16:09:31Z
2026-05-24T16:08:25Z,2026-05-24T18:08:25+0200,8c5f6830-b44b-449b-bdab-a1b130ad33e1,2026-04-30T20:15:00Z,2026-04-30T22:15:00+0200,3216.23,MW,DE,DE_LU,forecast_offshore_wind_generation,Wind Offshore,2026-05-24T16:09:31Z
2026-05-24T16:08:25Z,2026-05-24T18:08:25+0200,8c5f6830-b44b-449b-bdab-a1b130ad33e1,2026-04-30T20:30:00Z,2026-04-30T22:30:00+0200,3253.12,MW,DE,DE_LU,forecast_offshore_wind_generation,Wind Offshore,2026-05-24T16:09:31Z
2026-05-24T16:08:25Z,2026-05-24T18:08:25+0200,8c5f6830-b44b-449b-bdab-a1b130ad33e1,2026-04-30T20:45:00Z,2026-04-30T22:45:00+0200,3288.25,MW,DE,DE_LU,forecast_offshore_wind_generation,Wind Offshore,2026-05-24T16:09:31Z
2026-05-24T16:08:25Z,2026-05-24T18:08:25+0200,8c5f6830-b44b-449b-bdab-a1b130ad33e1,2026-04-30T21:00:00Z,2026-04-30T23:00:00+0200,3316.31,MW,DE,DE_LU,forecast_offshore_wind_generation,Wind Offshore,2026-05-24T16:09:31Z
2026-05-24T16:08:25Z,2026-05-24T18:08:25+0200,8c5f6830-b44b-449b-bdab-a1b130ad33e1,2026-04-30T21:15:00Z,2026-04-30T23:15:00+0200,3326.77,MW,DE,DE_LU,forecast_offshore_wind_generation,Wind Offshore,2026-05-24T16:09:31Z
2026-05-24T16:08:25Z,2026-05-24T18:08:25+0200,8c5f6830-b44b-449b-bdab-a1b130ad33e1,2026-04-30T21:30:00Z,2026-04-30T23:30:00+0200,3334.26,MW,DE,DE_LU,forecast_offshore_wind_generation,Wind Offshore,2026-05-24T16:09:31Z
2026-05-24T16:08:25Z,2026-05-24T18:08:25+0200,8c5f6830-b44b-449b-bdab-a1b130ad33e1,2026-04-30T21:45:00Z,2026-04-30T23:45:00+0200,3348.8,MW,DE,DE_LU,forecast_offshore_wind_generation,Wind Offshore,2026-05-24T16:09:31Z
2026-05-24T16:08:25Z,2026-05-24T18:08:25+0200,8c5f6830-b44b-449b-bdab-a1b130ad33e1,2026-04-30T22:00:00Z,2026-05-01T00:00:00+0200,3309.02,MW,DE,DE_LU,forecast_offshore_wind_generation,Wind Offshore,2026-05-24T16:09:31Z
2026-05-24T16:08:25Z,2026-05-24T18:08:25+0200,8c5f6830-b44b-449b-bdab-a1b130ad33e1,2026-04-30T22:15:00Z,2026-05-01T00:15:00+0200,3276.13,MW,DE,DE_LU,forecast_offshore_wind_generation,Wind Offshore,2026-05-24T16:09:31Z
2026-05-24T16:08:25Z,2026-05-24T18:08:25+0200,8c5f6830-b44b-449b-bdab-a1b130ad33e1,2026-04-30T22:30:00Z,2026-05-01T00:30:00+0200,3253.28,MW,DE,DE_LU,forecast_offshore_wind_generation,Wind Offshore,2026-05-24T16:09:31Z
2026-05-24T16:08:25Z,2026-05-24T18:08:25+0200,8c5f6830-b44b-449b-bdab-a1b130ad33e1,2026-04-30T22:45:00Z,2026-05-01T00:45:00+0200,3225.33,MW,DE,DE_LU,forecast_offshore_wind_generation,Wind Offshore,2026-05-24T16:09:31Z
2026-05-24T16:08:25Z,2026-05-24T18:08:25+0200,8c5f6830-b44b-449b-bdab-a1b130ad33e1,2026-04-30T23:00:00Z,2026-05-01T01:00:00+0200,3188.44,MW,DE,DE_LU,forecast_offshore_wind_generation,Wind Offshore,2026-05-24T16:09:31Z
2026-05-24T16:08:25Z,2026-05-24T18:08:25+0200,8c5f6830-b44b-449b-bdab-a1b130ad33e1,2026-04-30T23:15:00Z,2026-05-01T01:15:00+0200,3128.62,MW,DE,DE_LU,forecast_offshore_wind_generation,Wind Offshore,2026-05-24T16:09:31Z
2026-05-24T16:08:25Z,2026-05-24T18:08:25+0200,8c5f6830-b44b-449b-bdab-a1b130ad33e1,2026-04-30T23:30:00Z,2026-05-01T01:30:00+0200,3064.8,MW,DE,DE_LU,forecast_offshore_wind_generation,Wind Offshore,2026-05-24T16:09:31Z
2026-05-24T16:08:25Z,2026-05-24T18:08:25+0200,8c5f6830-b44b-449b-bdab-a1b130ad33e1,2026-04-30T23:45:00Z,2026-05-01T01:45:00+0200,2998.09,MW,DE,DE_LU,forecast_offshore_wind_generation,Wind Offshore,2026-05-24T16:09:31Z
2026-05-24T16:08:25Z,2026-05-24T18:08:25+0200,8c5f6830-b44b-449b-bdab-a1b130ad33e1,2026-05-01T00:00:00Z,2026-05-01T02:00:00+0200,2928.62,MW,DE,DE_LU,forecast_offshore_wind_generation,Wind Offshore,2026-05-24T16:09:31Z
2026-05-24T16:08:25Z,2026-05-24T18:08:25+0200,8c5f6830-b44b-449b-bdab-a1b130ad33e1,2026-05-01T00:15:00Z,2026-05-01T02:15:00+0200,2846.09,MW,DE,DE_LU,forecast_offshore_wind_generation,Wind Offshore,2026-05-24T16:09:31Z
2026-05-24T16:08:25Z,2026-05-24T18:08:25+0200,8c5f6830-b44b-449b-bdab-a1b130ad33e1,2026-05-01T00:30:00Z,2026-05-01T02:30:00+0200,2766.65,MW,DE,DE_LU,forecast_offshore_wind_generation,Wind Offshore,2026-05-24T16:09:31Z
2026-05-24T16:08:25Z,2026-05-24T18:08:25+0200,8c5f6830-b44b-449b-bdab-a1b130ad33e1,2026-05-01T00:45:00Z,2026-05-01T02:45:00+0200,2687.28,MW,DE,DE_LU,forecast_offshore_wind_generation,Wind Offshore,2026-05-24T16:09:31Z
2026-05-24T16:08:25Z,2026-05-24T18:08:25+0200,8c5f6830-b44b-449b-bdab-a1b130ad33e1,2026-05-01T01:00:00Z,2026-05-01T03:00:00+0200,2608.63,MW,DE,DE_LU,forecast_offshore_wind_generation,Wind Offshore,2026-05-24T16:09:31Z
2026-05-24T16:08:25Z,2026-05-24T18:08:25+0200,8c5f6830-b44b-449b-bdab-a1b130ad33e1,2026-05-01T01:15:00Z,2026-05-01T03:15:00+0200,2520.29,MW,DE,DE_LU,forecast_offshore_wind_generation,Wind Offshore,2026-05-24T16:09:31Z
2026-05-24T16:08:25Z,2026-05-24T18:08:25+0200,8c5f6830-b44b-449b-bdab-a1b130ad33e1,2026-05-01T01:30:00Z,2026-05-01T03:30:00+0200,2439.96,MW,DE,DE_LU,forecast_offshore_wind_generation,Wind Offshore,2026-05-24T16:09:31Z
2026-05-24T16:08:25Z,2026-05-24T18:08:25+0200,8c5f6830-b44b-449b-bdab-a1b130ad33e1,2026-05-01T01:45:00Z,2026-05-01T03:45:00+0200,2360.7,MW,DE,DE_LU,forecast_offshore_wind_generation,Wind Offshore,2026-05-24T16:09:31Z
2026-05-24T16:08:25Z,2026-05-24T18:08:25+0200,8c5f6830-b44b-449b-bdab-a1b130ad33e1,2026-05-01T02:00:00Z,2026-05-01T04:00:00+0200,2285.19,MW,DE,DE_LU,forecast_offshore_wind_generation,Wind Offshore,2026-05-24T16:09:31Z
2026-05-24T16:08:25Z,2026-05-24T18:08:25+0200,8c5f6830-b44b-449b-bdab-a1b130ad33e1,2026-05-01T02:15:00Z,2026-05-01T04:15:00+0200,2236.6,MW,DE,DE_LU,forecast_offshore_wind_generation,Wind Offshore,2026-05-24T16:09:31Z
2026-05-24T16:08:25Z,2026-05-24T18:08:25+0200,8c5f6830-b44b-449b-bdab-a1b130ad33e1,2026-05-01T02:30:00Z,2026-05-01T04:30:00+0200,2177.99,MW,DE,DE_LU,forecast_offshore_wind_generation,Wind Offshore,2026-05-24T16:09:31Z
2026-05-24T16:08:25Z,2026-05-24T18:08:25+0200,8c5f6830-b44b-449b-bdab-a1b130ad33e1,2026-05-01T02:45:00Z,2026-05-01T04:45:00+0200,2124.27,MW,DE,DE_LU,forecast_offshore_wind_generation,Wind Offshore,2026-05-24T16:09:31Z
2026-05-24T16:08:25Z,2026-05-24T18:08:25+0200,8c5f6830-b44b-449b-bdab-a1b130ad33e1,2026-05-01T03:00:00Z,2026-05-01T05:00:00+0200,2070.82,MW,DE,DE_LU,forecast_offshore_wind_generation,Wind Offshore,2026-05-24T16:09:31Z
2026-05-24T16:08:25Z,2026-05-24T18:08:25+0200,8c5f6830-b44b-449b-bdab-a1b130ad33e1,2026-05-01T03:15:00Z,2026-05-01T05:15:00+0200,2076.05,MW,DE,DE_LU,forecast_offshore_wind_generation,Wind Offshore,2026-05-24T16:09:31Z
2026-05-24T16:08:25Z,2026-05-24T18:08:25+0200,8c5f6830-b44b-449b-bdab-a1b130ad33e1,2026-05-01T03:30:00Z,2026-05-01T05:30:00+0200,2077.29,MW,DE,DE_LU,forecast_offshore_wind_generation,Wind Offshore,2026-05-24T16:09:31Z
2026-05-24T16:08:25Z,2026-05-24T18:08:25+0200,8c5f6830-b44b-449b-bdab-a1b130ad33e1,2026-05-01T03:45:00Z,2026-05-01T05:45:00+0200,2075.57,MW,DE,DE_LU,forecast_offshore_wind_generation,Wind Offshore,2026-05-24T16:09:31Z
2026-05-24T16:08:25Z,2026-05-24T18:08:25+0200,8c5f6830-b44b-449b-bdab-a1b130ad33e1,2026-05-01T04:00:00Z,2026-05-01T06:00:00+0200,2078.69,MW,DE,DE_LU,forecast_offshore_wind_generation,Wind Offshore,2026-05-24T16:09:31Z
2026-05-24T16:08:25Z,2026-05-24T18:08:25+0200,8c5f6830-b44b-449b-bdab-a1b130ad33e1,2026-05-01T04:15:00Z,2026-05-01T06:15:00+0200,2126.52,MW,DE,DE_LU,forecast_offshore_wind_generation,Wind Offshore,2026-05-24T16:09:31Z
2026-05-24T16:08:25Z,2026-05-24T18:08:25+0200,8c5f6830-b44b-449b-bdab-a1b130ad33e1,2026-05-01T04:30:00Z,2026-05-01T06:30:00+0200,2167.33,MW,DE,DE_LU,forecast_offshore_wind_generation,Wind Offshore,2026-05-24T16:09:31Z
2026-05-24T16:08:25Z,2026-05-24T18:08:25+0200,8c5f6830-b44b-449b-bdab-a1b130ad33e1,2026-05-01T04:45:00Z,2026-05-01T06:45:00+0200,2212.15,MW,DE,DE_LU,forecast_offshore_wind_generation,Wind Offshore,2026-05-24T16:09:31Z
2026-05-24T16:08:25Z,2026-05-24T18:08:25+0200,8c5f6830-b44b-449b-bdab-a1b130ad33e1,2026-05-01T05:00:00Z,2026-05-01T07:00:00+0200,2252.67,MW,DE,DE_LU,forecast_offshore_wind_generation,Wind Offshore,2026-05-24T16:09:31Z
2026-05-24T16:08:25Z,2026-05-24T18:08:25+0200,8c5f6830-b44b-449b-bdab-a1b130ad33e1,2026-05-01T05:15:00Z,2026-05-01T07:15:00+0200,2310.81,MW,DE,DE_LU,forecast_offshore_wind_generation,Wind Offshore,2026-05-24T16:09:31Z
2026-05-24T16:08:25Z,2026-05-24T18:08:25+0200,8c5f6830-b44b-449b-bdab-a1b130ad33e1,2026-05-01T05:30:00Z,2026-05-01T07:30:00+0200,2362.0,MW,DE,DE_LU,forecast_offshore_wind_generation,Wind Offshore,2026-05-24T16:09:31Z
2026-05-24T16:08:25Z,2026-05-24T18:08:25+0200,8c5f6830-b44b-449b-bdab-a1b130ad33e1,2026-05-01T05:45:00Z,2026-05-01T07:45:00+0200,2414.2,MW,DE,DE_LU,forecast_offshore_wind_generation,Wind Offshore,2026-05-24T16:09:31Z
2026-05-24T16:08:25Z,2026-05-24T18:08:25+0200,8c5f6830-b44b-449b-bdab-a1b130ad33e1,2026-05-01T06:00:00Z,2026-05-01T08:00:00+0200,2459.4,MW,DE,DE_LU,forecast_offshore_wind_generation,Wind Offshore,2026-05-24T16:09:31Z
2026-05-24T16:08:25Z,2026-05-24T18:08:25+0200,8c5f6830-b44b-449b-bdab-a1b130ad33e1,2026-05-01T06:15:00Z,2026-05-01T08:15:00+0200,2379.32,MW,DE,DE_LU,forecast_offshore_wind_generation,Wind Offshore,2026-05-24T16:09:31Z
2026-05-24T16:08:25Z,2026-05-24T18:08:25+0200,8c5f6830-b44b-449b-bdab-a1b130ad33e1,2026-05-01T06:30:00Z,2026-05-01T08:30:00+0200,2406.43,MW,DE,DE_LU,forecast_offshore_wind_generation,Wind Offshore,2026-05-24T16:09:31Z
2026-05-24T16:08:25Z,2026-05-24T18:08:25+0200,8c5f6830-b44b-449b-bdab-a1b130ad33e1,2026-05-01T06:45:00Z,2026-05-01T08:45:00+0200,2435.47,MW,DE,DE_LU,forecast_offshore_wind_generation,Wind Offshore,2026-05-24T16:09:31Z
2026-05-24T16:08:25Z,2026-05-24T18:08:25+0200,8c5f6830-b44b-449b-bdab-a1b130ad33e1,2026-05-01T07:00:00Z,2026-05-01T09:00:00+0200,975.01,MW,DE,DE_LU,forecast_offshore_wind_generation,Wind Offshore,2026-05-24T16:09:31Z
2026-05-24T16:08:25Z,2026-05-24T18:08:25+0200,8c5f6830-b44b-449b-bdab-a1b130ad33e1,2026-05-01T07:15:00Z,2026-05-01T09:15:00+0200,983.17,MW,DE,DE_LU,forecast_offshore_wind_generation,Wind Offshore,2026-05-24T16:09:31Z
2026-05-24T16:08:25Z,2026-05-24T18:08:25+0200,8c5f6830-b44b-449b-bdab-a1b130ad33e1,2026-05-01T07:30:00Z,2026-05-01T09:30:00+0200,992.32,MW,DE,DE_LU,forecast_offshore_wind_generation,Wind Offshore,2026-05-24T16:09:31Z
2026-05-24T16:08:25Z,2026-05-24T18:08:25+0200,8c5f6830-b44b-449b-bdab-a1b130ad33e1,2026-05-01T07:45:00Z,2026-05-01T09:45:00+0200,1003.52,MW,DE,DE_LU,forecast_offshore_wind_generation,Wind Offshore,2026-05-24T16:09:31Z
2026-05-24T16:08:25Z,2026-05-24T18:08:25+0200,8c5f6830-b44b-449b-bdab-a1b130ad33e1,2026-05-01T08:00:00Z,2026-05-01T10:00:00+0200,1014.39,MW,DE,DE_LU,forecast_offshore_wind_generation,Wind Offshore,2026-05-24T16:09:31Z
2026-05-24T16:08:25Z,2026-05-24T18:08:25+0200,8c5f6830-b44b-449b-bdab-a1b130ad33e1,2026-05-01T08:15:00Z,2026-05-01T10:15:00+0200,1020.02,MW,DE,DE_LU,forecast_offshore_wind_generation,Wind Offshore,2026-05-24T16:09:31Z
2026-05-24T16:08:25Z,2026-05-24T18:08:25+0200,8c5f6830-b44b-449b-bdab-a1b130ad33e1,2026-05-01T08:30:00Z,2026-05-01T10:30:00+0200,1029.64,MW,DE,DE_LU,forecast_offshore_wind_generation,Wind Offshore,2026-05-24T16:09:31Z
2026-05-24T16:08:25Z,2026-05-24T18:08:25+0200,8c5f6830-b44b-449b-bdab-a1b130ad33e1,2026-05-01T08:45:00Z,2026-05-01T10:45:00+0200,1034.28,MW,DE,DE_LU,forecast_offshore_wind_generation,Wind Offshore,2026-05-24T16:09:31Z
2026-05-24T16:08:25Z,2026-05-24T18:08:25+0200,8c5f6830-b44b-449b-bdab-a1b130ad33e1,2026-05-01T09:00:00Z,2026-05-01T11:00:00+0200,989.66,MW,DE,DE_LU,forecast_offshore_wind_generation,Wind Offshore,2026-05-24T16:09:31Z
2026-05-24T16:08:25Z,2026-05-24T18:08:25+0200,8c5f6830-b44b-449b-bdab-a1b130ad33e1,2026-05-01T09:15:00Z,2026-05-01T11:15:00+0200,983.41,MW,DE,DE_LU,forecast_offshore_wind_generation,Wind Offshore,2026-05-24T16:09:31Z
2026-05-24T16:08:25Z,2026-05-24T18:08:25+0200,8c5f6830-b44b-449b-bdab-a1b130ad33e1,2026-05-01T09:30:00Z,2026-05-01T11:30:00+0200,976.16,MW,DE,DE_LU,forecast_offshore_wind_generation,Wind Offshore,2026-05-24T16:09:31Z
2026-05-24T16:08:25Z,2026-05-24T18:08:25+0200,8c5f6830-b44b-449b-bdab-a1b130ad33e1,2026-05-01T09:45:00Z,2026-05-01T11:45:00+0200,969.91,MW,DE,DE_LU,forecast_offshore_wind_generation,Wind Offshore,2026-05-24T16:09:31Z
2026-05-24T16:08:25Z,2026-05-24T18:08:25+0200,8c5f6830-b44b-449b-bdab-a1b130ad33e1,2026-05-01T10:00:00Z,2026-05-01T12:00:00+0200,959.64,MW,DE,DE_LU,forecast_offshore_wind_generation,Wind Offshore,2026-05-24T16:09:31Z
2026-05-24T16:08:25Z,2026-05-24T18:08:25+0200,8c5f6830-b44b-449b-bdab-a1b130ad33e1,2026-05-01T10:15:00Z,2026-05-01T12:15:00+0200,945.28,MW,DE,DE_LU,forecast_offshore_wind_generation,Wind Offshore,2026-05-24T16:09:31Z
2026-05-24T16:08:25Z,2026-05-24T18:08:25+0200,8c5f6830-b44b-449b-bdab-a1b130ad33e1,2026-05-01T10:30:00Z,2026-05-01T12:30:00+0200,930.66,MW,DE,DE_LU,forecast_offshore_wind_generation,Wind Offshore,2026-05-24T16:09:31Z
2026-05-24T16:08:25Z,2026-05-24T18:08:25+0200,8c5f6830-b44b-449b-bdab-a1b130ad33e1,2026-05-01T10:45:00Z,2026-05-01T12:45:00+0200,919.37,MW,DE,DE_LU,forecast_offshore_wind_generation,Wind Offshore,2026-05-24T16:09:31Z
2026-05-24T16:08:25Z,2026-05-24T18:08:25+0200,8c5f6830-b44b-449b-bdab-a1b130ad33e1,2026-05-01T11:00:00Z,2026-05-01T13:00:00+0200,909.02,MW,DE,DE_LU,forecast_offshore_wind_generation,Wind Offshore,2026-05-24T16:09:31Z
2026-05-24T16:08:25Z,2026-05-24T18:08:25+0200,8c5f6830-b44b-449b-bdab-a1b130ad33e1,2026-05-01T11:15:00Z,2026-05-01T13:15:00+0200,909.09,MW,DE,DE_LU,forecast_offshore_wind_generation,Wind Offshore,2026-05-24T16:09:31Z
2026-05-24T16:08:25Z,2026-05-24T18:08:25+0200,8c5f6830-b44b-449b-bdab-a1b130ad33e1,2026-05-01T11:30:00Z,2026-05-01T13:30:00+0200,905.16,MW,DE,DE_LU,forecast_offshore_wind_generation,Wind Offshore,2026-05-24T16:09:31Z
2026-05-24T16:08:25Z,2026-05-24T18:08:25+0200,8c5f6830-b44b-449b-bdab-a1b130ad33e1,2026-05-01T11:45:00Z,2026-05-01T13:45:00+0200,902.25,MW,DE,DE_LU,forecast_offshore_wind_generation,Wind Offshore,2026-05-24T16:09:31Z
2026-05-24T16:08:25Z,2026-05-24T18:08:25+0200,8c5f6830-b44b-449b-bdab-a1b130ad33e1,2026-05-01T12:00:00Z,2026-05-01T14:00:00+0200,902.25,MW,DE,DE_LU,forecast_offshore_wind_generation,Wind Offshore,2026-05-24T16:09:31Z
2026-05-24T16:08:25Z,2026-05-24T18:08:25+0200,8c5f6830-b44b-449b-bdab-a1b130ad33e1,2026-05-01T12:15:00Z,2026-05-01T14:15:00+0200,905.71,MW,DE,DE_LU,forecast_offshore_wind_generation,Wind Offshore,2026-05-24T16:09:31Z
2026-05-24T16:08:25Z,2026-05-24T18:08:25+0200,8c5f6830-b44b-449b-bdab-a1b130ad33e1,2026-05-01T12:30:00Z,2026-05-01T14:30:00+0200,910.18,MW,DE,DE_LU,forecast_offshore_wind_generation,Wind Offshore,2026-05-24T16:09:31Z
2026-05-24T16:08:25Z,2026-05-24T18:08:25+0200,8c5f6830-b44b-449b-bdab-a1b130ad33e1,2026-05-01T12:45:00Z,2026-05-01T14:45:00+0200,916.68,MW,DE,DE_LU,forecast_offshore_wind_generation,Wind Offshore,2026-05-24T16:09:31Z
2026-05-24T16:08:25Z,2026-05-24T18:08:25+0200,8c5f6830-b44b-449b-bdab-a1b130ad33e1,2026-05-01T13:00:00Z,2026-05-01T15:00:00+0200,927.49,MW,DE,DE_LU,forecast_offshore_wind_generation,Wind Offshore,2026-05-24T16:09:31Z
2026-05-24T16:08:25Z,2026-05-24T18:08:25+0200,8c5f6830-b44b-449b-bdab-a1b130ad33e1,2026-05-01T13:15:00Z,2026-05-01T15:15:00+0200,943.82,MW,DE,DE_LU,forecast_offshore_wind_generation,Wind Offshore,2026-05-24T16:09:31Z
2026-05-24T16:08:25Z,2026-05-24T18:08:25+0200,8c5f6830-b44b-449b-bdab-a1b130ad33e1,2026-05-01T13:30:00Z,2026-05-01T15:30:00+0200,962.2,MW,DE,DE_LU,forecast_offshore_wind_generation,Wind Offshore,2026-05-24T16:09:31Z
2026-05-24T16:08:25Z,2026-05-24T18:08:25+0200,8c5f6830-b44b-449b-bdab-a1b130ad33e1,2026-05-01T13:45:00Z,2026-05-01T15:45:00+0200,983.61,MW,DE,DE_LU,forecast_offshore_wind_generation,Wind Offshore,2026-05-24T16:09:31Z
2026-05-24T16:08:25Z,2026-05-24T18:08:25+0200,8c5f6830-b44b-449b-bdab-a1b130ad33e1,2026-05-01T14:00:00Z,2026-05-01T16:00:00+0200,1002.01,MW,DE,DE_LU,forecast_offshore_wind_generation,Wind Offshore,2026-05-24T16:09:31Z
2026-05-24T16:08:25Z,2026-05-24T18:08:25+0200,8c5f6830-b44b-449b-bdab-a1b130ad33e1,2026-05-01T14:15:00Z,2026-05-01T16:15:00+0200,1020.7,MW,DE,DE_LU,forecast_offshore_wind_generation,Wind Offshore,2026-05-24T16:09:31Z
2026-05-24T16:08:25Z,2026-05-24T18:08:25+0200,8c5f6830-b44b-449b-bdab-a1b130ad33e1,2026-05-01T14:30:00Z,2026-05-01T16:30:00+0200,1038.42,MW,DE,DE_LU,forecast_offshore_wind_generation,Wind Offshore,2026-05-24T16:09:31Z
2026-05-24T16:08:25Z,2026-05-24T18:08:25+0200,8c5f6830-b44b-449b-bdab-a1b130ad33e1,2026-05-01T14:45:00Z,2026-05-01T16:45:00+0200,1095.14,MW,DE,DE_LU,forecast_offshore_wind_generation,Wind Offshore,2026-05-24T16:09:31Z
2026-05-24T16:08:25Z,2026-05-24T18:08:25+0200,8c5f6830-b44b-449b-bdab-a1b130ad33e1,2026-05-01T15:00:00Z,2026-05-01T17:00:00+0200,2330.28,MW,DE,DE_LU,forecast_offshore_wind_generation,Wind Offshore,2026-05-24T16:09:31Z
2026-05-24T16:08:25Z,2026-05-24T18:08:25+0200,8c5f6830-b44b-449b-bdab-a1b130ad33e1,2026-05-01T15:15:00Z,2026-05-01T17:15:00+0200,2379.64,MW,DE,DE_LU,forecast_offshore_wind_generation,Wind Offshore,2026-05-24T16:09:31Z
2026-05-24T16:08:25Z,2026-05-24T18:08:25+0200,8c5f6830-b44b-449b-bdab-a1b130ad33e1,2026-05-01T15:30:00Z,2026-05-01T17:30:00+0200,2443.97,MW,DE,DE_LU,forecast_offshore_wind_generation,Wind Offshore,2026-05-24T16:09:31Z
2026-05-24T16:08:25Z,2026-05-24T18:08:25+0200,8c5f6830-b44b-449b-bdab-a1b130ad33e1,2026-05-01T15:45:00Z,2026-05-01T17:45:00+0200,2492.34,MW,DE,DE_LU,forecast_offshore_wind_generation,Wind Offshore,2026-05-24T16:09:31Z
2026-05-24T16:08:25Z,2026-05-24T18:08:25+0200,8c5f6830-b44b-449b-bdab-a1b130ad33e1,2026-05-01T16:00:00Z,2026-05-01T18:00:00+0200,2545.74,MW,DE,DE_LU,forecast_offshore_wind_generation,Wind Offshore,2026-05-24T16:09:31Z
2026-05-24T16:08:25Z,2026-05-24T18:08:25+0200,8c5f6830-b44b-449b-bdab-a1b130ad33e1,2026-05-01T16:15:00Z,2026-05-01T18:15:00+0200,2592.86,MW,DE,DE_LU,forecast_offshore_wind_generation,Wind Offshore,2026-05-24T16:09:31Z
2026-05-24T16:08:25Z,2026-05-24T18:08:25+0200,8c5f6830-b44b-449b-bdab-a1b130ad33e1,2026-05-01T16:30:00Z,2026-05-01T18:30:00+0200,2753.01,MW,DE,DE_LU,forecast_offshore_wind_generation,Wind Offshore,2026-05-24T16:09:31Z
2026-05-24T16:08:25Z,2026-05-24T18:08:25+0200,8c5f6830-b44b-449b-bdab-a1b130ad33e1,2026-05-01T16:45:00Z,2026-05-01T18:45:00+0200,2809.21,MW,DE,DE_LU,forecast_offshore_wind_generation,Wind Offshore,2026-05-24T16:09:31Z
2026-05-24T16:08:25Z,2026-05-24T18:08:25+0200,8c5f6830-b44b-449b-bdab-a1b130ad33e1,2026-05-01T17:00:00Z,2026-05-01T19:00:00+0200,2865.43,MW,DE,DE_LU,forecast_offshore_wind_generation,Wind Offshore,2026-05-24T16:09:31Z
2026-05-24T16:08:25Z,2026-05-24T18:08:25+0200,8c5f6830-b44b-449b-bdab-a1b130ad33e1,2026-05-01T17:15:00Z,2026-05-01T19:15:00+0200,2951.82,MW,DE,DE_LU,forecast_offshore_wind_generation,Wind Offshore,2026-05-24T16:09:31Z
2026-05-24T16:08:25Z,2026-05-24T18:08:25+0200,8c5f6830-b44b-449b-bdab-a1b130ad33e1,2026-05-01T17:30:00Z,2026-05-01T19:30:00+0200,3038.19,MW,DE,DE_LU,forecast_offshore_wind_generation,Wind Offshore,2026-05-24T16:09:31Z
2026-05-24T16:08:25Z,2026-05-24T18:08:25+0200,8c5f6830-b44b-449b-bdab-a1b130ad33e1,2026-05-01T17:45:00Z,2026-05-01T19:45:00+0200,3121.63,MW,DE,DE_LU,forecast_offshore_wind_generation,Wind Offshore,2026-05-24T16:09:31Z
2026-05-24T16:08:25Z,2026-05-24T18:08:25+0200,8c5f6830-b44b-449b-bdab-a1b130ad33e1,2026-05-01T18:00:00Z,2026-05-01T20:00:00+0200,3196.11,MW,DE,DE_LU,forecast_offshore_wind_generation,Wind Offshore,2026-05-24T16:09:31Z
2026-05-24T16:08:25Z,2026-05-24T18:08:25+0200,8c5f6830-b44b-449b-bdab-a1b130ad33e1,2026-05-01T18:15:00Z,2026-05-01T20:15:00+0200,3278.38,MW,DE,DE_LU,forecast_offshore_wind_generation,Wind Offshore,2026-05-24T16:09:31Z
2026-05-24T16:08:25Z,2026-05-24T18:08:25+0200,8c5f6830-b44b-449b-bdab-a1b130ad33e1,2026-05-01T18:30:00Z,2026-05-01T20:30:00+0200,3357.67,MW,DE,DE_LU,forecast_offshore_wind_generation,Wind Offshore,2026-05-24T16:09:31Z
2026-05-24T16:08:25Z,2026-05-24T18:08:25+0200,8c5f6830-b44b-449b-bdab-a1b130ad33e1,2026-05-01T18:45:00Z,2026-05-01T20:45:00+0200,3436.88,MW,DE,DE_LU,forecast_offshore_wind_generation,Wind Offshore,2026-05-24T16:09:31Z
2026-05-24T16:08:25Z,2026-05-24T18:08:25+0200,8c5f6830-b44b-449b-bdab-a1b130ad33e1,2026-05-01T19:00:00Z,2026-05-01T21:00:00+0200,3516.7,MW,DE,DE_LU,forecast_offshore_wind_generation,Wind Offshore,2026-05-24T16:09:31Z
2026-05-24T16:08:25Z,2026-05-24T18:08:25+0200,8c5f6830-b44b-449b-bdab-a1b130ad33e1,2026-05-01T19:15:00Z,2026-05-01T21:15:00+0200,3586.39,MW,DE,DE_LU,forecast_offshore_wind_generation,Wind Offshore,2026-05-24T16:09:31Z
2026-05-24T16:08:25Z,2026-05-24T18:08:25+0200,8c5f6830-b44b-449b-bdab-a1b130ad33e1,2026-05-01T19:30:00Z,2026-05-01T21:30:00+0200,3657.05,MW,DE,DE_LU,forecast_offshore_wind_generation,Wind Offshore,2026-05-24T16:09:31Z
2026-05-24T16:08:25Z,2026-05-24T18:08:25+0200,8c5f6830-b44b-449b-bdab-a1b130ad33e1,2026-05-01T19:45:00Z,2026-05-01T21:45:00+0200,3730.73,MW,DE,DE_LU,forecast_offshore_wind_generation,Wind Offshore,2026-05-24T16:09:31Z
2026-05-24T16:08:25Z,2026-05-24T18:08:25+0200,8c5f6830-b44b-449b-bdab-a1b130ad33e1,2026-05-01T20:00:00Z,2026-05-01T22:00:00+0200,3783.45,MW,DE,DE_LU,forecast_offshore_wind_generation,Wind Offshore,2026-05-24T16:09:31Z
2026-05-24T16:08:25Z,2026-05-24T18:08:25+0200,8c5f6830-b44b-449b-bdab-a1b130ad33e1,2026-05-01T20:15:00Z,2026-05-01T22:15:00+0200,3797.28,MW,DE,DE_LU,forecast_offshore_wind_generation,Wind Offshore,2026-05-24T16:09:31Z
2026-05-24T16:08:25Z,2026-05-24T18:08:25+0200,8c5f6830-b44b-449b-bdab-a1b130ad33e1,2026-05-01T20:30:00Z,2026-05-01T22:30:00+0200,3830.18,MW,DE,DE_LU,forecast_offshore_wind_generation,Wind Offshore,2026-05-24T16:09:31Z
2026-05-24T16:08:25Z,2026-05-24T18:08:25+0200,8c5f6830-b44b-449b-bdab-a1b130ad33e1,2026-05-01T20:45:00Z,2026-05-01T22:45:00+0200,3865.13,MW,DE,DE_LU,forecast_offshore_wind_generation,Wind Offshore,2026-05-24T16:09:31Z
2026-05-24T16:08:25Z,2026-05-24T18:08:25+0200,8c5f6830-b44b-449b-bdab-a1b130ad33e1,2026-05-01T21:00:00Z,2026-05-01T23:00:00+0200,3885.17,MW,DE,DE_LU,forecast_offshore_wind_generation,Wind Offshore,2026-05-24T16:09:31Z
2026-05-24T16:08:25Z,2026-05-24T18:08:25+0200,8c5f6830-b44b-449b-bdab-a1b130ad33e1,2026-05-01T21:15:00Z,2026-05-01T23:15:00+0200,3869.47,MW,DE,DE_LU,forecast_offshore_wind_generation,Wind Offshore,2026-05-24T16:09:31Z
2026-05-24T16:08:25Z,2026-05-24T18:08:25+0200,8c5f6830-b44b-449b-bdab-a1b130ad33e1,2026-05-01T21:30:00Z,2026-05-01T23:30:00+0200,3855.88,MW,DE,DE_LU,forecast_offshore_wind_generation,Wind Offshore,2026-05-24T16:09:31Z
2026-05-24T16:08:25Z,2026-05-24T18:08:25+0200,8c5f6830-b44b-449b-bdab-a1b130ad33e1,2026-05-01T21:45:00Z,2026-05-01T23:45:00+0200,3836.36,MW,DE,DE_LU,forecast_offshore_wind_generation,Wind Offshore,2026-05-24T16:09:31Z
2026-05-24T16:08:25Z,2026-05-24T18:08:25+0200,8c5f6830-b44b-449b-bdab-a1b130ad33e1,2026-05-01T22:00:00Z,2026-05-02T00:00:00+0200,3655.64,MW,DE,DE_LU,forecast_offshore_wind_generation,Wind Offshore,2026-05-24T16:09:31Z
2026-05-24T16:08:25Z,2026-05-24T18:08:25+0200,8c5f6830-b44b-449b-bdab-a1b130ad33e1,2026-05-01T22:15:00Z,2026-05-02T00:15:00+0200,3597.66,MW,DE,DE_LU,forecast_offshore_wind_generation,Wind Offshore,2026-05-24T16:09:31Z
2026-05-24T16:08:25Z,2026-05-24T18:08:25+0200,8c5f6830-b44b-449b-bdab-a1b130ad33e1,2026-05-01T22:30:00Z,2026-05-02T00:30:00+0200,3542.87,MW,DE,DE_LU,forecast_offshore_wind_generation,Wind Offshore,2026-05-24T16:09:31Z
2026-05-24T16:08:25Z,2026-05-24T18:08:25+0200,8c5f6830-b44b-449b-bdab-a1b130ad33e1,2026-05-01T22:45:00Z,2026-05-02T00:45:00+0200,3484.25,MW,DE,DE_LU,forecast_offshore_wind_generation,Wind Offshore,2026-05-24T16:09:31Z
2026-05-24T16:08:25Z,2026-05-24T18:08:25+0200,8c5f6830-b44b-449b-bdab-a1b130ad33e1,2026-05-01T23:00:00Z,2026-05-02T01:00:00+0200,3427.51,MW,DE,DE_LU,forecast_offshore_wind_generation,Wind Offshore,2026-05-24T16:09:31Z
2026-05-24T16:08:25Z,2026-05-24T18:08:25+0200,8c5f6830-b44b-449b-bdab-a1b130ad33e1,2026-05-01T23:15:00Z,2026-05-02T01:15:00+0200,3394.81,MW,DE,DE_LU,forecast_offshore_wind_generation,Wind Offshore,2026-05-24T16:09:31Z
2026-05-24T16:08:25Z,2026-05-24T18:08:25+0200,8c5f6830-b44b-449b-bdab-a1b130ad33e1,2026-05-01T23:30:00Z,2026-05-02T01:30:00+0200,3358.26,MW,DE,DE_LU,forecast_offshore_wind_generation,Wind Offshore,2026-05-24T16:09:31Z
2026-05-24T16:08:25Z,2026-05-24T18:08:25+0200,8c5f6830-b44b-449b-bdab-a1b130ad33e1,2026-05-01T23:45:00Z,2026-05-02T01:45:00+0200,3331.39,MW,DE,DE_LU,forecast_offshore_wind_generation,Wind Offshore,2026-05-24T16:09:31Z
2026-05-24T16:08:25Z,2026-05-24T18:08:25+0200,8c5f6830-b44b-449b-bdab-a1b130ad33e1,2026-05-02T00:00:00Z,2026-05-02T02:00:00+0200,3300.32,MW,DE,DE_LU,forecast_offshore_wind_generation,Wind Offshore,2026-05-24T16:09:31Z
2026-05-24T16:08:25Z,2026-05-24T18:08:25+0200,8c5f6830-b44b-449b-bdab-a1b130ad33e1,2026-05-02T00:15:00Z,2026-05-02T02:15:00+0200,3289.53,MW,DE,DE_LU,forecast_offshore_wind_generation,Wind Offshore,2026-05-24T16:09:31Z
2026-05-24T16:08:25Z,2026-05-24T18:08:25+0200,8c5f6830-b44b-449b-bdab-a1b130ad33e1,2026-05-02T00:30:00Z,2026-05-02T02:30:00+0200,3274.95,MW,DE,DE_LU,forecast_offshore_wind_generation,Wind Offshore,2026-05-24T16:09:31Z
2026-05-24T16:08:25Z,2026-05-24T18:08:25+0200,8c5f6830-b44b-449b-bdab-a1b130ad33e1,2026-05-02T00:45:00Z,2026-05-02T02:45:00+0200,3263.98,MW,DE,DE_LU,forecast_offshore_wind_generation,Wind Offshore,2026-05-24T16:09:31Z
2026-05-24T16:08:25Z,2026-05-24T18:08:25+0200,8c5f6830-b44b-449b-bdab-a1b130ad33e1,2026-05-02T01:00:00Z,2026-05-02T03:00:00+0200,3237.8,MW,DE,DE_LU,forecast_offshore_wind_generation,Wind Offshore,2026-05-24T16:09:31Z
2026-05-24T16:08:25Z,2026-05-24T18:08:25+0200,8c5f6830-b44b-449b-bdab-a1b130ad33e1,2026-05-02T01:15:00Z,2026-05-02T03:15:00+0200,3263.81,MW,DE,DE_LU,forecast_offshore_wind_generation,Wind Offshore,2026-05-24T16:09:31Z
2026-05-24T16:08:25Z,2026-05-24T18:08:25+0200,8c5f6830-b44b-449b-bdab-a1b130ad33e1,2026-05-02T01:30:00Z,2026-05-02T03:30:00+0200,3288.93,MW,DE,DE_LU,forecast_offshore_wind_generation,Wind Offshore,2026-05-24T16:09:31Z
2026-05-24T16:08:25Z,2026-05-24T18:08:25+0200,8c5f6830-b44b-449b-bdab-a1b130ad33e1,2026-05-02T01:45:00Z,2026-05-02T03:45:00+0200,3312.77,MW,DE,DE_LU,forecast_offshore_wind_generation,Wind Offshore,2026-05-24T16:09:31Z
2026-05-24T16:08:25Z,2026-05-24T18:08:25+0200,8c5f6830-b44b-449b-bdab-a1b130ad33e1,2026-05-02T02:00:00Z,2026-05-02T04:00:00+0200,3336.6,MW,DE,DE_LU,forecast_offshore_wind_generation,Wind Offshore,2026-05-24T16:09:31Z
2026-05-24T16:08:25Z,2026-05-24T18:08:25+0200,8c5f6830-b44b-449b-bdab-a1b130ad33e1,2026-05-02T02:15:00Z,2026-05-02T04:15:00+0200,3353.16,MW,DE,DE_LU,forecast_offshore_wind_generation,Wind Offshore,2026-05-24T16:09:31Z
2026-05-24T16:08:25Z,2026-05-24T18:08:25+0200,8c5f6830-b44b-449b-bdab-a1b130ad33e1,2026-05-02T02:30:00Z,2026-05-02T04:30:00+0200,3363.72,MW,DE,DE_LU,forecast_offshore_wind_generation,Wind Offshore,2026-05-24T16:09:31Z
2026-05-24T16:08:25Z,2026-05-24T18:08:25+0200,8c5f6830-b44b-449b-bdab-a1b130ad33e1,2026-05-02T02:45:00Z,2026-05-02T04:45:00+0200,3372.53,MW,DE,DE_LU,forecast_offshore_wind_generation,Wind Offshore,2026-05-24T16:09:31Z
2026-05-24T16:08:25Z,2026-05-24T18:08:25+0200,8c5f6830-b44b-449b-bdab-a1b130ad33e1,2026-05-02T03:00:00Z,2026-05-02T05:00:00+0200,3378.1,MW,DE,DE_LU,forecast_offshore_wind_generation,Wind Offshore,2026-05-24T16:09:31Z
2026-05-24T16:08:25Z,2026-05-24T18:08:25+0200,8c5f6830-b44b-449b-bdab-a1b130ad33e1,2026-05-02T03:15:00Z,2026-05-02T05:15:00+0200,3372.25,MW,DE,DE_LU,forecast_offshore_wind_generation,Wind Offshore,2026-05-24T16:09:31Z
2026-05-24T16:08:25Z,2026-05-24T18:08:25+0200,8c5f6830-b44b-449b-bdab-a1b130ad33e1,2026-05-02T03:30:00Z,2026-05-02T05:30:00+0200,3359.46,MW,DE,DE_LU,forecast_offshore_wind_generation,Wind Offshore,2026-05-24T16:09:31Z
2026-05-24T16:08:25Z,2026-05-24T18:08:25+0200,8c5f6830-b44b-449b-bdab-a1b130ad33e1,2026-05-02T03:45:00Z,2026-05-02T05:45:00+0200,3345.83,MW,DE,DE_LU,forecast_offshore_wind_generation,Wind Offshore,2026-05-24T16:09:31Z
2026-05-24T16:08:25Z,2026-05-24T18:08:25+0200,8c5f6830-b44b-449b-bdab-a1b130ad33e1,2026-05-02T04:00:00Z,2026-05-02T06:00:00+0200,3269.78,MW,DE,DE_LU,forecast_offshore_wind_generation,Wind Offshore,2026-05-24T16:09:31Z
2026-05-24T16:08:25Z,2026-05-24T18:08:25+0200,8c5f6830-b44b-449b-bdab-a1b130ad33e1,2026-05-02T04:15:00Z,2026-05-02T06:15:00+0200,3274.47,MW,DE,DE_LU,forecast_offshore_wind_generation,Wind Offshore,2026-05-24T16:09:31Z
2026-05-24T16:08:25Z,2026-05-24T18:08:25+0200,8c5f6830-b44b-449b-bdab-a1b130ad33e1,2026-05-02T04:30:00Z,2026-05-02T06:30:00+0200,3288.12,MW,DE,DE_LU,forecast_offshore_wind_generation,Wind Offshore,2026-05-24T16:09:31Z
2026-05-24T16:08:25Z,2026-05-24T18:08:25+0200,8c5f6830-b44b-449b-bdab-a1b130ad33e1,2026-05-02T04:45:00Z,2026-05-02T06:45:00+0200,3296.25,MW,DE,DE_LU,forecast_offshore_wind_generation,Wind Offshore,2026-05-24T16:09:31Z
2026-05-24T16:08:25Z,2026-05-24T18:08:25+0200,8c5f6830-b44b-449b-bdab-a1b130ad33e1,2026-05-02T05:00:00Z,2026-05-02T07:00:00+0200,3333.96,MW,DE,DE_LU,forecast_offshore_wind_generation,Wind Offshore,2026-05-24T16:09:31Z
2026-05-24T16:08:25Z,2026-05-24T18:08:25+0200,8c5f6830-b44b-449b-bdab-a1b130ad33e1,2026-05-02T05:15:00Z,2026-05-02T07:15:00+0200,3346.51,MW,DE,DE_LU,forecast_offshore_wind_generation,Wind Offshore,2026-05-24T16:09:31Z
2026-05-24T16:08:25Z,2026-05-24T18:08:25+0200,8c5f6830-b44b-449b-bdab-a1b130ad33e1,2026-05-02T05:30:00Z,2026-05-02T07:30:00+0200,3360.21,MW,DE,DE_LU,forecast_offshore_wind_generation,Wind Offshore,2026-05-24T16:09:31Z
2026-05-24T16:08:25Z,2026-05-24T18:08:25+0200,8c5f6830-b44b-449b-bdab-a1b130ad33e1,2026-05-02T05:45:00Z,2026-05-02T07:45:00+0200,3349.49,MW,DE,DE_LU,forecast_offshore_wind_generation,Wind Offshore,2026-05-24T16:09:31Z
2026-05-24T16:08:25Z,2026-05-24T18:08:25+0200,8c5f6830-b44b-449b-bdab-a1b130ad33e1,2026-05-02T06:00:00Z,2026-05-02T08:00:00+0200,3352.87,MW,DE,DE_LU,forecast_offshore_wind_generation,Wind Offshore,2026-05-24T16:09:31Z
2026-05-24T16:08:25Z,2026-05-24T18:08:25+0200,8c5f6830-b44b-449b-bdab-a1b130ad33e1,2026-05-02T06:15:00Z,2026-05-02T08:15:00+0200,3373.24,MW,DE,DE_LU,forecast_offshore_wind_generation,Wind Offshore,2026-05-24T16:09:31Z
2026-05-24T16:08:25Z,2026-05-24T18:08:25+0200,8c5f6830-b44b-449b-bdab-a1b130ad33e1,2026-05-02T06:30:00Z,2026-05-02T08:30:00+0200,3273.56,MW,DE,DE_LU,forecast_offshore_wind_generation,Wind Offshore,2026-05-24T16:09:31Z
2026-05-24T16:08:25Z,2026-05-24T18:08:25+0200,8c5f6830-b44b-449b-bdab-a1b130ad33e1,2026-05-02T06:45:00Z,2026-05-02T08:45:00+0200,3293.96,MW,DE,DE_LU,forecast_offshore_wind_generation,Wind Offshore,2026-05-24T16:09:31Z
2026-05-24T16:08:25Z,2026-05-24T18:08:25+0200,8c5f6830-b44b-449b-bdab-a1b130ad33e1,2026-05-02T07:00:00Z,2026-05-02T09:00:00+0200,3308.58,MW,DE,DE_LU,forecast_offshore_wind_generation,Wind Offshore,2026-05-24T16:09:31Z
2026-05-24T16:08:25Z,2026-05-24T18:08:25+0200,8c5f6830-b44b-449b-bdab-a1b130ad33e1,2026-05-02T07:15:00Z,2026-05-02T09:15:00+0200,3324.5,MW,DE,DE_LU,forecast_offshore_wind_generation,Wind Offshore,2026-05-24T16:09:31Z
2026-05-24T16:08:25Z,2026-05-24T18:08:25+0200,8c5f6830-b44b-449b-bdab-a1b130ad33e1,2026-05-02T07:30:00Z,2026-05-02T09:30:00+0200,3339.49,MW,DE,DE_LU,forecast_offshore_wind_generation,Wind Offshore,2026-05-24T16:09:31Z
2026-05-24T16:08:25Z,2026-05-24T18:08:25+0200,8c5f6830-b44b-449b-bdab-a1b130ad33e1,2026-05-02T07:45:00Z,2026-05-02T09:45:00+0200,3351.5,MW,DE,DE_LU,forecast_offshore_wind_generation,Wind Offshore,2026-05-24T16:09:31Z
2026-05-24T16:08:25Z,2026-05-24T18:08:25+0200,8c5f6830-b44b-449b-bdab-a1b130ad33e1,2026-05-02T08:00:00Z,2026-05-02T10:00:00+0200,1811.41,MW,DE,DE_LU,forecast_offshore_wind_generation,Wind Offshore,2026-05-24T16:09:31Z
2026-05-24T16:08:25Z,2026-05-24T18:08:25+0200,8c5f6830-b44b-449b-bdab-a1b130ad33e1,2026-05-02T08:15:00Z,2026-05-02T10:15:00+0200,1776.56,MW,DE,DE_LU,forecast_offshore_wind_generation,Wind Offshore,2026-05-24T16:09:31Z
2026-05-24T16:08:25Z,2026-05-24T18:08:25+0200,8c5f6830-b44b-449b-bdab-a1b130ad33e1,2026-05-02T08:30:00Z,2026-05-02T10:30:00+0200,1743.77,MW,DE,DE_LU,forecast_offshore_wind_generation,Wind Offshore,2026-05-24T16:09:31Z
2026-05-24T16:08:25Z,2026-05-24T18:08:25+0200,8c5f6830-b44b-449b-bdab-a1b130ad33e1,2026-05-02T08:45:00Z,2026-05-02T10:45:00+0200,1709.33,MW,DE,DE_LU,forecast_offshore_wind_generation,Wind Offshore,2026-05-24T16:09:31Z
2026-05-24T16:08:25Z,2026-05-24T18:08:25+0200,8c5f6830-b44b-449b-bdab-a1b130ad33e1,2026-05-02T09:00:00Z,2026-05-02T11:00:00+0200,1677.14,MW,DE,DE_LU,forecast_offshore_wind_generation,Wind Offshore,2026-05-24T16:09:31Z
2026-05-24T16:08:25Z,2026-05-24T18:08:25+0200,8c5f6830-b44b-449b-bdab-a1b130ad33e1,2026-05-02T09:15:00Z,2026-05-02T11:15:00+0200,1637.9,MW,DE,DE_LU,forecast_offshore_wind_generation,Wind Offshore,2026-05-24T16:09:31Z
2026-05-24T16:08:25Z,2026-05-24T18:08:25+0200,8c5f6830-b44b-449b-bdab-a1b130ad33e1,2026-05-02T09:30:00Z,2026-05-02T11:30:00+0200,1594.75,MW,DE,DE_LU,forecast_offshore_wind_generation,Wind Offshore,2026-05-24T16:09:31Z
2026-05-24T16:08:25Z,2026-05-24T18:08:25+0200,8c5f6830-b44b-449b-bdab-a1b130ad33e1,2026-05-02T09:45:00Z,2026-05-02T11:45:00+0200,1555.46,MW,DE,DE_LU,forecast_offshore_wind_generation,Wind Offshore,2026-05-24T16:09:31Z
2026-05-24T16:08:25Z,2026-05-24T18:08:25+0200,8c5f6830-b44b-449b-bdab-a1b130ad33e1,2026-05-02T10:00:00Z,2026-05-02T12:00:00+0200,1515.32,MW,DE,DE_LU,forecast_offshore_wind_generation,Wind Offshore,2026-05-24T16:09:31Z
2026-05-24T16:08:25Z,2026-05-24T18:08:25+0200,8c5f6830-b44b-449b-bdab-a1b130ad33e1,2026-05-02T10:15:00Z,2026-05-02T12:15:00+0200,1481.14,MW,DE,DE_LU,forecast_offshore_wind_generation,Wind Offshore,2026-05-24T16:09:31Z
2026-05-24T16:08:25Z,2026-05-24T18:08:25+0200,8c5f6830-b44b-449b-bdab-a1b130ad33e1,2026-05-02T10:30:00Z,2026-05-02T12:30:00+0200,1444.11,MW,DE,DE_LU,forecast_offshore_wind_generation,Wind Offshore,2026-05-24T16:09:31Z
2026-05-24T16:08:25Z,2026-05-24T18:08:25+0200,8c5f6830-b44b-449b-bdab-a1b130ad33e1,2026-05-02T10:45:00Z,2026-05-02T12:45:00+0200,1403.43,MW,DE,DE_LU,forecast_offshore_wind_generation,Wind Offshore,2026-05-24T16:09:31Z
2026-05-24T16:08:25Z,2026-05-24T18:08:25+0200,8c5f6830-b44b-449b-bdab-a1b130ad33e1,2026-05-02T11:00:00Z,2026-05-02T13:00:00+0200,1369.81,MW,DE,DE_LU,forecast_offshore_wind_generation,Wind Offshore,2026-05-24T16:09:31Z
2026-05-24T16:08:25Z,2026-05-24T18:08:25+0200,8c5f6830-b44b-449b-bdab-a1b130ad33e1,2026-05-02T11:15:00Z,2026-05-02T13:15:00+0200,1344.47,MW,DE,DE_LU,forecast_offshore_wind_generation,Wind Offshore,2026-05-24T16:09:31Z
2026-05-24T16:08:25Z,2026-05-24T18:08:25+0200,8c5f6830-b44b-449b-bdab-a1b130ad33e1,2026-05-02T11:30:00Z,2026-05-02T13:30:00+0200,1319.28,MW,DE,DE_LU,forecast_offshore_wind_generation,Wind Offshore,2026-05-24T16:09:31Z
2026-05-24T16:08:25Z,2026-05-24T18:08:25+0200,8c5f6830-b44b-449b-bdab-a1b130ad33e1,2026-05-02T11:45:00Z,2026-05-02T13:45:00+0200,1288.51,MW,DE,DE_LU,forecast_offshore_wind_generation,Wind Offshore,2026-05-24T16:09:31Z
2026-05-24T16:08:25Z,2026-05-24T18:08:25+0200,8c5f6830-b44b-449b-bdab-a1b130ad33e1,2026-05-02T12:00:00Z,2026-05-02T14:00:00+0200,1263.84,MW,DE,DE_LU,forecast_offshore_wind_generation,Wind Offshore,2026-05-24T16:09:31Z
2026-05-24T16:08:25Z,2026-05-24T18:08:25+0200,8c5f6830-b44b-449b-bdab-a1b130ad33e1,2026-05-02T12:15:00Z,2026-05-02T14:15:00+0200,1256.08,MW,DE,DE_LU,forecast_offshore_wind_generation,Wind Offshore,2026-05-24T16:09:31Z
2026-05-24T16:08:25Z,2026-05-24T18:08:25+0200,8c5f6830-b44b-449b-bdab-a1b130ad33e1,2026-05-02T12:30:00Z,2026-05-02T14:30:00+0200,1249.33,MW,DE,DE_LU,forecast_offshore_wind_generation,Wind Offshore,2026-05-24T16:09:31Z
2026-05-24T16:08:25Z,2026-05-24T18:08:25+0200,8c5f6830-b44b-449b-bdab-a1b130ad33e1,2026-05-02T12:45:00Z,2026-05-02T14:45:00+0200,1242.87,MW,DE,DE_LU,forecast_offshore_wind_generation,Wind Offshore,2026-05-24T16:09:31Z
2026-05-24T16:08:25Z,2026-05-24T18:08:25+0200,8c5f6830-b44b-449b-bdab-a1b130ad33e1,2026-05-02T13:00:00Z,2026-05-02T15:00:00+0200,1244.21,MW,DE,DE_LU,forecast_offshore_wind_generation,Wind Offshore,2026-05-24T16:09:31Z
2026-05-24T16:08:25Z,2026-05-24T18:08:25+0200,8c5f6830-b44b-449b-bdab-a1b130ad33e1,2026-05-02T13:15:00Z,2026-05-02T15:15:00+0200,1249.56,MW,DE,DE_LU,forecast_offshore_wind_generation,Wind Offshore,2026-05-24T16:09:31Z
2026-05-24T16:08:25Z,2026-05-24T18:08:25+0200,8c5f6830-b44b-449b-bdab-a1b130ad33e1,2026-05-02T13:30:00Z,2026-05-02T15:30:00+0200,1250.94,MW,DE,DE_LU,forecast_offshore_wind_generation,Wind Offshore,2026-05-24T16:09:31Z
2026-05-24T16:08:25Z,2026-05-24T18:08:25+0200,8c5f6830-b44b-449b-bdab-a1b130ad33e1,2026-05-02T13:45:00Z,2026-05-02T15:45:00+0200,1293.7,MW,DE,DE_LU,forecast_offshore_wind_generation,Wind Offshore,2026-05-24T16:09:31Z
2026-05-24T16:08:25Z,2026-05-24T18:08:25+0200,8c5f6830-b44b-449b-bdab-a1b130ad33e1,2026-05-02T14:00:00Z,2026-05-02T16:00:00+0200,2495.09,MW,DE,DE_LU,forecast_offshore_wind_generation,Wind Offshore,2026-05-24T16:09:31Z
2026-05-24T16:08:25Z,2026-05-24T18:08:25+0200,8c5f6830-b44b-449b-bdab-a1b130ad33e1,2026-05-02T14:15:00Z,2026-05-02T16:15:00+0200,2471.25,MW,DE,DE_LU,forecast_offshore_wind_generation,Wind Offshore,2026-05-24T16:09:31Z
2026-05-24T16:08:25Z,2026-05-24T18:08:25+0200,8c5f6830-b44b-449b-bdab-a1b130ad33e1,2026-05-02T14:30:00Z,2026-05-02T16:30:00+0200,2436.23,MW,DE,DE_LU,forecast_offshore_wind_generation,Wind Offshore,2026-05-24T16:09:31Z
2026-05-24T16:08:25Z,2026-05-24T18:08:25+0200,8c5f6830-b44b-449b-bdab-a1b130ad33e1,2026-05-02T14:45:00Z,2026-05-02T16:45:00+0200,2429.8,MW,DE,DE_LU,forecast_offshore_wind_generation,Wind Offshore,2026-05-24T16:09:31Z
2026-05-24T16:08:25Z,2026-05-24T18:08:25+0200,8c5f6830-b44b-449b-bdab-a1b130ad33e1,2026-05-02T15:00:00Z,2026-05-02T17:00:00+0200,2379.98,MW,DE,DE_LU,forecast_offshore_wind_generation,Wind Offshore,2026-05-24T16:09:31Z
2026-05-24T16:08:25Z,2026-05-24T18:08:25+0200,8c5f6830-b44b-449b-bdab-a1b130ad33e1,2026-05-02T15:15:00Z,2026-05-02T17:15:00+0200,2288.7,MW,DE,DE_LU,forecast_offshore_wind_generation,Wind Offshore,2026-05-24T16:09:31Z
2026-05-24T16:08:25Z,2026-05-24T18:08:25+0200,8c5f6830-b44b-449b-bdab-a1b130ad33e1,2026-05-02T15:30:00Z,2026-05-02T17:30:00+0200,2192.38,MW,DE,DE_LU,forecast_offshore_wind_generation,Wind Offshore,2026-05-24T16:09:31Z
2026-05-24T16:08:25Z,2026-05-24T18:08:25+0200,8c5f6830-b44b-449b-bdab-a1b130ad33e1,2026-05-02T15:45:00Z,2026-05-02T17:45:00+0200,2149.0,MW,DE,DE_LU,forecast_offshore_wind_generation,Wind Offshore,2026-05-24T16:09:31Z
2026-05-24T16:08:25Z,2026-05-24T18:08:25+0200,8c5f6830-b44b-449b-bdab-a1b130ad33e1,2026-05-02T16:00:00Z,2026-05-02T18:00:00+0200,2040.57,MW,DE,DE_LU,forecast_offshore_wind_generation,Wind Offshore,2026-05-24T16:09:31Z
2026-05-24T16:08:25Z,2026-05-24T18:08:25+0200,8c5f6830-b44b-449b-bdab-a1b130ad33e1,2026-05-02T16:15:00Z,2026-05-02T18:15:00+0200,1907.25,MW,DE,DE_LU,forecast_offshore_wind_generation,Wind Offshore,2026-05-24T16:09:31Z
2026-05-24T16:08:25Z,2026-05-24T18:08:25+0200,8c5f6830-b44b-449b-bdab-a1b130ad33e1,2026-05-02T16:30:00Z,2026-05-02T18:30:00+0200,1780.04,MW,DE,DE_LU,forecast_offshore_wind_generation,Wind Offshore,2026-05-24T16:09:31Z
2026-05-24T16:08:25Z,2026-05-24T18:08:25+0200,8c5f6830-b44b-449b-bdab-a1b130ad33e1,2026-05-02T16:45:00Z,2026-05-02T18:45:00+0200,1652.99,MW,DE,DE_LU,forecast_offshore_wind_generation,Wind Offshore,2026-05-24T16:09:31Z
2026-05-24T16:08:25Z,2026-05-24T18:08:25+0200,8c5f6830-b44b-449b-bdab-a1b130ad33e1,2026-05-02T17:00:00Z,2026-05-02T19:00:00+0200,1527.69,MW,DE,DE_LU,forecast_offshore_wind_generation,Wind Offshore,2026-05-24T16:09:31Z
2026-05-24T16:08:25Z,2026-05-24T18:08:25+0200,8c5f6830-b44b-449b-bdab-a1b130ad33e1,2026-05-02T17:15:00Z,2026-05-02T19:15:00+0200,1407.77,MW,DE,DE_LU,forecast_offshore_wind_generation,Wind Offshore,2026-05-24T16:09:31Z
2026-05-24T16:08:25Z,2026-05-24T18:08:25+0200,8c5f6830-b44b-449b-bdab-a1b130ad33e1,2026-05-02T17:30:00Z,2026-05-02T19:30:00+0200,1301.1,MW,DE,DE_LU,forecast_offshore_wind_generation,Wind Offshore,2026-05-24T16:09:31Z
2026-05-24T16:08:25Z,2026-05-24T18:08:25+0200,8c5f6830-b44b-449b-bdab-a1b130ad33e1,2026-05-02T17:45:00Z,2026-05-02T19:45:00+0200,1189.02,MW,DE,DE_LU,forecast_offshore_wind_generation,Wind Offshore,2026-05-24T16:09:31Z
2026-05-24T16:08:25Z,2026-05-24T18:08:25+0200,8c5f6830-b44b-449b-bdab-a1b130ad33e1,2026-05-02T18:00:00Z,2026-05-02T20:00:00+0200,1089.04,MW,DE,DE_LU,forecast_offshore_wind_generation,Wind Offshore,2026-05-24T16:09:31Z
2026-05-24T16:08:25Z,2026-05-24T18:08:25+0200,8c5f6830-b44b-449b-bdab-a1b130ad33e1,2026-05-02T18:15:00Z,2026-05-02T20:15:00+0200,1031.48,MW,DE,DE_LU,forecast_offshore_wind_generation,Wind Offshore,2026-05-24T16:09:31Z
2026-05-24T16:08:25Z,2026-05-24T18:08:25+0200,8c5f6830-b44b-449b-bdab-a1b130ad33e1,2026-05-02T18:30:00Z,2026-05-02T20:30:00+0200,977.95,MW,DE,DE_LU,forecast_offshore_wind_generation,Wind Offshore,2026-05-24T16:09:31Z
2026-05-24T16:08:25Z,2026-05-24T18:08:25+0200,8c5f6830-b44b-449b-bdab-a1b130ad33e1,2026-05-02T18:45:00Z,2026-05-02T20:45:00+0200,912.4,MW,DE,DE_LU,forecast_offshore_wind_generation,Wind Offshore,2026-05-24T16:09:31Z
2026-05-24T16:08:25Z,2026-05-24T18:08:25+0200,8c5f6830-b44b-449b-bdab-a1b130ad33e1,2026-05-02T19:00:00Z,2026-05-02T21:00:00+0200,869.67,MW,DE,DE_LU,forecast_offshore_wind_generation,Wind Offshore,2026-05-24T16:09:31Z
2026-05-24T16:08:25Z,2026-05-24T18:08:25+0200,8c5f6830-b44b-449b-bdab-a1b130ad33e1,2026-05-02T19:15:00Z,2026-05-02T21:15:00+0200,844.59,MW,DE,DE_LU,forecast_offshore_wind_generation,Wind Offshore,2026-05-24T16:09:31Z
2026-05-24T16:08:25Z,2026-05-24T18:08:25+0200,8c5f6830-b44b-449b-bdab-a1b130ad33e1,2026-05-02T19:30:00Z,2026-05-02T21:30:00+0200,821.53,MW,DE,DE_LU,forecast_offshore_wind_generation,Wind Offshore,2026-05-24T16:09:31Z
2026-05-24T16:08:25Z,2026-05-24T18:08:25+0200,8c5f6830-b44b-449b-bdab-a1b130ad33e1,2026-05-02T19:45:00Z,2026-05-02T21:45:00+0200,803.53,MW,DE,DE_LU,forecast_offshore_wind_generation,Wind Offshore,2026-05-24T16:09:31Z
2026-05-24T16:08:25Z,2026-05-24T18:08:25+0200,8c5f6830-b44b-449b-bdab-a1b130ad33e1,2026-05-02T20:00:00Z,2026-05-02T22:00:00+0200,778.96,MW,DE,DE_LU,forecast_offshore_wind_generation,Wind Offshore,2026-05-24T16:09:31Z
2026-05-24T16:08:25Z,2026-05-24T18:08:25+0200,8c5f6830-b44b-449b-bdab-a1b130ad33e1,2026-05-02T20:15:00Z,2026-05-02T22:15:00+0200,758.21,MW,DE,DE_LU,forecast_offshore_wind_generation,Wind Offshore,2026-05-24T16:09:31Z
2026-05-24T16:08:25Z,2026-05-24T18:08:25+0200,8c5f6830-b44b-449b-bdab-a1b130ad33e1,2026-05-02T20:30:00Z,2026-05-02T22:30:00+0200,733.36,MW,DE,DE_LU,forecast_offshore_wind_generation,Wind Offshore,2026-05-24T16:09:31Z
2026-05-24T16:08:25Z,2026-05-24T18:08:25+0200,8c5f6830-b44b-449b-bdab-a1b130ad33e1,2026-05-02T20:45:00Z,2026-05-02T22:45:00+0200,716.31,MW,DE,DE_LU,forecast_offshore_wind_generation,Wind Offshore,2026-05-24T16:09:31Z
2026-05-24T16:08:25Z,2026-05-24T18:08:25+0200,8c5f6830-b44b-449b-bdab-a1b130ad33e1,2026-05-02T21:00:00Z,2026-05-02T23:00:00+0200,696.65,MW,DE,DE_LU,forecast_offshore_wind_generation,Wind Offshore,2026-05-24T16:09:31Z
2026-05-24T16:08:25Z,2026-05-24T18:08:25+0200,8c5f6830-b44b-449b-bdab-a1b130ad33e1,2026-05-02T21:15:00Z,2026-05-02T23:15:00+0200,676.96,MW,DE,DE_LU,forecast_offshore_wind_generation,Wind Offshore,2026-05-24T16:09:31Z
2026-05-24T16:08:25Z,2026-05-24T18:08:25+0200,8c5f6830-b44b-449b-bdab-a1b130ad33e1,2026-05-02T21:30:00Z,2026-05-02T23:30:00+0200,655.39,MW,DE,DE_LU,forecast_offshore_wind_generation,Wind Offshore,2026-05-24T16:09:31Z
2026-05-24T16:08:25Z,2026-05-24T18:08:25+0200,8c5f6830-b44b-449b-bdab-a1b130ad33e1,2026-05-02T21:45:00Z,2026-05-02T23:45:00+0200,640.56,MW,DE,DE_LU,forecast_offshore_wind_generation,Wind Offshore,2026-05-24T16:09:31Z
2026-05-24T16:08:25Z,2026-05-24T18:08:25+0200,8c5f6830-b44b-449b-bdab-a1b130ad33e1,2026-05-02T22:00:00Z,2026-05-03T00:00:00+0200,780.72,MW,DE,DE_LU,forecast_offshore_wind_generation,Wind Offshore,2026-05-24T16:09:31Z
2026-05-24T16:08:25Z,2026-05-24T18:08:25+0200,8c5f6830-b44b-449b-bdab-a1b130ad33e1,2026-05-02T22:15:00Z,2026-05-03T00:15:00+0200,732.25,MW,DE,DE_LU,forecast_offshore_wind_generation,Wind Offshore,2026-05-24T16:09:31Z
2026-05-24T16:08:25Z,2026-05-24T18:08:25+0200,8c5f6830-b44b-449b-bdab-a1b130ad33e1,2026-05-02T22:30:00Z,2026-05-03T00:30:00+0200,685.84,MW,DE,DE_LU,forecast_offshore_wind_generation,Wind Offshore,2026-05-24T16:09:31Z
2026-05-24T16:08:25Z,2026-05-24T18:08:25+0200,8c5f6830-b44b-449b-bdab-a1b130ad33e1,2026-05-02T22:45:00Z,2026-05-03T00:45:00+0200,645.2,MW,DE,DE_LU,forecast_offshore_wind_generation,Wind Offshore,2026-05-24T16:09:31Z
2026-05-24T16:08:25Z,2026-05-24T18:08:25+0200,8c5f6830-b44b-449b-bdab-a1b130ad33e1,2026-05-02T23:00:00Z,2026-05-03T01:00:00+0200,598.21,MW,DE,DE_LU,forecast_offshore_wind_generation,Wind Offshore,2026-05-24T16:09:31Z
2026-05-24T16:08:25Z,2026-05-24T18:08:25+0200,8c5f6830-b44b-449b-bdab-a1b130ad33e1,2026-05-02T23:15:00Z,2026-05-03T01:15:00+0200,546.49,MW,DE,DE_LU,forecast_offshore_wind_generation,Wind Offshore,2026-05-24T16:09:31Z
2026-05-24T16:08:25Z,2026-05-24T18:08:25+0200,8c5f6830-b44b-449b-bdab-a1b130ad33e1,2026-05-02T23:30:00Z,2026-05-03T01:30:00+0200,497.15,MW,DE,DE_LU,forecast_offshore_wind_generation,Wind Offshore,2026-05-24T16:09:31Z
2026-05-24T16:08:25Z,2026-05-24T18:08:25+0200,8c5f6830-b44b-449b-bdab-a1b130ad33e1,2026-05-02T23:45:00Z,2026-05-03T01:45:00+0200,449.11,MW,DE,DE_LU,forecast_offshore_wind_generation,Wind Offshore,2026-05-24T16:09:31Z
2026-05-24T16:08:25Z,2026-05-24T18:08:25+0200,8c5f6830-b44b-449b-bdab-a1b130ad33e1,2026-05-03T00:00:00Z,2026-05-03T02:00:00+0200,408.91,MW,DE,DE_LU,forecast_offshore_wind_generation,Wind Offshore,2026-05-24T16:09:31Z
2026-05-24T16:08:25Z,2026-05-24T18:08:25+0200,8c5f6830-b44b-449b-bdab-a1b130ad33e1,2026-05-03T00:15:00Z,2026-05-03T02:15:00+0200,377.22,MW,DE,DE_LU,forecast_offshore_wind_generation,Wind Offshore,2026-05-24T16:09:31Z
2026-05-24T16:08:25Z,2026-05-24T18:08:25+0200,8c5f6830-b44b-449b-bdab-a1b130ad33e1,2026-05-03T00:30:00Z,2026-05-03T02:30:00+0200,345.7,MW,DE,DE_LU,forecast_offshore_wind_generation,Wind Offshore,2026-05-24T16:09:31Z
2026-05-24T16:08:25Z,2026-05-24T18:08:25+0200,8c5f6830-b44b-449b-bdab-a1b130ad33e1,2026-05-03T00:45:00Z,2026-05-03T02:45:00+0200,318.23,MW,DE,DE_LU,forecast_offshore_wind_generation,Wind Offshore,2026-05-24T16:09:31Z
2026-05-24T16:08:25Z,2026-05-24T18:08:25+0200,8c5f6830-b44b-449b-bdab-a1b130ad33e1,2026-05-03T01:00:00Z,2026-05-03T03:00:00+0200,296.56,MW,DE,DE_LU,forecast_offshore_wind_generation,Wind Offshore,2026-05-24T16:09:31Z
2026-05-24T16:08:25Z,2026-05-24T18:08:25+0200,8c5f6830-b44b-449b-bdab-a1b130ad33e1,2026-05-03T01:15:00Z,2026-05-03T03:15:00+0200,284.17,MW,DE,DE_LU,forecast_offshore_wind_generation,Wind Offshore,2026-05-24T16:09:31Z
2026-05-24T16:08:25Z,2026-05-24T18:08:25+0200,8c5f6830-b44b-449b-bdab-a1b130ad33e1,2026-05-03T01:30:00Z,2026-05-03T03:30:00+0200,271.91,MW,DE,DE_LU,forecast_offshore_wind_generation,Wind Offshore,2026-05-24T16:09:31Z
2026-05-24T16:08:25Z,2026-05-24T18:08:25+0200,8c5f6830-b44b-449b-bdab-a1b130ad33e1,2026-05-03T01:45:00Z,2026-05-03T03:45:00+0200,259.04,MW,DE,DE_LU,forecast_offshore_wind_generation,Wind Offshore,2026-05-24T16:09:31Z
2026-05-24T16:08:25Z,2026-05-24T18:08:25+0200,8c5f6830-b44b-449b-bdab-a1b130ad33e1,2026-05-03T02:00:00Z,2026-05-03T04:00:00+0200,243.87,MW,DE,DE_LU,forecast_offshore_wind_generation,Wind Offshore,2026-05-24T16:09:31Z
2026-05-24T16:08:25Z,2026-05-24T18:08:25+0200,8c5f6830-b44b-449b-bdab-a1b130ad33e1,2026-05-03T02:15:00Z,2026-05-03T04:15:00+0200,234.24,MW,DE,DE_LU,forecast_offshore_wind_generation,Wind Offshore,2026-05-24T16:09:31Z
2026-05-24T16:08:25Z,2026-05-24T18:08:25+0200,8c5f6830-b44b-449b-bdab-a1b130ad33e1,2026-05-03T02:30:00Z,2026-05-03T04:30:00+0200,221.63,MW,DE,DE_LU,forecast_offshore_wind_generation,Wind Offshore,2026-05-24T16:09:31Z
2026-05-24T16:08:25Z,2026-05-24T18:08:25+0200,8c5f6830-b44b-449b-bdab-a1b130ad33e1,2026-05-03T02:45:00Z,2026-05-03T04:45:00+0200,213.03,MW,DE,DE_LU,forecast_offshore_wind_generation,Wind Offshore,2026-05-24T16:09:31Z
2026-05-24T16:08:25Z,2026-05-24T18:08:25+0200,8c5f6830-b44b-449b-bdab-a1b130ad33e1,2026-05-03T03:00:00Z,2026-05-03T05:00:00+0200,206.27,MW,DE,DE_LU,forecast_offshore_wind_generation,Wind Offshore,2026-05-24T16:09:31Z
2026-05-24T16:08:25Z,2026-05-24T18:08:25+0200,8c5f6830-b44b-449b-bdab-a1b130ad33e1,2026-05-03T03:15:00Z,2026-05-03T05:15:00+0200,203.92,MW,DE,DE_LU,forecast_offshore_wind_generation,Wind Offshore,2026-05-24T16:09:31Z
2026-05-24T16:08:25Z,2026-05-24T18:08:25+0200,8c5f6830-b44b-449b-bdab-a1b130ad33e1,2026-05-03T03:30:00Z,2026-05-03T05:30:00+0200,207.62,MW,DE,DE_LU,forecast_offshore_wind_generation,Wind Offshore,2026-05-24T16:09:31Z
2026-05-24T16:08:25Z,2026-05-24T18:08:25+0200,8c5f6830-b44b-449b-bdab-a1b130ad33e1,2026-05-03T03:45:00Z,2026-05-03T05:45:00+0200,206.31,MW,DE,DE_LU,forecast_offshore_wind_generation,Wind Offshore,2026-05-24T16:09:31Z
2026-05-24T16:08:25Z,2026-05-24T18:08:25+0200,8c5f6830-b44b-449b-bdab-a1b130ad33e1,2026-05-03T04:00:00Z,2026-05-03T06:00:00+0200,206.08,MW,DE,DE_LU,forecast_offshore_wind_generation,Wind Offshore,2026-05-24T16:09:31Z
2026-05-24T16:08:25Z,2026-05-24T18:08:25+0200,8c5f6830-b44b-449b-bdab-a1b130ad33e1,2026-05-03T04:15:00Z,2026-05-03T06:15:00+0200,211.07,MW,DE,DE_LU,forecast_offshore_wind_generation,Wind Offshore,2026-05-24T16:09:31Z
2026-05-24T16:08:25Z,2026-05-24T18:08:25+0200,8c5f6830-b44b-449b-bdab-a1b130ad33e1,2026-05-03T04:30:00Z,2026-05-03T06:30:00+0200,217.13,MW,DE,DE_LU,forecast_offshore_wind_generation,Wind Offshore,2026-05-24T16:09:31Z
2026-05-24T16:08:25Z,2026-05-24T18:08:25+0200,8c5f6830-b44b-449b-bdab-a1b130ad33e1,2026-05-03T04:45:00Z,2026-05-03T06:45:00+0200,219.08,MW,DE,DE_LU,forecast_offshore_wind_generation,Wind Offshore,2026-05-24T16:09:31Z
2026-05-24T16:08:25Z,2026-05-24T18:08:25+0200,8c5f6830-b44b-449b-bdab-a1b130ad33e1,2026-05-03T05:00:00Z,2026-05-03T07:00:00+0200,227.99,MW,DE,DE_LU,forecast_offshore_wind_generation,Wind Offshore,2026-05-24T16:09:31Z
2026-05-24T16:08:25Z,2026-05-24T18:08:25+0200,8c5f6830-b44b-449b-bdab-a1b130ad33e1,2026-05-03T05:15:00Z,2026-05-03T07:15:00+0200,240.56,MW,DE,DE_LU,forecast_offshore_wind_generation,Wind Offshore,2026-05-24T16:09:31Z
2026-05-24T16:08:25Z,2026-05-24T18:08:25+0200,8c5f6830-b44b-449b-bdab-a1b130ad33e1,2026-05-03T05:30:00Z,2026-05-03T07:30:00+0200,261.38,MW,DE,DE_LU,forecast_offshore_wind_generation,Wind Offshore,2026-05-24T16:09:31Z
2026-05-24T16:08:25Z,2026-05-24T18:08:25+0200,8c5f6830-b44b-449b-bdab-a1b130ad33e1,2026-05-03T05:45:00Z,2026-05-03T07:45:00+0200,286.31,MW,DE,DE_LU,forecast_offshore_wind_generation,Wind Offshore,2026-05-24T16:09:31Z
2026-05-24T16:08:25Z,2026-05-24T18:08:25+0200,8c5f6830-b44b-449b-bdab-a1b130ad33e1,2026-05-03T06:00:00Z,2026-05-03T08:00:00+0200,303.82,MW,DE,DE_LU,forecast_offshore_wind_generation,Wind Offshore,2026-05-24T16:09:31Z
2026-05-24T16:08:25Z,2026-05-24T18:08:25+0200,8c5f6830-b44b-449b-bdab-a1b130ad33e1,2026-05-03T06:15:00Z,2026-05-03T08:15:00+0200,327.46,MW,DE,DE_LU,forecast_offshore_wind_generation,Wind Offshore,2026-05-24T16:09:31Z
2026-05-24T16:08:25Z,2026-05-24T18:08:25+0200,8c5f6830-b44b-449b-bdab-a1b130ad33e1,2026-05-03T06:30:00Z,2026-05-03T08:30:00+0200,350.71,MW,DE,DE_LU,forecast_offshore_wind_generation,Wind Offshore,2026-05-24T16:09:31Z
2026-05-24T16:08:25Z,2026-05-24T18:08:25+0200,8c5f6830-b44b-449b-bdab-a1b130ad33e1,2026-05-03T06:45:00Z,2026-05-03T08:45:00+0200,377.11,MW,DE,DE_LU,forecast_offshore_wind_generation,Wind Offshore,2026-05-24T16:09:31Z
2026-05-24T16:08:25Z,2026-05-24T18:08:25+0200,8c5f6830-b44b-449b-bdab-a1b130ad33e1,2026-05-03T07:00:00Z,2026-05-03T09:00:00+0200,378.66,MW,DE,DE_LU,forecast_offshore_wind_generation,Wind Offshore,2026-05-24T16:09:31Z
2026-05-24T16:08:25Z,2026-05-24T18:08:25+0200,8c5f6830-b44b-449b-bdab-a1b130ad33e1,2026-05-03T07:15:00Z,2026-05-03T09:15:00+0200,403.16,MW,DE,DE_LU,forecast_offshore_wind_generation,Wind Offshore,2026-05-24T16:09:31Z
2026-05-24T16:08:25Z,2026-05-24T18:08:25+0200,8c5f6830-b44b-449b-bdab-a1b130ad33e1,2026-05-03T07:30:00Z,2026-05-03T09:30:00+0200,417.73,MW,DE,DE_LU,forecast_offshore_wind_generation,Wind Offshore,2026-05-24T16:09:31Z
2026-05-24T16:08:25Z,2026-05-24T18:08:25+0200,8c5f6830-b44b-449b-bdab-a1b130ad33e1,2026-05-03T07:45:00Z,2026-05-03T09:45:00+0200,436.6,MW,DE,DE_LU,forecast_offshore_wind_generation,Wind Offshore,2026-05-24T16:09:31Z
2026-05-24T16:08:25Z,2026-05-24T18:08:25+0200,8c5f6830-b44b-449b-bdab-a1b130ad33e1,2026-05-03T08:00:00Z,2026-05-03T10:00:00+0200,456.27,MW,DE,DE_LU,forecast_offshore_wind_generation,Wind Offshore,2026-05-24T16:09:31Z
2026-05-24T16:08:25Z,2026-05-24T18:08:25+0200,8c5f6830-b44b-449b-bdab-a1b130ad33e1,2026-05-03T08:15:00Z,2026-05-03T10:15:00+0200,465.44,MW,DE,DE_LU,forecast_offshore_wind_generation,Wind Offshore,2026-05-24T16:09:31Z
2026-05-24T16:08:25Z,2026-05-24T18:08:25+0200,8c5f6830-b44b-449b-bdab-a1b130ad33e1,2026-05-03T08:30:00Z,2026-05-03T10:30:00+0200,471.66,MW,DE,DE_LU,forecast_offshore_wind_generation,Wind Offshore,2026-05-24T16:09:31Z
2026-05-24T16:08:25Z,2026-05-24T18:08:25+0200,8c5f6830-b44b-449b-bdab-a1b130ad33e1,2026-05-03T08:45:00Z,2026-05-03T10:45:00+0200,473.96,MW,DE,DE_LU,forecast_offshore_wind_generation,Wind Offshore,2026-05-24T16:09:31Z
2026-05-24T16:08:25Z,2026-05-24T18:08:25+0200,8c5f6830-b44b-449b-bdab-a1b130ad33e1,2026-05-03T09:00:00Z,2026-05-03T11:00:00+0200,481.75,MW,DE,DE_LU,forecast_offshore_wind_generation,Wind Offshore,2026-05-24T16:09:31Z
2026-05-24T16:08:25Z,2026-05-24T18:08:25+0200,8c5f6830-b44b-449b-bdab-a1b130ad33e1,2026-05-03T09:15:00Z,2026-05-03T11:15:00+0200,471.88,MW,DE,DE_LU,forecast_offshore_wind_generation,Wind Offshore,2026-05-24T16:09:31Z
2026-05-24T16:08:25Z,2026-05-24T18:08:25+0200,8c5f6830-b44b-449b-bdab-a1b130ad33e1,2026-05-03T09:30:00Z,2026-05-03T11:30:00+0200,461.03,MW,DE,DE_LU,forecast_offshore_wind_generation,Wind Offshore,2026-05-24T16:09:31Z
2026-05-24T16:08:25Z,2026-05-24T18:08:25+0200,8c5f6830-b44b-449b-bdab-a1b130ad33e1,2026-05-03T09:45:00Z,2026-05-03T11:45:00+0200,451.21,MW,DE,DE_LU,forecast_offshore_wind_generation,Wind Offshore,2026-05-24T16:09:31Z
2026-05-24T16:08:25Z,2026-05-24T18:08:25+0200,8c5f6830-b44b-449b-bdab-a1b130ad33e1,2026-05-03T10:00:00Z,2026-05-03T12:00:00+0200,435.54,MW,DE,DE_LU,forecast_offshore_wind_generation,Wind Offshore,2026-05-24T16:09:31Z
2026-05-24T16:08:25Z,2026-05-24T18:08:25+0200,8c5f6830-b44b-449b-bdab-a1b130ad33e1,2026-05-03T10:15:00Z,2026-05-03T12:15:00+0200,416.23,MW,DE,DE_LU,forecast_offshore_wind_generation,Wind Offshore,2026-05-24T16:09:31Z
2026-05-24T16:08:25Z,2026-05-24T18:08:25+0200,8c5f6830-b44b-449b-bdab-a1b130ad33e1,2026-05-03T10:30:00Z,2026-05-03T12:30:00+0200,396.94,MW,DE,DE_LU,forecast_offshore_wind_generation,Wind Offshore,2026-05-24T16:09:31Z
2026-05-24T16:08:25Z,2026-05-24T18:08:25+0200,8c5f6830-b44b-449b-bdab-a1b130ad33e1,2026-05-03T10:45:00Z,2026-05-03T12:45:00+0200,381.66,MW,DE,DE_LU,forecast_offshore_wind_generation,Wind Offshore,2026-05-24T16:09:31Z
2026-05-24T16:08:25Z,2026-05-24T18:08:25+0200,8c5f6830-b44b-449b-bdab-a1b130ad33e1,2026-05-03T11:00:00Z,2026-05-03T13:00:00+0200,363.48,MW,DE,DE_LU,forecast_offshore_wind_generation,Wind Offshore,2026-05-24T16:09:31Z
2026-05-24T16:08:25Z,2026-05-24T18:08:25+0200,8c5f6830-b44b-449b-bdab-a1b130ad33e1,2026-05-03T11:15:00Z,2026-05-03T13:15:00+0200,345.35,MW,DE,DE_LU,forecast_offshore_wind_generation,Wind Offshore,2026-05-24T16:09:31Z
2026-05-24T16:08:25Z,2026-05-24T18:08:25+0200,8c5f6830-b44b-449b-bdab-a1b130ad33e1,2026-05-03T11:30:00Z,2026-05-03T13:30:00+0200,326.3,MW,DE,DE_LU,forecast_offshore_wind_generation,Wind Offshore,2026-05-24T16:09:31Z
2026-05-24T16:08:25Z,2026-05-24T18:08:25+0200,8c5f6830-b44b-449b-bdab-a1b130ad33e1,2026-05-03T11:45:00Z,2026-05-03T13:45:00+0200,305.23,MW,DE,DE_LU,forecast_offshore_wind_generation,Wind Offshore,2026-05-24T16:09:31Z
2026-05-24T16:08:25Z,2026-05-24T18:08:25+0200,8c5f6830-b44b-449b-bdab-a1b130ad33e1,2026-05-03T12:00:00Z,2026-05-03T14:00:00+0200,292.16,MW,DE,DE_LU,forecast_offshore_wind_generation,Wind Offshore,2026-05-24T16:09:31Z
2026-05-24T16:08:25Z,2026-05-24T18:08:25+0200,8c5f6830-b44b-449b-bdab-a1b130ad33e1,2026-05-03T12:15:00Z,2026-05-03T14:15:00+0200,283.42,MW,DE,DE_LU,forecast_offshore_wind_generation,Wind Offshore,2026-05-24T16:09:31Z
2026-05-24T16:08:25Z,2026-05-24T18:08:25+0200,8c5f6830-b44b-449b-bdab-a1b130ad33e1,2026-05-03T12:30:00Z,2026-05-03T14:30:00+0200,272.71,MW,DE,DE_LU,forecast_offshore_wind_generation,Wind Offshore,2026-05-24T16:09:31Z
2026-05-24T16:08:25Z,2026-05-24T18:08:25+0200,8c5f6830-b44b-449b-bdab-a1b130ad33e1,2026-05-03T12:45:00Z,2026-05-03T14:45:00+0200,266.1,MW,DE,DE_LU,forecast_offshore_wind_generation,Wind Offshore,2026-05-24T16:09:31Z
2026-05-24T16:08:25Z,2026-05-24T18:08:25+0200,8c5f6830-b44b-449b-bdab-a1b130ad33e1,2026-05-03T13:00:00Z,2026-05-03T15:00:00+0200,258.75,MW,DE,DE_LU,forecast_offshore_wind_generation,Wind Offshore,2026-05-24T16:09:31Z
2026-05-24T16:08:25Z,2026-05-24T18:08:25+0200,8c5f6830-b44b-449b-bdab-a1b130ad33e1,2026-05-03T13:15:00Z,2026-05-03T15:15:00+0200,272.07,MW,DE,DE_LU,forecast_offshore_wind_generation,Wind Offshore,2026-05-24T16:09:31Z
2026-05-24T16:08:25Z,2026-05-24T18:08:25+0200,8c5f6830-b44b-449b-bdab-a1b130ad33e1,2026-05-03T13:30:00Z,2026-05-03T15:30:00+0200,283.39,MW,DE,DE_LU,forecast_offshore_wind_generation,Wind Offshore,2026-05-24T16:09:31Z
2026-05-24T16:08:25Z,2026-05-24T18:08:25+0200,8c5f6830-b44b-449b-bdab-a1b130ad33e1,2026-05-03T13:45:00Z,2026-05-03T15:45:00+0200,293.01,MW,DE,DE_LU,forecast_offshore_wind_generation,Wind Offshore,2026-05-24T16:09:31Z
2026-05-24T16:08:25Z,2026-05-24T18:08:25+0200,8c5f6830-b44b-449b-bdab-a1b130ad33e1,2026-05-03T14:00:00Z,2026-05-03T16:00:00+0200,306.11,MW,DE,DE_LU,forecast_offshore_wind_generation,Wind Offshore,2026-05-24T16:09:31Z
2026-05-24T16:08:25Z,2026-05-24T18:08:25+0200,8c5f6830-b44b-449b-bdab-a1b130ad33e1,2026-05-03T14:15:00Z,2026-05-03T16:15:00+0200,320.8,MW,DE,DE_LU,forecast_offshore_wind_generation,Wind Offshore,2026-05-24T16:09:31Z
2026-05-24T16:08:25Z,2026-05-24T18:08:25+0200,8c5f6830-b44b-449b-bdab-a1b130ad33e1,2026-05-03T14:30:00Z,2026-05-03T16:30:00+0200,330.48,MW,DE,DE_LU,forecast_offshore_wind_generation,Wind Offshore,2026-05-24T16:09:31Z
2026-05-24T16:08:25Z,2026-05-24T18:08:25+0200,8c5f6830-b44b-449b-bdab-a1b130ad33e1,2026-05-03T14:45:00Z,2026-05-03T16:45:00+0200,345.25,MW,DE,DE_LU,forecast_offshore_wind_generation,Wind Offshore,2026-05-24T16:09:31Z
2026-05-24T16:08:25Z,2026-05-24T18:08:25+0200,8c5f6830-b44b-449b-bdab-a1b130ad33e1,2026-05-03T15:00:00Z,2026-05-03T17:00:00+0200,357.77,MW,DE,DE_LU,forecast_offshore_wind_generation,Wind Offshore,2026-05-24T16:09:31Z
2026-05-24T16:08:25Z,2026-05-24T18:08:25+0200,8c5f6830-b44b-449b-bdab-a1b130ad33e1,2026-05-03T15:15:00Z,2026-05-03T17:15:00+0200,381.29,MW,DE,DE_LU,forecast_offshore_wind_generation,Wind Offshore,2026-05-24T16:09:31Z
2026-05-24T16:08:25Z,2026-05-24T18:08:25+0200,8c5f6830-b44b-449b-bdab-a1b130ad33e1,2026-05-03T15:30:00Z,2026-05-03T17:30:00+0200,398.62,MW,DE,DE_LU,forecast_offshore_wind_generation,Wind Offshore,2026-05-24T16:09:31Z
2026-05-24T16:08:25Z,2026-05-24T18:08:25+0200,8c5f6830-b44b-449b-bdab-a1b130ad33e1,2026-05-03T15:45:00Z,2026-05-03T17:45:00+0200,414.64,MW,DE,DE_LU,forecast_offshore_wind_generation,Wind Offshore,2026-05-24T16:09:31Z
2026-05-24T16:08:25Z,2026-05-24T18:08:25+0200,8c5f6830-b44b-449b-bdab-a1b130ad33e1,2026-05-03T16:00:00Z,2026-05-03T18:00:00+0200,429.25,MW,DE,DE_LU,forecast_offshore_wind_generation,Wind Offshore,2026-05-24T16:09:31Z
2026-05-24T16:08:25Z,2026-05-24T18:08:25+0200,8c5f6830-b44b-449b-bdab-a1b130ad33e1,2026-05-03T16:15:00Z,2026-05-03T18:15:00+0200,441.96,MW,DE,DE_LU,forecast_offshore_wind_generation,Wind Offshore,2026-05-24T16:09:31Z
2026-05-24T16:08:25Z,2026-05-24T18:08:25+0200,8c5f6830-b44b-449b-bdab-a1b130ad33e1,2026-05-03T16:30:00Z,2026-05-03T18:30:00+0200,461.8,MW,DE,DE_LU,forecast_offshore_wind_generation,Wind Offshore,2026-05-24T16:09:31Z
2026-05-24T16:08:25Z,2026-05-24T18:08:25+0200,8c5f6830-b44b-449b-bdab-a1b130ad33e1,2026-05-03T16:45:00Z,2026-05-03T18:45:00+0200,475.78,MW,DE,DE_LU,forecast_offshore_wind_generation,Wind Offshore,2026-05-24T16:09:31Z
2026-05-24T16:08:25Z,2026-05-24T18:08:25+0200,8c5f6830-b44b-449b-bdab-a1b130ad33e1,2026-05-03T17:00:00Z,2026-05-03T19:00:00+0200,489.22,MW,DE,DE_LU,forecast_offshore_wind_generation,Wind Offshore,2026-05-24T16:09:31Z
2026-05-24T16:08:25Z,2026-05-24T18:08:25+0200,8c5f6830-b44b-449b-bdab-a1b130ad33e1,2026-05-03T17:15:00Z,2026-05-03T19:15:00+0200,489.94,MW,DE,DE_LU,forecast_offshore_wind_generation,Wind Offshore,2026-05-24T16:09:31Z
2026-05-24T16:08:25Z,2026-05-24T18:08:25+0200,8c5f6830-b44b-449b-bdab-a1b130ad33e1,2026-05-03T17:30:00Z,2026-05-03T19:30:00+0200,491.58,MW,DE,DE_LU,forecast_offshore_wind_generation,Wind Offshore,2026-05-24T16:09:31Z
2026-05-24T16:08:25Z,2026-05-24T18:08:25+0200,8c5f6830-b44b-449b-bdab-a1b130ad33e1,2026-05-03T17:45:00Z,2026-05-03T19:45:00+0200,500.83,MW,DE,DE_LU,forecast_offshore_wind_generation,Wind Offshore,2026-05-24T16:09:31Z
2026-05-24T16:08:25Z,2026-05-24T18:08:25+0200,8c5f6830-b44b-449b-bdab-a1b130ad33e1,2026-05-03T18:00:00Z,2026-05-03T20:00:00+0200,510.43,MW,DE,DE_LU,forecast_offshore_wind_generation,Wind Offshore,2026-05-24T16:09:31Z
2026-05-24T16:08:25Z,2026-05-24T18:08:25+0200,8c5f6830-b44b-449b-bdab-a1b130ad33e1,2026-05-03T18:15:00Z,2026-05-03T20:15:00+0200,521.59,MW,DE,DE_LU,forecast_offshore_wind_generation,Wind Offshore,2026-05-24T16:09:31Z
2026-05-24T16:08:25Z,2026-05-24T18:08:25+0200,8c5f6830-b44b-449b-bdab-a1b130ad33e1,2026-05-03T18:30:00Z,2026-05-03T20:30:00+0200,535.84,MW,DE,DE_LU,forecast_offshore_wind_generation,Wind Offshore,2026-05-24T16:09:31Z
2026-05-24T16:08:25Z,2026-05-24T18:08:25+0200,8c5f6830-b44b-449b-bdab-a1b130ad33e1,2026-05-03T18:45:00Z,2026-05-03T20:45:00+0200,554.91,MW,DE,DE_LU,forecast_offshore_wind_generation,Wind Offshore,2026-05-24T16:09:31Z
2026-05-24T16:08:25Z,2026-05-24T18:08:25+0200,8c5f6830-b44b-449b-bdab-a1b130ad33e1,2026-05-03T19:00:00Z,2026-05-03T21:00:00+0200,573.5,MW,DE,DE_LU,forecast_offshore_wind_generation,Wind Offshore,2026-05-24T16:09:31Z
2026-05-24T16:08:25Z,2026-05-24T18:08:25+0200,8c5f6830-b44b-449b-bdab-a1b130ad33e1,2026-05-03T19:15:00Z,2026-05-03T21:15:00+0200,597.32,MW,DE,DE_LU,forecast_offshore_wind_generation,Wind Offshore,2026-05-24T16:09:31Z
2026-05-24T16:08:25Z,2026-05-24T18:08:25+0200,8c5f6830-b44b-449b-bdab-a1b130ad33e1,2026-05-03T19:30:00Z,2026-05-03T21:30:00+0200,620.2,MW,DE,DE_LU,forecast_offshore_wind_generation,Wind Offshore,2026-05-24T16:09:31Z
2026-05-24T16:08:25Z,2026-05-24T18:08:25+0200,8c5f6830-b44b-449b-bdab-a1b130ad33e1,2026-05-03T19:45:00Z,2026-05-03T21:45:00+0200,642.99,MW,DE,DE_LU,forecast_offshore_wind_generation,Wind Offshore,2026-05-24T16:09:31Z
2026-05-24T16:08:25Z,2026-05-24T18:08:25+0200,8c5f6830-b44b-449b-bdab-a1b130ad33e1,2026-05-03T20:00:00Z,2026-05-03T22:00:00+0200,675.11,MW,DE,DE_LU,forecast_offshore_wind_generation,Wind Offshore,2026-05-24T16:09:31Z
2026-05-24T16:08:25Z,2026-05-24T18:08:25+0200,8c5f6830-b44b-449b-bdab-a1b130ad33e1,2026-05-03T20:15:00Z,2026-05-03T22:15:00+0200,713.27,MW,DE,DE_LU,forecast_offshore_wind_generation,Wind Offshore,2026-05-24T16:09:31Z
2026-05-24T16:08:25Z,2026-05-24T18:08:25+0200,8c5f6830-b44b-449b-bdab-a1b130ad33e1,2026-05-03T20:30:00Z,2026-05-03T22:30:00+0200,747.47,MW,DE,DE_LU,forecast_offshore_wind_generation,Wind Offshore,2026-05-24T16:09:31Z
2026-05-24T16:08:25Z,2026-05-24T18:08:25+0200,8c5f6830-b44b-449b-bdab-a1b130ad33e1,2026-05-03T20:45:00Z,2026-05-03T22:45:00+0200,786.5,MW,DE,DE_LU,forecast_offshore_wind_generation,Wind Offshore,2026-05-24T16:09:31Z
2026-05-24T16:08:25Z,2026-05-24T18:08:25+0200,8c5f6830-b44b-449b-bdab-a1b130ad33e1,2026-05-03T21:00:00Z,2026-05-03T23:00:00+0200,831.54,MW,DE,DE_LU,forecast_offshore_wind_generation,Wind Offshore,2026-05-24T16:09:31Z
2026-05-24T16:08:25Z,2026-05-24T18:08:25+0200,8c5f6830-b44b-449b-bdab-a1b130ad33e1,2026-05-03T21:15:00Z,2026-05-03T23:15:00+0200,916.36,MW,DE,DE_LU,forecast_offshore_wind_generation,Wind Offshore,2026-05-24T16:09:31Z
2026-05-24T16:08:25Z,2026-05-24T18:08:25+0200,8c5f6830-b44b-449b-bdab-a1b130ad33e1,2026-05-03T21:30:00Z,2026-05-03T23:30:00+0200,998.4,MW,DE,DE_LU,forecast_offshore_wind_generation,Wind Offshore,2026-05-24T16:09:31Z
2026-05-24T16:08:25Z,2026-05-24T18:08:25+0200,8c5f6830-b44b-449b-bdab-a1b130ad33e1,2026-05-03T21:45:00Z,2026-05-03T23:45:00+0200,1083.45,MW,DE,DE_LU,forecast_offshore_wind_generation,Wind Offshore,2026-05-24T16:09:31Z
2026-05-24T16:08:25Z,2026-05-24T18:08:25+0200,8c5f6830-b44b-449b-bdab-a1b130ad33e1,2026-05-03T22:00:00Z,2026-05-04T00:00:00+0200,1550.5,MW,DE,DE_LU,forecast_offshore_wind_generation,Wind Offshore,2026-05-24T16:09:31Z
2026-05-24T16:08:25Z,2026-05-24T18:08:25+0200,8c5f6830-b44b-449b-bdab-a1b130ad33e1,2026-05-03T22:15:00Z,2026-05-04T00:15:00+0200,1539.55,MW,DE,DE_LU,forecast_offshore_wind_generation,Wind Offshore,2026-05-24T16:09:31Z
2026-05-24T16:08:25Z,2026-05-24T18:08:25+0200,8c5f6830-b44b-449b-bdab-a1b130ad33e1,2026-05-03T22:30:00Z,2026-05-04T00:30:00+0200,1521.31,MW,DE,DE_LU,forecast_offshore_wind_generation,Wind Offshore,2026-05-24T16:09:31Z
2026-05-24T16:08:25Z,2026-05-24T18:08:25+0200,8c5f6830-b44b-449b-bdab-a1b130ad33e1,2026-05-03T22:45:00Z,2026-05-04T00:45:00+0200,1513.61,MW,DE,DE_LU,forecast_offshore_wind_generation,Wind Offshore,2026-05-24T16:09:31Z
2026-05-24T16:08:25Z,2026-05-24T18:08:25+0200,8c5f6830-b44b-449b-bdab-a1b130ad33e1,2026-05-03T23:00:00Z,2026-05-04T01:00:00+0200,1501.79,MW,DE,DE_LU,forecast_offshore_wind_generation,Wind Offshore,2026-05-24T16:09:31Z
2026-05-24T16:08:25Z,2026-05-24T18:08:25+0200,8c5f6830-b44b-449b-bdab-a1b130ad33e1,2026-05-03T23:15:00Z,2026-05-04T01:15:00+0200,1505.29,MW,DE,DE_LU,forecast_offshore_wind_generation,Wind Offshore,2026-05-24T16:09:31Z
2026-05-24T16:08:25Z,2026-05-24T18:08:25+0200,8c5f6830-b44b-449b-bdab-a1b130ad33e1,2026-05-03T23:30:00Z,2026-05-04T01:30:00+0200,1498.2,MW,DE,DE_LU,forecast_offshore_wind_generation,Wind Offshore,2026-05-24T16:09:31Z
2026-05-24T16:08:25Z,2026-05-24T18:08:25+0200,8c5f6830-b44b-449b-bdab-a1b130ad33e1,2026-05-03T23:45:00Z,2026-05-04T01:45:00+0200,1507.57,MW,DE,DE_LU,forecast_offshore_wind_generation,Wind Offshore,2026-05-24T16:09:31Z
2026-05-24T16:08:25Z,2026-05-24T18:08:25+0200,8c5f6830-b44b-449b-bdab-a1b130ad33e1,2026-05-04T00:00:00Z,2026-05-04T02:00:00+0200,1513.56,MW,DE,DE_LU,forecast_offshore_wind_generation,Wind Offshore,2026-05-24T16:09:31Z
2026-05-24T16:08:25Z,2026-05-24T18:08:25+0200,8c5f6830-b44b-449b-bdab-a1b130ad33e1,2026-05-04T00:15:00Z,2026-05-04T02:15:00+0200,1518.26,MW,DE,DE_LU,forecast_offshore_wind_generation,Wind Offshore,2026-05-24T16:09:31Z
2026-05-24T16:08:25Z,2026-05-24T18:08:25+0200,8c5f6830-b44b-449b-bdab-a1b130ad33e1,2026-05-04T00:30:00Z,2026-05-04T02:30:00+0200,1520.49,MW,DE,DE_LU,forecast_offshore_wind_generation,Wind Offshore,2026-05-24T16:09:31Z
2026-05-24T16:08:25Z,2026-05-24T18:08:25+0200,8c5f6830-b44b-449b-bdab-a1b130ad33e1,2026-05-04T00:45:00Z,2026-05-04T02:45:00+0200,1527.08,MW,DE,DE_LU,forecast_offshore_wind_generation,Wind Offshore,2026-05-24T16:09:31Z
2026-05-24T16:08:25Z,2026-05-24T18:08:25+0200,8c5f6830-b44b-449b-bdab-a1b130ad33e1,2026-05-04T01:00:00Z,2026-05-04T03:00:00+0200,1530.93,MW,DE,DE_LU,forecast_offshore_wind_generation,Wind Offshore,2026-05-24T16:09:31Z
2026-05-24T16:08:25Z,2026-05-24T18:08:25+0200,8c5f6830-b44b-449b-bdab-a1b130ad33e1,2026-05-04T01:15:00Z,2026-05-04T03:15:00+0200,1543.85,MW,DE,DE_LU,forecast_offshore_wind_generation,Wind Offshore,2026-05-24T16:09:31Z
2026-05-24T16:08:25Z,2026-05-24T18:08:25+0200,8c5f6830-b44b-449b-bdab-a1b130ad33e1,2026-05-04T01:30:00Z,2026-05-04T03:30:00+0200,1557.0,MW,DE,DE_LU,forecast_offshore_wind_generation,Wind Offshore,2026-05-24T16:09:31Z
2026-05-24T16:08:25Z,2026-05-24T18:08:25+0200,8c5f6830-b44b-449b-bdab-a1b130ad33e1,2026-05-04T01:45:00Z,2026-05-04T03:45:00+0200,1565.42,MW,DE,DE_LU,forecast_offshore_wind_generation,Wind Offshore,2026-05-24T16:09:31Z
2026-05-24T16:08:25Z,2026-05-24T18:08:25+0200,8c5f6830-b44b-449b-bdab-a1b130ad33e1,2026-05-04T02:00:00Z,2026-05-04T04:00:00+0200,1571.58,MW,DE,DE_LU,forecast_offshore_wind_generation,Wind Offshore,2026-05-24T16:09:31Z
2026-05-24T16:08:25Z,2026-05-24T18:08:25+0200,8c5f6830-b44b-449b-bdab-a1b130ad33e1,2026-05-04T02:15:00Z,2026-05-04T04:15:00+0200,1566.64,MW,DE,DE_LU,forecast_offshore_wind_generation,Wind Offshore,2026-05-24T16:09:31Z
2026-05-24T16:08:25Z,2026-05-24T18:08:25+0200,8c5f6830-b44b-449b-bdab-a1b130ad33e1,2026-05-04T02:30:00Z,2026-05-04T04:30:00+0200,1558.62,MW,DE,DE_LU,forecast_offshore_wind_generation,Wind Offshore,2026-05-24T16:09:31Z
2026-05-24T16:08:25Z,2026-05-24T18:08:25+0200,8c5f6830-b44b-449b-bdab-a1b130ad33e1,2026-05-04T02:45:00Z,2026-05-04T04:45:00+0200,1550.29,MW,DE,DE_LU,forecast_offshore_wind_generation,Wind Offshore,2026-05-24T16:09:31Z
2026-05-24T16:08:25Z,2026-05-24T18:08:25+0200,8c5f6830-b44b-449b-bdab-a1b130ad33e1,2026-05-04T03:00:00Z,2026-05-04T05:00:00+0200,1541.39,MW,DE,DE_LU,forecast_offshore_wind_generation,Wind Offshore,2026-05-24T16:09:31Z
2026-05-24T16:08:25Z,2026-05-24T18:08:25+0200,8c5f6830-b44b-449b-bdab-a1b130ad33e1,2026-05-04T03:15:00Z,2026-05-04T05:15:00+0200,1516.71,MW,DE,DE_LU,forecast_offshore_wind_generation,Wind Offshore,2026-05-24T16:09:31Z
2026-05-24T16:08:25Z,2026-05-24T18:08:25+0200,8c5f6830-b44b-449b-bdab-a1b130ad33e1,2026-05-04T03:30:00Z,2026-05-04T05:30:00+0200,1493.91,MW,DE,DE_LU,forecast_offshore_wind_generation,Wind Offshore,2026-05-24T16:09:31Z
2026-05-24T16:08:25Z,2026-05-24T18:08:25+0200,8c5f6830-b44b-449b-bdab-a1b130ad33e1,2026-05-04T03:45:00Z,2026-05-04T05:45:00+0200,1473.07,MW,DE,DE_LU,forecast_offshore_wind_generation,Wind Offshore,2026-05-24T16:09:31Z
2026-05-24T16:08:25Z,2026-05-24T18:08:25+0200,8c5f6830-b44b-449b-bdab-a1b130ad33e1,2026-05-04T04:00:00Z,2026-05-04T06:00:00+0200,1446.6,MW,DE,DE_LU,forecast_offshore_wind_generation,Wind Offshore,2026-05-24T16:09:31Z
2026-05-24T16:08:25Z,2026-05-24T18:08:25+0200,8c5f6830-b44b-449b-bdab-a1b130ad33e1,2026-05-04T04:15:00Z,2026-05-04T06:15:00+0200,1430.28,MW,DE,DE_LU,forecast_offshore_wind_generation,Wind Offshore,2026-05-24T16:09:31Z
2026-05-24T16:08:25Z,2026-05-24T18:08:25+0200,8c5f6830-b44b-449b-bdab-a1b130ad33e1,2026-05-04T04:30:00Z,2026-05-04T06:30:00+0200,1408.17,MW,DE,DE_LU,forecast_offshore_wind_generation,Wind Offshore,2026-05-24T16:09:31Z
2026-05-24T16:08:25Z,2026-05-24T18:08:25+0200,8c5f6830-b44b-449b-bdab-a1b130ad33e1,2026-05-04T04:45:00Z,2026-05-04T06:45:00+0200,1388.75,MW,DE,DE_LU,forecast_offshore_wind_generation,Wind Offshore,2026-05-24T16:09:31Z
2026-05-24T16:08:25Z,2026-05-24T18:08:25+0200,8c5f6830-b44b-449b-bdab-a1b130ad33e1,2026-05-04T05:00:00Z,2026-05-04T07:00:00+0200,1341.67,MW,DE,DE_LU,forecast_offshore_wind_generation,Wind Offshore,2026-05-24T16:09:31Z
2026-05-24T16:08:25Z,2026-05-24T18:08:25+0200,8c5f6830-b44b-449b-bdab-a1b130ad33e1,2026-05-04T05:15:00Z,2026-05-04T07:15:00+0200,1320.2,MW,DE,DE_LU,forecast_offshore_wind_generation,Wind Offshore,2026-05-24T16:09:31Z
2026-05-24T16:08:25Z,2026-05-24T18:08:25+0200,8c5f6830-b44b-449b-bdab-a1b130ad33e1,2026-05-04T05:30:00Z,2026-05-04T07:30:00+0200,1300.72,MW,DE,DE_LU,forecast_offshore_wind_generation,Wind Offshore,2026-05-24T16:09:31Z
2026-05-24T16:08:25Z,2026-05-24T18:08:25+0200,8c5f6830-b44b-449b-bdab-a1b130ad33e1,2026-05-04T05:45:00Z,2026-05-04T07:45:00+0200,1280.34,MW,DE,DE_LU,forecast_offshore_wind_generation,Wind Offshore,2026-05-24T16:09:31Z
2026-05-24T16:08:25Z,2026-05-24T18:08:25+0200,8c5f6830-b44b-449b-bdab-a1b130ad33e1,2026-05-04T06:00:00Z,2026-05-04T08:00:00+0200,1255.29,MW,DE,DE_LU,forecast_offshore_wind_generation,Wind Offshore,2026-05-24T16:09:31Z
2026-05-24T16:08:25Z,2026-05-24T18:08:25+0200,8c5f6830-b44b-449b-bdab-a1b130ad33e1,2026-05-04T06:15:00Z,2026-05-04T08:15:00+0200,1226.92,MW,DE,DE_LU,forecast_offshore_wind_generation,Wind Offshore,2026-05-24T16:09:31Z
2026-05-24T16:08:25Z,2026-05-24T18:08:25+0200,8c5f6830-b44b-449b-bdab-a1b130ad33e1,2026-05-04T06:30:00Z,2026-05-04T08:30:00+0200,1196.36,MW,DE,DE_LU,forecast_offshore_wind_generation,Wind Offshore,2026-05-24T16:09:31Z
2026-05-24T16:08:25Z,2026-05-24T18:08:25+0200,8c5f6830-b44b-449b-bdab-a1b130ad33e1,2026-05-04T06:45:00Z,2026-05-04T08:45:00+0200,1165.73,MW,DE,DE_LU,forecast_offshore_wind_generation,Wind Offshore,2026-05-24T16:09:31Z
2026-05-24T16:08:25Z,2026-05-24T18:08:25+0200,8c5f6830-b44b-449b-bdab-a1b130ad33e1,2026-05-04T07:00:00Z,2026-05-04T09:00:00+0200,1149.2,MW,DE,DE_LU,forecast_offshore_wind_generation,Wind Offshore,2026-05-24T16:09:31Z
2026-05-24T16:08:25Z,2026-05-24T18:08:25+0200,8c5f6830-b44b-449b-bdab-a1b130ad33e1,2026-05-04T07:15:00Z,2026-05-04T09:15:00+0200,1124.76,MW,DE,DE_LU,forecast_offshore_wind_generation,Wind Offshore,2026-05-24T16:09:31Z
2026-05-24T16:08:25Z,2026-05-24T18:08:25+0200,8c5f6830-b44b-449b-bdab-a1b130ad33e1,2026-05-04T07:30:00Z,2026-05-04T09:30:00+0200,1103.25,MW,DE,DE_LU,forecast_offshore_wind_generation,Wind Offshore,2026-05-24T16:09:31Z
2026-05-24T16:08:25Z,2026-05-24T18:08:25+0200,8c5f6830-b44b-449b-bdab-a1b130ad33e1,2026-05-04T07:45:00Z,2026-05-04T09:45:00+0200,1086.67,MW,DE,DE_LU,forecast_offshore_wind_generation,Wind Offshore,2026-05-24T16:09:31Z
2026-05-24T16:08:25Z,2026-05-24T18:08:25+0200,8c5f6830-b44b-449b-bdab-a1b130ad33e1,2026-05-04T08:00:00Z,2026-05-04T10:00:00+0200,1061.3,MW,DE,DE_LU,forecast_offshore_wind_generation,Wind Offshore,2026-05-24T16:09:31Z
2026-05-24T16:08:25Z,2026-05-24T18:08:25+0200,8c5f6830-b44b-449b-bdab-a1b130ad33e1,2026-05-04T08:15:00Z,2026-05-04T10:15:00+0200,1038.81,MW,DE,DE_LU,forecast_offshore_wind_generation,Wind Offshore,2026-05-24T16:09:31Z
2026-05-24T16:08:25Z,2026-05-24T18:08:25+0200,8c5f6830-b44b-449b-bdab-a1b130ad33e1,2026-05-04T08:30:00Z,2026-05-04T10:30:00+0200,1019.12,MW,DE,DE_LU,forecast_offshore_wind_generation,Wind Offshore,2026-05-24T16:09:31Z
2026-05-24T16:08:25Z,2026-05-24T18:08:25+0200,8c5f6830-b44b-449b-bdab-a1b130ad33e1,2026-05-04T08:45:00Z,2026-05-04T10:45:00+0200,998.36,MW,DE,DE_LU,forecast_offshore_wind_generation,Wind Offshore,2026-05-24T16:09:31Z
2026-05-24T16:08:25Z,2026-05-24T18:08:25+0200,8c5f6830-b44b-449b-bdab-a1b130ad33e1,2026-05-04T09:00:00Z,2026-05-04T11:00:00+0200,974.37,MW,DE,DE_LU,forecast_offshore_wind_generation,Wind Offshore,2026-05-24T16:09:31Z
2026-05-24T16:08:25Z,2026-05-24T18:08:25+0200,8c5f6830-b44b-449b-bdab-a1b130ad33e1,2026-05-04T09:15:00Z,2026-05-04T11:15:00+0200,931.57,MW,DE,DE_LU,forecast_offshore_wind_generation,Wind Offshore,2026-05-24T16:09:31Z
2026-05-24T16:08:25Z,2026-05-24T18:08:25+0200,8c5f6830-b44b-449b-bdab-a1b130ad33e1,2026-05-04T09:30:00Z,2026-05-04T11:30:00+0200,891.38,MW,DE,DE_LU,forecast_offshore_wind_generation,Wind Offshore,2026-05-24T16:09:31Z
2026-05-24T16:08:25Z,2026-05-24T18:08:25+0200,8c5f6830-b44b-449b-bdab-a1b130ad33e1,2026-05-04T09:45:00Z,2026-05-04T11:45:00+0200,852.43,MW,DE,DE_LU,forecast_offshore_wind_generation,Wind Offshore,2026-05-24T16:09:31Z
2026-05-24T16:08:25Z,2026-05-24T18:08:25+0200,8c5f6830-b44b-449b-bdab-a1b130ad33e1,2026-05-04T10:00:00Z,2026-05-04T12:00:00+0200,817.17,MW,DE,DE_LU,forecast_offshore_wind_generation,Wind Offshore,2026-05-24T16:09:31Z
2026-05-24T16:08:25Z,2026-05-24T18:08:25+0200,8c5f6830-b44b-449b-bdab-a1b130ad33e1,2026-05-04T10:15:00Z,2026-05-04T12:15:00+0200,789.3,MW,DE,DE_LU,forecast_offshore_wind_generation,Wind Offshore,2026-05-24T16:09:31Z
2026-05-24T16:08:25Z,2026-05-24T18:08:25+0200,8c5f6830-b44b-449b-bdab-a1b130ad33e1,2026-05-04T10:30:00Z,2026-05-04T12:30:00+0200,763.48,MW,DE,DE_LU,forecast_offshore_wind_generation,Wind Offshore,2026-05-24T16:09:31Z
2026-05-24T16:08:25Z,2026-05-24T18:08:25+0200,8c5f6830-b44b-449b-bdab-a1b130ad33e1,2026-05-04T10:45:00Z,2026-05-04T12:45:00+0200,736.29,MW,DE,DE_LU,forecast_offshore_wind_generation,Wind Offshore,2026-05-24T16:09:31Z
2026-05-24T16:08:25Z,2026-05-24T18:08:25+0200,8c5f6830-b44b-449b-bdab-a1b130ad33e1,2026-05-04T11:00:00Z,2026-05-04T13:00:00+0200,714.17,MW,DE,DE_LU,forecast_offshore_wind_generation,Wind Offshore,2026-05-24T16:09:31Z
2026-05-24T16:08:25Z,2026-05-24T18:08:25+0200,8c5f6830-b44b-449b-bdab-a1b130ad33e1,2026-05-04T11:15:00Z,2026-05-04T13:15:00+0200,704.78,MW,DE,DE_LU,forecast_offshore_wind_generation,Wind Offshore,2026-05-24T16:09:31Z
2026-05-24T16:08:25Z,2026-05-24T18:08:25+0200,8c5f6830-b44b-449b-bdab-a1b130ad33e1,2026-05-04T11:30:00Z,2026-05-04T13:30:00+0200,690.42,MW,DE,DE_LU,forecast_offshore_wind_generation,Wind Offshore,2026-05-24T16:09:31Z
2026-05-24T16:08:25Z,2026-05-24T18:08:25+0200,8c5f6830-b44b-449b-bdab-a1b130ad33e1,2026-05-04T11:45:00Z,2026-05-04T13:45:00+0200,679.76,MW,DE,DE_LU,forecast_offshore_wind_generation,Wind Offshore,2026-05-24T16:09:31Z
2026-05-24T16:08:25Z,2026-05-24T18:08:25+0200,8c5f6830-b44b-449b-bdab-a1b130ad33e1,2026-05-04T12:00:00Z,2026-05-04T14:00:00+0200,666.78,MW,DE,DE_LU,forecast_offshore_wind_generation,Wind Offshore,2026-05-24T16:09:31Z
2026-05-24T16:08:25Z,2026-05-24T18:08:25+0200,8c5f6830-b44b-449b-bdab-a1b130ad33e1,2026-05-04T12:15:00Z,2026-05-04T14:15:00+0200,664.89,MW,DE,DE_LU,forecast_offshore_wind_generation,Wind Offshore,2026-05-24T16:09:31Z
2026-05-24T16:08:25Z,2026-05-24T18:08:25+0200,8c5f6830-b44b-449b-bdab-a1b130ad33e1,2026-05-04T12:30:00Z,2026-05-04T14:30:00+0200,659.97,MW,DE,DE_LU,forecast_offshore_wind_generation,Wind Offshore,2026-05-24T16:09:31Z
2026-05-24T16:08:25Z,2026-05-24T18:08:25+0200,8c5f6830-b44b-449b-bdab-a1b130ad33e1,2026-05-04T12:45:00Z,2026-05-04T14:45:00+0200,659.41,MW,DE,DE_LU,forecast_offshore_wind_generation,Wind Offshore,2026-05-24T16:09:31Z
2026-05-24T16:08:25Z,2026-05-24T18:08:25+0200,8c5f6830-b44b-449b-bdab-a1b130ad33e1,2026-05-04T13:00:00Z,2026-05-04T15:00:00+0200,661.47,MW,DE,DE_LU,forecast_offshore_wind_generation,Wind Offshore,2026-05-24T16:09:31Z
2026-05-24T16:08:25Z,2026-05-24T18:08:25+0200,8c5f6830-b44b-449b-bdab-a1b130ad33e1,2026-05-04T13:15:00Z,2026-05-04T15:15:00+0200,662.91,MW,DE,DE_LU,forecast_offshore_wind_generation,Wind Offshore,2026-05-24T16:09:31Z
2026-05-24T16:08:25Z,2026-05-24T18:08:25+0200,8c5f6830-b44b-449b-bdab-a1b130ad33e1,2026-05-04T13:30:00Z,2026-05-04T15:30:00+0200,672.18,MW,DE,DE_LU,forecast_offshore_wind_generation,Wind Offshore,2026-05-24T16:09:31Z
2026-05-24T16:08:25Z,2026-05-24T18:08:25+0200,8c5f6830-b44b-449b-bdab-a1b130ad33e1,2026-05-04T13:45:00Z,2026-05-04T15:45:00+0200,673.27,MW,DE,DE_LU,forecast_offshore_wind_generation,Wind Offshore,2026-05-24T16:09:31Z
2026-05-24T16:08:25Z,2026-05-24T18:08:25+0200,8c5f6830-b44b-449b-bdab-a1b130ad33e1,2026-05-04T14:00:00Z,2026-05-04T16:00:00+0200,676.36,MW,DE,DE_LU,forecast_offshore_wind_generation,Wind Offshore,2026-05-24T16:09:31Z
2026-05-24T16:08:25Z,2026-05-24T18:08:25+0200,8c5f6830-b44b-449b-bdab-a1b130ad33e1,2026-05-04T14:15:00Z,2026-05-04T16:15:00+0200,674.23,MW,DE,DE_LU,forecast_offshore_wind_generation,Wind Offshore,2026-05-24T16:09:31Z
2026-05-24T16:08:25Z,2026-05-24T18:08:25+0200,8c5f6830-b44b-449b-bdab-a1b130ad33e1,2026-05-04T14:30:00Z,2026-05-04T16:30:00+0200,674.17,MW,DE,DE_LU,forecast_offshore_wind_generation,Wind Offshore,2026-05-24T16:09:31Z
2026-05-24T16:08:25Z,2026-05-24T18:08:25+0200,8c5f6830-b44b-449b-bdab-a1b130ad33e1,2026-05-04T14:45:00Z,2026-05-04T16:45:00+0200,673.4,MW,DE,DE_LU,forecast_offshore_wind_generation,Wind Offshore,2026-05-24T16:09:31Z
2026-05-24T16:08:25Z,2026-05-24T18:08:25+0200,8c5f6830-b44b-449b-bdab-a1b130ad33e1,2026-05-04T15:00:00Z,2026-05-04T17:00:00+0200,675.41,MW,DE,DE_LU,forecast_offshore_wind_generation,Wind Offshore,2026-05-24T16:09:31Z
2026-05-24T16:08:25Z,2026-05-24T18:08:25+0200,8c5f6830-b44b-449b-bdab-a1b130ad33e1,2026-05-04T15:15:00Z,2026-05-04T17:15:00+0200,682.32,MW,DE,DE_LU,forecast_offshore_wind_generation,Wind Offshore,2026-05-24T16:09:31Z
2026-05-24T16:08:25Z,2026-05-24T18:08:25+0200,8c5f6830-b44b-449b-bdab-a1b130ad33e1,2026-05-04T15:30:00Z,2026-05-04T17:30:00+0200,692.39,MW,DE,DE_LU,forecast_offshore_wind_generation,Wind Offshore,2026-05-24T16:09:31Z
2026-05-24T16:08:25Z,2026-05-24T18:08:25+0200,8c5f6830-b44b-449b-bdab-a1b130ad33e1,2026-05-04T15:45:00Z,2026-05-04T17:45:00+0200,701.24,MW,DE,DE_LU,forecast_offshore_wind_generation,Wind Offshore,2026-05-24T16:09:31Z
2026-05-24T16:08:25Z,2026-05-24T18:08:25+0200,8c5f6830-b44b-449b-bdab-a1b130ad33e1,2026-05-04T16:00:00Z,2026-05-04T18:00:00+0200,707.82,MW,DE,DE_LU,forecast_offshore_wind_generation,Wind Offshore,2026-05-24T16:09:31Z
2026-05-24T16:08:25Z,2026-05-24T18:08:25+0200,8c5f6830-b44b-449b-bdab-a1b130ad33e1,2026-05-04T16:15:00Z,2026-05-04T18:15:00+0200,708.16,MW,DE,DE_LU,forecast_offshore_wind_generation,Wind Offshore,2026-05-24T16:09:31Z
2026-05-24T16:08:25Z,2026-05-24T18:08:25+0200,8c5f6830-b44b-449b-bdab-a1b130ad33e1,2026-05-04T16:30:00Z,2026-05-04T18:30:00+0200,709.7,MW,DE,DE_LU,forecast_offshore_wind_generation,Wind Offshore,2026-05-24T16:09:31Z
2026-05-24T16:08:25Z,2026-05-24T18:08:25+0200,8c5f6830-b44b-449b-bdab-a1b130ad33e1,2026-05-04T16:45:00Z,2026-05-04T18:45:00+0200,714.19,MW,DE,DE_LU,forecast_offshore_wind_generation,Wind Offshore,2026-05-24T16:09:31Z
2026-05-24T16:08:25Z,2026-05-24T18:08:25+0200,8c5f6830-b44b-449b-bdab-a1b130ad33e1,2026-05-04T17:00:00Z,2026-05-04T19:00:00+0200,712.83,MW,DE,DE_LU,forecast_offshore_wind_generation,Wind Offshore,2026-05-24T16:09:31Z
2026-05-24T16:08:25Z,2026-05-24T18:08:25+0200,8c5f6830-b44b-449b-bdab-a1b130ad33e1,2026-05-04T17:15:00Z,2026-05-04T19:15:00+0200,702.8,MW,DE,DE_LU,forecast_offshore_wind_generation,Wind Offshore,2026-05-24T16:09:31Z
2026-05-24T16:08:25Z,2026-05-24T18:08:25+0200,8c5f6830-b44b-449b-bdab-a1b130ad33e1,2026-05-04T17:30:00Z,2026-05-04T19:30:00+0200,692.8,MW,DE,DE_LU,forecast_offshore_wind_generation,Wind Offshore,2026-05-24T16:09:31Z
2026-05-24T16:08:25Z,2026-05-24T18:08:25+0200,8c5f6830-b44b-449b-bdab-a1b130ad33e1,2026-05-04T17:45:00Z,2026-05-04T19:45:00+0200,688.39,MW,DE,DE_LU,forecast_offshore_wind_generation,Wind Offshore,2026-05-24T16:09:31Z
2026-05-24T16:08:25Z,2026-05-24T18:08:25+0200,8c5f6830-b44b-449b-bdab-a1b130ad33e1,2026-05-04T18:00:00Z,2026-05-04T20:00:00+0200,682.45,MW,DE,DE_LU,forecast_offshore_wind_generation,Wind Offshore,2026-05-24T16:09:31Z
2026-05-24T16:08:25Z,2026-05-24T18:08:25+0200,8c5f6830-b44b-449b-bdab-a1b130ad33e1,2026-05-04T18:15:00Z,2026-05-04T20:15:00+0200,668.72,MW,DE,DE_LU,forecast_offshore_wind_generation,Wind Offshore,2026-05-24T16:09:31Z
2026-05-24T16:08:25Z,2026-05-24T18:08:25+0200,8c5f6830-b44b-449b-bdab-a1b130ad33e1,2026-05-04T18:30:00Z,2026-05-04T20:30:00+0200,656.01,MW,DE,DE_LU,forecast_offshore_wind_generation,Wind Offshore,2026-05-24T16:09:31Z
2026-05-24T16:08:25Z,2026-05-24T18:08:25+0200,8c5f6830-b44b-449b-bdab-a1b130ad33e1,2026-05-04T18:45:00Z,2026-05-04T20:45:00+0200,640.95,MW,DE,DE_LU,forecast_offshore_wind_generation,Wind Offshore,2026-05-24T16:09:31Z
2026-05-24T16:08:25Z,2026-05-24T18:08:25+0200,8c5f6830-b44b-449b-bdab-a1b130ad33e1,2026-05-04T19:00:00Z,2026-05-04T21:00:00+0200,629.52,MW,DE,DE_LU,forecast_offshore_wind_generation,Wind Offshore,2026-05-24T16:09:31Z
2026-05-24T16:08:25Z,2026-05-24T18:08:25+0200,8c5f6830-b44b-449b-bdab-a1b130ad33e1,2026-05-04T19:15:00Z,2026-05-04T21:15:00+0200,621.16,MW,DE,DE_LU,forecast_offshore_wind_generation,Wind Offshore,2026-05-24T16:09:31Z
2026-05-24T16:08:25Z,2026-05-24T18:08:25+0200,8c5f6830-b44b-449b-bdab-a1b130ad33e1,2026-05-04T19:30:00Z,2026-05-04T21:30:00+0200,609.81,MW,DE,DE_LU,forecast_offshore_wind_generation,Wind Offshore,2026-05-24T16:09:31Z
2026-05-24T16:08:25Z,2026-05-24T18:08:25+0200,8c5f6830-b44b-449b-bdab-a1b130ad33e1,2026-05-04T19:45:00Z,2026-05-04T21:45:00+0200,597.54,MW,DE,DE_LU,forecast_offshore_wind_generation,Wind Offshore,2026-05-24T16:09:31Z
2026-05-24T16:08:25Z,2026-05-24T18:08:25+0200,8c5f6830-b44b-449b-bdab-a1b130ad33e1,2026-05-04T20:00:00Z,2026-05-04T22:00:00+0200,586.56,MW,DE,DE_LU,forecast_offshore_wind_generation,Wind Offshore,2026-05-24T16:09:31Z
2026-05-24T16:08:25Z,2026-05-24T18:08:25+0200,8c5f6830-b44b-449b-bdab-a1b130ad33e1,2026-05-04T20:15:00Z,2026-05-04T22:15:00+0200,571.34,MW,DE,DE_LU,forecast_offshore_wind_generation,Wind Offshore,2026-05-24T16:09:31Z
2026-05-24T16:08:25Z,2026-05-24T18:08:25+0200,8c5f6830-b44b-449b-bdab-a1b130ad33e1,2026-05-04T20:30:00Z,2026-05-04T22:30:00+0200,555.38,MW,DE,DE_LU,forecast_offshore_wind_generation,Wind Offshore,2026-05-24T16:09:31Z
2026-05-24T16:08:25Z,2026-05-24T18:08:25+0200,8c5f6830-b44b-449b-bdab-a1b130ad33e1,2026-05-04T20:45:00Z,2026-05-04T22:45:00+0200,542.41,MW,DE,DE_LU,forecast_offshore_wind_generation,Wind Offshore,2026-05-24T16:09:31Z
2026-05-24T16:08:25Z,2026-05-24T18:08:25+0200,8c5f6830-b44b-449b-bdab-a1b130ad33e1,2026-05-04T21:00:00Z,2026-05-04T23:00:00+0200,526.36,MW,DE,DE_LU,forecast_offshore_wind_generation,Wind Offshore,2026-05-24T16:09:31Z
2026-05-24T16:08:25Z,2026-05-24T18:08:25+0200,8c5f6830-b44b-449b-bdab-a1b130ad33e1,2026-05-04T21:15:00Z,2026-05-04T23:15:00+0200,517.28,MW,DE,DE_LU,forecast_offshore_wind_generation,Wind Offshore,2026-05-24T16:09:31Z
2026-05-24T16:08:25Z,2026-05-24T18:08:25+0200,8c5f6830-b44b-449b-bdab-a1b130ad33e1,2026-05-04T21:30:00Z,2026-05-04T23:30:00+0200,506.33,MW,DE,DE_LU,forecast_offshore_wind_generation,Wind Offshore,2026-05-24T16:09:31Z
2026-05-24T16:08:25Z,2026-05-24T18:08:25+0200,8c5f6830-b44b-449b-bdab-a1b130ad33e1,2026-05-04T21:45:00Z,2026-05-04T23:45:00+0200,495.54,MW,DE,DE_LU,forecast_offshore_wind_generation,Wind Offshore,2026-05-24T16:09:31Z
2026-05-24T16:08:25Z,2026-05-24T18:08:25+0200,8c5f6830-b44b-449b-bdab-a1b130ad33e1,2026-05-04T22:00:00Z,2026-05-05T00:00:00+0200,241.64,MW,DE,DE_LU,forecast_offshore_wind_generation,Wind Offshore,2026-05-24T16:09:31Z
2026-05-24T16:08:25Z,2026-05-24T18:08:25+0200,8c5f6830-b44b-449b-bdab-a1b130ad33e1,2026-05-04T22:15:00Z,2026-05-05T00:15:00+0200,225.57,MW,DE,DE_LU,forecast_offshore_wind_generation,Wind Offshore,2026-05-24T16:09:31Z
2026-05-24T16:08:25Z,2026-05-24T18:08:25+0200,8c5f6830-b44b-449b-bdab-a1b130ad33e1,2026-05-04T22:30:00Z,2026-05-05T00:30:00+0200,212.67,MW,DE,DE_LU,forecast_offshore_wind_generation,Wind Offshore,2026-05-24T16:09:31Z
2026-05-24T16:08:25Z,2026-05-24T18:08:25+0200,8c5f6830-b44b-449b-bdab-a1b130ad33e1,2026-05-04T22:45:00Z,2026-05-05T00:45:00+0200,198.68,MW,DE,DE_LU,forecast_offshore_wind_generation,Wind Offshore,2026-05-24T16:09:31Z
2026-05-24T16:08:25Z,2026-05-24T18:08:25+0200,8c5f6830-b44b-449b-bdab-a1b130ad33e1,2026-05-04T23:00:00Z,2026-05-05T01:00:00+0200,188.07,MW,DE,DE_LU,forecast_offshore_wind_generation,Wind Offshore,2026-05-24T16:09:31Z
2026-05-24T16:08:25Z,2026-05-24T18:08:25+0200,8c5f6830-b44b-449b-bdab-a1b130ad33e1,2026-05-04T23:15:00Z,2026-05-05T01:15:00+0200,187.45,MW,DE,DE_LU,forecast_offshore_wind_generation,Wind Offshore,2026-05-24T16:09:31Z
2026-05-24T16:08:25Z,2026-05-24T18:08:25+0200,8c5f6830-b44b-449b-bdab-a1b130ad33e1,2026-05-04T23:30:00Z,2026-05-05T01:30:00+0200,181.83,MW,DE,DE_LU,forecast_offshore_wind_generation,Wind Offshore,2026-05-24T16:09:31Z
2026-05-24T16:08:25Z,2026-05-24T18:08:25+0200,8c5f6830-b44b-449b-bdab-a1b130ad33e1,2026-05-04T23:45:00Z,2026-05-05T01:45:00+0200,179.33,MW,DE,DE_LU,forecast_offshore_wind_generation,Wind Offshore,2026-05-24T16:09:31Z
2026-05-24T16:08:25Z,2026-05-24T18:08:25+0200,8c5f6830-b44b-449b-bdab-a1b130ad33e1,2026-05-05T00:00:00Z,2026-05-05T02:00:00+0200,177.29,MW,DE,DE_LU,forecast_offshore_wind_generation,Wind Offshore,2026-05-24T16:09:31Z
2026-05-24T16:08:25Z,2026-05-24T18:08:25+0200,8c5f6830-b44b-449b-bdab-a1b130ad33e1,2026-05-05T00:15:00Z,2026-05-05T02:15:00+0200,183.55,MW,DE,DE_LU,forecast_offshore_wind_generation,Wind Offshore,2026-05-24T16:09:31Z
2026-05-24T16:08:25Z,2026-05-24T18:08:25+0200,8c5f6830-b44b-449b-bdab-a1b130ad33e1,2026-05-05T00:30:00Z,2026-05-05T02:30:00+0200,192.84,MW,DE,DE_LU,forecast_offshore_wind_generation,Wind Offshore,2026-05-24T16:09:31Z
2026-05-24T16:08:25Z,2026-05-24T18:08:25+0200,8c5f6830-b44b-449b-bdab-a1b130ad33e1,2026-05-05T00:45:00Z,2026-05-05T02:45:00+0200,198.07,MW,DE,DE_LU,forecast_offshore_wind_generation,Wind Offshore,2026-05-24T16:09:31Z
2026-05-24T16:08:25Z,2026-05-24T18:08:25+0200,8c5f6830-b44b-449b-bdab-a1b130ad33e1,2026-05-05T01:00:00Z,2026-05-05T03:00:00+0200,203.97,MW,DE,DE_LU,forecast_offshore_wind_generation,Wind Offshore,2026-05-24T16:09:31Z
2026-05-24T16:08:25Z,2026-05-24T18:08:25+0200,8c5f6830-b44b-449b-bdab-a1b130ad33e1,2026-05-05T01:15:00Z,2026-05-05T03:15:00+0200,223.08,MW,DE,DE_LU,forecast_offshore_wind_generation,Wind Offshore,2026-05-24T16:09:31Z
2026-05-24T16:08:25Z,2026-05-24T18:08:25+0200,8c5f6830-b44b-449b-bdab-a1b130ad33e1,2026-05-05T01:30:00Z,2026-05-05T03:30:00+0200,233.24,MW,DE,DE_LU,forecast_offshore_wind_generation,Wind Offshore,2026-05-24T16:09:31Z
2026-05-24T16:08:25Z,2026-05-24T18:08:25+0200,8c5f6830-b44b-449b-bdab-a1b130ad33e1,2026-05-05T01:45:00Z,2026-05-05T03:45:00+0200,252.39,MW,DE,DE_LU,forecast_offshore_wind_generation,Wind Offshore,2026-05-24T16:09:31Z
2026-05-24T16:08:25Z,2026-05-24T18:08:25+0200,8c5f6830-b44b-449b-bdab-a1b130ad33e1,2026-05-05T02:00:00Z,2026-05-05T04:00:00+0200,265.07,MW,DE,DE_LU,forecast_offshore_wind_generation,Wind Offshore,2026-05-24T16:09:31Z
2026-05-24T16:08:25Z,2026-05-24T18:08:25+0200,8c5f6830-b44b-449b-bdab-a1b130ad33e1,2026-05-05T02:15:00Z,2026-05-05T04:15:00+0200,277.64,MW,DE,DE_LU,forecast_offshore_wind_generation,Wind Offshore,2026-05-24T16:09:31Z
2026-05-24T16:08:25Z,2026-05-24T18:08:25+0200,8c5f6830-b44b-449b-bdab-a1b130ad33e1,2026-05-05T02:30:00Z,2026-05-05T04:30:00+0200,296.22,MW,DE,DE_LU,forecast_offshore_wind_generation,Wind Offshore,2026-05-24T16:09:31Z
2026-05-24T16:08:25Z,2026-05-24T18:08:25+0200,8c5f6830-b44b-449b-bdab-a1b130ad33e1,2026-05-05T02:45:00Z,2026-05-05T04:45:00+0200,313.8,MW,DE,DE_LU,forecast_offshore_wind_generation,Wind Offshore,2026-05-24T16:09:31Z
2026-05-24T16:08:25Z,2026-05-24T18:08:25+0200,8c5f6830-b44b-449b-bdab-a1b130ad33e1,2026-05-05T03:00:00Z,2026-05-05T05:00:00+0200,327.29,MW,DE,DE_LU,forecast_offshore_wind_generation,Wind Offshore,2026-05-24T16:09:31Z
2026-05-24T16:08:25Z,2026-05-24T18:08:25+0200,8c5f6830-b44b-449b-bdab-a1b130ad33e1,2026-05-05T03:15:00Z,2026-05-05T05:15:00+0200,340.03,MW,DE,DE_LU,forecast_offshore_wind_generation,Wind Offshore,2026-05-24T16:09:31Z
2026-05-24T16:08:25Z,2026-05-24T18:08:25+0200,8c5f6830-b44b-449b-bdab-a1b130ad33e1,2026-05-05T03:30:00Z,2026-05-05T05:30:00+0200,350.75,MW,DE,DE_LU,forecast_offshore_wind_generation,Wind Offshore,2026-05-24T16:09:31Z
2026-05-24T16:08:25Z,2026-05-24T18:08:25+0200,8c5f6830-b44b-449b-bdab-a1b130ad33e1,2026-05-05T03:45:00Z,2026-05-05T05:45:00+0200,361.42,MW,DE,DE_LU,forecast_offshore_wind_generation,Wind Offshore,2026-05-24T16:09:31Z
2026-05-24T16:08:25Z,2026-05-24T18:08:25+0200,8c5f6830-b44b-449b-bdab-a1b130ad33e1,2026-05-05T04:00:00Z,2026-05-05T06:00:00+0200,377.8,MW,DE,DE_LU,forecast_offshore_wind_generation,Wind Offshore,2026-05-24T16:09:31Z
2026-05-24T16:08:25Z,2026-05-24T18:08:25+0200,8c5f6830-b44b-449b-bdab-a1b130ad33e1,2026-05-05T04:15:00Z,2026-05-05T06:15:00+0200,378.49,MW,DE,DE_LU,forecast_offshore_wind_generation,Wind Offshore,2026-05-24T16:09:31Z
2026-05-24T16:08:25Z,2026-05-24T18:08:25+0200,8c5f6830-b44b-449b-bdab-a1b130ad33e1,2026-05-05T04:30:00Z,2026-05-05T06:30:00+0200,386.23,MW,DE,DE_LU,forecast_offshore_wind_generation,Wind Offshore,2026-05-24T16:09:31Z
2026-05-24T16:08:25Z,2026-05-24T18:08:25+0200,8c5f6830-b44b-449b-bdab-a1b130ad33e1,2026-05-05T04:45:00Z,2026-05-05T06:45:00+0200,391.1,MW,DE,DE_LU,forecast_offshore_wind_generation,Wind Offshore,2026-05-24T16:09:31Z
2026-05-24T16:08:25Z,2026-05-24T18:08:25+0200,8c5f6830-b44b-449b-bdab-a1b130ad33e1,2026-05-05T05:00:00Z,2026-05-05T07:00:00+0200,364.43,MW,DE,DE_LU,forecast_offshore_wind_generation,Wind Offshore,2026-05-24T16:09:31Z
2026-05-24T16:08:25Z,2026-05-24T18:08:25+0200,8c5f6830-b44b-449b-bdab-a1b130ad33e1,2026-05-05T05:15:00Z,2026-05-05T07:15:00+0200,357.58,MW,DE,DE_LU,forecast_offshore_wind_generation,Wind Offshore,2026-05-24T16:09:31Z
2026-05-24T16:08:25Z,2026-05-24T18:08:25+0200,8c5f6830-b44b-449b-bdab-a1b130ad33e1,2026-05-05T05:30:00Z,2026-05-05T07:30:00+0200,350.75,MW,DE,DE_LU,forecast_offshore_wind_generation,Wind Offshore,2026-05-24T16:09:31Z
2026-05-24T16:08:25Z,2026-05-24T18:08:25+0200,8c5f6830-b44b-449b-bdab-a1b130ad33e1,2026-05-05T05:45:00Z,2026-05-05T07:45:00+0200,343.66,MW,DE,DE_LU,forecast_offshore_wind_generation,Wind Offshore,2026-05-24T16:09:31Z
2026-05-24T16:08:25Z,2026-05-24T18:08:25+0200,8c5f6830-b44b-449b-bdab-a1b130ad33e1,2026-05-05T06:00:00Z,2026-05-05T08:00:00+0200,331.28,MW,DE,DE_LU,forecast_offshore_wind_generation,Wind Offshore,2026-05-24T16:09:31Z
2026-05-24T16:08:25Z,2026-05-24T18:08:25+0200,8c5f6830-b44b-449b-bdab-a1b130ad33e1,2026-05-05T06:15:00Z,2026-05-05T08:15:00+0200,321.58,MW,DE,DE_LU,forecast_offshore_wind_generation,Wind Offshore,2026-05-24T16:09:31Z
2026-05-24T16:08:25Z,2026-05-24T18:08:25+0200,8c5f6830-b44b-449b-bdab-a1b130ad33e1,2026-05-05T06:30:00Z,2026-05-05T08:30:00+0200,306.92,MW,DE,DE_LU,forecast_offshore_wind_generation,Wind Offshore,2026-05-24T16:09:31Z
2026-05-24T16:08:25Z,2026-05-24T18:08:25+0200,8c5f6830-b44b-449b-bdab-a1b130ad33e1,2026-05-05T06:45:00Z,2026-05-05T08:45:00+0200,293.29,MW,DE,DE_LU,forecast_offshore_wind_generation,Wind Offshore,2026-05-24T16:09:31Z
2026-05-24T16:08:25Z,2026-05-24T18:08:25+0200,8c5f6830-b44b-449b-bdab-a1b130ad33e1,2026-05-05T07:00:00Z,2026-05-05T09:00:00+0200,283.87,MW,DE,DE_LU,forecast_offshore_wind_generation,Wind Offshore,2026-05-24T16:09:31Z
2026-05-24T16:08:25Z,2026-05-24T18:08:25+0200,8c5f6830-b44b-449b-bdab-a1b130ad33e1,2026-05-05T07:15:00Z,2026-05-05T09:15:00+0200,270.19,MW,DE,DE_LU,forecast_offshore_wind_generation,Wind Offshore,2026-05-24T16:09:31Z
2026-05-24T16:08:25Z,2026-05-24T18:08:25+0200,8c5f6830-b44b-449b-bdab-a1b130ad33e1,2026-05-05T07:30:00Z,2026-05-05T09:30:00+0200,255.53,MW,DE,DE_LU,forecast_offshore_wind_generation,Wind Offshore,2026-05-24T16:09:31Z
2026-05-24T16:08:25Z,2026-05-24T18:08:25+0200,8c5f6830-b44b-449b-bdab-a1b130ad33e1,2026-05-05T07:45:00Z,2026-05-05T09:45:00+0200,240.89,MW,DE,DE_LU,forecast_offshore_wind_generation,Wind Offshore,2026-05-24T16:09:31Z
2026-05-24T16:08:25Z,2026-05-24T18:08:25+0200,8c5f6830-b44b-449b-bdab-a1b130ad33e1,2026-05-05T08:00:00Z,2026-05-05T10:00:00+0200,232.42,MW,DE,DE_LU,forecast_offshore_wind_generation,Wind Offshore,2026-05-24T16:09:31Z
2026-05-24T16:08:25Z,2026-05-24T18:08:25+0200,8c5f6830-b44b-449b-bdab-a1b130ad33e1,2026-05-05T08:15:00Z,2026-05-05T10:15:00+0200,230.27,MW,DE,DE_LU,forecast_offshore_wind_generation,Wind Offshore,2026-05-24T16:09:31Z
2026-05-24T16:08:25Z,2026-05-24T18:08:25+0200,8c5f6830-b44b-449b-bdab-a1b130ad33e1,2026-05-05T08:30:00Z,2026-05-05T10:30:00+0200,224.17,MW,DE,DE_LU,forecast_offshore_wind_generation,Wind Offshore,2026-05-24T16:09:31Z
2026-05-24T16:08:25Z,2026-05-24T18:08:25+0200,8c5f6830-b44b-449b-bdab-a1b130ad33e1,2026-05-05T08:45:00Z,2026-05-05T10:45:00+0200,222.16,MW,DE,DE_LU,forecast_offshore_wind_generation,Wind Offshore,2026-05-24T16:09:31Z
2026-05-24T16:08:25Z,2026-05-24T18:08:25+0200,8c5f6830-b44b-449b-bdab-a1b130ad33e1,2026-05-05T09:00:00Z,2026-05-05T11:00:00+0200,219.21,MW,DE,DE_LU,forecast_offshore_wind_generation,Wind Offshore,2026-05-24T16:09:31Z
2026-05-24T16:08:25Z,2026-05-24T18:08:25+0200,8c5f6830-b44b-449b-bdab-a1b130ad33e1,2026-05-05T09:15:00Z,2026-05-05T11:15:00+0200,217.55,MW,DE,DE_LU,forecast_offshore_wind_generation,Wind Offshore,2026-05-24T16:09:31Z
2026-05-24T16:08:25Z,2026-05-24T18:08:25+0200,8c5f6830-b44b-449b-bdab-a1b130ad33e1,2026-05-05T09:30:00Z,2026-05-05T11:30:00+0200,215.9,MW,DE,DE_LU,forecast_offshore_wind_generation,Wind Offshore,2026-05-24T16:09:31Z
2026-05-24T16:08:25Z,2026-05-24T18:08:25+0200,8c5f6830-b44b-449b-bdab-a1b130ad33e1,2026-05-05T09:45:00Z,2026-05-05T11:45:00+0200,215.17,MW,DE,DE_LU,forecast_offshore_wind_generation,Wind Offshore,2026-05-24T16:09:31Z
2026-05-24T16:08:25Z,2026-05-24T18:08:25+0200,8c5f6830-b44b-449b-bdab-a1b130ad33e1,2026-05-05T10:00:00Z,2026-05-05T12:00:00+0200,214.25,MW,DE,DE_LU,forecast_offshore_wind_generation,Wind Offshore,2026-05-24T16:09:31Z
2026-05-24T16:08:25Z,2026-05-24T18:08:25+0200,8c5f6830-b44b-449b-bdab-a1b130ad33e1,2026-05-05T10:15:00Z,2026-05-05T12:15:00+0200,214.44,MW,DE,DE_LU,forecast_offshore_wind_generation,Wind Offshore,2026-05-24T16:09:31Z
2026-05-24T16:08:25Z,2026-05-24T18:08:25+0200,8c5f6830-b44b-449b-bdab-a1b130ad33e1,2026-05-05T10:30:00Z,2026-05-05T12:30:00+0200,216.64,MW,DE,DE_LU,forecast_offshore_wind_generation,Wind Offshore,2026-05-24T16:09:31Z
2026-05-24T16:08:25Z,2026-05-24T18:08:25+0200,8c5f6830-b44b-449b-bdab-a1b130ad33e1,2026-05-05T10:45:00Z,2026-05-05T12:45:00+0200,217.9,MW,DE,DE_LU,forecast_offshore_wind_generation,Wind Offshore,2026-05-24T16:09:31Z
2026-05-24T16:08:25Z,2026-05-24T18:08:25+0200,8c5f6830-b44b-449b-bdab-a1b130ad33e1,2026-05-05T11:00:00Z,2026-05-05T13:00:00+0200,222.17,MW,DE,DE_LU,forecast_offshore_wind_generation,Wind Offshore,2026-05-24T16:09:31Z
2026-05-24T16:08:25Z,2026-05-24T18:08:25+0200,8c5f6830-b44b-449b-bdab-a1b130ad33e1,2026-05-05T11:15:00Z,2026-05-05T13:15:00+0200,231.23,MW,DE,DE_LU,forecast_offshore_wind_generation,Wind Offshore,2026-05-24T16:09:31Z
2026-05-24T16:08:25Z,2026-05-24T18:08:25+0200,8c5f6830-b44b-449b-bdab-a1b130ad33e1,2026-05-05T11:30:00Z,2026-05-05T13:30:00+0200,243.27,MW,DE,DE_LU,forecast_offshore_wind_generation,Wind Offshore,2026-05-24T16:09:31Z
2026-05-24T16:08:25Z,2026-05-24T18:08:25+0200,8c5f6830-b44b-449b-bdab-a1b130ad33e1,2026-05-05T11:45:00Z,2026-05-05T13:45:00+0200,252.29,MW,DE,DE_LU,forecast_offshore_wind_generation,Wind Offshore,2026-05-24T16:09:31Z
2026-05-24T16:08:25Z,2026-05-24T18:08:25+0200,8c5f6830-b44b-449b-bdab-a1b130ad33e1,2026-05-05T12:00:00Z,2026-05-05T14:00:00+0200,263.23,MW,DE,DE_LU,forecast_offshore_wind_generation,Wind Offshore,2026-05-24T16:09:31Z
2026-05-24T16:08:25Z,2026-05-24T18:08:25+0200,8c5f6830-b44b-449b-bdab-a1b130ad33e1,2026-05-05T12:15:00Z,2026-05-05T14:15:00+0200,277.37,MW,DE,DE_LU,forecast_offshore_wind_generation,Wind Offshore,2026-05-24T16:09:31Z
2026-05-24T16:08:25Z,2026-05-24T18:08:25+0200,8c5f6830-b44b-449b-bdab-a1b130ad33e1,2026-05-05T12:30:00Z,2026-05-05T14:30:00+0200,296.48,MW,DE,DE_LU,forecast_offshore_wind_generation,Wind Offshore,2026-05-24T16:09:31Z
2026-05-24T16:08:25Z,2026-05-24T18:08:25+0200,8c5f6830-b44b-449b-bdab-a1b130ad33e1,2026-05-05T12:45:00Z,2026-05-05T14:45:00+0200,316.63,MW,DE,DE_LU,forecast_offshore_wind_generation,Wind Offshore,2026-05-24T16:09:31Z
2026-05-24T16:08:25Z,2026-05-24T18:08:25+0200,8c5f6830-b44b-449b-bdab-a1b130ad33e1,2026-05-05T13:00:00Z,2026-05-05T15:00:00+0200,340.05,MW,DE,DE_LU,forecast_offshore_wind_generation,Wind Offshore,2026-05-24T16:09:31Z
2026-05-24T16:08:25Z,2026-05-24T18:08:25+0200,8c5f6830-b44b-449b-bdab-a1b130ad33e1,2026-05-05T13:15:00Z,2026-05-05T15:15:00+0200,376.29,MW,DE,DE_LU,forecast_offshore_wind_generation,Wind Offshore,2026-05-24T16:09:31Z
2026-05-24T16:08:25Z,2026-05-24T18:08:25+0200,8c5f6830-b44b-449b-bdab-a1b130ad33e1,2026-05-05T13:30:00Z,2026-05-05T15:30:00+0200,404.56,MW,DE,DE_LU,forecast_offshore_wind_generation,Wind Offshore,2026-05-24T16:09:31Z
2026-05-24T16:08:25Z,2026-05-24T18:08:25+0200,8c5f6830-b44b-449b-bdab-a1b130ad33e1,2026-05-05T13:45:00Z,2026-05-05T15:45:00+0200,433.85,MW,DE,DE_LU,forecast_offshore_wind_generation,Wind Offshore,2026-05-24T16:09:31Z
2026-05-24T16:08:25Z,2026-05-24T18:08:25+0200,8c5f6830-b44b-449b-bdab-a1b130ad33e1,2026-05-05T14:00:00Z,2026-05-05T16:00:00+0200,467.73,MW,DE,DE_LU,forecast_offshore_wind_generation,Wind Offshore,2026-05-24T16:09:31Z
2026-05-24T16:08:25Z,2026-05-24T18:08:25+0200,8c5f6830-b44b-449b-bdab-a1b130ad33e1,2026-05-05T14:15:00Z,2026-05-05T16:15:00+0200,565.25,MW,DE,DE_LU,forecast_offshore_wind_generation,Wind Offshore,2026-05-24T16:09:31Z
2026-05-24T16:08:25Z,2026-05-24T18:08:25+0200,8c5f6830-b44b-449b-bdab-a1b130ad33e1,2026-05-05T14:30:00Z,2026-05-05T16:30:00+0200,625.41,MW,DE,DE_LU,forecast_offshore_wind_generation,Wind Offshore,2026-05-24T16:09:31Z
2026-05-24T16:08:25Z,2026-05-24T18:08:25+0200,8c5f6830-b44b-449b-bdab-a1b130ad33e1,2026-05-05T14:45:00Z,2026-05-05T16:45:00+0200,684.59,MW,DE,DE_LU,forecast_offshore_wind_generation,Wind Offshore,2026-05-24T16:09:31Z
2026-05-24T16:08:25Z,2026-05-24T18:08:25+0200,8c5f6830-b44b-449b-bdab-a1b130ad33e1,2026-05-05T15:00:00Z,2026-05-05T17:00:00+0200,753.59,MW,DE,DE_LU,forecast_offshore_wind_generation,Wind Offshore,2026-05-24T16:09:31Z
2026-05-24T16:08:25Z,2026-05-24T18:08:25+0200,8c5f6830-b44b-449b-bdab-a1b130ad33e1,2026-05-05T15:15:00Z,2026-05-05T17:15:00+0200,831.81,MW,DE,DE_LU,forecast_offshore_wind_generation,Wind Offshore,2026-05-24T16:09:31Z
2026-05-24T16:08:25Z,2026-05-24T18:08:25+0200,8c5f6830-b44b-449b-bdab-a1b130ad33e1,2026-05-05T15:30:00Z,2026-05-05T17:30:00+0200,909.4,MW,DE,DE_LU,forecast_offshore_wind_generation,Wind Offshore,2026-05-24T16:09:31Z
2026-05-24T16:08:25Z,2026-05-24T18:08:25+0200,8c5f6830-b44b-449b-bdab-a1b130ad33e1,2026-05-05T15:45:00Z,2026-05-05T17:45:00+0200,987.49,MW,DE,DE_LU,forecast_offshore_wind_generation,Wind Offshore,2026-05-24T16:09:31Z
2026-05-24T16:08:25Z,2026-05-24T18:08:25+0200,8c5f6830-b44b-449b-bdab-a1b130ad33e1,2026-05-05T16:00:00Z,2026-05-05T18:00:00+0200,1067.09,MW,DE,DE_LU,forecast_offshore_wind_generation,Wind Offshore,2026-05-24T16:09:31Z
2026-05-24T16:08:25Z,2026-05-24T18:08:25+0200,8c5f6830-b44b-449b-bdab-a1b130ad33e1,2026-05-05T16:15:00Z,2026-05-05T18:15:00+0200,1152.25,MW,DE,DE_LU,forecast_offshore_wind_generation,Wind Offshore,2026-05-24T16:09:31Z
2026-05-24T16:08:25Z,2026-05-24T18:08:25+0200,8c5f6830-b44b-449b-bdab-a1b130ad33e1,2026-05-05T16:30:00Z,2026-05-05T18:30:00+0200,1226.7,MW,DE,DE_LU,forecast_offshore_wind_generation,Wind Offshore,2026-05-24T16:09:31Z
2026-05-24T16:08:25Z,2026-05-24T18:08:25+0200,8c5f6830-b44b-449b-bdab-a1b130ad33e1,2026-05-05T16:45:00Z,2026-05-05T18:45:00+0200,1308.47,MW,DE,DE_LU,forecast_offshore_wind_generation,Wind Offshore,2026-05-24T16:09:31Z
2026-05-24T16:08:25Z,2026-05-24T18:08:25+0200,8c5f6830-b44b-449b-bdab-a1b130ad33e1,2026-05-05T17:00:00Z,2026-05-05T19:00:00+0200,1398.13,MW,DE,DE_LU,forecast_offshore_wind_generation,Wind Offshore,2026-05-24T16:09:31Z
2026-05-24T16:08:25Z,2026-05-24T18:08:25+0200,8c5f6830-b44b-449b-bdab-a1b130ad33e1,2026-05-05T17:15:00Z,2026-05-05T19:15:00+0200,1496.88,MW,DE,DE_LU,forecast_offshore_wind_generation,Wind Offshore,2026-05-24T16:09:31Z
2026-05-24T16:08:25Z,2026-05-24T18:08:25+0200,8c5f6830-b44b-449b-bdab-a1b130ad33e1,2026-05-05T17:30:00Z,2026-05-05T19:30:00+0200,1599.66,MW,DE,DE_LU,forecast_offshore_wind_generation,Wind Offshore,2026-05-24T16:09:31Z
2026-05-24T16:08:25Z,2026-05-24T18:08:25+0200,8c5f6830-b44b-449b-bdab-a1b130ad33e1,2026-05-05T17:45:00Z,2026-05-05T19:45:00+0200,1698.5,MW,DE,DE_LU,forecast_offshore_wind_generation,Wind Offshore,2026-05-24T16:09:31Z
2026-05-24T16:08:25Z,2026-05-24T18:08:25+0200,8c5f6830-b44b-449b-bdab-a1b130ad33e1,2026-05-05T18:00:00Z,2026-05-05T20:00:00+0200,1795.53,MW,DE,DE_LU,forecast_offshore_wind_generation,Wind Offshore,2026-05-24T16:09:31Z
2026-05-24T16:08:25Z,2026-05-24T18:08:25+0200,8c5f6830-b44b-449b-bdab-a1b130ad33e1,2026-05-05T18:15:00Z,2026-05-05T20:15:00+0200,1879.6,MW,DE,DE_LU,forecast_offshore_wind_generation,Wind Offshore,2026-05-24T16:09:31Z
2026-05-24T16:08:25Z,2026-05-24T18:08:25+0200,8c5f6830-b44b-449b-bdab-a1b130ad33e1,2026-05-05T18:30:00Z,2026-05-05T20:30:00+0200,1964.69,MW,DE,DE_LU,forecast_offshore_wind_generation,Wind Offshore,2026-05-24T16:09:31Z
2026-05-24T16:08:25Z,2026-05-24T18:08:25+0200,8c5f6830-b44b-449b-bdab-a1b130ad33e1,2026-05-05T18:45:00Z,2026-05-05T20:45:00+0200,2048.86,MW,DE,DE_LU,forecast_offshore_wind_generation,Wind Offshore,2026-05-24T16:09:31Z
2026-05-24T16:08:25Z,2026-05-24T18:08:25+0200,8c5f6830-b44b-449b-bdab-a1b130ad33e1,2026-05-05T19:00:00Z,2026-05-05T21:00:00+0200,2128.94,MW,DE,DE_LU,forecast_offshore_wind_generation,Wind Offshore,2026-05-24T16:09:31Z
2026-05-24T16:08:25Z,2026-05-24T18:08:25+0200,8c5f6830-b44b-449b-bdab-a1b130ad33e1,2026-05-05T19:15:00Z,2026-05-05T21:15:00+0200,2192.15,MW,DE,DE_LU,forecast_offshore_wind_generation,Wind Offshore,2026-05-24T16:09:31Z
2026-05-24T16:08:25Z,2026-05-24T18:08:25+0200,8c5f6830-b44b-449b-bdab-a1b130ad33e1,2026-05-05T19:30:00Z,2026-05-05T21:30:00+0200,2255.87,MW,DE,DE_LU,forecast_offshore_wind_generation,Wind Offshore,2026-05-24T16:09:31Z
2026-05-24T16:08:25Z,2026-05-24T18:08:25+0200,8c5f6830-b44b-449b-bdab-a1b130ad33e1,2026-05-05T19:45:00Z,2026-05-05T21:45:00+0200,2320.7,MW,DE,DE_LU,forecast_offshore_wind_generation,Wind Offshore,2026-05-24T16:09:31Z
2026-05-24T16:08:25Z,2026-05-24T18:08:25+0200,8c5f6830-b44b-449b-bdab-a1b130ad33e1,2026-05-05T20:00:00Z,2026-05-05T22:00:00+0200,2389.53,MW,DE,DE_LU,forecast_offshore_wind_generation,Wind Offshore,2026-05-24T16:09:31Z
2026-05-24T16:08:25Z,2026-05-24T18:08:25+0200,8c5f6830-b44b-449b-bdab-a1b130ad33e1,2026-05-05T20:15:00Z,2026-05-05T22:15:00+0200,2427.49,MW,DE,DE_LU,forecast_offshore_wind_generation,Wind Offshore,2026-05-24T16:09:31Z
2026-05-24T16:08:25Z,2026-05-24T18:08:25+0200,8c5f6830-b44b-449b-bdab-a1b130ad33e1,2026-05-05T20:30:00Z,2026-05-05T22:30:00+0200,2467.34,MW,DE,DE_LU,forecast_offshore_wind_generation,Wind Offshore,2026-05-24T16:09:31Z
2026-05-24T16:08:25Z,2026-05-24T18:08:25+0200,8c5f6830-b44b-449b-bdab-a1b130ad33e1,2026-05-05T20:45:00Z,2026-05-05T22:45:00+0200,2506.33,MW,DE,DE_LU,forecast_offshore_wind_generation,Wind Offshore,2026-05-24T16:09:31Z
2026-05-24T16:08:25Z,2026-05-24T18:08:25+0200,8c5f6830-b44b-449b-bdab-a1b130ad33e1,2026-05-05T21:00:00Z,2026-05-05T23:00:00+0200,2546.23,MW,DE,DE_LU,forecast_offshore_wind_generation,Wind Offshore,2026-05-24T16:09:31Z
2026-05-24T16:08:25Z,2026-05-24T18:08:25+0200,8c5f6830-b44b-449b-bdab-a1b130ad33e1,2026-05-05T21:15:00Z,2026-05-05T23:15:00+0200,2567.81,MW,DE,DE_LU,forecast_offshore_wind_generation,Wind Offshore,2026-05-24T16:09:31Z
2026-05-24T16:08:25Z,2026-05-24T18:08:25+0200,8c5f6830-b44b-449b-bdab-a1b130ad33e1,2026-05-05T21:30:00Z,2026-05-05T23:30:00+0200,2596.5,MW,DE,DE_LU,forecast_offshore_wind_generation,Wind Offshore,2026-05-24T16:09:31Z
2026-05-24T16:08:25Z,2026-05-24T18:08:25+0200,8c5f6830-b44b-449b-bdab-a1b130ad33e1,2026-05-05T21:45:00Z,2026-05-05T23:45:00+0200,2622.25,MW,DE,DE_LU,forecast_offshore_wind_generation,Wind Offshore,2026-05-24T16:09:31Z
2026-05-24T16:08:25Z,2026-05-24T18:08:25+0200,8c5f6830-b44b-449b-bdab-a1b130ad33e1,2026-05-05T22:00:00Z,2026-05-06T00:00:00+0200,2803.55,MW,DE,DE_LU,forecast_offshore_wind_generation,Wind Offshore,2026-05-24T16:09:31Z
2026-05-24T16:08:25Z,2026-05-24T18:08:25+0200,8c5f6830-b44b-449b-bdab-a1b130ad33e1,2026-05-05T22:15:00Z,2026-05-06T00:15:00+0200,2810.73,MW,DE,DE_LU,forecast_offshore_wind_generation,Wind Offshore,2026-05-24T16:09:31Z
2026-05-24T16:08:25Z,2026-05-24T18:08:25+0200,8c5f6830-b44b-449b-bdab-a1b130ad33e1,2026-05-05T22:30:00Z,2026-05-06T00:30:00+0200,2824.93,MW,DE,DE_LU,forecast_offshore_wind_generation,Wind Offshore,2026-05-24T16:09:31Z
2026-05-24T16:08:25Z,2026-05-24T18:08:25+0200,8c5f6830-b44b-449b-bdab-a1b130ad33e1,2026-05-05T22:45:00Z,2026-05-06T00:45:00+0200,2839.99,MW,DE,DE_LU,forecast_offshore_wind_generation,Wind Offshore,2026-05-24T16:09:31Z
2026-05-24T16:08:25Z,2026-05-24T18:08:25+0200,8c5f6830-b44b-449b-bdab-a1b130ad33e1,2026-05-05T23:00:00Z,2026-05-06T01:00:00+0200,2846.52,MW,DE,DE_LU,forecast_offshore_wind_generation,Wind Offshore,2026-05-24T16:09:31Z
2026-05-24T16:08:25Z,2026-05-24T18:08:25+0200,8c5f6830-b44b-449b-bdab-a1b130ad33e1,2026-05-05T23:15:00Z,2026-05-06T01:15:00+0200,2854.1,MW,DE,DE_LU,forecast_offshore_wind_generation,Wind Offshore,2026-05-24T16:09:31Z
2026-05-24T16:08:25Z,2026-05-24T18:08:25+0200,8c5f6830-b44b-449b-bdab-a1b130ad33e1,2026-05-05T23:30:00Z,2026-05-06T01:30:00+0200,2860.69,MW,DE,DE_LU,forecast_offshore_wind_generation,Wind Offshore,2026-05-24T16:09:31Z
2026-05-24T16:08:25Z,2026-05-24T18:08:25+0200,8c5f6830-b44b-449b-bdab-a1b130ad33e1,2026-05-05T23:45:00Z,2026-05-06T01:45:00+0200,2868.44,MW,DE,DE_LU,forecast_offshore_wind_generation,Wind Offshore,2026-05-24T16:09:31Z
2026-05-24T16:08:25Z,2026-05-24T18:08:25+0200,8c5f6830-b44b-449b-bdab-a1b130ad33e1,2026-05-06T00:00:00Z,2026-05-06T02:00:00+0200,2879.23,MW,DE,DE_LU,forecast_offshore_wind_generation,Wind Offshore,2026-05-24T16:09:31Z
2026-05-24T16:08:25Z,2026-05-24T18:08:25+0200,8c5f6830-b44b-449b-bdab-a1b130ad33e1,2026-05-06T00:15:00Z,2026-05-06T02:15:00+0200,2897.85,MW,DE,DE_LU,forecast_offshore_wind_generation,Wind Offshore,2026-05-24T16:09:31Z
2026-05-24T16:08:25Z,2026-05-24T18:08:25+0200,8c5f6830-b44b-449b-bdab-a1b130ad33e1,2026-05-06T00:30:00Z,2026-05-06T02:30:00+0200,2918.52,MW,DE,DE_LU,forecast_offshore_wind_generation,Wind Offshore,2026-05-24T16:09:31Z
2026-05-24T16:08:25Z,2026-05-24T18:08:25+0200,8c5f6830-b44b-449b-bdab-a1b130ad33e1,2026-05-06T00:45:00Z,2026-05-06T02:45:00+0200,2938.4,MW,DE,DE_LU,forecast_offshore_wind_generation,Wind Offshore,2026-05-24T16:09:31Z
2026-05-24T16:08:25Z,2026-05-24T18:08:25+0200,8c5f6830-b44b-449b-bdab-a1b130ad33e1,2026-05-06T01:00:00Z,2026-05-06T03:00:00+0200,2959.08,MW,DE,DE_LU,forecast_offshore_wind_generation,Wind Offshore,2026-05-24T16:09:31Z
2026-05-24T16:08:25Z,2026-05-24T18:08:25+0200,8c5f6830-b44b-449b-bdab-a1b130ad33e1,2026-05-06T01:15:00Z,2026-05-06T03:15:00+0200,3021.36,MW,DE,DE_LU,forecast_offshore_wind_generation,Wind Offshore,2026-05-24T16:09:31Z
2026-05-24T16:08:25Z,2026-05-24T18:08:25+0200,8c5f6830-b44b-449b-bdab-a1b130ad33e1,2026-05-06T01:30:00Z,2026-05-06T03:30:00+0200,3074.61,MW,DE,DE_LU,forecast_offshore_wind_generation,Wind Offshore,2026-05-24T16:09:31Z
2026-05-24T16:08:25Z,2026-05-24T18:08:25+0200,8c5f6830-b44b-449b-bdab-a1b130ad33e1,2026-05-06T01:45:00Z,2026-05-06T03:45:00+0200,3129.02,MW,DE,DE_LU,forecast_offshore_wind_generation,Wind Offshore,2026-05-24T16:09:31Z
2026-05-24T16:08:25Z,2026-05-24T18:08:25+0200,8c5f6830-b44b-449b-bdab-a1b130ad33e1,2026-05-06T02:00:00Z,2026-05-06T04:00:00+0200,3188.5,MW,DE,DE_LU,forecast_offshore_wind_generation,Wind Offshore,2026-05-24T16:09:31Z
2026-05-24T16:08:25Z,2026-05-24T18:08:25+0200,8c5f6830-b44b-449b-bdab-a1b130ad33e1,2026-05-06T02:15:00Z,2026-05-06T04:15:00+0200,3282.1,MW,DE,DE_LU,forecast_offshore_wind_generation,Wind Offshore,2026-05-24T16:09:31Z
2026-05-24T16:08:25Z,2026-05-24T18:08:25+0200,8c5f6830-b44b-449b-bdab-a1b130ad33e1,2026-05-06T02:30:00Z,2026-05-06T04:30:00+0200,3371.74,MW,DE,DE_LU,forecast_offshore_wind_generation,Wind Offshore,2026-05-24T16:09:31Z
2026-05-24T16:08:25Z,2026-05-24T18:08:25+0200,8c5f6830-b44b-449b-bdab-a1b130ad33e1,2026-05-06T02:45:00Z,2026-05-06T04:45:00+0200,3463.51,MW,DE,DE_LU,forecast_offshore_wind_generation,Wind Offshore,2026-05-24T16:09:31Z
2026-05-24T16:08:25Z,2026-05-24T18:08:25+0200,8c5f6830-b44b-449b-bdab-a1b130ad33e1,2026-05-06T03:00:00Z,2026-05-06T05:00:00+0200,3557.99,MW,DE,DE_LU,forecast_offshore_wind_generation,Wind Offshore,2026-05-24T16:09:31Z
2026-05-24T16:08:25Z,2026-05-24T18:08:25+0200,8c5f6830-b44b-449b-bdab-a1b130ad33e1,2026-05-06T03:15:00Z,2026-05-06T05:15:00+0200,3655.18,MW,DE,DE_LU,forecast_offshore_wind_generation,Wind Offshore,2026-05-24T16:09:31Z
2026-05-24T16:08:25Z,2026-05-24T18:08:25+0200,8c5f6830-b44b-449b-bdab-a1b130ad33e1,2026-05-06T03:30:00Z,2026-05-06T05:30:00+0200,3747.23,MW,DE,DE_LU,forecast_offshore_wind_generation,Wind Offshore,2026-05-24T16:09:31Z
2026-05-24T16:08:25Z,2026-05-24T18:08:25+0200,8c5f6830-b44b-449b-bdab-a1b130ad33e1,2026-05-06T03:45:00Z,2026-05-06T05:45:00+0200,3839.94,MW,DE,DE_LU,forecast_offshore_wind_generation,Wind Offshore,2026-05-24T16:09:31Z
2026-05-24T16:08:25Z,2026-05-24T18:08:25+0200,8c5f6830-b44b-449b-bdab-a1b130ad33e1,2026-05-06T04:00:00Z,2026-05-06T06:00:00+0200,3914.18,MW,DE,DE_LU,forecast_offshore_wind_generation,Wind Offshore,2026-05-24T16:09:31Z
2026-05-24T16:08:25Z,2026-05-24T18:08:25+0200,8c5f6830-b44b-449b-bdab-a1b130ad33e1,2026-05-06T04:15:00Z,2026-05-06T06:15:00+0200,3953.89,MW,DE,DE_LU,forecast_offshore_wind_generation,Wind Offshore,2026-05-24T16:09:31Z
2026-05-24T16:08:25Z,2026-05-24T18:08:25+0200,8c5f6830-b44b-449b-bdab-a1b130ad33e1,2026-05-06T04:30:00Z,2026-05-06T06:30:00+0200,3995.56,MW,DE,DE_LU,forecast_offshore_wind_generation,Wind Offshore,2026-05-24T16:09:31Z
2026-05-24T16:08:25Z,2026-05-24T18:08:25+0200,8c5f6830-b44b-449b-bdab-a1b130ad33e1,2026-05-06T04:45:00Z,2026-05-06T06:45:00+0200,4037.34,MW,DE,DE_LU,forecast_offshore_wind_generation,Wind Offshore,2026-05-24T16:09:31Z
2026-05-24T16:08:25Z,2026-05-24T18:08:25+0200,8c5f6830-b44b-449b-bdab-a1b130ad33e1,2026-05-06T05:00:00Z,2026-05-06T07:00:00+0200,4064.79,MW,DE,DE_LU,forecast_offshore_wind_generation,Wind Offshore,2026-05-24T16:09:31Z
2026-05-24T16:08:25Z,2026-05-24T18:08:25+0200,8c5f6830-b44b-449b-bdab-a1b130ad33e1,2026-05-06T05:15:00Z,2026-05-06T07:15:00+0200,4046.57,MW,DE,DE_LU,forecast_offshore_wind_generation,Wind Offshore,2026-05-24T16:09:31Z
2026-05-24T16:08:25Z,2026-05-24T18:08:25+0200,8c5f6830-b44b-449b-bdab-a1b130ad33e1,2026-05-06T05:30:00Z,2026-05-06T07:30:00+0200,4031.27,MW,DE,DE_LU,forecast_offshore_wind_generation,Wind Offshore,2026-05-24T16:09:31Z
2026-05-24T16:08:25Z,2026-05-24T18:08:25+0200,8c5f6830-b44b-449b-bdab-a1b130ad33e1,2026-05-06T05:45:00Z,2026-05-06T07:45:00+0200,4014.92,MW,DE,DE_LU,forecast_offshore_wind_generation,Wind Offshore,2026-05-24T16:09:31Z
2026-05-24T16:08:25Z,2026-05-24T18:08:25+0200,8c5f6830-b44b-449b-bdab-a1b130ad33e1,2026-05-06T06:00:00Z,2026-05-06T08:00:00+0200,3985.88,MW,DE,DE_LU,forecast_offshore_wind_generation,Wind Offshore,2026-05-24T16:09:31Z
2026-05-24T16:08:25Z,2026-05-24T18:08:25+0200,8c5f6830-b44b-449b-bdab-a1b130ad33e1,2026-05-06T06:15:00Z,2026-05-06T08:15:00+0200,3948.03,MW,DE,DE_LU,forecast_offshore_wind_generation,Wind Offshore,2026-05-24T16:09:31Z
2026-05-24T16:08:25Z,2026-05-24T18:08:25+0200,8c5f6830-b44b-449b-bdab-a1b130ad33e1,2026-05-06T06:30:00Z,2026-05-06T08:30:00+0200,3911.21,MW,DE,DE_LU,forecast_offshore_wind_generation,Wind Offshore,2026-05-24T16:09:31Z
2026-05-24T16:08:25Z,2026-05-24T18:08:25+0200,8c5f6830-b44b-449b-bdab-a1b130ad33e1,2026-05-06T06:45:00Z,2026-05-06T08:45:00+0200,3875.32,MW,DE,DE_LU,forecast_offshore_wind_generation,Wind Offshore,2026-05-24T16:09:31Z
2026-05-24T16:08:25Z,2026-05-24T18:08:25+0200,8c5f6830-b44b-449b-bdab-a1b130ad33e1,2026-05-06T07:00:00Z,2026-05-06T09:00:00+0200,3623.22,MW,DE,DE_LU,forecast_offshore_wind_generation,Wind Offshore,2026-05-24T16:09:31Z
2026-05-24T16:08:25Z,2026-05-24T18:08:25+0200,8c5f6830-b44b-449b-bdab-a1b130ad33e1,2026-05-06T07:15:00Z,2026-05-06T09:15:00+0200,3583.93,MW,DE,DE_LU,forecast_offshore_wind_generation,Wind Offshore,2026-05-24T16:09:31Z
2026-05-24T16:08:25Z,2026-05-24T18:08:25+0200,8c5f6830-b44b-449b-bdab-a1b130ad33e1,2026-05-06T07:30:00Z,2026-05-06T09:30:00+0200,3530.65,MW,DE,DE_LU,forecast_offshore_wind_generation,Wind Offshore,2026-05-24T16:09:31Z
2026-05-24T16:08:25Z,2026-05-24T18:08:25+0200,8c5f6830-b44b-449b-bdab-a1b130ad33e1,2026-05-06T07:45:00Z,2026-05-06T09:45:00+0200,3491.38,MW,DE,DE_LU,forecast_offshore_wind_generation,Wind Offshore,2026-05-24T16:09:31Z
2026-05-24T16:08:25Z,2026-05-24T18:08:25+0200,8c5f6830-b44b-449b-bdab-a1b130ad33e1,2026-05-06T08:00:00Z,2026-05-06T10:00:00+0200,3454.73,MW,DE,DE_LU,forecast_offshore_wind_generation,Wind Offshore,2026-05-24T16:09:31Z
2026-05-24T16:08:25Z,2026-05-24T18:08:25+0200,8c5f6830-b44b-449b-bdab-a1b130ad33e1,2026-05-06T08:15:00Z,2026-05-06T10:15:00+0200,3410.56,MW,DE,DE_LU,forecast_offshore_wind_generation,Wind Offshore,2026-05-24T16:09:31Z
2026-05-24T16:08:25Z,2026-05-24T18:08:25+0200,8c5f6830-b44b-449b-bdab-a1b130ad33e1,2026-05-06T08:30:00Z,2026-05-06T10:30:00+0200,3369.45,MW,DE,DE_LU,forecast_offshore_wind_generation,Wind Offshore,2026-05-24T16:09:31Z
2026-05-24T16:08:25Z,2026-05-24T18:08:25+0200,8c5f6830-b44b-449b-bdab-a1b130ad33e1,2026-05-06T08:45:00Z,2026-05-06T10:45:00+0200,3327.39,MW,DE,DE_LU,forecast_offshore_wind_generation,Wind Offshore,2026-05-24T16:09:31Z
2026-05-24T16:08:25Z,2026-05-24T18:08:25+0200,8c5f6830-b44b-449b-bdab-a1b130ad33e1,2026-05-06T09:00:00Z,2026-05-06T11:00:00+0200,3287.57,MW,DE,DE_LU,forecast_offshore_wind_generation,Wind Offshore,2026-05-24T16:09:31Z
2026-05-24T16:08:25Z,2026-05-24T18:08:25+0200,8c5f6830-b44b-449b-bdab-a1b130ad33e1,2026-05-06T09:15:00Z,2026-05-06T11:15:00+0200,3263.59,MW,DE,DE_LU,forecast_offshore_wind_generation,Wind Offshore,2026-05-24T16:09:31Z
2026-05-24T16:08:25Z,2026-05-24T18:08:25+0200,8c5f6830-b44b-449b-bdab-a1b130ad33e1,2026-05-06T09:30:00Z,2026-05-06T11:30:00+0200,3238.62,MW,DE,DE_LU,forecast_offshore_wind_generation,Wind Offshore,2026-05-24T16:09:31Z
2026-05-24T16:08:25Z,2026-05-24T18:08:25+0200,8c5f6830-b44b-449b-bdab-a1b130ad33e1,2026-05-06T09:45:00Z,2026-05-06T11:45:00+0200,3215.68,MW,DE,DE_LU,forecast_offshore_wind_generation,Wind Offshore,2026-05-24T16:09:31Z
2026-05-24T16:08:25Z,2026-05-24T18:08:25+0200,8c5f6830-b44b-449b-bdab-a1b130ad33e1,2026-05-06T10:00:00Z,2026-05-06T12:00:00+0200,3195.46,MW,DE,DE_LU,forecast_offshore_wind_generation,Wind Offshore,2026-05-24T16:09:31Z
2026-05-24T16:08:25Z,2026-05-24T18:08:25+0200,8c5f6830-b44b-449b-bdab-a1b130ad33e1,2026-05-06T10:15:00Z,2026-05-06T12:15:00+0200,3178.79,MW,DE,DE_LU,forecast_offshore_wind_generation,Wind Offshore,2026-05-24T16:09:31Z
2026-05-24T16:08:25Z,2026-05-24T18:08:25+0200,8c5f6830-b44b-449b-bdab-a1b130ad33e1,2026-05-06T10:30:00Z,2026-05-06T12:30:00+0200,3160.14,MW,DE,DE_LU,forecast_offshore_wind_generation,Wind Offshore,2026-05-24T16:09:31Z
2026-05-24T16:08:25Z,2026-05-24T18:08:25+0200,8c5f6830-b44b-449b-bdab-a1b130ad33e1,2026-05-06T10:45:00Z,2026-05-06T12:45:00+0200,3145.33,MW,DE,DE_LU,forecast_offshore_wind_generation,Wind Offshore,2026-05-24T16:09:31Z
2026-05-24T16:08:25Z,2026-05-24T18:08:25+0200,8c5f6830-b44b-449b-bdab-a1b130ad33e1,2026-05-06T11:00:00Z,2026-05-06T13:00:00+0200,3132.93,MW,DE,DE_LU,forecast_offshore_wind_generation,Wind Offshore,2026-05-24T16:09:31Z
2026-05-24T16:08:25Z,2026-05-24T18:08:25+0200,8c5f6830-b44b-449b-bdab-a1b130ad33e1,2026-05-06T11:15:00Z,2026-05-06T13:15:00+0200,3133.32,MW,DE,DE_LU,forecast_offshore_wind_generation,Wind Offshore,2026-05-24T16:09:31Z
2026-05-24T16:08:25Z,2026-05-24T18:08:25+0200,8c5f6830-b44b-449b-bdab-a1b130ad33e1,2026-05-06T11:30:00Z,2026-05-06T13:30:00+0200,3136.76,MW,DE,DE_LU,forecast_offshore_wind_generation,Wind Offshore,2026-05-24T16:09:31Z
2026-05-24T16:08:25Z,2026-05-24T18:08:25+0200,8c5f6830-b44b-449b-bdab-a1b130ad33e1,2026-05-06T11:45:00Z,2026-05-06T13:45:00+0200,3136.42,MW,DE,DE_LU,forecast_offshore_wind_generation,Wind Offshore,2026-05-24T16:09:31Z
2026-05-24T16:08:25Z,2026-05-24T18:08:25+0200,8c5f6830-b44b-449b-bdab-a1b130ad33e1,2026-05-06T12:00:00Z,2026-05-06T14:00:00+0200,3136.34,MW,DE,DE_LU,forecast_offshore_wind_generation,Wind Offshore,2026-05-24T16:09:31Z
2026-05-24T16:08:25Z,2026-05-24T18:08:25+0200,8c5f6830-b44b-449b-bdab-a1b130ad33e1,2026-05-06T12:15:00Z,2026-05-06T14:15:00+0200,3136.39,MW,DE,DE_LU,forecast_offshore_wind_generation,Wind Offshore,2026-05-24T16:09:31Z
2026-05-24T16:08:25Z,2026-05-24T18:08:25+0200,8c5f6830-b44b-449b-bdab-a1b130ad33e1,2026-05-06T12:30:00Z,2026-05-06T14:30:00+0200,3132.46,MW,DE,DE_LU,forecast_offshore_wind_generation,Wind Offshore,2026-05-24T16:09:31Z
2026-05-24T16:08:25Z,2026-05-24T18:08:25+0200,8c5f6830-b44b-449b-bdab-a1b130ad33e1,2026-05-06T12:45:00Z,2026-05-06T14:45:00+0200,3183.65,MW,DE,DE_LU,forecast_offshore_wind_generation,Wind Offshore,2026-05-24T16:09:31Z
2026-05-24T16:08:25Z,2026-05-24T18:08:25+0200,8c5f6830-b44b-449b-bdab-a1b130ad33e1,2026-05-06T13:00:00Z,2026-05-06T15:00:00+0200,3189.51,MW,DE,DE_LU,forecast_offshore_wind_generation,Wind Offshore,2026-05-24T16:09:31Z
2026-05-24T16:08:25Z,2026-05-24T18:08:25+0200,8c5f6830-b44b-449b-bdab-a1b130ad33e1,2026-05-06T13:15:00Z,2026-05-06T15:15:00+0200,3208.12,MW,DE,DE_LU,forecast_offshore_wind_generation,Wind Offshore,2026-05-24T16:09:31Z
2026-05-24T16:08:25Z,2026-05-24T18:08:25+0200,8c5f6830-b44b-449b-bdab-a1b130ad33e1,2026-05-06T13:30:00Z,2026-05-06T15:30:00+0200,3220.73,MW,DE,DE_LU,forecast_offshore_wind_generation,Wind Offshore,2026-05-24T16:09:31Z
2026-05-24T16:08:25Z,2026-05-24T18:08:25+0200,8c5f6830-b44b-449b-bdab-a1b130ad33e1,2026-05-06T13:45:00Z,2026-05-06T15:45:00+0200,3235.32,MW,DE,DE_LU,forecast_offshore_wind_generation,Wind Offshore,2026-05-24T16:09:31Z
2026-05-24T16:08:25Z,2026-05-24T18:08:25+0200,8c5f6830-b44b-449b-bdab-a1b130ad33e1,2026-05-06T14:00:00Z,2026-05-06T16:00:00+0200,3249.81,MW,DE,DE_LU,forecast_offshore_wind_generation,Wind Offshore,2026-05-24T16:09:31Z
2026-05-24T16:08:25Z,2026-05-24T18:08:25+0200,8c5f6830-b44b-449b-bdab-a1b130ad33e1,2026-05-06T14:15:00Z,2026-05-06T16:15:00+0200,3301.05,MW,DE,DE_LU,forecast_offshore_wind_generation,Wind Offshore,2026-05-24T16:09:31Z
2026-05-24T16:08:25Z,2026-05-24T18:08:25+0200,8c5f6830-b44b-449b-bdab-a1b130ad33e1,2026-05-06T14:30:00Z,2026-05-06T16:30:00+0200,3326.28,MW,DE,DE_LU,forecast_offshore_wind_generation,Wind Offshore,2026-05-24T16:09:31Z
2026-05-24T16:08:25Z,2026-05-24T18:08:25+0200,8c5f6830-b44b-449b-bdab-a1b130ad33e1,2026-05-06T14:45:00Z,2026-05-06T16:45:00+0200,3343.55,MW,DE,DE_LU,forecast_offshore_wind_generation,Wind Offshore,2026-05-24T16:09:31Z
2026-05-24T16:08:25Z,2026-05-24T18:08:25+0200,8c5f6830-b44b-449b-bdab-a1b130ad33e1,2026-05-06T15:00:00Z,2026-05-06T17:00:00+0200,3368.04,MW,DE,DE_LU,forecast_offshore_wind_generation,Wind Offshore,2026-05-24T16:09:31Z
2026-05-24T16:08:25Z,2026-05-24T18:08:25+0200,8c5f6830-b44b-449b-bdab-a1b130ad33e1,2026-05-06T15:15:00Z,2026-05-06T17:15:00+0200,3391.49,MW,DE,DE_LU,forecast_offshore_wind_generation,Wind Offshore,2026-05-24T16:09:31Z
2026-05-24T16:08:25Z,2026-05-24T18:08:25+0200,8c5f6830-b44b-449b-bdab-a1b130ad33e1,2026-05-06T15:30:00Z,2026-05-06T17:30:00+0200,3416.96,MW,DE,DE_LU,forecast_offshore_wind_generation,Wind Offshore,2026-05-24T16:09:31Z
2026-05-24T16:08:25Z,2026-05-24T18:08:25+0200,8c5f6830-b44b-449b-bdab-a1b130ad33e1,2026-05-06T15:45:00Z,2026-05-06T17:45:00+0200,3438.41,MW,DE,DE_LU,forecast_offshore_wind_generation,Wind Offshore,2026-05-24T16:09:31Z
2026-05-24T16:08:25Z,2026-05-24T18:08:25+0200,8c5f6830-b44b-449b-bdab-a1b130ad33e1,2026-05-06T16:00:00Z,2026-05-06T18:00:00+0200,3453.9,MW,DE,DE_LU,forecast_offshore_wind_generation,Wind Offshore,2026-05-24T16:09:31Z
2026-05-24T16:08:25Z,2026-05-24T18:08:25+0200,8c5f6830-b44b-449b-bdab-a1b130ad33e1,2026-05-06T16:15:00Z,2026-05-06T18:15:00+0200,3474.96,MW,DE,DE_LU,forecast_offshore_wind_generation,Wind Offshore,2026-05-24T16:09:31Z
2026-05-24T16:08:25Z,2026-05-24T18:08:25+0200,8c5f6830-b44b-449b-bdab-a1b130ad33e1,2026-05-06T16:30:00Z,2026-05-06T18:30:00+0200,3488.01,MW,DE,DE_LU,forecast_offshore_wind_generation,Wind Offshore,2026-05-24T16:09:31Z
2026-05-24T16:08:25Z,2026-05-24T18:08:25+0200,8c5f6830-b44b-449b-bdab-a1b130ad33e1,2026-05-06T16:45:00Z,2026-05-06T18:45:00+0200,3507.04,MW,DE,DE_LU,forecast_offshore_wind_generation,Wind Offshore,2026-05-24T16:09:31Z
2026-05-24T16:08:25Z,2026-05-24T18:08:25+0200,8c5f6830-b44b-449b-bdab-a1b130ad33e1,2026-05-06T17:00:00Z,2026-05-06T19:00:00+0200,3517.55,MW,DE,DE_LU,forecast_offshore_wind_generation,Wind Offshore,2026-05-24T16:09:31Z
2026-05-24T16:08:25Z,2026-05-24T18:08:25+0200,8c5f6830-b44b-449b-bdab-a1b130ad33e1,2026-05-06T17:15:00Z,2026-05-06T19:15:00+0200,3511.8,MW,DE,DE_LU,forecast_offshore_wind_generation,Wind Offshore,2026-05-24T16:09:31Z
2026-05-24T16:08:25Z,2026-05-24T18:08:25+0200,8c5f6830-b44b-449b-bdab-a1b130ad33e1,2026-05-06T17:30:00Z,2026-05-06T19:30:00+0200,3506.1,MW,DE,DE_LU,forecast_offshore_wind_generation,Wind Offshore,2026-05-24T16:09:31Z
2026-05-24T16:08:25Z,2026-05-24T18:08:25+0200,8c5f6830-b44b-449b-bdab-a1b130ad33e1,2026-05-06T17:45:00Z,2026-05-06T19:45:00+0200,3498.57,MW,DE,DE_LU,forecast_offshore_wind_generation,Wind Offshore,2026-05-24T16:09:31Z
2026-05-24T16:08:25Z,2026-05-24T18:08:25+0200,8c5f6830-b44b-449b-bdab-a1b130ad33e1,2026-05-06T18:00:00Z,2026-05-06T20:00:00+0200,3487.35,MW,DE,DE_LU,forecast_offshore_wind_generation,Wind Offshore,2026-05-24T16:09:31Z
2026-05-24T16:08:25Z,2026-05-24T18:08:25+0200,8c5f6830-b44b-449b-bdab-a1b130ad33e1,2026-05-06T18:15:00Z,2026-05-06T20:15:00+0200,3449.81,MW,DE,DE_LU,forecast_offshore_wind_generation,Wind Offshore,2026-05-24T16:09:31Z
2026-05-24T16:08:25Z,2026-05-24T18:08:25+0200,8c5f6830-b44b-449b-bdab-a1b130ad33e1,2026-05-06T18:30:00Z,2026-05-06T20:30:00+0200,3415.26,MW,DE,DE_LU,forecast_offshore_wind_generation,Wind Offshore,2026-05-24T16:09:31Z
2026-05-24T16:08:25Z,2026-05-24T18:08:25+0200,8c5f6830-b44b-449b-bdab-a1b130ad33e1,2026-05-06T18:45:00Z,2026-05-06T20:45:00+0200,3377.55,MW,DE,DE_LU,forecast_offshore_wind_generation,Wind Offshore,2026-05-24T16:09:31Z
2026-05-24T16:08:25Z,2026-05-24T18:08:25+0200,8c5f6830-b44b-449b-bdab-a1b130ad33e1,2026-05-06T19:00:00Z,2026-05-06T21:00:00+0200,3328.98,MW,DE,DE_LU,forecast_offshore_wind_generation,Wind Offshore,2026-05-24T16:09:31Z
2026-05-24T16:08:25Z,2026-05-24T18:08:25+0200,8c5f6830-b44b-449b-bdab-a1b130ad33e1,2026-05-06T19:15:00Z,2026-05-06T21:15:00+0200,3254.89,MW,DE,DE_LU,forecast_offshore_wind_generation,Wind Offshore,2026-05-24T16:09:31Z
2026-05-24T16:08:25Z,2026-05-24T18:08:25+0200,8c5f6830-b44b-449b-bdab-a1b130ad33e1,2026-05-06T19:30:00Z,2026-05-06T21:30:00+0200,3182.81,MW,DE,DE_LU,forecast_offshore_wind_generation,Wind Offshore,2026-05-24T16:09:31Z
2026-05-24T16:08:25Z,2026-05-24T18:08:25+0200,8c5f6830-b44b-449b-bdab-a1b130ad33e1,2026-05-06T19:45:00Z,2026-05-06T21:45:00+0200,3108.73,MW,DE,DE_LU,forecast_offshore_wind_generation,Wind Offshore,2026-05-24T16:09:31Z
2026-05-24T16:08:25Z,2026-05-24T18:08:25+0200,8c5f6830-b44b-449b-bdab-a1b130ad33e1,2026-05-06T20:00:00Z,2026-05-06T22:00:00+0200,3037.69,MW,DE,DE_LU,forecast_offshore_wind_generation,Wind Offshore,2026-05-24T16:09:31Z
2026-05-24T16:08:25Z,2026-05-24T18:08:25+0200,8c5f6830-b44b-449b-bdab-a1b130ad33e1,2026-05-06T20:15:00Z,2026-05-06T22:15:00+0200,2944.33,MW,DE,DE_LU,forecast_offshore_wind_generation,Wind Offshore,2026-05-24T16:09:31Z
2026-05-24T16:08:25Z,2026-05-24T18:08:25+0200,8c5f6830-b44b-449b-bdab-a1b130ad33e1,2026-05-06T20:30:00Z,2026-05-06T22:30:00+0200,2852.02,MW,DE,DE_LU,forecast_offshore_wind_generation,Wind Offshore,2026-05-24T16:09:31Z
2026-05-24T16:08:25Z,2026-05-24T18:08:25+0200,8c5f6830-b44b-449b-bdab-a1b130ad33e1,2026-05-06T20:45:00Z,2026-05-06T22:45:00+0200,2754.71,MW,DE,DE_LU,forecast_offshore_wind_generation,Wind Offshore,2026-05-24T16:09:31Z
2026-05-24T16:08:25Z,2026-05-24T18:08:25+0200,8c5f6830-b44b-449b-bdab-a1b130ad33e1,2026-05-06T21:00:00Z,2026-05-06T23:00:00+0200,2658.78,MW,DE,DE_LU,forecast_offshore_wind_generation,Wind Offshore,2026-05-24T16:09:31Z
2026-05-24T16:08:25Z,2026-05-24T18:08:25+0200,8c5f6830-b44b-449b-bdab-a1b130ad33e1,2026-05-06T21:15:00Z,2026-05-06T23:15:00+0200,2558.84,MW,DE,DE_LU,forecast_offshore_wind_generation,Wind Offshore,2026-05-24T16:09:31Z
2026-05-24T16:08:25Z,2026-05-24T18:08:25+0200,8c5f6830-b44b-449b-bdab-a1b130ad33e1,2026-05-06T21:30:00Z,2026-05-06T23:30:00+0200,2460.94,MW,DE,DE_LU,forecast_offshore_wind_generation,Wind Offshore,2026-05-24T16:09:31Z
2026-05-24T16:08:25Z,2026-05-24T18:08:25+0200,8c5f6830-b44b-449b-bdab-a1b130ad33e1,2026-05-06T21:45:00Z,2026-05-06T23:45:00+0200,2356.08,MW,DE,DE_LU,forecast_offshore_wind_generation,Wind Offshore,2026-05-24T16:09:31Z
2026-05-24T16:08:25Z,2026-05-24T18:08:25+0200,8c5f6830-b44b-449b-bdab-a1b130ad33e1,2026-05-06T22:00:00Z,2026-05-07T00:00:00+0200,2821.74,MW,DE,DE_LU,forecast_offshore_wind_generation,Wind Offshore,2026-05-24T16:09:31Z
2026-05-24T16:08:25Z,2026-05-24T18:08:25+0200,8c5f6830-b44b-449b-bdab-a1b130ad33e1,2026-05-06T22:15:00Z,2026-05-07T00:15:00+0200,2723.57,MW,DE,DE_LU,forecast_offshore_wind_generation,Wind Offshore,2026-05-24T16:09:31Z
2026-05-24T16:08:25Z,2026-05-24T18:08:25+0200,8c5f6830-b44b-449b-bdab-a1b130ad33e1,2026-05-06T22:30:00Z,2026-05-07T00:30:00+0200,2623.43,MW,DE,DE_LU,forecast_offshore_wind_generation,Wind Offshore,2026-05-24T16:09:31Z
2026-05-24T16:08:25Z,2026-05-24T18:08:25+0200,8c5f6830-b44b-449b-bdab-a1b130ad33e1,2026-05-06T22:45:00Z,2026-05-07T00:45:00+0200,2530.3,MW,DE,DE_LU,forecast_offshore_wind_generation,Wind Offshore,2026-05-24T16:09:31Z
2026-05-24T16:08:25Z,2026-05-24T18:08:25+0200,8c5f6830-b44b-449b-bdab-a1b130ad33e1,2026-05-06T23:00:00Z,2026-05-07T01:00:00+0200,2423.93,MW,DE,DE_LU,forecast_offshore_wind_generation,Wind Offshore,2026-05-24T16:09:31Z
2026-05-24T16:08:25Z,2026-05-24T18:08:25+0200,8c5f6830-b44b-449b-bdab-a1b130ad33e1,2026-05-06T23:15:00Z,2026-05-07T01:15:00+0200,2326.82,MW,DE,DE_LU,forecast_offshore_wind_generation,Wind Offshore,2026-05-24T16:09:31Z
2026-05-24T16:08:25Z,2026-05-24T18:08:25+0200,8c5f6830-b44b-449b-bdab-a1b130ad33e1,2026-05-06T23:30:00Z,2026-05-07T01:30:00+0200,2227.73,MW,DE,DE_LU,forecast_offshore_wind_generation,Wind Offshore,2026-05-24T16:09:31Z
2026-05-24T16:08:25Z,2026-05-24T18:08:25+0200,8c5f6830-b44b-449b-bdab-a1b130ad33e1,2026-05-06T23:45:00Z,2026-05-07T01:45:00+0200,2132.68,MW,DE,DE_LU,forecast_offshore_wind_generation,Wind Offshore,2026-05-24T16:09:31Z
2026-05-24T16:08:25Z,2026-05-24T18:08:25+0200,8c5f6830-b44b-449b-bdab-a1b130ad33e1,2026-05-07T00:00:00Z,2026-05-07T02:00:00+0200,2031.59,MW,DE,DE_LU,forecast_offshore_wind_generation,Wind Offshore,2026-05-24T16:09:31Z
2026-05-24T16:08:25Z,2026-05-24T18:08:25+0200,8c5f6830-b44b-449b-bdab-a1b130ad33e1,2026-05-07T00:15:00Z,2026-05-07T02:15:00+0200,1939.02,MW,DE,DE_LU,forecast_offshore_wind_generation,Wind Offshore,2026-05-24T16:09:31Z
2026-05-24T16:08:25Z,2026-05-24T18:08:25+0200,8c5f6830-b44b-449b-bdab-a1b130ad33e1,2026-05-07T00:30:00Z,2026-05-07T02:30:00+0200,1845.44,MW,DE,DE_LU,forecast_offshore_wind_generation,Wind Offshore,2026-05-24T16:09:31Z
2026-05-24T16:08:25Z,2026-05-24T18:08:25+0200,8c5f6830-b44b-449b-bdab-a1b130ad33e1,2026-05-07T00:45:00Z,2026-05-07T02:45:00+0200,1754.83,MW,DE,DE_LU,forecast_offshore_wind_generation,Wind Offshore,2026-05-24T16:09:31Z
2026-05-24T16:08:25Z,2026-05-24T18:08:25+0200,8c5f6830-b44b-449b-bdab-a1b130ad33e1,2026-05-07T01:00:00Z,2026-05-07T03:00:00+0200,1668.45,MW,DE,DE_LU,forecast_offshore_wind_generation,Wind Offshore,2026-05-24T16:09:31Z
2026-05-24T16:08:25Z,2026-05-24T18:08:25+0200,8c5f6830-b44b-449b-bdab-a1b130ad33e1,2026-05-07T01:15:00Z,2026-05-07T03:15:00+0200,1596.56,MW,DE,DE_LU,forecast_offshore_wind_generation,Wind Offshore,2026-05-24T16:09:31Z
2026-05-24T16:08:25Z,2026-05-24T18:08:25+0200,8c5f6830-b44b-449b-bdab-a1b130ad33e1,2026-05-07T01:30:00Z,2026-05-07T03:30:00+0200,1525.74,MW,DE,DE_LU,forecast_offshore_wind_generation,Wind Offshore,2026-05-24T16:09:31Z
2026-05-24T16:08:25Z,2026-05-24T18:08:25+0200,8c5f6830-b44b-449b-bdab-a1b130ad33e1,2026-05-07T01:45:00Z,2026-05-07T03:45:00+0200,1454.97,MW,DE,DE_LU,forecast_offshore_wind_generation,Wind Offshore,2026-05-24T16:09:31Z
2026-05-24T16:08:25Z,2026-05-24T18:08:25+0200,8c5f6830-b44b-449b-bdab-a1b130ad33e1,2026-05-07T02:00:00Z,2026-05-07T04:00:00+0200,1390.21,MW,DE,DE_LU,forecast_offshore_wind_generation,Wind Offshore,2026-05-24T16:09:31Z
2026-05-24T16:08:25Z,2026-05-24T18:08:25+0200,8c5f6830-b44b-449b-bdab-a1b130ad33e1,2026-05-07T02:15:00Z,2026-05-07T04:15:00+0200,1344.21,MW,DE,DE_LU,forecast_offshore_wind_generation,Wind Offshore,2026-05-24T16:09:31Z
2026-05-24T16:08:25Z,2026-05-24T18:08:25+0200,8c5f6830-b44b-449b-bdab-a1b130ad33e1,2026-05-07T02:30:00Z,2026-05-07T04:30:00+0200,1299.2,MW,DE,DE_LU,forecast_offshore_wind_generation,Wind Offshore,2026-05-24T16:09:31Z
2026-05-24T16:08:25Z,2026-05-24T18:08:25+0200,8c5f6830-b44b-449b-bdab-a1b130ad33e1,2026-05-07T02:45:00Z,2026-05-07T04:45:00+0200,1251.25,MW,DE,DE_LU,forecast_offshore_wind_generation,Wind Offshore,2026-05-24T16:09:31Z
2026-05-24T16:08:25Z,2026-05-24T18:08:25+0200,8c5f6830-b44b-449b-bdab-a1b130ad33e1,2026-05-07T03:00:00Z,2026-05-07T05:00:00+0200,1203.86,MW,DE,DE_LU,forecast_offshore_wind_generation,Wind Offshore,2026-05-24T16:09:31Z
2026-05-24T16:08:25Z,2026-05-24T18:08:25+0200,8c5f6830-b44b-449b-bdab-a1b130ad33e1,2026-05-07T03:15:00Z,2026-05-07T05:15:00+0200,1157.29,MW,DE,DE_LU,forecast_offshore_wind_generation,Wind Offshore,2026-05-24T16:09:31Z
2026-05-24T16:08:25Z,2026-05-24T18:08:25+0200,8c5f6830-b44b-449b-bdab-a1b130ad33e1,2026-05-07T03:30:00Z,2026-05-07T05:30:00+0200,1112.69,MW,DE,DE_LU,forecast_offshore_wind_generation,Wind Offshore,2026-05-24T16:09:31Z
2026-05-24T16:08:25Z,2026-05-24T18:08:25+0200,8c5f6830-b44b-449b-bdab-a1b130ad33e1,2026-05-07T03:45:00Z,2026-05-07T05:45:00+0200,1068.02,MW,DE,DE_LU,forecast_offshore_wind_generation,Wind Offshore,2026-05-24T16:09:31Z
2026-05-24T16:08:25Z,2026-05-24T18:08:25+0200,8c5f6830-b44b-449b-bdab-a1b130ad33e1,2026-05-07T04:00:00Z,2026-05-07T06:00:00+0200,1021.04,MW,DE,DE_LU,forecast_offshore_wind_generation,Wind Offshore,2026-05-24T16:09:31Z
2026-05-24T16:08:25Z,2026-05-24T18:08:25+0200,8c5f6830-b44b-449b-bdab-a1b130ad33e1,2026-05-07T04:15:00Z,2026-05-07T06:15:00+0200,984.66,MW,DE,DE_LU,forecast_offshore_wind_generation,Wind Offshore,2026-05-24T16:09:31Z
2026-05-24T16:08:25Z,2026-05-24T18:08:25+0200,8c5f6830-b44b-449b-bdab-a1b130ad33e1,2026-05-07T04:30:00Z,2026-05-07T06:30:00+0200,945.28,MW,DE,DE_LU,forecast_offshore_wind_generation,Wind Offshore,2026-05-24T16:09:31Z
2026-05-24T16:08:25Z,2026-05-24T18:08:25+0200,8c5f6830-b44b-449b-bdab-a1b130ad33e1,2026-05-07T04:45:00Z,2026-05-07T06:45:00+0200,906.89,MW,DE,DE_LU,forecast_offshore_wind_generation,Wind Offshore,2026-05-24T16:09:31Z
2026-05-24T16:08:25Z,2026-05-24T18:08:25+0200,8c5f6830-b44b-449b-bdab-a1b130ad33e1,2026-05-07T05:00:00Z,2026-05-07T07:00:00+0200,869.92,MW,DE,DE_LU,forecast_offshore_wind_generation,Wind Offshore,2026-05-24T16:09:31Z
2026-05-24T16:08:25Z,2026-05-24T18:08:25+0200,8c5f6830-b44b-449b-bdab-a1b130ad33e1,2026-05-07T05:15:00Z,2026-05-07T07:15:00+0200,835.81,MW,DE,DE_LU,forecast_offshore_wind_generation,Wind Offshore,2026-05-24T16:09:31Z
2026-05-24T16:08:25Z,2026-05-24T18:08:25+0200,8c5f6830-b44b-449b-bdab-a1b130ad33e1,2026-05-07T05:30:00Z,2026-05-07T07:30:00+0200,795.71,MW,DE,DE_LU,forecast_offshore_wind_generation,Wind Offshore,2026-05-24T16:09:31Z
2026-05-24T16:08:25Z,2026-05-24T18:08:25+0200,8c5f6830-b44b-449b-bdab-a1b130ad33e1,2026-05-07T05:45:00Z,2026-05-07T07:45:00+0200,759.72,MW,DE,DE_LU,forecast_offshore_wind_generation,Wind Offshore,2026-05-24T16:09:31Z
2026-05-24T16:08:25Z,2026-05-24T18:08:25+0200,8c5f6830-b44b-449b-bdab-a1b130ad33e1,2026-05-07T06:00:00Z,2026-05-07T08:00:00+0200,723.68,MW,DE,DE_LU,forecast_offshore_wind_generation,Wind Offshore,2026-05-24T16:09:31Z
2026-05-24T16:08:25Z,2026-05-24T18:08:25+0200,8c5f6830-b44b-449b-bdab-a1b130ad33e1,2026-05-07T06:15:00Z,2026-05-07T08:15:00+0200,684.74,MW,DE,DE_LU,forecast_offshore_wind_generation,Wind Offshore,2026-05-24T16:09:31Z
2026-05-24T16:08:25Z,2026-05-24T18:08:25+0200,8c5f6830-b44b-449b-bdab-a1b130ad33e1,2026-05-07T06:30:00Z,2026-05-07T08:30:00+0200,650.8,MW,DE,DE_LU,forecast_offshore_wind_generation,Wind Offshore,2026-05-24T16:09:31Z
2026-05-24T16:08:25Z,2026-05-24T18:08:25+0200,8c5f6830-b44b-449b-bdab-a1b130ad33e1,2026-05-07T06:45:00Z,2026-05-07T08:45:00+0200,613.76,MW,DE,DE_LU,forecast_offshore_wind_generation,Wind Offshore,2026-05-24T16:09:31Z
2026-05-24T16:08:25Z,2026-05-24T18:08:25+0200,8c5f6830-b44b-449b-bdab-a1b130ad33e1,2026-05-07T07:00:00Z,2026-05-07T09:00:00+0200,578.76,MW,DE,DE_LU,forecast_offshore_wind_generation,Wind Offshore,2026-05-24T16:09:31Z
2026-05-24T16:08:25Z,2026-05-24T18:08:25+0200,8c5f6830-b44b-449b-bdab-a1b130ad33e1,2026-05-07T07:15:00Z,2026-05-07T09:15:00+0200,542.45,MW,DE,DE_LU,forecast_offshore_wind_generation,Wind Offshore,2026-05-24T16:09:31Z
2026-05-24T16:08:25Z,2026-05-24T18:08:25+0200,8c5f6830-b44b-449b-bdab-a1b130ad33e1,2026-05-07T07:30:00Z,2026-05-07T09:30:00+0200,513.15,MW,DE,DE_LU,forecast_offshore_wind_generation,Wind Offshore,2026-05-24T16:09:31Z
2026-05-24T16:08:25Z,2026-05-24T18:08:25+0200,8c5f6830-b44b-449b-bdab-a1b130ad33e1,2026-05-07T07:45:00Z,2026-05-07T09:45:00+0200,483.92,MW,DE,DE_LU,forecast_offshore_wind_generation,Wind Offshore,2026-05-24T16:09:31Z
2026-05-24T16:08:25Z,2026-05-24T18:08:25+0200,8c5f6830-b44b-449b-bdab-a1b130ad33e1,2026-05-07T08:00:00Z,2026-05-07T10:00:00+0200,456.39,MW,DE,DE_LU,forecast_offshore_wind_generation,Wind Offshore,2026-05-24T16:09:31Z
2026-05-24T16:08:25Z,2026-05-24T18:08:25+0200,8c5f6830-b44b-449b-bdab-a1b130ad33e1,2026-05-07T08:15:00Z,2026-05-07T10:15:00+0200,425.93,MW,DE,DE_LU,forecast_offshore_wind_generation,Wind Offshore,2026-05-24T16:09:31Z
2026-05-24T16:08:25Z,2026-05-24T18:08:25+0200,8c5f6830-b44b-449b-bdab-a1b130ad33e1,2026-05-07T08:30:00Z,2026-05-07T10:30:00+0200,399.54,MW,DE,DE_LU,forecast_offshore_wind_generation,Wind Offshore,2026-05-24T16:09:31Z
2026-05-24T16:08:25Z,2026-05-24T18:08:25+0200,8c5f6830-b44b-449b-bdab-a1b130ad33e1,2026-05-07T08:45:00Z,2026-05-07T10:45:00+0200,368.13,MW,DE,DE_LU,forecast_offshore_wind_generation,Wind Offshore,2026-05-24T16:09:31Z
2026-05-24T16:08:25Z,2026-05-24T18:08:25+0200,8c5f6830-b44b-449b-bdab-a1b130ad33e1,2026-05-07T09:00:00Z,2026-05-07T11:00:00+0200,346.34,MW,DE,DE_LU,forecast_offshore_wind_generation,Wind Offshore,2026-05-24T16:09:31Z
2026-05-24T16:08:25Z,2026-05-24T18:08:25+0200,8c5f6830-b44b-449b-bdab-a1b130ad33e1,2026-05-07T09:15:00Z,2026-05-07T11:15:00+0200,325.52,MW,DE,DE_LU,forecast_offshore_wind_generation,Wind Offshore,2026-05-24T16:09:31Z
2026-05-24T16:08:25Z,2026-05-24T18:08:25+0200,8c5f6830-b44b-449b-bdab-a1b130ad33e1,2026-05-07T09:30:00Z,2026-05-07T11:30:00+0200,306.9,MW,DE,DE_LU,forecast_offshore_wind_generation,Wind Offshore,2026-05-24T16:09:31Z
2026-05-24T16:08:25Z,2026-05-24T18:08:25+0200,8c5f6830-b44b-449b-bdab-a1b130ad33e1,2026-05-07T09:45:00Z,2026-05-07T11:45:00+0200,289.34,MW,DE,DE_LU,forecast_offshore_wind_generation,Wind Offshore,2026-05-24T16:09:31Z
2026-05-24T16:08:25Z,2026-05-24T18:08:25+0200,8c5f6830-b44b-449b-bdab-a1b130ad33e1,2026-05-07T10:00:00Z,2026-05-07T12:00:00+0200,273.16,MW,DE,DE_LU,forecast_offshore_wind_generation,Wind Offshore,2026-05-24T16:09:31Z
2026-05-24T16:08:25Z,2026-05-24T18:08:25+0200,8c5f6830-b44b-449b-bdab-a1b130ad33e1,2026-05-07T10:15:00Z,2026-05-07T12:15:00+0200,259.25,MW,DE,DE_LU,forecast_offshore_wind_generation,Wind Offshore,2026-05-24T16:09:31Z
2026-05-24T16:08:25Z,2026-05-24T18:08:25+0200,8c5f6830-b44b-449b-bdab-a1b130ad33e1,2026-05-07T10:30:00Z,2026-05-07T12:30:00+0200,243.32,MW,DE,DE_LU,forecast_offshore_wind_generation,Wind Offshore,2026-05-24T16:09:31Z
2026-05-24T16:08:25Z,2026-05-24T18:08:25+0200,8c5f6830-b44b-449b-bdab-a1b130ad33e1,2026-05-07T10:45:00Z,2026-05-07T12:45:00+0200,227.36,MW,DE,DE_LU,forecast_offshore_wind_generation,Wind Offshore,2026-05-24T16:09:31Z
2026-05-24T16:08:25Z,2026-05-24T18:08:25+0200,8c5f6830-b44b-449b-bdab-a1b130ad33e1,2026-05-07T11:00:00Z,2026-05-07T13:00:00+0200,216.19,MW,DE,DE_LU,forecast_offshore_wind_generation,Wind Offshore,2026-05-24T16:09:31Z
2026-05-24T16:08:25Z,2026-05-24T18:08:25+0200,8c5f6830-b44b-449b-bdab-a1b130ad33e1,2026-05-07T11:15:00Z,2026-05-07T13:15:00+0200,206.48,MW,DE,DE_LU,forecast_offshore_wind_generation,Wind Offshore,2026-05-24T16:09:31Z
2026-05-24T16:08:25Z,2026-05-24T18:08:25+0200,8c5f6830-b44b-449b-bdab-a1b130ad33e1,2026-05-07T11:30:00Z,2026-05-07T13:30:00+0200,196.81,MW,DE,DE_LU,forecast_offshore_wind_generation,Wind Offshore,2026-05-24T16:09:31Z
2026-05-24T16:08:25Z,2026-05-24T18:08:25+0200,8c5f6830-b44b-449b-bdab-a1b130ad33e1,2026-05-07T11:45:00Z,2026-05-07T13:45:00+0200,186.07,MW,DE,DE_LU,forecast_offshore_wind_generation,Wind Offshore,2026-05-24T16:09:31Z
2026-05-24T16:08:25Z,2026-05-24T18:08:25+0200,8c5f6830-b44b-449b-bdab-a1b130ad33e1,2026-05-07T12:00:00Z,2026-05-07T14:00:00+0200,178.4,MW,DE,DE_LU,forecast_offshore_wind_generation,Wind Offshore,2026-05-24T16:09:31Z
2026-05-24T16:08:25Z,2026-05-24T18:08:25+0200,8c5f6830-b44b-449b-bdab-a1b130ad33e1,2026-05-07T12:15:00Z,2026-05-07T14:15:00+0200,172.28,MW,DE,DE_LU,forecast_offshore_wind_generation,Wind Offshore,2026-05-24T16:09:31Z
2026-05-24T16:08:25Z,2026-05-24T18:08:25+0200,8c5f6830-b44b-449b-bdab-a1b130ad33e1,2026-05-07T12:30:00Z,2026-05-07T14:30:00+0200,167.17,MW,DE,DE_LU,forecast_offshore_wind_generation,Wind Offshore,2026-05-24T16:09:31Z
2026-05-24T16:08:25Z,2026-05-24T18:08:25+0200,8c5f6830-b44b-449b-bdab-a1b130ad33e1,2026-05-07T12:45:00Z,2026-05-07T14:45:00+0200,162.14,MW,DE,DE_LU,forecast_offshore_wind_generation,Wind Offshore,2026-05-24T16:09:31Z
2026-05-24T16:08:25Z,2026-05-24T18:08:25+0200,8c5f6830-b44b-449b-bdab-a1b130ad33e1,2026-05-07T13:00:00Z,2026-05-07T15:00:00+0200,158.41,MW,DE,DE_LU,forecast_offshore_wind_generation,Wind Offshore,2026-05-24T16:09:31Z
2026-05-24T16:08:25Z,2026-05-24T18:08:25+0200,8c5f6830-b44b-449b-bdab-a1b130ad33e1,2026-05-07T13:15:00Z,2026-05-07T15:15:00+0200,154.0,MW,DE,DE_LU,forecast_offshore_wind_generation,Wind Offshore,2026-05-24T16:09:31Z
2026-05-24T16:08:25Z,2026-05-24T18:08:25+0200,8c5f6830-b44b-449b-bdab-a1b130ad33e1,2026-05-07T13:30:00Z,2026-05-07T15:30:00+0200,152.64,MW,DE,DE_LU,forecast_offshore_wind_generation,Wind Offshore,2026-05-24T16:09:31Z
2026-05-24T16:08:25Z,2026-05-24T18:08:25+0200,8c5f6830-b44b-449b-bdab-a1b130ad33e1,2026-05-07T13:45:00Z,2026-05-07T15:45:00+0200,147.27,MW,DE,DE_LU,forecast_offshore_wind_generation,Wind Offshore,2026-05-24T16:09:31Z
2026-05-24T16:08:25Z,2026-05-24T18:08:25+0200,8c5f6830-b44b-449b-bdab-a1b130ad33e1,2026-05-07T14:00:00Z,2026-05-07T16:00:00+0200,147.74,MW,DE,DE_LU,forecast_offshore_wind_generation,Wind Offshore,2026-05-24T16:09:31Z
2026-05-24T16:08:25Z,2026-05-24T18:08:25+0200,8c5f6830-b44b-449b-bdab-a1b130ad33e1,2026-05-07T14:15:00Z,2026-05-07T16:15:00+0200,145.05,MW,DE,DE_LU,forecast_offshore_wind_generation,Wind Offshore,2026-05-24T16:09:31Z
2026-05-24T16:08:25Z,2026-05-24T18:08:25+0200,8c5f6830-b44b-449b-bdab-a1b130ad33e1,2026-05-07T14:30:00Z,2026-05-07T16:30:00+0200,147.43,MW,DE,DE_LU,forecast_offshore_wind_generation,Wind Offshore,2026-05-24T16:09:31Z
2026-05-24T16:08:25Z,2026-05-24T18:08:25+0200,8c5f6830-b44b-449b-bdab-a1b130ad33e1,2026-05-07T14:45:00Z,2026-05-07T16:45:00+0200,146.84,MW,DE,DE_LU,forecast_offshore_wind_generation,Wind Offshore,2026-05-24T16:09:31Z
2026-05-24T16:08:25Z,2026-05-24T18:08:25+0200,8c5f6830-b44b-449b-bdab-a1b130ad33e1,2026-05-07T15:00:00Z,2026-05-07T17:00:00+0200,154.77,MW,DE,DE_LU,forecast_offshore_wind_generation,Wind Offshore,2026-05-24T16:09:31Z
2026-05-24T16:08:25Z,2026-05-24T18:08:25+0200,8c5f6830-b44b-449b-bdab-a1b130ad33e1,2026-05-07T15:15:00Z,2026-05-07T17:15:00+0200,159.3,MW,DE,DE_LU,forecast_offshore_wind_generation,Wind Offshore,2026-05-24T16:09:31Z
2026-05-24T16:08:25Z,2026-05-24T18:08:25+0200,8c5f6830-b44b-449b-bdab-a1b130ad33e1,2026-05-07T15:30:00Z,2026-05-07T17:30:00+0200,165.03,MW,DE,DE_LU,forecast_offshore_wind_generation,Wind Offshore,2026-05-24T16:09:31Z
2026-05-24T16:08:25Z,2026-05-24T18:08:25+0200,8c5f6830-b44b-449b-bdab-a1b130ad33e1,2026-05-07T15:45:00Z,2026-05-07T17:45:00+0200,173.93,MW,DE,DE_LU,forecast_offshore_wind_generation,Wind Offshore,2026-05-24T16:09:31Z
2026-05-24T16:08:25Z,2026-05-24T18:08:25+0200,8c5f6830-b44b-449b-bdab-a1b130ad33e1,2026-05-07T16:00:00Z,2026-05-07T18:00:00+0200,180.98,MW,DE,DE_LU,forecast_offshore_wind_generation,Wind Offshore,2026-05-24T16:09:31Z
2026-05-24T16:08:25Z,2026-05-24T18:08:25+0200,8c5f6830-b44b-449b-bdab-a1b130ad33e1,2026-05-07T16:15:00Z,2026-05-07T18:15:00+0200,190.01,MW,DE,DE_LU,forecast_offshore_wind_generation,Wind Offshore,2026-05-24T16:09:31Z
2026-05-24T16:08:25Z,2026-05-24T18:08:25+0200,8c5f6830-b44b-449b-bdab-a1b130ad33e1,2026-05-07T16:30:00Z,2026-05-07T18:30:00+0200,197.1,MW,DE,DE_LU,forecast_offshore_wind_generation,Wind Offshore,2026-05-24T16:09:31Z
2026-05-24T16:08:25Z,2026-05-24T18:08:25+0200,8c5f6830-b44b-449b-bdab-a1b130ad33e1,2026-05-07T16:45:00Z,2026-05-07T18:45:00+0200,204.31,MW,DE,DE_LU,forecast_offshore_wind_generation,Wind Offshore,2026-05-24T16:09:31Z
2026-05-24T16:08:25Z,2026-05-24T18:08:25+0200,8c5f6830-b44b-449b-bdab-a1b130ad33e1,2026-05-07T17:00:00Z,2026-05-07T19:00:00+0200,211.74,MW,DE,DE_LU,forecast_offshore_wind_generation,Wind Offshore,2026-05-24T16:09:31Z
2026-05-24T16:08:25Z,2026-05-24T18:08:25+0200,8c5f6830-b44b-449b-bdab-a1b130ad33e1,2026-05-07T17:15:00Z,2026-05-07T19:15:00+0200,214.98,MW,DE,DE_LU,forecast_offshore_wind_generation,Wind Offshore,2026-05-24T16:09:31Z
2026-05-24T16:08:25Z,2026-05-24T18:08:25+0200,8c5f6830-b44b-449b-bdab-a1b130ad33e1,2026-05-07T17:30:00Z,2026-05-07T19:30:00+0200,221.2,MW,DE,DE_LU,forecast_offshore_wind_generation,Wind Offshore,2026-05-24T16:09:31Z
2026-05-24T16:08:25Z,2026-05-24T18:08:25+0200,8c5f6830-b44b-449b-bdab-a1b130ad33e1,2026-05-07T17:45:00Z,2026-05-07T19:45:00+0200,228.41,MW,DE,DE_LU,forecast_offshore_wind_generation,Wind Offshore,2026-05-24T16:09:31Z
2026-05-24T16:08:25Z,2026-05-24T18:08:25+0200,8c5f6830-b44b-449b-bdab-a1b130ad33e1,2026-05-07T18:00:00Z,2026-05-07T20:00:00+0200,232.19,MW,DE,DE_LU,forecast_offshore_wind_generation,Wind Offshore,2026-05-24T16:09:31Z
2026-05-24T16:08:25Z,2026-05-24T18:08:25+0200,8c5f6830-b44b-449b-bdab-a1b130ad33e1,2026-05-07T18:15:00Z,2026-05-07T20:15:00+0200,238.57,MW,DE,DE_LU,forecast_offshore_wind_generation,Wind Offshore,2026-05-24T16:09:31Z
2026-05-24T16:08:25Z,2026-05-24T18:08:25+0200,8c5f6830-b44b-449b-bdab-a1b130ad33e1,2026-05-07T18:30:00Z,2026-05-07T20:30:00+0200,247.94,MW,DE,DE_LU,forecast_offshore_wind_generation,Wind Offshore,2026-05-24T16:09:31Z
2026-05-24T16:08:25Z,2026-05-24T18:08:25+0200,8c5f6830-b44b-449b-bdab-a1b130ad33e1,2026-05-07T18:45:00Z,2026-05-07T20:45:00+0200,256.34,MW,DE,DE_LU,forecast_offshore_wind_generation,Wind Offshore,2026-05-24T16:09:31Z
2026-05-24T16:08:25Z,2026-05-24T18:08:25+0200,8c5f6830-b44b-449b-bdab-a1b130ad33e1,2026-05-07T19:00:00Z,2026-05-07T21:00:00+0200,261.99,MW,DE,DE_LU,forecast_offshore_wind_generation,Wind Offshore,2026-05-24T16:09:31Z
2026-05-24T16:08:25Z,2026-05-24T18:08:25+0200,8c5f6830-b44b-449b-bdab-a1b130ad33e1,2026-05-07T19:15:00Z,2026-05-07T21:15:00+0200,272.89,MW,DE,DE_LU,forecast_offshore_wind_generation,Wind Offshore,2026-05-24T16:09:31Z
2026-05-24T16:08:25Z,2026-05-24T18:08:25+0200,8c5f6830-b44b-449b-bdab-a1b130ad33e1,2026-05-07T19:30:00Z,2026-05-07T21:30:00+0200,283.83,MW,DE,DE_LU,forecast_offshore_wind_generation,Wind Offshore,2026-05-24T16:09:31Z
2026-05-24T16:08:25Z,2026-05-24T18:08:25+0200,8c5f6830-b44b-449b-bdab-a1b130ad33e1,2026-05-07T19:45:00Z,2026-05-07T21:45:00+0200,290.76,MW,DE,DE_LU,forecast_offshore_wind_generation,Wind Offshore,2026-05-24T16:09:31Z
2026-05-24T16:08:25Z,2026-05-24T18:08:25+0200,8c5f6830-b44b-449b-bdab-a1b130ad33e1,2026-05-07T20:00:00Z,2026-05-07T22:00:00+0200,307.89,MW,DE,DE_LU,forecast_offshore_wind_generation,Wind Offshore,2026-05-24T16:09:31Z
2026-05-24T16:08:25Z,2026-05-24T18:08:25+0200,8c5f6830-b44b-449b-bdab-a1b130ad33e1,2026-05-07T20:15:00Z,2026-05-07T22:15:00+0200,318.17,MW,DE,DE_LU,forecast_offshore_wind_generation,Wind Offshore,2026-05-24T16:09:31Z
2026-05-24T16:08:25Z,2026-05-24T18:08:25+0200,8c5f6830-b44b-449b-bdab-a1b130ad33e1,2026-05-07T20:30:00Z,2026-05-07T22:30:00+0200,333.46,MW,DE,DE_LU,forecast_offshore_wind_generation,Wind Offshore,2026-05-24T16:09:31Z
2026-05-24T16:08:25Z,2026-05-24T18:08:25+0200,8c5f6830-b44b-449b-bdab-a1b130ad33e1,2026-05-07T20:45:00Z,2026-05-07T22:45:00+0200,348.78,MW,DE,DE_LU,forecast_offshore_wind_generation,Wind Offshore,2026-05-24T16:09:31Z
2026-05-24T16:08:25Z,2026-05-24T18:08:25+0200,8c5f6830-b44b-449b-bdab-a1b130ad33e1,2026-05-07T21:00:00Z,2026-05-07T23:00:00+0200,360.2,MW,DE,DE_LU,forecast_offshore_wind_generation,Wind Offshore,2026-05-24T16:09:31Z
2026-05-24T16:08:25Z,2026-05-24T18:08:25+0200,8c5f6830-b44b-449b-bdab-a1b130ad33e1,2026-05-07T21:15:00Z,2026-05-07T23:15:00+0200,379.06,MW,DE,DE_LU,forecast_offshore_wind_generation,Wind Offshore,2026-05-24T16:09:31Z
2026-05-24T16:08:25Z,2026-05-24T18:08:25+0200,8c5f6830-b44b-449b-bdab-a1b130ad33e1,2026-05-07T21:30:00Z,2026-05-07T23:30:00+0200,395.9,MW,DE,DE_LU,forecast_offshore_wind_generation,Wind Offshore,2026-05-24T16:09:31Z
2026-05-24T16:08:25Z,2026-05-24T18:08:25+0200,8c5f6830-b44b-449b-bdab-a1b130ad33e1,2026-05-07T21:45:00Z,2026-05-07T23:45:00+0200,410.72,MW,DE,DE_LU,forecast_offshore_wind_generation,Wind Offshore,2026-05-24T16:09:31Z
2026-05-24T16:08:25Z,2026-05-24T18:08:25+0200,8c5f6830-b44b-449b-bdab-a1b130ad33e1,2026-05-07T22:00:00Z,2026-05-08T00:00:00+0200,666.85,MW,DE,DE_LU,forecast_offshore_wind_generation,Wind Offshore,2026-05-24T16:09:31Z
2026-05-24T16:08:25Z,2026-05-24T18:08:25+0200,8c5f6830-b44b-449b-bdab-a1b130ad33e1,2026-05-07T22:15:00Z,2026-05-08T00:15:00+0200,702.98,MW,DE,DE_LU,forecast_offshore_wind_generation,Wind Offshore,2026-05-24T16:09:31Z
2026-05-24T16:08:25Z,2026-05-24T18:08:25+0200,8c5f6830-b44b-449b-bdab-a1b130ad33e1,2026-05-07T22:30:00Z,2026-05-08T00:30:00+0200,736.12,MW,DE,DE_LU,forecast_offshore_wind_generation,Wind Offshore,2026-05-24T16:09:31Z
2026-05-24T16:08:25Z,2026-05-24T18:08:25+0200,8c5f6830-b44b-449b-bdab-a1b130ad33e1,2026-05-07T22:45:00Z,2026-05-08T00:45:00+0200,776.25,MW,DE,DE_LU,forecast_offshore_wind_generation,Wind Offshore,2026-05-24T16:09:31Z
2026-05-24T16:08:25Z,2026-05-24T18:08:25+0200,8c5f6830-b44b-449b-bdab-a1b130ad33e1,2026-05-07T23:00:00Z,2026-05-08T01:00:00+0200,804.54,MW,DE,DE_LU,forecast_offshore_wind_generation,Wind Offshore,2026-05-24T16:09:31Z
2026-05-24T16:08:25Z,2026-05-24T18:08:25+0200,8c5f6830-b44b-449b-bdab-a1b130ad33e1,2026-05-07T23:15:00Z,2026-05-08T01:15:00+0200,827.96,MW,DE,DE_LU,forecast_offshore_wind_generation,Wind Offshore,2026-05-24T16:09:31Z
2026-05-24T16:08:25Z,2026-05-24T18:08:25+0200,8c5f6830-b44b-449b-bdab-a1b130ad33e1,2026-05-07T23:30:00Z,2026-05-08T01:30:00+0200,847.4,MW,DE,DE_LU,forecast_offshore_wind_generation,Wind Offshore,2026-05-24T16:09:31Z
2026-05-24T16:08:25Z,2026-05-24T18:08:25+0200,8c5f6830-b44b-449b-bdab-a1b130ad33e1,2026-05-07T23:45:00Z,2026-05-08T01:45:00+0200,862.85,MW,DE,DE_LU,forecast_offshore_wind_generation,Wind Offshore,2026-05-24T16:09:31Z
2026-05-24T16:08:25Z,2026-05-24T18:08:25+0200,8c5f6830-b44b-449b-bdab-a1b130ad33e1,2026-05-08T00:00:00Z,2026-05-08T02:00:00+0200,877.71,MW,DE,DE_LU,forecast_offshore_wind_generation,Wind Offshore,2026-05-24T16:09:31Z
2026-05-24T16:08:25Z,2026-05-24T18:08:25+0200,8c5f6830-b44b-449b-bdab-a1b130ad33e1,2026-05-08T00:15:00Z,2026-05-08T02:15:00+0200,856.45,MW,DE,DE_LU,forecast_offshore_wind_generation,Wind Offshore,2026-05-24T16:09:31Z
2026-05-24T16:08:25Z,2026-05-24T18:08:25+0200,8c5f6830-b44b-449b-bdab-a1b130ad33e1,2026-05-08T00:30:00Z,2026-05-08T02:30:00+0200,838.2,MW,DE,DE_LU,forecast_offshore_wind_generation,Wind Offshore,2026-05-24T16:09:31Z
2026-05-24T16:08:25Z,2026-05-24T18:08:25+0200,8c5f6830-b44b-449b-bdab-a1b130ad33e1,2026-05-08T00:45:00Z,2026-05-08T02:45:00+0200,819.93,MW,DE,DE_LU,forecast_offshore_wind_generation,Wind Offshore,2026-05-24T16:09:31Z
2026-05-24T16:08:25Z,2026-05-24T18:08:25+0200,8c5f6830-b44b-449b-bdab-a1b130ad33e1,2026-05-08T01:00:00Z,2026-05-08T03:00:00+0200,803.55,MW,DE,DE_LU,forecast_offshore_wind_generation,Wind Offshore,2026-05-24T16:09:31Z
2026-05-24T16:08:25Z,2026-05-24T18:08:25+0200,8c5f6830-b44b-449b-bdab-a1b130ad33e1,2026-05-08T01:15:00Z,2026-05-08T03:15:00+0200,777.43,MW,DE,DE_LU,forecast_offshore_wind_generation,Wind Offshore,2026-05-24T16:09:31Z
2026-05-24T16:08:25Z,2026-05-24T18:08:25+0200,8c5f6830-b44b-449b-bdab-a1b130ad33e1,2026-05-08T01:30:00Z,2026-05-08T03:30:00+0200,753.33,MW,DE,DE_LU,forecast_offshore_wind_generation,Wind Offshore,2026-05-24T16:09:31Z
2026-05-24T16:08:25Z,2026-05-24T18:08:25+0200,8c5f6830-b44b-449b-bdab-a1b130ad33e1,2026-05-08T01:45:00Z,2026-05-08T03:45:00+0200,728.23,MW,DE,DE_LU,forecast_offshore_wind_generation,Wind Offshore,2026-05-24T16:09:31Z
2026-05-24T16:08:25Z,2026-05-24T18:08:25+0200,8c5f6830-b44b-449b-bdab-a1b130ad33e1,2026-05-08T02:00:00Z,2026-05-08T04:00:00+0200,709.73,MW,DE,DE_LU,forecast_offshore_wind_generation,Wind Offshore,2026-05-24T16:09:31Z
2026-05-24T16:08:25Z,2026-05-24T18:08:25+0200,8c5f6830-b44b-449b-bdab-a1b130ad33e1,2026-05-08T02:15:00Z,2026-05-08T04:15:00+0200,690.52,MW,DE,DE_LU,forecast_offshore_wind_generation,Wind Offshore,2026-05-24T16:09:31Z
2026-05-24T16:08:25Z,2026-05-24T18:08:25+0200,8c5f6830-b44b-449b-bdab-a1b130ad33e1,2026-05-08T02:30:00Z,2026-05-08T04:30:00+0200,669.44,MW,DE,DE_LU,forecast_offshore_wind_generation,Wind Offshore,2026-05-24T16:09:31Z
2026-05-24T16:08:25Z,2026-05-24T18:08:25+0200,8c5f6830-b44b-449b-bdab-a1b130ad33e1,2026-05-08T02:45:00Z,2026-05-08T04:45:00+0200,652.62,MW,DE,DE_LU,forecast_offshore_wind_generation,Wind Offshore,2026-05-24T16:09:31Z
2026-05-24T16:08:25Z,2026-05-24T18:08:25+0200,8c5f6830-b44b-449b-bdab-a1b130ad33e1,2026-05-08T03:00:00Z,2026-05-08T05:00:00+0200,634.99,MW,DE,DE_LU,forecast_offshore_wind_generation,Wind Offshore,2026-05-24T16:09:31Z
2026-05-24T16:08:25Z,2026-05-24T18:08:25+0200,8c5f6830-b44b-449b-bdab-a1b130ad33e1,2026-05-08T03:15:00Z,2026-05-08T05:15:00+0200,629.92,MW,DE,DE_LU,forecast_offshore_wind_generation,Wind Offshore,2026-05-24T16:09:31Z
2026-05-24T16:08:25Z,2026-05-24T18:08:25+0200,8c5f6830-b44b-449b-bdab-a1b130ad33e1,2026-05-08T03:30:00Z,2026-05-08T05:30:00+0200,623.72,MW,DE,DE_LU,forecast_offshore_wind_generation,Wind Offshore,2026-05-24T16:09:31Z
2026-05-24T16:08:25Z,2026-05-24T18:08:25+0200,8c5f6830-b44b-449b-bdab-a1b130ad33e1,2026-05-08T03:45:00Z,2026-05-08T05:45:00+0200,620.59,MW,DE,DE_LU,forecast_offshore_wind_generation,Wind Offshore,2026-05-24T16:09:31Z
2026-05-24T16:08:25Z,2026-05-24T18:08:25+0200,8c5f6830-b44b-449b-bdab-a1b130ad33e1,2026-05-08T04:00:00Z,2026-05-08T06:00:00+0200,621.95,MW,DE,DE_LU,forecast_offshore_wind_generation,Wind Offshore,2026-05-24T16:09:31Z
2026-05-24T16:08:25Z,2026-05-24T18:08:25+0200,8c5f6830-b44b-449b-bdab-a1b130ad33e1,2026-05-08T04:15:00Z,2026-05-08T06:15:00+0200,631.06,MW,DE,DE_LU,forecast_offshore_wind_generation,Wind Offshore,2026-05-24T16:09:31Z
2026-05-24T16:08:25Z,2026-05-24T18:08:25+0200,8c5f6830-b44b-449b-bdab-a1b130ad33e1,2026-05-08T04:30:00Z,2026-05-08T06:30:00+0200,643.71,MW,DE,DE_LU,forecast_offshore_wind_generation,Wind Offshore,2026-05-24T16:09:31Z
2026-05-24T16:08:25Z,2026-05-24T18:08:25+0200,8c5f6830-b44b-449b-bdab-a1b130ad33e1,2026-05-08T04:45:00Z,2026-05-08T06:45:00+0200,660.66,MW,DE,DE_LU,forecast_offshore_wind_generation,Wind Offshore,2026-05-24T16:09:31Z
2026-05-24T16:08:25Z,2026-05-24T18:08:25+0200,8c5f6830-b44b-449b-bdab-a1b130ad33e1,2026-05-08T05:00:00Z,2026-05-08T07:00:00+0200,678.58,MW,DE,DE_LU,forecast_offshore_wind_generation,Wind Offshore,2026-05-24T16:09:31Z
2026-05-24T16:08:25Z,2026-05-24T18:08:25+0200,8c5f6830-b44b-449b-bdab-a1b130ad33e1,2026-05-08T05:15:00Z,2026-05-08T07:15:00+0200,705.92,MW,DE,DE_LU,forecast_offshore_wind_generation,Wind Offshore,2026-05-24T16:09:31Z
2026-05-24T16:08:25Z,2026-05-24T18:08:25+0200,8c5f6830-b44b-449b-bdab-a1b130ad33e1,2026-05-08T05:30:00Z,2026-05-08T07:30:00+0200,733.05,MW,DE,DE_LU,forecast_offshore_wind_generation,Wind Offshore,2026-05-24T16:09:31Z
2026-05-24T16:08:25Z,2026-05-24T18:08:25+0200,8c5f6830-b44b-449b-bdab-a1b130ad33e1,2026-05-08T05:45:00Z,2026-05-08T07:45:00+0200,759.22,MW,DE,DE_LU,forecast_offshore_wind_generation,Wind Offshore,2026-05-24T16:09:31Z
2026-05-24T16:08:25Z,2026-05-24T18:08:25+0200,8c5f6830-b44b-449b-bdab-a1b130ad33e1,2026-05-08T06:00:00Z,2026-05-08T08:00:00+0200,754.45,MW,DE,DE_LU,forecast_offshore_wind_generation,Wind Offshore,2026-05-24T16:09:31Z
2026-05-24T16:08:25Z,2026-05-24T18:08:25+0200,8c5f6830-b44b-449b-bdab-a1b130ad33e1,2026-05-08T06:15:00Z,2026-05-08T08:15:00+0200,790.46,MW,DE,DE_LU,forecast_offshore_wind_generation,Wind Offshore,2026-05-24T16:09:31Z
2026-05-24T16:08:25Z,2026-05-24T18:08:25+0200,8c5f6830-b44b-449b-bdab-a1b130ad33e1,2026-05-08T06:30:00Z,2026-05-08T08:30:00+0200,830.54,MW,DE,DE_LU,forecast_offshore_wind_generation,Wind Offshore,2026-05-24T16:09:31Z
2026-05-24T16:08:25Z,2026-05-24T18:08:25+0200,8c5f6830-b44b-449b-bdab-a1b130ad33e1,2026-05-08T06:45:00Z,2026-05-08T08:45:00+0200,869.65,MW,DE,DE_LU,forecast_offshore_wind_generation,Wind Offshore,2026-05-24T16:09:31Z
2026-05-24T16:08:25Z,2026-05-24T18:08:25+0200,8c5f6830-b44b-449b-bdab-a1b130ad33e1,2026-05-08T07:00:00Z,2026-05-08T09:00:00+0200,892.94,MW,DE,DE_LU,forecast_offshore_wind_generation,Wind Offshore,2026-05-24T16:09:31Z
2026-05-24T16:08:25Z,2026-05-24T18:08:25+0200,8c5f6830-b44b-449b-bdab-a1b130ad33e1,2026-05-08T07:15:00Z,2026-05-08T09:15:00+0200,912.53,MW,DE,DE_LU,forecast_offshore_wind_generation,Wind Offshore,2026-05-24T16:09:31Z
2026-05-24T16:08:25Z,2026-05-24T18:08:25+0200,8c5f6830-b44b-449b-bdab-a1b130ad33e1,2026-05-08T07:30:00Z,2026-05-08T09:30:00+0200,942.22,MW,DE,DE_LU,forecast_offshore_wind_generation,Wind Offshore,2026-05-24T16:09:31Z
2026-05-24T16:08:25Z,2026-05-24T18:08:25+0200,8c5f6830-b44b-449b-bdab-a1b130ad33e1,2026-05-08T07:45:00Z,2026-05-08T09:45:00+0200,965.88,MW,DE,DE_LU,forecast_offshore_wind_generation,Wind Offshore,2026-05-24T16:09:31Z
2026-05-24T16:08:25Z,2026-05-24T18:08:25+0200,8c5f6830-b44b-449b-bdab-a1b130ad33e1,2026-05-08T08:00:00Z,2026-05-08T10:00:00+0200,983.17,MW,DE,DE_LU,forecast_offshore_wind_generation,Wind Offshore,2026-05-24T16:09:31Z
2026-05-24T16:08:25Z,2026-05-24T18:08:25+0200,8c5f6830-b44b-449b-bdab-a1b130ad33e1,2026-05-08T08:15:00Z,2026-05-08T10:15:00+0200,984.71,MW,DE,DE_LU,forecast_offshore_wind_generation,Wind Offshore,2026-05-24T16:09:31Z
2026-05-24T16:08:25Z,2026-05-24T18:08:25+0200,8c5f6830-b44b-449b-bdab-a1b130ad33e1,2026-05-08T08:30:00Z,2026-05-08T10:30:00+0200,980.5,MW,DE,DE_LU,forecast_offshore_wind_generation,Wind Offshore,2026-05-24T16:09:31Z
2026-05-24T16:08:25Z,2026-05-24T18:08:25+0200,8c5f6830-b44b-449b-bdab-a1b130ad33e1,2026-05-08T08:45:00Z,2026-05-08T10:45:00+0200,982.41,MW,DE,DE_LU,forecast_offshore_wind_generation,Wind Offshore,2026-05-24T16:09:31Z
2026-05-24T16:08:25Z,2026-05-24T18:08:25+0200,8c5f6830-b44b-449b-bdab-a1b130ad33e1,2026-05-08T09:00:00Z,2026-05-08T11:00:00+0200,984.69,MW,DE,DE_LU,forecast_offshore_wind_generation,Wind Offshore,2026-05-24T16:09:31Z
2026-05-24T16:08:25Z,2026-05-24T18:08:25+0200,8c5f6830-b44b-449b-bdab-a1b130ad33e1,2026-05-08T09:15:00Z,2026-05-08T11:15:00+0200,989.15,MW,DE,DE_LU,forecast_offshore_wind_generation,Wind Offshore,2026-05-24T16:09:31Z
2026-05-24T16:08:25Z,2026-05-24T18:08:25+0200,8c5f6830-b44b-449b-bdab-a1b130ad33e1,2026-05-08T09:30:00Z,2026-05-08T11:30:00+0200,984.62,MW,DE,DE_LU,forecast_offshore_wind_generation,Wind Offshore,2026-05-24T16:09:31Z
2026-05-24T16:08:25Z,2026-05-24T18:08:25+0200,8c5f6830-b44b-449b-bdab-a1b130ad33e1,2026-05-08T09:45:00Z,2026-05-08T11:45:00+0200,985.17,MW,DE,DE_LU,forecast_offshore_wind_generation,Wind Offshore,2026-05-24T16:09:31Z
2026-05-24T16:08:25Z,2026-05-24T18:08:25+0200,8c5f6830-b44b-449b-bdab-a1b130ad33e1,2026-05-08T10:00:00Z,2026-05-08T12:00:00+0200,985.84,MW,DE,DE_LU,forecast_offshore_wind_generation,Wind Offshore,2026-05-24T16:09:31Z
2026-05-24T16:08:25Z,2026-05-24T18:08:25+0200,8c5f6830-b44b-449b-bdab-a1b130ad33e1,2026-05-08T10:15:00Z,2026-05-08T12:15:00+0200,990.57,MW,DE,DE_LU,forecast_offshore_wind_generation,Wind Offshore,2026-05-24T16:09:31Z
2026-05-24T16:08:25Z,2026-05-24T18:08:25+0200,8c5f6830-b44b-449b-bdab-a1b130ad33e1,2026-05-08T10:30:00Z,2026-05-08T12:30:00+0200,993.31,MW,DE,DE_LU,forecast_offshore_wind_generation,Wind Offshore,2026-05-24T16:09:31Z
2026-05-24T16:08:25Z,2026-05-24T18:08:25+0200,8c5f6830-b44b-449b-bdab-a1b130ad33e1,2026-05-08T10:45:00Z,2026-05-08T12:45:00+0200,1001.12,MW,DE,DE_LU,forecast_offshore_wind_generation,Wind Offshore,2026-05-24T16:09:31Z
2026-05-24T16:08:25Z,2026-05-24T18:08:25+0200,8c5f6830-b44b-449b-bdab-a1b130ad33e1,2026-05-08T11:00:00Z,2026-05-08T13:00:00+0200,1007.54,MW,DE,DE_LU,forecast_offshore_wind_generation,Wind Offshore,2026-05-24T16:09:31Z
2026-05-24T16:08:25Z,2026-05-24T18:08:25+0200,8c5f6830-b44b-449b-bdab-a1b130ad33e1,2026-05-08T11:15:00Z,2026-05-08T13:15:00+0200,1007.75,MW,DE,DE_LU,forecast_offshore_wind_generation,Wind Offshore,2026-05-24T16:09:31Z
2026-05-24T16:08:25Z,2026-05-24T18:08:25+0200,8c5f6830-b44b-449b-bdab-a1b130ad33e1,2026-05-08T11:30:00Z,2026-05-08T13:30:00+0200,999.98,MW,DE,DE_LU,forecast_offshore_wind_generation,Wind Offshore,2026-05-24T16:09:31Z
2026-05-24T16:08:25Z,2026-05-24T18:08:25+0200,8c5f6830-b44b-449b-bdab-a1b130ad33e1,2026-05-08T11:45:00Z,2026-05-08T13:45:00+0200,1003.15,MW,DE,DE_LU,forecast_offshore_wind_generation,Wind Offshore,2026-05-24T16:09:31Z
2026-05-24T16:08:25Z,2026-05-24T18:08:25+0200,8c5f6830-b44b-449b-bdab-a1b130ad33e1,2026-05-08T12:00:00Z,2026-05-08T14:00:00+0200,1004.19,MW,DE,DE_LU,forecast_offshore_wind_generation,Wind Offshore,2026-05-24T16:09:31Z
2026-05-24T16:08:25Z,2026-05-24T18:08:25+0200,8c5f6830-b44b-449b-bdab-a1b130ad33e1,2026-05-08T12:15:00Z,2026-05-08T14:15:00+0200,1006.94,MW,DE,DE_LU,forecast_offshore_wind_generation,Wind Offshore,2026-05-24T16:09:31Z
2026-05-24T16:08:25Z,2026-05-24T18:08:25+0200,8c5f6830-b44b-449b-bdab-a1b130ad33e1,2026-05-08T12:30:00Z,2026-05-08T14:30:00+0200,1015.71,MW,DE,DE_LU,forecast_offshore_wind_generation,Wind Offshore,2026-05-24T16:09:31Z
2026-05-24T16:08:25Z,2026-05-24T18:08:25+0200,8c5f6830-b44b-449b-bdab-a1b130ad33e1,2026-05-08T12:45:00Z,2026-05-08T14:45:00+0200,1064.53,MW,DE,DE_LU,forecast_offshore_wind_generation,Wind Offshore,2026-05-24T16:09:31Z
2026-05-24T16:08:25Z,2026-05-24T18:08:25+0200,8c5f6830-b44b-449b-bdab-a1b130ad33e1,2026-05-08T13:00:00Z,2026-05-08T15:00:00+0200,1070.59,MW,DE,DE_LU,forecast_offshore_wind_generation,Wind Offshore,2026-05-24T16:09:31Z
2026-05-24T16:08:25Z,2026-05-24T18:08:25+0200,8c5f6830-b44b-449b-bdab-a1b130ad33e1,2026-05-08T13:15:00Z,2026-05-08T15:15:00+0200,1072.69,MW,DE,DE_LU,forecast_offshore_wind_generation,Wind Offshore,2026-05-24T16:09:31Z
2026-05-24T16:08:25Z,2026-05-24T18:08:25+0200,8c5f6830-b44b-449b-bdab-a1b130ad33e1,2026-05-08T13:30:00Z,2026-05-08T15:30:00+0200,1075.78,MW,DE,DE_LU,forecast_offshore_wind_generation,Wind Offshore,2026-05-24T16:09:31Z
2026-05-24T16:08:25Z,2026-05-24T18:08:25+0200,8c5f6830-b44b-449b-bdab-a1b130ad33e1,2026-05-08T13:45:00Z,2026-05-08T15:45:00+0200,1077.93,MW,DE,DE_LU,forecast_offshore_wind_generation,Wind Offshore,2026-05-24T16:09:31Z
2026-05-24T16:08:25Z,2026-05-24T18:08:25+0200,8c5f6830-b44b-449b-bdab-a1b130ad33e1,2026-05-08T14:00:00Z,2026-05-08T16:00:00+0200,1086.4,MW,DE,DE_LU,forecast_offshore_wind_generation,Wind Offshore,2026-05-24T16:09:31Z
2026-05-24T16:08:25Z,2026-05-24T18:08:25+0200,8c5f6830-b44b-449b-bdab-a1b130ad33e1,2026-05-08T14:15:00Z,2026-05-08T16:15:00+0200,1089.69,MW,DE,DE_LU,forecast_offshore_wind_generation,Wind Offshore,2026-05-24T16:09:31Z
2026-05-24T16:08:25Z,2026-05-24T18:08:25+0200,8c5f6830-b44b-449b-bdab-a1b130ad33e1,2026-05-08T14:30:00Z,2026-05-08T16:30:00+0200,1091.99,MW,DE,DE_LU,forecast_offshore_wind_generation,Wind Offshore,2026-05-24T16:09:31Z
2026-05-24T16:08:25Z,2026-05-24T18:08:25+0200,8c5f6830-b44b-449b-bdab-a1b130ad33e1,2026-05-08T14:45:00Z,2026-05-08T16:45:00+0200,1092.27,MW,DE,DE_LU,forecast_offshore_wind_generation,Wind Offshore,2026-05-24T16:09:31Z
2026-05-24T16:08:25Z,2026-05-24T18:08:25+0200,8c5f6830-b44b-449b-bdab-a1b130ad33e1,2026-05-08T15:00:00Z,2026-05-08T17:00:00+0200,1104.08,MW,DE,DE_LU,forecast_offshore_wind_generation,Wind Offshore,2026-05-24T16:09:31Z
2026-05-24T16:08:25Z,2026-05-24T18:08:25+0200,8c5f6830-b44b-449b-bdab-a1b130ad33e1,2026-05-08T15:15:00Z,2026-05-08T17:15:00+0200,1142.58,MW,DE,DE_LU,forecast_offshore_wind_generation,Wind Offshore,2026-05-24T16:09:31Z
2026-05-24T16:08:25Z,2026-05-24T18:08:25+0200,8c5f6830-b44b-449b-bdab-a1b130ad33e1,2026-05-08T15:30:00Z,2026-05-08T17:30:00+0200,1195.24,MW,DE,DE_LU,forecast_offshore_wind_generation,Wind Offshore,2026-05-24T16:09:31Z
2026-05-24T16:08:25Z,2026-05-24T18:08:25+0200,8c5f6830-b44b-449b-bdab-a1b130ad33e1,2026-05-08T15:45:00Z,2026-05-08T17:45:00+0200,1235.91,MW,DE,DE_LU,forecast_offshore_wind_generation,Wind Offshore,2026-05-24T16:09:31Z
2026-05-24T16:08:25Z,2026-05-24T18:08:25+0200,8c5f6830-b44b-449b-bdab-a1b130ad33e1,2026-05-08T16:00:00Z,2026-05-08T18:00:00+0200,1279.18,MW,DE,DE_LU,forecast_offshore_wind_generation,Wind Offshore,2026-05-24T16:09:31Z
2026-05-24T16:08:25Z,2026-05-24T18:08:25+0200,8c5f6830-b44b-449b-bdab-a1b130ad33e1,2026-05-08T16:15:00Z,2026-05-08T18:15:00+0200,1356.56,MW,DE,DE_LU,forecast_offshore_wind_generation,Wind Offshore,2026-05-24T16:09:31Z
2026-05-24T16:08:25Z,2026-05-24T18:08:25+0200,8c5f6830-b44b-449b-bdab-a1b130ad33e1,2026-05-08T16:30:00Z,2026-05-08T18:30:00+0200,1435.88,MW,DE,DE_LU,forecast_offshore_wind_generation,Wind Offshore,2026-05-24T16:09:31Z
2026-05-24T16:08:25Z,2026-05-24T18:08:25+0200,8c5f6830-b44b-449b-bdab-a1b130ad33e1,2026-05-08T16:45:00Z,2026-05-08T18:45:00+0200,1513.35,MW,DE,DE_LU,forecast_offshore_wind_generation,Wind Offshore,2026-05-24T16:09:31Z
2026-05-24T16:08:25Z,2026-05-24T18:08:25+0200,8c5f6830-b44b-449b-bdab-a1b130ad33e1,2026-05-08T17:00:00Z,2026-05-08T19:00:00+0200,1599.64,MW,DE,DE_LU,forecast_offshore_wind_generation,Wind Offshore,2026-05-24T16:09:31Z
2026-05-24T16:08:25Z,2026-05-24T18:08:25+0200,8c5f6830-b44b-449b-bdab-a1b130ad33e1,2026-05-08T17:15:00Z,2026-05-08T19:15:00+0200,1719.88,MW,DE,DE_LU,forecast_offshore_wind_generation,Wind Offshore,2026-05-24T16:09:31Z
2026-05-24T16:08:25Z,2026-05-24T18:08:25+0200,8c5f6830-b44b-449b-bdab-a1b130ad33e1,2026-05-08T17:30:00Z,2026-05-08T19:30:00+0200,1836.16,MW,DE,DE_LU,forecast_offshore_wind_generation,Wind Offshore,2026-05-24T16:09:31Z
2026-05-24T16:08:25Z,2026-05-24T18:08:25+0200,8c5f6830-b44b-449b-bdab-a1b130ad33e1,2026-05-08T17:45:00Z,2026-05-08T19:45:00+0200,1952.45,MW,DE,DE_LU,forecast_offshore_wind_generation,Wind Offshore,2026-05-24T16:09:31Z
2026-05-24T16:08:25Z,2026-05-24T18:08:25+0200,8c5f6830-b44b-449b-bdab-a1b130ad33e1,2026-05-08T18:00:00Z,2026-05-08T20:00:00+0200,2072.23,MW,DE,DE_LU,forecast_offshore_wind_generation,Wind Offshore,2026-05-24T16:09:31Z
2026-05-24T16:08:25Z,2026-05-24T18:08:25+0200,8c5f6830-b44b-449b-bdab-a1b130ad33e1,2026-05-08T18:15:00Z,2026-05-08T20:15:00+0200,2211.49,MW,DE,DE_LU,forecast_offshore_wind_generation,Wind Offshore,2026-05-24T16:09:31Z
2026-05-24T16:08:25Z,2026-05-24T18:08:25+0200,8c5f6830-b44b-449b-bdab-a1b130ad33e1,2026-05-08T18:30:00Z,2026-05-08T20:30:00+0200,2346.73,MW,DE,DE_LU,forecast_offshore_wind_generation,Wind Offshore,2026-05-24T16:09:31Z
2026-05-24T16:08:25Z,2026-05-24T18:08:25+0200,8c5f6830-b44b-449b-bdab-a1b130ad33e1,2026-05-08T18:45:00Z,2026-05-08T20:45:00+0200,2485.01,MW,DE,DE_LU,forecast_offshore_wind_generation,Wind Offshore,2026-05-24T16:09:31Z
2026-05-24T16:08:25Z,2026-05-24T18:08:25+0200,8c5f6830-b44b-449b-bdab-a1b130ad33e1,2026-05-08T19:00:00Z,2026-05-08T21:00:00+0200,2749.72,MW,DE,DE_LU,forecast_offshore_wind_generation,Wind Offshore,2026-05-24T16:09:31Z
2026-05-24T16:08:25Z,2026-05-24T18:08:25+0200,8c5f6830-b44b-449b-bdab-a1b130ad33e1,2026-05-08T19:15:00Z,2026-05-08T21:15:00+0200,2833.25,MW,DE,DE_LU,forecast_offshore_wind_generation,Wind Offshore,2026-05-24T16:09:31Z
2026-05-24T16:08:25Z,2026-05-24T18:08:25+0200,8c5f6830-b44b-449b-bdab-a1b130ad33e1,2026-05-08T19:30:00Z,2026-05-08T21:30:00+0200,2909.75,MW,DE,DE_LU,forecast_offshore_wind_generation,Wind Offshore,2026-05-24T16:09:31Z
2026-05-24T16:08:25Z,2026-05-24T18:08:25+0200,8c5f6830-b44b-449b-bdab-a1b130ad33e1,2026-05-08T19:45:00Z,2026-05-08T21:45:00+0200,2993.19,MW,DE,DE_LU,forecast_offshore_wind_generation,Wind Offshore,2026-05-24T16:09:31Z
2026-05-24T16:08:25Z,2026-05-24T18:08:25+0200,8c5f6830-b44b-449b-bdab-a1b130ad33e1,2026-05-08T20:00:00Z,2026-05-08T22:00:00+0200,3055.54,MW,DE,DE_LU,forecast_offshore_wind_generation,Wind Offshore,2026-05-24T16:09:31Z
2026-05-24T16:08:25Z,2026-05-24T18:08:25+0200,8c5f6830-b44b-449b-bdab-a1b130ad33e1,2026-05-08T20:15:00Z,2026-05-08T22:15:00+0200,3050.15,MW,DE,DE_LU,forecast_offshore_wind_generation,Wind Offshore,2026-05-24T16:09:31Z
2026-05-24T16:08:25Z,2026-05-24T18:08:25+0200,8c5f6830-b44b-449b-bdab-a1b130ad33e1,2026-05-08T20:30:00Z,2026-05-08T22:30:00+0200,3045.8,MW,DE,DE_LU,forecast_offshore_wind_generation,Wind Offshore,2026-05-24T16:09:31Z
2026-05-24T16:08:25Z,2026-05-24T18:08:25+0200,8c5f6830-b44b-449b-bdab-a1b130ad33e1,2026-05-08T20:45:00Z,2026-05-08T22:45:00+0200,3041.43,MW,DE,DE_LU,forecast_offshore_wind_generation,Wind Offshore,2026-05-24T16:09:31Z
2026-05-24T16:08:25Z,2026-05-24T18:08:25+0200,8c5f6830-b44b-449b-bdab-a1b130ad33e1,2026-05-08T21:00:00Z,2026-05-08T23:00:00+0200,3030.38,MW,DE,DE_LU,forecast_offshore_wind_generation,Wind Offshore,2026-05-24T16:09:31Z
2026-05-24T16:08:25Z,2026-05-24T18:08:25+0200,8c5f6830-b44b-449b-bdab-a1b130ad33e1,2026-05-08T21:15:00Z,2026-05-08T23:15:00+0200,3004.28,MW,DE,DE_LU,forecast_offshore_wind_generation,Wind Offshore,2026-05-24T16:09:31Z
2026-05-24T16:08:25Z,2026-05-24T18:08:25+0200,8c5f6830-b44b-449b-bdab-a1b130ad33e1,2026-05-08T21:30:00Z,2026-05-08T23:30:00+0200,2974.2,MW,DE,DE_LU,forecast_offshore_wind_generation,Wind Offshore,2026-05-24T16:09:31Z
2026-05-24T16:08:25Z,2026-05-24T18:08:25+0200,8c5f6830-b44b-449b-bdab-a1b130ad33e1,2026-05-08T21:45:00Z,2026-05-08T23:45:00+0200,2945.12,MW,DE,DE_LU,forecast_offshore_wind_generation,Wind Offshore,2026-05-24T16:09:31Z
2026-05-24T16:08:25Z,2026-05-24T18:08:25+0200,8c5f6830-b44b-449b-bdab-a1b130ad33e1,2026-05-08T22:00:00Z,2026-05-09T00:00:00+0200,2714.18,MW,DE,DE_LU,forecast_offshore_wind_generation,Wind Offshore,2026-05-24T16:09:31Z
2026-05-24T16:08:25Z,2026-05-24T18:08:25+0200,8c5f6830-b44b-449b-bdab-a1b130ad33e1,2026-05-08T22:15:00Z,2026-05-09T00:15:00+0200,2675.31,MW,DE,DE_LU,forecast_offshore_wind_generation,Wind Offshore,2026-05-24T16:09:31Z
2026-05-24T16:08:25Z,2026-05-24T18:08:25+0200,8c5f6830-b44b-449b-bdab-a1b130ad33e1,2026-05-08T22:30:00Z,2026-05-09T00:30:00+0200,2636.41,MW,DE,DE_LU,forecast_offshore_wind_generation,Wind Offshore,2026-05-24T16:09:31Z
2026-05-24T16:08:25Z,2026-05-24T18:08:25+0200,8c5f6830-b44b-449b-bdab-a1b130ad33e1,2026-05-08T22:45:00Z,2026-05-09T00:45:00+0200,2601.47,MW,DE,DE_LU,forecast_offshore_wind_generation,Wind Offshore,2026-05-24T16:09:31Z
2026-05-24T16:08:25Z,2026-05-24T18:08:25+0200,8c5f6830-b44b-449b-bdab-a1b130ad33e1,2026-05-08T23:00:00Z,2026-05-09T01:00:00+0200,2549.78,MW,DE,DE_LU,forecast_offshore_wind_generation,Wind Offshore,2026-05-24T16:09:31Z
2026-05-24T16:08:25Z,2026-05-24T18:08:25+0200,8c5f6830-b44b-449b-bdab-a1b130ad33e1,2026-05-08T23:15:00Z,2026-05-09T01:15:00+0200,2474.53,MW,DE,DE_LU,forecast_offshore_wind_generation,Wind Offshore,2026-05-24T16:09:31Z
2026-05-24T16:08:25Z,2026-05-24T18:08:25+0200,8c5f6830-b44b-449b-bdab-a1b130ad33e1,2026-05-08T23:30:00Z,2026-05-09T01:30:00+0200,2402.29,MW,DE,DE_LU,forecast_offshore_wind_generation,Wind Offshore,2026-05-24T16:09:31Z
2026-05-24T16:08:25Z,2026-05-24T18:08:25+0200,8c5f6830-b44b-449b-bdab-a1b130ad33e1,2026-05-08T23:45:00Z,2026-05-09T01:45:00+0200,2321.03,MW,DE,DE_LU,forecast_offshore_wind_generation,Wind Offshore,2026-05-24T16:09:31Z
2026-05-24T16:08:25Z,2026-05-24T18:08:25+0200,8c5f6830-b44b-449b-bdab-a1b130ad33e1,2026-05-09T00:00:00Z,2026-05-09T02:00:00+0200,2219.66,MW,DE,DE_LU,forecast_offshore_wind_generation,Wind Offshore,2026-05-24T16:09:31Z
2026-05-24T16:08:25Z,2026-05-24T18:08:25+0200,8c5f6830-b44b-449b-bdab-a1b130ad33e1,2026-05-09T00:15:00Z,2026-05-09T02:15:00+0200,2105.75,MW,DE,DE_LU,forecast_offshore_wind_generation,Wind Offshore,2026-05-24T16:09:31Z
2026-05-24T16:08:25Z,2026-05-24T18:08:25+0200,8c5f6830-b44b-449b-bdab-a1b130ad33e1,2026-05-09T00:30:00Z,2026-05-09T02:30:00+0200,1992.87,MW,DE,DE_LU,forecast_offshore_wind_generation,Wind Offshore,2026-05-24T16:09:31Z
2026-05-24T16:08:25Z,2026-05-24T18:08:25+0200,8c5f6830-b44b-449b-bdab-a1b130ad33e1,2026-05-09T00:45:00Z,2026-05-09T02:45:00+0200,1884.0,MW,DE,DE_LU,forecast_offshore_wind_generation,Wind Offshore,2026-05-24T16:09:31Z
2026-05-24T16:08:25Z,2026-05-24T18:08:25+0200,8c5f6830-b44b-449b-bdab-a1b130ad33e1,2026-05-09T01:00:00Z,2026-05-09T03:00:00+0200,1772.88,MW,DE,DE_LU,forecast_offshore_wind_generation,Wind Offshore,2026-05-24T16:09:31Z
2026-05-24T16:08:25Z,2026-05-24T18:08:25+0200,8c5f6830-b44b-449b-bdab-a1b130ad33e1,2026-05-09T01:15:00Z,2026-05-09T03:15:00+0200,1696.22,MW,DE,DE_LU,forecast_offshore_wind_generation,Wind Offshore,2026-05-24T16:09:31Z
2026-05-24T16:08:25Z,2026-05-24T18:08:25+0200,8c5f6830-b44b-449b-bdab-a1b130ad33e1,2026-05-09T01:30:00Z,2026-05-09T03:30:00+0200,1618.61,MW,DE,DE_LU,forecast_offshore_wind_generation,Wind Offshore,2026-05-24T16:09:31Z
2026-05-24T16:08:25Z,2026-05-24T18:08:25+0200,8c5f6830-b44b-449b-bdab-a1b130ad33e1,2026-05-09T01:45:00Z,2026-05-09T03:45:00+0200,1540.04,MW,DE,DE_LU,forecast_offshore_wind_generation,Wind Offshore,2026-05-24T16:09:31Z
2026-05-24T16:08:25Z,2026-05-24T18:08:25+0200,8c5f6830-b44b-449b-bdab-a1b130ad33e1,2026-05-09T02:00:00Z,2026-05-09T04:00:00+0200,1470.21,MW,DE,DE_LU,forecast_offshore_wind_generation,Wind Offshore,2026-05-24T16:09:31Z
2026-05-24T16:08:25Z,2026-05-24T18:08:25+0200,8c5f6830-b44b-449b-bdab-a1b130ad33e1,2026-05-09T02:15:00Z,2026-05-09T04:15:00+0200,1423.33,MW,DE,DE_LU,forecast_offshore_wind_generation,Wind Offshore,2026-05-24T16:09:31Z
2026-05-24T16:08:25Z,2026-05-24T18:08:25+0200,8c5f6830-b44b-449b-bdab-a1b130ad33e1,2026-05-09T02:30:00Z,2026-05-09T04:30:00+0200,1374.45,MW,DE,DE_LU,forecast_offshore_wind_generation,Wind Offshore,2026-05-24T16:09:31Z
2026-05-24T16:08:25Z,2026-05-24T18:08:25+0200,8c5f6830-b44b-449b-bdab-a1b130ad33e1,2026-05-09T02:45:00Z,2026-05-09T04:45:00+0200,1331.64,MW,DE,DE_LU,forecast_offshore_wind_generation,Wind Offshore,2026-05-24T16:09:31Z
2026-05-24T16:08:25Z,2026-05-24T18:08:25+0200,8c5f6830-b44b-449b-bdab-a1b130ad33e1,2026-05-09T03:00:00Z,2026-05-09T05:00:00+0200,1288.46,MW,DE,DE_LU,forecast_offshore_wind_generation,Wind Offshore,2026-05-24T16:09:31Z
2026-05-24T16:08:25Z,2026-05-24T18:08:25+0200,8c5f6830-b44b-449b-bdab-a1b130ad33e1,2026-05-09T03:15:00Z,2026-05-09T05:15:00+0200,1263.53,MW,DE,DE_LU,forecast_offshore_wind_generation,Wind Offshore,2026-05-24T16:09:31Z
2026-05-24T16:08:25Z,2026-05-24T18:08:25+0200,8c5f6830-b44b-449b-bdab-a1b130ad33e1,2026-05-09T03:30:00Z,2026-05-09T05:30:00+0200,1231.48,MW,DE,DE_LU,forecast_offshore_wind_generation,Wind Offshore,2026-05-24T16:09:31Z
2026-05-24T16:08:25Z,2026-05-24T18:08:25+0200,8c5f6830-b44b-449b-bdab-a1b130ad33e1,2026-05-09T03:45:00Z,2026-05-09T05:45:00+0200,1203.37,MW,DE,DE_LU,forecast_offshore_wind_generation,Wind Offshore,2026-05-24T16:09:31Z
2026-05-24T16:08:25Z,2026-05-24T18:08:25+0200,8c5f6830-b44b-449b-bdab-a1b130ad33e1,2026-05-09T04:00:00Z,2026-05-09T06:00:00+0200,1169.16,MW,DE,DE_LU,forecast_offshore_wind_generation,Wind Offshore,2026-05-24T16:09:31Z
2026-05-24T16:08:25Z,2026-05-24T18:08:25+0200,8c5f6830-b44b-449b-bdab-a1b130ad33e1,2026-05-09T04:15:00Z,2026-05-09T06:15:00+0200,1136.82,MW,DE,DE_LU,forecast_offshore_wind_generation,Wind Offshore,2026-05-24T16:09:31Z
2026-05-24T16:08:25Z,2026-05-24T18:08:25+0200,8c5f6830-b44b-449b-bdab-a1b130ad33e1,2026-05-09T04:30:00Z,2026-05-09T06:30:00+0200,1111.46,MW,DE,DE_LU,forecast_offshore_wind_generation,Wind Offshore,2026-05-24T16:09:31Z
2026-05-24T16:08:25Z,2026-05-24T18:08:25+0200,8c5f6830-b44b-449b-bdab-a1b130ad33e1,2026-05-09T04:45:00Z,2026-05-09T06:45:00+0200,1079.11,MW,DE,DE_LU,forecast_offshore_wind_generation,Wind Offshore,2026-05-24T16:09:31Z
2026-05-24T16:08:25Z,2026-05-24T18:08:25+0200,8c5f6830-b44b-449b-bdab-a1b130ad33e1,2026-05-09T05:00:00Z,2026-05-09T07:00:00+0200,1049.62,MW,DE,DE_LU,forecast_offshore_wind_generation,Wind Offshore,2026-05-24T16:09:31Z
2026-05-24T16:08:25Z,2026-05-24T18:08:25+0200,8c5f6830-b44b-449b-bdab-a1b130ad33e1,2026-05-09T05:15:00Z,2026-05-09T07:15:00+0200,1016.96,MW,DE,DE_LU,forecast_offshore_wind_generation,Wind Offshore,2026-05-24T16:09:31Z
2026-05-24T16:08:25Z,2026-05-24T18:08:25+0200,8c5f6830-b44b-449b-bdab-a1b130ad33e1,2026-05-09T05:30:00Z,2026-05-09T07:30:00+0200,981.32,MW,DE,DE_LU,forecast_offshore_wind_generation,Wind Offshore,2026-05-24T16:09:31Z
2026-05-24T16:08:25Z,2026-05-24T18:08:25+0200,8c5f6830-b44b-449b-bdab-a1b130ad33e1,2026-05-09T05:45:00Z,2026-05-09T07:45:00+0200,945.63,MW,DE,DE_LU,forecast_offshore_wind_generation,Wind Offshore,2026-05-24T16:09:31Z
2026-05-24T16:08:25Z,2026-05-24T18:08:25+0200,8c5f6830-b44b-449b-bdab-a1b130ad33e1,2026-05-09T06:00:00Z,2026-05-09T08:00:00+0200,912.81,MW,DE,DE_LU,forecast_offshore_wind_generation,Wind Offshore,2026-05-24T16:09:31Z
2026-05-24T16:08:25Z,2026-05-24T18:08:25+0200,8c5f6830-b44b-449b-bdab-a1b130ad33e1,2026-05-09T06:15:00Z,2026-05-09T08:15:00+0200,880.48,MW,DE,DE_LU,forecast_offshore_wind_generation,Wind Offshore,2026-05-24T16:09:31Z
2026-05-24T16:08:25Z,2026-05-24T18:08:25+0200,8c5f6830-b44b-449b-bdab-a1b130ad33e1,2026-05-09T06:30:00Z,2026-05-09T08:30:00+0200,844.72,MW,DE,DE_LU,forecast_offshore_wind_generation,Wind Offshore,2026-05-24T16:09:31Z
2026-05-24T16:08:25Z,2026-05-24T18:08:25+0200,8c5f6830-b44b-449b-bdab-a1b130ad33e1,2026-05-09T06:45:00Z,2026-05-09T08:45:00+0200,787.79,MW,DE,DE_LU,forecast_offshore_wind_generation,Wind Offshore,2026-05-24T16:09:31Z
2026-05-24T16:08:25Z,2026-05-24T18:08:25+0200,8c5f6830-b44b-449b-bdab-a1b130ad33e1,2026-05-09T07:00:00Z,2026-05-09T09:00:00+0200,783.21,MW,DE,DE_LU,forecast_offshore_wind_generation,Wind Offshore,2026-05-24T16:09:31Z
2026-05-24T16:08:25Z,2026-05-24T18:08:25+0200,8c5f6830-b44b-449b-bdab-a1b130ad33e1,2026-05-09T07:15:00Z,2026-05-09T09:15:00+0200,746.72,MW,DE,DE_LU,forecast_offshore_wind_generation,Wind Offshore,2026-05-24T16:09:31Z
2026-05-24T16:08:25Z,2026-05-24T18:08:25+0200,8c5f6830-b44b-449b-bdab-a1b130ad33e1,2026-05-09T07:30:00Z,2026-05-09T09:30:00+0200,713.36,MW,DE,DE_LU,forecast_offshore_wind_generation,Wind Offshore,2026-05-24T16:09:31Z
2026-05-24T16:08:25Z,2026-05-24T18:08:25+0200,8c5f6830-b44b-449b-bdab-a1b130ad33e1,2026-05-09T07:45:00Z,2026-05-09T09:45:00+0200,681.05,MW,DE,DE_LU,forecast_offshore_wind_generation,Wind Offshore,2026-05-24T16:09:31Z
2026-05-24T16:08:25Z,2026-05-24T18:08:25+0200,8c5f6830-b44b-449b-bdab-a1b130ad33e1,2026-05-09T08:00:00Z,2026-05-09T10:00:00+0200,646.56,MW,DE,DE_LU,forecast_offshore_wind_generation,Wind Offshore,2026-05-24T16:09:31Z
2026-05-24T16:08:25Z,2026-05-24T18:08:25+0200,8c5f6830-b44b-449b-bdab-a1b130ad33e1,2026-05-09T08:15:00Z,2026-05-09T10:15:00+0200,617.31,MW,DE,DE_LU,forecast_offshore_wind_generation,Wind Offshore,2026-05-24T16:09:31Z
2026-05-24T16:08:25Z,2026-05-24T18:08:25+0200,8c5f6830-b44b-449b-bdab-a1b130ad33e1,2026-05-09T08:30:00Z,2026-05-09T10:30:00+0200,574.28,MW,DE,DE_LU,forecast_offshore_wind_generation,Wind Offshore,2026-05-24T16:09:31Z
2026-05-24T16:08:25Z,2026-05-24T18:08:25+0200,8c5f6830-b44b-449b-bdab-a1b130ad33e1,2026-05-09T08:45:00Z,2026-05-09T10:45:00+0200,548.39,MW,DE,DE_LU,forecast_offshore_wind_generation,Wind Offshore,2026-05-24T16:09:31Z
2026-05-24T16:08:25Z,2026-05-24T18:08:25+0200,8c5f6830-b44b-449b-bdab-a1b130ad33e1,2026-05-09T09:00:00Z,2026-05-09T11:00:00+0200,527.17,MW,DE,DE_LU,forecast_offshore_wind_generation,Wind Offshore,2026-05-24T16:09:31Z
2026-05-24T16:08:25Z,2026-05-24T18:08:25+0200,8c5f6830-b44b-449b-bdab-a1b130ad33e1,2026-05-09T09:15:00Z,2026-05-09T11:15:00+0200,521.24,MW,DE,DE_LU,forecast_offshore_wind_generation,Wind Offshore,2026-05-24T16:09:31Z
2026-05-24T16:08:25Z,2026-05-24T18:08:25+0200,8c5f6830-b44b-449b-bdab-a1b130ad33e1,2026-05-09T09:30:00Z,2026-05-09T11:30:00+0200,510.28,MW,DE,DE_LU,forecast_offshore_wind_generation,Wind Offshore,2026-05-24T16:09:31Z
2026-05-24T16:08:25Z,2026-05-24T18:08:25+0200,8c5f6830-b44b-449b-bdab-a1b130ad33e1,2026-05-09T09:45:00Z,2026-05-09T11:45:00+0200,497.31,MW,DE,DE_LU,forecast_offshore_wind_generation,Wind Offshore,2026-05-24T16:09:31Z
2026-05-24T16:08:25Z,2026-05-24T18:08:25+0200,8c5f6830-b44b-449b-bdab-a1b130ad33e1,2026-05-09T10:00:00Z,2026-05-09T12:00:00+0200,492.81,MW,DE,DE_LU,forecast_offshore_wind_generation,Wind Offshore,2026-05-24T16:09:31Z
2026-05-24T16:08:25Z,2026-05-24T18:08:25+0200,8c5f6830-b44b-449b-bdab-a1b130ad33e1,2026-05-09T10:15:00Z,2026-05-09T12:15:00+0200,492.69,MW,DE,DE_LU,forecast_offshore_wind_generation,Wind Offshore,2026-05-24T16:09:31Z
2026-05-24T16:08:25Z,2026-05-24T18:08:25+0200,8c5f6830-b44b-449b-bdab-a1b130ad33e1,2026-05-09T10:30:00Z,2026-05-09T12:30:00+0200,489.74,MW,DE,DE_LU,forecast_offshore_wind_generation,Wind Offshore,2026-05-24T16:09:31Z
2026-05-24T16:08:25Z,2026-05-24T18:08:25+0200,8c5f6830-b44b-449b-bdab-a1b130ad33e1,2026-05-09T10:45:00Z,2026-05-09T12:45:00+0200,490.9,MW,DE,DE_LU,forecast_offshore_wind_generation,Wind Offshore,2026-05-24T16:09:31Z
2026-05-24T16:08:25Z,2026-05-24T18:08:25+0200,8c5f6830-b44b-449b-bdab-a1b130ad33e1,2026-05-09T11:00:00Z,2026-05-09T13:00:00+0200,488.96,MW,DE,DE_LU,forecast_offshore_wind_generation,Wind Offshore,2026-05-24T16:09:31Z
2026-05-24T16:08:25Z,2026-05-24T18:08:25+0200,8c5f6830-b44b-449b-bdab-a1b130ad33e1,2026-05-09T11:15:00Z,2026-05-09T13:15:00+0200,485.26,MW,DE,DE_LU,forecast_offshore_wind_generation,Wind Offshore,2026-05-24T16:09:31Z
2026-05-24T16:08:25Z,2026-05-24T18:08:25+0200,8c5f6830-b44b-449b-bdab-a1b130ad33e1,2026-05-09T11:30:00Z,2026-05-09T13:30:00+0200,481.58,MW,DE,DE_LU,forecast_offshore_wind_generation,Wind Offshore,2026-05-24T16:09:31Z
2026-05-24T16:08:25Z,2026-05-24T18:08:25+0200,8c5f6830-b44b-449b-bdab-a1b130ad33e1,2026-05-09T11:45:00Z,2026-05-09T13:45:00+0200,484.91,MW,DE,DE_LU,forecast_offshore_wind_generation,Wind Offshore,2026-05-24T16:09:31Z
2026-05-24T16:08:25Z,2026-05-24T18:08:25+0200,8c5f6830-b44b-449b-bdab-a1b130ad33e1,2026-05-09T12:00:00Z,2026-05-09T14:00:00+0200,475.57,MW,DE,DE_LU,forecast_offshore_wind_generation,Wind Offshore,2026-05-24T16:09:31Z
2026-05-24T16:08:25Z,2026-05-24T18:08:25+0200,8c5f6830-b44b-449b-bdab-a1b130ad33e1,2026-05-09T12:15:00Z,2026-05-09T14:15:00+0200,467.12,MW,DE,DE_LU,forecast_offshore_wind_generation,Wind Offshore,2026-05-24T16:09:31Z
2026-05-24T16:08:25Z,2026-05-24T18:08:25+0200,8c5f6830-b44b-449b-bdab-a1b130ad33e1,2026-05-09T12:30:00Z,2026-05-09T14:30:00+0200,455.66,MW,DE,DE_LU,forecast_offshore_wind_generation,Wind Offshore,2026-05-24T16:09:31Z
2026-05-24T16:08:25Z,2026-05-24T18:08:25+0200,8c5f6830-b44b-449b-bdab-a1b130ad33e1,2026-05-09T12:45:00Z,2026-05-09T14:45:00+0200,446.24,MW,DE,DE_LU,forecast_offshore_wind_generation,Wind Offshore,2026-05-24T16:09:31Z
2026-05-24T16:08:25Z,2026-05-24T18:08:25+0200,8c5f6830-b44b-449b-bdab-a1b130ad33e1,2026-05-09T13:00:00Z,2026-05-09T15:00:00+0200,438.13,MW,DE,DE_LU,forecast_offshore_wind_generation,Wind Offshore,2026-05-24T16:09:31Z
2026-05-24T16:08:25Z,2026-05-24T18:08:25+0200,8c5f6830-b44b-449b-bdab-a1b130ad33e1,2026-05-09T13:15:00Z,2026-05-09T15:15:00+0200,441.92,MW,DE,DE_LU,forecast_offshore_wind_generation,Wind Offshore,2026-05-24T16:09:31Z
2026-05-24T16:08:25Z,2026-05-24T18:08:25+0200,8c5f6830-b44b-449b-bdab-a1b130ad33e1,2026-05-09T13:30:00Z,2026-05-09T15:30:00+0200,442.72,MW,DE,DE_LU,forecast_offshore_wind_generation,Wind Offshore,2026-05-24T16:09:31Z
2026-05-24T16:08:25Z,2026-05-24T18:08:25+0200,8c5f6830-b44b-449b-bdab-a1b130ad33e1,2026-05-09T13:45:00Z,2026-05-09T15:45:00+0200,444.46,MW,DE,DE_LU,forecast_offshore_wind_generation,Wind Offshore,2026-05-24T16:09:31Z
2026-05-24T16:08:25Z,2026-05-24T18:08:25+0200,8c5f6830-b44b-449b-bdab-a1b130ad33e1,2026-05-09T14:00:00Z,2026-05-09T16:00:00+0200,446.47,MW,DE,DE_LU,forecast_offshore_wind_generation,Wind Offshore,2026-05-24T16:09:31Z
2026-05-24T16:08:25Z,2026-05-24T18:08:25+0200,8c5f6830-b44b-449b-bdab-a1b130ad33e1,2026-05-09T14:15:00Z,2026-05-09T16:15:00+0200,457.79,MW,DE,DE_LU,forecast_offshore_wind_generation,Wind Offshore,2026-05-24T16:09:31Z
2026-05-24T16:08:25Z,2026-05-24T18:08:25+0200,8c5f6830-b44b-449b-bdab-a1b130ad33e1,2026-05-09T14:30:00Z,2026-05-09T16:30:00+0200,469.09,MW,DE,DE_LU,forecast_offshore_wind_generation,Wind Offshore,2026-05-24T16:09:31Z
2026-05-24T16:08:25Z,2026-05-24T18:08:25+0200,8c5f6830-b44b-449b-bdab-a1b130ad33e1,2026-05-09T14:45:00Z,2026-05-09T16:45:00+0200,477.41,MW,DE,DE_LU,forecast_offshore_wind_generation,Wind Offshore,2026-05-24T16:09:31Z
2026-05-24T16:08:25Z,2026-05-24T18:08:25+0200,8c5f6830-b44b-449b-bdab-a1b130ad33e1,2026-05-09T15:00:00Z,2026-05-09T17:00:00+0200,498.39,MW,DE,DE_LU,forecast_offshore_wind_generation,Wind Offshore,2026-05-24T16:09:31Z
2026-05-24T16:08:25Z,2026-05-24T18:08:25+0200,8c5f6830-b44b-449b-bdab-a1b130ad33e1,2026-05-09T15:15:00Z,2026-05-09T17:15:00+0200,514.31,MW,DE,DE_LU,forecast_offshore_wind_generation,Wind Offshore,2026-05-24T16:09:31Z
2026-05-24T16:08:25Z,2026-05-24T18:08:25+0200,8c5f6830-b44b-449b-bdab-a1b130ad33e1,2026-05-09T15:30:00Z,2026-05-09T17:30:00+0200,532.36,MW,DE,DE_LU,forecast_offshore_wind_generation,Wind Offshore,2026-05-24T16:09:31Z
2026-05-24T16:08:25Z,2026-05-24T18:08:25+0200,8c5f6830-b44b-449b-bdab-a1b130ad33e1,2026-05-09T15:45:00Z,2026-05-09T17:45:00+0200,550.55,MW,DE,DE_LU,forecast_offshore_wind_generation,Wind Offshore,2026-05-24T16:09:31Z
2026-05-24T16:08:25Z,2026-05-24T18:08:25+0200,8c5f6830-b44b-449b-bdab-a1b130ad33e1,2026-05-09T16:00:00Z,2026-05-09T18:00:00+0200,560.74,MW,DE,DE_LU,forecast_offshore_wind_generation,Wind Offshore,2026-05-24T16:09:31Z
2026-05-24T16:08:25Z,2026-05-24T18:08:25+0200,8c5f6830-b44b-449b-bdab-a1b130ad33e1,2026-05-09T16:15:00Z,2026-05-09T18:15:00+0200,572.28,MW,DE,DE_LU,forecast_offshore_wind_generation,Wind Offshore,2026-05-24T16:09:31Z
2026-05-24T16:08:25Z,2026-05-24T18:08:25+0200,8c5f6830-b44b-449b-bdab-a1b130ad33e1,2026-05-09T16:30:00Z,2026-05-09T18:30:00+0200,583.84,MW,DE,DE_LU,forecast_offshore_wind_generation,Wind Offshore,2026-05-24T16:09:31Z
2026-05-24T16:08:25Z,2026-05-24T18:08:25+0200,8c5f6830-b44b-449b-bdab-a1b130ad33e1,2026-05-09T16:45:00Z,2026-05-09T18:45:00+0200,599.5,MW,DE,DE_LU,forecast_offshore_wind_generation,Wind Offshore,2026-05-24T16:09:31Z
2026-05-24T16:08:25Z,2026-05-24T18:08:25+0200,8c5f6830-b44b-449b-bdab-a1b130ad33e1,2026-05-09T17:00:00Z,2026-05-09T19:00:00+0200,605.35,MW,DE,DE_LU,forecast_offshore_wind_generation,Wind Offshore,2026-05-24T16:09:31Z
2026-05-24T16:08:25Z,2026-05-24T18:08:25+0200,8c5f6830-b44b-449b-bdab-a1b130ad33e1,2026-05-09T17:15:00Z,2026-05-09T19:15:00+0200,610.95,MW,DE,DE_LU,forecast_offshore_wind_generation,Wind Offshore,2026-05-24T16:09:31Z
2026-05-24T16:08:25Z,2026-05-24T18:08:25+0200,8c5f6830-b44b-449b-bdab-a1b130ad33e1,2026-05-09T17:30:00Z,2026-05-09T19:30:00+0200,614.57,MW,DE,DE_LU,forecast_offshore_wind_generation,Wind Offshore,2026-05-24T16:09:31Z
2026-05-24T16:08:25Z,2026-05-24T18:08:25+0200,8c5f6830-b44b-449b-bdab-a1b130ad33e1,2026-05-09T17:45:00Z,2026-05-09T19:45:00+0200,617.24,MW,DE,DE_LU,forecast_offshore_wind_generation,Wind Offshore,2026-05-24T16:09:31Z
2026-05-24T16:08:25Z,2026-05-24T18:08:25+0200,8c5f6830-b44b-449b-bdab-a1b130ad33e1,2026-05-09T18:00:00Z,2026-05-09T20:00:00+0200,619.71,MW,DE,DE_LU,forecast_offshore_wind_generation,Wind Offshore,2026-05-24T16:09:31Z
2026-05-24T16:08:25Z,2026-05-24T18:08:25+0200,8c5f6830-b44b-449b-bdab-a1b130ad33e1,2026-05-09T18:15:00Z,2026-05-09T20:15:00+0200,627.39,MW,DE,DE_LU,forecast_offshore_wind_generation,Wind Offshore,2026-05-24T16:09:31Z
2026-05-24T16:08:25Z,2026-05-24T18:08:25+0200,8c5f6830-b44b-449b-bdab-a1b130ad33e1,2026-05-09T18:30:00Z,2026-05-09T20:30:00+0200,636.13,MW,DE,DE_LU,forecast_offshore_wind_generation,Wind Offshore,2026-05-24T16:09:31Z
2026-05-24T16:08:25Z,2026-05-24T18:08:25+0200,8c5f6830-b44b-449b-bdab-a1b130ad33e1,2026-05-09T18:45:00Z,2026-05-09T20:45:00+0200,644.96,MW,DE,DE_LU,forecast_offshore_wind_generation,Wind Offshore,2026-05-24T16:09:31Z
2026-05-24T16:08:25Z,2026-05-24T18:08:25+0200,8c5f6830-b44b-449b-bdab-a1b130ad33e1,2026-05-09T19:00:00Z,2026-05-09T21:00:00+0200,653.95,MW,DE,DE_LU,forecast_offshore_wind_generation,Wind Offshore,2026-05-24T16:09:31Z
2026-05-24T16:08:25Z,2026-05-24T18:08:25+0200,8c5f6830-b44b-449b-bdab-a1b130ad33e1,2026-05-09T19:15:00Z,2026-05-09T21:15:00+0200,663.86,MW,DE,DE_LU,forecast_offshore_wind_generation,Wind Offshore,2026-05-24T16:09:31Z
2026-05-24T16:08:25Z,2026-05-24T18:08:25+0200,8c5f6830-b44b-449b-bdab-a1b130ad33e1,2026-05-09T19:30:00Z,2026-05-09T21:30:00+0200,672.75,MW,DE,DE_LU,forecast_offshore_wind_generation,Wind Offshore,2026-05-24T16:09:31Z
2026-05-24T16:08:25Z,2026-05-24T18:08:25+0200,8c5f6830-b44b-449b-bdab-a1b130ad33e1,2026-05-09T19:45:00Z,2026-05-09T21:45:00+0200,681.58,MW,DE,DE_LU,forecast_offshore_wind_generation,Wind Offshore,2026-05-24T16:09:31Z
2026-05-24T16:08:25Z,2026-05-24T18:08:25+0200,8c5f6830-b44b-449b-bdab-a1b130ad33e1,2026-05-09T20:00:00Z,2026-05-09T22:00:00+0200,688.33,MW,DE,DE_LU,forecast_offshore_wind_generation,Wind Offshore,2026-05-24T16:09:31Z
2026-05-24T16:08:25Z,2026-05-24T18:08:25+0200,8c5f6830-b44b-449b-bdab-a1b130ad33e1,2026-05-09T20:15:00Z,2026-05-09T22:15:00+0200,702.81,MW,DE,DE_LU,forecast_offshore_wind_generation,Wind Offshore,2026-05-24T16:09:31Z
2026-05-24T16:08:25Z,2026-05-24T18:08:25+0200,8c5f6830-b44b-449b-bdab-a1b130ad33e1,2026-05-09T20:30:00Z,2026-05-09T22:30:00+0200,712.29,MW,DE,DE_LU,forecast_offshore_wind_generation,Wind Offshore,2026-05-24T16:09:31Z
2026-05-24T16:08:25Z,2026-05-24T18:08:25+0200,8c5f6830-b44b-449b-bdab-a1b130ad33e1,2026-05-09T20:45:00Z,2026-05-09T22:45:00+0200,721.76,MW,DE,DE_LU,forecast_offshore_wind_generation,Wind Offshore,2026-05-24T16:09:31Z
2026-05-24T16:08:25Z,2026-05-24T18:08:25+0200,8c5f6830-b44b-449b-bdab-a1b130ad33e1,2026-05-09T21:00:00Z,2026-05-09T23:00:00+0200,734.45,MW,DE,DE_LU,forecast_offshore_wind_generation,Wind Offshore,2026-05-24T16:09:31Z
2026-05-24T16:08:25Z,2026-05-24T18:08:25+0200,8c5f6830-b44b-449b-bdab-a1b130ad33e1,2026-05-09T21:15:00Z,2026-05-09T23:15:00+0200,723.93,MW,DE,DE_LU,forecast_offshore_wind_generation,Wind Offshore,2026-05-24T16:09:31Z
2026-05-24T16:08:25Z,2026-05-24T18:08:25+0200,8c5f6830-b44b-449b-bdab-a1b130ad33e1,2026-05-09T21:30:00Z,2026-05-09T23:30:00+0200,715.57,MW,DE,DE_LU,forecast_offshore_wind_generation,Wind Offshore,2026-05-24T16:09:31Z
2026-05-24T16:08:25Z,2026-05-24T18:08:25+0200,8c5f6830-b44b-449b-bdab-a1b130ad33e1,2026-05-09T21:45:00Z,2026-05-09T23:45:00+0200,710.11,MW,DE,DE_LU,forecast_offshore_wind_generation,Wind Offshore,2026-05-24T16:09:31Z
2026-05-24T16:08:25Z,2026-05-24T18:08:25+0200,8c5f6830-b44b-449b-bdab-a1b130ad33e1,2026-05-09T22:00:00Z,2026-05-10T00:00:00+0200,579.65,MW,DE,DE_LU,forecast_offshore_wind_generation,Wind Offshore,2026-05-24T16:09:31Z
2026-05-24T16:08:25Z,2026-05-24T18:08:25+0200,8c5f6830-b44b-449b-bdab-a1b130ad33e1,2026-05-09T22:15:00Z,2026-05-10T00:15:00+0200,547.44,MW,DE,DE_LU,forecast_offshore_wind_generation,Wind Offshore,2026-05-24T16:09:31Z
2026-05-24T16:08:25Z,2026-05-24T18:08:25+0200,8c5f6830-b44b-449b-bdab-a1b130ad33e1,2026-05-09T22:30:00Z,2026-05-10T00:30:00+0200,515.24,MW,DE,DE_LU,forecast_offshore_wind_generation,Wind Offshore,2026-05-24T16:09:31Z
2026-05-24T16:08:25Z,2026-05-24T18:08:25+0200,8c5f6830-b44b-449b-bdab-a1b130ad33e1,2026-05-09T22:45:00Z,2026-05-10T00:45:00+0200,479.09,MW,DE,DE_LU,forecast_offshore_wind_generation,Wind Offshore,2026-05-24T16:09:31Z
2026-05-24T16:08:25Z,2026-05-24T18:08:25+0200,8c5f6830-b44b-449b-bdab-a1b130ad33e1,2026-05-09T23:00:00Z,2026-05-10T01:00:00+0200,450.56,MW,DE,DE_LU,forecast_offshore_wind_generation,Wind Offshore,2026-05-24T16:09:31Z
2026-05-24T16:08:25Z,2026-05-24T18:08:25+0200,8c5f6830-b44b-449b-bdab-a1b130ad33e1,2026-05-09T23:15:00Z,2026-05-10T01:15:00+0200,430.28,MW,DE,DE_LU,forecast_offshore_wind_generation,Wind Offshore,2026-05-24T16:09:31Z
2026-05-24T16:08:25Z,2026-05-24T18:08:25+0200,8c5f6830-b44b-449b-bdab-a1b130ad33e1,2026-05-09T23:30:00Z,2026-05-10T01:30:00+0200,404.99,MW,DE,DE_LU,forecast_offshore_wind_generation,Wind Offshore,2026-05-24T16:09:31Z
2026-05-24T16:08:25Z,2026-05-24T18:08:25+0200,8c5f6830-b44b-449b-bdab-a1b130ad33e1,2026-05-09T23:45:00Z,2026-05-10T01:45:00+0200,378.71,MW,DE,DE_LU,forecast_offshore_wind_generation,Wind Offshore,2026-05-24T16:09:31Z
2026-05-24T16:08:25Z,2026-05-24T18:08:25+0200,8c5f6830-b44b-449b-bdab-a1b130ad33e1,2026-05-10T00:00:00Z,2026-05-10T02:00:00+0200,363.34,MW,DE,DE_LU,forecast_offshore_wind_generation,Wind Offshore,2026-05-24T16:09:31Z
2026-05-24T16:08:25Z,2026-05-24T18:08:25+0200,8c5f6830-b44b-449b-bdab-a1b130ad33e1,2026-05-10T00:15:00Z,2026-05-10T02:15:00+0200,352.21,MW,DE,DE_LU,forecast_offshore_wind_generation,Wind Offshore,2026-05-24T16:09:31Z
2026-05-24T16:08:25Z,2026-05-24T18:08:25+0200,8c5f6830-b44b-449b-bdab-a1b130ad33e1,2026-05-10T00:30:00Z,2026-05-10T02:30:00+0200,346.11,MW,DE,DE_LU,forecast_offshore_wind_generation,Wind Offshore,2026-05-24T16:09:31Z
2026-05-24T16:08:25Z,2026-05-24T18:08:25+0200,8c5f6830-b44b-449b-bdab-a1b130ad33e1,2026-05-10T00:45:00Z,2026-05-10T02:45:00+0200,336.03,MW,DE,DE_LU,forecast_offshore_wind_generation,Wind Offshore,2026-05-24T16:09:31Z
2026-05-24T16:08:25Z,2026-05-24T18:08:25+0200,8c5f6830-b44b-449b-bdab-a1b130ad33e1,2026-05-10T01:00:00Z,2026-05-10T03:00:00+0200,337.41,MW,DE,DE_LU,forecast_offshore_wind_generation,Wind Offshore,2026-05-24T16:09:31Z
2026-05-24T16:08:25Z,2026-05-24T18:08:25+0200,8c5f6830-b44b-449b-bdab-a1b130ad33e1,2026-05-10T01:15:00Z,2026-05-10T03:15:00+0200,341.16,MW,DE,DE_LU,forecast_offshore_wind_generation,Wind Offshore,2026-05-24T16:09:31Z
2026-05-24T16:08:25Z,2026-05-24T18:08:25+0200,8c5f6830-b44b-449b-bdab-a1b130ad33e1,2026-05-10T01:30:00Z,2026-05-10T03:30:00+0200,349.92,MW,DE,DE_LU,forecast_offshore_wind_generation,Wind Offshore,2026-05-24T16:09:31Z
2026-05-24T16:08:25Z,2026-05-24T18:08:25+0200,8c5f6830-b44b-449b-bdab-a1b130ad33e1,2026-05-10T01:45:00Z,2026-05-10T03:45:00+0200,355.64,MW,DE,DE_LU,forecast_offshore_wind_generation,Wind Offshore,2026-05-24T16:09:31Z
2026-05-24T16:08:25Z,2026-05-24T18:08:25+0200,8c5f6830-b44b-449b-bdab-a1b130ad33e1,2026-05-10T02:00:00Z,2026-05-10T04:00:00+0200,369.1,MW,DE,DE_LU,forecast_offshore_wind_generation,Wind Offshore,2026-05-24T16:09:31Z
2026-05-24T16:08:25Z,2026-05-24T18:08:25+0200,8c5f6830-b44b-449b-bdab-a1b130ad33e1,2026-05-10T02:15:00Z,2026-05-10T04:15:00+0200,401.84,MW,DE,DE_LU,forecast_offshore_wind_generation,Wind Offshore,2026-05-24T16:09:31Z
2026-05-24T16:08:25Z,2026-05-24T18:08:25+0200,8c5f6830-b44b-449b-bdab-a1b130ad33e1,2026-05-10T02:30:00Z,2026-05-10T04:30:00+0200,435.59,MW,DE,DE_LU,forecast_offshore_wind_generation,Wind Offshore,2026-05-24T16:09:31Z
2026-05-24T16:08:25Z,2026-05-24T18:08:25+0200,8c5f6830-b44b-449b-bdab-a1b130ad33e1,2026-05-10T02:45:00Z,2026-05-10T04:45:00+0200,468.32,MW,DE,DE_LU,forecast_offshore_wind_generation,Wind Offshore,2026-05-24T16:09:31Z
2026-05-24T16:08:25Z,2026-05-24T18:08:25+0200,8c5f6830-b44b-449b-bdab-a1b130ad33e1,2026-05-10T03:00:00Z,2026-05-10T05:00:00+0200,516.84,MW,DE,DE_LU,forecast_offshore_wind_generation,Wind Offshore,2026-05-24T16:09:31Z
2026-05-24T16:08:25Z,2026-05-24T18:08:25+0200,8c5f6830-b44b-449b-bdab-a1b130ad33e1,2026-05-10T03:15:00Z,2026-05-10T05:15:00+0200,614.11,MW,DE,DE_LU,forecast_offshore_wind_generation,Wind Offshore,2026-05-24T16:09:31Z
2026-05-24T16:08:25Z,2026-05-24T18:08:25+0200,8c5f6830-b44b-449b-bdab-a1b130ad33e1,2026-05-10T03:30:00Z,2026-05-10T05:30:00+0200,710.39,MW,DE,DE_LU,forecast_offshore_wind_generation,Wind Offshore,2026-05-24T16:09:31Z
2026-05-24T16:08:25Z,2026-05-24T18:08:25+0200,8c5f6830-b44b-449b-bdab-a1b130ad33e1,2026-05-10T03:45:00Z,2026-05-10T05:45:00+0200,811.82,MW,DE,DE_LU,forecast_offshore_wind_generation,Wind Offshore,2026-05-24T16:09:31Z
2026-05-24T16:08:25Z,2026-05-24T18:08:25+0200,8c5f6830-b44b-449b-bdab-a1b130ad33e1,2026-05-10T04:00:00Z,2026-05-10T06:00:00+0200,919.22,MW,DE,DE_LU,forecast_offshore_wind_generation,Wind Offshore,2026-05-24T16:09:31Z
2026-05-24T16:08:25Z,2026-05-24T18:08:25+0200,8c5f6830-b44b-449b-bdab-a1b130ad33e1,2026-05-10T04:15:00Z,2026-05-10T06:15:00+0200,1055.54,MW,DE,DE_LU,forecast_offshore_wind_generation,Wind Offshore,2026-05-24T16:09:31Z
2026-05-24T16:08:25Z,2026-05-24T18:08:25+0200,8c5f6830-b44b-449b-bdab-a1b130ad33e1,2026-05-10T04:30:00Z,2026-05-10T06:30:00+0200,1190.86,MW,DE,DE_LU,forecast_offshore_wind_generation,Wind Offshore,2026-05-24T16:09:31Z
2026-05-24T16:08:25Z,2026-05-24T18:08:25+0200,8c5f6830-b44b-449b-bdab-a1b130ad33e1,2026-05-10T04:45:00Z,2026-05-10T06:45:00+0200,1323.21,MW,DE,DE_LU,forecast_offshore_wind_generation,Wind Offshore,2026-05-24T16:09:31Z
2026-05-24T16:08:25Z,2026-05-24T18:08:25+0200,8c5f6830-b44b-449b-bdab-a1b130ad33e1,2026-05-10T05:00:00Z,2026-05-10T07:00:00+0200,1472.49,MW,DE,DE_LU,forecast_offshore_wind_generation,Wind Offshore,2026-05-24T16:09:31Z
2026-05-24T16:08:25Z,2026-05-24T18:08:25+0200,8c5f6830-b44b-449b-bdab-a1b130ad33e1,2026-05-10T05:15:00Z,2026-05-10T07:15:00+0200,1616.79,MW,DE,DE_LU,forecast_offshore_wind_generation,Wind Offshore,2026-05-24T16:09:31Z
2026-05-24T16:08:25Z,2026-05-24T18:08:25+0200,8c5f6830-b44b-449b-bdab-a1b130ad33e1,2026-05-10T05:30:00Z,2026-05-10T07:30:00+0200,1758.09,MW,DE,DE_LU,forecast_offshore_wind_generation,Wind Offshore,2026-05-24T16:09:31Z
2026-05-24T16:08:25Z,2026-05-24T18:08:25+0200,8c5f6830-b44b-449b-bdab-a1b130ad33e1,2026-05-10T05:45:00Z,2026-05-10T07:45:00+0200,1904.6,MW,DE,DE_LU,forecast_offshore_wind_generation,Wind Offshore,2026-05-24T16:09:31Z
2026-05-24T16:08:25Z,2026-05-24T18:08:25+0200,8c5f6830-b44b-449b-bdab-a1b130ad33e1,2026-05-10T06:00:00Z,2026-05-10T08:00:00+0200,2050.55,MW,DE,DE_LU,forecast_offshore_wind_generation,Wind Offshore,2026-05-24T16:09:31Z
2026-05-24T16:08:25Z,2026-05-24T18:08:25+0200,8c5f6830-b44b-449b-bdab-a1b130ad33e1,2026-05-10T06:15:00Z,2026-05-10T08:15:00+0200,2138.51,MW,DE,DE_LU,forecast_offshore_wind_generation,Wind Offshore,2026-05-24T16:09:31Z
2026-05-24T16:08:25Z,2026-05-24T18:08:25+0200,8c5f6830-b44b-449b-bdab-a1b130ad33e1,2026-05-10T06:30:00Z,2026-05-10T08:30:00+0200,2231.33,MW,DE,DE_LU,forecast_offshore_wind_generation,Wind Offshore,2026-05-24T16:09:31Z
2026-05-24T16:08:25Z,2026-05-24T18:08:25+0200,8c5f6830-b44b-449b-bdab-a1b130ad33e1,2026-05-10T06:45:00Z,2026-05-10T08:45:00+0200,2321.51,MW,DE,DE_LU,forecast_offshore_wind_generation,Wind Offshore,2026-05-24T16:09:31Z
2026-05-24T16:08:25Z,2026-05-24T18:08:25+0200,8c5f6830-b44b-449b-bdab-a1b130ad33e1,2026-05-10T07:00:00Z,2026-05-10T09:00:00+0200,2403.85,MW,DE,DE_LU,forecast_offshore_wind_generation,Wind Offshore,2026-05-24T16:09:31Z
2026-05-24T16:08:25Z,2026-05-24T18:08:25+0200,8c5f6830-b44b-449b-bdab-a1b130ad33e1,2026-05-10T07:15:00Z,2026-05-10T09:15:00+0200,2341.25,MW,DE,DE_LU,forecast_offshore_wind_generation,Wind Offshore,2026-05-24T16:09:31Z
2026-05-24T16:08:25Z,2026-05-24T18:08:25+0200,8c5f6830-b44b-449b-bdab-a1b130ad33e1,2026-05-10T07:30:00Z,2026-05-10T09:30:00+0200,2390.64,MW,DE,DE_LU,forecast_offshore_wind_generation,Wind Offshore,2026-05-24T16:09:31Z
2026-05-24T16:08:25Z,2026-05-24T18:08:25+0200,8c5f6830-b44b-449b-bdab-a1b130ad33e1,2026-05-10T07:45:00Z,2026-05-10T09:45:00+0200,2441.06,MW,DE,DE_LU,forecast_offshore_wind_generation,Wind Offshore,2026-05-24T16:09:31Z
2026-05-24T16:08:25Z,2026-05-24T18:08:25+0200,8c5f6830-b44b-449b-bdab-a1b130ad33e1,2026-05-10T08:00:00Z,2026-05-10T10:00:00+0200,2487.74,MW,DE,DE_LU,forecast_offshore_wind_generation,Wind Offshore,2026-05-24T16:09:31Z
2026-05-24T16:08:25Z,2026-05-24T18:08:25+0200,8c5f6830-b44b-449b-bdab-a1b130ad33e1,2026-05-10T08:15:00Z,2026-05-10T10:15:00+0200,2539.9,MW,DE,DE_LU,forecast_offshore_wind_generation,Wind Offshore,2026-05-24T16:09:31Z
2026-05-24T16:08:25Z,2026-05-24T18:08:25+0200,8c5f6830-b44b-449b-bdab-a1b130ad33e1,2026-05-10T08:30:00Z,2026-05-10T10:30:00+0200,2595.06,MW,DE,DE_LU,forecast_offshore_wind_generation,Wind Offshore,2026-05-24T16:09:31Z
2026-05-24T16:08:25Z,2026-05-24T18:08:25+0200,8c5f6830-b44b-449b-bdab-a1b130ad33e1,2026-05-10T08:45:00Z,2026-05-10T10:45:00+0200,2718.22,MW,DE,DE_LU,forecast_offshore_wind_generation,Wind Offshore,2026-05-24T16:09:31Z
2026-05-24T16:08:25Z,2026-05-24T18:08:25+0200,8c5f6830-b44b-449b-bdab-a1b130ad33e1,2026-05-10T09:00:00Z,2026-05-10T11:00:00+0200,2772.89,MW,DE,DE_LU,forecast_offshore_wind_generation,Wind Offshore,2026-05-24T16:09:31Z
2026-05-24T16:08:25Z,2026-05-24T18:08:25+0200,8c5f6830-b44b-449b-bdab-a1b130ad33e1,2026-05-10T09:15:00Z,2026-05-10T11:15:00+0200,2764.03,MW,DE,DE_LU,forecast_offshore_wind_generation,Wind Offshore,2026-05-24T16:09:31Z
2026-05-24T16:08:25Z,2026-05-24T18:08:25+0200,8c5f6830-b44b-449b-bdab-a1b130ad33e1,2026-05-10T09:30:00Z,2026-05-10T11:30:00+0200,2780.19,MW,DE,DE_LU,forecast_offshore_wind_generation,Wind Offshore,2026-05-24T16:09:31Z
2026-05-24T16:08:25Z,2026-05-24T18:08:25+0200,8c5f6830-b44b-449b-bdab-a1b130ad33e1,2026-05-10T09:45:00Z,2026-05-10T11:45:00+0200,2800.39,MW,DE,DE_LU,forecast_offshore_wind_generation,Wind Offshore,2026-05-24T16:09:31Z
2026-05-24T16:08:25Z,2026-05-24T18:08:25+0200,8c5f6830-b44b-449b-bdab-a1b130ad33e1,2026-05-10T10:00:00Z,2026-05-10T12:00:00+0200,2795.8,MW,DE,DE_LU,forecast_offshore_wind_generation,Wind Offshore,2026-05-24T16:09:31Z
2026-05-24T16:08:25Z,2026-05-24T18:08:25+0200,8c5f6830-b44b-449b-bdab-a1b130ad33e1,2026-05-10T10:15:00Z,2026-05-10T12:15:00+0200,2769.53,MW,DE,DE_LU,forecast_offshore_wind_generation,Wind Offshore,2026-05-24T16:09:31Z
2026-05-24T16:08:25Z,2026-05-24T18:08:25+0200,8c5f6830-b44b-449b-bdab-a1b130ad33e1,2026-05-10T10:30:00Z,2026-05-10T12:30:00+0200,2738.28,MW,DE,DE_LU,forecast_offshore_wind_generation,Wind Offshore,2026-05-24T16:09:31Z
2026-05-24T16:08:25Z,2026-05-24T18:08:25+0200,8c5f6830-b44b-449b-bdab-a1b130ad33e1,2026-05-10T10:45:00Z,2026-05-10T12:45:00+0200,2711.99,MW,DE,DE_LU,forecast_offshore_wind_generation,Wind Offshore,2026-05-24T16:09:31Z
2026-05-24T16:08:25Z,2026-05-24T18:08:25+0200,8c5f6830-b44b-449b-bdab-a1b130ad33e1,2026-05-10T11:00:00Z,2026-05-10T13:00:00+0200,2678.04,MW,DE,DE_LU,forecast_offshore_wind_generation,Wind Offshore,2026-05-24T16:09:31Z
2026-05-24T16:08:25Z,2026-05-24T18:08:25+0200,8c5f6830-b44b-449b-bdab-a1b130ad33e1,2026-05-10T11:15:00Z,2026-05-10T13:15:00+0200,2618.89,MW,DE,DE_LU,forecast_offshore_wind_generation,Wind Offshore,2026-05-24T16:09:31Z
2026-05-24T16:08:25Z,2026-05-24T18:08:25+0200,8c5f6830-b44b-449b-bdab-a1b130ad33e1,2026-05-10T11:30:00Z,2026-05-10T13:30:00+0200,2560.79,MW,DE,DE_LU,forecast_offshore_wind_generation,Wind Offshore,2026-05-24T16:09:31Z
2026-05-24T16:08:25Z,2026-05-24T18:08:25+0200,8c5f6830-b44b-449b-bdab-a1b130ad33e1,2026-05-10T11:45:00Z,2026-05-10T13:45:00+0200,2497.76,MW,DE,DE_LU,forecast_offshore_wind_generation,Wind Offshore,2026-05-24T16:09:31Z
2026-05-24T16:08:25Z,2026-05-24T18:08:25+0200,8c5f6830-b44b-449b-bdab-a1b130ad33e1,2026-05-10T12:00:00Z,2026-05-10T14:00:00+0200,2439.35,MW,DE,DE_LU,forecast_offshore_wind_generation,Wind Offshore,2026-05-24T16:09:31Z
2026-05-24T16:08:25Z,2026-05-24T18:08:25+0200,8c5f6830-b44b-449b-bdab-a1b130ad33e1,2026-05-10T12:15:00Z,2026-05-10T14:15:00+0200,2375.03,MW,DE,DE_LU,forecast_offshore_wind_generation,Wind Offshore,2026-05-24T16:09:31Z
2026-05-24T16:08:25Z,2026-05-24T18:08:25+0200,8c5f6830-b44b-449b-bdab-a1b130ad33e1,2026-05-10T12:30:00Z,2026-05-10T14:30:00+0200,2313.73,MW,DE,DE_LU,forecast_offshore_wind_generation,Wind Offshore,2026-05-24T16:09:31Z
2026-05-24T16:08:25Z,2026-05-24T18:08:25+0200,8c5f6830-b44b-449b-bdab-a1b130ad33e1,2026-05-10T12:45:00Z,2026-05-10T14:45:00+0200,2260.43,MW,DE,DE_LU,forecast_offshore_wind_generation,Wind Offshore,2026-05-24T16:09:31Z
2026-05-24T16:08:25Z,2026-05-24T18:08:25+0200,8c5f6830-b44b-449b-bdab-a1b130ad33e1,2026-05-10T13:00:00Z,2026-05-10T15:00:00+0200,2217.51,MW,DE,DE_LU,forecast_offshore_wind_generation,Wind Offshore,2026-05-24T16:09:31Z
2026-05-24T16:08:25Z,2026-05-24T18:08:25+0200,8c5f6830-b44b-449b-bdab-a1b130ad33e1,2026-05-10T13:15:00Z,2026-05-10T15:15:00+0200,2196.54,MW,DE,DE_LU,forecast_offshore_wind_generation,Wind Offshore,2026-05-24T16:09:31Z
2026-05-24T16:08:25Z,2026-05-24T18:08:25+0200,8c5f6830-b44b-449b-bdab-a1b130ad33e1,2026-05-10T13:30:00Z,2026-05-10T15:30:00+0200,2176.56,MW,DE,DE_LU,forecast_offshore_wind_generation,Wind Offshore,2026-05-24T16:09:31Z
2026-05-24T16:08:25Z,2026-05-24T18:08:25+0200,8c5f6830-b44b-449b-bdab-a1b130ad33e1,2026-05-10T13:45:00Z,2026-05-10T15:45:00+0200,2151.61,MW,DE,DE_LU,forecast_offshore_wind_generation,Wind Offshore,2026-05-24T16:09:31Z
2026-05-24T16:08:25Z,2026-05-24T18:08:25+0200,8c5f6830-b44b-449b-bdab-a1b130ad33e1,2026-05-10T14:00:00Z,2026-05-10T16:00:00+0200,2141.81,MW,DE,DE_LU,forecast_offshore_wind_generation,Wind Offshore,2026-05-24T16:09:31Z
2026-05-24T16:08:25Z,2026-05-24T18:08:25+0200,8c5f6830-b44b-449b-bdab-a1b130ad33e1,2026-05-10T14:15:00Z,2026-05-10T16:15:00+0200,2149.84,MW,DE,DE_LU,forecast_offshore_wind_generation,Wind Offshore,2026-05-24T16:09:31Z
2026-05-24T16:08:25Z,2026-05-24T18:08:25+0200,8c5f6830-b44b-449b-bdab-a1b130ad33e1,2026-05-10T14:30:00Z,2026-05-10T16:30:00+0200,2161.94,MW,DE,DE_LU,forecast_offshore_wind_generation,Wind Offshore,2026-05-24T16:09:31Z
2026-05-24T16:08:25Z,2026-05-24T18:08:25+0200,8c5f6830-b44b-449b-bdab-a1b130ad33e1,2026-05-10T14:45:00Z,2026-05-10T16:45:00+0200,2171.21,MW,DE,DE_LU,forecast_offshore_wind_generation,Wind Offshore,2026-05-24T16:09:31Z
2026-05-24T16:08:25Z,2026-05-24T18:08:25+0200,8c5f6830-b44b-449b-bdab-a1b130ad33e1,2026-05-10T15:00:00Z,2026-05-10T17:00:00+0200,2202.7,MW,DE,DE_LU,forecast_offshore_wind_generation,Wind Offshore,2026-05-24T16:09:31Z
2026-05-24T16:08:25Z,2026-05-24T18:08:25+0200,8c5f6830-b44b-449b-bdab-a1b130ad33e1,2026-05-10T15:15:00Z,2026-05-10T17:15:00+0200,2210.24,MW,DE,DE_LU,forecast_offshore_wind_generation,Wind Offshore,2026-05-24T16:09:31Z
2026-05-24T16:08:25Z,2026-05-24T18:08:25+0200,8c5f6830-b44b-449b-bdab-a1b130ad33e1,2026-05-10T15:30:00Z,2026-05-10T17:30:00+0200,2219.77,MW,DE,DE_LU,forecast_offshore_wind_generation,Wind Offshore,2026-05-24T16:09:31Z
2026-05-24T16:08:25Z,2026-05-24T18:08:25+0200,8c5f6830-b44b-449b-bdab-a1b130ad33e1,2026-05-10T15:45:00Z,2026-05-10T17:45:00+0200,2228.17,MW,DE,DE_LU,forecast_offshore_wind_generation,Wind Offshore,2026-05-24T16:09:31Z
2026-05-24T16:08:25Z,2026-05-24T18:08:25+0200,8c5f6830-b44b-449b-bdab-a1b130ad33e1,2026-05-10T16:00:00Z,2026-05-10T18:00:00+0200,2233.61,MW,DE,DE_LU,forecast_offshore_wind_generation,Wind Offshore,2026-05-24T16:09:31Z
2026-05-24T16:08:25Z,2026-05-24T18:08:25+0200,8c5f6830-b44b-449b-bdab-a1b130ad33e1,2026-05-10T16:15:00Z,2026-05-10T18:15:00+0200,2269.18,MW,DE,DE_LU,forecast_offshore_wind_generation,Wind Offshore,2026-05-24T16:09:31Z
2026-05-24T16:08:25Z,2026-05-24T18:08:25+0200,8c5f6830-b44b-449b-bdab-a1b130ad33e1,2026-05-10T16:30:00Z,2026-05-10T18:30:00+0200,2261.73,MW,DE,DE_LU,forecast_offshore_wind_generation,Wind Offshore,2026-05-24T16:09:31Z
2026-05-24T16:08:25Z,2026-05-24T18:08:25+0200,8c5f6830-b44b-449b-bdab-a1b130ad33e1,2026-05-10T16:45:00Z,2026-05-10T18:45:00+0200,2257.55,MW,DE,DE_LU,forecast_offshore_wind_generation,Wind Offshore,2026-05-24T16:09:31Z
2026-05-24T16:08:25Z,2026-05-24T18:08:25+0200,8c5f6830-b44b-449b-bdab-a1b130ad33e1,2026-05-10T17:00:00Z,2026-05-10T19:00:00+0200,2243.62,MW,DE,DE_LU,forecast_offshore_wind_generation,Wind Offshore,2026-05-24T16:09:31Z
2026-05-24T16:08:25Z,2026-05-24T18:08:25+0200,8c5f6830-b44b-449b-bdab-a1b130ad33e1,2026-05-10T17:15:00Z,2026-05-10T19:15:00+0200,2199.89,MW,DE,DE_LU,forecast_offshore_wind_generation,Wind Offshore,2026-05-24T16:09:31Z
2026-05-24T16:08:25Z,2026-05-24T18:08:25+0200,8c5f6830-b44b-449b-bdab-a1b130ad33e1,2026-05-10T17:30:00Z,2026-05-10T19:30:00+0200,2158.31,MW,DE,DE_LU,forecast_offshore_wind_generation,Wind Offshore,2026-05-24T16:09:31Z
2026-05-24T16:08:25Z,2026-05-24T18:08:25+0200,8c5f6830-b44b-449b-bdab-a1b130ad33e1,2026-05-10T17:45:00Z,2026-05-10T19:45:00+0200,2158.65,MW,DE,DE_LU,forecast_offshore_wind_generation,Wind Offshore,2026-05-24T16:09:31Z
2026-05-24T16:08:25Z,2026-05-24T18:08:25+0200,8c5f6830-b44b-449b-bdab-a1b130ad33e1,2026-05-10T18:00:00Z,2026-05-10T20:00:00+0200,2097.04,MW,DE,DE_LU,forecast_offshore_wind_generation,Wind Offshore,2026-05-24T16:09:31Z
2026-05-24T16:08:25Z,2026-05-24T18:08:25+0200,8c5f6830-b44b-449b-bdab-a1b130ad33e1,2026-05-10T18:15:00Z,2026-05-10T20:15:00+0200,2016.77,MW,DE,DE_LU,forecast_offshore_wind_generation,Wind Offshore,2026-05-24T16:09:31Z
2026-05-24T16:08:25Z,2026-05-24T18:08:25+0200,8c5f6830-b44b-449b-bdab-a1b130ad33e1,2026-05-10T18:30:00Z,2026-05-10T20:30:00+0200,1932.49,MW,DE,DE_LU,forecast_offshore_wind_generation,Wind Offshore,2026-05-24T16:09:31Z
2026-05-24T16:08:25Z,2026-05-24T18:08:25+0200,8c5f6830-b44b-449b-bdab-a1b130ad33e1,2026-05-10T18:45:00Z,2026-05-10T20:45:00+0200,1850.48,MW,DE,DE_LU,forecast_offshore_wind_generation,Wind Offshore,2026-05-24T16:09:31Z
2026-05-24T16:08:25Z,2026-05-24T18:08:25+0200,8c5f6830-b44b-449b-bdab-a1b130ad33e1,2026-05-10T19:00:00Z,2026-05-10T21:00:00+0200,1769.1,MW,DE,DE_LU,forecast_offshore_wind_generation,Wind Offshore,2026-05-24T16:09:31Z
2026-05-24T16:08:25Z,2026-05-24T18:08:25+0200,8c5f6830-b44b-449b-bdab-a1b130ad33e1,2026-05-10T19:15:00Z,2026-05-10T21:15:00+0200,1664.74,MW,DE,DE_LU,forecast_offshore_wind_generation,Wind Offshore,2026-05-24T16:09:31Z
2026-05-24T16:08:25Z,2026-05-24T18:08:25+0200,8c5f6830-b44b-449b-bdab-a1b130ad33e1,2026-05-10T19:30:00Z,2026-05-10T21:30:00+0200,1568.4,MW,DE,DE_LU,forecast_offshore_wind_generation,Wind Offshore,2026-05-24T16:09:31Z
2026-05-24T16:08:25Z,2026-05-24T18:08:25+0200,8c5f6830-b44b-449b-bdab-a1b130ad33e1,2026-05-10T19:45:00Z,2026-05-10T21:45:00+0200,1466.97,MW,DE,DE_LU,forecast_offshore_wind_generation,Wind Offshore,2026-05-24T16:09:31Z
2026-05-24T16:08:25Z,2026-05-24T18:08:25+0200,8c5f6830-b44b-449b-bdab-a1b130ad33e1,2026-05-10T20:00:00Z,2026-05-10T22:00:00+0200,1372.9,MW,DE,DE_LU,forecast_offshore_wind_generation,Wind Offshore,2026-05-24T16:09:31Z
2026-05-24T16:08:25Z,2026-05-24T18:08:25+0200,8c5f6830-b44b-449b-bdab-a1b130ad33e1,2026-05-10T20:15:00Z,2026-05-10T22:15:00+0200,1279.88,MW,DE,DE_LU,forecast_offshore_wind_generation,Wind Offshore,2026-05-24T16:09:31Z
2026-05-24T16:08:25Z,2026-05-24T18:08:25+0200,8c5f6830-b44b-449b-bdab-a1b130ad33e1,2026-05-10T20:30:00Z,2026-05-10T22:30:00+0200,1188.98,MW,DE,DE_LU,forecast_offshore_wind_generation,Wind Offshore,2026-05-24T16:09:31Z
2026-05-24T16:08:25Z,2026-05-24T18:08:25+0200,8c5f6830-b44b-449b-bdab-a1b130ad33e1,2026-05-10T20:45:00Z,2026-05-10T22:45:00+0200,1103.13,MW,DE,DE_LU,forecast_offshore_wind_generation,Wind Offshore,2026-05-24T16:09:31Z
2026-05-24T16:08:25Z,2026-05-24T18:08:25+0200,8c5f6830-b44b-449b-bdab-a1b130ad33e1,2026-05-10T21:00:00Z,2026-05-10T23:00:00+0200,1019.37,MW,DE,DE_LU,forecast_offshore_wind_generation,Wind Offshore,2026-05-24T16:09:31Z
2026-05-24T16:08:25Z,2026-05-24T18:08:25+0200,8c5f6830-b44b-449b-bdab-a1b130ad33e1,2026-05-10T21:15:00Z,2026-05-10T23:15:00+0200,956.25,MW,DE,DE_LU,forecast_offshore_wind_generation,Wind Offshore,2026-05-24T16:09:31Z
2026-05-24T16:08:25Z,2026-05-24T18:08:25+0200,8c5f6830-b44b-449b-bdab-a1b130ad33e1,2026-05-10T21:30:00Z,2026-05-10T23:30:00+0200,896.1,MW,DE,DE_LU,forecast_offshore_wind_generation,Wind Offshore,2026-05-24T16:09:31Z
2026-05-24T16:08:25Z,2026-05-24T18:08:25+0200,8c5f6830-b44b-449b-bdab-a1b130ad33e1,2026-05-10T21:45:00Z,2026-05-10T23:45:00+0200,831.97,MW,DE,DE_LU,forecast_offshore_wind_generation,Wind Offshore,2026-05-24T16:09:31Z
2026-05-24T16:08:25Z,2026-05-24T18:08:25+0200,8c5f6830-b44b-449b-bdab-a1b130ad33e1,2026-05-10T22:00:00Z,2026-05-11T00:00:00+0200,741.71,MW,DE,DE_LU,forecast_offshore_wind_generation,Wind Offshore,2026-05-24T16:09:31Z
2026-05-24T16:08:25Z,2026-05-24T18:08:25+0200,8c5f6830-b44b-449b-bdab-a1b130ad33e1,2026-05-10T22:15:00Z,2026-05-11T00:15:00+0200,687.25,MW,DE,DE_LU,forecast_offshore_wind_generation,Wind Offshore,2026-05-24T16:09:31Z
2026-05-24T16:08:25Z,2026-05-24T18:08:25+0200,8c5f6830-b44b-449b-bdab-a1b130ad33e1,2026-05-10T22:30:00Z,2026-05-11T00:30:00+0200,636.77,MW,DE,DE_LU,forecast_offshore_wind_generation,Wind Offshore,2026-05-24T16:09:31Z
2026-05-24T16:08:25Z,2026-05-24T18:08:25+0200,8c5f6830-b44b-449b-bdab-a1b130ad33e1,2026-05-10T22:45:00Z,2026-05-11T00:45:00+0200,586.32,MW,DE,DE_LU,forecast_offshore_wind_generation,Wind Offshore,2026-05-24T16:09:31Z
2026-05-24T16:08:25Z,2026-05-24T18:08:25+0200,8c5f6830-b44b-449b-bdab-a1b130ad33e1,2026-05-10T23:00:00Z,2026-05-11T01:00:00+0200,537.89,MW,DE,DE_LU,forecast_offshore_wind_generation,Wind Offshore,2026-05-24T16:09:31Z
2026-05-24T16:08:25Z,2026-05-24T18:08:25+0200,8c5f6830-b44b-449b-bdab-a1b130ad33e1,2026-05-10T23:15:00Z,2026-05-11T01:15:00+0200,498.39,MW,DE,DE_LU,forecast_offshore_wind_generation,Wind Offshore,2026-05-24T16:09:31Z
2026-05-24T16:08:25Z,2026-05-24T18:08:25+0200,8c5f6830-b44b-449b-bdab-a1b130ad33e1,2026-05-10T23:30:00Z,2026-05-11T01:30:00+0200,462.94,MW,DE,DE_LU,forecast_offshore_wind_generation,Wind Offshore,2026-05-24T16:09:31Z
2026-05-24T16:08:25Z,2026-05-24T18:08:25+0200,8c5f6830-b44b-449b-bdab-a1b130ad33e1,2026-05-10T23:45:00Z,2026-05-11T01:45:00+0200,428.51,MW,DE,DE_LU,forecast_offshore_wind_generation,Wind Offshore,2026-05-24T16:09:31Z
2026-05-24T16:08:25Z,2026-05-24T18:08:25+0200,8c5f6830-b44b-449b-bdab-a1b130ad33e1,2026-05-11T00:00:00Z,2026-05-11T02:00:00+0200,391.81,MW,DE,DE_LU,forecast_offshore_wind_generation,Wind Offshore,2026-05-24T16:09:31Z
2026-05-24T16:08:25Z,2026-05-24T18:08:25+0200,8c5f6830-b44b-449b-bdab-a1b130ad33e1,2026-05-11T00:15:00Z,2026-05-11T02:15:00+0200,372.07,MW,DE,DE_LU,forecast_offshore_wind_generation,Wind Offshore,2026-05-24T16:09:31Z
2026-05-24T16:08:25Z,2026-05-24T18:08:25+0200,8c5f6830-b44b-449b-bdab-a1b130ad33e1,2026-05-11T00:30:00Z,2026-05-11T02:30:00+0200,351.35,MW,DE,DE_LU,forecast_offshore_wind_generation,Wind Offshore,2026-05-24T16:09:31Z
2026-05-24T16:08:25Z,2026-05-24T18:08:25+0200,8c5f6830-b44b-449b-bdab-a1b130ad33e1,2026-05-11T00:45:00Z,2026-05-11T02:45:00+0200,332.61,MW,DE,DE_LU,forecast_offshore_wind_generation,Wind Offshore,2026-05-24T16:09:31Z
2026-05-24T16:08:25Z,2026-05-24T18:08:25+0200,8c5f6830-b44b-449b-bdab-a1b130ad33e1,2026-05-11T01:00:00Z,2026-05-11T03:00:00+0200,313.14,MW,DE,DE_LU,forecast_offshore_wind_generation,Wind Offshore,2026-05-24T16:09:31Z
2026-05-24T16:08:25Z,2026-05-24T18:08:25+0200,8c5f6830-b44b-449b-bdab-a1b130ad33e1,2026-05-11T01:15:00Z,2026-05-11T03:15:00+0200,304.72,MW,DE,DE_LU,forecast_offshore_wind_generation,Wind Offshore,2026-05-24T16:09:31Z
2026-05-24T16:08:25Z,2026-05-24T18:08:25+0200,8c5f6830-b44b-449b-bdab-a1b130ad33e1,2026-05-11T01:30:00Z,2026-05-11T03:30:00+0200,292.47,MW,DE,DE_LU,forecast_offshore_wind_generation,Wind Offshore,2026-05-24T16:09:31Z
2026-05-24T16:08:25Z,2026-05-24T18:08:25+0200,8c5f6830-b44b-449b-bdab-a1b130ad33e1,2026-05-11T01:45:00Z,2026-05-11T03:45:00+0200,282.45,MW,DE,DE_LU,forecast_offshore_wind_generation,Wind Offshore,2026-05-24T16:09:31Z
2026-05-24T16:08:25Z,2026-05-24T18:08:25+0200,8c5f6830-b44b-449b-bdab-a1b130ad33e1,2026-05-11T02:00:00Z,2026-05-11T04:00:00+0200,268.26,MW,DE,DE_LU,forecast_offshore_wind_generation,Wind Offshore,2026-05-24T16:09:31Z
2026-05-24T16:08:25Z,2026-05-24T18:08:25+0200,8c5f6830-b44b-449b-bdab-a1b130ad33e1,2026-05-11T02:15:00Z,2026-05-11T04:15:00+0200,268.02,MW,DE,DE_LU,forecast_offshore_wind_generation,Wind Offshore,2026-05-24T16:09:31Z
2026-05-24T16:08:25Z,2026-05-24T18:08:25+0200,8c5f6830-b44b-449b-bdab-a1b130ad33e1,2026-05-11T02:30:00Z,2026-05-11T04:30:00+0200,263.78,MW,DE,DE_LU,forecast_offshore_wind_generation,Wind Offshore,2026-05-24T16:09:31Z
2026-05-24T16:08:25Z,2026-05-24T18:08:25+0200,8c5f6830-b44b-449b-bdab-a1b130ad33e1,2026-05-11T02:45:00Z,2026-05-11T04:45:00+0200,260.52,MW,DE,DE_LU,forecast_offshore_wind_generation,Wind Offshore,2026-05-24T16:09:31Z
2026-05-24T16:08:25Z,2026-05-24T18:08:25+0200,8c5f6830-b44b-449b-bdab-a1b130ad33e1,2026-05-11T03:00:00Z,2026-05-11T05:00:00+0200,265.9,MW,DE,DE_LU,forecast_offshore_wind_generation,Wind Offshore,2026-05-24T16:09:31Z
2026-05-24T16:08:25Z,2026-05-24T18:08:25+0200,8c5f6830-b44b-449b-bdab-a1b130ad33e1,2026-05-11T03:15:00Z,2026-05-11T05:15:00+0200,280.46,MW,DE,DE_LU,forecast_offshore_wind_generation,Wind Offshore,2026-05-24T16:09:31Z
2026-05-24T16:08:25Z,2026-05-24T18:08:25+0200,8c5f6830-b44b-449b-bdab-a1b130ad33e1,2026-05-11T03:30:00Z,2026-05-11T05:30:00+0200,297.07,MW,DE,DE_LU,forecast_offshore_wind_generation,Wind Offshore,2026-05-24T16:09:31Z
2026-05-24T16:08:25Z,2026-05-24T18:08:25+0200,8c5f6830-b44b-449b-bdab-a1b130ad33e1,2026-05-11T03:45:00Z,2026-05-11T05:45:00+0200,308.2,MW,DE,DE_LU,forecast_offshore_wind_generation,Wind Offshore,2026-05-24T16:09:31Z
2026-05-24T16:08:25Z,2026-05-24T18:08:25+0200,8c5f6830-b44b-449b-bdab-a1b130ad33e1,2026-05-11T04:00:00Z,2026-05-11T06:00:00+0200,330.26,MW,DE,DE_LU,forecast_offshore_wind_generation,Wind Offshore,2026-05-24T16:09:31Z
2026-05-24T16:08:25Z,2026-05-24T18:08:25+0200,8c5f6830-b44b-449b-bdab-a1b130ad33e1,2026-05-11T04:15:00Z,2026-05-11T06:15:00+0200,363.05,MW,DE,DE_LU,forecast_offshore_wind_generation,Wind Offshore,2026-05-24T16:09:31Z
2026-05-24T16:08:25Z,2026-05-24T18:08:25+0200,8c5f6830-b44b-449b-bdab-a1b130ad33e1,2026-05-11T04:30:00Z,2026-05-11T06:30:00+0200,401.89,MW,DE,DE_LU,forecast_offshore_wind_generation,Wind Offshore,2026-05-24T16:09:31Z
2026-05-24T16:08:25Z,2026-05-24T18:08:25+0200,8c5f6830-b44b-449b-bdab-a1b130ad33e1,2026-05-11T04:45:00Z,2026-05-11T06:45:00+0200,439.72,MW,DE,DE_LU,forecast_offshore_wind_generation,Wind Offshore,2026-05-24T16:09:31Z
2026-05-24T16:08:25Z,2026-05-24T18:08:25+0200,8c5f6830-b44b-449b-bdab-a1b130ad33e1,2026-05-11T05:00:00Z,2026-05-11T07:00:00+0200,481.59,MW,DE,DE_LU,forecast_offshore_wind_generation,Wind Offshore,2026-05-24T16:09:31Z
2026-05-24T16:08:25Z,2026-05-24T18:08:25+0200,8c5f6830-b44b-449b-bdab-a1b130ad33e1,2026-05-11T05:15:00Z,2026-05-11T07:15:00+0200,552.16,MW,DE,DE_LU,forecast_offshore_wind_generation,Wind Offshore,2026-05-24T16:09:31Z
2026-05-24T16:08:25Z,2026-05-24T18:08:25+0200,8c5f6830-b44b-449b-bdab-a1b130ad33e1,2026-05-11T05:30:00Z,2026-05-11T07:30:00+0200,632.75,MW,DE,DE_LU,forecast_offshore_wind_generation,Wind Offshore,2026-05-24T16:09:31Z
2026-05-24T16:08:25Z,2026-05-24T18:08:25+0200,8c5f6830-b44b-449b-bdab-a1b130ad33e1,2026-05-11T05:45:00Z,2026-05-11T07:45:00+0200,709.36,MW,DE,DE_LU,forecast_offshore_wind_generation,Wind Offshore,2026-05-24T16:09:31Z
2026-05-24T16:08:25Z,2026-05-24T18:08:25+0200,8c5f6830-b44b-449b-bdab-a1b130ad33e1,2026-05-11T06:00:00Z,2026-05-11T08:00:00+0200,796.09,MW,DE,DE_LU,forecast_offshore_wind_generation,Wind Offshore,2026-05-24T16:09:31Z
2026-05-24T16:08:25Z,2026-05-24T18:08:25+0200,8c5f6830-b44b-449b-bdab-a1b130ad33e1,2026-05-11T06:15:00Z,2026-05-11T08:15:00+0200,932.29,MW,DE,DE_LU,forecast_offshore_wind_generation,Wind Offshore,2026-05-24T16:09:31Z
2026-05-24T16:08:25Z,2026-05-24T18:08:25+0200,8c5f6830-b44b-449b-bdab-a1b130ad33e1,2026-05-11T06:30:00Z,2026-05-11T08:30:00+0200,1057.27,MW,DE,DE_LU,forecast_offshore_wind_generation,Wind Offshore,2026-05-24T16:09:31Z
2026-05-24T16:08:25Z,2026-05-24T18:08:25+0200,8c5f6830-b44b-449b-bdab-a1b130ad33e1,2026-05-11T06:45:00Z,2026-05-11T08:45:00+0200,1176.49,MW,DE,DE_LU,forecast_offshore_wind_generation,Wind Offshore,2026-05-24T16:09:31Z
2026-05-24T16:08:25Z,2026-05-24T18:08:25+0200,8c5f6830-b44b-449b-bdab-a1b130ad33e1,2026-05-11T07:00:00Z,2026-05-11T09:00:00+0200,1278.91,MW,DE,DE_LU,forecast_offshore_wind_generation,Wind Offshore,2026-05-24T16:09:31Z
2026-05-24T16:08:25Z,2026-05-24T18:08:25+0200,8c5f6830-b44b-449b-bdab-a1b130ad33e1,2026-05-11T07:15:00Z,2026-05-11T09:15:00+0200,1413.94,MW,DE,DE_LU,forecast_offshore_wind_generation,Wind Offshore,2026-05-24T16:09:31Z
2026-05-24T16:08:25Z,2026-05-24T18:08:25+0200,8c5f6830-b44b-449b-bdab-a1b130ad33e1,2026-05-11T07:30:00Z,2026-05-11T09:30:00+0200,1553.07,MW,DE,DE_LU,forecast_offshore_wind_generation,Wind Offshore,2026-05-24T16:09:31Z
2026-05-24T16:08:25Z,2026-05-24T18:08:25+0200,8c5f6830-b44b-449b-bdab-a1b130ad33e1,2026-05-11T07:45:00Z,2026-05-11T09:45:00+0200,1701.41,MW,DE,DE_LU,forecast_offshore_wind_generation,Wind Offshore,2026-05-24T16:09:31Z
2026-05-24T16:08:25Z,2026-05-24T18:08:25+0200,8c5f6830-b44b-449b-bdab-a1b130ad33e1,2026-05-11T08:00:00Z,2026-05-11T10:00:00+0200,1842.06,MW,DE,DE_LU,forecast_offshore_wind_generation,Wind Offshore,2026-05-24T16:09:31Z
2026-05-24T16:08:25Z,2026-05-24T18:08:25+0200,8c5f6830-b44b-449b-bdab-a1b130ad33e1,2026-05-11T08:15:00Z,2026-05-11T10:15:00+0200,1995.12,MW,DE,DE_LU,forecast_offshore_wind_generation,Wind Offshore,2026-05-24T16:09:31Z
2026-05-24T16:08:25Z,2026-05-24T18:08:25+0200,8c5f6830-b44b-449b-bdab-a1b130ad33e1,2026-05-11T08:30:00Z,2026-05-11T10:30:00+0200,2145.15,MW,DE,DE_LU,forecast_offshore_wind_generation,Wind Offshore,2026-05-24T16:09:31Z
2026-05-24T16:08:25Z,2026-05-24T18:08:25+0200,8c5f6830-b44b-449b-bdab-a1b130ad33e1,2026-05-11T08:45:00Z,2026-05-11T10:45:00+0200,2288.12,MW,DE,DE_LU,forecast_offshore_wind_generation,Wind Offshore,2026-05-24T16:09:31Z
2026-05-24T16:08:25Z,2026-05-24T18:08:25+0200,8c5f6830-b44b-449b-bdab-a1b130ad33e1,2026-05-11T09:00:00Z,2026-05-11T11:00:00+0200,2429.06,MW,DE,DE_LU,forecast_offshore_wind_generation,Wind Offshore,2026-05-24T16:09:31Z
2026-05-24T16:08:25Z,2026-05-24T18:08:25+0200,8c5f6830-b44b-449b-bdab-a1b130ad33e1,2026-05-11T09:15:00Z,2026-05-11T11:15:00+0200,2547.12,MW,DE,DE_LU,forecast_offshore_wind_generation,Wind Offshore,2026-05-24T16:09:31Z
2026-05-24T16:08:25Z,2026-05-24T18:08:25+0200,8c5f6830-b44b-449b-bdab-a1b130ad33e1,2026-05-11T09:30:00Z,2026-05-11T11:30:00+0200,2662.2,MW,DE,DE_LU,forecast_offshore_wind_generation,Wind Offshore,2026-05-24T16:09:31Z
2026-05-24T16:08:25Z,2026-05-24T18:08:25+0200,8c5f6830-b44b-449b-bdab-a1b130ad33e1,2026-05-11T09:45:00Z,2026-05-11T11:45:00+0200,2771.12,MW,DE,DE_LU,forecast_offshore_wind_generation,Wind Offshore,2026-05-24T16:09:31Z
2026-05-24T16:08:25Z,2026-05-24T18:08:25+0200,8c5f6830-b44b-449b-bdab-a1b130ad33e1,2026-05-11T10:00:00Z,2026-05-11T12:00:00+0200,2871.47,MW,DE,DE_LU,forecast_offshore_wind_generation,Wind Offshore,2026-05-24T16:09:31Z
2026-05-24T16:08:25Z,2026-05-24T18:08:25+0200,8c5f6830-b44b-449b-bdab-a1b130ad33e1,2026-05-11T10:15:00Z,2026-05-11T12:15:00+0200,2971.2,MW,DE,DE_LU,forecast_offshore_wind_generation,Wind Offshore,2026-05-24T16:09:31Z
2026-05-24T16:08:25Z,2026-05-24T18:08:25+0200,8c5f6830-b44b-449b-bdab-a1b130ad33e1,2026-05-11T10:30:00Z,2026-05-11T12:30:00+0200,3070.38,MW,DE,DE_LU,forecast_offshore_wind_generation,Wind Offshore,2026-05-24T16:09:31Z
2026-05-24T16:08:25Z,2026-05-24T18:08:25+0200,8c5f6830-b44b-449b-bdab-a1b130ad33e1,2026-05-11T10:45:00Z,2026-05-11T12:45:00+0200,3170.11,MW,DE,DE_LU,forecast_offshore_wind_generation,Wind Offshore,2026-05-24T16:09:31Z
2026-05-24T16:08:25Z,2026-05-24T18:08:25+0200,8c5f6830-b44b-449b-bdab-a1b130ad33e1,2026-05-11T11:00:00Z,2026-05-11T13:00:00+0200,3254.11,MW,DE,DE_LU,forecast_offshore_wind_generation,Wind Offshore,2026-05-24T16:09:31Z
2026-05-24T16:08:25Z,2026-05-24T18:08:25+0200,8c5f6830-b44b-449b-bdab-a1b130ad33e1,2026-05-11T11:15:00Z,2026-05-11T13:15:00+0200,3286.66,MW,DE,DE_LU,forecast_offshore_wind_generation,Wind Offshore,2026-05-24T16:09:31Z
2026-05-24T16:08:25Z,2026-05-24T18:08:25+0200,8c5f6830-b44b-449b-bdab-a1b130ad33e1,2026-05-11T11:30:00Z,2026-05-11T13:30:00+0200,3169.35,MW,DE,DE_LU,forecast_offshore_wind_generation,Wind Offshore,2026-05-24T16:09:31Z
2026-05-24T16:08:25Z,2026-05-24T18:08:25+0200,8c5f6830-b44b-449b-bdab-a1b130ad33e1,2026-05-11T11:45:00Z,2026-05-11T13:45:00+0200,3184.87,MW,DE,DE_LU,forecast_offshore_wind_generation,Wind Offshore,2026-05-24T16:09:31Z
2026-05-24T16:08:25Z,2026-05-24T18:08:25+0200,8c5f6830-b44b-449b-bdab-a1b130ad33e1,2026-05-11T12:00:00Z,2026-05-11T14:00:00+0200,3189.55,MW,DE,DE_LU,forecast_offshore_wind_generation,Wind Offshore,2026-05-24T16:09:31Z
2026-05-24T16:08:25Z,2026-05-24T18:08:25+0200,8c5f6830-b44b-449b-bdab-a1b130ad33e1,2026-05-11T12:15:00Z,2026-05-11T14:15:00+0200,3159.89,MW,DE,DE_LU,forecast_offshore_wind_generation,Wind Offshore,2026-05-24T16:09:31Z
2026-05-24T16:08:25Z,2026-05-24T18:08:25+0200,8c5f6830-b44b-449b-bdab-a1b130ad33e1,2026-05-11T12:30:00Z,2026-05-11T14:30:00+0200,3128.36,MW,DE,DE_LU,forecast_offshore_wind_generation,Wind Offshore,2026-05-24T16:09:31Z
2026-05-24T16:08:25Z,2026-05-24T18:08:25+0200,8c5f6830-b44b-449b-bdab-a1b130ad33e1,2026-05-11T12:45:00Z,2026-05-11T14:45:00+0200,3101.74,MW,DE,DE_LU,forecast_offshore_wind_generation,Wind Offshore,2026-05-24T16:09:31Z
2026-05-24T16:08:25Z,2026-05-24T18:08:25+0200,8c5f6830-b44b-449b-bdab-a1b130ad33e1,2026-05-11T13:00:00Z,2026-05-11T15:00:00+0200,3067.05,MW,DE,DE_LU,forecast_offshore_wind_generation,Wind Offshore,2026-05-24T16:09:31Z
2026-05-24T16:08:25Z,2026-05-24T18:08:25+0200,8c5f6830-b44b-449b-bdab-a1b130ad33e1,2026-05-11T13:15:00Z,2026-05-11T15:15:00+0200,3026.11,MW,DE,DE_LU,forecast_offshore_wind_generation,Wind Offshore,2026-05-24T16:09:31Z
2026-05-24T16:08:25Z,2026-05-24T18:08:25+0200,8c5f6830-b44b-449b-bdab-a1b130ad33e1,2026-05-11T13:30:00Z,2026-05-11T15:30:00+0200,2987.6,MW,DE,DE_LU,forecast_offshore_wind_generation,Wind Offshore,2026-05-24T16:09:31Z
2026-05-24T16:08:25Z,2026-05-24T18:08:25+0200,8c5f6830-b44b-449b-bdab-a1b130ad33e1,2026-05-11T13:45:00Z,2026-05-11T15:45:00+0200,2947.64,MW,DE,DE_LU,forecast_offshore_wind_generation,Wind Offshore,2026-05-24T16:09:31Z
2026-05-24T16:08:25Z,2026-05-24T18:08:25+0200,8c5f6830-b44b-449b-bdab-a1b130ad33e1,2026-05-11T14:00:00Z,2026-05-11T16:00:00+0200,2923.48,MW,DE,DE_LU,forecast_offshore_wind_generation,Wind Offshore,2026-05-24T16:09:31Z
2026-05-24T16:08:25Z,2026-05-24T18:08:25+0200,8c5f6830-b44b-449b-bdab-a1b130ad33e1,2026-05-11T14:15:00Z,2026-05-11T16:15:00+0200,2959.7,MW,DE,DE_LU,forecast_offshore_wind_generation,Wind Offshore,2026-05-24T16:09:31Z
2026-05-24T16:08:25Z,2026-05-24T18:08:25+0200,8c5f6830-b44b-449b-bdab-a1b130ad33e1,2026-05-11T14:30:00Z,2026-05-11T16:30:00+0200,3011.18,MW,DE,DE_LU,forecast_offshore_wind_generation,Wind Offshore,2026-05-24T16:09:31Z
2026-05-24T16:08:25Z,2026-05-24T18:08:25+0200,8c5f6830-b44b-449b-bdab-a1b130ad33e1,2026-05-11T14:45:00Z,2026-05-11T16:45:00+0200,3075.7,MW,DE,DE_LU,forecast_offshore_wind_generation,Wind Offshore,2026-05-24T16:09:31Z
2026-05-24T16:08:25Z,2026-05-24T18:08:25+0200,8c5f6830-b44b-449b-bdab-a1b130ad33e1,2026-05-11T15:00:00Z,2026-05-11T17:00:00+0200,3204.15,MW,DE,DE_LU,forecast_offshore_wind_generation,Wind Offshore,2026-05-24T16:09:31Z
2026-05-24T16:08:25Z,2026-05-24T18:08:25+0200,8c5f6830-b44b-449b-bdab-a1b130ad33e1,2026-05-11T15:15:00Z,2026-05-11T17:15:00+0200,3315.66,MW,DE,DE_LU,forecast_offshore_wind_generation,Wind Offshore,2026-05-24T16:09:31Z
2026-05-24T16:08:25Z,2026-05-24T18:08:25+0200,8c5f6830-b44b-449b-bdab-a1b130ad33e1,2026-05-11T15:30:00Z,2026-05-11T17:30:00+0200,3460.02,MW,DE,DE_LU,forecast_offshore_wind_generation,Wind Offshore,2026-05-24T16:09:31Z
2026-05-24T16:08:25Z,2026-05-24T18:08:25+0200,8c5f6830-b44b-449b-bdab-a1b130ad33e1,2026-05-11T15:45:00Z,2026-05-11T17:45:00+0200,3599.17,MW,DE,DE_LU,forecast_offshore_wind_generation,Wind Offshore,2026-05-24T16:09:31Z
2026-05-24T16:08:25Z,2026-05-24T18:08:25+0200,8c5f6830-b44b-449b-bdab-a1b130ad33e1,2026-05-11T16:00:00Z,2026-05-11T18:00:00+0200,3762.13,MW,DE,DE_LU,forecast_offshore_wind_generation,Wind Offshore,2026-05-24T16:09:31Z
2026-05-24T16:08:25Z,2026-05-24T18:08:25+0200,8c5f6830-b44b-449b-bdab-a1b130ad33e1,2026-05-11T16:15:00Z,2026-05-11T18:15:00+0200,3974.4,MW,DE,DE_LU,forecast_offshore_wind_generation,Wind Offshore,2026-05-24T16:09:31Z
2026-05-24T16:08:25Z,2026-05-24T18:08:25+0200,8c5f6830-b44b-449b-bdab-a1b130ad33e1,2026-05-11T16:30:00Z,2026-05-11T18:30:00+0200,4185.79,MW,DE,DE_LU,forecast_offshore_wind_generation,Wind Offshore,2026-05-24T16:09:31Z
2026-05-24T16:08:25Z,2026-05-24T18:08:25+0200,8c5f6830-b44b-449b-bdab-a1b130ad33e1,2026-05-11T16:45:00Z,2026-05-11T18:45:00+0200,4398.15,MW,DE,DE_LU,forecast_offshore_wind_generation,Wind Offshore,2026-05-24T16:09:31Z
2026-05-24T16:08:25Z,2026-05-24T18:08:25+0200,8c5f6830-b44b-449b-bdab-a1b130ad33e1,2026-05-11T17:00:00Z,2026-05-11T19:00:00+0200,4651.73,MW,DE,DE_LU,forecast_offshore_wind_generation,Wind Offshore,2026-05-24T16:09:31Z
2026-05-24T16:08:25Z,2026-05-24T18:08:25+0200,8c5f6830-b44b-449b-bdab-a1b130ad33e1,2026-05-11T17:15:00Z,2026-05-11T19:15:00+0200,4851.79,MW,DE,DE_LU,forecast_offshore_wind_generation,Wind Offshore,2026-05-24T16:09:31Z
2026-05-24T16:08:25Z,2026-05-24T18:08:25+0200,8c5f6830-b44b-449b-bdab-a1b130ad33e1,2026-05-11T17:30:00Z,2026-05-11T19:30:00+0200,5045.89,MW,DE,DE_LU,forecast_offshore_wind_generation,Wind Offshore,2026-05-24T16:09:31Z
2026-05-24T16:08:25Z,2026-05-24T18:08:25+0200,8c5f6830-b44b-449b-bdab-a1b130ad33e1,2026-05-11T17:45:00Z,2026-05-11T19:45:00+0200,5209.77,MW,DE,DE_LU,forecast_offshore_wind_generation,Wind Offshore,2026-05-24T16:09:31Z
2026-05-24T16:08:25Z,2026-05-24T18:08:25+0200,8c5f6830-b44b-449b-bdab-a1b130ad33e1,2026-05-11T18:00:00Z,2026-05-11T20:00:00+0200,5344.61,MW,DE,DE_LU,forecast_offshore_wind_generation,Wind Offshore,2026-05-24T16:09:31Z
2026-05-24T16:08:25Z,2026-05-24T18:08:25+0200,8c5f6830-b44b-449b-bdab-a1b130ad33e1,2026-05-11T18:15:00Z,2026-05-11T20:15:00+0200,5482.21,MW,DE,DE_LU,forecast_offshore_wind_generation,Wind Offshore,2026-05-24T16:09:31Z
2026-05-24T16:08:25Z,2026-05-24T18:08:25+0200,8c5f6830-b44b-449b-bdab-a1b130ad33e1,2026-05-11T18:30:00Z,2026-05-11T20:30:00+0200,5604.78,MW,DE,DE_LU,forecast_offshore_wind_generation,Wind Offshore,2026-05-24T16:09:31Z
2026-05-24T16:08:25Z,2026-05-24T18:08:25+0200,8c5f6830-b44b-449b-bdab-a1b130ad33e1,2026-05-11T18:45:00Z,2026-05-11T20:45:00+0200,5721.47,MW,DE,DE_LU,forecast_offshore_wind_generation,Wind Offshore,2026-05-24T16:09:31Z
2026-05-24T16:08:25Z,2026-05-24T18:08:25+0200,8c5f6830-b44b-449b-bdab-a1b130ad33e1,2026-05-11T19:00:00Z,2026-05-11T21:00:00+0200,5815.84,MW,DE,DE_LU,forecast_offshore_wind_generation,Wind Offshore,2026-05-24T16:09:31Z
2026-05-24T16:08:25Z,2026-05-24T18:08:25+0200,8c5f6830-b44b-449b-bdab-a1b130ad33e1,2026-05-11T19:15:00Z,2026-05-11T21:15:00+0200,5883.56,MW,DE,DE_LU,forecast_offshore_wind_generation,Wind Offshore,2026-05-24T16:09:31Z
2026-05-24T16:08:25Z,2026-05-24T18:08:25+0200,8c5f6830-b44b-449b-bdab-a1b130ad33e1,2026-05-11T19:30:00Z,2026-05-11T21:30:00+0200,5942.37,MW,DE,DE_LU,forecast_offshore_wind_generation,Wind Offshore,2026-05-24T16:09:31Z
2026-05-24T16:08:25Z,2026-05-24T18:08:25+0200,8c5f6830-b44b-449b-bdab-a1b130ad33e1,2026-05-11T19:45:00Z,2026-05-11T21:45:00+0200,5996.11,MW,DE,DE_LU,forecast_offshore_wind_generation,Wind Offshore,2026-05-24T16:09:31Z
2026-05-24T16:08:25Z,2026-05-24T18:08:25+0200,8c5f6830-b44b-449b-bdab-a1b130ad33e1,2026-05-11T20:00:00Z,2026-05-11T22:00:00+0200,6037.47,MW,DE,DE_LU,forecast_offshore_wind_generation,Wind Offshore,2026-05-24T16:09:31Z
2026-05-24T16:08:25Z,2026-05-24T18:08:25+0200,8c5f6830-b44b-449b-bdab-a1b130ad33e1,2026-05-11T20:15:00Z,2026-05-11T22:15:00+0200,6053.37,MW,DE,DE_LU,forecast_offshore_wind_generation,Wind Offshore,2026-05-24T16:09:31Z
2026-05-24T16:08:25Z,2026-05-24T18:08:25+0200,8c5f6830-b44b-449b-bdab-a1b130ad33e1,2026-05-11T20:30:00Z,2026-05-11T22:30:00+0200,6078.18,MW,DE,DE_LU,forecast_offshore_wind_generation,Wind Offshore,2026-05-24T16:09:31Z
2026-05-24T16:08:25Z,2026-05-24T18:08:25+0200,8c5f6830-b44b-449b-bdab-a1b130ad33e1,2026-05-11T20:45:00Z,2026-05-11T22:45:00+0200,6101.76,MW,DE,DE_LU,forecast_offshore_wind_generation,Wind Offshore,2026-05-24T16:09:31Z
2026-05-24T16:08:25Z,2026-05-24T18:08:25+0200,8c5f6830-b44b-449b-bdab-a1b130ad33e1,2026-05-11T21:00:00Z,2026-05-11T23:00:00+0200,6115.26,MW,DE,DE_LU,forecast_offshore_wind_generation,Wind Offshore,2026-05-24T16:09:31Z
2026-05-24T16:08:25Z,2026-05-24T18:08:25+0200,8c5f6830-b44b-449b-bdab-a1b130ad33e1,2026-05-11T21:15:00Z,2026-05-11T23:15:00+0200,6103.51,MW,DE,DE_LU,forecast_offshore_wind_generation,Wind Offshore,2026-05-24T16:09:31Z
2026-05-24T16:08:25Z,2026-05-24T18:08:25+0200,8c5f6830-b44b-449b-bdab-a1b130ad33e1,2026-05-11T21:30:00Z,2026-05-11T23:30:00+0200,6097.87,MW,DE,DE_LU,forecast_offshore_wind_generation,Wind Offshore,2026-05-24T16:09:31Z
2026-05-24T16:08:25Z,2026-05-24T18:08:25+0200,8c5f6830-b44b-449b-bdab-a1b130ad33e1,2026-05-11T21:45:00Z,2026-05-11T23:45:00+0200,6092.71,MW,DE,DE_LU,forecast_offshore_wind_generation,Wind Offshore,2026-05-24T16:09:31Z
2026-05-24T16:08:25Z,2026-05-24T18:08:25+0200,8c5f6830-b44b-449b-bdab-a1b130ad33e1,2026-05-11T22:00:00Z,2026-05-12T00:00:00+0200,6235.54,MW,DE,DE_LU,forecast_offshore_wind_generation,Wind Offshore,2026-05-24T16:09:31Z
2026-05-24T16:08:25Z,2026-05-24T18:08:25+0200,8c5f6830-b44b-449b-bdab-a1b130ad33e1,2026-05-11T22:15:00Z,2026-05-12T00:15:00+0200,6215.12,MW,DE,DE_LU,forecast_offshore_wind_generation,Wind Offshore,2026-05-24T16:09:31Z
2026-05-24T16:08:25Z,2026-05-24T18:08:25+0200,8c5f6830-b44b-449b-bdab-a1b130ad33e1,2026-05-11T22:30:00Z,2026-05-12T00:30:00+0200,6188.71,MW,DE,DE_LU,forecast_offshore_wind_generation,Wind Offshore,2026-05-24T16:09:31Z
2026-05-24T16:08:25Z,2026-05-24T18:08:25+0200,8c5f6830-b44b-449b-bdab-a1b130ad33e1,2026-05-11T22:45:00Z,2026-05-12T00:45:00+0200,6166.48,MW,DE,DE_LU,forecast_offshore_wind_generation,Wind Offshore,2026-05-24T16:09:31Z
2026-05-24T16:08:25Z,2026-05-24T18:08:25+0200,8c5f6830-b44b-449b-bdab-a1b130ad33e1,2026-05-11T23:00:00Z,2026-05-12T01:00:00+0200,6143.23,MW,DE,DE_LU,forecast_offshore_wind_generation,Wind Offshore,2026-05-24T16:09:31Z
2026-05-24T16:08:25Z,2026-05-24T18:08:25+0200,8c5f6830-b44b-449b-bdab-a1b130ad33e1,2026-05-11T23:15:00Z,2026-05-12T01:15:00+0200,6107.12,MW,DE,DE_LU,forecast_offshore_wind_generation,Wind Offshore,2026-05-24T16:09:31Z
2026-05-24T16:08:25Z,2026-05-24T18:08:25+0200,8c5f6830-b44b-449b-bdab-a1b130ad33e1,2026-05-11T23:30:00Z,2026-05-12T01:30:00+0200,6069.04,MW,DE,DE_LU,forecast_offshore_wind_generation,Wind Offshore,2026-05-24T16:09:31Z
2026-05-24T16:08:25Z,2026-05-24T18:08:25+0200,8c5f6830-b44b-449b-bdab-a1b130ad33e1,2026-05-11T23:45:00Z,2026-05-12T01:45:00+0200,6032.54,MW,DE,DE_LU,forecast_offshore_wind_generation,Wind Offshore,2026-05-24T16:09:31Z
2026-05-24T16:08:25Z,2026-05-24T18:08:25+0200,8c5f6830-b44b-449b-bdab-a1b130ad33e1,2026-05-12T00:00:00Z,2026-05-12T02:00:00+0200,6001.66,MW,DE,DE_LU,forecast_offshore_wind_generation,Wind Offshore,2026-05-24T16:09:31Z
2026-05-24T16:08:25Z,2026-05-24T18:08:25+0200,8c5f6830-b44b-449b-bdab-a1b130ad33e1,2026-05-12T00:15:00Z,2026-05-12T02:15:00+0200,5979.11,MW,DE,DE_LU,forecast_offshore_wind_generation,Wind Offshore,2026-05-24T16:09:31Z
2026-05-24T16:08:25Z,2026-05-24T18:08:25+0200,8c5f6830-b44b-449b-bdab-a1b130ad33e1,2026-05-12T00:30:00Z,2026-05-12T02:30:00+0200,5964.74,MW,DE,DE_LU,forecast_offshore_wind_generation,Wind Offshore,2026-05-24T16:09:31Z
2026-05-24T16:08:25Z,2026-05-24T18:08:25+0200,8c5f6830-b44b-449b-bdab-a1b130ad33e1,2026-05-12T00:45:00Z,2026-05-12T02:45:00+0200,5945.36,MW,DE,DE_LU,forecast_offshore_wind_generation,Wind Offshore,2026-05-24T16:09:31Z
2026-05-24T16:08:25Z,2026-05-24T18:08:25+0200,8c5f6830-b44b-449b-bdab-a1b130ad33e1,2026-05-12T01:00:00Z,2026-05-12T03:00:00+0200,5929.99,MW,DE,DE_LU,forecast_offshore_wind_generation,Wind Offshore,2026-05-24T16:09:31Z
2026-05-24T16:08:25Z,2026-05-24T18:08:25+0200,8c5f6830-b44b-449b-bdab-a1b130ad33e1,2026-05-12T01:15:00Z,2026-05-12T03:15:00+0200,5907.32,MW,DE,DE_LU,forecast_offshore_wind_generation,Wind Offshore,2026-05-24T16:09:31Z
2026-05-24T16:08:25Z,2026-05-24T18:08:25+0200,8c5f6830-b44b-449b-bdab-a1b130ad33e1,2026-05-12T01:30:00Z,2026-05-12T03:30:00+0200,5889.75,MW,DE,DE_LU,forecast_offshore_wind_generation,Wind Offshore,2026-05-24T16:09:31Z
2026-05-24T16:08:25Z,2026-05-24T18:08:25+0200,8c5f6830-b44b-449b-bdab-a1b130ad33e1,2026-05-12T01:45:00Z,2026-05-12T03:45:00+0200,5866.75,MW,DE,DE_LU,forecast_offshore_wind_generation,Wind Offshore,2026-05-24T16:09:31Z
2026-05-24T16:08:25Z,2026-05-24T18:08:25+0200,8c5f6830-b44b-449b-bdab-a1b130ad33e1,2026-05-12T02:00:00Z,2026-05-12T04:00:00+0200,5848.65,MW,DE,DE_LU,forecast_offshore_wind_generation,Wind Offshore,2026-05-24T16:09:31Z
2026-05-24T16:08:25Z,2026-05-24T18:08:25+0200,8c5f6830-b44b-449b-bdab-a1b130ad33e1,2026-05-12T02:15:00Z,2026-05-12T04:15:00+0200,5835.94,MW,DE,DE_LU,forecast_offshore_wind_generation,Wind Offshore,2026-05-24T16:09:31Z
2026-05-24T16:08:25Z,2026-05-24T18:08:25+0200,8c5f6830-b44b-449b-bdab-a1b130ad33e1,2026-05-12T02:30:00Z,2026-05-12T04:30:00+0200,5824.22,MW,DE,DE_LU,forecast_offshore_wind_generation,Wind Offshore,2026-05-24T16:09:31Z
2026-05-24T16:08:25Z,2026-05-24T18:08:25+0200,8c5f6830-b44b-449b-bdab-a1b130ad33e1,2026-05-12T02:45:00Z,2026-05-12T04:45:00+0200,5801.05,MW,DE,DE_LU,forecast_offshore_wind_generation,Wind Offshore,2026-05-24T16:09:31Z
2026-05-24T16:08:25Z,2026-05-24T18:08:25+0200,8c5f6830-b44b-449b-bdab-a1b130ad33e1,2026-05-12T03:00:00Z,2026-05-12T05:00:00+0200,5786.98,MW,DE,DE_LU,forecast_offshore_wind_generation,Wind Offshore,2026-05-24T16:09:31Z
2026-05-24T16:08:25Z,2026-05-24T18:08:25+0200,8c5f6830-b44b-449b-bdab-a1b130ad33e1,2026-05-12T03:15:00Z,2026-05-12T05:15:00+0200,5806.25,MW,DE,DE_LU,forecast_offshore_wind_generation,Wind Offshore,2026-05-24T16:09:31Z
2026-05-24T16:08:25Z,2026-05-24T18:08:25+0200,8c5f6830-b44b-449b-bdab-a1b130ad33e1,2026-05-12T03:30:00Z,2026-05-12T05:30:00+0200,5826.31,MW,DE,DE_LU,forecast_offshore_wind_generation,Wind Offshore,2026-05-24T16:09:31Z
2026-05-24T16:08:25Z,2026-05-24T18:08:25+0200,8c5f6830-b44b-449b-bdab-a1b130ad33e1,2026-05-12T03:45:00Z,2026-05-12T05:45:00+0200,5839.34,MW,DE,DE_LU,forecast_offshore_wind_generation,Wind Offshore,2026-05-24T16:09:31Z
2026-05-24T16:08:25Z,2026-05-24T18:08:25+0200,8c5f6830-b44b-449b-bdab-a1b130ad33e1,2026-05-12T04:00:00Z,2026-05-12T06:00:00+0200,5850.65,MW,DE,DE_LU,forecast_offshore_wind_generation,Wind Offshore,2026-05-24T16:09:31Z
2026-05-24T16:08:25Z,2026-05-24T18:08:25+0200,8c5f6830-b44b-449b-bdab-a1b130ad33e1,2026-05-12T04:15:00Z,2026-05-12T06:15:00+0200,5869.39,MW,DE,DE_LU,forecast_offshore_wind_generation,Wind Offshore,2026-05-24T16:09:31Z
2026-05-24T16:08:25Z,2026-05-24T18:08:25+0200,8c5f6830-b44b-449b-bdab-a1b130ad33e1,2026-05-12T04:30:00Z,2026-05-12T06:30:00+0200,5886.13,MW,DE,DE_LU,forecast_offshore_wind_generation,Wind Offshore,2026-05-24T16:09:31Z
2026-05-24T16:08:25Z,2026-05-24T18:08:25+0200,8c5f6830-b44b-449b-bdab-a1b130ad33e1,2026-05-12T04:45:00Z,2026-05-12T06:45:00+0200,5907.54,MW,DE,DE_LU,forecast_offshore_wind_generation,Wind Offshore,2026-05-24T16:09:31Z
2026-05-24T16:08:25Z,2026-05-24T18:08:25+0200,8c5f6830-b44b-449b-bdab-a1b130ad33e1,2026-05-12T05:00:00Z,2026-05-12T07:00:00+0200,5914.09,MW,DE,DE_LU,forecast_offshore_wind_generation,Wind Offshore,2026-05-24T16:09:31Z
2026-05-24T16:08:25Z,2026-05-24T18:08:25+0200,8c5f6830-b44b-449b-bdab-a1b130ad33e1,2026-05-12T05:15:00Z,2026-05-12T07:15:00+0200,5903.29,MW,DE,DE_LU,forecast_offshore_wind_generation,Wind Offshore,2026-05-24T16:09:31Z
2026-05-24T16:08:25Z,2026-05-24T18:08:25+0200,8c5f6830-b44b-449b-bdab-a1b130ad33e1,2026-05-12T05:30:00Z,2026-05-12T07:30:00+0200,5886.53,MW,DE,DE_LU,forecast_offshore_wind_generation,Wind Offshore,2026-05-24T16:09:31Z
2026-05-24T16:08:25Z,2026-05-24T18:08:25+0200,8c5f6830-b44b-449b-bdab-a1b130ad33e1,2026-05-12T05:45:00Z,2026-05-12T07:45:00+0200,5857.25,MW,DE,DE_LU,forecast_offshore_wind_generation,Wind Offshore,2026-05-24T16:09:31Z
2026-05-24T16:08:25Z,2026-05-24T18:08:25+0200,8c5f6830-b44b-449b-bdab-a1b130ad33e1,2026-05-12T06:00:00Z,2026-05-12T08:00:00+0200,5828.06,MW,DE,DE_LU,forecast_offshore_wind_generation,Wind Offshore,2026-05-24T16:09:31Z
2026-05-24T16:08:25Z,2026-05-24T18:08:25+0200,8c5f6830-b44b-449b-bdab-a1b130ad33e1,2026-05-12T06:15:00Z,2026-05-12T08:15:00+0200,5768.54,MW,DE,DE_LU,forecast_offshore_wind_generation,Wind Offshore,2026-05-24T16:09:31Z
2026-05-24T16:08:25Z,2026-05-24T18:08:25+0200,8c5f6830-b44b-449b-bdab-a1b130ad33e1,2026-05-12T06:30:00Z,2026-05-12T08:30:00+0200,5619.05,MW,DE,DE_LU,forecast_offshore_wind_generation,Wind Offshore,2026-05-24T16:09:31Z
2026-05-24T16:08:25Z,2026-05-24T18:08:25+0200,8c5f6830-b44b-449b-bdab-a1b130ad33e1,2026-05-12T06:45:00Z,2026-05-12T08:45:00+0200,5547.54,MW,DE,DE_LU,forecast_offshore_wind_generation,Wind Offshore,2026-05-24T16:09:31Z
2026-05-24T16:08:25Z,2026-05-24T18:08:25+0200,8c5f6830-b44b-449b-bdab-a1b130ad33e1,2026-05-12T07:00:00Z,2026-05-12T09:00:00+0200,5467.98,MW,DE,DE_LU,forecast_offshore_wind_generation,Wind Offshore,2026-05-24T16:09:31Z
2026-05-24T16:08:25Z,2026-05-24T18:08:25+0200,8c5f6830-b44b-449b-bdab-a1b130ad33e1,2026-05-12T07:15:00Z,2026-05-12T09:15:00+0200,5165.0,MW,DE,DE_LU,forecast_offshore_wind_generation,Wind Offshore,2026-05-24T16:09:31Z
2026-05-24T16:08:25Z,2026-05-24T18:08:25+0200,8c5f6830-b44b-449b-bdab-a1b130ad33e1,2026-05-12T07:30:00Z,2026-05-12T09:30:00+0200,5044.11,MW,DE,DE_LU,forecast_offshore_wind_generation,Wind Offshore,2026-05-24T16:09:31Z
2026-05-24T16:08:25Z,2026-05-24T18:08:25+0200,8c5f6830-b44b-449b-bdab-a1b130ad33e1,2026-05-12T07:45:00Z,2026-05-12T09:45:00+0200,4924.23,MW,DE,DE_LU,forecast_offshore_wind_generation,Wind Offshore,2026-05-24T16:09:31Z
2026-05-24T16:08:25Z,2026-05-24T18:08:25+0200,8c5f6830-b44b-449b-bdab-a1b130ad33e1,2026-05-12T08:00:00Z,2026-05-12T10:00:00+0200,4791.12,MW,DE,DE_LU,forecast_offshore_wind_generation,Wind Offshore,2026-05-24T16:09:31Z
2026-05-24T16:08:25Z,2026-05-24T18:08:25+0200,8c5f6830-b44b-449b-bdab-a1b130ad33e1,2026-05-12T08:15:00Z,2026-05-12T10:15:00+0200,4636.01,MW,DE,DE_LU,forecast_offshore_wind_generation,Wind Offshore,2026-05-24T16:09:31Z
2026-05-24T16:08:25Z,2026-05-24T18:08:25+0200,8c5f6830-b44b-449b-bdab-a1b130ad33e1,2026-05-12T08:30:00Z,2026-05-12T10:30:00+0200,4479.96,MW,DE,DE_LU,forecast_offshore_wind_generation,Wind Offshore,2026-05-24T16:09:31Z
2026-05-24T16:08:25Z,2026-05-24T18:08:25+0200,8c5f6830-b44b-449b-bdab-a1b130ad33e1,2026-05-12T08:45:00Z,2026-05-12T10:45:00+0200,4320.83,MW,DE,DE_LU,forecast_offshore_wind_generation,Wind Offshore,2026-05-24T16:09:31Z
2026-05-24T16:08:25Z,2026-05-24T18:08:25+0200,8c5f6830-b44b-449b-bdab-a1b130ad33e1,2026-05-12T09:00:00Z,2026-05-12T11:00:00+0200,4153.01,MW,DE,DE_LU,forecast_offshore_wind_generation,Wind Offshore,2026-05-24T16:09:31Z
2026-05-24T16:08:25Z,2026-05-24T18:08:25+0200,8c5f6830-b44b-449b-bdab-a1b130ad33e1,2026-05-12T09:15:00Z,2026-05-12T11:15:00+0200,3940.89,MW,DE,DE_LU,forecast_offshore_wind_generation,Wind Offshore,2026-05-24T16:09:31Z
2026-05-24T16:08:25Z,2026-05-24T18:08:25+0200,8c5f6830-b44b-449b-bdab-a1b130ad33e1,2026-05-12T09:30:00Z,2026-05-12T11:30:00+0200,3762.98,MW,DE,DE_LU,forecast_offshore_wind_generation,Wind Offshore,2026-05-24T16:09:31Z
2026-05-24T16:08:25Z,2026-05-24T18:08:25+0200,8c5f6830-b44b-449b-bdab-a1b130ad33e1,2026-05-12T09:45:00Z,2026-05-12T11:45:00+0200,3584.23,MW,DE,DE_LU,forecast_offshore_wind_generation,Wind Offshore,2026-05-24T16:09:31Z
2026-05-24T16:08:25Z,2026-05-24T18:08:25+0200,8c5f6830-b44b-449b-bdab-a1b130ad33e1,2026-05-12T10:00:00Z,2026-05-12T12:00:00+0200,3360.27,MW,DE,DE_LU,forecast_offshore_wind_generation,Wind Offshore,2026-05-24T16:09:31Z
2026-05-24T16:08:25Z,2026-05-24T18:08:25+0200,8c5f6830-b44b-449b-bdab-a1b130ad33e1,2026-05-12T10:15:00Z,2026-05-12T12:15:00+0200,3246.4,MW,DE,DE_LU,forecast_offshore_wind_generation,Wind Offshore,2026-05-24T16:09:31Z
2026-05-24T16:08:25Z,2026-05-24T18:08:25+0200,8c5f6830-b44b-449b-bdab-a1b130ad33e1,2026-05-12T10:30:00Z,2026-05-12T12:30:00+0200,3126.57,MW,DE,DE_LU,forecast_offshore_wind_generation,Wind Offshore,2026-05-24T16:09:31Z
2026-05-24T16:08:25Z,2026-05-24T18:08:25+0200,8c5f6830-b44b-449b-bdab-a1b130ad33e1,2026-05-12T10:45:00Z,2026-05-12T12:45:00+0200,3007.36,MW,DE,DE_LU,forecast_offshore_wind_generation,Wind Offshore,2026-05-24T16:09:31Z
2026-05-24T16:08:25Z,2026-05-24T18:08:25+0200,8c5f6830-b44b-449b-bdab-a1b130ad33e1,2026-05-12T11:00:00Z,2026-05-12T13:00:00+0200,2908.86,MW,DE,DE_LU,forecast_offshore_wind_generation,Wind Offshore,2026-05-24T16:09:31Z
2026-05-24T16:08:25Z,2026-05-24T18:08:25+0200,8c5f6830-b44b-449b-bdab-a1b130ad33e1,2026-05-12T11:15:00Z,2026-05-12T13:15:00+0200,2857.89,MW,DE,DE_LU,forecast_offshore_wind_generation,Wind Offshore,2026-05-24T16:09:31Z
2026-05-24T16:08:25Z,2026-05-24T18:08:25+0200,8c5f6830-b44b-449b-bdab-a1b130ad33e1,2026-05-12T11:30:00Z,2026-05-12T13:30:00+0200,2801.93,MW,DE,DE_LU,forecast_offshore_wind_generation,Wind Offshore,2026-05-24T16:09:31Z
2026-05-24T16:08:25Z,2026-05-24T18:08:25+0200,8c5f6830-b44b-449b-bdab-a1b130ad33e1,2026-05-12T11:45:00Z,2026-05-12T13:45:00+0200,2744.62,MW,DE,DE_LU,forecast_offshore_wind_generation,Wind Offshore,2026-05-24T16:09:31Z
2026-05-24T16:08:25Z,2026-05-24T18:08:25+0200,8c5f6830-b44b-449b-bdab-a1b130ad33e1,2026-05-12T12:00:00Z,2026-05-12T14:00:00+0200,2688.98,MW,DE,DE_LU,forecast_offshore_wind_generation,Wind Offshore,2026-05-24T16:09:31Z
2026-05-24T16:08:25Z,2026-05-24T18:08:25+0200,8c5f6830-b44b-449b-bdab-a1b130ad33e1,2026-05-12T12:15:00Z,2026-05-12T14:15:00+0200,2670.0,MW,DE,DE_LU,forecast_offshore_wind_generation,Wind Offshore,2026-05-24T16:09:31Z
2026-05-24T16:08:25Z,2026-05-24T18:08:25+0200,8c5f6830-b44b-449b-bdab-a1b130ad33e1,2026-05-12T12:30:00Z,2026-05-12T14:30:00+0200,2654.04,MW,DE,DE_LU,forecast_offshore_wind_generation,Wind Offshore,2026-05-24T16:09:31Z
2026-05-24T16:08:25Z,2026-05-24T18:08:25+0200,8c5f6830-b44b-449b-bdab-a1b130ad33e1,2026-05-12T12:45:00Z,2026-05-12T14:45:00+0200,2637.37,MW,DE,DE_LU,forecast_offshore_wind_generation,Wind Offshore,2026-05-24T16:09:31Z
2026-05-24T16:08:25Z,2026-05-24T18:08:25+0200,8c5f6830-b44b-449b-bdab-a1b130ad33e1,2026-05-12T13:00:00Z,2026-05-12T15:00:00+0200,2637.11,MW,DE,DE_LU,forecast_offshore_wind_generation,Wind Offshore,2026-05-24T16:09:31Z
2026-05-24T16:08:25Z,2026-05-24T18:08:25+0200,8c5f6830-b44b-449b-bdab-a1b130ad33e1,2026-05-12T13:15:00Z,2026-05-12T15:15:00+0200,2673.74,MW,DE,DE_LU,forecast_offshore_wind_generation,Wind Offshore,2026-05-24T16:09:31Z
2026-05-24T16:08:25Z,2026-05-24T18:08:25+0200,8c5f6830-b44b-449b-bdab-a1b130ad33e1,2026-05-12T13:30:00Z,2026-05-12T15:30:00+0200,2707.58,MW,DE,DE_LU,forecast_offshore_wind_generation,Wind Offshore,2026-05-24T16:09:31Z
2026-05-24T16:08:25Z,2026-05-24T18:08:25+0200,8c5f6830-b44b-449b-bdab-a1b130ad33e1,2026-05-12T13:45:00Z,2026-05-12T15:45:00+0200,2743.4,MW,DE,DE_LU,forecast_offshore_wind_generation,Wind Offshore,2026-05-24T16:09:31Z
2026-05-24T16:08:25Z,2026-05-24T18:08:25+0200,8c5f6830-b44b-449b-bdab-a1b130ad33e1,2026-05-12T14:00:00Z,2026-05-12T16:00:00+0200,2797.71,MW,DE,DE_LU,forecast_offshore_wind_generation,Wind Offshore,2026-05-24T16:09:31Z
2026-05-24T16:08:25Z,2026-05-24T18:08:25+0200,8c5f6830-b44b-449b-bdab-a1b130ad33e1,2026-05-12T14:15:00Z,2026-05-12T16:15:00+0200,2879.22,MW,DE,DE_LU,forecast_offshore_wind_generation,Wind Offshore,2026-05-24T16:09:31Z
2026-05-24T16:08:25Z,2026-05-24T18:08:25+0200,8c5f6830-b44b-449b-bdab-a1b130ad33e1,2026-05-12T14:30:00Z,2026-05-12T16:30:00+0200,2948.76,MW,DE,DE_LU,forecast_offshore_wind_generation,Wind Offshore,2026-05-24T16:09:31Z
2026-05-24T16:08:25Z,2026-05-24T18:08:25+0200,8c5f6830-b44b-449b-bdab-a1b130ad33e1,2026-05-12T14:45:00Z,2026-05-12T16:45:00+0200,3010.92,MW,DE,DE_LU,forecast_offshore_wind_generation,Wind Offshore,2026-05-24T16:09:31Z
2026-05-24T16:08:25Z,2026-05-24T18:08:25+0200,8c5f6830-b44b-449b-bdab-a1b130ad33e1,2026-05-12T15:00:00Z,2026-05-12T17:00:00+0200,3081.03,MW,DE,DE_LU,forecast_offshore_wind_generation,Wind Offshore,2026-05-24T16:09:31Z
2026-05-24T16:08:25Z,2026-05-24T18:08:25+0200,8c5f6830-b44b-449b-bdab-a1b130ad33e1,2026-05-12T15:15:00Z,2026-05-12T17:15:00+0200,3151.4,MW,DE,DE_LU,forecast_offshore_wind_generation,Wind Offshore,2026-05-24T16:09:31Z
2026-05-24T16:08:25Z,2026-05-24T18:08:25+0200,8c5f6830-b44b-449b-bdab-a1b130ad33e1,2026-05-12T15:30:00Z,2026-05-12T17:30:00+0200,3227.58,MW,DE,DE_LU,forecast_offshore_wind_generation,Wind Offshore,2026-05-24T16:09:31Z
2026-05-24T16:08:25Z,2026-05-24T18:08:25+0200,8c5f6830-b44b-449b-bdab-a1b130ad33e1,2026-05-12T15:45:00Z,2026-05-12T17:45:00+0200,3294.58,MW,DE,DE_LU,forecast_offshore_wind_generation,Wind Offshore,2026-05-24T16:09:31Z
2026-05-24T16:08:25Z,2026-05-24T18:08:25+0200,8c5f6830-b44b-449b-bdab-a1b130ad33e1,2026-05-12T16:00:00Z,2026-05-12T18:00:00+0200,3363.2,MW,DE,DE_LU,forecast_offshore_wind_generation,Wind Offshore,2026-05-24T16:09:31Z
2026-05-24T16:08:25Z,2026-05-24T18:08:25+0200,8c5f6830-b44b-449b-bdab-a1b130ad33e1,2026-05-12T16:15:00Z,2026-05-12T18:15:00+0200,3441.31,MW,DE,DE_LU,forecast_offshore_wind_generation,Wind Offshore,2026-05-24T16:09:31Z
2026-05-24T16:08:25Z,2026-05-24T18:08:25+0200,8c5f6830-b44b-449b-bdab-a1b130ad33e1,2026-05-12T16:30:00Z,2026-05-12T18:30:00+0200,3517.66,MW,DE,DE_LU,forecast_offshore_wind_generation,Wind Offshore,2026-05-24T16:09:31Z
2026-05-24T16:08:25Z,2026-05-24T18:08:25+0200,8c5f6830-b44b-449b-bdab-a1b130ad33e1,2026-05-12T16:45:00Z,2026-05-12T18:45:00+0200,3754.13,MW,DE,DE_LU,forecast_offshore_wind_generation,Wind Offshore,2026-05-24T16:09:31Z
2026-05-24T16:08:25Z,2026-05-24T18:08:25+0200,8c5f6830-b44b-449b-bdab-a1b130ad33e1,2026-05-12T17:00:00Z,2026-05-12T19:00:00+0200,3832.46,MW,DE,DE_LU,forecast_offshore_wind_generation,Wind Offshore,2026-05-24T16:09:31Z
2026-05-24T16:08:25Z,2026-05-24T18:08:25+0200,8c5f6830-b44b-449b-bdab-a1b130ad33e1,2026-05-12T17:15:00Z,2026-05-12T19:15:00+0200,3895.29,MW,DE,DE_LU,forecast_offshore_wind_generation,Wind Offshore,2026-05-24T16:09:31Z
2026-05-24T16:08:25Z,2026-05-24T18:08:25+0200,8c5f6830-b44b-449b-bdab-a1b130ad33e1,2026-05-12T17:30:00Z,2026-05-12T19:30:00+0200,3951.15,MW,DE,DE_LU,forecast_offshore_wind_generation,Wind Offshore,2026-05-24T16:09:31Z
2026-05-24T16:08:25Z,2026-05-24T18:08:25+0200,8c5f6830-b44b-449b-bdab-a1b130ad33e1,2026-05-12T17:45:00Z,2026-05-12T19:45:00+0200,4004.96,MW,DE,DE_LU,forecast_offshore_wind_generation,Wind Offshore,2026-05-24T16:09:31Z
2026-05-24T16:08:25Z,2026-05-24T18:08:25+0200,8c5f6830-b44b-449b-bdab-a1b130ad33e1,2026-05-12T18:00:00Z,2026-05-12T20:00:00+0200,4050.46,MW,DE,DE_LU,forecast_offshore_wind_generation,Wind Offshore,2026-05-24T16:09:31Z
2026-05-24T16:08:25Z,2026-05-24T18:08:25+0200,8c5f6830-b44b-449b-bdab-a1b130ad33e1,2026-05-12T18:15:00Z,2026-05-12T20:15:00+0200,4118.36,MW,DE,DE_LU,forecast_offshore_wind_generation,Wind Offshore,2026-05-24T16:09:31Z
2026-05-24T16:08:25Z,2026-05-24T18:08:25+0200,8c5f6830-b44b-449b-bdab-a1b130ad33e1,2026-05-12T18:30:00Z,2026-05-12T20:30:00+0200,4180.28,MW,DE,DE_LU,forecast_offshore_wind_generation,Wind Offshore,2026-05-24T16:09:31Z
2026-05-24T16:08:25Z,2026-05-24T18:08:25+0200,8c5f6830-b44b-449b-bdab-a1b130ad33e1,2026-05-12T18:45:00Z,2026-05-12T20:45:00+0200,4242.36,MW,DE,DE_LU,forecast_offshore_wind_generation,Wind Offshore,2026-05-24T16:09:31Z
2026-05-24T16:08:25Z,2026-05-24T18:08:25+0200,8c5f6830-b44b-449b-bdab-a1b130ad33e1,2026-05-12T19:00:00Z,2026-05-12T21:00:00+0200,4305.42,MW,DE,DE_LU,forecast_offshore_wind_generation,Wind Offshore,2026-05-24T16:09:31Z
2026-05-24T16:08:25Z,2026-05-24T18:08:25+0200,8c5f6830-b44b-449b-bdab-a1b130ad33e1,2026-05-12T19:15:00Z,2026-05-12T21:15:00+0200,4344.41,MW,DE,DE_LU,forecast_offshore_wind_generation,Wind Offshore,2026-05-24T16:09:31Z
2026-05-24T16:08:25Z,2026-05-24T18:08:25+0200,8c5f6830-b44b-449b-bdab-a1b130ad33e1,2026-05-12T19:30:00Z,2026-05-12T21:30:00+0200,4387.55,MW,DE,DE_LU,forecast_offshore_wind_generation,Wind Offshore,2026-05-24T16:09:31Z
2026-05-24T16:08:25Z,2026-05-24T18:08:25+0200,8c5f6830-b44b-449b-bdab-a1b130ad33e1,2026-05-12T19:45:00Z,2026-05-12T21:45:00+0200,4420.37,MW,DE,DE_LU,forecast_offshore_wind_generation,Wind Offshore,2026-05-24T16:09:31Z
2026-05-24T16:08:25Z,2026-05-24T18:08:25+0200,8c5f6830-b44b-449b-bdab-a1b130ad33e1,2026-05-12T20:00:00Z,2026-05-12T22:00:00+0200,4451.39,MW,DE,DE_LU,forecast_offshore_wind_generation,Wind Offshore,2026-05-24T16:09:31Z
2026-05-24T16:08:25Z,2026-05-24T18:08:25+0200,8c5f6830-b44b-449b-bdab-a1b130ad33e1,2026-05-12T20:15:00Z,2026-05-12T22:15:00+0200,4479.35,MW,DE,DE_LU,forecast_offshore_wind_generation,Wind Offshore,2026-05-24T16:09:31Z
2026-05-24T16:08:25Z,2026-05-24T18:08:25+0200,8c5f6830-b44b-449b-bdab-a1b130ad33e1,2026-05-12T20:30:00Z,2026-05-12T22:30:00+0200,4499.13,MW,DE,DE_LU,forecast_offshore_wind_generation,Wind Offshore,2026-05-24T16:09:31Z
2026-05-24T16:08:25Z,2026-05-24T18:08:25+0200,8c5f6830-b44b-449b-bdab-a1b130ad33e1,2026-05-12T20:45:00Z,2026-05-12T22:45:00+0200,4529.37,MW,DE,DE_LU,forecast_offshore_wind_generation,Wind Offshore,2026-05-24T16:09:31Z
2026-05-24T16:08:25Z,2026-05-24T18:08:25+0200,8c5f6830-b44b-449b-bdab-a1b130ad33e1,2026-05-12T21:00:00Z,2026-05-12T23:00:00+0200,4535.03,MW,DE,DE_LU,forecast_offshore_wind_generation,Wind Offshore,2026-05-24T16:09:31Z
2026-05-24T16:08:25Z,2026-05-24T18:08:25+0200,8c5f6830-b44b-449b-bdab-a1b130ad33e1,2026-05-12T21:15:00Z,2026-05-12T23:15:00+0200,4509.37,MW,DE,DE_LU,forecast_offshore_wind_generation,Wind Offshore,2026-05-24T16:09:31Z
2026-05-24T16:08:25Z,2026-05-24T18:08:25+0200,8c5f6830-b44b-449b-bdab-a1b130ad33e1,2026-05-12T21:30:00Z,2026-05-12T23:30:00+0200,4484.43,MW,DE,DE_LU,forecast_offshore_wind_generation,Wind Offshore,2026-05-24T16:09:31Z
2026-05-24T16:08:25Z,2026-05-24T18:08:25+0200,8c5f6830-b44b-449b-bdab-a1b130ad33e1,2026-05-12T21:45:00Z,2026-05-12T23:45:00+0200,4459.63,MW,DE,DE_LU,forecast_offshore_wind_generation,Wind Offshore,2026-05-24T16:09:31Z
2026-05-24T16:08:25Z,2026-05-24T18:08:25+0200,8c5f6830-b44b-449b-bdab-a1b130ad33e1,2026-05-12T22:00:00Z,2026-05-13T00:00:00+0200,4213.06,MW,DE,DE_LU,forecast_offshore_wind_generation,Wind Offshore,2026-05-24T16:09:31Z
2026-05-24T16:08:25Z,2026-05-24T18:08:25+0200,8c5f6830-b44b-449b-bdab-a1b130ad33e1,2026-05-12T22:15:00Z,2026-05-13T00:15:00+0200,4184.57,MW,DE,DE_LU,forecast_offshore_wind_generation,Wind Offshore,2026-05-24T16:09:31Z
2026-05-24T16:08:25Z,2026-05-24T18:08:25+0200,8c5f6830-b44b-449b-bdab-a1b130ad33e1,2026-05-12T22:30:00Z,2026-05-13T00:30:00+0200,4156.93,MW,DE,DE_LU,forecast_offshore_wind_generation,Wind Offshore,2026-05-24T16:09:31Z
2026-05-24T16:08:25Z,2026-05-24T18:08:25+0200,8c5f6830-b44b-449b-bdab-a1b130ad33e1,2026-05-12T22:45:00Z,2026-05-13T00:45:00+0200,4132.09,MW,DE,DE_LU,forecast_offshore_wind_generation,Wind Offshore,2026-05-24T16:09:31Z
2026-05-24T16:08:25Z,2026-05-24T18:08:25+0200,8c5f6830-b44b-449b-bdab-a1b130ad33e1,2026-05-12T23:00:00Z,2026-05-13T01:00:00+0200,4098.43,MW,DE,DE_LU,forecast_offshore_wind_generation,Wind Offshore,2026-05-24T16:09:31Z
2026-05-24T16:08:25Z,2026-05-24T18:08:25+0200,8c5f6830-b44b-449b-bdab-a1b130ad33e1,2026-05-12T23:15:00Z,2026-05-13T01:15:00+0200,4096.95,MW,DE,DE_LU,forecast_offshore_wind_generation,Wind Offshore,2026-05-24T16:09:31Z
2026-05-24T16:08:25Z,2026-05-24T18:08:25+0200,8c5f6830-b44b-449b-bdab-a1b130ad33e1,2026-05-12T23:30:00Z,2026-05-13T01:30:00+0200,4099.43,MW,DE,DE_LU,forecast_offshore_wind_generation,Wind Offshore,2026-05-24T16:09:31Z
2026-05-24T16:08:25Z,2026-05-24T18:08:25+0200,8c5f6830-b44b-449b-bdab-a1b130ad33e1,2026-05-12T23:45:00Z,2026-05-13T01:45:00+0200,4103.18,MW,DE,DE_LU,forecast_offshore_wind_generation,Wind Offshore,2026-05-24T16:09:31Z
2026-05-24T16:08:25Z,2026-05-24T18:08:25+0200,8c5f6830-b44b-449b-bdab-a1b130ad33e1,2026-05-13T00:00:00Z,2026-05-13T02:00:00+0200,4100.31,MW,DE,DE_LU,forecast_offshore_wind_generation,Wind Offshore,2026-05-24T16:09:31Z
2026-05-24T16:08:25Z,2026-05-24T18:08:25+0200,8c5f6830-b44b-449b-bdab-a1b130ad33e1,2026-05-13T00:15:00Z,2026-05-13T02:15:00+0200,4051.4,MW,DE,DE_LU,forecast_offshore_wind_generation,Wind Offshore,2026-05-24T16:09:31Z
2026-05-24T16:08:25Z,2026-05-24T18:08:25+0200,8c5f6830-b44b-449b-bdab-a1b130ad33e1,2026-05-13T00:30:00Z,2026-05-13T02:30:00+0200,4003.47,MW,DE,DE_LU,forecast_offshore_wind_generation,Wind Offshore,2026-05-24T16:09:31Z
2026-05-24T16:08:25Z,2026-05-24T18:08:25+0200,8c5f6830-b44b-449b-bdab-a1b130ad33e1,2026-05-13T00:45:00Z,2026-05-13T02:45:00+0200,3954.39,MW,DE,DE_LU,forecast_offshore_wind_generation,Wind Offshore,2026-05-24T16:09:31Z
2026-05-24T16:08:25Z,2026-05-24T18:08:25+0200,8c5f6830-b44b-449b-bdab-a1b130ad33e1,2026-05-13T01:00:00Z,2026-05-13T03:00:00+0200,3891.77,MW,DE,DE_LU,forecast_offshore_wind_generation,Wind Offshore,2026-05-24T16:09:31Z
2026-05-24T16:08:25Z,2026-05-24T18:08:25+0200,8c5f6830-b44b-449b-bdab-a1b130ad33e1,2026-05-13T01:15:00Z,2026-05-13T03:15:00+0200,3772.28,MW,DE,DE_LU,forecast_offshore_wind_generation,Wind Offshore,2026-05-24T16:09:31Z
2026-05-24T16:08:25Z,2026-05-24T18:08:25+0200,8c5f6830-b44b-449b-bdab-a1b130ad33e1,2026-05-13T01:30:00Z,2026-05-13T03:30:00+0200,3659.85,MW,DE,DE_LU,forecast_offshore_wind_generation,Wind Offshore,2026-05-24T16:09:31Z
2026-05-24T16:08:25Z,2026-05-24T18:08:25+0200,8c5f6830-b44b-449b-bdab-a1b130ad33e1,2026-05-13T01:45:00Z,2026-05-13T03:45:00+0200,3540.44,MW,DE,DE_LU,forecast_offshore_wind_generation,Wind Offshore,2026-05-24T16:09:31Z
2026-05-24T16:08:25Z,2026-05-24T18:08:25+0200,8c5f6830-b44b-449b-bdab-a1b130ad33e1,2026-05-13T02:00:00Z,2026-05-13T04:00:00+0200,3422.59,MW,DE,DE_LU,forecast_offshore_wind_generation,Wind Offshore,2026-05-24T16:09:31Z
2026-05-24T16:08:25Z,2026-05-24T18:08:25+0200,8c5f6830-b44b-449b-bdab-a1b130ad33e1,2026-05-13T02:15:00Z,2026-05-13T04:15:00+0200,3287.08,MW,DE,DE_LU,forecast_offshore_wind_generation,Wind Offshore,2026-05-24T16:09:31Z
2026-05-24T16:08:25Z,2026-05-24T18:08:25+0200,8c5f6830-b44b-449b-bdab-a1b130ad33e1,2026-05-13T02:30:00Z,2026-05-13T04:30:00+0200,3154.61,MW,DE,DE_LU,forecast_offshore_wind_generation,Wind Offshore,2026-05-24T16:09:31Z
2026-05-24T16:08:25Z,2026-05-24T18:08:25+0200,8c5f6830-b44b-449b-bdab-a1b130ad33e1,2026-05-13T02:45:00Z,2026-05-13T04:45:00+0200,3017.38,MW,DE,DE_LU,forecast_offshore_wind_generation,Wind Offshore,2026-05-24T16:09:31Z
2026-05-24T16:08:25Z,2026-05-24T18:08:25+0200,8c5f6830-b44b-449b-bdab-a1b130ad33e1,2026-05-13T03:00:00Z,2026-05-13T05:00:00+0200,2889.01,MW,DE,DE_LU,forecast_offshore_wind_generation,Wind Offshore,2026-05-24T16:09:31Z
2026-05-24T16:08:25Z,2026-05-24T18:08:25+0200,8c5f6830-b44b-449b-bdab-a1b130ad33e1,2026-05-13T03:15:00Z,2026-05-13T05:15:00+0200,2755.11,MW,DE,DE_LU,forecast_offshore_wind_generation,Wind Offshore,2026-05-24T16:09:31Z
2026-05-24T16:08:25Z,2026-05-24T18:08:25+0200,8c5f6830-b44b-449b-bdab-a1b130ad33e1,2026-05-13T03:30:00Z,2026-05-13T05:30:00+0200,2626.96,MW,DE,DE_LU,forecast_offshore_wind_generation,Wind Offshore,2026-05-24T16:09:31Z
2026-05-24T16:08:25Z,2026-05-24T18:08:25+0200,8c5f6830-b44b-449b-bdab-a1b130ad33e1,2026-05-13T03:45:00Z,2026-05-13T05:45:00+0200,2499.78,MW,DE,DE_LU,forecast_offshore_wind_generation,Wind Offshore,2026-05-24T16:09:31Z
2026-05-24T16:08:25Z,2026-05-24T18:08:25+0200,8c5f6830-b44b-449b-bdab-a1b130ad33e1,2026-05-13T04:00:00Z,2026-05-13T06:00:00+0200,2359.26,MW,DE,DE_LU,forecast_offshore_wind_generation,Wind Offshore,2026-05-24T16:09:31Z
2026-05-24T16:08:25Z,2026-05-24T18:08:25+0200,8c5f6830-b44b-449b-bdab-a1b130ad33e1,2026-05-13T04:15:00Z,2026-05-13T06:15:00+0200,2227.35,MW,DE,DE_LU,forecast_offshore_wind_generation,Wind Offshore,2026-05-24T16:09:31Z
2026-05-24T16:08:25Z,2026-05-24T18:08:25+0200,8c5f6830-b44b-449b-bdab-a1b130ad33e1,2026-05-13T04:30:00Z,2026-05-13T06:30:00+0200,2093.72,MW,DE,DE_LU,forecast_offshore_wind_generation,Wind Offshore,2026-05-24T16:09:31Z
2026-05-24T16:08:25Z,2026-05-24T18:08:25+0200,8c5f6830-b44b-449b-bdab-a1b130ad33e1,2026-05-13T04:45:00Z,2026-05-13T06:45:00+0200,1965.18,MW,DE,DE_LU,forecast_offshore_wind_generation,Wind Offshore,2026-05-24T16:09:31Z
2026-05-24T16:08:25Z,2026-05-24T18:08:25+0200,8c5f6830-b44b-449b-bdab-a1b130ad33e1,2026-05-13T05:00:00Z,2026-05-13T07:00:00+0200,1837.87,MW,DE,DE_LU,forecast_offshore_wind_generation,Wind Offshore,2026-05-24T16:09:31Z
2026-05-24T16:08:25Z,2026-05-24T18:08:25+0200,8c5f6830-b44b-449b-bdab-a1b130ad33e1,2026-05-13T05:15:00Z,2026-05-13T07:15:00+0200,1705.48,MW,DE,DE_LU,forecast_offshore_wind_generation,Wind Offshore,2026-05-24T16:09:31Z
2026-05-24T16:08:25Z,2026-05-24T18:08:25+0200,8c5f6830-b44b-449b-bdab-a1b130ad33e1,2026-05-13T05:30:00Z,2026-05-13T07:30:00+0200,1564.33,MW,DE,DE_LU,forecast_offshore_wind_generation,Wind Offshore,2026-05-24T16:09:31Z
2026-05-24T16:08:25Z,2026-05-24T18:08:25+0200,8c5f6830-b44b-449b-bdab-a1b130ad33e1,2026-05-13T05:45:00Z,2026-05-13T07:45:00+0200,1432.23,MW,DE,DE_LU,forecast_offshore_wind_generation,Wind Offshore,2026-05-24T16:09:31Z
2026-05-24T16:08:25Z,2026-05-24T18:08:25+0200,8c5f6830-b44b-449b-bdab-a1b130ad33e1,2026-05-13T06:00:00Z,2026-05-13T08:00:00+0200,1305.75,MW,DE,DE_LU,forecast_offshore_wind_generation,Wind Offshore,2026-05-24T16:09:31Z
2026-05-24T16:08:25Z,2026-05-24T18:08:25+0200,8c5f6830-b44b-449b-bdab-a1b130ad33e1,2026-05-13T06:15:00Z,2026-05-13T08:15:00+0200,1213.26,MW,DE,DE_LU,forecast_offshore_wind_generation,Wind Offshore,2026-05-24T16:09:31Z
2026-05-24T16:08:25Z,2026-05-24T18:08:25+0200,8c5f6830-b44b-449b-bdab-a1b130ad33e1,2026-05-13T06:30:00Z,2026-05-13T08:30:00+0200,1107.93,MW,DE,DE_LU,forecast_offshore_wind_generation,Wind Offshore,2026-05-24T16:09:31Z
2026-05-24T16:08:25Z,2026-05-24T18:08:25+0200,8c5f6830-b44b-449b-bdab-a1b130ad33e1,2026-05-13T06:45:00Z,2026-05-13T08:45:00+0200,1015.96,MW,DE,DE_LU,forecast_offshore_wind_generation,Wind Offshore,2026-05-24T16:09:31Z
2026-05-24T16:08:25Z,2026-05-24T18:08:25+0200,8c5f6830-b44b-449b-bdab-a1b130ad33e1,2026-05-13T07:00:00Z,2026-05-13T09:00:00+0200,931.42,MW,DE,DE_LU,forecast_offshore_wind_generation,Wind Offshore,2026-05-24T16:09:31Z
2026-05-24T16:08:25Z,2026-05-24T18:08:25+0200,8c5f6830-b44b-449b-bdab-a1b130ad33e1,2026-05-13T07:15:00Z,2026-05-13T09:15:00+0200,846.27,MW,DE,DE_LU,forecast_offshore_wind_generation,Wind Offshore,2026-05-24T16:09:31Z
2026-05-24T16:08:25Z,2026-05-24T18:08:25+0200,8c5f6830-b44b-449b-bdab-a1b130ad33e1,2026-05-13T07:30:00Z,2026-05-13T09:30:00+0200,774.34,MW,DE,DE_LU,forecast_offshore_wind_generation,Wind Offshore,2026-05-24T16:09:31Z
2026-05-24T16:08:25Z,2026-05-24T18:08:25+0200,8c5f6830-b44b-449b-bdab-a1b130ad33e1,2026-05-13T07:45:00Z,2026-05-13T09:45:00+0200,707.15,MW,DE,DE_LU,forecast_offshore_wind_generation,Wind Offshore,2026-05-24T16:09:31Z
2026-05-24T16:08:25Z,2026-05-24T18:08:25+0200,8c5f6830-b44b-449b-bdab-a1b130ad33e1,2026-05-13T08:00:00Z,2026-05-13T10:00:00+0200,638.78,MW,DE,DE_LU,forecast_offshore_wind_generation,Wind Offshore,2026-05-24T16:09:31Z
2026-05-24T16:08:25Z,2026-05-24T18:08:25+0200,8c5f6830-b44b-449b-bdab-a1b130ad33e1,2026-05-13T08:15:00Z,2026-05-13T10:15:00+0200,600.4,MW,DE,DE_LU,forecast_offshore_wind_generation,Wind Offshore,2026-05-24T16:09:31Z
2026-05-24T16:08:25Z,2026-05-24T18:08:25+0200,8c5f6830-b44b-449b-bdab-a1b130ad33e1,2026-05-13T08:30:00Z,2026-05-13T10:30:00+0200,552.04,MW,DE,DE_LU,forecast_offshore_wind_generation,Wind Offshore,2026-05-24T16:09:31Z
2026-05-24T16:08:25Z,2026-05-24T18:08:25+0200,8c5f6830-b44b-449b-bdab-a1b130ad33e1,2026-05-13T08:45:00Z,2026-05-13T10:45:00+0200,514.72,MW,DE,DE_LU,forecast_offshore_wind_generation,Wind Offshore,2026-05-24T16:09:31Z
2026-05-24T16:08:25Z,2026-05-24T18:08:25+0200,8c5f6830-b44b-449b-bdab-a1b130ad33e1,2026-05-13T09:00:00Z,2026-05-13T11:00:00+0200,485.11,MW,DE,DE_LU,forecast_offshore_wind_generation,Wind Offshore,2026-05-24T16:09:31Z
2026-05-24T16:08:25Z,2026-05-24T18:08:25+0200,8c5f6830-b44b-449b-bdab-a1b130ad33e1,2026-05-13T09:15:00Z,2026-05-13T11:15:00+0200,471.93,MW,DE,DE_LU,forecast_offshore_wind_generation,Wind Offshore,2026-05-24T16:09:31Z
2026-05-24T16:08:25Z,2026-05-24T18:08:25+0200,8c5f6830-b44b-449b-bdab-a1b130ad33e1,2026-05-13T09:30:00Z,2026-05-13T11:30:00+0200,464.8,MW,DE,DE_LU,forecast_offshore_wind_generation,Wind Offshore,2026-05-24T16:09:31Z
2026-05-24T16:08:25Z,2026-05-24T18:08:25+0200,8c5f6830-b44b-449b-bdab-a1b130ad33e1,2026-05-13T09:45:00Z,2026-05-13T11:45:00+0200,442.11,MW,DE,DE_LU,forecast_offshore_wind_generation,Wind Offshore,2026-05-24T16:09:31Z
2026-05-24T16:08:25Z,2026-05-24T18:08:25+0200,8c5f6830-b44b-449b-bdab-a1b130ad33e1,2026-05-13T10:00:00Z,2026-05-13T12:00:00+0200,431.59,MW,DE,DE_LU,forecast_offshore_wind_generation,Wind Offshore,2026-05-24T16:09:31Z
2026-05-24T16:08:25Z,2026-05-24T18:08:25+0200,8c5f6830-b44b-449b-bdab-a1b130ad33e1,2026-05-13T10:15:00Z,2026-05-13T12:15:00+0200,435.37,MW,DE,DE_LU,forecast_offshore_wind_generation,Wind Offshore,2026-05-24T16:09:31Z
2026-05-24T16:08:25Z,2026-05-24T18:08:25+0200,8c5f6830-b44b-449b-bdab-a1b130ad33e1,2026-05-13T10:30:00Z,2026-05-13T12:30:00+0200,439.31,MW,DE,DE_LU,forecast_offshore_wind_generation,Wind Offshore,2026-05-24T16:09:31Z
2026-05-24T16:08:25Z,2026-05-24T18:08:25+0200,8c5f6830-b44b-449b-bdab-a1b130ad33e1,2026-05-13T10:45:00Z,2026-05-13T12:45:00+0200,443.5,MW,DE,DE_LU,forecast_offshore_wind_generation,Wind Offshore,2026-05-24T16:09:31Z
2026-05-24T16:08:25Z,2026-05-24T18:08:25+0200,8c5f6830-b44b-449b-bdab-a1b130ad33e1,2026-05-13T11:00:00Z,2026-05-13T13:00:00+0200,446.08,MW,DE,DE_LU,forecast_offshore_wind_generation,Wind Offshore,2026-05-24T16:09:31Z
2026-05-24T16:08:25Z,2026-05-24T18:08:25+0200,8c5f6830-b44b-449b-bdab-a1b130ad33e1,2026-05-13T11:15:00Z,2026-05-13T13:15:00+0200,455.16,MW,DE,DE_LU,forecast_offshore_wind_generation,Wind Offshore,2026-05-24T16:09:31Z
2026-05-24T16:08:25Z,2026-05-24T18:08:25+0200,8c5f6830-b44b-449b-bdab-a1b130ad33e1,2026-05-13T11:30:00Z,2026-05-13T13:30:00+0200,467.32,MW,DE,DE_LU,forecast_offshore_wind_generation,Wind Offshore,2026-05-24T16:09:31Z
2026-05-24T16:08:25Z,2026-05-24T18:08:25+0200,8c5f6830-b44b-449b-bdab-a1b130ad33e1,2026-05-13T11:45:00Z,2026-05-13T13:45:00+0200,482.79,MW,DE,DE_LU,forecast_offshore_wind_generation,Wind Offshore,2026-05-24T16:09:31Z
2026-05-24T16:08:25Z,2026-05-24T18:08:25+0200,8c5f6830-b44b-449b-bdab-a1b130ad33e1,2026-05-13T12:00:00Z,2026-05-13T14:00:00+0200,494.52,MW,DE,DE_LU,forecast_offshore_wind_generation,Wind Offshore,2026-05-24T16:09:31Z
2026-05-24T16:08:25Z,2026-05-24T18:08:25+0200,8c5f6830-b44b-449b-bdab-a1b130ad33e1,2026-05-13T12:15:00Z,2026-05-13T14:15:00+0200,508.31,MW,DE,DE_LU,forecast_offshore_wind_generation,Wind Offshore,2026-05-24T16:09:31Z
2026-05-24T16:08:25Z,2026-05-24T18:08:25+0200,8c5f6830-b44b-449b-bdab-a1b130ad33e1,2026-05-13T12:30:00Z,2026-05-13T14:30:00+0200,514.06,MW,DE,DE_LU,forecast_offshore_wind_generation,Wind Offshore,2026-05-24T16:09:31Z
2026-05-24T16:08:25Z,2026-05-24T18:08:25+0200,8c5f6830-b44b-449b-bdab-a1b130ad33e1,2026-05-13T12:45:00Z,2026-05-13T14:45:00+0200,519.6,MW,DE,DE_LU,forecast_offshore_wind_generation,Wind Offshore,2026-05-24T16:09:31Z
2026-05-24T16:08:25Z,2026-05-24T18:08:25+0200,8c5f6830-b44b-449b-bdab-a1b130ad33e1,2026-05-13T13:00:00Z,2026-05-13T15:00:00+0200,526.52,MW,DE,DE_LU,forecast_offshore_wind_generation,Wind Offshore,2026-05-24T16:09:31Z
2026-05-24T16:08:25Z,2026-05-24T18:08:25+0200,8c5f6830-b44b-449b-bdab-a1b130ad33e1,2026-05-13T13:15:00Z,2026-05-13T15:15:00+0200,536.1,MW,DE,DE_LU,forecast_offshore_wind_generation,Wind Offshore,2026-05-24T16:09:31Z
2026-05-24T16:08:25Z,2026-05-24T18:08:25+0200,8c5f6830-b44b-449b-bdab-a1b130ad33e1,2026-05-13T13:30:00Z,2026-05-13T15:30:00+0200,544.74,MW,DE,DE_LU,forecast_offshore_wind_generation,Wind Offshore,2026-05-24T16:09:31Z
2026-05-24T16:08:25Z,2026-05-24T18:08:25+0200,8c5f6830-b44b-449b-bdab-a1b130ad33e1,2026-05-13T13:45:00Z,2026-05-13T15:45:00+0200,555.88,MW,DE,DE_LU,forecast_offshore_wind_generation,Wind Offshore,2026-05-24T16:09:31Z
2026-05-24T16:08:25Z,2026-05-24T18:08:25+0200,8c5f6830-b44b-449b-bdab-a1b130ad33e1,2026-05-13T14:00:00Z,2026-05-13T16:00:00+0200,573.58,MW,DE,DE_LU,forecast_offshore_wind_generation,Wind Offshore,2026-05-24T16:09:31Z
2026-05-24T16:08:25Z,2026-05-24T18:08:25+0200,8c5f6830-b44b-449b-bdab-a1b130ad33e1,2026-05-13T14:15:00Z,2026-05-13T16:15:00+0200,578.57,MW,DE,DE_LU,forecast_offshore_wind_generation,Wind Offshore,2026-05-24T16:09:31Z
2026-05-24T16:08:25Z,2026-05-24T18:08:25+0200,8c5f6830-b44b-449b-bdab-a1b130ad33e1,2026-05-13T14:30:00Z,2026-05-13T16:30:00+0200,586.71,MW,DE,DE_LU,forecast_offshore_wind_generation,Wind Offshore,2026-05-24T16:09:31Z
2026-05-24T16:08:25Z,2026-05-24T18:08:25+0200,8c5f6830-b44b-449b-bdab-a1b130ad33e1,2026-05-13T14:45:00Z,2026-05-13T16:45:00+0200,594.19,MW,DE,DE_LU,forecast_offshore_wind_generation,Wind Offshore,2026-05-24T16:09:31Z
2026-05-24T16:08:25Z,2026-05-24T18:08:25+0200,8c5f6830-b44b-449b-bdab-a1b130ad33e1,2026-05-13T15:00:00Z,2026-05-13T17:00:00+0200,599.14,MW,DE,DE_LU,forecast_offshore_wind_generation,Wind Offshore,2026-05-24T16:09:31Z
2026-05-24T16:08:25Z,2026-05-24T18:08:25+0200,8c5f6830-b44b-449b-bdab-a1b130ad33e1,2026-05-13T15:15:00Z,2026-05-13T17:15:00+0200,597.78,MW,DE,DE_LU,forecast_offshore_wind_generation,Wind Offshore,2026-05-24T16:09:31Z
2026-05-24T16:08:25Z,2026-05-24T18:08:25+0200,8c5f6830-b44b-449b-bdab-a1b130ad33e1,2026-05-13T15:30:00Z,2026-05-13T17:30:00+0200,594.39,MW,DE,DE_LU,forecast_offshore_wind_generation,Wind Offshore,2026-05-24T16:09:31Z
2026-05-24T16:08:25Z,2026-05-24T18:08:25+0200,8c5f6830-b44b-449b-bdab-a1b130ad33e1,2026-05-13T15:45:00Z,2026-05-13T17:45:00+0200,590.65,MW,DE,DE_LU,forecast_offshore_wind_generation,Wind Offshore,2026-05-24T16:09:31Z
2026-05-24T16:08:25Z,2026-05-24T18:08:25+0200,8c5f6830-b44b-449b-bdab-a1b130ad33e1,2026-05-13T16:00:00Z,2026-05-13T18:00:00+0200,585.59,MW,DE,DE_LU,forecast_offshore_wind_generation,Wind Offshore,2026-05-24T16:09:31Z
2026-05-24T16:08:25Z,2026-05-24T18:08:25+0200,8c5f6830-b44b-449b-bdab-a1b130ad33e1,2026-05-13T16:15:00Z,2026-05-13T18:15:00+0200,589.35,MW,DE,DE_LU,forecast_offshore_wind_generation,Wind Offshore,2026-05-24T16:09:31Z
2026-05-24T16:08:25Z,2026-05-24T18:08:25+0200,8c5f6830-b44b-449b-bdab-a1b130ad33e1,2026-05-13T16:30:00Z,2026-05-13T18:30:00+0200,592.17,MW,DE,DE_LU,forecast_offshore_wind_generation,Wind Offshore,2026-05-24T16:09:31Z
2026-05-24T16:08:25Z,2026-05-24T18:08:25+0200,8c5f6830-b44b-449b-bdab-a1b130ad33e1,2026-05-13T16:45:00Z,2026-05-13T18:45:00+0200,597.24,MW,DE,DE_LU,forecast_offshore_wind_generation,Wind Offshore,2026-05-24T16:09:31Z
2026-05-24T16:08:25Z,2026-05-24T18:08:25+0200,8c5f6830-b44b-449b-bdab-a1b130ad33e1,2026-05-13T17:00:00Z,2026-05-13T19:00:00+0200,601.15,MW,DE,DE_LU,forecast_offshore_wind_generation,Wind Offshore,2026-05-24T16:09:31Z
2026-05-24T16:08:25Z,2026-05-24T18:08:25+0200,8c5f6830-b44b-449b-bdab-a1b130ad33e1,2026-05-13T17:15:00Z,2026-05-13T19:15:00+0200,595.86,MW,DE,DE_LU,forecast_offshore_wind_generation,Wind Offshore,2026-05-24T16:09:31Z
2026-05-24T16:08:25Z,2026-05-24T18:08:25+0200,8c5f6830-b44b-449b-bdab-a1b130ad33e1,2026-05-13T17:30:00Z,2026-05-13T19:30:00+0200,590.64,MW,DE,DE_LU,forecast_offshore_wind_generation,Wind Offshore,2026-05-24T16:09:31Z
2026-05-24T16:08:25Z,2026-05-24T18:08:25+0200,8c5f6830-b44b-449b-bdab-a1b130ad33e1,2026-05-13T17:45:00Z,2026-05-13T19:45:00+0200,587.9,MW,DE,DE_LU,forecast_offshore_wind_generation,Wind Offshore,2026-05-24T16:09:31Z
2026-05-24T16:08:25Z,2026-05-24T18:08:25+0200,8c5f6830-b44b-449b-bdab-a1b130ad33e1,2026-05-13T18:00:00Z,2026-05-13T20:00:00+0200,580.32,MW,DE,DE_LU,forecast_offshore_wind_generation,Wind Offshore,2026-05-24T16:09:31Z
2026-05-24T16:08:25Z,2026-05-24T18:08:25+0200,8c5f6830-b44b-449b-bdab-a1b130ad33e1,2026-05-13T18:15:00Z,2026-05-13T20:15:00+0200,574.34,MW,DE,DE_LU,forecast_offshore_wind_generation,Wind Offshore,2026-05-24T16:09:31Z
2026-05-24T16:08:25Z,2026-05-24T18:08:25+0200,8c5f6830-b44b-449b-bdab-a1b130ad33e1,2026-05-13T18:30:00Z,2026-05-13T20:30:00+0200,564.51,MW,DE,DE_LU,forecast_offshore_wind_generation,Wind Offshore,2026-05-24T16:09:31Z
2026-05-24T16:08:25Z,2026-05-24T18:08:25+0200,8c5f6830-b44b-449b-bdab-a1b130ad33e1,2026-05-13T18:45:00Z,2026-05-13T20:45:00+0200,562.22,MW,DE,DE_LU,forecast_offshore_wind_generation,Wind Offshore,2026-05-24T16:09:31Z
2026-05-24T16:08:25Z,2026-05-24T18:08:25+0200,8c5f6830-b44b-449b-bdab-a1b130ad33e1,2026-05-13T19:00:00Z,2026-05-13T21:00:00+0200,561.39,MW,DE,DE_LU,forecast_offshore_wind_generation,Wind Offshore,2026-05-24T16:09:31Z
2026-05-24T16:08:25Z,2026-05-24T18:08:25+0200,8c5f6830-b44b-449b-bdab-a1b130ad33e1,2026-05-13T19:15:00Z,2026-05-13T21:15:00+0200,556.85,MW,DE,DE_LU,forecast_offshore_wind_generation,Wind Offshore,2026-05-24T16:09:31Z
2026-05-24T16:08:25Z,2026-05-24T18:08:25+0200,8c5f6830-b44b-449b-bdab-a1b130ad33e1,2026-05-13T19:30:00Z,2026-05-13T21:30:00+0200,549.44,MW,DE,DE_LU,forecast_offshore_wind_generation,Wind Offshore,2026-05-24T16:09:31Z
2026-05-24T16:08:25Z,2026-05-24T18:08:25+0200,8c5f6830-b44b-449b-bdab-a1b130ad33e1,2026-05-13T19:45:00Z,2026-05-13T21:45:00+0200,548.54,MW,DE,DE_LU,forecast_offshore_wind_generation,Wind Offshore,2026-05-24T16:09:31Z
2026-05-24T16:08:25Z,2026-05-24T18:08:25+0200,8c5f6830-b44b-449b-bdab-a1b130ad33e1,2026-05-13T20:00:00Z,2026-05-13T22:00:00+0200,540.2,MW,DE,DE_LU,forecast_offshore_wind_generation,Wind Offshore,2026-05-24T16:09:31Z
2026-05-24T16:08:25Z,2026-05-24T18:08:25+0200,8c5f6830-b44b-449b-bdab-a1b130ad33e1,2026-05-13T20:15:00Z,2026-05-13T22:15:00+0200,547.16,MW,DE,DE_LU,forecast_offshore_wind_generation,Wind Offshore,2026-05-24T16:09:31Z
2026-05-24T16:08:25Z,2026-05-24T18:08:25+0200,8c5f6830-b44b-449b-bdab-a1b130ad33e1,2026-05-13T20:30:00Z,2026-05-13T22:30:00+0200,544.12,MW,DE,DE_LU,forecast_offshore_wind_generation,Wind Offshore,2026-05-24T16:09:31Z
2026-05-24T16:08:25Z,2026-05-24T18:08:25+0200,8c5f6830-b44b-449b-bdab-a1b130ad33e1,2026-05-13T20:45:00Z,2026-05-13T22:45:00+0200,548.71,MW,DE,DE_LU,forecast_offshore_wind_generation,Wind Offshore,2026-05-24T16:09:31Z
2026-05-24T16:08:25Z,2026-05-24T18:08:25+0200,8c5f6830-b44b-449b-bdab-a1b130ad33e1,2026-05-13T21:00:00Z,2026-05-13T23:00:00+0200,551.48,MW,DE,DE_LU,forecast_offshore_wind_generation,Wind Offshore,2026-05-24T16:09:31Z
2026-05-24T16:08:25Z,2026-05-24T18:08:25+0200,8c5f6830-b44b-449b-bdab-a1b130ad33e1,2026-05-13T21:15:00Z,2026-05-13T23:15:00+0200,568.6,MW,DE,DE_LU,forecast_offshore_wind_generation,Wind Offshore,2026-05-24T16:09:31Z
2026-05-24T16:08:25Z,2026-05-24T18:08:25+0200,8c5f6830-b44b-449b-bdab-a1b130ad33e1,2026-05-13T21:30:00Z,2026-05-13T23:30:00+0200,582.02,MW,DE,DE_LU,forecast_offshore_wind_generation,Wind Offshore,2026-05-24T16:09:31Z
2026-05-24T16:08:25Z,2026-05-24T18:08:25+0200,8c5f6830-b44b-449b-bdab-a1b130ad33e1,2026-05-13T21:45:00Z,2026-05-13T23:45:00+0200,597.26,MW,DE,DE_LU,forecast_offshore_wind_generation,Wind Offshore,2026-05-24T16:09:31Z
2026-05-24T16:08:25Z,2026-05-24T18:08:25+0200,8c5f6830-b44b-449b-bdab-a1b130ad33e1,2026-05-13T22:00:00Z,2026-05-14T00:00:00+0200,571.78,MW,DE,DE_LU,forecast_offshore_wind_generation,Wind Offshore,2026-05-24T16:09:31Z
2026-05-24T16:08:25Z,2026-05-24T18:08:25+0200,8c5f6830-b44b-449b-bdab-a1b130ad33e1,2026-05-13T22:15:00Z,2026-05-14T00:15:00+0200,567.11,MW,DE,DE_LU,forecast_offshore_wind_generation,Wind Offshore,2026-05-24T16:09:31Z
2026-05-24T16:08:25Z,2026-05-24T18:08:25+0200,8c5f6830-b44b-449b-bdab-a1b130ad33e1,2026-05-13T22:30:00Z,2026-05-14T00:30:00+0200,566.57,MW,DE,DE_LU,forecast_offshore_wind_generation,Wind Offshore,2026-05-24T16:09:31Z
2026-05-24T16:08:25Z,2026-05-24T18:08:25+0200,8c5f6830-b44b-449b-bdab-a1b130ad33e1,2026-05-13T22:45:00Z,2026-05-14T00:45:00+0200,561.14,MW,DE,DE_LU,forecast_offshore_wind_generation,Wind Offshore,2026-05-24T16:09:31Z
2026-05-24T16:08:25Z,2026-05-24T18:08:25+0200,8c5f6830-b44b-449b-bdab-a1b130ad33e1,2026-05-13T23:00:00Z,2026-05-14T01:00:00+0200,558.93,MW,DE,DE_LU,forecast_offshore_wind_generation,Wind Offshore,2026-05-24T16:09:31Z
2026-05-24T16:08:25Z,2026-05-24T18:08:25+0200,8c5f6830-b44b-449b-bdab-a1b130ad33e1,2026-05-13T23:15:00Z,2026-05-14T01:15:00+0200,555.67,MW,DE,DE_LU,forecast_offshore_wind_generation,Wind Offshore,2026-05-24T16:09:31Z
2026-05-24T16:08:25Z,2026-05-24T18:08:25+0200,8c5f6830-b44b-449b-bdab-a1b130ad33e1,2026-05-13T23:30:00Z,2026-05-14T01:30:00+0200,553.42,MW,DE,DE_LU,forecast_offshore_wind_generation,Wind Offshore,2026-05-24T16:09:31Z
2026-05-24T16:08:25Z,2026-05-24T18:08:25+0200,8c5f6830-b44b-449b-bdab-a1b130ad33e1,2026-05-13T23:45:00Z,2026-05-14T01:45:00+0200,554.27,MW,DE,DE_LU,forecast_offshore_wind_generation,Wind Offshore,2026-05-24T16:09:31Z
2026-05-24T16:08:25Z,2026-05-24T18:08:25+0200,8c5f6830-b44b-449b-bdab-a1b130ad33e1,2026-05-14T00:00:00Z,2026-05-14T02:00:00+0200,555.44,MW,DE,DE_LU,forecast_offshore_wind_generation,Wind Offshore,2026-05-24T16:09:31Z
2026-05-24T16:08:25Z,2026-05-24T18:08:25+0200,8c5f6830-b44b-449b-bdab-a1b130ad33e1,2026-05-14T00:15:00Z,2026-05-14T02:15:00+0200,569.66,MW,DE,DE_LU,forecast_offshore_wind_generation,Wind Offshore,2026-05-24T16:09:31Z
2026-05-24T16:08:25Z,2026-05-24T18:08:25+0200,8c5f6830-b44b-449b-bdab-a1b130ad33e1,2026-05-14T00:30:00Z,2026-05-14T02:30:00+0200,585.97,MW,DE,DE_LU,forecast_offshore_wind_generation,Wind Offshore,2026-05-24T16:09:31Z
2026-05-24T16:08:25Z,2026-05-24T18:08:25+0200,8c5f6830-b44b-449b-bdab-a1b130ad33e1,2026-05-14T00:45:00Z,2026-05-14T02:45:00+0200,602.32,MW,DE,DE_LU,forecast_offshore_wind_generation,Wind Offshore,2026-05-24T16:09:31Z
2026-05-24T16:08:25Z,2026-05-24T18:08:25+0200,8c5f6830-b44b-449b-bdab-a1b130ad33e1,2026-05-14T01:00:00Z,2026-05-14T03:00:00+0200,626.39,MW,DE,DE_LU,forecast_offshore_wind_generation,Wind Offshore,2026-05-24T16:09:31Z
2026-05-24T16:08:25Z,2026-05-24T18:08:25+0200,8c5f6830-b44b-449b-bdab-a1b130ad33e1,2026-05-14T01:15:00Z,2026-05-14T03:15:00+0200,657.75,MW,DE,DE_LU,forecast_offshore_wind_generation,Wind Offshore,2026-05-24T16:09:31Z
2026-05-24T16:08:25Z,2026-05-24T18:08:25+0200,8c5f6830-b44b-449b-bdab-a1b130ad33e1,2026-05-14T01:30:00Z,2026-05-14T03:30:00+0200,689.41,MW,DE,DE_LU,forecast_offshore_wind_generation,Wind Offshore,2026-05-24T16:09:31Z
2026-05-24T16:08:25Z,2026-05-24T18:08:25+0200,8c5f6830-b44b-449b-bdab-a1b130ad33e1,2026-05-14T01:45:00Z,2026-05-14T03:45:00+0200,721.18,MW,DE,DE_LU,forecast_offshore_wind_generation,Wind Offshore,2026-05-24T16:09:31Z
2026-05-24T16:08:25Z,2026-05-24T18:08:25+0200,8c5f6830-b44b-449b-bdab-a1b130ad33e1,2026-05-14T02:00:00Z,2026-05-14T04:00:00+0200,760.57,MW,DE,DE_LU,forecast_offshore_wind_generation,Wind Offshore,2026-05-24T16:09:31Z
2026-05-24T16:08:25Z,2026-05-24T18:08:25+0200,8c5f6830-b44b-449b-bdab-a1b130ad33e1,2026-05-14T02:15:00Z,2026-05-14T04:15:00+0200,810.77,MW,DE,DE_LU,forecast_offshore_wind_generation,Wind Offshore,2026-05-24T16:09:31Z
2026-05-24T16:08:25Z,2026-05-24T18:08:25+0200,8c5f6830-b44b-449b-bdab-a1b130ad33e1,2026-05-14T02:30:00Z,2026-05-14T04:30:00+0200,863.02,MW,DE,DE_LU,forecast_offshore_wind_generation,Wind Offshore,2026-05-24T16:09:31Z
2026-05-24T16:08:25Z,2026-05-24T18:08:25+0200,8c5f6830-b44b-449b-bdab-a1b130ad33e1,2026-05-14T02:45:00Z,2026-05-14T04:45:00+0200,921.38,MW,DE,DE_LU,forecast_offshore_wind_generation,Wind Offshore,2026-05-24T16:09:31Z
2026-05-24T16:08:25Z,2026-05-24T18:08:25+0200,8c5f6830-b44b-449b-bdab-a1b130ad33e1,2026-05-14T03:00:00Z,2026-05-14T05:00:00+0200,982.34,MW,DE,DE_LU,forecast_offshore_wind_generation,Wind Offshore,2026-05-24T16:09:31Z
2026-05-24T16:08:25Z,2026-05-24T18:08:25+0200,8c5f6830-b44b-449b-bdab-a1b130ad33e1,2026-05-14T03:15:00Z,2026-05-14T05:15:00+0200,1053.13,MW,DE,DE_LU,forecast_offshore_wind_generation,Wind Offshore,2026-05-24T16:09:31Z
2026-05-24T16:08:25Z,2026-05-24T18:08:25+0200,8c5f6830-b44b-449b-bdab-a1b130ad33e1,2026-05-14T03:30:00Z,2026-05-14T05:30:00+0200,1125.2,MW,DE,DE_LU,forecast_offshore_wind_generation,Wind Offshore,2026-05-24T16:09:31Z
2026-05-24T16:08:25Z,2026-05-24T18:08:25+0200,8c5f6830-b44b-449b-bdab-a1b130ad33e1,2026-05-14T03:45:00Z,2026-05-14T05:45:00+0200,1198.29,MW,DE,DE_LU,forecast_offshore_wind_generation,Wind Offshore,2026-05-24T16:09:31Z
2026-05-24T16:08:25Z,2026-05-24T18:08:25+0200,8c5f6830-b44b-449b-bdab-a1b130ad33e1,2026-05-14T04:00:00Z,2026-05-14T06:00:00+0200,1268.87,MW,DE,DE_LU,forecast_offshore_wind_generation,Wind Offshore,2026-05-24T16:09:31Z
2026-05-24T16:08:25Z,2026-05-24T18:08:25+0200,8c5f6830-b44b-449b-bdab-a1b130ad33e1,2026-05-14T04:15:00Z,2026-05-14T06:15:00+0200,1319.84,MW,DE,DE_LU,forecast_offshore_wind_generation,Wind Offshore,2026-05-24T16:09:31Z
2026-05-24T16:08:25Z,2026-05-24T18:08:25+0200,8c5f6830-b44b-449b-bdab-a1b130ad33e1,2026-05-14T04:30:00Z,2026-05-14T06:30:00+0200,1371.04,MW,DE,DE_LU,forecast_offshore_wind_generation,Wind Offshore,2026-05-24T16:09:31Z
2026-05-24T16:08:25Z,2026-05-24T18:08:25+0200,8c5f6830-b44b-449b-bdab-a1b130ad33e1,2026-05-14T04:45:00Z,2026-05-14T06:45:00+0200,1426.17,MW,DE,DE_LU,forecast_offshore_wind_generation,Wind Offshore,2026-05-24T16:09:31Z
2026-05-24T16:08:25Z,2026-05-24T18:08:25+0200,8c5f6830-b44b-449b-bdab-a1b130ad33e1,2026-05-14T05:00:00Z,2026-05-14T07:00:00+0200,1473.84,MW,DE,DE_LU,forecast_offshore_wind_generation,Wind Offshore,2026-05-24T16:09:31Z
2026-05-24T16:08:25Z,2026-05-24T18:08:25+0200,8c5f6830-b44b-449b-bdab-a1b130ad33e1,2026-05-14T05:15:00Z,2026-05-14T07:15:00+0200,1496.02,MW,DE,DE_LU,forecast_offshore_wind_generation,Wind Offshore,2026-05-24T16:09:31Z
2026-05-24T16:08:25Z,2026-05-24T18:08:25+0200,8c5f6830-b44b-449b-bdab-a1b130ad33e1,2026-05-14T05:30:00Z,2026-05-14T07:30:00+0200,1521.28,MW,DE,DE_LU,forecast_offshore_wind_generation,Wind Offshore,2026-05-24T16:09:31Z
2026-05-24T16:08:25Z,2026-05-24T18:08:25+0200,8c5f6830-b44b-449b-bdab-a1b130ad33e1,2026-05-14T05:45:00Z,2026-05-14T07:45:00+0200,1545.46,MW,DE,DE_LU,forecast_offshore_wind_generation,Wind Offshore,2026-05-24T16:09:31Z
2026-05-24T16:08:25Z,2026-05-24T18:08:25+0200,8c5f6830-b44b-449b-bdab-a1b130ad33e1,2026-05-14T06:00:00Z,2026-05-14T08:00:00+0200,1564.05,MW,DE,DE_LU,forecast_offshore_wind_generation,Wind Offshore,2026-05-24T16:09:31Z
2026-05-24T16:08:25Z,2026-05-24T18:08:25+0200,8c5f6830-b44b-449b-bdab-a1b130ad33e1,2026-05-14T06:15:00Z,2026-05-14T08:15:00+0200,1564.9,MW,DE,DE_LU,forecast_offshore_wind_generation,Wind Offshore,2026-05-24T16:09:31Z
2026-05-24T16:08:25Z,2026-05-24T18:08:25+0200,8c5f6830-b44b-449b-bdab-a1b130ad33e1,2026-05-14T06:30:00Z,2026-05-14T08:30:00+0200,1564.87,MW,DE,DE_LU,forecast_offshore_wind_generation,Wind Offshore,2026-05-24T16:09:31Z
2026-05-24T16:08:25Z,2026-05-24T18:08:25+0200,8c5f6830-b44b-449b-bdab-a1b130ad33e1,2026-05-14T06:45:00Z,2026-05-14T08:45:00+0200,1564.9,MW,DE,DE_LU,forecast_offshore_wind_generation,Wind Offshore,2026-05-24T16:09:31Z
2026-05-24T16:08:25Z,2026-05-24T18:08:25+0200,8c5f6830-b44b-449b-bdab-a1b130ad33e1,2026-05-14T07:00:00Z,2026-05-14T09:00:00+0200,1555.57,MW,DE,DE_LU,forecast_offshore_wind_generation,Wind Offshore,2026-05-24T16:09:31Z
2026-05-24T16:08:25Z,2026-05-24T18:08:25+0200,8c5f6830-b44b-449b-bdab-a1b130ad33e1,2026-05-14T07:15:00Z,2026-05-14T09:15:00+0200,1533.52,MW,DE,DE_LU,forecast_offshore_wind_generation,Wind Offshore,2026-05-24T16:09:31Z
2026-05-24T16:08:25Z,2026-05-24T18:08:25+0200,8c5f6830-b44b-449b-bdab-a1b130ad33e1,2026-05-14T07:30:00Z,2026-05-14T09:30:00+0200,1513.51,MW,DE,DE_LU,forecast_offshore_wind_generation,Wind Offshore,2026-05-24T16:09:31Z
2026-05-24T16:08:25Z,2026-05-24T18:08:25+0200,8c5f6830-b44b-449b-bdab-a1b130ad33e1,2026-05-14T07:45:00Z,2026-05-14T09:45:00+0200,1495.71,MW,DE,DE_LU,forecast_offshore_wind_generation,Wind Offshore,2026-05-24T16:09:31Z
2026-05-24T16:08:25Z,2026-05-24T18:08:25+0200,8c5f6830-b44b-449b-bdab-a1b130ad33e1,2026-05-14T08:00:00Z,2026-05-14T10:00:00+0200,1480.36,MW,DE,DE_LU,forecast_offshore_wind_generation,Wind Offshore,2026-05-24T16:09:31Z
2026-05-24T16:08:25Z,2026-05-24T18:08:25+0200,8c5f6830-b44b-449b-bdab-a1b130ad33e1,2026-05-14T08:15:00Z,2026-05-14T10:15:00+0200,1463.92,MW,DE,DE_LU,forecast_offshore_wind_generation,Wind Offshore,2026-05-24T16:09:31Z
2026-05-24T16:08:25Z,2026-05-24T18:08:25+0200,8c5f6830-b44b-449b-bdab-a1b130ad33e1,2026-05-14T08:30:00Z,2026-05-14T10:30:00+0200,1450.51,MW,DE,DE_LU,forecast_offshore_wind_generation,Wind Offshore,2026-05-24T16:09:31Z
2026-05-24T16:08:25Z,2026-05-24T18:08:25+0200,8c5f6830-b44b-449b-bdab-a1b130ad33e1,2026-05-14T08:45:00Z,2026-05-14T10:45:00+0200,1420.27,MW,DE,DE_LU,forecast_offshore_wind_generation,Wind Offshore,2026-05-24T16:09:31Z
2026-05-24T16:08:25Z,2026-05-24T18:08:25+0200,8c5f6830-b44b-449b-bdab-a1b130ad33e1,2026-05-14T09:00:00Z,2026-05-14T11:00:00+0200,1405.41,MW,DE,DE_LU,forecast_offshore_wind_generation,Wind Offshore,2026-05-24T16:09:31Z
2026-05-24T16:08:25Z,2026-05-24T18:08:25+0200,8c5f6830-b44b-449b-bdab-a1b130ad33e1,2026-05-14T09:15:00Z,2026-05-14T11:15:00+0200,1416.88,MW,DE,DE_LU,forecast_offshore_wind_generation,Wind Offshore,2026-05-24T16:09:31Z
2026-05-24T16:08:25Z,2026-05-24T18:08:25+0200,8c5f6830-b44b-449b-bdab-a1b130ad33e1,2026-05-14T09:30:00Z,2026-05-14T11:30:00+0200,1431.35,MW,DE,DE_LU,forecast_offshore_wind_generation,Wind Offshore,2026-05-24T16:09:31Z
2026-05-24T16:08:25Z,2026-05-24T18:08:25+0200,8c5f6830-b44b-449b-bdab-a1b130ad33e1,2026-05-14T09:45:00Z,2026-05-14T11:45:00+0200,1441.84,MW,DE,DE_LU,forecast_offshore_wind_generation,Wind Offshore,2026-05-24T16:09:31Z
2026-05-24T16:08:25Z,2026-05-24T18:08:25+0200,8c5f6830-b44b-449b-bdab-a1b130ad33e1,2026-05-14T10:00:00Z,2026-05-14T12:00:00+0200,1465.92,MW,DE,DE_LU,forecast_offshore_wind_generation,Wind Offshore,2026-05-24T16:09:31Z
2026-05-24T16:08:25Z,2026-05-24T18:08:25+0200,8c5f6830-b44b-449b-bdab-a1b130ad33e1,2026-05-14T10:15:00Z,2026-05-14T12:15:00+0200,1495.4,MW,DE,DE_LU,forecast_offshore_wind_generation,Wind Offshore,2026-05-24T16:09:31Z
2026-05-24T16:08:25Z,2026-05-24T18:08:25+0200,8c5f6830-b44b-449b-bdab-a1b130ad33e1,2026-05-14T10:30:00Z,2026-05-14T12:30:00+0200,1532.14,MW,DE,DE_LU,forecast_offshore_wind_generation,Wind Offshore,2026-05-24T16:09:31Z
2026-05-24T16:08:25Z,2026-05-24T18:08:25+0200,8c5f6830-b44b-449b-bdab-a1b130ad33e1,2026-05-14T10:45:00Z,2026-05-14T12:45:00+0200,1561.87,MW,DE,DE_LU,forecast_offshore_wind_generation,Wind Offshore,2026-05-24T16:09:31Z
2026-05-24T16:08:25Z,2026-05-24T18:08:25+0200,8c5f6830-b44b-449b-bdab-a1b130ad33e1,2026-05-14T11:00:00Z,2026-05-14T13:00:00+0200,1602.03,MW,DE,DE_LU,forecast_offshore_wind_generation,Wind Offshore,2026-05-24T16:09:31Z
2026-05-24T16:08:25Z,2026-05-24T18:08:25+0200,8c5f6830-b44b-449b-bdab-a1b130ad33e1,2026-05-14T11:15:00Z,2026-05-14T13:15:00+0200,1639.98,MW,DE,DE_LU,forecast_offshore_wind_generation,Wind Offshore,2026-05-24T16:09:31Z
2026-05-24T16:08:25Z,2026-05-24T18:08:25+0200,8c5f6830-b44b-449b-bdab-a1b130ad33e1,2026-05-14T11:30:00Z,2026-05-14T13:30:00+0200,1676.95,MW,DE,DE_LU,forecast_offshore_wind_generation,Wind Offshore,2026-05-24T16:09:31Z
2026-05-24T16:08:25Z,2026-05-24T18:08:25+0200,8c5f6830-b44b-449b-bdab-a1b130ad33e1,2026-05-14T11:45:00Z,2026-05-14T13:45:00+0200,1711.86,MW,DE,DE_LU,forecast_offshore_wind_generation,Wind Offshore,2026-05-24T16:09:31Z
2026-05-24T16:08:25Z,2026-05-24T18:08:25+0200,8c5f6830-b44b-449b-bdab-a1b130ad33e1,2026-05-14T12:00:00Z,2026-05-14T14:00:00+0200,1748.67,MW,DE,DE_LU,forecast_offshore_wind_generation,Wind Offshore,2026-05-24T16:09:31Z
2026-05-24T16:08:25Z,2026-05-24T18:08:25+0200,8c5f6830-b44b-449b-bdab-a1b130ad33e1,2026-05-14T12:15:00Z,2026-05-14T14:15:00+0200,1794.58,MW,DE,DE_LU,forecast_offshore_wind_generation,Wind Offshore,2026-05-24T16:09:31Z
2026-05-24T16:08:25Z,2026-05-24T18:08:25+0200,8c5f6830-b44b-449b-bdab-a1b130ad33e1,2026-05-14T12:30:00Z,2026-05-14T14:30:00+0200,1842.5,MW,DE,DE_LU,forecast_offshore_wind_generation,Wind Offshore,2026-05-24T16:09:31Z
2026-05-24T16:08:25Z,2026-05-24T18:08:25+0200,8c5f6830-b44b-449b-bdab-a1b130ad33e1,2026-05-14T12:45:00Z,2026-05-14T14:45:00+0200,1889.32,MW,DE,DE_LU,forecast_offshore_wind_generation,Wind Offshore,2026-05-24T16:09:31Z
2026-05-24T16:08:25Z,2026-05-24T18:08:25+0200,8c5f6830-b44b-449b-bdab-a1b130ad33e1,2026-05-14T13:00:00Z,2026-05-14T15:00:00+0200,1934.41,MW,DE,DE_LU,forecast_offshore_wind_generation,Wind Offshore,2026-05-24T16:09:31Z
2026-05-24T16:08:25Z,2026-05-24T18:08:25+0200,8c5f6830-b44b-449b-bdab-a1b130ad33e1,2026-05-14T13:15:00Z,2026-05-14T15:15:00+0200,2003.8,MW,DE,DE_LU,forecast_offshore_wind_generation,Wind Offshore,2026-05-24T16:09:31Z
2026-05-24T16:08:25Z,2026-05-24T18:08:25+0200,8c5f6830-b44b-449b-bdab-a1b130ad33e1,2026-05-14T13:30:00Z,2026-05-14T15:30:00+0200,2083.17,MW,DE,DE_LU,forecast_offshore_wind_generation,Wind Offshore,2026-05-24T16:09:31Z
2026-05-24T16:08:25Z,2026-05-24T18:08:25+0200,8c5f6830-b44b-449b-bdab-a1b130ad33e1,2026-05-14T13:45:00Z,2026-05-14T15:45:00+0200,2133.77,MW,DE,DE_LU,forecast_offshore_wind_generation,Wind Offshore,2026-05-24T16:09:31Z
2026-05-24T16:08:25Z,2026-05-24T18:08:25+0200,8c5f6830-b44b-449b-bdab-a1b130ad33e1,2026-05-14T14:00:00Z,2026-05-14T16:00:00+0200,2190.45,MW,DE,DE_LU,forecast_offshore_wind_generation,Wind Offshore,2026-05-24T16:09:31Z
2026-05-24T16:08:25Z,2026-05-24T18:08:25+0200,8c5f6830-b44b-449b-bdab-a1b130ad33e1,2026-05-14T14:15:00Z,2026-05-14T16:15:00+0200,2220.44,MW,DE,DE_LU,forecast_offshore_wind_generation,Wind Offshore,2026-05-24T16:09:31Z
2026-05-24T16:08:25Z,2026-05-24T18:08:25+0200,8c5f6830-b44b-449b-bdab-a1b130ad33e1,2026-05-14T14:30:00Z,2026-05-14T16:30:00+0200,2245.43,MW,DE,DE_LU,forecast_offshore_wind_generation,Wind Offshore,2026-05-24T16:09:31Z
2026-05-24T16:08:25Z,2026-05-24T18:08:25+0200,8c5f6830-b44b-449b-bdab-a1b130ad33e1,2026-05-14T14:45:00Z,2026-05-14T16:45:00+0200,2273.4,MW,DE,DE_LU,forecast_offshore_wind_generation,Wind Offshore,2026-05-24T16:09:31Z
2026-05-24T16:08:25Z,2026-05-24T18:08:25+0200,8c5f6830-b44b-449b-bdab-a1b130ad33e1,2026-05-14T15:00:00Z,2026-05-14T17:00:00+0200,2303.84,MW,DE,DE_LU,forecast_offshore_wind_generation,Wind Offshore,2026-05-24T16:09:31Z
2026-05-24T16:08:25Z,2026-05-24T18:08:25+0200,8c5f6830-b44b-449b-bdab-a1b130ad33e1,2026-05-14T15:15:00Z,2026-05-14T17:15:00+0200,2319.98,MW,DE,DE_LU,forecast_offshore_wind_generation,Wind Offshore,2026-05-24T16:09:31Z
2026-05-24T16:08:25Z,2026-05-24T18:08:25+0200,8c5f6830-b44b-449b-bdab-a1b130ad33e1,2026-05-14T15:30:00Z,2026-05-14T17:30:00+0200,2350.06,MW,DE,DE_LU,forecast_offshore_wind_generation,Wind Offshore,2026-05-24T16:09:31Z
2026-05-24T16:08:25Z,2026-05-24T18:08:25+0200,8c5f6830-b44b-449b-bdab-a1b130ad33e1,2026-05-14T15:45:00Z,2026-05-14T17:45:00+0200,2392.17,MW,DE,DE_LU,forecast_offshore_wind_generation,Wind Offshore,2026-05-24T16:09:31Z
2026-05-24T16:08:25Z,2026-05-24T18:08:25+0200,8c5f6830-b44b-449b-bdab-a1b130ad33e1,2026-05-14T16:00:00Z,2026-05-14T18:00:00+0200,2399.72,MW,DE,DE_LU,forecast_offshore_wind_generation,Wind Offshore,2026-05-24T16:09:31Z
2026-05-24T16:08:25Z,2026-05-24T18:08:25+0200,8c5f6830-b44b-449b-bdab-a1b130ad33e1,2026-05-14T16:15:00Z,2026-05-14T18:15:00+0200,2394.27,MW,DE,DE_LU,forecast_offshore_wind_generation,Wind Offshore,2026-05-24T16:09:31Z
2026-05-24T16:08:25Z,2026-05-24T18:08:25+0200,8c5f6830-b44b-449b-bdab-a1b130ad33e1,2026-05-14T16:30:00Z,2026-05-14T18:30:00+0200,2386.8,MW,DE,DE_LU,forecast_offshore_wind_generation,Wind Offshore,2026-05-24T16:09:31Z
2026-05-24T16:08:25Z,2026-05-24T18:08:25+0200,8c5f6830-b44b-449b-bdab-a1b130ad33e1,2026-05-14T16:45:00Z,2026-05-14T18:45:00+0200,2380.08,MW,DE,DE_LU,forecast_offshore_wind_generation,Wind Offshore,2026-05-24T16:09:31Z
2026-05-24T16:08:25Z,2026-05-24T18:08:25+0200,8c5f6830-b44b-449b-bdab-a1b130ad33e1,2026-05-14T17:00:00Z,2026-05-14T19:00:00+0200,2369.97,MW,DE,DE_LU,forecast_offshore_wind_generation,Wind Offshore,2026-05-24T16:09:31Z
2026-05-24T16:08:25Z,2026-05-24T18:08:25+0200,8c5f6830-b44b-449b-bdab-a1b130ad33e1,2026-05-14T17:15:00Z,2026-05-14T19:15:00+0200,2359.44,MW,DE,DE_LU,forecast_offshore_wind_generation,Wind Offshore,2026-05-24T16:09:31Z
2026-05-24T16:08:25Z,2026-05-24T18:08:25+0200,8c5f6830-b44b-449b-bdab-a1b130ad33e1,2026-05-14T17:30:00Z,2026-05-14T19:30:00+0200,2352.13,MW,DE,DE_LU,forecast_offshore_wind_generation,Wind Offshore,2026-05-24T16:09:31Z
2026-05-24T16:08:25Z,2026-05-24T18:08:25+0200,8c5f6830-b44b-449b-bdab-a1b130ad33e1,2026-05-14T17:45:00Z,2026-05-14T19:45:00+0200,2344.05,MW,DE,DE_LU,forecast_offshore_wind_generation,Wind Offshore,2026-05-24T16:09:31Z
2026-05-24T16:08:25Z,2026-05-24T18:08:25+0200,8c5f6830-b44b-449b-bdab-a1b130ad33e1,2026-05-14T18:00:00Z,2026-05-14T20:00:00+0200,2325.74,MW,DE,DE_LU,forecast_offshore_wind_generation,Wind Offshore,2026-05-24T16:09:31Z
2026-05-24T16:08:25Z,2026-05-24T18:08:25+0200,8c5f6830-b44b-449b-bdab-a1b130ad33e1,2026-05-14T18:15:00Z,2026-05-14T20:15:00+0200,2319.16,MW,DE,DE_LU,forecast_offshore_wind_generation,Wind Offshore,2026-05-24T16:09:31Z
2026-05-24T16:08:25Z,2026-05-24T18:08:25+0200,8c5f6830-b44b-449b-bdab-a1b130ad33e1,2026-05-14T18:30:00Z,2026-05-14T20:30:00+0200,2306.57,MW,DE,DE_LU,forecast_offshore_wind_generation,Wind Offshore,2026-05-24T16:09:31Z
2026-05-24T16:08:25Z,2026-05-24T18:08:25+0200,8c5f6830-b44b-449b-bdab-a1b130ad33e1,2026-05-14T18:45:00Z,2026-05-14T20:45:00+0200,2292.12,MW,DE,DE_LU,forecast_offshore_wind_generation,Wind Offshore,2026-05-24T16:09:31Z
2026-05-24T16:08:25Z,2026-05-24T18:08:25+0200,8c5f6830-b44b-449b-bdab-a1b130ad33e1,2026-05-14T19:00:00Z,2026-05-14T21:00:00+0200,2277.29,MW,DE,DE_LU,forecast_offshore_wind_generation,Wind Offshore,2026-05-24T16:09:31Z
2026-05-24T16:08:25Z,2026-05-24T18:08:25+0200,8c5f6830-b44b-449b-bdab-a1b130ad33e1,2026-05-14T19:15:00Z,2026-05-14T21:15:00+0200,2225.79,MW,DE,DE_LU,forecast_offshore_wind_generation,Wind Offshore,2026-05-24T16:09:31Z
2026-05-24T16:08:25Z,2026-05-24T18:08:25+0200,8c5f6830-b44b-449b-bdab-a1b130ad33e1,2026-05-14T19:30:00Z,2026-05-14T21:30:00+0200,2173.3,MW,DE,DE_LU,forecast_offshore_wind_generation,Wind Offshore,2026-05-24T16:09:31Z
2026-05-24T16:08:25Z,2026-05-24T18:08:25+0200,8c5f6830-b44b-449b-bdab-a1b130ad33e1,2026-05-14T19:45:00Z,2026-05-14T21:45:00+0200,2123.22,MW,DE,DE_LU,forecast_offshore_wind_generation,Wind Offshore,2026-05-24T16:09:31Z
2026-05-24T16:08:25Z,2026-05-24T18:08:25+0200,8c5f6830-b44b-449b-bdab-a1b130ad33e1,2026-05-14T20:00:00Z,2026-05-14T22:00:00+0200,2084.01,MW,DE,DE_LU,forecast_offshore_wind_generation,Wind Offshore,2026-05-24T16:09:31Z
2026-05-24T16:08:25Z,2026-05-24T18:08:25+0200,8c5f6830-b44b-449b-bdab-a1b130ad33e1,2026-05-14T20:15:00Z,2026-05-14T22:15:00+0200,2071.54,MW,DE,DE_LU,forecast_offshore_wind_generation,Wind Offshore,2026-05-24T16:09:31Z
2026-05-24T16:08:25Z,2026-05-24T18:08:25+0200,8c5f6830-b44b-449b-bdab-a1b130ad33e1,2026-05-14T20:30:00Z,2026-05-14T22:30:00+0200,2064.06,MW,DE,DE_LU,forecast_offshore_wind_generation,Wind Offshore,2026-05-24T16:09:31Z
2026-05-24T16:08:25Z,2026-05-24T18:08:25+0200,8c5f6830-b44b-449b-bdab-a1b130ad33e1,2026-05-14T20:45:00Z,2026-05-14T22:45:00+0200,2048.58,MW,DE,DE_LU,forecast_offshore_wind_generation,Wind Offshore,2026-05-24T16:09:31Z
2026-05-24T16:08:25Z,2026-05-24T18:08:25+0200,8c5f6830-b44b-449b-bdab-a1b130ad33e1,2026-05-14T21:00:00Z,2026-05-14T23:00:00+0200,2043.41,MW,DE,DE_LU,forecast_offshore_wind_generation,Wind Offshore,2026-05-24T16:09:31Z
2026-05-24T16:08:25Z,2026-05-24T18:08:25+0200,8c5f6830-b44b-449b-bdab-a1b130ad33e1,2026-05-14T21:15:00Z,2026-05-14T23:15:00+0200,2059.38,MW,DE,DE_LU,forecast_offshore_wind_generation,Wind Offshore,2026-05-24T16:09:31Z
2026-05-24T16:08:25Z,2026-05-24T18:08:25+0200,8c5f6830-b44b-449b-bdab-a1b130ad33e1,2026-05-14T21:30:00Z,2026-05-14T23:30:00+0200,2068.32,MW,DE,DE_LU,forecast_offshore_wind_generation,Wind Offshore,2026-05-24T16:09:31Z
2026-05-24T16:08:25Z,2026-05-24T18:08:25+0200,8c5f6830-b44b-449b-bdab-a1b130ad33e1,2026-05-14T21:45:00Z,2026-05-14T23:45:00+0200,2083.87,MW,DE,DE_LU,forecast_offshore_wind_generation,Wind Offshore,2026-05-24T16:09:31Z
2026-05-24T16:08:25Z,2026-05-24T18:08:25+0200,8c5f6830-b44b-449b-bdab-a1b130ad33e1,2026-05-14T22:00:00Z,2026-05-15T00:00:00+0200,1666.56,MW,DE,DE_LU,forecast_offshore_wind_generation,Wind Offshore,2026-05-24T16:09:31Z
2026-05-24T16:08:25Z,2026-05-24T18:08:25+0200,8c5f6830-b44b-449b-bdab-a1b130ad33e1,2026-05-14T22:15:00Z,2026-05-15T00:15:00+0200,1694.5,MW,DE,DE_LU,forecast_offshore_wind_generation,Wind Offshore,2026-05-24T16:09:31Z
2026-05-24T16:08:25Z,2026-05-24T18:08:25+0200,8c5f6830-b44b-449b-bdab-a1b130ad33e1,2026-05-14T22:30:00Z,2026-05-15T00:30:00+0200,1719.43,MW,DE,DE_LU,forecast_offshore_wind_generation,Wind Offshore,2026-05-24T16:09:31Z
2026-05-24T16:08:25Z,2026-05-24T18:08:25+0200,8c5f6830-b44b-449b-bdab-a1b130ad33e1,2026-05-14T22:45:00Z,2026-05-15T00:45:00+0200,1757.4,MW,DE,DE_LU,forecast_offshore_wind_generation,Wind Offshore,2026-05-24T16:09:31Z
2026-05-24T16:08:25Z,2026-05-24T18:08:25+0200,8c5f6830-b44b-449b-bdab-a1b130ad33e1,2026-05-14T23:00:00Z,2026-05-15T01:00:00+0200,1792.53,MW,DE,DE_LU,forecast_offshore_wind_generation,Wind Offshore,2026-05-24T16:09:31Z
2026-05-24T16:08:25Z,2026-05-24T18:08:25+0200,8c5f6830-b44b-449b-bdab-a1b130ad33e1,2026-05-14T23:15:00Z,2026-05-15T01:15:00+0200,1842.13,MW,DE,DE_LU,forecast_offshore_wind_generation,Wind Offshore,2026-05-24T16:09:31Z
2026-05-24T16:08:25Z,2026-05-24T18:08:25+0200,8c5f6830-b44b-449b-bdab-a1b130ad33e1,2026-05-14T23:30:00Z,2026-05-15T01:30:00+0200,1891.72,MW,DE,DE_LU,forecast_offshore_wind_generation,Wind Offshore,2026-05-24T16:09:31Z
2026-05-24T16:08:25Z,2026-05-24T18:08:25+0200,8c5f6830-b44b-449b-bdab-a1b130ad33e1,2026-05-14T23:45:00Z,2026-05-15T01:45:00+0200,1938.36,MW,DE,DE_LU,forecast_offshore_wind_generation,Wind Offshore,2026-05-24T16:09:31Z
2026-05-24T16:08:25Z,2026-05-24T18:08:25+0200,8c5f6830-b44b-449b-bdab-a1b130ad33e1,2026-05-15T00:00:00Z,2026-05-15T02:00:00+0200,1991.29,MW,DE,DE_LU,forecast_offshore_wind_generation,Wind Offshore,2026-05-24T16:09:31Z
2026-05-24T16:08:25Z,2026-05-24T18:08:25+0200,8c5f6830-b44b-449b-bdab-a1b130ad33e1,2026-05-15T00:15:00Z,2026-05-15T02:15:00+0200,2061.53,MW,DE,DE_LU,forecast_offshore_wind_generation,Wind Offshore,2026-05-24T16:09:31Z
2026-05-24T16:08:25Z,2026-05-24T18:08:25+0200,8c5f6830-b44b-449b-bdab-a1b130ad33e1,2026-05-15T00:30:00Z,2026-05-15T02:30:00+0200,2138.8,MW,DE,DE_LU,forecast_offshore_wind_generation,Wind Offshore,2026-05-24T16:09:31Z
2026-05-24T16:08:25Z,2026-05-24T18:08:25+0200,8c5f6830-b44b-449b-bdab-a1b130ad33e1,2026-05-15T00:45:00Z,2026-05-15T02:45:00+0200,2212.07,MW,DE,DE_LU,forecast_offshore_wind_generation,Wind Offshore,2026-05-24T16:09:31Z
2026-05-24T16:08:25Z,2026-05-24T18:08:25+0200,8c5f6830-b44b-449b-bdab-a1b130ad33e1,2026-05-15T01:00:00Z,2026-05-15T03:00:00+0200,2286.0,MW,DE,DE_LU,forecast_offshore_wind_generation,Wind Offshore,2026-05-24T16:09:31Z
2026-05-24T16:08:25Z,2026-05-24T18:08:25+0200,8c5f6830-b44b-449b-bdab-a1b130ad33e1,2026-05-15T01:15:00Z,2026-05-15T03:15:00+0200,2374.76,MW,DE,DE_LU,forecast_offshore_wind_generation,Wind Offshore,2026-05-24T16:09:31Z
2026-05-24T16:08:25Z,2026-05-24T18:08:25+0200,8c5f6830-b44b-449b-bdab-a1b130ad33e1,2026-05-15T01:30:00Z,2026-05-15T03:30:00+0200,2460.52,MW,DE,DE_LU,forecast_offshore_wind_generation,Wind Offshore,2026-05-24T16:09:31Z
2026-05-24T16:08:25Z,2026-05-24T18:08:25+0200,8c5f6830-b44b-449b-bdab-a1b130ad33e1,2026-05-15T01:45:00Z,2026-05-15T03:45:00+0200,2537.26,MW,DE,DE_LU,forecast_offshore_wind_generation,Wind Offshore,2026-05-24T16:09:31Z
2026-05-24T16:08:25Z,2026-05-24T18:08:25+0200,8c5f6830-b44b-449b-bdab-a1b130ad33e1,2026-05-15T02:00:00Z,2026-05-15T04:00:00+0200,2605.28,MW,DE,DE_LU,forecast_offshore_wind_generation,Wind Offshore,2026-05-24T16:09:31Z
2026-05-24T16:08:25Z,2026-05-24T18:08:25+0200,8c5f6830-b44b-449b-bdab-a1b130ad33e1,2026-05-15T02:15:00Z,2026-05-15T04:15:00+0200,2659.88,MW,DE,DE_LU,forecast_offshore_wind_generation,Wind Offshore,2026-05-24T16:09:31Z
2026-05-24T16:08:25Z,2026-05-24T18:08:25+0200,8c5f6830-b44b-449b-bdab-a1b130ad33e1,2026-05-15T02:30:00Z,2026-05-15T04:30:00+0200,2719.49,MW,DE,DE_LU,forecast_offshore_wind_generation,Wind Offshore,2026-05-24T16:09:31Z
2026-05-24T16:08:25Z,2026-05-24T18:08:25+0200,8c5f6830-b44b-449b-bdab-a1b130ad33e1,2026-05-15T02:45:00Z,2026-05-15T04:45:00+0200,2775.09,MW,DE,DE_LU,forecast_offshore_wind_generation,Wind Offshore,2026-05-24T16:09:31Z
2026-05-24T16:08:25Z,2026-05-24T18:08:25+0200,8c5f6830-b44b-449b-bdab-a1b130ad33e1,2026-05-15T03:00:00Z,2026-05-15T05:00:00+0200,2825.66,MW,DE,DE_LU,forecast_offshore_wind_generation,Wind Offshore,2026-05-24T16:09:31Z
2026-05-24T16:08:25Z,2026-05-24T18:08:25+0200,8c5f6830-b44b-449b-bdab-a1b130ad33e1,2026-05-15T03:15:00Z,2026-05-15T05:15:00+0200,2885.38,MW,DE,DE_LU,forecast_offshore_wind_generation,Wind Offshore,2026-05-24T16:09:31Z
2026-05-24T16:08:25Z,2026-05-24T18:08:25+0200,8c5f6830-b44b-449b-bdab-a1b130ad33e1,2026-05-15T03:30:00Z,2026-05-15T05:30:00+0200,2930.11,MW,DE,DE_LU,forecast_offshore_wind_generation,Wind Offshore,2026-05-24T16:09:31Z
2026-05-24T16:08:25Z,2026-05-24T18:08:25+0200,8c5f6830-b44b-449b-bdab-a1b130ad33e1,2026-05-15T03:45:00Z,2026-05-15T05:45:00+0200,2968.84,MW,DE,DE_LU,forecast_offshore_wind_generation,Wind Offshore,2026-05-24T16:09:31Z
2026-05-24T16:08:25Z,2026-05-24T18:08:25+0200,8c5f6830-b44b-449b-bdab-a1b130ad33e1,2026-05-15T04:00:00Z,2026-05-15T06:00:00+0200,2994.92,MW,DE,DE_LU,forecast_offshore_wind_generation,Wind Offshore,2026-05-24T16:09:31Z
2026-05-24T16:08:25Z,2026-05-24T18:08:25+0200,8c5f6830-b44b-449b-bdab-a1b130ad33e1,2026-05-15T04:15:00Z,2026-05-15T06:15:00+0200,3029.16,MW,DE,DE_LU,forecast_offshore_wind_generation,Wind Offshore,2026-05-24T16:09:31Z
2026-05-24T16:08:25Z,2026-05-24T18:08:25+0200,8c5f6830-b44b-449b-bdab-a1b130ad33e1,2026-05-15T04:30:00Z,2026-05-15T06:30:00+0200,3051.45,MW,DE,DE_LU,forecast_offshore_wind_generation,Wind Offshore,2026-05-24T16:09:31Z
2026-05-24T16:08:25Z,2026-05-24T18:08:25+0200,8c5f6830-b44b-449b-bdab-a1b130ad33e1,2026-05-15T04:45:00Z,2026-05-15T06:45:00+0200,3079.78,MW,DE,DE_LU,forecast_offshore_wind_generation,Wind Offshore,2026-05-24T16:09:31Z
2026-05-24T16:08:25Z,2026-05-24T18:08:25+0200,8c5f6830-b44b-449b-bdab-a1b130ad33e1,2026-05-15T05:00:00Z,2026-05-15T07:00:00+0200,3091.03,MW,DE,DE_LU,forecast_offshore_wind_generation,Wind Offshore,2026-05-24T16:09:31Z
2026-05-24T16:08:25Z,2026-05-24T18:08:25+0200,8c5f6830-b44b-449b-bdab-a1b130ad33e1,2026-05-15T05:15:00Z,2026-05-15T07:15:00+0200,3112.5,MW,DE,DE_LU,forecast_offshore_wind_generation,Wind Offshore,2026-05-24T16:09:31Z
2026-05-24T16:08:25Z,2026-05-24T18:08:25+0200,8c5f6830-b44b-449b-bdab-a1b130ad33e1,2026-05-15T05:30:00Z,2026-05-15T07:30:00+0200,3128.98,MW,DE,DE_LU,forecast_offshore_wind_generation,Wind Offshore,2026-05-24T16:09:31Z
2026-05-24T16:08:25Z,2026-05-24T18:08:25+0200,8c5f6830-b44b-449b-bdab-a1b130ad33e1,2026-05-15T05:45:00Z,2026-05-15T07:45:00+0200,3142.45,MW,DE,DE_LU,forecast_offshore_wind_generation,Wind Offshore,2026-05-24T16:09:31Z
2026-05-24T16:08:25Z,2026-05-24T18:08:25+0200,8c5f6830-b44b-449b-bdab-a1b130ad33e1,2026-05-15T06:00:00Z,2026-05-15T08:00:00+0200,3158.02,MW,DE,DE_LU,forecast_offshore_wind_generation,Wind Offshore,2026-05-24T16:09:31Z
2026-05-24T16:08:25Z,2026-05-24T18:08:25+0200,8c5f6830-b44b-449b-bdab-a1b130ad33e1,2026-05-15T06:15:00Z,2026-05-15T08:15:00+0200,3180.46,MW,DE,DE_LU,forecast_offshore_wind_generation,Wind Offshore,2026-05-24T16:09:31Z
2026-05-24T16:08:25Z,2026-05-24T18:08:25+0200,8c5f6830-b44b-449b-bdab-a1b130ad33e1,2026-05-15T06:30:00Z,2026-05-15T08:30:00+0200,3200.75,MW,DE,DE_LU,forecast_offshore_wind_generation,Wind Offshore,2026-05-24T16:09:31Z
2026-05-24T16:08:25Z,2026-05-24T18:08:25+0200,8c5f6830-b44b-449b-bdab-a1b130ad33e1,2026-05-15T06:45:00Z,2026-05-15T08:45:00+0200,3168.35,MW,DE,DE_LU,forecast_offshore_wind_generation,Wind Offshore,2026-05-24T16:09:31Z
2026-05-24T16:08:25Z,2026-05-24T18:08:25+0200,8c5f6830-b44b-449b-bdab-a1b130ad33e1,2026-05-15T07:00:00Z,2026-05-15T09:00:00+0200,3147.17,MW,DE,DE_LU,forecast_offshore_wind_generation,Wind Offshore,2026-05-24T16:09:31Z
2026-05-24T16:08:25Z,2026-05-24T18:08:25+0200,8c5f6830-b44b-449b-bdab-a1b130ad33e1,2026-05-15T07:15:00Z,2026-05-15T09:15:00+0200,3163.21,MW,DE,DE_LU,forecast_offshore_wind_generation,Wind Offshore,2026-05-24T16:09:31Z
2026-05-24T16:08:25Z,2026-05-24T18:08:25+0200,8c5f6830-b44b-449b-bdab-a1b130ad33e1,2026-05-15T07:30:00Z,2026-05-15T09:30:00+0200,3169.26,MW,DE,DE_LU,forecast_offshore_wind_generation,Wind Offshore,2026-05-24T16:09:31Z
2026-05-24T16:08:25Z,2026-05-24T18:08:25+0200,8c5f6830-b44b-449b-bdab-a1b130ad33e1,2026-05-15T07:45:00Z,2026-05-15T09:45:00+0200,3174.36,MW,DE,DE_LU,forecast_offshore_wind_generation,Wind Offshore,2026-05-24T16:09:31Z
2026-05-24T16:08:25Z,2026-05-24T18:08:25+0200,8c5f6830-b44b-449b-bdab-a1b130ad33e1,2026-05-15T08:00:00Z,2026-05-15T10:00:00+0200,3182.63,MW,DE,DE_LU,forecast_offshore_wind_generation,Wind Offshore,2026-05-24T16:09:31Z
2026-05-24T16:08:25Z,2026-05-24T18:08:25+0200,8c5f6830-b44b-449b-bdab-a1b130ad33e1,2026-05-15T08:15:00Z,2026-05-15T10:15:00+0200,3214.2,MW,DE,DE_LU,forecast_offshore_wind_generation,Wind Offshore,2026-05-24T16:09:31Z
2026-05-24T16:08:25Z,2026-05-24T18:08:25+0200,8c5f6830-b44b-449b-bdab-a1b130ad33e1,2026-05-15T08:30:00Z,2026-05-15T10:30:00+0200,3247.77,MW,DE,DE_LU,forecast_offshore_wind_generation,Wind Offshore,2026-05-24T16:09:31Z
2026-05-24T16:08:25Z,2026-05-24T18:08:25+0200,8c5f6830-b44b-449b-bdab-a1b130ad33e1,2026-05-15T08:45:00Z,2026-05-15T10:45:00+0200,3266.34,MW,DE,DE_LU,forecast_offshore_wind_generation,Wind Offshore,2026-05-24T16:09:31Z
2026-05-24T16:08:25Z,2026-05-24T18:08:25+0200,8c5f6830-b44b-449b-bdab-a1b130ad33e1,2026-05-15T09:00:00Z,2026-05-15T11:00:00+0200,3292.94,MW,DE,DE_LU,forecast_offshore_wind_generation,Wind Offshore,2026-05-24T16:09:31Z
2026-05-24T16:08:25Z,2026-05-24T18:08:25+0200,8c5f6830-b44b-449b-bdab-a1b130ad33e1,2026-05-15T09:15:00Z,2026-05-15T11:15:00+0200,3305.65,MW,DE,DE_LU,forecast_offshore_wind_generation,Wind Offshore,2026-05-24T16:09:31Z
2026-05-24T16:08:25Z,2026-05-24T18:08:25+0200,8c5f6830-b44b-449b-bdab-a1b130ad33e1,2026-05-15T09:30:00Z,2026-05-15T11:30:00+0200,3312.36,MW,DE,DE_LU,forecast_offshore_wind_generation,Wind Offshore,2026-05-24T16:09:31Z
2026-05-24T16:08:25Z,2026-05-24T18:08:25+0200,8c5f6830-b44b-449b-bdab-a1b130ad33e1,2026-05-15T09:45:00Z,2026-05-15T11:45:00+0200,3329.07,MW,DE,DE_LU,forecast_offshore_wind_generation,Wind Offshore,2026-05-24T16:09:31Z
2026-05-24T16:08:25Z,2026-05-24T18:08:25+0200,8c5f6830-b44b-449b-bdab-a1b130ad33e1,2026-05-15T10:00:00Z,2026-05-15T12:00:00+0200,3339.83,MW,DE,DE_LU,forecast_offshore_wind_generation,Wind Offshore,2026-05-24T16:09:31Z
2026-05-24T16:08:25Z,2026-05-24T18:08:25+0200,8c5f6830-b44b-449b-bdab-a1b130ad33e1,2026-05-15T10:15:00Z,2026-05-15T12:15:00+0200,3364.66,MW,DE,DE_LU,forecast_offshore_wind_generation,Wind Offshore,2026-05-24T16:09:31Z
2026-05-24T16:08:25Z,2026-05-24T18:08:25+0200,8c5f6830-b44b-449b-bdab-a1b130ad33e1,2026-05-15T10:30:00Z,2026-05-15T12:30:00+0200,3386.5,MW,DE,DE_LU,forecast_offshore_wind_generation,Wind Offshore,2026-05-24T16:09:31Z
2026-05-24T16:08:25Z,2026-05-24T18:08:25+0200,8c5f6830-b44b-449b-bdab-a1b130ad33e1,2026-05-15T10:45:00Z,2026-05-15T12:45:00+0200,3412.33,MW,DE,DE_LU,forecast_offshore_wind_generation,Wind Offshore,2026-05-24T16:09:31Z
2026-05-24T16:08:25Z,2026-05-24T18:08:25+0200,8c5f6830-b44b-449b-bdab-a1b130ad33e1,2026-05-15T11:00:00Z,2026-05-15T13:00:00+0200,3436.23,MW,DE,DE_LU,forecast_offshore_wind_generation,Wind Offshore,2026-05-24T16:09:31Z
2026-05-24T16:08:25Z,2026-05-24T18:08:25+0200,8c5f6830-b44b-449b-bdab-a1b130ad33e1,2026-05-15T11:15:00Z,2026-05-15T13:15:00+0200,3461.37,MW,DE,DE_LU,forecast_offshore_wind_generation,Wind Offshore,2026-05-24T16:09:31Z
2026-05-24T16:08:25Z,2026-05-24T18:08:25+0200,8c5f6830-b44b-449b-bdab-a1b130ad33e1,2026-05-15T11:30:00Z,2026-05-15T13:30:00+0200,3483.5,MW,DE,DE_LU,forecast_offshore_wind_generation,Wind Offshore,2026-05-24T16:09:31Z
2026-05-24T16:08:25Z,2026-05-24T18:08:25+0200,8c5f6830-b44b-449b-bdab-a1b130ad33e1,2026-05-15T11:45:00Z,2026-05-15T13:45:00+0200,3501.66,MW,DE,DE_LU,forecast_offshore_wind_generation,Wind Offshore,2026-05-24T16:09:31Z
2026-05-24T16:08:25Z,2026-05-24T18:08:25+0200,8c5f6830-b44b-449b-bdab-a1b130ad33e1,2026-05-15T12:00:00Z,2026-05-15T14:00:00+0200,3527.77,MW,DE,DE_LU,forecast_offshore_wind_generation,Wind Offshore,2026-05-24T16:09:31Z
2026-05-24T16:08:25Z,2026-05-24T18:08:25+0200,8c5f6830-b44b-449b-bdab-a1b130ad33e1,2026-05-15T12:15:00Z,2026-05-15T14:15:00+0200,3544.88,MW,DE,DE_LU,forecast_offshore_wind_generation,Wind Offshore,2026-05-24T16:09:31Z
2026-05-24T16:08:25Z,2026-05-24T18:08:25+0200,8c5f6830-b44b-449b-bdab-a1b130ad33e1,2026-05-15T12:30:00Z,2026-05-15T14:30:00+0200,3559.01,MW,DE,DE_LU,forecast_offshore_wind_generation,Wind Offshore,2026-05-24T16:09:31Z
2026-05-24T16:08:25Z,2026-05-24T18:08:25+0200,8c5f6830-b44b-449b-bdab-a1b130ad33e1,2026-05-15T12:45:00Z,2026-05-15T14:45:00+0200,3571.11,MW,DE,DE_LU,forecast_offshore_wind_generation,Wind Offshore,2026-05-24T16:09:31Z
2026-05-24T16:08:25Z,2026-05-24T18:08:25+0200,8c5f6830-b44b-449b-bdab-a1b130ad33e1,2026-05-15T13:00:00Z,2026-05-15T15:00:00+0200,3592.25,MW,DE,DE_LU,forecast_offshore_wind_generation,Wind Offshore,2026-05-24T16:09:31Z
2026-05-24T16:08:25Z,2026-05-24T18:08:25+0200,8c5f6830-b44b-449b-bdab-a1b130ad33e1,2026-05-15T13:15:00Z,2026-05-15T15:15:00+0200,3607.34,MW,DE,DE_LU,forecast_offshore_wind_generation,Wind Offshore,2026-05-24T16:09:31Z
2026-05-24T16:08:25Z,2026-05-24T18:08:25+0200,8c5f6830-b44b-449b-bdab-a1b130ad33e1,2026-05-15T13:30:00Z,2026-05-15T15:30:00+0200,3762.42,MW,DE,DE_LU,forecast_offshore_wind_generation,Wind Offshore,2026-05-24T16:09:31Z
2026-05-24T16:08:25Z,2026-05-24T18:08:25+0200,8c5f6830-b44b-449b-bdab-a1b130ad33e1,2026-05-15T13:45:00Z,2026-05-15T15:45:00+0200,3782.53,MW,DE,DE_LU,forecast_offshore_wind_generation,Wind Offshore,2026-05-24T16:09:31Z
2026-05-24T16:08:25Z,2026-05-24T18:08:25+0200,8c5f6830-b44b-449b-bdab-a1b130ad33e1,2026-05-15T14:00:00Z,2026-05-15T16:00:00+0200,3837.71,MW,DE,DE_LU,forecast_offshore_wind_generation,Wind Offshore,2026-05-24T16:09:31Z
2026-05-24T16:08:25Z,2026-05-24T18:08:25+0200,8c5f6830-b44b-449b-bdab-a1b130ad33e1,2026-05-15T14:15:00Z,2026-05-15T16:15:00+0200,3859.92,MW,DE,DE_LU,forecast_offshore_wind_generation,Wind Offshore,2026-05-24T16:09:31Z
2026-05-24T16:08:25Z,2026-05-24T18:08:25+0200,8c5f6830-b44b-449b-bdab-a1b130ad33e1,2026-05-15T14:30:00Z,2026-05-15T16:30:00+0200,3879.14,MW,DE,DE_LU,forecast_offshore_wind_generation,Wind Offshore,2026-05-24T16:09:31Z
2026-05-24T16:08:25Z,2026-05-24T18:08:25+0200,8c5f6830-b44b-449b-bdab-a1b130ad33e1,2026-05-15T14:45:00Z,2026-05-15T16:45:00+0200,3908.35,MW,DE,DE_LU,forecast_offshore_wind_generation,Wind Offshore,2026-05-24T16:09:31Z
2026-05-24T16:08:25Z,2026-05-24T18:08:25+0200,8c5f6830-b44b-449b-bdab-a1b130ad33e1,2026-05-15T15:00:00Z,2026-05-15T17:00:00+0200,3939.73,MW,DE,DE_LU,forecast_offshore_wind_generation,Wind Offshore,2026-05-24T16:09:31Z
2026-05-24T16:08:25Z,2026-05-24T18:08:25+0200,8c5f6830-b44b-449b-bdab-a1b130ad33e1,2026-05-15T15:15:00Z,2026-05-15T17:15:00+0200,3980.4,MW,DE,DE_LU,forecast_offshore_wind_generation,Wind Offshore,2026-05-24T16:09:31Z
2026-05-24T16:08:25Z,2026-05-24T18:08:25+0200,8c5f6830-b44b-449b-bdab-a1b130ad33e1,2026-05-15T15:30:00Z,2026-05-15T17:30:00+0200,4013.15,MW,DE,DE_LU,forecast_offshore_wind_generation,Wind Offshore,2026-05-24T16:09:31Z
2026-05-24T16:08:25Z,2026-05-24T18:08:25+0200,8c5f6830-b44b-449b-bdab-a1b130ad33e1,2026-05-15T15:45:00Z,2026-05-15T17:45:00+0200,4054.85,MW,DE,DE_LU,forecast_offshore_wind_generation,Wind Offshore,2026-05-24T16:09:31Z
2026-05-24T16:08:25Z,2026-05-24T18:08:25+0200,8c5f6830-b44b-449b-bdab-a1b130ad33e1,2026-05-15T16:00:00Z,2026-05-15T18:00:00+0200,4123.61,MW,DE,DE_LU,forecast_offshore_wind_generation,Wind Offshore,2026-05-24T16:09:31Z
2026-05-24T16:08:25Z,2026-05-24T18:08:25+0200,8c5f6830-b44b-449b-bdab-a1b130ad33e1,2026-05-15T16:15:00Z,2026-05-15T18:15:00+0200,4191.54,MW,DE,DE_LU,forecast_offshore_wind_generation,Wind Offshore,2026-05-24T16:09:31Z
2026-05-24T16:08:25Z,2026-05-24T18:08:25+0200,8c5f6830-b44b-449b-bdab-a1b130ad33e1,2026-05-15T16:30:00Z,2026-05-15T18:30:00+0200,4213.52,MW,DE,DE_LU,forecast_offshore_wind_generation,Wind Offshore,2026-05-24T16:09:31Z
2026-05-24T16:08:25Z,2026-05-24T18:08:25+0200,8c5f6830-b44b-449b-bdab-a1b130ad33e1,2026-05-15T16:45:00Z,2026-05-15T18:45:00+0200,4234.5,MW,DE,DE_LU,forecast_offshore_wind_generation,Wind Offshore,2026-05-24T16:09:31Z
2026-05-24T16:08:25Z,2026-05-24T18:08:25+0200,8c5f6830-b44b-449b-bdab-a1b130ad33e1,2026-05-15T17:00:00Z,2026-05-15T19:00:00+0200,4250.57,MW,DE,DE_LU,forecast_offshore_wind_generation,Wind Offshore,2026-05-24T16:09:31Z
2026-05-24T16:08:25Z,2026-05-24T18:08:25+0200,8c5f6830-b44b-449b-bdab-a1b130ad33e1,2026-05-15T17:15:00Z,2026-05-15T19:15:00+0200,4235.23,MW,DE,DE_LU,forecast_offshore_wind_generation,Wind Offshore,2026-05-24T16:09:31Z
2026-05-24T16:08:25Z,2026-05-24T18:08:25+0200,8c5f6830-b44b-449b-bdab-a1b130ad33e1,2026-05-15T17:30:00Z,2026-05-15T19:30:00+0200,4227.89,MW,DE,DE_LU,forecast_offshore_wind_generation,Wind Offshore,2026-05-24T16:09:31Z
2026-05-24T16:08:25Z,2026-05-24T18:08:25+0200,8c5f6830-b44b-449b-bdab-a1b130ad33e1,2026-05-15T17:45:00Z,2026-05-15T19:45:00+0200,4215.55,MW,DE,DE_LU,forecast_offshore_wind_generation,Wind Offshore,2026-05-24T16:09:31Z
2026-05-24T16:08:25Z,2026-05-24T18:08:25+0200,8c5f6830-b44b-449b-bdab-a1b130ad33e1,2026-05-15T18:00:00Z,2026-05-15T20:00:00+0200,4195.68,MW,DE,DE_LU,forecast_offshore_wind_generation,Wind Offshore,2026-05-24T16:09:31Z
2026-05-24T16:08:25Z,2026-05-24T18:08:25+0200,8c5f6830-b44b-449b-bdab-a1b130ad33e1,2026-05-15T18:15:00Z,2026-05-15T20:15:00+0200,4170.58,MW,DE,DE_LU,forecast_offshore_wind_generation,Wind Offshore,2026-05-24T16:09:31Z
2026-05-24T16:08:25Z,2026-05-24T18:08:25+0200,8c5f6830-b44b-449b-bdab-a1b130ad33e1,2026-05-15T18:30:00Z,2026-05-15T20:30:00+0200,4140.5,MW,DE,DE_LU,forecast_offshore_wind_generation,Wind Offshore,2026-05-24T16:09:31Z
2026-05-24T16:08:25Z,2026-05-24T18:08:25+0200,8c5f6830-b44b-449b-bdab-a1b130ad33e1,2026-05-15T18:45:00Z,2026-05-15T20:45:00+0200,4107.47,MW,DE,DE_LU,forecast_offshore_wind_generation,Wind Offshore,2026-05-24T16:09:31Z
2026-05-24T16:08:25Z,2026-05-24T18:08:25+0200,8c5f6830-b44b-449b-bdab-a1b130ad33e1,2026-05-15T19:00:00Z,2026-05-15T21:00:00+0200,4082.14,MW,DE,DE_LU,forecast_offshore_wind_generation,Wind Offshore,2026-05-24T16:09:31Z
2026-05-24T16:08:25Z,2026-05-24T18:08:25+0200,8c5f6830-b44b-449b-bdab-a1b130ad33e1,2026-05-15T19:15:00Z,2026-05-15T21:15:00+0200,4075.63,MW,DE,DE_LU,forecast_offshore_wind_generation,Wind Offshore,2026-05-24T16:09:31Z
2026-05-24T16:08:25Z,2026-05-24T18:08:25+0200,8c5f6830-b44b-449b-bdab-a1b130ad33e1,2026-05-15T19:30:00Z,2026-05-15T21:30:00+0200,4065.32,MW,DE,DE_LU,forecast_offshore_wind_generation,Wind Offshore,2026-05-24T16:09:31Z
2026-05-24T16:08:25Z,2026-05-24T18:08:25+0200,8c5f6830-b44b-449b-bdab-a1b130ad33e1,2026-05-15T19:45:00Z,2026-05-15T21:45:00+0200,4054.95,MW,DE,DE_LU,forecast_offshore_wind_generation,Wind Offshore,2026-05-24T16:09:31Z
2026-05-24T16:08:25Z,2026-05-24T18:08:25+0200,8c5f6830-b44b-449b-bdab-a1b130ad33e1,2026-05-15T20:00:00Z,2026-05-15T22:00:00+0200,4047.57,MW,DE,DE_LU,forecast_offshore_wind_generation,Wind Offshore,2026-05-24T16:09:31Z
2026-05-24T16:08:25Z,2026-05-24T18:08:25+0200,8c5f6830-b44b-449b-bdab-a1b130ad33e1,2026-05-15T20:15:00Z,2026-05-15T22:15:00+0200,4066.74,MW,DE,DE_LU,forecast_offshore_wind_generation,Wind Offshore,2026-05-24T16:09:31Z
2026-05-24T16:08:25Z,2026-05-24T18:08:25+0200,8c5f6830-b44b-449b-bdab-a1b130ad33e1,2026-05-15T20:30:00Z,2026-05-15T22:30:00+0200,4087.0,MW,DE,DE_LU,forecast_offshore_wind_generation,Wind Offshore,2026-05-24T16:09:31Z
2026-05-24T16:08:25Z,2026-05-24T18:08:25+0200,8c5f6830-b44b-449b-bdab-a1b130ad33e1,2026-05-15T20:45:00Z,2026-05-15T22:45:00+0200,4106.44,MW,DE,DE_LU,forecast_offshore_wind_generation,Wind Offshore,2026-05-24T16:09:31Z
2026-05-24T16:08:25Z,2026-05-24T18:08:25+0200,8c5f6830-b44b-449b-bdab-a1b130ad33e1,2026-05-15T21:00:00Z,2026-05-15T23:00:00+0200,4135.12,MW,DE,DE_LU,forecast_offshore_wind_generation,Wind Offshore,2026-05-24T16:09:31Z
2026-05-24T16:08:25Z,2026-05-24T18:08:25+0200,8c5f6830-b44b-449b-bdab-a1b130ad33e1,2026-05-15T21:15:00Z,2026-05-15T23:15:00+0200,4163.82,MW,DE,DE_LU,forecast_offshore_wind_generation,Wind Offshore,2026-05-24T16:09:31Z
2026-05-24T16:08:25Z,2026-05-24T18:08:25+0200,8c5f6830-b44b-449b-bdab-a1b130ad33e1,2026-05-15T21:30:00Z,2026-05-15T23:30:00+0200,4194.64,MW,DE,DE_LU,forecast_offshore_wind_generation,Wind Offshore,2026-05-24T16:09:31Z
2026-05-24T16:08:25Z,2026-05-24T18:08:25+0200,8c5f6830-b44b-449b-bdab-a1b130ad33e1,2026-05-15T21:45:00Z,2026-05-15T23:45:00+0200,4218.5,MW,DE,DE_LU,forecast_offshore_wind_generation,Wind Offshore,2026-05-24T16:09:31Z
2026-05-24T16:08:25Z,2026-05-24T18:08:25+0200,8c5f6830-b44b-449b-bdab-a1b130ad33e1,2026-05-15T22:00:00Z,2026-05-16T00:00:00+0200,4941.07,MW,DE,DE_LU,forecast_offshore_wind_generation,Wind Offshore,2026-05-24T16:09:31Z
2026-05-24T16:08:25Z,2026-05-24T18:08:25+0200,8c5f6830-b44b-449b-bdab-a1b130ad33e1,2026-05-15T22:15:00Z,2026-05-16T00:15:00+0200,4977.46,MW,DE,DE_LU,forecast_offshore_wind_generation,Wind Offshore,2026-05-24T16:09:31Z
2026-05-24T16:08:25Z,2026-05-24T18:08:25+0200,8c5f6830-b44b-449b-bdab-a1b130ad33e1,2026-05-15T22:30:00Z,2026-05-16T00:30:00+0200,5013.91,MW,DE,DE_LU,forecast_offshore_wind_generation,Wind Offshore,2026-05-24T16:09:31Z
2026-05-24T16:08:25Z,2026-05-24T18:08:25+0200,8c5f6830-b44b-449b-bdab-a1b130ad33e1,2026-05-15T22:45:00Z,2026-05-16T00:45:00+0200,5047.55,MW,DE,DE_LU,forecast_offshore_wind_generation,Wind Offshore,2026-05-24T16:09:31Z
2026-05-24T16:08:25Z,2026-05-24T18:08:25+0200,8c5f6830-b44b-449b-bdab-a1b130ad33e1,2026-05-15T23:00:00Z,2026-05-16T01:00:00+0200,5081.53,MW,DE,DE_LU,forecast_offshore_wind_generation,Wind Offshore,2026-05-24T16:09:31Z
2026-05-24T16:08:25Z,2026-05-24T18:08:25+0200,8c5f6830-b44b-449b-bdab-a1b130ad33e1,2026-05-15T23:15:00Z,2026-05-16T01:15:00+0200,5117.08,MW,DE,DE_LU,forecast_offshore_wind_generation,Wind Offshore,2026-05-24T16:09:31Z
2026-05-24T16:08:25Z,2026-05-24T18:08:25+0200,8c5f6830-b44b-449b-bdab-a1b130ad33e1,2026-05-15T23:30:00Z,2026-05-16T01:30:00+0200,5152.82,MW,DE,DE_LU,forecast_offshore_wind_generation,Wind Offshore,2026-05-24T16:09:31Z
2026-05-24T16:08:25Z,2026-05-24T18:08:25+0200,8c5f6830-b44b-449b-bdab-a1b130ad33e1,2026-05-15T23:45:00Z,2026-05-16T01:45:00+0200,5178.46,MW,DE,DE_LU,forecast_offshore_wind_generation,Wind Offshore,2026-05-24T16:09:31Z
2026-05-24T16:08:25Z,2026-05-24T18:08:25+0200,8c5f6830-b44b-449b-bdab-a1b130ad33e1,2026-05-16T00:00:00Z,2026-05-16T02:00:00+0200,5207.29,MW,DE,DE_LU,forecast_offshore_wind_generation,Wind Offshore,2026-05-24T16:09:31Z
2026-05-24T16:08:25Z,2026-05-24T18:08:25+0200,8c5f6830-b44b-449b-bdab-a1b130ad33e1,2026-05-16T00:15:00Z,2026-05-16T02:15:00+0200,5218.67,MW,DE,DE_LU,forecast_offshore_wind_generation,Wind Offshore,2026-05-24T16:09:31Z
2026-05-24T16:08:25Z,2026-05-24T18:08:25+0200,8c5f6830-b44b-449b-bdab-a1b130ad33e1,2026-05-16T00:30:00Z,2026-05-16T02:30:00+0200,5236.05,MW,DE,DE_LU,forecast_offshore_wind_generation,Wind Offshore,2026-05-24T16:09:31Z
2026-05-24T16:08:25Z,2026-05-24T18:08:25+0200,8c5f6830-b44b-449b-bdab-a1b130ad33e1,2026-05-16T00:45:00Z,2026-05-16T02:45:00+0200,5250.53,MW,DE,DE_LU,forecast_offshore_wind_generation,Wind Offshore,2026-05-24T16:09:31Z
2026-05-24T16:08:25Z,2026-05-24T18:08:25+0200,8c5f6830-b44b-449b-bdab-a1b130ad33e1,2026-05-16T01:00:00Z,2026-05-16T03:00:00+0200,5267.55,MW,DE,DE_LU,forecast_offshore_wind_generation,Wind Offshore,2026-05-24T16:09:31Z
2026-05-24T16:08:25Z,2026-05-24T18:08:25+0200,8c5f6830-b44b-449b-bdab-a1b130ad33e1,2026-05-16T01:15:00Z,2026-05-16T03:15:00+0200,5261.65,MW,DE,DE_LU,forecast_offshore_wind_generation,Wind Offshore,2026-05-24T16:09:31Z
2026-05-24T16:08:25Z,2026-05-24T18:08:25+0200,8c5f6830-b44b-449b-bdab-a1b130ad33e1,2026-05-16T01:30:00Z,2026-05-16T03:30:00+0200,5307.76,MW,DE,DE_LU,forecast_offshore_wind_generation,Wind Offshore,2026-05-24T16:09:31Z
2026-05-24T16:08:25Z,2026-05-24T18:08:25+0200,8c5f6830-b44b-449b-bdab-a1b130ad33e1,2026-05-16T01:45:00Z,2026-05-16T03:45:00+0200,5361.31,MW,DE,DE_LU,forecast_offshore_wind_generation,Wind Offshore,2026-05-24T16:09:31Z
2026-05-24T16:08:25Z,2026-05-24T18:08:25+0200,8c5f6830-b44b-449b-bdab-a1b130ad33e1,2026-05-16T02:00:00Z,2026-05-16T04:00:00+0200,5397.42,MW,DE,DE_LU,forecast_offshore_wind_generation,Wind Offshore,2026-05-24T16:09:31Z
2026-05-24T16:08:25Z,2026-05-24T18:08:25+0200,8c5f6830-b44b-449b-bdab-a1b130ad33e1,2026-05-16T02:15:00Z,2026-05-16T04:15:00+0200,5414.27,MW,DE,DE_LU,forecast_offshore_wind_generation,Wind Offshore,2026-05-24T16:09:31Z
2026-05-24T16:08:25Z,2026-05-24T18:08:25+0200,8c5f6830-b44b-449b-bdab-a1b130ad33e1,2026-05-16T02:30:00Z,2026-05-16T04:30:00+0200,5432.12,MW,DE,DE_LU,forecast_offshore_wind_generation,Wind Offshore,2026-05-24T16:09:31Z
2026-05-24T16:08:25Z,2026-05-24T18:08:25+0200,8c5f6830-b44b-449b-bdab-a1b130ad33e1,2026-05-16T02:45:00Z,2026-05-16T04:45:00+0200,5445.95,MW,DE,DE_LU,forecast_offshore_wind_generation,Wind Offshore,2026-05-24T16:09:31Z
2026-05-24T16:08:25Z,2026-05-24T18:08:25+0200,8c5f6830-b44b-449b-bdab-a1b130ad33e1,2026-05-16T03:00:00Z,2026-05-16T05:00:00+0200,5457.65,MW,DE,DE_LU,forecast_offshore_wind_generation,Wind Offshore,2026-05-24T16:09:31Z
2026-05-24T16:08:25Z,2026-05-24T18:08:25+0200,8c5f6830-b44b-449b-bdab-a1b130ad33e1,2026-05-16T03:15:00Z,2026-05-16T05:15:00+0200,5473.01,MW,DE,DE_LU,forecast_offshore_wind_generation,Wind Offshore,2026-05-24T16:09:31Z
2026-05-24T16:08:25Z,2026-05-24T18:08:25+0200,8c5f6830-b44b-449b-bdab-a1b130ad33e1,2026-05-16T03:30:00Z,2026-05-16T05:30:00+0200,5484.27,MW,DE,DE_LU,forecast_offshore_wind_generation,Wind Offshore,2026-05-24T16:09:31Z
2026-05-24T16:08:25Z,2026-05-24T18:08:25+0200,8c5f6830-b44b-449b-bdab-a1b130ad33e1,2026-05-16T03:45:00Z,2026-05-16T05:45:00+0200,5489.52,MW,DE,DE_LU,forecast_offshore_wind_generation,Wind Offshore,2026-05-24T16:09:31Z
2026-05-24T16:08:25Z,2026-05-24T18:08:25+0200,8c5f6830-b44b-449b-bdab-a1b130ad33e1,2026-05-16T04:00:00Z,2026-05-16T06:00:00+0200,5500.82,MW,DE,DE_LU,forecast_offshore_wind_generation,Wind Offshore,2026-05-24T16:09:31Z
2026-05-24T16:08:25Z,2026-05-24T18:08:25+0200,8c5f6830-b44b-449b-bdab-a1b130ad33e1,2026-05-16T04:15:00Z,2026-05-16T06:15:00+0200,5524.46,MW,DE,DE_LU,forecast_offshore_wind_generation,Wind Offshore,2026-05-24T16:09:31Z
2026-05-24T16:08:25Z,2026-05-24T18:08:25+0200,8c5f6830-b44b-449b-bdab-a1b130ad33e1,2026-05-16T04:30:00Z,2026-05-16T06:30:00+0200,5537.16,MW,DE,DE_LU,forecast_offshore_wind_generation,Wind Offshore,2026-05-24T16:09:31Z
2026-05-24T16:08:25Z,2026-05-24T18:08:25+0200,8c5f6830-b44b-449b-bdab-a1b130ad33e1,2026-05-16T04:45:00Z,2026-05-16T06:45:00+0200,5558.05,MW,DE,DE_LU,forecast_offshore_wind_generation,Wind Offshore,2026-05-24T16:09:31Z
2026-05-24T16:08:25Z,2026-05-24T18:08:25+0200,8c5f6830-b44b-449b-bdab-a1b130ad33e1,2026-05-16T05:00:00Z,2026-05-16T07:00:00+0200,4919.47,MW,DE,DE_LU,forecast_offshore_wind_generation,Wind Offshore,2026-05-24T16:09:31Z
2026-05-24T16:08:25Z,2026-05-24T18:08:25+0200,8c5f6830-b44b-449b-bdab-a1b130ad33e1,2026-05-16T05:15:00Z,2026-05-16T07:15:00+0200,4914.15,MW,DE,DE_LU,forecast_offshore_wind_generation,Wind Offshore,2026-05-24T16:09:31Z
2026-05-24T16:08:25Z,2026-05-24T18:08:25+0200,8c5f6830-b44b-449b-bdab-a1b130ad33e1,2026-05-16T05:30:00Z,2026-05-16T07:30:00+0200,4680.95,MW,DE,DE_LU,forecast_offshore_wind_generation,Wind Offshore,2026-05-24T16:09:31Z
2026-05-24T16:08:25Z,2026-05-24T18:08:25+0200,8c5f6830-b44b-449b-bdab-a1b130ad33e1,2026-05-16T05:45:00Z,2026-05-16T07:45:00+0200,4693.68,MW,DE,DE_LU,forecast_offshore_wind_generation,Wind Offshore,2026-05-24T16:09:31Z
2026-05-24T16:08:25Z,2026-05-24T18:08:25+0200,8c5f6830-b44b-449b-bdab-a1b130ad33e1,2026-05-16T06:00:00Z,2026-05-16T08:00:00+0200,4700.4,MW,DE,DE_LU,forecast_offshore_wind_generation,Wind Offshore,2026-05-24T16:09:31Z
2026-05-24T16:08:25Z,2026-05-24T18:08:25+0200,8c5f6830-b44b-449b-bdab-a1b130ad33e1,2026-05-16T06:15:00Z,2026-05-16T08:15:00+0200,4697.81,MW,DE,DE_LU,forecast_offshore_wind_generation,Wind Offshore,2026-05-24T16:09:31Z
2026-05-24T16:08:25Z,2026-05-24T18:08:25+0200,8c5f6830-b44b-449b-bdab-a1b130ad33e1,2026-05-16T06:30:00Z,2026-05-16T08:30:00+0200,4720.21,MW,DE,DE_LU,forecast_offshore_wind_generation,Wind Offshore,2026-05-24T16:09:31Z
2026-05-24T16:08:25Z,2026-05-24T18:08:25+0200,8c5f6830-b44b-449b-bdab-a1b130ad33e1,2026-05-16T06:45:00Z,2026-05-16T08:45:00+0200,4715.75,MW,DE,DE_LU,forecast_offshore_wind_generation,Wind Offshore,2026-05-24T16:09:31Z
2026-05-24T16:08:25Z,2026-05-24T18:08:25+0200,8c5f6830-b44b-449b-bdab-a1b130ad33e1,2026-05-16T07:00:00Z,2026-05-16T09:00:00+0200,4271.14,MW,DE,DE_LU,forecast_offshore_wind_generation,Wind Offshore,2026-05-24T16:09:31Z
2026-05-24T16:08:25Z,2026-05-24T18:08:25+0200,8c5f6830-b44b-449b-bdab-a1b130ad33e1,2026-05-16T07:15:00Z,2026-05-16T09:15:00+0200,4265.91,MW,DE,DE_LU,forecast_offshore_wind_generation,Wind Offshore,2026-05-24T16:09:31Z
2026-05-24T16:08:25Z,2026-05-24T18:08:25+0200,8c5f6830-b44b-449b-bdab-a1b130ad33e1,2026-05-16T07:30:00Z,2026-05-16T09:30:00+0200,4254.67,MW,DE,DE_LU,forecast_offshore_wind_generation,Wind Offshore,2026-05-24T16:09:31Z
2026-05-24T16:08:25Z,2026-05-24T18:08:25+0200,8c5f6830-b44b-449b-bdab-a1b130ad33e1,2026-05-16T07:45:00Z,2026-05-16T09:45:00+0200,4246.45,MW,DE,DE_LU,forecast_offshore_wind_generation,Wind Offshore,2026-05-24T16:09:31Z
2026-05-24T16:08:25Z,2026-05-24T18:08:25+0200,8c5f6830-b44b-449b-bdab-a1b130ad33e1,2026-05-16T08:00:00Z,2026-05-16T10:00:00+0200,4170.77,MW,DE,DE_LU,forecast_offshore_wind_generation,Wind Offshore,2026-05-24T16:09:31Z
2026-05-24T16:08:25Z,2026-05-24T18:08:25+0200,8c5f6830-b44b-449b-bdab-a1b130ad33e1,2026-05-16T08:15:00Z,2026-05-16T10:15:00+0200,4155.34,MW,DE,DE_LU,forecast_offshore_wind_generation,Wind Offshore,2026-05-24T16:09:31Z
2026-05-24T16:08:25Z,2026-05-24T18:08:25+0200,8c5f6830-b44b-449b-bdab-a1b130ad33e1,2026-05-16T08:30:00Z,2026-05-16T10:30:00+0200,4147.94,MW,DE,DE_LU,forecast_offshore_wind_generation,Wind Offshore,2026-05-24T16:09:31Z
2026-05-24T16:08:25Z,2026-05-24T18:08:25+0200,8c5f6830-b44b-449b-bdab-a1b130ad33e1,2026-05-16T08:45:00Z,2026-05-16T10:45:00+0200,4134.56,MW,DE,DE_LU,forecast_offshore_wind_generation,Wind Offshore,2026-05-24T16:09:31Z
2026-05-24T16:08:25Z,2026-05-24T18:08:25+0200,8c5f6830-b44b-449b-bdab-a1b130ad33e1,2026-05-16T09:00:00Z,2026-05-16T11:00:00+0200,4123.66,MW,DE,DE_LU,forecast_offshore_wind_generation,Wind Offshore,2026-05-24T16:09:31Z
2026-05-24T16:08:25Z,2026-05-24T18:08:25+0200,8c5f6830-b44b-449b-bdab-a1b130ad33e1,2026-05-16T09:15:00Z,2026-05-16T11:15:00+0200,4111.51,MW,DE,DE_LU,forecast_offshore_wind_generation,Wind Offshore,2026-05-24T16:09:31Z
2026-05-24T16:08:25Z,2026-05-24T18:08:25+0200,8c5f6830-b44b-449b-bdab-a1b130ad33e1,2026-05-16T09:30:00Z,2026-05-16T11:30:00+0200,4091.38,MW,DE,DE_LU,forecast_offshore_wind_generation,Wind Offshore,2026-05-24T16:09:31Z
2026-05-24T16:08:25Z,2026-05-24T18:08:25+0200,8c5f6830-b44b-449b-bdab-a1b130ad33e1,2026-05-16T09:45:00Z,2026-05-16T11:45:00+0200,4078.45,MW,DE,DE_LU,forecast_offshore_wind_generation,Wind Offshore,2026-05-24T16:09:31Z
2026-05-24T16:08:25Z,2026-05-24T18:08:25+0200,8c5f6830-b44b-449b-bdab-a1b130ad33e1,2026-05-16T10:00:00Z,2026-05-16T12:00:00+0200,4061.43,MW,DE,DE_LU,forecast_offshore_wind_generation,Wind Offshore,2026-05-24T16:09:31Z
2026-05-24T16:08:25Z,2026-05-24T18:08:25+0200,8c5f6830-b44b-449b-bdab-a1b130ad33e1,2026-05-16T10:15:00Z,2026-05-16T12:15:00+0200,4039.62,MW,DE,DE_LU,forecast_offshore_wind_generation,Wind Offshore,2026-05-24T16:09:31Z
2026-05-24T16:08:25Z,2026-05-24T18:08:25+0200,8c5f6830-b44b-449b-bdab-a1b130ad33e1,2026-05-16T10:30:00Z,2026-05-16T12:30:00+0200,4024.83,MW,DE,DE_LU,forecast_offshore_wind_generation,Wind Offshore,2026-05-24T16:09:31Z
2026-05-24T16:08:25Z,2026-05-24T18:08:25+0200,8c5f6830-b44b-449b-bdab-a1b130ad33e1,2026-05-16T10:45:00Z,2026-05-16T12:45:00+0200,4013.15,MW,DE,DE_LU,forecast_offshore_wind_generation,Wind Offshore,2026-05-24T16:09:31Z
2026-05-24T16:08:25Z,2026-05-24T18:08:25+0200,8c5f6830-b44b-449b-bdab-a1b130ad33e1,2026-05-16T11:00:00Z,2026-05-16T13:00:00+0200,4001.05,MW,DE,DE_LU,forecast_offshore_wind_generation,Wind Offshore,2026-05-24T16:09:31Z
2026-05-24T16:08:25Z,2026-05-24T18:08:25+0200,8c5f6830-b44b-449b-bdab-a1b130ad33e1,2026-05-16T11:15:00Z,2026-05-16T13:15:00+0200,3985.07,MW,DE,DE_LU,forecast_offshore_wind_generation,Wind Offshore,2026-05-24T16:09:31Z
2026-05-24T16:08:25Z,2026-05-24T18:08:25+0200,8c5f6830-b44b-449b-bdab-a1b130ad33e1,2026-05-16T11:30:00Z,2026-05-16T13:30:00+0200,3974.14,MW,DE,DE_LU,forecast_offshore_wind_generation,Wind Offshore,2026-05-24T16:09:31Z
2026-05-24T16:08:25Z,2026-05-24T18:08:25+0200,8c5f6830-b44b-449b-bdab-a1b130ad33e1,2026-05-16T11:45:00Z,2026-05-16T13:45:00+0200,3965.29,MW,DE,DE_LU,forecast_offshore_wind_generation,Wind Offshore,2026-05-24T16:09:31Z
2026-05-24T16:08:25Z,2026-05-24T18:08:25+0200,8c5f6830-b44b-449b-bdab-a1b130ad33e1,2026-05-16T12:00:00Z,2026-05-16T14:00:00+0200,3954.75,MW,DE,DE_LU,forecast_offshore_wind_generation,Wind Offshore,2026-05-24T16:09:31Z
2026-05-24T16:08:25Z,2026-05-24T18:08:25+0200,8c5f6830-b44b-449b-bdab-a1b130ad33e1,2026-05-16T12:15:00Z,2026-05-16T14:15:00+0200,3941.28,MW,DE,DE_LU,forecast_offshore_wind_generation,Wind Offshore,2026-05-24T16:09:31Z
2026-05-24T16:08:25Z,2026-05-24T18:08:25+0200,8c5f6830-b44b-449b-bdab-a1b130ad33e1,2026-05-16T12:30:00Z,2026-05-16T14:30:00+0200,3928.91,MW,DE,DE_LU,forecast_offshore_wind_generation,Wind Offshore,2026-05-24T16:09:31Z
2026-05-24T16:08:25Z,2026-05-24T18:08:25+0200,8c5f6830-b44b-449b-bdab-a1b130ad33e1,2026-05-16T12:45:00Z,2026-05-16T14:45:00+0200,3919.43,MW,DE,DE_LU,forecast_offshore_wind_generation,Wind Offshore,2026-05-24T16:09:31Z
2026-05-24T16:08:25Z,2026-05-24T18:08:25+0200,8c5f6830-b44b-449b-bdab-a1b130ad33e1,2026-05-16T13:00:00Z,2026-05-16T15:00:00+0200,3909.72,MW,DE,DE_LU,forecast_offshore_wind_generation,Wind Offshore,2026-05-24T16:09:31Z
2026-05-24T16:08:25Z,2026-05-24T18:08:25+0200,8c5f6830-b44b-449b-bdab-a1b130ad33e1,2026-05-16T13:15:00Z,2026-05-16T15:15:00+0200,3899.81,MW,DE,DE_LU,forecast_offshore_wind_generation,Wind Offshore,2026-05-24T16:09:31Z
2026-05-24T16:08:25Z,2026-05-24T18:08:25+0200,8c5f6830-b44b-449b-bdab-a1b130ad33e1,2026-05-16T13:30:00Z,2026-05-16T15:30:00+0200,3885.93,MW,DE,DE_LU,forecast_offshore_wind_generation,Wind Offshore,2026-05-24T16:09:31Z
2026-05-24T16:08:25Z,2026-05-24T18:08:25+0200,8c5f6830-b44b-449b-bdab-a1b130ad33e1,2026-05-16T13:45:00Z,2026-05-16T15:45:00+0200,3875.19,MW,DE,DE_LU,forecast_offshore_wind_generation,Wind Offshore,2026-05-24T16:09:31Z
2026-05-24T16:08:25Z,2026-05-24T18:08:25+0200,8c5f6830-b44b-449b-bdab-a1b130ad33e1,2026-05-16T14:00:00Z,2026-05-16T16:00:00+0200,3855.6,MW,DE,DE_LU,forecast_offshore_wind_generation,Wind Offshore,2026-05-24T16:09:31Z
2026-05-24T16:08:25Z,2026-05-24T18:08:25+0200,8c5f6830-b44b-449b-bdab-a1b130ad33e1,2026-05-16T14:15:00Z,2026-05-16T16:15:00+0200,3869.06,MW,DE,DE_LU,forecast_offshore_wind_generation,Wind Offshore,2026-05-24T16:09:31Z
2026-05-24T16:08:25Z,2026-05-24T18:08:25+0200,8c5f6830-b44b-449b-bdab-a1b130ad33e1,2026-05-16T14:30:00Z,2026-05-16T16:30:00+0200,3840.73,MW,DE,DE_LU,forecast_offshore_wind_generation,Wind Offshore,2026-05-24T16:09:31Z
2026-05-24T16:08:25Z,2026-05-24T18:08:25+0200,8c5f6830-b44b-449b-bdab-a1b130ad33e1,2026-05-16T14:45:00Z,2026-05-16T16:45:00+0200,3808.81,MW,DE,DE_LU,forecast_offshore_wind_generation,Wind Offshore,2026-05-24T16:09:31Z
2026-05-24T16:08:25Z,2026-05-24T18:08:25+0200,8c5f6830-b44b-449b-bdab-a1b130ad33e1,2026-05-16T15:00:00Z,2026-05-16T17:00:00+0200,3834.09,MW,DE,DE_LU,forecast_offshore_wind_generation,Wind Offshore,2026-05-24T16:09:31Z
2026-05-24T16:08:25Z,2026-05-24T18:08:25+0200,8c5f6830-b44b-449b-bdab-a1b130ad33e1,2026-05-16T15:15:00Z,2026-05-16T17:15:00+0200,3778.68,MW,DE,DE_LU,forecast_offshore_wind_generation,Wind Offshore,2026-05-24T16:09:31Z
2026-05-24T16:08:25Z,2026-05-24T18:08:25+0200,8c5f6830-b44b-449b-bdab-a1b130ad33e1,2026-05-16T15:30:00Z,2026-05-16T17:30:00+0200,3873.79,MW,DE,DE_LU,forecast_offshore_wind_generation,Wind Offshore,2026-05-24T16:09:31Z
2026-05-24T16:08:25Z,2026-05-24T18:08:25+0200,8c5f6830-b44b-449b-bdab-a1b130ad33e1,2026-05-16T15:45:00Z,2026-05-16T17:45:00+0200,3809.93,MW,DE,DE_LU,forecast_offshore_wind_generation,Wind Offshore,2026-05-24T16:09:31Z
2026-05-24T16:08:25Z,2026-05-24T18:08:25+0200,8c5f6830-b44b-449b-bdab-a1b130ad33e1,2026-05-16T16:00:00Z,2026-05-16T18:00:00+0200,3738.87,MW,DE,DE_LU,forecast_offshore_wind_generation,Wind Offshore,2026-05-24T16:09:31Z
2026-05-24T16:08:25Z,2026-05-24T18:08:25+0200,8c5f6830-b44b-449b-bdab-a1b130ad33e1,2026-05-16T16:15:00Z,2026-05-16T18:15:00+0200,3663.13,MW,DE,DE_LU,forecast_offshore_wind_generation,Wind Offshore,2026-05-24T16:09:31Z
2026-05-24T16:08:25Z,2026-05-24T18:08:25+0200,8c5f6830-b44b-449b-bdab-a1b130ad33e1,2026-05-16T16:30:00Z,2026-05-16T18:30:00+0200,3722.25,MW,DE,DE_LU,forecast_offshore_wind_generation,Wind Offshore,2026-05-24T16:09:31Z
2026-05-24T16:08:25Z,2026-05-24T18:08:25+0200,8c5f6830-b44b-449b-bdab-a1b130ad33e1,2026-05-16T16:45:00Z,2026-05-16T18:45:00+0200,3642.6,MW,DE,DE_LU,forecast_offshore_wind_generation,Wind Offshore,2026-05-24T16:09:31Z
2026-05-24T16:08:25Z,2026-05-24T18:08:25+0200,8c5f6830-b44b-449b-bdab-a1b130ad33e1,2026-05-16T17:00:00Z,2026-05-16T19:00:00+0200,3537.98,MW,DE,DE_LU,forecast_offshore_wind_generation,Wind Offshore,2026-05-24T16:09:31Z
2026-05-24T16:08:25Z,2026-05-24T18:08:25+0200,8c5f6830-b44b-449b-bdab-a1b130ad33e1,2026-05-16T17:15:00Z,2026-05-16T19:15:00+0200,3456.34,MW,DE,DE_LU,forecast_offshore_wind_generation,Wind Offshore,2026-05-24T16:09:31Z
2026-05-24T16:08:25Z,2026-05-24T18:08:25+0200,8c5f6830-b44b-449b-bdab-a1b130ad33e1,2026-05-16T17:30:00Z,2026-05-16T19:30:00+0200,3351.72,MW,DE,DE_LU,forecast_offshore_wind_generation,Wind Offshore,2026-05-24T16:09:31Z
2026-05-24T16:08:25Z,2026-05-24T18:08:25+0200,8c5f6830-b44b-449b-bdab-a1b130ad33e1,2026-05-16T17:45:00Z,2026-05-16T19:45:00+0200,3248.41,MW,DE,DE_LU,forecast_offshore_wind_generation,Wind Offshore,2026-05-24T16:09:31Z
2026-05-24T16:08:25Z,2026-05-24T18:08:25+0200,8c5f6830-b44b-449b-bdab-a1b130ad33e1,2026-05-16T18:00:00Z,2026-05-16T20:00:00+0200,3143.5,MW,DE,DE_LU,forecast_offshore_wind_generation,Wind Offshore,2026-05-24T16:09:31Z
2026-05-24T16:08:25Z,2026-05-24T18:08:25+0200,8c5f6830-b44b-449b-bdab-a1b130ad33e1,2026-05-16T18:15:00Z,2026-05-16T20:15:00+0200,3031.85,MW,DE,DE_LU,forecast_offshore_wind_generation,Wind Offshore,2026-05-24T16:09:31Z
2026-05-24T16:08:25Z,2026-05-24T18:08:25+0200,8c5f6830-b44b-449b-bdab-a1b130ad33e1,2026-05-16T18:30:00Z,2026-05-16T20:30:00+0200,2922.25,MW,DE,DE_LU,forecast_offshore_wind_generation,Wind Offshore,2026-05-24T16:09:31Z
2026-05-24T16:08:25Z,2026-05-24T18:08:25+0200,8c5f6830-b44b-449b-bdab-a1b130ad33e1,2026-05-16T18:45:00Z,2026-05-16T20:45:00+0200,2829.16,MW,DE,DE_LU,forecast_offshore_wind_generation,Wind Offshore,2026-05-24T16:09:31Z
2026-05-24T16:08:25Z,2026-05-24T18:08:25+0200,8c5f6830-b44b-449b-bdab-a1b130ad33e1,2026-05-16T19:00:00Z,2026-05-16T21:00:00+0200,2716.22,MW,DE,DE_LU,forecast_offshore_wind_generation,Wind Offshore,2026-05-24T16:09:31Z
2026-05-24T16:08:25Z,2026-05-24T18:08:25+0200,8c5f6830-b44b-449b-bdab-a1b130ad33e1,2026-05-16T19:15:00Z,2026-05-16T21:15:00+0200,2625.83,MW,DE,DE_LU,forecast_offshore_wind_generation,Wind Offshore,2026-05-24T16:09:31Z
2026-05-24T16:08:25Z,2026-05-24T18:08:25+0200,8c5f6830-b44b-449b-bdab-a1b130ad33e1,2026-05-16T19:30:00Z,2026-05-16T21:30:00+0200,2535.5,MW,DE,DE_LU,forecast_offshore_wind_generation,Wind Offshore,2026-05-24T16:09:31Z
2026-05-24T16:08:25Z,2026-05-24T18:08:25+0200,8c5f6830-b44b-449b-bdab-a1b130ad33e1,2026-05-16T19:45:00Z,2026-05-16T21:45:00+0200,2448.53,MW,DE,DE_LU,forecast_offshore_wind_generation,Wind Offshore,2026-05-24T16:09:31Z
2026-05-24T16:08:25Z,2026-05-24T18:08:25+0200,8c5f6830-b44b-449b-bdab-a1b130ad33e1,2026-05-16T20:00:00Z,2026-05-16T22:00:00+0200,2366.73,MW,DE,DE_LU,forecast_offshore_wind_generation,Wind Offshore,2026-05-24T16:09:31Z
2026-05-24T16:08:25Z,2026-05-24T18:08:25+0200,8c5f6830-b44b-449b-bdab-a1b130ad33e1,2026-05-16T20:15:00Z,2026-05-16T22:15:00+0200,2298.29,MW,DE,DE_LU,forecast_offshore_wind_generation,Wind Offshore,2026-05-24T16:09:31Z
2026-05-24T16:08:25Z,2026-05-24T18:08:25+0200,8c5f6830-b44b-449b-bdab-a1b130ad33e1,2026-05-16T20:30:00Z,2026-05-16T22:30:00+0200,2226.88,MW,DE,DE_LU,forecast_offshore_wind_generation,Wind Offshore,2026-05-24T16:09:31Z
2026-05-24T16:08:25Z,2026-05-24T18:08:25+0200,8c5f6830-b44b-449b-bdab-a1b130ad33e1,2026-05-16T20:45:00Z,2026-05-16T22:45:00+0200,2162.5,MW,DE,DE_LU,forecast_offshore_wind_generation,Wind Offshore,2026-05-24T16:09:31Z
2026-05-24T16:08:25Z,2026-05-24T18:08:25+0200,8c5f6830-b44b-449b-bdab-a1b130ad33e1,2026-05-16T21:00:00Z,2026-05-16T23:00:00+0200,2092.54,MW,DE,DE_LU,forecast_offshore_wind_generation,Wind Offshore,2026-05-24T16:09:31Z
2026-05-24T16:08:25Z,2026-05-24T18:08:25+0200,8c5f6830-b44b-449b-bdab-a1b130ad33e1,2026-05-16T21:15:00Z,2026-05-16T23:15:00+0200,2042.92,MW,DE,DE_LU,forecast_offshore_wind_generation,Wind Offshore,2026-05-24T16:09:31Z
2026-05-24T16:08:25Z,2026-05-24T18:08:25+0200,8c5f6830-b44b-449b-bdab-a1b130ad33e1,2026-05-16T21:30:00Z,2026-05-16T23:30:00+0200,1994.34,MW,DE,DE_LU,forecast_offshore_wind_generation,Wind Offshore,2026-05-24T16:09:31Z
2026-05-24T16:08:25Z,2026-05-24T18:08:25+0200,8c5f6830-b44b-449b-bdab-a1b130ad33e1,2026-05-16T21:45:00Z,2026-05-16T23:45:00+0200,1942.92,MW,DE,DE_LU,forecast_offshore_wind_generation,Wind Offshore,2026-05-24T16:09:31Z
2026-05-24T16:08:25Z,2026-05-24T18:08:25+0200,8c5f6830-b44b-449b-bdab-a1b130ad33e1,2026-05-16T22:00:00Z,2026-05-17T00:00:00+0200,1674.24,MW,DE,DE_LU,forecast_offshore_wind_generation,Wind Offshore,2026-05-24T16:09:31Z
2026-05-24T16:08:25Z,2026-05-24T18:08:25+0200,8c5f6830-b44b-449b-bdab-a1b130ad33e1,2026-05-16T22:15:00Z,2026-05-17T00:15:00+0200,1645.0,MW,DE,DE_LU,forecast_offshore_wind_generation,Wind Offshore,2026-05-24T16:09:31Z
2026-05-24T16:08:25Z,2026-05-24T18:08:25+0200,8c5f6830-b44b-449b-bdab-a1b130ad33e1,2026-05-16T22:30:00Z,2026-05-17T00:30:00+0200,1613.78,MW,DE,DE_LU,forecast_offshore_wind_generation,Wind Offshore,2026-05-24T16:09:31Z
2026-05-24T16:08:25Z,2026-05-24T18:08:25+0200,8c5f6830-b44b-449b-bdab-a1b130ad33e1,2026-05-16T22:45:00Z,2026-05-17T00:45:00+0200,1585.3,MW,DE,DE_LU,forecast_offshore_wind_generation,Wind Offshore,2026-05-24T16:09:31Z
2026-05-24T16:08:25Z,2026-05-24T18:08:25+0200,8c5f6830-b44b-449b-bdab-a1b130ad33e1,2026-05-16T23:00:00Z,2026-05-17T01:00:00+0200,1555.81,MW,DE,DE_LU,forecast_offshore_wind_generation,Wind Offshore,2026-05-24T16:09:31Z
2026-05-24T16:08:25Z,2026-05-24T18:08:25+0200,8c5f6830-b44b-449b-bdab-a1b130ad33e1,2026-05-16T23:15:00Z,2026-05-17T01:15:00+0200,1534.18,MW,DE,DE_LU,forecast_offshore_wind_generation,Wind Offshore,2026-05-24T16:09:31Z
2026-05-24T16:08:25Z,2026-05-24T18:08:25+0200,8c5f6830-b44b-449b-bdab-a1b130ad33e1,2026-05-16T23:30:00Z,2026-05-17T01:30:00+0200,1510.5,MW,DE,DE_LU,forecast_offshore_wind_generation,Wind Offshore,2026-05-24T16:09:31Z
2026-05-24T16:08:25Z,2026-05-24T18:08:25+0200,8c5f6830-b44b-449b-bdab-a1b130ad33e1,2026-05-16T23:45:00Z,2026-05-17T01:45:00+0200,1490.69,MW,DE,DE_LU,forecast_offshore_wind_generation,Wind Offshore,2026-05-24T16:09:31Z
2026-05-24T16:08:25Z,2026-05-24T18:08:25+0200,8c5f6830-b44b-449b-bdab-a1b130ad33e1,2026-05-17T00:00:00Z,2026-05-17T02:00:00+0200,1461.87,MW,DE,DE_LU,forecast_offshore_wind_generation,Wind Offshore,2026-05-24T16:09:31Z
2026-05-24T16:08:25Z,2026-05-24T18:08:25+0200,8c5f6830-b44b-449b-bdab-a1b130ad33e1,2026-05-17T00:15:00Z,2026-05-17T02:15:00+0200,1418.12,MW,DE,DE_LU,forecast_offshore_wind_generation,Wind Offshore,2026-05-24T16:09:31Z
2026-05-24T16:08:25Z,2026-05-24T18:08:25+0200,8c5f6830-b44b-449b-bdab-a1b130ad33e1,2026-05-17T00:30:00Z,2026-05-17T02:30:00+0200,1378.46,MW,DE,DE_LU,forecast_offshore_wind_generation,Wind Offshore,2026-05-24T16:09:31Z
2026-05-24T16:08:25Z,2026-05-24T18:08:25+0200,8c5f6830-b44b-449b-bdab-a1b130ad33e1,2026-05-17T00:45:00Z,2026-05-17T02:45:00+0200,1330.75,MW,DE,DE_LU,forecast_offshore_wind_generation,Wind Offshore,2026-05-24T16:09:31Z
2026-05-24T16:08:25Z,2026-05-24T18:08:25+0200,8c5f6830-b44b-449b-bdab-a1b130ad33e1,2026-05-17T01:00:00Z,2026-05-17T03:00:00+0200,1284.63,MW,DE,DE_LU,forecast_offshore_wind_generation,Wind Offshore,2026-05-24T16:09:31Z
2026-05-24T16:08:25Z,2026-05-24T18:08:25+0200,8c5f6830-b44b-449b-bdab-a1b130ad33e1,2026-05-17T01:15:00Z,2026-05-17T03:15:00+0200,1253.15,MW,DE,DE_LU,forecast_offshore_wind_generation,Wind Offshore,2026-05-24T16:09:31Z
2026-05-24T16:08:25Z,2026-05-24T18:08:25+0200,8c5f6830-b44b-449b-bdab-a1b130ad33e1,2026-05-17T01:30:00Z,2026-05-17T03:30:00+0200,1221.7,MW,DE,DE_LU,forecast_offshore_wind_generation,Wind Offshore,2026-05-24T16:09:31Z
2026-05-24T16:08:25Z,2026-05-24T18:08:25+0200,8c5f6830-b44b-449b-bdab-a1b130ad33e1,2026-05-17T01:45:00Z,2026-05-17T03:45:00+0200,1185.36,MW,DE,DE_LU,forecast_offshore_wind_generation,Wind Offshore,2026-05-24T16:09:31Z
2026-05-24T16:08:25Z,2026-05-24T18:08:25+0200,8c5f6830-b44b-449b-bdab-a1b130ad33e1,2026-05-17T02:00:00Z,2026-05-17T04:00:00+0200,1173.21,MW,DE,DE_LU,forecast_offshore_wind_generation,Wind Offshore,2026-05-24T16:09:31Z
2026-05-24T16:08:25Z,2026-05-24T18:08:25+0200,8c5f6830-b44b-449b-bdab-a1b130ad33e1,2026-05-17T02:15:00Z,2026-05-17T04:15:00+0200,1203.81,MW,DE,DE_LU,forecast_offshore_wind_generation,Wind Offshore,2026-05-24T16:09:31Z
2026-05-24T16:08:25Z,2026-05-24T18:08:25+0200,8c5f6830-b44b-449b-bdab-a1b130ad33e1,2026-05-17T02:30:00Z,2026-05-17T04:30:00+0200,1241.45,MW,DE,DE_LU,forecast_offshore_wind_generation,Wind Offshore,2026-05-24T16:09:31Z
2026-05-24T16:08:25Z,2026-05-24T18:08:25+0200,8c5f6830-b44b-449b-bdab-a1b130ad33e1,2026-05-17T02:45:00Z,2026-05-17T04:45:00+0200,1275.3,MW,DE,DE_LU,forecast_offshore_wind_generation,Wind Offshore,2026-05-24T16:09:31Z
2026-05-24T16:08:25Z,2026-05-24T18:08:25+0200,8c5f6830-b44b-449b-bdab-a1b130ad33e1,2026-05-17T03:00:00Z,2026-05-17T05:00:00+0200,1322.45,MW,DE,DE_LU,forecast_offshore_wind_generation,Wind Offshore,2026-05-24T16:09:31Z
2026-05-24T16:08:25Z,2026-05-24T18:08:25+0200,8c5f6830-b44b-449b-bdab-a1b130ad33e1,2026-05-17T03:15:00Z,2026-05-17T05:15:00+0200,1430.05,MW,DE,DE_LU,forecast_offshore_wind_generation,Wind Offshore,2026-05-24T16:09:31Z
2026-05-24T16:08:25Z,2026-05-24T18:08:25+0200,8c5f6830-b44b-449b-bdab-a1b130ad33e1,2026-05-17T03:30:00Z,2026-05-17T05:30:00+0200,1530.57,MW,DE,DE_LU,forecast_offshore_wind_generation,Wind Offshore,2026-05-24T16:09:31Z
2026-05-24T16:08:25Z,2026-05-24T18:08:25+0200,8c5f6830-b44b-449b-bdab-a1b130ad33e1,2026-05-17T03:45:00Z,2026-05-17T05:45:00+0200,1644.29,MW,DE,DE_LU,forecast_offshore_wind_generation,Wind Offshore,2026-05-24T16:09:31Z
2026-05-24T16:08:25Z,2026-05-24T18:08:25+0200,8c5f6830-b44b-449b-bdab-a1b130ad33e1,2026-05-17T04:00:00Z,2026-05-17T06:00:00+0200,1749.72,MW,DE,DE_LU,forecast_offshore_wind_generation,Wind Offshore,2026-05-24T16:09:31Z
2026-05-24T16:08:25Z,2026-05-24T18:08:25+0200,8c5f6830-b44b-449b-bdab-a1b130ad33e1,2026-05-17T04:15:00Z,2026-05-17T06:15:00+0200,1843.8,MW,DE,DE_LU,forecast_offshore_wind_generation,Wind Offshore,2026-05-24T16:09:31Z
2026-05-24T16:08:25Z,2026-05-24T18:08:25+0200,8c5f6830-b44b-449b-bdab-a1b130ad33e1,2026-05-17T04:30:00Z,2026-05-17T06:30:00+0200,1936.04,MW,DE,DE_LU,forecast_offshore_wind_generation,Wind Offshore,2026-05-24T16:09:31Z
2026-05-24T16:08:25Z,2026-05-24T18:08:25+0200,8c5f6830-b44b-449b-bdab-a1b130ad33e1,2026-05-17T04:45:00Z,2026-05-17T06:45:00+0200,2020.27,MW,DE,DE_LU,forecast_offshore_wind_generation,Wind Offshore,2026-05-24T16:09:31Z
2026-05-24T16:08:25Z,2026-05-24T18:08:25+0200,8c5f6830-b44b-449b-bdab-a1b130ad33e1,2026-05-17T05:00:00Z,2026-05-17T07:00:00+0200,2104.91,MW,DE,DE_LU,forecast_offshore_wind_generation,Wind Offshore,2026-05-24T16:09:31Z
2026-05-24T16:08:25Z,2026-05-24T18:08:25+0200,8c5f6830-b44b-449b-bdab-a1b130ad33e1,2026-05-17T05:15:00Z,2026-05-17T07:15:00+0200,2191.76,MW,DE,DE_LU,forecast_offshore_wind_generation,Wind Offshore,2026-05-24T16:09:31Z
2026-05-24T16:08:25Z,2026-05-24T18:08:25+0200,8c5f6830-b44b-449b-bdab-a1b130ad33e1,2026-05-17T05:30:00Z,2026-05-17T07:30:00+0200,2276.63,MW,DE,DE_LU,forecast_offshore_wind_generation,Wind Offshore,2026-05-24T16:09:31Z
2026-05-24T16:08:25Z,2026-05-24T18:08:25+0200,8c5f6830-b44b-449b-bdab-a1b130ad33e1,2026-05-17T05:45:00Z,2026-05-17T07:45:00+0200,2363.83,MW,DE,DE_LU,forecast_offshore_wind_generation,Wind Offshore,2026-05-24T16:09:31Z
2026-05-24T16:08:25Z,2026-05-24T18:08:25+0200,8c5f6830-b44b-449b-bdab-a1b130ad33e1,2026-05-17T06:00:00Z,2026-05-17T08:00:00+0200,2450.78,MW,DE,DE_LU,forecast_offshore_wind_generation,Wind Offshore,2026-05-24T16:09:31Z
2026-05-24T16:08:25Z,2026-05-24T18:08:25+0200,8c5f6830-b44b-449b-bdab-a1b130ad33e1,2026-05-17T06:15:00Z,2026-05-17T08:15:00+0200,2550.3,MW,DE,DE_LU,forecast_offshore_wind_generation,Wind Offshore,2026-05-24T16:09:31Z
2026-05-24T16:08:25Z,2026-05-24T18:08:25+0200,8c5f6830-b44b-449b-bdab-a1b130ad33e1,2026-05-17T06:30:00Z,2026-05-17T08:30:00+0200,2648.81,MW,DE,DE_LU,forecast_offshore_wind_generation,Wind Offshore,2026-05-24T16:09:31Z
2026-05-24T16:08:25Z,2026-05-24T18:08:25+0200,8c5f6830-b44b-449b-bdab-a1b130ad33e1,2026-05-17T06:45:00Z,2026-05-17T08:45:00+0200,2712.38,MW,DE,DE_LU,forecast_offshore_wind_generation,Wind Offshore,2026-05-24T16:09:31Z
2026-05-24T16:08:25Z,2026-05-24T18:08:25+0200,8c5f6830-b44b-449b-bdab-a1b130ad33e1,2026-05-17T07:00:00Z,2026-05-17T09:00:00+0200,2789.54,MW,DE,DE_LU,forecast_offshore_wind_generation,Wind Offshore,2026-05-24T16:09:31Z
2026-05-24T16:08:25Z,2026-05-24T18:08:25+0200,8c5f6830-b44b-449b-bdab-a1b130ad33e1,2026-05-17T07:15:00Z,2026-05-17T09:15:00+0200,2853.81,MW,DE,DE_LU,forecast_offshore_wind_generation,Wind Offshore,2026-05-24T16:09:31Z
2026-05-24T16:08:25Z,2026-05-24T18:08:25+0200,8c5f6830-b44b-449b-bdab-a1b130ad33e1,2026-05-17T07:30:00Z,2026-05-17T09:30:00+0200,2919.16,MW,DE,DE_LU,forecast_offshore_wind_generation,Wind Offshore,2026-05-24T16:09:31Z
2026-05-24T16:08:25Z,2026-05-24T18:08:25+0200,8c5f6830-b44b-449b-bdab-a1b130ad33e1,2026-05-17T07:45:00Z,2026-05-17T09:45:00+0200,2979.56,MW,DE,DE_LU,forecast_offshore_wind_generation,Wind Offshore,2026-05-24T16:09:31Z
2026-05-24T16:08:25Z,2026-05-24T18:08:25+0200,8c5f6830-b44b-449b-bdab-a1b130ad33e1,2026-05-17T08:00:00Z,2026-05-17T10:00:00+0200,3030.18,MW,DE,DE_LU,forecast_offshore_wind_generation,Wind Offshore,2026-05-24T16:09:31Z
2026-05-24T16:08:25Z,2026-05-24T18:08:25+0200,8c5f6830-b44b-449b-bdab-a1b130ad33e1,2026-05-17T08:15:00Z,2026-05-17T10:15:00+0200,3046.61,MW,DE,DE_LU,forecast_offshore_wind_generation,Wind Offshore,2026-05-24T16:09:31Z
2026-05-24T16:08:25Z,2026-05-24T18:08:25+0200,8c5f6830-b44b-449b-bdab-a1b130ad33e1,2026-05-17T08:30:00Z,2026-05-17T10:30:00+0200,3059.07,MW,DE,DE_LU,forecast_offshore_wind_generation,Wind Offshore,2026-05-24T16:09:31Z
2026-05-24T16:08:25Z,2026-05-24T18:08:25+0200,8c5f6830-b44b-449b-bdab-a1b130ad33e1,2026-05-17T08:45:00Z,2026-05-17T10:45:00+0200,3072.53,MW,DE,DE_LU,forecast_offshore_wind_generation,Wind Offshore,2026-05-24T16:09:31Z
2026-05-24T16:08:25Z,2026-05-24T18:08:25+0200,8c5f6830-b44b-449b-bdab-a1b130ad33e1,2026-05-17T09:00:00Z,2026-05-17T11:00:00+0200,3075.71,MW,DE,DE_LU,forecast_offshore_wind_generation,Wind Offshore,2026-05-24T16:09:31Z
2026-05-24T16:08:25Z,2026-05-24T18:08:25+0200,8c5f6830-b44b-449b-bdab-a1b130ad33e1,2026-05-17T09:15:00Z,2026-05-17T11:15:00+0200,3042.61,MW,DE,DE_LU,forecast_offshore_wind_generation,Wind Offshore,2026-05-24T16:09:31Z
2026-05-24T16:08:25Z,2026-05-24T18:08:25+0200,8c5f6830-b44b-449b-bdab-a1b130ad33e1,2026-05-17T09:30:00Z,2026-05-17T11:30:00+0200,3014.51,MW,DE,DE_LU,forecast_offshore_wind_generation,Wind Offshore,2026-05-24T16:09:31Z
2026-05-24T16:08:25Z,2026-05-24T18:08:25+0200,8c5f6830-b44b-449b-bdab-a1b130ad33e1,2026-05-17T09:45:00Z,2026-05-17T11:45:00+0200,2983.44,MW,DE,DE_LU,forecast_offshore_wind_generation,Wind Offshore,2026-05-24T16:09:31Z
2026-05-24T16:08:25Z,2026-05-24T18:08:25+0200,8c5f6830-b44b-449b-bdab-a1b130ad33e1,2026-05-17T10:00:00Z,2026-05-17T12:00:00+0200,2943.08,MW,DE,DE_LU,forecast_offshore_wind_generation,Wind Offshore,2026-05-24T16:09:31Z
2026-05-24T16:08:25Z,2026-05-24T18:08:25+0200,8c5f6830-b44b-449b-bdab-a1b130ad33e1,2026-05-17T10:15:00Z,2026-05-17T12:15:00+0200,2885.68,MW,DE,DE_LU,forecast_offshore_wind_generation,Wind Offshore,2026-05-24T16:09:31Z
2026-05-24T16:08:25Z,2026-05-24T18:08:25+0200,8c5f6830-b44b-449b-bdab-a1b130ad33e1,2026-05-17T10:30:00Z,2026-05-17T12:30:00+0200,2823.36,MW,DE,DE_LU,forecast_offshore_wind_generation,Wind Offshore,2026-05-24T16:09:31Z
2026-05-24T16:08:25Z,2026-05-24T18:08:25+0200,8c5f6830-b44b-449b-bdab-a1b130ad33e1,2026-05-17T10:45:00Z,2026-05-17T12:45:00+0200,2764.2,MW,DE,DE_LU,forecast_offshore_wind_generation,Wind Offshore,2026-05-24T16:09:31Z
2026-05-24T16:08:25Z,2026-05-24T18:08:25+0200,8c5f6830-b44b-449b-bdab-a1b130ad33e1,2026-05-17T11:00:00Z,2026-05-17T13:00:00+0200,2698.32,MW,DE,DE_LU,forecast_offshore_wind_generation,Wind Offshore,2026-05-24T16:09:31Z
2026-05-24T16:08:25Z,2026-05-24T18:08:25+0200,8c5f6830-b44b-449b-bdab-a1b130ad33e1,2026-05-17T11:15:00Z,2026-05-17T13:15:00+0200,2604.87,MW,DE,DE_LU,forecast_offshore_wind_generation,Wind Offshore,2026-05-24T16:09:31Z
2026-05-24T16:08:25Z,2026-05-24T18:08:25+0200,8c5f6830-b44b-449b-bdab-a1b130ad33e1,2026-05-17T11:30:00Z,2026-05-17T13:30:00+0200,2499.4,MW,DE,DE_LU,forecast_offshore_wind_generation,Wind Offshore,2026-05-24T16:09:31Z
2026-05-24T16:08:25Z,2026-05-24T18:08:25+0200,8c5f6830-b44b-449b-bdab-a1b130ad33e1,2026-05-17T11:45:00Z,2026-05-17T13:45:00+0200,2392.06,MW,DE,DE_LU,forecast_offshore_wind_generation,Wind Offshore,2026-05-24T16:09:31Z
2026-05-24T16:08:25Z,2026-05-24T18:08:25+0200,8c5f6830-b44b-449b-bdab-a1b130ad33e1,2026-05-17T12:00:00Z,2026-05-17T14:00:00+0200,2275.75,MW,DE,DE_LU,forecast_offshore_wind_generation,Wind Offshore,2026-05-24T16:09:31Z
2026-05-24T16:08:25Z,2026-05-24T18:08:25+0200,8c5f6830-b44b-449b-bdab-a1b130ad33e1,2026-05-17T12:15:00Z,2026-05-17T14:15:00+0200,2172.41,MW,DE,DE_LU,forecast_offshore_wind_generation,Wind Offshore,2026-05-24T16:09:31Z
2026-05-24T16:08:25Z,2026-05-24T18:08:25+0200,8c5f6830-b44b-449b-bdab-a1b130ad33e1,2026-05-17T12:30:00Z,2026-05-17T14:30:00+0200,2058.23,MW,DE,DE_LU,forecast_offshore_wind_generation,Wind Offshore,2026-05-24T16:09:31Z
2026-05-24T16:08:25Z,2026-05-24T18:08:25+0200,8c5f6830-b44b-449b-bdab-a1b130ad33e1,2026-05-17T12:45:00Z,2026-05-17T14:45:00+0200,1950.95,MW,DE,DE_LU,forecast_offshore_wind_generation,Wind Offshore,2026-05-24T16:09:31Z
2026-05-24T16:08:25Z,2026-05-24T18:08:25+0200,8c5f6830-b44b-449b-bdab-a1b130ad33e1,2026-05-17T13:00:00Z,2026-05-17T15:00:00+0200,1845.08,MW,DE,DE_LU,forecast_offshore_wind_generation,Wind Offshore,2026-05-24T16:09:31Z
2026-05-24T16:08:25Z,2026-05-24T18:08:25+0200,8c5f6830-b44b-449b-bdab-a1b130ad33e1,2026-05-17T13:15:00Z,2026-05-17T15:15:00+0200,1710.59,MW,DE,DE_LU,forecast_offshore_wind_generation,Wind Offshore,2026-05-24T16:09:31Z
2026-05-24T16:08:25Z,2026-05-24T18:08:25+0200,8c5f6830-b44b-449b-bdab-a1b130ad33e1,2026-05-17T13:30:00Z,2026-05-17T15:30:00+0200,1609.09,MW,DE,DE_LU,forecast_offshore_wind_generation,Wind Offshore,2026-05-24T16:09:31Z
2026-05-24T16:08:25Z,2026-05-24T18:08:25+0200,8c5f6830-b44b-449b-bdab-a1b130ad33e1,2026-05-17T13:45:00Z,2026-05-17T15:45:00+0200,1512.63,MW,DE,DE_LU,forecast_offshore_wind_generation,Wind Offshore,2026-05-24T16:09:31Z
2026-05-24T16:08:25Z,2026-05-24T18:08:25+0200,8c5f6830-b44b-449b-bdab-a1b130ad33e1,2026-05-17T14:00:00Z,2026-05-17T16:00:00+0200,1424.6,MW,DE,DE_LU,forecast_offshore_wind_generation,Wind Offshore,2026-05-24T16:09:31Z
2026-05-24T16:08:25Z,2026-05-24T18:08:25+0200,8c5f6830-b44b-449b-bdab-a1b130ad33e1,2026-05-17T14:15:00Z,2026-05-17T16:15:00+0200,1356.49,MW,DE,DE_LU,forecast_offshore_wind_generation,Wind Offshore,2026-05-24T16:09:31Z
2026-05-24T16:08:25Z,2026-05-24T18:08:25+0200,8c5f6830-b44b-449b-bdab-a1b130ad33e1,2026-05-17T14:30:00Z,2026-05-17T16:30:00+0200,1288.34,MW,DE,DE_LU,forecast_offshore_wind_generation,Wind Offshore,2026-05-24T16:09:31Z
2026-05-24T16:08:25Z,2026-05-24T18:08:25+0200,8c5f6830-b44b-449b-bdab-a1b130ad33e1,2026-05-17T14:45:00Z,2026-05-17T16:45:00+0200,1206.44,MW,DE,DE_LU,forecast_offshore_wind_generation,Wind Offshore,2026-05-24T16:09:31Z
2026-05-24T16:08:25Z,2026-05-24T18:08:25+0200,8c5f6830-b44b-449b-bdab-a1b130ad33e1,2026-05-17T15:00:00Z,2026-05-17T17:00:00+0200,1146.5,MW,DE,DE_LU,forecast_offshore_wind_generation,Wind Offshore,2026-05-24T16:09:31Z
2026-05-24T16:08:25Z,2026-05-24T18:08:25+0200,8c5f6830-b44b-449b-bdab-a1b130ad33e1,2026-05-17T15:15:00Z,2026-05-17T17:15:00+0200,1097.27,MW,DE,DE_LU,forecast_offshore_wind_generation,Wind Offshore,2026-05-24T16:09:31Z
2026-05-24T16:08:25Z,2026-05-24T18:08:25+0200,8c5f6830-b44b-449b-bdab-a1b130ad33e1,2026-05-17T15:30:00Z,2026-05-17T17:30:00+0200,1053.14,MW,DE,DE_LU,forecast_offshore_wind_generation,Wind Offshore,2026-05-24T16:09:31Z
2026-05-24T16:08:25Z,2026-05-24T18:08:25+0200,8c5f6830-b44b-449b-bdab-a1b130ad33e1,2026-05-17T15:45:00Z,2026-05-17T17:45:00+0200,997.1,MW,DE,DE_LU,forecast_offshore_wind_generation,Wind Offshore,2026-05-24T16:09:31Z
2026-05-24T16:08:25Z,2026-05-24T18:08:25+0200,8c5f6830-b44b-449b-bdab-a1b130ad33e1,2026-05-17T16:00:00Z,2026-05-17T18:00:00+0200,951.48,MW,DE,DE_LU,forecast_offshore_wind_generation,Wind Offshore,2026-05-24T16:09:31Z
2026-05-24T16:08:25Z,2026-05-24T18:08:25+0200,8c5f6830-b44b-449b-bdab-a1b130ad33e1,2026-05-17T16:15:00Z,2026-05-17T18:15:00+0200,917.02,MW,DE,DE_LU,forecast_offshore_wind_generation,Wind Offshore,2026-05-24T16:09:31Z
2026-05-24T16:08:25Z,2026-05-24T18:08:25+0200,8c5f6830-b44b-449b-bdab-a1b130ad33e1,2026-05-17T16:30:00Z,2026-05-17T18:30:00+0200,883.83,MW,DE,DE_LU,forecast_offshore_wind_generation,Wind Offshore,2026-05-24T16:09:31Z
2026-05-24T16:08:25Z,2026-05-24T18:08:25+0200,8c5f6830-b44b-449b-bdab-a1b130ad33e1,2026-05-17T16:45:00Z,2026-05-17T18:45:00+0200,849.4,MW,DE,DE_LU,forecast_offshore_wind_generation,Wind Offshore,2026-05-24T16:09:31Z
2026-05-24T16:08:25Z,2026-05-24T18:08:25+0200,8c5f6830-b44b-449b-bdab-a1b130ad33e1,2026-05-17T17:00:00Z,2026-05-17T19:00:00+0200,822.28,MW,DE,DE_LU,forecast_offshore_wind_generation,Wind Offshore,2026-05-24T16:09:31Z
2026-05-24T16:08:25Z,2026-05-24T18:08:25+0200,8c5f6830-b44b-449b-bdab-a1b130ad33e1,2026-05-17T17:15:00Z,2026-05-17T19:15:00+0200,805.05,MW,DE,DE_LU,forecast_offshore_wind_generation,Wind Offshore,2026-05-24T16:09:31Z
2026-05-24T16:08:25Z,2026-05-24T18:08:25+0200,8c5f6830-b44b-449b-bdab-a1b130ad33e1,2026-05-17T17:30:00Z,2026-05-17T19:30:00+0200,788.95,MW,DE,DE_LU,forecast_offshore_wind_generation,Wind Offshore,2026-05-24T16:09:31Z
2026-05-24T16:08:25Z,2026-05-24T18:08:25+0200,8c5f6830-b44b-449b-bdab-a1b130ad33e1,2026-05-17T17:45:00Z,2026-05-17T19:45:00+0200,767.46,MW,DE,DE_LU,forecast_offshore_wind_generation,Wind Offshore,2026-05-24T16:09:31Z
2026-05-24T16:08:25Z,2026-05-24T18:08:25+0200,8c5f6830-b44b-449b-bdab-a1b130ad33e1,2026-05-17T18:00:00Z,2026-05-17T20:00:00+0200,756.08,MW,DE,DE_LU,forecast_offshore_wind_generation,Wind Offshore,2026-05-24T16:09:31Z
2026-05-24T16:08:25Z,2026-05-24T18:08:25+0200,8c5f6830-b44b-449b-bdab-a1b130ad33e1,2026-05-17T18:15:00Z,2026-05-17T20:15:00+0200,757.62,MW,DE,DE_LU,forecast_offshore_wind_generation,Wind Offshore,2026-05-24T16:09:31Z
2026-05-24T16:08:25Z,2026-05-24T18:08:25+0200,8c5f6830-b44b-449b-bdab-a1b130ad33e1,2026-05-17T18:30:00Z,2026-05-17T20:30:00+0200,756.53,MW,DE,DE_LU,forecast_offshore_wind_generation,Wind Offshore,2026-05-24T16:09:31Z
2026-05-24T16:08:25Z,2026-05-24T18:08:25+0200,8c5f6830-b44b-449b-bdab-a1b130ad33e1,2026-05-17T18:45:00Z,2026-05-17T20:45:00+0200,758.81,MW,DE,DE_LU,forecast_offshore_wind_generation,Wind Offshore,2026-05-24T16:09:31Z
2026-05-24T16:08:25Z,2026-05-24T18:08:25+0200,8c5f6830-b44b-449b-bdab-a1b130ad33e1,2026-05-17T19:00:00Z,2026-05-17T21:00:00+0200,766.13,MW,DE,DE_LU,forecast_offshore_wind_generation,Wind Offshore,2026-05-24T16:09:31Z
2026-05-24T16:08:25Z,2026-05-24T18:08:25+0200,8c5f6830-b44b-449b-bdab-a1b130ad33e1,2026-05-17T19:15:00Z,2026-05-17T21:15:00+0200,776.04,MW,DE,DE_LU,forecast_offshore_wind_generation,Wind Offshore,2026-05-24T16:09:31Z
2026-05-24T16:08:25Z,2026-05-24T18:08:25+0200,8c5f6830-b44b-449b-bdab-a1b130ad33e1,2026-05-17T19:30:00Z,2026-05-17T21:30:00+0200,782.91,MW,DE,DE_LU,forecast_offshore_wind_generation,Wind Offshore,2026-05-24T16:09:31Z
2026-05-24T16:08:25Z,2026-05-24T18:08:25+0200,8c5f6830-b44b-449b-bdab-a1b130ad33e1,2026-05-17T19:45:00Z,2026-05-17T21:45:00+0200,798.79,MW,DE,DE_LU,forecast_offshore_wind_generation,Wind Offshore,2026-05-24T16:09:31Z
2026-05-24T16:08:25Z,2026-05-24T18:08:25+0200,8c5f6830-b44b-449b-bdab-a1b130ad33e1,2026-05-17T20:00:00Z,2026-05-17T22:00:00+0200,812.29,MW,DE,DE_LU,forecast_offshore_wind_generation,Wind Offshore,2026-05-24T16:09:31Z
2026-05-24T16:08:25Z,2026-05-24T18:08:25+0200,8c5f6830-b44b-449b-bdab-a1b130ad33e1,2026-05-17T20:15:00Z,2026-05-17T22:15:00+0200,821.02,MW,DE,DE_LU,forecast_offshore_wind_generation,Wind Offshore,2026-05-24T16:09:31Z
2026-05-24T16:08:25Z,2026-05-24T18:08:25+0200,8c5f6830-b44b-449b-bdab-a1b130ad33e1,2026-05-17T20:30:00Z,2026-05-17T22:30:00+0200,830.74,MW,DE,DE_LU,forecast_offshore_wind_generation,Wind Offshore,2026-05-24T16:09:31Z
2026-05-24T16:08:25Z,2026-05-24T18:08:25+0200,8c5f6830-b44b-449b-bdab-a1b130ad33e1,2026-05-17T20:45:00Z,2026-05-17T22:45:00+0200,845.31,MW,DE,DE_LU,forecast_offshore_wind_generation,Wind Offshore,2026-05-24T16:09:31Z
2026-05-24T16:08:25Z,2026-05-24T18:08:25+0200,8c5f6830-b44b-449b-bdab-a1b130ad33e1,2026-05-17T21:00:00Z,2026-05-17T23:00:00+0200,859.54,MW,DE,DE_LU,forecast_offshore_wind_generation,Wind Offshore,2026-05-24T16:09:31Z
2026-05-24T16:08:25Z,2026-05-24T18:08:25+0200,8c5f6830-b44b-449b-bdab-a1b130ad33e1,2026-05-17T21:15:00Z,2026-05-17T23:15:00+0200,866.91,MW,DE,DE_LU,forecast_offshore_wind_generation,Wind Offshore,2026-05-24T16:09:31Z
2026-05-24T16:08:25Z,2026-05-24T18:08:25+0200,8c5f6830-b44b-449b-bdab-a1b130ad33e1,2026-05-17T21:30:00Z,2026-05-17T23:30:00+0200,873.27,MW,DE,DE_LU,forecast_offshore_wind_generation,Wind Offshore,2026-05-24T16:09:31Z
2026-05-24T16:08:25Z,2026-05-24T18:08:25+0200,8c5f6830-b44b-449b-bdab-a1b130ad33e1,2026-05-17T21:45:00Z,2026-05-17T23:45:00+0200,881.49,MW,DE,DE_LU,forecast_offshore_wind_generation,Wind Offshore,2026-05-24T16:09:31Z
2026-05-24T16:08:25Z,2026-05-24T18:08:25+0200,8c5f6830-b44b-449b-bdab-a1b130ad33e1,2026-05-17T22:00:00Z,2026-05-18T00:00:00+0200,1162.2,MW,DE,DE_LU,forecast_offshore_wind_generation,Wind Offshore,2026-05-24T16:09:31Z
2026-05-24T16:08:25Z,2026-05-24T18:08:25+0200,8c5f6830-b44b-449b-bdab-a1b130ad33e1,2026-05-17T22:15:00Z,2026-05-18T00:15:00+0200,1135.28,MW,DE,DE_LU,forecast_offshore_wind_generation,Wind Offshore,2026-05-24T16:09:31Z
2026-05-24T16:08:25Z,2026-05-24T18:08:25+0200,8c5f6830-b44b-449b-bdab-a1b130ad33e1,2026-05-17T22:30:00Z,2026-05-18T00:30:00+0200,1107.31,MW,DE,DE_LU,forecast_offshore_wind_generation,Wind Offshore,2026-05-24T16:09:31Z
2026-05-24T16:08:25Z,2026-05-24T18:08:25+0200,8c5f6830-b44b-449b-bdab-a1b130ad33e1,2026-05-17T22:45:00Z,2026-05-18T00:45:00+0200,1079.32,MW,DE,DE_LU,forecast_offshore_wind_generation,Wind Offshore,2026-05-24T16:09:31Z
2026-05-24T16:08:25Z,2026-05-24T18:08:25+0200,8c5f6830-b44b-449b-bdab-a1b130ad33e1,2026-05-17T23:00:00Z,2026-05-18T01:00:00+0200,1055.77,MW,DE,DE_LU,forecast_offshore_wind_generation,Wind Offshore,2026-05-24T16:09:31Z
2026-05-24T16:08:25Z,2026-05-24T18:08:25+0200,8c5f6830-b44b-449b-bdab-a1b130ad33e1,2026-05-17T23:15:00Z,2026-05-18T01:15:00+0200,1021.74,MW,DE,DE_LU,forecast_offshore_wind_generation,Wind Offshore,2026-05-24T16:09:31Z
2026-05-24T16:08:25Z,2026-05-24T18:08:25+0200,8c5f6830-b44b-449b-bdab-a1b130ad33e1,2026-05-17T23:30:00Z,2026-05-18T01:30:00+0200,991.75,MW,DE,DE_LU,forecast_offshore_wind_generation,Wind Offshore,2026-05-24T16:09:31Z
2026-05-24T16:08:25Z,2026-05-24T18:08:25+0200,8c5f6830-b44b-449b-bdab-a1b130ad33e1,2026-05-17T23:45:00Z,2026-05-18T01:45:00+0200,954.56,MW,DE,DE_LU,forecast_offshore_wind_generation,Wind Offshore,2026-05-24T16:09:31Z
2026-05-24T16:08:25Z,2026-05-24T18:08:25+0200,8c5f6830-b44b-449b-bdab-a1b130ad33e1,2026-05-18T00:00:00Z,2026-05-18T02:00:00+0200,918.72,MW,DE,DE_LU,forecast_offshore_wind_generation,Wind Offshore,2026-05-24T16:09:31Z
2026-05-24T16:08:25Z,2026-05-24T18:08:25+0200,8c5f6830-b44b-449b-bdab-a1b130ad33e1,2026-05-18T00:15:00Z,2026-05-18T02:15:00+0200,881.09,MW,DE,DE_LU,forecast_offshore_wind_generation,Wind Offshore,2026-05-24T16:09:31Z
2026-05-24T16:08:25Z,2026-05-24T18:08:25+0200,8c5f6830-b44b-449b-bdab-a1b130ad33e1,2026-05-18T00:30:00Z,2026-05-18T02:30:00+0200,838.48,MW,DE,DE_LU,forecast_offshore_wind_generation,Wind Offshore,2026-05-24T16:09:31Z
2026-05-24T16:08:25Z,2026-05-24T18:08:25+0200,8c5f6830-b44b-449b-bdab-a1b130ad33e1,2026-05-18T00:45:00Z,2026-05-18T02:45:00+0200,802.67,MW,DE,DE_LU,forecast_offshore_wind_generation,Wind Offshore,2026-05-24T16:09:31Z
2026-05-24T16:08:25Z,2026-05-24T18:08:25+0200,8c5f6830-b44b-449b-bdab-a1b130ad33e1,2026-05-18T01:00:00Z,2026-05-18T03:00:00+0200,761.96,MW,DE,DE_LU,forecast_offshore_wind_generation,Wind Offshore,2026-05-24T16:09:31Z
2026-05-24T16:08:25Z,2026-05-24T18:08:25+0200,8c5f6830-b44b-449b-bdab-a1b130ad33e1,2026-05-18T01:15:00Z,2026-05-18T03:15:00+0200,723.42,MW,DE,DE_LU,forecast_offshore_wind_generation,Wind Offshore,2026-05-24T16:09:31Z
2026-05-24T16:08:25Z,2026-05-24T18:08:25+0200,8c5f6830-b44b-449b-bdab-a1b130ad33e1,2026-05-18T01:30:00Z,2026-05-18T03:30:00+0200,682.88,MW,DE,DE_LU,forecast_offshore_wind_generation,Wind Offshore,2026-05-24T16:09:31Z
2026-05-24T16:08:25Z,2026-05-24T18:08:25+0200,8c5f6830-b44b-449b-bdab-a1b130ad33e1,2026-05-18T01:45:00Z,2026-05-18T03:45:00+0200,645.8,MW,DE,DE_LU,forecast_offshore_wind_generation,Wind Offshore,2026-05-24T16:09:31Z
2026-05-24T16:08:25Z,2026-05-24T18:08:25+0200,8c5f6830-b44b-449b-bdab-a1b130ad33e1,2026-05-18T02:00:00Z,2026-05-18T04:00:00+0200,610.62,MW,DE,DE_LU,forecast_offshore_wind_generation,Wind Offshore,2026-05-24T16:09:31Z
2026-05-24T16:08:25Z,2026-05-24T18:08:25+0200,8c5f6830-b44b-449b-bdab-a1b130ad33e1,2026-05-18T02:15:00Z,2026-05-18T04:15:00+0200,580.82,MW,DE,DE_LU,forecast_offshore_wind_generation,Wind Offshore,2026-05-24T16:09:31Z
2026-05-24T16:08:25Z,2026-05-24T18:08:25+0200,8c5f6830-b44b-449b-bdab-a1b130ad33e1,2026-05-18T02:30:00Z,2026-05-18T04:30:00+0200,552.08,MW,DE,DE_LU,forecast_offshore_wind_generation,Wind Offshore,2026-05-24T16:09:31Z
2026-05-24T16:08:25Z,2026-05-24T18:08:25+0200,8c5f6830-b44b-449b-bdab-a1b130ad33e1,2026-05-18T02:45:00Z,2026-05-18T04:45:00+0200,524.41,MW,DE,DE_LU,forecast_offshore_wind_generation,Wind Offshore,2026-05-24T16:09:31Z
2026-05-24T16:08:25Z,2026-05-24T18:08:25+0200,8c5f6830-b44b-449b-bdab-a1b130ad33e1,2026-05-18T03:00:00Z,2026-05-18T05:00:00+0200,500.02,MW,DE,DE_LU,forecast_offshore_wind_generation,Wind Offshore,2026-05-24T16:09:31Z
2026-05-24T16:08:25Z,2026-05-24T18:08:25+0200,8c5f6830-b44b-449b-bdab-a1b130ad33e1,2026-05-18T03:15:00Z,2026-05-18T05:15:00+0200,483.8,MW,DE,DE_LU,forecast_offshore_wind_generation,Wind Offshore,2026-05-24T16:09:31Z
2026-05-24T16:08:25Z,2026-05-24T18:08:25+0200,8c5f6830-b44b-449b-bdab-a1b130ad33e1,2026-05-18T03:30:00Z,2026-05-18T05:30:00+0200,466.54,MW,DE,DE_LU,forecast_offshore_wind_generation,Wind Offshore,2026-05-24T16:09:31Z
2026-05-24T16:08:25Z,2026-05-24T18:08:25+0200,8c5f6830-b44b-449b-bdab-a1b130ad33e1,2026-05-18T03:45:00Z,2026-05-18T05:45:00+0200,452.33,MW,DE,DE_LU,forecast_offshore_wind_generation,Wind Offshore,2026-05-24T16:09:31Z
2026-05-24T16:08:25Z,2026-05-24T18:08:25+0200,8c5f6830-b44b-449b-bdab-a1b130ad33e1,2026-05-18T04:00:00Z,2026-05-18T06:00:00+0200,443.02,MW,DE,DE_LU,forecast_offshore_wind_generation,Wind Offshore,2026-05-24T16:09:31Z
2026-05-24T16:08:25Z,2026-05-24T18:08:25+0200,8c5f6830-b44b-449b-bdab-a1b130ad33e1,2026-05-18T04:15:00Z,2026-05-18T06:15:00+0200,448.31,MW,DE,DE_LU,forecast_offshore_wind_generation,Wind Offshore,2026-05-24T16:09:31Z
2026-05-24T16:08:25Z,2026-05-24T18:08:25+0200,8c5f6830-b44b-449b-bdab-a1b130ad33e1,2026-05-18T04:30:00Z,2026-05-18T06:30:00+0200,445.56,MW,DE,DE_LU,forecast_offshore_wind_generation,Wind Offshore,2026-05-24T16:09:31Z
2026-05-24T16:08:25Z,2026-05-24T18:08:25+0200,8c5f6830-b44b-449b-bdab-a1b130ad33e1,2026-05-18T04:45:00Z,2026-05-18T06:45:00+0200,444.93,MW,DE,DE_LU,forecast_offshore_wind_generation,Wind Offshore,2026-05-24T16:09:31Z
2026-05-24T16:08:25Z,2026-05-24T18:08:25+0200,8c5f6830-b44b-449b-bdab-a1b130ad33e1,2026-05-18T05:00:00Z,2026-05-18T07:00:00+0200,445.5,MW,DE,DE_LU,forecast_offshore_wind_generation,Wind Offshore,2026-05-24T16:09:31Z
2026-05-24T16:08:25Z,2026-05-24T18:08:25+0200,8c5f6830-b44b-449b-bdab-a1b130ad33e1,2026-05-18T05:15:00Z,2026-05-18T07:15:00+0200,456.78,MW,DE,DE_LU,forecast_offshore_wind_generation,Wind Offshore,2026-05-24T16:09:31Z
2026-05-24T16:08:25Z,2026-05-24T18:08:25+0200,8c5f6830-b44b-449b-bdab-a1b130ad33e1,2026-05-18T05:30:00Z,2026-05-18T07:30:00+0200,468.11,MW,DE,DE_LU,forecast_offshore_wind_generation,Wind Offshore,2026-05-24T16:09:31Z
2026-05-24T16:08:25Z,2026-05-24T18:08:25+0200,8c5f6830-b44b-449b-bdab-a1b130ad33e1,2026-05-18T05:45:00Z,2026-05-18T07:45:00+0200,477.4,MW,DE,DE_LU,forecast_offshore_wind_generation,Wind Offshore,2026-05-24T16:09:31Z
2026-05-24T16:08:25Z,2026-05-24T18:08:25+0200,8c5f6830-b44b-449b-bdab-a1b130ad33e1,2026-05-18T06:00:00Z,2026-05-18T08:00:00+0200,483.31,MW,DE,DE_LU,forecast_offshore_wind_generation,Wind Offshore,2026-05-24T16:09:31Z
2026-05-24T16:08:25Z,2026-05-24T18:08:25+0200,8c5f6830-b44b-449b-bdab-a1b130ad33e1,2026-05-18T06:15:00Z,2026-05-18T08:15:00+0200,504.55,MW,DE,DE_LU,forecast_offshore_wind_generation,Wind Offshore,2026-05-24T16:09:31Z
2026-05-24T16:08:25Z,2026-05-24T18:08:25+0200,8c5f6830-b44b-449b-bdab-a1b130ad33e1,2026-05-18T06:30:00Z,2026-05-18T08:30:00+0200,520.84,MW,DE,DE_LU,forecast_offshore_wind_generation,Wind Offshore,2026-05-24T16:09:31Z
2026-05-24T16:08:25Z,2026-05-24T18:08:25+0200,8c5f6830-b44b-449b-bdab-a1b130ad33e1,2026-05-18T06:45:00Z,2026-05-18T08:45:00+0200,536.09,MW,DE,DE_LU,forecast_offshore_wind_generation,Wind Offshore,2026-05-24T16:09:31Z
2026-05-24T16:08:25Z,2026-05-24T18:08:25+0200,8c5f6830-b44b-449b-bdab-a1b130ad33e1,2026-05-18T07:00:00Z,2026-05-18T09:00:00+0200,552.14,MW,DE,DE_LU,forecast_offshore_wind_generation,Wind Offshore,2026-05-24T16:09:31Z
2026-05-24T16:08:25Z,2026-05-24T18:08:25+0200,8c5f6830-b44b-449b-bdab-a1b130ad33e1,2026-05-18T07:15:00Z,2026-05-18T09:15:00+0200,567.76,MW,DE,DE_LU,forecast_offshore_wind_generation,Wind Offshore,2026-05-24T16:09:31Z
2026-05-24T16:08:25Z,2026-05-24T18:08:25+0200,8c5f6830-b44b-449b-bdab-a1b130ad33e1,2026-05-18T07:30:00Z,2026-05-18T09:30:00+0200,583.41,MW,DE,DE_LU,forecast_offshore_wind_generation,Wind Offshore,2026-05-24T16:09:31Z
2026-05-24T16:08:25Z,2026-05-24T18:08:25+0200,8c5f6830-b44b-449b-bdab-a1b130ad33e1,2026-05-18T07:45:00Z,2026-05-18T09:45:00+0200,599.09,MW,DE,DE_LU,forecast_offshore_wind_generation,Wind Offshore,2026-05-24T16:09:31Z
2026-05-24T16:08:25Z,2026-05-24T18:08:25+0200,8c5f6830-b44b-449b-bdab-a1b130ad33e1,2026-05-18T08:00:00Z,2026-05-18T10:00:00+0200,613.47,MW,DE,DE_LU,forecast_offshore_wind_generation,Wind Offshore,2026-05-24T16:09:31Z
2026-05-24T16:08:25Z,2026-05-24T18:08:25+0200,8c5f6830-b44b-449b-bdab-a1b130ad33e1,2026-05-18T08:15:00Z,2026-05-18T10:15:00+0200,618.86,MW,DE,DE_LU,forecast_offshore_wind_generation,Wind Offshore,2026-05-24T16:09:31Z
2026-05-24T16:08:25Z,2026-05-24T18:08:25+0200,8c5f6830-b44b-449b-bdab-a1b130ad33e1,2026-05-18T08:30:00Z,2026-05-18T10:30:00+0200,631.25,MW,DE,DE_LU,forecast_offshore_wind_generation,Wind Offshore,2026-05-24T16:09:31Z
2026-05-24T16:08:25Z,2026-05-24T18:08:25+0200,8c5f6830-b44b-449b-bdab-a1b130ad33e1,2026-05-18T08:45:00Z,2026-05-18T10:45:00+0200,634.54,MW,DE,DE_LU,forecast_offshore_wind_generation,Wind Offshore,2026-05-24T16:09:31Z
2026-05-24T16:08:25Z,2026-05-24T18:08:25+0200,8c5f6830-b44b-449b-bdab-a1b130ad33e1,2026-05-18T09:00:00Z,2026-05-18T11:00:00+0200,638.52,MW,DE,DE_LU,forecast_offshore_wind_generation,Wind Offshore,2026-05-24T16:09:31Z
2026-05-24T16:08:25Z,2026-05-24T18:08:25+0200,8c5f6830-b44b-449b-bdab-a1b130ad33e1,2026-05-18T09:15:00Z,2026-05-18T11:15:00+0200,650.98,MW,DE,DE_LU,forecast_offshore_wind_generation,Wind Offshore,2026-05-24T16:09:31Z
2026-05-24T16:08:25Z,2026-05-24T18:08:25+0200,8c5f6830-b44b-449b-bdab-a1b130ad33e1,2026-05-18T09:30:00Z,2026-05-18T11:30:00+0200,664.45,MW,DE,DE_LU,forecast_offshore_wind_generation,Wind Offshore,2026-05-24T16:09:31Z
2026-05-24T16:08:25Z,2026-05-24T18:08:25+0200,8c5f6830-b44b-449b-bdab-a1b130ad33e1,2026-05-18T09:45:00Z,2026-05-18T11:45:00+0200,687.24,MW,DE,DE_LU,forecast_offshore_wind_generation,Wind Offshore,2026-05-24T16:09:31Z
2026-05-24T16:08:25Z,2026-05-24T18:08:25+0200,8c5f6830-b44b-449b-bdab-a1b130ad33e1,2026-05-18T10:00:00Z,2026-05-18T12:00:00+0200,696.99,MW,DE,DE_LU,forecast_offshore_wind_generation,Wind Offshore,2026-05-24T16:09:31Z
2026-05-24T16:08:25Z,2026-05-24T18:08:25+0200,8c5f6830-b44b-449b-bdab-a1b130ad33e1,2026-05-18T10:15:00Z,2026-05-18T12:15:00+0200,709.27,MW,DE,DE_LU,forecast_offshore_wind_generation,Wind Offshore,2026-05-24T16:09:31Z
2026-05-24T16:08:25Z,2026-05-24T18:08:25+0200,8c5f6830-b44b-449b-bdab-a1b130ad33e1,2026-05-18T10:30:00Z,2026-05-18T12:30:00+0200,724.63,MW,DE,DE_LU,forecast_offshore_wind_generation,Wind Offshore,2026-05-24T16:09:31Z
2026-05-24T16:08:25Z,2026-05-24T18:08:25+0200,8c5f6830-b44b-449b-bdab-a1b130ad33e1,2026-05-18T10:45:00Z,2026-05-18T12:45:00+0200,743.13,MW,DE,DE_LU,forecast_offshore_wind_generation,Wind Offshore,2026-05-24T16:09:31Z
2026-05-24T16:08:25Z,2026-05-24T18:08:25+0200,8c5f6830-b44b-449b-bdab-a1b130ad33e1,2026-05-18T11:00:00Z,2026-05-18T13:00:00+0200,752.75,MW,DE,DE_LU,forecast_offshore_wind_generation,Wind Offshore,2026-05-24T16:09:31Z
2026-05-24T16:08:25Z,2026-05-24T18:08:25+0200,8c5f6830-b44b-449b-bdab-a1b130ad33e1,2026-05-18T11:15:00Z,2026-05-18T13:15:00+0200,748.53,MW,DE,DE_LU,forecast_offshore_wind_generation,Wind Offshore,2026-05-24T16:09:31Z
2026-05-24T16:08:25Z,2026-05-24T18:08:25+0200,8c5f6830-b44b-449b-bdab-a1b130ad33e1,2026-05-18T11:30:00Z,2026-05-18T13:30:00+0200,740.39,MW,DE,DE_LU,forecast_offshore_wind_generation,Wind Offshore,2026-05-24T16:09:31Z
2026-05-24T16:08:25Z,2026-05-24T18:08:25+0200,8c5f6830-b44b-449b-bdab-a1b130ad33e1,2026-05-18T11:45:00Z,2026-05-18T13:45:00+0200,732.65,MW,DE,DE_LU,forecast_offshore_wind_generation,Wind Offshore,2026-05-24T16:09:31Z
2026-05-24T16:08:25Z,2026-05-24T18:08:25+0200,8c5f6830-b44b-449b-bdab-a1b130ad33e1,2026-05-18T12:00:00Z,2026-05-18T14:00:00+0200,725.29,MW,DE,DE_LU,forecast_offshore_wind_generation,Wind Offshore,2026-05-24T16:09:31Z
2026-05-24T16:08:25Z,2026-05-24T18:08:25+0200,8c5f6830-b44b-449b-bdab-a1b130ad33e1,2026-05-18T12:15:00Z,2026-05-18T14:15:00+0200,713.99,MW,DE,DE_LU,forecast_offshore_wind_generation,Wind Offshore,2026-05-24T16:09:31Z
2026-05-24T16:08:25Z,2026-05-24T18:08:25+0200,8c5f6830-b44b-449b-bdab-a1b130ad33e1,2026-05-18T12:30:00Z,2026-05-18T14:30:00+0200,700.79,MW,DE,DE_LU,forecast_offshore_wind_generation,Wind Offshore,2026-05-24T16:09:31Z
2026-05-24T16:08:25Z,2026-05-24T18:08:25+0200,8c5f6830-b44b-449b-bdab-a1b130ad33e1,2026-05-18T12:45:00Z,2026-05-18T14:45:00+0200,685.41,MW,DE,DE_LU,forecast_offshore_wind_generation,Wind Offshore,2026-05-24T16:09:31Z
2026-05-24T16:08:25Z,2026-05-24T18:08:25+0200,8c5f6830-b44b-449b-bdab-a1b130ad33e1,2026-05-18T13:00:00Z,2026-05-18T15:00:00+0200,673.26,MW,DE,DE_LU,forecast_offshore_wind_generation,Wind Offshore,2026-05-24T16:09:31Z
2026-05-24T16:08:25Z,2026-05-24T18:08:25+0200,8c5f6830-b44b-449b-bdab-a1b130ad33e1,2026-05-18T13:15:00Z,2026-05-18T15:15:00+0200,659.43,MW,DE,DE_LU,forecast_offshore_wind_generation,Wind Offshore,2026-05-24T16:09:31Z
2026-05-24T16:08:25Z,2026-05-24T18:08:25+0200,8c5f6830-b44b-449b-bdab-a1b130ad33e1,2026-05-18T13:30:00Z,2026-05-18T15:30:00+0200,642.56,MW,DE,DE_LU,forecast_offshore_wind_generation,Wind Offshore,2026-05-24T16:09:31Z
2026-05-24T16:08:25Z,2026-05-24T18:08:25+0200,8c5f6830-b44b-449b-bdab-a1b130ad33e1,2026-05-18T13:45:00Z,2026-05-18T15:45:00+0200,629.75,MW,DE,DE_LU,forecast_offshore_wind_generation,Wind Offshore,2026-05-24T16:09:31Z
2026-05-24T16:08:25Z,2026-05-24T18:08:25+0200,8c5f6830-b44b-449b-bdab-a1b130ad33e1,2026-05-18T14:00:00Z,2026-05-18T16:00:00+0200,616.65,MW,DE,DE_LU,forecast_offshore_wind_generation,Wind Offshore,2026-05-24T16:09:31Z
2026-05-24T16:08:25Z,2026-05-24T18:08:25+0200,8c5f6830-b44b-449b-bdab-a1b130ad33e1,2026-05-18T14:15:00Z,2026-05-18T16:15:00+0200,611.46,MW,DE,DE_LU,forecast_offshore_wind_generation,Wind Offshore,2026-05-24T16:09:31Z
2026-05-24T16:08:25Z,2026-05-24T18:08:25+0200,8c5f6830-b44b-449b-bdab-a1b130ad33e1,2026-05-18T14:30:00Z,2026-05-18T16:30:00+0200,604.3,MW,DE,DE_LU,forecast_offshore_wind_generation,Wind Offshore,2026-05-24T16:09:31Z
2026-05-24T16:08:25Z,2026-05-24T18:08:25+0200,8c5f6830-b44b-449b-bdab-a1b130ad33e1,2026-05-18T14:45:00Z,2026-05-18T16:45:00+0200,595.2,MW,DE,DE_LU,forecast_offshore_wind_generation,Wind Offshore,2026-05-24T16:09:31Z
2026-05-24T16:08:25Z,2026-05-24T18:08:25+0200,8c5f6830-b44b-449b-bdab-a1b130ad33e1,2026-05-18T15:00:00Z,2026-05-18T17:00:00+0200,590.35,MW,DE,DE_LU,forecast_offshore_wind_generation,Wind Offshore,2026-05-24T16:09:31Z
2026-05-24T16:08:25Z,2026-05-24T18:08:25+0200,8c5f6830-b44b-449b-bdab-a1b130ad33e1,2026-05-18T15:15:00Z,2026-05-18T17:15:00+0200,580.07,MW,DE,DE_LU,forecast_offshore_wind_generation,Wind Offshore,2026-05-24T16:09:31Z
2026-05-24T16:08:25Z,2026-05-24T18:08:25+0200,8c5f6830-b44b-449b-bdab-a1b130ad33e1,2026-05-18T15:30:00Z,2026-05-18T17:30:00+0200,579.8,MW,DE,DE_LU,forecast_offshore_wind_generation,Wind Offshore,2026-05-24T16:09:31Z
2026-05-24T16:08:25Z,2026-05-24T18:08:25+0200,8c5f6830-b44b-449b-bdab-a1b130ad33e1,2026-05-18T15:45:00Z,2026-05-18T17:45:00+0200,572.41,MW,DE,DE_LU,forecast_offshore_wind_generation,Wind Offshore,2026-05-24T16:09:31Z
2026-05-24T16:08:25Z,2026-05-24T18:08:25+0200,8c5f6830-b44b-449b-bdab-a1b130ad33e1,2026-05-18T16:00:00Z,2026-05-18T18:00:00+0200,562.49,MW,DE,DE_LU,forecast_offshore_wind_generation,Wind Offshore,2026-05-24T16:09:31Z
2026-05-24T16:08:25Z,2026-05-24T18:08:25+0200,8c5f6830-b44b-449b-bdab-a1b130ad33e1,2026-05-18T16:15:00Z,2026-05-18T18:15:00+0200,553.39,MW,DE,DE_LU,forecast_offshore_wind_generation,Wind Offshore,2026-05-24T16:09:31Z
2026-05-24T16:08:25Z,2026-05-24T18:08:25+0200,8c5f6830-b44b-449b-bdab-a1b130ad33e1,2026-05-18T16:30:00Z,2026-05-18T18:30:00+0200,541.31,MW,DE,DE_LU,forecast_offshore_wind_generation,Wind Offshore,2026-05-24T16:09:31Z
2026-05-24T16:08:25Z,2026-05-24T18:08:25+0200,8c5f6830-b44b-449b-bdab-a1b130ad33e1,2026-05-18T16:45:00Z,2026-05-18T18:45:00+0200,534.29,MW,DE,DE_LU,forecast_offshore_wind_generation,Wind Offshore,2026-05-24T16:09:31Z
2026-05-24T16:08:25Z,2026-05-24T18:08:25+0200,8c5f6830-b44b-449b-bdab-a1b130ad33e1,2026-05-18T17:00:00Z,2026-05-18T19:00:00+0200,517.98,MW,DE,DE_LU,forecast_offshore_wind_generation,Wind Offshore,2026-05-24T16:09:31Z
2026-05-24T16:08:25Z,2026-05-24T18:08:25+0200,8c5f6830-b44b-449b-bdab-a1b130ad33e1,2026-05-18T17:15:00Z,2026-05-18T19:15:00+0200,506.35,MW,DE,DE_LU,forecast_offshore_wind_generation,Wind Offshore,2026-05-24T16:09:31Z
2026-05-24T16:08:25Z,2026-05-24T18:08:25+0200,8c5f6830-b44b-449b-bdab-a1b130ad33e1,2026-05-18T17:30:00Z,2026-05-18T19:30:00+0200,489.85,MW,DE,DE_LU,forecast_offshore_wind_generation,Wind Offshore,2026-05-24T16:09:31Z
2026-05-24T16:08:25Z,2026-05-24T18:08:25+0200,8c5f6830-b44b-449b-bdab-a1b130ad33e1,2026-05-18T17:45:00Z,2026-05-18T19:45:00+0200,478.38,MW,DE,DE_LU,forecast_offshore_wind_generation,Wind Offshore,2026-05-24T16:09:31Z
2026-05-24T16:08:25Z,2026-05-24T18:08:25+0200,8c5f6830-b44b-449b-bdab-a1b130ad33e1,2026-05-18T18:00:00Z,2026-05-18T20:00:00+0200,467.71,MW,DE,DE_LU,forecast_offshore_wind_generation,Wind Offshore,2026-05-24T16:09:31Z
2026-05-24T16:08:25Z,2026-05-24T18:08:25+0200,8c5f6830-b44b-449b-bdab-a1b130ad33e1,2026-05-18T18:15:00Z,2026-05-18T20:15:00+0200,454.24,MW,DE,DE_LU,forecast_offshore_wind_generation,Wind Offshore,2026-05-24T16:09:31Z
2026-05-24T16:08:25Z,2026-05-24T18:08:25+0200,8c5f6830-b44b-449b-bdab-a1b130ad33e1,2026-05-18T18:30:00Z,2026-05-18T20:30:00+0200,437.82,MW,DE,DE_LU,forecast_offshore_wind_generation,Wind Offshore,2026-05-24T16:09:31Z
2026-05-24T16:08:25Z,2026-05-24T18:08:25+0200,8c5f6830-b44b-449b-bdab-a1b130ad33e1,2026-05-18T18:45:00Z,2026-05-18T20:45:00+0200,419.69,MW,DE,DE_LU,forecast_offshore_wind_generation,Wind Offshore,2026-05-24T16:09:31Z
2026-05-24T16:08:25Z,2026-05-24T18:08:25+0200,8c5f6830-b44b-449b-bdab-a1b130ad33e1,2026-05-18T19:00:00Z,2026-05-18T21:00:00+0200,407.59,MW,DE,DE_LU,forecast_offshore_wind_generation,Wind Offshore,2026-05-24T16:09:31Z
2026-05-24T16:08:25Z,2026-05-24T18:08:25+0200,8c5f6830-b44b-449b-bdab-a1b130ad33e1,2026-05-18T19:15:00Z,2026-05-18T21:15:00+0200,395.11,MW,DE,DE_LU,forecast_offshore_wind_generation,Wind Offshore,2026-05-24T16:09:31Z
2026-05-24T16:08:25Z,2026-05-24T18:08:25+0200,8c5f6830-b44b-449b-bdab-a1b130ad33e1,2026-05-18T19:30:00Z,2026-05-18T21:30:00+0200,387.54,MW,DE,DE_LU,forecast_offshore_wind_generation,Wind Offshore,2026-05-24T16:09:31Z
2026-05-24T16:08:25Z,2026-05-24T18:08:25+0200,8c5f6830-b44b-449b-bdab-a1b130ad33e1,2026-05-18T19:45:00Z,2026-05-18T21:45:00+0200,373.99,MW,DE,DE_LU,forecast_offshore_wind_generation,Wind Offshore,2026-05-24T16:09:31Z
2026-05-24T16:08:25Z,2026-05-24T18:08:25+0200,8c5f6830-b44b-449b-bdab-a1b130ad33e1,2026-05-18T20:00:00Z,2026-05-18T22:00:00+0200,363.8,MW,DE,DE_LU,forecast_offshore_wind_generation,Wind Offshore,2026-05-24T16:09:31Z
2026-05-24T16:08:25Z,2026-05-24T18:08:25+0200,8c5f6830-b44b-449b-bdab-a1b130ad33e1,2026-05-18T20:15:00Z,2026-05-18T22:15:00+0200,351.64,MW,DE,DE_LU,forecast_offshore_wind_generation,Wind Offshore,2026-05-24T16:09:31Z
2026-05-24T16:08:25Z,2026-05-24T18:08:25+0200,8c5f6830-b44b-449b-bdab-a1b130ad33e1,2026-05-18T20:30:00Z,2026-05-18T22:30:00+0200,338.81,MW,DE,DE_LU,forecast_offshore_wind_generation,Wind Offshore,2026-05-24T16:09:31Z
2026-05-24T16:08:25Z,2026-05-24T18:08:25+0200,8c5f6830-b44b-449b-bdab-a1b130ad33e1,2026-05-18T20:45:00Z,2026-05-18T22:45:00+0200,328.93,MW,DE,DE_LU,forecast_offshore_wind_generation,Wind Offshore,2026-05-24T16:09:31Z
2026-05-24T16:08:25Z,2026-05-24T18:08:25+0200,8c5f6830-b44b-449b-bdab-a1b130ad33e1,2026-05-18T21:00:00Z,2026-05-18T23:00:00+0200,317.66,MW,DE,DE_LU,forecast_offshore_wind_generation,Wind Offshore,2026-05-24T16:09:31Z
2026-05-24T16:08:25Z,2026-05-24T18:08:25+0200,8c5f6830-b44b-449b-bdab-a1b130ad33e1,2026-05-18T21:15:00Z,2026-05-18T23:15:00+0200,311.88,MW,DE,DE_LU,forecast_offshore_wind_generation,Wind Offshore,2026-05-24T16:09:31Z
2026-05-24T16:08:25Z,2026-05-24T18:08:25+0200,8c5f6830-b44b-449b-bdab-a1b130ad33e1,2026-05-18T21:30:00Z,2026-05-18T23:30:00+0200,301.12,MW,DE,DE_LU,forecast_offshore_wind_generation,Wind Offshore,2026-05-24T16:09:31Z
2026-05-24T16:08:25Z,2026-05-24T18:08:25+0200,8c5f6830-b44b-449b-bdab-a1b130ad33e1,2026-05-18T21:45:00Z,2026-05-18T23:45:00+0200,294.44,MW,DE,DE_LU,forecast_offshore_wind_generation,Wind Offshore,2026-05-24T16:09:31Z
2026-05-24T16:08:25Z,2026-05-24T18:08:25+0200,8c5f6830-b44b-449b-bdab-a1b130ad33e1,2026-05-18T22:00:00Z,2026-05-19T00:00:00+0200,297.94,MW,DE,DE_LU,forecast_offshore_wind_generation,Wind Offshore,2026-05-24T16:09:31Z
2026-05-24T16:08:25Z,2026-05-24T18:08:25+0200,8c5f6830-b44b-449b-bdab-a1b130ad33e1,2026-05-18T22:15:00Z,2026-05-19T00:15:00+0200,288.59,MW,DE,DE_LU,forecast_offshore_wind_generation,Wind Offshore,2026-05-24T16:09:31Z
2026-05-24T16:08:25Z,2026-05-24T18:08:25+0200,8c5f6830-b44b-449b-bdab-a1b130ad33e1,2026-05-18T22:30:00Z,2026-05-19T00:30:00+0200,279.28,MW,DE,DE_LU,forecast_offshore_wind_generation,Wind Offshore,2026-05-24T16:09:31Z
2026-05-24T16:08:25Z,2026-05-24T18:08:25+0200,8c5f6830-b44b-449b-bdab-a1b130ad33e1,2026-05-18T22:45:00Z,2026-05-19T00:45:00+0200,268.09,MW,DE,DE_LU,forecast_offshore_wind_generation,Wind Offshore,2026-05-24T16:09:31Z
2026-05-24T16:08:25Z,2026-05-24T18:08:25+0200,8c5f6830-b44b-449b-bdab-a1b130ad33e1,2026-05-18T23:00:00Z,2026-05-19T01:00:00+0200,259.84,MW,DE,DE_LU,forecast_offshore_wind_generation,Wind Offshore,2026-05-24T16:09:31Z
2026-05-24T16:08:25Z,2026-05-24T18:08:25+0200,8c5f6830-b44b-449b-bdab-a1b130ad33e1,2026-05-18T23:15:00Z,2026-05-19T01:15:00+0200,250.48,MW,DE,DE_LU,forecast_offshore_wind_generation,Wind Offshore,2026-05-24T16:09:31Z
2026-05-24T16:08:25Z,2026-05-24T18:08:25+0200,8c5f6830-b44b-449b-bdab-a1b130ad33e1,2026-05-18T23:30:00Z,2026-05-19T01:30:00+0200,244.12,MW,DE,DE_LU,forecast_offshore_wind_generation,Wind Offshore,2026-05-24T16:09:31Z
2026-05-24T16:08:25Z,2026-05-24T18:08:25+0200,8c5f6830-b44b-449b-bdab-a1b130ad33e1,2026-05-18T23:45:00Z,2026-05-19T01:45:00+0200,234.78,MW,DE,DE_LU,forecast_offshore_wind_generation,Wind Offshore,2026-05-24T16:09:31Z
2026-05-24T16:08:25Z,2026-05-24T18:08:25+0200,8c5f6830-b44b-449b-bdab-a1b130ad33e1,2026-05-19T00:00:00Z,2026-05-19T02:00:00+0200,230.92,MW,DE,DE_LU,forecast_offshore_wind_generation,Wind Offshore,2026-05-24T16:09:31Z
2026-05-24T16:08:25Z,2026-05-24T18:08:25+0200,8c5f6830-b44b-449b-bdab-a1b130ad33e1,2026-05-19T00:15:00Z,2026-05-19T02:15:00+0200,225.86,MW,DE,DE_LU,forecast_offshore_wind_generation,Wind Offshore,2026-05-24T16:09:31Z
2026-05-24T16:08:25Z,2026-05-24T18:08:25+0200,8c5f6830-b44b-449b-bdab-a1b130ad33e1,2026-05-19T00:30:00Z,2026-05-19T02:30:00+0200,225.96,MW,DE,DE_LU,forecast_offshore_wind_generation,Wind Offshore,2026-05-24T16:09:31Z
2026-05-24T16:08:25Z,2026-05-24T18:08:25+0200,8c5f6830-b44b-449b-bdab-a1b130ad33e1,2026-05-19T00:45:00Z,2026-05-19T02:45:00+0200,221.2,MW,DE,DE_LU,forecast_offshore_wind_generation,Wind Offshore,2026-05-24T16:09:31Z
2026-05-24T16:08:25Z,2026-05-24T18:08:25+0200,8c5f6830-b44b-449b-bdab-a1b130ad33e1,2026-05-19T01:00:00Z,2026-05-19T03:00:00+0200,218.69,MW,DE,DE_LU,forecast_offshore_wind_generation,Wind Offshore,2026-05-24T16:09:31Z
2026-05-24T16:08:25Z,2026-05-24T18:08:25+0200,8c5f6830-b44b-449b-bdab-a1b130ad33e1,2026-05-19T01:15:00Z,2026-05-19T03:15:00+0200,222.44,MW,DE,DE_LU,forecast_offshore_wind_generation,Wind Offshore,2026-05-24T16:09:31Z
2026-05-24T16:08:25Z,2026-05-24T18:08:25+0200,8c5f6830-b44b-449b-bdab-a1b130ad33e1,2026-05-19T01:30:00Z,2026-05-19T03:30:00+0200,224.2,MW,DE,DE_LU,forecast_offshore_wind_generation,Wind Offshore,2026-05-24T16:09:31Z
2026-05-24T16:08:25Z,2026-05-24T18:08:25+0200,8c5f6830-b44b-449b-bdab-a1b130ad33e1,2026-05-19T01:45:00Z,2026-05-19T03:45:00+0200,227.02,MW,DE,DE_LU,forecast_offshore_wind_generation,Wind Offshore,2026-05-24T16:09:31Z
2026-05-24T16:08:25Z,2026-05-24T18:08:25+0200,8c5f6830-b44b-449b-bdab-a1b130ad33e1,2026-05-19T02:00:00Z,2026-05-19T04:00:00+0200,232.37,MW,DE,DE_LU,forecast_offshore_wind_generation,Wind Offshore,2026-05-24T16:09:31Z
2026-05-24T16:08:25Z,2026-05-24T18:08:25+0200,8c5f6830-b44b-449b-bdab-a1b130ad33e1,2026-05-19T02:15:00Z,2026-05-19T04:15:00+0200,239.97,MW,DE,DE_LU,forecast_offshore_wind_generation,Wind Offshore,2026-05-24T16:09:31Z
2026-05-24T16:08:25Z,2026-05-24T18:08:25+0200,8c5f6830-b44b-449b-bdab-a1b130ad33e1,2026-05-19T02:30:00Z,2026-05-19T04:30:00+0200,252.58,MW,DE,DE_LU,forecast_offshore_wind_generation,Wind Offshore,2026-05-24T16:09:31Z
2026-05-24T16:08:25Z,2026-05-24T18:08:25+0200,8c5f6830-b44b-449b-bdab-a1b130ad33e1,2026-05-19T02:45:00Z,2026-05-19T04:45:00+0200,257.21,MW,DE,DE_LU,forecast_offshore_wind_generation,Wind Offshore,2026-05-24T16:09:31Z
2026-05-24T16:08:25Z,2026-05-24T18:08:25+0200,8c5f6830-b44b-449b-bdab-a1b130ad33e1,2026-05-19T03:00:00Z,2026-05-19T05:00:00+0200,266.6,MW,DE,DE_LU,forecast_offshore_wind_generation,Wind Offshore,2026-05-24T16:09:31Z
2026-05-24T16:08:25Z,2026-05-24T18:08:25+0200,8c5f6830-b44b-449b-bdab-a1b130ad33e1,2026-05-19T03:15:00Z,2026-05-19T05:15:00+0200,275.11,MW,DE,DE_LU,forecast_offshore_wind_generation,Wind Offshore,2026-05-24T16:09:31Z
2026-05-24T16:08:25Z,2026-05-24T18:08:25+0200,8c5f6830-b44b-449b-bdab-a1b130ad33e1,2026-05-19T03:30:00Z,2026-05-19T05:30:00+0200,278.83,MW,DE,DE_LU,forecast_offshore_wind_generation,Wind Offshore,2026-05-24T16:09:31Z
2026-05-24T16:08:25Z,2026-05-24T18:08:25+0200,8c5f6830-b44b-449b-bdab-a1b130ad33e1,2026-05-19T03:45:00Z,2026-05-19T05:45:00+0200,285.56,MW,DE,DE_LU,forecast_offshore_wind_generation,Wind Offshore,2026-05-24T16:09:31Z
2026-05-24T16:08:25Z,2026-05-24T18:08:25+0200,8c5f6830-b44b-449b-bdab-a1b130ad33e1,2026-05-19T04:00:00Z,2026-05-19T06:00:00+0200,289.16,MW,DE,DE_LU,forecast_offshore_wind_generation,Wind Offshore,2026-05-24T16:09:31Z
2026-05-24T16:08:25Z,2026-05-24T18:08:25+0200,8c5f6830-b44b-449b-bdab-a1b130ad33e1,2026-05-19T04:15:00Z,2026-05-19T06:15:00+0200,305.11,MW,DE,DE_LU,forecast_offshore_wind_generation,Wind Offshore,2026-05-24T16:09:31Z
2026-05-24T16:08:25Z,2026-05-24T18:08:25+0200,8c5f6830-b44b-449b-bdab-a1b130ad33e1,2026-05-19T04:30:00Z,2026-05-19T06:30:00+0200,319.05,MW,DE,DE_LU,forecast_offshore_wind_generation,Wind Offshore,2026-05-24T16:09:31Z
2026-05-24T16:08:25Z,2026-05-24T18:08:25+0200,8c5f6830-b44b-449b-bdab-a1b130ad33e1,2026-05-19T04:45:00Z,2026-05-19T06:45:00+0200,330.28,MW,DE,DE_LU,forecast_offshore_wind_generation,Wind Offshore,2026-05-24T16:09:31Z
2026-05-24T16:08:25Z,2026-05-24T18:08:25+0200,8c5f6830-b44b-449b-bdab-a1b130ad33e1,2026-05-19T05:00:00Z,2026-05-19T07:00:00+0200,346.48,MW,DE,DE_LU,forecast_offshore_wind_generation,Wind Offshore,2026-05-24T16:09:31Z
2026-05-24T16:08:25Z,2026-05-24T18:08:25+0200,8c5f6830-b44b-449b-bdab-a1b130ad33e1,2026-05-19T05:15:00Z,2026-05-19T07:15:00+0200,360.86,MW,DE,DE_LU,forecast_offshore_wind_generation,Wind Offshore,2026-05-24T16:09:31Z
2026-05-24T16:08:25Z,2026-05-24T18:08:25+0200,8c5f6830-b44b-449b-bdab-a1b130ad33e1,2026-05-19T05:30:00Z,2026-05-19T07:30:00+0200,373.3,MW,DE,DE_LU,forecast_offshore_wind_generation,Wind Offshore,2026-05-24T16:09:31Z
2026-05-24T16:08:25Z,2026-05-24T18:08:25+0200,8c5f6830-b44b-449b-bdab-a1b130ad33e1,2026-05-19T05:45:00Z,2026-05-19T07:45:00+0200,390.72,MW,DE,DE_LU,forecast_offshore_wind_generation,Wind Offshore,2026-05-24T16:09:31Z
2026-05-24T16:08:25Z,2026-05-24T18:08:25+0200,8c5f6830-b44b-449b-bdab-a1b130ad33e1,2026-05-19T06:00:00Z,2026-05-19T08:00:00+0200,410.26,MW,DE,DE_LU,forecast_offshore_wind_generation,Wind Offshore,2026-05-24T16:09:31Z
2026-05-24T16:08:25Z,2026-05-24T18:08:25+0200,8c5f6830-b44b-449b-bdab-a1b130ad33e1,2026-05-19T06:15:00Z,2026-05-19T08:15:00+0200,428.93,MW,DE,DE_LU,forecast_offshore_wind_generation,Wind Offshore,2026-05-24T16:09:31Z
2026-05-24T16:08:25Z,2026-05-24T18:08:25+0200,8c5f6830-b44b-449b-bdab-a1b130ad33e1,2026-05-19T06:30:00Z,2026-05-19T08:30:00+0200,448.65,MW,DE,DE_LU,forecast_offshore_wind_generation,Wind Offshore,2026-05-24T16:09:31Z
2026-05-24T16:08:25Z,2026-05-24T18:08:25+0200,8c5f6830-b44b-449b-bdab-a1b130ad33e1,2026-05-19T06:45:00Z,2026-05-19T08:45:00+0200,470.38,MW,DE,DE_LU,forecast_offshore_wind_generation,Wind Offshore,2026-05-24T16:09:31Z
2026-05-24T16:08:25Z,2026-05-24T18:08:25+0200,8c5f6830-b44b-449b-bdab-a1b130ad33e1,2026-05-19T07:00:00Z,2026-05-19T09:00:00+0200,480.24,MW,DE,DE_LU,forecast_offshore_wind_generation,Wind Offshore,2026-05-24T16:09:31Z
2026-05-24T16:08:25Z,2026-05-24T18:08:25+0200,8c5f6830-b44b-449b-bdab-a1b130ad33e1,2026-05-19T07:15:00Z,2026-05-19T09:15:00+0200,499.87,MW,DE,DE_LU,forecast_offshore_wind_generation,Wind Offshore,2026-05-24T16:09:31Z
2026-05-24T16:08:25Z,2026-05-24T18:08:25+0200,8c5f6830-b44b-449b-bdab-a1b130ad33e1,2026-05-19T07:30:00Z,2026-05-19T09:30:00+0200,515.5,MW,DE,DE_LU,forecast_offshore_wind_generation,Wind Offshore,2026-05-24T16:09:31Z
2026-05-24T16:08:25Z,2026-05-24T18:08:25+0200,8c5f6830-b44b-449b-bdab-a1b130ad33e1,2026-05-19T07:45:00Z,2026-05-19T09:45:00+0200,536.18,MW,DE,DE_LU,forecast_offshore_wind_generation,Wind Offshore,2026-05-24T16:09:31Z
2026-05-24T16:08:25Z,2026-05-24T18:08:25+0200,8c5f6830-b44b-449b-bdab-a1b130ad33e1,2026-05-19T08:00:00Z,2026-05-19T10:00:00+0200,554.92,MW,DE,DE_LU,forecast_offshore_wind_generation,Wind Offshore,2026-05-24T16:09:31Z
2026-05-24T16:08:25Z,2026-05-24T18:08:25+0200,8c5f6830-b44b-449b-bdab-a1b130ad33e1,2026-05-19T08:15:00Z,2026-05-19T10:15:00+0200,574.9,MW,DE,DE_LU,forecast_offshore_wind_generation,Wind Offshore,2026-05-24T16:09:31Z
2026-05-24T16:08:25Z,2026-05-24T18:08:25+0200,8c5f6830-b44b-449b-bdab-a1b130ad33e1,2026-05-19T08:30:00Z,2026-05-19T10:30:00+0200,602.94,MW,DE,DE_LU,forecast_offshore_wind_generation,Wind Offshore,2026-05-24T16:09:31Z
2026-05-24T16:08:25Z,2026-05-24T18:08:25+0200,8c5f6830-b44b-449b-bdab-a1b130ad33e1,2026-05-19T08:45:00Z,2026-05-19T10:45:00+0200,623.92,MW,DE,DE_LU,forecast_offshore_wind_generation,Wind Offshore,2026-05-24T16:09:31Z
2026-05-24T16:08:25Z,2026-05-24T18:08:25+0200,8c5f6830-b44b-449b-bdab-a1b130ad33e1,2026-05-19T09:00:00Z,2026-05-19T11:00:00+0200,677.06,MW,DE,DE_LU,forecast_offshore_wind_generation,Wind Offshore,2026-05-24T16:09:31Z
2026-05-24T16:08:25Z,2026-05-24T18:08:25+0200,8c5f6830-b44b-449b-bdab-a1b130ad33e1,2026-05-19T09:15:00Z,2026-05-19T11:15:00+0200,709.78,MW,DE,DE_LU,forecast_offshore_wind_generation,Wind Offshore,2026-05-24T16:09:31Z
2026-05-24T16:08:25Z,2026-05-24T18:08:25+0200,8c5f6830-b44b-449b-bdab-a1b130ad33e1,2026-05-19T09:30:00Z,2026-05-19T11:30:00+0200,748.48,MW,DE,DE_LU,forecast_offshore_wind_generation,Wind Offshore,2026-05-24T16:09:31Z
2026-05-24T16:08:25Z,2026-05-24T18:08:25+0200,8c5f6830-b44b-449b-bdab-a1b130ad33e1,2026-05-19T09:45:00Z,2026-05-19T11:45:00+0200,777.17,MW,DE,DE_LU,forecast_offshore_wind_generation,Wind Offshore,2026-05-24T16:09:31Z
2026-05-24T16:08:25Z,2026-05-24T18:08:25+0200,8c5f6830-b44b-449b-bdab-a1b130ad33e1,2026-05-19T10:00:00Z,2026-05-19T12:00:00+0200,815.81,MW,DE,DE_LU,forecast_offshore_wind_generation,Wind Offshore,2026-05-24T16:09:31Z
2026-05-24T16:08:25Z,2026-05-24T18:08:25+0200,8c5f6830-b44b-449b-bdab-a1b130ad33e1,2026-05-19T10:15:00Z,2026-05-19T12:15:00+0200,852.17,MW,DE,DE_LU,forecast_offshore_wind_generation,Wind Offshore,2026-05-24T16:09:31Z
2026-05-24T16:08:25Z,2026-05-24T18:08:25+0200,8c5f6830-b44b-449b-bdab-a1b130ad33e1,2026-05-19T10:30:00Z,2026-05-19T12:30:00+0200,888.55,MW,DE,DE_LU,forecast_offshore_wind_generation,Wind Offshore,2026-05-24T16:09:31Z
2026-05-24T16:08:25Z,2026-05-24T18:08:25+0200,8c5f6830-b44b-449b-bdab-a1b130ad33e1,2026-05-19T10:45:00Z,2026-05-19T12:45:00+0200,923.95,MW,DE,DE_LU,forecast_offshore_wind_generation,Wind Offshore,2026-05-24T16:09:31Z
2026-05-24T16:08:25Z,2026-05-24T18:08:25+0200,8c5f6830-b44b-449b-bdab-a1b130ad33e1,2026-05-19T11:00:00Z,2026-05-19T13:00:00+0200,958.34,MW,DE,DE_LU,forecast_offshore_wind_generation,Wind Offshore,2026-05-24T16:09:31Z
2026-05-24T16:08:25Z,2026-05-24T18:08:25+0200,8c5f6830-b44b-449b-bdab-a1b130ad33e1,2026-05-19T11:15:00Z,2026-05-19T13:15:00+0200,994.77,MW,DE,DE_LU,forecast_offshore_wind_generation,Wind Offshore,2026-05-24T16:09:31Z
2026-05-24T16:08:25Z,2026-05-24T18:08:25+0200,8c5f6830-b44b-449b-bdab-a1b130ad33e1,2026-05-19T11:30:00Z,2026-05-19T13:30:00+0200,1031.19,MW,DE,DE_LU,forecast_offshore_wind_generation,Wind Offshore,2026-05-24T16:09:31Z
2026-05-24T16:08:25Z,2026-05-24T18:08:25+0200,8c5f6830-b44b-449b-bdab-a1b130ad33e1,2026-05-19T11:45:00Z,2026-05-19T13:45:00+0200,1066.6,MW,DE,DE_LU,forecast_offshore_wind_generation,Wind Offshore,2026-05-24T16:09:31Z
2026-05-24T16:08:25Z,2026-05-24T18:08:25+0200,8c5f6830-b44b-449b-bdab-a1b130ad33e1,2026-05-19T12:00:00Z,2026-05-19T14:00:00+0200,1101.05,MW,DE,DE_LU,forecast_offshore_wind_generation,Wind Offshore,2026-05-24T16:09:31Z
2026-05-24T16:08:25Z,2026-05-24T18:08:25+0200,8c5f6830-b44b-449b-bdab-a1b130ad33e1,2026-05-19T12:15:00Z,2026-05-19T14:15:00+0200,1124.38,MW,DE,DE_LU,forecast_offshore_wind_generation,Wind Offshore,2026-05-24T16:09:31Z
2026-05-24T16:08:25Z,2026-05-24T18:08:25+0200,8c5f6830-b44b-449b-bdab-a1b130ad33e1,2026-05-19T12:30:00Z,2026-05-19T14:30:00+0200,1151.73,MW,DE,DE_LU,forecast_offshore_wind_generation,Wind Offshore,2026-05-24T16:09:31Z
2026-05-24T16:08:25Z,2026-05-24T18:08:25+0200,8c5f6830-b44b-449b-bdab-a1b130ad33e1,2026-05-19T12:45:00Z,2026-05-19T14:45:00+0200,1177.05,MW,DE,DE_LU,forecast_offshore_wind_generation,Wind Offshore,2026-05-24T16:09:31Z
2026-05-24T16:08:25Z,2026-05-24T18:08:25+0200,8c5f6830-b44b-449b-bdab-a1b130ad33e1,2026-05-19T13:00:00Z,2026-05-19T15:00:00+0200,1214.51,MW,DE,DE_LU,forecast_offshore_wind_generation,Wind Offshore,2026-05-24T16:09:31Z
2026-05-24T16:08:25Z,2026-05-24T18:08:25+0200,8c5f6830-b44b-449b-bdab-a1b130ad33e1,2026-05-19T13:15:00Z,2026-05-19T15:15:00+0200,1246.55,MW,DE,DE_LU,forecast_offshore_wind_generation,Wind Offshore,2026-05-24T16:09:31Z
2026-05-24T16:08:25Z,2026-05-24T18:08:25+0200,8c5f6830-b44b-449b-bdab-a1b130ad33e1,2026-05-19T13:30:00Z,2026-05-19T15:30:00+0200,1279.6,MW,DE,DE_LU,forecast_offshore_wind_generation,Wind Offshore,2026-05-24T16:09:31Z
2026-05-24T16:08:25Z,2026-05-24T18:08:25+0200,8c5f6830-b44b-449b-bdab-a1b130ad33e1,2026-05-19T13:45:00Z,2026-05-19T15:45:00+0200,1318.65,MW,DE,DE_LU,forecast_offshore_wind_generation,Wind Offshore,2026-05-24T16:09:31Z
2026-05-24T16:08:25Z,2026-05-24T18:08:25+0200,8c5f6830-b44b-449b-bdab-a1b130ad33e1,2026-05-19T14:00:00Z,2026-05-19T16:00:00+0200,1360.93,MW,DE,DE_LU,forecast_offshore_wind_generation,Wind Offshore,2026-05-24T16:09:31Z
2026-05-24T16:08:25Z,2026-05-24T18:08:25+0200,8c5f6830-b44b-449b-bdab-a1b130ad33e1,2026-05-19T14:15:00Z,2026-05-19T16:15:00+0200,1409.47,MW,DE,DE_LU,forecast_offshore_wind_generation,Wind Offshore,2026-05-24T16:09:31Z
2026-05-24T16:08:25Z,2026-05-24T18:08:25+0200,8c5f6830-b44b-449b-bdab-a1b130ad33e1,2026-05-19T14:30:00Z,2026-05-19T16:30:00+0200,1453.01,MW,DE,DE_LU,forecast_offshore_wind_generation,Wind Offshore,2026-05-24T16:09:31Z
2026-05-24T16:08:25Z,2026-05-24T18:08:25+0200,8c5f6830-b44b-449b-bdab-a1b130ad33e1,2026-05-19T14:45:00Z,2026-05-19T16:45:00+0200,1529.52,MW,DE,DE_LU,forecast_offshore_wind_generation,Wind Offshore,2026-05-24T16:09:31Z
2026-05-24T16:08:25Z,2026-05-24T18:08:25+0200,8c5f6830-b44b-449b-bdab-a1b130ad33e1,2026-05-19T15:00:00Z,2026-05-19T17:00:00+0200,1571.39,MW,DE,DE_LU,forecast_offshore_wind_generation,Wind Offshore,2026-05-24T16:09:31Z
2026-05-24T16:08:25Z,2026-05-24T18:08:25+0200,8c5f6830-b44b-449b-bdab-a1b130ad33e1,2026-05-19T15:15:00Z,2026-05-19T17:15:00+0200,1625.63,MW,DE,DE_LU,forecast_offshore_wind_generation,Wind Offshore,2026-05-24T16:09:31Z
2026-05-24T16:08:25Z,2026-05-24T18:08:25+0200,8c5f6830-b44b-449b-bdab-a1b130ad33e1,2026-05-19T15:30:00Z,2026-05-19T17:30:00+0200,1672.76,MW,DE,DE_LU,forecast_offshore_wind_generation,Wind Offshore,2026-05-24T16:09:31Z
2026-05-24T16:08:25Z,2026-05-24T18:08:25+0200,8c5f6830-b44b-449b-bdab-a1b130ad33e1,2026-05-19T15:45:00Z,2026-05-19T17:45:00+0200,1720.97,MW,DE,DE_LU,forecast_offshore_wind_generation,Wind Offshore,2026-05-24T16:09:31Z
2026-05-24T16:08:25Z,2026-05-24T18:08:25+0200,8c5f6830-b44b-449b-bdab-a1b130ad33e1,2026-05-19T16:00:00Z,2026-05-19T18:00:00+0200,1773.64,MW,DE,DE_LU,forecast_offshore_wind_generation,Wind Offshore,2026-05-24T16:09:31Z
2026-05-24T16:08:25Z,2026-05-24T18:08:25+0200,8c5f6830-b44b-449b-bdab-a1b130ad33e1,2026-05-19T16:15:00Z,2026-05-19T18:15:00+0200,1847.3,MW,DE,DE_LU,forecast_offshore_wind_generation,Wind Offshore,2026-05-24T16:09:31Z
2026-05-24T16:08:25Z,2026-05-24T18:08:25+0200,8c5f6830-b44b-449b-bdab-a1b130ad33e1,2026-05-19T16:30:00Z,2026-05-19T18:30:00+0200,1919.0,MW,DE,DE_LU,forecast_offshore_wind_generation,Wind Offshore,2026-05-24T16:09:31Z
2026-05-24T16:08:25Z,2026-05-24T18:08:25+0200,8c5f6830-b44b-449b-bdab-a1b130ad33e1,2026-05-19T16:45:00Z,2026-05-19T18:45:00+0200,1989.71,MW,DE,DE_LU,forecast_offshore_wind_generation,Wind Offshore,2026-05-24T16:09:31Z
2026-05-24T16:08:25Z,2026-05-24T18:08:25+0200,8c5f6830-b44b-449b-bdab-a1b130ad33e1,2026-05-19T17:00:00Z,2026-05-19T19:00:00+0200,2063.28,MW,DE,DE_LU,forecast_offshore_wind_generation,Wind Offshore,2026-05-24T16:09:31Z
2026-05-24T16:08:25Z,2026-05-24T18:08:25+0200,8c5f6830-b44b-449b-bdab-a1b130ad33e1,2026-05-19T17:15:00Z,2026-05-19T19:15:00+0200,2157.22,MW,DE,DE_LU,forecast_offshore_wind_generation,Wind Offshore,2026-05-24T16:09:31Z
2026-05-24T16:08:25Z,2026-05-24T18:08:25+0200,8c5f6830-b44b-449b-bdab-a1b130ad33e1,2026-05-19T17:30:00Z,2026-05-19T19:30:00+0200,2244.23,MW,DE,DE_LU,forecast_offshore_wind_generation,Wind Offshore,2026-05-24T16:09:31Z
2026-05-24T16:08:25Z,2026-05-24T18:08:25+0200,8c5f6830-b44b-449b-bdab-a1b130ad33e1,2026-05-19T17:45:00Z,2026-05-19T19:45:00+0200,2329.25,MW,DE,DE_LU,forecast_offshore_wind_generation,Wind Offshore,2026-05-24T16:09:31Z
2026-05-24T16:08:25Z,2026-05-24T18:08:25+0200,8c5f6830-b44b-449b-bdab-a1b130ad33e1,2026-05-19T18:00:00Z,2026-05-19T20:00:00+0200,2418.75,MW,DE,DE_LU,forecast_offshore_wind_generation,Wind Offshore,2026-05-24T16:09:31Z
2026-05-24T16:08:25Z,2026-05-24T18:08:25+0200,8c5f6830-b44b-449b-bdab-a1b130ad33e1,2026-05-19T18:15:00Z,2026-05-19T20:15:00+0200,2552.16,MW,DE,DE_LU,forecast_offshore_wind_generation,Wind Offshore,2026-05-24T16:09:31Z
2026-05-24T16:08:25Z,2026-05-24T18:08:25+0200,8c5f6830-b44b-449b-bdab-a1b130ad33e1,2026-05-19T18:30:00Z,2026-05-19T20:30:00+0200,2684.61,MW,DE,DE_LU,forecast_offshore_wind_generation,Wind Offshore,2026-05-24T16:09:31Z
2026-05-24T16:08:25Z,2026-05-24T18:08:25+0200,8c5f6830-b44b-449b-bdab-a1b130ad33e1,2026-05-19T18:45:00Z,2026-05-19T20:45:00+0200,2817.25,MW,DE,DE_LU,forecast_offshore_wind_generation,Wind Offshore,2026-05-24T16:09:31Z
2026-05-24T16:08:25Z,2026-05-24T18:08:25+0200,8c5f6830-b44b-449b-bdab-a1b130ad33e1,2026-05-19T19:00:00Z,2026-05-19T21:00:00+0200,2943.05,MW,DE,DE_LU,forecast_offshore_wind_generation,Wind Offshore,2026-05-24T16:09:31Z
2026-05-24T16:08:25Z,2026-05-24T18:08:25+0200,8c5f6830-b44b-449b-bdab-a1b130ad33e1,2026-05-19T19:15:00Z,2026-05-19T21:15:00+0200,3080.8,MW,DE,DE_LU,forecast_offshore_wind_generation,Wind Offshore,2026-05-24T16:09:31Z
2026-05-24T16:08:25Z,2026-05-24T18:08:25+0200,8c5f6830-b44b-449b-bdab-a1b130ad33e1,2026-05-19T19:30:00Z,2026-05-19T21:30:00+0200,3213.55,MW,DE,DE_LU,forecast_offshore_wind_generation,Wind Offshore,2026-05-24T16:09:31Z
2026-05-24T16:08:25Z,2026-05-24T18:08:25+0200,8c5f6830-b44b-449b-bdab-a1b130ad33e1,2026-05-19T19:45:00Z,2026-05-19T21:45:00+0200,3350.24,MW,DE,DE_LU,forecast_offshore_wind_generation,Wind Offshore,2026-05-24T16:09:31Z
2026-05-24T16:08:25Z,2026-05-24T18:08:25+0200,8c5f6830-b44b-449b-bdab-a1b130ad33e1,2026-05-19T20:00:00Z,2026-05-19T22:00:00+0200,3478.36,MW,DE,DE_LU,forecast_offshore_wind_generation,Wind Offshore,2026-05-24T16:09:31Z
2026-05-24T16:08:25Z,2026-05-24T18:08:25+0200,8c5f6830-b44b-449b-bdab-a1b130ad33e1,2026-05-19T20:15:00Z,2026-05-19T22:15:00+0200,3579.2,MW,DE,DE_LU,forecast_offshore_wind_generation,Wind Offshore,2026-05-24T16:09:31Z
2026-05-24T16:08:25Z,2026-05-24T18:08:25+0200,8c5f6830-b44b-449b-bdab-a1b130ad33e1,2026-05-19T20:30:00Z,2026-05-19T22:30:00+0200,3678.03,MW,DE,DE_LU,forecast_offshore_wind_generation,Wind Offshore,2026-05-24T16:09:31Z
2026-05-24T16:08:25Z,2026-05-24T18:08:25+0200,8c5f6830-b44b-449b-bdab-a1b130ad33e1,2026-05-19T20:45:00Z,2026-05-19T22:45:00+0200,3776.9,MW,DE,DE_LU,forecast_offshore_wind_generation,Wind Offshore,2026-05-24T16:09:31Z
2026-05-24T16:08:25Z,2026-05-24T18:08:25+0200,8c5f6830-b44b-449b-bdab-a1b130ad33e1,2026-05-19T21:00:00Z,2026-05-19T23:00:00+0200,3871.23,MW,DE,DE_LU,forecast_offshore_wind_generation,Wind Offshore,2026-05-24T16:09:31Z
2026-05-24T16:08:25Z,2026-05-24T18:08:25+0200,8c5f6830-b44b-449b-bdab-a1b130ad33e1,2026-05-19T21:15:00Z,2026-05-19T23:15:00+0200,3946.99,MW,DE,DE_LU,forecast_offshore_wind_generation,Wind Offshore,2026-05-24T16:09:31Z
2026-05-24T16:08:25Z,2026-05-24T18:08:25+0200,8c5f6830-b44b-449b-bdab-a1b130ad33e1,2026-05-19T21:30:00Z,2026-05-19T23:30:00+0200,4028.75,MW,DE,DE_LU,forecast_offshore_wind_generation,Wind Offshore,2026-05-24T16:09:31Z
2026-05-24T16:08:25Z,2026-05-24T18:08:25+0200,8c5f6830-b44b-449b-bdab-a1b130ad33e1,2026-05-19T21:45:00Z,2026-05-19T23:45:00+0200,4099.56,MW,DE,DE_LU,forecast_offshore_wind_generation,Wind Offshore,2026-05-24T16:09:31Z
2026-05-24T16:08:25Z,2026-05-24T18:08:25+0200,8c5f6830-b44b-449b-bdab-a1b130ad33e1,2026-05-19T22:00:00Z,2026-05-20T00:00:00+0200,4316.66,MW,DE,DE_LU,forecast_offshore_wind_generation,Wind Offshore,2026-05-24T16:09:31Z
2026-05-24T16:08:25Z,2026-05-24T18:08:25+0200,8c5f6830-b44b-449b-bdab-a1b130ad33e1,2026-05-19T22:15:00Z,2026-05-20T00:15:00+0200,4343.33,MW,DE,DE_LU,forecast_offshore_wind_generation,Wind Offshore,2026-05-24T16:09:31Z
2026-05-24T16:08:25Z,2026-05-24T18:08:25+0200,8c5f6830-b44b-449b-bdab-a1b130ad33e1,2026-05-19T22:30:00Z,2026-05-20T00:30:00+0200,4373.0,MW,DE,DE_LU,forecast_offshore_wind_generation,Wind Offshore,2026-05-24T16:09:31Z
2026-05-24T16:08:25Z,2026-05-24T18:08:25+0200,8c5f6830-b44b-449b-bdab-a1b130ad33e1,2026-05-19T22:45:00Z,2026-05-20T00:45:00+0200,4397.66,MW,DE,DE_LU,forecast_offshore_wind_generation,Wind Offshore,2026-05-24T16:09:31Z
2026-05-24T16:08:25Z,2026-05-24T18:08:25+0200,8c5f6830-b44b-449b-bdab-a1b130ad33e1,2026-05-19T23:00:00Z,2026-05-20T01:00:00+0200,4418.4,MW,DE,DE_LU,forecast_offshore_wind_generation,Wind Offshore,2026-05-24T16:09:31Z
2026-05-24T16:08:25Z,2026-05-24T18:08:25+0200,8c5f6830-b44b-449b-bdab-a1b130ad33e1,2026-05-19T23:15:00Z,2026-05-20T01:15:00+0200,4437.26,MW,DE,DE_LU,forecast_offshore_wind_generation,Wind Offshore,2026-05-24T16:09:31Z
2026-05-24T16:08:25Z,2026-05-24T18:08:25+0200,8c5f6830-b44b-449b-bdab-a1b130ad33e1,2026-05-19T23:30:00Z,2026-05-20T01:30:00+0200,4451.22,MW,DE,DE_LU,forecast_offshore_wind_generation,Wind Offshore,2026-05-24T16:09:31Z
2026-05-24T16:08:25Z,2026-05-24T18:08:25+0200,8c5f6830-b44b-449b-bdab-a1b130ad33e1,2026-05-19T23:45:00Z,2026-05-20T01:45:00+0200,4460.24,MW,DE,DE_LU,forecast_offshore_wind_generation,Wind Offshore,2026-05-24T16:09:31Z
2026-05-24T16:08:25Z,2026-05-24T18:08:25+0200,8c5f6830-b44b-449b-bdab-a1b130ad33e1,2026-05-20T00:00:00Z,2026-05-20T02:00:00+0200,4462.33,MW,DE,DE_LU,forecast_offshore_wind_generation,Wind Offshore,2026-05-24T16:09:31Z
2026-05-24T16:08:25Z,2026-05-24T18:08:25+0200,8c5f6830-b44b-449b-bdab-a1b130ad33e1,2026-05-20T00:15:00Z,2026-05-20T02:15:00+0200,4475.27,MW,DE,DE_LU,forecast_offshore_wind_generation,Wind Offshore,2026-05-24T16:09:31Z
2026-05-24T16:08:25Z,2026-05-24T18:08:25+0200,8c5f6830-b44b-449b-bdab-a1b130ad33e1,2026-05-20T00:30:00Z,2026-05-20T02:30:00+0200,4484.21,MW,DE,DE_LU,forecast_offshore_wind_generation,Wind Offshore,2026-05-24T16:09:31Z
2026-05-24T16:08:25Z,2026-05-24T18:08:25+0200,8c5f6830-b44b-449b-bdab-a1b130ad33e1,2026-05-20T00:45:00Z,2026-05-20T02:45:00+0200,4497.22,MW,DE,DE_LU,forecast_offshore_wind_generation,Wind Offshore,2026-05-24T16:09:31Z
2026-05-24T16:08:25Z,2026-05-24T18:08:25+0200,8c5f6830-b44b-449b-bdab-a1b130ad33e1,2026-05-20T01:00:00Z,2026-05-20T03:00:00+0200,4501.83,MW,DE,DE_LU,forecast_offshore_wind_generation,Wind Offshore,2026-05-24T16:09:31Z
2026-05-24T16:08:25Z,2026-05-24T18:08:25+0200,8c5f6830-b44b-449b-bdab-a1b130ad33e1,2026-05-20T01:15:00Z,2026-05-20T03:15:00+0200,4481.19,MW,DE,DE_LU,forecast_offshore_wind_generation,Wind Offshore,2026-05-24T16:09:31Z
2026-05-24T16:08:25Z,2026-05-24T18:08:25+0200,8c5f6830-b44b-449b-bdab-a1b130ad33e1,2026-05-20T01:30:00Z,2026-05-20T03:30:00+0200,4464.57,MW,DE,DE_LU,forecast_offshore_wind_generation,Wind Offshore,2026-05-24T16:09:31Z
2026-05-24T16:08:25Z,2026-05-24T18:08:25+0200,8c5f6830-b44b-449b-bdab-a1b130ad33e1,2026-05-20T01:45:00Z,2026-05-20T03:45:00+0200,4442.92,MW,DE,DE_LU,forecast_offshore_wind_generation,Wind Offshore,2026-05-24T16:09:31Z
2026-05-24T16:08:25Z,2026-05-24T18:08:25+0200,8c5f6830-b44b-449b-bdab-a1b130ad33e1,2026-05-20T02:00:00Z,2026-05-20T04:00:00+0200,4414.34,MW,DE,DE_LU,forecast_offshore_wind_generation,Wind Offshore,2026-05-24T16:09:31Z
2026-05-24T16:08:25Z,2026-05-24T18:08:25+0200,8c5f6830-b44b-449b-bdab-a1b130ad33e1,2026-05-20T02:15:00Z,2026-05-20T04:15:00+0200,4378.78,MW,DE,DE_LU,forecast_offshore_wind_generation,Wind Offshore,2026-05-24T16:09:31Z
2026-05-24T16:08:25Z,2026-05-24T18:08:25+0200,8c5f6830-b44b-449b-bdab-a1b130ad33e1,2026-05-20T02:30:00Z,2026-05-20T04:30:00+0200,4341.24,MW,DE,DE_LU,forecast_offshore_wind_generation,Wind Offshore,2026-05-24T16:09:31Z
2026-05-24T16:08:25Z,2026-05-24T18:08:25+0200,8c5f6830-b44b-449b-bdab-a1b130ad33e1,2026-05-20T02:45:00Z,2026-05-20T04:45:00+0200,4303.83,MW,DE,DE_LU,forecast_offshore_wind_generation,Wind Offshore,2026-05-24T16:09:31Z
2026-05-24T16:08:25Z,2026-05-24T18:08:25+0200,8c5f6830-b44b-449b-bdab-a1b130ad33e1,2026-05-20T03:00:00Z,2026-05-20T05:00:00+0200,4267.41,MW,DE,DE_LU,forecast_offshore_wind_generation,Wind Offshore,2026-05-24T16:09:31Z
2026-05-24T16:08:25Z,2026-05-24T18:08:25+0200,8c5f6830-b44b-449b-bdab-a1b130ad33e1,2026-05-20T03:15:00Z,2026-05-20T05:15:00+0200,4228.17,MW,DE,DE_LU,forecast_offshore_wind_generation,Wind Offshore,2026-05-24T16:09:31Z
2026-05-24T16:08:25Z,2026-05-24T18:08:25+0200,8c5f6830-b44b-449b-bdab-a1b130ad33e1,2026-05-20T03:30:00Z,2026-05-20T05:30:00+0200,4192.94,MW,DE,DE_LU,forecast_offshore_wind_generation,Wind Offshore,2026-05-24T16:09:31Z
2026-05-24T16:08:25Z,2026-05-24T18:08:25+0200,8c5f6830-b44b-449b-bdab-a1b130ad33e1,2026-05-20T03:45:00Z,2026-05-20T05:45:00+0200,4151.77,MW,DE,DE_LU,forecast_offshore_wind_generation,Wind Offshore,2026-05-24T16:09:31Z
2026-05-24T16:08:25Z,2026-05-24T18:08:25+0200,8c5f6830-b44b-449b-bdab-a1b130ad33e1,2026-05-20T04:00:00Z,2026-05-20T06:00:00+0200,4121.27,MW,DE,DE_LU,forecast_offshore_wind_generation,Wind Offshore,2026-05-24T16:09:31Z
2026-05-24T16:08:25Z,2026-05-24T18:08:25+0200,8c5f6830-b44b-449b-bdab-a1b130ad33e1,2026-05-20T04:15:00Z,2026-05-20T06:15:00+0200,4096.06,MW,DE,DE_LU,forecast_offshore_wind_generation,Wind Offshore,2026-05-24T16:09:31Z
2026-05-24T16:08:25Z,2026-05-24T18:08:25+0200,8c5f6830-b44b-449b-bdab-a1b130ad33e1,2026-05-20T04:30:00Z,2026-05-20T06:30:00+0200,4071.89,MW,DE,DE_LU,forecast_offshore_wind_generation,Wind Offshore,2026-05-24T16:09:31Z
2026-05-24T16:08:25Z,2026-05-24T18:08:25+0200,8c5f6830-b44b-449b-bdab-a1b130ad33e1,2026-05-20T04:45:00Z,2026-05-20T06:45:00+0200,4045.21,MW,DE,DE_LU,forecast_offshore_wind_generation,Wind Offshore,2026-05-24T16:09:31Z
2026-05-24T16:08:25Z,2026-05-24T18:08:25+0200,8c5f6830-b44b-449b-bdab-a1b130ad33e1,2026-05-20T05:00:00Z,2026-05-20T07:00:00+0200,4012.65,MW,DE,DE_LU,forecast_offshore_wind_generation,Wind Offshore,2026-05-24T16:09:31Z
2026-05-24T16:08:25Z,2026-05-24T18:08:25+0200,8c5f6830-b44b-449b-bdab-a1b130ad33e1,2026-05-20T05:15:00Z,2026-05-20T07:15:00+0200,4000.44,MW,DE,DE_LU,forecast_offshore_wind_generation,Wind Offshore,2026-05-24T16:09:31Z
2026-05-24T16:08:25Z,2026-05-24T18:08:25+0200,8c5f6830-b44b-449b-bdab-a1b130ad33e1,2026-05-20T05:30:00Z,2026-05-20T07:30:00+0200,3982.24,MW,DE,DE_LU,forecast_offshore_wind_generation,Wind Offshore,2026-05-24T16:09:31Z
2026-05-24T16:08:25Z,2026-05-24T18:08:25+0200,8c5f6830-b44b-449b-bdab-a1b130ad33e1,2026-05-20T05:45:00Z,2026-05-20T07:45:00+0200,3967.38,MW,DE,DE_LU,forecast_offshore_wind_generation,Wind Offshore,2026-05-24T16:09:31Z
2026-05-24T16:08:25Z,2026-05-24T18:08:25+0200,8c5f6830-b44b-449b-bdab-a1b130ad33e1,2026-05-20T06:00:00Z,2026-05-20T08:00:00+0200,3933.5,MW,DE,DE_LU,forecast_offshore_wind_generation,Wind Offshore,2026-05-24T16:09:31Z
2026-05-24T16:08:25Z,2026-05-24T18:08:25+0200,8c5f6830-b44b-449b-bdab-a1b130ad33e1,2026-05-20T06:15:00Z,2026-05-20T08:15:00+0200,3883.61,MW,DE,DE_LU,forecast_offshore_wind_generation,Wind Offshore,2026-05-24T16:09:31Z
2026-05-24T16:08:25Z,2026-05-24T18:08:25+0200,8c5f6830-b44b-449b-bdab-a1b130ad33e1,2026-05-20T06:30:00Z,2026-05-20T08:30:00+0200,3835.72,MW,DE,DE_LU,forecast_offshore_wind_generation,Wind Offshore,2026-05-24T16:09:31Z
2026-05-24T16:08:25Z,2026-05-24T18:08:25+0200,8c5f6830-b44b-449b-bdab-a1b130ad33e1,2026-05-20T06:45:00Z,2026-05-20T08:45:00+0200,3786.73,MW,DE,DE_LU,forecast_offshore_wind_generation,Wind Offshore,2026-05-24T16:09:31Z
2026-05-24T16:08:25Z,2026-05-24T18:08:25+0200,8c5f6830-b44b-449b-bdab-a1b130ad33e1,2026-05-20T07:00:00Z,2026-05-20T09:00:00+0200,3715.83,MW,DE,DE_LU,forecast_offshore_wind_generation,Wind Offshore,2026-05-24T16:09:31Z
2026-05-24T16:08:25Z,2026-05-24T18:08:25+0200,8c5f6830-b44b-449b-bdab-a1b130ad33e1,2026-05-20T07:15:00Z,2026-05-20T09:15:00+0200,3651.74,MW,DE,DE_LU,forecast_offshore_wind_generation,Wind Offshore,2026-05-24T16:09:31Z
2026-05-24T16:08:25Z,2026-05-24T18:08:25+0200,8c5f6830-b44b-449b-bdab-a1b130ad33e1,2026-05-20T07:30:00Z,2026-05-20T09:30:00+0200,3590.67,MW,DE,DE_LU,forecast_offshore_wind_generation,Wind Offshore,2026-05-24T16:09:31Z
2026-05-24T16:08:25Z,2026-05-24T18:08:25+0200,8c5f6830-b44b-449b-bdab-a1b130ad33e1,2026-05-20T07:45:00Z,2026-05-20T09:45:00+0200,3525.47,MW,DE,DE_LU,forecast_offshore_wind_generation,Wind Offshore,2026-05-24T16:09:31Z
2026-05-24T16:08:25Z,2026-05-24T18:08:25+0200,8c5f6830-b44b-449b-bdab-a1b130ad33e1,2026-05-20T08:00:00Z,2026-05-20T10:00:00+0200,3455.87,MW,DE,DE_LU,forecast_offshore_wind_generation,Wind Offshore,2026-05-24T16:09:31Z
2026-05-24T16:08:25Z,2026-05-24T18:08:25+0200,8c5f6830-b44b-449b-bdab-a1b130ad33e1,2026-05-20T08:15:00Z,2026-05-20T10:15:00+0200,3379.16,MW,DE,DE_LU,forecast_offshore_wind_generation,Wind Offshore,2026-05-24T16:09:31Z
2026-05-24T16:08:25Z,2026-05-24T18:08:25+0200,8c5f6830-b44b-449b-bdab-a1b130ad33e1,2026-05-20T08:30:00Z,2026-05-20T10:30:00+0200,3297.49,MW,DE,DE_LU,forecast_offshore_wind_generation,Wind Offshore,2026-05-24T16:09:31Z
2026-05-24T16:08:25Z,2026-05-24T18:08:25+0200,8c5f6830-b44b-449b-bdab-a1b130ad33e1,2026-05-20T08:45:00Z,2026-05-20T10:45:00+0200,3216.7,MW,DE,DE_LU,forecast_offshore_wind_generation,Wind Offshore,2026-05-24T16:09:31Z
2026-05-24T16:08:25Z,2026-05-24T18:08:25+0200,8c5f6830-b44b-449b-bdab-a1b130ad33e1,2026-05-20T09:00:00Z,2026-05-20T11:00:00+0200,3138.99,MW,DE,DE_LU,forecast_offshore_wind_generation,Wind Offshore,2026-05-24T16:09:31Z
2026-05-24T16:08:25Z,2026-05-24T18:08:25+0200,8c5f6830-b44b-449b-bdab-a1b130ad33e1,2026-05-20T09:15:00Z,2026-05-20T11:15:00+0200,3058.3,MW,DE,DE_LU,forecast_offshore_wind_generation,Wind Offshore,2026-05-24T16:09:31Z
2026-05-24T16:08:25Z,2026-05-24T18:08:25+0200,8c5f6830-b44b-449b-bdab-a1b130ad33e1,2026-05-20T09:30:00Z,2026-05-20T11:30:00+0200,2971.62,MW,DE,DE_LU,forecast_offshore_wind_generation,Wind Offshore,2026-05-24T16:09:31Z
2026-05-24T16:08:25Z,2026-05-24T18:08:25+0200,8c5f6830-b44b-449b-bdab-a1b130ad33e1,2026-05-20T09:45:00Z,2026-05-20T11:45:00+0200,2866.97,MW,DE,DE_LU,forecast_offshore_wind_generation,Wind Offshore,2026-05-24T16:09:31Z
2026-05-24T16:08:25Z,2026-05-24T18:08:25+0200,8c5f6830-b44b-449b-bdab-a1b130ad33e1,2026-05-20T10:00:00Z,2026-05-20T12:00:00+0200,2792.74,MW,DE,DE_LU,forecast_offshore_wind_generation,Wind Offshore,2026-05-24T16:09:31Z
2026-05-24T16:08:25Z,2026-05-24T18:08:25+0200,8c5f6830-b44b-449b-bdab-a1b130ad33e1,2026-05-20T10:15:00Z,2026-05-20T12:15:00+0200,2736.61,MW,DE,DE_LU,forecast_offshore_wind_generation,Wind Offshore,2026-05-24T16:09:31Z
2026-05-24T16:08:25Z,2026-05-24T18:08:25+0200,8c5f6830-b44b-449b-bdab-a1b130ad33e1,2026-05-20T10:30:00Z,2026-05-20T12:30:00+0200,2683.49,MW,DE,DE_LU,forecast_offshore_wind_generation,Wind Offshore,2026-05-24T16:09:31Z
2026-05-24T16:08:25Z,2026-05-24T18:08:25+0200,8c5f6830-b44b-449b-bdab-a1b130ad33e1,2026-05-20T10:45:00Z,2026-05-20T12:45:00+0200,2624.6,MW,DE,DE_LU,forecast_offshore_wind_generation,Wind Offshore,2026-05-24T16:09:31Z
2026-05-24T16:08:25Z,2026-05-24T18:08:25+0200,8c5f6830-b44b-449b-bdab-a1b130ad33e1,2026-05-20T11:00:00Z,2026-05-20T13:00:00+0200,2571.1,MW,DE,DE_LU,forecast_offshore_wind_generation,Wind Offshore,2026-05-24T16:09:31Z
2026-05-24T16:08:25Z,2026-05-24T18:08:25+0200,8c5f6830-b44b-449b-bdab-a1b130ad33e1,2026-05-20T11:15:00Z,2026-05-20T13:15:00+0200,2510.28,MW,DE,DE_LU,forecast_offshore_wind_generation,Wind Offshore,2026-05-24T16:09:31Z
2026-05-24T16:08:25Z,2026-05-24T18:08:25+0200,8c5f6830-b44b-449b-bdab-a1b130ad33e1,2026-05-20T11:30:00Z,2026-05-20T13:30:00+0200,2471.48,MW,DE,DE_LU,forecast_offshore_wind_generation,Wind Offshore,2026-05-24T16:09:31Z
2026-05-24T16:08:25Z,2026-05-24T18:08:25+0200,8c5f6830-b44b-449b-bdab-a1b130ad33e1,2026-05-20T11:45:00Z,2026-05-20T13:45:00+0200,2431.69,MW,DE,DE_LU,forecast_offshore_wind_generation,Wind Offshore,2026-05-24T16:09:31Z
2026-05-24T16:08:25Z,2026-05-24T18:08:25+0200,8c5f6830-b44b-449b-bdab-a1b130ad33e1,2026-05-20T12:00:00Z,2026-05-20T14:00:00+0200,2404.23,MW,DE,DE_LU,forecast_offshore_wind_generation,Wind Offshore,2026-05-24T16:09:31Z
2026-05-24T16:08:25Z,2026-05-24T18:08:25+0200,8c5f6830-b44b-449b-bdab-a1b130ad33e1,2026-05-20T12:15:00Z,2026-05-20T14:15:00+0200,2413.33,MW,DE,DE_LU,forecast_offshore_wind_generation,Wind Offshore,2026-05-24T16:09:31Z
2026-05-24T16:08:25Z,2026-05-24T18:08:25+0200,8c5f6830-b44b-449b-bdab-a1b130ad33e1,2026-05-20T12:30:00Z,2026-05-20T14:30:00+0200,2418.54,MW,DE,DE_LU,forecast_offshore_wind_generation,Wind Offshore,2026-05-24T16:09:31Z
2026-05-24T16:08:25Z,2026-05-24T18:08:25+0200,8c5f6830-b44b-449b-bdab-a1b130ad33e1,2026-05-20T12:45:00Z,2026-05-20T14:45:00+0200,2426.86,MW,DE,DE_LU,forecast_offshore_wind_generation,Wind Offshore,2026-05-24T16:09:31Z
2026-05-24T16:08:25Z,2026-05-24T18:08:25+0200,8c5f6830-b44b-449b-bdab-a1b130ad33e1,2026-05-20T13:00:00Z,2026-05-20T15:00:00+0200,2446.79,MW,DE,DE_LU,forecast_offshore_wind_generation,Wind Offshore,2026-05-24T16:09:31Z
2026-05-24T16:08:25Z,2026-05-24T18:08:25+0200,8c5f6830-b44b-449b-bdab-a1b130ad33e1,2026-05-20T13:15:00Z,2026-05-20T15:15:00+0200,2474.66,MW,DE,DE_LU,forecast_offshore_wind_generation,Wind Offshore,2026-05-24T16:09:31Z
2026-05-24T16:08:25Z,2026-05-24T18:08:25+0200,8c5f6830-b44b-449b-bdab-a1b130ad33e1,2026-05-20T13:30:00Z,2026-05-20T15:30:00+0200,2505.56,MW,DE,DE_LU,forecast_offshore_wind_generation,Wind Offshore,2026-05-24T16:09:31Z
2026-05-24T16:08:25Z,2026-05-24T18:08:25+0200,8c5f6830-b44b-449b-bdab-a1b130ad33e1,2026-05-20T13:45:00Z,2026-05-20T15:45:00+0200,2541.42,MW,DE,DE_LU,forecast_offshore_wind_generation,Wind Offshore,2026-05-24T16:09:31Z
2026-05-24T16:08:25Z,2026-05-24T18:08:25+0200,8c5f6830-b44b-449b-bdab-a1b130ad33e1,2026-05-20T14:00:00Z,2026-05-20T16:00:00+0200,2565.37,MW,DE,DE_LU,forecast_offshore_wind_generation,Wind Offshore,2026-05-24T16:09:31Z
2026-05-24T16:08:25Z,2026-05-24T18:08:25+0200,8c5f6830-b44b-449b-bdab-a1b130ad33e1,2026-05-20T14:15:00Z,2026-05-20T16:15:00+0200,2573.5,MW,DE,DE_LU,forecast_offshore_wind_generation,Wind Offshore,2026-05-24T16:09:31Z
2026-05-24T16:08:25Z,2026-05-24T18:08:25+0200,8c5f6830-b44b-449b-bdab-a1b130ad33e1,2026-05-20T14:30:00Z,2026-05-20T16:30:00+0200,2581.58,MW,DE,DE_LU,forecast_offshore_wind_generation,Wind Offshore,2026-05-24T16:09:31Z
2026-05-24T16:08:25Z,2026-05-24T18:08:25+0200,8c5f6830-b44b-449b-bdab-a1b130ad33e1,2026-05-20T14:45:00Z,2026-05-20T16:45:00+0200,2584.91,MW,DE,DE_LU,forecast_offshore_wind_generation,Wind Offshore,2026-05-24T16:09:31Z
2026-05-24T16:08:25Z,2026-05-24T18:08:25+0200,8c5f6830-b44b-449b-bdab-a1b130ad33e1,2026-05-20T15:00:00Z,2026-05-20T17:00:00+0200,2582.38,MW,DE,DE_LU,forecast_offshore_wind_generation,Wind Offshore,2026-05-24T16:09:31Z
2026-05-24T16:08:25Z,2026-05-24T18:08:25+0200,8c5f6830-b44b-449b-bdab-a1b130ad33e1,2026-05-20T15:15:00Z,2026-05-20T17:15:00+0200,2556.81,MW,DE,DE_LU,forecast_offshore_wind_generation,Wind Offshore,2026-05-24T16:09:31Z
2026-05-24T16:08:25Z,2026-05-24T18:08:25+0200,8c5f6830-b44b-449b-bdab-a1b130ad33e1,2026-05-20T15:30:00Z,2026-05-20T17:30:00+0200,2550.3,MW,DE,DE_LU,forecast_offshore_wind_generation,Wind Offshore,2026-05-24T16:09:31Z
2026-05-24T16:08:25Z,2026-05-24T18:08:25+0200,8c5f6830-b44b-449b-bdab-a1b130ad33e1,2026-05-20T15:45:00Z,2026-05-20T17:45:00+0200,2513.94,MW,DE,DE_LU,forecast_offshore_wind_generation,Wind Offshore,2026-05-24T16:09:31Z
2026-05-24T16:08:25Z,2026-05-24T18:08:25+0200,8c5f6830-b44b-449b-bdab-a1b130ad33e1,2026-05-20T16:00:00Z,2026-05-20T18:00:00+0200,2472.04,MW,DE,DE_LU,forecast_offshore_wind_generation,Wind Offshore,2026-05-24T16:09:31Z
2026-05-24T16:08:25Z,2026-05-24T18:08:25+0200,8c5f6830-b44b-449b-bdab-a1b130ad33e1,2026-05-20T16:15:00Z,2026-05-20T18:15:00+0200,2447.13,MW,DE,DE_LU,forecast_offshore_wind_generation,Wind Offshore,2026-05-24T16:09:31Z
2026-05-24T16:08:25Z,2026-05-24T18:08:25+0200,8c5f6830-b44b-449b-bdab-a1b130ad33e1,2026-05-20T16:30:00Z,2026-05-20T18:30:00+0200,2415.19,MW,DE,DE_LU,forecast_offshore_wind_generation,Wind Offshore,2026-05-24T16:09:31Z
2026-05-24T16:08:25Z,2026-05-24T18:08:25+0200,8c5f6830-b44b-449b-bdab-a1b130ad33e1,2026-05-20T16:45:00Z,2026-05-20T18:45:00+0200,2388.07,MW,DE,DE_LU,forecast_offshore_wind_generation,Wind Offshore,2026-05-24T16:09:31Z
2026-05-24T16:08:25Z,2026-05-24T18:08:25+0200,8c5f6830-b44b-449b-bdab-a1b130ad33e1,2026-05-20T17:00:00Z,2026-05-20T19:00:00+0200,2366.44,MW,DE,DE_LU,forecast_offshore_wind_generation,Wind Offshore,2026-05-24T16:09:31Z
2026-05-24T16:08:25Z,2026-05-24T18:08:25+0200,8c5f6830-b44b-449b-bdab-a1b130ad33e1,2026-05-20T17:15:00Z,2026-05-20T19:15:00+0200,2369.42,MW,DE,DE_LU,forecast_offshore_wind_generation,Wind Offshore,2026-05-24T16:09:31Z
2026-05-24T16:08:25Z,2026-05-24T18:08:25+0200,8c5f6830-b44b-449b-bdab-a1b130ad33e1,2026-05-20T17:30:00Z,2026-05-20T19:30:00+0200,2370.36,MW,DE,DE_LU,forecast_offshore_wind_generation,Wind Offshore,2026-05-24T16:09:31Z
2026-05-24T16:08:25Z,2026-05-24T18:08:25+0200,8c5f6830-b44b-449b-bdab-a1b130ad33e1,2026-05-20T17:45:00Z,2026-05-20T19:45:00+0200,2371.38,MW,DE,DE_LU,forecast_offshore_wind_generation,Wind Offshore,2026-05-24T16:09:31Z
2026-05-24T16:08:25Z,2026-05-24T18:08:25+0200,8c5f6830-b44b-449b-bdab-a1b130ad33e1,2026-05-20T18:00:00Z,2026-05-20T20:00:00+0200,2379.38,MW,DE,DE_LU,forecast_offshore_wind_generation,Wind Offshore,2026-05-24T16:09:31Z
2026-05-24T16:08:25Z,2026-05-24T18:08:25+0200,8c5f6830-b44b-449b-bdab-a1b130ad33e1,2026-05-20T18:15:00Z,2026-05-20T20:15:00+0200,2371.28,MW,DE,DE_LU,forecast_offshore_wind_generation,Wind Offshore,2026-05-24T16:09:31Z
2026-05-24T16:08:25Z,2026-05-24T18:08:25+0200,8c5f6830-b44b-449b-bdab-a1b130ad33e1,2026-05-20T18:30:00Z,2026-05-20T20:30:00+0200,2357.19,MW,DE,DE_LU,forecast_offshore_wind_generation,Wind Offshore,2026-05-24T16:09:31Z
2026-05-24T16:08:25Z,2026-05-24T18:08:25+0200,8c5f6830-b44b-449b-bdab-a1b130ad33e1,2026-05-20T18:45:00Z,2026-05-20T20:45:00+0200,2347.18,MW,DE,DE_LU,forecast_offshore_wind_generation,Wind Offshore,2026-05-24T16:09:31Z
2026-05-24T16:08:25Z,2026-05-24T18:08:25+0200,8c5f6830-b44b-449b-bdab-a1b130ad33e1,2026-05-20T19:00:00Z,2026-05-20T21:00:00+0200,2337.11,MW,DE,DE_LU,forecast_offshore_wind_generation,Wind Offshore,2026-05-24T16:09:31Z
2026-05-24T16:08:25Z,2026-05-24T18:08:25+0200,8c5f6830-b44b-449b-bdab-a1b130ad33e1,2026-05-20T19:15:00Z,2026-05-20T21:15:00+0200,2334.8,MW,DE,DE_LU,forecast_offshore_wind_generation,Wind Offshore,2026-05-24T16:09:31Z
2026-05-24T16:08:25Z,2026-05-24T18:08:25+0200,8c5f6830-b44b-449b-bdab-a1b130ad33e1,2026-05-20T19:30:00Z,2026-05-20T21:30:00+0200,2327.5,MW,DE,DE_LU,forecast_offshore_wind_generation,Wind Offshore,2026-05-24T16:09:31Z
2026-05-24T16:08:25Z,2026-05-24T18:08:25+0200,8c5f6830-b44b-449b-bdab-a1b130ad33e1,2026-05-20T19:45:00Z,2026-05-20T21:45:00+0200,2319.22,MW,DE,DE_LU,forecast_offshore_wind_generation,Wind Offshore,2026-05-24T16:09:31Z
2026-05-24T16:08:25Z,2026-05-24T18:08:25+0200,8c5f6830-b44b-449b-bdab-a1b130ad33e1,2026-05-20T20:00:00Z,2026-05-20T22:00:00+0200,2317.6,MW,DE,DE_LU,forecast_offshore_wind_generation,Wind Offshore,2026-05-24T16:09:31Z
2026-05-24T16:08:25Z,2026-05-24T18:08:25+0200,8c5f6830-b44b-449b-bdab-a1b130ad33e1,2026-05-20T20:15:00Z,2026-05-20T22:15:00+0200,2359.02,MW,DE,DE_LU,forecast_offshore_wind_generation,Wind Offshore,2026-05-24T16:09:31Z
2026-05-24T16:08:25Z,2026-05-24T18:08:25+0200,8c5f6830-b44b-449b-bdab-a1b130ad33e1,2026-05-20T20:30:00Z,2026-05-20T22:30:00+0200,2397.46,MW,DE,DE_LU,forecast_offshore_wind_generation,Wind Offshore,2026-05-24T16:09:31Z
2026-05-24T16:08:25Z,2026-05-24T18:08:25+0200,8c5f6830-b44b-449b-bdab-a1b130ad33e1,2026-05-20T20:45:00Z,2026-05-20T22:45:00+0200,2437.94,MW,DE,DE_LU,forecast_offshore_wind_generation,Wind Offshore,2026-05-24T16:09:31Z
2026-05-24T16:08:25Z,2026-05-24T18:08:25+0200,8c5f6830-b44b-449b-bdab-a1b130ad33e1,2026-05-20T21:00:00Z,2026-05-20T23:00:00+0200,2479.08,MW,DE,DE_LU,forecast_offshore_wind_generation,Wind Offshore,2026-05-24T16:09:31Z
2026-05-24T16:08:25Z,2026-05-24T18:08:25+0200,8c5f6830-b44b-449b-bdab-a1b130ad33e1,2026-05-20T21:15:00Z,2026-05-20T23:15:00+0200,2536.8,MW,DE,DE_LU,forecast_offshore_wind_generation,Wind Offshore,2026-05-24T16:09:31Z
2026-05-24T16:08:25Z,2026-05-24T18:08:25+0200,8c5f6830-b44b-449b-bdab-a1b130ad33e1,2026-05-20T21:30:00Z,2026-05-20T23:30:00+0200,2593.59,MW,DE,DE_LU,forecast_offshore_wind_generation,Wind Offshore,2026-05-24T16:09:31Z
2026-05-24T16:08:25Z,2026-05-24T18:08:25+0200,8c5f6830-b44b-449b-bdab-a1b130ad33e1,2026-05-20T21:45:00Z,2026-05-20T23:45:00+0200,2647.54,MW,DE,DE_LU,forecast_offshore_wind_generation,Wind Offshore,2026-05-24T16:09:31Z
2026-05-24T16:08:25Z,2026-05-24T18:08:25+0200,8c5f6830-b44b-449b-bdab-a1b130ad33e1,2026-05-20T22:00:00Z,2026-05-21T00:00:00+0200,2367.23,MW,DE,DE_LU,forecast_offshore_wind_generation,Wind Offshore,2026-05-24T16:09:31Z
2026-05-24T16:08:25Z,2026-05-24T18:08:25+0200,8c5f6830-b44b-449b-bdab-a1b130ad33e1,2026-05-20T22:15:00Z,2026-05-21T00:15:00+0200,2381.47,MW,DE,DE_LU,forecast_offshore_wind_generation,Wind Offshore,2026-05-24T16:09:31Z
2026-05-24T16:08:25Z,2026-05-24T18:08:25+0200,8c5f6830-b44b-449b-bdab-a1b130ad33e1,2026-05-20T22:30:00Z,2026-05-21T00:30:00+0200,2394.96,MW,DE,DE_LU,forecast_offshore_wind_generation,Wind Offshore,2026-05-24T16:09:31Z
2026-05-24T16:08:25Z,2026-05-24T18:08:25+0200,8c5f6830-b44b-449b-bdab-a1b130ad33e1,2026-05-20T22:45:00Z,2026-05-21T00:45:00+0200,2410.44,MW,DE,DE_LU,forecast_offshore_wind_generation,Wind Offshore,2026-05-24T16:09:31Z
2026-05-24T16:08:25Z,2026-05-24T18:08:25+0200,8c5f6830-b44b-449b-bdab-a1b130ad33e1,2026-05-20T23:00:00Z,2026-05-21T01:00:00+0200,2428.4,MW,DE,DE_LU,forecast_offshore_wind_generation,Wind Offshore,2026-05-24T16:09:31Z
2026-05-24T16:08:25Z,2026-05-24T18:08:25+0200,8c5f6830-b44b-449b-bdab-a1b130ad33e1,2026-05-20T23:15:00Z,2026-05-21T01:15:00+0200,2448.9,MW,DE,DE_LU,forecast_offshore_wind_generation,Wind Offshore,2026-05-24T16:09:31Z
2026-05-24T16:08:25Z,2026-05-24T18:08:25+0200,8c5f6830-b44b-449b-bdab-a1b130ad33e1,2026-05-20T23:30:00Z,2026-05-21T01:30:00+0200,2462.52,MW,DE,DE_LU,forecast_offshore_wind_generation,Wind Offshore,2026-05-24T16:09:31Z
2026-05-24T16:08:25Z,2026-05-24T18:08:25+0200,8c5f6830-b44b-449b-bdab-a1b130ad33e1,2026-05-20T23:45:00Z,2026-05-21T01:45:00+0200,2488.07,MW,DE,DE_LU,forecast_offshore_wind_generation,Wind Offshore,2026-05-24T16:09:31Z
2026-05-24T16:08:25Z,2026-05-24T18:08:25+0200,8c5f6830-b44b-449b-bdab-a1b130ad33e1,2026-05-21T00:00:00Z,2026-05-21T02:00:00+0200,2502.01,MW,DE,DE_LU,forecast_offshore_wind_generation,Wind Offshore,2026-05-24T16:09:31Z
2026-05-24T16:08:25Z,2026-05-24T18:08:25+0200,8c5f6830-b44b-449b-bdab-a1b130ad33e1,2026-05-21T00:15:00Z,2026-05-21T02:15:00+0200,2501.37,MW,DE,DE_LU,forecast_offshore_wind_generation,Wind Offshore,2026-05-24T16:09:31Z
2026-05-24T16:08:25Z,2026-05-24T18:08:25+0200,8c5f6830-b44b-449b-bdab-a1b130ad33e1,2026-05-21T00:30:00Z,2026-05-21T02:30:00+0200,2496.71,MW,DE,DE_LU,forecast_offshore_wind_generation,Wind Offshore,2026-05-24T16:09:31Z
2026-05-24T16:08:25Z,2026-05-24T18:08:25+0200,8c5f6830-b44b-449b-bdab-a1b130ad33e1,2026-05-21T00:45:00Z,2026-05-21T02:45:00+0200,2495.14,MW,DE,DE_LU,forecast_offshore_wind_generation,Wind Offshore,2026-05-24T16:09:31Z
2026-05-24T16:08:25Z,2026-05-24T18:08:25+0200,8c5f6830-b44b-449b-bdab-a1b130ad33e1,2026-05-21T01:00:00Z,2026-05-21T03:00:00+0200,2490.17,MW,DE,DE_LU,forecast_offshore_wind_generation,Wind Offshore,2026-05-24T16:09:31Z
2026-05-24T16:08:25Z,2026-05-24T18:08:25+0200,8c5f6830-b44b-449b-bdab-a1b130ad33e1,2026-05-21T01:15:00Z,2026-05-21T03:15:00+0200,2464.29,MW,DE,DE_LU,forecast_offshore_wind_generation,Wind Offshore,2026-05-24T16:09:31Z
2026-05-24T16:08:25Z,2026-05-24T18:08:25+0200,8c5f6830-b44b-449b-bdab-a1b130ad33e1,2026-05-21T01:30:00Z,2026-05-21T03:30:00+0200,2436.46,MW,DE,DE_LU,forecast_offshore_wind_generation,Wind Offshore,2026-05-24T16:09:31Z
2026-05-24T16:08:25Z,2026-05-24T18:08:25+0200,8c5f6830-b44b-449b-bdab-a1b130ad33e1,2026-05-21T01:45:00Z,2026-05-21T03:45:00+0200,2407.56,MW,DE,DE_LU,forecast_offshore_wind_generation,Wind Offshore,2026-05-24T16:09:31Z
2026-05-24T16:08:25Z,2026-05-24T18:08:25+0200,8c5f6830-b44b-449b-bdab-a1b130ad33e1,2026-05-21T02:00:00Z,2026-05-21T04:00:00+0200,2376.61,MW,DE,DE_LU,forecast_offshore_wind_generation,Wind Offshore,2026-05-24T16:09:31Z
2026-05-24T16:08:25Z,2026-05-24T18:08:25+0200,8c5f6830-b44b-449b-bdab-a1b130ad33e1,2026-05-21T02:15:00Z,2026-05-21T04:15:00+0200,2329.26,MW,DE,DE_LU,forecast_offshore_wind_generation,Wind Offshore,2026-05-24T16:09:31Z
2026-05-24T16:08:25Z,2026-05-24T18:08:25+0200,8c5f6830-b44b-449b-bdab-a1b130ad33e1,2026-05-21T02:30:00Z,2026-05-21T04:30:00+0200,2277.93,MW,DE,DE_LU,forecast_offshore_wind_generation,Wind Offshore,2026-05-24T16:09:31Z
2026-05-24T16:08:25Z,2026-05-24T18:08:25+0200,8c5f6830-b44b-449b-bdab-a1b130ad33e1,2026-05-21T02:45:00Z,2026-05-21T04:45:00+0200,2228.61,MW,DE,DE_LU,forecast_offshore_wind_generation,Wind Offshore,2026-05-24T16:09:31Z
2026-05-24T16:08:25Z,2026-05-24T18:08:25+0200,8c5f6830-b44b-449b-bdab-a1b130ad33e1,2026-05-21T03:00:00Z,2026-05-21T05:00:00+0200,2181.65,MW,DE,DE_LU,forecast_offshore_wind_generation,Wind Offshore,2026-05-24T16:09:31Z
2026-05-24T16:08:25Z,2026-05-24T18:08:25+0200,8c5f6830-b44b-449b-bdab-a1b130ad33e1,2026-05-21T03:15:00Z,2026-05-21T05:15:00+0200,2120.75,MW,DE,DE_LU,forecast_offshore_wind_generation,Wind Offshore,2026-05-24T16:09:31Z
2026-05-24T16:08:25Z,2026-05-24T18:08:25+0200,8c5f6830-b44b-449b-bdab-a1b130ad33e1,2026-05-21T03:30:00Z,2026-05-21T05:30:00+0200,2066.84,MW,DE,DE_LU,forecast_offshore_wind_generation,Wind Offshore,2026-05-24T16:09:31Z
2026-05-24T16:08:25Z,2026-05-24T18:08:25+0200,8c5f6830-b44b-449b-bdab-a1b130ad33e1,2026-05-21T03:45:00Z,2026-05-21T05:45:00+0200,2008.76,MW,DE,DE_LU,forecast_offshore_wind_generation,Wind Offshore,2026-05-24T16:09:31Z
2026-05-24T16:08:25Z,2026-05-24T18:08:25+0200,8c5f6830-b44b-449b-bdab-a1b130ad33e1,2026-05-21T04:00:00Z,2026-05-21T06:00:00+0200,1949.64,MW,DE,DE_LU,forecast_offshore_wind_generation,Wind Offshore,2026-05-24T16:09:31Z
2026-05-24T16:08:25Z,2026-05-24T18:08:25+0200,8c5f6830-b44b-449b-bdab-a1b130ad33e1,2026-05-21T04:15:00Z,2026-05-21T06:15:00+0200,1905.72,MW,DE,DE_LU,forecast_offshore_wind_generation,Wind Offshore,2026-05-24T16:09:31Z
2026-05-24T16:08:25Z,2026-05-24T18:08:25+0200,8c5f6830-b44b-449b-bdab-a1b130ad33e1,2026-05-21T04:30:00Z,2026-05-21T06:30:00+0200,1868.78,MW,DE,DE_LU,forecast_offshore_wind_generation,Wind Offshore,2026-05-24T16:09:31Z
2026-05-24T16:08:25Z,2026-05-24T18:08:25+0200,8c5f6830-b44b-449b-bdab-a1b130ad33e1,2026-05-21T04:45:00Z,2026-05-21T06:45:00+0200,1828.74,MW,DE,DE_LU,forecast_offshore_wind_generation,Wind Offshore,2026-05-24T16:09:31Z
2026-05-24T16:08:25Z,2026-05-24T18:08:25+0200,8c5f6830-b44b-449b-bdab-a1b130ad33e1,2026-05-21T05:00:00Z,2026-05-21T07:00:00+0200,1785.06,MW,DE,DE_LU,forecast_offshore_wind_generation,Wind Offshore,2026-05-24T16:09:31Z
2026-05-24T16:08:25Z,2026-05-24T18:08:25+0200,8c5f6830-b44b-449b-bdab-a1b130ad33e1,2026-05-21T05:15:00Z,2026-05-21T07:15:00+0200,1749.53,MW,DE,DE_LU,forecast_offshore_wind_generation,Wind Offshore,2026-05-24T16:09:31Z
2026-05-24T16:08:25Z,2026-05-24T18:08:25+0200,8c5f6830-b44b-449b-bdab-a1b130ad33e1,2026-05-21T05:30:00Z,2026-05-21T07:30:00+0200,1708.99,MW,DE,DE_LU,forecast_offshore_wind_generation,Wind Offshore,2026-05-24T16:09:31Z
2026-05-24T16:08:25Z,2026-05-24T18:08:25+0200,8c5f6830-b44b-449b-bdab-a1b130ad33e1,2026-05-21T05:45:00Z,2026-05-21T07:45:00+0200,1672.65,MW,DE,DE_LU,forecast_offshore_wind_generation,Wind Offshore,2026-05-24T16:09:31Z
2026-05-24T16:08:25Z,2026-05-24T18:08:25+0200,8c5f6830-b44b-449b-bdab-a1b130ad33e1,2026-05-21T06:00:00Z,2026-05-21T08:00:00+0200,1617.23,MW,DE,DE_LU,forecast_offshore_wind_generation,Wind Offshore,2026-05-24T16:09:31Z
2026-05-24T16:08:25Z,2026-05-24T18:08:25+0200,8c5f6830-b44b-449b-bdab-a1b130ad33e1,2026-05-21T06:15:00Z,2026-05-21T08:15:00+0200,1570.72,MW,DE,DE_LU,forecast_offshore_wind_generation,Wind Offshore,2026-05-24T16:09:31Z
2026-05-24T16:08:25Z,2026-05-24T18:08:25+0200,8c5f6830-b44b-449b-bdab-a1b130ad33e1,2026-05-21T06:30:00Z,2026-05-21T08:30:00+0200,1524.13,MW,DE,DE_LU,forecast_offshore_wind_generation,Wind Offshore,2026-05-24T16:09:31Z
2026-05-24T16:08:25Z,2026-05-24T18:08:25+0200,8c5f6830-b44b-449b-bdab-a1b130ad33e1,2026-05-21T06:45:00Z,2026-05-21T08:45:00+0200,1483.85,MW,DE,DE_LU,forecast_offshore_wind_generation,Wind Offshore,2026-05-24T16:09:31Z
2026-05-24T16:08:25Z,2026-05-24T18:08:25+0200,8c5f6830-b44b-449b-bdab-a1b130ad33e1,2026-05-21T07:00:00Z,2026-05-21T09:00:00+0200,1429.44,MW,DE,DE_LU,forecast_offshore_wind_generation,Wind Offshore,2026-05-24T16:09:31Z
2026-05-24T16:08:25Z,2026-05-24T18:08:25+0200,8c5f6830-b44b-449b-bdab-a1b130ad33e1,2026-05-21T07:15:00Z,2026-05-21T09:15:00+0200,1344.89,MW,DE,DE_LU,forecast_offshore_wind_generation,Wind Offshore,2026-05-24T16:09:31Z
2026-05-24T16:08:25Z,2026-05-24T18:08:25+0200,8c5f6830-b44b-449b-bdab-a1b130ad33e1,2026-05-21T07:30:00Z,2026-05-21T09:30:00+0200,1289.41,MW,DE,DE_LU,forecast_offshore_wind_generation,Wind Offshore,2026-05-24T16:09:31Z
2026-05-24T16:08:25Z,2026-05-24T18:08:25+0200,8c5f6830-b44b-449b-bdab-a1b130ad33e1,2026-05-21T07:45:00Z,2026-05-21T09:45:00+0200,1233.0,MW,DE,DE_LU,forecast_offshore_wind_generation,Wind Offshore,2026-05-24T16:09:31Z
2026-05-24T16:08:25Z,2026-05-24T18:08:25+0200,8c5f6830-b44b-449b-bdab-a1b130ad33e1,2026-05-21T08:00:00Z,2026-05-21T10:00:00+0200,1183.71,MW,DE,DE_LU,forecast_offshore_wind_generation,Wind Offshore,2026-05-24T16:09:31Z
2026-05-24T16:08:25Z,2026-05-24T18:08:25+0200,8c5f6830-b44b-449b-bdab-a1b130ad33e1,2026-05-21T08:15:00Z,2026-05-21T10:15:00+0200,1132.4,MW,DE,DE_LU,forecast_offshore_wind_generation,Wind Offshore,2026-05-24T16:09:31Z
2026-05-24T16:08:25Z,2026-05-24T18:08:25+0200,8c5f6830-b44b-449b-bdab-a1b130ad33e1,2026-05-21T08:30:00Z,2026-05-21T10:30:00+0200,1082.11,MW,DE,DE_LU,forecast_offshore_wind_generation,Wind Offshore,2026-05-24T16:09:31Z
2026-05-24T16:08:25Z,2026-05-24T18:08:25+0200,8c5f6830-b44b-449b-bdab-a1b130ad33e1,2026-05-21T08:45:00Z,2026-05-21T10:45:00+0200,1037.78,MW,DE,DE_LU,forecast_offshore_wind_generation,Wind Offshore,2026-05-24T16:09:31Z
2026-05-24T16:08:25Z,2026-05-24T18:08:25+0200,8c5f6830-b44b-449b-bdab-a1b130ad33e1,2026-05-21T09:00:00Z,2026-05-21T11:00:00+0200,993.47,MW,DE,DE_LU,forecast_offshore_wind_generation,Wind Offshore,2026-05-24T16:09:31Z
2026-05-24T16:08:25Z,2026-05-24T18:08:25+0200,8c5f6830-b44b-449b-bdab-a1b130ad33e1,2026-05-21T09:15:00Z,2026-05-21T11:15:00+0200,956.6,MW,DE,DE_LU,forecast_offshore_wind_generation,Wind Offshore,2026-05-24T16:09:31Z
2026-05-24T16:08:25Z,2026-05-24T18:08:25+0200,8c5f6830-b44b-449b-bdab-a1b130ad33e1,2026-05-21T09:30:00Z,2026-05-21T11:30:00+0200,938.76,MW,DE,DE_LU,forecast_offshore_wind_generation,Wind Offshore,2026-05-24T16:09:31Z
2026-05-24T16:08:25Z,2026-05-24T18:08:25+0200,8c5f6830-b44b-449b-bdab-a1b130ad33e1,2026-05-21T09:45:00Z,2026-05-21T11:45:00+0200,923.97,MW,DE,DE_LU,forecast_offshore_wind_generation,Wind Offshore,2026-05-24T16:09:31Z
2026-05-24T16:08:25Z,2026-05-24T18:08:25+0200,8c5f6830-b44b-449b-bdab-a1b130ad33e1,2026-05-21T10:00:00Z,2026-05-21T12:00:00+0200,884.16,MW,DE,DE_LU,forecast_offshore_wind_generation,Wind Offshore,2026-05-24T16:09:31Z
2026-05-24T16:08:25Z,2026-05-24T18:08:25+0200,8c5f6830-b44b-449b-bdab-a1b130ad33e1,2026-05-21T10:15:00Z,2026-05-21T12:15:00+0200,910.3,MW,DE,DE_LU,forecast_offshore_wind_generation,Wind Offshore,2026-05-24T16:09:31Z
2026-05-24T16:08:25Z,2026-05-24T18:08:25+0200,8c5f6830-b44b-449b-bdab-a1b130ad33e1,2026-05-21T10:30:00Z,2026-05-21T12:30:00+0200,933.45,MW,DE,DE_LU,forecast_offshore_wind_generation,Wind Offshore,2026-05-24T16:09:31Z
2026-05-24T16:08:25Z,2026-05-24T18:08:25+0200,8c5f6830-b44b-449b-bdab-a1b130ad33e1,2026-05-21T10:45:00Z,2026-05-21T12:45:00+0200,963.71,MW,DE,DE_LU,forecast_offshore_wind_generation,Wind Offshore,2026-05-24T16:09:31Z
2026-05-24T16:08:25Z,2026-05-24T18:08:25+0200,8c5f6830-b44b-449b-bdab-a1b130ad33e1,2026-05-21T11:00:00Z,2026-05-21T13:00:00+0200,993.95,MW,DE,DE_LU,forecast_offshore_wind_generation,Wind Offshore,2026-05-24T16:09:31Z
2026-05-24T16:08:25Z,2026-05-24T18:08:25+0200,8c5f6830-b44b-449b-bdab-a1b130ad33e1,2026-05-21T11:15:00Z,2026-05-21T13:15:00+0200,1032.79,MW,DE,DE_LU,forecast_offshore_wind_generation,Wind Offshore,2026-05-24T16:09:31Z
2026-05-24T16:08:25Z,2026-05-24T18:08:25+0200,8c5f6830-b44b-449b-bdab-a1b130ad33e1,2026-05-21T11:30:00Z,2026-05-21T13:30:00+0200,1076.8,MW,DE,DE_LU,forecast_offshore_wind_generation,Wind Offshore,2026-05-24T16:09:31Z
2026-05-24T16:08:25Z,2026-05-24T18:08:25+0200,8c5f6830-b44b-449b-bdab-a1b130ad33e1,2026-05-21T11:45:00Z,2026-05-21T13:45:00+0200,1121.75,MW,DE,DE_LU,forecast_offshore_wind_generation,Wind Offshore,2026-05-24T16:09:31Z
2026-05-24T16:08:25Z,2026-05-24T18:08:25+0200,8c5f6830-b44b-449b-bdab-a1b130ad33e1,2026-05-21T12:00:00Z,2026-05-21T14:00:00+0200,1162.52,MW,DE,DE_LU,forecast_offshore_wind_generation,Wind Offshore,2026-05-24T16:09:31Z
2026-05-24T16:08:25Z,2026-05-24T18:08:25+0200,8c5f6830-b44b-449b-bdab-a1b130ad33e1,2026-05-21T12:15:00Z,2026-05-21T14:15:00+0200,1185.83,MW,DE,DE_LU,forecast_offshore_wind_generation,Wind Offshore,2026-05-24T16:09:31Z
2026-05-24T16:08:25Z,2026-05-24T18:08:25+0200,8c5f6830-b44b-449b-bdab-a1b130ad33e1,2026-05-21T12:30:00Z,2026-05-21T14:30:00+0200,1210.19,MW,DE,DE_LU,forecast_offshore_wind_generation,Wind Offshore,2026-05-24T16:09:31Z
2026-05-24T16:08:25Z,2026-05-24T18:08:25+0200,8c5f6830-b44b-449b-bdab-a1b130ad33e1,2026-05-21T12:45:00Z,2026-05-21T14:45:00+0200,1230.76,MW,DE,DE_LU,forecast_offshore_wind_generation,Wind Offshore,2026-05-24T16:09:31Z
2026-05-24T16:08:25Z,2026-05-24T18:08:25+0200,8c5f6830-b44b-449b-bdab-a1b130ad33e1,2026-05-21T13:00:00Z,2026-05-21T15:00:00+0200,1255.28,MW,DE,DE_LU,forecast_offshore_wind_generation,Wind Offshore,2026-05-24T16:09:31Z
2026-05-24T16:08:25Z,2026-05-24T18:08:25+0200,8c5f6830-b44b-449b-bdab-a1b130ad33e1,2026-05-21T13:15:00Z,2026-05-21T15:15:00+0200,1281.65,MW,DE,DE_LU,forecast_offshore_wind_generation,Wind Offshore,2026-05-24T16:09:31Z
2026-05-24T16:08:25Z,2026-05-24T18:08:25+0200,8c5f6830-b44b-449b-bdab-a1b130ad33e1,2026-05-21T13:30:00Z,2026-05-21T15:30:00+0200,1312.04,MW,DE,DE_LU,forecast_offshore_wind_generation,Wind Offshore,2026-05-24T16:09:31Z
2026-05-24T16:08:25Z,2026-05-24T18:08:25+0200,8c5f6830-b44b-449b-bdab-a1b130ad33e1,2026-05-21T13:45:00Z,2026-05-21T15:45:00+0200,1336.63,MW,DE,DE_LU,forecast_offshore_wind_generation,Wind Offshore,2026-05-24T16:09:31Z
2026-05-24T16:08:25Z,2026-05-24T18:08:25+0200,8c5f6830-b44b-449b-bdab-a1b130ad33e1,2026-05-21T14:00:00Z,2026-05-21T16:00:00+0200,1341.3,MW,DE,DE_LU,forecast_offshore_wind_generation,Wind Offshore,2026-05-24T16:09:31Z
2026-05-24T16:08:25Z,2026-05-24T18:08:25+0200,8c5f6830-b44b-449b-bdab-a1b130ad33e1,2026-05-21T14:15:00Z,2026-05-21T16:15:00+0200,1379.64,MW,DE,DE_LU,forecast_offshore_wind_generation,Wind Offshore,2026-05-24T16:09:31Z
2026-05-24T16:08:25Z,2026-05-24T18:08:25+0200,8c5f6830-b44b-449b-bdab-a1b130ad33e1,2026-05-21T14:30:00Z,2026-05-21T16:30:00+0200,1419.1,MW,DE,DE_LU,forecast_offshore_wind_generation,Wind Offshore,2026-05-24T16:09:31Z
2026-05-24T16:08:25Z,2026-05-24T18:08:25+0200,8c5f6830-b44b-449b-bdab-a1b130ad33e1,2026-05-21T14:45:00Z,2026-05-21T16:45:00+0200,1457.71,MW,DE,DE_LU,forecast_offshore_wind_generation,Wind Offshore,2026-05-24T16:09:31Z
2026-05-24T16:08:25Z,2026-05-24T18:08:25+0200,8c5f6830-b44b-449b-bdab-a1b130ad33e1,2026-05-21T15:00:00Z,2026-05-21T17:00:00+0200,1585.93,MW,DE,DE_LU,forecast_offshore_wind_generation,Wind Offshore,2026-05-24T16:09:31Z
2026-05-24T16:08:25Z,2026-05-24T18:08:25+0200,8c5f6830-b44b-449b-bdab-a1b130ad33e1,2026-05-21T15:15:00Z,2026-05-21T17:15:00+0200,1642.63,MW,DE,DE_LU,forecast_offshore_wind_generation,Wind Offshore,2026-05-24T16:09:31Z
2026-05-24T16:08:25Z,2026-05-24T18:08:25+0200,8c5f6830-b44b-449b-bdab-a1b130ad33e1,2026-05-21T15:30:00Z,2026-05-21T17:30:00+0200,1702.85,MW,DE,DE_LU,forecast_offshore_wind_generation,Wind Offshore,2026-05-24T16:09:31Z
2026-05-24T16:08:25Z,2026-05-24T18:08:25+0200,8c5f6830-b44b-449b-bdab-a1b130ad33e1,2026-05-21T15:45:00Z,2026-05-21T17:45:00+0200,1752.04,MW,DE,DE_LU,forecast_offshore_wind_generation,Wind Offshore,2026-05-24T16:09:31Z
2026-05-24T16:08:25Z,2026-05-24T18:08:25+0200,8c5f6830-b44b-449b-bdab-a1b130ad33e1,2026-05-21T16:00:00Z,2026-05-21T18:00:00+0200,1831.9,MW,DE,DE_LU,forecast_offshore_wind_generation,Wind Offshore,2026-05-24T16:09:31Z
2026-05-24T16:08:25Z,2026-05-24T18:08:25+0200,8c5f6830-b44b-449b-bdab-a1b130ad33e1,2026-05-21T16:15:00Z,2026-05-21T18:15:00+0200,1869.6,MW,DE,DE_LU,forecast_offshore_wind_generation,Wind Offshore,2026-05-24T16:09:31Z
2026-05-24T16:08:25Z,2026-05-24T18:08:25+0200,8c5f6830-b44b-449b-bdab-a1b130ad33e1,2026-05-21T16:30:00Z,2026-05-21T18:30:00+0200,1907.4,MW,DE,DE_LU,forecast_offshore_wind_generation,Wind Offshore,2026-05-24T16:09:31Z
2026-05-24T16:08:25Z,2026-05-24T18:08:25+0200,8c5f6830-b44b-449b-bdab-a1b130ad33e1,2026-05-21T16:45:00Z,2026-05-21T18:45:00+0200,1944.35,MW,DE,DE_LU,forecast_offshore_wind_generation,Wind Offshore,2026-05-24T16:09:31Z
2026-05-24T16:08:25Z,2026-05-24T18:08:25+0200,8c5f6830-b44b-449b-bdab-a1b130ad33e1,2026-05-21T17:00:00Z,2026-05-21T19:00:00+0200,1977.58,MW,DE,DE_LU,forecast_offshore_wind_generation,Wind Offshore,2026-05-24T16:09:31Z
2026-05-24T16:08:25Z,2026-05-24T18:08:25+0200,8c5f6830-b44b-449b-bdab-a1b130ad33e1,2026-05-21T17:15:00Z,2026-05-21T19:15:00+0200,1990.79,MW,DE,DE_LU,forecast_offshore_wind_generation,Wind Offshore,2026-05-24T16:09:31Z
2026-05-24T16:08:25Z,2026-05-24T18:08:25+0200,8c5f6830-b44b-449b-bdab-a1b130ad33e1,2026-05-21T17:30:00Z,2026-05-21T19:30:00+0200,2008.04,MW,DE,DE_LU,forecast_offshore_wind_generation,Wind Offshore,2026-05-24T16:09:31Z
2026-05-24T16:08:25Z,2026-05-24T18:08:25+0200,8c5f6830-b44b-449b-bdab-a1b130ad33e1,2026-05-21T17:45:00Z,2026-05-21T19:45:00+0200,2019.65,MW,DE,DE_LU,forecast_offshore_wind_generation,Wind Offshore,2026-05-24T16:09:31Z
2026-05-24T16:08:25Z,2026-05-24T18:08:25+0200,8c5f6830-b44b-449b-bdab-a1b130ad33e1,2026-05-21T18:00:00Z,2026-05-21T20:00:00+0200,2028.59,MW,DE,DE_LU,forecast_offshore_wind_generation,Wind Offshore,2026-05-24T16:09:31Z
2026-05-24T16:08:25Z,2026-05-24T18:08:25+0200,8c5f6830-b44b-449b-bdab-a1b130ad33e1,2026-05-21T18:15:00Z,2026-05-21T20:15:00+0200,2005.35,MW,DE,DE_LU,forecast_offshore_wind_generation,Wind Offshore,2026-05-24T16:09:31Z
2026-05-24T16:08:25Z,2026-05-24T18:08:25+0200,8c5f6830-b44b-449b-bdab-a1b130ad33e1,2026-05-21T18:30:00Z,2026-05-21T20:30:00+0200,1980.94,MW,DE,DE_LU,forecast_offshore_wind_generation,Wind Offshore,2026-05-24T16:09:31Z
2026-05-24T16:08:25Z,2026-05-24T18:08:25+0200,8c5f6830-b44b-449b-bdab-a1b130ad33e1,2026-05-21T18:45:00Z,2026-05-21T20:45:00+0200,1957.12,MW,DE,DE_LU,forecast_offshore_wind_generation,Wind Offshore,2026-05-24T16:09:31Z
2026-05-24T16:08:25Z,2026-05-24T18:08:25+0200,8c5f6830-b44b-449b-bdab-a1b130ad33e1,2026-05-21T19:00:00Z,2026-05-21T21:00:00+0200,1932.05,MW,DE,DE_LU,forecast_offshore_wind_generation,Wind Offshore,2026-05-24T16:09:31Z
2026-05-24T16:08:25Z,2026-05-24T18:08:25+0200,8c5f6830-b44b-449b-bdab-a1b130ad33e1,2026-05-21T19:15:00Z,2026-05-21T21:15:00+0200,1914.35,MW,DE,DE_LU,forecast_offshore_wind_generation,Wind Offshore,2026-05-24T16:09:31Z
2026-05-24T16:08:25Z,2026-05-24T18:08:25+0200,8c5f6830-b44b-449b-bdab-a1b130ad33e1,2026-05-21T19:30:00Z,2026-05-21T21:30:00+0200,1892.39,MW,DE,DE_LU,forecast_offshore_wind_generation,Wind Offshore,2026-05-24T16:09:31Z
2026-05-24T16:08:25Z,2026-05-24T18:08:25+0200,8c5f6830-b44b-449b-bdab-a1b130ad33e1,2026-05-21T19:45:00Z,2026-05-21T21:45:00+0200,1869.73,MW,DE,DE_LU,forecast_offshore_wind_generation,Wind Offshore,2026-05-24T16:09:31Z
2026-05-24T16:08:25Z,2026-05-24T18:08:25+0200,8c5f6830-b44b-449b-bdab-a1b130ad33e1,2026-05-21T20:00:00Z,2026-05-21T22:00:00+0200,1853.64,MW,DE,DE_LU,forecast_offshore_wind_generation,Wind Offshore,2026-05-24T16:09:31Z
2026-05-24T16:08:25Z,2026-05-24T18:08:25+0200,8c5f6830-b44b-449b-bdab-a1b130ad33e1,2026-05-21T20:15:00Z,2026-05-21T22:15:00+0200,1824.73,MW,DE,DE_LU,forecast_offshore_wind_generation,Wind Offshore,2026-05-24T16:09:31Z
2026-05-24T16:08:25Z,2026-05-24T18:08:25+0200,8c5f6830-b44b-449b-bdab-a1b130ad33e1,2026-05-21T20:30:00Z,2026-05-21T22:30:00+0200,1798.85,MW,DE,DE_LU,forecast_offshore_wind_generation,Wind Offshore,2026-05-24T16:09:31Z
2026-05-24T16:08:25Z,2026-05-24T18:08:25+0200,8c5f6830-b44b-449b-bdab-a1b130ad33e1,2026-05-21T20:45:00Z,2026-05-21T22:45:00+0200,1774.49,MW,DE,DE_LU,forecast_offshore_wind_generation,Wind Offshore,2026-05-24T16:09:31Z
2026-05-24T16:08:25Z,2026-05-24T18:08:25+0200,8c5f6830-b44b-449b-bdab-a1b130ad33e1,2026-05-21T21:00:00Z,2026-05-21T23:00:00+0200,1749.88,MW,DE,DE_LU,forecast_offshore_wind_generation,Wind Offshore,2026-05-24T16:09:31Z
2026-05-24T16:08:25Z,2026-05-24T18:08:25+0200,8c5f6830-b44b-449b-bdab-a1b130ad33e1,2026-05-21T21:15:00Z,2026-05-21T23:15:00+0200,1704.05,MW,DE,DE_LU,forecast_offshore_wind_generation,Wind Offshore,2026-05-24T16:09:31Z
2026-05-24T16:08:25Z,2026-05-24T18:08:25+0200,8c5f6830-b44b-449b-bdab-a1b130ad33e1,2026-05-21T21:30:00Z,2026-05-21T23:30:00+0200,1661.29,MW,DE,DE_LU,forecast_offshore_wind_generation,Wind Offshore,2026-05-24T16:09:31Z
2026-05-24T16:08:25Z,2026-05-24T18:08:25+0200,8c5f6830-b44b-449b-bdab-a1b130ad33e1,2026-05-21T21:45:00Z,2026-05-21T23:45:00+0200,1613.84,MW,DE,DE_LU,forecast_offshore_wind_generation,Wind Offshore,2026-05-24T16:09:31Z
2026-05-24T16:08:25Z,2026-05-24T18:08:25+0200,8c5f6830-b44b-449b-bdab-a1b130ad33e1,2026-05-21T22:00:00Z,2026-05-22T00:00:00+0200,1672.28,MW,DE,DE_LU,forecast_offshore_wind_generation,Wind Offshore,2026-05-24T16:09:31Z
2026-05-24T16:08:25Z,2026-05-24T18:08:25+0200,8c5f6830-b44b-449b-bdab-a1b130ad33e1,2026-05-21T22:15:00Z,2026-05-22T00:15:00+0200,1624.18,MW,DE,DE_LU,forecast_offshore_wind_generation,Wind Offshore,2026-05-24T16:09:31Z
2026-05-24T16:08:25Z,2026-05-24T18:08:25+0200,8c5f6830-b44b-449b-bdab-a1b130ad33e1,2026-05-21T22:30:00Z,2026-05-22T00:30:00+0200,1576.95,MW,DE,DE_LU,forecast_offshore_wind_generation,Wind Offshore,2026-05-24T16:09:31Z
2026-05-24T16:08:25Z,2026-05-24T18:08:25+0200,8c5f6830-b44b-449b-bdab-a1b130ad33e1,2026-05-21T22:45:00Z,2026-05-22T00:45:00+0200,1533.03,MW,DE,DE_LU,forecast_offshore_wind_generation,Wind Offshore,2026-05-24T16:09:31Z
2026-05-24T16:08:25Z,2026-05-24T18:08:25+0200,8c5f6830-b44b-449b-bdab-a1b130ad33e1,2026-05-21T23:00:00Z,2026-05-22T01:00:00+0200,1483.09,MW,DE,DE_LU,forecast_offshore_wind_generation,Wind Offshore,2026-05-24T16:09:31Z
2026-05-24T16:08:25Z,2026-05-24T18:08:25+0200,8c5f6830-b44b-449b-bdab-a1b130ad33e1,2026-05-21T23:15:00Z,2026-05-22T01:15:00+0200,1424.22,MW,DE,DE_LU,forecast_offshore_wind_generation,Wind Offshore,2026-05-24T16:09:31Z
2026-05-24T16:08:25Z,2026-05-24T18:08:25+0200,8c5f6830-b44b-449b-bdab-a1b130ad33e1,2026-05-21T23:30:00Z,2026-05-22T01:30:00+0200,1370.48,MW,DE,DE_LU,forecast_offshore_wind_generation,Wind Offshore,2026-05-24T16:09:31Z
2026-05-24T16:08:25Z,2026-05-24T18:08:25+0200,8c5f6830-b44b-449b-bdab-a1b130ad33e1,2026-05-21T23:45:00Z,2026-05-22T01:45:00+0200,1317.08,MW,DE,DE_LU,forecast_offshore_wind_generation,Wind Offshore,2026-05-24T16:09:31Z
2026-05-24T16:08:25Z,2026-05-24T18:08:25+0200,8c5f6830-b44b-449b-bdab-a1b130ad33e1,2026-05-22T00:00:00Z,2026-05-22T02:00:00+0200,1272.9,MW,DE,DE_LU,forecast_offshore_wind_generation,Wind Offshore,2026-05-24T16:09:31Z
2026-05-24T16:08:25Z,2026-05-24T18:08:25+0200,8c5f6830-b44b-449b-bdab-a1b130ad33e1,2026-05-22T00:15:00Z,2026-05-22T02:15:00+0200,1233.56,MW,DE,DE_LU,forecast_offshore_wind_generation,Wind Offshore,2026-05-24T16:09:31Z
2026-05-24T16:08:25Z,2026-05-24T18:08:25+0200,8c5f6830-b44b-449b-bdab-a1b130ad33e1,2026-05-22T00:30:00Z,2026-05-22T02:30:00+0200,1192.58,MW,DE,DE_LU,forecast_offshore_wind_generation,Wind Offshore,2026-05-24T16:09:31Z
2026-05-24T16:08:25Z,2026-05-24T18:08:25+0200,8c5f6830-b44b-449b-bdab-a1b130ad33e1,2026-05-22T00:45:00Z,2026-05-22T02:45:00+0200,1161.02,MW,DE,DE_LU,forecast_offshore_wind_generation,Wind Offshore,2026-05-24T16:09:31Z
2026-05-24T16:08:25Z,2026-05-24T18:08:25+0200,8c5f6830-b44b-449b-bdab-a1b130ad33e1,2026-05-22T01:00:00Z,2026-05-22T03:00:00+0200,1128.13,MW,DE,DE_LU,forecast_offshore_wind_generation,Wind Offshore,2026-05-24T16:09:31Z
2026-05-24T16:08:25Z,2026-05-24T18:08:25+0200,8c5f6830-b44b-449b-bdab-a1b130ad33e1,2026-05-22T01:15:00Z,2026-05-22T03:15:00+0200,1112.88,MW,DE,DE_LU,forecast_offshore_wind_generation,Wind Offshore,2026-05-24T16:09:31Z
2026-05-24T16:08:25Z,2026-05-24T18:08:25+0200,8c5f6830-b44b-449b-bdab-a1b130ad33e1,2026-05-22T01:30:00Z,2026-05-22T03:30:00+0200,1097.84,MW,DE,DE_LU,forecast_offshore_wind_generation,Wind Offshore,2026-05-24T16:09:31Z
2026-05-24T16:08:25Z,2026-05-24T18:08:25+0200,8c5f6830-b44b-449b-bdab-a1b130ad33e1,2026-05-22T01:45:00Z,2026-05-22T03:45:00+0200,1083.09,MW,DE,DE_LU,forecast_offshore_wind_generation,Wind Offshore,2026-05-24T16:09:31Z
2026-05-24T16:08:25Z,2026-05-24T18:08:25+0200,8c5f6830-b44b-449b-bdab-a1b130ad33e1,2026-05-22T02:00:00Z,2026-05-22T04:00:00+0200,1066.17,MW,DE,DE_LU,forecast_offshore_wind_generation,Wind Offshore,2026-05-24T16:09:31Z
2026-05-24T16:08:25Z,2026-05-24T18:08:25+0200,8c5f6830-b44b-449b-bdab-a1b130ad33e1,2026-05-22T02:15:00Z,2026-05-22T04:15:00+0200,1054.81,MW,DE,DE_LU,forecast_offshore_wind_generation,Wind Offshore,2026-05-24T16:09:31Z
2026-05-24T16:08:25Z,2026-05-24T18:08:25+0200,8c5f6830-b44b-449b-bdab-a1b130ad33e1,2026-05-22T02:30:00Z,2026-05-22T04:30:00+0200,1042.32,MW,DE,DE_LU,forecast_offshore_wind_generation,Wind Offshore,2026-05-24T16:09:31Z
2026-05-24T16:08:25Z,2026-05-24T18:08:25+0200,8c5f6830-b44b-449b-bdab-a1b130ad33e1,2026-05-22T02:45:00Z,2026-05-22T04:45:00+0200,1021.76,MW,DE,DE_LU,forecast_offshore_wind_generation,Wind Offshore,2026-05-24T16:09:31Z
2026-05-24T16:08:25Z,2026-05-24T18:08:25+0200,8c5f6830-b44b-449b-bdab-a1b130ad33e1,2026-05-22T03:00:00Z,2026-05-22T05:00:00+0200,1012.53,MW,DE,DE_LU,forecast_offshore_wind_generation,Wind Offshore,2026-05-24T16:09:31Z
2026-05-24T16:08:25Z,2026-05-24T18:08:25+0200,8c5f6830-b44b-449b-bdab-a1b130ad33e1,2026-05-22T03:15:00Z,2026-05-22T05:15:00+0200,1012.93,MW,DE,DE_LU,forecast_offshore_wind_generation,Wind Offshore,2026-05-24T16:09:31Z
2026-05-24T16:08:25Z,2026-05-24T18:08:25+0200,8c5f6830-b44b-449b-bdab-a1b130ad33e1,2026-05-22T03:30:00Z,2026-05-22T05:30:00+0200,1011.27,MW,DE,DE_LU,forecast_offshore_wind_generation,Wind Offshore,2026-05-24T16:09:31Z
2026-05-24T16:08:25Z,2026-05-24T18:08:25+0200,8c5f6830-b44b-449b-bdab-a1b130ad33e1,2026-05-22T03:45:00Z,2026-05-22T05:45:00+0200,1005.98,MW,DE,DE_LU,forecast_offshore_wind_generation,Wind Offshore,2026-05-24T16:09:31Z
2026-05-24T16:08:25Z,2026-05-24T18:08:25+0200,8c5f6830-b44b-449b-bdab-a1b130ad33e1,2026-05-22T04:00:00Z,2026-05-22T06:00:00+0200,997.11,MW,DE,DE_LU,forecast_offshore_wind_generation,Wind Offshore,2026-05-24T16:09:31Z
2026-05-24T16:08:25Z,2026-05-24T18:08:25+0200,8c5f6830-b44b-449b-bdab-a1b130ad33e1,2026-05-22T04:15:00Z,2026-05-22T06:15:00+0200,994.38,MW,DE,DE_LU,forecast_offshore_wind_generation,Wind Offshore,2026-05-24T16:09:31Z
2026-05-24T16:08:25Z,2026-05-24T18:08:25+0200,8c5f6830-b44b-449b-bdab-a1b130ad33e1,2026-05-22T04:30:00Z,2026-05-22T06:30:00+0200,999.27,MW,DE,DE_LU,forecast_offshore_wind_generation,Wind Offshore,2026-05-24T16:09:31Z
2026-05-24T16:08:25Z,2026-05-24T18:08:25+0200,8c5f6830-b44b-449b-bdab-a1b130ad33e1,2026-05-22T04:45:00Z,2026-05-22T06:45:00+0200,1001.6,MW,DE,DE_LU,forecast_offshore_wind_generation,Wind Offshore,2026-05-24T16:09:31Z
2026-05-24T16:08:25Z,2026-05-24T18:08:25+0200,8c5f6830-b44b-449b-bdab-a1b130ad33e1,2026-05-22T05:00:00Z,2026-05-22T07:00:00+0200,1002.47,MW,DE,DE_LU,forecast_offshore_wind_generation,Wind Offshore,2026-05-24T16:09:31Z
2026-05-24T16:08:25Z,2026-05-24T18:08:25+0200,8c5f6830-b44b-449b-bdab-a1b130ad33e1,2026-05-22T05:15:00Z,2026-05-22T07:15:00+0200,1005.78,MW,DE,DE_LU,forecast_offshore_wind_generation,Wind Offshore,2026-05-24T16:09:31Z
2026-05-24T16:08:25Z,2026-05-24T18:08:25+0200,8c5f6830-b44b-449b-bdab-a1b130ad33e1,2026-05-22T05:30:00Z,2026-05-22T07:30:00+0200,1010.11,MW,DE,DE_LU,forecast_offshore_wind_generation,Wind Offshore,2026-05-24T16:09:31Z
2026-05-24T16:08:25Z,2026-05-24T18:08:25+0200,8c5f6830-b44b-449b-bdab-a1b130ad33e1,2026-05-22T05:45:00Z,2026-05-22T07:45:00+0200,1013.43,MW,DE,DE_LU,forecast_offshore_wind_generation,Wind Offshore,2026-05-24T16:09:31Z
2026-05-24T16:08:25Z,2026-05-24T18:08:25+0200,8c5f6830-b44b-449b-bdab-a1b130ad33e1,2026-05-22T06:00:00Z,2026-05-22T08:00:00+0200,1016.94,MW,DE,DE_LU,forecast_offshore_wind_generation,Wind Offshore,2026-05-24T16:09:31Z
2026-05-24T16:08:25Z,2026-05-24T18:08:25+0200,8c5f6830-b44b-449b-bdab-a1b130ad33e1,2026-05-22T06:15:00Z,2026-05-22T08:15:00+0200,1029.71,MW,DE,DE_LU,forecast_offshore_wind_generation,Wind Offshore,2026-05-24T16:09:31Z
2026-05-24T16:08:25Z,2026-05-24T18:08:25+0200,8c5f6830-b44b-449b-bdab-a1b130ad33e1,2026-05-22T06:30:00Z,2026-05-22T08:30:00+0200,1039.09,MW,DE,DE_LU,forecast_offshore_wind_generation,Wind Offshore,2026-05-24T16:09:31Z
2026-05-24T16:08:25Z,2026-05-24T18:08:25+0200,8c5f6830-b44b-449b-bdab-a1b130ad33e1,2026-05-22T06:45:00Z,2026-05-22T08:45:00+0200,1054.44,MW,DE,DE_LU,forecast_offshore_wind_generation,Wind Offshore,2026-05-24T16:09:31Z
2026-05-24T16:08:25Z,2026-05-24T18:08:25+0200,8c5f6830-b44b-449b-bdab-a1b130ad33e1,2026-05-22T07:00:00Z,2026-05-22T09:00:00+0200,1060.96,MW,DE,DE_LU,forecast_offshore_wind_generation,Wind Offshore,2026-05-24T16:09:31Z
2026-05-24T16:08:25Z,2026-05-24T18:08:25+0200,8c5f6830-b44b-449b-bdab-a1b130ad33e1,2026-05-22T07:15:00Z,2026-05-22T09:15:00+0200,1056.1,MW,DE,DE_LU,forecast_offshore_wind_generation,Wind Offshore,2026-05-24T16:09:31Z
2026-05-24T16:08:25Z,2026-05-24T18:08:25+0200,8c5f6830-b44b-449b-bdab-a1b130ad33e1,2026-05-22T07:30:00Z,2026-05-22T09:30:00+0200,1058.31,MW,DE,DE_LU,forecast_offshore_wind_generation,Wind Offshore,2026-05-24T16:09:31Z
2026-05-24T16:08:25Z,2026-05-24T18:08:25+0200,8c5f6830-b44b-449b-bdab-a1b130ad33e1,2026-05-22T07:45:00Z,2026-05-22T09:45:00+0200,1057.63,MW,DE,DE_LU,forecast_offshore_wind_generation,Wind Offshore,2026-05-24T16:09:31Z
2026-05-24T16:08:25Z,2026-05-24T18:08:25+0200,8c5f6830-b44b-449b-bdab-a1b130ad33e1,2026-05-22T08:00:00Z,2026-05-22T10:00:00+0200,1055.01,MW,DE,DE_LU,forecast_offshore_wind_generation,Wind Offshore,2026-05-24T16:09:31Z
2026-05-24T16:08:25Z,2026-05-24T18:08:25+0200,8c5f6830-b44b-449b-bdab-a1b130ad33e1,2026-05-22T08:15:00Z,2026-05-22T10:15:00+0200,1040.81,MW,DE,DE_LU,forecast_offshore_wind_generation,Wind Offshore,2026-05-24T16:09:31Z
2026-05-24T16:08:25Z,2026-05-24T18:08:25+0200,8c5f6830-b44b-449b-bdab-a1b130ad33e1,2026-05-22T08:30:00Z,2026-05-22T10:30:00+0200,1026.74,MW,DE,DE_LU,forecast_offshore_wind_generation,Wind Offshore,2026-05-24T16:09:31Z
2026-05-24T16:08:25Z,2026-05-24T18:08:25+0200,8c5f6830-b44b-449b-bdab-a1b130ad33e1,2026-05-22T08:45:00Z,2026-05-22T10:45:00+0200,961.6,MW,DE,DE_LU,forecast_offshore_wind_generation,Wind Offshore,2026-05-24T16:09:31Z
2026-05-24T16:08:25Z,2026-05-24T18:08:25+0200,8c5f6830-b44b-449b-bdab-a1b130ad33e1,2026-05-22T09:00:00Z,2026-05-22T11:00:00+0200,949.63,MW,DE,DE_LU,forecast_offshore_wind_generation,Wind Offshore,2026-05-24T16:09:31Z
2026-05-24T16:08:25Z,2026-05-24T18:08:25+0200,8c5f6830-b44b-449b-bdab-a1b130ad33e1,2026-05-22T09:15:00Z,2026-05-22T11:15:00+0200,928.59,MW,DE,DE_LU,forecast_offshore_wind_generation,Wind Offshore,2026-05-24T16:09:31Z
2026-05-24T16:08:25Z,2026-05-24T18:08:25+0200,8c5f6830-b44b-449b-bdab-a1b130ad33e1,2026-05-22T09:30:00Z,2026-05-22T11:30:00+0200,908.71,MW,DE,DE_LU,forecast_offshore_wind_generation,Wind Offshore,2026-05-24T16:09:31Z
2026-05-24T16:08:25Z,2026-05-24T18:08:25+0200,8c5f6830-b44b-449b-bdab-a1b130ad33e1,2026-05-22T09:45:00Z,2026-05-22T11:45:00+0200,885.08,MW,DE,DE_LU,forecast_offshore_wind_generation,Wind Offshore,2026-05-24T16:09:31Z
2026-05-24T16:08:25Z,2026-05-24T18:08:25+0200,8c5f6830-b44b-449b-bdab-a1b130ad33e1,2026-05-22T10:00:00Z,2026-05-22T12:00:00+0200,866.36,MW,DE,DE_LU,forecast_offshore_wind_generation,Wind Offshore,2026-05-24T16:09:31Z
2026-05-24T16:08:25Z,2026-05-24T18:08:25+0200,8c5f6830-b44b-449b-bdab-a1b130ad33e1,2026-05-22T10:15:00Z,2026-05-22T12:15:00+0200,847.98,MW,DE,DE_LU,forecast_offshore_wind_generation,Wind Offshore,2026-05-24T16:09:31Z
2026-05-24T16:08:25Z,2026-05-24T18:08:25+0200,8c5f6830-b44b-449b-bdab-a1b130ad33e1,2026-05-22T10:30:00Z,2026-05-22T12:30:00+0200,827.67,MW,DE,DE_LU,forecast_offshore_wind_generation,Wind Offshore,2026-05-24T16:09:31Z
2026-05-24T16:08:25Z,2026-05-24T18:08:25+0200,8c5f6830-b44b-449b-bdab-a1b130ad33e1,2026-05-22T10:45:00Z,2026-05-22T12:45:00+0200,804.16,MW,DE,DE_LU,forecast_offshore_wind_generation,Wind Offshore,2026-05-24T16:09:31Z
2026-05-24T16:08:25Z,2026-05-24T18:08:25+0200,8c5f6830-b44b-449b-bdab-a1b130ad33e1,2026-05-22T11:00:00Z,2026-05-22T13:00:00+0200,790.41,MW,DE,DE_LU,forecast_offshore_wind_generation,Wind Offshore,2026-05-24T16:09:31Z
2026-05-24T16:08:25Z,2026-05-24T18:08:25+0200,8c5f6830-b44b-449b-bdab-a1b130ad33e1,2026-05-22T11:15:00Z,2026-05-22T13:15:00+0200,770.77,MW,DE,DE_LU,forecast_offshore_wind_generation,Wind Offshore,2026-05-24T16:09:31Z
2026-05-24T16:08:25Z,2026-05-24T18:08:25+0200,8c5f6830-b44b-449b-bdab-a1b130ad33e1,2026-05-22T11:30:00Z,2026-05-22T13:30:00+0200,749.3,MW,DE,DE_LU,forecast_offshore_wind_generation,Wind Offshore,2026-05-24T16:09:31Z
2026-05-24T16:08:25Z,2026-05-24T18:08:25+0200,8c5f6830-b44b-449b-bdab-a1b130ad33e1,2026-05-22T11:45:00Z,2026-05-22T13:45:00+0200,732.28,MW,DE,DE_LU,forecast_offshore_wind_generation,Wind Offshore,2026-05-24T16:09:31Z
2026-05-24T16:08:25Z,2026-05-24T18:08:25+0200,8c5f6830-b44b-449b-bdab-a1b130ad33e1,2026-05-22T12:00:00Z,2026-05-22T14:00:00+0200,713.82,MW,DE,DE_LU,forecast_offshore_wind_generation,Wind Offshore,2026-05-24T16:09:31Z
2026-05-24T16:08:25Z,2026-05-24T18:08:25+0200,8c5f6830-b44b-449b-bdab-a1b130ad33e1,2026-05-22T12:15:00Z,2026-05-22T14:15:00+0200,694.86,MW,DE,DE_LU,forecast_offshore_wind_generation,Wind Offshore,2026-05-24T16:09:31Z
2026-05-24T16:08:25Z,2026-05-24T18:08:25+0200,8c5f6830-b44b-449b-bdab-a1b130ad33e1,2026-05-22T12:30:00Z,2026-05-22T14:30:00+0200,677.92,MW,DE,DE_LU,forecast_offshore_wind_generation,Wind Offshore,2026-05-24T16:09:31Z
2026-05-24T16:08:25Z,2026-05-24T18:08:25+0200,8c5f6830-b44b-449b-bdab-a1b130ad33e1,2026-05-22T12:45:00Z,2026-05-22T14:45:00+0200,659.06,MW,DE,DE_LU,forecast_offshore_wind_generation,Wind Offshore,2026-05-24T16:09:31Z
2026-05-24T16:08:25Z,2026-05-24T18:08:25+0200,8c5f6830-b44b-449b-bdab-a1b130ad33e1,2026-05-22T13:00:00Z,2026-05-22T15:00:00+0200,641.64,MW,DE,DE_LU,forecast_offshore_wind_generation,Wind Offshore,2026-05-24T16:09:31Z
2026-05-24T16:08:25Z,2026-05-24T18:08:25+0200,8c5f6830-b44b-449b-bdab-a1b130ad33e1,2026-05-22T13:15:00Z,2026-05-22T15:15:00+0200,621.84,MW,DE,DE_LU,forecast_offshore_wind_generation,Wind Offshore,2026-05-24T16:09:31Z
2026-05-24T16:08:25Z,2026-05-24T18:08:25+0200,8c5f6830-b44b-449b-bdab-a1b130ad33e1,2026-05-22T13:30:00Z,2026-05-22T15:30:00+0200,602.48,MW,DE,DE_LU,forecast_offshore_wind_generation,Wind Offshore,2026-05-24T16:09:31Z
2026-05-24T16:08:25Z,2026-05-24T18:08:25+0200,8c5f6830-b44b-449b-bdab-a1b130ad33e1,2026-05-22T13:45:00Z,2026-05-22T15:45:00+0200,577.78,MW,DE,DE_LU,forecast_offshore_wind_generation,Wind Offshore,2026-05-24T16:09:31Z
2026-05-24T16:08:25Z,2026-05-24T18:08:25+0200,8c5f6830-b44b-449b-bdab-a1b130ad33e1,2026-05-22T14:00:00Z,2026-05-22T16:00:00+0200,565.78,MW,DE,DE_LU,forecast_offshore_wind_generation,Wind Offshore,2026-05-24T16:09:31Z
2026-05-24T16:08:25Z,2026-05-24T18:08:25+0200,8c5f6830-b44b-449b-bdab-a1b130ad33e1,2026-05-22T14:15:00Z,2026-05-22T16:15:00+0200,552.0,MW,DE,DE_LU,forecast_offshore_wind_generation,Wind Offshore,2026-05-24T16:09:31Z
2026-05-24T16:08:25Z,2026-05-24T18:08:25+0200,8c5f6830-b44b-449b-bdab-a1b130ad33e1,2026-05-22T14:30:00Z,2026-05-22T16:30:00+0200,536.26,MW,DE,DE_LU,forecast_offshore_wind_generation,Wind Offshore,2026-05-24T16:09:31Z
2026-05-24T16:08:25Z,2026-05-24T18:08:25+0200,8c5f6830-b44b-449b-bdab-a1b130ad33e1,2026-05-22T14:45:00Z,2026-05-22T16:45:00+0200,519.33,MW,DE,DE_LU,forecast_offshore_wind_generation,Wind Offshore,2026-05-24T16:09:31Z
2026-05-24T16:08:25Z,2026-05-24T18:08:25+0200,8c5f6830-b44b-449b-bdab-a1b130ad33e1,2026-05-22T15:00:00Z,2026-05-22T17:00:00+0200,508.83,MW,DE,DE_LU,forecast_offshore_wind_generation,Wind Offshore,2026-05-24T16:09:31Z
2026-05-24T16:08:25Z,2026-05-24T18:08:25+0200,8c5f6830-b44b-449b-bdab-a1b130ad33e1,2026-05-22T15:15:00Z,2026-05-22T17:15:00+0200,490.32,MW,DE,DE_LU,forecast_offshore_wind_generation,Wind Offshore,2026-05-24T16:09:31Z
2026-05-24T16:08:25Z,2026-05-24T18:08:25+0200,8c5f6830-b44b-449b-bdab-a1b130ad33e1,2026-05-22T15:30:00Z,2026-05-22T17:30:00+0200,475.81,MW,DE,DE_LU,forecast_offshore_wind_generation,Wind Offshore,2026-05-24T16:09:31Z
2026-05-24T16:08:25Z,2026-05-24T18:08:25+0200,8c5f6830-b44b-449b-bdab-a1b130ad33e1,2026-05-22T15:45:00Z,2026-05-22T17:45:00+0200,455.68,MW,DE,DE_LU,forecast_offshore_wind_generation,Wind Offshore,2026-05-24T16:09:31Z
2026-05-24T16:08:25Z,2026-05-24T18:08:25+0200,8c5f6830-b44b-449b-bdab-a1b130ad33e1,2026-05-22T16:00:00Z,2026-05-22T18:00:00+0200,439.63,MW,DE,DE_LU,forecast_offshore_wind_generation,Wind Offshore,2026-05-24T16:09:31Z
2026-05-24T16:08:25Z,2026-05-24T18:08:25+0200,8c5f6830-b44b-449b-bdab-a1b130ad33e1,2026-05-22T16:15:00Z,2026-05-22T18:15:00+0200,424.64,MW,DE,DE_LU,forecast_offshore_wind_generation,Wind Offshore,2026-05-24T16:09:31Z
2026-05-24T16:08:25Z,2026-05-24T18:08:25+0200,8c5f6830-b44b-449b-bdab-a1b130ad33e1,2026-05-22T16:30:00Z,2026-05-22T18:30:00+0200,414.79,MW,DE,DE_LU,forecast_offshore_wind_generation,Wind Offshore,2026-05-24T16:09:31Z
2026-05-24T16:08:25Z,2026-05-24T18:08:25+0200,8c5f6830-b44b-449b-bdab-a1b130ad33e1,2026-05-22T16:45:00Z,2026-05-22T18:45:00+0200,404.49,MW,DE,DE_LU,forecast_offshore_wind_generation,Wind Offshore,2026-05-24T16:09:31Z
2026-05-24T16:08:25Z,2026-05-24T18:08:25+0200,8c5f6830-b44b-449b-bdab-a1b130ad33e1,2026-05-22T17:00:00Z,2026-05-22T19:00:00+0200,398.3,MW,DE,DE_LU,forecast_offshore_wind_generation,Wind Offshore,2026-05-24T16:09:31Z
2026-05-24T16:08:25Z,2026-05-24T18:08:25+0200,8c5f6830-b44b-449b-bdab-a1b130ad33e1,2026-05-22T17:15:00Z,2026-05-22T19:15:00+0200,403.46,MW,DE,DE_LU,forecast_offshore_wind_generation,Wind Offshore,2026-05-24T16:09:31Z
2026-05-24T16:08:25Z,2026-05-24T18:08:25+0200,8c5f6830-b44b-449b-bdab-a1b130ad33e1,2026-05-22T17:30:00Z,2026-05-22T19:30:00+0200,409.61,MW,DE,DE_LU,forecast_offshore_wind_generation,Wind Offshore,2026-05-24T16:09:31Z
2026-05-24T16:08:25Z,2026-05-24T18:08:25+0200,8c5f6830-b44b-449b-bdab-a1b130ad33e1,2026-05-22T17:45:00Z,2026-05-22T19:45:00+0200,420.86,MW,DE,DE_LU,forecast_offshore_wind_generation,Wind Offshore,2026-05-24T16:09:31Z
2026-05-24T16:08:25Z,2026-05-24T18:08:25+0200,8c5f6830-b44b-449b-bdab-a1b130ad33e1,2026-05-22T18:00:00Z,2026-05-22T20:00:00+0200,433.82,MW,DE,DE_LU,forecast_offshore_wind_generation,Wind Offshore,2026-05-24T16:09:31Z
2026-05-24T16:08:25Z,2026-05-24T18:08:25+0200,8c5f6830-b44b-449b-bdab-a1b130ad33e1,2026-05-22T18:15:00Z,2026-05-22T20:15:00+0200,464.97,MW,DE,DE_LU,forecast_offshore_wind_generation,Wind Offshore,2026-05-24T16:09:31Z
2026-05-24T16:08:25Z,2026-05-24T18:08:25+0200,8c5f6830-b44b-449b-bdab-a1b130ad33e1,2026-05-22T18:30:00Z,2026-05-22T20:30:00+0200,491.11,MW,DE,DE_LU,forecast_offshore_wind_generation,Wind Offshore,2026-05-24T16:09:31Z
2026-05-24T16:08:25Z,2026-05-24T18:08:25+0200,8c5f6830-b44b-449b-bdab-a1b130ad33e1,2026-05-22T18:45:00Z,2026-05-22T20:45:00+0200,522.28,MW,DE,DE_LU,forecast_offshore_wind_generation,Wind Offshore,2026-05-24T16:09:31Z
2026-05-24T16:08:25Z,2026-05-24T18:08:25+0200,8c5f6830-b44b-449b-bdab-a1b130ad33e1,2026-05-22T19:00:00Z,2026-05-22T21:00:00+0200,564.49,MW,DE,DE_LU,forecast_offshore_wind_generation,Wind Offshore,2026-05-24T16:09:31Z
2026-05-24T16:08:25Z,2026-05-24T18:08:25+0200,8c5f6830-b44b-449b-bdab-a1b130ad33e1,2026-05-22T19:15:00Z,2026-05-22T21:15:00+0200,621.53,MW,DE,DE_LU,forecast_offshore_wind_generation,Wind Offshore,2026-05-24T16:09:31Z
2026-05-24T16:08:25Z,2026-05-24T18:08:25+0200,8c5f6830-b44b-449b-bdab-a1b130ad33e1,2026-05-22T19:30:00Z,2026-05-22T21:30:00+0200,684.22,MW,DE,DE_LU,forecast_offshore_wind_generation,Wind Offshore,2026-05-24T16:09:31Z
2026-05-24T16:08:25Z,2026-05-24T18:08:25+0200,8c5f6830-b44b-449b-bdab-a1b130ad33e1,2026-05-22T19:45:00Z,2026-05-22T21:45:00+0200,744.85,MW,DE,DE_LU,forecast_offshore_wind_generation,Wind Offshore,2026-05-24T16:09:31Z
2026-05-24T16:08:25Z,2026-05-24T18:08:25+0200,8c5f6830-b44b-449b-bdab-a1b130ad33e1,2026-05-22T20:00:00Z,2026-05-22T22:00:00+0200,827.22,MW,DE,DE_LU,forecast_offshore_wind_generation,Wind Offshore,2026-05-24T16:09:31Z
2026-05-24T16:08:25Z,2026-05-24T18:08:25+0200,8c5f6830-b44b-449b-bdab-a1b130ad33e1,2026-05-22T20:15:00Z,2026-05-22T22:15:00+0200,927.74,MW,DE,DE_LU,forecast_offshore_wind_generation,Wind Offshore,2026-05-24T16:09:31Z
2026-05-24T16:08:25Z,2026-05-24T18:08:25+0200,8c5f6830-b44b-449b-bdab-a1b130ad33e1,2026-05-22T20:30:00Z,2026-05-22T22:30:00+0200,1031.39,MW,DE,DE_LU,forecast_offshore_wind_generation,Wind Offshore,2026-05-24T16:09:31Z
2026-05-24T16:08:25Z,2026-05-24T18:08:25+0200,8c5f6830-b44b-449b-bdab-a1b130ad33e1,2026-05-22T20:45:00Z,2026-05-22T22:45:00+0200,1137.2,MW,DE,DE_LU,forecast_offshore_wind_generation,Wind Offshore,2026-05-24T16:09:31Z
2026-05-24T16:08:25Z,2026-05-24T18:08:25+0200,8c5f6830-b44b-449b-bdab-a1b130ad33e1,2026-05-22T21:00:00Z,2026-05-22T23:00:00+0200,1258.1,MW,DE,DE_LU,forecast_offshore_wind_generation,Wind Offshore,2026-05-24T16:09:31Z
2026-05-24T16:08:25Z,2026-05-24T18:08:25+0200,8c5f6830-b44b-449b-bdab-a1b130ad33e1,2026-05-22T21:15:00Z,2026-05-22T23:15:00+0200,1393.46,MW,DE,DE_LU,forecast_offshore_wind_generation,Wind Offshore,2026-05-24T16:09:31Z
2026-05-24T16:08:25Z,2026-05-24T18:08:25+0200,8c5f6830-b44b-449b-bdab-a1b130ad33e1,2026-05-22T21:30:00Z,2026-05-22T23:30:00+0200,1527.52,MW,DE,DE_LU,forecast_offshore_wind_generation,Wind Offshore,2026-05-24T16:09:31Z
2026-05-24T16:08:25Z,2026-05-24T18:08:25+0200,8c5f6830-b44b-449b-bdab-a1b130ad33e1,2026-05-22T21:45:00Z,2026-05-22T23:45:00+0200,1667.51,MW,DE,DE_LU,forecast_offshore_wind_generation,Wind Offshore,2026-05-24T16:09:31Z
2026-05-24T16:08:25Z,2026-05-24T18:08:25+0200,8c5f6830-b44b-449b-bdab-a1b130ad33e1,2026-05-22T22:00:00Z,2026-05-23T00:00:00+0200,1989.67,MW,DE,DE_LU,forecast_offshore_wind_generation,Wind Offshore,2026-05-24T16:09:31Z
2026-05-24T16:08:25Z,2026-05-24T18:08:25+0200,8c5f6830-b44b-449b-bdab-a1b130ad33e1,2026-05-22T22:15:00Z,2026-05-23T00:15:00+0200,2110.25,MW,DE,DE_LU,forecast_offshore_wind_generation,Wind Offshore,2026-05-24T16:09:31Z
2026-05-24T16:08:25Z,2026-05-24T18:08:25+0200,8c5f6830-b44b-449b-bdab-a1b130ad33e1,2026-05-22T22:30:00Z,2026-05-23T00:30:00+0200,2227.97,MW,DE,DE_LU,forecast_offshore_wind_generation,Wind Offshore,2026-05-24T16:09:31Z
2026-05-24T16:08:25Z,2026-05-24T18:08:25+0200,8c5f6830-b44b-449b-bdab-a1b130ad33e1,2026-05-22T22:45:00Z,2026-05-23T00:45:00+0200,2338.82,MW,DE,DE_LU,forecast_offshore_wind_generation,Wind Offshore,2026-05-24T16:09:31Z
2026-05-24T16:08:25Z,2026-05-24T18:08:25+0200,8c5f6830-b44b-449b-bdab-a1b130ad33e1,2026-05-22T23:00:00Z,2026-05-23T01:00:00+0200,2442.65,MW,DE,DE_LU,forecast_offshore_wind_generation,Wind Offshore,2026-05-24T16:09:31Z
2026-05-24T16:08:25Z,2026-05-24T18:08:25+0200,8c5f6830-b44b-449b-bdab-a1b130ad33e1,2026-05-22T23:15:00Z,2026-05-23T01:15:00+0200,2525.76,MW,DE,DE_LU,forecast_offshore_wind_generation,Wind Offshore,2026-05-24T16:09:31Z
2026-05-24T16:08:25Z,2026-05-24T18:08:25+0200,8c5f6830-b44b-449b-bdab-a1b130ad33e1,2026-05-22T23:30:00Z,2026-05-23T01:30:00+0200,2608.96,MW,DE,DE_LU,forecast_offshore_wind_generation,Wind Offshore,2026-05-24T16:09:31Z
2026-05-24T16:08:25Z,2026-05-24T18:08:25+0200,8c5f6830-b44b-449b-bdab-a1b130ad33e1,2026-05-22T23:45:00Z,2026-05-23T01:45:00+0200,2689.23,MW,DE,DE_LU,forecast_offshore_wind_generation,Wind Offshore,2026-05-24T16:09:31Z
2026-05-24T16:08:25Z,2026-05-24T18:08:25+0200,8c5f6830-b44b-449b-bdab-a1b130ad33e1,2026-05-23T00:00:00Z,2026-05-23T02:00:00+0200,2768.86,MW,DE,DE_LU,forecast_offshore_wind_generation,Wind Offshore,2026-05-24T16:09:31Z
2026-05-24T16:08:25Z,2026-05-24T18:08:25+0200,8c5f6830-b44b-449b-bdab-a1b130ad33e1,2026-05-23T00:15:00Z,2026-05-23T02:15:00+0200,2831.53,MW,DE,DE_LU,forecast_offshore_wind_generation,Wind Offshore,2026-05-24T16:09:31Z
2026-05-24T16:08:25Z,2026-05-24T18:08:25+0200,8c5f6830-b44b-449b-bdab-a1b130ad33e1,2026-05-23T00:30:00Z,2026-05-23T02:30:00+0200,2892.32,MW,DE,DE_LU,forecast_offshore_wind_generation,Wind Offshore,2026-05-24T16:09:31Z
2026-05-24T16:08:25Z,2026-05-24T18:08:25+0200,8c5f6830-b44b-449b-bdab-a1b130ad33e1,2026-05-23T00:45:00Z,2026-05-23T02:45:00+0200,2961.36,MW,DE,DE_LU,forecast_offshore_wind_generation,Wind Offshore,2026-05-24T16:09:31Z
2026-05-24T16:08:25Z,2026-05-24T18:08:25+0200,8c5f6830-b44b-449b-bdab-a1b130ad33e1,2026-05-23T01:00:00Z,2026-05-23T03:00:00+0200,3020.23,MW,DE,DE_LU,forecast_offshore_wind_generation,Wind Offshore,2026-05-24T16:09:31Z
2026-05-24T16:08:25Z,2026-05-24T18:08:25+0200,8c5f6830-b44b-449b-bdab-a1b130ad33e1,2026-05-23T01:15:00Z,2026-05-23T03:15:00+0200,3094.82,MW,DE,DE_LU,forecast_offshore_wind_generation,Wind Offshore,2026-05-24T16:09:31Z
2026-05-24T16:08:25Z,2026-05-24T18:08:25+0200,8c5f6830-b44b-449b-bdab-a1b130ad33e1,2026-05-23T01:30:00Z,2026-05-23T03:30:00+0200,3168.57,MW,DE,DE_LU,forecast_offshore_wind_generation,Wind Offshore,2026-05-24T16:09:31Z
2026-05-24T16:08:25Z,2026-05-24T18:08:25+0200,8c5f6830-b44b-449b-bdab-a1b130ad33e1,2026-05-23T01:45:00Z,2026-05-23T03:45:00+0200,3238.33,MW,DE,DE_LU,forecast_offshore_wind_generation,Wind Offshore,2026-05-24T16:09:31Z
2026-05-24T16:08:25Z,2026-05-24T18:08:25+0200,8c5f6830-b44b-449b-bdab-a1b130ad33e1,2026-05-23T02:00:00Z,2026-05-23T04:00:00+0200,3304.27,MW,DE,DE_LU,forecast_offshore_wind_generation,Wind Offshore,2026-05-24T16:09:31Z
2026-05-24T16:08:25Z,2026-05-24T18:08:25+0200,8c5f6830-b44b-449b-bdab-a1b130ad33e1,2026-05-23T02:15:00Z,2026-05-23T04:15:00+0200,3371.33,MW,DE,DE_LU,forecast_offshore_wind_generation,Wind Offshore,2026-05-24T16:09:31Z
2026-05-24T16:08:25Z,2026-05-24T18:08:25+0200,8c5f6830-b44b-449b-bdab-a1b130ad33e1,2026-05-23T02:30:00Z,2026-05-23T04:30:00+0200,3428.39,MW,DE,DE_LU,forecast_offshore_wind_generation,Wind Offshore,2026-05-24T16:09:31Z
2026-05-24T16:08:25Z,2026-05-24T18:08:25+0200,8c5f6830-b44b-449b-bdab-a1b130ad33e1,2026-05-23T02:45:00Z,2026-05-23T04:45:00+0200,3486.4,MW,DE,DE_LU,forecast_offshore_wind_generation,Wind Offshore,2026-05-24T16:09:31Z
2026-05-24T16:08:25Z,2026-05-24T18:08:25+0200,8c5f6830-b44b-449b-bdab-a1b130ad33e1,2026-05-23T03:00:00Z,2026-05-23T05:00:00+0200,3544.09,MW,DE,DE_LU,forecast_offshore_wind_generation,Wind Offshore,2026-05-24T16:09:31Z
2026-05-24T16:08:25Z,2026-05-24T18:08:25+0200,8c5f6830-b44b-449b-bdab-a1b130ad33e1,2026-05-23T03:15:00Z,2026-05-23T05:15:00+0200,3604.18,MW,DE,DE_LU,forecast_offshore_wind_generation,Wind Offshore,2026-05-24T16:09:31Z
2026-05-24T16:08:25Z,2026-05-24T18:08:25+0200,8c5f6830-b44b-449b-bdab-a1b130ad33e1,2026-05-23T03:30:00Z,2026-05-23T05:30:00+0200,3657.67,MW,DE,DE_LU,forecast_offshore_wind_generation,Wind Offshore,2026-05-24T16:09:31Z
2026-05-24T16:08:25Z,2026-05-24T18:08:25+0200,8c5f6830-b44b-449b-bdab-a1b130ad33e1,2026-05-23T03:45:00Z,2026-05-23T05:45:00+0200,3713.27,MW,DE,DE_LU,forecast_offshore_wind_generation,Wind Offshore,2026-05-24T16:09:31Z
2026-05-24T16:08:25Z,2026-05-24T18:08:25+0200,8c5f6830-b44b-449b-bdab-a1b130ad33e1,2026-05-23T04:00:00Z,2026-05-23T06:00:00+0200,3766.7,MW,DE,DE_LU,forecast_offshore_wind_generation,Wind Offshore,2026-05-24T16:09:31Z
2026-05-24T16:08:25Z,2026-05-24T18:08:25+0200,8c5f6830-b44b-449b-bdab-a1b130ad33e1,2026-05-23T04:15:00Z,2026-05-23T06:15:00+0200,3777.38,MW,DE,DE_LU,forecast_offshore_wind_generation,Wind Offshore,2026-05-24T16:09:31Z
2026-05-24T16:08:25Z,2026-05-24T18:08:25+0200,8c5f6830-b44b-449b-bdab-a1b130ad33e1,2026-05-23T04:30:00Z,2026-05-23T06:30:00+0200,3789.09,MW,DE,DE_LU,forecast_offshore_wind_generation,Wind Offshore,2026-05-24T16:09:31Z
2026-05-24T16:08:25Z,2026-05-24T18:08:25+0200,8c5f6830-b44b-449b-bdab-a1b130ad33e1,2026-05-23T04:45:00Z,2026-05-23T06:45:00+0200,3795.91,MW,DE,DE_LU,forecast_offshore_wind_generation,Wind Offshore,2026-05-24T16:09:31Z
2026-05-24T16:08:25Z,2026-05-24T18:08:25+0200,8c5f6830-b44b-449b-bdab-a1b130ad33e1,2026-05-23T05:00:00Z,2026-05-23T07:00:00+0200,3791.55,MW,DE,DE_LU,forecast_offshore_wind_generation,Wind Offshore,2026-05-24T16:09:31Z
2026-05-24T16:08:25Z,2026-05-24T18:08:25+0200,8c5f6830-b44b-449b-bdab-a1b130ad33e1,2026-05-23T05:15:00Z,2026-05-23T07:15:00+0200,3764.13,MW,DE,DE_LU,forecast_offshore_wind_generation,Wind Offshore,2026-05-24T16:09:31Z
2026-05-24T16:08:25Z,2026-05-24T18:08:25+0200,8c5f6830-b44b-449b-bdab-a1b130ad33e1,2026-05-23T05:30:00Z,2026-05-23T07:30:00+0200,3735.72,MW,DE,DE_LU,forecast_offshore_wind_generation,Wind Offshore,2026-05-24T16:09:31Z
2026-05-24T16:08:25Z,2026-05-24T18:08:25+0200,8c5f6830-b44b-449b-bdab-a1b130ad33e1,2026-05-23T05:45:00Z,2026-05-23T07:45:00+0200,3710.32,MW,DE,DE_LU,forecast_offshore_wind_generation,Wind Offshore,2026-05-24T16:09:31Z
2026-05-24T16:08:25Z,2026-05-24T18:08:25+0200,8c5f6830-b44b-449b-bdab-a1b130ad33e1,2026-05-23T06:00:00Z,2026-05-23T08:00:00+0200,3656.93,MW,DE,DE_LU,forecast_offshore_wind_generation,Wind Offshore,2026-05-24T16:09:31Z
2026-05-24T16:08:25Z,2026-05-24T18:08:25+0200,8c5f6830-b44b-449b-bdab-a1b130ad33e1,2026-05-23T06:15:00Z,2026-05-23T08:15:00+0200,3553.51,MW,DE,DE_LU,forecast_offshore_wind_generation,Wind Offshore,2026-05-24T16:09:31Z
2026-05-24T16:08:25Z,2026-05-24T18:08:25+0200,8c5f6830-b44b-449b-bdab-a1b130ad33e1,2026-05-23T06:30:00Z,2026-05-23T08:30:00+0200,3351.18,MW,DE,DE_LU,forecast_offshore_wind_generation,Wind Offshore,2026-05-24T16:09:31Z
2026-05-24T16:08:25Z,2026-05-24T18:08:25+0200,8c5f6830-b44b-449b-bdab-a1b130ad33e1,2026-05-23T06:45:00Z,2026-05-23T08:45:00+0200,3215.99,MW,DE,DE_LU,forecast_offshore_wind_generation,Wind Offshore,2026-05-24T16:09:31Z
2026-05-24T16:08:25Z,2026-05-24T18:08:25+0200,8c5f6830-b44b-449b-bdab-a1b130ad33e1,2026-05-23T07:00:00Z,2026-05-23T09:00:00+0200,3107.54,MW,DE,DE_LU,forecast_offshore_wind_generation,Wind Offshore,2026-05-24T16:09:31Z
2026-05-24T16:08:25Z,2026-05-24T18:08:25+0200,8c5f6830-b44b-449b-bdab-a1b130ad33e1,2026-05-23T07:15:00Z,2026-05-23T09:15:00+0200,2985.44,MW,DE,DE_LU,forecast_offshore_wind_generation,Wind Offshore,2026-05-24T16:09:31Z
2026-05-24T16:08:25Z,2026-05-24T18:08:25+0200,8c5f6830-b44b-449b-bdab-a1b130ad33e1,2026-05-23T07:30:00Z,2026-05-23T09:30:00+0200,2859.25,MW,DE,DE_LU,forecast_offshore_wind_generation,Wind Offshore,2026-05-24T16:09:31Z
2026-05-24T16:08:25Z,2026-05-24T18:08:25+0200,8c5f6830-b44b-449b-bdab-a1b130ad33e1,2026-05-23T07:45:00Z,2026-05-23T09:45:00+0200,2731.06,MW,DE,DE_LU,forecast_offshore_wind_generation,Wind Offshore,2026-05-24T16:09:31Z
2026-05-24T16:08:25Z,2026-05-24T18:08:25+0200,8c5f6830-b44b-449b-bdab-a1b130ad33e1,2026-05-23T08:00:00Z,2026-05-23T10:00:00+0200,1109.2,MW,DE,DE_LU,forecast_offshore_wind_generation,Wind Offshore,2026-05-24T16:09:31Z
2026-05-24T16:08:25Z,2026-05-24T18:08:25+0200,8c5f6830-b44b-449b-bdab-a1b130ad33e1,2026-05-23T08:15:00Z,2026-05-23T10:15:00+0200,1050.43,MW,DE,DE_LU,forecast_offshore_wind_generation,Wind Offshore,2026-05-24T16:09:31Z
2026-05-24T16:08:25Z,2026-05-24T18:08:25+0200,8c5f6830-b44b-449b-bdab-a1b130ad33e1,2026-05-23T08:30:00Z,2026-05-23T10:30:00+0200,995.93,MW,DE,DE_LU,forecast_offshore_wind_generation,Wind Offshore,2026-05-24T16:09:31Z
2026-05-24T16:08:25Z,2026-05-24T18:08:25+0200,8c5f6830-b44b-449b-bdab-a1b130ad33e1,2026-05-23T08:45:00Z,2026-05-23T10:45:00+0200,942.02,MW,DE,DE_LU,forecast_offshore_wind_generation,Wind Offshore,2026-05-24T16:09:31Z
2026-05-24T16:08:25Z,2026-05-24T18:08:25+0200,8c5f6830-b44b-449b-bdab-a1b130ad33e1,2026-05-23T09:00:00Z,2026-05-23T11:00:00+0200,872.18,MW,DE,DE_LU,forecast_offshore_wind_generation,Wind Offshore,2026-05-24T16:09:31Z
2026-05-24T16:08:25Z,2026-05-24T18:08:25+0200,8c5f6830-b44b-449b-bdab-a1b130ad33e1,2026-05-23T09:15:00Z,2026-05-23T11:15:00+0200,822.49,MW,DE,DE_LU,forecast_offshore_wind_generation,Wind Offshore,2026-05-24T16:09:31Z
2026-05-24T16:08:25Z,2026-05-24T18:08:25+0200,8c5f6830-b44b-449b-bdab-a1b130ad33e1,2026-05-23T09:30:00Z,2026-05-23T11:30:00+0200,772.93,MW,DE,DE_LU,forecast_offshore_wind_generation,Wind Offshore,2026-05-24T16:09:31Z
2026-05-24T16:08:25Z,2026-05-24T18:08:25+0200,8c5f6830-b44b-449b-bdab-a1b130ad33e1,2026-05-23T09:45:00Z,2026-05-23T11:45:00+0200,720.59,MW,DE,DE_LU,forecast_offshore_wind_generation,Wind Offshore,2026-05-24T16:09:31Z
2026-05-24T16:08:25Z,2026-05-24T18:08:25+0200,8c5f6830-b44b-449b-bdab-a1b130ad33e1,2026-05-23T10:00:00Z,2026-05-23T12:00:00+0200,674.83,MW,DE,DE_LU,forecast_offshore_wind_generation,Wind Offshore,2026-05-24T16:09:31Z
2026-05-24T16:08:25Z,2026-05-24T18:08:25+0200,8c5f6830-b44b-449b-bdab-a1b130ad33e1,2026-05-23T10:15:00Z,2026-05-23T12:15:00+0200,638.04,MW,DE,DE_LU,forecast_offshore_wind_generation,Wind Offshore,2026-05-24T16:09:31Z
2026-05-24T16:08:25Z,2026-05-24T18:08:25+0200,8c5f6830-b44b-449b-bdab-a1b130ad33e1,2026-05-23T10:30:00Z,2026-05-23T12:30:00+0200,598.26,MW,DE,DE_LU,forecast_offshore_wind_generation,Wind Offshore,2026-05-24T16:09:31Z
2026-05-24T16:08:25Z,2026-05-24T18:08:25+0200,8c5f6830-b44b-449b-bdab-a1b130ad33e1,2026-05-23T10:45:00Z,2026-05-23T12:45:00+0200,561.49,MW,DE,DE_LU,forecast_offshore_wind_generation,Wind Offshore,2026-05-24T16:09:31Z
2026-05-24T16:08:25Z,2026-05-24T18:08:25+0200,8c5f6830-b44b-449b-bdab-a1b130ad33e1,2026-05-23T11:00:00Z,2026-05-23T13:00:00+0200,529.83,MW,DE,DE_LU,forecast_offshore_wind_generation,Wind Offshore,2026-05-24T16:09:31Z
2026-05-24T16:08:25Z,2026-05-24T18:08:25+0200,8c5f6830-b44b-449b-bdab-a1b130ad33e1,2026-05-23T11:15:00Z,2026-05-23T13:15:00+0200,513.21,MW,DE,DE_LU,forecast_offshore_wind_generation,Wind Offshore,2026-05-24T16:09:31Z
2026-05-24T16:08:25Z,2026-05-24T18:08:25+0200,8c5f6830-b44b-449b-bdab-a1b130ad33e1,2026-05-23T11:30:00Z,2026-05-23T13:30:00+0200,494.7,MW,DE,DE_LU,forecast_offshore_wind_generation,Wind Offshore,2026-05-24T16:09:31Z
2026-05-24T16:08:25Z,2026-05-24T18:08:25+0200,8c5f6830-b44b-449b-bdab-a1b130ad33e1,2026-05-23T11:45:00Z,2026-05-23T13:45:00+0200,476.37,MW,DE,DE_LU,forecast_offshore_wind_generation,Wind Offshore,2026-05-24T16:09:31Z
2026-05-24T16:08:25Z,2026-05-24T18:08:25+0200,8c5f6830-b44b-449b-bdab-a1b130ad33e1,2026-05-23T12:00:00Z,2026-05-23T14:00:00+0200,461.07,MW,DE,DE_LU,forecast_offshore_wind_generation,Wind Offshore,2026-05-24T16:09:31Z
2026-05-24T16:08:25Z,2026-05-24T18:08:25+0200,8c5f6830-b44b-449b-bdab-a1b130ad33e1,2026-05-23T12:15:00Z,2026-05-23T14:15:00+0200,442.16,MW,DE,DE_LU,forecast_offshore_wind_generation,Wind Offshore,2026-05-24T16:09:31Z
2026-05-24T16:08:25Z,2026-05-24T18:08:25+0200,8c5f6830-b44b-449b-bdab-a1b130ad33e1,2026-05-23T12:30:00Z,2026-05-23T14:30:00+0200,423.34,MW,DE,DE_LU,forecast_offshore_wind_generation,Wind Offshore,2026-05-24T16:09:31Z
2026-05-24T16:08:25Z,2026-05-24T18:08:25+0200,8c5f6830-b44b-449b-bdab-a1b130ad33e1,2026-05-23T12:45:00Z,2026-05-23T14:45:00+0200,402.39,MW,DE,DE_LU,forecast_offshore_wind_generation,Wind Offshore,2026-05-24T16:09:31Z
2026-05-24T16:08:25Z,2026-05-24T18:08:25+0200,8c5f6830-b44b-449b-bdab-a1b130ad33e1,2026-05-23T13:00:00Z,2026-05-23T15:00:00+0200,384.65,MW,DE,DE_LU,forecast_offshore_wind_generation,Wind Offshore,2026-05-24T16:09:31Z
2026-05-24T16:08:25Z,2026-05-24T18:08:25+0200,8c5f6830-b44b-449b-bdab-a1b130ad33e1,2026-05-23T13:15:00Z,2026-05-23T15:15:00+0200,373.28,MW,DE,DE_LU,forecast_offshore_wind_generation,Wind Offshore,2026-05-24T16:09:31Z
2026-05-24T16:08:25Z,2026-05-24T18:08:25+0200,8c5f6830-b44b-449b-bdab-a1b130ad33e1,2026-05-23T13:30:00Z,2026-05-23T15:30:00+0200,357.94,MW,DE,DE_LU,forecast_offshore_wind_generation,Wind Offshore,2026-05-24T16:09:31Z
2026-05-24T16:08:25Z,2026-05-24T18:08:25+0200,8c5f6830-b44b-449b-bdab-a1b130ad33e1,2026-05-23T13:45:00Z,2026-05-23T15:45:00+0200,344.67,MW,DE,DE_LU,forecast_offshore_wind_generation,Wind Offshore,2026-05-24T16:09:31Z
2026-05-24T16:08:25Z,2026-05-24T18:08:25+0200,8c5f6830-b44b-449b-bdab-a1b130ad33e1,2026-05-23T14:00:00Z,2026-05-23T16:00:00+0200,337.32,MW,DE,DE_LU,forecast_offshore_wind_generation,Wind Offshore,2026-05-24T16:09:31Z
2026-05-24T16:08:25Z,2026-05-24T18:08:25+0200,8c5f6830-b44b-449b-bdab-a1b130ad33e1,2026-05-23T14:15:00Z,2026-05-23T16:15:00+0200,338.91,MW,DE,DE_LU,forecast_offshore_wind_generation,Wind Offshore,2026-05-24T16:09:31Z
2026-05-24T16:08:25Z,2026-05-24T18:08:25+0200,8c5f6830-b44b-449b-bdab-a1b130ad33e1,2026-05-23T14:30:00Z,2026-05-23T16:30:00+0200,343.53,MW,DE,DE_LU,forecast_offshore_wind_generation,Wind Offshore,2026-05-24T16:09:31Z
2026-05-24T16:08:25Z,2026-05-24T18:08:25+0200,8c5f6830-b44b-449b-bdab-a1b130ad33e1,2026-05-23T14:45:00Z,2026-05-23T16:45:00+0200,345.22,MW,DE,DE_LU,forecast_offshore_wind_generation,Wind Offshore,2026-05-24T16:09:31Z
2026-05-24T16:08:25Z,2026-05-24T18:08:25+0200,8c5f6830-b44b-449b-bdab-a1b130ad33e1,2026-05-23T15:00:00Z,2026-05-23T17:00:00+0200,675.22,MW,DE,DE_LU,forecast_offshore_wind_generation,Wind Offshore,2026-05-24T16:09:31Z
2026-05-24T16:08:25Z,2026-05-24T18:08:25+0200,8c5f6830-b44b-449b-bdab-a1b130ad33e1,2026-05-23T15:15:00Z,2026-05-23T17:15:00+0200,671.88,MW,DE,DE_LU,forecast_offshore_wind_generation,Wind Offshore,2026-05-24T16:09:31Z
2026-05-24T16:08:25Z,2026-05-24T18:08:25+0200,8c5f6830-b44b-449b-bdab-a1b130ad33e1,2026-05-23T15:30:00Z,2026-05-23T17:30:00+0200,661.85,MW,DE,DE_LU,forecast_offshore_wind_generation,Wind Offshore,2026-05-24T16:09:31Z
2026-05-24T16:08:25Z,2026-05-24T18:08:25+0200,8c5f6830-b44b-449b-bdab-a1b130ad33e1,2026-05-23T15:45:00Z,2026-05-23T17:45:00+0200,656.5,MW,DE,DE_LU,forecast_offshore_wind_generation,Wind Offshore,2026-05-24T16:09:31Z
2026-05-24T16:08:25Z,2026-05-24T18:08:25+0200,8c5f6830-b44b-449b-bdab-a1b130ad33e1,2026-05-23T16:00:00Z,2026-05-23T18:00:00+0200,649.19,MW,DE,DE_LU,forecast_offshore_wind_generation,Wind Offshore,2026-05-24T16:09:31Z
2026-05-24T16:08:25Z,2026-05-24T18:08:25+0200,8c5f6830-b44b-449b-bdab-a1b130ad33e1,2026-05-23T16:15:00Z,2026-05-23T18:15:00+0200,648.94,MW,DE,DE_LU,forecast_offshore_wind_generation,Wind Offshore,2026-05-24T16:09:31Z
2026-05-24T16:08:25Z,2026-05-24T18:08:25+0200,8c5f6830-b44b-449b-bdab-a1b130ad33e1,2026-05-23T16:30:00Z,2026-05-23T18:30:00+0200,640.15,MW,DE,DE_LU,forecast_offshore_wind_generation,Wind Offshore,2026-05-24T16:09:31Z
2026-05-24T16:08:25Z,2026-05-24T18:08:25+0200,8c5f6830-b44b-449b-bdab-a1b130ad33e1,2026-05-23T16:45:00Z,2026-05-23T18:45:00+0200,626.75,MW,DE,DE_LU,forecast_offshore_wind_generation,Wind Offshore,2026-05-24T16:09:31Z
2026-05-24T16:08:25Z,2026-05-24T18:08:25+0200,8c5f6830-b44b-449b-bdab-a1b130ad33e1,2026-05-23T17:00:00Z,2026-05-23T19:00:00+0200,624.6,MW,DE,DE_LU,forecast_offshore_wind_generation,Wind Offshore,2026-05-24T16:09:31Z
2026-05-24T16:08:25Z,2026-05-24T18:08:25+0200,8c5f6830-b44b-449b-bdab-a1b130ad33e1,2026-05-23T17:15:00Z,2026-05-23T19:15:00+0200,625.23,MW,DE,DE_LU,forecast_offshore_wind_generation,Wind Offshore,2026-05-24T16:09:31Z
2026-05-24T16:08:25Z,2026-05-24T18:08:25+0200,8c5f6830-b44b-449b-bdab-a1b130ad33e1,2026-05-23T17:30:00Z,2026-05-23T19:30:00+0200,623.9,MW,DE,DE_LU,forecast_offshore_wind_generation,Wind Offshore,2026-05-24T16:09:31Z
2026-05-24T16:08:25Z,2026-05-24T18:08:25+0200,8c5f6830-b44b-449b-bdab-a1b130ad33e1,2026-05-23T17:45:00Z,2026-05-23T19:45:00+0200,620.67,MW,DE,DE_LU,forecast_offshore_wind_generation,Wind Offshore,2026-05-24T16:09:31Z
2026-05-24T16:08:25Z,2026-05-24T18:08:25+0200,8c5f6830-b44b-449b-bdab-a1b130ad33e1,2026-05-23T18:00:00Z,2026-05-23T20:00:00+0200,628.98,MW,DE,DE_LU,forecast_offshore_wind_generation,Wind Offshore,2026-05-24T16:09:31Z
2026-05-24T16:08:25Z,2026-05-24T18:08:25+0200,8c5f6830-b44b-449b-bdab-a1b130ad33e1,2026-05-23T18:15:00Z,2026-05-23T20:15:00+0200,633.47,MW,DE,DE_LU,forecast_offshore_wind_generation,Wind Offshore,2026-05-24T16:09:31Z
2026-05-24T16:08:25Z,2026-05-24T18:08:25+0200,8c5f6830-b44b-449b-bdab-a1b130ad33e1,2026-05-23T18:30:00Z,2026-05-23T20:30:00+0200,643.78,MW,DE,DE_LU,forecast_offshore_wind_generation,Wind Offshore,2026-05-24T16:09:31Z
2026-05-24T16:08:25Z,2026-05-24T18:08:25+0200,8c5f6830-b44b-449b-bdab-a1b130ad33e1,2026-05-23T18:45:00Z,2026-05-23T20:45:00+0200,658.21,MW,DE,DE_LU,forecast_offshore_wind_generation,Wind Offshore,2026-05-24T16:09:31Z
2026-05-24T16:08:25Z,2026-05-24T18:08:25+0200,8c5f6830-b44b-449b-bdab-a1b130ad33e1,2026-05-23T19:00:00Z,2026-05-23T21:00:00+0200,671.64,MW,DE,DE_LU,forecast_offshore_wind_generation,Wind Offshore,2026-05-24T16:09:31Z
2026-05-24T16:08:25Z,2026-05-24T18:08:25+0200,8c5f6830-b44b-449b-bdab-a1b130ad33e1,2026-05-23T19:15:00Z,2026-05-23T21:15:00+0200,686.23,MW,DE,DE_LU,forecast_offshore_wind_generation,Wind Offshore,2026-05-24T16:09:31Z
2026-05-24T16:08:25Z,2026-05-24T18:08:25+0200,8c5f6830-b44b-449b-bdab-a1b130ad33e1,2026-05-23T19:30:00Z,2026-05-23T21:30:00+0200,697.41,MW,DE,DE_LU,forecast_offshore_wind_generation,Wind Offshore,2026-05-24T16:09:31Z
2026-05-24T16:08:25Z,2026-05-24T18:08:25+0200,8c5f6830-b44b-449b-bdab-a1b130ad33e1,2026-05-23T19:45:00Z,2026-05-23T21:45:00+0200,711.77,MW,DE,DE_LU,forecast_offshore_wind_generation,Wind Offshore,2026-05-24T16:09:31Z
2026-05-24T16:08:25Z,2026-05-24T18:08:25+0200,8c5f6830-b44b-449b-bdab-a1b130ad33e1,2026-05-23T20:00:00Z,2026-05-23T22:00:00+0200,732.39,MW,DE,DE_LU,forecast_offshore_wind_generation,Wind Offshore,2026-05-24T16:09:31Z
2026-05-24T16:08:25Z,2026-05-24T18:08:25+0200,8c5f6830-b44b-449b-bdab-a1b130ad33e1,2026-05-23T20:15:00Z,2026-05-23T22:15:00+0200,743.3,MW,DE,DE_LU,forecast_offshore_wind_generation,Wind Offshore,2026-05-24T16:09:31Z
2026-05-24T16:08:25Z,2026-05-24T18:08:25+0200,8c5f6830-b44b-449b-bdab-a1b130ad33e1,2026-05-23T20:30:00Z,2026-05-23T22:30:00+0200,754.92,MW,DE,DE_LU,forecast_offshore_wind_generation,Wind Offshore,2026-05-24T16:09:31Z
2026-05-24T16:08:25Z,2026-05-24T18:08:25+0200,8c5f6830-b44b-449b-bdab-a1b130ad33e1,2026-05-23T20:45:00Z,2026-05-23T22:45:00+0200,762.35,MW,DE,DE_LU,forecast_offshore_wind_generation,Wind Offshore,2026-05-24T16:09:31Z
2026-05-24T16:08:25Z,2026-05-24T18:08:25+0200,8c5f6830-b44b-449b-bdab-a1b130ad33e1,2026-05-23T21:00:00Z,2026-05-23T23:00:00+0200,777.64,MW,DE,DE_LU,forecast_offshore_wind_generation,Wind Offshore,2026-05-24T16:09:31Z
2026-05-24T16:08:25Z,2026-05-24T18:08:25+0200,8c5f6830-b44b-449b-bdab-a1b130ad33e1,2026-05-23T21:15:00Z,2026-05-23T23:15:00+0200,773.99,MW,DE,DE_LU,forecast_offshore_wind_generation,Wind Offshore,2026-05-24T16:09:31Z
2026-05-24T16:08:25Z,2026-05-24T18:08:25+0200,8c5f6830-b44b-449b-bdab-a1b130ad33e1,2026-05-23T21:30:00Z,2026-05-23T23:30:00+0200,773.92,MW,DE,DE_LU,forecast_offshore_wind_generation,Wind Offshore,2026-05-24T16:09:31Z
2026-05-24T16:08:25Z,2026-05-24T18:08:25+0200,8c5f6830-b44b-449b-bdab-a1b130ad33e1,2026-05-23T21:45:00Z,2026-05-23T23:45:00+0200,771.48,MW,DE,DE_LU,forecast_offshore_wind_generation,Wind Offshore,2026-05-24T16:09:31Z
2026-05-24T16:08:25Z,2026-05-24T18:08:25+0200,8c5f6830-b44b-449b-bdab-a1b130ad33e1,2026-05-23T22:00:00Z,2026-05-24T00:00:00+0200,629.85,MW,DE,DE_LU,forecast_offshore_wind_generation,Wind Offshore,2026-05-24T16:09:31Z
2026-05-24T16:08:25Z,2026-05-24T18:08:25+0200,8c5f6830-b44b-449b-bdab-a1b130ad33e1,2026-05-23T22:15:00Z,2026-05-24T00:15:00+0200,640.06,MW,DE,DE_LU,forecast_offshore_wind_generation,Wind Offshore,2026-05-24T16:09:31Z
2026-05-24T16:08:25Z,2026-05-24T18:08:25+0200,8c5f6830-b44b-449b-bdab-a1b130ad33e1,2026-05-23T22:30:00Z,2026-05-24T00:30:00+0200,650.85,MW,DE,DE_LU,forecast_offshore_wind_generation,Wind Offshore,2026-05-24T16:09:31Z
2026-05-24T16:08:25Z,2026-05-24T18:08:25+0200,8c5f6830-b44b-449b-bdab-a1b130ad33e1,2026-05-23T22:45:00Z,2026-05-24T00:45:00+0200,659.89,MW,DE,DE_LU,forecast_offshore_wind_generation,Wind Offshore,2026-05-24T16:09:31Z
2026-05-24T16:08:25Z,2026-05-24T18:08:25+0200,8c5f6830-b44b-449b-bdab-a1b130ad33e1,2026-05-23T23:00:00Z,2026-05-24T01:00:00+0200,670.35,MW,DE,DE_LU,forecast_offshore_wind_generation,Wind Offshore,2026-05-24T16:09:31Z
2026-05-24T16:08:25Z,2026-05-24T18:08:25+0200,8c5f6830-b44b-449b-bdab-a1b130ad33e1,2026-05-23T23:15:00Z,2026-05-24T01:15:00+0200,665.43,MW,DE,DE_LU,forecast_offshore_wind_generation,Wind Offshore,2026-05-24T16:09:31Z
2026-05-24T16:08:25Z,2026-05-24T18:08:25+0200,8c5f6830-b44b-449b-bdab-a1b130ad33e1,2026-05-23T23:30:00Z,2026-05-24T01:30:00+0200,661.81,MW,DE,DE_LU,forecast_offshore_wind_generation,Wind Offshore,2026-05-24T16:09:31Z
2026-05-24T16:08:25Z,2026-05-24T18:08:25+0200,8c5f6830-b44b-449b-bdab-a1b130ad33e1,2026-05-23T23:45:00Z,2026-05-24T01:45:00+0200,658.73,MW,DE,DE_LU,forecast_offshore_wind_generation,Wind Offshore,2026-05-24T16:09:31Z
2026-05-24T16:08:25Z,2026-05-24T18:08:25+0200,8c5f6830-b44b-449b-bdab-a1b130ad33e1,2026-05-24T00:00:00Z,2026-05-24T02:00:00+0200,657.53,MW,DE,DE_LU,forecast_offshore_wind_generation,Wind Offshore,2026-05-24T16:09:31Z
2026-05-24T16:08:25Z,2026-05-24T18:08:25+0200,8c5f6830-b44b-449b-bdab-a1b130ad33e1,2026-05-24T00:15:00Z,2026-05-24T02:15:00+0200,658.42,MW,DE,DE_LU,forecast_offshore_wind_generation,Wind Offshore,2026-05-24T16:09:31Z
2026-05-24T16:08:25Z,2026-05-24T18:08:25+0200,8c5f6830-b44b-449b-bdab-a1b130ad33e1,2026-05-24T00:30:00Z,2026-05-24T02:30:00+0200,658.4,MW,DE,DE_LU,forecast_offshore_wind_generation,Wind Offshore,2026-05-24T16:09:31Z
2026-05-24T16:08:25Z,2026-05-24T18:08:25+0200,8c5f6830-b44b-449b-bdab-a1b130ad33e1,2026-05-24T00:45:00Z,2026-05-24T02:45:00+0200,664.6,MW,DE,DE_LU,forecast_offshore_wind_generation,Wind Offshore,2026-05-24T16:09:31Z
2026-05-24T16:08:25Z,2026-05-24T18:08:25+0200,8c5f6830-b44b-449b-bdab-a1b130ad33e1,2026-05-24T01:00:00Z,2026-05-24T03:00:00+0200,658.6,MW,DE,DE_LU,forecast_offshore_wind_generation,Wind Offshore,2026-05-24T16:09:31Z
2026-05-24T16:08:25Z,2026-05-24T18:08:25+0200,8c5f6830-b44b-449b-bdab-a1b130ad33e1,2026-05-24T01:15:00Z,2026-05-24T03:15:00+0200,639.28,MW,DE,DE_LU,forecast_offshore_wind_generation,Wind Offshore,2026-05-24T16:09:31Z
2026-05-24T16:08:25Z,2026-05-24T18:08:25+0200,8c5f6830-b44b-449b-bdab-a1b130ad33e1,2026-05-24T01:30:00Z,2026-05-24T03:30:00+0200,627.4,MW,DE,DE_LU,forecast_offshore_wind_generation,Wind Offshore,2026-05-24T16:09:31Z
2026-05-24T16:08:25Z,2026-05-24T18:08:25+0200,8c5f6830-b44b-449b-bdab-a1b130ad33e1,2026-05-24T01:45:00Z,2026-05-24T03:45:00+0200,613.61,MW,DE,DE_LU,forecast_offshore_wind_generation,Wind Offshore,2026-05-24T16:09:31Z
2026-05-24T16:08:25Z,2026-05-24T18:08:25+0200,8c5f6830-b44b-449b-bdab-a1b130ad33e1,2026-05-24T02:00:00Z,2026-05-24T04:00:00+0200,600.03,MW,DE,DE_LU,forecast_offshore_wind_generation,Wind Offshore,2026-05-24T16:09:31Z
2026-05-24T16:08:25Z,2026-05-24T18:08:25+0200,8c5f6830-b44b-449b-bdab-a1b130ad33e1,2026-05-24T02:15:00Z,2026-05-24T04:15:00+0200,581.07,MW,DE,DE_LU,forecast_offshore_wind_generation,Wind Offshore,2026-05-24T16:09:31Z
2026-05-24T16:08:25Z,2026-05-24T18:08:25+0200,8c5f6830-b44b-449b-bdab-a1b130ad33e1,2026-05-24T02:30:00Z,2026-05-24T04:30:00+0200,556.42,MW,DE,DE_LU,forecast_offshore_wind_generation,Wind Offshore,2026-05-24T16:09:31Z
2026-05-24T16:08:25Z,2026-05-24T18:08:25+0200,8c5f6830-b44b-449b-bdab-a1b130ad33e1,2026-05-24T02:45:00Z,2026-05-24T04:45:00+0200,541.1,MW,DE,DE_LU,forecast_offshore_wind_generation,Wind Offshore,2026-05-24T16:09:31Z
2026-05-24T16:08:25Z,2026-05-24T18:08:25+0200,8c5f6830-b44b-449b-bdab-a1b130ad33e1,2026-05-24T03:00:00Z,2026-05-24T05:00:00+0200,516.04,MW,DE,DE_LU,forecast_offshore_wind_generation,Wind Offshore,2026-05-24T16:09:31Z
2026-05-24T16:08:25Z,2026-05-24T18:08:25+0200,8c5f6830-b44b-449b-bdab-a1b130ad33e1,2026-05-24T03:15:00Z,2026-05-24T05:15:00+0200,502.33,MW,DE,DE_LU,forecast_offshore_wind_generation,Wind Offshore,2026-05-24T16:09:31Z
2026-05-24T16:08:25Z,2026-05-24T18:08:25+0200,8c5f6830-b44b-449b-bdab-a1b130ad33e1,2026-05-24T03:30:00Z,2026-05-24T05:30:00+0200,483.52,MW,DE,DE_LU,forecast_offshore_wind_generation,Wind Offshore,2026-05-24T16:09:31Z
2026-05-24T16:08:25Z,2026-05-24T18:08:25+0200,8c5f6830-b44b-449b-bdab-a1b130ad33e1,2026-05-24T03:45:00Z,2026-05-24T05:45:00+0200,469.01,MW,DE,DE_LU,forecast_offshore_wind_generation,Wind Offshore,2026-05-24T16:09:31Z
2026-05-24T16:08:25Z,2026-05-24T18:08:25+0200,8c5f6830-b44b-449b-bdab-a1b130ad33e1,2026-05-24T04:00:00Z,2026-05-24T06:00:00+0200,444.26,MW,DE,DE_LU,forecast_offshore_wind_generation,Wind Offshore,2026-05-24T16:09:31Z
2026-05-24T16:08:25Z,2026-05-24T18:08:25+0200,8c5f6830-b44b-449b-bdab-a1b130ad33e1,2026-05-24T04:15:00Z,2026-05-24T06:15:00+0200,429.22,MW,DE,DE_LU,forecast_offshore_wind_generation,Wind Offshore,2026-05-24T16:09:31Z
2026-05-24T16:08:25Z,2026-05-24T18:08:25+0200,8c5f6830-b44b-449b-bdab-a1b130ad33e1,2026-05-24T04:30:00Z,2026-05-24T06:30:00+0200,413.14,MW,DE,DE_LU,forecast_offshore_wind_generation,Wind Offshore,2026-05-24T16:09:31Z
2026-05-24T16:08:25Z,2026-05-24T18:08:25+0200,8c5f6830-b44b-449b-bdab-a1b130ad33e1,2026-05-24T04:45:00Z,2026-05-24T06:45:00+0200,399.9,MW,DE,DE_LU,forecast_offshore_wind_generation,Wind Offshore,2026-05-24T16:09:31Z
2026-05-24T16:08:25Z,2026-05-24T18:08:25+0200,8c5f6830-b44b-449b-bdab-a1b130ad33e1,2026-05-24T05:00:00Z,2026-05-24T07:00:00+0200,385.67,MW,DE,DE_LU,forecast_offshore_wind_generation,Wind Offshore,2026-05-24T16:09:31Z
2026-05-24T16:08:25Z,2026-05-24T18:08:25+0200,8c5f6830-b44b-449b-bdab-a1b130ad33e1,2026-05-24T05:15:00Z,2026-05-24T07:15:00+0200,374.39,MW,DE,DE_LU,forecast_offshore_wind_generation,Wind Offshore,2026-05-24T16:09:31Z
2026-05-24T16:08:25Z,2026-05-24T18:08:25+0200,8c5f6830-b44b-449b-bdab-a1b130ad33e1,2026-05-24T05:30:00Z,2026-05-24T07:30:00+0200,365.18,MW,DE,DE_LU,forecast_offshore_wind_generation,Wind Offshore,2026-05-24T16:09:31Z
2026-05-24T16:08:25Z,2026-05-24T18:08:25+0200,8c5f6830-b44b-449b-bdab-a1b130ad33e1,2026-05-24T05:45:00Z,2026-05-24T07:45:00+0200,357.21,MW,DE,DE_LU,forecast_offshore_wind_generation,Wind Offshore,2026-05-24T16:09:31Z
2026-05-24T16:08:25Z,2026-05-24T18:08:25+0200,8c5f6830-b44b-449b-bdab-a1b130ad33e1,2026-05-24T06:00:00Z,2026-05-24T08:00:00+0200,341.98,MW,DE,DE_LU,forecast_offshore_wind_generation,Wind Offshore,2026-05-24T16:09:31Z
2026-05-24T16:08:25Z,2026-05-24T18:08:25+0200,8c5f6830-b44b-449b-bdab-a1b130ad33e1,2026-05-24T06:15:00Z,2026-05-24T08:15:00+0200,336.1,MW,DE,DE_LU,forecast_offshore_wind_generation,Wind Offshore,2026-05-24T16:09:31Z
2026-05-24T16:08:25Z,2026-05-24T18:08:25+0200,8c5f6830-b44b-449b-bdab-a1b130ad33e1,2026-05-24T06:30:00Z,2026-05-24T08:30:00+0200,325.27,MW,DE,DE_LU,forecast_offshore_wind_generation,Wind Offshore,2026-05-24T16:09:31Z
2026-05-24T16:08:25Z,2026-05-24T18:08:25+0200,8c5f6830-b44b-449b-bdab-a1b130ad33e1,2026-05-24T06:45:00Z,2026-05-24T08:45:00+0200,319.31,MW,DE,DE_LU,forecast_offshore_wind_generation,Wind Offshore,2026-05-24T16:09:31Z
2026-05-24T16:08:25Z,2026-05-24T18:08:25+0200,8c5f6830-b44b-449b-bdab-a1b130ad33e1,2026-05-24T07:00:00Z,2026-05-24T09:00:00+0200,293.51,MW,DE,DE_LU,forecast_offshore_wind_generation,Wind Offshore,2026-05-24T16:09:31Z
2026-05-24T16:08:25Z,2026-05-24T18:08:25+0200,8c5f6830-b44b-449b-bdab-a1b130ad33e1,2026-05-24T07:15:00Z,2026-05-24T09:15:00+0200,296.76,MW,DE,DE_LU,forecast_offshore_wind_generation,Wind Offshore,2026-05-24T16:09:31Z
2026-05-24T16:08:25Z,2026-05-24T18:08:25+0200,8c5f6830-b44b-449b-bdab-a1b130ad33e1,2026-05-24T07:30:00Z,2026-05-24T09:30:00+0200,297.34,MW,DE,DE_LU,forecast_offshore_wind_generation,Wind Offshore,2026-05-24T16:09:31Z
2026-05-24T16:08:25Z,2026-05-24T18:08:25+0200,8c5f6830-b44b-449b-bdab-a1b130ad33e1,2026-05-24T07:45:00Z,2026-05-24T09:45:00+0200,299.27,MW,DE,DE_LU,forecast_offshore_wind_generation,Wind Offshore,2026-05-24T16:09:31Z
2026-05-24T16:08:25Z,2026-05-24T18:08:25+0200,8c5f6830-b44b-449b-bdab-a1b130ad33e1,2026-05-24T08:00:00Z,2026-05-24T10:00:00+0200,302.24,MW,DE,DE_LU,forecast_offshore_wind_generation,Wind Offshore,2026-05-24T16:09:31Z
2026-05-24T16:08:25Z,2026-05-24T18:08:25+0200,8c5f6830-b44b-449b-bdab-a1b130ad33e1,2026-05-24T08:15:00Z,2026-05-24T10:15:00+0200,310.28,MW,DE,DE_LU,forecast_offshore_wind_generation,Wind Offshore,2026-05-24T16:09:31Z
2026-05-24T16:08:25Z,2026-05-24T18:08:25+0200,8c5f6830-b44b-449b-bdab-a1b130ad33e1,2026-05-24T08:30:00Z,2026-05-24T10:30:00+0200,318.6,MW,DE,DE_LU,forecast_offshore_wind_generation,Wind Offshore,2026-05-24T16:09:31Z
2026-05-24T16:08:25Z,2026-05-24T18:08:25+0200,8c5f6830-b44b-449b-bdab-a1b130ad33e1,2026-05-24T08:45:00Z,2026-05-24T10:45:00+0200,326.13,MW,DE,DE_LU,forecast_offshore_wind_generation,Wind Offshore,2026-05-24T16:09:31Z
2026-05-24T16:08:25Z,2026-05-24T18:08:25+0200,8c5f6830-b44b-449b-bdab-a1b130ad33e1,2026-05-24T09:00:00Z,2026-05-24T11:00:00+0200,335.25,MW,DE,DE_LU,forecast_offshore_wind_generation,Wind Offshore,2026-05-24T16:09:31Z
2026-05-24T16:08:25Z,2026-05-24T18:08:25+0200,8c5f6830-b44b-449b-bdab-a1b130ad33e1,2026-05-24T09:15:00Z,2026-05-24T11:15:00+0200,347.41,MW,DE,DE_LU,forecast_offshore_wind_generation,Wind Offshore,2026-05-24T16:09:31Z
2026-05-24T16:08:25Z,2026-05-24T18:08:25+0200,8c5f6830-b44b-449b-bdab-a1b130ad33e1,2026-05-24T09:30:00Z,2026-05-24T11:30:00+0200,359.84,MW,DE,DE_LU,forecast_offshore_wind_generation,Wind Offshore,2026-05-24T16:09:31Z
2026-05-24T16:08:25Z,2026-05-24T18:08:25+0200,8c5f6830-b44b-449b-bdab-a1b130ad33e1,2026-05-24T09:45:00Z,2026-05-24T11:45:00+0200,371.56,MW,DE,DE_LU,forecast_offshore_wind_generation,Wind Offshore,2026-05-24T16:09:31Z
2026-05-24T16:08:25Z,2026-05-24T18:08:25+0200,8c5f6830-b44b-449b-bdab-a1b130ad33e1,2026-05-24T10:00:00Z,2026-05-24T12:00:00+0200,389.0,MW,DE,DE_LU,forecast_offshore_wind_generation,Wind Offshore,2026-05-24T16:09:31Z
2026-05-24T16:08:25Z,2026-05-24T18:08:25+0200,8c5f6830-b44b-449b-bdab-a1b130ad33e1,2026-05-24T10:15:00Z,2026-05-24T12:15:00+0200,396.69,MW,DE,DE_LU,forecast_offshore_wind_generation,Wind Offshore,2026-05-24T16:09:31Z
2026-05-24T16:08:25Z,2026-05-24T18:08:25+0200,8c5f6830-b44b-449b-bdab-a1b130ad33e1,2026-05-24T10:30:00Z,2026-05-24T12:30:00+0200,403.54,MW,DE,DE_LU,forecast_offshore_wind_generation,Wind Offshore,2026-05-24T16:09:31Z
2026-05-24T16:08:25Z,2026-05-24T18:08:25+0200,8c5f6830-b44b-449b-bdab-a1b130ad33e1,2026-05-24T10:45:00Z,2026-05-24T12:45:00+0200,411.15,MW,DE,DE_LU,forecast_offshore_wind_generation,Wind Offshore,2026-05-24T16:09:31Z
2026-05-24T16:08:25Z,2026-05-24T18:08:25+0200,8c5f6830-b44b-449b-bdab-a1b130ad33e1,2026-05-24T11:00:00Z,2026-05-24T13:00:00+0200,417.93,MW,DE,DE_LU,forecast_offshore_wind_generation,Wind Offshore,2026-05-24T16:09:31Z
2026-05-24T16:08:25Z,2026-05-24T18:08:25+0200,8c5f6830-b44b-449b-bdab-a1b130ad33e1,2026-05-24T11:15:00Z,2026-05-24T13:15:00+0200,426.3,MW,DE,DE_LU,forecast_offshore_wind_generation,Wind Offshore,2026-05-24T16:09:31Z
2026-05-24T16:08:25Z,2026-05-24T18:08:25+0200,8c5f6830-b44b-449b-bdab-a1b130ad33e1,2026-05-24T11:30:00Z,2026-05-24T13:30:00+0200,432.78,MW,DE,DE_LU,forecast_offshore_wind_generation,Wind Offshore,2026-05-24T16:09:31Z
2026-05-24T16:08:25Z,2026-05-24T18:08:25+0200,8c5f6830-b44b-449b-bdab-a1b130ad33e1,2026-05-24T11:45:00Z,2026-05-24T13:45:00+0200,442.71,MW,DE,DE_LU,forecast_offshore_wind_generation,Wind Offshore,2026-05-24T16:09:31Z
2026-05-24T16:08:25Z,2026-05-24T18:08:25+0200,8c5f6830-b44b-449b-bdab-a1b130ad33e1,2026-05-24T12:00:00Z,2026-05-24T14:00:00+0200,448.98,MW,DE,DE_LU,forecast_offshore_wind_generation,Wind Offshore,2026-05-24T16:09:31Z
2026-05-24T16:08:25Z,2026-05-24T18:08:25+0200,8c5f6830-b44b-449b-bdab-a1b130ad33e1,2026-05-24T12:15:00Z,2026-05-24T14:15:00+0200,448.98,MW,DE,DE_LU,forecast_offshore_wind_generation,Wind Offshore,2026-05-24T16:09:31Z
2026-05-24T16:08:25Z,2026-05-24T18:08:25+0200,8c5f6830-b44b-449b-bdab-a1b130ad33e1,2026-05-24T12:30:00Z,2026-05-24T14:30:00+0200,448.08,MW,DE,DE_LU,forecast_offshore_wind_generation,Wind Offshore,2026-05-24T16:09:31Z
2026-05-24T16:08:25Z,2026-05-24T18:08:25+0200,8c5f6830-b44b-449b-bdab-a1b130ad33e1,2026-05-24T12:45:00Z,2026-05-24T14:45:00+0200,448.25,MW,DE,DE_LU,forecast_offshore_wind_generation,Wind Offshore,2026-05-24T16:09:31Z
2026-05-24T16:08:25Z,2026-05-24T18:08:25+0200,8c5f6830-b44b-449b-bdab-a1b130ad33e1,2026-05-24T13:00:00Z,2026-05-24T15:00:00+0200,446.49,MW,DE,DE_LU,forecast_offshore_wind_generation,Wind Offshore,2026-05-24T16:09:31Z
2026-05-24T16:08:25Z,2026-05-24T18:08:25+0200,8c5f6830-b44b-449b-bdab-a1b130ad33e1,2026-05-24T13:15:00Z,2026-05-24T15:15:00+0200,443.93,MW,DE,DE_LU,forecast_offshore_wind_generation,Wind Offshore,2026-05-24T16:09:31Z
2026-05-24T16:08:25Z,2026-05-24T18:08:25+0200,8c5f6830-b44b-449b-bdab-a1b130ad33e1,2026-05-24T13:30:00Z,2026-05-24T15:30:00+0200,443.49,MW,DE,DE_LU,forecast_offshore_wind_generation,Wind Offshore,2026-05-24T16:09:31Z
2026-05-24T16:08:25Z,2026-05-24T18:08:25+0200,8c5f6830-b44b-449b-bdab-a1b130ad33e1,2026-05-24T13:45:00Z,2026-05-24T15:45:00+0200,442.0,MW,DE,DE_LU,forecast_offshore_wind_generation,Wind Offshore,2026-05-24T16:09:31Z
2026-05-24T16:08:25Z,2026-05-24T18:08:25+0200,8c5f6830-b44b-449b-bdab-a1b130ad33e1,2026-05-24T14:00:00Z,2026-05-24T16:00:00+0200,446.12,MW,DE,DE_LU,forecast_offshore_wind_generation,Wind Offshore,2026-05-24T16:09:31Z
2026-05-24T16:08:25Z,2026-05-24T18:08:25+0200,8c5f6830-b44b-449b-bdab-a1b130ad33e1,2026-05-24T14:15:00Z,2026-05-24T16:15:00+0200,451.05,MW,DE,DE_LU,forecast_offshore_wind_generation,Wind Offshore,2026-05-24T16:09:31Z
2026-05-24T16:08:25Z,2026-05-24T18:08:25+0200,8c5f6830-b44b-449b-bdab-a1b130ad33e1,2026-05-24T14:30:00Z,2026-05-24T16:30:00+0200,459.96,MW,DE,DE_LU,forecast_offshore_wind_generation,Wind Offshore,2026-05-24T16:09:31Z
2026-05-24T16:08:25Z,2026-05-24T18:08:25+0200,8c5f6830-b44b-449b-bdab-a1b130ad33e1,2026-05-24T14:45:00Z,2026-05-24T16:45:00+0200,463.97,MW,DE,DE_LU,forecast_offshore_wind_generation,Wind Offshore,2026-05-24T16:09:31Z
2026-05-24T16:08:25Z,2026-05-24T18:08:25+0200,8c5f6830-b44b-449b-bdab-a1b130ad33e1,2026-05-24T15:00:00Z,2026-05-24T17:00:00+0200,547.46,MW,DE,DE_LU,forecast_offshore_wind_generation,Wind Offshore,2026-05-24T16:09:31Z
2026-05-24T16:08:25Z,2026-05-24T18:08:25+0200,8c5f6830-b44b-449b-bdab-a1b130ad33e1,2026-05-24T15:15:00Z,2026-05-24T17:15:00+0200,546.58,MW,DE,DE_LU,forecast_offshore_wind_generation,Wind Offshore,2026-05-24T16:09:31Z
2026-05-24T16:08:25Z,2026-05-24T18:08:25+0200,8c5f6830-b44b-449b-bdab-a1b130ad33e1,2026-05-24T15:30:00Z,2026-05-24T17:30:00+0200,559.62,MW,DE,DE_LU,forecast_offshore_wind_generation,Wind Offshore,2026-05-24T16:09:31Z
2026-05-24T16:08:25Z,2026-05-24T18:08:25+0200,8c5f6830-b44b-449b-bdab-a1b130ad33e1,2026-05-24T15:45:00Z,2026-05-24T17:45:00+0200,561.03,MW,DE,DE_LU,forecast_offshore_wind_generation,Wind Offshore,2026-05-24T16:09:31Z
