collection_time_utc,collection_time_local,run_id,timestamp_utc,timestamp_local,value,unit,country,entsoe_area,variable,source,updated_at_utc
2026-09-14T16:20:26Z,2026-09-14T18:20:26+0200,a5f99048-b29d-4df0-9efc-7d09d2edcdd3,2026-09-07T16:30:00Z,2026-09-07T18:30:00+0200,5841.79248,MW,FR,FR,forecast_solar_generation,Solar,2026-09-14T16:21:10Z
2026-09-14T16:20:26Z,2026-09-14T18:20:26+0200,a5f99048-b29d-4df0-9efc-7d09d2edcdd3,2026-09-07T16:45:00Z,2026-09-07T18:45:00+0200,4883.41992,MW,FR,FR,forecast_solar_generation,Solar,2026-09-14T16:21:10Z
2026-09-14T16:20:26Z,2026-09-14T18:20:26+0200,a5f99048-b29d-4df0-9efc-7d09d2edcdd3,2026-09-07T17:00:00Z,2026-09-07T19:00:00+0200,3469.23315,MW,FR,FR,forecast_solar_generation,Solar,2026-09-14T16:21:10Z
2026-09-14T16:20:26Z,2026-09-14T18:20:26+0200,a5f99048-b29d-4df0-9efc-7d09d2edcdd3,2026-09-07T17:15:00Z,2026-09-07T19:15:00+0200,2527.65234,MW,FR,FR,forecast_solar_generation,Solar,2026-09-14T16:21:10Z
2026-09-14T16:20:26Z,2026-09-14T18:20:26+0200,a5f99048-b29d-4df0-9efc-7d09d2edcdd3,2026-09-07T17:30:00Z,2026-09-07T19:30:00+0200,1572.42468,MW,FR,FR,forecast_solar_generation,Solar,2026-09-14T16:21:10Z
2026-09-14T16:20:26Z,2026-09-14T18:20:26+0200,a5f99048-b29d-4df0-9efc-7d09d2edcdd3,2026-09-07T17:45:00Z,2026-09-07T19:45:00+0200,1079.42798,MW,FR,FR,forecast_solar_generation,Solar,2026-09-14T16:21:10Z
2026-09-14T16:20:26Z,2026-09-14T18:20:26+0200,a5f99048-b29d-4df0-9efc-7d09d2edcdd3,2026-09-07T18:00:00Z,2026-09-07T20:00:00+0200,592.59222,MW,FR,FR,forecast_solar_generation,Solar,2026-09-14T16:21:10Z
2026-09-14T16:20:26Z,2026-09-14T18:20:26+0200,a5f99048-b29d-4df0-9efc-7d09d2edcdd3,2026-09-07T18:15:00Z,2026-09-07T20:15:00+0200,211.58617,MW,FR,FR,forecast_solar_generation,Solar,2026-09-14T16:21:10Z
2026-09-14T16:20:26Z,2026-09-14T18:20:26+0200,a5f99048-b29d-4df0-9efc-7d09d2edcdd3,2026-09-07T18:30:00Z,2026-09-07T20:30:00+0200,17.52626,MW,FR,FR,forecast_solar_generation,Solar,2026-09-14T16:21:10Z
2026-09-14T16:20:26Z,2026-09-14T18:20:26+0200,a5f99048-b29d-4df0-9efc-7d09d2edcdd3,2026-09-07T18:45:00Z,2026-09-07T20:45:00+0200,0.0,MW,FR,FR,forecast_solar_generation,Solar,2026-09-14T16:21:10Z
2026-09-14T16:20:26Z,2026-09-14T18:20:26+0200,a5f99048-b29d-4df0-9efc-7d09d2edcdd3,2026-09-07T19:00:00Z,2026-09-07T21:00:00+0200,0.0,MW,FR,FR,forecast_solar_generation,Solar,2026-09-14T16:21:10Z
2026-09-14T16:20:26Z,2026-09-14T18:20:26+0200,a5f99048-b29d-4df0-9efc-7d09d2edcdd3,2026-09-07T19:15:00Z,2026-09-07T21:15:00+0200,0.0,MW,FR,FR,forecast_solar_generation,Solar,2026-09-14T16:21:10Z
2026-09-14T16:20:26Z,2026-09-14T18:20:26+0200,a5f99048-b29d-4df0-9efc-7d09d2edcdd3,2026-09-07T19:30:00Z,2026-09-07T21:30:00+0200,0.0,MW,FR,FR,forecast_solar_generation,Solar,2026-09-14T16:21:10Z
2026-09-14T16:20:26Z,2026-09-14T18:20:26+0200,a5f99048-b29d-4df0-9efc-7d09d2edcdd3,2026-09-07T19:45:00Z,2026-09-07T21:45:00+0200,0.0,MW,FR,FR,forecast_solar_generation,Solar,2026-09-14T16:21:10Z
2026-09-14T16:20:26Z,2026-09-14T18:20:26+0200,a5f99048-b29d-4df0-9efc-7d09d2edcdd3,2026-09-07T20:00:00Z,2026-09-07T22:00:00+0200,0.0,MW,FR,FR,forecast_solar_generation,Solar,2026-09-14T16:21:10Z
2026-09-14T16:20:26Z,2026-09-14T18:20:26+0200,a5f99048-b29d-4df0-9efc-7d09d2edcdd3,2026-09-07T20:15:00Z,2026-09-07T22:15:00+0200,0.0,MW,FR,FR,forecast_solar_generation,Solar,2026-09-14T16:21:10Z
2026-09-14T16:20:26Z,2026-09-14T18:20:26+0200,a5f99048-b29d-4df0-9efc-7d09d2edcdd3,2026-09-07T20:30:00Z,2026-09-07T22:30:00+0200,0.0,MW,FR,FR,forecast_solar_generation,Solar,2026-09-14T16:21:10Z
2026-09-14T16:20:26Z,2026-09-14T18:20:26+0200,a5f99048-b29d-4df0-9efc-7d09d2edcdd3,2026-09-07T20:45:00Z,2026-09-07T22:45:00+0200,0.0,MW,FR,FR,forecast_solar_generation,Solar,2026-09-14T16:21:10Z
2026-09-14T16:20:26Z,2026-09-14T18:20:26+0200,a5f99048-b29d-4df0-9efc-7d09d2edcdd3,2026-09-07T21:00:00Z,2026-09-07T23:00:00+0200,0.0,MW,FR,FR,forecast_solar_generation,Solar,2026-09-14T16:21:10Z
2026-09-14T16:20:26Z,2026-09-14T18:20:26+0200,a5f99048-b29d-4df0-9efc-7d09d2edcdd3,2026-09-07T21:15:00Z,2026-09-07T23:15:00+0200,0.0,MW,FR,FR,forecast_solar_generation,Solar,2026-09-14T16:21:10Z
2026-09-14T16:20:26Z,2026-09-14T18:20:26+0200,a5f99048-b29d-4df0-9efc-7d09d2edcdd3,2026-09-07T21:30:00Z,2026-09-07T23:30:00+0200,0.0,MW,FR,FR,forecast_solar_generation,Solar,2026-09-14T16:21:10Z
2026-09-14T16:20:26Z,2026-09-14T18:20:26+0200,a5f99048-b29d-4df0-9efc-7d09d2edcdd3,2026-09-07T21:45:00Z,2026-09-07T23:45:00+0200,0.0,MW,FR,FR,forecast_solar_generation,Solar,2026-09-14T16:21:10Z
2026-09-14T16:20:26Z,2026-09-14T18:20:26+0200,a5f99048-b29d-4df0-9efc-7d09d2edcdd3,2026-09-07T22:00:00Z,2026-09-08T00:00:00+0200,0.0,MW,FR,FR,forecast_solar_generation,Solar,2026-09-14T16:21:10Z
2026-09-14T16:20:26Z,2026-09-14T18:20:26+0200,a5f99048-b29d-4df0-9efc-7d09d2edcdd3,2026-09-07T22:15:00Z,2026-09-08T00:15:00+0200,0.0,MW,FR,FR,forecast_solar_generation,Solar,2026-09-14T16:21:10Z
2026-09-14T16:20:26Z,2026-09-14T18:20:26+0200,a5f99048-b29d-4df0-9efc-7d09d2edcdd3,2026-09-07T22:30:00Z,2026-09-08T00:30:00+0200,0.0,MW,FR,FR,forecast_solar_generation,Solar,2026-09-14T16:21:10Z
2026-09-14T16:20:26Z,2026-09-14T18:20:26+0200,a5f99048-b29d-4df0-9efc-7d09d2edcdd3,2026-09-07T22:45:00Z,2026-09-08T00:45:00+0200,0.0,MW,FR,FR,forecast_solar_generation,Solar,2026-09-14T16:21:10Z
2026-09-14T16:20:26Z,2026-09-14T18:20:26+0200,a5f99048-b29d-4df0-9efc-7d09d2edcdd3,2026-09-07T23:00:00Z,2026-09-08T01:00:00+0200,0.0,MW,FR,FR,forecast_solar_generation,Solar,2026-09-14T16:21:10Z
2026-09-14T16:20:26Z,2026-09-14T18:20:26+0200,a5f99048-b29d-4df0-9efc-7d09d2edcdd3,2026-09-07T23:15:00Z,2026-09-08T01:15:00+0200,0.0,MW,FR,FR,forecast_solar_generation,Solar,2026-09-14T16:21:10Z
2026-09-14T16:20:26Z,2026-09-14T18:20:26+0200,a5f99048-b29d-4df0-9efc-7d09d2edcdd3,2026-09-07T23:30:00Z,2026-09-08T01:30:00+0200,0.0,MW,FR,FR,forecast_solar_generation,Solar,2026-09-14T16:21:10Z
2026-09-14T16:20:26Z,2026-09-14T18:20:26+0200,a5f99048-b29d-4df0-9efc-7d09d2edcdd3,2026-09-07T23:45:00Z,2026-09-08T01:45:00+0200,0.0,MW,FR,FR,forecast_solar_generation,Solar,2026-09-14T16:21:10Z
2026-09-14T16:20:26Z,2026-09-14T18:20:26+0200,a5f99048-b29d-4df0-9efc-7d09d2edcdd3,2026-09-08T00:00:00Z,2026-09-08T02:00:00+0200,0.0,MW,FR,FR,forecast_solar_generation,Solar,2026-09-14T16:21:10Z
2026-09-14T16:20:26Z,2026-09-14T18:20:26+0200,a5f99048-b29d-4df0-9efc-7d09d2edcdd3,2026-09-08T00:15:00Z,2026-09-08T02:15:00+0200,0.0,MW,FR,FR,forecast_solar_generation,Solar,2026-09-14T16:21:10Z
2026-09-14T16:20:26Z,2026-09-14T18:20:26+0200,a5f99048-b29d-4df0-9efc-7d09d2edcdd3,2026-09-08T00:30:00Z,2026-09-08T02:30:00+0200,0.0,MW,FR,FR,forecast_solar_generation,Solar,2026-09-14T16:21:10Z
2026-09-14T16:20:26Z,2026-09-14T18:20:26+0200,a5f99048-b29d-4df0-9efc-7d09d2edcdd3,2026-09-08T00:45:00Z,2026-09-08T02:45:00+0200,0.0,MW,FR,FR,forecast_solar_generation,Solar,2026-09-14T16:21:10Z
2026-09-14T16:20:26Z,2026-09-14T18:20:26+0200,a5f99048-b29d-4df0-9efc-7d09d2edcdd3,2026-09-08T01:00:00Z,2026-09-08T03:00:00+0200,0.0,MW,FR,FR,forecast_solar_generation,Solar,2026-09-14T16:21:10Z
2026-09-14T16:20:26Z,2026-09-14T18:20:26+0200,a5f99048-b29d-4df0-9efc-7d09d2edcdd3,2026-09-08T01:15:00Z,2026-09-08T03:15:00+0200,0.0,MW,FR,FR,forecast_solar_generation,Solar,2026-09-14T16:21:10Z
2026-09-14T16:20:26Z,2026-09-14T18:20:26+0200,a5f99048-b29d-4df0-9efc-7d09d2edcdd3,2026-09-08T01:30:00Z,2026-09-08T03:30:00+0200,0.0,MW,FR,FR,forecast_solar_generation,Solar,2026-09-14T16:21:10Z
2026-09-14T16:20:26Z,2026-09-14T18:20:26+0200,a5f99048-b29d-4df0-9efc-7d09d2edcdd3,2026-09-08T01:45:00Z,2026-09-08T03:45:00+0200,0.0,MW,FR,FR,forecast_solar_generation,Solar,2026-09-14T16:21:10Z
2026-09-14T16:20:26Z,2026-09-14T18:20:26+0200,a5f99048-b29d-4df0-9efc-7d09d2edcdd3,2026-09-08T02:00:00Z,2026-09-08T04:00:00+0200,0.0,MW,FR,FR,forecast_solar_generation,Solar,2026-09-14T16:21:10Z
2026-09-14T16:20:26Z,2026-09-14T18:20:26+0200,a5f99048-b29d-4df0-9efc-7d09d2edcdd3,2026-09-08T02:15:00Z,2026-09-08T04:15:00+0200,0.0,MW,FR,FR,forecast_solar_generation,Solar,2026-09-14T16:21:10Z
2026-09-14T16:20:26Z,2026-09-14T18:20:26+0200,a5f99048-b29d-4df0-9efc-7d09d2edcdd3,2026-09-08T02:30:00Z,2026-09-08T04:30:00+0200,0.0,MW,FR,FR,forecast_solar_generation,Solar,2026-09-14T16:21:10Z
2026-09-14T16:20:26Z,2026-09-14T18:20:26+0200,a5f99048-b29d-4df0-9efc-7d09d2edcdd3,2026-09-08T02:45:00Z,2026-09-08T04:45:00+0200,0.0,MW,FR,FR,forecast_solar_generation,Solar,2026-09-14T16:21:10Z
2026-09-14T16:20:26Z,2026-09-14T18:20:26+0200,a5f99048-b29d-4df0-9efc-7d09d2edcdd3,2026-09-08T03:00:00Z,2026-09-08T05:00:00+0200,0.0,MW,FR,FR,forecast_solar_generation,Solar,2026-09-14T16:21:10Z
2026-09-14T16:20:26Z,2026-09-14T18:20:26+0200,a5f99048-b29d-4df0-9efc-7d09d2edcdd3,2026-09-08T03:15:00Z,2026-09-08T05:15:00+0200,0.0,MW,FR,FR,forecast_solar_generation,Solar,2026-09-14T16:21:10Z
2026-09-14T16:20:26Z,2026-09-14T18:20:26+0200,a5f99048-b29d-4df0-9efc-7d09d2edcdd3,2026-09-08T03:30:00Z,2026-09-08T05:30:00+0200,0.0,MW,FR,FR,forecast_solar_generation,Solar,2026-09-14T16:21:10Z
2026-09-14T16:20:26Z,2026-09-14T18:20:26+0200,a5f99048-b29d-4df0-9efc-7d09d2edcdd3,2026-09-08T03:45:00Z,2026-09-08T05:45:00+0200,0.0,MW,FR,FR,forecast_solar_generation,Solar,2026-09-14T16:21:10Z
2026-09-14T16:20:26Z,2026-09-14T18:20:26+0200,a5f99048-b29d-4df0-9efc-7d09d2edcdd3,2026-09-08T04:00:00Z,2026-09-08T06:00:00+0200,0.0,MW,FR,FR,forecast_solar_generation,Solar,2026-09-14T16:21:10Z
2026-09-14T16:20:26Z,2026-09-14T18:20:26+0200,a5f99048-b29d-4df0-9efc-7d09d2edcdd3,2026-09-08T04:15:00Z,2026-09-08T06:15:00+0200,0.0,MW,FR,FR,forecast_solar_generation,Solar,2026-09-14T16:21:10Z
2026-09-14T16:20:26Z,2026-09-14T18:20:26+0200,a5f99048-b29d-4df0-9efc-7d09d2edcdd3,2026-09-08T04:30:00Z,2026-09-08T06:30:00+0200,0.0,MW,FR,FR,forecast_solar_generation,Solar,2026-09-14T16:21:10Z
2026-09-14T16:20:26Z,2026-09-14T18:20:26+0200,a5f99048-b29d-4df0-9efc-7d09d2edcdd3,2026-09-08T04:45:00Z,2026-09-08T06:45:00+0200,0.0,MW,FR,FR,forecast_solar_generation,Solar,2026-09-14T16:21:10Z
2026-09-14T16:20:26Z,2026-09-14T18:20:26+0200,a5f99048-b29d-4df0-9efc-7d09d2edcdd3,2026-09-08T05:00:00Z,2026-09-08T07:00:00+0200,0.0,MW,FR,FR,forecast_solar_generation,Solar,2026-09-14T16:21:10Z
2026-09-14T16:20:26Z,2026-09-14T18:20:26+0200,a5f99048-b29d-4df0-9efc-7d09d2edcdd3,2026-09-08T05:15:00Z,2026-09-08T07:15:00+0200,22.85123,MW,FR,FR,forecast_solar_generation,Solar,2026-09-14T16:21:10Z
2026-09-14T16:20:26Z,2026-09-14T18:20:26+0200,a5f99048-b29d-4df0-9efc-7d09d2edcdd3,2026-09-08T05:30:00Z,2026-09-08T07:30:00+0200,138.04753,MW,FR,FR,forecast_solar_generation,Solar,2026-09-14T16:21:10Z
2026-09-14T16:20:26Z,2026-09-14T18:20:26+0200,a5f99048-b29d-4df0-9efc-7d09d2edcdd3,2026-09-08T05:45:00Z,2026-09-08T07:45:00+0200,473.06979,MW,FR,FR,forecast_solar_generation,Solar,2026-09-14T16:21:10Z
2026-09-14T16:20:26Z,2026-09-14T18:20:26+0200,a5f99048-b29d-4df0-9efc-7d09d2edcdd3,2026-09-08T06:00:00Z,2026-09-08T08:00:00+0200,862.54498,MW,FR,FR,forecast_solar_generation,Solar,2026-09-14T16:21:10Z
2026-09-14T16:20:26Z,2026-09-14T18:20:26+0200,a5f99048-b29d-4df0-9efc-7d09d2edcdd3,2026-09-08T06:15:00Z,2026-09-08T08:15:00+0200,1482.67847,MW,FR,FR,forecast_solar_generation,Solar,2026-09-14T16:21:10Z
2026-09-14T16:20:26Z,2026-09-14T18:20:26+0200,a5f99048-b29d-4df0-9efc-7d09d2edcdd3,2026-09-08T06:30:00Z,2026-09-08T08:30:00+0200,2092.08398,MW,FR,FR,forecast_solar_generation,Solar,2026-09-14T16:21:10Z
2026-09-14T16:20:26Z,2026-09-14T18:20:26+0200,a5f99048-b29d-4df0-9efc-7d09d2edcdd3,2026-09-08T06:45:00Z,2026-09-08T08:45:00+0200,3114.14429,MW,FR,FR,forecast_solar_generation,Solar,2026-09-14T16:21:10Z
2026-09-14T16:20:26Z,2026-09-14T18:20:26+0200,a5f99048-b29d-4df0-9efc-7d09d2edcdd3,2026-09-08T07:00:00Z,2026-09-08T09:00:00+0200,4029.19409,MW,FR,FR,forecast_solar_generation,Solar,2026-09-14T16:21:10Z
2026-09-14T16:20:26Z,2026-09-14T18:20:26+0200,a5f99048-b29d-4df0-9efc-7d09d2edcdd3,2026-09-08T07:15:00Z,2026-09-08T09:15:00+0200,5315.6167,MW,FR,FR,forecast_solar_generation,Solar,2026-09-14T16:21:10Z
2026-09-14T16:20:26Z,2026-09-14T18:20:26+0200,a5f99048-b29d-4df0-9efc-7d09d2edcdd3,2026-09-08T07:30:00Z,2026-09-08T09:30:00+0200,6283.42139,MW,FR,FR,forecast_solar_generation,Solar,2026-09-14T16:21:10Z
2026-09-14T16:20:26Z,2026-09-14T18:20:26+0200,a5f99048-b29d-4df0-9efc-7d09d2edcdd3,2026-09-08T07:45:00Z,2026-09-08T09:45:00+0200,7359.354,MW,FR,FR,forecast_solar_generation,Solar,2026-09-14T16:21:10Z
2026-09-14T16:20:26Z,2026-09-14T18:20:26+0200,a5f99048-b29d-4df0-9efc-7d09d2edcdd3,2026-09-08T08:00:00Z,2026-09-08T10:00:00+0200,8417.81641,MW,FR,FR,forecast_solar_generation,Solar,2026-09-14T16:21:10Z
2026-09-14T16:20:26Z,2026-09-14T18:20:26+0200,a5f99048-b29d-4df0-9efc-7d09d2edcdd3,2026-09-08T08:15:00Z,2026-09-08T10:15:00+0200,9779.30566,MW,FR,FR,forecast_solar_generation,Solar,2026-09-14T16:21:10Z
2026-09-14T16:20:26Z,2026-09-14T18:20:26+0200,a5f99048-b29d-4df0-9efc-7d09d2edcdd3,2026-09-08T08:30:00Z,2026-09-08T10:30:00+0200,10685.1084,MW,FR,FR,forecast_solar_generation,Solar,2026-09-14T16:21:10Z
2026-09-14T16:20:26Z,2026-09-14T18:20:26+0200,a5f99048-b29d-4df0-9efc-7d09d2edcdd3,2026-09-08T08:45:00Z,2026-09-08T10:45:00+0200,11507.91211,MW,FR,FR,forecast_solar_generation,Solar,2026-09-14T16:21:10Z
2026-09-14T16:20:26Z,2026-09-14T18:20:26+0200,a5f99048-b29d-4df0-9efc-7d09d2edcdd3,2026-09-08T09:00:00Z,2026-09-08T11:00:00+0200,12247.21777,MW,FR,FR,forecast_solar_generation,Solar,2026-09-14T16:21:10Z
2026-09-14T16:20:26Z,2026-09-14T18:20:26+0200,a5f99048-b29d-4df0-9efc-7d09d2edcdd3,2026-09-08T09:15:00Z,2026-09-08T11:15:00+0200,13107.38477,MW,FR,FR,forecast_solar_generation,Solar,2026-09-14T16:21:10Z
2026-09-14T16:20:26Z,2026-09-14T18:20:26+0200,a5f99048-b29d-4df0-9efc-7d09d2edcdd3,2026-09-08T09:30:00Z,2026-09-08T11:30:00+0200,13793.40234,MW,FR,FR,forecast_solar_generation,Solar,2026-09-14T16:21:10Z
2026-09-14T16:20:26Z,2026-09-14T18:20:26+0200,a5f99048-b29d-4df0-9efc-7d09d2edcdd3,2026-09-08T09:45:00Z,2026-09-08T11:45:00+0200,14316.76465,MW,FR,FR,forecast_solar_generation,Solar,2026-09-14T16:21:10Z
2026-09-14T16:20:26Z,2026-09-14T18:20:26+0200,a5f99048-b29d-4df0-9efc-7d09d2edcdd3,2026-09-08T10:00:00Z,2026-09-08T12:00:00+0200,14748.95605,MW,FR,FR,forecast_solar_generation,Solar,2026-09-14T16:21:10Z
2026-09-14T16:20:26Z,2026-09-14T18:20:26+0200,a5f99048-b29d-4df0-9efc-7d09d2edcdd3,2026-09-08T10:15:00Z,2026-09-08T12:15:00+0200,15140.94922,MW,FR,FR,forecast_solar_generation,Solar,2026-09-14T16:21:10Z
2026-09-14T16:20:26Z,2026-09-14T18:20:26+0200,a5f99048-b29d-4df0-9efc-7d09d2edcdd3,2026-09-08T10:30:00Z,2026-09-08T12:30:00+0200,15582.76367,MW,FR,FR,forecast_solar_generation,Solar,2026-09-14T16:21:10Z
2026-09-14T16:20:26Z,2026-09-14T18:20:26+0200,a5f99048-b29d-4df0-9efc-7d09d2edcdd3,2026-09-08T10:45:00Z,2026-09-08T12:45:00+0200,15814.14844,MW,FR,FR,forecast_solar_generation,Solar,2026-09-14T16:21:10Z
2026-09-14T16:20:26Z,2026-09-14T18:20:26+0200,a5f99048-b29d-4df0-9efc-7d09d2edcdd3,2026-09-08T11:00:00Z,2026-09-08T13:00:00+0200,16052.22754,MW,FR,FR,forecast_solar_generation,Solar,2026-09-14T16:21:10Z
2026-09-14T16:20:26Z,2026-09-14T18:20:26+0200,a5f99048-b29d-4df0-9efc-7d09d2edcdd3,2026-09-08T11:15:00Z,2026-09-08T13:15:00+0200,16251.37695,MW,FR,FR,forecast_solar_generation,Solar,2026-09-14T16:21:10Z
2026-09-14T16:20:26Z,2026-09-14T18:20:26+0200,a5f99048-b29d-4df0-9efc-7d09d2edcdd3,2026-09-08T11:30:00Z,2026-09-08T13:30:00+0200,16421.94531,MW,FR,FR,forecast_solar_generation,Solar,2026-09-14T16:21:10Z
2026-09-14T16:20:26Z,2026-09-14T18:20:26+0200,a5f99048-b29d-4df0-9efc-7d09d2edcdd3,2026-09-08T11:45:00Z,2026-09-08T13:45:00+0200,16321.08398,MW,FR,FR,forecast_solar_generation,Solar,2026-09-14T16:21:10Z
2026-09-14T16:20:26Z,2026-09-14T18:20:26+0200,a5f99048-b29d-4df0-9efc-7d09d2edcdd3,2026-09-08T12:00:00Z,2026-09-08T14:00:00+0200,16188.7334,MW,FR,FR,forecast_solar_generation,Solar,2026-09-14T16:21:10Z
2026-09-14T16:20:26Z,2026-09-14T18:20:26+0200,a5f99048-b29d-4df0-9efc-7d09d2edcdd3,2026-09-08T12:15:00Z,2026-09-08T14:15:00+0200,16061.0957,MW,FR,FR,forecast_solar_generation,Solar,2026-09-14T16:21:10Z
2026-09-14T16:20:26Z,2026-09-14T18:20:26+0200,a5f99048-b29d-4df0-9efc-7d09d2edcdd3,2026-09-08T12:30:00Z,2026-09-08T14:30:00+0200,15888.08105,MW,FR,FR,forecast_solar_generation,Solar,2026-09-14T16:21:10Z
2026-09-14T16:20:26Z,2026-09-14T18:20:26+0200,a5f99048-b29d-4df0-9efc-7d09d2edcdd3,2026-09-08T12:45:00Z,2026-09-08T14:45:00+0200,15509.60547,MW,FR,FR,forecast_solar_generation,Solar,2026-09-14T16:21:10Z
2026-09-14T16:20:26Z,2026-09-14T18:20:26+0200,a5f99048-b29d-4df0-9efc-7d09d2edcdd3,2026-09-08T13:00:00Z,2026-09-08T15:00:00+0200,15065.31836,MW,FR,FR,forecast_solar_generation,Solar,2026-09-14T16:21:10Z
2026-09-14T16:20:26Z,2026-09-14T18:20:26+0200,a5f99048-b29d-4df0-9efc-7d09d2edcdd3,2026-09-08T13:15:00Z,2026-09-08T15:15:00+0200,14619.8623,MW,FR,FR,forecast_solar_generation,Solar,2026-09-14T16:21:10Z
2026-09-14T16:20:26Z,2026-09-14T18:20:26+0200,a5f99048-b29d-4df0-9efc-7d09d2edcdd3,2026-09-08T13:30:00Z,2026-09-08T15:30:00+0200,14115.38184,MW,FR,FR,forecast_solar_generation,Solar,2026-09-14T16:21:10Z
2026-09-14T16:20:26Z,2026-09-14T18:20:26+0200,a5f99048-b29d-4df0-9efc-7d09d2edcdd3,2026-09-08T13:45:00Z,2026-09-08T15:45:00+0200,13497.53516,MW,FR,FR,forecast_solar_generation,Solar,2026-09-14T16:21:10Z
2026-09-14T16:20:26Z,2026-09-14T18:20:26+0200,a5f99048-b29d-4df0-9efc-7d09d2edcdd3,2026-09-08T14:00:00Z,2026-09-08T16:00:00+0200,12801.67188,MW,FR,FR,forecast_solar_generation,Solar,2026-09-14T16:21:10Z
2026-09-14T16:20:26Z,2026-09-14T18:20:26+0200,a5f99048-b29d-4df0-9efc-7d09d2edcdd3,2026-09-08T14:15:00Z,2026-09-08T16:15:00+0200,12142.66113,MW,FR,FR,forecast_solar_generation,Solar,2026-09-14T16:21:10Z
2026-09-14T16:20:26Z,2026-09-14T18:20:26+0200,a5f99048-b29d-4df0-9efc-7d09d2edcdd3,2026-09-08T14:30:00Z,2026-09-08T16:30:00+0200,11461.55273,MW,FR,FR,forecast_solar_generation,Solar,2026-09-14T16:21:10Z
2026-09-14T16:20:26Z,2026-09-14T18:20:26+0200,a5f99048-b29d-4df0-9efc-7d09d2edcdd3,2026-09-08T14:45:00Z,2026-09-08T16:45:00+0200,10704.6748,MW,FR,FR,forecast_solar_generation,Solar,2026-09-14T16:21:10Z
2026-09-14T16:20:26Z,2026-09-14T18:20:26+0200,a5f99048-b29d-4df0-9efc-7d09d2edcdd3,2026-09-08T15:00:00Z,2026-09-08T17:00:00+0200,9885.92773,MW,FR,FR,forecast_solar_generation,Solar,2026-09-14T16:21:10Z
2026-09-14T16:20:26Z,2026-09-14T18:20:26+0200,a5f99048-b29d-4df0-9efc-7d09d2edcdd3,2026-09-08T15:15:00Z,2026-09-08T17:15:00+0200,8947.53027,MW,FR,FR,forecast_solar_generation,Solar,2026-09-14T16:21:10Z
2026-09-14T16:20:26Z,2026-09-14T18:20:26+0200,a5f99048-b29d-4df0-9efc-7d09d2edcdd3,2026-09-08T15:30:00Z,2026-09-08T17:30:00+0200,8109.11621,MW,FR,FR,forecast_solar_generation,Solar,2026-09-14T16:21:10Z
2026-09-14T16:20:26Z,2026-09-14T18:20:26+0200,a5f99048-b29d-4df0-9efc-7d09d2edcdd3,2026-09-08T15:45:00Z,2026-09-08T17:45:00+0200,7261.87207,MW,FR,FR,forecast_solar_generation,Solar,2026-09-14T16:21:10Z
2026-09-14T16:20:26Z,2026-09-14T18:20:26+0200,a5f99048-b29d-4df0-9efc-7d09d2edcdd3,2026-09-08T16:00:00Z,2026-09-08T18:00:00+0200,6296.41357,MW,FR,FR,forecast_solar_generation,Solar,2026-09-14T16:21:10Z
2026-09-14T16:20:26Z,2026-09-14T18:20:26+0200,a5f99048-b29d-4df0-9efc-7d09d2edcdd3,2026-09-08T16:15:00Z,2026-09-08T18:15:00+0200,5170.42578,MW,FR,FR,forecast_solar_generation,Solar,2026-09-14T16:21:10Z
2026-09-14T16:20:26Z,2026-09-14T18:20:26+0200,a5f99048-b29d-4df0-9efc-7d09d2edcdd3,2026-09-08T16:30:00Z,2026-09-08T18:30:00+0200,4285.47412,MW,FR,FR,forecast_solar_generation,Solar,2026-09-14T16:21:10Z
2026-09-14T16:20:26Z,2026-09-14T18:20:26+0200,a5f99048-b29d-4df0-9efc-7d09d2edcdd3,2026-09-08T16:45:00Z,2026-09-08T18:45:00+0200,3503.67285,MW,FR,FR,forecast_solar_generation,Solar,2026-09-14T16:21:10Z
2026-09-14T16:20:26Z,2026-09-14T18:20:26+0200,a5f99048-b29d-4df0-9efc-7d09d2edcdd3,2026-09-08T17:00:00Z,2026-09-08T19:00:00+0200,2538.1604,MW,FR,FR,forecast_solar_generation,Solar,2026-09-14T16:21:10Z
2026-09-14T16:20:26Z,2026-09-14T18:20:26+0200,a5f99048-b29d-4df0-9efc-7d09d2edcdd3,2026-09-08T17:15:00Z,2026-09-08T19:15:00+0200,1823.375,MW,FR,FR,forecast_solar_generation,Solar,2026-09-14T16:21:10Z
2026-09-14T16:20:26Z,2026-09-14T18:20:26+0200,a5f99048-b29d-4df0-9efc-7d09d2edcdd3,2026-09-08T17:30:00Z,2026-09-08T19:30:00+0200,1154.41003,MW,FR,FR,forecast_solar_generation,Solar,2026-09-14T16:21:10Z
2026-09-14T16:20:26Z,2026-09-14T18:20:26+0200,a5f99048-b29d-4df0-9efc-7d09d2edcdd3,2026-09-08T17:45:00Z,2026-09-08T19:45:00+0200,773.27655,MW,FR,FR,forecast_solar_generation,Solar,2026-09-14T16:21:10Z
2026-09-14T16:20:26Z,2026-09-14T18:20:26+0200,a5f99048-b29d-4df0-9efc-7d09d2edcdd3,2026-09-08T18:00:00Z,2026-09-08T20:00:00+0200,418.06323,MW,FR,FR,forecast_solar_generation,Solar,2026-09-14T16:21:10Z
2026-09-14T16:20:26Z,2026-09-14T18:20:26+0200,a5f99048-b29d-4df0-9efc-7d09d2edcdd3,2026-09-08T18:15:00Z,2026-09-08T20:15:00+0200,158.44334,MW,FR,FR,forecast_solar_generation,Solar,2026-09-14T16:21:10Z
2026-09-14T16:20:26Z,2026-09-14T18:20:26+0200,a5f99048-b29d-4df0-9efc-7d09d2edcdd3,2026-09-08T18:30:00Z,2026-09-08T20:30:00+0200,11.90965,MW,FR,FR,forecast_solar_generation,Solar,2026-09-14T16:21:10Z
2026-09-14T16:20:26Z,2026-09-14T18:20:26+0200,a5f99048-b29d-4df0-9efc-7d09d2edcdd3,2026-09-08T18:45:00Z,2026-09-08T20:45:00+0200,0.0,MW,FR,FR,forecast_solar_generation,Solar,2026-09-14T16:21:10Z
2026-09-14T16:20:26Z,2026-09-14T18:20:26+0200,a5f99048-b29d-4df0-9efc-7d09d2edcdd3,2026-09-08T19:00:00Z,2026-09-08T21:00:00+0200,0.0,MW,FR,FR,forecast_solar_generation,Solar,2026-09-14T16:21:10Z
2026-09-14T16:20:26Z,2026-09-14T18:20:26+0200,a5f99048-b29d-4df0-9efc-7d09d2edcdd3,2026-09-08T19:15:00Z,2026-09-08T21:15:00+0200,0.0,MW,FR,FR,forecast_solar_generation,Solar,2026-09-14T16:21:10Z
2026-09-14T16:20:26Z,2026-09-14T18:20:26+0200,a5f99048-b29d-4df0-9efc-7d09d2edcdd3,2026-09-08T19:30:00Z,2026-09-08T21:30:00+0200,0.0,MW,FR,FR,forecast_solar_generation,Solar,2026-09-14T16:21:10Z
2026-09-14T16:20:26Z,2026-09-14T18:20:26+0200,a5f99048-b29d-4df0-9efc-7d09d2edcdd3,2026-09-08T19:45:00Z,2026-09-08T21:45:00+0200,0.0,MW,FR,FR,forecast_solar_generation,Solar,2026-09-14T16:21:10Z
2026-09-14T16:20:26Z,2026-09-14T18:20:26+0200,a5f99048-b29d-4df0-9efc-7d09d2edcdd3,2026-09-08T20:00:00Z,2026-09-08T22:00:00+0200,0.0,MW,FR,FR,forecast_solar_generation,Solar,2026-09-14T16:21:10Z
2026-09-14T16:20:26Z,2026-09-14T18:20:26+0200,a5f99048-b29d-4df0-9efc-7d09d2edcdd3,2026-09-08T20:15:00Z,2026-09-08T22:15:00+0200,0.0,MW,FR,FR,forecast_solar_generation,Solar,2026-09-14T16:21:10Z
2026-09-14T16:20:26Z,2026-09-14T18:20:26+0200,a5f99048-b29d-4df0-9efc-7d09d2edcdd3,2026-09-08T20:30:00Z,2026-09-08T22:30:00+0200,0.0,MW,FR,FR,forecast_solar_generation,Solar,2026-09-14T16:21:10Z
2026-09-14T16:20:26Z,2026-09-14T18:20:26+0200,a5f99048-b29d-4df0-9efc-7d09d2edcdd3,2026-09-08T20:45:00Z,2026-09-08T22:45:00+0200,0.0,MW,FR,FR,forecast_solar_generation,Solar,2026-09-14T16:21:10Z
2026-09-14T16:20:26Z,2026-09-14T18:20:26+0200,a5f99048-b29d-4df0-9efc-7d09d2edcdd3,2026-09-08T21:00:00Z,2026-09-08T23:00:00+0200,0.0,MW,FR,FR,forecast_solar_generation,Solar,2026-09-14T16:21:10Z
2026-09-14T16:20:26Z,2026-09-14T18:20:26+0200,a5f99048-b29d-4df0-9efc-7d09d2edcdd3,2026-09-08T21:15:00Z,2026-09-08T23:15:00+0200,0.0,MW,FR,FR,forecast_solar_generation,Solar,2026-09-14T16:21:10Z
2026-09-14T16:20:26Z,2026-09-14T18:20:26+0200,a5f99048-b29d-4df0-9efc-7d09d2edcdd3,2026-09-08T21:30:00Z,2026-09-08T23:30:00+0200,0.0,MW,FR,FR,forecast_solar_generation,Solar,2026-09-14T16:21:10Z
2026-09-14T16:20:26Z,2026-09-14T18:20:26+0200,a5f99048-b29d-4df0-9efc-7d09d2edcdd3,2026-09-08T21:45:00Z,2026-09-08T23:45:00+0200,0.0,MW,FR,FR,forecast_solar_generation,Solar,2026-09-14T16:21:10Z
2026-09-14T16:20:26Z,2026-09-14T18:20:26+0200,a5f99048-b29d-4df0-9efc-7d09d2edcdd3,2026-09-08T22:00:00Z,2026-09-09T00:00:00+0200,0.0,MW,FR,FR,forecast_solar_generation,Solar,2026-09-14T16:21:10Z
2026-09-14T16:20:26Z,2026-09-14T18:20:26+0200,a5f99048-b29d-4df0-9efc-7d09d2edcdd3,2026-09-08T22:15:00Z,2026-09-09T00:15:00+0200,0.0,MW,FR,FR,forecast_solar_generation,Solar,2026-09-14T16:21:10Z
2026-09-14T16:20:26Z,2026-09-14T18:20:26+0200,a5f99048-b29d-4df0-9efc-7d09d2edcdd3,2026-09-08T22:30:00Z,2026-09-09T00:30:00+0200,0.0,MW,FR,FR,forecast_solar_generation,Solar,2026-09-14T16:21:10Z
2026-09-14T16:20:26Z,2026-09-14T18:20:26+0200,a5f99048-b29d-4df0-9efc-7d09d2edcdd3,2026-09-08T22:45:00Z,2026-09-09T00:45:00+0200,0.0,MW,FR,FR,forecast_solar_generation,Solar,2026-09-14T16:21:10Z
2026-09-14T16:20:26Z,2026-09-14T18:20:26+0200,a5f99048-b29d-4df0-9efc-7d09d2edcdd3,2026-09-08T23:00:00Z,2026-09-09T01:00:00+0200,0.0,MW,FR,FR,forecast_solar_generation,Solar,2026-09-14T16:21:10Z
2026-09-14T16:20:26Z,2026-09-14T18:20:26+0200,a5f99048-b29d-4df0-9efc-7d09d2edcdd3,2026-09-08T23:15:00Z,2026-09-09T01:15:00+0200,0.0,MW,FR,FR,forecast_solar_generation,Solar,2026-09-14T16:21:10Z
2026-09-14T16:20:26Z,2026-09-14T18:20:26+0200,a5f99048-b29d-4df0-9efc-7d09d2edcdd3,2026-09-08T23:30:00Z,2026-09-09T01:30:00+0200,0.0,MW,FR,FR,forecast_solar_generation,Solar,2026-09-14T16:21:10Z
2026-09-14T16:20:26Z,2026-09-14T18:20:26+0200,a5f99048-b29d-4df0-9efc-7d09d2edcdd3,2026-09-08T23:45:00Z,2026-09-09T01:45:00+0200,0.0,MW,FR,FR,forecast_solar_generation,Solar,2026-09-14T16:21:10Z
2026-09-14T16:20:26Z,2026-09-14T18:20:26+0200,a5f99048-b29d-4df0-9efc-7d09d2edcdd3,2026-09-09T00:00:00Z,2026-09-09T02:00:00+0200,0.0,MW,FR,FR,forecast_solar_generation,Solar,2026-09-14T16:21:10Z
2026-09-14T16:20:26Z,2026-09-14T18:20:26+0200,a5f99048-b29d-4df0-9efc-7d09d2edcdd3,2026-09-09T00:15:00Z,2026-09-09T02:15:00+0200,0.0,MW,FR,FR,forecast_solar_generation,Solar,2026-09-14T16:21:10Z
2026-09-14T16:20:26Z,2026-09-14T18:20:26+0200,a5f99048-b29d-4df0-9efc-7d09d2edcdd3,2026-09-09T00:30:00Z,2026-09-09T02:30:00+0200,0.0,MW,FR,FR,forecast_solar_generation,Solar,2026-09-14T16:21:10Z
2026-09-14T16:20:26Z,2026-09-14T18:20:26+0200,a5f99048-b29d-4df0-9efc-7d09d2edcdd3,2026-09-09T00:45:00Z,2026-09-09T02:45:00+0200,0.0,MW,FR,FR,forecast_solar_generation,Solar,2026-09-14T16:21:10Z
2026-09-14T16:20:26Z,2026-09-14T18:20:26+0200,a5f99048-b29d-4df0-9efc-7d09d2edcdd3,2026-09-09T01:00:00Z,2026-09-09T03:00:00+0200,0.0,MW,FR,FR,forecast_solar_generation,Solar,2026-09-14T16:21:10Z
2026-09-14T16:20:26Z,2026-09-14T18:20:26+0200,a5f99048-b29d-4df0-9efc-7d09d2edcdd3,2026-09-09T01:15:00Z,2026-09-09T03:15:00+0200,0.0,MW,FR,FR,forecast_solar_generation,Solar,2026-09-14T16:21:10Z
2026-09-14T16:20:26Z,2026-09-14T18:20:26+0200,a5f99048-b29d-4df0-9efc-7d09d2edcdd3,2026-09-09T01:30:00Z,2026-09-09T03:30:00+0200,0.0,MW,FR,FR,forecast_solar_generation,Solar,2026-09-14T16:21:10Z
2026-09-14T16:20:26Z,2026-09-14T18:20:26+0200,a5f99048-b29d-4df0-9efc-7d09d2edcdd3,2026-09-09T01:45:00Z,2026-09-09T03:45:00+0200,0.0,MW,FR,FR,forecast_solar_generation,Solar,2026-09-14T16:21:10Z
2026-09-14T16:20:26Z,2026-09-14T18:20:26+0200,a5f99048-b29d-4df0-9efc-7d09d2edcdd3,2026-09-09T02:00:00Z,2026-09-09T04:00:00+0200,0.0,MW,FR,FR,forecast_solar_generation,Solar,2026-09-14T16:21:10Z
2026-09-14T16:20:26Z,2026-09-14T18:20:26+0200,a5f99048-b29d-4df0-9efc-7d09d2edcdd3,2026-09-09T02:15:00Z,2026-09-09T04:15:00+0200,0.0,MW,FR,FR,forecast_solar_generation,Solar,2026-09-14T16:21:10Z
2026-09-14T16:20:26Z,2026-09-14T18:20:26+0200,a5f99048-b29d-4df0-9efc-7d09d2edcdd3,2026-09-09T02:30:00Z,2026-09-09T04:30:00+0200,0.0,MW,FR,FR,forecast_solar_generation,Solar,2026-09-14T16:21:10Z
2026-09-14T16:20:26Z,2026-09-14T18:20:26+0200,a5f99048-b29d-4df0-9efc-7d09d2edcdd3,2026-09-09T02:45:00Z,2026-09-09T04:45:00+0200,0.0,MW,FR,FR,forecast_solar_generation,Solar,2026-09-14T16:21:10Z
2026-09-14T16:20:26Z,2026-09-14T18:20:26+0200,a5f99048-b29d-4df0-9efc-7d09d2edcdd3,2026-09-09T03:00:00Z,2026-09-09T05:00:00+0200,0.0,MW,FR,FR,forecast_solar_generation,Solar,2026-09-14T16:21:10Z
2026-09-14T16:20:26Z,2026-09-14T18:20:26+0200,a5f99048-b29d-4df0-9efc-7d09d2edcdd3,2026-09-09T03:15:00Z,2026-09-09T05:15:00+0200,0.0,MW,FR,FR,forecast_solar_generation,Solar,2026-09-14T16:21:10Z
2026-09-14T16:20:26Z,2026-09-14T18:20:26+0200,a5f99048-b29d-4df0-9efc-7d09d2edcdd3,2026-09-09T03:30:00Z,2026-09-09T05:30:00+0200,0.0,MW,FR,FR,forecast_solar_generation,Solar,2026-09-14T16:21:10Z
2026-09-14T16:20:26Z,2026-09-14T18:20:26+0200,a5f99048-b29d-4df0-9efc-7d09d2edcdd3,2026-09-09T03:45:00Z,2026-09-09T05:45:00+0200,0.0,MW,FR,FR,forecast_solar_generation,Solar,2026-09-14T16:21:10Z
2026-09-14T16:20:26Z,2026-09-14T18:20:26+0200,a5f99048-b29d-4df0-9efc-7d09d2edcdd3,2026-09-09T04:00:00Z,2026-09-09T06:00:00+0200,0.0,MW,FR,FR,forecast_solar_generation,Solar,2026-09-14T16:21:10Z
2026-09-14T16:20:26Z,2026-09-14T18:20:26+0200,a5f99048-b29d-4df0-9efc-7d09d2edcdd3,2026-09-09T04:15:00Z,2026-09-09T06:15:00+0200,0.0,MW,FR,FR,forecast_solar_generation,Solar,2026-09-14T16:21:10Z
2026-09-14T16:20:26Z,2026-09-14T18:20:26+0200,a5f99048-b29d-4df0-9efc-7d09d2edcdd3,2026-09-09T04:30:00Z,2026-09-09T06:30:00+0200,0.0,MW,FR,FR,forecast_solar_generation,Solar,2026-09-14T16:21:10Z
2026-09-14T16:20:26Z,2026-09-14T18:20:26+0200,a5f99048-b29d-4df0-9efc-7d09d2edcdd3,2026-09-09T04:45:00Z,2026-09-09T06:45:00+0200,0.0,MW,FR,FR,forecast_solar_generation,Solar,2026-09-14T16:21:10Z
2026-09-14T16:20:26Z,2026-09-14T18:20:26+0200,a5f99048-b29d-4df0-9efc-7d09d2edcdd3,2026-09-09T05:00:00Z,2026-09-09T07:00:00+0200,0.0,MW,FR,FR,forecast_solar_generation,Solar,2026-09-14T16:21:10Z
2026-09-14T16:20:26Z,2026-09-14T18:20:26+0200,a5f99048-b29d-4df0-9efc-7d09d2edcdd3,2026-09-09T05:15:00Z,2026-09-09T07:15:00+0200,14.45328,MW,FR,FR,forecast_solar_generation,Solar,2026-09-14T16:21:10Z
2026-09-14T16:20:26Z,2026-09-14T18:20:26+0200,a5f99048-b29d-4df0-9efc-7d09d2edcdd3,2026-09-09T05:30:00Z,2026-09-09T07:30:00+0200,103.5415,MW,FR,FR,forecast_solar_generation,Solar,2026-09-14T16:21:10Z
2026-09-14T16:20:26Z,2026-09-14T18:20:26+0200,a5f99048-b29d-4df0-9efc-7d09d2edcdd3,2026-09-09T05:45:00Z,2026-09-09T07:45:00+0200,355.67517,MW,FR,FR,forecast_solar_generation,Solar,2026-09-14T16:21:10Z
2026-09-14T16:20:26Z,2026-09-14T18:20:26+0200,a5f99048-b29d-4df0-9efc-7d09d2edcdd3,2026-09-09T06:00:00Z,2026-09-09T08:00:00+0200,723.42773,MW,FR,FR,forecast_solar_generation,Solar,2026-09-14T16:21:10Z
2026-09-14T16:20:26Z,2026-09-14T18:20:26+0200,a5f99048-b29d-4df0-9efc-7d09d2edcdd3,2026-09-09T06:15:00Z,2026-09-09T08:15:00+0200,1252.91345,MW,FR,FR,forecast_solar_generation,Solar,2026-09-14T16:21:10Z
2026-09-14T16:20:26Z,2026-09-14T18:20:26+0200,a5f99048-b29d-4df0-9efc-7d09d2edcdd3,2026-09-09T06:30:00Z,2026-09-09T08:30:00+0200,1743.90393,MW,FR,FR,forecast_solar_generation,Solar,2026-09-14T16:21:10Z
2026-09-14T16:20:26Z,2026-09-14T18:20:26+0200,a5f99048-b29d-4df0-9efc-7d09d2edcdd3,2026-09-09T06:45:00Z,2026-09-09T08:45:00+0200,2643.10278,MW,FR,FR,forecast_solar_generation,Solar,2026-09-14T16:21:10Z
2026-09-14T16:20:26Z,2026-09-14T18:20:26+0200,a5f99048-b29d-4df0-9efc-7d09d2edcdd3,2026-09-09T07:00:00Z,2026-09-09T09:00:00+0200,3479.28564,MW,FR,FR,forecast_solar_generation,Solar,2026-09-14T16:21:10Z
2026-09-14T16:20:26Z,2026-09-14T18:20:26+0200,a5f99048-b29d-4df0-9efc-7d09d2edcdd3,2026-09-09T07:15:00Z,2026-09-09T09:15:00+0200,4678.26855,MW,FR,FR,forecast_solar_generation,Solar,2026-09-14T16:21:10Z
2026-09-14T16:20:26Z,2026-09-14T18:20:26+0200,a5f99048-b29d-4df0-9efc-7d09d2edcdd3,2026-09-09T07:30:00Z,2026-09-09T09:30:00+0200,5571.35449,MW,FR,FR,forecast_solar_generation,Solar,2026-09-14T16:21:10Z
2026-09-14T16:20:26Z,2026-09-14T18:20:26+0200,a5f99048-b29d-4df0-9efc-7d09d2edcdd3,2026-09-09T07:45:00Z,2026-09-09T09:45:00+0200,6578.46924,MW,FR,FR,forecast_solar_generation,Solar,2026-09-14T16:21:10Z
2026-09-14T16:20:26Z,2026-09-14T18:20:26+0200,a5f99048-b29d-4df0-9efc-7d09d2edcdd3,2026-09-09T08:00:00Z,2026-09-09T10:00:00+0200,7578.12939,MW,FR,FR,forecast_solar_generation,Solar,2026-09-14T16:21:10Z
2026-09-14T16:20:26Z,2026-09-14T18:20:26+0200,a5f99048-b29d-4df0-9efc-7d09d2edcdd3,2026-09-09T08:15:00Z,2026-09-09T10:15:00+0200,8887.55566,MW,FR,FR,forecast_solar_generation,Solar,2026-09-14T16:21:10Z
2026-09-14T16:20:26Z,2026-09-14T18:20:26+0200,a5f99048-b29d-4df0-9efc-7d09d2edcdd3,2026-09-09T08:30:00Z,2026-09-09T10:30:00+0200,9797.73633,MW,FR,FR,forecast_solar_generation,Solar,2026-09-14T16:21:10Z
2026-09-14T16:20:26Z,2026-09-14T18:20:26+0200,a5f99048-b29d-4df0-9efc-7d09d2edcdd3,2026-09-09T08:45:00Z,2026-09-09T10:45:00+0200,10587.92188,MW,FR,FR,forecast_solar_generation,Solar,2026-09-14T16:21:10Z
2026-09-14T16:20:26Z,2026-09-14T18:20:26+0200,a5f99048-b29d-4df0-9efc-7d09d2edcdd3,2026-09-09T09:00:00Z,2026-09-09T11:00:00+0200,11384.40137,MW,FR,FR,forecast_solar_generation,Solar,2026-09-14T16:21:10Z
2026-09-14T16:20:26Z,2026-09-14T18:20:26+0200,a5f99048-b29d-4df0-9efc-7d09d2edcdd3,2026-09-09T09:15:00Z,2026-09-09T11:15:00+0200,12277.87988,MW,FR,FR,forecast_solar_generation,Solar,2026-09-14T16:21:10Z
2026-09-14T16:20:26Z,2026-09-14T18:20:26+0200,a5f99048-b29d-4df0-9efc-7d09d2edcdd3,2026-09-09T09:30:00Z,2026-09-09T11:30:00+0200,13028.16211,MW,FR,FR,forecast_solar_generation,Solar,2026-09-14T16:21:10Z
2026-09-14T16:20:26Z,2026-09-14T18:20:26+0200,a5f99048-b29d-4df0-9efc-7d09d2edcdd3,2026-09-09T09:45:00Z,2026-09-09T11:45:00+0200,13472.30371,MW,FR,FR,forecast_solar_generation,Solar,2026-09-14T16:21:10Z
2026-09-14T16:20:26Z,2026-09-14T18:20:26+0200,a5f99048-b29d-4df0-9efc-7d09d2edcdd3,2026-09-09T10:00:00Z,2026-09-09T12:00:00+0200,13931.02246,MW,FR,FR,forecast_solar_generation,Solar,2026-09-14T16:21:10Z
2026-09-14T16:20:26Z,2026-09-14T18:20:26+0200,a5f99048-b29d-4df0-9efc-7d09d2edcdd3,2026-09-09T10:15:00Z,2026-09-09T12:15:00+0200,14312.15527,MW,FR,FR,forecast_solar_generation,Solar,2026-09-14T16:21:10Z
2026-09-14T16:20:26Z,2026-09-14T18:20:26+0200,a5f99048-b29d-4df0-9efc-7d09d2edcdd3,2026-09-09T10:30:00Z,2026-09-09T12:30:00+0200,14695.90918,MW,FR,FR,forecast_solar_generation,Solar,2026-09-14T16:21:10Z
2026-09-14T16:20:26Z,2026-09-14T18:20:26+0200,a5f99048-b29d-4df0-9efc-7d09d2edcdd3,2026-09-09T10:45:00Z,2026-09-09T12:45:00+0200,14878.33496,MW,FR,FR,forecast_solar_generation,Solar,2026-09-14T16:21:10Z
2026-09-14T16:20:26Z,2026-09-14T18:20:26+0200,a5f99048-b29d-4df0-9efc-7d09d2edcdd3,2026-09-09T11:00:00Z,2026-09-09T13:00:00+0200,15080.72949,MW,FR,FR,forecast_solar_generation,Solar,2026-09-14T16:21:10Z
2026-09-14T16:20:26Z,2026-09-14T18:20:26+0200,a5f99048-b29d-4df0-9efc-7d09d2edcdd3,2026-09-09T11:15:00Z,2026-09-09T13:15:00+0200,15191.78418,MW,FR,FR,forecast_solar_generation,Solar,2026-09-14T16:21:10Z
2026-09-14T16:20:26Z,2026-09-14T18:20:26+0200,a5f99048-b29d-4df0-9efc-7d09d2edcdd3,2026-09-09T11:30:00Z,2026-09-09T13:30:00+0200,15367.0332,MW,FR,FR,forecast_solar_generation,Solar,2026-09-14T16:21:10Z
2026-09-14T16:20:26Z,2026-09-14T18:20:26+0200,a5f99048-b29d-4df0-9efc-7d09d2edcdd3,2026-09-09T11:45:00Z,2026-09-09T13:45:00+0200,15212.51855,MW,FR,FR,forecast_solar_generation,Solar,2026-09-14T16:21:10Z
2026-09-14T16:20:26Z,2026-09-14T18:20:26+0200,a5f99048-b29d-4df0-9efc-7d09d2edcdd3,2026-09-09T12:00:00Z,2026-09-09T14:00:00+0200,15070.30762,MW,FR,FR,forecast_solar_generation,Solar,2026-09-14T16:21:10Z
2026-09-14T16:20:26Z,2026-09-14T18:20:26+0200,a5f99048-b29d-4df0-9efc-7d09d2edcdd3,2026-09-09T12:15:00Z,2026-09-09T14:15:00+0200,14919.73145,MW,FR,FR,forecast_solar_generation,Solar,2026-09-14T16:21:10Z
2026-09-14T16:20:26Z,2026-09-14T18:20:26+0200,a5f99048-b29d-4df0-9efc-7d09d2edcdd3,2026-09-09T12:30:00Z,2026-09-09T14:30:00+0200,14815.86426,MW,FR,FR,forecast_solar_generation,Solar,2026-09-14T16:21:10Z
2026-09-14T16:20:26Z,2026-09-14T18:20:26+0200,a5f99048-b29d-4df0-9efc-7d09d2edcdd3,2026-09-09T12:45:00Z,2026-09-09T14:45:00+0200,14480.77539,MW,FR,FR,forecast_solar_generation,Solar,2026-09-14T16:21:10Z
2026-09-14T16:20:26Z,2026-09-14T18:20:26+0200,a5f99048-b29d-4df0-9efc-7d09d2edcdd3,2026-09-09T13:00:00Z,2026-09-09T15:00:00+0200,14157.74414,MW,FR,FR,forecast_solar_generation,Solar,2026-09-14T16:21:10Z
2026-09-14T16:20:26Z,2026-09-14T18:20:26+0200,a5f99048-b29d-4df0-9efc-7d09d2edcdd3,2026-09-09T13:15:00Z,2026-09-09T15:15:00+0200,13840.67285,MW,FR,FR,forecast_solar_generation,Solar,2026-09-14T16:21:10Z
2026-09-14T16:20:26Z,2026-09-14T18:20:26+0200,a5f99048-b29d-4df0-9efc-7d09d2edcdd3,2026-09-09T13:30:00Z,2026-09-09T15:30:00+0200,13513.40039,MW,FR,FR,forecast_solar_generation,Solar,2026-09-14T16:21:10Z
2026-09-14T16:20:26Z,2026-09-14T18:20:26+0200,a5f99048-b29d-4df0-9efc-7d09d2edcdd3,2026-09-09T13:45:00Z,2026-09-09T15:45:00+0200,13084.25488,MW,FR,FR,forecast_solar_generation,Solar,2026-09-14T16:21:10Z
2026-09-14T16:20:26Z,2026-09-14T18:20:26+0200,a5f99048-b29d-4df0-9efc-7d09d2edcdd3,2026-09-09T14:00:00Z,2026-09-09T16:00:00+0200,12649.59277,MW,FR,FR,forecast_solar_generation,Solar,2026-09-14T16:21:10Z
2026-09-14T16:20:26Z,2026-09-14T18:20:26+0200,a5f99048-b29d-4df0-9efc-7d09d2edcdd3,2026-09-09T14:15:00Z,2026-09-09T16:15:00+0200,12213.12988,MW,FR,FR,forecast_solar_generation,Solar,2026-09-14T16:21:10Z
2026-09-14T16:20:26Z,2026-09-14T18:20:26+0200,a5f99048-b29d-4df0-9efc-7d09d2edcdd3,2026-09-09T14:30:00Z,2026-09-09T16:30:00+0200,11736.10156,MW,FR,FR,forecast_solar_generation,Solar,2026-09-14T16:21:10Z
2026-09-14T16:20:26Z,2026-09-14T18:20:26+0200,a5f99048-b29d-4df0-9efc-7d09d2edcdd3,2026-09-09T14:45:00Z,2026-09-09T16:45:00+0200,11050.45215,MW,FR,FR,forecast_solar_generation,Solar,2026-09-14T16:21:10Z
2026-09-14T16:20:26Z,2026-09-14T18:20:26+0200,a5f99048-b29d-4df0-9efc-7d09d2edcdd3,2026-09-09T15:00:00Z,2026-09-09T17:00:00+0200,10353.64062,MW,FR,FR,forecast_solar_generation,Solar,2026-09-14T16:21:10Z
2026-09-14T16:20:26Z,2026-09-14T18:20:26+0200,a5f99048-b29d-4df0-9efc-7d09d2edcdd3,2026-09-09T15:15:00Z,2026-09-09T17:15:00+0200,9514.79199,MW,FR,FR,forecast_solar_generation,Solar,2026-09-14T16:21:10Z
2026-09-14T16:20:26Z,2026-09-14T18:20:26+0200,a5f99048-b29d-4df0-9efc-7d09d2edcdd3,2026-09-09T15:30:00Z,2026-09-09T17:30:00+0200,8755.41504,MW,FR,FR,forecast_solar_generation,Solar,2026-09-14T16:21:10Z
2026-09-14T16:20:26Z,2026-09-14T18:20:26+0200,a5f99048-b29d-4df0-9efc-7d09d2edcdd3,2026-09-09T15:45:00Z,2026-09-09T17:45:00+0200,8011.57959,MW,FR,FR,forecast_solar_generation,Solar,2026-09-14T16:21:10Z
2026-09-14T16:20:26Z,2026-09-14T18:20:26+0200,a5f99048-b29d-4df0-9efc-7d09d2edcdd3,2026-09-09T16:00:00Z,2026-09-09T18:00:00+0200,7084.6167,MW,FR,FR,forecast_solar_generation,Solar,2026-09-14T16:21:10Z
2026-09-14T16:20:26Z,2026-09-14T18:20:26+0200,a5f99048-b29d-4df0-9efc-7d09d2edcdd3,2026-09-09T16:15:00Z,2026-09-09T18:15:00+0200,5928.35205,MW,FR,FR,forecast_solar_generation,Solar,2026-09-14T16:21:10Z
2026-09-14T16:20:26Z,2026-09-14T18:20:26+0200,a5f99048-b29d-4df0-9efc-7d09d2edcdd3,2026-09-09T16:30:00Z,2026-09-09T18:30:00+0200,5045.31396,MW,FR,FR,forecast_solar_generation,Solar,2026-09-14T16:21:10Z
2026-09-14T16:20:26Z,2026-09-14T18:20:26+0200,a5f99048-b29d-4df0-9efc-7d09d2edcdd3,2026-09-09T16:45:00Z,2026-09-09T18:45:00+0200,4248.0127,MW,FR,FR,forecast_solar_generation,Solar,2026-09-14T16:21:10Z
2026-09-14T16:20:26Z,2026-09-14T18:20:26+0200,a5f99048-b29d-4df0-9efc-7d09d2edcdd3,2026-09-09T17:00:00Z,2026-09-09T19:00:00+0200,3076.46094,MW,FR,FR,forecast_solar_generation,Solar,2026-09-14T16:21:10Z
2026-09-14T16:20:26Z,2026-09-14T18:20:26+0200,a5f99048-b29d-4df0-9efc-7d09d2edcdd3,2026-09-09T17:15:00Z,2026-09-09T19:15:00+0200,2276.97998,MW,FR,FR,forecast_solar_generation,Solar,2026-09-14T16:21:10Z
2026-09-14T16:20:26Z,2026-09-14T18:20:26+0200,a5f99048-b29d-4df0-9efc-7d09d2edcdd3,2026-09-09T17:30:00Z,2026-09-09T19:30:00+0200,1443.02649,MW,FR,FR,forecast_solar_generation,Solar,2026-09-14T16:21:10Z
2026-09-14T16:20:26Z,2026-09-14T18:20:26+0200,a5f99048-b29d-4df0-9efc-7d09d2edcdd3,2026-09-09T17:45:00Z,2026-09-09T19:45:00+0200,982.99963,MW,FR,FR,forecast_solar_generation,Solar,2026-09-14T16:21:10Z
2026-09-14T16:20:26Z,2026-09-14T18:20:26+0200,a5f99048-b29d-4df0-9efc-7d09d2edcdd3,2026-09-09T18:00:00Z,2026-09-09T20:00:00+0200,516.27466,MW,FR,FR,forecast_solar_generation,Solar,2026-09-14T16:21:10Z
2026-09-14T16:20:26Z,2026-09-14T18:20:26+0200,a5f99048-b29d-4df0-9efc-7d09d2edcdd3,2026-09-09T18:15:00Z,2026-09-09T20:15:00+0200,178.70827,MW,FR,FR,forecast_solar_generation,Solar,2026-09-14T16:21:10Z
2026-09-14T16:20:26Z,2026-09-14T18:20:26+0200,a5f99048-b29d-4df0-9efc-7d09d2edcdd3,2026-09-09T18:30:00Z,2026-09-09T20:30:00+0200,9.03231,MW,FR,FR,forecast_solar_generation,Solar,2026-09-14T16:21:10Z
2026-09-14T16:20:26Z,2026-09-14T18:20:26+0200,a5f99048-b29d-4df0-9efc-7d09d2edcdd3,2026-09-09T18:45:00Z,2026-09-09T20:45:00+0200,0.0,MW,FR,FR,forecast_solar_generation,Solar,2026-09-14T16:21:10Z
2026-09-14T16:20:26Z,2026-09-14T18:20:26+0200,a5f99048-b29d-4df0-9efc-7d09d2edcdd3,2026-09-09T19:00:00Z,2026-09-09T21:00:00+0200,0.0,MW,FR,FR,forecast_solar_generation,Solar,2026-09-14T16:21:10Z
2026-09-14T16:20:26Z,2026-09-14T18:20:26+0200,a5f99048-b29d-4df0-9efc-7d09d2edcdd3,2026-09-09T19:15:00Z,2026-09-09T21:15:00+0200,0.0,MW,FR,FR,forecast_solar_generation,Solar,2026-09-14T16:21:10Z
2026-09-14T16:20:26Z,2026-09-14T18:20:26+0200,a5f99048-b29d-4df0-9efc-7d09d2edcdd3,2026-09-09T19:30:00Z,2026-09-09T21:30:00+0200,0.0,MW,FR,FR,forecast_solar_generation,Solar,2026-09-14T16:21:10Z
2026-09-14T16:20:26Z,2026-09-14T18:20:26+0200,a5f99048-b29d-4df0-9efc-7d09d2edcdd3,2026-09-09T19:45:00Z,2026-09-09T21:45:00+0200,0.0,MW,FR,FR,forecast_solar_generation,Solar,2026-09-14T16:21:10Z
2026-09-14T16:20:26Z,2026-09-14T18:20:26+0200,a5f99048-b29d-4df0-9efc-7d09d2edcdd3,2026-09-09T20:00:00Z,2026-09-09T22:00:00+0200,0.0,MW,FR,FR,forecast_solar_generation,Solar,2026-09-14T16:21:10Z
2026-09-14T16:20:26Z,2026-09-14T18:20:26+0200,a5f99048-b29d-4df0-9efc-7d09d2edcdd3,2026-09-09T20:15:00Z,2026-09-09T22:15:00+0200,0.0,MW,FR,FR,forecast_solar_generation,Solar,2026-09-14T16:21:10Z
2026-09-14T16:20:26Z,2026-09-14T18:20:26+0200,a5f99048-b29d-4df0-9efc-7d09d2edcdd3,2026-09-09T20:30:00Z,2026-09-09T22:30:00+0200,0.0,MW,FR,FR,forecast_solar_generation,Solar,2026-09-14T16:21:10Z
2026-09-14T16:20:26Z,2026-09-14T18:20:26+0200,a5f99048-b29d-4df0-9efc-7d09d2edcdd3,2026-09-09T20:45:00Z,2026-09-09T22:45:00+0200,0.0,MW,FR,FR,forecast_solar_generation,Solar,2026-09-14T16:21:10Z
2026-09-14T16:20:26Z,2026-09-14T18:20:26+0200,a5f99048-b29d-4df0-9efc-7d09d2edcdd3,2026-09-09T21:00:00Z,2026-09-09T23:00:00+0200,0.0,MW,FR,FR,forecast_solar_generation,Solar,2026-09-14T16:21:10Z
2026-09-14T16:20:26Z,2026-09-14T18:20:26+0200,a5f99048-b29d-4df0-9efc-7d09d2edcdd3,2026-09-09T21:15:00Z,2026-09-09T23:15:00+0200,0.0,MW,FR,FR,forecast_solar_generation,Solar,2026-09-14T16:21:10Z
2026-09-14T16:20:26Z,2026-09-14T18:20:26+0200,a5f99048-b29d-4df0-9efc-7d09d2edcdd3,2026-09-09T21:30:00Z,2026-09-09T23:30:00+0200,0.0,MW,FR,FR,forecast_solar_generation,Solar,2026-09-14T16:21:10Z
2026-09-14T16:20:26Z,2026-09-14T18:20:26+0200,a5f99048-b29d-4df0-9efc-7d09d2edcdd3,2026-09-09T21:45:00Z,2026-09-09T23:45:00+0200,0.0,MW,FR,FR,forecast_solar_generation,Solar,2026-09-14T16:21:10Z
2026-09-14T16:20:26Z,2026-09-14T18:20:26+0200,a5f99048-b29d-4df0-9efc-7d09d2edcdd3,2026-09-09T22:00:00Z,2026-09-10T00:00:00+0200,0.0,MW,FR,FR,forecast_solar_generation,Solar,2026-09-14T16:21:10Z
2026-09-14T16:20:26Z,2026-09-14T18:20:26+0200,a5f99048-b29d-4df0-9efc-7d09d2edcdd3,2026-09-09T22:15:00Z,2026-09-10T00:15:00+0200,0.0,MW,FR,FR,forecast_solar_generation,Solar,2026-09-14T16:21:10Z
2026-09-14T16:20:26Z,2026-09-14T18:20:26+0200,a5f99048-b29d-4df0-9efc-7d09d2edcdd3,2026-09-09T22:30:00Z,2026-09-10T00:30:00+0200,0.0,MW,FR,FR,forecast_solar_generation,Solar,2026-09-14T16:21:10Z
2026-09-14T16:20:26Z,2026-09-14T18:20:26+0200,a5f99048-b29d-4df0-9efc-7d09d2edcdd3,2026-09-09T22:45:00Z,2026-09-10T00:45:00+0200,0.0,MW,FR,FR,forecast_solar_generation,Solar,2026-09-14T16:21:10Z
2026-09-14T16:20:26Z,2026-09-14T18:20:26+0200,a5f99048-b29d-4df0-9efc-7d09d2edcdd3,2026-09-09T23:00:00Z,2026-09-10T01:00:00+0200,0.0,MW,FR,FR,forecast_solar_generation,Solar,2026-09-14T16:21:10Z
2026-09-14T16:20:26Z,2026-09-14T18:20:26+0200,a5f99048-b29d-4df0-9efc-7d09d2edcdd3,2026-09-09T23:15:00Z,2026-09-10T01:15:00+0200,0.0,MW,FR,FR,forecast_solar_generation,Solar,2026-09-14T16:21:10Z
2026-09-14T16:20:26Z,2026-09-14T18:20:26+0200,a5f99048-b29d-4df0-9efc-7d09d2edcdd3,2026-09-09T23:30:00Z,2026-09-10T01:30:00+0200,0.0,MW,FR,FR,forecast_solar_generation,Solar,2026-09-14T16:21:10Z
2026-09-14T16:20:26Z,2026-09-14T18:20:26+0200,a5f99048-b29d-4df0-9efc-7d09d2edcdd3,2026-09-09T23:45:00Z,2026-09-10T01:45:00+0200,0.0,MW,FR,FR,forecast_solar_generation,Solar,2026-09-14T16:21:10Z
2026-09-14T16:20:26Z,2026-09-14T18:20:26+0200,a5f99048-b29d-4df0-9efc-7d09d2edcdd3,2026-09-10T00:00:00Z,2026-09-10T02:00:00+0200,0.0,MW,FR,FR,forecast_solar_generation,Solar,2026-09-14T16:21:10Z
2026-09-14T16:20:26Z,2026-09-14T18:20:26+0200,a5f99048-b29d-4df0-9efc-7d09d2edcdd3,2026-09-10T00:15:00Z,2026-09-10T02:15:00+0200,0.0,MW,FR,FR,forecast_solar_generation,Solar,2026-09-14T16:21:10Z
2026-09-14T16:20:26Z,2026-09-14T18:20:26+0200,a5f99048-b29d-4df0-9efc-7d09d2edcdd3,2026-09-10T00:30:00Z,2026-09-10T02:30:00+0200,0.0,MW,FR,FR,forecast_solar_generation,Solar,2026-09-14T16:21:10Z
2026-09-14T16:20:26Z,2026-09-14T18:20:26+0200,a5f99048-b29d-4df0-9efc-7d09d2edcdd3,2026-09-10T00:45:00Z,2026-09-10T02:45:00+0200,0.0,MW,FR,FR,forecast_solar_generation,Solar,2026-09-14T16:21:10Z
2026-09-14T16:20:26Z,2026-09-14T18:20:26+0200,a5f99048-b29d-4df0-9efc-7d09d2edcdd3,2026-09-10T01:00:00Z,2026-09-10T03:00:00+0200,0.0,MW,FR,FR,forecast_solar_generation,Solar,2026-09-14T16:21:10Z
2026-09-14T16:20:26Z,2026-09-14T18:20:26+0200,a5f99048-b29d-4df0-9efc-7d09d2edcdd3,2026-09-10T01:15:00Z,2026-09-10T03:15:00+0200,0.0,MW,FR,FR,forecast_solar_generation,Solar,2026-09-14T16:21:10Z
2026-09-14T16:20:26Z,2026-09-14T18:20:26+0200,a5f99048-b29d-4df0-9efc-7d09d2edcdd3,2026-09-10T01:30:00Z,2026-09-10T03:30:00+0200,0.0,MW,FR,FR,forecast_solar_generation,Solar,2026-09-14T16:21:10Z
2026-09-14T16:20:26Z,2026-09-14T18:20:26+0200,a5f99048-b29d-4df0-9efc-7d09d2edcdd3,2026-09-10T01:45:00Z,2026-09-10T03:45:00+0200,0.0,MW,FR,FR,forecast_solar_generation,Solar,2026-09-14T16:21:10Z
2026-09-14T16:20:26Z,2026-09-14T18:20:26+0200,a5f99048-b29d-4df0-9efc-7d09d2edcdd3,2026-09-10T02:00:00Z,2026-09-10T04:00:00+0200,0.0,MW,FR,FR,forecast_solar_generation,Solar,2026-09-14T16:21:10Z
2026-09-14T16:20:26Z,2026-09-14T18:20:26+0200,a5f99048-b29d-4df0-9efc-7d09d2edcdd3,2026-09-10T02:15:00Z,2026-09-10T04:15:00+0200,0.0,MW,FR,FR,forecast_solar_generation,Solar,2026-09-14T16:21:10Z
2026-09-14T16:20:26Z,2026-09-14T18:20:26+0200,a5f99048-b29d-4df0-9efc-7d09d2edcdd3,2026-09-10T02:30:00Z,2026-09-10T04:30:00+0200,0.0,MW,FR,FR,forecast_solar_generation,Solar,2026-09-14T16:21:10Z
2026-09-14T16:20:26Z,2026-09-14T18:20:26+0200,a5f99048-b29d-4df0-9efc-7d09d2edcdd3,2026-09-10T02:45:00Z,2026-09-10T04:45:00+0200,0.0,MW,FR,FR,forecast_solar_generation,Solar,2026-09-14T16:21:10Z
2026-09-14T16:20:26Z,2026-09-14T18:20:26+0200,a5f99048-b29d-4df0-9efc-7d09d2edcdd3,2026-09-10T03:00:00Z,2026-09-10T05:00:00+0200,0.0,MW,FR,FR,forecast_solar_generation,Solar,2026-09-14T16:21:10Z
2026-09-14T16:20:26Z,2026-09-14T18:20:26+0200,a5f99048-b29d-4df0-9efc-7d09d2edcdd3,2026-09-10T03:15:00Z,2026-09-10T05:15:00+0200,0.0,MW,FR,FR,forecast_solar_generation,Solar,2026-09-14T16:21:10Z
2026-09-14T16:20:26Z,2026-09-14T18:20:26+0200,a5f99048-b29d-4df0-9efc-7d09d2edcdd3,2026-09-10T03:30:00Z,2026-09-10T05:30:00+0200,0.0,MW,FR,FR,forecast_solar_generation,Solar,2026-09-14T16:21:10Z
2026-09-14T16:20:26Z,2026-09-14T18:20:26+0200,a5f99048-b29d-4df0-9efc-7d09d2edcdd3,2026-09-10T03:45:00Z,2026-09-10T05:45:00+0200,0.0,MW,FR,FR,forecast_solar_generation,Solar,2026-09-14T16:21:10Z
2026-09-14T16:20:26Z,2026-09-14T18:20:26+0200,a5f99048-b29d-4df0-9efc-7d09d2edcdd3,2026-09-10T04:00:00Z,2026-09-10T06:00:00+0200,0.0,MW,FR,FR,forecast_solar_generation,Solar,2026-09-14T16:21:10Z
2026-09-14T16:20:26Z,2026-09-14T18:20:26+0200,a5f99048-b29d-4df0-9efc-7d09d2edcdd3,2026-09-10T04:15:00Z,2026-09-10T06:15:00+0200,0.0,MW,FR,FR,forecast_solar_generation,Solar,2026-09-14T16:21:10Z
2026-09-14T16:20:26Z,2026-09-14T18:20:26+0200,a5f99048-b29d-4df0-9efc-7d09d2edcdd3,2026-09-10T04:30:00Z,2026-09-10T06:30:00+0200,0.0,MW,FR,FR,forecast_solar_generation,Solar,2026-09-14T16:21:10Z
2026-09-14T16:20:26Z,2026-09-14T18:20:26+0200,a5f99048-b29d-4df0-9efc-7d09d2edcdd3,2026-09-10T04:45:00Z,2026-09-10T06:45:00+0200,0.0,MW,FR,FR,forecast_solar_generation,Solar,2026-09-14T16:21:10Z
2026-09-14T16:20:26Z,2026-09-14T18:20:26+0200,a5f99048-b29d-4df0-9efc-7d09d2edcdd3,2026-09-10T05:00:00Z,2026-09-10T07:00:00+0200,0.0,MW,FR,FR,forecast_solar_generation,Solar,2026-09-14T16:21:10Z
2026-09-14T16:20:26Z,2026-09-14T18:20:26+0200,a5f99048-b29d-4df0-9efc-7d09d2edcdd3,2026-09-10T05:15:00Z,2026-09-10T07:15:00+0200,11.9047,MW,FR,FR,forecast_solar_generation,Solar,2026-09-14T16:21:10Z
2026-09-14T16:20:26Z,2026-09-14T18:20:26+0200,a5f99048-b29d-4df0-9efc-7d09d2edcdd3,2026-09-10T05:30:00Z,2026-09-10T07:30:00+0200,112.07276,MW,FR,FR,forecast_solar_generation,Solar,2026-09-14T16:21:10Z
2026-09-14T16:20:26Z,2026-09-14T18:20:26+0200,a5f99048-b29d-4df0-9efc-7d09d2edcdd3,2026-09-10T05:45:00Z,2026-09-10T07:45:00+0200,463.8215,MW,FR,FR,forecast_solar_generation,Solar,2026-09-14T16:21:10Z
2026-09-14T16:20:26Z,2026-09-14T18:20:26+0200,a5f99048-b29d-4df0-9efc-7d09d2edcdd3,2026-09-10T06:00:00Z,2026-09-10T08:00:00+0200,924.04169,MW,FR,FR,forecast_solar_generation,Solar,2026-09-14T16:21:10Z
2026-09-14T16:20:26Z,2026-09-14T18:20:26+0200,a5f99048-b29d-4df0-9efc-7d09d2edcdd3,2026-09-10T06:15:00Z,2026-09-10T08:15:00+0200,1620.0116,MW,FR,FR,forecast_solar_generation,Solar,2026-09-14T16:21:10Z
2026-09-14T16:20:26Z,2026-09-14T18:20:26+0200,a5f99048-b29d-4df0-9efc-7d09d2edcdd3,2026-09-10T06:30:00Z,2026-09-10T08:30:00+0200,2278.24048,MW,FR,FR,forecast_solar_generation,Solar,2026-09-14T16:21:10Z
2026-09-14T16:20:26Z,2026-09-14T18:20:26+0200,a5f99048-b29d-4df0-9efc-7d09d2edcdd3,2026-09-10T06:45:00Z,2026-09-10T08:45:00+0200,3425.5022,MW,FR,FR,forecast_solar_generation,Solar,2026-09-14T16:21:10Z
2026-09-14T16:20:26Z,2026-09-14T18:20:26+0200,a5f99048-b29d-4df0-9efc-7d09d2edcdd3,2026-09-10T07:00:00Z,2026-09-10T09:00:00+0200,4411.97949,MW,FR,FR,forecast_solar_generation,Solar,2026-09-14T16:21:10Z
2026-09-14T16:20:26Z,2026-09-14T18:20:26+0200,a5f99048-b29d-4df0-9efc-7d09d2edcdd3,2026-09-10T07:15:00Z,2026-09-10T09:15:00+0200,5796.55371,MW,FR,FR,forecast_solar_generation,Solar,2026-09-14T16:21:10Z
2026-09-14T16:20:26Z,2026-09-14T18:20:26+0200,a5f99048-b29d-4df0-9efc-7d09d2edcdd3,2026-09-10T07:30:00Z,2026-09-10T09:30:00+0200,6878.41406,MW,FR,FR,forecast_solar_generation,Solar,2026-09-14T16:21:10Z
2026-09-14T16:20:26Z,2026-09-14T18:20:26+0200,a5f99048-b29d-4df0-9efc-7d09d2edcdd3,2026-09-10T07:45:00Z,2026-09-10T09:45:00+0200,8031.71387,MW,FR,FR,forecast_solar_generation,Solar,2026-09-14T16:21:10Z
2026-09-14T16:20:26Z,2026-09-14T18:20:26+0200,a5f99048-b29d-4df0-9efc-7d09d2edcdd3,2026-09-10T08:00:00Z,2026-09-10T10:00:00+0200,9190.25684,MW,FR,FR,forecast_solar_generation,Solar,2026-09-14T16:21:10Z
2026-09-14T16:20:26Z,2026-09-14T18:20:26+0200,a5f99048-b29d-4df0-9efc-7d09d2edcdd3,2026-09-10T08:15:00Z,2026-09-10T10:15:00+0200,10599.86133,MW,FR,FR,forecast_solar_generation,Solar,2026-09-14T16:21:10Z
2026-09-14T16:20:26Z,2026-09-14T18:20:26+0200,a5f99048-b29d-4df0-9efc-7d09d2edcdd3,2026-09-10T08:30:00Z,2026-09-10T10:30:00+0200,11594.60254,MW,FR,FR,forecast_solar_generation,Solar,2026-09-14T16:21:10Z
2026-09-14T16:20:26Z,2026-09-14T18:20:26+0200,a5f99048-b29d-4df0-9efc-7d09d2edcdd3,2026-09-10T08:45:00Z,2026-09-10T10:45:00+0200,12531.38281,MW,FR,FR,forecast_solar_generation,Solar,2026-09-14T16:21:10Z
2026-09-14T16:20:26Z,2026-09-14T18:20:26+0200,a5f99048-b29d-4df0-9efc-7d09d2edcdd3,2026-09-10T09:00:00Z,2026-09-10T11:00:00+0200,13419.08398,MW,FR,FR,forecast_solar_generation,Solar,2026-09-14T16:21:10Z
2026-09-14T16:20:26Z,2026-09-14T18:20:26+0200,a5f99048-b29d-4df0-9efc-7d09d2edcdd3,2026-09-10T09:15:00Z,2026-09-10T11:15:00+0200,14420.22754,MW,FR,FR,forecast_solar_generation,Solar,2026-09-14T16:21:10Z
2026-09-14T16:20:26Z,2026-09-14T18:20:26+0200,a5f99048-b29d-4df0-9efc-7d09d2edcdd3,2026-09-10T09:30:00Z,2026-09-10T11:30:00+0200,15189.4043,MW,FR,FR,forecast_solar_generation,Solar,2026-09-14T16:21:10Z
2026-09-14T16:20:26Z,2026-09-14T18:20:26+0200,a5f99048-b29d-4df0-9efc-7d09d2edcdd3,2026-09-10T09:45:00Z,2026-09-10T11:45:00+0200,15583.38574,MW,FR,FR,forecast_solar_generation,Solar,2026-09-14T16:21:10Z
2026-09-14T16:20:26Z,2026-09-14T18:20:26+0200,a5f99048-b29d-4df0-9efc-7d09d2edcdd3,2026-09-10T10:00:00Z,2026-09-10T12:00:00+0200,16010.49805,MW,FR,FR,forecast_solar_generation,Solar,2026-09-14T16:21:10Z
2026-09-14T16:20:26Z,2026-09-14T18:20:26+0200,a5f99048-b29d-4df0-9efc-7d09d2edcdd3,2026-09-10T10:15:00Z,2026-09-10T12:15:00+0200,16375.49609,MW,FR,FR,forecast_solar_generation,Solar,2026-09-14T16:21:10Z
2026-09-14T16:20:26Z,2026-09-14T18:20:26+0200,a5f99048-b29d-4df0-9efc-7d09d2edcdd3,2026-09-10T10:30:00Z,2026-09-10T12:30:00+0200,16781.66406,MW,FR,FR,forecast_solar_generation,Solar,2026-09-14T16:21:10Z
2026-09-14T16:20:26Z,2026-09-14T18:20:26+0200,a5f99048-b29d-4df0-9efc-7d09d2edcdd3,2026-09-10T10:45:00Z,2026-09-10T12:45:00+0200,17014.66797,MW,FR,FR,forecast_solar_generation,Solar,2026-09-14T16:21:10Z
2026-09-14T16:20:26Z,2026-09-14T18:20:26+0200,a5f99048-b29d-4df0-9efc-7d09d2edcdd3,2026-09-10T11:00:00Z,2026-09-10T13:00:00+0200,17255.43359,MW,FR,FR,forecast_solar_generation,Solar,2026-09-14T16:21:10Z
2026-09-14T16:20:26Z,2026-09-14T18:20:26+0200,a5f99048-b29d-4df0-9efc-7d09d2edcdd3,2026-09-10T11:15:00Z,2026-09-10T13:15:00+0200,17348.80469,MW,FR,FR,forecast_solar_generation,Solar,2026-09-14T16:21:10Z
2026-09-14T16:20:26Z,2026-09-14T18:20:26+0200,a5f99048-b29d-4df0-9efc-7d09d2edcdd3,2026-09-10T11:30:00Z,2026-09-10T13:30:00+0200,17503.72656,MW,FR,FR,forecast_solar_generation,Solar,2026-09-14T16:21:10Z
2026-09-14T16:20:26Z,2026-09-14T18:20:26+0200,a5f99048-b29d-4df0-9efc-7d09d2edcdd3,2026-09-10T11:45:00Z,2026-09-10T13:45:00+0200,17541.79297,MW,FR,FR,forecast_solar_generation,Solar,2026-09-14T16:21:10Z
2026-09-14T16:20:26Z,2026-09-14T18:20:26+0200,a5f99048-b29d-4df0-9efc-7d09d2edcdd3,2026-09-10T12:00:00Z,2026-09-10T14:00:00+0200,17608.25977,MW,FR,FR,forecast_solar_generation,Solar,2026-09-14T16:21:10Z
2026-09-14T16:20:26Z,2026-09-14T18:20:26+0200,a5f99048-b29d-4df0-9efc-7d09d2edcdd3,2026-09-10T12:15:00Z,2026-09-10T14:15:00+0200,17610.39648,MW,FR,FR,forecast_solar_generation,Solar,2026-09-14T16:21:10Z
2026-09-14T16:20:26Z,2026-09-14T18:20:26+0200,a5f99048-b29d-4df0-9efc-7d09d2edcdd3,2026-09-10T12:30:00Z,2026-09-10T14:30:00+0200,17557.91602,MW,FR,FR,forecast_solar_generation,Solar,2026-09-14T16:21:10Z
2026-09-14T16:20:26Z,2026-09-14T18:20:26+0200,a5f99048-b29d-4df0-9efc-7d09d2edcdd3,2026-09-10T12:45:00Z,2026-09-10T14:45:00+0200,17352.94141,MW,FR,FR,forecast_solar_generation,Solar,2026-09-14T16:21:10Z
2026-09-14T16:20:26Z,2026-09-14T18:20:26+0200,a5f99048-b29d-4df0-9efc-7d09d2edcdd3,2026-09-10T13:00:00Z,2026-09-10T15:00:00+0200,17112.5625,MW,FR,FR,forecast_solar_generation,Solar,2026-09-14T16:21:10Z
2026-09-14T16:20:26Z,2026-09-14T18:20:26+0200,a5f99048-b29d-4df0-9efc-7d09d2edcdd3,2026-09-10T13:15:00Z,2026-09-10T15:15:00+0200,16888.27344,MW,FR,FR,forecast_solar_generation,Solar,2026-09-14T16:21:10Z
2026-09-14T16:20:26Z,2026-09-14T18:20:26+0200,a5f99048-b29d-4df0-9efc-7d09d2edcdd3,2026-09-10T13:30:00Z,2026-09-10T15:30:00+0200,16586.42773,MW,FR,FR,forecast_solar_generation,Solar,2026-09-14T16:21:10Z
2026-09-14T16:20:26Z,2026-09-14T18:20:26+0200,a5f99048-b29d-4df0-9efc-7d09d2edcdd3,2026-09-10T13:45:00Z,2026-09-10T15:45:00+0200,16062.16406,MW,FR,FR,forecast_solar_generation,Solar,2026-09-14T16:21:10Z
2026-09-14T16:20:26Z,2026-09-14T18:20:26+0200,a5f99048-b29d-4df0-9efc-7d09d2edcdd3,2026-09-10T14:00:00Z,2026-09-10T16:00:00+0200,15507.33008,MW,FR,FR,forecast_solar_generation,Solar,2026-09-14T16:21:10Z
2026-09-14T16:20:26Z,2026-09-14T18:20:26+0200,a5f99048-b29d-4df0-9efc-7d09d2edcdd3,2026-09-10T14:15:00Z,2026-09-10T16:15:00+0200,14890.33008,MW,FR,FR,forecast_solar_generation,Solar,2026-09-14T16:21:10Z
2026-09-14T16:20:26Z,2026-09-14T18:20:26+0200,a5f99048-b29d-4df0-9efc-7d09d2edcdd3,2026-09-10T14:30:00Z,2026-09-10T16:30:00+0200,14209.43848,MW,FR,FR,forecast_solar_generation,Solar,2026-09-14T16:21:10Z
2026-09-14T16:20:26Z,2026-09-14T18:20:26+0200,a5f99048-b29d-4df0-9efc-7d09d2edcdd3,2026-09-10T14:45:00Z,2026-09-10T16:45:00+0200,13408.26074,MW,FR,FR,forecast_solar_generation,Solar,2026-09-14T16:21:10Z
2026-09-14T16:20:26Z,2026-09-14T18:20:26+0200,a5f99048-b29d-4df0-9efc-7d09d2edcdd3,2026-09-10T15:00:00Z,2026-09-10T17:00:00+0200,12585.28027,MW,FR,FR,forecast_solar_generation,Solar,2026-09-14T16:21:10Z
2026-09-14T16:20:26Z,2026-09-14T18:20:26+0200,a5f99048-b29d-4df0-9efc-7d09d2edcdd3,2026-09-10T15:15:00Z,2026-09-10T17:15:00+0200,11544.85059,MW,FR,FR,forecast_solar_generation,Solar,2026-09-14T16:21:10Z
2026-09-14T16:20:26Z,2026-09-14T18:20:26+0200,a5f99048-b29d-4df0-9efc-7d09d2edcdd3,2026-09-10T15:30:00Z,2026-09-10T17:30:00+0200,10591.13184,MW,FR,FR,forecast_solar_generation,Solar,2026-09-14T16:21:10Z
2026-09-14T16:20:26Z,2026-09-14T18:20:26+0200,a5f99048-b29d-4df0-9efc-7d09d2edcdd3,2026-09-10T15:45:00Z,2026-09-10T17:45:00+0200,9613.70215,MW,FR,FR,forecast_solar_generation,Solar,2026-09-14T16:21:10Z
2026-09-14T16:20:26Z,2026-09-14T18:20:26+0200,a5f99048-b29d-4df0-9efc-7d09d2edcdd3,2026-09-10T16:00:00Z,2026-09-10T18:00:00+0200,8472.00977,MW,FR,FR,forecast_solar_generation,Solar,2026-09-14T16:21:10Z
2026-09-14T16:20:26Z,2026-09-14T18:20:26+0200,a5f99048-b29d-4df0-9efc-7d09d2edcdd3,2026-09-10T16:15:00Z,2026-09-10T18:15:00+0200,7002.7334,MW,FR,FR,forecast_solar_generation,Solar,2026-09-14T16:21:10Z
2026-09-14T16:20:26Z,2026-09-14T18:20:26+0200,a5f99048-b29d-4df0-9efc-7d09d2edcdd3,2026-09-10T16:30:00Z,2026-09-10T18:30:00+0200,5838.40381,MW,FR,FR,forecast_solar_generation,Solar,2026-09-14T16:21:10Z
2026-09-14T16:20:26Z,2026-09-14T18:20:26+0200,a5f99048-b29d-4df0-9efc-7d09d2edcdd3,2026-09-10T16:45:00Z,2026-09-10T18:45:00+0200,4857.99463,MW,FR,FR,forecast_solar_generation,Solar,2026-09-14T16:21:10Z
2026-09-14T16:20:26Z,2026-09-14T18:20:26+0200,a5f99048-b29d-4df0-9efc-7d09d2edcdd3,2026-09-10T17:00:00Z,2026-09-10T19:00:00+0200,3434.19312,MW,FR,FR,forecast_solar_generation,Solar,2026-09-14T16:21:10Z
2026-09-14T16:20:26Z,2026-09-14T18:20:26+0200,a5f99048-b29d-4df0-9efc-7d09d2edcdd3,2026-09-10T17:15:00Z,2026-09-10T19:15:00+0200,2466.27124,MW,FR,FR,forecast_solar_generation,Solar,2026-09-14T16:21:10Z
2026-09-14T16:20:26Z,2026-09-14T18:20:26+0200,a5f99048-b29d-4df0-9efc-7d09d2edcdd3,2026-09-10T17:30:00Z,2026-09-10T19:30:00+0200,1511.6825,MW,FR,FR,forecast_solar_generation,Solar,2026-09-14T16:21:10Z
2026-09-14T16:20:26Z,2026-09-14T18:20:26+0200,a5f99048-b29d-4df0-9efc-7d09d2edcdd3,2026-09-10T17:45:00Z,2026-09-10T19:45:00+0200,1009.34772,MW,FR,FR,forecast_solar_generation,Solar,2026-09-14T16:21:10Z
2026-09-14T16:20:26Z,2026-09-14T18:20:26+0200,a5f99048-b29d-4df0-9efc-7d09d2edcdd3,2026-09-10T18:00:00Z,2026-09-10T20:00:00+0200,498.38004,MW,FR,FR,forecast_solar_generation,Solar,2026-09-14T16:21:10Z
2026-09-14T16:20:26Z,2026-09-14T18:20:26+0200,a5f99048-b29d-4df0-9efc-7d09d2edcdd3,2026-09-10T18:15:00Z,2026-09-10T20:15:00+0200,147.82605,MW,FR,FR,forecast_solar_generation,Solar,2026-09-14T16:21:10Z
2026-09-14T16:20:26Z,2026-09-14T18:20:26+0200,a5f99048-b29d-4df0-9efc-7d09d2edcdd3,2026-09-10T18:30:00Z,2026-09-10T20:30:00+0200,5.73804,MW,FR,FR,forecast_solar_generation,Solar,2026-09-14T16:21:10Z
2026-09-14T16:20:26Z,2026-09-14T18:20:26+0200,a5f99048-b29d-4df0-9efc-7d09d2edcdd3,2026-09-10T18:45:00Z,2026-09-10T20:45:00+0200,0.0,MW,FR,FR,forecast_solar_generation,Solar,2026-09-14T16:21:10Z
2026-09-14T16:20:26Z,2026-09-14T18:20:26+0200,a5f99048-b29d-4df0-9efc-7d09d2edcdd3,2026-09-10T19:00:00Z,2026-09-10T21:00:00+0200,0.0,MW,FR,FR,forecast_solar_generation,Solar,2026-09-14T16:21:10Z
2026-09-14T16:20:26Z,2026-09-14T18:20:26+0200,a5f99048-b29d-4df0-9efc-7d09d2edcdd3,2026-09-10T19:15:00Z,2026-09-10T21:15:00+0200,0.0,MW,FR,FR,forecast_solar_generation,Solar,2026-09-14T16:21:10Z
2026-09-14T16:20:26Z,2026-09-14T18:20:26+0200,a5f99048-b29d-4df0-9efc-7d09d2edcdd3,2026-09-10T19:30:00Z,2026-09-10T21:30:00+0200,0.0,MW,FR,FR,forecast_solar_generation,Solar,2026-09-14T16:21:10Z
2026-09-14T16:20:26Z,2026-09-14T18:20:26+0200,a5f99048-b29d-4df0-9efc-7d09d2edcdd3,2026-09-10T19:45:00Z,2026-09-10T21:45:00+0200,0.0,MW,FR,FR,forecast_solar_generation,Solar,2026-09-14T16:21:10Z
2026-09-14T16:20:26Z,2026-09-14T18:20:26+0200,a5f99048-b29d-4df0-9efc-7d09d2edcdd3,2026-09-10T20:00:00Z,2026-09-10T22:00:00+0200,0.0,MW,FR,FR,forecast_solar_generation,Solar,2026-09-14T16:21:10Z
2026-09-14T16:20:26Z,2026-09-14T18:20:26+0200,a5f99048-b29d-4df0-9efc-7d09d2edcdd3,2026-09-10T20:15:00Z,2026-09-10T22:15:00+0200,0.0,MW,FR,FR,forecast_solar_generation,Solar,2026-09-14T16:21:10Z
2026-09-14T16:20:26Z,2026-09-14T18:20:26+0200,a5f99048-b29d-4df0-9efc-7d09d2edcdd3,2026-09-10T20:30:00Z,2026-09-10T22:30:00+0200,0.0,MW,FR,FR,forecast_solar_generation,Solar,2026-09-14T16:21:10Z
2026-09-14T16:20:26Z,2026-09-14T18:20:26+0200,a5f99048-b29d-4df0-9efc-7d09d2edcdd3,2026-09-10T20:45:00Z,2026-09-10T22:45:00+0200,0.0,MW,FR,FR,forecast_solar_generation,Solar,2026-09-14T16:21:10Z
2026-09-14T16:20:26Z,2026-09-14T18:20:26+0200,a5f99048-b29d-4df0-9efc-7d09d2edcdd3,2026-09-10T21:00:00Z,2026-09-10T23:00:00+0200,0.0,MW,FR,FR,forecast_solar_generation,Solar,2026-09-14T16:21:10Z
2026-09-14T16:20:26Z,2026-09-14T18:20:26+0200,a5f99048-b29d-4df0-9efc-7d09d2edcdd3,2026-09-10T21:15:00Z,2026-09-10T23:15:00+0200,0.0,MW,FR,FR,forecast_solar_generation,Solar,2026-09-14T16:21:10Z
2026-09-14T16:20:26Z,2026-09-14T18:20:26+0200,a5f99048-b29d-4df0-9efc-7d09d2edcdd3,2026-09-10T21:30:00Z,2026-09-10T23:30:00+0200,0.0,MW,FR,FR,forecast_solar_generation,Solar,2026-09-14T16:21:10Z
2026-09-14T16:20:26Z,2026-09-14T18:20:26+0200,a5f99048-b29d-4df0-9efc-7d09d2edcdd3,2026-09-10T21:45:00Z,2026-09-10T23:45:00+0200,0.0,MW,FR,FR,forecast_solar_generation,Solar,2026-09-14T16:21:10Z
2026-09-14T16:20:26Z,2026-09-14T18:20:26+0200,a5f99048-b29d-4df0-9efc-7d09d2edcdd3,2026-09-10T22:00:00Z,2026-09-11T00:00:00+0200,0.0,MW,FR,FR,forecast_solar_generation,Solar,2026-09-14T16:21:10Z
2026-09-14T16:20:26Z,2026-09-14T18:20:26+0200,a5f99048-b29d-4df0-9efc-7d09d2edcdd3,2026-09-10T22:15:00Z,2026-09-11T00:15:00+0200,0.0,MW,FR,FR,forecast_solar_generation,Solar,2026-09-14T16:21:10Z
2026-09-14T16:20:26Z,2026-09-14T18:20:26+0200,a5f99048-b29d-4df0-9efc-7d09d2edcdd3,2026-09-10T22:30:00Z,2026-09-11T00:30:00+0200,0.0,MW,FR,FR,forecast_solar_generation,Solar,2026-09-14T16:21:10Z
2026-09-14T16:20:26Z,2026-09-14T18:20:26+0200,a5f99048-b29d-4df0-9efc-7d09d2edcdd3,2026-09-10T22:45:00Z,2026-09-11T00:45:00+0200,0.0,MW,FR,FR,forecast_solar_generation,Solar,2026-09-14T16:21:10Z
2026-09-14T16:20:26Z,2026-09-14T18:20:26+0200,a5f99048-b29d-4df0-9efc-7d09d2edcdd3,2026-09-10T23:00:00Z,2026-09-11T01:00:00+0200,0.0,MW,FR,FR,forecast_solar_generation,Solar,2026-09-14T16:21:10Z
2026-09-14T16:20:26Z,2026-09-14T18:20:26+0200,a5f99048-b29d-4df0-9efc-7d09d2edcdd3,2026-09-10T23:15:00Z,2026-09-11T01:15:00+0200,0.0,MW,FR,FR,forecast_solar_generation,Solar,2026-09-14T16:21:10Z
2026-09-14T16:20:26Z,2026-09-14T18:20:26+0200,a5f99048-b29d-4df0-9efc-7d09d2edcdd3,2026-09-10T23:30:00Z,2026-09-11T01:30:00+0200,0.0,MW,FR,FR,forecast_solar_generation,Solar,2026-09-14T16:21:10Z
2026-09-14T16:20:26Z,2026-09-14T18:20:26+0200,a5f99048-b29d-4df0-9efc-7d09d2edcdd3,2026-09-10T23:45:00Z,2026-09-11T01:45:00+0200,0.0,MW,FR,FR,forecast_solar_generation,Solar,2026-09-14T16:21:10Z
2026-09-14T16:20:26Z,2026-09-14T18:20:26+0200,a5f99048-b29d-4df0-9efc-7d09d2edcdd3,2026-09-11T00:00:00Z,2026-09-11T02:00:00+0200,0.0,MW,FR,FR,forecast_solar_generation,Solar,2026-09-14T16:21:10Z
2026-09-14T16:20:26Z,2026-09-14T18:20:26+0200,a5f99048-b29d-4df0-9efc-7d09d2edcdd3,2026-09-11T00:15:00Z,2026-09-11T02:15:00+0200,0.0,MW,FR,FR,forecast_solar_generation,Solar,2026-09-14T16:21:10Z
2026-09-14T16:20:26Z,2026-09-14T18:20:26+0200,a5f99048-b29d-4df0-9efc-7d09d2edcdd3,2026-09-11T00:30:00Z,2026-09-11T02:30:00+0200,0.0,MW,FR,FR,forecast_solar_generation,Solar,2026-09-14T16:21:10Z
2026-09-14T16:20:26Z,2026-09-14T18:20:26+0200,a5f99048-b29d-4df0-9efc-7d09d2edcdd3,2026-09-11T00:45:00Z,2026-09-11T02:45:00+0200,0.0,MW,FR,FR,forecast_solar_generation,Solar,2026-09-14T16:21:10Z
2026-09-14T16:20:26Z,2026-09-14T18:20:26+0200,a5f99048-b29d-4df0-9efc-7d09d2edcdd3,2026-09-11T01:00:00Z,2026-09-11T03:00:00+0200,0.0,MW,FR,FR,forecast_solar_generation,Solar,2026-09-14T16:21:10Z
2026-09-14T16:20:26Z,2026-09-14T18:20:26+0200,a5f99048-b29d-4df0-9efc-7d09d2edcdd3,2026-09-11T01:15:00Z,2026-09-11T03:15:00+0200,0.0,MW,FR,FR,forecast_solar_generation,Solar,2026-09-14T16:21:10Z
2026-09-14T16:20:26Z,2026-09-14T18:20:26+0200,a5f99048-b29d-4df0-9efc-7d09d2edcdd3,2026-09-11T01:30:00Z,2026-09-11T03:30:00+0200,0.0,MW,FR,FR,forecast_solar_generation,Solar,2026-09-14T16:21:10Z
2026-09-14T16:20:26Z,2026-09-14T18:20:26+0200,a5f99048-b29d-4df0-9efc-7d09d2edcdd3,2026-09-11T01:45:00Z,2026-09-11T03:45:00+0200,0.0,MW,FR,FR,forecast_solar_generation,Solar,2026-09-14T16:21:10Z
2026-09-14T16:20:26Z,2026-09-14T18:20:26+0200,a5f99048-b29d-4df0-9efc-7d09d2edcdd3,2026-09-11T02:00:00Z,2026-09-11T04:00:00+0200,0.0,MW,FR,FR,forecast_solar_generation,Solar,2026-09-14T16:21:10Z
2026-09-14T16:20:26Z,2026-09-14T18:20:26+0200,a5f99048-b29d-4df0-9efc-7d09d2edcdd3,2026-09-11T02:15:00Z,2026-09-11T04:15:00+0200,0.0,MW,FR,FR,forecast_solar_generation,Solar,2026-09-14T16:21:10Z
2026-09-14T16:20:26Z,2026-09-14T18:20:26+0200,a5f99048-b29d-4df0-9efc-7d09d2edcdd3,2026-09-11T02:30:00Z,2026-09-11T04:30:00+0200,0.0,MW,FR,FR,forecast_solar_generation,Solar,2026-09-14T16:21:10Z
2026-09-14T16:20:26Z,2026-09-14T18:20:26+0200,a5f99048-b29d-4df0-9efc-7d09d2edcdd3,2026-09-11T02:45:00Z,2026-09-11T04:45:00+0200,0.0,MW,FR,FR,forecast_solar_generation,Solar,2026-09-14T16:21:10Z
2026-09-14T16:20:26Z,2026-09-14T18:20:26+0200,a5f99048-b29d-4df0-9efc-7d09d2edcdd3,2026-09-11T03:00:00Z,2026-09-11T05:00:00+0200,0.0,MW,FR,FR,forecast_solar_generation,Solar,2026-09-14T16:21:10Z
2026-09-14T16:20:26Z,2026-09-14T18:20:26+0200,a5f99048-b29d-4df0-9efc-7d09d2edcdd3,2026-09-11T03:15:00Z,2026-09-11T05:15:00+0200,0.0,MW,FR,FR,forecast_solar_generation,Solar,2026-09-14T16:21:10Z
2026-09-14T16:20:26Z,2026-09-14T18:20:26+0200,a5f99048-b29d-4df0-9efc-7d09d2edcdd3,2026-09-11T03:30:00Z,2026-09-11T05:30:00+0200,0.0,MW,FR,FR,forecast_solar_generation,Solar,2026-09-14T16:21:10Z
2026-09-14T16:20:26Z,2026-09-14T18:20:26+0200,a5f99048-b29d-4df0-9efc-7d09d2edcdd3,2026-09-11T03:45:00Z,2026-09-11T05:45:00+0200,0.0,MW,FR,FR,forecast_solar_generation,Solar,2026-09-14T16:21:10Z
2026-09-14T16:20:26Z,2026-09-14T18:20:26+0200,a5f99048-b29d-4df0-9efc-7d09d2edcdd3,2026-09-11T04:00:00Z,2026-09-11T06:00:00+0200,0.0,MW,FR,FR,forecast_solar_generation,Solar,2026-09-14T16:21:10Z
2026-09-14T16:20:26Z,2026-09-14T18:20:26+0200,a5f99048-b29d-4df0-9efc-7d09d2edcdd3,2026-09-11T04:15:00Z,2026-09-11T06:15:00+0200,0.0,MW,FR,FR,forecast_solar_generation,Solar,2026-09-14T16:21:10Z
2026-09-14T16:20:26Z,2026-09-14T18:20:26+0200,a5f99048-b29d-4df0-9efc-7d09d2edcdd3,2026-09-11T04:30:00Z,2026-09-11T06:30:00+0200,0.0,MW,FR,FR,forecast_solar_generation,Solar,2026-09-14T16:21:10Z
2026-09-14T16:20:26Z,2026-09-14T18:20:26+0200,a5f99048-b29d-4df0-9efc-7d09d2edcdd3,2026-09-11T04:45:00Z,2026-09-11T06:45:00+0200,0.0,MW,FR,FR,forecast_solar_generation,Solar,2026-09-14T16:21:10Z
2026-09-14T16:20:26Z,2026-09-14T18:20:26+0200,a5f99048-b29d-4df0-9efc-7d09d2edcdd3,2026-09-11T05:00:00Z,2026-09-11T07:00:00+0200,0.0,MW,FR,FR,forecast_solar_generation,Solar,2026-09-14T16:21:10Z
2026-09-14T16:20:26Z,2026-09-14T18:20:26+0200,a5f99048-b29d-4df0-9efc-7d09d2edcdd3,2026-09-11T05:15:00Z,2026-09-11T07:15:00+0200,7.80446,MW,FR,FR,forecast_solar_generation,Solar,2026-09-14T16:21:10Z
2026-09-14T16:20:26Z,2026-09-14T18:20:26+0200,a5f99048-b29d-4df0-9efc-7d09d2edcdd3,2026-09-11T05:30:00Z,2026-09-11T07:30:00+0200,93.72355,MW,FR,FR,forecast_solar_generation,Solar,2026-09-14T16:21:10Z
2026-09-14T16:20:26Z,2026-09-14T18:20:26+0200,a5f99048-b29d-4df0-9efc-7d09d2edcdd3,2026-09-11T05:45:00Z,2026-09-11T07:45:00+0200,370.51465,MW,FR,FR,forecast_solar_generation,Solar,2026-09-14T16:21:10Z
2026-09-14T16:20:26Z,2026-09-14T18:20:26+0200,a5f99048-b29d-4df0-9efc-7d09d2edcdd3,2026-09-11T06:00:00Z,2026-09-11T08:00:00+0200,810.51007,MW,FR,FR,forecast_solar_generation,Solar,2026-09-14T16:21:10Z
2026-09-14T16:20:26Z,2026-09-14T18:20:26+0200,a5f99048-b29d-4df0-9efc-7d09d2edcdd3,2026-09-11T06:15:00Z,2026-09-11T08:15:00+0200,1434.78613,MW,FR,FR,forecast_solar_generation,Solar,2026-09-14T16:21:10Z
2026-09-14T16:20:26Z,2026-09-14T18:20:26+0200,a5f99048-b29d-4df0-9efc-7d09d2edcdd3,2026-09-11T06:30:00Z,2026-09-11T08:30:00+0200,2044.48792,MW,FR,FR,forecast_solar_generation,Solar,2026-09-14T16:21:10Z
2026-09-14T16:20:26Z,2026-09-14T18:20:26+0200,a5f99048-b29d-4df0-9efc-7d09d2edcdd3,2026-09-11T06:45:00Z,2026-09-11T08:45:00+0200,3121.43042,MW,FR,FR,forecast_solar_generation,Solar,2026-09-14T16:21:10Z
2026-09-14T16:20:26Z,2026-09-14T18:20:26+0200,a5f99048-b29d-4df0-9efc-7d09d2edcdd3,2026-09-11T07:00:00Z,2026-09-11T09:00:00+0200,4079.51611,MW,FR,FR,forecast_solar_generation,Solar,2026-09-14T16:21:10Z
2026-09-14T16:20:26Z,2026-09-14T18:20:26+0200,a5f99048-b29d-4df0-9efc-7d09d2edcdd3,2026-09-11T07:15:00Z,2026-09-11T09:15:00+0200,5423.2876,MW,FR,FR,forecast_solar_generation,Solar,2026-09-14T16:21:10Z
2026-09-14T16:20:26Z,2026-09-14T18:20:26+0200,a5f99048-b29d-4df0-9efc-7d09d2edcdd3,2026-09-11T07:30:00Z,2026-09-11T09:30:00+0200,6480.82324,MW,FR,FR,forecast_solar_generation,Solar,2026-09-14T16:21:10Z
2026-09-14T16:20:26Z,2026-09-14T18:20:26+0200,a5f99048-b29d-4df0-9efc-7d09d2edcdd3,2026-09-11T07:45:00Z,2026-09-11T09:45:00+0200,7629.27051,MW,FR,FR,forecast_solar_generation,Solar,2026-09-14T16:21:10Z
2026-09-14T16:20:26Z,2026-09-14T18:20:26+0200,a5f99048-b29d-4df0-9efc-7d09d2edcdd3,2026-09-11T08:00:00Z,2026-09-11T10:00:00+0200,8760.02441,MW,FR,FR,forecast_solar_generation,Solar,2026-09-14T16:21:10Z
2026-09-14T16:20:26Z,2026-09-14T18:20:26+0200,a5f99048-b29d-4df0-9efc-7d09d2edcdd3,2026-09-11T08:15:00Z,2026-09-11T10:15:00+0200,10204.54102,MW,FR,FR,forecast_solar_generation,Solar,2026-09-14T16:21:10Z
2026-09-14T16:20:26Z,2026-09-14T18:20:26+0200,a5f99048-b29d-4df0-9efc-7d09d2edcdd3,2026-09-11T08:30:00Z,2026-09-11T10:30:00+0200,11222.12012,MW,FR,FR,forecast_solar_generation,Solar,2026-09-14T16:21:10Z
2026-09-14T16:20:26Z,2026-09-14T18:20:26+0200,a5f99048-b29d-4df0-9efc-7d09d2edcdd3,2026-09-11T08:45:00Z,2026-09-11T10:45:00+0200,12260.94043,MW,FR,FR,forecast_solar_generation,Solar,2026-09-14T16:21:10Z
2026-09-14T16:20:26Z,2026-09-14T18:20:26+0200,a5f99048-b29d-4df0-9efc-7d09d2edcdd3,2026-09-11T09:00:00Z,2026-09-11T11:00:00+0200,13271.5,MW,FR,FR,forecast_solar_generation,Solar,2026-09-14T16:21:10Z
2026-09-14T16:20:26Z,2026-09-14T18:20:26+0200,a5f99048-b29d-4df0-9efc-7d09d2edcdd3,2026-09-11T09:15:00Z,2026-09-11T11:15:00+0200,14344.13281,MW,FR,FR,forecast_solar_generation,Solar,2026-09-14T16:21:10Z
2026-09-14T16:20:26Z,2026-09-14T18:20:26+0200,a5f99048-b29d-4df0-9efc-7d09d2edcdd3,2026-09-11T09:30:00Z,2026-09-11T11:30:00+0200,15282.97266,MW,FR,FR,forecast_solar_generation,Solar,2026-09-14T16:21:10Z
2026-09-14T16:20:26Z,2026-09-14T18:20:26+0200,a5f99048-b29d-4df0-9efc-7d09d2edcdd3,2026-09-11T09:45:00Z,2026-09-11T11:45:00+0200,15783.50391,MW,FR,FR,forecast_solar_generation,Solar,2026-09-14T16:21:10Z
2026-09-14T16:20:26Z,2026-09-14T18:20:26+0200,a5f99048-b29d-4df0-9efc-7d09d2edcdd3,2026-09-11T10:00:00Z,2026-09-11T12:00:00+0200,16283.61914,MW,FR,FR,forecast_solar_generation,Solar,2026-09-14T16:21:10Z
2026-09-14T16:20:26Z,2026-09-14T18:20:26+0200,a5f99048-b29d-4df0-9efc-7d09d2edcdd3,2026-09-11T10:15:00Z,2026-09-11T12:15:00+0200,16616.13672,MW,FR,FR,forecast_solar_generation,Solar,2026-09-14T16:21:10Z
2026-09-14T16:20:26Z,2026-09-14T18:20:26+0200,a5f99048-b29d-4df0-9efc-7d09d2edcdd3,2026-09-11T10:30:00Z,2026-09-11T12:30:00+0200,16976.07617,MW,FR,FR,forecast_solar_generation,Solar,2026-09-14T16:21:10Z
2026-09-14T16:20:26Z,2026-09-14T18:20:26+0200,a5f99048-b29d-4df0-9efc-7d09d2edcdd3,2026-09-11T10:45:00Z,2026-09-11T12:45:00+0200,16995.54688,MW,FR,FR,forecast_solar_generation,Solar,2026-09-14T16:21:10Z
2026-09-14T16:20:26Z,2026-09-14T18:20:26+0200,a5f99048-b29d-4df0-9efc-7d09d2edcdd3,2026-09-11T11:00:00Z,2026-09-11T13:00:00+0200,17055.21484,MW,FR,FR,forecast_solar_generation,Solar,2026-09-14T16:21:10Z
2026-09-14T16:20:26Z,2026-09-14T18:20:26+0200,a5f99048-b29d-4df0-9efc-7d09d2edcdd3,2026-09-11T11:15:00Z,2026-09-11T13:15:00+0200,17033.04688,MW,FR,FR,forecast_solar_generation,Solar,2026-09-14T16:21:10Z
2026-09-14T16:20:26Z,2026-09-14T18:20:26+0200,a5f99048-b29d-4df0-9efc-7d09d2edcdd3,2026-09-11T11:30:00Z,2026-09-11T13:30:00+0200,17025.65039,MW,FR,FR,forecast_solar_generation,Solar,2026-09-14T16:21:10Z
2026-09-14T16:20:26Z,2026-09-14T18:20:26+0200,a5f99048-b29d-4df0-9efc-7d09d2edcdd3,2026-09-11T11:45:00Z,2026-09-11T13:45:00+0200,16986.48242,MW,FR,FR,forecast_solar_generation,Solar,2026-09-14T16:21:10Z
2026-09-14T16:20:26Z,2026-09-14T18:20:26+0200,a5f99048-b29d-4df0-9efc-7d09d2edcdd3,2026-09-11T12:00:00Z,2026-09-11T14:00:00+0200,16964.26953,MW,FR,FR,forecast_solar_generation,Solar,2026-09-14T16:21:10Z
2026-09-14T16:20:26Z,2026-09-14T18:20:26+0200,a5f99048-b29d-4df0-9efc-7d09d2edcdd3,2026-09-11T12:15:00Z,2026-09-11T14:15:00+0200,16926.3457,MW,FR,FR,forecast_solar_generation,Solar,2026-09-14T16:21:10Z
2026-09-14T16:20:26Z,2026-09-14T18:20:26+0200,a5f99048-b29d-4df0-9efc-7d09d2edcdd3,2026-09-11T12:30:00Z,2026-09-11T14:30:00+0200,16830.39062,MW,FR,FR,forecast_solar_generation,Solar,2026-09-14T16:21:10Z
2026-09-14T16:20:26Z,2026-09-14T18:20:26+0200,a5f99048-b29d-4df0-9efc-7d09d2edcdd3,2026-09-11T12:45:00Z,2026-09-11T14:45:00+0200,16613.95898,MW,FR,FR,forecast_solar_generation,Solar,2026-09-14T16:21:10Z
2026-09-14T16:20:26Z,2026-09-14T18:20:26+0200,a5f99048-b29d-4df0-9efc-7d09d2edcdd3,2026-09-11T13:00:00Z,2026-09-11T15:00:00+0200,16366.91211,MW,FR,FR,forecast_solar_generation,Solar,2026-09-14T16:21:10Z
2026-09-14T16:20:26Z,2026-09-14T18:20:26+0200,a5f99048-b29d-4df0-9efc-7d09d2edcdd3,2026-09-11T13:15:00Z,2026-09-11T15:15:00+0200,16089.85742,MW,FR,FR,forecast_solar_generation,Solar,2026-09-14T16:21:10Z
2026-09-14T16:20:26Z,2026-09-14T18:20:26+0200,a5f99048-b29d-4df0-9efc-7d09d2edcdd3,2026-09-11T13:30:00Z,2026-09-11T15:30:00+0200,15759.0293,MW,FR,FR,forecast_solar_generation,Solar,2026-09-14T16:21:10Z
2026-09-14T16:20:26Z,2026-09-14T18:20:26+0200,a5f99048-b29d-4df0-9efc-7d09d2edcdd3,2026-09-11T13:45:00Z,2026-09-11T15:45:00+0200,15191.85156,MW,FR,FR,forecast_solar_generation,Solar,2026-09-14T16:21:10Z
2026-09-14T16:20:26Z,2026-09-14T18:20:26+0200,a5f99048-b29d-4df0-9efc-7d09d2edcdd3,2026-09-11T14:00:00Z,2026-09-11T16:00:00+0200,14614.65723,MW,FR,FR,forecast_solar_generation,Solar,2026-09-14T16:21:10Z
2026-09-14T16:20:26Z,2026-09-14T18:20:26+0200,a5f99048-b29d-4df0-9efc-7d09d2edcdd3,2026-09-11T14:15:00Z,2026-09-11T16:15:00+0200,13951.69824,MW,FR,FR,forecast_solar_generation,Solar,2026-09-14T16:21:10Z
2026-09-14T16:20:26Z,2026-09-14T18:20:26+0200,a5f99048-b29d-4df0-9efc-7d09d2edcdd3,2026-09-11T14:30:00Z,2026-09-11T16:30:00+0200,13283.37207,MW,FR,FR,forecast_solar_generation,Solar,2026-09-14T16:21:10Z
2026-09-14T16:20:26Z,2026-09-14T18:20:26+0200,a5f99048-b29d-4df0-9efc-7d09d2edcdd3,2026-09-11T14:45:00Z,2026-09-11T16:45:00+0200,12489.03906,MW,FR,FR,forecast_solar_generation,Solar,2026-09-14T16:21:10Z
2026-09-14T16:20:26Z,2026-09-14T18:20:26+0200,a5f99048-b29d-4df0-9efc-7d09d2edcdd3,2026-09-11T15:00:00Z,2026-09-11T17:00:00+0200,11657.25,MW,FR,FR,forecast_solar_generation,Solar,2026-09-14T16:21:10Z
2026-09-14T16:20:26Z,2026-09-14T18:20:26+0200,a5f99048-b29d-4df0-9efc-7d09d2edcdd3,2026-09-11T15:15:00Z,2026-09-11T17:15:00+0200,10652.10547,MW,FR,FR,forecast_solar_generation,Solar,2026-09-14T16:21:10Z
2026-09-14T16:20:26Z,2026-09-14T18:20:26+0200,a5f99048-b29d-4df0-9efc-7d09d2edcdd3,2026-09-11T15:30:00Z,2026-09-11T17:30:00+0200,9711.66895,MW,FR,FR,forecast_solar_generation,Solar,2026-09-14T16:21:10Z
2026-09-14T16:20:26Z,2026-09-14T18:20:26+0200,a5f99048-b29d-4df0-9efc-7d09d2edcdd3,2026-09-11T15:45:00Z,2026-09-11T17:45:00+0200,8802.43262,MW,FR,FR,forecast_solar_generation,Solar,2026-09-14T16:21:10Z
2026-09-14T16:20:26Z,2026-09-14T18:20:26+0200,a5f99048-b29d-4df0-9efc-7d09d2edcdd3,2026-09-11T16:00:00Z,2026-09-11T18:00:00+0200,7730.16992,MW,FR,FR,forecast_solar_generation,Solar,2026-09-14T16:21:10Z
2026-09-14T16:20:26Z,2026-09-14T18:20:26+0200,a5f99048-b29d-4df0-9efc-7d09d2edcdd3,2026-09-11T16:15:00Z,2026-09-11T18:15:00+0200,6375.38379,MW,FR,FR,forecast_solar_generation,Solar,2026-09-14T16:21:10Z
2026-09-14T16:20:26Z,2026-09-14T18:20:26+0200,a5f99048-b29d-4df0-9efc-7d09d2edcdd3,2026-09-11T16:30:00Z,2026-09-11T18:30:00+0200,5319.14941,MW,FR,FR,forecast_solar_generation,Solar,2026-09-14T16:21:10Z
2026-09-14T16:20:26Z,2026-09-14T18:20:26+0200,a5f99048-b29d-4df0-9efc-7d09d2edcdd3,2026-09-11T16:45:00Z,2026-09-11T18:45:00+0200,4403.76025,MW,FR,FR,forecast_solar_generation,Solar,2026-09-14T16:21:10Z
2026-09-14T16:20:26Z,2026-09-14T18:20:26+0200,a5f99048-b29d-4df0-9efc-7d09d2edcdd3,2026-09-11T17:00:00Z,2026-09-11T19:00:00+0200,3132.64258,MW,FR,FR,forecast_solar_generation,Solar,2026-09-14T16:21:10Z
2026-09-14T16:20:26Z,2026-09-14T18:20:26+0200,a5f99048-b29d-4df0-9efc-7d09d2edcdd3,2026-09-11T17:15:00Z,2026-09-11T19:15:00+0200,2234.74585,MW,FR,FR,forecast_solar_generation,Solar,2026-09-14T16:21:10Z
2026-09-14T16:20:26Z,2026-09-14T18:20:26+0200,a5f99048-b29d-4df0-9efc-7d09d2edcdd3,2026-09-11T17:30:00Z,2026-09-11T19:30:00+0200,1373.47925,MW,FR,FR,forecast_solar_generation,Solar,2026-09-14T16:21:10Z
2026-09-14T16:20:26Z,2026-09-14T18:20:26+0200,a5f99048-b29d-4df0-9efc-7d09d2edcdd3,2026-09-11T17:45:00Z,2026-09-11T19:45:00+0200,908.18445,MW,FR,FR,forecast_solar_generation,Solar,2026-09-14T16:21:10Z
2026-09-14T16:20:26Z,2026-09-14T18:20:26+0200,a5f99048-b29d-4df0-9efc-7d09d2edcdd3,2026-09-11T18:00:00Z,2026-09-11T20:00:00+0200,422.07635,MW,FR,FR,forecast_solar_generation,Solar,2026-09-14T16:21:10Z
2026-09-14T16:20:26Z,2026-09-14T18:20:26+0200,a5f99048-b29d-4df0-9efc-7d09d2edcdd3,2026-09-11T18:15:00Z,2026-09-11T20:15:00+0200,111.65339,MW,FR,FR,forecast_solar_generation,Solar,2026-09-14T16:21:10Z
2026-09-14T16:20:26Z,2026-09-14T18:20:26+0200,a5f99048-b29d-4df0-9efc-7d09d2edcdd3,2026-09-11T18:30:00Z,2026-09-11T20:30:00+0200,2.74414,MW,FR,FR,forecast_solar_generation,Solar,2026-09-14T16:21:10Z
2026-09-14T16:20:26Z,2026-09-14T18:20:26+0200,a5f99048-b29d-4df0-9efc-7d09d2edcdd3,2026-09-11T18:45:00Z,2026-09-11T20:45:00+0200,0.0,MW,FR,FR,forecast_solar_generation,Solar,2026-09-14T16:21:10Z
2026-09-14T16:20:26Z,2026-09-14T18:20:26+0200,a5f99048-b29d-4df0-9efc-7d09d2edcdd3,2026-09-11T19:00:00Z,2026-09-11T21:00:00+0200,0.0,MW,FR,FR,forecast_solar_generation,Solar,2026-09-14T16:21:10Z
2026-09-14T16:20:26Z,2026-09-14T18:20:26+0200,a5f99048-b29d-4df0-9efc-7d09d2edcdd3,2026-09-11T19:15:00Z,2026-09-11T21:15:00+0200,0.0,MW,FR,FR,forecast_solar_generation,Solar,2026-09-14T16:21:10Z
2026-09-14T16:20:26Z,2026-09-14T18:20:26+0200,a5f99048-b29d-4df0-9efc-7d09d2edcdd3,2026-09-11T19:30:00Z,2026-09-11T21:30:00+0200,0.0,MW,FR,FR,forecast_solar_generation,Solar,2026-09-14T16:21:10Z
2026-09-14T16:20:26Z,2026-09-14T18:20:26+0200,a5f99048-b29d-4df0-9efc-7d09d2edcdd3,2026-09-11T19:45:00Z,2026-09-11T21:45:00+0200,0.0,MW,FR,FR,forecast_solar_generation,Solar,2026-09-14T16:21:10Z
2026-09-14T16:20:26Z,2026-09-14T18:20:26+0200,a5f99048-b29d-4df0-9efc-7d09d2edcdd3,2026-09-11T20:00:00Z,2026-09-11T22:00:00+0200,0.0,MW,FR,FR,forecast_solar_generation,Solar,2026-09-14T16:21:10Z
2026-09-14T16:20:26Z,2026-09-14T18:20:26+0200,a5f99048-b29d-4df0-9efc-7d09d2edcdd3,2026-09-11T20:15:00Z,2026-09-11T22:15:00+0200,0.0,MW,FR,FR,forecast_solar_generation,Solar,2026-09-14T16:21:10Z
2026-09-14T16:20:26Z,2026-09-14T18:20:26+0200,a5f99048-b29d-4df0-9efc-7d09d2edcdd3,2026-09-11T20:30:00Z,2026-09-11T22:30:00+0200,0.0,MW,FR,FR,forecast_solar_generation,Solar,2026-09-14T16:21:10Z
2026-09-14T16:20:26Z,2026-09-14T18:20:26+0200,a5f99048-b29d-4df0-9efc-7d09d2edcdd3,2026-09-11T20:45:00Z,2026-09-11T22:45:00+0200,0.0,MW,FR,FR,forecast_solar_generation,Solar,2026-09-14T16:21:10Z
2026-09-14T16:20:26Z,2026-09-14T18:20:26+0200,a5f99048-b29d-4df0-9efc-7d09d2edcdd3,2026-09-11T21:00:00Z,2026-09-11T23:00:00+0200,0.0,MW,FR,FR,forecast_solar_generation,Solar,2026-09-14T16:21:10Z
2026-09-14T16:20:26Z,2026-09-14T18:20:26+0200,a5f99048-b29d-4df0-9efc-7d09d2edcdd3,2026-09-11T21:15:00Z,2026-09-11T23:15:00+0200,0.0,MW,FR,FR,forecast_solar_generation,Solar,2026-09-14T16:21:10Z
2026-09-14T16:20:26Z,2026-09-14T18:20:26+0200,a5f99048-b29d-4df0-9efc-7d09d2edcdd3,2026-09-11T21:30:00Z,2026-09-11T23:30:00+0200,0.0,MW,FR,FR,forecast_solar_generation,Solar,2026-09-14T16:21:10Z
2026-09-14T16:20:26Z,2026-09-14T18:20:26+0200,a5f99048-b29d-4df0-9efc-7d09d2edcdd3,2026-09-11T21:45:00Z,2026-09-11T23:45:00+0200,0.0,MW,FR,FR,forecast_solar_generation,Solar,2026-09-14T16:21:10Z
2026-09-14T16:20:26Z,2026-09-14T18:20:26+0200,a5f99048-b29d-4df0-9efc-7d09d2edcdd3,2026-09-11T22:00:00Z,2026-09-12T00:00:00+0200,0.0,MW,FR,FR,forecast_solar_generation,Solar,2026-09-14T16:21:10Z
2026-09-14T16:20:26Z,2026-09-14T18:20:26+0200,a5f99048-b29d-4df0-9efc-7d09d2edcdd3,2026-09-11T22:15:00Z,2026-09-12T00:15:00+0200,0.0,MW,FR,FR,forecast_solar_generation,Solar,2026-09-14T16:21:10Z
2026-09-14T16:20:26Z,2026-09-14T18:20:26+0200,a5f99048-b29d-4df0-9efc-7d09d2edcdd3,2026-09-11T22:30:00Z,2026-09-12T00:30:00+0200,0.0,MW,FR,FR,forecast_solar_generation,Solar,2026-09-14T16:21:10Z
2026-09-14T16:20:26Z,2026-09-14T18:20:26+0200,a5f99048-b29d-4df0-9efc-7d09d2edcdd3,2026-09-11T22:45:00Z,2026-09-12T00:45:00+0200,0.0,MW,FR,FR,forecast_solar_generation,Solar,2026-09-14T16:21:10Z
2026-09-14T16:20:26Z,2026-09-14T18:20:26+0200,a5f99048-b29d-4df0-9efc-7d09d2edcdd3,2026-09-11T23:00:00Z,2026-09-12T01:00:00+0200,0.0,MW,FR,FR,forecast_solar_generation,Solar,2026-09-14T16:21:10Z
2026-09-14T16:20:26Z,2026-09-14T18:20:26+0200,a5f99048-b29d-4df0-9efc-7d09d2edcdd3,2026-09-11T23:15:00Z,2026-09-12T01:15:00+0200,0.0,MW,FR,FR,forecast_solar_generation,Solar,2026-09-14T16:21:10Z
2026-09-14T16:20:26Z,2026-09-14T18:20:26+0200,a5f99048-b29d-4df0-9efc-7d09d2edcdd3,2026-09-11T23:30:00Z,2026-09-12T01:30:00+0200,0.0,MW,FR,FR,forecast_solar_generation,Solar,2026-09-14T16:21:10Z
2026-09-14T16:20:26Z,2026-09-14T18:20:26+0200,a5f99048-b29d-4df0-9efc-7d09d2edcdd3,2026-09-11T23:45:00Z,2026-09-12T01:45:00+0200,0.0,MW,FR,FR,forecast_solar_generation,Solar,2026-09-14T16:21:10Z
2026-09-14T16:20:26Z,2026-09-14T18:20:26+0200,a5f99048-b29d-4df0-9efc-7d09d2edcdd3,2026-09-12T00:00:00Z,2026-09-12T02:00:00+0200,0.0,MW,FR,FR,forecast_solar_generation,Solar,2026-09-14T16:21:10Z
2026-09-14T16:20:26Z,2026-09-14T18:20:26+0200,a5f99048-b29d-4df0-9efc-7d09d2edcdd3,2026-09-12T00:15:00Z,2026-09-12T02:15:00+0200,0.0,MW,FR,FR,forecast_solar_generation,Solar,2026-09-14T16:21:10Z
2026-09-14T16:20:26Z,2026-09-14T18:20:26+0200,a5f99048-b29d-4df0-9efc-7d09d2edcdd3,2026-09-12T00:30:00Z,2026-09-12T02:30:00+0200,0.0,MW,FR,FR,forecast_solar_generation,Solar,2026-09-14T16:21:10Z
2026-09-14T16:20:26Z,2026-09-14T18:20:26+0200,a5f99048-b29d-4df0-9efc-7d09d2edcdd3,2026-09-12T00:45:00Z,2026-09-12T02:45:00+0200,0.0,MW,FR,FR,forecast_solar_generation,Solar,2026-09-14T16:21:10Z
2026-09-14T16:20:26Z,2026-09-14T18:20:26+0200,a5f99048-b29d-4df0-9efc-7d09d2edcdd3,2026-09-12T01:00:00Z,2026-09-12T03:00:00+0200,0.0,MW,FR,FR,forecast_solar_generation,Solar,2026-09-14T16:21:10Z
2026-09-14T16:20:26Z,2026-09-14T18:20:26+0200,a5f99048-b29d-4df0-9efc-7d09d2edcdd3,2026-09-12T01:15:00Z,2026-09-12T03:15:00+0200,0.0,MW,FR,FR,forecast_solar_generation,Solar,2026-09-14T16:21:10Z
2026-09-14T16:20:26Z,2026-09-14T18:20:26+0200,a5f99048-b29d-4df0-9efc-7d09d2edcdd3,2026-09-12T01:30:00Z,2026-09-12T03:30:00+0200,0.0,MW,FR,FR,forecast_solar_generation,Solar,2026-09-14T16:21:10Z
2026-09-14T16:20:26Z,2026-09-14T18:20:26+0200,a5f99048-b29d-4df0-9efc-7d09d2edcdd3,2026-09-12T01:45:00Z,2026-09-12T03:45:00+0200,0.0,MW,FR,FR,forecast_solar_generation,Solar,2026-09-14T16:21:10Z
2026-09-14T16:20:26Z,2026-09-14T18:20:26+0200,a5f99048-b29d-4df0-9efc-7d09d2edcdd3,2026-09-12T02:00:00Z,2026-09-12T04:00:00+0200,0.0,MW,FR,FR,forecast_solar_generation,Solar,2026-09-14T16:21:10Z
2026-09-14T16:20:26Z,2026-09-14T18:20:26+0200,a5f99048-b29d-4df0-9efc-7d09d2edcdd3,2026-09-12T02:15:00Z,2026-09-12T04:15:00+0200,0.0,MW,FR,FR,forecast_solar_generation,Solar,2026-09-14T16:21:10Z
2026-09-14T16:20:26Z,2026-09-14T18:20:26+0200,a5f99048-b29d-4df0-9efc-7d09d2edcdd3,2026-09-12T02:30:00Z,2026-09-12T04:30:00+0200,0.0,MW,FR,FR,forecast_solar_generation,Solar,2026-09-14T16:21:10Z
2026-09-14T16:20:26Z,2026-09-14T18:20:26+0200,a5f99048-b29d-4df0-9efc-7d09d2edcdd3,2026-09-12T02:45:00Z,2026-09-12T04:45:00+0200,0.0,MW,FR,FR,forecast_solar_generation,Solar,2026-09-14T16:21:10Z
2026-09-14T16:20:26Z,2026-09-14T18:20:26+0200,a5f99048-b29d-4df0-9efc-7d09d2edcdd3,2026-09-12T03:00:00Z,2026-09-12T05:00:00+0200,0.0,MW,FR,FR,forecast_solar_generation,Solar,2026-09-14T16:21:10Z
2026-09-14T16:20:26Z,2026-09-14T18:20:26+0200,a5f99048-b29d-4df0-9efc-7d09d2edcdd3,2026-09-12T03:15:00Z,2026-09-12T05:15:00+0200,0.0,MW,FR,FR,forecast_solar_generation,Solar,2026-09-14T16:21:10Z
2026-09-14T16:20:26Z,2026-09-14T18:20:26+0200,a5f99048-b29d-4df0-9efc-7d09d2edcdd3,2026-09-12T03:30:00Z,2026-09-12T05:30:00+0200,0.0,MW,FR,FR,forecast_solar_generation,Solar,2026-09-14T16:21:10Z
2026-09-14T16:20:26Z,2026-09-14T18:20:26+0200,a5f99048-b29d-4df0-9efc-7d09d2edcdd3,2026-09-12T03:45:00Z,2026-09-12T05:45:00+0200,0.0,MW,FR,FR,forecast_solar_generation,Solar,2026-09-14T16:21:10Z
2026-09-14T16:20:26Z,2026-09-14T18:20:26+0200,a5f99048-b29d-4df0-9efc-7d09d2edcdd3,2026-09-12T04:00:00Z,2026-09-12T06:00:00+0200,0.0,MW,FR,FR,forecast_solar_generation,Solar,2026-09-14T16:21:10Z
2026-09-14T16:20:26Z,2026-09-14T18:20:26+0200,a5f99048-b29d-4df0-9efc-7d09d2edcdd3,2026-09-12T04:15:00Z,2026-09-12T06:15:00+0200,0.0,MW,FR,FR,forecast_solar_generation,Solar,2026-09-14T16:21:10Z
2026-09-14T16:20:26Z,2026-09-14T18:20:26+0200,a5f99048-b29d-4df0-9efc-7d09d2edcdd3,2026-09-12T04:30:00Z,2026-09-12T06:30:00+0200,0.0,MW,FR,FR,forecast_solar_generation,Solar,2026-09-14T16:21:10Z
2026-09-14T16:20:26Z,2026-09-14T18:20:26+0200,a5f99048-b29d-4df0-9efc-7d09d2edcdd3,2026-09-12T04:45:00Z,2026-09-12T06:45:00+0200,0.0,MW,FR,FR,forecast_solar_generation,Solar,2026-09-14T16:21:10Z
2026-09-14T16:20:26Z,2026-09-14T18:20:26+0200,a5f99048-b29d-4df0-9efc-7d09d2edcdd3,2026-09-12T05:00:00Z,2026-09-12T07:00:00+0200,0.0,MW,FR,FR,forecast_solar_generation,Solar,2026-09-14T16:21:10Z
2026-09-14T16:20:26Z,2026-09-14T18:20:26+0200,a5f99048-b29d-4df0-9efc-7d09d2edcdd3,2026-09-12T05:15:00Z,2026-09-12T07:15:00+0200,3.60337,MW,FR,FR,forecast_solar_generation,Solar,2026-09-14T16:21:10Z
2026-09-14T16:20:26Z,2026-09-14T18:20:26+0200,a5f99048-b29d-4df0-9efc-7d09d2edcdd3,2026-09-12T05:30:00Z,2026-09-12T07:30:00+0200,83.17394,MW,FR,FR,forecast_solar_generation,Solar,2026-09-14T16:21:10Z
2026-09-14T16:20:26Z,2026-09-14T18:20:26+0200,a5f99048-b29d-4df0-9efc-7d09d2edcdd3,2026-09-12T05:45:00Z,2026-09-12T07:45:00+0200,399.75195,MW,FR,FR,forecast_solar_generation,Solar,2026-09-14T16:21:10Z
2026-09-14T16:20:26Z,2026-09-14T18:20:26+0200,a5f99048-b29d-4df0-9efc-7d09d2edcdd3,2026-09-12T06:00:00Z,2026-09-12T08:00:00+0200,880.36835,MW,FR,FR,forecast_solar_generation,Solar,2026-09-14T16:21:10Z
2026-09-14T16:20:26Z,2026-09-14T18:20:26+0200,a5f99048-b29d-4df0-9efc-7d09d2edcdd3,2026-09-12T06:15:00Z,2026-09-12T08:15:00+0200,1589.70068,MW,FR,FR,forecast_solar_generation,Solar,2026-09-14T16:21:10Z
2026-09-14T16:20:26Z,2026-09-14T18:20:26+0200,a5f99048-b29d-4df0-9efc-7d09d2edcdd3,2026-09-12T06:30:00Z,2026-09-12T08:30:00+0200,2251.28687,MW,FR,FR,forecast_solar_generation,Solar,2026-09-14T16:21:10Z
2026-09-14T16:20:26Z,2026-09-14T18:20:26+0200,a5f99048-b29d-4df0-9efc-7d09d2edcdd3,2026-09-12T06:45:00Z,2026-09-12T08:45:00+0200,3472.74438,MW,FR,FR,forecast_solar_generation,Solar,2026-09-14T16:21:10Z
2026-09-14T16:20:26Z,2026-09-14T18:20:26+0200,a5f99048-b29d-4df0-9efc-7d09d2edcdd3,2026-09-12T07:00:00Z,2026-09-12T09:00:00+0200,4547.771,MW,FR,FR,forecast_solar_generation,Solar,2026-09-14T16:21:10Z
2026-09-14T16:20:26Z,2026-09-14T18:20:26+0200,a5f99048-b29d-4df0-9efc-7d09d2edcdd3,2026-09-12T07:15:00Z,2026-09-12T09:15:00+0200,6107.84521,MW,FR,FR,forecast_solar_generation,Solar,2026-09-14T16:21:10Z
2026-09-14T16:20:26Z,2026-09-14T18:20:26+0200,a5f99048-b29d-4df0-9efc-7d09d2edcdd3,2026-09-12T07:30:00Z,2026-09-12T09:30:00+0200,7241.75781,MW,FR,FR,forecast_solar_generation,Solar,2026-09-14T16:21:10Z
2026-09-14T16:20:26Z,2026-09-14T18:20:26+0200,a5f99048-b29d-4df0-9efc-7d09d2edcdd3,2026-09-12T07:45:00Z,2026-09-12T09:45:00+0200,8554.61426,MW,FR,FR,forecast_solar_generation,Solar,2026-09-14T16:21:10Z
2026-09-14T16:20:26Z,2026-09-14T18:20:26+0200,a5f99048-b29d-4df0-9efc-7d09d2edcdd3,2026-09-12T08:00:00Z,2026-09-12T10:00:00+0200,9844.88184,MW,FR,FR,forecast_solar_generation,Solar,2026-09-14T16:21:10Z
2026-09-14T16:20:26Z,2026-09-14T18:20:26+0200,a5f99048-b29d-4df0-9efc-7d09d2edcdd3,2026-09-12T08:15:00Z,2026-09-12T10:15:00+0200,11434.94922,MW,FR,FR,forecast_solar_generation,Solar,2026-09-14T16:21:10Z
2026-09-14T16:20:26Z,2026-09-14T18:20:26+0200,a5f99048-b29d-4df0-9efc-7d09d2edcdd3,2026-09-12T08:30:00Z,2026-09-12T10:30:00+0200,12525.9873,MW,FR,FR,forecast_solar_generation,Solar,2026-09-14T16:21:10Z
2026-09-14T16:20:26Z,2026-09-14T18:20:26+0200,a5f99048-b29d-4df0-9efc-7d09d2edcdd3,2026-09-12T08:45:00Z,2026-09-12T10:45:00+0200,13662.19629,MW,FR,FR,forecast_solar_generation,Solar,2026-09-14T16:21:10Z
2026-09-14T16:20:26Z,2026-09-14T18:20:26+0200,a5f99048-b29d-4df0-9efc-7d09d2edcdd3,2026-09-12T09:00:00Z,2026-09-12T11:00:00+0200,14698.90625,MW,FR,FR,forecast_solar_generation,Solar,2026-09-14T16:21:10Z
2026-09-14T16:20:26Z,2026-09-14T18:20:26+0200,a5f99048-b29d-4df0-9efc-7d09d2edcdd3,2026-09-12T09:15:00Z,2026-09-12T11:15:00+0200,15891.66699,MW,FR,FR,forecast_solar_generation,Solar,2026-09-14T16:21:10Z
2026-09-14T16:20:26Z,2026-09-14T18:20:26+0200,a5f99048-b29d-4df0-9efc-7d09d2edcdd3,2026-09-12T09:30:00Z,2026-09-12T11:30:00+0200,16888.23633,MW,FR,FR,forecast_solar_generation,Solar,2026-09-14T16:21:10Z
2026-09-14T16:20:26Z,2026-09-14T18:20:26+0200,a5f99048-b29d-4df0-9efc-7d09d2edcdd3,2026-09-12T09:45:00Z,2026-09-12T11:45:00+0200,17617.38867,MW,FR,FR,forecast_solar_generation,Solar,2026-09-14T16:21:10Z
2026-09-14T16:20:26Z,2026-09-14T18:20:26+0200,a5f99048-b29d-4df0-9efc-7d09d2edcdd3,2026-09-12T10:00:00Z,2026-09-12T12:00:00+0200,18230.25781,MW,FR,FR,forecast_solar_generation,Solar,2026-09-14T16:21:10Z
2026-09-14T16:20:26Z,2026-09-14T18:20:26+0200,a5f99048-b29d-4df0-9efc-7d09d2edcdd3,2026-09-12T10:15:00Z,2026-09-12T12:15:00+0200,18678.02734,MW,FR,FR,forecast_solar_generation,Solar,2026-09-14T16:21:10Z
2026-09-14T16:20:26Z,2026-09-14T18:20:26+0200,a5f99048-b29d-4df0-9efc-7d09d2edcdd3,2026-09-12T10:30:00Z,2026-09-12T12:30:00+0200,19156.70703,MW,FR,FR,forecast_solar_generation,Solar,2026-09-14T16:21:10Z
2026-09-14T16:20:26Z,2026-09-14T18:20:26+0200,a5f99048-b29d-4df0-9efc-7d09d2edcdd3,2026-09-12T10:45:00Z,2026-09-12T12:45:00+0200,19278.98633,MW,FR,FR,forecast_solar_generation,Solar,2026-09-14T16:21:10Z
2026-09-14T16:20:26Z,2026-09-14T18:20:26+0200,a5f99048-b29d-4df0-9efc-7d09d2edcdd3,2026-09-12T11:00:00Z,2026-09-12T13:00:00+0200,19472.4082,MW,FR,FR,forecast_solar_generation,Solar,2026-09-14T16:21:10Z
2026-09-14T16:20:26Z,2026-09-14T18:20:26+0200,a5f99048-b29d-4df0-9efc-7d09d2edcdd3,2026-09-12T11:15:00Z,2026-09-12T13:15:00+0200,19577.36133,MW,FR,FR,forecast_solar_generation,Solar,2026-09-14T16:21:10Z
2026-09-14T16:20:26Z,2026-09-14T18:20:26+0200,a5f99048-b29d-4df0-9efc-7d09d2edcdd3,2026-09-12T11:30:00Z,2026-09-12T13:30:00+0200,19688.66797,MW,FR,FR,forecast_solar_generation,Solar,2026-09-14T16:21:10Z
2026-09-14T16:20:26Z,2026-09-14T18:20:26+0200,a5f99048-b29d-4df0-9efc-7d09d2edcdd3,2026-09-12T11:45:00Z,2026-09-12T13:45:00+0200,19560.13477,MW,FR,FR,forecast_solar_generation,Solar,2026-09-14T16:21:10Z
2026-09-14T16:20:26Z,2026-09-14T18:20:26+0200,a5f99048-b29d-4df0-9efc-7d09d2edcdd3,2026-09-12T12:00:00Z,2026-09-12T14:00:00+0200,19434.62305,MW,FR,FR,forecast_solar_generation,Solar,2026-09-14T16:21:10Z
2026-09-14T16:20:26Z,2026-09-14T18:20:26+0200,a5f99048-b29d-4df0-9efc-7d09d2edcdd3,2026-09-12T12:15:00Z,2026-09-12T14:15:00+0200,19273.09375,MW,FR,FR,forecast_solar_generation,Solar,2026-09-14T16:21:10Z
2026-09-14T16:20:26Z,2026-09-14T18:20:26+0200,a5f99048-b29d-4df0-9efc-7d09d2edcdd3,2026-09-12T12:30:00Z,2026-09-12T14:30:00+0200,19081.13672,MW,FR,FR,forecast_solar_generation,Solar,2026-09-14T16:21:10Z
2026-09-14T16:20:26Z,2026-09-14T18:20:26+0200,a5f99048-b29d-4df0-9efc-7d09d2edcdd3,2026-09-12T12:45:00Z,2026-09-12T14:45:00+0200,18733.31641,MW,FR,FR,forecast_solar_generation,Solar,2026-09-14T16:21:10Z
2026-09-14T16:20:26Z,2026-09-14T18:20:26+0200,a5f99048-b29d-4df0-9efc-7d09d2edcdd3,2026-09-12T13:00:00Z,2026-09-12T15:00:00+0200,18402.48633,MW,FR,FR,forecast_solar_generation,Solar,2026-09-14T16:21:10Z
2026-09-14T16:20:26Z,2026-09-14T18:20:26+0200,a5f99048-b29d-4df0-9efc-7d09d2edcdd3,2026-09-12T13:15:00Z,2026-09-12T15:15:00+0200,18034.39648,MW,FR,FR,forecast_solar_generation,Solar,2026-09-14T16:21:10Z
2026-09-14T16:20:26Z,2026-09-14T18:20:26+0200,a5f99048-b29d-4df0-9efc-7d09d2edcdd3,2026-09-12T13:30:00Z,2026-09-12T15:30:00+0200,17644.74219,MW,FR,FR,forecast_solar_generation,Solar,2026-09-14T16:21:10Z
2026-09-14T16:20:26Z,2026-09-14T18:20:26+0200,a5f99048-b29d-4df0-9efc-7d09d2edcdd3,2026-09-12T13:45:00Z,2026-09-12T15:45:00+0200,17080.86914,MW,FR,FR,forecast_solar_generation,Solar,2026-09-14T16:21:10Z
2026-09-14T16:20:26Z,2026-09-14T18:20:26+0200,a5f99048-b29d-4df0-9efc-7d09d2edcdd3,2026-09-12T14:00:00Z,2026-09-12T16:00:00+0200,16470.42188,MW,FR,FR,forecast_solar_generation,Solar,2026-09-14T16:21:10Z
2026-09-14T16:20:26Z,2026-09-14T18:20:26+0200,a5f99048-b29d-4df0-9efc-7d09d2edcdd3,2026-09-12T14:15:00Z,2026-09-12T16:15:00+0200,15759.20215,MW,FR,FR,forecast_solar_generation,Solar,2026-09-14T16:21:10Z
2026-09-14T16:20:26Z,2026-09-14T18:20:26+0200,a5f99048-b29d-4df0-9efc-7d09d2edcdd3,2026-09-12T14:30:00Z,2026-09-12T16:30:00+0200,15009.77637,MW,FR,FR,forecast_solar_generation,Solar,2026-09-14T16:21:10Z
2026-09-14T16:20:26Z,2026-09-14T18:20:26+0200,a5f99048-b29d-4df0-9efc-7d09d2edcdd3,2026-09-12T14:45:00Z,2026-09-12T16:45:00+0200,14155.29297,MW,FR,FR,forecast_solar_generation,Solar,2026-09-14T16:21:10Z
2026-09-14T16:20:26Z,2026-09-14T18:20:26+0200,a5f99048-b29d-4df0-9efc-7d09d2edcdd3,2026-09-12T15:00:00Z,2026-09-12T17:00:00+0200,13322.27637,MW,FR,FR,forecast_solar_generation,Solar,2026-09-14T16:21:10Z
2026-09-14T16:20:26Z,2026-09-14T18:20:26+0200,a5f99048-b29d-4df0-9efc-7d09d2edcdd3,2026-09-12T15:15:00Z,2026-09-12T17:15:00+0200,12197.27344,MW,FR,FR,forecast_solar_generation,Solar,2026-09-14T16:21:10Z
2026-09-14T16:20:26Z,2026-09-14T18:20:26+0200,a5f99048-b29d-4df0-9efc-7d09d2edcdd3,2026-09-12T15:30:00Z,2026-09-12T17:30:00+0200,11169.36133,MW,FR,FR,forecast_solar_generation,Solar,2026-09-14T16:21:10Z
2026-09-14T16:20:26Z,2026-09-14T18:20:26+0200,a5f99048-b29d-4df0-9efc-7d09d2edcdd3,2026-09-12T15:45:00Z,2026-09-12T17:45:00+0200,10117.25781,MW,FR,FR,forecast_solar_generation,Solar,2026-09-14T16:21:10Z
2026-09-14T16:20:26Z,2026-09-14T18:20:26+0200,a5f99048-b29d-4df0-9efc-7d09d2edcdd3,2026-09-12T16:00:00Z,2026-09-12T18:00:00+0200,8893.22461,MW,FR,FR,forecast_solar_generation,Solar,2026-09-14T16:21:10Z
2026-09-14T16:20:26Z,2026-09-14T18:20:26+0200,a5f99048-b29d-4df0-9efc-7d09d2edcdd3,2026-09-12T16:15:00Z,2026-09-12T18:15:00+0200,7290.62598,MW,FR,FR,forecast_solar_generation,Solar,2026-09-14T16:21:10Z
2026-09-14T16:20:26Z,2026-09-14T18:20:26+0200,a5f99048-b29d-4df0-9efc-7d09d2edcdd3,2026-09-12T16:30:00Z,2026-09-12T18:30:00+0200,6045.2959,MW,FR,FR,forecast_solar_generation,Solar,2026-09-14T16:21:10Z
2026-09-14T16:20:26Z,2026-09-14T18:20:26+0200,a5f99048-b29d-4df0-9efc-7d09d2edcdd3,2026-09-12T16:45:00Z,2026-09-12T18:45:00+0200,4978.83789,MW,FR,FR,forecast_solar_generation,Solar,2026-09-14T16:21:10Z
2026-09-14T16:20:26Z,2026-09-14T18:20:26+0200,a5f99048-b29d-4df0-9efc-7d09d2edcdd3,2026-09-12T17:00:00Z,2026-09-12T19:00:00+0200,3445.47095,MW,FR,FR,forecast_solar_generation,Solar,2026-09-14T16:21:10Z
2026-09-14T16:20:26Z,2026-09-14T18:20:26+0200,a5f99048-b29d-4df0-9efc-7d09d2edcdd3,2026-09-12T17:15:00Z,2026-09-12T19:15:00+0200,2391.96021,MW,FR,FR,forecast_solar_generation,Solar,2026-09-14T16:21:10Z
2026-09-14T16:20:26Z,2026-09-14T18:20:26+0200,a5f99048-b29d-4df0-9efc-7d09d2edcdd3,2026-09-12T17:30:00Z,2026-09-12T19:30:00+0200,1397.11169,MW,FR,FR,forecast_solar_generation,Solar,2026-09-14T16:21:10Z
2026-09-14T16:20:26Z,2026-09-14T18:20:26+0200,a5f99048-b29d-4df0-9efc-7d09d2edcdd3,2026-09-12T17:45:00Z,2026-09-12T19:45:00+0200,919.63251,MW,FR,FR,forecast_solar_generation,Solar,2026-09-14T16:21:10Z
2026-09-14T16:20:26Z,2026-09-14T18:20:26+0200,a5f99048-b29d-4df0-9efc-7d09d2edcdd3,2026-09-12T18:00:00Z,2026-09-12T20:00:00+0200,422.02731,MW,FR,FR,forecast_solar_generation,Solar,2026-09-14T16:21:10Z
2026-09-14T16:20:26Z,2026-09-14T18:20:26+0200,a5f99048-b29d-4df0-9efc-7d09d2edcdd3,2026-09-12T18:15:00Z,2026-09-12T20:15:00+0200,93.68881,MW,FR,FR,forecast_solar_generation,Solar,2026-09-14T16:21:10Z
2026-09-14T16:20:26Z,2026-09-14T18:20:26+0200,a5f99048-b29d-4df0-9efc-7d09d2edcdd3,2026-09-12T18:30:00Z,2026-09-12T20:30:00+0200,3.27913,MW,FR,FR,forecast_solar_generation,Solar,2026-09-14T16:21:10Z
2026-09-14T16:20:26Z,2026-09-14T18:20:26+0200,a5f99048-b29d-4df0-9efc-7d09d2edcdd3,2026-09-12T18:45:00Z,2026-09-12T20:45:00+0200,0.0,MW,FR,FR,forecast_solar_generation,Solar,2026-09-14T16:21:10Z
2026-09-14T16:20:26Z,2026-09-14T18:20:26+0200,a5f99048-b29d-4df0-9efc-7d09d2edcdd3,2026-09-12T19:00:00Z,2026-09-12T21:00:00+0200,0.0,MW,FR,FR,forecast_solar_generation,Solar,2026-09-14T16:21:10Z
2026-09-14T16:20:26Z,2026-09-14T18:20:26+0200,a5f99048-b29d-4df0-9efc-7d09d2edcdd3,2026-09-12T19:15:00Z,2026-09-12T21:15:00+0200,0.0,MW,FR,FR,forecast_solar_generation,Solar,2026-09-14T16:21:10Z
2026-09-14T16:20:26Z,2026-09-14T18:20:26+0200,a5f99048-b29d-4df0-9efc-7d09d2edcdd3,2026-09-12T19:30:00Z,2026-09-12T21:30:00+0200,0.0,MW,FR,FR,forecast_solar_generation,Solar,2026-09-14T16:21:10Z
2026-09-14T16:20:26Z,2026-09-14T18:20:26+0200,a5f99048-b29d-4df0-9efc-7d09d2edcdd3,2026-09-12T19:45:00Z,2026-09-12T21:45:00+0200,0.0,MW,FR,FR,forecast_solar_generation,Solar,2026-09-14T16:21:10Z
2026-09-14T16:20:26Z,2026-09-14T18:20:26+0200,a5f99048-b29d-4df0-9efc-7d09d2edcdd3,2026-09-12T20:00:00Z,2026-09-12T22:00:00+0200,0.0,MW,FR,FR,forecast_solar_generation,Solar,2026-09-14T16:21:10Z
2026-09-14T16:20:26Z,2026-09-14T18:20:26+0200,a5f99048-b29d-4df0-9efc-7d09d2edcdd3,2026-09-12T20:15:00Z,2026-09-12T22:15:00+0200,0.0,MW,FR,FR,forecast_solar_generation,Solar,2026-09-14T16:21:10Z
2026-09-14T16:20:26Z,2026-09-14T18:20:26+0200,a5f99048-b29d-4df0-9efc-7d09d2edcdd3,2026-09-12T20:30:00Z,2026-09-12T22:30:00+0200,0.0,MW,FR,FR,forecast_solar_generation,Solar,2026-09-14T16:21:10Z
2026-09-14T16:20:26Z,2026-09-14T18:20:26+0200,a5f99048-b29d-4df0-9efc-7d09d2edcdd3,2026-09-12T20:45:00Z,2026-09-12T22:45:00+0200,0.0,MW,FR,FR,forecast_solar_generation,Solar,2026-09-14T16:21:10Z
2026-09-14T16:20:26Z,2026-09-14T18:20:26+0200,a5f99048-b29d-4df0-9efc-7d09d2edcdd3,2026-09-12T21:00:00Z,2026-09-12T23:00:00+0200,0.0,MW,FR,FR,forecast_solar_generation,Solar,2026-09-14T16:21:10Z
2026-09-14T16:20:26Z,2026-09-14T18:20:26+0200,a5f99048-b29d-4df0-9efc-7d09d2edcdd3,2026-09-12T21:15:00Z,2026-09-12T23:15:00+0200,0.0,MW,FR,FR,forecast_solar_generation,Solar,2026-09-14T16:21:10Z
2026-09-14T16:20:26Z,2026-09-14T18:20:26+0200,a5f99048-b29d-4df0-9efc-7d09d2edcdd3,2026-09-12T21:30:00Z,2026-09-12T23:30:00+0200,0.0,MW,FR,FR,forecast_solar_generation,Solar,2026-09-14T16:21:10Z
2026-09-14T16:20:26Z,2026-09-14T18:20:26+0200,a5f99048-b29d-4df0-9efc-7d09d2edcdd3,2026-09-12T21:45:00Z,2026-09-12T23:45:00+0200,0.0,MW,FR,FR,forecast_solar_generation,Solar,2026-09-14T16:21:10Z
2026-09-14T16:20:26Z,2026-09-14T18:20:26+0200,a5f99048-b29d-4df0-9efc-7d09d2edcdd3,2026-09-12T22:00:00Z,2026-09-13T00:00:00+0200,0.0,MW,FR,FR,forecast_solar_generation,Solar,2026-09-14T16:21:10Z
2026-09-14T16:20:26Z,2026-09-14T18:20:26+0200,a5f99048-b29d-4df0-9efc-7d09d2edcdd3,2026-09-12T22:15:00Z,2026-09-13T00:15:00+0200,0.0,MW,FR,FR,forecast_solar_generation,Solar,2026-09-14T16:21:10Z
2026-09-14T16:20:26Z,2026-09-14T18:20:26+0200,a5f99048-b29d-4df0-9efc-7d09d2edcdd3,2026-09-12T22:30:00Z,2026-09-13T00:30:00+0200,0.0,MW,FR,FR,forecast_solar_generation,Solar,2026-09-14T16:21:10Z
2026-09-14T16:20:26Z,2026-09-14T18:20:26+0200,a5f99048-b29d-4df0-9efc-7d09d2edcdd3,2026-09-12T22:45:00Z,2026-09-13T00:45:00+0200,0.0,MW,FR,FR,forecast_solar_generation,Solar,2026-09-14T16:21:10Z
2026-09-14T16:20:26Z,2026-09-14T18:20:26+0200,a5f99048-b29d-4df0-9efc-7d09d2edcdd3,2026-09-12T23:00:00Z,2026-09-13T01:00:00+0200,0.0,MW,FR,FR,forecast_solar_generation,Solar,2026-09-14T16:21:10Z
2026-09-14T16:20:26Z,2026-09-14T18:20:26+0200,a5f99048-b29d-4df0-9efc-7d09d2edcdd3,2026-09-12T23:15:00Z,2026-09-13T01:15:00+0200,0.0,MW,FR,FR,forecast_solar_generation,Solar,2026-09-14T16:21:10Z
2026-09-14T16:20:26Z,2026-09-14T18:20:26+0200,a5f99048-b29d-4df0-9efc-7d09d2edcdd3,2026-09-12T23:30:00Z,2026-09-13T01:30:00+0200,0.0,MW,FR,FR,forecast_solar_generation,Solar,2026-09-14T16:21:10Z
2026-09-14T16:20:26Z,2026-09-14T18:20:26+0200,a5f99048-b29d-4df0-9efc-7d09d2edcdd3,2026-09-12T23:45:00Z,2026-09-13T01:45:00+0200,0.0,MW,FR,FR,forecast_solar_generation,Solar,2026-09-14T16:21:10Z
2026-09-14T16:20:26Z,2026-09-14T18:20:26+0200,a5f99048-b29d-4df0-9efc-7d09d2edcdd3,2026-09-13T00:00:00Z,2026-09-13T02:00:00+0200,0.0,MW,FR,FR,forecast_solar_generation,Solar,2026-09-14T16:21:10Z
2026-09-14T16:20:26Z,2026-09-14T18:20:26+0200,a5f99048-b29d-4df0-9efc-7d09d2edcdd3,2026-09-13T00:15:00Z,2026-09-13T02:15:00+0200,0.0,MW,FR,FR,forecast_solar_generation,Solar,2026-09-14T16:21:10Z
2026-09-14T16:20:26Z,2026-09-14T18:20:26+0200,a5f99048-b29d-4df0-9efc-7d09d2edcdd3,2026-09-13T00:30:00Z,2026-09-13T02:30:00+0200,0.0,MW,FR,FR,forecast_solar_generation,Solar,2026-09-14T16:21:10Z
2026-09-14T16:20:26Z,2026-09-14T18:20:26+0200,a5f99048-b29d-4df0-9efc-7d09d2edcdd3,2026-09-13T00:45:00Z,2026-09-13T02:45:00+0200,0.0,MW,FR,FR,forecast_solar_generation,Solar,2026-09-14T16:21:10Z
2026-09-14T16:20:26Z,2026-09-14T18:20:26+0200,a5f99048-b29d-4df0-9efc-7d09d2edcdd3,2026-09-13T01:00:00Z,2026-09-13T03:00:00+0200,0.0,MW,FR,FR,forecast_solar_generation,Solar,2026-09-14T16:21:10Z
2026-09-14T16:20:26Z,2026-09-14T18:20:26+0200,a5f99048-b29d-4df0-9efc-7d09d2edcdd3,2026-09-13T01:15:00Z,2026-09-13T03:15:00+0200,0.0,MW,FR,FR,forecast_solar_generation,Solar,2026-09-14T16:21:10Z
2026-09-14T16:20:26Z,2026-09-14T18:20:26+0200,a5f99048-b29d-4df0-9efc-7d09d2edcdd3,2026-09-13T01:30:00Z,2026-09-13T03:30:00+0200,0.0,MW,FR,FR,forecast_solar_generation,Solar,2026-09-14T16:21:10Z
2026-09-14T16:20:26Z,2026-09-14T18:20:26+0200,a5f99048-b29d-4df0-9efc-7d09d2edcdd3,2026-09-13T01:45:00Z,2026-09-13T03:45:00+0200,0.0,MW,FR,FR,forecast_solar_generation,Solar,2026-09-14T16:21:10Z
2026-09-14T16:20:26Z,2026-09-14T18:20:26+0200,a5f99048-b29d-4df0-9efc-7d09d2edcdd3,2026-09-13T02:00:00Z,2026-09-13T04:00:00+0200,0.0,MW,FR,FR,forecast_solar_generation,Solar,2026-09-14T16:21:10Z
2026-09-14T16:20:26Z,2026-09-14T18:20:26+0200,a5f99048-b29d-4df0-9efc-7d09d2edcdd3,2026-09-13T02:15:00Z,2026-09-13T04:15:00+0200,0.0,MW,FR,FR,forecast_solar_generation,Solar,2026-09-14T16:21:10Z
2026-09-14T16:20:26Z,2026-09-14T18:20:26+0200,a5f99048-b29d-4df0-9efc-7d09d2edcdd3,2026-09-13T02:30:00Z,2026-09-13T04:30:00+0200,0.0,MW,FR,FR,forecast_solar_generation,Solar,2026-09-14T16:21:10Z
2026-09-14T16:20:26Z,2026-09-14T18:20:26+0200,a5f99048-b29d-4df0-9efc-7d09d2edcdd3,2026-09-13T02:45:00Z,2026-09-13T04:45:00+0200,0.0,MW,FR,FR,forecast_solar_generation,Solar,2026-09-14T16:21:10Z
2026-09-14T16:20:26Z,2026-09-14T18:20:26+0200,a5f99048-b29d-4df0-9efc-7d09d2edcdd3,2026-09-13T03:00:00Z,2026-09-13T05:00:00+0200,0.0,MW,FR,FR,forecast_solar_generation,Solar,2026-09-14T16:21:10Z
2026-09-14T16:20:26Z,2026-09-14T18:20:26+0200,a5f99048-b29d-4df0-9efc-7d09d2edcdd3,2026-09-13T03:15:00Z,2026-09-13T05:15:00+0200,0.0,MW,FR,FR,forecast_solar_generation,Solar,2026-09-14T16:21:10Z
2026-09-14T16:20:26Z,2026-09-14T18:20:26+0200,a5f99048-b29d-4df0-9efc-7d09d2edcdd3,2026-09-13T03:30:00Z,2026-09-13T05:30:00+0200,0.0,MW,FR,FR,forecast_solar_generation,Solar,2026-09-14T16:21:10Z
2026-09-14T16:20:26Z,2026-09-14T18:20:26+0200,a5f99048-b29d-4df0-9efc-7d09d2edcdd3,2026-09-13T03:45:00Z,2026-09-13T05:45:00+0200,0.0,MW,FR,FR,forecast_solar_generation,Solar,2026-09-14T16:21:10Z
2026-09-14T16:20:26Z,2026-09-14T18:20:26+0200,a5f99048-b29d-4df0-9efc-7d09d2edcdd3,2026-09-13T04:00:00Z,2026-09-13T06:00:00+0200,0.0,MW,FR,FR,forecast_solar_generation,Solar,2026-09-14T16:21:10Z
2026-09-14T16:20:26Z,2026-09-14T18:20:26+0200,a5f99048-b29d-4df0-9efc-7d09d2edcdd3,2026-09-13T04:15:00Z,2026-09-13T06:15:00+0200,0.0,MW,FR,FR,forecast_solar_generation,Solar,2026-09-14T16:21:10Z
2026-09-14T16:20:26Z,2026-09-14T18:20:26+0200,a5f99048-b29d-4df0-9efc-7d09d2edcdd3,2026-09-13T04:30:00Z,2026-09-13T06:30:00+0200,0.0,MW,FR,FR,forecast_solar_generation,Solar,2026-09-14T16:21:10Z
2026-09-14T16:20:26Z,2026-09-14T18:20:26+0200,a5f99048-b29d-4df0-9efc-7d09d2edcdd3,2026-09-13T04:45:00Z,2026-09-13T06:45:00+0200,0.0,MW,FR,FR,forecast_solar_generation,Solar,2026-09-14T16:21:10Z
2026-09-14T16:20:26Z,2026-09-14T18:20:26+0200,a5f99048-b29d-4df0-9efc-7d09d2edcdd3,2026-09-13T05:00:00Z,2026-09-13T07:00:00+0200,0.0,MW,FR,FR,forecast_solar_generation,Solar,2026-09-14T16:21:10Z
2026-09-14T16:20:26Z,2026-09-14T18:20:26+0200,a5f99048-b29d-4df0-9efc-7d09d2edcdd3,2026-09-13T05:15:00Z,2026-09-13T07:15:00+0200,0.9215,MW,FR,FR,forecast_solar_generation,Solar,2026-09-14T16:21:10Z
2026-09-14T16:20:26Z,2026-09-14T18:20:26+0200,a5f99048-b29d-4df0-9efc-7d09d2edcdd3,2026-09-13T05:30:00Z,2026-09-13T07:30:00+0200,65.41918,MW,FR,FR,forecast_solar_generation,Solar,2026-09-14T16:21:10Z
2026-09-14T16:20:26Z,2026-09-14T18:20:26+0200,a5f99048-b29d-4df0-9efc-7d09d2edcdd3,2026-09-13T05:45:00Z,2026-09-13T07:45:00+0200,350.68884,MW,FR,FR,forecast_solar_generation,Solar,2026-09-14T16:21:10Z
2026-09-14T16:20:26Z,2026-09-14T18:20:26+0200,a5f99048-b29d-4df0-9efc-7d09d2edcdd3,2026-09-13T06:00:00Z,2026-09-13T08:00:00+0200,834.79016,MW,FR,FR,forecast_solar_generation,Solar,2026-09-14T16:21:10Z
2026-09-14T16:20:26Z,2026-09-14T18:20:26+0200,a5f99048-b29d-4df0-9efc-7d09d2edcdd3,2026-09-13T06:15:00Z,2026-09-13T08:15:00+0200,1524.54089,MW,FR,FR,forecast_solar_generation,Solar,2026-09-14T16:21:10Z
2026-09-14T16:20:26Z,2026-09-14T18:20:26+0200,a5f99048-b29d-4df0-9efc-7d09d2edcdd3,2026-09-13T06:30:00Z,2026-09-13T08:30:00+0200,2179.33032,MW,FR,FR,forecast_solar_generation,Solar,2026-09-14T16:21:10Z
2026-09-14T16:20:26Z,2026-09-14T18:20:26+0200,a5f99048-b29d-4df0-9efc-7d09d2edcdd3,2026-09-13T06:45:00Z,2026-09-13T08:45:00+0200,3367.69946,MW,FR,FR,forecast_solar_generation,Solar,2026-09-14T16:21:10Z
2026-09-14T16:20:26Z,2026-09-14T18:20:26+0200,a5f99048-b29d-4df0-9efc-7d09d2edcdd3,2026-09-13T07:00:00Z,2026-09-13T09:00:00+0200,4434.20312,MW,FR,FR,forecast_solar_generation,Solar,2026-09-14T16:21:10Z
2026-09-14T16:20:26Z,2026-09-14T18:20:26+0200,a5f99048-b29d-4df0-9efc-7d09d2edcdd3,2026-09-13T07:15:00Z,2026-09-13T09:15:00+0200,5977.39941,MW,FR,FR,forecast_solar_generation,Solar,2026-09-14T16:21:10Z
2026-09-14T16:20:26Z,2026-09-14T18:20:26+0200,a5f99048-b29d-4df0-9efc-7d09d2edcdd3,2026-09-13T07:30:00Z,2026-09-13T09:30:00+0200,7124.19287,MW,FR,FR,forecast_solar_generation,Solar,2026-09-14T16:21:10Z
2026-09-14T16:20:26Z,2026-09-14T18:20:26+0200,a5f99048-b29d-4df0-9efc-7d09d2edcdd3,2026-09-13T07:45:00Z,2026-09-13T09:45:00+0200,8355.57715,MW,FR,FR,forecast_solar_generation,Solar,2026-09-14T16:21:10Z
2026-09-14T16:20:26Z,2026-09-14T18:20:26+0200,a5f99048-b29d-4df0-9efc-7d09d2edcdd3,2026-09-13T08:00:00Z,2026-09-13T10:00:00+0200,9577.64551,MW,FR,FR,forecast_solar_generation,Solar,2026-09-14T16:21:10Z
2026-09-14T16:20:26Z,2026-09-14T18:20:26+0200,a5f99048-b29d-4df0-9efc-7d09d2edcdd3,2026-09-13T08:15:00Z,2026-09-13T10:15:00+0200,11044.62793,MW,FR,FR,forecast_solar_generation,Solar,2026-09-14T16:21:10Z
2026-09-14T16:20:26Z,2026-09-14T18:20:26+0200,a5f99048-b29d-4df0-9efc-7d09d2edcdd3,2026-09-13T08:30:00Z,2026-09-13T10:30:00+0200,12097.69141,MW,FR,FR,forecast_solar_generation,Solar,2026-09-14T16:21:10Z
2026-09-14T16:20:26Z,2026-09-14T18:20:26+0200,a5f99048-b29d-4df0-9efc-7d09d2edcdd3,2026-09-13T08:45:00Z,2026-09-13T10:45:00+0200,13090.04785,MW,FR,FR,forecast_solar_generation,Solar,2026-09-14T16:21:10Z
2026-09-14T16:20:26Z,2026-09-14T18:20:26+0200,a5f99048-b29d-4df0-9efc-7d09d2edcdd3,2026-09-13T09:00:00Z,2026-09-13T11:00:00+0200,13956.6709,MW,FR,FR,forecast_solar_generation,Solar,2026-09-14T16:21:10Z
2026-09-14T16:20:26Z,2026-09-14T18:20:26+0200,a5f99048-b29d-4df0-9efc-7d09d2edcdd3,2026-09-13T09:15:00Z,2026-09-13T11:15:00+0200,14983.63184,MW,FR,FR,forecast_solar_generation,Solar,2026-09-14T16:21:10Z
2026-09-14T16:20:26Z,2026-09-14T18:20:26+0200,a5f99048-b29d-4df0-9efc-7d09d2edcdd3,2026-09-13T09:30:00Z,2026-09-13T11:30:00+0200,15820.12695,MW,FR,FR,forecast_solar_generation,Solar,2026-09-14T16:21:10Z
2026-09-14T16:20:26Z,2026-09-14T18:20:26+0200,a5f99048-b29d-4df0-9efc-7d09d2edcdd3,2026-09-13T09:45:00Z,2026-09-13T11:45:00+0200,16498.09961,MW,FR,FR,forecast_solar_generation,Solar,2026-09-14T16:21:10Z
2026-09-14T16:20:26Z,2026-09-14T18:20:26+0200,a5f99048-b29d-4df0-9efc-7d09d2edcdd3,2026-09-13T10:00:00Z,2026-09-13T12:00:00+0200,17078.34961,MW,FR,FR,forecast_solar_generation,Solar,2026-09-14T16:21:10Z
2026-09-14T16:20:26Z,2026-09-14T18:20:26+0200,a5f99048-b29d-4df0-9efc-7d09d2edcdd3,2026-09-13T10:15:00Z,2026-09-13T12:15:00+0200,17526.58789,MW,FR,FR,forecast_solar_generation,Solar,2026-09-14T16:21:10Z
2026-09-14T16:20:26Z,2026-09-14T18:20:26+0200,a5f99048-b29d-4df0-9efc-7d09d2edcdd3,2026-09-13T10:30:00Z,2026-09-13T12:30:00+0200,14306.70703,MW,FR,FR,forecast_solar_generation,Solar,2026-09-14T16:21:10Z
2026-09-14T16:20:26Z,2026-09-14T18:20:26+0200,a5f99048-b29d-4df0-9efc-7d09d2edcdd3,2026-09-13T10:45:00Z,2026-09-13T12:45:00+0200,14500.99902,MW,FR,FR,forecast_solar_generation,Solar,2026-09-14T16:21:10Z
2026-09-14T16:20:26Z,2026-09-14T18:20:26+0200,a5f99048-b29d-4df0-9efc-7d09d2edcdd3,2026-09-13T11:00:00Z,2026-09-13T13:00:00+0200,14757.65625,MW,FR,FR,forecast_solar_generation,Solar,2026-09-14T16:21:10Z
2026-09-14T16:20:26Z,2026-09-14T18:20:26+0200,a5f99048-b29d-4df0-9efc-7d09d2edcdd3,2026-09-13T11:15:00Z,2026-09-13T13:15:00+0200,14913.71289,MW,FR,FR,forecast_solar_generation,Solar,2026-09-14T16:21:10Z
2026-09-14T16:20:26Z,2026-09-14T18:20:26+0200,a5f99048-b29d-4df0-9efc-7d09d2edcdd3,2026-09-13T11:30:00Z,2026-09-13T13:30:00+0200,15096.28906,MW,FR,FR,forecast_solar_generation,Solar,2026-09-14T16:21:10Z
2026-09-14T16:20:26Z,2026-09-14T18:20:26+0200,a5f99048-b29d-4df0-9efc-7d09d2edcdd3,2026-09-13T11:45:00Z,2026-09-13T13:45:00+0200,15085.44727,MW,FR,FR,forecast_solar_generation,Solar,2026-09-14T16:21:10Z
2026-09-14T16:20:26Z,2026-09-14T18:20:26+0200,a5f99048-b29d-4df0-9efc-7d09d2edcdd3,2026-09-13T12:00:00Z,2026-09-13T14:00:00+0200,15080.20605,MW,FR,FR,forecast_solar_generation,Solar,2026-09-14T16:21:10Z
2026-09-14T16:20:26Z,2026-09-14T18:20:26+0200,a5f99048-b29d-4df0-9efc-7d09d2edcdd3,2026-09-13T12:15:00Z,2026-09-13T14:15:00+0200,14997.23242,MW,FR,FR,forecast_solar_generation,Solar,2026-09-14T16:21:10Z
2026-09-14T16:20:26Z,2026-09-14T18:20:26+0200,a5f99048-b29d-4df0-9efc-7d09d2edcdd3,2026-09-13T12:30:00Z,2026-09-13T14:30:00+0200,14902.44531,MW,FR,FR,forecast_solar_generation,Solar,2026-09-14T16:21:10Z
2026-09-14T16:20:26Z,2026-09-14T18:20:26+0200,a5f99048-b29d-4df0-9efc-7d09d2edcdd3,2026-09-13T12:45:00Z,2026-09-13T14:45:00+0200,14641.22656,MW,FR,FR,forecast_solar_generation,Solar,2026-09-14T16:21:10Z
2026-09-14T16:20:26Z,2026-09-14T18:20:26+0200,a5f99048-b29d-4df0-9efc-7d09d2edcdd3,2026-09-13T13:00:00Z,2026-09-13T15:00:00+0200,14382.97949,MW,FR,FR,forecast_solar_generation,Solar,2026-09-14T16:21:10Z
2026-09-14T16:20:26Z,2026-09-14T18:20:26+0200,a5f99048-b29d-4df0-9efc-7d09d2edcdd3,2026-09-13T13:15:00Z,2026-09-13T15:15:00+0200,14054.19238,MW,FR,FR,forecast_solar_generation,Solar,2026-09-14T16:21:10Z
2026-09-14T16:20:26Z,2026-09-14T18:20:26+0200,a5f99048-b29d-4df0-9efc-7d09d2edcdd3,2026-09-13T13:30:00Z,2026-09-13T15:30:00+0200,13729.16797,MW,FR,FR,forecast_solar_generation,Solar,2026-09-14T16:21:10Z
2026-09-14T16:20:26Z,2026-09-14T18:20:26+0200,a5f99048-b29d-4df0-9efc-7d09d2edcdd3,2026-09-13T13:45:00Z,2026-09-13T15:45:00+0200,13267.95801,MW,FR,FR,forecast_solar_generation,Solar,2026-09-14T16:21:10Z
2026-09-14T16:20:26Z,2026-09-14T18:20:26+0200,a5f99048-b29d-4df0-9efc-7d09d2edcdd3,2026-09-13T14:00:00Z,2026-09-13T16:00:00+0200,12750.75098,MW,FR,FR,forecast_solar_generation,Solar,2026-09-14T16:21:10Z
2026-09-14T16:20:26Z,2026-09-14T18:20:26+0200,a5f99048-b29d-4df0-9efc-7d09d2edcdd3,2026-09-13T14:15:00Z,2026-09-13T16:15:00+0200,15237.93652,MW,FR,FR,forecast_solar_generation,Solar,2026-09-14T16:21:10Z
2026-09-14T16:20:26Z,2026-09-14T18:20:26+0200,a5f99048-b29d-4df0-9efc-7d09d2edcdd3,2026-09-13T14:30:00Z,2026-09-13T16:30:00+0200,14523.5918,MW,FR,FR,forecast_solar_generation,Solar,2026-09-14T16:21:10Z
2026-09-14T16:20:26Z,2026-09-14T18:20:26+0200,a5f99048-b29d-4df0-9efc-7d09d2edcdd3,2026-09-13T14:45:00Z,2026-09-13T16:45:00+0200,13682.5293,MW,FR,FR,forecast_solar_generation,Solar,2026-09-14T16:21:10Z
2026-09-14T16:20:26Z,2026-09-14T18:20:26+0200,a5f99048-b29d-4df0-9efc-7d09d2edcdd3,2026-09-13T15:00:00Z,2026-09-13T17:00:00+0200,12848.13281,MW,FR,FR,forecast_solar_generation,Solar,2026-09-14T16:21:10Z
2026-09-14T16:20:26Z,2026-09-14T18:20:26+0200,a5f99048-b29d-4df0-9efc-7d09d2edcdd3,2026-09-13T15:15:00Z,2026-09-13T17:15:00+0200,11727.43457,MW,FR,FR,forecast_solar_generation,Solar,2026-09-14T16:21:10Z
2026-09-14T16:20:26Z,2026-09-14T18:20:26+0200,a5f99048-b29d-4df0-9efc-7d09d2edcdd3,2026-09-13T15:30:00Z,2026-09-13T17:30:00+0200,10707.29297,MW,FR,FR,forecast_solar_generation,Solar,2026-09-14T16:21:10Z
2026-09-14T16:20:26Z,2026-09-14T18:20:26+0200,a5f99048-b29d-4df0-9efc-7d09d2edcdd3,2026-09-13T15:45:00Z,2026-09-13T17:45:00+0200,9651.30859,MW,FR,FR,forecast_solar_generation,Solar,2026-09-14T16:21:10Z
2026-09-14T16:20:26Z,2026-09-14T18:20:26+0200,a5f99048-b29d-4df0-9efc-7d09d2edcdd3,2026-09-13T16:00:00Z,2026-09-13T18:00:00+0200,8459.3252,MW,FR,FR,forecast_solar_generation,Solar,2026-09-14T16:21:10Z
2026-09-14T16:20:26Z,2026-09-14T18:20:26+0200,a5f99048-b29d-4df0-9efc-7d09d2edcdd3,2026-09-13T16:15:00Z,2026-09-13T18:15:00+0200,6913.11426,MW,FR,FR,forecast_solar_generation,Solar,2026-09-14T16:21:10Z
2026-09-14T16:20:26Z,2026-09-14T18:20:26+0200,a5f99048-b29d-4df0-9efc-7d09d2edcdd3,2026-09-13T16:30:00Z,2026-09-13T18:30:00+0200,5713.51807,MW,FR,FR,forecast_solar_generation,Solar,2026-09-14T16:21:10Z
2026-09-14T16:20:26Z,2026-09-14T18:20:26+0200,a5f99048-b29d-4df0-9efc-7d09d2edcdd3,2026-09-13T16:45:00Z,2026-09-13T18:45:00+0200,4653.12695,MW,FR,FR,forecast_solar_generation,Solar,2026-09-14T16:21:10Z
2026-09-14T16:20:26Z,2026-09-14T18:20:26+0200,a5f99048-b29d-4df0-9efc-7d09d2edcdd3,2026-09-13T17:00:00Z,2026-09-13T19:00:00+0200,3231.16406,MW,FR,FR,forecast_solar_generation,Solar,2026-09-14T16:21:10Z
2026-09-14T16:20:26Z,2026-09-14T18:20:26+0200,a5f99048-b29d-4df0-9efc-7d09d2edcdd3,2026-09-13T17:15:00Z,2026-09-13T19:15:00+0200,2208.59546,MW,FR,FR,forecast_solar_generation,Solar,2026-09-14T16:21:10Z
2026-09-14T16:20:26Z,2026-09-14T18:20:26+0200,a5f99048-b29d-4df0-9efc-7d09d2edcdd3,2026-09-13T17:30:00Z,2026-09-13T19:30:00+0200,1258.86438,MW,FR,FR,forecast_solar_generation,Solar,2026-09-14T16:21:10Z
2026-09-14T16:20:26Z,2026-09-14T18:20:26+0200,a5f99048-b29d-4df0-9efc-7d09d2edcdd3,2026-09-13T17:45:00Z,2026-09-13T19:45:00+0200,823.60449,MW,FR,FR,forecast_solar_generation,Solar,2026-09-14T16:21:10Z
2026-09-14T16:20:26Z,2026-09-14T18:20:26+0200,a5f99048-b29d-4df0-9efc-7d09d2edcdd3,2026-09-13T18:00:00Z,2026-09-13T20:00:00+0200,369.77673,MW,FR,FR,forecast_solar_generation,Solar,2026-09-14T16:21:10Z
2026-09-14T16:20:26Z,2026-09-14T18:20:26+0200,a5f99048-b29d-4df0-9efc-7d09d2edcdd3,2026-09-13T18:15:00Z,2026-09-13T20:15:00+0200,69.9768,MW,FR,FR,forecast_solar_generation,Solar,2026-09-14T16:21:10Z
2026-09-14T16:20:26Z,2026-09-14T18:20:26+0200,a5f99048-b29d-4df0-9efc-7d09d2edcdd3,2026-09-13T18:30:00Z,2026-09-13T20:30:00+0200,1.59531,MW,FR,FR,forecast_solar_generation,Solar,2026-09-14T16:21:10Z
2026-09-14T16:20:26Z,2026-09-14T18:20:26+0200,a5f99048-b29d-4df0-9efc-7d09d2edcdd3,2026-09-13T18:45:00Z,2026-09-13T20:45:00+0200,0.0,MW,FR,FR,forecast_solar_generation,Solar,2026-09-14T16:21:10Z
2026-09-14T16:20:26Z,2026-09-14T18:20:26+0200,a5f99048-b29d-4df0-9efc-7d09d2edcdd3,2026-09-13T19:00:00Z,2026-09-13T21:00:00+0200,0.0,MW,FR,FR,forecast_solar_generation,Solar,2026-09-14T16:21:10Z
2026-09-14T16:20:26Z,2026-09-14T18:20:26+0200,a5f99048-b29d-4df0-9efc-7d09d2edcdd3,2026-09-13T19:15:00Z,2026-09-13T21:15:00+0200,0.0,MW,FR,FR,forecast_solar_generation,Solar,2026-09-14T16:21:10Z
2026-09-14T16:20:26Z,2026-09-14T18:20:26+0200,a5f99048-b29d-4df0-9efc-7d09d2edcdd3,2026-09-13T19:30:00Z,2026-09-13T21:30:00+0200,0.0,MW,FR,FR,forecast_solar_generation,Solar,2026-09-14T16:21:10Z
2026-09-14T16:20:26Z,2026-09-14T18:20:26+0200,a5f99048-b29d-4df0-9efc-7d09d2edcdd3,2026-09-13T19:45:00Z,2026-09-13T21:45:00+0200,0.0,MW,FR,FR,forecast_solar_generation,Solar,2026-09-14T16:21:10Z
2026-09-14T16:20:26Z,2026-09-14T18:20:26+0200,a5f99048-b29d-4df0-9efc-7d09d2edcdd3,2026-09-13T20:00:00Z,2026-09-13T22:00:00+0200,0.0,MW,FR,FR,forecast_solar_generation,Solar,2026-09-14T16:21:10Z
2026-09-14T16:20:26Z,2026-09-14T18:20:26+0200,a5f99048-b29d-4df0-9efc-7d09d2edcdd3,2026-09-13T20:15:00Z,2026-09-13T22:15:00+0200,0.0,MW,FR,FR,forecast_solar_generation,Solar,2026-09-14T16:21:10Z
2026-09-14T16:20:26Z,2026-09-14T18:20:26+0200,a5f99048-b29d-4df0-9efc-7d09d2edcdd3,2026-09-13T20:30:00Z,2026-09-13T22:30:00+0200,0.0,MW,FR,FR,forecast_solar_generation,Solar,2026-09-14T16:21:10Z
2026-09-14T16:20:26Z,2026-09-14T18:20:26+0200,a5f99048-b29d-4df0-9efc-7d09d2edcdd3,2026-09-13T20:45:00Z,2026-09-13T22:45:00+0200,0.0,MW,FR,FR,forecast_solar_generation,Solar,2026-09-14T16:21:10Z
2026-09-14T16:20:26Z,2026-09-14T18:20:26+0200,a5f99048-b29d-4df0-9efc-7d09d2edcdd3,2026-09-13T21:00:00Z,2026-09-13T23:00:00+0200,0.0,MW,FR,FR,forecast_solar_generation,Solar,2026-09-14T16:21:10Z
2026-09-14T16:20:26Z,2026-09-14T18:20:26+0200,a5f99048-b29d-4df0-9efc-7d09d2edcdd3,2026-09-13T21:15:00Z,2026-09-13T23:15:00+0200,0.0,MW,FR,FR,forecast_solar_generation,Solar,2026-09-14T16:21:10Z
2026-09-14T16:20:26Z,2026-09-14T18:20:26+0200,a5f99048-b29d-4df0-9efc-7d09d2edcdd3,2026-09-13T21:30:00Z,2026-09-13T23:30:00+0200,0.0,MW,FR,FR,forecast_solar_generation,Solar,2026-09-14T16:21:10Z
2026-09-14T16:20:26Z,2026-09-14T18:20:26+0200,a5f99048-b29d-4df0-9efc-7d09d2edcdd3,2026-09-13T21:45:00Z,2026-09-13T23:45:00+0200,0.0,MW,FR,FR,forecast_solar_generation,Solar,2026-09-14T16:21:10Z
2026-09-14T16:20:26Z,2026-09-14T18:20:26+0200,a5f99048-b29d-4df0-9efc-7d09d2edcdd3,2026-09-13T22:00:00Z,2026-09-14T00:00:00+0200,0.0,MW,FR,FR,forecast_solar_generation,Solar,2026-09-14T16:21:10Z
2026-09-14T16:20:26Z,2026-09-14T18:20:26+0200,a5f99048-b29d-4df0-9efc-7d09d2edcdd3,2026-09-13T22:15:00Z,2026-09-14T00:15:00+0200,0.0,MW,FR,FR,forecast_solar_generation,Solar,2026-09-14T16:21:10Z
2026-09-14T16:20:26Z,2026-09-14T18:20:26+0200,a5f99048-b29d-4df0-9efc-7d09d2edcdd3,2026-09-13T22:30:00Z,2026-09-14T00:30:00+0200,0.0,MW,FR,FR,forecast_solar_generation,Solar,2026-09-14T16:21:10Z
2026-09-14T16:20:26Z,2026-09-14T18:20:26+0200,a5f99048-b29d-4df0-9efc-7d09d2edcdd3,2026-09-13T22:45:00Z,2026-09-14T00:45:00+0200,0.0,MW,FR,FR,forecast_solar_generation,Solar,2026-09-14T16:21:10Z
2026-09-14T16:20:26Z,2026-09-14T18:20:26+0200,a5f99048-b29d-4df0-9efc-7d09d2edcdd3,2026-09-13T23:00:00Z,2026-09-14T01:00:00+0200,0.0,MW,FR,FR,forecast_solar_generation,Solar,2026-09-14T16:21:10Z
2026-09-14T16:20:26Z,2026-09-14T18:20:26+0200,a5f99048-b29d-4df0-9efc-7d09d2edcdd3,2026-09-13T23:15:00Z,2026-09-14T01:15:00+0200,0.0,MW,FR,FR,forecast_solar_generation,Solar,2026-09-14T16:21:10Z
2026-09-14T16:20:26Z,2026-09-14T18:20:26+0200,a5f99048-b29d-4df0-9efc-7d09d2edcdd3,2026-09-13T23:30:00Z,2026-09-14T01:30:00+0200,0.0,MW,FR,FR,forecast_solar_generation,Solar,2026-09-14T16:21:10Z
2026-09-14T16:20:26Z,2026-09-14T18:20:26+0200,a5f99048-b29d-4df0-9efc-7d09d2edcdd3,2026-09-13T23:45:00Z,2026-09-14T01:45:00+0200,0.0,MW,FR,FR,forecast_solar_generation,Solar,2026-09-14T16:21:10Z
2026-09-14T16:20:26Z,2026-09-14T18:20:26+0200,a5f99048-b29d-4df0-9efc-7d09d2edcdd3,2026-09-14T00:00:00Z,2026-09-14T02:00:00+0200,0.0,MW,FR,FR,forecast_solar_generation,Solar,2026-09-14T16:21:10Z
2026-09-14T16:20:26Z,2026-09-14T18:20:26+0200,a5f99048-b29d-4df0-9efc-7d09d2edcdd3,2026-09-14T00:15:00Z,2026-09-14T02:15:00+0200,0.0,MW,FR,FR,forecast_solar_generation,Solar,2026-09-14T16:21:10Z
2026-09-14T16:20:26Z,2026-09-14T18:20:26+0200,a5f99048-b29d-4df0-9efc-7d09d2edcdd3,2026-09-14T00:30:00Z,2026-09-14T02:30:00+0200,0.0,MW,FR,FR,forecast_solar_generation,Solar,2026-09-14T16:21:10Z
2026-09-14T16:20:26Z,2026-09-14T18:20:26+0200,a5f99048-b29d-4df0-9efc-7d09d2edcdd3,2026-09-14T00:45:00Z,2026-09-14T02:45:00+0200,0.0,MW,FR,FR,forecast_solar_generation,Solar,2026-09-14T16:21:10Z
2026-09-14T16:20:26Z,2026-09-14T18:20:26+0200,a5f99048-b29d-4df0-9efc-7d09d2edcdd3,2026-09-14T01:00:00Z,2026-09-14T03:00:00+0200,0.0,MW,FR,FR,forecast_solar_generation,Solar,2026-09-14T16:21:10Z
2026-09-14T16:20:26Z,2026-09-14T18:20:26+0200,a5f99048-b29d-4df0-9efc-7d09d2edcdd3,2026-09-14T01:15:00Z,2026-09-14T03:15:00+0200,0.0,MW,FR,FR,forecast_solar_generation,Solar,2026-09-14T16:21:10Z
2026-09-14T16:20:26Z,2026-09-14T18:20:26+0200,a5f99048-b29d-4df0-9efc-7d09d2edcdd3,2026-09-14T01:30:00Z,2026-09-14T03:30:00+0200,0.0,MW,FR,FR,forecast_solar_generation,Solar,2026-09-14T16:21:10Z
2026-09-14T16:20:26Z,2026-09-14T18:20:26+0200,a5f99048-b29d-4df0-9efc-7d09d2edcdd3,2026-09-14T01:45:00Z,2026-09-14T03:45:00+0200,0.0,MW,FR,FR,forecast_solar_generation,Solar,2026-09-14T16:21:10Z
2026-09-14T16:20:26Z,2026-09-14T18:20:26+0200,a5f99048-b29d-4df0-9efc-7d09d2edcdd3,2026-09-14T02:00:00Z,2026-09-14T04:00:00+0200,0.0,MW,FR,FR,forecast_solar_generation,Solar,2026-09-14T16:21:10Z
2026-09-14T16:20:26Z,2026-09-14T18:20:26+0200,a5f99048-b29d-4df0-9efc-7d09d2edcdd3,2026-09-14T02:15:00Z,2026-09-14T04:15:00+0200,0.0,MW,FR,FR,forecast_solar_generation,Solar,2026-09-14T16:21:10Z
2026-09-14T16:20:26Z,2026-09-14T18:20:26+0200,a5f99048-b29d-4df0-9efc-7d09d2edcdd3,2026-09-14T02:30:00Z,2026-09-14T04:30:00+0200,0.0,MW,FR,FR,forecast_solar_generation,Solar,2026-09-14T16:21:10Z
2026-09-14T16:20:26Z,2026-09-14T18:20:26+0200,a5f99048-b29d-4df0-9efc-7d09d2edcdd3,2026-09-14T02:45:00Z,2026-09-14T04:45:00+0200,0.0,MW,FR,FR,forecast_solar_generation,Solar,2026-09-14T16:21:10Z
2026-09-14T16:20:26Z,2026-09-14T18:20:26+0200,a5f99048-b29d-4df0-9efc-7d09d2edcdd3,2026-09-14T03:00:00Z,2026-09-14T05:00:00+0200,0.0,MW,FR,FR,forecast_solar_generation,Solar,2026-09-14T16:21:10Z
2026-09-14T16:20:26Z,2026-09-14T18:20:26+0200,a5f99048-b29d-4df0-9efc-7d09d2edcdd3,2026-09-14T03:15:00Z,2026-09-14T05:15:00+0200,0.0,MW,FR,FR,forecast_solar_generation,Solar,2026-09-14T16:21:10Z
2026-09-14T16:20:26Z,2026-09-14T18:20:26+0200,a5f99048-b29d-4df0-9efc-7d09d2edcdd3,2026-09-14T03:30:00Z,2026-09-14T05:30:00+0200,0.0,MW,FR,FR,forecast_solar_generation,Solar,2026-09-14T16:21:10Z
2026-09-14T16:20:26Z,2026-09-14T18:20:26+0200,a5f99048-b29d-4df0-9efc-7d09d2edcdd3,2026-09-14T03:45:00Z,2026-09-14T05:45:00+0200,0.0,MW,FR,FR,forecast_solar_generation,Solar,2026-09-14T16:21:10Z
2026-09-14T16:20:26Z,2026-09-14T18:20:26+0200,a5f99048-b29d-4df0-9efc-7d09d2edcdd3,2026-09-14T04:00:00Z,2026-09-14T06:00:00+0200,0.0,MW,FR,FR,forecast_solar_generation,Solar,2026-09-14T16:21:10Z
2026-09-14T16:20:26Z,2026-09-14T18:20:26+0200,a5f99048-b29d-4df0-9efc-7d09d2edcdd3,2026-09-14T04:15:00Z,2026-09-14T06:15:00+0200,0.0,MW,FR,FR,forecast_solar_generation,Solar,2026-09-14T16:21:10Z
2026-09-14T16:20:26Z,2026-09-14T18:20:26+0200,a5f99048-b29d-4df0-9efc-7d09d2edcdd3,2026-09-14T04:30:00Z,2026-09-14T06:30:00+0200,0.0,MW,FR,FR,forecast_solar_generation,Solar,2026-09-14T16:21:10Z
2026-09-14T16:20:26Z,2026-09-14T18:20:26+0200,a5f99048-b29d-4df0-9efc-7d09d2edcdd3,2026-09-14T04:45:00Z,2026-09-14T06:45:00+0200,0.0,MW,FR,FR,forecast_solar_generation,Solar,2026-09-14T16:21:10Z
2026-09-14T16:20:26Z,2026-09-14T18:20:26+0200,a5f99048-b29d-4df0-9efc-7d09d2edcdd3,2026-09-14T05:00:00Z,2026-09-14T07:00:00+0200,0.0,MW,FR,FR,forecast_solar_generation,Solar,2026-09-14T16:21:10Z
2026-09-14T16:20:26Z,2026-09-14T18:20:26+0200,a5f99048-b29d-4df0-9efc-7d09d2edcdd3,2026-09-14T05:15:00Z,2026-09-14T07:15:00+0200,0.0,MW,FR,FR,forecast_solar_generation,Solar,2026-09-14T16:21:10Z
2026-09-14T16:20:26Z,2026-09-14T18:20:26+0200,a5f99048-b29d-4df0-9efc-7d09d2edcdd3,2026-09-14T05:30:00Z,2026-09-14T07:30:00+0200,54.59026,MW,FR,FR,forecast_solar_generation,Solar,2026-09-14T16:21:10Z
2026-09-14T16:20:26Z,2026-09-14T18:20:26+0200,a5f99048-b29d-4df0-9efc-7d09d2edcdd3,2026-09-14T05:45:00Z,2026-09-14T07:45:00+0200,327.1293,MW,FR,FR,forecast_solar_generation,Solar,2026-09-14T16:21:10Z
2026-09-14T16:20:26Z,2026-09-14T18:20:26+0200,a5f99048-b29d-4df0-9efc-7d09d2edcdd3,2026-09-14T06:00:00Z,2026-09-14T08:00:00+0200,800.16626,MW,FR,FR,forecast_solar_generation,Solar,2026-09-14T16:21:10Z
2026-09-14T16:20:26Z,2026-09-14T18:20:26+0200,a5f99048-b29d-4df0-9efc-7d09d2edcdd3,2026-09-14T06:15:00Z,2026-09-14T08:15:00+0200,1443.95105,MW,FR,FR,forecast_solar_generation,Solar,2026-09-14T16:21:10Z
2026-09-14T16:20:26Z,2026-09-14T18:20:26+0200,a5f99048-b29d-4df0-9efc-7d09d2edcdd3,2026-09-14T06:30:00Z,2026-09-14T08:30:00+0200,2067.12671,MW,FR,FR,forecast_solar_generation,Solar,2026-09-14T16:21:10Z
2026-09-14T16:20:26Z,2026-09-14T18:20:26+0200,a5f99048-b29d-4df0-9efc-7d09d2edcdd3,2026-09-14T06:45:00Z,2026-09-14T08:45:00+0200,3225.46533,MW,FR,FR,forecast_solar_generation,Solar,2026-09-14T16:21:10Z
2026-09-14T16:20:26Z,2026-09-14T18:20:26+0200,a5f99048-b29d-4df0-9efc-7d09d2edcdd3,2026-09-14T07:00:00Z,2026-09-14T09:00:00+0200,4251.00195,MW,FR,FR,forecast_solar_generation,Solar,2026-09-14T16:21:10Z
2026-09-14T16:20:26Z,2026-09-14T18:20:26+0200,a5f99048-b29d-4df0-9efc-7d09d2edcdd3,2026-09-14T07:15:00Z,2026-09-14T09:15:00+0200,5813.70459,MW,FR,FR,forecast_solar_generation,Solar,2026-09-14T16:21:10Z
2026-09-14T16:20:26Z,2026-09-14T18:20:26+0200,a5f99048-b29d-4df0-9efc-7d09d2edcdd3,2026-09-14T07:30:00Z,2026-09-14T09:30:00+0200,6952.2251,MW,FR,FR,forecast_solar_generation,Solar,2026-09-14T16:21:10Z
2026-09-14T16:20:26Z,2026-09-14T18:20:26+0200,a5f99048-b29d-4df0-9efc-7d09d2edcdd3,2026-09-14T07:45:00Z,2026-09-14T09:45:00+0200,8308.57129,MW,FR,FR,forecast_solar_generation,Solar,2026-09-14T16:21:10Z
2026-09-14T16:20:26Z,2026-09-14T18:20:26+0200,a5f99048-b29d-4df0-9efc-7d09d2edcdd3,2026-09-14T08:00:00Z,2026-09-14T10:00:00+0200,9641.63477,MW,FR,FR,forecast_solar_generation,Solar,2026-09-14T16:21:10Z
2026-09-14T16:20:26Z,2026-09-14T18:20:26+0200,a5f99048-b29d-4df0-9efc-7d09d2edcdd3,2026-09-14T08:15:00Z,2026-09-14T10:15:00+0200,11317.81934,MW,FR,FR,forecast_solar_generation,Solar,2026-09-14T16:21:10Z
2026-09-14T16:20:26Z,2026-09-14T18:20:26+0200,a5f99048-b29d-4df0-9efc-7d09d2edcdd3,2026-09-14T08:30:00Z,2026-09-14T10:30:00+0200,12458.94629,MW,FR,FR,forecast_solar_generation,Solar,2026-09-14T16:21:10Z
2026-09-14T16:20:26Z,2026-09-14T18:20:26+0200,a5f99048-b29d-4df0-9efc-7d09d2edcdd3,2026-09-14T08:45:00Z,2026-09-14T10:45:00+0200,13602.7041,MW,FR,FR,forecast_solar_generation,Solar,2026-09-14T16:21:10Z
2026-09-14T16:20:26Z,2026-09-14T18:20:26+0200,a5f99048-b29d-4df0-9efc-7d09d2edcdd3,2026-09-14T09:00:00Z,2026-09-14T11:00:00+0200,14594.77148,MW,FR,FR,forecast_solar_generation,Solar,2026-09-14T16:21:10Z
2026-09-14T16:20:26Z,2026-09-14T18:20:26+0200,a5f99048-b29d-4df0-9efc-7d09d2edcdd3,2026-09-14T09:15:00Z,2026-09-14T11:15:00+0200,15671.17578,MW,FR,FR,forecast_solar_generation,Solar,2026-09-14T16:21:10Z
2026-09-14T16:20:26Z,2026-09-14T18:20:26+0200,a5f99048-b29d-4df0-9efc-7d09d2edcdd3,2026-09-14T09:30:00Z,2026-09-14T11:30:00+0200,16563.96875,MW,FR,FR,forecast_solar_generation,Solar,2026-09-14T16:21:10Z
2026-09-14T16:20:26Z,2026-09-14T18:20:26+0200,a5f99048-b29d-4df0-9efc-7d09d2edcdd3,2026-09-14T09:45:00Z,2026-09-14T11:45:00+0200,17218.04297,MW,FR,FR,forecast_solar_generation,Solar,2026-09-14T16:21:10Z
2026-09-14T16:20:26Z,2026-09-14T18:20:26+0200,a5f99048-b29d-4df0-9efc-7d09d2edcdd3,2026-09-14T10:00:00Z,2026-09-14T12:00:00+0200,17793.65039,MW,FR,FR,forecast_solar_generation,Solar,2026-09-14T16:21:10Z
2026-09-14T16:20:26Z,2026-09-14T18:20:26+0200,a5f99048-b29d-4df0-9efc-7d09d2edcdd3,2026-09-14T10:15:00Z,2026-09-14T12:15:00+0200,18261.14258,MW,FR,FR,forecast_solar_generation,Solar,2026-09-14T16:21:10Z
2026-09-14T16:20:26Z,2026-09-14T18:20:26+0200,a5f99048-b29d-4df0-9efc-7d09d2edcdd3,2026-09-14T10:30:00Z,2026-09-14T12:30:00+0200,18722.89648,MW,FR,FR,forecast_solar_generation,Solar,2026-09-14T16:21:10Z
2026-09-14T16:20:26Z,2026-09-14T18:20:26+0200,a5f99048-b29d-4df0-9efc-7d09d2edcdd3,2026-09-14T10:45:00Z,2026-09-14T12:45:00+0200,18978.20703,MW,FR,FR,forecast_solar_generation,Solar,2026-09-14T16:21:10Z
2026-09-14T16:20:26Z,2026-09-14T18:20:26+0200,a5f99048-b29d-4df0-9efc-7d09d2edcdd3,2026-09-14T11:00:00Z,2026-09-14T13:00:00+0200,19276.32617,MW,FR,FR,forecast_solar_generation,Solar,2026-09-14T16:21:10Z
2026-09-14T16:20:26Z,2026-09-14T18:20:26+0200,a5f99048-b29d-4df0-9efc-7d09d2edcdd3,2026-09-14T11:15:00Z,2026-09-14T13:15:00+0200,19493.25977,MW,FR,FR,forecast_solar_generation,Solar,2026-09-14T16:21:10Z
2026-09-14T16:20:26Z,2026-09-14T18:20:26+0200,a5f99048-b29d-4df0-9efc-7d09d2edcdd3,2026-09-14T11:30:00Z,2026-09-14T13:30:00+0200,19730.41992,MW,FR,FR,forecast_solar_generation,Solar,2026-09-14T16:21:10Z
2026-09-14T16:20:26Z,2026-09-14T18:20:26+0200,a5f99048-b29d-4df0-9efc-7d09d2edcdd3,2026-09-14T11:45:00Z,2026-09-14T13:45:00+0200,19718.30859,MW,FR,FR,forecast_solar_generation,Solar,2026-09-14T16:21:10Z
2026-09-14T16:20:26Z,2026-09-14T18:20:26+0200,a5f99048-b29d-4df0-9efc-7d09d2edcdd3,2026-09-14T12:00:00Z,2026-09-14T14:00:00+0200,19701.99609,MW,FR,FR,forecast_solar_generation,Solar,2026-09-14T16:21:10Z
2026-09-14T16:20:26Z,2026-09-14T18:20:26+0200,a5f99048-b29d-4df0-9efc-7d09d2edcdd3,2026-09-14T12:15:00Z,2026-09-14T14:15:00+0200,19645.1582,MW,FR,FR,forecast_solar_generation,Solar,2026-09-14T16:21:10Z
2026-09-14T16:20:26Z,2026-09-14T18:20:26+0200,a5f99048-b29d-4df0-9efc-7d09d2edcdd3,2026-09-14T12:30:00Z,2026-09-14T14:30:00+0200,19568.99609,MW,FR,FR,forecast_solar_generation,Solar,2026-09-14T16:21:10Z
2026-09-14T16:20:26Z,2026-09-14T18:20:26+0200,a5f99048-b29d-4df0-9efc-7d09d2edcdd3,2026-09-14T12:45:00Z,2026-09-14T14:45:00+0200,19284.21289,MW,FR,FR,forecast_solar_generation,Solar,2026-09-14T16:21:10Z
2026-09-14T16:20:26Z,2026-09-14T18:20:26+0200,a5f99048-b29d-4df0-9efc-7d09d2edcdd3,2026-09-14T13:00:00Z,2026-09-14T15:00:00+0200,19011.54883,MW,FR,FR,forecast_solar_generation,Solar,2026-09-14T16:21:10Z
2026-09-14T16:20:26Z,2026-09-14T18:20:26+0200,a5f99048-b29d-4df0-9efc-7d09d2edcdd3,2026-09-14T13:15:00Z,2026-09-14T15:15:00+0200,18663.5293,MW,FR,FR,forecast_solar_generation,Solar,2026-09-14T16:21:10Z
2026-09-14T16:20:26Z,2026-09-14T18:20:26+0200,a5f99048-b29d-4df0-9efc-7d09d2edcdd3,2026-09-14T13:30:00Z,2026-09-14T15:30:00+0200,18307.31055,MW,FR,FR,forecast_solar_generation,Solar,2026-09-14T16:21:10Z
2026-09-14T16:20:26Z,2026-09-14T18:20:26+0200,a5f99048-b29d-4df0-9efc-7d09d2edcdd3,2026-09-14T13:45:00Z,2026-09-14T15:45:00+0200,17758.1582,MW,FR,FR,forecast_solar_generation,Solar,2026-09-14T16:21:10Z
2026-09-14T16:20:26Z,2026-09-14T18:20:26+0200,a5f99048-b29d-4df0-9efc-7d09d2edcdd3,2026-09-14T14:00:00Z,2026-09-14T16:00:00+0200,17094.89648,MW,FR,FR,forecast_solar_generation,Solar,2026-09-14T16:21:10Z
2026-09-14T16:20:26Z,2026-09-14T18:20:26+0200,a5f99048-b29d-4df0-9efc-7d09d2edcdd3,2026-09-14T14:15:00Z,2026-09-14T16:15:00+0200,16410.99219,MW,FR,FR,forecast_solar_generation,Solar,2026-09-14T16:21:10Z
2026-09-14T16:20:26Z,2026-09-14T18:20:26+0200,a5f99048-b29d-4df0-9efc-7d09d2edcdd3,2026-09-14T14:30:00Z,2026-09-14T16:30:00+0200,15671.70996,MW,FR,FR,forecast_solar_generation,Solar,2026-09-14T16:21:10Z
2026-09-14T16:20:26Z,2026-09-14T18:20:26+0200,a5f99048-b29d-4df0-9efc-7d09d2edcdd3,2026-09-14T14:45:00Z,2026-09-14T16:45:00+0200,14756.64355,MW,FR,FR,forecast_solar_generation,Solar,2026-09-14T16:21:10Z
2026-09-14T16:20:26Z,2026-09-14T18:20:26+0200,a5f99048-b29d-4df0-9efc-7d09d2edcdd3,2026-09-14T15:00:00Z,2026-09-14T17:00:00+0200,13800.91797,MW,FR,FR,forecast_solar_generation,Solar,2026-09-14T16:21:10Z
2026-09-14T16:20:26Z,2026-09-14T18:20:26+0200,a5f99048-b29d-4df0-9efc-7d09d2edcdd3,2026-09-14T15:15:00Z,2026-09-14T17:15:00+0200,12508.86035,MW,FR,FR,forecast_solar_generation,Solar,2026-09-14T16:21:10Z
2026-09-14T16:20:26Z,2026-09-14T18:20:26+0200,a5f99048-b29d-4df0-9efc-7d09d2edcdd3,2026-09-14T15:30:00Z,2026-09-14T17:30:00+0200,11370.63477,MW,FR,FR,forecast_solar_generation,Solar,2026-09-14T16:21:10Z
2026-09-14T16:20:26Z,2026-09-14T18:20:26+0200,a5f99048-b29d-4df0-9efc-7d09d2edcdd3,2026-09-14T15:45:00Z,2026-09-14T17:45:00+0200,10201.59766,MW,FR,FR,forecast_solar_generation,Solar,2026-09-14T16:21:10Z
2026-09-14T16:20:26Z,2026-09-14T18:20:26+0200,a5f99048-b29d-4df0-9efc-7d09d2edcdd3,2026-09-14T16:30:00Z,2026-09-14T18:30:00+0200,5886.20898,MW,FR,FR,forecast_solar_generation,Solar,2026-09-14T16:21:21Z
2026-09-14T16:20:26Z,2026-09-14T18:20:26+0200,a5f99048-b29d-4df0-9efc-7d09d2edcdd3,2026-09-14T16:45:00Z,2026-09-14T18:45:00+0200,4773.69043,MW,FR,FR,forecast_solar_generation,Solar,2026-09-14T16:21:21Z
2026-09-14T16:20:26Z,2026-09-14T18:20:26+0200,a5f99048-b29d-4df0-9efc-7d09d2edcdd3,2026-09-14T17:00:00Z,2026-09-14T19:00:00+0200,3265.31763,MW,FR,FR,forecast_solar_generation,Solar,2026-09-14T16:21:21Z
2026-09-14T16:20:26Z,2026-09-14T18:20:26+0200,a5f99048-b29d-4df0-9efc-7d09d2edcdd3,2026-09-14T17:15:00Z,2026-09-14T19:15:00+0200,2214.44556,MW,FR,FR,forecast_solar_generation,Solar,2026-09-14T16:21:21Z
2026-09-14T16:20:26Z,2026-09-14T18:20:26+0200,a5f99048-b29d-4df0-9efc-7d09d2edcdd3,2026-09-14T17:30:00Z,2026-09-14T19:30:00+0200,1253.46033,MW,FR,FR,forecast_solar_generation,Solar,2026-09-14T16:21:21Z
2026-09-14T16:20:26Z,2026-09-14T18:20:26+0200,a5f99048-b29d-4df0-9efc-7d09d2edcdd3,2026-09-14T17:45:00Z,2026-09-14T19:45:00+0200,820.69086,MW,FR,FR,forecast_solar_generation,Solar,2026-09-14T16:21:21Z
2026-09-14T16:20:26Z,2026-09-14T18:20:26+0200,a5f99048-b29d-4df0-9efc-7d09d2edcdd3,2026-09-14T18:00:00Z,2026-09-14T20:00:00+0200,354.1171,MW,FR,FR,forecast_solar_generation,Solar,2026-09-14T16:21:21Z
2026-09-14T16:20:26Z,2026-09-14T18:20:26+0200,a5f99048-b29d-4df0-9efc-7d09d2edcdd3,2026-09-14T18:15:00Z,2026-09-14T20:15:00+0200,43.63167,MW,FR,FR,forecast_solar_generation,Solar,2026-09-14T16:21:21Z
2026-09-14T16:20:26Z,2026-09-14T18:20:26+0200,a5f99048-b29d-4df0-9efc-7d09d2edcdd3,2026-09-14T18:30:00Z,2026-09-14T20:30:00+0200,0.29963,MW,FR,FR,forecast_solar_generation,Solar,2026-09-14T16:21:21Z
2026-09-14T16:20:26Z,2026-09-14T18:20:26+0200,a5f99048-b29d-4df0-9efc-7d09d2edcdd3,2026-09-14T18:45:00Z,2026-09-14T20:45:00+0200,0.0,MW,FR,FR,forecast_solar_generation,Solar,2026-09-14T16:21:21Z
2026-09-14T16:20:26Z,2026-09-14T18:20:26+0200,a5f99048-b29d-4df0-9efc-7d09d2edcdd3,2026-09-14T19:00:00Z,2026-09-14T21:00:00+0200,0.0,MW,FR,FR,forecast_solar_generation,Solar,2026-09-14T16:21:21Z
2026-09-14T16:20:26Z,2026-09-14T18:20:26+0200,a5f99048-b29d-4df0-9efc-7d09d2edcdd3,2026-09-14T19:15:00Z,2026-09-14T21:15:00+0200,0.0,MW,FR,FR,forecast_solar_generation,Solar,2026-09-14T16:21:21Z
2026-09-14T16:20:26Z,2026-09-14T18:20:26+0200,a5f99048-b29d-4df0-9efc-7d09d2edcdd3,2026-09-14T19:30:00Z,2026-09-14T21:30:00+0200,0.0,MW,FR,FR,forecast_solar_generation,Solar,2026-09-14T16:21:21Z
2026-09-14T16:20:26Z,2026-09-14T18:20:26+0200,a5f99048-b29d-4df0-9efc-7d09d2edcdd3,2026-09-14T19:45:00Z,2026-09-14T21:45:00+0200,0.0,MW,FR,FR,forecast_solar_generation,Solar,2026-09-14T16:21:21Z
2026-09-14T16:20:26Z,2026-09-14T18:20:26+0200,a5f99048-b29d-4df0-9efc-7d09d2edcdd3,2026-09-14T20:00:00Z,2026-09-14T22:00:00+0200,0.0,MW,FR,FR,forecast_solar_generation,Solar,2026-09-14T16:21:21Z
2026-09-14T16:20:26Z,2026-09-14T18:20:26+0200,a5f99048-b29d-4df0-9efc-7d09d2edcdd3,2026-09-14T20:15:00Z,2026-09-14T22:15:00+0200,0.0,MW,FR,FR,forecast_solar_generation,Solar,2026-09-14T16:21:21Z
2026-09-14T16:20:26Z,2026-09-14T18:20:26+0200,a5f99048-b29d-4df0-9efc-7d09d2edcdd3,2026-09-14T20:30:00Z,2026-09-14T22:30:00+0200,0.0,MW,FR,FR,forecast_solar_generation,Solar,2026-09-14T16:21:21Z
2026-09-14T16:20:26Z,2026-09-14T18:20:26+0200,a5f99048-b29d-4df0-9efc-7d09d2edcdd3,2026-09-14T20:45:00Z,2026-09-14T22:45:00+0200,0.0,MW,FR,FR,forecast_solar_generation,Solar,2026-09-14T16:21:21Z
2026-09-14T16:20:26Z,2026-09-14T18:20:26+0200,a5f99048-b29d-4df0-9efc-7d09d2edcdd3,2026-09-14T21:00:00Z,2026-09-14T23:00:00+0200,0.0,MW,FR,FR,forecast_solar_generation,Solar,2026-09-14T16:21:21Z
2026-09-14T16:20:26Z,2026-09-14T18:20:26+0200,a5f99048-b29d-4df0-9efc-7d09d2edcdd3,2026-09-14T21:15:00Z,2026-09-14T23:15:00+0200,0.0,MW,FR,FR,forecast_solar_generation,Solar,2026-09-14T16:21:21Z
2026-09-14T16:20:26Z,2026-09-14T18:20:26+0200,a5f99048-b29d-4df0-9efc-7d09d2edcdd3,2026-09-14T21:30:00Z,2026-09-14T23:30:00+0200,0.0,MW,FR,FR,forecast_solar_generation,Solar,2026-09-14T16:21:21Z
2026-09-14T16:20:26Z,2026-09-14T18:20:26+0200,a5f99048-b29d-4df0-9efc-7d09d2edcdd3,2026-09-14T21:45:00Z,2026-09-14T23:45:00+0200,0.0,MW,FR,FR,forecast_solar_generation,Solar,2026-09-14T16:21:21Z
2026-09-14T16:20:26Z,2026-09-14T18:20:26+0200,a5f99048-b29d-4df0-9efc-7d09d2edcdd3,2026-09-14T22:00:00Z,2026-09-15T00:00:00+0200,0.0,MW,FR,FR,forecast_solar_generation,Solar,2026-09-14T16:21:21Z
2026-09-14T16:20:26Z,2026-09-14T18:20:26+0200,a5f99048-b29d-4df0-9efc-7d09d2edcdd3,2026-09-14T22:15:00Z,2026-09-15T00:15:00+0200,0.0,MW,FR,FR,forecast_solar_generation,Solar,2026-09-14T16:21:21Z
2026-09-14T16:20:26Z,2026-09-14T18:20:26+0200,a5f99048-b29d-4df0-9efc-7d09d2edcdd3,2026-09-14T22:30:00Z,2026-09-15T00:30:00+0200,0.0,MW,FR,FR,forecast_solar_generation,Solar,2026-09-14T16:21:21Z
2026-09-14T16:20:26Z,2026-09-14T18:20:26+0200,a5f99048-b29d-4df0-9efc-7d09d2edcdd3,2026-09-14T22:45:00Z,2026-09-15T00:45:00+0200,0.0,MW,FR,FR,forecast_solar_generation,Solar,2026-09-14T16:21:21Z
2026-09-14T16:20:26Z,2026-09-14T18:20:26+0200,a5f99048-b29d-4df0-9efc-7d09d2edcdd3,2026-09-14T23:00:00Z,2026-09-15T01:00:00+0200,0.0,MW,FR,FR,forecast_solar_generation,Solar,2026-09-14T16:21:21Z
2026-09-14T16:20:26Z,2026-09-14T18:20:26+0200,a5f99048-b29d-4df0-9efc-7d09d2edcdd3,2026-09-14T23:15:00Z,2026-09-15T01:15:00+0200,0.0,MW,FR,FR,forecast_solar_generation,Solar,2026-09-14T16:21:21Z
2026-09-14T16:20:26Z,2026-09-14T18:20:26+0200,a5f99048-b29d-4df0-9efc-7d09d2edcdd3,2026-09-14T23:30:00Z,2026-09-15T01:30:00+0200,0.0,MW,FR,FR,forecast_solar_generation,Solar,2026-09-14T16:21:21Z
2026-09-14T16:20:26Z,2026-09-14T18:20:26+0200,a5f99048-b29d-4df0-9efc-7d09d2edcdd3,2026-09-14T23:45:00Z,2026-09-15T01:45:00+0200,0.0,MW,FR,FR,forecast_solar_generation,Solar,2026-09-14T16:21:21Z
2026-09-14T16:20:26Z,2026-09-14T18:20:26+0200,a5f99048-b29d-4df0-9efc-7d09d2edcdd3,2026-09-15T00:00:00Z,2026-09-15T02:00:00+0200,0.0,MW,FR,FR,forecast_solar_generation,Solar,2026-09-14T16:21:21Z
2026-09-14T16:20:26Z,2026-09-14T18:20:26+0200,a5f99048-b29d-4df0-9efc-7d09d2edcdd3,2026-09-15T00:15:00Z,2026-09-15T02:15:00+0200,0.0,MW,FR,FR,forecast_solar_generation,Solar,2026-09-14T16:21:21Z
2026-09-14T16:20:26Z,2026-09-14T18:20:26+0200,a5f99048-b29d-4df0-9efc-7d09d2edcdd3,2026-09-15T00:30:00Z,2026-09-15T02:30:00+0200,0.0,MW,FR,FR,forecast_solar_generation,Solar,2026-09-14T16:21:21Z
2026-09-14T16:20:26Z,2026-09-14T18:20:26+0200,a5f99048-b29d-4df0-9efc-7d09d2edcdd3,2026-09-15T00:45:00Z,2026-09-15T02:45:00+0200,0.0,MW,FR,FR,forecast_solar_generation,Solar,2026-09-14T16:21:21Z
2026-09-14T16:20:26Z,2026-09-14T18:20:26+0200,a5f99048-b29d-4df0-9efc-7d09d2edcdd3,2026-09-15T01:00:00Z,2026-09-15T03:00:00+0200,0.0,MW,FR,FR,forecast_solar_generation,Solar,2026-09-14T16:21:21Z
2026-09-14T16:20:26Z,2026-09-14T18:20:26+0200,a5f99048-b29d-4df0-9efc-7d09d2edcdd3,2026-09-15T01:15:00Z,2026-09-15T03:15:00+0200,0.0,MW,FR,FR,forecast_solar_generation,Solar,2026-09-14T16:21:21Z
2026-09-14T16:20:26Z,2026-09-14T18:20:26+0200,a5f99048-b29d-4df0-9efc-7d09d2edcdd3,2026-09-15T01:30:00Z,2026-09-15T03:30:00+0200,0.0,MW,FR,FR,forecast_solar_generation,Solar,2026-09-14T16:21:21Z
2026-09-14T16:20:26Z,2026-09-14T18:20:26+0200,a5f99048-b29d-4df0-9efc-7d09d2edcdd3,2026-09-15T01:45:00Z,2026-09-15T03:45:00+0200,0.0,MW,FR,FR,forecast_solar_generation,Solar,2026-09-14T16:21:21Z
2026-09-14T16:20:26Z,2026-09-14T18:20:26+0200,a5f99048-b29d-4df0-9efc-7d09d2edcdd3,2026-09-15T02:00:00Z,2026-09-15T04:00:00+0200,0.0,MW,FR,FR,forecast_solar_generation,Solar,2026-09-14T16:21:21Z
2026-09-14T16:20:26Z,2026-09-14T18:20:26+0200,a5f99048-b29d-4df0-9efc-7d09d2edcdd3,2026-09-15T02:15:00Z,2026-09-15T04:15:00+0200,0.0,MW,FR,FR,forecast_solar_generation,Solar,2026-09-14T16:21:21Z
2026-09-14T16:20:26Z,2026-09-14T18:20:26+0200,a5f99048-b29d-4df0-9efc-7d09d2edcdd3,2026-09-15T02:30:00Z,2026-09-15T04:30:00+0200,0.0,MW,FR,FR,forecast_solar_generation,Solar,2026-09-14T16:21:21Z
2026-09-14T16:20:26Z,2026-09-14T18:20:26+0200,a5f99048-b29d-4df0-9efc-7d09d2edcdd3,2026-09-15T02:45:00Z,2026-09-15T04:45:00+0200,0.0,MW,FR,FR,forecast_solar_generation,Solar,2026-09-14T16:21:21Z
2026-09-14T16:20:26Z,2026-09-14T18:20:26+0200,a5f99048-b29d-4df0-9efc-7d09d2edcdd3,2026-09-15T03:00:00Z,2026-09-15T05:00:00+0200,0.0,MW,FR,FR,forecast_solar_generation,Solar,2026-09-14T16:21:21Z
2026-09-14T16:20:26Z,2026-09-14T18:20:26+0200,a5f99048-b29d-4df0-9efc-7d09d2edcdd3,2026-09-15T03:15:00Z,2026-09-15T05:15:00+0200,0.0,MW,FR,FR,forecast_solar_generation,Solar,2026-09-14T16:21:21Z
2026-09-14T16:20:26Z,2026-09-14T18:20:26+0200,a5f99048-b29d-4df0-9efc-7d09d2edcdd3,2026-09-15T03:30:00Z,2026-09-15T05:30:00+0200,0.0,MW,FR,FR,forecast_solar_generation,Solar,2026-09-14T16:21:21Z
2026-09-14T16:20:26Z,2026-09-14T18:20:26+0200,a5f99048-b29d-4df0-9efc-7d09d2edcdd3,2026-09-15T03:45:00Z,2026-09-15T05:45:00+0200,0.0,MW,FR,FR,forecast_solar_generation,Solar,2026-09-14T16:21:21Z
2026-09-14T16:20:26Z,2026-09-14T18:20:26+0200,a5f99048-b29d-4df0-9efc-7d09d2edcdd3,2026-09-15T04:00:00Z,2026-09-15T06:00:00+0200,0.0,MW,FR,FR,forecast_solar_generation,Solar,2026-09-14T16:21:21Z
2026-09-14T16:20:26Z,2026-09-14T18:20:26+0200,a5f99048-b29d-4df0-9efc-7d09d2edcdd3,2026-09-15T04:15:00Z,2026-09-15T06:15:00+0200,0.0,MW,FR,FR,forecast_solar_generation,Solar,2026-09-14T16:21:21Z
2026-09-14T16:20:26Z,2026-09-14T18:20:26+0200,a5f99048-b29d-4df0-9efc-7d09d2edcdd3,2026-09-15T04:30:00Z,2026-09-15T06:30:00+0200,0.0,MW,FR,FR,forecast_solar_generation,Solar,2026-09-14T16:21:21Z
2026-09-14T16:20:26Z,2026-09-14T18:20:26+0200,a5f99048-b29d-4df0-9efc-7d09d2edcdd3,2026-09-15T04:45:00Z,2026-09-15T06:45:00+0200,0.0,MW,FR,FR,forecast_solar_generation,Solar,2026-09-14T16:21:21Z
2026-09-14T16:20:26Z,2026-09-14T18:20:26+0200,a5f99048-b29d-4df0-9efc-7d09d2edcdd3,2026-09-15T05:00:00Z,2026-09-15T07:00:00+0200,0.0,MW,FR,FR,forecast_solar_generation,Solar,2026-09-14T16:21:21Z
2026-09-14T16:20:26Z,2026-09-14T18:20:26+0200,a5f99048-b29d-4df0-9efc-7d09d2edcdd3,2026-09-15T05:15:00Z,2026-09-15T07:15:00+0200,0.0,MW,FR,FR,forecast_solar_generation,Solar,2026-09-14T16:21:21Z
2026-09-14T16:20:26Z,2026-09-14T18:20:26+0200,a5f99048-b29d-4df0-9efc-7d09d2edcdd3,2026-09-15T05:30:00Z,2026-09-15T07:30:00+0200,42.33391,MW,FR,FR,forecast_solar_generation,Solar,2026-09-14T16:21:21Z
2026-09-14T16:20:26Z,2026-09-14T18:20:26+0200,a5f99048-b29d-4df0-9efc-7d09d2edcdd3,2026-09-15T05:45:00Z,2026-09-15T07:45:00+0200,327.0033,MW,FR,FR,forecast_solar_generation,Solar,2026-09-14T16:21:21Z
2026-09-14T16:20:26Z,2026-09-14T18:20:26+0200,a5f99048-b29d-4df0-9efc-7d09d2edcdd3,2026-09-15T06:00:00Z,2026-09-15T08:00:00+0200,830.40692,MW,FR,FR,forecast_solar_generation,Solar,2026-09-14T16:21:21Z
2026-09-14T16:20:26Z,2026-09-14T18:20:26+0200,a5f99048-b29d-4df0-9efc-7d09d2edcdd3,2026-09-15T06:15:00Z,2026-09-15T08:15:00+0200,1517.99988,MW,FR,FR,forecast_solar_generation,Solar,2026-09-14T16:21:21Z
2026-09-14T16:20:26Z,2026-09-14T18:20:26+0200,a5f99048-b29d-4df0-9efc-7d09d2edcdd3,2026-09-15T06:30:00Z,2026-09-15T08:30:00+0200,2160.85205,MW,FR,FR,forecast_solar_generation,Solar,2026-09-14T16:21:21Z
2026-09-14T16:20:26Z,2026-09-14T18:20:26+0200,a5f99048-b29d-4df0-9efc-7d09d2edcdd3,2026-09-15T06:45:00Z,2026-09-15T08:45:00+0200,3406.50879,MW,FR,FR,forecast_solar_generation,Solar,2026-09-14T16:21:21Z
2026-09-14T16:20:26Z,2026-09-14T18:20:26+0200,a5f99048-b29d-4df0-9efc-7d09d2edcdd3,2026-09-15T07:00:00Z,2026-09-15T09:00:00+0200,4522.54834,MW,FR,FR,forecast_solar_generation,Solar,2026-09-14T16:21:21Z
2026-09-14T16:20:26Z,2026-09-14T18:20:26+0200,a5f99048-b29d-4df0-9efc-7d09d2edcdd3,2026-09-15T07:15:00Z,2026-09-15T09:15:00+0200,6262.00342,MW,FR,FR,forecast_solar_generation,Solar,2026-09-14T16:21:21Z
2026-09-14T16:20:26Z,2026-09-14T18:20:26+0200,a5f99048-b29d-4df0-9efc-7d09d2edcdd3,2026-09-15T07:30:00Z,2026-09-15T09:30:00+0200,7456.74805,MW,FR,FR,forecast_solar_generation,Solar,2026-09-14T16:21:21Z
2026-09-14T16:20:26Z,2026-09-14T18:20:26+0200,a5f99048-b29d-4df0-9efc-7d09d2edcdd3,2026-09-15T07:45:00Z,2026-09-15T09:45:00+0200,8890.24805,MW,FR,FR,forecast_solar_generation,Solar,2026-09-14T16:21:21Z
2026-09-14T16:20:26Z,2026-09-14T18:20:26+0200,a5f99048-b29d-4df0-9efc-7d09d2edcdd3,2026-09-15T08:00:00Z,2026-09-15T10:00:00+0200,10265.65039,MW,FR,FR,forecast_solar_generation,Solar,2026-09-14T16:21:21Z
2026-09-14T16:20:26Z,2026-09-14T18:20:26+0200,a5f99048-b29d-4df0-9efc-7d09d2edcdd3,2026-09-15T08:15:00Z,2026-09-15T10:15:00+0200,12027.28809,MW,FR,FR,forecast_solar_generation,Solar,2026-09-14T16:21:21Z
2026-09-14T16:20:26Z,2026-09-14T18:20:26+0200,a5f99048-b29d-4df0-9efc-7d09d2edcdd3,2026-09-15T08:30:00Z,2026-09-15T10:30:00+0200,13187.58203,MW,FR,FR,forecast_solar_generation,Solar,2026-09-14T16:21:21Z
2026-09-14T16:20:26Z,2026-09-14T18:20:26+0200,a5f99048-b29d-4df0-9efc-7d09d2edcdd3,2026-09-15T08:45:00Z,2026-09-15T10:45:00+0200,14363.58203,MW,FR,FR,forecast_solar_generation,Solar,2026-09-14T16:21:21Z
2026-09-14T16:20:26Z,2026-09-14T18:20:26+0200,a5f99048-b29d-4df0-9efc-7d09d2edcdd3,2026-09-15T09:00:00Z,2026-09-15T11:00:00+0200,15335.88184,MW,FR,FR,forecast_solar_generation,Solar,2026-09-14T16:21:21Z
2026-09-14T16:20:26Z,2026-09-14T18:20:26+0200,a5f99048-b29d-4df0-9efc-7d09d2edcdd3,2026-09-15T09:15:00Z,2026-09-15T11:15:00+0200,16409.12891,MW,FR,FR,forecast_solar_generation,Solar,2026-09-14T16:21:21Z
2026-09-14T16:20:26Z,2026-09-14T18:20:26+0200,a5f99048-b29d-4df0-9efc-7d09d2edcdd3,2026-09-15T09:30:00Z,2026-09-15T11:30:00+0200,17298.91602,MW,FR,FR,forecast_solar_generation,Solar,2026-09-14T16:21:21Z
2026-09-14T16:20:26Z,2026-09-14T18:20:26+0200,a5f99048-b29d-4df0-9efc-7d09d2edcdd3,2026-09-15T09:45:00Z,2026-09-15T11:45:00+0200,17947.44141,MW,FR,FR,forecast_solar_generation,Solar,2026-09-14T16:21:21Z
2026-09-14T16:20:26Z,2026-09-14T18:20:26+0200,a5f99048-b29d-4df0-9efc-7d09d2edcdd3,2026-09-15T10:00:00Z,2026-09-15T12:00:00+0200,18518.64453,MW,FR,FR,forecast_solar_generation,Solar,2026-09-14T16:21:21Z
2026-09-14T16:20:26Z,2026-09-14T18:20:26+0200,a5f99048-b29d-4df0-9efc-7d09d2edcdd3,2026-09-15T10:15:00Z,2026-09-15T12:15:00+0200,18926.11914,MW,FR,FR,forecast_solar_generation,Solar,2026-09-14T16:21:21Z
2026-09-14T16:20:26Z,2026-09-14T18:20:26+0200,a5f99048-b29d-4df0-9efc-7d09d2edcdd3,2026-09-15T10:30:00Z,2026-09-15T12:30:00+0200,19362.24023,MW,FR,FR,forecast_solar_generation,Solar,2026-09-14T16:21:21Z
2026-09-14T16:20:26Z,2026-09-14T18:20:26+0200,a5f99048-b29d-4df0-9efc-7d09d2edcdd3,2026-09-15T10:45:00Z,2026-09-15T12:45:00+0200,19565.76172,MW,FR,FR,forecast_solar_generation,Solar,2026-09-14T16:21:21Z
2026-09-14T16:20:26Z,2026-09-14T18:20:26+0200,a5f99048-b29d-4df0-9efc-7d09d2edcdd3,2026-09-15T11:00:00Z,2026-09-15T13:00:00+0200,19796.9668,MW,FR,FR,forecast_solar_generation,Solar,2026-09-14T16:21:21Z
2026-09-14T16:20:26Z,2026-09-14T18:20:26+0200,a5f99048-b29d-4df0-9efc-7d09d2edcdd3,2026-09-15T11:15:00Z,2026-09-15T13:15:00+0200,19937.99609,MW,FR,FR,forecast_solar_generation,Solar,2026-09-14T16:21:21Z
2026-09-14T16:20:26Z,2026-09-14T18:20:26+0200,a5f99048-b29d-4df0-9efc-7d09d2edcdd3,2026-09-15T11:30:00Z,2026-09-15T13:30:00+0200,20103.52734,MW,FR,FR,forecast_solar_generation,Solar,2026-09-14T16:21:21Z
2026-09-14T16:20:26Z,2026-09-14T18:20:26+0200,a5f99048-b29d-4df0-9efc-7d09d2edcdd3,2026-09-15T11:45:00Z,2026-09-15T13:45:00+0200,20024.91602,MW,FR,FR,forecast_solar_generation,Solar,2026-09-14T16:21:21Z
2026-09-14T16:20:26Z,2026-09-14T18:20:26+0200,a5f99048-b29d-4df0-9efc-7d09d2edcdd3,2026-09-15T12:00:00Z,2026-09-15T14:00:00+0200,19949.69531,MW,FR,FR,forecast_solar_generation,Solar,2026-09-14T16:21:21Z
2026-09-14T16:20:26Z,2026-09-14T18:20:26+0200,a5f99048-b29d-4df0-9efc-7d09d2edcdd3,2026-09-15T12:15:00Z,2026-09-15T14:15:00+0200,19807.94531,MW,FR,FR,forecast_solar_generation,Solar,2026-09-14T16:21:21Z
2026-09-14T16:20:26Z,2026-09-14T18:20:26+0200,a5f99048-b29d-4df0-9efc-7d09d2edcdd3,2026-09-15T12:30:00Z,2026-09-15T14:30:00+0200,19676.93359,MW,FR,FR,forecast_solar_generation,Solar,2026-09-14T16:21:21Z
2026-09-14T16:20:26Z,2026-09-14T18:20:26+0200,a5f99048-b29d-4df0-9efc-7d09d2edcdd3,2026-09-15T12:45:00Z,2026-09-15T14:45:00+0200,19353.69531,MW,FR,FR,forecast_solar_generation,Solar,2026-09-14T16:21:21Z
2026-09-14T16:20:26Z,2026-09-14T18:20:26+0200,a5f99048-b29d-4df0-9efc-7d09d2edcdd3,2026-09-15T13:00:00Z,2026-09-15T15:00:00+0200,19034.90625,MW,FR,FR,forecast_solar_generation,Solar,2026-09-14T16:21:21Z
2026-09-14T16:20:26Z,2026-09-14T18:20:26+0200,a5f99048-b29d-4df0-9efc-7d09d2edcdd3,2026-09-15T13:15:00Z,2026-09-15T15:15:00+0200,18634.24609,MW,FR,FR,forecast_solar_generation,Solar,2026-09-14T16:21:21Z
2026-09-14T16:20:26Z,2026-09-14T18:20:26+0200,a5f99048-b29d-4df0-9efc-7d09d2edcdd3,2026-09-15T13:30:00Z,2026-09-15T15:30:00+0200,18241.04883,MW,FR,FR,forecast_solar_generation,Solar,2026-09-14T16:21:21Z
2026-09-14T16:20:26Z,2026-09-14T18:20:26+0200,a5f99048-b29d-4df0-9efc-7d09d2edcdd3,2026-09-15T13:45:00Z,2026-09-15T15:45:00+0200,17660.125,MW,FR,FR,forecast_solar_generation,Solar,2026-09-14T16:21:21Z
2026-09-14T16:20:26Z,2026-09-14T18:20:26+0200,a5f99048-b29d-4df0-9efc-7d09d2edcdd3,2026-09-15T14:00:00Z,2026-09-15T16:00:00+0200,16949.91406,MW,FR,FR,forecast_solar_generation,Solar,2026-09-14T16:21:21Z
2026-09-14T16:20:26Z,2026-09-14T18:20:26+0200,a5f99048-b29d-4df0-9efc-7d09d2edcdd3,2026-09-15T14:15:00Z,2026-09-15T16:15:00+0200,16215.18555,MW,FR,FR,forecast_solar_generation,Solar,2026-09-14T16:21:21Z
2026-09-14T16:20:26Z,2026-09-14T18:20:26+0200,a5f99048-b29d-4df0-9efc-7d09d2edcdd3,2026-09-15T14:30:00Z,2026-09-15T16:30:00+0200,15404.53418,MW,FR,FR,forecast_solar_generation,Solar,2026-09-14T16:21:21Z
2026-09-14T16:20:26Z,2026-09-14T18:20:26+0200,a5f99048-b29d-4df0-9efc-7d09d2edcdd3,2026-09-15T14:45:00Z,2026-09-15T16:45:00+0200,14450.83301,MW,FR,FR,forecast_solar_generation,Solar,2026-09-14T16:21:21Z
2026-09-14T16:20:26Z,2026-09-14T18:20:26+0200,a5f99048-b29d-4df0-9efc-7d09d2edcdd3,2026-09-15T15:00:00Z,2026-09-15T17:00:00+0200,13446.78516,MW,FR,FR,forecast_solar_generation,Solar,2026-09-14T16:21:21Z
2026-09-14T16:20:26Z,2026-09-14T18:20:26+0200,a5f99048-b29d-4df0-9efc-7d09d2edcdd3,2026-09-15T15:15:00Z,2026-09-15T17:15:00+0200,12088.96484,MW,FR,FR,forecast_solar_generation,Solar,2026-09-14T16:21:21Z
2026-09-14T16:20:26Z,2026-09-14T18:20:26+0200,a5f99048-b29d-4df0-9efc-7d09d2edcdd3,2026-09-15T15:30:00Z,2026-09-15T17:30:00+0200,10934.98633,MW,FR,FR,forecast_solar_generation,Solar,2026-09-14T16:21:21Z
2026-09-14T16:20:26Z,2026-09-14T18:20:26+0200,a5f99048-b29d-4df0-9efc-7d09d2edcdd3,2026-09-15T15:45:00Z,2026-09-15T17:45:00+0200,9742.14844,MW,FR,FR,forecast_solar_generation,Solar,2026-09-14T16:21:21Z
2026-09-14T16:20:26Z,2026-09-14T18:20:26+0200,a5f99048-b29d-4df0-9efc-7d09d2edcdd3,2026-09-15T16:00:00Z,2026-09-15T18:00:00+0200,8420.17578,MW,FR,FR,forecast_solar_generation,Solar,2026-09-14T16:21:21Z
2026-09-14T16:20:26Z,2026-09-14T18:20:26+0200,a5f99048-b29d-4df0-9efc-7d09d2edcdd3,2026-09-15T16:15:00Z,2026-09-15T18:15:00+0200,6740.2959,MW,FR,FR,forecast_solar_generation,Solar,2026-09-14T16:21:21Z
2026-09-14T16:20:26Z,2026-09-14T18:20:26+0200,a5f99048-b29d-4df0-9efc-7d09d2edcdd3,2026-09-15T16:30:00Z,2026-09-15T18:30:00+0200,5488.02734,MW,FR,FR,forecast_solar_generation,Solar,2026-09-14T16:21:21Z
2026-09-14T16:20:26Z,2026-09-14T18:20:26+0200,a5f99048-b29d-4df0-9efc-7d09d2edcdd3,2026-09-15T16:45:00Z,2026-09-15T18:45:00+0200,4385.81055,MW,FR,FR,forecast_solar_generation,Solar,2026-09-14T16:21:21Z
2026-09-14T16:20:26Z,2026-09-14T18:20:26+0200,a5f99048-b29d-4df0-9efc-7d09d2edcdd3,2026-09-15T17:00:00Z,2026-09-15T19:00:00+0200,2958.72656,MW,FR,FR,forecast_solar_generation,Solar,2026-09-14T16:21:21Z
2026-09-14T16:20:26Z,2026-09-14T18:20:26+0200,a5f99048-b29d-4df0-9efc-7d09d2edcdd3,2026-09-15T17:15:00Z,2026-09-15T19:15:00+0200,1973.08813,MW,FR,FR,forecast_solar_generation,Solar,2026-09-14T16:21:21Z
2026-09-14T16:20:26Z,2026-09-14T18:20:26+0200,a5f99048-b29d-4df0-9efc-7d09d2edcdd3,2026-09-15T17:30:00Z,2026-09-15T19:30:00+0200,1083.13794,MW,FR,FR,forecast_solar_generation,Solar,2026-09-14T16:21:21Z
2026-09-14T16:20:26Z,2026-09-14T18:20:26+0200,a5f99048-b29d-4df0-9efc-7d09d2edcdd3,2026-09-15T17:45:00Z,2026-09-15T19:45:00+0200,687.78528,MW,FR,FR,forecast_solar_generation,Solar,2026-09-14T16:21:21Z
2026-09-14T16:20:26Z,2026-09-14T18:20:26+0200,a5f99048-b29d-4df0-9efc-7d09d2edcdd3,2026-09-15T18:00:00Z,2026-09-15T20:00:00+0200,274.97797,MW,FR,FR,forecast_solar_generation,Solar,2026-09-14T16:21:21Z
2026-09-14T16:20:26Z,2026-09-14T18:20:26+0200,a5f99048-b29d-4df0-9efc-7d09d2edcdd3,2026-09-15T18:15:00Z,2026-09-15T20:15:00+0200,28.53786,MW,FR,FR,forecast_solar_generation,Solar,2026-09-14T16:21:21Z
2026-09-14T16:20:26Z,2026-09-14T18:20:26+0200,a5f99048-b29d-4df0-9efc-7d09d2edcdd3,2026-09-15T18:30:00Z,2026-09-15T20:30:00+0200,0.0,MW,FR,FR,forecast_solar_generation,Solar,2026-09-14T16:21:21Z
2026-09-14T16:20:26Z,2026-09-14T18:20:26+0200,a5f99048-b29d-4df0-9efc-7d09d2edcdd3,2026-09-15T18:45:00Z,2026-09-15T20:45:00+0200,0.0,MW,FR,FR,forecast_solar_generation,Solar,2026-09-14T16:21:21Z
2026-09-14T16:20:26Z,2026-09-14T18:20:26+0200,a5f99048-b29d-4df0-9efc-7d09d2edcdd3,2026-09-15T19:00:00Z,2026-09-15T21:00:00+0200,0.0,MW,FR,FR,forecast_solar_generation,Solar,2026-09-14T16:21:21Z
2026-09-14T16:20:26Z,2026-09-14T18:20:26+0200,a5f99048-b29d-4df0-9efc-7d09d2edcdd3,2026-09-15T19:15:00Z,2026-09-15T21:15:00+0200,0.0,MW,FR,FR,forecast_solar_generation,Solar,2026-09-14T16:21:21Z
2026-09-14T16:20:26Z,2026-09-14T18:20:26+0200,a5f99048-b29d-4df0-9efc-7d09d2edcdd3,2026-09-15T19:30:00Z,2026-09-15T21:30:00+0200,0.0,MW,FR,FR,forecast_solar_generation,Solar,2026-09-14T16:21:21Z
2026-09-14T16:20:26Z,2026-09-14T18:20:26+0200,a5f99048-b29d-4df0-9efc-7d09d2edcdd3,2026-09-15T19:45:00Z,2026-09-15T21:45:00+0200,0.0,MW,FR,FR,forecast_solar_generation,Solar,2026-09-14T16:21:21Z
2026-09-14T16:20:26Z,2026-09-14T18:20:26+0200,a5f99048-b29d-4df0-9efc-7d09d2edcdd3,2026-09-15T20:00:00Z,2026-09-15T22:00:00+0200,0.0,MW,FR,FR,forecast_solar_generation,Solar,2026-09-14T16:21:21Z
2026-09-14T16:20:26Z,2026-09-14T18:20:26+0200,a5f99048-b29d-4df0-9efc-7d09d2edcdd3,2026-09-15T20:15:00Z,2026-09-15T22:15:00+0200,0.0,MW,FR,FR,forecast_solar_generation,Solar,2026-09-14T16:21:21Z
2026-09-14T16:20:26Z,2026-09-14T18:20:26+0200,a5f99048-b29d-4df0-9efc-7d09d2edcdd3,2026-09-15T20:30:00Z,2026-09-15T22:30:00+0200,0.0,MW,FR,FR,forecast_solar_generation,Solar,2026-09-14T16:21:21Z
2026-09-14T16:20:26Z,2026-09-14T18:20:26+0200,a5f99048-b29d-4df0-9efc-7d09d2edcdd3,2026-09-15T20:45:00Z,2026-09-15T22:45:00+0200,0.0,MW,FR,FR,forecast_solar_generation,Solar,2026-09-14T16:21:21Z
2026-09-14T16:20:26Z,2026-09-14T18:20:26+0200,a5f99048-b29d-4df0-9efc-7d09d2edcdd3,2026-09-15T21:00:00Z,2026-09-15T23:00:00+0200,0.0,MW,FR,FR,forecast_solar_generation,Solar,2026-09-14T16:21:21Z
2026-09-14T16:20:26Z,2026-09-14T18:20:26+0200,a5f99048-b29d-4df0-9efc-7d09d2edcdd3,2026-09-15T21:15:00Z,2026-09-15T23:15:00+0200,0.0,MW,FR,FR,forecast_solar_generation,Solar,2026-09-14T16:21:21Z
2026-09-14T16:20:26Z,2026-09-14T18:20:26+0200,a5f99048-b29d-4df0-9efc-7d09d2edcdd3,2026-09-15T21:30:00Z,2026-09-15T23:30:00+0200,0.0,MW,FR,FR,forecast_solar_generation,Solar,2026-09-14T16:21:21Z
2026-09-14T16:20:26Z,2026-09-14T18:20:26+0200,a5f99048-b29d-4df0-9efc-7d09d2edcdd3,2026-09-15T21:45:00Z,2026-09-15T23:45:00+0200,0.0,MW,FR,FR,forecast_solar_generation,Solar,2026-09-14T16:21:21Z
