collection_time_utc,collection_time_local,run_id,timestamp_utc,timestamp_local,value,unit,country,entsoe_area,variable,source,updated_at_utc
2026-05-30T16:04:09Z,2026-05-30T18:04:09+0200,f5ca70ef-bf28-4256-b93b-6a2c907b2b36,2026-04-29T16:15:00Z,2026-04-29T18:15:00+0200,7698.81152,MW,FR,FR,forecast_solar_generation,Solar,2026-05-30T16:05:06Z
2026-05-30T16:04:09Z,2026-05-30T18:04:09+0200,f5ca70ef-bf28-4256-b93b-6a2c907b2b36,2026-04-29T16:30:00Z,2026-04-29T18:30:00+0200,6624.38623,MW,FR,FR,forecast_solar_generation,Solar,2026-05-30T16:05:06Z
2026-05-30T16:04:09Z,2026-05-30T18:04:09+0200,f5ca70ef-bf28-4256-b93b-6a2c907b2b36,2026-04-29T16:45:00Z,2026-04-29T18:45:00+0200,5782.25928,MW,FR,FR,forecast_solar_generation,Solar,2026-05-30T16:05:06Z
2026-05-30T16:04:09Z,2026-05-30T18:04:09+0200,f5ca70ef-bf28-4256-b93b-6a2c907b2b36,2026-04-29T17:00:00Z,2026-04-29T19:00:00+0200,4622.42969,MW,FR,FR,forecast_solar_generation,Solar,2026-05-30T16:05:06Z
2026-05-30T16:04:09Z,2026-05-30T18:04:09+0200,f5ca70ef-bf28-4256-b93b-6a2c907b2b36,2026-04-29T17:15:00Z,2026-04-29T19:15:00+0200,3788.95605,MW,FR,FR,forecast_solar_generation,Solar,2026-05-30T16:05:06Z
2026-05-30T16:04:09Z,2026-05-30T18:04:09+0200,f5ca70ef-bf28-4256-b93b-6a2c907b2b36,2026-04-29T17:30:00Z,2026-04-29T19:30:00+0200,2758.39453,MW,FR,FR,forecast_solar_generation,Solar,2026-05-30T16:05:06Z
2026-05-30T16:04:09Z,2026-05-30T18:04:09+0200,f5ca70ef-bf28-4256-b93b-6a2c907b2b36,2026-04-29T17:45:00Z,2026-04-29T19:45:00+0200,2136.01367,MW,FR,FR,forecast_solar_generation,Solar,2026-05-30T16:05:06Z
2026-05-30T16:04:09Z,2026-05-30T18:04:09+0200,f5ca70ef-bf28-4256-b93b-6a2c907b2b36,2026-04-29T18:00:00Z,2026-04-29T20:00:00+0200,1409.84387,MW,FR,FR,forecast_solar_generation,Solar,2026-05-30T16:05:06Z
2026-05-30T16:04:09Z,2026-05-30T18:04:09+0200,f5ca70ef-bf28-4256-b93b-6a2c907b2b36,2026-04-29T18:15:00Z,2026-04-29T20:15:00+0200,878.72516,MW,FR,FR,forecast_solar_generation,Solar,2026-05-30T16:05:06Z
2026-05-30T16:04:09Z,2026-05-30T18:04:09+0200,f5ca70ef-bf28-4256-b93b-6a2c907b2b36,2026-04-29T18:30:00Z,2026-04-29T20:30:00+0200,457.63168,MW,FR,FR,forecast_solar_generation,Solar,2026-05-30T16:05:06Z
2026-05-30T16:04:09Z,2026-05-30T18:04:09+0200,f5ca70ef-bf28-4256-b93b-6a2c907b2b36,2026-04-29T18:45:00Z,2026-04-29T20:45:00+0200,252.95505,MW,FR,FR,forecast_solar_generation,Solar,2026-05-30T16:05:06Z
2026-05-30T16:04:09Z,2026-05-30T18:04:09+0200,f5ca70ef-bf28-4256-b93b-6a2c907b2b36,2026-04-29T19:00:00Z,2026-04-29T21:00:00+0200,0.0,MW,FR,FR,forecast_solar_generation,Solar,2026-05-30T16:05:06Z
2026-05-30T16:04:09Z,2026-05-30T18:04:09+0200,f5ca70ef-bf28-4256-b93b-6a2c907b2b36,2026-04-29T19:15:00Z,2026-04-29T21:15:00+0200,0.0,MW,FR,FR,forecast_solar_generation,Solar,2026-05-30T16:05:06Z
2026-05-30T16:04:09Z,2026-05-30T18:04:09+0200,f5ca70ef-bf28-4256-b93b-6a2c907b2b36,2026-04-29T19:30:00Z,2026-04-29T21:30:00+0200,0.0,MW,FR,FR,forecast_solar_generation,Solar,2026-05-30T16:05:06Z
2026-05-30T16:04:09Z,2026-05-30T18:04:09+0200,f5ca70ef-bf28-4256-b93b-6a2c907b2b36,2026-04-29T19:45:00Z,2026-04-29T21:45:00+0200,0.0,MW,FR,FR,forecast_solar_generation,Solar,2026-05-30T16:05:06Z
2026-05-30T16:04:09Z,2026-05-30T18:04:09+0200,f5ca70ef-bf28-4256-b93b-6a2c907b2b36,2026-04-29T20:00:00Z,2026-04-29T22:00:00+0200,0.0,MW,FR,FR,forecast_solar_generation,Solar,2026-05-30T16:05:06Z
2026-05-30T16:04:09Z,2026-05-30T18:04:09+0200,f5ca70ef-bf28-4256-b93b-6a2c907b2b36,2026-04-29T20:15:00Z,2026-04-29T22:15:00+0200,0.0,MW,FR,FR,forecast_solar_generation,Solar,2026-05-30T16:05:06Z
2026-05-30T16:04:09Z,2026-05-30T18:04:09+0200,f5ca70ef-bf28-4256-b93b-6a2c907b2b36,2026-04-29T20:30:00Z,2026-04-29T22:30:00+0200,0.0,MW,FR,FR,forecast_solar_generation,Solar,2026-05-30T16:05:06Z
2026-05-30T16:04:09Z,2026-05-30T18:04:09+0200,f5ca70ef-bf28-4256-b93b-6a2c907b2b36,2026-04-29T20:45:00Z,2026-04-29T22:45:00+0200,0.0,MW,FR,FR,forecast_solar_generation,Solar,2026-05-30T16:05:06Z
2026-05-30T16:04:09Z,2026-05-30T18:04:09+0200,f5ca70ef-bf28-4256-b93b-6a2c907b2b36,2026-04-29T21:00:00Z,2026-04-29T23:00:00+0200,0.0,MW,FR,FR,forecast_solar_generation,Solar,2026-05-30T16:05:06Z
2026-05-30T16:04:09Z,2026-05-30T18:04:09+0200,f5ca70ef-bf28-4256-b93b-6a2c907b2b36,2026-04-29T21:15:00Z,2026-04-29T23:15:00+0200,0.0,MW,FR,FR,forecast_solar_generation,Solar,2026-05-30T16:05:06Z
2026-05-30T16:04:09Z,2026-05-30T18:04:09+0200,f5ca70ef-bf28-4256-b93b-6a2c907b2b36,2026-04-29T21:30:00Z,2026-04-29T23:30:00+0200,0.0,MW,FR,FR,forecast_solar_generation,Solar,2026-05-30T16:05:06Z
2026-05-30T16:04:09Z,2026-05-30T18:04:09+0200,f5ca70ef-bf28-4256-b93b-6a2c907b2b36,2026-04-29T21:45:00Z,2026-04-29T23:45:00+0200,0.0,MW,FR,FR,forecast_solar_generation,Solar,2026-05-30T16:05:06Z
2026-05-30T16:04:09Z,2026-05-30T18:04:09+0200,f5ca70ef-bf28-4256-b93b-6a2c907b2b36,2026-04-29T22:00:00Z,2026-04-30T00:00:00+0200,0.0,MW,FR,FR,forecast_solar_generation,Solar,2026-05-30T16:05:06Z
2026-05-30T16:04:09Z,2026-05-30T18:04:09+0200,f5ca70ef-bf28-4256-b93b-6a2c907b2b36,2026-04-29T22:15:00Z,2026-04-30T00:15:00+0200,0.0,MW,FR,FR,forecast_solar_generation,Solar,2026-05-30T16:05:06Z
2026-05-30T16:04:09Z,2026-05-30T18:04:09+0200,f5ca70ef-bf28-4256-b93b-6a2c907b2b36,2026-04-29T22:30:00Z,2026-04-30T00:30:00+0200,0.0,MW,FR,FR,forecast_solar_generation,Solar,2026-05-30T16:05:06Z
2026-05-30T16:04:09Z,2026-05-30T18:04:09+0200,f5ca70ef-bf28-4256-b93b-6a2c907b2b36,2026-04-29T22:45:00Z,2026-04-30T00:45:00+0200,0.0,MW,FR,FR,forecast_solar_generation,Solar,2026-05-30T16:05:06Z
2026-05-30T16:04:09Z,2026-05-30T18:04:09+0200,f5ca70ef-bf28-4256-b93b-6a2c907b2b36,2026-04-29T23:00:00Z,2026-04-30T01:00:00+0200,0.0,MW,FR,FR,forecast_solar_generation,Solar,2026-05-30T16:05:06Z
2026-05-30T16:04:09Z,2026-05-30T18:04:09+0200,f5ca70ef-bf28-4256-b93b-6a2c907b2b36,2026-04-29T23:15:00Z,2026-04-30T01:15:00+0200,0.0,MW,FR,FR,forecast_solar_generation,Solar,2026-05-30T16:05:06Z
2026-05-30T16:04:09Z,2026-05-30T18:04:09+0200,f5ca70ef-bf28-4256-b93b-6a2c907b2b36,2026-04-29T23:30:00Z,2026-04-30T01:30:00+0200,0.0,MW,FR,FR,forecast_solar_generation,Solar,2026-05-30T16:05:06Z
2026-05-30T16:04:09Z,2026-05-30T18:04:09+0200,f5ca70ef-bf28-4256-b93b-6a2c907b2b36,2026-04-29T23:45:00Z,2026-04-30T01:45:00+0200,0.0,MW,FR,FR,forecast_solar_generation,Solar,2026-05-30T16:05:06Z
2026-05-30T16:04:09Z,2026-05-30T18:04:09+0200,f5ca70ef-bf28-4256-b93b-6a2c907b2b36,2026-04-30T00:00:00Z,2026-04-30T02:00:00+0200,0.0,MW,FR,FR,forecast_solar_generation,Solar,2026-05-30T16:05:06Z
2026-05-30T16:04:09Z,2026-05-30T18:04:09+0200,f5ca70ef-bf28-4256-b93b-6a2c907b2b36,2026-04-30T00:15:00Z,2026-04-30T02:15:00+0200,0.0,MW,FR,FR,forecast_solar_generation,Solar,2026-05-30T16:05:06Z
2026-05-30T16:04:09Z,2026-05-30T18:04:09+0200,f5ca70ef-bf28-4256-b93b-6a2c907b2b36,2026-04-30T00:30:00Z,2026-04-30T02:30:00+0200,0.0,MW,FR,FR,forecast_solar_generation,Solar,2026-05-30T16:05:06Z
2026-05-30T16:04:09Z,2026-05-30T18:04:09+0200,f5ca70ef-bf28-4256-b93b-6a2c907b2b36,2026-04-30T00:45:00Z,2026-04-30T02:45:00+0200,0.0,MW,FR,FR,forecast_solar_generation,Solar,2026-05-30T16:05:06Z
2026-05-30T16:04:09Z,2026-05-30T18:04:09+0200,f5ca70ef-bf28-4256-b93b-6a2c907b2b36,2026-04-30T01:00:00Z,2026-04-30T03:00:00+0200,0.0,MW,FR,FR,forecast_solar_generation,Solar,2026-05-30T16:05:06Z
2026-05-30T16:04:09Z,2026-05-30T18:04:09+0200,f5ca70ef-bf28-4256-b93b-6a2c907b2b36,2026-04-30T01:15:00Z,2026-04-30T03:15:00+0200,0.0,MW,FR,FR,forecast_solar_generation,Solar,2026-05-30T16:05:06Z
2026-05-30T16:04:09Z,2026-05-30T18:04:09+0200,f5ca70ef-bf28-4256-b93b-6a2c907b2b36,2026-04-30T01:30:00Z,2026-04-30T03:30:00+0200,0.0,MW,FR,FR,forecast_solar_generation,Solar,2026-05-30T16:05:06Z
2026-05-30T16:04:09Z,2026-05-30T18:04:09+0200,f5ca70ef-bf28-4256-b93b-6a2c907b2b36,2026-04-30T01:45:00Z,2026-04-30T03:45:00+0200,0.0,MW,FR,FR,forecast_solar_generation,Solar,2026-05-30T16:05:06Z
2026-05-30T16:04:09Z,2026-05-30T18:04:09+0200,f5ca70ef-bf28-4256-b93b-6a2c907b2b36,2026-04-30T02:00:00Z,2026-04-30T04:00:00+0200,0.0,MW,FR,FR,forecast_solar_generation,Solar,2026-05-30T16:05:06Z
2026-05-30T16:04:09Z,2026-05-30T18:04:09+0200,f5ca70ef-bf28-4256-b93b-6a2c907b2b36,2026-04-30T02:15:00Z,2026-04-30T04:15:00+0200,0.0,MW,FR,FR,forecast_solar_generation,Solar,2026-05-30T16:05:06Z
2026-05-30T16:04:09Z,2026-05-30T18:04:09+0200,f5ca70ef-bf28-4256-b93b-6a2c907b2b36,2026-04-30T02:30:00Z,2026-04-30T04:30:00+0200,0.0,MW,FR,FR,forecast_solar_generation,Solar,2026-05-30T16:05:06Z
2026-05-30T16:04:09Z,2026-05-30T18:04:09+0200,f5ca70ef-bf28-4256-b93b-6a2c907b2b36,2026-04-30T02:45:00Z,2026-04-30T04:45:00+0200,0.0,MW,FR,FR,forecast_solar_generation,Solar,2026-05-30T16:05:06Z
2026-05-30T16:04:09Z,2026-05-30T18:04:09+0200,f5ca70ef-bf28-4256-b93b-6a2c907b2b36,2026-04-30T03:00:00Z,2026-04-30T05:00:00+0200,0.0,MW,FR,FR,forecast_solar_generation,Solar,2026-05-30T16:05:06Z
2026-05-30T16:04:09Z,2026-05-30T18:04:09+0200,f5ca70ef-bf28-4256-b93b-6a2c907b2b36,2026-04-30T03:15:00Z,2026-04-30T05:15:00+0200,0.0,MW,FR,FR,forecast_solar_generation,Solar,2026-05-30T16:05:06Z
2026-05-30T16:04:09Z,2026-05-30T18:04:09+0200,f5ca70ef-bf28-4256-b93b-6a2c907b2b36,2026-04-30T03:30:00Z,2026-04-30T05:30:00+0200,0.0,MW,FR,FR,forecast_solar_generation,Solar,2026-05-30T16:05:06Z
2026-05-30T16:04:09Z,2026-05-30T18:04:09+0200,f5ca70ef-bf28-4256-b93b-6a2c907b2b36,2026-04-30T03:45:00Z,2026-04-30T05:45:00+0200,0.0,MW,FR,FR,forecast_solar_generation,Solar,2026-05-30T16:05:06Z
2026-05-30T16:04:09Z,2026-05-30T18:04:09+0200,f5ca70ef-bf28-4256-b93b-6a2c907b2b36,2026-04-30T04:00:00Z,2026-04-30T06:00:00+0200,0.0,MW,FR,FR,forecast_solar_generation,Solar,2026-05-30T16:05:06Z
2026-05-30T16:04:09Z,2026-05-30T18:04:09+0200,f5ca70ef-bf28-4256-b93b-6a2c907b2b36,2026-04-30T04:15:00Z,2026-04-30T06:15:00+0200,0.0,MW,FR,FR,forecast_solar_generation,Solar,2026-05-30T16:05:06Z
2026-05-30T16:04:09Z,2026-05-30T18:04:09+0200,f5ca70ef-bf28-4256-b93b-6a2c907b2b36,2026-04-30T04:30:00Z,2026-04-30T06:30:00+0200,13.73372,MW,FR,FR,forecast_solar_generation,Solar,2026-05-30T16:05:06Z
2026-05-30T16:04:09Z,2026-05-30T18:04:09+0200,f5ca70ef-bf28-4256-b93b-6a2c907b2b36,2026-04-30T04:45:00Z,2026-04-30T06:45:00+0200,117.5278,MW,FR,FR,forecast_solar_generation,Solar,2026-05-30T16:05:06Z
2026-05-30T16:04:09Z,2026-05-30T18:04:09+0200,f5ca70ef-bf28-4256-b93b-6a2c907b2b36,2026-04-30T05:00:00Z,2026-04-30T07:00:00+0200,355.8815,MW,FR,FR,forecast_solar_generation,Solar,2026-05-30T16:05:06Z
2026-05-30T16:04:09Z,2026-05-30T18:04:09+0200,f5ca70ef-bf28-4256-b93b-6a2c907b2b36,2026-04-30T05:15:00Z,2026-04-30T07:15:00+0200,602.82037,MW,FR,FR,forecast_solar_generation,Solar,2026-05-30T16:05:06Z
2026-05-30T16:04:09Z,2026-05-30T18:04:09+0200,f5ca70ef-bf28-4256-b93b-6a2c907b2b36,2026-04-30T05:30:00Z,2026-04-30T07:30:00+0200,883.90582,MW,FR,FR,forecast_solar_generation,Solar,2026-05-30T16:05:06Z
2026-05-30T16:04:09Z,2026-05-30T18:04:09+0200,f5ca70ef-bf28-4256-b93b-6a2c907b2b36,2026-04-30T05:45:00Z,2026-04-30T07:45:00+0200,1443.40588,MW,FR,FR,forecast_solar_generation,Solar,2026-05-30T16:05:06Z
2026-05-30T16:04:09Z,2026-05-30T18:04:09+0200,f5ca70ef-bf28-4256-b93b-6a2c907b2b36,2026-04-30T06:00:00Z,2026-04-30T08:00:00+0200,2138.85083,MW,FR,FR,forecast_solar_generation,Solar,2026-05-30T16:05:06Z
2026-05-30T16:04:09Z,2026-05-30T18:04:09+0200,f5ca70ef-bf28-4256-b93b-6a2c907b2b36,2026-04-30T06:15:00Z,2026-04-30T08:15:00+0200,3050.16016,MW,FR,FR,forecast_solar_generation,Solar,2026-05-30T16:05:06Z
2026-05-30T16:04:09Z,2026-05-30T18:04:09+0200,f5ca70ef-bf28-4256-b93b-6a2c907b2b36,2026-04-30T06:30:00Z,2026-04-30T08:30:00+0200,3887.45898,MW,FR,FR,forecast_solar_generation,Solar,2026-05-30T16:05:06Z
2026-05-30T16:04:09Z,2026-05-30T18:04:09+0200,f5ca70ef-bf28-4256-b93b-6a2c907b2b36,2026-04-30T06:45:00Z,2026-04-30T08:45:00+0200,5000.08203,MW,FR,FR,forecast_solar_generation,Solar,2026-05-30T16:05:06Z
2026-05-30T16:04:09Z,2026-05-30T18:04:09+0200,f5ca70ef-bf28-4256-b93b-6a2c907b2b36,2026-04-30T07:00:00Z,2026-04-30T09:00:00+0200,6047.50439,MW,FR,FR,forecast_solar_generation,Solar,2026-05-30T16:05:06Z
2026-05-30T16:04:09Z,2026-05-30T18:04:09+0200,f5ca70ef-bf28-4256-b93b-6a2c907b2b36,2026-04-30T07:15:00Z,2026-04-30T09:15:00+0200,7173.32471,MW,FR,FR,forecast_solar_generation,Solar,2026-05-30T16:05:06Z
2026-05-30T16:04:09Z,2026-05-30T18:04:09+0200,f5ca70ef-bf28-4256-b93b-6a2c907b2b36,2026-04-30T07:30:00Z,2026-04-30T09:30:00+0200,8225.125,MW,FR,FR,forecast_solar_generation,Solar,2026-05-30T16:05:06Z
2026-05-30T16:04:09Z,2026-05-30T18:04:09+0200,f5ca70ef-bf28-4256-b93b-6a2c907b2b36,2026-04-30T07:45:00Z,2026-04-30T09:45:00+0200,9216.56641,MW,FR,FR,forecast_solar_generation,Solar,2026-05-30T16:05:06Z
2026-05-30T16:04:09Z,2026-05-30T18:04:09+0200,f5ca70ef-bf28-4256-b93b-6a2c907b2b36,2026-04-30T08:00:00Z,2026-04-30T10:00:00+0200,10200.69141,MW,FR,FR,forecast_solar_generation,Solar,2026-05-30T16:05:06Z
2026-05-30T16:04:09Z,2026-05-30T18:04:09+0200,f5ca70ef-bf28-4256-b93b-6a2c907b2b36,2026-04-30T08:15:00Z,2026-04-30T10:15:00+0200,11251.5459,MW,FR,FR,forecast_solar_generation,Solar,2026-05-30T16:05:06Z
2026-05-30T16:04:09Z,2026-05-30T18:04:09+0200,f5ca70ef-bf28-4256-b93b-6a2c907b2b36,2026-04-30T08:30:00Z,2026-04-30T10:30:00+0200,12185.91797,MW,FR,FR,forecast_solar_generation,Solar,2026-05-30T16:05:06Z
2026-05-30T16:04:09Z,2026-05-30T18:04:09+0200,f5ca70ef-bf28-4256-b93b-6a2c907b2b36,2026-04-30T08:45:00Z,2026-04-30T10:45:00+0200,12892.77051,MW,FR,FR,forecast_solar_generation,Solar,2026-05-30T16:05:06Z
2026-05-30T16:04:09Z,2026-05-30T18:04:09+0200,f5ca70ef-bf28-4256-b93b-6a2c907b2b36,2026-04-30T09:00:00Z,2026-04-30T11:00:00+0200,10606.88086,MW,FR,FR,forecast_solar_generation,Solar,2026-05-30T16:05:06Z
2026-05-30T16:04:09Z,2026-05-30T18:04:09+0200,f5ca70ef-bf28-4256-b93b-6a2c907b2b36,2026-04-30T09:15:00Z,2026-04-30T11:15:00+0200,11232.98145,MW,FR,FR,forecast_solar_generation,Solar,2026-05-30T16:05:06Z
2026-05-30T16:04:09Z,2026-05-30T18:04:09+0200,f5ca70ef-bf28-4256-b93b-6a2c907b2b36,2026-04-30T09:30:00Z,2026-04-30T11:30:00+0200,11798.55762,MW,FR,FR,forecast_solar_generation,Solar,2026-05-30T16:05:06Z
2026-05-30T16:04:09Z,2026-05-30T18:04:09+0200,f5ca70ef-bf28-4256-b93b-6a2c907b2b36,2026-04-30T09:45:00Z,2026-04-30T11:45:00+0200,12106.28906,MW,FR,FR,forecast_solar_generation,Solar,2026-05-30T16:05:06Z
2026-05-30T16:04:09Z,2026-05-30T18:04:09+0200,f5ca70ef-bf28-4256-b93b-6a2c907b2b36,2026-04-30T10:00:00Z,2026-04-30T12:00:00+0200,12443.49805,MW,FR,FR,forecast_solar_generation,Solar,2026-05-30T16:05:06Z
2026-05-30T16:04:09Z,2026-05-30T18:04:09+0200,f5ca70ef-bf28-4256-b93b-6a2c907b2b36,2026-04-30T10:15:00Z,2026-04-30T12:15:00+0200,12686.78223,MW,FR,FR,forecast_solar_generation,Solar,2026-05-30T16:05:06Z
2026-05-30T16:04:09Z,2026-05-30T18:04:09+0200,f5ca70ef-bf28-4256-b93b-6a2c907b2b36,2026-04-30T10:30:00Z,2026-04-30T12:30:00+0200,12919.02051,MW,FR,FR,forecast_solar_generation,Solar,2026-05-30T16:05:06Z
2026-05-30T16:04:09Z,2026-05-30T18:04:09+0200,f5ca70ef-bf28-4256-b93b-6a2c907b2b36,2026-04-30T10:45:00Z,2026-04-30T12:45:00+0200,13077.7168,MW,FR,FR,forecast_solar_generation,Solar,2026-05-30T16:05:06Z
2026-05-30T16:04:09Z,2026-05-30T18:04:09+0200,f5ca70ef-bf28-4256-b93b-6a2c907b2b36,2026-04-30T11:00:00Z,2026-04-30T13:00:00+0200,13237.79102,MW,FR,FR,forecast_solar_generation,Solar,2026-05-30T16:05:06Z
2026-05-30T16:04:09Z,2026-05-30T18:04:09+0200,f5ca70ef-bf28-4256-b93b-6a2c907b2b36,2026-04-30T11:15:00Z,2026-04-30T13:15:00+0200,13310.17188,MW,FR,FR,forecast_solar_generation,Solar,2026-05-30T16:05:06Z
2026-05-30T16:04:09Z,2026-05-30T18:04:09+0200,f5ca70ef-bf28-4256-b93b-6a2c907b2b36,2026-04-30T11:30:00Z,2026-04-30T13:30:00+0200,13427.16699,MW,FR,FR,forecast_solar_generation,Solar,2026-05-30T16:05:06Z
2026-05-30T16:04:09Z,2026-05-30T18:04:09+0200,f5ca70ef-bf28-4256-b93b-6a2c907b2b36,2026-04-30T11:45:00Z,2026-04-30T13:45:00+0200,13376.3457,MW,FR,FR,forecast_solar_generation,Solar,2026-05-30T16:05:06Z
2026-05-30T16:04:09Z,2026-05-30T18:04:09+0200,f5ca70ef-bf28-4256-b93b-6a2c907b2b36,2026-04-30T12:00:00Z,2026-04-30T14:00:00+0200,13333.10742,MW,FR,FR,forecast_solar_generation,Solar,2026-05-30T16:05:06Z
2026-05-30T16:04:09Z,2026-05-30T18:04:09+0200,f5ca70ef-bf28-4256-b93b-6a2c907b2b36,2026-04-30T12:15:00Z,2026-04-30T14:15:00+0200,13251.75391,MW,FR,FR,forecast_solar_generation,Solar,2026-05-30T16:05:06Z
2026-05-30T16:04:09Z,2026-05-30T18:04:09+0200,f5ca70ef-bf28-4256-b93b-6a2c907b2b36,2026-04-30T12:30:00Z,2026-04-30T14:30:00+0200,13119.62988,MW,FR,FR,forecast_solar_generation,Solar,2026-05-30T16:05:06Z
2026-05-30T16:04:09Z,2026-05-30T18:04:09+0200,f5ca70ef-bf28-4256-b93b-6a2c907b2b36,2026-04-30T12:45:00Z,2026-04-30T14:45:00+0200,12859.80762,MW,FR,FR,forecast_solar_generation,Solar,2026-05-30T16:05:06Z
2026-05-30T16:04:09Z,2026-05-30T18:04:09+0200,f5ca70ef-bf28-4256-b93b-6a2c907b2b36,2026-04-30T13:00:00Z,2026-04-30T15:00:00+0200,12597.7793,MW,FR,FR,forecast_solar_generation,Solar,2026-05-30T16:05:06Z
2026-05-30T16:04:09Z,2026-05-30T18:04:09+0200,f5ca70ef-bf28-4256-b93b-6a2c907b2b36,2026-04-30T13:15:00Z,2026-04-30T15:15:00+0200,12332.1377,MW,FR,FR,forecast_solar_generation,Solar,2026-05-30T16:05:06Z
2026-05-30T16:04:09Z,2026-05-30T18:04:09+0200,f5ca70ef-bf28-4256-b93b-6a2c907b2b36,2026-04-30T13:30:00Z,2026-04-30T15:30:00+0200,12011.35254,MW,FR,FR,forecast_solar_generation,Solar,2026-05-30T16:05:06Z
2026-05-30T16:04:09Z,2026-05-30T18:04:09+0200,f5ca70ef-bf28-4256-b93b-6a2c907b2b36,2026-04-30T13:45:00Z,2026-04-30T15:45:00+0200,11551.83887,MW,FR,FR,forecast_solar_generation,Solar,2026-05-30T16:05:06Z
2026-05-30T16:04:09Z,2026-05-30T18:04:09+0200,f5ca70ef-bf28-4256-b93b-6a2c907b2b36,2026-04-30T14:00:00Z,2026-04-30T16:00:00+0200,11091.3457,MW,FR,FR,forecast_solar_generation,Solar,2026-05-30T16:05:06Z
2026-05-30T16:04:09Z,2026-05-30T18:04:09+0200,f5ca70ef-bf28-4256-b93b-6a2c907b2b36,2026-04-30T14:15:00Z,2026-04-30T16:15:00+0200,10599.92188,MW,FR,FR,forecast_solar_generation,Solar,2026-05-30T16:05:06Z
2026-05-30T16:04:09Z,2026-05-30T18:04:09+0200,f5ca70ef-bf28-4256-b93b-6a2c907b2b36,2026-04-30T14:30:00Z,2026-04-30T16:30:00+0200,10147.1123,MW,FR,FR,forecast_solar_generation,Solar,2026-05-30T16:05:06Z
2026-05-30T16:04:09Z,2026-05-30T18:04:09+0200,f5ca70ef-bf28-4256-b93b-6a2c907b2b36,2026-04-30T14:45:00Z,2026-04-30T16:45:00+0200,9748.54102,MW,FR,FR,forecast_solar_generation,Solar,2026-05-30T16:05:06Z
2026-05-30T16:04:09Z,2026-05-30T18:04:09+0200,f5ca70ef-bf28-4256-b93b-6a2c907b2b36,2026-04-30T15:00:00Z,2026-04-30T17:00:00+0200,9108.77734,MW,FR,FR,forecast_solar_generation,Solar,2026-05-30T16:05:06Z
2026-05-30T16:04:09Z,2026-05-30T18:04:09+0200,f5ca70ef-bf28-4256-b93b-6a2c907b2b36,2026-04-30T15:15:00Z,2026-04-30T17:15:00+0200,10880.38672,MW,FR,FR,forecast_solar_generation,Solar,2026-05-30T16:05:06Z
2026-05-30T16:04:09Z,2026-05-30T18:04:09+0200,f5ca70ef-bf28-4256-b93b-6a2c907b2b36,2026-04-30T15:30:00Z,2026-04-30T17:30:00+0200,10161.46289,MW,FR,FR,forecast_solar_generation,Solar,2026-05-30T16:05:06Z
2026-05-30T16:04:09Z,2026-05-30T18:04:09+0200,f5ca70ef-bf28-4256-b93b-6a2c907b2b36,2026-04-30T15:45:00Z,2026-04-30T17:45:00+0200,9308.58887,MW,FR,FR,forecast_solar_generation,Solar,2026-05-30T16:05:06Z
2026-05-30T16:04:09Z,2026-05-30T18:04:09+0200,f5ca70ef-bf28-4256-b93b-6a2c907b2b36,2026-04-30T16:00:00Z,2026-04-30T18:00:00+0200,8431.68652,MW,FR,FR,forecast_solar_generation,Solar,2026-05-30T16:05:06Z
2026-05-30T16:04:09Z,2026-05-30T18:04:09+0200,f5ca70ef-bf28-4256-b93b-6a2c907b2b36,2026-04-30T16:15:00Z,2026-04-30T18:15:00+0200,7372.4707,MW,FR,FR,forecast_solar_generation,Solar,2026-05-30T16:05:06Z
2026-05-30T16:04:09Z,2026-05-30T18:04:09+0200,f5ca70ef-bf28-4256-b93b-6a2c907b2b36,2026-04-30T16:30:00Z,2026-04-30T18:30:00+0200,6442.50439,MW,FR,FR,forecast_solar_generation,Solar,2026-05-30T16:05:06Z
2026-05-30T16:04:09Z,2026-05-30T18:04:09+0200,f5ca70ef-bf28-4256-b93b-6a2c907b2b36,2026-04-30T16:45:00Z,2026-04-30T18:45:00+0200,5673.27246,MW,FR,FR,forecast_solar_generation,Solar,2026-05-30T16:05:06Z
2026-05-30T16:04:09Z,2026-05-30T18:04:09+0200,f5ca70ef-bf28-4256-b93b-6a2c907b2b36,2026-04-30T17:00:00Z,2026-04-30T19:00:00+0200,4558.49121,MW,FR,FR,forecast_solar_generation,Solar,2026-05-30T16:05:06Z
2026-05-30T16:04:09Z,2026-05-30T18:04:09+0200,f5ca70ef-bf28-4256-b93b-6a2c907b2b36,2026-04-30T17:15:00Z,2026-04-30T19:15:00+0200,3799.46338,MW,FR,FR,forecast_solar_generation,Solar,2026-05-30T16:05:06Z
2026-05-30T16:04:09Z,2026-05-30T18:04:09+0200,f5ca70ef-bf28-4256-b93b-6a2c907b2b36,2026-04-30T17:30:00Z,2026-04-30T19:30:00+0200,2851.82007,MW,FR,FR,forecast_solar_generation,Solar,2026-05-30T16:05:06Z
2026-05-30T16:04:09Z,2026-05-30T18:04:09+0200,f5ca70ef-bf28-4256-b93b-6a2c907b2b36,2026-04-30T17:45:00Z,2026-04-30T19:45:00+0200,2239.60791,MW,FR,FR,forecast_solar_generation,Solar,2026-05-30T16:05:06Z
2026-05-30T16:04:09Z,2026-05-30T18:04:09+0200,f5ca70ef-bf28-4256-b93b-6a2c907b2b36,2026-04-30T18:00:00Z,2026-04-30T20:00:00+0200,1521.65063,MW,FR,FR,forecast_solar_generation,Solar,2026-05-30T16:05:06Z
2026-05-30T16:04:09Z,2026-05-30T18:04:09+0200,f5ca70ef-bf28-4256-b93b-6a2c907b2b36,2026-04-30T18:15:00Z,2026-04-30T20:15:00+0200,984.95276,MW,FR,FR,forecast_solar_generation,Solar,2026-05-30T16:05:06Z
2026-05-30T16:04:09Z,2026-05-30T18:04:09+0200,f5ca70ef-bf28-4256-b93b-6a2c907b2b36,2026-04-30T18:30:00Z,2026-04-30T20:30:00+0200,567.4325,MW,FR,FR,forecast_solar_generation,Solar,2026-05-30T16:05:06Z
2026-05-30T16:04:09Z,2026-05-30T18:04:09+0200,f5ca70ef-bf28-4256-b93b-6a2c907b2b36,2026-04-30T18:45:00Z,2026-04-30T20:45:00+0200,344.18414,MW,FR,FR,forecast_solar_generation,Solar,2026-05-30T16:05:06Z
2026-05-30T16:04:09Z,2026-05-30T18:04:09+0200,f5ca70ef-bf28-4256-b93b-6a2c907b2b36,2026-04-30T19:00:00Z,2026-04-30T21:00:00+0200,0.0,MW,FR,FR,forecast_solar_generation,Solar,2026-05-30T16:05:06Z
2026-05-30T16:04:09Z,2026-05-30T18:04:09+0200,f5ca70ef-bf28-4256-b93b-6a2c907b2b36,2026-04-30T19:15:00Z,2026-04-30T21:15:00+0200,0.0,MW,FR,FR,forecast_solar_generation,Solar,2026-05-30T16:05:06Z
2026-05-30T16:04:09Z,2026-05-30T18:04:09+0200,f5ca70ef-bf28-4256-b93b-6a2c907b2b36,2026-04-30T19:30:00Z,2026-04-30T21:30:00+0200,0.0,MW,FR,FR,forecast_solar_generation,Solar,2026-05-30T16:05:06Z
2026-05-30T16:04:09Z,2026-05-30T18:04:09+0200,f5ca70ef-bf28-4256-b93b-6a2c907b2b36,2026-04-30T19:45:00Z,2026-04-30T21:45:00+0200,0.0,MW,FR,FR,forecast_solar_generation,Solar,2026-05-30T16:05:06Z
2026-05-30T16:04:09Z,2026-05-30T18:04:09+0200,f5ca70ef-bf28-4256-b93b-6a2c907b2b36,2026-04-30T20:00:00Z,2026-04-30T22:00:00+0200,0.0,MW,FR,FR,forecast_solar_generation,Solar,2026-05-30T16:05:06Z
2026-05-30T16:04:09Z,2026-05-30T18:04:09+0200,f5ca70ef-bf28-4256-b93b-6a2c907b2b36,2026-04-30T20:15:00Z,2026-04-30T22:15:00+0200,0.0,MW,FR,FR,forecast_solar_generation,Solar,2026-05-30T16:05:06Z
2026-05-30T16:04:09Z,2026-05-30T18:04:09+0200,f5ca70ef-bf28-4256-b93b-6a2c907b2b36,2026-04-30T20:30:00Z,2026-04-30T22:30:00+0200,0.0,MW,FR,FR,forecast_solar_generation,Solar,2026-05-30T16:05:06Z
2026-05-30T16:04:09Z,2026-05-30T18:04:09+0200,f5ca70ef-bf28-4256-b93b-6a2c907b2b36,2026-04-30T20:45:00Z,2026-04-30T22:45:00+0200,0.0,MW,FR,FR,forecast_solar_generation,Solar,2026-05-30T16:05:06Z
2026-05-30T16:04:09Z,2026-05-30T18:04:09+0200,f5ca70ef-bf28-4256-b93b-6a2c907b2b36,2026-04-30T21:00:00Z,2026-04-30T23:00:00+0200,0.0,MW,FR,FR,forecast_solar_generation,Solar,2026-05-30T16:05:06Z
2026-05-30T16:04:09Z,2026-05-30T18:04:09+0200,f5ca70ef-bf28-4256-b93b-6a2c907b2b36,2026-04-30T21:15:00Z,2026-04-30T23:15:00+0200,0.0,MW,FR,FR,forecast_solar_generation,Solar,2026-05-30T16:05:06Z
2026-05-30T16:04:09Z,2026-05-30T18:04:09+0200,f5ca70ef-bf28-4256-b93b-6a2c907b2b36,2026-04-30T21:30:00Z,2026-04-30T23:30:00+0200,0.0,MW,FR,FR,forecast_solar_generation,Solar,2026-05-30T16:05:06Z
2026-05-30T16:04:09Z,2026-05-30T18:04:09+0200,f5ca70ef-bf28-4256-b93b-6a2c907b2b36,2026-04-30T21:45:00Z,2026-04-30T23:45:00+0200,0.0,MW,FR,FR,forecast_solar_generation,Solar,2026-05-30T16:05:06Z
2026-05-30T16:04:09Z,2026-05-30T18:04:09+0200,f5ca70ef-bf28-4256-b93b-6a2c907b2b36,2026-04-30T22:00:00Z,2026-05-01T00:00:00+0200,0.0,MW,FR,FR,forecast_solar_generation,Solar,2026-05-30T16:05:06Z
2026-05-30T16:04:09Z,2026-05-30T18:04:09+0200,f5ca70ef-bf28-4256-b93b-6a2c907b2b36,2026-04-30T22:15:00Z,2026-05-01T00:15:00+0200,0.0,MW,FR,FR,forecast_solar_generation,Solar,2026-05-30T16:05:06Z
2026-05-30T16:04:09Z,2026-05-30T18:04:09+0200,f5ca70ef-bf28-4256-b93b-6a2c907b2b36,2026-04-30T22:30:00Z,2026-05-01T00:30:00+0200,0.0,MW,FR,FR,forecast_solar_generation,Solar,2026-05-30T16:05:06Z
2026-05-30T16:04:09Z,2026-05-30T18:04:09+0200,f5ca70ef-bf28-4256-b93b-6a2c907b2b36,2026-04-30T22:45:00Z,2026-05-01T00:45:00+0200,0.0,MW,FR,FR,forecast_solar_generation,Solar,2026-05-30T16:05:06Z
2026-05-30T16:04:09Z,2026-05-30T18:04:09+0200,f5ca70ef-bf28-4256-b93b-6a2c907b2b36,2026-04-30T23:00:00Z,2026-05-01T01:00:00+0200,0.0,MW,FR,FR,forecast_solar_generation,Solar,2026-05-30T16:05:06Z
2026-05-30T16:04:09Z,2026-05-30T18:04:09+0200,f5ca70ef-bf28-4256-b93b-6a2c907b2b36,2026-04-30T23:15:00Z,2026-05-01T01:15:00+0200,0.0,MW,FR,FR,forecast_solar_generation,Solar,2026-05-30T16:05:06Z
2026-05-30T16:04:09Z,2026-05-30T18:04:09+0200,f5ca70ef-bf28-4256-b93b-6a2c907b2b36,2026-04-30T23:30:00Z,2026-05-01T01:30:00+0200,0.0,MW,FR,FR,forecast_solar_generation,Solar,2026-05-30T16:05:06Z
2026-05-30T16:04:09Z,2026-05-30T18:04:09+0200,f5ca70ef-bf28-4256-b93b-6a2c907b2b36,2026-04-30T23:45:00Z,2026-05-01T01:45:00+0200,0.0,MW,FR,FR,forecast_solar_generation,Solar,2026-05-30T16:05:06Z
2026-05-30T16:04:09Z,2026-05-30T18:04:09+0200,f5ca70ef-bf28-4256-b93b-6a2c907b2b36,2026-05-01T00:00:00Z,2026-05-01T02:00:00+0200,0.0,MW,FR,FR,forecast_solar_generation,Solar,2026-05-30T16:05:06Z
2026-05-30T16:04:09Z,2026-05-30T18:04:09+0200,f5ca70ef-bf28-4256-b93b-6a2c907b2b36,2026-05-01T00:15:00Z,2026-05-01T02:15:00+0200,0.0,MW,FR,FR,forecast_solar_generation,Solar,2026-05-30T16:05:06Z
2026-05-30T16:04:09Z,2026-05-30T18:04:09+0200,f5ca70ef-bf28-4256-b93b-6a2c907b2b36,2026-05-01T00:30:00Z,2026-05-01T02:30:00+0200,0.0,MW,FR,FR,forecast_solar_generation,Solar,2026-05-30T16:05:06Z
2026-05-30T16:04:09Z,2026-05-30T18:04:09+0200,f5ca70ef-bf28-4256-b93b-6a2c907b2b36,2026-05-01T00:45:00Z,2026-05-01T02:45:00+0200,0.0,MW,FR,FR,forecast_solar_generation,Solar,2026-05-30T16:05:06Z
2026-05-30T16:04:09Z,2026-05-30T18:04:09+0200,f5ca70ef-bf28-4256-b93b-6a2c907b2b36,2026-05-01T01:00:00Z,2026-05-01T03:00:00+0200,0.0,MW,FR,FR,forecast_solar_generation,Solar,2026-05-30T16:05:06Z
2026-05-30T16:04:09Z,2026-05-30T18:04:09+0200,f5ca70ef-bf28-4256-b93b-6a2c907b2b36,2026-05-01T01:15:00Z,2026-05-01T03:15:00+0200,0.0,MW,FR,FR,forecast_solar_generation,Solar,2026-05-30T16:05:06Z
2026-05-30T16:04:09Z,2026-05-30T18:04:09+0200,f5ca70ef-bf28-4256-b93b-6a2c907b2b36,2026-05-01T01:30:00Z,2026-05-01T03:30:00+0200,0.0,MW,FR,FR,forecast_solar_generation,Solar,2026-05-30T16:05:06Z
2026-05-30T16:04:09Z,2026-05-30T18:04:09+0200,f5ca70ef-bf28-4256-b93b-6a2c907b2b36,2026-05-01T01:45:00Z,2026-05-01T03:45:00+0200,0.0,MW,FR,FR,forecast_solar_generation,Solar,2026-05-30T16:05:06Z
2026-05-30T16:04:09Z,2026-05-30T18:04:09+0200,f5ca70ef-bf28-4256-b93b-6a2c907b2b36,2026-05-01T02:00:00Z,2026-05-01T04:00:00+0200,0.0,MW,FR,FR,forecast_solar_generation,Solar,2026-05-30T16:05:06Z
2026-05-30T16:04:09Z,2026-05-30T18:04:09+0200,f5ca70ef-bf28-4256-b93b-6a2c907b2b36,2026-05-01T02:15:00Z,2026-05-01T04:15:00+0200,0.0,MW,FR,FR,forecast_solar_generation,Solar,2026-05-30T16:05:06Z
2026-05-30T16:04:09Z,2026-05-30T18:04:09+0200,f5ca70ef-bf28-4256-b93b-6a2c907b2b36,2026-05-01T02:30:00Z,2026-05-01T04:30:00+0200,0.0,MW,FR,FR,forecast_solar_generation,Solar,2026-05-30T16:05:06Z
2026-05-30T16:04:09Z,2026-05-30T18:04:09+0200,f5ca70ef-bf28-4256-b93b-6a2c907b2b36,2026-05-01T02:45:00Z,2026-05-01T04:45:00+0200,0.0,MW,FR,FR,forecast_solar_generation,Solar,2026-05-30T16:05:06Z
2026-05-30T16:04:09Z,2026-05-30T18:04:09+0200,f5ca70ef-bf28-4256-b93b-6a2c907b2b36,2026-05-01T03:00:00Z,2026-05-01T05:00:00+0200,0.0,MW,FR,FR,forecast_solar_generation,Solar,2026-05-30T16:05:06Z
2026-05-30T16:04:09Z,2026-05-30T18:04:09+0200,f5ca70ef-bf28-4256-b93b-6a2c907b2b36,2026-05-01T03:15:00Z,2026-05-01T05:15:00+0200,0.0,MW,FR,FR,forecast_solar_generation,Solar,2026-05-30T16:05:06Z
2026-05-30T16:04:09Z,2026-05-30T18:04:09+0200,f5ca70ef-bf28-4256-b93b-6a2c907b2b36,2026-05-01T03:30:00Z,2026-05-01T05:30:00+0200,0.0,MW,FR,FR,forecast_solar_generation,Solar,2026-05-30T16:05:06Z
2026-05-30T16:04:09Z,2026-05-30T18:04:09+0200,f5ca70ef-bf28-4256-b93b-6a2c907b2b36,2026-05-01T03:45:00Z,2026-05-01T05:45:00+0200,0.0,MW,FR,FR,forecast_solar_generation,Solar,2026-05-30T16:05:06Z
2026-05-30T16:04:09Z,2026-05-30T18:04:09+0200,f5ca70ef-bf28-4256-b93b-6a2c907b2b36,2026-05-01T04:00:00Z,2026-05-01T06:00:00+0200,0.0,MW,FR,FR,forecast_solar_generation,Solar,2026-05-30T16:05:06Z
2026-05-30T16:04:09Z,2026-05-30T18:04:09+0200,f5ca70ef-bf28-4256-b93b-6a2c907b2b36,2026-05-01T04:15:00Z,2026-05-01T06:15:00+0200,0.0,MW,FR,FR,forecast_solar_generation,Solar,2026-05-30T16:05:06Z
2026-05-30T16:04:09Z,2026-05-30T18:04:09+0200,f5ca70ef-bf28-4256-b93b-6a2c907b2b36,2026-05-01T04:30:00Z,2026-05-01T06:30:00+0200,13.2874,MW,FR,FR,forecast_solar_generation,Solar,2026-05-30T16:05:06Z
2026-05-30T16:04:09Z,2026-05-30T18:04:09+0200,f5ca70ef-bf28-4256-b93b-6a2c907b2b36,2026-05-01T04:45:00Z,2026-05-01T06:45:00+0200,114.01302,MW,FR,FR,forecast_solar_generation,Solar,2026-05-30T16:05:06Z
2026-05-30T16:04:09Z,2026-05-30T18:04:09+0200,f5ca70ef-bf28-4256-b93b-6a2c907b2b36,2026-05-01T05:00:00Z,2026-05-01T07:00:00+0200,307.55173,MW,FR,FR,forecast_solar_generation,Solar,2026-05-30T16:05:06Z
2026-05-30T16:04:09Z,2026-05-30T18:04:09+0200,f5ca70ef-bf28-4256-b93b-6a2c907b2b36,2026-05-01T05:15:00Z,2026-05-01T07:15:00+0200,537.83472,MW,FR,FR,forecast_solar_generation,Solar,2026-05-30T16:05:06Z
2026-05-30T16:04:09Z,2026-05-30T18:04:09+0200,f5ca70ef-bf28-4256-b93b-6a2c907b2b36,2026-05-01T05:30:00Z,2026-05-01T07:30:00+0200,812.26526,MW,FR,FR,forecast_solar_generation,Solar,2026-05-30T16:05:06Z
2026-05-30T16:04:09Z,2026-05-30T18:04:09+0200,f5ca70ef-bf28-4256-b93b-6a2c907b2b36,2026-05-01T05:45:00Z,2026-05-01T07:45:00+0200,1336.83679,MW,FR,FR,forecast_solar_generation,Solar,2026-05-30T16:05:06Z
2026-05-30T16:04:09Z,2026-05-30T18:04:09+0200,f5ca70ef-bf28-4256-b93b-6a2c907b2b36,2026-05-01T06:00:00Z,2026-05-01T08:00:00+0200,1948.6908,MW,FR,FR,forecast_solar_generation,Solar,2026-05-30T16:05:06Z
2026-05-30T16:04:09Z,2026-05-30T18:04:09+0200,f5ca70ef-bf28-4256-b93b-6a2c907b2b36,2026-05-01T06:15:00Z,2026-05-01T08:15:00+0200,2809.50952,MW,FR,FR,forecast_solar_generation,Solar,2026-05-30T16:05:06Z
2026-05-30T16:04:09Z,2026-05-30T18:04:09+0200,f5ca70ef-bf28-4256-b93b-6a2c907b2b36,2026-05-01T06:30:00Z,2026-05-01T08:30:00+0200,3533.29712,MW,FR,FR,forecast_solar_generation,Solar,2026-05-30T16:05:06Z
2026-05-30T16:04:09Z,2026-05-30T18:04:09+0200,f5ca70ef-bf28-4256-b93b-6a2c907b2b36,2026-05-01T06:45:00Z,2026-05-01T08:45:00+0200,4568.40723,MW,FR,FR,forecast_solar_generation,Solar,2026-05-30T16:05:06Z
2026-05-30T16:04:09Z,2026-05-30T18:04:09+0200,f5ca70ef-bf28-4256-b93b-6a2c907b2b36,2026-05-01T07:00:00Z,2026-05-01T09:00:00+0200,4232.25439,MW,FR,FR,forecast_solar_generation,Solar,2026-05-30T16:05:06Z
2026-05-30T16:04:09Z,2026-05-30T18:04:09+0200,f5ca70ef-bf28-4256-b93b-6a2c907b2b36,2026-05-01T07:15:00Z,2026-05-01T09:15:00+0200,5104.59326,MW,FR,FR,forecast_solar_generation,Solar,2026-05-30T16:05:06Z
2026-05-30T16:04:09Z,2026-05-30T18:04:09+0200,f5ca70ef-bf28-4256-b93b-6a2c907b2b36,2026-05-01T07:30:00Z,2026-05-01T09:30:00+0200,5850.53271,MW,FR,FR,forecast_solar_generation,Solar,2026-05-30T16:05:06Z
2026-05-30T16:04:09Z,2026-05-30T18:04:09+0200,f5ca70ef-bf28-4256-b93b-6a2c907b2b36,2026-05-01T07:45:00Z,2026-05-01T09:45:00+0200,6513.23145,MW,FR,FR,forecast_solar_generation,Solar,2026-05-30T16:05:06Z
2026-05-30T16:04:09Z,2026-05-30T18:04:09+0200,f5ca70ef-bf28-4256-b93b-6a2c907b2b36,2026-05-01T08:00:00Z,2026-05-01T10:00:00+0200,7249.73291,MW,FR,FR,forecast_solar_generation,Solar,2026-05-30T16:05:06Z
2026-05-30T16:04:09Z,2026-05-30T18:04:09+0200,f5ca70ef-bf28-4256-b93b-6a2c907b2b36,2026-05-01T08:15:00Z,2026-05-01T10:15:00+0200,8097.59131,MW,FR,FR,forecast_solar_generation,Solar,2026-05-30T16:05:06Z
2026-05-30T16:04:09Z,2026-05-30T18:04:09+0200,f5ca70ef-bf28-4256-b93b-6a2c907b2b36,2026-05-01T08:30:00Z,2026-05-01T10:30:00+0200,8807.12891,MW,FR,FR,forecast_solar_generation,Solar,2026-05-30T16:05:06Z
2026-05-30T16:04:09Z,2026-05-30T18:04:09+0200,f5ca70ef-bf28-4256-b93b-6a2c907b2b36,2026-05-01T08:45:00Z,2026-05-01T10:45:00+0200,9423.58789,MW,FR,FR,forecast_solar_generation,Solar,2026-05-30T16:05:06Z
2026-05-30T16:04:09Z,2026-05-30T18:04:09+0200,f5ca70ef-bf28-4256-b93b-6a2c907b2b36,2026-05-01T09:00:00Z,2026-05-01T11:00:00+0200,10054.47461,MW,FR,FR,forecast_solar_generation,Solar,2026-05-30T16:05:06Z
2026-05-30T16:04:09Z,2026-05-30T18:04:09+0200,f5ca70ef-bf28-4256-b93b-6a2c907b2b36,2026-05-01T09:15:00Z,2026-05-01T11:15:00+0200,10689.94336,MW,FR,FR,forecast_solar_generation,Solar,2026-05-30T16:05:06Z
2026-05-30T16:04:09Z,2026-05-30T18:04:09+0200,f5ca70ef-bf28-4256-b93b-6a2c907b2b36,2026-05-01T09:30:00Z,2026-05-01T11:30:00+0200,11266.66895,MW,FR,FR,forecast_solar_generation,Solar,2026-05-30T16:05:06Z
2026-05-30T16:04:09Z,2026-05-30T18:04:09+0200,f5ca70ef-bf28-4256-b93b-6a2c907b2b36,2026-05-01T09:45:00Z,2026-05-01T11:45:00+0200,11694.66992,MW,FR,FR,forecast_solar_generation,Solar,2026-05-30T16:05:06Z
2026-05-30T16:04:09Z,2026-05-30T18:04:09+0200,f5ca70ef-bf28-4256-b93b-6a2c907b2b36,2026-05-01T10:00:00Z,2026-05-01T12:00:00+0200,12119.86523,MW,FR,FR,forecast_solar_generation,Solar,2026-05-30T16:05:06Z
2026-05-30T16:04:09Z,2026-05-30T18:04:09+0200,f5ca70ef-bf28-4256-b93b-6a2c907b2b36,2026-05-01T10:15:00Z,2026-05-01T12:15:00+0200,12535.26465,MW,FR,FR,forecast_solar_generation,Solar,2026-05-30T16:05:06Z
2026-05-30T16:04:09Z,2026-05-30T18:04:09+0200,f5ca70ef-bf28-4256-b93b-6a2c907b2b36,2026-05-01T10:30:00Z,2026-05-01T12:30:00+0200,12925.34766,MW,FR,FR,forecast_solar_generation,Solar,2026-05-30T16:05:06Z
2026-05-30T16:04:09Z,2026-05-30T18:04:09+0200,f5ca70ef-bf28-4256-b93b-6a2c907b2b36,2026-05-01T10:45:00Z,2026-05-01T12:45:00+0200,13155.43262,MW,FR,FR,forecast_solar_generation,Solar,2026-05-30T16:05:06Z
2026-05-30T16:04:09Z,2026-05-30T18:04:09+0200,f5ca70ef-bf28-4256-b93b-6a2c907b2b36,2026-05-01T11:00:00Z,2026-05-01T13:00:00+0200,13399.33398,MW,FR,FR,forecast_solar_generation,Solar,2026-05-30T16:05:06Z
2026-05-30T16:04:09Z,2026-05-30T18:04:09+0200,f5ca70ef-bf28-4256-b93b-6a2c907b2b36,2026-05-01T11:15:00Z,2026-05-01T13:15:00+0200,13597.56445,MW,FR,FR,forecast_solar_generation,Solar,2026-05-30T16:05:06Z
2026-05-30T16:04:09Z,2026-05-30T18:04:09+0200,f5ca70ef-bf28-4256-b93b-6a2c907b2b36,2026-05-01T11:30:00Z,2026-05-01T13:30:00+0200,13806.39648,MW,FR,FR,forecast_solar_generation,Solar,2026-05-30T16:05:06Z
2026-05-30T16:04:09Z,2026-05-30T18:04:09+0200,f5ca70ef-bf28-4256-b93b-6a2c907b2b36,2026-05-01T11:45:00Z,2026-05-01T13:45:00+0200,13772.16504,MW,FR,FR,forecast_solar_generation,Solar,2026-05-30T16:05:06Z
2026-05-30T16:04:09Z,2026-05-30T18:04:09+0200,f5ca70ef-bf28-4256-b93b-6a2c907b2b36,2026-05-01T12:00:00Z,2026-05-01T14:00:00+0200,13741.61914,MW,FR,FR,forecast_solar_generation,Solar,2026-05-30T16:05:06Z
2026-05-30T16:04:09Z,2026-05-30T18:04:09+0200,f5ca70ef-bf28-4256-b93b-6a2c907b2b36,2026-05-01T12:15:00Z,2026-05-01T14:15:00+0200,13686.49414,MW,FR,FR,forecast_solar_generation,Solar,2026-05-30T16:05:06Z
2026-05-30T16:04:09Z,2026-05-30T18:04:09+0200,f5ca70ef-bf28-4256-b93b-6a2c907b2b36,2026-05-01T12:30:00Z,2026-05-01T14:30:00+0200,13593.24609,MW,FR,FR,forecast_solar_generation,Solar,2026-05-30T16:05:06Z
2026-05-30T16:04:09Z,2026-05-30T18:04:09+0200,f5ca70ef-bf28-4256-b93b-6a2c907b2b36,2026-05-01T12:45:00Z,2026-05-01T14:45:00+0200,13409.23633,MW,FR,FR,forecast_solar_generation,Solar,2026-05-30T16:05:06Z
2026-05-30T16:04:09Z,2026-05-30T18:04:09+0200,f5ca70ef-bf28-4256-b93b-6a2c907b2b36,2026-05-01T13:00:00Z,2026-05-01T15:00:00+0200,13220.71191,MW,FR,FR,forecast_solar_generation,Solar,2026-05-30T16:05:06Z
2026-05-30T16:04:09Z,2026-05-30T18:04:09+0200,f5ca70ef-bf28-4256-b93b-6a2c907b2b36,2026-05-01T13:15:00Z,2026-05-01T15:15:00+0200,12985.71191,MW,FR,FR,forecast_solar_generation,Solar,2026-05-30T16:05:06Z
2026-05-30T16:04:09Z,2026-05-30T18:04:09+0200,f5ca70ef-bf28-4256-b93b-6a2c907b2b36,2026-05-01T13:30:00Z,2026-05-01T15:30:00+0200,12729.39844,MW,FR,FR,forecast_solar_generation,Solar,2026-05-30T16:05:06Z
2026-05-30T16:04:09Z,2026-05-30T18:04:09+0200,f5ca70ef-bf28-4256-b93b-6a2c907b2b36,2026-05-01T13:45:00Z,2026-05-01T15:45:00+0200,12345.53613,MW,FR,FR,forecast_solar_generation,Solar,2026-05-30T16:05:06Z
2026-05-30T16:04:09Z,2026-05-30T18:04:09+0200,f5ca70ef-bf28-4256-b93b-6a2c907b2b36,2026-05-01T14:00:00Z,2026-05-01T16:00:00+0200,11920.43164,MW,FR,FR,forecast_solar_generation,Solar,2026-05-30T16:05:06Z
2026-05-30T16:04:09Z,2026-05-30T18:04:09+0200,f5ca70ef-bf28-4256-b93b-6a2c907b2b36,2026-05-01T14:15:00Z,2026-05-01T16:15:00+0200,11480.93359,MW,FR,FR,forecast_solar_generation,Solar,2026-05-30T16:05:06Z
2026-05-30T16:04:09Z,2026-05-30T18:04:09+0200,f5ca70ef-bf28-4256-b93b-6a2c907b2b36,2026-05-01T14:30:00Z,2026-05-01T16:30:00+0200,11006.4209,MW,FR,FR,forecast_solar_generation,Solar,2026-05-30T16:05:06Z
2026-05-30T16:04:09Z,2026-05-30T18:04:09+0200,f5ca70ef-bf28-4256-b93b-6a2c907b2b36,2026-05-01T14:45:00Z,2026-05-01T16:45:00+0200,10397.87402,MW,FR,FR,forecast_solar_generation,Solar,2026-05-30T16:05:06Z
2026-05-30T16:04:09Z,2026-05-30T18:04:09+0200,f5ca70ef-bf28-4256-b93b-6a2c907b2b36,2026-05-01T15:00:00Z,2026-05-01T17:00:00+0200,9849.64453,MW,FR,FR,forecast_solar_generation,Solar,2026-05-30T16:05:06Z
2026-05-30T16:04:09Z,2026-05-30T18:04:09+0200,f5ca70ef-bf28-4256-b93b-6a2c907b2b36,2026-05-01T15:15:00Z,2026-05-01T17:15:00+0200,9178.94531,MW,FR,FR,forecast_solar_generation,Solar,2026-05-30T16:05:06Z
2026-05-30T16:04:09Z,2026-05-30T18:04:09+0200,f5ca70ef-bf28-4256-b93b-6a2c907b2b36,2026-05-01T15:30:00Z,2026-05-01T17:30:00+0200,8598.15332,MW,FR,FR,forecast_solar_generation,Solar,2026-05-30T16:05:06Z
2026-05-30T16:04:09Z,2026-05-30T18:04:09+0200,f5ca70ef-bf28-4256-b93b-6a2c907b2b36,2026-05-01T15:45:00Z,2026-05-01T17:45:00+0200,7896.65918,MW,FR,FR,forecast_solar_generation,Solar,2026-05-30T16:05:06Z
2026-05-30T16:04:09Z,2026-05-30T18:04:09+0200,f5ca70ef-bf28-4256-b93b-6a2c907b2b36,2026-05-01T16:00:00Z,2026-05-01T18:00:00+0200,7167.4541,MW,FR,FR,forecast_solar_generation,Solar,2026-05-30T16:05:06Z
2026-05-30T16:04:09Z,2026-05-30T18:04:09+0200,f5ca70ef-bf28-4256-b93b-6a2c907b2b36,2026-05-01T16:15:00Z,2026-05-01T18:15:00+0200,7868.62695,MW,FR,FR,forecast_solar_generation,Solar,2026-05-30T16:05:06Z
2026-05-30T16:04:09Z,2026-05-30T18:04:09+0200,f5ca70ef-bf28-4256-b93b-6a2c907b2b36,2026-05-01T16:30:00Z,2026-05-01T18:30:00+0200,6884.53906,MW,FR,FR,forecast_solar_generation,Solar,2026-05-30T16:05:06Z
2026-05-30T16:04:09Z,2026-05-30T18:04:09+0200,f5ca70ef-bf28-4256-b93b-6a2c907b2b36,2026-05-01T16:45:00Z,2026-05-01T18:45:00+0200,6047.22803,MW,FR,FR,forecast_solar_generation,Solar,2026-05-30T16:05:06Z
2026-05-30T16:04:09Z,2026-05-30T18:04:09+0200,f5ca70ef-bf28-4256-b93b-6a2c907b2b36,2026-05-01T17:00:00Z,2026-05-01T19:00:00+0200,4838.43457,MW,FR,FR,forecast_solar_generation,Solar,2026-05-30T16:05:06Z
2026-05-30T16:04:09Z,2026-05-30T18:04:09+0200,f5ca70ef-bf28-4256-b93b-6a2c907b2b36,2026-05-01T17:15:00Z,2026-05-01T19:15:00+0200,4004.47314,MW,FR,FR,forecast_solar_generation,Solar,2026-05-30T16:05:06Z
2026-05-30T16:04:09Z,2026-05-30T18:04:09+0200,f5ca70ef-bf28-4256-b93b-6a2c907b2b36,2026-05-01T17:30:00Z,2026-05-01T19:30:00+0200,2973.16724,MW,FR,FR,forecast_solar_generation,Solar,2026-05-30T16:05:06Z
2026-05-30T16:04:09Z,2026-05-30T18:04:09+0200,f5ca70ef-bf28-4256-b93b-6a2c907b2b36,2026-05-01T17:45:00Z,2026-05-01T19:45:00+0200,2327.54395,MW,FR,FR,forecast_solar_generation,Solar,2026-05-30T16:05:06Z
2026-05-30T16:04:09Z,2026-05-30T18:04:09+0200,f5ca70ef-bf28-4256-b93b-6a2c907b2b36,2026-05-01T18:00:00Z,2026-05-01T20:00:00+0200,1581.55713,MW,FR,FR,forecast_solar_generation,Solar,2026-05-30T16:05:06Z
2026-05-30T16:04:09Z,2026-05-30T18:04:09+0200,f5ca70ef-bf28-4256-b93b-6a2c907b2b36,2026-05-01T18:15:00Z,2026-05-01T20:15:00+0200,1026.42163,MW,FR,FR,forecast_solar_generation,Solar,2026-05-30T16:05:06Z
2026-05-30T16:04:09Z,2026-05-30T18:04:09+0200,f5ca70ef-bf28-4256-b93b-6a2c907b2b36,2026-05-01T18:30:00Z,2026-05-01T20:30:00+0200,579.56854,MW,FR,FR,forecast_solar_generation,Solar,2026-05-30T16:05:06Z
2026-05-30T16:04:09Z,2026-05-30T18:04:09+0200,f5ca70ef-bf28-4256-b93b-6a2c907b2b36,2026-05-01T18:45:00Z,2026-05-01T20:45:00+0200,350.28165,MW,FR,FR,forecast_solar_generation,Solar,2026-05-30T16:05:06Z
2026-05-30T16:04:09Z,2026-05-30T18:04:09+0200,f5ca70ef-bf28-4256-b93b-6a2c907b2b36,2026-05-01T19:00:00Z,2026-05-01T21:00:00+0200,134.27055,MW,FR,FR,forecast_solar_generation,Solar,2026-05-30T16:05:06Z
2026-05-30T16:04:09Z,2026-05-30T18:04:09+0200,f5ca70ef-bf28-4256-b93b-6a2c907b2b36,2026-05-01T19:15:00Z,2026-05-01T21:15:00+0200,11.98436,MW,FR,FR,forecast_solar_generation,Solar,2026-05-30T16:05:06Z
2026-05-30T16:04:09Z,2026-05-30T18:04:09+0200,f5ca70ef-bf28-4256-b93b-6a2c907b2b36,2026-05-01T19:30:00Z,2026-05-01T21:30:00+0200,0.0,MW,FR,FR,forecast_solar_generation,Solar,2026-05-30T16:05:06Z
2026-05-30T16:04:09Z,2026-05-30T18:04:09+0200,f5ca70ef-bf28-4256-b93b-6a2c907b2b36,2026-05-01T19:45:00Z,2026-05-01T21:45:00+0200,0.0,MW,FR,FR,forecast_solar_generation,Solar,2026-05-30T16:05:06Z
2026-05-30T16:04:09Z,2026-05-30T18:04:09+0200,f5ca70ef-bf28-4256-b93b-6a2c907b2b36,2026-05-01T20:00:00Z,2026-05-01T22:00:00+0200,0.0,MW,FR,FR,forecast_solar_generation,Solar,2026-05-30T16:05:06Z
2026-05-30T16:04:09Z,2026-05-30T18:04:09+0200,f5ca70ef-bf28-4256-b93b-6a2c907b2b36,2026-05-01T20:15:00Z,2026-05-01T22:15:00+0200,0.0,MW,FR,FR,forecast_solar_generation,Solar,2026-05-30T16:05:06Z
2026-05-30T16:04:09Z,2026-05-30T18:04:09+0200,f5ca70ef-bf28-4256-b93b-6a2c907b2b36,2026-05-01T20:30:00Z,2026-05-01T22:30:00+0200,0.0,MW,FR,FR,forecast_solar_generation,Solar,2026-05-30T16:05:06Z
2026-05-30T16:04:09Z,2026-05-30T18:04:09+0200,f5ca70ef-bf28-4256-b93b-6a2c907b2b36,2026-05-01T20:45:00Z,2026-05-01T22:45:00+0200,0.0,MW,FR,FR,forecast_solar_generation,Solar,2026-05-30T16:05:06Z
2026-05-30T16:04:09Z,2026-05-30T18:04:09+0200,f5ca70ef-bf28-4256-b93b-6a2c907b2b36,2026-05-01T21:00:00Z,2026-05-01T23:00:00+0200,0.0,MW,FR,FR,forecast_solar_generation,Solar,2026-05-30T16:05:06Z
2026-05-30T16:04:09Z,2026-05-30T18:04:09+0200,f5ca70ef-bf28-4256-b93b-6a2c907b2b36,2026-05-01T21:15:00Z,2026-05-01T23:15:00+0200,0.0,MW,FR,FR,forecast_solar_generation,Solar,2026-05-30T16:05:06Z
2026-05-30T16:04:09Z,2026-05-30T18:04:09+0200,f5ca70ef-bf28-4256-b93b-6a2c907b2b36,2026-05-01T21:30:00Z,2026-05-01T23:30:00+0200,0.0,MW,FR,FR,forecast_solar_generation,Solar,2026-05-30T16:05:06Z
2026-05-30T16:04:09Z,2026-05-30T18:04:09+0200,f5ca70ef-bf28-4256-b93b-6a2c907b2b36,2026-05-01T21:45:00Z,2026-05-01T23:45:00+0200,0.0,MW,FR,FR,forecast_solar_generation,Solar,2026-05-30T16:05:06Z
2026-05-30T16:04:09Z,2026-05-30T18:04:09+0200,f5ca70ef-bf28-4256-b93b-6a2c907b2b36,2026-05-01T22:00:00Z,2026-05-02T00:00:00+0200,0.0,MW,FR,FR,forecast_solar_generation,Solar,2026-05-30T16:05:06Z
2026-05-30T16:04:09Z,2026-05-30T18:04:09+0200,f5ca70ef-bf28-4256-b93b-6a2c907b2b36,2026-05-01T22:15:00Z,2026-05-02T00:15:00+0200,0.0,MW,FR,FR,forecast_solar_generation,Solar,2026-05-30T16:05:06Z
2026-05-30T16:04:09Z,2026-05-30T18:04:09+0200,f5ca70ef-bf28-4256-b93b-6a2c907b2b36,2026-05-01T22:30:00Z,2026-05-02T00:30:00+0200,0.0,MW,FR,FR,forecast_solar_generation,Solar,2026-05-30T16:05:06Z
2026-05-30T16:04:09Z,2026-05-30T18:04:09+0200,f5ca70ef-bf28-4256-b93b-6a2c907b2b36,2026-05-01T22:45:00Z,2026-05-02T00:45:00+0200,0.0,MW,FR,FR,forecast_solar_generation,Solar,2026-05-30T16:05:06Z
2026-05-30T16:04:09Z,2026-05-30T18:04:09+0200,f5ca70ef-bf28-4256-b93b-6a2c907b2b36,2026-05-01T23:00:00Z,2026-05-02T01:00:00+0200,0.0,MW,FR,FR,forecast_solar_generation,Solar,2026-05-30T16:05:06Z
2026-05-30T16:04:09Z,2026-05-30T18:04:09+0200,f5ca70ef-bf28-4256-b93b-6a2c907b2b36,2026-05-01T23:15:00Z,2026-05-02T01:15:00+0200,0.0,MW,FR,FR,forecast_solar_generation,Solar,2026-05-30T16:05:06Z
2026-05-30T16:04:09Z,2026-05-30T18:04:09+0200,f5ca70ef-bf28-4256-b93b-6a2c907b2b36,2026-05-01T23:30:00Z,2026-05-02T01:30:00+0200,0.0,MW,FR,FR,forecast_solar_generation,Solar,2026-05-30T16:05:06Z
2026-05-30T16:04:09Z,2026-05-30T18:04:09+0200,f5ca70ef-bf28-4256-b93b-6a2c907b2b36,2026-05-01T23:45:00Z,2026-05-02T01:45:00+0200,0.0,MW,FR,FR,forecast_solar_generation,Solar,2026-05-30T16:05:06Z
2026-05-30T16:04:09Z,2026-05-30T18:04:09+0200,f5ca70ef-bf28-4256-b93b-6a2c907b2b36,2026-05-02T00:00:00Z,2026-05-02T02:00:00+0200,0.0,MW,FR,FR,forecast_solar_generation,Solar,2026-05-30T16:05:06Z
2026-05-30T16:04:09Z,2026-05-30T18:04:09+0200,f5ca70ef-bf28-4256-b93b-6a2c907b2b36,2026-05-02T00:15:00Z,2026-05-02T02:15:00+0200,0.0,MW,FR,FR,forecast_solar_generation,Solar,2026-05-30T16:05:06Z
2026-05-30T16:04:09Z,2026-05-30T18:04:09+0200,f5ca70ef-bf28-4256-b93b-6a2c907b2b36,2026-05-02T00:30:00Z,2026-05-02T02:30:00+0200,0.0,MW,FR,FR,forecast_solar_generation,Solar,2026-05-30T16:05:06Z
2026-05-30T16:04:09Z,2026-05-30T18:04:09+0200,f5ca70ef-bf28-4256-b93b-6a2c907b2b36,2026-05-02T00:45:00Z,2026-05-02T02:45:00+0200,0.0,MW,FR,FR,forecast_solar_generation,Solar,2026-05-30T16:05:06Z
2026-05-30T16:04:09Z,2026-05-30T18:04:09+0200,f5ca70ef-bf28-4256-b93b-6a2c907b2b36,2026-05-02T01:00:00Z,2026-05-02T03:00:00+0200,0.0,MW,FR,FR,forecast_solar_generation,Solar,2026-05-30T16:05:06Z
2026-05-30T16:04:09Z,2026-05-30T18:04:09+0200,f5ca70ef-bf28-4256-b93b-6a2c907b2b36,2026-05-02T01:15:00Z,2026-05-02T03:15:00+0200,0.0,MW,FR,FR,forecast_solar_generation,Solar,2026-05-30T16:05:06Z
2026-05-30T16:04:09Z,2026-05-30T18:04:09+0200,f5ca70ef-bf28-4256-b93b-6a2c907b2b36,2026-05-02T01:30:00Z,2026-05-02T03:30:00+0200,0.0,MW,FR,FR,forecast_solar_generation,Solar,2026-05-30T16:05:06Z
2026-05-30T16:04:09Z,2026-05-30T18:04:09+0200,f5ca70ef-bf28-4256-b93b-6a2c907b2b36,2026-05-02T01:45:00Z,2026-05-02T03:45:00+0200,0.0,MW,FR,FR,forecast_solar_generation,Solar,2026-05-30T16:05:06Z
2026-05-30T16:04:09Z,2026-05-30T18:04:09+0200,f5ca70ef-bf28-4256-b93b-6a2c907b2b36,2026-05-02T02:00:00Z,2026-05-02T04:00:00+0200,0.0,MW,FR,FR,forecast_solar_generation,Solar,2026-05-30T16:05:06Z
2026-05-30T16:04:09Z,2026-05-30T18:04:09+0200,f5ca70ef-bf28-4256-b93b-6a2c907b2b36,2026-05-02T02:15:00Z,2026-05-02T04:15:00+0200,0.0,MW,FR,FR,forecast_solar_generation,Solar,2026-05-30T16:05:06Z
2026-05-30T16:04:09Z,2026-05-30T18:04:09+0200,f5ca70ef-bf28-4256-b93b-6a2c907b2b36,2026-05-02T02:30:00Z,2026-05-02T04:30:00+0200,0.0,MW,FR,FR,forecast_solar_generation,Solar,2026-05-30T16:05:06Z
2026-05-30T16:04:09Z,2026-05-30T18:04:09+0200,f5ca70ef-bf28-4256-b93b-6a2c907b2b36,2026-05-02T02:45:00Z,2026-05-02T04:45:00+0200,0.0,MW,FR,FR,forecast_solar_generation,Solar,2026-05-30T16:05:06Z
2026-05-30T16:04:09Z,2026-05-30T18:04:09+0200,f5ca70ef-bf28-4256-b93b-6a2c907b2b36,2026-05-02T03:00:00Z,2026-05-02T05:00:00+0200,0.0,MW,FR,FR,forecast_solar_generation,Solar,2026-05-30T16:05:06Z
2026-05-30T16:04:09Z,2026-05-30T18:04:09+0200,f5ca70ef-bf28-4256-b93b-6a2c907b2b36,2026-05-02T03:15:00Z,2026-05-02T05:15:00+0200,0.0,MW,FR,FR,forecast_solar_generation,Solar,2026-05-30T16:05:06Z
2026-05-30T16:04:09Z,2026-05-30T18:04:09+0200,f5ca70ef-bf28-4256-b93b-6a2c907b2b36,2026-05-02T03:30:00Z,2026-05-02T05:30:00+0200,0.0,MW,FR,FR,forecast_solar_generation,Solar,2026-05-30T16:05:06Z
2026-05-30T16:04:09Z,2026-05-30T18:04:09+0200,f5ca70ef-bf28-4256-b93b-6a2c907b2b36,2026-05-02T03:45:00Z,2026-05-02T05:45:00+0200,0.0,MW,FR,FR,forecast_solar_generation,Solar,2026-05-30T16:05:06Z
2026-05-30T16:04:09Z,2026-05-30T18:04:09+0200,f5ca70ef-bf28-4256-b93b-6a2c907b2b36,2026-05-02T04:00:00Z,2026-05-02T06:00:00+0200,0.0,MW,FR,FR,forecast_solar_generation,Solar,2026-05-30T16:05:06Z
2026-05-30T16:04:09Z,2026-05-30T18:04:09+0200,f5ca70ef-bf28-4256-b93b-6a2c907b2b36,2026-05-02T04:15:00Z,2026-05-02T06:15:00+0200,0.07813,MW,FR,FR,forecast_solar_generation,Solar,2026-05-30T16:05:06Z
2026-05-30T16:04:09Z,2026-05-30T18:04:09+0200,f5ca70ef-bf28-4256-b93b-6a2c907b2b36,2026-05-02T04:30:00Z,2026-05-02T06:30:00+0200,19.19899,MW,FR,FR,forecast_solar_generation,Solar,2026-05-30T16:05:06Z
2026-05-30T16:04:09Z,2026-05-30T18:04:09+0200,f5ca70ef-bf28-4256-b93b-6a2c907b2b36,2026-05-02T04:45:00Z,2026-05-02T06:45:00+0200,145.81342,MW,FR,FR,forecast_solar_generation,Solar,2026-05-30T16:05:06Z
2026-05-30T16:04:09Z,2026-05-30T18:04:09+0200,f5ca70ef-bf28-4256-b93b-6a2c907b2b36,2026-05-02T05:00:00Z,2026-05-02T07:00:00+0200,386.79187,MW,FR,FR,forecast_solar_generation,Solar,2026-05-30T16:05:06Z
2026-05-30T16:04:09Z,2026-05-30T18:04:09+0200,f5ca70ef-bf28-4256-b93b-6a2c907b2b36,2026-05-02T05:15:00Z,2026-05-02T07:15:00+0200,651.06555,MW,FR,FR,forecast_solar_generation,Solar,2026-05-30T16:05:06Z
2026-05-30T16:04:09Z,2026-05-30T18:04:09+0200,f5ca70ef-bf28-4256-b93b-6a2c907b2b36,2026-05-02T05:30:00Z,2026-05-02T07:30:00+0200,956.65094,MW,FR,FR,forecast_solar_generation,Solar,2026-05-30T16:05:06Z
2026-05-30T16:04:09Z,2026-05-30T18:04:09+0200,f5ca70ef-bf28-4256-b93b-6a2c907b2b36,2026-05-02T05:45:00Z,2026-05-02T07:45:00+0200,1498.5907,MW,FR,FR,forecast_solar_generation,Solar,2026-05-30T16:05:06Z
2026-05-30T16:04:09Z,2026-05-30T18:04:09+0200,f5ca70ef-bf28-4256-b93b-6a2c907b2b36,2026-05-02T06:00:00Z,2026-05-02T08:00:00+0200,2144.68872,MW,FR,FR,forecast_solar_generation,Solar,2026-05-30T16:05:06Z
2026-05-30T16:04:09Z,2026-05-30T18:04:09+0200,f5ca70ef-bf28-4256-b93b-6a2c907b2b36,2026-05-02T06:15:00Z,2026-05-02T08:15:00+0200,3037.23633,MW,FR,FR,forecast_solar_generation,Solar,2026-05-30T16:05:06Z
2026-05-30T16:04:09Z,2026-05-30T18:04:09+0200,f5ca70ef-bf28-4256-b93b-6a2c907b2b36,2026-05-02T06:30:00Z,2026-05-02T08:30:00+0200,3791.28833,MW,FR,FR,forecast_solar_generation,Solar,2026-05-30T16:05:06Z
2026-05-30T16:04:09Z,2026-05-30T18:04:09+0200,f5ca70ef-bf28-4256-b93b-6a2c907b2b36,2026-05-02T06:45:00Z,2026-05-02T08:45:00+0200,4851.02686,MW,FR,FR,forecast_solar_generation,Solar,2026-05-30T16:05:06Z
2026-05-30T16:04:09Z,2026-05-30T18:04:09+0200,f5ca70ef-bf28-4256-b93b-6a2c907b2b36,2026-05-02T07:00:00Z,2026-05-02T09:00:00+0200,5833.5918,MW,FR,FR,forecast_solar_generation,Solar,2026-05-30T16:05:06Z
2026-05-30T16:04:09Z,2026-05-30T18:04:09+0200,f5ca70ef-bf28-4256-b93b-6a2c907b2b36,2026-05-02T07:15:00Z,2026-05-02T09:15:00+0200,6930.27051,MW,FR,FR,forecast_solar_generation,Solar,2026-05-30T16:05:06Z
2026-05-30T16:04:09Z,2026-05-30T18:04:09+0200,f5ca70ef-bf28-4256-b93b-6a2c907b2b36,2026-05-02T07:30:00Z,2026-05-02T09:30:00+0200,7948.3125,MW,FR,FR,forecast_solar_generation,Solar,2026-05-30T16:05:06Z
2026-05-30T16:04:09Z,2026-05-30T18:04:09+0200,f5ca70ef-bf28-4256-b93b-6a2c907b2b36,2026-05-02T07:45:00Z,2026-05-02T09:45:00+0200,6891.75049,MW,FR,FR,forecast_solar_generation,Solar,2026-05-30T16:05:06Z
2026-05-30T16:04:09Z,2026-05-30T18:04:09+0200,f5ca70ef-bf28-4256-b93b-6a2c907b2b36,2026-05-02T08:00:00Z,2026-05-02T10:00:00+0200,7588.28613,MW,FR,FR,forecast_solar_generation,Solar,2026-05-30T16:05:06Z
2026-05-30T16:04:09Z,2026-05-30T18:04:09+0200,f5ca70ef-bf28-4256-b93b-6a2c907b2b36,2026-05-02T08:15:00Z,2026-05-02T10:15:00+0200,8361.33008,MW,FR,FR,forecast_solar_generation,Solar,2026-05-30T16:05:06Z
2026-05-30T16:04:09Z,2026-05-30T18:04:09+0200,f5ca70ef-bf28-4256-b93b-6a2c907b2b36,2026-05-02T08:30:00Z,2026-05-02T10:30:00+0200,8867.51074,MW,FR,FR,forecast_solar_generation,Solar,2026-05-30T16:05:06Z
2026-05-30T16:04:09Z,2026-05-30T18:04:09+0200,f5ca70ef-bf28-4256-b93b-6a2c907b2b36,2026-05-02T08:45:00Z,2026-05-02T10:45:00+0200,9446.0293,MW,FR,FR,forecast_solar_generation,Solar,2026-05-30T16:05:06Z
2026-05-30T16:04:09Z,2026-05-30T18:04:09+0200,f5ca70ef-bf28-4256-b93b-6a2c907b2b36,2026-05-02T09:00:00Z,2026-05-02T11:00:00+0200,9973.98438,MW,FR,FR,forecast_solar_generation,Solar,2026-05-30T16:05:06Z
2026-05-30T16:04:09Z,2026-05-30T18:04:09+0200,f5ca70ef-bf28-4256-b93b-6a2c907b2b36,2026-05-02T09:15:00Z,2026-05-02T11:15:00+0200,10578.16602,MW,FR,FR,forecast_solar_generation,Solar,2026-05-30T16:05:06Z
2026-05-30T16:04:09Z,2026-05-30T18:04:09+0200,f5ca70ef-bf28-4256-b93b-6a2c907b2b36,2026-05-02T09:30:00Z,2026-05-02T11:30:00+0200,11164.06152,MW,FR,FR,forecast_solar_generation,Solar,2026-05-30T16:05:06Z
2026-05-30T16:04:09Z,2026-05-30T18:04:09+0200,f5ca70ef-bf28-4256-b93b-6a2c907b2b36,2026-05-02T09:45:00Z,2026-05-02T11:45:00+0200,11462.76367,MW,FR,FR,forecast_solar_generation,Solar,2026-05-30T16:05:06Z
2026-05-30T16:04:09Z,2026-05-30T18:04:09+0200,f5ca70ef-bf28-4256-b93b-6a2c907b2b36,2026-05-02T10:00:00Z,2026-05-02T12:00:00+0200,11778.10742,MW,FR,FR,forecast_solar_generation,Solar,2026-05-30T16:05:06Z
2026-05-30T16:04:09Z,2026-05-30T18:04:09+0200,f5ca70ef-bf28-4256-b93b-6a2c907b2b36,2026-05-02T10:15:00Z,2026-05-02T12:15:00+0200,12033.90234,MW,FR,FR,forecast_solar_generation,Solar,2026-05-30T16:05:06Z
2026-05-30T16:04:09Z,2026-05-30T18:04:09+0200,f5ca70ef-bf28-4256-b93b-6a2c907b2b36,2026-05-02T10:30:00Z,2026-05-02T12:30:00+0200,12350.37207,MW,FR,FR,forecast_solar_generation,Solar,2026-05-30T16:05:06Z
2026-05-30T16:04:09Z,2026-05-30T18:04:09+0200,f5ca70ef-bf28-4256-b93b-6a2c907b2b36,2026-05-02T10:45:00Z,2026-05-02T12:45:00+0200,12460.86035,MW,FR,FR,forecast_solar_generation,Solar,2026-05-30T16:05:06Z
2026-05-30T16:04:09Z,2026-05-30T18:04:09+0200,f5ca70ef-bf28-4256-b93b-6a2c907b2b36,2026-05-02T11:00:00Z,2026-05-02T13:00:00+0200,12551.39258,MW,FR,FR,forecast_solar_generation,Solar,2026-05-30T16:05:06Z
2026-05-30T16:04:09Z,2026-05-30T18:04:09+0200,f5ca70ef-bf28-4256-b93b-6a2c907b2b36,2026-05-02T11:15:00Z,2026-05-02T13:15:00+0200,12672.39844,MW,FR,FR,forecast_solar_generation,Solar,2026-05-30T16:05:06Z
2026-05-30T16:04:09Z,2026-05-30T18:04:09+0200,f5ca70ef-bf28-4256-b93b-6a2c907b2b36,2026-05-02T11:30:00Z,2026-05-02T13:30:00+0200,12745.78125,MW,FR,FR,forecast_solar_generation,Solar,2026-05-30T16:05:06Z
2026-05-30T16:04:09Z,2026-05-30T18:04:09+0200,f5ca70ef-bf28-4256-b93b-6a2c907b2b36,2026-05-02T11:45:00Z,2026-05-02T13:45:00+0200,12663.49316,MW,FR,FR,forecast_solar_generation,Solar,2026-05-30T16:05:06Z
2026-05-30T16:04:09Z,2026-05-30T18:04:09+0200,f5ca70ef-bf28-4256-b93b-6a2c907b2b36,2026-05-02T12:00:00Z,2026-05-02T14:00:00+0200,12586.25977,MW,FR,FR,forecast_solar_generation,Solar,2026-05-30T16:05:06Z
2026-05-30T16:04:09Z,2026-05-30T18:04:09+0200,f5ca70ef-bf28-4256-b93b-6a2c907b2b36,2026-05-02T12:15:00Z,2026-05-02T14:15:00+0200,12467.07617,MW,FR,FR,forecast_solar_generation,Solar,2026-05-30T16:05:06Z
2026-05-30T16:04:09Z,2026-05-30T18:04:09+0200,f5ca70ef-bf28-4256-b93b-6a2c907b2b36,2026-05-02T12:30:00Z,2026-05-02T14:30:00+0200,12328.63184,MW,FR,FR,forecast_solar_generation,Solar,2026-05-30T16:05:06Z
2026-05-30T16:04:09Z,2026-05-30T18:04:09+0200,f5ca70ef-bf28-4256-b93b-6a2c907b2b36,2026-05-02T12:45:00Z,2026-05-02T14:45:00+0200,12062.77051,MW,FR,FR,forecast_solar_generation,Solar,2026-05-30T16:05:06Z
2026-05-30T16:04:09Z,2026-05-30T18:04:09+0200,f5ca70ef-bf28-4256-b93b-6a2c907b2b36,2026-05-02T13:00:00Z,2026-05-02T15:00:00+0200,11772.52148,MW,FR,FR,forecast_solar_generation,Solar,2026-05-30T16:05:06Z
2026-05-30T16:04:09Z,2026-05-30T18:04:09+0200,f5ca70ef-bf28-4256-b93b-6a2c907b2b36,2026-05-02T13:15:00Z,2026-05-02T15:15:00+0200,11541.54492,MW,FR,FR,forecast_solar_generation,Solar,2026-05-30T16:05:06Z
2026-05-30T16:04:09Z,2026-05-30T18:04:09+0200,f5ca70ef-bf28-4256-b93b-6a2c907b2b36,2026-05-02T13:30:00Z,2026-05-02T15:30:00+0200,11266.30762,MW,FR,FR,forecast_solar_generation,Solar,2026-05-30T16:05:06Z
2026-05-30T16:04:09Z,2026-05-30T18:04:09+0200,f5ca70ef-bf28-4256-b93b-6a2c907b2b36,2026-05-02T13:45:00Z,2026-05-02T15:45:00+0200,10768.7832,MW,FR,FR,forecast_solar_generation,Solar,2026-05-30T16:05:06Z
2026-05-30T16:04:09Z,2026-05-30T18:04:09+0200,f5ca70ef-bf28-4256-b93b-6a2c907b2b36,2026-05-02T14:00:00Z,2026-05-02T16:00:00+0200,10253.48242,MW,FR,FR,forecast_solar_generation,Solar,2026-05-30T16:05:06Z
2026-05-30T16:04:09Z,2026-05-30T18:04:09+0200,f5ca70ef-bf28-4256-b93b-6a2c907b2b36,2026-05-02T14:15:00Z,2026-05-02T16:15:00+0200,9824.25293,MW,FR,FR,forecast_solar_generation,Solar,2026-05-30T16:05:06Z
2026-05-30T16:04:09Z,2026-05-30T18:04:09+0200,f5ca70ef-bf28-4256-b93b-6a2c907b2b36,2026-05-02T14:30:00Z,2026-05-02T16:30:00+0200,9423.28125,MW,FR,FR,forecast_solar_generation,Solar,2026-05-30T16:05:06Z
2026-05-30T16:04:09Z,2026-05-30T18:04:09+0200,f5ca70ef-bf28-4256-b93b-6a2c907b2b36,2026-05-02T14:45:00Z,2026-05-02T16:45:00+0200,11236.47168,MW,FR,FR,forecast_solar_generation,Solar,2026-05-30T16:05:06Z
2026-05-30T16:04:09Z,2026-05-30T18:04:09+0200,f5ca70ef-bf28-4256-b93b-6a2c907b2b36,2026-05-02T15:00:00Z,2026-05-02T17:00:00+0200,10417.63672,MW,FR,FR,forecast_solar_generation,Solar,2026-05-30T16:05:06Z
2026-05-30T16:04:09Z,2026-05-30T18:04:09+0200,f5ca70ef-bf28-4256-b93b-6a2c907b2b36,2026-05-02T15:15:00Z,2026-05-02T17:15:00+0200,9566.05859,MW,FR,FR,forecast_solar_generation,Solar,2026-05-30T16:05:06Z
2026-05-30T16:04:09Z,2026-05-30T18:04:09+0200,f5ca70ef-bf28-4256-b93b-6a2c907b2b36,2026-05-02T15:30:00Z,2026-05-02T17:30:00+0200,8660.33984,MW,FR,FR,forecast_solar_generation,Solar,2026-05-30T16:05:06Z
2026-05-30T16:04:09Z,2026-05-30T18:04:09+0200,f5ca70ef-bf28-4256-b93b-6a2c907b2b36,2026-05-02T15:45:00Z,2026-05-02T17:45:00+0200,7747.24414,MW,FR,FR,forecast_solar_generation,Solar,2026-05-30T16:05:06Z
2026-05-30T16:04:09Z,2026-05-30T18:04:09+0200,f5ca70ef-bf28-4256-b93b-6a2c907b2b36,2026-05-02T16:00:00Z,2026-05-02T18:00:00+0200,6811.99121,MW,FR,FR,forecast_solar_generation,Solar,2026-05-30T16:05:06Z
2026-05-30T16:04:09Z,2026-05-30T18:04:09+0200,f5ca70ef-bf28-4256-b93b-6a2c907b2b36,2026-05-02T16:15:00Z,2026-05-02T18:15:00+0200,5827.24121,MW,FR,FR,forecast_solar_generation,Solar,2026-05-30T16:05:06Z
2026-05-30T16:04:09Z,2026-05-30T18:04:09+0200,f5ca70ef-bf28-4256-b93b-6a2c907b2b36,2026-05-02T16:30:00Z,2026-05-02T18:30:00+0200,4964.79346,MW,FR,FR,forecast_solar_generation,Solar,2026-05-30T16:05:06Z
2026-05-30T16:04:09Z,2026-05-30T18:04:09+0200,f5ca70ef-bf28-4256-b93b-6a2c907b2b36,2026-05-02T16:45:00Z,2026-05-02T18:45:00+0200,4334.69775,MW,FR,FR,forecast_solar_generation,Solar,2026-05-30T16:05:06Z
2026-05-30T16:04:09Z,2026-05-30T18:04:09+0200,f5ca70ef-bf28-4256-b93b-6a2c907b2b36,2026-05-02T17:00:00Z,2026-05-02T19:00:00+0200,3486.7959,MW,FR,FR,forecast_solar_generation,Solar,2026-05-30T16:05:06Z
2026-05-30T16:04:09Z,2026-05-30T18:04:09+0200,f5ca70ef-bf28-4256-b93b-6a2c907b2b36,2026-05-02T17:15:00Z,2026-05-02T19:15:00+0200,2912.32568,MW,FR,FR,forecast_solar_generation,Solar,2026-05-30T16:05:06Z
2026-05-30T16:04:09Z,2026-05-30T18:04:09+0200,f5ca70ef-bf28-4256-b93b-6a2c907b2b36,2026-05-02T17:30:00Z,2026-05-02T19:30:00+0200,2229.20532,MW,FR,FR,forecast_solar_generation,Solar,2026-05-30T16:05:06Z
2026-05-30T16:04:09Z,2026-05-30T18:04:09+0200,f5ca70ef-bf28-4256-b93b-6a2c907b2b36,2026-05-02T17:45:00Z,2026-05-02T19:45:00+0200,1757.21936,MW,FR,FR,forecast_solar_generation,Solar,2026-05-30T16:05:06Z
2026-05-30T16:04:09Z,2026-05-30T18:04:09+0200,f5ca70ef-bf28-4256-b93b-6a2c907b2b36,2026-05-02T18:00:00Z,2026-05-02T20:00:00+0200,1247.58984,MW,FR,FR,forecast_solar_generation,Solar,2026-05-30T16:05:06Z
2026-05-30T16:04:09Z,2026-05-30T18:04:09+0200,f5ca70ef-bf28-4256-b93b-6a2c907b2b36,2026-05-02T18:15:00Z,2026-05-02T20:15:00+0200,825.41699,MW,FR,FR,forecast_solar_generation,Solar,2026-05-30T16:05:06Z
2026-05-30T16:04:09Z,2026-05-30T18:04:09+0200,f5ca70ef-bf28-4256-b93b-6a2c907b2b36,2026-05-02T18:30:00Z,2026-05-02T20:30:00+0200,494.1636,MW,FR,FR,forecast_solar_generation,Solar,2026-05-30T16:05:06Z
2026-05-30T16:04:09Z,2026-05-30T18:04:09+0200,f5ca70ef-bf28-4256-b93b-6a2c907b2b36,2026-05-02T18:45:00Z,2026-05-02T20:45:00+0200,311.34735,MW,FR,FR,forecast_solar_generation,Solar,2026-05-30T16:05:06Z
2026-05-30T16:04:09Z,2026-05-30T18:04:09+0200,f5ca70ef-bf28-4256-b93b-6a2c907b2b36,2026-05-02T19:00:00Z,2026-05-02T21:00:00+0200,129.79216,MW,FR,FR,forecast_solar_generation,Solar,2026-05-30T16:05:06Z
2026-05-30T16:04:09Z,2026-05-30T18:04:09+0200,f5ca70ef-bf28-4256-b93b-6a2c907b2b36,2026-05-02T19:15:00Z,2026-05-02T21:15:00+0200,16.3775,MW,FR,FR,forecast_solar_generation,Solar,2026-05-30T16:05:06Z
2026-05-30T16:04:09Z,2026-05-30T18:04:09+0200,f5ca70ef-bf28-4256-b93b-6a2c907b2b36,2026-05-02T19:30:00Z,2026-05-02T21:30:00+0200,0.02261,MW,FR,FR,forecast_solar_generation,Solar,2026-05-30T16:05:06Z
2026-05-30T16:04:09Z,2026-05-30T18:04:09+0200,f5ca70ef-bf28-4256-b93b-6a2c907b2b36,2026-05-02T19:45:00Z,2026-05-02T21:45:00+0200,0.0,MW,FR,FR,forecast_solar_generation,Solar,2026-05-30T16:05:06Z
2026-05-30T16:04:09Z,2026-05-30T18:04:09+0200,f5ca70ef-bf28-4256-b93b-6a2c907b2b36,2026-05-02T20:00:00Z,2026-05-02T22:00:00+0200,0.0,MW,FR,FR,forecast_solar_generation,Solar,2026-05-30T16:05:06Z
2026-05-30T16:04:09Z,2026-05-30T18:04:09+0200,f5ca70ef-bf28-4256-b93b-6a2c907b2b36,2026-05-02T20:15:00Z,2026-05-02T22:15:00+0200,0.0,MW,FR,FR,forecast_solar_generation,Solar,2026-05-30T16:05:06Z
2026-05-30T16:04:09Z,2026-05-30T18:04:09+0200,f5ca70ef-bf28-4256-b93b-6a2c907b2b36,2026-05-02T20:30:00Z,2026-05-02T22:30:00+0200,0.0,MW,FR,FR,forecast_solar_generation,Solar,2026-05-30T16:05:06Z
2026-05-30T16:04:09Z,2026-05-30T18:04:09+0200,f5ca70ef-bf28-4256-b93b-6a2c907b2b36,2026-05-02T20:45:00Z,2026-05-02T22:45:00+0200,0.0,MW,FR,FR,forecast_solar_generation,Solar,2026-05-30T16:05:06Z
2026-05-30T16:04:09Z,2026-05-30T18:04:09+0200,f5ca70ef-bf28-4256-b93b-6a2c907b2b36,2026-05-02T21:00:00Z,2026-05-02T23:00:00+0200,0.0,MW,FR,FR,forecast_solar_generation,Solar,2026-05-30T16:05:06Z
2026-05-30T16:04:09Z,2026-05-30T18:04:09+0200,f5ca70ef-bf28-4256-b93b-6a2c907b2b36,2026-05-02T21:15:00Z,2026-05-02T23:15:00+0200,0.0,MW,FR,FR,forecast_solar_generation,Solar,2026-05-30T16:05:06Z
2026-05-30T16:04:09Z,2026-05-30T18:04:09+0200,f5ca70ef-bf28-4256-b93b-6a2c907b2b36,2026-05-02T21:30:00Z,2026-05-02T23:30:00+0200,0.0,MW,FR,FR,forecast_solar_generation,Solar,2026-05-30T16:05:06Z
2026-05-30T16:04:09Z,2026-05-30T18:04:09+0200,f5ca70ef-bf28-4256-b93b-6a2c907b2b36,2026-05-02T21:45:00Z,2026-05-02T23:45:00+0200,0.0,MW,FR,FR,forecast_solar_generation,Solar,2026-05-30T16:05:06Z
2026-05-30T16:04:09Z,2026-05-30T18:04:09+0200,f5ca70ef-bf28-4256-b93b-6a2c907b2b36,2026-05-02T22:00:00Z,2026-05-03T00:00:00+0200,0.0,MW,FR,FR,forecast_solar_generation,Solar,2026-05-30T16:05:06Z
2026-05-30T16:04:09Z,2026-05-30T18:04:09+0200,f5ca70ef-bf28-4256-b93b-6a2c907b2b36,2026-05-02T22:15:00Z,2026-05-03T00:15:00+0200,0.0,MW,FR,FR,forecast_solar_generation,Solar,2026-05-30T16:05:06Z
2026-05-30T16:04:09Z,2026-05-30T18:04:09+0200,f5ca70ef-bf28-4256-b93b-6a2c907b2b36,2026-05-02T22:30:00Z,2026-05-03T00:30:00+0200,0.0,MW,FR,FR,forecast_solar_generation,Solar,2026-05-30T16:05:06Z
2026-05-30T16:04:09Z,2026-05-30T18:04:09+0200,f5ca70ef-bf28-4256-b93b-6a2c907b2b36,2026-05-02T22:45:00Z,2026-05-03T00:45:00+0200,0.0,MW,FR,FR,forecast_solar_generation,Solar,2026-05-30T16:05:06Z
2026-05-30T16:04:09Z,2026-05-30T18:04:09+0200,f5ca70ef-bf28-4256-b93b-6a2c907b2b36,2026-05-02T23:00:00Z,2026-05-03T01:00:00+0200,0.0,MW,FR,FR,forecast_solar_generation,Solar,2026-05-30T16:05:06Z
2026-05-30T16:04:09Z,2026-05-30T18:04:09+0200,f5ca70ef-bf28-4256-b93b-6a2c907b2b36,2026-05-02T23:15:00Z,2026-05-03T01:15:00+0200,0.0,MW,FR,FR,forecast_solar_generation,Solar,2026-05-30T16:05:06Z
2026-05-30T16:04:09Z,2026-05-30T18:04:09+0200,f5ca70ef-bf28-4256-b93b-6a2c907b2b36,2026-05-02T23:30:00Z,2026-05-03T01:30:00+0200,0.0,MW,FR,FR,forecast_solar_generation,Solar,2026-05-30T16:05:06Z
2026-05-30T16:04:09Z,2026-05-30T18:04:09+0200,f5ca70ef-bf28-4256-b93b-6a2c907b2b36,2026-05-02T23:45:00Z,2026-05-03T01:45:00+0200,0.0,MW,FR,FR,forecast_solar_generation,Solar,2026-05-30T16:05:06Z
2026-05-30T16:04:09Z,2026-05-30T18:04:09+0200,f5ca70ef-bf28-4256-b93b-6a2c907b2b36,2026-05-03T00:00:00Z,2026-05-03T02:00:00+0200,0.0,MW,FR,FR,forecast_solar_generation,Solar,2026-05-30T16:05:06Z
2026-05-30T16:04:09Z,2026-05-30T18:04:09+0200,f5ca70ef-bf28-4256-b93b-6a2c907b2b36,2026-05-03T00:15:00Z,2026-05-03T02:15:00+0200,0.0,MW,FR,FR,forecast_solar_generation,Solar,2026-05-30T16:05:06Z
2026-05-30T16:04:09Z,2026-05-30T18:04:09+0200,f5ca70ef-bf28-4256-b93b-6a2c907b2b36,2026-05-03T00:30:00Z,2026-05-03T02:30:00+0200,0.0,MW,FR,FR,forecast_solar_generation,Solar,2026-05-30T16:05:06Z
2026-05-30T16:04:09Z,2026-05-30T18:04:09+0200,f5ca70ef-bf28-4256-b93b-6a2c907b2b36,2026-05-03T00:45:00Z,2026-05-03T02:45:00+0200,0.0,MW,FR,FR,forecast_solar_generation,Solar,2026-05-30T16:05:06Z
2026-05-30T16:04:09Z,2026-05-30T18:04:09+0200,f5ca70ef-bf28-4256-b93b-6a2c907b2b36,2026-05-03T01:00:00Z,2026-05-03T03:00:00+0200,0.0,MW,FR,FR,forecast_solar_generation,Solar,2026-05-30T16:05:06Z
2026-05-30T16:04:09Z,2026-05-30T18:04:09+0200,f5ca70ef-bf28-4256-b93b-6a2c907b2b36,2026-05-03T01:15:00Z,2026-05-03T03:15:00+0200,0.0,MW,FR,FR,forecast_solar_generation,Solar,2026-05-30T16:05:06Z
2026-05-30T16:04:09Z,2026-05-30T18:04:09+0200,f5ca70ef-bf28-4256-b93b-6a2c907b2b36,2026-05-03T01:30:00Z,2026-05-03T03:30:00+0200,0.0,MW,FR,FR,forecast_solar_generation,Solar,2026-05-30T16:05:06Z
2026-05-30T16:04:09Z,2026-05-30T18:04:09+0200,f5ca70ef-bf28-4256-b93b-6a2c907b2b36,2026-05-03T01:45:00Z,2026-05-03T03:45:00+0200,0.0,MW,FR,FR,forecast_solar_generation,Solar,2026-05-30T16:05:06Z
2026-05-30T16:04:09Z,2026-05-30T18:04:09+0200,f5ca70ef-bf28-4256-b93b-6a2c907b2b36,2026-05-03T02:00:00Z,2026-05-03T04:00:00+0200,0.0,MW,FR,FR,forecast_solar_generation,Solar,2026-05-30T16:05:06Z
2026-05-30T16:04:09Z,2026-05-30T18:04:09+0200,f5ca70ef-bf28-4256-b93b-6a2c907b2b36,2026-05-03T02:15:00Z,2026-05-03T04:15:00+0200,0.0,MW,FR,FR,forecast_solar_generation,Solar,2026-05-30T16:05:06Z
2026-05-30T16:04:09Z,2026-05-30T18:04:09+0200,f5ca70ef-bf28-4256-b93b-6a2c907b2b36,2026-05-03T02:30:00Z,2026-05-03T04:30:00+0200,0.0,MW,FR,FR,forecast_solar_generation,Solar,2026-05-30T16:05:06Z
2026-05-30T16:04:09Z,2026-05-30T18:04:09+0200,f5ca70ef-bf28-4256-b93b-6a2c907b2b36,2026-05-03T02:45:00Z,2026-05-03T04:45:00+0200,0.0,MW,FR,FR,forecast_solar_generation,Solar,2026-05-30T16:05:06Z
2026-05-30T16:04:09Z,2026-05-30T18:04:09+0200,f5ca70ef-bf28-4256-b93b-6a2c907b2b36,2026-05-03T03:00:00Z,2026-05-03T05:00:00+0200,0.0,MW,FR,FR,forecast_solar_generation,Solar,2026-05-30T16:05:06Z
2026-05-30T16:04:09Z,2026-05-30T18:04:09+0200,f5ca70ef-bf28-4256-b93b-6a2c907b2b36,2026-05-03T03:15:00Z,2026-05-03T05:15:00+0200,0.0,MW,FR,FR,forecast_solar_generation,Solar,2026-05-30T16:05:06Z
2026-05-30T16:04:09Z,2026-05-30T18:04:09+0200,f5ca70ef-bf28-4256-b93b-6a2c907b2b36,2026-05-03T03:30:00Z,2026-05-03T05:30:00+0200,0.0,MW,FR,FR,forecast_solar_generation,Solar,2026-05-30T16:05:06Z
2026-05-30T16:04:09Z,2026-05-30T18:04:09+0200,f5ca70ef-bf28-4256-b93b-6a2c907b2b36,2026-05-03T03:45:00Z,2026-05-03T05:45:00+0200,0.0,MW,FR,FR,forecast_solar_generation,Solar,2026-05-30T16:05:06Z
2026-05-30T16:04:09Z,2026-05-30T18:04:09+0200,f5ca70ef-bf28-4256-b93b-6a2c907b2b36,2026-05-03T04:00:00Z,2026-05-03T06:00:00+0200,0.0,MW,FR,FR,forecast_solar_generation,Solar,2026-05-30T16:05:06Z
2026-05-30T16:04:09Z,2026-05-30T18:04:09+0200,f5ca70ef-bf28-4256-b93b-6a2c907b2b36,2026-05-03T04:15:00Z,2026-05-03T06:15:00+0200,0.52998,MW,FR,FR,forecast_solar_generation,Solar,2026-05-30T16:05:06Z
2026-05-30T16:04:09Z,2026-05-30T18:04:09+0200,f5ca70ef-bf28-4256-b93b-6a2c907b2b36,2026-05-03T04:30:00Z,2026-05-03T06:30:00+0200,26.69865,MW,FR,FR,forecast_solar_generation,Solar,2026-05-30T16:05:06Z
2026-05-30T16:04:09Z,2026-05-30T18:04:09+0200,f5ca70ef-bf28-4256-b93b-6a2c907b2b36,2026-05-03T04:45:00Z,2026-05-03T06:45:00+0200,119.44323,MW,FR,FR,forecast_solar_generation,Solar,2026-05-30T16:05:06Z
2026-05-30T16:04:09Z,2026-05-30T18:04:09+0200,f5ca70ef-bf28-4256-b93b-6a2c907b2b36,2026-05-03T05:00:00Z,2026-05-03T07:00:00+0200,279.37949,MW,FR,FR,forecast_solar_generation,Solar,2026-05-30T16:05:06Z
2026-05-30T16:04:09Z,2026-05-30T18:04:09+0200,f5ca70ef-bf28-4256-b93b-6a2c907b2b36,2026-05-03T05:15:00Z,2026-05-03T07:15:00+0200,458.54886,MW,FR,FR,forecast_solar_generation,Solar,2026-05-30T16:05:06Z
2026-05-30T16:04:09Z,2026-05-30T18:04:09+0200,f5ca70ef-bf28-4256-b93b-6a2c907b2b36,2026-05-03T05:30:00Z,2026-05-03T07:30:00+0200,706.10913,MW,FR,FR,forecast_solar_generation,Solar,2026-05-30T16:05:06Z
2026-05-30T16:04:09Z,2026-05-30T18:04:09+0200,f5ca70ef-bf28-4256-b93b-6a2c907b2b36,2026-05-03T05:45:00Z,2026-05-03T07:45:00+0200,1144.73022,MW,FR,FR,forecast_solar_generation,Solar,2026-05-30T16:05:06Z
2026-05-30T16:04:09Z,2026-05-30T18:04:09+0200,f5ca70ef-bf28-4256-b93b-6a2c907b2b36,2026-05-03T06:00:00Z,2026-05-03T08:00:00+0200,1612.17749,MW,FR,FR,forecast_solar_generation,Solar,2026-05-30T16:05:06Z
2026-05-30T16:04:09Z,2026-05-30T18:04:09+0200,f5ca70ef-bf28-4256-b93b-6a2c907b2b36,2026-05-03T06:15:00Z,2026-05-03T08:15:00+0200,2257.91699,MW,FR,FR,forecast_solar_generation,Solar,2026-05-30T16:05:06Z
2026-05-30T16:04:09Z,2026-05-30T18:04:09+0200,f5ca70ef-bf28-4256-b93b-6a2c907b2b36,2026-05-03T06:30:00Z,2026-05-03T08:30:00+0200,2781.10864,MW,FR,FR,forecast_solar_generation,Solar,2026-05-30T16:05:06Z
2026-05-30T16:04:09Z,2026-05-30T18:04:09+0200,f5ca70ef-bf28-4256-b93b-6a2c907b2b36,2026-05-03T06:45:00Z,2026-05-03T08:45:00+0200,3602.61328,MW,FR,FR,forecast_solar_generation,Solar,2026-05-30T16:05:06Z
2026-05-30T16:04:09Z,2026-05-30T18:04:09+0200,f5ca70ef-bf28-4256-b93b-6a2c907b2b36,2026-05-03T07:00:00Z,2026-05-03T09:00:00+0200,4277.02002,MW,FR,FR,forecast_solar_generation,Solar,2026-05-30T16:05:06Z
2026-05-30T16:04:09Z,2026-05-30T18:04:09+0200,f5ca70ef-bf28-4256-b93b-6a2c907b2b36,2026-05-03T07:15:00Z,2026-05-03T09:15:00+0200,5195.75732,MW,FR,FR,forecast_solar_generation,Solar,2026-05-30T16:05:06Z
2026-05-30T16:04:09Z,2026-05-30T18:04:09+0200,f5ca70ef-bf28-4256-b93b-6a2c907b2b36,2026-05-03T07:30:00Z,2026-05-03T09:30:00+0200,5950.43018,MW,FR,FR,forecast_solar_generation,Solar,2026-05-30T16:05:06Z
2026-05-30T16:04:09Z,2026-05-30T18:04:09+0200,f5ca70ef-bf28-4256-b93b-6a2c907b2b36,2026-05-03T07:45:00Z,2026-05-03T09:45:00+0200,6793.04053,MW,FR,FR,forecast_solar_generation,Solar,2026-05-30T16:05:06Z
2026-05-30T16:04:09Z,2026-05-30T18:04:09+0200,f5ca70ef-bf28-4256-b93b-6a2c907b2b36,2026-05-03T08:00:00Z,2026-05-03T10:00:00+0200,7579.1333,MW,FR,FR,forecast_solar_generation,Solar,2026-05-30T16:05:06Z
2026-05-30T16:04:09Z,2026-05-30T18:04:09+0200,f5ca70ef-bf28-4256-b93b-6a2c907b2b36,2026-05-03T08:15:00Z,2026-05-03T10:15:00+0200,8616.2998,MW,FR,FR,forecast_solar_generation,Solar,2026-05-30T16:05:06Z
2026-05-30T16:04:09Z,2026-05-30T18:04:09+0200,f5ca70ef-bf28-4256-b93b-6a2c907b2b36,2026-05-03T08:30:00Z,2026-05-03T10:30:00+0200,9449.46973,MW,FR,FR,forecast_solar_generation,Solar,2026-05-30T16:05:06Z
2026-05-30T16:04:09Z,2026-05-30T18:04:09+0200,f5ca70ef-bf28-4256-b93b-6a2c907b2b36,2026-05-03T08:45:00Z,2026-05-03T10:45:00+0200,10095.14355,MW,FR,FR,forecast_solar_generation,Solar,2026-05-30T16:05:06Z
2026-05-30T16:04:09Z,2026-05-30T18:04:09+0200,f5ca70ef-bf28-4256-b93b-6a2c907b2b36,2026-05-03T09:00:00Z,2026-05-03T11:00:00+0200,10688.3916,MW,FR,FR,forecast_solar_generation,Solar,2026-05-30T16:05:06Z
2026-05-30T16:04:09Z,2026-05-30T18:04:09+0200,f5ca70ef-bf28-4256-b93b-6a2c907b2b36,2026-05-03T09:15:00Z,2026-05-03T11:15:00+0200,11380.38184,MW,FR,FR,forecast_solar_generation,Solar,2026-05-30T16:05:06Z
2026-05-30T16:04:09Z,2026-05-30T18:04:09+0200,f5ca70ef-bf28-4256-b93b-6a2c907b2b36,2026-05-03T09:30:00Z,2026-05-03T11:30:00+0200,12072.33984,MW,FR,FR,forecast_solar_generation,Solar,2026-05-30T16:05:06Z
2026-05-30T16:04:09Z,2026-05-30T18:04:09+0200,f5ca70ef-bf28-4256-b93b-6a2c907b2b36,2026-05-03T09:45:00Z,2026-05-03T11:45:00+0200,12352.20996,MW,FR,FR,forecast_solar_generation,Solar,2026-05-30T16:05:06Z
2026-05-30T16:04:09Z,2026-05-30T18:04:09+0200,f5ca70ef-bf28-4256-b93b-6a2c907b2b36,2026-05-03T10:00:00Z,2026-05-03T12:00:00+0200,12733.06348,MW,FR,FR,forecast_solar_generation,Solar,2026-05-30T16:05:06Z
2026-05-30T16:04:09Z,2026-05-30T18:04:09+0200,f5ca70ef-bf28-4256-b93b-6a2c907b2b36,2026-05-03T10:15:00Z,2026-05-03T12:15:00+0200,13030.36426,MW,FR,FR,forecast_solar_generation,Solar,2026-05-30T16:05:06Z
2026-05-30T16:04:09Z,2026-05-30T18:04:09+0200,f5ca70ef-bf28-4256-b93b-6a2c907b2b36,2026-05-03T10:30:00Z,2026-05-03T12:30:00+0200,13430.50391,MW,FR,FR,forecast_solar_generation,Solar,2026-05-30T16:05:06Z
2026-05-30T16:04:09Z,2026-05-30T18:04:09+0200,f5ca70ef-bf28-4256-b93b-6a2c907b2b36,2026-05-03T10:45:00Z,2026-05-03T12:45:00+0200,13697.0332,MW,FR,FR,forecast_solar_generation,Solar,2026-05-30T16:05:06Z
2026-05-30T16:04:09Z,2026-05-30T18:04:09+0200,f5ca70ef-bf28-4256-b93b-6a2c907b2b36,2026-05-03T11:00:00Z,2026-05-03T13:00:00+0200,11051.69922,MW,FR,FR,forecast_solar_generation,Solar,2026-05-30T16:05:06Z
2026-05-30T16:04:09Z,2026-05-30T18:04:09+0200,f5ca70ef-bf28-4256-b93b-6a2c907b2b36,2026-05-03T11:15:00Z,2026-05-03T13:15:00+0200,11277.17578,MW,FR,FR,forecast_solar_generation,Solar,2026-05-30T16:05:06Z
2026-05-30T16:04:09Z,2026-05-30T18:04:09+0200,f5ca70ef-bf28-4256-b93b-6a2c907b2b36,2026-05-03T11:30:00Z,2026-05-03T13:30:00+0200,11272.26074,MW,FR,FR,forecast_solar_generation,Solar,2026-05-30T16:05:06Z
2026-05-30T16:04:09Z,2026-05-30T18:04:09+0200,f5ca70ef-bf28-4256-b93b-6a2c907b2b36,2026-05-03T11:45:00Z,2026-05-03T13:45:00+0200,11307.38477,MW,FR,FR,forecast_solar_generation,Solar,2026-05-30T16:05:06Z
2026-05-30T16:04:09Z,2026-05-30T18:04:09+0200,f5ca70ef-bf28-4256-b93b-6a2c907b2b36,2026-05-03T12:00:00Z,2026-05-03T14:00:00+0200,11353.70996,MW,FR,FR,forecast_solar_generation,Solar,2026-05-30T16:05:06Z
2026-05-30T16:04:09Z,2026-05-30T18:04:09+0200,f5ca70ef-bf28-4256-b93b-6a2c907b2b36,2026-05-03T12:15:00Z,2026-05-03T14:15:00+0200,11495.99414,MW,FR,FR,forecast_solar_generation,Solar,2026-05-30T16:05:06Z
2026-05-30T16:04:09Z,2026-05-30T18:04:09+0200,f5ca70ef-bf28-4256-b93b-6a2c907b2b36,2026-05-03T12:30:00Z,2026-05-03T14:30:00+0200,11624.16309,MW,FR,FR,forecast_solar_generation,Solar,2026-05-30T16:05:06Z
2026-05-30T16:04:09Z,2026-05-30T18:04:09+0200,f5ca70ef-bf28-4256-b93b-6a2c907b2b36,2026-05-03T12:45:00Z,2026-05-03T14:45:00+0200,11399.14648,MW,FR,FR,forecast_solar_generation,Solar,2026-05-30T16:05:06Z
2026-05-30T16:04:09Z,2026-05-30T18:04:09+0200,f5ca70ef-bf28-4256-b93b-6a2c907b2b36,2026-05-03T13:00:00Z,2026-05-03T15:00:00+0200,11124.96875,MW,FR,FR,forecast_solar_generation,Solar,2026-05-30T16:05:06Z
2026-05-30T16:04:09Z,2026-05-30T18:04:09+0200,f5ca70ef-bf28-4256-b93b-6a2c907b2b36,2026-05-03T13:15:00Z,2026-05-03T15:15:00+0200,10917.63965,MW,FR,FR,forecast_solar_generation,Solar,2026-05-30T16:05:06Z
2026-05-30T16:04:09Z,2026-05-30T18:04:09+0200,f5ca70ef-bf28-4256-b93b-6a2c907b2b36,2026-05-03T13:30:00Z,2026-05-03T15:30:00+0200,10712.66016,MW,FR,FR,forecast_solar_generation,Solar,2026-05-30T16:05:06Z
2026-05-30T16:04:09Z,2026-05-30T18:04:09+0200,f5ca70ef-bf28-4256-b93b-6a2c907b2b36,2026-05-03T13:45:00Z,2026-05-03T15:45:00+0200,10315.52148,MW,FR,FR,forecast_solar_generation,Solar,2026-05-30T16:05:06Z
2026-05-30T16:04:09Z,2026-05-30T18:04:09+0200,f5ca70ef-bf28-4256-b93b-6a2c907b2b36,2026-05-03T14:00:00Z,2026-05-03T16:00:00+0200,9890.84277,MW,FR,FR,forecast_solar_generation,Solar,2026-05-30T16:05:06Z
2026-05-30T16:04:09Z,2026-05-30T18:04:09+0200,f5ca70ef-bf28-4256-b93b-6a2c907b2b36,2026-05-03T14:15:00Z,2026-05-03T16:15:00+0200,9487.82031,MW,FR,FR,forecast_solar_generation,Solar,2026-05-30T16:05:06Z
2026-05-30T16:04:09Z,2026-05-30T18:04:09+0200,f5ca70ef-bf28-4256-b93b-6a2c907b2b36,2026-05-03T14:30:00Z,2026-05-03T16:30:00+0200,9045.94824,MW,FR,FR,forecast_solar_generation,Solar,2026-05-30T16:05:06Z
2026-05-30T16:04:09Z,2026-05-30T18:04:09+0200,f5ca70ef-bf28-4256-b93b-6a2c907b2b36,2026-05-03T14:45:00Z,2026-05-03T16:45:00+0200,10816.33203,MW,FR,FR,forecast_solar_generation,Solar,2026-05-30T16:05:06Z
2026-05-30T16:04:09Z,2026-05-30T18:04:09+0200,f5ca70ef-bf28-4256-b93b-6a2c907b2b36,2026-05-03T15:00:00Z,2026-05-03T17:00:00+0200,10172.99121,MW,FR,FR,forecast_solar_generation,Solar,2026-05-30T16:05:06Z
2026-05-30T16:04:09Z,2026-05-30T18:04:09+0200,f5ca70ef-bf28-4256-b93b-6a2c907b2b36,2026-05-03T15:15:00Z,2026-05-03T17:15:00+0200,9469.51855,MW,FR,FR,forecast_solar_generation,Solar,2026-05-30T16:05:06Z
2026-05-30T16:04:09Z,2026-05-30T18:04:09+0200,f5ca70ef-bf28-4256-b93b-6a2c907b2b36,2026-05-03T15:30:00Z,2026-05-03T17:30:00+0200,8779.45117,MW,FR,FR,forecast_solar_generation,Solar,2026-05-30T16:05:06Z
2026-05-30T16:04:09Z,2026-05-30T18:04:09+0200,f5ca70ef-bf28-4256-b93b-6a2c907b2b36,2026-05-03T15:45:00Z,2026-05-03T17:45:00+0200,8032.23242,MW,FR,FR,forecast_solar_generation,Solar,2026-05-30T16:05:06Z
2026-05-30T16:04:09Z,2026-05-30T18:04:09+0200,f5ca70ef-bf28-4256-b93b-6a2c907b2b36,2026-05-03T16:00:00Z,2026-05-03T18:00:00+0200,7302.41748,MW,FR,FR,forecast_solar_generation,Solar,2026-05-30T16:05:06Z
2026-05-30T16:04:09Z,2026-05-30T18:04:09+0200,f5ca70ef-bf28-4256-b93b-6a2c907b2b36,2026-05-03T16:15:00Z,2026-05-03T18:15:00+0200,6419.74854,MW,FR,FR,forecast_solar_generation,Solar,2026-05-30T16:05:06Z
2026-05-30T16:04:09Z,2026-05-30T18:04:09+0200,f5ca70ef-bf28-4256-b93b-6a2c907b2b36,2026-05-03T16:30:00Z,2026-05-03T18:30:00+0200,5705.64062,MW,FR,FR,forecast_solar_generation,Solar,2026-05-30T16:05:06Z
2026-05-30T16:04:09Z,2026-05-30T18:04:09+0200,f5ca70ef-bf28-4256-b93b-6a2c907b2b36,2026-05-03T16:45:00Z,2026-05-03T18:45:00+0200,4997.96094,MW,FR,FR,forecast_solar_generation,Solar,2026-05-30T16:05:06Z
2026-05-30T16:04:09Z,2026-05-30T18:04:09+0200,f5ca70ef-bf28-4256-b93b-6a2c907b2b36,2026-05-03T17:00:00Z,2026-05-03T19:00:00+0200,4068.49927,MW,FR,FR,forecast_solar_generation,Solar,2026-05-30T16:05:06Z
2026-05-30T16:04:09Z,2026-05-30T18:04:09+0200,f5ca70ef-bf28-4256-b93b-6a2c907b2b36,2026-05-03T17:15:00Z,2026-05-03T19:15:00+0200,3411.76392,MW,FR,FR,forecast_solar_generation,Solar,2026-05-30T16:05:06Z
2026-05-30T16:04:09Z,2026-05-30T18:04:09+0200,f5ca70ef-bf28-4256-b93b-6a2c907b2b36,2026-05-03T17:30:00Z,2026-05-03T19:30:00+0200,2627.58154,MW,FR,FR,forecast_solar_generation,Solar,2026-05-30T16:05:06Z
2026-05-30T16:04:09Z,2026-05-30T18:04:09+0200,f5ca70ef-bf28-4256-b93b-6a2c907b2b36,2026-05-03T17:45:00Z,2026-05-03T19:45:00+0200,2094.77417,MW,FR,FR,forecast_solar_generation,Solar,2026-05-30T16:05:06Z
2026-05-30T16:04:09Z,2026-05-30T18:04:09+0200,f5ca70ef-bf28-4256-b93b-6a2c907b2b36,2026-05-03T18:00:00Z,2026-05-03T20:00:00+0200,1482.90686,MW,FR,FR,forecast_solar_generation,Solar,2026-05-30T16:05:06Z
2026-05-30T16:04:09Z,2026-05-30T18:04:09+0200,f5ca70ef-bf28-4256-b93b-6a2c907b2b36,2026-05-03T18:15:00Z,2026-05-03T20:15:00+0200,971.27173,MW,FR,FR,forecast_solar_generation,Solar,2026-05-30T16:05:06Z
2026-05-30T16:04:09Z,2026-05-30T18:04:09+0200,f5ca70ef-bf28-4256-b93b-6a2c907b2b36,2026-05-03T18:30:00Z,2026-05-03T20:30:00+0200,582.24731,MW,FR,FR,forecast_solar_generation,Solar,2026-05-30T16:05:06Z
2026-05-30T16:04:09Z,2026-05-30T18:04:09+0200,f5ca70ef-bf28-4256-b93b-6a2c907b2b36,2026-05-03T18:45:00Z,2026-05-03T20:45:00+0200,374.85104,MW,FR,FR,forecast_solar_generation,Solar,2026-05-30T16:05:06Z
2026-05-30T16:04:09Z,2026-05-30T18:04:09+0200,f5ca70ef-bf28-4256-b93b-6a2c907b2b36,2026-05-03T19:00:00Z,2026-05-03T21:00:00+0200,174.20387,MW,FR,FR,forecast_solar_generation,Solar,2026-05-30T16:05:06Z
2026-05-30T16:04:09Z,2026-05-30T18:04:09+0200,f5ca70ef-bf28-4256-b93b-6a2c907b2b36,2026-05-03T19:15:00Z,2026-05-03T21:15:00+0200,24.83996,MW,FR,FR,forecast_solar_generation,Solar,2026-05-30T16:05:06Z
2026-05-30T16:04:09Z,2026-05-30T18:04:09+0200,f5ca70ef-bf28-4256-b93b-6a2c907b2b36,2026-05-03T19:30:00Z,2026-05-03T21:30:00+0200,0.64199,MW,FR,FR,forecast_solar_generation,Solar,2026-05-30T16:05:06Z
2026-05-30T16:04:09Z,2026-05-30T18:04:09+0200,f5ca70ef-bf28-4256-b93b-6a2c907b2b36,2026-05-03T19:45:00Z,2026-05-03T21:45:00+0200,0.0,MW,FR,FR,forecast_solar_generation,Solar,2026-05-30T16:05:06Z
2026-05-30T16:04:09Z,2026-05-30T18:04:09+0200,f5ca70ef-bf28-4256-b93b-6a2c907b2b36,2026-05-03T20:00:00Z,2026-05-03T22:00:00+0200,0.0,MW,FR,FR,forecast_solar_generation,Solar,2026-05-30T16:05:06Z
2026-05-30T16:04:09Z,2026-05-30T18:04:09+0200,f5ca70ef-bf28-4256-b93b-6a2c907b2b36,2026-05-03T20:15:00Z,2026-05-03T22:15:00+0200,0.0,MW,FR,FR,forecast_solar_generation,Solar,2026-05-30T16:05:06Z
2026-05-30T16:04:09Z,2026-05-30T18:04:09+0200,f5ca70ef-bf28-4256-b93b-6a2c907b2b36,2026-05-03T20:30:00Z,2026-05-03T22:30:00+0200,0.0,MW,FR,FR,forecast_solar_generation,Solar,2026-05-30T16:05:06Z
2026-05-30T16:04:09Z,2026-05-30T18:04:09+0200,f5ca70ef-bf28-4256-b93b-6a2c907b2b36,2026-05-03T20:45:00Z,2026-05-03T22:45:00+0200,0.0,MW,FR,FR,forecast_solar_generation,Solar,2026-05-30T16:05:06Z
2026-05-30T16:04:09Z,2026-05-30T18:04:09+0200,f5ca70ef-bf28-4256-b93b-6a2c907b2b36,2026-05-03T21:00:00Z,2026-05-03T23:00:00+0200,0.0,MW,FR,FR,forecast_solar_generation,Solar,2026-05-30T16:05:06Z
2026-05-30T16:04:09Z,2026-05-30T18:04:09+0200,f5ca70ef-bf28-4256-b93b-6a2c907b2b36,2026-05-03T21:15:00Z,2026-05-03T23:15:00+0200,0.0,MW,FR,FR,forecast_solar_generation,Solar,2026-05-30T16:05:06Z
2026-05-30T16:04:09Z,2026-05-30T18:04:09+0200,f5ca70ef-bf28-4256-b93b-6a2c907b2b36,2026-05-03T21:30:00Z,2026-05-03T23:30:00+0200,0.0,MW,FR,FR,forecast_solar_generation,Solar,2026-05-30T16:05:06Z
2026-05-30T16:04:09Z,2026-05-30T18:04:09+0200,f5ca70ef-bf28-4256-b93b-6a2c907b2b36,2026-05-03T21:45:00Z,2026-05-03T23:45:00+0200,0.0,MW,FR,FR,forecast_solar_generation,Solar,2026-05-30T16:05:06Z
2026-05-30T16:04:09Z,2026-05-30T18:04:09+0200,f5ca70ef-bf28-4256-b93b-6a2c907b2b36,2026-05-03T22:00:00Z,2026-05-04T00:00:00+0200,0.0,MW,FR,FR,forecast_solar_generation,Solar,2026-05-30T16:05:06Z
2026-05-30T16:04:09Z,2026-05-30T18:04:09+0200,f5ca70ef-bf28-4256-b93b-6a2c907b2b36,2026-05-03T22:15:00Z,2026-05-04T00:15:00+0200,0.0,MW,FR,FR,forecast_solar_generation,Solar,2026-05-30T16:05:06Z
2026-05-30T16:04:09Z,2026-05-30T18:04:09+0200,f5ca70ef-bf28-4256-b93b-6a2c907b2b36,2026-05-03T22:30:00Z,2026-05-04T00:30:00+0200,0.0,MW,FR,FR,forecast_solar_generation,Solar,2026-05-30T16:05:06Z
2026-05-30T16:04:09Z,2026-05-30T18:04:09+0200,f5ca70ef-bf28-4256-b93b-6a2c907b2b36,2026-05-03T22:45:00Z,2026-05-04T00:45:00+0200,0.0,MW,FR,FR,forecast_solar_generation,Solar,2026-05-30T16:05:06Z
2026-05-30T16:04:09Z,2026-05-30T18:04:09+0200,f5ca70ef-bf28-4256-b93b-6a2c907b2b36,2026-05-03T23:00:00Z,2026-05-04T01:00:00+0200,0.0,MW,FR,FR,forecast_solar_generation,Solar,2026-05-30T16:05:06Z
2026-05-30T16:04:09Z,2026-05-30T18:04:09+0200,f5ca70ef-bf28-4256-b93b-6a2c907b2b36,2026-05-03T23:15:00Z,2026-05-04T01:15:00+0200,0.0,MW,FR,FR,forecast_solar_generation,Solar,2026-05-30T16:05:06Z
2026-05-30T16:04:09Z,2026-05-30T18:04:09+0200,f5ca70ef-bf28-4256-b93b-6a2c907b2b36,2026-05-03T23:30:00Z,2026-05-04T01:30:00+0200,0.0,MW,FR,FR,forecast_solar_generation,Solar,2026-05-30T16:05:06Z
2026-05-30T16:04:09Z,2026-05-30T18:04:09+0200,f5ca70ef-bf28-4256-b93b-6a2c907b2b36,2026-05-03T23:45:00Z,2026-05-04T01:45:00+0200,0.0,MW,FR,FR,forecast_solar_generation,Solar,2026-05-30T16:05:06Z
2026-05-30T16:04:09Z,2026-05-30T18:04:09+0200,f5ca70ef-bf28-4256-b93b-6a2c907b2b36,2026-05-04T00:00:00Z,2026-05-04T02:00:00+0200,0.0,MW,FR,FR,forecast_solar_generation,Solar,2026-05-30T16:05:06Z
2026-05-30T16:04:09Z,2026-05-30T18:04:09+0200,f5ca70ef-bf28-4256-b93b-6a2c907b2b36,2026-05-04T00:15:00Z,2026-05-04T02:15:00+0200,0.0,MW,FR,FR,forecast_solar_generation,Solar,2026-05-30T16:05:06Z
2026-05-30T16:04:09Z,2026-05-30T18:04:09+0200,f5ca70ef-bf28-4256-b93b-6a2c907b2b36,2026-05-04T00:30:00Z,2026-05-04T02:30:00+0200,0.0,MW,FR,FR,forecast_solar_generation,Solar,2026-05-30T16:05:06Z
2026-05-30T16:04:09Z,2026-05-30T18:04:09+0200,f5ca70ef-bf28-4256-b93b-6a2c907b2b36,2026-05-04T00:45:00Z,2026-05-04T02:45:00+0200,0.0,MW,FR,FR,forecast_solar_generation,Solar,2026-05-30T16:05:06Z
2026-05-30T16:04:09Z,2026-05-30T18:04:09+0200,f5ca70ef-bf28-4256-b93b-6a2c907b2b36,2026-05-04T01:00:00Z,2026-05-04T03:00:00+0200,0.0,MW,FR,FR,forecast_solar_generation,Solar,2026-05-30T16:05:06Z
2026-05-30T16:04:09Z,2026-05-30T18:04:09+0200,f5ca70ef-bf28-4256-b93b-6a2c907b2b36,2026-05-04T01:15:00Z,2026-05-04T03:15:00+0200,0.0,MW,FR,FR,forecast_solar_generation,Solar,2026-05-30T16:05:06Z
2026-05-30T16:04:09Z,2026-05-30T18:04:09+0200,f5ca70ef-bf28-4256-b93b-6a2c907b2b36,2026-05-04T01:30:00Z,2026-05-04T03:30:00+0200,0.0,MW,FR,FR,forecast_solar_generation,Solar,2026-05-30T16:05:06Z
2026-05-30T16:04:09Z,2026-05-30T18:04:09+0200,f5ca70ef-bf28-4256-b93b-6a2c907b2b36,2026-05-04T01:45:00Z,2026-05-04T03:45:00+0200,0.0,MW,FR,FR,forecast_solar_generation,Solar,2026-05-30T16:05:06Z
2026-05-30T16:04:09Z,2026-05-30T18:04:09+0200,f5ca70ef-bf28-4256-b93b-6a2c907b2b36,2026-05-04T02:00:00Z,2026-05-04T04:00:00+0200,0.0,MW,FR,FR,forecast_solar_generation,Solar,2026-05-30T16:05:06Z
2026-05-30T16:04:09Z,2026-05-30T18:04:09+0200,f5ca70ef-bf28-4256-b93b-6a2c907b2b36,2026-05-04T02:15:00Z,2026-05-04T04:15:00+0200,0.0,MW,FR,FR,forecast_solar_generation,Solar,2026-05-30T16:05:06Z
2026-05-30T16:04:09Z,2026-05-30T18:04:09+0200,f5ca70ef-bf28-4256-b93b-6a2c907b2b36,2026-05-04T02:30:00Z,2026-05-04T04:30:00+0200,0.0,MW,FR,FR,forecast_solar_generation,Solar,2026-05-30T16:05:06Z
2026-05-30T16:04:09Z,2026-05-30T18:04:09+0200,f5ca70ef-bf28-4256-b93b-6a2c907b2b36,2026-05-04T02:45:00Z,2026-05-04T04:45:00+0200,0.0,MW,FR,FR,forecast_solar_generation,Solar,2026-05-30T16:05:06Z
2026-05-30T16:04:09Z,2026-05-30T18:04:09+0200,f5ca70ef-bf28-4256-b93b-6a2c907b2b36,2026-05-04T03:00:00Z,2026-05-04T05:00:00+0200,0.0,MW,FR,FR,forecast_solar_generation,Solar,2026-05-30T16:05:06Z
2026-05-30T16:04:09Z,2026-05-30T18:04:09+0200,f5ca70ef-bf28-4256-b93b-6a2c907b2b36,2026-05-04T03:15:00Z,2026-05-04T05:15:00+0200,0.0,MW,FR,FR,forecast_solar_generation,Solar,2026-05-30T16:05:06Z
2026-05-30T16:04:09Z,2026-05-30T18:04:09+0200,f5ca70ef-bf28-4256-b93b-6a2c907b2b36,2026-05-04T03:30:00Z,2026-05-04T05:30:00+0200,0.0,MW,FR,FR,forecast_solar_generation,Solar,2026-05-30T16:05:06Z
2026-05-30T16:04:09Z,2026-05-30T18:04:09+0200,f5ca70ef-bf28-4256-b93b-6a2c907b2b36,2026-05-04T03:45:00Z,2026-05-04T05:45:00+0200,0.0,MW,FR,FR,forecast_solar_generation,Solar,2026-05-30T16:05:06Z
2026-05-30T16:04:09Z,2026-05-30T18:04:09+0200,f5ca70ef-bf28-4256-b93b-6a2c907b2b36,2026-05-04T04:00:00Z,2026-05-04T06:00:00+0200,0.0,MW,FR,FR,forecast_solar_generation,Solar,2026-05-30T16:05:06Z
2026-05-30T16:04:09Z,2026-05-30T18:04:09+0200,f5ca70ef-bf28-4256-b93b-6a2c907b2b36,2026-05-04T04:15:00Z,2026-05-04T06:15:00+0200,1.97189,MW,FR,FR,forecast_solar_generation,Solar,2026-05-30T16:05:06Z
2026-05-30T16:04:09Z,2026-05-30T18:04:09+0200,f5ca70ef-bf28-4256-b93b-6a2c907b2b36,2026-05-04T04:30:00Z,2026-05-04T06:30:00+0200,29.94827,MW,FR,FR,forecast_solar_generation,Solar,2026-05-30T16:05:06Z
2026-05-30T16:04:09Z,2026-05-30T18:04:09+0200,f5ca70ef-bf28-4256-b93b-6a2c907b2b36,2026-05-04T04:45:00Z,2026-05-04T06:45:00+0200,114.92494,MW,FR,FR,forecast_solar_generation,Solar,2026-05-30T16:05:06Z
2026-05-30T16:04:09Z,2026-05-30T18:04:09+0200,f5ca70ef-bf28-4256-b93b-6a2c907b2b36,2026-05-04T05:00:00Z,2026-05-04T07:00:00+0200,242.32655,MW,FR,FR,forecast_solar_generation,Solar,2026-05-30T16:05:06Z
2026-05-30T16:04:09Z,2026-05-30T18:04:09+0200,f5ca70ef-bf28-4256-b93b-6a2c907b2b36,2026-05-04T05:15:00Z,2026-05-04T07:15:00+0200,385.14966,MW,FR,FR,forecast_solar_generation,Solar,2026-05-30T16:05:06Z
2026-05-30T16:04:09Z,2026-05-30T18:04:09+0200,f5ca70ef-bf28-4256-b93b-6a2c907b2b36,2026-05-04T05:30:00Z,2026-05-04T07:30:00+0200,603.12872,MW,FR,FR,forecast_solar_generation,Solar,2026-05-30T16:05:06Z
2026-05-30T16:04:09Z,2026-05-30T18:04:09+0200,f5ca70ef-bf28-4256-b93b-6a2c907b2b36,2026-05-04T05:45:00Z,2026-05-04T07:45:00+0200,941.91132,MW,FR,FR,forecast_solar_generation,Solar,2026-05-30T16:05:06Z
2026-05-30T16:04:09Z,2026-05-30T18:04:09+0200,f5ca70ef-bf28-4256-b93b-6a2c907b2b36,2026-05-04T06:00:00Z,2026-05-04T08:00:00+0200,1264.93054,MW,FR,FR,forecast_solar_generation,Solar,2026-05-30T16:05:06Z
2026-05-30T16:04:09Z,2026-05-30T18:04:09+0200,f5ca70ef-bf28-4256-b93b-6a2c907b2b36,2026-05-04T06:15:00Z,2026-05-04T08:15:00+0200,1741.91333,MW,FR,FR,forecast_solar_generation,Solar,2026-05-30T16:05:06Z
2026-05-30T16:04:09Z,2026-05-30T18:04:09+0200,f5ca70ef-bf28-4256-b93b-6a2c907b2b36,2026-05-04T06:30:00Z,2026-05-04T08:30:00+0200,2123.18872,MW,FR,FR,forecast_solar_generation,Solar,2026-05-30T16:05:06Z
2026-05-30T16:04:09Z,2026-05-30T18:04:09+0200,f5ca70ef-bf28-4256-b93b-6a2c907b2b36,2026-05-04T06:45:00Z,2026-05-04T08:45:00+0200,2661.57812,MW,FR,FR,forecast_solar_generation,Solar,2026-05-30T16:05:06Z
2026-05-30T16:04:09Z,2026-05-30T18:04:09+0200,f5ca70ef-bf28-4256-b93b-6a2c907b2b36,2026-05-04T07:00:00Z,2026-05-04T09:00:00+0200,3093.95825,MW,FR,FR,forecast_solar_generation,Solar,2026-05-30T16:05:06Z
2026-05-30T16:04:09Z,2026-05-30T18:04:09+0200,f5ca70ef-bf28-4256-b93b-6a2c907b2b36,2026-05-04T07:15:00Z,2026-05-04T09:15:00+0200,3735.91309,MW,FR,FR,forecast_solar_generation,Solar,2026-05-30T16:05:06Z
2026-05-30T16:04:09Z,2026-05-30T18:04:09+0200,f5ca70ef-bf28-4256-b93b-6a2c907b2b36,2026-05-04T07:30:00Z,2026-05-04T09:30:00+0200,4225.77246,MW,FR,FR,forecast_solar_generation,Solar,2026-05-30T16:05:06Z
2026-05-30T16:04:09Z,2026-05-30T18:04:09+0200,f5ca70ef-bf28-4256-b93b-6a2c907b2b36,2026-05-04T07:45:00Z,2026-05-04T09:45:00+0200,4759.24463,MW,FR,FR,forecast_solar_generation,Solar,2026-05-30T16:05:06Z
2026-05-30T16:04:09Z,2026-05-30T18:04:09+0200,f5ca70ef-bf28-4256-b93b-6a2c907b2b36,2026-05-04T08:00:00Z,2026-05-04T10:00:00+0200,5281.04443,MW,FR,FR,forecast_solar_generation,Solar,2026-05-30T16:05:06Z
2026-05-30T16:04:09Z,2026-05-30T18:04:09+0200,f5ca70ef-bf28-4256-b93b-6a2c907b2b36,2026-05-04T08:15:00Z,2026-05-04T10:15:00+0200,6116.48584,MW,FR,FR,forecast_solar_generation,Solar,2026-05-30T16:05:06Z
2026-05-30T16:04:09Z,2026-05-30T18:04:09+0200,f5ca70ef-bf28-4256-b93b-6a2c907b2b36,2026-05-04T08:30:00Z,2026-05-04T10:30:00+0200,6721.72266,MW,FR,FR,forecast_solar_generation,Solar,2026-05-30T16:05:06Z
2026-05-30T16:04:09Z,2026-05-30T18:04:09+0200,f5ca70ef-bf28-4256-b93b-6a2c907b2b36,2026-05-04T08:45:00Z,2026-05-04T10:45:00+0200,7273.85498,MW,FR,FR,forecast_solar_generation,Solar,2026-05-30T16:05:06Z
2026-05-30T16:04:09Z,2026-05-30T18:04:09+0200,f5ca70ef-bf28-4256-b93b-6a2c907b2b36,2026-05-04T09:00:00Z,2026-05-04T11:00:00+0200,7844.76807,MW,FR,FR,forecast_solar_generation,Solar,2026-05-30T16:05:06Z
2026-05-30T16:04:09Z,2026-05-30T18:04:09+0200,f5ca70ef-bf28-4256-b93b-6a2c907b2b36,2026-05-04T09:15:00Z,2026-05-04T11:15:00+0200,8445.14648,MW,FR,FR,forecast_solar_generation,Solar,2026-05-30T16:05:06Z
2026-05-30T16:04:09Z,2026-05-30T18:04:09+0200,f5ca70ef-bf28-4256-b93b-6a2c907b2b36,2026-05-04T09:30:00Z,2026-05-04T11:30:00+0200,8982.62598,MW,FR,FR,forecast_solar_generation,Solar,2026-05-30T16:05:06Z
2026-05-30T16:04:09Z,2026-05-30T18:04:09+0200,f5ca70ef-bf28-4256-b93b-6a2c907b2b36,2026-05-04T09:45:00Z,2026-05-04T11:45:00+0200,9351.39258,MW,FR,FR,forecast_solar_generation,Solar,2026-05-30T16:05:06Z
2026-05-30T16:04:09Z,2026-05-30T18:04:09+0200,f5ca70ef-bf28-4256-b93b-6a2c907b2b36,2026-05-04T10:00:00Z,2026-05-04T12:00:00+0200,9773.77148,MW,FR,FR,forecast_solar_generation,Solar,2026-05-30T16:05:06Z
2026-05-30T16:04:09Z,2026-05-30T18:04:09+0200,f5ca70ef-bf28-4256-b93b-6a2c907b2b36,2026-05-04T10:15:00Z,2026-05-04T12:15:00+0200,10069.99902,MW,FR,FR,forecast_solar_generation,Solar,2026-05-30T16:05:06Z
2026-05-30T16:04:09Z,2026-05-30T18:04:09+0200,f5ca70ef-bf28-4256-b93b-6a2c907b2b36,2026-05-04T10:30:00Z,2026-05-04T12:30:00+0200,10459.49316,MW,FR,FR,forecast_solar_generation,Solar,2026-05-30T16:05:06Z
2026-05-30T16:04:09Z,2026-05-30T18:04:09+0200,f5ca70ef-bf28-4256-b93b-6a2c907b2b36,2026-05-04T10:45:00Z,2026-05-04T12:45:00+0200,10569.91699,MW,FR,FR,forecast_solar_generation,Solar,2026-05-30T16:05:06Z
2026-05-30T16:04:09Z,2026-05-30T18:04:09+0200,f5ca70ef-bf28-4256-b93b-6a2c907b2b36,2026-05-04T11:00:00Z,2026-05-04T13:00:00+0200,10765.80273,MW,FR,FR,forecast_solar_generation,Solar,2026-05-30T16:05:06Z
2026-05-30T16:04:09Z,2026-05-30T18:04:09+0200,f5ca70ef-bf28-4256-b93b-6a2c907b2b36,2026-05-04T11:15:00Z,2026-05-04T13:15:00+0200,10968.52148,MW,FR,FR,forecast_solar_generation,Solar,2026-05-30T16:05:06Z
2026-05-30T16:04:09Z,2026-05-30T18:04:09+0200,f5ca70ef-bf28-4256-b93b-6a2c907b2b36,2026-05-04T11:30:00Z,2026-05-04T13:30:00+0200,11118.0127,MW,FR,FR,forecast_solar_generation,Solar,2026-05-30T16:05:06Z
2026-05-30T16:04:09Z,2026-05-30T18:04:09+0200,f5ca70ef-bf28-4256-b93b-6a2c907b2b36,2026-05-04T11:45:00Z,2026-05-04T13:45:00+0200,11130.06641,MW,FR,FR,forecast_solar_generation,Solar,2026-05-30T16:05:06Z
2026-05-30T16:04:09Z,2026-05-30T18:04:09+0200,f5ca70ef-bf28-4256-b93b-6a2c907b2b36,2026-05-04T12:00:00Z,2026-05-04T14:00:00+0200,11160.79004,MW,FR,FR,forecast_solar_generation,Solar,2026-05-30T16:05:06Z
2026-05-30T16:04:09Z,2026-05-30T18:04:09+0200,f5ca70ef-bf28-4256-b93b-6a2c907b2b36,2026-05-04T12:15:00Z,2026-05-04T14:15:00+0200,11208.8584,MW,FR,FR,forecast_solar_generation,Solar,2026-05-30T16:05:06Z
2026-05-30T16:04:09Z,2026-05-30T18:04:09+0200,f5ca70ef-bf28-4256-b93b-6a2c907b2b36,2026-05-04T12:30:00Z,2026-05-04T14:30:00+0200,11127.51367,MW,FR,FR,forecast_solar_generation,Solar,2026-05-30T16:05:06Z
2026-05-30T16:04:09Z,2026-05-30T18:04:09+0200,f5ca70ef-bf28-4256-b93b-6a2c907b2b36,2026-05-04T12:45:00Z,2026-05-04T14:45:00+0200,10921.51758,MW,FR,FR,forecast_solar_generation,Solar,2026-05-30T16:05:06Z
2026-05-30T16:04:09Z,2026-05-30T18:04:09+0200,f5ca70ef-bf28-4256-b93b-6a2c907b2b36,2026-05-04T13:00:00Z,2026-05-04T15:00:00+0200,10649.18848,MW,FR,FR,forecast_solar_generation,Solar,2026-05-30T16:05:06Z
2026-05-30T16:04:09Z,2026-05-30T18:04:09+0200,f5ca70ef-bf28-4256-b93b-6a2c907b2b36,2026-05-04T13:15:00Z,2026-05-04T15:15:00+0200,10514.05957,MW,FR,FR,forecast_solar_generation,Solar,2026-05-30T16:05:06Z
2026-05-30T16:04:09Z,2026-05-30T18:04:09+0200,f5ca70ef-bf28-4256-b93b-6a2c907b2b36,2026-05-04T13:30:00Z,2026-05-04T15:30:00+0200,10303.20215,MW,FR,FR,forecast_solar_generation,Solar,2026-05-30T16:05:06Z
2026-05-30T16:04:09Z,2026-05-30T18:04:09+0200,f5ca70ef-bf28-4256-b93b-6a2c907b2b36,2026-05-04T13:45:00Z,2026-05-04T15:45:00+0200,10136.55176,MW,FR,FR,forecast_solar_generation,Solar,2026-05-30T16:05:06Z
2026-05-30T16:04:09Z,2026-05-30T18:04:09+0200,f5ca70ef-bf28-4256-b93b-6a2c907b2b36,2026-05-04T14:00:00Z,2026-05-04T16:00:00+0200,9884.41016,MW,FR,FR,forecast_solar_generation,Solar,2026-05-30T16:05:06Z
2026-05-30T16:04:09Z,2026-05-30T18:04:09+0200,f5ca70ef-bf28-4256-b93b-6a2c907b2b36,2026-05-04T14:15:00Z,2026-05-04T16:15:00+0200,9667.87891,MW,FR,FR,forecast_solar_generation,Solar,2026-05-30T16:05:06Z
2026-05-30T16:04:09Z,2026-05-30T18:04:09+0200,f5ca70ef-bf28-4256-b93b-6a2c907b2b36,2026-05-04T14:30:00Z,2026-05-04T16:30:00+0200,9381.97949,MW,FR,FR,forecast_solar_generation,Solar,2026-05-30T16:05:06Z
2026-05-30T16:04:09Z,2026-05-30T18:04:09+0200,f5ca70ef-bf28-4256-b93b-6a2c907b2b36,2026-05-04T14:45:00Z,2026-05-04T16:45:00+0200,8900.59863,MW,FR,FR,forecast_solar_generation,Solar,2026-05-30T16:05:06Z
2026-05-30T16:04:09Z,2026-05-30T18:04:09+0200,f5ca70ef-bf28-4256-b93b-6a2c907b2b36,2026-05-04T15:00:00Z,2026-05-04T17:00:00+0200,8406.67383,MW,FR,FR,forecast_solar_generation,Solar,2026-05-30T16:05:06Z
2026-05-30T16:04:09Z,2026-05-30T18:04:09+0200,f5ca70ef-bf28-4256-b93b-6a2c907b2b36,2026-05-04T15:15:00Z,2026-05-04T17:15:00+0200,7858.79053,MW,FR,FR,forecast_solar_generation,Solar,2026-05-30T16:05:06Z
2026-05-30T16:04:09Z,2026-05-30T18:04:09+0200,f5ca70ef-bf28-4256-b93b-6a2c907b2b36,2026-05-04T15:30:00Z,2026-05-04T17:30:00+0200,7324.04688,MW,FR,FR,forecast_solar_generation,Solar,2026-05-30T16:05:06Z
2026-05-30T16:04:09Z,2026-05-30T18:04:09+0200,f5ca70ef-bf28-4256-b93b-6a2c907b2b36,2026-05-04T15:45:00Z,2026-05-04T17:45:00+0200,6630.60742,MW,FR,FR,forecast_solar_generation,Solar,2026-05-30T16:05:06Z
2026-05-30T16:04:09Z,2026-05-30T18:04:09+0200,f5ca70ef-bf28-4256-b93b-6a2c907b2b36,2026-05-04T16:00:00Z,2026-05-04T18:00:00+0200,5984.63672,MW,FR,FR,forecast_solar_generation,Solar,2026-05-30T16:05:06Z
2026-05-30T16:04:09Z,2026-05-30T18:04:09+0200,f5ca70ef-bf28-4256-b93b-6a2c907b2b36,2026-05-04T16:15:00Z,2026-05-04T18:15:00+0200,5219.17236,MW,FR,FR,forecast_solar_generation,Solar,2026-05-30T16:05:06Z
2026-05-30T16:04:09Z,2026-05-30T18:04:09+0200,f5ca70ef-bf28-4256-b93b-6a2c907b2b36,2026-05-04T16:30:00Z,2026-05-04T18:30:00+0200,4653.84668,MW,FR,FR,forecast_solar_generation,Solar,2026-05-30T16:05:06Z
2026-05-30T16:04:09Z,2026-05-30T18:04:09+0200,f5ca70ef-bf28-4256-b93b-6a2c907b2b36,2026-05-04T16:45:00Z,2026-05-04T18:45:00+0200,4051.96191,MW,FR,FR,forecast_solar_generation,Solar,2026-05-30T16:05:06Z
2026-05-30T16:04:09Z,2026-05-30T18:04:09+0200,f5ca70ef-bf28-4256-b93b-6a2c907b2b36,2026-05-04T17:00:00Z,2026-05-04T19:00:00+0200,3239.19653,MW,FR,FR,forecast_solar_generation,Solar,2026-05-30T16:05:06Z
2026-05-30T16:04:09Z,2026-05-30T18:04:09+0200,f5ca70ef-bf28-4256-b93b-6a2c907b2b36,2026-05-04T17:15:00Z,2026-05-04T19:15:00+0200,2703.95166,MW,FR,FR,forecast_solar_generation,Solar,2026-05-30T16:05:06Z
2026-05-30T16:04:09Z,2026-05-30T18:04:09+0200,f5ca70ef-bf28-4256-b93b-6a2c907b2b36,2026-05-04T17:30:00Z,2026-05-04T19:30:00+0200,2092.05811,MW,FR,FR,forecast_solar_generation,Solar,2026-05-30T16:05:06Z
2026-05-30T16:04:09Z,2026-05-30T18:04:09+0200,f5ca70ef-bf28-4256-b93b-6a2c907b2b36,2026-05-04T17:45:00Z,2026-05-04T19:45:00+0200,1673.9502,MW,FR,FR,forecast_solar_generation,Solar,2026-05-30T16:05:06Z
2026-05-30T16:04:09Z,2026-05-30T18:04:09+0200,f5ca70ef-bf28-4256-b93b-6a2c907b2b36,2026-05-04T18:00:00Z,2026-05-04T20:00:00+0200,1208.22424,MW,FR,FR,forecast_solar_generation,Solar,2026-05-30T16:05:06Z
2026-05-30T16:04:09Z,2026-05-30T18:04:09+0200,f5ca70ef-bf28-4256-b93b-6a2c907b2b36,2026-05-04T18:15:00Z,2026-05-04T20:15:00+0200,822.63385,MW,FR,FR,forecast_solar_generation,Solar,2026-05-30T16:05:06Z
2026-05-30T16:04:09Z,2026-05-30T18:04:09+0200,f5ca70ef-bf28-4256-b93b-6a2c907b2b36,2026-05-04T18:30:00Z,2026-05-04T20:30:00+0200,517.59424,MW,FR,FR,forecast_solar_generation,Solar,2026-05-30T16:05:06Z
2026-05-30T16:04:09Z,2026-05-30T18:04:09+0200,f5ca70ef-bf28-4256-b93b-6a2c907b2b36,2026-05-04T18:45:00Z,2026-05-04T20:45:00+0200,331.93274,MW,FR,FR,forecast_solar_generation,Solar,2026-05-30T16:05:06Z
2026-05-30T16:04:09Z,2026-05-30T18:04:09+0200,f5ca70ef-bf28-4256-b93b-6a2c907b2b36,2026-05-04T19:00:00Z,2026-05-04T21:00:00+0200,153.32195,MW,FR,FR,forecast_solar_generation,Solar,2026-05-30T16:05:06Z
2026-05-30T16:04:09Z,2026-05-30T18:04:09+0200,f5ca70ef-bf28-4256-b93b-6a2c907b2b36,2026-05-04T19:15:00Z,2026-05-04T21:15:00+0200,20.58009,MW,FR,FR,forecast_solar_generation,Solar,2026-05-30T16:05:06Z
2026-05-30T16:04:09Z,2026-05-30T18:04:09+0200,f5ca70ef-bf28-4256-b93b-6a2c907b2b36,2026-05-04T19:30:00Z,2026-05-04T21:30:00+0200,0.89094,MW,FR,FR,forecast_solar_generation,Solar,2026-05-30T16:05:06Z
2026-05-30T16:04:09Z,2026-05-30T18:04:09+0200,f5ca70ef-bf28-4256-b93b-6a2c907b2b36,2026-05-04T19:45:00Z,2026-05-04T21:45:00+0200,0.0,MW,FR,FR,forecast_solar_generation,Solar,2026-05-30T16:05:06Z
2026-05-30T16:04:09Z,2026-05-30T18:04:09+0200,f5ca70ef-bf28-4256-b93b-6a2c907b2b36,2026-05-04T20:00:00Z,2026-05-04T22:00:00+0200,0.0,MW,FR,FR,forecast_solar_generation,Solar,2026-05-30T16:05:06Z
2026-05-30T16:04:09Z,2026-05-30T18:04:09+0200,f5ca70ef-bf28-4256-b93b-6a2c907b2b36,2026-05-04T20:15:00Z,2026-05-04T22:15:00+0200,0.0,MW,FR,FR,forecast_solar_generation,Solar,2026-05-30T16:05:06Z
2026-05-30T16:04:09Z,2026-05-30T18:04:09+0200,f5ca70ef-bf28-4256-b93b-6a2c907b2b36,2026-05-04T20:30:00Z,2026-05-04T22:30:00+0200,0.0,MW,FR,FR,forecast_solar_generation,Solar,2026-05-30T16:05:06Z
2026-05-30T16:04:09Z,2026-05-30T18:04:09+0200,f5ca70ef-bf28-4256-b93b-6a2c907b2b36,2026-05-04T20:45:00Z,2026-05-04T22:45:00+0200,0.0,MW,FR,FR,forecast_solar_generation,Solar,2026-05-30T16:05:06Z
2026-05-30T16:04:09Z,2026-05-30T18:04:09+0200,f5ca70ef-bf28-4256-b93b-6a2c907b2b36,2026-05-04T21:00:00Z,2026-05-04T23:00:00+0200,0.0,MW,FR,FR,forecast_solar_generation,Solar,2026-05-30T16:05:06Z
2026-05-30T16:04:09Z,2026-05-30T18:04:09+0200,f5ca70ef-bf28-4256-b93b-6a2c907b2b36,2026-05-04T21:15:00Z,2026-05-04T23:15:00+0200,0.0,MW,FR,FR,forecast_solar_generation,Solar,2026-05-30T16:05:06Z
2026-05-30T16:04:09Z,2026-05-30T18:04:09+0200,f5ca70ef-bf28-4256-b93b-6a2c907b2b36,2026-05-04T21:30:00Z,2026-05-04T23:30:00+0200,0.0,MW,FR,FR,forecast_solar_generation,Solar,2026-05-30T16:05:06Z
2026-05-30T16:04:09Z,2026-05-30T18:04:09+0200,f5ca70ef-bf28-4256-b93b-6a2c907b2b36,2026-05-04T21:45:00Z,2026-05-04T23:45:00+0200,0.0,MW,FR,FR,forecast_solar_generation,Solar,2026-05-30T16:05:06Z
2026-05-30T16:04:09Z,2026-05-30T18:04:09+0200,f5ca70ef-bf28-4256-b93b-6a2c907b2b36,2026-05-04T22:00:00Z,2026-05-05T00:00:00+0200,0.0,MW,FR,FR,forecast_solar_generation,Solar,2026-05-30T16:05:06Z
2026-05-30T16:04:09Z,2026-05-30T18:04:09+0200,f5ca70ef-bf28-4256-b93b-6a2c907b2b36,2026-05-04T22:15:00Z,2026-05-05T00:15:00+0200,0.0,MW,FR,FR,forecast_solar_generation,Solar,2026-05-30T16:05:06Z
2026-05-30T16:04:09Z,2026-05-30T18:04:09+0200,f5ca70ef-bf28-4256-b93b-6a2c907b2b36,2026-05-04T22:30:00Z,2026-05-05T00:30:00+0200,0.0,MW,FR,FR,forecast_solar_generation,Solar,2026-05-30T16:05:06Z
2026-05-30T16:04:09Z,2026-05-30T18:04:09+0200,f5ca70ef-bf28-4256-b93b-6a2c907b2b36,2026-05-04T22:45:00Z,2026-05-05T00:45:00+0200,0.0,MW,FR,FR,forecast_solar_generation,Solar,2026-05-30T16:05:06Z
2026-05-30T16:04:09Z,2026-05-30T18:04:09+0200,f5ca70ef-bf28-4256-b93b-6a2c907b2b36,2026-05-04T23:00:00Z,2026-05-05T01:00:00+0200,0.0,MW,FR,FR,forecast_solar_generation,Solar,2026-05-30T16:05:06Z
2026-05-30T16:04:09Z,2026-05-30T18:04:09+0200,f5ca70ef-bf28-4256-b93b-6a2c907b2b36,2026-05-04T23:15:00Z,2026-05-05T01:15:00+0200,0.0,MW,FR,FR,forecast_solar_generation,Solar,2026-05-30T16:05:06Z
2026-05-30T16:04:09Z,2026-05-30T18:04:09+0200,f5ca70ef-bf28-4256-b93b-6a2c907b2b36,2026-05-04T23:30:00Z,2026-05-05T01:30:00+0200,0.0,MW,FR,FR,forecast_solar_generation,Solar,2026-05-30T16:05:06Z
2026-05-30T16:04:09Z,2026-05-30T18:04:09+0200,f5ca70ef-bf28-4256-b93b-6a2c907b2b36,2026-05-04T23:45:00Z,2026-05-05T01:45:00+0200,0.0,MW,FR,FR,forecast_solar_generation,Solar,2026-05-30T16:05:06Z
2026-05-30T16:04:09Z,2026-05-30T18:04:09+0200,f5ca70ef-bf28-4256-b93b-6a2c907b2b36,2026-05-05T00:00:00Z,2026-05-05T02:00:00+0200,0.0,MW,FR,FR,forecast_solar_generation,Solar,2026-05-30T16:05:06Z
2026-05-30T16:04:09Z,2026-05-30T18:04:09+0200,f5ca70ef-bf28-4256-b93b-6a2c907b2b36,2026-05-05T00:15:00Z,2026-05-05T02:15:00+0200,0.0,MW,FR,FR,forecast_solar_generation,Solar,2026-05-30T16:05:06Z
2026-05-30T16:04:09Z,2026-05-30T18:04:09+0200,f5ca70ef-bf28-4256-b93b-6a2c907b2b36,2026-05-05T00:30:00Z,2026-05-05T02:30:00+0200,0.0,MW,FR,FR,forecast_solar_generation,Solar,2026-05-30T16:05:06Z
2026-05-30T16:04:09Z,2026-05-30T18:04:09+0200,f5ca70ef-bf28-4256-b93b-6a2c907b2b36,2026-05-05T00:45:00Z,2026-05-05T02:45:00+0200,0.0,MW,FR,FR,forecast_solar_generation,Solar,2026-05-30T16:05:06Z
2026-05-30T16:04:09Z,2026-05-30T18:04:09+0200,f5ca70ef-bf28-4256-b93b-6a2c907b2b36,2026-05-05T01:00:00Z,2026-05-05T03:00:00+0200,0.0,MW,FR,FR,forecast_solar_generation,Solar,2026-05-30T16:05:06Z
2026-05-30T16:04:09Z,2026-05-30T18:04:09+0200,f5ca70ef-bf28-4256-b93b-6a2c907b2b36,2026-05-05T01:15:00Z,2026-05-05T03:15:00+0200,0.0,MW,FR,FR,forecast_solar_generation,Solar,2026-05-30T16:05:06Z
2026-05-30T16:04:09Z,2026-05-30T18:04:09+0200,f5ca70ef-bf28-4256-b93b-6a2c907b2b36,2026-05-05T01:30:00Z,2026-05-05T03:30:00+0200,0.0,MW,FR,FR,forecast_solar_generation,Solar,2026-05-30T16:05:06Z
2026-05-30T16:04:09Z,2026-05-30T18:04:09+0200,f5ca70ef-bf28-4256-b93b-6a2c907b2b36,2026-05-05T01:45:00Z,2026-05-05T03:45:00+0200,0.0,MW,FR,FR,forecast_solar_generation,Solar,2026-05-30T16:05:06Z
2026-05-30T16:04:09Z,2026-05-30T18:04:09+0200,f5ca70ef-bf28-4256-b93b-6a2c907b2b36,2026-05-05T02:00:00Z,2026-05-05T04:00:00+0200,0.0,MW,FR,FR,forecast_solar_generation,Solar,2026-05-30T16:05:06Z
2026-05-30T16:04:09Z,2026-05-30T18:04:09+0200,f5ca70ef-bf28-4256-b93b-6a2c907b2b36,2026-05-05T02:15:00Z,2026-05-05T04:15:00+0200,0.0,MW,FR,FR,forecast_solar_generation,Solar,2026-05-30T16:05:06Z
2026-05-30T16:04:09Z,2026-05-30T18:04:09+0200,f5ca70ef-bf28-4256-b93b-6a2c907b2b36,2026-05-05T02:30:00Z,2026-05-05T04:30:00+0200,0.0,MW,FR,FR,forecast_solar_generation,Solar,2026-05-30T16:05:06Z
2026-05-30T16:04:09Z,2026-05-30T18:04:09+0200,f5ca70ef-bf28-4256-b93b-6a2c907b2b36,2026-05-05T02:45:00Z,2026-05-05T04:45:00+0200,0.0,MW,FR,FR,forecast_solar_generation,Solar,2026-05-30T16:05:06Z
2026-05-30T16:04:09Z,2026-05-30T18:04:09+0200,f5ca70ef-bf28-4256-b93b-6a2c907b2b36,2026-05-05T03:00:00Z,2026-05-05T05:00:00+0200,0.0,MW,FR,FR,forecast_solar_generation,Solar,2026-05-30T16:05:06Z
2026-05-30T16:04:09Z,2026-05-30T18:04:09+0200,f5ca70ef-bf28-4256-b93b-6a2c907b2b36,2026-05-05T03:15:00Z,2026-05-05T05:15:00+0200,0.0,MW,FR,FR,forecast_solar_generation,Solar,2026-05-30T16:05:06Z
2026-05-30T16:04:09Z,2026-05-30T18:04:09+0200,f5ca70ef-bf28-4256-b93b-6a2c907b2b36,2026-05-05T03:30:00Z,2026-05-05T05:30:00+0200,0.0,MW,FR,FR,forecast_solar_generation,Solar,2026-05-30T16:05:06Z
2026-05-30T16:04:09Z,2026-05-30T18:04:09+0200,f5ca70ef-bf28-4256-b93b-6a2c907b2b36,2026-05-05T03:45:00Z,2026-05-05T05:45:00+0200,0.0,MW,FR,FR,forecast_solar_generation,Solar,2026-05-30T16:05:06Z
2026-05-30T16:04:09Z,2026-05-30T18:04:09+0200,f5ca70ef-bf28-4256-b93b-6a2c907b2b36,2026-05-05T04:00:00Z,2026-05-05T06:00:00+0200,0.0,MW,FR,FR,forecast_solar_generation,Solar,2026-05-30T16:05:06Z
2026-05-30T16:04:09Z,2026-05-30T18:04:09+0200,f5ca70ef-bf28-4256-b93b-6a2c907b2b36,2026-05-05T04:15:00Z,2026-05-05T06:15:00+0200,2.67365,MW,FR,FR,forecast_solar_generation,Solar,2026-05-30T16:05:06Z
2026-05-30T16:04:09Z,2026-05-30T18:04:09+0200,f5ca70ef-bf28-4256-b93b-6a2c907b2b36,2026-05-05T04:30:00Z,2026-05-05T06:30:00+0200,32.50043,MW,FR,FR,forecast_solar_generation,Solar,2026-05-30T16:05:06Z
2026-05-30T16:04:09Z,2026-05-30T18:04:09+0200,f5ca70ef-bf28-4256-b93b-6a2c907b2b36,2026-05-05T04:45:00Z,2026-05-05T06:45:00+0200,115.29373,MW,FR,FR,forecast_solar_generation,Solar,2026-05-30T16:05:06Z
2026-05-30T16:04:09Z,2026-05-30T18:04:09+0200,f5ca70ef-bf28-4256-b93b-6a2c907b2b36,2026-05-05T05:00:00Z,2026-05-05T07:00:00+0200,250.43884,MW,FR,FR,forecast_solar_generation,Solar,2026-05-30T16:05:06Z
2026-05-30T16:04:09Z,2026-05-30T18:04:09+0200,f5ca70ef-bf28-4256-b93b-6a2c907b2b36,2026-05-05T05:15:00Z,2026-05-05T07:15:00+0200,415.78366,MW,FR,FR,forecast_solar_generation,Solar,2026-05-30T16:05:06Z
2026-05-30T16:04:09Z,2026-05-30T18:04:09+0200,f5ca70ef-bf28-4256-b93b-6a2c907b2b36,2026-05-05T05:30:00Z,2026-05-05T07:30:00+0200,657.46149,MW,FR,FR,forecast_solar_generation,Solar,2026-05-30T16:05:06Z
2026-05-30T16:04:09Z,2026-05-30T18:04:09+0200,f5ca70ef-bf28-4256-b93b-6a2c907b2b36,2026-05-05T05:45:00Z,2026-05-05T07:45:00+0200,1067.09131,MW,FR,FR,forecast_solar_generation,Solar,2026-05-30T16:05:06Z
2026-05-30T16:04:09Z,2026-05-30T18:04:09+0200,f5ca70ef-bf28-4256-b93b-6a2c907b2b36,2026-05-05T06:00:00Z,2026-05-05T08:00:00+0200,1464.38745,MW,FR,FR,forecast_solar_generation,Solar,2026-05-30T16:05:06Z
2026-05-30T16:04:09Z,2026-05-30T18:04:09+0200,f5ca70ef-bf28-4256-b93b-6a2c907b2b36,2026-05-05T06:15:00Z,2026-05-05T08:15:00+0200,2044.33435,MW,FR,FR,forecast_solar_generation,Solar,2026-05-30T16:05:06Z
2026-05-30T16:04:09Z,2026-05-30T18:04:09+0200,f5ca70ef-bf28-4256-b93b-6a2c907b2b36,2026-05-05T06:30:00Z,2026-05-05T08:30:00+0200,2503.43823,MW,FR,FR,forecast_solar_generation,Solar,2026-05-30T16:05:06Z
2026-05-30T16:04:09Z,2026-05-30T18:04:09+0200,f5ca70ef-bf28-4256-b93b-6a2c907b2b36,2026-05-05T06:45:00Z,2026-05-05T08:45:00+0200,3184.47876,MW,FR,FR,forecast_solar_generation,Solar,2026-05-30T16:05:06Z
2026-05-30T16:04:09Z,2026-05-30T18:04:09+0200,f5ca70ef-bf28-4256-b93b-6a2c907b2b36,2026-05-05T07:00:00Z,2026-05-05T09:00:00+0200,3700.62109,MW,FR,FR,forecast_solar_generation,Solar,2026-05-30T16:05:06Z
2026-05-30T16:04:09Z,2026-05-30T18:04:09+0200,f5ca70ef-bf28-4256-b93b-6a2c907b2b36,2026-05-05T07:15:00Z,2026-05-05T09:15:00+0200,4483.37646,MW,FR,FR,forecast_solar_generation,Solar,2026-05-30T16:05:06Z
2026-05-30T16:04:09Z,2026-05-30T18:04:09+0200,f5ca70ef-bf28-4256-b93b-6a2c907b2b36,2026-05-05T07:30:00Z,2026-05-05T09:30:00+0200,5064.44678,MW,FR,FR,forecast_solar_generation,Solar,2026-05-30T16:05:06Z
2026-05-30T16:04:09Z,2026-05-30T18:04:09+0200,f5ca70ef-bf28-4256-b93b-6a2c907b2b36,2026-05-05T07:45:00Z,2026-05-05T09:45:00+0200,5672.92334,MW,FR,FR,forecast_solar_generation,Solar,2026-05-30T16:05:06Z
2026-05-30T16:04:09Z,2026-05-30T18:04:09+0200,f5ca70ef-bf28-4256-b93b-6a2c907b2b36,2026-05-05T08:00:00Z,2026-05-05T10:00:00+0200,6239.73535,MW,FR,FR,forecast_solar_generation,Solar,2026-05-30T16:05:06Z
2026-05-30T16:04:09Z,2026-05-30T18:04:09+0200,f5ca70ef-bf28-4256-b93b-6a2c907b2b36,2026-05-05T08:15:00Z,2026-05-05T10:15:00+0200,7139.58252,MW,FR,FR,forecast_solar_generation,Solar,2026-05-30T16:05:06Z
2026-05-30T16:04:09Z,2026-05-30T18:04:09+0200,f5ca70ef-bf28-4256-b93b-6a2c907b2b36,2026-05-05T08:30:00Z,2026-05-05T10:30:00+0200,7787.62402,MW,FR,FR,forecast_solar_generation,Solar,2026-05-30T16:05:06Z
2026-05-30T16:04:09Z,2026-05-30T18:04:09+0200,f5ca70ef-bf28-4256-b93b-6a2c907b2b36,2026-05-05T08:45:00Z,2026-05-05T10:45:00+0200,8391.56152,MW,FR,FR,forecast_solar_generation,Solar,2026-05-30T16:05:06Z
2026-05-30T16:04:09Z,2026-05-30T18:04:09+0200,f5ca70ef-bf28-4256-b93b-6a2c907b2b36,2026-05-05T09:00:00Z,2026-05-05T11:00:00+0200,8915.78711,MW,FR,FR,forecast_solar_generation,Solar,2026-05-30T16:05:06Z
2026-05-30T16:04:09Z,2026-05-30T18:04:09+0200,f5ca70ef-bf28-4256-b93b-6a2c907b2b36,2026-05-05T09:15:00Z,2026-05-05T11:15:00+0200,9610.15039,MW,FR,FR,forecast_solar_generation,Solar,2026-05-30T16:05:06Z
2026-05-30T16:04:09Z,2026-05-30T18:04:09+0200,f5ca70ef-bf28-4256-b93b-6a2c907b2b36,2026-05-05T09:30:00Z,2026-05-05T11:30:00+0200,10202.37598,MW,FR,FR,forecast_solar_generation,Solar,2026-05-30T16:05:06Z
2026-05-30T16:04:09Z,2026-05-30T18:04:09+0200,f5ca70ef-bf28-4256-b93b-6a2c907b2b36,2026-05-05T09:45:00Z,2026-05-05T11:45:00+0200,10637.97852,MW,FR,FR,forecast_solar_generation,Solar,2026-05-30T16:05:06Z
2026-05-30T16:04:09Z,2026-05-30T18:04:09+0200,f5ca70ef-bf28-4256-b93b-6a2c907b2b36,2026-05-05T10:00:00Z,2026-05-05T12:00:00+0200,11089.58691,MW,FR,FR,forecast_solar_generation,Solar,2026-05-30T16:05:06Z
2026-05-30T16:04:09Z,2026-05-30T18:04:09+0200,f5ca70ef-bf28-4256-b93b-6a2c907b2b36,2026-05-05T10:15:00Z,2026-05-05T12:15:00+0200,11535.27637,MW,FR,FR,forecast_solar_generation,Solar,2026-05-30T16:05:06Z
2026-05-30T16:04:09Z,2026-05-30T18:04:09+0200,f5ca70ef-bf28-4256-b93b-6a2c907b2b36,2026-05-05T10:30:00Z,2026-05-05T12:30:00+0200,11986.22754,MW,FR,FR,forecast_solar_generation,Solar,2026-05-30T16:05:06Z
2026-05-30T16:04:09Z,2026-05-30T18:04:09+0200,f5ca70ef-bf28-4256-b93b-6a2c907b2b36,2026-05-05T10:45:00Z,2026-05-05T12:45:00+0200,12134.60742,MW,FR,FR,forecast_solar_generation,Solar,2026-05-30T16:05:06Z
2026-05-30T16:04:09Z,2026-05-30T18:04:09+0200,f5ca70ef-bf28-4256-b93b-6a2c907b2b36,2026-05-05T11:00:00Z,2026-05-05T13:00:00+0200,12391.01172,MW,FR,FR,forecast_solar_generation,Solar,2026-05-30T16:05:06Z
2026-05-30T16:04:09Z,2026-05-30T18:04:09+0200,f5ca70ef-bf28-4256-b93b-6a2c907b2b36,2026-05-05T11:15:00Z,2026-05-05T13:15:00+0200,12581.8457,MW,FR,FR,forecast_solar_generation,Solar,2026-05-30T16:05:06Z
2026-05-30T16:04:09Z,2026-05-30T18:04:09+0200,f5ca70ef-bf28-4256-b93b-6a2c907b2b36,2026-05-05T11:30:00Z,2026-05-05T13:30:00+0200,12757.39844,MW,FR,FR,forecast_solar_generation,Solar,2026-05-30T16:05:06Z
2026-05-30T16:04:09Z,2026-05-30T18:04:09+0200,f5ca70ef-bf28-4256-b93b-6a2c907b2b36,2026-05-05T11:45:00Z,2026-05-05T13:45:00+0200,12765.6123,MW,FR,FR,forecast_solar_generation,Solar,2026-05-30T16:05:06Z
2026-05-30T16:04:09Z,2026-05-30T18:04:09+0200,f5ca70ef-bf28-4256-b93b-6a2c907b2b36,2026-05-05T12:00:00Z,2026-05-05T14:00:00+0200,12729.68652,MW,FR,FR,forecast_solar_generation,Solar,2026-05-30T16:05:06Z
2026-05-30T16:04:09Z,2026-05-30T18:04:09+0200,f5ca70ef-bf28-4256-b93b-6a2c907b2b36,2026-05-05T12:15:00Z,2026-05-05T14:15:00+0200,12818.13672,MW,FR,FR,forecast_solar_generation,Solar,2026-05-30T16:05:06Z
2026-05-30T16:04:09Z,2026-05-30T18:04:09+0200,f5ca70ef-bf28-4256-b93b-6a2c907b2b36,2026-05-05T12:30:00Z,2026-05-05T14:30:00+0200,12755.39941,MW,FR,FR,forecast_solar_generation,Solar,2026-05-30T16:05:06Z
2026-05-30T16:04:09Z,2026-05-30T18:04:09+0200,f5ca70ef-bf28-4256-b93b-6a2c907b2b36,2026-05-05T12:45:00Z,2026-05-05T14:45:00+0200,12623.96484,MW,FR,FR,forecast_solar_generation,Solar,2026-05-30T16:05:06Z
2026-05-30T16:04:09Z,2026-05-30T18:04:09+0200,f5ca70ef-bf28-4256-b93b-6a2c907b2b36,2026-05-05T13:00:00Z,2026-05-05T15:00:00+0200,12424.28809,MW,FR,FR,forecast_solar_generation,Solar,2026-05-30T16:05:06Z
2026-05-30T16:04:09Z,2026-05-30T18:04:09+0200,f5ca70ef-bf28-4256-b93b-6a2c907b2b36,2026-05-05T13:15:00Z,2026-05-05T15:15:00+0200,12315.93848,MW,FR,FR,forecast_solar_generation,Solar,2026-05-30T16:05:06Z
2026-05-30T16:04:09Z,2026-05-30T18:04:09+0200,f5ca70ef-bf28-4256-b93b-6a2c907b2b36,2026-05-05T13:30:00Z,2026-05-05T15:30:00+0200,12167.67773,MW,FR,FR,forecast_solar_generation,Solar,2026-05-30T16:05:06Z
2026-05-30T16:04:09Z,2026-05-30T18:04:09+0200,f5ca70ef-bf28-4256-b93b-6a2c907b2b36,2026-05-05T13:45:00Z,2026-05-05T15:45:00+0200,11857.41504,MW,FR,FR,forecast_solar_generation,Solar,2026-05-30T16:05:06Z
2026-05-30T16:04:09Z,2026-05-30T18:04:09+0200,f5ca70ef-bf28-4256-b93b-6a2c907b2b36,2026-05-05T14:00:00Z,2026-05-05T16:00:00+0200,11537.45703,MW,FR,FR,forecast_solar_generation,Solar,2026-05-30T16:05:06Z
2026-05-30T16:04:09Z,2026-05-30T18:04:09+0200,f5ca70ef-bf28-4256-b93b-6a2c907b2b36,2026-05-05T14:15:00Z,2026-05-05T16:15:00+0200,11259.38379,MW,FR,FR,forecast_solar_generation,Solar,2026-05-30T16:05:06Z
2026-05-30T16:04:09Z,2026-05-30T18:04:09+0200,f5ca70ef-bf28-4256-b93b-6a2c907b2b36,2026-05-05T14:30:00Z,2026-05-05T16:30:00+0200,10969.4502,MW,FR,FR,forecast_solar_generation,Solar,2026-05-30T16:05:06Z
2026-05-30T16:04:09Z,2026-05-30T18:04:09+0200,f5ca70ef-bf28-4256-b93b-6a2c907b2b36,2026-05-05T14:45:00Z,2026-05-05T16:45:00+0200,10468.68164,MW,FR,FR,forecast_solar_generation,Solar,2026-05-30T16:05:06Z
2026-05-30T16:04:09Z,2026-05-30T18:04:09+0200,f5ca70ef-bf28-4256-b93b-6a2c907b2b36,2026-05-05T15:00:00Z,2026-05-05T17:00:00+0200,9955.25781,MW,FR,FR,forecast_solar_generation,Solar,2026-05-30T16:05:06Z
2026-05-30T16:04:09Z,2026-05-30T18:04:09+0200,f5ca70ef-bf28-4256-b93b-6a2c907b2b36,2026-05-05T15:15:00Z,2026-05-05T17:15:00+0200,9349.26855,MW,FR,FR,forecast_solar_generation,Solar,2026-05-30T16:05:06Z
2026-05-30T16:04:09Z,2026-05-30T18:04:09+0200,f5ca70ef-bf28-4256-b93b-6a2c907b2b36,2026-05-05T15:30:00Z,2026-05-05T17:30:00+0200,8790.62891,MW,FR,FR,forecast_solar_generation,Solar,2026-05-30T16:05:06Z
2026-05-30T16:04:09Z,2026-05-30T18:04:09+0200,f5ca70ef-bf28-4256-b93b-6a2c907b2b36,2026-05-05T15:45:00Z,2026-05-05T17:45:00+0200,8052.38672,MW,FR,FR,forecast_solar_generation,Solar,2026-05-30T16:05:06Z
2026-05-30T16:04:09Z,2026-05-30T18:04:09+0200,f5ca70ef-bf28-4256-b93b-6a2c907b2b36,2026-05-05T16:00:00Z,2026-05-05T18:00:00+0200,7306.73877,MW,FR,FR,forecast_solar_generation,Solar,2026-05-30T16:05:06Z
2026-05-30T16:04:09Z,2026-05-30T18:04:09+0200,f5ca70ef-bf28-4256-b93b-6a2c907b2b36,2026-05-05T16:15:00Z,2026-05-05T18:15:00+0200,6399.89648,MW,FR,FR,forecast_solar_generation,Solar,2026-05-30T16:05:06Z
2026-05-30T16:04:09Z,2026-05-30T18:04:09+0200,f5ca70ef-bf28-4256-b93b-6a2c907b2b36,2026-05-05T16:30:00Z,2026-05-05T18:30:00+0200,5666.96973,MW,FR,FR,forecast_solar_generation,Solar,2026-05-30T16:05:06Z
2026-05-30T16:04:09Z,2026-05-30T18:04:09+0200,f5ca70ef-bf28-4256-b93b-6a2c907b2b36,2026-05-05T16:45:00Z,2026-05-05T18:45:00+0200,4978.69971,MW,FR,FR,forecast_solar_generation,Solar,2026-05-30T16:05:06Z
2026-05-30T16:04:09Z,2026-05-30T18:04:09+0200,f5ca70ef-bf28-4256-b93b-6a2c907b2b36,2026-05-05T17:00:00Z,2026-05-05T19:00:00+0200,4031.93799,MW,FR,FR,forecast_solar_generation,Solar,2026-05-30T16:05:06Z
2026-05-30T16:04:09Z,2026-05-30T18:04:09+0200,f5ca70ef-bf28-4256-b93b-6a2c907b2b36,2026-05-05T17:15:00Z,2026-05-05T19:15:00+0200,3371.71753,MW,FR,FR,forecast_solar_generation,Solar,2026-05-30T16:05:06Z
2026-05-30T16:04:09Z,2026-05-30T18:04:09+0200,f5ca70ef-bf28-4256-b93b-6a2c907b2b36,2026-05-05T17:30:00Z,2026-05-05T19:30:00+0200,2598.28198,MW,FR,FR,forecast_solar_generation,Solar,2026-05-30T16:05:06Z
2026-05-30T16:04:09Z,2026-05-30T18:04:09+0200,f5ca70ef-bf28-4256-b93b-6a2c907b2b36,2026-05-05T17:45:00Z,2026-05-05T19:45:00+0200,2071.17969,MW,FR,FR,forecast_solar_generation,Solar,2026-05-30T16:05:06Z
2026-05-30T16:04:09Z,2026-05-30T18:04:09+0200,f5ca70ef-bf28-4256-b93b-6a2c907b2b36,2026-05-05T18:00:00Z,2026-05-05T20:00:00+0200,1475.40869,MW,FR,FR,forecast_solar_generation,Solar,2026-05-30T16:05:06Z
2026-05-30T16:04:09Z,2026-05-30T18:04:09+0200,f5ca70ef-bf28-4256-b93b-6a2c907b2b36,2026-05-05T18:15:00Z,2026-05-05T20:15:00+0200,982.55023,MW,FR,FR,forecast_solar_generation,Solar,2026-05-30T16:05:06Z
2026-05-30T16:04:09Z,2026-05-30T18:04:09+0200,f5ca70ef-bf28-4256-b93b-6a2c907b2b36,2026-05-05T18:30:00Z,2026-05-05T20:30:00+0200,578.50336,MW,FR,FR,forecast_solar_generation,Solar,2026-05-30T16:05:06Z
2026-05-30T16:04:09Z,2026-05-30T18:04:09+0200,f5ca70ef-bf28-4256-b93b-6a2c907b2b36,2026-05-05T18:45:00Z,2026-05-05T20:45:00+0200,363.09262,MW,FR,FR,forecast_solar_generation,Solar,2026-05-30T16:05:06Z
2026-05-30T16:04:09Z,2026-05-30T18:04:09+0200,f5ca70ef-bf28-4256-b93b-6a2c907b2b36,2026-05-05T19:00:00Z,2026-05-05T21:00:00+0200,170.03404,MW,FR,FR,forecast_solar_generation,Solar,2026-05-30T16:05:06Z
2026-05-30T16:04:09Z,2026-05-30T18:04:09+0200,f5ca70ef-bf28-4256-b93b-6a2c907b2b36,2026-05-05T19:15:00Z,2026-05-05T21:15:00+0200,22.83785,MW,FR,FR,forecast_solar_generation,Solar,2026-05-30T16:05:06Z
2026-05-30T16:04:09Z,2026-05-30T18:04:09+0200,f5ca70ef-bf28-4256-b93b-6a2c907b2b36,2026-05-05T19:30:00Z,2026-05-05T21:30:00+0200,1.77894,MW,FR,FR,forecast_solar_generation,Solar,2026-05-30T16:05:06Z
2026-05-30T16:04:09Z,2026-05-30T18:04:09+0200,f5ca70ef-bf28-4256-b93b-6a2c907b2b36,2026-05-05T19:45:00Z,2026-05-05T21:45:00+0200,0.0,MW,FR,FR,forecast_solar_generation,Solar,2026-05-30T16:05:06Z
2026-05-30T16:04:09Z,2026-05-30T18:04:09+0200,f5ca70ef-bf28-4256-b93b-6a2c907b2b36,2026-05-05T20:00:00Z,2026-05-05T22:00:00+0200,0.0,MW,FR,FR,forecast_solar_generation,Solar,2026-05-30T16:05:06Z
2026-05-30T16:04:09Z,2026-05-30T18:04:09+0200,f5ca70ef-bf28-4256-b93b-6a2c907b2b36,2026-05-05T20:15:00Z,2026-05-05T22:15:00+0200,0.0,MW,FR,FR,forecast_solar_generation,Solar,2026-05-30T16:05:06Z
2026-05-30T16:04:09Z,2026-05-30T18:04:09+0200,f5ca70ef-bf28-4256-b93b-6a2c907b2b36,2026-05-05T20:30:00Z,2026-05-05T22:30:00+0200,0.0,MW,FR,FR,forecast_solar_generation,Solar,2026-05-30T16:05:06Z
2026-05-30T16:04:09Z,2026-05-30T18:04:09+0200,f5ca70ef-bf28-4256-b93b-6a2c907b2b36,2026-05-05T20:45:00Z,2026-05-05T22:45:00+0200,0.0,MW,FR,FR,forecast_solar_generation,Solar,2026-05-30T16:05:06Z
2026-05-30T16:04:09Z,2026-05-30T18:04:09+0200,f5ca70ef-bf28-4256-b93b-6a2c907b2b36,2026-05-05T21:00:00Z,2026-05-05T23:00:00+0200,0.0,MW,FR,FR,forecast_solar_generation,Solar,2026-05-30T16:05:06Z
2026-05-30T16:04:09Z,2026-05-30T18:04:09+0200,f5ca70ef-bf28-4256-b93b-6a2c907b2b36,2026-05-05T21:15:00Z,2026-05-05T23:15:00+0200,0.0,MW,FR,FR,forecast_solar_generation,Solar,2026-05-30T16:05:06Z
2026-05-30T16:04:09Z,2026-05-30T18:04:09+0200,f5ca70ef-bf28-4256-b93b-6a2c907b2b36,2026-05-05T21:30:00Z,2026-05-05T23:30:00+0200,0.0,MW,FR,FR,forecast_solar_generation,Solar,2026-05-30T16:05:06Z
2026-05-30T16:04:09Z,2026-05-30T18:04:09+0200,f5ca70ef-bf28-4256-b93b-6a2c907b2b36,2026-05-05T21:45:00Z,2026-05-05T23:45:00+0200,0.0,MW,FR,FR,forecast_solar_generation,Solar,2026-05-30T16:05:06Z
2026-05-30T16:04:09Z,2026-05-30T18:04:09+0200,f5ca70ef-bf28-4256-b93b-6a2c907b2b36,2026-05-05T22:00:00Z,2026-05-06T00:00:00+0200,0.0,MW,FR,FR,forecast_solar_generation,Solar,2026-05-30T16:05:06Z
2026-05-30T16:04:09Z,2026-05-30T18:04:09+0200,f5ca70ef-bf28-4256-b93b-6a2c907b2b36,2026-05-05T22:15:00Z,2026-05-06T00:15:00+0200,0.0,MW,FR,FR,forecast_solar_generation,Solar,2026-05-30T16:05:06Z
2026-05-30T16:04:09Z,2026-05-30T18:04:09+0200,f5ca70ef-bf28-4256-b93b-6a2c907b2b36,2026-05-05T22:30:00Z,2026-05-06T00:30:00+0200,0.0,MW,FR,FR,forecast_solar_generation,Solar,2026-05-30T16:05:06Z
2026-05-30T16:04:09Z,2026-05-30T18:04:09+0200,f5ca70ef-bf28-4256-b93b-6a2c907b2b36,2026-05-05T22:45:00Z,2026-05-06T00:45:00+0200,0.0,MW,FR,FR,forecast_solar_generation,Solar,2026-05-30T16:05:06Z
2026-05-30T16:04:09Z,2026-05-30T18:04:09+0200,f5ca70ef-bf28-4256-b93b-6a2c907b2b36,2026-05-05T23:00:00Z,2026-05-06T01:00:00+0200,0.0,MW,FR,FR,forecast_solar_generation,Solar,2026-05-30T16:05:06Z
2026-05-30T16:04:09Z,2026-05-30T18:04:09+0200,f5ca70ef-bf28-4256-b93b-6a2c907b2b36,2026-05-05T23:15:00Z,2026-05-06T01:15:00+0200,0.0,MW,FR,FR,forecast_solar_generation,Solar,2026-05-30T16:05:06Z
2026-05-30T16:04:09Z,2026-05-30T18:04:09+0200,f5ca70ef-bf28-4256-b93b-6a2c907b2b36,2026-05-05T23:30:00Z,2026-05-06T01:30:00+0200,0.0,MW,FR,FR,forecast_solar_generation,Solar,2026-05-30T16:05:06Z
2026-05-30T16:04:09Z,2026-05-30T18:04:09+0200,f5ca70ef-bf28-4256-b93b-6a2c907b2b36,2026-05-05T23:45:00Z,2026-05-06T01:45:00+0200,0.0,MW,FR,FR,forecast_solar_generation,Solar,2026-05-30T16:05:06Z
2026-05-30T16:04:09Z,2026-05-30T18:04:09+0200,f5ca70ef-bf28-4256-b93b-6a2c907b2b36,2026-05-06T00:00:00Z,2026-05-06T02:00:00+0200,0.0,MW,FR,FR,forecast_solar_generation,Solar,2026-05-30T16:05:06Z
2026-05-30T16:04:09Z,2026-05-30T18:04:09+0200,f5ca70ef-bf28-4256-b93b-6a2c907b2b36,2026-05-06T00:15:00Z,2026-05-06T02:15:00+0200,0.0,MW,FR,FR,forecast_solar_generation,Solar,2026-05-30T16:05:06Z
2026-05-30T16:04:09Z,2026-05-30T18:04:09+0200,f5ca70ef-bf28-4256-b93b-6a2c907b2b36,2026-05-06T00:30:00Z,2026-05-06T02:30:00+0200,0.0,MW,FR,FR,forecast_solar_generation,Solar,2026-05-30T16:05:06Z
2026-05-30T16:04:09Z,2026-05-30T18:04:09+0200,f5ca70ef-bf28-4256-b93b-6a2c907b2b36,2026-05-06T00:45:00Z,2026-05-06T02:45:00+0200,0.0,MW,FR,FR,forecast_solar_generation,Solar,2026-05-30T16:05:06Z
2026-05-30T16:04:09Z,2026-05-30T18:04:09+0200,f5ca70ef-bf28-4256-b93b-6a2c907b2b36,2026-05-06T01:00:00Z,2026-05-06T03:00:00+0200,0.0,MW,FR,FR,forecast_solar_generation,Solar,2026-05-30T16:05:06Z
2026-05-30T16:04:09Z,2026-05-30T18:04:09+0200,f5ca70ef-bf28-4256-b93b-6a2c907b2b36,2026-05-06T01:15:00Z,2026-05-06T03:15:00+0200,0.0,MW,FR,FR,forecast_solar_generation,Solar,2026-05-30T16:05:06Z
2026-05-30T16:04:09Z,2026-05-30T18:04:09+0200,f5ca70ef-bf28-4256-b93b-6a2c907b2b36,2026-05-06T01:30:00Z,2026-05-06T03:30:00+0200,0.0,MW,FR,FR,forecast_solar_generation,Solar,2026-05-30T16:05:06Z
2026-05-30T16:04:09Z,2026-05-30T18:04:09+0200,f5ca70ef-bf28-4256-b93b-6a2c907b2b36,2026-05-06T01:45:00Z,2026-05-06T03:45:00+0200,0.0,MW,FR,FR,forecast_solar_generation,Solar,2026-05-30T16:05:06Z
2026-05-30T16:04:09Z,2026-05-30T18:04:09+0200,f5ca70ef-bf28-4256-b93b-6a2c907b2b36,2026-05-06T02:00:00Z,2026-05-06T04:00:00+0200,0.0,MW,FR,FR,forecast_solar_generation,Solar,2026-05-30T16:05:06Z
2026-05-30T16:04:09Z,2026-05-30T18:04:09+0200,f5ca70ef-bf28-4256-b93b-6a2c907b2b36,2026-05-06T02:15:00Z,2026-05-06T04:15:00+0200,0.0,MW,FR,FR,forecast_solar_generation,Solar,2026-05-30T16:05:06Z
2026-05-30T16:04:09Z,2026-05-30T18:04:09+0200,f5ca70ef-bf28-4256-b93b-6a2c907b2b36,2026-05-06T02:30:00Z,2026-05-06T04:30:00+0200,0.0,MW,FR,FR,forecast_solar_generation,Solar,2026-05-30T16:05:06Z
2026-05-30T16:04:09Z,2026-05-30T18:04:09+0200,f5ca70ef-bf28-4256-b93b-6a2c907b2b36,2026-05-06T02:45:00Z,2026-05-06T04:45:00+0200,0.0,MW,FR,FR,forecast_solar_generation,Solar,2026-05-30T16:05:06Z
2026-05-30T16:04:09Z,2026-05-30T18:04:09+0200,f5ca70ef-bf28-4256-b93b-6a2c907b2b36,2026-05-06T03:00:00Z,2026-05-06T05:00:00+0200,0.0,MW,FR,FR,forecast_solar_generation,Solar,2026-05-30T16:05:06Z
2026-05-30T16:04:09Z,2026-05-30T18:04:09+0200,f5ca70ef-bf28-4256-b93b-6a2c907b2b36,2026-05-06T03:15:00Z,2026-05-06T05:15:00+0200,0.0,MW,FR,FR,forecast_solar_generation,Solar,2026-05-30T16:05:06Z
2026-05-30T16:04:09Z,2026-05-30T18:04:09+0200,f5ca70ef-bf28-4256-b93b-6a2c907b2b36,2026-05-06T03:30:00Z,2026-05-06T05:30:00+0200,0.0,MW,FR,FR,forecast_solar_generation,Solar,2026-05-30T16:05:06Z
2026-05-30T16:04:09Z,2026-05-30T18:04:09+0200,f5ca70ef-bf28-4256-b93b-6a2c907b2b36,2026-05-06T03:45:00Z,2026-05-06T05:45:00+0200,0.0,MW,FR,FR,forecast_solar_generation,Solar,2026-05-30T16:05:06Z
2026-05-30T16:04:09Z,2026-05-30T18:04:09+0200,f5ca70ef-bf28-4256-b93b-6a2c907b2b36,2026-05-06T04:00:00Z,2026-05-06T06:00:00+0200,0.0,MW,FR,FR,forecast_solar_generation,Solar,2026-05-30T16:05:06Z
2026-05-30T16:04:09Z,2026-05-30T18:04:09+0200,f5ca70ef-bf28-4256-b93b-6a2c907b2b36,2026-05-06T04:15:00Z,2026-05-06T06:15:00+0200,4.05442,MW,FR,FR,forecast_solar_generation,Solar,2026-05-30T16:05:06Z
2026-05-30T16:04:09Z,2026-05-30T18:04:09+0200,f5ca70ef-bf28-4256-b93b-6a2c907b2b36,2026-05-06T04:30:00Z,2026-05-06T06:30:00+0200,36.38111,MW,FR,FR,forecast_solar_generation,Solar,2026-05-30T16:05:06Z
2026-05-30T16:04:09Z,2026-05-30T18:04:09+0200,f5ca70ef-bf28-4256-b93b-6a2c907b2b36,2026-05-06T04:45:00Z,2026-05-06T06:45:00+0200,125.09403,MW,FR,FR,forecast_solar_generation,Solar,2026-05-30T16:05:06Z
2026-05-30T16:04:09Z,2026-05-30T18:04:09+0200,f5ca70ef-bf28-4256-b93b-6a2c907b2b36,2026-05-06T05:00:00Z,2026-05-06T07:00:00+0200,271.96051,MW,FR,FR,forecast_solar_generation,Solar,2026-05-30T16:05:06Z
2026-05-30T16:04:09Z,2026-05-30T18:04:09+0200,f5ca70ef-bf28-4256-b93b-6a2c907b2b36,2026-05-06T05:15:00Z,2026-05-06T07:15:00+0200,465.62766,MW,FR,FR,forecast_solar_generation,Solar,2026-05-30T16:05:06Z
2026-05-30T16:04:09Z,2026-05-30T18:04:09+0200,f5ca70ef-bf28-4256-b93b-6a2c907b2b36,2026-05-06T05:30:00Z,2026-05-06T07:30:00+0200,725.33173,MW,FR,FR,forecast_solar_generation,Solar,2026-05-30T16:05:06Z
2026-05-30T16:04:09Z,2026-05-30T18:04:09+0200,f5ca70ef-bf28-4256-b93b-6a2c907b2b36,2026-05-06T05:45:00Z,2026-05-06T07:45:00+0200,1141.21655,MW,FR,FR,forecast_solar_generation,Solar,2026-05-30T16:05:06Z
2026-05-30T16:04:09Z,2026-05-30T18:04:09+0200,f5ca70ef-bf28-4256-b93b-6a2c907b2b36,2026-05-06T06:00:00Z,2026-05-06T08:00:00+0200,1569.49109,MW,FR,FR,forecast_solar_generation,Solar,2026-05-30T16:05:06Z
2026-05-30T16:04:09Z,2026-05-30T18:04:09+0200,f5ca70ef-bf28-4256-b93b-6a2c907b2b36,2026-05-06T06:15:00Z,2026-05-06T08:15:00+0200,2108.77905,MW,FR,FR,forecast_solar_generation,Solar,2026-05-30T16:05:06Z
2026-05-30T16:04:09Z,2026-05-30T18:04:09+0200,f5ca70ef-bf28-4256-b93b-6a2c907b2b36,2026-05-06T06:30:00Z,2026-05-06T08:30:00+0200,2577.16284,MW,FR,FR,forecast_solar_generation,Solar,2026-05-30T16:05:06Z
2026-05-30T16:04:09Z,2026-05-30T18:04:09+0200,f5ca70ef-bf28-4256-b93b-6a2c907b2b36,2026-05-06T06:45:00Z,2026-05-06T08:45:00+0200,3246.40332,MW,FR,FR,forecast_solar_generation,Solar,2026-05-30T16:05:06Z
2026-05-30T16:04:09Z,2026-05-30T18:04:09+0200,f5ca70ef-bf28-4256-b93b-6a2c907b2b36,2026-05-06T07:00:00Z,2026-05-06T09:00:00+0200,3811.37085,MW,FR,FR,forecast_solar_generation,Solar,2026-05-30T16:05:06Z
2026-05-30T16:04:09Z,2026-05-30T18:04:09+0200,f5ca70ef-bf28-4256-b93b-6a2c907b2b36,2026-05-06T07:15:00Z,2026-05-06T09:15:00+0200,4572.40332,MW,FR,FR,forecast_solar_generation,Solar,2026-05-30T16:05:06Z
2026-05-30T16:04:09Z,2026-05-30T18:04:09+0200,f5ca70ef-bf28-4256-b93b-6a2c907b2b36,2026-05-06T07:30:00Z,2026-05-06T09:30:00+0200,5178.26709,MW,FR,FR,forecast_solar_generation,Solar,2026-05-30T16:05:06Z
2026-05-30T16:04:09Z,2026-05-30T18:04:09+0200,f5ca70ef-bf28-4256-b93b-6a2c907b2b36,2026-05-06T07:45:00Z,2026-05-06T09:45:00+0200,5821.52588,MW,FR,FR,forecast_solar_generation,Solar,2026-05-30T16:05:06Z
2026-05-30T16:04:09Z,2026-05-30T18:04:09+0200,f5ca70ef-bf28-4256-b93b-6a2c907b2b36,2026-05-06T08:00:00Z,2026-05-06T10:00:00+0200,6458.09326,MW,FR,FR,forecast_solar_generation,Solar,2026-05-30T16:05:06Z
2026-05-30T16:04:09Z,2026-05-30T18:04:09+0200,f5ca70ef-bf28-4256-b93b-6a2c907b2b36,2026-05-06T08:15:00Z,2026-05-06T10:15:00+0200,7381.59961,MW,FR,FR,forecast_solar_generation,Solar,2026-05-30T16:05:06Z
2026-05-30T16:04:09Z,2026-05-30T18:04:09+0200,f5ca70ef-bf28-4256-b93b-6a2c907b2b36,2026-05-06T08:30:00Z,2026-05-06T10:30:00+0200,8040.83789,MW,FR,FR,forecast_solar_generation,Solar,2026-05-30T16:05:06Z
2026-05-30T16:04:09Z,2026-05-30T18:04:09+0200,f5ca70ef-bf28-4256-b93b-6a2c907b2b36,2026-05-06T08:45:00Z,2026-05-06T10:45:00+0200,8632.81738,MW,FR,FR,forecast_solar_generation,Solar,2026-05-30T16:05:06Z
2026-05-30T16:04:09Z,2026-05-30T18:04:09+0200,f5ca70ef-bf28-4256-b93b-6a2c907b2b36,2026-05-06T09:00:00Z,2026-05-06T11:00:00+0200,9155.15527,MW,FR,FR,forecast_solar_generation,Solar,2026-05-30T16:05:06Z
2026-05-30T16:04:09Z,2026-05-30T18:04:09+0200,f5ca70ef-bf28-4256-b93b-6a2c907b2b36,2026-05-06T09:15:00Z,2026-05-06T11:15:00+0200,9800.89941,MW,FR,FR,forecast_solar_generation,Solar,2026-05-30T16:05:06Z
2026-05-30T16:04:09Z,2026-05-30T18:04:09+0200,f5ca70ef-bf28-4256-b93b-6a2c907b2b36,2026-05-06T09:30:00Z,2026-05-06T11:30:00+0200,10308.36816,MW,FR,FR,forecast_solar_generation,Solar,2026-05-30T16:05:06Z
2026-05-30T16:04:09Z,2026-05-30T18:04:09+0200,f5ca70ef-bf28-4256-b93b-6a2c907b2b36,2026-05-06T09:45:00Z,2026-05-06T11:45:00+0200,10777.94336,MW,FR,FR,forecast_solar_generation,Solar,2026-05-30T16:05:06Z
2026-05-30T16:04:09Z,2026-05-30T18:04:09+0200,f5ca70ef-bf28-4256-b93b-6a2c907b2b36,2026-05-06T10:00:00Z,2026-05-06T12:00:00+0200,11136.3584,MW,FR,FR,forecast_solar_generation,Solar,2026-05-30T16:05:06Z
2026-05-30T16:04:09Z,2026-05-30T18:04:09+0200,f5ca70ef-bf28-4256-b93b-6a2c907b2b36,2026-05-06T10:15:00Z,2026-05-06T12:15:00+0200,11523.7832,MW,FR,FR,forecast_solar_generation,Solar,2026-05-30T16:05:06Z
2026-05-30T16:04:09Z,2026-05-30T18:04:09+0200,f5ca70ef-bf28-4256-b93b-6a2c907b2b36,2026-05-06T10:30:00Z,2026-05-06T12:30:00+0200,11885.51172,MW,FR,FR,forecast_solar_generation,Solar,2026-05-30T16:05:06Z
2026-05-30T16:04:09Z,2026-05-30T18:04:09+0200,f5ca70ef-bf28-4256-b93b-6a2c907b2b36,2026-05-06T10:45:00Z,2026-05-06T12:45:00+0200,12317.64746,MW,FR,FR,forecast_solar_generation,Solar,2026-05-30T16:05:06Z
2026-05-30T16:04:09Z,2026-05-30T18:04:09+0200,f5ca70ef-bf28-4256-b93b-6a2c907b2b36,2026-05-06T11:00:00Z,2026-05-06T13:00:00+0200,12677.93066,MW,FR,FR,forecast_solar_generation,Solar,2026-05-30T16:05:06Z
2026-05-30T16:04:09Z,2026-05-30T18:04:09+0200,f5ca70ef-bf28-4256-b93b-6a2c907b2b36,2026-05-06T11:15:00Z,2026-05-06T13:15:00+0200,13020.63086,MW,FR,FR,forecast_solar_generation,Solar,2026-05-30T16:05:06Z
2026-05-30T16:04:09Z,2026-05-30T18:04:09+0200,f5ca70ef-bf28-4256-b93b-6a2c907b2b36,2026-05-06T11:30:00Z,2026-05-06T13:30:00+0200,13291.31152,MW,FR,FR,forecast_solar_generation,Solar,2026-05-30T16:05:06Z
2026-05-30T16:04:09Z,2026-05-30T18:04:09+0200,f5ca70ef-bf28-4256-b93b-6a2c907b2b36,2026-05-06T11:45:00Z,2026-05-06T13:45:00+0200,13340.46973,MW,FR,FR,forecast_solar_generation,Solar,2026-05-30T16:05:06Z
2026-05-30T16:04:09Z,2026-05-30T18:04:09+0200,f5ca70ef-bf28-4256-b93b-6a2c907b2b36,2026-05-06T12:00:00Z,2026-05-06T14:00:00+0200,13383.41992,MW,FR,FR,forecast_solar_generation,Solar,2026-05-30T16:05:06Z
2026-05-30T16:04:09Z,2026-05-30T18:04:09+0200,f5ca70ef-bf28-4256-b93b-6a2c907b2b36,2026-05-06T12:15:00Z,2026-05-06T14:15:00+0200,13422.14648,MW,FR,FR,forecast_solar_generation,Solar,2026-05-30T16:05:06Z
2026-05-30T16:04:09Z,2026-05-30T18:04:09+0200,f5ca70ef-bf28-4256-b93b-6a2c907b2b36,2026-05-06T12:30:00Z,2026-05-06T14:30:00+0200,13409.65527,MW,FR,FR,forecast_solar_generation,Solar,2026-05-30T16:05:06Z
2026-05-30T16:04:09Z,2026-05-30T18:04:09+0200,f5ca70ef-bf28-4256-b93b-6a2c907b2b36,2026-05-06T12:45:00Z,2026-05-06T14:45:00+0200,13276.48438,MW,FR,FR,forecast_solar_generation,Solar,2026-05-30T16:05:06Z
2026-05-30T16:04:09Z,2026-05-30T18:04:09+0200,f5ca70ef-bf28-4256-b93b-6a2c907b2b36,2026-05-06T13:00:00Z,2026-05-06T15:00:00+0200,13008.93457,MW,FR,FR,forecast_solar_generation,Solar,2026-05-30T16:05:06Z
2026-05-30T16:04:09Z,2026-05-30T18:04:09+0200,f5ca70ef-bf28-4256-b93b-6a2c907b2b36,2026-05-06T13:15:00Z,2026-05-06T15:15:00+0200,12814.68066,MW,FR,FR,forecast_solar_generation,Solar,2026-05-30T16:05:06Z
2026-05-30T16:04:09Z,2026-05-30T18:04:09+0200,f5ca70ef-bf28-4256-b93b-6a2c907b2b36,2026-05-06T13:30:00Z,2026-05-06T15:30:00+0200,12593.08008,MW,FR,FR,forecast_solar_generation,Solar,2026-05-30T16:05:06Z
2026-05-30T16:04:09Z,2026-05-30T18:04:09+0200,f5ca70ef-bf28-4256-b93b-6a2c907b2b36,2026-05-06T13:45:00Z,2026-05-06T15:45:00+0200,12287.57227,MW,FR,FR,forecast_solar_generation,Solar,2026-05-30T16:05:06Z
2026-05-30T16:04:09Z,2026-05-30T18:04:09+0200,f5ca70ef-bf28-4256-b93b-6a2c907b2b36,2026-05-06T14:00:00Z,2026-05-06T16:00:00+0200,11895.2207,MW,FR,FR,forecast_solar_generation,Solar,2026-05-30T16:05:06Z
2026-05-30T16:04:09Z,2026-05-30T18:04:09+0200,f5ca70ef-bf28-4256-b93b-6a2c907b2b36,2026-05-06T14:15:00Z,2026-05-06T16:15:00+0200,11552.44727,MW,FR,FR,forecast_solar_generation,Solar,2026-05-30T16:05:06Z
2026-05-30T16:04:09Z,2026-05-30T18:04:09+0200,f5ca70ef-bf28-4256-b93b-6a2c907b2b36,2026-05-06T14:30:00Z,2026-05-06T16:30:00+0200,11111.90137,MW,FR,FR,forecast_solar_generation,Solar,2026-05-30T16:05:06Z
2026-05-30T16:04:09Z,2026-05-30T18:04:09+0200,f5ca70ef-bf28-4256-b93b-6a2c907b2b36,2026-05-06T14:45:00Z,2026-05-06T16:45:00+0200,10608.56934,MW,FR,FR,forecast_solar_generation,Solar,2026-05-30T16:05:06Z
2026-05-30T16:04:09Z,2026-05-30T18:04:09+0200,f5ca70ef-bf28-4256-b93b-6a2c907b2b36,2026-05-06T15:00:00Z,2026-05-06T17:00:00+0200,10062.66602,MW,FR,FR,forecast_solar_generation,Solar,2026-05-30T16:05:06Z
2026-05-30T16:04:09Z,2026-05-30T18:04:09+0200,f5ca70ef-bf28-4256-b93b-6a2c907b2b36,2026-05-06T15:15:00Z,2026-05-06T17:15:00+0200,9406.14746,MW,FR,FR,forecast_solar_generation,Solar,2026-05-30T16:05:06Z
2026-05-30T16:04:09Z,2026-05-30T18:04:09+0200,f5ca70ef-bf28-4256-b93b-6a2c907b2b36,2026-05-06T15:30:00Z,2026-05-06T17:30:00+0200,8790.5293,MW,FR,FR,forecast_solar_generation,Solar,2026-05-30T16:05:06Z
2026-05-30T16:04:09Z,2026-05-30T18:04:09+0200,f5ca70ef-bf28-4256-b93b-6a2c907b2b36,2026-05-06T15:45:00Z,2026-05-06T17:45:00+0200,8064.74805,MW,FR,FR,forecast_solar_generation,Solar,2026-05-30T16:05:06Z
2026-05-30T16:04:09Z,2026-05-30T18:04:09+0200,f5ca70ef-bf28-4256-b93b-6a2c907b2b36,2026-05-06T16:00:00Z,2026-05-06T18:00:00+0200,7307.20068,MW,FR,FR,forecast_solar_generation,Solar,2026-05-30T16:05:06Z
2026-05-30T16:04:09Z,2026-05-30T18:04:09+0200,f5ca70ef-bf28-4256-b93b-6a2c907b2b36,2026-05-06T16:15:00Z,2026-05-06T18:15:00+0200,6468.52539,MW,FR,FR,forecast_solar_generation,Solar,2026-05-30T16:05:06Z
2026-05-30T16:04:09Z,2026-05-30T18:04:09+0200,f5ca70ef-bf28-4256-b93b-6a2c907b2b36,2026-05-06T16:30:00Z,2026-05-06T18:30:00+0200,5790.86719,MW,FR,FR,forecast_solar_generation,Solar,2026-05-30T16:05:06Z
2026-05-30T16:04:09Z,2026-05-30T18:04:09+0200,f5ca70ef-bf28-4256-b93b-6a2c907b2b36,2026-05-06T16:45:00Z,2026-05-06T18:45:00+0200,5138.60693,MW,FR,FR,forecast_solar_generation,Solar,2026-05-30T16:05:06Z
2026-05-30T16:04:09Z,2026-05-30T18:04:09+0200,f5ca70ef-bf28-4256-b93b-6a2c907b2b36,2026-05-06T17:00:00Z,2026-05-06T19:00:00+0200,4225.54053,MW,FR,FR,forecast_solar_generation,Solar,2026-05-30T16:05:06Z
2026-05-30T16:04:09Z,2026-05-30T18:04:09+0200,f5ca70ef-bf28-4256-b93b-6a2c907b2b36,2026-05-06T17:15:00Z,2026-05-06T19:15:00+0200,3598.39893,MW,FR,FR,forecast_solar_generation,Solar,2026-05-30T16:05:06Z
2026-05-30T16:04:09Z,2026-05-30T18:04:09+0200,f5ca70ef-bf28-4256-b93b-6a2c907b2b36,2026-05-06T17:30:00Z,2026-05-06T19:30:00+0200,2849.82446,MW,FR,FR,forecast_solar_generation,Solar,2026-05-30T16:05:06Z
2026-05-30T16:04:09Z,2026-05-30T18:04:09+0200,f5ca70ef-bf28-4256-b93b-6a2c907b2b36,2026-05-06T17:45:00Z,2026-05-06T19:45:00+0200,2291.70044,MW,FR,FR,forecast_solar_generation,Solar,2026-05-30T16:05:06Z
2026-05-30T16:04:09Z,2026-05-30T18:04:09+0200,f5ca70ef-bf28-4256-b93b-6a2c907b2b36,2026-05-06T18:00:00Z,2026-05-06T20:00:00+0200,1640.29565,MW,FR,FR,forecast_solar_generation,Solar,2026-05-30T16:05:06Z
2026-05-30T16:04:09Z,2026-05-30T18:04:09+0200,f5ca70ef-bf28-4256-b93b-6a2c907b2b36,2026-05-06T18:15:00Z,2026-05-06T20:15:00+0200,1110.13135,MW,FR,FR,forecast_solar_generation,Solar,2026-05-30T16:05:06Z
2026-05-30T16:04:09Z,2026-05-30T18:04:09+0200,f5ca70ef-bf28-4256-b93b-6a2c907b2b36,2026-05-06T18:30:00Z,2026-05-06T20:30:00+0200,661.14209,MW,FR,FR,forecast_solar_generation,Solar,2026-05-30T16:05:06Z
2026-05-30T16:04:09Z,2026-05-30T18:04:09+0200,f5ca70ef-bf28-4256-b93b-6a2c907b2b36,2026-05-06T18:45:00Z,2026-05-06T20:45:00+0200,428.59015,MW,FR,FR,forecast_solar_generation,Solar,2026-05-30T16:05:06Z
2026-05-30T16:04:09Z,2026-05-30T18:04:09+0200,f5ca70ef-bf28-4256-b93b-6a2c907b2b36,2026-05-06T19:00:00Z,2026-05-06T21:00:00+0200,210.12665,MW,FR,FR,forecast_solar_generation,Solar,2026-05-30T16:05:06Z
2026-05-30T16:04:09Z,2026-05-30T18:04:09+0200,f5ca70ef-bf28-4256-b93b-6a2c907b2b36,2026-05-06T19:15:00Z,2026-05-06T21:15:00+0200,35.30188,MW,FR,FR,forecast_solar_generation,Solar,2026-05-30T16:05:06Z
2026-05-30T16:04:09Z,2026-05-30T18:04:09+0200,f5ca70ef-bf28-4256-b93b-6a2c907b2b36,2026-05-06T19:30:00Z,2026-05-06T21:30:00+0200,1.97356,MW,FR,FR,forecast_solar_generation,Solar,2026-05-30T16:05:06Z
2026-05-30T16:04:09Z,2026-05-30T18:04:09+0200,f5ca70ef-bf28-4256-b93b-6a2c907b2b36,2026-05-06T19:45:00Z,2026-05-06T21:45:00+0200,0.0,MW,FR,FR,forecast_solar_generation,Solar,2026-05-30T16:05:06Z
2026-05-30T16:04:09Z,2026-05-30T18:04:09+0200,f5ca70ef-bf28-4256-b93b-6a2c907b2b36,2026-05-06T20:00:00Z,2026-05-06T22:00:00+0200,0.0,MW,FR,FR,forecast_solar_generation,Solar,2026-05-30T16:05:06Z
2026-05-30T16:04:09Z,2026-05-30T18:04:09+0200,f5ca70ef-bf28-4256-b93b-6a2c907b2b36,2026-05-06T20:15:00Z,2026-05-06T22:15:00+0200,0.0,MW,FR,FR,forecast_solar_generation,Solar,2026-05-30T16:05:06Z
2026-05-30T16:04:09Z,2026-05-30T18:04:09+0200,f5ca70ef-bf28-4256-b93b-6a2c907b2b36,2026-05-06T20:30:00Z,2026-05-06T22:30:00+0200,0.0,MW,FR,FR,forecast_solar_generation,Solar,2026-05-30T16:05:06Z
2026-05-30T16:04:09Z,2026-05-30T18:04:09+0200,f5ca70ef-bf28-4256-b93b-6a2c907b2b36,2026-05-06T20:45:00Z,2026-05-06T22:45:00+0200,0.0,MW,FR,FR,forecast_solar_generation,Solar,2026-05-30T16:05:06Z
2026-05-30T16:04:09Z,2026-05-30T18:04:09+0200,f5ca70ef-bf28-4256-b93b-6a2c907b2b36,2026-05-06T21:00:00Z,2026-05-06T23:00:00+0200,0.0,MW,FR,FR,forecast_solar_generation,Solar,2026-05-30T16:05:06Z
2026-05-30T16:04:09Z,2026-05-30T18:04:09+0200,f5ca70ef-bf28-4256-b93b-6a2c907b2b36,2026-05-06T21:15:00Z,2026-05-06T23:15:00+0200,0.0,MW,FR,FR,forecast_solar_generation,Solar,2026-05-30T16:05:06Z
2026-05-30T16:04:09Z,2026-05-30T18:04:09+0200,f5ca70ef-bf28-4256-b93b-6a2c907b2b36,2026-05-06T21:30:00Z,2026-05-06T23:30:00+0200,0.0,MW,FR,FR,forecast_solar_generation,Solar,2026-05-30T16:05:06Z
2026-05-30T16:04:09Z,2026-05-30T18:04:09+0200,f5ca70ef-bf28-4256-b93b-6a2c907b2b36,2026-05-06T21:45:00Z,2026-05-06T23:45:00+0200,0.0,MW,FR,FR,forecast_solar_generation,Solar,2026-05-30T16:05:06Z
2026-05-30T16:04:09Z,2026-05-30T18:04:09+0200,f5ca70ef-bf28-4256-b93b-6a2c907b2b36,2026-05-06T22:00:00Z,2026-05-07T00:00:00+0200,0.0,MW,FR,FR,forecast_solar_generation,Solar,2026-05-30T16:05:06Z
2026-05-30T16:04:09Z,2026-05-30T18:04:09+0200,f5ca70ef-bf28-4256-b93b-6a2c907b2b36,2026-05-06T22:15:00Z,2026-05-07T00:15:00+0200,0.0,MW,FR,FR,forecast_solar_generation,Solar,2026-05-30T16:05:06Z
2026-05-30T16:04:09Z,2026-05-30T18:04:09+0200,f5ca70ef-bf28-4256-b93b-6a2c907b2b36,2026-05-06T22:30:00Z,2026-05-07T00:30:00+0200,0.0,MW,FR,FR,forecast_solar_generation,Solar,2026-05-30T16:05:06Z
2026-05-30T16:04:09Z,2026-05-30T18:04:09+0200,f5ca70ef-bf28-4256-b93b-6a2c907b2b36,2026-05-06T22:45:00Z,2026-05-07T00:45:00+0200,0.0,MW,FR,FR,forecast_solar_generation,Solar,2026-05-30T16:05:06Z
2026-05-30T16:04:09Z,2026-05-30T18:04:09+0200,f5ca70ef-bf28-4256-b93b-6a2c907b2b36,2026-05-06T23:00:00Z,2026-05-07T01:00:00+0200,0.0,MW,FR,FR,forecast_solar_generation,Solar,2026-05-30T16:05:06Z
2026-05-30T16:04:09Z,2026-05-30T18:04:09+0200,f5ca70ef-bf28-4256-b93b-6a2c907b2b36,2026-05-06T23:15:00Z,2026-05-07T01:15:00+0200,0.0,MW,FR,FR,forecast_solar_generation,Solar,2026-05-30T16:05:06Z
2026-05-30T16:04:09Z,2026-05-30T18:04:09+0200,f5ca70ef-bf28-4256-b93b-6a2c907b2b36,2026-05-06T23:30:00Z,2026-05-07T01:30:00+0200,0.0,MW,FR,FR,forecast_solar_generation,Solar,2026-05-30T16:05:06Z
2026-05-30T16:04:09Z,2026-05-30T18:04:09+0200,f5ca70ef-bf28-4256-b93b-6a2c907b2b36,2026-05-06T23:45:00Z,2026-05-07T01:45:00+0200,0.0,MW,FR,FR,forecast_solar_generation,Solar,2026-05-30T16:05:06Z
2026-05-30T16:04:09Z,2026-05-30T18:04:09+0200,f5ca70ef-bf28-4256-b93b-6a2c907b2b36,2026-05-07T00:00:00Z,2026-05-07T02:00:00+0200,0.0,MW,FR,FR,forecast_solar_generation,Solar,2026-05-30T16:05:06Z
2026-05-30T16:04:09Z,2026-05-30T18:04:09+0200,f5ca70ef-bf28-4256-b93b-6a2c907b2b36,2026-05-07T00:15:00Z,2026-05-07T02:15:00+0200,0.0,MW,FR,FR,forecast_solar_generation,Solar,2026-05-30T16:05:06Z
2026-05-30T16:04:09Z,2026-05-30T18:04:09+0200,f5ca70ef-bf28-4256-b93b-6a2c907b2b36,2026-05-07T00:30:00Z,2026-05-07T02:30:00+0200,0.0,MW,FR,FR,forecast_solar_generation,Solar,2026-05-30T16:05:06Z
2026-05-30T16:04:09Z,2026-05-30T18:04:09+0200,f5ca70ef-bf28-4256-b93b-6a2c907b2b36,2026-05-07T00:45:00Z,2026-05-07T02:45:00+0200,0.0,MW,FR,FR,forecast_solar_generation,Solar,2026-05-30T16:05:06Z
2026-05-30T16:04:09Z,2026-05-30T18:04:09+0200,f5ca70ef-bf28-4256-b93b-6a2c907b2b36,2026-05-07T01:00:00Z,2026-05-07T03:00:00+0200,0.0,MW,FR,FR,forecast_solar_generation,Solar,2026-05-30T16:05:06Z
2026-05-30T16:04:09Z,2026-05-30T18:04:09+0200,f5ca70ef-bf28-4256-b93b-6a2c907b2b36,2026-05-07T01:15:00Z,2026-05-07T03:15:00+0200,0.0,MW,FR,FR,forecast_solar_generation,Solar,2026-05-30T16:05:06Z
2026-05-30T16:04:09Z,2026-05-30T18:04:09+0200,f5ca70ef-bf28-4256-b93b-6a2c907b2b36,2026-05-07T01:30:00Z,2026-05-07T03:30:00+0200,0.0,MW,FR,FR,forecast_solar_generation,Solar,2026-05-30T16:05:06Z
2026-05-30T16:04:09Z,2026-05-30T18:04:09+0200,f5ca70ef-bf28-4256-b93b-6a2c907b2b36,2026-05-07T01:45:00Z,2026-05-07T03:45:00+0200,0.0,MW,FR,FR,forecast_solar_generation,Solar,2026-05-30T16:05:06Z
2026-05-30T16:04:09Z,2026-05-30T18:04:09+0200,f5ca70ef-bf28-4256-b93b-6a2c907b2b36,2026-05-07T02:00:00Z,2026-05-07T04:00:00+0200,0.0,MW,FR,FR,forecast_solar_generation,Solar,2026-05-30T16:05:06Z
2026-05-30T16:04:09Z,2026-05-30T18:04:09+0200,f5ca70ef-bf28-4256-b93b-6a2c907b2b36,2026-05-07T02:15:00Z,2026-05-07T04:15:00+0200,0.0,MW,FR,FR,forecast_solar_generation,Solar,2026-05-30T16:05:06Z
2026-05-30T16:04:09Z,2026-05-30T18:04:09+0200,f5ca70ef-bf28-4256-b93b-6a2c907b2b36,2026-05-07T02:30:00Z,2026-05-07T04:30:00+0200,0.0,MW,FR,FR,forecast_solar_generation,Solar,2026-05-30T16:05:06Z
2026-05-30T16:04:09Z,2026-05-30T18:04:09+0200,f5ca70ef-bf28-4256-b93b-6a2c907b2b36,2026-05-07T02:45:00Z,2026-05-07T04:45:00+0200,0.0,MW,FR,FR,forecast_solar_generation,Solar,2026-05-30T16:05:06Z
2026-05-30T16:04:09Z,2026-05-30T18:04:09+0200,f5ca70ef-bf28-4256-b93b-6a2c907b2b36,2026-05-07T03:00:00Z,2026-05-07T05:00:00+0200,0.0,MW,FR,FR,forecast_solar_generation,Solar,2026-05-30T16:05:06Z
2026-05-30T16:04:09Z,2026-05-30T18:04:09+0200,f5ca70ef-bf28-4256-b93b-6a2c907b2b36,2026-05-07T03:15:00Z,2026-05-07T05:15:00+0200,0.0,MW,FR,FR,forecast_solar_generation,Solar,2026-05-30T16:05:06Z
2026-05-30T16:04:09Z,2026-05-30T18:04:09+0200,f5ca70ef-bf28-4256-b93b-6a2c907b2b36,2026-05-07T03:30:00Z,2026-05-07T05:30:00+0200,0.0,MW,FR,FR,forecast_solar_generation,Solar,2026-05-30T16:05:06Z
2026-05-30T16:04:09Z,2026-05-30T18:04:09+0200,f5ca70ef-bf28-4256-b93b-6a2c907b2b36,2026-05-07T03:45:00Z,2026-05-07T05:45:00+0200,0.0,MW,FR,FR,forecast_solar_generation,Solar,2026-05-30T16:05:06Z
2026-05-30T16:04:09Z,2026-05-30T18:04:09+0200,f5ca70ef-bf28-4256-b93b-6a2c907b2b36,2026-05-07T04:00:00Z,2026-05-07T06:00:00+0200,0.0,MW,FR,FR,forecast_solar_generation,Solar,2026-05-30T16:05:06Z
2026-05-30T16:04:09Z,2026-05-30T18:04:09+0200,f5ca70ef-bf28-4256-b93b-6a2c907b2b36,2026-05-07T04:15:00Z,2026-05-07T06:15:00+0200,5.56975,MW,FR,FR,forecast_solar_generation,Solar,2026-05-30T16:05:06Z
2026-05-30T16:04:09Z,2026-05-30T18:04:09+0200,f5ca70ef-bf28-4256-b93b-6a2c907b2b36,2026-05-07T04:30:00Z,2026-05-07T06:30:00+0200,32.64252,MW,FR,FR,forecast_solar_generation,Solar,2026-05-30T16:05:06Z
2026-05-30T16:04:09Z,2026-05-30T18:04:09+0200,f5ca70ef-bf28-4256-b93b-6a2c907b2b36,2026-05-07T04:45:00Z,2026-05-07T06:45:00+0200,144.33987,MW,FR,FR,forecast_solar_generation,Solar,2026-05-30T16:05:06Z
2026-05-30T16:04:09Z,2026-05-30T18:04:09+0200,f5ca70ef-bf28-4256-b93b-6a2c907b2b36,2026-05-07T05:00:00Z,2026-05-07T07:00:00+0200,388.1102,MW,FR,FR,forecast_solar_generation,Solar,2026-05-30T16:05:06Z
2026-05-30T16:04:09Z,2026-05-30T18:04:09+0200,f5ca70ef-bf28-4256-b93b-6a2c907b2b36,2026-05-07T05:15:00Z,2026-05-07T07:15:00+0200,685.27917,MW,FR,FR,forecast_solar_generation,Solar,2026-05-30T16:05:06Z
2026-05-30T16:04:09Z,2026-05-30T18:04:09+0200,f5ca70ef-bf28-4256-b93b-6a2c907b2b36,2026-05-07T05:30:00Z,2026-05-07T07:30:00+0200,1030.86328,MW,FR,FR,forecast_solar_generation,Solar,2026-05-30T16:05:06Z
2026-05-30T16:04:09Z,2026-05-30T18:04:09+0200,f5ca70ef-bf28-4256-b93b-6a2c907b2b36,2026-05-07T05:45:00Z,2026-05-07T07:45:00+0200,1646.11316,MW,FR,FR,forecast_solar_generation,Solar,2026-05-30T16:05:06Z
2026-05-30T16:04:09Z,2026-05-30T18:04:09+0200,f5ca70ef-bf28-4256-b93b-6a2c907b2b36,2026-05-07T06:00:00Z,2026-05-07T08:00:00+0200,2362.75562,MW,FR,FR,forecast_solar_generation,Solar,2026-05-30T16:05:06Z
2026-05-30T16:04:09Z,2026-05-30T18:04:09+0200,f5ca70ef-bf28-4256-b93b-6a2c907b2b36,2026-05-07T06:15:00Z,2026-05-07T08:15:00+0200,3269.14844,MW,FR,FR,forecast_solar_generation,Solar,2026-05-30T16:05:06Z
2026-05-30T16:04:09Z,2026-05-30T18:04:09+0200,f5ca70ef-bf28-4256-b93b-6a2c907b2b36,2026-05-07T06:30:00Z,2026-05-07T08:30:00+0200,4078.2002,MW,FR,FR,forecast_solar_generation,Solar,2026-05-30T16:05:06Z
2026-05-30T16:04:09Z,2026-05-30T18:04:09+0200,f5ca70ef-bf28-4256-b93b-6a2c907b2b36,2026-05-07T06:45:00Z,2026-05-07T08:45:00+0200,5219.38379,MW,FR,FR,forecast_solar_generation,Solar,2026-05-30T16:05:06Z
2026-05-30T16:04:09Z,2026-05-30T18:04:09+0200,f5ca70ef-bf28-4256-b93b-6a2c907b2b36,2026-05-07T07:00:00Z,2026-05-07T09:00:00+0200,6230.08691,MW,FR,FR,forecast_solar_generation,Solar,2026-05-30T16:05:06Z
2026-05-30T16:04:09Z,2026-05-30T18:04:09+0200,f5ca70ef-bf28-4256-b93b-6a2c907b2b36,2026-05-07T07:15:00Z,2026-05-07T09:15:00+0200,7362.68408,MW,FR,FR,forecast_solar_generation,Solar,2026-05-30T16:05:06Z
2026-05-30T16:04:09Z,2026-05-30T18:04:09+0200,f5ca70ef-bf28-4256-b93b-6a2c907b2b36,2026-05-07T07:30:00Z,2026-05-07T09:30:00+0200,8399.9375,MW,FR,FR,forecast_solar_generation,Solar,2026-05-30T16:05:06Z
2026-05-30T16:04:09Z,2026-05-30T18:04:09+0200,f5ca70ef-bf28-4256-b93b-6a2c907b2b36,2026-05-07T07:45:00Z,2026-05-07T09:45:00+0200,9337.22266,MW,FR,FR,forecast_solar_generation,Solar,2026-05-30T16:05:06Z
2026-05-30T16:04:09Z,2026-05-30T18:04:09+0200,f5ca70ef-bf28-4256-b93b-6a2c907b2b36,2026-05-07T08:00:00Z,2026-05-07T10:00:00+0200,10226.45117,MW,FR,FR,forecast_solar_generation,Solar,2026-05-30T16:05:06Z
2026-05-30T16:04:09Z,2026-05-30T18:04:09+0200,f5ca70ef-bf28-4256-b93b-6a2c907b2b36,2026-05-07T08:15:00Z,2026-05-07T10:15:00+0200,11228.38867,MW,FR,FR,forecast_solar_generation,Solar,2026-05-30T16:05:06Z
2026-05-30T16:04:09Z,2026-05-30T18:04:09+0200,f5ca70ef-bf28-4256-b93b-6a2c907b2b36,2026-05-07T08:30:00Z,2026-05-07T10:30:00+0200,12032.32227,MW,FR,FR,forecast_solar_generation,Solar,2026-05-30T16:05:06Z
2026-05-30T16:04:09Z,2026-05-30T18:04:09+0200,f5ca70ef-bf28-4256-b93b-6a2c907b2b36,2026-05-07T08:45:00Z,2026-05-07T10:45:00+0200,12556.54785,MW,FR,FR,forecast_solar_generation,Solar,2026-05-30T16:05:06Z
2026-05-30T16:04:09Z,2026-05-30T18:04:09+0200,f5ca70ef-bf28-4256-b93b-6a2c907b2b36,2026-05-07T09:00:00Z,2026-05-07T11:00:00+0200,13004.38086,MW,FR,FR,forecast_solar_generation,Solar,2026-05-30T16:05:06Z
2026-05-30T16:04:09Z,2026-05-30T18:04:09+0200,f5ca70ef-bf28-4256-b93b-6a2c907b2b36,2026-05-07T09:15:00Z,2026-05-07T11:15:00+0200,13550.84668,MW,FR,FR,forecast_solar_generation,Solar,2026-05-30T16:05:06Z
2026-05-30T16:04:09Z,2026-05-30T18:04:09+0200,f5ca70ef-bf28-4256-b93b-6a2c907b2b36,2026-05-07T09:30:00Z,2026-05-07T11:30:00+0200,13978.37305,MW,FR,FR,forecast_solar_generation,Solar,2026-05-30T16:05:06Z
2026-05-30T16:04:09Z,2026-05-30T18:04:09+0200,f5ca70ef-bf28-4256-b93b-6a2c907b2b36,2026-05-07T09:45:00Z,2026-05-07T11:45:00+0200,14342.50879,MW,FR,FR,forecast_solar_generation,Solar,2026-05-30T16:05:06Z
2026-05-30T16:04:09Z,2026-05-30T18:04:09+0200,f5ca70ef-bf28-4256-b93b-6a2c907b2b36,2026-05-07T10:00:00Z,2026-05-07T12:00:00+0200,14678.28809,MW,FR,FR,forecast_solar_generation,Solar,2026-05-30T16:05:06Z
2026-05-30T16:04:09Z,2026-05-30T18:04:09+0200,f5ca70ef-bf28-4256-b93b-6a2c907b2b36,2026-05-07T10:15:00Z,2026-05-07T12:15:00+0200,14923.56836,MW,FR,FR,forecast_solar_generation,Solar,2026-05-30T16:05:06Z
2026-05-30T16:04:09Z,2026-05-30T18:04:09+0200,f5ca70ef-bf28-4256-b93b-6a2c907b2b36,2026-05-07T10:30:00Z,2026-05-07T12:30:00+0200,15276.67969,MW,FR,FR,forecast_solar_generation,Solar,2026-05-30T16:05:06Z
2026-05-30T16:04:09Z,2026-05-30T18:04:09+0200,f5ca70ef-bf28-4256-b93b-6a2c907b2b36,2026-05-07T10:45:00Z,2026-05-07T12:45:00+0200,15463.29883,MW,FR,FR,forecast_solar_generation,Solar,2026-05-30T16:05:06Z
2026-05-30T16:04:09Z,2026-05-30T18:04:09+0200,f5ca70ef-bf28-4256-b93b-6a2c907b2b36,2026-05-07T11:00:00Z,2026-05-07T13:00:00+0200,15736.99121,MW,FR,FR,forecast_solar_generation,Solar,2026-05-30T16:05:06Z
2026-05-30T16:04:09Z,2026-05-30T18:04:09+0200,f5ca70ef-bf28-4256-b93b-6a2c907b2b36,2026-05-07T11:15:00Z,2026-05-07T13:15:00+0200,15881.91699,MW,FR,FR,forecast_solar_generation,Solar,2026-05-30T16:05:06Z
2026-05-30T16:04:09Z,2026-05-30T18:04:09+0200,f5ca70ef-bf28-4256-b93b-6a2c907b2b36,2026-05-07T11:30:00Z,2026-05-07T13:30:00+0200,16057.65137,MW,FR,FR,forecast_solar_generation,Solar,2026-05-30T16:05:06Z
2026-05-30T16:04:09Z,2026-05-30T18:04:09+0200,f5ca70ef-bf28-4256-b93b-6a2c907b2b36,2026-05-07T11:45:00Z,2026-05-07T13:45:00+0200,16030.26074,MW,FR,FR,forecast_solar_generation,Solar,2026-05-30T16:05:06Z
2026-05-30T16:04:09Z,2026-05-30T18:04:09+0200,f5ca70ef-bf28-4256-b93b-6a2c907b2b36,2026-05-07T12:00:00Z,2026-05-07T14:00:00+0200,16026.68066,MW,FR,FR,forecast_solar_generation,Solar,2026-05-30T16:05:06Z
2026-05-30T16:04:09Z,2026-05-30T18:04:09+0200,f5ca70ef-bf28-4256-b93b-6a2c907b2b36,2026-05-07T12:15:00Z,2026-05-07T14:15:00+0200,16007.06055,MW,FR,FR,forecast_solar_generation,Solar,2026-05-30T16:05:06Z
2026-05-30T16:04:09Z,2026-05-30T18:04:09+0200,f5ca70ef-bf28-4256-b93b-6a2c907b2b36,2026-05-07T12:30:00Z,2026-05-07T14:30:00+0200,15913.6416,MW,FR,FR,forecast_solar_generation,Solar,2026-05-30T16:05:06Z
2026-05-30T16:04:09Z,2026-05-30T18:04:09+0200,f5ca70ef-bf28-4256-b93b-6a2c907b2b36,2026-05-07T12:45:00Z,2026-05-07T14:45:00+0200,15677.59961,MW,FR,FR,forecast_solar_generation,Solar,2026-05-30T16:05:06Z
2026-05-30T16:04:09Z,2026-05-30T18:04:09+0200,f5ca70ef-bf28-4256-b93b-6a2c907b2b36,2026-05-07T13:00:00Z,2026-05-07T15:00:00+0200,15369.29199,MW,FR,FR,forecast_solar_generation,Solar,2026-05-30T16:05:06Z
2026-05-30T16:04:09Z,2026-05-30T18:04:09+0200,f5ca70ef-bf28-4256-b93b-6a2c907b2b36,2026-05-07T13:15:00Z,2026-05-07T15:15:00+0200,15084.60547,MW,FR,FR,forecast_solar_generation,Solar,2026-05-30T16:05:06Z
2026-05-30T16:04:09Z,2026-05-30T18:04:09+0200,f5ca70ef-bf28-4256-b93b-6a2c907b2b36,2026-05-07T13:30:00Z,2026-05-07T15:30:00+0200,14884.44336,MW,FR,FR,forecast_solar_generation,Solar,2026-05-30T16:05:06Z
2026-05-30T16:04:09Z,2026-05-30T18:04:09+0200,f5ca70ef-bf28-4256-b93b-6a2c907b2b36,2026-05-07T13:45:00Z,2026-05-07T15:45:00+0200,14466.5957,MW,FR,FR,forecast_solar_generation,Solar,2026-05-30T16:05:06Z
2026-05-30T16:04:09Z,2026-05-30T18:04:09+0200,f5ca70ef-bf28-4256-b93b-6a2c907b2b36,2026-05-07T14:00:00Z,2026-05-07T16:00:00+0200,14007.82715,MW,FR,FR,forecast_solar_generation,Solar,2026-05-30T16:05:06Z
2026-05-30T16:04:09Z,2026-05-30T18:04:09+0200,f5ca70ef-bf28-4256-b93b-6a2c907b2b36,2026-05-07T14:15:00Z,2026-05-07T16:15:00+0200,13587.76562,MW,FR,FR,forecast_solar_generation,Solar,2026-05-30T16:05:06Z
2026-05-30T16:04:09Z,2026-05-30T18:04:09+0200,f5ca70ef-bf28-4256-b93b-6a2c907b2b36,2026-05-07T14:30:00Z,2026-05-07T16:30:00+0200,13110.2627,MW,FR,FR,forecast_solar_generation,Solar,2026-05-30T16:05:06Z
2026-05-30T16:04:09Z,2026-05-30T18:04:09+0200,f5ca70ef-bf28-4256-b93b-6a2c907b2b36,2026-05-07T14:45:00Z,2026-05-07T16:45:00+0200,12544.19043,MW,FR,FR,forecast_solar_generation,Solar,2026-05-30T16:05:06Z
2026-05-30T16:04:09Z,2026-05-30T18:04:09+0200,f5ca70ef-bf28-4256-b93b-6a2c907b2b36,2026-05-07T15:00:00Z,2026-05-07T17:00:00+0200,11993.78613,MW,FR,FR,forecast_solar_generation,Solar,2026-05-30T16:05:06Z
2026-05-30T16:04:09Z,2026-05-30T18:04:09+0200,f5ca70ef-bf28-4256-b93b-6a2c907b2b36,2026-05-07T15:15:00Z,2026-05-07T17:15:00+0200,11324.35352,MW,FR,FR,forecast_solar_generation,Solar,2026-05-30T16:05:06Z
2026-05-30T16:04:09Z,2026-05-30T18:04:09+0200,f5ca70ef-bf28-4256-b93b-6a2c907b2b36,2026-05-07T15:30:00Z,2026-05-07T17:30:00+0200,10616.68164,MW,FR,FR,forecast_solar_generation,Solar,2026-05-30T16:05:06Z
2026-05-30T16:04:09Z,2026-05-30T18:04:09+0200,f5ca70ef-bf28-4256-b93b-6a2c907b2b36,2026-05-07T15:45:00Z,2026-05-07T17:45:00+0200,9860.08887,MW,FR,FR,forecast_solar_generation,Solar,2026-05-30T16:05:06Z
2026-05-30T16:04:09Z,2026-05-30T18:04:09+0200,f5ca70ef-bf28-4256-b93b-6a2c907b2b36,2026-05-07T16:00:00Z,2026-05-07T18:00:00+0200,9047.04102,MW,FR,FR,forecast_solar_generation,Solar,2026-05-30T16:05:06Z
2026-05-30T16:04:09Z,2026-05-30T18:04:09+0200,f5ca70ef-bf28-4256-b93b-6a2c907b2b36,2026-05-07T16:15:00Z,2026-05-07T18:15:00+0200,8070.63232,MW,FR,FR,forecast_solar_generation,Solar,2026-05-30T16:05:06Z
2026-05-30T16:04:09Z,2026-05-30T18:04:09+0200,f5ca70ef-bf28-4256-b93b-6a2c907b2b36,2026-05-07T16:30:00Z,2026-05-07T18:30:00+0200,7181.44092,MW,FR,FR,forecast_solar_generation,Solar,2026-05-30T16:05:06Z
2026-05-30T16:04:09Z,2026-05-30T18:04:09+0200,f5ca70ef-bf28-4256-b93b-6a2c907b2b36,2026-05-07T16:45:00Z,2026-05-07T18:45:00+0200,6365.83545,MW,FR,FR,forecast_solar_generation,Solar,2026-05-30T16:05:06Z
2026-05-30T16:04:09Z,2026-05-30T18:04:09+0200,f5ca70ef-bf28-4256-b93b-6a2c907b2b36,2026-05-07T17:00:00Z,2026-05-07T19:00:00+0200,5247.21533,MW,FR,FR,forecast_solar_generation,Solar,2026-05-30T16:05:06Z
2026-05-30T16:04:09Z,2026-05-30T18:04:09+0200,f5ca70ef-bf28-4256-b93b-6a2c907b2b36,2026-05-07T17:15:00Z,2026-05-07T19:15:00+0200,4451.45947,MW,FR,FR,forecast_solar_generation,Solar,2026-05-30T16:05:06Z
2026-05-30T16:04:09Z,2026-05-30T18:04:09+0200,f5ca70ef-bf28-4256-b93b-6a2c907b2b36,2026-05-07T17:30:00Z,2026-05-07T19:30:00+0200,3422.27441,MW,FR,FR,forecast_solar_generation,Solar,2026-05-30T16:05:06Z
2026-05-30T16:04:09Z,2026-05-30T18:04:09+0200,f5ca70ef-bf28-4256-b93b-6a2c907b2b36,2026-05-07T17:45:00Z,2026-05-07T19:45:00+0200,2745.62476,MW,FR,FR,forecast_solar_generation,Solar,2026-05-30T16:05:06Z
2026-05-30T16:04:09Z,2026-05-30T18:04:09+0200,f5ca70ef-bf28-4256-b93b-6a2c907b2b36,2026-05-07T18:00:00Z,2026-05-07T20:00:00+0200,1922.48462,MW,FR,FR,forecast_solar_generation,Solar,2026-05-30T16:05:06Z
2026-05-30T16:04:09Z,2026-05-30T18:04:09+0200,f5ca70ef-bf28-4256-b93b-6a2c907b2b36,2026-05-07T18:15:00Z,2026-05-07T20:15:00+0200,1305.12109,MW,FR,FR,forecast_solar_generation,Solar,2026-05-30T16:05:06Z
2026-05-30T16:04:09Z,2026-05-30T18:04:09+0200,f5ca70ef-bf28-4256-b93b-6a2c907b2b36,2026-05-07T18:30:00Z,2026-05-07T20:30:00+0200,764.57953,MW,FR,FR,forecast_solar_generation,Solar,2026-05-30T16:05:06Z
2026-05-30T16:04:09Z,2026-05-30T18:04:09+0200,f5ca70ef-bf28-4256-b93b-6a2c907b2b36,2026-05-07T18:45:00Z,2026-05-07T20:45:00+0200,484.93298,MW,FR,FR,forecast_solar_generation,Solar,2026-05-30T16:05:06Z
2026-05-30T16:04:09Z,2026-05-30T18:04:09+0200,f5ca70ef-bf28-4256-b93b-6a2c907b2b36,2026-05-07T19:00:00Z,2026-05-07T21:00:00+0200,233.9734,MW,FR,FR,forecast_solar_generation,Solar,2026-05-30T16:05:06Z
2026-05-30T16:04:09Z,2026-05-30T18:04:09+0200,f5ca70ef-bf28-4256-b93b-6a2c907b2b36,2026-05-07T19:15:00Z,2026-05-07T21:15:00+0200,45.27089,MW,FR,FR,forecast_solar_generation,Solar,2026-05-30T16:05:06Z
2026-05-30T16:04:09Z,2026-05-30T18:04:09+0200,f5ca70ef-bf28-4256-b93b-6a2c907b2b36,2026-05-07T19:30:00Z,2026-05-07T21:30:00+0200,3.01006,MW,FR,FR,forecast_solar_generation,Solar,2026-05-30T16:05:06Z
2026-05-30T16:04:09Z,2026-05-30T18:04:09+0200,f5ca70ef-bf28-4256-b93b-6a2c907b2b36,2026-05-07T19:45:00Z,2026-05-07T21:45:00+0200,0.0,MW,FR,FR,forecast_solar_generation,Solar,2026-05-30T16:05:06Z
2026-05-30T16:04:09Z,2026-05-30T18:04:09+0200,f5ca70ef-bf28-4256-b93b-6a2c907b2b36,2026-05-07T20:00:00Z,2026-05-07T22:00:00+0200,0.0,MW,FR,FR,forecast_solar_generation,Solar,2026-05-30T16:05:06Z
2026-05-30T16:04:09Z,2026-05-30T18:04:09+0200,f5ca70ef-bf28-4256-b93b-6a2c907b2b36,2026-05-07T20:15:00Z,2026-05-07T22:15:00+0200,0.0,MW,FR,FR,forecast_solar_generation,Solar,2026-05-30T16:05:06Z
2026-05-30T16:04:09Z,2026-05-30T18:04:09+0200,f5ca70ef-bf28-4256-b93b-6a2c907b2b36,2026-05-07T20:30:00Z,2026-05-07T22:30:00+0200,0.0,MW,FR,FR,forecast_solar_generation,Solar,2026-05-30T16:05:06Z
2026-05-30T16:04:09Z,2026-05-30T18:04:09+0200,f5ca70ef-bf28-4256-b93b-6a2c907b2b36,2026-05-07T20:45:00Z,2026-05-07T22:45:00+0200,0.0,MW,FR,FR,forecast_solar_generation,Solar,2026-05-30T16:05:06Z
2026-05-30T16:04:09Z,2026-05-30T18:04:09+0200,f5ca70ef-bf28-4256-b93b-6a2c907b2b36,2026-05-07T21:00:00Z,2026-05-07T23:00:00+0200,0.0,MW,FR,FR,forecast_solar_generation,Solar,2026-05-30T16:05:06Z
2026-05-30T16:04:09Z,2026-05-30T18:04:09+0200,f5ca70ef-bf28-4256-b93b-6a2c907b2b36,2026-05-07T21:15:00Z,2026-05-07T23:15:00+0200,0.0,MW,FR,FR,forecast_solar_generation,Solar,2026-05-30T16:05:06Z
2026-05-30T16:04:09Z,2026-05-30T18:04:09+0200,f5ca70ef-bf28-4256-b93b-6a2c907b2b36,2026-05-07T21:30:00Z,2026-05-07T23:30:00+0200,0.0,MW,FR,FR,forecast_solar_generation,Solar,2026-05-30T16:05:06Z
2026-05-30T16:04:09Z,2026-05-30T18:04:09+0200,f5ca70ef-bf28-4256-b93b-6a2c907b2b36,2026-05-07T21:45:00Z,2026-05-07T23:45:00+0200,0.0,MW,FR,FR,forecast_solar_generation,Solar,2026-05-30T16:05:06Z
2026-05-30T16:04:09Z,2026-05-30T18:04:09+0200,f5ca70ef-bf28-4256-b93b-6a2c907b2b36,2026-05-07T22:00:00Z,2026-05-08T00:00:00+0200,0.0,MW,FR,FR,forecast_solar_generation,Solar,2026-05-30T16:05:06Z
2026-05-30T16:04:09Z,2026-05-30T18:04:09+0200,f5ca70ef-bf28-4256-b93b-6a2c907b2b36,2026-05-07T22:15:00Z,2026-05-08T00:15:00+0200,0.0,MW,FR,FR,forecast_solar_generation,Solar,2026-05-30T16:05:06Z
2026-05-30T16:04:09Z,2026-05-30T18:04:09+0200,f5ca70ef-bf28-4256-b93b-6a2c907b2b36,2026-05-07T22:30:00Z,2026-05-08T00:30:00+0200,0.0,MW,FR,FR,forecast_solar_generation,Solar,2026-05-30T16:05:06Z
2026-05-30T16:04:09Z,2026-05-30T18:04:09+0200,f5ca70ef-bf28-4256-b93b-6a2c907b2b36,2026-05-07T22:45:00Z,2026-05-08T00:45:00+0200,0.0,MW,FR,FR,forecast_solar_generation,Solar,2026-05-30T16:05:06Z
2026-05-30T16:04:09Z,2026-05-30T18:04:09+0200,f5ca70ef-bf28-4256-b93b-6a2c907b2b36,2026-05-07T23:00:00Z,2026-05-08T01:00:00+0200,0.0,MW,FR,FR,forecast_solar_generation,Solar,2026-05-30T16:05:06Z
2026-05-30T16:04:09Z,2026-05-30T18:04:09+0200,f5ca70ef-bf28-4256-b93b-6a2c907b2b36,2026-05-07T23:15:00Z,2026-05-08T01:15:00+0200,0.0,MW,FR,FR,forecast_solar_generation,Solar,2026-05-30T16:05:06Z
2026-05-30T16:04:09Z,2026-05-30T18:04:09+0200,f5ca70ef-bf28-4256-b93b-6a2c907b2b36,2026-05-07T23:30:00Z,2026-05-08T01:30:00+0200,0.0,MW,FR,FR,forecast_solar_generation,Solar,2026-05-30T16:05:06Z
2026-05-30T16:04:09Z,2026-05-30T18:04:09+0200,f5ca70ef-bf28-4256-b93b-6a2c907b2b36,2026-05-07T23:45:00Z,2026-05-08T01:45:00+0200,0.0,MW,FR,FR,forecast_solar_generation,Solar,2026-05-30T16:05:06Z
2026-05-30T16:04:09Z,2026-05-30T18:04:09+0200,f5ca70ef-bf28-4256-b93b-6a2c907b2b36,2026-05-08T00:00:00Z,2026-05-08T02:00:00+0200,0.0,MW,FR,FR,forecast_solar_generation,Solar,2026-05-30T16:05:06Z
2026-05-30T16:04:09Z,2026-05-30T18:04:09+0200,f5ca70ef-bf28-4256-b93b-6a2c907b2b36,2026-05-08T00:15:00Z,2026-05-08T02:15:00+0200,0.0,MW,FR,FR,forecast_solar_generation,Solar,2026-05-30T16:05:06Z
2026-05-30T16:04:09Z,2026-05-30T18:04:09+0200,f5ca70ef-bf28-4256-b93b-6a2c907b2b36,2026-05-08T00:30:00Z,2026-05-08T02:30:00+0200,0.0,MW,FR,FR,forecast_solar_generation,Solar,2026-05-30T16:05:06Z
2026-05-30T16:04:09Z,2026-05-30T18:04:09+0200,f5ca70ef-bf28-4256-b93b-6a2c907b2b36,2026-05-08T00:45:00Z,2026-05-08T02:45:00+0200,0.0,MW,FR,FR,forecast_solar_generation,Solar,2026-05-30T16:05:06Z
2026-05-30T16:04:09Z,2026-05-30T18:04:09+0200,f5ca70ef-bf28-4256-b93b-6a2c907b2b36,2026-05-08T01:00:00Z,2026-05-08T03:00:00+0200,0.0,MW,FR,FR,forecast_solar_generation,Solar,2026-05-30T16:05:06Z
2026-05-30T16:04:09Z,2026-05-30T18:04:09+0200,f5ca70ef-bf28-4256-b93b-6a2c907b2b36,2026-05-08T01:15:00Z,2026-05-08T03:15:00+0200,0.0,MW,FR,FR,forecast_solar_generation,Solar,2026-05-30T16:05:06Z
2026-05-30T16:04:09Z,2026-05-30T18:04:09+0200,f5ca70ef-bf28-4256-b93b-6a2c907b2b36,2026-05-08T01:30:00Z,2026-05-08T03:30:00+0200,0.0,MW,FR,FR,forecast_solar_generation,Solar,2026-05-30T16:05:06Z
2026-05-30T16:04:09Z,2026-05-30T18:04:09+0200,f5ca70ef-bf28-4256-b93b-6a2c907b2b36,2026-05-08T01:45:00Z,2026-05-08T03:45:00+0200,0.0,MW,FR,FR,forecast_solar_generation,Solar,2026-05-30T16:05:06Z
2026-05-30T16:04:09Z,2026-05-30T18:04:09+0200,f5ca70ef-bf28-4256-b93b-6a2c907b2b36,2026-05-08T02:00:00Z,2026-05-08T04:00:00+0200,0.0,MW,FR,FR,forecast_solar_generation,Solar,2026-05-30T16:05:06Z
2026-05-30T16:04:09Z,2026-05-30T18:04:09+0200,f5ca70ef-bf28-4256-b93b-6a2c907b2b36,2026-05-08T02:15:00Z,2026-05-08T04:15:00+0200,0.0,MW,FR,FR,forecast_solar_generation,Solar,2026-05-30T16:05:06Z
2026-05-30T16:04:09Z,2026-05-30T18:04:09+0200,f5ca70ef-bf28-4256-b93b-6a2c907b2b36,2026-05-08T02:30:00Z,2026-05-08T04:30:00+0200,0.0,MW,FR,FR,forecast_solar_generation,Solar,2026-05-30T16:05:06Z
2026-05-30T16:04:09Z,2026-05-30T18:04:09+0200,f5ca70ef-bf28-4256-b93b-6a2c907b2b36,2026-05-08T02:45:00Z,2026-05-08T04:45:00+0200,0.0,MW,FR,FR,forecast_solar_generation,Solar,2026-05-30T16:05:06Z
2026-05-30T16:04:09Z,2026-05-30T18:04:09+0200,f5ca70ef-bf28-4256-b93b-6a2c907b2b36,2026-05-08T03:00:00Z,2026-05-08T05:00:00+0200,0.0,MW,FR,FR,forecast_solar_generation,Solar,2026-05-30T16:05:06Z
2026-05-30T16:04:09Z,2026-05-30T18:04:09+0200,f5ca70ef-bf28-4256-b93b-6a2c907b2b36,2026-05-08T03:15:00Z,2026-05-08T05:15:00+0200,0.0,MW,FR,FR,forecast_solar_generation,Solar,2026-05-30T16:05:06Z
2026-05-30T16:04:09Z,2026-05-30T18:04:09+0200,f5ca70ef-bf28-4256-b93b-6a2c907b2b36,2026-05-08T03:30:00Z,2026-05-08T05:30:00+0200,0.0,MW,FR,FR,forecast_solar_generation,Solar,2026-05-30T16:05:06Z
2026-05-30T16:04:09Z,2026-05-30T18:04:09+0200,f5ca70ef-bf28-4256-b93b-6a2c907b2b36,2026-05-08T03:45:00Z,2026-05-08T05:45:00+0200,0.0,MW,FR,FR,forecast_solar_generation,Solar,2026-05-30T16:05:06Z
2026-05-30T16:04:09Z,2026-05-30T18:04:09+0200,f5ca70ef-bf28-4256-b93b-6a2c907b2b36,2026-05-08T04:00:00Z,2026-05-08T06:00:00+0200,0.0,MW,FR,FR,forecast_solar_generation,Solar,2026-05-30T16:05:06Z
2026-05-30T16:04:09Z,2026-05-30T18:04:09+0200,f5ca70ef-bf28-4256-b93b-6a2c907b2b36,2026-05-08T04:15:00Z,2026-05-08T06:15:00+0200,6.98683,MW,FR,FR,forecast_solar_generation,Solar,2026-05-30T16:05:06Z
2026-05-30T16:04:09Z,2026-05-30T18:04:09+0200,f5ca70ef-bf28-4256-b93b-6a2c907b2b36,2026-05-08T04:30:00Z,2026-05-08T06:30:00+0200,39.70986,MW,FR,FR,forecast_solar_generation,Solar,2026-05-30T16:05:06Z
2026-05-30T16:04:09Z,2026-05-30T18:04:09+0200,f5ca70ef-bf28-4256-b93b-6a2c907b2b36,2026-05-08T04:45:00Z,2026-05-08T06:45:00+0200,202.99443,MW,FR,FR,forecast_solar_generation,Solar,2026-05-30T16:05:06Z
2026-05-30T16:04:09Z,2026-05-30T18:04:09+0200,f5ca70ef-bf28-4256-b93b-6a2c907b2b36,2026-05-08T05:00:00Z,2026-05-08T07:00:00+0200,519.00116,MW,FR,FR,forecast_solar_generation,Solar,2026-05-30T16:05:06Z
2026-05-30T16:04:09Z,2026-05-30T18:04:09+0200,f5ca70ef-bf28-4256-b93b-6a2c907b2b36,2026-05-08T05:15:00Z,2026-05-08T07:15:00+0200,862.84381,MW,FR,FR,forecast_solar_generation,Solar,2026-05-30T16:05:06Z
2026-05-30T16:04:09Z,2026-05-30T18:04:09+0200,f5ca70ef-bf28-4256-b93b-6a2c907b2b36,2026-05-08T05:30:00Z,2026-05-08T07:30:00+0200,1272.28943,MW,FR,FR,forecast_solar_generation,Solar,2026-05-30T16:05:06Z
2026-05-30T16:04:09Z,2026-05-30T18:04:09+0200,f5ca70ef-bf28-4256-b93b-6a2c907b2b36,2026-05-08T05:45:00Z,2026-05-08T07:45:00+0200,1963.74512,MW,FR,FR,forecast_solar_generation,Solar,2026-05-30T16:05:06Z
2026-05-30T16:04:09Z,2026-05-30T18:04:09+0200,f5ca70ef-bf28-4256-b93b-6a2c907b2b36,2026-05-08T06:00:00Z,2026-05-08T08:00:00+0200,2828.92358,MW,FR,FR,forecast_solar_generation,Solar,2026-05-30T16:05:06Z
2026-05-30T16:04:09Z,2026-05-30T18:04:09+0200,f5ca70ef-bf28-4256-b93b-6a2c907b2b36,2026-05-08T06:15:00Z,2026-05-08T08:15:00+0200,3833.06543,MW,FR,FR,forecast_solar_generation,Solar,2026-05-30T16:05:06Z
2026-05-30T16:04:09Z,2026-05-30T18:04:09+0200,f5ca70ef-bf28-4256-b93b-6a2c907b2b36,2026-05-08T06:30:00Z,2026-05-08T08:30:00+0200,4831.52393,MW,FR,FR,forecast_solar_generation,Solar,2026-05-30T16:05:06Z
2026-05-30T16:04:09Z,2026-05-30T18:04:09+0200,f5ca70ef-bf28-4256-b93b-6a2c907b2b36,2026-05-08T06:45:00Z,2026-05-08T08:45:00+0200,6119.91113,MW,FR,FR,forecast_solar_generation,Solar,2026-05-30T16:05:06Z
2026-05-30T16:04:09Z,2026-05-30T18:04:09+0200,f5ca70ef-bf28-4256-b93b-6a2c907b2b36,2026-05-08T07:00:00Z,2026-05-08T09:00:00+0200,7317.28076,MW,FR,FR,forecast_solar_generation,Solar,2026-05-30T16:05:06Z
2026-05-30T16:04:09Z,2026-05-30T18:04:09+0200,f5ca70ef-bf28-4256-b93b-6a2c907b2b36,2026-05-08T07:15:00Z,2026-05-08T09:15:00+0200,8614.91113,MW,FR,FR,forecast_solar_generation,Solar,2026-05-30T16:05:06Z
2026-05-30T16:04:09Z,2026-05-30T18:04:09+0200,f5ca70ef-bf28-4256-b93b-6a2c907b2b36,2026-05-08T07:30:00Z,2026-05-08T09:30:00+0200,9806.28027,MW,FR,FR,forecast_solar_generation,Solar,2026-05-30T16:05:06Z
2026-05-30T16:04:09Z,2026-05-30T18:04:09+0200,f5ca70ef-bf28-4256-b93b-6a2c907b2b36,2026-05-08T07:45:00Z,2026-05-08T09:45:00+0200,10972.81738,MW,FR,FR,forecast_solar_generation,Solar,2026-05-30T16:05:06Z
2026-05-30T16:04:09Z,2026-05-30T18:04:09+0200,f5ca70ef-bf28-4256-b93b-6a2c907b2b36,2026-05-08T08:00:00Z,2026-05-08T10:00:00+0200,12087.26074,MW,FR,FR,forecast_solar_generation,Solar,2026-05-30T16:05:06Z
2026-05-30T16:04:09Z,2026-05-30T18:04:09+0200,f5ca70ef-bf28-4256-b93b-6a2c907b2b36,2026-05-08T08:15:00Z,2026-05-08T10:15:00+0200,13160.45996,MW,FR,FR,forecast_solar_generation,Solar,2026-05-30T16:05:06Z
2026-05-30T16:04:09Z,2026-05-30T18:04:09+0200,f5ca70ef-bf28-4256-b93b-6a2c907b2b36,2026-05-08T08:30:00Z,2026-05-08T10:30:00+0200,14113.10938,MW,FR,FR,forecast_solar_generation,Solar,2026-05-30T16:05:06Z
2026-05-30T16:04:09Z,2026-05-30T18:04:09+0200,f5ca70ef-bf28-4256-b93b-6a2c907b2b36,2026-05-08T08:45:00Z,2026-05-08T10:45:00+0200,14866.71191,MW,FR,FR,forecast_solar_generation,Solar,2026-05-30T16:05:06Z
2026-05-30T16:04:09Z,2026-05-30T18:04:09+0200,f5ca70ef-bf28-4256-b93b-6a2c907b2b36,2026-05-08T09:00:00Z,2026-05-08T11:00:00+0200,15599.75,MW,FR,FR,forecast_solar_generation,Solar,2026-05-30T16:05:06Z
2026-05-30T16:04:09Z,2026-05-30T18:04:09+0200,f5ca70ef-bf28-4256-b93b-6a2c907b2b36,2026-05-08T09:15:00Z,2026-05-08T11:15:00+0200,16337.84961,MW,FR,FR,forecast_solar_generation,Solar,2026-05-30T16:05:06Z
2026-05-30T16:04:09Z,2026-05-30T18:04:09+0200,f5ca70ef-bf28-4256-b93b-6a2c907b2b36,2026-05-08T09:30:00Z,2026-05-08T11:30:00+0200,17045.77539,MW,FR,FR,forecast_solar_generation,Solar,2026-05-30T16:05:06Z
2026-05-30T16:04:09Z,2026-05-30T18:04:09+0200,f5ca70ef-bf28-4256-b93b-6a2c907b2b36,2026-05-08T09:45:00Z,2026-05-08T11:45:00+0200,17551.96484,MW,FR,FR,forecast_solar_generation,Solar,2026-05-30T16:05:06Z
2026-05-30T16:04:09Z,2026-05-30T18:04:09+0200,f5ca70ef-bf28-4256-b93b-6a2c907b2b36,2026-05-08T10:00:00Z,2026-05-08T12:00:00+0200,18010.99219,MW,FR,FR,forecast_solar_generation,Solar,2026-05-30T16:05:06Z
2026-05-30T16:04:09Z,2026-05-30T18:04:09+0200,f5ca70ef-bf28-4256-b93b-6a2c907b2b36,2026-05-08T10:15:00Z,2026-05-08T12:15:00+0200,18309.75781,MW,FR,FR,forecast_solar_generation,Solar,2026-05-30T16:05:06Z
2026-05-30T16:04:09Z,2026-05-30T18:04:09+0200,f5ca70ef-bf28-4256-b93b-6a2c907b2b36,2026-05-08T10:30:00Z,2026-05-08T12:30:00+0200,18653.17969,MW,FR,FR,forecast_solar_generation,Solar,2026-05-30T16:05:06Z
2026-05-30T16:04:09Z,2026-05-30T18:04:09+0200,f5ca70ef-bf28-4256-b93b-6a2c907b2b36,2026-05-08T10:45:00Z,2026-05-08T12:45:00+0200,18756.77148,MW,FR,FR,forecast_solar_generation,Solar,2026-05-30T16:05:06Z
2026-05-30T16:04:09Z,2026-05-30T18:04:09+0200,f5ca70ef-bf28-4256-b93b-6a2c907b2b36,2026-05-08T11:00:00Z,2026-05-08T13:00:00+0200,18904.73242,MW,FR,FR,forecast_solar_generation,Solar,2026-05-30T16:05:06Z
2026-05-30T16:04:09Z,2026-05-30T18:04:09+0200,f5ca70ef-bf28-4256-b93b-6a2c907b2b36,2026-05-08T11:15:00Z,2026-05-08T13:15:00+0200,19000.68164,MW,FR,FR,forecast_solar_generation,Solar,2026-05-30T16:05:06Z
2026-05-30T16:04:09Z,2026-05-30T18:04:09+0200,f5ca70ef-bf28-4256-b93b-6a2c907b2b36,2026-05-08T11:30:00Z,2026-05-08T13:30:00+0200,19092.66992,MW,FR,FR,forecast_solar_generation,Solar,2026-05-30T16:05:06Z
2026-05-30T16:04:09Z,2026-05-30T18:04:09+0200,f5ca70ef-bf28-4256-b93b-6a2c907b2b36,2026-05-08T11:45:00Z,2026-05-08T13:45:00+0200,18973.77734,MW,FR,FR,forecast_solar_generation,Solar,2026-05-30T16:05:06Z
2026-05-30T16:04:09Z,2026-05-30T18:04:09+0200,f5ca70ef-bf28-4256-b93b-6a2c907b2b36,2026-05-08T12:00:00Z,2026-05-08T14:00:00+0200,18817.22266,MW,FR,FR,forecast_solar_generation,Solar,2026-05-30T16:05:06Z
2026-05-30T16:04:09Z,2026-05-30T18:04:09+0200,f5ca70ef-bf28-4256-b93b-6a2c907b2b36,2026-05-08T12:15:00Z,2026-05-08T14:15:00+0200,18588.86914,MW,FR,FR,forecast_solar_generation,Solar,2026-05-30T16:05:06Z
2026-05-30T16:04:09Z,2026-05-30T18:04:09+0200,f5ca70ef-bf28-4256-b93b-6a2c907b2b36,2026-05-08T12:30:00Z,2026-05-08T14:30:00+0200,18333.81836,MW,FR,FR,forecast_solar_generation,Solar,2026-05-30T16:05:06Z
2026-05-30T16:04:09Z,2026-05-30T18:04:09+0200,f5ca70ef-bf28-4256-b93b-6a2c907b2b36,2026-05-08T12:45:00Z,2026-05-08T14:45:00+0200,17833.61719,MW,FR,FR,forecast_solar_generation,Solar,2026-05-30T16:05:06Z
2026-05-30T16:04:09Z,2026-05-30T18:04:09+0200,f5ca70ef-bf28-4256-b93b-6a2c907b2b36,2026-05-08T13:00:00Z,2026-05-08T15:00:00+0200,17254.5293,MW,FR,FR,forecast_solar_generation,Solar,2026-05-30T16:05:06Z
2026-05-30T16:04:09Z,2026-05-30T18:04:09+0200,f5ca70ef-bf28-4256-b93b-6a2c907b2b36,2026-05-08T13:15:00Z,2026-05-08T15:15:00+0200,16665.55078,MW,FR,FR,forecast_solar_generation,Solar,2026-05-30T16:05:06Z
2026-05-30T16:04:09Z,2026-05-30T18:04:09+0200,f5ca70ef-bf28-4256-b93b-6a2c907b2b36,2026-05-08T13:30:00Z,2026-05-08T15:30:00+0200,16164.03027,MW,FR,FR,forecast_solar_generation,Solar,2026-05-30T16:05:06Z
2026-05-30T16:04:09Z,2026-05-30T18:04:09+0200,f5ca70ef-bf28-4256-b93b-6a2c907b2b36,2026-05-08T13:45:00Z,2026-05-08T15:45:00+0200,15503.40625,MW,FR,FR,forecast_solar_generation,Solar,2026-05-30T16:05:06Z
2026-05-30T16:04:09Z,2026-05-30T18:04:09+0200,f5ca70ef-bf28-4256-b93b-6a2c907b2b36,2026-05-08T14:00:00Z,2026-05-08T16:00:00+0200,11656.95898,MW,FR,FR,forecast_solar_generation,Solar,2026-05-30T16:05:06Z
2026-05-30T16:04:09Z,2026-05-30T18:04:09+0200,f5ca70ef-bf28-4256-b93b-6a2c907b2b36,2026-05-08T14:15:00Z,2026-05-08T16:15:00+0200,11134.73047,MW,FR,FR,forecast_solar_generation,Solar,2026-05-30T16:05:06Z
2026-05-30T16:04:09Z,2026-05-30T18:04:09+0200,f5ca70ef-bf28-4256-b93b-6a2c907b2b36,2026-05-08T14:30:00Z,2026-05-08T16:30:00+0200,13441.7832,MW,FR,FR,forecast_solar_generation,Solar,2026-05-30T16:05:06Z
2026-05-30T16:04:09Z,2026-05-30T18:04:09+0200,f5ca70ef-bf28-4256-b93b-6a2c907b2b36,2026-05-08T14:45:00Z,2026-05-08T16:45:00+0200,12725.46094,MW,FR,FR,forecast_solar_generation,Solar,2026-05-30T16:05:06Z
2026-05-30T16:04:09Z,2026-05-30T18:04:09+0200,f5ca70ef-bf28-4256-b93b-6a2c907b2b36,2026-05-08T15:00:00Z,2026-05-08T17:00:00+0200,11977.53418,MW,FR,FR,forecast_solar_generation,Solar,2026-05-30T16:05:06Z
2026-05-30T16:04:09Z,2026-05-30T18:04:09+0200,f5ca70ef-bf28-4256-b93b-6a2c907b2b36,2026-05-08T15:15:00Z,2026-05-08T17:15:00+0200,11184.67676,MW,FR,FR,forecast_solar_generation,Solar,2026-05-30T16:05:06Z
2026-05-30T16:04:09Z,2026-05-30T18:04:09+0200,f5ca70ef-bf28-4256-b93b-6a2c907b2b36,2026-05-08T15:30:00Z,2026-05-08T17:30:00+0200,10322.0957,MW,FR,FR,forecast_solar_generation,Solar,2026-05-30T16:05:06Z
2026-05-30T16:04:09Z,2026-05-30T18:04:09+0200,f5ca70ef-bf28-4256-b93b-6a2c907b2b36,2026-05-08T15:45:00Z,2026-05-08T17:45:00+0200,9432.59375,MW,FR,FR,forecast_solar_generation,Solar,2026-05-30T16:05:06Z
2026-05-30T16:04:09Z,2026-05-30T18:04:09+0200,f5ca70ef-bf28-4256-b93b-6a2c907b2b36,2026-05-08T16:00:00Z,2026-05-08T18:00:00+0200,8467.8418,MW,FR,FR,forecast_solar_generation,Solar,2026-05-30T16:05:06Z
2026-05-30T16:04:09Z,2026-05-30T18:04:09+0200,f5ca70ef-bf28-4256-b93b-6a2c907b2b36,2026-05-08T16:15:00Z,2026-05-08T18:15:00+0200,7376.53125,MW,FR,FR,forecast_solar_generation,Solar,2026-05-30T16:05:06Z
2026-05-30T16:04:09Z,2026-05-30T18:04:09+0200,f5ca70ef-bf28-4256-b93b-6a2c907b2b36,2026-05-08T16:30:00Z,2026-05-08T18:30:00+0200,6387.07568,MW,FR,FR,forecast_solar_generation,Solar,2026-05-30T16:05:06Z
2026-05-30T16:04:09Z,2026-05-30T18:04:09+0200,f5ca70ef-bf28-4256-b93b-6a2c907b2b36,2026-05-08T16:45:00Z,2026-05-08T18:45:00+0200,5635.41895,MW,FR,FR,forecast_solar_generation,Solar,2026-05-30T16:05:06Z
2026-05-30T16:04:09Z,2026-05-30T18:04:09+0200,f5ca70ef-bf28-4256-b93b-6a2c907b2b36,2026-05-08T17:00:00Z,2026-05-08T19:00:00+0200,4586.16846,MW,FR,FR,forecast_solar_generation,Solar,2026-05-30T16:05:06Z
2026-05-30T16:04:09Z,2026-05-30T18:04:09+0200,f5ca70ef-bf28-4256-b93b-6a2c907b2b36,2026-05-08T17:15:00Z,2026-05-08T19:15:00+0200,3853.11011,MW,FR,FR,forecast_solar_generation,Solar,2026-05-30T16:05:06Z
2026-05-30T16:04:09Z,2026-05-30T18:04:09+0200,f5ca70ef-bf28-4256-b93b-6a2c907b2b36,2026-05-08T17:30:00Z,2026-05-08T19:30:00+0200,2909.31372,MW,FR,FR,forecast_solar_generation,Solar,2026-05-30T16:05:06Z
2026-05-30T16:04:09Z,2026-05-30T18:04:09+0200,f5ca70ef-bf28-4256-b93b-6a2c907b2b36,2026-05-08T17:45:00Z,2026-05-08T19:45:00+0200,2361.01245,MW,FR,FR,forecast_solar_generation,Solar,2026-05-30T16:05:06Z
2026-05-30T16:04:09Z,2026-05-30T18:04:09+0200,f5ca70ef-bf28-4256-b93b-6a2c907b2b36,2026-05-08T18:00:00Z,2026-05-08T20:00:00+0200,1690.80908,MW,FR,FR,forecast_solar_generation,Solar,2026-05-30T16:05:06Z
2026-05-30T16:04:09Z,2026-05-30T18:04:09+0200,f5ca70ef-bf28-4256-b93b-6a2c907b2b36,2026-05-08T18:15:00Z,2026-05-08T20:15:00+0200,1162.03186,MW,FR,FR,forecast_solar_generation,Solar,2026-05-30T16:05:06Z
2026-05-30T16:04:09Z,2026-05-30T18:04:09+0200,f5ca70ef-bf28-4256-b93b-6a2c907b2b36,2026-05-08T18:30:00Z,2026-05-08T20:30:00+0200,685.2312,MW,FR,FR,forecast_solar_generation,Solar,2026-05-30T16:05:06Z
2026-05-30T16:04:09Z,2026-05-30T18:04:09+0200,f5ca70ef-bf28-4256-b93b-6a2c907b2b36,2026-05-08T18:45:00Z,2026-05-08T20:45:00+0200,434.99115,MW,FR,FR,forecast_solar_generation,Solar,2026-05-30T16:05:06Z
2026-05-30T16:04:09Z,2026-05-30T18:04:09+0200,f5ca70ef-bf28-4256-b93b-6a2c907b2b36,2026-05-08T19:00:00Z,2026-05-08T21:00:00+0200,207.43567,MW,FR,FR,forecast_solar_generation,Solar,2026-05-30T16:05:06Z
2026-05-30T16:04:09Z,2026-05-30T18:04:09+0200,f5ca70ef-bf28-4256-b93b-6a2c907b2b36,2026-05-08T19:15:00Z,2026-05-08T21:15:00+0200,36.49047,MW,FR,FR,forecast_solar_generation,Solar,2026-05-30T16:05:06Z
2026-05-30T16:04:09Z,2026-05-30T18:04:09+0200,f5ca70ef-bf28-4256-b93b-6a2c907b2b36,2026-05-08T19:30:00Z,2026-05-08T21:30:00+0200,3.86546,MW,FR,FR,forecast_solar_generation,Solar,2026-05-30T16:05:06Z
2026-05-30T16:04:09Z,2026-05-30T18:04:09+0200,f5ca70ef-bf28-4256-b93b-6a2c907b2b36,2026-05-08T19:45:00Z,2026-05-08T21:45:00+0200,0.0,MW,FR,FR,forecast_solar_generation,Solar,2026-05-30T16:05:06Z
2026-05-30T16:04:09Z,2026-05-30T18:04:09+0200,f5ca70ef-bf28-4256-b93b-6a2c907b2b36,2026-05-08T20:00:00Z,2026-05-08T22:00:00+0200,0.0,MW,FR,FR,forecast_solar_generation,Solar,2026-05-30T16:05:06Z
2026-05-30T16:04:09Z,2026-05-30T18:04:09+0200,f5ca70ef-bf28-4256-b93b-6a2c907b2b36,2026-05-08T20:15:00Z,2026-05-08T22:15:00+0200,0.0,MW,FR,FR,forecast_solar_generation,Solar,2026-05-30T16:05:06Z
2026-05-30T16:04:09Z,2026-05-30T18:04:09+0200,f5ca70ef-bf28-4256-b93b-6a2c907b2b36,2026-05-08T20:30:00Z,2026-05-08T22:30:00+0200,0.0,MW,FR,FR,forecast_solar_generation,Solar,2026-05-30T16:05:06Z
2026-05-30T16:04:09Z,2026-05-30T18:04:09+0200,f5ca70ef-bf28-4256-b93b-6a2c907b2b36,2026-05-08T20:45:00Z,2026-05-08T22:45:00+0200,0.0,MW,FR,FR,forecast_solar_generation,Solar,2026-05-30T16:05:06Z
2026-05-30T16:04:09Z,2026-05-30T18:04:09+0200,f5ca70ef-bf28-4256-b93b-6a2c907b2b36,2026-05-08T21:00:00Z,2026-05-08T23:00:00+0200,0.0,MW,FR,FR,forecast_solar_generation,Solar,2026-05-30T16:05:06Z
2026-05-30T16:04:09Z,2026-05-30T18:04:09+0200,f5ca70ef-bf28-4256-b93b-6a2c907b2b36,2026-05-08T21:15:00Z,2026-05-08T23:15:00+0200,0.0,MW,FR,FR,forecast_solar_generation,Solar,2026-05-30T16:05:06Z
2026-05-30T16:04:09Z,2026-05-30T18:04:09+0200,f5ca70ef-bf28-4256-b93b-6a2c907b2b36,2026-05-08T21:30:00Z,2026-05-08T23:30:00+0200,0.0,MW,FR,FR,forecast_solar_generation,Solar,2026-05-30T16:05:06Z
2026-05-30T16:04:09Z,2026-05-30T18:04:09+0200,f5ca70ef-bf28-4256-b93b-6a2c907b2b36,2026-05-08T21:45:00Z,2026-05-08T23:45:00+0200,0.0,MW,FR,FR,forecast_solar_generation,Solar,2026-05-30T16:05:06Z
2026-05-30T16:04:09Z,2026-05-30T18:04:09+0200,f5ca70ef-bf28-4256-b93b-6a2c907b2b36,2026-05-08T22:00:00Z,2026-05-09T00:00:00+0200,0.0,MW,FR,FR,forecast_solar_generation,Solar,2026-05-30T16:05:06Z
2026-05-30T16:04:09Z,2026-05-30T18:04:09+0200,f5ca70ef-bf28-4256-b93b-6a2c907b2b36,2026-05-08T22:15:00Z,2026-05-09T00:15:00+0200,0.0,MW,FR,FR,forecast_solar_generation,Solar,2026-05-30T16:05:06Z
2026-05-30T16:04:09Z,2026-05-30T18:04:09+0200,f5ca70ef-bf28-4256-b93b-6a2c907b2b36,2026-05-08T22:30:00Z,2026-05-09T00:30:00+0200,0.0,MW,FR,FR,forecast_solar_generation,Solar,2026-05-30T16:05:06Z
2026-05-30T16:04:09Z,2026-05-30T18:04:09+0200,f5ca70ef-bf28-4256-b93b-6a2c907b2b36,2026-05-08T22:45:00Z,2026-05-09T00:45:00+0200,0.0,MW,FR,FR,forecast_solar_generation,Solar,2026-05-30T16:05:06Z
2026-05-30T16:04:09Z,2026-05-30T18:04:09+0200,f5ca70ef-bf28-4256-b93b-6a2c907b2b36,2026-05-08T23:00:00Z,2026-05-09T01:00:00+0200,0.0,MW,FR,FR,forecast_solar_generation,Solar,2026-05-30T16:05:06Z
2026-05-30T16:04:09Z,2026-05-30T18:04:09+0200,f5ca70ef-bf28-4256-b93b-6a2c907b2b36,2026-05-08T23:15:00Z,2026-05-09T01:15:00+0200,0.0,MW,FR,FR,forecast_solar_generation,Solar,2026-05-30T16:05:06Z
2026-05-30T16:04:09Z,2026-05-30T18:04:09+0200,f5ca70ef-bf28-4256-b93b-6a2c907b2b36,2026-05-08T23:30:00Z,2026-05-09T01:30:00+0200,0.0,MW,FR,FR,forecast_solar_generation,Solar,2026-05-30T16:05:06Z
2026-05-30T16:04:09Z,2026-05-30T18:04:09+0200,f5ca70ef-bf28-4256-b93b-6a2c907b2b36,2026-05-08T23:45:00Z,2026-05-09T01:45:00+0200,0.0,MW,FR,FR,forecast_solar_generation,Solar,2026-05-30T16:05:06Z
2026-05-30T16:04:09Z,2026-05-30T18:04:09+0200,f5ca70ef-bf28-4256-b93b-6a2c907b2b36,2026-05-09T00:00:00Z,2026-05-09T02:00:00+0200,0.0,MW,FR,FR,forecast_solar_generation,Solar,2026-05-30T16:05:06Z
2026-05-30T16:04:09Z,2026-05-30T18:04:09+0200,f5ca70ef-bf28-4256-b93b-6a2c907b2b36,2026-05-09T00:15:00Z,2026-05-09T02:15:00+0200,0.0,MW,FR,FR,forecast_solar_generation,Solar,2026-05-30T16:05:06Z
2026-05-30T16:04:09Z,2026-05-30T18:04:09+0200,f5ca70ef-bf28-4256-b93b-6a2c907b2b36,2026-05-09T00:30:00Z,2026-05-09T02:30:00+0200,0.0,MW,FR,FR,forecast_solar_generation,Solar,2026-05-30T16:05:06Z
2026-05-30T16:04:09Z,2026-05-30T18:04:09+0200,f5ca70ef-bf28-4256-b93b-6a2c907b2b36,2026-05-09T00:45:00Z,2026-05-09T02:45:00+0200,0.0,MW,FR,FR,forecast_solar_generation,Solar,2026-05-30T16:05:06Z
2026-05-30T16:04:09Z,2026-05-30T18:04:09+0200,f5ca70ef-bf28-4256-b93b-6a2c907b2b36,2026-05-09T01:00:00Z,2026-05-09T03:00:00+0200,0.0,MW,FR,FR,forecast_solar_generation,Solar,2026-05-30T16:05:06Z
2026-05-30T16:04:09Z,2026-05-30T18:04:09+0200,f5ca70ef-bf28-4256-b93b-6a2c907b2b36,2026-05-09T01:15:00Z,2026-05-09T03:15:00+0200,0.0,MW,FR,FR,forecast_solar_generation,Solar,2026-05-30T16:05:06Z
2026-05-30T16:04:09Z,2026-05-30T18:04:09+0200,f5ca70ef-bf28-4256-b93b-6a2c907b2b36,2026-05-09T01:30:00Z,2026-05-09T03:30:00+0200,0.0,MW,FR,FR,forecast_solar_generation,Solar,2026-05-30T16:05:06Z
2026-05-30T16:04:09Z,2026-05-30T18:04:09+0200,f5ca70ef-bf28-4256-b93b-6a2c907b2b36,2026-05-09T01:45:00Z,2026-05-09T03:45:00+0200,0.0,MW,FR,FR,forecast_solar_generation,Solar,2026-05-30T16:05:06Z
2026-05-30T16:04:09Z,2026-05-30T18:04:09+0200,f5ca70ef-bf28-4256-b93b-6a2c907b2b36,2026-05-09T02:00:00Z,2026-05-09T04:00:00+0200,0.0,MW,FR,FR,forecast_solar_generation,Solar,2026-05-30T16:05:06Z
2026-05-30T16:04:09Z,2026-05-30T18:04:09+0200,f5ca70ef-bf28-4256-b93b-6a2c907b2b36,2026-05-09T02:15:00Z,2026-05-09T04:15:00+0200,0.0,MW,FR,FR,forecast_solar_generation,Solar,2026-05-30T16:05:06Z
2026-05-30T16:04:09Z,2026-05-30T18:04:09+0200,f5ca70ef-bf28-4256-b93b-6a2c907b2b36,2026-05-09T02:30:00Z,2026-05-09T04:30:00+0200,0.0,MW,FR,FR,forecast_solar_generation,Solar,2026-05-30T16:05:06Z
2026-05-30T16:04:09Z,2026-05-30T18:04:09+0200,f5ca70ef-bf28-4256-b93b-6a2c907b2b36,2026-05-09T02:45:00Z,2026-05-09T04:45:00+0200,0.0,MW,FR,FR,forecast_solar_generation,Solar,2026-05-30T16:05:06Z
2026-05-30T16:04:09Z,2026-05-30T18:04:09+0200,f5ca70ef-bf28-4256-b93b-6a2c907b2b36,2026-05-09T03:00:00Z,2026-05-09T05:00:00+0200,0.0,MW,FR,FR,forecast_solar_generation,Solar,2026-05-30T16:05:06Z
2026-05-30T16:04:09Z,2026-05-30T18:04:09+0200,f5ca70ef-bf28-4256-b93b-6a2c907b2b36,2026-05-09T03:15:00Z,2026-05-09T05:15:00+0200,0.0,MW,FR,FR,forecast_solar_generation,Solar,2026-05-30T16:05:06Z
2026-05-30T16:04:09Z,2026-05-30T18:04:09+0200,f5ca70ef-bf28-4256-b93b-6a2c907b2b36,2026-05-09T03:30:00Z,2026-05-09T05:30:00+0200,0.0,MW,FR,FR,forecast_solar_generation,Solar,2026-05-30T16:05:06Z
2026-05-30T16:04:09Z,2026-05-30T18:04:09+0200,f5ca70ef-bf28-4256-b93b-6a2c907b2b36,2026-05-09T03:45:00Z,2026-05-09T05:45:00+0200,0.0,MW,FR,FR,forecast_solar_generation,Solar,2026-05-30T16:05:06Z
2026-05-30T16:04:09Z,2026-05-30T18:04:09+0200,f5ca70ef-bf28-4256-b93b-6a2c907b2b36,2026-05-09T04:00:00Z,2026-05-09T06:00:00+0200,0.0,MW,FR,FR,forecast_solar_generation,Solar,2026-05-30T16:05:06Z
2026-05-30T16:04:09Z,2026-05-30T18:04:09+0200,f5ca70ef-bf28-4256-b93b-6a2c907b2b36,2026-05-09T04:15:00Z,2026-05-09T06:15:00+0200,8.63023,MW,FR,FR,forecast_solar_generation,Solar,2026-05-30T16:05:06Z
2026-05-30T16:04:09Z,2026-05-30T18:04:09+0200,f5ca70ef-bf28-4256-b93b-6a2c907b2b36,2026-05-09T04:30:00Z,2026-05-09T06:30:00+0200,48.67857,MW,FR,FR,forecast_solar_generation,Solar,2026-05-30T16:05:06Z
2026-05-30T16:04:09Z,2026-05-30T18:04:09+0200,f5ca70ef-bf28-4256-b93b-6a2c907b2b36,2026-05-09T04:45:00Z,2026-05-09T06:45:00+0200,226.52454,MW,FR,FR,forecast_solar_generation,Solar,2026-05-30T16:05:06Z
2026-05-30T16:04:09Z,2026-05-30T18:04:09+0200,f5ca70ef-bf28-4256-b93b-6a2c907b2b36,2026-05-09T05:00:00Z,2026-05-09T07:00:00+0200,512.45404,MW,FR,FR,forecast_solar_generation,Solar,2026-05-30T16:05:06Z
2026-05-30T16:04:09Z,2026-05-30T18:04:09+0200,f5ca70ef-bf28-4256-b93b-6a2c907b2b36,2026-05-09T05:15:00Z,2026-05-09T07:15:00+0200,844.57745,MW,FR,FR,forecast_solar_generation,Solar,2026-05-30T16:05:06Z
2026-05-30T16:04:09Z,2026-05-30T18:04:09+0200,f5ca70ef-bf28-4256-b93b-6a2c907b2b36,2026-05-09T05:30:00Z,2026-05-09T07:30:00+0200,1247.15918,MW,FR,FR,forecast_solar_generation,Solar,2026-05-30T16:05:06Z
2026-05-30T16:04:09Z,2026-05-30T18:04:09+0200,f5ca70ef-bf28-4256-b93b-6a2c907b2b36,2026-05-09T05:45:00Z,2026-05-09T07:45:00+0200,1911.75146,MW,FR,FR,forecast_solar_generation,Solar,2026-05-30T16:05:06Z
2026-05-30T16:04:09Z,2026-05-30T18:04:09+0200,f5ca70ef-bf28-4256-b93b-6a2c907b2b36,2026-05-09T06:00:00Z,2026-05-09T08:00:00+0200,2699.77588,MW,FR,FR,forecast_solar_generation,Solar,2026-05-30T16:05:06Z
2026-05-30T16:04:09Z,2026-05-30T18:04:09+0200,f5ca70ef-bf28-4256-b93b-6a2c907b2b36,2026-05-09T06:15:00Z,2026-05-09T08:15:00+0200,3622.79541,MW,FR,FR,forecast_solar_generation,Solar,2026-05-30T16:05:06Z
2026-05-30T16:04:09Z,2026-05-30T18:04:09+0200,f5ca70ef-bf28-4256-b93b-6a2c907b2b36,2026-05-09T06:30:00Z,2026-05-09T08:30:00+0200,4507.07129,MW,FR,FR,forecast_solar_generation,Solar,2026-05-30T16:05:06Z
2026-05-30T16:04:09Z,2026-05-30T18:04:09+0200,f5ca70ef-bf28-4256-b93b-6a2c907b2b36,2026-05-09T06:45:00Z,2026-05-09T08:45:00+0200,5657.8877,MW,FR,FR,forecast_solar_generation,Solar,2026-05-30T16:05:06Z
2026-05-30T16:04:09Z,2026-05-30T18:04:09+0200,f5ca70ef-bf28-4256-b93b-6a2c907b2b36,2026-05-09T07:00:00Z,2026-05-09T09:00:00+0200,6747.78076,MW,FR,FR,forecast_solar_generation,Solar,2026-05-30T16:05:06Z
2026-05-30T16:04:09Z,2026-05-30T18:04:09+0200,f5ca70ef-bf28-4256-b93b-6a2c907b2b36,2026-05-09T07:15:00Z,2026-05-09T09:15:00+0200,7925.63525,MW,FR,FR,forecast_solar_generation,Solar,2026-05-30T16:05:06Z
2026-05-30T16:04:09Z,2026-05-30T18:04:09+0200,f5ca70ef-bf28-4256-b93b-6a2c907b2b36,2026-05-09T07:30:00Z,2026-05-09T09:30:00+0200,9027.99121,MW,FR,FR,forecast_solar_generation,Solar,2026-05-30T16:05:06Z
2026-05-30T16:04:09Z,2026-05-30T18:04:09+0200,f5ca70ef-bf28-4256-b93b-6a2c907b2b36,2026-05-09T07:45:00Z,2026-05-09T09:45:00+0200,10065.54492,MW,FR,FR,forecast_solar_generation,Solar,2026-05-30T16:05:06Z
2026-05-30T16:04:09Z,2026-05-30T18:04:09+0200,f5ca70ef-bf28-4256-b93b-6a2c907b2b36,2026-05-09T08:00:00Z,2026-05-09T10:00:00+0200,11062.45801,MW,FR,FR,forecast_solar_generation,Solar,2026-05-30T16:05:06Z
2026-05-30T16:04:09Z,2026-05-30T18:04:09+0200,f5ca70ef-bf28-4256-b93b-6a2c907b2b36,2026-05-09T08:15:00Z,2026-05-09T10:15:00+0200,12087.03027,MW,FR,FR,forecast_solar_generation,Solar,2026-05-30T16:05:06Z
2026-05-30T16:04:09Z,2026-05-30T18:04:09+0200,f5ca70ef-bf28-4256-b93b-6a2c907b2b36,2026-05-09T08:30:00Z,2026-05-09T10:30:00+0200,12990.95312,MW,FR,FR,forecast_solar_generation,Solar,2026-05-30T16:05:06Z
2026-05-30T16:04:09Z,2026-05-30T18:04:09+0200,f5ca70ef-bf28-4256-b93b-6a2c907b2b36,2026-05-09T08:45:00Z,2026-05-09T10:45:00+0200,13742.19238,MW,FR,FR,forecast_solar_generation,Solar,2026-05-30T16:05:06Z
2026-05-30T16:04:09Z,2026-05-30T18:04:09+0200,f5ca70ef-bf28-4256-b93b-6a2c907b2b36,2026-05-09T09:00:00Z,2026-05-09T11:00:00+0200,14497.91602,MW,FR,FR,forecast_solar_generation,Solar,2026-05-30T16:05:06Z
2026-05-30T16:04:09Z,2026-05-30T18:04:09+0200,f5ca70ef-bf28-4256-b93b-6a2c907b2b36,2026-05-09T09:15:00Z,2026-05-09T11:15:00+0200,11930.25781,MW,FR,FR,forecast_solar_generation,Solar,2026-05-30T16:05:06Z
2026-05-30T16:04:09Z,2026-05-30T18:04:09+0200,f5ca70ef-bf28-4256-b93b-6a2c907b2b36,2026-05-09T09:30:00Z,2026-05-09T11:30:00+0200,12537.45508,MW,FR,FR,forecast_solar_generation,Solar,2026-05-30T16:05:06Z
2026-05-30T16:04:09Z,2026-05-30T18:04:09+0200,f5ca70ef-bf28-4256-b93b-6a2c907b2b36,2026-05-09T09:45:00Z,2026-05-09T11:45:00+0200,12903.68262,MW,FR,FR,forecast_solar_generation,Solar,2026-05-30T16:05:06Z
2026-05-30T16:04:09Z,2026-05-30T18:04:09+0200,f5ca70ef-bf28-4256-b93b-6a2c907b2b36,2026-05-09T10:00:00Z,2026-05-09T12:00:00+0200,13281.50781,MW,FR,FR,forecast_solar_generation,Solar,2026-05-30T16:05:06Z
2026-05-30T16:04:09Z,2026-05-30T18:04:09+0200,f5ca70ef-bf28-4256-b93b-6a2c907b2b36,2026-05-09T10:15:00Z,2026-05-09T12:15:00+0200,13560.05664,MW,FR,FR,forecast_solar_generation,Solar,2026-05-30T16:05:06Z
2026-05-30T16:04:09Z,2026-05-30T18:04:09+0200,f5ca70ef-bf28-4256-b93b-6a2c907b2b36,2026-05-09T10:30:00Z,2026-05-09T12:30:00+0200,13899.93848,MW,FR,FR,forecast_solar_generation,Solar,2026-05-30T16:05:06Z
2026-05-30T16:04:09Z,2026-05-30T18:04:09+0200,f5ca70ef-bf28-4256-b93b-6a2c907b2b36,2026-05-09T10:45:00Z,2026-05-09T12:45:00+0200,14075.3457,MW,FR,FR,forecast_solar_generation,Solar,2026-05-30T16:05:06Z
2026-05-30T16:04:09Z,2026-05-30T18:04:09+0200,f5ca70ef-bf28-4256-b93b-6a2c907b2b36,2026-05-09T11:00:00Z,2026-05-09T13:00:00+0200,14298.29004,MW,FR,FR,forecast_solar_generation,Solar,2026-05-30T16:05:06Z
2026-05-30T16:04:09Z,2026-05-30T18:04:09+0200,f5ca70ef-bf28-4256-b93b-6a2c907b2b36,2026-05-09T11:15:00Z,2026-05-09T13:15:00+0200,14417.14258,MW,FR,FR,forecast_solar_generation,Solar,2026-05-30T16:05:06Z
2026-05-30T16:04:09Z,2026-05-30T18:04:09+0200,f5ca70ef-bf28-4256-b93b-6a2c907b2b36,2026-05-09T11:30:00Z,2026-05-09T13:30:00+0200,14537.11133,MW,FR,FR,forecast_solar_generation,Solar,2026-05-30T16:05:06Z
2026-05-30T16:04:09Z,2026-05-30T18:04:09+0200,f5ca70ef-bf28-4256-b93b-6a2c907b2b36,2026-05-09T11:45:00Z,2026-05-09T13:45:00+0200,14492.44629,MW,FR,FR,forecast_solar_generation,Solar,2026-05-30T16:05:06Z
2026-05-30T16:04:09Z,2026-05-30T18:04:09+0200,f5ca70ef-bf28-4256-b93b-6a2c907b2b36,2026-05-09T12:00:00Z,2026-05-09T14:00:00+0200,14404.03027,MW,FR,FR,forecast_solar_generation,Solar,2026-05-30T16:05:06Z
2026-05-30T16:04:09Z,2026-05-30T18:04:09+0200,f5ca70ef-bf28-4256-b93b-6a2c907b2b36,2026-05-09T12:15:00Z,2026-05-09T14:15:00+0200,14262.63965,MW,FR,FR,forecast_solar_generation,Solar,2026-05-30T16:05:06Z
2026-05-30T16:04:09Z,2026-05-30T18:04:09+0200,f5ca70ef-bf28-4256-b93b-6a2c907b2b36,2026-05-09T12:30:00Z,2026-05-09T14:30:00+0200,14079.10254,MW,FR,FR,forecast_solar_generation,Solar,2026-05-30T16:05:06Z
2026-05-30T16:04:09Z,2026-05-30T18:04:09+0200,f5ca70ef-bf28-4256-b93b-6a2c907b2b36,2026-05-09T12:45:00Z,2026-05-09T14:45:00+0200,13761.4043,MW,FR,FR,forecast_solar_generation,Solar,2026-05-30T16:05:06Z
2026-05-30T16:04:09Z,2026-05-30T18:04:09+0200,f5ca70ef-bf28-4256-b93b-6a2c907b2b36,2026-05-09T13:00:00Z,2026-05-09T15:00:00+0200,13436.38574,MW,FR,FR,forecast_solar_generation,Solar,2026-05-30T16:05:06Z
2026-05-30T16:04:09Z,2026-05-30T18:04:09+0200,f5ca70ef-bf28-4256-b93b-6a2c907b2b36,2026-05-09T13:15:00Z,2026-05-09T15:15:00+0200,16576.92578,MW,FR,FR,forecast_solar_generation,Solar,2026-05-30T16:05:06Z
2026-05-30T16:04:09Z,2026-05-30T18:04:09+0200,f5ca70ef-bf28-4256-b93b-6a2c907b2b36,2026-05-09T13:30:00Z,2026-05-09T15:30:00+0200,16160.58301,MW,FR,FR,forecast_solar_generation,Solar,2026-05-30T16:05:06Z
2026-05-30T16:04:09Z,2026-05-30T18:04:09+0200,f5ca70ef-bf28-4256-b93b-6a2c907b2b36,2026-05-09T13:45:00Z,2026-05-09T15:45:00+0200,15515.0498,MW,FR,FR,forecast_solar_generation,Solar,2026-05-30T16:05:06Z
2026-05-30T16:04:09Z,2026-05-30T18:04:09+0200,f5ca70ef-bf28-4256-b93b-6a2c907b2b36,2026-05-09T14:00:00Z,2026-05-09T16:00:00+0200,14855.09277,MW,FR,FR,forecast_solar_generation,Solar,2026-05-30T16:05:06Z
2026-05-30T16:04:09Z,2026-05-30T18:04:09+0200,f5ca70ef-bf28-4256-b93b-6a2c907b2b36,2026-05-09T14:15:00Z,2026-05-09T16:15:00+0200,14142.34668,MW,FR,FR,forecast_solar_generation,Solar,2026-05-30T16:05:06Z
2026-05-30T16:04:09Z,2026-05-30T18:04:09+0200,f5ca70ef-bf28-4256-b93b-6a2c907b2b36,2026-05-09T14:30:00Z,2026-05-09T16:30:00+0200,13442.31738,MW,FR,FR,forecast_solar_generation,Solar,2026-05-30T16:05:06Z
2026-05-30T16:04:09Z,2026-05-30T18:04:09+0200,f5ca70ef-bf28-4256-b93b-6a2c907b2b36,2026-05-09T14:45:00Z,2026-05-09T16:45:00+0200,12601.24805,MW,FR,FR,forecast_solar_generation,Solar,2026-05-30T16:05:06Z
2026-05-30T16:04:09Z,2026-05-30T18:04:09+0200,f5ca70ef-bf28-4256-b93b-6a2c907b2b36,2026-05-09T15:00:00Z,2026-05-09T17:00:00+0200,11763.83789,MW,FR,FR,forecast_solar_generation,Solar,2026-05-30T16:05:06Z
2026-05-30T16:04:09Z,2026-05-30T18:04:09+0200,f5ca70ef-bf28-4256-b93b-6a2c907b2b36,2026-05-09T15:15:00Z,2026-05-09T17:15:00+0200,10833.08301,MW,FR,FR,forecast_solar_generation,Solar,2026-05-30T16:05:06Z
2026-05-30T16:04:09Z,2026-05-30T18:04:09+0200,f5ca70ef-bf28-4256-b93b-6a2c907b2b36,2026-05-09T15:30:00Z,2026-05-09T17:30:00+0200,9872.65332,MW,FR,FR,forecast_solar_generation,Solar,2026-05-30T16:05:06Z
2026-05-30T16:04:09Z,2026-05-30T18:04:09+0200,f5ca70ef-bf28-4256-b93b-6a2c907b2b36,2026-05-09T15:45:00Z,2026-05-09T17:45:00+0200,8951.88965,MW,FR,FR,forecast_solar_generation,Solar,2026-05-30T16:05:06Z
2026-05-30T16:04:09Z,2026-05-30T18:04:09+0200,f5ca70ef-bf28-4256-b93b-6a2c907b2b36,2026-05-09T16:00:00Z,2026-05-09T18:00:00+0200,7907.33008,MW,FR,FR,forecast_solar_generation,Solar,2026-05-30T16:05:06Z
2026-05-30T16:04:09Z,2026-05-30T18:04:09+0200,f5ca70ef-bf28-4256-b93b-6a2c907b2b36,2026-05-09T16:15:00Z,2026-05-09T18:15:00+0200,6837.63379,MW,FR,FR,forecast_solar_generation,Solar,2026-05-30T16:05:06Z
2026-05-30T16:04:09Z,2026-05-30T18:04:09+0200,f5ca70ef-bf28-4256-b93b-6a2c907b2b36,2026-05-09T16:30:00Z,2026-05-09T18:30:00+0200,5888.38232,MW,FR,FR,forecast_solar_generation,Solar,2026-05-30T16:05:06Z
2026-05-30T16:04:09Z,2026-05-30T18:04:09+0200,f5ca70ef-bf28-4256-b93b-6a2c907b2b36,2026-05-09T16:45:00Z,2026-05-09T18:45:00+0200,5165.21484,MW,FR,FR,forecast_solar_generation,Solar,2026-05-30T16:05:06Z
2026-05-30T16:04:09Z,2026-05-30T18:04:09+0200,f5ca70ef-bf28-4256-b93b-6a2c907b2b36,2026-05-09T17:00:00Z,2026-05-09T19:00:00+0200,4188.01123,MW,FR,FR,forecast_solar_generation,Solar,2026-05-30T16:05:06Z
2026-05-30T16:04:09Z,2026-05-30T18:04:09+0200,f5ca70ef-bf28-4256-b93b-6a2c907b2b36,2026-05-09T17:15:00Z,2026-05-09T19:15:00+0200,3491.64087,MW,FR,FR,forecast_solar_generation,Solar,2026-05-30T16:05:06Z
2026-05-30T16:04:09Z,2026-05-30T18:04:09+0200,f5ca70ef-bf28-4256-b93b-6a2c907b2b36,2026-05-09T17:30:00Z,2026-05-09T19:30:00+0200,2639.26733,MW,FR,FR,forecast_solar_generation,Solar,2026-05-30T16:05:06Z
2026-05-30T16:04:09Z,2026-05-30T18:04:09+0200,f5ca70ef-bf28-4256-b93b-6a2c907b2b36,2026-05-09T17:45:00Z,2026-05-09T19:45:00+0200,2155.4646,MW,FR,FR,forecast_solar_generation,Solar,2026-05-30T16:05:06Z
2026-05-30T16:04:09Z,2026-05-30T18:04:09+0200,f5ca70ef-bf28-4256-b93b-6a2c907b2b36,2026-05-09T18:00:00Z,2026-05-09T20:00:00+0200,1540.61377,MW,FR,FR,forecast_solar_generation,Solar,2026-05-30T16:05:06Z
2026-05-30T16:04:09Z,2026-05-30T18:04:09+0200,f5ca70ef-bf28-4256-b93b-6a2c907b2b36,2026-05-09T18:15:00Z,2026-05-09T20:15:00+0200,1059.31897,MW,FR,FR,forecast_solar_generation,Solar,2026-05-30T16:05:06Z
2026-05-30T16:04:09Z,2026-05-30T18:04:09+0200,f5ca70ef-bf28-4256-b93b-6a2c907b2b36,2026-05-09T18:30:00Z,2026-05-09T20:30:00+0200,631.87457,MW,FR,FR,forecast_solar_generation,Solar,2026-05-30T16:05:06Z
2026-05-30T16:04:09Z,2026-05-30T18:04:09+0200,f5ca70ef-bf28-4256-b93b-6a2c907b2b36,2026-05-09T18:45:00Z,2026-05-09T20:45:00+0200,397.36487,MW,FR,FR,forecast_solar_generation,Solar,2026-05-30T16:05:06Z
2026-05-30T16:04:09Z,2026-05-30T18:04:09+0200,f5ca70ef-bf28-4256-b93b-6a2c907b2b36,2026-05-09T19:00:00Z,2026-05-09T21:00:00+0200,200.3866,MW,FR,FR,forecast_solar_generation,Solar,2026-05-30T16:05:06Z
2026-05-30T16:04:09Z,2026-05-30T18:04:09+0200,f5ca70ef-bf28-4256-b93b-6a2c907b2b36,2026-05-09T19:15:00Z,2026-05-09T21:15:00+0200,47.90588,MW,FR,FR,forecast_solar_generation,Solar,2026-05-30T16:05:06Z
2026-05-30T16:04:09Z,2026-05-30T18:04:09+0200,f5ca70ef-bf28-4256-b93b-6a2c907b2b36,2026-05-09T19:30:00Z,2026-05-09T21:30:00+0200,4.91782,MW,FR,FR,forecast_solar_generation,Solar,2026-05-30T16:05:06Z
2026-05-30T16:04:09Z,2026-05-30T18:04:09+0200,f5ca70ef-bf28-4256-b93b-6a2c907b2b36,2026-05-09T19:45:00Z,2026-05-09T21:45:00+0200,0.0,MW,FR,FR,forecast_solar_generation,Solar,2026-05-30T16:05:06Z
2026-05-30T16:04:09Z,2026-05-30T18:04:09+0200,f5ca70ef-bf28-4256-b93b-6a2c907b2b36,2026-05-09T20:00:00Z,2026-05-09T22:00:00+0200,0.0,MW,FR,FR,forecast_solar_generation,Solar,2026-05-30T16:05:06Z
2026-05-30T16:04:09Z,2026-05-30T18:04:09+0200,f5ca70ef-bf28-4256-b93b-6a2c907b2b36,2026-05-09T20:15:00Z,2026-05-09T22:15:00+0200,0.0,MW,FR,FR,forecast_solar_generation,Solar,2026-05-30T16:05:06Z
2026-05-30T16:04:09Z,2026-05-30T18:04:09+0200,f5ca70ef-bf28-4256-b93b-6a2c907b2b36,2026-05-09T20:30:00Z,2026-05-09T22:30:00+0200,0.0,MW,FR,FR,forecast_solar_generation,Solar,2026-05-30T16:05:06Z
2026-05-30T16:04:09Z,2026-05-30T18:04:09+0200,f5ca70ef-bf28-4256-b93b-6a2c907b2b36,2026-05-09T20:45:00Z,2026-05-09T22:45:00+0200,0.0,MW,FR,FR,forecast_solar_generation,Solar,2026-05-30T16:05:06Z
2026-05-30T16:04:09Z,2026-05-30T18:04:09+0200,f5ca70ef-bf28-4256-b93b-6a2c907b2b36,2026-05-09T21:00:00Z,2026-05-09T23:00:00+0200,0.0,MW,FR,FR,forecast_solar_generation,Solar,2026-05-30T16:05:06Z
2026-05-30T16:04:09Z,2026-05-30T18:04:09+0200,f5ca70ef-bf28-4256-b93b-6a2c907b2b36,2026-05-09T21:15:00Z,2026-05-09T23:15:00+0200,0.0,MW,FR,FR,forecast_solar_generation,Solar,2026-05-30T16:05:06Z
2026-05-30T16:04:09Z,2026-05-30T18:04:09+0200,f5ca70ef-bf28-4256-b93b-6a2c907b2b36,2026-05-09T21:30:00Z,2026-05-09T23:30:00+0200,0.0,MW,FR,FR,forecast_solar_generation,Solar,2026-05-30T16:05:06Z
2026-05-30T16:04:09Z,2026-05-30T18:04:09+0200,f5ca70ef-bf28-4256-b93b-6a2c907b2b36,2026-05-09T21:45:00Z,2026-05-09T23:45:00+0200,0.0,MW,FR,FR,forecast_solar_generation,Solar,2026-05-30T16:05:06Z
2026-05-30T16:04:09Z,2026-05-30T18:04:09+0200,f5ca70ef-bf28-4256-b93b-6a2c907b2b36,2026-05-09T22:00:00Z,2026-05-10T00:00:00+0200,0.0,MW,FR,FR,forecast_solar_generation,Solar,2026-05-30T16:05:06Z
2026-05-30T16:04:09Z,2026-05-30T18:04:09+0200,f5ca70ef-bf28-4256-b93b-6a2c907b2b36,2026-05-09T22:15:00Z,2026-05-10T00:15:00+0200,0.0,MW,FR,FR,forecast_solar_generation,Solar,2026-05-30T16:05:06Z
2026-05-30T16:04:09Z,2026-05-30T18:04:09+0200,f5ca70ef-bf28-4256-b93b-6a2c907b2b36,2026-05-09T22:30:00Z,2026-05-10T00:30:00+0200,0.0,MW,FR,FR,forecast_solar_generation,Solar,2026-05-30T16:05:06Z
2026-05-30T16:04:09Z,2026-05-30T18:04:09+0200,f5ca70ef-bf28-4256-b93b-6a2c907b2b36,2026-05-09T22:45:00Z,2026-05-10T00:45:00+0200,0.0,MW,FR,FR,forecast_solar_generation,Solar,2026-05-30T16:05:06Z
2026-05-30T16:04:09Z,2026-05-30T18:04:09+0200,f5ca70ef-bf28-4256-b93b-6a2c907b2b36,2026-05-09T23:00:00Z,2026-05-10T01:00:00+0200,0.0,MW,FR,FR,forecast_solar_generation,Solar,2026-05-30T16:05:06Z
2026-05-30T16:04:09Z,2026-05-30T18:04:09+0200,f5ca70ef-bf28-4256-b93b-6a2c907b2b36,2026-05-09T23:15:00Z,2026-05-10T01:15:00+0200,0.0,MW,FR,FR,forecast_solar_generation,Solar,2026-05-30T16:05:06Z
2026-05-30T16:04:09Z,2026-05-30T18:04:09+0200,f5ca70ef-bf28-4256-b93b-6a2c907b2b36,2026-05-09T23:30:00Z,2026-05-10T01:30:00+0200,0.0,MW,FR,FR,forecast_solar_generation,Solar,2026-05-30T16:05:06Z
2026-05-30T16:04:09Z,2026-05-30T18:04:09+0200,f5ca70ef-bf28-4256-b93b-6a2c907b2b36,2026-05-09T23:45:00Z,2026-05-10T01:45:00+0200,0.0,MW,FR,FR,forecast_solar_generation,Solar,2026-05-30T16:05:06Z
2026-05-30T16:04:09Z,2026-05-30T18:04:09+0200,f5ca70ef-bf28-4256-b93b-6a2c907b2b36,2026-05-10T00:00:00Z,2026-05-10T02:00:00+0200,0.0,MW,FR,FR,forecast_solar_generation,Solar,2026-05-30T16:05:06Z
2026-05-30T16:04:09Z,2026-05-30T18:04:09+0200,f5ca70ef-bf28-4256-b93b-6a2c907b2b36,2026-05-10T00:15:00Z,2026-05-10T02:15:00+0200,0.0,MW,FR,FR,forecast_solar_generation,Solar,2026-05-30T16:05:06Z
2026-05-30T16:04:09Z,2026-05-30T18:04:09+0200,f5ca70ef-bf28-4256-b93b-6a2c907b2b36,2026-05-10T00:30:00Z,2026-05-10T02:30:00+0200,0.0,MW,FR,FR,forecast_solar_generation,Solar,2026-05-30T16:05:06Z
2026-05-30T16:04:09Z,2026-05-30T18:04:09+0200,f5ca70ef-bf28-4256-b93b-6a2c907b2b36,2026-05-10T00:45:00Z,2026-05-10T02:45:00+0200,0.0,MW,FR,FR,forecast_solar_generation,Solar,2026-05-30T16:05:06Z
2026-05-30T16:04:09Z,2026-05-30T18:04:09+0200,f5ca70ef-bf28-4256-b93b-6a2c907b2b36,2026-05-10T01:00:00Z,2026-05-10T03:00:00+0200,0.0,MW,FR,FR,forecast_solar_generation,Solar,2026-05-30T16:05:06Z
2026-05-30T16:04:09Z,2026-05-30T18:04:09+0200,f5ca70ef-bf28-4256-b93b-6a2c907b2b36,2026-05-10T01:15:00Z,2026-05-10T03:15:00+0200,0.0,MW,FR,FR,forecast_solar_generation,Solar,2026-05-30T16:05:06Z
2026-05-30T16:04:09Z,2026-05-30T18:04:09+0200,f5ca70ef-bf28-4256-b93b-6a2c907b2b36,2026-05-10T01:30:00Z,2026-05-10T03:30:00+0200,0.0,MW,FR,FR,forecast_solar_generation,Solar,2026-05-30T16:05:06Z
2026-05-30T16:04:09Z,2026-05-30T18:04:09+0200,f5ca70ef-bf28-4256-b93b-6a2c907b2b36,2026-05-10T01:45:00Z,2026-05-10T03:45:00+0200,0.0,MW,FR,FR,forecast_solar_generation,Solar,2026-05-30T16:05:06Z
2026-05-30T16:04:09Z,2026-05-30T18:04:09+0200,f5ca70ef-bf28-4256-b93b-6a2c907b2b36,2026-05-10T02:00:00Z,2026-05-10T04:00:00+0200,0.0,MW,FR,FR,forecast_solar_generation,Solar,2026-05-30T16:05:06Z
2026-05-30T16:04:09Z,2026-05-30T18:04:09+0200,f5ca70ef-bf28-4256-b93b-6a2c907b2b36,2026-05-10T02:15:00Z,2026-05-10T04:15:00+0200,0.0,MW,FR,FR,forecast_solar_generation,Solar,2026-05-30T16:05:06Z
2026-05-30T16:04:09Z,2026-05-30T18:04:09+0200,f5ca70ef-bf28-4256-b93b-6a2c907b2b36,2026-05-10T02:30:00Z,2026-05-10T04:30:00+0200,0.0,MW,FR,FR,forecast_solar_generation,Solar,2026-05-30T16:05:06Z
2026-05-30T16:04:09Z,2026-05-30T18:04:09+0200,f5ca70ef-bf28-4256-b93b-6a2c907b2b36,2026-05-10T02:45:00Z,2026-05-10T04:45:00+0200,0.0,MW,FR,FR,forecast_solar_generation,Solar,2026-05-30T16:05:06Z
2026-05-30T16:04:09Z,2026-05-30T18:04:09+0200,f5ca70ef-bf28-4256-b93b-6a2c907b2b36,2026-05-10T03:00:00Z,2026-05-10T05:00:00+0200,0.0,MW,FR,FR,forecast_solar_generation,Solar,2026-05-30T16:05:06Z
2026-05-30T16:04:09Z,2026-05-30T18:04:09+0200,f5ca70ef-bf28-4256-b93b-6a2c907b2b36,2026-05-10T03:15:00Z,2026-05-10T05:15:00+0200,0.0,MW,FR,FR,forecast_solar_generation,Solar,2026-05-30T16:05:06Z
2026-05-30T16:04:09Z,2026-05-30T18:04:09+0200,f5ca70ef-bf28-4256-b93b-6a2c907b2b36,2026-05-10T03:30:00Z,2026-05-10T05:30:00+0200,0.0,MW,FR,FR,forecast_solar_generation,Solar,2026-05-30T16:05:06Z
2026-05-30T16:04:09Z,2026-05-30T18:04:09+0200,f5ca70ef-bf28-4256-b93b-6a2c907b2b36,2026-05-10T03:45:00Z,2026-05-10T05:45:00+0200,0.0,MW,FR,FR,forecast_solar_generation,Solar,2026-05-30T16:05:06Z
2026-05-30T16:04:09Z,2026-05-30T18:04:09+0200,f5ca70ef-bf28-4256-b93b-6a2c907b2b36,2026-05-10T04:00:00Z,2026-05-10T06:00:00+0200,0.0,MW,FR,FR,forecast_solar_generation,Solar,2026-05-30T16:05:06Z
2026-05-30T16:04:09Z,2026-05-30T18:04:09+0200,f5ca70ef-bf28-4256-b93b-6a2c907b2b36,2026-05-10T04:15:00Z,2026-05-10T06:15:00+0200,10.73695,MW,FR,FR,forecast_solar_generation,Solar,2026-05-30T16:05:06Z
2026-05-30T16:04:09Z,2026-05-30T18:04:09+0200,f5ca70ef-bf28-4256-b93b-6a2c907b2b36,2026-05-10T04:30:00Z,2026-05-10T06:30:00+0200,57.39828,MW,FR,FR,forecast_solar_generation,Solar,2026-05-30T16:05:06Z
2026-05-30T16:04:09Z,2026-05-30T18:04:09+0200,f5ca70ef-bf28-4256-b93b-6a2c907b2b36,2026-05-10T04:45:00Z,2026-05-10T06:45:00+0200,171.01286,MW,FR,FR,forecast_solar_generation,Solar,2026-05-30T16:05:06Z
2026-05-30T16:04:09Z,2026-05-30T18:04:09+0200,f5ca70ef-bf28-4256-b93b-6a2c907b2b36,2026-05-10T05:00:00Z,2026-05-10T07:00:00+0200,343.72314,MW,FR,FR,forecast_solar_generation,Solar,2026-05-30T16:05:06Z
2026-05-30T16:04:09Z,2026-05-30T18:04:09+0200,f5ca70ef-bf28-4256-b93b-6a2c907b2b36,2026-05-10T05:15:00Z,2026-05-10T07:15:00+0200,597.40552,MW,FR,FR,forecast_solar_generation,Solar,2026-05-30T16:05:06Z
2026-05-30T16:04:09Z,2026-05-30T18:04:09+0200,f5ca70ef-bf28-4256-b93b-6a2c907b2b36,2026-05-10T05:30:00Z,2026-05-10T07:30:00+0200,911.80609,MW,FR,FR,forecast_solar_generation,Solar,2026-05-30T16:05:06Z
2026-05-30T16:04:09Z,2026-05-30T18:04:09+0200,f5ca70ef-bf28-4256-b93b-6a2c907b2b36,2026-05-10T05:45:00Z,2026-05-10T07:45:00+0200,1378.85986,MW,FR,FR,forecast_solar_generation,Solar,2026-05-30T16:05:06Z
2026-05-30T16:04:09Z,2026-05-30T18:04:09+0200,f5ca70ef-bf28-4256-b93b-6a2c907b2b36,2026-05-10T06:00:00Z,2026-05-10T08:00:00+0200,1879.53955,MW,FR,FR,forecast_solar_generation,Solar,2026-05-30T16:05:06Z
2026-05-30T16:04:09Z,2026-05-30T18:04:09+0200,f5ca70ef-bf28-4256-b93b-6a2c907b2b36,2026-05-10T06:15:00Z,2026-05-10T08:15:00+0200,2545.80713,MW,FR,FR,forecast_solar_generation,Solar,2026-05-30T16:05:06Z
2026-05-30T16:04:09Z,2026-05-30T18:04:09+0200,f5ca70ef-bf28-4256-b93b-6a2c907b2b36,2026-05-10T06:30:00Z,2026-05-10T08:30:00+0200,3106.16113,MW,FR,FR,forecast_solar_generation,Solar,2026-05-30T16:05:06Z
2026-05-30T16:04:09Z,2026-05-30T18:04:09+0200,f5ca70ef-bf28-4256-b93b-6a2c907b2b36,2026-05-10T06:45:00Z,2026-05-10T08:45:00+0200,3885.02759,MW,FR,FR,forecast_solar_generation,Solar,2026-05-30T16:05:06Z
2026-05-30T16:04:09Z,2026-05-30T18:04:09+0200,f5ca70ef-bf28-4256-b93b-6a2c907b2b36,2026-05-10T07:00:00Z,2026-05-10T09:00:00+0200,4507.85693,MW,FR,FR,forecast_solar_generation,Solar,2026-05-30T16:05:06Z
2026-05-30T16:04:09Z,2026-05-30T18:04:09+0200,f5ca70ef-bf28-4256-b93b-6a2c907b2b36,2026-05-10T07:15:00Z,2026-05-10T09:15:00+0200,5368.87598,MW,FR,FR,forecast_solar_generation,Solar,2026-05-30T16:05:06Z
2026-05-30T16:04:09Z,2026-05-30T18:04:09+0200,f5ca70ef-bf28-4256-b93b-6a2c907b2b36,2026-05-10T07:30:00Z,2026-05-10T09:30:00+0200,6063.70801,MW,FR,FR,forecast_solar_generation,Solar,2026-05-30T16:05:06Z
2026-05-30T16:04:09Z,2026-05-30T18:04:09+0200,f5ca70ef-bf28-4256-b93b-6a2c907b2b36,2026-05-10T07:45:00Z,2026-05-10T09:45:00+0200,6735.28027,MW,FR,FR,forecast_solar_generation,Solar,2026-05-30T16:05:06Z
2026-05-30T16:04:09Z,2026-05-30T18:04:09+0200,f5ca70ef-bf28-4256-b93b-6a2c907b2b36,2026-05-10T08:00:00Z,2026-05-10T10:00:00+0200,7371.66699,MW,FR,FR,forecast_solar_generation,Solar,2026-05-30T16:05:06Z
2026-05-30T16:04:09Z,2026-05-30T18:04:09+0200,f5ca70ef-bf28-4256-b93b-6a2c907b2b36,2026-05-10T08:15:00Z,2026-05-10T10:15:00+0200,8262.59766,MW,FR,FR,forecast_solar_generation,Solar,2026-05-30T16:05:06Z
2026-05-30T16:04:09Z,2026-05-30T18:04:09+0200,f5ca70ef-bf28-4256-b93b-6a2c907b2b36,2026-05-10T08:30:00Z,2026-05-10T10:30:00+0200,6990.52588,MW,FR,FR,forecast_solar_generation,Solar,2026-05-30T16:05:06Z
2026-05-30T16:04:09Z,2026-05-30T18:04:09+0200,f5ca70ef-bf28-4256-b93b-6a2c907b2b36,2026-05-10T08:45:00Z,2026-05-10T10:45:00+0200,7426.68945,MW,FR,FR,forecast_solar_generation,Solar,2026-05-30T16:05:06Z
2026-05-30T16:04:09Z,2026-05-30T18:04:09+0200,f5ca70ef-bf28-4256-b93b-6a2c907b2b36,2026-05-10T09:00:00Z,2026-05-10T11:00:00+0200,7861.05127,MW,FR,FR,forecast_solar_generation,Solar,2026-05-30T16:05:06Z
2026-05-30T16:04:09Z,2026-05-30T18:04:09+0200,f5ca70ef-bf28-4256-b93b-6a2c907b2b36,2026-05-10T09:15:00Z,2026-05-10T11:15:00+0200,8394.27832,MW,FR,FR,forecast_solar_generation,Solar,2026-05-30T16:05:06Z
2026-05-30T16:04:09Z,2026-05-30T18:04:09+0200,f5ca70ef-bf28-4256-b93b-6a2c907b2b36,2026-05-10T09:30:00Z,2026-05-10T11:30:00+0200,8817.95117,MW,FR,FR,forecast_solar_generation,Solar,2026-05-30T16:05:06Z
2026-05-30T16:04:09Z,2026-05-30T18:04:09+0200,f5ca70ef-bf28-4256-b93b-6a2c907b2b36,2026-05-10T09:45:00Z,2026-05-10T11:45:00+0200,9092.21387,MW,FR,FR,forecast_solar_generation,Solar,2026-05-30T16:05:06Z
2026-05-30T16:04:09Z,2026-05-30T18:04:09+0200,f5ca70ef-bf28-4256-b93b-6a2c907b2b36,2026-05-10T10:00:00Z,2026-05-10T12:00:00+0200,9362.03027,MW,FR,FR,forecast_solar_generation,Solar,2026-05-30T16:05:06Z
2026-05-30T16:04:09Z,2026-05-30T18:04:09+0200,f5ca70ef-bf28-4256-b93b-6a2c907b2b36,2026-05-10T10:15:00Z,2026-05-10T12:15:00+0200,9623.73145,MW,FR,FR,forecast_solar_generation,Solar,2026-05-30T16:05:06Z
2026-05-30T16:04:09Z,2026-05-30T18:04:09+0200,f5ca70ef-bf28-4256-b93b-6a2c907b2b36,2026-05-10T10:30:00Z,2026-05-10T12:30:00+0200,9846.46582,MW,FR,FR,forecast_solar_generation,Solar,2026-05-30T16:05:06Z
2026-05-30T16:04:09Z,2026-05-30T18:04:09+0200,f5ca70ef-bf28-4256-b93b-6a2c907b2b36,2026-05-10T10:45:00Z,2026-05-10T12:45:00+0200,9971.81641,MW,FR,FR,forecast_solar_generation,Solar,2026-05-30T16:05:06Z
2026-05-30T16:04:09Z,2026-05-30T18:04:09+0200,f5ca70ef-bf28-4256-b93b-6a2c907b2b36,2026-05-10T11:00:00Z,2026-05-10T13:00:00+0200,10031.7002,MW,FR,FR,forecast_solar_generation,Solar,2026-05-30T16:05:06Z
2026-05-30T16:04:09Z,2026-05-30T18:04:09+0200,f5ca70ef-bf28-4256-b93b-6a2c907b2b36,2026-05-10T11:15:00Z,2026-05-10T13:15:00+0200,10103.38867,MW,FR,FR,forecast_solar_generation,Solar,2026-05-30T16:05:06Z
2026-05-30T16:04:09Z,2026-05-30T18:04:09+0200,f5ca70ef-bf28-4256-b93b-6a2c907b2b36,2026-05-10T11:30:00Z,2026-05-10T13:30:00+0200,10249.71387,MW,FR,FR,forecast_solar_generation,Solar,2026-05-30T16:05:06Z
2026-05-30T16:04:09Z,2026-05-30T18:04:09+0200,f5ca70ef-bf28-4256-b93b-6a2c907b2b36,2026-05-10T11:45:00Z,2026-05-10T13:45:00+0200,10258.24902,MW,FR,FR,forecast_solar_generation,Solar,2026-05-30T16:05:06Z
2026-05-30T16:04:09Z,2026-05-30T18:04:09+0200,f5ca70ef-bf28-4256-b93b-6a2c907b2b36,2026-05-10T12:00:00Z,2026-05-10T14:00:00+0200,10286.3125,MW,FR,FR,forecast_solar_generation,Solar,2026-05-30T16:05:06Z
2026-05-30T16:04:09Z,2026-05-30T18:04:09+0200,f5ca70ef-bf28-4256-b93b-6a2c907b2b36,2026-05-10T12:15:00Z,2026-05-10T14:15:00+0200,10315.39355,MW,FR,FR,forecast_solar_generation,Solar,2026-05-30T16:05:06Z
2026-05-30T16:04:09Z,2026-05-30T18:04:09+0200,f5ca70ef-bf28-4256-b93b-6a2c907b2b36,2026-05-10T12:30:00Z,2026-05-10T14:30:00+0200,10326.01562,MW,FR,FR,forecast_solar_generation,Solar,2026-05-30T16:05:06Z
2026-05-30T16:04:09Z,2026-05-30T18:04:09+0200,f5ca70ef-bf28-4256-b93b-6a2c907b2b36,2026-05-10T12:45:00Z,2026-05-10T14:45:00+0200,10088.98242,MW,FR,FR,forecast_solar_generation,Solar,2026-05-30T16:05:06Z
2026-05-30T16:04:09Z,2026-05-30T18:04:09+0200,f5ca70ef-bf28-4256-b93b-6a2c907b2b36,2026-05-10T13:00:00Z,2026-05-10T15:00:00+0200,9801.00586,MW,FR,FR,forecast_solar_generation,Solar,2026-05-30T16:05:06Z
2026-05-30T16:04:09Z,2026-05-30T18:04:09+0200,f5ca70ef-bf28-4256-b93b-6a2c907b2b36,2026-05-10T13:15:00Z,2026-05-10T15:15:00+0200,9563.36426,MW,FR,FR,forecast_solar_generation,Solar,2026-05-30T16:05:06Z
2026-05-30T16:04:09Z,2026-05-30T18:04:09+0200,f5ca70ef-bf28-4256-b93b-6a2c907b2b36,2026-05-10T13:30:00Z,2026-05-10T15:30:00+0200,9349.17285,MW,FR,FR,forecast_solar_generation,Solar,2026-05-30T16:05:06Z
2026-05-30T16:04:09Z,2026-05-30T18:04:09+0200,f5ca70ef-bf28-4256-b93b-6a2c907b2b36,2026-05-10T13:45:00Z,2026-05-10T15:45:00+0200,9101.31836,MW,FR,FR,forecast_solar_generation,Solar,2026-05-30T16:05:06Z
2026-05-30T16:04:09Z,2026-05-30T18:04:09+0200,f5ca70ef-bf28-4256-b93b-6a2c907b2b36,2026-05-10T14:00:00Z,2026-05-10T16:00:00+0200,8711.00391,MW,FR,FR,forecast_solar_generation,Solar,2026-05-30T16:05:06Z
2026-05-30T16:04:09Z,2026-05-30T18:04:09+0200,f5ca70ef-bf28-4256-b93b-6a2c907b2b36,2026-05-10T14:15:00Z,2026-05-10T16:15:00+0200,8399.52539,MW,FR,FR,forecast_solar_generation,Solar,2026-05-30T16:05:06Z
2026-05-30T16:04:09Z,2026-05-30T18:04:09+0200,f5ca70ef-bf28-4256-b93b-6a2c907b2b36,2026-05-10T14:30:00Z,2026-05-10T16:30:00+0200,8001.51465,MW,FR,FR,forecast_solar_generation,Solar,2026-05-30T16:05:06Z
2026-05-30T16:04:09Z,2026-05-30T18:04:09+0200,f5ca70ef-bf28-4256-b93b-6a2c907b2b36,2026-05-10T14:45:00Z,2026-05-10T16:45:00+0200,9684.94531,MW,FR,FR,forecast_solar_generation,Solar,2026-05-30T16:05:06Z
2026-05-30T16:04:09Z,2026-05-30T18:04:09+0200,f5ca70ef-bf28-4256-b93b-6a2c907b2b36,2026-05-10T15:00:00Z,2026-05-10T17:00:00+0200,9137.33887,MW,FR,FR,forecast_solar_generation,Solar,2026-05-30T16:05:06Z
2026-05-30T16:04:09Z,2026-05-30T18:04:09+0200,f5ca70ef-bf28-4256-b93b-6a2c907b2b36,2026-05-10T15:15:00Z,2026-05-10T17:15:00+0200,8543.69238,MW,FR,FR,forecast_solar_generation,Solar,2026-05-30T16:05:06Z
2026-05-30T16:04:09Z,2026-05-30T18:04:09+0200,f5ca70ef-bf28-4256-b93b-6a2c907b2b36,2026-05-10T15:30:00Z,2026-05-10T17:30:00+0200,7966.81738,MW,FR,FR,forecast_solar_generation,Solar,2026-05-30T16:05:06Z
2026-05-30T16:04:09Z,2026-05-30T18:04:09+0200,f5ca70ef-bf28-4256-b93b-6a2c907b2b36,2026-05-10T15:45:00Z,2026-05-10T17:45:00+0200,7289.15039,MW,FR,FR,forecast_solar_generation,Solar,2026-05-30T16:05:06Z
2026-05-30T16:04:09Z,2026-05-30T18:04:09+0200,f5ca70ef-bf28-4256-b93b-6a2c907b2b36,2026-05-10T16:00:00Z,2026-05-10T18:00:00+0200,6559.39355,MW,FR,FR,forecast_solar_generation,Solar,2026-05-30T16:05:06Z
2026-05-30T16:04:09Z,2026-05-30T18:04:09+0200,f5ca70ef-bf28-4256-b93b-6a2c907b2b36,2026-05-10T16:15:00Z,2026-05-10T18:15:00+0200,5788.06689,MW,FR,FR,forecast_solar_generation,Solar,2026-05-30T16:05:06Z
2026-05-30T16:04:09Z,2026-05-30T18:04:09+0200,f5ca70ef-bf28-4256-b93b-6a2c907b2b36,2026-05-10T16:30:00Z,2026-05-10T18:30:00+0200,5172.24023,MW,FR,FR,forecast_solar_generation,Solar,2026-05-30T16:05:06Z
2026-05-30T16:04:09Z,2026-05-30T18:04:09+0200,f5ca70ef-bf28-4256-b93b-6a2c907b2b36,2026-05-10T16:45:00Z,2026-05-10T18:45:00+0200,4574.27686,MW,FR,FR,forecast_solar_generation,Solar,2026-05-30T16:05:06Z
2026-05-30T16:04:09Z,2026-05-30T18:04:09+0200,f5ca70ef-bf28-4256-b93b-6a2c907b2b36,2026-05-10T17:00:00Z,2026-05-10T19:00:00+0200,3730.74536,MW,FR,FR,forecast_solar_generation,Solar,2026-05-30T16:05:06Z
2026-05-30T16:04:09Z,2026-05-30T18:04:09+0200,f5ca70ef-bf28-4256-b93b-6a2c907b2b36,2026-05-10T17:15:00Z,2026-05-10T19:15:00+0200,3181.4541,MW,FR,FR,forecast_solar_generation,Solar,2026-05-30T16:05:06Z
2026-05-30T16:04:09Z,2026-05-30T18:04:09+0200,f5ca70ef-bf28-4256-b93b-6a2c907b2b36,2026-05-10T17:30:00Z,2026-05-10T19:30:00+0200,2496.37793,MW,FR,FR,forecast_solar_generation,Solar,2026-05-30T16:05:06Z
2026-05-30T16:04:09Z,2026-05-30T18:04:09+0200,f5ca70ef-bf28-4256-b93b-6a2c907b2b36,2026-05-10T17:45:00Z,2026-05-10T19:45:00+0200,2028.58203,MW,FR,FR,forecast_solar_generation,Solar,2026-05-30T16:05:06Z
2026-05-30T16:04:09Z,2026-05-30T18:04:09+0200,f5ca70ef-bf28-4256-b93b-6a2c907b2b36,2026-05-10T18:00:00Z,2026-05-10T20:00:00+0200,1474.22925,MW,FR,FR,forecast_solar_generation,Solar,2026-05-30T16:05:06Z
2026-05-30T16:04:09Z,2026-05-30T18:04:09+0200,f5ca70ef-bf28-4256-b93b-6a2c907b2b36,2026-05-10T18:15:00Z,2026-05-10T20:15:00+0200,1021.9447,MW,FR,FR,forecast_solar_generation,Solar,2026-05-30T16:05:06Z
2026-05-30T16:04:09Z,2026-05-30T18:04:09+0200,f5ca70ef-bf28-4256-b93b-6a2c907b2b36,2026-05-10T18:30:00Z,2026-05-10T20:30:00+0200,627.56927,MW,FR,FR,forecast_solar_generation,Solar,2026-05-30T16:05:06Z
2026-05-30T16:04:09Z,2026-05-30T18:04:09+0200,f5ca70ef-bf28-4256-b93b-6a2c907b2b36,2026-05-10T18:45:00Z,2026-05-10T20:45:00+0200,415.95349,MW,FR,FR,forecast_solar_generation,Solar,2026-05-30T16:05:06Z
2026-05-30T16:04:09Z,2026-05-30T18:04:09+0200,f5ca70ef-bf28-4256-b93b-6a2c907b2b36,2026-05-10T19:00:00Z,2026-05-10T21:00:00+0200,219.91449,MW,FR,FR,forecast_solar_generation,Solar,2026-05-30T16:05:06Z
2026-05-30T16:04:09Z,2026-05-30T18:04:09+0200,f5ca70ef-bf28-4256-b93b-6a2c907b2b36,2026-05-10T19:15:00Z,2026-05-10T21:15:00+0200,65.95127,MW,FR,FR,forecast_solar_generation,Solar,2026-05-30T16:05:06Z
2026-05-30T16:04:09Z,2026-05-30T18:04:09+0200,f5ca70ef-bf28-4256-b93b-6a2c907b2b36,2026-05-10T19:30:00Z,2026-05-10T21:30:00+0200,6.44734,MW,FR,FR,forecast_solar_generation,Solar,2026-05-30T16:05:06Z
2026-05-30T16:04:09Z,2026-05-30T18:04:09+0200,f5ca70ef-bf28-4256-b93b-6a2c907b2b36,2026-05-10T19:45:00Z,2026-05-10T21:45:00+0200,0.0,MW,FR,FR,forecast_solar_generation,Solar,2026-05-30T16:05:06Z
2026-05-30T16:04:09Z,2026-05-30T18:04:09+0200,f5ca70ef-bf28-4256-b93b-6a2c907b2b36,2026-05-10T20:00:00Z,2026-05-10T22:00:00+0200,0.0,MW,FR,FR,forecast_solar_generation,Solar,2026-05-30T16:05:06Z
2026-05-30T16:04:09Z,2026-05-30T18:04:09+0200,f5ca70ef-bf28-4256-b93b-6a2c907b2b36,2026-05-10T20:15:00Z,2026-05-10T22:15:00+0200,0.0,MW,FR,FR,forecast_solar_generation,Solar,2026-05-30T16:05:06Z
2026-05-30T16:04:09Z,2026-05-30T18:04:09+0200,f5ca70ef-bf28-4256-b93b-6a2c907b2b36,2026-05-10T20:30:00Z,2026-05-10T22:30:00+0200,0.0,MW,FR,FR,forecast_solar_generation,Solar,2026-05-30T16:05:06Z
2026-05-30T16:04:09Z,2026-05-30T18:04:09+0200,f5ca70ef-bf28-4256-b93b-6a2c907b2b36,2026-05-10T20:45:00Z,2026-05-10T22:45:00+0200,0.0,MW,FR,FR,forecast_solar_generation,Solar,2026-05-30T16:05:06Z
2026-05-30T16:04:09Z,2026-05-30T18:04:09+0200,f5ca70ef-bf28-4256-b93b-6a2c907b2b36,2026-05-10T21:00:00Z,2026-05-10T23:00:00+0200,0.0,MW,FR,FR,forecast_solar_generation,Solar,2026-05-30T16:05:06Z
2026-05-30T16:04:09Z,2026-05-30T18:04:09+0200,f5ca70ef-bf28-4256-b93b-6a2c907b2b36,2026-05-10T21:15:00Z,2026-05-10T23:15:00+0200,0.0,MW,FR,FR,forecast_solar_generation,Solar,2026-05-30T16:05:06Z
2026-05-30T16:04:09Z,2026-05-30T18:04:09+0200,f5ca70ef-bf28-4256-b93b-6a2c907b2b36,2026-05-10T21:30:00Z,2026-05-10T23:30:00+0200,0.0,MW,FR,FR,forecast_solar_generation,Solar,2026-05-30T16:05:06Z
2026-05-30T16:04:09Z,2026-05-30T18:04:09+0200,f5ca70ef-bf28-4256-b93b-6a2c907b2b36,2026-05-10T21:45:00Z,2026-05-10T23:45:00+0200,0.0,MW,FR,FR,forecast_solar_generation,Solar,2026-05-30T16:05:06Z
2026-05-30T16:04:09Z,2026-05-30T18:04:09+0200,f5ca70ef-bf28-4256-b93b-6a2c907b2b36,2026-05-10T22:00:00Z,2026-05-11T00:00:00+0200,0.0,MW,FR,FR,forecast_solar_generation,Solar,2026-05-30T16:05:06Z
2026-05-30T16:04:09Z,2026-05-30T18:04:09+0200,f5ca70ef-bf28-4256-b93b-6a2c907b2b36,2026-05-10T22:15:00Z,2026-05-11T00:15:00+0200,0.0,MW,FR,FR,forecast_solar_generation,Solar,2026-05-30T16:05:06Z
2026-05-30T16:04:09Z,2026-05-30T18:04:09+0200,f5ca70ef-bf28-4256-b93b-6a2c907b2b36,2026-05-10T22:30:00Z,2026-05-11T00:30:00+0200,0.0,MW,FR,FR,forecast_solar_generation,Solar,2026-05-30T16:05:06Z
2026-05-30T16:04:09Z,2026-05-30T18:04:09+0200,f5ca70ef-bf28-4256-b93b-6a2c907b2b36,2026-05-10T22:45:00Z,2026-05-11T00:45:00+0200,0.0,MW,FR,FR,forecast_solar_generation,Solar,2026-05-30T16:05:06Z
2026-05-30T16:04:09Z,2026-05-30T18:04:09+0200,f5ca70ef-bf28-4256-b93b-6a2c907b2b36,2026-05-10T23:00:00Z,2026-05-11T01:00:00+0200,0.0,MW,FR,FR,forecast_solar_generation,Solar,2026-05-30T16:05:06Z
2026-05-30T16:04:09Z,2026-05-30T18:04:09+0200,f5ca70ef-bf28-4256-b93b-6a2c907b2b36,2026-05-10T23:15:00Z,2026-05-11T01:15:00+0200,0.0,MW,FR,FR,forecast_solar_generation,Solar,2026-05-30T16:05:06Z
2026-05-30T16:04:09Z,2026-05-30T18:04:09+0200,f5ca70ef-bf28-4256-b93b-6a2c907b2b36,2026-05-10T23:30:00Z,2026-05-11T01:30:00+0200,0.0,MW,FR,FR,forecast_solar_generation,Solar,2026-05-30T16:05:06Z
2026-05-30T16:04:09Z,2026-05-30T18:04:09+0200,f5ca70ef-bf28-4256-b93b-6a2c907b2b36,2026-05-10T23:45:00Z,2026-05-11T01:45:00+0200,0.0,MW,FR,FR,forecast_solar_generation,Solar,2026-05-30T16:05:06Z
2026-05-30T16:04:09Z,2026-05-30T18:04:09+0200,f5ca70ef-bf28-4256-b93b-6a2c907b2b36,2026-05-11T00:00:00Z,2026-05-11T02:00:00+0200,0.0,MW,FR,FR,forecast_solar_generation,Solar,2026-05-30T16:05:06Z
2026-05-30T16:04:09Z,2026-05-30T18:04:09+0200,f5ca70ef-bf28-4256-b93b-6a2c907b2b36,2026-05-11T00:15:00Z,2026-05-11T02:15:00+0200,0.0,MW,FR,FR,forecast_solar_generation,Solar,2026-05-30T16:05:06Z
2026-05-30T16:04:09Z,2026-05-30T18:04:09+0200,f5ca70ef-bf28-4256-b93b-6a2c907b2b36,2026-05-11T00:30:00Z,2026-05-11T02:30:00+0200,0.0,MW,FR,FR,forecast_solar_generation,Solar,2026-05-30T16:05:06Z
2026-05-30T16:04:09Z,2026-05-30T18:04:09+0200,f5ca70ef-bf28-4256-b93b-6a2c907b2b36,2026-05-11T00:45:00Z,2026-05-11T02:45:00+0200,0.0,MW,FR,FR,forecast_solar_generation,Solar,2026-05-30T16:05:06Z
2026-05-30T16:04:09Z,2026-05-30T18:04:09+0200,f5ca70ef-bf28-4256-b93b-6a2c907b2b36,2026-05-11T01:00:00Z,2026-05-11T03:00:00+0200,0.0,MW,FR,FR,forecast_solar_generation,Solar,2026-05-30T16:05:06Z
2026-05-30T16:04:09Z,2026-05-30T18:04:09+0200,f5ca70ef-bf28-4256-b93b-6a2c907b2b36,2026-05-11T01:15:00Z,2026-05-11T03:15:00+0200,0.0,MW,FR,FR,forecast_solar_generation,Solar,2026-05-30T16:05:06Z
2026-05-30T16:04:09Z,2026-05-30T18:04:09+0200,f5ca70ef-bf28-4256-b93b-6a2c907b2b36,2026-05-11T01:30:00Z,2026-05-11T03:30:00+0200,0.0,MW,FR,FR,forecast_solar_generation,Solar,2026-05-30T16:05:06Z
2026-05-30T16:04:09Z,2026-05-30T18:04:09+0200,f5ca70ef-bf28-4256-b93b-6a2c907b2b36,2026-05-11T01:45:00Z,2026-05-11T03:45:00+0200,0.0,MW,FR,FR,forecast_solar_generation,Solar,2026-05-30T16:05:06Z
2026-05-30T16:04:09Z,2026-05-30T18:04:09+0200,f5ca70ef-bf28-4256-b93b-6a2c907b2b36,2026-05-11T02:00:00Z,2026-05-11T04:00:00+0200,0.0,MW,FR,FR,forecast_solar_generation,Solar,2026-05-30T16:05:06Z
2026-05-30T16:04:09Z,2026-05-30T18:04:09+0200,f5ca70ef-bf28-4256-b93b-6a2c907b2b36,2026-05-11T02:15:00Z,2026-05-11T04:15:00+0200,0.0,MW,FR,FR,forecast_solar_generation,Solar,2026-05-30T16:05:06Z
2026-05-30T16:04:09Z,2026-05-30T18:04:09+0200,f5ca70ef-bf28-4256-b93b-6a2c907b2b36,2026-05-11T02:30:00Z,2026-05-11T04:30:00+0200,0.0,MW,FR,FR,forecast_solar_generation,Solar,2026-05-30T16:05:06Z
2026-05-30T16:04:09Z,2026-05-30T18:04:09+0200,f5ca70ef-bf28-4256-b93b-6a2c907b2b36,2026-05-11T02:45:00Z,2026-05-11T04:45:00+0200,0.0,MW,FR,FR,forecast_solar_generation,Solar,2026-05-30T16:05:06Z
2026-05-30T16:04:09Z,2026-05-30T18:04:09+0200,f5ca70ef-bf28-4256-b93b-6a2c907b2b36,2026-05-11T03:00:00Z,2026-05-11T05:00:00+0200,0.0,MW,FR,FR,forecast_solar_generation,Solar,2026-05-30T16:05:06Z
2026-05-30T16:04:09Z,2026-05-30T18:04:09+0200,f5ca70ef-bf28-4256-b93b-6a2c907b2b36,2026-05-11T03:15:00Z,2026-05-11T05:15:00+0200,0.0,MW,FR,FR,forecast_solar_generation,Solar,2026-05-30T16:05:06Z
2026-05-30T16:04:09Z,2026-05-30T18:04:09+0200,f5ca70ef-bf28-4256-b93b-6a2c907b2b36,2026-05-11T03:30:00Z,2026-05-11T05:30:00+0200,0.0,MW,FR,FR,forecast_solar_generation,Solar,2026-05-30T16:05:06Z
2026-05-30T16:04:09Z,2026-05-30T18:04:09+0200,f5ca70ef-bf28-4256-b93b-6a2c907b2b36,2026-05-11T03:45:00Z,2026-05-11T05:45:00+0200,0.0,MW,FR,FR,forecast_solar_generation,Solar,2026-05-30T16:05:06Z
2026-05-30T16:04:09Z,2026-05-30T18:04:09+0200,f5ca70ef-bf28-4256-b93b-6a2c907b2b36,2026-05-11T04:00:00Z,2026-05-11T06:00:00+0200,0.0,MW,FR,FR,forecast_solar_generation,Solar,2026-05-30T16:05:06Z
2026-05-30T16:04:09Z,2026-05-30T18:04:09+0200,f5ca70ef-bf28-4256-b93b-6a2c907b2b36,2026-05-11T04:15:00Z,2026-05-11T06:15:00+0200,12.2943,MW,FR,FR,forecast_solar_generation,Solar,2026-05-30T16:05:06Z
2026-05-30T16:04:09Z,2026-05-30T18:04:09+0200,f5ca70ef-bf28-4256-b93b-6a2c907b2b36,2026-05-11T04:30:00Z,2026-05-11T06:30:00+0200,62.9963,MW,FR,FR,forecast_solar_generation,Solar,2026-05-30T16:05:06Z
2026-05-30T16:04:09Z,2026-05-30T18:04:09+0200,f5ca70ef-bf28-4256-b93b-6a2c907b2b36,2026-05-11T04:45:00Z,2026-05-11T06:45:00+0200,171.08034,MW,FR,FR,forecast_solar_generation,Solar,2026-05-30T16:05:06Z
2026-05-30T16:04:09Z,2026-05-30T18:04:09+0200,f5ca70ef-bf28-4256-b93b-6a2c907b2b36,2026-05-11T05:00:00Z,2026-05-11T07:00:00+0200,364.10547,MW,FR,FR,forecast_solar_generation,Solar,2026-05-30T16:05:06Z
2026-05-30T16:04:09Z,2026-05-30T18:04:09+0200,f5ca70ef-bf28-4256-b93b-6a2c907b2b36,2026-05-11T05:15:00Z,2026-05-11T07:15:00+0200,625.90393,MW,FR,FR,forecast_solar_generation,Solar,2026-05-30T16:05:06Z
2026-05-30T16:04:09Z,2026-05-30T18:04:09+0200,f5ca70ef-bf28-4256-b93b-6a2c907b2b36,2026-05-11T05:30:00Z,2026-05-11T07:30:00+0200,950.50812,MW,FR,FR,forecast_solar_generation,Solar,2026-05-30T16:05:06Z
2026-05-30T16:04:09Z,2026-05-30T18:04:09+0200,f5ca70ef-bf28-4256-b93b-6a2c907b2b36,2026-05-11T05:45:00Z,2026-05-11T07:45:00+0200,1456.85083,MW,FR,FR,forecast_solar_generation,Solar,2026-05-30T16:05:06Z
2026-05-30T16:04:09Z,2026-05-30T18:04:09+0200,f5ca70ef-bf28-4256-b93b-6a2c907b2b36,2026-05-11T06:00:00Z,2026-05-11T08:00:00+0200,2034.88123,MW,FR,FR,forecast_solar_generation,Solar,2026-05-30T16:05:06Z
2026-05-30T16:04:09Z,2026-05-30T18:04:09+0200,f5ca70ef-bf28-4256-b93b-6a2c907b2b36,2026-05-11T06:15:00Z,2026-05-11T08:15:00+0200,2790.62036,MW,FR,FR,forecast_solar_generation,Solar,2026-05-30T16:05:06Z
2026-05-30T16:04:09Z,2026-05-30T18:04:09+0200,f5ca70ef-bf28-4256-b93b-6a2c907b2b36,2026-05-11T06:30:00Z,2026-05-11T08:30:00+0200,3416.18921,MW,FR,FR,forecast_solar_generation,Solar,2026-05-30T16:05:06Z
2026-05-30T16:04:09Z,2026-05-30T18:04:09+0200,f5ca70ef-bf28-4256-b93b-6a2c907b2b36,2026-05-11T06:45:00Z,2026-05-11T08:45:00+0200,4379.81689,MW,FR,FR,forecast_solar_generation,Solar,2026-05-30T16:05:06Z
2026-05-30T16:04:09Z,2026-05-30T18:04:09+0200,f5ca70ef-bf28-4256-b93b-6a2c907b2b36,2026-05-11T07:00:00Z,2026-05-11T09:00:00+0200,5196.92822,MW,FR,FR,forecast_solar_generation,Solar,2026-05-30T16:05:06Z
2026-05-30T16:04:09Z,2026-05-30T18:04:09+0200,f5ca70ef-bf28-4256-b93b-6a2c907b2b36,2026-05-11T07:15:00Z,2026-05-11T09:15:00+0200,6234.25684,MW,FR,FR,forecast_solar_generation,Solar,2026-05-30T16:05:06Z
2026-05-30T16:04:09Z,2026-05-30T18:04:09+0200,f5ca70ef-bf28-4256-b93b-6a2c907b2b36,2026-05-11T07:30:00Z,2026-05-11T09:30:00+0200,7082.36865,MW,FR,FR,forecast_solar_generation,Solar,2026-05-30T16:05:06Z
2026-05-30T16:04:09Z,2026-05-30T18:04:09+0200,f5ca70ef-bf28-4256-b93b-6a2c907b2b36,2026-05-11T07:45:00Z,2026-05-11T09:45:00+0200,8057.63574,MW,FR,FR,forecast_solar_generation,Solar,2026-05-30T16:05:06Z
2026-05-30T16:04:09Z,2026-05-30T18:04:09+0200,f5ca70ef-bf28-4256-b93b-6a2c907b2b36,2026-05-11T08:00:00Z,2026-05-11T10:00:00+0200,8976.63086,MW,FR,FR,forecast_solar_generation,Solar,2026-05-30T16:05:06Z
2026-05-30T16:04:09Z,2026-05-30T18:04:09+0200,f5ca70ef-bf28-4256-b93b-6a2c907b2b36,2026-05-11T08:15:00Z,2026-05-11T10:15:00+0200,10029.55859,MW,FR,FR,forecast_solar_generation,Solar,2026-05-30T16:05:06Z
2026-05-30T16:04:09Z,2026-05-30T18:04:09+0200,f5ca70ef-bf28-4256-b93b-6a2c907b2b36,2026-05-11T08:30:00Z,2026-05-11T10:30:00+0200,10854.85547,MW,FR,FR,forecast_solar_generation,Solar,2026-05-30T16:05:06Z
2026-05-30T16:04:09Z,2026-05-30T18:04:09+0200,f5ca70ef-bf28-4256-b93b-6a2c907b2b36,2026-05-11T08:45:00Z,2026-05-11T10:45:00+0200,11483.61133,MW,FR,FR,forecast_solar_generation,Solar,2026-05-30T16:05:06Z
2026-05-30T16:04:09Z,2026-05-30T18:04:09+0200,f5ca70ef-bf28-4256-b93b-6a2c907b2b36,2026-05-11T09:00:00Z,2026-05-11T11:00:00+0200,12094.93555,MW,FR,FR,forecast_solar_generation,Solar,2026-05-30T16:05:06Z
2026-05-30T16:04:09Z,2026-05-30T18:04:09+0200,f5ca70ef-bf28-4256-b93b-6a2c907b2b36,2026-05-11T09:15:00Z,2026-05-11T11:15:00+0200,12752.0332,MW,FR,FR,forecast_solar_generation,Solar,2026-05-30T16:05:06Z
2026-05-30T16:04:09Z,2026-05-30T18:04:09+0200,f5ca70ef-bf28-4256-b93b-6a2c907b2b36,2026-05-11T09:30:00Z,2026-05-11T11:30:00+0200,13317.88477,MW,FR,FR,forecast_solar_generation,Solar,2026-05-30T16:05:06Z
2026-05-30T16:04:09Z,2026-05-30T18:04:09+0200,f5ca70ef-bf28-4256-b93b-6a2c907b2b36,2026-05-11T09:45:00Z,2026-05-11T11:45:00+0200,13755.51855,MW,FR,FR,forecast_solar_generation,Solar,2026-05-30T16:05:06Z
2026-05-30T16:04:09Z,2026-05-30T18:04:09+0200,f5ca70ef-bf28-4256-b93b-6a2c907b2b36,2026-05-11T10:00:00Z,2026-05-11T12:00:00+0200,14166.30273,MW,FR,FR,forecast_solar_generation,Solar,2026-05-30T16:05:06Z
2026-05-30T16:04:09Z,2026-05-30T18:04:09+0200,f5ca70ef-bf28-4256-b93b-6a2c907b2b36,2026-05-11T10:15:00Z,2026-05-11T12:15:00+0200,14562.76465,MW,FR,FR,forecast_solar_generation,Solar,2026-05-30T16:05:06Z
2026-05-30T16:04:09Z,2026-05-30T18:04:09+0200,f5ca70ef-bf28-4256-b93b-6a2c907b2b36,2026-05-11T10:30:00Z,2026-05-11T12:30:00+0200,14929.62891,MW,FR,FR,forecast_solar_generation,Solar,2026-05-30T16:05:06Z
2026-05-30T16:04:09Z,2026-05-30T18:04:09+0200,f5ca70ef-bf28-4256-b93b-6a2c907b2b36,2026-05-11T10:45:00Z,2026-05-11T12:45:00+0200,15090.5918,MW,FR,FR,forecast_solar_generation,Solar,2026-05-30T16:05:06Z
2026-05-30T16:04:09Z,2026-05-30T18:04:09+0200,f5ca70ef-bf28-4256-b93b-6a2c907b2b36,2026-05-11T11:00:00Z,2026-05-11T13:00:00+0200,15271.38379,MW,FR,FR,forecast_solar_generation,Solar,2026-05-30T16:05:06Z
2026-05-30T16:04:09Z,2026-05-30T18:04:09+0200,f5ca70ef-bf28-4256-b93b-6a2c907b2b36,2026-05-11T11:15:00Z,2026-05-11T13:15:00+0200,15386.80762,MW,FR,FR,forecast_solar_generation,Solar,2026-05-30T16:05:06Z
2026-05-30T16:04:09Z,2026-05-30T18:04:09+0200,f5ca70ef-bf28-4256-b93b-6a2c907b2b36,2026-05-11T11:30:00Z,2026-05-11T13:30:00+0200,15522.0293,MW,FR,FR,forecast_solar_generation,Solar,2026-05-30T16:05:06Z
2026-05-30T16:04:09Z,2026-05-30T18:04:09+0200,f5ca70ef-bf28-4256-b93b-6a2c907b2b36,2026-05-11T11:45:00Z,2026-05-11T13:45:00+0200,15516.51465,MW,FR,FR,forecast_solar_generation,Solar,2026-05-30T16:05:06Z
2026-05-30T16:04:09Z,2026-05-30T18:04:09+0200,f5ca70ef-bf28-4256-b93b-6a2c907b2b36,2026-05-11T12:00:00Z,2026-05-11T14:00:00+0200,15515.79785,MW,FR,FR,forecast_solar_generation,Solar,2026-05-30T16:05:06Z
2026-05-30T16:04:09Z,2026-05-30T18:04:09+0200,f5ca70ef-bf28-4256-b93b-6a2c907b2b36,2026-05-11T12:15:00Z,2026-05-11T14:15:00+0200,15467.80859,MW,FR,FR,forecast_solar_generation,Solar,2026-05-30T16:05:06Z
2026-05-30T16:04:09Z,2026-05-30T18:04:09+0200,f5ca70ef-bf28-4256-b93b-6a2c907b2b36,2026-05-11T12:30:00Z,2026-05-11T14:30:00+0200,15392.3623,MW,FR,FR,forecast_solar_generation,Solar,2026-05-30T16:05:06Z
2026-05-30T16:04:09Z,2026-05-30T18:04:09+0200,f5ca70ef-bf28-4256-b93b-6a2c907b2b36,2026-05-11T12:45:00Z,2026-05-11T14:45:00+0200,15155.03027,MW,FR,FR,forecast_solar_generation,Solar,2026-05-30T16:05:06Z
2026-05-30T16:04:09Z,2026-05-30T18:04:09+0200,f5ca70ef-bf28-4256-b93b-6a2c907b2b36,2026-05-11T13:00:00Z,2026-05-11T15:00:00+0200,14924.88086,MW,FR,FR,forecast_solar_generation,Solar,2026-05-30T16:05:06Z
2026-05-30T16:04:09Z,2026-05-30T18:04:09+0200,f5ca70ef-bf28-4256-b93b-6a2c907b2b36,2026-05-11T13:15:00Z,2026-05-11T15:15:00+0200,14684.48242,MW,FR,FR,forecast_solar_generation,Solar,2026-05-30T16:05:06Z
2026-05-30T16:04:09Z,2026-05-30T18:04:09+0200,f5ca70ef-bf28-4256-b93b-6a2c907b2b36,2026-05-11T13:30:00Z,2026-05-11T15:30:00+0200,14466.39648,MW,FR,FR,forecast_solar_generation,Solar,2026-05-30T16:05:06Z
2026-05-30T16:04:09Z,2026-05-30T18:04:09+0200,f5ca70ef-bf28-4256-b93b-6a2c907b2b36,2026-05-11T13:45:00Z,2026-05-11T15:45:00+0200,13997.51465,MW,FR,FR,forecast_solar_generation,Solar,2026-05-30T16:05:06Z
2026-05-30T16:04:09Z,2026-05-30T18:04:09+0200,f5ca70ef-bf28-4256-b93b-6a2c907b2b36,2026-05-11T14:00:00Z,2026-05-11T16:00:00+0200,13519.08984,MW,FR,FR,forecast_solar_generation,Solar,2026-05-30T16:05:06Z
2026-05-30T16:04:09Z,2026-05-30T18:04:09+0200,f5ca70ef-bf28-4256-b93b-6a2c907b2b36,2026-05-11T14:15:00Z,2026-05-11T16:15:00+0200,13077.53223,MW,FR,FR,forecast_solar_generation,Solar,2026-05-30T16:05:06Z
2026-05-30T16:04:09Z,2026-05-30T18:04:09+0200,f5ca70ef-bf28-4256-b93b-6a2c907b2b36,2026-05-11T14:30:00Z,2026-05-11T16:30:00+0200,12554.09766,MW,FR,FR,forecast_solar_generation,Solar,2026-05-30T16:05:06Z
2026-05-30T16:04:09Z,2026-05-30T18:04:09+0200,f5ca70ef-bf28-4256-b93b-6a2c907b2b36,2026-05-11T14:45:00Z,2026-05-11T16:45:00+0200,11977.87207,MW,FR,FR,forecast_solar_generation,Solar,2026-05-30T16:05:06Z
2026-05-30T16:04:09Z,2026-05-30T18:04:09+0200,f5ca70ef-bf28-4256-b93b-6a2c907b2b36,2026-05-11T15:00:00Z,2026-05-11T17:00:00+0200,11394.26074,MW,FR,FR,forecast_solar_generation,Solar,2026-05-30T16:05:06Z
2026-05-30T16:04:09Z,2026-05-30T18:04:09+0200,f5ca70ef-bf28-4256-b93b-6a2c907b2b36,2026-05-11T15:15:00Z,2026-05-11T17:15:00+0200,10692.81934,MW,FR,FR,forecast_solar_generation,Solar,2026-05-30T16:05:06Z
2026-05-30T16:04:09Z,2026-05-30T18:04:09+0200,f5ca70ef-bf28-4256-b93b-6a2c907b2b36,2026-05-11T15:30:00Z,2026-05-11T17:30:00+0200,9967.79199,MW,FR,FR,forecast_solar_generation,Solar,2026-05-30T16:05:06Z
2026-05-30T16:04:09Z,2026-05-30T18:04:09+0200,f5ca70ef-bf28-4256-b93b-6a2c907b2b36,2026-05-11T15:45:00Z,2026-05-11T17:45:00+0200,9268.00098,MW,FR,FR,forecast_solar_generation,Solar,2026-05-30T16:05:06Z
2026-05-30T16:04:09Z,2026-05-30T18:04:09+0200,f5ca70ef-bf28-4256-b93b-6a2c907b2b36,2026-05-11T16:00:00Z,2026-05-11T18:00:00+0200,8414.44824,MW,FR,FR,forecast_solar_generation,Solar,2026-05-30T16:05:06Z
2026-05-30T16:04:09Z,2026-05-30T18:04:09+0200,f5ca70ef-bf28-4256-b93b-6a2c907b2b36,2026-05-11T16:15:00Z,2026-05-11T18:15:00+0200,7508.18262,MW,FR,FR,forecast_solar_generation,Solar,2026-05-30T16:05:06Z
2026-05-30T16:04:09Z,2026-05-30T18:04:09+0200,f5ca70ef-bf28-4256-b93b-6a2c907b2b36,2026-05-11T16:30:00Z,2026-05-11T18:30:00+0200,6689.55713,MW,FR,FR,forecast_solar_generation,Solar,2026-05-30T16:05:06Z
2026-05-30T16:04:09Z,2026-05-30T18:04:09+0200,f5ca70ef-bf28-4256-b93b-6a2c907b2b36,2026-05-11T16:45:00Z,2026-05-11T18:45:00+0200,5934.6416,MW,FR,FR,forecast_solar_generation,Solar,2026-05-30T16:05:06Z
2026-05-30T16:04:09Z,2026-05-30T18:04:09+0200,f5ca70ef-bf28-4256-b93b-6a2c907b2b36,2026-05-11T17:00:00Z,2026-05-11T19:00:00+0200,4888.3833,MW,FR,FR,forecast_solar_generation,Solar,2026-05-30T16:05:06Z
2026-05-30T16:04:09Z,2026-05-30T18:04:09+0200,f5ca70ef-bf28-4256-b93b-6a2c907b2b36,2026-05-11T17:15:00Z,2026-05-11T19:15:00+0200,4148.55029,MW,FR,FR,forecast_solar_generation,Solar,2026-05-30T16:05:06Z
2026-05-30T16:04:09Z,2026-05-30T18:04:09+0200,f5ca70ef-bf28-4256-b93b-6a2c907b2b36,2026-05-11T17:30:00Z,2026-05-11T19:30:00+0200,3232.1604,MW,FR,FR,forecast_solar_generation,Solar,2026-05-30T16:05:06Z
2026-05-30T16:04:09Z,2026-05-30T18:04:09+0200,f5ca70ef-bf28-4256-b93b-6a2c907b2b36,2026-05-11T17:45:00Z,2026-05-11T19:45:00+0200,2592.04443,MW,FR,FR,forecast_solar_generation,Solar,2026-05-30T16:05:06Z
2026-05-30T16:04:09Z,2026-05-30T18:04:09+0200,f5ca70ef-bf28-4256-b93b-6a2c907b2b36,2026-05-11T18:00:00Z,2026-05-11T20:00:00+0200,1882.10938,MW,FR,FR,forecast_solar_generation,Solar,2026-05-30T16:05:06Z
2026-05-30T16:04:09Z,2026-05-30T18:04:09+0200,f5ca70ef-bf28-4256-b93b-6a2c907b2b36,2026-05-11T18:15:00Z,2026-05-11T20:15:00+0200,1316.22607,MW,FR,FR,forecast_solar_generation,Solar,2026-05-30T16:05:06Z
2026-05-30T16:04:09Z,2026-05-30T18:04:09+0200,f5ca70ef-bf28-4256-b93b-6a2c907b2b36,2026-05-11T18:30:00Z,2026-05-11T20:30:00+0200,799.11383,MW,FR,FR,forecast_solar_generation,Solar,2026-05-30T16:05:06Z
2026-05-30T16:04:09Z,2026-05-30T18:04:09+0200,f5ca70ef-bf28-4256-b93b-6a2c907b2b36,2026-05-11T18:45:00Z,2026-05-11T20:45:00+0200,547.41187,MW,FR,FR,forecast_solar_generation,Solar,2026-05-30T16:05:06Z
2026-05-30T16:04:09Z,2026-05-30T18:04:09+0200,f5ca70ef-bf28-4256-b93b-6a2c907b2b36,2026-05-11T19:00:00Z,2026-05-11T21:00:00+0200,299.17661,MW,FR,FR,forecast_solar_generation,Solar,2026-05-30T16:05:06Z
2026-05-30T16:04:09Z,2026-05-30T18:04:09+0200,f5ca70ef-bf28-4256-b93b-6a2c907b2b36,2026-05-11T19:15:00Z,2026-05-11T21:15:00+0200,100.81911,MW,FR,FR,forecast_solar_generation,Solar,2026-05-30T16:05:06Z
2026-05-30T16:04:09Z,2026-05-30T18:04:09+0200,f5ca70ef-bf28-4256-b93b-6a2c907b2b36,2026-05-11T19:30:00Z,2026-05-11T21:30:00+0200,10.13193,MW,FR,FR,forecast_solar_generation,Solar,2026-05-30T16:05:06Z
2026-05-30T16:04:09Z,2026-05-30T18:04:09+0200,f5ca70ef-bf28-4256-b93b-6a2c907b2b36,2026-05-11T19:45:00Z,2026-05-11T21:45:00+0200,0.0,MW,FR,FR,forecast_solar_generation,Solar,2026-05-30T16:05:06Z
2026-05-30T16:04:09Z,2026-05-30T18:04:09+0200,f5ca70ef-bf28-4256-b93b-6a2c907b2b36,2026-05-11T20:00:00Z,2026-05-11T22:00:00+0200,0.0,MW,FR,FR,forecast_solar_generation,Solar,2026-05-30T16:05:06Z
2026-05-30T16:04:09Z,2026-05-30T18:04:09+0200,f5ca70ef-bf28-4256-b93b-6a2c907b2b36,2026-05-11T20:15:00Z,2026-05-11T22:15:00+0200,0.0,MW,FR,FR,forecast_solar_generation,Solar,2026-05-30T16:05:06Z
2026-05-30T16:04:09Z,2026-05-30T18:04:09+0200,f5ca70ef-bf28-4256-b93b-6a2c907b2b36,2026-05-11T20:30:00Z,2026-05-11T22:30:00+0200,0.0,MW,FR,FR,forecast_solar_generation,Solar,2026-05-30T16:05:06Z
2026-05-30T16:04:09Z,2026-05-30T18:04:09+0200,f5ca70ef-bf28-4256-b93b-6a2c907b2b36,2026-05-11T20:45:00Z,2026-05-11T22:45:00+0200,0.0,MW,FR,FR,forecast_solar_generation,Solar,2026-05-30T16:05:06Z
2026-05-30T16:04:09Z,2026-05-30T18:04:09+0200,f5ca70ef-bf28-4256-b93b-6a2c907b2b36,2026-05-11T21:00:00Z,2026-05-11T23:00:00+0200,0.0,MW,FR,FR,forecast_solar_generation,Solar,2026-05-30T16:05:06Z
2026-05-30T16:04:09Z,2026-05-30T18:04:09+0200,f5ca70ef-bf28-4256-b93b-6a2c907b2b36,2026-05-11T21:15:00Z,2026-05-11T23:15:00+0200,0.0,MW,FR,FR,forecast_solar_generation,Solar,2026-05-30T16:05:06Z
2026-05-30T16:04:09Z,2026-05-30T18:04:09+0200,f5ca70ef-bf28-4256-b93b-6a2c907b2b36,2026-05-11T21:30:00Z,2026-05-11T23:30:00+0200,0.0,MW,FR,FR,forecast_solar_generation,Solar,2026-05-30T16:05:06Z
2026-05-30T16:04:09Z,2026-05-30T18:04:09+0200,f5ca70ef-bf28-4256-b93b-6a2c907b2b36,2026-05-11T21:45:00Z,2026-05-11T23:45:00+0200,0.0,MW,FR,FR,forecast_solar_generation,Solar,2026-05-30T16:05:06Z
2026-05-30T16:04:09Z,2026-05-30T18:04:09+0200,f5ca70ef-bf28-4256-b93b-6a2c907b2b36,2026-05-11T22:00:00Z,2026-05-12T00:00:00+0200,0.0,MW,FR,FR,forecast_solar_generation,Solar,2026-05-30T16:05:06Z
2026-05-30T16:04:09Z,2026-05-30T18:04:09+0200,f5ca70ef-bf28-4256-b93b-6a2c907b2b36,2026-05-11T22:15:00Z,2026-05-12T00:15:00+0200,0.0,MW,FR,FR,forecast_solar_generation,Solar,2026-05-30T16:05:06Z
2026-05-30T16:04:09Z,2026-05-30T18:04:09+0200,f5ca70ef-bf28-4256-b93b-6a2c907b2b36,2026-05-11T22:30:00Z,2026-05-12T00:30:00+0200,0.0,MW,FR,FR,forecast_solar_generation,Solar,2026-05-30T16:05:06Z
2026-05-30T16:04:09Z,2026-05-30T18:04:09+0200,f5ca70ef-bf28-4256-b93b-6a2c907b2b36,2026-05-11T22:45:00Z,2026-05-12T00:45:00+0200,0.0,MW,FR,FR,forecast_solar_generation,Solar,2026-05-30T16:05:06Z
2026-05-30T16:04:09Z,2026-05-30T18:04:09+0200,f5ca70ef-bf28-4256-b93b-6a2c907b2b36,2026-05-11T23:00:00Z,2026-05-12T01:00:00+0200,0.0,MW,FR,FR,forecast_solar_generation,Solar,2026-05-30T16:05:06Z
2026-05-30T16:04:09Z,2026-05-30T18:04:09+0200,f5ca70ef-bf28-4256-b93b-6a2c907b2b36,2026-05-11T23:15:00Z,2026-05-12T01:15:00+0200,0.0,MW,FR,FR,forecast_solar_generation,Solar,2026-05-30T16:05:06Z
2026-05-30T16:04:09Z,2026-05-30T18:04:09+0200,f5ca70ef-bf28-4256-b93b-6a2c907b2b36,2026-05-11T23:30:00Z,2026-05-12T01:30:00+0200,0.0,MW,FR,FR,forecast_solar_generation,Solar,2026-05-30T16:05:06Z
2026-05-30T16:04:09Z,2026-05-30T18:04:09+0200,f5ca70ef-bf28-4256-b93b-6a2c907b2b36,2026-05-11T23:45:00Z,2026-05-12T01:45:00+0200,0.0,MW,FR,FR,forecast_solar_generation,Solar,2026-05-30T16:05:06Z
2026-05-30T16:04:09Z,2026-05-30T18:04:09+0200,f5ca70ef-bf28-4256-b93b-6a2c907b2b36,2026-05-12T00:00:00Z,2026-05-12T02:00:00+0200,0.0,MW,FR,FR,forecast_solar_generation,Solar,2026-05-30T16:05:06Z
2026-05-30T16:04:09Z,2026-05-30T18:04:09+0200,f5ca70ef-bf28-4256-b93b-6a2c907b2b36,2026-05-12T00:15:00Z,2026-05-12T02:15:00+0200,0.0,MW,FR,FR,forecast_solar_generation,Solar,2026-05-30T16:05:06Z
2026-05-30T16:04:09Z,2026-05-30T18:04:09+0200,f5ca70ef-bf28-4256-b93b-6a2c907b2b36,2026-05-12T00:30:00Z,2026-05-12T02:30:00+0200,0.0,MW,FR,FR,forecast_solar_generation,Solar,2026-05-30T16:05:06Z
2026-05-30T16:04:09Z,2026-05-30T18:04:09+0200,f5ca70ef-bf28-4256-b93b-6a2c907b2b36,2026-05-12T00:45:00Z,2026-05-12T02:45:00+0200,0.0,MW,FR,FR,forecast_solar_generation,Solar,2026-05-30T16:05:06Z
2026-05-30T16:04:09Z,2026-05-30T18:04:09+0200,f5ca70ef-bf28-4256-b93b-6a2c907b2b36,2026-05-12T01:00:00Z,2026-05-12T03:00:00+0200,0.0,MW,FR,FR,forecast_solar_generation,Solar,2026-05-30T16:05:06Z
2026-05-30T16:04:09Z,2026-05-30T18:04:09+0200,f5ca70ef-bf28-4256-b93b-6a2c907b2b36,2026-05-12T01:15:00Z,2026-05-12T03:15:00+0200,0.0,MW,FR,FR,forecast_solar_generation,Solar,2026-05-30T16:05:06Z
2026-05-30T16:04:09Z,2026-05-30T18:04:09+0200,f5ca70ef-bf28-4256-b93b-6a2c907b2b36,2026-05-12T01:30:00Z,2026-05-12T03:30:00+0200,0.0,MW,FR,FR,forecast_solar_generation,Solar,2026-05-30T16:05:06Z
2026-05-30T16:04:09Z,2026-05-30T18:04:09+0200,f5ca70ef-bf28-4256-b93b-6a2c907b2b36,2026-05-12T01:45:00Z,2026-05-12T03:45:00+0200,0.0,MW,FR,FR,forecast_solar_generation,Solar,2026-05-30T16:05:06Z
2026-05-30T16:04:09Z,2026-05-30T18:04:09+0200,f5ca70ef-bf28-4256-b93b-6a2c907b2b36,2026-05-12T02:00:00Z,2026-05-12T04:00:00+0200,0.0,MW,FR,FR,forecast_solar_generation,Solar,2026-05-30T16:05:06Z
2026-05-30T16:04:09Z,2026-05-30T18:04:09+0200,f5ca70ef-bf28-4256-b93b-6a2c907b2b36,2026-05-12T02:15:00Z,2026-05-12T04:15:00+0200,0.0,MW,FR,FR,forecast_solar_generation,Solar,2026-05-30T16:05:06Z
2026-05-30T16:04:09Z,2026-05-30T18:04:09+0200,f5ca70ef-bf28-4256-b93b-6a2c907b2b36,2026-05-12T02:30:00Z,2026-05-12T04:30:00+0200,0.0,MW,FR,FR,forecast_solar_generation,Solar,2026-05-30T16:05:06Z
2026-05-30T16:04:09Z,2026-05-30T18:04:09+0200,f5ca70ef-bf28-4256-b93b-6a2c907b2b36,2026-05-12T02:45:00Z,2026-05-12T04:45:00+0200,0.0,MW,FR,FR,forecast_solar_generation,Solar,2026-05-30T16:05:06Z
2026-05-30T16:04:09Z,2026-05-30T18:04:09+0200,f5ca70ef-bf28-4256-b93b-6a2c907b2b36,2026-05-12T03:00:00Z,2026-05-12T05:00:00+0200,0.0,MW,FR,FR,forecast_solar_generation,Solar,2026-05-30T16:05:06Z
2026-05-30T16:04:09Z,2026-05-30T18:04:09+0200,f5ca70ef-bf28-4256-b93b-6a2c907b2b36,2026-05-12T03:15:00Z,2026-05-12T05:15:00+0200,0.0,MW,FR,FR,forecast_solar_generation,Solar,2026-05-30T16:05:06Z
2026-05-30T16:04:09Z,2026-05-30T18:04:09+0200,f5ca70ef-bf28-4256-b93b-6a2c907b2b36,2026-05-12T03:30:00Z,2026-05-12T05:30:00+0200,0.0,MW,FR,FR,forecast_solar_generation,Solar,2026-05-30T16:05:06Z
2026-05-30T16:04:09Z,2026-05-30T18:04:09+0200,f5ca70ef-bf28-4256-b93b-6a2c907b2b36,2026-05-12T03:45:00Z,2026-05-12T05:45:00+0200,0.0,MW,FR,FR,forecast_solar_generation,Solar,2026-05-30T16:05:06Z
2026-05-30T16:04:09Z,2026-05-30T18:04:09+0200,f5ca70ef-bf28-4256-b93b-6a2c907b2b36,2026-05-12T04:00:00Z,2026-05-12T06:00:00+0200,0.0,MW,FR,FR,forecast_solar_generation,Solar,2026-05-30T16:05:06Z
2026-05-30T16:04:09Z,2026-05-30T18:04:09+0200,f5ca70ef-bf28-4256-b93b-6a2c907b2b36,2026-05-12T04:15:00Z,2026-05-12T06:15:00+0200,17.44153,MW,FR,FR,forecast_solar_generation,Solar,2026-05-30T16:05:06Z
2026-05-30T16:04:09Z,2026-05-30T18:04:09+0200,f5ca70ef-bf28-4256-b93b-6a2c907b2b36,2026-05-12T04:30:00Z,2026-05-12T06:30:00+0200,75.72225,MW,FR,FR,forecast_solar_generation,Solar,2026-05-30T16:05:06Z
2026-05-30T16:04:09Z,2026-05-30T18:04:09+0200,f5ca70ef-bf28-4256-b93b-6a2c907b2b36,2026-05-12T04:45:00Z,2026-05-12T06:45:00+0200,266.14404,MW,FR,FR,forecast_solar_generation,Solar,2026-05-30T16:05:06Z
2026-05-30T16:04:09Z,2026-05-30T18:04:09+0200,f5ca70ef-bf28-4256-b93b-6a2c907b2b36,2026-05-12T05:00:00Z,2026-05-12T07:00:00+0200,563.77588,MW,FR,FR,forecast_solar_generation,Solar,2026-05-30T16:05:06Z
2026-05-30T16:04:09Z,2026-05-30T18:04:09+0200,f5ca70ef-bf28-4256-b93b-6a2c907b2b36,2026-05-12T05:15:00Z,2026-05-12T07:15:00+0200,908.17004,MW,FR,FR,forecast_solar_generation,Solar,2026-05-30T16:05:06Z
2026-05-30T16:04:09Z,2026-05-30T18:04:09+0200,f5ca70ef-bf28-4256-b93b-6a2c907b2b36,2026-05-12T05:30:00Z,2026-05-12T07:30:00+0200,1361.60242,MW,FR,FR,forecast_solar_generation,Solar,2026-05-30T16:05:06Z
2026-05-30T16:04:09Z,2026-05-30T18:04:09+0200,f5ca70ef-bf28-4256-b93b-6a2c907b2b36,2026-05-12T05:45:00Z,2026-05-12T07:45:00+0200,2041.71667,MW,FR,FR,forecast_solar_generation,Solar,2026-05-30T16:05:06Z
2026-05-30T16:04:09Z,2026-05-30T18:04:09+0200,f5ca70ef-bf28-4256-b93b-6a2c907b2b36,2026-05-12T06:00:00Z,2026-05-12T08:00:00+0200,2867.80566,MW,FR,FR,forecast_solar_generation,Solar,2026-05-30T16:05:06Z
2026-05-30T16:04:09Z,2026-05-30T18:04:09+0200,f5ca70ef-bf28-4256-b93b-6a2c907b2b36,2026-05-12T06:15:00Z,2026-05-12T08:15:00+0200,3816.56885,MW,FR,FR,forecast_solar_generation,Solar,2026-05-30T16:05:06Z
2026-05-30T16:04:09Z,2026-05-30T18:04:09+0200,f5ca70ef-bf28-4256-b93b-6a2c907b2b36,2026-05-12T06:30:00Z,2026-05-12T08:30:00+0200,4772.72705,MW,FR,FR,forecast_solar_generation,Solar,2026-05-30T16:05:06Z
2026-05-30T16:04:09Z,2026-05-30T18:04:09+0200,f5ca70ef-bf28-4256-b93b-6a2c907b2b36,2026-05-12T06:45:00Z,2026-05-12T08:45:00+0200,5922.31006,MW,FR,FR,forecast_solar_generation,Solar,2026-05-30T16:05:06Z
2026-05-30T16:04:09Z,2026-05-30T18:04:09+0200,f5ca70ef-bf28-4256-b93b-6a2c907b2b36,2026-05-12T07:00:00Z,2026-05-12T09:00:00+0200,6996.05811,MW,FR,FR,forecast_solar_generation,Solar,2026-05-30T16:05:06Z
2026-05-30T16:04:09Z,2026-05-30T18:04:09+0200,f5ca70ef-bf28-4256-b93b-6a2c907b2b36,2026-05-12T07:15:00Z,2026-05-12T09:15:00+0200,8174.07812,MW,FR,FR,forecast_solar_generation,Solar,2026-05-30T16:05:06Z
2026-05-30T16:04:09Z,2026-05-30T18:04:09+0200,f5ca70ef-bf28-4256-b93b-6a2c907b2b36,2026-05-12T07:30:00Z,2026-05-12T09:30:00+0200,9235.06641,MW,FR,FR,forecast_solar_generation,Solar,2026-05-30T16:05:06Z
2026-05-30T16:04:09Z,2026-05-30T18:04:09+0200,f5ca70ef-bf28-4256-b93b-6a2c907b2b36,2026-05-12T07:45:00Z,2026-05-12T09:45:00+0200,10115.76465,MW,FR,FR,forecast_solar_generation,Solar,2026-05-30T16:05:06Z
2026-05-30T16:04:09Z,2026-05-30T18:04:09+0200,f5ca70ef-bf28-4256-b93b-6a2c907b2b36,2026-05-12T08:00:00Z,2026-05-12T10:00:00+0200,10946.26465,MW,FR,FR,forecast_solar_generation,Solar,2026-05-30T16:05:06Z
2026-05-30T16:04:09Z,2026-05-30T18:04:09+0200,f5ca70ef-bf28-4256-b93b-6a2c907b2b36,2026-05-12T08:15:00Z,2026-05-12T10:15:00+0200,11836.78516,MW,FR,FR,forecast_solar_generation,Solar,2026-05-30T16:05:06Z
2026-05-30T16:04:09Z,2026-05-30T18:04:09+0200,f5ca70ef-bf28-4256-b93b-6a2c907b2b36,2026-05-12T08:30:00Z,2026-05-12T10:30:00+0200,12531.03809,MW,FR,FR,forecast_solar_generation,Solar,2026-05-30T16:05:06Z
2026-05-30T16:04:09Z,2026-05-30T18:04:09+0200,f5ca70ef-bf28-4256-b93b-6a2c907b2b36,2026-05-12T08:45:00Z,2026-05-12T10:45:00+0200,12939.84375,MW,FR,FR,forecast_solar_generation,Solar,2026-05-30T16:05:06Z
2026-05-30T16:04:09Z,2026-05-30T18:04:09+0200,f5ca70ef-bf28-4256-b93b-6a2c907b2b36,2026-05-12T09:00:00Z,2026-05-12T11:00:00+0200,13321.09277,MW,FR,FR,forecast_solar_generation,Solar,2026-05-30T16:05:06Z
2026-05-30T16:04:09Z,2026-05-30T18:04:09+0200,f5ca70ef-bf28-4256-b93b-6a2c907b2b36,2026-05-12T09:15:00Z,2026-05-12T11:15:00+0200,13795.29785,MW,FR,FR,forecast_solar_generation,Solar,2026-05-30T16:05:06Z
2026-05-30T16:04:09Z,2026-05-30T18:04:09+0200,f5ca70ef-bf28-4256-b93b-6a2c907b2b36,2026-05-12T09:30:00Z,2026-05-12T11:30:00+0200,14185.83594,MW,FR,FR,forecast_solar_generation,Solar,2026-05-30T16:05:06Z
2026-05-30T16:04:09Z,2026-05-30T18:04:09+0200,f5ca70ef-bf28-4256-b93b-6a2c907b2b36,2026-05-12T09:45:00Z,2026-05-12T11:45:00+0200,14421.4873,MW,FR,FR,forecast_solar_generation,Solar,2026-05-30T16:05:06Z
2026-05-30T16:04:09Z,2026-05-30T18:04:09+0200,f5ca70ef-bf28-4256-b93b-6a2c907b2b36,2026-05-12T10:00:00Z,2026-05-12T12:00:00+0200,14719.73145,MW,FR,FR,forecast_solar_generation,Solar,2026-05-30T16:05:06Z
2026-05-30T16:04:09Z,2026-05-30T18:04:09+0200,f5ca70ef-bf28-4256-b93b-6a2c907b2b36,2026-05-12T10:15:00Z,2026-05-12T12:15:00+0200,14949.7998,MW,FR,FR,forecast_solar_generation,Solar,2026-05-30T16:05:06Z
2026-05-30T16:04:09Z,2026-05-30T18:04:09+0200,f5ca70ef-bf28-4256-b93b-6a2c907b2b36,2026-05-12T10:30:00Z,2026-05-12T12:30:00+0200,15253.95605,MW,FR,FR,forecast_solar_generation,Solar,2026-05-30T16:05:06Z
2026-05-30T16:04:09Z,2026-05-30T18:04:09+0200,f5ca70ef-bf28-4256-b93b-6a2c907b2b36,2026-05-12T10:45:00Z,2026-05-12T12:45:00+0200,15455.43555,MW,FR,FR,forecast_solar_generation,Solar,2026-05-30T16:05:06Z
2026-05-30T16:04:09Z,2026-05-30T18:04:09+0200,f5ca70ef-bf28-4256-b93b-6a2c907b2b36,2026-05-12T11:00:00Z,2026-05-12T13:00:00+0200,15729.22852,MW,FR,FR,forecast_solar_generation,Solar,2026-05-30T16:05:06Z
2026-05-30T16:04:09Z,2026-05-30T18:04:09+0200,f5ca70ef-bf28-4256-b93b-6a2c907b2b36,2026-05-12T11:15:00Z,2026-05-12T13:15:00+0200,15905.60059,MW,FR,FR,forecast_solar_generation,Solar,2026-05-30T16:05:06Z
2026-05-30T16:04:09Z,2026-05-30T18:04:09+0200,f5ca70ef-bf28-4256-b93b-6a2c907b2b36,2026-05-12T11:30:00Z,2026-05-12T13:30:00+0200,16138.32031,MW,FR,FR,forecast_solar_generation,Solar,2026-05-30T16:05:06Z
2026-05-30T16:04:09Z,2026-05-30T18:04:09+0200,f5ca70ef-bf28-4256-b93b-6a2c907b2b36,2026-05-12T11:45:00Z,2026-05-12T13:45:00+0200,16105.41895,MW,FR,FR,forecast_solar_generation,Solar,2026-05-30T16:05:06Z
2026-05-30T16:04:09Z,2026-05-30T18:04:09+0200,f5ca70ef-bf28-4256-b93b-6a2c907b2b36,2026-05-12T12:00:00Z,2026-05-12T14:00:00+0200,16057.84668,MW,FR,FR,forecast_solar_generation,Solar,2026-05-30T16:05:06Z
2026-05-30T16:04:09Z,2026-05-30T18:04:09+0200,f5ca70ef-bf28-4256-b93b-6a2c907b2b36,2026-05-12T12:15:00Z,2026-05-12T14:15:00+0200,15997.31152,MW,FR,FR,forecast_solar_generation,Solar,2026-05-30T16:05:06Z
2026-05-30T16:04:09Z,2026-05-30T18:04:09+0200,f5ca70ef-bf28-4256-b93b-6a2c907b2b36,2026-05-12T12:30:00Z,2026-05-12T14:30:00+0200,15884.50391,MW,FR,FR,forecast_solar_generation,Solar,2026-05-30T16:05:06Z
2026-05-30T16:04:09Z,2026-05-30T18:04:09+0200,f5ca70ef-bf28-4256-b93b-6a2c907b2b36,2026-05-12T12:45:00Z,2026-05-12T14:45:00+0200,15637.91895,MW,FR,FR,forecast_solar_generation,Solar,2026-05-30T16:05:06Z
2026-05-30T16:04:09Z,2026-05-30T18:04:09+0200,f5ca70ef-bf28-4256-b93b-6a2c907b2b36,2026-05-12T13:00:00Z,2026-05-12T15:00:00+0200,15330.10156,MW,FR,FR,forecast_solar_generation,Solar,2026-05-30T16:05:06Z
2026-05-30T16:04:09Z,2026-05-30T18:04:09+0200,f5ca70ef-bf28-4256-b93b-6a2c907b2b36,2026-05-12T13:15:00Z,2026-05-12T15:15:00+0200,15045.82129,MW,FR,FR,forecast_solar_generation,Solar,2026-05-30T16:05:06Z
2026-05-30T16:04:09Z,2026-05-30T18:04:09+0200,f5ca70ef-bf28-4256-b93b-6a2c907b2b36,2026-05-12T13:30:00Z,2026-05-12T15:30:00+0200,14759.39258,MW,FR,FR,forecast_solar_generation,Solar,2026-05-30T16:05:06Z
2026-05-30T16:04:09Z,2026-05-30T18:04:09+0200,f5ca70ef-bf28-4256-b93b-6a2c907b2b36,2026-05-12T13:45:00Z,2026-05-12T15:45:00+0200,14381.24414,MW,FR,FR,forecast_solar_generation,Solar,2026-05-30T16:05:06Z
2026-05-30T16:04:09Z,2026-05-30T18:04:09+0200,f5ca70ef-bf28-4256-b93b-6a2c907b2b36,2026-05-12T14:00:00Z,2026-05-12T16:00:00+0200,13901.51465,MW,FR,FR,forecast_solar_generation,Solar,2026-05-30T16:05:06Z
2026-05-30T16:04:09Z,2026-05-30T18:04:09+0200,f5ca70ef-bf28-4256-b93b-6a2c907b2b36,2026-05-12T14:15:00Z,2026-05-12T16:15:00+0200,13398.20312,MW,FR,FR,forecast_solar_generation,Solar,2026-05-30T16:05:06Z
2026-05-30T16:04:09Z,2026-05-30T18:04:09+0200,f5ca70ef-bf28-4256-b93b-6a2c907b2b36,2026-05-12T14:30:00Z,2026-05-12T16:30:00+0200,12825.05176,MW,FR,FR,forecast_solar_generation,Solar,2026-05-30T16:05:06Z
2026-05-30T16:04:09Z,2026-05-30T18:04:09+0200,f5ca70ef-bf28-4256-b93b-6a2c907b2b36,2026-05-12T14:45:00Z,2026-05-12T16:45:00+0200,12159.40137,MW,FR,FR,forecast_solar_generation,Solar,2026-05-30T16:05:06Z
2026-05-30T16:04:09Z,2026-05-30T18:04:09+0200,f5ca70ef-bf28-4256-b93b-6a2c907b2b36,2026-05-12T15:00:00Z,2026-05-12T17:00:00+0200,11461.75781,MW,FR,FR,forecast_solar_generation,Solar,2026-05-30T16:05:06Z
2026-05-30T16:04:09Z,2026-05-30T18:04:09+0200,f5ca70ef-bf28-4256-b93b-6a2c907b2b36,2026-05-12T15:15:00Z,2026-05-12T17:15:00+0200,10706.2793,MW,FR,FR,forecast_solar_generation,Solar,2026-05-30T16:05:06Z
2026-05-30T16:04:09Z,2026-05-30T18:04:09+0200,f5ca70ef-bf28-4256-b93b-6a2c907b2b36,2026-05-12T15:30:00Z,2026-05-12T17:30:00+0200,9964.49414,MW,FR,FR,forecast_solar_generation,Solar,2026-05-30T16:05:06Z
2026-05-30T16:04:09Z,2026-05-30T18:04:09+0200,f5ca70ef-bf28-4256-b93b-6a2c907b2b36,2026-05-12T15:45:00Z,2026-05-12T17:45:00+0200,9188.33398,MW,FR,FR,forecast_solar_generation,Solar,2026-05-30T16:05:06Z
2026-05-30T16:04:09Z,2026-05-30T18:04:09+0200,f5ca70ef-bf28-4256-b93b-6a2c907b2b36,2026-05-12T16:00:00Z,2026-05-12T18:00:00+0200,8269.54492,MW,FR,FR,forecast_solar_generation,Solar,2026-05-30T16:05:06Z
2026-05-30T16:04:09Z,2026-05-30T18:04:09+0200,f5ca70ef-bf28-4256-b93b-6a2c907b2b36,2026-05-12T16:15:00Z,2026-05-12T18:15:00+0200,7261.4541,MW,FR,FR,forecast_solar_generation,Solar,2026-05-30T16:05:06Z
2026-05-30T16:04:09Z,2026-05-30T18:04:09+0200,f5ca70ef-bf28-4256-b93b-6a2c907b2b36,2026-05-12T16:30:00Z,2026-05-12T18:30:00+0200,6388.28613,MW,FR,FR,forecast_solar_generation,Solar,2026-05-30T16:05:06Z
2026-05-30T16:04:09Z,2026-05-30T18:04:09+0200,f5ca70ef-bf28-4256-b93b-6a2c907b2b36,2026-05-12T16:45:00Z,2026-05-12T18:45:00+0200,5663.98877,MW,FR,FR,forecast_solar_generation,Solar,2026-05-30T16:05:06Z
2026-05-30T16:04:09Z,2026-05-30T18:04:09+0200,f5ca70ef-bf28-4256-b93b-6a2c907b2b36,2026-05-12T17:00:00Z,2026-05-12T19:00:00+0200,4602.49219,MW,FR,FR,forecast_solar_generation,Solar,2026-05-30T16:05:06Z
2026-05-30T16:04:09Z,2026-05-30T18:04:09+0200,f5ca70ef-bf28-4256-b93b-6a2c907b2b36,2026-05-12T17:15:00Z,2026-05-12T19:15:00+0200,3891.70093,MW,FR,FR,forecast_solar_generation,Solar,2026-05-30T16:05:06Z
2026-05-30T16:04:09Z,2026-05-30T18:04:09+0200,f5ca70ef-bf28-4256-b93b-6a2c907b2b36,2026-05-12T17:30:00Z,2026-05-12T19:30:00+0200,3016.97729,MW,FR,FR,forecast_solar_generation,Solar,2026-05-30T16:05:06Z
2026-05-30T16:04:09Z,2026-05-30T18:04:09+0200,f5ca70ef-bf28-4256-b93b-6a2c907b2b36,2026-05-12T17:45:00Z,2026-05-12T19:45:00+0200,2462.56445,MW,FR,FR,forecast_solar_generation,Solar,2026-05-30T16:05:06Z
2026-05-30T16:04:09Z,2026-05-30T18:04:09+0200,f5ca70ef-bf28-4256-b93b-6a2c907b2b36,2026-05-12T18:00:00Z,2026-05-12T20:00:00+0200,1778.19897,MW,FR,FR,forecast_solar_generation,Solar,2026-05-30T16:05:06Z
2026-05-30T16:04:09Z,2026-05-30T18:04:09+0200,f5ca70ef-bf28-4256-b93b-6a2c907b2b36,2026-05-12T18:15:00Z,2026-05-12T20:15:00+0200,1259.31775,MW,FR,FR,forecast_solar_generation,Solar,2026-05-30T16:05:06Z
2026-05-30T16:04:09Z,2026-05-30T18:04:09+0200,f5ca70ef-bf28-4256-b93b-6a2c907b2b36,2026-05-12T18:30:00Z,2026-05-12T20:30:00+0200,751.19257,MW,FR,FR,forecast_solar_generation,Solar,2026-05-30T16:05:06Z
2026-05-30T16:04:09Z,2026-05-30T18:04:09+0200,f5ca70ef-bf28-4256-b93b-6a2c907b2b36,2026-05-12T18:45:00Z,2026-05-12T20:45:00+0200,485.68698,MW,FR,FR,forecast_solar_generation,Solar,2026-05-30T16:05:06Z
2026-05-30T16:04:09Z,2026-05-30T18:04:09+0200,f5ca70ef-bf28-4256-b93b-6a2c907b2b36,2026-05-12T19:00:00Z,2026-05-12T21:00:00+0200,244.80167,MW,FR,FR,forecast_solar_generation,Solar,2026-05-30T16:05:06Z
2026-05-30T16:04:09Z,2026-05-30T18:04:09+0200,f5ca70ef-bf28-4256-b93b-6a2c907b2b36,2026-05-12T19:15:00Z,2026-05-12T21:15:00+0200,83.30558,MW,FR,FR,forecast_solar_generation,Solar,2026-05-30T16:05:06Z
2026-05-30T16:04:09Z,2026-05-30T18:04:09+0200,f5ca70ef-bf28-4256-b93b-6a2c907b2b36,2026-05-12T19:30:00Z,2026-05-12T21:30:00+0200,10.11729,MW,FR,FR,forecast_solar_generation,Solar,2026-05-30T16:05:06Z
2026-05-30T16:04:09Z,2026-05-30T18:04:09+0200,f5ca70ef-bf28-4256-b93b-6a2c907b2b36,2026-05-12T19:45:00Z,2026-05-12T21:45:00+0200,0.02117,MW,FR,FR,forecast_solar_generation,Solar,2026-05-30T16:05:06Z
2026-05-30T16:04:09Z,2026-05-30T18:04:09+0200,f5ca70ef-bf28-4256-b93b-6a2c907b2b36,2026-05-12T20:00:00Z,2026-05-12T22:00:00+0200,0.0,MW,FR,FR,forecast_solar_generation,Solar,2026-05-30T16:05:06Z
2026-05-30T16:04:09Z,2026-05-30T18:04:09+0200,f5ca70ef-bf28-4256-b93b-6a2c907b2b36,2026-05-12T20:15:00Z,2026-05-12T22:15:00+0200,0.0,MW,FR,FR,forecast_solar_generation,Solar,2026-05-30T16:05:06Z
2026-05-30T16:04:09Z,2026-05-30T18:04:09+0200,f5ca70ef-bf28-4256-b93b-6a2c907b2b36,2026-05-12T20:30:00Z,2026-05-12T22:30:00+0200,0.0,MW,FR,FR,forecast_solar_generation,Solar,2026-05-30T16:05:06Z
2026-05-30T16:04:09Z,2026-05-30T18:04:09+0200,f5ca70ef-bf28-4256-b93b-6a2c907b2b36,2026-05-12T20:45:00Z,2026-05-12T22:45:00+0200,0.0,MW,FR,FR,forecast_solar_generation,Solar,2026-05-30T16:05:06Z
2026-05-30T16:04:09Z,2026-05-30T18:04:09+0200,f5ca70ef-bf28-4256-b93b-6a2c907b2b36,2026-05-12T21:00:00Z,2026-05-12T23:00:00+0200,0.0,MW,FR,FR,forecast_solar_generation,Solar,2026-05-30T16:05:06Z
2026-05-30T16:04:09Z,2026-05-30T18:04:09+0200,f5ca70ef-bf28-4256-b93b-6a2c907b2b36,2026-05-12T21:15:00Z,2026-05-12T23:15:00+0200,0.0,MW,FR,FR,forecast_solar_generation,Solar,2026-05-30T16:05:06Z
2026-05-30T16:04:09Z,2026-05-30T18:04:09+0200,f5ca70ef-bf28-4256-b93b-6a2c907b2b36,2026-05-12T21:30:00Z,2026-05-12T23:30:00+0200,0.0,MW,FR,FR,forecast_solar_generation,Solar,2026-05-30T16:05:06Z
2026-05-30T16:04:09Z,2026-05-30T18:04:09+0200,f5ca70ef-bf28-4256-b93b-6a2c907b2b36,2026-05-12T21:45:00Z,2026-05-12T23:45:00+0200,0.0,MW,FR,FR,forecast_solar_generation,Solar,2026-05-30T16:05:06Z
2026-05-30T16:04:09Z,2026-05-30T18:04:09+0200,f5ca70ef-bf28-4256-b93b-6a2c907b2b36,2026-05-12T22:00:00Z,2026-05-13T00:00:00+0200,0.0,MW,FR,FR,forecast_solar_generation,Solar,2026-05-30T16:05:06Z
2026-05-30T16:04:09Z,2026-05-30T18:04:09+0200,f5ca70ef-bf28-4256-b93b-6a2c907b2b36,2026-05-12T22:15:00Z,2026-05-13T00:15:00+0200,0.0,MW,FR,FR,forecast_solar_generation,Solar,2026-05-30T16:05:06Z
2026-05-30T16:04:09Z,2026-05-30T18:04:09+0200,f5ca70ef-bf28-4256-b93b-6a2c907b2b36,2026-05-12T22:30:00Z,2026-05-13T00:30:00+0200,0.0,MW,FR,FR,forecast_solar_generation,Solar,2026-05-30T16:05:06Z
2026-05-30T16:04:09Z,2026-05-30T18:04:09+0200,f5ca70ef-bf28-4256-b93b-6a2c907b2b36,2026-05-12T22:45:00Z,2026-05-13T00:45:00+0200,0.0,MW,FR,FR,forecast_solar_generation,Solar,2026-05-30T16:05:06Z
2026-05-30T16:04:09Z,2026-05-30T18:04:09+0200,f5ca70ef-bf28-4256-b93b-6a2c907b2b36,2026-05-12T23:00:00Z,2026-05-13T01:00:00+0200,0.0,MW,FR,FR,forecast_solar_generation,Solar,2026-05-30T16:05:06Z
2026-05-30T16:04:09Z,2026-05-30T18:04:09+0200,f5ca70ef-bf28-4256-b93b-6a2c907b2b36,2026-05-12T23:15:00Z,2026-05-13T01:15:00+0200,0.0,MW,FR,FR,forecast_solar_generation,Solar,2026-05-30T16:05:06Z
2026-05-30T16:04:09Z,2026-05-30T18:04:09+0200,f5ca70ef-bf28-4256-b93b-6a2c907b2b36,2026-05-12T23:30:00Z,2026-05-13T01:30:00+0200,0.0,MW,FR,FR,forecast_solar_generation,Solar,2026-05-30T16:05:06Z
2026-05-30T16:04:09Z,2026-05-30T18:04:09+0200,f5ca70ef-bf28-4256-b93b-6a2c907b2b36,2026-05-12T23:45:00Z,2026-05-13T01:45:00+0200,0.0,MW,FR,FR,forecast_solar_generation,Solar,2026-05-30T16:05:06Z
2026-05-30T16:04:09Z,2026-05-30T18:04:09+0200,f5ca70ef-bf28-4256-b93b-6a2c907b2b36,2026-05-13T00:00:00Z,2026-05-13T02:00:00+0200,0.0,MW,FR,FR,forecast_solar_generation,Solar,2026-05-30T16:05:06Z
2026-05-30T16:04:09Z,2026-05-30T18:04:09+0200,f5ca70ef-bf28-4256-b93b-6a2c907b2b36,2026-05-13T00:15:00Z,2026-05-13T02:15:00+0200,0.0,MW,FR,FR,forecast_solar_generation,Solar,2026-05-30T16:05:06Z
2026-05-30T16:04:09Z,2026-05-30T18:04:09+0200,f5ca70ef-bf28-4256-b93b-6a2c907b2b36,2026-05-13T00:30:00Z,2026-05-13T02:30:00+0200,0.0,MW,FR,FR,forecast_solar_generation,Solar,2026-05-30T16:05:06Z
2026-05-30T16:04:09Z,2026-05-30T18:04:09+0200,f5ca70ef-bf28-4256-b93b-6a2c907b2b36,2026-05-13T00:45:00Z,2026-05-13T02:45:00+0200,0.0,MW,FR,FR,forecast_solar_generation,Solar,2026-05-30T16:05:06Z
2026-05-30T16:04:09Z,2026-05-30T18:04:09+0200,f5ca70ef-bf28-4256-b93b-6a2c907b2b36,2026-05-13T01:00:00Z,2026-05-13T03:00:00+0200,0.0,MW,FR,FR,forecast_solar_generation,Solar,2026-05-30T16:05:06Z
2026-05-30T16:04:09Z,2026-05-30T18:04:09+0200,f5ca70ef-bf28-4256-b93b-6a2c907b2b36,2026-05-13T01:15:00Z,2026-05-13T03:15:00+0200,0.0,MW,FR,FR,forecast_solar_generation,Solar,2026-05-30T16:05:06Z
2026-05-30T16:04:09Z,2026-05-30T18:04:09+0200,f5ca70ef-bf28-4256-b93b-6a2c907b2b36,2026-05-13T01:30:00Z,2026-05-13T03:30:00+0200,0.0,MW,FR,FR,forecast_solar_generation,Solar,2026-05-30T16:05:06Z
2026-05-30T16:04:09Z,2026-05-30T18:04:09+0200,f5ca70ef-bf28-4256-b93b-6a2c907b2b36,2026-05-13T01:45:00Z,2026-05-13T03:45:00+0200,0.0,MW,FR,FR,forecast_solar_generation,Solar,2026-05-30T16:05:06Z
2026-05-30T16:04:09Z,2026-05-30T18:04:09+0200,f5ca70ef-bf28-4256-b93b-6a2c907b2b36,2026-05-13T02:00:00Z,2026-05-13T04:00:00+0200,0.0,MW,FR,FR,forecast_solar_generation,Solar,2026-05-30T16:05:06Z
2026-05-30T16:04:09Z,2026-05-30T18:04:09+0200,f5ca70ef-bf28-4256-b93b-6a2c907b2b36,2026-05-13T02:15:00Z,2026-05-13T04:15:00+0200,0.0,MW,FR,FR,forecast_solar_generation,Solar,2026-05-30T16:05:06Z
2026-05-30T16:04:09Z,2026-05-30T18:04:09+0200,f5ca70ef-bf28-4256-b93b-6a2c907b2b36,2026-05-13T02:30:00Z,2026-05-13T04:30:00+0200,0.0,MW,FR,FR,forecast_solar_generation,Solar,2026-05-30T16:05:06Z
2026-05-30T16:04:09Z,2026-05-30T18:04:09+0200,f5ca70ef-bf28-4256-b93b-6a2c907b2b36,2026-05-13T02:45:00Z,2026-05-13T04:45:00+0200,0.0,MW,FR,FR,forecast_solar_generation,Solar,2026-05-30T16:05:06Z
2026-05-30T16:04:09Z,2026-05-30T18:04:09+0200,f5ca70ef-bf28-4256-b93b-6a2c907b2b36,2026-05-13T03:00:00Z,2026-05-13T05:00:00+0200,0.0,MW,FR,FR,forecast_solar_generation,Solar,2026-05-30T16:05:06Z
2026-05-30T16:04:09Z,2026-05-30T18:04:09+0200,f5ca70ef-bf28-4256-b93b-6a2c907b2b36,2026-05-13T03:15:00Z,2026-05-13T05:15:00+0200,0.0,MW,FR,FR,forecast_solar_generation,Solar,2026-05-30T16:05:06Z
2026-05-30T16:04:09Z,2026-05-30T18:04:09+0200,f5ca70ef-bf28-4256-b93b-6a2c907b2b36,2026-05-13T03:30:00Z,2026-05-13T05:30:00+0200,0.0,MW,FR,FR,forecast_solar_generation,Solar,2026-05-30T16:05:06Z
2026-05-30T16:04:09Z,2026-05-30T18:04:09+0200,f5ca70ef-bf28-4256-b93b-6a2c907b2b36,2026-05-13T03:45:00Z,2026-05-13T05:45:00+0200,0.0,MW,FR,FR,forecast_solar_generation,Solar,2026-05-30T16:05:06Z
2026-05-30T16:04:09Z,2026-05-30T18:04:09+0200,f5ca70ef-bf28-4256-b93b-6a2c907b2b36,2026-05-13T04:00:00Z,2026-05-13T06:00:00+0200,0.0,MW,FR,FR,forecast_solar_generation,Solar,2026-05-30T16:05:06Z
2026-05-30T16:04:09Z,2026-05-30T18:04:09+0200,f5ca70ef-bf28-4256-b93b-6a2c907b2b36,2026-05-13T04:15:00Z,2026-05-13T06:15:00+0200,17.48079,MW,FR,FR,forecast_solar_generation,Solar,2026-05-30T16:05:06Z
2026-05-30T16:04:09Z,2026-05-30T18:04:09+0200,f5ca70ef-bf28-4256-b93b-6a2c907b2b36,2026-05-13T04:30:00Z,2026-05-13T06:30:00+0200,74.61733,MW,FR,FR,forecast_solar_generation,Solar,2026-05-30T16:05:06Z
2026-05-30T16:04:09Z,2026-05-30T18:04:09+0200,f5ca70ef-bf28-4256-b93b-6a2c907b2b36,2026-05-13T04:45:00Z,2026-05-13T06:45:00+0200,240.86879,MW,FR,FR,forecast_solar_generation,Solar,2026-05-30T16:05:06Z
2026-05-30T16:04:09Z,2026-05-30T18:04:09+0200,f5ca70ef-bf28-4256-b93b-6a2c907b2b36,2026-05-13T05:00:00Z,2026-05-13T07:00:00+0200,511.53458,MW,FR,FR,forecast_solar_generation,Solar,2026-05-30T16:05:06Z
2026-05-30T16:04:09Z,2026-05-30T18:04:09+0200,f5ca70ef-bf28-4256-b93b-6a2c907b2b36,2026-05-13T05:15:00Z,2026-05-13T07:15:00+0200,828.77844,MW,FR,FR,forecast_solar_generation,Solar,2026-05-30T16:05:06Z
2026-05-30T16:04:09Z,2026-05-30T18:04:09+0200,f5ca70ef-bf28-4256-b93b-6a2c907b2b36,2026-05-13T05:30:00Z,2026-05-13T07:30:00+0200,1232.06018,MW,FR,FR,forecast_solar_generation,Solar,2026-05-30T16:05:06Z
2026-05-30T16:04:09Z,2026-05-30T18:04:09+0200,f5ca70ef-bf28-4256-b93b-6a2c907b2b36,2026-05-13T05:45:00Z,2026-05-13T07:45:00+0200,1776.76599,MW,FR,FR,forecast_solar_generation,Solar,2026-05-30T16:05:06Z
2026-05-30T16:04:09Z,2026-05-30T18:04:09+0200,f5ca70ef-bf28-4256-b93b-6a2c907b2b36,2026-05-13T06:00:00Z,2026-05-13T08:00:00+0200,2422.04297,MW,FR,FR,forecast_solar_generation,Solar,2026-05-30T16:05:06Z
2026-05-30T16:04:09Z,2026-05-30T18:04:09+0200,f5ca70ef-bf28-4256-b93b-6a2c907b2b36,2026-05-13T06:15:00Z,2026-05-13T08:15:00+0200,3163.3374,MW,FR,FR,forecast_solar_generation,Solar,2026-05-30T16:05:06Z
2026-05-30T16:04:09Z,2026-05-30T18:04:09+0200,f5ca70ef-bf28-4256-b93b-6a2c907b2b36,2026-05-13T06:30:00Z,2026-05-13T08:30:00+0200,3831.82324,MW,FR,FR,forecast_solar_generation,Solar,2026-05-30T16:05:06Z
2026-05-30T16:04:09Z,2026-05-30T18:04:09+0200,f5ca70ef-bf28-4256-b93b-6a2c907b2b36,2026-05-13T06:45:00Z,2026-05-13T08:45:00+0200,4716.39844,MW,FR,FR,forecast_solar_generation,Solar,2026-05-30T16:05:06Z
2026-05-30T16:04:09Z,2026-05-30T18:04:09+0200,f5ca70ef-bf28-4256-b93b-6a2c907b2b36,2026-05-13T07:00:00Z,2026-05-13T09:00:00+0200,5501.06641,MW,FR,FR,forecast_solar_generation,Solar,2026-05-30T16:05:06Z
2026-05-30T16:04:09Z,2026-05-30T18:04:09+0200,f5ca70ef-bf28-4256-b93b-6a2c907b2b36,2026-05-13T07:15:00Z,2026-05-13T09:15:00+0200,6438.05713,MW,FR,FR,forecast_solar_generation,Solar,2026-05-30T16:05:06Z
2026-05-30T16:04:09Z,2026-05-30T18:04:09+0200,f5ca70ef-bf28-4256-b93b-6a2c907b2b36,2026-05-13T07:30:00Z,2026-05-13T09:30:00+0200,7269.7168,MW,FR,FR,forecast_solar_generation,Solar,2026-05-30T16:05:06Z
2026-05-30T16:04:09Z,2026-05-30T18:04:09+0200,f5ca70ef-bf28-4256-b93b-6a2c907b2b36,2026-05-13T07:45:00Z,2026-05-13T09:45:00+0200,7972.26416,MW,FR,FR,forecast_solar_generation,Solar,2026-05-30T16:05:06Z
2026-05-30T16:04:09Z,2026-05-30T18:04:09+0200,f5ca70ef-bf28-4256-b93b-6a2c907b2b36,2026-05-13T08:00:00Z,2026-05-13T10:00:00+0200,8702.88672,MW,FR,FR,forecast_solar_generation,Solar,2026-05-30T16:05:06Z
2026-05-30T16:04:09Z,2026-05-30T18:04:09+0200,f5ca70ef-bf28-4256-b93b-6a2c907b2b36,2026-05-13T08:15:00Z,2026-05-13T10:15:00+0200,9632.73828,MW,FR,FR,forecast_solar_generation,Solar,2026-05-30T16:05:06Z
2026-05-30T16:04:09Z,2026-05-30T18:04:09+0200,f5ca70ef-bf28-4256-b93b-6a2c907b2b36,2026-05-13T08:30:00Z,2026-05-13T10:30:00+0200,8122.77979,MW,FR,FR,forecast_solar_generation,Solar,2026-05-30T16:05:06Z
2026-05-30T16:04:09Z,2026-05-30T18:04:09+0200,f5ca70ef-bf28-4256-b93b-6a2c907b2b36,2026-05-13T08:45:00Z,2026-05-13T10:45:00+0200,8563.72168,MW,FR,FR,forecast_solar_generation,Solar,2026-05-30T16:05:06Z
2026-05-30T16:04:09Z,2026-05-30T18:04:09+0200,f5ca70ef-bf28-4256-b93b-6a2c907b2b36,2026-05-13T09:00:00Z,2026-05-13T11:00:00+0200,8995.80078,MW,FR,FR,forecast_solar_generation,Solar,2026-05-30T16:05:06Z
2026-05-30T16:04:09Z,2026-05-30T18:04:09+0200,f5ca70ef-bf28-4256-b93b-6a2c907b2b36,2026-05-13T09:15:00Z,2026-05-13T11:15:00+0200,9550.75879,MW,FR,FR,forecast_solar_generation,Solar,2026-05-30T16:05:06Z
2026-05-30T16:04:09Z,2026-05-30T18:04:09+0200,f5ca70ef-bf28-4256-b93b-6a2c907b2b36,2026-05-13T09:30:00Z,2026-05-13T11:30:00+0200,10034.71289,MW,FR,FR,forecast_solar_generation,Solar,2026-05-30T16:05:06Z
2026-05-30T16:04:09Z,2026-05-30T18:04:09+0200,f5ca70ef-bf28-4256-b93b-6a2c907b2b36,2026-05-13T09:45:00Z,2026-05-13T11:45:00+0200,10306.19922,MW,FR,FR,forecast_solar_generation,Solar,2026-05-30T16:05:06Z
2026-05-30T16:04:09Z,2026-05-30T18:04:09+0200,f5ca70ef-bf28-4256-b93b-6a2c907b2b36,2026-05-13T10:00:00Z,2026-05-13T12:00:00+0200,10586.19238,MW,FR,FR,forecast_solar_generation,Solar,2026-05-30T16:05:06Z
2026-05-30T16:04:09Z,2026-05-30T18:04:09+0200,f5ca70ef-bf28-4256-b93b-6a2c907b2b36,2026-05-13T10:15:00Z,2026-05-13T12:15:00+0200,10884.62891,MW,FR,FR,forecast_solar_generation,Solar,2026-05-30T16:05:06Z
2026-05-30T16:04:09Z,2026-05-30T18:04:09+0200,f5ca70ef-bf28-4256-b93b-6a2c907b2b36,2026-05-13T10:30:00Z,2026-05-13T12:30:00+0200,11239.64844,MW,FR,FR,forecast_solar_generation,Solar,2026-05-30T16:05:06Z
2026-05-30T16:04:09Z,2026-05-30T18:04:09+0200,f5ca70ef-bf28-4256-b93b-6a2c907b2b36,2026-05-13T10:45:00Z,2026-05-13T12:45:00+0200,11490.93164,MW,FR,FR,forecast_solar_generation,Solar,2026-05-30T16:05:06Z
2026-05-30T16:04:09Z,2026-05-30T18:04:09+0200,f5ca70ef-bf28-4256-b93b-6a2c907b2b36,2026-05-13T11:00:00Z,2026-05-13T13:00:00+0200,11754.59668,MW,FR,FR,forecast_solar_generation,Solar,2026-05-30T16:05:06Z
2026-05-30T16:04:09Z,2026-05-30T18:04:09+0200,f5ca70ef-bf28-4256-b93b-6a2c907b2b36,2026-05-13T11:15:00Z,2026-05-13T13:15:00+0200,11943.3291,MW,FR,FR,forecast_solar_generation,Solar,2026-05-30T16:05:06Z
2026-05-30T16:04:09Z,2026-05-30T18:04:09+0200,f5ca70ef-bf28-4256-b93b-6a2c907b2b36,2026-05-13T11:30:00Z,2026-05-13T13:30:00+0200,12178.48145,MW,FR,FR,forecast_solar_generation,Solar,2026-05-30T16:05:06Z
2026-05-30T16:04:09Z,2026-05-30T18:04:09+0200,f5ca70ef-bf28-4256-b93b-6a2c907b2b36,2026-05-13T11:45:00Z,2026-05-13T13:45:00+0200,12160.12793,MW,FR,FR,forecast_solar_generation,Solar,2026-05-30T16:05:06Z
2026-05-30T16:04:09Z,2026-05-30T18:04:09+0200,f5ca70ef-bf28-4256-b93b-6a2c907b2b36,2026-05-13T12:00:00Z,2026-05-13T14:00:00+0200,12169.29785,MW,FR,FR,forecast_solar_generation,Solar,2026-05-30T16:05:06Z
2026-05-30T16:04:09Z,2026-05-30T18:04:09+0200,f5ca70ef-bf28-4256-b93b-6a2c907b2b36,2026-05-13T12:15:00Z,2026-05-13T14:15:00+0200,12195.49512,MW,FR,FR,forecast_solar_generation,Solar,2026-05-30T16:05:06Z
2026-05-30T16:04:09Z,2026-05-30T18:04:09+0200,f5ca70ef-bf28-4256-b93b-6a2c907b2b36,2026-05-13T12:30:00Z,2026-05-13T14:30:00+0200,12180.41602,MW,FR,FR,forecast_solar_generation,Solar,2026-05-30T16:05:06Z
2026-05-30T16:04:09Z,2026-05-30T18:04:09+0200,f5ca70ef-bf28-4256-b93b-6a2c907b2b36,2026-05-13T12:45:00Z,2026-05-13T14:45:00+0200,12045.13184,MW,FR,FR,forecast_solar_generation,Solar,2026-05-30T16:05:06Z
2026-05-30T16:04:09Z,2026-05-30T18:04:09+0200,f5ca70ef-bf28-4256-b93b-6a2c907b2b36,2026-05-13T13:00:00Z,2026-05-13T15:00:00+0200,11834.23242,MW,FR,FR,forecast_solar_generation,Solar,2026-05-30T16:05:06Z
2026-05-30T16:04:09Z,2026-05-30T18:04:09+0200,f5ca70ef-bf28-4256-b93b-6a2c907b2b36,2026-05-13T13:15:00Z,2026-05-13T15:15:00+0200,11657.98535,MW,FR,FR,forecast_solar_generation,Solar,2026-05-30T16:05:06Z
2026-05-30T16:04:09Z,2026-05-30T18:04:09+0200,f5ca70ef-bf28-4256-b93b-6a2c907b2b36,2026-05-13T13:30:00Z,2026-05-13T15:30:00+0200,11470.73926,MW,FR,FR,forecast_solar_generation,Solar,2026-05-30T16:05:06Z
2026-05-30T16:04:09Z,2026-05-30T18:04:09+0200,f5ca70ef-bf28-4256-b93b-6a2c907b2b36,2026-05-13T13:45:00Z,2026-05-13T15:45:00+0200,11229.0293,MW,FR,FR,forecast_solar_generation,Solar,2026-05-30T16:05:06Z
2026-05-30T16:04:09Z,2026-05-30T18:04:09+0200,f5ca70ef-bf28-4256-b93b-6a2c907b2b36,2026-05-13T14:00:00Z,2026-05-13T16:00:00+0200,10919.28613,MW,FR,FR,forecast_solar_generation,Solar,2026-05-30T16:05:06Z
2026-05-30T16:04:09Z,2026-05-30T18:04:09+0200,f5ca70ef-bf28-4256-b93b-6a2c907b2b36,2026-05-13T14:15:00Z,2026-05-13T16:15:00+0200,10576.30664,MW,FR,FR,forecast_solar_generation,Solar,2026-05-30T16:05:06Z
2026-05-30T16:04:09Z,2026-05-30T18:04:09+0200,f5ca70ef-bf28-4256-b93b-6a2c907b2b36,2026-05-13T14:30:00Z,2026-05-13T16:30:00+0200,10217.66309,MW,FR,FR,forecast_solar_generation,Solar,2026-05-30T16:05:06Z
2026-05-30T16:04:09Z,2026-05-30T18:04:09+0200,f5ca70ef-bf28-4256-b93b-6a2c907b2b36,2026-05-13T14:45:00Z,2026-05-13T16:45:00+0200,9829.18066,MW,FR,FR,forecast_solar_generation,Solar,2026-05-30T16:05:06Z
2026-05-30T16:04:09Z,2026-05-30T18:04:09+0200,f5ca70ef-bf28-4256-b93b-6a2c907b2b36,2026-05-13T15:00:00Z,2026-05-13T17:00:00+0200,9423.30957,MW,FR,FR,forecast_solar_generation,Solar,2026-05-30T16:05:06Z
2026-05-30T16:04:09Z,2026-05-30T18:04:09+0200,f5ca70ef-bf28-4256-b93b-6a2c907b2b36,2026-05-13T15:15:00Z,2026-05-13T17:15:00+0200,8916.62305,MW,FR,FR,forecast_solar_generation,Solar,2026-05-30T16:05:06Z
2026-05-30T16:04:09Z,2026-05-30T18:04:09+0200,f5ca70ef-bf28-4256-b93b-6a2c907b2b36,2026-05-13T15:30:00Z,2026-05-13T17:30:00+0200,8440.58301,MW,FR,FR,forecast_solar_generation,Solar,2026-05-30T16:05:06Z
2026-05-30T16:04:09Z,2026-05-30T18:04:09+0200,f5ca70ef-bf28-4256-b93b-6a2c907b2b36,2026-05-13T15:45:00Z,2026-05-13T17:45:00+0200,7814.99561,MW,FR,FR,forecast_solar_generation,Solar,2026-05-30T16:05:06Z
2026-05-30T16:04:09Z,2026-05-30T18:04:09+0200,f5ca70ef-bf28-4256-b93b-6a2c907b2b36,2026-05-13T16:00:00Z,2026-05-13T18:00:00+0200,7101.27832,MW,FR,FR,forecast_solar_generation,Solar,2026-05-30T16:05:06Z
2026-05-30T16:04:09Z,2026-05-30T18:04:09+0200,f5ca70ef-bf28-4256-b93b-6a2c907b2b36,2026-05-13T16:15:00Z,2026-05-13T18:15:00+0200,7998.59912,MW,FR,FR,forecast_solar_generation,Solar,2026-05-30T16:05:06Z
2026-05-30T16:04:09Z,2026-05-30T18:04:09+0200,f5ca70ef-bf28-4256-b93b-6a2c907b2b36,2026-05-13T16:30:00Z,2026-05-13T18:30:00+0200,7111.9668,MW,FR,FR,forecast_solar_generation,Solar,2026-05-30T16:05:06Z
2026-05-30T16:04:09Z,2026-05-30T18:04:09+0200,f5ca70ef-bf28-4256-b93b-6a2c907b2b36,2026-05-13T16:45:00Z,2026-05-13T18:45:00+0200,6334.32471,MW,FR,FR,forecast_solar_generation,Solar,2026-05-30T16:05:06Z
2026-05-30T16:04:09Z,2026-05-30T18:04:09+0200,f5ca70ef-bf28-4256-b93b-6a2c907b2b36,2026-05-13T17:00:00Z,2026-05-13T19:00:00+0200,5260.91504,MW,FR,FR,forecast_solar_generation,Solar,2026-05-30T16:05:06Z
2026-05-30T16:04:09Z,2026-05-30T18:04:09+0200,f5ca70ef-bf28-4256-b93b-6a2c907b2b36,2026-05-13T17:15:00Z,2026-05-13T19:15:00+0200,4507.67627,MW,FR,FR,forecast_solar_generation,Solar,2026-05-30T16:05:06Z
2026-05-30T16:04:09Z,2026-05-30T18:04:09+0200,f5ca70ef-bf28-4256-b93b-6a2c907b2b36,2026-05-13T17:30:00Z,2026-05-13T19:30:00+0200,3516.19458,MW,FR,FR,forecast_solar_generation,Solar,2026-05-30T16:05:06Z
2026-05-30T16:04:09Z,2026-05-30T18:04:09+0200,f5ca70ef-bf28-4256-b93b-6a2c907b2b36,2026-05-13T17:45:00Z,2026-05-13T19:45:00+0200,2857.3999,MW,FR,FR,forecast_solar_generation,Solar,2026-05-30T16:05:06Z
2026-05-30T16:04:09Z,2026-05-30T18:04:09+0200,f5ca70ef-bf28-4256-b93b-6a2c907b2b36,2026-05-13T18:00:00Z,2026-05-13T20:00:00+0200,2070.27661,MW,FR,FR,forecast_solar_generation,Solar,2026-05-30T16:05:06Z
2026-05-30T16:04:09Z,2026-05-30T18:04:09+0200,f5ca70ef-bf28-4256-b93b-6a2c907b2b36,2026-05-13T18:15:00Z,2026-05-13T20:15:00+0200,1457.54968,MW,FR,FR,forecast_solar_generation,Solar,2026-05-30T16:05:06Z
2026-05-30T16:04:09Z,2026-05-30T18:04:09+0200,f5ca70ef-bf28-4256-b93b-6a2c907b2b36,2026-05-13T18:30:00Z,2026-05-13T20:30:00+0200,894.09882,MW,FR,FR,forecast_solar_generation,Solar,2026-05-30T16:05:06Z
2026-05-30T16:04:09Z,2026-05-30T18:04:09+0200,f5ca70ef-bf28-4256-b93b-6a2c907b2b36,2026-05-13T18:45:00Z,2026-05-13T20:45:00+0200,600.40204,MW,FR,FR,forecast_solar_generation,Solar,2026-05-30T16:05:06Z
2026-05-30T16:04:09Z,2026-05-30T18:04:09+0200,f5ca70ef-bf28-4256-b93b-6a2c907b2b36,2026-05-13T19:00:00Z,2026-05-13T21:00:00+0200,331.7012,MW,FR,FR,forecast_solar_generation,Solar,2026-05-30T16:05:06Z
2026-05-30T16:04:09Z,2026-05-30T18:04:09+0200,f5ca70ef-bf28-4256-b93b-6a2c907b2b36,2026-05-13T19:15:00Z,2026-05-13T21:15:00+0200,130.40752,MW,FR,FR,forecast_solar_generation,Solar,2026-05-30T16:05:06Z
2026-05-30T16:04:09Z,2026-05-30T18:04:09+0200,f5ca70ef-bf28-4256-b93b-6a2c907b2b36,2026-05-13T19:30:00Z,2026-05-13T21:30:00+0200,14.69342,MW,FR,FR,forecast_solar_generation,Solar,2026-05-30T16:05:06Z
2026-05-30T16:04:09Z,2026-05-30T18:04:09+0200,f5ca70ef-bf28-4256-b93b-6a2c907b2b36,2026-05-13T19:45:00Z,2026-05-13T21:45:00+0200,0.47442,MW,FR,FR,forecast_solar_generation,Solar,2026-05-30T16:05:06Z
2026-05-30T16:04:09Z,2026-05-30T18:04:09+0200,f5ca70ef-bf28-4256-b93b-6a2c907b2b36,2026-05-13T20:00:00Z,2026-05-13T22:00:00+0200,0.0,MW,FR,FR,forecast_solar_generation,Solar,2026-05-30T16:05:06Z
2026-05-30T16:04:09Z,2026-05-30T18:04:09+0200,f5ca70ef-bf28-4256-b93b-6a2c907b2b36,2026-05-13T20:15:00Z,2026-05-13T22:15:00+0200,0.0,MW,FR,FR,forecast_solar_generation,Solar,2026-05-30T16:05:06Z
2026-05-30T16:04:09Z,2026-05-30T18:04:09+0200,f5ca70ef-bf28-4256-b93b-6a2c907b2b36,2026-05-13T20:30:00Z,2026-05-13T22:30:00+0200,0.0,MW,FR,FR,forecast_solar_generation,Solar,2026-05-30T16:05:06Z
2026-05-30T16:04:09Z,2026-05-30T18:04:09+0200,f5ca70ef-bf28-4256-b93b-6a2c907b2b36,2026-05-13T20:45:00Z,2026-05-13T22:45:00+0200,0.0,MW,FR,FR,forecast_solar_generation,Solar,2026-05-30T16:05:06Z
2026-05-30T16:04:09Z,2026-05-30T18:04:09+0200,f5ca70ef-bf28-4256-b93b-6a2c907b2b36,2026-05-13T21:00:00Z,2026-05-13T23:00:00+0200,0.0,MW,FR,FR,forecast_solar_generation,Solar,2026-05-30T16:05:06Z
2026-05-30T16:04:09Z,2026-05-30T18:04:09+0200,f5ca70ef-bf28-4256-b93b-6a2c907b2b36,2026-05-13T21:15:00Z,2026-05-13T23:15:00+0200,0.0,MW,FR,FR,forecast_solar_generation,Solar,2026-05-30T16:05:06Z
2026-05-30T16:04:09Z,2026-05-30T18:04:09+0200,f5ca70ef-bf28-4256-b93b-6a2c907b2b36,2026-05-13T21:30:00Z,2026-05-13T23:30:00+0200,0.0,MW,FR,FR,forecast_solar_generation,Solar,2026-05-30T16:05:06Z
2026-05-30T16:04:09Z,2026-05-30T18:04:09+0200,f5ca70ef-bf28-4256-b93b-6a2c907b2b36,2026-05-13T21:45:00Z,2026-05-13T23:45:00+0200,0.0,MW,FR,FR,forecast_solar_generation,Solar,2026-05-30T16:05:06Z
2026-05-30T16:04:09Z,2026-05-30T18:04:09+0200,f5ca70ef-bf28-4256-b93b-6a2c907b2b36,2026-05-13T22:00:00Z,2026-05-14T00:00:00+0200,0.0,MW,FR,FR,forecast_solar_generation,Solar,2026-05-30T16:05:06Z
2026-05-30T16:04:09Z,2026-05-30T18:04:09+0200,f5ca70ef-bf28-4256-b93b-6a2c907b2b36,2026-05-13T22:15:00Z,2026-05-14T00:15:00+0200,0.0,MW,FR,FR,forecast_solar_generation,Solar,2026-05-30T16:05:06Z
2026-05-30T16:04:09Z,2026-05-30T18:04:09+0200,f5ca70ef-bf28-4256-b93b-6a2c907b2b36,2026-05-13T22:30:00Z,2026-05-14T00:30:00+0200,0.0,MW,FR,FR,forecast_solar_generation,Solar,2026-05-30T16:05:06Z
2026-05-30T16:04:09Z,2026-05-30T18:04:09+0200,f5ca70ef-bf28-4256-b93b-6a2c907b2b36,2026-05-13T22:45:00Z,2026-05-14T00:45:00+0200,0.0,MW,FR,FR,forecast_solar_generation,Solar,2026-05-30T16:05:06Z
2026-05-30T16:04:09Z,2026-05-30T18:04:09+0200,f5ca70ef-bf28-4256-b93b-6a2c907b2b36,2026-05-13T23:00:00Z,2026-05-14T01:00:00+0200,0.0,MW,FR,FR,forecast_solar_generation,Solar,2026-05-30T16:05:06Z
2026-05-30T16:04:09Z,2026-05-30T18:04:09+0200,f5ca70ef-bf28-4256-b93b-6a2c907b2b36,2026-05-13T23:15:00Z,2026-05-14T01:15:00+0200,0.0,MW,FR,FR,forecast_solar_generation,Solar,2026-05-30T16:05:06Z
2026-05-30T16:04:09Z,2026-05-30T18:04:09+0200,f5ca70ef-bf28-4256-b93b-6a2c907b2b36,2026-05-13T23:30:00Z,2026-05-14T01:30:00+0200,0.0,MW,FR,FR,forecast_solar_generation,Solar,2026-05-30T16:05:06Z
2026-05-30T16:04:09Z,2026-05-30T18:04:09+0200,f5ca70ef-bf28-4256-b93b-6a2c907b2b36,2026-05-13T23:45:00Z,2026-05-14T01:45:00+0200,0.0,MW,FR,FR,forecast_solar_generation,Solar,2026-05-30T16:05:06Z
2026-05-30T16:04:09Z,2026-05-30T18:04:09+0200,f5ca70ef-bf28-4256-b93b-6a2c907b2b36,2026-05-14T00:00:00Z,2026-05-14T02:00:00+0200,0.0,MW,FR,FR,forecast_solar_generation,Solar,2026-05-30T16:05:06Z
2026-05-30T16:04:09Z,2026-05-30T18:04:09+0200,f5ca70ef-bf28-4256-b93b-6a2c907b2b36,2026-05-14T00:15:00Z,2026-05-14T02:15:00+0200,0.0,MW,FR,FR,forecast_solar_generation,Solar,2026-05-30T16:05:06Z
2026-05-30T16:04:09Z,2026-05-30T18:04:09+0200,f5ca70ef-bf28-4256-b93b-6a2c907b2b36,2026-05-14T00:30:00Z,2026-05-14T02:30:00+0200,0.0,MW,FR,FR,forecast_solar_generation,Solar,2026-05-30T16:05:06Z
2026-05-30T16:04:09Z,2026-05-30T18:04:09+0200,f5ca70ef-bf28-4256-b93b-6a2c907b2b36,2026-05-14T00:45:00Z,2026-05-14T02:45:00+0200,0.0,MW,FR,FR,forecast_solar_generation,Solar,2026-05-30T16:05:06Z
2026-05-30T16:04:09Z,2026-05-30T18:04:09+0200,f5ca70ef-bf28-4256-b93b-6a2c907b2b36,2026-05-14T01:00:00Z,2026-05-14T03:00:00+0200,0.0,MW,FR,FR,forecast_solar_generation,Solar,2026-05-30T16:05:06Z
2026-05-30T16:04:09Z,2026-05-30T18:04:09+0200,f5ca70ef-bf28-4256-b93b-6a2c907b2b36,2026-05-14T01:15:00Z,2026-05-14T03:15:00+0200,0.0,MW,FR,FR,forecast_solar_generation,Solar,2026-05-30T16:05:06Z
2026-05-30T16:04:09Z,2026-05-30T18:04:09+0200,f5ca70ef-bf28-4256-b93b-6a2c907b2b36,2026-05-14T01:30:00Z,2026-05-14T03:30:00+0200,0.0,MW,FR,FR,forecast_solar_generation,Solar,2026-05-30T16:05:06Z
2026-05-30T16:04:09Z,2026-05-30T18:04:09+0200,f5ca70ef-bf28-4256-b93b-6a2c907b2b36,2026-05-14T01:45:00Z,2026-05-14T03:45:00+0200,0.0,MW,FR,FR,forecast_solar_generation,Solar,2026-05-30T16:05:06Z
2026-05-30T16:04:09Z,2026-05-30T18:04:09+0200,f5ca70ef-bf28-4256-b93b-6a2c907b2b36,2026-05-14T02:00:00Z,2026-05-14T04:00:00+0200,0.0,MW,FR,FR,forecast_solar_generation,Solar,2026-05-30T16:05:06Z
2026-05-30T16:04:09Z,2026-05-30T18:04:09+0200,f5ca70ef-bf28-4256-b93b-6a2c907b2b36,2026-05-14T02:15:00Z,2026-05-14T04:15:00+0200,0.0,MW,FR,FR,forecast_solar_generation,Solar,2026-05-30T16:05:06Z
2026-05-30T16:04:09Z,2026-05-30T18:04:09+0200,f5ca70ef-bf28-4256-b93b-6a2c907b2b36,2026-05-14T02:30:00Z,2026-05-14T04:30:00+0200,0.0,MW,FR,FR,forecast_solar_generation,Solar,2026-05-30T16:05:06Z
2026-05-30T16:04:09Z,2026-05-30T18:04:09+0200,f5ca70ef-bf28-4256-b93b-6a2c907b2b36,2026-05-14T02:45:00Z,2026-05-14T04:45:00+0200,0.0,MW,FR,FR,forecast_solar_generation,Solar,2026-05-30T16:05:06Z
2026-05-30T16:04:09Z,2026-05-30T18:04:09+0200,f5ca70ef-bf28-4256-b93b-6a2c907b2b36,2026-05-14T03:00:00Z,2026-05-14T05:00:00+0200,0.0,MW,FR,FR,forecast_solar_generation,Solar,2026-05-30T16:05:06Z
2026-05-30T16:04:09Z,2026-05-30T18:04:09+0200,f5ca70ef-bf28-4256-b93b-6a2c907b2b36,2026-05-14T03:15:00Z,2026-05-14T05:15:00+0200,0.0,MW,FR,FR,forecast_solar_generation,Solar,2026-05-30T16:05:06Z
2026-05-30T16:04:09Z,2026-05-30T18:04:09+0200,f5ca70ef-bf28-4256-b93b-6a2c907b2b36,2026-05-14T03:30:00Z,2026-05-14T05:30:00+0200,0.0,MW,FR,FR,forecast_solar_generation,Solar,2026-05-30T16:05:06Z
2026-05-30T16:04:09Z,2026-05-30T18:04:09+0200,f5ca70ef-bf28-4256-b93b-6a2c907b2b36,2026-05-14T03:45:00Z,2026-05-14T05:45:00+0200,0.0,MW,FR,FR,forecast_solar_generation,Solar,2026-05-30T16:05:06Z
2026-05-30T16:04:09Z,2026-05-30T18:04:09+0200,f5ca70ef-bf28-4256-b93b-6a2c907b2b36,2026-05-14T04:00:00Z,2026-05-14T06:00:00+0200,0.0,MW,FR,FR,forecast_solar_generation,Solar,2026-05-30T16:05:06Z
2026-05-30T16:04:09Z,2026-05-30T18:04:09+0200,f5ca70ef-bf28-4256-b93b-6a2c907b2b36,2026-05-14T04:15:00Z,2026-05-14T06:15:00+0200,20.813,MW,FR,FR,forecast_solar_generation,Solar,2026-05-30T16:05:06Z
2026-05-30T16:04:09Z,2026-05-30T18:04:09+0200,f5ca70ef-bf28-4256-b93b-6a2c907b2b36,2026-05-14T04:30:00Z,2026-05-14T06:30:00+0200,84.48034,MW,FR,FR,forecast_solar_generation,Solar,2026-05-30T16:05:06Z
2026-05-30T16:04:09Z,2026-05-30T18:04:09+0200,f5ca70ef-bf28-4256-b93b-6a2c907b2b36,2026-05-14T04:45:00Z,2026-05-14T06:45:00+0200,275.75189,MW,FR,FR,forecast_solar_generation,Solar,2026-05-30T16:05:06Z
2026-05-30T16:04:09Z,2026-05-30T18:04:09+0200,f5ca70ef-bf28-4256-b93b-6a2c907b2b36,2026-05-14T05:00:00Z,2026-05-14T07:00:00+0200,555.82379,MW,FR,FR,forecast_solar_generation,Solar,2026-05-30T16:05:06Z
2026-05-30T16:04:09Z,2026-05-30T18:04:09+0200,f5ca70ef-bf28-4256-b93b-6a2c907b2b36,2026-05-14T05:15:00Z,2026-05-14T07:15:00+0200,868.52856,MW,FR,FR,forecast_solar_generation,Solar,2026-05-30T16:05:06Z
2026-05-30T16:04:09Z,2026-05-30T18:04:09+0200,f5ca70ef-bf28-4256-b93b-6a2c907b2b36,2026-05-14T05:30:00Z,2026-05-14T07:30:00+0200,1270.19385,MW,FR,FR,forecast_solar_generation,Solar,2026-05-30T16:05:06Z
2026-05-30T16:04:09Z,2026-05-30T18:04:09+0200,f5ca70ef-bf28-4256-b93b-6a2c907b2b36,2026-05-14T05:45:00Z,2026-05-14T07:45:00+0200,1825.10474,MW,FR,FR,forecast_solar_generation,Solar,2026-05-30T16:05:06Z
2026-05-30T16:04:09Z,2026-05-30T18:04:09+0200,f5ca70ef-bf28-4256-b93b-6a2c907b2b36,2026-05-14T06:00:00Z,2026-05-14T08:00:00+0200,2458.15234,MW,FR,FR,forecast_solar_generation,Solar,2026-05-30T16:05:06Z
2026-05-30T16:04:09Z,2026-05-30T18:04:09+0200,f5ca70ef-bf28-4256-b93b-6a2c907b2b36,2026-05-14T06:15:00Z,2026-05-14T08:15:00+0200,3211.07373,MW,FR,FR,forecast_solar_generation,Solar,2026-05-30T16:05:06Z
2026-05-30T16:04:09Z,2026-05-30T18:04:09+0200,f5ca70ef-bf28-4256-b93b-6a2c907b2b36,2026-05-14T06:30:00Z,2026-05-14T08:30:00+0200,3876.66943,MW,FR,FR,forecast_solar_generation,Solar,2026-05-30T16:05:06Z
2026-05-30T16:04:09Z,2026-05-30T18:04:09+0200,f5ca70ef-bf28-4256-b93b-6a2c907b2b36,2026-05-14T06:45:00Z,2026-05-14T08:45:00+0200,4755.14697,MW,FR,FR,forecast_solar_generation,Solar,2026-05-30T16:05:06Z
2026-05-30T16:04:09Z,2026-05-30T18:04:09+0200,f5ca70ef-bf28-4256-b93b-6a2c907b2b36,2026-05-14T07:00:00Z,2026-05-14T09:00:00+0200,5496.38379,MW,FR,FR,forecast_solar_generation,Solar,2026-05-30T16:05:06Z
2026-05-30T16:04:09Z,2026-05-30T18:04:09+0200,f5ca70ef-bf28-4256-b93b-6a2c907b2b36,2026-05-14T07:15:00Z,2026-05-14T09:15:00+0200,6404.12842,MW,FR,FR,forecast_solar_generation,Solar,2026-05-30T16:05:06Z
2026-05-30T16:04:09Z,2026-05-30T18:04:09+0200,f5ca70ef-bf28-4256-b93b-6a2c907b2b36,2026-05-14T07:30:00Z,2026-05-14T09:30:00+0200,7180.59668,MW,FR,FR,forecast_solar_generation,Solar,2026-05-30T16:05:06Z
2026-05-30T16:04:09Z,2026-05-30T18:04:09+0200,f5ca70ef-bf28-4256-b93b-6a2c907b2b36,2026-05-14T07:45:00Z,2026-05-14T09:45:00+0200,7917.95801,MW,FR,FR,forecast_solar_generation,Solar,2026-05-30T16:05:06Z
2026-05-30T16:04:09Z,2026-05-30T18:04:09+0200,f5ca70ef-bf28-4256-b93b-6a2c907b2b36,2026-05-14T08:00:00Z,2026-05-14T10:00:00+0200,8677.69336,MW,FR,FR,forecast_solar_generation,Solar,2026-05-30T16:05:06Z
2026-05-30T16:04:09Z,2026-05-30T18:04:09+0200,f5ca70ef-bf28-4256-b93b-6a2c907b2b36,2026-05-14T08:15:00Z,2026-05-14T10:15:00+0200,9630.08984,MW,FR,FR,forecast_solar_generation,Solar,2026-05-30T16:05:06Z
2026-05-30T16:04:09Z,2026-05-30T18:04:09+0200,f5ca70ef-bf28-4256-b93b-6a2c907b2b36,2026-05-14T08:30:00Z,2026-05-14T10:30:00+0200,10357.0,MW,FR,FR,forecast_solar_generation,Solar,2026-05-30T16:05:06Z
2026-05-30T16:04:09Z,2026-05-30T18:04:09+0200,f5ca70ef-bf28-4256-b93b-6a2c907b2b36,2026-05-14T08:45:00Z,2026-05-14T10:45:00+0200,10815.61719,MW,FR,FR,forecast_solar_generation,Solar,2026-05-30T16:05:06Z
2026-05-30T16:04:09Z,2026-05-30T18:04:09+0200,f5ca70ef-bf28-4256-b93b-6a2c907b2b36,2026-05-14T09:00:00Z,2026-05-14T11:00:00+0200,11276.16699,MW,FR,FR,forecast_solar_generation,Solar,2026-05-30T16:05:06Z
2026-05-30T16:04:09Z,2026-05-30T18:04:09+0200,f5ca70ef-bf28-4256-b93b-6a2c907b2b36,2026-05-14T09:15:00Z,2026-05-14T11:15:00+0200,11887.63086,MW,FR,FR,forecast_solar_generation,Solar,2026-05-30T16:05:06Z
2026-05-30T16:04:09Z,2026-05-30T18:04:09+0200,f5ca70ef-bf28-4256-b93b-6a2c907b2b36,2026-05-14T09:30:00Z,2026-05-14T11:30:00+0200,12397.15137,MW,FR,FR,forecast_solar_generation,Solar,2026-05-30T16:05:06Z
2026-05-30T16:04:09Z,2026-05-30T18:04:09+0200,f5ca70ef-bf28-4256-b93b-6a2c907b2b36,2026-05-14T09:45:00Z,2026-05-14T11:45:00+0200,12666.58008,MW,FR,FR,forecast_solar_generation,Solar,2026-05-30T16:05:06Z
2026-05-30T16:04:09Z,2026-05-30T18:04:09+0200,f5ca70ef-bf28-4256-b93b-6a2c907b2b36,2026-05-14T10:00:00Z,2026-05-14T12:00:00+0200,13008.98438,MW,FR,FR,forecast_solar_generation,Solar,2026-05-30T16:05:06Z
2026-05-30T16:04:09Z,2026-05-30T18:04:09+0200,f5ca70ef-bf28-4256-b93b-6a2c907b2b36,2026-05-14T10:15:00Z,2026-05-14T12:15:00+0200,13395.47949,MW,FR,FR,forecast_solar_generation,Solar,2026-05-30T16:05:06Z
2026-05-30T16:04:09Z,2026-05-30T18:04:09+0200,f5ca70ef-bf28-4256-b93b-6a2c907b2b36,2026-05-14T10:30:00Z,2026-05-14T12:30:00+0200,13855.11328,MW,FR,FR,forecast_solar_generation,Solar,2026-05-30T16:05:06Z
2026-05-30T16:04:09Z,2026-05-30T18:04:09+0200,f5ca70ef-bf28-4256-b93b-6a2c907b2b36,2026-05-14T10:45:00Z,2026-05-14T12:45:00+0200,14143.33105,MW,FR,FR,forecast_solar_generation,Solar,2026-05-30T16:05:06Z
2026-05-30T16:04:09Z,2026-05-30T18:04:09+0200,f5ca70ef-bf28-4256-b93b-6a2c907b2b36,2026-05-14T11:00:00Z,2026-05-14T13:00:00+0200,14458.30469,MW,FR,FR,forecast_solar_generation,Solar,2026-05-30T16:05:06Z
2026-05-30T16:04:09Z,2026-05-30T18:04:09+0200,f5ca70ef-bf28-4256-b93b-6a2c907b2b36,2026-05-14T11:15:00Z,2026-05-14T13:15:00+0200,14736.57715,MW,FR,FR,forecast_solar_generation,Solar,2026-05-30T16:05:06Z
2026-05-30T16:04:09Z,2026-05-30T18:04:09+0200,f5ca70ef-bf28-4256-b93b-6a2c907b2b36,2026-05-14T11:30:00Z,2026-05-14T13:30:00+0200,14980.55859,MW,FR,FR,forecast_solar_generation,Solar,2026-05-30T16:05:06Z
2026-05-30T16:04:09Z,2026-05-30T18:04:09+0200,f5ca70ef-bf28-4256-b93b-6a2c907b2b36,2026-05-14T11:45:00Z,2026-05-14T13:45:00+0200,14935.71387,MW,FR,FR,forecast_solar_generation,Solar,2026-05-30T16:05:06Z
2026-05-30T16:04:09Z,2026-05-30T18:04:09+0200,f5ca70ef-bf28-4256-b93b-6a2c907b2b36,2026-05-14T12:00:00Z,2026-05-14T14:00:00+0200,14962.35938,MW,FR,FR,forecast_solar_generation,Solar,2026-05-30T16:05:06Z
2026-05-30T16:04:09Z,2026-05-30T18:04:09+0200,f5ca70ef-bf28-4256-b93b-6a2c907b2b36,2026-05-14T12:15:00Z,2026-05-14T14:15:00+0200,15005.19141,MW,FR,FR,forecast_solar_generation,Solar,2026-05-30T16:05:06Z
2026-05-30T16:04:09Z,2026-05-30T18:04:09+0200,f5ca70ef-bf28-4256-b93b-6a2c907b2b36,2026-05-14T12:30:00Z,2026-05-14T14:30:00+0200,15050.44824,MW,FR,FR,forecast_solar_generation,Solar,2026-05-30T16:05:06Z
2026-05-30T16:04:09Z,2026-05-30T18:04:09+0200,f5ca70ef-bf28-4256-b93b-6a2c907b2b36,2026-05-14T12:45:00Z,2026-05-14T14:45:00+0200,14874.92969,MW,FR,FR,forecast_solar_generation,Solar,2026-05-30T16:05:06Z
2026-05-30T16:04:09Z,2026-05-30T18:04:09+0200,f5ca70ef-bf28-4256-b93b-6a2c907b2b36,2026-05-14T13:00:00Z,2026-05-14T15:00:00+0200,14660.52734,MW,FR,FR,forecast_solar_generation,Solar,2026-05-30T16:05:06Z
2026-05-30T16:04:09Z,2026-05-30T18:04:09+0200,f5ca70ef-bf28-4256-b93b-6a2c907b2b36,2026-05-14T13:15:00Z,2026-05-14T15:15:00+0200,14374.94531,MW,FR,FR,forecast_solar_generation,Solar,2026-05-30T16:05:06Z
2026-05-30T16:04:09Z,2026-05-30T18:04:09+0200,f5ca70ef-bf28-4256-b93b-6a2c907b2b36,2026-05-14T13:30:00Z,2026-05-14T15:30:00+0200,14141.11719,MW,FR,FR,forecast_solar_generation,Solar,2026-05-30T16:05:06Z
2026-05-30T16:04:09Z,2026-05-30T18:04:09+0200,f5ca70ef-bf28-4256-b93b-6a2c907b2b36,2026-05-14T13:45:00Z,2026-05-14T15:45:00+0200,13599.11035,MW,FR,FR,forecast_solar_generation,Solar,2026-05-30T16:05:06Z
2026-05-30T16:04:09Z,2026-05-30T18:04:09+0200,f5ca70ef-bf28-4256-b93b-6a2c907b2b36,2026-05-14T14:00:00Z,2026-05-14T16:00:00+0200,10293.41309,MW,FR,FR,forecast_solar_generation,Solar,2026-05-30T16:05:06Z
2026-05-30T16:04:09Z,2026-05-30T18:04:09+0200,f5ca70ef-bf28-4256-b93b-6a2c907b2b36,2026-05-14T14:15:00Z,2026-05-14T16:15:00+0200,9868.80664,MW,FR,FR,forecast_solar_generation,Solar,2026-05-30T16:05:06Z
2026-05-30T16:04:09Z,2026-05-30T18:04:09+0200,f5ca70ef-bf28-4256-b93b-6a2c907b2b36,2026-05-14T14:30:00Z,2026-05-14T16:30:00+0200,9362.05664,MW,FR,FR,forecast_solar_generation,Solar,2026-05-30T16:05:06Z
2026-05-30T16:04:09Z,2026-05-30T18:04:09+0200,f5ca70ef-bf28-4256-b93b-6a2c907b2b36,2026-05-14T14:45:00Z,2026-05-14T16:45:00+0200,8846.50391,MW,FR,FR,forecast_solar_generation,Solar,2026-05-30T16:05:06Z
2026-05-30T16:04:09Z,2026-05-30T18:04:09+0200,f5ca70ef-bf28-4256-b93b-6a2c907b2b36,2026-05-14T15:00:00Z,2026-05-14T17:00:00+0200,8268.19531,MW,FR,FR,forecast_solar_generation,Solar,2026-05-30T16:05:06Z
2026-05-30T16:04:09Z,2026-05-30T18:04:09+0200,f5ca70ef-bf28-4256-b93b-6a2c907b2b36,2026-05-14T15:15:00Z,2026-05-14T17:15:00+0200,7632.49268,MW,FR,FR,forecast_solar_generation,Solar,2026-05-30T16:05:06Z
2026-05-30T16:04:09Z,2026-05-30T18:04:09+0200,f5ca70ef-bf28-4256-b93b-6a2c907b2b36,2026-05-14T15:30:00Z,2026-05-14T17:30:00+0200,8937.71582,MW,FR,FR,forecast_solar_generation,Solar,2026-05-30T16:05:06Z
2026-05-30T16:04:09Z,2026-05-30T18:04:09+0200,f5ca70ef-bf28-4256-b93b-6a2c907b2b36,2026-05-14T15:45:00Z,2026-05-14T17:45:00+0200,8179.82861,MW,FR,FR,forecast_solar_generation,Solar,2026-05-30T16:05:06Z
2026-05-30T16:04:09Z,2026-05-30T18:04:09+0200,f5ca70ef-bf28-4256-b93b-6a2c907b2b36,2026-05-14T16:00:00Z,2026-05-14T18:00:00+0200,7275.46436,MW,FR,FR,forecast_solar_generation,Solar,2026-05-30T16:05:06Z
2026-05-30T16:04:09Z,2026-05-30T18:04:09+0200,f5ca70ef-bf28-4256-b93b-6a2c907b2b36,2026-05-14T16:15:00Z,2026-05-14T18:15:00+0200,6332.49414,MW,FR,FR,forecast_solar_generation,Solar,2026-05-30T16:05:06Z
2026-05-30T16:04:09Z,2026-05-30T18:04:09+0200,f5ca70ef-bf28-4256-b93b-6a2c907b2b36,2026-05-14T16:30:00Z,2026-05-14T18:30:00+0200,5588.83154,MW,FR,FR,forecast_solar_generation,Solar,2026-05-30T16:05:06Z
2026-05-30T16:04:09Z,2026-05-30T18:04:09+0200,f5ca70ef-bf28-4256-b93b-6a2c907b2b36,2026-05-14T16:45:00Z,2026-05-14T18:45:00+0200,4957.55713,MW,FR,FR,forecast_solar_generation,Solar,2026-05-30T16:05:06Z
2026-05-30T16:04:09Z,2026-05-30T18:04:09+0200,f5ca70ef-bf28-4256-b93b-6a2c907b2b36,2026-05-14T17:00:00Z,2026-05-14T19:00:00+0200,4091.91919,MW,FR,FR,forecast_solar_generation,Solar,2026-05-30T16:05:06Z
2026-05-30T16:04:09Z,2026-05-30T18:04:09+0200,f5ca70ef-bf28-4256-b93b-6a2c907b2b36,2026-05-14T17:15:00Z,2026-05-14T19:15:00+0200,3479.40723,MW,FR,FR,forecast_solar_generation,Solar,2026-05-30T16:05:06Z
2026-05-30T16:04:09Z,2026-05-30T18:04:09+0200,f5ca70ef-bf28-4256-b93b-6a2c907b2b36,2026-05-14T17:30:00Z,2026-05-14T19:30:00+0200,2738.49023,MW,FR,FR,forecast_solar_generation,Solar,2026-05-30T16:05:06Z
2026-05-30T16:04:09Z,2026-05-30T18:04:09+0200,f5ca70ef-bf28-4256-b93b-6a2c907b2b36,2026-05-14T17:45:00Z,2026-05-14T19:45:00+0200,2245.51636,MW,FR,FR,forecast_solar_generation,Solar,2026-05-30T16:05:06Z
2026-05-30T16:04:09Z,2026-05-30T18:04:09+0200,f5ca70ef-bf28-4256-b93b-6a2c907b2b36,2026-05-14T18:00:00Z,2026-05-14T20:00:00+0200,1677.23669,MW,FR,FR,forecast_solar_generation,Solar,2026-05-30T16:05:06Z
2026-05-30T16:04:09Z,2026-05-30T18:04:09+0200,f5ca70ef-bf28-4256-b93b-6a2c907b2b36,2026-05-14T18:15:00Z,2026-05-14T20:15:00+0200,1216.11914,MW,FR,FR,forecast_solar_generation,Solar,2026-05-30T16:05:06Z
2026-05-30T16:04:09Z,2026-05-30T18:04:09+0200,f5ca70ef-bf28-4256-b93b-6a2c907b2b36,2026-05-14T18:30:00Z,2026-05-14T20:30:00+0200,793.33533,MW,FR,FR,forecast_solar_generation,Solar,2026-05-30T16:05:06Z
2026-05-30T16:04:09Z,2026-05-30T18:04:09+0200,f5ca70ef-bf28-4256-b93b-6a2c907b2b36,2026-05-14T18:45:00Z,2026-05-14T20:45:00+0200,546.84241,MW,FR,FR,forecast_solar_generation,Solar,2026-05-30T16:05:06Z
2026-05-30T16:04:09Z,2026-05-30T18:04:09+0200,f5ca70ef-bf28-4256-b93b-6a2c907b2b36,2026-05-14T19:00:00Z,2026-05-14T21:00:00+0200,331.59247,MW,FR,FR,forecast_solar_generation,Solar,2026-05-30T16:05:06Z
2026-05-30T16:04:09Z,2026-05-30T18:04:09+0200,f5ca70ef-bf28-4256-b93b-6a2c907b2b36,2026-05-14T19:15:00Z,2026-05-14T21:15:00+0200,165.82838,MW,FR,FR,forecast_solar_generation,Solar,2026-05-30T16:05:06Z
2026-05-30T16:04:09Z,2026-05-30T18:04:09+0200,f5ca70ef-bf28-4256-b93b-6a2c907b2b36,2026-05-14T19:30:00Z,2026-05-14T21:30:00+0200,20.70616,MW,FR,FR,forecast_solar_generation,Solar,2026-05-30T16:05:06Z
2026-05-30T16:04:09Z,2026-05-30T18:04:09+0200,f5ca70ef-bf28-4256-b93b-6a2c907b2b36,2026-05-14T19:45:00Z,2026-05-14T21:45:00+0200,0.90618,MW,FR,FR,forecast_solar_generation,Solar,2026-05-30T16:05:06Z
2026-05-30T16:04:09Z,2026-05-30T18:04:09+0200,f5ca70ef-bf28-4256-b93b-6a2c907b2b36,2026-05-14T20:00:00Z,2026-05-14T22:00:00+0200,0.0,MW,FR,FR,forecast_solar_generation,Solar,2026-05-30T16:05:06Z
2026-05-30T16:04:09Z,2026-05-30T18:04:09+0200,f5ca70ef-bf28-4256-b93b-6a2c907b2b36,2026-05-14T20:15:00Z,2026-05-14T22:15:00+0200,0.0,MW,FR,FR,forecast_solar_generation,Solar,2026-05-30T16:05:06Z
2026-05-30T16:04:09Z,2026-05-30T18:04:09+0200,f5ca70ef-bf28-4256-b93b-6a2c907b2b36,2026-05-14T20:30:00Z,2026-05-14T22:30:00+0200,0.0,MW,FR,FR,forecast_solar_generation,Solar,2026-05-30T16:05:06Z
2026-05-30T16:04:09Z,2026-05-30T18:04:09+0200,f5ca70ef-bf28-4256-b93b-6a2c907b2b36,2026-05-14T20:45:00Z,2026-05-14T22:45:00+0200,0.0,MW,FR,FR,forecast_solar_generation,Solar,2026-05-30T16:05:06Z
2026-05-30T16:04:09Z,2026-05-30T18:04:09+0200,f5ca70ef-bf28-4256-b93b-6a2c907b2b36,2026-05-14T21:00:00Z,2026-05-14T23:00:00+0200,0.0,MW,FR,FR,forecast_solar_generation,Solar,2026-05-30T16:05:06Z
2026-05-30T16:04:09Z,2026-05-30T18:04:09+0200,f5ca70ef-bf28-4256-b93b-6a2c907b2b36,2026-05-14T21:15:00Z,2026-05-14T23:15:00+0200,0.0,MW,FR,FR,forecast_solar_generation,Solar,2026-05-30T16:05:06Z
2026-05-30T16:04:09Z,2026-05-30T18:04:09+0200,f5ca70ef-bf28-4256-b93b-6a2c907b2b36,2026-05-14T21:30:00Z,2026-05-14T23:30:00+0200,0.0,MW,FR,FR,forecast_solar_generation,Solar,2026-05-30T16:05:06Z
2026-05-30T16:04:09Z,2026-05-30T18:04:09+0200,f5ca70ef-bf28-4256-b93b-6a2c907b2b36,2026-05-14T21:45:00Z,2026-05-14T23:45:00+0200,0.0,MW,FR,FR,forecast_solar_generation,Solar,2026-05-30T16:05:06Z
2026-05-30T16:04:09Z,2026-05-30T18:04:09+0200,f5ca70ef-bf28-4256-b93b-6a2c907b2b36,2026-05-14T22:00:00Z,2026-05-15T00:00:00+0200,0.0,MW,FR,FR,forecast_solar_generation,Solar,2026-05-30T16:05:06Z
2026-05-30T16:04:09Z,2026-05-30T18:04:09+0200,f5ca70ef-bf28-4256-b93b-6a2c907b2b36,2026-05-14T22:15:00Z,2026-05-15T00:15:00+0200,0.0,MW,FR,FR,forecast_solar_generation,Solar,2026-05-30T16:05:06Z
2026-05-30T16:04:09Z,2026-05-30T18:04:09+0200,f5ca70ef-bf28-4256-b93b-6a2c907b2b36,2026-05-14T22:30:00Z,2026-05-15T00:30:00+0200,0.0,MW,FR,FR,forecast_solar_generation,Solar,2026-05-30T16:05:06Z
2026-05-30T16:04:09Z,2026-05-30T18:04:09+0200,f5ca70ef-bf28-4256-b93b-6a2c907b2b36,2026-05-14T22:45:00Z,2026-05-15T00:45:00+0200,0.0,MW,FR,FR,forecast_solar_generation,Solar,2026-05-30T16:05:06Z
2026-05-30T16:04:09Z,2026-05-30T18:04:09+0200,f5ca70ef-bf28-4256-b93b-6a2c907b2b36,2026-05-14T23:00:00Z,2026-05-15T01:00:00+0200,0.0,MW,FR,FR,forecast_solar_generation,Solar,2026-05-30T16:05:06Z
2026-05-30T16:04:09Z,2026-05-30T18:04:09+0200,f5ca70ef-bf28-4256-b93b-6a2c907b2b36,2026-05-14T23:15:00Z,2026-05-15T01:15:00+0200,0.0,MW,FR,FR,forecast_solar_generation,Solar,2026-05-30T16:05:06Z
2026-05-30T16:04:09Z,2026-05-30T18:04:09+0200,f5ca70ef-bf28-4256-b93b-6a2c907b2b36,2026-05-14T23:30:00Z,2026-05-15T01:30:00+0200,0.0,MW,FR,FR,forecast_solar_generation,Solar,2026-05-30T16:05:06Z
2026-05-30T16:04:09Z,2026-05-30T18:04:09+0200,f5ca70ef-bf28-4256-b93b-6a2c907b2b36,2026-05-14T23:45:00Z,2026-05-15T01:45:00+0200,0.0,MW,FR,FR,forecast_solar_generation,Solar,2026-05-30T16:05:06Z
2026-05-30T16:04:09Z,2026-05-30T18:04:09+0200,f5ca70ef-bf28-4256-b93b-6a2c907b2b36,2026-05-15T00:00:00Z,2026-05-15T02:00:00+0200,0.0,MW,FR,FR,forecast_solar_generation,Solar,2026-05-30T16:05:06Z
2026-05-30T16:04:09Z,2026-05-30T18:04:09+0200,f5ca70ef-bf28-4256-b93b-6a2c907b2b36,2026-05-15T00:15:00Z,2026-05-15T02:15:00+0200,0.0,MW,FR,FR,forecast_solar_generation,Solar,2026-05-30T16:05:06Z
2026-05-30T16:04:09Z,2026-05-30T18:04:09+0200,f5ca70ef-bf28-4256-b93b-6a2c907b2b36,2026-05-15T00:30:00Z,2026-05-15T02:30:00+0200,0.0,MW,FR,FR,forecast_solar_generation,Solar,2026-05-30T16:05:06Z
2026-05-30T16:04:09Z,2026-05-30T18:04:09+0200,f5ca70ef-bf28-4256-b93b-6a2c907b2b36,2026-05-15T00:45:00Z,2026-05-15T02:45:00+0200,0.0,MW,FR,FR,forecast_solar_generation,Solar,2026-05-30T16:05:06Z
2026-05-30T16:04:09Z,2026-05-30T18:04:09+0200,f5ca70ef-bf28-4256-b93b-6a2c907b2b36,2026-05-15T01:00:00Z,2026-05-15T03:00:00+0200,0.0,MW,FR,FR,forecast_solar_generation,Solar,2026-05-30T16:05:06Z
2026-05-30T16:04:09Z,2026-05-30T18:04:09+0200,f5ca70ef-bf28-4256-b93b-6a2c907b2b36,2026-05-15T01:15:00Z,2026-05-15T03:15:00+0200,0.0,MW,FR,FR,forecast_solar_generation,Solar,2026-05-30T16:05:06Z
2026-05-30T16:04:09Z,2026-05-30T18:04:09+0200,f5ca70ef-bf28-4256-b93b-6a2c907b2b36,2026-05-15T01:30:00Z,2026-05-15T03:30:00+0200,0.0,MW,FR,FR,forecast_solar_generation,Solar,2026-05-30T16:05:06Z
2026-05-30T16:04:09Z,2026-05-30T18:04:09+0200,f5ca70ef-bf28-4256-b93b-6a2c907b2b36,2026-05-15T01:45:00Z,2026-05-15T03:45:00+0200,0.0,MW,FR,FR,forecast_solar_generation,Solar,2026-05-30T16:05:06Z
2026-05-30T16:04:09Z,2026-05-30T18:04:09+0200,f5ca70ef-bf28-4256-b93b-6a2c907b2b36,2026-05-15T02:00:00Z,2026-05-15T04:00:00+0200,0.0,MW,FR,FR,forecast_solar_generation,Solar,2026-05-30T16:05:06Z
2026-05-30T16:04:09Z,2026-05-30T18:04:09+0200,f5ca70ef-bf28-4256-b93b-6a2c907b2b36,2026-05-15T02:15:00Z,2026-05-15T04:15:00+0200,0.0,MW,FR,FR,forecast_solar_generation,Solar,2026-05-30T16:05:06Z
2026-05-30T16:04:09Z,2026-05-30T18:04:09+0200,f5ca70ef-bf28-4256-b93b-6a2c907b2b36,2026-05-15T02:30:00Z,2026-05-15T04:30:00+0200,0.0,MW,FR,FR,forecast_solar_generation,Solar,2026-05-30T16:05:06Z
2026-05-30T16:04:09Z,2026-05-30T18:04:09+0200,f5ca70ef-bf28-4256-b93b-6a2c907b2b36,2026-05-15T02:45:00Z,2026-05-15T04:45:00+0200,0.0,MW,FR,FR,forecast_solar_generation,Solar,2026-05-30T16:05:06Z
2026-05-30T16:04:09Z,2026-05-30T18:04:09+0200,f5ca70ef-bf28-4256-b93b-6a2c907b2b36,2026-05-15T03:00:00Z,2026-05-15T05:00:00+0200,0.0,MW,FR,FR,forecast_solar_generation,Solar,2026-05-30T16:05:06Z
2026-05-30T16:04:09Z,2026-05-30T18:04:09+0200,f5ca70ef-bf28-4256-b93b-6a2c907b2b36,2026-05-15T03:15:00Z,2026-05-15T05:15:00+0200,0.0,MW,FR,FR,forecast_solar_generation,Solar,2026-05-30T16:05:06Z
2026-05-30T16:04:09Z,2026-05-30T18:04:09+0200,f5ca70ef-bf28-4256-b93b-6a2c907b2b36,2026-05-15T03:30:00Z,2026-05-15T05:30:00+0200,0.0,MW,FR,FR,forecast_solar_generation,Solar,2026-05-30T16:05:06Z
2026-05-30T16:04:09Z,2026-05-30T18:04:09+0200,f5ca70ef-bf28-4256-b93b-6a2c907b2b36,2026-05-15T03:45:00Z,2026-05-15T05:45:00+0200,0.0,MW,FR,FR,forecast_solar_generation,Solar,2026-05-30T16:05:06Z
2026-05-30T16:04:09Z,2026-05-30T18:04:09+0200,f5ca70ef-bf28-4256-b93b-6a2c907b2b36,2026-05-15T04:00:00Z,2026-05-15T06:00:00+0200,0.0,MW,FR,FR,forecast_solar_generation,Solar,2026-05-30T16:05:06Z
2026-05-30T16:04:09Z,2026-05-30T18:04:09+0200,f5ca70ef-bf28-4256-b93b-6a2c907b2b36,2026-05-15T04:15:00Z,2026-05-15T06:15:00+0200,25.16214,MW,FR,FR,forecast_solar_generation,Solar,2026-05-30T16:05:06Z
2026-05-30T16:04:09Z,2026-05-30T18:04:09+0200,f5ca70ef-bf28-4256-b93b-6a2c907b2b36,2026-05-15T04:30:00Z,2026-05-15T06:30:00+0200,97.14134,MW,FR,FR,forecast_solar_generation,Solar,2026-05-30T16:05:06Z
2026-05-30T16:04:09Z,2026-05-30T18:04:09+0200,f5ca70ef-bf28-4256-b93b-6a2c907b2b36,2026-05-15T04:45:00Z,2026-05-15T06:45:00+0200,295.96893,MW,FR,FR,forecast_solar_generation,Solar,2026-05-30T16:05:06Z
2026-05-30T16:04:09Z,2026-05-30T18:04:09+0200,f5ca70ef-bf28-4256-b93b-6a2c907b2b36,2026-05-15T05:00:00Z,2026-05-15T07:00:00+0200,581.63489,MW,FR,FR,forecast_solar_generation,Solar,2026-05-30T16:05:06Z
2026-05-30T16:04:09Z,2026-05-30T18:04:09+0200,f5ca70ef-bf28-4256-b93b-6a2c907b2b36,2026-05-15T05:15:00Z,2026-05-15T07:15:00+0200,918.56171,MW,FR,FR,forecast_solar_generation,Solar,2026-05-30T16:05:06Z
2026-05-30T16:04:09Z,2026-05-30T18:04:09+0200,f5ca70ef-bf28-4256-b93b-6a2c907b2b36,2026-05-15T05:30:00Z,2026-05-15T07:30:00+0200,1318.09656,MW,FR,FR,forecast_solar_generation,Solar,2026-05-30T16:05:06Z
2026-05-30T16:04:09Z,2026-05-30T18:04:09+0200,f5ca70ef-bf28-4256-b93b-6a2c907b2b36,2026-05-15T05:45:00Z,2026-05-15T07:45:00+0200,1910.00293,MW,FR,FR,forecast_solar_generation,Solar,2026-05-30T16:05:06Z
2026-05-30T16:04:09Z,2026-05-30T18:04:09+0200,f5ca70ef-bf28-4256-b93b-6a2c907b2b36,2026-05-15T06:00:00Z,2026-05-15T08:00:00+0200,2590.39697,MW,FR,FR,forecast_solar_generation,Solar,2026-05-30T16:05:06Z
2026-05-30T16:04:09Z,2026-05-30T18:04:09+0200,f5ca70ef-bf28-4256-b93b-6a2c907b2b36,2026-05-15T06:15:00Z,2026-05-15T08:15:00+0200,3409.34009,MW,FR,FR,forecast_solar_generation,Solar,2026-05-30T16:05:06Z
2026-05-30T16:04:09Z,2026-05-30T18:04:09+0200,f5ca70ef-bf28-4256-b93b-6a2c907b2b36,2026-05-15T06:30:00Z,2026-05-15T08:30:00+0200,4170.5415,MW,FR,FR,forecast_solar_generation,Solar,2026-05-30T16:05:06Z
2026-05-30T16:04:09Z,2026-05-30T18:04:09+0200,f5ca70ef-bf28-4256-b93b-6a2c907b2b36,2026-05-15T06:45:00Z,2026-05-15T08:45:00+0200,5173.51855,MW,FR,FR,forecast_solar_generation,Solar,2026-05-30T16:05:06Z
2026-05-30T16:04:09Z,2026-05-30T18:04:09+0200,f5ca70ef-bf28-4256-b93b-6a2c907b2b36,2026-05-15T07:00:00Z,2026-05-15T09:00:00+0200,6018.14551,MW,FR,FR,forecast_solar_generation,Solar,2026-05-30T16:05:06Z
2026-05-30T16:04:09Z,2026-05-30T18:04:09+0200,f5ca70ef-bf28-4256-b93b-6a2c907b2b36,2026-05-15T07:15:00Z,2026-05-15T09:15:00+0200,7030.13916,MW,FR,FR,forecast_solar_generation,Solar,2026-05-30T16:05:06Z
2026-05-30T16:04:09Z,2026-05-30T18:04:09+0200,f5ca70ef-bf28-4256-b93b-6a2c907b2b36,2026-05-15T07:30:00Z,2026-05-15T09:30:00+0200,7928.7168,MW,FR,FR,forecast_solar_generation,Solar,2026-05-30T16:05:06Z
2026-05-30T16:04:09Z,2026-05-30T18:04:09+0200,f5ca70ef-bf28-4256-b93b-6a2c907b2b36,2026-05-15T07:45:00Z,2026-05-15T09:45:00+0200,8764.50879,MW,FR,FR,forecast_solar_generation,Solar,2026-05-30T16:05:06Z
2026-05-30T16:04:09Z,2026-05-30T18:04:09+0200,f5ca70ef-bf28-4256-b93b-6a2c907b2b36,2026-05-15T08:00:00Z,2026-05-15T10:00:00+0200,9608.46484,MW,FR,FR,forecast_solar_generation,Solar,2026-05-30T16:05:06Z
2026-05-30T16:04:09Z,2026-05-30T18:04:09+0200,f5ca70ef-bf28-4256-b93b-6a2c907b2b36,2026-05-15T08:15:00Z,2026-05-15T10:15:00+0200,10558.19629,MW,FR,FR,forecast_solar_generation,Solar,2026-05-30T16:05:06Z
2026-05-30T16:04:09Z,2026-05-30T18:04:09+0200,f5ca70ef-bf28-4256-b93b-6a2c907b2b36,2026-05-15T08:30:00Z,2026-05-15T10:30:00+0200,11292.80664,MW,FR,FR,forecast_solar_generation,Solar,2026-05-30T16:05:06Z
2026-05-30T16:04:09Z,2026-05-30T18:04:09+0200,f5ca70ef-bf28-4256-b93b-6a2c907b2b36,2026-05-15T08:45:00Z,2026-05-15T10:45:00+0200,11850.04199,MW,FR,FR,forecast_solar_generation,Solar,2026-05-30T16:05:06Z
2026-05-30T16:04:09Z,2026-05-30T18:04:09+0200,f5ca70ef-bf28-4256-b93b-6a2c907b2b36,2026-05-15T09:00:00Z,2026-05-15T11:00:00+0200,12399.36426,MW,FR,FR,forecast_solar_generation,Solar,2026-05-30T16:05:06Z
2026-05-30T16:04:09Z,2026-05-30T18:04:09+0200,f5ca70ef-bf28-4256-b93b-6a2c907b2b36,2026-05-15T09:15:00Z,2026-05-15T11:15:00+0200,13060.77148,MW,FR,FR,forecast_solar_generation,Solar,2026-05-30T16:05:06Z
2026-05-30T16:04:09Z,2026-05-30T18:04:09+0200,f5ca70ef-bf28-4256-b93b-6a2c907b2b36,2026-05-15T09:30:00Z,2026-05-15T11:30:00+0200,13617.06934,MW,FR,FR,forecast_solar_generation,Solar,2026-05-30T16:05:06Z
2026-05-30T16:04:09Z,2026-05-30T18:04:09+0200,f5ca70ef-bf28-4256-b93b-6a2c907b2b36,2026-05-15T09:45:00Z,2026-05-15T11:45:00+0200,14043.62012,MW,FR,FR,forecast_solar_generation,Solar,2026-05-30T16:05:06Z
2026-05-30T16:04:09Z,2026-05-30T18:04:09+0200,f5ca70ef-bf28-4256-b93b-6a2c907b2b36,2026-05-15T10:00:00Z,2026-05-15T12:00:00+0200,14502.98535,MW,FR,FR,forecast_solar_generation,Solar,2026-05-30T16:05:06Z
2026-05-30T16:04:09Z,2026-05-30T18:04:09+0200,f5ca70ef-bf28-4256-b93b-6a2c907b2b36,2026-05-15T10:15:00Z,2026-05-15T12:15:00+0200,14913.28516,MW,FR,FR,forecast_solar_generation,Solar,2026-05-30T16:05:06Z
2026-05-30T16:04:09Z,2026-05-30T18:04:09+0200,f5ca70ef-bf28-4256-b93b-6a2c907b2b36,2026-05-15T10:30:00Z,2026-05-15T12:30:00+0200,15424.21582,MW,FR,FR,forecast_solar_generation,Solar,2026-05-30T16:05:06Z
2026-05-30T16:04:09Z,2026-05-30T18:04:09+0200,f5ca70ef-bf28-4256-b93b-6a2c907b2b36,2026-05-15T10:45:00Z,2026-05-15T12:45:00+0200,15645.7168,MW,FR,FR,forecast_solar_generation,Solar,2026-05-30T16:05:06Z
2026-05-30T16:04:09Z,2026-05-30T18:04:09+0200,f5ca70ef-bf28-4256-b93b-6a2c907b2b36,2026-05-15T11:00:00Z,2026-05-15T13:00:00+0200,15920.22559,MW,FR,FR,forecast_solar_generation,Solar,2026-05-30T16:05:06Z
2026-05-30T16:04:09Z,2026-05-30T18:04:09+0200,f5ca70ef-bf28-4256-b93b-6a2c907b2b36,2026-05-15T11:15:00Z,2026-05-15T13:15:00+0200,16120.01465,MW,FR,FR,forecast_solar_generation,Solar,2026-05-30T16:05:06Z
2026-05-30T16:04:09Z,2026-05-30T18:04:09+0200,f5ca70ef-bf28-4256-b93b-6a2c907b2b36,2026-05-15T11:30:00Z,2026-05-15T13:30:00+0200,16323.36621,MW,FR,FR,forecast_solar_generation,Solar,2026-05-30T16:05:06Z
2026-05-30T16:04:09Z,2026-05-30T18:04:09+0200,f5ca70ef-bf28-4256-b93b-6a2c907b2b36,2026-05-15T11:45:00Z,2026-05-15T13:45:00+0200,16400.1543,MW,FR,FR,forecast_solar_generation,Solar,2026-05-30T16:05:06Z
2026-05-30T16:04:09Z,2026-05-30T18:04:09+0200,f5ca70ef-bf28-4256-b93b-6a2c907b2b36,2026-05-15T12:00:00Z,2026-05-15T14:00:00+0200,16534.33203,MW,FR,FR,forecast_solar_generation,Solar,2026-05-30T16:05:06Z
2026-05-30T16:04:09Z,2026-05-30T18:04:09+0200,f5ca70ef-bf28-4256-b93b-6a2c907b2b36,2026-05-15T12:15:00Z,2026-05-15T14:15:00+0200,16628.44922,MW,FR,FR,forecast_solar_generation,Solar,2026-05-30T16:05:06Z
2026-05-30T16:04:09Z,2026-05-30T18:04:09+0200,f5ca70ef-bf28-4256-b93b-6a2c907b2b36,2026-05-15T12:30:00Z,2026-05-15T14:30:00+0200,16715.77148,MW,FR,FR,forecast_solar_generation,Solar,2026-05-30T16:05:06Z
2026-05-30T16:04:09Z,2026-05-30T18:04:09+0200,f5ca70ef-bf28-4256-b93b-6a2c907b2b36,2026-05-15T12:45:00Z,2026-05-15T14:45:00+0200,16469.58008,MW,FR,FR,forecast_solar_generation,Solar,2026-05-30T16:05:06Z
2026-05-30T16:04:09Z,2026-05-30T18:04:09+0200,f5ca70ef-bf28-4256-b93b-6a2c907b2b36,2026-05-15T13:00:00Z,2026-05-15T15:00:00+0200,16198.68848,MW,FR,FR,forecast_solar_generation,Solar,2026-05-30T16:05:06Z
2026-05-30T16:04:09Z,2026-05-30T18:04:09+0200,f5ca70ef-bf28-4256-b93b-6a2c907b2b36,2026-05-15T13:15:00Z,2026-05-15T15:15:00+0200,15907.88672,MW,FR,FR,forecast_solar_generation,Solar,2026-05-30T16:05:06Z
2026-05-30T16:04:09Z,2026-05-30T18:04:09+0200,f5ca70ef-bf28-4256-b93b-6a2c907b2b36,2026-05-15T13:30:00Z,2026-05-15T15:30:00+0200,15612.1416,MW,FR,FR,forecast_solar_generation,Solar,2026-05-30T16:05:06Z
2026-05-30T16:04:09Z,2026-05-30T18:04:09+0200,f5ca70ef-bf28-4256-b93b-6a2c907b2b36,2026-05-15T13:45:00Z,2026-05-15T15:45:00+0200,15209.63574,MW,FR,FR,forecast_solar_generation,Solar,2026-05-30T16:05:06Z
2026-05-30T16:04:09Z,2026-05-30T18:04:09+0200,f5ca70ef-bf28-4256-b93b-6a2c907b2b36,2026-05-15T14:00:00Z,2026-05-15T16:00:00+0200,11632.79297,MW,FR,FR,forecast_solar_generation,Solar,2026-05-30T16:05:06Z
2026-05-30T16:04:09Z,2026-05-30T18:04:09+0200,f5ca70ef-bf28-4256-b93b-6a2c907b2b36,2026-05-15T14:15:00Z,2026-05-15T16:15:00+0200,11312.01953,MW,FR,FR,forecast_solar_generation,Solar,2026-05-30T16:05:06Z
2026-05-30T16:04:09Z,2026-05-30T18:04:09+0200,f5ca70ef-bf28-4256-b93b-6a2c907b2b36,2026-05-15T14:30:00Z,2026-05-15T16:30:00+0200,13904.47461,MW,FR,FR,forecast_solar_generation,Solar,2026-05-30T16:05:06Z
2026-05-30T16:04:09Z,2026-05-30T18:04:09+0200,f5ca70ef-bf28-4256-b93b-6a2c907b2b36,2026-05-15T14:45:00Z,2026-05-15T16:45:00+0200,13379.3418,MW,FR,FR,forecast_solar_generation,Solar,2026-05-30T16:05:06Z
2026-05-30T16:04:09Z,2026-05-30T18:04:09+0200,f5ca70ef-bf28-4256-b93b-6a2c907b2b36,2026-05-15T15:00:00Z,2026-05-15T17:00:00+0200,12888.4375,MW,FR,FR,forecast_solar_generation,Solar,2026-05-30T16:05:06Z
2026-05-30T16:04:09Z,2026-05-30T18:04:09+0200,f5ca70ef-bf28-4256-b93b-6a2c907b2b36,2026-05-15T15:15:00Z,2026-05-15T17:15:00+0200,12279.67871,MW,FR,FR,forecast_solar_generation,Solar,2026-05-30T16:05:06Z
2026-05-30T16:04:09Z,2026-05-30T18:04:09+0200,f5ca70ef-bf28-4256-b93b-6a2c907b2b36,2026-05-15T15:30:00Z,2026-05-15T17:30:00+0200,11704.2832,MW,FR,FR,forecast_solar_generation,Solar,2026-05-30T16:05:06Z
2026-05-30T16:04:09Z,2026-05-30T18:04:09+0200,f5ca70ef-bf28-4256-b93b-6a2c907b2b36,2026-05-15T15:45:00Z,2026-05-15T17:45:00+0200,10954.64551,MW,FR,FR,forecast_solar_generation,Solar,2026-05-30T16:05:06Z
2026-05-30T16:04:09Z,2026-05-30T18:04:09+0200,f5ca70ef-bf28-4256-b93b-6a2c907b2b36,2026-05-15T16:00:00Z,2026-05-15T18:00:00+0200,10036.81152,MW,FR,FR,forecast_solar_generation,Solar,2026-05-30T16:05:06Z
2026-05-30T16:04:09Z,2026-05-30T18:04:09+0200,f5ca70ef-bf28-4256-b93b-6a2c907b2b36,2026-05-15T16:15:00Z,2026-05-15T18:15:00+0200,8992.8252,MW,FR,FR,forecast_solar_generation,Solar,2026-05-30T16:05:06Z
2026-05-30T16:04:09Z,2026-05-30T18:04:09+0200,f5ca70ef-bf28-4256-b93b-6a2c907b2b36,2026-05-15T16:30:00Z,2026-05-15T18:30:00+0200,8008.17969,MW,FR,FR,forecast_solar_generation,Solar,2026-05-30T16:05:06Z
2026-05-30T16:04:09Z,2026-05-30T18:04:09+0200,f5ca70ef-bf28-4256-b93b-6a2c907b2b36,2026-05-15T16:45:00Z,2026-05-15T18:45:00+0200,7160.6167,MW,FR,FR,forecast_solar_generation,Solar,2026-05-30T16:05:06Z
2026-05-30T16:04:09Z,2026-05-30T18:04:09+0200,f5ca70ef-bf28-4256-b93b-6a2c907b2b36,2026-05-15T17:00:00Z,2026-05-15T19:00:00+0200,6051.18359,MW,FR,FR,forecast_solar_generation,Solar,2026-05-30T16:05:06Z
2026-05-30T16:04:09Z,2026-05-30T18:04:09+0200,f5ca70ef-bf28-4256-b93b-6a2c907b2b36,2026-05-15T17:15:00Z,2026-05-15T19:15:00+0200,5211.41162,MW,FR,FR,forecast_solar_generation,Solar,2026-05-30T16:05:06Z
2026-05-30T16:04:09Z,2026-05-30T18:04:09+0200,f5ca70ef-bf28-4256-b93b-6a2c907b2b36,2026-05-15T17:30:00Z,2026-05-15T19:30:00+0200,4110.5874,MW,FR,FR,forecast_solar_generation,Solar,2026-05-30T16:05:06Z
2026-05-30T16:04:09Z,2026-05-30T18:04:09+0200,f5ca70ef-bf28-4256-b93b-6a2c907b2b36,2026-05-15T17:45:00Z,2026-05-15T19:45:00+0200,3349.80518,MW,FR,FR,forecast_solar_generation,Solar,2026-05-30T16:05:06Z
2026-05-30T16:04:09Z,2026-05-30T18:04:09+0200,f5ca70ef-bf28-4256-b93b-6a2c907b2b36,2026-05-15T18:00:00Z,2026-05-15T20:00:00+0200,2455.22314,MW,FR,FR,forecast_solar_generation,Solar,2026-05-30T16:05:06Z
2026-05-30T16:04:09Z,2026-05-30T18:04:09+0200,f5ca70ef-bf28-4256-b93b-6a2c907b2b36,2026-05-15T18:15:00Z,2026-05-15T20:15:00+0200,1748.28699,MW,FR,FR,forecast_solar_generation,Solar,2026-05-30T16:05:06Z
2026-05-30T16:04:09Z,2026-05-30T18:04:09+0200,f5ca70ef-bf28-4256-b93b-6a2c907b2b36,2026-05-15T18:30:00Z,2026-05-15T20:30:00+0200,1128.10718,MW,FR,FR,forecast_solar_generation,Solar,2026-05-30T16:05:06Z
2026-05-30T16:04:09Z,2026-05-30T18:04:09+0200,f5ca70ef-bf28-4256-b93b-6a2c907b2b36,2026-05-15T18:45:00Z,2026-05-15T20:45:00+0200,779.24677,MW,FR,FR,forecast_solar_generation,Solar,2026-05-30T16:05:06Z
2026-05-30T16:04:09Z,2026-05-30T18:04:09+0200,f5ca70ef-bf28-4256-b93b-6a2c907b2b36,2026-05-15T19:00:00Z,2026-05-15T21:00:00+0200,460.16504,MW,FR,FR,forecast_solar_generation,Solar,2026-05-30T16:05:06Z
2026-05-30T16:04:09Z,2026-05-30T18:04:09+0200,f5ca70ef-bf28-4256-b93b-6a2c907b2b36,2026-05-15T19:15:00Z,2026-05-15T21:15:00+0200,192.94456,MW,FR,FR,forecast_solar_generation,Solar,2026-05-30T16:05:06Z
2026-05-30T16:04:09Z,2026-05-30T18:04:09+0200,f5ca70ef-bf28-4256-b93b-6a2c907b2b36,2026-05-15T19:30:00Z,2026-05-15T21:30:00+0200,28.87328,MW,FR,FR,forecast_solar_generation,Solar,2026-05-30T16:05:06Z
2026-05-30T16:04:09Z,2026-05-30T18:04:09+0200,f5ca70ef-bf28-4256-b93b-6a2c907b2b36,2026-05-15T19:45:00Z,2026-05-15T21:45:00+0200,2.54983,MW,FR,FR,forecast_solar_generation,Solar,2026-05-30T16:05:06Z
2026-05-30T16:04:09Z,2026-05-30T18:04:09+0200,f5ca70ef-bf28-4256-b93b-6a2c907b2b36,2026-05-15T20:00:00Z,2026-05-15T22:00:00+0200,0.0,MW,FR,FR,forecast_solar_generation,Solar,2026-05-30T16:05:06Z
2026-05-30T16:04:09Z,2026-05-30T18:04:09+0200,f5ca70ef-bf28-4256-b93b-6a2c907b2b36,2026-05-15T20:15:00Z,2026-05-15T22:15:00+0200,0.0,MW,FR,FR,forecast_solar_generation,Solar,2026-05-30T16:05:06Z
2026-05-30T16:04:09Z,2026-05-30T18:04:09+0200,f5ca70ef-bf28-4256-b93b-6a2c907b2b36,2026-05-15T20:30:00Z,2026-05-15T22:30:00+0200,0.0,MW,FR,FR,forecast_solar_generation,Solar,2026-05-30T16:05:06Z
2026-05-30T16:04:09Z,2026-05-30T18:04:09+0200,f5ca70ef-bf28-4256-b93b-6a2c907b2b36,2026-05-15T20:45:00Z,2026-05-15T22:45:00+0200,0.0,MW,FR,FR,forecast_solar_generation,Solar,2026-05-30T16:05:06Z
2026-05-30T16:04:09Z,2026-05-30T18:04:09+0200,f5ca70ef-bf28-4256-b93b-6a2c907b2b36,2026-05-15T21:00:00Z,2026-05-15T23:00:00+0200,0.0,MW,FR,FR,forecast_solar_generation,Solar,2026-05-30T16:05:06Z
2026-05-30T16:04:09Z,2026-05-30T18:04:09+0200,f5ca70ef-bf28-4256-b93b-6a2c907b2b36,2026-05-15T21:15:00Z,2026-05-15T23:15:00+0200,0.0,MW,FR,FR,forecast_solar_generation,Solar,2026-05-30T16:05:06Z
2026-05-30T16:04:09Z,2026-05-30T18:04:09+0200,f5ca70ef-bf28-4256-b93b-6a2c907b2b36,2026-05-15T21:30:00Z,2026-05-15T23:30:00+0200,0.0,MW,FR,FR,forecast_solar_generation,Solar,2026-05-30T16:05:06Z
2026-05-30T16:04:09Z,2026-05-30T18:04:09+0200,f5ca70ef-bf28-4256-b93b-6a2c907b2b36,2026-05-15T21:45:00Z,2026-05-15T23:45:00+0200,0.0,MW,FR,FR,forecast_solar_generation,Solar,2026-05-30T16:05:06Z
2026-05-30T16:04:09Z,2026-05-30T18:04:09+0200,f5ca70ef-bf28-4256-b93b-6a2c907b2b36,2026-05-15T22:00:00Z,2026-05-16T00:00:00+0200,0.0,MW,FR,FR,forecast_solar_generation,Solar,2026-05-30T16:05:06Z
2026-05-30T16:04:09Z,2026-05-30T18:04:09+0200,f5ca70ef-bf28-4256-b93b-6a2c907b2b36,2026-05-15T22:15:00Z,2026-05-16T00:15:00+0200,0.0,MW,FR,FR,forecast_solar_generation,Solar,2026-05-30T16:05:06Z
2026-05-30T16:04:09Z,2026-05-30T18:04:09+0200,f5ca70ef-bf28-4256-b93b-6a2c907b2b36,2026-05-15T22:30:00Z,2026-05-16T00:30:00+0200,0.0,MW,FR,FR,forecast_solar_generation,Solar,2026-05-30T16:05:06Z
2026-05-30T16:04:09Z,2026-05-30T18:04:09+0200,f5ca70ef-bf28-4256-b93b-6a2c907b2b36,2026-05-15T22:45:00Z,2026-05-16T00:45:00+0200,0.0,MW,FR,FR,forecast_solar_generation,Solar,2026-05-30T16:05:06Z
2026-05-30T16:04:09Z,2026-05-30T18:04:09+0200,f5ca70ef-bf28-4256-b93b-6a2c907b2b36,2026-05-15T23:00:00Z,2026-05-16T01:00:00+0200,0.0,MW,FR,FR,forecast_solar_generation,Solar,2026-05-30T16:05:06Z
2026-05-30T16:04:09Z,2026-05-30T18:04:09+0200,f5ca70ef-bf28-4256-b93b-6a2c907b2b36,2026-05-15T23:15:00Z,2026-05-16T01:15:00+0200,0.0,MW,FR,FR,forecast_solar_generation,Solar,2026-05-30T16:05:06Z
2026-05-30T16:04:09Z,2026-05-30T18:04:09+0200,f5ca70ef-bf28-4256-b93b-6a2c907b2b36,2026-05-15T23:30:00Z,2026-05-16T01:30:00+0200,0.0,MW,FR,FR,forecast_solar_generation,Solar,2026-05-30T16:05:06Z
2026-05-30T16:04:09Z,2026-05-30T18:04:09+0200,f5ca70ef-bf28-4256-b93b-6a2c907b2b36,2026-05-15T23:45:00Z,2026-05-16T01:45:00+0200,0.0,MW,FR,FR,forecast_solar_generation,Solar,2026-05-30T16:05:06Z
2026-05-30T16:04:09Z,2026-05-30T18:04:09+0200,f5ca70ef-bf28-4256-b93b-6a2c907b2b36,2026-05-16T00:00:00Z,2026-05-16T02:00:00+0200,0.0,MW,FR,FR,forecast_solar_generation,Solar,2026-05-30T16:05:06Z
2026-05-30T16:04:09Z,2026-05-30T18:04:09+0200,f5ca70ef-bf28-4256-b93b-6a2c907b2b36,2026-05-16T00:15:00Z,2026-05-16T02:15:00+0200,0.0,MW,FR,FR,forecast_solar_generation,Solar,2026-05-30T16:05:06Z
2026-05-30T16:04:09Z,2026-05-30T18:04:09+0200,f5ca70ef-bf28-4256-b93b-6a2c907b2b36,2026-05-16T00:30:00Z,2026-05-16T02:30:00+0200,0.0,MW,FR,FR,forecast_solar_generation,Solar,2026-05-30T16:05:06Z
2026-05-30T16:04:09Z,2026-05-30T18:04:09+0200,f5ca70ef-bf28-4256-b93b-6a2c907b2b36,2026-05-16T00:45:00Z,2026-05-16T02:45:00+0200,0.0,MW,FR,FR,forecast_solar_generation,Solar,2026-05-30T16:05:06Z
2026-05-30T16:04:09Z,2026-05-30T18:04:09+0200,f5ca70ef-bf28-4256-b93b-6a2c907b2b36,2026-05-16T01:00:00Z,2026-05-16T03:00:00+0200,0.0,MW,FR,FR,forecast_solar_generation,Solar,2026-05-30T16:05:06Z
2026-05-30T16:04:09Z,2026-05-30T18:04:09+0200,f5ca70ef-bf28-4256-b93b-6a2c907b2b36,2026-05-16T01:15:00Z,2026-05-16T03:15:00+0200,0.0,MW,FR,FR,forecast_solar_generation,Solar,2026-05-30T16:05:06Z
2026-05-30T16:04:09Z,2026-05-30T18:04:09+0200,f5ca70ef-bf28-4256-b93b-6a2c907b2b36,2026-05-16T01:30:00Z,2026-05-16T03:30:00+0200,0.0,MW,FR,FR,forecast_solar_generation,Solar,2026-05-30T16:05:06Z
2026-05-30T16:04:09Z,2026-05-30T18:04:09+0200,f5ca70ef-bf28-4256-b93b-6a2c907b2b36,2026-05-16T01:45:00Z,2026-05-16T03:45:00+0200,0.0,MW,FR,FR,forecast_solar_generation,Solar,2026-05-30T16:05:06Z
2026-05-30T16:04:09Z,2026-05-30T18:04:09+0200,f5ca70ef-bf28-4256-b93b-6a2c907b2b36,2026-05-16T02:00:00Z,2026-05-16T04:00:00+0200,0.0,MW,FR,FR,forecast_solar_generation,Solar,2026-05-30T16:05:06Z
2026-05-30T16:04:09Z,2026-05-30T18:04:09+0200,f5ca70ef-bf28-4256-b93b-6a2c907b2b36,2026-05-16T02:15:00Z,2026-05-16T04:15:00+0200,0.0,MW,FR,FR,forecast_solar_generation,Solar,2026-05-30T16:05:06Z
2026-05-30T16:04:09Z,2026-05-30T18:04:09+0200,f5ca70ef-bf28-4256-b93b-6a2c907b2b36,2026-05-16T02:30:00Z,2026-05-16T04:30:00+0200,0.0,MW,FR,FR,forecast_solar_generation,Solar,2026-05-30T16:05:06Z
2026-05-30T16:04:09Z,2026-05-30T18:04:09+0200,f5ca70ef-bf28-4256-b93b-6a2c907b2b36,2026-05-16T02:45:00Z,2026-05-16T04:45:00+0200,0.0,MW,FR,FR,forecast_solar_generation,Solar,2026-05-30T16:05:06Z
2026-05-30T16:04:09Z,2026-05-30T18:04:09+0200,f5ca70ef-bf28-4256-b93b-6a2c907b2b36,2026-05-16T03:00:00Z,2026-05-16T05:00:00+0200,0.0,MW,FR,FR,forecast_solar_generation,Solar,2026-05-30T16:05:06Z
2026-05-30T16:04:09Z,2026-05-30T18:04:09+0200,f5ca70ef-bf28-4256-b93b-6a2c907b2b36,2026-05-16T03:15:00Z,2026-05-16T05:15:00+0200,0.0,MW,FR,FR,forecast_solar_generation,Solar,2026-05-30T16:05:06Z
2026-05-30T16:04:09Z,2026-05-30T18:04:09+0200,f5ca70ef-bf28-4256-b93b-6a2c907b2b36,2026-05-16T03:30:00Z,2026-05-16T05:30:00+0200,0.0,MW,FR,FR,forecast_solar_generation,Solar,2026-05-30T16:05:06Z
2026-05-30T16:04:09Z,2026-05-30T18:04:09+0200,f5ca70ef-bf28-4256-b93b-6a2c907b2b36,2026-05-16T03:45:00Z,2026-05-16T05:45:00+0200,0.0,MW,FR,FR,forecast_solar_generation,Solar,2026-05-30T16:05:06Z
2026-05-30T16:04:09Z,2026-05-30T18:04:09+0200,f5ca70ef-bf28-4256-b93b-6a2c907b2b36,2026-05-16T04:00:00Z,2026-05-16T06:00:00+0200,0.0,MW,FR,FR,forecast_solar_generation,Solar,2026-05-30T16:05:06Z
2026-05-30T16:04:09Z,2026-05-30T18:04:09+0200,f5ca70ef-bf28-4256-b93b-6a2c907b2b36,2026-05-16T04:15:00Z,2026-05-16T06:15:00+0200,31.89757,MW,FR,FR,forecast_solar_generation,Solar,2026-05-30T16:05:06Z
2026-05-30T16:04:09Z,2026-05-30T18:04:09+0200,f5ca70ef-bf28-4256-b93b-6a2c907b2b36,2026-05-16T04:30:00Z,2026-05-16T06:30:00+0200,114.73465,MW,FR,FR,forecast_solar_generation,Solar,2026-05-30T16:05:06Z
2026-05-30T16:04:09Z,2026-05-30T18:04:09+0200,f5ca70ef-bf28-4256-b93b-6a2c907b2b36,2026-05-16T04:45:00Z,2026-05-16T06:45:00+0200,361.1481,MW,FR,FR,forecast_solar_generation,Solar,2026-05-30T16:05:06Z
2026-05-30T16:04:09Z,2026-05-30T18:04:09+0200,f5ca70ef-bf28-4256-b93b-6a2c907b2b36,2026-05-16T05:00:00Z,2026-05-16T07:00:00+0200,694.36456,MW,FR,FR,forecast_solar_generation,Solar,2026-05-30T16:05:06Z
2026-05-30T16:04:09Z,2026-05-30T18:04:09+0200,f5ca70ef-bf28-4256-b93b-6a2c907b2b36,2026-05-16T05:15:00Z,2026-05-16T07:15:00+0200,1062.44824,MW,FR,FR,forecast_solar_generation,Solar,2026-05-30T16:05:06Z
2026-05-30T16:04:09Z,2026-05-30T18:04:09+0200,f5ca70ef-bf28-4256-b93b-6a2c907b2b36,2026-05-16T05:30:00Z,2026-05-16T07:30:00+0200,1527.67419,MW,FR,FR,forecast_solar_generation,Solar,2026-05-30T16:05:06Z
2026-05-30T16:04:09Z,2026-05-30T18:04:09+0200,f5ca70ef-bf28-4256-b93b-6a2c907b2b36,2026-05-16T05:45:00Z,2026-05-16T07:45:00+0200,2190.22778,MW,FR,FR,forecast_solar_generation,Solar,2026-05-30T16:05:06Z
2026-05-30T16:04:09Z,2026-05-30T18:04:09+0200,f5ca70ef-bf28-4256-b93b-6a2c907b2b36,2026-05-16T06:00:00Z,2026-05-16T08:00:00+0200,2916.7041,MW,FR,FR,forecast_solar_generation,Solar,2026-05-30T16:05:06Z
2026-05-30T16:04:09Z,2026-05-30T18:04:09+0200,f5ca70ef-bf28-4256-b93b-6a2c907b2b36,2026-05-16T06:15:00Z,2026-05-16T08:15:00+0200,3812.04224,MW,FR,FR,forecast_solar_generation,Solar,2026-05-30T16:05:06Z
2026-05-30T16:04:09Z,2026-05-30T18:04:09+0200,f5ca70ef-bf28-4256-b93b-6a2c907b2b36,2026-05-16T06:30:00Z,2026-05-16T08:30:00+0200,4663.67334,MW,FR,FR,forecast_solar_generation,Solar,2026-05-30T16:05:06Z
2026-05-30T16:04:09Z,2026-05-30T18:04:09+0200,f5ca70ef-bf28-4256-b93b-6a2c907b2b36,2026-05-16T06:45:00Z,2026-05-16T08:45:00+0200,5638.63525,MW,FR,FR,forecast_solar_generation,Solar,2026-05-30T16:05:06Z
2026-05-30T16:04:09Z,2026-05-30T18:04:09+0200,f5ca70ef-bf28-4256-b93b-6a2c907b2b36,2026-05-16T07:00:00Z,2026-05-16T09:00:00+0200,6531.69043,MW,FR,FR,forecast_solar_generation,Solar,2026-05-30T16:05:06Z
2026-05-30T16:04:09Z,2026-05-30T18:04:09+0200,f5ca70ef-bf28-4256-b93b-6a2c907b2b36,2026-05-16T07:15:00Z,2026-05-16T09:15:00+0200,7563.77344,MW,FR,FR,forecast_solar_generation,Solar,2026-05-30T16:05:06Z
2026-05-30T16:04:09Z,2026-05-30T18:04:09+0200,f5ca70ef-bf28-4256-b93b-6a2c907b2b36,2026-05-16T07:30:00Z,2026-05-16T09:30:00+0200,8456.26953,MW,FR,FR,forecast_solar_generation,Solar,2026-05-30T16:05:06Z
2026-05-30T16:04:09Z,2026-05-30T18:04:09+0200,f5ca70ef-bf28-4256-b93b-6a2c907b2b36,2026-05-16T07:45:00Z,2026-05-16T09:45:00+0200,9277.20508,MW,FR,FR,forecast_solar_generation,Solar,2026-05-30T16:05:06Z
2026-05-30T16:04:09Z,2026-05-30T18:04:09+0200,f5ca70ef-bf28-4256-b93b-6a2c907b2b36,2026-05-16T08:00:00Z,2026-05-16T10:00:00+0200,10061.94922,MW,FR,FR,forecast_solar_generation,Solar,2026-05-30T16:05:06Z
2026-05-30T16:04:09Z,2026-05-30T18:04:09+0200,f5ca70ef-bf28-4256-b93b-6a2c907b2b36,2026-05-16T08:15:00Z,2026-05-16T10:15:00+0200,10986.39258,MW,FR,FR,forecast_solar_generation,Solar,2026-05-30T16:05:06Z
2026-05-30T16:04:09Z,2026-05-30T18:04:09+0200,f5ca70ef-bf28-4256-b93b-6a2c907b2b36,2026-05-16T08:30:00Z,2026-05-16T10:30:00+0200,11716.78223,MW,FR,FR,forecast_solar_generation,Solar,2026-05-30T16:05:06Z
2026-05-30T16:04:09Z,2026-05-30T18:04:09+0200,f5ca70ef-bf28-4256-b93b-6a2c907b2b36,2026-05-16T08:45:00Z,2026-05-16T10:45:00+0200,12214.05078,MW,FR,FR,forecast_solar_generation,Solar,2026-05-30T16:05:06Z
2026-05-30T16:04:09Z,2026-05-30T18:04:09+0200,f5ca70ef-bf28-4256-b93b-6a2c907b2b36,2026-05-16T09:00:00Z,2026-05-16T11:00:00+0200,12655.50391,MW,FR,FR,forecast_solar_generation,Solar,2026-05-30T16:05:06Z
2026-05-30T16:04:09Z,2026-05-30T18:04:09+0200,f5ca70ef-bf28-4256-b93b-6a2c907b2b36,2026-05-16T09:15:00Z,2026-05-16T11:15:00+0200,13150.6875,MW,FR,FR,forecast_solar_generation,Solar,2026-05-30T16:05:06Z
2026-05-30T16:04:09Z,2026-05-30T18:04:09+0200,f5ca70ef-bf28-4256-b93b-6a2c907b2b36,2026-05-16T09:30:00Z,2026-05-16T11:30:00+0200,13602.27539,MW,FR,FR,forecast_solar_generation,Solar,2026-05-30T16:05:06Z
2026-05-30T16:04:09Z,2026-05-30T18:04:09+0200,f5ca70ef-bf28-4256-b93b-6a2c907b2b36,2026-05-16T09:45:00Z,2026-05-16T11:45:00+0200,13784.0459,MW,FR,FR,forecast_solar_generation,Solar,2026-05-30T16:05:06Z
2026-05-30T16:04:09Z,2026-05-30T18:04:09+0200,f5ca70ef-bf28-4256-b93b-6a2c907b2b36,2026-05-16T10:00:00Z,2026-05-16T12:00:00+0200,13947.35645,MW,FR,FR,forecast_solar_generation,Solar,2026-05-30T16:05:06Z
2026-05-30T16:04:09Z,2026-05-30T18:04:09+0200,f5ca70ef-bf28-4256-b93b-6a2c907b2b36,2026-05-16T10:15:00Z,2026-05-16T12:15:00+0200,14204.48242,MW,FR,FR,forecast_solar_generation,Solar,2026-05-30T16:05:06Z
2026-05-30T16:04:09Z,2026-05-30T18:04:09+0200,f5ca70ef-bf28-4256-b93b-6a2c907b2b36,2026-05-16T10:30:00Z,2026-05-16T12:30:00+0200,14511.37988,MW,FR,FR,forecast_solar_generation,Solar,2026-05-30T16:05:06Z
2026-05-30T16:04:09Z,2026-05-30T18:04:09+0200,f5ca70ef-bf28-4256-b93b-6a2c907b2b36,2026-05-16T10:45:00Z,2026-05-16T12:45:00+0200,14716.25391,MW,FR,FR,forecast_solar_generation,Solar,2026-05-30T16:05:06Z
2026-05-30T16:04:09Z,2026-05-30T18:04:09+0200,f5ca70ef-bf28-4256-b93b-6a2c907b2b36,2026-05-16T11:00:00Z,2026-05-16T13:00:00+0200,11735.51465,MW,FR,FR,forecast_solar_generation,Solar,2026-05-30T16:05:06Z
2026-05-30T16:04:09Z,2026-05-30T18:04:09+0200,f5ca70ef-bf28-4256-b93b-6a2c907b2b36,2026-05-16T11:15:00Z,2026-05-16T13:15:00+0200,11876.12695,MW,FR,FR,forecast_solar_generation,Solar,2026-05-30T16:05:06Z
2026-05-30T16:04:09Z,2026-05-30T18:04:09+0200,f5ca70ef-bf28-4256-b93b-6a2c907b2b36,2026-05-16T11:30:00Z,2026-05-16T13:30:00+0200,11982.18652,MW,FR,FR,forecast_solar_generation,Solar,2026-05-30T16:05:06Z
2026-05-30T16:04:09Z,2026-05-30T18:04:09+0200,f5ca70ef-bf28-4256-b93b-6a2c907b2b36,2026-05-16T11:45:00Z,2026-05-16T13:45:00+0200,12010.08105,MW,FR,FR,forecast_solar_generation,Solar,2026-05-30T16:05:06Z
2026-05-30T16:04:09Z,2026-05-30T18:04:09+0200,f5ca70ef-bf28-4256-b93b-6a2c907b2b36,2026-05-16T12:00:00Z,2026-05-16T14:00:00+0200,12037.7373,MW,FR,FR,forecast_solar_generation,Solar,2026-05-30T16:05:06Z
2026-05-30T16:04:09Z,2026-05-30T18:04:09+0200,f5ca70ef-bf28-4256-b93b-6a2c907b2b36,2026-05-16T12:15:00Z,2026-05-16T14:15:00+0200,11936.76465,MW,FR,FR,forecast_solar_generation,Solar,2026-05-30T16:05:06Z
2026-05-30T16:04:09Z,2026-05-30T18:04:09+0200,f5ca70ef-bf28-4256-b93b-6a2c907b2b36,2026-05-16T12:30:00Z,2026-05-16T14:30:00+0200,11926.59473,MW,FR,FR,forecast_solar_generation,Solar,2026-05-30T16:05:06Z
2026-05-30T16:04:09Z,2026-05-30T18:04:09+0200,f5ca70ef-bf28-4256-b93b-6a2c907b2b36,2026-05-16T12:45:00Z,2026-05-16T14:45:00+0200,11882.78613,MW,FR,FR,forecast_solar_generation,Solar,2026-05-30T16:05:06Z
2026-05-30T16:04:09Z,2026-05-30T18:04:09+0200,f5ca70ef-bf28-4256-b93b-6a2c907b2b36,2026-05-16T13:00:00Z,2026-05-16T15:00:00+0200,11747.93262,MW,FR,FR,forecast_solar_generation,Solar,2026-05-30T16:05:06Z
2026-05-30T16:04:09Z,2026-05-30T18:04:09+0200,f5ca70ef-bf28-4256-b93b-6a2c907b2b36,2026-05-16T13:15:00Z,2026-05-16T15:15:00+0200,11756.68652,MW,FR,FR,forecast_solar_generation,Solar,2026-05-30T16:05:06Z
2026-05-30T16:04:09Z,2026-05-30T18:04:09+0200,f5ca70ef-bf28-4256-b93b-6a2c907b2b36,2026-05-16T13:30:00Z,2026-05-16T15:30:00+0200,11547.3125,MW,FR,FR,forecast_solar_generation,Solar,2026-05-30T16:05:06Z
2026-05-30T16:04:09Z,2026-05-30T18:04:09+0200,f5ca70ef-bf28-4256-b93b-6a2c907b2b36,2026-05-16T13:45:00Z,2026-05-16T15:45:00+0200,11225.08301,MW,FR,FR,forecast_solar_generation,Solar,2026-05-30T16:05:06Z
2026-05-30T16:04:09Z,2026-05-30T18:04:09+0200,f5ca70ef-bf28-4256-b93b-6a2c907b2b36,2026-05-16T14:00:00Z,2026-05-16T16:00:00+0200,10858.34961,MW,FR,FR,forecast_solar_generation,Solar,2026-05-30T16:05:06Z
2026-05-30T16:04:09Z,2026-05-30T18:04:09+0200,f5ca70ef-bf28-4256-b93b-6a2c907b2b36,2026-05-16T14:15:00Z,2026-05-16T16:15:00+0200,10542.42969,MW,FR,FR,forecast_solar_generation,Solar,2026-05-30T16:05:06Z
2026-05-30T16:04:09Z,2026-05-30T18:04:09+0200,f5ca70ef-bf28-4256-b93b-6a2c907b2b36,2026-05-16T14:30:00Z,2026-05-16T16:30:00+0200,10152.09375,MW,FR,FR,forecast_solar_generation,Solar,2026-05-30T16:05:06Z
2026-05-30T16:04:09Z,2026-05-30T18:04:09+0200,f5ca70ef-bf28-4256-b93b-6a2c907b2b36,2026-05-16T14:45:00Z,2026-05-16T16:45:00+0200,9635.13086,MW,FR,FR,forecast_solar_generation,Solar,2026-05-30T16:05:06Z
2026-05-30T16:04:09Z,2026-05-30T18:04:09+0200,f5ca70ef-bf28-4256-b93b-6a2c907b2b36,2026-05-16T15:00:00Z,2026-05-16T17:00:00+0200,9102.37012,MW,FR,FR,forecast_solar_generation,Solar,2026-05-30T16:05:06Z
2026-05-30T16:04:09Z,2026-05-30T18:04:09+0200,f5ca70ef-bf28-4256-b93b-6a2c907b2b36,2026-05-16T15:15:00Z,2026-05-16T17:15:00+0200,8482.68457,MW,FR,FR,forecast_solar_generation,Solar,2026-05-30T16:05:06Z
2026-05-30T16:04:09Z,2026-05-30T18:04:09+0200,f5ca70ef-bf28-4256-b93b-6a2c907b2b36,2026-05-16T15:30:00Z,2026-05-16T17:30:00+0200,7902.91113,MW,FR,FR,forecast_solar_generation,Solar,2026-05-30T16:05:06Z
2026-05-30T16:04:09Z,2026-05-30T18:04:09+0200,f5ca70ef-bf28-4256-b93b-6a2c907b2b36,2026-05-16T15:45:00Z,2026-05-16T17:45:00+0200,9383.56641,MW,FR,FR,forecast_solar_generation,Solar,2026-05-30T16:05:06Z
2026-05-30T16:04:09Z,2026-05-30T18:04:09+0200,f5ca70ef-bf28-4256-b93b-6a2c907b2b36,2026-05-16T16:00:00Z,2026-05-16T18:00:00+0200,8471.90723,MW,FR,FR,forecast_solar_generation,Solar,2026-05-30T16:05:06Z
2026-05-30T16:04:09Z,2026-05-30T18:04:09+0200,f5ca70ef-bf28-4256-b93b-6a2c907b2b36,2026-05-16T16:15:00Z,2026-05-16T18:15:00+0200,7478.32568,MW,FR,FR,forecast_solar_generation,Solar,2026-05-30T16:05:06Z
2026-05-30T16:04:09Z,2026-05-30T18:04:09+0200,f5ca70ef-bf28-4256-b93b-6a2c907b2b36,2026-05-16T16:30:00Z,2026-05-16T18:30:00+0200,6659.16748,MW,FR,FR,forecast_solar_generation,Solar,2026-05-30T16:05:06Z
2026-05-30T16:04:09Z,2026-05-30T18:04:09+0200,f5ca70ef-bf28-4256-b93b-6a2c907b2b36,2026-05-16T16:45:00Z,2026-05-16T18:45:00+0200,5971.66895,MW,FR,FR,forecast_solar_generation,Solar,2026-05-30T16:05:06Z
2026-05-30T16:04:09Z,2026-05-30T18:04:09+0200,f5ca70ef-bf28-4256-b93b-6a2c907b2b36,2026-05-16T17:00:00Z,2026-05-16T19:00:00+0200,4969.37451,MW,FR,FR,forecast_solar_generation,Solar,2026-05-30T16:05:06Z
2026-05-30T16:04:09Z,2026-05-30T18:04:09+0200,f5ca70ef-bf28-4256-b93b-6a2c907b2b36,2026-05-16T17:15:00Z,2026-05-16T19:15:00+0200,4246.99805,MW,FR,FR,forecast_solar_generation,Solar,2026-05-30T16:05:06Z
2026-05-30T16:04:09Z,2026-05-30T18:04:09+0200,f5ca70ef-bf28-4256-b93b-6a2c907b2b36,2026-05-16T17:30:00Z,2026-05-16T19:30:00+0200,3349.29907,MW,FR,FR,forecast_solar_generation,Solar,2026-05-30T16:05:06Z
2026-05-30T16:04:09Z,2026-05-30T18:04:09+0200,f5ca70ef-bf28-4256-b93b-6a2c907b2b36,2026-05-16T17:45:00Z,2026-05-16T19:45:00+0200,2738.85571,MW,FR,FR,forecast_solar_generation,Solar,2026-05-30T16:05:06Z
2026-05-30T16:04:09Z,2026-05-30T18:04:09+0200,f5ca70ef-bf28-4256-b93b-6a2c907b2b36,2026-05-16T18:00:00Z,2026-05-16T20:00:00+0200,2030.51819,MW,FR,FR,forecast_solar_generation,Solar,2026-05-30T16:05:06Z
2026-05-30T16:04:09Z,2026-05-30T18:04:09+0200,f5ca70ef-bf28-4256-b93b-6a2c907b2b36,2026-05-16T18:15:00Z,2026-05-16T20:15:00+0200,1462.84424,MW,FR,FR,forecast_solar_generation,Solar,2026-05-30T16:05:06Z
2026-05-30T16:04:09Z,2026-05-30T18:04:09+0200,f5ca70ef-bf28-4256-b93b-6a2c907b2b36,2026-05-16T18:30:00Z,2026-05-16T20:30:00+0200,958.60925,MW,FR,FR,forecast_solar_generation,Solar,2026-05-30T16:05:06Z
2026-05-30T16:04:09Z,2026-05-30T18:04:09+0200,f5ca70ef-bf28-4256-b93b-6a2c907b2b36,2026-05-16T18:45:00Z,2026-05-16T20:45:00+0200,657.37048,MW,FR,FR,forecast_solar_generation,Solar,2026-05-30T16:05:06Z
2026-05-30T16:04:09Z,2026-05-30T18:04:09+0200,f5ca70ef-bf28-4256-b93b-6a2c907b2b36,2026-05-16T19:00:00Z,2026-05-16T21:00:00+0200,390.53064,MW,FR,FR,forecast_solar_generation,Solar,2026-05-30T16:05:06Z
2026-05-30T16:04:09Z,2026-05-30T18:04:09+0200,f5ca70ef-bf28-4256-b93b-6a2c907b2b36,2026-05-16T19:15:00Z,2026-05-16T21:15:00+0200,188.69681,MW,FR,FR,forecast_solar_generation,Solar,2026-05-30T16:05:06Z
2026-05-30T16:04:09Z,2026-05-30T18:04:09+0200,f5ca70ef-bf28-4256-b93b-6a2c907b2b36,2026-05-16T19:30:00Z,2026-05-16T21:30:00+0200,38.76412,MW,FR,FR,forecast_solar_generation,Solar,2026-05-30T16:05:06Z
2026-05-30T16:04:09Z,2026-05-30T18:04:09+0200,f5ca70ef-bf28-4256-b93b-6a2c907b2b36,2026-05-16T19:45:00Z,2026-05-16T21:45:00+0200,2.44739,MW,FR,FR,forecast_solar_generation,Solar,2026-05-30T16:05:06Z
2026-05-30T16:04:09Z,2026-05-30T18:04:09+0200,f5ca70ef-bf28-4256-b93b-6a2c907b2b36,2026-05-16T20:00:00Z,2026-05-16T22:00:00+0200,0.0,MW,FR,FR,forecast_solar_generation,Solar,2026-05-30T16:05:06Z
2026-05-30T16:04:09Z,2026-05-30T18:04:09+0200,f5ca70ef-bf28-4256-b93b-6a2c907b2b36,2026-05-16T20:15:00Z,2026-05-16T22:15:00+0200,0.0,MW,FR,FR,forecast_solar_generation,Solar,2026-05-30T16:05:06Z
2026-05-30T16:04:09Z,2026-05-30T18:04:09+0200,f5ca70ef-bf28-4256-b93b-6a2c907b2b36,2026-05-16T20:30:00Z,2026-05-16T22:30:00+0200,0.0,MW,FR,FR,forecast_solar_generation,Solar,2026-05-30T16:05:06Z
2026-05-30T16:04:09Z,2026-05-30T18:04:09+0200,f5ca70ef-bf28-4256-b93b-6a2c907b2b36,2026-05-16T20:45:00Z,2026-05-16T22:45:00+0200,0.0,MW,FR,FR,forecast_solar_generation,Solar,2026-05-30T16:05:06Z
2026-05-30T16:04:09Z,2026-05-30T18:04:09+0200,f5ca70ef-bf28-4256-b93b-6a2c907b2b36,2026-05-16T21:00:00Z,2026-05-16T23:00:00+0200,0.0,MW,FR,FR,forecast_solar_generation,Solar,2026-05-30T16:05:06Z
2026-05-30T16:04:09Z,2026-05-30T18:04:09+0200,f5ca70ef-bf28-4256-b93b-6a2c907b2b36,2026-05-16T21:15:00Z,2026-05-16T23:15:00+0200,0.0,MW,FR,FR,forecast_solar_generation,Solar,2026-05-30T16:05:06Z
2026-05-30T16:04:09Z,2026-05-30T18:04:09+0200,f5ca70ef-bf28-4256-b93b-6a2c907b2b36,2026-05-16T21:30:00Z,2026-05-16T23:30:00+0200,0.0,MW,FR,FR,forecast_solar_generation,Solar,2026-05-30T16:05:06Z
2026-05-30T16:04:09Z,2026-05-30T18:04:09+0200,f5ca70ef-bf28-4256-b93b-6a2c907b2b36,2026-05-16T21:45:00Z,2026-05-16T23:45:00+0200,0.0,MW,FR,FR,forecast_solar_generation,Solar,2026-05-30T16:05:06Z
2026-05-30T16:04:09Z,2026-05-30T18:04:09+0200,f5ca70ef-bf28-4256-b93b-6a2c907b2b36,2026-05-16T22:00:00Z,2026-05-17T00:00:00+0200,0.0,MW,FR,FR,forecast_solar_generation,Solar,2026-05-30T16:05:06Z
2026-05-30T16:04:09Z,2026-05-30T18:04:09+0200,f5ca70ef-bf28-4256-b93b-6a2c907b2b36,2026-05-16T22:15:00Z,2026-05-17T00:15:00+0200,0.0,MW,FR,FR,forecast_solar_generation,Solar,2026-05-30T16:05:06Z
2026-05-30T16:04:09Z,2026-05-30T18:04:09+0200,f5ca70ef-bf28-4256-b93b-6a2c907b2b36,2026-05-16T22:30:00Z,2026-05-17T00:30:00+0200,0.0,MW,FR,FR,forecast_solar_generation,Solar,2026-05-30T16:05:06Z
2026-05-30T16:04:09Z,2026-05-30T18:04:09+0200,f5ca70ef-bf28-4256-b93b-6a2c907b2b36,2026-05-16T22:45:00Z,2026-05-17T00:45:00+0200,0.0,MW,FR,FR,forecast_solar_generation,Solar,2026-05-30T16:05:06Z
2026-05-30T16:04:09Z,2026-05-30T18:04:09+0200,f5ca70ef-bf28-4256-b93b-6a2c907b2b36,2026-05-16T23:00:00Z,2026-05-17T01:00:00+0200,0.0,MW,FR,FR,forecast_solar_generation,Solar,2026-05-30T16:05:06Z
2026-05-30T16:04:09Z,2026-05-30T18:04:09+0200,f5ca70ef-bf28-4256-b93b-6a2c907b2b36,2026-05-16T23:15:00Z,2026-05-17T01:15:00+0200,0.0,MW,FR,FR,forecast_solar_generation,Solar,2026-05-30T16:05:06Z
2026-05-30T16:04:09Z,2026-05-30T18:04:09+0200,f5ca70ef-bf28-4256-b93b-6a2c907b2b36,2026-05-16T23:30:00Z,2026-05-17T01:30:00+0200,0.0,MW,FR,FR,forecast_solar_generation,Solar,2026-05-30T16:05:06Z
2026-05-30T16:04:09Z,2026-05-30T18:04:09+0200,f5ca70ef-bf28-4256-b93b-6a2c907b2b36,2026-05-16T23:45:00Z,2026-05-17T01:45:00+0200,0.0,MW,FR,FR,forecast_solar_generation,Solar,2026-05-30T16:05:06Z
2026-05-30T16:04:09Z,2026-05-30T18:04:09+0200,f5ca70ef-bf28-4256-b93b-6a2c907b2b36,2026-05-17T00:00:00Z,2026-05-17T02:00:00+0200,0.0,MW,FR,FR,forecast_solar_generation,Solar,2026-05-30T16:05:06Z
2026-05-30T16:04:09Z,2026-05-30T18:04:09+0200,f5ca70ef-bf28-4256-b93b-6a2c907b2b36,2026-05-17T00:15:00Z,2026-05-17T02:15:00+0200,0.0,MW,FR,FR,forecast_solar_generation,Solar,2026-05-30T16:05:06Z
2026-05-30T16:04:09Z,2026-05-30T18:04:09+0200,f5ca70ef-bf28-4256-b93b-6a2c907b2b36,2026-05-17T00:30:00Z,2026-05-17T02:30:00+0200,0.0,MW,FR,FR,forecast_solar_generation,Solar,2026-05-30T16:05:06Z
2026-05-30T16:04:09Z,2026-05-30T18:04:09+0200,f5ca70ef-bf28-4256-b93b-6a2c907b2b36,2026-05-17T00:45:00Z,2026-05-17T02:45:00+0200,0.0,MW,FR,FR,forecast_solar_generation,Solar,2026-05-30T16:05:06Z
2026-05-30T16:04:09Z,2026-05-30T18:04:09+0200,f5ca70ef-bf28-4256-b93b-6a2c907b2b36,2026-05-17T01:00:00Z,2026-05-17T03:00:00+0200,0.0,MW,FR,FR,forecast_solar_generation,Solar,2026-05-30T16:05:06Z
2026-05-30T16:04:09Z,2026-05-30T18:04:09+0200,f5ca70ef-bf28-4256-b93b-6a2c907b2b36,2026-05-17T01:15:00Z,2026-05-17T03:15:00+0200,0.0,MW,FR,FR,forecast_solar_generation,Solar,2026-05-30T16:05:06Z
2026-05-30T16:04:09Z,2026-05-30T18:04:09+0200,f5ca70ef-bf28-4256-b93b-6a2c907b2b36,2026-05-17T01:30:00Z,2026-05-17T03:30:00+0200,0.0,MW,FR,FR,forecast_solar_generation,Solar,2026-05-30T16:05:06Z
2026-05-30T16:04:09Z,2026-05-30T18:04:09+0200,f5ca70ef-bf28-4256-b93b-6a2c907b2b36,2026-05-17T01:45:00Z,2026-05-17T03:45:00+0200,0.0,MW,FR,FR,forecast_solar_generation,Solar,2026-05-30T16:05:06Z
2026-05-30T16:04:09Z,2026-05-30T18:04:09+0200,f5ca70ef-bf28-4256-b93b-6a2c907b2b36,2026-05-17T02:00:00Z,2026-05-17T04:00:00+0200,0.0,MW,FR,FR,forecast_solar_generation,Solar,2026-05-30T16:05:06Z
2026-05-30T16:04:09Z,2026-05-30T18:04:09+0200,f5ca70ef-bf28-4256-b93b-6a2c907b2b36,2026-05-17T02:15:00Z,2026-05-17T04:15:00+0200,0.0,MW,FR,FR,forecast_solar_generation,Solar,2026-05-30T16:05:06Z
2026-05-30T16:04:09Z,2026-05-30T18:04:09+0200,f5ca70ef-bf28-4256-b93b-6a2c907b2b36,2026-05-17T02:30:00Z,2026-05-17T04:30:00+0200,0.0,MW,FR,FR,forecast_solar_generation,Solar,2026-05-30T16:05:06Z
2026-05-30T16:04:09Z,2026-05-30T18:04:09+0200,f5ca70ef-bf28-4256-b93b-6a2c907b2b36,2026-05-17T02:45:00Z,2026-05-17T04:45:00+0200,0.0,MW,FR,FR,forecast_solar_generation,Solar,2026-05-30T16:05:06Z
2026-05-30T16:04:09Z,2026-05-30T18:04:09+0200,f5ca70ef-bf28-4256-b93b-6a2c907b2b36,2026-05-17T03:00:00Z,2026-05-17T05:00:00+0200,0.0,MW,FR,FR,forecast_solar_generation,Solar,2026-05-30T16:05:06Z
2026-05-30T16:04:09Z,2026-05-30T18:04:09+0200,f5ca70ef-bf28-4256-b93b-6a2c907b2b36,2026-05-17T03:15:00Z,2026-05-17T05:15:00+0200,0.0,MW,FR,FR,forecast_solar_generation,Solar,2026-05-30T16:05:06Z
2026-05-30T16:04:09Z,2026-05-30T18:04:09+0200,f5ca70ef-bf28-4256-b93b-6a2c907b2b36,2026-05-17T03:30:00Z,2026-05-17T05:30:00+0200,0.0,MW,FR,FR,forecast_solar_generation,Solar,2026-05-30T16:05:06Z
2026-05-30T16:04:09Z,2026-05-30T18:04:09+0200,f5ca70ef-bf28-4256-b93b-6a2c907b2b36,2026-05-17T03:45:00Z,2026-05-17T05:45:00+0200,0.0,MW,FR,FR,forecast_solar_generation,Solar,2026-05-30T16:05:06Z
2026-05-30T16:04:09Z,2026-05-30T18:04:09+0200,f5ca70ef-bf28-4256-b93b-6a2c907b2b36,2026-05-17T04:00:00Z,2026-05-17T06:00:00+0200,0.0,MW,FR,FR,forecast_solar_generation,Solar,2026-05-30T16:05:06Z
2026-05-30T16:04:09Z,2026-05-30T18:04:09+0200,f5ca70ef-bf28-4256-b93b-6a2c907b2b36,2026-05-17T04:15:00Z,2026-05-17T06:15:00+0200,42.82808,MW,FR,FR,forecast_solar_generation,Solar,2026-05-30T16:05:06Z
2026-05-30T16:04:09Z,2026-05-30T18:04:09+0200,f5ca70ef-bf28-4256-b93b-6a2c907b2b36,2026-05-17T04:30:00Z,2026-05-17T06:30:00+0200,137.4268,MW,FR,FR,forecast_solar_generation,Solar,2026-05-30T16:05:06Z
2026-05-30T16:04:09Z,2026-05-30T18:04:09+0200,f5ca70ef-bf28-4256-b93b-6a2c907b2b36,2026-05-17T04:45:00Z,2026-05-17T06:45:00+0200,351.04684,MW,FR,FR,forecast_solar_generation,Solar,2026-05-30T16:05:06Z
2026-05-30T16:04:09Z,2026-05-30T18:04:09+0200,f5ca70ef-bf28-4256-b93b-6a2c907b2b36,2026-05-17T05:00:00Z,2026-05-17T07:00:00+0200,610.6759,MW,FR,FR,forecast_solar_generation,Solar,2026-05-30T16:05:06Z
2026-05-30T16:04:09Z,2026-05-30T18:04:09+0200,f5ca70ef-bf28-4256-b93b-6a2c907b2b36,2026-05-17T05:15:00Z,2026-05-17T07:15:00+0200,930.59033,MW,FR,FR,forecast_solar_generation,Solar,2026-05-30T16:05:06Z
2026-05-30T16:04:09Z,2026-05-30T18:04:09+0200,f5ca70ef-bf28-4256-b93b-6a2c907b2b36,2026-05-17T05:30:00Z,2026-05-17T07:30:00+0200,1340.53064,MW,FR,FR,forecast_solar_generation,Solar,2026-05-30T16:05:06Z
2026-05-30T16:04:09Z,2026-05-30T18:04:09+0200,f5ca70ef-bf28-4256-b93b-6a2c907b2b36,2026-05-17T05:45:00Z,2026-05-17T07:45:00+0200,1913.91968,MW,FR,FR,forecast_solar_generation,Solar,2026-05-30T16:05:06Z
2026-05-30T16:04:09Z,2026-05-30T18:04:09+0200,f5ca70ef-bf28-4256-b93b-6a2c907b2b36,2026-05-17T06:00:00Z,2026-05-17T08:00:00+0200,2532.63989,MW,FR,FR,forecast_solar_generation,Solar,2026-05-30T16:05:06Z
2026-05-30T16:04:09Z,2026-05-30T18:04:09+0200,f5ca70ef-bf28-4256-b93b-6a2c907b2b36,2026-05-17T06:15:00Z,2026-05-17T08:15:00+0200,3309.55396,MW,FR,FR,forecast_solar_generation,Solar,2026-05-30T16:05:06Z
2026-05-30T16:04:09Z,2026-05-30T18:04:09+0200,f5ca70ef-bf28-4256-b93b-6a2c907b2b36,2026-05-17T06:30:00Z,2026-05-17T08:30:00+0200,4017.75171,MW,FR,FR,forecast_solar_generation,Solar,2026-05-30T16:05:06Z
2026-05-30T16:04:09Z,2026-05-30T18:04:09+0200,f5ca70ef-bf28-4256-b93b-6a2c907b2b36,2026-05-17T06:45:00Z,2026-05-17T08:45:00+0200,4936.90039,MW,FR,FR,forecast_solar_generation,Solar,2026-05-30T16:05:06Z
2026-05-30T16:04:09Z,2026-05-30T18:04:09+0200,f5ca70ef-bf28-4256-b93b-6a2c907b2b36,2026-05-17T07:00:00Z,2026-05-17T09:00:00+0200,5780.67871,MW,FR,FR,forecast_solar_generation,Solar,2026-05-30T16:05:06Z
2026-05-30T16:04:09Z,2026-05-30T18:04:09+0200,f5ca70ef-bf28-4256-b93b-6a2c907b2b36,2026-05-17T07:15:00Z,2026-05-17T09:15:00+0200,6776.68262,MW,FR,FR,forecast_solar_generation,Solar,2026-05-30T16:05:06Z
2026-05-30T16:04:09Z,2026-05-30T18:04:09+0200,f5ca70ef-bf28-4256-b93b-6a2c907b2b36,2026-05-17T07:30:00Z,2026-05-17T09:30:00+0200,7615.38721,MW,FR,FR,forecast_solar_generation,Solar,2026-05-30T16:05:06Z
2026-05-30T16:04:09Z,2026-05-30T18:04:09+0200,f5ca70ef-bf28-4256-b93b-6a2c907b2b36,2026-05-17T07:45:00Z,2026-05-17T09:45:00+0200,8434.69629,MW,FR,FR,forecast_solar_generation,Solar,2026-05-30T16:05:06Z
2026-05-30T16:04:09Z,2026-05-30T18:04:09+0200,f5ca70ef-bf28-4256-b93b-6a2c907b2b36,2026-05-17T08:00:00Z,2026-05-17T10:00:00+0200,9283.24805,MW,FR,FR,forecast_solar_generation,Solar,2026-05-30T16:05:06Z
2026-05-30T16:04:09Z,2026-05-30T18:04:09+0200,f5ca70ef-bf28-4256-b93b-6a2c907b2b36,2026-05-17T08:15:00Z,2026-05-17T10:15:00+0200,10260.98926,MW,FR,FR,forecast_solar_generation,Solar,2026-05-30T16:05:06Z
2026-05-30T16:04:09Z,2026-05-30T18:04:09+0200,f5ca70ef-bf28-4256-b93b-6a2c907b2b36,2026-05-17T08:30:00Z,2026-05-17T10:30:00+0200,11026.45215,MW,FR,FR,forecast_solar_generation,Solar,2026-05-30T16:05:06Z
2026-05-30T16:04:09Z,2026-05-30T18:04:09+0200,f5ca70ef-bf28-4256-b93b-6a2c907b2b36,2026-05-17T08:45:00Z,2026-05-17T10:45:00+0200,11650.75684,MW,FR,FR,forecast_solar_generation,Solar,2026-05-30T16:05:06Z
2026-05-30T16:04:09Z,2026-05-30T18:04:09+0200,f5ca70ef-bf28-4256-b93b-6a2c907b2b36,2026-05-17T09:00:00Z,2026-05-17T11:00:00+0200,12298.08398,MW,FR,FR,forecast_solar_generation,Solar,2026-05-30T16:05:06Z
2026-05-30T16:04:09Z,2026-05-30T18:04:09+0200,f5ca70ef-bf28-4256-b93b-6a2c907b2b36,2026-05-17T09:15:00Z,2026-05-17T11:15:00+0200,13027.91211,MW,FR,FR,forecast_solar_generation,Solar,2026-05-30T16:05:06Z
2026-05-30T16:04:09Z,2026-05-30T18:04:09+0200,f5ca70ef-bf28-4256-b93b-6a2c907b2b36,2026-05-17T09:30:00Z,2026-05-17T11:30:00+0200,13673.42383,MW,FR,FR,forecast_solar_generation,Solar,2026-05-30T16:05:06Z
2026-05-30T16:04:09Z,2026-05-30T18:04:09+0200,f5ca70ef-bf28-4256-b93b-6a2c907b2b36,2026-05-17T09:45:00Z,2026-05-17T11:45:00+0200,14038.39355,MW,FR,FR,forecast_solar_generation,Solar,2026-05-30T16:05:06Z
2026-05-30T16:04:09Z,2026-05-30T18:04:09+0200,f5ca70ef-bf28-4256-b93b-6a2c907b2b36,2026-05-17T10:00:00Z,2026-05-17T12:00:00+0200,14416.57227,MW,FR,FR,forecast_solar_generation,Solar,2026-05-30T16:05:06Z
2026-05-30T16:04:09Z,2026-05-30T18:04:09+0200,f5ca70ef-bf28-4256-b93b-6a2c907b2b36,2026-05-17T10:15:00Z,2026-05-17T12:15:00+0200,14807.81348,MW,FR,FR,forecast_solar_generation,Solar,2026-05-30T16:05:06Z
2026-05-30T16:04:09Z,2026-05-30T18:04:09+0200,f5ca70ef-bf28-4256-b93b-6a2c907b2b36,2026-05-17T10:30:00Z,2026-05-17T12:30:00+0200,15245.60547,MW,FR,FR,forecast_solar_generation,Solar,2026-05-30T16:05:06Z
2026-05-30T16:04:09Z,2026-05-30T18:04:09+0200,f5ca70ef-bf28-4256-b93b-6a2c907b2b36,2026-05-17T10:45:00Z,2026-05-17T12:45:00+0200,15433.83301,MW,FR,FR,forecast_solar_generation,Solar,2026-05-30T16:05:06Z
2026-05-30T16:04:09Z,2026-05-30T18:04:09+0200,f5ca70ef-bf28-4256-b93b-6a2c907b2b36,2026-05-17T11:00:00Z,2026-05-17T13:00:00+0200,15674.42578,MW,FR,FR,forecast_solar_generation,Solar,2026-05-30T16:05:06Z
2026-05-30T16:04:09Z,2026-05-30T18:04:09+0200,f5ca70ef-bf28-4256-b93b-6a2c907b2b36,2026-05-17T11:15:00Z,2026-05-17T13:15:00+0200,15781.30957,MW,FR,FR,forecast_solar_generation,Solar,2026-05-30T16:05:06Z
2026-05-30T16:04:09Z,2026-05-30T18:04:09+0200,f5ca70ef-bf28-4256-b93b-6a2c907b2b36,2026-05-17T11:30:00Z,2026-05-17T13:30:00+0200,15911.25977,MW,FR,FR,forecast_solar_generation,Solar,2026-05-30T16:05:06Z
2026-05-30T16:04:09Z,2026-05-30T18:04:09+0200,f5ca70ef-bf28-4256-b93b-6a2c907b2b36,2026-05-17T11:45:00Z,2026-05-17T13:45:00+0200,15934.86621,MW,FR,FR,forecast_solar_generation,Solar,2026-05-30T16:05:06Z
2026-05-30T16:04:09Z,2026-05-30T18:04:09+0200,f5ca70ef-bf28-4256-b93b-6a2c907b2b36,2026-05-17T12:00:00Z,2026-05-17T14:00:00+0200,15945.18066,MW,FR,FR,forecast_solar_generation,Solar,2026-05-30T16:05:06Z
2026-05-30T16:04:09Z,2026-05-30T18:04:09+0200,f5ca70ef-bf28-4256-b93b-6a2c907b2b36,2026-05-17T12:15:00Z,2026-05-17T14:15:00+0200,15963.83398,MW,FR,FR,forecast_solar_generation,Solar,2026-05-30T16:05:06Z
2026-05-30T16:04:09Z,2026-05-30T18:04:09+0200,f5ca70ef-bf28-4256-b93b-6a2c907b2b36,2026-05-17T12:30:00Z,2026-05-17T14:30:00+0200,15965.47363,MW,FR,FR,forecast_solar_generation,Solar,2026-05-30T16:05:06Z
2026-05-30T16:04:09Z,2026-05-30T18:04:09+0200,f5ca70ef-bf28-4256-b93b-6a2c907b2b36,2026-05-17T12:45:00Z,2026-05-17T14:45:00+0200,15876.6875,MW,FR,FR,forecast_solar_generation,Solar,2026-05-30T16:05:06Z
2026-05-30T16:04:09Z,2026-05-30T18:04:09+0200,f5ca70ef-bf28-4256-b93b-6a2c907b2b36,2026-05-17T13:00:00Z,2026-05-17T15:00:00+0200,15699.83301,MW,FR,FR,forecast_solar_generation,Solar,2026-05-30T16:05:06Z
2026-05-30T16:04:09Z,2026-05-30T18:04:09+0200,f5ca70ef-bf28-4256-b93b-6a2c907b2b36,2026-05-17T13:15:00Z,2026-05-17T15:15:00+0200,15491.26465,MW,FR,FR,forecast_solar_generation,Solar,2026-05-30T16:05:06Z
2026-05-30T16:04:09Z,2026-05-30T18:04:09+0200,f5ca70ef-bf28-4256-b93b-6a2c907b2b36,2026-05-17T13:30:00Z,2026-05-17T15:30:00+0200,15228.70801,MW,FR,FR,forecast_solar_generation,Solar,2026-05-30T16:05:06Z
2026-05-30T16:04:09Z,2026-05-30T18:04:09+0200,f5ca70ef-bf28-4256-b93b-6a2c907b2b36,2026-05-17T13:45:00Z,2026-05-17T15:45:00+0200,14867.87402,MW,FR,FR,forecast_solar_generation,Solar,2026-05-30T16:05:06Z
2026-05-30T16:04:09Z,2026-05-30T18:04:09+0200,f5ca70ef-bf28-4256-b93b-6a2c907b2b36,2026-05-17T14:00:00Z,2026-05-17T16:00:00+0200,14482.70215,MW,FR,FR,forecast_solar_generation,Solar,2026-05-30T16:05:06Z
2026-05-30T16:04:09Z,2026-05-30T18:04:09+0200,f5ca70ef-bf28-4256-b93b-6a2c907b2b36,2026-05-17T14:15:00Z,2026-05-17T16:15:00+0200,14146.78613,MW,FR,FR,forecast_solar_generation,Solar,2026-05-30T16:05:06Z
2026-05-30T16:04:09Z,2026-05-30T18:04:09+0200,f5ca70ef-bf28-4256-b93b-6a2c907b2b36,2026-05-17T14:30:00Z,2026-05-17T16:30:00+0200,13705.50293,MW,FR,FR,forecast_solar_generation,Solar,2026-05-30T16:05:06Z
2026-05-30T16:04:09Z,2026-05-30T18:04:09+0200,f5ca70ef-bf28-4256-b93b-6a2c907b2b36,2026-05-17T14:45:00Z,2026-05-17T16:45:00+0200,13076.74512,MW,FR,FR,forecast_solar_generation,Solar,2026-05-30T16:05:06Z
2026-05-30T16:04:09Z,2026-05-30T18:04:09+0200,f5ca70ef-bf28-4256-b93b-6a2c907b2b36,2026-05-17T15:00:00Z,2026-05-17T17:00:00+0200,12441.94336,MW,FR,FR,forecast_solar_generation,Solar,2026-05-30T16:05:06Z
2026-05-30T16:04:09Z,2026-05-30T18:04:09+0200,f5ca70ef-bf28-4256-b93b-6a2c907b2b36,2026-05-17T15:15:00Z,2026-05-17T17:15:00+0200,11699.92188,MW,FR,FR,forecast_solar_generation,Solar,2026-05-30T16:05:06Z
2026-05-30T16:04:09Z,2026-05-30T18:04:09+0200,f5ca70ef-bf28-4256-b93b-6a2c907b2b36,2026-05-17T15:30:00Z,2026-05-17T17:30:00+0200,10973.16895,MW,FR,FR,forecast_solar_generation,Solar,2026-05-30T16:05:06Z
2026-05-30T16:04:09Z,2026-05-30T18:04:09+0200,f5ca70ef-bf28-4256-b93b-6a2c907b2b36,2026-05-17T15:45:00Z,2026-05-17T17:45:00+0200,10193.27832,MW,FR,FR,forecast_solar_generation,Solar,2026-05-30T16:05:06Z
2026-05-30T16:04:09Z,2026-05-30T18:04:09+0200,f5ca70ef-bf28-4256-b93b-6a2c907b2b36,2026-05-17T16:00:00Z,2026-05-17T18:00:00+0200,9258.61914,MW,FR,FR,forecast_solar_generation,Solar,2026-05-30T16:05:06Z
2026-05-30T16:04:09Z,2026-05-30T18:04:09+0200,f5ca70ef-bf28-4256-b93b-6a2c907b2b36,2026-05-17T16:15:00Z,2026-05-17T18:15:00+0200,8231.20703,MW,FR,FR,forecast_solar_generation,Solar,2026-05-30T16:05:06Z
2026-05-30T16:04:09Z,2026-05-30T18:04:09+0200,f5ca70ef-bf28-4256-b93b-6a2c907b2b36,2026-05-17T16:30:00Z,2026-05-17T18:30:00+0200,7365.63086,MW,FR,FR,forecast_solar_generation,Solar,2026-05-30T16:05:06Z
2026-05-30T16:04:09Z,2026-05-30T18:04:09+0200,f5ca70ef-bf28-4256-b93b-6a2c907b2b36,2026-05-17T16:45:00Z,2026-05-17T18:45:00+0200,6540.92627,MW,FR,FR,forecast_solar_generation,Solar,2026-05-30T16:05:06Z
2026-05-30T16:04:09Z,2026-05-30T18:04:09+0200,f5ca70ef-bf28-4256-b93b-6a2c907b2b36,2026-05-17T17:00:00Z,2026-05-17T19:00:00+0200,5501.96875,MW,FR,FR,forecast_solar_generation,Solar,2026-05-30T16:05:06Z
2026-05-30T16:04:09Z,2026-05-30T18:04:09+0200,f5ca70ef-bf28-4256-b93b-6a2c907b2b36,2026-05-17T17:15:00Z,2026-05-17T19:15:00+0200,4717.7124,MW,FR,FR,forecast_solar_generation,Solar,2026-05-30T16:05:06Z
2026-05-30T16:04:09Z,2026-05-30T18:04:09+0200,f5ca70ef-bf28-4256-b93b-6a2c907b2b36,2026-05-17T17:30:00Z,2026-05-17T19:30:00+0200,3758.76416,MW,FR,FR,forecast_solar_generation,Solar,2026-05-30T16:05:06Z
2026-05-30T16:04:09Z,2026-05-30T18:04:09+0200,f5ca70ef-bf28-4256-b93b-6a2c907b2b36,2026-05-17T17:45:00Z,2026-05-17T19:45:00+0200,3101.21973,MW,FR,FR,forecast_solar_generation,Solar,2026-05-30T16:05:06Z
2026-05-30T16:04:09Z,2026-05-30T18:04:09+0200,f5ca70ef-bf28-4256-b93b-6a2c907b2b36,2026-05-17T18:00:00Z,2026-05-17T20:00:00+0200,2339.8374,MW,FR,FR,forecast_solar_generation,Solar,2026-05-30T16:05:06Z
2026-05-30T16:04:09Z,2026-05-30T18:04:09+0200,f5ca70ef-bf28-4256-b93b-6a2c907b2b36,2026-05-17T18:15:00Z,2026-05-17T20:15:00+0200,1701.53247,MW,FR,FR,forecast_solar_generation,Solar,2026-05-30T16:05:06Z
2026-05-30T16:04:09Z,2026-05-30T18:04:09+0200,f5ca70ef-bf28-4256-b93b-6a2c907b2b36,2026-05-17T18:30:00Z,2026-05-17T20:30:00+0200,1119.04187,MW,FR,FR,forecast_solar_generation,Solar,2026-05-30T16:05:06Z
2026-05-30T16:04:09Z,2026-05-30T18:04:09+0200,f5ca70ef-bf28-4256-b93b-6a2c907b2b36,2026-05-17T18:45:00Z,2026-05-17T20:45:00+0200,777.02203,MW,FR,FR,forecast_solar_generation,Solar,2026-05-30T16:05:06Z
2026-05-30T16:04:09Z,2026-05-30T18:04:09+0200,f5ca70ef-bf28-4256-b93b-6a2c907b2b36,2026-05-17T19:00:00Z,2026-05-17T21:00:00+0200,482.61667,MW,FR,FR,forecast_solar_generation,Solar,2026-05-30T16:05:06Z
2026-05-30T16:04:09Z,2026-05-30T18:04:09+0200,f5ca70ef-bf28-4256-b93b-6a2c907b2b36,2026-05-17T19:15:00Z,2026-05-17T21:15:00+0200,221.58298,MW,FR,FR,forecast_solar_generation,Solar,2026-05-30T16:05:06Z
2026-05-30T16:04:09Z,2026-05-30T18:04:09+0200,f5ca70ef-bf28-4256-b93b-6a2c907b2b36,2026-05-17T19:30:00Z,2026-05-17T21:30:00+0200,45.05448,MW,FR,FR,forecast_solar_generation,Solar,2026-05-30T16:05:06Z
2026-05-30T16:04:09Z,2026-05-30T18:04:09+0200,f5ca70ef-bf28-4256-b93b-6a2c907b2b36,2026-05-17T19:45:00Z,2026-05-17T21:45:00+0200,2.89369,MW,FR,FR,forecast_solar_generation,Solar,2026-05-30T16:05:06Z
2026-05-30T16:04:09Z,2026-05-30T18:04:09+0200,f5ca70ef-bf28-4256-b93b-6a2c907b2b36,2026-05-17T20:00:00Z,2026-05-17T22:00:00+0200,0.0,MW,FR,FR,forecast_solar_generation,Solar,2026-05-30T16:05:06Z
2026-05-30T16:04:09Z,2026-05-30T18:04:09+0200,f5ca70ef-bf28-4256-b93b-6a2c907b2b36,2026-05-17T20:15:00Z,2026-05-17T22:15:00+0200,0.0,MW,FR,FR,forecast_solar_generation,Solar,2026-05-30T16:05:06Z
2026-05-30T16:04:09Z,2026-05-30T18:04:09+0200,f5ca70ef-bf28-4256-b93b-6a2c907b2b36,2026-05-17T20:30:00Z,2026-05-17T22:30:00+0200,0.0,MW,FR,FR,forecast_solar_generation,Solar,2026-05-30T16:05:06Z
2026-05-30T16:04:09Z,2026-05-30T18:04:09+0200,f5ca70ef-bf28-4256-b93b-6a2c907b2b36,2026-05-17T20:45:00Z,2026-05-17T22:45:00+0200,0.0,MW,FR,FR,forecast_solar_generation,Solar,2026-05-30T16:05:06Z
2026-05-30T16:04:09Z,2026-05-30T18:04:09+0200,f5ca70ef-bf28-4256-b93b-6a2c907b2b36,2026-05-17T21:00:00Z,2026-05-17T23:00:00+0200,0.0,MW,FR,FR,forecast_solar_generation,Solar,2026-05-30T16:05:06Z
2026-05-30T16:04:09Z,2026-05-30T18:04:09+0200,f5ca70ef-bf28-4256-b93b-6a2c907b2b36,2026-05-17T21:15:00Z,2026-05-17T23:15:00+0200,0.0,MW,FR,FR,forecast_solar_generation,Solar,2026-05-30T16:05:06Z
2026-05-30T16:04:09Z,2026-05-30T18:04:09+0200,f5ca70ef-bf28-4256-b93b-6a2c907b2b36,2026-05-17T21:30:00Z,2026-05-17T23:30:00+0200,0.0,MW,FR,FR,forecast_solar_generation,Solar,2026-05-30T16:05:06Z
2026-05-30T16:04:09Z,2026-05-30T18:04:09+0200,f5ca70ef-bf28-4256-b93b-6a2c907b2b36,2026-05-17T21:45:00Z,2026-05-17T23:45:00+0200,0.0,MW,FR,FR,forecast_solar_generation,Solar,2026-05-30T16:05:06Z
2026-05-30T16:04:09Z,2026-05-30T18:04:09+0200,f5ca70ef-bf28-4256-b93b-6a2c907b2b36,2026-05-17T22:00:00Z,2026-05-18T00:00:00+0200,0.0,MW,FR,FR,forecast_solar_generation,Solar,2026-05-30T16:05:06Z
2026-05-30T16:04:09Z,2026-05-30T18:04:09+0200,f5ca70ef-bf28-4256-b93b-6a2c907b2b36,2026-05-17T22:15:00Z,2026-05-18T00:15:00+0200,0.0,MW,FR,FR,forecast_solar_generation,Solar,2026-05-30T16:05:06Z
2026-05-30T16:04:09Z,2026-05-30T18:04:09+0200,f5ca70ef-bf28-4256-b93b-6a2c907b2b36,2026-05-17T22:30:00Z,2026-05-18T00:30:00+0200,0.0,MW,FR,FR,forecast_solar_generation,Solar,2026-05-30T16:05:06Z
2026-05-30T16:04:09Z,2026-05-30T18:04:09+0200,f5ca70ef-bf28-4256-b93b-6a2c907b2b36,2026-05-17T22:45:00Z,2026-05-18T00:45:00+0200,0.0,MW,FR,FR,forecast_solar_generation,Solar,2026-05-30T16:05:06Z
2026-05-30T16:04:09Z,2026-05-30T18:04:09+0200,f5ca70ef-bf28-4256-b93b-6a2c907b2b36,2026-05-17T23:00:00Z,2026-05-18T01:00:00+0200,0.0,MW,FR,FR,forecast_solar_generation,Solar,2026-05-30T16:05:06Z
2026-05-30T16:04:09Z,2026-05-30T18:04:09+0200,f5ca70ef-bf28-4256-b93b-6a2c907b2b36,2026-05-17T23:15:00Z,2026-05-18T01:15:00+0200,0.0,MW,FR,FR,forecast_solar_generation,Solar,2026-05-30T16:05:06Z
2026-05-30T16:04:09Z,2026-05-30T18:04:09+0200,f5ca70ef-bf28-4256-b93b-6a2c907b2b36,2026-05-17T23:30:00Z,2026-05-18T01:30:00+0200,0.0,MW,FR,FR,forecast_solar_generation,Solar,2026-05-30T16:05:06Z
2026-05-30T16:04:09Z,2026-05-30T18:04:09+0200,f5ca70ef-bf28-4256-b93b-6a2c907b2b36,2026-05-17T23:45:00Z,2026-05-18T01:45:00+0200,0.0,MW,FR,FR,forecast_solar_generation,Solar,2026-05-30T16:05:06Z
2026-05-30T16:04:09Z,2026-05-30T18:04:09+0200,f5ca70ef-bf28-4256-b93b-6a2c907b2b36,2026-05-18T00:00:00Z,2026-05-18T02:00:00+0200,0.0,MW,FR,FR,forecast_solar_generation,Solar,2026-05-30T16:05:06Z
2026-05-30T16:04:09Z,2026-05-30T18:04:09+0200,f5ca70ef-bf28-4256-b93b-6a2c907b2b36,2026-05-18T00:15:00Z,2026-05-18T02:15:00+0200,0.0,MW,FR,FR,forecast_solar_generation,Solar,2026-05-30T16:05:06Z
2026-05-30T16:04:09Z,2026-05-30T18:04:09+0200,f5ca70ef-bf28-4256-b93b-6a2c907b2b36,2026-05-18T00:30:00Z,2026-05-18T02:30:00+0200,0.0,MW,FR,FR,forecast_solar_generation,Solar,2026-05-30T16:05:06Z
2026-05-30T16:04:09Z,2026-05-30T18:04:09+0200,f5ca70ef-bf28-4256-b93b-6a2c907b2b36,2026-05-18T00:45:00Z,2026-05-18T02:45:00+0200,0.0,MW,FR,FR,forecast_solar_generation,Solar,2026-05-30T16:05:06Z
2026-05-30T16:04:09Z,2026-05-30T18:04:09+0200,f5ca70ef-bf28-4256-b93b-6a2c907b2b36,2026-05-18T01:00:00Z,2026-05-18T03:00:00+0200,0.0,MW,FR,FR,forecast_solar_generation,Solar,2026-05-30T16:05:06Z
2026-05-30T16:04:09Z,2026-05-30T18:04:09+0200,f5ca70ef-bf28-4256-b93b-6a2c907b2b36,2026-05-18T01:15:00Z,2026-05-18T03:15:00+0200,0.0,MW,FR,FR,forecast_solar_generation,Solar,2026-05-30T16:05:06Z
2026-05-30T16:04:09Z,2026-05-30T18:04:09+0200,f5ca70ef-bf28-4256-b93b-6a2c907b2b36,2026-05-18T01:30:00Z,2026-05-18T03:30:00+0200,0.0,MW,FR,FR,forecast_solar_generation,Solar,2026-05-30T16:05:06Z
2026-05-30T16:04:09Z,2026-05-30T18:04:09+0200,f5ca70ef-bf28-4256-b93b-6a2c907b2b36,2026-05-18T01:45:00Z,2026-05-18T03:45:00+0200,0.0,MW,FR,FR,forecast_solar_generation,Solar,2026-05-30T16:05:06Z
2026-05-30T16:04:09Z,2026-05-30T18:04:09+0200,f5ca70ef-bf28-4256-b93b-6a2c907b2b36,2026-05-18T02:00:00Z,2026-05-18T04:00:00+0200,0.0,MW,FR,FR,forecast_solar_generation,Solar,2026-05-30T16:05:06Z
2026-05-30T16:04:09Z,2026-05-30T18:04:09+0200,f5ca70ef-bf28-4256-b93b-6a2c907b2b36,2026-05-18T02:15:00Z,2026-05-18T04:15:00+0200,0.0,MW,FR,FR,forecast_solar_generation,Solar,2026-05-30T16:05:06Z
2026-05-30T16:04:09Z,2026-05-30T18:04:09+0200,f5ca70ef-bf28-4256-b93b-6a2c907b2b36,2026-05-18T02:30:00Z,2026-05-18T04:30:00+0200,0.0,MW,FR,FR,forecast_solar_generation,Solar,2026-05-30T16:05:06Z
2026-05-30T16:04:09Z,2026-05-30T18:04:09+0200,f5ca70ef-bf28-4256-b93b-6a2c907b2b36,2026-05-18T02:45:00Z,2026-05-18T04:45:00+0200,0.0,MW,FR,FR,forecast_solar_generation,Solar,2026-05-30T16:05:06Z
2026-05-30T16:04:09Z,2026-05-30T18:04:09+0200,f5ca70ef-bf28-4256-b93b-6a2c907b2b36,2026-05-18T03:00:00Z,2026-05-18T05:00:00+0200,0.0,MW,FR,FR,forecast_solar_generation,Solar,2026-05-30T16:05:06Z
2026-05-30T16:04:09Z,2026-05-30T18:04:09+0200,f5ca70ef-bf28-4256-b93b-6a2c907b2b36,2026-05-18T03:15:00Z,2026-05-18T05:15:00+0200,0.0,MW,FR,FR,forecast_solar_generation,Solar,2026-05-30T16:05:06Z
2026-05-30T16:04:09Z,2026-05-30T18:04:09+0200,f5ca70ef-bf28-4256-b93b-6a2c907b2b36,2026-05-18T03:30:00Z,2026-05-18T05:30:00+0200,0.0,MW,FR,FR,forecast_solar_generation,Solar,2026-05-30T16:05:06Z
2026-05-30T16:04:09Z,2026-05-30T18:04:09+0200,f5ca70ef-bf28-4256-b93b-6a2c907b2b36,2026-05-18T03:45:00Z,2026-05-18T05:45:00+0200,0.0,MW,FR,FR,forecast_solar_generation,Solar,2026-05-30T16:05:06Z
2026-05-30T16:04:09Z,2026-05-30T18:04:09+0200,f5ca70ef-bf28-4256-b93b-6a2c907b2b36,2026-05-18T04:00:00Z,2026-05-18T06:00:00+0200,0.0,MW,FR,FR,forecast_solar_generation,Solar,2026-05-30T16:05:06Z
2026-05-30T16:04:09Z,2026-05-30T18:04:09+0200,f5ca70ef-bf28-4256-b93b-6a2c907b2b36,2026-05-18T04:15:00Z,2026-05-18T06:15:00+0200,44.87987,MW,FR,FR,forecast_solar_generation,Solar,2026-05-30T16:05:06Z
2026-05-30T16:04:09Z,2026-05-30T18:04:09+0200,f5ca70ef-bf28-4256-b93b-6a2c907b2b36,2026-05-18T04:30:00Z,2026-05-18T06:30:00+0200,130.27142,MW,FR,FR,forecast_solar_generation,Solar,2026-05-30T16:05:06Z
2026-05-30T16:04:09Z,2026-05-30T18:04:09+0200,f5ca70ef-bf28-4256-b93b-6a2c907b2b36,2026-05-18T04:45:00Z,2026-05-18T06:45:00+0200,353.09143,MW,FR,FR,forecast_solar_generation,Solar,2026-05-30T16:05:06Z
2026-05-30T16:04:09Z,2026-05-30T18:04:09+0200,f5ca70ef-bf28-4256-b93b-6a2c907b2b36,2026-05-18T05:00:00Z,2026-05-18T07:00:00+0200,638.01733,MW,FR,FR,forecast_solar_generation,Solar,2026-05-30T16:05:06Z
2026-05-30T16:04:09Z,2026-05-30T18:04:09+0200,f5ca70ef-bf28-4256-b93b-6a2c907b2b36,2026-05-18T05:15:00Z,2026-05-18T07:15:00+0200,971.77124,MW,FR,FR,forecast_solar_generation,Solar,2026-05-30T16:05:06Z
2026-05-30T16:04:09Z,2026-05-30T18:04:09+0200,f5ca70ef-bf28-4256-b93b-6a2c907b2b36,2026-05-18T05:30:00Z,2026-05-18T07:30:00+0200,1387.71814,MW,FR,FR,forecast_solar_generation,Solar,2026-05-30T16:05:06Z
2026-05-30T16:04:09Z,2026-05-30T18:04:09+0200,f5ca70ef-bf28-4256-b93b-6a2c907b2b36,2026-05-18T05:45:00Z,2026-05-18T07:45:00+0200,1956.448,MW,FR,FR,forecast_solar_generation,Solar,2026-05-30T16:05:06Z
2026-05-30T16:04:09Z,2026-05-30T18:04:09+0200,f5ca70ef-bf28-4256-b93b-6a2c907b2b36,2026-05-18T06:00:00Z,2026-05-18T08:00:00+0200,2566.4209,MW,FR,FR,forecast_solar_generation,Solar,2026-05-30T16:05:06Z
2026-05-30T16:04:09Z,2026-05-30T18:04:09+0200,f5ca70ef-bf28-4256-b93b-6a2c907b2b36,2026-05-18T06:15:00Z,2026-05-18T08:15:00+0200,3302.00244,MW,FR,FR,forecast_solar_generation,Solar,2026-05-30T16:05:06Z
2026-05-30T16:04:09Z,2026-05-30T18:04:09+0200,f5ca70ef-bf28-4256-b93b-6a2c907b2b36,2026-05-18T06:30:00Z,2026-05-18T08:30:00+0200,3951.75635,MW,FR,FR,forecast_solar_generation,Solar,2026-05-30T16:05:06Z
2026-05-30T16:04:09Z,2026-05-30T18:04:09+0200,f5ca70ef-bf28-4256-b93b-6a2c907b2b36,2026-05-18T06:45:00Z,2026-05-18T08:45:00+0200,4812.02881,MW,FR,FR,forecast_solar_generation,Solar,2026-05-30T16:05:06Z
2026-05-30T16:04:09Z,2026-05-30T18:04:09+0200,f5ca70ef-bf28-4256-b93b-6a2c907b2b36,2026-05-18T07:00:00Z,2026-05-18T09:00:00+0200,5565.95557,MW,FR,FR,forecast_solar_generation,Solar,2026-05-30T16:05:06Z
2026-05-30T16:04:09Z,2026-05-30T18:04:09+0200,f5ca70ef-bf28-4256-b93b-6a2c907b2b36,2026-05-18T07:15:00Z,2026-05-18T09:15:00+0200,6460.25977,MW,FR,FR,forecast_solar_generation,Solar,2026-05-30T16:05:06Z
2026-05-30T16:04:09Z,2026-05-30T18:04:09+0200,f5ca70ef-bf28-4256-b93b-6a2c907b2b36,2026-05-18T07:30:00Z,2026-05-18T09:30:00+0200,7276.21729,MW,FR,FR,forecast_solar_generation,Solar,2026-05-30T16:05:06Z
2026-05-30T16:04:09Z,2026-05-30T18:04:09+0200,f5ca70ef-bf28-4256-b93b-6a2c907b2b36,2026-05-18T07:45:00Z,2026-05-18T09:45:00+0200,8064.28174,MW,FR,FR,forecast_solar_generation,Solar,2026-05-30T16:05:06Z
2026-05-30T16:04:09Z,2026-05-30T18:04:09+0200,f5ca70ef-bf28-4256-b93b-6a2c907b2b36,2026-05-18T08:00:00Z,2026-05-18T10:00:00+0200,8827.06738,MW,FR,FR,forecast_solar_generation,Solar,2026-05-30T16:05:06Z
2026-05-30T16:04:09Z,2026-05-30T18:04:09+0200,f5ca70ef-bf28-4256-b93b-6a2c907b2b36,2026-05-18T08:15:00Z,2026-05-18T10:15:00+0200,9769.59082,MW,FR,FR,forecast_solar_generation,Solar,2026-05-30T16:05:06Z
2026-05-30T16:04:09Z,2026-05-30T18:04:09+0200,f5ca70ef-bf28-4256-b93b-6a2c907b2b36,2026-05-18T08:30:00Z,2026-05-18T10:30:00+0200,10472.07129,MW,FR,FR,forecast_solar_generation,Solar,2026-05-30T16:05:06Z
2026-05-30T16:04:09Z,2026-05-30T18:04:09+0200,f5ca70ef-bf28-4256-b93b-6a2c907b2b36,2026-05-18T08:45:00Z,2026-05-18T10:45:00+0200,11026.65332,MW,FR,FR,forecast_solar_generation,Solar,2026-05-30T16:05:06Z
2026-05-30T16:04:09Z,2026-05-30T18:04:09+0200,f5ca70ef-bf28-4256-b93b-6a2c907b2b36,2026-05-18T09:00:00Z,2026-05-18T11:00:00+0200,11556.73633,MW,FR,FR,forecast_solar_generation,Solar,2026-05-30T16:05:06Z
2026-05-30T16:04:09Z,2026-05-30T18:04:09+0200,f5ca70ef-bf28-4256-b93b-6a2c907b2b36,2026-05-18T09:15:00Z,2026-05-18T11:15:00+0200,12197.63184,MW,FR,FR,forecast_solar_generation,Solar,2026-05-30T16:05:06Z
2026-05-30T16:04:09Z,2026-05-30T18:04:09+0200,f5ca70ef-bf28-4256-b93b-6a2c907b2b36,2026-05-18T09:30:00Z,2026-05-18T11:30:00+0200,12789.57227,MW,FR,FR,forecast_solar_generation,Solar,2026-05-30T16:05:06Z
2026-05-30T16:04:09Z,2026-05-30T18:04:09+0200,f5ca70ef-bf28-4256-b93b-6a2c907b2b36,2026-05-18T09:45:00Z,2026-05-18T11:45:00+0200,13031.11621,MW,FR,FR,forecast_solar_generation,Solar,2026-05-30T16:05:06Z
2026-05-30T16:04:09Z,2026-05-30T18:04:09+0200,f5ca70ef-bf28-4256-b93b-6a2c907b2b36,2026-05-18T10:00:00Z,2026-05-18T12:00:00+0200,13335.76758,MW,FR,FR,forecast_solar_generation,Solar,2026-05-30T16:05:06Z
2026-05-30T16:04:09Z,2026-05-30T18:04:09+0200,f5ca70ef-bf28-4256-b93b-6a2c907b2b36,2026-05-18T10:15:00Z,2026-05-18T12:15:00+0200,13580.0918,MW,FR,FR,forecast_solar_generation,Solar,2026-05-30T16:05:06Z
2026-05-30T16:04:09Z,2026-05-30T18:04:09+0200,f5ca70ef-bf28-4256-b93b-6a2c907b2b36,2026-05-18T10:30:00Z,2026-05-18T12:30:00+0200,13939.79492,MW,FR,FR,forecast_solar_generation,Solar,2026-05-30T16:05:06Z
2026-05-30T16:04:09Z,2026-05-30T18:04:09+0200,f5ca70ef-bf28-4256-b93b-6a2c907b2b36,2026-05-18T10:45:00Z,2026-05-18T12:45:00+0200,14175.1582,MW,FR,FR,forecast_solar_generation,Solar,2026-05-30T16:05:06Z
2026-05-30T16:04:09Z,2026-05-30T18:04:09+0200,f5ca70ef-bf28-4256-b93b-6a2c907b2b36,2026-05-18T11:00:00Z,2026-05-18T13:00:00+0200,14463.31738,MW,FR,FR,forecast_solar_generation,Solar,2026-05-30T16:05:06Z
2026-05-30T16:04:09Z,2026-05-30T18:04:09+0200,f5ca70ef-bf28-4256-b93b-6a2c907b2b36,2026-05-18T11:15:00Z,2026-05-18T13:15:00+0200,14679.27344,MW,FR,FR,forecast_solar_generation,Solar,2026-05-30T16:05:06Z
2026-05-30T16:04:09Z,2026-05-30T18:04:09+0200,f5ca70ef-bf28-4256-b93b-6a2c907b2b36,2026-05-18T11:30:00Z,2026-05-18T13:30:00+0200,14949.53027,MW,FR,FR,forecast_solar_generation,Solar,2026-05-30T16:05:06Z
2026-05-30T16:04:09Z,2026-05-30T18:04:09+0200,f5ca70ef-bf28-4256-b93b-6a2c907b2b36,2026-05-18T11:45:00Z,2026-05-18T13:45:00+0200,15003.00977,MW,FR,FR,forecast_solar_generation,Solar,2026-05-30T16:05:06Z
2026-05-30T16:04:09Z,2026-05-30T18:04:09+0200,f5ca70ef-bf28-4256-b93b-6a2c907b2b36,2026-05-18T12:00:00Z,2026-05-18T14:00:00+0200,15079.35938,MW,FR,FR,forecast_solar_generation,Solar,2026-05-30T16:05:06Z
2026-05-30T16:04:09Z,2026-05-30T18:04:09+0200,f5ca70ef-bf28-4256-b93b-6a2c907b2b36,2026-05-18T12:15:00Z,2026-05-18T14:15:00+0200,15150.62988,MW,FR,FR,forecast_solar_generation,Solar,2026-05-30T16:05:06Z
2026-05-30T16:04:09Z,2026-05-30T18:04:09+0200,f5ca70ef-bf28-4256-b93b-6a2c907b2b36,2026-05-18T12:30:00Z,2026-05-18T14:30:00+0200,15173.17969,MW,FR,FR,forecast_solar_generation,Solar,2026-05-30T16:05:06Z
2026-05-30T16:04:09Z,2026-05-30T18:04:09+0200,f5ca70ef-bf28-4256-b93b-6a2c907b2b36,2026-05-18T12:45:00Z,2026-05-18T14:45:00+0200,15029.97852,MW,FR,FR,forecast_solar_generation,Solar,2026-05-30T16:05:06Z
2026-05-30T16:04:09Z,2026-05-30T18:04:09+0200,f5ca70ef-bf28-4256-b93b-6a2c907b2b36,2026-05-18T13:00:00Z,2026-05-18T15:00:00+0200,14799.77051,MW,FR,FR,forecast_solar_generation,Solar,2026-05-30T16:05:06Z
2026-05-30T16:04:09Z,2026-05-30T18:04:09+0200,f5ca70ef-bf28-4256-b93b-6a2c907b2b36,2026-05-18T13:15:00Z,2026-05-18T15:15:00+0200,14609.37305,MW,FR,FR,forecast_solar_generation,Solar,2026-05-30T16:05:06Z
2026-05-30T16:04:09Z,2026-05-30T18:04:09+0200,f5ca70ef-bf28-4256-b93b-6a2c907b2b36,2026-05-18T13:30:00Z,2026-05-18T15:30:00+0200,14359.42383,MW,FR,FR,forecast_solar_generation,Solar,2026-05-30T16:05:06Z
2026-05-30T16:04:09Z,2026-05-30T18:04:09+0200,f5ca70ef-bf28-4256-b93b-6a2c907b2b36,2026-05-18T13:45:00Z,2026-05-18T15:45:00+0200,13986.11621,MW,FR,FR,forecast_solar_generation,Solar,2026-05-30T16:05:06Z
2026-05-30T16:04:09Z,2026-05-30T18:04:09+0200,f5ca70ef-bf28-4256-b93b-6a2c907b2b36,2026-05-18T14:00:00Z,2026-05-18T16:00:00+0200,13566.11816,MW,FR,FR,forecast_solar_generation,Solar,2026-05-30T16:05:06Z
2026-05-30T16:04:09Z,2026-05-30T18:04:09+0200,f5ca70ef-bf28-4256-b93b-6a2c907b2b36,2026-05-18T14:15:00Z,2026-05-18T16:15:00+0200,13174.61523,MW,FR,FR,forecast_solar_generation,Solar,2026-05-30T16:05:06Z
2026-05-30T16:04:09Z,2026-05-30T18:04:09+0200,f5ca70ef-bf28-4256-b93b-6a2c907b2b36,2026-05-18T14:30:00Z,2026-05-18T16:30:00+0200,12739.84375,MW,FR,FR,forecast_solar_generation,Solar,2026-05-30T16:05:06Z
2026-05-30T16:04:09Z,2026-05-30T18:04:09+0200,f5ca70ef-bf28-4256-b93b-6a2c907b2b36,2026-05-18T14:45:00Z,2026-05-18T16:45:00+0200,12139.76953,MW,FR,FR,forecast_solar_generation,Solar,2026-05-30T16:05:06Z
2026-05-30T16:04:09Z,2026-05-30T18:04:09+0200,f5ca70ef-bf28-4256-b93b-6a2c907b2b36,2026-05-18T15:00:00Z,2026-05-18T17:00:00+0200,11503.64551,MW,FR,FR,forecast_solar_generation,Solar,2026-05-30T16:05:06Z
2026-05-30T16:04:09Z,2026-05-30T18:04:09+0200,f5ca70ef-bf28-4256-b93b-6a2c907b2b36,2026-05-18T15:15:00Z,2026-05-18T17:15:00+0200,10767.97363,MW,FR,FR,forecast_solar_generation,Solar,2026-05-30T16:05:06Z
2026-05-30T16:04:09Z,2026-05-30T18:04:09+0200,f5ca70ef-bf28-4256-b93b-6a2c907b2b36,2026-05-18T15:30:00Z,2026-05-18T17:30:00+0200,10087.63281,MW,FR,FR,forecast_solar_generation,Solar,2026-05-30T16:05:06Z
2026-05-30T16:04:09Z,2026-05-30T18:04:09+0200,f5ca70ef-bf28-4256-b93b-6a2c907b2b36,2026-05-18T15:45:00Z,2026-05-18T17:45:00+0200,9324.48242,MW,FR,FR,forecast_solar_generation,Solar,2026-05-30T16:05:06Z
2026-05-30T16:04:09Z,2026-05-30T18:04:09+0200,f5ca70ef-bf28-4256-b93b-6a2c907b2b36,2026-05-18T16:00:00Z,2026-05-18T18:00:00+0200,8459.31934,MW,FR,FR,forecast_solar_generation,Solar,2026-05-30T16:05:06Z
2026-05-30T16:04:09Z,2026-05-30T18:04:09+0200,f5ca70ef-bf28-4256-b93b-6a2c907b2b36,2026-05-18T16:15:00Z,2026-05-18T18:15:00+0200,7455.73438,MW,FR,FR,forecast_solar_generation,Solar,2026-05-30T16:05:06Z
2026-05-30T16:04:09Z,2026-05-30T18:04:09+0200,f5ca70ef-bf28-4256-b93b-6a2c907b2b36,2026-05-18T16:30:00Z,2026-05-18T18:30:00+0200,6645.26562,MW,FR,FR,forecast_solar_generation,Solar,2026-05-30T16:05:06Z
2026-05-30T16:04:09Z,2026-05-30T18:04:09+0200,f5ca70ef-bf28-4256-b93b-6a2c907b2b36,2026-05-18T16:45:00Z,2026-05-18T18:45:00+0200,5962.2207,MW,FR,FR,forecast_solar_generation,Solar,2026-05-30T16:05:06Z
2026-05-30T16:04:09Z,2026-05-30T18:04:09+0200,f5ca70ef-bf28-4256-b93b-6a2c907b2b36,2026-05-18T17:00:00Z,2026-05-18T19:00:00+0200,4973.14111,MW,FR,FR,forecast_solar_generation,Solar,2026-05-30T16:05:06Z
2026-05-30T16:04:09Z,2026-05-30T18:04:09+0200,f5ca70ef-bf28-4256-b93b-6a2c907b2b36,2026-05-18T17:15:00Z,2026-05-18T19:15:00+0200,4276.35352,MW,FR,FR,forecast_solar_generation,Solar,2026-05-30T16:05:06Z
2026-05-30T16:04:09Z,2026-05-30T18:04:09+0200,f5ca70ef-bf28-4256-b93b-6a2c907b2b36,2026-05-18T17:30:00Z,2026-05-18T19:30:00+0200,3391.92017,MW,FR,FR,forecast_solar_generation,Solar,2026-05-30T16:05:06Z
2026-05-30T16:04:09Z,2026-05-30T18:04:09+0200,f5ca70ef-bf28-4256-b93b-6a2c907b2b36,2026-05-18T17:45:00Z,2026-05-18T19:45:00+0200,2796.85986,MW,FR,FR,forecast_solar_generation,Solar,2026-05-30T16:05:06Z
2026-05-30T16:04:09Z,2026-05-30T18:04:09+0200,f5ca70ef-bf28-4256-b93b-6a2c907b2b36,2026-05-18T18:00:00Z,2026-05-18T20:00:00+0200,2091.67041,MW,FR,FR,forecast_solar_generation,Solar,2026-05-30T16:05:06Z
2026-05-30T16:04:09Z,2026-05-30T18:04:09+0200,f5ca70ef-bf28-4256-b93b-6a2c907b2b36,2026-05-18T18:15:00Z,2026-05-18T20:15:00+0200,1513.82678,MW,FR,FR,forecast_solar_generation,Solar,2026-05-30T16:05:06Z
2026-05-30T16:04:09Z,2026-05-30T18:04:09+0200,f5ca70ef-bf28-4256-b93b-6a2c907b2b36,2026-05-18T18:30:00Z,2026-05-18T20:30:00+0200,991.82642,MW,FR,FR,forecast_solar_generation,Solar,2026-05-30T16:05:06Z
2026-05-30T16:04:09Z,2026-05-30T18:04:09+0200,f5ca70ef-bf28-4256-b93b-6a2c907b2b36,2026-05-18T18:45:00Z,2026-05-18T20:45:00+0200,685.48834,MW,FR,FR,forecast_solar_generation,Solar,2026-05-30T16:05:06Z
2026-05-30T16:04:09Z,2026-05-30T18:04:09+0200,f5ca70ef-bf28-4256-b93b-6a2c907b2b36,2026-05-18T19:00:00Z,2026-05-18T21:00:00+0200,423.57419,MW,FR,FR,forecast_solar_generation,Solar,2026-05-30T16:05:06Z
2026-05-30T16:04:09Z,2026-05-30T18:04:09+0200,f5ca70ef-bf28-4256-b93b-6a2c907b2b36,2026-05-18T19:15:00Z,2026-05-18T21:15:00+0200,214.50934,MW,FR,FR,forecast_solar_generation,Solar,2026-05-30T16:05:06Z
2026-05-30T16:04:09Z,2026-05-30T18:04:09+0200,f5ca70ef-bf28-4256-b93b-6a2c907b2b36,2026-05-18T19:30:00Z,2026-05-18T21:30:00+0200,49.50921,MW,FR,FR,forecast_solar_generation,Solar,2026-05-30T16:05:06Z
2026-05-30T16:04:09Z,2026-05-30T18:04:09+0200,f5ca70ef-bf28-4256-b93b-6a2c907b2b36,2026-05-18T19:45:00Z,2026-05-18T21:45:00+0200,3.09635,MW,FR,FR,forecast_solar_generation,Solar,2026-05-30T16:05:06Z
2026-05-30T16:04:09Z,2026-05-30T18:04:09+0200,f5ca70ef-bf28-4256-b93b-6a2c907b2b36,2026-05-18T20:00:00Z,2026-05-18T22:00:00+0200,0.0,MW,FR,FR,forecast_solar_generation,Solar,2026-05-30T16:05:06Z
2026-05-30T16:04:09Z,2026-05-30T18:04:09+0200,f5ca70ef-bf28-4256-b93b-6a2c907b2b36,2026-05-18T20:15:00Z,2026-05-18T22:15:00+0200,0.0,MW,FR,FR,forecast_solar_generation,Solar,2026-05-30T16:05:06Z
2026-05-30T16:04:09Z,2026-05-30T18:04:09+0200,f5ca70ef-bf28-4256-b93b-6a2c907b2b36,2026-05-18T20:30:00Z,2026-05-18T22:30:00+0200,0.0,MW,FR,FR,forecast_solar_generation,Solar,2026-05-30T16:05:06Z
2026-05-30T16:04:09Z,2026-05-30T18:04:09+0200,f5ca70ef-bf28-4256-b93b-6a2c907b2b36,2026-05-18T20:45:00Z,2026-05-18T22:45:00+0200,0.0,MW,FR,FR,forecast_solar_generation,Solar,2026-05-30T16:05:06Z
2026-05-30T16:04:09Z,2026-05-30T18:04:09+0200,f5ca70ef-bf28-4256-b93b-6a2c907b2b36,2026-05-18T21:00:00Z,2026-05-18T23:00:00+0200,0.0,MW,FR,FR,forecast_solar_generation,Solar,2026-05-30T16:05:06Z
2026-05-30T16:04:09Z,2026-05-30T18:04:09+0200,f5ca70ef-bf28-4256-b93b-6a2c907b2b36,2026-05-18T21:15:00Z,2026-05-18T23:15:00+0200,0.0,MW,FR,FR,forecast_solar_generation,Solar,2026-05-30T16:05:06Z
2026-05-30T16:04:09Z,2026-05-30T18:04:09+0200,f5ca70ef-bf28-4256-b93b-6a2c907b2b36,2026-05-18T21:30:00Z,2026-05-18T23:30:00+0200,0.0,MW,FR,FR,forecast_solar_generation,Solar,2026-05-30T16:05:06Z
2026-05-30T16:04:09Z,2026-05-30T18:04:09+0200,f5ca70ef-bf28-4256-b93b-6a2c907b2b36,2026-05-18T21:45:00Z,2026-05-18T23:45:00+0200,0.0,MW,FR,FR,forecast_solar_generation,Solar,2026-05-30T16:05:06Z
2026-05-30T16:04:09Z,2026-05-30T18:04:09+0200,f5ca70ef-bf28-4256-b93b-6a2c907b2b36,2026-05-18T22:00:00Z,2026-05-19T00:00:00+0200,0.0,MW,FR,FR,forecast_solar_generation,Solar,2026-05-30T16:05:06Z
2026-05-30T16:04:09Z,2026-05-30T18:04:09+0200,f5ca70ef-bf28-4256-b93b-6a2c907b2b36,2026-05-18T22:15:00Z,2026-05-19T00:15:00+0200,0.0,MW,FR,FR,forecast_solar_generation,Solar,2026-05-30T16:05:06Z
2026-05-30T16:04:09Z,2026-05-30T18:04:09+0200,f5ca70ef-bf28-4256-b93b-6a2c907b2b36,2026-05-18T22:30:00Z,2026-05-19T00:30:00+0200,0.0,MW,FR,FR,forecast_solar_generation,Solar,2026-05-30T16:05:06Z
2026-05-30T16:04:09Z,2026-05-30T18:04:09+0200,f5ca70ef-bf28-4256-b93b-6a2c907b2b36,2026-05-18T22:45:00Z,2026-05-19T00:45:00+0200,0.0,MW,FR,FR,forecast_solar_generation,Solar,2026-05-30T16:05:06Z
2026-05-30T16:04:09Z,2026-05-30T18:04:09+0200,f5ca70ef-bf28-4256-b93b-6a2c907b2b36,2026-05-18T23:00:00Z,2026-05-19T01:00:00+0200,0.0,MW,FR,FR,forecast_solar_generation,Solar,2026-05-30T16:05:06Z
2026-05-30T16:04:09Z,2026-05-30T18:04:09+0200,f5ca70ef-bf28-4256-b93b-6a2c907b2b36,2026-05-18T23:15:00Z,2026-05-19T01:15:00+0200,0.0,MW,FR,FR,forecast_solar_generation,Solar,2026-05-30T16:05:06Z
2026-05-30T16:04:09Z,2026-05-30T18:04:09+0200,f5ca70ef-bf28-4256-b93b-6a2c907b2b36,2026-05-18T23:30:00Z,2026-05-19T01:30:00+0200,0.0,MW,FR,FR,forecast_solar_generation,Solar,2026-05-30T16:05:06Z
2026-05-30T16:04:09Z,2026-05-30T18:04:09+0200,f5ca70ef-bf28-4256-b93b-6a2c907b2b36,2026-05-18T23:45:00Z,2026-05-19T01:45:00+0200,0.0,MW,FR,FR,forecast_solar_generation,Solar,2026-05-30T16:05:06Z
2026-05-30T16:04:09Z,2026-05-30T18:04:09+0200,f5ca70ef-bf28-4256-b93b-6a2c907b2b36,2026-05-19T00:00:00Z,2026-05-19T02:00:00+0200,0.0,MW,FR,FR,forecast_solar_generation,Solar,2026-05-30T16:05:06Z
2026-05-30T16:04:09Z,2026-05-30T18:04:09+0200,f5ca70ef-bf28-4256-b93b-6a2c907b2b36,2026-05-19T00:15:00Z,2026-05-19T02:15:00+0200,0.0,MW,FR,FR,forecast_solar_generation,Solar,2026-05-30T16:05:06Z
2026-05-30T16:04:09Z,2026-05-30T18:04:09+0200,f5ca70ef-bf28-4256-b93b-6a2c907b2b36,2026-05-19T00:30:00Z,2026-05-19T02:30:00+0200,0.0,MW,FR,FR,forecast_solar_generation,Solar,2026-05-30T16:05:06Z
2026-05-30T16:04:09Z,2026-05-30T18:04:09+0200,f5ca70ef-bf28-4256-b93b-6a2c907b2b36,2026-05-19T00:45:00Z,2026-05-19T02:45:00+0200,0.0,MW,FR,FR,forecast_solar_generation,Solar,2026-05-30T16:05:06Z
2026-05-30T16:04:09Z,2026-05-30T18:04:09+0200,f5ca70ef-bf28-4256-b93b-6a2c907b2b36,2026-05-19T01:00:00Z,2026-05-19T03:00:00+0200,0.0,MW,FR,FR,forecast_solar_generation,Solar,2026-05-30T16:05:06Z
2026-05-30T16:04:09Z,2026-05-30T18:04:09+0200,f5ca70ef-bf28-4256-b93b-6a2c907b2b36,2026-05-19T01:15:00Z,2026-05-19T03:15:00+0200,0.0,MW,FR,FR,forecast_solar_generation,Solar,2026-05-30T16:05:06Z
2026-05-30T16:04:09Z,2026-05-30T18:04:09+0200,f5ca70ef-bf28-4256-b93b-6a2c907b2b36,2026-05-19T01:30:00Z,2026-05-19T03:30:00+0200,0.0,MW,FR,FR,forecast_solar_generation,Solar,2026-05-30T16:05:06Z
2026-05-30T16:04:09Z,2026-05-30T18:04:09+0200,f5ca70ef-bf28-4256-b93b-6a2c907b2b36,2026-05-19T01:45:00Z,2026-05-19T03:45:00+0200,0.0,MW,FR,FR,forecast_solar_generation,Solar,2026-05-30T16:05:06Z
2026-05-30T16:04:09Z,2026-05-30T18:04:09+0200,f5ca70ef-bf28-4256-b93b-6a2c907b2b36,2026-05-19T02:00:00Z,2026-05-19T04:00:00+0200,0.0,MW,FR,FR,forecast_solar_generation,Solar,2026-05-30T16:05:06Z
2026-05-30T16:04:09Z,2026-05-30T18:04:09+0200,f5ca70ef-bf28-4256-b93b-6a2c907b2b36,2026-05-19T02:15:00Z,2026-05-19T04:15:00+0200,0.0,MW,FR,FR,forecast_solar_generation,Solar,2026-05-30T16:05:06Z
2026-05-30T16:04:09Z,2026-05-30T18:04:09+0200,f5ca70ef-bf28-4256-b93b-6a2c907b2b36,2026-05-19T02:30:00Z,2026-05-19T04:30:00+0200,0.0,MW,FR,FR,forecast_solar_generation,Solar,2026-05-30T16:05:06Z
2026-05-30T16:04:09Z,2026-05-30T18:04:09+0200,f5ca70ef-bf28-4256-b93b-6a2c907b2b36,2026-05-19T02:45:00Z,2026-05-19T04:45:00+0200,0.0,MW,FR,FR,forecast_solar_generation,Solar,2026-05-30T16:05:06Z
2026-05-30T16:04:09Z,2026-05-30T18:04:09+0200,f5ca70ef-bf28-4256-b93b-6a2c907b2b36,2026-05-19T03:00:00Z,2026-05-19T05:00:00+0200,0.0,MW,FR,FR,forecast_solar_generation,Solar,2026-05-30T16:05:06Z
2026-05-30T16:04:09Z,2026-05-30T18:04:09+0200,f5ca70ef-bf28-4256-b93b-6a2c907b2b36,2026-05-19T03:15:00Z,2026-05-19T05:15:00+0200,0.0,MW,FR,FR,forecast_solar_generation,Solar,2026-05-30T16:05:06Z
2026-05-30T16:04:09Z,2026-05-30T18:04:09+0200,f5ca70ef-bf28-4256-b93b-6a2c907b2b36,2026-05-19T03:30:00Z,2026-05-19T05:30:00+0200,0.0,MW,FR,FR,forecast_solar_generation,Solar,2026-05-30T16:05:06Z
2026-05-30T16:04:09Z,2026-05-30T18:04:09+0200,f5ca70ef-bf28-4256-b93b-6a2c907b2b36,2026-05-19T03:45:00Z,2026-05-19T05:45:00+0200,0.0,MW,FR,FR,forecast_solar_generation,Solar,2026-05-30T16:05:06Z
2026-05-30T16:04:09Z,2026-05-30T18:04:09+0200,f5ca70ef-bf28-4256-b93b-6a2c907b2b36,2026-05-19T04:00:00Z,2026-05-19T06:00:00+0200,0.0,MW,FR,FR,forecast_solar_generation,Solar,2026-05-30T16:05:06Z
2026-05-30T16:04:09Z,2026-05-30T18:04:09+0200,f5ca70ef-bf28-4256-b93b-6a2c907b2b36,2026-05-19T04:15:00Z,2026-05-19T06:15:00+0200,51.82992,MW,FR,FR,forecast_solar_generation,Solar,2026-05-30T16:05:06Z
2026-05-30T16:04:09Z,2026-05-30T18:04:09+0200,f5ca70ef-bf28-4256-b93b-6a2c907b2b36,2026-05-19T04:30:00Z,2026-05-19T06:30:00+0200,141.92264,MW,FR,FR,forecast_solar_generation,Solar,2026-05-30T16:05:06Z
2026-05-30T16:04:09Z,2026-05-30T18:04:09+0200,f5ca70ef-bf28-4256-b93b-6a2c907b2b36,2026-05-19T04:45:00Z,2026-05-19T06:45:00+0200,305.84744,MW,FR,FR,forecast_solar_generation,Solar,2026-05-30T16:05:06Z
2026-05-30T16:04:09Z,2026-05-30T18:04:09+0200,f5ca70ef-bf28-4256-b93b-6a2c907b2b36,2026-05-19T05:00:00Z,2026-05-19T07:00:00+0200,507.8399,MW,FR,FR,forecast_solar_generation,Solar,2026-05-30T16:05:06Z
2026-05-30T16:04:09Z,2026-05-30T18:04:09+0200,f5ca70ef-bf28-4256-b93b-6a2c907b2b36,2026-05-19T05:15:00Z,2026-05-19T07:15:00+0200,765.99237,MW,FR,FR,forecast_solar_generation,Solar,2026-05-30T16:05:06Z
2026-05-30T16:04:09Z,2026-05-30T18:04:09+0200,f5ca70ef-bf28-4256-b93b-6a2c907b2b36,2026-05-19T05:30:00Z,2026-05-19T07:30:00+0200,1100.98865,MW,FR,FR,forecast_solar_generation,Solar,2026-05-30T16:05:06Z
2026-05-30T16:04:09Z,2026-05-30T18:04:09+0200,f5ca70ef-bf28-4256-b93b-6a2c907b2b36,2026-05-19T05:45:00Z,2026-05-19T07:45:00+0200,1509.29761,MW,FR,FR,forecast_solar_generation,Solar,2026-05-30T16:05:06Z
2026-05-30T16:04:09Z,2026-05-30T18:04:09+0200,f5ca70ef-bf28-4256-b93b-6a2c907b2b36,2026-05-19T06:00:00Z,2026-05-19T08:00:00+0200,1950.57898,MW,FR,FR,forecast_solar_generation,Solar,2026-05-30T16:05:06Z
2026-05-30T16:04:09Z,2026-05-30T18:04:09+0200,f5ca70ef-bf28-4256-b93b-6a2c907b2b36,2026-05-19T06:15:00Z,2026-05-19T08:15:00+0200,2515.8916,MW,FR,FR,forecast_solar_generation,Solar,2026-05-30T16:05:06Z
2026-05-30T16:04:09Z,2026-05-30T18:04:09+0200,f5ca70ef-bf28-4256-b93b-6a2c907b2b36,2026-05-19T06:30:00Z,2026-05-19T08:30:00+0200,3029.78662,MW,FR,FR,forecast_solar_generation,Solar,2026-05-30T16:05:06Z
2026-05-30T16:04:09Z,2026-05-30T18:04:09+0200,f5ca70ef-bf28-4256-b93b-6a2c907b2b36,2026-05-19T06:45:00Z,2026-05-19T08:45:00+0200,3680.19067,MW,FR,FR,forecast_solar_generation,Solar,2026-05-30T16:05:06Z
2026-05-30T16:04:09Z,2026-05-30T18:04:09+0200,f5ca70ef-bf28-4256-b93b-6a2c907b2b36,2026-05-19T07:00:00Z,2026-05-19T09:00:00+0200,4254.75195,MW,FR,FR,forecast_solar_generation,Solar,2026-05-30T16:05:06Z
2026-05-30T16:04:09Z,2026-05-30T18:04:09+0200,f5ca70ef-bf28-4256-b93b-6a2c907b2b36,2026-05-19T07:15:00Z,2026-05-19T09:15:00+0200,5015.01123,MW,FR,FR,forecast_solar_generation,Solar,2026-05-30T16:05:06Z
2026-05-30T16:04:09Z,2026-05-30T18:04:09+0200,f5ca70ef-bf28-4256-b93b-6a2c907b2b36,2026-05-19T07:30:00Z,2026-05-19T09:30:00+0200,5624.75146,MW,FR,FR,forecast_solar_generation,Solar,2026-05-30T16:05:06Z
2026-05-30T16:04:09Z,2026-05-30T18:04:09+0200,f5ca70ef-bf28-4256-b93b-6a2c907b2b36,2026-05-19T07:45:00Z,2026-05-19T09:45:00+0200,6153.84521,MW,FR,FR,forecast_solar_generation,Solar,2026-05-30T16:05:06Z
2026-05-30T16:04:09Z,2026-05-30T18:04:09+0200,f5ca70ef-bf28-4256-b93b-6a2c907b2b36,2026-05-19T08:00:00Z,2026-05-19T10:00:00+0200,6741.60059,MW,FR,FR,forecast_solar_generation,Solar,2026-05-30T16:05:06Z
2026-05-30T16:04:09Z,2026-05-30T18:04:09+0200,f5ca70ef-bf28-4256-b93b-6a2c907b2b36,2026-05-19T08:15:00Z,2026-05-19T10:15:00+0200,7640.47754,MW,FR,FR,forecast_solar_generation,Solar,2026-05-30T16:05:06Z
2026-05-30T16:04:09Z,2026-05-30T18:04:09+0200,f5ca70ef-bf28-4256-b93b-6a2c907b2b36,2026-05-19T08:30:00Z,2026-05-19T10:30:00+0200,8262.29688,MW,FR,FR,forecast_solar_generation,Solar,2026-05-30T16:05:06Z
2026-05-30T16:04:09Z,2026-05-30T18:04:09+0200,f5ca70ef-bf28-4256-b93b-6a2c907b2b36,2026-05-19T08:45:00Z,2026-05-19T10:45:00+0200,8927.33984,MW,FR,FR,forecast_solar_generation,Solar,2026-05-30T16:05:06Z
2026-05-30T16:04:09Z,2026-05-30T18:04:09+0200,f5ca70ef-bf28-4256-b93b-6a2c907b2b36,2026-05-19T09:00:00Z,2026-05-19T11:00:00+0200,9617.4082,MW,FR,FR,forecast_solar_generation,Solar,2026-05-30T16:05:06Z
2026-05-30T16:04:09Z,2026-05-30T18:04:09+0200,f5ca70ef-bf28-4256-b93b-6a2c907b2b36,2026-05-19T09:15:00Z,2026-05-19T11:15:00+0200,10508.21289,MW,FR,FR,forecast_solar_generation,Solar,2026-05-30T16:05:06Z
2026-05-30T16:04:09Z,2026-05-30T18:04:09+0200,f5ca70ef-bf28-4256-b93b-6a2c907b2b36,2026-05-19T09:30:00Z,2026-05-19T11:30:00+0200,11286.13281,MW,FR,FR,forecast_solar_generation,Solar,2026-05-30T16:05:06Z
2026-05-30T16:04:09Z,2026-05-30T18:04:09+0200,f5ca70ef-bf28-4256-b93b-6a2c907b2b36,2026-05-19T09:45:00Z,2026-05-19T11:45:00+0200,11763.71582,MW,FR,FR,forecast_solar_generation,Solar,2026-05-30T16:05:06Z
2026-05-30T16:04:09Z,2026-05-30T18:04:09+0200,f5ca70ef-bf28-4256-b93b-6a2c907b2b36,2026-05-19T10:00:00Z,2026-05-19T12:00:00+0200,12359.11523,MW,FR,FR,forecast_solar_generation,Solar,2026-05-30T16:05:06Z
2026-05-30T16:04:09Z,2026-05-30T18:04:09+0200,f5ca70ef-bf28-4256-b93b-6a2c907b2b36,2026-05-19T10:15:00Z,2026-05-19T12:15:00+0200,12939.55078,MW,FR,FR,forecast_solar_generation,Solar,2026-05-30T16:05:06Z
2026-05-30T16:04:09Z,2026-05-30T18:04:09+0200,f5ca70ef-bf28-4256-b93b-6a2c907b2b36,2026-05-19T10:30:00Z,2026-05-19T12:30:00+0200,13535.06738,MW,FR,FR,forecast_solar_generation,Solar,2026-05-30T16:05:06Z
2026-05-30T16:04:09Z,2026-05-30T18:04:09+0200,f5ca70ef-bf28-4256-b93b-6a2c907b2b36,2026-05-19T10:45:00Z,2026-05-19T12:45:00+0200,13950.00391,MW,FR,FR,forecast_solar_generation,Solar,2026-05-30T16:05:06Z
2026-05-30T16:04:09Z,2026-05-30T18:04:09+0200,f5ca70ef-bf28-4256-b93b-6a2c907b2b36,2026-05-19T11:00:00Z,2026-05-19T13:00:00+0200,14366.18457,MW,FR,FR,forecast_solar_generation,Solar,2026-05-30T16:05:06Z
2026-05-30T16:04:09Z,2026-05-30T18:04:09+0200,f5ca70ef-bf28-4256-b93b-6a2c907b2b36,2026-05-19T11:15:00Z,2026-05-19T13:15:00+0200,14811.67285,MW,FR,FR,forecast_solar_generation,Solar,2026-05-30T16:05:06Z
2026-05-30T16:04:09Z,2026-05-30T18:04:09+0200,f5ca70ef-bf28-4256-b93b-6a2c907b2b36,2026-05-19T11:30:00Z,2026-05-19T13:30:00+0200,15205.67773,MW,FR,FR,forecast_solar_generation,Solar,2026-05-30T16:05:06Z
2026-05-30T16:04:09Z,2026-05-30T18:04:09+0200,f5ca70ef-bf28-4256-b93b-6a2c907b2b36,2026-05-19T11:45:00Z,2026-05-19T13:45:00+0200,15302.7207,MW,FR,FR,forecast_solar_generation,Solar,2026-05-30T16:05:06Z
2026-05-30T16:04:09Z,2026-05-30T18:04:09+0200,f5ca70ef-bf28-4256-b93b-6a2c907b2b36,2026-05-19T12:00:00Z,2026-05-19T14:00:00+0200,15346.60938,MW,FR,FR,forecast_solar_generation,Solar,2026-05-30T16:05:06Z
2026-05-30T16:04:09Z,2026-05-30T18:04:09+0200,f5ca70ef-bf28-4256-b93b-6a2c907b2b36,2026-05-19T12:15:00Z,2026-05-19T14:15:00+0200,15486.03516,MW,FR,FR,forecast_solar_generation,Solar,2026-05-30T16:05:06Z
2026-05-30T16:04:09Z,2026-05-30T18:04:09+0200,f5ca70ef-bf28-4256-b93b-6a2c907b2b36,2026-05-19T12:30:00Z,2026-05-19T14:30:00+0200,15579.76562,MW,FR,FR,forecast_solar_generation,Solar,2026-05-30T16:05:06Z
2026-05-30T16:04:09Z,2026-05-30T18:04:09+0200,f5ca70ef-bf28-4256-b93b-6a2c907b2b36,2026-05-19T12:45:00Z,2026-05-19T14:45:00+0200,15442.50977,MW,FR,FR,forecast_solar_generation,Solar,2026-05-30T16:05:06Z
2026-05-30T16:04:09Z,2026-05-30T18:04:09+0200,f5ca70ef-bf28-4256-b93b-6a2c907b2b36,2026-05-19T13:00:00Z,2026-05-19T15:00:00+0200,15177.12598,MW,FR,FR,forecast_solar_generation,Solar,2026-05-30T16:05:06Z
2026-05-30T16:04:09Z,2026-05-30T18:04:09+0200,f5ca70ef-bf28-4256-b93b-6a2c907b2b36,2026-05-19T13:15:00Z,2026-05-19T15:15:00+0200,14969.79199,MW,FR,FR,forecast_solar_generation,Solar,2026-05-30T16:05:06Z
2026-05-30T16:04:09Z,2026-05-30T18:04:09+0200,f5ca70ef-bf28-4256-b93b-6a2c907b2b36,2026-05-19T13:30:00Z,2026-05-19T15:30:00+0200,14678.03516,MW,FR,FR,forecast_solar_generation,Solar,2026-05-30T16:05:06Z
2026-05-30T16:04:09Z,2026-05-30T18:04:09+0200,f5ca70ef-bf28-4256-b93b-6a2c907b2b36,2026-05-19T13:45:00Z,2026-05-19T15:45:00+0200,14327.01758,MW,FR,FR,forecast_solar_generation,Solar,2026-05-30T16:05:06Z
2026-05-30T16:04:09Z,2026-05-30T18:04:09+0200,f5ca70ef-bf28-4256-b93b-6a2c907b2b36,2026-05-19T14:00:00Z,2026-05-19T16:00:00+0200,13892.25391,MW,FR,FR,forecast_solar_generation,Solar,2026-05-30T16:05:06Z
2026-05-30T16:04:09Z,2026-05-30T18:04:09+0200,f5ca70ef-bf28-4256-b93b-6a2c907b2b36,2026-05-19T14:15:00Z,2026-05-19T16:15:00+0200,13524.88965,MW,FR,FR,forecast_solar_generation,Solar,2026-05-30T16:05:06Z
2026-05-30T16:04:09Z,2026-05-30T18:04:09+0200,f5ca70ef-bf28-4256-b93b-6a2c907b2b36,2026-05-19T14:30:00Z,2026-05-19T16:30:00+0200,13138.95996,MW,FR,FR,forecast_solar_generation,Solar,2026-05-30T16:05:06Z
2026-05-30T16:04:09Z,2026-05-30T18:04:09+0200,f5ca70ef-bf28-4256-b93b-6a2c907b2b36,2026-05-19T14:45:00Z,2026-05-19T16:45:00+0200,12591.80176,MW,FR,FR,forecast_solar_generation,Solar,2026-05-30T16:05:06Z
2026-05-30T16:04:09Z,2026-05-30T18:04:09+0200,f5ca70ef-bf28-4256-b93b-6a2c907b2b36,2026-05-19T15:00:00Z,2026-05-19T17:00:00+0200,12027.11523,MW,FR,FR,forecast_solar_generation,Solar,2026-05-30T16:05:06Z
2026-05-30T16:04:09Z,2026-05-30T18:04:09+0200,f5ca70ef-bf28-4256-b93b-6a2c907b2b36,2026-05-19T15:15:00Z,2026-05-19T17:15:00+0200,11405.17676,MW,FR,FR,forecast_solar_generation,Solar,2026-05-30T16:05:06Z
2026-05-30T16:04:09Z,2026-05-30T18:04:09+0200,f5ca70ef-bf28-4256-b93b-6a2c907b2b36,2026-05-19T15:30:00Z,2026-05-19T17:30:00+0200,10857.02637,MW,FR,FR,forecast_solar_generation,Solar,2026-05-30T16:05:06Z
2026-05-30T16:04:09Z,2026-05-30T18:04:09+0200,f5ca70ef-bf28-4256-b93b-6a2c907b2b36,2026-05-19T15:45:00Z,2026-05-19T17:45:00+0200,10127.18262,MW,FR,FR,forecast_solar_generation,Solar,2026-05-30T16:05:06Z
2026-05-30T16:04:09Z,2026-05-30T18:04:09+0200,f5ca70ef-bf28-4256-b93b-6a2c907b2b36,2026-05-19T16:00:00Z,2026-05-19T18:00:00+0200,9349.80762,MW,FR,FR,forecast_solar_generation,Solar,2026-05-30T16:05:06Z
2026-05-30T16:04:09Z,2026-05-30T18:04:09+0200,f5ca70ef-bf28-4256-b93b-6a2c907b2b36,2026-05-19T16:15:00Z,2026-05-19T18:15:00+0200,8452.5918,MW,FR,FR,forecast_solar_generation,Solar,2026-05-30T16:05:06Z
2026-05-30T16:04:09Z,2026-05-30T18:04:09+0200,f5ca70ef-bf28-4256-b93b-6a2c907b2b36,2026-05-19T16:30:00Z,2026-05-19T18:30:00+0200,7624.18066,MW,FR,FR,forecast_solar_generation,Solar,2026-05-30T16:05:06Z
2026-05-30T16:04:09Z,2026-05-30T18:04:09+0200,f5ca70ef-bf28-4256-b93b-6a2c907b2b36,2026-05-19T16:45:00Z,2026-05-19T18:45:00+0200,6812.21045,MW,FR,FR,forecast_solar_generation,Solar,2026-05-30T16:05:06Z
2026-05-30T16:04:09Z,2026-05-30T18:04:09+0200,f5ca70ef-bf28-4256-b93b-6a2c907b2b36,2026-05-19T17:00:00Z,2026-05-19T19:00:00+0200,5792.09082,MW,FR,FR,forecast_solar_generation,Solar,2026-05-30T16:05:06Z
2026-05-30T16:04:09Z,2026-05-30T18:04:09+0200,f5ca70ef-bf28-4256-b93b-6a2c907b2b36,2026-05-19T17:15:00Z,2026-05-19T19:15:00+0200,4998.70996,MW,FR,FR,forecast_solar_generation,Solar,2026-05-30T16:05:06Z
2026-05-30T16:04:09Z,2026-05-30T18:04:09+0200,f5ca70ef-bf28-4256-b93b-6a2c907b2b36,2026-05-19T17:30:00Z,2026-05-19T19:30:00+0200,4010.36279,MW,FR,FR,forecast_solar_generation,Solar,2026-05-30T16:05:06Z
2026-05-30T16:04:09Z,2026-05-30T18:04:09+0200,f5ca70ef-bf28-4256-b93b-6a2c907b2b36,2026-05-19T17:45:00Z,2026-05-19T19:45:00+0200,3279.58569,MW,FR,FR,forecast_solar_generation,Solar,2026-05-30T16:05:06Z
2026-05-30T16:04:09Z,2026-05-30T18:04:09+0200,f5ca70ef-bf28-4256-b93b-6a2c907b2b36,2026-05-19T18:00:00Z,2026-05-19T20:00:00+0200,2464.59302,MW,FR,FR,forecast_solar_generation,Solar,2026-05-30T16:05:06Z
2026-05-30T16:04:09Z,2026-05-30T18:04:09+0200,f5ca70ef-bf28-4256-b93b-6a2c907b2b36,2026-05-19T18:15:00Z,2026-05-19T20:15:00+0200,1792.49158,MW,FR,FR,forecast_solar_generation,Solar,2026-05-30T16:05:06Z
2026-05-30T16:04:09Z,2026-05-30T18:04:09+0200,f5ca70ef-bf28-4256-b93b-6a2c907b2b36,2026-05-19T18:30:00Z,2026-05-19T20:30:00+0200,1200.31775,MW,FR,FR,forecast_solar_generation,Solar,2026-05-30T16:05:06Z
2026-05-30T16:04:09Z,2026-05-30T18:04:09+0200,f5ca70ef-bf28-4256-b93b-6a2c907b2b36,2026-05-19T18:45:00Z,2026-05-19T20:45:00+0200,833.36212,MW,FR,FR,forecast_solar_generation,Solar,2026-05-30T16:05:06Z
2026-05-30T16:04:09Z,2026-05-30T18:04:09+0200,f5ca70ef-bf28-4256-b93b-6a2c907b2b36,2026-05-19T19:00:00Z,2026-05-19T21:00:00+0200,524.09277,MW,FR,FR,forecast_solar_generation,Solar,2026-05-30T16:05:06Z
2026-05-30T16:04:09Z,2026-05-30T18:04:09+0200,f5ca70ef-bf28-4256-b93b-6a2c907b2b36,2026-05-19T19:15:00Z,2026-05-19T21:15:00+0200,246.3278,MW,FR,FR,forecast_solar_generation,Solar,2026-05-30T16:05:06Z
2026-05-30T16:04:09Z,2026-05-30T18:04:09+0200,f5ca70ef-bf28-4256-b93b-6a2c907b2b36,2026-05-19T19:30:00Z,2026-05-19T21:30:00+0200,55.57552,MW,FR,FR,forecast_solar_generation,Solar,2026-05-30T16:05:06Z
2026-05-30T16:04:09Z,2026-05-30T18:04:09+0200,f5ca70ef-bf28-4256-b93b-6a2c907b2b36,2026-05-19T19:45:00Z,2026-05-19T21:45:00+0200,5.20593,MW,FR,FR,forecast_solar_generation,Solar,2026-05-30T16:05:06Z
2026-05-30T16:04:09Z,2026-05-30T18:04:09+0200,f5ca70ef-bf28-4256-b93b-6a2c907b2b36,2026-05-19T20:00:00Z,2026-05-19T22:00:00+0200,0.0,MW,FR,FR,forecast_solar_generation,Solar,2026-05-30T16:05:06Z
2026-05-30T16:04:09Z,2026-05-30T18:04:09+0200,f5ca70ef-bf28-4256-b93b-6a2c907b2b36,2026-05-19T20:15:00Z,2026-05-19T22:15:00+0200,0.0,MW,FR,FR,forecast_solar_generation,Solar,2026-05-30T16:05:06Z
2026-05-30T16:04:09Z,2026-05-30T18:04:09+0200,f5ca70ef-bf28-4256-b93b-6a2c907b2b36,2026-05-19T20:30:00Z,2026-05-19T22:30:00+0200,0.0,MW,FR,FR,forecast_solar_generation,Solar,2026-05-30T16:05:06Z
2026-05-30T16:04:09Z,2026-05-30T18:04:09+0200,f5ca70ef-bf28-4256-b93b-6a2c907b2b36,2026-05-19T20:45:00Z,2026-05-19T22:45:00+0200,0.0,MW,FR,FR,forecast_solar_generation,Solar,2026-05-30T16:05:06Z
2026-05-30T16:04:09Z,2026-05-30T18:04:09+0200,f5ca70ef-bf28-4256-b93b-6a2c907b2b36,2026-05-19T21:00:00Z,2026-05-19T23:00:00+0200,0.0,MW,FR,FR,forecast_solar_generation,Solar,2026-05-30T16:05:06Z
2026-05-30T16:04:09Z,2026-05-30T18:04:09+0200,f5ca70ef-bf28-4256-b93b-6a2c907b2b36,2026-05-19T21:15:00Z,2026-05-19T23:15:00+0200,0.0,MW,FR,FR,forecast_solar_generation,Solar,2026-05-30T16:05:06Z
2026-05-30T16:04:09Z,2026-05-30T18:04:09+0200,f5ca70ef-bf28-4256-b93b-6a2c907b2b36,2026-05-19T21:30:00Z,2026-05-19T23:30:00+0200,0.0,MW,FR,FR,forecast_solar_generation,Solar,2026-05-30T16:05:06Z
2026-05-30T16:04:09Z,2026-05-30T18:04:09+0200,f5ca70ef-bf28-4256-b93b-6a2c907b2b36,2026-05-19T21:45:00Z,2026-05-19T23:45:00+0200,0.0,MW,FR,FR,forecast_solar_generation,Solar,2026-05-30T16:05:06Z
2026-05-30T16:04:09Z,2026-05-30T18:04:09+0200,f5ca70ef-bf28-4256-b93b-6a2c907b2b36,2026-05-19T22:00:00Z,2026-05-20T00:00:00+0200,0.0,MW,FR,FR,forecast_solar_generation,Solar,2026-05-30T16:05:06Z
2026-05-30T16:04:09Z,2026-05-30T18:04:09+0200,f5ca70ef-bf28-4256-b93b-6a2c907b2b36,2026-05-19T22:15:00Z,2026-05-20T00:15:00+0200,0.0,MW,FR,FR,forecast_solar_generation,Solar,2026-05-30T16:05:06Z
2026-05-30T16:04:09Z,2026-05-30T18:04:09+0200,f5ca70ef-bf28-4256-b93b-6a2c907b2b36,2026-05-19T22:30:00Z,2026-05-20T00:30:00+0200,0.0,MW,FR,FR,forecast_solar_generation,Solar,2026-05-30T16:05:06Z
2026-05-30T16:04:09Z,2026-05-30T18:04:09+0200,f5ca70ef-bf28-4256-b93b-6a2c907b2b36,2026-05-19T22:45:00Z,2026-05-20T00:45:00+0200,0.0,MW,FR,FR,forecast_solar_generation,Solar,2026-05-30T16:05:06Z
2026-05-30T16:04:09Z,2026-05-30T18:04:09+0200,f5ca70ef-bf28-4256-b93b-6a2c907b2b36,2026-05-19T23:00:00Z,2026-05-20T01:00:00+0200,0.0,MW,FR,FR,forecast_solar_generation,Solar,2026-05-30T16:05:06Z
2026-05-30T16:04:09Z,2026-05-30T18:04:09+0200,f5ca70ef-bf28-4256-b93b-6a2c907b2b36,2026-05-19T23:15:00Z,2026-05-20T01:15:00+0200,0.0,MW,FR,FR,forecast_solar_generation,Solar,2026-05-30T16:05:06Z
2026-05-30T16:04:09Z,2026-05-30T18:04:09+0200,f5ca70ef-bf28-4256-b93b-6a2c907b2b36,2026-05-19T23:30:00Z,2026-05-20T01:30:00+0200,0.0,MW,FR,FR,forecast_solar_generation,Solar,2026-05-30T16:05:06Z
2026-05-30T16:04:09Z,2026-05-30T18:04:09+0200,f5ca70ef-bf28-4256-b93b-6a2c907b2b36,2026-05-19T23:45:00Z,2026-05-20T01:45:00+0200,0.0,MW,FR,FR,forecast_solar_generation,Solar,2026-05-30T16:05:06Z
2026-05-30T16:04:09Z,2026-05-30T18:04:09+0200,f5ca70ef-bf28-4256-b93b-6a2c907b2b36,2026-05-20T00:00:00Z,2026-05-20T02:00:00+0200,0.0,MW,FR,FR,forecast_solar_generation,Solar,2026-05-30T16:05:06Z
2026-05-30T16:04:09Z,2026-05-30T18:04:09+0200,f5ca70ef-bf28-4256-b93b-6a2c907b2b36,2026-05-20T00:15:00Z,2026-05-20T02:15:00+0200,0.0,MW,FR,FR,forecast_solar_generation,Solar,2026-05-30T16:05:06Z
2026-05-30T16:04:09Z,2026-05-30T18:04:09+0200,f5ca70ef-bf28-4256-b93b-6a2c907b2b36,2026-05-20T00:30:00Z,2026-05-20T02:30:00+0200,0.0,MW,FR,FR,forecast_solar_generation,Solar,2026-05-30T16:05:06Z
2026-05-30T16:04:09Z,2026-05-30T18:04:09+0200,f5ca70ef-bf28-4256-b93b-6a2c907b2b36,2026-05-20T00:45:00Z,2026-05-20T02:45:00+0200,0.0,MW,FR,FR,forecast_solar_generation,Solar,2026-05-30T16:05:06Z
2026-05-30T16:04:09Z,2026-05-30T18:04:09+0200,f5ca70ef-bf28-4256-b93b-6a2c907b2b36,2026-05-20T01:00:00Z,2026-05-20T03:00:00+0200,0.0,MW,FR,FR,forecast_solar_generation,Solar,2026-05-30T16:05:06Z
2026-05-30T16:04:09Z,2026-05-30T18:04:09+0200,f5ca70ef-bf28-4256-b93b-6a2c907b2b36,2026-05-20T01:15:00Z,2026-05-20T03:15:00+0200,0.0,MW,FR,FR,forecast_solar_generation,Solar,2026-05-30T16:05:06Z
2026-05-30T16:04:09Z,2026-05-30T18:04:09+0200,f5ca70ef-bf28-4256-b93b-6a2c907b2b36,2026-05-20T01:30:00Z,2026-05-20T03:30:00+0200,0.0,MW,FR,FR,forecast_solar_generation,Solar,2026-05-30T16:05:06Z
2026-05-30T16:04:09Z,2026-05-30T18:04:09+0200,f5ca70ef-bf28-4256-b93b-6a2c907b2b36,2026-05-20T01:45:00Z,2026-05-20T03:45:00+0200,0.0,MW,FR,FR,forecast_solar_generation,Solar,2026-05-30T16:05:06Z
2026-05-30T16:04:09Z,2026-05-30T18:04:09+0200,f5ca70ef-bf28-4256-b93b-6a2c907b2b36,2026-05-20T02:00:00Z,2026-05-20T04:00:00+0200,0.0,MW,FR,FR,forecast_solar_generation,Solar,2026-05-30T16:05:06Z
2026-05-30T16:04:09Z,2026-05-30T18:04:09+0200,f5ca70ef-bf28-4256-b93b-6a2c907b2b36,2026-05-20T02:15:00Z,2026-05-20T04:15:00+0200,0.0,MW,FR,FR,forecast_solar_generation,Solar,2026-05-30T16:05:06Z
2026-05-30T16:04:09Z,2026-05-30T18:04:09+0200,f5ca70ef-bf28-4256-b93b-6a2c907b2b36,2026-05-20T02:30:00Z,2026-05-20T04:30:00+0200,0.0,MW,FR,FR,forecast_solar_generation,Solar,2026-05-30T16:05:06Z
2026-05-30T16:04:09Z,2026-05-30T18:04:09+0200,f5ca70ef-bf28-4256-b93b-6a2c907b2b36,2026-05-20T02:45:00Z,2026-05-20T04:45:00+0200,0.0,MW,FR,FR,forecast_solar_generation,Solar,2026-05-30T16:05:06Z
2026-05-30T16:04:09Z,2026-05-30T18:04:09+0200,f5ca70ef-bf28-4256-b93b-6a2c907b2b36,2026-05-20T03:00:00Z,2026-05-20T05:00:00+0200,0.0,MW,FR,FR,forecast_solar_generation,Solar,2026-05-30T16:05:06Z
2026-05-30T16:04:09Z,2026-05-30T18:04:09+0200,f5ca70ef-bf28-4256-b93b-6a2c907b2b36,2026-05-20T03:15:00Z,2026-05-20T05:15:00+0200,0.0,MW,FR,FR,forecast_solar_generation,Solar,2026-05-30T16:05:06Z
2026-05-30T16:04:09Z,2026-05-30T18:04:09+0200,f5ca70ef-bf28-4256-b93b-6a2c907b2b36,2026-05-20T03:30:00Z,2026-05-20T05:30:00+0200,0.0,MW,FR,FR,forecast_solar_generation,Solar,2026-05-30T16:05:06Z
2026-05-30T16:04:09Z,2026-05-30T18:04:09+0200,f5ca70ef-bf28-4256-b93b-6a2c907b2b36,2026-05-20T03:45:00Z,2026-05-20T05:45:00+0200,0.0,MW,FR,FR,forecast_solar_generation,Solar,2026-05-30T16:05:06Z
2026-05-30T16:04:09Z,2026-05-30T18:04:09+0200,f5ca70ef-bf28-4256-b93b-6a2c907b2b36,2026-05-20T04:00:00Z,2026-05-20T06:00:00+0200,0.0,MW,FR,FR,forecast_solar_generation,Solar,2026-05-30T16:05:06Z
2026-05-30T16:04:09Z,2026-05-30T18:04:09+0200,f5ca70ef-bf28-4256-b93b-6a2c907b2b36,2026-05-20T04:15:00Z,2026-05-20T06:15:00+0200,52.8751,MW,FR,FR,forecast_solar_generation,Solar,2026-05-30T16:05:06Z
2026-05-30T16:04:09Z,2026-05-30T18:04:09+0200,f5ca70ef-bf28-4256-b93b-6a2c907b2b36,2026-05-20T04:30:00Z,2026-05-20T06:30:00+0200,148.53557,MW,FR,FR,forecast_solar_generation,Solar,2026-05-30T16:05:06Z
2026-05-30T16:04:09Z,2026-05-30T18:04:09+0200,f5ca70ef-bf28-4256-b93b-6a2c907b2b36,2026-05-20T04:45:00Z,2026-05-20T06:45:00+0200,358.25323,MW,FR,FR,forecast_solar_generation,Solar,2026-05-30T16:05:06Z
2026-05-30T16:04:09Z,2026-05-30T18:04:09+0200,f5ca70ef-bf28-4256-b93b-6a2c907b2b36,2026-05-20T05:00:00Z,2026-05-20T07:00:00+0200,650.4469,MW,FR,FR,forecast_solar_generation,Solar,2026-05-30T16:05:06Z
2026-05-30T16:04:09Z,2026-05-30T18:04:09+0200,f5ca70ef-bf28-4256-b93b-6a2c907b2b36,2026-05-20T05:15:00Z,2026-05-20T07:15:00+0200,1005.97028,MW,FR,FR,forecast_solar_generation,Solar,2026-05-30T16:05:06Z
2026-05-30T16:04:09Z,2026-05-30T18:04:09+0200,f5ca70ef-bf28-4256-b93b-6a2c907b2b36,2026-05-20T05:30:00Z,2026-05-20T07:30:00+0200,1444.33398,MW,FR,FR,forecast_solar_generation,Solar,2026-05-30T16:05:06Z
2026-05-30T16:04:09Z,2026-05-30T18:04:09+0200,f5ca70ef-bf28-4256-b93b-6a2c907b2b36,2026-05-20T05:45:00Z,2026-05-20T07:45:00+0200,2053.76294,MW,FR,FR,forecast_solar_generation,Solar,2026-05-30T16:05:06Z
2026-05-30T16:04:09Z,2026-05-30T18:04:09+0200,f5ca70ef-bf28-4256-b93b-6a2c907b2b36,2026-05-20T06:00:00Z,2026-05-20T08:00:00+0200,2728.29419,MW,FR,FR,forecast_solar_generation,Solar,2026-05-30T16:05:06Z
2026-05-30T16:04:09Z,2026-05-30T18:04:09+0200,f5ca70ef-bf28-4256-b93b-6a2c907b2b36,2026-05-20T06:15:00Z,2026-05-20T08:15:00+0200,3582.20093,MW,FR,FR,forecast_solar_generation,Solar,2026-05-30T16:05:06Z
2026-05-30T16:04:09Z,2026-05-30T18:04:09+0200,f5ca70ef-bf28-4256-b93b-6a2c907b2b36,2026-05-20T06:30:00Z,2026-05-20T08:30:00+0200,4339.83154,MW,FR,FR,forecast_solar_generation,Solar,2026-05-30T16:05:06Z
2026-05-30T16:04:09Z,2026-05-30T18:04:09+0200,f5ca70ef-bf28-4256-b93b-6a2c907b2b36,2026-05-20T06:45:00Z,2026-05-20T08:45:00+0200,5281.26904,MW,FR,FR,forecast_solar_generation,Solar,2026-05-30T16:05:06Z
2026-05-30T16:04:09Z,2026-05-30T18:04:09+0200,f5ca70ef-bf28-4256-b93b-6a2c907b2b36,2026-05-20T07:00:00Z,2026-05-20T09:00:00+0200,6149.86279,MW,FR,FR,forecast_solar_generation,Solar,2026-05-30T16:05:06Z
2026-05-30T16:04:09Z,2026-05-30T18:04:09+0200,f5ca70ef-bf28-4256-b93b-6a2c907b2b36,2026-05-20T07:15:00Z,2026-05-20T09:15:00+0200,7151.02246,MW,FR,FR,forecast_solar_generation,Solar,2026-05-30T16:05:06Z
2026-05-30T16:04:09Z,2026-05-30T18:04:09+0200,f5ca70ef-bf28-4256-b93b-6a2c907b2b36,2026-05-20T07:30:00Z,2026-05-20T09:30:00+0200,8042.74756,MW,FR,FR,forecast_solar_generation,Solar,2026-05-30T16:05:06Z
2026-05-30T16:04:09Z,2026-05-30T18:04:09+0200,f5ca70ef-bf28-4256-b93b-6a2c907b2b36,2026-05-20T07:45:00Z,2026-05-20T09:45:00+0200,8889.85938,MW,FR,FR,forecast_solar_generation,Solar,2026-05-30T16:05:06Z
2026-05-30T16:04:09Z,2026-05-30T18:04:09+0200,f5ca70ef-bf28-4256-b93b-6a2c907b2b36,2026-05-20T08:00:00Z,2026-05-20T10:00:00+0200,9759.85449,MW,FR,FR,forecast_solar_generation,Solar,2026-05-30T16:05:06Z
2026-05-30T16:04:09Z,2026-05-30T18:04:09+0200,f5ca70ef-bf28-4256-b93b-6a2c907b2b36,2026-05-20T08:15:00Z,2026-05-20T10:15:00+0200,10772.38281,MW,FR,FR,forecast_solar_generation,Solar,2026-05-30T16:05:06Z
2026-05-30T16:04:09Z,2026-05-30T18:04:09+0200,f5ca70ef-bf28-4256-b93b-6a2c907b2b36,2026-05-20T08:30:00Z,2026-05-20T10:30:00+0200,11597.57422,MW,FR,FR,forecast_solar_generation,Solar,2026-05-30T16:05:06Z
2026-05-30T16:04:09Z,2026-05-30T18:04:09+0200,f5ca70ef-bf28-4256-b93b-6a2c907b2b36,2026-05-20T08:45:00Z,2026-05-20T10:45:00+0200,12224.84668,MW,FR,FR,forecast_solar_generation,Solar,2026-05-30T16:05:06Z
2026-05-30T16:04:09Z,2026-05-30T18:04:09+0200,f5ca70ef-bf28-4256-b93b-6a2c907b2b36,2026-05-20T09:00:00Z,2026-05-20T11:00:00+0200,12821.1416,MW,FR,FR,forecast_solar_generation,Solar,2026-05-30T16:05:06Z
2026-05-30T16:04:09Z,2026-05-30T18:04:09+0200,f5ca70ef-bf28-4256-b93b-6a2c907b2b36,2026-05-20T09:15:00Z,2026-05-20T11:15:00+0200,13548.625,MW,FR,FR,forecast_solar_generation,Solar,2026-05-30T16:05:06Z
2026-05-30T16:04:09Z,2026-05-30T18:04:09+0200,f5ca70ef-bf28-4256-b93b-6a2c907b2b36,2026-05-20T09:30:00Z,2026-05-20T11:30:00+0200,14140.10938,MW,FR,FR,forecast_solar_generation,Solar,2026-05-30T16:05:06Z
2026-05-30T16:04:09Z,2026-05-30T18:04:09+0200,f5ca70ef-bf28-4256-b93b-6a2c907b2b36,2026-05-20T09:45:00Z,2026-05-20T11:45:00+0200,11494.39062,MW,FR,FR,forecast_solar_generation,Solar,2026-05-30T16:05:06Z
2026-05-30T16:04:09Z,2026-05-30T18:04:09+0200,f5ca70ef-bf28-4256-b93b-6a2c907b2b36,2026-05-20T10:00:00Z,2026-05-20T12:00:00+0200,11872.45898,MW,FR,FR,forecast_solar_generation,Solar,2026-05-30T16:05:06Z
2026-05-30T16:04:09Z,2026-05-30T18:04:09+0200,f5ca70ef-bf28-4256-b93b-6a2c907b2b36,2026-05-20T10:15:00Z,2026-05-20T12:15:00+0200,12205.74219,MW,FR,FR,forecast_solar_generation,Solar,2026-05-30T16:05:06Z
2026-05-30T16:04:09Z,2026-05-30T18:04:09+0200,f5ca70ef-bf28-4256-b93b-6a2c907b2b36,2026-05-20T10:30:00Z,2026-05-20T12:30:00+0200,12550.74512,MW,FR,FR,forecast_solar_generation,Solar,2026-05-30T16:05:06Z
2026-05-30T16:04:09Z,2026-05-30T18:04:09+0200,f5ca70ef-bf28-4256-b93b-6a2c907b2b36,2026-05-20T10:45:00Z,2026-05-20T12:45:00+0200,12799.88867,MW,FR,FR,forecast_solar_generation,Solar,2026-05-30T16:05:06Z
2026-05-30T16:04:09Z,2026-05-30T18:04:09+0200,f5ca70ef-bf28-4256-b93b-6a2c907b2b36,2026-05-20T11:00:00Z,2026-05-20T13:00:00+0200,13025.78809,MW,FR,FR,forecast_solar_generation,Solar,2026-05-30T16:05:06Z
2026-05-30T16:04:09Z,2026-05-30T18:04:09+0200,f5ca70ef-bf28-4256-b93b-6a2c907b2b36,2026-05-20T11:15:00Z,2026-05-20T13:15:00+0200,13223.89453,MW,FR,FR,forecast_solar_generation,Solar,2026-05-30T16:05:06Z
2026-05-30T16:04:09Z,2026-05-30T18:04:09+0200,f5ca70ef-bf28-4256-b93b-6a2c907b2b36,2026-05-20T11:30:00Z,2026-05-20T13:30:00+0200,13458.37793,MW,FR,FR,forecast_solar_generation,Solar,2026-05-30T16:05:06Z
2026-05-30T16:04:09Z,2026-05-30T18:04:09+0200,f5ca70ef-bf28-4256-b93b-6a2c907b2b36,2026-05-20T11:45:00Z,2026-05-20T13:45:00+0200,13521.63184,MW,FR,FR,forecast_solar_generation,Solar,2026-05-30T16:05:06Z
2026-05-30T16:04:09Z,2026-05-30T18:04:09+0200,f5ca70ef-bf28-4256-b93b-6a2c907b2b36,2026-05-20T12:00:00Z,2026-05-20T14:00:00+0200,13531.16895,MW,FR,FR,forecast_solar_generation,Solar,2026-05-30T16:05:06Z
2026-05-30T16:04:09Z,2026-05-30T18:04:09+0200,f5ca70ef-bf28-4256-b93b-6a2c907b2b36,2026-05-20T12:15:00Z,2026-05-20T14:15:00+0200,13520.25098,MW,FR,FR,forecast_solar_generation,Solar,2026-05-30T16:05:06Z
2026-05-30T16:04:09Z,2026-05-30T18:04:09+0200,f5ca70ef-bf28-4256-b93b-6a2c907b2b36,2026-05-20T12:30:00Z,2026-05-20T14:30:00+0200,13470.60645,MW,FR,FR,forecast_solar_generation,Solar,2026-05-30T16:05:06Z
2026-05-30T16:04:09Z,2026-05-30T18:04:09+0200,f5ca70ef-bf28-4256-b93b-6a2c907b2b36,2026-05-20T12:45:00Z,2026-05-20T14:45:00+0200,13301.86719,MW,FR,FR,forecast_solar_generation,Solar,2026-05-30T16:05:06Z
2026-05-30T16:04:09Z,2026-05-30T18:04:09+0200,f5ca70ef-bf28-4256-b93b-6a2c907b2b36,2026-05-20T13:00:00Z,2026-05-20T15:00:00+0200,13069.02051,MW,FR,FR,forecast_solar_generation,Solar,2026-05-30T16:05:06Z
2026-05-30T16:04:09Z,2026-05-30T18:04:09+0200,f5ca70ef-bf28-4256-b93b-6a2c907b2b36,2026-05-20T13:15:00Z,2026-05-20T15:15:00+0200,12871.16797,MW,FR,FR,forecast_solar_generation,Solar,2026-05-30T16:05:06Z
2026-05-30T16:04:09Z,2026-05-30T18:04:09+0200,f5ca70ef-bf28-4256-b93b-6a2c907b2b36,2026-05-20T13:30:00Z,2026-05-20T15:30:00+0200,12664.03613,MW,FR,FR,forecast_solar_generation,Solar,2026-05-30T16:05:06Z
2026-05-30T16:04:09Z,2026-05-30T18:04:09+0200,f5ca70ef-bf28-4256-b93b-6a2c907b2b36,2026-05-20T13:45:00Z,2026-05-20T15:45:00+0200,12364.27832,MW,FR,FR,forecast_solar_generation,Solar,2026-05-30T16:05:06Z
2026-05-30T16:04:09Z,2026-05-30T18:04:09+0200,f5ca70ef-bf28-4256-b93b-6a2c907b2b36,2026-05-20T14:00:00Z,2026-05-20T16:00:00+0200,12050.21094,MW,FR,FR,forecast_solar_generation,Solar,2026-05-30T16:05:06Z
2026-05-30T16:04:09Z,2026-05-30T18:04:09+0200,f5ca70ef-bf28-4256-b93b-6a2c907b2b36,2026-05-20T14:15:00Z,2026-05-20T16:15:00+0200,11692.82031,MW,FR,FR,forecast_solar_generation,Solar,2026-05-30T16:05:06Z
2026-05-30T16:04:09Z,2026-05-30T18:04:09+0200,f5ca70ef-bf28-4256-b93b-6a2c907b2b36,2026-05-20T14:30:00Z,2026-05-20T16:30:00+0200,11282.55469,MW,FR,FR,forecast_solar_generation,Solar,2026-05-30T16:05:06Z
2026-05-30T16:04:09Z,2026-05-30T18:04:09+0200,f5ca70ef-bf28-4256-b93b-6a2c907b2b36,2026-05-20T14:45:00Z,2026-05-20T16:45:00+0200,10818.88281,MW,FR,FR,forecast_solar_generation,Solar,2026-05-30T16:05:06Z
2026-05-30T16:04:09Z,2026-05-30T18:04:09+0200,f5ca70ef-bf28-4256-b93b-6a2c907b2b36,2026-05-20T15:00:00Z,2026-05-20T17:00:00+0200,10375.42773,MW,FR,FR,forecast_solar_generation,Solar,2026-05-30T16:05:06Z
2026-05-30T16:04:09Z,2026-05-30T18:04:09+0200,f5ca70ef-bf28-4256-b93b-6a2c907b2b36,2026-05-20T15:15:00Z,2026-05-20T17:15:00+0200,9792.77539,MW,FR,FR,forecast_solar_generation,Solar,2026-05-30T16:05:06Z
2026-05-30T16:04:09Z,2026-05-30T18:04:09+0200,f5ca70ef-bf28-4256-b93b-6a2c907b2b36,2026-05-20T15:30:00Z,2026-05-20T17:30:00+0200,11728.05078,MW,FR,FR,forecast_solar_generation,Solar,2026-05-30T16:05:06Z
2026-05-30T16:04:09Z,2026-05-30T18:04:09+0200,f5ca70ef-bf28-4256-b93b-6a2c907b2b36,2026-05-20T15:45:00Z,2026-05-20T17:45:00+0200,10964.29883,MW,FR,FR,forecast_solar_generation,Solar,2026-05-30T16:05:06Z
2026-05-30T16:04:09Z,2026-05-30T18:04:09+0200,f5ca70ef-bf28-4256-b93b-6a2c907b2b36,2026-05-20T16:00:00Z,2026-05-20T18:00:00+0200,10059.52051,MW,FR,FR,forecast_solar_generation,Solar,2026-05-30T16:05:06Z
2026-05-30T16:04:09Z,2026-05-30T18:04:09+0200,f5ca70ef-bf28-4256-b93b-6a2c907b2b36,2026-05-20T16:15:00Z,2026-05-20T18:15:00+0200,9058.6875,MW,FR,FR,forecast_solar_generation,Solar,2026-05-30T16:05:06Z
2026-05-30T16:04:09Z,2026-05-30T18:04:09+0200,f5ca70ef-bf28-4256-b93b-6a2c907b2b36,2026-05-20T16:30:00Z,2026-05-20T18:30:00+0200,8141.90527,MW,FR,FR,forecast_solar_generation,Solar,2026-05-30T16:05:06Z
2026-05-30T16:04:09Z,2026-05-30T18:04:09+0200,f5ca70ef-bf28-4256-b93b-6a2c907b2b36,2026-05-20T16:45:00Z,2026-05-20T18:45:00+0200,7271.76123,MW,FR,FR,forecast_solar_generation,Solar,2026-05-30T16:05:06Z
2026-05-30T16:04:09Z,2026-05-30T18:04:09+0200,f5ca70ef-bf28-4256-b93b-6a2c907b2b36,2026-05-20T17:00:00Z,2026-05-20T19:00:00+0200,6181.14111,MW,FR,FR,forecast_solar_generation,Solar,2026-05-30T16:05:06Z
2026-05-30T16:04:09Z,2026-05-30T18:04:09+0200,f5ca70ef-bf28-4256-b93b-6a2c907b2b36,2026-05-20T17:15:00Z,2026-05-20T19:15:00+0200,5325.50977,MW,FR,FR,forecast_solar_generation,Solar,2026-05-30T16:05:06Z
2026-05-30T16:04:09Z,2026-05-30T18:04:09+0200,f5ca70ef-bf28-4256-b93b-6a2c907b2b36,2026-05-20T17:30:00Z,2026-05-20T19:30:00+0200,4246.94189,MW,FR,FR,forecast_solar_generation,Solar,2026-05-30T16:05:06Z
2026-05-30T16:04:09Z,2026-05-30T18:04:09+0200,f5ca70ef-bf28-4256-b93b-6a2c907b2b36,2026-05-20T17:45:00Z,2026-05-20T19:45:00+0200,3449.01904,MW,FR,FR,forecast_solar_generation,Solar,2026-05-30T16:05:06Z
2026-05-30T16:04:09Z,2026-05-30T18:04:09+0200,f5ca70ef-bf28-4256-b93b-6a2c907b2b36,2026-05-20T18:00:00Z,2026-05-20T20:00:00+0200,2567.11206,MW,FR,FR,forecast_solar_generation,Solar,2026-05-30T16:05:06Z
2026-05-30T16:04:09Z,2026-05-30T18:04:09+0200,f5ca70ef-bf28-4256-b93b-6a2c907b2b36,2026-05-20T18:15:00Z,2026-05-20T20:15:00+0200,1831.15918,MW,FR,FR,forecast_solar_generation,Solar,2026-05-30T16:05:06Z
2026-05-30T16:04:09Z,2026-05-30T18:04:09+0200,f5ca70ef-bf28-4256-b93b-6a2c907b2b36,2026-05-20T18:30:00Z,2026-05-20T20:30:00+0200,1231.58093,MW,FR,FR,forecast_solar_generation,Solar,2026-05-30T16:05:06Z
2026-05-30T16:04:09Z,2026-05-30T18:04:09+0200,f5ca70ef-bf28-4256-b93b-6a2c907b2b36,2026-05-20T18:45:00Z,2026-05-20T20:45:00+0200,847.69299,MW,FR,FR,forecast_solar_generation,Solar,2026-05-30T16:05:06Z
2026-05-30T16:04:09Z,2026-05-30T18:04:09+0200,f5ca70ef-bf28-4256-b93b-6a2c907b2b36,2026-05-20T19:00:00Z,2026-05-20T21:00:00+0200,514.69739,MW,FR,FR,forecast_solar_generation,Solar,2026-05-30T16:05:06Z
2026-05-30T16:04:09Z,2026-05-30T18:04:09+0200,f5ca70ef-bf28-4256-b93b-6a2c907b2b36,2026-05-20T19:15:00Z,2026-05-20T21:15:00+0200,224.86185,MW,FR,FR,forecast_solar_generation,Solar,2026-05-30T16:05:06Z
2026-05-30T16:04:09Z,2026-05-30T18:04:09+0200,f5ca70ef-bf28-4256-b93b-6a2c907b2b36,2026-05-20T19:30:00Z,2026-05-20T21:30:00+0200,50.00807,MW,FR,FR,forecast_solar_generation,Solar,2026-05-30T16:05:06Z
2026-05-30T16:04:09Z,2026-05-30T18:04:09+0200,f5ca70ef-bf28-4256-b93b-6a2c907b2b36,2026-05-20T19:45:00Z,2026-05-20T21:45:00+0200,6.55638,MW,FR,FR,forecast_solar_generation,Solar,2026-05-30T16:05:06Z
2026-05-30T16:04:09Z,2026-05-30T18:04:09+0200,f5ca70ef-bf28-4256-b93b-6a2c907b2b36,2026-05-20T20:00:00Z,2026-05-20T22:00:00+0200,0.0,MW,FR,FR,forecast_solar_generation,Solar,2026-05-30T16:05:06Z
2026-05-30T16:04:09Z,2026-05-30T18:04:09+0200,f5ca70ef-bf28-4256-b93b-6a2c907b2b36,2026-05-20T20:15:00Z,2026-05-20T22:15:00+0200,0.0,MW,FR,FR,forecast_solar_generation,Solar,2026-05-30T16:05:06Z
2026-05-30T16:04:09Z,2026-05-30T18:04:09+0200,f5ca70ef-bf28-4256-b93b-6a2c907b2b36,2026-05-20T20:30:00Z,2026-05-20T22:30:00+0200,0.0,MW,FR,FR,forecast_solar_generation,Solar,2026-05-30T16:05:06Z
2026-05-30T16:04:09Z,2026-05-30T18:04:09+0200,f5ca70ef-bf28-4256-b93b-6a2c907b2b36,2026-05-20T20:45:00Z,2026-05-20T22:45:00+0200,0.0,MW,FR,FR,forecast_solar_generation,Solar,2026-05-30T16:05:06Z
2026-05-30T16:04:09Z,2026-05-30T18:04:09+0200,f5ca70ef-bf28-4256-b93b-6a2c907b2b36,2026-05-20T21:00:00Z,2026-05-20T23:00:00+0200,0.0,MW,FR,FR,forecast_solar_generation,Solar,2026-05-30T16:05:06Z
2026-05-30T16:04:09Z,2026-05-30T18:04:09+0200,f5ca70ef-bf28-4256-b93b-6a2c907b2b36,2026-05-20T21:15:00Z,2026-05-20T23:15:00+0200,0.0,MW,FR,FR,forecast_solar_generation,Solar,2026-05-30T16:05:06Z
2026-05-30T16:04:09Z,2026-05-30T18:04:09+0200,f5ca70ef-bf28-4256-b93b-6a2c907b2b36,2026-05-20T21:30:00Z,2026-05-20T23:30:00+0200,0.0,MW,FR,FR,forecast_solar_generation,Solar,2026-05-30T16:05:06Z
2026-05-30T16:04:09Z,2026-05-30T18:04:09+0200,f5ca70ef-bf28-4256-b93b-6a2c907b2b36,2026-05-20T21:45:00Z,2026-05-20T23:45:00+0200,0.0,MW,FR,FR,forecast_solar_generation,Solar,2026-05-30T16:05:06Z
2026-05-30T16:04:09Z,2026-05-30T18:04:09+0200,f5ca70ef-bf28-4256-b93b-6a2c907b2b36,2026-05-20T22:00:00Z,2026-05-21T00:00:00+0200,0.0,MW,FR,FR,forecast_solar_generation,Solar,2026-05-30T16:05:06Z
2026-05-30T16:04:09Z,2026-05-30T18:04:09+0200,f5ca70ef-bf28-4256-b93b-6a2c907b2b36,2026-05-20T22:15:00Z,2026-05-21T00:15:00+0200,0.0,MW,FR,FR,forecast_solar_generation,Solar,2026-05-30T16:05:06Z
2026-05-30T16:04:09Z,2026-05-30T18:04:09+0200,f5ca70ef-bf28-4256-b93b-6a2c907b2b36,2026-05-20T22:30:00Z,2026-05-21T00:30:00+0200,0.0,MW,FR,FR,forecast_solar_generation,Solar,2026-05-30T16:05:06Z
2026-05-30T16:04:09Z,2026-05-30T18:04:09+0200,f5ca70ef-bf28-4256-b93b-6a2c907b2b36,2026-05-20T22:45:00Z,2026-05-21T00:45:00+0200,0.0,MW,FR,FR,forecast_solar_generation,Solar,2026-05-30T16:05:06Z
2026-05-30T16:04:09Z,2026-05-30T18:04:09+0200,f5ca70ef-bf28-4256-b93b-6a2c907b2b36,2026-05-20T23:00:00Z,2026-05-21T01:00:00+0200,0.0,MW,FR,FR,forecast_solar_generation,Solar,2026-05-30T16:05:06Z
2026-05-30T16:04:09Z,2026-05-30T18:04:09+0200,f5ca70ef-bf28-4256-b93b-6a2c907b2b36,2026-05-20T23:15:00Z,2026-05-21T01:15:00+0200,0.0,MW,FR,FR,forecast_solar_generation,Solar,2026-05-30T16:05:06Z
2026-05-30T16:04:09Z,2026-05-30T18:04:09+0200,f5ca70ef-bf28-4256-b93b-6a2c907b2b36,2026-05-20T23:30:00Z,2026-05-21T01:30:00+0200,0.0,MW,FR,FR,forecast_solar_generation,Solar,2026-05-30T16:05:06Z
2026-05-30T16:04:09Z,2026-05-30T18:04:09+0200,f5ca70ef-bf28-4256-b93b-6a2c907b2b36,2026-05-20T23:45:00Z,2026-05-21T01:45:00+0200,0.0,MW,FR,FR,forecast_solar_generation,Solar,2026-05-30T16:05:06Z
2026-05-30T16:04:09Z,2026-05-30T18:04:09+0200,f5ca70ef-bf28-4256-b93b-6a2c907b2b36,2026-05-21T00:00:00Z,2026-05-21T02:00:00+0200,0.0,MW,FR,FR,forecast_solar_generation,Solar,2026-05-30T16:05:06Z
2026-05-30T16:04:09Z,2026-05-30T18:04:09+0200,f5ca70ef-bf28-4256-b93b-6a2c907b2b36,2026-05-21T00:15:00Z,2026-05-21T02:15:00+0200,0.0,MW,FR,FR,forecast_solar_generation,Solar,2026-05-30T16:05:06Z
2026-05-30T16:04:09Z,2026-05-30T18:04:09+0200,f5ca70ef-bf28-4256-b93b-6a2c907b2b36,2026-05-21T00:30:00Z,2026-05-21T02:30:00+0200,0.0,MW,FR,FR,forecast_solar_generation,Solar,2026-05-30T16:05:06Z
2026-05-30T16:04:09Z,2026-05-30T18:04:09+0200,f5ca70ef-bf28-4256-b93b-6a2c907b2b36,2026-05-21T00:45:00Z,2026-05-21T02:45:00+0200,0.0,MW,FR,FR,forecast_solar_generation,Solar,2026-05-30T16:05:06Z
2026-05-30T16:04:09Z,2026-05-30T18:04:09+0200,f5ca70ef-bf28-4256-b93b-6a2c907b2b36,2026-05-21T01:00:00Z,2026-05-21T03:00:00+0200,0.0,MW,FR,FR,forecast_solar_generation,Solar,2026-05-30T16:05:06Z
2026-05-30T16:04:09Z,2026-05-30T18:04:09+0200,f5ca70ef-bf28-4256-b93b-6a2c907b2b36,2026-05-21T01:15:00Z,2026-05-21T03:15:00+0200,0.0,MW,FR,FR,forecast_solar_generation,Solar,2026-05-30T16:05:06Z
2026-05-30T16:04:09Z,2026-05-30T18:04:09+0200,f5ca70ef-bf28-4256-b93b-6a2c907b2b36,2026-05-21T01:30:00Z,2026-05-21T03:30:00+0200,0.0,MW,FR,FR,forecast_solar_generation,Solar,2026-05-30T16:05:06Z
2026-05-30T16:04:09Z,2026-05-30T18:04:09+0200,f5ca70ef-bf28-4256-b93b-6a2c907b2b36,2026-05-21T01:45:00Z,2026-05-21T03:45:00+0200,0.0,MW,FR,FR,forecast_solar_generation,Solar,2026-05-30T16:05:06Z
2026-05-30T16:04:09Z,2026-05-30T18:04:09+0200,f5ca70ef-bf28-4256-b93b-6a2c907b2b36,2026-05-21T02:00:00Z,2026-05-21T04:00:00+0200,0.0,MW,FR,FR,forecast_solar_generation,Solar,2026-05-30T16:05:06Z
2026-05-30T16:04:09Z,2026-05-30T18:04:09+0200,f5ca70ef-bf28-4256-b93b-6a2c907b2b36,2026-05-21T02:15:00Z,2026-05-21T04:15:00+0200,0.0,MW,FR,FR,forecast_solar_generation,Solar,2026-05-30T16:05:06Z
2026-05-30T16:04:09Z,2026-05-30T18:04:09+0200,f5ca70ef-bf28-4256-b93b-6a2c907b2b36,2026-05-21T02:30:00Z,2026-05-21T04:30:00+0200,0.0,MW,FR,FR,forecast_solar_generation,Solar,2026-05-30T16:05:06Z
2026-05-30T16:04:09Z,2026-05-30T18:04:09+0200,f5ca70ef-bf28-4256-b93b-6a2c907b2b36,2026-05-21T02:45:00Z,2026-05-21T04:45:00+0200,0.0,MW,FR,FR,forecast_solar_generation,Solar,2026-05-30T16:05:06Z
2026-05-30T16:04:09Z,2026-05-30T18:04:09+0200,f5ca70ef-bf28-4256-b93b-6a2c907b2b36,2026-05-21T03:00:00Z,2026-05-21T05:00:00+0200,0.0,MW,FR,FR,forecast_solar_generation,Solar,2026-05-30T16:05:06Z
2026-05-30T16:04:09Z,2026-05-30T18:04:09+0200,f5ca70ef-bf28-4256-b93b-6a2c907b2b36,2026-05-21T03:15:00Z,2026-05-21T05:15:00+0200,0.0,MW,FR,FR,forecast_solar_generation,Solar,2026-05-30T16:05:06Z
2026-05-30T16:04:09Z,2026-05-30T18:04:09+0200,f5ca70ef-bf28-4256-b93b-6a2c907b2b36,2026-05-21T03:30:00Z,2026-05-21T05:30:00+0200,0.0,MW,FR,FR,forecast_solar_generation,Solar,2026-05-30T16:05:06Z
2026-05-30T16:04:09Z,2026-05-30T18:04:09+0200,f5ca70ef-bf28-4256-b93b-6a2c907b2b36,2026-05-21T03:45:00Z,2026-05-21T05:45:00+0200,0.0,MW,FR,FR,forecast_solar_generation,Solar,2026-05-30T16:05:06Z
2026-05-30T16:04:09Z,2026-05-30T18:04:09+0200,f5ca70ef-bf28-4256-b93b-6a2c907b2b36,2026-05-21T04:00:00Z,2026-05-21T06:00:00+0200,0.0,MW,FR,FR,forecast_solar_generation,Solar,2026-05-30T16:05:06Z
2026-05-30T16:04:09Z,2026-05-30T18:04:09+0200,f5ca70ef-bf28-4256-b93b-6a2c907b2b36,2026-05-21T04:15:00Z,2026-05-21T06:15:00+0200,68.74476,MW,FR,FR,forecast_solar_generation,Solar,2026-05-30T16:05:06Z
2026-05-30T16:04:09Z,2026-05-30T18:04:09+0200,f5ca70ef-bf28-4256-b93b-6a2c907b2b36,2026-05-21T04:30:00Z,2026-05-21T06:30:00+0200,179.13121,MW,FR,FR,forecast_solar_generation,Solar,2026-05-30T16:05:06Z
2026-05-30T16:04:09Z,2026-05-30T18:04:09+0200,f5ca70ef-bf28-4256-b93b-6a2c907b2b36,2026-05-21T04:45:00Z,2026-05-21T06:45:00+0200,484.5563,MW,FR,FR,forecast_solar_generation,Solar,2026-05-30T16:05:06Z
2026-05-30T16:04:09Z,2026-05-30T18:04:09+0200,f5ca70ef-bf28-4256-b93b-6a2c907b2b36,2026-05-21T05:00:00Z,2026-05-21T07:00:00+0200,875.12207,MW,FR,FR,forecast_solar_generation,Solar,2026-05-30T16:05:06Z
2026-05-30T16:04:09Z,2026-05-30T18:04:09+0200,f5ca70ef-bf28-4256-b93b-6a2c907b2b36,2026-05-21T05:15:00Z,2026-05-21T07:15:00+0200,1325.89941,MW,FR,FR,forecast_solar_generation,Solar,2026-05-30T16:05:06Z
2026-05-30T16:04:09Z,2026-05-30T18:04:09+0200,f5ca70ef-bf28-4256-b93b-6a2c907b2b36,2026-05-21T05:30:00Z,2026-05-21T07:30:00+0200,1854.6167,MW,FR,FR,forecast_solar_generation,Solar,2026-05-30T16:05:06Z
2026-05-30T16:04:09Z,2026-05-30T18:04:09+0200,f5ca70ef-bf28-4256-b93b-6a2c907b2b36,2026-05-21T05:45:00Z,2026-05-21T07:45:00+0200,2690.47095,MW,FR,FR,forecast_solar_generation,Solar,2026-05-30T16:05:06Z
2026-05-30T16:04:09Z,2026-05-30T18:04:09+0200,f5ca70ef-bf28-4256-b93b-6a2c907b2b36,2026-05-21T06:00:00Z,2026-05-21T08:00:00+0200,3603.70093,MW,FR,FR,forecast_solar_generation,Solar,2026-05-30T16:05:06Z
2026-05-30T16:04:09Z,2026-05-30T18:04:09+0200,f5ca70ef-bf28-4256-b93b-6a2c907b2b36,2026-05-21T06:15:00Z,2026-05-21T08:15:00+0200,4691.79395,MW,FR,FR,forecast_solar_generation,Solar,2026-05-30T16:05:06Z
2026-05-30T16:04:09Z,2026-05-30T18:04:09+0200,f5ca70ef-bf28-4256-b93b-6a2c907b2b36,2026-05-21T06:30:00Z,2026-05-21T08:30:00+0200,5831.07178,MW,FR,FR,forecast_solar_generation,Solar,2026-05-30T16:05:06Z
2026-05-30T16:04:09Z,2026-05-30T18:04:09+0200,f5ca70ef-bf28-4256-b93b-6a2c907b2b36,2026-05-21T06:45:00Z,2026-05-21T08:45:00+0200,7078.80469,MW,FR,FR,forecast_solar_generation,Solar,2026-05-30T16:05:06Z
2026-05-30T16:04:09Z,2026-05-30T18:04:09+0200,f5ca70ef-bf28-4256-b93b-6a2c907b2b36,2026-05-21T07:00:00Z,2026-05-21T09:00:00+0200,8323.47852,MW,FR,FR,forecast_solar_generation,Solar,2026-05-30T16:05:06Z
2026-05-30T16:04:09Z,2026-05-30T18:04:09+0200,f5ca70ef-bf28-4256-b93b-6a2c907b2b36,2026-05-21T07:15:00Z,2026-05-21T09:15:00+0200,9486.91602,MW,FR,FR,forecast_solar_generation,Solar,2026-05-30T16:05:06Z
2026-05-30T16:04:09Z,2026-05-30T18:04:09+0200,f5ca70ef-bf28-4256-b93b-6a2c907b2b36,2026-05-21T07:30:00Z,2026-05-21T09:30:00+0200,10673.5918,MW,FR,FR,forecast_solar_generation,Solar,2026-05-30T16:05:06Z
2026-05-30T16:04:09Z,2026-05-30T18:04:09+0200,f5ca70ef-bf28-4256-b93b-6a2c907b2b36,2026-05-21T07:45:00Z,2026-05-21T09:45:00+0200,11806.89062,MW,FR,FR,forecast_solar_generation,Solar,2026-05-30T16:05:06Z
2026-05-30T16:04:09Z,2026-05-30T18:04:09+0200,f5ca70ef-bf28-4256-b93b-6a2c907b2b36,2026-05-21T08:00:00Z,2026-05-21T10:00:00+0200,12975.54297,MW,FR,FR,forecast_solar_generation,Solar,2026-05-30T16:05:06Z
2026-05-30T16:04:09Z,2026-05-30T18:04:09+0200,f5ca70ef-bf28-4256-b93b-6a2c907b2b36,2026-05-21T08:15:00Z,2026-05-21T10:15:00+0200,14005.81348,MW,FR,FR,forecast_solar_generation,Solar,2026-05-30T16:05:06Z
2026-05-30T16:04:09Z,2026-05-30T18:04:09+0200,f5ca70ef-bf28-4256-b93b-6a2c907b2b36,2026-05-21T08:30:00Z,2026-05-21T10:30:00+0200,15012.63184,MW,FR,FR,forecast_solar_generation,Solar,2026-05-30T16:05:06Z
2026-05-30T16:04:09Z,2026-05-30T18:04:09+0200,f5ca70ef-bf28-4256-b93b-6a2c907b2b36,2026-05-21T08:45:00Z,2026-05-21T10:45:00+0200,11950.74023,MW,FR,FR,forecast_solar_generation,Solar,2026-05-30T16:05:06Z
2026-05-30T16:04:09Z,2026-05-30T18:04:09+0200,f5ca70ef-bf28-4256-b93b-6a2c907b2b36,2026-05-21T09:00:00Z,2026-05-21T11:00:00+0200,12547.69531,MW,FR,FR,forecast_solar_generation,Solar,2026-05-30T16:05:06Z
2026-05-30T16:04:09Z,2026-05-30T18:04:09+0200,f5ca70ef-bf28-4256-b93b-6a2c907b2b36,2026-05-21T09:15:00Z,2026-05-21T11:15:00+0200,13160.8457,MW,FR,FR,forecast_solar_generation,Solar,2026-05-30T16:05:06Z
2026-05-30T16:04:09Z,2026-05-30T18:04:09+0200,f5ca70ef-bf28-4256-b93b-6a2c907b2b36,2026-05-21T09:30:00Z,2026-05-21T11:30:00+0200,13730.3877,MW,FR,FR,forecast_solar_generation,Solar,2026-05-30T16:05:06Z
2026-05-30T16:04:09Z,2026-05-30T18:04:09+0200,f5ca70ef-bf28-4256-b93b-6a2c907b2b36,2026-05-21T09:45:00Z,2026-05-21T11:45:00+0200,14087.58789,MW,FR,FR,forecast_solar_generation,Solar,2026-05-30T16:05:06Z
2026-05-30T16:04:09Z,2026-05-30T18:04:09+0200,f5ca70ef-bf28-4256-b93b-6a2c907b2b36,2026-05-21T10:00:00Z,2026-05-21T12:00:00+0200,14403.97656,MW,FR,FR,forecast_solar_generation,Solar,2026-05-30T16:05:06Z
2026-05-30T16:04:09Z,2026-05-30T18:04:09+0200,f5ca70ef-bf28-4256-b93b-6a2c907b2b36,2026-05-21T10:15:00Z,2026-05-21T12:15:00+0200,19241.54688,MW,FR,FR,forecast_solar_generation,Solar,2026-05-30T16:05:06Z
2026-05-30T16:04:09Z,2026-05-30T18:04:09+0200,f5ca70ef-bf28-4256-b93b-6a2c907b2b36,2026-05-21T10:30:00Z,2026-05-21T12:30:00+0200,19524.01172,MW,FR,FR,forecast_solar_generation,Solar,2026-05-30T16:05:06Z
2026-05-30T16:04:09Z,2026-05-30T18:04:09+0200,f5ca70ef-bf28-4256-b93b-6a2c907b2b36,2026-05-21T10:45:00Z,2026-05-21T12:45:00+0200,19721.875,MW,FR,FR,forecast_solar_generation,Solar,2026-05-30T16:05:06Z
2026-05-30T16:04:09Z,2026-05-30T18:04:09+0200,f5ca70ef-bf28-4256-b93b-6a2c907b2b36,2026-05-21T11:00:00Z,2026-05-21T13:00:00+0200,15206.98535,MW,FR,FR,forecast_solar_generation,Solar,2026-05-30T16:05:06Z
2026-05-30T16:04:09Z,2026-05-30T18:04:09+0200,f5ca70ef-bf28-4256-b93b-6a2c907b2b36,2026-05-21T11:15:00Z,2026-05-21T13:15:00+0200,15320.6582,MW,FR,FR,forecast_solar_generation,Solar,2026-05-30T16:05:06Z
2026-05-30T16:04:09Z,2026-05-30T18:04:09+0200,f5ca70ef-bf28-4256-b93b-6a2c907b2b36,2026-05-21T11:30:00Z,2026-05-21T13:30:00+0200,15406.10547,MW,FR,FR,forecast_solar_generation,Solar,2026-05-30T16:05:06Z
2026-05-30T16:04:09Z,2026-05-30T18:04:09+0200,f5ca70ef-bf28-4256-b93b-6a2c907b2b36,2026-05-21T11:45:00Z,2026-05-21T13:45:00+0200,15435.60352,MW,FR,FR,forecast_solar_generation,Solar,2026-05-30T16:05:06Z
2026-05-30T16:04:09Z,2026-05-30T18:04:09+0200,f5ca70ef-bf28-4256-b93b-6a2c907b2b36,2026-05-21T12:00:00Z,2026-05-21T14:00:00+0200,15456.00977,MW,FR,FR,forecast_solar_generation,Solar,2026-05-30T16:05:06Z
2026-05-30T16:04:09Z,2026-05-30T18:04:09+0200,f5ca70ef-bf28-4256-b93b-6a2c907b2b36,2026-05-21T12:15:00Z,2026-05-21T14:15:00+0200,15397.48828,MW,FR,FR,forecast_solar_generation,Solar,2026-05-30T16:05:06Z
2026-05-30T16:04:09Z,2026-05-30T18:04:09+0200,f5ca70ef-bf28-4256-b93b-6a2c907b2b36,2026-05-21T12:30:00Z,2026-05-21T14:30:00+0200,15342.57715,MW,FR,FR,forecast_solar_generation,Solar,2026-05-30T16:05:06Z
2026-05-30T16:04:09Z,2026-05-30T18:04:09+0200,f5ca70ef-bf28-4256-b93b-6a2c907b2b36,2026-05-21T12:45:00Z,2026-05-21T14:45:00+0200,15253.41602,MW,FR,FR,forecast_solar_generation,Solar,2026-05-30T16:05:06Z
2026-05-30T16:04:09Z,2026-05-30T18:04:09+0200,f5ca70ef-bf28-4256-b93b-6a2c907b2b36,2026-05-21T13:00:00Z,2026-05-21T15:00:00+0200,15090.08398,MW,FR,FR,forecast_solar_generation,Solar,2026-05-30T16:05:06Z
2026-05-30T16:04:09Z,2026-05-30T18:04:09+0200,f5ca70ef-bf28-4256-b93b-6a2c907b2b36,2026-05-21T13:15:00Z,2026-05-21T15:15:00+0200,14861.14844,MW,FR,FR,forecast_solar_generation,Solar,2026-05-30T16:05:06Z
2026-05-30T16:04:09Z,2026-05-30T18:04:09+0200,f5ca70ef-bf28-4256-b93b-6a2c907b2b36,2026-05-21T13:30:00Z,2026-05-21T15:30:00+0200,14630.92676,MW,FR,FR,forecast_solar_generation,Solar,2026-05-30T16:05:06Z
2026-05-30T16:04:09Z,2026-05-30T18:04:09+0200,f5ca70ef-bf28-4256-b93b-6a2c907b2b36,2026-05-21T13:45:00Z,2026-05-21T15:45:00+0200,14326.79883,MW,FR,FR,forecast_solar_generation,Solar,2026-05-30T16:05:06Z
2026-05-30T16:04:09Z,2026-05-30T18:04:09+0200,f5ca70ef-bf28-4256-b93b-6a2c907b2b36,2026-05-21T14:00:00Z,2026-05-21T16:00:00+0200,13985.62695,MW,FR,FR,forecast_solar_generation,Solar,2026-05-30T16:05:06Z
2026-05-30T16:04:09Z,2026-05-30T18:04:09+0200,f5ca70ef-bf28-4256-b93b-6a2c907b2b36,2026-05-21T14:15:00Z,2026-05-21T16:15:00+0200,13575.26758,MW,FR,FR,forecast_solar_generation,Solar,2026-05-30T16:05:06Z
2026-05-30T16:04:09Z,2026-05-30T18:04:09+0200,f5ca70ef-bf28-4256-b93b-6a2c907b2b36,2026-05-21T14:30:00Z,2026-05-21T16:30:00+0200,13051.41992,MW,FR,FR,forecast_solar_generation,Solar,2026-05-30T16:05:06Z
2026-05-30T16:04:09Z,2026-05-30T18:04:09+0200,f5ca70ef-bf28-4256-b93b-6a2c907b2b36,2026-05-21T14:45:00Z,2026-05-21T16:45:00+0200,12418.59277,MW,FR,FR,forecast_solar_generation,Solar,2026-05-30T16:05:06Z
2026-05-30T16:04:09Z,2026-05-30T18:04:09+0200,f5ca70ef-bf28-4256-b93b-6a2c907b2b36,2026-05-21T15:00:00Z,2026-05-21T17:00:00+0200,11832.27637,MW,FR,FR,forecast_solar_generation,Solar,2026-05-30T16:05:06Z
2026-05-30T16:04:09Z,2026-05-30T18:04:09+0200,f5ca70ef-bf28-4256-b93b-6a2c907b2b36,2026-05-21T15:15:00Z,2026-05-21T17:15:00+0200,11216.43652,MW,FR,FR,forecast_solar_generation,Solar,2026-05-30T16:05:06Z
2026-05-30T16:04:09Z,2026-05-30T18:04:09+0200,f5ca70ef-bf28-4256-b93b-6a2c907b2b36,2026-05-21T15:30:00Z,2026-05-21T17:30:00+0200,13832.35156,MW,FR,FR,forecast_solar_generation,Solar,2026-05-30T16:05:06Z
2026-05-30T16:04:09Z,2026-05-30T18:04:09+0200,f5ca70ef-bf28-4256-b93b-6a2c907b2b36,2026-05-21T15:45:00Z,2026-05-21T17:45:00+0200,12921.07617,MW,FR,FR,forecast_solar_generation,Solar,2026-05-30T16:05:06Z
2026-05-30T16:04:09Z,2026-05-30T18:04:09+0200,f5ca70ef-bf28-4256-b93b-6a2c907b2b36,2026-05-21T16:00:00Z,2026-05-21T18:00:00+0200,11894.99609,MW,FR,FR,forecast_solar_generation,Solar,2026-05-30T16:05:06Z
2026-05-30T16:04:09Z,2026-05-30T18:04:09+0200,f5ca70ef-bf28-4256-b93b-6a2c907b2b36,2026-05-21T16:15:00Z,2026-05-21T18:15:00+0200,10814.36328,MW,FR,FR,forecast_solar_generation,Solar,2026-05-30T16:05:06Z
2026-05-30T16:04:09Z,2026-05-30T18:04:09+0200,f5ca70ef-bf28-4256-b93b-6a2c907b2b36,2026-05-21T16:30:00Z,2026-05-21T18:30:00+0200,9665.42578,MW,FR,FR,forecast_solar_generation,Solar,2026-05-30T16:05:06Z
2026-05-30T16:04:09Z,2026-05-30T18:04:09+0200,f5ca70ef-bf28-4256-b93b-6a2c907b2b36,2026-05-21T16:45:00Z,2026-05-21T18:45:00+0200,8577.11621,MW,FR,FR,forecast_solar_generation,Solar,2026-05-30T16:05:06Z
2026-05-30T16:04:09Z,2026-05-30T18:04:09+0200,f5ca70ef-bf28-4256-b93b-6a2c907b2b36,2026-05-21T17:00:00Z,2026-05-21T19:00:00+0200,7305.39453,MW,FR,FR,forecast_solar_generation,Solar,2026-05-30T16:05:06Z
2026-05-30T16:04:09Z,2026-05-30T18:04:09+0200,f5ca70ef-bf28-4256-b93b-6a2c907b2b36,2026-05-21T17:15:00Z,2026-05-21T19:15:00+0200,6210.09277,MW,FR,FR,forecast_solar_generation,Solar,2026-05-30T16:05:06Z
2026-05-30T16:04:09Z,2026-05-30T18:04:09+0200,f5ca70ef-bf28-4256-b93b-6a2c907b2b36,2026-05-21T17:30:00Z,2026-05-21T19:30:00+0200,4916.04346,MW,FR,FR,forecast_solar_generation,Solar,2026-05-30T16:05:06Z
2026-05-30T16:04:09Z,2026-05-30T18:04:09+0200,f5ca70ef-bf28-4256-b93b-6a2c907b2b36,2026-05-21T17:45:00Z,2026-05-21T19:45:00+0200,3964.19409,MW,FR,FR,forecast_solar_generation,Solar,2026-05-30T16:05:06Z
2026-05-30T16:04:09Z,2026-05-30T18:04:09+0200,f5ca70ef-bf28-4256-b93b-6a2c907b2b36,2026-05-21T18:00:00Z,2026-05-21T20:00:00+0200,2919.4856,MW,FR,FR,forecast_solar_generation,Solar,2026-05-30T16:05:06Z
2026-05-30T16:04:09Z,2026-05-30T18:04:09+0200,f5ca70ef-bf28-4256-b93b-6a2c907b2b36,2026-05-21T18:15:00Z,2026-05-21T20:15:00+0200,2084.4353,MW,FR,FR,forecast_solar_generation,Solar,2026-05-30T16:05:06Z
2026-05-30T16:04:09Z,2026-05-30T18:04:09+0200,f5ca70ef-bf28-4256-b93b-6a2c907b2b36,2026-05-21T18:30:00Z,2026-05-21T20:30:00+0200,1377.80981,MW,FR,FR,forecast_solar_generation,Solar,2026-05-30T16:05:06Z
2026-05-30T16:04:09Z,2026-05-30T18:04:09+0200,f5ca70ef-bf28-4256-b93b-6a2c907b2b36,2026-05-21T18:45:00Z,2026-05-21T20:45:00+0200,943.60071,MW,FR,FR,forecast_solar_generation,Solar,2026-05-30T16:05:06Z
2026-05-30T16:04:09Z,2026-05-30T18:04:09+0200,f5ca70ef-bf28-4256-b93b-6a2c907b2b36,2026-05-21T19:00:00Z,2026-05-21T21:00:00+0200,585.97632,MW,FR,FR,forecast_solar_generation,Solar,2026-05-30T16:05:06Z
2026-05-30T16:04:09Z,2026-05-30T18:04:09+0200,f5ca70ef-bf28-4256-b93b-6a2c907b2b36,2026-05-21T19:15:00Z,2026-05-21T21:15:00+0200,264.13382,MW,FR,FR,forecast_solar_generation,Solar,2026-05-30T16:05:06Z
2026-05-30T16:04:09Z,2026-05-30T18:04:09+0200,f5ca70ef-bf28-4256-b93b-6a2c907b2b36,2026-05-21T19:30:00Z,2026-05-21T21:30:00+0200,64.75442,MW,FR,FR,forecast_solar_generation,Solar,2026-05-30T16:05:06Z
2026-05-30T16:04:09Z,2026-05-30T18:04:09+0200,f5ca70ef-bf28-4256-b93b-6a2c907b2b36,2026-05-21T19:45:00Z,2026-05-21T21:45:00+0200,8.00342,MW,FR,FR,forecast_solar_generation,Solar,2026-05-30T16:05:06Z
2026-05-30T16:04:09Z,2026-05-30T18:04:09+0200,f5ca70ef-bf28-4256-b93b-6a2c907b2b36,2026-05-21T20:00:00Z,2026-05-21T22:00:00+0200,0.0,MW,FR,FR,forecast_solar_generation,Solar,2026-05-30T16:05:06Z
2026-05-30T16:04:09Z,2026-05-30T18:04:09+0200,f5ca70ef-bf28-4256-b93b-6a2c907b2b36,2026-05-21T20:15:00Z,2026-05-21T22:15:00+0200,0.0,MW,FR,FR,forecast_solar_generation,Solar,2026-05-30T16:05:06Z
2026-05-30T16:04:09Z,2026-05-30T18:04:09+0200,f5ca70ef-bf28-4256-b93b-6a2c907b2b36,2026-05-21T20:30:00Z,2026-05-21T22:30:00+0200,0.0,MW,FR,FR,forecast_solar_generation,Solar,2026-05-30T16:05:06Z
2026-05-30T16:04:09Z,2026-05-30T18:04:09+0200,f5ca70ef-bf28-4256-b93b-6a2c907b2b36,2026-05-21T20:45:00Z,2026-05-21T22:45:00+0200,0.0,MW,FR,FR,forecast_solar_generation,Solar,2026-05-30T16:05:06Z
2026-05-30T16:04:09Z,2026-05-30T18:04:09+0200,f5ca70ef-bf28-4256-b93b-6a2c907b2b36,2026-05-21T21:00:00Z,2026-05-21T23:00:00+0200,0.0,MW,FR,FR,forecast_solar_generation,Solar,2026-05-30T16:05:06Z
2026-05-30T16:04:09Z,2026-05-30T18:04:09+0200,f5ca70ef-bf28-4256-b93b-6a2c907b2b36,2026-05-21T21:15:00Z,2026-05-21T23:15:00+0200,0.0,MW,FR,FR,forecast_solar_generation,Solar,2026-05-30T16:05:06Z
2026-05-30T16:04:09Z,2026-05-30T18:04:09+0200,f5ca70ef-bf28-4256-b93b-6a2c907b2b36,2026-05-21T21:30:00Z,2026-05-21T23:30:00+0200,0.0,MW,FR,FR,forecast_solar_generation,Solar,2026-05-30T16:05:06Z
2026-05-30T16:04:09Z,2026-05-30T18:04:09+0200,f5ca70ef-bf28-4256-b93b-6a2c907b2b36,2026-05-21T21:45:00Z,2026-05-21T23:45:00+0200,0.0,MW,FR,FR,forecast_solar_generation,Solar,2026-05-30T16:05:06Z
2026-05-30T16:04:09Z,2026-05-30T18:04:09+0200,f5ca70ef-bf28-4256-b93b-6a2c907b2b36,2026-05-21T22:00:00Z,2026-05-22T00:00:00+0200,0.0,MW,FR,FR,forecast_solar_generation,Solar,2026-05-30T16:05:06Z
2026-05-30T16:04:09Z,2026-05-30T18:04:09+0200,f5ca70ef-bf28-4256-b93b-6a2c907b2b36,2026-05-21T22:15:00Z,2026-05-22T00:15:00+0200,0.0,MW,FR,FR,forecast_solar_generation,Solar,2026-05-30T16:05:06Z
2026-05-30T16:04:09Z,2026-05-30T18:04:09+0200,f5ca70ef-bf28-4256-b93b-6a2c907b2b36,2026-05-21T22:30:00Z,2026-05-22T00:30:00+0200,0.0,MW,FR,FR,forecast_solar_generation,Solar,2026-05-30T16:05:06Z
2026-05-30T16:04:09Z,2026-05-30T18:04:09+0200,f5ca70ef-bf28-4256-b93b-6a2c907b2b36,2026-05-21T22:45:00Z,2026-05-22T00:45:00+0200,0.0,MW,FR,FR,forecast_solar_generation,Solar,2026-05-30T16:05:06Z
2026-05-30T16:04:09Z,2026-05-30T18:04:09+0200,f5ca70ef-bf28-4256-b93b-6a2c907b2b36,2026-05-21T23:00:00Z,2026-05-22T01:00:00+0200,0.0,MW,FR,FR,forecast_solar_generation,Solar,2026-05-30T16:05:06Z
2026-05-30T16:04:09Z,2026-05-30T18:04:09+0200,f5ca70ef-bf28-4256-b93b-6a2c907b2b36,2026-05-21T23:15:00Z,2026-05-22T01:15:00+0200,0.0,MW,FR,FR,forecast_solar_generation,Solar,2026-05-30T16:05:06Z
2026-05-30T16:04:09Z,2026-05-30T18:04:09+0200,f5ca70ef-bf28-4256-b93b-6a2c907b2b36,2026-05-21T23:30:00Z,2026-05-22T01:30:00+0200,0.0,MW,FR,FR,forecast_solar_generation,Solar,2026-05-30T16:05:06Z
2026-05-30T16:04:09Z,2026-05-30T18:04:09+0200,f5ca70ef-bf28-4256-b93b-6a2c907b2b36,2026-05-21T23:45:00Z,2026-05-22T01:45:00+0200,0.0,MW,FR,FR,forecast_solar_generation,Solar,2026-05-30T16:05:06Z
2026-05-30T16:04:09Z,2026-05-30T18:04:09+0200,f5ca70ef-bf28-4256-b93b-6a2c907b2b36,2026-05-22T00:00:00Z,2026-05-22T02:00:00+0200,0.0,MW,FR,FR,forecast_solar_generation,Solar,2026-05-30T16:05:06Z
2026-05-30T16:04:09Z,2026-05-30T18:04:09+0200,f5ca70ef-bf28-4256-b93b-6a2c907b2b36,2026-05-22T00:15:00Z,2026-05-22T02:15:00+0200,0.0,MW,FR,FR,forecast_solar_generation,Solar,2026-05-30T16:05:06Z
2026-05-30T16:04:09Z,2026-05-30T18:04:09+0200,f5ca70ef-bf28-4256-b93b-6a2c907b2b36,2026-05-22T00:30:00Z,2026-05-22T02:30:00+0200,0.0,MW,FR,FR,forecast_solar_generation,Solar,2026-05-30T16:05:06Z
2026-05-30T16:04:09Z,2026-05-30T18:04:09+0200,f5ca70ef-bf28-4256-b93b-6a2c907b2b36,2026-05-22T00:45:00Z,2026-05-22T02:45:00+0200,0.0,MW,FR,FR,forecast_solar_generation,Solar,2026-05-30T16:05:06Z
2026-05-30T16:04:09Z,2026-05-30T18:04:09+0200,f5ca70ef-bf28-4256-b93b-6a2c907b2b36,2026-05-22T01:00:00Z,2026-05-22T03:00:00+0200,0.0,MW,FR,FR,forecast_solar_generation,Solar,2026-05-30T16:05:06Z
2026-05-30T16:04:09Z,2026-05-30T18:04:09+0200,f5ca70ef-bf28-4256-b93b-6a2c907b2b36,2026-05-22T01:15:00Z,2026-05-22T03:15:00+0200,0.0,MW,FR,FR,forecast_solar_generation,Solar,2026-05-30T16:05:06Z
2026-05-30T16:04:09Z,2026-05-30T18:04:09+0200,f5ca70ef-bf28-4256-b93b-6a2c907b2b36,2026-05-22T01:30:00Z,2026-05-22T03:30:00+0200,0.0,MW,FR,FR,forecast_solar_generation,Solar,2026-05-30T16:05:06Z
2026-05-30T16:04:09Z,2026-05-30T18:04:09+0200,f5ca70ef-bf28-4256-b93b-6a2c907b2b36,2026-05-22T01:45:00Z,2026-05-22T03:45:00+0200,0.0,MW,FR,FR,forecast_solar_generation,Solar,2026-05-30T16:05:06Z
2026-05-30T16:04:09Z,2026-05-30T18:04:09+0200,f5ca70ef-bf28-4256-b93b-6a2c907b2b36,2026-05-22T02:00:00Z,2026-05-22T04:00:00+0200,0.0,MW,FR,FR,forecast_solar_generation,Solar,2026-05-30T16:05:06Z
2026-05-30T16:04:09Z,2026-05-30T18:04:09+0200,f5ca70ef-bf28-4256-b93b-6a2c907b2b36,2026-05-22T02:15:00Z,2026-05-22T04:15:00+0200,0.0,MW,FR,FR,forecast_solar_generation,Solar,2026-05-30T16:05:06Z
2026-05-30T16:04:09Z,2026-05-30T18:04:09+0200,f5ca70ef-bf28-4256-b93b-6a2c907b2b36,2026-05-22T02:30:00Z,2026-05-22T04:30:00+0200,0.0,MW,FR,FR,forecast_solar_generation,Solar,2026-05-30T16:05:06Z
2026-05-30T16:04:09Z,2026-05-30T18:04:09+0200,f5ca70ef-bf28-4256-b93b-6a2c907b2b36,2026-05-22T02:45:00Z,2026-05-22T04:45:00+0200,0.0,MW,FR,FR,forecast_solar_generation,Solar,2026-05-30T16:05:06Z
2026-05-30T16:04:09Z,2026-05-30T18:04:09+0200,f5ca70ef-bf28-4256-b93b-6a2c907b2b36,2026-05-22T03:00:00Z,2026-05-22T05:00:00+0200,0.0,MW,FR,FR,forecast_solar_generation,Solar,2026-05-30T16:05:06Z
2026-05-30T16:04:09Z,2026-05-30T18:04:09+0200,f5ca70ef-bf28-4256-b93b-6a2c907b2b36,2026-05-22T03:15:00Z,2026-05-22T05:15:00+0200,0.0,MW,FR,FR,forecast_solar_generation,Solar,2026-05-30T16:05:06Z
2026-05-30T16:04:09Z,2026-05-30T18:04:09+0200,f5ca70ef-bf28-4256-b93b-6a2c907b2b36,2026-05-22T03:30:00Z,2026-05-22T05:30:00+0200,0.0,MW,FR,FR,forecast_solar_generation,Solar,2026-05-30T16:05:06Z
2026-05-30T16:04:09Z,2026-05-30T18:04:09+0200,f5ca70ef-bf28-4256-b93b-6a2c907b2b36,2026-05-22T03:45:00Z,2026-05-22T05:45:00+0200,0.0,MW,FR,FR,forecast_solar_generation,Solar,2026-05-30T16:05:06Z
2026-05-30T16:04:09Z,2026-05-30T18:04:09+0200,f5ca70ef-bf28-4256-b93b-6a2c907b2b36,2026-05-22T04:00:00Z,2026-05-22T06:00:00+0200,0.0,MW,FR,FR,forecast_solar_generation,Solar,2026-05-30T16:05:06Z
2026-05-30T16:04:09Z,2026-05-30T18:04:09+0200,f5ca70ef-bf28-4256-b93b-6a2c907b2b36,2026-05-22T04:15:00Z,2026-05-22T06:15:00+0200,77.43419,MW,FR,FR,forecast_solar_generation,Solar,2026-05-30T16:05:06Z
2026-05-30T16:04:09Z,2026-05-30T18:04:09+0200,f5ca70ef-bf28-4256-b93b-6a2c907b2b36,2026-05-22T04:30:00Z,2026-05-22T06:30:00+0200,188.13905,MW,FR,FR,forecast_solar_generation,Solar,2026-05-30T16:05:06Z
2026-05-30T16:04:09Z,2026-05-30T18:04:09+0200,f5ca70ef-bf28-4256-b93b-6a2c907b2b36,2026-05-22T04:45:00Z,2026-05-22T06:45:00+0200,516.83698,MW,FR,FR,forecast_solar_generation,Solar,2026-05-30T16:05:06Z
2026-05-30T16:04:09Z,2026-05-30T18:04:09+0200,f5ca70ef-bf28-4256-b93b-6a2c907b2b36,2026-05-22T05:00:00Z,2026-05-22T07:00:00+0200,918.77661,MW,FR,FR,forecast_solar_generation,Solar,2026-05-30T16:05:06Z
2026-05-30T16:04:09Z,2026-05-30T18:04:09+0200,f5ca70ef-bf28-4256-b93b-6a2c907b2b36,2026-05-22T05:15:00Z,2026-05-22T07:15:00+0200,1423.27832,MW,FR,FR,forecast_solar_generation,Solar,2026-05-30T16:05:06Z
2026-05-30T16:04:09Z,2026-05-30T18:04:09+0200,f5ca70ef-bf28-4256-b93b-6a2c907b2b36,2026-05-22T05:30:00Z,2026-05-22T07:30:00+0200,1969.16162,MW,FR,FR,forecast_solar_generation,Solar,2026-05-30T16:05:06Z
2026-05-30T16:04:09Z,2026-05-30T18:04:09+0200,f5ca70ef-bf28-4256-b93b-6a2c907b2b36,2026-05-22T05:45:00Z,2026-05-22T07:45:00+0200,2872.58643,MW,FR,FR,forecast_solar_generation,Solar,2026-05-30T16:05:06Z
2026-05-30T16:04:09Z,2026-05-30T18:04:09+0200,f5ca70ef-bf28-4256-b93b-6a2c907b2b36,2026-05-22T06:00:00Z,2026-05-22T08:00:00+0200,3824.70605,MW,FR,FR,forecast_solar_generation,Solar,2026-05-30T16:05:06Z
2026-05-30T16:04:09Z,2026-05-30T18:04:09+0200,f5ca70ef-bf28-4256-b93b-6a2c907b2b36,2026-05-22T06:15:00Z,2026-05-22T08:15:00+0200,4977.2959,MW,FR,FR,forecast_solar_generation,Solar,2026-05-30T16:05:06Z
2026-05-30T16:04:09Z,2026-05-30T18:04:09+0200,f5ca70ef-bf28-4256-b93b-6a2c907b2b36,2026-05-22T06:30:00Z,2026-05-22T08:30:00+0200,6180.44727,MW,FR,FR,forecast_solar_generation,Solar,2026-05-30T16:05:06Z
2026-05-30T16:04:09Z,2026-05-30T18:04:09+0200,f5ca70ef-bf28-4256-b93b-6a2c907b2b36,2026-05-22T06:45:00Z,2026-05-22T08:45:00+0200,7442.41748,MW,FR,FR,forecast_solar_generation,Solar,2026-05-30T16:05:06Z
2026-05-30T16:04:09Z,2026-05-30T18:04:09+0200,f5ca70ef-bf28-4256-b93b-6a2c907b2b36,2026-05-22T07:00:00Z,2026-05-22T09:00:00+0200,8704.06445,MW,FR,FR,forecast_solar_generation,Solar,2026-05-30T16:05:06Z
2026-05-30T16:04:09Z,2026-05-30T18:04:09+0200,f5ca70ef-bf28-4256-b93b-6a2c907b2b36,2026-05-22T07:15:00Z,2026-05-22T09:15:00+0200,9918.93359,MW,FR,FR,forecast_solar_generation,Solar,2026-05-30T16:05:06Z
2026-05-30T16:04:09Z,2026-05-30T18:04:09+0200,f5ca70ef-bf28-4256-b93b-6a2c907b2b36,2026-05-22T07:30:00Z,2026-05-22T09:30:00+0200,11142.80566,MW,FR,FR,forecast_solar_generation,Solar,2026-05-30T16:05:06Z
2026-05-30T16:04:09Z,2026-05-30T18:04:09+0200,f5ca70ef-bf28-4256-b93b-6a2c907b2b36,2026-05-22T07:45:00Z,2026-05-22T09:45:00+0200,12220.2168,MW,FR,FR,forecast_solar_generation,Solar,2026-05-30T16:05:06Z
2026-05-30T16:04:09Z,2026-05-30T18:04:09+0200,f5ca70ef-bf28-4256-b93b-6a2c907b2b36,2026-05-22T08:00:00Z,2026-05-22T10:00:00+0200,13345.64258,MW,FR,FR,forecast_solar_generation,Solar,2026-05-30T16:05:06Z
2026-05-30T16:04:09Z,2026-05-30T18:04:09+0200,f5ca70ef-bf28-4256-b93b-6a2c907b2b36,2026-05-22T08:15:00Z,2026-05-22T10:15:00+0200,14385.48242,MW,FR,FR,forecast_solar_generation,Solar,2026-05-30T16:05:06Z
2026-05-30T16:04:09Z,2026-05-30T18:04:09+0200,f5ca70ef-bf28-4256-b93b-6a2c907b2b36,2026-05-22T08:30:00Z,2026-05-22T10:30:00+0200,15353.76758,MW,FR,FR,forecast_solar_generation,Solar,2026-05-30T16:05:06Z
2026-05-30T16:04:09Z,2026-05-30T18:04:09+0200,f5ca70ef-bf28-4256-b93b-6a2c907b2b36,2026-05-22T08:45:00Z,2026-05-22T10:45:00+0200,16156.66504,MW,FR,FR,forecast_solar_generation,Solar,2026-05-30T16:05:06Z
2026-05-30T16:04:09Z,2026-05-30T18:04:09+0200,f5ca70ef-bf28-4256-b93b-6a2c907b2b36,2026-05-22T09:00:00Z,2026-05-22T11:00:00+0200,16942.33398,MW,FR,FR,forecast_solar_generation,Solar,2026-05-30T16:05:06Z
2026-05-30T16:04:09Z,2026-05-30T18:04:09+0200,f5ca70ef-bf28-4256-b93b-6a2c907b2b36,2026-05-22T09:15:00Z,2026-05-22T11:15:00+0200,17750.23633,MW,FR,FR,forecast_solar_generation,Solar,2026-05-30T16:05:06Z
2026-05-30T16:04:09Z,2026-05-30T18:04:09+0200,f5ca70ef-bf28-4256-b93b-6a2c907b2b36,2026-05-22T09:30:00Z,2026-05-22T11:30:00+0200,18474.38086,MW,FR,FR,forecast_solar_generation,Solar,2026-05-30T16:05:06Z
2026-05-30T16:04:09Z,2026-05-30T18:04:09+0200,f5ca70ef-bf28-4256-b93b-6a2c907b2b36,2026-05-22T09:45:00Z,2026-05-22T11:45:00+0200,19025.52734,MW,FR,FR,forecast_solar_generation,Solar,2026-05-30T16:05:06Z
2026-05-30T16:04:09Z,2026-05-30T18:04:09+0200,f5ca70ef-bf28-4256-b93b-6a2c907b2b36,2026-05-22T10:00:00Z,2026-05-22T12:00:00+0200,19505.3418,MW,FR,FR,forecast_solar_generation,Solar,2026-05-30T16:05:06Z
2026-05-30T16:04:09Z,2026-05-30T18:04:09+0200,f5ca70ef-bf28-4256-b93b-6a2c907b2b36,2026-05-22T10:15:00Z,2026-05-22T12:15:00+0200,19897.86719,MW,FR,FR,forecast_solar_generation,Solar,2026-05-30T16:05:06Z
2026-05-30T16:04:09Z,2026-05-30T18:04:09+0200,f5ca70ef-bf28-4256-b93b-6a2c907b2b36,2026-05-22T10:30:00Z,2026-05-22T12:30:00+0200,20269.01953,MW,FR,FR,forecast_solar_generation,Solar,2026-05-30T16:05:06Z
2026-05-30T16:04:09Z,2026-05-30T18:04:09+0200,f5ca70ef-bf28-4256-b93b-6a2c907b2b36,2026-05-22T10:45:00Z,2026-05-22T12:45:00+0200,15588.15918,MW,FR,FR,forecast_solar_generation,Solar,2026-05-30T16:05:06Z
2026-05-30T16:04:09Z,2026-05-30T18:04:09+0200,f5ca70ef-bf28-4256-b93b-6a2c907b2b36,2026-05-22T11:00:00Z,2026-05-22T13:00:00+0200,15760.41504,MW,FR,FR,forecast_solar_generation,Solar,2026-05-30T16:05:06Z
2026-05-30T16:04:09Z,2026-05-30T18:04:09+0200,f5ca70ef-bf28-4256-b93b-6a2c907b2b36,2026-05-22T11:15:00Z,2026-05-22T13:15:00+0200,15838.50977,MW,FR,FR,forecast_solar_generation,Solar,2026-05-30T16:05:06Z
2026-05-30T16:04:09Z,2026-05-30T18:04:09+0200,f5ca70ef-bf28-4256-b93b-6a2c907b2b36,2026-05-22T11:30:00Z,2026-05-22T13:30:00+0200,15869.61816,MW,FR,FR,forecast_solar_generation,Solar,2026-05-30T16:05:06Z
2026-05-30T16:04:09Z,2026-05-30T18:04:09+0200,f5ca70ef-bf28-4256-b93b-6a2c907b2b36,2026-05-22T11:45:00Z,2026-05-22T13:45:00+0200,15897.49805,MW,FR,FR,forecast_solar_generation,Solar,2026-05-30T16:05:06Z
2026-05-30T16:04:09Z,2026-05-30T18:04:09+0200,f5ca70ef-bf28-4256-b93b-6a2c907b2b36,2026-05-22T12:00:00Z,2026-05-22T14:00:00+0200,15919.5293,MW,FR,FR,forecast_solar_generation,Solar,2026-05-30T16:05:06Z
2026-05-30T16:04:09Z,2026-05-30T18:04:09+0200,f5ca70ef-bf28-4256-b93b-6a2c907b2b36,2026-05-22T12:15:00Z,2026-05-22T14:15:00+0200,15890.98926,MW,FR,FR,forecast_solar_generation,Solar,2026-05-30T16:05:06Z
2026-05-30T16:04:09Z,2026-05-30T18:04:09+0200,f5ca70ef-bf28-4256-b93b-6a2c907b2b36,2026-05-22T12:30:00Z,2026-05-22T14:30:00+0200,15858.21973,MW,FR,FR,forecast_solar_generation,Solar,2026-05-30T16:05:06Z
2026-05-30T16:04:09Z,2026-05-30T18:04:09+0200,f5ca70ef-bf28-4256-b93b-6a2c907b2b36,2026-05-22T12:45:00Z,2026-05-22T14:45:00+0200,15800.26855,MW,FR,FR,forecast_solar_generation,Solar,2026-05-30T16:05:06Z
2026-05-30T16:04:09Z,2026-05-30T18:04:09+0200,f5ca70ef-bf28-4256-b93b-6a2c907b2b36,2026-05-22T13:00:00Z,2026-05-22T15:00:00+0200,15656.59473,MW,FR,FR,forecast_solar_generation,Solar,2026-05-30T16:05:06Z
2026-05-30T16:04:09Z,2026-05-30T18:04:09+0200,f5ca70ef-bf28-4256-b93b-6a2c907b2b36,2026-05-22T13:15:00Z,2026-05-22T15:15:00+0200,15405.4043,MW,FR,FR,forecast_solar_generation,Solar,2026-05-30T16:05:06Z
2026-05-30T16:04:09Z,2026-05-30T18:04:09+0200,f5ca70ef-bf28-4256-b93b-6a2c907b2b36,2026-05-22T13:30:00Z,2026-05-22T15:30:00+0200,15110.80762,MW,FR,FR,forecast_solar_generation,Solar,2026-05-30T16:05:06Z
2026-05-30T16:04:09Z,2026-05-30T18:04:09+0200,f5ca70ef-bf28-4256-b93b-6a2c907b2b36,2026-05-22T13:45:00Z,2026-05-22T15:45:00+0200,14760.06055,MW,FR,FR,forecast_solar_generation,Solar,2026-05-30T16:05:06Z
2026-05-30T16:04:09Z,2026-05-30T18:04:09+0200,f5ca70ef-bf28-4256-b93b-6a2c907b2b36,2026-05-22T14:00:00Z,2026-05-22T16:00:00+0200,14370.21387,MW,FR,FR,forecast_solar_generation,Solar,2026-05-30T16:05:06Z
2026-05-30T16:04:09Z,2026-05-30T18:04:09+0200,f5ca70ef-bf28-4256-b93b-6a2c907b2b36,2026-05-22T14:15:00Z,2026-05-22T16:15:00+0200,13924.32324,MW,FR,FR,forecast_solar_generation,Solar,2026-05-30T16:05:06Z
2026-05-30T16:04:09Z,2026-05-30T18:04:09+0200,f5ca70ef-bf28-4256-b93b-6a2c907b2b36,2026-05-22T14:30:00Z,2026-05-22T16:30:00+0200,13380.58789,MW,FR,FR,forecast_solar_generation,Solar,2026-05-30T16:05:06Z
2026-05-30T16:04:09Z,2026-05-30T18:04:09+0200,f5ca70ef-bf28-4256-b93b-6a2c907b2b36,2026-05-22T14:45:00Z,2026-05-22T16:45:00+0200,12721.36328,MW,FR,FR,forecast_solar_generation,Solar,2026-05-30T16:05:06Z
2026-05-30T16:04:09Z,2026-05-30T18:04:09+0200,f5ca70ef-bf28-4256-b93b-6a2c907b2b36,2026-05-22T15:00:00Z,2026-05-22T17:00:00+0200,15886.39941,MW,FR,FR,forecast_solar_generation,Solar,2026-05-30T16:05:06Z
2026-05-30T16:04:09Z,2026-05-30T18:04:09+0200,f5ca70ef-bf28-4256-b93b-6a2c907b2b36,2026-05-22T15:15:00Z,2026-05-22T17:15:00+0200,15080.45996,MW,FR,FR,forecast_solar_generation,Solar,2026-05-30T16:05:06Z
2026-05-30T16:04:09Z,2026-05-30T18:04:09+0200,f5ca70ef-bf28-4256-b93b-6a2c907b2b36,2026-05-22T15:30:00Z,2026-05-22T17:30:00+0200,14158.30371,MW,FR,FR,forecast_solar_generation,Solar,2026-05-30T16:05:06Z
2026-05-30T16:04:09Z,2026-05-30T18:04:09+0200,f5ca70ef-bf28-4256-b93b-6a2c907b2b36,2026-05-22T15:45:00Z,2026-05-22T17:45:00+0200,13219.65625,MW,FR,FR,forecast_solar_generation,Solar,2026-05-30T16:05:06Z
2026-05-30T16:04:09Z,2026-05-30T18:04:09+0200,f5ca70ef-bf28-4256-b93b-6a2c907b2b36,2026-05-22T16:00:00Z,2026-05-22T18:00:00+0200,12128.88379,MW,FR,FR,forecast_solar_generation,Solar,2026-05-30T16:05:06Z
2026-05-30T16:04:09Z,2026-05-30T18:04:09+0200,f5ca70ef-bf28-4256-b93b-6a2c907b2b36,2026-05-22T16:15:00Z,2026-05-22T18:15:00+0200,11016.83105,MW,FR,FR,forecast_solar_generation,Solar,2026-05-30T16:05:06Z
2026-05-30T16:04:09Z,2026-05-30T18:04:09+0200,f5ca70ef-bf28-4256-b93b-6a2c907b2b36,2026-05-22T16:30:00Z,2026-05-22T18:30:00+0200,9820.92969,MW,FR,FR,forecast_solar_generation,Solar,2026-05-30T16:05:06Z
2026-05-30T16:04:09Z,2026-05-30T18:04:09+0200,f5ca70ef-bf28-4256-b93b-6a2c907b2b36,2026-05-22T16:45:00Z,2026-05-22T18:45:00+0200,8698.9375,MW,FR,FR,forecast_solar_generation,Solar,2026-05-30T16:05:06Z
2026-05-30T16:04:09Z,2026-05-30T18:04:09+0200,f5ca70ef-bf28-4256-b93b-6a2c907b2b36,2026-05-22T17:00:00Z,2026-05-22T19:00:00+0200,7396.4707,MW,FR,FR,forecast_solar_generation,Solar,2026-05-30T16:05:06Z
2026-05-30T16:04:09Z,2026-05-30T18:04:09+0200,f5ca70ef-bf28-4256-b93b-6a2c907b2b36,2026-05-22T17:15:00Z,2026-05-22T19:15:00+0200,6267.24902,MW,FR,FR,forecast_solar_generation,Solar,2026-05-30T16:05:06Z
2026-05-30T16:04:09Z,2026-05-30T18:04:09+0200,f5ca70ef-bf28-4256-b93b-6a2c907b2b36,2026-05-22T17:30:00Z,2026-05-22T19:30:00+0200,4949.29688,MW,FR,FR,forecast_solar_generation,Solar,2026-05-30T16:05:06Z
2026-05-30T16:04:09Z,2026-05-30T18:04:09+0200,f5ca70ef-bf28-4256-b93b-6a2c907b2b36,2026-05-22T17:45:00Z,2026-05-22T19:45:00+0200,4013.10596,MW,FR,FR,forecast_solar_generation,Solar,2026-05-30T16:05:06Z
2026-05-30T16:04:09Z,2026-05-30T18:04:09+0200,f5ca70ef-bf28-4256-b93b-6a2c907b2b36,2026-05-22T18:00:00Z,2026-05-22T20:00:00+0200,2964.65332,MW,FR,FR,forecast_solar_generation,Solar,2026-05-30T16:05:06Z
2026-05-30T16:04:09Z,2026-05-30T18:04:09+0200,f5ca70ef-bf28-4256-b93b-6a2c907b2b36,2026-05-22T18:15:00Z,2026-05-22T20:15:00+0200,2138.2002,MW,FR,FR,forecast_solar_generation,Solar,2026-05-30T16:05:06Z
2026-05-30T16:04:09Z,2026-05-30T18:04:09+0200,f5ca70ef-bf28-4256-b93b-6a2c907b2b36,2026-05-22T18:30:00Z,2026-05-22T20:30:00+0200,1421.60645,MW,FR,FR,forecast_solar_generation,Solar,2026-05-30T16:05:06Z
2026-05-30T16:04:09Z,2026-05-30T18:04:09+0200,f5ca70ef-bf28-4256-b93b-6a2c907b2b36,2026-05-22T18:45:00Z,2026-05-22T20:45:00+0200,982.45819,MW,FR,FR,forecast_solar_generation,Solar,2026-05-30T16:05:06Z
2026-05-30T16:04:09Z,2026-05-30T18:04:09+0200,f5ca70ef-bf28-4256-b93b-6a2c907b2b36,2026-05-22T19:00:00Z,2026-05-22T21:00:00+0200,612.93518,MW,FR,FR,forecast_solar_generation,Solar,2026-05-30T16:05:06Z
2026-05-30T16:04:09Z,2026-05-30T18:04:09+0200,f5ca70ef-bf28-4256-b93b-6a2c907b2b36,2026-05-22T19:15:00Z,2026-05-22T21:15:00+0200,277.42657,MW,FR,FR,forecast_solar_generation,Solar,2026-05-30T16:05:06Z
2026-05-30T16:04:09Z,2026-05-30T18:04:09+0200,f5ca70ef-bf28-4256-b93b-6a2c907b2b36,2026-05-22T19:30:00Z,2026-05-22T21:30:00+0200,69.24327,MW,FR,FR,forecast_solar_generation,Solar,2026-05-30T16:05:06Z
2026-05-30T16:04:09Z,2026-05-30T18:04:09+0200,f5ca70ef-bf28-4256-b93b-6a2c907b2b36,2026-05-22T19:45:00Z,2026-05-22T21:45:00+0200,11.05942,MW,FR,FR,forecast_solar_generation,Solar,2026-05-30T16:05:06Z
2026-05-30T16:04:09Z,2026-05-30T18:04:09+0200,f5ca70ef-bf28-4256-b93b-6a2c907b2b36,2026-05-22T20:00:00Z,2026-05-22T22:00:00+0200,0.0,MW,FR,FR,forecast_solar_generation,Solar,2026-05-30T16:05:06Z
2026-05-30T16:04:09Z,2026-05-30T18:04:09+0200,f5ca70ef-bf28-4256-b93b-6a2c907b2b36,2026-05-22T20:15:00Z,2026-05-22T22:15:00+0200,0.0,MW,FR,FR,forecast_solar_generation,Solar,2026-05-30T16:05:06Z
2026-05-30T16:04:09Z,2026-05-30T18:04:09+0200,f5ca70ef-bf28-4256-b93b-6a2c907b2b36,2026-05-22T20:30:00Z,2026-05-22T22:30:00+0200,0.0,MW,FR,FR,forecast_solar_generation,Solar,2026-05-30T16:05:06Z
2026-05-30T16:04:09Z,2026-05-30T18:04:09+0200,f5ca70ef-bf28-4256-b93b-6a2c907b2b36,2026-05-22T20:45:00Z,2026-05-22T22:45:00+0200,0.0,MW,FR,FR,forecast_solar_generation,Solar,2026-05-30T16:05:06Z
2026-05-30T16:04:09Z,2026-05-30T18:04:09+0200,f5ca70ef-bf28-4256-b93b-6a2c907b2b36,2026-05-22T21:00:00Z,2026-05-22T23:00:00+0200,0.0,MW,FR,FR,forecast_solar_generation,Solar,2026-05-30T16:05:06Z
2026-05-30T16:04:09Z,2026-05-30T18:04:09+0200,f5ca70ef-bf28-4256-b93b-6a2c907b2b36,2026-05-22T21:15:00Z,2026-05-22T23:15:00+0200,0.0,MW,FR,FR,forecast_solar_generation,Solar,2026-05-30T16:05:06Z
2026-05-30T16:04:09Z,2026-05-30T18:04:09+0200,f5ca70ef-bf28-4256-b93b-6a2c907b2b36,2026-05-22T21:30:00Z,2026-05-22T23:30:00+0200,0.0,MW,FR,FR,forecast_solar_generation,Solar,2026-05-30T16:05:06Z
2026-05-30T16:04:09Z,2026-05-30T18:04:09+0200,f5ca70ef-bf28-4256-b93b-6a2c907b2b36,2026-05-22T21:45:00Z,2026-05-22T23:45:00+0200,0.0,MW,FR,FR,forecast_solar_generation,Solar,2026-05-30T16:05:06Z
2026-05-30T16:04:09Z,2026-05-30T18:04:09+0200,f5ca70ef-bf28-4256-b93b-6a2c907b2b36,2026-05-22T22:00:00Z,2026-05-23T00:00:00+0200,0.0,MW,FR,FR,forecast_solar_generation,Solar,2026-05-30T16:05:06Z
2026-05-30T16:04:09Z,2026-05-30T18:04:09+0200,f5ca70ef-bf28-4256-b93b-6a2c907b2b36,2026-05-22T22:15:00Z,2026-05-23T00:15:00+0200,0.0,MW,FR,FR,forecast_solar_generation,Solar,2026-05-30T16:05:06Z
2026-05-30T16:04:09Z,2026-05-30T18:04:09+0200,f5ca70ef-bf28-4256-b93b-6a2c907b2b36,2026-05-22T22:30:00Z,2026-05-23T00:30:00+0200,0.0,MW,FR,FR,forecast_solar_generation,Solar,2026-05-30T16:05:06Z
2026-05-30T16:04:09Z,2026-05-30T18:04:09+0200,f5ca70ef-bf28-4256-b93b-6a2c907b2b36,2026-05-22T22:45:00Z,2026-05-23T00:45:00+0200,0.0,MW,FR,FR,forecast_solar_generation,Solar,2026-05-30T16:05:06Z
2026-05-30T16:04:09Z,2026-05-30T18:04:09+0200,f5ca70ef-bf28-4256-b93b-6a2c907b2b36,2026-05-22T23:00:00Z,2026-05-23T01:00:00+0200,0.0,MW,FR,FR,forecast_solar_generation,Solar,2026-05-30T16:05:06Z
2026-05-30T16:04:09Z,2026-05-30T18:04:09+0200,f5ca70ef-bf28-4256-b93b-6a2c907b2b36,2026-05-22T23:15:00Z,2026-05-23T01:15:00+0200,0.0,MW,FR,FR,forecast_solar_generation,Solar,2026-05-30T16:05:06Z
2026-05-30T16:04:09Z,2026-05-30T18:04:09+0200,f5ca70ef-bf28-4256-b93b-6a2c907b2b36,2026-05-22T23:30:00Z,2026-05-23T01:30:00+0200,0.0,MW,FR,FR,forecast_solar_generation,Solar,2026-05-30T16:05:06Z
2026-05-30T16:04:09Z,2026-05-30T18:04:09+0200,f5ca70ef-bf28-4256-b93b-6a2c907b2b36,2026-05-22T23:45:00Z,2026-05-23T01:45:00+0200,0.0,MW,FR,FR,forecast_solar_generation,Solar,2026-05-30T16:05:06Z
2026-05-30T16:04:09Z,2026-05-30T18:04:09+0200,f5ca70ef-bf28-4256-b93b-6a2c907b2b36,2026-05-23T00:00:00Z,2026-05-23T02:00:00+0200,0.0,MW,FR,FR,forecast_solar_generation,Solar,2026-05-30T16:05:06Z
2026-05-30T16:04:09Z,2026-05-30T18:04:09+0200,f5ca70ef-bf28-4256-b93b-6a2c907b2b36,2026-05-23T00:15:00Z,2026-05-23T02:15:00+0200,0.0,MW,FR,FR,forecast_solar_generation,Solar,2026-05-30T16:05:06Z
2026-05-30T16:04:09Z,2026-05-30T18:04:09+0200,f5ca70ef-bf28-4256-b93b-6a2c907b2b36,2026-05-23T00:30:00Z,2026-05-23T02:30:00+0200,0.0,MW,FR,FR,forecast_solar_generation,Solar,2026-05-30T16:05:06Z
2026-05-30T16:04:09Z,2026-05-30T18:04:09+0200,f5ca70ef-bf28-4256-b93b-6a2c907b2b36,2026-05-23T00:45:00Z,2026-05-23T02:45:00+0200,0.0,MW,FR,FR,forecast_solar_generation,Solar,2026-05-30T16:05:06Z
2026-05-30T16:04:09Z,2026-05-30T18:04:09+0200,f5ca70ef-bf28-4256-b93b-6a2c907b2b36,2026-05-23T01:00:00Z,2026-05-23T03:00:00+0200,0.0,MW,FR,FR,forecast_solar_generation,Solar,2026-05-30T16:05:06Z
2026-05-30T16:04:09Z,2026-05-30T18:04:09+0200,f5ca70ef-bf28-4256-b93b-6a2c907b2b36,2026-05-23T01:15:00Z,2026-05-23T03:15:00+0200,0.0,MW,FR,FR,forecast_solar_generation,Solar,2026-05-30T16:05:06Z
2026-05-30T16:04:09Z,2026-05-30T18:04:09+0200,f5ca70ef-bf28-4256-b93b-6a2c907b2b36,2026-05-23T01:30:00Z,2026-05-23T03:30:00+0200,0.0,MW,FR,FR,forecast_solar_generation,Solar,2026-05-30T16:05:06Z
2026-05-30T16:04:09Z,2026-05-30T18:04:09+0200,f5ca70ef-bf28-4256-b93b-6a2c907b2b36,2026-05-23T01:45:00Z,2026-05-23T03:45:00+0200,0.0,MW,FR,FR,forecast_solar_generation,Solar,2026-05-30T16:05:06Z
2026-05-30T16:04:09Z,2026-05-30T18:04:09+0200,f5ca70ef-bf28-4256-b93b-6a2c907b2b36,2026-05-23T02:00:00Z,2026-05-23T04:00:00+0200,0.0,MW,FR,FR,forecast_solar_generation,Solar,2026-05-30T16:05:06Z
2026-05-30T16:04:09Z,2026-05-30T18:04:09+0200,f5ca70ef-bf28-4256-b93b-6a2c907b2b36,2026-05-23T02:15:00Z,2026-05-23T04:15:00+0200,0.0,MW,FR,FR,forecast_solar_generation,Solar,2026-05-30T16:05:06Z
2026-05-30T16:04:09Z,2026-05-30T18:04:09+0200,f5ca70ef-bf28-4256-b93b-6a2c907b2b36,2026-05-23T02:30:00Z,2026-05-23T04:30:00+0200,0.0,MW,FR,FR,forecast_solar_generation,Solar,2026-05-30T16:05:06Z
2026-05-30T16:04:09Z,2026-05-30T18:04:09+0200,f5ca70ef-bf28-4256-b93b-6a2c907b2b36,2026-05-23T02:45:00Z,2026-05-23T04:45:00+0200,0.0,MW,FR,FR,forecast_solar_generation,Solar,2026-05-30T16:05:06Z
2026-05-30T16:04:09Z,2026-05-30T18:04:09+0200,f5ca70ef-bf28-4256-b93b-6a2c907b2b36,2026-05-23T03:00:00Z,2026-05-23T05:00:00+0200,0.0,MW,FR,FR,forecast_solar_generation,Solar,2026-05-30T16:05:06Z
2026-05-30T16:04:09Z,2026-05-30T18:04:09+0200,f5ca70ef-bf28-4256-b93b-6a2c907b2b36,2026-05-23T03:15:00Z,2026-05-23T05:15:00+0200,0.0,MW,FR,FR,forecast_solar_generation,Solar,2026-05-30T16:05:06Z
2026-05-30T16:04:09Z,2026-05-30T18:04:09+0200,f5ca70ef-bf28-4256-b93b-6a2c907b2b36,2026-05-23T03:30:00Z,2026-05-23T05:30:00+0200,0.0,MW,FR,FR,forecast_solar_generation,Solar,2026-05-30T16:05:06Z
2026-05-30T16:04:09Z,2026-05-30T18:04:09+0200,f5ca70ef-bf28-4256-b93b-6a2c907b2b36,2026-05-23T03:45:00Z,2026-05-23T05:45:00+0200,0.0,MW,FR,FR,forecast_solar_generation,Solar,2026-05-30T16:05:06Z
2026-05-30T16:04:09Z,2026-05-30T18:04:09+0200,f5ca70ef-bf28-4256-b93b-6a2c907b2b36,2026-05-23T04:00:00Z,2026-05-23T06:00:00+0200,0.0,MW,FR,FR,forecast_solar_generation,Solar,2026-05-30T16:05:06Z
2026-05-30T16:04:09Z,2026-05-30T18:04:09+0200,f5ca70ef-bf28-4256-b93b-6a2c907b2b36,2026-05-23T04:15:00Z,2026-05-23T06:15:00+0200,76.12074,MW,FR,FR,forecast_solar_generation,Solar,2026-05-30T16:05:06Z
2026-05-30T16:04:09Z,2026-05-30T18:04:09+0200,f5ca70ef-bf28-4256-b93b-6a2c907b2b36,2026-05-23T04:30:00Z,2026-05-23T06:30:00+0200,180.71507,MW,FR,FR,forecast_solar_generation,Solar,2026-05-30T16:05:06Z
2026-05-30T16:04:09Z,2026-05-30T18:04:09+0200,f5ca70ef-bf28-4256-b93b-6a2c907b2b36,2026-05-23T04:45:00Z,2026-05-23T06:45:00+0200,498.62985,MW,FR,FR,forecast_solar_generation,Solar,2026-05-30T16:05:06Z
2026-05-30T16:04:09Z,2026-05-30T18:04:09+0200,f5ca70ef-bf28-4256-b93b-6a2c907b2b36,2026-05-23T05:00:00Z,2026-05-23T07:00:00+0200,899.46625,MW,FR,FR,forecast_solar_generation,Solar,2026-05-30T16:05:06Z
2026-05-30T16:04:09Z,2026-05-30T18:04:09+0200,f5ca70ef-bf28-4256-b93b-6a2c907b2b36,2026-05-23T05:15:00Z,2026-05-23T07:15:00+0200,1399.97607,MW,FR,FR,forecast_solar_generation,Solar,2026-05-30T16:05:06Z
2026-05-30T16:04:09Z,2026-05-30T18:04:09+0200,f5ca70ef-bf28-4256-b93b-6a2c907b2b36,2026-05-23T05:30:00Z,2026-05-23T07:30:00+0200,1963.73901,MW,FR,FR,forecast_solar_generation,Solar,2026-05-30T16:05:06Z
2026-05-30T16:04:09Z,2026-05-30T18:04:09+0200,f5ca70ef-bf28-4256-b93b-6a2c907b2b36,2026-05-23T05:45:00Z,2026-05-23T07:45:00+0200,2851.48047,MW,FR,FR,forecast_solar_generation,Solar,2026-05-30T16:05:06Z
2026-05-30T16:04:09Z,2026-05-30T18:04:09+0200,f5ca70ef-bf28-4256-b93b-6a2c907b2b36,2026-05-23T06:00:00Z,2026-05-23T08:00:00+0200,3807.84277,MW,FR,FR,forecast_solar_generation,Solar,2026-05-30T16:05:06Z
2026-05-30T16:04:09Z,2026-05-30T18:04:09+0200,f5ca70ef-bf28-4256-b93b-6a2c907b2b36,2026-05-23T06:15:00Z,2026-05-23T08:15:00+0200,4939.44678,MW,FR,FR,forecast_solar_generation,Solar,2026-05-30T16:05:06Z
2026-05-30T16:04:09Z,2026-05-30T18:04:09+0200,f5ca70ef-bf28-4256-b93b-6a2c907b2b36,2026-05-23T06:30:00Z,2026-05-23T08:30:00+0200,6130.41064,MW,FR,FR,forecast_solar_generation,Solar,2026-05-30T16:05:06Z
2026-05-30T16:04:09Z,2026-05-30T18:04:09+0200,f5ca70ef-bf28-4256-b93b-6a2c907b2b36,2026-05-23T06:45:00Z,2026-05-23T08:45:00+0200,7389.34912,MW,FR,FR,forecast_solar_generation,Solar,2026-05-30T16:05:06Z
2026-05-30T16:04:09Z,2026-05-30T18:04:09+0200,f5ca70ef-bf28-4256-b93b-6a2c907b2b36,2026-05-23T07:00:00Z,2026-05-23T09:00:00+0200,8649.7207,MW,FR,FR,forecast_solar_generation,Solar,2026-05-30T16:05:06Z
2026-05-30T16:04:09Z,2026-05-30T18:04:09+0200,f5ca70ef-bf28-4256-b93b-6a2c907b2b36,2026-05-23T07:15:00Z,2026-05-23T09:15:00+0200,9822.10059,MW,FR,FR,forecast_solar_generation,Solar,2026-05-30T16:05:06Z
2026-05-30T16:04:09Z,2026-05-30T18:04:09+0200,f5ca70ef-bf28-4256-b93b-6a2c907b2b36,2026-05-23T07:30:00Z,2026-05-23T09:30:00+0200,11031.16504,MW,FR,FR,forecast_solar_generation,Solar,2026-05-30T16:05:06Z
2026-05-30T16:04:09Z,2026-05-30T18:04:09+0200,f5ca70ef-bf28-4256-b93b-6a2c907b2b36,2026-05-23T07:45:00Z,2026-05-23T09:45:00+0200,12125.33984,MW,FR,FR,forecast_solar_generation,Solar,2026-05-30T16:05:06Z
2026-05-30T16:04:09Z,2026-05-30T18:04:09+0200,f5ca70ef-bf28-4256-b93b-6a2c907b2b36,2026-05-23T08:00:00Z,2026-05-23T10:00:00+0200,9994.61133,MW,FR,FR,forecast_solar_generation,Solar,2026-05-30T16:05:06Z
2026-05-30T16:04:09Z,2026-05-30T18:04:09+0200,f5ca70ef-bf28-4256-b93b-6a2c907b2b36,2026-05-23T08:15:00Z,2026-05-23T10:15:00+0200,10789.0,MW,FR,FR,forecast_solar_generation,Solar,2026-05-30T16:05:06Z
2026-05-30T16:04:09Z,2026-05-30T18:04:09+0200,f5ca70ef-bf28-4256-b93b-6a2c907b2b36,2026-05-23T08:30:00Z,2026-05-23T10:30:00+0200,10222.40039,MW,FR,FR,forecast_solar_generation,Solar,2026-05-30T16:05:06Z
2026-05-30T16:04:09Z,2026-05-30T18:04:09+0200,f5ca70ef-bf28-4256-b93b-6a2c907b2b36,2026-05-23T08:45:00Z,2026-05-23T10:45:00+0200,10789.64941,MW,FR,FR,forecast_solar_generation,Solar,2026-05-30T16:05:06Z
2026-05-30T16:04:09Z,2026-05-30T18:04:09+0200,f5ca70ef-bf28-4256-b93b-6a2c907b2b36,2026-05-23T09:00:00Z,2026-05-23T11:00:00+0200,11347.35938,MW,FR,FR,forecast_solar_generation,Solar,2026-05-30T16:05:06Z
2026-05-30T16:04:09Z,2026-05-30T18:04:09+0200,f5ca70ef-bf28-4256-b93b-6a2c907b2b36,2026-05-23T09:15:00Z,2026-05-23T11:15:00+0200,11884.56543,MW,FR,FR,forecast_solar_generation,Solar,2026-05-30T16:05:06Z
2026-05-30T16:04:09Z,2026-05-30T18:04:09+0200,f5ca70ef-bf28-4256-b93b-6a2c907b2b36,2026-05-23T09:30:00Z,2026-05-23T11:30:00+0200,12405.12988,MW,FR,FR,forecast_solar_generation,Solar,2026-05-30T16:05:06Z
2026-05-30T16:04:09Z,2026-05-30T18:04:09+0200,f5ca70ef-bf28-4256-b93b-6a2c907b2b36,2026-05-23T09:45:00Z,2026-05-23T11:45:00+0200,12727.77441,MW,FR,FR,forecast_solar_generation,Solar,2026-05-30T16:05:06Z
2026-05-30T16:04:09Z,2026-05-30T18:04:09+0200,f5ca70ef-bf28-4256-b93b-6a2c907b2b36,2026-05-23T10:00:00Z,2026-05-23T12:00:00+0200,13060.61426,MW,FR,FR,forecast_solar_generation,Solar,2026-05-30T16:05:06Z
2026-05-30T16:04:09Z,2026-05-30T18:04:09+0200,f5ca70ef-bf28-4256-b93b-6a2c907b2b36,2026-05-23T10:15:00Z,2026-05-23T12:15:00+0200,13337.11621,MW,FR,FR,forecast_solar_generation,Solar,2026-05-30T16:05:06Z
2026-05-30T16:04:09Z,2026-05-30T18:04:09+0200,f5ca70ef-bf28-4256-b93b-6a2c907b2b36,2026-05-23T10:30:00Z,2026-05-23T12:30:00+0200,13589.00195,MW,FR,FR,forecast_solar_generation,Solar,2026-05-30T16:05:06Z
2026-05-30T16:04:09Z,2026-05-30T18:04:09+0200,f5ca70ef-bf28-4256-b93b-6a2c907b2b36,2026-05-23T10:45:00Z,2026-05-23T12:45:00+0200,13730.42773,MW,FR,FR,forecast_solar_generation,Solar,2026-05-30T16:05:06Z
2026-05-30T16:04:09Z,2026-05-30T18:04:09+0200,f5ca70ef-bf28-4256-b93b-6a2c907b2b36,2026-05-23T11:00:00Z,2026-05-23T13:00:00+0200,13862.88281,MW,FR,FR,forecast_solar_generation,Solar,2026-05-30T16:05:06Z
2026-05-30T16:04:09Z,2026-05-30T18:04:09+0200,f5ca70ef-bf28-4256-b93b-6a2c907b2b36,2026-05-23T11:15:00Z,2026-05-23T13:15:00+0200,13924.72754,MW,FR,FR,forecast_solar_generation,Solar,2026-05-30T16:05:06Z
2026-05-30T16:04:09Z,2026-05-30T18:04:09+0200,f5ca70ef-bf28-4256-b93b-6a2c907b2b36,2026-05-23T11:30:00Z,2026-05-23T13:30:00+0200,13958.34375,MW,FR,FR,forecast_solar_generation,Solar,2026-05-30T16:05:06Z
2026-05-30T16:04:09Z,2026-05-30T18:04:09+0200,f5ca70ef-bf28-4256-b93b-6a2c907b2b36,2026-05-23T11:45:00Z,2026-05-23T13:45:00+0200,13969.9082,MW,FR,FR,forecast_solar_generation,Solar,2026-05-30T16:05:06Z
2026-05-30T16:04:09Z,2026-05-30T18:04:09+0200,f5ca70ef-bf28-4256-b93b-6a2c907b2b36,2026-05-23T12:00:00Z,2026-05-23T14:00:00+0200,13978.21484,MW,FR,FR,forecast_solar_generation,Solar,2026-05-30T16:05:06Z
2026-05-30T16:04:09Z,2026-05-30T18:04:09+0200,f5ca70ef-bf28-4256-b93b-6a2c907b2b36,2026-05-23T12:15:00Z,2026-05-23T14:15:00+0200,13955.53906,MW,FR,FR,forecast_solar_generation,Solar,2026-05-30T16:05:06Z
2026-05-30T16:04:09Z,2026-05-30T18:04:09+0200,f5ca70ef-bf28-4256-b93b-6a2c907b2b36,2026-05-23T12:30:00Z,2026-05-23T14:30:00+0200,13920.20215,MW,FR,FR,forecast_solar_generation,Solar,2026-05-30T16:05:06Z
2026-05-30T16:04:09Z,2026-05-30T18:04:09+0200,f5ca70ef-bf28-4256-b93b-6a2c907b2b36,2026-05-23T12:45:00Z,2026-05-23T14:45:00+0200,13855.89551,MW,FR,FR,forecast_solar_generation,Solar,2026-05-30T16:05:06Z
2026-05-30T16:04:09Z,2026-05-30T18:04:09+0200,f5ca70ef-bf28-4256-b93b-6a2c907b2b36,2026-05-23T13:00:00Z,2026-05-23T15:00:00+0200,13727.6084,MW,FR,FR,forecast_solar_generation,Solar,2026-05-30T16:05:06Z
2026-05-30T16:04:09Z,2026-05-30T18:04:09+0200,f5ca70ef-bf28-4256-b93b-6a2c907b2b36,2026-05-23T13:15:00Z,2026-05-23T15:15:00+0200,13499.2793,MW,FR,FR,forecast_solar_generation,Solar,2026-05-30T16:05:06Z
2026-05-30T16:04:09Z,2026-05-30T18:04:09+0200,f5ca70ef-bf28-4256-b93b-6a2c907b2b36,2026-05-23T13:30:00Z,2026-05-23T15:30:00+0200,13247.25684,MW,FR,FR,forecast_solar_generation,Solar,2026-05-30T16:05:06Z
2026-05-30T16:04:09Z,2026-05-30T18:04:09+0200,f5ca70ef-bf28-4256-b93b-6a2c907b2b36,2026-05-23T13:45:00Z,2026-05-23T15:45:00+0200,12941.78613,MW,FR,FR,forecast_solar_generation,Solar,2026-05-30T16:05:06Z
2026-05-30T16:04:09Z,2026-05-30T18:04:09+0200,f5ca70ef-bf28-4256-b93b-6a2c907b2b36,2026-05-23T14:00:00Z,2026-05-23T16:00:00+0200,12600.49902,MW,FR,FR,forecast_solar_generation,Solar,2026-05-30T16:05:06Z
2026-05-30T16:04:09Z,2026-05-30T18:04:09+0200,f5ca70ef-bf28-4256-b93b-6a2c907b2b36,2026-05-23T14:15:00Z,2026-05-23T16:15:00+0200,12204.46289,MW,FR,FR,forecast_solar_generation,Solar,2026-05-30T16:05:06Z
2026-05-30T16:04:09Z,2026-05-30T18:04:09+0200,f5ca70ef-bf28-4256-b93b-6a2c907b2b36,2026-05-23T14:30:00Z,2026-05-23T16:30:00+0200,13157.5127,MW,FR,FR,forecast_solar_generation,Solar,2026-05-30T16:05:06Z
2026-05-30T16:04:09Z,2026-05-30T18:04:09+0200,f5ca70ef-bf28-4256-b93b-6a2c907b2b36,2026-05-23T14:45:00Z,2026-05-23T16:45:00+0200,12455.55762,MW,FR,FR,forecast_solar_generation,Solar,2026-05-30T16:05:06Z
2026-05-30T16:04:09Z,2026-05-30T18:04:09+0200,f5ca70ef-bf28-4256-b93b-6a2c907b2b36,2026-05-23T15:00:00Z,2026-05-23T17:00:00+0200,11834.60449,MW,FR,FR,forecast_solar_generation,Solar,2026-05-30T16:05:06Z
2026-05-30T16:04:09Z,2026-05-30T18:04:09+0200,f5ca70ef-bf28-4256-b93b-6a2c907b2b36,2026-05-23T15:15:00Z,2026-05-23T17:15:00+0200,11217.99707,MW,FR,FR,forecast_solar_generation,Solar,2026-05-30T16:05:06Z
2026-05-30T16:04:09Z,2026-05-30T18:04:09+0200,f5ca70ef-bf28-4256-b93b-6a2c907b2b36,2026-05-23T15:30:00Z,2026-05-23T17:30:00+0200,10527.9668,MW,FR,FR,forecast_solar_generation,Solar,2026-05-30T16:05:06Z
2026-05-30T16:04:09Z,2026-05-30T18:04:09+0200,f5ca70ef-bf28-4256-b93b-6a2c907b2b36,2026-05-23T15:45:00Z,2026-05-23T17:45:00+0200,9844.89551,MW,FR,FR,forecast_solar_generation,Solar,2026-05-30T16:05:06Z
2026-05-30T16:04:09Z,2026-05-30T18:04:09+0200,f5ca70ef-bf28-4256-b93b-6a2c907b2b36,2026-05-23T16:00:00Z,2026-05-23T18:00:00+0200,11926.82031,MW,FR,FR,forecast_solar_generation,Solar,2026-05-30T16:05:06Z
2026-05-30T16:04:09Z,2026-05-30T18:04:09+0200,f5ca70ef-bf28-4256-b93b-6a2c907b2b36,2026-05-23T16:15:00Z,2026-05-23T18:15:00+0200,10838.45312,MW,FR,FR,forecast_solar_generation,Solar,2026-05-30T16:05:06Z
2026-05-30T16:04:09Z,2026-05-30T18:04:09+0200,f5ca70ef-bf28-4256-b93b-6a2c907b2b36,2026-05-23T16:30:00Z,2026-05-23T18:30:00+0200,9689.80859,MW,FR,FR,forecast_solar_generation,Solar,2026-05-30T16:05:06Z
2026-05-30T16:04:09Z,2026-05-30T18:04:09+0200,f5ca70ef-bf28-4256-b93b-6a2c907b2b36,2026-05-23T16:45:00Z,2026-05-23T18:45:00+0200,8579.7627,MW,FR,FR,forecast_solar_generation,Solar,2026-05-30T16:05:06Z
2026-05-30T16:04:09Z,2026-05-30T18:04:09+0200,f5ca70ef-bf28-4256-b93b-6a2c907b2b36,2026-05-23T17:00:00Z,2026-05-23T19:00:00+0200,7319.81885,MW,FR,FR,forecast_solar_generation,Solar,2026-05-30T16:05:06Z
2026-05-30T16:04:09Z,2026-05-30T18:04:09+0200,f5ca70ef-bf28-4256-b93b-6a2c907b2b36,2026-05-23T17:15:00Z,2026-05-23T19:15:00+0200,6193.53027,MW,FR,FR,forecast_solar_generation,Solar,2026-05-30T16:05:06Z
2026-05-30T16:04:09Z,2026-05-30T18:04:09+0200,f5ca70ef-bf28-4256-b93b-6a2c907b2b36,2026-05-23T17:30:00Z,2026-05-23T19:30:00+0200,4907.70557,MW,FR,FR,forecast_solar_generation,Solar,2026-05-30T16:05:06Z
2026-05-30T16:04:09Z,2026-05-30T18:04:09+0200,f5ca70ef-bf28-4256-b93b-6a2c907b2b36,2026-05-23T17:45:00Z,2026-05-23T19:45:00+0200,3950.89502,MW,FR,FR,forecast_solar_generation,Solar,2026-05-30T16:05:06Z
2026-05-30T16:04:09Z,2026-05-30T18:04:09+0200,f5ca70ef-bf28-4256-b93b-6a2c907b2b36,2026-05-23T18:00:00Z,2026-05-23T20:00:00+0200,2912.96509,MW,FR,FR,forecast_solar_generation,Solar,2026-05-30T16:05:06Z
2026-05-30T16:04:09Z,2026-05-30T18:04:09+0200,f5ca70ef-bf28-4256-b93b-6a2c907b2b36,2026-05-23T18:15:00Z,2026-05-23T20:15:00+0200,2088.47656,MW,FR,FR,forecast_solar_generation,Solar,2026-05-30T16:05:06Z
2026-05-30T16:04:09Z,2026-05-30T18:04:09+0200,f5ca70ef-bf28-4256-b93b-6a2c907b2b36,2026-05-23T18:30:00Z,2026-05-23T20:30:00+0200,1364.57544,MW,FR,FR,forecast_solar_generation,Solar,2026-05-30T16:05:06Z
2026-05-30T16:04:09Z,2026-05-30T18:04:09+0200,f5ca70ef-bf28-4256-b93b-6a2c907b2b36,2026-05-23T18:45:00Z,2026-05-23T20:45:00+0200,941.86731,MW,FR,FR,forecast_solar_generation,Solar,2026-05-30T16:05:06Z
2026-05-30T16:04:09Z,2026-05-30T18:04:09+0200,f5ca70ef-bf28-4256-b93b-6a2c907b2b36,2026-05-23T19:00:00Z,2026-05-23T21:00:00+0200,582.76355,MW,FR,FR,forecast_solar_generation,Solar,2026-05-30T16:05:06Z
2026-05-30T16:04:09Z,2026-05-30T18:04:09+0200,f5ca70ef-bf28-4256-b93b-6a2c907b2b36,2026-05-23T19:15:00Z,2026-05-23T21:15:00+0200,262.43942,MW,FR,FR,forecast_solar_generation,Solar,2026-05-30T16:05:06Z
2026-05-30T16:04:09Z,2026-05-30T18:04:09+0200,f5ca70ef-bf28-4256-b93b-6a2c907b2b36,2026-05-23T19:30:00Z,2026-05-23T21:30:00+0200,66.70082,MW,FR,FR,forecast_solar_generation,Solar,2026-05-30T16:05:06Z
2026-05-30T16:04:09Z,2026-05-30T18:04:09+0200,f5ca70ef-bf28-4256-b93b-6a2c907b2b36,2026-05-23T19:45:00Z,2026-05-23T21:45:00+0200,11.28341,MW,FR,FR,forecast_solar_generation,Solar,2026-05-30T16:05:06Z
2026-05-30T16:04:09Z,2026-05-30T18:04:09+0200,f5ca70ef-bf28-4256-b93b-6a2c907b2b36,2026-05-23T20:00:00Z,2026-05-23T22:00:00+0200,0.0,MW,FR,FR,forecast_solar_generation,Solar,2026-05-30T16:05:06Z
2026-05-30T16:04:09Z,2026-05-30T18:04:09+0200,f5ca70ef-bf28-4256-b93b-6a2c907b2b36,2026-05-23T20:15:00Z,2026-05-23T22:15:00+0200,0.0,MW,FR,FR,forecast_solar_generation,Solar,2026-05-30T16:05:06Z
2026-05-30T16:04:09Z,2026-05-30T18:04:09+0200,f5ca70ef-bf28-4256-b93b-6a2c907b2b36,2026-05-23T20:30:00Z,2026-05-23T22:30:00+0200,0.0,MW,FR,FR,forecast_solar_generation,Solar,2026-05-30T16:05:06Z
2026-05-30T16:04:09Z,2026-05-30T18:04:09+0200,f5ca70ef-bf28-4256-b93b-6a2c907b2b36,2026-05-23T20:45:00Z,2026-05-23T22:45:00+0200,0.0,MW,FR,FR,forecast_solar_generation,Solar,2026-05-30T16:05:06Z
2026-05-30T16:04:09Z,2026-05-30T18:04:09+0200,f5ca70ef-bf28-4256-b93b-6a2c907b2b36,2026-05-23T21:00:00Z,2026-05-23T23:00:00+0200,0.0,MW,FR,FR,forecast_solar_generation,Solar,2026-05-30T16:05:06Z
2026-05-30T16:04:09Z,2026-05-30T18:04:09+0200,f5ca70ef-bf28-4256-b93b-6a2c907b2b36,2026-05-23T21:15:00Z,2026-05-23T23:15:00+0200,0.0,MW,FR,FR,forecast_solar_generation,Solar,2026-05-30T16:05:06Z
2026-05-30T16:04:09Z,2026-05-30T18:04:09+0200,f5ca70ef-bf28-4256-b93b-6a2c907b2b36,2026-05-23T21:30:00Z,2026-05-23T23:30:00+0200,0.0,MW,FR,FR,forecast_solar_generation,Solar,2026-05-30T16:05:06Z
2026-05-30T16:04:09Z,2026-05-30T18:04:09+0200,f5ca70ef-bf28-4256-b93b-6a2c907b2b36,2026-05-23T21:45:00Z,2026-05-23T23:45:00+0200,0.0,MW,FR,FR,forecast_solar_generation,Solar,2026-05-30T16:05:06Z
2026-05-30T16:04:09Z,2026-05-30T18:04:09+0200,f5ca70ef-bf28-4256-b93b-6a2c907b2b36,2026-05-23T22:00:00Z,2026-05-24T00:00:00+0200,0.0,MW,FR,FR,forecast_solar_generation,Solar,2026-05-30T16:05:06Z
2026-05-30T16:04:09Z,2026-05-30T18:04:09+0200,f5ca70ef-bf28-4256-b93b-6a2c907b2b36,2026-05-23T22:15:00Z,2026-05-24T00:15:00+0200,0.0,MW,FR,FR,forecast_solar_generation,Solar,2026-05-30T16:05:06Z
2026-05-30T16:04:09Z,2026-05-30T18:04:09+0200,f5ca70ef-bf28-4256-b93b-6a2c907b2b36,2026-05-23T22:30:00Z,2026-05-24T00:30:00+0200,0.0,MW,FR,FR,forecast_solar_generation,Solar,2026-05-30T16:05:06Z
2026-05-30T16:04:09Z,2026-05-30T18:04:09+0200,f5ca70ef-bf28-4256-b93b-6a2c907b2b36,2026-05-23T22:45:00Z,2026-05-24T00:45:00+0200,0.0,MW,FR,FR,forecast_solar_generation,Solar,2026-05-30T16:05:06Z
2026-05-30T16:04:09Z,2026-05-30T18:04:09+0200,f5ca70ef-bf28-4256-b93b-6a2c907b2b36,2026-05-23T23:00:00Z,2026-05-24T01:00:00+0200,0.0,MW,FR,FR,forecast_solar_generation,Solar,2026-05-30T16:05:06Z
2026-05-30T16:04:09Z,2026-05-30T18:04:09+0200,f5ca70ef-bf28-4256-b93b-6a2c907b2b36,2026-05-23T23:15:00Z,2026-05-24T01:15:00+0200,0.0,MW,FR,FR,forecast_solar_generation,Solar,2026-05-30T16:05:06Z
2026-05-30T16:04:09Z,2026-05-30T18:04:09+0200,f5ca70ef-bf28-4256-b93b-6a2c907b2b36,2026-05-23T23:30:00Z,2026-05-24T01:30:00+0200,0.0,MW,FR,FR,forecast_solar_generation,Solar,2026-05-30T16:05:06Z
2026-05-30T16:04:09Z,2026-05-30T18:04:09+0200,f5ca70ef-bf28-4256-b93b-6a2c907b2b36,2026-05-23T23:45:00Z,2026-05-24T01:45:00+0200,0.0,MW,FR,FR,forecast_solar_generation,Solar,2026-05-30T16:05:06Z
2026-05-30T16:04:09Z,2026-05-30T18:04:09+0200,f5ca70ef-bf28-4256-b93b-6a2c907b2b36,2026-05-24T00:00:00Z,2026-05-24T02:00:00+0200,0.0,MW,FR,FR,forecast_solar_generation,Solar,2026-05-30T16:05:06Z
2026-05-30T16:04:09Z,2026-05-30T18:04:09+0200,f5ca70ef-bf28-4256-b93b-6a2c907b2b36,2026-05-24T00:15:00Z,2026-05-24T02:15:00+0200,0.0,MW,FR,FR,forecast_solar_generation,Solar,2026-05-30T16:05:06Z
2026-05-30T16:04:09Z,2026-05-30T18:04:09+0200,f5ca70ef-bf28-4256-b93b-6a2c907b2b36,2026-05-24T00:30:00Z,2026-05-24T02:30:00+0200,0.0,MW,FR,FR,forecast_solar_generation,Solar,2026-05-30T16:05:06Z
2026-05-30T16:04:09Z,2026-05-30T18:04:09+0200,f5ca70ef-bf28-4256-b93b-6a2c907b2b36,2026-05-24T00:45:00Z,2026-05-24T02:45:00+0200,0.0,MW,FR,FR,forecast_solar_generation,Solar,2026-05-30T16:05:06Z
2026-05-30T16:04:09Z,2026-05-30T18:04:09+0200,f5ca70ef-bf28-4256-b93b-6a2c907b2b36,2026-05-24T01:00:00Z,2026-05-24T03:00:00+0200,0.0,MW,FR,FR,forecast_solar_generation,Solar,2026-05-30T16:05:06Z
2026-05-30T16:04:09Z,2026-05-30T18:04:09+0200,f5ca70ef-bf28-4256-b93b-6a2c907b2b36,2026-05-24T01:15:00Z,2026-05-24T03:15:00+0200,0.0,MW,FR,FR,forecast_solar_generation,Solar,2026-05-30T16:05:06Z
2026-05-30T16:04:09Z,2026-05-30T18:04:09+0200,f5ca70ef-bf28-4256-b93b-6a2c907b2b36,2026-05-24T01:30:00Z,2026-05-24T03:30:00+0200,0.0,MW,FR,FR,forecast_solar_generation,Solar,2026-05-30T16:05:06Z
2026-05-30T16:04:09Z,2026-05-30T18:04:09+0200,f5ca70ef-bf28-4256-b93b-6a2c907b2b36,2026-05-24T01:45:00Z,2026-05-24T03:45:00+0200,0.0,MW,FR,FR,forecast_solar_generation,Solar,2026-05-30T16:05:06Z
2026-05-30T16:04:09Z,2026-05-30T18:04:09+0200,f5ca70ef-bf28-4256-b93b-6a2c907b2b36,2026-05-24T02:00:00Z,2026-05-24T04:00:00+0200,0.0,MW,FR,FR,forecast_solar_generation,Solar,2026-05-30T16:05:06Z
2026-05-30T16:04:09Z,2026-05-30T18:04:09+0200,f5ca70ef-bf28-4256-b93b-6a2c907b2b36,2026-05-24T02:15:00Z,2026-05-24T04:15:00+0200,0.0,MW,FR,FR,forecast_solar_generation,Solar,2026-05-30T16:05:06Z
2026-05-30T16:04:09Z,2026-05-30T18:04:09+0200,f5ca70ef-bf28-4256-b93b-6a2c907b2b36,2026-05-24T02:30:00Z,2026-05-24T04:30:00+0200,0.0,MW,FR,FR,forecast_solar_generation,Solar,2026-05-30T16:05:06Z
2026-05-30T16:04:09Z,2026-05-30T18:04:09+0200,f5ca70ef-bf28-4256-b93b-6a2c907b2b36,2026-05-24T02:45:00Z,2026-05-24T04:45:00+0200,0.0,MW,FR,FR,forecast_solar_generation,Solar,2026-05-30T16:05:06Z
2026-05-30T16:04:09Z,2026-05-30T18:04:09+0200,f5ca70ef-bf28-4256-b93b-6a2c907b2b36,2026-05-24T03:00:00Z,2026-05-24T05:00:00+0200,0.0,MW,FR,FR,forecast_solar_generation,Solar,2026-05-30T16:05:06Z
2026-05-30T16:04:09Z,2026-05-30T18:04:09+0200,f5ca70ef-bf28-4256-b93b-6a2c907b2b36,2026-05-24T03:15:00Z,2026-05-24T05:15:00+0200,0.0,MW,FR,FR,forecast_solar_generation,Solar,2026-05-30T16:05:06Z
2026-05-30T16:04:09Z,2026-05-30T18:04:09+0200,f5ca70ef-bf28-4256-b93b-6a2c907b2b36,2026-05-24T03:30:00Z,2026-05-24T05:30:00+0200,0.0,MW,FR,FR,forecast_solar_generation,Solar,2026-05-30T16:05:06Z
2026-05-30T16:04:09Z,2026-05-30T18:04:09+0200,f5ca70ef-bf28-4256-b93b-6a2c907b2b36,2026-05-24T03:45:00Z,2026-05-24T05:45:00+0200,0.0,MW,FR,FR,forecast_solar_generation,Solar,2026-05-30T16:05:06Z
2026-05-30T16:04:09Z,2026-05-30T18:04:09+0200,f5ca70ef-bf28-4256-b93b-6a2c907b2b36,2026-05-24T04:00:00Z,2026-05-24T06:00:00+0200,0.0,MW,FR,FR,forecast_solar_generation,Solar,2026-05-30T16:05:06Z
2026-05-30T16:04:09Z,2026-05-30T18:04:09+0200,f5ca70ef-bf28-4256-b93b-6a2c907b2b36,2026-05-24T04:15:00Z,2026-05-24T06:15:00+0200,99.0303,MW,FR,FR,forecast_solar_generation,Solar,2026-05-30T16:05:06Z
2026-05-30T16:04:09Z,2026-05-30T18:04:09+0200,f5ca70ef-bf28-4256-b93b-6a2c907b2b36,2026-05-24T04:30:00Z,2026-05-24T06:30:00+0200,222.43576,MW,FR,FR,forecast_solar_generation,Solar,2026-05-30T16:05:06Z
2026-05-30T16:04:09Z,2026-05-30T18:04:09+0200,f5ca70ef-bf28-4256-b93b-6a2c907b2b36,2026-05-24T04:45:00Z,2026-05-24T06:45:00+0200,569.67157,MW,FR,FR,forecast_solar_generation,Solar,2026-05-30T16:05:06Z
2026-05-30T16:04:09Z,2026-05-30T18:04:09+0200,f5ca70ef-bf28-4256-b93b-6a2c907b2b36,2026-05-24T05:00:00Z,2026-05-24T07:00:00+0200,980.6792,MW,FR,FR,forecast_solar_generation,Solar,2026-05-30T16:05:06Z
2026-05-30T16:04:09Z,2026-05-30T18:04:09+0200,f5ca70ef-bf28-4256-b93b-6a2c907b2b36,2026-05-24T05:15:00Z,2026-05-24T07:15:00+0200,1494.50342,MW,FR,FR,forecast_solar_generation,Solar,2026-05-30T16:05:06Z
2026-05-30T16:04:09Z,2026-05-30T18:04:09+0200,f5ca70ef-bf28-4256-b93b-6a2c907b2b36,2026-05-24T05:30:00Z,2026-05-24T07:30:00+0200,2053.90454,MW,FR,FR,forecast_solar_generation,Solar,2026-05-30T16:05:06Z
2026-05-30T16:04:09Z,2026-05-30T18:04:09+0200,f5ca70ef-bf28-4256-b93b-6a2c907b2b36,2026-05-24T05:45:00Z,2026-05-24T07:45:00+0200,2965.61938,MW,FR,FR,forecast_solar_generation,Solar,2026-05-30T16:05:06Z
2026-05-30T16:04:09Z,2026-05-30T18:04:09+0200,f5ca70ef-bf28-4256-b93b-6a2c907b2b36,2026-05-24T06:00:00Z,2026-05-24T08:00:00+0200,3931.80713,MW,FR,FR,forecast_solar_generation,Solar,2026-05-30T16:05:06Z
2026-05-30T16:04:09Z,2026-05-30T18:04:09+0200,f5ca70ef-bf28-4256-b93b-6a2c907b2b36,2026-05-24T06:15:00Z,2026-05-24T08:15:00+0200,5104.9624,MW,FR,FR,forecast_solar_generation,Solar,2026-05-30T16:05:06Z
2026-05-30T16:04:09Z,2026-05-30T18:04:09+0200,f5ca70ef-bf28-4256-b93b-6a2c907b2b36,2026-05-24T06:30:00Z,2026-05-24T08:30:00+0200,6319.93262,MW,FR,FR,forecast_solar_generation,Solar,2026-05-30T16:05:06Z
2026-05-30T16:04:09Z,2026-05-30T18:04:09+0200,f5ca70ef-bf28-4256-b93b-6a2c907b2b36,2026-05-24T06:45:00Z,2026-05-24T08:45:00+0200,7614.18262,MW,FR,FR,forecast_solar_generation,Solar,2026-05-30T16:05:06Z
2026-05-30T16:04:09Z,2026-05-30T18:04:09+0200,f5ca70ef-bf28-4256-b93b-6a2c907b2b36,2026-05-24T07:00:00Z,2026-05-24T09:00:00+0200,8920.50098,MW,FR,FR,forecast_solar_generation,Solar,2026-05-30T16:05:06Z
2026-05-30T16:04:09Z,2026-05-30T18:04:09+0200,f5ca70ef-bf28-4256-b93b-6a2c907b2b36,2026-05-24T07:15:00Z,2026-05-24T09:15:00+0200,10173.25781,MW,FR,FR,forecast_solar_generation,Solar,2026-05-30T16:05:06Z
2026-05-30T16:04:09Z,2026-05-30T18:04:09+0200,f5ca70ef-bf28-4256-b93b-6a2c907b2b36,2026-05-24T07:30:00Z,2026-05-24T09:30:00+0200,8603.71777,MW,FR,FR,forecast_solar_generation,Solar,2026-05-30T16:05:06Z
2026-05-30T16:04:09Z,2026-05-30T18:04:09+0200,f5ca70ef-bf28-4256-b93b-6a2c907b2b36,2026-05-24T07:45:00Z,2026-05-24T09:45:00+0200,8413.92188,MW,FR,FR,forecast_solar_generation,Solar,2026-05-30T16:05:06Z
2026-05-30T16:04:09Z,2026-05-30T18:04:09+0200,f5ca70ef-bf28-4256-b93b-6a2c907b2b36,2026-05-24T08:00:00Z,2026-05-24T10:00:00+0200,9172.4834,MW,FR,FR,forecast_solar_generation,Solar,2026-05-30T16:05:06Z
2026-05-30T16:04:09Z,2026-05-30T18:04:09+0200,f5ca70ef-bf28-4256-b93b-6a2c907b2b36,2026-05-24T08:15:00Z,2026-05-24T10:15:00+0200,9911.54883,MW,FR,FR,forecast_solar_generation,Solar,2026-05-30T16:05:06Z
2026-05-30T16:04:09Z,2026-05-30T18:04:09+0200,f5ca70ef-bf28-4256-b93b-6a2c907b2b36,2026-05-24T08:30:00Z,2026-05-24T10:30:00+0200,10567.82324,MW,FR,FR,forecast_solar_generation,Solar,2026-05-30T16:05:06Z
2026-05-30T16:04:09Z,2026-05-30T18:04:09+0200,f5ca70ef-bf28-4256-b93b-6a2c907b2b36,2026-05-24T08:45:00Z,2026-05-24T10:45:00+0200,11120.38379,MW,FR,FR,forecast_solar_generation,Solar,2026-05-30T16:05:06Z
2026-05-30T16:04:09Z,2026-05-30T18:04:09+0200,f5ca70ef-bf28-4256-b93b-6a2c907b2b36,2026-05-24T09:00:00Z,2026-05-24T11:00:00+0200,11660.31055,MW,FR,FR,forecast_solar_generation,Solar,2026-05-30T16:05:06Z
2026-05-30T16:04:09Z,2026-05-30T18:04:09+0200,f5ca70ef-bf28-4256-b93b-6a2c907b2b36,2026-05-24T09:15:00Z,2026-05-24T11:15:00+0200,12206.22168,MW,FR,FR,forecast_solar_generation,Solar,2026-05-30T16:05:06Z
2026-05-30T16:04:09Z,2026-05-30T18:04:09+0200,f5ca70ef-bf28-4256-b93b-6a2c907b2b36,2026-05-24T09:30:00Z,2026-05-24T11:30:00+0200,12700.45996,MW,FR,FR,forecast_solar_generation,Solar,2026-05-30T16:05:06Z
2026-05-30T16:04:09Z,2026-05-30T18:04:09+0200,f5ca70ef-bf28-4256-b93b-6a2c907b2b36,2026-05-24T09:45:00Z,2026-05-24T11:45:00+0200,13040.51074,MW,FR,FR,forecast_solar_generation,Solar,2026-05-30T16:05:06Z
2026-05-30T16:04:09Z,2026-05-30T18:04:09+0200,f5ca70ef-bf28-4256-b93b-6a2c907b2b36,2026-05-24T10:00:00Z,2026-05-24T12:00:00+0200,13337.6416,MW,FR,FR,forecast_solar_generation,Solar,2026-05-30T16:05:06Z
2026-05-30T16:04:09Z,2026-05-30T18:04:09+0200,f5ca70ef-bf28-4256-b93b-6a2c907b2b36,2026-05-24T10:15:00Z,2026-05-24T12:15:00+0200,13591.42383,MW,FR,FR,forecast_solar_generation,Solar,2026-05-30T16:05:06Z
2026-05-30T16:04:09Z,2026-05-30T18:04:09+0200,f5ca70ef-bf28-4256-b93b-6a2c907b2b36,2026-05-24T10:30:00Z,2026-05-24T12:30:00+0200,13826.26465,MW,FR,FR,forecast_solar_generation,Solar,2026-05-30T16:05:06Z
2026-05-30T16:04:09Z,2026-05-30T18:04:09+0200,f5ca70ef-bf28-4256-b93b-6a2c907b2b36,2026-05-24T10:45:00Z,2026-05-24T12:45:00+0200,13951.13477,MW,FR,FR,forecast_solar_generation,Solar,2026-05-30T16:05:06Z
2026-05-30T16:04:09Z,2026-05-30T18:04:09+0200,f5ca70ef-bf28-4256-b93b-6a2c907b2b36,2026-05-24T11:00:00Z,2026-05-24T13:00:00+0200,14065.11523,MW,FR,FR,forecast_solar_generation,Solar,2026-05-30T16:05:06Z
2026-05-30T16:04:09Z,2026-05-30T18:04:09+0200,f5ca70ef-bf28-4256-b93b-6a2c907b2b36,2026-05-24T11:15:00Z,2026-05-24T13:15:00+0200,14104.9834,MW,FR,FR,forecast_solar_generation,Solar,2026-05-30T16:05:06Z
2026-05-30T16:04:09Z,2026-05-30T18:04:09+0200,f5ca70ef-bf28-4256-b93b-6a2c907b2b36,2026-05-24T11:30:00Z,2026-05-24T13:30:00+0200,14132.38965,MW,FR,FR,forecast_solar_generation,Solar,2026-05-30T16:05:06Z
2026-05-30T16:04:09Z,2026-05-30T18:04:09+0200,f5ca70ef-bf28-4256-b93b-6a2c907b2b36,2026-05-24T11:45:00Z,2026-05-24T13:45:00+0200,14124.72168,MW,FR,FR,forecast_solar_generation,Solar,2026-05-30T16:05:06Z
2026-05-30T16:04:09Z,2026-05-30T18:04:09+0200,f5ca70ef-bf28-4256-b93b-6a2c907b2b36,2026-05-24T12:00:00Z,2026-05-24T14:00:00+0200,14087.27637,MW,FR,FR,forecast_solar_generation,Solar,2026-05-30T16:05:06Z
2026-05-30T16:04:09Z,2026-05-30T18:04:09+0200,f5ca70ef-bf28-4256-b93b-6a2c907b2b36,2026-05-24T12:15:00Z,2026-05-24T14:15:00+0200,14020.10449,MW,FR,FR,forecast_solar_generation,Solar,2026-05-30T16:05:06Z
2026-05-30T16:04:09Z,2026-05-30T18:04:09+0200,f5ca70ef-bf28-4256-b93b-6a2c907b2b36,2026-05-24T12:30:00Z,2026-05-24T14:30:00+0200,13945.6377,MW,FR,FR,forecast_solar_generation,Solar,2026-05-30T16:05:06Z
2026-05-30T16:04:09Z,2026-05-30T18:04:09+0200,f5ca70ef-bf28-4256-b93b-6a2c907b2b36,2026-05-24T12:45:00Z,2026-05-24T14:45:00+0200,13849.12793,MW,FR,FR,forecast_solar_generation,Solar,2026-05-30T16:05:06Z
2026-05-30T16:04:09Z,2026-05-30T18:04:09+0200,f5ca70ef-bf28-4256-b93b-6a2c907b2b36,2026-05-24T13:00:00Z,2026-05-24T15:00:00+0200,13696.26758,MW,FR,FR,forecast_solar_generation,Solar,2026-05-30T16:05:06Z
2026-05-30T16:04:09Z,2026-05-30T18:04:09+0200,f5ca70ef-bf28-4256-b93b-6a2c907b2b36,2026-05-24T13:15:00Z,2026-05-24T15:15:00+0200,13486.64844,MW,FR,FR,forecast_solar_generation,Solar,2026-05-30T16:05:06Z
2026-05-30T16:04:09Z,2026-05-30T18:04:09+0200,f5ca70ef-bf28-4256-b93b-6a2c907b2b36,2026-05-24T13:30:00Z,2026-05-24T15:30:00+0200,13223.31445,MW,FR,FR,forecast_solar_generation,Solar,2026-05-30T16:05:06Z
2026-05-30T16:04:09Z,2026-05-30T18:04:09+0200,f5ca70ef-bf28-4256-b93b-6a2c907b2b36,2026-05-24T13:45:00Z,2026-05-24T15:45:00+0200,12891.51074,MW,FR,FR,forecast_solar_generation,Solar,2026-05-30T16:05:06Z
2026-05-30T16:04:09Z,2026-05-30T18:04:09+0200,f5ca70ef-bf28-4256-b93b-6a2c907b2b36,2026-05-24T14:00:00Z,2026-05-24T16:00:00+0200,12507.30566,MW,FR,FR,forecast_solar_generation,Solar,2026-05-30T16:05:06Z
2026-05-30T16:04:09Z,2026-05-30T18:04:09+0200,f5ca70ef-bf28-4256-b93b-6a2c907b2b36,2026-05-24T14:15:00Z,2026-05-24T16:15:00+0200,12098.06543,MW,FR,FR,forecast_solar_generation,Solar,2026-05-30T16:05:06Z
2026-05-30T16:04:09Z,2026-05-30T18:04:09+0200,f5ca70ef-bf28-4256-b93b-6a2c907b2b36,2026-05-24T14:30:00Z,2026-05-24T16:30:00+0200,11616.37598,MW,FR,FR,forecast_solar_generation,Solar,2026-05-30T16:05:06Z
2026-05-30T16:04:09Z,2026-05-30T18:04:09+0200,f5ca70ef-bf28-4256-b93b-6a2c907b2b36,2026-05-24T14:45:00Z,2026-05-24T16:45:00+0200,11040.30566,MW,FR,FR,forecast_solar_generation,Solar,2026-05-30T16:05:06Z
2026-05-30T16:04:09Z,2026-05-30T18:04:09+0200,f5ca70ef-bf28-4256-b93b-6a2c907b2b36,2026-05-24T15:00:00Z,2026-05-24T17:00:00+0200,11767.75098,MW,FR,FR,forecast_solar_generation,Solar,2026-05-30T16:05:06Z
2026-05-30T16:04:09Z,2026-05-30T18:04:09+0200,f5ca70ef-bf28-4256-b93b-6a2c907b2b36,2026-05-24T15:15:00Z,2026-05-24T17:15:00+0200,11152.96094,MW,FR,FR,forecast_solar_generation,Solar,2026-05-30T16:05:06Z
2026-05-30T16:04:09Z,2026-05-30T18:04:09+0200,f5ca70ef-bf28-4256-b93b-6a2c907b2b36,2026-05-24T15:30:00Z,2026-05-24T17:30:00+0200,10484.03223,MW,FR,FR,forecast_solar_generation,Solar,2026-05-30T16:05:06Z
2026-05-30T16:04:09Z,2026-05-30T18:04:09+0200,f5ca70ef-bf28-4256-b93b-6a2c907b2b36,2026-05-24T15:45:00Z,2026-05-24T17:45:00+0200,12893.24512,MW,FR,FR,forecast_solar_generation,Solar,2026-05-30T16:05:06Z
2026-05-30T16:04:09Z,2026-05-30T18:04:09+0200,f5ca70ef-bf28-4256-b93b-6a2c907b2b36,2026-05-24T16:00:00Z,2026-05-24T18:00:00+0200,11847.44531,MW,FR,FR,forecast_solar_generation,Solar,2026-05-30T16:05:06Z
2026-05-30T16:04:09Z,2026-05-30T18:04:09+0200,f5ca70ef-bf28-4256-b93b-6a2c907b2b36,2026-05-24T16:15:00Z,2026-05-24T18:15:00+0200,10740.54785,MW,FR,FR,forecast_solar_generation,Solar,2026-05-30T16:05:06Z
2026-05-30T16:04:09Z,2026-05-30T18:04:09+0200,f5ca70ef-bf28-4256-b93b-6a2c907b2b36,2026-05-24T16:30:00Z,2026-05-24T18:30:00+0200,9589.23633,MW,FR,FR,forecast_solar_generation,Solar,2026-05-30T16:05:06Z
2026-05-30T16:04:09Z,2026-05-30T18:04:09+0200,f5ca70ef-bf28-4256-b93b-6a2c907b2b36,2026-05-24T16:45:00Z,2026-05-24T18:45:00+0200,8504.25293,MW,FR,FR,forecast_solar_generation,Solar,2026-05-30T16:05:06Z
2026-05-30T16:04:09Z,2026-05-30T18:04:09+0200,f5ca70ef-bf28-4256-b93b-6a2c907b2b36,2026-05-24T17:00:00Z,2026-05-24T19:00:00+0200,7278.34717,MW,FR,FR,forecast_solar_generation,Solar,2026-05-30T16:05:06Z
2026-05-30T16:04:09Z,2026-05-30T18:04:09+0200,f5ca70ef-bf28-4256-b93b-6a2c907b2b36,2026-05-24T17:15:00Z,2026-05-24T19:15:00+0200,6185.26953,MW,FR,FR,forecast_solar_generation,Solar,2026-05-30T16:05:06Z
2026-05-30T16:04:09Z,2026-05-30T18:04:09+0200,f5ca70ef-bf28-4256-b93b-6a2c907b2b36,2026-05-24T17:30:00Z,2026-05-24T19:30:00+0200,4943.2041,MW,FR,FR,forecast_solar_generation,Solar,2026-05-30T16:05:06Z
2026-05-30T16:04:09Z,2026-05-30T18:04:09+0200,f5ca70ef-bf28-4256-b93b-6a2c907b2b36,2026-05-24T17:45:00Z,2026-05-24T19:45:00+0200,4032.38721,MW,FR,FR,forecast_solar_generation,Solar,2026-05-30T16:05:06Z
2026-05-30T16:04:09Z,2026-05-30T18:04:09+0200,f5ca70ef-bf28-4256-b93b-6a2c907b2b36,2026-05-24T18:00:00Z,2026-05-24T20:00:00+0200,2990.81885,MW,FR,FR,forecast_solar_generation,Solar,2026-05-30T16:05:06Z
2026-05-30T16:04:09Z,2026-05-30T18:04:09+0200,f5ca70ef-bf28-4256-b93b-6a2c907b2b36,2026-05-24T18:15:00Z,2026-05-24T20:15:00+0200,2184.75635,MW,FR,FR,forecast_solar_generation,Solar,2026-05-30T16:05:06Z
2026-05-30T16:04:09Z,2026-05-30T18:04:09+0200,f5ca70ef-bf28-4256-b93b-6a2c907b2b36,2026-05-24T18:30:00Z,2026-05-24T20:30:00+0200,1470.33948,MW,FR,FR,forecast_solar_generation,Solar,2026-05-30T16:05:06Z
2026-05-30T16:04:09Z,2026-05-30T18:04:09+0200,f5ca70ef-bf28-4256-b93b-6a2c907b2b36,2026-05-24T18:45:00Z,2026-05-24T20:45:00+0200,1041.03845,MW,FR,FR,forecast_solar_generation,Solar,2026-05-30T16:05:06Z
2026-05-30T16:04:09Z,2026-05-30T18:04:09+0200,f5ca70ef-bf28-4256-b93b-6a2c907b2b36,2026-05-24T19:00:00Z,2026-05-24T21:00:00+0200,678.44763,MW,FR,FR,forecast_solar_generation,Solar,2026-05-30T16:05:06Z
2026-05-30T16:04:09Z,2026-05-30T18:04:09+0200,f5ca70ef-bf28-4256-b93b-6a2c907b2b36,2026-05-24T19:15:00Z,2026-05-24T21:15:00+0200,340.09897,MW,FR,FR,forecast_solar_generation,Solar,2026-05-30T16:05:06Z
2026-05-30T16:04:09Z,2026-05-30T18:04:09+0200,f5ca70ef-bf28-4256-b93b-6a2c907b2b36,2026-05-24T19:30:00Z,2026-05-24T21:30:00+0200,102.81427,MW,FR,FR,forecast_solar_generation,Solar,2026-05-30T16:05:06Z
2026-05-30T16:04:09Z,2026-05-30T18:04:09+0200,f5ca70ef-bf28-4256-b93b-6a2c907b2b36,2026-05-24T19:45:00Z,2026-05-24T21:45:00+0200,15.52472,MW,FR,FR,forecast_solar_generation,Solar,2026-05-30T16:05:06Z
2026-05-30T16:04:09Z,2026-05-30T18:04:09+0200,f5ca70ef-bf28-4256-b93b-6a2c907b2b36,2026-05-24T20:00:00Z,2026-05-24T22:00:00+0200,0.0,MW,FR,FR,forecast_solar_generation,Solar,2026-05-30T16:05:06Z
2026-05-30T16:04:09Z,2026-05-30T18:04:09+0200,f5ca70ef-bf28-4256-b93b-6a2c907b2b36,2026-05-24T20:15:00Z,2026-05-24T22:15:00+0200,0.0,MW,FR,FR,forecast_solar_generation,Solar,2026-05-30T16:05:06Z
2026-05-30T16:04:09Z,2026-05-30T18:04:09+0200,f5ca70ef-bf28-4256-b93b-6a2c907b2b36,2026-05-24T20:30:00Z,2026-05-24T22:30:00+0200,0.0,MW,FR,FR,forecast_solar_generation,Solar,2026-05-30T16:05:06Z
2026-05-30T16:04:09Z,2026-05-30T18:04:09+0200,f5ca70ef-bf28-4256-b93b-6a2c907b2b36,2026-05-24T20:45:00Z,2026-05-24T22:45:00+0200,0.0,MW,FR,FR,forecast_solar_generation,Solar,2026-05-30T16:05:06Z
2026-05-30T16:04:09Z,2026-05-30T18:04:09+0200,f5ca70ef-bf28-4256-b93b-6a2c907b2b36,2026-05-24T21:00:00Z,2026-05-24T23:00:00+0200,0.0,MW,FR,FR,forecast_solar_generation,Solar,2026-05-30T16:05:06Z
2026-05-30T16:04:09Z,2026-05-30T18:04:09+0200,f5ca70ef-bf28-4256-b93b-6a2c907b2b36,2026-05-24T21:15:00Z,2026-05-24T23:15:00+0200,0.0,MW,FR,FR,forecast_solar_generation,Solar,2026-05-30T16:05:06Z
2026-05-30T16:04:09Z,2026-05-30T18:04:09+0200,f5ca70ef-bf28-4256-b93b-6a2c907b2b36,2026-05-24T21:30:00Z,2026-05-24T23:30:00+0200,0.0,MW,FR,FR,forecast_solar_generation,Solar,2026-05-30T16:05:06Z
2026-05-30T16:04:09Z,2026-05-30T18:04:09+0200,f5ca70ef-bf28-4256-b93b-6a2c907b2b36,2026-05-24T21:45:00Z,2026-05-24T23:45:00+0200,0.0,MW,FR,FR,forecast_solar_generation,Solar,2026-05-30T16:05:06Z
2026-05-30T16:04:09Z,2026-05-30T18:04:09+0200,f5ca70ef-bf28-4256-b93b-6a2c907b2b36,2026-05-24T22:00:00Z,2026-05-25T00:00:00+0200,0.0,MW,FR,FR,forecast_solar_generation,Solar,2026-05-30T16:05:06Z
2026-05-30T16:04:09Z,2026-05-30T18:04:09+0200,f5ca70ef-bf28-4256-b93b-6a2c907b2b36,2026-05-24T22:15:00Z,2026-05-25T00:15:00+0200,0.0,MW,FR,FR,forecast_solar_generation,Solar,2026-05-30T16:05:06Z
2026-05-30T16:04:09Z,2026-05-30T18:04:09+0200,f5ca70ef-bf28-4256-b93b-6a2c907b2b36,2026-05-24T22:30:00Z,2026-05-25T00:30:00+0200,0.0,MW,FR,FR,forecast_solar_generation,Solar,2026-05-30T16:05:06Z
2026-05-30T16:04:09Z,2026-05-30T18:04:09+0200,f5ca70ef-bf28-4256-b93b-6a2c907b2b36,2026-05-24T22:45:00Z,2026-05-25T00:45:00+0200,0.0,MW,FR,FR,forecast_solar_generation,Solar,2026-05-30T16:05:06Z
2026-05-30T16:04:09Z,2026-05-30T18:04:09+0200,f5ca70ef-bf28-4256-b93b-6a2c907b2b36,2026-05-24T23:00:00Z,2026-05-25T01:00:00+0200,0.0,MW,FR,FR,forecast_solar_generation,Solar,2026-05-30T16:05:06Z
2026-05-30T16:04:09Z,2026-05-30T18:04:09+0200,f5ca70ef-bf28-4256-b93b-6a2c907b2b36,2026-05-24T23:15:00Z,2026-05-25T01:15:00+0200,0.0,MW,FR,FR,forecast_solar_generation,Solar,2026-05-30T16:05:06Z
2026-05-30T16:04:09Z,2026-05-30T18:04:09+0200,f5ca70ef-bf28-4256-b93b-6a2c907b2b36,2026-05-24T23:30:00Z,2026-05-25T01:30:00+0200,0.0,MW,FR,FR,forecast_solar_generation,Solar,2026-05-30T16:05:06Z
2026-05-30T16:04:09Z,2026-05-30T18:04:09+0200,f5ca70ef-bf28-4256-b93b-6a2c907b2b36,2026-05-24T23:45:00Z,2026-05-25T01:45:00+0200,0.0,MW,FR,FR,forecast_solar_generation,Solar,2026-05-30T16:05:06Z
2026-05-30T16:04:09Z,2026-05-30T18:04:09+0200,f5ca70ef-bf28-4256-b93b-6a2c907b2b36,2026-05-25T00:00:00Z,2026-05-25T02:00:00+0200,0.0,MW,FR,FR,forecast_solar_generation,Solar,2026-05-30T16:05:06Z
2026-05-30T16:04:09Z,2026-05-30T18:04:09+0200,f5ca70ef-bf28-4256-b93b-6a2c907b2b36,2026-05-25T00:15:00Z,2026-05-25T02:15:00+0200,0.0,MW,FR,FR,forecast_solar_generation,Solar,2026-05-30T16:05:06Z
2026-05-30T16:04:09Z,2026-05-30T18:04:09+0200,f5ca70ef-bf28-4256-b93b-6a2c907b2b36,2026-05-25T00:30:00Z,2026-05-25T02:30:00+0200,0.0,MW,FR,FR,forecast_solar_generation,Solar,2026-05-30T16:05:06Z
2026-05-30T16:04:09Z,2026-05-30T18:04:09+0200,f5ca70ef-bf28-4256-b93b-6a2c907b2b36,2026-05-25T00:45:00Z,2026-05-25T02:45:00+0200,0.0,MW,FR,FR,forecast_solar_generation,Solar,2026-05-30T16:05:06Z
2026-05-30T16:04:09Z,2026-05-30T18:04:09+0200,f5ca70ef-bf28-4256-b93b-6a2c907b2b36,2026-05-25T01:00:00Z,2026-05-25T03:00:00+0200,0.0,MW,FR,FR,forecast_solar_generation,Solar,2026-05-30T16:05:06Z
2026-05-30T16:04:09Z,2026-05-30T18:04:09+0200,f5ca70ef-bf28-4256-b93b-6a2c907b2b36,2026-05-25T01:15:00Z,2026-05-25T03:15:00+0200,0.0,MW,FR,FR,forecast_solar_generation,Solar,2026-05-30T16:05:06Z
2026-05-30T16:04:09Z,2026-05-30T18:04:09+0200,f5ca70ef-bf28-4256-b93b-6a2c907b2b36,2026-05-25T01:30:00Z,2026-05-25T03:30:00+0200,0.0,MW,FR,FR,forecast_solar_generation,Solar,2026-05-30T16:05:06Z
2026-05-30T16:04:09Z,2026-05-30T18:04:09+0200,f5ca70ef-bf28-4256-b93b-6a2c907b2b36,2026-05-25T01:45:00Z,2026-05-25T03:45:00+0200,0.0,MW,FR,FR,forecast_solar_generation,Solar,2026-05-30T16:05:06Z
2026-05-30T16:04:09Z,2026-05-30T18:04:09+0200,f5ca70ef-bf28-4256-b93b-6a2c907b2b36,2026-05-25T02:00:00Z,2026-05-25T04:00:00+0200,0.0,MW,FR,FR,forecast_solar_generation,Solar,2026-05-30T16:05:06Z
2026-05-30T16:04:09Z,2026-05-30T18:04:09+0200,f5ca70ef-bf28-4256-b93b-6a2c907b2b36,2026-05-25T02:15:00Z,2026-05-25T04:15:00+0200,0.0,MW,FR,FR,forecast_solar_generation,Solar,2026-05-30T16:05:06Z
2026-05-30T16:04:09Z,2026-05-30T18:04:09+0200,f5ca70ef-bf28-4256-b93b-6a2c907b2b36,2026-05-25T02:30:00Z,2026-05-25T04:30:00+0200,0.0,MW,FR,FR,forecast_solar_generation,Solar,2026-05-30T16:05:06Z
2026-05-30T16:04:09Z,2026-05-30T18:04:09+0200,f5ca70ef-bf28-4256-b93b-6a2c907b2b36,2026-05-25T02:45:00Z,2026-05-25T04:45:00+0200,0.0,MW,FR,FR,forecast_solar_generation,Solar,2026-05-30T16:05:06Z
2026-05-30T16:04:09Z,2026-05-30T18:04:09+0200,f5ca70ef-bf28-4256-b93b-6a2c907b2b36,2026-05-25T03:00:00Z,2026-05-25T05:00:00+0200,0.0,MW,FR,FR,forecast_solar_generation,Solar,2026-05-30T16:05:06Z
2026-05-30T16:04:09Z,2026-05-30T18:04:09+0200,f5ca70ef-bf28-4256-b93b-6a2c907b2b36,2026-05-25T03:15:00Z,2026-05-25T05:15:00+0200,0.0,MW,FR,FR,forecast_solar_generation,Solar,2026-05-30T16:05:06Z
2026-05-30T16:04:09Z,2026-05-30T18:04:09+0200,f5ca70ef-bf28-4256-b93b-6a2c907b2b36,2026-05-25T03:30:00Z,2026-05-25T05:30:00+0200,0.0,MW,FR,FR,forecast_solar_generation,Solar,2026-05-30T16:05:06Z
2026-05-30T16:04:09Z,2026-05-30T18:04:09+0200,f5ca70ef-bf28-4256-b93b-6a2c907b2b36,2026-05-25T03:45:00Z,2026-05-25T05:45:00+0200,0.0,MW,FR,FR,forecast_solar_generation,Solar,2026-05-30T16:05:06Z
2026-05-30T16:04:09Z,2026-05-30T18:04:09+0200,f5ca70ef-bf28-4256-b93b-6a2c907b2b36,2026-05-25T04:00:00Z,2026-05-25T06:00:00+0200,0.0,MW,FR,FR,forecast_solar_generation,Solar,2026-05-30T16:05:06Z
2026-05-30T16:04:09Z,2026-05-30T18:04:09+0200,f5ca70ef-bf28-4256-b93b-6a2c907b2b36,2026-05-25T04:15:00Z,2026-05-25T06:15:00+0200,114.68134,MW,FR,FR,forecast_solar_generation,Solar,2026-05-30T16:05:06Z
2026-05-30T16:04:09Z,2026-05-30T18:04:09+0200,f5ca70ef-bf28-4256-b93b-6a2c907b2b36,2026-05-25T04:30:00Z,2026-05-25T06:30:00+0200,244.7933,MW,FR,FR,forecast_solar_generation,Solar,2026-05-30T16:05:06Z
2026-05-30T16:04:09Z,2026-05-30T18:04:09+0200,f5ca70ef-bf28-4256-b93b-6a2c907b2b36,2026-05-25T04:45:00Z,2026-05-25T06:45:00+0200,597.53638,MW,FR,FR,forecast_solar_generation,Solar,2026-05-30T16:05:06Z
2026-05-30T16:04:09Z,2026-05-30T18:04:09+0200,f5ca70ef-bf28-4256-b93b-6a2c907b2b36,2026-05-25T05:00:00Z,2026-05-25T07:00:00+0200,1009.22858,MW,FR,FR,forecast_solar_generation,Solar,2026-05-30T16:05:06Z
2026-05-30T16:04:09Z,2026-05-30T18:04:09+0200,f5ca70ef-bf28-4256-b93b-6a2c907b2b36,2026-05-25T05:15:00Z,2026-05-25T07:15:00+0200,1521.37964,MW,FR,FR,forecast_solar_generation,Solar,2026-05-30T16:05:06Z
2026-05-30T16:04:09Z,2026-05-30T18:04:09+0200,f5ca70ef-bf28-4256-b93b-6a2c907b2b36,2026-05-25T05:30:00Z,2026-05-25T07:30:00+0200,2088.38428,MW,FR,FR,forecast_solar_generation,Solar,2026-05-30T16:05:06Z
2026-05-30T16:04:09Z,2026-05-30T18:04:09+0200,f5ca70ef-bf28-4256-b93b-6a2c907b2b36,2026-05-25T05:45:00Z,2026-05-25T07:45:00+0200,3005.79663,MW,FR,FR,forecast_solar_generation,Solar,2026-05-30T16:05:06Z
2026-05-30T16:04:09Z,2026-05-30T18:04:09+0200,f5ca70ef-bf28-4256-b93b-6a2c907b2b36,2026-05-25T06:00:00Z,2026-05-25T08:00:00+0200,3973.0354,MW,FR,FR,forecast_solar_generation,Solar,2026-05-30T16:05:06Z
2026-05-30T16:04:09Z,2026-05-30T18:04:09+0200,f5ca70ef-bf28-4256-b93b-6a2c907b2b36,2026-05-25T06:15:00Z,2026-05-25T08:15:00+0200,5159.61621,MW,FR,FR,forecast_solar_generation,Solar,2026-05-30T16:05:06Z
2026-05-30T16:04:09Z,2026-05-30T18:04:09+0200,f5ca70ef-bf28-4256-b93b-6a2c907b2b36,2026-05-25T06:30:00Z,2026-05-25T08:30:00+0200,6414.78418,MW,FR,FR,forecast_solar_generation,Solar,2026-05-30T16:05:06Z
2026-05-30T16:04:09Z,2026-05-30T18:04:09+0200,f5ca70ef-bf28-4256-b93b-6a2c907b2b36,2026-05-25T06:45:00Z,2026-05-25T08:45:00+0200,7706.55615,MW,FR,FR,forecast_solar_generation,Solar,2026-05-30T16:05:06Z
2026-05-30T16:04:09Z,2026-05-30T18:04:09+0200,f5ca70ef-bf28-4256-b93b-6a2c907b2b36,2026-05-25T07:00:00Z,2026-05-25T09:00:00+0200,9010.95508,MW,FR,FR,forecast_solar_generation,Solar,2026-05-30T16:05:06Z
2026-05-30T16:04:09Z,2026-05-30T18:04:09+0200,f5ca70ef-bf28-4256-b93b-6a2c907b2b36,2026-05-25T07:15:00Z,2026-05-25T09:15:00+0200,10268.73242,MW,FR,FR,forecast_solar_generation,Solar,2026-05-30T16:05:06Z
2026-05-30T16:04:09Z,2026-05-30T18:04:09+0200,f5ca70ef-bf28-4256-b93b-6a2c907b2b36,2026-05-25T07:30:00Z,2026-05-25T09:30:00+0200,11520.6123,MW,FR,FR,forecast_solar_generation,Solar,2026-05-30T16:05:06Z
2026-05-30T16:04:09Z,2026-05-30T18:04:09+0200,f5ca70ef-bf28-4256-b93b-6a2c907b2b36,2026-05-25T07:45:00Z,2026-05-25T09:45:00+0200,12663.93848,MW,FR,FR,forecast_solar_generation,Solar,2026-05-30T16:05:06Z
2026-05-30T16:04:09Z,2026-05-30T18:04:09+0200,f5ca70ef-bf28-4256-b93b-6a2c907b2b36,2026-05-25T08:00:00Z,2026-05-25T10:00:00+0200,13763.29199,MW,FR,FR,forecast_solar_generation,Solar,2026-05-30T16:05:06Z
2026-05-30T16:04:09Z,2026-05-30T18:04:09+0200,f5ca70ef-bf28-4256-b93b-6a2c907b2b36,2026-05-25T08:15:00Z,2026-05-25T10:15:00+0200,11184.25879,MW,FR,FR,forecast_solar_generation,Solar,2026-05-30T16:05:06Z
2026-05-30T16:04:09Z,2026-05-30T18:04:09+0200,f5ca70ef-bf28-4256-b93b-6a2c907b2b36,2026-05-25T08:30:00Z,2026-05-25T10:30:00+0200,11920.59668,MW,FR,FR,forecast_solar_generation,Solar,2026-05-30T16:05:06Z
2026-05-30T16:04:09Z,2026-05-30T18:04:09+0200,f5ca70ef-bf28-4256-b93b-6a2c907b2b36,2026-05-25T08:45:00Z,2026-05-25T10:45:00+0200,11143.50098,MW,FR,FR,forecast_solar_generation,Solar,2026-05-30T16:05:06Z
2026-05-30T16:04:09Z,2026-05-30T18:04:09+0200,f5ca70ef-bf28-4256-b93b-6a2c907b2b36,2026-05-25T09:00:00Z,2026-05-25T11:00:00+0200,11663.38184,MW,FR,FR,forecast_solar_generation,Solar,2026-05-30T16:05:06Z
2026-05-30T16:04:09Z,2026-05-30T18:04:09+0200,f5ca70ef-bf28-4256-b93b-6a2c907b2b36,2026-05-25T09:15:00Z,2026-05-25T11:15:00+0200,12189.86133,MW,FR,FR,forecast_solar_generation,Solar,2026-05-30T16:05:06Z
2026-05-30T16:04:09Z,2026-05-30T18:04:09+0200,f5ca70ef-bf28-4256-b93b-6a2c907b2b36,2026-05-25T09:30:00Z,2026-05-25T11:30:00+0200,12650.24805,MW,FR,FR,forecast_solar_generation,Solar,2026-05-30T16:05:06Z
2026-05-30T16:04:09Z,2026-05-30T18:04:09+0200,f5ca70ef-bf28-4256-b93b-6a2c907b2b36,2026-05-25T09:45:00Z,2026-05-25T11:45:00+0200,12981.32422,MW,FR,FR,forecast_solar_generation,Solar,2026-05-30T16:05:06Z
2026-05-30T16:04:09Z,2026-05-30T18:04:09+0200,f5ca70ef-bf28-4256-b93b-6a2c907b2b36,2026-05-25T10:00:00Z,2026-05-25T12:00:00+0200,13272.7373,MW,FR,FR,forecast_solar_generation,Solar,2026-05-30T16:05:06Z
2026-05-30T16:04:09Z,2026-05-30T18:04:09+0200,f5ca70ef-bf28-4256-b93b-6a2c907b2b36,2026-05-25T10:15:00Z,2026-05-25T12:15:00+0200,13518.80469,MW,FR,FR,forecast_solar_generation,Solar,2026-05-30T16:05:06Z
2026-05-30T16:04:09Z,2026-05-30T18:04:09+0200,f5ca70ef-bf28-4256-b93b-6a2c907b2b36,2026-05-25T10:30:00Z,2026-05-25T12:30:00+0200,13724.09375,MW,FR,FR,forecast_solar_generation,Solar,2026-05-30T16:05:06Z
2026-05-30T16:04:09Z,2026-05-30T18:04:09+0200,f5ca70ef-bf28-4256-b93b-6a2c907b2b36,2026-05-25T10:45:00Z,2026-05-25T12:45:00+0200,13856.43555,MW,FR,FR,forecast_solar_generation,Solar,2026-05-30T16:05:06Z
2026-05-30T16:04:09Z,2026-05-30T18:04:09+0200,f5ca70ef-bf28-4256-b93b-6a2c907b2b36,2026-05-25T11:00:00Z,2026-05-25T13:00:00+0200,13985.19727,MW,FR,FR,forecast_solar_generation,Solar,2026-05-30T16:05:06Z
2026-05-30T16:04:09Z,2026-05-30T18:04:09+0200,f5ca70ef-bf28-4256-b93b-6a2c907b2b36,2026-05-25T11:15:00Z,2026-05-25T13:15:00+0200,14043.57617,MW,FR,FR,forecast_solar_generation,Solar,2026-05-30T16:05:06Z
2026-05-30T16:04:09Z,2026-05-30T18:04:09+0200,f5ca70ef-bf28-4256-b93b-6a2c907b2b36,2026-05-25T11:30:00Z,2026-05-25T13:30:00+0200,14065.96777,MW,FR,FR,forecast_solar_generation,Solar,2026-05-30T16:05:06Z
2026-05-30T16:04:09Z,2026-05-30T18:04:09+0200,f5ca70ef-bf28-4256-b93b-6a2c907b2b36,2026-05-25T11:45:00Z,2026-05-25T13:45:00+0200,14057.30762,MW,FR,FR,forecast_solar_generation,Solar,2026-05-30T16:05:06Z
2026-05-30T16:04:09Z,2026-05-30T18:04:09+0200,f5ca70ef-bf28-4256-b93b-6a2c907b2b36,2026-05-25T12:00:00Z,2026-05-25T14:00:00+0200,14039.75293,MW,FR,FR,forecast_solar_generation,Solar,2026-05-30T16:05:06Z
2026-05-30T16:04:09Z,2026-05-30T18:04:09+0200,f5ca70ef-bf28-4256-b93b-6a2c907b2b36,2026-05-25T12:15:00Z,2026-05-25T14:15:00+0200,13984.67285,MW,FR,FR,forecast_solar_generation,Solar,2026-05-30T16:05:06Z
2026-05-30T16:04:09Z,2026-05-30T18:04:09+0200,f5ca70ef-bf28-4256-b93b-6a2c907b2b36,2026-05-25T12:30:00Z,2026-05-25T14:30:00+0200,13917.45703,MW,FR,FR,forecast_solar_generation,Solar,2026-05-30T16:05:06Z
2026-05-30T16:04:09Z,2026-05-30T18:04:09+0200,f5ca70ef-bf28-4256-b93b-6a2c907b2b36,2026-05-25T12:45:00Z,2026-05-25T14:45:00+0200,13807.62207,MW,FR,FR,forecast_solar_generation,Solar,2026-05-30T16:05:06Z
2026-05-30T16:04:09Z,2026-05-30T18:04:09+0200,f5ca70ef-bf28-4256-b93b-6a2c907b2b36,2026-05-25T13:00:00Z,2026-05-25T15:00:00+0200,13634.77148,MW,FR,FR,forecast_solar_generation,Solar,2026-05-30T16:05:06Z
2026-05-30T16:04:09Z,2026-05-30T18:04:09+0200,f5ca70ef-bf28-4256-b93b-6a2c907b2b36,2026-05-25T13:15:00Z,2026-05-25T15:15:00+0200,13394.19141,MW,FR,FR,forecast_solar_generation,Solar,2026-05-30T16:05:06Z
2026-05-30T16:04:09Z,2026-05-30T18:04:09+0200,f5ca70ef-bf28-4256-b93b-6a2c907b2b36,2026-05-25T13:30:00Z,2026-05-25T15:30:00+0200,13146.75977,MW,FR,FR,forecast_solar_generation,Solar,2026-05-30T16:05:06Z
2026-05-30T16:04:09Z,2026-05-30T18:04:09+0200,f5ca70ef-bf28-4256-b93b-6a2c907b2b36,2026-05-25T13:45:00Z,2026-05-25T15:45:00+0200,12822.19141,MW,FR,FR,forecast_solar_generation,Solar,2026-05-30T16:05:06Z
2026-05-30T16:04:09Z,2026-05-30T18:04:09+0200,f5ca70ef-bf28-4256-b93b-6a2c907b2b36,2026-05-25T14:00:00Z,2026-05-25T16:00:00+0200,12424.64648,MW,FR,FR,forecast_solar_generation,Solar,2026-05-30T16:05:06Z
2026-05-30T16:04:09Z,2026-05-30T18:04:09+0200,f5ca70ef-bf28-4256-b93b-6a2c907b2b36,2026-05-25T14:15:00Z,2026-05-25T16:15:00+0200,11984.29004,MW,FR,FR,forecast_solar_generation,Solar,2026-05-30T16:05:06Z
2026-05-30T16:04:09Z,2026-05-30T18:04:09+0200,f5ca70ef-bf28-4256-b93b-6a2c907b2b36,2026-05-25T14:30:00Z,2026-05-25T16:30:00+0200,11483.1084,MW,FR,FR,forecast_solar_generation,Solar,2026-05-30T16:05:06Z
2026-05-30T16:04:09Z,2026-05-30T18:04:09+0200,f5ca70ef-bf28-4256-b93b-6a2c907b2b36,2026-05-25T14:45:00Z,2026-05-25T16:45:00+0200,16156.33691,MW,FR,FR,forecast_solar_generation,Solar,2026-05-30T16:05:06Z
2026-05-30T16:04:09Z,2026-05-30T18:04:09+0200,f5ca70ef-bf28-4256-b93b-6a2c907b2b36,2026-05-25T15:00:00Z,2026-05-25T17:00:00+0200,15355.72168,MW,FR,FR,forecast_solar_generation,Solar,2026-05-30T16:05:06Z
2026-05-30T16:04:09Z,2026-05-30T18:04:09+0200,f5ca70ef-bf28-4256-b93b-6a2c907b2b36,2026-05-25T15:15:00Z,2026-05-25T17:15:00+0200,14529.56055,MW,FR,FR,forecast_solar_generation,Solar,2026-05-30T16:05:06Z
2026-05-30T16:04:09Z,2026-05-30T18:04:09+0200,f5ca70ef-bf28-4256-b93b-6a2c907b2b36,2026-05-25T15:30:00Z,2026-05-25T17:30:00+0200,13625.51172,MW,FR,FR,forecast_solar_generation,Solar,2026-05-30T16:05:06Z
2026-05-30T16:04:09Z,2026-05-30T18:04:09+0200,f5ca70ef-bf28-4256-b93b-6a2c907b2b36,2026-05-25T15:45:00Z,2026-05-25T17:45:00+0200,12679.25586,MW,FR,FR,forecast_solar_generation,Solar,2026-05-30T16:05:06Z
2026-05-30T16:04:09Z,2026-05-30T18:04:09+0200,f5ca70ef-bf28-4256-b93b-6a2c907b2b36,2026-05-25T16:00:00Z,2026-05-25T18:00:00+0200,11638.17383,MW,FR,FR,forecast_solar_generation,Solar,2026-05-30T16:05:06Z
2026-05-30T16:04:09Z,2026-05-30T18:04:09+0200,f5ca70ef-bf28-4256-b93b-6a2c907b2b36,2026-05-25T16:15:00Z,2026-05-25T18:15:00+0200,10491.52832,MW,FR,FR,forecast_solar_generation,Solar,2026-05-30T16:05:06Z
2026-05-30T16:04:09Z,2026-05-30T18:04:09+0200,f5ca70ef-bf28-4256-b93b-6a2c907b2b36,2026-05-25T16:30:00Z,2026-05-25T18:30:00+0200,9367.60547,MW,FR,FR,forecast_solar_generation,Solar,2026-05-30T16:05:06Z
2026-05-30T16:04:09Z,2026-05-30T18:04:09+0200,f5ca70ef-bf28-4256-b93b-6a2c907b2b36,2026-05-25T16:45:00Z,2026-05-25T18:45:00+0200,8302.16211,MW,FR,FR,forecast_solar_generation,Solar,2026-05-30T16:05:06Z
2026-05-30T16:04:09Z,2026-05-30T18:04:09+0200,f5ca70ef-bf28-4256-b93b-6a2c907b2b36,2026-05-25T17:00:00Z,2026-05-25T19:00:00+0200,7061.84766,MW,FR,FR,forecast_solar_generation,Solar,2026-05-30T16:05:06Z
2026-05-30T16:04:09Z,2026-05-30T18:04:09+0200,f5ca70ef-bf28-4256-b93b-6a2c907b2b36,2026-05-25T17:15:00Z,2026-05-25T19:15:00+0200,6037.78955,MW,FR,FR,forecast_solar_generation,Solar,2026-05-30T16:05:06Z
2026-05-30T16:04:09Z,2026-05-30T18:04:09+0200,f5ca70ef-bf28-4256-b93b-6a2c907b2b36,2026-05-25T17:30:00Z,2026-05-25T19:30:00+0200,4827.39014,MW,FR,FR,forecast_solar_generation,Solar,2026-05-30T16:05:06Z
2026-05-30T16:04:09Z,2026-05-30T18:04:09+0200,f5ca70ef-bf28-4256-b93b-6a2c907b2b36,2026-05-25T17:45:00Z,2026-05-25T19:45:00+0200,3935.21436,MW,FR,FR,forecast_solar_generation,Solar,2026-05-30T16:05:06Z
2026-05-30T16:04:09Z,2026-05-30T18:04:09+0200,f5ca70ef-bf28-4256-b93b-6a2c907b2b36,2026-05-25T18:00:00Z,2026-05-25T20:00:00+0200,2929.802,MW,FR,FR,forecast_solar_generation,Solar,2026-05-30T16:05:06Z
2026-05-30T16:04:09Z,2026-05-30T18:04:09+0200,f5ca70ef-bf28-4256-b93b-6a2c907b2b36,2026-05-25T18:15:00Z,2026-05-25T20:15:00+0200,2159.66479,MW,FR,FR,forecast_solar_generation,Solar,2026-05-30T16:05:06Z
2026-05-30T16:04:09Z,2026-05-30T18:04:09+0200,f5ca70ef-bf28-4256-b93b-6a2c907b2b36,2026-05-25T18:30:00Z,2026-05-25T20:30:00+0200,1487.33252,MW,FR,FR,forecast_solar_generation,Solar,2026-05-30T16:05:06Z
2026-05-30T16:04:09Z,2026-05-30T18:04:09+0200,f5ca70ef-bf28-4256-b93b-6a2c907b2b36,2026-05-25T18:45:00Z,2026-05-25T20:45:00+0200,1065.2594,MW,FR,FR,forecast_solar_generation,Solar,2026-05-30T16:05:06Z
2026-05-30T16:04:09Z,2026-05-30T18:04:09+0200,f5ca70ef-bf28-4256-b93b-6a2c907b2b36,2026-05-25T19:00:00Z,2026-05-25T21:00:00+0200,707.81561,MW,FR,FR,forecast_solar_generation,Solar,2026-05-30T16:05:06Z
2026-05-30T16:04:09Z,2026-05-30T18:04:09+0200,f5ca70ef-bf28-4256-b93b-6a2c907b2b36,2026-05-25T19:15:00Z,2026-05-25T21:15:00+0200,359.40726,MW,FR,FR,forecast_solar_generation,Solar,2026-05-30T16:05:06Z
2026-05-30T16:04:09Z,2026-05-30T18:04:09+0200,f5ca70ef-bf28-4256-b93b-6a2c907b2b36,2026-05-25T19:30:00Z,2026-05-25T21:30:00+0200,119.54446,MW,FR,FR,forecast_solar_generation,Solar,2026-05-30T16:05:06Z
2026-05-30T16:04:09Z,2026-05-30T18:04:09+0200,f5ca70ef-bf28-4256-b93b-6a2c907b2b36,2026-05-25T19:45:00Z,2026-05-25T21:45:00+0200,20.48604,MW,FR,FR,forecast_solar_generation,Solar,2026-05-30T16:05:06Z
2026-05-30T16:04:09Z,2026-05-30T18:04:09+0200,f5ca70ef-bf28-4256-b93b-6a2c907b2b36,2026-05-25T20:00:00Z,2026-05-25T22:00:00+0200,0.0,MW,FR,FR,forecast_solar_generation,Solar,2026-05-30T16:05:06Z
2026-05-30T16:04:09Z,2026-05-30T18:04:09+0200,f5ca70ef-bf28-4256-b93b-6a2c907b2b36,2026-05-25T20:15:00Z,2026-05-25T22:15:00+0200,0.0,MW,FR,FR,forecast_solar_generation,Solar,2026-05-30T16:05:06Z
2026-05-30T16:04:09Z,2026-05-30T18:04:09+0200,f5ca70ef-bf28-4256-b93b-6a2c907b2b36,2026-05-25T20:30:00Z,2026-05-25T22:30:00+0200,0.0,MW,FR,FR,forecast_solar_generation,Solar,2026-05-30T16:05:06Z
2026-05-30T16:04:09Z,2026-05-30T18:04:09+0200,f5ca70ef-bf28-4256-b93b-6a2c907b2b36,2026-05-25T20:45:00Z,2026-05-25T22:45:00+0200,0.0,MW,FR,FR,forecast_solar_generation,Solar,2026-05-30T16:05:06Z
2026-05-30T16:04:09Z,2026-05-30T18:04:09+0200,f5ca70ef-bf28-4256-b93b-6a2c907b2b36,2026-05-25T21:00:00Z,2026-05-25T23:00:00+0200,0.0,MW,FR,FR,forecast_solar_generation,Solar,2026-05-30T16:05:06Z
2026-05-30T16:04:09Z,2026-05-30T18:04:09+0200,f5ca70ef-bf28-4256-b93b-6a2c907b2b36,2026-05-25T21:15:00Z,2026-05-25T23:15:00+0200,0.0,MW,FR,FR,forecast_solar_generation,Solar,2026-05-30T16:05:06Z
2026-05-30T16:04:09Z,2026-05-30T18:04:09+0200,f5ca70ef-bf28-4256-b93b-6a2c907b2b36,2026-05-25T21:30:00Z,2026-05-25T23:30:00+0200,0.0,MW,FR,FR,forecast_solar_generation,Solar,2026-05-30T16:05:06Z
2026-05-30T16:04:09Z,2026-05-30T18:04:09+0200,f5ca70ef-bf28-4256-b93b-6a2c907b2b36,2026-05-25T21:45:00Z,2026-05-25T23:45:00+0200,0.0,MW,FR,FR,forecast_solar_generation,Solar,2026-05-30T16:05:06Z
2026-05-30T16:04:09Z,2026-05-30T18:04:09+0200,f5ca70ef-bf28-4256-b93b-6a2c907b2b36,2026-05-25T22:00:00Z,2026-05-26T00:00:00+0200,0.0,MW,FR,FR,forecast_solar_generation,Solar,2026-05-30T16:05:06Z
2026-05-30T16:04:09Z,2026-05-30T18:04:09+0200,f5ca70ef-bf28-4256-b93b-6a2c907b2b36,2026-05-25T22:15:00Z,2026-05-26T00:15:00+0200,0.0,MW,FR,FR,forecast_solar_generation,Solar,2026-05-30T16:05:06Z
2026-05-30T16:04:09Z,2026-05-30T18:04:09+0200,f5ca70ef-bf28-4256-b93b-6a2c907b2b36,2026-05-25T22:30:00Z,2026-05-26T00:30:00+0200,0.0,MW,FR,FR,forecast_solar_generation,Solar,2026-05-30T16:05:06Z
2026-05-30T16:04:09Z,2026-05-30T18:04:09+0200,f5ca70ef-bf28-4256-b93b-6a2c907b2b36,2026-05-25T22:45:00Z,2026-05-26T00:45:00+0200,0.0,MW,FR,FR,forecast_solar_generation,Solar,2026-05-30T16:05:06Z
2026-05-30T16:04:09Z,2026-05-30T18:04:09+0200,f5ca70ef-bf28-4256-b93b-6a2c907b2b36,2026-05-25T23:00:00Z,2026-05-26T01:00:00+0200,0.0,MW,FR,FR,forecast_solar_generation,Solar,2026-05-30T16:05:06Z
2026-05-30T16:04:09Z,2026-05-30T18:04:09+0200,f5ca70ef-bf28-4256-b93b-6a2c907b2b36,2026-05-25T23:15:00Z,2026-05-26T01:15:00+0200,0.0,MW,FR,FR,forecast_solar_generation,Solar,2026-05-30T16:05:06Z
2026-05-30T16:04:09Z,2026-05-30T18:04:09+0200,f5ca70ef-bf28-4256-b93b-6a2c907b2b36,2026-05-25T23:30:00Z,2026-05-26T01:30:00+0200,0.0,MW,FR,FR,forecast_solar_generation,Solar,2026-05-30T16:05:06Z
2026-05-30T16:04:09Z,2026-05-30T18:04:09+0200,f5ca70ef-bf28-4256-b93b-6a2c907b2b36,2026-05-25T23:45:00Z,2026-05-26T01:45:00+0200,0.0,MW,FR,FR,forecast_solar_generation,Solar,2026-05-30T16:05:06Z
2026-05-30T16:04:09Z,2026-05-30T18:04:09+0200,f5ca70ef-bf28-4256-b93b-6a2c907b2b36,2026-05-26T00:00:00Z,2026-05-26T02:00:00+0200,0.0,MW,FR,FR,forecast_solar_generation,Solar,2026-05-30T16:05:06Z
2026-05-30T16:04:09Z,2026-05-30T18:04:09+0200,f5ca70ef-bf28-4256-b93b-6a2c907b2b36,2026-05-26T00:15:00Z,2026-05-26T02:15:00+0200,0.0,MW,FR,FR,forecast_solar_generation,Solar,2026-05-30T16:05:06Z
2026-05-30T16:04:09Z,2026-05-30T18:04:09+0200,f5ca70ef-bf28-4256-b93b-6a2c907b2b36,2026-05-26T00:30:00Z,2026-05-26T02:30:00+0200,0.0,MW,FR,FR,forecast_solar_generation,Solar,2026-05-30T16:05:06Z
2026-05-30T16:04:09Z,2026-05-30T18:04:09+0200,f5ca70ef-bf28-4256-b93b-6a2c907b2b36,2026-05-26T00:45:00Z,2026-05-26T02:45:00+0200,0.0,MW,FR,FR,forecast_solar_generation,Solar,2026-05-30T16:05:06Z
2026-05-30T16:04:09Z,2026-05-30T18:04:09+0200,f5ca70ef-bf28-4256-b93b-6a2c907b2b36,2026-05-26T01:00:00Z,2026-05-26T03:00:00+0200,0.0,MW,FR,FR,forecast_solar_generation,Solar,2026-05-30T16:05:06Z
2026-05-30T16:04:09Z,2026-05-30T18:04:09+0200,f5ca70ef-bf28-4256-b93b-6a2c907b2b36,2026-05-26T01:15:00Z,2026-05-26T03:15:00+0200,0.0,MW,FR,FR,forecast_solar_generation,Solar,2026-05-30T16:05:06Z
2026-05-30T16:04:09Z,2026-05-30T18:04:09+0200,f5ca70ef-bf28-4256-b93b-6a2c907b2b36,2026-05-26T01:30:00Z,2026-05-26T03:30:00+0200,0.0,MW,FR,FR,forecast_solar_generation,Solar,2026-05-30T16:05:06Z
2026-05-30T16:04:09Z,2026-05-30T18:04:09+0200,f5ca70ef-bf28-4256-b93b-6a2c907b2b36,2026-05-26T01:45:00Z,2026-05-26T03:45:00+0200,0.0,MW,FR,FR,forecast_solar_generation,Solar,2026-05-30T16:05:06Z
2026-05-30T16:04:09Z,2026-05-30T18:04:09+0200,f5ca70ef-bf28-4256-b93b-6a2c907b2b36,2026-05-26T02:00:00Z,2026-05-26T04:00:00+0200,0.0,MW,FR,FR,forecast_solar_generation,Solar,2026-05-30T16:05:06Z
2026-05-30T16:04:09Z,2026-05-30T18:04:09+0200,f5ca70ef-bf28-4256-b93b-6a2c907b2b36,2026-05-26T02:15:00Z,2026-05-26T04:15:00+0200,0.0,MW,FR,FR,forecast_solar_generation,Solar,2026-05-30T16:05:06Z
2026-05-30T16:04:09Z,2026-05-30T18:04:09+0200,f5ca70ef-bf28-4256-b93b-6a2c907b2b36,2026-05-26T02:30:00Z,2026-05-26T04:30:00+0200,0.0,MW,FR,FR,forecast_solar_generation,Solar,2026-05-30T16:05:06Z
2026-05-30T16:04:09Z,2026-05-30T18:04:09+0200,f5ca70ef-bf28-4256-b93b-6a2c907b2b36,2026-05-26T02:45:00Z,2026-05-26T04:45:00+0200,0.0,MW,FR,FR,forecast_solar_generation,Solar,2026-05-30T16:05:06Z
2026-05-30T16:04:09Z,2026-05-30T18:04:09+0200,f5ca70ef-bf28-4256-b93b-6a2c907b2b36,2026-05-26T03:00:00Z,2026-05-26T05:00:00+0200,0.0,MW,FR,FR,forecast_solar_generation,Solar,2026-05-30T16:05:06Z
2026-05-30T16:04:09Z,2026-05-30T18:04:09+0200,f5ca70ef-bf28-4256-b93b-6a2c907b2b36,2026-05-26T03:15:00Z,2026-05-26T05:15:00+0200,0.0,MW,FR,FR,forecast_solar_generation,Solar,2026-05-30T16:05:06Z
2026-05-30T16:04:09Z,2026-05-30T18:04:09+0200,f5ca70ef-bf28-4256-b93b-6a2c907b2b36,2026-05-26T03:30:00Z,2026-05-26T05:30:00+0200,0.0,MW,FR,FR,forecast_solar_generation,Solar,2026-05-30T16:05:06Z
2026-05-30T16:04:09Z,2026-05-30T18:04:09+0200,f5ca70ef-bf28-4256-b93b-6a2c907b2b36,2026-05-26T03:45:00Z,2026-05-26T05:45:00+0200,0.0,MW,FR,FR,forecast_solar_generation,Solar,2026-05-30T16:05:06Z
2026-05-30T16:04:09Z,2026-05-30T18:04:09+0200,f5ca70ef-bf28-4256-b93b-6a2c907b2b36,2026-05-26T04:00:00Z,2026-05-26T06:00:00+0200,0.0,MW,FR,FR,forecast_solar_generation,Solar,2026-05-30T16:05:06Z
2026-05-30T16:04:09Z,2026-05-30T18:04:09+0200,f5ca70ef-bf28-4256-b93b-6a2c907b2b36,2026-05-26T04:15:00Z,2026-05-26T06:15:00+0200,123.95197,MW,FR,FR,forecast_solar_generation,Solar,2026-05-30T16:05:06Z
2026-05-30T16:04:09Z,2026-05-30T18:04:09+0200,f5ca70ef-bf28-4256-b93b-6a2c907b2b36,2026-05-26T04:30:00Z,2026-05-26T06:30:00+0200,251.07208,MW,FR,FR,forecast_solar_generation,Solar,2026-05-30T16:05:06Z
2026-05-30T16:04:09Z,2026-05-30T18:04:09+0200,f5ca70ef-bf28-4256-b93b-6a2c907b2b36,2026-05-26T04:45:00Z,2026-05-26T06:45:00+0200,614.41473,MW,FR,FR,forecast_solar_generation,Solar,2026-05-30T16:05:06Z
2026-05-30T16:04:09Z,2026-05-30T18:04:09+0200,f5ca70ef-bf28-4256-b93b-6a2c907b2b36,2026-05-26T05:00:00Z,2026-05-26T07:00:00+0200,1034.68445,MW,FR,FR,forecast_solar_generation,Solar,2026-05-30T16:05:06Z
2026-05-30T16:04:09Z,2026-05-30T18:04:09+0200,f5ca70ef-bf28-4256-b93b-6a2c907b2b36,2026-05-26T05:15:00Z,2026-05-26T07:15:00+0200,1564.06323,MW,FR,FR,forecast_solar_generation,Solar,2026-05-30T16:05:06Z
2026-05-30T16:04:09Z,2026-05-30T18:04:09+0200,f5ca70ef-bf28-4256-b93b-6a2c907b2b36,2026-05-26T05:30:00Z,2026-05-26T07:30:00+0200,2144.49707,MW,FR,FR,forecast_solar_generation,Solar,2026-05-30T16:05:06Z
2026-05-30T16:04:09Z,2026-05-30T18:04:09+0200,f5ca70ef-bf28-4256-b93b-6a2c907b2b36,2026-05-26T05:45:00Z,2026-05-26T07:45:00+0200,3079.44263,MW,FR,FR,forecast_solar_generation,Solar,2026-05-30T16:05:06Z
2026-05-30T16:04:09Z,2026-05-30T18:04:09+0200,f5ca70ef-bf28-4256-b93b-6a2c907b2b36,2026-05-26T06:00:00Z,2026-05-26T08:00:00+0200,4062.45312,MW,FR,FR,forecast_solar_generation,Solar,2026-05-30T16:05:06Z
2026-05-30T16:04:09Z,2026-05-30T18:04:09+0200,f5ca70ef-bf28-4256-b93b-6a2c907b2b36,2026-05-26T06:15:00Z,2026-05-26T08:15:00+0200,5247.48438,MW,FR,FR,forecast_solar_generation,Solar,2026-05-30T16:05:06Z
2026-05-30T16:04:09Z,2026-05-30T18:04:09+0200,f5ca70ef-bf28-4256-b93b-6a2c907b2b36,2026-05-26T06:30:00Z,2026-05-26T08:30:00+0200,6518.67188,MW,FR,FR,forecast_solar_generation,Solar,2026-05-30T16:05:06Z
2026-05-30T16:04:09Z,2026-05-30T18:04:09+0200,f5ca70ef-bf28-4256-b93b-6a2c907b2b36,2026-05-26T06:45:00Z,2026-05-26T08:45:00+0200,7789.0835,MW,FR,FR,forecast_solar_generation,Solar,2026-05-30T16:05:06Z
2026-05-30T16:04:09Z,2026-05-30T18:04:09+0200,f5ca70ef-bf28-4256-b93b-6a2c907b2b36,2026-05-26T07:00:00Z,2026-05-26T09:00:00+0200,9099.59277,MW,FR,FR,forecast_solar_generation,Solar,2026-05-30T16:05:06Z
2026-05-30T16:04:09Z,2026-05-30T18:04:09+0200,f5ca70ef-bf28-4256-b93b-6a2c907b2b36,2026-05-26T07:15:00Z,2026-05-26T09:15:00+0200,10349.52344,MW,FR,FR,forecast_solar_generation,Solar,2026-05-30T16:05:06Z
2026-05-30T16:04:09Z,2026-05-30T18:04:09+0200,f5ca70ef-bf28-4256-b93b-6a2c907b2b36,2026-05-26T07:30:00Z,2026-05-26T09:30:00+0200,11598.33008,MW,FR,FR,forecast_solar_generation,Solar,2026-05-30T16:05:06Z
2026-05-30T16:04:09Z,2026-05-30T18:04:09+0200,f5ca70ef-bf28-4256-b93b-6a2c907b2b36,2026-05-26T07:45:00Z,2026-05-26T09:45:00+0200,12743.98535,MW,FR,FR,forecast_solar_generation,Solar,2026-05-30T16:05:06Z
2026-05-30T16:04:09Z,2026-05-30T18:04:09+0200,f5ca70ef-bf28-4256-b93b-6a2c907b2b36,2026-05-26T08:00:00Z,2026-05-26T10:00:00+0200,13836.14551,MW,FR,FR,forecast_solar_generation,Solar,2026-05-30T16:05:06Z
2026-05-30T16:04:09Z,2026-05-30T18:04:09+0200,f5ca70ef-bf28-4256-b93b-6a2c907b2b36,2026-05-26T08:15:00Z,2026-05-26T10:15:00+0200,14874.06934,MW,FR,FR,forecast_solar_generation,Solar,2026-05-30T16:05:06Z
2026-05-30T16:04:09Z,2026-05-30T18:04:09+0200,f5ca70ef-bf28-4256-b93b-6a2c907b2b36,2026-05-26T08:30:00Z,2026-05-26T10:30:00+0200,15854.56738,MW,FR,FR,forecast_solar_generation,Solar,2026-05-30T16:05:06Z
2026-05-30T16:04:09Z,2026-05-30T18:04:09+0200,f5ca70ef-bf28-4256-b93b-6a2c907b2b36,2026-05-26T08:45:00Z,2026-05-26T10:45:00+0200,16633.67969,MW,FR,FR,forecast_solar_generation,Solar,2026-05-30T16:05:06Z
2026-05-30T16:04:09Z,2026-05-30T18:04:09+0200,f5ca70ef-bf28-4256-b93b-6a2c907b2b36,2026-05-26T09:00:00Z,2026-05-26T11:00:00+0200,17369.82812,MW,FR,FR,forecast_solar_generation,Solar,2026-05-30T16:05:06Z
2026-05-30T16:04:09Z,2026-05-30T18:04:09+0200,f5ca70ef-bf28-4256-b93b-6a2c907b2b36,2026-05-26T09:15:00Z,2026-05-26T11:15:00+0200,18143.93945,MW,FR,FR,forecast_solar_generation,Solar,2026-05-30T16:05:06Z
2026-05-30T16:04:09Z,2026-05-30T18:04:09+0200,f5ca70ef-bf28-4256-b93b-6a2c907b2b36,2026-05-26T09:30:00Z,2026-05-26T11:30:00+0200,14270.67676,MW,FR,FR,forecast_solar_generation,Solar,2026-05-30T16:05:06Z
2026-05-30T16:04:09Z,2026-05-30T18:04:09+0200,f5ca70ef-bf28-4256-b93b-6a2c907b2b36,2026-05-26T09:45:00Z,2026-05-26T11:45:00+0200,14636.31445,MW,FR,FR,forecast_solar_generation,Solar,2026-05-30T16:05:06Z
2026-05-30T16:04:09Z,2026-05-30T18:04:09+0200,f5ca70ef-bf28-4256-b93b-6a2c907b2b36,2026-05-26T10:00:00Z,2026-05-26T12:00:00+0200,14992.56055,MW,FR,FR,forecast_solar_generation,Solar,2026-05-30T16:05:06Z
2026-05-30T16:04:09Z,2026-05-30T18:04:09+0200,f5ca70ef-bf28-4256-b93b-6a2c907b2b36,2026-05-26T10:15:00Z,2026-05-26T12:15:00+0200,15249.62207,MW,FR,FR,forecast_solar_generation,Solar,2026-05-30T16:05:06Z
2026-05-30T16:04:09Z,2026-05-30T18:04:09+0200,f5ca70ef-bf28-4256-b93b-6a2c907b2b36,2026-05-26T10:30:00Z,2026-05-26T12:30:00+0200,15493.28711,MW,FR,FR,forecast_solar_generation,Solar,2026-05-30T16:05:06Z
2026-05-30T16:04:09Z,2026-05-30T18:04:09+0200,f5ca70ef-bf28-4256-b93b-6a2c907b2b36,2026-05-26T10:45:00Z,2026-05-26T12:45:00+0200,15634.4043,MW,FR,FR,forecast_solar_generation,Solar,2026-05-30T16:05:06Z
2026-05-30T16:04:09Z,2026-05-30T18:04:09+0200,f5ca70ef-bf28-4256-b93b-6a2c907b2b36,2026-05-26T11:00:00Z,2026-05-26T13:00:00+0200,15765.88672,MW,FR,FR,forecast_solar_generation,Solar,2026-05-30T16:05:06Z
2026-05-30T16:04:09Z,2026-05-30T18:04:09+0200,f5ca70ef-bf28-4256-b93b-6a2c907b2b36,2026-05-26T11:15:00Z,2026-05-26T13:15:00+0200,14094.01465,MW,FR,FR,forecast_solar_generation,Solar,2026-05-30T16:05:06Z
2026-05-30T16:04:09Z,2026-05-30T18:04:09+0200,f5ca70ef-bf28-4256-b93b-6a2c907b2b36,2026-05-26T11:30:00Z,2026-05-26T13:30:00+0200,14117.43945,MW,FR,FR,forecast_solar_generation,Solar,2026-05-30T16:05:06Z
2026-05-30T16:04:09Z,2026-05-30T18:04:09+0200,f5ca70ef-bf28-4256-b93b-6a2c907b2b36,2026-05-26T11:45:00Z,2026-05-26T13:45:00+0200,14106.29102,MW,FR,FR,forecast_solar_generation,Solar,2026-05-30T16:05:06Z
2026-05-30T16:04:09Z,2026-05-30T18:04:09+0200,f5ca70ef-bf28-4256-b93b-6a2c907b2b36,2026-05-26T12:00:00Z,2026-05-26T14:00:00+0200,14082.97949,MW,FR,FR,forecast_solar_generation,Solar,2026-05-30T16:05:06Z
2026-05-30T16:04:09Z,2026-05-30T18:04:09+0200,f5ca70ef-bf28-4256-b93b-6a2c907b2b36,2026-05-26T12:15:00Z,2026-05-26T14:15:00+0200,14025.22949,MW,FR,FR,forecast_solar_generation,Solar,2026-05-30T16:05:06Z
2026-05-30T16:04:09Z,2026-05-30T18:04:09+0200,f5ca70ef-bf28-4256-b93b-6a2c907b2b36,2026-05-26T12:30:00Z,2026-05-26T14:30:00+0200,13947.41113,MW,FR,FR,forecast_solar_generation,Solar,2026-05-30T16:05:06Z
2026-05-30T16:04:09Z,2026-05-30T18:04:09+0200,f5ca70ef-bf28-4256-b93b-6a2c907b2b36,2026-05-26T12:45:00Z,2026-05-26T14:45:00+0200,13835.88867,MW,FR,FR,forecast_solar_generation,Solar,2026-05-30T16:05:06Z
2026-05-30T16:04:09Z,2026-05-30T18:04:09+0200,f5ca70ef-bf28-4256-b93b-6a2c907b2b36,2026-05-26T13:00:00Z,2026-05-26T15:00:00+0200,15351.25879,MW,FR,FR,forecast_solar_generation,Solar,2026-05-30T16:05:06Z
2026-05-30T16:04:09Z,2026-05-30T18:04:09+0200,f5ca70ef-bf28-4256-b93b-6a2c907b2b36,2026-05-26T13:15:00Z,2026-05-26T15:15:00+0200,15076.47168,MW,FR,FR,forecast_solar_generation,Solar,2026-05-30T16:05:06Z
2026-05-30T16:04:09Z,2026-05-30T18:04:09+0200,f5ca70ef-bf28-4256-b93b-6a2c907b2b36,2026-05-26T13:30:00Z,2026-05-26T15:30:00+0200,14820.97168,MW,FR,FR,forecast_solar_generation,Solar,2026-05-30T16:05:06Z
2026-05-30T16:04:09Z,2026-05-30T18:04:09+0200,f5ca70ef-bf28-4256-b93b-6a2c907b2b36,2026-05-26T13:45:00Z,2026-05-26T15:45:00+0200,14426.55859,MW,FR,FR,forecast_solar_generation,Solar,2026-05-30T16:05:06Z
2026-05-30T16:04:09Z,2026-05-30T18:04:09+0200,f5ca70ef-bf28-4256-b93b-6a2c907b2b36,2026-05-26T14:00:00Z,2026-05-26T16:00:00+0200,13981.04688,MW,FR,FR,forecast_solar_generation,Solar,2026-05-30T16:05:06Z
2026-05-30T16:04:09Z,2026-05-30T18:04:09+0200,f5ca70ef-bf28-4256-b93b-6a2c907b2b36,2026-05-26T14:15:00Z,2026-05-26T16:15:00+0200,17828.1582,MW,FR,FR,forecast_solar_generation,Solar,2026-05-30T16:05:06Z
2026-05-30T16:04:09Z,2026-05-30T18:04:09+0200,f5ca70ef-bf28-4256-b93b-6a2c907b2b36,2026-05-26T14:30:00Z,2026-05-26T16:30:00+0200,17089.73242,MW,FR,FR,forecast_solar_generation,Solar,2026-05-30T16:05:06Z
2026-05-30T16:04:09Z,2026-05-30T18:04:09+0200,f5ca70ef-bf28-4256-b93b-6a2c907b2b36,2026-05-26T14:45:00Z,2026-05-26T16:45:00+0200,16293.94336,MW,FR,FR,forecast_solar_generation,Solar,2026-05-30T16:05:06Z
2026-05-30T16:04:09Z,2026-05-30T18:04:09+0200,f5ca70ef-bf28-4256-b93b-6a2c907b2b36,2026-05-26T15:00:00Z,2026-05-26T17:00:00+0200,15501.44824,MW,FR,FR,forecast_solar_generation,Solar,2026-05-30T16:05:06Z
2026-05-30T16:04:09Z,2026-05-30T18:04:09+0200,f5ca70ef-bf28-4256-b93b-6a2c907b2b36,2026-05-26T15:15:00Z,2026-05-26T17:15:00+0200,14676.54688,MW,FR,FR,forecast_solar_generation,Solar,2026-05-30T16:05:06Z
2026-05-30T16:04:09Z,2026-05-30T18:04:09+0200,f5ca70ef-bf28-4256-b93b-6a2c907b2b36,2026-05-26T15:30:00Z,2026-05-26T17:30:00+0200,13775.86133,MW,FR,FR,forecast_solar_generation,Solar,2026-05-30T16:05:06Z
2026-05-30T16:04:09Z,2026-05-30T18:04:09+0200,f5ca70ef-bf28-4256-b93b-6a2c907b2b36,2026-05-26T15:45:00Z,2026-05-26T17:45:00+0200,12865.36133,MW,FR,FR,forecast_solar_generation,Solar,2026-05-30T16:05:06Z
2026-05-30T16:04:09Z,2026-05-30T18:04:09+0200,f5ca70ef-bf28-4256-b93b-6a2c907b2b36,2026-05-26T16:00:00Z,2026-05-26T18:00:00+0200,11817.59277,MW,FR,FR,forecast_solar_generation,Solar,2026-05-30T16:05:06Z
2026-05-30T16:04:09Z,2026-05-30T18:04:09+0200,f5ca70ef-bf28-4256-b93b-6a2c907b2b36,2026-05-26T16:15:00Z,2026-05-26T18:15:00+0200,10723.23926,MW,FR,FR,forecast_solar_generation,Solar,2026-05-30T16:05:06Z
2026-05-30T16:04:09Z,2026-05-30T18:04:09+0200,f5ca70ef-bf28-4256-b93b-6a2c907b2b36,2026-05-26T16:30:00Z,2026-05-26T18:30:00+0200,9585.37988,MW,FR,FR,forecast_solar_generation,Solar,2026-05-30T16:05:06Z
2026-05-30T16:04:09Z,2026-05-30T18:04:09+0200,f5ca70ef-bf28-4256-b93b-6a2c907b2b36,2026-05-26T16:45:00Z,2026-05-26T18:45:00+0200,8532.77441,MW,FR,FR,forecast_solar_generation,Solar,2026-05-30T16:05:06Z
2026-05-30T16:04:09Z,2026-05-30T18:04:09+0200,f5ca70ef-bf28-4256-b93b-6a2c907b2b36,2026-05-26T17:00:00Z,2026-05-26T19:00:00+0200,7320.54541,MW,FR,FR,forecast_solar_generation,Solar,2026-05-30T16:05:06Z
2026-05-30T16:04:09Z,2026-05-30T18:04:09+0200,f5ca70ef-bf28-4256-b93b-6a2c907b2b36,2026-05-26T17:15:00Z,2026-05-26T19:15:00+0200,6264.17236,MW,FR,FR,forecast_solar_generation,Solar,2026-05-30T16:05:06Z
2026-05-30T16:04:09Z,2026-05-30T18:04:09+0200,f5ca70ef-bf28-4256-b93b-6a2c907b2b36,2026-05-26T17:30:00Z,2026-05-26T19:30:00+0200,5029.72949,MW,FR,FR,forecast_solar_generation,Solar,2026-05-30T16:05:06Z
2026-05-30T16:04:09Z,2026-05-30T18:04:09+0200,f5ca70ef-bf28-4256-b93b-6a2c907b2b36,2026-05-26T17:45:00Z,2026-05-26T19:45:00+0200,4124.65381,MW,FR,FR,forecast_solar_generation,Solar,2026-05-30T16:05:06Z
2026-05-30T16:04:09Z,2026-05-30T18:04:09+0200,f5ca70ef-bf28-4256-b93b-6a2c907b2b36,2026-05-26T18:00:00Z,2026-05-26T20:00:00+0200,3054.50269,MW,FR,FR,forecast_solar_generation,Solar,2026-05-30T16:05:06Z
2026-05-30T16:04:09Z,2026-05-30T18:04:09+0200,f5ca70ef-bf28-4256-b93b-6a2c907b2b36,2026-05-26T18:15:00Z,2026-05-26T20:15:00+0200,2257.12964,MW,FR,FR,forecast_solar_generation,Solar,2026-05-30T16:05:06Z
2026-05-30T16:04:09Z,2026-05-30T18:04:09+0200,f5ca70ef-bf28-4256-b93b-6a2c907b2b36,2026-05-26T18:30:00Z,2026-05-26T20:30:00+0200,1566.20667,MW,FR,FR,forecast_solar_generation,Solar,2026-05-30T16:05:06Z
2026-05-30T16:04:09Z,2026-05-30T18:04:09+0200,f5ca70ef-bf28-4256-b93b-6a2c907b2b36,2026-05-26T18:45:00Z,2026-05-26T20:45:00+0200,1117.06543,MW,FR,FR,forecast_solar_generation,Solar,2026-05-30T16:05:06Z
2026-05-30T16:04:09Z,2026-05-30T18:04:09+0200,f5ca70ef-bf28-4256-b93b-6a2c907b2b36,2026-05-26T19:00:00Z,2026-05-26T21:00:00+0200,744.35211,MW,FR,FR,forecast_solar_generation,Solar,2026-05-30T16:05:06Z
2026-05-30T16:04:09Z,2026-05-30T18:04:09+0200,f5ca70ef-bf28-4256-b93b-6a2c907b2b36,2026-05-26T19:15:00Z,2026-05-26T21:15:00+0200,384.29071,MW,FR,FR,forecast_solar_generation,Solar,2026-05-30T16:05:06Z
2026-05-30T16:04:09Z,2026-05-30T18:04:09+0200,f5ca70ef-bf28-4256-b93b-6a2c907b2b36,2026-05-26T19:30:00Z,2026-05-26T21:30:00+0200,134.06743,MW,FR,FR,forecast_solar_generation,Solar,2026-05-30T16:05:06Z
2026-05-30T16:04:09Z,2026-05-30T18:04:09+0200,f5ca70ef-bf28-4256-b93b-6a2c907b2b36,2026-05-26T19:45:00Z,2026-05-26T21:45:00+0200,22.05394,MW,FR,FR,forecast_solar_generation,Solar,2026-05-30T16:05:06Z
2026-05-30T16:04:09Z,2026-05-30T18:04:09+0200,f5ca70ef-bf28-4256-b93b-6a2c907b2b36,2026-05-26T20:00:00Z,2026-05-26T22:00:00+0200,0.0,MW,FR,FR,forecast_solar_generation,Solar,2026-05-30T16:05:06Z
2026-05-30T16:04:09Z,2026-05-30T18:04:09+0200,f5ca70ef-bf28-4256-b93b-6a2c907b2b36,2026-05-26T20:15:00Z,2026-05-26T22:15:00+0200,0.0,MW,FR,FR,forecast_solar_generation,Solar,2026-05-30T16:05:06Z
2026-05-30T16:04:09Z,2026-05-30T18:04:09+0200,f5ca70ef-bf28-4256-b93b-6a2c907b2b36,2026-05-26T20:30:00Z,2026-05-26T22:30:00+0200,0.0,MW,FR,FR,forecast_solar_generation,Solar,2026-05-30T16:05:06Z
2026-05-30T16:04:09Z,2026-05-30T18:04:09+0200,f5ca70ef-bf28-4256-b93b-6a2c907b2b36,2026-05-26T20:45:00Z,2026-05-26T22:45:00+0200,0.0,MW,FR,FR,forecast_solar_generation,Solar,2026-05-30T16:05:06Z
2026-05-30T16:04:09Z,2026-05-30T18:04:09+0200,f5ca70ef-bf28-4256-b93b-6a2c907b2b36,2026-05-26T21:00:00Z,2026-05-26T23:00:00+0200,0.0,MW,FR,FR,forecast_solar_generation,Solar,2026-05-30T16:05:06Z
2026-05-30T16:04:09Z,2026-05-30T18:04:09+0200,f5ca70ef-bf28-4256-b93b-6a2c907b2b36,2026-05-26T21:15:00Z,2026-05-26T23:15:00+0200,0.0,MW,FR,FR,forecast_solar_generation,Solar,2026-05-30T16:05:06Z
2026-05-30T16:04:09Z,2026-05-30T18:04:09+0200,f5ca70ef-bf28-4256-b93b-6a2c907b2b36,2026-05-26T21:30:00Z,2026-05-26T23:30:00+0200,0.0,MW,FR,FR,forecast_solar_generation,Solar,2026-05-30T16:05:06Z
2026-05-30T16:04:09Z,2026-05-30T18:04:09+0200,f5ca70ef-bf28-4256-b93b-6a2c907b2b36,2026-05-26T21:45:00Z,2026-05-26T23:45:00+0200,0.0,MW,FR,FR,forecast_solar_generation,Solar,2026-05-30T16:05:06Z
2026-05-30T16:04:09Z,2026-05-30T18:04:09+0200,f5ca70ef-bf28-4256-b93b-6a2c907b2b36,2026-05-26T22:00:00Z,2026-05-27T00:00:00+0200,0.0,MW,FR,FR,forecast_solar_generation,Solar,2026-05-30T16:05:06Z
2026-05-30T16:04:09Z,2026-05-30T18:04:09+0200,f5ca70ef-bf28-4256-b93b-6a2c907b2b36,2026-05-26T22:15:00Z,2026-05-27T00:15:00+0200,0.0,MW,FR,FR,forecast_solar_generation,Solar,2026-05-30T16:05:06Z
2026-05-30T16:04:09Z,2026-05-30T18:04:09+0200,f5ca70ef-bf28-4256-b93b-6a2c907b2b36,2026-05-26T22:30:00Z,2026-05-27T00:30:00+0200,0.0,MW,FR,FR,forecast_solar_generation,Solar,2026-05-30T16:05:06Z
2026-05-30T16:04:09Z,2026-05-30T18:04:09+0200,f5ca70ef-bf28-4256-b93b-6a2c907b2b36,2026-05-26T22:45:00Z,2026-05-27T00:45:00+0200,0.0,MW,FR,FR,forecast_solar_generation,Solar,2026-05-30T16:05:06Z
2026-05-30T16:04:09Z,2026-05-30T18:04:09+0200,f5ca70ef-bf28-4256-b93b-6a2c907b2b36,2026-05-26T23:00:00Z,2026-05-27T01:00:00+0200,0.0,MW,FR,FR,forecast_solar_generation,Solar,2026-05-30T16:05:06Z
2026-05-30T16:04:09Z,2026-05-30T18:04:09+0200,f5ca70ef-bf28-4256-b93b-6a2c907b2b36,2026-05-26T23:15:00Z,2026-05-27T01:15:00+0200,0.0,MW,FR,FR,forecast_solar_generation,Solar,2026-05-30T16:05:06Z
2026-05-30T16:04:09Z,2026-05-30T18:04:09+0200,f5ca70ef-bf28-4256-b93b-6a2c907b2b36,2026-05-26T23:30:00Z,2026-05-27T01:30:00+0200,0.0,MW,FR,FR,forecast_solar_generation,Solar,2026-05-30T16:05:06Z
2026-05-30T16:04:09Z,2026-05-30T18:04:09+0200,f5ca70ef-bf28-4256-b93b-6a2c907b2b36,2026-05-26T23:45:00Z,2026-05-27T01:45:00+0200,0.0,MW,FR,FR,forecast_solar_generation,Solar,2026-05-30T16:05:06Z
2026-05-30T16:04:09Z,2026-05-30T18:04:09+0200,f5ca70ef-bf28-4256-b93b-6a2c907b2b36,2026-05-27T00:00:00Z,2026-05-27T02:00:00+0200,0.0,MW,FR,FR,forecast_solar_generation,Solar,2026-05-30T16:05:06Z
2026-05-30T16:04:09Z,2026-05-30T18:04:09+0200,f5ca70ef-bf28-4256-b93b-6a2c907b2b36,2026-05-27T00:15:00Z,2026-05-27T02:15:00+0200,0.0,MW,FR,FR,forecast_solar_generation,Solar,2026-05-30T16:05:06Z
2026-05-30T16:04:09Z,2026-05-30T18:04:09+0200,f5ca70ef-bf28-4256-b93b-6a2c907b2b36,2026-05-27T00:30:00Z,2026-05-27T02:30:00+0200,0.0,MW,FR,FR,forecast_solar_generation,Solar,2026-05-30T16:05:06Z
2026-05-30T16:04:09Z,2026-05-30T18:04:09+0200,f5ca70ef-bf28-4256-b93b-6a2c907b2b36,2026-05-27T00:45:00Z,2026-05-27T02:45:00+0200,0.0,MW,FR,FR,forecast_solar_generation,Solar,2026-05-30T16:05:06Z
2026-05-30T16:04:09Z,2026-05-30T18:04:09+0200,f5ca70ef-bf28-4256-b93b-6a2c907b2b36,2026-05-27T01:00:00Z,2026-05-27T03:00:00+0200,0.0,MW,FR,FR,forecast_solar_generation,Solar,2026-05-30T16:05:06Z
2026-05-30T16:04:09Z,2026-05-30T18:04:09+0200,f5ca70ef-bf28-4256-b93b-6a2c907b2b36,2026-05-27T01:15:00Z,2026-05-27T03:15:00+0200,0.0,MW,FR,FR,forecast_solar_generation,Solar,2026-05-30T16:05:06Z
2026-05-30T16:04:09Z,2026-05-30T18:04:09+0200,f5ca70ef-bf28-4256-b93b-6a2c907b2b36,2026-05-27T01:30:00Z,2026-05-27T03:30:00+0200,0.0,MW,FR,FR,forecast_solar_generation,Solar,2026-05-30T16:05:06Z
2026-05-30T16:04:09Z,2026-05-30T18:04:09+0200,f5ca70ef-bf28-4256-b93b-6a2c907b2b36,2026-05-27T01:45:00Z,2026-05-27T03:45:00+0200,0.0,MW,FR,FR,forecast_solar_generation,Solar,2026-05-30T16:05:06Z
2026-05-30T16:04:09Z,2026-05-30T18:04:09+0200,f5ca70ef-bf28-4256-b93b-6a2c907b2b36,2026-05-27T02:00:00Z,2026-05-27T04:00:00+0200,0.0,MW,FR,FR,forecast_solar_generation,Solar,2026-05-30T16:05:06Z
2026-05-30T16:04:09Z,2026-05-30T18:04:09+0200,f5ca70ef-bf28-4256-b93b-6a2c907b2b36,2026-05-27T02:15:00Z,2026-05-27T04:15:00+0200,0.0,MW,FR,FR,forecast_solar_generation,Solar,2026-05-30T16:05:06Z
2026-05-30T16:04:09Z,2026-05-30T18:04:09+0200,f5ca70ef-bf28-4256-b93b-6a2c907b2b36,2026-05-27T02:30:00Z,2026-05-27T04:30:00+0200,0.0,MW,FR,FR,forecast_solar_generation,Solar,2026-05-30T16:05:06Z
2026-05-30T16:04:09Z,2026-05-30T18:04:09+0200,f5ca70ef-bf28-4256-b93b-6a2c907b2b36,2026-05-27T02:45:00Z,2026-05-27T04:45:00+0200,0.0,MW,FR,FR,forecast_solar_generation,Solar,2026-05-30T16:05:06Z
2026-05-30T16:04:09Z,2026-05-30T18:04:09+0200,f5ca70ef-bf28-4256-b93b-6a2c907b2b36,2026-05-27T03:00:00Z,2026-05-27T05:00:00+0200,0.0,MW,FR,FR,forecast_solar_generation,Solar,2026-05-30T16:05:06Z
2026-05-30T16:04:09Z,2026-05-30T18:04:09+0200,f5ca70ef-bf28-4256-b93b-6a2c907b2b36,2026-05-27T03:15:00Z,2026-05-27T05:15:00+0200,0.0,MW,FR,FR,forecast_solar_generation,Solar,2026-05-30T16:05:06Z
2026-05-30T16:04:09Z,2026-05-30T18:04:09+0200,f5ca70ef-bf28-4256-b93b-6a2c907b2b36,2026-05-27T03:30:00Z,2026-05-27T05:30:00+0200,0.0,MW,FR,FR,forecast_solar_generation,Solar,2026-05-30T16:05:06Z
2026-05-30T16:04:09Z,2026-05-30T18:04:09+0200,f5ca70ef-bf28-4256-b93b-6a2c907b2b36,2026-05-27T03:45:00Z,2026-05-27T05:45:00+0200,0.0,MW,FR,FR,forecast_solar_generation,Solar,2026-05-30T16:05:06Z
2026-05-30T16:04:09Z,2026-05-30T18:04:09+0200,f5ca70ef-bf28-4256-b93b-6a2c907b2b36,2026-05-27T04:00:00Z,2026-05-27T06:00:00+0200,0.0,MW,FR,FR,forecast_solar_generation,Solar,2026-05-30T16:05:06Z
2026-05-30T16:04:09Z,2026-05-30T18:04:09+0200,f5ca70ef-bf28-4256-b93b-6a2c907b2b36,2026-05-27T04:15:00Z,2026-05-27T06:15:00+0200,132.35402,MW,FR,FR,forecast_solar_generation,Solar,2026-05-30T16:05:06Z
2026-05-30T16:04:09Z,2026-05-30T18:04:09+0200,f5ca70ef-bf28-4256-b93b-6a2c907b2b36,2026-05-27T04:30:00Z,2026-05-27T06:30:00+0200,260.23807,MW,FR,FR,forecast_solar_generation,Solar,2026-05-30T16:05:06Z
2026-05-30T16:04:09Z,2026-05-30T18:04:09+0200,f5ca70ef-bf28-4256-b93b-6a2c907b2b36,2026-05-27T04:45:00Z,2026-05-27T06:45:00+0200,629.04919,MW,FR,FR,forecast_solar_generation,Solar,2026-05-30T16:05:06Z
2026-05-30T16:04:09Z,2026-05-30T18:04:09+0200,f5ca70ef-bf28-4256-b93b-6a2c907b2b36,2026-05-27T05:00:00Z,2026-05-27T07:00:00+0200,1050.54285,MW,FR,FR,forecast_solar_generation,Solar,2026-05-30T16:05:06Z
2026-05-30T16:04:09Z,2026-05-30T18:04:09+0200,f5ca70ef-bf28-4256-b93b-6a2c907b2b36,2026-05-27T05:15:00Z,2026-05-27T07:15:00+0200,1592.61975,MW,FR,FR,forecast_solar_generation,Solar,2026-05-30T16:05:06Z
2026-05-30T16:04:09Z,2026-05-30T18:04:09+0200,f5ca70ef-bf28-4256-b93b-6a2c907b2b36,2026-05-27T05:30:00Z,2026-05-27T07:30:00+0200,2170.17578,MW,FR,FR,forecast_solar_generation,Solar,2026-05-30T16:05:06Z
2026-05-30T16:04:09Z,2026-05-30T18:04:09+0200,f5ca70ef-bf28-4256-b93b-6a2c907b2b36,2026-05-27T05:45:00Z,2026-05-27T07:45:00+0200,3120.12793,MW,FR,FR,forecast_solar_generation,Solar,2026-05-30T16:05:06Z
2026-05-30T16:04:09Z,2026-05-30T18:04:09+0200,f5ca70ef-bf28-4256-b93b-6a2c907b2b36,2026-05-27T06:00:00Z,2026-05-27T08:00:00+0200,4111.67871,MW,FR,FR,forecast_solar_generation,Solar,2026-05-30T16:05:06Z
2026-05-30T16:04:09Z,2026-05-30T18:04:09+0200,f5ca70ef-bf28-4256-b93b-6a2c907b2b36,2026-05-27T06:15:00Z,2026-05-27T08:15:00+0200,5304.80371,MW,FR,FR,forecast_solar_generation,Solar,2026-05-30T16:05:06Z
2026-05-30T16:04:09Z,2026-05-30T18:04:09+0200,f5ca70ef-bf28-4256-b93b-6a2c907b2b36,2026-05-27T06:30:00Z,2026-05-27T08:30:00+0200,6580.4834,MW,FR,FR,forecast_solar_generation,Solar,2026-05-30T16:05:06Z
2026-05-30T16:04:09Z,2026-05-30T18:04:09+0200,f5ca70ef-bf28-4256-b93b-6a2c907b2b36,2026-05-27T06:45:00Z,2026-05-27T08:45:00+0200,7851.81494,MW,FR,FR,forecast_solar_generation,Solar,2026-05-30T16:05:06Z
2026-05-30T16:04:09Z,2026-05-30T18:04:09+0200,f5ca70ef-bf28-4256-b93b-6a2c907b2b36,2026-05-27T07:00:00Z,2026-05-27T09:00:00+0200,9169.80664,MW,FR,FR,forecast_solar_generation,Solar,2026-05-30T16:05:06Z
2026-05-30T16:04:09Z,2026-05-30T18:04:09+0200,f5ca70ef-bf28-4256-b93b-6a2c907b2b36,2026-05-27T07:15:00Z,2026-05-27T09:15:00+0200,10420.6416,MW,FR,FR,forecast_solar_generation,Solar,2026-05-30T16:05:06Z
2026-05-30T16:04:09Z,2026-05-30T18:04:09+0200,f5ca70ef-bf28-4256-b93b-6a2c907b2b36,2026-05-27T07:30:00Z,2026-05-27T09:30:00+0200,11684.79102,MW,FR,FR,forecast_solar_generation,Solar,2026-05-30T16:05:06Z
2026-05-30T16:04:09Z,2026-05-30T18:04:09+0200,f5ca70ef-bf28-4256-b93b-6a2c907b2b36,2026-05-27T07:45:00Z,2026-05-27T09:45:00+0200,12821.69727,MW,FR,FR,forecast_solar_generation,Solar,2026-05-30T16:05:06Z
2026-05-30T16:04:09Z,2026-05-30T18:04:09+0200,f5ca70ef-bf28-4256-b93b-6a2c907b2b36,2026-05-27T08:00:00Z,2026-05-27T10:00:00+0200,13902.64062,MW,FR,FR,forecast_solar_generation,Solar,2026-05-30T16:05:06Z
2026-05-30T16:04:09Z,2026-05-30T18:04:09+0200,f5ca70ef-bf28-4256-b93b-6a2c907b2b36,2026-05-27T08:15:00Z,2026-05-27T10:15:00+0200,14951.66406,MW,FR,FR,forecast_solar_generation,Solar,2026-05-30T16:05:06Z
2026-05-30T16:04:09Z,2026-05-30T18:04:09+0200,f5ca70ef-bf28-4256-b93b-6a2c907b2b36,2026-05-27T08:30:00Z,2026-05-27T10:30:00+0200,15931.75488,MW,FR,FR,forecast_solar_generation,Solar,2026-05-30T16:05:06Z
2026-05-30T16:04:09Z,2026-05-30T18:04:09+0200,f5ca70ef-bf28-4256-b93b-6a2c907b2b36,2026-05-27T08:45:00Z,2026-05-27T10:45:00+0200,16713.57812,MW,FR,FR,forecast_solar_generation,Solar,2026-05-30T16:05:06Z
2026-05-30T16:04:09Z,2026-05-30T18:04:09+0200,f5ca70ef-bf28-4256-b93b-6a2c907b2b36,2026-05-27T09:00:00Z,2026-05-27T11:00:00+0200,17447.94531,MW,FR,FR,forecast_solar_generation,Solar,2026-05-30T16:05:06Z
2026-05-30T16:04:09Z,2026-05-30T18:04:09+0200,f5ca70ef-bf28-4256-b93b-6a2c907b2b36,2026-05-27T09:15:00Z,2026-05-27T11:15:00+0200,18217.97656,MW,FR,FR,forecast_solar_generation,Solar,2026-05-30T16:05:06Z
2026-05-30T16:04:09Z,2026-05-30T18:04:09+0200,f5ca70ef-bf28-4256-b93b-6a2c907b2b36,2026-05-27T09:30:00Z,2026-05-27T11:30:00+0200,18906.04492,MW,FR,FR,forecast_solar_generation,Solar,2026-05-30T16:05:06Z
2026-05-30T16:04:09Z,2026-05-30T18:04:09+0200,f5ca70ef-bf28-4256-b93b-6a2c907b2b36,2026-05-27T09:45:00Z,2026-05-27T11:45:00+0200,19367.88672,MW,FR,FR,forecast_solar_generation,Solar,2026-05-30T16:05:06Z
2026-05-30T16:04:09Z,2026-05-30T18:04:09+0200,f5ca70ef-bf28-4256-b93b-6a2c907b2b36,2026-05-27T10:00:00Z,2026-05-27T12:00:00+0200,19783.88477,MW,FR,FR,forecast_solar_generation,Solar,2026-05-30T16:05:06Z
2026-05-30T16:04:09Z,2026-05-30T18:04:09+0200,f5ca70ef-bf28-4256-b93b-6a2c907b2b36,2026-05-27T10:15:00Z,2026-05-27T12:15:00+0200,20129.23828,MW,FR,FR,forecast_solar_generation,Solar,2026-05-30T16:05:06Z
2026-05-30T16:04:09Z,2026-05-30T18:04:09+0200,f5ca70ef-bf28-4256-b93b-6a2c907b2b36,2026-05-27T10:30:00Z,2026-05-27T12:30:00+0200,20426.54883,MW,FR,FR,forecast_solar_generation,Solar,2026-05-30T16:05:06Z
2026-05-30T16:04:09Z,2026-05-30T18:04:09+0200,f5ca70ef-bf28-4256-b93b-6a2c907b2b36,2026-05-27T10:45:00Z,2026-05-27T12:45:00+0200,20617.16992,MW,FR,FR,forecast_solar_generation,Solar,2026-05-30T16:05:06Z
2026-05-30T16:04:09Z,2026-05-30T18:04:09+0200,f5ca70ef-bf28-4256-b93b-6a2c907b2b36,2026-05-27T11:00:00Z,2026-05-27T13:00:00+0200,20796.17383,MW,FR,FR,forecast_solar_generation,Solar,2026-05-30T16:05:06Z
2026-05-30T16:04:09Z,2026-05-30T18:04:09+0200,f5ca70ef-bf28-4256-b93b-6a2c907b2b36,2026-05-27T11:15:00Z,2026-05-27T13:15:00+0200,20866.38477,MW,FR,FR,forecast_solar_generation,Solar,2026-05-30T16:05:06Z
2026-05-30T16:04:09Z,2026-05-30T18:04:09+0200,f5ca70ef-bf28-4256-b93b-6a2c907b2b36,2026-05-27T11:30:00Z,2026-05-27T13:30:00+0200,15873.61621,MW,FR,FR,forecast_solar_generation,Solar,2026-05-30T16:05:06Z
2026-05-30T16:04:09Z,2026-05-30T18:04:09+0200,f5ca70ef-bf28-4256-b93b-6a2c907b2b36,2026-05-27T11:45:00Z,2026-05-27T13:45:00+0200,15852.99023,MW,FR,FR,forecast_solar_generation,Solar,2026-05-30T16:05:06Z
2026-05-30T16:04:09Z,2026-05-30T18:04:09+0200,f5ca70ef-bf28-4256-b93b-6a2c907b2b36,2026-05-27T12:00:00Z,2026-05-27T14:00:00+0200,15809.37305,MW,FR,FR,forecast_solar_generation,Solar,2026-05-30T16:05:06Z
2026-05-30T16:04:09Z,2026-05-30T18:04:09+0200,f5ca70ef-bf28-4256-b93b-6a2c907b2b36,2026-05-27T12:15:00Z,2026-05-27T14:15:00+0200,15730.63184,MW,FR,FR,forecast_solar_generation,Solar,2026-05-30T16:05:06Z
2026-05-30T16:04:09Z,2026-05-30T18:04:09+0200,f5ca70ef-bf28-4256-b93b-6a2c907b2b36,2026-05-27T12:30:00Z,2026-05-27T14:30:00+0200,15643.68555,MW,FR,FR,forecast_solar_generation,Solar,2026-05-30T16:05:06Z
2026-05-30T16:04:09Z,2026-05-30T18:04:09+0200,f5ca70ef-bf28-4256-b93b-6a2c907b2b36,2026-05-27T12:45:00Z,2026-05-27T14:45:00+0200,15498.14453,MW,FR,FR,forecast_solar_generation,Solar,2026-05-30T16:05:06Z
2026-05-30T16:04:09Z,2026-05-30T18:04:09+0200,f5ca70ef-bf28-4256-b93b-6a2c907b2b36,2026-05-27T13:00:00Z,2026-05-27T15:00:00+0200,20110.16602,MW,FR,FR,forecast_solar_generation,Solar,2026-05-30T16:05:06Z
2026-05-30T16:04:09Z,2026-05-30T18:04:09+0200,f5ca70ef-bf28-4256-b93b-6a2c907b2b36,2026-05-27T13:15:00Z,2026-05-27T15:15:00+0200,19667.59766,MW,FR,FR,forecast_solar_generation,Solar,2026-05-30T16:05:06Z
2026-05-30T16:04:09Z,2026-05-30T18:04:09+0200,f5ca70ef-bf28-4256-b93b-6a2c907b2b36,2026-05-27T13:30:00Z,2026-05-27T15:30:00+0200,19239.25977,MW,FR,FR,forecast_solar_generation,Solar,2026-05-30T16:05:06Z
2026-05-30T16:04:09Z,2026-05-30T18:04:09+0200,f5ca70ef-bf28-4256-b93b-6a2c907b2b36,2026-05-27T13:45:00Z,2026-05-27T15:45:00+0200,18647.05273,MW,FR,FR,forecast_solar_generation,Solar,2026-05-30T16:05:06Z
2026-05-30T16:04:09Z,2026-05-30T18:04:09+0200,f5ca70ef-bf28-4256-b93b-6a2c907b2b36,2026-05-27T14:00:00Z,2026-05-27T16:00:00+0200,18011.89062,MW,FR,FR,forecast_solar_generation,Solar,2026-05-30T16:05:06Z
2026-05-30T16:04:09Z,2026-05-30T18:04:09+0200,f5ca70ef-bf28-4256-b93b-6a2c907b2b36,2026-05-27T14:15:00Z,2026-05-27T16:15:00+0200,17335.98828,MW,FR,FR,forecast_solar_generation,Solar,2026-05-30T16:05:06Z
2026-05-30T16:04:09Z,2026-05-30T18:04:09+0200,f5ca70ef-bf28-4256-b93b-6a2c907b2b36,2026-05-27T14:30:00Z,2026-05-27T16:30:00+0200,16622.84375,MW,FR,FR,forecast_solar_generation,Solar,2026-05-30T16:05:06Z
2026-05-30T16:04:09Z,2026-05-30T18:04:09+0200,f5ca70ef-bf28-4256-b93b-6a2c907b2b36,2026-05-27T14:45:00Z,2026-05-27T16:45:00+0200,15795.18164,MW,FR,FR,forecast_solar_generation,Solar,2026-05-30T16:05:06Z
2026-05-30T16:04:09Z,2026-05-30T18:04:09+0200,f5ca70ef-bf28-4256-b93b-6a2c907b2b36,2026-05-27T15:00:00Z,2026-05-27T17:00:00+0200,14985.39258,MW,FR,FR,forecast_solar_generation,Solar,2026-05-30T16:05:06Z
2026-05-30T16:04:09Z,2026-05-30T18:04:09+0200,f5ca70ef-bf28-4256-b93b-6a2c907b2b36,2026-05-27T15:15:00Z,2026-05-27T17:15:00+0200,14145.56543,MW,FR,FR,forecast_solar_generation,Solar,2026-05-30T16:05:06Z
2026-05-30T16:04:09Z,2026-05-30T18:04:09+0200,f5ca70ef-bf28-4256-b93b-6a2c907b2b36,2026-05-27T15:30:00Z,2026-05-27T17:30:00+0200,13251.08887,MW,FR,FR,forecast_solar_generation,Solar,2026-05-30T16:05:06Z
2026-05-30T16:04:09Z,2026-05-30T18:04:09+0200,f5ca70ef-bf28-4256-b93b-6a2c907b2b36,2026-05-27T15:45:00Z,2026-05-27T17:45:00+0200,12364.35352,MW,FR,FR,forecast_solar_generation,Solar,2026-05-30T16:05:06Z
2026-05-30T16:04:09Z,2026-05-30T18:04:09+0200,f5ca70ef-bf28-4256-b93b-6a2c907b2b36,2026-05-27T16:00:00Z,2026-05-27T18:00:00+0200,11389.91211,MW,FR,FR,forecast_solar_generation,Solar,2026-05-30T16:05:06Z
2026-05-30T16:04:09Z,2026-05-30T18:04:09+0200,f5ca70ef-bf28-4256-b93b-6a2c907b2b36,2026-05-27T16:15:00Z,2026-05-27T18:15:00+0200,10317.47461,MW,FR,FR,forecast_solar_generation,Solar,2026-05-30T16:05:06Z
2026-05-30T16:04:09Z,2026-05-30T18:04:09+0200,f5ca70ef-bf28-4256-b93b-6a2c907b2b36,2026-05-27T16:30:00Z,2026-05-27T18:30:00+0200,9260.19043,MW,FR,FR,forecast_solar_generation,Solar,2026-05-30T16:05:06Z
2026-05-30T16:04:09Z,2026-05-30T18:04:09+0200,f5ca70ef-bf28-4256-b93b-6a2c907b2b36,2026-05-27T16:45:00Z,2026-05-27T18:45:00+0200,8247.58984,MW,FR,FR,forecast_solar_generation,Solar,2026-05-30T16:05:06Z
2026-05-30T16:04:09Z,2026-05-30T18:04:09+0200,f5ca70ef-bf28-4256-b93b-6a2c907b2b36,2026-05-27T17:00:00Z,2026-05-27T19:00:00+0200,7101.51221,MW,FR,FR,forecast_solar_generation,Solar,2026-05-30T16:05:06Z
2026-05-30T16:04:09Z,2026-05-30T18:04:09+0200,f5ca70ef-bf28-4256-b93b-6a2c907b2b36,2026-05-27T17:15:00Z,2026-05-27T19:15:00+0200,6090.28955,MW,FR,FR,forecast_solar_generation,Solar,2026-05-30T16:05:06Z
2026-05-30T16:04:09Z,2026-05-30T18:04:09+0200,f5ca70ef-bf28-4256-b93b-6a2c907b2b36,2026-05-27T17:30:00Z,2026-05-27T19:30:00+0200,4918.01709,MW,FR,FR,forecast_solar_generation,Solar,2026-05-30T16:05:06Z
2026-05-30T16:04:09Z,2026-05-30T18:04:09+0200,f5ca70ef-bf28-4256-b93b-6a2c907b2b36,2026-05-27T17:45:00Z,2026-05-27T19:45:00+0200,4046.95288,MW,FR,FR,forecast_solar_generation,Solar,2026-05-30T16:05:06Z
2026-05-30T16:04:09Z,2026-05-30T18:04:09+0200,f5ca70ef-bf28-4256-b93b-6a2c907b2b36,2026-05-27T18:00:00Z,2026-05-27T20:00:00+0200,3044.16187,MW,FR,FR,forecast_solar_generation,Solar,2026-05-30T16:05:06Z
2026-05-30T16:04:09Z,2026-05-30T18:04:09+0200,f5ca70ef-bf28-4256-b93b-6a2c907b2b36,2026-05-27T18:15:00Z,2026-05-27T20:15:00+0200,2268.38135,MW,FR,FR,forecast_solar_generation,Solar,2026-05-30T16:05:06Z
2026-05-30T16:04:09Z,2026-05-30T18:04:09+0200,f5ca70ef-bf28-4256-b93b-6a2c907b2b36,2026-05-27T18:30:00Z,2026-05-27T20:30:00+0200,1589.89771,MW,FR,FR,forecast_solar_generation,Solar,2026-05-30T16:05:06Z
2026-05-30T16:04:09Z,2026-05-30T18:04:09+0200,f5ca70ef-bf28-4256-b93b-6a2c907b2b36,2026-05-27T18:45:00Z,2026-05-27T20:45:00+0200,1133.14185,MW,FR,FR,forecast_solar_generation,Solar,2026-05-30T16:05:06Z
2026-05-30T16:04:09Z,2026-05-30T18:04:09+0200,f5ca70ef-bf28-4256-b93b-6a2c907b2b36,2026-05-27T19:00:00Z,2026-05-27T21:00:00+0200,756.99121,MW,FR,FR,forecast_solar_generation,Solar,2026-05-30T16:05:06Z
2026-05-30T16:04:09Z,2026-05-30T18:04:09+0200,f5ca70ef-bf28-4256-b93b-6a2c907b2b36,2026-05-27T19:15:00Z,2026-05-27T21:15:00+0200,385.55536,MW,FR,FR,forecast_solar_generation,Solar,2026-05-30T16:05:06Z
2026-05-30T16:04:09Z,2026-05-30T18:04:09+0200,f5ca70ef-bf28-4256-b93b-6a2c907b2b36,2026-05-27T19:30:00Z,2026-05-27T21:30:00+0200,136.90767,MW,FR,FR,forecast_solar_generation,Solar,2026-05-30T16:05:06Z
2026-05-30T16:04:09Z,2026-05-30T18:04:09+0200,f5ca70ef-bf28-4256-b93b-6a2c907b2b36,2026-05-27T19:45:00Z,2026-05-27T21:45:00+0200,23.90897,MW,FR,FR,forecast_solar_generation,Solar,2026-05-30T16:05:06Z
2026-05-30T16:04:09Z,2026-05-30T18:04:09+0200,f5ca70ef-bf28-4256-b93b-6a2c907b2b36,2026-05-27T20:00:00Z,2026-05-27T22:00:00+0200,0.0,MW,FR,FR,forecast_solar_generation,Solar,2026-05-30T16:05:06Z
2026-05-30T16:04:09Z,2026-05-30T18:04:09+0200,f5ca70ef-bf28-4256-b93b-6a2c907b2b36,2026-05-27T20:15:00Z,2026-05-27T22:15:00+0200,0.0,MW,FR,FR,forecast_solar_generation,Solar,2026-05-30T16:05:06Z
2026-05-30T16:04:09Z,2026-05-30T18:04:09+0200,f5ca70ef-bf28-4256-b93b-6a2c907b2b36,2026-05-27T20:30:00Z,2026-05-27T22:30:00+0200,0.0,MW,FR,FR,forecast_solar_generation,Solar,2026-05-30T16:05:06Z
2026-05-30T16:04:09Z,2026-05-30T18:04:09+0200,f5ca70ef-bf28-4256-b93b-6a2c907b2b36,2026-05-27T20:45:00Z,2026-05-27T22:45:00+0200,0.0,MW,FR,FR,forecast_solar_generation,Solar,2026-05-30T16:05:06Z
2026-05-30T16:04:09Z,2026-05-30T18:04:09+0200,f5ca70ef-bf28-4256-b93b-6a2c907b2b36,2026-05-27T21:00:00Z,2026-05-27T23:00:00+0200,0.0,MW,FR,FR,forecast_solar_generation,Solar,2026-05-30T16:05:06Z
2026-05-30T16:04:09Z,2026-05-30T18:04:09+0200,f5ca70ef-bf28-4256-b93b-6a2c907b2b36,2026-05-27T21:15:00Z,2026-05-27T23:15:00+0200,0.0,MW,FR,FR,forecast_solar_generation,Solar,2026-05-30T16:05:06Z
2026-05-30T16:04:09Z,2026-05-30T18:04:09+0200,f5ca70ef-bf28-4256-b93b-6a2c907b2b36,2026-05-27T21:30:00Z,2026-05-27T23:30:00+0200,0.0,MW,FR,FR,forecast_solar_generation,Solar,2026-05-30T16:05:06Z
2026-05-30T16:04:09Z,2026-05-30T18:04:09+0200,f5ca70ef-bf28-4256-b93b-6a2c907b2b36,2026-05-27T21:45:00Z,2026-05-27T23:45:00+0200,0.0,MW,FR,FR,forecast_solar_generation,Solar,2026-05-30T16:05:06Z
2026-05-30T16:04:09Z,2026-05-30T18:04:09+0200,f5ca70ef-bf28-4256-b93b-6a2c907b2b36,2026-05-27T22:00:00Z,2026-05-28T00:00:00+0200,0.0,MW,FR,FR,forecast_solar_generation,Solar,2026-05-30T16:05:06Z
2026-05-30T16:04:09Z,2026-05-30T18:04:09+0200,f5ca70ef-bf28-4256-b93b-6a2c907b2b36,2026-05-27T22:15:00Z,2026-05-28T00:15:00+0200,0.0,MW,FR,FR,forecast_solar_generation,Solar,2026-05-30T16:05:06Z
2026-05-30T16:04:09Z,2026-05-30T18:04:09+0200,f5ca70ef-bf28-4256-b93b-6a2c907b2b36,2026-05-27T22:30:00Z,2026-05-28T00:30:00+0200,0.0,MW,FR,FR,forecast_solar_generation,Solar,2026-05-30T16:05:06Z
2026-05-30T16:04:09Z,2026-05-30T18:04:09+0200,f5ca70ef-bf28-4256-b93b-6a2c907b2b36,2026-05-27T22:45:00Z,2026-05-28T00:45:00+0200,0.0,MW,FR,FR,forecast_solar_generation,Solar,2026-05-30T16:05:06Z
2026-05-30T16:04:09Z,2026-05-30T18:04:09+0200,f5ca70ef-bf28-4256-b93b-6a2c907b2b36,2026-05-27T23:00:00Z,2026-05-28T01:00:00+0200,0.0,MW,FR,FR,forecast_solar_generation,Solar,2026-05-30T16:05:06Z
2026-05-30T16:04:09Z,2026-05-30T18:04:09+0200,f5ca70ef-bf28-4256-b93b-6a2c907b2b36,2026-05-27T23:15:00Z,2026-05-28T01:15:00+0200,0.0,MW,FR,FR,forecast_solar_generation,Solar,2026-05-30T16:05:06Z
2026-05-30T16:04:09Z,2026-05-30T18:04:09+0200,f5ca70ef-bf28-4256-b93b-6a2c907b2b36,2026-05-27T23:30:00Z,2026-05-28T01:30:00+0200,0.0,MW,FR,FR,forecast_solar_generation,Solar,2026-05-30T16:05:06Z
2026-05-30T16:04:09Z,2026-05-30T18:04:09+0200,f5ca70ef-bf28-4256-b93b-6a2c907b2b36,2026-05-27T23:45:00Z,2026-05-28T01:45:00+0200,0.0,MW,FR,FR,forecast_solar_generation,Solar,2026-05-30T16:05:06Z
2026-05-30T16:04:09Z,2026-05-30T18:04:09+0200,f5ca70ef-bf28-4256-b93b-6a2c907b2b36,2026-05-28T00:00:00Z,2026-05-28T02:00:00+0200,0.0,MW,FR,FR,forecast_solar_generation,Solar,2026-05-30T16:05:06Z
2026-05-30T16:04:09Z,2026-05-30T18:04:09+0200,f5ca70ef-bf28-4256-b93b-6a2c907b2b36,2026-05-28T00:15:00Z,2026-05-28T02:15:00+0200,0.0,MW,FR,FR,forecast_solar_generation,Solar,2026-05-30T16:05:06Z
2026-05-30T16:04:09Z,2026-05-30T18:04:09+0200,f5ca70ef-bf28-4256-b93b-6a2c907b2b36,2026-05-28T00:30:00Z,2026-05-28T02:30:00+0200,0.0,MW,FR,FR,forecast_solar_generation,Solar,2026-05-30T16:05:06Z
2026-05-30T16:04:09Z,2026-05-30T18:04:09+0200,f5ca70ef-bf28-4256-b93b-6a2c907b2b36,2026-05-28T00:45:00Z,2026-05-28T02:45:00+0200,0.0,MW,FR,FR,forecast_solar_generation,Solar,2026-05-30T16:05:06Z
2026-05-30T16:04:09Z,2026-05-30T18:04:09+0200,f5ca70ef-bf28-4256-b93b-6a2c907b2b36,2026-05-28T01:00:00Z,2026-05-28T03:00:00+0200,0.0,MW,FR,FR,forecast_solar_generation,Solar,2026-05-30T16:05:06Z
2026-05-30T16:04:09Z,2026-05-30T18:04:09+0200,f5ca70ef-bf28-4256-b93b-6a2c907b2b36,2026-05-28T01:15:00Z,2026-05-28T03:15:00+0200,0.0,MW,FR,FR,forecast_solar_generation,Solar,2026-05-30T16:05:06Z
2026-05-30T16:04:09Z,2026-05-30T18:04:09+0200,f5ca70ef-bf28-4256-b93b-6a2c907b2b36,2026-05-28T01:30:00Z,2026-05-28T03:30:00+0200,0.0,MW,FR,FR,forecast_solar_generation,Solar,2026-05-30T16:05:06Z
2026-05-30T16:04:09Z,2026-05-30T18:04:09+0200,f5ca70ef-bf28-4256-b93b-6a2c907b2b36,2026-05-28T01:45:00Z,2026-05-28T03:45:00+0200,0.0,MW,FR,FR,forecast_solar_generation,Solar,2026-05-30T16:05:06Z
2026-05-30T16:04:09Z,2026-05-30T18:04:09+0200,f5ca70ef-bf28-4256-b93b-6a2c907b2b36,2026-05-28T02:00:00Z,2026-05-28T04:00:00+0200,0.0,MW,FR,FR,forecast_solar_generation,Solar,2026-05-30T16:05:06Z
2026-05-30T16:04:09Z,2026-05-30T18:04:09+0200,f5ca70ef-bf28-4256-b93b-6a2c907b2b36,2026-05-28T02:15:00Z,2026-05-28T04:15:00+0200,0.0,MW,FR,FR,forecast_solar_generation,Solar,2026-05-30T16:05:06Z
2026-05-30T16:04:09Z,2026-05-30T18:04:09+0200,f5ca70ef-bf28-4256-b93b-6a2c907b2b36,2026-05-28T02:30:00Z,2026-05-28T04:30:00+0200,0.0,MW,FR,FR,forecast_solar_generation,Solar,2026-05-30T16:05:06Z
2026-05-30T16:04:09Z,2026-05-30T18:04:09+0200,f5ca70ef-bf28-4256-b93b-6a2c907b2b36,2026-05-28T02:45:00Z,2026-05-28T04:45:00+0200,0.0,MW,FR,FR,forecast_solar_generation,Solar,2026-05-30T16:05:06Z
2026-05-30T16:04:09Z,2026-05-30T18:04:09+0200,f5ca70ef-bf28-4256-b93b-6a2c907b2b36,2026-05-28T03:00:00Z,2026-05-28T05:00:00+0200,0.0,MW,FR,FR,forecast_solar_generation,Solar,2026-05-30T16:05:06Z
2026-05-30T16:04:09Z,2026-05-30T18:04:09+0200,f5ca70ef-bf28-4256-b93b-6a2c907b2b36,2026-05-28T03:15:00Z,2026-05-28T05:15:00+0200,0.0,MW,FR,FR,forecast_solar_generation,Solar,2026-05-30T16:05:06Z
2026-05-30T16:04:09Z,2026-05-30T18:04:09+0200,f5ca70ef-bf28-4256-b93b-6a2c907b2b36,2026-05-28T03:30:00Z,2026-05-28T05:30:00+0200,0.0,MW,FR,FR,forecast_solar_generation,Solar,2026-05-30T16:05:06Z
2026-05-30T16:04:09Z,2026-05-30T18:04:09+0200,f5ca70ef-bf28-4256-b93b-6a2c907b2b36,2026-05-28T03:45:00Z,2026-05-28T05:45:00+0200,0.0,MW,FR,FR,forecast_solar_generation,Solar,2026-05-30T16:05:06Z
2026-05-30T16:04:09Z,2026-05-30T18:04:09+0200,f5ca70ef-bf28-4256-b93b-6a2c907b2b36,2026-05-28T04:00:00Z,2026-05-28T06:00:00+0200,0.0,MW,FR,FR,forecast_solar_generation,Solar,2026-05-30T16:05:06Z
2026-05-30T16:04:09Z,2026-05-30T18:04:09+0200,f5ca70ef-bf28-4256-b93b-6a2c907b2b36,2026-05-28T04:15:00Z,2026-05-28T06:15:00+0200,138.27437,MW,FR,FR,forecast_solar_generation,Solar,2026-05-30T16:05:06Z
2026-05-30T16:04:09Z,2026-05-30T18:04:09+0200,f5ca70ef-bf28-4256-b93b-6a2c907b2b36,2026-05-28T04:30:00Z,2026-05-28T06:30:00+0200,273.25769,MW,FR,FR,forecast_solar_generation,Solar,2026-05-30T16:05:06Z
2026-05-30T16:04:09Z,2026-05-30T18:04:09+0200,f5ca70ef-bf28-4256-b93b-6a2c907b2b36,2026-05-28T04:45:00Z,2026-05-28T06:45:00+0200,633.10962,MW,FR,FR,forecast_solar_generation,Solar,2026-05-30T16:05:06Z
2026-05-30T16:04:09Z,2026-05-30T18:04:09+0200,f5ca70ef-bf28-4256-b93b-6a2c907b2b36,2026-05-28T05:00:00Z,2026-05-28T07:00:00+0200,1053.51929,MW,FR,FR,forecast_solar_generation,Solar,2026-05-30T16:05:06Z
2026-05-30T16:04:09Z,2026-05-30T18:04:09+0200,f5ca70ef-bf28-4256-b93b-6a2c907b2b36,2026-05-28T05:15:00Z,2026-05-28T07:15:00+0200,1575.93384,MW,FR,FR,forecast_solar_generation,Solar,2026-05-30T16:05:06Z
2026-05-30T16:04:09Z,2026-05-30T18:04:09+0200,f5ca70ef-bf28-4256-b93b-6a2c907b2b36,2026-05-28T05:30:00Z,2026-05-28T07:30:00+0200,2171.98706,MW,FR,FR,forecast_solar_generation,Solar,2026-05-30T16:05:06Z
2026-05-30T16:04:09Z,2026-05-30T18:04:09+0200,f5ca70ef-bf28-4256-b93b-6a2c907b2b36,2026-05-28T05:45:00Z,2026-05-28T07:45:00+0200,3074.88916,MW,FR,FR,forecast_solar_generation,Solar,2026-05-30T16:05:06Z
2026-05-30T16:04:09Z,2026-05-30T18:04:09+0200,f5ca70ef-bf28-4256-b93b-6a2c907b2b36,2026-05-28T06:00:00Z,2026-05-28T08:00:00+0200,4055.52173,MW,FR,FR,forecast_solar_generation,Solar,2026-05-30T16:05:06Z
2026-05-30T16:04:09Z,2026-05-30T18:04:09+0200,f5ca70ef-bf28-4256-b93b-6a2c907b2b36,2026-05-28T06:15:00Z,2026-05-28T08:15:00+0200,5175.98535,MW,FR,FR,forecast_solar_generation,Solar,2026-05-30T16:05:06Z
2026-05-30T16:04:09Z,2026-05-30T18:04:09+0200,f5ca70ef-bf28-4256-b93b-6a2c907b2b36,2026-05-28T06:30:00Z,2026-05-28T08:30:00+0200,6440.4248,MW,FR,FR,forecast_solar_generation,Solar,2026-05-30T16:05:06Z
2026-05-30T16:04:09Z,2026-05-30T18:04:09+0200,f5ca70ef-bf28-4256-b93b-6a2c907b2b36,2026-05-28T06:45:00Z,2026-05-28T08:45:00+0200,7626.71729,MW,FR,FR,forecast_solar_generation,Solar,2026-05-30T16:05:06Z
2026-05-30T16:04:09Z,2026-05-30T18:04:09+0200,f5ca70ef-bf28-4256-b93b-6a2c907b2b36,2026-05-28T07:00:00Z,2026-05-28T09:00:00+0200,8895.42188,MW,FR,FR,forecast_solar_generation,Solar,2026-05-30T16:05:06Z
2026-05-30T16:04:09Z,2026-05-30T18:04:09+0200,f5ca70ef-bf28-4256-b93b-6a2c907b2b36,2026-05-28T07:15:00Z,2026-05-28T09:15:00+0200,10059.7168,MW,FR,FR,forecast_solar_generation,Solar,2026-05-30T16:05:06Z
2026-05-30T16:04:09Z,2026-05-30T18:04:09+0200,f5ca70ef-bf28-4256-b93b-6a2c907b2b36,2026-05-28T07:30:00Z,2026-05-28T09:30:00+0200,11290.40234,MW,FR,FR,forecast_solar_generation,Solar,2026-05-30T16:05:06Z
2026-05-30T16:04:09Z,2026-05-30T18:04:09+0200,f5ca70ef-bf28-4256-b93b-6a2c907b2b36,2026-05-28T07:45:00Z,2026-05-28T09:45:00+0200,12362.36816,MW,FR,FR,forecast_solar_generation,Solar,2026-05-30T16:05:06Z
2026-05-30T16:04:09Z,2026-05-30T18:04:09+0200,f5ca70ef-bf28-4256-b93b-6a2c907b2b36,2026-05-28T08:00:00Z,2026-05-28T10:00:00+0200,13444.19434,MW,FR,FR,forecast_solar_generation,Solar,2026-05-30T16:05:06Z
2026-05-30T16:04:09Z,2026-05-30T18:04:09+0200,f5ca70ef-bf28-4256-b93b-6a2c907b2b36,2026-05-28T08:15:00Z,2026-05-28T10:15:00+0200,14446.9502,MW,FR,FR,forecast_solar_generation,Solar,2026-05-30T16:05:06Z
2026-05-30T16:04:09Z,2026-05-30T18:04:09+0200,f5ca70ef-bf28-4256-b93b-6a2c907b2b36,2026-05-28T08:30:00Z,2026-05-28T10:30:00+0200,15392.68262,MW,FR,FR,forecast_solar_generation,Solar,2026-05-30T16:05:06Z
2026-05-30T16:04:09Z,2026-05-30T18:04:09+0200,f5ca70ef-bf28-4256-b93b-6a2c907b2b36,2026-05-28T08:45:00Z,2026-05-28T10:45:00+0200,16152.48438,MW,FR,FR,forecast_solar_generation,Solar,2026-05-30T16:05:06Z
2026-05-30T16:04:09Z,2026-05-30T18:04:09+0200,f5ca70ef-bf28-4256-b93b-6a2c907b2b36,2026-05-28T09:00:00Z,2026-05-28T11:00:00+0200,16904.61719,MW,FR,FR,forecast_solar_generation,Solar,2026-05-30T16:05:06Z
2026-05-30T16:04:09Z,2026-05-30T18:04:09+0200,f5ca70ef-bf28-4256-b93b-6a2c907b2b36,2026-05-28T09:15:00Z,2026-05-28T11:15:00+0200,17606.42773,MW,FR,FR,forecast_solar_generation,Solar,2026-05-30T16:05:06Z
2026-05-30T16:04:09Z,2026-05-30T18:04:09+0200,f5ca70ef-bf28-4256-b93b-6a2c907b2b36,2026-05-28T09:30:00Z,2026-05-28T11:30:00+0200,18321.39453,MW,FR,FR,forecast_solar_generation,Solar,2026-05-30T16:05:06Z
2026-05-30T16:04:09Z,2026-05-30T18:04:09+0200,f5ca70ef-bf28-4256-b93b-6a2c907b2b36,2026-05-28T09:45:00Z,2026-05-28T11:45:00+0200,18795.20312,MW,FR,FR,forecast_solar_generation,Solar,2026-05-30T16:05:06Z
2026-05-30T16:04:09Z,2026-05-30T18:04:09+0200,f5ca70ef-bf28-4256-b93b-6a2c907b2b36,2026-05-28T10:00:00Z,2026-05-28T12:00:00+0200,19258.50391,MW,FR,FR,forecast_solar_generation,Solar,2026-05-30T16:05:06Z
2026-05-30T16:04:09Z,2026-05-30T18:04:09+0200,f5ca70ef-bf28-4256-b93b-6a2c907b2b36,2026-05-28T10:15:00Z,2026-05-28T12:15:00+0200,19613.29883,MW,FR,FR,forecast_solar_generation,Solar,2026-05-30T16:05:06Z
2026-05-30T16:04:09Z,2026-05-30T18:04:09+0200,f5ca70ef-bf28-4256-b93b-6a2c907b2b36,2026-05-28T10:30:00Z,2026-05-28T12:30:00+0200,19983.84375,MW,FR,FR,forecast_solar_generation,Solar,2026-05-30T16:05:06Z
2026-05-30T16:04:09Z,2026-05-30T18:04:09+0200,f5ca70ef-bf28-4256-b93b-6a2c907b2b36,2026-05-28T10:45:00Z,2026-05-28T12:45:00+0200,20203.91797,MW,FR,FR,forecast_solar_generation,Solar,2026-05-30T16:05:06Z
2026-05-30T16:04:09Z,2026-05-30T18:04:09+0200,f5ca70ef-bf28-4256-b93b-6a2c907b2b36,2026-05-28T11:00:00Z,2026-05-28T13:00:00+0200,20401.51953,MW,FR,FR,forecast_solar_generation,Solar,2026-05-30T16:05:06Z
2026-05-30T16:04:09Z,2026-05-30T18:04:09+0200,f5ca70ef-bf28-4256-b93b-6a2c907b2b36,2026-05-28T11:15:00Z,2026-05-28T13:15:00+0200,20491.00781,MW,FR,FR,forecast_solar_generation,Solar,2026-05-30T16:05:06Z
2026-05-30T16:04:09Z,2026-05-30T18:04:09+0200,f5ca70ef-bf28-4256-b93b-6a2c907b2b36,2026-05-28T11:30:00Z,2026-05-28T13:30:00+0200,20552.8418,MW,FR,FR,forecast_solar_generation,Solar,2026-05-30T16:05:06Z
2026-05-30T16:04:09Z,2026-05-30T18:04:09+0200,f5ca70ef-bf28-4256-b93b-6a2c907b2b36,2026-05-28T11:45:00Z,2026-05-28T13:45:00+0200,20533.4707,MW,FR,FR,forecast_solar_generation,Solar,2026-05-30T16:05:06Z
2026-05-30T16:04:09Z,2026-05-30T18:04:09+0200,f5ca70ef-bf28-4256-b93b-6a2c907b2b36,2026-05-28T12:00:00Z,2026-05-28T14:00:00+0200,20470.40625,MW,FR,FR,forecast_solar_generation,Solar,2026-05-30T16:05:06Z
2026-05-30T16:04:09Z,2026-05-30T18:04:09+0200,f5ca70ef-bf28-4256-b93b-6a2c907b2b36,2026-05-28T12:15:00Z,2026-05-28T14:15:00+0200,20356.83203,MW,FR,FR,forecast_solar_generation,Solar,2026-05-30T16:05:06Z
2026-05-30T16:04:09Z,2026-05-30T18:04:09+0200,f5ca70ef-bf28-4256-b93b-6a2c907b2b36,2026-05-28T12:30:00Z,2026-05-28T14:30:00+0200,20243.33594,MW,FR,FR,forecast_solar_generation,Solar,2026-05-30T16:05:06Z
2026-05-30T16:04:09Z,2026-05-30T18:04:09+0200,f5ca70ef-bf28-4256-b93b-6a2c907b2b36,2026-05-28T12:45:00Z,2026-05-28T14:45:00+0200,20064.12695,MW,FR,FR,forecast_solar_generation,Solar,2026-05-30T16:05:06Z
2026-05-30T16:04:09Z,2026-05-30T18:04:09+0200,f5ca70ef-bf28-4256-b93b-6a2c907b2b36,2026-05-28T13:00:00Z,2026-05-28T15:00:00+0200,19776.44141,MW,FR,FR,forecast_solar_generation,Solar,2026-05-30T16:05:06Z
2026-05-30T16:04:09Z,2026-05-30T18:04:09+0200,f5ca70ef-bf28-4256-b93b-6a2c907b2b36,2026-05-28T13:15:00Z,2026-05-28T15:15:00+0200,19373.36914,MW,FR,FR,forecast_solar_generation,Solar,2026-05-30T16:05:06Z
2026-05-30T16:04:09Z,2026-05-30T18:04:09+0200,f5ca70ef-bf28-4256-b93b-6a2c907b2b36,2026-05-28T13:30:00Z,2026-05-28T15:30:00+0200,18969.2793,MW,FR,FR,forecast_solar_generation,Solar,2026-05-30T16:05:06Z
2026-05-30T16:04:09Z,2026-05-30T18:04:09+0200,f5ca70ef-bf28-4256-b93b-6a2c907b2b36,2026-05-28T13:45:00Z,2026-05-28T15:45:00+0200,18347.98047,MW,FR,FR,forecast_solar_generation,Solar,2026-05-30T16:05:06Z
2026-05-30T16:04:09Z,2026-05-30T18:04:09+0200,f5ca70ef-bf28-4256-b93b-6a2c907b2b36,2026-05-28T14:00:00Z,2026-05-28T16:00:00+0200,17722.11328,MW,FR,FR,forecast_solar_generation,Solar,2026-05-30T16:05:06Z
2026-05-30T16:04:09Z,2026-05-30T18:04:09+0200,f5ca70ef-bf28-4256-b93b-6a2c907b2b36,2026-05-28T14:15:00Z,2026-05-28T16:15:00+0200,17022.2793,MW,FR,FR,forecast_solar_generation,Solar,2026-05-30T16:05:06Z
2026-05-30T16:04:09Z,2026-05-30T18:04:09+0200,f5ca70ef-bf28-4256-b93b-6a2c907b2b36,2026-05-28T14:30:00Z,2026-05-28T16:30:00+0200,16305.13379,MW,FR,FR,forecast_solar_generation,Solar,2026-05-30T16:05:06Z
2026-05-30T16:04:09Z,2026-05-30T18:04:09+0200,f5ca70ef-bf28-4256-b93b-6a2c907b2b36,2026-05-28T14:45:00Z,2026-05-28T16:45:00+0200,15497.05078,MW,FR,FR,forecast_solar_generation,Solar,2026-05-30T16:05:06Z
2026-05-30T16:04:09Z,2026-05-30T18:04:09+0200,f5ca70ef-bf28-4256-b93b-6a2c907b2b36,2026-05-28T15:00:00Z,2026-05-28T17:00:00+0200,14712.83008,MW,FR,FR,forecast_solar_generation,Solar,2026-05-30T16:05:06Z
2026-05-30T16:04:09Z,2026-05-30T18:04:09+0200,f5ca70ef-bf28-4256-b93b-6a2c907b2b36,2026-05-28T15:15:00Z,2026-05-28T17:15:00+0200,13831.95703,MW,FR,FR,forecast_solar_generation,Solar,2026-05-30T16:05:06Z
2026-05-30T16:04:09Z,2026-05-30T18:04:09+0200,f5ca70ef-bf28-4256-b93b-6a2c907b2b36,2026-05-28T15:30:00Z,2026-05-28T17:30:00+0200,12924.92188,MW,FR,FR,forecast_solar_generation,Solar,2026-05-30T16:05:06Z
2026-05-30T16:04:09Z,2026-05-30T18:04:09+0200,f5ca70ef-bf28-4256-b93b-6a2c907b2b36,2026-05-28T15:45:00Z,2026-05-28T17:45:00+0200,12048.5,MW,FR,FR,forecast_solar_generation,Solar,2026-05-30T16:05:06Z
2026-05-30T16:04:09Z,2026-05-30T18:04:09+0200,f5ca70ef-bf28-4256-b93b-6a2c907b2b36,2026-05-28T16:00:00Z,2026-05-28T18:00:00+0200,11075.85449,MW,FR,FR,forecast_solar_generation,Solar,2026-05-30T16:05:06Z
2026-05-30T16:04:09Z,2026-05-30T18:04:09+0200,f5ca70ef-bf28-4256-b93b-6a2c907b2b36,2026-05-28T16:15:00Z,2026-05-28T18:15:00+0200,10030.10156,MW,FR,FR,forecast_solar_generation,Solar,2026-05-30T16:05:06Z
2026-05-30T16:04:09Z,2026-05-30T18:04:09+0200,f5ca70ef-bf28-4256-b93b-6a2c907b2b36,2026-05-28T16:30:00Z,2026-05-28T18:30:00+0200,8990.64551,MW,FR,FR,forecast_solar_generation,Solar,2026-05-30T16:05:06Z
2026-05-30T16:04:09Z,2026-05-30T18:04:09+0200,f5ca70ef-bf28-4256-b93b-6a2c907b2b36,2026-05-28T16:45:00Z,2026-05-28T18:45:00+0200,8034.92676,MW,FR,FR,forecast_solar_generation,Solar,2026-05-30T16:05:06Z
2026-05-30T16:04:09Z,2026-05-30T18:04:09+0200,f5ca70ef-bf28-4256-b93b-6a2c907b2b36,2026-05-28T17:00:00Z,2026-05-28T19:00:00+0200,6886.11133,MW,FR,FR,forecast_solar_generation,Solar,2026-05-30T16:05:06Z
2026-05-30T16:04:09Z,2026-05-30T18:04:09+0200,f5ca70ef-bf28-4256-b93b-6a2c907b2b36,2026-05-28T17:15:00Z,2026-05-28T19:15:00+0200,5916.71631,MW,FR,FR,forecast_solar_generation,Solar,2026-05-30T16:05:06Z
2026-05-30T16:04:09Z,2026-05-30T18:04:09+0200,f5ca70ef-bf28-4256-b93b-6a2c907b2b36,2026-05-28T17:30:00Z,2026-05-28T19:30:00+0200,4749.06055,MW,FR,FR,forecast_solar_generation,Solar,2026-05-30T16:05:06Z
2026-05-30T16:04:09Z,2026-05-30T18:04:09+0200,f5ca70ef-bf28-4256-b93b-6a2c907b2b36,2026-05-28T17:45:00Z,2026-05-28T19:45:00+0200,3932.87305,MW,FR,FR,forecast_solar_generation,Solar,2026-05-30T16:05:06Z
2026-05-30T16:04:09Z,2026-05-30T18:04:09+0200,f5ca70ef-bf28-4256-b93b-6a2c907b2b36,2026-05-28T18:00:00Z,2026-05-28T20:00:00+0200,2983.6792,MW,FR,FR,forecast_solar_generation,Solar,2026-05-30T16:05:06Z
2026-05-30T16:04:09Z,2026-05-30T18:04:09+0200,f5ca70ef-bf28-4256-b93b-6a2c907b2b36,2026-05-28T18:15:00Z,2026-05-28T20:15:00+0200,2212.22168,MW,FR,FR,forecast_solar_generation,Solar,2026-05-30T16:05:06Z
2026-05-30T16:04:09Z,2026-05-30T18:04:09+0200,f5ca70ef-bf28-4256-b93b-6a2c907b2b36,2026-05-28T18:30:00Z,2026-05-28T20:30:00+0200,1560.38928,MW,FR,FR,forecast_solar_generation,Solar,2026-05-30T16:05:06Z
2026-05-30T16:04:09Z,2026-05-30T18:04:09+0200,f5ca70ef-bf28-4256-b93b-6a2c907b2b36,2026-05-28T18:45:00Z,2026-05-28T20:45:00+0200,1116.40198,MW,FR,FR,forecast_solar_generation,Solar,2026-05-30T16:05:06Z
2026-05-30T16:04:09Z,2026-05-30T18:04:09+0200,f5ca70ef-bf28-4256-b93b-6a2c907b2b36,2026-05-28T19:00:00Z,2026-05-28T21:00:00+0200,738.95538,MW,FR,FR,forecast_solar_generation,Solar,2026-05-30T16:05:06Z
2026-05-30T16:04:09Z,2026-05-30T18:04:09+0200,f5ca70ef-bf28-4256-b93b-6a2c907b2b36,2026-05-28T19:15:00Z,2026-05-28T21:15:00+0200,385.63791,MW,FR,FR,forecast_solar_generation,Solar,2026-05-30T16:05:06Z
2026-05-30T16:04:09Z,2026-05-30T18:04:09+0200,f5ca70ef-bf28-4256-b93b-6a2c907b2b36,2026-05-28T19:30:00Z,2026-05-28T21:30:00+0200,149.6286,MW,FR,FR,forecast_solar_generation,Solar,2026-05-30T16:05:06Z
2026-05-30T16:04:09Z,2026-05-30T18:04:09+0200,f5ca70ef-bf28-4256-b93b-6a2c907b2b36,2026-05-28T19:45:00Z,2026-05-28T21:45:00+0200,28.45059,MW,FR,FR,forecast_solar_generation,Solar,2026-05-30T16:05:06Z
2026-05-30T16:04:09Z,2026-05-30T18:04:09+0200,f5ca70ef-bf28-4256-b93b-6a2c907b2b36,2026-05-28T20:00:00Z,2026-05-28T22:00:00+0200,0.0,MW,FR,FR,forecast_solar_generation,Solar,2026-05-30T16:05:06Z
2026-05-30T16:04:09Z,2026-05-30T18:04:09+0200,f5ca70ef-bf28-4256-b93b-6a2c907b2b36,2026-05-28T20:15:00Z,2026-05-28T22:15:00+0200,0.0,MW,FR,FR,forecast_solar_generation,Solar,2026-05-30T16:05:06Z
2026-05-30T16:04:09Z,2026-05-30T18:04:09+0200,f5ca70ef-bf28-4256-b93b-6a2c907b2b36,2026-05-28T20:30:00Z,2026-05-28T22:30:00+0200,0.0,MW,FR,FR,forecast_solar_generation,Solar,2026-05-30T16:05:06Z
2026-05-30T16:04:09Z,2026-05-30T18:04:09+0200,f5ca70ef-bf28-4256-b93b-6a2c907b2b36,2026-05-28T20:45:00Z,2026-05-28T22:45:00+0200,0.0,MW,FR,FR,forecast_solar_generation,Solar,2026-05-30T16:05:06Z
2026-05-30T16:04:09Z,2026-05-30T18:04:09+0200,f5ca70ef-bf28-4256-b93b-6a2c907b2b36,2026-05-28T21:00:00Z,2026-05-28T23:00:00+0200,0.0,MW,FR,FR,forecast_solar_generation,Solar,2026-05-30T16:05:06Z
2026-05-30T16:04:09Z,2026-05-30T18:04:09+0200,f5ca70ef-bf28-4256-b93b-6a2c907b2b36,2026-05-28T21:15:00Z,2026-05-28T23:15:00+0200,0.0,MW,FR,FR,forecast_solar_generation,Solar,2026-05-30T16:05:06Z
2026-05-30T16:04:09Z,2026-05-30T18:04:09+0200,f5ca70ef-bf28-4256-b93b-6a2c907b2b36,2026-05-28T21:30:00Z,2026-05-28T23:30:00+0200,0.0,MW,FR,FR,forecast_solar_generation,Solar,2026-05-30T16:05:06Z
2026-05-30T16:04:09Z,2026-05-30T18:04:09+0200,f5ca70ef-bf28-4256-b93b-6a2c907b2b36,2026-05-28T21:45:00Z,2026-05-28T23:45:00+0200,0.0,MW,FR,FR,forecast_solar_generation,Solar,2026-05-30T16:05:06Z
2026-05-30T16:04:09Z,2026-05-30T18:04:09+0200,f5ca70ef-bf28-4256-b93b-6a2c907b2b36,2026-05-28T22:00:00Z,2026-05-29T00:00:00+0200,0.0,MW,FR,FR,forecast_solar_generation,Solar,2026-05-30T16:05:06Z
2026-05-30T16:04:09Z,2026-05-30T18:04:09+0200,f5ca70ef-bf28-4256-b93b-6a2c907b2b36,2026-05-28T22:15:00Z,2026-05-29T00:15:00+0200,0.0,MW,FR,FR,forecast_solar_generation,Solar,2026-05-30T16:05:06Z
2026-05-30T16:04:09Z,2026-05-30T18:04:09+0200,f5ca70ef-bf28-4256-b93b-6a2c907b2b36,2026-05-28T22:30:00Z,2026-05-29T00:30:00+0200,0.0,MW,FR,FR,forecast_solar_generation,Solar,2026-05-30T16:05:06Z
2026-05-30T16:04:09Z,2026-05-30T18:04:09+0200,f5ca70ef-bf28-4256-b93b-6a2c907b2b36,2026-05-28T22:45:00Z,2026-05-29T00:45:00+0200,0.0,MW,FR,FR,forecast_solar_generation,Solar,2026-05-30T16:05:06Z
2026-05-30T16:04:09Z,2026-05-30T18:04:09+0200,f5ca70ef-bf28-4256-b93b-6a2c907b2b36,2026-05-28T23:00:00Z,2026-05-29T01:00:00+0200,0.0,MW,FR,FR,forecast_solar_generation,Solar,2026-05-30T16:05:06Z
2026-05-30T16:04:09Z,2026-05-30T18:04:09+0200,f5ca70ef-bf28-4256-b93b-6a2c907b2b36,2026-05-28T23:15:00Z,2026-05-29T01:15:00+0200,0.0,MW,FR,FR,forecast_solar_generation,Solar,2026-05-30T16:05:06Z
2026-05-30T16:04:09Z,2026-05-30T18:04:09+0200,f5ca70ef-bf28-4256-b93b-6a2c907b2b36,2026-05-28T23:30:00Z,2026-05-29T01:30:00+0200,0.0,MW,FR,FR,forecast_solar_generation,Solar,2026-05-30T16:05:06Z
2026-05-30T16:04:09Z,2026-05-30T18:04:09+0200,f5ca70ef-bf28-4256-b93b-6a2c907b2b36,2026-05-28T23:45:00Z,2026-05-29T01:45:00+0200,0.0,MW,FR,FR,forecast_solar_generation,Solar,2026-05-30T16:05:06Z
2026-05-30T16:04:09Z,2026-05-30T18:04:09+0200,f5ca70ef-bf28-4256-b93b-6a2c907b2b36,2026-05-29T00:00:00Z,2026-05-29T02:00:00+0200,0.0,MW,FR,FR,forecast_solar_generation,Solar,2026-05-30T16:05:06Z
2026-05-30T16:04:09Z,2026-05-30T18:04:09+0200,f5ca70ef-bf28-4256-b93b-6a2c907b2b36,2026-05-29T00:15:00Z,2026-05-29T02:15:00+0200,0.0,MW,FR,FR,forecast_solar_generation,Solar,2026-05-30T16:05:06Z
2026-05-30T16:04:09Z,2026-05-30T18:04:09+0200,f5ca70ef-bf28-4256-b93b-6a2c907b2b36,2026-05-29T00:30:00Z,2026-05-29T02:30:00+0200,0.0,MW,FR,FR,forecast_solar_generation,Solar,2026-05-30T16:05:06Z
2026-05-30T16:04:09Z,2026-05-30T18:04:09+0200,f5ca70ef-bf28-4256-b93b-6a2c907b2b36,2026-05-29T00:45:00Z,2026-05-29T02:45:00+0200,0.0,MW,FR,FR,forecast_solar_generation,Solar,2026-05-30T16:05:06Z
2026-05-30T16:04:09Z,2026-05-30T18:04:09+0200,f5ca70ef-bf28-4256-b93b-6a2c907b2b36,2026-05-29T01:00:00Z,2026-05-29T03:00:00+0200,0.0,MW,FR,FR,forecast_solar_generation,Solar,2026-05-30T16:05:06Z
2026-05-30T16:04:09Z,2026-05-30T18:04:09+0200,f5ca70ef-bf28-4256-b93b-6a2c907b2b36,2026-05-29T01:15:00Z,2026-05-29T03:15:00+0200,0.0,MW,FR,FR,forecast_solar_generation,Solar,2026-05-30T16:05:06Z
2026-05-30T16:04:09Z,2026-05-30T18:04:09+0200,f5ca70ef-bf28-4256-b93b-6a2c907b2b36,2026-05-29T01:30:00Z,2026-05-29T03:30:00+0200,0.0,MW,FR,FR,forecast_solar_generation,Solar,2026-05-30T16:05:06Z
2026-05-30T16:04:09Z,2026-05-30T18:04:09+0200,f5ca70ef-bf28-4256-b93b-6a2c907b2b36,2026-05-29T01:45:00Z,2026-05-29T03:45:00+0200,0.0,MW,FR,FR,forecast_solar_generation,Solar,2026-05-30T16:05:06Z
2026-05-30T16:04:09Z,2026-05-30T18:04:09+0200,f5ca70ef-bf28-4256-b93b-6a2c907b2b36,2026-05-29T02:00:00Z,2026-05-29T04:00:00+0200,0.0,MW,FR,FR,forecast_solar_generation,Solar,2026-05-30T16:05:06Z
2026-05-30T16:04:09Z,2026-05-30T18:04:09+0200,f5ca70ef-bf28-4256-b93b-6a2c907b2b36,2026-05-29T02:15:00Z,2026-05-29T04:15:00+0200,0.0,MW,FR,FR,forecast_solar_generation,Solar,2026-05-30T16:05:06Z
2026-05-30T16:04:09Z,2026-05-30T18:04:09+0200,f5ca70ef-bf28-4256-b93b-6a2c907b2b36,2026-05-29T02:30:00Z,2026-05-29T04:30:00+0200,0.0,MW,FR,FR,forecast_solar_generation,Solar,2026-05-30T16:05:06Z
2026-05-30T16:04:09Z,2026-05-30T18:04:09+0200,f5ca70ef-bf28-4256-b93b-6a2c907b2b36,2026-05-29T02:45:00Z,2026-05-29T04:45:00+0200,0.0,MW,FR,FR,forecast_solar_generation,Solar,2026-05-30T16:05:06Z
2026-05-30T16:04:09Z,2026-05-30T18:04:09+0200,f5ca70ef-bf28-4256-b93b-6a2c907b2b36,2026-05-29T03:00:00Z,2026-05-29T05:00:00+0200,0.0,MW,FR,FR,forecast_solar_generation,Solar,2026-05-30T16:05:06Z
2026-05-30T16:04:09Z,2026-05-30T18:04:09+0200,f5ca70ef-bf28-4256-b93b-6a2c907b2b36,2026-05-29T03:15:00Z,2026-05-29T05:15:00+0200,0.0,MW,FR,FR,forecast_solar_generation,Solar,2026-05-30T16:05:06Z
2026-05-30T16:04:09Z,2026-05-30T18:04:09+0200,f5ca70ef-bf28-4256-b93b-6a2c907b2b36,2026-05-29T03:30:00Z,2026-05-29T05:30:00+0200,0.0,MW,FR,FR,forecast_solar_generation,Solar,2026-05-30T16:05:06Z
2026-05-30T16:04:09Z,2026-05-30T18:04:09+0200,f5ca70ef-bf28-4256-b93b-6a2c907b2b36,2026-05-29T03:45:00Z,2026-05-29T05:45:00+0200,0.0,MW,FR,FR,forecast_solar_generation,Solar,2026-05-30T16:05:06Z
2026-05-30T16:04:09Z,2026-05-30T18:04:09+0200,f5ca70ef-bf28-4256-b93b-6a2c907b2b36,2026-05-29T04:00:00Z,2026-05-29T06:00:00+0200,0.0,MW,FR,FR,forecast_solar_generation,Solar,2026-05-30T16:05:06Z
2026-05-30T16:04:09Z,2026-05-30T18:04:09+0200,f5ca70ef-bf28-4256-b93b-6a2c907b2b36,2026-05-29T04:15:00Z,2026-05-29T06:15:00+0200,141.0993,MW,FR,FR,forecast_solar_generation,Solar,2026-05-30T16:05:06Z
2026-05-30T16:04:09Z,2026-05-30T18:04:09+0200,f5ca70ef-bf28-4256-b93b-6a2c907b2b36,2026-05-29T04:30:00Z,2026-05-29T06:30:00+0200,274.18259,MW,FR,FR,forecast_solar_generation,Solar,2026-05-30T16:05:06Z
2026-05-30T16:04:09Z,2026-05-30T18:04:09+0200,f5ca70ef-bf28-4256-b93b-6a2c907b2b36,2026-05-29T04:45:00Z,2026-05-29T06:45:00+0200,650.45563,MW,FR,FR,forecast_solar_generation,Solar,2026-05-30T16:05:06Z
2026-05-30T16:04:09Z,2026-05-30T18:04:09+0200,f5ca70ef-bf28-4256-b93b-6a2c907b2b36,2026-05-29T05:00:00Z,2026-05-29T07:00:00+0200,1069.97913,MW,FR,FR,forecast_solar_generation,Solar,2026-05-30T16:05:06Z
2026-05-30T16:04:09Z,2026-05-30T18:04:09+0200,f5ca70ef-bf28-4256-b93b-6a2c907b2b36,2026-05-29T05:15:00Z,2026-05-29T07:15:00+0200,1610.17163,MW,FR,FR,forecast_solar_generation,Solar,2026-05-30T16:05:06Z
2026-05-30T16:04:09Z,2026-05-30T18:04:09+0200,f5ca70ef-bf28-4256-b93b-6a2c907b2b36,2026-05-29T05:30:00Z,2026-05-29T07:30:00+0200,2188.99463,MW,FR,FR,forecast_solar_generation,Solar,2026-05-30T16:05:06Z
2026-05-30T16:04:09Z,2026-05-30T18:04:09+0200,f5ca70ef-bf28-4256-b93b-6a2c907b2b36,2026-05-29T05:45:00Z,2026-05-29T07:45:00+0200,3101.03247,MW,FR,FR,forecast_solar_generation,Solar,2026-05-30T16:05:06Z
2026-05-30T16:04:09Z,2026-05-30T18:04:09+0200,f5ca70ef-bf28-4256-b93b-6a2c907b2b36,2026-05-29T06:00:00Z,2026-05-29T08:00:00+0200,4103.47803,MW,FR,FR,forecast_solar_generation,Solar,2026-05-30T16:05:06Z
2026-05-30T16:04:09Z,2026-05-30T18:04:09+0200,f5ca70ef-bf28-4256-b93b-6a2c907b2b36,2026-05-29T06:15:00Z,2026-05-29T08:15:00+0200,5235.18066,MW,FR,FR,forecast_solar_generation,Solar,2026-05-30T16:05:06Z
2026-05-30T16:04:09Z,2026-05-30T18:04:09+0200,f5ca70ef-bf28-4256-b93b-6a2c907b2b36,2026-05-29T06:30:00Z,2026-05-29T08:30:00+0200,6484.93848,MW,FR,FR,forecast_solar_generation,Solar,2026-05-30T16:05:06Z
2026-05-30T16:04:09Z,2026-05-30T18:04:09+0200,f5ca70ef-bf28-4256-b93b-6a2c907b2b36,2026-05-29T06:45:00Z,2026-05-29T08:45:00+0200,7735.92236,MW,FR,FR,forecast_solar_generation,Solar,2026-05-30T16:05:06Z
2026-05-30T16:04:09Z,2026-05-30T18:04:09+0200,f5ca70ef-bf28-4256-b93b-6a2c907b2b36,2026-05-29T07:00:00Z,2026-05-29T09:00:00+0200,9020.44727,MW,FR,FR,forecast_solar_generation,Solar,2026-05-30T16:05:06Z
2026-05-30T16:04:09Z,2026-05-30T18:04:09+0200,f5ca70ef-bf28-4256-b93b-6a2c907b2b36,2026-05-29T07:15:00Z,2026-05-29T09:15:00+0200,10216.61621,MW,FR,FR,forecast_solar_generation,Solar,2026-05-30T16:05:06Z
2026-05-30T16:04:09Z,2026-05-30T18:04:09+0200,f5ca70ef-bf28-4256-b93b-6a2c907b2b36,2026-05-29T07:30:00Z,2026-05-29T09:30:00+0200,11428.78418,MW,FR,FR,forecast_solar_generation,Solar,2026-05-30T16:05:06Z
2026-05-30T16:04:09Z,2026-05-30T18:04:09+0200,f5ca70ef-bf28-4256-b93b-6a2c907b2b36,2026-05-29T07:45:00Z,2026-05-29T09:45:00+0200,12496.37793,MW,FR,FR,forecast_solar_generation,Solar,2026-05-30T16:05:06Z
2026-05-30T16:04:09Z,2026-05-30T18:04:09+0200,f5ca70ef-bf28-4256-b93b-6a2c907b2b36,2026-05-29T08:00:00Z,2026-05-29T10:00:00+0200,13540.10938,MW,FR,FR,forecast_solar_generation,Solar,2026-05-30T16:05:06Z
2026-05-30T16:04:09Z,2026-05-30T18:04:09+0200,f5ca70ef-bf28-4256-b93b-6a2c907b2b36,2026-05-29T08:15:00Z,2026-05-29T10:15:00+0200,14506.39355,MW,FR,FR,forecast_solar_generation,Solar,2026-05-30T16:05:06Z
2026-05-30T16:04:09Z,2026-05-30T18:04:09+0200,f5ca70ef-bf28-4256-b93b-6a2c907b2b36,2026-05-29T08:30:00Z,2026-05-29T10:30:00+0200,15438.49902,MW,FR,FR,forecast_solar_generation,Solar,2026-05-30T16:05:06Z
2026-05-30T16:04:09Z,2026-05-30T18:04:09+0200,f5ca70ef-bf28-4256-b93b-6a2c907b2b36,2026-05-29T08:45:00Z,2026-05-29T10:45:00+0200,16142.22656,MW,FR,FR,forecast_solar_generation,Solar,2026-05-30T16:05:06Z
2026-05-30T16:04:09Z,2026-05-30T18:04:09+0200,f5ca70ef-bf28-4256-b93b-6a2c907b2b36,2026-05-29T09:00:00Z,2026-05-29T11:00:00+0200,16818.5293,MW,FR,FR,forecast_solar_generation,Solar,2026-05-30T16:05:06Z
2026-05-30T16:04:09Z,2026-05-30T18:04:09+0200,f5ca70ef-bf28-4256-b93b-6a2c907b2b36,2026-05-29T09:15:00Z,2026-05-29T11:15:00+0200,17500.70508,MW,FR,FR,forecast_solar_generation,Solar,2026-05-30T16:05:06Z
2026-05-30T16:04:09Z,2026-05-30T18:04:09+0200,f5ca70ef-bf28-4256-b93b-6a2c907b2b36,2026-05-29T09:30:00Z,2026-05-29T11:30:00+0200,18143.93555,MW,FR,FR,forecast_solar_generation,Solar,2026-05-30T16:05:06Z
2026-05-30T16:04:09Z,2026-05-30T18:04:09+0200,f5ca70ef-bf28-4256-b93b-6a2c907b2b36,2026-05-29T09:45:00Z,2026-05-29T11:45:00+0200,18597.69727,MW,FR,FR,forecast_solar_generation,Solar,2026-05-30T16:05:06Z
2026-05-30T16:04:09Z,2026-05-30T18:04:09+0200,f5ca70ef-bf28-4256-b93b-6a2c907b2b36,2026-05-29T10:00:00Z,2026-05-29T12:00:00+0200,19018.54688,MW,FR,FR,forecast_solar_generation,Solar,2026-05-30T16:05:06Z
2026-05-30T16:04:09Z,2026-05-30T18:04:09+0200,f5ca70ef-bf28-4256-b93b-6a2c907b2b36,2026-05-29T10:15:00Z,2026-05-29T12:15:00+0200,19376.60156,MW,FR,FR,forecast_solar_generation,Solar,2026-05-30T16:05:06Z
2026-05-30T16:04:09Z,2026-05-30T18:04:09+0200,f5ca70ef-bf28-4256-b93b-6a2c907b2b36,2026-05-29T10:30:00Z,2026-05-29T12:30:00+0200,19635.0957,MW,FR,FR,forecast_solar_generation,Solar,2026-05-30T16:05:06Z
2026-05-30T16:04:09Z,2026-05-30T18:04:09+0200,f5ca70ef-bf28-4256-b93b-6a2c907b2b36,2026-05-29T10:45:00Z,2026-05-29T12:45:00+0200,19796.86133,MW,FR,FR,forecast_solar_generation,Solar,2026-05-30T16:05:06Z
2026-05-30T16:04:09Z,2026-05-30T18:04:09+0200,f5ca70ef-bf28-4256-b93b-6a2c907b2b36,2026-05-29T11:00:00Z,2026-05-29T13:00:00+0200,19977.25,MW,FR,FR,forecast_solar_generation,Solar,2026-05-30T16:05:06Z
2026-05-30T16:04:09Z,2026-05-30T18:04:09+0200,f5ca70ef-bf28-4256-b93b-6a2c907b2b36,2026-05-29T11:15:00Z,2026-05-29T13:15:00+0200,20057.0957,MW,FR,FR,forecast_solar_generation,Solar,2026-05-30T16:05:06Z
2026-05-30T16:04:09Z,2026-05-30T18:04:09+0200,f5ca70ef-bf28-4256-b93b-6a2c907b2b36,2026-05-29T11:30:00Z,2026-05-29T13:30:00+0200,20101.16797,MW,FR,FR,forecast_solar_generation,Solar,2026-05-30T16:05:06Z
2026-05-30T16:04:09Z,2026-05-30T18:04:09+0200,f5ca70ef-bf28-4256-b93b-6a2c907b2b36,2026-05-29T11:45:00Z,2026-05-29T13:45:00+0200,20079.02344,MW,FR,FR,forecast_solar_generation,Solar,2026-05-30T16:05:06Z
2026-05-30T16:04:09Z,2026-05-30T18:04:09+0200,f5ca70ef-bf28-4256-b93b-6a2c907b2b36,2026-05-29T12:00:00Z,2026-05-29T14:00:00+0200,20042.89062,MW,FR,FR,forecast_solar_generation,Solar,2026-05-30T16:05:06Z
2026-05-30T16:04:09Z,2026-05-30T18:04:09+0200,f5ca70ef-bf28-4256-b93b-6a2c907b2b36,2026-05-29T12:15:00Z,2026-05-29T14:15:00+0200,19954.23828,MW,FR,FR,forecast_solar_generation,Solar,2026-05-30T16:05:06Z
2026-05-30T16:04:09Z,2026-05-30T18:04:09+0200,f5ca70ef-bf28-4256-b93b-6a2c907b2b36,2026-05-29T12:30:00Z,2026-05-29T14:30:00+0200,19837.30664,MW,FR,FR,forecast_solar_generation,Solar,2026-05-30T16:05:06Z
2026-05-30T16:04:09Z,2026-05-30T18:04:09+0200,f5ca70ef-bf28-4256-b93b-6a2c907b2b36,2026-05-29T12:45:00Z,2026-05-29T14:45:00+0200,19645.64844,MW,FR,FR,forecast_solar_generation,Solar,2026-05-30T16:05:06Z
2026-05-30T16:04:09Z,2026-05-30T18:04:09+0200,f5ca70ef-bf28-4256-b93b-6a2c907b2b36,2026-05-29T13:00:00Z,2026-05-29T15:00:00+0200,19399.79492,MW,FR,FR,forecast_solar_generation,Solar,2026-05-30T16:05:06Z
2026-05-30T16:04:09Z,2026-05-30T18:04:09+0200,f5ca70ef-bf28-4256-b93b-6a2c907b2b36,2026-05-29T13:15:00Z,2026-05-29T15:15:00+0200,19040.01953,MW,FR,FR,forecast_solar_generation,Solar,2026-05-30T16:05:06Z
2026-05-30T16:04:09Z,2026-05-30T18:04:09+0200,f5ca70ef-bf28-4256-b93b-6a2c907b2b36,2026-05-29T13:30:00Z,2026-05-29T15:30:00+0200,18701.08789,MW,FR,FR,forecast_solar_generation,Solar,2026-05-30T16:05:06Z
2026-05-30T16:04:09Z,2026-05-30T18:04:09+0200,f5ca70ef-bf28-4256-b93b-6a2c907b2b36,2026-05-29T13:45:00Z,2026-05-29T15:45:00+0200,18166.02148,MW,FR,FR,forecast_solar_generation,Solar,2026-05-30T16:05:06Z
2026-05-30T16:04:09Z,2026-05-30T18:04:09+0200,f5ca70ef-bf28-4256-b93b-6a2c907b2b36,2026-05-29T14:00:00Z,2026-05-29T16:00:00+0200,17602.46094,MW,FR,FR,forecast_solar_generation,Solar,2026-05-30T16:05:06Z
2026-05-30T16:04:09Z,2026-05-30T18:04:09+0200,f5ca70ef-bf28-4256-b93b-6a2c907b2b36,2026-05-29T14:15:00Z,2026-05-29T16:15:00+0200,16962.43555,MW,FR,FR,forecast_solar_generation,Solar,2026-05-30T16:05:06Z
2026-05-30T16:04:09Z,2026-05-30T18:04:09+0200,f5ca70ef-bf28-4256-b93b-6a2c907b2b36,2026-05-29T14:30:00Z,2026-05-29T16:30:00+0200,16298.21094,MW,FR,FR,forecast_solar_generation,Solar,2026-05-30T16:05:06Z
2026-05-30T16:04:09Z,2026-05-30T18:04:09+0200,f5ca70ef-bf28-4256-b93b-6a2c907b2b36,2026-05-29T14:45:00Z,2026-05-29T16:45:00+0200,15402.79199,MW,FR,FR,forecast_solar_generation,Solar,2026-05-30T16:05:06Z
2026-05-30T16:04:09Z,2026-05-30T18:04:09+0200,f5ca70ef-bf28-4256-b93b-6a2c907b2b36,2026-05-29T15:00:00Z,2026-05-29T17:00:00+0200,14636.46289,MW,FR,FR,forecast_solar_generation,Solar,2026-05-30T16:05:06Z
2026-05-30T16:04:09Z,2026-05-30T18:04:09+0200,f5ca70ef-bf28-4256-b93b-6a2c907b2b36,2026-05-29T15:15:00Z,2026-05-29T17:15:00+0200,13849.41211,MW,FR,FR,forecast_solar_generation,Solar,2026-05-30T16:05:06Z
2026-05-30T16:04:09Z,2026-05-30T18:04:09+0200,f5ca70ef-bf28-4256-b93b-6a2c907b2b36,2026-05-29T15:30:00Z,2026-05-29T17:30:00+0200,13003.74512,MW,FR,FR,forecast_solar_generation,Solar,2026-05-30T16:05:06Z
2026-05-30T16:04:09Z,2026-05-30T18:04:09+0200,f5ca70ef-bf28-4256-b93b-6a2c907b2b36,2026-05-29T15:45:00Z,2026-05-29T17:45:00+0200,12125.92969,MW,FR,FR,forecast_solar_generation,Solar,2026-05-30T16:05:06Z
2026-05-30T16:04:09Z,2026-05-30T18:04:09+0200,f5ca70ef-bf28-4256-b93b-6a2c907b2b36,2026-05-29T16:00:00Z,2026-05-29T18:00:00+0200,11147.28516,MW,FR,FR,forecast_solar_generation,Solar,2026-05-30T16:05:06Z
2026-05-30T16:04:09Z,2026-05-30T18:04:09+0200,f5ca70ef-bf28-4256-b93b-6a2c907b2b36,2026-05-29T16:15:00Z,2026-05-29T18:15:00+0200,10091.19336,MW,FR,FR,forecast_solar_generation,Solar,2026-05-30T16:05:06Z
2026-05-30T16:04:09Z,2026-05-30T18:04:09+0200,f5ca70ef-bf28-4256-b93b-6a2c907b2b36,2026-05-29T16:30:00Z,2026-05-29T18:30:00+0200,9009.24805,MW,FR,FR,forecast_solar_generation,Solar,2026-05-30T16:05:06Z
2026-05-30T16:04:09Z,2026-05-30T18:04:09+0200,f5ca70ef-bf28-4256-b93b-6a2c907b2b36,2026-05-29T16:45:00Z,2026-05-29T18:45:00+0200,8011.33545,MW,FR,FR,forecast_solar_generation,Solar,2026-05-30T16:05:06Z
2026-05-30T16:04:09Z,2026-05-30T18:04:09+0200,f5ca70ef-bf28-4256-b93b-6a2c907b2b36,2026-05-29T17:00:00Z,2026-05-29T19:00:00+0200,6841.32617,MW,FR,FR,forecast_solar_generation,Solar,2026-05-30T16:05:06Z
2026-05-30T16:04:09Z,2026-05-30T18:04:09+0200,f5ca70ef-bf28-4256-b93b-6a2c907b2b36,2026-05-29T17:15:00Z,2026-05-29T19:15:00+0200,5846.29932,MW,FR,FR,forecast_solar_generation,Solar,2026-05-30T16:05:06Z
2026-05-30T16:04:09Z,2026-05-30T18:04:09+0200,f5ca70ef-bf28-4256-b93b-6a2c907b2b36,2026-05-29T17:30:00Z,2026-05-29T19:30:00+0200,4661.17676,MW,FR,FR,forecast_solar_generation,Solar,2026-05-30T16:05:06Z
2026-05-30T16:04:09Z,2026-05-30T18:04:09+0200,f5ca70ef-bf28-4256-b93b-6a2c907b2b36,2026-05-29T17:45:00Z,2026-05-29T19:45:00+0200,3826.72388,MW,FR,FR,forecast_solar_generation,Solar,2026-05-30T16:05:06Z
2026-05-30T16:04:09Z,2026-05-30T18:04:09+0200,f5ca70ef-bf28-4256-b93b-6a2c907b2b36,2026-05-29T18:00:00Z,2026-05-29T20:00:00+0200,2865.69458,MW,FR,FR,forecast_solar_generation,Solar,2026-05-30T16:05:06Z
2026-05-30T16:04:09Z,2026-05-30T18:04:09+0200,f5ca70ef-bf28-4256-b93b-6a2c907b2b36,2026-05-29T18:15:00Z,2026-05-29T20:15:00+0200,2103.66772,MW,FR,FR,forecast_solar_generation,Solar,2026-05-30T16:05:06Z
2026-05-30T16:04:09Z,2026-05-30T18:04:09+0200,f5ca70ef-bf28-4256-b93b-6a2c907b2b36,2026-05-29T18:30:00Z,2026-05-29T20:30:00+0200,1457.21545,MW,FR,FR,forecast_solar_generation,Solar,2026-05-30T16:05:06Z
2026-05-30T16:04:09Z,2026-05-30T18:04:09+0200,f5ca70ef-bf28-4256-b93b-6a2c907b2b36,2026-05-29T18:45:00Z,2026-05-29T20:45:00+0200,1049.98657,MW,FR,FR,forecast_solar_generation,Solar,2026-05-30T16:05:06Z
2026-05-30T16:04:09Z,2026-05-30T18:04:09+0200,f5ca70ef-bf28-4256-b93b-6a2c907b2b36,2026-05-29T19:00:00Z,2026-05-29T21:00:00+0200,691.0755,MW,FR,FR,forecast_solar_generation,Solar,2026-05-30T16:05:06Z
2026-05-30T16:04:09Z,2026-05-30T18:04:09+0200,f5ca70ef-bf28-4256-b93b-6a2c907b2b36,2026-05-29T19:15:00Z,2026-05-29T21:15:00+0200,365.41608,MW,FR,FR,forecast_solar_generation,Solar,2026-05-30T16:05:06Z
2026-05-30T16:04:09Z,2026-05-30T18:04:09+0200,f5ca70ef-bf28-4256-b93b-6a2c907b2b36,2026-05-29T19:30:00Z,2026-05-29T21:30:00+0200,148.59477,MW,FR,FR,forecast_solar_generation,Solar,2026-05-30T16:05:06Z
2026-05-30T16:04:09Z,2026-05-30T18:04:09+0200,f5ca70ef-bf28-4256-b93b-6a2c907b2b36,2026-05-29T19:45:00Z,2026-05-29T21:45:00+0200,25.55611,MW,FR,FR,forecast_solar_generation,Solar,2026-05-30T16:05:06Z
2026-05-30T16:04:09Z,2026-05-30T18:04:09+0200,f5ca70ef-bf28-4256-b93b-6a2c907b2b36,2026-05-29T20:00:00Z,2026-05-29T22:00:00+0200,0.0,MW,FR,FR,forecast_solar_generation,Solar,2026-05-30T16:05:06Z
2026-05-30T16:04:09Z,2026-05-30T18:04:09+0200,f5ca70ef-bf28-4256-b93b-6a2c907b2b36,2026-05-29T20:15:00Z,2026-05-29T22:15:00+0200,0.0,MW,FR,FR,forecast_solar_generation,Solar,2026-05-30T16:05:06Z
2026-05-30T16:04:09Z,2026-05-30T18:04:09+0200,f5ca70ef-bf28-4256-b93b-6a2c907b2b36,2026-05-29T20:30:00Z,2026-05-29T22:30:00+0200,0.0,MW,FR,FR,forecast_solar_generation,Solar,2026-05-30T16:05:06Z
2026-05-30T16:04:09Z,2026-05-30T18:04:09+0200,f5ca70ef-bf28-4256-b93b-6a2c907b2b36,2026-05-29T20:45:00Z,2026-05-29T22:45:00+0200,0.0,MW,FR,FR,forecast_solar_generation,Solar,2026-05-30T16:05:06Z
2026-05-30T16:04:09Z,2026-05-30T18:04:09+0200,f5ca70ef-bf28-4256-b93b-6a2c907b2b36,2026-05-29T21:00:00Z,2026-05-29T23:00:00+0200,0.0,MW,FR,FR,forecast_solar_generation,Solar,2026-05-30T16:05:06Z
2026-05-30T16:04:09Z,2026-05-30T18:04:09+0200,f5ca70ef-bf28-4256-b93b-6a2c907b2b36,2026-05-29T21:15:00Z,2026-05-29T23:15:00+0200,0.0,MW,FR,FR,forecast_solar_generation,Solar,2026-05-30T16:05:06Z
2026-05-30T16:04:09Z,2026-05-30T18:04:09+0200,f5ca70ef-bf28-4256-b93b-6a2c907b2b36,2026-05-29T21:30:00Z,2026-05-29T23:30:00+0200,0.0,MW,FR,FR,forecast_solar_generation,Solar,2026-05-30T16:05:06Z
2026-05-30T16:04:09Z,2026-05-30T18:04:09+0200,f5ca70ef-bf28-4256-b93b-6a2c907b2b36,2026-05-29T21:45:00Z,2026-05-29T23:45:00+0200,0.0,MW,FR,FR,forecast_solar_generation,Solar,2026-05-30T16:05:06Z
2026-05-30T16:04:09Z,2026-05-30T18:04:09+0200,f5ca70ef-bf28-4256-b93b-6a2c907b2b36,2026-05-29T22:00:00Z,2026-05-30T00:00:00+0200,0.0,MW,FR,FR,forecast_solar_generation,Solar,2026-05-30T16:05:06Z
2026-05-30T16:04:09Z,2026-05-30T18:04:09+0200,f5ca70ef-bf28-4256-b93b-6a2c907b2b36,2026-05-29T22:15:00Z,2026-05-30T00:15:00+0200,0.0,MW,FR,FR,forecast_solar_generation,Solar,2026-05-30T16:05:06Z
2026-05-30T16:04:09Z,2026-05-30T18:04:09+0200,f5ca70ef-bf28-4256-b93b-6a2c907b2b36,2026-05-29T22:30:00Z,2026-05-30T00:30:00+0200,0.0,MW,FR,FR,forecast_solar_generation,Solar,2026-05-30T16:05:06Z
2026-05-30T16:04:09Z,2026-05-30T18:04:09+0200,f5ca70ef-bf28-4256-b93b-6a2c907b2b36,2026-05-29T22:45:00Z,2026-05-30T00:45:00+0200,0.0,MW,FR,FR,forecast_solar_generation,Solar,2026-05-30T16:05:06Z
2026-05-30T16:04:09Z,2026-05-30T18:04:09+0200,f5ca70ef-bf28-4256-b93b-6a2c907b2b36,2026-05-29T23:00:00Z,2026-05-30T01:00:00+0200,0.0,MW,FR,FR,forecast_solar_generation,Solar,2026-05-30T16:05:06Z
2026-05-30T16:04:09Z,2026-05-30T18:04:09+0200,f5ca70ef-bf28-4256-b93b-6a2c907b2b36,2026-05-29T23:15:00Z,2026-05-30T01:15:00+0200,0.0,MW,FR,FR,forecast_solar_generation,Solar,2026-05-30T16:05:06Z
2026-05-30T16:04:09Z,2026-05-30T18:04:09+0200,f5ca70ef-bf28-4256-b93b-6a2c907b2b36,2026-05-29T23:30:00Z,2026-05-30T01:30:00+0200,0.0,MW,FR,FR,forecast_solar_generation,Solar,2026-05-30T16:05:06Z
2026-05-30T16:04:09Z,2026-05-30T18:04:09+0200,f5ca70ef-bf28-4256-b93b-6a2c907b2b36,2026-05-29T23:45:00Z,2026-05-30T01:45:00+0200,0.0,MW,FR,FR,forecast_solar_generation,Solar,2026-05-30T16:05:06Z
2026-05-30T16:04:09Z,2026-05-30T18:04:09+0200,f5ca70ef-bf28-4256-b93b-6a2c907b2b36,2026-05-30T00:00:00Z,2026-05-30T02:00:00+0200,0.0,MW,FR,FR,forecast_solar_generation,Solar,2026-05-30T16:05:06Z
2026-05-30T16:04:09Z,2026-05-30T18:04:09+0200,f5ca70ef-bf28-4256-b93b-6a2c907b2b36,2026-05-30T00:15:00Z,2026-05-30T02:15:00+0200,0.0,MW,FR,FR,forecast_solar_generation,Solar,2026-05-30T16:05:06Z
2026-05-30T16:04:09Z,2026-05-30T18:04:09+0200,f5ca70ef-bf28-4256-b93b-6a2c907b2b36,2026-05-30T00:30:00Z,2026-05-30T02:30:00+0200,0.0,MW,FR,FR,forecast_solar_generation,Solar,2026-05-30T16:05:06Z
2026-05-30T16:04:09Z,2026-05-30T18:04:09+0200,f5ca70ef-bf28-4256-b93b-6a2c907b2b36,2026-05-30T00:45:00Z,2026-05-30T02:45:00+0200,0.0,MW,FR,FR,forecast_solar_generation,Solar,2026-05-30T16:05:06Z
2026-05-30T16:04:09Z,2026-05-30T18:04:09+0200,f5ca70ef-bf28-4256-b93b-6a2c907b2b36,2026-05-30T01:00:00Z,2026-05-30T03:00:00+0200,0.0,MW,FR,FR,forecast_solar_generation,Solar,2026-05-30T16:05:06Z
2026-05-30T16:04:09Z,2026-05-30T18:04:09+0200,f5ca70ef-bf28-4256-b93b-6a2c907b2b36,2026-05-30T01:15:00Z,2026-05-30T03:15:00+0200,0.0,MW,FR,FR,forecast_solar_generation,Solar,2026-05-30T16:05:06Z
2026-05-30T16:04:09Z,2026-05-30T18:04:09+0200,f5ca70ef-bf28-4256-b93b-6a2c907b2b36,2026-05-30T01:30:00Z,2026-05-30T03:30:00+0200,0.0,MW,FR,FR,forecast_solar_generation,Solar,2026-05-30T16:05:06Z
2026-05-30T16:04:09Z,2026-05-30T18:04:09+0200,f5ca70ef-bf28-4256-b93b-6a2c907b2b36,2026-05-30T01:45:00Z,2026-05-30T03:45:00+0200,0.0,MW,FR,FR,forecast_solar_generation,Solar,2026-05-30T16:05:06Z
2026-05-30T16:04:09Z,2026-05-30T18:04:09+0200,f5ca70ef-bf28-4256-b93b-6a2c907b2b36,2026-05-30T02:00:00Z,2026-05-30T04:00:00+0200,0.0,MW,FR,FR,forecast_solar_generation,Solar,2026-05-30T16:05:06Z
2026-05-30T16:04:09Z,2026-05-30T18:04:09+0200,f5ca70ef-bf28-4256-b93b-6a2c907b2b36,2026-05-30T02:15:00Z,2026-05-30T04:15:00+0200,0.0,MW,FR,FR,forecast_solar_generation,Solar,2026-05-30T16:05:06Z
2026-05-30T16:04:09Z,2026-05-30T18:04:09+0200,f5ca70ef-bf28-4256-b93b-6a2c907b2b36,2026-05-30T02:30:00Z,2026-05-30T04:30:00+0200,0.0,MW,FR,FR,forecast_solar_generation,Solar,2026-05-30T16:05:06Z
2026-05-30T16:04:09Z,2026-05-30T18:04:09+0200,f5ca70ef-bf28-4256-b93b-6a2c907b2b36,2026-05-30T02:45:00Z,2026-05-30T04:45:00+0200,0.0,MW,FR,FR,forecast_solar_generation,Solar,2026-05-30T16:05:06Z
2026-05-30T16:04:09Z,2026-05-30T18:04:09+0200,f5ca70ef-bf28-4256-b93b-6a2c907b2b36,2026-05-30T03:00:00Z,2026-05-30T05:00:00+0200,0.0,MW,FR,FR,forecast_solar_generation,Solar,2026-05-30T16:05:06Z
2026-05-30T16:04:09Z,2026-05-30T18:04:09+0200,f5ca70ef-bf28-4256-b93b-6a2c907b2b36,2026-05-30T03:15:00Z,2026-05-30T05:15:00+0200,0.0,MW,FR,FR,forecast_solar_generation,Solar,2026-05-30T16:05:06Z
2026-05-30T16:04:09Z,2026-05-30T18:04:09+0200,f5ca70ef-bf28-4256-b93b-6a2c907b2b36,2026-05-30T03:30:00Z,2026-05-30T05:30:00+0200,0.0,MW,FR,FR,forecast_solar_generation,Solar,2026-05-30T16:05:06Z
2026-05-30T16:04:09Z,2026-05-30T18:04:09+0200,f5ca70ef-bf28-4256-b93b-6a2c907b2b36,2026-05-30T03:45:00Z,2026-05-30T05:45:00+0200,0.0,MW,FR,FR,forecast_solar_generation,Solar,2026-05-30T16:05:06Z
2026-05-30T16:04:09Z,2026-05-30T18:04:09+0200,f5ca70ef-bf28-4256-b93b-6a2c907b2b36,2026-05-30T04:00:00Z,2026-05-30T06:00:00+0200,0.0,MW,FR,FR,forecast_solar_generation,Solar,2026-05-30T16:05:06Z
2026-05-30T16:04:09Z,2026-05-30T18:04:09+0200,f5ca70ef-bf28-4256-b93b-6a2c907b2b36,2026-05-30T04:15:00Z,2026-05-30T06:15:00+0200,125.50383,MW,FR,FR,forecast_solar_generation,Solar,2026-05-30T16:05:06Z
2026-05-30T16:04:09Z,2026-05-30T18:04:09+0200,f5ca70ef-bf28-4256-b93b-6a2c907b2b36,2026-05-30T04:30:00Z,2026-05-30T06:30:00+0200,256.6803,MW,FR,FR,forecast_solar_generation,Solar,2026-05-30T16:05:06Z
2026-05-30T16:04:09Z,2026-05-30T18:04:09+0200,f5ca70ef-bf28-4256-b93b-6a2c907b2b36,2026-05-30T04:45:00Z,2026-05-30T06:45:00+0200,546.85553,MW,FR,FR,forecast_solar_generation,Solar,2026-05-30T16:05:06Z
2026-05-30T16:04:09Z,2026-05-30T18:04:09+0200,f5ca70ef-bf28-4256-b93b-6a2c907b2b36,2026-05-30T05:00:00Z,2026-05-30T07:00:00+0200,911.85516,MW,FR,FR,forecast_solar_generation,Solar,2026-05-30T16:05:06Z
2026-05-30T16:04:09Z,2026-05-30T18:04:09+0200,f5ca70ef-bf28-4256-b93b-6a2c907b2b36,2026-05-30T05:15:00Z,2026-05-30T07:15:00+0200,1343.80078,MW,FR,FR,forecast_solar_generation,Solar,2026-05-30T16:05:06Z
2026-05-30T16:04:09Z,2026-05-30T18:04:09+0200,f5ca70ef-bf28-4256-b93b-6a2c907b2b36,2026-05-30T05:30:00Z,2026-05-30T07:30:00+0200,1843.34875,MW,FR,FR,forecast_solar_generation,Solar,2026-05-30T16:05:06Z
2026-05-30T16:04:09Z,2026-05-30T18:04:09+0200,f5ca70ef-bf28-4256-b93b-6a2c907b2b36,2026-05-30T05:45:00Z,2026-05-30T07:45:00+0200,2552.20093,MW,FR,FR,forecast_solar_generation,Solar,2026-05-30T16:05:06Z
2026-05-30T16:04:09Z,2026-05-30T18:04:09+0200,f5ca70ef-bf28-4256-b93b-6a2c907b2b36,2026-05-30T06:00:00Z,2026-05-30T08:00:00+0200,3343.15454,MW,FR,FR,forecast_solar_generation,Solar,2026-05-30T16:05:06Z
2026-05-30T16:04:09Z,2026-05-30T18:04:09+0200,f5ca70ef-bf28-4256-b93b-6a2c907b2b36,2026-05-30T06:15:00Z,2026-05-30T08:15:00+0200,4241.44482,MW,FR,FR,forecast_solar_generation,Solar,2026-05-30T16:05:06Z
2026-05-30T16:04:09Z,2026-05-30T18:04:09+0200,f5ca70ef-bf28-4256-b93b-6a2c907b2b36,2026-05-30T06:30:00Z,2026-05-30T08:30:00+0200,5166.89941,MW,FR,FR,forecast_solar_generation,Solar,2026-05-30T16:05:06Z
2026-05-30T16:04:09Z,2026-05-30T18:04:09+0200,f5ca70ef-bf28-4256-b93b-6a2c907b2b36,2026-05-30T06:45:00Z,2026-05-30T08:45:00+0200,6227.9585,MW,FR,FR,forecast_solar_generation,Solar,2026-05-30T16:05:06Z
2026-05-30T16:04:09Z,2026-05-30T18:04:09+0200,f5ca70ef-bf28-4256-b93b-6a2c907b2b36,2026-05-30T07:00:00Z,2026-05-30T09:00:00+0200,7274.40527,MW,FR,FR,forecast_solar_generation,Solar,2026-05-30T16:05:06Z
2026-05-30T16:04:09Z,2026-05-30T18:04:09+0200,f5ca70ef-bf28-4256-b93b-6a2c907b2b36,2026-05-30T07:15:00Z,2026-05-30T09:15:00+0200,8375.17871,MW,FR,FR,forecast_solar_generation,Solar,2026-05-30T16:05:06Z
2026-05-30T16:04:09Z,2026-05-30T18:04:09+0200,f5ca70ef-bf28-4256-b93b-6a2c907b2b36,2026-05-30T07:30:00Z,2026-05-30T09:30:00+0200,9454.78418,MW,FR,FR,forecast_solar_generation,Solar,2026-05-30T16:05:06Z
2026-05-30T16:04:09Z,2026-05-30T18:04:09+0200,f5ca70ef-bf28-4256-b93b-6a2c907b2b36,2026-05-30T07:45:00Z,2026-05-30T09:45:00+0200,10476.02051,MW,FR,FR,forecast_solar_generation,Solar,2026-05-30T16:05:06Z
2026-05-30T16:04:09Z,2026-05-30T18:04:09+0200,f5ca70ef-bf28-4256-b93b-6a2c907b2b36,2026-05-30T08:00:00Z,2026-05-30T10:00:00+0200,11504.06445,MW,FR,FR,forecast_solar_generation,Solar,2026-05-30T16:05:06Z
2026-05-30T16:04:09Z,2026-05-30T18:04:09+0200,f5ca70ef-bf28-4256-b93b-6a2c907b2b36,2026-05-30T08:15:00Z,2026-05-30T10:15:00+0200,12526.10254,MW,FR,FR,forecast_solar_generation,Solar,2026-05-30T16:05:06Z
2026-05-30T16:04:09Z,2026-05-30T18:04:09+0200,f5ca70ef-bf28-4256-b93b-6a2c907b2b36,2026-05-30T08:30:00Z,2026-05-30T10:30:00+0200,13460.69434,MW,FR,FR,forecast_solar_generation,Solar,2026-05-30T16:05:06Z
2026-05-30T16:04:09Z,2026-05-30T18:04:09+0200,f5ca70ef-bf28-4256-b93b-6a2c907b2b36,2026-05-30T08:45:00Z,2026-05-30T10:45:00+0200,14227.47754,MW,FR,FR,forecast_solar_generation,Solar,2026-05-30T16:05:06Z
2026-05-30T16:04:09Z,2026-05-30T18:04:09+0200,f5ca70ef-bf28-4256-b93b-6a2c907b2b36,2026-05-30T09:00:00Z,2026-05-30T11:00:00+0200,14994.78613,MW,FR,FR,forecast_solar_generation,Solar,2026-05-30T16:05:06Z
2026-05-30T16:04:09Z,2026-05-30T18:04:09+0200,f5ca70ef-bf28-4256-b93b-6a2c907b2b36,2026-05-30T09:15:00Z,2026-05-30T11:15:00+0200,15758.1709,MW,FR,FR,forecast_solar_generation,Solar,2026-05-30T16:05:06Z
2026-05-30T16:04:09Z,2026-05-30T18:04:09+0200,f5ca70ef-bf28-4256-b93b-6a2c907b2b36,2026-05-30T09:30:00Z,2026-05-30T11:30:00+0200,12561.49609,MW,FR,FR,forecast_solar_generation,Solar,2026-05-30T16:05:06Z
2026-05-30T16:04:09Z,2026-05-30T18:04:09+0200,f5ca70ef-bf28-4256-b93b-6a2c907b2b36,2026-05-30T09:45:00Z,2026-05-30T11:45:00+0200,12957.06445,MW,FR,FR,forecast_solar_generation,Solar,2026-05-30T16:05:06Z
2026-05-30T16:04:09Z,2026-05-30T18:04:09+0200,f5ca70ef-bf28-4256-b93b-6a2c907b2b36,2026-05-30T10:00:00Z,2026-05-30T12:00:00+0200,13395.31055,MW,FR,FR,forecast_solar_generation,Solar,2026-05-30T16:05:06Z
2026-05-30T16:04:09Z,2026-05-30T18:04:09+0200,f5ca70ef-bf28-4256-b93b-6a2c907b2b36,2026-05-30T10:15:00Z,2026-05-30T12:15:00+0200,13769.69922,MW,FR,FR,forecast_solar_generation,Solar,2026-05-30T16:05:06Z
2026-05-30T16:04:09Z,2026-05-30T18:04:09+0200,f5ca70ef-bf28-4256-b93b-6a2c907b2b36,2026-05-30T10:30:00Z,2026-05-30T12:30:00+0200,14120.23047,MW,FR,FR,forecast_solar_generation,Solar,2026-05-30T16:05:06Z
2026-05-30T16:04:09Z,2026-05-30T18:04:09+0200,f5ca70ef-bf28-4256-b93b-6a2c907b2b36,2026-05-30T10:45:00Z,2026-05-30T12:45:00+0200,14302.57812,MW,FR,FR,forecast_solar_generation,Solar,2026-05-30T16:05:06Z
2026-05-30T16:04:09Z,2026-05-30T18:04:09+0200,f5ca70ef-bf28-4256-b93b-6a2c907b2b36,2026-05-30T11:00:00Z,2026-05-30T13:00:00+0200,14508.34766,MW,FR,FR,forecast_solar_generation,Solar,2026-05-30T16:05:06Z
2026-05-30T16:04:09Z,2026-05-30T18:04:09+0200,f5ca70ef-bf28-4256-b93b-6a2c907b2b36,2026-05-30T11:15:00Z,2026-05-30T13:15:00+0200,14612.09375,MW,FR,FR,forecast_solar_generation,Solar,2026-05-30T16:05:06Z
2026-05-30T16:04:09Z,2026-05-30T18:04:09+0200,f5ca70ef-bf28-4256-b93b-6a2c907b2b36,2026-05-30T11:30:00Z,2026-05-30T13:30:00+0200,13097.34961,MW,FR,FR,forecast_solar_generation,Solar,2026-05-30T16:05:06Z
2026-05-30T16:04:09Z,2026-05-30T18:04:09+0200,f5ca70ef-bf28-4256-b93b-6a2c907b2b36,2026-05-30T11:45:00Z,2026-05-30T13:45:00+0200,13103.69336,MW,FR,FR,forecast_solar_generation,Solar,2026-05-30T16:05:06Z
2026-05-30T16:04:09Z,2026-05-30T18:04:09+0200,f5ca70ef-bf28-4256-b93b-6a2c907b2b36,2026-05-30T12:00:00Z,2026-05-30T14:00:00+0200,13063.75391,MW,FR,FR,forecast_solar_generation,Solar,2026-05-30T16:05:06Z
2026-05-30T16:04:09Z,2026-05-30T18:04:09+0200,f5ca70ef-bf28-4256-b93b-6a2c907b2b36,2026-05-30T12:15:00Z,2026-05-30T14:15:00+0200,13000.33398,MW,FR,FR,forecast_solar_generation,Solar,2026-05-30T16:05:06Z
2026-05-30T16:04:09Z,2026-05-30T18:04:09+0200,f5ca70ef-bf28-4256-b93b-6a2c907b2b36,2026-05-30T12:30:00Z,2026-05-30T14:30:00+0200,12905.67871,MW,FR,FR,forecast_solar_generation,Solar,2026-05-30T16:05:06Z
2026-05-30T16:04:09Z,2026-05-30T18:04:09+0200,f5ca70ef-bf28-4256-b93b-6a2c907b2b36,2026-05-30T12:45:00Z,2026-05-30T14:45:00+0200,12743.19336,MW,FR,FR,forecast_solar_generation,Solar,2026-05-30T16:05:06Z
2026-05-30T16:04:09Z,2026-05-30T18:04:09+0200,f5ca70ef-bf28-4256-b93b-6a2c907b2b36,2026-05-30T13:00:00Z,2026-05-30T15:00:00+0200,12537.41602,MW,FR,FR,forecast_solar_generation,Solar,2026-05-30T16:05:06Z
2026-05-30T16:04:09Z,2026-05-30T18:04:09+0200,f5ca70ef-bf28-4256-b93b-6a2c907b2b36,2026-05-30T13:15:00Z,2026-05-30T15:15:00+0200,13810.69238,MW,FR,FR,forecast_solar_generation,Solar,2026-05-30T16:05:06Z
2026-05-30T16:04:09Z,2026-05-30T18:04:09+0200,f5ca70ef-bf28-4256-b93b-6a2c907b2b36,2026-05-30T13:30:00Z,2026-05-30T15:30:00+0200,13504.24121,MW,FR,FR,forecast_solar_generation,Solar,2026-05-30T16:05:06Z
2026-05-30T16:04:09Z,2026-05-30T18:04:09+0200,f5ca70ef-bf28-4256-b93b-6a2c907b2b36,2026-05-30T13:45:00Z,2026-05-30T15:45:00+0200,13049.31445,MW,FR,FR,forecast_solar_generation,Solar,2026-05-30T16:05:06Z
2026-05-30T16:04:09Z,2026-05-30T18:04:09+0200,f5ca70ef-bf28-4256-b93b-6a2c907b2b36,2026-05-30T14:00:00Z,2026-05-30T16:00:00+0200,16645.14648,MW,FR,FR,forecast_solar_generation,Solar,2026-05-30T16:05:06Z
2026-05-30T16:04:09Z,2026-05-30T18:04:09+0200,f5ca70ef-bf28-4256-b93b-6a2c907b2b36,2026-05-30T14:15:00Z,2026-05-30T16:15:00+0200,16029.60938,MW,FR,FR,forecast_solar_generation,Solar,2026-05-30T16:05:06Z
2026-05-30T16:04:09Z,2026-05-30T18:04:09+0200,f5ca70ef-bf28-4256-b93b-6a2c907b2b36,2026-05-30T14:30:00Z,2026-05-30T16:30:00+0200,15380.8418,MW,FR,FR,forecast_solar_generation,Solar,2026-05-30T16:05:06Z
2026-05-30T16:04:09Z,2026-05-30T18:04:09+0200,f5ca70ef-bf28-4256-b93b-6a2c907b2b36,2026-05-30T14:45:00Z,2026-05-30T16:45:00+0200,14641.83789,MW,FR,FR,forecast_solar_generation,Solar,2026-05-30T16:05:06Z
2026-05-30T16:04:09Z,2026-05-30T18:04:09+0200,f5ca70ef-bf28-4256-b93b-6a2c907b2b36,2026-05-30T15:00:00Z,2026-05-30T17:00:00+0200,13953.22559,MW,FR,FR,forecast_solar_generation,Solar,2026-05-30T16:05:06Z
2026-05-30T16:04:09Z,2026-05-30T18:04:09+0200,f5ca70ef-bf28-4256-b93b-6a2c907b2b36,2026-05-30T15:15:00Z,2026-05-30T17:15:00+0200,13189.34277,MW,FR,FR,forecast_solar_generation,Solar,2026-05-30T16:05:06Z
2026-05-30T16:04:09Z,2026-05-30T18:04:09+0200,f5ca70ef-bf28-4256-b93b-6a2c907b2b36,2026-05-30T15:30:00Z,2026-05-30T17:30:00+0200,12377.53809,MW,FR,FR,forecast_solar_generation,Solar,2026-05-30T16:05:06Z
2026-05-30T16:04:09Z,2026-05-30T18:04:09+0200,f5ca70ef-bf28-4256-b93b-6a2c907b2b36,2026-05-30T15:45:00Z,2026-05-30T17:45:00+0200,11545.27539,MW,FR,FR,forecast_solar_generation,Solar,2026-05-30T16:05:06Z
