collection_time_utc,collection_time_local,run_id,timestamp_utc,timestamp_local,value,unit,country,entsoe_area,variable,source,updated_at_utc
2026-07-05T12:19:30Z,2026-07-05T14:19:30+0200,4432c355-9488-4e0d-b987-b7dab09a434c,2026-06-04T12:30:00Z,2026-06-04T14:30:00+0200,49305.25,MW,FR,FR,actual_load,Actual Load,2026-07-05T12:20:00Z
2026-07-05T12:19:30Z,2026-07-05T14:19:30+0200,4432c355-9488-4e0d-b987-b7dab09a434c,2026-06-04T12:45:00Z,2026-06-04T14:45:00+0200,49283.42,MW,FR,FR,actual_load,Actual Load,2026-07-05T12:20:00Z
2026-07-05T12:19:30Z,2026-07-05T14:19:30+0200,4432c355-9488-4e0d-b987-b7dab09a434c,2026-06-04T13:00:00Z,2026-06-04T15:00:00+0200,49039.9,MW,FR,FR,actual_load,Actual Load,2026-07-05T12:20:00Z
2026-07-05T12:19:30Z,2026-07-05T14:19:30+0200,4432c355-9488-4e0d-b987-b7dab09a434c,2026-06-04T13:15:00Z,2026-06-04T15:15:00+0200,48751.13,MW,FR,FR,actual_load,Actual Load,2026-07-05T12:20:00Z
2026-07-05T12:19:30Z,2026-07-05T14:19:30+0200,4432c355-9488-4e0d-b987-b7dab09a434c,2026-06-04T13:30:00Z,2026-06-04T15:30:00+0200,48304.0,MW,FR,FR,actual_load,Actual Load,2026-07-05T12:20:00Z
2026-07-05T12:19:30Z,2026-07-05T14:19:30+0200,4432c355-9488-4e0d-b987-b7dab09a434c,2026-06-04T13:45:00Z,2026-06-04T15:45:00+0200,47880.7,MW,FR,FR,actual_load,Actual Load,2026-07-05T12:20:00Z
2026-07-05T12:19:30Z,2026-07-05T14:19:30+0200,4432c355-9488-4e0d-b987-b7dab09a434c,2026-06-04T14:00:00Z,2026-06-04T16:00:00+0200,47271.27,MW,FR,FR,actual_load,Actual Load,2026-07-05T12:20:00Z
2026-07-05T12:19:30Z,2026-07-05T14:19:30+0200,4432c355-9488-4e0d-b987-b7dab09a434c,2026-06-04T14:15:00Z,2026-06-04T16:15:00+0200,46974.63,MW,FR,FR,actual_load,Actual Load,2026-07-05T12:20:00Z
2026-07-05T12:19:30Z,2026-07-05T14:19:30+0200,4432c355-9488-4e0d-b987-b7dab09a434c,2026-06-04T14:30:00Z,2026-06-04T16:30:00+0200,46620.13,MW,FR,FR,actual_load,Actual Load,2026-07-05T12:20:00Z
2026-07-05T12:19:30Z,2026-07-05T14:19:30+0200,4432c355-9488-4e0d-b987-b7dab09a434c,2026-06-04T14:45:00Z,2026-06-04T16:45:00+0200,46349.74,MW,FR,FR,actual_load,Actual Load,2026-07-05T12:20:00Z
2026-07-05T12:19:30Z,2026-07-05T14:19:30+0200,4432c355-9488-4e0d-b987-b7dab09a434c,2026-06-04T15:00:00Z,2026-06-04T17:00:00+0200,46172.47,MW,FR,FR,actual_load,Actual Load,2026-07-05T12:20:00Z
2026-07-05T12:19:30Z,2026-07-05T14:19:30+0200,4432c355-9488-4e0d-b987-b7dab09a434c,2026-06-04T15:15:00Z,2026-06-04T17:15:00+0200,46100.64,MW,FR,FR,actual_load,Actual Load,2026-07-05T12:20:00Z
2026-07-05T12:19:30Z,2026-07-05T14:19:30+0200,4432c355-9488-4e0d-b987-b7dab09a434c,2026-06-04T15:30:00Z,2026-06-04T17:30:00+0200,45809.4,MW,FR,FR,actual_load,Actual Load,2026-07-05T12:20:00Z
2026-07-05T12:19:30Z,2026-07-05T14:19:30+0200,4432c355-9488-4e0d-b987-b7dab09a434c,2026-06-04T15:45:00Z,2026-06-04T17:45:00+0200,45504.01,MW,FR,FR,actual_load,Actual Load,2026-07-05T12:20:00Z
2026-07-05T12:19:30Z,2026-07-05T14:19:30+0200,4432c355-9488-4e0d-b987-b7dab09a434c,2026-06-04T16:00:00Z,2026-06-04T18:00:00+0200,45769.75,MW,FR,FR,actual_load,Actual Load,2026-07-05T12:20:00Z
2026-07-05T12:19:30Z,2026-07-05T14:19:30+0200,4432c355-9488-4e0d-b987-b7dab09a434c,2026-06-04T16:15:00Z,2026-06-04T18:15:00+0200,46604.5,MW,FR,FR,actual_load,Actual Load,2026-07-05T12:20:00Z
2026-07-05T12:19:30Z,2026-07-05T14:19:30+0200,4432c355-9488-4e0d-b987-b7dab09a434c,2026-06-04T16:30:00Z,2026-06-04T18:30:00+0200,47366.43,MW,FR,FR,actual_load,Actual Load,2026-07-05T12:20:00Z
2026-07-05T12:19:30Z,2026-07-05T14:19:30+0200,4432c355-9488-4e0d-b987-b7dab09a434c,2026-06-04T16:45:00Z,2026-06-04T18:45:00+0200,48008.03,MW,FR,FR,actual_load,Actual Load,2026-07-05T12:20:00Z
2026-07-05T12:19:30Z,2026-07-05T14:19:30+0200,4432c355-9488-4e0d-b987-b7dab09a434c,2026-06-04T17:00:00Z,2026-06-04T19:00:00+0200,48496.77,MW,FR,FR,actual_load,Actual Load,2026-07-05T12:20:00Z
2026-07-05T12:19:30Z,2026-07-05T14:19:30+0200,4432c355-9488-4e0d-b987-b7dab09a434c,2026-06-04T17:15:00Z,2026-06-04T19:15:00+0200,48025.71,MW,FR,FR,actual_load,Actual Load,2026-07-05T12:20:00Z
2026-07-05T12:19:30Z,2026-07-05T14:19:30+0200,4432c355-9488-4e0d-b987-b7dab09a434c,2026-06-04T17:30:00Z,2026-06-04T19:30:00+0200,47417.09,MW,FR,FR,actual_load,Actual Load,2026-07-05T12:20:00Z
2026-07-05T12:19:30Z,2026-07-05T14:19:30+0200,4432c355-9488-4e0d-b987-b7dab09a434c,2026-06-04T17:45:00Z,2026-06-04T19:45:00+0200,46947.45,MW,FR,FR,actual_load,Actual Load,2026-07-05T12:20:00Z
2026-07-05T12:19:30Z,2026-07-05T14:19:30+0200,4432c355-9488-4e0d-b987-b7dab09a434c,2026-06-04T18:00:00Z,2026-06-04T20:00:00+0200,46379.28,MW,FR,FR,actual_load,Actual Load,2026-07-05T12:20:00Z
2026-07-05T12:19:30Z,2026-07-05T14:19:30+0200,4432c355-9488-4e0d-b987-b7dab09a434c,2026-06-04T18:15:00Z,2026-06-04T20:15:00+0200,45605.74,MW,FR,FR,actual_load,Actual Load,2026-07-05T12:20:00Z
2026-07-05T12:19:30Z,2026-07-05T14:19:30+0200,4432c355-9488-4e0d-b987-b7dab09a434c,2026-06-04T18:30:00Z,2026-06-04T20:30:00+0200,44991.71,MW,FR,FR,actual_load,Actual Load,2026-07-05T12:20:00Z
2026-07-05T12:19:30Z,2026-07-05T14:19:30+0200,4432c355-9488-4e0d-b987-b7dab09a434c,2026-06-04T18:45:00Z,2026-06-04T20:45:00+0200,44454.96,MW,FR,FR,actual_load,Actual Load,2026-07-05T12:20:00Z
2026-07-05T12:19:30Z,2026-07-05T14:19:30+0200,4432c355-9488-4e0d-b987-b7dab09a434c,2026-06-04T19:00:00Z,2026-06-04T21:00:00+0200,44011.48,MW,FR,FR,actual_load,Actual Load,2026-07-05T12:20:00Z
2026-07-05T12:19:30Z,2026-07-05T14:19:30+0200,4432c355-9488-4e0d-b987-b7dab09a434c,2026-06-04T19:15:00Z,2026-06-04T21:15:00+0200,43608.78,MW,FR,FR,actual_load,Actual Load,2026-07-05T12:20:00Z
2026-07-05T12:19:30Z,2026-07-05T14:19:30+0200,4432c355-9488-4e0d-b987-b7dab09a434c,2026-06-04T19:30:00Z,2026-06-04T21:30:00+0200,43246.04,MW,FR,FR,actual_load,Actual Load,2026-07-05T12:20:00Z
2026-07-05T12:19:30Z,2026-07-05T14:19:30+0200,4432c355-9488-4e0d-b987-b7dab09a434c,2026-06-04T19:45:00Z,2026-06-04T21:45:00+0200,42840.62,MW,FR,FR,actual_load,Actual Load,2026-07-05T12:20:00Z
2026-07-05T12:19:30Z,2026-07-05T14:19:30+0200,4432c355-9488-4e0d-b987-b7dab09a434c,2026-06-04T20:00:00Z,2026-06-04T22:00:00+0200,43840.73,MW,FR,FR,actual_load,Actual Load,2026-07-05T12:20:00Z
2026-07-05T12:19:30Z,2026-07-05T14:19:30+0200,4432c355-9488-4e0d-b987-b7dab09a434c,2026-06-04T20:15:00Z,2026-06-04T22:15:00+0200,43790.28,MW,FR,FR,actual_load,Actual Load,2026-07-05T12:20:00Z
2026-07-05T12:19:30Z,2026-07-05T14:19:30+0200,4432c355-9488-4e0d-b987-b7dab09a434c,2026-06-04T20:30:00Z,2026-06-04T22:30:00+0200,44838.47,MW,FR,FR,actual_load,Actual Load,2026-07-05T12:20:00Z
2026-07-05T12:19:30Z,2026-07-05T14:19:30+0200,4432c355-9488-4e0d-b987-b7dab09a434c,2026-06-04T20:45:00Z,2026-06-04T22:45:00+0200,44417.81,MW,FR,FR,actual_load,Actual Load,2026-07-05T12:20:00Z
2026-07-05T12:19:30Z,2026-07-05T14:19:30+0200,4432c355-9488-4e0d-b987-b7dab09a434c,2026-06-04T21:00:00Z,2026-06-04T23:00:00+0200,44174.18,MW,FR,FR,actual_load,Actual Load,2026-07-05T12:20:00Z
2026-07-05T12:19:30Z,2026-07-05T14:19:30+0200,4432c355-9488-4e0d-b987-b7dab09a434c,2026-06-04T21:15:00Z,2026-06-04T23:15:00+0200,43271.45,MW,FR,FR,actual_load,Actual Load,2026-07-05T12:20:00Z
2026-07-05T12:19:30Z,2026-07-05T14:19:30+0200,4432c355-9488-4e0d-b987-b7dab09a434c,2026-06-04T21:30:00Z,2026-06-04T23:30:00+0200,43798.19,MW,FR,FR,actual_load,Actual Load,2026-07-05T12:20:00Z
2026-07-05T12:19:30Z,2026-07-05T14:19:30+0200,4432c355-9488-4e0d-b987-b7dab09a434c,2026-06-04T21:45:00Z,2026-06-04T23:45:00+0200,42980.84,MW,FR,FR,actual_load,Actual Load,2026-07-05T12:20:00Z
2026-07-05T12:19:30Z,2026-07-05T14:19:30+0200,4432c355-9488-4e0d-b987-b7dab09a434c,2026-06-04T22:00:00Z,2026-06-05T00:00:00+0200,42990.44,MW,FR,FR,actual_load,Actual Load,2026-07-05T12:20:00Z
2026-07-05T12:19:30Z,2026-07-05T14:19:30+0200,4432c355-9488-4e0d-b987-b7dab09a434c,2026-06-04T22:15:00Z,2026-06-05T00:15:00+0200,41932.64,MW,FR,FR,actual_load,Actual Load,2026-07-05T12:20:00Z
2026-07-05T12:19:30Z,2026-07-05T14:19:30+0200,4432c355-9488-4e0d-b987-b7dab09a434c,2026-06-04T22:30:00Z,2026-06-05T00:30:00+0200,40585.13,MW,FR,FR,actual_load,Actual Load,2026-07-05T12:20:00Z
2026-07-05T12:19:30Z,2026-07-05T14:19:30+0200,4432c355-9488-4e0d-b987-b7dab09a434c,2026-06-04T22:45:00Z,2026-06-05T00:45:00+0200,39460.98,MW,FR,FR,actual_load,Actual Load,2026-07-05T12:20:00Z
2026-07-05T12:19:30Z,2026-07-05T14:19:30+0200,4432c355-9488-4e0d-b987-b7dab09a434c,2026-06-04T23:00:00Z,2026-06-05T01:00:00+0200,39798.75,MW,FR,FR,actual_load,Actual Load,2026-07-05T12:20:00Z
2026-07-05T12:19:30Z,2026-07-05T14:19:30+0200,4432c355-9488-4e0d-b987-b7dab09a434c,2026-06-04T23:15:00Z,2026-06-05T01:15:00+0200,39139.45,MW,FR,FR,actual_load,Actual Load,2026-07-05T12:20:00Z
2026-07-05T12:19:30Z,2026-07-05T14:19:30+0200,4432c355-9488-4e0d-b987-b7dab09a434c,2026-06-04T23:30:00Z,2026-06-05T01:30:00+0200,39215.12,MW,FR,FR,actual_load,Actual Load,2026-07-05T12:20:00Z
2026-07-05T12:19:30Z,2026-07-05T14:19:30+0200,4432c355-9488-4e0d-b987-b7dab09a434c,2026-06-04T23:45:00Z,2026-06-05T01:45:00+0200,38320.53,MW,FR,FR,actual_load,Actual Load,2026-07-05T12:20:00Z
2026-07-05T12:19:30Z,2026-07-05T14:19:30+0200,4432c355-9488-4e0d-b987-b7dab09a434c,2026-06-05T00:00:00Z,2026-06-05T02:00:00+0200,37960.72,MW,FR,FR,actual_load,Actual Load,2026-07-05T12:20:00Z
2026-07-05T12:19:30Z,2026-07-05T14:19:30+0200,4432c355-9488-4e0d-b987-b7dab09a434c,2026-06-05T00:15:00Z,2026-06-05T02:15:00+0200,37404.18,MW,FR,FR,actual_load,Actual Load,2026-07-05T12:20:00Z
2026-07-05T12:19:30Z,2026-07-05T14:19:30+0200,4432c355-9488-4e0d-b987-b7dab09a434c,2026-06-05T00:30:00Z,2026-06-05T02:30:00+0200,36595.61,MW,FR,FR,actual_load,Actual Load,2026-07-05T12:20:00Z
2026-07-05T12:19:30Z,2026-07-05T14:19:30+0200,4432c355-9488-4e0d-b987-b7dab09a434c,2026-06-05T00:45:00Z,2026-06-05T02:45:00+0200,35915.84,MW,FR,FR,actual_load,Actual Load,2026-07-05T12:20:00Z
2026-07-05T12:19:30Z,2026-07-05T14:19:30+0200,4432c355-9488-4e0d-b987-b7dab09a434c,2026-06-05T01:00:00Z,2026-06-05T03:00:00+0200,35544.97,MW,FR,FR,actual_load,Actual Load,2026-07-05T12:20:00Z
2026-07-05T12:19:30Z,2026-07-05T14:19:30+0200,4432c355-9488-4e0d-b987-b7dab09a434c,2026-06-05T01:15:00Z,2026-06-05T03:15:00+0200,35144.29,MW,FR,FR,actual_load,Actual Load,2026-07-05T12:20:00Z
2026-07-05T12:19:30Z,2026-07-05T14:19:30+0200,4432c355-9488-4e0d-b987-b7dab09a434c,2026-06-05T01:30:00Z,2026-06-05T03:30:00+0200,35099.25,MW,FR,FR,actual_load,Actual Load,2026-07-05T12:20:00Z
2026-07-05T12:19:30Z,2026-07-05T14:19:30+0200,4432c355-9488-4e0d-b987-b7dab09a434c,2026-06-05T01:45:00Z,2026-06-05T03:45:00+0200,34805.04,MW,FR,FR,actual_load,Actual Load,2026-07-05T12:20:00Z
2026-07-05T12:19:30Z,2026-07-05T14:19:30+0200,4432c355-9488-4e0d-b987-b7dab09a434c,2026-06-05T02:00:00Z,2026-06-05T04:00:00+0200,34846.83,MW,FR,FR,actual_load,Actual Load,2026-07-05T12:20:00Z
2026-07-05T12:19:30Z,2026-07-05T14:19:30+0200,4432c355-9488-4e0d-b987-b7dab09a434c,2026-06-05T02:15:00Z,2026-06-05T04:15:00+0200,34696.66,MW,FR,FR,actual_load,Actual Load,2026-07-05T12:20:00Z
2026-07-05T12:19:30Z,2026-07-05T14:19:30+0200,4432c355-9488-4e0d-b987-b7dab09a434c,2026-06-05T02:30:00Z,2026-06-05T04:30:00+0200,34757.38,MW,FR,FR,actual_load,Actual Load,2026-07-05T12:20:00Z
2026-07-05T12:19:30Z,2026-07-05T14:19:30+0200,4432c355-9488-4e0d-b987-b7dab09a434c,2026-06-05T02:45:00Z,2026-06-05T04:45:00+0200,34885.41,MW,FR,FR,actual_load,Actual Load,2026-07-05T12:20:00Z
2026-07-05T12:19:30Z,2026-07-05T14:19:30+0200,4432c355-9488-4e0d-b987-b7dab09a434c,2026-06-05T03:00:00Z,2026-06-05T05:00:00+0200,35525.93,MW,FR,FR,actual_load,Actual Load,2026-07-05T12:20:00Z
2026-07-05T12:19:30Z,2026-07-05T14:19:30+0200,4432c355-9488-4e0d-b987-b7dab09a434c,2026-06-05T03:15:00Z,2026-06-05T05:15:00+0200,36053.77,MW,FR,FR,actual_load,Actual Load,2026-07-05T12:20:00Z
2026-07-05T12:19:30Z,2026-07-05T14:19:30+0200,4432c355-9488-4e0d-b987-b7dab09a434c,2026-06-05T03:30:00Z,2026-06-05T05:30:00+0200,36236.82,MW,FR,FR,actual_load,Actual Load,2026-07-05T12:20:00Z
2026-07-05T12:19:30Z,2026-07-05T14:19:30+0200,4432c355-9488-4e0d-b987-b7dab09a434c,2026-06-05T03:45:00Z,2026-06-05T05:45:00+0200,36583.76,MW,FR,FR,actual_load,Actual Load,2026-07-05T12:20:00Z
2026-07-05T12:19:30Z,2026-07-05T14:19:30+0200,4432c355-9488-4e0d-b987-b7dab09a434c,2026-06-05T04:00:00Z,2026-06-05T06:00:00+0200,37596.21,MW,FR,FR,actual_load,Actual Load,2026-07-05T12:20:00Z
2026-07-05T12:19:30Z,2026-07-05T14:19:30+0200,4432c355-9488-4e0d-b987-b7dab09a434c,2026-06-05T04:15:00Z,2026-06-05T06:15:00+0200,38456.93,MW,FR,FR,actual_load,Actual Load,2026-07-05T12:20:00Z
2026-07-05T12:19:30Z,2026-07-05T14:19:30+0200,4432c355-9488-4e0d-b987-b7dab09a434c,2026-06-05T04:30:00Z,2026-06-05T06:30:00+0200,39313.73,MW,FR,FR,actual_load,Actual Load,2026-07-05T12:20:00Z
2026-07-05T12:19:30Z,2026-07-05T14:19:30+0200,4432c355-9488-4e0d-b987-b7dab09a434c,2026-06-05T04:45:00Z,2026-06-05T06:45:00+0200,40160.28,MW,FR,FR,actual_load,Actual Load,2026-07-05T12:20:00Z
2026-07-05T12:19:30Z,2026-07-05T14:19:30+0200,4432c355-9488-4e0d-b987-b7dab09a434c,2026-06-05T05:00:00Z,2026-06-05T07:00:00+0200,41332.35,MW,FR,FR,actual_load,Actual Load,2026-07-05T12:20:00Z
2026-07-05T12:19:30Z,2026-07-05T14:19:30+0200,4432c355-9488-4e0d-b987-b7dab09a434c,2026-06-05T05:15:00Z,2026-06-05T07:15:00+0200,42166.41,MW,FR,FR,actual_load,Actual Load,2026-07-05T12:20:00Z
2026-07-05T12:19:30Z,2026-07-05T14:19:30+0200,4432c355-9488-4e0d-b987-b7dab09a434c,2026-06-05T05:30:00Z,2026-06-05T07:30:00+0200,42559.25,MW,FR,FR,actual_load,Actual Load,2026-07-05T12:20:00Z
2026-07-05T12:19:30Z,2026-07-05T14:19:30+0200,4432c355-9488-4e0d-b987-b7dab09a434c,2026-06-05T05:45:00Z,2026-06-05T07:45:00+0200,43219.2,MW,FR,FR,actual_load,Actual Load,2026-07-05T12:20:00Z
2026-07-05T12:19:30Z,2026-07-05T14:19:30+0200,4432c355-9488-4e0d-b987-b7dab09a434c,2026-06-05T06:00:00Z,2026-06-05T08:00:00+0200,43865.49,MW,FR,FR,actual_load,Actual Load,2026-07-05T12:20:00Z
2026-07-05T12:19:30Z,2026-07-05T14:19:30+0200,4432c355-9488-4e0d-b987-b7dab09a434c,2026-06-05T06:15:00Z,2026-06-05T08:15:00+0200,44447.57,MW,FR,FR,actual_load,Actual Load,2026-07-05T12:20:00Z
2026-07-05T12:19:30Z,2026-07-05T14:19:30+0200,4432c355-9488-4e0d-b987-b7dab09a434c,2026-06-05T06:30:00Z,2026-06-05T08:30:00+0200,44694.05,MW,FR,FR,actual_load,Actual Load,2026-07-05T12:20:00Z
2026-07-05T12:19:30Z,2026-07-05T14:19:30+0200,4432c355-9488-4e0d-b987-b7dab09a434c,2026-06-05T06:45:00Z,2026-06-05T08:45:00+0200,45125.48,MW,FR,FR,actual_load,Actual Load,2026-07-05T12:20:00Z
2026-07-05T12:19:30Z,2026-07-05T14:19:30+0200,4432c355-9488-4e0d-b987-b7dab09a434c,2026-06-05T07:00:00Z,2026-06-05T09:00:00+0200,45280.7,MW,FR,FR,actual_load,Actual Load,2026-07-05T12:20:00Z
2026-07-05T12:19:30Z,2026-07-05T14:19:30+0200,4432c355-9488-4e0d-b987-b7dab09a434c,2026-06-05T07:15:00Z,2026-06-05T09:15:00+0200,45467.65,MW,FR,FR,actual_load,Actual Load,2026-07-05T12:20:00Z
2026-07-05T12:19:30Z,2026-07-05T14:19:30+0200,4432c355-9488-4e0d-b987-b7dab09a434c,2026-06-05T07:30:00Z,2026-06-05T09:30:00+0200,45773.6,MW,FR,FR,actual_load,Actual Load,2026-07-05T12:20:00Z
2026-07-05T12:19:30Z,2026-07-05T14:19:30+0200,4432c355-9488-4e0d-b987-b7dab09a434c,2026-06-05T07:45:00Z,2026-06-05T09:45:00+0200,45974.39,MW,FR,FR,actual_load,Actual Load,2026-07-05T12:20:00Z
2026-07-05T12:19:30Z,2026-07-05T14:19:30+0200,4432c355-9488-4e0d-b987-b7dab09a434c,2026-06-05T08:00:00Z,2026-06-05T10:00:00+0200,46164.7,MW,FR,FR,actual_load,Actual Load,2026-07-05T12:20:00Z
2026-07-05T12:19:30Z,2026-07-05T14:19:30+0200,4432c355-9488-4e0d-b987-b7dab09a434c,2026-06-05T08:15:00Z,2026-06-05T10:15:00+0200,46214.98,MW,FR,FR,actual_load,Actual Load,2026-07-05T12:20:00Z
2026-07-05T12:19:30Z,2026-07-05T14:19:30+0200,4432c355-9488-4e0d-b987-b7dab09a434c,2026-06-05T08:30:00Z,2026-06-05T10:30:00+0200,46236.73,MW,FR,FR,actual_load,Actual Load,2026-07-05T12:20:00Z
2026-07-05T12:19:30Z,2026-07-05T14:19:30+0200,4432c355-9488-4e0d-b987-b7dab09a434c,2026-06-05T08:45:00Z,2026-06-05T10:45:00+0200,46478.59,MW,FR,FR,actual_load,Actual Load,2026-07-05T12:20:00Z
2026-07-05T12:19:30Z,2026-07-05T14:19:30+0200,4432c355-9488-4e0d-b987-b7dab09a434c,2026-06-05T09:00:00Z,2026-06-05T11:00:00+0200,46433.86,MW,FR,FR,actual_load,Actual Load,2026-07-05T12:20:00Z
2026-07-05T12:19:30Z,2026-07-05T14:19:30+0200,4432c355-9488-4e0d-b987-b7dab09a434c,2026-06-05T09:15:00Z,2026-06-05T11:15:00+0200,46699.21,MW,FR,FR,actual_load,Actual Load,2026-07-05T12:20:00Z
2026-07-05T12:19:30Z,2026-07-05T14:19:30+0200,4432c355-9488-4e0d-b987-b7dab09a434c,2026-06-05T09:30:00Z,2026-06-05T11:30:00+0200,46924.66,MW,FR,FR,actual_load,Actual Load,2026-07-05T12:20:00Z
2026-07-05T12:19:30Z,2026-07-05T14:19:30+0200,4432c355-9488-4e0d-b987-b7dab09a434c,2026-06-05T09:45:00Z,2026-06-05T11:45:00+0200,47167.64,MW,FR,FR,actual_load,Actual Load,2026-07-05T12:20:00Z
2026-07-05T12:19:30Z,2026-07-05T14:19:30+0200,4432c355-9488-4e0d-b987-b7dab09a434c,2026-06-05T10:00:00Z,2026-06-05T12:00:00+0200,47668.58,MW,FR,FR,actual_load,Actual Load,2026-07-05T12:20:00Z
2026-07-05T12:19:30Z,2026-07-05T14:19:30+0200,4432c355-9488-4e0d-b987-b7dab09a434c,2026-06-05T10:15:00Z,2026-06-05T12:15:00+0200,47583.23,MW,FR,FR,actual_load,Actual Load,2026-07-05T12:20:00Z
2026-07-05T12:19:30Z,2026-07-05T14:19:30+0200,4432c355-9488-4e0d-b987-b7dab09a434c,2026-06-05T10:30:00Z,2026-06-05T12:30:00+0200,47947.42,MW,FR,FR,actual_load,Actual Load,2026-07-05T12:20:00Z
2026-07-05T12:19:30Z,2026-07-05T14:19:30+0200,4432c355-9488-4e0d-b987-b7dab09a434c,2026-06-05T10:45:00Z,2026-06-05T12:45:00+0200,47533.67,MW,FR,FR,actual_load,Actual Load,2026-07-05T12:20:00Z
2026-07-05T12:19:30Z,2026-07-05T14:19:30+0200,4432c355-9488-4e0d-b987-b7dab09a434c,2026-06-05T11:00:00Z,2026-06-05T13:00:00+0200,47190.68,MW,FR,FR,actual_load,Actual Load,2026-07-05T12:20:00Z
2026-07-05T12:19:30Z,2026-07-05T14:19:30+0200,4432c355-9488-4e0d-b987-b7dab09a434c,2026-06-05T11:15:00Z,2026-06-05T13:15:00+0200,46058.98,MW,FR,FR,actual_load,Actual Load,2026-07-05T12:20:00Z
2026-07-05T12:19:30Z,2026-07-05T14:19:30+0200,4432c355-9488-4e0d-b987-b7dab09a434c,2026-06-05T11:30:00Z,2026-06-05T13:30:00+0200,45634.95,MW,FR,FR,actual_load,Actual Load,2026-07-05T12:20:00Z
2026-07-05T12:19:30Z,2026-07-05T14:19:30+0200,4432c355-9488-4e0d-b987-b7dab09a434c,2026-06-05T11:45:00Z,2026-06-05T13:45:00+0200,45424.36,MW,FR,FR,actual_load,Actual Load,2026-07-05T12:20:00Z
2026-07-05T12:19:30Z,2026-07-05T14:19:30+0200,4432c355-9488-4e0d-b987-b7dab09a434c,2026-06-05T12:00:00Z,2026-06-05T14:00:00+0200,46268.86,MW,FR,FR,actual_load,Actual Load,2026-07-05T12:20:00Z
2026-07-05T12:19:30Z,2026-07-05T14:19:30+0200,4432c355-9488-4e0d-b987-b7dab09a434c,2026-06-05T12:15:00Z,2026-06-05T14:15:00+0200,46159.04,MW,FR,FR,actual_load,Actual Load,2026-07-05T12:20:00Z
2026-07-05T12:19:30Z,2026-07-05T14:19:30+0200,4432c355-9488-4e0d-b987-b7dab09a434c,2026-06-05T12:30:00Z,2026-06-05T14:30:00+0200,45987.98,MW,FR,FR,actual_load,Actual Load,2026-07-05T12:20:00Z
2026-07-05T12:19:30Z,2026-07-05T14:19:30+0200,4432c355-9488-4e0d-b987-b7dab09a434c,2026-06-05T12:45:00Z,2026-06-05T14:45:00+0200,45619.5,MW,FR,FR,actual_load,Actual Load,2026-07-05T12:20:00Z
2026-07-05T12:19:30Z,2026-07-05T14:19:30+0200,4432c355-9488-4e0d-b987-b7dab09a434c,2026-06-05T13:00:00Z,2026-06-05T15:00:00+0200,45522.12,MW,FR,FR,actual_load,Actual Load,2026-07-05T12:20:00Z
2026-07-05T12:19:30Z,2026-07-05T14:19:30+0200,4432c355-9488-4e0d-b987-b7dab09a434c,2026-06-05T13:15:00Z,2026-06-05T15:15:00+0200,44941.19,MW,FR,FR,actual_load,Actual Load,2026-07-05T12:20:00Z
2026-07-05T12:19:30Z,2026-07-05T14:19:30+0200,4432c355-9488-4e0d-b987-b7dab09a434c,2026-06-05T13:30:00Z,2026-06-05T15:30:00+0200,44451.62,MW,FR,FR,actual_load,Actual Load,2026-07-05T12:20:00Z
2026-07-05T12:19:30Z,2026-07-05T14:19:30+0200,4432c355-9488-4e0d-b987-b7dab09a434c,2026-06-05T13:45:00Z,2026-06-05T15:45:00+0200,43899.62,MW,FR,FR,actual_load,Actual Load,2026-07-05T12:20:00Z
2026-07-05T12:19:30Z,2026-07-05T14:19:30+0200,4432c355-9488-4e0d-b987-b7dab09a434c,2026-06-05T14:00:00Z,2026-06-05T16:00:00+0200,43295.62,MW,FR,FR,actual_load,Actual Load,2026-07-05T12:20:00Z
2026-07-05T12:19:30Z,2026-07-05T14:19:30+0200,4432c355-9488-4e0d-b987-b7dab09a434c,2026-06-05T14:15:00Z,2026-06-05T16:15:00+0200,43224.13,MW,FR,FR,actual_load,Actual Load,2026-07-05T12:20:00Z
2026-07-05T12:19:30Z,2026-07-05T14:19:30+0200,4432c355-9488-4e0d-b987-b7dab09a434c,2026-06-05T14:30:00Z,2026-06-05T16:30:00+0200,42829.77,MW,FR,FR,actual_load,Actual Load,2026-07-05T12:20:00Z
2026-07-05T12:19:30Z,2026-07-05T14:19:30+0200,4432c355-9488-4e0d-b987-b7dab09a434c,2026-06-05T14:45:00Z,2026-06-05T16:45:00+0200,42783.01,MW,FR,FR,actual_load,Actual Load,2026-07-05T12:20:00Z
2026-07-05T12:19:30Z,2026-07-05T14:19:30+0200,4432c355-9488-4e0d-b987-b7dab09a434c,2026-06-05T15:00:00Z,2026-06-05T17:00:00+0200,42493.05,MW,FR,FR,actual_load,Actual Load,2026-07-05T12:20:00Z
2026-07-05T12:19:30Z,2026-07-05T14:19:30+0200,4432c355-9488-4e0d-b987-b7dab09a434c,2026-06-05T15:15:00Z,2026-06-05T17:15:00+0200,42513.94,MW,FR,FR,actual_load,Actual Load,2026-07-05T12:20:00Z
2026-07-05T12:19:30Z,2026-07-05T14:19:30+0200,4432c355-9488-4e0d-b987-b7dab09a434c,2026-06-05T15:30:00Z,2026-06-05T17:30:00+0200,43003.5,MW,FR,FR,actual_load,Actual Load,2026-07-05T12:20:00Z
2026-07-05T12:19:30Z,2026-07-05T14:19:30+0200,4432c355-9488-4e0d-b987-b7dab09a434c,2026-06-05T15:45:00Z,2026-06-05T17:45:00+0200,43518.8,MW,FR,FR,actual_load,Actual Load,2026-07-05T12:20:00Z
2026-07-05T12:19:30Z,2026-07-05T14:19:30+0200,4432c355-9488-4e0d-b987-b7dab09a434c,2026-06-05T16:00:00Z,2026-06-05T18:00:00+0200,43560.22,MW,FR,FR,actual_load,Actual Load,2026-07-05T12:20:00Z
2026-07-05T12:19:30Z,2026-07-05T14:19:30+0200,4432c355-9488-4e0d-b987-b7dab09a434c,2026-06-05T16:15:00Z,2026-06-05T18:15:00+0200,44114.28,MW,FR,FR,actual_load,Actual Load,2026-07-05T12:20:00Z
2026-07-05T12:19:30Z,2026-07-05T14:19:30+0200,4432c355-9488-4e0d-b987-b7dab09a434c,2026-06-05T16:30:00Z,2026-06-05T18:30:00+0200,44434.56,MW,FR,FR,actual_load,Actual Load,2026-07-05T12:20:00Z
2026-07-05T12:19:30Z,2026-07-05T14:19:30+0200,4432c355-9488-4e0d-b987-b7dab09a434c,2026-06-05T16:45:00Z,2026-06-05T18:45:00+0200,45122.86,MW,FR,FR,actual_load,Actual Load,2026-07-05T12:20:00Z
2026-07-05T12:19:30Z,2026-07-05T14:19:30+0200,4432c355-9488-4e0d-b987-b7dab09a434c,2026-06-05T17:00:00Z,2026-06-05T19:00:00+0200,45290.66,MW,FR,FR,actual_load,Actual Load,2026-07-05T12:20:00Z
2026-07-05T12:19:30Z,2026-07-05T14:19:30+0200,4432c355-9488-4e0d-b987-b7dab09a434c,2026-06-05T17:15:00Z,2026-06-05T19:15:00+0200,45398.66,MW,FR,FR,actual_load,Actual Load,2026-07-05T12:20:00Z
2026-07-05T12:19:30Z,2026-07-05T14:19:30+0200,4432c355-9488-4e0d-b987-b7dab09a434c,2026-06-05T17:30:00Z,2026-06-05T19:30:00+0200,45354.66,MW,FR,FR,actual_load,Actual Load,2026-07-05T12:20:00Z
2026-07-05T12:19:30Z,2026-07-05T14:19:30+0200,4432c355-9488-4e0d-b987-b7dab09a434c,2026-06-05T17:45:00Z,2026-06-05T19:45:00+0200,45087.18,MW,FR,FR,actual_load,Actual Load,2026-07-05T12:20:00Z
2026-07-05T12:19:30Z,2026-07-05T14:19:30+0200,4432c355-9488-4e0d-b987-b7dab09a434c,2026-06-05T18:00:00Z,2026-06-05T20:00:00+0200,44609.84,MW,FR,FR,actual_load,Actual Load,2026-07-05T12:20:00Z
2026-07-05T12:19:30Z,2026-07-05T14:19:30+0200,4432c355-9488-4e0d-b987-b7dab09a434c,2026-06-05T18:15:00Z,2026-06-05T20:15:00+0200,43899.76,MW,FR,FR,actual_load,Actual Load,2026-07-05T12:20:00Z
2026-07-05T12:19:30Z,2026-07-05T14:19:30+0200,4432c355-9488-4e0d-b987-b7dab09a434c,2026-06-05T18:30:00Z,2026-06-05T20:30:00+0200,43278.28,MW,FR,FR,actual_load,Actual Load,2026-07-05T12:20:00Z
2026-07-05T12:19:30Z,2026-07-05T14:19:30+0200,4432c355-9488-4e0d-b987-b7dab09a434c,2026-06-05T18:45:00Z,2026-06-05T20:45:00+0200,42787.32,MW,FR,FR,actual_load,Actual Load,2026-07-05T12:20:00Z
2026-07-05T12:19:30Z,2026-07-05T14:19:30+0200,4432c355-9488-4e0d-b987-b7dab09a434c,2026-06-05T19:00:00Z,2026-06-05T21:00:00+0200,42771.16,MW,FR,FR,actual_load,Actual Load,2026-07-05T12:20:00Z
2026-07-05T12:19:30Z,2026-07-05T14:19:30+0200,4432c355-9488-4e0d-b987-b7dab09a434c,2026-06-05T19:15:00Z,2026-06-05T21:15:00+0200,42591.34,MW,FR,FR,actual_load,Actual Load,2026-07-05T12:20:00Z
2026-07-05T12:19:30Z,2026-07-05T14:19:30+0200,4432c355-9488-4e0d-b987-b7dab09a434c,2026-06-05T19:30:00Z,2026-06-05T21:30:00+0200,42394.26,MW,FR,FR,actual_load,Actual Load,2026-07-05T12:20:00Z
2026-07-05T12:19:30Z,2026-07-05T14:19:30+0200,4432c355-9488-4e0d-b987-b7dab09a434c,2026-06-05T19:45:00Z,2026-06-05T21:45:00+0200,42175.32,MW,FR,FR,actual_load,Actual Load,2026-07-05T12:20:00Z
2026-07-05T12:19:30Z,2026-07-05T14:19:30+0200,4432c355-9488-4e0d-b987-b7dab09a434c,2026-06-05T20:00:00Z,2026-06-05T22:00:00+0200,43618.97,MW,FR,FR,actual_load,Actual Load,2026-07-05T12:20:00Z
2026-07-05T12:19:30Z,2026-07-05T14:19:30+0200,4432c355-9488-4e0d-b987-b7dab09a434c,2026-06-05T20:15:00Z,2026-06-05T22:15:00+0200,43377.11,MW,FR,FR,actual_load,Actual Load,2026-07-05T12:20:00Z
2026-07-05T12:19:30Z,2026-07-05T14:19:30+0200,4432c355-9488-4e0d-b987-b7dab09a434c,2026-06-05T20:30:00Z,2026-06-05T22:30:00+0200,44512.47,MW,FR,FR,actual_load,Actual Load,2026-07-05T12:20:00Z
2026-07-05T12:19:30Z,2026-07-05T14:19:30+0200,4432c355-9488-4e0d-b987-b7dab09a434c,2026-06-05T20:45:00Z,2026-06-05T22:45:00+0200,44165.72,MW,FR,FR,actual_load,Actual Load,2026-07-05T12:20:00Z
2026-07-05T12:19:30Z,2026-07-05T14:19:30+0200,4432c355-9488-4e0d-b987-b7dab09a434c,2026-06-05T21:00:00Z,2026-06-05T23:00:00+0200,44343.44,MW,FR,FR,actual_load,Actual Load,2026-07-05T12:20:00Z
2026-07-05T12:19:30Z,2026-07-05T14:19:30+0200,4432c355-9488-4e0d-b987-b7dab09a434c,2026-06-05T21:15:00Z,2026-06-05T23:15:00+0200,43322.13,MW,FR,FR,actual_load,Actual Load,2026-07-05T12:20:00Z
2026-07-05T12:19:30Z,2026-07-05T14:19:30+0200,4432c355-9488-4e0d-b987-b7dab09a434c,2026-06-05T21:30:00Z,2026-06-05T23:30:00+0200,43768.02,MW,FR,FR,actual_load,Actual Load,2026-07-05T12:20:00Z
2026-07-05T12:19:30Z,2026-07-05T14:19:30+0200,4432c355-9488-4e0d-b987-b7dab09a434c,2026-06-05T21:45:00Z,2026-06-05T23:45:00+0200,42864.1,MW,FR,FR,actual_load,Actual Load,2026-07-05T12:20:00Z
2026-07-05T12:19:30Z,2026-07-05T14:19:30+0200,4432c355-9488-4e0d-b987-b7dab09a434c,2026-06-05T22:00:00Z,2026-06-06T00:00:00+0200,42851.64,MW,FR,FR,actual_load,Actual Load,2026-07-05T12:20:00Z
2026-07-05T12:19:30Z,2026-07-05T14:19:30+0200,4432c355-9488-4e0d-b987-b7dab09a434c,2026-06-05T22:15:00Z,2026-06-06T00:15:00+0200,41797.85,MW,FR,FR,actual_load,Actual Load,2026-07-05T12:20:00Z
2026-07-05T12:19:30Z,2026-07-05T14:19:30+0200,4432c355-9488-4e0d-b987-b7dab09a434c,2026-06-05T22:30:00Z,2026-06-06T00:30:00+0200,40706.8,MW,FR,FR,actual_load,Actual Load,2026-07-05T12:20:00Z
2026-07-05T12:19:30Z,2026-07-05T14:19:30+0200,4432c355-9488-4e0d-b987-b7dab09a434c,2026-06-05T22:45:00Z,2026-06-06T00:45:00+0200,39615.14,MW,FR,FR,actual_load,Actual Load,2026-07-05T12:20:00Z
2026-07-05T12:19:30Z,2026-07-05T14:19:30+0200,4432c355-9488-4e0d-b987-b7dab09a434c,2026-06-05T23:00:00Z,2026-06-06T01:00:00+0200,39931.09,MW,FR,FR,actual_load,Actual Load,2026-07-05T12:20:00Z
2026-07-05T12:19:30Z,2026-07-05T14:19:30+0200,4432c355-9488-4e0d-b987-b7dab09a434c,2026-06-05T23:15:00Z,2026-06-06T01:15:00+0200,39253.82,MW,FR,FR,actual_load,Actual Load,2026-07-05T12:20:00Z
2026-07-05T12:19:30Z,2026-07-05T14:19:30+0200,4432c355-9488-4e0d-b987-b7dab09a434c,2026-06-05T23:30:00Z,2026-06-06T01:30:00+0200,38932.71,MW,FR,FR,actual_load,Actual Load,2026-07-05T12:20:00Z
2026-07-05T12:19:30Z,2026-07-05T14:19:30+0200,4432c355-9488-4e0d-b987-b7dab09a434c,2026-06-05T23:45:00Z,2026-06-06T01:45:00+0200,38055.08,MW,FR,FR,actual_load,Actual Load,2026-07-05T12:20:00Z
2026-07-05T12:19:30Z,2026-07-05T14:19:30+0200,4432c355-9488-4e0d-b987-b7dab09a434c,2026-06-06T00:00:00Z,2026-06-06T02:00:00+0200,37971.75,MW,FR,FR,actual_load,Actual Load,2026-07-05T12:20:00Z
2026-07-05T12:19:30Z,2026-07-05T14:19:30+0200,4432c355-9488-4e0d-b987-b7dab09a434c,2026-06-06T00:15:00Z,2026-06-06T02:15:00+0200,37089.95,MW,FR,FR,actual_load,Actual Load,2026-07-05T12:20:00Z
2026-07-05T12:19:30Z,2026-07-05T14:19:30+0200,4432c355-9488-4e0d-b987-b7dab09a434c,2026-06-06T00:30:00Z,2026-06-06T02:30:00+0200,36260.69,MW,FR,FR,actual_load,Actual Load,2026-07-05T12:20:00Z
2026-07-05T12:19:30Z,2026-07-05T14:19:30+0200,4432c355-9488-4e0d-b987-b7dab09a434c,2026-06-06T00:45:00Z,2026-06-06T02:45:00+0200,35558.59,MW,FR,FR,actual_load,Actual Load,2026-07-05T12:20:00Z
2026-07-05T12:19:30Z,2026-07-05T14:19:30+0200,4432c355-9488-4e0d-b987-b7dab09a434c,2026-06-06T01:00:00Z,2026-06-06T03:00:00+0200,34709.83,MW,FR,FR,actual_load,Actual Load,2026-07-05T12:20:00Z
2026-07-05T12:19:30Z,2026-07-05T14:19:30+0200,4432c355-9488-4e0d-b987-b7dab09a434c,2026-06-06T01:15:00Z,2026-06-06T03:15:00+0200,33900.59,MW,FR,FR,actual_load,Actual Load,2026-07-05T12:20:00Z
2026-07-05T12:19:30Z,2026-07-05T14:19:30+0200,4432c355-9488-4e0d-b987-b7dab09a434c,2026-06-06T01:30:00Z,2026-06-06T03:30:00+0200,33507.51,MW,FR,FR,actual_load,Actual Load,2026-07-05T12:20:00Z
2026-07-05T12:19:30Z,2026-07-05T14:19:30+0200,4432c355-9488-4e0d-b987-b7dab09a434c,2026-06-06T01:45:00Z,2026-06-06T03:45:00+0200,32884.77,MW,FR,FR,actual_load,Actual Load,2026-07-05T12:20:00Z
2026-07-05T12:19:30Z,2026-07-05T14:19:30+0200,4432c355-9488-4e0d-b987-b7dab09a434c,2026-06-06T02:00:00Z,2026-06-06T04:00:00+0200,32930.99,MW,FR,FR,actual_load,Actual Load,2026-07-05T12:20:00Z
2026-07-05T12:19:30Z,2026-07-05T14:19:30+0200,4432c355-9488-4e0d-b987-b7dab09a434c,2026-06-06T02:15:00Z,2026-06-06T04:15:00+0200,32549.84,MW,FR,FR,actual_load,Actual Load,2026-07-05T12:20:00Z
2026-07-05T12:19:30Z,2026-07-05T14:19:30+0200,4432c355-9488-4e0d-b987-b7dab09a434c,2026-06-06T02:30:00Z,2026-06-06T04:30:00+0200,33211.18,MW,FR,FR,actual_load,Actual Load,2026-07-05T12:20:00Z
2026-07-05T12:19:30Z,2026-07-05T14:19:30+0200,4432c355-9488-4e0d-b987-b7dab09a434c,2026-06-06T02:45:00Z,2026-06-06T04:45:00+0200,33191.02,MW,FR,FR,actual_load,Actual Load,2026-07-05T12:20:00Z
2026-07-05T12:19:30Z,2026-07-05T14:19:30+0200,4432c355-9488-4e0d-b987-b7dab09a434c,2026-06-06T03:00:00Z,2026-06-06T05:00:00+0200,33191.44,MW,FR,FR,actual_load,Actual Load,2026-07-05T12:20:00Z
2026-07-05T12:19:30Z,2026-07-05T14:19:30+0200,4432c355-9488-4e0d-b987-b7dab09a434c,2026-06-06T03:15:00Z,2026-06-06T05:15:00+0200,32944.16,MW,FR,FR,actual_load,Actual Load,2026-07-05T12:20:00Z
2026-07-05T12:19:30Z,2026-07-05T14:19:30+0200,4432c355-9488-4e0d-b987-b7dab09a434c,2026-06-06T03:30:00Z,2026-06-06T05:30:00+0200,32957.09,MW,FR,FR,actual_load,Actual Load,2026-07-05T12:20:00Z
2026-07-05T12:19:30Z,2026-07-05T14:19:30+0200,4432c355-9488-4e0d-b987-b7dab09a434c,2026-06-06T03:45:00Z,2026-06-06T05:45:00+0200,33017.12,MW,FR,FR,actual_load,Actual Load,2026-07-05T12:20:00Z
2026-07-05T12:19:30Z,2026-07-05T14:19:30+0200,4432c355-9488-4e0d-b987-b7dab09a434c,2026-06-06T04:00:00Z,2026-06-06T06:00:00+0200,33304.0,MW,FR,FR,actual_load,Actual Load,2026-07-05T12:20:00Z
2026-07-05T12:19:30Z,2026-07-05T14:19:30+0200,4432c355-9488-4e0d-b987-b7dab09a434c,2026-06-06T04:15:00Z,2026-06-06T06:15:00+0200,33111.23,MW,FR,FR,actual_load,Actual Load,2026-07-05T12:20:00Z
2026-07-05T12:19:30Z,2026-07-05T14:19:30+0200,4432c355-9488-4e0d-b987-b7dab09a434c,2026-06-06T04:30:00Z,2026-06-06T06:30:00+0200,33278.28,MW,FR,FR,actual_load,Actual Load,2026-07-05T12:20:00Z
2026-07-05T12:19:30Z,2026-07-05T14:19:30+0200,4432c355-9488-4e0d-b987-b7dab09a434c,2026-06-06T04:45:00Z,2026-06-06T06:45:00+0200,33308.82,MW,FR,FR,actual_load,Actual Load,2026-07-05T12:20:00Z
2026-07-05T12:19:30Z,2026-07-05T14:19:30+0200,4432c355-9488-4e0d-b987-b7dab09a434c,2026-06-06T05:00:00Z,2026-06-06T07:00:00+0200,33511.24,MW,FR,FR,actual_load,Actual Load,2026-07-05T12:20:00Z
2026-07-05T12:19:30Z,2026-07-05T14:19:30+0200,4432c355-9488-4e0d-b987-b7dab09a434c,2026-06-06T05:15:00Z,2026-06-06T07:15:00+0200,33917.65,MW,FR,FR,actual_load,Actual Load,2026-07-05T12:20:00Z
2026-07-05T12:19:30Z,2026-07-05T14:19:30+0200,4432c355-9488-4e0d-b987-b7dab09a434c,2026-06-06T05:30:00Z,2026-06-06T07:30:00+0200,34117.8,MW,FR,FR,actual_load,Actual Load,2026-07-05T12:20:00Z
2026-07-05T12:19:30Z,2026-07-05T14:19:30+0200,4432c355-9488-4e0d-b987-b7dab09a434c,2026-06-06T05:45:00Z,2026-06-06T07:45:00+0200,34708.05,MW,FR,FR,actual_load,Actual Load,2026-07-05T12:20:00Z
2026-07-05T12:19:30Z,2026-07-05T14:19:30+0200,4432c355-9488-4e0d-b987-b7dab09a434c,2026-06-06T06:00:00Z,2026-06-06T08:00:00+0200,35229.42,MW,FR,FR,actual_load,Actual Load,2026-07-05T12:20:00Z
2026-07-05T12:19:30Z,2026-07-05T14:19:30+0200,4432c355-9488-4e0d-b987-b7dab09a434c,2026-06-06T06:15:00Z,2026-06-06T08:15:00+0200,35664.02,MW,FR,FR,actual_load,Actual Load,2026-07-05T12:20:00Z
2026-07-05T12:19:30Z,2026-07-05T14:19:30+0200,4432c355-9488-4e0d-b987-b7dab09a434c,2026-06-06T06:30:00Z,2026-06-06T08:30:00+0200,36097.34,MW,FR,FR,actual_load,Actual Load,2026-07-05T12:20:00Z
2026-07-05T12:19:30Z,2026-07-05T14:19:30+0200,4432c355-9488-4e0d-b987-b7dab09a434c,2026-06-06T06:45:00Z,2026-06-06T08:45:00+0200,36510.93,MW,FR,FR,actual_load,Actual Load,2026-07-05T12:20:00Z
2026-07-05T12:19:30Z,2026-07-05T14:19:30+0200,4432c355-9488-4e0d-b987-b7dab09a434c,2026-06-06T07:00:00Z,2026-06-06T09:00:00+0200,37135.96,MW,FR,FR,actual_load,Actual Load,2026-07-05T12:20:00Z
2026-07-05T12:19:30Z,2026-07-05T14:19:30+0200,4432c355-9488-4e0d-b987-b7dab09a434c,2026-06-06T07:15:00Z,2026-06-06T09:15:00+0200,37838.92,MW,FR,FR,actual_load,Actual Load,2026-07-05T12:20:00Z
2026-07-05T12:19:30Z,2026-07-05T14:19:30+0200,4432c355-9488-4e0d-b987-b7dab09a434c,2026-06-06T07:30:00Z,2026-06-06T09:30:00+0200,38252.21,MW,FR,FR,actual_load,Actual Load,2026-07-05T12:20:00Z
2026-07-05T12:19:30Z,2026-07-05T14:19:30+0200,4432c355-9488-4e0d-b987-b7dab09a434c,2026-06-06T07:45:00Z,2026-06-06T09:45:00+0200,38738.69,MW,FR,FR,actual_load,Actual Load,2026-07-05T12:20:00Z
2026-07-05T12:19:30Z,2026-07-05T14:19:30+0200,4432c355-9488-4e0d-b987-b7dab09a434c,2026-06-06T08:00:00Z,2026-06-06T10:00:00+0200,39035.45,MW,FR,FR,actual_load,Actual Load,2026-07-05T12:20:00Z
2026-07-05T12:19:30Z,2026-07-05T14:19:30+0200,4432c355-9488-4e0d-b987-b7dab09a434c,2026-06-06T08:15:00Z,2026-06-06T10:15:00+0200,39185.1,MW,FR,FR,actual_load,Actual Load,2026-07-05T12:20:00Z
2026-07-05T12:19:30Z,2026-07-05T14:19:30+0200,4432c355-9488-4e0d-b987-b7dab09a434c,2026-06-06T08:30:00Z,2026-06-06T10:30:00+0200,39519.02,MW,FR,FR,actual_load,Actual Load,2026-07-05T12:20:00Z
2026-07-05T12:19:30Z,2026-07-05T14:19:30+0200,4432c355-9488-4e0d-b987-b7dab09a434c,2026-06-06T08:45:00Z,2026-06-06T10:45:00+0200,39457.8,MW,FR,FR,actual_load,Actual Load,2026-07-05T12:20:00Z
2026-07-05T12:19:30Z,2026-07-05T14:19:30+0200,4432c355-9488-4e0d-b987-b7dab09a434c,2026-06-06T09:00:00Z,2026-06-06T11:00:00+0200,39908.87,MW,FR,FR,actual_load,Actual Load,2026-07-05T12:20:00Z
2026-07-05T12:19:30Z,2026-07-05T14:19:30+0200,4432c355-9488-4e0d-b987-b7dab09a434c,2026-06-06T09:15:00Z,2026-06-06T11:15:00+0200,40444.87,MW,FR,FR,actual_load,Actual Load,2026-07-05T12:20:00Z
2026-07-05T12:19:30Z,2026-07-05T14:19:30+0200,4432c355-9488-4e0d-b987-b7dab09a434c,2026-06-06T09:30:00Z,2026-06-06T11:30:00+0200,40803.45,MW,FR,FR,actual_load,Actual Load,2026-07-05T12:20:00Z
2026-07-05T12:19:30Z,2026-07-05T14:19:30+0200,4432c355-9488-4e0d-b987-b7dab09a434c,2026-06-06T09:45:00Z,2026-06-06T11:45:00+0200,41319.46,MW,FR,FR,actual_load,Actual Load,2026-07-05T12:20:00Z
2026-07-05T12:19:30Z,2026-07-05T14:19:30+0200,4432c355-9488-4e0d-b987-b7dab09a434c,2026-06-06T10:00:00Z,2026-06-06T12:00:00+0200,41932.07,MW,FR,FR,actual_load,Actual Load,2026-07-05T12:20:00Z
2026-07-05T12:19:30Z,2026-07-05T14:19:30+0200,4432c355-9488-4e0d-b987-b7dab09a434c,2026-06-06T10:15:00Z,2026-06-06T12:15:00+0200,42603.21,MW,FR,FR,actual_load,Actual Load,2026-07-05T12:20:00Z
2026-07-05T12:19:30Z,2026-07-05T14:19:30+0200,4432c355-9488-4e0d-b987-b7dab09a434c,2026-06-06T10:30:00Z,2026-06-06T12:30:00+0200,42872.15,MW,FR,FR,actual_load,Actual Load,2026-07-05T12:20:00Z
2026-07-05T12:19:30Z,2026-07-05T14:19:30+0200,4432c355-9488-4e0d-b987-b7dab09a434c,2026-06-06T10:45:00Z,2026-06-06T12:45:00+0200,42613.47,MW,FR,FR,actual_load,Actual Load,2026-07-05T12:20:00Z
2026-07-05T12:19:30Z,2026-07-05T14:19:30+0200,4432c355-9488-4e0d-b987-b7dab09a434c,2026-06-06T11:00:00Z,2026-06-06T13:00:00+0200,41816.95,MW,FR,FR,actual_load,Actual Load,2026-07-05T12:20:00Z
2026-07-05T12:19:30Z,2026-07-05T14:19:30+0200,4432c355-9488-4e0d-b987-b7dab09a434c,2026-06-06T11:15:00Z,2026-06-06T13:15:00+0200,40764.53,MW,FR,FR,actual_load,Actual Load,2026-07-05T12:20:00Z
2026-07-05T12:19:30Z,2026-07-05T14:19:30+0200,4432c355-9488-4e0d-b987-b7dab09a434c,2026-06-06T11:30:00Z,2026-06-06T13:30:00+0200,40407.08,MW,FR,FR,actual_load,Actual Load,2026-07-05T12:20:00Z
2026-07-05T12:19:30Z,2026-07-05T14:19:30+0200,4432c355-9488-4e0d-b987-b7dab09a434c,2026-06-06T11:45:00Z,2026-06-06T13:45:00+0200,40251.05,MW,FR,FR,actual_load,Actual Load,2026-07-05T12:20:00Z
2026-07-05T12:19:30Z,2026-07-05T14:19:30+0200,4432c355-9488-4e0d-b987-b7dab09a434c,2026-06-06T12:00:00Z,2026-06-06T14:00:00+0200,40897.16,MW,FR,FR,actual_load,Actual Load,2026-07-05T12:20:00Z
2026-07-05T12:19:30Z,2026-07-05T14:19:30+0200,4432c355-9488-4e0d-b987-b7dab09a434c,2026-06-06T12:15:00Z,2026-06-06T14:15:00+0200,40752.66,MW,FR,FR,actual_load,Actual Load,2026-07-05T12:20:00Z
2026-07-05T12:19:30Z,2026-07-05T14:19:30+0200,4432c355-9488-4e0d-b987-b7dab09a434c,2026-06-06T12:30:00Z,2026-06-06T14:30:00+0200,40577.98,MW,FR,FR,actual_load,Actual Load,2026-07-05T12:20:00Z
2026-07-05T12:19:30Z,2026-07-05T14:19:30+0200,4432c355-9488-4e0d-b987-b7dab09a434c,2026-06-06T12:45:00Z,2026-06-06T14:45:00+0200,40039.5,MW,FR,FR,actual_load,Actual Load,2026-07-05T12:20:00Z
2026-07-05T12:19:30Z,2026-07-05T14:19:30+0200,4432c355-9488-4e0d-b987-b7dab09a434c,2026-06-06T13:00:00Z,2026-06-06T15:00:00+0200,40326.34,MW,FR,FR,actual_load,Actual Load,2026-07-05T12:20:00Z
2026-07-05T12:19:30Z,2026-07-05T14:19:30+0200,4432c355-9488-4e0d-b987-b7dab09a434c,2026-06-06T13:15:00Z,2026-06-06T15:15:00+0200,39631.44,MW,FR,FR,actual_load,Actual Load,2026-07-05T12:20:00Z
2026-07-05T12:19:30Z,2026-07-05T14:19:30+0200,4432c355-9488-4e0d-b987-b7dab09a434c,2026-06-06T13:30:00Z,2026-06-06T15:30:00+0200,39070.15,MW,FR,FR,actual_load,Actual Load,2026-07-05T12:20:00Z
2026-07-05T12:19:30Z,2026-07-05T14:19:30+0200,4432c355-9488-4e0d-b987-b7dab09a434c,2026-06-06T13:45:00Z,2026-06-06T15:45:00+0200,38635.19,MW,FR,FR,actual_load,Actual Load,2026-07-05T12:20:00Z
2026-07-05T12:19:30Z,2026-07-05T14:19:30+0200,4432c355-9488-4e0d-b987-b7dab09a434c,2026-06-06T14:00:00Z,2026-06-06T16:00:00+0200,38156.94,MW,FR,FR,actual_load,Actual Load,2026-07-05T12:20:00Z
2026-07-05T12:19:30Z,2026-07-05T14:19:30+0200,4432c355-9488-4e0d-b987-b7dab09a434c,2026-06-06T14:15:00Z,2026-06-06T16:15:00+0200,37921.62,MW,FR,FR,actual_load,Actual Load,2026-07-05T12:20:00Z
2026-07-05T12:19:30Z,2026-07-05T14:19:30+0200,4432c355-9488-4e0d-b987-b7dab09a434c,2026-06-06T14:30:00Z,2026-06-06T16:30:00+0200,37777.24,MW,FR,FR,actual_load,Actual Load,2026-07-05T12:20:00Z
2026-07-05T12:19:30Z,2026-07-05T14:19:30+0200,4432c355-9488-4e0d-b987-b7dab09a434c,2026-06-06T14:45:00Z,2026-06-06T16:45:00+0200,37467.75,MW,FR,FR,actual_load,Actual Load,2026-07-05T12:20:00Z
2026-07-05T12:19:30Z,2026-07-05T14:19:30+0200,4432c355-9488-4e0d-b987-b7dab09a434c,2026-06-06T15:00:00Z,2026-06-06T17:00:00+0200,37645.71,MW,FR,FR,actual_load,Actual Load,2026-07-05T12:20:00Z
2026-07-05T12:19:30Z,2026-07-05T14:19:30+0200,4432c355-9488-4e0d-b987-b7dab09a434c,2026-06-06T15:15:00Z,2026-06-06T17:15:00+0200,37760.24,MW,FR,FR,actual_load,Actual Load,2026-07-05T12:20:00Z
2026-07-05T12:19:30Z,2026-07-05T14:19:30+0200,4432c355-9488-4e0d-b987-b7dab09a434c,2026-06-06T15:30:00Z,2026-06-06T17:30:00+0200,38010.14,MW,FR,FR,actual_load,Actual Load,2026-07-05T12:20:00Z
2026-07-05T12:19:30Z,2026-07-05T14:19:30+0200,4432c355-9488-4e0d-b987-b7dab09a434c,2026-06-06T15:45:00Z,2026-06-06T17:45:00+0200,38639.07,MW,FR,FR,actual_load,Actual Load,2026-07-05T12:20:00Z
2026-07-05T12:19:30Z,2026-07-05T14:19:30+0200,4432c355-9488-4e0d-b987-b7dab09a434c,2026-06-06T16:00:00Z,2026-06-06T18:00:00+0200,39136.87,MW,FR,FR,actual_load,Actual Load,2026-07-05T12:20:00Z
2026-07-05T12:19:30Z,2026-07-05T14:19:30+0200,4432c355-9488-4e0d-b987-b7dab09a434c,2026-06-06T16:15:00Z,2026-06-06T18:15:00+0200,39634.7,MW,FR,FR,actual_load,Actual Load,2026-07-05T12:20:00Z
2026-07-05T12:19:30Z,2026-07-05T14:19:30+0200,4432c355-9488-4e0d-b987-b7dab09a434c,2026-06-06T16:30:00Z,2026-06-06T18:30:00+0200,40070.43,MW,FR,FR,actual_load,Actual Load,2026-07-05T12:20:00Z
2026-07-05T12:19:30Z,2026-07-05T14:19:30+0200,4432c355-9488-4e0d-b987-b7dab09a434c,2026-06-06T16:45:00Z,2026-06-06T18:45:00+0200,40358.33,MW,FR,FR,actual_load,Actual Load,2026-07-05T12:20:00Z
2026-07-05T12:19:30Z,2026-07-05T14:19:30+0200,4432c355-9488-4e0d-b987-b7dab09a434c,2026-06-06T17:00:00Z,2026-06-06T19:00:00+0200,40503.99,MW,FR,FR,actual_load,Actual Load,2026-07-05T12:20:00Z
2026-07-05T12:19:30Z,2026-07-05T14:19:30+0200,4432c355-9488-4e0d-b987-b7dab09a434c,2026-06-06T17:15:00Z,2026-06-06T19:15:00+0200,40803.77,MW,FR,FR,actual_load,Actual Load,2026-07-05T12:20:00Z
2026-07-05T12:19:30Z,2026-07-05T14:19:30+0200,4432c355-9488-4e0d-b987-b7dab09a434c,2026-06-06T17:30:00Z,2026-06-06T19:30:00+0200,40933.0,MW,FR,FR,actual_load,Actual Load,2026-07-05T12:20:00Z
2026-07-05T12:19:30Z,2026-07-05T14:19:30+0200,4432c355-9488-4e0d-b987-b7dab09a434c,2026-06-06T17:45:00Z,2026-06-06T19:45:00+0200,40501.53,MW,FR,FR,actual_load,Actual Load,2026-07-05T12:20:00Z
2026-07-05T12:19:30Z,2026-07-05T14:19:30+0200,4432c355-9488-4e0d-b987-b7dab09a434c,2026-06-06T18:00:00Z,2026-06-06T20:00:00+0200,40381.35,MW,FR,FR,actual_load,Actual Load,2026-07-05T12:20:00Z
2026-07-05T12:19:30Z,2026-07-05T14:19:30+0200,4432c355-9488-4e0d-b987-b7dab09a434c,2026-06-06T18:15:00Z,2026-06-06T20:15:00+0200,40050.22,MW,FR,FR,actual_load,Actual Load,2026-07-05T12:20:00Z
2026-07-05T12:19:30Z,2026-07-05T14:19:30+0200,4432c355-9488-4e0d-b987-b7dab09a434c,2026-06-06T18:30:00Z,2026-06-06T20:30:00+0200,39498.66,MW,FR,FR,actual_load,Actual Load,2026-07-05T12:20:00Z
2026-07-05T12:19:30Z,2026-07-05T14:19:30+0200,4432c355-9488-4e0d-b987-b7dab09a434c,2026-06-06T18:45:00Z,2026-06-06T20:45:00+0200,39042.66,MW,FR,FR,actual_load,Actual Load,2026-07-05T12:20:00Z
2026-07-05T12:19:30Z,2026-07-05T14:19:30+0200,4432c355-9488-4e0d-b987-b7dab09a434c,2026-06-06T19:00:00Z,2026-06-06T21:00:00+0200,39167.57,MW,FR,FR,actual_load,Actual Load,2026-07-05T12:20:00Z
2026-07-05T12:19:30Z,2026-07-05T14:19:30+0200,4432c355-9488-4e0d-b987-b7dab09a434c,2026-06-06T19:15:00Z,2026-06-06T21:15:00+0200,39050.55,MW,FR,FR,actual_load,Actual Load,2026-07-05T12:20:00Z
2026-07-05T12:19:30Z,2026-07-05T14:19:30+0200,4432c355-9488-4e0d-b987-b7dab09a434c,2026-06-06T19:30:00Z,2026-06-06T21:30:00+0200,38928.16,MW,FR,FR,actual_load,Actual Load,2026-07-05T12:20:00Z
2026-07-05T12:19:30Z,2026-07-05T14:19:30+0200,4432c355-9488-4e0d-b987-b7dab09a434c,2026-06-06T19:45:00Z,2026-06-06T21:45:00+0200,38873.45,MW,FR,FR,actual_load,Actual Load,2026-07-05T12:20:00Z
2026-07-05T12:19:30Z,2026-07-05T14:19:30+0200,4432c355-9488-4e0d-b987-b7dab09a434c,2026-06-06T20:00:00Z,2026-06-06T22:00:00+0200,40120.62,MW,FR,FR,actual_load,Actual Load,2026-07-05T12:20:00Z
2026-07-05T12:19:30Z,2026-07-05T14:19:30+0200,4432c355-9488-4e0d-b987-b7dab09a434c,2026-06-06T20:15:00Z,2026-06-06T22:15:00+0200,40294.62,MW,FR,FR,actual_load,Actual Load,2026-07-05T12:20:00Z
2026-07-05T12:19:30Z,2026-07-05T14:19:30+0200,4432c355-9488-4e0d-b987-b7dab09a434c,2026-06-06T20:30:00Z,2026-06-06T22:30:00+0200,41480.84,MW,FR,FR,actual_load,Actual Load,2026-07-05T12:20:00Z
2026-07-05T12:19:30Z,2026-07-05T14:19:30+0200,4432c355-9488-4e0d-b987-b7dab09a434c,2026-06-06T20:45:00Z,2026-06-06T22:45:00+0200,41291.78,MW,FR,FR,actual_load,Actual Load,2026-07-05T12:20:00Z
2026-07-05T12:19:30Z,2026-07-05T14:19:30+0200,4432c355-9488-4e0d-b987-b7dab09a434c,2026-06-06T21:00:00Z,2026-06-06T23:00:00+0200,41325.75,MW,FR,FR,actual_load,Actual Load,2026-07-05T12:20:00Z
2026-07-05T12:19:30Z,2026-07-05T14:19:30+0200,4432c355-9488-4e0d-b987-b7dab09a434c,2026-06-06T21:15:00Z,2026-06-06T23:15:00+0200,40877.39,MW,FR,FR,actual_load,Actual Load,2026-07-05T12:20:00Z
2026-07-05T12:19:30Z,2026-07-05T14:19:30+0200,4432c355-9488-4e0d-b987-b7dab09a434c,2026-06-06T21:30:00Z,2026-06-06T23:30:00+0200,41234.47,MW,FR,FR,actual_load,Actual Load,2026-07-05T12:20:00Z
2026-07-05T12:19:30Z,2026-07-05T14:19:30+0200,4432c355-9488-4e0d-b987-b7dab09a434c,2026-06-06T21:45:00Z,2026-06-06T23:45:00+0200,40627.96,MW,FR,FR,actual_load,Actual Load,2026-07-05T12:20:00Z
2026-07-05T12:19:30Z,2026-07-05T14:19:30+0200,4432c355-9488-4e0d-b987-b7dab09a434c,2026-06-06T22:00:00Z,2026-06-07T00:00:00+0200,40440.64,MW,FR,FR,actual_load,Actual Load,2026-07-05T12:20:00Z
2026-07-05T12:19:30Z,2026-07-05T14:19:30+0200,4432c355-9488-4e0d-b987-b7dab09a434c,2026-06-06T22:15:00Z,2026-06-07T00:15:00+0200,39604.68,MW,FR,FR,actual_load,Actual Load,2026-07-05T12:20:00Z
2026-07-05T12:19:30Z,2026-07-05T14:19:30+0200,4432c355-9488-4e0d-b987-b7dab09a434c,2026-06-06T22:30:00Z,2026-06-07T00:30:00+0200,38607.74,MW,FR,FR,actual_load,Actual Load,2026-07-05T12:20:00Z
2026-07-05T12:19:30Z,2026-07-05T14:19:30+0200,4432c355-9488-4e0d-b987-b7dab09a434c,2026-06-06T22:45:00Z,2026-06-07T00:45:00+0200,37790.52,MW,FR,FR,actual_load,Actual Load,2026-07-05T12:20:00Z
2026-07-05T12:19:30Z,2026-07-05T14:19:30+0200,4432c355-9488-4e0d-b987-b7dab09a434c,2026-06-06T23:00:00Z,2026-06-07T01:00:00+0200,37870.71,MW,FR,FR,actual_load,Actual Load,2026-07-05T12:20:00Z
2026-07-05T12:19:30Z,2026-07-05T14:19:30+0200,4432c355-9488-4e0d-b987-b7dab09a434c,2026-06-06T23:15:00Z,2026-06-07T01:15:00+0200,37184.89,MW,FR,FR,actual_load,Actual Load,2026-07-05T12:20:00Z
2026-07-05T12:19:30Z,2026-07-05T14:19:30+0200,4432c355-9488-4e0d-b987-b7dab09a434c,2026-06-06T23:30:00Z,2026-06-07T01:30:00+0200,36882.57,MW,FR,FR,actual_load,Actual Load,2026-07-05T12:20:00Z
2026-07-05T12:19:30Z,2026-07-05T14:19:30+0200,4432c355-9488-4e0d-b987-b7dab09a434c,2026-06-06T23:45:00Z,2026-06-07T01:45:00+0200,35911.96,MW,FR,FR,actual_load,Actual Load,2026-07-05T12:20:00Z
2026-07-05T12:19:30Z,2026-07-05T14:19:30+0200,4432c355-9488-4e0d-b987-b7dab09a434c,2026-06-07T00:00:00Z,2026-06-07T02:00:00+0200,35457.03,MW,FR,FR,actual_load,Actual Load,2026-07-05T12:20:00Z
2026-07-05T12:19:30Z,2026-07-05T14:19:30+0200,4432c355-9488-4e0d-b987-b7dab09a434c,2026-06-07T00:15:00Z,2026-06-07T02:15:00+0200,34681.11,MW,FR,FR,actual_load,Actual Load,2026-07-05T12:20:00Z
2026-07-05T12:19:30Z,2026-07-05T14:19:30+0200,4432c355-9488-4e0d-b987-b7dab09a434c,2026-06-07T00:30:00Z,2026-06-07T02:30:00+0200,34163.36,MW,FR,FR,actual_load,Actual Load,2026-07-05T12:20:00Z
2026-07-05T12:19:30Z,2026-07-05T14:19:30+0200,4432c355-9488-4e0d-b987-b7dab09a434c,2026-06-07T00:45:00Z,2026-06-07T02:45:00+0200,33461.83,MW,FR,FR,actual_load,Actual Load,2026-07-05T12:20:00Z
2026-07-05T12:19:30Z,2026-07-05T14:19:30+0200,4432c355-9488-4e0d-b987-b7dab09a434c,2026-06-07T01:00:00Z,2026-06-07T03:00:00+0200,33039.54,MW,FR,FR,actual_load,Actual Load,2026-07-05T12:20:00Z
2026-07-05T12:19:30Z,2026-07-05T14:19:30+0200,4432c355-9488-4e0d-b987-b7dab09a434c,2026-06-07T01:15:00Z,2026-06-07T03:15:00+0200,32513.32,MW,FR,FR,actual_load,Actual Load,2026-07-05T12:20:00Z
2026-07-05T12:19:30Z,2026-07-05T14:19:30+0200,4432c355-9488-4e0d-b987-b7dab09a434c,2026-06-07T01:30:00Z,2026-06-07T03:30:00+0200,32382.39,MW,FR,FR,actual_load,Actual Load,2026-07-05T12:20:00Z
2026-07-05T12:19:30Z,2026-07-05T14:19:30+0200,4432c355-9488-4e0d-b987-b7dab09a434c,2026-06-07T01:45:00Z,2026-06-07T03:45:00+0200,32045.73,MW,FR,FR,actual_load,Actual Load,2026-07-05T12:20:00Z
2026-07-05T12:19:30Z,2026-07-05T14:19:30+0200,4432c355-9488-4e0d-b987-b7dab09a434c,2026-06-07T02:00:00Z,2026-06-07T04:00:00+0200,31923.69,MW,FR,FR,actual_load,Actual Load,2026-07-05T12:20:00Z
2026-07-05T12:19:30Z,2026-07-05T14:19:30+0200,4432c355-9488-4e0d-b987-b7dab09a434c,2026-06-07T02:15:00Z,2026-06-07T04:15:00+0200,31532.09,MW,FR,FR,actual_load,Actual Load,2026-07-05T12:20:00Z
2026-07-05T12:19:30Z,2026-07-05T14:19:30+0200,4432c355-9488-4e0d-b987-b7dab09a434c,2026-06-07T02:30:00Z,2026-06-07T04:30:00+0200,31116.2,MW,FR,FR,actual_load,Actual Load,2026-07-05T12:20:00Z
2026-07-05T12:19:30Z,2026-07-05T14:19:30+0200,4432c355-9488-4e0d-b987-b7dab09a434c,2026-06-07T02:45:00Z,2026-06-07T04:45:00+0200,31035.29,MW,FR,FR,actual_load,Actual Load,2026-07-05T12:20:00Z
2026-07-05T12:19:30Z,2026-07-05T14:19:30+0200,4432c355-9488-4e0d-b987-b7dab09a434c,2026-06-07T03:00:00Z,2026-06-07T05:00:00+0200,31064.37,MW,FR,FR,actual_load,Actual Load,2026-07-05T12:20:00Z
2026-07-05T12:19:30Z,2026-07-05T14:19:30+0200,4432c355-9488-4e0d-b987-b7dab09a434c,2026-06-07T03:15:00Z,2026-06-07T05:15:00+0200,30818.77,MW,FR,FR,actual_load,Actual Load,2026-07-05T12:20:00Z
2026-07-05T12:19:30Z,2026-07-05T14:19:30+0200,4432c355-9488-4e0d-b987-b7dab09a434c,2026-06-07T03:30:00Z,2026-06-07T05:30:00+0200,30741.69,MW,FR,FR,actual_load,Actual Load,2026-07-05T12:20:00Z
2026-07-05T12:19:30Z,2026-07-05T14:19:30+0200,4432c355-9488-4e0d-b987-b7dab09a434c,2026-06-07T03:45:00Z,2026-06-07T05:45:00+0200,30683.23,MW,FR,FR,actual_load,Actual Load,2026-07-05T12:20:00Z
2026-07-05T12:19:30Z,2026-07-05T14:19:30+0200,4432c355-9488-4e0d-b987-b7dab09a434c,2026-06-07T04:00:00Z,2026-06-07T06:00:00+0200,30741.41,MW,FR,FR,actual_load,Actual Load,2026-07-05T12:20:00Z
2026-07-05T12:19:30Z,2026-07-05T14:19:30+0200,4432c355-9488-4e0d-b987-b7dab09a434c,2026-06-07T04:15:00Z,2026-06-07T06:15:00+0200,30721.03,MW,FR,FR,actual_load,Actual Load,2026-07-05T12:20:00Z
2026-07-05T12:19:30Z,2026-07-05T14:19:30+0200,4432c355-9488-4e0d-b987-b7dab09a434c,2026-06-07T04:30:00Z,2026-06-07T06:30:00+0200,30704.25,MW,FR,FR,actual_load,Actual Load,2026-07-05T12:20:00Z
2026-07-05T12:19:30Z,2026-07-05T14:19:30+0200,4432c355-9488-4e0d-b987-b7dab09a434c,2026-06-07T04:45:00Z,2026-06-07T06:45:00+0200,30727.0,MW,FR,FR,actual_load,Actual Load,2026-07-05T12:20:00Z
2026-07-05T12:19:30Z,2026-07-05T14:19:30+0200,4432c355-9488-4e0d-b987-b7dab09a434c,2026-06-07T05:00:00Z,2026-06-07T07:00:00+0200,30859.15,MW,FR,FR,actual_load,Actual Load,2026-07-05T12:20:00Z
2026-07-05T12:19:30Z,2026-07-05T14:19:30+0200,4432c355-9488-4e0d-b987-b7dab09a434c,2026-06-07T05:15:00Z,2026-06-07T07:15:00+0200,31005.2,MW,FR,FR,actual_load,Actual Load,2026-07-05T12:20:00Z
2026-07-05T12:19:30Z,2026-07-05T14:19:30+0200,4432c355-9488-4e0d-b987-b7dab09a434c,2026-06-07T05:30:00Z,2026-06-07T07:30:00+0200,31344.5,MW,FR,FR,actual_load,Actual Load,2026-07-05T12:20:00Z
2026-07-05T12:19:30Z,2026-07-05T14:19:30+0200,4432c355-9488-4e0d-b987-b7dab09a434c,2026-06-07T05:45:00Z,2026-06-07T07:45:00+0200,31718.0,MW,FR,FR,actual_load,Actual Load,2026-07-05T12:20:00Z
2026-07-05T12:19:30Z,2026-07-05T14:19:30+0200,4432c355-9488-4e0d-b987-b7dab09a434c,2026-06-07T06:00:00Z,2026-06-07T08:00:00+0200,32123.19,MW,FR,FR,actual_load,Actual Load,2026-07-05T12:20:00Z
2026-07-05T12:19:30Z,2026-07-05T14:19:30+0200,4432c355-9488-4e0d-b987-b7dab09a434c,2026-06-07T06:15:00Z,2026-06-07T08:15:00+0200,32725.69,MW,FR,FR,actual_load,Actual Load,2026-07-05T12:20:00Z
2026-07-05T12:19:30Z,2026-07-05T14:19:30+0200,4432c355-9488-4e0d-b987-b7dab09a434c,2026-06-07T06:30:00Z,2026-06-07T08:30:00+0200,33207.06,MW,FR,FR,actual_load,Actual Load,2026-07-05T12:20:00Z
2026-07-05T12:19:30Z,2026-07-05T14:19:30+0200,4432c355-9488-4e0d-b987-b7dab09a434c,2026-06-07T06:45:00Z,2026-06-07T08:45:00+0200,33332.17,MW,FR,FR,actual_load,Actual Load,2026-07-05T12:20:00Z
2026-07-05T12:19:30Z,2026-07-05T14:19:30+0200,4432c355-9488-4e0d-b987-b7dab09a434c,2026-06-07T07:00:00Z,2026-06-07T09:00:00+0200,33842.56,MW,FR,FR,actual_load,Actual Load,2026-07-05T12:20:00Z
2026-07-05T12:19:30Z,2026-07-05T14:19:30+0200,4432c355-9488-4e0d-b987-b7dab09a434c,2026-06-07T07:15:00Z,2026-06-07T09:15:00+0200,34321.35,MW,FR,FR,actual_load,Actual Load,2026-07-05T12:20:00Z
2026-07-05T12:19:30Z,2026-07-05T14:19:30+0200,4432c355-9488-4e0d-b987-b7dab09a434c,2026-06-07T07:30:00Z,2026-06-07T09:30:00+0200,34670.02,MW,FR,FR,actual_load,Actual Load,2026-07-05T12:20:00Z
2026-07-05T12:19:30Z,2026-07-05T14:19:30+0200,4432c355-9488-4e0d-b987-b7dab09a434c,2026-06-07T07:45:00Z,2026-06-07T09:45:00+0200,34977.26,MW,FR,FR,actual_load,Actual Load,2026-07-05T12:20:00Z
2026-07-05T12:19:30Z,2026-07-05T14:19:30+0200,4432c355-9488-4e0d-b987-b7dab09a434c,2026-06-07T08:00:00Z,2026-06-07T10:00:00+0200,35599.04,MW,FR,FR,actual_load,Actual Load,2026-07-05T12:20:00Z
2026-07-05T12:19:30Z,2026-07-05T14:19:30+0200,4432c355-9488-4e0d-b987-b7dab09a434c,2026-06-07T08:15:00Z,2026-06-07T10:15:00+0200,35724.9,MW,FR,FR,actual_load,Actual Load,2026-07-05T12:20:00Z
2026-07-05T12:19:30Z,2026-07-05T14:19:30+0200,4432c355-9488-4e0d-b987-b7dab09a434c,2026-06-07T08:30:00Z,2026-06-07T10:30:00+0200,35972.91,MW,FR,FR,actual_load,Actual Load,2026-07-05T12:20:00Z
2026-07-05T12:19:30Z,2026-07-05T14:19:30+0200,4432c355-9488-4e0d-b987-b7dab09a434c,2026-06-07T08:45:00Z,2026-06-07T10:45:00+0200,36303.81,MW,FR,FR,actual_load,Actual Load,2026-07-05T12:20:00Z
2026-07-05T12:19:30Z,2026-07-05T14:19:30+0200,4432c355-9488-4e0d-b987-b7dab09a434c,2026-06-07T09:00:00Z,2026-06-07T11:00:00+0200,36720.03,MW,FR,FR,actual_load,Actual Load,2026-07-05T12:20:00Z
2026-07-05T12:19:30Z,2026-07-05T14:19:30+0200,4432c355-9488-4e0d-b987-b7dab09a434c,2026-06-07T09:15:00Z,2026-06-07T11:15:00+0200,36902.37,MW,FR,FR,actual_load,Actual Load,2026-07-05T12:20:00Z
2026-07-05T12:19:30Z,2026-07-05T14:19:30+0200,4432c355-9488-4e0d-b987-b7dab09a434c,2026-06-07T09:30:00Z,2026-06-07T11:30:00+0200,37202.23,MW,FR,FR,actual_load,Actual Load,2026-07-05T12:20:00Z
2026-07-05T12:19:30Z,2026-07-05T14:19:30+0200,4432c355-9488-4e0d-b987-b7dab09a434c,2026-06-07T09:45:00Z,2026-06-07T11:45:00+0200,37538.38,MW,FR,FR,actual_load,Actual Load,2026-07-05T12:20:00Z
2026-07-05T12:19:30Z,2026-07-05T14:19:30+0200,4432c355-9488-4e0d-b987-b7dab09a434c,2026-06-07T10:00:00Z,2026-06-07T12:00:00+0200,38266.34,MW,FR,FR,actual_load,Actual Load,2026-07-05T12:20:00Z
2026-07-05T12:19:30Z,2026-07-05T14:19:30+0200,4432c355-9488-4e0d-b987-b7dab09a434c,2026-06-07T10:15:00Z,2026-06-07T12:15:00+0200,38378.58,MW,FR,FR,actual_load,Actual Load,2026-07-05T12:20:00Z
2026-07-05T12:19:30Z,2026-07-05T14:19:30+0200,4432c355-9488-4e0d-b987-b7dab09a434c,2026-06-07T10:30:00Z,2026-06-07T12:30:00+0200,38957.85,MW,FR,FR,actual_load,Actual Load,2026-07-05T12:20:00Z
2026-07-05T12:19:30Z,2026-07-05T14:19:30+0200,4432c355-9488-4e0d-b987-b7dab09a434c,2026-06-07T10:45:00Z,2026-06-07T12:45:00+0200,38687.43,MW,FR,FR,actual_load,Actual Load,2026-07-05T12:20:00Z
2026-07-05T12:19:30Z,2026-07-05T14:19:30+0200,4432c355-9488-4e0d-b987-b7dab09a434c,2026-06-07T11:00:00Z,2026-06-07T13:00:00+0200,38213.46,MW,FR,FR,actual_load,Actual Load,2026-07-05T12:20:00Z
2026-07-05T12:19:30Z,2026-07-05T14:19:30+0200,4432c355-9488-4e0d-b987-b7dab09a434c,2026-06-07T11:15:00Z,2026-06-07T13:15:00+0200,37490.23,MW,FR,FR,actual_load,Actual Load,2026-07-05T12:20:00Z
2026-07-05T12:19:30Z,2026-07-05T14:19:30+0200,4432c355-9488-4e0d-b987-b7dab09a434c,2026-06-07T11:30:00Z,2026-06-07T13:30:00+0200,36682.19,MW,FR,FR,actual_load,Actual Load,2026-07-05T12:20:00Z
2026-07-05T12:19:30Z,2026-07-05T14:19:30+0200,4432c355-9488-4e0d-b987-b7dab09a434c,2026-06-07T11:45:00Z,2026-06-07T13:45:00+0200,36234.61,MW,FR,FR,actual_load,Actual Load,2026-07-05T12:20:00Z
2026-07-05T12:19:30Z,2026-07-05T14:19:30+0200,4432c355-9488-4e0d-b987-b7dab09a434c,2026-06-07T12:00:00Z,2026-06-07T14:00:00+0200,37045.96,MW,FR,FR,actual_load,Actual Load,2026-07-05T12:20:00Z
2026-07-05T12:19:30Z,2026-07-05T14:19:30+0200,4432c355-9488-4e0d-b987-b7dab09a434c,2026-06-07T12:15:00Z,2026-06-07T14:15:00+0200,36673.13,MW,FR,FR,actual_load,Actual Load,2026-07-05T12:20:00Z
2026-07-05T12:19:30Z,2026-07-05T14:19:30+0200,4432c355-9488-4e0d-b987-b7dab09a434c,2026-06-07T12:30:00Z,2026-06-07T14:30:00+0200,36866.77,MW,FR,FR,actual_load,Actual Load,2026-07-05T12:20:00Z
2026-07-05T12:19:30Z,2026-07-05T14:19:30+0200,4432c355-9488-4e0d-b987-b7dab09a434c,2026-06-07T12:45:00Z,2026-06-07T14:45:00+0200,36632.85,MW,FR,FR,actual_load,Actual Load,2026-07-05T12:20:00Z
2026-07-05T12:19:30Z,2026-07-05T14:19:30+0200,4432c355-9488-4e0d-b987-b7dab09a434c,2026-06-07T13:00:00Z,2026-06-07T15:00:00+0200,36842.59,MW,FR,FR,actual_load,Actual Load,2026-07-05T12:20:00Z
2026-07-05T12:19:30Z,2026-07-05T14:19:30+0200,4432c355-9488-4e0d-b987-b7dab09a434c,2026-06-07T13:15:00Z,2026-06-07T15:15:00+0200,36247.41,MW,FR,FR,actual_load,Actual Load,2026-07-05T12:20:00Z
2026-07-05T12:19:30Z,2026-07-05T14:19:30+0200,4432c355-9488-4e0d-b987-b7dab09a434c,2026-06-07T13:30:00Z,2026-06-07T15:30:00+0200,35845.7,MW,FR,FR,actual_load,Actual Load,2026-07-05T12:20:00Z
2026-07-05T12:19:30Z,2026-07-05T14:19:30+0200,4432c355-9488-4e0d-b987-b7dab09a434c,2026-06-07T13:45:00Z,2026-06-07T15:45:00+0200,35538.69,MW,FR,FR,actual_load,Actual Load,2026-07-05T12:20:00Z
2026-07-05T12:19:30Z,2026-07-05T14:19:30+0200,4432c355-9488-4e0d-b987-b7dab09a434c,2026-06-07T14:00:00Z,2026-06-07T16:00:00+0200,34961.14,MW,FR,FR,actual_load,Actual Load,2026-07-05T12:20:00Z
2026-07-05T12:19:30Z,2026-07-05T14:19:30+0200,4432c355-9488-4e0d-b987-b7dab09a434c,2026-06-07T14:15:00Z,2026-06-07T16:15:00+0200,34743.11,MW,FR,FR,actual_load,Actual Load,2026-07-05T12:20:00Z
2026-07-05T12:19:30Z,2026-07-05T14:19:30+0200,4432c355-9488-4e0d-b987-b7dab09a434c,2026-06-07T14:30:00Z,2026-06-07T16:30:00+0200,35084.77,MW,FR,FR,actual_load,Actual Load,2026-07-05T12:20:00Z
2026-07-05T12:19:30Z,2026-07-05T14:19:30+0200,4432c355-9488-4e0d-b987-b7dab09a434c,2026-06-07T14:45:00Z,2026-06-07T16:45:00+0200,35053.38,MW,FR,FR,actual_load,Actual Load,2026-07-05T12:20:00Z
2026-07-05T12:19:30Z,2026-07-05T14:19:30+0200,4432c355-9488-4e0d-b987-b7dab09a434c,2026-06-07T15:00:00Z,2026-06-07T17:00:00+0200,35317.82,MW,FR,FR,actual_load,Actual Load,2026-07-05T12:20:00Z
2026-07-05T12:19:30Z,2026-07-05T14:19:30+0200,4432c355-9488-4e0d-b987-b7dab09a434c,2026-06-07T15:15:00Z,2026-06-07T17:15:00+0200,35588.71,MW,FR,FR,actual_load,Actual Load,2026-07-05T12:20:00Z
2026-07-05T12:19:30Z,2026-07-05T14:19:30+0200,4432c355-9488-4e0d-b987-b7dab09a434c,2026-06-07T15:30:00Z,2026-06-07T17:30:00+0200,36148.32,MW,FR,FR,actual_load,Actual Load,2026-07-05T12:20:00Z
2026-07-05T12:19:30Z,2026-07-05T14:19:30+0200,4432c355-9488-4e0d-b987-b7dab09a434c,2026-06-07T15:45:00Z,2026-06-07T17:45:00+0200,37334.81,MW,FR,FR,actual_load,Actual Load,2026-07-05T12:20:00Z
2026-07-05T12:19:30Z,2026-07-05T14:19:30+0200,4432c355-9488-4e0d-b987-b7dab09a434c,2026-06-07T16:00:00Z,2026-06-07T18:00:00+0200,38237.01,MW,FR,FR,actual_load,Actual Load,2026-07-05T12:20:00Z
2026-07-05T12:19:30Z,2026-07-05T14:19:30+0200,4432c355-9488-4e0d-b987-b7dab09a434c,2026-06-07T16:15:00Z,2026-06-07T18:15:00+0200,38968.87,MW,FR,FR,actual_load,Actual Load,2026-07-05T12:20:00Z
2026-07-05T12:19:30Z,2026-07-05T14:19:30+0200,4432c355-9488-4e0d-b987-b7dab09a434c,2026-06-07T16:30:00Z,2026-06-07T18:30:00+0200,39703.29,MW,FR,FR,actual_load,Actual Load,2026-07-05T12:20:00Z
2026-07-05T12:19:30Z,2026-07-05T14:19:30+0200,4432c355-9488-4e0d-b987-b7dab09a434c,2026-06-07T16:45:00Z,2026-06-07T18:45:00+0200,40731.2,MW,FR,FR,actual_load,Actual Load,2026-07-05T12:20:00Z
2026-07-05T12:19:30Z,2026-07-05T14:19:30+0200,4432c355-9488-4e0d-b987-b7dab09a434c,2026-06-07T17:00:00Z,2026-06-07T19:00:00+0200,41365.69,MW,FR,FR,actual_load,Actual Load,2026-07-05T12:20:00Z
2026-07-05T12:19:30Z,2026-07-05T14:19:30+0200,4432c355-9488-4e0d-b987-b7dab09a434c,2026-06-07T17:15:00Z,2026-06-07T19:15:00+0200,41679.53,MW,FR,FR,actual_load,Actual Load,2026-07-05T12:20:00Z
2026-07-05T12:19:30Z,2026-07-05T14:19:30+0200,4432c355-9488-4e0d-b987-b7dab09a434c,2026-06-07T17:30:00Z,2026-06-07T19:30:00+0200,41827.2,MW,FR,FR,actual_load,Actual Load,2026-07-05T12:20:00Z
2026-07-05T12:19:30Z,2026-07-05T14:19:30+0200,4432c355-9488-4e0d-b987-b7dab09a434c,2026-06-07T17:45:00Z,2026-06-07T19:45:00+0200,41844.2,MW,FR,FR,actual_load,Actual Load,2026-07-05T12:20:00Z
2026-07-05T12:19:30Z,2026-07-05T14:19:30+0200,4432c355-9488-4e0d-b987-b7dab09a434c,2026-06-07T18:00:00Z,2026-06-07T20:00:00+0200,41526.4,MW,FR,FR,actual_load,Actual Load,2026-07-05T12:20:00Z
2026-07-05T12:19:30Z,2026-07-05T14:19:30+0200,4432c355-9488-4e0d-b987-b7dab09a434c,2026-06-07T18:15:00Z,2026-06-07T20:15:00+0200,41134.75,MW,FR,FR,actual_load,Actual Load,2026-07-05T12:20:00Z
2026-07-05T12:19:30Z,2026-07-05T14:19:30+0200,4432c355-9488-4e0d-b987-b7dab09a434c,2026-06-07T18:30:00Z,2026-06-07T20:30:00+0200,40880.75,MW,FR,FR,actual_load,Actual Load,2026-07-05T12:20:00Z
2026-07-05T12:19:30Z,2026-07-05T14:19:30+0200,4432c355-9488-4e0d-b987-b7dab09a434c,2026-06-07T18:45:00Z,2026-06-07T20:45:00+0200,40598.67,MW,FR,FR,actual_load,Actual Load,2026-07-05T12:20:00Z
2026-07-05T12:19:30Z,2026-07-05T14:19:30+0200,4432c355-9488-4e0d-b987-b7dab09a434c,2026-06-07T19:00:00Z,2026-06-07T21:00:00+0200,40563.61,MW,FR,FR,actual_load,Actual Load,2026-07-05T12:20:00Z
2026-07-05T12:19:30Z,2026-07-05T14:19:30+0200,4432c355-9488-4e0d-b987-b7dab09a434c,2026-06-07T19:15:00Z,2026-06-07T21:15:00+0200,40460.3,MW,FR,FR,actual_load,Actual Load,2026-07-05T12:20:00Z
2026-07-05T12:19:30Z,2026-07-05T14:19:30+0200,4432c355-9488-4e0d-b987-b7dab09a434c,2026-06-07T19:30:00Z,2026-06-07T21:30:00+0200,40347.2,MW,FR,FR,actual_load,Actual Load,2026-07-05T12:20:00Z
2026-07-05T12:19:30Z,2026-07-05T14:19:30+0200,4432c355-9488-4e0d-b987-b7dab09a434c,2026-06-07T19:45:00Z,2026-06-07T21:45:00+0200,40299.09,MW,FR,FR,actual_load,Actual Load,2026-07-05T12:20:00Z
2026-07-05T12:19:30Z,2026-07-05T14:19:30+0200,4432c355-9488-4e0d-b987-b7dab09a434c,2026-06-07T20:00:00Z,2026-06-07T22:00:00+0200,41715.39,MW,FR,FR,actual_load,Actual Load,2026-07-05T12:20:00Z
2026-07-05T12:19:30Z,2026-07-05T14:19:30+0200,4432c355-9488-4e0d-b987-b7dab09a434c,2026-06-07T20:15:00Z,2026-06-07T22:15:00+0200,41631.84,MW,FR,FR,actual_load,Actual Load,2026-07-05T12:20:00Z
2026-07-05T12:19:30Z,2026-07-05T14:19:30+0200,4432c355-9488-4e0d-b987-b7dab09a434c,2026-06-07T20:30:00Z,2026-06-07T22:30:00+0200,42587.86,MW,FR,FR,actual_load,Actual Load,2026-07-05T12:20:00Z
2026-07-05T12:19:30Z,2026-07-05T14:19:30+0200,4432c355-9488-4e0d-b987-b7dab09a434c,2026-06-07T20:45:00Z,2026-06-07T22:45:00+0200,42280.71,MW,FR,FR,actual_load,Actual Load,2026-07-05T12:20:00Z
2026-07-05T12:19:30Z,2026-07-05T14:19:30+0200,4432c355-9488-4e0d-b987-b7dab09a434c,2026-06-07T21:00:00Z,2026-06-07T23:00:00+0200,42302.84,MW,FR,FR,actual_load,Actual Load,2026-07-05T12:20:00Z
2026-07-05T12:19:30Z,2026-07-05T14:19:30+0200,4432c355-9488-4e0d-b987-b7dab09a434c,2026-06-07T21:15:00Z,2026-06-07T23:15:00+0200,41480.17,MW,FR,FR,actual_load,Actual Load,2026-07-05T12:20:00Z
2026-07-05T12:19:30Z,2026-07-05T14:19:30+0200,4432c355-9488-4e0d-b987-b7dab09a434c,2026-06-07T21:30:00Z,2026-06-07T23:30:00+0200,41776.03,MW,FR,FR,actual_load,Actual Load,2026-07-05T12:20:00Z
2026-07-05T12:19:30Z,2026-07-05T14:19:30+0200,4432c355-9488-4e0d-b987-b7dab09a434c,2026-06-07T21:45:00Z,2026-06-07T23:45:00+0200,40979.6,MW,FR,FR,actual_load,Actual Load,2026-07-05T12:20:00Z
2026-07-05T12:19:30Z,2026-07-05T14:19:30+0200,4432c355-9488-4e0d-b987-b7dab09a434c,2026-06-07T22:00:00Z,2026-06-08T00:00:00+0200,40742.32,MW,FR,FR,actual_load,Actual Load,2026-07-05T12:20:00Z
2026-07-05T12:19:30Z,2026-07-05T14:19:30+0200,4432c355-9488-4e0d-b987-b7dab09a434c,2026-06-07T22:15:00Z,2026-06-08T00:15:00+0200,39817.73,MW,FR,FR,actual_load,Actual Load,2026-07-05T12:20:00Z
2026-07-05T12:19:30Z,2026-07-05T14:19:30+0200,4432c355-9488-4e0d-b987-b7dab09a434c,2026-06-07T22:30:00Z,2026-06-08T00:30:00+0200,38470.45,MW,FR,FR,actual_load,Actual Load,2026-07-05T12:20:00Z
2026-07-05T12:19:30Z,2026-07-05T14:19:30+0200,4432c355-9488-4e0d-b987-b7dab09a434c,2026-06-07T22:45:00Z,2026-06-08T00:45:00+0200,37703.96,MW,FR,FR,actual_load,Actual Load,2026-07-05T12:20:00Z
2026-07-05T12:19:30Z,2026-07-05T14:19:30+0200,4432c355-9488-4e0d-b987-b7dab09a434c,2026-06-07T23:00:00Z,2026-06-08T01:00:00+0200,37959.22,MW,FR,FR,actual_load,Actual Load,2026-07-05T12:20:00Z
2026-07-05T12:19:30Z,2026-07-05T14:19:30+0200,4432c355-9488-4e0d-b987-b7dab09a434c,2026-06-07T23:15:00Z,2026-06-08T01:15:00+0200,37302.2,MW,FR,FR,actual_load,Actual Load,2026-07-05T12:20:00Z
2026-07-05T12:19:30Z,2026-07-05T14:19:30+0200,4432c355-9488-4e0d-b987-b7dab09a434c,2026-06-07T23:30:00Z,2026-06-08T01:30:00+0200,37513.3,MW,FR,FR,actual_load,Actual Load,2026-07-05T12:20:00Z
2026-07-05T12:19:30Z,2026-07-05T14:19:30+0200,4432c355-9488-4e0d-b987-b7dab09a434c,2026-06-07T23:45:00Z,2026-06-08T01:45:00+0200,36839.4,MW,FR,FR,actual_load,Actual Load,2026-07-05T12:20:00Z
2026-07-05T12:19:30Z,2026-07-05T14:19:30+0200,4432c355-9488-4e0d-b987-b7dab09a434c,2026-06-08T00:00:00Z,2026-06-08T02:00:00+0200,36435.02,MW,FR,FR,actual_load,Actual Load,2026-07-05T12:20:00Z
2026-07-05T12:19:30Z,2026-07-05T14:19:30+0200,4432c355-9488-4e0d-b987-b7dab09a434c,2026-06-08T00:15:00Z,2026-06-08T02:15:00+0200,35584.91,MW,FR,FR,actual_load,Actual Load,2026-07-05T12:20:00Z
2026-07-05T12:19:30Z,2026-07-05T14:19:30+0200,4432c355-9488-4e0d-b987-b7dab09a434c,2026-06-08T00:30:00Z,2026-06-08T02:30:00+0200,34919.73,MW,FR,FR,actual_load,Actual Load,2026-07-05T12:20:00Z
2026-07-05T12:19:30Z,2026-07-05T14:19:30+0200,4432c355-9488-4e0d-b987-b7dab09a434c,2026-06-08T00:45:00Z,2026-06-08T02:45:00+0200,34203.63,MW,FR,FR,actual_load,Actual Load,2026-07-05T12:20:00Z
2026-07-05T12:19:30Z,2026-07-05T14:19:30+0200,4432c355-9488-4e0d-b987-b7dab09a434c,2026-06-08T01:00:00Z,2026-06-08T03:00:00+0200,33589.16,MW,FR,FR,actual_load,Actual Load,2026-07-05T12:20:00Z
2026-07-05T12:19:30Z,2026-07-05T14:19:30+0200,4432c355-9488-4e0d-b987-b7dab09a434c,2026-06-08T01:15:00Z,2026-06-08T03:15:00+0200,32874.52,MW,FR,FR,actual_load,Actual Load,2026-07-05T12:20:00Z
2026-07-05T12:19:30Z,2026-07-05T14:19:30+0200,4432c355-9488-4e0d-b987-b7dab09a434c,2026-06-08T01:30:00Z,2026-06-08T03:30:00+0200,32589.8,MW,FR,FR,actual_load,Actual Load,2026-07-05T12:20:00Z
2026-07-05T12:19:30Z,2026-07-05T14:19:30+0200,4432c355-9488-4e0d-b987-b7dab09a434c,2026-06-08T01:45:00Z,2026-06-08T03:45:00+0200,32388.05,MW,FR,FR,actual_load,Actual Load,2026-07-05T12:20:00Z
2026-07-05T12:19:30Z,2026-07-05T14:19:30+0200,4432c355-9488-4e0d-b987-b7dab09a434c,2026-06-08T02:00:00Z,2026-06-08T04:00:00+0200,32486.06,MW,FR,FR,actual_load,Actual Load,2026-07-05T12:20:00Z
2026-07-05T12:19:30Z,2026-07-05T14:19:30+0200,4432c355-9488-4e0d-b987-b7dab09a434c,2026-06-08T02:15:00Z,2026-06-08T04:15:00+0200,32444.7,MW,FR,FR,actual_load,Actual Load,2026-07-05T12:20:00Z
2026-07-05T12:19:30Z,2026-07-05T14:19:30+0200,4432c355-9488-4e0d-b987-b7dab09a434c,2026-06-08T02:30:00Z,2026-06-08T04:30:00+0200,32513.83,MW,FR,FR,actual_load,Actual Load,2026-07-05T12:20:00Z
2026-07-05T12:19:30Z,2026-07-05T14:19:30+0200,4432c355-9488-4e0d-b987-b7dab09a434c,2026-06-08T02:45:00Z,2026-06-08T04:45:00+0200,32840.05,MW,FR,FR,actual_load,Actual Load,2026-07-05T12:20:00Z
2026-07-05T12:19:30Z,2026-07-05T14:19:30+0200,4432c355-9488-4e0d-b987-b7dab09a434c,2026-06-08T03:00:00Z,2026-06-08T05:00:00+0200,33666.89,MW,FR,FR,actual_load,Actual Load,2026-07-05T12:20:00Z
2026-07-05T12:19:30Z,2026-07-05T14:19:30+0200,4432c355-9488-4e0d-b987-b7dab09a434c,2026-06-08T03:15:00Z,2026-06-08T05:15:00+0200,34253.92,MW,FR,FR,actual_load,Actual Load,2026-07-05T12:20:00Z
2026-07-05T12:19:30Z,2026-07-05T14:19:30+0200,4432c355-9488-4e0d-b987-b7dab09a434c,2026-06-08T03:30:00Z,2026-06-08T05:30:00+0200,34611.54,MW,FR,FR,actual_load,Actual Load,2026-07-05T12:20:00Z
2026-07-05T12:19:30Z,2026-07-05T14:19:30+0200,4432c355-9488-4e0d-b987-b7dab09a434c,2026-06-08T03:45:00Z,2026-06-08T05:45:00+0200,35067.57,MW,FR,FR,actual_load,Actual Load,2026-07-05T12:20:00Z
2026-07-05T12:19:30Z,2026-07-05T14:19:30+0200,4432c355-9488-4e0d-b987-b7dab09a434c,2026-06-08T04:00:00Z,2026-06-08T06:00:00+0200,36103.5,MW,FR,FR,actual_load,Actual Load,2026-07-05T12:20:00Z
2026-07-05T12:19:30Z,2026-07-05T14:19:30+0200,4432c355-9488-4e0d-b987-b7dab09a434c,2026-06-08T04:15:00Z,2026-06-08T06:15:00+0200,36955.34,MW,FR,FR,actual_load,Actual Load,2026-07-05T12:20:00Z
2026-07-05T12:19:30Z,2026-07-05T14:19:30+0200,4432c355-9488-4e0d-b987-b7dab09a434c,2026-06-08T04:30:00Z,2026-06-08T06:30:00+0200,37894.82,MW,FR,FR,actual_load,Actual Load,2026-07-05T12:20:00Z
2026-07-05T12:19:30Z,2026-07-05T14:19:30+0200,4432c355-9488-4e0d-b987-b7dab09a434c,2026-06-08T04:45:00Z,2026-06-08T06:45:00+0200,39021.84,MW,FR,FR,actual_load,Actual Load,2026-07-05T12:20:00Z
2026-07-05T12:19:30Z,2026-07-05T14:19:30+0200,4432c355-9488-4e0d-b987-b7dab09a434c,2026-06-08T05:00:00Z,2026-06-08T07:00:00+0200,40014.32,MW,FR,FR,actual_load,Actual Load,2026-07-05T12:20:00Z
2026-07-05T12:19:30Z,2026-07-05T14:19:30+0200,4432c355-9488-4e0d-b987-b7dab09a434c,2026-06-08T05:15:00Z,2026-06-08T07:15:00+0200,40829.08,MW,FR,FR,actual_load,Actual Load,2026-07-05T12:20:00Z
2026-07-05T12:19:30Z,2026-07-05T14:19:30+0200,4432c355-9488-4e0d-b987-b7dab09a434c,2026-06-08T05:30:00Z,2026-06-08T07:30:00+0200,41619.36,MW,FR,FR,actual_load,Actual Load,2026-07-05T12:20:00Z
2026-07-05T12:19:30Z,2026-07-05T14:19:30+0200,4432c355-9488-4e0d-b987-b7dab09a434c,2026-06-08T05:45:00Z,2026-06-08T07:45:00+0200,42206.99,MW,FR,FR,actual_load,Actual Load,2026-07-05T12:20:00Z
2026-07-05T12:19:30Z,2026-07-05T14:19:30+0200,4432c355-9488-4e0d-b987-b7dab09a434c,2026-06-08T06:00:00Z,2026-06-08T08:00:00+0200,42977.19,MW,FR,FR,actual_load,Actual Load,2026-07-05T12:20:00Z
2026-07-05T12:19:30Z,2026-07-05T14:19:30+0200,4432c355-9488-4e0d-b987-b7dab09a434c,2026-06-08T06:15:00Z,2026-06-08T08:15:00+0200,43710.7,MW,FR,FR,actual_load,Actual Load,2026-07-05T12:20:00Z
2026-07-05T12:19:30Z,2026-07-05T14:19:30+0200,4432c355-9488-4e0d-b987-b7dab09a434c,2026-06-08T06:30:00Z,2026-06-08T08:30:00+0200,44346.05,MW,FR,FR,actual_load,Actual Load,2026-07-05T12:20:00Z
2026-07-05T12:19:30Z,2026-07-05T14:19:30+0200,4432c355-9488-4e0d-b987-b7dab09a434c,2026-06-08T06:45:00Z,2026-06-08T08:45:00+0200,44735.57,MW,FR,FR,actual_load,Actual Load,2026-07-05T12:20:00Z
2026-07-05T12:19:30Z,2026-07-05T14:19:30+0200,4432c355-9488-4e0d-b987-b7dab09a434c,2026-06-08T07:00:00Z,2026-06-08T09:00:00+0200,45316.97,MW,FR,FR,actual_load,Actual Load,2026-07-05T12:20:00Z
2026-07-05T12:19:30Z,2026-07-05T14:19:30+0200,4432c355-9488-4e0d-b987-b7dab09a434c,2026-06-08T07:15:00Z,2026-06-08T09:15:00+0200,45726.36,MW,FR,FR,actual_load,Actual Load,2026-07-05T12:20:00Z
2026-07-05T12:19:30Z,2026-07-05T14:19:30+0200,4432c355-9488-4e0d-b987-b7dab09a434c,2026-06-08T07:30:00Z,2026-06-08T09:30:00+0200,45951.98,MW,FR,FR,actual_load,Actual Load,2026-07-05T12:20:00Z
2026-07-05T12:19:30Z,2026-07-05T14:19:30+0200,4432c355-9488-4e0d-b987-b7dab09a434c,2026-06-08T07:45:00Z,2026-06-08T09:45:00+0200,46100.09,MW,FR,FR,actual_load,Actual Load,2026-07-05T12:20:00Z
2026-07-05T12:19:30Z,2026-07-05T14:19:30+0200,4432c355-9488-4e0d-b987-b7dab09a434c,2026-06-08T08:00:00Z,2026-06-08T10:00:00+0200,46192.75,MW,FR,FR,actual_load,Actual Load,2026-07-05T12:20:00Z
2026-07-05T12:19:30Z,2026-07-05T14:19:30+0200,4432c355-9488-4e0d-b987-b7dab09a434c,2026-06-08T08:15:00Z,2026-06-08T10:15:00+0200,46359.93,MW,FR,FR,actual_load,Actual Load,2026-07-05T12:20:00Z
2026-07-05T12:19:30Z,2026-07-05T14:19:30+0200,4432c355-9488-4e0d-b987-b7dab09a434c,2026-06-08T08:30:00Z,2026-06-08T10:30:00+0200,46652.06,MW,FR,FR,actual_load,Actual Load,2026-07-05T12:20:00Z
2026-07-05T12:19:30Z,2026-07-05T14:19:30+0200,4432c355-9488-4e0d-b987-b7dab09a434c,2026-06-08T08:45:00Z,2026-06-08T10:45:00+0200,46803.16,MW,FR,FR,actual_load,Actual Load,2026-07-05T12:20:00Z
2026-07-05T12:19:30Z,2026-07-05T14:19:30+0200,4432c355-9488-4e0d-b987-b7dab09a434c,2026-06-08T09:00:00Z,2026-06-08T11:00:00+0200,47208.36,MW,FR,FR,actual_load,Actual Load,2026-07-05T12:20:00Z
2026-07-05T12:19:30Z,2026-07-05T14:19:30+0200,4432c355-9488-4e0d-b987-b7dab09a434c,2026-06-08T09:15:00Z,2026-06-08T11:15:00+0200,47498.38,MW,FR,FR,actual_load,Actual Load,2026-07-05T12:20:00Z
2026-07-05T12:19:30Z,2026-07-05T14:19:30+0200,4432c355-9488-4e0d-b987-b7dab09a434c,2026-06-08T09:30:00Z,2026-06-08T11:30:00+0200,47798.96,MW,FR,FR,actual_load,Actual Load,2026-07-05T12:20:00Z
2026-07-05T12:19:30Z,2026-07-05T14:19:30+0200,4432c355-9488-4e0d-b987-b7dab09a434c,2026-06-08T09:45:00Z,2026-06-08T11:45:00+0200,48106.66,MW,FR,FR,actual_load,Actual Load,2026-07-05T12:20:00Z
2026-07-05T12:19:30Z,2026-07-05T14:19:30+0200,4432c355-9488-4e0d-b987-b7dab09a434c,2026-06-08T10:00:00Z,2026-06-08T12:00:00+0200,48374.53,MW,FR,FR,actual_load,Actual Load,2026-07-05T12:20:00Z
2026-07-05T12:19:30Z,2026-07-05T14:19:30+0200,4432c355-9488-4e0d-b987-b7dab09a434c,2026-06-08T10:15:00Z,2026-06-08T12:15:00+0200,48559.43,MW,FR,FR,actual_load,Actual Load,2026-07-05T12:20:00Z
2026-07-05T12:19:30Z,2026-07-05T14:19:30+0200,4432c355-9488-4e0d-b987-b7dab09a434c,2026-06-08T10:30:00Z,2026-06-08T12:30:00+0200,48956.84,MW,FR,FR,actual_load,Actual Load,2026-07-05T12:20:00Z
2026-07-05T12:19:30Z,2026-07-05T14:19:30+0200,4432c355-9488-4e0d-b987-b7dab09a434c,2026-06-08T10:45:00Z,2026-06-08T12:45:00+0200,48324.22,MW,FR,FR,actual_load,Actual Load,2026-07-05T12:20:00Z
2026-07-05T12:19:30Z,2026-07-05T14:19:30+0200,4432c355-9488-4e0d-b987-b7dab09a434c,2026-06-08T11:00:00Z,2026-06-08T13:00:00+0200,48184.25,MW,FR,FR,actual_load,Actual Load,2026-07-05T12:20:00Z
2026-07-05T12:19:30Z,2026-07-05T14:19:30+0200,4432c355-9488-4e0d-b987-b7dab09a434c,2026-06-08T11:15:00Z,2026-06-08T13:15:00+0200,47648.64,MW,FR,FR,actual_load,Actual Load,2026-07-05T12:20:00Z
2026-07-05T12:19:30Z,2026-07-05T14:19:30+0200,4432c355-9488-4e0d-b987-b7dab09a434c,2026-06-08T11:30:00Z,2026-06-08T13:30:00+0200,47336.34,MW,FR,FR,actual_load,Actual Load,2026-07-05T12:20:00Z
2026-07-05T12:19:30Z,2026-07-05T14:19:30+0200,4432c355-9488-4e0d-b987-b7dab09a434c,2026-06-08T11:45:00Z,2026-06-08T13:45:00+0200,47471.12,MW,FR,FR,actual_load,Actual Load,2026-07-05T12:20:00Z
2026-07-05T12:19:30Z,2026-07-05T14:19:30+0200,4432c355-9488-4e0d-b987-b7dab09a434c,2026-06-08T12:00:00Z,2026-06-08T14:00:00+0200,48668.75,MW,FR,FR,actual_load,Actual Load,2026-07-05T12:20:00Z
2026-07-05T12:19:30Z,2026-07-05T14:19:30+0200,4432c355-9488-4e0d-b987-b7dab09a434c,2026-06-08T12:15:00Z,2026-06-08T14:15:00+0200,48507.26,MW,FR,FR,actual_load,Actual Load,2026-07-05T12:20:00Z
2026-07-05T12:19:30Z,2026-07-05T14:19:30+0200,4432c355-9488-4e0d-b987-b7dab09a434c,2026-06-08T12:30:00Z,2026-06-08T14:30:00+0200,48618.87,MW,FR,FR,actual_load,Actual Load,2026-07-05T12:20:00Z
2026-07-05T12:19:30Z,2026-07-05T14:19:30+0200,4432c355-9488-4e0d-b987-b7dab09a434c,2026-06-08T12:45:00Z,2026-06-08T14:45:00+0200,47985.14,MW,FR,FR,actual_load,Actual Load,2026-07-05T12:20:00Z
2026-07-05T12:19:30Z,2026-07-05T14:19:30+0200,4432c355-9488-4e0d-b987-b7dab09a434c,2026-06-08T13:00:00Z,2026-06-08T15:00:00+0200,47881.13,MW,FR,FR,actual_load,Actual Load,2026-07-05T12:20:00Z
2026-07-05T12:19:30Z,2026-07-05T14:19:30+0200,4432c355-9488-4e0d-b987-b7dab09a434c,2026-06-08T13:15:00Z,2026-06-08T15:15:00+0200,47399.26,MW,FR,FR,actual_load,Actual Load,2026-07-05T12:20:00Z
2026-07-05T12:19:30Z,2026-07-05T14:19:30+0200,4432c355-9488-4e0d-b987-b7dab09a434c,2026-06-08T13:30:00Z,2026-06-08T15:30:00+0200,47052.42,MW,FR,FR,actual_load,Actual Load,2026-07-05T12:20:00Z
2026-07-05T12:19:30Z,2026-07-05T14:19:30+0200,4432c355-9488-4e0d-b987-b7dab09a434c,2026-06-08T13:45:00Z,2026-06-08T15:45:00+0200,46730.99,MW,FR,FR,actual_load,Actual Load,2026-07-05T12:20:00Z
2026-07-05T12:19:30Z,2026-07-05T14:19:30+0200,4432c355-9488-4e0d-b987-b7dab09a434c,2026-06-08T14:00:00Z,2026-06-08T16:00:00+0200,46251.16,MW,FR,FR,actual_load,Actual Load,2026-07-05T12:20:00Z
2026-07-05T12:19:30Z,2026-07-05T14:19:30+0200,4432c355-9488-4e0d-b987-b7dab09a434c,2026-06-08T14:15:00Z,2026-06-08T16:15:00+0200,45779.07,MW,FR,FR,actual_load,Actual Load,2026-07-05T12:20:00Z
2026-07-05T12:19:30Z,2026-07-05T14:19:30+0200,4432c355-9488-4e0d-b987-b7dab09a434c,2026-06-08T14:30:00Z,2026-06-08T16:30:00+0200,45733.12,MW,FR,FR,actual_load,Actual Load,2026-07-05T12:20:00Z
2026-07-05T12:19:30Z,2026-07-05T14:19:30+0200,4432c355-9488-4e0d-b987-b7dab09a434c,2026-06-08T14:45:00Z,2026-06-08T16:45:00+0200,45670.41,MW,FR,FR,actual_load,Actual Load,2026-07-05T12:20:00Z
2026-07-05T12:19:30Z,2026-07-05T14:19:30+0200,4432c355-9488-4e0d-b987-b7dab09a434c,2026-06-08T15:00:00Z,2026-06-08T17:00:00+0200,45468.63,MW,FR,FR,actual_load,Actual Load,2026-07-05T12:20:00Z
2026-07-05T12:19:30Z,2026-07-05T14:19:30+0200,4432c355-9488-4e0d-b987-b7dab09a434c,2026-06-08T15:15:00Z,2026-06-08T17:15:00+0200,45408.4,MW,FR,FR,actual_load,Actual Load,2026-07-05T12:20:00Z
2026-07-05T12:19:30Z,2026-07-05T14:19:30+0200,4432c355-9488-4e0d-b987-b7dab09a434c,2026-06-08T15:30:00Z,2026-06-08T17:30:00+0200,45744.77,MW,FR,FR,actual_load,Actual Load,2026-07-05T12:20:00Z
2026-07-05T12:19:30Z,2026-07-05T14:19:30+0200,4432c355-9488-4e0d-b987-b7dab09a434c,2026-06-08T15:45:00Z,2026-06-08T17:45:00+0200,45765.84,MW,FR,FR,actual_load,Actual Load,2026-07-05T12:20:00Z
2026-07-05T12:19:30Z,2026-07-05T14:19:30+0200,4432c355-9488-4e0d-b987-b7dab09a434c,2026-06-08T16:00:00Z,2026-06-08T18:00:00+0200,46102.45,MW,FR,FR,actual_load,Actual Load,2026-07-05T12:20:00Z
2026-07-05T12:19:30Z,2026-07-05T14:19:30+0200,4432c355-9488-4e0d-b987-b7dab09a434c,2026-06-08T16:15:00Z,2026-06-08T18:15:00+0200,46797.55,MW,FR,FR,actual_load,Actual Load,2026-07-05T12:20:00Z
2026-07-05T12:19:30Z,2026-07-05T14:19:30+0200,4432c355-9488-4e0d-b987-b7dab09a434c,2026-06-08T16:30:00Z,2026-06-08T18:30:00+0200,47609.27,MW,FR,FR,actual_load,Actual Load,2026-07-05T12:20:00Z
2026-07-05T12:19:30Z,2026-07-05T14:19:30+0200,4432c355-9488-4e0d-b987-b7dab09a434c,2026-06-08T16:45:00Z,2026-06-08T18:45:00+0200,48415.66,MW,FR,FR,actual_load,Actual Load,2026-07-05T12:20:00Z
2026-07-05T12:19:30Z,2026-07-05T14:19:30+0200,4432c355-9488-4e0d-b987-b7dab09a434c,2026-06-08T17:00:00Z,2026-06-08T19:00:00+0200,48495.53,MW,FR,FR,actual_load,Actual Load,2026-07-05T12:20:00Z
2026-07-05T12:19:30Z,2026-07-05T14:19:30+0200,4432c355-9488-4e0d-b987-b7dab09a434c,2026-06-08T17:15:00Z,2026-06-08T19:15:00+0200,48272.03,MW,FR,FR,actual_load,Actual Load,2026-07-05T12:20:00Z
2026-07-05T12:19:30Z,2026-07-05T14:19:30+0200,4432c355-9488-4e0d-b987-b7dab09a434c,2026-06-08T17:30:00Z,2026-06-08T19:30:00+0200,47804.92,MW,FR,FR,actual_load,Actual Load,2026-07-05T12:20:00Z
2026-07-05T12:19:30Z,2026-07-05T14:19:30+0200,4432c355-9488-4e0d-b987-b7dab09a434c,2026-06-08T17:45:00Z,2026-06-08T19:45:00+0200,47045.99,MW,FR,FR,actual_load,Actual Load,2026-07-05T12:20:00Z
2026-07-05T12:19:30Z,2026-07-05T14:19:30+0200,4432c355-9488-4e0d-b987-b7dab09a434c,2026-06-08T18:00:00Z,2026-06-08T20:00:00+0200,46433.46,MW,FR,FR,actual_load,Actual Load,2026-07-05T12:20:00Z
2026-07-05T12:19:30Z,2026-07-05T14:19:30+0200,4432c355-9488-4e0d-b987-b7dab09a434c,2026-06-08T18:15:00Z,2026-06-08T20:15:00+0200,45594.43,MW,FR,FR,actual_load,Actual Load,2026-07-05T12:20:00Z
2026-07-05T12:19:30Z,2026-07-05T14:19:30+0200,4432c355-9488-4e0d-b987-b7dab09a434c,2026-06-08T18:30:00Z,2026-06-08T20:30:00+0200,44847.61,MW,FR,FR,actual_load,Actual Load,2026-07-05T12:20:00Z
2026-07-05T12:19:30Z,2026-07-05T14:19:30+0200,4432c355-9488-4e0d-b987-b7dab09a434c,2026-06-08T18:45:00Z,2026-06-08T20:45:00+0200,44209.27,MW,FR,FR,actual_load,Actual Load,2026-07-05T12:20:00Z
2026-07-05T12:19:30Z,2026-07-05T14:19:30+0200,4432c355-9488-4e0d-b987-b7dab09a434c,2026-06-08T19:00:00Z,2026-06-08T21:00:00+0200,44088.11,MW,FR,FR,actual_load,Actual Load,2026-07-05T12:20:00Z
2026-07-05T12:19:30Z,2026-07-05T14:19:30+0200,4432c355-9488-4e0d-b987-b7dab09a434c,2026-06-08T19:15:00Z,2026-06-08T21:15:00+0200,43521.89,MW,FR,FR,actual_load,Actual Load,2026-07-05T12:20:00Z
2026-07-05T12:19:30Z,2026-07-05T14:19:30+0200,4432c355-9488-4e0d-b987-b7dab09a434c,2026-06-08T19:30:00Z,2026-06-08T21:30:00+0200,43351.71,MW,FR,FR,actual_load,Actual Load,2026-07-05T12:20:00Z
2026-07-05T12:19:30Z,2026-07-05T14:19:30+0200,4432c355-9488-4e0d-b987-b7dab09a434c,2026-06-08T19:45:00Z,2026-06-08T21:45:00+0200,42866.78,MW,FR,FR,actual_load,Actual Load,2026-07-05T12:20:00Z
2026-07-05T12:19:30Z,2026-07-05T14:19:30+0200,4432c355-9488-4e0d-b987-b7dab09a434c,2026-06-08T20:00:00Z,2026-06-08T22:00:00+0200,44184.37,MW,FR,FR,actual_load,Actual Load,2026-07-05T12:20:00Z
2026-07-05T12:19:30Z,2026-07-05T14:19:30+0200,4432c355-9488-4e0d-b987-b7dab09a434c,2026-06-08T20:15:00Z,2026-06-08T22:15:00+0200,43893.11,MW,FR,FR,actual_load,Actual Load,2026-07-05T12:20:00Z
2026-07-05T12:19:30Z,2026-07-05T14:19:30+0200,4432c355-9488-4e0d-b987-b7dab09a434c,2026-06-08T20:30:00Z,2026-06-08T22:30:00+0200,44767.29,MW,FR,FR,actual_load,Actual Load,2026-07-05T12:20:00Z
2026-07-05T12:19:30Z,2026-07-05T14:19:30+0200,4432c355-9488-4e0d-b987-b7dab09a434c,2026-06-08T20:45:00Z,2026-06-08T22:45:00+0200,44266.2,MW,FR,FR,actual_load,Actual Load,2026-07-05T12:20:00Z
2026-07-05T12:19:30Z,2026-07-05T14:19:30+0200,4432c355-9488-4e0d-b987-b7dab09a434c,2026-06-08T21:00:00Z,2026-06-08T23:00:00+0200,44179.95,MW,FR,FR,actual_load,Actual Load,2026-07-05T12:20:00Z
2026-07-05T12:19:30Z,2026-07-05T14:19:30+0200,4432c355-9488-4e0d-b987-b7dab09a434c,2026-06-08T21:15:00Z,2026-06-08T23:15:00+0200,43461.39,MW,FR,FR,actual_load,Actual Load,2026-07-05T12:20:00Z
2026-07-05T12:19:30Z,2026-07-05T14:19:30+0200,4432c355-9488-4e0d-b987-b7dab09a434c,2026-06-08T21:30:00Z,2026-06-08T23:30:00+0200,43878.45,MW,FR,FR,actual_load,Actual Load,2026-07-05T12:20:00Z
2026-07-05T12:19:30Z,2026-07-05T14:19:30+0200,4432c355-9488-4e0d-b987-b7dab09a434c,2026-06-08T21:45:00Z,2026-06-08T23:45:00+0200,43038.73,MW,FR,FR,actual_load,Actual Load,2026-07-05T12:20:00Z
2026-07-05T12:19:30Z,2026-07-05T14:19:30+0200,4432c355-9488-4e0d-b987-b7dab09a434c,2026-06-08T22:00:00Z,2026-06-09T00:00:00+0200,42819.29,MW,FR,FR,actual_load,Actual Load,2026-07-05T12:20:00Z
2026-07-05T12:19:30Z,2026-07-05T14:19:30+0200,4432c355-9488-4e0d-b987-b7dab09a434c,2026-06-08T22:15:00Z,2026-06-09T00:15:00+0200,41744.06,MW,FR,FR,actual_load,Actual Load,2026-07-05T12:20:00Z
2026-07-05T12:19:30Z,2026-07-05T14:19:30+0200,4432c355-9488-4e0d-b987-b7dab09a434c,2026-06-08T22:30:00Z,2026-06-09T00:30:00+0200,40563.91,MW,FR,FR,actual_load,Actual Load,2026-07-05T12:20:00Z
2026-07-05T12:19:30Z,2026-07-05T14:19:30+0200,4432c355-9488-4e0d-b987-b7dab09a434c,2026-06-08T22:45:00Z,2026-06-09T00:45:00+0200,39744.14,MW,FR,FR,actual_load,Actual Load,2026-07-05T12:20:00Z
2026-07-05T12:19:30Z,2026-07-05T14:19:30+0200,4432c355-9488-4e0d-b987-b7dab09a434c,2026-06-08T23:00:00Z,2026-06-09T01:00:00+0200,39916.98,MW,FR,FR,actual_load,Actual Load,2026-07-05T12:20:00Z
2026-07-05T12:19:30Z,2026-07-05T14:19:30+0200,4432c355-9488-4e0d-b987-b7dab09a434c,2026-06-08T23:15:00Z,2026-06-09T01:15:00+0200,39186.11,MW,FR,FR,actual_load,Actual Load,2026-07-05T12:20:00Z
2026-07-05T12:19:30Z,2026-07-05T14:19:30+0200,4432c355-9488-4e0d-b987-b7dab09a434c,2026-06-08T23:30:00Z,2026-06-09T01:30:00+0200,39248.94,MW,FR,FR,actual_load,Actual Load,2026-07-05T12:20:00Z
2026-07-05T12:19:30Z,2026-07-05T14:19:30+0200,4432c355-9488-4e0d-b987-b7dab09a434c,2026-06-08T23:45:00Z,2026-06-09T01:45:00+0200,38624.64,MW,FR,FR,actual_load,Actual Load,2026-07-05T12:20:00Z
2026-07-05T12:19:30Z,2026-07-05T14:19:30+0200,4432c355-9488-4e0d-b987-b7dab09a434c,2026-06-09T00:00:00Z,2026-06-09T02:00:00+0200,38442.97,MW,FR,FR,actual_load,Actual Load,2026-07-05T12:20:00Z
2026-07-05T12:19:30Z,2026-07-05T14:19:30+0200,4432c355-9488-4e0d-b987-b7dab09a434c,2026-06-09T00:15:00Z,2026-06-09T02:15:00+0200,37546.79,MW,FR,FR,actual_load,Actual Load,2026-07-05T12:20:00Z
2026-07-05T12:19:30Z,2026-07-05T14:19:30+0200,4432c355-9488-4e0d-b987-b7dab09a434c,2026-06-09T00:30:00Z,2026-06-09T02:30:00+0200,36894.93,MW,FR,FR,actual_load,Actual Load,2026-07-05T12:20:00Z
2026-07-05T12:19:30Z,2026-07-05T14:19:30+0200,4432c355-9488-4e0d-b987-b7dab09a434c,2026-06-09T00:45:00Z,2026-06-09T02:45:00+0200,36238.45,MW,FR,FR,actual_load,Actual Load,2026-07-05T12:20:00Z
2026-07-05T12:19:30Z,2026-07-05T14:19:30+0200,4432c355-9488-4e0d-b987-b7dab09a434c,2026-06-09T01:00:00Z,2026-06-09T03:00:00+0200,35724.7,MW,FR,FR,actual_load,Actual Load,2026-07-05T12:20:00Z
2026-07-05T12:19:30Z,2026-07-05T14:19:30+0200,4432c355-9488-4e0d-b987-b7dab09a434c,2026-06-09T01:15:00Z,2026-06-09T03:15:00+0200,35122.25,MW,FR,FR,actual_load,Actual Load,2026-07-05T12:20:00Z
2026-07-05T12:19:30Z,2026-07-05T14:19:30+0200,4432c355-9488-4e0d-b987-b7dab09a434c,2026-06-09T01:30:00Z,2026-06-09T03:30:00+0200,35137.46,MW,FR,FR,actual_load,Actual Load,2026-07-05T12:20:00Z
2026-07-05T12:19:30Z,2026-07-05T14:19:30+0200,4432c355-9488-4e0d-b987-b7dab09a434c,2026-06-09T01:45:00Z,2026-06-09T03:45:00+0200,35010.02,MW,FR,FR,actual_load,Actual Load,2026-07-05T12:20:00Z
2026-07-05T12:19:30Z,2026-07-05T14:19:30+0200,4432c355-9488-4e0d-b987-b7dab09a434c,2026-06-09T02:00:00Z,2026-06-09T04:00:00+0200,34913.21,MW,FR,FR,actual_load,Actual Load,2026-07-05T12:20:00Z
2026-07-05T12:19:30Z,2026-07-05T14:19:30+0200,4432c355-9488-4e0d-b987-b7dab09a434c,2026-06-09T02:15:00Z,2026-06-09T04:15:00+0200,34928.85,MW,FR,FR,actual_load,Actual Load,2026-07-05T12:20:00Z
2026-07-05T12:19:30Z,2026-07-05T14:19:30+0200,4432c355-9488-4e0d-b987-b7dab09a434c,2026-06-09T02:30:00Z,2026-06-09T04:30:00+0200,34759.97,MW,FR,FR,actual_load,Actual Load,2026-07-05T12:20:00Z
2026-07-05T12:19:30Z,2026-07-05T14:19:30+0200,4432c355-9488-4e0d-b987-b7dab09a434c,2026-06-09T02:45:00Z,2026-06-09T04:45:00+0200,34934.45,MW,FR,FR,actual_load,Actual Load,2026-07-05T12:20:00Z
2026-07-05T12:19:30Z,2026-07-05T14:19:30+0200,4432c355-9488-4e0d-b987-b7dab09a434c,2026-06-09T03:00:00Z,2026-06-09T05:00:00+0200,35639.98,MW,FR,FR,actual_load,Actual Load,2026-07-05T12:20:00Z
2026-07-05T12:19:30Z,2026-07-05T14:19:30+0200,4432c355-9488-4e0d-b987-b7dab09a434c,2026-06-09T03:15:00Z,2026-06-09T05:15:00+0200,36046.76,MW,FR,FR,actual_load,Actual Load,2026-07-05T12:20:00Z
2026-07-05T12:19:30Z,2026-07-05T14:19:30+0200,4432c355-9488-4e0d-b987-b7dab09a434c,2026-06-09T03:30:00Z,2026-06-09T05:30:00+0200,36328.31,MW,FR,FR,actual_load,Actual Load,2026-07-05T12:20:00Z
2026-07-05T12:19:30Z,2026-07-05T14:19:30+0200,4432c355-9488-4e0d-b987-b7dab09a434c,2026-06-09T03:45:00Z,2026-06-09T05:45:00+0200,36862.11,MW,FR,FR,actual_load,Actual Load,2026-07-05T12:20:00Z
2026-07-05T12:19:30Z,2026-07-05T14:19:30+0200,4432c355-9488-4e0d-b987-b7dab09a434c,2026-06-09T04:00:00Z,2026-06-09T06:00:00+0200,37953.0,MW,FR,FR,actual_load,Actual Load,2026-07-05T12:20:00Z
2026-07-05T12:19:30Z,2026-07-05T14:19:30+0200,4432c355-9488-4e0d-b987-b7dab09a434c,2026-06-09T04:15:00Z,2026-06-09T06:15:00+0200,38715.51,MW,FR,FR,actual_load,Actual Load,2026-07-05T12:20:00Z
2026-07-05T12:19:30Z,2026-07-05T14:19:30+0200,4432c355-9488-4e0d-b987-b7dab09a434c,2026-06-09T04:30:00Z,2026-06-09T06:30:00+0200,39258.03,MW,FR,FR,actual_load,Actual Load,2026-07-05T12:20:00Z
2026-07-05T12:19:30Z,2026-07-05T14:19:30+0200,4432c355-9488-4e0d-b987-b7dab09a434c,2026-06-09T04:45:00Z,2026-06-09T06:45:00+0200,40385.97,MW,FR,FR,actual_load,Actual Load,2026-07-05T12:20:00Z
2026-07-05T12:19:30Z,2026-07-05T14:19:30+0200,4432c355-9488-4e0d-b987-b7dab09a434c,2026-06-09T05:00:00Z,2026-06-09T07:00:00+0200,41564.29,MW,FR,FR,actual_load,Actual Load,2026-07-05T12:20:00Z
2026-07-05T12:19:30Z,2026-07-05T14:19:30+0200,4432c355-9488-4e0d-b987-b7dab09a434c,2026-06-09T05:15:00Z,2026-06-09T07:15:00+0200,42220.87,MW,FR,FR,actual_load,Actual Load,2026-07-05T12:20:00Z
2026-07-05T12:19:30Z,2026-07-05T14:19:30+0200,4432c355-9488-4e0d-b987-b7dab09a434c,2026-06-09T05:30:00Z,2026-06-09T07:30:00+0200,42722.21,MW,FR,FR,actual_load,Actual Load,2026-07-05T12:20:00Z
2026-07-05T12:19:30Z,2026-07-05T14:19:30+0200,4432c355-9488-4e0d-b987-b7dab09a434c,2026-06-09T05:45:00Z,2026-06-09T07:45:00+0200,43333.17,MW,FR,FR,actual_load,Actual Load,2026-07-05T12:20:00Z
2026-07-05T12:19:30Z,2026-07-05T14:19:30+0200,4432c355-9488-4e0d-b987-b7dab09a434c,2026-06-09T06:00:00Z,2026-06-09T08:00:00+0200,44121.6,MW,FR,FR,actual_load,Actual Load,2026-07-05T12:20:00Z
2026-07-05T12:19:30Z,2026-07-05T14:19:30+0200,4432c355-9488-4e0d-b987-b7dab09a434c,2026-06-09T06:15:00Z,2026-06-09T08:15:00+0200,44593.85,MW,FR,FR,actual_load,Actual Load,2026-07-05T12:20:00Z
2026-07-05T12:19:30Z,2026-07-05T14:19:30+0200,4432c355-9488-4e0d-b987-b7dab09a434c,2026-06-09T06:30:00Z,2026-06-09T08:30:00+0200,44732.2,MW,FR,FR,actual_load,Actual Load,2026-07-05T12:20:00Z
2026-07-05T12:19:30Z,2026-07-05T14:19:30+0200,4432c355-9488-4e0d-b987-b7dab09a434c,2026-06-09T06:45:00Z,2026-06-09T08:45:00+0200,45158.55,MW,FR,FR,actual_load,Actual Load,2026-07-05T12:20:00Z
2026-07-05T12:19:30Z,2026-07-05T14:19:30+0200,4432c355-9488-4e0d-b987-b7dab09a434c,2026-06-09T07:00:00Z,2026-06-09T09:00:00+0200,45600.38,MW,FR,FR,actual_load,Actual Load,2026-07-05T12:20:00Z
2026-07-05T12:19:30Z,2026-07-05T14:19:30+0200,4432c355-9488-4e0d-b987-b7dab09a434c,2026-06-09T07:15:00Z,2026-06-09T09:15:00+0200,45860.13,MW,FR,FR,actual_load,Actual Load,2026-07-05T12:20:00Z
2026-07-05T12:19:30Z,2026-07-05T14:19:30+0200,4432c355-9488-4e0d-b987-b7dab09a434c,2026-06-09T07:30:00Z,2026-06-09T09:30:00+0200,46001.08,MW,FR,FR,actual_load,Actual Load,2026-07-05T12:20:00Z
2026-07-05T12:19:30Z,2026-07-05T14:19:30+0200,4432c355-9488-4e0d-b987-b7dab09a434c,2026-06-09T07:45:00Z,2026-06-09T09:45:00+0200,46265.46,MW,FR,FR,actual_load,Actual Load,2026-07-05T12:20:00Z
2026-07-05T12:19:30Z,2026-07-05T14:19:30+0200,4432c355-9488-4e0d-b987-b7dab09a434c,2026-06-09T08:00:00Z,2026-06-09T10:00:00+0200,46504.91,MW,FR,FR,actual_load,Actual Load,2026-07-05T12:20:00Z
2026-07-05T12:19:30Z,2026-07-05T14:19:30+0200,4432c355-9488-4e0d-b987-b7dab09a434c,2026-06-09T08:15:00Z,2026-06-09T10:15:00+0200,46495.11,MW,FR,FR,actual_load,Actual Load,2026-07-05T12:20:00Z
2026-07-05T12:19:30Z,2026-07-05T14:19:30+0200,4432c355-9488-4e0d-b987-b7dab09a434c,2026-06-09T08:30:00Z,2026-06-09T10:30:00+0200,46469.2,MW,FR,FR,actual_load,Actual Load,2026-07-05T12:20:00Z
2026-07-05T12:19:30Z,2026-07-05T14:19:30+0200,4432c355-9488-4e0d-b987-b7dab09a434c,2026-06-09T08:45:00Z,2026-06-09T10:45:00+0200,46617.43,MW,FR,FR,actual_load,Actual Load,2026-07-05T12:20:00Z
2026-07-05T12:19:30Z,2026-07-05T14:19:30+0200,4432c355-9488-4e0d-b987-b7dab09a434c,2026-06-09T09:00:00Z,2026-06-09T11:00:00+0200,47054.16,MW,FR,FR,actual_load,Actual Load,2026-07-05T12:20:00Z
2026-07-05T12:19:30Z,2026-07-05T14:19:30+0200,4432c355-9488-4e0d-b987-b7dab09a434c,2026-06-09T09:15:00Z,2026-06-09T11:15:00+0200,47031.29,MW,FR,FR,actual_load,Actual Load,2026-07-05T12:20:00Z
2026-07-05T12:19:30Z,2026-07-05T14:19:30+0200,4432c355-9488-4e0d-b987-b7dab09a434c,2026-06-09T09:30:00Z,2026-06-09T11:30:00+0200,47479.37,MW,FR,FR,actual_load,Actual Load,2026-07-05T12:20:00Z
2026-07-05T12:19:30Z,2026-07-05T14:19:30+0200,4432c355-9488-4e0d-b987-b7dab09a434c,2026-06-09T09:45:00Z,2026-06-09T11:45:00+0200,47955.42,MW,FR,FR,actual_load,Actual Load,2026-07-05T12:20:00Z
2026-07-05T12:19:30Z,2026-07-05T14:19:30+0200,4432c355-9488-4e0d-b987-b7dab09a434c,2026-06-09T10:00:00Z,2026-06-09T12:00:00+0200,48072.36,MW,FR,FR,actual_load,Actual Load,2026-07-05T12:20:00Z
2026-07-05T12:19:30Z,2026-07-05T14:19:30+0200,4432c355-9488-4e0d-b987-b7dab09a434c,2026-06-09T10:15:00Z,2026-06-09T12:15:00+0200,47822.32,MW,FR,FR,actual_load,Actual Load,2026-07-05T12:20:00Z
2026-07-05T12:19:30Z,2026-07-05T14:19:30+0200,4432c355-9488-4e0d-b987-b7dab09a434c,2026-06-09T10:30:00Z,2026-06-09T12:30:00+0200,48361.2,MW,FR,FR,actual_load,Actual Load,2026-07-05T12:20:00Z
2026-07-05T12:19:30Z,2026-07-05T14:19:30+0200,4432c355-9488-4e0d-b987-b7dab09a434c,2026-06-09T10:45:00Z,2026-06-09T12:45:00+0200,47547.09,MW,FR,FR,actual_load,Actual Load,2026-07-05T12:20:00Z
2026-07-05T12:19:30Z,2026-07-05T14:19:30+0200,4432c355-9488-4e0d-b987-b7dab09a434c,2026-06-09T11:00:00Z,2026-06-09T13:00:00+0200,47179.57,MW,FR,FR,actual_load,Actual Load,2026-07-05T12:20:00Z
2026-07-05T12:19:30Z,2026-07-05T14:19:30+0200,4432c355-9488-4e0d-b987-b7dab09a434c,2026-06-09T11:15:00Z,2026-06-09T13:15:00+0200,46833.18,MW,FR,FR,actual_load,Actual Load,2026-07-05T12:20:00Z
2026-07-05T12:19:30Z,2026-07-05T14:19:30+0200,4432c355-9488-4e0d-b987-b7dab09a434c,2026-06-09T11:30:00Z,2026-06-09T13:30:00+0200,46453.95,MW,FR,FR,actual_load,Actual Load,2026-07-05T12:20:00Z
2026-07-05T12:19:30Z,2026-07-05T14:19:30+0200,4432c355-9488-4e0d-b987-b7dab09a434c,2026-06-09T11:45:00Z,2026-06-09T13:45:00+0200,46514.28,MW,FR,FR,actual_load,Actual Load,2026-07-05T12:20:00Z
2026-07-05T12:19:30Z,2026-07-05T14:19:30+0200,4432c355-9488-4e0d-b987-b7dab09a434c,2026-06-09T12:00:00Z,2026-06-09T14:00:00+0200,46646.17,MW,FR,FR,actual_load,Actual Load,2026-07-05T12:20:00Z
2026-07-05T12:19:30Z,2026-07-05T14:19:30+0200,4432c355-9488-4e0d-b987-b7dab09a434c,2026-06-09T12:15:00Z,2026-06-09T14:15:00+0200,46578.9,MW,FR,FR,actual_load,Actual Load,2026-07-05T12:20:00Z
2026-07-05T12:19:30Z,2026-07-05T14:19:30+0200,4432c355-9488-4e0d-b987-b7dab09a434c,2026-06-09T12:30:00Z,2026-06-09T14:30:00+0200,46586.39,MW,FR,FR,actual_load,Actual Load,2026-07-05T12:20:00Z
2026-07-05T12:19:30Z,2026-07-05T14:19:30+0200,4432c355-9488-4e0d-b987-b7dab09a434c,2026-06-09T12:45:00Z,2026-06-09T14:45:00+0200,46422.95,MW,FR,FR,actual_load,Actual Load,2026-07-05T12:20:00Z
2026-07-05T12:19:30Z,2026-07-05T14:19:30+0200,4432c355-9488-4e0d-b987-b7dab09a434c,2026-06-09T13:00:00Z,2026-06-09T15:00:00+0200,46304.05,MW,FR,FR,actual_load,Actual Load,2026-07-05T12:20:00Z
2026-07-05T12:19:30Z,2026-07-05T14:19:30+0200,4432c355-9488-4e0d-b987-b7dab09a434c,2026-06-09T13:15:00Z,2026-06-09T15:15:00+0200,45498.33,MW,FR,FR,actual_load,Actual Load,2026-07-05T12:20:00Z
2026-07-05T12:19:30Z,2026-07-05T14:19:30+0200,4432c355-9488-4e0d-b987-b7dab09a434c,2026-06-09T13:30:00Z,2026-06-09T15:30:00+0200,45079.47,MW,FR,FR,actual_load,Actual Load,2026-07-05T12:20:00Z
2026-07-05T12:19:30Z,2026-07-05T14:19:30+0200,4432c355-9488-4e0d-b987-b7dab09a434c,2026-06-09T13:45:00Z,2026-06-09T15:45:00+0200,44782.25,MW,FR,FR,actual_load,Actual Load,2026-07-05T12:20:00Z
2026-07-05T12:19:30Z,2026-07-05T14:19:30+0200,4432c355-9488-4e0d-b987-b7dab09a434c,2026-06-09T14:00:00Z,2026-06-09T16:00:00+0200,44748.41,MW,FR,FR,actual_load,Actual Load,2026-07-05T12:20:00Z
2026-07-05T12:19:30Z,2026-07-05T14:19:30+0200,4432c355-9488-4e0d-b987-b7dab09a434c,2026-06-09T14:15:00Z,2026-06-09T16:15:00+0200,44117.43,MW,FR,FR,actual_load,Actual Load,2026-07-05T12:20:00Z
2026-07-05T12:19:30Z,2026-07-05T14:19:30+0200,4432c355-9488-4e0d-b987-b7dab09a434c,2026-06-09T14:30:00Z,2026-06-09T16:30:00+0200,43835.55,MW,FR,FR,actual_load,Actual Load,2026-07-05T12:20:00Z
2026-07-05T12:19:30Z,2026-07-05T14:19:30+0200,4432c355-9488-4e0d-b987-b7dab09a434c,2026-06-09T14:45:00Z,2026-06-09T16:45:00+0200,44055.25,MW,FR,FR,actual_load,Actual Load,2026-07-05T12:20:00Z
2026-07-05T12:19:30Z,2026-07-05T14:19:30+0200,4432c355-9488-4e0d-b987-b7dab09a434c,2026-06-09T15:00:00Z,2026-06-09T17:00:00+0200,43907.27,MW,FR,FR,actual_load,Actual Load,2026-07-05T12:20:00Z
2026-07-05T12:19:30Z,2026-07-05T14:19:30+0200,4432c355-9488-4e0d-b987-b7dab09a434c,2026-06-09T15:15:00Z,2026-06-09T17:15:00+0200,44009.34,MW,FR,FR,actual_load,Actual Load,2026-07-05T12:20:00Z
2026-07-05T12:19:30Z,2026-07-05T14:19:30+0200,4432c355-9488-4e0d-b987-b7dab09a434c,2026-06-09T15:30:00Z,2026-06-09T17:30:00+0200,44036.36,MW,FR,FR,actual_load,Actual Load,2026-07-05T12:20:00Z
2026-07-05T12:19:30Z,2026-07-05T14:19:30+0200,4432c355-9488-4e0d-b987-b7dab09a434c,2026-06-09T15:45:00Z,2026-06-09T17:45:00+0200,44626.16,MW,FR,FR,actual_load,Actual Load,2026-07-05T12:20:00Z
2026-07-05T12:19:30Z,2026-07-05T14:19:30+0200,4432c355-9488-4e0d-b987-b7dab09a434c,2026-06-09T16:00:00Z,2026-06-09T18:00:00+0200,44674.07,MW,FR,FR,actual_load,Actual Load,2026-07-05T12:20:00Z
2026-07-05T12:19:30Z,2026-07-05T14:19:30+0200,4432c355-9488-4e0d-b987-b7dab09a434c,2026-06-09T16:15:00Z,2026-06-09T18:15:00+0200,45248.13,MW,FR,FR,actual_load,Actual Load,2026-07-05T12:20:00Z
2026-07-05T12:19:30Z,2026-07-05T14:19:30+0200,4432c355-9488-4e0d-b987-b7dab09a434c,2026-06-09T16:30:00Z,2026-06-09T18:30:00+0200,45897.68,MW,FR,FR,actual_load,Actual Load,2026-07-05T12:20:00Z
2026-07-05T12:19:30Z,2026-07-05T14:19:30+0200,4432c355-9488-4e0d-b987-b7dab09a434c,2026-06-09T16:45:00Z,2026-06-09T18:45:00+0200,46490.34,MW,FR,FR,actual_load,Actual Load,2026-07-05T12:20:00Z
2026-07-05T12:19:30Z,2026-07-05T14:19:30+0200,4432c355-9488-4e0d-b987-b7dab09a434c,2026-06-09T17:00:00Z,2026-06-09T19:00:00+0200,46832.37,MW,FR,FR,actual_load,Actual Load,2026-07-05T12:20:00Z
2026-07-05T12:19:30Z,2026-07-05T14:19:30+0200,4432c355-9488-4e0d-b987-b7dab09a434c,2026-06-09T17:15:00Z,2026-06-09T19:15:00+0200,46772.98,MW,FR,FR,actual_load,Actual Load,2026-07-05T12:20:00Z
2026-07-05T12:19:30Z,2026-07-05T14:19:30+0200,4432c355-9488-4e0d-b987-b7dab09a434c,2026-06-09T17:30:00Z,2026-06-09T19:30:00+0200,46794.56,MW,FR,FR,actual_load,Actual Load,2026-07-05T12:20:00Z
2026-07-05T12:19:30Z,2026-07-05T14:19:30+0200,4432c355-9488-4e0d-b987-b7dab09a434c,2026-06-09T17:45:00Z,2026-06-09T19:45:00+0200,46460.12,MW,FR,FR,actual_load,Actual Load,2026-07-05T12:20:00Z
2026-07-05T12:19:30Z,2026-07-05T14:19:30+0200,4432c355-9488-4e0d-b987-b7dab09a434c,2026-06-09T18:00:00Z,2026-06-09T20:00:00+0200,45835.32,MW,FR,FR,actual_load,Actual Load,2026-07-05T12:20:00Z
2026-07-05T12:19:30Z,2026-07-05T14:19:30+0200,4432c355-9488-4e0d-b987-b7dab09a434c,2026-06-09T18:15:00Z,2026-06-09T20:15:00+0200,44899.81,MW,FR,FR,actual_load,Actual Load,2026-07-05T12:20:00Z
2026-07-05T12:19:30Z,2026-07-05T14:19:30+0200,4432c355-9488-4e0d-b987-b7dab09a434c,2026-06-09T18:30:00Z,2026-06-09T20:30:00+0200,44209.97,MW,FR,FR,actual_load,Actual Load,2026-07-05T12:20:00Z
2026-07-05T12:19:30Z,2026-07-05T14:19:30+0200,4432c355-9488-4e0d-b987-b7dab09a434c,2026-06-09T18:45:00Z,2026-06-09T20:45:00+0200,43636.0,MW,FR,FR,actual_load,Actual Load,2026-07-05T12:20:00Z
2026-07-05T12:19:30Z,2026-07-05T14:19:30+0200,4432c355-9488-4e0d-b987-b7dab09a434c,2026-06-09T19:00:00Z,2026-06-09T21:00:00+0200,43604.28,MW,FR,FR,actual_load,Actual Load,2026-07-05T12:20:00Z
2026-07-05T12:19:30Z,2026-07-05T14:19:30+0200,4432c355-9488-4e0d-b987-b7dab09a434c,2026-06-09T19:15:00Z,2026-06-09T21:15:00+0200,43336.71,MW,FR,FR,actual_load,Actual Load,2026-07-05T12:20:00Z
2026-07-05T12:19:30Z,2026-07-05T14:19:30+0200,4432c355-9488-4e0d-b987-b7dab09a434c,2026-06-09T19:30:00Z,2026-06-09T21:30:00+0200,43431.33,MW,FR,FR,actual_load,Actual Load,2026-07-05T12:20:00Z
2026-07-05T12:19:30Z,2026-07-05T14:19:30+0200,4432c355-9488-4e0d-b987-b7dab09a434c,2026-06-09T19:45:00Z,2026-06-09T21:45:00+0200,43077.55,MW,FR,FR,actual_load,Actual Load,2026-07-05T12:20:00Z
2026-07-05T12:19:30Z,2026-07-05T14:19:30+0200,4432c355-9488-4e0d-b987-b7dab09a434c,2026-06-09T20:00:00Z,2026-06-09T22:00:00+0200,44152.62,MW,FR,FR,actual_load,Actual Load,2026-07-05T12:20:00Z
2026-07-05T12:19:30Z,2026-07-05T14:19:30+0200,4432c355-9488-4e0d-b987-b7dab09a434c,2026-06-09T20:15:00Z,2026-06-09T22:15:00+0200,44053.39,MW,FR,FR,actual_load,Actual Load,2026-07-05T12:20:00Z
2026-07-05T12:19:30Z,2026-07-05T14:19:30+0200,4432c355-9488-4e0d-b987-b7dab09a434c,2026-06-09T20:30:00Z,2026-06-09T22:30:00+0200,45239.02,MW,FR,FR,actual_load,Actual Load,2026-07-05T12:20:00Z
2026-07-05T12:19:30Z,2026-07-05T14:19:30+0200,4432c355-9488-4e0d-b987-b7dab09a434c,2026-06-09T20:45:00Z,2026-06-09T22:45:00+0200,44709.15,MW,FR,FR,actual_load,Actual Load,2026-07-05T12:20:00Z
2026-07-05T12:19:30Z,2026-07-05T14:19:30+0200,4432c355-9488-4e0d-b987-b7dab09a434c,2026-06-09T21:00:00Z,2026-06-09T23:00:00+0200,44399.66,MW,FR,FR,actual_load,Actual Load,2026-07-05T12:20:00Z
2026-07-05T12:19:30Z,2026-07-05T14:19:30+0200,4432c355-9488-4e0d-b987-b7dab09a434c,2026-06-09T21:15:00Z,2026-06-09T23:15:00+0200,43642.89,MW,FR,FR,actual_load,Actual Load,2026-07-05T12:20:00Z
2026-07-05T12:19:30Z,2026-07-05T14:19:30+0200,4432c355-9488-4e0d-b987-b7dab09a434c,2026-06-09T21:30:00Z,2026-06-09T23:30:00+0200,43966.64,MW,FR,FR,actual_load,Actual Load,2026-07-05T12:20:00Z
2026-07-05T12:19:30Z,2026-07-05T14:19:30+0200,4432c355-9488-4e0d-b987-b7dab09a434c,2026-06-09T21:45:00Z,2026-06-09T23:45:00+0200,43069.77,MW,FR,FR,actual_load,Actual Load,2026-07-05T12:20:00Z
2026-07-05T12:19:30Z,2026-07-05T14:19:30+0200,4432c355-9488-4e0d-b987-b7dab09a434c,2026-06-09T22:00:00Z,2026-06-10T00:00:00+0200,43074.31,MW,FR,FR,actual_load,Actual Load,2026-07-05T12:20:00Z
2026-07-05T12:19:30Z,2026-07-05T14:19:30+0200,4432c355-9488-4e0d-b987-b7dab09a434c,2026-06-09T22:15:00Z,2026-06-10T00:15:00+0200,41919.66,MW,FR,FR,actual_load,Actual Load,2026-07-05T12:20:00Z
2026-07-05T12:19:30Z,2026-07-05T14:19:30+0200,4432c355-9488-4e0d-b987-b7dab09a434c,2026-06-09T22:30:00Z,2026-06-10T00:30:00+0200,40601.27,MW,FR,FR,actual_load,Actual Load,2026-07-05T12:20:00Z
2026-07-05T12:19:30Z,2026-07-05T14:19:30+0200,4432c355-9488-4e0d-b987-b7dab09a434c,2026-06-09T22:45:00Z,2026-06-10T00:45:00+0200,39620.21,MW,FR,FR,actual_load,Actual Load,2026-07-05T12:20:00Z
2026-07-05T12:19:30Z,2026-07-05T14:19:30+0200,4432c355-9488-4e0d-b987-b7dab09a434c,2026-06-09T23:00:00Z,2026-06-10T01:00:00+0200,39927.5,MW,FR,FR,actual_load,Actual Load,2026-07-05T12:20:00Z
2026-07-05T12:19:30Z,2026-07-05T14:19:30+0200,4432c355-9488-4e0d-b987-b7dab09a434c,2026-06-09T23:15:00Z,2026-06-10T01:15:00+0200,39384.98,MW,FR,FR,actual_load,Actual Load,2026-07-05T12:20:00Z
2026-07-05T12:19:30Z,2026-07-05T14:19:30+0200,4432c355-9488-4e0d-b987-b7dab09a434c,2026-06-09T23:30:00Z,2026-06-10T01:30:00+0200,39352.08,MW,FR,FR,actual_load,Actual Load,2026-07-05T12:20:00Z
2026-07-05T12:19:30Z,2026-07-05T14:19:30+0200,4432c355-9488-4e0d-b987-b7dab09a434c,2026-06-09T23:45:00Z,2026-06-10T01:45:00+0200,38525.03,MW,FR,FR,actual_load,Actual Load,2026-07-05T12:20:00Z
2026-07-05T12:19:30Z,2026-07-05T14:19:30+0200,4432c355-9488-4e0d-b987-b7dab09a434c,2026-06-10T00:00:00Z,2026-06-10T02:00:00+0200,38176.04,MW,FR,FR,actual_load,Actual Load,2026-07-05T12:20:00Z
2026-07-05T12:19:30Z,2026-07-05T14:19:30+0200,4432c355-9488-4e0d-b987-b7dab09a434c,2026-06-10T00:15:00Z,2026-06-10T02:15:00+0200,37323.42,MW,FR,FR,actual_load,Actual Load,2026-07-05T12:20:00Z
2026-07-05T12:19:30Z,2026-07-05T14:19:30+0200,4432c355-9488-4e0d-b987-b7dab09a434c,2026-06-10T00:30:00Z,2026-06-10T02:30:00+0200,36607.72,MW,FR,FR,actual_load,Actual Load,2026-07-05T12:20:00Z
2026-07-05T12:19:30Z,2026-07-05T14:19:30+0200,4432c355-9488-4e0d-b987-b7dab09a434c,2026-06-10T00:45:00Z,2026-06-10T02:45:00+0200,36022.44,MW,FR,FR,actual_load,Actual Load,2026-07-05T12:20:00Z
2026-07-05T12:19:30Z,2026-07-05T14:19:30+0200,4432c355-9488-4e0d-b987-b7dab09a434c,2026-06-10T01:00:00Z,2026-06-10T03:00:00+0200,35657.9,MW,FR,FR,actual_load,Actual Load,2026-07-05T12:20:00Z
2026-07-05T12:19:30Z,2026-07-05T14:19:30+0200,4432c355-9488-4e0d-b987-b7dab09a434c,2026-06-10T01:15:00Z,2026-06-10T03:15:00+0200,35321.82,MW,FR,FR,actual_load,Actual Load,2026-07-05T12:20:00Z
2026-07-05T12:19:30Z,2026-07-05T14:19:30+0200,4432c355-9488-4e0d-b987-b7dab09a434c,2026-06-10T01:30:00Z,2026-06-10T03:30:00+0200,35046.63,MW,FR,FR,actual_load,Actual Load,2026-07-05T12:20:00Z
2026-07-05T12:19:30Z,2026-07-05T14:19:30+0200,4432c355-9488-4e0d-b987-b7dab09a434c,2026-06-10T01:45:00Z,2026-06-10T03:45:00+0200,35011.42,MW,FR,FR,actual_load,Actual Load,2026-07-05T12:20:00Z
2026-07-05T12:19:30Z,2026-07-05T14:19:30+0200,4432c355-9488-4e0d-b987-b7dab09a434c,2026-06-10T02:00:00Z,2026-06-10T04:00:00+0200,34915.04,MW,FR,FR,actual_load,Actual Load,2026-07-05T12:20:00Z
2026-07-05T12:19:30Z,2026-07-05T14:19:30+0200,4432c355-9488-4e0d-b987-b7dab09a434c,2026-06-10T02:15:00Z,2026-06-10T04:15:00+0200,34772.49,MW,FR,FR,actual_load,Actual Load,2026-07-05T12:20:00Z
2026-07-05T12:19:30Z,2026-07-05T14:19:30+0200,4432c355-9488-4e0d-b987-b7dab09a434c,2026-06-10T02:30:00Z,2026-06-10T04:30:00+0200,34728.06,MW,FR,FR,actual_load,Actual Load,2026-07-05T12:20:00Z
2026-07-05T12:19:30Z,2026-07-05T14:19:30+0200,4432c355-9488-4e0d-b987-b7dab09a434c,2026-06-10T02:45:00Z,2026-06-10T04:45:00+0200,34925.27,MW,FR,FR,actual_load,Actual Load,2026-07-05T12:20:00Z
2026-07-05T12:19:30Z,2026-07-05T14:19:30+0200,4432c355-9488-4e0d-b987-b7dab09a434c,2026-06-10T03:00:00Z,2026-06-10T05:00:00+0200,35450.41,MW,FR,FR,actual_load,Actual Load,2026-07-05T12:20:00Z
2026-07-05T12:19:30Z,2026-07-05T14:19:30+0200,4432c355-9488-4e0d-b987-b7dab09a434c,2026-06-10T03:15:00Z,2026-06-10T05:15:00+0200,35893.48,MW,FR,FR,actual_load,Actual Load,2026-07-05T12:20:00Z
2026-07-05T12:19:30Z,2026-07-05T14:19:30+0200,4432c355-9488-4e0d-b987-b7dab09a434c,2026-06-10T03:30:00Z,2026-06-10T05:30:00+0200,36343.54,MW,FR,FR,actual_load,Actual Load,2026-07-05T12:20:00Z
2026-07-05T12:19:30Z,2026-07-05T14:19:30+0200,4432c355-9488-4e0d-b987-b7dab09a434c,2026-06-10T03:45:00Z,2026-06-10T05:45:00+0200,36858.75,MW,FR,FR,actual_load,Actual Load,2026-07-05T12:20:00Z
2026-07-05T12:19:30Z,2026-07-05T14:19:30+0200,4432c355-9488-4e0d-b987-b7dab09a434c,2026-06-10T04:00:00Z,2026-06-10T06:00:00+0200,37842.16,MW,FR,FR,actual_load,Actual Load,2026-07-05T12:20:00Z
2026-07-05T12:19:30Z,2026-07-05T14:19:30+0200,4432c355-9488-4e0d-b987-b7dab09a434c,2026-06-10T04:15:00Z,2026-06-10T06:15:00+0200,38311.5,MW,FR,FR,actual_load,Actual Load,2026-07-05T12:20:00Z
2026-07-05T12:19:30Z,2026-07-05T14:19:30+0200,4432c355-9488-4e0d-b987-b7dab09a434c,2026-06-10T04:30:00Z,2026-06-10T06:30:00+0200,39036.04,MW,FR,FR,actual_load,Actual Load,2026-07-05T12:20:00Z
2026-07-05T12:19:30Z,2026-07-05T14:19:30+0200,4432c355-9488-4e0d-b987-b7dab09a434c,2026-06-10T04:45:00Z,2026-06-10T06:45:00+0200,39734.58,MW,FR,FR,actual_load,Actual Load,2026-07-05T12:20:00Z
2026-07-05T12:19:30Z,2026-07-05T14:19:30+0200,4432c355-9488-4e0d-b987-b7dab09a434c,2026-06-10T05:00:00Z,2026-06-10T07:00:00+0200,40668.34,MW,FR,FR,actual_load,Actual Load,2026-07-05T12:20:00Z
2026-07-05T12:19:30Z,2026-07-05T14:19:30+0200,4432c355-9488-4e0d-b987-b7dab09a434c,2026-06-10T05:15:00Z,2026-06-10T07:15:00+0200,41672.08,MW,FR,FR,actual_load,Actual Load,2026-07-05T12:20:00Z
2026-07-05T12:19:30Z,2026-07-05T14:19:30+0200,4432c355-9488-4e0d-b987-b7dab09a434c,2026-06-10T05:30:00Z,2026-06-10T07:30:00+0200,42301.43,MW,FR,FR,actual_load,Actual Load,2026-07-05T12:20:00Z
2026-07-05T12:19:30Z,2026-07-05T14:19:30+0200,4432c355-9488-4e0d-b987-b7dab09a434c,2026-06-10T05:45:00Z,2026-06-10T07:45:00+0200,43117.15,MW,FR,FR,actual_load,Actual Load,2026-07-05T12:20:00Z
2026-07-05T12:19:30Z,2026-07-05T14:19:30+0200,4432c355-9488-4e0d-b987-b7dab09a434c,2026-06-10T06:00:00Z,2026-06-10T08:00:00+0200,43636.52,MW,FR,FR,actual_load,Actual Load,2026-07-05T12:20:00Z
2026-07-05T12:19:30Z,2026-07-05T14:19:30+0200,4432c355-9488-4e0d-b987-b7dab09a434c,2026-06-10T06:15:00Z,2026-06-10T08:15:00+0200,44296.23,MW,FR,FR,actual_load,Actual Load,2026-07-05T12:20:00Z
2026-07-05T12:19:30Z,2026-07-05T14:19:30+0200,4432c355-9488-4e0d-b987-b7dab09a434c,2026-06-10T06:30:00Z,2026-06-10T08:30:00+0200,44669.31,MW,FR,FR,actual_load,Actual Load,2026-07-05T12:20:00Z
2026-07-05T12:19:30Z,2026-07-05T14:19:30+0200,4432c355-9488-4e0d-b987-b7dab09a434c,2026-06-10T06:45:00Z,2026-06-10T08:45:00+0200,44799.09,MW,FR,FR,actual_load,Actual Load,2026-07-05T12:20:00Z
2026-07-05T12:19:30Z,2026-07-05T14:19:30+0200,4432c355-9488-4e0d-b987-b7dab09a434c,2026-06-10T07:00:00Z,2026-06-10T09:00:00+0200,44766.95,MW,FR,FR,actual_load,Actual Load,2026-07-05T12:20:00Z
2026-07-05T12:19:30Z,2026-07-05T14:19:30+0200,4432c355-9488-4e0d-b987-b7dab09a434c,2026-06-10T07:15:00Z,2026-06-10T09:15:00+0200,45297.68,MW,FR,FR,actual_load,Actual Load,2026-07-05T12:20:00Z
2026-07-05T12:19:30Z,2026-07-05T14:19:30+0200,4432c355-9488-4e0d-b987-b7dab09a434c,2026-06-10T07:30:00Z,2026-06-10T09:30:00+0200,45654.26,MW,FR,FR,actual_load,Actual Load,2026-07-05T12:20:00Z
2026-07-05T12:19:30Z,2026-07-05T14:19:30+0200,4432c355-9488-4e0d-b987-b7dab09a434c,2026-06-10T07:45:00Z,2026-06-10T09:45:00+0200,45924.31,MW,FR,FR,actual_load,Actual Load,2026-07-05T12:20:00Z
2026-07-05T12:19:30Z,2026-07-05T14:19:30+0200,4432c355-9488-4e0d-b987-b7dab09a434c,2026-06-10T08:00:00Z,2026-06-10T10:00:00+0200,46108.06,MW,FR,FR,actual_load,Actual Load,2026-07-05T12:20:00Z
2026-07-05T12:19:30Z,2026-07-05T14:19:30+0200,4432c355-9488-4e0d-b987-b7dab09a434c,2026-06-10T08:15:00Z,2026-06-10T10:15:00+0200,46294.08,MW,FR,FR,actual_load,Actual Load,2026-07-05T12:20:00Z
2026-07-05T12:19:30Z,2026-07-05T14:19:30+0200,4432c355-9488-4e0d-b987-b7dab09a434c,2026-06-10T08:30:00Z,2026-06-10T10:30:00+0200,46465.83,MW,FR,FR,actual_load,Actual Load,2026-07-05T12:20:00Z
2026-07-05T12:19:30Z,2026-07-05T14:19:30+0200,4432c355-9488-4e0d-b987-b7dab09a434c,2026-06-10T08:45:00Z,2026-06-10T10:45:00+0200,46537.86,MW,FR,FR,actual_load,Actual Load,2026-07-05T12:20:00Z
2026-07-05T12:19:30Z,2026-07-05T14:19:30+0200,4432c355-9488-4e0d-b987-b7dab09a434c,2026-06-10T09:00:00Z,2026-06-10T11:00:00+0200,46946.58,MW,FR,FR,actual_load,Actual Load,2026-07-05T12:20:00Z
2026-07-05T12:19:30Z,2026-07-05T14:19:30+0200,4432c355-9488-4e0d-b987-b7dab09a434c,2026-06-10T09:15:00Z,2026-06-10T11:15:00+0200,47107.57,MW,FR,FR,actual_load,Actual Load,2026-07-05T12:20:00Z
2026-07-05T12:19:30Z,2026-07-05T14:19:30+0200,4432c355-9488-4e0d-b987-b7dab09a434c,2026-06-10T09:30:00Z,2026-06-10T11:30:00+0200,47698.52,MW,FR,FR,actual_load,Actual Load,2026-07-05T12:20:00Z
2026-07-05T12:19:30Z,2026-07-05T14:19:30+0200,4432c355-9488-4e0d-b987-b7dab09a434c,2026-06-10T09:45:00Z,2026-06-10T11:45:00+0200,47990.52,MW,FR,FR,actual_load,Actual Load,2026-07-05T12:20:00Z
2026-07-05T12:19:30Z,2026-07-05T14:19:30+0200,4432c355-9488-4e0d-b987-b7dab09a434c,2026-06-10T10:00:00Z,2026-06-10T12:00:00+0200,48156.09,MW,FR,FR,actual_load,Actual Load,2026-07-05T12:20:00Z
2026-07-05T12:19:30Z,2026-07-05T14:19:30+0200,4432c355-9488-4e0d-b987-b7dab09a434c,2026-06-10T10:15:00Z,2026-06-10T12:15:00+0200,48166.93,MW,FR,FR,actual_load,Actual Load,2026-07-05T12:20:00Z
2026-07-05T12:19:30Z,2026-07-05T14:19:30+0200,4432c355-9488-4e0d-b987-b7dab09a434c,2026-06-10T10:30:00Z,2026-06-10T12:30:00+0200,48747.41,MW,FR,FR,actual_load,Actual Load,2026-07-05T12:20:00Z
2026-07-05T12:19:30Z,2026-07-05T14:19:30+0200,4432c355-9488-4e0d-b987-b7dab09a434c,2026-06-10T10:45:00Z,2026-06-10T12:45:00+0200,47908.17,MW,FR,FR,actual_load,Actual Load,2026-07-05T12:20:00Z
2026-07-05T12:19:30Z,2026-07-05T14:19:30+0200,4432c355-9488-4e0d-b987-b7dab09a434c,2026-06-10T11:00:00Z,2026-06-10T13:00:00+0200,47271.12,MW,FR,FR,actual_load,Actual Load,2026-07-05T12:20:00Z
2026-07-05T12:19:30Z,2026-07-05T14:19:30+0200,4432c355-9488-4e0d-b987-b7dab09a434c,2026-06-10T11:15:00Z,2026-06-10T13:15:00+0200,46460.27,MW,FR,FR,actual_load,Actual Load,2026-07-05T12:20:00Z
2026-07-05T12:19:30Z,2026-07-05T14:19:30+0200,4432c355-9488-4e0d-b987-b7dab09a434c,2026-06-10T11:30:00Z,2026-06-10T13:30:00+0200,45927.03,MW,FR,FR,actual_load,Actual Load,2026-07-05T12:20:00Z
2026-07-05T12:19:30Z,2026-07-05T14:19:30+0200,4432c355-9488-4e0d-b987-b7dab09a434c,2026-06-10T11:45:00Z,2026-06-10T13:45:00+0200,45964.47,MW,FR,FR,actual_load,Actual Load,2026-07-05T12:20:00Z
2026-07-05T12:19:30Z,2026-07-05T14:19:30+0200,4432c355-9488-4e0d-b987-b7dab09a434c,2026-06-10T12:00:00Z,2026-06-10T14:00:00+0200,46775.56,MW,FR,FR,actual_load,Actual Load,2026-07-05T12:20:00Z
2026-07-05T12:19:30Z,2026-07-05T14:19:30+0200,4432c355-9488-4e0d-b987-b7dab09a434c,2026-06-10T12:15:00Z,2026-06-10T14:15:00+0200,46694.96,MW,FR,FR,actual_load,Actual Load,2026-07-05T12:20:00Z
2026-07-05T12:19:30Z,2026-07-05T14:19:30+0200,4432c355-9488-4e0d-b987-b7dab09a434c,2026-06-10T12:30:00Z,2026-06-10T14:30:00+0200,46443.85,MW,FR,FR,actual_load,Actual Load,2026-07-05T12:20:00Z
2026-07-05T12:19:30Z,2026-07-05T14:19:30+0200,4432c355-9488-4e0d-b987-b7dab09a434c,2026-06-10T12:45:00Z,2026-06-10T14:45:00+0200,46270.03,MW,FR,FR,actual_load,Actual Load,2026-07-05T12:20:00Z
2026-07-05T12:19:30Z,2026-07-05T14:19:30+0200,4432c355-9488-4e0d-b987-b7dab09a434c,2026-06-10T13:00:00Z,2026-06-10T15:00:00+0200,46620.0,MW,FR,FR,actual_load,Actual Load,2026-07-05T12:20:00Z
2026-07-05T12:19:30Z,2026-07-05T14:19:30+0200,4432c355-9488-4e0d-b987-b7dab09a434c,2026-06-10T13:15:00Z,2026-06-10T15:15:00+0200,46422.75,MW,FR,FR,actual_load,Actual Load,2026-07-05T12:20:00Z
2026-07-05T12:19:30Z,2026-07-05T14:19:30+0200,4432c355-9488-4e0d-b987-b7dab09a434c,2026-06-10T13:30:00Z,2026-06-10T15:30:00+0200,45900.92,MW,FR,FR,actual_load,Actual Load,2026-07-05T12:20:00Z
2026-07-05T12:19:30Z,2026-07-05T14:19:30+0200,4432c355-9488-4e0d-b987-b7dab09a434c,2026-06-10T13:45:00Z,2026-06-10T15:45:00+0200,45431.45,MW,FR,FR,actual_load,Actual Load,2026-07-05T12:20:00Z
2026-07-05T12:19:30Z,2026-07-05T14:19:30+0200,4432c355-9488-4e0d-b987-b7dab09a434c,2026-06-10T14:00:00Z,2026-06-10T16:00:00+0200,45102.63,MW,FR,FR,actual_load,Actual Load,2026-07-05T12:20:00Z
2026-07-05T12:19:30Z,2026-07-05T14:19:30+0200,4432c355-9488-4e0d-b987-b7dab09a434c,2026-06-10T14:15:00Z,2026-06-10T16:15:00+0200,44698.53,MW,FR,FR,actual_load,Actual Load,2026-07-05T12:20:00Z
2026-07-05T12:19:30Z,2026-07-05T14:19:30+0200,4432c355-9488-4e0d-b987-b7dab09a434c,2026-06-10T14:30:00Z,2026-06-10T16:30:00+0200,44456.88,MW,FR,FR,actual_load,Actual Load,2026-07-05T12:20:00Z
2026-07-05T12:19:30Z,2026-07-05T14:19:30+0200,4432c355-9488-4e0d-b987-b7dab09a434c,2026-06-10T14:45:00Z,2026-06-10T16:45:00+0200,44362.72,MW,FR,FR,actual_load,Actual Load,2026-07-05T12:20:00Z
2026-07-05T12:19:30Z,2026-07-05T14:19:30+0200,4432c355-9488-4e0d-b987-b7dab09a434c,2026-06-10T15:00:00Z,2026-06-10T17:00:00+0200,44385.0,MW,FR,FR,actual_load,Actual Load,2026-07-05T12:20:00Z
2026-07-05T12:19:30Z,2026-07-05T14:19:30+0200,4432c355-9488-4e0d-b987-b7dab09a434c,2026-06-10T15:15:00Z,2026-06-10T17:15:00+0200,44535.14,MW,FR,FR,actual_load,Actual Load,2026-07-05T12:20:00Z
2026-07-05T12:19:30Z,2026-07-05T14:19:30+0200,4432c355-9488-4e0d-b987-b7dab09a434c,2026-06-10T15:30:00Z,2026-06-10T17:30:00+0200,44432.74,MW,FR,FR,actual_load,Actual Load,2026-07-05T12:20:00Z
2026-07-05T12:19:30Z,2026-07-05T14:19:30+0200,4432c355-9488-4e0d-b987-b7dab09a434c,2026-06-10T15:45:00Z,2026-06-10T17:45:00+0200,44774.05,MW,FR,FR,actual_load,Actual Load,2026-07-05T12:20:00Z
2026-07-05T12:19:30Z,2026-07-05T14:19:30+0200,4432c355-9488-4e0d-b987-b7dab09a434c,2026-06-10T16:00:00Z,2026-06-10T18:00:00+0200,45590.08,MW,FR,FR,actual_load,Actual Load,2026-07-05T12:20:00Z
2026-07-05T12:19:30Z,2026-07-05T14:19:30+0200,4432c355-9488-4e0d-b987-b7dab09a434c,2026-06-10T16:15:00Z,2026-06-10T18:15:00+0200,46110.8,MW,FR,FR,actual_load,Actual Load,2026-07-05T12:20:00Z
2026-07-05T12:19:30Z,2026-07-05T14:19:30+0200,4432c355-9488-4e0d-b987-b7dab09a434c,2026-06-10T16:30:00Z,2026-06-10T18:30:00+0200,46544.02,MW,FR,FR,actual_load,Actual Load,2026-07-05T12:20:00Z
2026-07-05T12:19:30Z,2026-07-05T14:19:30+0200,4432c355-9488-4e0d-b987-b7dab09a434c,2026-06-10T16:45:00Z,2026-06-10T18:45:00+0200,47286.25,MW,FR,FR,actual_load,Actual Load,2026-07-05T12:20:00Z
2026-07-05T12:19:30Z,2026-07-05T14:19:30+0200,4432c355-9488-4e0d-b987-b7dab09a434c,2026-06-10T17:00:00Z,2026-06-10T19:00:00+0200,47315.64,MW,FR,FR,actual_load,Actual Load,2026-07-05T12:20:00Z
2026-07-05T12:19:30Z,2026-07-05T14:19:30+0200,4432c355-9488-4e0d-b987-b7dab09a434c,2026-06-10T17:15:00Z,2026-06-10T19:15:00+0200,46887.45,MW,FR,FR,actual_load,Actual Load,2026-07-05T12:20:00Z
2026-07-05T12:19:30Z,2026-07-05T14:19:30+0200,4432c355-9488-4e0d-b987-b7dab09a434c,2026-06-10T17:30:00Z,2026-06-10T19:30:00+0200,46721.93,MW,FR,FR,actual_load,Actual Load,2026-07-05T12:20:00Z
2026-07-05T12:19:30Z,2026-07-05T14:19:30+0200,4432c355-9488-4e0d-b987-b7dab09a434c,2026-06-10T17:45:00Z,2026-06-10T19:45:00+0200,46637.4,MW,FR,FR,actual_load,Actual Load,2026-07-05T12:20:00Z
2026-07-05T12:19:30Z,2026-07-05T14:19:30+0200,4432c355-9488-4e0d-b987-b7dab09a434c,2026-06-10T18:00:00Z,2026-06-10T20:00:00+0200,46022.53,MW,FR,FR,actual_load,Actual Load,2026-07-05T12:20:00Z
2026-07-05T12:19:30Z,2026-07-05T14:19:30+0200,4432c355-9488-4e0d-b987-b7dab09a434c,2026-06-10T18:15:00Z,2026-06-10T20:15:00+0200,45332.69,MW,FR,FR,actual_load,Actual Load,2026-07-05T12:20:00Z
2026-07-05T12:19:30Z,2026-07-05T14:19:30+0200,4432c355-9488-4e0d-b987-b7dab09a434c,2026-06-10T18:30:00Z,2026-06-10T20:30:00+0200,44611.41,MW,FR,FR,actual_load,Actual Load,2026-07-05T12:20:00Z
2026-07-05T12:19:30Z,2026-07-05T14:19:30+0200,4432c355-9488-4e0d-b987-b7dab09a434c,2026-06-10T18:45:00Z,2026-06-10T20:45:00+0200,44034.34,MW,FR,FR,actual_load,Actual Load,2026-07-05T12:20:00Z
2026-07-05T12:19:30Z,2026-07-05T14:19:30+0200,4432c355-9488-4e0d-b987-b7dab09a434c,2026-06-10T19:00:00Z,2026-06-10T21:00:00+0200,43903.5,MW,FR,FR,actual_load,Actual Load,2026-07-05T12:20:00Z
2026-07-05T12:19:30Z,2026-07-05T14:19:30+0200,4432c355-9488-4e0d-b987-b7dab09a434c,2026-06-10T19:15:00Z,2026-06-10T21:15:00+0200,43751.71,MW,FR,FR,actual_load,Actual Load,2026-07-05T12:20:00Z
2026-07-05T12:19:30Z,2026-07-05T14:19:30+0200,4432c355-9488-4e0d-b987-b7dab09a434c,2026-06-10T19:30:00Z,2026-06-10T21:30:00+0200,43776.68,MW,FR,FR,actual_load,Actual Load,2026-07-05T12:20:00Z
2026-07-05T12:19:30Z,2026-07-05T14:19:30+0200,4432c355-9488-4e0d-b987-b7dab09a434c,2026-06-10T19:45:00Z,2026-06-10T21:45:00+0200,43506.86,MW,FR,FR,actual_load,Actual Load,2026-07-05T12:20:00Z
2026-07-05T12:19:30Z,2026-07-05T14:19:30+0200,4432c355-9488-4e0d-b987-b7dab09a434c,2026-06-10T20:00:00Z,2026-06-10T22:00:00+0200,44564.38,MW,FR,FR,actual_load,Actual Load,2026-07-05T12:20:00Z
2026-07-05T12:19:30Z,2026-07-05T14:19:30+0200,4432c355-9488-4e0d-b987-b7dab09a434c,2026-06-10T20:15:00Z,2026-06-10T22:15:00+0200,44549.0,MW,FR,FR,actual_load,Actual Load,2026-07-05T12:20:00Z
2026-07-05T12:19:30Z,2026-07-05T14:19:30+0200,4432c355-9488-4e0d-b987-b7dab09a434c,2026-06-10T20:30:00Z,2026-06-10T22:30:00+0200,45438.89,MW,FR,FR,actual_load,Actual Load,2026-07-05T12:20:00Z
2026-07-05T12:19:30Z,2026-07-05T14:19:30+0200,4432c355-9488-4e0d-b987-b7dab09a434c,2026-06-10T20:45:00Z,2026-06-10T22:45:00+0200,45244.36,MW,FR,FR,actual_load,Actual Load,2026-07-05T12:20:00Z
2026-07-05T12:19:30Z,2026-07-05T14:19:30+0200,4432c355-9488-4e0d-b987-b7dab09a434c,2026-06-10T21:00:00Z,2026-06-10T23:00:00+0200,45082.96,MW,FR,FR,actual_load,Actual Load,2026-07-05T12:20:00Z
2026-07-05T12:19:30Z,2026-07-05T14:19:30+0200,4432c355-9488-4e0d-b987-b7dab09a434c,2026-06-10T21:15:00Z,2026-06-10T23:15:00+0200,44287.3,MW,FR,FR,actual_load,Actual Load,2026-07-05T12:20:00Z
2026-07-05T12:19:30Z,2026-07-05T14:19:30+0200,4432c355-9488-4e0d-b987-b7dab09a434c,2026-06-10T21:30:00Z,2026-06-10T23:30:00+0200,44496.27,MW,FR,FR,actual_load,Actual Load,2026-07-05T12:20:00Z
2026-07-05T12:19:30Z,2026-07-05T14:19:30+0200,4432c355-9488-4e0d-b987-b7dab09a434c,2026-06-10T21:45:00Z,2026-06-10T23:45:00+0200,43600.71,MW,FR,FR,actual_load,Actual Load,2026-07-05T12:20:00Z
2026-07-05T12:19:30Z,2026-07-05T14:19:30+0200,4432c355-9488-4e0d-b987-b7dab09a434c,2026-06-10T22:00:00Z,2026-06-11T00:00:00+0200,43809.15,MW,FR,FR,actual_load,Actual Load,2026-07-05T12:20:00Z
2026-07-05T12:19:30Z,2026-07-05T14:19:30+0200,4432c355-9488-4e0d-b987-b7dab09a434c,2026-06-10T22:15:00Z,2026-06-11T00:15:00+0200,42984.41,MW,FR,FR,actual_load,Actual Load,2026-07-05T12:20:00Z
2026-07-05T12:19:30Z,2026-07-05T14:19:30+0200,4432c355-9488-4e0d-b987-b7dab09a434c,2026-06-10T22:30:00Z,2026-06-11T00:30:00+0200,41854.59,MW,FR,FR,actual_load,Actual Load,2026-07-05T12:20:00Z
2026-07-05T12:19:30Z,2026-07-05T14:19:30+0200,4432c355-9488-4e0d-b987-b7dab09a434c,2026-06-10T22:45:00Z,2026-06-11T00:45:00+0200,40829.46,MW,FR,FR,actual_load,Actual Load,2026-07-05T12:20:00Z
2026-07-05T12:19:30Z,2026-07-05T14:19:30+0200,4432c355-9488-4e0d-b987-b7dab09a434c,2026-06-10T23:00:00Z,2026-06-11T01:00:00+0200,41013.32,MW,FR,FR,actual_load,Actual Load,2026-07-05T12:20:00Z
2026-07-05T12:19:30Z,2026-07-05T14:19:30+0200,4432c355-9488-4e0d-b987-b7dab09a434c,2026-06-10T23:15:00Z,2026-06-11T01:15:00+0200,40732.36,MW,FR,FR,actual_load,Actual Load,2026-07-05T12:20:00Z
2026-07-05T12:19:30Z,2026-07-05T14:19:30+0200,4432c355-9488-4e0d-b987-b7dab09a434c,2026-06-10T23:30:00Z,2026-06-11T01:30:00+0200,40622.74,MW,FR,FR,actual_load,Actual Load,2026-07-05T12:20:00Z
2026-07-05T12:19:30Z,2026-07-05T14:19:30+0200,4432c355-9488-4e0d-b987-b7dab09a434c,2026-06-10T23:45:00Z,2026-06-11T01:45:00+0200,39845.76,MW,FR,FR,actual_load,Actual Load,2026-07-05T12:20:00Z
2026-07-05T12:19:30Z,2026-07-05T14:19:30+0200,4432c355-9488-4e0d-b987-b7dab09a434c,2026-06-11T00:00:00Z,2026-06-11T02:00:00+0200,39546.05,MW,FR,FR,actual_load,Actual Load,2026-07-05T12:20:00Z
2026-07-05T12:19:30Z,2026-07-05T14:19:30+0200,4432c355-9488-4e0d-b987-b7dab09a434c,2026-06-11T00:15:00Z,2026-06-11T02:15:00+0200,38567.99,MW,FR,FR,actual_load,Actual Load,2026-07-05T12:20:00Z
2026-07-05T12:19:30Z,2026-07-05T14:19:30+0200,4432c355-9488-4e0d-b987-b7dab09a434c,2026-06-11T00:30:00Z,2026-06-11T02:30:00+0200,37672.25,MW,FR,FR,actual_load,Actual Load,2026-07-05T12:20:00Z
2026-07-05T12:19:30Z,2026-07-05T14:19:30+0200,4432c355-9488-4e0d-b987-b7dab09a434c,2026-06-11T00:45:00Z,2026-06-11T02:45:00+0200,36912.62,MW,FR,FR,actual_load,Actual Load,2026-07-05T12:20:00Z
2026-07-05T12:19:30Z,2026-07-05T14:19:30+0200,4432c355-9488-4e0d-b987-b7dab09a434c,2026-06-11T01:00:00Z,2026-06-11T03:00:00+0200,36622.05,MW,FR,FR,actual_load,Actual Load,2026-07-05T12:20:00Z
2026-07-05T12:19:30Z,2026-07-05T14:19:30+0200,4432c355-9488-4e0d-b987-b7dab09a434c,2026-06-11T01:15:00Z,2026-06-11T03:15:00+0200,36155.9,MW,FR,FR,actual_load,Actual Load,2026-07-05T12:20:00Z
2026-07-05T12:19:30Z,2026-07-05T14:19:30+0200,4432c355-9488-4e0d-b987-b7dab09a434c,2026-06-11T01:30:00Z,2026-06-11T03:30:00+0200,35946.54,MW,FR,FR,actual_load,Actual Load,2026-07-05T12:20:00Z
2026-07-05T12:19:30Z,2026-07-05T14:19:30+0200,4432c355-9488-4e0d-b987-b7dab09a434c,2026-06-11T01:45:00Z,2026-06-11T03:45:00+0200,35609.95,MW,FR,FR,actual_load,Actual Load,2026-07-05T12:20:00Z
2026-07-05T12:19:30Z,2026-07-05T14:19:30+0200,4432c355-9488-4e0d-b987-b7dab09a434c,2026-06-11T02:00:00Z,2026-06-11T04:00:00+0200,35506.33,MW,FR,FR,actual_load,Actual Load,2026-07-05T12:20:00Z
2026-07-05T12:19:30Z,2026-07-05T14:19:30+0200,4432c355-9488-4e0d-b987-b7dab09a434c,2026-06-11T02:15:00Z,2026-06-11T04:15:00+0200,35312.51,MW,FR,FR,actual_load,Actual Load,2026-07-05T12:20:00Z
2026-07-05T12:19:30Z,2026-07-05T14:19:30+0200,4432c355-9488-4e0d-b987-b7dab09a434c,2026-06-11T02:30:00Z,2026-06-11T04:30:00+0200,35287.19,MW,FR,FR,actual_load,Actual Load,2026-07-05T12:20:00Z
2026-07-05T12:19:30Z,2026-07-05T14:19:30+0200,4432c355-9488-4e0d-b987-b7dab09a434c,2026-06-11T02:45:00Z,2026-06-11T04:45:00+0200,35344.5,MW,FR,FR,actual_load,Actual Load,2026-07-05T12:20:00Z
2026-07-05T12:19:30Z,2026-07-05T14:19:30+0200,4432c355-9488-4e0d-b987-b7dab09a434c,2026-06-11T03:00:00Z,2026-06-11T05:00:00+0200,35919.93,MW,FR,FR,actual_load,Actual Load,2026-07-05T12:20:00Z
2026-07-05T12:19:30Z,2026-07-05T14:19:30+0200,4432c355-9488-4e0d-b987-b7dab09a434c,2026-06-11T03:15:00Z,2026-06-11T05:15:00+0200,36412.9,MW,FR,FR,actual_load,Actual Load,2026-07-05T12:20:00Z
2026-07-05T12:19:30Z,2026-07-05T14:19:30+0200,4432c355-9488-4e0d-b987-b7dab09a434c,2026-06-11T03:30:00Z,2026-06-11T05:30:00+0200,36840.43,MW,FR,FR,actual_load,Actual Load,2026-07-05T12:20:00Z
2026-07-05T12:19:30Z,2026-07-05T14:19:30+0200,4432c355-9488-4e0d-b987-b7dab09a434c,2026-06-11T03:45:00Z,2026-06-11T05:45:00+0200,37297.5,MW,FR,FR,actual_load,Actual Load,2026-07-05T12:20:00Z
2026-07-05T12:19:30Z,2026-07-05T14:19:30+0200,4432c355-9488-4e0d-b987-b7dab09a434c,2026-06-11T04:00:00Z,2026-06-11T06:00:00+0200,38374.84,MW,FR,FR,actual_load,Actual Load,2026-07-05T12:20:00Z
2026-07-05T12:19:30Z,2026-07-05T14:19:30+0200,4432c355-9488-4e0d-b987-b7dab09a434c,2026-06-11T04:15:00Z,2026-06-11T06:15:00+0200,39369.77,MW,FR,FR,actual_load,Actual Load,2026-07-05T12:20:00Z
2026-07-05T12:19:30Z,2026-07-05T14:19:30+0200,4432c355-9488-4e0d-b987-b7dab09a434c,2026-06-11T04:30:00Z,2026-06-11T06:30:00+0200,40190.88,MW,FR,FR,actual_load,Actual Load,2026-07-05T12:20:00Z
2026-07-05T12:19:30Z,2026-07-05T14:19:30+0200,4432c355-9488-4e0d-b987-b7dab09a434c,2026-06-11T04:45:00Z,2026-06-11T06:45:00+0200,41153.45,MW,FR,FR,actual_load,Actual Load,2026-07-05T12:20:00Z
2026-07-05T12:19:30Z,2026-07-05T14:19:30+0200,4432c355-9488-4e0d-b987-b7dab09a434c,2026-06-11T05:00:00Z,2026-06-11T07:00:00+0200,42046.55,MW,FR,FR,actual_load,Actual Load,2026-07-05T12:20:00Z
2026-07-05T12:19:30Z,2026-07-05T14:19:30+0200,4432c355-9488-4e0d-b987-b7dab09a434c,2026-06-11T05:15:00Z,2026-06-11T07:15:00+0200,42648.23,MW,FR,FR,actual_load,Actual Load,2026-07-05T12:20:00Z
2026-07-05T12:19:30Z,2026-07-05T14:19:30+0200,4432c355-9488-4e0d-b987-b7dab09a434c,2026-06-11T05:30:00Z,2026-06-11T07:30:00+0200,43218.75,MW,FR,FR,actual_load,Actual Load,2026-07-05T12:20:00Z
2026-07-05T12:19:30Z,2026-07-05T14:19:30+0200,4432c355-9488-4e0d-b987-b7dab09a434c,2026-06-11T05:45:00Z,2026-06-11T07:45:00+0200,43681.88,MW,FR,FR,actual_load,Actual Load,2026-07-05T12:20:00Z
2026-07-05T12:19:30Z,2026-07-05T14:19:30+0200,4432c355-9488-4e0d-b987-b7dab09a434c,2026-06-11T06:00:00Z,2026-06-11T08:00:00+0200,44205.13,MW,FR,FR,actual_load,Actual Load,2026-07-05T12:20:00Z
2026-07-05T12:19:30Z,2026-07-05T14:19:30+0200,4432c355-9488-4e0d-b987-b7dab09a434c,2026-06-11T06:15:00Z,2026-06-11T08:15:00+0200,44688.9,MW,FR,FR,actual_load,Actual Load,2026-07-05T12:20:00Z
2026-07-05T12:19:30Z,2026-07-05T14:19:30+0200,4432c355-9488-4e0d-b987-b7dab09a434c,2026-06-11T06:30:00Z,2026-06-11T08:30:00+0200,45158.07,MW,FR,FR,actual_load,Actual Load,2026-07-05T12:20:00Z
2026-07-05T12:19:30Z,2026-07-05T14:19:30+0200,4432c355-9488-4e0d-b987-b7dab09a434c,2026-06-11T06:45:00Z,2026-06-11T08:45:00+0200,45468.31,MW,FR,FR,actual_load,Actual Load,2026-07-05T12:20:00Z
2026-07-05T12:19:30Z,2026-07-05T14:19:30+0200,4432c355-9488-4e0d-b987-b7dab09a434c,2026-06-11T07:00:00Z,2026-06-11T09:00:00+0200,45744.75,MW,FR,FR,actual_load,Actual Load,2026-07-05T12:20:00Z
2026-07-05T12:19:30Z,2026-07-05T14:19:30+0200,4432c355-9488-4e0d-b987-b7dab09a434c,2026-06-11T07:15:00Z,2026-06-11T09:15:00+0200,45792.12,MW,FR,FR,actual_load,Actual Load,2026-07-05T12:20:00Z
2026-07-05T12:19:30Z,2026-07-05T14:19:30+0200,4432c355-9488-4e0d-b987-b7dab09a434c,2026-06-11T07:30:00Z,2026-06-11T09:30:00+0200,45846.09,MW,FR,FR,actual_load,Actual Load,2026-07-05T12:20:00Z
2026-07-05T12:19:30Z,2026-07-05T14:19:30+0200,4432c355-9488-4e0d-b987-b7dab09a434c,2026-06-11T07:45:00Z,2026-06-11T09:45:00+0200,45986.68,MW,FR,FR,actual_load,Actual Load,2026-07-05T12:20:00Z
2026-07-05T12:19:30Z,2026-07-05T14:19:30+0200,4432c355-9488-4e0d-b987-b7dab09a434c,2026-06-11T08:00:00Z,2026-06-11T10:00:00+0200,46256.65,MW,FR,FR,actual_load,Actual Load,2026-07-05T12:20:00Z
2026-07-05T12:19:30Z,2026-07-05T14:19:30+0200,4432c355-9488-4e0d-b987-b7dab09a434c,2026-06-11T08:15:00Z,2026-06-11T10:15:00+0200,46646.96,MW,FR,FR,actual_load,Actual Load,2026-07-05T12:20:00Z
2026-07-05T12:19:30Z,2026-07-05T14:19:30+0200,4432c355-9488-4e0d-b987-b7dab09a434c,2026-06-11T08:30:00Z,2026-06-11T10:30:00+0200,46786.6,MW,FR,FR,actual_load,Actual Load,2026-07-05T12:20:00Z
2026-07-05T12:19:30Z,2026-07-05T14:19:30+0200,4432c355-9488-4e0d-b987-b7dab09a434c,2026-06-11T08:45:00Z,2026-06-11T10:45:00+0200,46927.18,MW,FR,FR,actual_load,Actual Load,2026-07-05T12:20:00Z
2026-07-05T12:19:30Z,2026-07-05T14:19:30+0200,4432c355-9488-4e0d-b987-b7dab09a434c,2026-06-11T09:00:00Z,2026-06-11T11:00:00+0200,47081.87,MW,FR,FR,actual_load,Actual Load,2026-07-05T12:20:00Z
2026-07-05T12:19:30Z,2026-07-05T14:19:30+0200,4432c355-9488-4e0d-b987-b7dab09a434c,2026-06-11T09:15:00Z,2026-06-11T11:15:00+0200,47236.59,MW,FR,FR,actual_load,Actual Load,2026-07-05T12:20:00Z
2026-07-05T12:19:30Z,2026-07-05T14:19:30+0200,4432c355-9488-4e0d-b987-b7dab09a434c,2026-06-11T09:30:00Z,2026-06-11T11:30:00+0200,47461.04,MW,FR,FR,actual_load,Actual Load,2026-07-05T12:20:00Z
2026-07-05T12:19:30Z,2026-07-05T14:19:30+0200,4432c355-9488-4e0d-b987-b7dab09a434c,2026-06-11T09:45:00Z,2026-06-11T11:45:00+0200,47523.5,MW,FR,FR,actual_load,Actual Load,2026-07-05T12:20:00Z
2026-07-05T12:19:30Z,2026-07-05T14:19:30+0200,4432c355-9488-4e0d-b987-b7dab09a434c,2026-06-11T10:00:00Z,2026-06-11T12:00:00+0200,47833.16,MW,FR,FR,actual_load,Actual Load,2026-07-05T12:20:00Z
2026-07-05T12:19:30Z,2026-07-05T14:19:30+0200,4432c355-9488-4e0d-b987-b7dab09a434c,2026-06-11T10:15:00Z,2026-06-11T12:15:00+0200,48064.71,MW,FR,FR,actual_load,Actual Load,2026-07-05T12:20:00Z
2026-07-05T12:19:30Z,2026-07-05T14:19:30+0200,4432c355-9488-4e0d-b987-b7dab09a434c,2026-06-11T10:30:00Z,2026-06-11T12:30:00+0200,48253.44,MW,FR,FR,actual_load,Actual Load,2026-07-05T12:20:00Z
2026-07-05T12:19:30Z,2026-07-05T14:19:30+0200,4432c355-9488-4e0d-b987-b7dab09a434c,2026-06-11T10:45:00Z,2026-06-11T12:45:00+0200,47669.99,MW,FR,FR,actual_load,Actual Load,2026-07-05T12:20:00Z
2026-07-05T12:19:30Z,2026-07-05T14:19:30+0200,4432c355-9488-4e0d-b987-b7dab09a434c,2026-06-11T11:00:00Z,2026-06-11T13:00:00+0200,47532.52,MW,FR,FR,actual_load,Actual Load,2026-07-05T12:20:00Z
2026-07-05T12:19:30Z,2026-07-05T14:19:30+0200,4432c355-9488-4e0d-b987-b7dab09a434c,2026-06-11T11:15:00Z,2026-06-11T13:15:00+0200,46936.75,MW,FR,FR,actual_load,Actual Load,2026-07-05T12:20:00Z
2026-07-05T12:19:30Z,2026-07-05T14:19:30+0200,4432c355-9488-4e0d-b987-b7dab09a434c,2026-06-11T11:30:00Z,2026-06-11T13:30:00+0200,46411.07,MW,FR,FR,actual_load,Actual Load,2026-07-05T12:20:00Z
2026-07-05T12:19:30Z,2026-07-05T14:19:30+0200,4432c355-9488-4e0d-b987-b7dab09a434c,2026-06-11T11:45:00Z,2026-06-11T13:45:00+0200,46129.53,MW,FR,FR,actual_load,Actual Load,2026-07-05T12:20:00Z
2026-07-05T12:19:30Z,2026-07-05T14:19:30+0200,4432c355-9488-4e0d-b987-b7dab09a434c,2026-06-11T12:00:00Z,2026-06-11T14:00:00+0200,47375.77,MW,FR,FR,actual_load,Actual Load,2026-07-05T12:20:00Z
2026-07-05T12:19:30Z,2026-07-05T14:19:30+0200,4432c355-9488-4e0d-b987-b7dab09a434c,2026-06-11T12:15:00Z,2026-06-11T14:15:00+0200,47089.86,MW,FR,FR,actual_load,Actual Load,2026-07-05T12:20:00Z
2026-07-05T12:19:30Z,2026-07-05T14:19:30+0200,4432c355-9488-4e0d-b987-b7dab09a434c,2026-06-11T12:30:00Z,2026-06-11T14:30:00+0200,46973.92,MW,FR,FR,actual_load,Actual Load,2026-07-05T12:20:00Z
2026-07-05T12:19:30Z,2026-07-05T14:19:30+0200,4432c355-9488-4e0d-b987-b7dab09a434c,2026-06-11T12:45:00Z,2026-06-11T14:45:00+0200,46389.15,MW,FR,FR,actual_load,Actual Load,2026-07-05T12:20:00Z
2026-07-05T12:19:30Z,2026-07-05T14:19:30+0200,4432c355-9488-4e0d-b987-b7dab09a434c,2026-06-11T13:00:00Z,2026-06-11T15:00:00+0200,46520.36,MW,FR,FR,actual_load,Actual Load,2026-07-05T12:20:00Z
2026-07-05T12:19:30Z,2026-07-05T14:19:30+0200,4432c355-9488-4e0d-b987-b7dab09a434c,2026-06-11T13:15:00Z,2026-06-11T15:15:00+0200,45924.89,MW,FR,FR,actual_load,Actual Load,2026-07-05T12:20:00Z
2026-07-05T12:19:30Z,2026-07-05T14:19:30+0200,4432c355-9488-4e0d-b987-b7dab09a434c,2026-06-11T13:30:00Z,2026-06-11T15:30:00+0200,45649.85,MW,FR,FR,actual_load,Actual Load,2026-07-05T12:20:00Z
2026-07-05T12:19:30Z,2026-07-05T14:19:30+0200,4432c355-9488-4e0d-b987-b7dab09a434c,2026-06-11T13:45:00Z,2026-06-11T15:45:00+0200,45421.74,MW,FR,FR,actual_load,Actual Load,2026-07-05T12:20:00Z
2026-07-05T12:19:30Z,2026-07-05T14:19:30+0200,4432c355-9488-4e0d-b987-b7dab09a434c,2026-06-11T14:00:00Z,2026-06-11T16:00:00+0200,44930.35,MW,FR,FR,actual_load,Actual Load,2026-07-05T12:20:00Z
2026-07-05T12:19:30Z,2026-07-05T14:19:30+0200,4432c355-9488-4e0d-b987-b7dab09a434c,2026-06-11T14:15:00Z,2026-06-11T16:15:00+0200,44612.43,MW,FR,FR,actual_load,Actual Load,2026-07-05T12:20:00Z
2026-07-05T12:19:30Z,2026-07-05T14:19:30+0200,4432c355-9488-4e0d-b987-b7dab09a434c,2026-06-11T14:30:00Z,2026-06-11T16:30:00+0200,44471.73,MW,FR,FR,actual_load,Actual Load,2026-07-05T12:20:00Z
2026-07-05T12:19:30Z,2026-07-05T14:19:30+0200,4432c355-9488-4e0d-b987-b7dab09a434c,2026-06-11T14:45:00Z,2026-06-11T16:45:00+0200,44509.14,MW,FR,FR,actual_load,Actual Load,2026-07-05T12:20:00Z
2026-07-05T12:19:30Z,2026-07-05T14:19:30+0200,4432c355-9488-4e0d-b987-b7dab09a434c,2026-06-11T15:00:00Z,2026-06-11T17:00:00+0200,44269.92,MW,FR,FR,actual_load,Actual Load,2026-07-05T12:20:00Z
2026-07-05T12:19:30Z,2026-07-05T14:19:30+0200,4432c355-9488-4e0d-b987-b7dab09a434c,2026-06-11T15:15:00Z,2026-06-11T17:15:00+0200,44486.64,MW,FR,FR,actual_load,Actual Load,2026-07-05T12:20:00Z
2026-07-05T12:19:30Z,2026-07-05T14:19:30+0200,4432c355-9488-4e0d-b987-b7dab09a434c,2026-06-11T15:30:00Z,2026-06-11T17:30:00+0200,44847.66,MW,FR,FR,actual_load,Actual Load,2026-07-05T12:20:00Z
2026-07-05T12:19:30Z,2026-07-05T14:19:30+0200,4432c355-9488-4e0d-b987-b7dab09a434c,2026-06-11T15:45:00Z,2026-06-11T17:45:00+0200,45604.46,MW,FR,FR,actual_load,Actual Load,2026-07-05T12:20:00Z
2026-07-05T12:19:30Z,2026-07-05T14:19:30+0200,4432c355-9488-4e0d-b987-b7dab09a434c,2026-06-11T16:00:00Z,2026-06-11T18:00:00+0200,46230.74,MW,FR,FR,actual_load,Actual Load,2026-07-05T12:20:00Z
2026-07-05T12:19:30Z,2026-07-05T14:19:30+0200,4432c355-9488-4e0d-b987-b7dab09a434c,2026-06-11T16:15:00Z,2026-06-11T18:15:00+0200,46835.67,MW,FR,FR,actual_load,Actual Load,2026-07-05T12:20:00Z
2026-07-05T12:19:30Z,2026-07-05T14:19:30+0200,4432c355-9488-4e0d-b987-b7dab09a434c,2026-06-11T16:30:00Z,2026-06-11T18:30:00+0200,47252.15,MW,FR,FR,actual_load,Actual Load,2026-07-05T12:20:00Z
2026-07-05T12:19:30Z,2026-07-05T14:19:30+0200,4432c355-9488-4e0d-b987-b7dab09a434c,2026-06-11T16:45:00Z,2026-06-11T18:45:00+0200,47520.23,MW,FR,FR,actual_load,Actual Load,2026-07-05T12:20:00Z
2026-07-05T12:19:30Z,2026-07-05T14:19:30+0200,4432c355-9488-4e0d-b987-b7dab09a434c,2026-06-11T17:00:00Z,2026-06-11T19:00:00+0200,48141.91,MW,FR,FR,actual_load,Actual Load,2026-07-05T12:20:00Z
2026-07-05T12:19:30Z,2026-07-05T14:19:30+0200,4432c355-9488-4e0d-b987-b7dab09a434c,2026-06-11T17:15:00Z,2026-06-11T19:15:00+0200,48269.64,MW,FR,FR,actual_load,Actual Load,2026-07-05T12:20:00Z
2026-07-05T12:19:30Z,2026-07-05T14:19:30+0200,4432c355-9488-4e0d-b987-b7dab09a434c,2026-06-11T17:30:00Z,2026-06-11T19:30:00+0200,47809.28,MW,FR,FR,actual_load,Actual Load,2026-07-05T12:20:00Z
2026-07-05T12:19:30Z,2026-07-05T14:19:30+0200,4432c355-9488-4e0d-b987-b7dab09a434c,2026-06-11T17:45:00Z,2026-06-11T19:45:00+0200,47208.44,MW,FR,FR,actual_load,Actual Load,2026-07-05T12:20:00Z
2026-07-05T12:19:30Z,2026-07-05T14:19:30+0200,4432c355-9488-4e0d-b987-b7dab09a434c,2026-06-11T18:00:00Z,2026-06-11T20:00:00+0200,46799.75,MW,FR,FR,actual_load,Actual Load,2026-07-05T12:20:00Z
2026-07-05T12:19:30Z,2026-07-05T14:19:30+0200,4432c355-9488-4e0d-b987-b7dab09a434c,2026-06-11T18:15:00Z,2026-06-11T20:15:00+0200,46042.11,MW,FR,FR,actual_load,Actual Load,2026-07-05T12:20:00Z
2026-07-05T12:19:30Z,2026-07-05T14:19:30+0200,4432c355-9488-4e0d-b987-b7dab09a434c,2026-06-11T18:30:00Z,2026-06-11T20:30:00+0200,45436.94,MW,FR,FR,actual_load,Actual Load,2026-07-05T12:20:00Z
2026-07-05T12:19:30Z,2026-07-05T14:19:30+0200,4432c355-9488-4e0d-b987-b7dab09a434c,2026-06-11T18:45:00Z,2026-06-11T20:45:00+0200,44944.36,MW,FR,FR,actual_load,Actual Load,2026-07-05T12:20:00Z
2026-07-05T12:19:30Z,2026-07-05T14:19:30+0200,4432c355-9488-4e0d-b987-b7dab09a434c,2026-06-11T19:00:00Z,2026-06-11T21:00:00+0200,44770.44,MW,FR,FR,actual_load,Actual Load,2026-07-05T12:20:00Z
2026-07-05T12:19:30Z,2026-07-05T14:19:30+0200,4432c355-9488-4e0d-b987-b7dab09a434c,2026-06-11T19:15:00Z,2026-06-11T21:15:00+0200,44352.14,MW,FR,FR,actual_load,Actual Load,2026-07-05T12:20:00Z
2026-07-05T12:19:30Z,2026-07-05T14:19:30+0200,4432c355-9488-4e0d-b987-b7dab09a434c,2026-06-11T19:30:00Z,2026-06-11T21:30:00+0200,44206.55,MW,FR,FR,actual_load,Actual Load,2026-07-05T12:20:00Z
2026-07-05T12:19:30Z,2026-07-05T14:19:30+0200,4432c355-9488-4e0d-b987-b7dab09a434c,2026-06-11T19:45:00Z,2026-06-11T21:45:00+0200,43873.52,MW,FR,FR,actual_load,Actual Load,2026-07-05T12:20:00Z
2026-07-05T12:19:30Z,2026-07-05T14:19:30+0200,4432c355-9488-4e0d-b987-b7dab09a434c,2026-06-11T20:00:00Z,2026-06-11T22:00:00+0200,45166.41,MW,FR,FR,actual_load,Actual Load,2026-07-05T12:20:00Z
2026-07-05T12:19:30Z,2026-07-05T14:19:30+0200,4432c355-9488-4e0d-b987-b7dab09a434c,2026-06-11T20:15:00Z,2026-06-11T22:15:00+0200,44839.32,MW,FR,FR,actual_load,Actual Load,2026-07-05T12:20:00Z
2026-07-05T12:19:30Z,2026-07-05T14:19:30+0200,4432c355-9488-4e0d-b987-b7dab09a434c,2026-06-11T20:30:00Z,2026-06-11T22:30:00+0200,45947.06,MW,FR,FR,actual_load,Actual Load,2026-07-05T12:20:00Z
2026-07-05T12:19:30Z,2026-07-05T14:19:30+0200,4432c355-9488-4e0d-b987-b7dab09a434c,2026-06-11T20:45:00Z,2026-06-11T22:45:00+0200,45502.91,MW,FR,FR,actual_load,Actual Load,2026-07-05T12:20:00Z
2026-07-05T12:19:30Z,2026-07-05T14:19:30+0200,4432c355-9488-4e0d-b987-b7dab09a434c,2026-06-11T21:00:00Z,2026-06-11T23:00:00+0200,45444.95,MW,FR,FR,actual_load,Actual Load,2026-07-05T12:20:00Z
2026-07-05T12:19:30Z,2026-07-05T14:19:30+0200,4432c355-9488-4e0d-b987-b7dab09a434c,2026-06-11T21:15:00Z,2026-06-11T23:15:00+0200,44499.84,MW,FR,FR,actual_load,Actual Load,2026-07-05T12:20:00Z
2026-07-05T12:19:30Z,2026-07-05T14:19:30+0200,4432c355-9488-4e0d-b987-b7dab09a434c,2026-06-11T21:30:00Z,2026-06-11T23:30:00+0200,44989.74,MW,FR,FR,actual_load,Actual Load,2026-07-05T12:20:00Z
2026-07-05T12:19:30Z,2026-07-05T14:19:30+0200,4432c355-9488-4e0d-b987-b7dab09a434c,2026-06-11T21:45:00Z,2026-06-11T23:45:00+0200,44232.86,MW,FR,FR,actual_load,Actual Load,2026-07-05T12:20:00Z
2026-07-05T12:19:30Z,2026-07-05T14:19:30+0200,4432c355-9488-4e0d-b987-b7dab09a434c,2026-06-11T22:00:00Z,2026-06-12T00:00:00+0200,44150.71,MW,FR,FR,actual_load,Actual Load,2026-07-05T12:20:00Z
2026-07-05T12:19:30Z,2026-07-05T14:19:30+0200,4432c355-9488-4e0d-b987-b7dab09a434c,2026-06-11T22:15:00Z,2026-06-12T00:15:00+0200,43098.63,MW,FR,FR,actual_load,Actual Load,2026-07-05T12:20:00Z
2026-07-05T12:19:30Z,2026-07-05T14:19:30+0200,4432c355-9488-4e0d-b987-b7dab09a434c,2026-06-11T22:30:00Z,2026-06-12T00:30:00+0200,41856.36,MW,FR,FR,actual_load,Actual Load,2026-07-05T12:20:00Z
2026-07-05T12:19:30Z,2026-07-05T14:19:30+0200,4432c355-9488-4e0d-b987-b7dab09a434c,2026-06-11T22:45:00Z,2026-06-12T00:45:00+0200,40957.66,MW,FR,FR,actual_load,Actual Load,2026-07-05T12:20:00Z
2026-07-05T12:19:30Z,2026-07-05T14:19:30+0200,4432c355-9488-4e0d-b987-b7dab09a434c,2026-06-11T23:00:00Z,2026-06-12T01:00:00+0200,41131.13,MW,FR,FR,actual_load,Actual Load,2026-07-05T12:20:00Z
2026-07-05T12:19:30Z,2026-07-05T14:19:30+0200,4432c355-9488-4e0d-b987-b7dab09a434c,2026-06-11T23:15:00Z,2026-06-12T01:15:00+0200,40614.96,MW,FR,FR,actual_load,Actual Load,2026-07-05T12:20:00Z
2026-07-05T12:19:30Z,2026-07-05T14:19:30+0200,4432c355-9488-4e0d-b987-b7dab09a434c,2026-06-11T23:30:00Z,2026-06-12T01:30:00+0200,40483.5,MW,FR,FR,actual_load,Actual Load,2026-07-05T12:20:00Z
2026-07-05T12:19:30Z,2026-07-05T14:19:30+0200,4432c355-9488-4e0d-b987-b7dab09a434c,2026-06-11T23:45:00Z,2026-06-12T01:45:00+0200,39696.77,MW,FR,FR,actual_load,Actual Load,2026-07-05T12:20:00Z
2026-07-05T12:19:30Z,2026-07-05T14:19:30+0200,4432c355-9488-4e0d-b987-b7dab09a434c,2026-06-12T00:00:00Z,2026-06-12T02:00:00+0200,39444.83,MW,FR,FR,actual_load,Actual Load,2026-07-05T12:20:00Z
2026-07-05T12:19:30Z,2026-07-05T14:19:30+0200,4432c355-9488-4e0d-b987-b7dab09a434c,2026-06-12T00:15:00Z,2026-06-12T02:15:00+0200,38551.42,MW,FR,FR,actual_load,Actual Load,2026-07-05T12:20:00Z
2026-07-05T12:19:30Z,2026-07-05T14:19:30+0200,4432c355-9488-4e0d-b987-b7dab09a434c,2026-06-12T00:30:00Z,2026-06-12T02:30:00+0200,37787.71,MW,FR,FR,actual_load,Actual Load,2026-07-05T12:20:00Z
2026-07-05T12:19:30Z,2026-07-05T14:19:30+0200,4432c355-9488-4e0d-b987-b7dab09a434c,2026-06-12T00:45:00Z,2026-06-12T02:45:00+0200,36973.5,MW,FR,FR,actual_load,Actual Load,2026-07-05T12:20:00Z
2026-07-05T12:19:30Z,2026-07-05T14:19:30+0200,4432c355-9488-4e0d-b987-b7dab09a434c,2026-06-12T01:00:00Z,2026-06-12T03:00:00+0200,36527.82,MW,FR,FR,actual_load,Actual Load,2026-07-05T12:20:00Z
2026-07-05T12:19:30Z,2026-07-05T14:19:30+0200,4432c355-9488-4e0d-b987-b7dab09a434c,2026-06-12T01:15:00Z,2026-06-12T03:15:00+0200,36170.96,MW,FR,FR,actual_load,Actual Load,2026-07-05T12:20:00Z
2026-07-05T12:19:30Z,2026-07-05T14:19:30+0200,4432c355-9488-4e0d-b987-b7dab09a434c,2026-06-12T01:30:00Z,2026-06-12T03:30:00+0200,35801.35,MW,FR,FR,actual_load,Actual Load,2026-07-05T12:20:00Z
2026-07-05T12:19:30Z,2026-07-05T14:19:30+0200,4432c355-9488-4e0d-b987-b7dab09a434c,2026-06-12T01:45:00Z,2026-06-12T03:45:00+0200,35624.65,MW,FR,FR,actual_load,Actual Load,2026-07-05T12:20:00Z
2026-07-05T12:19:30Z,2026-07-05T14:19:30+0200,4432c355-9488-4e0d-b987-b7dab09a434c,2026-06-12T02:00:00Z,2026-06-12T04:00:00+0200,35604.11,MW,FR,FR,actual_load,Actual Load,2026-07-05T12:20:00Z
2026-07-05T12:19:30Z,2026-07-05T14:19:30+0200,4432c355-9488-4e0d-b987-b7dab09a434c,2026-06-12T02:15:00Z,2026-06-12T04:15:00+0200,35502.83,MW,FR,FR,actual_load,Actual Load,2026-07-05T12:20:00Z
2026-07-05T12:19:30Z,2026-07-05T14:19:30+0200,4432c355-9488-4e0d-b987-b7dab09a434c,2026-06-12T02:30:00Z,2026-06-12T04:30:00+0200,35445.48,MW,FR,FR,actual_load,Actual Load,2026-07-05T12:20:00Z
2026-07-05T12:19:30Z,2026-07-05T14:19:30+0200,4432c355-9488-4e0d-b987-b7dab09a434c,2026-06-12T02:45:00Z,2026-06-12T04:45:00+0200,35622.84,MW,FR,FR,actual_load,Actual Load,2026-07-05T12:20:00Z
2026-07-05T12:19:30Z,2026-07-05T14:19:30+0200,4432c355-9488-4e0d-b987-b7dab09a434c,2026-06-12T03:00:00Z,2026-06-12T05:00:00+0200,36327.86,MW,FR,FR,actual_load,Actual Load,2026-07-05T12:20:00Z
2026-07-05T12:19:30Z,2026-07-05T14:19:30+0200,4432c355-9488-4e0d-b987-b7dab09a434c,2026-06-12T03:15:00Z,2026-06-12T05:15:00+0200,36684.82,MW,FR,FR,actual_load,Actual Load,2026-07-05T12:20:00Z
2026-07-05T12:19:30Z,2026-07-05T14:19:30+0200,4432c355-9488-4e0d-b987-b7dab09a434c,2026-06-12T03:30:00Z,2026-06-12T05:30:00+0200,37052.34,MW,FR,FR,actual_load,Actual Load,2026-07-05T12:20:00Z
2026-07-05T12:19:30Z,2026-07-05T14:19:30+0200,4432c355-9488-4e0d-b987-b7dab09a434c,2026-06-12T03:45:00Z,2026-06-12T05:45:00+0200,37390.67,MW,FR,FR,actual_load,Actual Load,2026-07-05T12:20:00Z
2026-07-05T12:19:30Z,2026-07-05T14:19:30+0200,4432c355-9488-4e0d-b987-b7dab09a434c,2026-06-12T04:00:00Z,2026-06-12T06:00:00+0200,38543.75,MW,FR,FR,actual_load,Actual Load,2026-07-05T12:20:00Z
2026-07-05T12:19:30Z,2026-07-05T14:19:30+0200,4432c355-9488-4e0d-b987-b7dab09a434c,2026-06-12T04:15:00Z,2026-06-12T06:15:00+0200,39436.8,MW,FR,FR,actual_load,Actual Load,2026-07-05T12:20:00Z
2026-07-05T12:19:30Z,2026-07-05T14:19:30+0200,4432c355-9488-4e0d-b987-b7dab09a434c,2026-06-12T04:30:00Z,2026-06-12T06:30:00+0200,40046.06,MW,FR,FR,actual_load,Actual Load,2026-07-05T12:20:00Z
2026-07-05T12:19:30Z,2026-07-05T14:19:30+0200,4432c355-9488-4e0d-b987-b7dab09a434c,2026-06-12T04:45:00Z,2026-06-12T06:45:00+0200,40938.28,MW,FR,FR,actual_load,Actual Load,2026-07-05T12:20:00Z
2026-07-05T12:19:30Z,2026-07-05T14:19:30+0200,4432c355-9488-4e0d-b987-b7dab09a434c,2026-06-12T05:00:00Z,2026-06-12T07:00:00+0200,41925.72,MW,FR,FR,actual_load,Actual Load,2026-07-05T12:20:00Z
2026-07-05T12:19:30Z,2026-07-05T14:19:30+0200,4432c355-9488-4e0d-b987-b7dab09a434c,2026-06-12T05:15:00Z,2026-06-12T07:15:00+0200,42843.1,MW,FR,FR,actual_load,Actual Load,2026-07-05T12:20:00Z
2026-07-05T12:19:30Z,2026-07-05T14:19:30+0200,4432c355-9488-4e0d-b987-b7dab09a434c,2026-06-12T05:30:00Z,2026-06-12T07:30:00+0200,43612.19,MW,FR,FR,actual_load,Actual Load,2026-07-05T12:20:00Z
2026-07-05T12:19:30Z,2026-07-05T14:19:30+0200,4432c355-9488-4e0d-b987-b7dab09a434c,2026-06-12T05:45:00Z,2026-06-12T07:45:00+0200,44436.0,MW,FR,FR,actual_load,Actual Load,2026-07-05T12:20:00Z
2026-07-05T12:19:30Z,2026-07-05T14:19:30+0200,4432c355-9488-4e0d-b987-b7dab09a434c,2026-06-12T06:00:00Z,2026-06-12T08:00:00+0200,45244.34,MW,FR,FR,actual_load,Actual Load,2026-07-05T12:20:00Z
2026-07-05T12:19:30Z,2026-07-05T14:19:30+0200,4432c355-9488-4e0d-b987-b7dab09a434c,2026-06-12T06:15:00Z,2026-06-12T08:15:00+0200,45549.35,MW,FR,FR,actual_load,Actual Load,2026-07-05T12:20:00Z
2026-07-05T12:19:30Z,2026-07-05T14:19:30+0200,4432c355-9488-4e0d-b987-b7dab09a434c,2026-06-12T06:30:00Z,2026-06-12T08:30:00+0200,46258.6,MW,FR,FR,actual_load,Actual Load,2026-07-05T12:20:00Z
2026-07-05T12:19:30Z,2026-07-05T14:19:30+0200,4432c355-9488-4e0d-b987-b7dab09a434c,2026-06-12T06:45:00Z,2026-06-12T08:45:00+0200,46503.38,MW,FR,FR,actual_load,Actual Load,2026-07-05T12:20:00Z
2026-07-05T12:19:30Z,2026-07-05T14:19:30+0200,4432c355-9488-4e0d-b987-b7dab09a434c,2026-06-12T07:00:00Z,2026-06-12T09:00:00+0200,46725.5,MW,FR,FR,actual_load,Actual Load,2026-07-05T12:20:00Z
2026-07-05T12:19:30Z,2026-07-05T14:19:30+0200,4432c355-9488-4e0d-b987-b7dab09a434c,2026-06-12T07:15:00Z,2026-06-12T09:15:00+0200,46974.28,MW,FR,FR,actual_load,Actual Load,2026-07-05T12:20:00Z
2026-07-05T12:19:30Z,2026-07-05T14:19:30+0200,4432c355-9488-4e0d-b987-b7dab09a434c,2026-06-12T07:30:00Z,2026-06-12T09:30:00+0200,47315.75,MW,FR,FR,actual_load,Actual Load,2026-07-05T12:20:00Z
2026-07-05T12:19:30Z,2026-07-05T14:19:30+0200,4432c355-9488-4e0d-b987-b7dab09a434c,2026-06-12T07:45:00Z,2026-06-12T09:45:00+0200,47517.5,MW,FR,FR,actual_load,Actual Load,2026-07-05T12:20:00Z
2026-07-05T12:19:30Z,2026-07-05T14:19:30+0200,4432c355-9488-4e0d-b987-b7dab09a434c,2026-06-12T08:00:00Z,2026-06-12T10:00:00+0200,47715.5,MW,FR,FR,actual_load,Actual Load,2026-07-05T12:20:00Z
2026-07-05T12:19:30Z,2026-07-05T14:19:30+0200,4432c355-9488-4e0d-b987-b7dab09a434c,2026-06-12T08:15:00Z,2026-06-12T10:15:00+0200,47697.43,MW,FR,FR,actual_load,Actual Load,2026-07-05T12:20:00Z
2026-07-05T12:19:30Z,2026-07-05T14:19:30+0200,4432c355-9488-4e0d-b987-b7dab09a434c,2026-06-12T08:30:00Z,2026-06-12T10:30:00+0200,47424.14,MW,FR,FR,actual_load,Actual Load,2026-07-05T12:20:00Z
2026-07-05T12:19:30Z,2026-07-05T14:19:30+0200,4432c355-9488-4e0d-b987-b7dab09a434c,2026-06-12T08:45:00Z,2026-06-12T10:45:00+0200,47193.68,MW,FR,FR,actual_load,Actual Load,2026-07-05T12:20:00Z
2026-07-05T12:19:30Z,2026-07-05T14:19:30+0200,4432c355-9488-4e0d-b987-b7dab09a434c,2026-06-12T09:00:00Z,2026-06-12T11:00:00+0200,47459.84,MW,FR,FR,actual_load,Actual Load,2026-07-05T12:20:00Z
2026-07-05T12:19:30Z,2026-07-05T14:19:30+0200,4432c355-9488-4e0d-b987-b7dab09a434c,2026-06-12T09:15:00Z,2026-06-12T11:15:00+0200,47477.95,MW,FR,FR,actual_load,Actual Load,2026-07-05T12:20:00Z
2026-07-05T12:19:30Z,2026-07-05T14:19:30+0200,4432c355-9488-4e0d-b987-b7dab09a434c,2026-06-12T09:30:00Z,2026-06-12T11:30:00+0200,47629.89,MW,FR,FR,actual_load,Actual Load,2026-07-05T12:20:00Z
2026-07-05T12:19:30Z,2026-07-05T14:19:30+0200,4432c355-9488-4e0d-b987-b7dab09a434c,2026-06-12T09:45:00Z,2026-06-12T11:45:00+0200,47616.19,MW,FR,FR,actual_load,Actual Load,2026-07-05T12:20:00Z
2026-07-05T12:19:30Z,2026-07-05T14:19:30+0200,4432c355-9488-4e0d-b987-b7dab09a434c,2026-06-12T10:00:00Z,2026-06-12T12:00:00+0200,47898.0,MW,FR,FR,actual_load,Actual Load,2026-07-05T12:20:00Z
2026-07-05T12:19:30Z,2026-07-05T14:19:30+0200,4432c355-9488-4e0d-b987-b7dab09a434c,2026-06-12T10:15:00Z,2026-06-12T12:15:00+0200,48023.75,MW,FR,FR,actual_load,Actual Load,2026-07-05T12:20:00Z
2026-07-05T12:19:30Z,2026-07-05T14:19:30+0200,4432c355-9488-4e0d-b987-b7dab09a434c,2026-06-12T10:30:00Z,2026-06-12T12:30:00+0200,48365.1,MW,FR,FR,actual_load,Actual Load,2026-07-05T12:20:00Z
2026-07-05T12:19:30Z,2026-07-05T14:19:30+0200,4432c355-9488-4e0d-b987-b7dab09a434c,2026-06-12T10:45:00Z,2026-06-12T12:45:00+0200,47643.5,MW,FR,FR,actual_load,Actual Load,2026-07-05T12:20:00Z
2026-07-05T12:19:30Z,2026-07-05T14:19:30+0200,4432c355-9488-4e0d-b987-b7dab09a434c,2026-06-12T11:00:00Z,2026-06-12T13:00:00+0200,47486.07,MW,FR,FR,actual_load,Actual Load,2026-07-05T12:20:00Z
2026-07-05T12:19:30Z,2026-07-05T14:19:30+0200,4432c355-9488-4e0d-b987-b7dab09a434c,2026-06-12T11:15:00Z,2026-06-12T13:15:00+0200,46750.79,MW,FR,FR,actual_load,Actual Load,2026-07-05T12:20:00Z
2026-07-05T12:19:30Z,2026-07-05T14:19:30+0200,4432c355-9488-4e0d-b987-b7dab09a434c,2026-06-12T11:30:00Z,2026-06-12T13:30:00+0200,46131.55,MW,FR,FR,actual_load,Actual Load,2026-07-05T12:20:00Z
2026-07-05T12:19:30Z,2026-07-05T14:19:30+0200,4432c355-9488-4e0d-b987-b7dab09a434c,2026-06-12T11:45:00Z,2026-06-12T13:45:00+0200,45987.53,MW,FR,FR,actual_load,Actual Load,2026-07-05T12:20:00Z
2026-07-05T12:19:30Z,2026-07-05T14:19:30+0200,4432c355-9488-4e0d-b987-b7dab09a434c,2026-06-12T12:00:00Z,2026-06-12T14:00:00+0200,46517.46,MW,FR,FR,actual_load,Actual Load,2026-07-05T12:20:00Z
2026-07-05T12:19:30Z,2026-07-05T14:19:30+0200,4432c355-9488-4e0d-b987-b7dab09a434c,2026-06-12T12:15:00Z,2026-06-12T14:15:00+0200,46613.98,MW,FR,FR,actual_load,Actual Load,2026-07-05T12:20:00Z
2026-07-05T12:19:30Z,2026-07-05T14:19:30+0200,4432c355-9488-4e0d-b987-b7dab09a434c,2026-06-12T12:30:00Z,2026-06-12T14:30:00+0200,46517.5,MW,FR,FR,actual_load,Actual Load,2026-07-05T12:20:00Z
2026-07-05T12:19:30Z,2026-07-05T14:19:30+0200,4432c355-9488-4e0d-b987-b7dab09a434c,2026-06-12T12:45:00Z,2026-06-12T14:45:00+0200,46295.43,MW,FR,FR,actual_load,Actual Load,2026-07-05T12:20:00Z
2026-07-05T12:19:30Z,2026-07-05T14:19:30+0200,4432c355-9488-4e0d-b987-b7dab09a434c,2026-06-12T13:00:00Z,2026-06-12T15:00:00+0200,46367.81,MW,FR,FR,actual_load,Actual Load,2026-07-05T12:20:00Z
2026-07-05T12:19:30Z,2026-07-05T14:19:30+0200,4432c355-9488-4e0d-b987-b7dab09a434c,2026-06-12T13:15:00Z,2026-06-12T15:15:00+0200,46024.4,MW,FR,FR,actual_load,Actual Load,2026-07-05T12:20:00Z
2026-07-05T12:19:30Z,2026-07-05T14:19:30+0200,4432c355-9488-4e0d-b987-b7dab09a434c,2026-06-12T13:30:00Z,2026-06-12T15:30:00+0200,45485.25,MW,FR,FR,actual_load,Actual Load,2026-07-05T12:20:00Z
2026-07-05T12:19:30Z,2026-07-05T14:19:30+0200,4432c355-9488-4e0d-b987-b7dab09a434c,2026-06-12T13:45:00Z,2026-06-12T15:45:00+0200,45289.07,MW,FR,FR,actual_load,Actual Load,2026-07-05T12:20:00Z
2026-07-05T12:19:30Z,2026-07-05T14:19:30+0200,4432c355-9488-4e0d-b987-b7dab09a434c,2026-06-12T14:00:00Z,2026-06-12T16:00:00+0200,45137.78,MW,FR,FR,actual_load,Actual Load,2026-07-05T12:20:00Z
2026-07-05T12:19:30Z,2026-07-05T14:19:30+0200,4432c355-9488-4e0d-b987-b7dab09a434c,2026-06-12T14:15:00Z,2026-06-12T16:15:00+0200,44746.77,MW,FR,FR,actual_load,Actual Load,2026-07-05T12:20:00Z
2026-07-05T12:19:30Z,2026-07-05T14:19:30+0200,4432c355-9488-4e0d-b987-b7dab09a434c,2026-06-12T14:30:00Z,2026-06-12T16:30:00+0200,44007.89,MW,FR,FR,actual_load,Actual Load,2026-07-05T12:20:00Z
2026-07-05T12:19:30Z,2026-07-05T14:19:30+0200,4432c355-9488-4e0d-b987-b7dab09a434c,2026-06-12T14:45:00Z,2026-06-12T16:45:00+0200,43946.95,MW,FR,FR,actual_load,Actual Load,2026-07-05T12:20:00Z
2026-07-05T12:19:30Z,2026-07-05T14:19:30+0200,4432c355-9488-4e0d-b987-b7dab09a434c,2026-06-12T15:00:00Z,2026-06-12T17:00:00+0200,43952.59,MW,FR,FR,actual_load,Actual Load,2026-07-05T12:20:00Z
2026-07-05T12:19:30Z,2026-07-05T14:19:30+0200,4432c355-9488-4e0d-b987-b7dab09a434c,2026-06-12T15:15:00Z,2026-06-12T17:15:00+0200,44135.37,MW,FR,FR,actual_load,Actual Load,2026-07-05T12:20:00Z
2026-07-05T12:19:30Z,2026-07-05T14:19:30+0200,4432c355-9488-4e0d-b987-b7dab09a434c,2026-06-12T15:30:00Z,2026-06-12T17:30:00+0200,44772.5,MW,FR,FR,actual_load,Actual Load,2026-07-05T12:20:00Z
2026-07-05T12:19:30Z,2026-07-05T14:19:30+0200,4432c355-9488-4e0d-b987-b7dab09a434c,2026-06-12T15:45:00Z,2026-06-12T17:45:00+0200,45451.28,MW,FR,FR,actual_load,Actual Load,2026-07-05T12:20:00Z
2026-07-05T12:19:30Z,2026-07-05T14:19:30+0200,4432c355-9488-4e0d-b987-b7dab09a434c,2026-06-12T16:00:00Z,2026-06-12T18:00:00+0200,45512.34,MW,FR,FR,actual_load,Actual Load,2026-07-05T12:20:00Z
2026-07-05T12:19:30Z,2026-07-05T14:19:30+0200,4432c355-9488-4e0d-b987-b7dab09a434c,2026-06-12T16:15:00Z,2026-06-12T18:15:00+0200,46133.41,MW,FR,FR,actual_load,Actual Load,2026-07-05T12:20:00Z
2026-07-05T12:19:30Z,2026-07-05T14:19:30+0200,4432c355-9488-4e0d-b987-b7dab09a434c,2026-06-12T16:30:00Z,2026-06-12T18:30:00+0200,46635.93,MW,FR,FR,actual_load,Actual Load,2026-07-05T12:20:00Z
2026-07-05T12:19:30Z,2026-07-05T14:19:30+0200,4432c355-9488-4e0d-b987-b7dab09a434c,2026-06-12T16:45:00Z,2026-06-12T18:45:00+0200,47184.33,MW,FR,FR,actual_load,Actual Load,2026-07-05T12:20:00Z
2026-07-05T12:19:30Z,2026-07-05T14:19:30+0200,4432c355-9488-4e0d-b987-b7dab09a434c,2026-06-12T17:00:00Z,2026-06-12T19:00:00+0200,47392.89,MW,FR,FR,actual_load,Actual Load,2026-07-05T12:20:00Z
2026-07-05T12:19:30Z,2026-07-05T14:19:30+0200,4432c355-9488-4e0d-b987-b7dab09a434c,2026-06-12T17:15:00Z,2026-06-12T19:15:00+0200,47220.59,MW,FR,FR,actual_load,Actual Load,2026-07-05T12:20:00Z
2026-07-05T12:19:30Z,2026-07-05T14:19:30+0200,4432c355-9488-4e0d-b987-b7dab09a434c,2026-06-12T17:30:00Z,2026-06-12T19:30:00+0200,46802.06,MW,FR,FR,actual_load,Actual Load,2026-07-05T12:20:00Z
2026-07-05T12:19:30Z,2026-07-05T14:19:30+0200,4432c355-9488-4e0d-b987-b7dab09a434c,2026-06-12T17:45:00Z,2026-06-12T19:45:00+0200,46269.82,MW,FR,FR,actual_load,Actual Load,2026-07-05T12:20:00Z
2026-07-05T12:19:30Z,2026-07-05T14:19:30+0200,4432c355-9488-4e0d-b987-b7dab09a434c,2026-06-12T18:00:00Z,2026-06-12T20:00:00+0200,45699.93,MW,FR,FR,actual_load,Actual Load,2026-07-05T12:20:00Z
2026-07-05T12:19:30Z,2026-07-05T14:19:30+0200,4432c355-9488-4e0d-b987-b7dab09a434c,2026-06-12T18:15:00Z,2026-06-12T20:15:00+0200,45165.82,MW,FR,FR,actual_load,Actual Load,2026-07-05T12:20:00Z
2026-07-05T12:19:30Z,2026-07-05T14:19:30+0200,4432c355-9488-4e0d-b987-b7dab09a434c,2026-06-12T18:30:00Z,2026-06-12T20:30:00+0200,44552.3,MW,FR,FR,actual_load,Actual Load,2026-07-05T12:20:00Z
2026-07-05T12:19:30Z,2026-07-05T14:19:30+0200,4432c355-9488-4e0d-b987-b7dab09a434c,2026-06-12T18:45:00Z,2026-06-12T20:45:00+0200,44255.46,MW,FR,FR,actual_load,Actual Load,2026-07-05T12:20:00Z
2026-07-05T12:19:30Z,2026-07-05T14:19:30+0200,4432c355-9488-4e0d-b987-b7dab09a434c,2026-06-12T19:00:00Z,2026-06-12T21:00:00+0200,44097.19,MW,FR,FR,actual_load,Actual Load,2026-07-05T12:20:00Z
2026-07-05T12:19:30Z,2026-07-05T14:19:30+0200,4432c355-9488-4e0d-b987-b7dab09a434c,2026-06-12T19:15:00Z,2026-06-12T21:15:00+0200,43698.78,MW,FR,FR,actual_load,Actual Load,2026-07-05T12:20:00Z
2026-07-05T12:19:30Z,2026-07-05T14:19:30+0200,4432c355-9488-4e0d-b987-b7dab09a434c,2026-06-12T19:30:00Z,2026-06-12T21:30:00+0200,43462.33,MW,FR,FR,actual_load,Actual Load,2026-07-05T12:20:00Z
2026-07-05T12:19:30Z,2026-07-05T14:19:30+0200,4432c355-9488-4e0d-b987-b7dab09a434c,2026-06-12T19:45:00Z,2026-06-12T21:45:00+0200,43297.37,MW,FR,FR,actual_load,Actual Load,2026-07-05T12:20:00Z
2026-07-05T12:19:30Z,2026-07-05T14:19:30+0200,4432c355-9488-4e0d-b987-b7dab09a434c,2026-06-12T20:00:00Z,2026-06-12T22:00:00+0200,44816.89,MW,FR,FR,actual_load,Actual Load,2026-07-05T12:20:00Z
2026-07-05T12:19:30Z,2026-07-05T14:19:30+0200,4432c355-9488-4e0d-b987-b7dab09a434c,2026-06-12T20:15:00Z,2026-06-12T22:15:00+0200,44643.45,MW,FR,FR,actual_load,Actual Load,2026-07-05T12:20:00Z
2026-07-05T12:19:30Z,2026-07-05T14:19:30+0200,4432c355-9488-4e0d-b987-b7dab09a434c,2026-06-12T20:30:00Z,2026-06-12T22:30:00+0200,45926.39,MW,FR,FR,actual_load,Actual Load,2026-07-05T12:20:00Z
2026-07-05T12:19:30Z,2026-07-05T14:19:30+0200,4432c355-9488-4e0d-b987-b7dab09a434c,2026-06-12T20:45:00Z,2026-06-12T22:45:00+0200,45452.01,MW,FR,FR,actual_load,Actual Load,2026-07-05T12:20:00Z
2026-07-05T12:19:30Z,2026-07-05T14:19:30+0200,4432c355-9488-4e0d-b987-b7dab09a434c,2026-06-12T21:00:00Z,2026-06-12T23:00:00+0200,45299.89,MW,FR,FR,actual_load,Actual Load,2026-07-05T12:20:00Z
2026-07-05T12:19:30Z,2026-07-05T14:19:30+0200,4432c355-9488-4e0d-b987-b7dab09a434c,2026-06-12T21:15:00Z,2026-06-12T23:15:00+0200,44448.74,MW,FR,FR,actual_load,Actual Load,2026-07-05T12:20:00Z
2026-07-05T12:19:30Z,2026-07-05T14:19:30+0200,4432c355-9488-4e0d-b987-b7dab09a434c,2026-06-12T21:30:00Z,2026-06-12T23:30:00+0200,44640.27,MW,FR,FR,actual_load,Actual Load,2026-07-05T12:20:00Z
2026-07-05T12:19:30Z,2026-07-05T14:19:30+0200,4432c355-9488-4e0d-b987-b7dab09a434c,2026-06-12T21:45:00Z,2026-06-12T23:45:00+0200,43821.73,MW,FR,FR,actual_load,Actual Load,2026-07-05T12:20:00Z
2026-07-05T12:19:30Z,2026-07-05T14:19:30+0200,4432c355-9488-4e0d-b987-b7dab09a434c,2026-06-12T22:00:00Z,2026-06-13T00:00:00+0200,43837.07,MW,FR,FR,actual_load,Actual Load,2026-07-05T12:20:00Z
2026-07-05T12:19:30Z,2026-07-05T14:19:30+0200,4432c355-9488-4e0d-b987-b7dab09a434c,2026-06-12T22:15:00Z,2026-06-13T00:15:00+0200,42823.69,MW,FR,FR,actual_load,Actual Load,2026-07-05T12:20:00Z
2026-07-05T12:19:30Z,2026-07-05T14:19:30+0200,4432c355-9488-4e0d-b987-b7dab09a434c,2026-06-12T22:30:00Z,2026-06-13T00:30:00+0200,41424.48,MW,FR,FR,actual_load,Actual Load,2026-07-05T12:20:00Z
2026-07-05T12:19:30Z,2026-07-05T14:19:30+0200,4432c355-9488-4e0d-b987-b7dab09a434c,2026-06-12T22:45:00Z,2026-06-13T00:45:00+0200,40434.74,MW,FR,FR,actual_load,Actual Load,2026-07-05T12:20:00Z
2026-07-05T12:19:30Z,2026-07-05T14:19:30+0200,4432c355-9488-4e0d-b987-b7dab09a434c,2026-06-12T23:00:00Z,2026-06-13T01:00:00+0200,40846.58,MW,FR,FR,actual_load,Actual Load,2026-07-05T12:20:00Z
2026-07-05T12:19:30Z,2026-07-05T14:19:30+0200,4432c355-9488-4e0d-b987-b7dab09a434c,2026-06-12T23:15:00Z,2026-06-13T01:15:00+0200,40192.76,MW,FR,FR,actual_load,Actual Load,2026-07-05T12:20:00Z
2026-07-05T12:19:30Z,2026-07-05T14:19:30+0200,4432c355-9488-4e0d-b987-b7dab09a434c,2026-06-12T23:30:00Z,2026-06-13T01:30:00+0200,39744.64,MW,FR,FR,actual_load,Actual Load,2026-07-05T12:20:00Z
2026-07-05T12:19:30Z,2026-07-05T14:19:30+0200,4432c355-9488-4e0d-b987-b7dab09a434c,2026-06-12T23:45:00Z,2026-06-13T01:45:00+0200,39012.09,MW,FR,FR,actual_load,Actual Load,2026-07-05T12:20:00Z
2026-07-05T12:19:30Z,2026-07-05T14:19:30+0200,4432c355-9488-4e0d-b987-b7dab09a434c,2026-06-13T00:00:00Z,2026-06-13T02:00:00+0200,38499.8,MW,FR,FR,actual_load,Actual Load,2026-07-05T12:20:00Z
2026-07-05T12:19:30Z,2026-07-05T14:19:30+0200,4432c355-9488-4e0d-b987-b7dab09a434c,2026-06-13T00:15:00Z,2026-06-13T02:15:00+0200,37745.09,MW,FR,FR,actual_load,Actual Load,2026-07-05T12:20:00Z
2026-07-05T12:19:30Z,2026-07-05T14:19:30+0200,4432c355-9488-4e0d-b987-b7dab09a434c,2026-06-13T00:30:00Z,2026-06-13T02:30:00+0200,36956.8,MW,FR,FR,actual_load,Actual Load,2026-07-05T12:20:00Z
2026-07-05T12:19:30Z,2026-07-05T14:19:30+0200,4432c355-9488-4e0d-b987-b7dab09a434c,2026-06-13T00:45:00Z,2026-06-13T02:45:00+0200,36177.48,MW,FR,FR,actual_load,Actual Load,2026-07-05T12:20:00Z
2026-07-05T12:19:30Z,2026-07-05T14:19:30+0200,4432c355-9488-4e0d-b987-b7dab09a434c,2026-06-13T01:00:00Z,2026-06-13T03:00:00+0200,35657.82,MW,FR,FR,actual_load,Actual Load,2026-07-05T12:20:00Z
2026-07-05T12:19:30Z,2026-07-05T14:19:30+0200,4432c355-9488-4e0d-b987-b7dab09a434c,2026-06-13T01:15:00Z,2026-06-13T03:15:00+0200,35165.76,MW,FR,FR,actual_load,Actual Load,2026-07-05T12:20:00Z
2026-07-05T12:19:30Z,2026-07-05T14:19:30+0200,4432c355-9488-4e0d-b987-b7dab09a434c,2026-06-13T01:30:00Z,2026-06-13T03:30:00+0200,34897.81,MW,FR,FR,actual_load,Actual Load,2026-07-05T12:20:00Z
2026-07-05T12:19:30Z,2026-07-05T14:19:30+0200,4432c355-9488-4e0d-b987-b7dab09a434c,2026-06-13T01:45:00Z,2026-06-13T03:45:00+0200,34356.78,MW,FR,FR,actual_load,Actual Load,2026-07-05T12:20:00Z
2026-07-05T12:19:30Z,2026-07-05T14:19:30+0200,4432c355-9488-4e0d-b987-b7dab09a434c,2026-06-13T02:00:00Z,2026-06-13T04:00:00+0200,34265.21,MW,FR,FR,actual_load,Actual Load,2026-07-05T12:20:00Z
2026-07-05T12:19:30Z,2026-07-05T14:19:30+0200,4432c355-9488-4e0d-b987-b7dab09a434c,2026-06-13T02:15:00Z,2026-06-13T04:15:00+0200,34025.7,MW,FR,FR,actual_load,Actual Load,2026-07-05T12:20:00Z
2026-07-05T12:19:30Z,2026-07-05T14:19:30+0200,4432c355-9488-4e0d-b987-b7dab09a434c,2026-06-13T02:30:00Z,2026-06-13T04:30:00+0200,33801.49,MW,FR,FR,actual_load,Actual Load,2026-07-05T12:20:00Z
2026-07-05T12:19:30Z,2026-07-05T14:19:30+0200,4432c355-9488-4e0d-b987-b7dab09a434c,2026-06-13T02:45:00Z,2026-06-13T04:45:00+0200,33760.09,MW,FR,FR,actual_load,Actual Load,2026-07-05T12:20:00Z
2026-07-05T12:19:30Z,2026-07-05T14:19:30+0200,4432c355-9488-4e0d-b987-b7dab09a434c,2026-06-13T03:00:00Z,2026-06-13T05:00:00+0200,33848.59,MW,FR,FR,actual_load,Actual Load,2026-07-05T12:20:00Z
2026-07-05T12:19:30Z,2026-07-05T14:19:30+0200,4432c355-9488-4e0d-b987-b7dab09a434c,2026-06-13T03:15:00Z,2026-06-13T05:15:00+0200,33783.69,MW,FR,FR,actual_load,Actual Load,2026-07-05T12:20:00Z
2026-07-05T12:19:30Z,2026-07-05T14:19:30+0200,4432c355-9488-4e0d-b987-b7dab09a434c,2026-06-13T03:30:00Z,2026-06-13T05:30:00+0200,33766.98,MW,FR,FR,actual_load,Actual Load,2026-07-05T12:20:00Z
2026-07-05T12:19:30Z,2026-07-05T14:19:30+0200,4432c355-9488-4e0d-b987-b7dab09a434c,2026-06-13T03:45:00Z,2026-06-13T05:45:00+0200,33623.28,MW,FR,FR,actual_load,Actual Load,2026-07-05T12:20:00Z
2026-07-05T12:19:30Z,2026-07-05T14:19:30+0200,4432c355-9488-4e0d-b987-b7dab09a434c,2026-06-13T04:00:00Z,2026-06-13T06:00:00+0200,33722.84,MW,FR,FR,actual_load,Actual Load,2026-07-05T12:20:00Z
2026-07-05T12:19:30Z,2026-07-05T14:19:30+0200,4432c355-9488-4e0d-b987-b7dab09a434c,2026-06-13T04:15:00Z,2026-06-13T06:15:00+0200,33817.59,MW,FR,FR,actual_load,Actual Load,2026-07-05T12:20:00Z
2026-07-05T12:19:30Z,2026-07-05T14:19:30+0200,4432c355-9488-4e0d-b987-b7dab09a434c,2026-06-13T04:30:00Z,2026-06-13T06:30:00+0200,33948.02,MW,FR,FR,actual_load,Actual Load,2026-07-05T12:20:00Z
2026-07-05T12:19:30Z,2026-07-05T14:19:30+0200,4432c355-9488-4e0d-b987-b7dab09a434c,2026-06-13T04:45:00Z,2026-06-13T06:45:00+0200,34312.14,MW,FR,FR,actual_load,Actual Load,2026-07-05T12:20:00Z
2026-07-05T12:19:30Z,2026-07-05T14:19:30+0200,4432c355-9488-4e0d-b987-b7dab09a434c,2026-06-13T05:00:00Z,2026-06-13T07:00:00+0200,34528.77,MW,FR,FR,actual_load,Actual Load,2026-07-05T12:20:00Z
2026-07-05T12:19:30Z,2026-07-05T14:19:30+0200,4432c355-9488-4e0d-b987-b7dab09a434c,2026-06-13T05:15:00Z,2026-06-13T07:15:00+0200,34772.59,MW,FR,FR,actual_load,Actual Load,2026-07-05T12:20:00Z
2026-07-05T12:19:30Z,2026-07-05T14:19:30+0200,4432c355-9488-4e0d-b987-b7dab09a434c,2026-06-13T05:30:00Z,2026-06-13T07:30:00+0200,34992.8,MW,FR,FR,actual_load,Actual Load,2026-07-05T12:20:00Z
2026-07-05T12:19:30Z,2026-07-05T14:19:30+0200,4432c355-9488-4e0d-b987-b7dab09a434c,2026-06-13T05:45:00Z,2026-06-13T07:45:00+0200,35261.1,MW,FR,FR,actual_load,Actual Load,2026-07-05T12:20:00Z
2026-07-05T12:19:30Z,2026-07-05T14:19:30+0200,4432c355-9488-4e0d-b987-b7dab09a434c,2026-06-13T06:00:00Z,2026-06-13T08:00:00+0200,35772.41,MW,FR,FR,actual_load,Actual Load,2026-07-05T12:20:00Z
2026-07-05T12:19:30Z,2026-07-05T14:19:30+0200,4432c355-9488-4e0d-b987-b7dab09a434c,2026-06-13T06:15:00Z,2026-06-13T08:15:00+0200,36103.77,MW,FR,FR,actual_load,Actual Load,2026-07-05T12:20:00Z
2026-07-05T12:19:30Z,2026-07-05T14:19:30+0200,4432c355-9488-4e0d-b987-b7dab09a434c,2026-06-13T06:30:00Z,2026-06-13T08:30:00+0200,36598.61,MW,FR,FR,actual_load,Actual Load,2026-07-05T12:20:00Z
2026-07-05T12:19:30Z,2026-07-05T14:19:30+0200,4432c355-9488-4e0d-b987-b7dab09a434c,2026-06-13T06:45:00Z,2026-06-13T08:45:00+0200,37410.35,MW,FR,FR,actual_load,Actual Load,2026-07-05T12:20:00Z
2026-07-05T12:19:30Z,2026-07-05T14:19:30+0200,4432c355-9488-4e0d-b987-b7dab09a434c,2026-06-13T07:00:00Z,2026-06-13T09:00:00+0200,37774.71,MW,FR,FR,actual_load,Actual Load,2026-07-05T12:20:00Z
2026-07-05T12:19:30Z,2026-07-05T14:19:30+0200,4432c355-9488-4e0d-b987-b7dab09a434c,2026-06-13T07:15:00Z,2026-06-13T09:15:00+0200,37843.39,MW,FR,FR,actual_load,Actual Load,2026-07-05T12:20:00Z
2026-07-05T12:19:30Z,2026-07-05T14:19:30+0200,4432c355-9488-4e0d-b987-b7dab09a434c,2026-06-13T07:30:00Z,2026-06-13T09:30:00+0200,38458.28,MW,FR,FR,actual_load,Actual Load,2026-07-05T12:20:00Z
2026-07-05T12:19:30Z,2026-07-05T14:19:30+0200,4432c355-9488-4e0d-b987-b7dab09a434c,2026-06-13T07:45:00Z,2026-06-13T09:45:00+0200,38721.58,MW,FR,FR,actual_load,Actual Load,2026-07-05T12:20:00Z
2026-07-05T12:19:30Z,2026-07-05T14:19:30+0200,4432c355-9488-4e0d-b987-b7dab09a434c,2026-06-13T08:00:00Z,2026-06-13T10:00:00+0200,39281.45,MW,FR,FR,actual_load,Actual Load,2026-07-05T12:20:00Z
2026-07-05T12:19:30Z,2026-07-05T14:19:30+0200,4432c355-9488-4e0d-b987-b7dab09a434c,2026-06-13T08:15:00Z,2026-06-13T10:15:00+0200,39255.17,MW,FR,FR,actual_load,Actual Load,2026-07-05T12:20:00Z
2026-07-05T12:19:30Z,2026-07-05T14:19:30+0200,4432c355-9488-4e0d-b987-b7dab09a434c,2026-06-13T08:30:00Z,2026-06-13T10:30:00+0200,39452.23,MW,FR,FR,actual_load,Actual Load,2026-07-05T12:20:00Z
2026-07-05T12:19:30Z,2026-07-05T14:19:30+0200,4432c355-9488-4e0d-b987-b7dab09a434c,2026-06-13T08:45:00Z,2026-06-13T10:45:00+0200,39539.33,MW,FR,FR,actual_load,Actual Load,2026-07-05T12:20:00Z
2026-07-05T12:19:30Z,2026-07-05T14:19:30+0200,4432c355-9488-4e0d-b987-b7dab09a434c,2026-06-13T09:00:00Z,2026-06-13T11:00:00+0200,40620.37,MW,FR,FR,actual_load,Actual Load,2026-07-05T12:20:00Z
2026-07-05T12:19:30Z,2026-07-05T14:19:30+0200,4432c355-9488-4e0d-b987-b7dab09a434c,2026-06-13T09:15:00Z,2026-06-13T11:15:00+0200,41147.22,MW,FR,FR,actual_load,Actual Load,2026-07-05T12:20:00Z
2026-07-05T12:19:30Z,2026-07-05T14:19:30+0200,4432c355-9488-4e0d-b987-b7dab09a434c,2026-06-13T09:30:00Z,2026-06-13T11:30:00+0200,41647.22,MW,FR,FR,actual_load,Actual Load,2026-07-05T12:20:00Z
2026-07-05T12:19:30Z,2026-07-05T14:19:30+0200,4432c355-9488-4e0d-b987-b7dab09a434c,2026-06-13T09:45:00Z,2026-06-13T11:45:00+0200,42147.22,MW,FR,FR,actual_load,Actual Load,2026-07-05T12:20:00Z
2026-07-05T12:19:30Z,2026-07-05T14:19:30+0200,4432c355-9488-4e0d-b987-b7dab09a434c,2026-06-13T10:00:00Z,2026-06-13T12:00:00+0200,42688.36,MW,FR,FR,actual_load,Actual Load,2026-07-05T12:20:00Z
2026-07-05T12:19:30Z,2026-07-05T14:19:30+0200,4432c355-9488-4e0d-b987-b7dab09a434c,2026-06-13T10:15:00Z,2026-06-13T12:15:00+0200,42841.97,MW,FR,FR,actual_load,Actual Load,2026-07-05T12:20:00Z
2026-07-05T12:19:30Z,2026-07-05T14:19:30+0200,4432c355-9488-4e0d-b987-b7dab09a434c,2026-06-13T10:30:00Z,2026-06-13T12:30:00+0200,43508.71,MW,FR,FR,actual_load,Actual Load,2026-07-05T12:20:00Z
2026-07-05T12:19:30Z,2026-07-05T14:19:30+0200,4432c355-9488-4e0d-b987-b7dab09a434c,2026-06-13T10:45:00Z,2026-06-13T12:45:00+0200,43271.81,MW,FR,FR,actual_load,Actual Load,2026-07-05T12:20:00Z
2026-07-05T12:19:30Z,2026-07-05T14:19:30+0200,4432c355-9488-4e0d-b987-b7dab09a434c,2026-06-13T11:00:00Z,2026-06-13T13:00:00+0200,42711.87,MW,FR,FR,actual_load,Actual Load,2026-07-05T12:20:00Z
2026-07-05T12:19:30Z,2026-07-05T14:19:30+0200,4432c355-9488-4e0d-b987-b7dab09a434c,2026-06-13T11:15:00Z,2026-06-13T13:15:00+0200,41971.09,MW,FR,FR,actual_load,Actual Load,2026-07-05T12:20:00Z
2026-07-05T12:19:30Z,2026-07-05T14:19:30+0200,4432c355-9488-4e0d-b987-b7dab09a434c,2026-06-13T11:30:00Z,2026-06-13T13:30:00+0200,41477.8,MW,FR,FR,actual_load,Actual Load,2026-07-05T12:20:00Z
2026-07-05T12:19:30Z,2026-07-05T14:19:30+0200,4432c355-9488-4e0d-b987-b7dab09a434c,2026-06-13T11:45:00Z,2026-06-13T13:45:00+0200,41464.41,MW,FR,FR,actual_load,Actual Load,2026-07-05T12:20:00Z
2026-07-05T12:19:30Z,2026-07-05T14:19:30+0200,4432c355-9488-4e0d-b987-b7dab09a434c,2026-06-13T12:00:00Z,2026-06-13T14:00:00+0200,42162.59,MW,FR,FR,actual_load,Actual Load,2026-07-05T12:20:00Z
2026-07-05T12:19:30Z,2026-07-05T14:19:30+0200,4432c355-9488-4e0d-b987-b7dab09a434c,2026-06-13T12:15:00Z,2026-06-13T14:15:00+0200,41973.16,MW,FR,FR,actual_load,Actual Load,2026-07-05T12:20:00Z
2026-07-05T12:19:30Z,2026-07-05T14:19:30+0200,4432c355-9488-4e0d-b987-b7dab09a434c,2026-06-13T12:30:00Z,2026-06-13T14:30:00+0200,42073.64,MW,FR,FR,actual_load,Actual Load,2026-07-05T12:20:00Z
2026-07-05T12:19:30Z,2026-07-05T14:19:30+0200,4432c355-9488-4e0d-b987-b7dab09a434c,2026-06-13T12:45:00Z,2026-06-13T14:45:00+0200,41916.05,MW,FR,FR,actual_load,Actual Load,2026-07-05T12:20:00Z
2026-07-05T12:19:30Z,2026-07-05T14:19:30+0200,4432c355-9488-4e0d-b987-b7dab09a434c,2026-06-13T13:00:00Z,2026-06-13T15:00:00+0200,41961.31,MW,FR,FR,actual_load,Actual Load,2026-07-05T12:20:00Z
2026-07-05T12:19:30Z,2026-07-05T14:19:30+0200,4432c355-9488-4e0d-b987-b7dab09a434c,2026-06-13T13:15:00Z,2026-06-13T15:15:00+0200,41389.98,MW,FR,FR,actual_load,Actual Load,2026-07-05T12:20:00Z
2026-07-05T12:19:30Z,2026-07-05T14:19:30+0200,4432c355-9488-4e0d-b987-b7dab09a434c,2026-06-13T13:30:00Z,2026-06-13T15:30:00+0200,41029.18,MW,FR,FR,actual_load,Actual Load,2026-07-05T12:20:00Z
2026-07-05T12:19:30Z,2026-07-05T14:19:30+0200,4432c355-9488-4e0d-b987-b7dab09a434c,2026-06-13T13:45:00Z,2026-06-13T15:45:00+0200,40687.03,MW,FR,FR,actual_load,Actual Load,2026-07-05T12:20:00Z
2026-07-05T12:19:30Z,2026-07-05T14:19:30+0200,4432c355-9488-4e0d-b987-b7dab09a434c,2026-06-13T14:00:00Z,2026-06-13T16:00:00+0200,40391.96,MW,FR,FR,actual_load,Actual Load,2026-07-05T12:20:00Z
2026-07-05T12:19:30Z,2026-07-05T14:19:30+0200,4432c355-9488-4e0d-b987-b7dab09a434c,2026-06-13T14:15:00Z,2026-06-13T16:15:00+0200,40446.16,MW,FR,FR,actual_load,Actual Load,2026-07-05T12:20:00Z
2026-07-05T12:19:30Z,2026-07-05T14:19:30+0200,4432c355-9488-4e0d-b987-b7dab09a434c,2026-06-13T14:30:00Z,2026-06-13T16:30:00+0200,40586.27,MW,FR,FR,actual_load,Actual Load,2026-07-05T12:20:00Z
2026-07-05T12:19:30Z,2026-07-05T14:19:30+0200,4432c355-9488-4e0d-b987-b7dab09a434c,2026-06-13T14:45:00Z,2026-06-13T16:45:00+0200,40564.35,MW,FR,FR,actual_load,Actual Load,2026-07-05T12:20:00Z
2026-07-05T12:19:30Z,2026-07-05T14:19:30+0200,4432c355-9488-4e0d-b987-b7dab09a434c,2026-06-13T15:00:00Z,2026-06-13T17:00:00+0200,40734.84,MW,FR,FR,actual_load,Actual Load,2026-07-05T12:20:00Z
2026-07-05T12:19:30Z,2026-07-05T14:19:30+0200,4432c355-9488-4e0d-b987-b7dab09a434c,2026-06-13T15:15:00Z,2026-06-13T17:15:00+0200,40898.74,MW,FR,FR,actual_load,Actual Load,2026-07-05T12:20:00Z
2026-07-05T12:19:30Z,2026-07-05T14:19:30+0200,4432c355-9488-4e0d-b987-b7dab09a434c,2026-06-13T15:30:00Z,2026-06-13T17:30:00+0200,41415.24,MW,FR,FR,actual_load,Actual Load,2026-07-05T12:20:00Z
2026-07-05T12:19:30Z,2026-07-05T14:19:30+0200,4432c355-9488-4e0d-b987-b7dab09a434c,2026-06-13T15:45:00Z,2026-06-13T17:45:00+0200,41624.05,MW,FR,FR,actual_load,Actual Load,2026-07-05T12:20:00Z
2026-07-05T12:19:30Z,2026-07-05T14:19:30+0200,4432c355-9488-4e0d-b987-b7dab09a434c,2026-06-13T16:00:00Z,2026-06-13T18:00:00+0200,41673.61,MW,FR,FR,actual_load,Actual Load,2026-07-05T12:20:00Z
2026-07-05T12:19:30Z,2026-07-05T14:19:30+0200,4432c355-9488-4e0d-b987-b7dab09a434c,2026-06-13T16:15:00Z,2026-06-13T18:15:00+0200,41723.61,MW,FR,FR,actual_load,Actual Load,2026-07-05T12:20:00Z
2026-07-05T12:19:30Z,2026-07-05T14:19:30+0200,4432c355-9488-4e0d-b987-b7dab09a434c,2026-06-13T16:30:00Z,2026-06-13T18:30:00+0200,41773.61,MW,FR,FR,actual_load,Actual Load,2026-07-05T12:20:00Z
2026-07-05T12:19:30Z,2026-07-05T14:19:30+0200,4432c355-9488-4e0d-b987-b7dab09a434c,2026-06-13T16:45:00Z,2026-06-13T18:45:00+0200,41910.41,MW,FR,FR,actual_load,Actual Load,2026-07-05T12:20:00Z
2026-07-05T12:19:30Z,2026-07-05T14:19:30+0200,4432c355-9488-4e0d-b987-b7dab09a434c,2026-06-13T17:00:00Z,2026-06-13T19:00:00+0200,42162.73,MW,FR,FR,actual_load,Actual Load,2026-07-05T12:20:00Z
2026-07-05T12:19:30Z,2026-07-05T14:19:30+0200,4432c355-9488-4e0d-b987-b7dab09a434c,2026-06-13T17:15:00Z,2026-06-13T19:15:00+0200,42318.62,MW,FR,FR,actual_load,Actual Load,2026-07-05T12:20:00Z
2026-07-05T12:19:30Z,2026-07-05T14:19:30+0200,4432c355-9488-4e0d-b987-b7dab09a434c,2026-06-13T17:30:00Z,2026-06-13T19:30:00+0200,42277.27,MW,FR,FR,actual_load,Actual Load,2026-07-05T12:20:00Z
2026-07-05T12:19:30Z,2026-07-05T14:19:30+0200,4432c355-9488-4e0d-b987-b7dab09a434c,2026-06-13T17:45:00Z,2026-06-13T19:45:00+0200,42017.76,MW,FR,FR,actual_load,Actual Load,2026-07-05T12:20:00Z
2026-07-05T12:19:30Z,2026-07-05T14:19:30+0200,4432c355-9488-4e0d-b987-b7dab09a434c,2026-06-13T18:00:00Z,2026-06-13T20:00:00+0200,41615.1,MW,FR,FR,actual_load,Actual Load,2026-07-05T12:20:00Z
2026-07-05T12:19:30Z,2026-07-05T14:19:30+0200,4432c355-9488-4e0d-b987-b7dab09a434c,2026-06-13T18:15:00Z,2026-06-13T20:15:00+0200,41196.43,MW,FR,FR,actual_load,Actual Load,2026-07-05T12:20:00Z
2026-07-05T12:19:30Z,2026-07-05T14:19:30+0200,4432c355-9488-4e0d-b987-b7dab09a434c,2026-06-13T18:30:00Z,2026-06-13T20:30:00+0200,40751.21,MW,FR,FR,actual_load,Actual Load,2026-07-05T12:20:00Z
2026-07-05T12:19:30Z,2026-07-05T14:19:30+0200,4432c355-9488-4e0d-b987-b7dab09a434c,2026-06-13T18:45:00Z,2026-06-13T20:45:00+0200,40403.78,MW,FR,FR,actual_load,Actual Load,2026-07-05T12:20:00Z
2026-07-05T12:19:30Z,2026-07-05T14:19:30+0200,4432c355-9488-4e0d-b987-b7dab09a434c,2026-06-13T19:00:00Z,2026-06-13T21:00:00+0200,40470.59,MW,FR,FR,actual_load,Actual Load,2026-07-05T12:20:00Z
2026-07-05T12:19:30Z,2026-07-05T14:19:30+0200,4432c355-9488-4e0d-b987-b7dab09a434c,2026-06-13T19:15:00Z,2026-06-13T21:15:00+0200,40179.04,MW,FR,FR,actual_load,Actual Load,2026-07-05T12:20:00Z
2026-07-05T12:19:30Z,2026-07-05T14:19:30+0200,4432c355-9488-4e0d-b987-b7dab09a434c,2026-06-13T19:30:00Z,2026-06-13T21:30:00+0200,40064.86,MW,FR,FR,actual_load,Actual Load,2026-07-05T12:20:00Z
2026-07-05T12:19:30Z,2026-07-05T14:19:30+0200,4432c355-9488-4e0d-b987-b7dab09a434c,2026-06-13T19:45:00Z,2026-06-13T21:45:00+0200,39991.15,MW,FR,FR,actual_load,Actual Load,2026-07-05T12:20:00Z
2026-07-05T12:19:30Z,2026-07-05T14:19:30+0200,4432c355-9488-4e0d-b987-b7dab09a434c,2026-06-13T20:00:00Z,2026-06-13T22:00:00+0200,41472.27,MW,FR,FR,actual_load,Actual Load,2026-07-05T12:20:00Z
2026-07-05T12:19:30Z,2026-07-05T14:19:30+0200,4432c355-9488-4e0d-b987-b7dab09a434c,2026-06-13T20:15:00Z,2026-06-13T22:15:00+0200,41531.03,MW,FR,FR,actual_load,Actual Load,2026-07-05T12:20:00Z
2026-07-05T12:19:30Z,2026-07-05T14:19:30+0200,4432c355-9488-4e0d-b987-b7dab09a434c,2026-06-13T20:30:00Z,2026-06-13T22:30:00+0200,43019.27,MW,FR,FR,actual_load,Actual Load,2026-07-05T12:20:00Z
2026-07-05T12:19:30Z,2026-07-05T14:19:30+0200,4432c355-9488-4e0d-b987-b7dab09a434c,2026-06-13T20:45:00Z,2026-06-13T22:45:00+0200,42708.03,MW,FR,FR,actual_load,Actual Load,2026-07-05T12:20:00Z
2026-07-05T12:19:30Z,2026-07-05T14:19:30+0200,4432c355-9488-4e0d-b987-b7dab09a434c,2026-06-13T21:00:00Z,2026-06-13T23:00:00+0200,42612.43,MW,FR,FR,actual_load,Actual Load,2026-07-05T12:20:00Z
2026-07-05T12:19:30Z,2026-07-05T14:19:30+0200,4432c355-9488-4e0d-b987-b7dab09a434c,2026-06-13T21:15:00Z,2026-06-13T23:15:00+0200,42084.84,MW,FR,FR,actual_load,Actual Load,2026-07-05T12:20:00Z
2026-07-05T12:19:30Z,2026-07-05T14:19:30+0200,4432c355-9488-4e0d-b987-b7dab09a434c,2026-06-13T21:30:00Z,2026-06-13T23:30:00+0200,42494.97,MW,FR,FR,actual_load,Actual Load,2026-07-05T12:20:00Z
2026-07-05T12:19:30Z,2026-07-05T14:19:30+0200,4432c355-9488-4e0d-b987-b7dab09a434c,2026-06-13T21:45:00Z,2026-06-13T23:45:00+0200,41548.93,MW,FR,FR,actual_load,Actual Load,2026-07-05T12:20:00Z
2026-07-05T12:19:30Z,2026-07-05T14:19:30+0200,4432c355-9488-4e0d-b987-b7dab09a434c,2026-06-13T22:00:00Z,2026-06-14T00:00:00+0200,41471.12,MW,FR,FR,actual_load,Actual Load,2026-07-05T12:20:00Z
2026-07-05T12:19:30Z,2026-07-05T14:19:30+0200,4432c355-9488-4e0d-b987-b7dab09a434c,2026-06-13T22:15:00Z,2026-06-14T00:15:00+0200,40629.31,MW,FR,FR,actual_load,Actual Load,2026-07-05T12:20:00Z
2026-07-05T12:19:30Z,2026-07-05T14:19:30+0200,4432c355-9488-4e0d-b987-b7dab09a434c,2026-06-13T22:30:00Z,2026-06-14T00:30:00+0200,39384.22,MW,FR,FR,actual_load,Actual Load,2026-07-05T12:20:00Z
2026-07-05T12:19:30Z,2026-07-05T14:19:30+0200,4432c355-9488-4e0d-b987-b7dab09a434c,2026-06-13T22:45:00Z,2026-06-14T00:45:00+0200,38380.7,MW,FR,FR,actual_load,Actual Load,2026-07-05T12:20:00Z
2026-07-05T12:19:30Z,2026-07-05T14:19:30+0200,4432c355-9488-4e0d-b987-b7dab09a434c,2026-06-13T23:00:00Z,2026-06-14T01:00:00+0200,38658.38,MW,FR,FR,actual_load,Actual Load,2026-07-05T12:20:00Z
2026-07-05T12:19:30Z,2026-07-05T14:19:30+0200,4432c355-9488-4e0d-b987-b7dab09a434c,2026-06-13T23:15:00Z,2026-06-14T01:15:00+0200,38075.4,MW,FR,FR,actual_load,Actual Load,2026-07-05T12:20:00Z
2026-07-05T12:19:30Z,2026-07-05T14:19:30+0200,4432c355-9488-4e0d-b987-b7dab09a434c,2026-06-13T23:30:00Z,2026-06-14T01:30:00+0200,37925.09,MW,FR,FR,actual_load,Actual Load,2026-07-05T12:20:00Z
2026-07-05T12:19:30Z,2026-07-05T14:19:30+0200,4432c355-9488-4e0d-b987-b7dab09a434c,2026-06-13T23:45:00Z,2026-06-14T01:45:00+0200,37147.48,MW,FR,FR,actual_load,Actual Load,2026-07-05T12:20:00Z
2026-07-05T12:19:30Z,2026-07-05T14:19:30+0200,4432c355-9488-4e0d-b987-b7dab09a434c,2026-06-14T00:00:00Z,2026-06-14T02:00:00+0200,36645.23,MW,FR,FR,actual_load,Actual Load,2026-07-05T12:20:00Z
2026-07-05T12:19:30Z,2026-07-05T14:19:30+0200,4432c355-9488-4e0d-b987-b7dab09a434c,2026-06-14T00:15:00Z,2026-06-14T02:15:00+0200,35683.47,MW,FR,FR,actual_load,Actual Load,2026-07-05T12:20:00Z
2026-07-05T12:19:30Z,2026-07-05T14:19:30+0200,4432c355-9488-4e0d-b987-b7dab09a434c,2026-06-14T00:30:00Z,2026-06-14T02:30:00+0200,34899.87,MW,FR,FR,actual_load,Actual Load,2026-07-05T12:20:00Z
2026-07-05T12:19:30Z,2026-07-05T14:19:30+0200,4432c355-9488-4e0d-b987-b7dab09a434c,2026-06-14T00:45:00Z,2026-06-14T02:45:00+0200,34162.38,MW,FR,FR,actual_load,Actual Load,2026-07-05T12:20:00Z
2026-07-05T12:19:30Z,2026-07-05T14:19:30+0200,4432c355-9488-4e0d-b987-b7dab09a434c,2026-06-14T01:00:00Z,2026-06-14T03:00:00+0200,33630.76,MW,FR,FR,actual_load,Actual Load,2026-07-05T12:20:00Z
2026-07-05T12:19:30Z,2026-07-05T14:19:30+0200,4432c355-9488-4e0d-b987-b7dab09a434c,2026-06-14T01:15:00Z,2026-06-14T03:15:00+0200,32926.54,MW,FR,FR,actual_load,Actual Load,2026-07-05T12:20:00Z
2026-07-05T12:19:30Z,2026-07-05T14:19:30+0200,4432c355-9488-4e0d-b987-b7dab09a434c,2026-06-14T01:30:00Z,2026-06-14T03:30:00+0200,32549.83,MW,FR,FR,actual_load,Actual Load,2026-07-05T12:20:00Z
2026-07-05T12:19:30Z,2026-07-05T14:19:30+0200,4432c355-9488-4e0d-b987-b7dab09a434c,2026-06-14T01:45:00Z,2026-06-14T03:45:00+0200,32169.18,MW,FR,FR,actual_load,Actual Load,2026-07-05T12:20:00Z
2026-07-05T12:19:30Z,2026-07-05T14:19:30+0200,4432c355-9488-4e0d-b987-b7dab09a434c,2026-06-14T02:00:00Z,2026-06-14T04:00:00+0200,31956.82,MW,FR,FR,actual_load,Actual Load,2026-07-05T12:20:00Z
2026-07-05T12:19:30Z,2026-07-05T14:19:30+0200,4432c355-9488-4e0d-b987-b7dab09a434c,2026-06-14T02:15:00Z,2026-06-14T04:15:00+0200,31683.47,MW,FR,FR,actual_load,Actual Load,2026-07-05T12:20:00Z
2026-07-05T12:19:30Z,2026-07-05T14:19:30+0200,4432c355-9488-4e0d-b987-b7dab09a434c,2026-06-14T02:30:00Z,2026-06-14T04:30:00+0200,31444.16,MW,FR,FR,actual_load,Actual Load,2026-07-05T12:20:00Z
2026-07-05T12:19:30Z,2026-07-05T14:19:30+0200,4432c355-9488-4e0d-b987-b7dab09a434c,2026-06-14T02:45:00Z,2026-06-14T04:45:00+0200,31260.12,MW,FR,FR,actual_load,Actual Load,2026-07-05T12:20:00Z
2026-07-05T12:19:30Z,2026-07-05T14:19:30+0200,4432c355-9488-4e0d-b987-b7dab09a434c,2026-06-14T03:00:00Z,2026-06-14T05:00:00+0200,31445.5,MW,FR,FR,actual_load,Actual Load,2026-07-05T12:20:00Z
2026-07-05T12:19:30Z,2026-07-05T14:19:30+0200,4432c355-9488-4e0d-b987-b7dab09a434c,2026-06-14T03:15:00Z,2026-06-14T05:15:00+0200,31197.07,MW,FR,FR,actual_load,Actual Load,2026-07-05T12:20:00Z
2026-07-05T12:19:30Z,2026-07-05T14:19:30+0200,4432c355-9488-4e0d-b987-b7dab09a434c,2026-06-14T03:30:00Z,2026-06-14T05:30:00+0200,31017.1,MW,FR,FR,actual_load,Actual Load,2026-07-05T12:20:00Z
2026-07-05T12:19:30Z,2026-07-05T14:19:30+0200,4432c355-9488-4e0d-b987-b7dab09a434c,2026-06-14T03:45:00Z,2026-06-14T05:45:00+0200,30905.72,MW,FR,FR,actual_load,Actual Load,2026-07-05T12:20:00Z
2026-07-05T12:19:30Z,2026-07-05T14:19:30+0200,4432c355-9488-4e0d-b987-b7dab09a434c,2026-06-14T04:00:00Z,2026-06-14T06:00:00+0200,30921.66,MW,FR,FR,actual_load,Actual Load,2026-07-05T12:20:00Z
2026-07-05T12:19:30Z,2026-07-05T14:19:30+0200,4432c355-9488-4e0d-b987-b7dab09a434c,2026-06-14T04:15:00Z,2026-06-14T06:15:00+0200,30824.3,MW,FR,FR,actual_load,Actual Load,2026-07-05T12:20:00Z
2026-07-05T12:19:30Z,2026-07-05T14:19:30+0200,4432c355-9488-4e0d-b987-b7dab09a434c,2026-06-14T04:30:00Z,2026-06-14T06:30:00+0200,30755.24,MW,FR,FR,actual_load,Actual Load,2026-07-05T12:20:00Z
2026-07-05T12:19:30Z,2026-07-05T14:19:30+0200,4432c355-9488-4e0d-b987-b7dab09a434c,2026-06-14T04:45:00Z,2026-06-14T06:45:00+0200,30897.76,MW,FR,FR,actual_load,Actual Load,2026-07-05T12:20:00Z
2026-07-05T12:19:30Z,2026-07-05T14:19:30+0200,4432c355-9488-4e0d-b987-b7dab09a434c,2026-06-14T05:00:00Z,2026-06-14T07:00:00+0200,31149.02,MW,FR,FR,actual_load,Actual Load,2026-07-05T12:20:00Z
2026-07-05T12:19:30Z,2026-07-05T14:19:30+0200,4432c355-9488-4e0d-b987-b7dab09a434c,2026-06-14T05:15:00Z,2026-06-14T07:15:00+0200,31661.02,MW,FR,FR,actual_load,Actual Load,2026-07-05T12:20:00Z
2026-07-05T12:19:30Z,2026-07-05T14:19:30+0200,4432c355-9488-4e0d-b987-b7dab09a434c,2026-06-14T05:30:00Z,2026-06-14T07:30:00+0200,31966.1,MW,FR,FR,actual_load,Actual Load,2026-07-05T12:20:00Z
2026-07-05T12:19:30Z,2026-07-05T14:19:30+0200,4432c355-9488-4e0d-b987-b7dab09a434c,2026-06-14T05:45:00Z,2026-06-14T07:45:00+0200,32271.19,MW,FR,FR,actual_load,Actual Load,2026-07-05T12:20:00Z
2026-07-05T12:19:30Z,2026-07-05T14:19:30+0200,4432c355-9488-4e0d-b987-b7dab09a434c,2026-06-14T06:00:00Z,2026-06-14T08:00:00+0200,32575.16,MW,FR,FR,actual_load,Actual Load,2026-07-05T12:20:00Z
2026-07-05T12:19:30Z,2026-07-05T14:19:30+0200,4432c355-9488-4e0d-b987-b7dab09a434c,2026-06-14T06:15:00Z,2026-06-14T08:15:00+0200,33022.2,MW,FR,FR,actual_load,Actual Load,2026-07-05T12:20:00Z
2026-07-05T12:19:30Z,2026-07-05T14:19:30+0200,4432c355-9488-4e0d-b987-b7dab09a434c,2026-06-14T06:30:00Z,2026-06-14T08:30:00+0200,33317.66,MW,FR,FR,actual_load,Actual Load,2026-07-05T12:20:00Z
2026-07-05T12:19:30Z,2026-07-05T14:19:30+0200,4432c355-9488-4e0d-b987-b7dab09a434c,2026-06-14T06:45:00Z,2026-06-14T08:45:00+0200,33634.87,MW,FR,FR,actual_load,Actual Load,2026-07-05T12:20:00Z
2026-07-05T12:19:30Z,2026-07-05T14:19:30+0200,4432c355-9488-4e0d-b987-b7dab09a434c,2026-06-14T07:00:00Z,2026-06-14T09:00:00+0200,34218.33,MW,FR,FR,actual_load,Actual Load,2026-07-05T12:20:00Z
2026-07-05T12:19:30Z,2026-07-05T14:19:30+0200,4432c355-9488-4e0d-b987-b7dab09a434c,2026-06-14T07:15:00Z,2026-06-14T09:15:00+0200,34738.7,MW,FR,FR,actual_load,Actual Load,2026-07-05T12:20:00Z
2026-07-05T12:19:30Z,2026-07-05T14:19:30+0200,4432c355-9488-4e0d-b987-b7dab09a434c,2026-06-14T07:30:00Z,2026-06-14T09:30:00+0200,34934.63,MW,FR,FR,actual_load,Actual Load,2026-07-05T12:20:00Z
2026-07-05T12:19:30Z,2026-07-05T14:19:30+0200,4432c355-9488-4e0d-b987-b7dab09a434c,2026-06-14T07:45:00Z,2026-06-14T09:45:00+0200,35336.99,MW,FR,FR,actual_load,Actual Load,2026-07-05T12:20:00Z
2026-07-05T12:19:30Z,2026-07-05T14:19:30+0200,4432c355-9488-4e0d-b987-b7dab09a434c,2026-06-14T08:00:00Z,2026-06-14T10:00:00+0200,36250.73,MW,FR,FR,actual_load,Actual Load,2026-07-05T12:20:00Z
2026-07-05T12:19:30Z,2026-07-05T14:19:30+0200,4432c355-9488-4e0d-b987-b7dab09a434c,2026-06-14T08:15:00Z,2026-06-14T10:15:00+0200,36624.5,MW,FR,FR,actual_load,Actual Load,2026-07-05T12:20:00Z
2026-07-05T12:19:30Z,2026-07-05T14:19:30+0200,4432c355-9488-4e0d-b987-b7dab09a434c,2026-06-14T08:30:00Z,2026-06-14T10:30:00+0200,36749.43,MW,FR,FR,actual_load,Actual Load,2026-07-05T12:20:00Z
2026-07-05T12:19:30Z,2026-07-05T14:19:30+0200,4432c355-9488-4e0d-b987-b7dab09a434c,2026-06-14T08:45:00Z,2026-06-14T10:45:00+0200,36924.15,MW,FR,FR,actual_load,Actual Load,2026-07-05T12:20:00Z
2026-07-05T12:19:30Z,2026-07-05T14:19:30+0200,4432c355-9488-4e0d-b987-b7dab09a434c,2026-06-14T09:00:00Z,2026-06-14T11:00:00+0200,37424.63,MW,FR,FR,actual_load,Actual Load,2026-07-05T12:20:00Z
2026-07-05T12:19:30Z,2026-07-05T14:19:30+0200,4432c355-9488-4e0d-b987-b7dab09a434c,2026-06-14T09:15:00Z,2026-06-14T11:15:00+0200,37586.32,MW,FR,FR,actual_load,Actual Load,2026-07-05T12:20:00Z
2026-07-05T12:19:30Z,2026-07-05T14:19:30+0200,4432c355-9488-4e0d-b987-b7dab09a434c,2026-06-14T09:30:00Z,2026-06-14T11:30:00+0200,37935.4,MW,FR,FR,actual_load,Actual Load,2026-07-05T12:20:00Z
2026-07-05T12:19:30Z,2026-07-05T14:19:30+0200,4432c355-9488-4e0d-b987-b7dab09a434c,2026-06-14T09:45:00Z,2026-06-14T11:45:00+0200,38398.07,MW,FR,FR,actual_load,Actual Load,2026-07-05T12:20:00Z
2026-07-05T12:19:30Z,2026-07-05T14:19:30+0200,4432c355-9488-4e0d-b987-b7dab09a434c,2026-06-14T10:00:00Z,2026-06-14T12:00:00+0200,39259.04,MW,FR,FR,actual_load,Actual Load,2026-07-05T12:20:00Z
2026-07-05T12:19:30Z,2026-07-05T14:19:30+0200,4432c355-9488-4e0d-b987-b7dab09a434c,2026-06-14T10:15:00Z,2026-06-14T12:15:00+0200,39587.69,MW,FR,FR,actual_load,Actual Load,2026-07-05T12:20:00Z
2026-07-05T12:19:30Z,2026-07-05T14:19:30+0200,4432c355-9488-4e0d-b987-b7dab09a434c,2026-06-14T10:30:00Z,2026-06-14T12:30:00+0200,40063.26,MW,FR,FR,actual_load,Actual Load,2026-07-05T12:20:00Z
2026-07-05T12:19:30Z,2026-07-05T14:19:30+0200,4432c355-9488-4e0d-b987-b7dab09a434c,2026-06-14T10:45:00Z,2026-06-14T12:45:00+0200,39689.59,MW,FR,FR,actual_load,Actual Load,2026-07-05T12:20:00Z
2026-07-05T12:19:30Z,2026-07-05T14:19:30+0200,4432c355-9488-4e0d-b987-b7dab09a434c,2026-06-14T11:00:00Z,2026-06-14T13:00:00+0200,39313.64,MW,FR,FR,actual_load,Actual Load,2026-07-05T12:20:00Z
2026-07-05T12:19:30Z,2026-07-05T14:19:30+0200,4432c355-9488-4e0d-b987-b7dab09a434c,2026-06-14T11:15:00Z,2026-06-14T13:15:00+0200,38586.33,MW,FR,FR,actual_load,Actual Load,2026-07-05T12:20:00Z
2026-07-05T12:19:30Z,2026-07-05T14:19:30+0200,4432c355-9488-4e0d-b987-b7dab09a434c,2026-06-14T11:30:00Z,2026-06-14T13:30:00+0200,37856.16,MW,FR,FR,actual_load,Actual Load,2026-07-05T12:20:00Z
2026-07-05T12:19:30Z,2026-07-05T14:19:30+0200,4432c355-9488-4e0d-b987-b7dab09a434c,2026-06-14T11:45:00Z,2026-06-14T13:45:00+0200,37685.04,MW,FR,FR,actual_load,Actual Load,2026-07-05T12:20:00Z
2026-07-05T12:19:30Z,2026-07-05T14:19:30+0200,4432c355-9488-4e0d-b987-b7dab09a434c,2026-06-14T12:00:00Z,2026-06-14T14:00:00+0200,38450.29,MW,FR,FR,actual_load,Actual Load,2026-07-05T12:20:00Z
2026-07-05T12:19:30Z,2026-07-05T14:19:30+0200,4432c355-9488-4e0d-b987-b7dab09a434c,2026-06-14T12:15:00Z,2026-06-14T14:15:00+0200,38386.49,MW,FR,FR,actual_load,Actual Load,2026-07-05T12:20:00Z
2026-07-05T12:19:30Z,2026-07-05T14:19:30+0200,4432c355-9488-4e0d-b987-b7dab09a434c,2026-06-14T12:30:00Z,2026-06-14T14:30:00+0200,38441.96,MW,FR,FR,actual_load,Actual Load,2026-07-05T12:20:00Z
2026-07-05T12:19:30Z,2026-07-05T14:19:30+0200,4432c355-9488-4e0d-b987-b7dab09a434c,2026-06-14T12:45:00Z,2026-06-14T14:45:00+0200,38117.74,MW,FR,FR,actual_load,Actual Load,2026-07-05T12:20:00Z
2026-07-05T12:19:30Z,2026-07-05T14:19:30+0200,4432c355-9488-4e0d-b987-b7dab09a434c,2026-06-14T13:00:00Z,2026-06-14T15:00:00+0200,38191.4,MW,FR,FR,actual_load,Actual Load,2026-07-05T12:20:00Z
2026-07-05T12:19:30Z,2026-07-05T14:19:30+0200,4432c355-9488-4e0d-b987-b7dab09a434c,2026-06-14T13:15:00Z,2026-06-14T15:15:00+0200,37709.03,MW,FR,FR,actual_load,Actual Load,2026-07-05T12:20:00Z
2026-07-05T12:19:30Z,2026-07-05T14:19:30+0200,4432c355-9488-4e0d-b987-b7dab09a434c,2026-06-14T13:30:00Z,2026-06-14T15:30:00+0200,37371.58,MW,FR,FR,actual_load,Actual Load,2026-07-05T12:20:00Z
2026-07-05T12:19:30Z,2026-07-05T14:19:30+0200,4432c355-9488-4e0d-b987-b7dab09a434c,2026-06-14T13:45:00Z,2026-06-14T15:45:00+0200,36949.47,MW,FR,FR,actual_load,Actual Load,2026-07-05T12:20:00Z
2026-07-05T12:19:30Z,2026-07-05T14:19:30+0200,4432c355-9488-4e0d-b987-b7dab09a434c,2026-06-14T14:00:00Z,2026-06-14T16:00:00+0200,36888.37,MW,FR,FR,actual_load,Actual Load,2026-07-05T12:20:00Z
2026-07-05T12:19:30Z,2026-07-05T14:19:30+0200,4432c355-9488-4e0d-b987-b7dab09a434c,2026-06-14T14:15:00Z,2026-06-14T16:15:00+0200,36552.54,MW,FR,FR,actual_load,Actual Load,2026-07-05T12:20:00Z
2026-07-05T12:19:30Z,2026-07-05T14:19:30+0200,4432c355-9488-4e0d-b987-b7dab09a434c,2026-06-14T14:30:00Z,2026-06-14T16:30:00+0200,36136.45,MW,FR,FR,actual_load,Actual Load,2026-07-05T12:20:00Z
2026-07-05T12:19:30Z,2026-07-05T14:19:30+0200,4432c355-9488-4e0d-b987-b7dab09a434c,2026-06-14T14:45:00Z,2026-06-14T16:45:00+0200,36410.73,MW,FR,FR,actual_load,Actual Load,2026-07-05T12:20:00Z
2026-07-05T12:19:30Z,2026-07-05T14:19:30+0200,4432c355-9488-4e0d-b987-b7dab09a434c,2026-06-14T15:00:00Z,2026-06-14T17:00:00+0200,36819.35,MW,FR,FR,actual_load,Actual Load,2026-07-05T12:20:00Z
2026-07-05T12:19:30Z,2026-07-05T14:19:30+0200,4432c355-9488-4e0d-b987-b7dab09a434c,2026-06-14T15:15:00Z,2026-06-14T17:15:00+0200,37048.02,MW,FR,FR,actual_load,Actual Load,2026-07-05T12:20:00Z
2026-07-05T12:19:30Z,2026-07-05T14:19:30+0200,4432c355-9488-4e0d-b987-b7dab09a434c,2026-06-14T15:30:00Z,2026-06-14T17:30:00+0200,37363.32,MW,FR,FR,actual_load,Actual Load,2026-07-05T12:20:00Z
2026-07-05T12:19:30Z,2026-07-05T14:19:30+0200,4432c355-9488-4e0d-b987-b7dab09a434c,2026-06-14T15:45:00Z,2026-06-14T17:45:00+0200,38355.23,MW,FR,FR,actual_load,Actual Load,2026-07-05T12:20:00Z
2026-07-05T12:19:30Z,2026-07-05T14:19:30+0200,4432c355-9488-4e0d-b987-b7dab09a434c,2026-06-14T16:00:00Z,2026-06-14T18:00:00+0200,39131.39,MW,FR,FR,actual_load,Actual Load,2026-07-05T12:20:00Z
2026-07-05T12:19:30Z,2026-07-05T14:19:30+0200,4432c355-9488-4e0d-b987-b7dab09a434c,2026-06-14T16:15:00Z,2026-06-14T18:15:00+0200,39828.45,MW,FR,FR,actual_load,Actual Load,2026-07-05T12:20:00Z
2026-07-05T12:19:30Z,2026-07-05T14:19:30+0200,4432c355-9488-4e0d-b987-b7dab09a434c,2026-06-14T16:30:00Z,2026-06-14T18:30:00+0200,40467.19,MW,FR,FR,actual_load,Actual Load,2026-07-05T12:20:00Z
2026-07-05T12:19:30Z,2026-07-05T14:19:30+0200,4432c355-9488-4e0d-b987-b7dab09a434c,2026-06-14T16:45:00Z,2026-06-14T18:45:00+0200,41331.25,MW,FR,FR,actual_load,Actual Load,2026-07-05T12:20:00Z
2026-07-05T12:19:30Z,2026-07-05T14:19:30+0200,4432c355-9488-4e0d-b987-b7dab09a434c,2026-06-14T17:00:00Z,2026-06-14T19:00:00+0200,42174.3,MW,FR,FR,actual_load,Actual Load,2026-07-05T12:20:00Z
2026-07-05T12:19:30Z,2026-07-05T14:19:30+0200,4432c355-9488-4e0d-b987-b7dab09a434c,2026-06-14T17:15:00Z,2026-06-14T19:15:00+0200,42338.48,MW,FR,FR,actual_load,Actual Load,2026-07-05T12:20:00Z
2026-07-05T12:19:30Z,2026-07-05T14:19:30+0200,4432c355-9488-4e0d-b987-b7dab09a434c,2026-06-14T17:30:00Z,2026-06-14T19:30:00+0200,42386.06,MW,FR,FR,actual_load,Actual Load,2026-07-05T12:20:00Z
2026-07-05T12:19:30Z,2026-07-05T14:19:30+0200,4432c355-9488-4e0d-b987-b7dab09a434c,2026-06-14T17:45:00Z,2026-06-14T19:45:00+0200,42467.68,MW,FR,FR,actual_load,Actual Load,2026-07-05T12:20:00Z
2026-07-05T12:19:30Z,2026-07-05T14:19:30+0200,4432c355-9488-4e0d-b987-b7dab09a434c,2026-06-14T18:00:00Z,2026-06-14T20:00:00+0200,42545.65,MW,FR,FR,actual_load,Actual Load,2026-07-05T12:20:00Z
2026-07-05T12:19:30Z,2026-07-05T14:19:30+0200,4432c355-9488-4e0d-b987-b7dab09a434c,2026-06-14T18:15:00Z,2026-06-14T20:15:00+0200,42113.12,MW,FR,FR,actual_load,Actual Load,2026-07-05T12:20:00Z
2026-07-05T12:19:30Z,2026-07-05T14:19:30+0200,4432c355-9488-4e0d-b987-b7dab09a434c,2026-06-14T18:30:00Z,2026-06-14T20:30:00+0200,41856.77,MW,FR,FR,actual_load,Actual Load,2026-07-05T12:20:00Z
2026-07-05T12:19:30Z,2026-07-05T14:19:30+0200,4432c355-9488-4e0d-b987-b7dab09a434c,2026-06-14T18:45:00Z,2026-06-14T20:45:00+0200,41599.11,MW,FR,FR,actual_load,Actual Load,2026-07-05T12:20:00Z
2026-07-05T12:19:30Z,2026-07-05T14:19:30+0200,4432c355-9488-4e0d-b987-b7dab09a434c,2026-06-14T19:00:00Z,2026-06-14T21:00:00+0200,41639.7,MW,FR,FR,actual_load,Actual Load,2026-07-05T12:20:00Z
2026-07-05T12:19:30Z,2026-07-05T14:19:30+0200,4432c355-9488-4e0d-b987-b7dab09a434c,2026-06-14T19:15:00Z,2026-06-14T21:15:00+0200,41288.39,MW,FR,FR,actual_load,Actual Load,2026-07-05T12:20:00Z
2026-07-05T12:19:30Z,2026-07-05T14:19:30+0200,4432c355-9488-4e0d-b987-b7dab09a434c,2026-06-14T19:30:00Z,2026-06-14T21:30:00+0200,41160.35,MW,FR,FR,actual_load,Actual Load,2026-07-05T12:20:00Z
2026-07-05T12:19:30Z,2026-07-05T14:19:30+0200,4432c355-9488-4e0d-b987-b7dab09a434c,2026-06-14T19:45:00Z,2026-06-14T21:45:00+0200,40920.97,MW,FR,FR,actual_load,Actual Load,2026-07-05T12:20:00Z
2026-07-05T12:19:30Z,2026-07-05T14:19:30+0200,4432c355-9488-4e0d-b987-b7dab09a434c,2026-06-14T20:00:00Z,2026-06-14T22:00:00+0200,42414.27,MW,FR,FR,actual_load,Actual Load,2026-07-05T12:20:00Z
2026-07-05T12:19:30Z,2026-07-05T14:19:30+0200,4432c355-9488-4e0d-b987-b7dab09a434c,2026-06-14T20:15:00Z,2026-06-14T22:15:00+0200,42241.35,MW,FR,FR,actual_load,Actual Load,2026-07-05T12:20:00Z
2026-07-05T12:19:30Z,2026-07-05T14:19:30+0200,4432c355-9488-4e0d-b987-b7dab09a434c,2026-06-14T20:30:00Z,2026-06-14T22:30:00+0200,43662.74,MW,FR,FR,actual_load,Actual Load,2026-07-05T12:20:00Z
2026-07-05T12:19:30Z,2026-07-05T14:19:30+0200,4432c355-9488-4e0d-b987-b7dab09a434c,2026-06-14T20:45:00Z,2026-06-14T22:45:00+0200,43088.43,MW,FR,FR,actual_load,Actual Load,2026-07-05T12:20:00Z
2026-07-05T12:19:30Z,2026-07-05T14:19:30+0200,4432c355-9488-4e0d-b987-b7dab09a434c,2026-06-14T21:00:00Z,2026-06-14T23:00:00+0200,43106.37,MW,FR,FR,actual_load,Actual Load,2026-07-05T12:20:00Z
2026-07-05T12:19:30Z,2026-07-05T14:19:30+0200,4432c355-9488-4e0d-b987-b7dab09a434c,2026-06-14T21:15:00Z,2026-06-14T23:15:00+0200,42129.15,MW,FR,FR,actual_load,Actual Load,2026-07-05T12:20:00Z
2026-07-05T12:19:30Z,2026-07-05T14:19:30+0200,4432c355-9488-4e0d-b987-b7dab09a434c,2026-06-14T21:30:00Z,2026-06-14T23:30:00+0200,42352.57,MW,FR,FR,actual_load,Actual Load,2026-07-05T12:20:00Z
2026-07-05T12:19:30Z,2026-07-05T14:19:30+0200,4432c355-9488-4e0d-b987-b7dab09a434c,2026-06-14T21:45:00Z,2026-06-14T23:45:00+0200,41406.92,MW,FR,FR,actual_load,Actual Load,2026-07-05T12:20:00Z
2026-07-05T12:19:30Z,2026-07-05T14:19:30+0200,4432c355-9488-4e0d-b987-b7dab09a434c,2026-06-14T22:00:00Z,2026-06-15T00:00:00+0200,41618.26,MW,FR,FR,actual_load,Actual Load,2026-07-05T12:20:00Z
2026-07-05T12:19:30Z,2026-07-05T14:19:30+0200,4432c355-9488-4e0d-b987-b7dab09a434c,2026-06-14T22:15:00Z,2026-06-15T00:15:00+0200,40580.99,MW,FR,FR,actual_load,Actual Load,2026-07-05T12:20:00Z
2026-07-05T12:19:30Z,2026-07-05T14:19:30+0200,4432c355-9488-4e0d-b987-b7dab09a434c,2026-06-14T22:30:00Z,2026-06-15T00:30:00+0200,39095.39,MW,FR,FR,actual_load,Actual Load,2026-07-05T12:20:00Z
2026-07-05T12:19:30Z,2026-07-05T14:19:30+0200,4432c355-9488-4e0d-b987-b7dab09a434c,2026-06-14T22:45:00Z,2026-06-15T00:45:00+0200,38248.7,MW,FR,FR,actual_load,Actual Load,2026-07-05T12:20:00Z
2026-07-05T12:19:30Z,2026-07-05T14:19:30+0200,4432c355-9488-4e0d-b987-b7dab09a434c,2026-06-14T23:00:00Z,2026-06-15T01:00:00+0200,38577.58,MW,FR,FR,actual_load,Actual Load,2026-07-05T12:20:00Z
2026-07-05T12:19:30Z,2026-07-05T14:19:30+0200,4432c355-9488-4e0d-b987-b7dab09a434c,2026-06-14T23:15:00Z,2026-06-15T01:15:00+0200,37911.75,MW,FR,FR,actual_load,Actual Load,2026-07-05T12:20:00Z
2026-07-05T12:19:30Z,2026-07-05T14:19:30+0200,4432c355-9488-4e0d-b987-b7dab09a434c,2026-06-14T23:30:00Z,2026-06-15T01:30:00+0200,37755.79,MW,FR,FR,actual_load,Actual Load,2026-07-05T12:20:00Z
2026-07-05T12:19:30Z,2026-07-05T14:19:30+0200,4432c355-9488-4e0d-b987-b7dab09a434c,2026-06-14T23:45:00Z,2026-06-15T01:45:00+0200,37141.54,MW,FR,FR,actual_load,Actual Load,2026-07-05T12:20:00Z
2026-07-05T12:19:30Z,2026-07-05T14:19:30+0200,4432c355-9488-4e0d-b987-b7dab09a434c,2026-06-15T00:00:00Z,2026-06-15T02:00:00+0200,36770.41,MW,FR,FR,actual_load,Actual Load,2026-07-05T12:20:00Z
2026-07-05T12:19:30Z,2026-07-05T14:19:30+0200,4432c355-9488-4e0d-b987-b7dab09a434c,2026-06-15T00:15:00Z,2026-06-15T02:15:00+0200,35829.66,MW,FR,FR,actual_load,Actual Load,2026-07-05T12:20:00Z
2026-07-05T12:19:30Z,2026-07-05T14:19:30+0200,4432c355-9488-4e0d-b987-b7dab09a434c,2026-06-15T00:30:00Z,2026-06-15T02:30:00+0200,35130.8,MW,FR,FR,actual_load,Actual Load,2026-07-05T12:20:00Z
2026-07-05T12:19:30Z,2026-07-05T14:19:30+0200,4432c355-9488-4e0d-b987-b7dab09a434c,2026-06-15T00:45:00Z,2026-06-15T02:45:00+0200,34461.03,MW,FR,FR,actual_load,Actual Load,2026-07-05T12:20:00Z
2026-07-05T12:19:30Z,2026-07-05T14:19:30+0200,4432c355-9488-4e0d-b987-b7dab09a434c,2026-06-15T01:00:00Z,2026-06-15T03:00:00+0200,34012.09,MW,FR,FR,actual_load,Actual Load,2026-07-05T12:20:00Z
2026-07-05T12:19:30Z,2026-07-05T14:19:30+0200,4432c355-9488-4e0d-b987-b7dab09a434c,2026-06-15T01:15:00Z,2026-06-15T03:15:00+0200,33487.92,MW,FR,FR,actual_load,Actual Load,2026-07-05T12:20:00Z
2026-07-05T12:19:30Z,2026-07-05T14:19:30+0200,4432c355-9488-4e0d-b987-b7dab09a434c,2026-06-15T01:30:00Z,2026-06-15T03:30:00+0200,33365.55,MW,FR,FR,actual_load,Actual Load,2026-07-05T12:20:00Z
2026-07-05T12:19:30Z,2026-07-05T14:19:30+0200,4432c355-9488-4e0d-b987-b7dab09a434c,2026-06-15T01:45:00Z,2026-06-15T03:45:00+0200,33030.55,MW,FR,FR,actual_load,Actual Load,2026-07-05T12:20:00Z
2026-07-05T12:19:30Z,2026-07-05T14:19:30+0200,4432c355-9488-4e0d-b987-b7dab09a434c,2026-06-15T02:00:00Z,2026-06-15T04:00:00+0200,33228.73,MW,FR,FR,actual_load,Actual Load,2026-07-05T12:20:00Z
2026-07-05T12:19:30Z,2026-07-05T14:19:30+0200,4432c355-9488-4e0d-b987-b7dab09a434c,2026-06-15T02:15:00Z,2026-06-15T04:15:00+0200,33060.57,MW,FR,FR,actual_load,Actual Load,2026-07-05T12:20:00Z
2026-07-05T12:19:30Z,2026-07-05T14:19:30+0200,4432c355-9488-4e0d-b987-b7dab09a434c,2026-06-15T02:30:00Z,2026-06-15T04:30:00+0200,33165.16,MW,FR,FR,actual_load,Actual Load,2026-07-05T12:20:00Z
2026-07-05T12:19:30Z,2026-07-05T14:19:30+0200,4432c355-9488-4e0d-b987-b7dab09a434c,2026-06-15T02:45:00Z,2026-06-15T04:45:00+0200,33282.49,MW,FR,FR,actual_load,Actual Load,2026-07-05T12:20:00Z
2026-07-05T12:19:30Z,2026-07-05T14:19:30+0200,4432c355-9488-4e0d-b987-b7dab09a434c,2026-06-15T03:00:00Z,2026-06-15T05:00:00+0200,34222.54,MW,FR,FR,actual_load,Actual Load,2026-07-05T12:20:00Z
2026-07-05T12:19:30Z,2026-07-05T14:19:30+0200,4432c355-9488-4e0d-b987-b7dab09a434c,2026-06-15T03:15:00Z,2026-06-15T05:15:00+0200,34636.88,MW,FR,FR,actual_load,Actual Load,2026-07-05T12:20:00Z
2026-07-05T12:19:30Z,2026-07-05T14:19:30+0200,4432c355-9488-4e0d-b987-b7dab09a434c,2026-06-15T03:30:00Z,2026-06-15T05:30:00+0200,35003.19,MW,FR,FR,actual_load,Actual Load,2026-07-05T12:20:00Z
2026-07-05T12:19:30Z,2026-07-05T14:19:30+0200,4432c355-9488-4e0d-b987-b7dab09a434c,2026-06-15T03:45:00Z,2026-06-15T05:45:00+0200,35595.68,MW,FR,FR,actual_load,Actual Load,2026-07-05T12:20:00Z
2026-07-05T12:19:30Z,2026-07-05T14:19:30+0200,4432c355-9488-4e0d-b987-b7dab09a434c,2026-06-15T04:00:00Z,2026-06-15T06:00:00+0200,36461.32,MW,FR,FR,actual_load,Actual Load,2026-07-05T12:20:00Z
2026-07-05T12:19:30Z,2026-07-05T14:19:30+0200,4432c355-9488-4e0d-b987-b7dab09a434c,2026-06-15T04:15:00Z,2026-06-15T06:15:00+0200,37531.68,MW,FR,FR,actual_load,Actual Load,2026-07-05T12:20:00Z
2026-07-05T12:19:30Z,2026-07-05T14:19:30+0200,4432c355-9488-4e0d-b987-b7dab09a434c,2026-06-15T04:30:00Z,2026-06-15T06:30:00+0200,38254.94,MW,FR,FR,actual_load,Actual Load,2026-07-05T12:20:00Z
2026-07-05T12:19:30Z,2026-07-05T14:19:30+0200,4432c355-9488-4e0d-b987-b7dab09a434c,2026-06-15T04:45:00Z,2026-06-15T06:45:00+0200,39119.16,MW,FR,FR,actual_load,Actual Load,2026-07-05T12:20:00Z
2026-07-05T12:19:30Z,2026-07-05T14:19:30+0200,4432c355-9488-4e0d-b987-b7dab09a434c,2026-06-15T05:00:00Z,2026-06-15T07:00:00+0200,40318.88,MW,FR,FR,actual_load,Actual Load,2026-07-05T12:20:00Z
2026-07-05T12:19:30Z,2026-07-05T14:19:30+0200,4432c355-9488-4e0d-b987-b7dab09a434c,2026-06-15T05:15:00Z,2026-06-15T07:15:00+0200,41267.72,MW,FR,FR,actual_load,Actual Load,2026-07-05T12:20:00Z
2026-07-05T12:19:30Z,2026-07-05T14:19:30+0200,4432c355-9488-4e0d-b987-b7dab09a434c,2026-06-15T05:30:00Z,2026-06-15T07:30:00+0200,41895.48,MW,FR,FR,actual_load,Actual Load,2026-07-05T12:20:00Z
2026-07-05T12:19:30Z,2026-07-05T14:19:30+0200,4432c355-9488-4e0d-b987-b7dab09a434c,2026-06-15T05:45:00Z,2026-06-15T07:45:00+0200,42633.48,MW,FR,FR,actual_load,Actual Load,2026-07-05T12:20:00Z
2026-07-05T12:19:30Z,2026-07-05T14:19:30+0200,4432c355-9488-4e0d-b987-b7dab09a434c,2026-06-15T06:00:00Z,2026-06-15T08:00:00+0200,43434.63,MW,FR,FR,actual_load,Actual Load,2026-07-05T12:20:00Z
2026-07-05T12:19:30Z,2026-07-05T14:19:30+0200,4432c355-9488-4e0d-b987-b7dab09a434c,2026-06-15T06:15:00Z,2026-06-15T08:15:00+0200,43926.62,MW,FR,FR,actual_load,Actual Load,2026-07-05T12:20:00Z
2026-07-05T12:19:30Z,2026-07-05T14:19:30+0200,4432c355-9488-4e0d-b987-b7dab09a434c,2026-06-15T06:30:00Z,2026-06-15T08:30:00+0200,44740.82,MW,FR,FR,actual_load,Actual Load,2026-07-05T12:20:00Z
2026-07-05T12:19:30Z,2026-07-05T14:19:30+0200,4432c355-9488-4e0d-b987-b7dab09a434c,2026-06-15T06:45:00Z,2026-06-15T08:45:00+0200,45122.27,MW,FR,FR,actual_load,Actual Load,2026-07-05T12:20:00Z
2026-07-05T12:19:30Z,2026-07-05T14:19:30+0200,4432c355-9488-4e0d-b987-b7dab09a434c,2026-06-15T07:00:00Z,2026-06-15T09:00:00+0200,45489.9,MW,FR,FR,actual_load,Actual Load,2026-07-05T12:20:00Z
2026-07-05T12:19:30Z,2026-07-05T14:19:30+0200,4432c355-9488-4e0d-b987-b7dab09a434c,2026-06-15T07:15:00Z,2026-06-15T09:15:00+0200,45689.06,MW,FR,FR,actual_load,Actual Load,2026-07-05T12:20:00Z
2026-07-05T12:19:30Z,2026-07-05T14:19:30+0200,4432c355-9488-4e0d-b987-b7dab09a434c,2026-06-15T07:30:00Z,2026-06-15T09:30:00+0200,45850.08,MW,FR,FR,actual_load,Actual Load,2026-07-05T12:20:00Z
2026-07-05T12:19:30Z,2026-07-05T14:19:30+0200,4432c355-9488-4e0d-b987-b7dab09a434c,2026-06-15T07:45:00Z,2026-06-15T09:45:00+0200,45986.46,MW,FR,FR,actual_load,Actual Load,2026-07-05T12:20:00Z
2026-07-05T12:19:30Z,2026-07-05T14:19:30+0200,4432c355-9488-4e0d-b987-b7dab09a434c,2026-06-15T08:00:00Z,2026-06-15T10:00:00+0200,46391.17,MW,FR,FR,actual_load,Actual Load,2026-07-05T12:20:00Z
2026-07-05T12:19:30Z,2026-07-05T14:19:30+0200,4432c355-9488-4e0d-b987-b7dab09a434c,2026-06-15T08:15:00Z,2026-06-15T10:15:00+0200,46599.22,MW,FR,FR,actual_load,Actual Load,2026-07-05T12:20:00Z
2026-07-05T12:19:30Z,2026-07-05T14:19:30+0200,4432c355-9488-4e0d-b987-b7dab09a434c,2026-06-15T08:30:00Z,2026-06-15T10:30:00+0200,46827.1,MW,FR,FR,actual_load,Actual Load,2026-07-05T12:20:00Z
2026-07-05T12:19:30Z,2026-07-05T14:19:30+0200,4432c355-9488-4e0d-b987-b7dab09a434c,2026-06-15T08:45:00Z,2026-06-15T10:45:00+0200,47091.59,MW,FR,FR,actual_load,Actual Load,2026-07-05T12:20:00Z
2026-07-05T12:19:30Z,2026-07-05T14:19:30+0200,4432c355-9488-4e0d-b987-b7dab09a434c,2026-06-15T09:00:00Z,2026-06-15T11:00:00+0200,47211.57,MW,FR,FR,actual_load,Actual Load,2026-07-05T12:20:00Z
2026-07-05T12:19:30Z,2026-07-05T14:19:30+0200,4432c355-9488-4e0d-b987-b7dab09a434c,2026-06-15T09:15:00Z,2026-06-15T11:15:00+0200,47021.57,MW,FR,FR,actual_load,Actual Load,2026-07-05T12:20:00Z
2026-07-05T12:19:30Z,2026-07-05T14:19:30+0200,4432c355-9488-4e0d-b987-b7dab09a434c,2026-06-15T09:30:00Z,2026-06-15T11:30:00+0200,47291.5,MW,FR,FR,actual_load,Actual Load,2026-07-05T12:20:00Z
2026-07-05T12:19:30Z,2026-07-05T14:19:30+0200,4432c355-9488-4e0d-b987-b7dab09a434c,2026-06-15T09:45:00Z,2026-06-15T11:45:00+0200,47617.71,MW,FR,FR,actual_load,Actual Load,2026-07-05T12:20:00Z
2026-07-05T12:19:30Z,2026-07-05T14:19:30+0200,4432c355-9488-4e0d-b987-b7dab09a434c,2026-06-15T10:00:00Z,2026-06-15T12:00:00+0200,48227.82,MW,FR,FR,actual_load,Actual Load,2026-07-05T12:20:00Z
2026-07-05T12:19:30Z,2026-07-05T14:19:30+0200,4432c355-9488-4e0d-b987-b7dab09a434c,2026-06-15T10:15:00Z,2026-06-15T12:15:00+0200,48221.19,MW,FR,FR,actual_load,Actual Load,2026-07-05T12:20:00Z
2026-07-05T12:19:30Z,2026-07-05T14:19:30+0200,4432c355-9488-4e0d-b987-b7dab09a434c,2026-06-15T10:30:00Z,2026-06-15T12:30:00+0200,49205.08,MW,FR,FR,actual_load,Actual Load,2026-07-05T12:20:00Z
2026-07-05T12:19:30Z,2026-07-05T14:19:30+0200,4432c355-9488-4e0d-b987-b7dab09a434c,2026-06-15T10:45:00Z,2026-06-15T12:45:00+0200,48667.97,MW,FR,FR,actual_load,Actual Load,2026-07-05T12:20:00Z
2026-07-05T12:19:30Z,2026-07-05T14:19:30+0200,4432c355-9488-4e0d-b987-b7dab09a434c,2026-06-15T11:00:00Z,2026-06-15T13:00:00+0200,48575.46,MW,FR,FR,actual_load,Actual Load,2026-07-05T12:20:00Z
2026-07-05T12:19:30Z,2026-07-05T14:19:30+0200,4432c355-9488-4e0d-b987-b7dab09a434c,2026-06-15T11:15:00Z,2026-06-15T13:15:00+0200,48268.23,MW,FR,FR,actual_load,Actual Load,2026-07-05T12:20:00Z
2026-07-05T12:19:30Z,2026-07-05T14:19:30+0200,4432c355-9488-4e0d-b987-b7dab09a434c,2026-06-15T11:30:00Z,2026-06-15T13:30:00+0200,48014.59,MW,FR,FR,actual_load,Actual Load,2026-07-05T12:20:00Z
2026-07-05T12:19:30Z,2026-07-05T14:19:30+0200,4432c355-9488-4e0d-b987-b7dab09a434c,2026-06-15T11:45:00Z,2026-06-15T13:45:00+0200,48005.2,MW,FR,FR,actual_load,Actual Load,2026-07-05T12:20:00Z
2026-07-05T12:19:30Z,2026-07-05T14:19:30+0200,4432c355-9488-4e0d-b987-b7dab09a434c,2026-06-15T12:00:00Z,2026-06-15T14:00:00+0200,48758.85,MW,FR,FR,actual_load,Actual Load,2026-07-05T12:20:00Z
2026-07-05T12:19:30Z,2026-07-05T14:19:30+0200,4432c355-9488-4e0d-b987-b7dab09a434c,2026-06-15T12:15:00Z,2026-06-15T14:15:00+0200,48621.73,MW,FR,FR,actual_load,Actual Load,2026-07-05T12:20:00Z
2026-07-05T12:19:30Z,2026-07-05T14:19:30+0200,4432c355-9488-4e0d-b987-b7dab09a434c,2026-06-15T12:30:00Z,2026-06-15T14:30:00+0200,48661.5,MW,FR,FR,actual_load,Actual Load,2026-07-05T12:20:00Z
2026-07-05T12:19:30Z,2026-07-05T14:19:30+0200,4432c355-9488-4e0d-b987-b7dab09a434c,2026-06-15T12:45:00Z,2026-06-15T14:45:00+0200,48597.81,MW,FR,FR,actual_load,Actual Load,2026-07-05T12:20:00Z
2026-07-05T12:19:30Z,2026-07-05T14:19:30+0200,4432c355-9488-4e0d-b987-b7dab09a434c,2026-06-15T13:00:00Z,2026-06-15T15:00:00+0200,48703.76,MW,FR,FR,actual_load,Actual Load,2026-07-05T12:20:00Z
2026-07-05T12:19:30Z,2026-07-05T14:19:30+0200,4432c355-9488-4e0d-b987-b7dab09a434c,2026-06-15T13:15:00Z,2026-06-15T15:15:00+0200,48247.23,MW,FR,FR,actual_load,Actual Load,2026-07-05T12:20:00Z
2026-07-05T12:19:30Z,2026-07-05T14:19:30+0200,4432c355-9488-4e0d-b987-b7dab09a434c,2026-06-15T13:30:00Z,2026-06-15T15:30:00+0200,47923.76,MW,FR,FR,actual_load,Actual Load,2026-07-05T12:20:00Z
2026-07-05T12:19:30Z,2026-07-05T14:19:30+0200,4432c355-9488-4e0d-b987-b7dab09a434c,2026-06-15T13:45:00Z,2026-06-15T15:45:00+0200,47595.11,MW,FR,FR,actual_load,Actual Load,2026-07-05T12:20:00Z
2026-07-05T12:19:30Z,2026-07-05T14:19:30+0200,4432c355-9488-4e0d-b987-b7dab09a434c,2026-06-15T14:00:00Z,2026-06-15T16:00:00+0200,47497.86,MW,FR,FR,actual_load,Actual Load,2026-07-05T12:20:00Z
2026-07-05T12:19:30Z,2026-07-05T14:19:30+0200,4432c355-9488-4e0d-b987-b7dab09a434c,2026-06-15T14:15:00Z,2026-06-15T16:15:00+0200,47350.09,MW,FR,FR,actual_load,Actual Load,2026-07-05T12:20:00Z
2026-07-05T12:19:30Z,2026-07-05T14:19:30+0200,4432c355-9488-4e0d-b987-b7dab09a434c,2026-06-15T14:30:00Z,2026-06-15T16:30:00+0200,47158.06,MW,FR,FR,actual_load,Actual Load,2026-07-05T12:20:00Z
2026-07-05T12:19:30Z,2026-07-05T14:19:30+0200,4432c355-9488-4e0d-b987-b7dab09a434c,2026-06-15T14:45:00Z,2026-06-15T16:45:00+0200,46812.71,MW,FR,FR,actual_load,Actual Load,2026-07-05T12:20:00Z
2026-07-05T12:19:30Z,2026-07-05T14:19:30+0200,4432c355-9488-4e0d-b987-b7dab09a434c,2026-06-15T15:00:00Z,2026-06-15T17:00:00+0200,46891.59,MW,FR,FR,actual_load,Actual Load,2026-07-05T12:20:00Z
2026-07-05T12:19:30Z,2026-07-05T14:19:30+0200,4432c355-9488-4e0d-b987-b7dab09a434c,2026-06-15T15:15:00Z,2026-06-15T17:15:00+0200,46891.43,MW,FR,FR,actual_load,Actual Load,2026-07-05T12:20:00Z
2026-07-05T12:19:30Z,2026-07-05T14:19:30+0200,4432c355-9488-4e0d-b987-b7dab09a434c,2026-06-15T15:30:00Z,2026-06-15T17:30:00+0200,47215.76,MW,FR,FR,actual_load,Actual Load,2026-07-05T12:20:00Z
2026-07-05T12:19:30Z,2026-07-05T14:19:30+0200,4432c355-9488-4e0d-b987-b7dab09a434c,2026-06-15T15:45:00Z,2026-06-15T17:45:00+0200,47606.74,MW,FR,FR,actual_load,Actual Load,2026-07-05T12:20:00Z
2026-07-05T12:19:30Z,2026-07-05T14:19:30+0200,4432c355-9488-4e0d-b987-b7dab09a434c,2026-06-15T16:00:00Z,2026-06-15T18:00:00+0200,48145.68,MW,FR,FR,actual_load,Actual Load,2026-07-05T12:20:00Z
2026-07-05T12:19:30Z,2026-07-05T14:19:30+0200,4432c355-9488-4e0d-b987-b7dab09a434c,2026-06-15T16:15:00Z,2026-06-15T18:15:00+0200,48952.56,MW,FR,FR,actual_load,Actual Load,2026-07-05T12:20:00Z
2026-07-05T12:19:30Z,2026-07-05T14:19:30+0200,4432c355-9488-4e0d-b987-b7dab09a434c,2026-06-15T16:30:00Z,2026-06-15T18:30:00+0200,49455.45,MW,FR,FR,actual_load,Actual Load,2026-07-05T12:20:00Z
2026-07-05T12:19:30Z,2026-07-05T14:19:30+0200,4432c355-9488-4e0d-b987-b7dab09a434c,2026-06-15T16:45:00Z,2026-06-15T18:45:00+0200,50267.0,MW,FR,FR,actual_load,Actual Load,2026-07-05T12:20:00Z
2026-07-05T12:19:30Z,2026-07-05T14:19:30+0200,4432c355-9488-4e0d-b987-b7dab09a434c,2026-06-15T17:00:00Z,2026-06-15T19:00:00+0200,50530.52,MW,FR,FR,actual_load,Actual Load,2026-07-05T12:20:00Z
2026-07-05T12:19:30Z,2026-07-05T14:19:30+0200,4432c355-9488-4e0d-b987-b7dab09a434c,2026-06-15T17:15:00Z,2026-06-15T19:15:00+0200,50433.25,MW,FR,FR,actual_load,Actual Load,2026-07-05T12:20:00Z
2026-07-05T12:19:30Z,2026-07-05T14:19:30+0200,4432c355-9488-4e0d-b987-b7dab09a434c,2026-06-15T17:30:00Z,2026-06-15T19:30:00+0200,49929.06,MW,FR,FR,actual_load,Actual Load,2026-07-05T12:20:00Z
2026-07-05T12:19:30Z,2026-07-05T14:19:30+0200,4432c355-9488-4e0d-b987-b7dab09a434c,2026-06-15T17:45:00Z,2026-06-15T19:45:00+0200,49378.48,MW,FR,FR,actual_load,Actual Load,2026-07-05T12:20:00Z
2026-07-05T12:19:30Z,2026-07-05T14:19:30+0200,4432c355-9488-4e0d-b987-b7dab09a434c,2026-06-15T18:00:00Z,2026-06-15T20:00:00+0200,48767.78,MW,FR,FR,actual_load,Actual Load,2026-07-05T12:20:00Z
2026-07-05T12:19:30Z,2026-07-05T14:19:30+0200,4432c355-9488-4e0d-b987-b7dab09a434c,2026-06-15T18:15:00Z,2026-06-15T20:15:00+0200,47912.34,MW,FR,FR,actual_load,Actual Load,2026-07-05T12:20:00Z
2026-07-05T12:19:30Z,2026-07-05T14:19:30+0200,4432c355-9488-4e0d-b987-b7dab09a434c,2026-06-15T18:30:00Z,2026-06-15T20:30:00+0200,47177.32,MW,FR,FR,actual_load,Actual Load,2026-07-05T12:20:00Z
2026-07-05T12:19:30Z,2026-07-05T14:19:30+0200,4432c355-9488-4e0d-b987-b7dab09a434c,2026-06-15T18:45:00Z,2026-06-15T20:45:00+0200,46402.86,MW,FR,FR,actual_load,Actual Load,2026-07-05T12:20:00Z
2026-07-05T12:19:30Z,2026-07-05T14:19:30+0200,4432c355-9488-4e0d-b987-b7dab09a434c,2026-06-15T19:00:00Z,2026-06-15T21:00:00+0200,45921.07,MW,FR,FR,actual_load,Actual Load,2026-07-05T12:20:00Z
2026-07-05T12:19:30Z,2026-07-05T14:19:30+0200,4432c355-9488-4e0d-b987-b7dab09a434c,2026-06-15T19:15:00Z,2026-06-15T21:15:00+0200,45401.28,MW,FR,FR,actual_load,Actual Load,2026-07-05T12:20:00Z
2026-07-05T12:19:30Z,2026-07-05T14:19:30+0200,4432c355-9488-4e0d-b987-b7dab09a434c,2026-06-15T19:30:00Z,2026-06-15T21:30:00+0200,45091.43,MW,FR,FR,actual_load,Actual Load,2026-07-05T12:20:00Z
2026-07-05T12:19:30Z,2026-07-05T14:19:30+0200,4432c355-9488-4e0d-b987-b7dab09a434c,2026-06-15T19:45:00Z,2026-06-15T21:45:00+0200,44886.34,MW,FR,FR,actual_load,Actual Load,2026-07-05T12:20:00Z
2026-07-05T12:19:30Z,2026-07-05T14:19:30+0200,4432c355-9488-4e0d-b987-b7dab09a434c,2026-06-15T20:00:00Z,2026-06-15T22:00:00+0200,46154.06,MW,FR,FR,actual_load,Actual Load,2026-07-05T12:20:00Z
2026-07-05T12:19:30Z,2026-07-05T14:19:30+0200,4432c355-9488-4e0d-b987-b7dab09a434c,2026-06-15T20:15:00Z,2026-06-15T22:15:00+0200,45896.84,MW,FR,FR,actual_load,Actual Load,2026-07-05T12:20:00Z
2026-07-05T12:19:30Z,2026-07-05T14:19:30+0200,4432c355-9488-4e0d-b987-b7dab09a434c,2026-06-15T20:30:00Z,2026-06-15T22:30:00+0200,47149.45,MW,FR,FR,actual_load,Actual Load,2026-07-05T12:20:00Z
2026-07-05T12:19:30Z,2026-07-05T14:19:30+0200,4432c355-9488-4e0d-b987-b7dab09a434c,2026-06-15T20:45:00Z,2026-06-15T22:45:00+0200,46596.68,MW,FR,FR,actual_load,Actual Load,2026-07-05T12:20:00Z
2026-07-05T12:19:30Z,2026-07-05T14:19:30+0200,4432c355-9488-4e0d-b987-b7dab09a434c,2026-06-15T21:00:00Z,2026-06-15T23:00:00+0200,46315.48,MW,FR,FR,actual_load,Actual Load,2026-07-05T12:20:00Z
2026-07-05T12:19:30Z,2026-07-05T14:19:30+0200,4432c355-9488-4e0d-b987-b7dab09a434c,2026-06-15T21:15:00Z,2026-06-15T23:15:00+0200,45328.55,MW,FR,FR,actual_load,Actual Load,2026-07-05T12:20:00Z
2026-07-05T12:19:30Z,2026-07-05T14:19:30+0200,4432c355-9488-4e0d-b987-b7dab09a434c,2026-06-15T21:30:00Z,2026-06-15T23:30:00+0200,45398.68,MW,FR,FR,actual_load,Actual Load,2026-07-05T12:20:00Z
2026-07-05T12:19:30Z,2026-07-05T14:19:30+0200,4432c355-9488-4e0d-b987-b7dab09a434c,2026-06-15T21:45:00Z,2026-06-15T23:45:00+0200,44324.07,MW,FR,FR,actual_load,Actual Load,2026-07-05T12:20:00Z
2026-07-05T12:19:30Z,2026-07-05T14:19:30+0200,4432c355-9488-4e0d-b987-b7dab09a434c,2026-06-15T22:00:00Z,2026-06-16T00:00:00+0200,44316.67,MW,FR,FR,actual_load,Actual Load,2026-07-05T12:20:00Z
2026-07-05T12:19:30Z,2026-07-05T14:19:30+0200,4432c355-9488-4e0d-b987-b7dab09a434c,2026-06-15T22:15:00Z,2026-06-16T00:15:00+0200,43177.58,MW,FR,FR,actual_load,Actual Load,2026-07-05T12:20:00Z
2026-07-05T12:19:30Z,2026-07-05T14:19:30+0200,4432c355-9488-4e0d-b987-b7dab09a434c,2026-06-15T22:30:00Z,2026-06-16T00:30:00+0200,41814.73,MW,FR,FR,actual_load,Actual Load,2026-07-05T12:20:00Z
2026-07-05T12:19:30Z,2026-07-05T14:19:30+0200,4432c355-9488-4e0d-b987-b7dab09a434c,2026-06-15T22:45:00Z,2026-06-16T00:45:00+0200,40669.38,MW,FR,FR,actual_load,Actual Load,2026-07-05T12:20:00Z
2026-07-05T12:19:30Z,2026-07-05T14:19:30+0200,4432c355-9488-4e0d-b987-b7dab09a434c,2026-06-15T23:00:00Z,2026-06-16T01:00:00+0200,41074.84,MW,FR,FR,actual_load,Actual Load,2026-07-05T12:20:00Z
2026-07-05T12:19:30Z,2026-07-05T14:19:30+0200,4432c355-9488-4e0d-b987-b7dab09a434c,2026-06-15T23:15:00Z,2026-06-16T01:15:00+0200,40381.96,MW,FR,FR,actual_load,Actual Load,2026-07-05T12:20:00Z
2026-07-05T12:19:30Z,2026-07-05T14:19:30+0200,4432c355-9488-4e0d-b987-b7dab09a434c,2026-06-15T23:30:00Z,2026-06-16T01:30:00+0200,40255.26,MW,FR,FR,actual_load,Actual Load,2026-07-05T12:20:00Z
2026-07-05T12:19:30Z,2026-07-05T14:19:30+0200,4432c355-9488-4e0d-b987-b7dab09a434c,2026-06-15T23:45:00Z,2026-06-16T01:45:00+0200,39340.08,MW,FR,FR,actual_load,Actual Load,2026-07-05T12:20:00Z
2026-07-05T12:19:30Z,2026-07-05T14:19:30+0200,4432c355-9488-4e0d-b987-b7dab09a434c,2026-06-16T00:00:00Z,2026-06-16T02:00:00+0200,39213.7,MW,FR,FR,actual_load,Actual Load,2026-07-05T12:20:00Z
2026-07-05T12:19:30Z,2026-07-05T14:19:30+0200,4432c355-9488-4e0d-b987-b7dab09a434c,2026-06-16T00:15:00Z,2026-06-16T02:15:00+0200,38188.95,MW,FR,FR,actual_load,Actual Load,2026-07-05T12:20:00Z
2026-07-05T12:19:30Z,2026-07-05T14:19:30+0200,4432c355-9488-4e0d-b987-b7dab09a434c,2026-06-16T00:30:00Z,2026-06-16T02:30:00+0200,37766.9,MW,FR,FR,actual_load,Actual Load,2026-07-05T12:20:00Z
2026-07-05T12:19:30Z,2026-07-05T14:19:30+0200,4432c355-9488-4e0d-b987-b7dab09a434c,2026-06-16T00:45:00Z,2026-06-16T02:45:00+0200,37149.08,MW,FR,FR,actual_load,Actual Load,2026-07-05T12:20:00Z
2026-07-05T12:19:30Z,2026-07-05T14:19:30+0200,4432c355-9488-4e0d-b987-b7dab09a434c,2026-06-16T01:00:00Z,2026-06-16T03:00:00+0200,36564.34,MW,FR,FR,actual_load,Actual Load,2026-07-05T12:20:00Z
2026-07-05T12:19:30Z,2026-07-05T14:19:30+0200,4432c355-9488-4e0d-b987-b7dab09a434c,2026-06-16T01:15:00Z,2026-06-16T03:15:00+0200,36005.09,MW,FR,FR,actual_load,Actual Load,2026-07-05T12:20:00Z
2026-07-05T12:19:30Z,2026-07-05T14:19:30+0200,4432c355-9488-4e0d-b987-b7dab09a434c,2026-06-16T01:30:00Z,2026-06-16T03:30:00+0200,35960.73,MW,FR,FR,actual_load,Actual Load,2026-07-05T12:20:00Z
2026-07-05T12:19:30Z,2026-07-05T14:19:30+0200,4432c355-9488-4e0d-b987-b7dab09a434c,2026-06-16T01:45:00Z,2026-06-16T03:45:00+0200,35782.5,MW,FR,FR,actual_load,Actual Load,2026-07-05T12:20:00Z
2026-07-05T12:19:30Z,2026-07-05T14:19:30+0200,4432c355-9488-4e0d-b987-b7dab09a434c,2026-06-16T02:00:00Z,2026-06-16T04:00:00+0200,35665.54,MW,FR,FR,actual_load,Actual Load,2026-07-05T12:20:00Z
2026-07-05T12:19:30Z,2026-07-05T14:19:30+0200,4432c355-9488-4e0d-b987-b7dab09a434c,2026-06-16T02:15:00Z,2026-06-16T04:15:00+0200,35484.95,MW,FR,FR,actual_load,Actual Load,2026-07-05T12:20:00Z
2026-07-05T12:19:30Z,2026-07-05T14:19:30+0200,4432c355-9488-4e0d-b987-b7dab09a434c,2026-06-16T02:30:00Z,2026-06-16T04:30:00+0200,35533.24,MW,FR,FR,actual_load,Actual Load,2026-07-05T12:20:00Z
2026-07-05T12:19:30Z,2026-07-05T14:19:30+0200,4432c355-9488-4e0d-b987-b7dab09a434c,2026-06-16T02:45:00Z,2026-06-16T04:45:00+0200,35738.14,MW,FR,FR,actual_load,Actual Load,2026-07-05T12:20:00Z
2026-07-05T12:19:30Z,2026-07-05T14:19:30+0200,4432c355-9488-4e0d-b987-b7dab09a434c,2026-06-16T03:00:00Z,2026-06-16T05:00:00+0200,36312.09,MW,FR,FR,actual_load,Actual Load,2026-07-05T12:20:00Z
2026-07-05T12:19:30Z,2026-07-05T14:19:30+0200,4432c355-9488-4e0d-b987-b7dab09a434c,2026-06-16T03:15:00Z,2026-06-16T05:15:00+0200,36887.44,MW,FR,FR,actual_load,Actual Load,2026-07-05T12:20:00Z
2026-07-05T12:19:30Z,2026-07-05T14:19:30+0200,4432c355-9488-4e0d-b987-b7dab09a434c,2026-06-16T03:30:00Z,2026-06-16T05:30:00+0200,37370.02,MW,FR,FR,actual_load,Actual Load,2026-07-05T12:20:00Z
2026-07-05T12:19:30Z,2026-07-05T14:19:30+0200,4432c355-9488-4e0d-b987-b7dab09a434c,2026-06-16T03:45:00Z,2026-06-16T05:45:00+0200,37814.07,MW,FR,FR,actual_load,Actual Load,2026-07-05T12:20:00Z
2026-07-05T12:19:30Z,2026-07-05T14:19:30+0200,4432c355-9488-4e0d-b987-b7dab09a434c,2026-06-16T04:00:00Z,2026-06-16T06:00:00+0200,38812.46,MW,FR,FR,actual_load,Actual Load,2026-07-05T12:20:00Z
2026-07-05T12:19:30Z,2026-07-05T14:19:30+0200,4432c355-9488-4e0d-b987-b7dab09a434c,2026-06-16T04:15:00Z,2026-06-16T06:15:00+0200,39647.07,MW,FR,FR,actual_load,Actual Load,2026-07-05T12:20:00Z
2026-07-05T12:19:30Z,2026-07-05T14:19:30+0200,4432c355-9488-4e0d-b987-b7dab09a434c,2026-06-16T04:30:00Z,2026-06-16T06:30:00+0200,40406.34,MW,FR,FR,actual_load,Actual Load,2026-07-05T12:20:00Z
2026-07-05T12:19:30Z,2026-07-05T14:19:30+0200,4432c355-9488-4e0d-b987-b7dab09a434c,2026-06-16T04:45:00Z,2026-06-16T06:45:00+0200,41349.96,MW,FR,FR,actual_load,Actual Load,2026-07-05T12:20:00Z
2026-07-05T12:19:30Z,2026-07-05T14:19:30+0200,4432c355-9488-4e0d-b987-b7dab09a434c,2026-06-16T05:00:00Z,2026-06-16T07:00:00+0200,42462.5,MW,FR,FR,actual_load,Actual Load,2026-07-05T12:20:00Z
2026-07-05T12:19:30Z,2026-07-05T14:19:30+0200,4432c355-9488-4e0d-b987-b7dab09a434c,2026-06-16T05:15:00Z,2026-06-16T07:15:00+0200,43407.65,MW,FR,FR,actual_load,Actual Load,2026-07-05T12:20:00Z
2026-07-05T12:19:30Z,2026-07-05T14:19:30+0200,4432c355-9488-4e0d-b987-b7dab09a434c,2026-06-16T05:30:00Z,2026-06-16T07:30:00+0200,44035.67,MW,FR,FR,actual_load,Actual Load,2026-07-05T12:20:00Z
2026-07-05T12:19:30Z,2026-07-05T14:19:30+0200,4432c355-9488-4e0d-b987-b7dab09a434c,2026-06-16T05:45:00Z,2026-06-16T07:45:00+0200,44768.02,MW,FR,FR,actual_load,Actual Load,2026-07-05T12:20:00Z
2026-07-05T12:19:30Z,2026-07-05T14:19:30+0200,4432c355-9488-4e0d-b987-b7dab09a434c,2026-06-16T06:00:00Z,2026-06-16T08:00:00+0200,45636.43,MW,FR,FR,actual_load,Actual Load,2026-07-05T12:20:00Z
2026-07-05T12:19:30Z,2026-07-05T14:19:30+0200,4432c355-9488-4e0d-b987-b7dab09a434c,2026-06-16T06:15:00Z,2026-06-16T08:15:00+0200,46193.55,MW,FR,FR,actual_load,Actual Load,2026-07-05T12:20:00Z
2026-07-05T12:19:30Z,2026-07-05T14:19:30+0200,4432c355-9488-4e0d-b987-b7dab09a434c,2026-06-16T06:30:00Z,2026-06-16T08:30:00+0200,46768.28,MW,FR,FR,actual_load,Actual Load,2026-07-05T12:20:00Z
2026-07-05T12:19:30Z,2026-07-05T14:19:30+0200,4432c355-9488-4e0d-b987-b7dab09a434c,2026-06-16T06:45:00Z,2026-06-16T08:45:00+0200,47019.22,MW,FR,FR,actual_load,Actual Load,2026-07-05T12:20:00Z
2026-07-05T12:19:30Z,2026-07-05T14:19:30+0200,4432c355-9488-4e0d-b987-b7dab09a434c,2026-06-16T07:00:00Z,2026-06-16T09:00:00+0200,47483.23,MW,FR,FR,actual_load,Actual Load,2026-07-05T12:20:00Z
2026-07-05T12:19:30Z,2026-07-05T14:19:30+0200,4432c355-9488-4e0d-b987-b7dab09a434c,2026-06-16T07:15:00Z,2026-06-16T09:15:00+0200,47603.22,MW,FR,FR,actual_load,Actual Load,2026-07-05T12:20:00Z
2026-07-05T12:19:30Z,2026-07-05T14:19:30+0200,4432c355-9488-4e0d-b987-b7dab09a434c,2026-06-16T07:30:00Z,2026-06-16T09:30:00+0200,47775.77,MW,FR,FR,actual_load,Actual Load,2026-07-05T12:20:00Z
2026-07-05T12:19:30Z,2026-07-05T14:19:30+0200,4432c355-9488-4e0d-b987-b7dab09a434c,2026-06-16T07:45:00Z,2026-06-16T09:45:00+0200,47870.48,MW,FR,FR,actual_load,Actual Load,2026-07-05T12:20:00Z
2026-07-05T12:19:30Z,2026-07-05T14:19:30+0200,4432c355-9488-4e0d-b987-b7dab09a434c,2026-06-16T08:00:00Z,2026-06-16T10:00:00+0200,48129.82,MW,FR,FR,actual_load,Actual Load,2026-07-05T12:20:00Z
2026-07-05T12:19:30Z,2026-07-05T14:19:30+0200,4432c355-9488-4e0d-b987-b7dab09a434c,2026-06-16T08:15:00Z,2026-06-16T10:15:00+0200,48029.13,MW,FR,FR,actual_load,Actual Load,2026-07-05T12:20:00Z
2026-07-05T12:19:30Z,2026-07-05T14:19:30+0200,4432c355-9488-4e0d-b987-b7dab09a434c,2026-06-16T08:30:00Z,2026-06-16T10:30:00+0200,47793.4,MW,FR,FR,actual_load,Actual Load,2026-07-05T12:20:00Z
2026-07-05T12:19:30Z,2026-07-05T14:19:30+0200,4432c355-9488-4e0d-b987-b7dab09a434c,2026-06-16T08:45:00Z,2026-06-16T10:45:00+0200,48037.51,MW,FR,FR,actual_load,Actual Load,2026-07-05T12:20:00Z
2026-07-05T12:19:30Z,2026-07-05T14:19:30+0200,4432c355-9488-4e0d-b987-b7dab09a434c,2026-06-16T09:00:00Z,2026-06-16T11:00:00+0200,48361.64,MW,FR,FR,actual_load,Actual Load,2026-07-05T12:20:00Z
2026-07-05T12:19:30Z,2026-07-05T14:19:30+0200,4432c355-9488-4e0d-b987-b7dab09a434c,2026-06-16T09:15:00Z,2026-06-16T11:15:00+0200,48065.26,MW,FR,FR,actual_load,Actual Load,2026-07-05T12:20:00Z
2026-07-05T12:19:30Z,2026-07-05T14:19:30+0200,4432c355-9488-4e0d-b987-b7dab09a434c,2026-06-16T09:30:00Z,2026-06-16T11:30:00+0200,48457.82,MW,FR,FR,actual_load,Actual Load,2026-07-05T12:20:00Z
2026-07-05T12:19:30Z,2026-07-05T14:19:30+0200,4432c355-9488-4e0d-b987-b7dab09a434c,2026-06-16T09:45:00Z,2026-06-16T11:45:00+0200,48554.67,MW,FR,FR,actual_load,Actual Load,2026-07-05T12:20:00Z
2026-07-05T12:19:30Z,2026-07-05T14:19:30+0200,4432c355-9488-4e0d-b987-b7dab09a434c,2026-06-16T10:00:00Z,2026-06-16T12:00:00+0200,48708.82,MW,FR,FR,actual_load,Actual Load,2026-07-05T12:20:00Z
2026-07-05T12:19:30Z,2026-07-05T14:19:30+0200,4432c355-9488-4e0d-b987-b7dab09a434c,2026-06-16T10:15:00Z,2026-06-16T12:15:00+0200,48699.41,MW,FR,FR,actual_load,Actual Load,2026-07-05T12:20:00Z
2026-07-05T12:19:30Z,2026-07-05T14:19:30+0200,4432c355-9488-4e0d-b987-b7dab09a434c,2026-06-16T10:30:00Z,2026-06-16T12:30:00+0200,49009.46,MW,FR,FR,actual_load,Actual Load,2026-07-05T12:20:00Z
2026-07-05T12:19:30Z,2026-07-05T14:19:30+0200,4432c355-9488-4e0d-b987-b7dab09a434c,2026-06-16T10:45:00Z,2026-06-16T12:45:00+0200,48599.75,MW,FR,FR,actual_load,Actual Load,2026-07-05T12:20:00Z
2026-07-05T12:19:30Z,2026-07-05T14:19:30+0200,4432c355-9488-4e0d-b987-b7dab09a434c,2026-06-16T11:00:00Z,2026-06-16T13:00:00+0200,48427.95,MW,FR,FR,actual_load,Actual Load,2026-07-05T12:20:00Z
2026-07-05T12:19:30Z,2026-07-05T14:19:30+0200,4432c355-9488-4e0d-b987-b7dab09a434c,2026-06-16T11:15:00Z,2026-06-16T13:15:00+0200,48152.55,MW,FR,FR,actual_load,Actual Load,2026-07-05T12:20:00Z
2026-07-05T12:19:30Z,2026-07-05T14:19:30+0200,4432c355-9488-4e0d-b987-b7dab09a434c,2026-06-16T11:30:00Z,2026-06-16T13:30:00+0200,48077.93,MW,FR,FR,actual_load,Actual Load,2026-07-05T12:20:00Z
2026-07-05T12:19:30Z,2026-07-05T14:19:30+0200,4432c355-9488-4e0d-b987-b7dab09a434c,2026-06-16T11:45:00Z,2026-06-16T13:45:00+0200,48349.39,MW,FR,FR,actual_load,Actual Load,2026-07-05T12:20:00Z
2026-07-05T12:19:30Z,2026-07-05T14:19:30+0200,4432c355-9488-4e0d-b987-b7dab09a434c,2026-06-16T12:00:00Z,2026-06-16T14:00:00+0200,49182.34,MW,FR,FR,actual_load,Actual Load,2026-07-05T12:20:00Z
2026-07-05T12:19:30Z,2026-07-05T14:19:30+0200,4432c355-9488-4e0d-b987-b7dab09a434c,2026-06-16T12:15:00Z,2026-06-16T14:15:00+0200,49472.22,MW,FR,FR,actual_load,Actual Load,2026-07-05T12:20:00Z
2026-07-05T12:19:30Z,2026-07-05T14:19:30+0200,4432c355-9488-4e0d-b987-b7dab09a434c,2026-06-16T12:30:00Z,2026-06-16T14:30:00+0200,49592.01,MW,FR,FR,actual_load,Actual Load,2026-07-05T12:20:00Z
2026-07-05T12:19:30Z,2026-07-05T14:19:30+0200,4432c355-9488-4e0d-b987-b7dab09a434c,2026-06-16T12:45:00Z,2026-06-16T14:45:00+0200,49211.73,MW,FR,FR,actual_load,Actual Load,2026-07-05T12:20:00Z
2026-07-05T12:19:30Z,2026-07-05T14:19:30+0200,4432c355-9488-4e0d-b987-b7dab09a434c,2026-06-16T13:00:00Z,2026-06-16T15:00:00+0200,49052.07,MW,FR,FR,actual_load,Actual Load,2026-07-05T12:20:00Z
2026-07-05T12:19:30Z,2026-07-05T14:19:30+0200,4432c355-9488-4e0d-b987-b7dab09a434c,2026-06-16T13:15:00Z,2026-06-16T15:15:00+0200,48617.36,MW,FR,FR,actual_load,Actual Load,2026-07-05T12:20:00Z
2026-07-05T12:19:30Z,2026-07-05T14:19:30+0200,4432c355-9488-4e0d-b987-b7dab09a434c,2026-06-16T13:30:00Z,2026-06-16T15:30:00+0200,48350.49,MW,FR,FR,actual_load,Actual Load,2026-07-05T12:20:00Z
2026-07-05T12:19:30Z,2026-07-05T14:19:30+0200,4432c355-9488-4e0d-b987-b7dab09a434c,2026-06-16T13:45:00Z,2026-06-16T15:45:00+0200,47877.41,MW,FR,FR,actual_load,Actual Load,2026-07-05T12:20:00Z
2026-07-05T12:19:30Z,2026-07-05T14:19:30+0200,4432c355-9488-4e0d-b987-b7dab09a434c,2026-06-16T14:00:00Z,2026-06-16T16:00:00+0200,47447.79,MW,FR,FR,actual_load,Actual Load,2026-07-05T12:20:00Z
2026-07-05T12:19:30Z,2026-07-05T14:19:30+0200,4432c355-9488-4e0d-b987-b7dab09a434c,2026-06-16T14:15:00Z,2026-06-16T16:15:00+0200,47396.25,MW,FR,FR,actual_load,Actual Load,2026-07-05T12:20:00Z
2026-07-05T12:19:30Z,2026-07-05T14:19:30+0200,4432c355-9488-4e0d-b987-b7dab09a434c,2026-06-16T14:30:00Z,2026-06-16T16:30:00+0200,47588.2,MW,FR,FR,actual_load,Actual Load,2026-07-05T12:20:00Z
2026-07-05T12:19:30Z,2026-07-05T14:19:30+0200,4432c355-9488-4e0d-b987-b7dab09a434c,2026-06-16T14:45:00Z,2026-06-16T16:45:00+0200,47282.17,MW,FR,FR,actual_load,Actual Load,2026-07-05T12:20:00Z
2026-07-05T12:19:30Z,2026-07-05T14:19:30+0200,4432c355-9488-4e0d-b987-b7dab09a434c,2026-06-16T15:00:00Z,2026-06-16T17:00:00+0200,46905.72,MW,FR,FR,actual_load,Actual Load,2026-07-05T12:20:00Z
2026-07-05T12:19:30Z,2026-07-05T14:19:30+0200,4432c355-9488-4e0d-b987-b7dab09a434c,2026-06-16T15:15:00Z,2026-06-16T17:15:00+0200,47005.3,MW,FR,FR,actual_load,Actual Load,2026-07-05T12:20:00Z
2026-07-05T12:19:30Z,2026-07-05T14:19:30+0200,4432c355-9488-4e0d-b987-b7dab09a434c,2026-06-16T15:30:00Z,2026-06-16T17:30:00+0200,47457.76,MW,FR,FR,actual_load,Actual Load,2026-07-05T12:20:00Z
2026-07-05T12:19:30Z,2026-07-05T14:19:30+0200,4432c355-9488-4e0d-b987-b7dab09a434c,2026-06-16T15:45:00Z,2026-06-16T17:45:00+0200,47856.16,MW,FR,FR,actual_load,Actual Load,2026-07-05T12:20:00Z
2026-07-05T12:19:30Z,2026-07-05T14:19:30+0200,4432c355-9488-4e0d-b987-b7dab09a434c,2026-06-16T16:00:00Z,2026-06-16T18:00:00+0200,48347.61,MW,FR,FR,actual_load,Actual Load,2026-07-05T12:20:00Z
2026-07-05T12:19:30Z,2026-07-05T14:19:30+0200,4432c355-9488-4e0d-b987-b7dab09a434c,2026-06-16T16:15:00Z,2026-06-16T18:15:00+0200,48896.77,MW,FR,FR,actual_load,Actual Load,2026-07-05T12:20:00Z
2026-07-05T12:19:30Z,2026-07-05T14:19:30+0200,4432c355-9488-4e0d-b987-b7dab09a434c,2026-06-16T16:30:00Z,2026-06-16T18:30:00+0200,49426.71,MW,FR,FR,actual_load,Actual Load,2026-07-05T12:20:00Z
2026-07-05T12:19:30Z,2026-07-05T14:19:30+0200,4432c355-9488-4e0d-b987-b7dab09a434c,2026-06-16T16:45:00Z,2026-06-16T18:45:00+0200,50006.84,MW,FR,FR,actual_load,Actual Load,2026-07-05T12:20:00Z
2026-07-05T12:19:30Z,2026-07-05T14:19:30+0200,4432c355-9488-4e0d-b987-b7dab09a434c,2026-06-16T17:00:00Z,2026-06-16T19:00:00+0200,50133.14,MW,FR,FR,actual_load,Actual Load,2026-07-05T12:20:00Z
2026-07-05T12:19:30Z,2026-07-05T14:19:30+0200,4432c355-9488-4e0d-b987-b7dab09a434c,2026-06-16T17:15:00Z,2026-06-16T19:15:00+0200,49977.84,MW,FR,FR,actual_load,Actual Load,2026-07-05T12:20:00Z
2026-07-05T12:19:30Z,2026-07-05T14:19:30+0200,4432c355-9488-4e0d-b987-b7dab09a434c,2026-06-16T17:30:00Z,2026-06-16T19:30:00+0200,49825.86,MW,FR,FR,actual_load,Actual Load,2026-07-05T12:20:00Z
2026-07-05T12:19:30Z,2026-07-05T14:19:30+0200,4432c355-9488-4e0d-b987-b7dab09a434c,2026-06-16T17:45:00Z,2026-06-16T19:45:00+0200,49550.05,MW,FR,FR,actual_load,Actual Load,2026-07-05T12:20:00Z
2026-07-05T12:19:30Z,2026-07-05T14:19:30+0200,4432c355-9488-4e0d-b987-b7dab09a434c,2026-06-16T18:00:00Z,2026-06-16T20:00:00+0200,49047.93,MW,FR,FR,actual_load,Actual Load,2026-07-05T12:20:00Z
2026-07-05T12:19:30Z,2026-07-05T14:19:30+0200,4432c355-9488-4e0d-b987-b7dab09a434c,2026-06-16T18:15:00Z,2026-06-16T20:15:00+0200,48232.82,MW,FR,FR,actual_load,Actual Load,2026-07-05T12:20:00Z
2026-07-05T12:19:30Z,2026-07-05T14:19:30+0200,4432c355-9488-4e0d-b987-b7dab09a434c,2026-06-16T18:30:00Z,2026-06-16T20:30:00+0200,47633.35,MW,FR,FR,actual_load,Actual Load,2026-07-05T12:20:00Z
2026-07-05T12:19:30Z,2026-07-05T14:19:30+0200,4432c355-9488-4e0d-b987-b7dab09a434c,2026-06-16T18:45:00Z,2026-06-16T20:45:00+0200,46996.53,MW,FR,FR,actual_load,Actual Load,2026-07-05T12:20:00Z
2026-07-05T12:19:30Z,2026-07-05T14:19:30+0200,4432c355-9488-4e0d-b987-b7dab09a434c,2026-06-16T19:00:00Z,2026-06-16T21:00:00+0200,46741.35,MW,FR,FR,actual_load,Actual Load,2026-07-05T12:20:00Z
2026-07-05T12:19:30Z,2026-07-05T14:19:30+0200,4432c355-9488-4e0d-b987-b7dab09a434c,2026-06-16T19:15:00Z,2026-06-16T21:15:00+0200,46064.89,MW,FR,FR,actual_load,Actual Load,2026-07-05T12:20:00Z
2026-07-05T12:19:30Z,2026-07-05T14:19:30+0200,4432c355-9488-4e0d-b987-b7dab09a434c,2026-06-16T19:30:00Z,2026-06-16T21:30:00+0200,45659.77,MW,FR,FR,actual_load,Actual Load,2026-07-05T12:20:00Z
2026-07-05T12:19:30Z,2026-07-05T14:19:30+0200,4432c355-9488-4e0d-b987-b7dab09a434c,2026-06-16T19:45:00Z,2026-06-16T21:45:00+0200,45390.31,MW,FR,FR,actual_load,Actual Load,2026-07-05T12:20:00Z
2026-07-05T12:19:30Z,2026-07-05T14:19:30+0200,4432c355-9488-4e0d-b987-b7dab09a434c,2026-06-16T20:00:00Z,2026-06-16T22:00:00+0200,46869.66,MW,FR,FR,actual_load,Actual Load,2026-07-05T12:20:00Z
2026-07-05T12:19:30Z,2026-07-05T14:19:30+0200,4432c355-9488-4e0d-b987-b7dab09a434c,2026-06-16T20:15:00Z,2026-06-16T22:15:00+0200,46609.65,MW,FR,FR,actual_load,Actual Load,2026-07-05T12:20:00Z
2026-07-05T12:19:30Z,2026-07-05T14:19:30+0200,4432c355-9488-4e0d-b987-b7dab09a434c,2026-06-16T20:30:00Z,2026-06-16T22:30:00+0200,47769.34,MW,FR,FR,actual_load,Actual Load,2026-07-05T12:20:00Z
2026-07-05T12:19:30Z,2026-07-05T14:19:30+0200,4432c355-9488-4e0d-b987-b7dab09a434c,2026-06-16T20:45:00Z,2026-06-16T22:45:00+0200,47206.94,MW,FR,FR,actual_load,Actual Load,2026-07-05T12:20:00Z
2026-07-05T12:19:30Z,2026-07-05T14:19:30+0200,4432c355-9488-4e0d-b987-b7dab09a434c,2026-06-16T21:00:00Z,2026-06-16T23:00:00+0200,46947.92,MW,FR,FR,actual_load,Actual Load,2026-07-05T12:20:00Z
2026-07-05T12:19:30Z,2026-07-05T14:19:30+0200,4432c355-9488-4e0d-b987-b7dab09a434c,2026-06-16T21:15:00Z,2026-06-16T23:15:00+0200,45970.52,MW,FR,FR,actual_load,Actual Load,2026-07-05T12:20:00Z
2026-07-05T12:19:30Z,2026-07-05T14:19:30+0200,4432c355-9488-4e0d-b987-b7dab09a434c,2026-06-16T21:30:00Z,2026-06-16T23:30:00+0200,46495.89,MW,FR,FR,actual_load,Actual Load,2026-07-05T12:20:00Z
2026-07-05T12:19:30Z,2026-07-05T14:19:30+0200,4432c355-9488-4e0d-b987-b7dab09a434c,2026-06-16T21:45:00Z,2026-06-16T23:45:00+0200,45407.35,MW,FR,FR,actual_load,Actual Load,2026-07-05T12:20:00Z
2026-07-05T12:19:30Z,2026-07-05T14:19:30+0200,4432c355-9488-4e0d-b987-b7dab09a434c,2026-06-16T22:00:00Z,2026-06-17T00:00:00+0200,45135.01,MW,FR,FR,actual_load,Actual Load,2026-07-05T12:20:00Z
2026-07-05T12:19:30Z,2026-07-05T14:19:30+0200,4432c355-9488-4e0d-b987-b7dab09a434c,2026-06-16T22:15:00Z,2026-06-17T00:15:00+0200,44067.77,MW,FR,FR,actual_load,Actual Load,2026-07-05T12:20:00Z
2026-07-05T12:19:30Z,2026-07-05T14:19:30+0200,4432c355-9488-4e0d-b987-b7dab09a434c,2026-06-16T22:30:00Z,2026-06-17T00:30:00+0200,42773.61,MW,FR,FR,actual_load,Actual Load,2026-07-05T12:20:00Z
2026-07-05T12:19:30Z,2026-07-05T14:19:30+0200,4432c355-9488-4e0d-b987-b7dab09a434c,2026-06-16T22:45:00Z,2026-06-17T00:45:00+0200,41681.14,MW,FR,FR,actual_load,Actual Load,2026-07-05T12:20:00Z
2026-07-05T12:19:30Z,2026-07-05T14:19:30+0200,4432c355-9488-4e0d-b987-b7dab09a434c,2026-06-16T23:00:00Z,2026-06-17T01:00:00+0200,41909.59,MW,FR,FR,actual_load,Actual Load,2026-07-05T12:20:00Z
2026-07-05T12:19:30Z,2026-07-05T14:19:30+0200,4432c355-9488-4e0d-b987-b7dab09a434c,2026-06-16T23:15:00Z,2026-06-17T01:15:00+0200,41288.35,MW,FR,FR,actual_load,Actual Load,2026-07-05T12:20:00Z
2026-07-05T12:19:30Z,2026-07-05T14:19:30+0200,4432c355-9488-4e0d-b987-b7dab09a434c,2026-06-16T23:30:00Z,2026-06-17T01:30:00+0200,41122.67,MW,FR,FR,actual_load,Actual Load,2026-07-05T12:20:00Z
2026-07-05T12:19:30Z,2026-07-05T14:19:30+0200,4432c355-9488-4e0d-b987-b7dab09a434c,2026-06-16T23:45:00Z,2026-06-17T01:45:00+0200,40190.91,MW,FR,FR,actual_load,Actual Load,2026-07-05T12:20:00Z
2026-07-05T12:19:30Z,2026-07-05T14:19:30+0200,4432c355-9488-4e0d-b987-b7dab09a434c,2026-06-17T00:00:00Z,2026-06-17T02:00:00+0200,40044.62,MW,FR,FR,actual_load,Actual Load,2026-07-05T12:20:00Z
2026-07-05T12:19:30Z,2026-07-05T14:19:30+0200,4432c355-9488-4e0d-b987-b7dab09a434c,2026-06-17T00:15:00Z,2026-06-17T02:15:00+0200,39254.2,MW,FR,FR,actual_load,Actual Load,2026-07-05T12:20:00Z
2026-07-05T12:19:30Z,2026-07-05T14:19:30+0200,4432c355-9488-4e0d-b987-b7dab09a434c,2026-06-17T00:30:00Z,2026-06-17T02:30:00+0200,38599.4,MW,FR,FR,actual_load,Actual Load,2026-07-05T12:20:00Z
2026-07-05T12:19:30Z,2026-07-05T14:19:30+0200,4432c355-9488-4e0d-b987-b7dab09a434c,2026-06-17T00:45:00Z,2026-06-17T02:45:00+0200,37943.52,MW,FR,FR,actual_load,Actual Load,2026-07-05T12:20:00Z
2026-07-05T12:19:30Z,2026-07-05T14:19:30+0200,4432c355-9488-4e0d-b987-b7dab09a434c,2026-06-17T01:00:00Z,2026-06-17T03:00:00+0200,37569.35,MW,FR,FR,actual_load,Actual Load,2026-07-05T12:20:00Z
2026-07-05T12:19:30Z,2026-07-05T14:19:30+0200,4432c355-9488-4e0d-b987-b7dab09a434c,2026-06-17T01:15:00Z,2026-06-17T03:15:00+0200,37060.46,MW,FR,FR,actual_load,Actual Load,2026-07-05T12:20:00Z
2026-07-05T12:19:30Z,2026-07-05T14:19:30+0200,4432c355-9488-4e0d-b987-b7dab09a434c,2026-06-17T01:30:00Z,2026-06-17T03:30:00+0200,36763.51,MW,FR,FR,actual_load,Actual Load,2026-07-05T12:20:00Z
2026-07-05T12:19:30Z,2026-07-05T14:19:30+0200,4432c355-9488-4e0d-b987-b7dab09a434c,2026-06-17T01:45:00Z,2026-06-17T03:45:00+0200,36553.59,MW,FR,FR,actual_load,Actual Load,2026-07-05T12:20:00Z
2026-07-05T12:19:30Z,2026-07-05T14:19:30+0200,4432c355-9488-4e0d-b987-b7dab09a434c,2026-06-17T02:00:00Z,2026-06-17T04:00:00+0200,36737.24,MW,FR,FR,actual_load,Actual Load,2026-07-05T12:20:00Z
2026-07-05T12:19:30Z,2026-07-05T14:19:30+0200,4432c355-9488-4e0d-b987-b7dab09a434c,2026-06-17T02:15:00Z,2026-06-17T04:15:00+0200,36527.03,MW,FR,FR,actual_load,Actual Load,2026-07-05T12:20:00Z
2026-07-05T12:19:30Z,2026-07-05T14:19:30+0200,4432c355-9488-4e0d-b987-b7dab09a434c,2026-06-17T02:30:00Z,2026-06-17T04:30:00+0200,36536.48,MW,FR,FR,actual_load,Actual Load,2026-07-05T12:20:00Z
2026-07-05T12:19:30Z,2026-07-05T14:19:30+0200,4432c355-9488-4e0d-b987-b7dab09a434c,2026-06-17T02:45:00Z,2026-06-17T04:45:00+0200,36558.86,MW,FR,FR,actual_load,Actual Load,2026-07-05T12:20:00Z
2026-07-05T12:19:30Z,2026-07-05T14:19:30+0200,4432c355-9488-4e0d-b987-b7dab09a434c,2026-06-17T03:00:00Z,2026-06-17T05:00:00+0200,37153.2,MW,FR,FR,actual_load,Actual Load,2026-07-05T12:20:00Z
2026-07-05T12:19:30Z,2026-07-05T14:19:30+0200,4432c355-9488-4e0d-b987-b7dab09a434c,2026-06-17T03:15:00Z,2026-06-17T05:15:00+0200,37571.18,MW,FR,FR,actual_load,Actual Load,2026-07-05T12:20:00Z
2026-07-05T12:19:30Z,2026-07-05T14:19:30+0200,4432c355-9488-4e0d-b987-b7dab09a434c,2026-06-17T03:30:00Z,2026-06-17T05:30:00+0200,37854.13,MW,FR,FR,actual_load,Actual Load,2026-07-05T12:20:00Z
2026-07-05T12:19:30Z,2026-07-05T14:19:30+0200,4432c355-9488-4e0d-b987-b7dab09a434c,2026-06-17T03:45:00Z,2026-06-17T05:45:00+0200,38128.58,MW,FR,FR,actual_load,Actual Load,2026-07-05T12:20:00Z
2026-07-05T12:19:30Z,2026-07-05T14:19:30+0200,4432c355-9488-4e0d-b987-b7dab09a434c,2026-06-17T04:00:00Z,2026-06-17T06:00:00+0200,39262.64,MW,FR,FR,actual_load,Actual Load,2026-07-05T12:20:00Z
2026-07-05T12:19:30Z,2026-07-05T14:19:30+0200,4432c355-9488-4e0d-b987-b7dab09a434c,2026-06-17T04:15:00Z,2026-06-17T06:15:00+0200,40111.23,MW,FR,FR,actual_load,Actual Load,2026-07-05T12:20:00Z
2026-07-05T12:19:30Z,2026-07-05T14:19:30+0200,4432c355-9488-4e0d-b987-b7dab09a434c,2026-06-17T04:30:00Z,2026-06-17T06:30:00+0200,40635.2,MW,FR,FR,actual_load,Actual Load,2026-07-05T12:20:00Z
2026-07-05T12:19:30Z,2026-07-05T14:19:30+0200,4432c355-9488-4e0d-b987-b7dab09a434c,2026-06-17T04:45:00Z,2026-06-17T06:45:00+0200,41484.5,MW,FR,FR,actual_load,Actual Load,2026-07-05T12:20:00Z
2026-07-05T12:19:30Z,2026-07-05T14:19:30+0200,4432c355-9488-4e0d-b987-b7dab09a434c,2026-06-17T05:00:00Z,2026-06-17T07:00:00+0200,42286.8,MW,FR,FR,actual_load,Actual Load,2026-07-05T12:20:00Z
2026-07-05T12:19:30Z,2026-07-05T14:19:30+0200,4432c355-9488-4e0d-b987-b7dab09a434c,2026-06-17T05:15:00Z,2026-06-17T07:15:00+0200,43022.67,MW,FR,FR,actual_load,Actual Load,2026-07-05T12:20:00Z
2026-07-05T12:19:30Z,2026-07-05T14:19:30+0200,4432c355-9488-4e0d-b987-b7dab09a434c,2026-06-17T05:30:00Z,2026-06-17T07:30:00+0200,43735.9,MW,FR,FR,actual_load,Actual Load,2026-07-05T12:20:00Z
2026-07-05T12:19:30Z,2026-07-05T14:19:30+0200,4432c355-9488-4e0d-b987-b7dab09a434c,2026-06-17T05:45:00Z,2026-06-17T07:45:00+0200,44428.91,MW,FR,FR,actual_load,Actual Load,2026-07-05T12:20:00Z
2026-07-05T12:19:30Z,2026-07-05T14:19:30+0200,4432c355-9488-4e0d-b987-b7dab09a434c,2026-06-17T06:00:00Z,2026-06-17T08:00:00+0200,45315.55,MW,FR,FR,actual_load,Actual Load,2026-07-05T12:20:00Z
2026-07-05T12:19:30Z,2026-07-05T14:19:30+0200,4432c355-9488-4e0d-b987-b7dab09a434c,2026-06-17T06:15:00Z,2026-06-17T08:15:00+0200,45735.22,MW,FR,FR,actual_load,Actual Load,2026-07-05T12:20:00Z
2026-07-05T12:19:30Z,2026-07-05T14:19:30+0200,4432c355-9488-4e0d-b987-b7dab09a434c,2026-06-17T06:30:00Z,2026-06-17T08:30:00+0200,46412.06,MW,FR,FR,actual_load,Actual Load,2026-07-05T12:20:00Z
2026-07-05T12:19:30Z,2026-07-05T14:19:30+0200,4432c355-9488-4e0d-b987-b7dab09a434c,2026-06-17T06:45:00Z,2026-06-17T08:45:00+0200,46606.86,MW,FR,FR,actual_load,Actual Load,2026-07-05T12:20:00Z
2026-07-05T12:19:30Z,2026-07-05T14:19:30+0200,4432c355-9488-4e0d-b987-b7dab09a434c,2026-06-17T07:00:00Z,2026-06-17T09:00:00+0200,47048.52,MW,FR,FR,actual_load,Actual Load,2026-07-05T12:20:00Z
2026-07-05T12:19:30Z,2026-07-05T14:19:30+0200,4432c355-9488-4e0d-b987-b7dab09a434c,2026-06-17T07:15:00Z,2026-06-17T09:15:00+0200,47706.9,MW,FR,FR,actual_load,Actual Load,2026-07-05T12:20:00Z
2026-07-05T12:19:30Z,2026-07-05T14:19:30+0200,4432c355-9488-4e0d-b987-b7dab09a434c,2026-06-17T07:30:00Z,2026-06-17T09:30:00+0200,47533.88,MW,FR,FR,actual_load,Actual Load,2026-07-05T12:20:00Z
2026-07-05T12:19:30Z,2026-07-05T14:19:30+0200,4432c355-9488-4e0d-b987-b7dab09a434c,2026-06-17T07:45:00Z,2026-06-17T09:45:00+0200,48044.03,MW,FR,FR,actual_load,Actual Load,2026-07-05T12:20:00Z
2026-07-05T12:19:30Z,2026-07-05T14:19:30+0200,4432c355-9488-4e0d-b987-b7dab09a434c,2026-06-17T08:00:00Z,2026-06-17T10:00:00+0200,48049.34,MW,FR,FR,actual_load,Actual Load,2026-07-05T12:20:00Z
2026-07-05T12:19:30Z,2026-07-05T14:19:30+0200,4432c355-9488-4e0d-b987-b7dab09a434c,2026-06-17T08:15:00Z,2026-06-17T10:15:00+0200,48294.32,MW,FR,FR,actual_load,Actual Load,2026-07-05T12:20:00Z
2026-07-05T12:19:30Z,2026-07-05T14:19:30+0200,4432c355-9488-4e0d-b987-b7dab09a434c,2026-06-17T08:30:00Z,2026-06-17T10:30:00+0200,48375.89,MW,FR,FR,actual_load,Actual Load,2026-07-05T12:20:00Z
2026-07-05T12:19:30Z,2026-07-05T14:19:30+0200,4432c355-9488-4e0d-b987-b7dab09a434c,2026-06-17T08:45:00Z,2026-06-17T10:45:00+0200,48555.86,MW,FR,FR,actual_load,Actual Load,2026-07-05T12:20:00Z
2026-07-05T12:19:30Z,2026-07-05T14:19:30+0200,4432c355-9488-4e0d-b987-b7dab09a434c,2026-06-17T09:00:00Z,2026-06-17T11:00:00+0200,48799.73,MW,FR,FR,actual_load,Actual Load,2026-07-05T12:20:00Z
2026-07-05T12:19:30Z,2026-07-05T14:19:30+0200,4432c355-9488-4e0d-b987-b7dab09a434c,2026-06-17T09:15:00Z,2026-06-17T11:15:00+0200,48831.52,MW,FR,FR,actual_load,Actual Load,2026-07-05T12:20:00Z
2026-07-05T12:19:30Z,2026-07-05T14:19:30+0200,4432c355-9488-4e0d-b987-b7dab09a434c,2026-06-17T09:30:00Z,2026-06-17T11:30:00+0200,49347.7,MW,FR,FR,actual_load,Actual Load,2026-07-05T12:20:00Z
2026-07-05T12:19:30Z,2026-07-05T14:19:30+0200,4432c355-9488-4e0d-b987-b7dab09a434c,2026-06-17T09:45:00Z,2026-06-17T11:45:00+0200,49739.79,MW,FR,FR,actual_load,Actual Load,2026-07-05T12:20:00Z
2026-07-05T12:19:30Z,2026-07-05T14:19:30+0200,4432c355-9488-4e0d-b987-b7dab09a434c,2026-06-17T10:00:00Z,2026-06-17T12:00:00+0200,49967.66,MW,FR,FR,actual_load,Actual Load,2026-07-05T12:20:00Z
2026-07-05T12:19:30Z,2026-07-05T14:19:30+0200,4432c355-9488-4e0d-b987-b7dab09a434c,2026-06-17T10:15:00Z,2026-06-17T12:15:00+0200,50113.75,MW,FR,FR,actual_load,Actual Load,2026-07-05T12:20:00Z
2026-07-05T12:19:30Z,2026-07-05T14:19:30+0200,4432c355-9488-4e0d-b987-b7dab09a434c,2026-06-17T10:30:00Z,2026-06-17T12:30:00+0200,50869.64,MW,FR,FR,actual_load,Actual Load,2026-07-05T12:20:00Z
2026-07-05T12:19:30Z,2026-07-05T14:19:30+0200,4432c355-9488-4e0d-b987-b7dab09a434c,2026-06-17T10:45:00Z,2026-06-17T12:45:00+0200,50351.46,MW,FR,FR,actual_load,Actual Load,2026-07-05T12:20:00Z
2026-07-05T12:19:30Z,2026-07-05T14:19:30+0200,4432c355-9488-4e0d-b987-b7dab09a434c,2026-06-17T11:00:00Z,2026-06-17T13:00:00+0200,50148.72,MW,FR,FR,actual_load,Actual Load,2026-07-05T12:20:00Z
2026-07-05T12:19:30Z,2026-07-05T14:19:30+0200,4432c355-9488-4e0d-b987-b7dab09a434c,2026-06-17T11:15:00Z,2026-06-17T13:15:00+0200,49870.33,MW,FR,FR,actual_load,Actual Load,2026-07-05T12:20:00Z
2026-07-05T12:19:30Z,2026-07-05T14:19:30+0200,4432c355-9488-4e0d-b987-b7dab09a434c,2026-06-17T11:30:00Z,2026-06-17T13:30:00+0200,49613.19,MW,FR,FR,actual_load,Actual Load,2026-07-05T12:20:00Z
2026-07-05T12:19:30Z,2026-07-05T14:19:30+0200,4432c355-9488-4e0d-b987-b7dab09a434c,2026-06-17T11:45:00Z,2026-06-17T13:45:00+0200,49771.34,MW,FR,FR,actual_load,Actual Load,2026-07-05T12:20:00Z
2026-07-05T12:19:30Z,2026-07-05T14:19:30+0200,4432c355-9488-4e0d-b987-b7dab09a434c,2026-06-17T12:00:00Z,2026-06-17T14:00:00+0200,50679.07,MW,FR,FR,actual_load,Actual Load,2026-07-05T12:20:00Z
2026-07-05T12:19:30Z,2026-07-05T14:19:30+0200,4432c355-9488-4e0d-b987-b7dab09a434c,2026-06-17T12:15:00Z,2026-06-17T14:15:00+0200,50687.2,MW,FR,FR,actual_load,Actual Load,2026-07-05T12:20:00Z
2026-07-05T12:19:30Z,2026-07-05T14:19:30+0200,4432c355-9488-4e0d-b987-b7dab09a434c,2026-06-17T12:30:00Z,2026-06-17T14:30:00+0200,50846.93,MW,FR,FR,actual_load,Actual Load,2026-07-05T12:20:00Z
2026-07-05T12:19:30Z,2026-07-05T14:19:30+0200,4432c355-9488-4e0d-b987-b7dab09a434c,2026-06-17T12:45:00Z,2026-06-17T14:45:00+0200,50480.48,MW,FR,FR,actual_load,Actual Load,2026-07-05T12:20:00Z
2026-07-05T12:19:30Z,2026-07-05T14:19:30+0200,4432c355-9488-4e0d-b987-b7dab09a434c,2026-06-17T13:00:00Z,2026-06-17T15:00:00+0200,50535.6,MW,FR,FR,actual_load,Actual Load,2026-07-05T12:20:00Z
2026-07-05T12:19:30Z,2026-07-05T14:19:30+0200,4432c355-9488-4e0d-b987-b7dab09a434c,2026-06-17T13:15:00Z,2026-06-17T15:15:00+0200,50228.14,MW,FR,FR,actual_load,Actual Load,2026-07-05T12:20:00Z
2026-07-05T12:19:30Z,2026-07-05T14:19:30+0200,4432c355-9488-4e0d-b987-b7dab09a434c,2026-06-17T13:30:00Z,2026-06-17T15:30:00+0200,50048.76,MW,FR,FR,actual_load,Actual Load,2026-07-05T12:20:00Z
2026-07-05T12:19:30Z,2026-07-05T14:19:30+0200,4432c355-9488-4e0d-b987-b7dab09a434c,2026-06-17T13:45:00Z,2026-06-17T15:45:00+0200,49565.69,MW,FR,FR,actual_load,Actual Load,2026-07-05T12:20:00Z
2026-07-05T12:19:30Z,2026-07-05T14:19:30+0200,4432c355-9488-4e0d-b987-b7dab09a434c,2026-06-17T14:00:00Z,2026-06-17T16:00:00+0200,49315.74,MW,FR,FR,actual_load,Actual Load,2026-07-05T12:20:00Z
2026-07-05T12:19:30Z,2026-07-05T14:19:30+0200,4432c355-9488-4e0d-b987-b7dab09a434c,2026-06-17T14:15:00Z,2026-06-17T16:15:00+0200,49304.11,MW,FR,FR,actual_load,Actual Load,2026-07-05T12:20:00Z
2026-07-05T12:19:30Z,2026-07-05T14:19:30+0200,4432c355-9488-4e0d-b987-b7dab09a434c,2026-06-17T14:30:00Z,2026-06-17T16:30:00+0200,49133.58,MW,FR,FR,actual_load,Actual Load,2026-07-05T12:20:00Z
2026-07-05T12:19:30Z,2026-07-05T14:19:30+0200,4432c355-9488-4e0d-b987-b7dab09a434c,2026-06-17T14:45:00Z,2026-06-17T16:45:00+0200,49257.89,MW,FR,FR,actual_load,Actual Load,2026-07-05T12:20:00Z
2026-07-05T12:19:30Z,2026-07-05T14:19:30+0200,4432c355-9488-4e0d-b987-b7dab09a434c,2026-06-17T15:00:00Z,2026-06-17T17:00:00+0200,49272.88,MW,FR,FR,actual_load,Actual Load,2026-07-05T12:20:00Z
2026-07-05T12:19:30Z,2026-07-05T14:19:30+0200,4432c355-9488-4e0d-b987-b7dab09a434c,2026-06-17T15:15:00Z,2026-06-17T17:15:00+0200,49235.89,MW,FR,FR,actual_load,Actual Load,2026-07-05T12:20:00Z
2026-07-05T12:19:30Z,2026-07-05T14:19:30+0200,4432c355-9488-4e0d-b987-b7dab09a434c,2026-06-17T15:30:00Z,2026-06-17T17:30:00+0200,49469.4,MW,FR,FR,actual_load,Actual Load,2026-07-05T12:20:00Z
2026-07-05T12:19:30Z,2026-07-05T14:19:30+0200,4432c355-9488-4e0d-b987-b7dab09a434c,2026-06-17T15:45:00Z,2026-06-17T17:45:00+0200,49914.23,MW,FR,FR,actual_load,Actual Load,2026-07-05T12:20:00Z
2026-07-05T12:19:30Z,2026-07-05T14:19:30+0200,4432c355-9488-4e0d-b987-b7dab09a434c,2026-06-17T16:00:00Z,2026-06-17T18:00:00+0200,50332.73,MW,FR,FR,actual_load,Actual Load,2026-07-05T12:20:00Z
2026-07-05T12:19:30Z,2026-07-05T14:19:30+0200,4432c355-9488-4e0d-b987-b7dab09a434c,2026-06-17T16:15:00Z,2026-06-17T18:15:00+0200,50671.51,MW,FR,FR,actual_load,Actual Load,2026-07-05T12:20:00Z
2026-07-05T12:19:30Z,2026-07-05T14:19:30+0200,4432c355-9488-4e0d-b987-b7dab09a434c,2026-06-17T16:30:00Z,2026-06-17T18:30:00+0200,51476.07,MW,FR,FR,actual_load,Actual Load,2026-07-05T12:20:00Z
2026-07-05T12:19:30Z,2026-07-05T14:19:30+0200,4432c355-9488-4e0d-b987-b7dab09a434c,2026-06-17T16:45:00Z,2026-06-17T18:45:00+0200,52323.98,MW,FR,FR,actual_load,Actual Load,2026-07-05T12:20:00Z
2026-07-05T12:19:30Z,2026-07-05T14:19:30+0200,4432c355-9488-4e0d-b987-b7dab09a434c,2026-06-17T17:00:00Z,2026-06-17T19:00:00+0200,52390.6,MW,FR,FR,actual_load,Actual Load,2026-07-05T12:20:00Z
2026-07-05T12:19:30Z,2026-07-05T14:19:30+0200,4432c355-9488-4e0d-b987-b7dab09a434c,2026-06-17T17:15:00Z,2026-06-17T19:15:00+0200,52266.48,MW,FR,FR,actual_load,Actual Load,2026-07-05T12:20:00Z
2026-07-05T12:19:30Z,2026-07-05T14:19:30+0200,4432c355-9488-4e0d-b987-b7dab09a434c,2026-06-17T17:30:00Z,2026-06-17T19:30:00+0200,52070.78,MW,FR,FR,actual_load,Actual Load,2026-07-05T12:20:00Z
2026-07-05T12:19:30Z,2026-07-05T14:19:30+0200,4432c355-9488-4e0d-b987-b7dab09a434c,2026-06-17T17:45:00Z,2026-06-17T19:45:00+0200,51906.65,MW,FR,FR,actual_load,Actual Load,2026-07-05T12:20:00Z
2026-07-05T12:19:30Z,2026-07-05T14:19:30+0200,4432c355-9488-4e0d-b987-b7dab09a434c,2026-06-17T18:00:00Z,2026-06-17T20:00:00+0200,51351.5,MW,FR,FR,actual_load,Actual Load,2026-07-05T12:20:00Z
2026-07-05T12:19:30Z,2026-07-05T14:19:30+0200,4432c355-9488-4e0d-b987-b7dab09a434c,2026-06-17T18:15:00Z,2026-06-17T20:15:00+0200,50604.72,MW,FR,FR,actual_load,Actual Load,2026-07-05T12:20:00Z
2026-07-05T12:19:30Z,2026-07-05T14:19:30+0200,4432c355-9488-4e0d-b987-b7dab09a434c,2026-06-17T18:30:00Z,2026-06-17T20:30:00+0200,49841.96,MW,FR,FR,actual_load,Actual Load,2026-07-05T12:20:00Z
2026-07-05T12:19:30Z,2026-07-05T14:19:30+0200,4432c355-9488-4e0d-b987-b7dab09a434c,2026-06-17T18:45:00Z,2026-06-17T20:45:00+0200,49280.05,MW,FR,FR,actual_load,Actual Load,2026-07-05T12:20:00Z
2026-07-05T12:19:30Z,2026-07-05T14:19:30+0200,4432c355-9488-4e0d-b987-b7dab09a434c,2026-06-17T19:00:00Z,2026-06-17T21:00:00+0200,48956.77,MW,FR,FR,actual_load,Actual Load,2026-07-05T12:20:00Z
2026-07-05T12:19:30Z,2026-07-05T14:19:30+0200,4432c355-9488-4e0d-b987-b7dab09a434c,2026-06-17T19:15:00Z,2026-06-17T21:15:00+0200,48642.36,MW,FR,FR,actual_load,Actual Load,2026-07-05T12:20:00Z
2026-07-05T12:19:30Z,2026-07-05T14:19:30+0200,4432c355-9488-4e0d-b987-b7dab09a434c,2026-06-17T19:30:00Z,2026-06-17T21:30:00+0200,48232.63,MW,FR,FR,actual_load,Actual Load,2026-07-05T12:20:00Z
2026-07-05T12:19:30Z,2026-07-05T14:19:30+0200,4432c355-9488-4e0d-b987-b7dab09a434c,2026-06-17T19:45:00Z,2026-06-17T21:45:00+0200,47865.43,MW,FR,FR,actual_load,Actual Load,2026-07-05T12:20:00Z
2026-07-05T12:19:30Z,2026-07-05T14:19:30+0200,4432c355-9488-4e0d-b987-b7dab09a434c,2026-06-17T20:00:00Z,2026-06-17T22:00:00+0200,49064.94,MW,FR,FR,actual_load,Actual Load,2026-07-05T12:20:00Z
2026-07-05T12:19:30Z,2026-07-05T14:19:30+0200,4432c355-9488-4e0d-b987-b7dab09a434c,2026-06-17T20:15:00Z,2026-06-17T22:15:00+0200,48822.34,MW,FR,FR,actual_load,Actual Load,2026-07-05T12:20:00Z
2026-07-05T12:19:30Z,2026-07-05T14:19:30+0200,4432c355-9488-4e0d-b987-b7dab09a434c,2026-06-17T20:30:00Z,2026-06-17T22:30:00+0200,49946.94,MW,FR,FR,actual_load,Actual Load,2026-07-05T12:20:00Z
2026-07-05T12:19:30Z,2026-07-05T14:19:30+0200,4432c355-9488-4e0d-b987-b7dab09a434c,2026-06-17T20:45:00Z,2026-06-17T22:45:00+0200,49336.14,MW,FR,FR,actual_load,Actual Load,2026-07-05T12:20:00Z
2026-07-05T12:19:30Z,2026-07-05T14:19:30+0200,4432c355-9488-4e0d-b987-b7dab09a434c,2026-06-17T21:00:00Z,2026-06-17T23:00:00+0200,49121.64,MW,FR,FR,actual_load,Actual Load,2026-07-05T12:20:00Z
2026-07-05T12:19:30Z,2026-07-05T14:19:30+0200,4432c355-9488-4e0d-b987-b7dab09a434c,2026-06-17T21:15:00Z,2026-06-17T23:15:00+0200,48201.38,MW,FR,FR,actual_load,Actual Load,2026-07-05T12:20:00Z
2026-07-05T12:19:30Z,2026-07-05T14:19:30+0200,4432c355-9488-4e0d-b987-b7dab09a434c,2026-06-17T21:30:00Z,2026-06-17T23:30:00+0200,48142.22,MW,FR,FR,actual_load,Actual Load,2026-07-05T12:20:00Z
2026-07-05T12:19:30Z,2026-07-05T14:19:30+0200,4432c355-9488-4e0d-b987-b7dab09a434c,2026-06-17T21:45:00Z,2026-06-17T23:45:00+0200,47023.04,MW,FR,FR,actual_load,Actual Load,2026-07-05T12:20:00Z
2026-07-05T12:19:30Z,2026-07-05T14:19:30+0200,4432c355-9488-4e0d-b987-b7dab09a434c,2026-06-17T22:00:00Z,2026-06-18T00:00:00+0200,46902.77,MW,FR,FR,actual_load,Actual Load,2026-07-05T12:20:00Z
2026-07-05T12:19:30Z,2026-07-05T14:19:30+0200,4432c355-9488-4e0d-b987-b7dab09a434c,2026-06-17T22:15:00Z,2026-06-18T00:15:00+0200,45526.25,MW,FR,FR,actual_load,Actual Load,2026-07-05T12:20:00Z
2026-07-05T12:19:30Z,2026-07-05T14:19:30+0200,4432c355-9488-4e0d-b987-b7dab09a434c,2026-06-17T22:30:00Z,2026-06-18T00:30:00+0200,44198.66,MW,FR,FR,actual_load,Actual Load,2026-07-05T12:20:00Z
2026-07-05T12:19:30Z,2026-07-05T14:19:30+0200,4432c355-9488-4e0d-b987-b7dab09a434c,2026-06-17T22:45:00Z,2026-06-18T00:45:00+0200,42986.19,MW,FR,FR,actual_load,Actual Load,2026-07-05T12:20:00Z
2026-07-05T12:19:30Z,2026-07-05T14:19:30+0200,4432c355-9488-4e0d-b987-b7dab09a434c,2026-06-17T23:00:00Z,2026-06-18T01:00:00+0200,43181.58,MW,FR,FR,actual_load,Actual Load,2026-07-05T12:20:00Z
2026-07-05T12:19:30Z,2026-07-05T14:19:30+0200,4432c355-9488-4e0d-b987-b7dab09a434c,2026-06-17T23:15:00Z,2026-06-18T01:15:00+0200,42513.37,MW,FR,FR,actual_load,Actual Load,2026-07-05T12:20:00Z
2026-07-05T12:19:30Z,2026-07-05T14:19:30+0200,4432c355-9488-4e0d-b987-b7dab09a434c,2026-06-17T23:30:00Z,2026-06-18T01:30:00+0200,42327.27,MW,FR,FR,actual_load,Actual Load,2026-07-05T12:20:00Z
2026-07-05T12:19:30Z,2026-07-05T14:19:30+0200,4432c355-9488-4e0d-b987-b7dab09a434c,2026-06-17T23:45:00Z,2026-06-18T01:45:00+0200,41613.33,MW,FR,FR,actual_load,Actual Load,2026-07-05T12:20:00Z
2026-07-05T12:19:30Z,2026-07-05T14:19:30+0200,4432c355-9488-4e0d-b987-b7dab09a434c,2026-06-18T00:00:00Z,2026-06-18T02:00:00+0200,41292.91,MW,FR,FR,actual_load,Actual Load,2026-07-05T12:20:00Z
2026-07-05T12:19:30Z,2026-07-05T14:19:30+0200,4432c355-9488-4e0d-b987-b7dab09a434c,2026-06-18T00:15:00Z,2026-06-18T02:15:00+0200,40416.9,MW,FR,FR,actual_load,Actual Load,2026-07-05T12:20:00Z
2026-07-05T12:19:30Z,2026-07-05T14:19:30+0200,4432c355-9488-4e0d-b987-b7dab09a434c,2026-06-18T00:30:00Z,2026-06-18T02:30:00+0200,39666.64,MW,FR,FR,actual_load,Actual Load,2026-07-05T12:20:00Z
2026-07-05T12:19:30Z,2026-07-05T14:19:30+0200,4432c355-9488-4e0d-b987-b7dab09a434c,2026-06-18T00:45:00Z,2026-06-18T02:45:00+0200,39041.3,MW,FR,FR,actual_load,Actual Load,2026-07-05T12:20:00Z
2026-07-05T12:19:30Z,2026-07-05T14:19:30+0200,4432c355-9488-4e0d-b987-b7dab09a434c,2026-06-18T01:00:00Z,2026-06-18T03:00:00+0200,38511.41,MW,FR,FR,actual_load,Actual Load,2026-07-05T12:20:00Z
2026-07-05T12:19:30Z,2026-07-05T14:19:30+0200,4432c355-9488-4e0d-b987-b7dab09a434c,2026-06-18T01:15:00Z,2026-06-18T03:15:00+0200,38138.93,MW,FR,FR,actual_load,Actual Load,2026-07-05T12:20:00Z
2026-07-05T12:19:30Z,2026-07-05T14:19:30+0200,4432c355-9488-4e0d-b987-b7dab09a434c,2026-06-18T01:30:00Z,2026-06-18T03:30:00+0200,37872.38,MW,FR,FR,actual_load,Actual Load,2026-07-05T12:20:00Z
2026-07-05T12:19:30Z,2026-07-05T14:19:30+0200,4432c355-9488-4e0d-b987-b7dab09a434c,2026-06-18T01:45:00Z,2026-06-18T03:45:00+0200,37489.66,MW,FR,FR,actual_load,Actual Load,2026-07-05T12:20:00Z
2026-07-05T12:19:30Z,2026-07-05T14:19:30+0200,4432c355-9488-4e0d-b987-b7dab09a434c,2026-06-18T02:00:00Z,2026-06-18T04:00:00+0200,37524.18,MW,FR,FR,actual_load,Actual Load,2026-07-05T12:20:00Z
2026-07-05T12:19:30Z,2026-07-05T14:19:30+0200,4432c355-9488-4e0d-b987-b7dab09a434c,2026-06-18T02:15:00Z,2026-06-18T04:15:00+0200,37263.69,MW,FR,FR,actual_load,Actual Load,2026-07-05T12:20:00Z
2026-07-05T12:19:30Z,2026-07-05T14:19:30+0200,4432c355-9488-4e0d-b987-b7dab09a434c,2026-06-18T02:30:00Z,2026-06-18T04:30:00+0200,37277.13,MW,FR,FR,actual_load,Actual Load,2026-07-05T12:20:00Z
2026-07-05T12:19:30Z,2026-07-05T14:19:30+0200,4432c355-9488-4e0d-b987-b7dab09a434c,2026-06-18T02:45:00Z,2026-06-18T04:45:00+0200,37383.89,MW,FR,FR,actual_load,Actual Load,2026-07-05T12:20:00Z
2026-07-05T12:19:30Z,2026-07-05T14:19:30+0200,4432c355-9488-4e0d-b987-b7dab09a434c,2026-06-18T03:00:00Z,2026-06-18T05:00:00+0200,38057.29,MW,FR,FR,actual_load,Actual Load,2026-07-05T12:20:00Z
2026-07-05T12:19:30Z,2026-07-05T14:19:30+0200,4432c355-9488-4e0d-b987-b7dab09a434c,2026-06-18T03:15:00Z,2026-06-18T05:15:00+0200,38378.4,MW,FR,FR,actual_load,Actual Load,2026-07-05T12:20:00Z
2026-07-05T12:19:30Z,2026-07-05T14:19:30+0200,4432c355-9488-4e0d-b987-b7dab09a434c,2026-06-18T03:30:00Z,2026-06-18T05:30:00+0200,38582.09,MW,FR,FR,actual_load,Actual Load,2026-07-05T12:20:00Z
2026-07-05T12:19:30Z,2026-07-05T14:19:30+0200,4432c355-9488-4e0d-b987-b7dab09a434c,2026-06-18T03:45:00Z,2026-06-18T05:45:00+0200,39102.91,MW,FR,FR,actual_load,Actual Load,2026-07-05T12:20:00Z
2026-07-05T12:19:30Z,2026-07-05T14:19:30+0200,4432c355-9488-4e0d-b987-b7dab09a434c,2026-06-18T04:00:00Z,2026-06-18T06:00:00+0200,40111.89,MW,FR,FR,actual_load,Actual Load,2026-07-05T12:20:00Z
2026-07-05T12:19:30Z,2026-07-05T14:19:30+0200,4432c355-9488-4e0d-b987-b7dab09a434c,2026-06-18T04:15:00Z,2026-06-18T06:15:00+0200,41077.33,MW,FR,FR,actual_load,Actual Load,2026-07-05T12:20:00Z
2026-07-05T12:19:30Z,2026-07-05T14:19:30+0200,4432c355-9488-4e0d-b987-b7dab09a434c,2026-06-18T04:30:00Z,2026-06-18T06:30:00+0200,41679.26,MW,FR,FR,actual_load,Actual Load,2026-07-05T12:20:00Z
2026-07-05T12:19:30Z,2026-07-05T14:19:30+0200,4432c355-9488-4e0d-b987-b7dab09a434c,2026-06-18T04:45:00Z,2026-06-18T06:45:00+0200,42569.06,MW,FR,FR,actual_load,Actual Load,2026-07-05T12:20:00Z
2026-07-05T12:19:30Z,2026-07-05T14:19:30+0200,4432c355-9488-4e0d-b987-b7dab09a434c,2026-06-18T05:00:00Z,2026-06-18T07:00:00+0200,43634.89,MW,FR,FR,actual_load,Actual Load,2026-07-05T12:20:00Z
2026-07-05T12:19:30Z,2026-07-05T14:19:30+0200,4432c355-9488-4e0d-b987-b7dab09a434c,2026-06-18T05:15:00Z,2026-06-18T07:15:00+0200,44461.66,MW,FR,FR,actual_load,Actual Load,2026-07-05T12:20:00Z
2026-07-05T12:19:30Z,2026-07-05T14:19:30+0200,4432c355-9488-4e0d-b987-b7dab09a434c,2026-06-18T05:30:00Z,2026-06-18T07:30:00+0200,45014.19,MW,FR,FR,actual_load,Actual Load,2026-07-05T12:20:00Z
2026-07-05T12:19:30Z,2026-07-05T14:19:30+0200,4432c355-9488-4e0d-b987-b7dab09a434c,2026-06-18T05:45:00Z,2026-06-18T07:45:00+0200,45859.64,MW,FR,FR,actual_load,Actual Load,2026-07-05T12:20:00Z
2026-07-05T12:19:30Z,2026-07-05T14:19:30+0200,4432c355-9488-4e0d-b987-b7dab09a434c,2026-06-18T06:00:00Z,2026-06-18T08:00:00+0200,46295.73,MW,FR,FR,actual_load,Actual Load,2026-07-05T12:20:00Z
2026-07-05T12:19:30Z,2026-07-05T14:19:30+0200,4432c355-9488-4e0d-b987-b7dab09a434c,2026-06-18T06:15:00Z,2026-06-18T08:15:00+0200,47086.88,MW,FR,FR,actual_load,Actual Load,2026-07-05T12:20:00Z
2026-07-05T12:19:30Z,2026-07-05T14:19:30+0200,4432c355-9488-4e0d-b987-b7dab09a434c,2026-06-18T06:30:00Z,2026-06-18T08:30:00+0200,47673.0,MW,FR,FR,actual_load,Actual Load,2026-07-05T12:20:00Z
2026-07-05T12:19:30Z,2026-07-05T14:19:30+0200,4432c355-9488-4e0d-b987-b7dab09a434c,2026-06-18T06:45:00Z,2026-06-18T08:45:00+0200,48143.59,MW,FR,FR,actual_load,Actual Load,2026-07-05T12:20:00Z
2026-07-05T12:19:30Z,2026-07-05T14:19:30+0200,4432c355-9488-4e0d-b987-b7dab09a434c,2026-06-18T07:00:00Z,2026-06-18T09:00:00+0200,48827.93,MW,FR,FR,actual_load,Actual Load,2026-07-05T12:20:00Z
2026-07-05T12:19:30Z,2026-07-05T14:19:30+0200,4432c355-9488-4e0d-b987-b7dab09a434c,2026-06-18T07:15:00Z,2026-06-18T09:15:00+0200,49402.54,MW,FR,FR,actual_load,Actual Load,2026-07-05T12:20:00Z
2026-07-05T12:19:30Z,2026-07-05T14:19:30+0200,4432c355-9488-4e0d-b987-b7dab09a434c,2026-06-18T07:30:00Z,2026-06-18T09:30:00+0200,49493.34,MW,FR,FR,actual_load,Actual Load,2026-07-05T12:20:00Z
2026-07-05T12:19:30Z,2026-07-05T14:19:30+0200,4432c355-9488-4e0d-b987-b7dab09a434c,2026-06-18T07:45:00Z,2026-06-18T09:45:00+0200,49467.99,MW,FR,FR,actual_load,Actual Load,2026-07-05T12:20:00Z
2026-07-05T12:19:30Z,2026-07-05T14:19:30+0200,4432c355-9488-4e0d-b987-b7dab09a434c,2026-06-18T08:00:00Z,2026-06-18T10:00:00+0200,50639.13,MW,FR,FR,actual_load,Actual Load,2026-07-05T12:20:00Z
2026-07-05T12:19:30Z,2026-07-05T14:19:30+0200,4432c355-9488-4e0d-b987-b7dab09a434c,2026-06-18T08:15:00Z,2026-06-18T10:15:00+0200,50651.99,MW,FR,FR,actual_load,Actual Load,2026-07-05T12:20:00Z
2026-07-05T12:19:30Z,2026-07-05T14:19:30+0200,4432c355-9488-4e0d-b987-b7dab09a434c,2026-06-18T08:30:00Z,2026-06-18T10:30:00+0200,50768.92,MW,FR,FR,actual_load,Actual Load,2026-07-05T12:20:00Z
2026-07-05T12:19:30Z,2026-07-05T14:19:30+0200,4432c355-9488-4e0d-b987-b7dab09a434c,2026-06-18T08:45:00Z,2026-06-18T10:45:00+0200,51202.19,MW,FR,FR,actual_load,Actual Load,2026-07-05T12:20:00Z
2026-07-05T12:19:30Z,2026-07-05T14:19:30+0200,4432c355-9488-4e0d-b987-b7dab09a434c,2026-06-18T09:00:00Z,2026-06-18T11:00:00+0200,51735.09,MW,FR,FR,actual_load,Actual Load,2026-07-05T12:20:00Z
2026-07-05T12:19:30Z,2026-07-05T14:19:30+0200,4432c355-9488-4e0d-b987-b7dab09a434c,2026-06-18T09:15:00Z,2026-06-18T11:15:00+0200,51649.6,MW,FR,FR,actual_load,Actual Load,2026-07-05T12:20:00Z
2026-07-05T12:19:30Z,2026-07-05T14:19:30+0200,4432c355-9488-4e0d-b987-b7dab09a434c,2026-06-18T09:30:00Z,2026-06-18T11:30:00+0200,52403.88,MW,FR,FR,actual_load,Actual Load,2026-07-05T12:20:00Z
2026-07-05T12:19:30Z,2026-07-05T14:19:30+0200,4432c355-9488-4e0d-b987-b7dab09a434c,2026-06-18T09:45:00Z,2026-06-18T11:45:00+0200,52885.61,MW,FR,FR,actual_load,Actual Load,2026-07-05T12:20:00Z
2026-07-05T12:19:30Z,2026-07-05T14:19:30+0200,4432c355-9488-4e0d-b987-b7dab09a434c,2026-06-18T10:00:00Z,2026-06-18T12:00:00+0200,53188.7,MW,FR,FR,actual_load,Actual Load,2026-07-05T12:20:00Z
2026-07-05T12:19:30Z,2026-07-05T14:19:30+0200,4432c355-9488-4e0d-b987-b7dab09a434c,2026-06-18T10:15:00Z,2026-06-18T12:15:00+0200,53104.8,MW,FR,FR,actual_load,Actual Load,2026-07-05T12:20:00Z
2026-07-05T12:19:30Z,2026-07-05T14:19:30+0200,4432c355-9488-4e0d-b987-b7dab09a434c,2026-06-18T10:30:00Z,2026-06-18T12:30:00+0200,53608.29,MW,FR,FR,actual_load,Actual Load,2026-07-05T12:20:00Z
2026-07-05T12:19:30Z,2026-07-05T14:19:30+0200,4432c355-9488-4e0d-b987-b7dab09a434c,2026-06-18T10:45:00Z,2026-06-18T12:45:00+0200,53447.68,MW,FR,FR,actual_load,Actual Load,2026-07-05T12:20:00Z
2026-07-05T12:19:30Z,2026-07-05T14:19:30+0200,4432c355-9488-4e0d-b987-b7dab09a434c,2026-06-18T11:00:00Z,2026-06-18T13:00:00+0200,53338.82,MW,FR,FR,actual_load,Actual Load,2026-07-05T12:20:00Z
2026-07-05T12:19:30Z,2026-07-05T14:19:30+0200,4432c355-9488-4e0d-b987-b7dab09a434c,2026-06-18T11:15:00Z,2026-06-18T13:15:00+0200,53025.87,MW,FR,FR,actual_load,Actual Load,2026-07-05T12:20:00Z
2026-07-05T12:19:30Z,2026-07-05T14:19:30+0200,4432c355-9488-4e0d-b987-b7dab09a434c,2026-06-18T11:30:00Z,2026-06-18T13:30:00+0200,53116.76,MW,FR,FR,actual_load,Actual Load,2026-07-05T12:20:00Z
2026-07-05T12:19:30Z,2026-07-05T14:19:30+0200,4432c355-9488-4e0d-b987-b7dab09a434c,2026-06-18T11:45:00Z,2026-06-18T13:45:00+0200,53014.77,MW,FR,FR,actual_load,Actual Load,2026-07-05T12:20:00Z
2026-07-05T12:19:30Z,2026-07-05T14:19:30+0200,4432c355-9488-4e0d-b987-b7dab09a434c,2026-06-18T12:00:00Z,2026-06-18T14:00:00+0200,53985.66,MW,FR,FR,actual_load,Actual Load,2026-07-05T12:20:00Z
2026-07-05T12:19:30Z,2026-07-05T14:19:30+0200,4432c355-9488-4e0d-b987-b7dab09a434c,2026-06-18T12:15:00Z,2026-06-18T14:15:00+0200,53783.35,MW,FR,FR,actual_load,Actual Load,2026-07-05T12:20:00Z
2026-07-05T12:19:30Z,2026-07-05T14:19:30+0200,4432c355-9488-4e0d-b987-b7dab09a434c,2026-06-18T12:30:00Z,2026-06-18T14:30:00+0200,53880.54,MW,FR,FR,actual_load,Actual Load,2026-07-05T12:20:00Z
2026-07-05T12:19:30Z,2026-07-05T14:19:30+0200,4432c355-9488-4e0d-b987-b7dab09a434c,2026-06-18T12:45:00Z,2026-06-18T14:45:00+0200,53671.65,MW,FR,FR,actual_load,Actual Load,2026-07-05T12:20:00Z
2026-07-05T12:19:30Z,2026-07-05T14:19:30+0200,4432c355-9488-4e0d-b987-b7dab09a434c,2026-06-18T13:00:00Z,2026-06-18T15:00:00+0200,53905.71,MW,FR,FR,actual_load,Actual Load,2026-07-05T12:20:00Z
2026-07-05T12:19:30Z,2026-07-05T14:19:30+0200,4432c355-9488-4e0d-b987-b7dab09a434c,2026-06-18T13:15:00Z,2026-06-18T15:15:00+0200,53380.5,MW,FR,FR,actual_load,Actual Load,2026-07-05T12:20:00Z
2026-07-05T12:19:30Z,2026-07-05T14:19:30+0200,4432c355-9488-4e0d-b987-b7dab09a434c,2026-06-18T13:30:00Z,2026-06-18T15:30:00+0200,53008.67,MW,FR,FR,actual_load,Actual Load,2026-07-05T12:20:00Z
2026-07-05T12:19:30Z,2026-07-05T14:19:30+0200,4432c355-9488-4e0d-b987-b7dab09a434c,2026-06-18T13:45:00Z,2026-06-18T15:45:00+0200,52494.33,MW,FR,FR,actual_load,Actual Load,2026-07-05T12:20:00Z
2026-07-05T12:19:30Z,2026-07-05T14:19:30+0200,4432c355-9488-4e0d-b987-b7dab09a434c,2026-06-18T14:00:00Z,2026-06-18T16:00:00+0200,52189.93,MW,FR,FR,actual_load,Actual Load,2026-07-05T12:20:00Z
2026-07-05T12:19:30Z,2026-07-05T14:19:30+0200,4432c355-9488-4e0d-b987-b7dab09a434c,2026-06-18T14:15:00Z,2026-06-18T16:15:00+0200,51844.18,MW,FR,FR,actual_load,Actual Load,2026-07-05T12:20:00Z
2026-07-05T12:19:30Z,2026-07-05T14:19:30+0200,4432c355-9488-4e0d-b987-b7dab09a434c,2026-06-18T14:30:00Z,2026-06-18T16:30:00+0200,51605.08,MW,FR,FR,actual_load,Actual Load,2026-07-05T12:20:00Z
2026-07-05T12:19:30Z,2026-07-05T14:19:30+0200,4432c355-9488-4e0d-b987-b7dab09a434c,2026-06-18T14:45:00Z,2026-06-18T16:45:00+0200,51841.71,MW,FR,FR,actual_load,Actual Load,2026-07-05T12:20:00Z
2026-07-05T12:19:30Z,2026-07-05T14:19:30+0200,4432c355-9488-4e0d-b987-b7dab09a434c,2026-06-18T15:00:00Z,2026-06-18T17:00:00+0200,51667.7,MW,FR,FR,actual_load,Actual Load,2026-07-05T12:20:00Z
2026-07-05T12:19:30Z,2026-07-05T14:19:30+0200,4432c355-9488-4e0d-b987-b7dab09a434c,2026-06-18T15:15:00Z,2026-06-18T17:15:00+0200,51793.21,MW,FR,FR,actual_load,Actual Load,2026-07-05T12:20:00Z
2026-07-05T12:19:30Z,2026-07-05T14:19:30+0200,4432c355-9488-4e0d-b987-b7dab09a434c,2026-06-18T15:30:00Z,2026-06-18T17:30:00+0200,52062.48,MW,FR,FR,actual_load,Actual Load,2026-07-05T12:20:00Z
2026-07-05T12:19:30Z,2026-07-05T14:19:30+0200,4432c355-9488-4e0d-b987-b7dab09a434c,2026-06-18T15:45:00Z,2026-06-18T17:45:00+0200,52483.26,MW,FR,FR,actual_load,Actual Load,2026-07-05T12:20:00Z
2026-07-05T12:19:30Z,2026-07-05T14:19:30+0200,4432c355-9488-4e0d-b987-b7dab09a434c,2026-06-18T16:00:00Z,2026-06-18T18:00:00+0200,52593.34,MW,FR,FR,actual_load,Actual Load,2026-07-05T12:20:00Z
2026-07-05T12:19:30Z,2026-07-05T14:19:30+0200,4432c355-9488-4e0d-b987-b7dab09a434c,2026-06-18T16:15:00Z,2026-06-18T18:15:00+0200,52585.16,MW,FR,FR,actual_load,Actual Load,2026-07-05T12:20:00Z
2026-07-05T12:19:30Z,2026-07-05T14:19:30+0200,4432c355-9488-4e0d-b987-b7dab09a434c,2026-06-18T16:30:00Z,2026-06-18T18:30:00+0200,53101.25,MW,FR,FR,actual_load,Actual Load,2026-07-05T12:20:00Z
2026-07-05T12:19:30Z,2026-07-05T14:19:30+0200,4432c355-9488-4e0d-b987-b7dab09a434c,2026-06-18T16:45:00Z,2026-06-18T18:45:00+0200,53515.79,MW,FR,FR,actual_load,Actual Load,2026-07-05T12:20:00Z
2026-07-05T12:19:30Z,2026-07-05T14:19:30+0200,4432c355-9488-4e0d-b987-b7dab09a434c,2026-06-18T17:00:00Z,2026-06-18T19:00:00+0200,53144.11,MW,FR,FR,actual_load,Actual Load,2026-07-05T12:20:00Z
2026-07-05T12:19:30Z,2026-07-05T14:19:30+0200,4432c355-9488-4e0d-b987-b7dab09a434c,2026-06-18T17:15:00Z,2026-06-18T19:15:00+0200,53061.11,MW,FR,FR,actual_load,Actual Load,2026-07-05T12:20:00Z
2026-07-05T12:19:30Z,2026-07-05T14:19:30+0200,4432c355-9488-4e0d-b987-b7dab09a434c,2026-06-18T17:30:00Z,2026-06-18T19:30:00+0200,52639.53,MW,FR,FR,actual_load,Actual Load,2026-07-05T12:20:00Z
2026-07-05T12:19:30Z,2026-07-05T14:19:30+0200,4432c355-9488-4e0d-b987-b7dab09a434c,2026-06-18T17:45:00Z,2026-06-18T19:45:00+0200,52372.7,MW,FR,FR,actual_load,Actual Load,2026-07-05T12:20:00Z
2026-07-05T12:19:30Z,2026-07-05T14:19:30+0200,4432c355-9488-4e0d-b987-b7dab09a434c,2026-06-18T18:00:00Z,2026-06-18T20:00:00+0200,51531.77,MW,FR,FR,actual_load,Actual Load,2026-07-05T12:20:00Z
2026-07-05T12:19:30Z,2026-07-05T14:19:30+0200,4432c355-9488-4e0d-b987-b7dab09a434c,2026-06-18T18:15:00Z,2026-06-18T20:15:00+0200,50909.4,MW,FR,FR,actual_load,Actual Load,2026-07-05T12:20:00Z
2026-07-05T12:19:30Z,2026-07-05T14:19:30+0200,4432c355-9488-4e0d-b987-b7dab09a434c,2026-06-18T18:30:00Z,2026-06-18T20:30:00+0200,50098.05,MW,FR,FR,actual_load,Actual Load,2026-07-05T12:20:00Z
2026-07-05T12:19:30Z,2026-07-05T14:19:30+0200,4432c355-9488-4e0d-b987-b7dab09a434c,2026-06-18T18:45:00Z,2026-06-18T20:45:00+0200,49517.86,MW,FR,FR,actual_load,Actual Load,2026-07-05T12:20:00Z
2026-07-05T12:19:30Z,2026-07-05T14:19:30+0200,4432c355-9488-4e0d-b987-b7dab09a434c,2026-06-18T19:00:00Z,2026-06-18T21:00:00+0200,49072.13,MW,FR,FR,actual_load,Actual Load,2026-07-05T12:20:00Z
2026-07-05T12:19:30Z,2026-07-05T14:19:30+0200,4432c355-9488-4e0d-b987-b7dab09a434c,2026-06-18T19:15:00Z,2026-06-18T21:15:00+0200,48731.44,MW,FR,FR,actual_load,Actual Load,2026-07-05T12:20:00Z
2026-07-05T12:19:30Z,2026-07-05T14:19:30+0200,4432c355-9488-4e0d-b987-b7dab09a434c,2026-06-18T19:30:00Z,2026-06-18T21:30:00+0200,48197.32,MW,FR,FR,actual_load,Actual Load,2026-07-05T12:20:00Z
2026-07-05T12:19:30Z,2026-07-05T14:19:30+0200,4432c355-9488-4e0d-b987-b7dab09a434c,2026-06-18T19:45:00Z,2026-06-18T21:45:00+0200,47890.08,MW,FR,FR,actual_load,Actual Load,2026-07-05T12:20:00Z
2026-07-05T12:19:30Z,2026-07-05T14:19:30+0200,4432c355-9488-4e0d-b987-b7dab09a434c,2026-06-18T20:00:00Z,2026-06-18T22:00:00+0200,49150.37,MW,FR,FR,actual_load,Actual Load,2026-07-05T12:20:00Z
2026-07-05T12:19:30Z,2026-07-05T14:19:30+0200,4432c355-9488-4e0d-b987-b7dab09a434c,2026-06-18T20:15:00Z,2026-06-18T22:15:00+0200,49246.27,MW,FR,FR,actual_load,Actual Load,2026-07-05T12:20:00Z
2026-07-05T12:19:30Z,2026-07-05T14:19:30+0200,4432c355-9488-4e0d-b987-b7dab09a434c,2026-06-18T20:30:00Z,2026-06-18T22:30:00+0200,50410.44,MW,FR,FR,actual_load,Actual Load,2026-07-05T12:20:00Z
2026-07-05T12:19:30Z,2026-07-05T14:19:30+0200,4432c355-9488-4e0d-b987-b7dab09a434c,2026-06-18T20:45:00Z,2026-06-18T22:45:00+0200,49811.0,MW,FR,FR,actual_load,Actual Load,2026-07-05T12:20:00Z
2026-07-05T12:19:30Z,2026-07-05T14:19:30+0200,4432c355-9488-4e0d-b987-b7dab09a434c,2026-06-18T21:00:00Z,2026-06-18T23:00:00+0200,49260.12,MW,FR,FR,actual_load,Actual Load,2026-07-05T12:20:00Z
2026-07-05T12:19:30Z,2026-07-05T14:19:30+0200,4432c355-9488-4e0d-b987-b7dab09a434c,2026-06-18T21:15:00Z,2026-06-18T23:15:00+0200,48226.3,MW,FR,FR,actual_load,Actual Load,2026-07-05T12:20:00Z
2026-07-05T12:19:30Z,2026-07-05T14:19:30+0200,4432c355-9488-4e0d-b987-b7dab09a434c,2026-06-18T21:30:00Z,2026-06-18T23:30:00+0200,48355.04,MW,FR,FR,actual_load,Actual Load,2026-07-05T12:20:00Z
2026-07-05T12:19:30Z,2026-07-05T14:19:30+0200,4432c355-9488-4e0d-b987-b7dab09a434c,2026-06-18T21:45:00Z,2026-06-18T23:45:00+0200,47205.6,MW,FR,FR,actual_load,Actual Load,2026-07-05T12:20:00Z
2026-07-05T12:19:30Z,2026-07-05T14:19:30+0200,4432c355-9488-4e0d-b987-b7dab09a434c,2026-06-18T22:00:00Z,2026-06-19T00:00:00+0200,46844.99,MW,FR,FR,actual_load,Actual Load,2026-07-05T12:20:00Z
2026-07-05T12:19:30Z,2026-07-05T14:19:30+0200,4432c355-9488-4e0d-b987-b7dab09a434c,2026-06-18T22:15:00Z,2026-06-19T00:15:00+0200,45593.71,MW,FR,FR,actual_load,Actual Load,2026-07-05T12:20:00Z
2026-07-05T12:19:30Z,2026-07-05T14:19:30+0200,4432c355-9488-4e0d-b987-b7dab09a434c,2026-06-18T22:30:00Z,2026-06-19T00:30:00+0200,44652.21,MW,FR,FR,actual_load,Actual Load,2026-07-05T12:20:00Z
2026-07-05T12:19:30Z,2026-07-05T14:19:30+0200,4432c355-9488-4e0d-b987-b7dab09a434c,2026-06-18T22:45:00Z,2026-06-19T00:45:00+0200,43491.96,MW,FR,FR,actual_load,Actual Load,2026-07-05T12:20:00Z
2026-07-05T12:19:30Z,2026-07-05T14:19:30+0200,4432c355-9488-4e0d-b987-b7dab09a434c,2026-06-18T23:00:00Z,2026-06-19T01:00:00+0200,43511.14,MW,FR,FR,actual_load,Actual Load,2026-07-05T12:20:00Z
2026-07-05T12:19:30Z,2026-07-05T14:19:30+0200,4432c355-9488-4e0d-b987-b7dab09a434c,2026-06-18T23:15:00Z,2026-06-19T01:15:00+0200,42679.22,MW,FR,FR,actual_load,Actual Load,2026-07-05T12:20:00Z
2026-07-05T12:19:30Z,2026-07-05T14:19:30+0200,4432c355-9488-4e0d-b987-b7dab09a434c,2026-06-18T23:30:00Z,2026-06-19T01:30:00+0200,42534.27,MW,FR,FR,actual_load,Actual Load,2026-07-05T12:20:00Z
2026-07-05T12:19:30Z,2026-07-05T14:19:30+0200,4432c355-9488-4e0d-b987-b7dab09a434c,2026-06-18T23:45:00Z,2026-06-19T01:45:00+0200,41738.51,MW,FR,FR,actual_load,Actual Load,2026-07-05T12:20:00Z
2026-07-05T12:19:30Z,2026-07-05T14:19:30+0200,4432c355-9488-4e0d-b987-b7dab09a434c,2026-06-19T00:00:00Z,2026-06-19T02:00:00+0200,41382.83,MW,FR,FR,actual_load,Actual Load,2026-07-05T12:20:00Z
2026-07-05T12:19:30Z,2026-07-05T14:19:30+0200,4432c355-9488-4e0d-b987-b7dab09a434c,2026-06-19T00:15:00Z,2026-06-19T02:15:00+0200,40471.89,MW,FR,FR,actual_load,Actual Load,2026-07-05T12:20:00Z
2026-07-05T12:19:30Z,2026-07-05T14:19:30+0200,4432c355-9488-4e0d-b987-b7dab09a434c,2026-06-19T00:30:00Z,2026-06-19T02:30:00+0200,39755.85,MW,FR,FR,actual_load,Actual Load,2026-07-05T12:20:00Z
2026-07-05T12:19:30Z,2026-07-05T14:19:30+0200,4432c355-9488-4e0d-b987-b7dab09a434c,2026-06-19T00:45:00Z,2026-06-19T02:45:00+0200,39065.11,MW,FR,FR,actual_load,Actual Load,2026-07-05T12:20:00Z
2026-07-05T12:19:30Z,2026-07-05T14:19:30+0200,4432c355-9488-4e0d-b987-b7dab09a434c,2026-06-19T01:00:00Z,2026-06-19T03:00:00+0200,38544.68,MW,FR,FR,actual_load,Actual Load,2026-07-05T12:20:00Z
2026-07-05T12:19:30Z,2026-07-05T14:19:30+0200,4432c355-9488-4e0d-b987-b7dab09a434c,2026-06-19T01:15:00Z,2026-06-19T03:15:00+0200,38066.88,MW,FR,FR,actual_load,Actual Load,2026-07-05T12:20:00Z
2026-07-05T12:19:30Z,2026-07-05T14:19:30+0200,4432c355-9488-4e0d-b987-b7dab09a434c,2026-06-19T01:30:00Z,2026-06-19T03:30:00+0200,37820.25,MW,FR,FR,actual_load,Actual Load,2026-07-05T12:20:00Z
2026-07-05T12:19:30Z,2026-07-05T14:19:30+0200,4432c355-9488-4e0d-b987-b7dab09a434c,2026-06-19T01:45:00Z,2026-06-19T03:45:00+0200,37615.45,MW,FR,FR,actual_load,Actual Load,2026-07-05T12:20:00Z
2026-07-05T12:19:30Z,2026-07-05T14:19:30+0200,4432c355-9488-4e0d-b987-b7dab09a434c,2026-06-19T02:00:00Z,2026-06-19T04:00:00+0200,37629.79,MW,FR,FR,actual_load,Actual Load,2026-07-05T12:20:00Z
2026-07-05T12:19:30Z,2026-07-05T14:19:30+0200,4432c355-9488-4e0d-b987-b7dab09a434c,2026-06-19T02:15:00Z,2026-06-19T04:15:00+0200,37555.98,MW,FR,FR,actual_load,Actual Load,2026-07-05T12:20:00Z
2026-07-05T12:19:30Z,2026-07-05T14:19:30+0200,4432c355-9488-4e0d-b987-b7dab09a434c,2026-06-19T02:30:00Z,2026-06-19T04:30:00+0200,37421.96,MW,FR,FR,actual_load,Actual Load,2026-07-05T12:20:00Z
2026-07-05T12:19:30Z,2026-07-05T14:19:30+0200,4432c355-9488-4e0d-b987-b7dab09a434c,2026-06-19T02:45:00Z,2026-06-19T04:45:00+0200,37512.78,MW,FR,FR,actual_load,Actual Load,2026-07-05T12:20:00Z
2026-07-05T12:19:30Z,2026-07-05T14:19:30+0200,4432c355-9488-4e0d-b987-b7dab09a434c,2026-06-19T03:00:00Z,2026-06-19T05:00:00+0200,38001.03,MW,FR,FR,actual_load,Actual Load,2026-07-05T12:20:00Z
2026-07-05T12:19:30Z,2026-07-05T14:19:30+0200,4432c355-9488-4e0d-b987-b7dab09a434c,2026-06-19T03:15:00Z,2026-06-19T05:15:00+0200,38423.46,MW,FR,FR,actual_load,Actual Load,2026-07-05T12:20:00Z
2026-07-05T12:19:30Z,2026-07-05T14:19:30+0200,4432c355-9488-4e0d-b987-b7dab09a434c,2026-06-19T03:30:00Z,2026-06-19T05:30:00+0200,38811.79,MW,FR,FR,actual_load,Actual Load,2026-07-05T12:20:00Z
2026-07-05T12:19:30Z,2026-07-05T14:19:30+0200,4432c355-9488-4e0d-b987-b7dab09a434c,2026-06-19T03:45:00Z,2026-06-19T05:45:00+0200,39213.14,MW,FR,FR,actual_load,Actual Load,2026-07-05T12:20:00Z
2026-07-05T12:19:30Z,2026-07-05T14:19:30+0200,4432c355-9488-4e0d-b987-b7dab09a434c,2026-06-19T04:00:00Z,2026-06-19T06:00:00+0200,39979.61,MW,FR,FR,actual_load,Actual Load,2026-07-05T12:20:00Z
2026-07-05T12:19:30Z,2026-07-05T14:19:30+0200,4432c355-9488-4e0d-b987-b7dab09a434c,2026-06-19T04:15:00Z,2026-06-19T06:15:00+0200,40933.21,MW,FR,FR,actual_load,Actual Load,2026-07-05T12:20:00Z
2026-07-05T12:19:30Z,2026-07-05T14:19:30+0200,4432c355-9488-4e0d-b987-b7dab09a434c,2026-06-19T04:30:00Z,2026-06-19T06:30:00+0200,41875.65,MW,FR,FR,actual_load,Actual Load,2026-07-05T12:20:00Z
2026-07-05T12:19:30Z,2026-07-05T14:19:30+0200,4432c355-9488-4e0d-b987-b7dab09a434c,2026-06-19T04:45:00Z,2026-06-19T06:45:00+0200,42888.62,MW,FR,FR,actual_load,Actual Load,2026-07-05T12:20:00Z
2026-07-05T12:19:30Z,2026-07-05T14:19:30+0200,4432c355-9488-4e0d-b987-b7dab09a434c,2026-06-19T05:00:00Z,2026-06-19T07:00:00+0200,43918.55,MW,FR,FR,actual_load,Actual Load,2026-07-05T12:20:00Z
2026-07-05T12:19:30Z,2026-07-05T14:19:30+0200,4432c355-9488-4e0d-b987-b7dab09a434c,2026-06-19T05:15:00Z,2026-06-19T07:15:00+0200,44790.0,MW,FR,FR,actual_load,Actual Load,2026-07-05T12:20:00Z
2026-07-05T12:19:30Z,2026-07-05T14:19:30+0200,4432c355-9488-4e0d-b987-b7dab09a434c,2026-06-19T05:30:00Z,2026-06-19T07:30:00+0200,45599.28,MW,FR,FR,actual_load,Actual Load,2026-07-05T12:20:00Z
2026-07-05T12:19:30Z,2026-07-05T14:19:30+0200,4432c355-9488-4e0d-b987-b7dab09a434c,2026-06-19T05:45:00Z,2026-06-19T07:45:00+0200,45978.5,MW,FR,FR,actual_load,Actual Load,2026-07-05T12:20:00Z
2026-07-05T12:19:30Z,2026-07-05T14:19:30+0200,4432c355-9488-4e0d-b987-b7dab09a434c,2026-06-19T06:00:00Z,2026-06-19T08:00:00+0200,46577.09,MW,FR,FR,actual_load,Actual Load,2026-07-05T12:20:00Z
2026-07-05T12:19:30Z,2026-07-05T14:19:30+0200,4432c355-9488-4e0d-b987-b7dab09a434c,2026-06-19T06:15:00Z,2026-06-19T08:15:00+0200,47103.41,MW,FR,FR,actual_load,Actual Load,2026-07-05T12:20:00Z
2026-07-05T12:19:30Z,2026-07-05T14:19:30+0200,4432c355-9488-4e0d-b987-b7dab09a434c,2026-06-19T06:30:00Z,2026-06-19T08:30:00+0200,47680.52,MW,FR,FR,actual_load,Actual Load,2026-07-05T12:20:00Z
2026-07-05T12:19:30Z,2026-07-05T14:19:30+0200,4432c355-9488-4e0d-b987-b7dab09a434c,2026-06-19T06:45:00Z,2026-06-19T08:45:00+0200,48127.97,MW,FR,FR,actual_load,Actual Load,2026-07-05T12:20:00Z
2026-07-05T12:19:30Z,2026-07-05T14:19:30+0200,4432c355-9488-4e0d-b987-b7dab09a434c,2026-06-19T07:00:00Z,2026-06-19T09:00:00+0200,48685.68,MW,FR,FR,actual_load,Actual Load,2026-07-05T12:20:00Z
2026-07-05T12:19:30Z,2026-07-05T14:19:30+0200,4432c355-9488-4e0d-b987-b7dab09a434c,2026-06-19T07:15:00Z,2026-06-19T09:15:00+0200,49203.17,MW,FR,FR,actual_load,Actual Load,2026-07-05T12:20:00Z
2026-07-05T12:19:30Z,2026-07-05T14:19:30+0200,4432c355-9488-4e0d-b987-b7dab09a434c,2026-06-19T07:30:00Z,2026-06-19T09:30:00+0200,49491.59,MW,FR,FR,actual_load,Actual Load,2026-07-05T12:20:00Z
2026-07-05T12:19:30Z,2026-07-05T14:19:30+0200,4432c355-9488-4e0d-b987-b7dab09a434c,2026-06-19T07:45:00Z,2026-06-19T09:45:00+0200,49888.05,MW,FR,FR,actual_load,Actual Load,2026-07-05T12:20:00Z
2026-07-05T12:19:30Z,2026-07-05T14:19:30+0200,4432c355-9488-4e0d-b987-b7dab09a434c,2026-06-19T08:00:00Z,2026-06-19T10:00:00+0200,50501.87,MW,FR,FR,actual_load,Actual Load,2026-07-05T12:20:00Z
2026-07-05T12:19:30Z,2026-07-05T14:19:30+0200,4432c355-9488-4e0d-b987-b7dab09a434c,2026-06-19T08:15:00Z,2026-06-19T10:15:00+0200,50601.95,MW,FR,FR,actual_load,Actual Load,2026-07-05T12:20:00Z
2026-07-05T12:19:30Z,2026-07-05T14:19:30+0200,4432c355-9488-4e0d-b987-b7dab09a434c,2026-06-19T08:30:00Z,2026-06-19T10:30:00+0200,50448.43,MW,FR,FR,actual_load,Actual Load,2026-07-05T12:20:00Z
2026-07-05T12:19:30Z,2026-07-05T14:19:30+0200,4432c355-9488-4e0d-b987-b7dab09a434c,2026-06-19T08:45:00Z,2026-06-19T10:45:00+0200,50514.67,MW,FR,FR,actual_load,Actual Load,2026-07-05T12:20:00Z
2026-07-05T12:19:30Z,2026-07-05T14:19:30+0200,4432c355-9488-4e0d-b987-b7dab09a434c,2026-06-19T09:00:00Z,2026-06-19T11:00:00+0200,50900.94,MW,FR,FR,actual_load,Actual Load,2026-07-05T12:20:00Z
2026-07-05T12:19:30Z,2026-07-05T14:19:30+0200,4432c355-9488-4e0d-b987-b7dab09a434c,2026-06-19T09:15:00Z,2026-06-19T11:15:00+0200,51276.32,MW,FR,FR,actual_load,Actual Load,2026-07-05T12:20:00Z
2026-07-05T12:19:30Z,2026-07-05T14:19:30+0200,4432c355-9488-4e0d-b987-b7dab09a434c,2026-06-19T09:30:00Z,2026-06-19T11:30:00+0200,51300.04,MW,FR,FR,actual_load,Actual Load,2026-07-05T12:20:00Z
2026-07-05T12:19:30Z,2026-07-05T14:19:30+0200,4432c355-9488-4e0d-b987-b7dab09a434c,2026-06-19T09:45:00Z,2026-06-19T11:45:00+0200,51993.26,MW,FR,FR,actual_load,Actual Load,2026-07-05T12:20:00Z
2026-07-05T12:19:30Z,2026-07-05T14:19:30+0200,4432c355-9488-4e0d-b987-b7dab09a434c,2026-06-19T10:00:00Z,2026-06-19T12:00:00+0200,52411.19,MW,FR,FR,actual_load,Actual Load,2026-07-05T12:20:00Z
2026-07-05T12:19:30Z,2026-07-05T14:19:30+0200,4432c355-9488-4e0d-b987-b7dab09a434c,2026-06-19T10:15:00Z,2026-06-19T12:15:00+0200,52452.95,MW,FR,FR,actual_load,Actual Load,2026-07-05T12:20:00Z
2026-07-05T12:19:30Z,2026-07-05T14:19:30+0200,4432c355-9488-4e0d-b987-b7dab09a434c,2026-06-19T10:30:00Z,2026-06-19T12:30:00+0200,52900.02,MW,FR,FR,actual_load,Actual Load,2026-07-05T12:20:00Z
2026-07-05T12:19:30Z,2026-07-05T14:19:30+0200,4432c355-9488-4e0d-b987-b7dab09a434c,2026-06-19T10:45:00Z,2026-06-19T12:45:00+0200,52589.07,MW,FR,FR,actual_load,Actual Load,2026-07-05T12:20:00Z
2026-07-05T12:19:30Z,2026-07-05T14:19:30+0200,4432c355-9488-4e0d-b987-b7dab09a434c,2026-06-19T11:00:00Z,2026-06-19T13:00:00+0200,52438.27,MW,FR,FR,actual_load,Actual Load,2026-07-05T12:20:00Z
2026-07-05T12:19:30Z,2026-07-05T14:19:30+0200,4432c355-9488-4e0d-b987-b7dab09a434c,2026-06-19T11:15:00Z,2026-06-19T13:15:00+0200,51959.47,MW,FR,FR,actual_load,Actual Load,2026-07-05T12:20:00Z
2026-07-05T12:19:30Z,2026-07-05T14:19:30+0200,4432c355-9488-4e0d-b987-b7dab09a434c,2026-06-19T11:30:00Z,2026-06-19T13:30:00+0200,51922.02,MW,FR,FR,actual_load,Actual Load,2026-07-05T12:20:00Z
2026-07-05T12:19:30Z,2026-07-05T14:19:30+0200,4432c355-9488-4e0d-b987-b7dab09a434c,2026-06-19T11:45:00Z,2026-06-19T13:45:00+0200,52034.21,MW,FR,FR,actual_load,Actual Load,2026-07-05T12:20:00Z
2026-07-05T12:19:30Z,2026-07-05T14:19:30+0200,4432c355-9488-4e0d-b987-b7dab09a434c,2026-06-19T12:00:00Z,2026-06-19T14:00:00+0200,52715.11,MW,FR,FR,actual_load,Actual Load,2026-07-05T12:20:00Z
2026-07-05T12:19:30Z,2026-07-05T14:19:30+0200,4432c355-9488-4e0d-b987-b7dab09a434c,2026-06-19T12:15:00Z,2026-06-19T14:15:00+0200,52994.21,MW,FR,FR,actual_load,Actual Load,2026-07-05T12:20:00Z
2026-07-05T12:19:30Z,2026-07-05T14:19:30+0200,4432c355-9488-4e0d-b987-b7dab09a434c,2026-06-19T12:30:00Z,2026-06-19T14:30:00+0200,52945.74,MW,FR,FR,actual_load,Actual Load,2026-07-05T12:20:00Z
2026-07-05T12:19:30Z,2026-07-05T14:19:30+0200,4432c355-9488-4e0d-b987-b7dab09a434c,2026-06-19T12:45:00Z,2026-06-19T14:45:00+0200,52421.89,MW,FR,FR,actual_load,Actual Load,2026-07-05T12:20:00Z
2026-07-05T12:19:30Z,2026-07-05T14:19:30+0200,4432c355-9488-4e0d-b987-b7dab09a434c,2026-06-19T13:00:00Z,2026-06-19T15:00:00+0200,52307.2,MW,FR,FR,actual_load,Actual Load,2026-07-05T12:20:00Z
2026-07-05T12:19:30Z,2026-07-05T14:19:30+0200,4432c355-9488-4e0d-b987-b7dab09a434c,2026-06-19T13:15:00Z,2026-06-19T15:15:00+0200,51862.78,MW,FR,FR,actual_load,Actual Load,2026-07-05T12:20:00Z
2026-07-05T12:19:30Z,2026-07-05T14:19:30+0200,4432c355-9488-4e0d-b987-b7dab09a434c,2026-06-19T13:30:00Z,2026-06-19T15:30:00+0200,51282.5,MW,FR,FR,actual_load,Actual Load,2026-07-05T12:20:00Z
2026-07-05T12:19:30Z,2026-07-05T14:19:30+0200,4432c355-9488-4e0d-b987-b7dab09a434c,2026-06-19T13:45:00Z,2026-06-19T15:45:00+0200,50857.17,MW,FR,FR,actual_load,Actual Load,2026-07-05T12:20:00Z
2026-07-05T12:19:30Z,2026-07-05T14:19:30+0200,4432c355-9488-4e0d-b987-b7dab09a434c,2026-06-19T14:00:00Z,2026-06-19T16:00:00+0200,50624.8,MW,FR,FR,actual_load,Actual Load,2026-07-05T12:20:00Z
2026-07-05T12:19:30Z,2026-07-05T14:19:30+0200,4432c355-9488-4e0d-b987-b7dab09a434c,2026-06-19T14:15:00Z,2026-06-19T16:15:00+0200,50492.33,MW,FR,FR,actual_load,Actual Load,2026-07-05T12:20:00Z
2026-07-05T12:19:30Z,2026-07-05T14:19:30+0200,4432c355-9488-4e0d-b987-b7dab09a434c,2026-06-19T14:30:00Z,2026-06-19T16:30:00+0200,50312.54,MW,FR,FR,actual_load,Actual Load,2026-07-05T12:20:00Z
2026-07-05T12:19:30Z,2026-07-05T14:19:30+0200,4432c355-9488-4e0d-b987-b7dab09a434c,2026-06-19T14:45:00Z,2026-06-19T16:45:00+0200,50236.87,MW,FR,FR,actual_load,Actual Load,2026-07-05T12:20:00Z
2026-07-05T12:19:30Z,2026-07-05T14:19:30+0200,4432c355-9488-4e0d-b987-b7dab09a434c,2026-06-19T15:00:00Z,2026-06-19T17:00:00+0200,50242.57,MW,FR,FR,actual_load,Actual Load,2026-07-05T12:20:00Z
2026-07-05T12:19:30Z,2026-07-05T14:19:30+0200,4432c355-9488-4e0d-b987-b7dab09a434c,2026-06-19T15:15:00Z,2026-06-19T17:15:00+0200,50424.02,MW,FR,FR,actual_load,Actual Load,2026-07-05T12:20:00Z
2026-07-05T12:19:30Z,2026-07-05T14:19:30+0200,4432c355-9488-4e0d-b987-b7dab09a434c,2026-06-19T15:30:00Z,2026-06-19T17:30:00+0200,50713.93,MW,FR,FR,actual_load,Actual Load,2026-07-05T12:20:00Z
2026-07-05T12:19:30Z,2026-07-05T14:19:30+0200,4432c355-9488-4e0d-b987-b7dab09a434c,2026-06-19T15:45:00Z,2026-06-19T17:45:00+0200,50843.55,MW,FR,FR,actual_load,Actual Load,2026-07-05T12:20:00Z
2026-07-05T12:19:30Z,2026-07-05T14:19:30+0200,4432c355-9488-4e0d-b987-b7dab09a434c,2026-06-19T16:00:00Z,2026-06-19T18:00:00+0200,51129.76,MW,FR,FR,actual_load,Actual Load,2026-07-05T12:20:00Z
2026-07-05T12:19:30Z,2026-07-05T14:19:30+0200,4432c355-9488-4e0d-b987-b7dab09a434c,2026-06-19T16:15:00Z,2026-06-19T18:15:00+0200,51169.62,MW,FR,FR,actual_load,Actual Load,2026-07-05T12:20:00Z
2026-07-05T12:19:30Z,2026-07-05T14:19:30+0200,4432c355-9488-4e0d-b987-b7dab09a434c,2026-06-19T16:30:00Z,2026-06-19T18:30:00+0200,51421.24,MW,FR,FR,actual_load,Actual Load,2026-07-05T12:20:00Z
2026-07-05T12:19:30Z,2026-07-05T14:19:30+0200,4432c355-9488-4e0d-b987-b7dab09a434c,2026-06-19T16:45:00Z,2026-06-19T18:45:00+0200,51623.79,MW,FR,FR,actual_load,Actual Load,2026-07-05T12:20:00Z
2026-07-05T12:19:30Z,2026-07-05T14:19:30+0200,4432c355-9488-4e0d-b987-b7dab09a434c,2026-06-19T17:00:00Z,2026-06-19T19:00:00+0200,51587.96,MW,FR,FR,actual_load,Actual Load,2026-07-05T12:20:00Z
2026-07-05T12:19:30Z,2026-07-05T14:19:30+0200,4432c355-9488-4e0d-b987-b7dab09a434c,2026-06-19T17:15:00Z,2026-06-19T19:15:00+0200,51174.57,MW,FR,FR,actual_load,Actual Load,2026-07-05T12:20:00Z
2026-07-05T12:19:30Z,2026-07-05T14:19:30+0200,4432c355-9488-4e0d-b987-b7dab09a434c,2026-06-19T17:30:00Z,2026-06-19T19:30:00+0200,50689.45,MW,FR,FR,actual_load,Actual Load,2026-07-05T12:20:00Z
2026-07-05T12:19:30Z,2026-07-05T14:19:30+0200,4432c355-9488-4e0d-b987-b7dab09a434c,2026-06-19T17:45:00Z,2026-06-19T19:45:00+0200,50332.38,MW,FR,FR,actual_load,Actual Load,2026-07-05T12:20:00Z
2026-07-05T12:19:30Z,2026-07-05T14:19:30+0200,4432c355-9488-4e0d-b987-b7dab09a434c,2026-06-19T18:00:00Z,2026-06-19T20:00:00+0200,49990.43,MW,FR,FR,actual_load,Actual Load,2026-07-05T12:20:00Z
2026-07-05T12:19:30Z,2026-07-05T14:19:30+0200,4432c355-9488-4e0d-b987-b7dab09a434c,2026-06-19T18:15:00Z,2026-06-19T20:15:00+0200,49368.89,MW,FR,FR,actual_load,Actual Load,2026-07-05T12:20:00Z
2026-07-05T12:19:30Z,2026-07-05T14:19:30+0200,4432c355-9488-4e0d-b987-b7dab09a434c,2026-06-19T18:30:00Z,2026-06-19T20:30:00+0200,48455.58,MW,FR,FR,actual_load,Actual Load,2026-07-05T12:20:00Z
2026-07-05T12:19:30Z,2026-07-05T14:19:30+0200,4432c355-9488-4e0d-b987-b7dab09a434c,2026-06-19T18:45:00Z,2026-06-19T20:45:00+0200,47935.88,MW,FR,FR,actual_load,Actual Load,2026-07-05T12:20:00Z
2026-07-05T12:19:30Z,2026-07-05T14:19:30+0200,4432c355-9488-4e0d-b987-b7dab09a434c,2026-06-19T19:00:00Z,2026-06-19T21:00:00+0200,47850.71,MW,FR,FR,actual_load,Actual Load,2026-07-05T12:20:00Z
2026-07-05T12:19:30Z,2026-07-05T14:19:30+0200,4432c355-9488-4e0d-b987-b7dab09a434c,2026-06-19T19:15:00Z,2026-06-19T21:15:00+0200,47474.77,MW,FR,FR,actual_load,Actual Load,2026-07-05T12:20:00Z
2026-07-05T12:19:30Z,2026-07-05T14:19:30+0200,4432c355-9488-4e0d-b987-b7dab09a434c,2026-06-19T19:30:00Z,2026-06-19T21:30:00+0200,47183.11,MW,FR,FR,actual_load,Actual Load,2026-07-05T12:20:00Z
2026-07-05T12:19:30Z,2026-07-05T14:19:30+0200,4432c355-9488-4e0d-b987-b7dab09a434c,2026-06-19T19:45:00Z,2026-06-19T21:45:00+0200,46841.43,MW,FR,FR,actual_load,Actual Load,2026-07-05T12:20:00Z
2026-07-05T12:19:30Z,2026-07-05T14:19:30+0200,4432c355-9488-4e0d-b987-b7dab09a434c,2026-06-19T20:00:00Z,2026-06-19T22:00:00+0200,48186.53,MW,FR,FR,actual_load,Actual Load,2026-07-05T12:20:00Z
2026-07-05T12:19:30Z,2026-07-05T14:19:30+0200,4432c355-9488-4e0d-b987-b7dab09a434c,2026-06-19T20:15:00Z,2026-06-19T22:15:00+0200,48098.36,MW,FR,FR,actual_load,Actual Load,2026-07-05T12:20:00Z
2026-07-05T12:19:30Z,2026-07-05T14:19:30+0200,4432c355-9488-4e0d-b987-b7dab09a434c,2026-06-19T20:30:00Z,2026-06-19T22:30:00+0200,49402.44,MW,FR,FR,actual_load,Actual Load,2026-07-05T12:20:00Z
2026-07-05T12:19:30Z,2026-07-05T14:19:30+0200,4432c355-9488-4e0d-b987-b7dab09a434c,2026-06-19T20:45:00Z,2026-06-19T22:45:00+0200,48783.03,MW,FR,FR,actual_load,Actual Load,2026-07-05T12:20:00Z
2026-07-05T12:19:30Z,2026-07-05T14:19:30+0200,4432c355-9488-4e0d-b987-b7dab09a434c,2026-06-19T21:00:00Z,2026-06-19T23:00:00+0200,48579.04,MW,FR,FR,actual_load,Actual Load,2026-07-05T12:20:00Z
2026-07-05T12:19:30Z,2026-07-05T14:19:30+0200,4432c355-9488-4e0d-b987-b7dab09a434c,2026-06-19T21:15:00Z,2026-06-19T23:15:00+0200,47464.93,MW,FR,FR,actual_load,Actual Load,2026-07-05T12:20:00Z
2026-07-05T12:19:30Z,2026-07-05T14:19:30+0200,4432c355-9488-4e0d-b987-b7dab09a434c,2026-06-19T21:30:00Z,2026-06-19T23:30:00+0200,47786.98,MW,FR,FR,actual_load,Actual Load,2026-07-05T12:20:00Z
2026-07-05T12:19:30Z,2026-07-05T14:19:30+0200,4432c355-9488-4e0d-b987-b7dab09a434c,2026-06-19T21:45:00Z,2026-06-19T23:45:00+0200,46539.41,MW,FR,FR,actual_load,Actual Load,2026-07-05T12:20:00Z
2026-07-05T12:19:30Z,2026-07-05T14:19:30+0200,4432c355-9488-4e0d-b987-b7dab09a434c,2026-06-19T22:00:00Z,2026-06-20T00:00:00+0200,46422.11,MW,FR,FR,actual_load,Actual Load,2026-07-05T12:20:00Z
2026-07-05T12:19:30Z,2026-07-05T14:19:30+0200,4432c355-9488-4e0d-b987-b7dab09a434c,2026-06-19T22:15:00Z,2026-06-20T00:15:00+0200,45105.55,MW,FR,FR,actual_load,Actual Load,2026-07-05T12:20:00Z
2026-07-05T12:19:30Z,2026-07-05T14:19:30+0200,4432c355-9488-4e0d-b987-b7dab09a434c,2026-06-19T22:30:00Z,2026-06-20T00:30:00+0200,43989.38,MW,FR,FR,actual_load,Actual Load,2026-07-05T12:20:00Z
2026-07-05T12:19:30Z,2026-07-05T14:19:30+0200,4432c355-9488-4e0d-b987-b7dab09a434c,2026-06-19T22:45:00Z,2026-06-20T00:45:00+0200,42850.29,MW,FR,FR,actual_load,Actual Load,2026-07-05T12:20:00Z
2026-07-05T12:19:30Z,2026-07-05T14:19:30+0200,4432c355-9488-4e0d-b987-b7dab09a434c,2026-06-19T23:00:00Z,2026-06-20T01:00:00+0200,42907.02,MW,FR,FR,actual_load,Actual Load,2026-07-05T12:20:00Z
2026-07-05T12:19:30Z,2026-07-05T14:19:30+0200,4432c355-9488-4e0d-b987-b7dab09a434c,2026-06-19T23:15:00Z,2026-06-20T01:15:00+0200,41996.35,MW,FR,FR,actual_load,Actual Load,2026-07-05T12:20:00Z
2026-07-05T12:19:30Z,2026-07-05T14:19:30+0200,4432c355-9488-4e0d-b987-b7dab09a434c,2026-06-19T23:30:00Z,2026-06-20T01:30:00+0200,41747.92,MW,FR,FR,actual_load,Actual Load,2026-07-05T12:20:00Z
2026-07-05T12:19:30Z,2026-07-05T14:19:30+0200,4432c355-9488-4e0d-b987-b7dab09a434c,2026-06-19T23:45:00Z,2026-06-20T01:45:00+0200,40881.13,MW,FR,FR,actual_load,Actual Load,2026-07-05T12:20:00Z
2026-07-05T12:19:30Z,2026-07-05T14:19:30+0200,4432c355-9488-4e0d-b987-b7dab09a434c,2026-06-20T00:00:00Z,2026-06-20T02:00:00+0200,40592.14,MW,FR,FR,actual_load,Actual Load,2026-07-05T12:20:00Z
2026-07-05T12:19:30Z,2026-07-05T14:19:30+0200,4432c355-9488-4e0d-b987-b7dab09a434c,2026-06-20T00:15:00Z,2026-06-20T02:15:00+0200,39724.7,MW,FR,FR,actual_load,Actual Load,2026-07-05T12:20:00Z
2026-07-05T12:19:30Z,2026-07-05T14:19:30+0200,4432c355-9488-4e0d-b987-b7dab09a434c,2026-06-20T00:30:00Z,2026-06-20T02:30:00+0200,38861.68,MW,FR,FR,actual_load,Actual Load,2026-07-05T12:20:00Z
2026-07-05T12:19:30Z,2026-07-05T14:19:30+0200,4432c355-9488-4e0d-b987-b7dab09a434c,2026-06-20T00:45:00Z,2026-06-20T02:45:00+0200,38140.03,MW,FR,FR,actual_load,Actual Load,2026-07-05T12:20:00Z
2026-07-05T12:19:30Z,2026-07-05T14:19:30+0200,4432c355-9488-4e0d-b987-b7dab09a434c,2026-06-20T01:00:00Z,2026-06-20T03:00:00+0200,37659.35,MW,FR,FR,actual_load,Actual Load,2026-07-05T12:20:00Z
2026-07-05T12:19:30Z,2026-07-05T14:19:30+0200,4432c355-9488-4e0d-b987-b7dab09a434c,2026-06-20T01:15:00Z,2026-06-20T03:15:00+0200,37148.34,MW,FR,FR,actual_load,Actual Load,2026-07-05T12:20:00Z
2026-07-05T12:19:30Z,2026-07-05T14:19:30+0200,4432c355-9488-4e0d-b987-b7dab09a434c,2026-06-20T01:30:00Z,2026-06-20T03:30:00+0200,36658.39,MW,FR,FR,actual_load,Actual Load,2026-07-05T12:20:00Z
2026-07-05T12:19:30Z,2026-07-05T14:19:30+0200,4432c355-9488-4e0d-b987-b7dab09a434c,2026-06-20T01:45:00Z,2026-06-20T03:45:00+0200,36395.69,MW,FR,FR,actual_load,Actual Load,2026-07-05T12:20:00Z
2026-07-05T12:19:30Z,2026-07-05T14:19:30+0200,4432c355-9488-4e0d-b987-b7dab09a434c,2026-06-20T02:00:00Z,2026-06-20T04:00:00+0200,36335.86,MW,FR,FR,actual_load,Actual Load,2026-07-05T12:20:00Z
2026-07-05T12:19:30Z,2026-07-05T14:19:30+0200,4432c355-9488-4e0d-b987-b7dab09a434c,2026-06-20T02:15:00Z,2026-06-20T04:15:00+0200,36102.84,MW,FR,FR,actual_load,Actual Load,2026-07-05T12:20:00Z
2026-07-05T12:19:30Z,2026-07-05T14:19:30+0200,4432c355-9488-4e0d-b987-b7dab09a434c,2026-06-20T02:30:00Z,2026-06-20T04:30:00+0200,35879.59,MW,FR,FR,actual_load,Actual Load,2026-07-05T12:20:00Z
2026-07-05T12:19:30Z,2026-07-05T14:19:30+0200,4432c355-9488-4e0d-b987-b7dab09a434c,2026-06-20T02:45:00Z,2026-06-20T04:45:00+0200,35791.57,MW,FR,FR,actual_load,Actual Load,2026-07-05T12:20:00Z
2026-07-05T12:19:30Z,2026-07-05T14:19:30+0200,4432c355-9488-4e0d-b987-b7dab09a434c,2026-06-20T03:00:00Z,2026-06-20T05:00:00+0200,36095.78,MW,FR,FR,actual_load,Actual Load,2026-07-05T12:20:00Z
2026-07-05T12:19:30Z,2026-07-05T14:19:30+0200,4432c355-9488-4e0d-b987-b7dab09a434c,2026-06-20T03:15:00Z,2026-06-20T05:15:00+0200,35981.23,MW,FR,FR,actual_load,Actual Load,2026-07-05T12:20:00Z
2026-07-05T12:19:30Z,2026-07-05T14:19:30+0200,4432c355-9488-4e0d-b987-b7dab09a434c,2026-06-20T03:30:00Z,2026-06-20T05:30:00+0200,35848.73,MW,FR,FR,actual_load,Actual Load,2026-07-05T12:20:00Z
2026-07-05T12:19:30Z,2026-07-05T14:19:30+0200,4432c355-9488-4e0d-b987-b7dab09a434c,2026-06-20T03:45:00Z,2026-06-20T05:45:00+0200,35790.92,MW,FR,FR,actual_load,Actual Load,2026-07-05T12:20:00Z
2026-07-05T12:19:30Z,2026-07-05T14:19:30+0200,4432c355-9488-4e0d-b987-b7dab09a434c,2026-06-20T04:00:00Z,2026-06-20T06:00:00+0200,35894.92,MW,FR,FR,actual_load,Actual Load,2026-07-05T12:20:00Z
2026-07-05T12:19:30Z,2026-07-05T14:19:30+0200,4432c355-9488-4e0d-b987-b7dab09a434c,2026-06-20T04:15:00Z,2026-06-20T06:15:00+0200,35955.43,MW,FR,FR,actual_load,Actual Load,2026-07-05T12:20:00Z
2026-07-05T12:19:30Z,2026-07-05T14:19:30+0200,4432c355-9488-4e0d-b987-b7dab09a434c,2026-06-20T04:30:00Z,2026-06-20T06:30:00+0200,35961.86,MW,FR,FR,actual_load,Actual Load,2026-07-05T12:20:00Z
2026-07-05T12:19:30Z,2026-07-05T14:19:30+0200,4432c355-9488-4e0d-b987-b7dab09a434c,2026-06-20T04:45:00Z,2026-06-20T06:45:00+0200,36091.09,MW,FR,FR,actual_load,Actual Load,2026-07-05T12:20:00Z
2026-07-05T12:19:30Z,2026-07-05T14:19:30+0200,4432c355-9488-4e0d-b987-b7dab09a434c,2026-06-20T05:00:00Z,2026-06-20T07:00:00+0200,36314.91,MW,FR,FR,actual_load,Actual Load,2026-07-05T12:20:00Z
2026-07-05T12:19:30Z,2026-07-05T14:19:30+0200,4432c355-9488-4e0d-b987-b7dab09a434c,2026-06-20T05:15:00Z,2026-06-20T07:15:00+0200,36666.62,MW,FR,FR,actual_load,Actual Load,2026-07-05T12:20:00Z
2026-07-05T12:19:30Z,2026-07-05T14:19:30+0200,4432c355-9488-4e0d-b987-b7dab09a434c,2026-06-20T05:30:00Z,2026-06-20T07:30:00+0200,37048.08,MW,FR,FR,actual_load,Actual Load,2026-07-05T12:20:00Z
2026-07-05T12:19:30Z,2026-07-05T14:19:30+0200,4432c355-9488-4e0d-b987-b7dab09a434c,2026-06-20T05:45:00Z,2026-06-20T07:45:00+0200,37635.68,MW,FR,FR,actual_load,Actual Load,2026-07-05T12:20:00Z
2026-07-05T12:19:30Z,2026-07-05T14:19:30+0200,4432c355-9488-4e0d-b987-b7dab09a434c,2026-06-20T06:00:00Z,2026-06-20T08:00:00+0200,38100.65,MW,FR,FR,actual_load,Actual Load,2026-07-05T12:20:00Z
2026-07-05T12:19:30Z,2026-07-05T14:19:30+0200,4432c355-9488-4e0d-b987-b7dab09a434c,2026-06-20T06:15:00Z,2026-06-20T08:15:00+0200,38795.75,MW,FR,FR,actual_load,Actual Load,2026-07-05T12:20:00Z
2026-07-05T12:19:30Z,2026-07-05T14:19:30+0200,4432c355-9488-4e0d-b987-b7dab09a434c,2026-06-20T06:30:00Z,2026-06-20T08:30:00+0200,39436.61,MW,FR,FR,actual_load,Actual Load,2026-07-05T12:20:00Z
2026-07-05T12:19:30Z,2026-07-05T14:19:30+0200,4432c355-9488-4e0d-b987-b7dab09a434c,2026-06-20T06:45:00Z,2026-06-20T08:45:00+0200,39878.31,MW,FR,FR,actual_load,Actual Load,2026-07-05T12:20:00Z
2026-07-05T12:19:30Z,2026-07-05T14:19:30+0200,4432c355-9488-4e0d-b987-b7dab09a434c,2026-06-20T07:00:00Z,2026-06-20T09:00:00+0200,40571.94,MW,FR,FR,actual_load,Actual Load,2026-07-05T12:20:00Z
2026-07-05T12:19:30Z,2026-07-05T14:19:30+0200,4432c355-9488-4e0d-b987-b7dab09a434c,2026-06-20T07:15:00Z,2026-06-20T09:15:00+0200,41177.27,MW,FR,FR,actual_load,Actual Load,2026-07-05T12:20:00Z
2026-07-05T12:19:30Z,2026-07-05T14:19:30+0200,4432c355-9488-4e0d-b987-b7dab09a434c,2026-06-20T07:30:00Z,2026-06-20T09:30:00+0200,41682.09,MW,FR,FR,actual_load,Actual Load,2026-07-05T12:20:00Z
2026-07-05T12:19:30Z,2026-07-05T14:19:30+0200,4432c355-9488-4e0d-b987-b7dab09a434c,2026-06-20T07:45:00Z,2026-06-20T09:45:00+0200,41938.29,MW,FR,FR,actual_load,Actual Load,2026-07-05T12:20:00Z
2026-07-05T12:19:30Z,2026-07-05T14:19:30+0200,4432c355-9488-4e0d-b987-b7dab09a434c,2026-06-20T08:00:00Z,2026-06-20T10:00:00+0200,42678.01,MW,FR,FR,actual_load,Actual Load,2026-07-05T12:20:00Z
2026-07-05T12:19:30Z,2026-07-05T14:19:30+0200,4432c355-9488-4e0d-b987-b7dab09a434c,2026-06-20T08:15:00Z,2026-06-20T10:15:00+0200,42897.38,MW,FR,FR,actual_load,Actual Load,2026-07-05T12:20:00Z
2026-07-05T12:19:30Z,2026-07-05T14:19:30+0200,4432c355-9488-4e0d-b987-b7dab09a434c,2026-06-20T08:30:00Z,2026-06-20T10:30:00+0200,43127.95,MW,FR,FR,actual_load,Actual Load,2026-07-05T12:20:00Z
2026-07-05T12:19:30Z,2026-07-05T14:19:30+0200,4432c355-9488-4e0d-b987-b7dab09a434c,2026-06-20T08:45:00Z,2026-06-20T10:45:00+0200,43467.34,MW,FR,FR,actual_load,Actual Load,2026-07-05T12:20:00Z
2026-07-05T12:19:30Z,2026-07-05T14:19:30+0200,4432c355-9488-4e0d-b987-b7dab09a434c,2026-06-20T09:00:00Z,2026-06-20T11:00:00+0200,43968.11,MW,FR,FR,actual_load,Actual Load,2026-07-05T12:20:00Z
2026-07-05T12:19:30Z,2026-07-05T14:19:30+0200,4432c355-9488-4e0d-b987-b7dab09a434c,2026-06-20T09:15:00Z,2026-06-20T11:15:00+0200,44332.63,MW,FR,FR,actual_load,Actual Load,2026-07-05T12:20:00Z
2026-07-05T12:19:30Z,2026-07-05T14:19:30+0200,4432c355-9488-4e0d-b987-b7dab09a434c,2026-06-20T09:30:00Z,2026-06-20T11:30:00+0200,45026.81,MW,FR,FR,actual_load,Actual Load,2026-07-05T12:20:00Z
2026-07-05T12:19:30Z,2026-07-05T14:19:30+0200,4432c355-9488-4e0d-b987-b7dab09a434c,2026-06-20T09:45:00Z,2026-06-20T11:45:00+0200,45585.26,MW,FR,FR,actual_load,Actual Load,2026-07-05T12:20:00Z
2026-07-05T12:19:30Z,2026-07-05T14:19:30+0200,4432c355-9488-4e0d-b987-b7dab09a434c,2026-06-20T10:00:00Z,2026-06-20T12:00:00+0200,46157.29,MW,FR,FR,actual_load,Actual Load,2026-07-05T12:20:00Z
2026-07-05T12:19:30Z,2026-07-05T14:19:30+0200,4432c355-9488-4e0d-b987-b7dab09a434c,2026-06-20T10:15:00Z,2026-06-20T12:15:00+0200,46467.03,MW,FR,FR,actual_load,Actual Load,2026-07-05T12:20:00Z
2026-07-05T12:19:30Z,2026-07-05T14:19:30+0200,4432c355-9488-4e0d-b987-b7dab09a434c,2026-06-20T10:30:00Z,2026-06-20T12:30:00+0200,47239.92,MW,FR,FR,actual_load,Actual Load,2026-07-05T12:20:00Z
2026-07-05T12:19:30Z,2026-07-05T14:19:30+0200,4432c355-9488-4e0d-b987-b7dab09a434c,2026-06-20T10:45:00Z,2026-06-20T12:45:00+0200,46904.3,MW,FR,FR,actual_load,Actual Load,2026-07-05T12:20:00Z
2026-07-05T12:19:30Z,2026-07-05T14:19:30+0200,4432c355-9488-4e0d-b987-b7dab09a434c,2026-06-20T11:00:00Z,2026-06-20T13:00:00+0200,46665.41,MW,FR,FR,actual_load,Actual Load,2026-07-05T12:20:00Z
2026-07-05T12:19:30Z,2026-07-05T14:19:30+0200,4432c355-9488-4e0d-b987-b7dab09a434c,2026-06-20T11:15:00Z,2026-06-20T13:15:00+0200,46127.35,MW,FR,FR,actual_load,Actual Load,2026-07-05T12:20:00Z
2026-07-05T12:19:30Z,2026-07-05T14:19:30+0200,4432c355-9488-4e0d-b987-b7dab09a434c,2026-06-20T11:30:00Z,2026-06-20T13:30:00+0200,46023.78,MW,FR,FR,actual_load,Actual Load,2026-07-05T12:20:00Z
2026-07-05T12:19:30Z,2026-07-05T14:19:30+0200,4432c355-9488-4e0d-b987-b7dab09a434c,2026-06-20T11:45:00Z,2026-06-20T13:45:00+0200,46090.66,MW,FR,FR,actual_load,Actual Load,2026-07-05T12:20:00Z
2026-07-05T12:19:30Z,2026-07-05T14:19:30+0200,4432c355-9488-4e0d-b987-b7dab09a434c,2026-06-20T12:00:00Z,2026-06-20T14:00:00+0200,47002.37,MW,FR,FR,actual_load,Actual Load,2026-07-05T12:20:00Z
2026-07-05T12:19:30Z,2026-07-05T14:19:30+0200,4432c355-9488-4e0d-b987-b7dab09a434c,2026-06-20T12:15:00Z,2026-06-20T14:15:00+0200,46791.8,MW,FR,FR,actual_load,Actual Load,2026-07-05T12:20:00Z
2026-07-05T12:19:30Z,2026-07-05T14:19:30+0200,4432c355-9488-4e0d-b987-b7dab09a434c,2026-06-20T12:30:00Z,2026-06-20T14:30:00+0200,46805.77,MW,FR,FR,actual_load,Actual Load,2026-07-05T12:20:00Z
2026-07-05T12:19:30Z,2026-07-05T14:19:30+0200,4432c355-9488-4e0d-b987-b7dab09a434c,2026-06-20T12:45:00Z,2026-06-20T14:45:00+0200,46368.66,MW,FR,FR,actual_load,Actual Load,2026-07-05T12:20:00Z
2026-07-05T12:19:30Z,2026-07-05T14:19:30+0200,4432c355-9488-4e0d-b987-b7dab09a434c,2026-06-20T13:00:00Z,2026-06-20T15:00:00+0200,46283.41,MW,FR,FR,actual_load,Actual Load,2026-07-05T12:20:00Z
2026-07-05T12:19:30Z,2026-07-05T14:19:30+0200,4432c355-9488-4e0d-b987-b7dab09a434c,2026-06-20T13:15:00Z,2026-06-20T15:15:00+0200,46069.21,MW,FR,FR,actual_load,Actual Load,2026-07-05T12:20:00Z
2026-07-05T12:19:30Z,2026-07-05T14:19:30+0200,4432c355-9488-4e0d-b987-b7dab09a434c,2026-06-20T13:30:00Z,2026-06-20T15:30:00+0200,45569.85,MW,FR,FR,actual_load,Actual Load,2026-07-05T12:20:00Z
2026-07-05T12:19:30Z,2026-07-05T14:19:30+0200,4432c355-9488-4e0d-b987-b7dab09a434c,2026-06-20T13:45:00Z,2026-06-20T15:45:00+0200,45411.98,MW,FR,FR,actual_load,Actual Load,2026-07-05T12:20:00Z
2026-07-05T12:19:30Z,2026-07-05T14:19:30+0200,4432c355-9488-4e0d-b987-b7dab09a434c,2026-06-20T14:00:00Z,2026-06-20T16:00:00+0200,45357.3,MW,FR,FR,actual_load,Actual Load,2026-07-05T12:20:00Z
2026-07-05T12:19:30Z,2026-07-05T14:19:30+0200,4432c355-9488-4e0d-b987-b7dab09a434c,2026-06-20T14:15:00Z,2026-06-20T16:15:00+0200,45208.77,MW,FR,FR,actual_load,Actual Load,2026-07-05T12:20:00Z
2026-07-05T12:19:30Z,2026-07-05T14:19:30+0200,4432c355-9488-4e0d-b987-b7dab09a434c,2026-06-20T14:30:00Z,2026-06-20T16:30:00+0200,45295.36,MW,FR,FR,actual_load,Actual Load,2026-07-05T12:20:00Z
2026-07-05T12:19:30Z,2026-07-05T14:19:30+0200,4432c355-9488-4e0d-b987-b7dab09a434c,2026-06-20T14:45:00Z,2026-06-20T16:45:00+0200,45210.0,MW,FR,FR,actual_load,Actual Load,2026-07-05T12:20:00Z
2026-07-05T12:19:30Z,2026-07-05T14:19:30+0200,4432c355-9488-4e0d-b987-b7dab09a434c,2026-06-20T15:00:00Z,2026-06-20T17:00:00+0200,45081.8,MW,FR,FR,actual_load,Actual Load,2026-07-05T12:20:00Z
2026-07-05T12:19:30Z,2026-07-05T14:19:30+0200,4432c355-9488-4e0d-b987-b7dab09a434c,2026-06-20T15:15:00Z,2026-06-20T17:15:00+0200,45185.82,MW,FR,FR,actual_load,Actual Load,2026-07-05T12:20:00Z
2026-07-05T12:19:30Z,2026-07-05T14:19:30+0200,4432c355-9488-4e0d-b987-b7dab09a434c,2026-06-20T15:30:00Z,2026-06-20T17:30:00+0200,45654.62,MW,FR,FR,actual_load,Actual Load,2026-07-05T12:20:00Z
2026-07-05T12:19:30Z,2026-07-05T14:19:30+0200,4432c355-9488-4e0d-b987-b7dab09a434c,2026-06-20T15:45:00Z,2026-06-20T17:45:00+0200,45766.3,MW,FR,FR,actual_load,Actual Load,2026-07-05T12:20:00Z
2026-07-05T12:19:30Z,2026-07-05T14:19:30+0200,4432c355-9488-4e0d-b987-b7dab09a434c,2026-06-20T16:00:00Z,2026-06-20T18:00:00+0200,46275.3,MW,FR,FR,actual_load,Actual Load,2026-07-05T12:20:00Z
2026-07-05T12:19:30Z,2026-07-05T14:19:30+0200,4432c355-9488-4e0d-b987-b7dab09a434c,2026-06-20T16:15:00Z,2026-06-20T18:15:00+0200,46728.29,MW,FR,FR,actual_load,Actual Load,2026-07-05T12:20:00Z
2026-07-05T12:19:30Z,2026-07-05T14:19:30+0200,4432c355-9488-4e0d-b987-b7dab09a434c,2026-06-20T16:30:00Z,2026-06-20T18:30:00+0200,47049.05,MW,FR,FR,actual_load,Actual Load,2026-07-05T12:20:00Z
2026-07-05T12:19:30Z,2026-07-05T14:19:30+0200,4432c355-9488-4e0d-b987-b7dab09a434c,2026-06-20T16:45:00Z,2026-06-20T18:45:00+0200,47347.6,MW,FR,FR,actual_load,Actual Load,2026-07-05T12:20:00Z
2026-07-05T12:19:30Z,2026-07-05T14:19:30+0200,4432c355-9488-4e0d-b987-b7dab09a434c,2026-06-20T17:00:00Z,2026-06-20T19:00:00+0200,47267.26,MW,FR,FR,actual_load,Actual Load,2026-07-05T12:20:00Z
2026-07-05T12:19:30Z,2026-07-05T14:19:30+0200,4432c355-9488-4e0d-b987-b7dab09a434c,2026-06-20T17:15:00Z,2026-06-20T19:15:00+0200,47132.49,MW,FR,FR,actual_load,Actual Load,2026-07-05T12:20:00Z
2026-07-05T12:19:30Z,2026-07-05T14:19:30+0200,4432c355-9488-4e0d-b987-b7dab09a434c,2026-06-20T17:30:00Z,2026-06-20T19:30:00+0200,46894.84,MW,FR,FR,actual_load,Actual Load,2026-07-05T12:20:00Z
2026-07-05T12:19:30Z,2026-07-05T14:19:30+0200,4432c355-9488-4e0d-b987-b7dab09a434c,2026-06-20T17:45:00Z,2026-06-20T19:45:00+0200,46793.64,MW,FR,FR,actual_load,Actual Load,2026-07-05T12:20:00Z
2026-07-05T12:19:30Z,2026-07-05T14:19:30+0200,4432c355-9488-4e0d-b987-b7dab09a434c,2026-06-20T18:00:00Z,2026-06-20T20:00:00+0200,46378.12,MW,FR,FR,actual_load,Actual Load,2026-07-05T12:20:00Z
2026-07-05T12:19:30Z,2026-07-05T14:19:30+0200,4432c355-9488-4e0d-b987-b7dab09a434c,2026-06-20T18:15:00Z,2026-06-20T20:15:00+0200,45612.77,MW,FR,FR,actual_load,Actual Load,2026-07-05T12:20:00Z
2026-07-05T12:19:30Z,2026-07-05T14:19:30+0200,4432c355-9488-4e0d-b987-b7dab09a434c,2026-06-20T18:30:00Z,2026-06-20T20:30:00+0200,44950.76,MW,FR,FR,actual_load,Actual Load,2026-07-05T12:20:00Z
2026-07-05T12:19:30Z,2026-07-05T14:19:30+0200,4432c355-9488-4e0d-b987-b7dab09a434c,2026-06-20T18:45:00Z,2026-06-20T20:45:00+0200,44429.48,MW,FR,FR,actual_load,Actual Load,2026-07-05T12:20:00Z
2026-07-05T12:19:30Z,2026-07-05T14:19:30+0200,4432c355-9488-4e0d-b987-b7dab09a434c,2026-06-20T19:00:00Z,2026-06-20T21:00:00+0200,44376.64,MW,FR,FR,actual_load,Actual Load,2026-07-05T12:20:00Z
2026-07-05T12:19:30Z,2026-07-05T14:19:30+0200,4432c355-9488-4e0d-b987-b7dab09a434c,2026-06-20T19:15:00Z,2026-06-20T21:15:00+0200,44060.65,MW,FR,FR,actual_load,Actual Load,2026-07-05T12:20:00Z
2026-07-05T12:19:30Z,2026-07-05T14:19:30+0200,4432c355-9488-4e0d-b987-b7dab09a434c,2026-06-20T19:30:00Z,2026-06-20T21:30:00+0200,44003.48,MW,FR,FR,actual_load,Actual Load,2026-07-05T12:20:00Z
2026-07-05T12:19:30Z,2026-07-05T14:19:30+0200,4432c355-9488-4e0d-b987-b7dab09a434c,2026-06-20T19:45:00Z,2026-06-20T21:45:00+0200,43957.6,MW,FR,FR,actual_load,Actual Load,2026-07-05T12:20:00Z
2026-07-05T12:19:30Z,2026-07-05T14:19:30+0200,4432c355-9488-4e0d-b987-b7dab09a434c,2026-06-20T20:00:00Z,2026-06-20T22:00:00+0200,45416.84,MW,FR,FR,actual_load,Actual Load,2026-07-05T12:20:00Z
2026-07-05T12:19:30Z,2026-07-05T14:19:30+0200,4432c355-9488-4e0d-b987-b7dab09a434c,2026-06-20T20:15:00Z,2026-06-20T22:15:00+0200,45386.13,MW,FR,FR,actual_load,Actual Load,2026-07-05T12:20:00Z
2026-07-05T12:19:30Z,2026-07-05T14:19:30+0200,4432c355-9488-4e0d-b987-b7dab09a434c,2026-06-20T20:30:00Z,2026-06-20T22:30:00+0200,46666.47,MW,FR,FR,actual_load,Actual Load,2026-07-05T12:20:00Z
2026-07-05T12:19:30Z,2026-07-05T14:19:30+0200,4432c355-9488-4e0d-b987-b7dab09a434c,2026-06-20T20:45:00Z,2026-06-20T22:45:00+0200,46249.0,MW,FR,FR,actual_load,Actual Load,2026-07-05T12:20:00Z
2026-07-05T12:19:30Z,2026-07-05T14:19:30+0200,4432c355-9488-4e0d-b987-b7dab09a434c,2026-06-20T21:00:00Z,2026-06-20T23:00:00+0200,46180.1,MW,FR,FR,actual_load,Actual Load,2026-07-05T12:20:00Z
2026-07-05T12:19:30Z,2026-07-05T14:19:30+0200,4432c355-9488-4e0d-b987-b7dab09a434c,2026-06-20T21:15:00Z,2026-06-20T23:15:00+0200,45241.35,MW,FR,FR,actual_load,Actual Load,2026-07-05T12:20:00Z
2026-07-05T12:19:30Z,2026-07-05T14:19:30+0200,4432c355-9488-4e0d-b987-b7dab09a434c,2026-06-20T21:30:00Z,2026-06-20T23:30:00+0200,45410.83,MW,FR,FR,actual_load,Actual Load,2026-07-05T12:20:00Z
2026-07-05T12:19:30Z,2026-07-05T14:19:30+0200,4432c355-9488-4e0d-b987-b7dab09a434c,2026-06-20T21:45:00Z,2026-06-20T23:45:00+0200,44487.62,MW,FR,FR,actual_load,Actual Load,2026-07-05T12:20:00Z
2026-07-05T12:19:30Z,2026-07-05T14:19:30+0200,4432c355-9488-4e0d-b987-b7dab09a434c,2026-06-20T22:00:00Z,2026-06-21T00:00:00+0200,44620.05,MW,FR,FR,actual_load,Actual Load,2026-07-05T12:20:00Z
2026-07-05T12:19:30Z,2026-07-05T14:19:30+0200,4432c355-9488-4e0d-b987-b7dab09a434c,2026-06-20T22:15:00Z,2026-06-21T00:15:00+0200,43551.27,MW,FR,FR,actual_load,Actual Load,2026-07-05T12:20:00Z
2026-07-05T12:19:30Z,2026-07-05T14:19:30+0200,4432c355-9488-4e0d-b987-b7dab09a434c,2026-06-20T22:30:00Z,2026-06-21T00:30:00+0200,42357.2,MW,FR,FR,actual_load,Actual Load,2026-07-05T12:20:00Z
2026-07-05T12:19:30Z,2026-07-05T14:19:30+0200,4432c355-9488-4e0d-b987-b7dab09a434c,2026-06-20T22:45:00Z,2026-06-21T00:45:00+0200,41275.82,MW,FR,FR,actual_load,Actual Load,2026-07-05T12:20:00Z
2026-07-05T12:19:30Z,2026-07-05T14:19:30+0200,4432c355-9488-4e0d-b987-b7dab09a434c,2026-06-20T23:00:00Z,2026-06-21T01:00:00+0200,41421.77,MW,FR,FR,actual_load,Actual Load,2026-07-05T12:20:00Z
2026-07-05T12:19:30Z,2026-07-05T14:19:30+0200,4432c355-9488-4e0d-b987-b7dab09a434c,2026-06-20T23:15:00Z,2026-06-21T01:15:00+0200,40670.8,MW,FR,FR,actual_load,Actual Load,2026-07-05T12:20:00Z
2026-07-05T12:19:30Z,2026-07-05T14:19:30+0200,4432c355-9488-4e0d-b987-b7dab09a434c,2026-06-20T23:30:00Z,2026-06-21T01:30:00+0200,40407.16,MW,FR,FR,actual_load,Actual Load,2026-07-05T12:20:00Z
2026-07-05T12:19:30Z,2026-07-05T14:19:30+0200,4432c355-9488-4e0d-b987-b7dab09a434c,2026-06-20T23:45:00Z,2026-06-21T01:45:00+0200,39653.77,MW,FR,FR,actual_load,Actual Load,2026-07-05T12:20:00Z
2026-07-05T12:19:30Z,2026-07-05T14:19:30+0200,4432c355-9488-4e0d-b987-b7dab09a434c,2026-06-21T00:00:00Z,2026-06-21T02:00:00+0200,39261.83,MW,FR,FR,actual_load,Actual Load,2026-07-05T12:20:00Z
2026-07-05T12:19:30Z,2026-07-05T14:19:30+0200,4432c355-9488-4e0d-b987-b7dab09a434c,2026-06-21T00:15:00Z,2026-06-21T02:15:00+0200,38273.47,MW,FR,FR,actual_load,Actual Load,2026-07-05T12:20:00Z
2026-07-05T12:19:30Z,2026-07-05T14:19:30+0200,4432c355-9488-4e0d-b987-b7dab09a434c,2026-06-21T00:30:00Z,2026-06-21T02:30:00+0200,37453.16,MW,FR,FR,actual_load,Actual Load,2026-07-05T12:20:00Z
2026-07-05T12:19:30Z,2026-07-05T14:19:30+0200,4432c355-9488-4e0d-b987-b7dab09a434c,2026-06-21T00:45:00Z,2026-06-21T02:45:00+0200,36751.95,MW,FR,FR,actual_load,Actual Load,2026-07-05T12:20:00Z
2026-07-05T12:19:30Z,2026-07-05T14:19:30+0200,4432c355-9488-4e0d-b987-b7dab09a434c,2026-06-21T01:00:00Z,2026-06-21T03:00:00+0200,36287.25,MW,FR,FR,actual_load,Actual Load,2026-07-05T12:20:00Z
2026-07-05T12:19:30Z,2026-07-05T14:19:30+0200,4432c355-9488-4e0d-b987-b7dab09a434c,2026-06-21T01:15:00Z,2026-06-21T03:15:00+0200,35775.29,MW,FR,FR,actual_load,Actual Load,2026-07-05T12:20:00Z
2026-07-05T12:19:30Z,2026-07-05T14:19:30+0200,4432c355-9488-4e0d-b987-b7dab09a434c,2026-06-21T01:30:00Z,2026-06-21T03:30:00+0200,35474.68,MW,FR,FR,actual_load,Actual Load,2026-07-05T12:20:00Z
2026-07-05T12:19:30Z,2026-07-05T14:19:30+0200,4432c355-9488-4e0d-b987-b7dab09a434c,2026-06-21T01:45:00Z,2026-06-21T03:45:00+0200,35251.18,MW,FR,FR,actual_load,Actual Load,2026-07-05T12:20:00Z
2026-07-05T12:19:30Z,2026-07-05T14:19:30+0200,4432c355-9488-4e0d-b987-b7dab09a434c,2026-06-21T02:00:00Z,2026-06-21T04:00:00+0200,35153.23,MW,FR,FR,actual_load,Actual Load,2026-07-05T12:20:00Z
2026-07-05T12:19:30Z,2026-07-05T14:19:30+0200,4432c355-9488-4e0d-b987-b7dab09a434c,2026-06-21T02:15:00Z,2026-06-21T04:15:00+0200,34899.51,MW,FR,FR,actual_load,Actual Load,2026-07-05T12:20:00Z
2026-07-05T12:19:30Z,2026-07-05T14:19:30+0200,4432c355-9488-4e0d-b987-b7dab09a434c,2026-06-21T02:30:00Z,2026-06-21T04:30:00+0200,34591.99,MW,FR,FR,actual_load,Actual Load,2026-07-05T12:20:00Z
2026-07-05T12:19:30Z,2026-07-05T14:19:30+0200,4432c355-9488-4e0d-b987-b7dab09a434c,2026-06-21T02:45:00Z,2026-06-21T04:45:00+0200,34548.09,MW,FR,FR,actual_load,Actual Load,2026-07-05T12:20:00Z
2026-07-05T12:19:30Z,2026-07-05T14:19:30+0200,4432c355-9488-4e0d-b987-b7dab09a434c,2026-06-21T03:00:00Z,2026-06-21T05:00:00+0200,34731.98,MW,FR,FR,actual_load,Actual Load,2026-07-05T12:20:00Z
2026-07-05T12:19:30Z,2026-07-05T14:19:30+0200,4432c355-9488-4e0d-b987-b7dab09a434c,2026-06-21T03:15:00Z,2026-06-21T05:15:00+0200,34500.11,MW,FR,FR,actual_load,Actual Load,2026-07-05T12:20:00Z
2026-07-05T12:19:30Z,2026-07-05T14:19:30+0200,4432c355-9488-4e0d-b987-b7dab09a434c,2026-06-21T03:30:00Z,2026-06-21T05:30:00+0200,34198.43,MW,FR,FR,actual_load,Actual Load,2026-07-05T12:20:00Z
2026-07-05T12:19:30Z,2026-07-05T14:19:30+0200,4432c355-9488-4e0d-b987-b7dab09a434c,2026-06-21T03:45:00Z,2026-06-21T05:45:00+0200,34105.72,MW,FR,FR,actual_load,Actual Load,2026-07-05T12:20:00Z
2026-07-05T12:19:30Z,2026-07-05T14:19:30+0200,4432c355-9488-4e0d-b987-b7dab09a434c,2026-06-21T04:00:00Z,2026-06-21T06:00:00+0200,34061.0,MW,FR,FR,actual_load,Actual Load,2026-07-05T12:20:00Z
2026-07-05T12:19:30Z,2026-07-05T14:19:30+0200,4432c355-9488-4e0d-b987-b7dab09a434c,2026-06-21T04:15:00Z,2026-06-21T06:15:00+0200,33917.14,MW,FR,FR,actual_load,Actual Load,2026-07-05T12:20:00Z
2026-07-05T12:19:30Z,2026-07-05T14:19:30+0200,4432c355-9488-4e0d-b987-b7dab09a434c,2026-06-21T04:30:00Z,2026-06-21T06:30:00+0200,34081.13,MW,FR,FR,actual_load,Actual Load,2026-07-05T12:20:00Z
2026-07-05T12:19:30Z,2026-07-05T14:19:30+0200,4432c355-9488-4e0d-b987-b7dab09a434c,2026-06-21T04:45:00Z,2026-06-21T06:45:00+0200,34102.57,MW,FR,FR,actual_load,Actual Load,2026-07-05T12:20:00Z
2026-07-05T12:19:30Z,2026-07-05T14:19:30+0200,4432c355-9488-4e0d-b987-b7dab09a434c,2026-06-21T05:00:00Z,2026-06-21T07:00:00+0200,34283.99,MW,FR,FR,actual_load,Actual Load,2026-07-05T12:20:00Z
2026-07-05T12:19:30Z,2026-07-05T14:19:30+0200,4432c355-9488-4e0d-b987-b7dab09a434c,2026-06-21T05:15:00Z,2026-06-21T07:15:00+0200,34662.57,MW,FR,FR,actual_load,Actual Load,2026-07-05T12:20:00Z
2026-07-05T12:19:30Z,2026-07-05T14:19:30+0200,4432c355-9488-4e0d-b987-b7dab09a434c,2026-06-21T05:30:00Z,2026-06-21T07:30:00+0200,34952.66,MW,FR,FR,actual_load,Actual Load,2026-07-05T12:20:00Z
2026-07-05T12:19:30Z,2026-07-05T14:19:30+0200,4432c355-9488-4e0d-b987-b7dab09a434c,2026-06-21T05:45:00Z,2026-06-21T07:45:00+0200,35302.73,MW,FR,FR,actual_load,Actual Load,2026-07-05T12:20:00Z
2026-07-05T12:19:30Z,2026-07-05T14:19:30+0200,4432c355-9488-4e0d-b987-b7dab09a434c,2026-06-21T06:00:00Z,2026-06-21T08:00:00+0200,35391.46,MW,FR,FR,actual_load,Actual Load,2026-07-05T12:20:00Z
2026-07-05T12:19:30Z,2026-07-05T14:19:30+0200,4432c355-9488-4e0d-b987-b7dab09a434c,2026-06-21T06:15:00Z,2026-06-21T08:15:00+0200,35856.55,MW,FR,FR,actual_load,Actual Load,2026-07-05T12:20:00Z
2026-07-05T12:19:30Z,2026-07-05T14:19:30+0200,4432c355-9488-4e0d-b987-b7dab09a434c,2026-06-21T06:30:00Z,2026-06-21T08:30:00+0200,36263.5,MW,FR,FR,actual_load,Actual Load,2026-07-05T12:20:00Z
2026-07-05T12:19:30Z,2026-07-05T14:19:30+0200,4432c355-9488-4e0d-b987-b7dab09a434c,2026-06-21T06:45:00Z,2026-06-21T08:45:00+0200,36790.82,MW,FR,FR,actual_load,Actual Load,2026-07-05T12:20:00Z
2026-07-05T12:19:30Z,2026-07-05T14:19:30+0200,4432c355-9488-4e0d-b987-b7dab09a434c,2026-06-21T07:00:00Z,2026-06-21T09:00:00+0200,37604.46,MW,FR,FR,actual_load,Actual Load,2026-07-05T12:20:00Z
2026-07-05T12:19:30Z,2026-07-05T14:19:30+0200,4432c355-9488-4e0d-b987-b7dab09a434c,2026-06-21T07:15:00Z,2026-06-21T09:15:00+0200,38374.89,MW,FR,FR,actual_load,Actual Load,2026-07-05T12:20:00Z
2026-07-05T12:19:30Z,2026-07-05T14:19:30+0200,4432c355-9488-4e0d-b987-b7dab09a434c,2026-06-21T07:30:00Z,2026-06-21T09:30:00+0200,39101.21,MW,FR,FR,actual_load,Actual Load,2026-07-05T12:20:00Z
2026-07-05T12:19:30Z,2026-07-05T14:19:30+0200,4432c355-9488-4e0d-b987-b7dab09a434c,2026-06-21T07:45:00Z,2026-06-21T09:45:00+0200,39612.29,MW,FR,FR,actual_load,Actual Load,2026-07-05T12:20:00Z
2026-07-05T12:19:30Z,2026-07-05T14:19:30+0200,4432c355-9488-4e0d-b987-b7dab09a434c,2026-06-21T08:00:00Z,2026-06-21T10:00:00+0200,40436.42,MW,FR,FR,actual_load,Actual Load,2026-07-05T12:20:00Z
2026-07-05T12:19:30Z,2026-07-05T14:19:30+0200,4432c355-9488-4e0d-b987-b7dab09a434c,2026-06-21T08:15:00Z,2026-06-21T10:15:00+0200,41010.53,MW,FR,FR,actual_load,Actual Load,2026-07-05T12:20:00Z
2026-07-05T12:19:30Z,2026-07-05T14:19:30+0200,4432c355-9488-4e0d-b987-b7dab09a434c,2026-06-21T08:30:00Z,2026-06-21T10:30:00+0200,41703.51,MW,FR,FR,actual_load,Actual Load,2026-07-05T12:20:00Z
2026-07-05T12:19:30Z,2026-07-05T14:19:30+0200,4432c355-9488-4e0d-b987-b7dab09a434c,2026-06-21T08:45:00Z,2026-06-21T10:45:00+0200,42101.14,MW,FR,FR,actual_load,Actual Load,2026-07-05T12:20:00Z
2026-07-05T12:19:30Z,2026-07-05T14:19:30+0200,4432c355-9488-4e0d-b987-b7dab09a434c,2026-06-21T09:00:00Z,2026-06-21T11:00:00+0200,42730.2,MW,FR,FR,actual_load,Actual Load,2026-07-05T12:20:00Z
2026-07-05T12:19:30Z,2026-07-05T14:19:30+0200,4432c355-9488-4e0d-b987-b7dab09a434c,2026-06-21T09:15:00Z,2026-06-21T11:15:00+0200,43140.52,MW,FR,FR,actual_load,Actual Load,2026-07-05T12:20:00Z
2026-07-05T12:19:30Z,2026-07-05T14:19:30+0200,4432c355-9488-4e0d-b987-b7dab09a434c,2026-06-21T09:30:00Z,2026-06-21T11:30:00+0200,43654.55,MW,FR,FR,actual_load,Actual Load,2026-07-05T12:20:00Z
2026-07-05T12:19:30Z,2026-07-05T14:19:30+0200,4432c355-9488-4e0d-b987-b7dab09a434c,2026-06-21T09:45:00Z,2026-06-21T11:45:00+0200,43873.41,MW,FR,FR,actual_load,Actual Load,2026-07-05T12:20:00Z
2026-07-05T12:19:30Z,2026-07-05T14:19:30+0200,4432c355-9488-4e0d-b987-b7dab09a434c,2026-06-21T10:00:00Z,2026-06-21T12:00:00+0200,44086.18,MW,FR,FR,actual_load,Actual Load,2026-07-05T12:20:00Z
2026-07-05T12:19:30Z,2026-07-05T14:19:30+0200,4432c355-9488-4e0d-b987-b7dab09a434c,2026-06-21T10:15:00Z,2026-06-21T12:15:00+0200,44649.65,MW,FR,FR,actual_load,Actual Load,2026-07-05T12:20:00Z
2026-07-05T12:19:30Z,2026-07-05T14:19:30+0200,4432c355-9488-4e0d-b987-b7dab09a434c,2026-06-21T10:30:00Z,2026-06-21T12:30:00+0200,45525.86,MW,FR,FR,actual_load,Actual Load,2026-07-05T12:20:00Z
2026-07-05T12:19:30Z,2026-07-05T14:19:30+0200,4432c355-9488-4e0d-b987-b7dab09a434c,2026-06-21T10:45:00Z,2026-06-21T12:45:00+0200,45325.8,MW,FR,FR,actual_load,Actual Load,2026-07-05T12:20:00Z
2026-07-05T12:19:30Z,2026-07-05T14:19:30+0200,4432c355-9488-4e0d-b987-b7dab09a434c,2026-06-21T11:00:00Z,2026-06-21T13:00:00+0200,44978.03,MW,FR,FR,actual_load,Actual Load,2026-07-05T12:20:00Z
2026-07-05T12:19:30Z,2026-07-05T14:19:30+0200,4432c355-9488-4e0d-b987-b7dab09a434c,2026-06-21T11:15:00Z,2026-06-21T13:15:00+0200,44483.75,MW,FR,FR,actual_load,Actual Load,2026-07-05T12:20:00Z
2026-07-05T12:19:30Z,2026-07-05T14:19:30+0200,4432c355-9488-4e0d-b987-b7dab09a434c,2026-06-21T11:30:00Z,2026-06-21T13:30:00+0200,44111.96,MW,FR,FR,actual_load,Actual Load,2026-07-05T12:20:00Z
2026-07-05T12:19:30Z,2026-07-05T14:19:30+0200,4432c355-9488-4e0d-b987-b7dab09a434c,2026-06-21T11:45:00Z,2026-06-21T13:45:00+0200,44003.45,MW,FR,FR,actual_load,Actual Load,2026-07-05T12:20:00Z
2026-07-05T12:19:30Z,2026-07-05T14:19:30+0200,4432c355-9488-4e0d-b987-b7dab09a434c,2026-06-21T12:00:00Z,2026-06-21T14:00:00+0200,44760.17,MW,FR,FR,actual_load,Actual Load,2026-07-05T12:20:00Z
2026-07-05T12:19:30Z,2026-07-05T14:19:30+0200,4432c355-9488-4e0d-b987-b7dab09a434c,2026-06-21T12:15:00Z,2026-06-21T14:15:00+0200,44655.4,MW,FR,FR,actual_load,Actual Load,2026-07-05T12:20:00Z
2026-07-05T12:19:30Z,2026-07-05T14:19:30+0200,4432c355-9488-4e0d-b987-b7dab09a434c,2026-06-21T12:30:00Z,2026-06-21T14:30:00+0200,45038.18,MW,FR,FR,actual_load,Actual Load,2026-07-05T12:20:00Z
2026-07-05T12:19:30Z,2026-07-05T14:19:30+0200,4432c355-9488-4e0d-b987-b7dab09a434c,2026-06-21T12:45:00Z,2026-06-21T14:45:00+0200,45248.52,MW,FR,FR,actual_load,Actual Load,2026-07-05T12:20:00Z
2026-07-05T12:19:30Z,2026-07-05T14:19:30+0200,4432c355-9488-4e0d-b987-b7dab09a434c,2026-06-21T13:00:00Z,2026-06-21T15:00:00+0200,45086.49,MW,FR,FR,actual_load,Actual Load,2026-07-05T12:20:00Z
2026-07-05T12:19:30Z,2026-07-05T14:19:30+0200,4432c355-9488-4e0d-b987-b7dab09a434c,2026-06-21T13:15:00Z,2026-06-21T15:15:00+0200,44719.24,MW,FR,FR,actual_load,Actual Load,2026-07-05T12:20:00Z
2026-07-05T12:19:30Z,2026-07-05T14:19:30+0200,4432c355-9488-4e0d-b987-b7dab09a434c,2026-06-21T13:30:00Z,2026-06-21T15:30:00+0200,44503.18,MW,FR,FR,actual_load,Actual Load,2026-07-05T12:20:00Z
2026-07-05T12:19:30Z,2026-07-05T14:19:30+0200,4432c355-9488-4e0d-b987-b7dab09a434c,2026-06-21T13:45:00Z,2026-06-21T15:45:00+0200,44394.8,MW,FR,FR,actual_load,Actual Load,2026-07-05T12:20:00Z
2026-07-05T12:19:30Z,2026-07-05T14:19:30+0200,4432c355-9488-4e0d-b987-b7dab09a434c,2026-06-21T14:00:00Z,2026-06-21T16:00:00+0200,44235.56,MW,FR,FR,actual_load,Actual Load,2026-07-05T12:20:00Z
2026-07-05T12:19:30Z,2026-07-05T14:19:30+0200,4432c355-9488-4e0d-b987-b7dab09a434c,2026-06-21T14:15:00Z,2026-06-21T16:15:00+0200,44139.54,MW,FR,FR,actual_load,Actual Load,2026-07-05T12:20:00Z
2026-07-05T12:19:30Z,2026-07-05T14:19:30+0200,4432c355-9488-4e0d-b987-b7dab09a434c,2026-06-21T14:30:00Z,2026-06-21T16:30:00+0200,44187.98,MW,FR,FR,actual_load,Actual Load,2026-07-05T12:20:00Z
2026-07-05T12:19:30Z,2026-07-05T14:19:30+0200,4432c355-9488-4e0d-b987-b7dab09a434c,2026-06-21T14:45:00Z,2026-06-21T16:45:00+0200,44453.66,MW,FR,FR,actual_load,Actual Load,2026-07-05T12:20:00Z
2026-07-05T12:19:30Z,2026-07-05T14:19:30+0200,4432c355-9488-4e0d-b987-b7dab09a434c,2026-06-21T15:00:00Z,2026-06-21T17:00:00+0200,44488.36,MW,FR,FR,actual_load,Actual Load,2026-07-05T12:20:00Z
2026-07-05T12:19:30Z,2026-07-05T14:19:30+0200,4432c355-9488-4e0d-b987-b7dab09a434c,2026-06-21T15:15:00Z,2026-06-21T17:15:00+0200,44604.95,MW,FR,FR,actual_load,Actual Load,2026-07-05T12:20:00Z
2026-07-05T12:19:30Z,2026-07-05T14:19:30+0200,4432c355-9488-4e0d-b987-b7dab09a434c,2026-06-21T15:30:00Z,2026-06-21T17:30:00+0200,45272.21,MW,FR,FR,actual_load,Actual Load,2026-07-05T12:20:00Z
2026-07-05T12:19:30Z,2026-07-05T14:19:30+0200,4432c355-9488-4e0d-b987-b7dab09a434c,2026-06-21T15:45:00Z,2026-06-21T17:45:00+0200,45396.84,MW,FR,FR,actual_load,Actual Load,2026-07-05T12:20:00Z
2026-07-05T12:19:30Z,2026-07-05T14:19:30+0200,4432c355-9488-4e0d-b987-b7dab09a434c,2026-06-21T16:00:00Z,2026-06-21T18:00:00+0200,45647.01,MW,FR,FR,actual_load,Actual Load,2026-07-05T12:20:00Z
2026-07-05T12:19:30Z,2026-07-05T14:19:30+0200,4432c355-9488-4e0d-b987-b7dab09a434c,2026-06-21T16:15:00Z,2026-06-21T18:15:00+0200,46016.08,MW,FR,FR,actual_load,Actual Load,2026-07-05T12:20:00Z
2026-07-05T12:19:30Z,2026-07-05T14:19:30+0200,4432c355-9488-4e0d-b987-b7dab09a434c,2026-06-21T16:30:00Z,2026-06-21T18:30:00+0200,46565.2,MW,FR,FR,actual_load,Actual Load,2026-07-05T12:20:00Z
2026-07-05T12:19:30Z,2026-07-05T14:19:30+0200,4432c355-9488-4e0d-b987-b7dab09a434c,2026-06-21T16:45:00Z,2026-06-21T18:45:00+0200,47201.25,MW,FR,FR,actual_load,Actual Load,2026-07-05T12:20:00Z
2026-07-05T12:19:30Z,2026-07-05T14:19:30+0200,4432c355-9488-4e0d-b987-b7dab09a434c,2026-06-21T17:00:00Z,2026-06-21T19:00:00+0200,47828.82,MW,FR,FR,actual_load,Actual Load,2026-07-05T12:20:00Z
2026-07-05T12:19:30Z,2026-07-05T14:19:30+0200,4432c355-9488-4e0d-b987-b7dab09a434c,2026-06-21T17:15:00Z,2026-06-21T19:15:00+0200,47949.93,MW,FR,FR,actual_load,Actual Load,2026-07-05T12:20:00Z
2026-07-05T12:19:30Z,2026-07-05T14:19:30+0200,4432c355-9488-4e0d-b987-b7dab09a434c,2026-06-21T17:30:00Z,2026-06-21T19:30:00+0200,47928.04,MW,FR,FR,actual_load,Actual Load,2026-07-05T12:20:00Z
2026-07-05T12:19:30Z,2026-07-05T14:19:30+0200,4432c355-9488-4e0d-b987-b7dab09a434c,2026-06-21T17:45:00Z,2026-06-21T19:45:00+0200,47892.43,MW,FR,FR,actual_load,Actual Load,2026-07-05T12:20:00Z
2026-07-05T12:19:30Z,2026-07-05T14:19:30+0200,4432c355-9488-4e0d-b987-b7dab09a434c,2026-06-21T18:00:00Z,2026-06-21T20:00:00+0200,47619.67,MW,FR,FR,actual_load,Actual Load,2026-07-05T12:20:00Z
2026-07-05T12:19:30Z,2026-07-05T14:19:30+0200,4432c355-9488-4e0d-b987-b7dab09a434c,2026-06-21T18:15:00Z,2026-06-21T20:15:00+0200,47312.78,MW,FR,FR,actual_load,Actual Load,2026-07-05T12:20:00Z
2026-07-05T12:19:30Z,2026-07-05T14:19:30+0200,4432c355-9488-4e0d-b987-b7dab09a434c,2026-06-21T18:30:00Z,2026-06-21T20:30:00+0200,47072.14,MW,FR,FR,actual_load,Actual Load,2026-07-05T12:20:00Z
2026-07-05T12:19:30Z,2026-07-05T14:19:30+0200,4432c355-9488-4e0d-b987-b7dab09a434c,2026-06-21T18:45:00Z,2026-06-21T20:45:00+0200,46934.17,MW,FR,FR,actual_load,Actual Load,2026-07-05T12:20:00Z
2026-07-05T12:19:30Z,2026-07-05T14:19:30+0200,4432c355-9488-4e0d-b987-b7dab09a434c,2026-06-21T19:00:00Z,2026-06-21T21:00:00+0200,46912.74,MW,FR,FR,actual_load,Actual Load,2026-07-05T12:20:00Z
2026-07-05T12:19:30Z,2026-07-05T14:19:30+0200,4432c355-9488-4e0d-b987-b7dab09a434c,2026-06-21T19:15:00Z,2026-06-21T21:15:00+0200,46541.21,MW,FR,FR,actual_load,Actual Load,2026-07-05T12:20:00Z
2026-07-05T12:19:30Z,2026-07-05T14:19:30+0200,4432c355-9488-4e0d-b987-b7dab09a434c,2026-06-21T19:30:00Z,2026-06-21T21:30:00+0200,46436.15,MW,FR,FR,actual_load,Actual Load,2026-07-05T12:20:00Z
2026-07-05T12:19:30Z,2026-07-05T14:19:30+0200,4432c355-9488-4e0d-b987-b7dab09a434c,2026-06-21T19:45:00Z,2026-06-21T21:45:00+0200,46210.61,MW,FR,FR,actual_load,Actual Load,2026-07-05T12:20:00Z
2026-07-05T12:19:30Z,2026-07-05T14:19:30+0200,4432c355-9488-4e0d-b987-b7dab09a434c,2026-06-21T20:00:00Z,2026-06-21T22:00:00+0200,47402.48,MW,FR,FR,actual_load,Actual Load,2026-07-05T12:20:00Z
2026-07-05T12:19:30Z,2026-07-05T14:19:30+0200,4432c355-9488-4e0d-b987-b7dab09a434c,2026-06-21T20:15:00Z,2026-06-21T22:15:00+0200,47395.72,MW,FR,FR,actual_load,Actual Load,2026-07-05T12:20:00Z
2026-07-05T12:19:30Z,2026-07-05T14:19:30+0200,4432c355-9488-4e0d-b987-b7dab09a434c,2026-06-21T20:30:00Z,2026-06-21T22:30:00+0200,48640.86,MW,FR,FR,actual_load,Actual Load,2026-07-05T12:20:00Z
2026-07-05T12:19:30Z,2026-07-05T14:19:30+0200,4432c355-9488-4e0d-b987-b7dab09a434c,2026-06-21T20:45:00Z,2026-06-21T22:45:00+0200,48003.61,MW,FR,FR,actual_load,Actual Load,2026-07-05T12:20:00Z
2026-07-05T12:19:30Z,2026-07-05T14:19:30+0200,4432c355-9488-4e0d-b987-b7dab09a434c,2026-06-21T21:00:00Z,2026-06-21T23:00:00+0200,47537.91,MW,FR,FR,actual_load,Actual Load,2026-07-05T12:20:00Z
2026-07-05T12:19:30Z,2026-07-05T14:19:30+0200,4432c355-9488-4e0d-b987-b7dab09a434c,2026-06-21T21:15:00Z,2026-06-21T23:15:00+0200,46749.74,MW,FR,FR,actual_load,Actual Load,2026-07-05T12:20:00Z
2026-07-05T12:19:30Z,2026-07-05T14:19:30+0200,4432c355-9488-4e0d-b987-b7dab09a434c,2026-06-21T21:30:00Z,2026-06-21T23:30:00+0200,47024.19,MW,FR,FR,actual_load,Actual Load,2026-07-05T12:20:00Z
2026-07-05T12:19:30Z,2026-07-05T14:19:30+0200,4432c355-9488-4e0d-b987-b7dab09a434c,2026-06-21T21:45:00Z,2026-06-21T23:45:00+0200,45896.36,MW,FR,FR,actual_load,Actual Load,2026-07-05T12:20:00Z
2026-07-05T12:19:30Z,2026-07-05T14:19:30+0200,4432c355-9488-4e0d-b987-b7dab09a434c,2026-06-21T22:00:00Z,2026-06-22T00:00:00+0200,45755.68,MW,FR,FR,actual_load,Actual Load,2026-07-05T12:20:00Z
2026-07-05T12:19:30Z,2026-07-05T14:19:30+0200,4432c355-9488-4e0d-b987-b7dab09a434c,2026-06-21T22:15:00Z,2026-06-22T00:15:00+0200,44621.59,MW,FR,FR,actual_load,Actual Load,2026-07-05T12:20:00Z
2026-07-05T12:19:30Z,2026-07-05T14:19:30+0200,4432c355-9488-4e0d-b987-b7dab09a434c,2026-06-21T22:30:00Z,2026-06-22T00:30:00+0200,43308.77,MW,FR,FR,actual_load,Actual Load,2026-07-05T12:20:00Z
2026-07-05T12:19:30Z,2026-07-05T14:19:30+0200,4432c355-9488-4e0d-b987-b7dab09a434c,2026-06-21T22:45:00Z,2026-06-22T00:45:00+0200,42353.27,MW,FR,FR,actual_load,Actual Load,2026-07-05T12:20:00Z
2026-07-05T12:19:30Z,2026-07-05T14:19:30+0200,4432c355-9488-4e0d-b987-b7dab09a434c,2026-06-21T23:00:00Z,2026-06-22T01:00:00+0200,42348.03,MW,FR,FR,actual_load,Actual Load,2026-07-05T12:20:00Z
2026-07-05T12:19:30Z,2026-07-05T14:19:30+0200,4432c355-9488-4e0d-b987-b7dab09a434c,2026-06-21T23:15:00Z,2026-06-22T01:15:00+0200,41671.11,MW,FR,FR,actual_load,Actual Load,2026-07-05T12:20:00Z
2026-07-05T12:19:30Z,2026-07-05T14:19:30+0200,4432c355-9488-4e0d-b987-b7dab09a434c,2026-06-21T23:30:00Z,2026-06-22T01:30:00+0200,41327.14,MW,FR,FR,actual_load,Actual Load,2026-07-05T12:20:00Z
2026-07-05T12:19:30Z,2026-07-05T14:19:30+0200,4432c355-9488-4e0d-b987-b7dab09a434c,2026-06-21T23:45:00Z,2026-06-22T01:45:00+0200,40473.84,MW,FR,FR,actual_load,Actual Load,2026-07-05T12:20:00Z
2026-07-05T12:19:30Z,2026-07-05T14:19:30+0200,4432c355-9488-4e0d-b987-b7dab09a434c,2026-06-22T00:00:00Z,2026-06-22T02:00:00+0200,40132.22,MW,FR,FR,actual_load,Actual Load,2026-07-05T12:20:00Z
2026-07-05T12:19:30Z,2026-07-05T14:19:30+0200,4432c355-9488-4e0d-b987-b7dab09a434c,2026-06-22T00:15:00Z,2026-06-22T02:15:00+0200,39359.38,MW,FR,FR,actual_load,Actual Load,2026-07-05T12:20:00Z
2026-07-05T12:19:30Z,2026-07-05T14:19:30+0200,4432c355-9488-4e0d-b987-b7dab09a434c,2026-06-22T00:30:00Z,2026-06-22T02:30:00+0200,38856.93,MW,FR,FR,actual_load,Actual Load,2026-07-05T12:20:00Z
2026-07-05T12:19:30Z,2026-07-05T14:19:30+0200,4432c355-9488-4e0d-b987-b7dab09a434c,2026-06-22T00:45:00Z,2026-06-22T02:45:00+0200,38132.66,MW,FR,FR,actual_load,Actual Load,2026-07-05T12:20:00Z
2026-07-05T12:19:30Z,2026-07-05T14:19:30+0200,4432c355-9488-4e0d-b987-b7dab09a434c,2026-06-22T01:00:00Z,2026-06-22T03:00:00+0200,37727.0,MW,FR,FR,actual_load,Actual Load,2026-07-05T12:20:00Z
2026-07-05T12:19:30Z,2026-07-05T14:19:30+0200,4432c355-9488-4e0d-b987-b7dab09a434c,2026-06-22T01:15:00Z,2026-06-22T03:15:00+0200,37403.02,MW,FR,FR,actual_load,Actual Load,2026-07-05T12:20:00Z
2026-07-05T12:19:30Z,2026-07-05T14:19:30+0200,4432c355-9488-4e0d-b987-b7dab09a434c,2026-06-22T01:30:00Z,2026-06-22T03:30:00+0200,37216.22,MW,FR,FR,actual_load,Actual Load,2026-07-05T12:20:00Z
2026-07-05T12:19:30Z,2026-07-05T14:19:30+0200,4432c355-9488-4e0d-b987-b7dab09a434c,2026-06-22T01:45:00Z,2026-06-22T03:45:00+0200,36722.57,MW,FR,FR,actual_load,Actual Load,2026-07-05T12:20:00Z
2026-07-05T12:19:30Z,2026-07-05T14:19:30+0200,4432c355-9488-4e0d-b987-b7dab09a434c,2026-06-22T02:00:00Z,2026-06-22T04:00:00+0200,36866.85,MW,FR,FR,actual_load,Actual Load,2026-07-05T12:20:00Z
2026-07-05T12:19:30Z,2026-07-05T14:19:30+0200,4432c355-9488-4e0d-b987-b7dab09a434c,2026-06-22T02:15:00Z,2026-06-22T04:15:00+0200,36805.1,MW,FR,FR,actual_load,Actual Load,2026-07-05T12:20:00Z
2026-07-05T12:19:30Z,2026-07-05T14:19:30+0200,4432c355-9488-4e0d-b987-b7dab09a434c,2026-06-22T02:30:00Z,2026-06-22T04:30:00+0200,36990.63,MW,FR,FR,actual_load,Actual Load,2026-07-05T12:20:00Z
2026-07-05T12:19:30Z,2026-07-05T14:19:30+0200,4432c355-9488-4e0d-b987-b7dab09a434c,2026-06-22T02:45:00Z,2026-06-22T04:45:00+0200,37194.27,MW,FR,FR,actual_load,Actual Load,2026-07-05T12:20:00Z
2026-07-05T12:19:30Z,2026-07-05T14:19:30+0200,4432c355-9488-4e0d-b987-b7dab09a434c,2026-06-22T03:00:00Z,2026-06-22T05:00:00+0200,38002.43,MW,FR,FR,actual_load,Actual Load,2026-07-05T12:20:00Z
2026-07-05T12:19:30Z,2026-07-05T14:19:30+0200,4432c355-9488-4e0d-b987-b7dab09a434c,2026-06-22T03:15:00Z,2026-06-22T05:15:00+0200,38624.47,MW,FR,FR,actual_load,Actual Load,2026-07-05T12:20:00Z
2026-07-05T12:19:30Z,2026-07-05T14:19:30+0200,4432c355-9488-4e0d-b987-b7dab09a434c,2026-06-22T03:30:00Z,2026-06-22T05:30:00+0200,39105.29,MW,FR,FR,actual_load,Actual Load,2026-07-05T12:20:00Z
2026-07-05T12:19:30Z,2026-07-05T14:19:30+0200,4432c355-9488-4e0d-b987-b7dab09a434c,2026-06-22T03:45:00Z,2026-06-22T05:45:00+0200,39539.26,MW,FR,FR,actual_load,Actual Load,2026-07-05T12:20:00Z
2026-07-05T12:19:30Z,2026-07-05T14:19:30+0200,4432c355-9488-4e0d-b987-b7dab09a434c,2026-06-22T04:00:00Z,2026-06-22T06:00:00+0200,40631.94,MW,FR,FR,actual_load,Actual Load,2026-07-05T12:20:00Z
2026-07-05T12:19:30Z,2026-07-05T14:19:30+0200,4432c355-9488-4e0d-b987-b7dab09a434c,2026-06-22T04:15:00Z,2026-06-22T06:15:00+0200,41440.43,MW,FR,FR,actual_load,Actual Load,2026-07-05T12:20:00Z
2026-07-05T12:19:30Z,2026-07-05T14:19:30+0200,4432c355-9488-4e0d-b987-b7dab09a434c,2026-06-22T04:30:00Z,2026-06-22T06:30:00+0200,42258.23,MW,FR,FR,actual_load,Actual Load,2026-07-05T12:20:00Z
2026-07-05T12:19:30Z,2026-07-05T14:19:30+0200,4432c355-9488-4e0d-b987-b7dab09a434c,2026-06-22T04:45:00Z,2026-06-22T06:45:00+0200,43045.6,MW,FR,FR,actual_load,Actual Load,2026-07-05T12:20:00Z
2026-07-05T12:19:30Z,2026-07-05T14:19:30+0200,4432c355-9488-4e0d-b987-b7dab09a434c,2026-06-22T05:00:00Z,2026-06-22T07:00:00+0200,44044.64,MW,FR,FR,actual_load,Actual Load,2026-07-05T12:20:00Z
2026-07-05T12:19:30Z,2026-07-05T14:19:30+0200,4432c355-9488-4e0d-b987-b7dab09a434c,2026-06-22T05:15:00Z,2026-06-22T07:15:00+0200,45034.97,MW,FR,FR,actual_load,Actual Load,2026-07-05T12:20:00Z
2026-07-05T12:19:30Z,2026-07-05T14:19:30+0200,4432c355-9488-4e0d-b987-b7dab09a434c,2026-06-22T05:30:00Z,2026-06-22T07:30:00+0200,45774.82,MW,FR,FR,actual_load,Actual Load,2026-07-05T12:20:00Z
2026-07-05T12:19:30Z,2026-07-05T14:19:30+0200,4432c355-9488-4e0d-b987-b7dab09a434c,2026-06-22T05:45:00Z,2026-06-22T07:45:00+0200,46541.84,MW,FR,FR,actual_load,Actual Load,2026-07-05T12:20:00Z
2026-07-05T12:19:30Z,2026-07-05T14:19:30+0200,4432c355-9488-4e0d-b987-b7dab09a434c,2026-06-22T06:00:00Z,2026-06-22T08:00:00+0200,47464.39,MW,FR,FR,actual_load,Actual Load,2026-07-05T12:20:00Z
2026-07-05T12:19:30Z,2026-07-05T14:19:30+0200,4432c355-9488-4e0d-b987-b7dab09a434c,2026-06-22T06:15:00Z,2026-06-22T08:15:00+0200,48326.89,MW,FR,FR,actual_load,Actual Load,2026-07-05T12:20:00Z
2026-07-05T12:19:30Z,2026-07-05T14:19:30+0200,4432c355-9488-4e0d-b987-b7dab09a434c,2026-06-22T06:30:00Z,2026-06-22T08:30:00+0200,49261.88,MW,FR,FR,actual_load,Actual Load,2026-07-05T12:20:00Z
2026-07-05T12:19:30Z,2026-07-05T14:19:30+0200,4432c355-9488-4e0d-b987-b7dab09a434c,2026-06-22T06:45:00Z,2026-06-22T08:45:00+0200,50012.29,MW,FR,FR,actual_load,Actual Load,2026-07-05T12:20:00Z
2026-07-05T12:19:30Z,2026-07-05T14:19:30+0200,4432c355-9488-4e0d-b987-b7dab09a434c,2026-06-22T07:00:00Z,2026-06-22T09:00:00+0200,50709.37,MW,FR,FR,actual_load,Actual Load,2026-07-05T12:20:00Z
2026-07-05T12:19:30Z,2026-07-05T14:19:30+0200,4432c355-9488-4e0d-b987-b7dab09a434c,2026-06-22T07:15:00Z,2026-06-22T09:15:00+0200,51384.91,MW,FR,FR,actual_load,Actual Load,2026-07-05T12:20:00Z
2026-07-05T12:19:30Z,2026-07-05T14:19:30+0200,4432c355-9488-4e0d-b987-b7dab09a434c,2026-06-22T07:30:00Z,2026-06-22T09:30:00+0200,51907.5,MW,FR,FR,actual_load,Actual Load,2026-07-05T12:20:00Z
2026-07-05T12:19:30Z,2026-07-05T14:19:30+0200,4432c355-9488-4e0d-b987-b7dab09a434c,2026-06-22T07:45:00Z,2026-06-22T09:45:00+0200,52348.36,MW,FR,FR,actual_load,Actual Load,2026-07-05T12:20:00Z
2026-07-05T12:19:30Z,2026-07-05T14:19:30+0200,4432c355-9488-4e0d-b987-b7dab09a434c,2026-06-22T08:00:00Z,2026-06-22T10:00:00+0200,52512.4,MW,FR,FR,actual_load,Actual Load,2026-07-05T12:20:00Z
2026-07-05T12:19:30Z,2026-07-05T14:19:30+0200,4432c355-9488-4e0d-b987-b7dab09a434c,2026-06-22T08:15:00Z,2026-06-22T10:15:00+0200,52340.71,MW,FR,FR,actual_load,Actual Load,2026-07-05T12:20:00Z
2026-07-05T12:19:30Z,2026-07-05T14:19:30+0200,4432c355-9488-4e0d-b987-b7dab09a434c,2026-06-22T08:30:00Z,2026-06-22T10:30:00+0200,53327.31,MW,FR,FR,actual_load,Actual Load,2026-07-05T12:20:00Z
2026-07-05T12:19:30Z,2026-07-05T14:19:30+0200,4432c355-9488-4e0d-b987-b7dab09a434c,2026-06-22T08:45:00Z,2026-06-22T10:45:00+0200,53563.98,MW,FR,FR,actual_load,Actual Load,2026-07-05T12:20:00Z
2026-07-05T12:19:30Z,2026-07-05T14:19:30+0200,4432c355-9488-4e0d-b987-b7dab09a434c,2026-06-22T09:00:00Z,2026-06-22T11:00:00+0200,53934.02,MW,FR,FR,actual_load,Actual Load,2026-07-05T12:20:00Z
2026-07-05T12:19:30Z,2026-07-05T14:19:30+0200,4432c355-9488-4e0d-b987-b7dab09a434c,2026-06-22T09:15:00Z,2026-06-22T11:15:00+0200,54012.16,MW,FR,FR,actual_load,Actual Load,2026-07-05T12:20:00Z
2026-07-05T12:19:30Z,2026-07-05T14:19:30+0200,4432c355-9488-4e0d-b987-b7dab09a434c,2026-06-22T09:30:00Z,2026-06-22T11:30:00+0200,54430.04,MW,FR,FR,actual_load,Actual Load,2026-07-05T12:20:00Z
2026-07-05T12:19:30Z,2026-07-05T14:19:30+0200,4432c355-9488-4e0d-b987-b7dab09a434c,2026-06-22T09:45:00Z,2026-06-22T11:45:00+0200,54800.44,MW,FR,FR,actual_load,Actual Load,2026-07-05T12:20:00Z
2026-07-05T12:19:30Z,2026-07-05T14:19:30+0200,4432c355-9488-4e0d-b987-b7dab09a434c,2026-06-22T10:00:00Z,2026-06-22T12:00:00+0200,55557.13,MW,FR,FR,actual_load,Actual Load,2026-07-05T12:20:00Z
2026-07-05T12:19:30Z,2026-07-05T14:19:30+0200,4432c355-9488-4e0d-b987-b7dab09a434c,2026-06-22T10:15:00Z,2026-06-22T12:15:00+0200,55719.38,MW,FR,FR,actual_load,Actual Load,2026-07-05T12:20:00Z
2026-07-05T12:19:30Z,2026-07-05T14:19:30+0200,4432c355-9488-4e0d-b987-b7dab09a434c,2026-06-22T10:30:00Z,2026-06-22T12:30:00+0200,56168.22,MW,FR,FR,actual_load,Actual Load,2026-07-05T12:20:00Z
2026-07-05T12:19:30Z,2026-07-05T14:19:30+0200,4432c355-9488-4e0d-b987-b7dab09a434c,2026-06-22T10:45:00Z,2026-06-22T12:45:00+0200,55690.66,MW,FR,FR,actual_load,Actual Load,2026-07-05T12:20:00Z
2026-07-05T12:19:30Z,2026-07-05T14:19:30+0200,4432c355-9488-4e0d-b987-b7dab09a434c,2026-06-22T11:00:00Z,2026-06-22T13:00:00+0200,55621.38,MW,FR,FR,actual_load,Actual Load,2026-07-05T12:20:00Z
2026-07-05T12:19:30Z,2026-07-05T14:19:30+0200,4432c355-9488-4e0d-b987-b7dab09a434c,2026-06-22T11:15:00Z,2026-06-22T13:15:00+0200,55404.56,MW,FR,FR,actual_load,Actual Load,2026-07-05T12:20:00Z
2026-07-05T12:19:30Z,2026-07-05T14:19:30+0200,4432c355-9488-4e0d-b987-b7dab09a434c,2026-06-22T11:30:00Z,2026-06-22T13:30:00+0200,55363.64,MW,FR,FR,actual_load,Actual Load,2026-07-05T12:20:00Z
2026-07-05T12:19:30Z,2026-07-05T14:19:30+0200,4432c355-9488-4e0d-b987-b7dab09a434c,2026-06-22T11:45:00Z,2026-06-22T13:45:00+0200,55478.03,MW,FR,FR,actual_load,Actual Load,2026-07-05T12:20:00Z
2026-07-05T12:19:30Z,2026-07-05T14:19:30+0200,4432c355-9488-4e0d-b987-b7dab09a434c,2026-06-22T12:00:00Z,2026-06-22T14:00:00+0200,56354.99,MW,FR,FR,actual_load,Actual Load,2026-07-05T12:20:00Z
2026-07-05T12:19:30Z,2026-07-05T14:19:30+0200,4432c355-9488-4e0d-b987-b7dab09a434c,2026-06-22T12:15:00Z,2026-06-22T14:15:00+0200,56331.14,MW,FR,FR,actual_load,Actual Load,2026-07-05T12:20:00Z
2026-07-05T12:19:30Z,2026-07-05T14:19:30+0200,4432c355-9488-4e0d-b987-b7dab09a434c,2026-06-22T12:30:00Z,2026-06-22T14:30:00+0200,56525.19,MW,FR,FR,actual_load,Actual Load,2026-07-05T12:20:00Z
2026-07-05T12:19:30Z,2026-07-05T14:19:30+0200,4432c355-9488-4e0d-b987-b7dab09a434c,2026-06-22T12:45:00Z,2026-06-22T14:45:00+0200,56192.83,MW,FR,FR,actual_load,Actual Load,2026-07-05T12:20:00Z
2026-07-05T12:19:30Z,2026-07-05T14:19:30+0200,4432c355-9488-4e0d-b987-b7dab09a434c,2026-06-22T13:00:00Z,2026-06-22T15:00:00+0200,56133.29,MW,FR,FR,actual_load,Actual Load,2026-07-05T12:20:00Z
2026-07-05T12:19:30Z,2026-07-05T14:19:30+0200,4432c355-9488-4e0d-b987-b7dab09a434c,2026-06-22T13:15:00Z,2026-06-22T15:15:00+0200,55912.45,MW,FR,FR,actual_load,Actual Load,2026-07-05T12:20:00Z
2026-07-05T12:19:30Z,2026-07-05T14:19:30+0200,4432c355-9488-4e0d-b987-b7dab09a434c,2026-06-22T13:30:00Z,2026-06-22T15:30:00+0200,55285.62,MW,FR,FR,actual_load,Actual Load,2026-07-05T12:20:00Z
2026-07-05T12:19:30Z,2026-07-05T14:19:30+0200,4432c355-9488-4e0d-b987-b7dab09a434c,2026-06-22T13:45:00Z,2026-06-22T15:45:00+0200,54820.59,MW,FR,FR,actual_load,Actual Load,2026-07-05T12:20:00Z
2026-07-05T12:19:30Z,2026-07-05T14:19:30+0200,4432c355-9488-4e0d-b987-b7dab09a434c,2026-06-22T14:00:00Z,2026-06-22T16:00:00+0200,54621.15,MW,FR,FR,actual_load,Actual Load,2026-07-05T12:20:00Z
2026-07-05T12:19:30Z,2026-07-05T14:19:30+0200,4432c355-9488-4e0d-b987-b7dab09a434c,2026-06-22T14:15:00Z,2026-06-22T16:15:00+0200,54665.34,MW,FR,FR,actual_load,Actual Load,2026-07-05T12:20:00Z
2026-07-05T12:19:30Z,2026-07-05T14:19:30+0200,4432c355-9488-4e0d-b987-b7dab09a434c,2026-06-22T14:30:00Z,2026-06-22T16:30:00+0200,54427.37,MW,FR,FR,actual_load,Actual Load,2026-07-05T12:20:00Z
2026-07-05T12:19:30Z,2026-07-05T14:19:30+0200,4432c355-9488-4e0d-b987-b7dab09a434c,2026-06-22T14:45:00Z,2026-06-22T16:45:00+0200,54446.76,MW,FR,FR,actual_load,Actual Load,2026-07-05T12:20:00Z
2026-07-05T12:19:30Z,2026-07-05T14:19:30+0200,4432c355-9488-4e0d-b987-b7dab09a434c,2026-06-22T15:00:00Z,2026-06-22T17:00:00+0200,54363.4,MW,FR,FR,actual_load,Actual Load,2026-07-05T12:20:00Z
2026-07-05T12:19:30Z,2026-07-05T14:19:30+0200,4432c355-9488-4e0d-b987-b7dab09a434c,2026-06-22T15:15:00Z,2026-06-22T17:15:00+0200,54359.42,MW,FR,FR,actual_load,Actual Load,2026-07-05T12:20:00Z
2026-07-05T12:19:30Z,2026-07-05T14:19:30+0200,4432c355-9488-4e0d-b987-b7dab09a434c,2026-06-22T15:30:00Z,2026-06-22T17:30:00+0200,54456.83,MW,FR,FR,actual_load,Actual Load,2026-07-05T12:20:00Z
2026-07-05T12:19:30Z,2026-07-05T14:19:30+0200,4432c355-9488-4e0d-b987-b7dab09a434c,2026-06-22T15:45:00Z,2026-06-22T17:45:00+0200,54680.76,MW,FR,FR,actual_load,Actual Load,2026-07-05T12:20:00Z
2026-07-05T12:19:30Z,2026-07-05T14:19:30+0200,4432c355-9488-4e0d-b987-b7dab09a434c,2026-06-22T16:00:00Z,2026-06-22T18:00:00+0200,54897.11,MW,FR,FR,actual_load,Actual Load,2026-07-05T12:20:00Z
2026-07-05T12:19:30Z,2026-07-05T14:19:30+0200,4432c355-9488-4e0d-b987-b7dab09a434c,2026-06-22T16:15:00Z,2026-06-22T18:15:00+0200,55349.46,MW,FR,FR,actual_load,Actual Load,2026-07-05T12:20:00Z
2026-07-05T12:19:30Z,2026-07-05T14:19:30+0200,4432c355-9488-4e0d-b987-b7dab09a434c,2026-06-22T16:30:00Z,2026-06-22T18:30:00+0200,55878.91,MW,FR,FR,actual_load,Actual Load,2026-07-05T12:20:00Z
2026-07-05T12:19:30Z,2026-07-05T14:19:30+0200,4432c355-9488-4e0d-b987-b7dab09a434c,2026-06-22T16:45:00Z,2026-06-22T18:45:00+0200,56307.76,MW,FR,FR,actual_load,Actual Load,2026-07-05T12:20:00Z
2026-07-05T12:19:30Z,2026-07-05T14:19:30+0200,4432c355-9488-4e0d-b987-b7dab09a434c,2026-06-22T17:00:00Z,2026-06-22T19:00:00+0200,56340.92,MW,FR,FR,actual_load,Actual Load,2026-07-05T12:20:00Z
2026-07-05T12:19:30Z,2026-07-05T14:19:30+0200,4432c355-9488-4e0d-b987-b7dab09a434c,2026-06-22T17:15:00Z,2026-06-22T19:15:00+0200,56303.25,MW,FR,FR,actual_load,Actual Load,2026-07-05T12:20:00Z
2026-07-05T12:19:30Z,2026-07-05T14:19:30+0200,4432c355-9488-4e0d-b987-b7dab09a434c,2026-06-22T17:30:00Z,2026-06-22T19:30:00+0200,56334.15,MW,FR,FR,actual_load,Actual Load,2026-07-05T12:20:00Z
2026-07-05T12:19:30Z,2026-07-05T14:19:30+0200,4432c355-9488-4e0d-b987-b7dab09a434c,2026-06-22T17:45:00Z,2026-06-22T19:45:00+0200,55885.2,MW,FR,FR,actual_load,Actual Load,2026-07-05T12:20:00Z
2026-07-05T12:19:30Z,2026-07-05T14:19:30+0200,4432c355-9488-4e0d-b987-b7dab09a434c,2026-06-22T18:00:00Z,2026-06-22T20:00:00+0200,55094.73,MW,FR,FR,actual_load,Actual Load,2026-07-05T12:20:00Z
2026-07-05T12:19:30Z,2026-07-05T14:19:30+0200,4432c355-9488-4e0d-b987-b7dab09a434c,2026-06-22T18:15:00Z,2026-06-22T20:15:00+0200,54411.32,MW,FR,FR,actual_load,Actual Load,2026-07-05T12:20:00Z
2026-07-05T12:19:30Z,2026-07-05T14:19:30+0200,4432c355-9488-4e0d-b987-b7dab09a434c,2026-06-22T18:30:00Z,2026-06-22T20:30:00+0200,53893.93,MW,FR,FR,actual_load,Actual Load,2026-07-05T12:20:00Z
2026-07-05T12:19:30Z,2026-07-05T14:19:30+0200,4432c355-9488-4e0d-b987-b7dab09a434c,2026-06-22T18:45:00Z,2026-06-22T20:45:00+0200,53260.05,MW,FR,FR,actual_load,Actual Load,2026-07-05T12:20:00Z
2026-07-05T12:19:30Z,2026-07-05T14:19:30+0200,4432c355-9488-4e0d-b987-b7dab09a434c,2026-06-22T19:00:00Z,2026-06-22T21:00:00+0200,53247.77,MW,FR,FR,actual_load,Actual Load,2026-07-05T12:20:00Z
2026-07-05T12:19:30Z,2026-07-05T14:19:30+0200,4432c355-9488-4e0d-b987-b7dab09a434c,2026-06-22T19:15:00Z,2026-06-22T21:15:00+0200,52977.34,MW,FR,FR,actual_load,Actual Load,2026-07-05T12:20:00Z
2026-07-05T12:19:30Z,2026-07-05T14:19:30+0200,4432c355-9488-4e0d-b987-b7dab09a434c,2026-06-22T19:30:00Z,2026-06-22T21:30:00+0200,52576.8,MW,FR,FR,actual_load,Actual Load,2026-07-05T12:20:00Z
2026-07-05T12:19:30Z,2026-07-05T14:19:30+0200,4432c355-9488-4e0d-b987-b7dab09a434c,2026-06-22T19:45:00Z,2026-06-22T21:45:00+0200,52205.04,MW,FR,FR,actual_load,Actual Load,2026-07-05T12:20:00Z
2026-07-05T12:19:30Z,2026-07-05T14:19:30+0200,4432c355-9488-4e0d-b987-b7dab09a434c,2026-06-22T20:00:00Z,2026-06-22T22:00:00+0200,53450.85,MW,FR,FR,actual_load,Actual Load,2026-07-05T12:20:00Z
2026-07-05T12:19:30Z,2026-07-05T14:19:30+0200,4432c355-9488-4e0d-b987-b7dab09a434c,2026-06-22T20:15:00Z,2026-06-22T22:15:00+0200,53253.89,MW,FR,FR,actual_load,Actual Load,2026-07-05T12:20:00Z
2026-07-05T12:19:30Z,2026-07-05T14:19:30+0200,4432c355-9488-4e0d-b987-b7dab09a434c,2026-06-22T20:30:00Z,2026-06-22T22:30:00+0200,54261.9,MW,FR,FR,actual_load,Actual Load,2026-07-05T12:20:00Z
2026-07-05T12:19:30Z,2026-07-05T14:19:30+0200,4432c355-9488-4e0d-b987-b7dab09a434c,2026-06-22T20:45:00Z,2026-06-22T22:45:00+0200,53609.43,MW,FR,FR,actual_load,Actual Load,2026-07-05T12:20:00Z
2026-07-05T12:19:30Z,2026-07-05T14:19:30+0200,4432c355-9488-4e0d-b987-b7dab09a434c,2026-06-22T21:00:00Z,2026-06-22T23:00:00+0200,53183.8,MW,FR,FR,actual_load,Actual Load,2026-07-05T12:20:00Z
2026-07-05T12:19:30Z,2026-07-05T14:19:30+0200,4432c355-9488-4e0d-b987-b7dab09a434c,2026-06-22T21:15:00Z,2026-06-22T23:15:00+0200,51803.11,MW,FR,FR,actual_load,Actual Load,2026-07-05T12:20:00Z
2026-07-05T12:19:30Z,2026-07-05T14:19:30+0200,4432c355-9488-4e0d-b987-b7dab09a434c,2026-06-22T21:30:00Z,2026-06-22T23:30:00+0200,51748.55,MW,FR,FR,actual_load,Actual Load,2026-07-05T12:20:00Z
2026-07-05T12:19:30Z,2026-07-05T14:19:30+0200,4432c355-9488-4e0d-b987-b7dab09a434c,2026-06-22T21:45:00Z,2026-06-22T23:45:00+0200,50562.02,MW,FR,FR,actual_load,Actual Load,2026-07-05T12:20:00Z
2026-07-05T12:19:30Z,2026-07-05T14:19:30+0200,4432c355-9488-4e0d-b987-b7dab09a434c,2026-06-22T22:00:00Z,2026-06-23T00:00:00+0200,50249.33,MW,FR,FR,actual_load,Actual Load,2026-07-05T12:20:00Z
2026-07-05T12:19:30Z,2026-07-05T14:19:30+0200,4432c355-9488-4e0d-b987-b7dab09a434c,2026-06-22T22:15:00Z,2026-06-23T00:15:00+0200,48776.3,MW,FR,FR,actual_load,Actual Load,2026-07-05T12:20:00Z
2026-07-05T12:19:30Z,2026-07-05T14:19:30+0200,4432c355-9488-4e0d-b987-b7dab09a434c,2026-06-22T22:30:00Z,2026-06-23T00:30:00+0200,47332.6,MW,FR,FR,actual_load,Actual Load,2026-07-05T12:20:00Z
2026-07-05T12:19:30Z,2026-07-05T14:19:30+0200,4432c355-9488-4e0d-b987-b7dab09a434c,2026-06-22T22:45:00Z,2026-06-23T00:45:00+0200,46065.32,MW,FR,FR,actual_load,Actual Load,2026-07-05T12:20:00Z
2026-07-05T12:19:30Z,2026-07-05T14:19:30+0200,4432c355-9488-4e0d-b987-b7dab09a434c,2026-06-22T23:00:00Z,2026-06-23T01:00:00+0200,46308.51,MW,FR,FR,actual_load,Actual Load,2026-07-05T12:20:00Z
2026-07-05T12:19:30Z,2026-07-05T14:19:30+0200,4432c355-9488-4e0d-b987-b7dab09a434c,2026-06-22T23:15:00Z,2026-06-23T01:15:00+0200,45523.65,MW,FR,FR,actual_load,Actual Load,2026-07-05T12:20:00Z
2026-07-05T12:19:30Z,2026-07-05T14:19:30+0200,4432c355-9488-4e0d-b987-b7dab09a434c,2026-06-22T23:30:00Z,2026-06-23T01:30:00+0200,45195.5,MW,FR,FR,actual_load,Actual Load,2026-07-05T12:20:00Z
2026-07-05T12:19:30Z,2026-07-05T14:19:30+0200,4432c355-9488-4e0d-b987-b7dab09a434c,2026-06-22T23:45:00Z,2026-06-23T01:45:00+0200,44341.84,MW,FR,FR,actual_load,Actual Load,2026-07-05T12:20:00Z
2026-07-05T12:19:30Z,2026-07-05T14:19:30+0200,4432c355-9488-4e0d-b987-b7dab09a434c,2026-06-23T00:00:00Z,2026-06-23T02:00:00+0200,44062.05,MW,FR,FR,actual_load,Actual Load,2026-07-05T12:20:00Z
2026-07-05T12:19:30Z,2026-07-05T14:19:30+0200,4432c355-9488-4e0d-b987-b7dab09a434c,2026-06-23T00:15:00Z,2026-06-23T02:15:00+0200,43279.84,MW,FR,FR,actual_load,Actual Load,2026-07-05T12:20:00Z
2026-07-05T12:19:30Z,2026-07-05T14:19:30+0200,4432c355-9488-4e0d-b987-b7dab09a434c,2026-06-23T00:30:00Z,2026-06-23T02:30:00+0200,42326.18,MW,FR,FR,actual_load,Actual Load,2026-07-05T12:20:00Z
2026-07-05T12:19:30Z,2026-07-05T14:19:30+0200,4432c355-9488-4e0d-b987-b7dab09a434c,2026-06-23T00:45:00Z,2026-06-23T02:45:00+0200,41608.32,MW,FR,FR,actual_load,Actual Load,2026-07-05T12:20:00Z
2026-07-05T12:19:30Z,2026-07-05T14:19:30+0200,4432c355-9488-4e0d-b987-b7dab09a434c,2026-06-23T01:00:00Z,2026-06-23T03:00:00+0200,41237.98,MW,FR,FR,actual_load,Actual Load,2026-07-05T12:20:00Z
2026-07-05T12:19:30Z,2026-07-05T14:19:30+0200,4432c355-9488-4e0d-b987-b7dab09a434c,2026-06-23T01:15:00Z,2026-06-23T03:15:00+0200,40779.45,MW,FR,FR,actual_load,Actual Load,2026-07-05T12:20:00Z
2026-07-05T12:19:30Z,2026-07-05T14:19:30+0200,4432c355-9488-4e0d-b987-b7dab09a434c,2026-06-23T01:30:00Z,2026-06-23T03:30:00+0200,40476.46,MW,FR,FR,actual_load,Actual Load,2026-07-05T12:20:00Z
2026-07-05T12:19:30Z,2026-07-05T14:19:30+0200,4432c355-9488-4e0d-b987-b7dab09a434c,2026-06-23T01:45:00Z,2026-06-23T03:45:00+0200,40368.71,MW,FR,FR,actual_load,Actual Load,2026-07-05T12:20:00Z
2026-07-05T12:19:30Z,2026-07-05T14:19:30+0200,4432c355-9488-4e0d-b987-b7dab09a434c,2026-06-23T02:00:00Z,2026-06-23T04:00:00+0200,40297.19,MW,FR,FR,actual_load,Actual Load,2026-07-05T12:20:00Z
2026-07-05T12:19:30Z,2026-07-05T14:19:30+0200,4432c355-9488-4e0d-b987-b7dab09a434c,2026-06-23T02:15:00Z,2026-06-23T04:15:00+0200,40292.2,MW,FR,FR,actual_load,Actual Load,2026-07-05T12:20:00Z
2026-07-05T12:19:30Z,2026-07-05T14:19:30+0200,4432c355-9488-4e0d-b987-b7dab09a434c,2026-06-23T02:30:00Z,2026-06-23T04:30:00+0200,40100.05,MW,FR,FR,actual_load,Actual Load,2026-07-05T12:20:00Z
2026-07-05T12:19:30Z,2026-07-05T14:19:30+0200,4432c355-9488-4e0d-b987-b7dab09a434c,2026-06-23T02:45:00Z,2026-06-23T04:45:00+0200,40216.62,MW,FR,FR,actual_load,Actual Load,2026-07-05T12:20:00Z
2026-07-05T12:19:30Z,2026-07-05T14:19:30+0200,4432c355-9488-4e0d-b987-b7dab09a434c,2026-06-23T03:00:00Z,2026-06-23T05:00:00+0200,40942.09,MW,FR,FR,actual_load,Actual Load,2026-07-05T12:20:00Z
2026-07-05T12:19:30Z,2026-07-05T14:19:30+0200,4432c355-9488-4e0d-b987-b7dab09a434c,2026-06-23T03:15:00Z,2026-06-23T05:15:00+0200,41308.44,MW,FR,FR,actual_load,Actual Load,2026-07-05T12:20:00Z
2026-07-05T12:19:30Z,2026-07-05T14:19:30+0200,4432c355-9488-4e0d-b987-b7dab09a434c,2026-06-23T03:30:00Z,2026-06-23T05:30:00+0200,41442.78,MW,FR,FR,actual_load,Actual Load,2026-07-05T12:20:00Z
2026-07-05T12:19:30Z,2026-07-05T14:19:30+0200,4432c355-9488-4e0d-b987-b7dab09a434c,2026-06-23T03:45:00Z,2026-06-23T05:45:00+0200,42008.98,MW,FR,FR,actual_load,Actual Load,2026-07-05T12:20:00Z
2026-07-05T12:19:30Z,2026-07-05T14:19:30+0200,4432c355-9488-4e0d-b987-b7dab09a434c,2026-06-23T04:00:00Z,2026-06-23T06:00:00+0200,43074.01,MW,FR,FR,actual_load,Actual Load,2026-07-05T12:20:00Z
2026-07-05T12:19:30Z,2026-07-05T14:19:30+0200,4432c355-9488-4e0d-b987-b7dab09a434c,2026-06-23T04:15:00Z,2026-06-23T06:15:00+0200,43810.48,MW,FR,FR,actual_load,Actual Load,2026-07-05T12:20:00Z
2026-07-05T12:19:30Z,2026-07-05T14:19:30+0200,4432c355-9488-4e0d-b987-b7dab09a434c,2026-06-23T04:30:00Z,2026-06-23T06:30:00+0200,44472.61,MW,FR,FR,actual_load,Actual Load,2026-07-05T12:20:00Z
2026-07-05T12:19:30Z,2026-07-05T14:19:30+0200,4432c355-9488-4e0d-b987-b7dab09a434c,2026-06-23T04:45:00Z,2026-06-23T06:45:00+0200,45177.77,MW,FR,FR,actual_load,Actual Load,2026-07-05T12:20:00Z
2026-07-05T12:19:30Z,2026-07-05T14:19:30+0200,4432c355-9488-4e0d-b987-b7dab09a434c,2026-06-23T05:00:00Z,2026-06-23T07:00:00+0200,46137.54,MW,FR,FR,actual_load,Actual Load,2026-07-05T12:20:00Z
2026-07-05T12:19:30Z,2026-07-05T14:19:30+0200,4432c355-9488-4e0d-b987-b7dab09a434c,2026-06-23T05:15:00Z,2026-06-23T07:15:00+0200,46972.33,MW,FR,FR,actual_load,Actual Load,2026-07-05T12:20:00Z
2026-07-05T12:19:30Z,2026-07-05T14:19:30+0200,4432c355-9488-4e0d-b987-b7dab09a434c,2026-06-23T05:30:00Z,2026-06-23T07:30:00+0200,47732.85,MW,FR,FR,actual_load,Actual Load,2026-07-05T12:20:00Z
2026-07-05T12:19:30Z,2026-07-05T14:19:30+0200,4432c355-9488-4e0d-b987-b7dab09a434c,2026-06-23T05:45:00Z,2026-06-23T07:45:00+0200,48739.36,MW,FR,FR,actual_load,Actual Load,2026-07-05T12:20:00Z
2026-07-05T12:19:30Z,2026-07-05T14:19:30+0200,4432c355-9488-4e0d-b987-b7dab09a434c,2026-06-23T06:00:00Z,2026-06-23T08:00:00+0200,49575.54,MW,FR,FR,actual_load,Actual Load,2026-07-05T12:20:00Z
2026-07-05T12:19:30Z,2026-07-05T14:19:30+0200,4432c355-9488-4e0d-b987-b7dab09a434c,2026-06-23T06:15:00Z,2026-06-23T08:15:00+0200,50470.07,MW,FR,FR,actual_load,Actual Load,2026-07-05T12:20:00Z
2026-07-05T12:19:30Z,2026-07-05T14:19:30+0200,4432c355-9488-4e0d-b987-b7dab09a434c,2026-06-23T06:30:00Z,2026-06-23T08:30:00+0200,51119.51,MW,FR,FR,actual_load,Actual Load,2026-07-05T12:20:00Z
2026-07-05T12:19:30Z,2026-07-05T14:19:30+0200,4432c355-9488-4e0d-b987-b7dab09a434c,2026-06-23T06:45:00Z,2026-06-23T08:45:00+0200,51809.45,MW,FR,FR,actual_load,Actual Load,2026-07-05T12:20:00Z
2026-07-05T12:19:30Z,2026-07-05T14:19:30+0200,4432c355-9488-4e0d-b987-b7dab09a434c,2026-06-23T07:00:00Z,2026-06-23T09:00:00+0200,52710.55,MW,FR,FR,actual_load,Actual Load,2026-07-05T12:20:00Z
2026-07-05T12:19:30Z,2026-07-05T14:19:30+0200,4432c355-9488-4e0d-b987-b7dab09a434c,2026-06-23T07:15:00Z,2026-06-23T09:15:00+0200,53381.69,MW,FR,FR,actual_load,Actual Load,2026-07-05T12:20:00Z
2026-07-05T12:19:30Z,2026-07-05T14:19:30+0200,4432c355-9488-4e0d-b987-b7dab09a434c,2026-06-23T07:30:00Z,2026-06-23T09:30:00+0200,53843.14,MW,FR,FR,actual_load,Actual Load,2026-07-05T12:20:00Z
2026-07-05T12:19:30Z,2026-07-05T14:19:30+0200,4432c355-9488-4e0d-b987-b7dab09a434c,2026-06-23T07:45:00Z,2026-06-23T09:45:00+0200,53753.57,MW,FR,FR,actual_load,Actual Load,2026-07-05T12:20:00Z
2026-07-05T12:19:30Z,2026-07-05T14:19:30+0200,4432c355-9488-4e0d-b987-b7dab09a434c,2026-06-23T08:00:00Z,2026-06-23T10:00:00+0200,54188.25,MW,FR,FR,actual_load,Actual Load,2026-07-05T12:20:00Z
2026-07-05T12:19:30Z,2026-07-05T14:19:30+0200,4432c355-9488-4e0d-b987-b7dab09a434c,2026-06-23T08:15:00Z,2026-06-23T10:15:00+0200,54544.14,MW,FR,FR,actual_load,Actual Load,2026-07-05T12:20:00Z
2026-07-05T12:19:30Z,2026-07-05T14:19:30+0200,4432c355-9488-4e0d-b987-b7dab09a434c,2026-06-23T08:30:00Z,2026-06-23T10:30:00+0200,54863.59,MW,FR,FR,actual_load,Actual Load,2026-07-05T12:20:00Z
2026-07-05T12:19:30Z,2026-07-05T14:19:30+0200,4432c355-9488-4e0d-b987-b7dab09a434c,2026-06-23T08:45:00Z,2026-06-23T10:45:00+0200,55143.97,MW,FR,FR,actual_load,Actual Load,2026-07-05T12:20:00Z
2026-07-05T12:19:30Z,2026-07-05T14:19:30+0200,4432c355-9488-4e0d-b987-b7dab09a434c,2026-06-23T09:00:00Z,2026-06-23T11:00:00+0200,55481.83,MW,FR,FR,actual_load,Actual Load,2026-07-05T12:20:00Z
2026-07-05T12:19:30Z,2026-07-05T14:19:30+0200,4432c355-9488-4e0d-b987-b7dab09a434c,2026-06-23T09:15:00Z,2026-06-23T11:15:00+0200,55771.55,MW,FR,FR,actual_load,Actual Load,2026-07-05T12:20:00Z
2026-07-05T12:19:30Z,2026-07-05T14:19:30+0200,4432c355-9488-4e0d-b987-b7dab09a434c,2026-06-23T09:30:00Z,2026-06-23T11:30:00+0200,56171.46,MW,FR,FR,actual_load,Actual Load,2026-07-05T12:20:00Z
2026-07-05T12:19:30Z,2026-07-05T14:19:30+0200,4432c355-9488-4e0d-b987-b7dab09a434c,2026-06-23T09:45:00Z,2026-06-23T11:45:00+0200,56456.6,MW,FR,FR,actual_load,Actual Load,2026-07-05T12:20:00Z
2026-07-05T12:19:30Z,2026-07-05T14:19:30+0200,4432c355-9488-4e0d-b987-b7dab09a434c,2026-06-23T10:00:00Z,2026-06-23T12:00:00+0200,56731.22,MW,FR,FR,actual_load,Actual Load,2026-07-05T12:20:00Z
2026-07-05T12:19:30Z,2026-07-05T14:19:30+0200,4432c355-9488-4e0d-b987-b7dab09a434c,2026-06-23T10:15:00Z,2026-06-23T12:15:00+0200,56789.8,MW,FR,FR,actual_load,Actual Load,2026-07-05T12:20:00Z
2026-07-05T12:19:30Z,2026-07-05T14:19:30+0200,4432c355-9488-4e0d-b987-b7dab09a434c,2026-06-23T10:30:00Z,2026-06-23T12:30:00+0200,57178.43,MW,FR,FR,actual_load,Actual Load,2026-07-05T12:20:00Z
2026-07-05T12:19:30Z,2026-07-05T14:19:30+0200,4432c355-9488-4e0d-b987-b7dab09a434c,2026-06-23T10:45:00Z,2026-06-23T12:45:00+0200,56963.24,MW,FR,FR,actual_load,Actual Load,2026-07-05T12:20:00Z
2026-07-05T12:19:30Z,2026-07-05T14:19:30+0200,4432c355-9488-4e0d-b987-b7dab09a434c,2026-06-23T11:00:00Z,2026-06-23T13:00:00+0200,56797.94,MW,FR,FR,actual_load,Actual Load,2026-07-05T12:20:00Z
2026-07-05T12:19:30Z,2026-07-05T14:19:30+0200,4432c355-9488-4e0d-b987-b7dab09a434c,2026-06-23T11:15:00Z,2026-06-23T13:15:00+0200,56623.67,MW,FR,FR,actual_load,Actual Load,2026-07-05T12:20:00Z
2026-07-05T12:19:30Z,2026-07-05T14:19:30+0200,4432c355-9488-4e0d-b987-b7dab09a434c,2026-06-23T11:30:00Z,2026-06-23T13:30:00+0200,56553.8,MW,FR,FR,actual_load,Actual Load,2026-07-05T12:20:00Z
2026-07-05T12:19:30Z,2026-07-05T14:19:30+0200,4432c355-9488-4e0d-b987-b7dab09a434c,2026-06-23T11:45:00Z,2026-06-23T13:45:00+0200,56659.14,MW,FR,FR,actual_load,Actual Load,2026-07-05T12:20:00Z
2026-07-05T12:19:30Z,2026-07-05T14:19:30+0200,4432c355-9488-4e0d-b987-b7dab09a434c,2026-06-23T12:00:00Z,2026-06-23T14:00:00+0200,57658.43,MW,FR,FR,actual_load,Actual Load,2026-07-05T12:20:00Z
2026-07-05T12:19:30Z,2026-07-05T14:19:30+0200,4432c355-9488-4e0d-b987-b7dab09a434c,2026-06-23T12:15:00Z,2026-06-23T14:15:00+0200,57333.54,MW,FR,FR,actual_load,Actual Load,2026-07-05T12:20:00Z
2026-07-05T12:19:30Z,2026-07-05T14:19:30+0200,4432c355-9488-4e0d-b987-b7dab09a434c,2026-06-23T12:30:00Z,2026-06-23T14:30:00+0200,57492.59,MW,FR,FR,actual_load,Actual Load,2026-07-05T12:20:00Z
2026-07-05T12:19:30Z,2026-07-05T14:19:30+0200,4432c355-9488-4e0d-b987-b7dab09a434c,2026-06-23T12:45:00Z,2026-06-23T14:45:00+0200,57136.66,MW,FR,FR,actual_load,Actual Load,2026-07-05T12:20:00Z
2026-07-05T12:19:30Z,2026-07-05T14:19:30+0200,4432c355-9488-4e0d-b987-b7dab09a434c,2026-06-23T13:00:00Z,2026-06-23T15:00:00+0200,57131.78,MW,FR,FR,actual_load,Actual Load,2026-07-05T12:20:00Z
2026-07-05T12:19:30Z,2026-07-05T14:19:30+0200,4432c355-9488-4e0d-b987-b7dab09a434c,2026-06-23T13:15:00Z,2026-06-23T15:15:00+0200,56721.59,MW,FR,FR,actual_load,Actual Load,2026-07-05T12:20:00Z
2026-07-05T12:19:30Z,2026-07-05T14:19:30+0200,4432c355-9488-4e0d-b987-b7dab09a434c,2026-06-23T13:30:00Z,2026-06-23T15:30:00+0200,56398.01,MW,FR,FR,actual_load,Actual Load,2026-07-05T12:20:00Z
2026-07-05T12:19:30Z,2026-07-05T14:19:30+0200,4432c355-9488-4e0d-b987-b7dab09a434c,2026-06-23T13:45:00Z,2026-06-23T15:45:00+0200,56112.11,MW,FR,FR,actual_load,Actual Load,2026-07-05T12:20:00Z
2026-07-05T12:19:30Z,2026-07-05T14:19:30+0200,4432c355-9488-4e0d-b987-b7dab09a434c,2026-06-23T14:00:00Z,2026-06-23T16:00:00+0200,55751.8,MW,FR,FR,actual_load,Actual Load,2026-07-05T12:20:00Z
2026-07-05T12:19:30Z,2026-07-05T14:19:30+0200,4432c355-9488-4e0d-b987-b7dab09a434c,2026-06-23T14:15:00Z,2026-06-23T16:15:00+0200,55593.03,MW,FR,FR,actual_load,Actual Load,2026-07-05T12:20:00Z
2026-07-05T12:19:30Z,2026-07-05T14:19:30+0200,4432c355-9488-4e0d-b987-b7dab09a434c,2026-06-23T14:30:00Z,2026-06-23T16:30:00+0200,55532.61,MW,FR,FR,actual_load,Actual Load,2026-07-05T12:20:00Z
2026-07-05T12:19:30Z,2026-07-05T14:19:30+0200,4432c355-9488-4e0d-b987-b7dab09a434c,2026-06-23T14:45:00Z,2026-06-23T16:45:00+0200,55571.16,MW,FR,FR,actual_load,Actual Load,2026-07-05T12:20:00Z
2026-07-05T12:19:30Z,2026-07-05T14:19:30+0200,4432c355-9488-4e0d-b987-b7dab09a434c,2026-06-23T15:00:00Z,2026-06-23T17:00:00+0200,55496.12,MW,FR,FR,actual_load,Actual Load,2026-07-05T12:20:00Z
2026-07-05T12:19:30Z,2026-07-05T14:19:30+0200,4432c355-9488-4e0d-b987-b7dab09a434c,2026-06-23T15:15:00Z,2026-06-23T17:15:00+0200,55723.5,MW,FR,FR,actual_load,Actual Load,2026-07-05T12:20:00Z
2026-07-05T12:19:30Z,2026-07-05T14:19:30+0200,4432c355-9488-4e0d-b987-b7dab09a434c,2026-06-23T15:30:00Z,2026-06-23T17:30:00+0200,55960.63,MW,FR,FR,actual_load,Actual Load,2026-07-05T12:20:00Z
2026-07-05T12:19:30Z,2026-07-05T14:19:30+0200,4432c355-9488-4e0d-b987-b7dab09a434c,2026-06-23T15:45:00Z,2026-06-23T17:45:00+0200,56202.09,MW,FR,FR,actual_load,Actual Load,2026-07-05T12:20:00Z
2026-07-05T12:19:30Z,2026-07-05T14:19:30+0200,4432c355-9488-4e0d-b987-b7dab09a434c,2026-06-23T16:00:00Z,2026-06-23T18:00:00+0200,56332.05,MW,FR,FR,actual_load,Actual Load,2026-07-05T12:20:00Z
2026-07-05T12:19:30Z,2026-07-05T14:19:30+0200,4432c355-9488-4e0d-b987-b7dab09a434c,2026-06-23T16:15:00Z,2026-06-23T18:15:00+0200,56845.48,MW,FR,FR,actual_load,Actual Load,2026-07-05T12:20:00Z
2026-07-05T12:19:30Z,2026-07-05T14:19:30+0200,4432c355-9488-4e0d-b987-b7dab09a434c,2026-06-23T16:30:00Z,2026-06-23T18:30:00+0200,57188.2,MW,FR,FR,actual_load,Actual Load,2026-07-05T12:20:00Z
2026-07-05T12:19:30Z,2026-07-05T14:19:30+0200,4432c355-9488-4e0d-b987-b7dab09a434c,2026-06-23T16:45:00Z,2026-06-23T18:45:00+0200,57631.55,MW,FR,FR,actual_load,Actual Load,2026-07-05T12:20:00Z
2026-07-05T12:19:30Z,2026-07-05T14:19:30+0200,4432c355-9488-4e0d-b987-b7dab09a434c,2026-06-23T17:00:00Z,2026-06-23T19:00:00+0200,57361.98,MW,FR,FR,actual_load,Actual Load,2026-07-05T12:20:00Z
2026-07-05T12:19:30Z,2026-07-05T14:19:30+0200,4432c355-9488-4e0d-b987-b7dab09a434c,2026-06-23T17:15:00Z,2026-06-23T19:15:00+0200,57211.2,MW,FR,FR,actual_load,Actual Load,2026-07-05T12:20:00Z
2026-07-05T12:19:30Z,2026-07-05T14:19:30+0200,4432c355-9488-4e0d-b987-b7dab09a434c,2026-06-23T17:30:00Z,2026-06-23T19:30:00+0200,56982.25,MW,FR,FR,actual_load,Actual Load,2026-07-05T12:20:00Z
2026-07-05T12:19:30Z,2026-07-05T14:19:30+0200,4432c355-9488-4e0d-b987-b7dab09a434c,2026-06-23T17:45:00Z,2026-06-23T19:45:00+0200,56767.14,MW,FR,FR,actual_load,Actual Load,2026-07-05T12:20:00Z
2026-07-05T12:19:30Z,2026-07-05T14:19:30+0200,4432c355-9488-4e0d-b987-b7dab09a434c,2026-06-23T18:00:00Z,2026-06-23T20:00:00+0200,56138.39,MW,FR,FR,actual_load,Actual Load,2026-07-05T12:20:00Z
2026-07-05T12:19:30Z,2026-07-05T14:19:30+0200,4432c355-9488-4e0d-b987-b7dab09a434c,2026-06-23T18:15:00Z,2026-06-23T20:15:00+0200,55641.08,MW,FR,FR,actual_load,Actual Load,2026-07-05T12:20:00Z
2026-07-05T12:19:30Z,2026-07-05T14:19:30+0200,4432c355-9488-4e0d-b987-b7dab09a434c,2026-06-23T18:30:00Z,2026-06-23T20:30:00+0200,55026.62,MW,FR,FR,actual_load,Actual Load,2026-07-05T12:20:00Z
2026-07-05T12:19:30Z,2026-07-05T14:19:30+0200,4432c355-9488-4e0d-b987-b7dab09a434c,2026-06-23T18:45:00Z,2026-06-23T20:45:00+0200,54404.35,MW,FR,FR,actual_load,Actual Load,2026-07-05T12:20:00Z
2026-07-05T12:19:30Z,2026-07-05T14:19:30+0200,4432c355-9488-4e0d-b987-b7dab09a434c,2026-06-23T19:00:00Z,2026-06-23T21:00:00+0200,53869.3,MW,FR,FR,actual_load,Actual Load,2026-07-05T12:20:00Z
2026-07-05T12:19:30Z,2026-07-05T14:19:30+0200,4432c355-9488-4e0d-b987-b7dab09a434c,2026-06-23T19:15:00Z,2026-06-23T21:15:00+0200,53358.1,MW,FR,FR,actual_load,Actual Load,2026-07-05T12:20:00Z
2026-07-05T12:19:30Z,2026-07-05T14:19:30+0200,4432c355-9488-4e0d-b987-b7dab09a434c,2026-06-23T19:30:00Z,2026-06-23T21:30:00+0200,53036.56,MW,FR,FR,actual_load,Actual Load,2026-07-05T12:20:00Z
2026-07-05T12:19:30Z,2026-07-05T14:19:30+0200,4432c355-9488-4e0d-b987-b7dab09a434c,2026-06-23T19:45:00Z,2026-06-23T21:45:00+0200,52733.34,MW,FR,FR,actual_load,Actual Load,2026-07-05T12:20:00Z
2026-07-05T12:19:30Z,2026-07-05T14:19:30+0200,4432c355-9488-4e0d-b987-b7dab09a434c,2026-06-23T20:00:00Z,2026-06-23T22:00:00+0200,53835.64,MW,FR,FR,actual_load,Actual Load,2026-07-05T12:20:00Z
2026-07-05T12:19:30Z,2026-07-05T14:19:30+0200,4432c355-9488-4e0d-b987-b7dab09a434c,2026-06-23T20:15:00Z,2026-06-23T22:15:00+0200,53631.21,MW,FR,FR,actual_load,Actual Load,2026-07-05T12:20:00Z
2026-07-05T12:19:30Z,2026-07-05T14:19:30+0200,4432c355-9488-4e0d-b987-b7dab09a434c,2026-06-23T20:30:00Z,2026-06-23T22:30:00+0200,54944.74,MW,FR,FR,actual_load,Actual Load,2026-07-05T12:20:00Z
2026-07-05T12:19:30Z,2026-07-05T14:19:30+0200,4432c355-9488-4e0d-b987-b7dab09a434c,2026-06-23T20:45:00Z,2026-06-23T22:45:00+0200,54321.9,MW,FR,FR,actual_load,Actual Load,2026-07-05T12:20:00Z
2026-07-05T12:19:30Z,2026-07-05T14:19:30+0200,4432c355-9488-4e0d-b987-b7dab09a434c,2026-06-23T21:00:00Z,2026-06-23T23:00:00+0200,53781.5,MW,FR,FR,actual_load,Actual Load,2026-07-05T12:20:00Z
2026-07-05T12:19:30Z,2026-07-05T14:19:30+0200,4432c355-9488-4e0d-b987-b7dab09a434c,2026-06-23T21:15:00Z,2026-06-23T23:15:00+0200,52491.37,MW,FR,FR,actual_load,Actual Load,2026-07-05T12:20:00Z
2026-07-05T12:19:30Z,2026-07-05T14:19:30+0200,4432c355-9488-4e0d-b987-b7dab09a434c,2026-06-23T21:30:00Z,2026-06-23T23:30:00+0200,52454.3,MW,FR,FR,actual_load,Actual Load,2026-07-05T12:20:00Z
2026-07-05T12:19:30Z,2026-07-05T14:19:30+0200,4432c355-9488-4e0d-b987-b7dab09a434c,2026-06-23T21:45:00Z,2026-06-23T23:45:00+0200,51131.03,MW,FR,FR,actual_load,Actual Load,2026-07-05T12:20:00Z
2026-07-05T12:19:30Z,2026-07-05T14:19:30+0200,4432c355-9488-4e0d-b987-b7dab09a434c,2026-06-23T22:00:00Z,2026-06-24T00:00:00+0200,50792.39,MW,FR,FR,actual_load,Actual Load,2026-07-05T12:20:00Z
2026-07-05T12:19:30Z,2026-07-05T14:19:30+0200,4432c355-9488-4e0d-b987-b7dab09a434c,2026-06-23T22:15:00Z,2026-06-24T00:15:00+0200,49334.41,MW,FR,FR,actual_load,Actual Load,2026-07-05T12:20:00Z
2026-07-05T12:19:30Z,2026-07-05T14:19:30+0200,4432c355-9488-4e0d-b987-b7dab09a434c,2026-06-23T22:30:00Z,2026-06-24T00:30:00+0200,47702.54,MW,FR,FR,actual_load,Actual Load,2026-07-05T12:20:00Z
2026-07-05T12:19:30Z,2026-07-05T14:19:30+0200,4432c355-9488-4e0d-b987-b7dab09a434c,2026-06-23T22:45:00Z,2026-06-24T00:45:00+0200,46610.48,MW,FR,FR,actual_load,Actual Load,2026-07-05T12:20:00Z
2026-07-05T12:19:30Z,2026-07-05T14:19:30+0200,4432c355-9488-4e0d-b987-b7dab09a434c,2026-06-23T23:00:00Z,2026-06-24T01:00:00+0200,46816.87,MW,FR,FR,actual_load,Actual Load,2026-07-05T12:20:00Z
2026-07-05T12:19:30Z,2026-07-05T14:19:30+0200,4432c355-9488-4e0d-b987-b7dab09a434c,2026-06-23T23:15:00Z,2026-06-24T01:15:00+0200,46098.02,MW,FR,FR,actual_load,Actual Load,2026-07-05T12:20:00Z
2026-07-05T12:19:30Z,2026-07-05T14:19:30+0200,4432c355-9488-4e0d-b987-b7dab09a434c,2026-06-23T23:30:00Z,2026-06-24T01:30:00+0200,45660.02,MW,FR,FR,actual_load,Actual Load,2026-07-05T12:20:00Z
2026-07-05T12:19:30Z,2026-07-05T14:19:30+0200,4432c355-9488-4e0d-b987-b7dab09a434c,2026-06-23T23:45:00Z,2026-06-24T01:45:00+0200,44856.12,MW,FR,FR,actual_load,Actual Load,2026-07-05T12:20:00Z
2026-07-05T12:19:30Z,2026-07-05T14:19:30+0200,4432c355-9488-4e0d-b987-b7dab09a434c,2026-06-24T00:00:00Z,2026-06-24T02:00:00+0200,44590.74,MW,FR,FR,actual_load,Actual Load,2026-07-05T12:20:00Z
2026-07-05T12:19:30Z,2026-07-05T14:19:30+0200,4432c355-9488-4e0d-b987-b7dab09a434c,2026-06-24T00:15:00Z,2026-06-24T02:15:00+0200,43706.72,MW,FR,FR,actual_load,Actual Load,2026-07-05T12:20:00Z
2026-07-05T12:19:30Z,2026-07-05T14:19:30+0200,4432c355-9488-4e0d-b987-b7dab09a434c,2026-06-24T00:30:00Z,2026-06-24T02:30:00+0200,43050.96,MW,FR,FR,actual_load,Actual Load,2026-07-05T12:20:00Z
2026-07-05T12:19:30Z,2026-07-05T14:19:30+0200,4432c355-9488-4e0d-b987-b7dab09a434c,2026-06-24T00:45:00Z,2026-06-24T02:45:00+0200,42320.91,MW,FR,FR,actual_load,Actual Load,2026-07-05T12:20:00Z
2026-07-05T12:19:30Z,2026-07-05T14:19:30+0200,4432c355-9488-4e0d-b987-b7dab09a434c,2026-06-24T01:00:00Z,2026-06-24T03:00:00+0200,42013.43,MW,FR,FR,actual_load,Actual Load,2026-07-05T12:20:00Z
2026-07-05T12:19:30Z,2026-07-05T14:19:30+0200,4432c355-9488-4e0d-b987-b7dab09a434c,2026-06-24T01:15:00Z,2026-06-24T03:15:00+0200,41568.07,MW,FR,FR,actual_load,Actual Load,2026-07-05T12:20:00Z
2026-07-05T12:19:30Z,2026-07-05T14:19:30+0200,4432c355-9488-4e0d-b987-b7dab09a434c,2026-06-24T01:30:00Z,2026-06-24T03:30:00+0200,41148.62,MW,FR,FR,actual_load,Actual Load,2026-07-05T12:20:00Z
2026-07-05T12:19:30Z,2026-07-05T14:19:30+0200,4432c355-9488-4e0d-b987-b7dab09a434c,2026-06-24T01:45:00Z,2026-06-24T03:45:00+0200,40959.02,MW,FR,FR,actual_load,Actual Load,2026-07-05T12:20:00Z
2026-07-05T12:19:30Z,2026-07-05T14:19:30+0200,4432c355-9488-4e0d-b987-b7dab09a434c,2026-06-24T02:00:00Z,2026-06-24T04:00:00+0200,40956.44,MW,FR,FR,actual_load,Actual Load,2026-07-05T12:20:00Z
2026-07-05T12:19:30Z,2026-07-05T14:19:30+0200,4432c355-9488-4e0d-b987-b7dab09a434c,2026-06-24T02:15:00Z,2026-06-24T04:15:00+0200,40822.65,MW,FR,FR,actual_load,Actual Load,2026-07-05T12:20:00Z
2026-07-05T12:19:30Z,2026-07-05T14:19:30+0200,4432c355-9488-4e0d-b987-b7dab09a434c,2026-06-24T02:30:00Z,2026-06-24T04:30:00+0200,40797.46,MW,FR,FR,actual_load,Actual Load,2026-07-05T12:20:00Z
2026-07-05T12:19:30Z,2026-07-05T14:19:30+0200,4432c355-9488-4e0d-b987-b7dab09a434c,2026-06-24T02:45:00Z,2026-06-24T04:45:00+0200,40902.94,MW,FR,FR,actual_load,Actual Load,2026-07-05T12:20:00Z
2026-07-05T12:19:30Z,2026-07-05T14:19:30+0200,4432c355-9488-4e0d-b987-b7dab09a434c,2026-06-24T03:00:00Z,2026-06-24T05:00:00+0200,41711.9,MW,FR,FR,actual_load,Actual Load,2026-07-05T12:20:00Z
2026-07-05T12:19:30Z,2026-07-05T14:19:30+0200,4432c355-9488-4e0d-b987-b7dab09a434c,2026-06-24T03:15:00Z,2026-06-24T05:15:00+0200,41975.99,MW,FR,FR,actual_load,Actual Load,2026-07-05T12:20:00Z
2026-07-05T12:19:30Z,2026-07-05T14:19:30+0200,4432c355-9488-4e0d-b987-b7dab09a434c,2026-06-24T03:30:00Z,2026-06-24T05:30:00+0200,42262.78,MW,FR,FR,actual_load,Actual Load,2026-07-05T12:20:00Z
2026-07-05T12:19:30Z,2026-07-05T14:19:30+0200,4432c355-9488-4e0d-b987-b7dab09a434c,2026-06-24T03:45:00Z,2026-06-24T05:45:00+0200,42695.44,MW,FR,FR,actual_load,Actual Load,2026-07-05T12:20:00Z
2026-07-05T12:19:30Z,2026-07-05T14:19:30+0200,4432c355-9488-4e0d-b987-b7dab09a434c,2026-06-24T04:00:00Z,2026-06-24T06:00:00+0200,43833.36,MW,FR,FR,actual_load,Actual Load,2026-07-05T12:20:00Z
2026-07-05T12:19:30Z,2026-07-05T14:19:30+0200,4432c355-9488-4e0d-b987-b7dab09a434c,2026-06-24T04:15:00Z,2026-06-24T06:15:00+0200,44413.27,MW,FR,FR,actual_load,Actual Load,2026-07-05T12:20:00Z
2026-07-05T12:19:30Z,2026-07-05T14:19:30+0200,4432c355-9488-4e0d-b987-b7dab09a434c,2026-06-24T04:30:00Z,2026-06-24T06:30:00+0200,45054.28,MW,FR,FR,actual_load,Actual Load,2026-07-05T12:20:00Z
2026-07-05T12:19:30Z,2026-07-05T14:19:30+0200,4432c355-9488-4e0d-b987-b7dab09a434c,2026-06-24T04:45:00Z,2026-06-24T06:45:00+0200,45699.09,MW,FR,FR,actual_load,Actual Load,2026-07-05T12:20:00Z
2026-07-05T12:19:30Z,2026-07-05T14:19:30+0200,4432c355-9488-4e0d-b987-b7dab09a434c,2026-06-24T05:00:00Z,2026-06-24T07:00:00+0200,46601.18,MW,FR,FR,actual_load,Actual Load,2026-07-05T12:20:00Z
2026-07-05T12:19:30Z,2026-07-05T14:19:30+0200,4432c355-9488-4e0d-b987-b7dab09a434c,2026-06-24T05:15:00Z,2026-06-24T07:15:00+0200,47323.76,MW,FR,FR,actual_load,Actual Load,2026-07-05T12:20:00Z
2026-07-05T12:19:30Z,2026-07-05T14:19:30+0200,4432c355-9488-4e0d-b987-b7dab09a434c,2026-06-24T05:30:00Z,2026-06-24T07:30:00+0200,48216.12,MW,FR,FR,actual_load,Actual Load,2026-07-05T12:20:00Z
2026-07-05T12:19:30Z,2026-07-05T14:19:30+0200,4432c355-9488-4e0d-b987-b7dab09a434c,2026-06-24T05:45:00Z,2026-06-24T07:45:00+0200,49001.24,MW,FR,FR,actual_load,Actual Load,2026-07-05T12:20:00Z
2026-07-05T12:19:30Z,2026-07-05T14:19:30+0200,4432c355-9488-4e0d-b987-b7dab09a434c,2026-06-24T06:00:00Z,2026-06-24T08:00:00+0200,49765.96,MW,FR,FR,actual_load,Actual Load,2026-07-05T12:20:00Z
2026-07-05T12:19:30Z,2026-07-05T14:19:30+0200,4432c355-9488-4e0d-b987-b7dab09a434c,2026-06-24T06:15:00Z,2026-06-24T08:15:00+0200,50492.11,MW,FR,FR,actual_load,Actual Load,2026-07-05T12:20:00Z
2026-07-05T12:19:30Z,2026-07-05T14:19:30+0200,4432c355-9488-4e0d-b987-b7dab09a434c,2026-06-24T06:30:00Z,2026-06-24T08:30:00+0200,51345.44,MW,FR,FR,actual_load,Actual Load,2026-07-05T12:20:00Z
2026-07-05T12:19:30Z,2026-07-05T14:19:30+0200,4432c355-9488-4e0d-b987-b7dab09a434c,2026-06-24T06:45:00Z,2026-06-24T08:45:00+0200,52183.68,MW,FR,FR,actual_load,Actual Load,2026-07-05T12:20:00Z
2026-07-05T12:19:30Z,2026-07-05T14:19:30+0200,4432c355-9488-4e0d-b987-b7dab09a434c,2026-06-24T07:00:00Z,2026-06-24T09:00:00+0200,52771.02,MW,FR,FR,actual_load,Actual Load,2026-07-05T12:20:00Z
2026-07-05T12:19:30Z,2026-07-05T14:19:30+0200,4432c355-9488-4e0d-b987-b7dab09a434c,2026-06-24T07:15:00Z,2026-06-24T09:15:00+0200,53312.17,MW,FR,FR,actual_load,Actual Load,2026-07-05T12:20:00Z
2026-07-05T12:19:30Z,2026-07-05T14:19:30+0200,4432c355-9488-4e0d-b987-b7dab09a434c,2026-06-24T07:30:00Z,2026-06-24T09:30:00+0200,53955.51,MW,FR,FR,actual_load,Actual Load,2026-07-05T12:20:00Z
2026-07-05T12:19:30Z,2026-07-05T14:19:30+0200,4432c355-9488-4e0d-b987-b7dab09a434c,2026-06-24T07:45:00Z,2026-06-24T09:45:00+0200,54447.51,MW,FR,FR,actual_load,Actual Load,2026-07-05T12:20:00Z
2026-07-05T12:19:30Z,2026-07-05T14:19:30+0200,4432c355-9488-4e0d-b987-b7dab09a434c,2026-06-24T08:00:00Z,2026-06-24T10:00:00+0200,54856.03,MW,FR,FR,actual_load,Actual Load,2026-07-05T12:20:00Z
2026-07-05T12:19:30Z,2026-07-05T14:19:30+0200,4432c355-9488-4e0d-b987-b7dab09a434c,2026-06-24T08:15:00Z,2026-06-24T10:15:00+0200,55223.56,MW,FR,FR,actual_load,Actual Load,2026-07-05T12:20:00Z
2026-07-05T12:19:30Z,2026-07-05T14:19:30+0200,4432c355-9488-4e0d-b987-b7dab09a434c,2026-06-24T08:30:00Z,2026-06-24T10:30:00+0200,55625.19,MW,FR,FR,actual_load,Actual Load,2026-07-05T12:20:00Z
2026-07-05T12:19:30Z,2026-07-05T14:19:30+0200,4432c355-9488-4e0d-b987-b7dab09a434c,2026-06-24T08:45:00Z,2026-06-24T10:45:00+0200,56069.47,MW,FR,FR,actual_load,Actual Load,2026-07-05T12:20:00Z
2026-07-05T12:19:30Z,2026-07-05T14:19:30+0200,4432c355-9488-4e0d-b987-b7dab09a434c,2026-06-24T09:00:00Z,2026-06-24T11:00:00+0200,56189.16,MW,FR,FR,actual_load,Actual Load,2026-07-05T12:20:00Z
2026-07-05T12:19:30Z,2026-07-05T14:19:30+0200,4432c355-9488-4e0d-b987-b7dab09a434c,2026-06-24T09:15:00Z,2026-06-24T11:15:00+0200,56508.14,MW,FR,FR,actual_load,Actual Load,2026-07-05T12:20:00Z
2026-07-05T12:19:30Z,2026-07-05T14:19:30+0200,4432c355-9488-4e0d-b987-b7dab09a434c,2026-06-24T09:30:00Z,2026-06-24T11:30:00+0200,56854.51,MW,FR,FR,actual_load,Actual Load,2026-07-05T12:20:00Z
2026-07-05T12:19:30Z,2026-07-05T14:19:30+0200,4432c355-9488-4e0d-b987-b7dab09a434c,2026-06-24T09:45:00Z,2026-06-24T11:45:00+0200,57340.48,MW,FR,FR,actual_load,Actual Load,2026-07-05T12:20:00Z
2026-07-05T12:19:30Z,2026-07-05T14:19:30+0200,4432c355-9488-4e0d-b987-b7dab09a434c,2026-06-24T10:00:00Z,2026-06-24T12:00:00+0200,57815.75,MW,FR,FR,actual_load,Actual Load,2026-07-05T12:20:00Z
2026-07-05T12:19:30Z,2026-07-05T14:19:30+0200,4432c355-9488-4e0d-b987-b7dab09a434c,2026-06-24T10:15:00Z,2026-06-24T12:15:00+0200,57901.44,MW,FR,FR,actual_load,Actual Load,2026-07-05T12:20:00Z
2026-07-05T12:19:30Z,2026-07-05T14:19:30+0200,4432c355-9488-4e0d-b987-b7dab09a434c,2026-06-24T10:30:00Z,2026-06-24T12:30:00+0200,58645.89,MW,FR,FR,actual_load,Actual Load,2026-07-05T12:20:00Z
2026-07-05T12:19:30Z,2026-07-05T14:19:30+0200,4432c355-9488-4e0d-b987-b7dab09a434c,2026-06-24T10:45:00Z,2026-06-24T12:45:00+0200,58267.36,MW,FR,FR,actual_load,Actual Load,2026-07-05T12:20:00Z
2026-07-05T12:19:30Z,2026-07-05T14:19:30+0200,4432c355-9488-4e0d-b987-b7dab09a434c,2026-06-24T11:00:00Z,2026-06-24T13:00:00+0200,57944.44,MW,FR,FR,actual_load,Actual Load,2026-07-05T12:20:00Z
2026-07-05T12:19:30Z,2026-07-05T14:19:30+0200,4432c355-9488-4e0d-b987-b7dab09a434c,2026-06-24T11:15:00Z,2026-06-24T13:15:00+0200,57764.27,MW,FR,FR,actual_load,Actual Load,2026-07-05T12:20:00Z
2026-07-05T12:19:30Z,2026-07-05T14:19:30+0200,4432c355-9488-4e0d-b987-b7dab09a434c,2026-06-24T11:30:00Z,2026-06-24T13:30:00+0200,57735.79,MW,FR,FR,actual_load,Actual Load,2026-07-05T12:20:00Z
2026-07-05T12:19:30Z,2026-07-05T14:19:30+0200,4432c355-9488-4e0d-b987-b7dab09a434c,2026-06-24T11:45:00Z,2026-06-24T13:45:00+0200,57933.48,MW,FR,FR,actual_load,Actual Load,2026-07-05T12:20:00Z
2026-07-05T12:19:30Z,2026-07-05T14:19:30+0200,4432c355-9488-4e0d-b987-b7dab09a434c,2026-06-24T12:00:00Z,2026-06-24T14:00:00+0200,58757.44,MW,FR,FR,actual_load,Actual Load,2026-07-05T12:20:00Z
2026-07-05T12:19:30Z,2026-07-05T14:19:30+0200,4432c355-9488-4e0d-b987-b7dab09a434c,2026-06-24T12:15:00Z,2026-06-24T14:15:00+0200,58779.0,MW,FR,FR,actual_load,Actual Load,2026-07-05T12:20:00Z
2026-07-05T12:19:30Z,2026-07-05T14:19:30+0200,4432c355-9488-4e0d-b987-b7dab09a434c,2026-06-24T12:30:00Z,2026-06-24T14:30:00+0200,58683.85,MW,FR,FR,actual_load,Actual Load,2026-07-05T12:20:00Z
2026-07-05T12:19:30Z,2026-07-05T14:19:30+0200,4432c355-9488-4e0d-b987-b7dab09a434c,2026-06-24T12:45:00Z,2026-06-24T14:45:00+0200,58350.58,MW,FR,FR,actual_load,Actual Load,2026-07-05T12:20:00Z
2026-07-05T12:19:30Z,2026-07-05T14:19:30+0200,4432c355-9488-4e0d-b987-b7dab09a434c,2026-06-24T13:00:00Z,2026-06-24T15:00:00+0200,58106.46,MW,FR,FR,actual_load,Actual Load,2026-07-05T12:20:00Z
2026-07-05T12:19:30Z,2026-07-05T14:19:30+0200,4432c355-9488-4e0d-b987-b7dab09a434c,2026-06-24T13:15:00Z,2026-06-24T15:15:00+0200,57750.58,MW,FR,FR,actual_load,Actual Load,2026-07-05T12:20:00Z
2026-07-05T12:19:30Z,2026-07-05T14:19:30+0200,4432c355-9488-4e0d-b987-b7dab09a434c,2026-06-24T13:30:00Z,2026-06-24T15:30:00+0200,57201.54,MW,FR,FR,actual_load,Actual Load,2026-07-05T12:20:00Z
2026-07-05T12:19:30Z,2026-07-05T14:19:30+0200,4432c355-9488-4e0d-b987-b7dab09a434c,2026-06-24T13:45:00Z,2026-06-24T15:45:00+0200,56754.04,MW,FR,FR,actual_load,Actual Load,2026-07-05T12:20:00Z
2026-07-05T12:19:30Z,2026-07-05T14:19:30+0200,4432c355-9488-4e0d-b987-b7dab09a434c,2026-06-24T14:00:00Z,2026-06-24T16:00:00+0200,56701.45,MW,FR,FR,actual_load,Actual Load,2026-07-05T12:20:00Z
2026-07-05T12:19:30Z,2026-07-05T14:19:30+0200,4432c355-9488-4e0d-b987-b7dab09a434c,2026-06-24T14:15:00Z,2026-06-24T16:15:00+0200,56401.94,MW,FR,FR,actual_load,Actual Load,2026-07-05T12:20:00Z
2026-07-05T12:19:30Z,2026-07-05T14:19:30+0200,4432c355-9488-4e0d-b987-b7dab09a434c,2026-06-24T14:30:00Z,2026-06-24T16:30:00+0200,56258.56,MW,FR,FR,actual_load,Actual Load,2026-07-05T12:20:00Z
2026-07-05T12:19:30Z,2026-07-05T14:19:30+0200,4432c355-9488-4e0d-b987-b7dab09a434c,2026-06-24T14:45:00Z,2026-06-24T16:45:00+0200,56449.59,MW,FR,FR,actual_load,Actual Load,2026-07-05T12:20:00Z
2026-07-05T12:19:30Z,2026-07-05T14:19:30+0200,4432c355-9488-4e0d-b987-b7dab09a434c,2026-06-24T15:00:00Z,2026-06-24T17:00:00+0200,56475.95,MW,FR,FR,actual_load,Actual Load,2026-07-05T12:20:00Z
2026-07-05T12:19:30Z,2026-07-05T14:19:30+0200,4432c355-9488-4e0d-b987-b7dab09a434c,2026-06-24T15:15:00Z,2026-06-24T17:15:00+0200,56642.17,MW,FR,FR,actual_load,Actual Load,2026-07-05T12:20:00Z
2026-07-05T12:19:30Z,2026-07-05T14:19:30+0200,4432c355-9488-4e0d-b987-b7dab09a434c,2026-06-24T15:30:00Z,2026-06-24T17:30:00+0200,56503.89,MW,FR,FR,actual_load,Actual Load,2026-07-05T12:20:00Z
2026-07-05T12:19:30Z,2026-07-05T14:19:30+0200,4432c355-9488-4e0d-b987-b7dab09a434c,2026-06-24T15:45:00Z,2026-06-24T17:45:00+0200,56754.39,MW,FR,FR,actual_load,Actual Load,2026-07-05T12:20:00Z
2026-07-05T12:19:30Z,2026-07-05T14:19:30+0200,4432c355-9488-4e0d-b987-b7dab09a434c,2026-06-24T16:00:00Z,2026-06-24T18:00:00+0200,56831.26,MW,FR,FR,actual_load,Actual Load,2026-07-05T12:20:00Z
2026-07-05T12:19:30Z,2026-07-05T14:19:30+0200,4432c355-9488-4e0d-b987-b7dab09a434c,2026-06-24T16:15:00Z,2026-06-24T18:15:00+0200,57062.61,MW,FR,FR,actual_load,Actual Load,2026-07-05T12:20:00Z
2026-07-05T12:19:30Z,2026-07-05T14:19:30+0200,4432c355-9488-4e0d-b987-b7dab09a434c,2026-06-24T16:30:00Z,2026-06-24T18:30:00+0200,57197.96,MW,FR,FR,actual_load,Actual Load,2026-07-05T12:20:00Z
2026-07-05T12:19:30Z,2026-07-05T14:19:30+0200,4432c355-9488-4e0d-b987-b7dab09a434c,2026-06-24T16:45:00Z,2026-06-24T18:45:00+0200,57522.92,MW,FR,FR,actual_load,Actual Load,2026-07-05T12:20:00Z
2026-07-05T12:19:30Z,2026-07-05T14:19:30+0200,4432c355-9488-4e0d-b987-b7dab09a434c,2026-06-24T17:00:00Z,2026-06-24T19:00:00+0200,57304.92,MW,FR,FR,actual_load,Actual Load,2026-07-05T12:20:00Z
2026-07-05T12:19:30Z,2026-07-05T14:19:30+0200,4432c355-9488-4e0d-b987-b7dab09a434c,2026-06-24T17:15:00Z,2026-06-24T19:15:00+0200,57309.16,MW,FR,FR,actual_load,Actual Load,2026-07-05T12:20:00Z
2026-07-05T12:19:30Z,2026-07-05T14:19:30+0200,4432c355-9488-4e0d-b987-b7dab09a434c,2026-06-24T17:30:00Z,2026-06-24T19:30:00+0200,57182.05,MW,FR,FR,actual_load,Actual Load,2026-07-05T12:20:00Z
2026-07-05T12:19:30Z,2026-07-05T14:19:30+0200,4432c355-9488-4e0d-b987-b7dab09a434c,2026-06-24T17:45:00Z,2026-06-24T19:45:00+0200,57102.25,MW,FR,FR,actual_load,Actual Load,2026-07-05T12:20:00Z
2026-07-05T12:19:30Z,2026-07-05T14:19:30+0200,4432c355-9488-4e0d-b987-b7dab09a434c,2026-06-24T18:00:00Z,2026-06-24T20:00:00+0200,56437.03,MW,FR,FR,actual_load,Actual Load,2026-07-05T12:20:00Z
2026-07-05T12:19:30Z,2026-07-05T14:19:30+0200,4432c355-9488-4e0d-b987-b7dab09a434c,2026-06-24T18:15:00Z,2026-06-24T20:15:00+0200,55870.7,MW,FR,FR,actual_load,Actual Load,2026-07-05T12:20:00Z
2026-07-05T12:19:30Z,2026-07-05T14:19:30+0200,4432c355-9488-4e0d-b987-b7dab09a434c,2026-06-24T18:30:00Z,2026-06-24T20:30:00+0200,55181.12,MW,FR,FR,actual_load,Actual Load,2026-07-05T12:20:00Z
2026-07-05T12:19:30Z,2026-07-05T14:19:30+0200,4432c355-9488-4e0d-b987-b7dab09a434c,2026-06-24T18:45:00Z,2026-06-24T20:45:00+0200,54522.8,MW,FR,FR,actual_load,Actual Load,2026-07-05T12:20:00Z
2026-07-05T12:19:30Z,2026-07-05T14:19:30+0200,4432c355-9488-4e0d-b987-b7dab09a434c,2026-06-24T19:00:00Z,2026-06-24T21:00:00+0200,54362.39,MW,FR,FR,actual_load,Actual Load,2026-07-05T12:20:00Z
2026-07-05T12:19:30Z,2026-07-05T14:19:30+0200,4432c355-9488-4e0d-b987-b7dab09a434c,2026-06-24T19:15:00Z,2026-06-24T21:15:00+0200,53538.52,MW,FR,FR,actual_load,Actual Load,2026-07-05T12:20:00Z
2026-07-05T12:19:30Z,2026-07-05T14:19:30+0200,4432c355-9488-4e0d-b987-b7dab09a434c,2026-06-24T19:30:00Z,2026-06-24T21:30:00+0200,53253.01,MW,FR,FR,actual_load,Actual Load,2026-07-05T12:20:00Z
2026-07-05T12:19:30Z,2026-07-05T14:19:30+0200,4432c355-9488-4e0d-b987-b7dab09a434c,2026-06-24T19:45:00Z,2026-06-24T21:45:00+0200,53042.36,MW,FR,FR,actual_load,Actual Load,2026-07-05T12:20:00Z
2026-07-05T12:19:30Z,2026-07-05T14:19:30+0200,4432c355-9488-4e0d-b987-b7dab09a434c,2026-06-24T20:00:00Z,2026-06-24T22:00:00+0200,54273.18,MW,FR,FR,actual_load,Actual Load,2026-07-05T12:20:00Z
2026-07-05T12:19:30Z,2026-07-05T14:19:30+0200,4432c355-9488-4e0d-b987-b7dab09a434c,2026-06-24T20:15:00Z,2026-06-24T22:15:00+0200,54611.6,MW,FR,FR,actual_load,Actual Load,2026-07-05T12:20:00Z
2026-07-05T12:19:30Z,2026-07-05T14:19:30+0200,4432c355-9488-4e0d-b987-b7dab09a434c,2026-06-24T20:30:00Z,2026-06-24T22:30:00+0200,55558.25,MW,FR,FR,actual_load,Actual Load,2026-07-05T12:20:00Z
2026-07-05T12:19:30Z,2026-07-05T14:19:30+0200,4432c355-9488-4e0d-b987-b7dab09a434c,2026-06-24T20:45:00Z,2026-06-24T22:45:00+0200,54807.06,MW,FR,FR,actual_load,Actual Load,2026-07-05T12:20:00Z
2026-07-05T12:19:30Z,2026-07-05T14:19:30+0200,4432c355-9488-4e0d-b987-b7dab09a434c,2026-06-24T21:00:00Z,2026-06-24T23:00:00+0200,54084.5,MW,FR,FR,actual_load,Actual Load,2026-07-05T12:20:00Z
2026-07-05T12:19:30Z,2026-07-05T14:19:30+0200,4432c355-9488-4e0d-b987-b7dab09a434c,2026-06-24T21:15:00Z,2026-06-24T23:15:00+0200,52974.34,MW,FR,FR,actual_load,Actual Load,2026-07-05T12:20:00Z
2026-07-05T12:19:30Z,2026-07-05T14:19:30+0200,4432c355-9488-4e0d-b987-b7dab09a434c,2026-06-24T21:30:00Z,2026-06-24T23:30:00+0200,52901.68,MW,FR,FR,actual_load,Actual Load,2026-07-05T12:20:00Z
2026-07-05T12:19:30Z,2026-07-05T14:19:30+0200,4432c355-9488-4e0d-b987-b7dab09a434c,2026-06-24T21:45:00Z,2026-06-24T23:45:00+0200,51647.01,MW,FR,FR,actual_load,Actual Load,2026-07-05T12:20:00Z
2026-07-05T12:19:30Z,2026-07-05T14:19:30+0200,4432c355-9488-4e0d-b987-b7dab09a434c,2026-06-24T22:00:00Z,2026-06-25T00:00:00+0200,51105.81,MW,FR,FR,actual_load,Actual Load,2026-07-05T12:20:00Z
2026-07-05T12:19:30Z,2026-07-05T14:19:30+0200,4432c355-9488-4e0d-b987-b7dab09a434c,2026-06-24T22:15:00Z,2026-06-25T00:15:00+0200,49579.34,MW,FR,FR,actual_load,Actual Load,2026-07-05T12:20:00Z
2026-07-05T12:19:30Z,2026-07-05T14:19:30+0200,4432c355-9488-4e0d-b987-b7dab09a434c,2026-06-24T22:30:00Z,2026-06-25T00:30:00+0200,48344.76,MW,FR,FR,actual_load,Actual Load,2026-07-05T12:20:00Z
2026-07-05T12:19:30Z,2026-07-05T14:19:30+0200,4432c355-9488-4e0d-b987-b7dab09a434c,2026-06-24T22:45:00Z,2026-06-25T00:45:00+0200,47654.3,MW,FR,FR,actual_load,Actual Load,2026-07-05T12:20:00Z
2026-07-05T12:19:30Z,2026-07-05T14:19:30+0200,4432c355-9488-4e0d-b987-b7dab09a434c,2026-06-24T23:00:00Z,2026-06-25T01:00:00+0200,47989.39,MW,FR,FR,actual_load,Actual Load,2026-07-05T12:20:00Z
2026-07-05T12:19:30Z,2026-07-05T14:19:30+0200,4432c355-9488-4e0d-b987-b7dab09a434c,2026-06-24T23:15:00Z,2026-06-25T01:15:00+0200,47348.23,MW,FR,FR,actual_load,Actual Load,2026-07-05T12:20:00Z
2026-07-05T12:19:30Z,2026-07-05T14:19:30+0200,4432c355-9488-4e0d-b987-b7dab09a434c,2026-06-24T23:30:00Z,2026-06-25T01:30:00+0200,47222.96,MW,FR,FR,actual_load,Actual Load,2026-07-05T12:20:00Z
2026-07-05T12:19:30Z,2026-07-05T14:19:30+0200,4432c355-9488-4e0d-b987-b7dab09a434c,2026-06-24T23:45:00Z,2026-06-25T01:45:00+0200,46405.41,MW,FR,FR,actual_load,Actual Load,2026-07-05T12:20:00Z
2026-07-05T12:19:30Z,2026-07-05T14:19:30+0200,4432c355-9488-4e0d-b987-b7dab09a434c,2026-06-25T00:00:00Z,2026-06-25T02:00:00+0200,45970.23,MW,FR,FR,actual_load,Actual Load,2026-07-05T12:20:00Z
2026-07-05T12:19:30Z,2026-07-05T14:19:30+0200,4432c355-9488-4e0d-b987-b7dab09a434c,2026-06-25T00:15:00Z,2026-06-25T02:15:00+0200,45122.18,MW,FR,FR,actual_load,Actual Load,2026-07-05T12:20:00Z
2026-07-05T12:19:30Z,2026-07-05T14:19:30+0200,4432c355-9488-4e0d-b987-b7dab09a434c,2026-06-25T00:30:00Z,2026-06-25T02:30:00+0200,44292.92,MW,FR,FR,actual_load,Actual Load,2026-07-05T12:20:00Z
2026-07-05T12:19:30Z,2026-07-05T14:19:30+0200,4432c355-9488-4e0d-b987-b7dab09a434c,2026-06-25T00:45:00Z,2026-06-25T02:45:00+0200,43477.19,MW,FR,FR,actual_load,Actual Load,2026-07-05T12:20:00Z
2026-07-05T12:19:30Z,2026-07-05T14:19:30+0200,4432c355-9488-4e0d-b987-b7dab09a434c,2026-06-25T01:00:00Z,2026-06-25T03:00:00+0200,42933.48,MW,FR,FR,actual_load,Actual Load,2026-07-05T12:20:00Z
2026-07-05T12:19:30Z,2026-07-05T14:19:30+0200,4432c355-9488-4e0d-b987-b7dab09a434c,2026-06-25T01:15:00Z,2026-06-25T03:15:00+0200,42607.22,MW,FR,FR,actual_load,Actual Load,2026-07-05T12:20:00Z
2026-07-05T12:19:30Z,2026-07-05T14:19:30+0200,4432c355-9488-4e0d-b987-b7dab09a434c,2026-06-25T01:30:00Z,2026-06-25T03:30:00+0200,42205.64,MW,FR,FR,actual_load,Actual Load,2026-07-05T12:20:00Z
2026-07-05T12:19:30Z,2026-07-05T14:19:30+0200,4432c355-9488-4e0d-b987-b7dab09a434c,2026-06-25T01:45:00Z,2026-06-25T03:45:00+0200,42028.03,MW,FR,FR,actual_load,Actual Load,2026-07-05T12:20:00Z
2026-07-05T12:19:30Z,2026-07-05T14:19:30+0200,4432c355-9488-4e0d-b987-b7dab09a434c,2026-06-25T02:00:00Z,2026-06-25T04:00:00+0200,42000.18,MW,FR,FR,actual_load,Actual Load,2026-07-05T12:20:00Z
2026-07-05T12:19:30Z,2026-07-05T14:19:30+0200,4432c355-9488-4e0d-b987-b7dab09a434c,2026-06-25T02:15:00Z,2026-06-25T04:15:00+0200,41761.54,MW,FR,FR,actual_load,Actual Load,2026-07-05T12:20:00Z
2026-07-05T12:19:30Z,2026-07-05T14:19:30+0200,4432c355-9488-4e0d-b987-b7dab09a434c,2026-06-25T02:30:00Z,2026-06-25T04:30:00+0200,41719.36,MW,FR,FR,actual_load,Actual Load,2026-07-05T12:20:00Z
2026-07-05T12:19:30Z,2026-07-05T14:19:30+0200,4432c355-9488-4e0d-b987-b7dab09a434c,2026-06-25T02:45:00Z,2026-06-25T04:45:00+0200,41819.13,MW,FR,FR,actual_load,Actual Load,2026-07-05T12:20:00Z
2026-07-05T12:19:30Z,2026-07-05T14:19:30+0200,4432c355-9488-4e0d-b987-b7dab09a434c,2026-06-25T03:00:00Z,2026-06-25T05:00:00+0200,42798.91,MW,FR,FR,actual_load,Actual Load,2026-07-05T12:20:00Z
2026-07-05T12:19:30Z,2026-07-05T14:19:30+0200,4432c355-9488-4e0d-b987-b7dab09a434c,2026-06-25T03:15:00Z,2026-06-25T05:15:00+0200,43171.04,MW,FR,FR,actual_load,Actual Load,2026-07-05T12:20:00Z
2026-07-05T12:19:30Z,2026-07-05T14:19:30+0200,4432c355-9488-4e0d-b987-b7dab09a434c,2026-06-25T03:30:00Z,2026-06-25T05:30:00+0200,43366.3,MW,FR,FR,actual_load,Actual Load,2026-07-05T12:20:00Z
2026-07-05T12:19:30Z,2026-07-05T14:19:30+0200,4432c355-9488-4e0d-b987-b7dab09a434c,2026-06-25T03:45:00Z,2026-06-25T05:45:00+0200,43763.28,MW,FR,FR,actual_load,Actual Load,2026-07-05T12:20:00Z
2026-07-05T12:19:30Z,2026-07-05T14:19:30+0200,4432c355-9488-4e0d-b987-b7dab09a434c,2026-06-25T04:00:00Z,2026-06-25T06:00:00+0200,44846.5,MW,FR,FR,actual_load,Actual Load,2026-07-05T12:20:00Z
2026-07-05T12:19:30Z,2026-07-05T14:19:30+0200,4432c355-9488-4e0d-b987-b7dab09a434c,2026-06-25T04:15:00Z,2026-06-25T06:15:00+0200,45639.46,MW,FR,FR,actual_load,Actual Load,2026-07-05T12:20:00Z
2026-07-05T12:19:30Z,2026-07-05T14:19:30+0200,4432c355-9488-4e0d-b987-b7dab09a434c,2026-06-25T04:30:00Z,2026-06-25T06:30:00+0200,46267.98,MW,FR,FR,actual_load,Actual Load,2026-07-05T12:20:00Z
2026-07-05T12:19:30Z,2026-07-05T14:19:30+0200,4432c355-9488-4e0d-b987-b7dab09a434c,2026-06-25T04:45:00Z,2026-06-25T06:45:00+0200,46975.38,MW,FR,FR,actual_load,Actual Load,2026-07-05T12:20:00Z
2026-07-05T12:19:30Z,2026-07-05T14:19:30+0200,4432c355-9488-4e0d-b987-b7dab09a434c,2026-06-25T05:00:00Z,2026-06-25T07:00:00+0200,47767.23,MW,FR,FR,actual_load,Actual Load,2026-07-05T12:20:00Z
2026-07-05T12:19:30Z,2026-07-05T14:19:30+0200,4432c355-9488-4e0d-b987-b7dab09a434c,2026-06-25T05:15:00Z,2026-06-25T07:15:00+0200,48649.47,MW,FR,FR,actual_load,Actual Load,2026-07-05T12:20:00Z
2026-07-05T12:19:30Z,2026-07-05T14:19:30+0200,4432c355-9488-4e0d-b987-b7dab09a434c,2026-06-25T05:30:00Z,2026-06-25T07:30:00+0200,49269.64,MW,FR,FR,actual_load,Actual Load,2026-07-05T12:20:00Z
2026-07-05T12:19:30Z,2026-07-05T14:19:30+0200,4432c355-9488-4e0d-b987-b7dab09a434c,2026-06-25T05:45:00Z,2026-06-25T07:45:00+0200,50087.84,MW,FR,FR,actual_load,Actual Load,2026-07-05T12:20:00Z
2026-07-05T12:19:30Z,2026-07-05T14:19:30+0200,4432c355-9488-4e0d-b987-b7dab09a434c,2026-06-25T06:00:00Z,2026-06-25T08:00:00+0200,50891.91,MW,FR,FR,actual_load,Actual Load,2026-07-05T12:20:00Z
2026-07-05T12:19:30Z,2026-07-05T14:19:30+0200,4432c355-9488-4e0d-b987-b7dab09a434c,2026-06-25T06:15:00Z,2026-06-25T08:15:00+0200,51510.03,MW,FR,FR,actual_load,Actual Load,2026-07-05T12:20:00Z
2026-07-05T12:19:30Z,2026-07-05T14:19:30+0200,4432c355-9488-4e0d-b987-b7dab09a434c,2026-06-25T06:30:00Z,2026-06-25T08:30:00+0200,51990.34,MW,FR,FR,actual_load,Actual Load,2026-07-05T12:20:00Z
2026-07-05T12:19:30Z,2026-07-05T14:19:30+0200,4432c355-9488-4e0d-b987-b7dab09a434c,2026-06-25T06:45:00Z,2026-06-25T08:45:00+0200,52851.68,MW,FR,FR,actual_load,Actual Load,2026-07-05T12:20:00Z
2026-07-05T12:19:30Z,2026-07-05T14:19:30+0200,4432c355-9488-4e0d-b987-b7dab09a434c,2026-06-25T07:00:00Z,2026-06-25T09:00:00+0200,53634.49,MW,FR,FR,actual_load,Actual Load,2026-07-05T12:20:00Z
2026-07-05T12:19:30Z,2026-07-05T14:19:30+0200,4432c355-9488-4e0d-b987-b7dab09a434c,2026-06-25T07:15:00Z,2026-06-25T09:15:00+0200,54094.46,MW,FR,FR,actual_load,Actual Load,2026-07-05T12:20:00Z
2026-07-05T12:19:30Z,2026-07-05T14:19:30+0200,4432c355-9488-4e0d-b987-b7dab09a434c,2026-06-25T07:30:00Z,2026-06-25T09:30:00+0200,54395.05,MW,FR,FR,actual_load,Actual Load,2026-07-05T12:20:00Z
2026-07-05T12:19:30Z,2026-07-05T14:19:30+0200,4432c355-9488-4e0d-b987-b7dab09a434c,2026-06-25T07:45:00Z,2026-06-25T09:45:00+0200,55013.52,MW,FR,FR,actual_load,Actual Load,2026-07-05T12:20:00Z
2026-07-05T12:19:30Z,2026-07-05T14:19:30+0200,4432c355-9488-4e0d-b987-b7dab09a434c,2026-06-25T08:00:00Z,2026-06-25T10:00:00+0200,55495.72,MW,FR,FR,actual_load,Actual Load,2026-07-05T12:20:00Z
2026-07-05T12:19:30Z,2026-07-05T14:19:30+0200,4432c355-9488-4e0d-b987-b7dab09a434c,2026-06-25T08:15:00Z,2026-06-25T10:15:00+0200,55840.57,MW,FR,FR,actual_load,Actual Load,2026-07-05T12:20:00Z
2026-07-05T12:19:30Z,2026-07-05T14:19:30+0200,4432c355-9488-4e0d-b987-b7dab09a434c,2026-06-25T08:30:00Z,2026-06-25T10:30:00+0200,56208.23,MW,FR,FR,actual_load,Actual Load,2026-07-05T12:20:00Z
2026-07-05T12:19:30Z,2026-07-05T14:19:30+0200,4432c355-9488-4e0d-b987-b7dab09a434c,2026-06-25T08:45:00Z,2026-06-25T10:45:00+0200,56458.07,MW,FR,FR,actual_load,Actual Load,2026-07-05T12:20:00Z
2026-07-05T12:19:30Z,2026-07-05T14:19:30+0200,4432c355-9488-4e0d-b987-b7dab09a434c,2026-06-25T09:00:00Z,2026-06-25T11:00:00+0200,56677.14,MW,FR,FR,actual_load,Actual Load,2026-07-05T12:20:00Z
2026-07-05T12:19:30Z,2026-07-05T14:19:30+0200,4432c355-9488-4e0d-b987-b7dab09a434c,2026-06-25T09:15:00Z,2026-06-25T11:15:00+0200,56772.74,MW,FR,FR,actual_load,Actual Load,2026-07-05T12:20:00Z
2026-07-05T12:19:30Z,2026-07-05T14:19:30+0200,4432c355-9488-4e0d-b987-b7dab09a434c,2026-06-25T09:30:00Z,2026-06-25T11:30:00+0200,57016.18,MW,FR,FR,actual_load,Actual Load,2026-07-05T12:20:00Z
2026-07-05T12:19:30Z,2026-07-05T14:19:30+0200,4432c355-9488-4e0d-b987-b7dab09a434c,2026-06-25T09:45:00Z,2026-06-25T11:45:00+0200,57267.27,MW,FR,FR,actual_load,Actual Load,2026-07-05T12:20:00Z
2026-07-05T12:19:30Z,2026-07-05T14:19:30+0200,4432c355-9488-4e0d-b987-b7dab09a434c,2026-06-25T10:00:00Z,2026-06-25T12:00:00+0200,57726.63,MW,FR,FR,actual_load,Actual Load,2026-07-05T12:20:00Z
2026-07-05T12:19:30Z,2026-07-05T14:19:30+0200,4432c355-9488-4e0d-b987-b7dab09a434c,2026-06-25T10:15:00Z,2026-06-25T12:15:00+0200,57883.16,MW,FR,FR,actual_load,Actual Load,2026-07-05T12:20:00Z
2026-07-05T12:19:30Z,2026-07-05T14:19:30+0200,4432c355-9488-4e0d-b987-b7dab09a434c,2026-06-25T10:30:00Z,2026-06-25T12:30:00+0200,58428.83,MW,FR,FR,actual_load,Actual Load,2026-07-05T12:20:00Z
2026-07-05T12:19:30Z,2026-07-05T14:19:30+0200,4432c355-9488-4e0d-b987-b7dab09a434c,2026-06-25T10:45:00Z,2026-06-25T12:45:00+0200,57933.1,MW,FR,FR,actual_load,Actual Load,2026-07-05T12:20:00Z
2026-07-05T12:19:30Z,2026-07-05T14:19:30+0200,4432c355-9488-4e0d-b987-b7dab09a434c,2026-06-25T11:00:00Z,2026-06-25T13:00:00+0200,57714.44,MW,FR,FR,actual_load,Actual Load,2026-07-05T12:20:00Z
2026-07-05T12:19:30Z,2026-07-05T14:19:30+0200,4432c355-9488-4e0d-b987-b7dab09a434c,2026-06-25T11:15:00Z,2026-06-25T13:15:00+0200,57518.61,MW,FR,FR,actual_load,Actual Load,2026-07-05T12:20:00Z
2026-07-05T12:19:30Z,2026-07-05T14:19:30+0200,4432c355-9488-4e0d-b987-b7dab09a434c,2026-06-25T11:30:00Z,2026-06-25T13:30:00+0200,57512.06,MW,FR,FR,actual_load,Actual Load,2026-07-05T12:20:00Z
2026-07-05T12:19:30Z,2026-07-05T14:19:30+0200,4432c355-9488-4e0d-b987-b7dab09a434c,2026-06-25T11:45:00Z,2026-06-25T13:45:00+0200,57412.11,MW,FR,FR,actual_load,Actual Load,2026-07-05T12:20:00Z
2026-07-05T12:19:30Z,2026-07-05T14:19:30+0200,4432c355-9488-4e0d-b987-b7dab09a434c,2026-06-25T12:00:00Z,2026-06-25T14:00:00+0200,58648.47,MW,FR,FR,actual_load,Actual Load,2026-07-05T12:20:00Z
2026-07-05T12:19:30Z,2026-07-05T14:19:30+0200,4432c355-9488-4e0d-b987-b7dab09a434c,2026-06-25T12:15:00Z,2026-06-25T14:15:00+0200,58368.39,MW,FR,FR,actual_load,Actual Load,2026-07-05T12:20:00Z
2026-07-05T12:19:30Z,2026-07-05T14:19:30+0200,4432c355-9488-4e0d-b987-b7dab09a434c,2026-06-25T12:30:00Z,2026-06-25T14:30:00+0200,58463.03,MW,FR,FR,actual_load,Actual Load,2026-07-05T12:20:00Z
2026-07-05T12:19:30Z,2026-07-05T14:19:30+0200,4432c355-9488-4e0d-b987-b7dab09a434c,2026-06-25T12:45:00Z,2026-06-25T14:45:00+0200,57984.89,MW,FR,FR,actual_load,Actual Load,2026-07-05T12:20:00Z
2026-07-05T12:19:30Z,2026-07-05T14:19:30+0200,4432c355-9488-4e0d-b987-b7dab09a434c,2026-06-25T13:00:00Z,2026-06-25T15:00:00+0200,57666.12,MW,FR,FR,actual_load,Actual Load,2026-07-05T12:20:00Z
2026-07-05T12:19:30Z,2026-07-05T14:19:30+0200,4432c355-9488-4e0d-b987-b7dab09a434c,2026-06-25T13:15:00Z,2026-06-25T15:15:00+0200,57357.61,MW,FR,FR,actual_load,Actual Load,2026-07-05T12:20:00Z
2026-07-05T12:19:30Z,2026-07-05T14:19:30+0200,4432c355-9488-4e0d-b987-b7dab09a434c,2026-06-25T13:30:00Z,2026-06-25T15:30:00+0200,56992.51,MW,FR,FR,actual_load,Actual Load,2026-07-05T12:20:00Z
2026-07-05T12:19:30Z,2026-07-05T14:19:30+0200,4432c355-9488-4e0d-b987-b7dab09a434c,2026-06-25T13:45:00Z,2026-06-25T15:45:00+0200,56526.03,MW,FR,FR,actual_load,Actual Load,2026-07-05T12:20:00Z
2026-07-05T12:19:30Z,2026-07-05T14:19:30+0200,4432c355-9488-4e0d-b987-b7dab09a434c,2026-06-25T14:00:00Z,2026-06-25T16:00:00+0200,56066.63,MW,FR,FR,actual_load,Actual Load,2026-07-05T12:20:00Z
2026-07-05T12:19:30Z,2026-07-05T14:19:30+0200,4432c355-9488-4e0d-b987-b7dab09a434c,2026-06-25T14:15:00Z,2026-06-25T16:15:00+0200,55873.45,MW,FR,FR,actual_load,Actual Load,2026-07-05T12:20:00Z
2026-07-05T12:19:30Z,2026-07-05T14:19:30+0200,4432c355-9488-4e0d-b987-b7dab09a434c,2026-06-25T14:30:00Z,2026-06-25T16:30:00+0200,55713.08,MW,FR,FR,actual_load,Actual Load,2026-07-05T12:20:00Z
2026-07-05T12:19:30Z,2026-07-05T14:19:30+0200,4432c355-9488-4e0d-b987-b7dab09a434c,2026-06-25T14:45:00Z,2026-06-25T16:45:00+0200,55576.81,MW,FR,FR,actual_load,Actual Load,2026-07-05T12:20:00Z
2026-07-05T12:19:30Z,2026-07-05T14:19:30+0200,4432c355-9488-4e0d-b987-b7dab09a434c,2026-06-25T15:00:00Z,2026-06-25T17:00:00+0200,55320.75,MW,FR,FR,actual_load,Actual Load,2026-07-05T12:20:00Z
2026-07-05T12:19:30Z,2026-07-05T14:19:30+0200,4432c355-9488-4e0d-b987-b7dab09a434c,2026-06-25T15:15:00Z,2026-06-25T17:15:00+0200,55653.95,MW,FR,FR,actual_load,Actual Load,2026-07-05T12:20:00Z
2026-07-05T12:19:30Z,2026-07-05T14:19:30+0200,4432c355-9488-4e0d-b987-b7dab09a434c,2026-06-25T15:30:00Z,2026-06-25T17:30:00+0200,55638.25,MW,FR,FR,actual_load,Actual Load,2026-07-05T12:20:00Z
2026-07-05T12:19:30Z,2026-07-05T14:19:30+0200,4432c355-9488-4e0d-b987-b7dab09a434c,2026-06-25T15:45:00Z,2026-06-25T17:45:00+0200,56142.71,MW,FR,FR,actual_load,Actual Load,2026-07-05T12:20:00Z
2026-07-05T12:19:30Z,2026-07-05T14:19:30+0200,4432c355-9488-4e0d-b987-b7dab09a434c,2026-06-25T16:00:00Z,2026-06-25T18:00:00+0200,56347.89,MW,FR,FR,actual_load,Actual Load,2026-07-05T12:20:00Z
2026-07-05T12:19:30Z,2026-07-05T14:19:30+0200,4432c355-9488-4e0d-b987-b7dab09a434c,2026-06-25T16:15:00Z,2026-06-25T18:15:00+0200,56741.21,MW,FR,FR,actual_load,Actual Load,2026-07-05T12:20:00Z
2026-07-05T12:19:30Z,2026-07-05T14:19:30+0200,4432c355-9488-4e0d-b987-b7dab09a434c,2026-06-25T16:30:00Z,2026-06-25T18:30:00+0200,56891.13,MW,FR,FR,actual_load,Actual Load,2026-07-05T12:20:00Z
2026-07-05T12:19:30Z,2026-07-05T14:19:30+0200,4432c355-9488-4e0d-b987-b7dab09a434c,2026-06-25T16:45:00Z,2026-06-25T18:45:00+0200,57309.21,MW,FR,FR,actual_load,Actual Load,2026-07-05T12:20:00Z
2026-07-05T12:19:30Z,2026-07-05T14:19:30+0200,4432c355-9488-4e0d-b987-b7dab09a434c,2026-06-25T17:00:00Z,2026-06-25T19:00:00+0200,57276.81,MW,FR,FR,actual_load,Actual Load,2026-07-05T12:20:00Z
2026-07-05T12:19:30Z,2026-07-05T14:19:30+0200,4432c355-9488-4e0d-b987-b7dab09a434c,2026-06-25T17:15:00Z,2026-06-25T19:15:00+0200,57045.24,MW,FR,FR,actual_load,Actual Load,2026-07-05T12:20:00Z
2026-07-05T12:19:30Z,2026-07-05T14:19:30+0200,4432c355-9488-4e0d-b987-b7dab09a434c,2026-06-25T17:30:00Z,2026-06-25T19:30:00+0200,56658.79,MW,FR,FR,actual_load,Actual Load,2026-07-05T12:20:00Z
2026-07-05T12:19:30Z,2026-07-05T14:19:30+0200,4432c355-9488-4e0d-b987-b7dab09a434c,2026-06-25T17:45:00Z,2026-06-25T19:45:00+0200,56411.92,MW,FR,FR,actual_load,Actual Load,2026-07-05T12:20:00Z
2026-07-05T12:19:30Z,2026-07-05T14:19:30+0200,4432c355-9488-4e0d-b987-b7dab09a434c,2026-06-25T18:00:00Z,2026-06-25T20:00:00+0200,55843.86,MW,FR,FR,actual_load,Actual Load,2026-07-05T12:20:00Z
2026-07-05T12:19:30Z,2026-07-05T14:19:30+0200,4432c355-9488-4e0d-b987-b7dab09a434c,2026-06-25T18:15:00Z,2026-06-25T20:15:00+0200,55422.25,MW,FR,FR,actual_load,Actual Load,2026-07-05T12:20:00Z
2026-07-05T12:19:30Z,2026-07-05T14:19:30+0200,4432c355-9488-4e0d-b987-b7dab09a434c,2026-06-25T18:30:00Z,2026-06-25T20:30:00+0200,54898.52,MW,FR,FR,actual_load,Actual Load,2026-07-05T12:20:00Z
2026-07-05T12:19:30Z,2026-07-05T14:19:30+0200,4432c355-9488-4e0d-b987-b7dab09a434c,2026-06-25T18:45:00Z,2026-06-25T20:45:00+0200,54437.33,MW,FR,FR,actual_load,Actual Load,2026-07-05T12:20:00Z
2026-07-05T12:19:30Z,2026-07-05T14:19:30+0200,4432c355-9488-4e0d-b987-b7dab09a434c,2026-06-25T19:00:00Z,2026-06-25T21:00:00+0200,54244.93,MW,FR,FR,actual_load,Actual Load,2026-07-05T12:20:00Z
2026-07-05T12:19:30Z,2026-07-05T14:19:30+0200,4432c355-9488-4e0d-b987-b7dab09a434c,2026-06-25T19:15:00Z,2026-06-25T21:15:00+0200,53850.17,MW,FR,FR,actual_load,Actual Load,2026-07-05T12:20:00Z
2026-07-05T12:19:30Z,2026-07-05T14:19:30+0200,4432c355-9488-4e0d-b987-b7dab09a434c,2026-06-25T19:30:00Z,2026-06-25T21:30:00+0200,53593.7,MW,FR,FR,actual_load,Actual Load,2026-07-05T12:20:00Z
2026-07-05T12:19:30Z,2026-07-05T14:19:30+0200,4432c355-9488-4e0d-b987-b7dab09a434c,2026-06-25T19:45:00Z,2026-06-25T21:45:00+0200,53229.45,MW,FR,FR,actual_load,Actual Load,2026-07-05T12:20:00Z
2026-07-05T12:19:30Z,2026-07-05T14:19:30+0200,4432c355-9488-4e0d-b987-b7dab09a434c,2026-06-25T20:00:00Z,2026-06-25T22:00:00+0200,54405.72,MW,FR,FR,actual_load,Actual Load,2026-07-05T12:20:00Z
2026-07-05T12:19:30Z,2026-07-05T14:19:30+0200,4432c355-9488-4e0d-b987-b7dab09a434c,2026-06-25T20:15:00Z,2026-06-25T22:15:00+0200,54078.82,MW,FR,FR,actual_load,Actual Load,2026-07-05T12:20:00Z
2026-07-05T12:19:30Z,2026-07-05T14:19:30+0200,4432c355-9488-4e0d-b987-b7dab09a434c,2026-06-25T20:30:00Z,2026-06-25T22:30:00+0200,55149.01,MW,FR,FR,actual_load,Actual Load,2026-07-05T12:20:00Z
2026-07-05T12:19:30Z,2026-07-05T14:19:30+0200,4432c355-9488-4e0d-b987-b7dab09a434c,2026-06-25T20:45:00Z,2026-06-25T22:45:00+0200,54405.11,MW,FR,FR,actual_load,Actual Load,2026-07-05T12:20:00Z
2026-07-05T12:19:30Z,2026-07-05T14:19:30+0200,4432c355-9488-4e0d-b987-b7dab09a434c,2026-06-25T21:00:00Z,2026-06-25T23:00:00+0200,54076.88,MW,FR,FR,actual_load,Actual Load,2026-07-05T12:20:00Z
2026-07-05T12:19:30Z,2026-07-05T14:19:30+0200,4432c355-9488-4e0d-b987-b7dab09a434c,2026-06-25T21:15:00Z,2026-06-25T23:15:00+0200,52894.03,MW,FR,FR,actual_load,Actual Load,2026-07-05T12:20:00Z
2026-07-05T12:19:30Z,2026-07-05T14:19:30+0200,4432c355-9488-4e0d-b987-b7dab09a434c,2026-06-25T21:30:00Z,2026-06-25T23:30:00+0200,52969.04,MW,FR,FR,actual_load,Actual Load,2026-07-05T12:20:00Z
2026-07-05T12:19:30Z,2026-07-05T14:19:30+0200,4432c355-9488-4e0d-b987-b7dab09a434c,2026-06-25T21:45:00Z,2026-06-25T23:45:00+0200,51773.45,MW,FR,FR,actual_load,Actual Load,2026-07-05T12:20:00Z
2026-07-05T12:19:30Z,2026-07-05T14:19:30+0200,4432c355-9488-4e0d-b987-b7dab09a434c,2026-06-25T22:00:00Z,2026-06-26T00:00:00+0200,51275.95,MW,FR,FR,actual_load,Actual Load,2026-07-05T12:20:00Z
2026-07-05T12:19:30Z,2026-07-05T14:19:30+0200,4432c355-9488-4e0d-b987-b7dab09a434c,2026-06-25T22:15:00Z,2026-06-26T00:15:00+0200,50037.89,MW,FR,FR,actual_load,Actual Load,2026-07-05T12:20:00Z
2026-07-05T12:19:30Z,2026-07-05T14:19:30+0200,4432c355-9488-4e0d-b987-b7dab09a434c,2026-06-25T22:30:00Z,2026-06-26T00:30:00+0200,48522.7,MW,FR,FR,actual_load,Actual Load,2026-07-05T12:20:00Z
2026-07-05T12:19:30Z,2026-07-05T14:19:30+0200,4432c355-9488-4e0d-b987-b7dab09a434c,2026-06-25T22:45:00Z,2026-06-26T00:45:00+0200,47797.74,MW,FR,FR,actual_load,Actual Load,2026-07-05T12:20:00Z
2026-07-05T12:19:30Z,2026-07-05T14:19:30+0200,4432c355-9488-4e0d-b987-b7dab09a434c,2026-06-25T23:00:00Z,2026-06-26T01:00:00+0200,47749.29,MW,FR,FR,actual_load,Actual Load,2026-07-05T12:20:00Z
2026-07-05T12:19:30Z,2026-07-05T14:19:30+0200,4432c355-9488-4e0d-b987-b7dab09a434c,2026-06-25T23:15:00Z,2026-06-26T01:15:00+0200,46945.85,MW,FR,FR,actual_load,Actual Load,2026-07-05T12:20:00Z
2026-07-05T12:19:30Z,2026-07-05T14:19:30+0200,4432c355-9488-4e0d-b987-b7dab09a434c,2026-06-25T23:30:00Z,2026-06-26T01:30:00+0200,46781.82,MW,FR,FR,actual_load,Actual Load,2026-07-05T12:20:00Z
2026-07-05T12:19:30Z,2026-07-05T14:19:30+0200,4432c355-9488-4e0d-b987-b7dab09a434c,2026-06-25T23:45:00Z,2026-06-26T01:45:00+0200,45972.59,MW,FR,FR,actual_load,Actual Load,2026-07-05T12:20:00Z
2026-07-05T12:19:30Z,2026-07-05T14:19:30+0200,4432c355-9488-4e0d-b987-b7dab09a434c,2026-06-26T00:00:00Z,2026-06-26T02:00:00+0200,45743.88,MW,FR,FR,actual_load,Actual Load,2026-07-05T12:20:00Z
2026-07-05T12:19:30Z,2026-07-05T14:19:30+0200,4432c355-9488-4e0d-b987-b7dab09a434c,2026-06-26T00:15:00Z,2026-06-26T02:15:00+0200,44664.95,MW,FR,FR,actual_load,Actual Load,2026-07-05T12:20:00Z
2026-07-05T12:19:30Z,2026-07-05T14:19:30+0200,4432c355-9488-4e0d-b987-b7dab09a434c,2026-06-26T00:30:00Z,2026-06-26T02:30:00+0200,44017.78,MW,FR,FR,actual_load,Actual Load,2026-07-05T12:20:00Z
2026-07-05T12:19:30Z,2026-07-05T14:19:30+0200,4432c355-9488-4e0d-b987-b7dab09a434c,2026-06-26T00:45:00Z,2026-06-26T02:45:00+0200,43402.13,MW,FR,FR,actual_load,Actual Load,2026-07-05T12:20:00Z
2026-07-05T12:19:30Z,2026-07-05T14:19:30+0200,4432c355-9488-4e0d-b987-b7dab09a434c,2026-06-26T01:00:00Z,2026-06-26T03:00:00+0200,43000.76,MW,FR,FR,actual_load,Actual Load,2026-07-05T12:20:00Z
2026-07-05T12:19:30Z,2026-07-05T14:19:30+0200,4432c355-9488-4e0d-b987-b7dab09a434c,2026-06-26T01:15:00Z,2026-06-26T03:15:00+0200,42577.13,MW,FR,FR,actual_load,Actual Load,2026-07-05T12:20:00Z
2026-07-05T12:19:30Z,2026-07-05T14:19:30+0200,4432c355-9488-4e0d-b987-b7dab09a434c,2026-06-26T01:30:00Z,2026-06-26T03:30:00+0200,42405.52,MW,FR,FR,actual_load,Actual Load,2026-07-05T12:20:00Z
2026-07-05T12:19:30Z,2026-07-05T14:19:30+0200,4432c355-9488-4e0d-b987-b7dab09a434c,2026-06-26T01:45:00Z,2026-06-26T03:45:00+0200,42203.79,MW,FR,FR,actual_load,Actual Load,2026-07-05T12:20:00Z
2026-07-05T12:19:30Z,2026-07-05T14:19:30+0200,4432c355-9488-4e0d-b987-b7dab09a434c,2026-06-26T02:00:00Z,2026-06-26T04:00:00+0200,42182.65,MW,FR,FR,actual_load,Actual Load,2026-07-05T12:20:00Z
2026-07-05T12:19:30Z,2026-07-05T14:19:30+0200,4432c355-9488-4e0d-b987-b7dab09a434c,2026-06-26T02:15:00Z,2026-06-26T04:15:00+0200,42033.23,MW,FR,FR,actual_load,Actual Load,2026-07-05T12:20:00Z
2026-07-05T12:19:30Z,2026-07-05T14:19:30+0200,4432c355-9488-4e0d-b987-b7dab09a434c,2026-06-26T02:30:00Z,2026-06-26T04:30:00+0200,42065.89,MW,FR,FR,actual_load,Actual Load,2026-07-05T12:20:00Z
2026-07-05T12:19:30Z,2026-07-05T14:19:30+0200,4432c355-9488-4e0d-b987-b7dab09a434c,2026-06-26T02:45:00Z,2026-06-26T04:45:00+0200,41997.0,MW,FR,FR,actual_load,Actual Load,2026-07-05T12:20:00Z
2026-07-05T12:19:30Z,2026-07-05T14:19:30+0200,4432c355-9488-4e0d-b987-b7dab09a434c,2026-06-26T03:00:00Z,2026-06-26T05:00:00+0200,42717.06,MW,FR,FR,actual_load,Actual Load,2026-07-05T12:20:00Z
2026-07-05T12:19:30Z,2026-07-05T14:19:30+0200,4432c355-9488-4e0d-b987-b7dab09a434c,2026-06-26T03:15:00Z,2026-06-26T05:15:00+0200,43124.05,MW,FR,FR,actual_load,Actual Load,2026-07-05T12:20:00Z
2026-07-05T12:19:30Z,2026-07-05T14:19:30+0200,4432c355-9488-4e0d-b987-b7dab09a434c,2026-06-26T03:30:00Z,2026-06-26T05:30:00+0200,43342.17,MW,FR,FR,actual_load,Actual Load,2026-07-05T12:20:00Z
2026-07-05T12:19:30Z,2026-07-05T14:19:30+0200,4432c355-9488-4e0d-b987-b7dab09a434c,2026-06-26T03:45:00Z,2026-06-26T05:45:00+0200,43788.45,MW,FR,FR,actual_load,Actual Load,2026-07-05T12:20:00Z
2026-07-05T12:19:30Z,2026-07-05T14:19:30+0200,4432c355-9488-4e0d-b987-b7dab09a434c,2026-06-26T04:00:00Z,2026-06-26T06:00:00+0200,44742.61,MW,FR,FR,actual_load,Actual Load,2026-07-05T12:20:00Z
2026-07-05T12:19:30Z,2026-07-05T14:19:30+0200,4432c355-9488-4e0d-b987-b7dab09a434c,2026-06-26T04:15:00Z,2026-06-26T06:15:00+0200,45443.07,MW,FR,FR,actual_load,Actual Load,2026-07-05T12:20:00Z
2026-07-05T12:19:30Z,2026-07-05T14:19:30+0200,4432c355-9488-4e0d-b987-b7dab09a434c,2026-06-26T04:30:00Z,2026-06-26T06:30:00+0200,46165.77,MW,FR,FR,actual_load,Actual Load,2026-07-05T12:20:00Z
2026-07-05T12:19:30Z,2026-07-05T14:19:30+0200,4432c355-9488-4e0d-b987-b7dab09a434c,2026-06-26T04:45:00Z,2026-06-26T06:45:00+0200,46815.37,MW,FR,FR,actual_load,Actual Load,2026-07-05T12:20:00Z
2026-07-05T12:19:30Z,2026-07-05T14:19:30+0200,4432c355-9488-4e0d-b987-b7dab09a434c,2026-06-26T05:00:00Z,2026-06-26T07:00:00+0200,47657.86,MW,FR,FR,actual_load,Actual Load,2026-07-05T12:20:00Z
2026-07-05T12:19:30Z,2026-07-05T14:19:30+0200,4432c355-9488-4e0d-b987-b7dab09a434c,2026-06-26T05:15:00Z,2026-06-26T07:15:00+0200,48348.8,MW,FR,FR,actual_load,Actual Load,2026-07-05T12:20:00Z
2026-07-05T12:19:30Z,2026-07-05T14:19:30+0200,4432c355-9488-4e0d-b987-b7dab09a434c,2026-06-26T05:30:00Z,2026-06-26T07:30:00+0200,48959.28,MW,FR,FR,actual_load,Actual Load,2026-07-05T12:20:00Z
2026-07-05T12:19:30Z,2026-07-05T14:19:30+0200,4432c355-9488-4e0d-b987-b7dab09a434c,2026-06-26T05:45:00Z,2026-06-26T07:45:00+0200,49540.82,MW,FR,FR,actual_load,Actual Load,2026-07-05T12:20:00Z
2026-07-05T12:19:30Z,2026-07-05T14:19:30+0200,4432c355-9488-4e0d-b987-b7dab09a434c,2026-06-26T06:00:00Z,2026-06-26T08:00:00+0200,50188.27,MW,FR,FR,actual_load,Actual Load,2026-07-05T12:20:00Z
2026-07-05T12:19:30Z,2026-07-05T14:19:30+0200,4432c355-9488-4e0d-b987-b7dab09a434c,2026-06-26T06:15:00Z,2026-06-26T08:15:00+0200,51021.98,MW,FR,FR,actual_load,Actual Load,2026-07-05T12:20:00Z
2026-07-05T12:19:30Z,2026-07-05T14:19:30+0200,4432c355-9488-4e0d-b987-b7dab09a434c,2026-06-26T06:30:00Z,2026-06-26T08:30:00+0200,51656.54,MW,FR,FR,actual_load,Actual Load,2026-07-05T12:20:00Z
2026-07-05T12:19:30Z,2026-07-05T14:19:30+0200,4432c355-9488-4e0d-b987-b7dab09a434c,2026-06-26T06:45:00Z,2026-06-26T08:45:00+0200,52327.79,MW,FR,FR,actual_load,Actual Load,2026-07-05T12:20:00Z
2026-07-05T12:19:30Z,2026-07-05T14:19:30+0200,4432c355-9488-4e0d-b987-b7dab09a434c,2026-06-26T07:00:00Z,2026-06-26T09:00:00+0200,53049.43,MW,FR,FR,actual_load,Actual Load,2026-07-05T12:20:00Z
2026-07-05T12:19:30Z,2026-07-05T14:19:30+0200,4432c355-9488-4e0d-b987-b7dab09a434c,2026-06-26T07:15:00Z,2026-06-26T09:15:00+0200,53530.89,MW,FR,FR,actual_load,Actual Load,2026-07-05T12:20:00Z
2026-07-05T12:19:30Z,2026-07-05T14:19:30+0200,4432c355-9488-4e0d-b987-b7dab09a434c,2026-06-26T07:30:00Z,2026-06-26T09:30:00+0200,53852.91,MW,FR,FR,actual_load,Actual Load,2026-07-05T12:20:00Z
2026-07-05T12:19:30Z,2026-07-05T14:19:30+0200,4432c355-9488-4e0d-b987-b7dab09a434c,2026-06-26T07:45:00Z,2026-06-26T09:45:00+0200,54211.38,MW,FR,FR,actual_load,Actual Load,2026-07-05T12:20:00Z
2026-07-05T12:19:30Z,2026-07-05T14:19:30+0200,4432c355-9488-4e0d-b987-b7dab09a434c,2026-06-26T08:00:00Z,2026-06-26T10:00:00+0200,54707.59,MW,FR,FR,actual_load,Actual Load,2026-07-05T12:20:00Z
2026-07-05T12:19:30Z,2026-07-05T14:19:30+0200,4432c355-9488-4e0d-b987-b7dab09a434c,2026-06-26T08:15:00Z,2026-06-26T10:15:00+0200,54955.03,MW,FR,FR,actual_load,Actual Load,2026-07-05T12:20:00Z
2026-07-05T12:19:30Z,2026-07-05T14:19:30+0200,4432c355-9488-4e0d-b987-b7dab09a434c,2026-06-26T08:30:00Z,2026-06-26T10:30:00+0200,55272.04,MW,FR,FR,actual_load,Actual Load,2026-07-05T12:20:00Z
2026-07-05T12:19:30Z,2026-07-05T14:19:30+0200,4432c355-9488-4e0d-b987-b7dab09a434c,2026-06-26T08:45:00Z,2026-06-26T10:45:00+0200,55520.16,MW,FR,FR,actual_load,Actual Load,2026-07-05T12:20:00Z
2026-07-05T12:19:30Z,2026-07-05T14:19:30+0200,4432c355-9488-4e0d-b987-b7dab09a434c,2026-06-26T09:00:00Z,2026-06-26T11:00:00+0200,55626.44,MW,FR,FR,actual_load,Actual Load,2026-07-05T12:20:00Z
2026-07-05T12:19:30Z,2026-07-05T14:19:30+0200,4432c355-9488-4e0d-b987-b7dab09a434c,2026-06-26T09:15:00Z,2026-06-26T11:15:00+0200,55576.45,MW,FR,FR,actual_load,Actual Load,2026-07-05T12:20:00Z
2026-07-05T12:19:30Z,2026-07-05T14:19:30+0200,4432c355-9488-4e0d-b987-b7dab09a434c,2026-06-26T09:30:00Z,2026-06-26T11:30:00+0200,55905.97,MW,FR,FR,actual_load,Actual Load,2026-07-05T12:20:00Z
2026-07-05T12:19:30Z,2026-07-05T14:19:30+0200,4432c355-9488-4e0d-b987-b7dab09a434c,2026-06-26T09:45:00Z,2026-06-26T11:45:00+0200,56168.29,MW,FR,FR,actual_load,Actual Load,2026-07-05T12:20:00Z
2026-07-05T12:19:30Z,2026-07-05T14:19:30+0200,4432c355-9488-4e0d-b987-b7dab09a434c,2026-06-26T10:00:00Z,2026-06-26T12:00:00+0200,56403.43,MW,FR,FR,actual_load,Actual Load,2026-07-05T12:20:00Z
2026-07-05T12:19:30Z,2026-07-05T14:19:30+0200,4432c355-9488-4e0d-b987-b7dab09a434c,2026-06-26T10:15:00Z,2026-06-26T12:15:00+0200,56579.25,MW,FR,FR,actual_load,Actual Load,2026-07-05T12:20:00Z
2026-07-05T12:19:30Z,2026-07-05T14:19:30+0200,4432c355-9488-4e0d-b987-b7dab09a434c,2026-06-26T10:30:00Z,2026-06-26T12:30:00+0200,57380.57,MW,FR,FR,actual_load,Actual Load,2026-07-05T12:20:00Z
2026-07-05T12:19:30Z,2026-07-05T14:19:30+0200,4432c355-9488-4e0d-b987-b7dab09a434c,2026-06-26T10:45:00Z,2026-06-26T12:45:00+0200,56885.95,MW,FR,FR,actual_load,Actual Load,2026-07-05T12:20:00Z
2026-07-05T12:19:30Z,2026-07-05T14:19:30+0200,4432c355-9488-4e0d-b987-b7dab09a434c,2026-06-26T11:00:00Z,2026-06-26T13:00:00+0200,56513.46,MW,FR,FR,actual_load,Actual Load,2026-07-05T12:20:00Z
2026-07-05T12:19:30Z,2026-07-05T14:19:30+0200,4432c355-9488-4e0d-b987-b7dab09a434c,2026-06-26T11:15:00Z,2026-06-26T13:15:00+0200,56180.61,MW,FR,FR,actual_load,Actual Load,2026-07-05T12:20:00Z
2026-07-05T12:19:30Z,2026-07-05T14:19:30+0200,4432c355-9488-4e0d-b987-b7dab09a434c,2026-06-26T11:30:00Z,2026-06-26T13:30:00+0200,55878.33,MW,FR,FR,actual_load,Actual Load,2026-07-05T12:20:00Z
2026-07-05T12:19:30Z,2026-07-05T14:19:30+0200,4432c355-9488-4e0d-b987-b7dab09a434c,2026-06-26T11:45:00Z,2026-06-26T13:45:00+0200,56222.41,MW,FR,FR,actual_load,Actual Load,2026-07-05T12:20:00Z
2026-07-05T12:19:30Z,2026-07-05T14:19:30+0200,4432c355-9488-4e0d-b987-b7dab09a434c,2026-06-26T12:00:00Z,2026-06-26T14:00:00+0200,57102.47,MW,FR,FR,actual_load,Actual Load,2026-07-05T12:20:00Z
2026-07-05T12:19:30Z,2026-07-05T14:19:30+0200,4432c355-9488-4e0d-b987-b7dab09a434c,2026-06-26T12:15:00Z,2026-06-26T14:15:00+0200,56806.48,MW,FR,FR,actual_load,Actual Load,2026-07-05T12:20:00Z
2026-07-05T12:19:30Z,2026-07-05T14:19:30+0200,4432c355-9488-4e0d-b987-b7dab09a434c,2026-06-26T12:30:00Z,2026-06-26T14:30:00+0200,56908.21,MW,FR,FR,actual_load,Actual Load,2026-07-05T12:20:00Z
2026-07-05T12:19:30Z,2026-07-05T14:19:30+0200,4432c355-9488-4e0d-b987-b7dab09a434c,2026-06-26T12:45:00Z,2026-06-26T14:45:00+0200,56233.56,MW,FR,FR,actual_load,Actual Load,2026-07-05T12:20:00Z
2026-07-05T12:19:30Z,2026-07-05T14:19:30+0200,4432c355-9488-4e0d-b987-b7dab09a434c,2026-06-26T13:00:00Z,2026-06-26T15:00:00+0200,56167.29,MW,FR,FR,actual_load,Actual Load,2026-07-05T12:20:00Z
2026-07-05T12:19:30Z,2026-07-05T14:19:30+0200,4432c355-9488-4e0d-b987-b7dab09a434c,2026-06-26T13:15:00Z,2026-06-26T15:15:00+0200,55727.36,MW,FR,FR,actual_load,Actual Load,2026-07-05T12:20:00Z
2026-07-05T12:19:30Z,2026-07-05T14:19:30+0200,4432c355-9488-4e0d-b987-b7dab09a434c,2026-06-26T13:30:00Z,2026-06-26T15:30:00+0200,55601.78,MW,FR,FR,actual_load,Actual Load,2026-07-05T12:20:00Z
2026-07-05T12:19:30Z,2026-07-05T14:19:30+0200,4432c355-9488-4e0d-b987-b7dab09a434c,2026-06-26T13:45:00Z,2026-06-26T15:45:00+0200,55230.85,MW,FR,FR,actual_load,Actual Load,2026-07-05T12:20:00Z
2026-07-05T12:19:30Z,2026-07-05T14:19:30+0200,4432c355-9488-4e0d-b987-b7dab09a434c,2026-06-26T14:00:00Z,2026-06-26T16:00:00+0200,55011.45,MW,FR,FR,actual_load,Actual Load,2026-07-05T12:20:00Z
2026-07-05T12:19:30Z,2026-07-05T14:19:30+0200,4432c355-9488-4e0d-b987-b7dab09a434c,2026-06-26T14:15:00Z,2026-06-26T16:15:00+0200,54856.08,MW,FR,FR,actual_load,Actual Load,2026-07-05T12:20:00Z
2026-07-05T12:19:30Z,2026-07-05T14:19:30+0200,4432c355-9488-4e0d-b987-b7dab09a434c,2026-06-26T14:30:00Z,2026-06-26T16:30:00+0200,54625.33,MW,FR,FR,actual_load,Actual Load,2026-07-05T12:20:00Z
2026-07-05T12:19:30Z,2026-07-05T14:19:30+0200,4432c355-9488-4e0d-b987-b7dab09a434c,2026-06-26T14:45:00Z,2026-06-26T16:45:00+0200,54703.33,MW,FR,FR,actual_load,Actual Load,2026-07-05T12:20:00Z
2026-07-05T12:19:30Z,2026-07-05T14:19:30+0200,4432c355-9488-4e0d-b987-b7dab09a434c,2026-06-26T15:00:00Z,2026-06-26T17:00:00+0200,54954.41,MW,FR,FR,actual_load,Actual Load,2026-07-05T12:20:00Z
2026-07-05T12:19:30Z,2026-07-05T14:19:30+0200,4432c355-9488-4e0d-b987-b7dab09a434c,2026-06-26T15:15:00Z,2026-06-26T17:15:00+0200,54953.98,MW,FR,FR,actual_load,Actual Load,2026-07-05T12:20:00Z
2026-07-05T12:19:30Z,2026-07-05T14:19:30+0200,4432c355-9488-4e0d-b987-b7dab09a434c,2026-06-26T15:30:00Z,2026-06-26T17:30:00+0200,55097.37,MW,FR,FR,actual_load,Actual Load,2026-07-05T12:20:00Z
2026-07-05T12:19:30Z,2026-07-05T14:19:30+0200,4432c355-9488-4e0d-b987-b7dab09a434c,2026-06-26T15:45:00Z,2026-06-26T17:45:00+0200,55477.76,MW,FR,FR,actual_load,Actual Load,2026-07-05T12:20:00Z
2026-07-05T12:19:30Z,2026-07-05T14:19:30+0200,4432c355-9488-4e0d-b987-b7dab09a434c,2026-06-26T16:00:00Z,2026-06-26T18:00:00+0200,55612.89,MW,FR,FR,actual_load,Actual Load,2026-07-05T12:20:00Z
2026-07-05T12:19:30Z,2026-07-05T14:19:30+0200,4432c355-9488-4e0d-b987-b7dab09a434c,2026-06-26T16:15:00Z,2026-06-26T18:15:00+0200,55580.63,MW,FR,FR,actual_load,Actual Load,2026-07-05T12:20:00Z
2026-07-05T12:19:30Z,2026-07-05T14:19:30+0200,4432c355-9488-4e0d-b987-b7dab09a434c,2026-06-26T16:30:00Z,2026-06-26T18:30:00+0200,55754.82,MW,FR,FR,actual_load,Actual Load,2026-07-05T12:20:00Z
2026-07-05T12:19:30Z,2026-07-05T14:19:30+0200,4432c355-9488-4e0d-b987-b7dab09a434c,2026-06-26T16:45:00Z,2026-06-26T18:45:00+0200,56009.37,MW,FR,FR,actual_load,Actual Load,2026-07-05T12:20:00Z
2026-07-05T12:19:30Z,2026-07-05T14:19:30+0200,4432c355-9488-4e0d-b987-b7dab09a434c,2026-06-26T17:00:00Z,2026-06-26T19:00:00+0200,55701.83,MW,FR,FR,actual_load,Actual Load,2026-07-05T12:20:00Z
2026-07-05T12:19:30Z,2026-07-05T14:19:30+0200,4432c355-9488-4e0d-b987-b7dab09a434c,2026-06-26T17:15:00Z,2026-06-26T19:15:00+0200,55467.63,MW,FR,FR,actual_load,Actual Load,2026-07-05T12:20:00Z
2026-07-05T12:19:30Z,2026-07-05T14:19:30+0200,4432c355-9488-4e0d-b987-b7dab09a434c,2026-06-26T17:30:00Z,2026-06-26T19:30:00+0200,55360.66,MW,FR,FR,actual_load,Actual Load,2026-07-05T12:20:00Z
2026-07-05T12:19:30Z,2026-07-05T14:19:30+0200,4432c355-9488-4e0d-b987-b7dab09a434c,2026-06-26T17:45:00Z,2026-06-26T19:45:00+0200,54888.61,MW,FR,FR,actual_load,Actual Load,2026-07-05T12:20:00Z
2026-07-05T12:19:30Z,2026-07-05T14:19:30+0200,4432c355-9488-4e0d-b987-b7dab09a434c,2026-06-26T18:00:00Z,2026-06-26T20:00:00+0200,54312.67,MW,FR,FR,actual_load,Actual Load,2026-07-05T12:20:00Z
2026-07-05T12:19:30Z,2026-07-05T14:19:30+0200,4432c355-9488-4e0d-b987-b7dab09a434c,2026-06-26T18:15:00Z,2026-06-26T20:15:00+0200,53671.5,MW,FR,FR,actual_load,Actual Load,2026-07-05T12:20:00Z
2026-07-05T12:19:30Z,2026-07-05T14:19:30+0200,4432c355-9488-4e0d-b987-b7dab09a434c,2026-06-26T18:30:00Z,2026-06-26T20:30:00+0200,53235.82,MW,FR,FR,actual_load,Actual Load,2026-07-05T12:20:00Z
2026-07-05T12:19:30Z,2026-07-05T14:19:30+0200,4432c355-9488-4e0d-b987-b7dab09a434c,2026-06-26T18:45:00Z,2026-06-26T20:45:00+0200,52914.09,MW,FR,FR,actual_load,Actual Load,2026-07-05T12:20:00Z
2026-07-05T12:19:30Z,2026-07-05T14:19:30+0200,4432c355-9488-4e0d-b987-b7dab09a434c,2026-06-26T19:00:00Z,2026-06-26T21:00:00+0200,52591.72,MW,FR,FR,actual_load,Actual Load,2026-07-05T12:20:00Z
2026-07-05T12:19:30Z,2026-07-05T14:19:30+0200,4432c355-9488-4e0d-b987-b7dab09a434c,2026-06-26T19:15:00Z,2026-06-26T21:15:00+0200,51972.96,MW,FR,FR,actual_load,Actual Load,2026-07-05T12:20:00Z
2026-07-05T12:19:30Z,2026-07-05T14:19:30+0200,4432c355-9488-4e0d-b987-b7dab09a434c,2026-06-26T19:30:00Z,2026-06-26T21:30:00+0200,51579.46,MW,FR,FR,actual_load,Actual Load,2026-07-05T12:20:00Z
2026-07-05T12:19:30Z,2026-07-05T14:19:30+0200,4432c355-9488-4e0d-b987-b7dab09a434c,2026-06-26T19:45:00Z,2026-06-26T21:45:00+0200,51171.45,MW,FR,FR,actual_load,Actual Load,2026-07-05T12:20:00Z
2026-07-05T12:19:30Z,2026-07-05T14:19:30+0200,4432c355-9488-4e0d-b987-b7dab09a434c,2026-06-26T20:00:00Z,2026-06-26T22:00:00+0200,52489.08,MW,FR,FR,actual_load,Actual Load,2026-07-05T12:20:00Z
2026-07-05T12:19:30Z,2026-07-05T14:19:30+0200,4432c355-9488-4e0d-b987-b7dab09a434c,2026-06-26T20:15:00Z,2026-06-26T22:15:00+0200,52192.68,MW,FR,FR,actual_load,Actual Load,2026-07-05T12:20:00Z
2026-07-05T12:19:30Z,2026-07-05T14:19:30+0200,4432c355-9488-4e0d-b987-b7dab09a434c,2026-06-26T20:30:00Z,2026-06-26T22:30:00+0200,53291.26,MW,FR,FR,actual_load,Actual Load,2026-07-05T12:20:00Z
2026-07-05T12:19:30Z,2026-07-05T14:19:30+0200,4432c355-9488-4e0d-b987-b7dab09a434c,2026-06-26T20:45:00Z,2026-06-26T22:45:00+0200,52352.14,MW,FR,FR,actual_load,Actual Load,2026-07-05T12:20:00Z
2026-07-05T12:19:30Z,2026-07-05T14:19:30+0200,4432c355-9488-4e0d-b987-b7dab09a434c,2026-06-26T21:00:00Z,2026-06-26T23:00:00+0200,51942.8,MW,FR,FR,actual_load,Actual Load,2026-07-05T12:20:00Z
2026-07-05T12:19:30Z,2026-07-05T14:19:30+0200,4432c355-9488-4e0d-b987-b7dab09a434c,2026-06-26T21:15:00Z,2026-06-26T23:15:00+0200,50822.91,MW,FR,FR,actual_load,Actual Load,2026-07-05T12:20:00Z
2026-07-05T12:19:30Z,2026-07-05T14:19:30+0200,4432c355-9488-4e0d-b987-b7dab09a434c,2026-06-26T21:30:00Z,2026-06-26T23:30:00+0200,50908.3,MW,FR,FR,actual_load,Actual Load,2026-07-05T12:20:00Z
2026-07-05T12:19:30Z,2026-07-05T14:19:30+0200,4432c355-9488-4e0d-b987-b7dab09a434c,2026-06-26T21:45:00Z,2026-06-26T23:45:00+0200,49821.18,MW,FR,FR,actual_load,Actual Load,2026-07-05T12:20:00Z
2026-07-05T12:19:30Z,2026-07-05T14:19:30+0200,4432c355-9488-4e0d-b987-b7dab09a434c,2026-06-26T22:00:00Z,2026-06-27T00:00:00+0200,49400.71,MW,FR,FR,actual_load,Actual Load,2026-07-05T12:20:00Z
2026-07-05T12:19:30Z,2026-07-05T14:19:30+0200,4432c355-9488-4e0d-b987-b7dab09a434c,2026-06-26T22:15:00Z,2026-06-27T00:15:00+0200,48064.66,MW,FR,FR,actual_load,Actual Load,2026-07-05T12:20:00Z
2026-07-05T12:19:30Z,2026-07-05T14:19:30+0200,4432c355-9488-4e0d-b987-b7dab09a434c,2026-06-26T22:30:00Z,2026-06-27T00:30:00+0200,46707.19,MW,FR,FR,actual_load,Actual Load,2026-07-05T12:20:00Z
2026-07-05T12:19:30Z,2026-07-05T14:19:30+0200,4432c355-9488-4e0d-b987-b7dab09a434c,2026-06-26T22:45:00Z,2026-06-27T00:45:00+0200,45609.35,MW,FR,FR,actual_load,Actual Load,2026-07-05T12:20:00Z
2026-07-05T12:19:30Z,2026-07-05T14:19:30+0200,4432c355-9488-4e0d-b987-b7dab09a434c,2026-06-26T23:00:00Z,2026-06-27T01:00:00+0200,45572.81,MW,FR,FR,actual_load,Actual Load,2026-07-05T12:20:00Z
2026-07-05T12:19:30Z,2026-07-05T14:19:30+0200,4432c355-9488-4e0d-b987-b7dab09a434c,2026-06-26T23:15:00Z,2026-06-27T01:15:00+0200,44811.23,MW,FR,FR,actual_load,Actual Load,2026-07-05T12:20:00Z
2026-07-05T12:19:30Z,2026-07-05T14:19:30+0200,4432c355-9488-4e0d-b987-b7dab09a434c,2026-06-26T23:30:00Z,2026-06-27T01:30:00+0200,44665.88,MW,FR,FR,actual_load,Actual Load,2026-07-05T12:20:00Z
2026-07-05T12:19:30Z,2026-07-05T14:19:30+0200,4432c355-9488-4e0d-b987-b7dab09a434c,2026-06-26T23:45:00Z,2026-06-27T01:45:00+0200,43692.94,MW,FR,FR,actual_load,Actual Load,2026-07-05T12:20:00Z
2026-07-05T12:19:30Z,2026-07-05T14:19:30+0200,4432c355-9488-4e0d-b987-b7dab09a434c,2026-06-27T00:00:00Z,2026-06-27T02:00:00+0200,43186.32,MW,FR,FR,actual_load,Actual Load,2026-07-05T12:20:00Z
2026-07-05T12:19:30Z,2026-07-05T14:19:30+0200,4432c355-9488-4e0d-b987-b7dab09a434c,2026-06-27T00:15:00Z,2026-06-27T02:15:00+0200,42334.88,MW,FR,FR,actual_load,Actual Load,2026-07-05T12:20:00Z
2026-07-05T12:19:30Z,2026-07-05T14:19:30+0200,4432c355-9488-4e0d-b987-b7dab09a434c,2026-06-27T00:30:00Z,2026-06-27T02:30:00+0200,41877.77,MW,FR,FR,actual_load,Actual Load,2026-07-05T12:20:00Z
2026-07-05T12:19:30Z,2026-07-05T14:19:30+0200,4432c355-9488-4e0d-b987-b7dab09a434c,2026-06-27T00:45:00Z,2026-06-27T02:45:00+0200,41147.1,MW,FR,FR,actual_load,Actual Load,2026-07-05T12:20:00Z
2026-07-05T12:19:30Z,2026-07-05T14:19:30+0200,4432c355-9488-4e0d-b987-b7dab09a434c,2026-06-27T01:00:00Z,2026-06-27T03:00:00+0200,40661.49,MW,FR,FR,actual_load,Actual Load,2026-07-05T12:20:00Z
2026-07-05T12:19:30Z,2026-07-05T14:19:30+0200,4432c355-9488-4e0d-b987-b7dab09a434c,2026-06-27T01:15:00Z,2026-06-27T03:15:00+0200,40238.73,MW,FR,FR,actual_load,Actual Load,2026-07-05T12:20:00Z
2026-07-05T12:19:30Z,2026-07-05T14:19:30+0200,4432c355-9488-4e0d-b987-b7dab09a434c,2026-06-27T01:30:00Z,2026-06-27T03:30:00+0200,40017.05,MW,FR,FR,actual_load,Actual Load,2026-07-05T12:20:00Z
2026-07-05T12:19:30Z,2026-07-05T14:19:30+0200,4432c355-9488-4e0d-b987-b7dab09a434c,2026-06-27T01:45:00Z,2026-06-27T03:45:00+0200,39670.45,MW,FR,FR,actual_load,Actual Load,2026-07-05T12:20:00Z
2026-07-05T12:19:30Z,2026-07-05T14:19:30+0200,4432c355-9488-4e0d-b987-b7dab09a434c,2026-06-27T02:00:00Z,2026-06-27T04:00:00+0200,39266.7,MW,FR,FR,actual_load,Actual Load,2026-07-05T12:20:00Z
2026-07-05T12:19:30Z,2026-07-05T14:19:30+0200,4432c355-9488-4e0d-b987-b7dab09a434c,2026-06-27T02:15:00Z,2026-06-27T04:15:00+0200,38888.79,MW,FR,FR,actual_load,Actual Load,2026-07-05T12:20:00Z
2026-07-05T12:19:30Z,2026-07-05T14:19:30+0200,4432c355-9488-4e0d-b987-b7dab09a434c,2026-06-27T02:30:00Z,2026-06-27T04:30:00+0200,38740.0,MW,FR,FR,actual_load,Actual Load,2026-07-05T12:20:00Z
2026-07-05T12:19:30Z,2026-07-05T14:19:30+0200,4432c355-9488-4e0d-b987-b7dab09a434c,2026-06-27T02:45:00Z,2026-06-27T04:45:00+0200,38603.13,MW,FR,FR,actual_load,Actual Load,2026-07-05T12:20:00Z
2026-07-05T12:19:30Z,2026-07-05T14:19:30+0200,4432c355-9488-4e0d-b987-b7dab09a434c,2026-06-27T03:00:00Z,2026-06-27T05:00:00+0200,38775.59,MW,FR,FR,actual_load,Actual Load,2026-07-05T12:20:00Z
2026-07-05T12:19:30Z,2026-07-05T14:19:30+0200,4432c355-9488-4e0d-b987-b7dab09a434c,2026-06-27T03:15:00Z,2026-06-27T05:15:00+0200,38752.59,MW,FR,FR,actual_load,Actual Load,2026-07-05T12:20:00Z
2026-07-05T12:19:30Z,2026-07-05T14:19:30+0200,4432c355-9488-4e0d-b987-b7dab09a434c,2026-06-27T03:30:00Z,2026-06-27T05:30:00+0200,38550.35,MW,FR,FR,actual_load,Actual Load,2026-07-05T12:20:00Z
2026-07-05T12:19:30Z,2026-07-05T14:19:30+0200,4432c355-9488-4e0d-b987-b7dab09a434c,2026-06-27T03:45:00Z,2026-06-27T05:45:00+0200,38517.86,MW,FR,FR,actual_load,Actual Load,2026-07-05T12:20:00Z
2026-07-05T12:19:30Z,2026-07-05T14:19:30+0200,4432c355-9488-4e0d-b987-b7dab09a434c,2026-06-27T04:00:00Z,2026-06-27T06:00:00+0200,38617.89,MW,FR,FR,actual_load,Actual Load,2026-07-05T12:20:00Z
2026-07-05T12:19:30Z,2026-07-05T14:19:30+0200,4432c355-9488-4e0d-b987-b7dab09a434c,2026-06-27T04:15:00Z,2026-06-27T06:15:00+0200,38756.33,MW,FR,FR,actual_load,Actual Load,2026-07-05T12:20:00Z
2026-07-05T12:19:30Z,2026-07-05T14:19:30+0200,4432c355-9488-4e0d-b987-b7dab09a434c,2026-06-27T04:30:00Z,2026-06-27T06:30:00+0200,38891.12,MW,FR,FR,actual_load,Actual Load,2026-07-05T12:20:00Z
2026-07-05T12:19:30Z,2026-07-05T14:19:30+0200,4432c355-9488-4e0d-b987-b7dab09a434c,2026-06-27T04:45:00Z,2026-06-27T06:45:00+0200,39099.86,MW,FR,FR,actual_load,Actual Load,2026-07-05T12:20:00Z
2026-07-05T12:19:30Z,2026-07-05T14:19:30+0200,4432c355-9488-4e0d-b987-b7dab09a434c,2026-06-27T05:00:00Z,2026-06-27T07:00:00+0200,39362.02,MW,FR,FR,actual_load,Actual Load,2026-07-05T12:20:00Z
2026-07-05T12:19:30Z,2026-07-05T14:19:30+0200,4432c355-9488-4e0d-b987-b7dab09a434c,2026-06-27T05:15:00Z,2026-06-27T07:15:00+0200,39547.07,MW,FR,FR,actual_load,Actual Load,2026-07-05T12:20:00Z
2026-07-05T12:19:30Z,2026-07-05T14:19:30+0200,4432c355-9488-4e0d-b987-b7dab09a434c,2026-06-27T05:30:00Z,2026-06-27T07:30:00+0200,39774.82,MW,FR,FR,actual_load,Actual Load,2026-07-05T12:20:00Z
2026-07-05T12:19:30Z,2026-07-05T14:19:30+0200,4432c355-9488-4e0d-b987-b7dab09a434c,2026-06-27T05:45:00Z,2026-06-27T07:45:00+0200,40093.01,MW,FR,FR,actual_load,Actual Load,2026-07-05T12:20:00Z
2026-07-05T12:19:30Z,2026-07-05T14:19:30+0200,4432c355-9488-4e0d-b987-b7dab09a434c,2026-06-27T06:00:00Z,2026-06-27T08:00:00+0200,40503.63,MW,FR,FR,actual_load,Actual Load,2026-07-05T12:20:00Z
2026-07-05T12:19:30Z,2026-07-05T14:19:30+0200,4432c355-9488-4e0d-b987-b7dab09a434c,2026-06-27T06:15:00Z,2026-06-27T08:15:00+0200,41203.49,MW,FR,FR,actual_load,Actual Load,2026-07-05T12:20:00Z
2026-07-05T12:19:30Z,2026-07-05T14:19:30+0200,4432c355-9488-4e0d-b987-b7dab09a434c,2026-06-27T06:30:00Z,2026-06-27T08:30:00+0200,41936.26,MW,FR,FR,actual_load,Actual Load,2026-07-05T12:20:00Z
2026-07-05T12:19:30Z,2026-07-05T14:19:30+0200,4432c355-9488-4e0d-b987-b7dab09a434c,2026-06-27T06:45:00Z,2026-06-27T08:45:00+0200,42667.34,MW,FR,FR,actual_load,Actual Load,2026-07-05T12:20:00Z
2026-07-05T12:19:30Z,2026-07-05T14:19:30+0200,4432c355-9488-4e0d-b987-b7dab09a434c,2026-06-27T07:00:00Z,2026-06-27T09:00:00+0200,43274.41,MW,FR,FR,actual_load,Actual Load,2026-07-05T12:20:00Z
2026-07-05T12:19:30Z,2026-07-05T14:19:30+0200,4432c355-9488-4e0d-b987-b7dab09a434c,2026-06-27T07:15:00Z,2026-06-27T09:15:00+0200,43933.69,MW,FR,FR,actual_load,Actual Load,2026-07-05T12:20:00Z
2026-07-05T12:19:30Z,2026-07-05T14:19:30+0200,4432c355-9488-4e0d-b987-b7dab09a434c,2026-06-27T07:30:00Z,2026-06-27T09:30:00+0200,44510.1,MW,FR,FR,actual_load,Actual Load,2026-07-05T12:20:00Z
2026-07-05T12:19:30Z,2026-07-05T14:19:30+0200,4432c355-9488-4e0d-b987-b7dab09a434c,2026-06-27T07:45:00Z,2026-06-27T09:45:00+0200,45005.1,MW,FR,FR,actual_load,Actual Load,2026-07-05T12:20:00Z
2026-07-05T12:19:30Z,2026-07-05T14:19:30+0200,4432c355-9488-4e0d-b987-b7dab09a434c,2026-06-27T08:00:00Z,2026-06-27T10:00:00+0200,45549.73,MW,FR,FR,actual_load,Actual Load,2026-07-05T12:20:00Z
2026-07-05T12:19:30Z,2026-07-05T14:19:30+0200,4432c355-9488-4e0d-b987-b7dab09a434c,2026-06-27T08:15:00Z,2026-06-27T10:15:00+0200,45997.35,MW,FR,FR,actual_load,Actual Load,2026-07-05T12:20:00Z
2026-07-05T12:19:30Z,2026-07-05T14:19:30+0200,4432c355-9488-4e0d-b987-b7dab09a434c,2026-06-27T08:30:00Z,2026-06-27T10:30:00+0200,46548.55,MW,FR,FR,actual_load,Actual Load,2026-07-05T12:20:00Z
2026-07-05T12:19:30Z,2026-07-05T14:19:30+0200,4432c355-9488-4e0d-b987-b7dab09a434c,2026-06-27T08:45:00Z,2026-06-27T10:45:00+0200,46969.77,MW,FR,FR,actual_load,Actual Load,2026-07-05T12:20:00Z
2026-07-05T12:19:30Z,2026-07-05T14:19:30+0200,4432c355-9488-4e0d-b987-b7dab09a434c,2026-06-27T09:00:00Z,2026-06-27T11:00:00+0200,47292.56,MW,FR,FR,actual_load,Actual Load,2026-07-05T12:20:00Z
2026-07-05T12:19:30Z,2026-07-05T14:19:30+0200,4432c355-9488-4e0d-b987-b7dab09a434c,2026-06-27T09:15:00Z,2026-06-27T11:15:00+0200,47870.04,MW,FR,FR,actual_load,Actual Load,2026-07-05T12:20:00Z
2026-07-05T12:19:30Z,2026-07-05T14:19:30+0200,4432c355-9488-4e0d-b987-b7dab09a434c,2026-06-27T09:30:00Z,2026-06-27T11:30:00+0200,48349.39,MW,FR,FR,actual_load,Actual Load,2026-07-05T12:20:00Z
2026-07-05T12:19:30Z,2026-07-05T14:19:30+0200,4432c355-9488-4e0d-b987-b7dab09a434c,2026-06-27T09:45:00Z,2026-06-27T11:45:00+0200,48962.82,MW,FR,FR,actual_load,Actual Load,2026-07-05T12:20:00Z
2026-07-05T12:19:30Z,2026-07-05T14:19:30+0200,4432c355-9488-4e0d-b987-b7dab09a434c,2026-06-27T10:00:00Z,2026-06-27T12:00:00+0200,49686.37,MW,FR,FR,actual_load,Actual Load,2026-07-05T12:20:00Z
2026-07-05T12:19:30Z,2026-07-05T14:19:30+0200,4432c355-9488-4e0d-b987-b7dab09a434c,2026-06-27T10:15:00Z,2026-06-27T12:15:00+0200,49992.49,MW,FR,FR,actual_load,Actual Load,2026-07-05T12:20:00Z
2026-07-05T12:19:30Z,2026-07-05T14:19:30+0200,4432c355-9488-4e0d-b987-b7dab09a434c,2026-06-27T10:30:00Z,2026-06-27T12:30:00+0200,50620.89,MW,FR,FR,actual_load,Actual Load,2026-07-05T12:20:00Z
2026-07-05T12:19:30Z,2026-07-05T14:19:30+0200,4432c355-9488-4e0d-b987-b7dab09a434c,2026-06-27T10:45:00Z,2026-06-27T12:45:00+0200,50441.59,MW,FR,FR,actual_load,Actual Load,2026-07-05T12:20:00Z
2026-07-05T12:19:30Z,2026-07-05T14:19:30+0200,4432c355-9488-4e0d-b987-b7dab09a434c,2026-06-27T11:00:00Z,2026-06-27T13:00:00+0200,50377.29,MW,FR,FR,actual_load,Actual Load,2026-07-05T12:20:00Z
2026-07-05T12:19:30Z,2026-07-05T14:19:30+0200,4432c355-9488-4e0d-b987-b7dab09a434c,2026-06-27T11:15:00Z,2026-06-27T13:15:00+0200,49873.21,MW,FR,FR,actual_load,Actual Load,2026-07-05T12:20:00Z
2026-07-05T12:19:30Z,2026-07-05T14:19:30+0200,4432c355-9488-4e0d-b987-b7dab09a434c,2026-06-27T11:30:00Z,2026-06-27T13:30:00+0200,49645.75,MW,FR,FR,actual_load,Actual Load,2026-07-05T12:20:00Z
2026-07-05T12:19:30Z,2026-07-05T14:19:30+0200,4432c355-9488-4e0d-b987-b7dab09a434c,2026-06-27T11:45:00Z,2026-06-27T13:45:00+0200,49617.06,MW,FR,FR,actual_load,Actual Load,2026-07-05T12:20:00Z
2026-07-05T12:19:30Z,2026-07-05T14:19:30+0200,4432c355-9488-4e0d-b987-b7dab09a434c,2026-06-27T12:00:00Z,2026-06-27T14:00:00+0200,50254.8,MW,FR,FR,actual_load,Actual Load,2026-07-05T12:20:00Z
2026-07-05T12:19:30Z,2026-07-05T14:19:30+0200,4432c355-9488-4e0d-b987-b7dab09a434c,2026-06-27T12:15:00Z,2026-06-27T14:15:00+0200,50088.36,MW,FR,FR,actual_load,Actual Load,2026-07-05T12:20:00Z
2026-07-05T12:19:30Z,2026-07-05T14:19:30+0200,4432c355-9488-4e0d-b987-b7dab09a434c,2026-06-27T12:30:00Z,2026-06-27T14:30:00+0200,50135.36,MW,FR,FR,actual_load,Actual Load,2026-07-05T12:20:00Z
2026-07-05T12:19:30Z,2026-07-05T14:19:30+0200,4432c355-9488-4e0d-b987-b7dab09a434c,2026-06-27T12:45:00Z,2026-06-27T14:45:00+0200,49799.43,MW,FR,FR,actual_load,Actual Load,2026-07-05T12:20:00Z
2026-07-05T12:19:30Z,2026-07-05T14:19:30+0200,4432c355-9488-4e0d-b987-b7dab09a434c,2026-06-27T13:00:00Z,2026-06-27T15:00:00+0200,50067.13,MW,FR,FR,actual_load,Actual Load,2026-07-05T12:20:00Z
2026-07-05T12:19:30Z,2026-07-05T14:19:30+0200,4432c355-9488-4e0d-b987-b7dab09a434c,2026-06-27T13:15:00Z,2026-06-27T15:15:00+0200,49436.28,MW,FR,FR,actual_load,Actual Load,2026-07-05T12:20:00Z
2026-07-05T12:19:30Z,2026-07-05T14:19:30+0200,4432c355-9488-4e0d-b987-b7dab09a434c,2026-06-27T13:30:00Z,2026-06-27T15:30:00+0200,48985.82,MW,FR,FR,actual_load,Actual Load,2026-07-05T12:20:00Z
2026-07-05T12:19:30Z,2026-07-05T14:19:30+0200,4432c355-9488-4e0d-b987-b7dab09a434c,2026-06-27T13:45:00Z,2026-06-27T15:45:00+0200,48762.86,MW,FR,FR,actual_load,Actual Load,2026-07-05T12:20:00Z
2026-07-05T12:19:30Z,2026-07-05T14:19:30+0200,4432c355-9488-4e0d-b987-b7dab09a434c,2026-06-27T14:00:00Z,2026-06-27T16:00:00+0200,48734.87,MW,FR,FR,actual_load,Actual Load,2026-07-05T12:20:00Z
2026-07-05T12:19:30Z,2026-07-05T14:19:30+0200,4432c355-9488-4e0d-b987-b7dab09a434c,2026-06-27T14:15:00Z,2026-06-27T16:15:00+0200,48619.59,MW,FR,FR,actual_load,Actual Load,2026-07-05T12:20:00Z
2026-07-05T12:19:30Z,2026-07-05T14:19:30+0200,4432c355-9488-4e0d-b987-b7dab09a434c,2026-06-27T14:30:00Z,2026-06-27T16:30:00+0200,48593.46,MW,FR,FR,actual_load,Actual Load,2026-07-05T12:20:00Z
2026-07-05T12:19:30Z,2026-07-05T14:19:30+0200,4432c355-9488-4e0d-b987-b7dab09a434c,2026-06-27T14:45:00Z,2026-06-27T16:45:00+0200,48730.69,MW,FR,FR,actual_load,Actual Load,2026-07-05T12:20:00Z
2026-07-05T12:19:30Z,2026-07-05T14:19:30+0200,4432c355-9488-4e0d-b987-b7dab09a434c,2026-06-27T15:00:00Z,2026-06-27T17:00:00+0200,48750.4,MW,FR,FR,actual_load,Actual Load,2026-07-05T12:20:00Z
2026-07-05T12:19:30Z,2026-07-05T14:19:30+0200,4432c355-9488-4e0d-b987-b7dab09a434c,2026-06-27T15:15:00Z,2026-06-27T17:15:00+0200,49130.17,MW,FR,FR,actual_load,Actual Load,2026-07-05T12:20:00Z
2026-07-05T12:19:30Z,2026-07-05T14:19:30+0200,4432c355-9488-4e0d-b987-b7dab09a434c,2026-06-27T15:30:00Z,2026-06-27T17:30:00+0200,49295.26,MW,FR,FR,actual_load,Actual Load,2026-07-05T12:20:00Z
2026-07-05T12:19:30Z,2026-07-05T14:19:30+0200,4432c355-9488-4e0d-b987-b7dab09a434c,2026-06-27T15:45:00Z,2026-06-27T17:45:00+0200,49372.92,MW,FR,FR,actual_load,Actual Load,2026-07-05T12:20:00Z
2026-07-05T12:19:30Z,2026-07-05T14:19:30+0200,4432c355-9488-4e0d-b987-b7dab09a434c,2026-06-27T16:00:00Z,2026-06-27T18:00:00+0200,49789.09,MW,FR,FR,actual_load,Actual Load,2026-07-05T12:20:00Z
2026-07-05T12:19:30Z,2026-07-05T14:19:30+0200,4432c355-9488-4e0d-b987-b7dab09a434c,2026-06-27T16:15:00Z,2026-06-27T18:15:00+0200,50107.93,MW,FR,FR,actual_load,Actual Load,2026-07-05T12:20:00Z
2026-07-05T12:19:30Z,2026-07-05T14:19:30+0200,4432c355-9488-4e0d-b987-b7dab09a434c,2026-06-27T16:30:00Z,2026-06-27T18:30:00+0200,50378.09,MW,FR,FR,actual_load,Actual Load,2026-07-05T12:20:00Z
2026-07-05T12:19:30Z,2026-07-05T14:19:30+0200,4432c355-9488-4e0d-b987-b7dab09a434c,2026-06-27T16:45:00Z,2026-06-27T18:45:00+0200,50585.04,MW,FR,FR,actual_load,Actual Load,2026-07-05T12:20:00Z
2026-07-05T12:19:30Z,2026-07-05T14:19:30+0200,4432c355-9488-4e0d-b987-b7dab09a434c,2026-06-27T17:00:00Z,2026-06-27T19:00:00+0200,50745.0,MW,FR,FR,actual_load,Actual Load,2026-07-05T12:20:00Z
2026-07-05T12:19:30Z,2026-07-05T14:19:30+0200,4432c355-9488-4e0d-b987-b7dab09a434c,2026-06-27T17:15:00Z,2026-06-27T19:15:00+0200,50769.04,MW,FR,FR,actual_load,Actual Load,2026-07-05T12:20:00Z
2026-07-05T12:19:30Z,2026-07-05T14:19:30+0200,4432c355-9488-4e0d-b987-b7dab09a434c,2026-06-27T17:30:00Z,2026-06-27T19:30:00+0200,50379.3,MW,FR,FR,actual_load,Actual Load,2026-07-05T12:20:00Z
2026-07-05T12:19:30Z,2026-07-05T14:19:30+0200,4432c355-9488-4e0d-b987-b7dab09a434c,2026-06-27T17:45:00Z,2026-06-27T19:45:00+0200,50318.08,MW,FR,FR,actual_load,Actual Load,2026-07-05T12:20:00Z
2026-07-05T12:19:30Z,2026-07-05T14:19:30+0200,4432c355-9488-4e0d-b987-b7dab09a434c,2026-06-27T18:00:00Z,2026-06-27T20:00:00+0200,50100.84,MW,FR,FR,actual_load,Actual Load,2026-07-05T12:20:00Z
2026-07-05T12:19:30Z,2026-07-05T14:19:30+0200,4432c355-9488-4e0d-b987-b7dab09a434c,2026-06-27T18:15:00Z,2026-06-27T20:15:00+0200,49635.54,MW,FR,FR,actual_load,Actual Load,2026-07-05T12:20:00Z
2026-07-05T12:19:30Z,2026-07-05T14:19:30+0200,4432c355-9488-4e0d-b987-b7dab09a434c,2026-06-27T18:30:00Z,2026-06-27T20:30:00+0200,49290.13,MW,FR,FR,actual_load,Actual Load,2026-07-05T12:20:00Z
2026-07-05T12:19:30Z,2026-07-05T14:19:30+0200,4432c355-9488-4e0d-b987-b7dab09a434c,2026-06-27T18:45:00Z,2026-06-27T20:45:00+0200,49069.39,MW,FR,FR,actual_load,Actual Load,2026-07-05T12:20:00Z
2026-07-05T12:19:30Z,2026-07-05T14:19:30+0200,4432c355-9488-4e0d-b987-b7dab09a434c,2026-06-27T19:00:00Z,2026-06-27T21:00:00+0200,48686.3,MW,FR,FR,actual_load,Actual Load,2026-07-05T12:20:00Z
2026-07-05T12:19:30Z,2026-07-05T14:19:30+0200,4432c355-9488-4e0d-b987-b7dab09a434c,2026-06-27T19:15:00Z,2026-06-27T21:15:00+0200,48073.04,MW,FR,FR,actual_load,Actual Load,2026-07-05T12:20:00Z
2026-07-05T12:19:30Z,2026-07-05T14:19:30+0200,4432c355-9488-4e0d-b987-b7dab09a434c,2026-06-27T19:30:00Z,2026-06-27T21:30:00+0200,47727.18,MW,FR,FR,actual_load,Actual Load,2026-07-05T12:20:00Z
2026-07-05T12:19:30Z,2026-07-05T14:19:30+0200,4432c355-9488-4e0d-b987-b7dab09a434c,2026-06-27T19:45:00Z,2026-06-27T21:45:00+0200,47664.65,MW,FR,FR,actual_load,Actual Load,2026-07-05T12:20:00Z
2026-07-05T12:19:30Z,2026-07-05T14:19:30+0200,4432c355-9488-4e0d-b987-b7dab09a434c,2026-06-27T20:00:00Z,2026-06-27T22:00:00+0200,48600.55,MW,FR,FR,actual_load,Actual Load,2026-07-05T12:20:00Z
2026-07-05T12:19:30Z,2026-07-05T14:19:30+0200,4432c355-9488-4e0d-b987-b7dab09a434c,2026-06-27T20:15:00Z,2026-06-27T22:15:00+0200,48523.61,MW,FR,FR,actual_load,Actual Load,2026-07-05T12:20:00Z
2026-07-05T12:19:30Z,2026-07-05T14:19:30+0200,4432c355-9488-4e0d-b987-b7dab09a434c,2026-06-27T20:30:00Z,2026-06-27T22:30:00+0200,49630.96,MW,FR,FR,actual_load,Actual Load,2026-07-05T12:20:00Z
2026-07-05T12:19:30Z,2026-07-05T14:19:30+0200,4432c355-9488-4e0d-b987-b7dab09a434c,2026-06-27T20:45:00Z,2026-06-27T22:45:00+0200,48760.67,MW,FR,FR,actual_load,Actual Load,2026-07-05T12:20:00Z
2026-07-05T12:19:30Z,2026-07-05T14:19:30+0200,4432c355-9488-4e0d-b987-b7dab09a434c,2026-06-27T21:00:00Z,2026-06-27T23:00:00+0200,48379.0,MW,FR,FR,actual_load,Actual Load,2026-07-05T12:20:00Z
2026-07-05T12:19:30Z,2026-07-05T14:19:30+0200,4432c355-9488-4e0d-b987-b7dab09a434c,2026-06-27T21:15:00Z,2026-06-27T23:15:00+0200,47340.34,MW,FR,FR,actual_load,Actual Load,2026-07-05T12:20:00Z
2026-07-05T12:19:30Z,2026-07-05T14:19:30+0200,4432c355-9488-4e0d-b987-b7dab09a434c,2026-06-27T21:30:00Z,2026-06-27T23:30:00+0200,47557.13,MW,FR,FR,actual_load,Actual Load,2026-07-05T12:20:00Z
2026-07-05T12:19:30Z,2026-07-05T14:19:30+0200,4432c355-9488-4e0d-b987-b7dab09a434c,2026-06-27T21:45:00Z,2026-06-27T23:45:00+0200,46376.22,MW,FR,FR,actual_load,Actual Load,2026-07-05T12:20:00Z
2026-07-05T12:19:30Z,2026-07-05T14:19:30+0200,4432c355-9488-4e0d-b987-b7dab09a434c,2026-06-27T22:00:00Z,2026-06-28T00:00:00+0200,45959.86,MW,FR,FR,actual_load,Actual Load,2026-07-05T12:20:00Z
2026-07-05T12:19:30Z,2026-07-05T14:19:30+0200,4432c355-9488-4e0d-b987-b7dab09a434c,2026-06-27T22:15:00Z,2026-06-28T00:15:00+0200,44928.84,MW,FR,FR,actual_load,Actual Load,2026-07-05T12:20:00Z
2026-07-05T12:19:30Z,2026-07-05T14:19:30+0200,4432c355-9488-4e0d-b987-b7dab09a434c,2026-06-27T22:30:00Z,2026-06-28T00:30:00+0200,43381.34,MW,FR,FR,actual_load,Actual Load,2026-07-05T12:20:00Z
2026-07-05T12:19:30Z,2026-07-05T14:19:30+0200,4432c355-9488-4e0d-b987-b7dab09a434c,2026-06-27T22:45:00Z,2026-06-28T00:45:00+0200,42646.24,MW,FR,FR,actual_load,Actual Load,2026-07-05T12:20:00Z
2026-07-05T12:19:30Z,2026-07-05T14:19:30+0200,4432c355-9488-4e0d-b987-b7dab09a434c,2026-06-27T23:00:00Z,2026-06-28T01:00:00+0200,42846.36,MW,FR,FR,actual_load,Actual Load,2026-07-05T12:20:00Z
2026-07-05T12:19:30Z,2026-07-05T14:19:30+0200,4432c355-9488-4e0d-b987-b7dab09a434c,2026-06-27T23:15:00Z,2026-06-28T01:15:00+0200,42312.17,MW,FR,FR,actual_load,Actual Load,2026-07-05T12:20:00Z
2026-07-05T12:19:30Z,2026-07-05T14:19:30+0200,4432c355-9488-4e0d-b987-b7dab09a434c,2026-06-27T23:30:00Z,2026-06-28T01:30:00+0200,42128.86,MW,FR,FR,actual_load,Actual Load,2026-07-05T12:20:00Z
2026-07-05T12:19:30Z,2026-07-05T14:19:30+0200,4432c355-9488-4e0d-b987-b7dab09a434c,2026-06-27T23:45:00Z,2026-06-28T01:45:00+0200,41527.87,MW,FR,FR,actual_load,Actual Load,2026-07-05T12:20:00Z
2026-07-05T12:19:30Z,2026-07-05T14:19:30+0200,4432c355-9488-4e0d-b987-b7dab09a434c,2026-06-28T00:00:00Z,2026-06-28T02:00:00+0200,41309.94,MW,FR,FR,actual_load,Actual Load,2026-07-05T12:20:00Z
2026-07-05T12:19:30Z,2026-07-05T14:19:30+0200,4432c355-9488-4e0d-b987-b7dab09a434c,2026-06-28T00:15:00Z,2026-06-28T02:15:00+0200,40412.43,MW,FR,FR,actual_load,Actual Load,2026-07-05T12:20:00Z
2026-07-05T12:19:30Z,2026-07-05T14:19:30+0200,4432c355-9488-4e0d-b987-b7dab09a434c,2026-06-28T00:30:00Z,2026-06-28T02:30:00+0200,39682.66,MW,FR,FR,actual_load,Actual Load,2026-07-05T12:20:00Z
2026-07-05T12:19:30Z,2026-07-05T14:19:30+0200,4432c355-9488-4e0d-b987-b7dab09a434c,2026-06-28T00:45:00Z,2026-06-28T02:45:00+0200,38942.96,MW,FR,FR,actual_load,Actual Load,2026-07-05T12:20:00Z
2026-07-05T12:19:30Z,2026-07-05T14:19:30+0200,4432c355-9488-4e0d-b987-b7dab09a434c,2026-06-28T01:00:00Z,2026-06-28T03:00:00+0200,38626.86,MW,FR,FR,actual_load,Actual Load,2026-07-05T12:20:00Z
2026-07-05T12:19:30Z,2026-07-05T14:19:30+0200,4432c355-9488-4e0d-b987-b7dab09a434c,2026-06-28T01:15:00Z,2026-06-28T03:15:00+0200,38174.01,MW,FR,FR,actual_load,Actual Load,2026-07-05T12:20:00Z
2026-07-05T12:19:30Z,2026-07-05T14:19:30+0200,4432c355-9488-4e0d-b987-b7dab09a434c,2026-06-28T01:30:00Z,2026-06-28T03:30:00+0200,37837.69,MW,FR,FR,actual_load,Actual Load,2026-07-05T12:20:00Z
2026-07-05T12:19:30Z,2026-07-05T14:19:30+0200,4432c355-9488-4e0d-b987-b7dab09a434c,2026-06-28T01:45:00Z,2026-06-28T03:45:00+0200,37424.99,MW,FR,FR,actual_load,Actual Load,2026-07-05T12:20:00Z
2026-07-05T12:19:30Z,2026-07-05T14:19:30+0200,4432c355-9488-4e0d-b987-b7dab09a434c,2026-06-28T02:00:00Z,2026-06-28T04:00:00+0200,37329.73,MW,FR,FR,actual_load,Actual Load,2026-07-05T12:20:00Z
2026-07-05T12:19:30Z,2026-07-05T14:19:30+0200,4432c355-9488-4e0d-b987-b7dab09a434c,2026-06-28T02:15:00Z,2026-06-28T04:15:00+0200,37179.49,MW,FR,FR,actual_load,Actual Load,2026-07-05T12:20:00Z
2026-07-05T12:19:30Z,2026-07-05T14:19:30+0200,4432c355-9488-4e0d-b987-b7dab09a434c,2026-06-28T02:30:00Z,2026-06-28T04:30:00+0200,36999.05,MW,FR,FR,actual_load,Actual Load,2026-07-05T12:20:00Z
2026-07-05T12:19:30Z,2026-07-05T14:19:30+0200,4432c355-9488-4e0d-b987-b7dab09a434c,2026-06-28T02:45:00Z,2026-06-28T04:45:00+0200,36706.87,MW,FR,FR,actual_load,Actual Load,2026-07-05T12:20:00Z
2026-07-05T12:19:30Z,2026-07-05T14:19:30+0200,4432c355-9488-4e0d-b987-b7dab09a434c,2026-06-28T03:00:00Z,2026-06-28T05:00:00+0200,36783.86,MW,FR,FR,actual_load,Actual Load,2026-07-05T12:20:00Z
2026-07-05T12:19:30Z,2026-07-05T14:19:30+0200,4432c355-9488-4e0d-b987-b7dab09a434c,2026-06-28T03:15:00Z,2026-06-28T05:15:00+0200,36595.07,MW,FR,FR,actual_load,Actual Load,2026-07-05T12:20:00Z
2026-07-05T12:19:30Z,2026-07-05T14:19:30+0200,4432c355-9488-4e0d-b987-b7dab09a434c,2026-06-28T03:30:00Z,2026-06-28T05:30:00+0200,36310.02,MW,FR,FR,actual_load,Actual Load,2026-07-05T12:20:00Z
2026-07-05T12:19:30Z,2026-07-05T14:19:30+0200,4432c355-9488-4e0d-b987-b7dab09a434c,2026-06-28T03:45:00Z,2026-06-28T05:45:00+0200,36144.98,MW,FR,FR,actual_load,Actual Load,2026-07-05T12:20:00Z
2026-07-05T12:19:30Z,2026-07-05T14:19:30+0200,4432c355-9488-4e0d-b987-b7dab09a434c,2026-06-28T04:00:00Z,2026-06-28T06:00:00+0200,36067.97,MW,FR,FR,actual_load,Actual Load,2026-07-05T12:20:00Z
2026-07-05T12:19:30Z,2026-07-05T14:19:30+0200,4432c355-9488-4e0d-b987-b7dab09a434c,2026-06-28T04:15:00Z,2026-06-28T06:15:00+0200,36013.44,MW,FR,FR,actual_load,Actual Load,2026-07-05T12:20:00Z
2026-07-05T12:19:30Z,2026-07-05T14:19:30+0200,4432c355-9488-4e0d-b987-b7dab09a434c,2026-06-28T04:30:00Z,2026-06-28T06:30:00+0200,36093.43,MW,FR,FR,actual_load,Actual Load,2026-07-05T12:20:00Z
2026-07-05T12:19:30Z,2026-07-05T14:19:30+0200,4432c355-9488-4e0d-b987-b7dab09a434c,2026-06-28T04:45:00Z,2026-06-28T06:45:00+0200,36309.98,MW,FR,FR,actual_load,Actual Load,2026-07-05T12:20:00Z
2026-07-05T12:19:30Z,2026-07-05T14:19:30+0200,4432c355-9488-4e0d-b987-b7dab09a434c,2026-06-28T05:00:00Z,2026-06-28T07:00:00+0200,36236.31,MW,FR,FR,actual_load,Actual Load,2026-07-05T12:20:00Z
2026-07-05T12:19:30Z,2026-07-05T14:19:30+0200,4432c355-9488-4e0d-b987-b7dab09a434c,2026-06-28T05:15:00Z,2026-06-28T07:15:00+0200,36285.79,MW,FR,FR,actual_load,Actual Load,2026-07-05T12:20:00Z
2026-07-05T12:19:30Z,2026-07-05T14:19:30+0200,4432c355-9488-4e0d-b987-b7dab09a434c,2026-06-28T05:30:00Z,2026-06-28T07:30:00+0200,36486.52,MW,FR,FR,actual_load,Actual Load,2026-07-05T12:20:00Z
2026-07-05T12:19:30Z,2026-07-05T14:19:30+0200,4432c355-9488-4e0d-b987-b7dab09a434c,2026-06-28T05:45:00Z,2026-06-28T07:45:00+0200,36913.96,MW,FR,FR,actual_load,Actual Load,2026-07-05T12:20:00Z
2026-07-05T12:19:30Z,2026-07-05T14:19:30+0200,4432c355-9488-4e0d-b987-b7dab09a434c,2026-06-28T06:00:00Z,2026-06-28T08:00:00+0200,37100.76,MW,FR,FR,actual_load,Actual Load,2026-07-05T12:20:00Z
2026-07-05T12:19:30Z,2026-07-05T14:19:30+0200,4432c355-9488-4e0d-b987-b7dab09a434c,2026-06-28T06:15:00Z,2026-06-28T08:15:00+0200,37514.06,MW,FR,FR,actual_load,Actual Load,2026-07-05T12:20:00Z
2026-07-05T12:19:30Z,2026-07-05T14:19:30+0200,4432c355-9488-4e0d-b987-b7dab09a434c,2026-06-28T06:30:00Z,2026-06-28T08:30:00+0200,38191.62,MW,FR,FR,actual_load,Actual Load,2026-07-05T12:20:00Z
2026-07-05T12:19:30Z,2026-07-05T14:19:30+0200,4432c355-9488-4e0d-b987-b7dab09a434c,2026-06-28T06:45:00Z,2026-06-28T08:45:00+0200,38690.79,MW,FR,FR,actual_load,Actual Load,2026-07-05T12:20:00Z
2026-07-05T12:19:30Z,2026-07-05T14:19:30+0200,4432c355-9488-4e0d-b987-b7dab09a434c,2026-06-28T07:00:00Z,2026-06-28T09:00:00+0200,39368.45,MW,FR,FR,actual_load,Actual Load,2026-07-05T12:20:00Z
2026-07-05T12:19:30Z,2026-07-05T14:19:30+0200,4432c355-9488-4e0d-b987-b7dab09a434c,2026-06-28T07:15:00Z,2026-06-28T09:15:00+0200,40034.83,MW,FR,FR,actual_load,Actual Load,2026-07-05T12:20:00Z
2026-07-05T12:19:30Z,2026-07-05T14:19:30+0200,4432c355-9488-4e0d-b987-b7dab09a434c,2026-06-28T07:30:00Z,2026-06-28T09:30:00+0200,40626.07,MW,FR,FR,actual_load,Actual Load,2026-07-05T12:20:00Z
2026-07-05T12:19:30Z,2026-07-05T14:19:30+0200,4432c355-9488-4e0d-b987-b7dab09a434c,2026-06-28T07:45:00Z,2026-06-28T09:45:00+0200,40933.48,MW,FR,FR,actual_load,Actual Load,2026-07-05T12:20:00Z
2026-07-05T12:19:30Z,2026-07-05T14:19:30+0200,4432c355-9488-4e0d-b987-b7dab09a434c,2026-06-28T08:00:00Z,2026-06-28T10:00:00+0200,41707.45,MW,FR,FR,actual_load,Actual Load,2026-07-05T12:20:00Z
2026-07-05T12:19:30Z,2026-07-05T14:19:30+0200,4432c355-9488-4e0d-b987-b7dab09a434c,2026-06-28T08:15:00Z,2026-06-28T10:15:00+0200,41804.75,MW,FR,FR,actual_load,Actual Load,2026-07-05T12:20:00Z
2026-07-05T12:19:30Z,2026-07-05T14:19:30+0200,4432c355-9488-4e0d-b987-b7dab09a434c,2026-06-28T08:30:00Z,2026-06-28T10:30:00+0200,42533.6,MW,FR,FR,actual_load,Actual Load,2026-07-05T12:20:00Z
2026-07-05T12:19:30Z,2026-07-05T14:19:30+0200,4432c355-9488-4e0d-b987-b7dab09a434c,2026-06-28T08:45:00Z,2026-06-28T10:45:00+0200,43073.5,MW,FR,FR,actual_load,Actual Load,2026-07-05T12:20:00Z
2026-07-05T12:19:30Z,2026-07-05T14:19:30+0200,4432c355-9488-4e0d-b987-b7dab09a434c,2026-06-28T09:00:00Z,2026-06-28T11:00:00+0200,43424.99,MW,FR,FR,actual_load,Actual Load,2026-07-05T12:20:00Z
2026-07-05T12:19:30Z,2026-07-05T14:19:30+0200,4432c355-9488-4e0d-b987-b7dab09a434c,2026-06-28T09:15:00Z,2026-06-28T11:15:00+0200,43363.72,MW,FR,FR,actual_load,Actual Load,2026-07-05T12:20:00Z
2026-07-05T12:19:30Z,2026-07-05T14:19:30+0200,4432c355-9488-4e0d-b987-b7dab09a434c,2026-06-28T09:30:00Z,2026-06-28T11:30:00+0200,43746.75,MW,FR,FR,actual_load,Actual Load,2026-07-05T12:20:00Z
2026-07-05T12:19:30Z,2026-07-05T14:19:30+0200,4432c355-9488-4e0d-b987-b7dab09a434c,2026-06-28T09:45:00Z,2026-06-28T11:45:00+0200,44285.3,MW,FR,FR,actual_load,Actual Load,2026-07-05T12:20:00Z
2026-07-05T12:19:30Z,2026-07-05T14:19:30+0200,4432c355-9488-4e0d-b987-b7dab09a434c,2026-06-28T10:00:00Z,2026-06-28T12:00:00+0200,44980.71,MW,FR,FR,actual_load,Actual Load,2026-07-05T12:20:00Z
2026-07-05T12:19:30Z,2026-07-05T14:19:30+0200,4432c355-9488-4e0d-b987-b7dab09a434c,2026-06-28T10:15:00Z,2026-06-28T12:15:00+0200,45465.66,MW,FR,FR,actual_load,Actual Load,2026-07-05T12:20:00Z
2026-07-05T12:19:30Z,2026-07-05T14:19:30+0200,4432c355-9488-4e0d-b987-b7dab09a434c,2026-06-28T10:30:00Z,2026-06-28T12:30:00+0200,46447.03,MW,FR,FR,actual_load,Actual Load,2026-07-05T12:20:00Z
2026-07-05T12:19:30Z,2026-07-05T14:19:30+0200,4432c355-9488-4e0d-b987-b7dab09a434c,2026-06-28T10:45:00Z,2026-06-28T12:45:00+0200,46218.02,MW,FR,FR,actual_load,Actual Load,2026-07-05T12:20:00Z
2026-07-05T12:19:30Z,2026-07-05T14:19:30+0200,4432c355-9488-4e0d-b987-b7dab09a434c,2026-06-28T11:00:00Z,2026-06-28T13:00:00+0200,45932.82,MW,FR,FR,actual_load,Actual Load,2026-07-05T12:20:00Z
2026-07-05T12:19:30Z,2026-07-05T14:19:30+0200,4432c355-9488-4e0d-b987-b7dab09a434c,2026-06-28T11:15:00Z,2026-06-28T13:15:00+0200,45516.44,MW,FR,FR,actual_load,Actual Load,2026-07-05T12:20:00Z
2026-07-05T12:19:30Z,2026-07-05T14:19:30+0200,4432c355-9488-4e0d-b987-b7dab09a434c,2026-06-28T11:30:00Z,2026-06-28T13:30:00+0200,45080.58,MW,FR,FR,actual_load,Actual Load,2026-07-05T12:20:00Z
2026-07-05T12:19:30Z,2026-07-05T14:19:30+0200,4432c355-9488-4e0d-b987-b7dab09a434c,2026-06-28T11:45:00Z,2026-06-28T13:45:00+0200,45066.65,MW,FR,FR,actual_load,Actual Load,2026-07-05T12:20:00Z
2026-07-05T12:19:30Z,2026-07-05T14:19:30+0200,4432c355-9488-4e0d-b987-b7dab09a434c,2026-06-28T12:00:00Z,2026-06-28T14:00:00+0200,45943.77,MW,FR,FR,actual_load,Actual Load,2026-07-05T12:20:00Z
2026-07-05T12:19:30Z,2026-07-05T14:19:30+0200,4432c355-9488-4e0d-b987-b7dab09a434c,2026-06-28T12:15:00Z,2026-06-28T14:15:00+0200,45705.64,MW,FR,FR,actual_load,Actual Load,2026-07-05T12:20:00Z
2026-07-05T12:19:30Z,2026-07-05T14:19:30+0200,4432c355-9488-4e0d-b987-b7dab09a434c,2026-06-28T12:30:00Z,2026-06-28T14:30:00+0200,45975.8,MW,FR,FR,actual_load,Actual Load,2026-07-05T12:20:00Z
2026-07-05T12:19:30Z,2026-07-05T14:19:30+0200,4432c355-9488-4e0d-b987-b7dab09a434c,2026-06-28T12:45:00Z,2026-06-28T14:45:00+0200,45372.56,MW,FR,FR,actual_load,Actual Load,2026-07-05T12:20:00Z
2026-07-05T12:19:30Z,2026-07-05T14:19:30+0200,4432c355-9488-4e0d-b987-b7dab09a434c,2026-06-28T13:00:00Z,2026-06-28T15:00:00+0200,45692.03,MW,FR,FR,actual_load,Actual Load,2026-07-05T12:20:00Z
2026-07-05T12:19:30Z,2026-07-05T14:19:30+0200,4432c355-9488-4e0d-b987-b7dab09a434c,2026-06-28T13:15:00Z,2026-06-28T15:15:00+0200,45173.01,MW,FR,FR,actual_load,Actual Load,2026-07-05T12:20:00Z
2026-07-05T12:19:30Z,2026-07-05T14:19:30+0200,4432c355-9488-4e0d-b987-b7dab09a434c,2026-06-28T13:30:00Z,2026-06-28T15:30:00+0200,44537.33,MW,FR,FR,actual_load,Actual Load,2026-07-05T12:20:00Z
2026-07-05T12:19:30Z,2026-07-05T14:19:30+0200,4432c355-9488-4e0d-b987-b7dab09a434c,2026-06-28T13:45:00Z,2026-06-28T15:45:00+0200,44378.1,MW,FR,FR,actual_load,Actual Load,2026-07-05T12:20:00Z
2026-07-05T12:19:30Z,2026-07-05T14:19:30+0200,4432c355-9488-4e0d-b987-b7dab09a434c,2026-06-28T14:00:00Z,2026-06-28T16:00:00+0200,44600.91,MW,FR,FR,actual_load,Actual Load,2026-07-05T12:20:00Z
2026-07-05T12:19:30Z,2026-07-05T14:19:30+0200,4432c355-9488-4e0d-b987-b7dab09a434c,2026-06-28T14:15:00Z,2026-06-28T16:15:00+0200,44590.0,MW,FR,FR,actual_load,Actual Load,2026-07-05T12:20:00Z
2026-07-05T12:19:30Z,2026-07-05T14:19:30+0200,4432c355-9488-4e0d-b987-b7dab09a434c,2026-06-28T14:30:00Z,2026-06-28T16:30:00+0200,44674.76,MW,FR,FR,actual_load,Actual Load,2026-07-05T12:20:00Z
2026-07-05T12:19:30Z,2026-07-05T14:19:30+0200,4432c355-9488-4e0d-b987-b7dab09a434c,2026-06-28T14:45:00Z,2026-06-28T16:45:00+0200,45324.69,MW,FR,FR,actual_load,Actual Load,2026-07-05T12:20:00Z
2026-07-05T12:19:30Z,2026-07-05T14:19:30+0200,4432c355-9488-4e0d-b987-b7dab09a434c,2026-06-28T15:00:00Z,2026-06-28T17:00:00+0200,45608.25,MW,FR,FR,actual_load,Actual Load,2026-07-05T12:20:00Z
2026-07-05T12:19:30Z,2026-07-05T14:19:30+0200,4432c355-9488-4e0d-b987-b7dab09a434c,2026-06-28T15:15:00Z,2026-06-28T17:15:00+0200,45601.65,MW,FR,FR,actual_load,Actual Load,2026-07-05T12:20:00Z
2026-07-05T12:19:30Z,2026-07-05T14:19:30+0200,4432c355-9488-4e0d-b987-b7dab09a434c,2026-06-28T15:30:00Z,2026-06-28T17:30:00+0200,45876.55,MW,FR,FR,actual_load,Actual Load,2026-07-05T12:20:00Z
2026-07-05T12:19:30Z,2026-07-05T14:19:30+0200,4432c355-9488-4e0d-b987-b7dab09a434c,2026-06-28T15:45:00Z,2026-06-28T17:45:00+0200,46191.32,MW,FR,FR,actual_load,Actual Load,2026-07-05T12:20:00Z
2026-07-05T12:19:30Z,2026-07-05T14:19:30+0200,4432c355-9488-4e0d-b987-b7dab09a434c,2026-06-28T16:00:00Z,2026-06-28T18:00:00+0200,46650.01,MW,FR,FR,actual_load,Actual Load,2026-07-05T12:20:00Z
2026-07-05T12:19:30Z,2026-07-05T14:19:30+0200,4432c355-9488-4e0d-b987-b7dab09a434c,2026-06-28T16:15:00Z,2026-06-28T18:15:00+0200,47031.97,MW,FR,FR,actual_load,Actual Load,2026-07-05T12:20:00Z
2026-07-05T12:19:30Z,2026-07-05T14:19:30+0200,4432c355-9488-4e0d-b987-b7dab09a434c,2026-06-28T16:30:00Z,2026-06-28T18:30:00+0200,47475.95,MW,FR,FR,actual_load,Actual Load,2026-07-05T12:20:00Z
2026-07-05T12:19:30Z,2026-07-05T14:19:30+0200,4432c355-9488-4e0d-b987-b7dab09a434c,2026-06-28T16:45:00Z,2026-06-28T18:45:00+0200,48068.68,MW,FR,FR,actual_load,Actual Load,2026-07-05T12:20:00Z
2026-07-05T12:19:30Z,2026-07-05T14:19:30+0200,4432c355-9488-4e0d-b987-b7dab09a434c,2026-06-28T17:00:00Z,2026-06-28T19:00:00+0200,48434.06,MW,FR,FR,actual_load,Actual Load,2026-07-05T12:20:00Z
2026-07-05T12:19:30Z,2026-07-05T14:19:30+0200,4432c355-9488-4e0d-b987-b7dab09a434c,2026-06-28T17:15:00Z,2026-06-28T19:15:00+0200,48385.17,MW,FR,FR,actual_load,Actual Load,2026-07-05T12:20:00Z
2026-07-05T12:19:30Z,2026-07-05T14:19:30+0200,4432c355-9488-4e0d-b987-b7dab09a434c,2026-06-28T17:30:00Z,2026-06-28T19:30:00+0200,48229.77,MW,FR,FR,actual_load,Actual Load,2026-07-05T12:20:00Z
2026-07-05T12:19:30Z,2026-07-05T14:19:30+0200,4432c355-9488-4e0d-b987-b7dab09a434c,2026-06-28T17:45:00Z,2026-06-28T19:45:00+0200,48181.46,MW,FR,FR,actual_load,Actual Load,2026-07-05T12:20:00Z
2026-07-05T12:19:30Z,2026-07-05T14:19:30+0200,4432c355-9488-4e0d-b987-b7dab09a434c,2026-06-28T18:00:00Z,2026-06-28T20:00:00+0200,47903.63,MW,FR,FR,actual_load,Actual Load,2026-07-05T12:20:00Z
2026-07-05T12:19:30Z,2026-07-05T14:19:30+0200,4432c355-9488-4e0d-b987-b7dab09a434c,2026-06-28T18:15:00Z,2026-06-28T20:15:00+0200,47449.71,MW,FR,FR,actual_load,Actual Load,2026-07-05T12:20:00Z
2026-07-05T12:19:30Z,2026-07-05T14:19:30+0200,4432c355-9488-4e0d-b987-b7dab09a434c,2026-06-28T18:30:00Z,2026-06-28T20:30:00+0200,47199.54,MW,FR,FR,actual_load,Actual Load,2026-07-05T12:20:00Z
2026-07-05T12:19:30Z,2026-07-05T14:19:30+0200,4432c355-9488-4e0d-b987-b7dab09a434c,2026-06-28T18:45:00Z,2026-06-28T20:45:00+0200,46741.64,MW,FR,FR,actual_load,Actual Load,2026-07-05T12:20:00Z
2026-07-05T12:19:30Z,2026-07-05T14:19:30+0200,4432c355-9488-4e0d-b987-b7dab09a434c,2026-06-28T19:00:00Z,2026-06-28T21:00:00+0200,46722.25,MW,FR,FR,actual_load,Actual Load,2026-07-05T12:20:00Z
2026-07-05T12:19:30Z,2026-07-05T14:19:30+0200,4432c355-9488-4e0d-b987-b7dab09a434c,2026-06-28T19:15:00Z,2026-06-28T21:15:00+0200,46194.03,MW,FR,FR,actual_load,Actual Load,2026-07-05T12:20:00Z
2026-07-05T12:19:30Z,2026-07-05T14:19:30+0200,4432c355-9488-4e0d-b987-b7dab09a434c,2026-06-28T19:30:00Z,2026-06-28T21:30:00+0200,45856.58,MW,FR,FR,actual_load,Actual Load,2026-07-05T12:20:00Z
2026-07-05T12:19:30Z,2026-07-05T14:19:30+0200,4432c355-9488-4e0d-b987-b7dab09a434c,2026-06-28T19:45:00Z,2026-06-28T21:45:00+0200,45677.31,MW,FR,FR,actual_load,Actual Load,2026-07-05T12:20:00Z
2026-07-05T12:19:30Z,2026-07-05T14:19:30+0200,4432c355-9488-4e0d-b987-b7dab09a434c,2026-06-28T20:00:00Z,2026-06-28T22:00:00+0200,46923.77,MW,FR,FR,actual_load,Actual Load,2026-07-05T12:20:00Z
2026-07-05T12:19:30Z,2026-07-05T14:19:30+0200,4432c355-9488-4e0d-b987-b7dab09a434c,2026-06-28T20:15:00Z,2026-06-28T22:15:00+0200,46961.67,MW,FR,FR,actual_load,Actual Load,2026-07-05T12:20:00Z
2026-07-05T12:19:30Z,2026-07-05T14:19:30+0200,4432c355-9488-4e0d-b987-b7dab09a434c,2026-06-28T20:30:00Z,2026-06-28T22:30:00+0200,48088.24,MW,FR,FR,actual_load,Actual Load,2026-07-05T12:20:00Z
2026-07-05T12:19:30Z,2026-07-05T14:19:30+0200,4432c355-9488-4e0d-b987-b7dab09a434c,2026-06-28T20:45:00Z,2026-06-28T22:45:00+0200,47515.04,MW,FR,FR,actual_load,Actual Load,2026-07-05T12:20:00Z
2026-07-05T12:19:30Z,2026-07-05T14:19:30+0200,4432c355-9488-4e0d-b987-b7dab09a434c,2026-06-28T21:00:00Z,2026-06-28T23:00:00+0200,47231.34,MW,FR,FR,actual_load,Actual Load,2026-07-05T12:20:00Z
2026-07-05T12:19:30Z,2026-07-05T14:19:30+0200,4432c355-9488-4e0d-b987-b7dab09a434c,2026-06-28T21:15:00Z,2026-06-28T23:15:00+0200,46092.2,MW,FR,FR,actual_load,Actual Load,2026-07-05T12:20:00Z
2026-07-05T12:19:30Z,2026-07-05T14:19:30+0200,4432c355-9488-4e0d-b987-b7dab09a434c,2026-06-28T21:30:00Z,2026-06-28T23:30:00+0200,46031.79,MW,FR,FR,actual_load,Actual Load,2026-07-05T12:20:00Z
2026-07-05T12:19:30Z,2026-07-05T14:19:30+0200,4432c355-9488-4e0d-b987-b7dab09a434c,2026-06-28T21:45:00Z,2026-06-28T23:45:00+0200,44900.76,MW,FR,FR,actual_load,Actual Load,2026-07-05T12:20:00Z
2026-07-05T12:19:30Z,2026-07-05T14:19:30+0200,4432c355-9488-4e0d-b987-b7dab09a434c,2026-06-28T22:00:00Z,2026-06-29T00:00:00+0200,44374.64,MW,FR,FR,actual_load,Actual Load,2026-07-05T12:20:00Z
2026-07-05T12:19:30Z,2026-07-05T14:19:30+0200,4432c355-9488-4e0d-b987-b7dab09a434c,2026-06-28T22:15:00Z,2026-06-29T00:15:00+0200,43253.74,MW,FR,FR,actual_load,Actual Load,2026-07-05T12:20:00Z
2026-07-05T12:19:30Z,2026-07-05T14:19:30+0200,4432c355-9488-4e0d-b987-b7dab09a434c,2026-06-28T22:30:00Z,2026-06-29T00:30:00+0200,42103.69,MW,FR,FR,actual_load,Actual Load,2026-07-05T12:20:00Z
2026-07-05T12:19:30Z,2026-07-05T14:19:30+0200,4432c355-9488-4e0d-b987-b7dab09a434c,2026-06-28T22:45:00Z,2026-06-29T00:45:00+0200,41044.01,MW,FR,FR,actual_load,Actual Load,2026-07-05T12:20:00Z
2026-07-05T12:19:30Z,2026-07-05T14:19:30+0200,4432c355-9488-4e0d-b987-b7dab09a434c,2026-06-28T23:00:00Z,2026-06-29T01:00:00+0200,41324.56,MW,FR,FR,actual_load,Actual Load,2026-07-05T12:20:00Z
2026-07-05T12:19:30Z,2026-07-05T14:19:30+0200,4432c355-9488-4e0d-b987-b7dab09a434c,2026-06-28T23:15:00Z,2026-06-29T01:15:00+0200,40658.54,MW,FR,FR,actual_load,Actual Load,2026-07-05T12:20:00Z
2026-07-05T12:19:30Z,2026-07-05T14:19:30+0200,4432c355-9488-4e0d-b987-b7dab09a434c,2026-06-28T23:30:00Z,2026-06-29T01:30:00+0200,40795.79,MW,FR,FR,actual_load,Actual Load,2026-07-05T12:20:00Z
2026-07-05T12:19:30Z,2026-07-05T14:19:30+0200,4432c355-9488-4e0d-b987-b7dab09a434c,2026-06-28T23:45:00Z,2026-06-29T01:45:00+0200,39841.83,MW,FR,FR,actual_load,Actual Load,2026-07-05T12:20:00Z
2026-07-05T12:19:30Z,2026-07-05T14:19:30+0200,4432c355-9488-4e0d-b987-b7dab09a434c,2026-06-29T00:00:00Z,2026-06-29T02:00:00+0200,39677.99,MW,FR,FR,actual_load,Actual Load,2026-07-05T12:20:00Z
2026-07-05T12:19:30Z,2026-07-05T14:19:30+0200,4432c355-9488-4e0d-b987-b7dab09a434c,2026-06-29T00:15:00Z,2026-06-29T02:15:00+0200,38954.46,MW,FR,FR,actual_load,Actual Load,2026-07-05T12:20:00Z
2026-07-05T12:19:30Z,2026-07-05T14:19:30+0200,4432c355-9488-4e0d-b987-b7dab09a434c,2026-06-29T00:30:00Z,2026-06-29T02:30:00+0200,38325.03,MW,FR,FR,actual_load,Actual Load,2026-07-05T12:20:00Z
2026-07-05T12:19:30Z,2026-07-05T14:19:30+0200,4432c355-9488-4e0d-b987-b7dab09a434c,2026-06-29T00:45:00Z,2026-06-29T02:45:00+0200,37559.03,MW,FR,FR,actual_load,Actual Load,2026-07-05T12:20:00Z
2026-07-05T12:19:30Z,2026-07-05T14:19:30+0200,4432c355-9488-4e0d-b987-b7dab09a434c,2026-06-29T01:00:00Z,2026-06-29T03:00:00+0200,37182.12,MW,FR,FR,actual_load,Actual Load,2026-07-05T12:20:00Z
2026-07-05T12:19:30Z,2026-07-05T14:19:30+0200,4432c355-9488-4e0d-b987-b7dab09a434c,2026-06-29T01:15:00Z,2026-06-29T03:15:00+0200,36889.45,MW,FR,FR,actual_load,Actual Load,2026-07-05T12:20:00Z
2026-07-05T12:19:30Z,2026-07-05T14:19:30+0200,4432c355-9488-4e0d-b987-b7dab09a434c,2026-06-29T01:30:00Z,2026-06-29T03:30:00+0200,36689.3,MW,FR,FR,actual_load,Actual Load,2026-07-05T12:20:00Z
2026-07-05T12:19:30Z,2026-07-05T14:19:30+0200,4432c355-9488-4e0d-b987-b7dab09a434c,2026-06-29T01:45:00Z,2026-06-29T03:45:00+0200,36454.64,MW,FR,FR,actual_load,Actual Load,2026-07-05T12:20:00Z
2026-07-05T12:19:30Z,2026-07-05T14:19:30+0200,4432c355-9488-4e0d-b987-b7dab09a434c,2026-06-29T02:00:00Z,2026-06-29T04:00:00+0200,36459.77,MW,FR,FR,actual_load,Actual Load,2026-07-05T12:20:00Z
2026-07-05T12:19:30Z,2026-07-05T14:19:30+0200,4432c355-9488-4e0d-b987-b7dab09a434c,2026-06-29T02:15:00Z,2026-06-29T04:15:00+0200,36448.41,MW,FR,FR,actual_load,Actual Load,2026-07-05T12:20:00Z
2026-07-05T12:19:30Z,2026-07-05T14:19:30+0200,4432c355-9488-4e0d-b987-b7dab09a434c,2026-06-29T02:30:00Z,2026-06-29T04:30:00+0200,36735.75,MW,FR,FR,actual_load,Actual Load,2026-07-05T12:20:00Z
2026-07-05T12:19:30Z,2026-07-05T14:19:30+0200,4432c355-9488-4e0d-b987-b7dab09a434c,2026-06-29T02:45:00Z,2026-06-29T04:45:00+0200,36833.15,MW,FR,FR,actual_load,Actual Load,2026-07-05T12:20:00Z
2026-07-05T12:19:30Z,2026-07-05T14:19:30+0200,4432c355-9488-4e0d-b987-b7dab09a434c,2026-06-29T03:00:00Z,2026-06-29T05:00:00+0200,37546.62,MW,FR,FR,actual_load,Actual Load,2026-07-05T12:20:00Z
2026-07-05T12:19:30Z,2026-07-05T14:19:30+0200,4432c355-9488-4e0d-b987-b7dab09a434c,2026-06-29T03:15:00Z,2026-06-29T05:15:00+0200,38008.83,MW,FR,FR,actual_load,Actual Load,2026-07-05T12:20:00Z
2026-07-05T12:19:30Z,2026-07-05T14:19:30+0200,4432c355-9488-4e0d-b987-b7dab09a434c,2026-06-29T03:30:00Z,2026-06-29T05:30:00+0200,38256.0,MW,FR,FR,actual_load,Actual Load,2026-07-05T12:20:00Z
2026-07-05T12:19:30Z,2026-07-05T14:19:30+0200,4432c355-9488-4e0d-b987-b7dab09a434c,2026-06-29T03:45:00Z,2026-06-29T05:45:00+0200,38694.6,MW,FR,FR,actual_load,Actual Load,2026-07-05T12:20:00Z
2026-07-05T12:19:30Z,2026-07-05T14:19:30+0200,4432c355-9488-4e0d-b987-b7dab09a434c,2026-06-29T04:00:00Z,2026-06-29T06:00:00+0200,39925.38,MW,FR,FR,actual_load,Actual Load,2026-07-05T12:20:00Z
2026-07-05T12:19:30Z,2026-07-05T14:19:30+0200,4432c355-9488-4e0d-b987-b7dab09a434c,2026-06-29T04:15:00Z,2026-06-29T06:15:00+0200,40611.81,MW,FR,FR,actual_load,Actual Load,2026-07-05T12:20:00Z
2026-07-05T12:19:30Z,2026-07-05T14:19:30+0200,4432c355-9488-4e0d-b987-b7dab09a434c,2026-06-29T04:30:00Z,2026-06-29T06:30:00+0200,41408.2,MW,FR,FR,actual_load,Actual Load,2026-07-05T12:20:00Z
2026-07-05T12:19:30Z,2026-07-05T14:19:30+0200,4432c355-9488-4e0d-b987-b7dab09a434c,2026-06-29T04:45:00Z,2026-06-29T06:45:00+0200,42218.36,MW,FR,FR,actual_load,Actual Load,2026-07-05T12:20:00Z
2026-07-05T12:19:30Z,2026-07-05T14:19:30+0200,4432c355-9488-4e0d-b987-b7dab09a434c,2026-06-29T05:00:00Z,2026-06-29T07:00:00+0200,43122.14,MW,FR,FR,actual_load,Actual Load,2026-07-05T12:20:00Z
2026-07-05T12:19:30Z,2026-07-05T14:19:30+0200,4432c355-9488-4e0d-b987-b7dab09a434c,2026-06-29T05:15:00Z,2026-06-29T07:15:00+0200,43868.24,MW,FR,FR,actual_load,Actual Load,2026-07-05T12:20:00Z
2026-07-05T12:19:30Z,2026-07-05T14:19:30+0200,4432c355-9488-4e0d-b987-b7dab09a434c,2026-06-29T05:30:00Z,2026-06-29T07:30:00+0200,44670.29,MW,FR,FR,actual_load,Actual Load,2026-07-05T12:20:00Z
2026-07-05T12:19:30Z,2026-07-05T14:19:30+0200,4432c355-9488-4e0d-b987-b7dab09a434c,2026-06-29T05:45:00Z,2026-06-29T07:45:00+0200,45531.08,MW,FR,FR,actual_load,Actual Load,2026-07-05T12:20:00Z
2026-07-05T12:19:30Z,2026-07-05T14:19:30+0200,4432c355-9488-4e0d-b987-b7dab09a434c,2026-06-29T06:00:00Z,2026-06-29T08:00:00+0200,46240.62,MW,FR,FR,actual_load,Actual Load,2026-07-05T12:20:00Z
2026-07-05T12:19:30Z,2026-07-05T14:19:30+0200,4432c355-9488-4e0d-b987-b7dab09a434c,2026-06-29T06:15:00Z,2026-06-29T08:15:00+0200,46632.11,MW,FR,FR,actual_load,Actual Load,2026-07-05T12:20:00Z
2026-07-05T12:19:30Z,2026-07-05T14:19:30+0200,4432c355-9488-4e0d-b987-b7dab09a434c,2026-06-29T06:30:00Z,2026-06-29T08:30:00+0200,47179.02,MW,FR,FR,actual_load,Actual Load,2026-07-05T12:20:00Z
2026-07-05T12:19:30Z,2026-07-05T14:19:30+0200,4432c355-9488-4e0d-b987-b7dab09a434c,2026-06-29T06:45:00Z,2026-06-29T08:45:00+0200,47716.55,MW,FR,FR,actual_load,Actual Load,2026-07-05T12:20:00Z
2026-07-05T12:19:30Z,2026-07-05T14:19:30+0200,4432c355-9488-4e0d-b987-b7dab09a434c,2026-06-29T07:00:00Z,2026-06-29T09:00:00+0200,48141.25,MW,FR,FR,actual_load,Actual Load,2026-07-05T12:20:00Z
2026-07-05T12:19:30Z,2026-07-05T14:19:30+0200,4432c355-9488-4e0d-b987-b7dab09a434c,2026-06-29T07:15:00Z,2026-06-29T09:15:00+0200,48423.47,MW,FR,FR,actual_load,Actual Load,2026-07-05T12:20:00Z
2026-07-05T12:19:30Z,2026-07-05T14:19:30+0200,4432c355-9488-4e0d-b987-b7dab09a434c,2026-06-29T07:30:00Z,2026-06-29T09:30:00+0200,48780.28,MW,FR,FR,actual_load,Actual Load,2026-07-05T12:20:00Z
2026-07-05T12:19:30Z,2026-07-05T14:19:30+0200,4432c355-9488-4e0d-b987-b7dab09a434c,2026-06-29T07:45:00Z,2026-06-29T09:45:00+0200,48868.48,MW,FR,FR,actual_load,Actual Load,2026-07-05T12:20:00Z
2026-07-05T12:19:30Z,2026-07-05T14:19:30+0200,4432c355-9488-4e0d-b987-b7dab09a434c,2026-06-29T08:00:00Z,2026-06-29T10:00:00+0200,49316.96,MW,FR,FR,actual_load,Actual Load,2026-07-05T12:20:00Z
2026-07-05T12:19:30Z,2026-07-05T14:19:30+0200,4432c355-9488-4e0d-b987-b7dab09a434c,2026-06-29T08:15:00Z,2026-06-29T10:15:00+0200,49233.27,MW,FR,FR,actual_load,Actual Load,2026-07-05T12:20:00Z
2026-07-05T12:19:30Z,2026-07-05T14:19:30+0200,4432c355-9488-4e0d-b987-b7dab09a434c,2026-06-29T08:30:00Z,2026-06-29T10:30:00+0200,49466.88,MW,FR,FR,actual_load,Actual Load,2026-07-05T12:20:00Z
2026-07-05T12:19:30Z,2026-07-05T14:19:30+0200,4432c355-9488-4e0d-b987-b7dab09a434c,2026-06-29T08:45:00Z,2026-06-29T10:45:00+0200,49685.15,MW,FR,FR,actual_load,Actual Load,2026-07-05T12:20:00Z
2026-07-05T12:19:30Z,2026-07-05T14:19:30+0200,4432c355-9488-4e0d-b987-b7dab09a434c,2026-06-29T09:00:00Z,2026-06-29T11:00:00+0200,50038.07,MW,FR,FR,actual_load,Actual Load,2026-07-05T12:20:00Z
2026-07-05T12:19:30Z,2026-07-05T14:19:30+0200,4432c355-9488-4e0d-b987-b7dab09a434c,2026-06-29T09:15:00Z,2026-06-29T11:15:00+0200,50440.48,MW,FR,FR,actual_load,Actual Load,2026-07-05T12:20:00Z
2026-07-05T12:19:30Z,2026-07-05T14:19:30+0200,4432c355-9488-4e0d-b987-b7dab09a434c,2026-06-29T09:30:00Z,2026-06-29T11:30:00+0200,50770.77,MW,FR,FR,actual_load,Actual Load,2026-07-05T12:20:00Z
2026-07-05T12:19:30Z,2026-07-05T14:19:30+0200,4432c355-9488-4e0d-b987-b7dab09a434c,2026-06-29T09:45:00Z,2026-06-29T11:45:00+0200,51007.62,MW,FR,FR,actual_load,Actual Load,2026-07-05T12:20:00Z
2026-07-05T12:19:30Z,2026-07-05T14:19:30+0200,4432c355-9488-4e0d-b987-b7dab09a434c,2026-06-29T10:00:00Z,2026-06-29T12:00:00+0200,51315.76,MW,FR,FR,actual_load,Actual Load,2026-07-05T12:20:00Z
2026-07-05T12:19:30Z,2026-07-05T14:19:30+0200,4432c355-9488-4e0d-b987-b7dab09a434c,2026-06-29T10:15:00Z,2026-06-29T12:15:00+0200,51474.86,MW,FR,FR,actual_load,Actual Load,2026-07-05T12:20:00Z
2026-07-05T12:19:30Z,2026-07-05T14:19:30+0200,4432c355-9488-4e0d-b987-b7dab09a434c,2026-06-29T10:30:00Z,2026-06-29T12:30:00+0200,51998.93,MW,FR,FR,actual_load,Actual Load,2026-07-05T12:20:00Z
2026-07-05T12:19:30Z,2026-07-05T14:19:30+0200,4432c355-9488-4e0d-b987-b7dab09a434c,2026-06-29T10:45:00Z,2026-06-29T12:45:00+0200,51513.97,MW,FR,FR,actual_load,Actual Load,2026-07-05T12:20:00Z
2026-07-05T12:19:30Z,2026-07-05T14:19:30+0200,4432c355-9488-4e0d-b987-b7dab09a434c,2026-06-29T11:00:00Z,2026-06-29T13:00:00+0200,51355.95,MW,FR,FR,actual_load,Actual Load,2026-07-05T12:20:00Z
2026-07-05T12:19:30Z,2026-07-05T14:19:30+0200,4432c355-9488-4e0d-b987-b7dab09a434c,2026-06-29T11:15:00Z,2026-06-29T13:15:00+0200,51059.5,MW,FR,FR,actual_load,Actual Load,2026-07-05T12:20:00Z
2026-07-05T12:19:30Z,2026-07-05T14:19:30+0200,4432c355-9488-4e0d-b987-b7dab09a434c,2026-06-29T11:30:00Z,2026-06-29T13:30:00+0200,51056.29,MW,FR,FR,actual_load,Actual Load,2026-07-05T12:20:00Z
2026-07-05T12:19:30Z,2026-07-05T14:19:30+0200,4432c355-9488-4e0d-b987-b7dab09a434c,2026-06-29T11:45:00Z,2026-06-29T13:45:00+0200,51299.88,MW,FR,FR,actual_load,Actual Load,2026-07-05T12:20:00Z
2026-07-05T12:19:30Z,2026-07-05T14:19:30+0200,4432c355-9488-4e0d-b987-b7dab09a434c,2026-06-29T12:00:00Z,2026-06-29T14:00:00+0200,52197.59,MW,FR,FR,actual_load,Actual Load,2026-07-05T12:20:00Z
2026-07-05T12:19:30Z,2026-07-05T14:19:30+0200,4432c355-9488-4e0d-b987-b7dab09a434c,2026-06-29T12:15:00Z,2026-06-29T14:15:00+0200,52288.65,MW,FR,FR,actual_load,Actual Load,2026-07-05T12:20:00Z
2026-07-05T12:19:30Z,2026-07-05T14:19:30+0200,4432c355-9488-4e0d-b987-b7dab09a434c,2026-06-29T12:30:00Z,2026-06-29T14:30:00+0200,52177.25,MW,FR,FR,actual_load,Actual Load,2026-07-05T12:20:00Z
2026-07-05T12:19:30Z,2026-07-05T14:19:30+0200,4432c355-9488-4e0d-b987-b7dab09a434c,2026-06-29T12:45:00Z,2026-06-29T14:45:00+0200,51817.46,MW,FR,FR,actual_load,Actual Load,2026-07-05T12:20:00Z
2026-07-05T12:19:30Z,2026-07-05T14:19:30+0200,4432c355-9488-4e0d-b987-b7dab09a434c,2026-06-29T13:00:00Z,2026-06-29T15:00:00+0200,51584.32,MW,FR,FR,actual_load,Actual Load,2026-07-05T12:20:00Z
2026-07-05T12:19:30Z,2026-07-05T14:19:30+0200,4432c355-9488-4e0d-b987-b7dab09a434c,2026-06-29T13:15:00Z,2026-06-29T15:15:00+0200,51242.02,MW,FR,FR,actual_load,Actual Load,2026-07-05T12:20:00Z
2026-07-05T12:19:30Z,2026-07-05T14:19:30+0200,4432c355-9488-4e0d-b987-b7dab09a434c,2026-06-29T13:30:00Z,2026-06-29T15:30:00+0200,50705.04,MW,FR,FR,actual_load,Actual Load,2026-07-05T12:20:00Z
2026-07-05T12:19:30Z,2026-07-05T14:19:30+0200,4432c355-9488-4e0d-b987-b7dab09a434c,2026-06-29T13:45:00Z,2026-06-29T15:45:00+0200,50594.52,MW,FR,FR,actual_load,Actual Load,2026-07-05T12:20:00Z
2026-07-05T12:19:30Z,2026-07-05T14:19:30+0200,4432c355-9488-4e0d-b987-b7dab09a434c,2026-06-29T14:00:00Z,2026-06-29T16:00:00+0200,50349.46,MW,FR,FR,actual_load,Actual Load,2026-07-05T12:20:00Z
2026-07-05T12:19:30Z,2026-07-05T14:19:30+0200,4432c355-9488-4e0d-b987-b7dab09a434c,2026-06-29T14:15:00Z,2026-06-29T16:15:00+0200,49885.45,MW,FR,FR,actual_load,Actual Load,2026-07-05T12:20:00Z
2026-07-05T12:19:30Z,2026-07-05T14:19:30+0200,4432c355-9488-4e0d-b987-b7dab09a434c,2026-06-29T14:30:00Z,2026-06-29T16:30:00+0200,49868.85,MW,FR,FR,actual_load,Actual Load,2026-07-05T12:20:00Z
2026-07-05T12:19:30Z,2026-07-05T14:19:30+0200,4432c355-9488-4e0d-b987-b7dab09a434c,2026-06-29T14:45:00Z,2026-06-29T16:45:00+0200,49980.04,MW,FR,FR,actual_load,Actual Load,2026-07-05T12:20:00Z
2026-07-05T12:19:30Z,2026-07-05T14:19:30+0200,4432c355-9488-4e0d-b987-b7dab09a434c,2026-06-29T15:00:00Z,2026-06-29T17:00:00+0200,50543.67,MW,FR,FR,actual_load,Actual Load,2026-07-05T12:20:00Z
2026-07-05T12:19:30Z,2026-07-05T14:19:30+0200,4432c355-9488-4e0d-b987-b7dab09a434c,2026-06-29T15:15:00Z,2026-06-29T17:15:00+0200,50455.69,MW,FR,FR,actual_load,Actual Load,2026-07-05T12:20:00Z
2026-07-05T12:19:30Z,2026-07-05T14:19:30+0200,4432c355-9488-4e0d-b987-b7dab09a434c,2026-06-29T15:30:00Z,2026-06-29T17:30:00+0200,50449.89,MW,FR,FR,actual_load,Actual Load,2026-07-05T12:20:00Z
2026-07-05T12:19:30Z,2026-07-05T14:19:30+0200,4432c355-9488-4e0d-b987-b7dab09a434c,2026-06-29T15:45:00Z,2026-06-29T17:45:00+0200,50655.46,MW,FR,FR,actual_load,Actual Load,2026-07-05T12:20:00Z
2026-07-05T12:19:30Z,2026-07-05T14:19:30+0200,4432c355-9488-4e0d-b987-b7dab09a434c,2026-06-29T16:00:00Z,2026-06-29T18:00:00+0200,50872.89,MW,FR,FR,actual_load,Actual Load,2026-07-05T12:20:00Z
2026-07-05T12:19:30Z,2026-07-05T14:19:30+0200,4432c355-9488-4e0d-b987-b7dab09a434c,2026-06-29T16:15:00Z,2026-06-29T18:15:00+0200,51447.23,MW,FR,FR,actual_load,Actual Load,2026-07-05T12:20:00Z
2026-07-05T12:19:30Z,2026-07-05T14:19:30+0200,4432c355-9488-4e0d-b987-b7dab09a434c,2026-06-29T16:30:00Z,2026-06-29T18:30:00+0200,51974.93,MW,FR,FR,actual_load,Actual Load,2026-07-05T12:20:00Z
2026-07-05T12:19:30Z,2026-07-05T14:19:30+0200,4432c355-9488-4e0d-b987-b7dab09a434c,2026-06-29T16:45:00Z,2026-06-29T18:45:00+0200,52533.32,MW,FR,FR,actual_load,Actual Load,2026-07-05T12:20:00Z
2026-07-05T12:19:30Z,2026-07-05T14:19:30+0200,4432c355-9488-4e0d-b987-b7dab09a434c,2026-06-29T17:00:00Z,2026-06-29T19:00:00+0200,53056.9,MW,FR,FR,actual_load,Actual Load,2026-07-05T12:20:00Z
2026-07-05T12:19:30Z,2026-07-05T14:19:30+0200,4432c355-9488-4e0d-b987-b7dab09a434c,2026-06-29T17:15:00Z,2026-06-29T19:15:00+0200,52639.57,MW,FR,FR,actual_load,Actual Load,2026-07-05T12:20:00Z
2026-07-05T12:19:30Z,2026-07-05T14:19:30+0200,4432c355-9488-4e0d-b987-b7dab09a434c,2026-06-29T17:30:00Z,2026-06-29T19:30:00+0200,52382.46,MW,FR,FR,actual_load,Actual Load,2026-07-05T12:20:00Z
2026-07-05T12:19:30Z,2026-07-05T14:19:30+0200,4432c355-9488-4e0d-b987-b7dab09a434c,2026-06-29T17:45:00Z,2026-06-29T19:45:00+0200,52001.0,MW,FR,FR,actual_load,Actual Load,2026-07-05T12:20:00Z
2026-07-05T12:19:30Z,2026-07-05T14:19:30+0200,4432c355-9488-4e0d-b987-b7dab09a434c,2026-06-29T18:00:00Z,2026-06-29T20:00:00+0200,51348.46,MW,FR,FR,actual_load,Actual Load,2026-07-05T12:20:00Z
2026-07-05T12:19:30Z,2026-07-05T14:19:30+0200,4432c355-9488-4e0d-b987-b7dab09a434c,2026-06-29T18:15:00Z,2026-06-29T20:15:00+0200,50748.99,MW,FR,FR,actual_load,Actual Load,2026-07-05T12:20:00Z
2026-07-05T12:19:30Z,2026-07-05T14:19:30+0200,4432c355-9488-4e0d-b987-b7dab09a434c,2026-06-29T18:30:00Z,2026-06-29T20:30:00+0200,49954.65,MW,FR,FR,actual_load,Actual Load,2026-07-05T12:20:00Z
2026-07-05T12:19:30Z,2026-07-05T14:19:30+0200,4432c355-9488-4e0d-b987-b7dab09a434c,2026-06-29T18:45:00Z,2026-06-29T20:45:00+0200,49326.05,MW,FR,FR,actual_load,Actual Load,2026-07-05T12:20:00Z
2026-07-05T12:19:30Z,2026-07-05T14:19:30+0200,4432c355-9488-4e0d-b987-b7dab09a434c,2026-06-29T19:00:00Z,2026-06-29T21:00:00+0200,49066.89,MW,FR,FR,actual_load,Actual Load,2026-07-05T12:20:00Z
2026-07-05T12:19:30Z,2026-07-05T14:19:30+0200,4432c355-9488-4e0d-b987-b7dab09a434c,2026-06-29T19:15:00Z,2026-06-29T21:15:00+0200,48602.92,MW,FR,FR,actual_load,Actual Load,2026-07-05T12:20:00Z
2026-07-05T12:19:30Z,2026-07-05T14:19:30+0200,4432c355-9488-4e0d-b987-b7dab09a434c,2026-06-29T19:30:00Z,2026-06-29T21:30:00+0200,48372.22,MW,FR,FR,actual_load,Actual Load,2026-07-05T12:20:00Z
2026-07-05T12:19:30Z,2026-07-05T14:19:30+0200,4432c355-9488-4e0d-b987-b7dab09a434c,2026-06-29T19:45:00Z,2026-06-29T21:45:00+0200,47982.86,MW,FR,FR,actual_load,Actual Load,2026-07-05T12:20:00Z
2026-07-05T12:19:30Z,2026-07-05T14:19:30+0200,4432c355-9488-4e0d-b987-b7dab09a434c,2026-06-29T20:00:00Z,2026-06-29T22:00:00+0200,49136.97,MW,FR,FR,actual_load,Actual Load,2026-07-05T12:20:00Z
2026-07-05T12:19:30Z,2026-07-05T14:19:30+0200,4432c355-9488-4e0d-b987-b7dab09a434c,2026-06-29T20:15:00Z,2026-06-29T22:15:00+0200,48969.77,MW,FR,FR,actual_load,Actual Load,2026-07-05T12:20:00Z
2026-07-05T12:19:30Z,2026-07-05T14:19:30+0200,4432c355-9488-4e0d-b987-b7dab09a434c,2026-06-29T20:30:00Z,2026-06-29T22:30:00+0200,49991.33,MW,FR,FR,actual_load,Actual Load,2026-07-05T12:20:00Z
2026-07-05T12:19:30Z,2026-07-05T14:19:30+0200,4432c355-9488-4e0d-b987-b7dab09a434c,2026-06-29T20:45:00Z,2026-06-29T22:45:00+0200,49198.49,MW,FR,FR,actual_load,Actual Load,2026-07-05T12:20:00Z
2026-07-05T12:19:30Z,2026-07-05T14:19:30+0200,4432c355-9488-4e0d-b987-b7dab09a434c,2026-06-29T21:00:00Z,2026-06-29T23:00:00+0200,48771.04,MW,FR,FR,actual_load,Actual Load,2026-07-05T12:20:00Z
2026-07-05T12:19:30Z,2026-07-05T14:19:30+0200,4432c355-9488-4e0d-b987-b7dab09a434c,2026-06-29T21:15:00Z,2026-06-29T23:15:00+0200,47785.72,MW,FR,FR,actual_load,Actual Load,2026-07-05T12:20:00Z
2026-07-05T12:19:30Z,2026-07-05T14:19:30+0200,4432c355-9488-4e0d-b987-b7dab09a434c,2026-06-29T21:30:00Z,2026-06-29T23:30:00+0200,47789.5,MW,FR,FR,actual_load,Actual Load,2026-07-05T12:20:00Z
2026-07-05T12:19:30Z,2026-07-05T14:19:30+0200,4432c355-9488-4e0d-b987-b7dab09a434c,2026-06-29T21:45:00Z,2026-06-29T23:45:00+0200,46619.34,MW,FR,FR,actual_load,Actual Load,2026-07-05T12:20:00Z
2026-07-05T12:19:30Z,2026-07-05T14:19:30+0200,4432c355-9488-4e0d-b987-b7dab09a434c,2026-06-29T22:00:00Z,2026-06-30T00:00:00+0200,46321.75,MW,FR,FR,actual_load,Actual Load,2026-07-05T12:20:00Z
2026-07-05T12:19:30Z,2026-07-05T14:19:30+0200,4432c355-9488-4e0d-b987-b7dab09a434c,2026-06-29T22:15:00Z,2026-06-30T00:15:00+0200,45205.35,MW,FR,FR,actual_load,Actual Load,2026-07-05T12:20:00Z
2026-07-05T12:19:30Z,2026-07-05T14:19:30+0200,4432c355-9488-4e0d-b987-b7dab09a434c,2026-06-29T22:30:00Z,2026-06-30T00:30:00+0200,43834.25,MW,FR,FR,actual_load,Actual Load,2026-07-05T12:20:00Z
2026-07-05T12:19:30Z,2026-07-05T14:19:30+0200,4432c355-9488-4e0d-b987-b7dab09a434c,2026-06-29T22:45:00Z,2026-06-30T00:45:00+0200,42913.41,MW,FR,FR,actual_load,Actual Load,2026-07-05T12:20:00Z
2026-07-05T12:19:30Z,2026-07-05T14:19:30+0200,4432c355-9488-4e0d-b987-b7dab09a434c,2026-06-29T23:00:00Z,2026-06-30T01:00:00+0200,43212.48,MW,FR,FR,actual_load,Actual Load,2026-07-05T12:20:00Z
2026-07-05T12:19:30Z,2026-07-05T14:19:30+0200,4432c355-9488-4e0d-b987-b7dab09a434c,2026-06-29T23:15:00Z,2026-06-30T01:15:00+0200,42575.96,MW,FR,FR,actual_load,Actual Load,2026-07-05T12:20:00Z
2026-07-05T12:19:30Z,2026-07-05T14:19:30+0200,4432c355-9488-4e0d-b987-b7dab09a434c,2026-06-29T23:30:00Z,2026-06-30T01:30:00+0200,42536.33,MW,FR,FR,actual_load,Actual Load,2026-07-05T12:20:00Z
2026-07-05T12:19:30Z,2026-07-05T14:19:30+0200,4432c355-9488-4e0d-b987-b7dab09a434c,2026-06-29T23:45:00Z,2026-06-30T01:45:00+0200,41853.83,MW,FR,FR,actual_load,Actual Load,2026-07-05T12:20:00Z
2026-07-05T12:19:30Z,2026-07-05T14:19:30+0200,4432c355-9488-4e0d-b987-b7dab09a434c,2026-06-30T00:00:00Z,2026-06-30T02:00:00+0200,41631.36,MW,FR,FR,actual_load,Actual Load,2026-07-05T12:20:00Z
2026-07-05T12:19:30Z,2026-07-05T14:19:30+0200,4432c355-9488-4e0d-b987-b7dab09a434c,2026-06-30T00:15:00Z,2026-06-30T02:15:00+0200,40772.96,MW,FR,FR,actual_load,Actual Load,2026-07-05T12:20:00Z
2026-07-05T12:19:30Z,2026-07-05T14:19:30+0200,4432c355-9488-4e0d-b987-b7dab09a434c,2026-06-30T00:30:00Z,2026-06-30T02:30:00+0200,40229.58,MW,FR,FR,actual_load,Actual Load,2026-07-05T12:20:00Z
2026-07-05T12:19:30Z,2026-07-05T14:19:30+0200,4432c355-9488-4e0d-b987-b7dab09a434c,2026-06-30T00:45:00Z,2026-06-30T02:45:00+0200,39617.46,MW,FR,FR,actual_load,Actual Load,2026-07-05T12:20:00Z
2026-07-05T12:19:30Z,2026-07-05T14:19:30+0200,4432c355-9488-4e0d-b987-b7dab09a434c,2026-06-30T01:00:00Z,2026-06-30T03:00:00+0200,39048.64,MW,FR,FR,actual_load,Actual Load,2026-07-05T12:20:00Z
2026-07-05T12:19:30Z,2026-07-05T14:19:30+0200,4432c355-9488-4e0d-b987-b7dab09a434c,2026-06-30T01:15:00Z,2026-06-30T03:15:00+0200,38701.94,MW,FR,FR,actual_load,Actual Load,2026-07-05T12:20:00Z
2026-07-05T12:19:30Z,2026-07-05T14:19:30+0200,4432c355-9488-4e0d-b987-b7dab09a434c,2026-06-30T01:30:00Z,2026-06-30T03:30:00+0200,38462.69,MW,FR,FR,actual_load,Actual Load,2026-07-05T12:20:00Z
2026-07-05T12:19:30Z,2026-07-05T14:19:30+0200,4432c355-9488-4e0d-b987-b7dab09a434c,2026-06-30T01:45:00Z,2026-06-30T03:45:00+0200,38248.47,MW,FR,FR,actual_load,Actual Load,2026-07-05T12:20:00Z
2026-07-05T12:19:30Z,2026-07-05T14:19:30+0200,4432c355-9488-4e0d-b987-b7dab09a434c,2026-06-30T02:00:00Z,2026-06-30T04:00:00+0200,38208.93,MW,FR,FR,actual_load,Actual Load,2026-07-05T12:20:00Z
2026-07-05T12:19:30Z,2026-07-05T14:19:30+0200,4432c355-9488-4e0d-b987-b7dab09a434c,2026-06-30T02:15:00Z,2026-06-30T04:15:00+0200,38133.46,MW,FR,FR,actual_load,Actual Load,2026-07-05T12:20:00Z
2026-07-05T12:19:30Z,2026-07-05T14:19:30+0200,4432c355-9488-4e0d-b987-b7dab09a434c,2026-06-30T02:30:00Z,2026-06-30T04:30:00+0200,38148.08,MW,FR,FR,actual_load,Actual Load,2026-07-05T12:20:00Z
2026-07-05T12:19:30Z,2026-07-05T14:19:30+0200,4432c355-9488-4e0d-b987-b7dab09a434c,2026-06-30T02:45:00Z,2026-06-30T04:45:00+0200,38228.36,MW,FR,FR,actual_load,Actual Load,2026-07-05T12:20:00Z
2026-07-05T12:19:30Z,2026-07-05T14:19:30+0200,4432c355-9488-4e0d-b987-b7dab09a434c,2026-06-30T03:00:00Z,2026-06-30T05:00:00+0200,39006.68,MW,FR,FR,actual_load,Actual Load,2026-07-05T12:20:00Z
2026-07-05T12:19:30Z,2026-07-05T14:19:30+0200,4432c355-9488-4e0d-b987-b7dab09a434c,2026-06-30T03:15:00Z,2026-06-30T05:15:00+0200,39331.6,MW,FR,FR,actual_load,Actual Load,2026-07-05T12:20:00Z
2026-07-05T12:19:30Z,2026-07-05T14:19:30+0200,4432c355-9488-4e0d-b987-b7dab09a434c,2026-06-30T03:30:00Z,2026-06-30T05:30:00+0200,39598.22,MW,FR,FR,actual_load,Actual Load,2026-07-05T12:20:00Z
2026-07-05T12:19:30Z,2026-07-05T14:19:30+0200,4432c355-9488-4e0d-b987-b7dab09a434c,2026-06-30T03:45:00Z,2026-06-30T05:45:00+0200,39953.14,MW,FR,FR,actual_load,Actual Load,2026-07-05T12:20:00Z
2026-07-05T12:19:30Z,2026-07-05T14:19:30+0200,4432c355-9488-4e0d-b987-b7dab09a434c,2026-06-30T04:00:00Z,2026-06-30T06:00:00+0200,40905.61,MW,FR,FR,actual_load,Actual Load,2026-07-05T12:20:00Z
2026-07-05T12:19:30Z,2026-07-05T14:19:30+0200,4432c355-9488-4e0d-b987-b7dab09a434c,2026-06-30T04:15:00Z,2026-06-30T06:15:00+0200,41680.43,MW,FR,FR,actual_load,Actual Load,2026-07-05T12:20:00Z
2026-07-05T12:19:30Z,2026-07-05T14:19:30+0200,4432c355-9488-4e0d-b987-b7dab09a434c,2026-06-30T04:30:00Z,2026-06-30T06:30:00+0200,42170.49,MW,FR,FR,actual_load,Actual Load,2026-07-05T12:20:00Z
2026-07-05T12:19:30Z,2026-07-05T14:19:30+0200,4432c355-9488-4e0d-b987-b7dab09a434c,2026-06-30T04:45:00Z,2026-06-30T06:45:00+0200,42789.91,MW,FR,FR,actual_load,Actual Load,2026-07-05T12:20:00Z
2026-07-05T12:19:30Z,2026-07-05T14:19:30+0200,4432c355-9488-4e0d-b987-b7dab09a434c,2026-06-30T05:00:00Z,2026-06-30T07:00:00+0200,43606.71,MW,FR,FR,actual_load,Actual Load,2026-07-05T12:20:00Z
2026-07-05T12:19:30Z,2026-07-05T14:19:30+0200,4432c355-9488-4e0d-b987-b7dab09a434c,2026-06-30T05:15:00Z,2026-06-30T07:15:00+0200,44531.46,MW,FR,FR,actual_load,Actual Load,2026-07-05T12:20:00Z
2026-07-05T12:19:30Z,2026-07-05T14:19:30+0200,4432c355-9488-4e0d-b987-b7dab09a434c,2026-06-30T05:30:00Z,2026-06-30T07:30:00+0200,45248.23,MW,FR,FR,actual_load,Actual Load,2026-07-05T12:20:00Z
2026-07-05T12:19:30Z,2026-07-05T14:19:30+0200,4432c355-9488-4e0d-b987-b7dab09a434c,2026-06-30T05:45:00Z,2026-06-30T07:45:00+0200,45893.36,MW,FR,FR,actual_load,Actual Load,2026-07-05T12:20:00Z
2026-07-05T12:19:30Z,2026-07-05T14:19:30+0200,4432c355-9488-4e0d-b987-b7dab09a434c,2026-06-30T06:00:00Z,2026-06-30T08:00:00+0200,46648.41,MW,FR,FR,actual_load,Actual Load,2026-07-05T12:20:00Z
2026-07-05T12:19:30Z,2026-07-05T14:19:30+0200,4432c355-9488-4e0d-b987-b7dab09a434c,2026-06-30T06:15:00Z,2026-06-30T08:15:00+0200,47277.6,MW,FR,FR,actual_load,Actual Load,2026-07-05T12:20:00Z
2026-07-05T12:19:30Z,2026-07-05T14:19:30+0200,4432c355-9488-4e0d-b987-b7dab09a434c,2026-06-30T06:30:00Z,2026-06-30T08:30:00+0200,47831.8,MW,FR,FR,actual_load,Actual Load,2026-07-05T12:20:00Z
2026-07-05T12:19:30Z,2026-07-05T14:19:30+0200,4432c355-9488-4e0d-b987-b7dab09a434c,2026-06-30T06:45:00Z,2026-06-30T08:45:00+0200,48265.66,MW,FR,FR,actual_load,Actual Load,2026-07-05T12:20:00Z
2026-07-05T12:19:30Z,2026-07-05T14:19:30+0200,4432c355-9488-4e0d-b987-b7dab09a434c,2026-06-30T07:00:00Z,2026-06-30T09:00:00+0200,48489.75,MW,FR,FR,actual_load,Actual Load,2026-07-05T12:20:00Z
2026-07-05T12:19:30Z,2026-07-05T14:19:30+0200,4432c355-9488-4e0d-b987-b7dab09a434c,2026-06-30T07:15:00Z,2026-06-30T09:15:00+0200,48718.71,MW,FR,FR,actual_load,Actual Load,2026-07-05T12:20:00Z
2026-07-05T12:19:30Z,2026-07-05T14:19:30+0200,4432c355-9488-4e0d-b987-b7dab09a434c,2026-06-30T07:30:00Z,2026-06-30T09:30:00+0200,49188.49,MW,FR,FR,actual_load,Actual Load,2026-07-05T12:20:00Z
2026-07-05T12:19:30Z,2026-07-05T14:19:30+0200,4432c355-9488-4e0d-b987-b7dab09a434c,2026-06-30T07:45:00Z,2026-06-30T09:45:00+0200,49436.15,MW,FR,FR,actual_load,Actual Load,2026-07-05T12:20:00Z
2026-07-05T12:19:30Z,2026-07-05T14:19:30+0200,4432c355-9488-4e0d-b987-b7dab09a434c,2026-06-30T08:00:00Z,2026-06-30T10:00:00+0200,49701.4,MW,FR,FR,actual_load,Actual Load,2026-07-05T12:20:00Z
2026-07-05T12:19:30Z,2026-07-05T14:19:30+0200,4432c355-9488-4e0d-b987-b7dab09a434c,2026-06-30T08:15:00Z,2026-06-30T10:15:00+0200,49869.36,MW,FR,FR,actual_load,Actual Load,2026-07-05T12:20:00Z
2026-07-05T12:19:30Z,2026-07-05T14:19:30+0200,4432c355-9488-4e0d-b987-b7dab09a434c,2026-06-30T08:30:00Z,2026-06-30T10:30:00+0200,50289.88,MW,FR,FR,actual_load,Actual Load,2026-07-05T12:20:00Z
2026-07-05T12:19:30Z,2026-07-05T14:19:30+0200,4432c355-9488-4e0d-b987-b7dab09a434c,2026-06-30T08:45:00Z,2026-06-30T10:45:00+0200,50411.99,MW,FR,FR,actual_load,Actual Load,2026-07-05T12:20:00Z
2026-07-05T12:19:30Z,2026-07-05T14:19:30+0200,4432c355-9488-4e0d-b987-b7dab09a434c,2026-06-30T09:00:00Z,2026-06-30T11:00:00+0200,50517.9,MW,FR,FR,actual_load,Actual Load,2026-07-05T12:20:00Z
2026-07-05T12:19:30Z,2026-07-05T14:19:30+0200,4432c355-9488-4e0d-b987-b7dab09a434c,2026-06-30T09:15:00Z,2026-06-30T11:15:00+0200,50762.79,MW,FR,FR,actual_load,Actual Load,2026-07-05T12:20:00Z
2026-07-05T12:19:30Z,2026-07-05T14:19:30+0200,4432c355-9488-4e0d-b987-b7dab09a434c,2026-06-30T09:30:00Z,2026-06-30T11:30:00+0200,51320.48,MW,FR,FR,actual_load,Actual Load,2026-07-05T12:20:00Z
2026-07-05T12:19:30Z,2026-07-05T14:19:30+0200,4432c355-9488-4e0d-b987-b7dab09a434c,2026-06-30T09:45:00Z,2026-06-30T11:45:00+0200,51935.75,MW,FR,FR,actual_load,Actual Load,2026-07-05T12:20:00Z
2026-07-05T12:19:30Z,2026-07-05T14:19:30+0200,4432c355-9488-4e0d-b987-b7dab09a434c,2026-06-30T10:00:00Z,2026-06-30T12:00:00+0200,52203.07,MW,FR,FR,actual_load,Actual Load,2026-07-05T12:20:00Z
2026-07-05T12:19:30Z,2026-07-05T14:19:30+0200,4432c355-9488-4e0d-b987-b7dab09a434c,2026-06-30T10:15:00Z,2026-06-30T12:15:00+0200,52340.96,MW,FR,FR,actual_load,Actual Load,2026-07-05T12:20:00Z
2026-07-05T12:19:30Z,2026-07-05T14:19:30+0200,4432c355-9488-4e0d-b987-b7dab09a434c,2026-06-30T10:30:00Z,2026-06-30T12:30:00+0200,52815.02,MW,FR,FR,actual_load,Actual Load,2026-07-05T12:20:00Z
2026-07-05T12:19:30Z,2026-07-05T14:19:30+0200,4432c355-9488-4e0d-b987-b7dab09a434c,2026-06-30T10:45:00Z,2026-06-30T12:45:00+0200,52543.05,MW,FR,FR,actual_load,Actual Load,2026-07-05T12:20:00Z
2026-07-05T12:19:30Z,2026-07-05T14:19:30+0200,4432c355-9488-4e0d-b987-b7dab09a434c,2026-06-30T11:00:00Z,2026-06-30T13:00:00+0200,52256.13,MW,FR,FR,actual_load,Actual Load,2026-07-05T12:20:00Z
2026-07-05T12:19:30Z,2026-07-05T14:19:30+0200,4432c355-9488-4e0d-b987-b7dab09a434c,2026-06-30T11:15:00Z,2026-06-30T13:15:00+0200,52017.04,MW,FR,FR,actual_load,Actual Load,2026-07-05T12:20:00Z
2026-07-05T12:19:30Z,2026-07-05T14:19:30+0200,4432c355-9488-4e0d-b987-b7dab09a434c,2026-06-30T11:30:00Z,2026-06-30T13:30:00+0200,51877.32,MW,FR,FR,actual_load,Actual Load,2026-07-05T12:20:00Z
2026-07-05T12:19:30Z,2026-07-05T14:19:30+0200,4432c355-9488-4e0d-b987-b7dab09a434c,2026-06-30T11:45:00Z,2026-06-30T13:45:00+0200,52250.97,MW,FR,FR,actual_load,Actual Load,2026-07-05T12:20:00Z
2026-07-05T12:19:30Z,2026-07-05T14:19:30+0200,4432c355-9488-4e0d-b987-b7dab09a434c,2026-06-30T12:00:00Z,2026-06-30T14:00:00+0200,53232.75,MW,FR,FR,actual_load,Actual Load,2026-07-05T12:20:00Z
2026-07-05T12:19:30Z,2026-07-05T14:19:30+0200,4432c355-9488-4e0d-b987-b7dab09a434c,2026-06-30T12:15:00Z,2026-06-30T14:15:00+0200,53048.82,MW,FR,FR,actual_load,Actual Load,2026-07-05T12:20:00Z
2026-07-05T12:19:30Z,2026-07-05T14:19:30+0200,4432c355-9488-4e0d-b987-b7dab09a434c,2026-06-30T12:30:00Z,2026-06-30T14:30:00+0200,53635.2,MW,FR,FR,actual_load,Actual Load,2026-07-05T12:20:00Z
2026-07-05T12:19:30Z,2026-07-05T14:19:30+0200,4432c355-9488-4e0d-b987-b7dab09a434c,2026-06-30T12:45:00Z,2026-06-30T14:45:00+0200,53267.83,MW,FR,FR,actual_load,Actual Load,2026-07-05T12:20:00Z
2026-07-05T12:19:30Z,2026-07-05T14:19:30+0200,4432c355-9488-4e0d-b987-b7dab09a434c,2026-06-30T13:00:00Z,2026-06-30T15:00:00+0200,53281.46,MW,FR,FR,actual_load,Actual Load,2026-07-05T12:20:00Z
2026-07-05T12:19:30Z,2026-07-05T14:19:30+0200,4432c355-9488-4e0d-b987-b7dab09a434c,2026-06-30T13:15:00Z,2026-06-30T15:15:00+0200,52892.52,MW,FR,FR,actual_load,Actual Load,2026-07-05T12:20:00Z
2026-07-05T12:19:30Z,2026-07-05T14:19:30+0200,4432c355-9488-4e0d-b987-b7dab09a434c,2026-06-30T13:30:00Z,2026-06-30T15:30:00+0200,52198.14,MW,FR,FR,actual_load,Actual Load,2026-07-05T12:20:00Z
2026-07-05T12:19:30Z,2026-07-05T14:19:30+0200,4432c355-9488-4e0d-b987-b7dab09a434c,2026-06-30T13:45:00Z,2026-06-30T15:45:00+0200,51836.67,MW,FR,FR,actual_load,Actual Load,2026-07-05T12:20:00Z
2026-07-05T12:19:30Z,2026-07-05T14:19:30+0200,4432c355-9488-4e0d-b987-b7dab09a434c,2026-06-30T14:00:00Z,2026-06-30T16:00:00+0200,51667.45,MW,FR,FR,actual_load,Actual Load,2026-07-05T12:20:00Z
2026-07-05T12:19:30Z,2026-07-05T14:19:30+0200,4432c355-9488-4e0d-b987-b7dab09a434c,2026-06-30T14:15:00Z,2026-06-30T16:15:00+0200,50913.82,MW,FR,FR,actual_load,Actual Load,2026-07-05T12:20:00Z
2026-07-05T12:19:30Z,2026-07-05T14:19:30+0200,4432c355-9488-4e0d-b987-b7dab09a434c,2026-06-30T14:30:00Z,2026-06-30T16:30:00+0200,50583.35,MW,FR,FR,actual_load,Actual Load,2026-07-05T12:20:00Z
2026-07-05T12:19:30Z,2026-07-05T14:19:30+0200,4432c355-9488-4e0d-b987-b7dab09a434c,2026-06-30T14:45:00Z,2026-06-30T16:45:00+0200,51054.02,MW,FR,FR,actual_load,Actual Load,2026-07-05T12:20:00Z
2026-07-05T12:19:30Z,2026-07-05T14:19:30+0200,4432c355-9488-4e0d-b987-b7dab09a434c,2026-06-30T15:00:00Z,2026-06-30T17:00:00+0200,50778.13,MW,FR,FR,actual_load,Actual Load,2026-07-05T12:20:00Z
2026-07-05T12:19:30Z,2026-07-05T14:19:30+0200,4432c355-9488-4e0d-b987-b7dab09a434c,2026-06-30T15:15:00Z,2026-06-30T17:15:00+0200,50664.52,MW,FR,FR,actual_load,Actual Load,2026-07-05T12:20:00Z
2026-07-05T12:19:30Z,2026-07-05T14:19:30+0200,4432c355-9488-4e0d-b987-b7dab09a434c,2026-06-30T15:30:00Z,2026-06-30T17:30:00+0200,50821.87,MW,FR,FR,actual_load,Actual Load,2026-07-05T12:20:00Z
2026-07-05T12:19:30Z,2026-07-05T14:19:30+0200,4432c355-9488-4e0d-b987-b7dab09a434c,2026-06-30T15:45:00Z,2026-06-30T17:45:00+0200,50978.5,MW,FR,FR,actual_load,Actual Load,2026-07-05T12:20:00Z
2026-07-05T12:19:30Z,2026-07-05T14:19:30+0200,4432c355-9488-4e0d-b987-b7dab09a434c,2026-06-30T16:00:00Z,2026-06-30T18:00:00+0200,51049.25,MW,FR,FR,actual_load,Actual Load,2026-07-05T12:20:00Z
2026-07-05T12:19:30Z,2026-07-05T14:19:30+0200,4432c355-9488-4e0d-b987-b7dab09a434c,2026-06-30T16:15:00Z,2026-06-30T18:15:00+0200,50996.77,MW,FR,FR,actual_load,Actual Load,2026-07-05T12:20:00Z
2026-07-05T12:19:30Z,2026-07-05T14:19:30+0200,4432c355-9488-4e0d-b987-b7dab09a434c,2026-06-30T16:30:00Z,2026-06-30T18:30:00+0200,51443.01,MW,FR,FR,actual_load,Actual Load,2026-07-05T12:20:00Z
2026-07-05T12:19:30Z,2026-07-05T14:19:30+0200,4432c355-9488-4e0d-b987-b7dab09a434c,2026-06-30T16:45:00Z,2026-06-30T18:45:00+0200,51967.39,MW,FR,FR,actual_load,Actual Load,2026-07-05T12:20:00Z
2026-07-05T12:19:30Z,2026-07-05T14:19:30+0200,4432c355-9488-4e0d-b987-b7dab09a434c,2026-06-30T17:00:00Z,2026-06-30T19:00:00+0200,51977.13,MW,FR,FR,actual_load,Actual Load,2026-07-05T12:20:00Z
2026-07-05T12:19:30Z,2026-07-05T14:19:30+0200,4432c355-9488-4e0d-b987-b7dab09a434c,2026-06-30T17:15:00Z,2026-06-30T19:15:00+0200,52065.87,MW,FR,FR,actual_load,Actual Load,2026-07-05T12:20:00Z
2026-07-05T12:19:30Z,2026-07-05T14:19:30+0200,4432c355-9488-4e0d-b987-b7dab09a434c,2026-06-30T17:30:00Z,2026-06-30T19:30:00+0200,51869.13,MW,FR,FR,actual_load,Actual Load,2026-07-05T12:20:00Z
2026-07-05T12:19:30Z,2026-07-05T14:19:30+0200,4432c355-9488-4e0d-b987-b7dab09a434c,2026-06-30T17:45:00Z,2026-06-30T19:45:00+0200,51521.77,MW,FR,FR,actual_load,Actual Load,2026-07-05T12:20:00Z
2026-07-05T12:19:30Z,2026-07-05T14:19:30+0200,4432c355-9488-4e0d-b987-b7dab09a434c,2026-06-30T18:00:00Z,2026-06-30T20:00:00+0200,50984.43,MW,FR,FR,actual_load,Actual Load,2026-07-05T12:20:00Z
2026-07-05T12:19:30Z,2026-07-05T14:19:30+0200,4432c355-9488-4e0d-b987-b7dab09a434c,2026-06-30T18:15:00Z,2026-06-30T20:15:00+0200,50314.04,MW,FR,FR,actual_load,Actual Load,2026-07-05T12:20:00Z
2026-07-05T12:19:30Z,2026-07-05T14:19:30+0200,4432c355-9488-4e0d-b987-b7dab09a434c,2026-06-30T18:30:00Z,2026-06-30T20:30:00+0200,49688.17,MW,FR,FR,actual_load,Actual Load,2026-07-05T12:20:00Z
2026-07-05T12:19:30Z,2026-07-05T14:19:30+0200,4432c355-9488-4e0d-b987-b7dab09a434c,2026-06-30T18:45:00Z,2026-06-30T20:45:00+0200,49112.3,MW,FR,FR,actual_load,Actual Load,2026-07-05T12:20:00Z
2026-07-05T12:19:30Z,2026-07-05T14:19:30+0200,4432c355-9488-4e0d-b987-b7dab09a434c,2026-06-30T19:00:00Z,2026-06-30T21:00:00+0200,48860.32,MW,FR,FR,actual_load,Actual Load,2026-07-05T12:20:00Z
2026-07-05T12:19:30Z,2026-07-05T14:19:30+0200,4432c355-9488-4e0d-b987-b7dab09a434c,2026-06-30T19:15:00Z,2026-06-30T21:15:00+0200,48498.57,MW,FR,FR,actual_load,Actual Load,2026-07-05T12:20:00Z
2026-07-05T12:19:30Z,2026-07-05T14:19:30+0200,4432c355-9488-4e0d-b987-b7dab09a434c,2026-06-30T19:30:00Z,2026-06-30T21:30:00+0200,48273.34,MW,FR,FR,actual_load,Actual Load,2026-07-05T12:20:00Z
2026-07-05T12:19:30Z,2026-07-05T14:19:30+0200,4432c355-9488-4e0d-b987-b7dab09a434c,2026-06-30T19:45:00Z,2026-06-30T21:45:00+0200,48060.73,MW,FR,FR,actual_load,Actual Load,2026-07-05T12:20:00Z
2026-07-05T12:19:30Z,2026-07-05T14:19:30+0200,4432c355-9488-4e0d-b987-b7dab09a434c,2026-06-30T20:00:00Z,2026-06-30T22:00:00+0200,49202.98,MW,FR,FR,actual_load,Actual Load,2026-07-05T12:20:00Z
2026-07-05T12:19:30Z,2026-07-05T14:19:30+0200,4432c355-9488-4e0d-b987-b7dab09a434c,2026-06-30T20:15:00Z,2026-06-30T22:15:00+0200,49058.44,MW,FR,FR,actual_load,Actual Load,2026-07-05T12:20:00Z
2026-07-05T12:19:30Z,2026-07-05T14:19:30+0200,4432c355-9488-4e0d-b987-b7dab09a434c,2026-06-30T20:30:00Z,2026-06-30T22:30:00+0200,50181.41,MW,FR,FR,actual_load,Actual Load,2026-07-05T12:20:00Z
2026-07-05T12:19:30Z,2026-07-05T14:19:30+0200,4432c355-9488-4e0d-b987-b7dab09a434c,2026-06-30T20:45:00Z,2026-06-30T22:45:00+0200,49581.27,MW,FR,FR,actual_load,Actual Load,2026-07-05T12:20:00Z
2026-07-05T12:19:30Z,2026-07-05T14:19:30+0200,4432c355-9488-4e0d-b987-b7dab09a434c,2026-06-30T21:00:00Z,2026-06-30T23:00:00+0200,49429.14,MW,FR,FR,actual_load,Actual Load,2026-07-05T12:20:00Z
2026-07-05T12:19:30Z,2026-07-05T14:19:30+0200,4432c355-9488-4e0d-b987-b7dab09a434c,2026-06-30T21:15:00Z,2026-06-30T23:15:00+0200,48401.55,MW,FR,FR,actual_load,Actual Load,2026-07-05T12:20:00Z
2026-07-05T12:19:30Z,2026-07-05T14:19:30+0200,4432c355-9488-4e0d-b987-b7dab09a434c,2026-06-30T21:30:00Z,2026-06-30T23:30:00+0200,48349.6,MW,FR,FR,actual_load,Actual Load,2026-07-05T12:20:00Z
2026-07-05T12:19:30Z,2026-07-05T14:19:30+0200,4432c355-9488-4e0d-b987-b7dab09a434c,2026-06-30T21:45:00Z,2026-06-30T23:45:00+0200,47401.67,MW,FR,FR,actual_load,Actual Load,2026-07-05T12:20:00Z
2026-07-05T12:19:30Z,2026-07-05T14:19:30+0200,4432c355-9488-4e0d-b987-b7dab09a434c,2026-06-30T22:00:00Z,2026-07-01T00:00:00+0200,47169.47,MW,FR,FR,actual_load,Actual Load,2026-07-05T12:20:00Z
2026-07-05T12:19:30Z,2026-07-05T14:19:30+0200,4432c355-9488-4e0d-b987-b7dab09a434c,2026-06-30T22:15:00Z,2026-07-01T00:15:00+0200,45798.18,MW,FR,FR,actual_load,Actual Load,2026-07-05T12:20:00Z
2026-07-05T12:19:30Z,2026-07-05T14:19:30+0200,4432c355-9488-4e0d-b987-b7dab09a434c,2026-06-30T22:30:00Z,2026-07-01T00:30:00+0200,44625.36,MW,FR,FR,actual_load,Actual Load,2026-07-05T12:20:00Z
2026-07-05T12:19:30Z,2026-07-05T14:19:30+0200,4432c355-9488-4e0d-b987-b7dab09a434c,2026-06-30T22:45:00Z,2026-07-01T00:45:00+0200,43590.87,MW,FR,FR,actual_load,Actual Load,2026-07-05T12:20:00Z
2026-07-05T12:19:30Z,2026-07-05T14:19:30+0200,4432c355-9488-4e0d-b987-b7dab09a434c,2026-06-30T23:00:00Z,2026-07-01T01:00:00+0200,43728.39,MW,FR,FR,actual_load,Actual Load,2026-07-05T12:20:00Z
2026-07-05T12:19:30Z,2026-07-05T14:19:30+0200,4432c355-9488-4e0d-b987-b7dab09a434c,2026-06-30T23:15:00Z,2026-07-01T01:15:00+0200,43213.27,MW,FR,FR,actual_load,Actual Load,2026-07-05T12:20:00Z
2026-07-05T12:19:30Z,2026-07-05T14:19:30+0200,4432c355-9488-4e0d-b987-b7dab09a434c,2026-06-30T23:30:00Z,2026-07-01T01:30:00+0200,43189.94,MW,FR,FR,actual_load,Actual Load,2026-07-05T12:20:00Z
2026-07-05T12:19:30Z,2026-07-05T14:19:30+0200,4432c355-9488-4e0d-b987-b7dab09a434c,2026-06-30T23:45:00Z,2026-07-01T01:45:00+0200,42328.84,MW,FR,FR,actual_load,Actual Load,2026-07-05T12:20:00Z
2026-07-05T12:19:30Z,2026-07-05T14:19:30+0200,4432c355-9488-4e0d-b987-b7dab09a434c,2026-07-01T00:00:00Z,2026-07-01T02:00:00+0200,41751.82,MW,FR,FR,actual_load,Actual Load,2026-07-05T12:20:00Z
2026-07-05T12:19:30Z,2026-07-05T14:19:30+0200,4432c355-9488-4e0d-b987-b7dab09a434c,2026-07-01T00:15:00Z,2026-07-01T02:15:00+0200,40879.39,MW,FR,FR,actual_load,Actual Load,2026-07-05T12:20:00Z
2026-07-05T12:19:30Z,2026-07-05T14:19:30+0200,4432c355-9488-4e0d-b987-b7dab09a434c,2026-07-01T00:30:00Z,2026-07-01T02:30:00+0200,40106.2,MW,FR,FR,actual_load,Actual Load,2026-07-05T12:20:00Z
2026-07-05T12:19:30Z,2026-07-05T14:19:30+0200,4432c355-9488-4e0d-b987-b7dab09a434c,2026-07-01T00:45:00Z,2026-07-01T02:45:00+0200,39367.63,MW,FR,FR,actual_load,Actual Load,2026-07-05T12:20:00Z
2026-07-05T12:19:30Z,2026-07-05T14:19:30+0200,4432c355-9488-4e0d-b987-b7dab09a434c,2026-07-01T01:00:00Z,2026-07-01T03:00:00+0200,38978.63,MW,FR,FR,actual_load,Actual Load,2026-07-05T12:20:00Z
2026-07-05T12:19:30Z,2026-07-05T14:19:30+0200,4432c355-9488-4e0d-b987-b7dab09a434c,2026-07-01T01:15:00Z,2026-07-01T03:15:00+0200,38483.04,MW,FR,FR,actual_load,Actual Load,2026-07-05T12:20:00Z
2026-07-05T12:19:30Z,2026-07-05T14:19:30+0200,4432c355-9488-4e0d-b987-b7dab09a434c,2026-07-01T01:30:00Z,2026-07-01T03:30:00+0200,38298.26,MW,FR,FR,actual_load,Actual Load,2026-07-05T12:20:00Z
2026-07-05T12:19:30Z,2026-07-05T14:19:30+0200,4432c355-9488-4e0d-b987-b7dab09a434c,2026-07-01T01:45:00Z,2026-07-01T03:45:00+0200,38131.8,MW,FR,FR,actual_load,Actual Load,2026-07-05T12:20:00Z
2026-07-05T12:19:30Z,2026-07-05T14:19:30+0200,4432c355-9488-4e0d-b987-b7dab09a434c,2026-07-01T02:00:00Z,2026-07-01T04:00:00+0200,38339.47,MW,FR,FR,actual_load,Actual Load,2026-07-05T12:20:00Z
2026-07-05T12:19:30Z,2026-07-05T14:19:30+0200,4432c355-9488-4e0d-b987-b7dab09a434c,2026-07-01T02:15:00Z,2026-07-01T04:15:00+0200,38212.95,MW,FR,FR,actual_load,Actual Load,2026-07-05T12:20:00Z
2026-07-05T12:19:30Z,2026-07-05T14:19:30+0200,4432c355-9488-4e0d-b987-b7dab09a434c,2026-07-01T02:30:00Z,2026-07-01T04:30:00+0200,38108.51,MW,FR,FR,actual_load,Actual Load,2026-07-05T12:20:00Z
2026-07-05T12:19:30Z,2026-07-05T14:19:30+0200,4432c355-9488-4e0d-b987-b7dab09a434c,2026-07-01T02:45:00Z,2026-07-01T04:45:00+0200,38156.2,MW,FR,FR,actual_load,Actual Load,2026-07-05T12:20:00Z
2026-07-05T12:19:30Z,2026-07-05T14:19:30+0200,4432c355-9488-4e0d-b987-b7dab09a434c,2026-07-01T03:00:00Z,2026-07-01T05:00:00+0200,38638.97,MW,FR,FR,actual_load,Actual Load,2026-07-05T12:20:00Z
2026-07-05T12:19:30Z,2026-07-05T14:19:30+0200,4432c355-9488-4e0d-b987-b7dab09a434c,2026-07-01T03:15:00Z,2026-07-01T05:15:00+0200,38940.21,MW,FR,FR,actual_load,Actual Load,2026-07-05T12:20:00Z
2026-07-05T12:19:30Z,2026-07-05T14:19:30+0200,4432c355-9488-4e0d-b987-b7dab09a434c,2026-07-01T03:30:00Z,2026-07-01T05:30:00+0200,39262.19,MW,FR,FR,actual_load,Actual Load,2026-07-05T12:20:00Z
2026-07-05T12:19:30Z,2026-07-05T14:19:30+0200,4432c355-9488-4e0d-b987-b7dab09a434c,2026-07-01T03:45:00Z,2026-07-01T05:45:00+0200,39516.66,MW,FR,FR,actual_load,Actual Load,2026-07-05T12:20:00Z
2026-07-05T12:19:30Z,2026-07-05T14:19:30+0200,4432c355-9488-4e0d-b987-b7dab09a434c,2026-07-01T04:00:00Z,2026-07-01T06:00:00+0200,40291.64,MW,FR,FR,actual_load,Actual Load,2026-07-05T12:20:00Z
2026-07-05T12:19:30Z,2026-07-05T14:19:30+0200,4432c355-9488-4e0d-b987-b7dab09a434c,2026-07-01T04:15:00Z,2026-07-01T06:15:00+0200,41089.16,MW,FR,FR,actual_load,Actual Load,2026-07-05T12:20:00Z
2026-07-05T12:19:30Z,2026-07-05T14:19:30+0200,4432c355-9488-4e0d-b987-b7dab09a434c,2026-07-01T04:30:00Z,2026-07-01T06:30:00+0200,41725.93,MW,FR,FR,actual_load,Actual Load,2026-07-05T12:20:00Z
2026-07-05T12:19:30Z,2026-07-05T14:19:30+0200,4432c355-9488-4e0d-b987-b7dab09a434c,2026-07-01T04:45:00Z,2026-07-01T06:45:00+0200,42294.46,MW,FR,FR,actual_load,Actual Load,2026-07-05T12:20:00Z
2026-07-05T12:19:30Z,2026-07-05T14:19:30+0200,4432c355-9488-4e0d-b987-b7dab09a434c,2026-07-01T05:00:00Z,2026-07-01T07:00:00+0200,43181.95,MW,FR,FR,actual_load,Actual Load,2026-07-05T12:20:00Z
2026-07-05T12:19:30Z,2026-07-05T14:19:30+0200,4432c355-9488-4e0d-b987-b7dab09a434c,2026-07-01T05:15:00Z,2026-07-01T07:15:00+0200,43929.57,MW,FR,FR,actual_load,Actual Load,2026-07-05T12:20:00Z
2026-07-05T12:19:30Z,2026-07-05T14:19:30+0200,4432c355-9488-4e0d-b987-b7dab09a434c,2026-07-01T05:30:00Z,2026-07-01T07:30:00+0200,44635.45,MW,FR,FR,actual_load,Actual Load,2026-07-05T12:20:00Z
2026-07-05T12:19:30Z,2026-07-05T14:19:30+0200,4432c355-9488-4e0d-b987-b7dab09a434c,2026-07-01T05:45:00Z,2026-07-01T07:45:00+0200,45163.68,MW,FR,FR,actual_load,Actual Load,2026-07-05T12:20:00Z
2026-07-05T12:19:30Z,2026-07-05T14:19:30+0200,4432c355-9488-4e0d-b987-b7dab09a434c,2026-07-01T06:00:00Z,2026-07-01T08:00:00+0200,45820.29,MW,FR,FR,actual_load,Actual Load,2026-07-05T12:20:00Z
2026-07-05T12:19:30Z,2026-07-05T14:19:30+0200,4432c355-9488-4e0d-b987-b7dab09a434c,2026-07-01T06:15:00Z,2026-07-01T08:15:00+0200,46452.87,MW,FR,FR,actual_load,Actual Load,2026-07-05T12:20:00Z
2026-07-05T12:19:30Z,2026-07-05T14:19:30+0200,4432c355-9488-4e0d-b987-b7dab09a434c,2026-07-01T06:30:00Z,2026-07-01T08:30:00+0200,47068.27,MW,FR,FR,actual_load,Actual Load,2026-07-05T12:20:00Z
2026-07-05T12:19:30Z,2026-07-05T14:19:30+0200,4432c355-9488-4e0d-b987-b7dab09a434c,2026-07-01T06:45:00Z,2026-07-01T08:45:00+0200,47489.56,MW,FR,FR,actual_load,Actual Load,2026-07-05T12:20:00Z
2026-07-05T12:19:30Z,2026-07-05T14:19:30+0200,4432c355-9488-4e0d-b987-b7dab09a434c,2026-07-01T07:00:00Z,2026-07-01T09:00:00+0200,48082.5,MW,FR,FR,actual_load,Actual Load,2026-07-05T12:20:00Z
2026-07-05T12:19:30Z,2026-07-05T14:19:30+0200,4432c355-9488-4e0d-b987-b7dab09a434c,2026-07-01T07:15:00Z,2026-07-01T09:15:00+0200,48292.74,MW,FR,FR,actual_load,Actual Load,2026-07-05T12:20:00Z
2026-07-05T12:19:30Z,2026-07-05T14:19:30+0200,4432c355-9488-4e0d-b987-b7dab09a434c,2026-07-01T07:30:00Z,2026-07-01T09:30:00+0200,48765.36,MW,FR,FR,actual_load,Actual Load,2026-07-05T12:20:00Z
2026-07-05T12:19:30Z,2026-07-05T14:19:30+0200,4432c355-9488-4e0d-b987-b7dab09a434c,2026-07-01T07:45:00Z,2026-07-01T09:45:00+0200,49522.49,MW,FR,FR,actual_load,Actual Load,2026-07-05T12:20:00Z
2026-07-05T12:19:30Z,2026-07-05T14:19:30+0200,4432c355-9488-4e0d-b987-b7dab09a434c,2026-07-01T08:00:00Z,2026-07-01T10:00:00+0200,49704.62,MW,FR,FR,actual_load,Actual Load,2026-07-05T12:20:00Z
2026-07-05T12:19:30Z,2026-07-05T14:19:30+0200,4432c355-9488-4e0d-b987-b7dab09a434c,2026-07-01T08:15:00Z,2026-07-01T10:15:00+0200,50201.34,MW,FR,FR,actual_load,Actual Load,2026-07-05T12:20:00Z
2026-07-05T12:19:30Z,2026-07-05T14:19:30+0200,4432c355-9488-4e0d-b987-b7dab09a434c,2026-07-01T08:30:00Z,2026-07-01T10:30:00+0200,50482.22,MW,FR,FR,actual_load,Actual Load,2026-07-05T12:20:00Z
2026-07-05T12:19:30Z,2026-07-05T14:19:30+0200,4432c355-9488-4e0d-b987-b7dab09a434c,2026-07-01T08:45:00Z,2026-07-01T10:45:00+0200,50796.9,MW,FR,FR,actual_load,Actual Load,2026-07-05T12:20:00Z
2026-07-05T12:19:30Z,2026-07-05T14:19:30+0200,4432c355-9488-4e0d-b987-b7dab09a434c,2026-07-01T09:00:00Z,2026-07-01T11:00:00+0200,50882.86,MW,FR,FR,actual_load,Actual Load,2026-07-05T12:20:00Z
2026-07-05T12:19:30Z,2026-07-05T14:19:30+0200,4432c355-9488-4e0d-b987-b7dab09a434c,2026-07-01T09:15:00Z,2026-07-01T11:15:00+0200,51244.93,MW,FR,FR,actual_load,Actual Load,2026-07-05T12:20:00Z
2026-07-05T12:19:30Z,2026-07-05T14:19:30+0200,4432c355-9488-4e0d-b987-b7dab09a434c,2026-07-01T09:30:00Z,2026-07-01T11:30:00+0200,51555.15,MW,FR,FR,actual_load,Actual Load,2026-07-05T12:20:00Z
2026-07-05T12:19:30Z,2026-07-05T14:19:30+0200,4432c355-9488-4e0d-b987-b7dab09a434c,2026-07-01T09:45:00Z,2026-07-01T11:45:00+0200,51778.43,MW,FR,FR,actual_load,Actual Load,2026-07-05T12:20:00Z
2026-07-05T12:19:30Z,2026-07-05T14:19:30+0200,4432c355-9488-4e0d-b987-b7dab09a434c,2026-07-01T10:00:00Z,2026-07-01T12:00:00+0200,52005.23,MW,FR,FR,actual_load,Actual Load,2026-07-05T12:20:00Z
2026-07-05T12:19:30Z,2026-07-05T14:19:30+0200,4432c355-9488-4e0d-b987-b7dab09a434c,2026-07-01T10:15:00Z,2026-07-01T12:15:00+0200,52200.39,MW,FR,FR,actual_load,Actual Load,2026-07-05T12:20:00Z
2026-07-05T12:19:30Z,2026-07-05T14:19:30+0200,4432c355-9488-4e0d-b987-b7dab09a434c,2026-07-01T10:30:00Z,2026-07-01T12:30:00+0200,52761.82,MW,FR,FR,actual_load,Actual Load,2026-07-05T12:20:00Z
2026-07-05T12:19:30Z,2026-07-05T14:19:30+0200,4432c355-9488-4e0d-b987-b7dab09a434c,2026-07-01T10:45:00Z,2026-07-01T12:45:00+0200,52420.4,MW,FR,FR,actual_load,Actual Load,2026-07-05T12:20:00Z
2026-07-05T12:19:30Z,2026-07-05T14:19:30+0200,4432c355-9488-4e0d-b987-b7dab09a434c,2026-07-01T11:00:00Z,2026-07-01T13:00:00+0200,51909.32,MW,FR,FR,actual_load,Actual Load,2026-07-05T12:20:00Z
2026-07-05T12:19:30Z,2026-07-05T14:19:30+0200,4432c355-9488-4e0d-b987-b7dab09a434c,2026-07-01T11:15:00Z,2026-07-01T13:15:00+0200,51563.4,MW,FR,FR,actual_load,Actual Load,2026-07-05T12:20:00Z
2026-07-05T12:19:30Z,2026-07-05T14:19:30+0200,4432c355-9488-4e0d-b987-b7dab09a434c,2026-07-01T11:30:00Z,2026-07-01T13:30:00+0200,51399.3,MW,FR,FR,actual_load,Actual Load,2026-07-05T12:20:00Z
2026-07-05T12:19:30Z,2026-07-05T14:19:30+0200,4432c355-9488-4e0d-b987-b7dab09a434c,2026-07-01T11:45:00Z,2026-07-01T13:45:00+0200,51277.92,MW,FR,FR,actual_load,Actual Load,2026-07-05T12:20:00Z
2026-07-05T12:19:30Z,2026-07-05T14:19:30+0200,4432c355-9488-4e0d-b987-b7dab09a434c,2026-07-01T12:00:00Z,2026-07-01T14:00:00+0200,52176.96,MW,FR,FR,actual_load,Actual Load,2026-07-05T12:20:00Z
2026-07-05T12:19:30Z,2026-07-05T14:19:30+0200,4432c355-9488-4e0d-b987-b7dab09a434c,2026-07-01T12:15:00Z,2026-07-01T14:15:00+0200,51796.2,MW,FR,FR,actual_load,Actual Load,2026-07-05T12:20:00Z
2026-07-05T12:19:30Z,2026-07-05T14:19:30+0200,4432c355-9488-4e0d-b987-b7dab09a434c,2026-07-01T12:30:00Z,2026-07-01T14:30:00+0200,51831.64,MW,FR,FR,actual_load,Actual Load,2026-07-05T12:20:00Z
2026-07-05T12:19:30Z,2026-07-05T14:19:30+0200,4432c355-9488-4e0d-b987-b7dab09a434c,2026-07-01T12:45:00Z,2026-07-01T14:45:00+0200,51531.97,MW,FR,FR,actual_load,Actual Load,2026-07-05T12:20:00Z
2026-07-05T12:19:30Z,2026-07-05T14:19:30+0200,4432c355-9488-4e0d-b987-b7dab09a434c,2026-07-01T13:00:00Z,2026-07-01T15:00:00+0200,51607.29,MW,FR,FR,actual_load,Actual Load,2026-07-05T12:20:00Z
2026-07-05T12:19:30Z,2026-07-05T14:19:30+0200,4432c355-9488-4e0d-b987-b7dab09a434c,2026-07-01T13:15:00Z,2026-07-01T15:15:00+0200,50850.89,MW,FR,FR,actual_load,Actual Load,2026-07-05T12:20:00Z
2026-07-05T12:19:30Z,2026-07-05T14:19:30+0200,4432c355-9488-4e0d-b987-b7dab09a434c,2026-07-01T13:30:00Z,2026-07-01T15:30:00+0200,50083.43,MW,FR,FR,actual_load,Actual Load,2026-07-05T12:20:00Z
2026-07-05T12:19:30Z,2026-07-05T14:19:30+0200,4432c355-9488-4e0d-b987-b7dab09a434c,2026-07-01T13:45:00Z,2026-07-01T15:45:00+0200,49635.08,MW,FR,FR,actual_load,Actual Load,2026-07-05T12:20:00Z
2026-07-05T12:19:30Z,2026-07-05T14:19:30+0200,4432c355-9488-4e0d-b987-b7dab09a434c,2026-07-01T14:00:00Z,2026-07-01T16:00:00+0200,49316.02,MW,FR,FR,actual_load,Actual Load,2026-07-05T12:20:00Z
2026-07-05T12:19:30Z,2026-07-05T14:19:30+0200,4432c355-9488-4e0d-b987-b7dab09a434c,2026-07-01T14:15:00Z,2026-07-01T16:15:00+0200,49028.01,MW,FR,FR,actual_load,Actual Load,2026-07-05T12:20:00Z
2026-07-05T12:19:30Z,2026-07-05T14:19:30+0200,4432c355-9488-4e0d-b987-b7dab09a434c,2026-07-01T14:30:00Z,2026-07-01T16:30:00+0200,48803.94,MW,FR,FR,actual_load,Actual Load,2026-07-05T12:20:00Z
2026-07-05T12:19:30Z,2026-07-05T14:19:30+0200,4432c355-9488-4e0d-b987-b7dab09a434c,2026-07-01T14:45:00Z,2026-07-01T16:45:00+0200,48909.68,MW,FR,FR,actual_load,Actual Load,2026-07-05T12:20:00Z
2026-07-05T12:19:30Z,2026-07-05T14:19:30+0200,4432c355-9488-4e0d-b987-b7dab09a434c,2026-07-01T15:00:00Z,2026-07-01T17:00:00+0200,48960.79,MW,FR,FR,actual_load,Actual Load,2026-07-05T12:20:00Z
2026-07-05T12:19:30Z,2026-07-05T14:19:30+0200,4432c355-9488-4e0d-b987-b7dab09a434c,2026-07-01T15:15:00Z,2026-07-01T17:15:00+0200,48468.11,MW,FR,FR,actual_load,Actual Load,2026-07-05T12:20:00Z
2026-07-05T12:19:30Z,2026-07-05T14:19:30+0200,4432c355-9488-4e0d-b987-b7dab09a434c,2026-07-01T15:30:00Z,2026-07-01T17:30:00+0200,48497.25,MW,FR,FR,actual_load,Actual Load,2026-07-05T12:20:00Z
2026-07-05T12:19:30Z,2026-07-05T14:19:30+0200,4432c355-9488-4e0d-b987-b7dab09a434c,2026-07-01T15:45:00Z,2026-07-01T17:45:00+0200,48479.15,MW,FR,FR,actual_load,Actual Load,2026-07-05T12:20:00Z
2026-07-05T12:19:30Z,2026-07-05T14:19:30+0200,4432c355-9488-4e0d-b987-b7dab09a434c,2026-07-01T16:00:00Z,2026-07-01T18:00:00+0200,48732.1,MW,FR,FR,actual_load,Actual Load,2026-07-05T12:20:00Z
2026-07-05T12:19:30Z,2026-07-05T14:19:30+0200,4432c355-9488-4e0d-b987-b7dab09a434c,2026-07-01T16:15:00Z,2026-07-01T18:15:00+0200,49028.86,MW,FR,FR,actual_load,Actual Load,2026-07-05T12:20:00Z
2026-07-05T12:19:30Z,2026-07-05T14:19:30+0200,4432c355-9488-4e0d-b987-b7dab09a434c,2026-07-01T16:30:00Z,2026-07-01T18:30:00+0200,49585.13,MW,FR,FR,actual_load,Actual Load,2026-07-05T12:20:00Z
2026-07-05T12:19:30Z,2026-07-05T14:19:30+0200,4432c355-9488-4e0d-b987-b7dab09a434c,2026-07-01T16:45:00Z,2026-07-01T18:45:00+0200,50200.53,MW,FR,FR,actual_load,Actual Load,2026-07-05T12:20:00Z
2026-07-05T12:19:30Z,2026-07-05T14:19:30+0200,4432c355-9488-4e0d-b987-b7dab09a434c,2026-07-01T17:00:00Z,2026-07-01T19:00:00+0200,50453.51,MW,FR,FR,actual_load,Actual Load,2026-07-05T12:20:00Z
2026-07-05T12:19:30Z,2026-07-05T14:19:30+0200,4432c355-9488-4e0d-b987-b7dab09a434c,2026-07-01T17:15:00Z,2026-07-01T19:15:00+0200,50414.54,MW,FR,FR,actual_load,Actual Load,2026-07-05T12:20:00Z
2026-07-05T12:19:30Z,2026-07-05T14:19:30+0200,4432c355-9488-4e0d-b987-b7dab09a434c,2026-07-01T17:30:00Z,2026-07-01T19:30:00+0200,50252.31,MW,FR,FR,actual_load,Actual Load,2026-07-05T12:20:00Z
2026-07-05T12:19:30Z,2026-07-05T14:19:30+0200,4432c355-9488-4e0d-b987-b7dab09a434c,2026-07-01T17:45:00Z,2026-07-01T19:45:00+0200,49819.03,MW,FR,FR,actual_load,Actual Load,2026-07-05T12:20:00Z
2026-07-05T12:19:30Z,2026-07-05T14:19:30+0200,4432c355-9488-4e0d-b987-b7dab09a434c,2026-07-01T18:00:00Z,2026-07-01T20:00:00+0200,49394.25,MW,FR,FR,actual_load,Actual Load,2026-07-05T12:20:00Z
2026-07-05T12:19:30Z,2026-07-05T14:19:30+0200,4432c355-9488-4e0d-b987-b7dab09a434c,2026-07-01T18:15:00Z,2026-07-01T20:15:00+0200,48654.96,MW,FR,FR,actual_load,Actual Load,2026-07-05T12:20:00Z
2026-07-05T12:19:30Z,2026-07-05T14:19:30+0200,4432c355-9488-4e0d-b987-b7dab09a434c,2026-07-01T18:30:00Z,2026-07-01T20:30:00+0200,48009.12,MW,FR,FR,actual_load,Actual Load,2026-07-05T12:20:00Z
2026-07-05T12:19:30Z,2026-07-05T14:19:30+0200,4432c355-9488-4e0d-b987-b7dab09a434c,2026-07-01T18:45:00Z,2026-07-01T20:45:00+0200,47406.35,MW,FR,FR,actual_load,Actual Load,2026-07-05T12:20:00Z
2026-07-05T12:19:30Z,2026-07-05T14:19:30+0200,4432c355-9488-4e0d-b987-b7dab09a434c,2026-07-01T19:00:00Z,2026-07-01T21:00:00+0200,47314.1,MW,FR,FR,actual_load,Actual Load,2026-07-05T12:20:00Z
2026-07-05T12:19:30Z,2026-07-05T14:19:30+0200,4432c355-9488-4e0d-b987-b7dab09a434c,2026-07-01T19:15:00Z,2026-07-01T21:15:00+0200,46961.88,MW,FR,FR,actual_load,Actual Load,2026-07-05T12:20:00Z
2026-07-05T12:19:30Z,2026-07-05T14:19:30+0200,4432c355-9488-4e0d-b987-b7dab09a434c,2026-07-01T19:30:00Z,2026-07-01T21:30:00+0200,46856.42,MW,FR,FR,actual_load,Actual Load,2026-07-05T12:20:00Z
2026-07-05T12:19:30Z,2026-07-05T14:19:30+0200,4432c355-9488-4e0d-b987-b7dab09a434c,2026-07-01T19:45:00Z,2026-07-01T21:45:00+0200,46456.1,MW,FR,FR,actual_load,Actual Load,2026-07-05T12:20:00Z
2026-07-05T12:19:30Z,2026-07-05T14:19:30+0200,4432c355-9488-4e0d-b987-b7dab09a434c,2026-07-01T20:00:00Z,2026-07-01T22:00:00+0200,47710.29,MW,FR,FR,actual_load,Actual Load,2026-07-05T12:20:00Z
2026-07-05T12:19:30Z,2026-07-05T14:19:30+0200,4432c355-9488-4e0d-b987-b7dab09a434c,2026-07-01T20:15:00Z,2026-07-01T22:15:00+0200,47706.08,MW,FR,FR,actual_load,Actual Load,2026-07-05T12:20:00Z
2026-07-05T12:19:30Z,2026-07-05T14:19:30+0200,4432c355-9488-4e0d-b987-b7dab09a434c,2026-07-01T20:30:00Z,2026-07-01T22:30:00+0200,48900.66,MW,FR,FR,actual_load,Actual Load,2026-07-05T12:20:00Z
2026-07-05T12:19:30Z,2026-07-05T14:19:30+0200,4432c355-9488-4e0d-b987-b7dab09a434c,2026-07-01T20:45:00Z,2026-07-01T22:45:00+0200,48226.93,MW,FR,FR,actual_load,Actual Load,2026-07-05T12:20:00Z
2026-07-05T12:19:30Z,2026-07-05T14:19:30+0200,4432c355-9488-4e0d-b987-b7dab09a434c,2026-07-01T21:00:00Z,2026-07-01T23:00:00+0200,47935.36,MW,FR,FR,actual_load,Actual Load,2026-07-05T12:20:00Z
2026-07-05T12:19:30Z,2026-07-05T14:19:30+0200,4432c355-9488-4e0d-b987-b7dab09a434c,2026-07-01T21:15:00Z,2026-07-01T23:15:00+0200,47075.7,MW,FR,FR,actual_load,Actual Load,2026-07-05T12:20:00Z
2026-07-05T12:19:30Z,2026-07-05T14:19:30+0200,4432c355-9488-4e0d-b987-b7dab09a434c,2026-07-01T21:30:00Z,2026-07-01T23:30:00+0200,47259.61,MW,FR,FR,actual_load,Actual Load,2026-07-05T12:20:00Z
2026-07-05T12:19:30Z,2026-07-05T14:19:30+0200,4432c355-9488-4e0d-b987-b7dab09a434c,2026-07-01T21:45:00Z,2026-07-01T23:45:00+0200,46352.52,MW,FR,FR,actual_load,Actual Load,2026-07-05T12:20:00Z
2026-07-05T12:19:30Z,2026-07-05T14:19:30+0200,4432c355-9488-4e0d-b987-b7dab09a434c,2026-07-01T22:00:00Z,2026-07-02T00:00:00+0200,46185.13,MW,FR,FR,actual_load,Actual Load,2026-07-05T12:20:00Z
2026-07-05T12:19:30Z,2026-07-05T14:19:30+0200,4432c355-9488-4e0d-b987-b7dab09a434c,2026-07-01T22:15:00Z,2026-07-02T00:15:00+0200,45100.38,MW,FR,FR,actual_load,Actual Load,2026-07-05T12:20:00Z
2026-07-05T12:19:30Z,2026-07-05T14:19:30+0200,4432c355-9488-4e0d-b987-b7dab09a434c,2026-07-01T22:30:00Z,2026-07-02T00:30:00+0200,43802.39,MW,FR,FR,actual_load,Actual Load,2026-07-05T12:20:00Z
2026-07-05T12:19:30Z,2026-07-05T14:19:30+0200,4432c355-9488-4e0d-b987-b7dab09a434c,2026-07-01T22:45:00Z,2026-07-02T00:45:00+0200,42681.86,MW,FR,FR,actual_load,Actual Load,2026-07-05T12:20:00Z
2026-07-05T12:19:30Z,2026-07-05T14:19:30+0200,4432c355-9488-4e0d-b987-b7dab09a434c,2026-07-01T23:00:00Z,2026-07-02T01:00:00+0200,43060.04,MW,FR,FR,actual_load,Actual Load,2026-07-05T12:20:00Z
2026-07-05T12:19:30Z,2026-07-05T14:19:30+0200,4432c355-9488-4e0d-b987-b7dab09a434c,2026-07-01T23:15:00Z,2026-07-02T01:15:00+0200,42155.92,MW,FR,FR,actual_load,Actual Load,2026-07-05T12:20:00Z
2026-07-05T12:19:30Z,2026-07-05T14:19:30+0200,4432c355-9488-4e0d-b987-b7dab09a434c,2026-07-01T23:30:00Z,2026-07-02T01:30:00+0200,42037.69,MW,FR,FR,actual_load,Actual Load,2026-07-05T12:20:00Z
2026-07-05T12:19:30Z,2026-07-05T14:19:30+0200,4432c355-9488-4e0d-b987-b7dab09a434c,2026-07-01T23:45:00Z,2026-07-02T01:45:00+0200,41323.91,MW,FR,FR,actual_load,Actual Load,2026-07-05T12:20:00Z
2026-07-05T12:19:30Z,2026-07-05T14:19:30+0200,4432c355-9488-4e0d-b987-b7dab09a434c,2026-07-02T00:00:00Z,2026-07-02T02:00:00+0200,41129.66,MW,FR,FR,actual_load,Actual Load,2026-07-05T12:20:00Z
2026-07-05T12:19:30Z,2026-07-05T14:19:30+0200,4432c355-9488-4e0d-b987-b7dab09a434c,2026-07-02T00:15:00Z,2026-07-02T02:15:00+0200,40171.65,MW,FR,FR,actual_load,Actual Load,2026-07-05T12:20:00Z
2026-07-05T12:19:30Z,2026-07-05T14:19:30+0200,4432c355-9488-4e0d-b987-b7dab09a434c,2026-07-02T00:30:00Z,2026-07-02T02:30:00+0200,39484.13,MW,FR,FR,actual_load,Actual Load,2026-07-05T12:20:00Z
2026-07-05T12:19:30Z,2026-07-05T14:19:30+0200,4432c355-9488-4e0d-b987-b7dab09a434c,2026-07-02T00:45:00Z,2026-07-02T02:45:00+0200,38792.02,MW,FR,FR,actual_load,Actual Load,2026-07-05T12:20:00Z
2026-07-05T12:19:30Z,2026-07-05T14:19:30+0200,4432c355-9488-4e0d-b987-b7dab09a434c,2026-07-02T01:00:00Z,2026-07-02T03:00:00+0200,38476.77,MW,FR,FR,actual_load,Actual Load,2026-07-05T12:20:00Z
2026-07-05T12:19:30Z,2026-07-05T14:19:30+0200,4432c355-9488-4e0d-b987-b7dab09a434c,2026-07-02T01:15:00Z,2026-07-02T03:15:00+0200,38101.93,MW,FR,FR,actual_load,Actual Load,2026-07-05T12:20:00Z
2026-07-05T12:19:30Z,2026-07-05T14:19:30+0200,4432c355-9488-4e0d-b987-b7dab09a434c,2026-07-02T01:30:00Z,2026-07-02T03:30:00+0200,38043.76,MW,FR,FR,actual_load,Actual Load,2026-07-05T12:20:00Z
2026-07-05T12:19:30Z,2026-07-05T14:19:30+0200,4432c355-9488-4e0d-b987-b7dab09a434c,2026-07-02T01:45:00Z,2026-07-02T03:45:00+0200,37700.21,MW,FR,FR,actual_load,Actual Load,2026-07-05T12:20:00Z
2026-07-05T12:19:30Z,2026-07-05T14:19:30+0200,4432c355-9488-4e0d-b987-b7dab09a434c,2026-07-02T02:00:00Z,2026-07-02T04:00:00+0200,37789.56,MW,FR,FR,actual_load,Actual Load,2026-07-05T12:20:00Z
2026-07-05T12:19:30Z,2026-07-05T14:19:30+0200,4432c355-9488-4e0d-b987-b7dab09a434c,2026-07-02T02:15:00Z,2026-07-02T04:15:00+0200,37732.86,MW,FR,FR,actual_load,Actual Load,2026-07-05T12:20:00Z
2026-07-05T12:19:30Z,2026-07-05T14:19:30+0200,4432c355-9488-4e0d-b987-b7dab09a434c,2026-07-02T02:30:00Z,2026-07-02T04:30:00+0200,37799.44,MW,FR,FR,actual_load,Actual Load,2026-07-05T12:20:00Z
2026-07-05T12:19:30Z,2026-07-05T14:19:30+0200,4432c355-9488-4e0d-b987-b7dab09a434c,2026-07-02T02:45:00Z,2026-07-02T04:45:00+0200,37728.95,MW,FR,FR,actual_load,Actual Load,2026-07-05T12:20:00Z
2026-07-05T12:19:30Z,2026-07-05T14:19:30+0200,4432c355-9488-4e0d-b987-b7dab09a434c,2026-07-02T03:00:00Z,2026-07-02T05:00:00+0200,38533.2,MW,FR,FR,actual_load,Actual Load,2026-07-05T12:20:00Z
2026-07-05T12:19:30Z,2026-07-05T14:19:30+0200,4432c355-9488-4e0d-b987-b7dab09a434c,2026-07-02T03:15:00Z,2026-07-02T05:15:00+0200,39080.82,MW,FR,FR,actual_load,Actual Load,2026-07-05T12:20:00Z
2026-07-05T12:19:30Z,2026-07-05T14:19:30+0200,4432c355-9488-4e0d-b987-b7dab09a434c,2026-07-02T03:30:00Z,2026-07-02T05:30:00+0200,39413.56,MW,FR,FR,actual_load,Actual Load,2026-07-05T12:20:00Z
2026-07-05T12:19:30Z,2026-07-05T14:19:30+0200,4432c355-9488-4e0d-b987-b7dab09a434c,2026-07-02T03:45:00Z,2026-07-02T05:45:00+0200,39693.67,MW,FR,FR,actual_load,Actual Load,2026-07-05T12:20:00Z
2026-07-05T12:19:30Z,2026-07-05T14:19:30+0200,4432c355-9488-4e0d-b987-b7dab09a434c,2026-07-02T04:00:00Z,2026-07-02T06:00:00+0200,40607.84,MW,FR,FR,actual_load,Actual Load,2026-07-05T12:20:00Z
2026-07-05T12:19:30Z,2026-07-05T14:19:30+0200,4432c355-9488-4e0d-b987-b7dab09a434c,2026-07-02T04:15:00Z,2026-07-02T06:15:00+0200,41200.17,MW,FR,FR,actual_load,Actual Load,2026-07-05T12:20:00Z
2026-07-05T12:19:30Z,2026-07-05T14:19:30+0200,4432c355-9488-4e0d-b987-b7dab09a434c,2026-07-02T04:30:00Z,2026-07-02T06:30:00+0200,41807.06,MW,FR,FR,actual_load,Actual Load,2026-07-05T12:20:00Z
2026-07-05T12:19:30Z,2026-07-05T14:19:30+0200,4432c355-9488-4e0d-b987-b7dab09a434c,2026-07-02T04:45:00Z,2026-07-02T06:45:00+0200,42397.68,MW,FR,FR,actual_load,Actual Load,2026-07-05T12:20:00Z
2026-07-05T12:19:30Z,2026-07-05T14:19:30+0200,4432c355-9488-4e0d-b987-b7dab09a434c,2026-07-02T05:00:00Z,2026-07-02T07:00:00+0200,43363.63,MW,FR,FR,actual_load,Actual Load,2026-07-05T12:20:00Z
2026-07-05T12:19:30Z,2026-07-05T14:19:30+0200,4432c355-9488-4e0d-b987-b7dab09a434c,2026-07-02T05:15:00Z,2026-07-02T07:15:00+0200,44174.82,MW,FR,FR,actual_load,Actual Load,2026-07-05T12:20:00Z
2026-07-05T12:19:30Z,2026-07-05T14:19:30+0200,4432c355-9488-4e0d-b987-b7dab09a434c,2026-07-02T05:30:00Z,2026-07-02T07:30:00+0200,44853.73,MW,FR,FR,actual_load,Actual Load,2026-07-05T12:20:00Z
2026-07-05T12:19:30Z,2026-07-05T14:19:30+0200,4432c355-9488-4e0d-b987-b7dab09a434c,2026-07-02T05:45:00Z,2026-07-02T07:45:00+0200,45567.79,MW,FR,FR,actual_load,Actual Load,2026-07-05T12:20:00Z
2026-07-05T12:19:30Z,2026-07-05T14:19:30+0200,4432c355-9488-4e0d-b987-b7dab09a434c,2026-07-02T06:00:00Z,2026-07-02T08:00:00+0200,45897.36,MW,FR,FR,actual_load,Actual Load,2026-07-05T12:20:00Z
2026-07-05T12:19:30Z,2026-07-05T14:19:30+0200,4432c355-9488-4e0d-b987-b7dab09a434c,2026-07-02T06:15:00Z,2026-07-02T08:15:00+0200,46457.44,MW,FR,FR,actual_load,Actual Load,2026-07-05T12:20:00Z
2026-07-05T12:19:30Z,2026-07-05T14:19:30+0200,4432c355-9488-4e0d-b987-b7dab09a434c,2026-07-02T06:30:00Z,2026-07-02T08:30:00+0200,46990.62,MW,FR,FR,actual_load,Actual Load,2026-07-05T12:20:00Z
2026-07-05T12:19:30Z,2026-07-05T14:19:30+0200,4432c355-9488-4e0d-b987-b7dab09a434c,2026-07-02T06:45:00Z,2026-07-02T08:45:00+0200,47075.77,MW,FR,FR,actual_load,Actual Load,2026-07-05T12:20:00Z
2026-07-05T12:19:30Z,2026-07-05T14:19:30+0200,4432c355-9488-4e0d-b987-b7dab09a434c,2026-07-02T07:00:00Z,2026-07-02T09:00:00+0200,47515.53,MW,FR,FR,actual_load,Actual Load,2026-07-05T12:20:00Z
2026-07-05T12:19:30Z,2026-07-05T14:19:30+0200,4432c355-9488-4e0d-b987-b7dab09a434c,2026-07-02T07:15:00Z,2026-07-02T09:15:00+0200,47623.98,MW,FR,FR,actual_load,Actual Load,2026-07-05T12:20:00Z
2026-07-05T12:19:30Z,2026-07-05T14:19:30+0200,4432c355-9488-4e0d-b987-b7dab09a434c,2026-07-02T07:30:00Z,2026-07-02T09:30:00+0200,47910.18,MW,FR,FR,actual_load,Actual Load,2026-07-05T12:20:00Z
2026-07-05T12:19:30Z,2026-07-05T14:19:30+0200,4432c355-9488-4e0d-b987-b7dab09a434c,2026-07-02T07:45:00Z,2026-07-02T09:45:00+0200,47943.55,MW,FR,FR,actual_load,Actual Load,2026-07-05T12:20:00Z
2026-07-05T12:19:30Z,2026-07-05T14:19:30+0200,4432c355-9488-4e0d-b987-b7dab09a434c,2026-07-02T08:00:00Z,2026-07-02T10:00:00+0200,48413.7,MW,FR,FR,actual_load,Actual Load,2026-07-05T12:20:00Z
2026-07-05T12:19:30Z,2026-07-05T14:19:30+0200,4432c355-9488-4e0d-b987-b7dab09a434c,2026-07-02T08:15:00Z,2026-07-02T10:15:00+0200,48437.97,MW,FR,FR,actual_load,Actual Load,2026-07-05T12:20:00Z
2026-07-05T12:19:30Z,2026-07-05T14:19:30+0200,4432c355-9488-4e0d-b987-b7dab09a434c,2026-07-02T08:30:00Z,2026-07-02T10:30:00+0200,48641.26,MW,FR,FR,actual_load,Actual Load,2026-07-05T12:20:00Z
2026-07-05T12:19:30Z,2026-07-05T14:19:30+0200,4432c355-9488-4e0d-b987-b7dab09a434c,2026-07-02T08:45:00Z,2026-07-02T10:45:00+0200,49208.12,MW,FR,FR,actual_load,Actual Load,2026-07-05T12:20:00Z
2026-07-05T12:19:30Z,2026-07-05T14:19:30+0200,4432c355-9488-4e0d-b987-b7dab09a434c,2026-07-02T09:00:00Z,2026-07-02T11:00:00+0200,49323.64,MW,FR,FR,actual_load,Actual Load,2026-07-05T12:20:00Z
2026-07-05T12:19:30Z,2026-07-05T14:19:30+0200,4432c355-9488-4e0d-b987-b7dab09a434c,2026-07-02T09:15:00Z,2026-07-02T11:15:00+0200,49509.84,MW,FR,FR,actual_load,Actual Load,2026-07-05T12:20:00Z
2026-07-05T12:19:30Z,2026-07-05T14:19:30+0200,4432c355-9488-4e0d-b987-b7dab09a434c,2026-07-02T09:30:00Z,2026-07-02T11:30:00+0200,49745.51,MW,FR,FR,actual_load,Actual Load,2026-07-05T12:20:00Z
2026-07-05T12:19:30Z,2026-07-05T14:19:30+0200,4432c355-9488-4e0d-b987-b7dab09a434c,2026-07-02T09:45:00Z,2026-07-02T11:45:00+0200,50092.47,MW,FR,FR,actual_load,Actual Load,2026-07-05T12:20:00Z
2026-07-05T12:19:30Z,2026-07-05T14:19:30+0200,4432c355-9488-4e0d-b987-b7dab09a434c,2026-07-02T10:00:00Z,2026-07-02T12:00:00+0200,50244.56,MW,FR,FR,actual_load,Actual Load,2026-07-05T12:20:00Z
2026-07-05T12:19:30Z,2026-07-05T14:19:30+0200,4432c355-9488-4e0d-b987-b7dab09a434c,2026-07-02T10:15:00Z,2026-07-02T12:15:00+0200,50206.95,MW,FR,FR,actual_load,Actual Load,2026-07-05T12:20:00Z
2026-07-05T12:19:30Z,2026-07-05T14:19:30+0200,4432c355-9488-4e0d-b987-b7dab09a434c,2026-07-02T10:30:00Z,2026-07-02T12:30:00+0200,50848.4,MW,FR,FR,actual_load,Actual Load,2026-07-05T12:20:00Z
2026-07-05T12:19:30Z,2026-07-05T14:19:30+0200,4432c355-9488-4e0d-b987-b7dab09a434c,2026-07-02T10:45:00Z,2026-07-02T12:45:00+0200,50466.21,MW,FR,FR,actual_load,Actual Load,2026-07-05T12:20:00Z
2026-07-05T12:19:30Z,2026-07-05T14:19:30+0200,4432c355-9488-4e0d-b987-b7dab09a434c,2026-07-02T11:00:00Z,2026-07-02T13:00:00+0200,50426.51,MW,FR,FR,actual_load,Actual Load,2026-07-05T12:20:00Z
2026-07-05T12:19:30Z,2026-07-05T14:19:30+0200,4432c355-9488-4e0d-b987-b7dab09a434c,2026-07-02T11:15:00Z,2026-07-02T13:15:00+0200,49956.76,MW,FR,FR,actual_load,Actual Load,2026-07-05T12:20:00Z
2026-07-05T12:19:30Z,2026-07-05T14:19:30+0200,4432c355-9488-4e0d-b987-b7dab09a434c,2026-07-02T11:30:00Z,2026-07-02T13:30:00+0200,49589.89,MW,FR,FR,actual_load,Actual Load,2026-07-05T12:20:00Z
2026-07-05T12:19:30Z,2026-07-05T14:19:30+0200,4432c355-9488-4e0d-b987-b7dab09a434c,2026-07-02T11:45:00Z,2026-07-02T13:45:00+0200,49716.48,MW,FR,FR,actual_load,Actual Load,2026-07-05T12:20:00Z
2026-07-05T12:19:30Z,2026-07-05T14:19:30+0200,4432c355-9488-4e0d-b987-b7dab09a434c,2026-07-02T12:00:00Z,2026-07-02T14:00:00+0200,50345.46,MW,FR,FR,actual_load,Actual Load,2026-07-05T12:20:00Z
2026-07-05T12:19:30Z,2026-07-05T14:19:30+0200,4432c355-9488-4e0d-b987-b7dab09a434c,2026-07-02T12:15:00Z,2026-07-02T14:15:00+0200,50256.08,MW,FR,FR,actual_load,Actual Load,2026-07-05T12:20:00Z
2026-07-05T12:19:30Z,2026-07-05T14:19:30+0200,4432c355-9488-4e0d-b987-b7dab09a434c,2026-07-02T12:30:00Z,2026-07-02T14:30:00+0200,50136.34,MW,FR,FR,actual_load,Actual Load,2026-07-05T12:20:00Z
2026-07-05T12:19:30Z,2026-07-05T14:19:30+0200,4432c355-9488-4e0d-b987-b7dab09a434c,2026-07-02T12:45:00Z,2026-07-02T14:45:00+0200,49596.19,MW,FR,FR,actual_load,Actual Load,2026-07-05T12:20:00Z
2026-07-05T12:19:30Z,2026-07-05T14:19:30+0200,4432c355-9488-4e0d-b987-b7dab09a434c,2026-07-02T13:00:00Z,2026-07-02T15:00:00+0200,49587.94,MW,FR,FR,actual_load,Actual Load,2026-07-05T12:20:00Z
2026-07-05T12:19:30Z,2026-07-05T14:19:30+0200,4432c355-9488-4e0d-b987-b7dab09a434c,2026-07-02T13:15:00Z,2026-07-02T15:15:00+0200,49380.54,MW,FR,FR,actual_load,Actual Load,2026-07-05T12:20:00Z
2026-07-05T12:19:30Z,2026-07-05T14:19:30+0200,4432c355-9488-4e0d-b987-b7dab09a434c,2026-07-02T13:30:00Z,2026-07-02T15:30:00+0200,48954.54,MW,FR,FR,actual_load,Actual Load,2026-07-05T12:20:00Z
2026-07-05T12:19:30Z,2026-07-05T14:19:30+0200,4432c355-9488-4e0d-b987-b7dab09a434c,2026-07-02T13:45:00Z,2026-07-02T15:45:00+0200,48585.0,MW,FR,FR,actual_load,Actual Load,2026-07-05T12:20:00Z
2026-07-05T12:19:30Z,2026-07-05T14:19:30+0200,4432c355-9488-4e0d-b987-b7dab09a434c,2026-07-02T14:00:00Z,2026-07-02T16:00:00+0200,48595.62,MW,FR,FR,actual_load,Actual Load,2026-07-05T12:20:00Z
2026-07-05T12:19:30Z,2026-07-05T14:19:30+0200,4432c355-9488-4e0d-b987-b7dab09a434c,2026-07-02T14:15:00Z,2026-07-02T16:15:00+0200,48496.53,MW,FR,FR,actual_load,Actual Load,2026-07-05T12:20:00Z
2026-07-05T12:19:30Z,2026-07-05T14:19:30+0200,4432c355-9488-4e0d-b987-b7dab09a434c,2026-07-02T14:30:00Z,2026-07-02T16:30:00+0200,48411.31,MW,FR,FR,actual_load,Actual Load,2026-07-05T12:20:00Z
2026-07-05T12:19:30Z,2026-07-05T14:19:30+0200,4432c355-9488-4e0d-b987-b7dab09a434c,2026-07-02T14:45:00Z,2026-07-02T16:45:00+0200,48611.89,MW,FR,FR,actual_load,Actual Load,2026-07-05T12:20:00Z
2026-07-05T12:19:30Z,2026-07-05T14:19:30+0200,4432c355-9488-4e0d-b987-b7dab09a434c,2026-07-02T15:00:00Z,2026-07-02T17:00:00+0200,48836.73,MW,FR,FR,actual_load,Actual Load,2026-07-05T12:20:00Z
2026-07-05T12:19:30Z,2026-07-05T14:19:30+0200,4432c355-9488-4e0d-b987-b7dab09a434c,2026-07-02T15:15:00Z,2026-07-02T17:15:00+0200,49000.42,MW,FR,FR,actual_load,Actual Load,2026-07-05T12:20:00Z
2026-07-05T12:19:30Z,2026-07-05T14:19:30+0200,4432c355-9488-4e0d-b987-b7dab09a434c,2026-07-02T15:30:00Z,2026-07-02T17:30:00+0200,49023.51,MW,FR,FR,actual_load,Actual Load,2026-07-05T12:20:00Z
2026-07-05T12:19:30Z,2026-07-05T14:19:30+0200,4432c355-9488-4e0d-b987-b7dab09a434c,2026-07-02T15:45:00Z,2026-07-02T17:45:00+0200,49327.01,MW,FR,FR,actual_load,Actual Load,2026-07-05T12:20:00Z
2026-07-05T12:19:30Z,2026-07-05T14:19:30+0200,4432c355-9488-4e0d-b987-b7dab09a434c,2026-07-02T16:00:00Z,2026-07-02T18:00:00+0200,49698.86,MW,FR,FR,actual_load,Actual Load,2026-07-05T12:20:00Z
2026-07-05T12:19:30Z,2026-07-05T14:19:30+0200,4432c355-9488-4e0d-b987-b7dab09a434c,2026-07-02T16:15:00Z,2026-07-02T18:15:00+0200,50027.29,MW,FR,FR,actual_load,Actual Load,2026-07-05T12:20:00Z
2026-07-05T12:19:30Z,2026-07-05T14:19:30+0200,4432c355-9488-4e0d-b987-b7dab09a434c,2026-07-02T16:30:00Z,2026-07-02T18:30:00+0200,50475.79,MW,FR,FR,actual_load,Actual Load,2026-07-05T12:20:00Z
2026-07-05T12:19:30Z,2026-07-05T14:19:30+0200,4432c355-9488-4e0d-b987-b7dab09a434c,2026-07-02T16:45:00Z,2026-07-02T18:45:00+0200,51260.53,MW,FR,FR,actual_load,Actual Load,2026-07-05T12:20:00Z
2026-07-05T12:19:30Z,2026-07-05T14:19:30+0200,4432c355-9488-4e0d-b987-b7dab09a434c,2026-07-02T17:00:00Z,2026-07-02T19:00:00+0200,51540.96,MW,FR,FR,actual_load,Actual Load,2026-07-05T12:20:00Z
2026-07-05T12:19:30Z,2026-07-05T14:19:30+0200,4432c355-9488-4e0d-b987-b7dab09a434c,2026-07-02T17:15:00Z,2026-07-02T19:15:00+0200,51286.3,MW,FR,FR,actual_load,Actual Load,2026-07-05T12:20:00Z
2026-07-05T12:19:30Z,2026-07-05T14:19:30+0200,4432c355-9488-4e0d-b987-b7dab09a434c,2026-07-02T17:30:00Z,2026-07-02T19:30:00+0200,51208.79,MW,FR,FR,actual_load,Actual Load,2026-07-05T12:20:00Z
2026-07-05T12:19:30Z,2026-07-05T14:19:30+0200,4432c355-9488-4e0d-b987-b7dab09a434c,2026-07-02T17:45:00Z,2026-07-02T19:45:00+0200,50731.74,MW,FR,FR,actual_load,Actual Load,2026-07-05T12:20:00Z
2026-07-05T12:19:30Z,2026-07-05T14:19:30+0200,4432c355-9488-4e0d-b987-b7dab09a434c,2026-07-02T18:00:00Z,2026-07-02T20:00:00+0200,50013.91,MW,FR,FR,actual_load,Actual Load,2026-07-05T12:20:00Z
2026-07-05T12:19:30Z,2026-07-05T14:19:30+0200,4432c355-9488-4e0d-b987-b7dab09a434c,2026-07-02T18:15:00Z,2026-07-02T20:15:00+0200,49412.66,MW,FR,FR,actual_load,Actual Load,2026-07-05T12:20:00Z
2026-07-05T12:19:30Z,2026-07-05T14:19:30+0200,4432c355-9488-4e0d-b987-b7dab09a434c,2026-07-02T18:30:00Z,2026-07-02T20:30:00+0200,48662.2,MW,FR,FR,actual_load,Actual Load,2026-07-05T12:20:00Z
2026-07-05T12:19:30Z,2026-07-05T14:19:30+0200,4432c355-9488-4e0d-b987-b7dab09a434c,2026-07-02T18:45:00Z,2026-07-02T20:45:00+0200,48064.93,MW,FR,FR,actual_load,Actual Load,2026-07-05T12:20:00Z
2026-07-05T12:19:30Z,2026-07-05T14:19:30+0200,4432c355-9488-4e0d-b987-b7dab09a434c,2026-07-02T19:00:00Z,2026-07-02T21:00:00+0200,47800.23,MW,FR,FR,actual_load,Actual Load,2026-07-05T12:20:00Z
2026-07-05T12:19:30Z,2026-07-05T14:19:30+0200,4432c355-9488-4e0d-b987-b7dab09a434c,2026-07-02T19:15:00Z,2026-07-02T21:15:00+0200,47375.45,MW,FR,FR,actual_load,Actual Load,2026-07-05T12:20:00Z
2026-07-05T12:19:30Z,2026-07-05T14:19:30+0200,4432c355-9488-4e0d-b987-b7dab09a434c,2026-07-02T19:30:00Z,2026-07-02T21:30:00+0200,47221.25,MW,FR,FR,actual_load,Actual Load,2026-07-05T12:20:00Z
2026-07-05T12:19:30Z,2026-07-05T14:19:30+0200,4432c355-9488-4e0d-b987-b7dab09a434c,2026-07-02T19:45:00Z,2026-07-02T21:45:00+0200,46935.48,MW,FR,FR,actual_load,Actual Load,2026-07-05T12:20:00Z
2026-07-05T12:19:30Z,2026-07-05T14:19:30+0200,4432c355-9488-4e0d-b987-b7dab09a434c,2026-07-02T20:00:00Z,2026-07-02T22:00:00+0200,48142.37,MW,FR,FR,actual_load,Actual Load,2026-07-05T12:20:00Z
2026-07-05T12:19:30Z,2026-07-05T14:19:30+0200,4432c355-9488-4e0d-b987-b7dab09a434c,2026-07-02T20:15:00Z,2026-07-02T22:15:00+0200,48225.44,MW,FR,FR,actual_load,Actual Load,2026-07-05T12:20:00Z
2026-07-05T12:19:30Z,2026-07-05T14:19:30+0200,4432c355-9488-4e0d-b987-b7dab09a434c,2026-07-02T20:30:00Z,2026-07-02T22:30:00+0200,49477.66,MW,FR,FR,actual_load,Actual Load,2026-07-05T12:20:00Z
2026-07-05T12:19:30Z,2026-07-05T14:19:30+0200,4432c355-9488-4e0d-b987-b7dab09a434c,2026-07-02T20:45:00Z,2026-07-02T22:45:00+0200,48986.61,MW,FR,FR,actual_load,Actual Load,2026-07-05T12:20:00Z
2026-07-05T12:19:30Z,2026-07-05T14:19:30+0200,4432c355-9488-4e0d-b987-b7dab09a434c,2026-07-02T21:00:00Z,2026-07-02T23:00:00+0200,48685.0,MW,FR,FR,actual_load,Actual Load,2026-07-05T12:20:00Z
2026-07-05T12:19:30Z,2026-07-05T14:19:30+0200,4432c355-9488-4e0d-b987-b7dab09a434c,2026-07-02T21:15:00Z,2026-07-02T23:15:00+0200,47595.96,MW,FR,FR,actual_load,Actual Load,2026-07-05T12:20:00Z
2026-07-05T12:19:30Z,2026-07-05T14:19:30+0200,4432c355-9488-4e0d-b987-b7dab09a434c,2026-07-02T21:30:00Z,2026-07-02T23:30:00+0200,47857.44,MW,FR,FR,actual_load,Actual Load,2026-07-05T12:20:00Z
2026-07-05T12:19:30Z,2026-07-05T14:19:30+0200,4432c355-9488-4e0d-b987-b7dab09a434c,2026-07-02T21:45:00Z,2026-07-02T23:45:00+0200,46541.33,MW,FR,FR,actual_load,Actual Load,2026-07-05T12:20:00Z
2026-07-05T12:19:30Z,2026-07-05T14:19:30+0200,4432c355-9488-4e0d-b987-b7dab09a434c,2026-07-02T22:00:00Z,2026-07-03T00:00:00+0200,46178.86,MW,FR,FR,actual_load,Actual Load,2026-07-05T12:20:00Z
2026-07-05T12:19:30Z,2026-07-05T14:19:30+0200,4432c355-9488-4e0d-b987-b7dab09a434c,2026-07-02T22:15:00Z,2026-07-03T00:15:00+0200,45274.43,MW,FR,FR,actual_load,Actual Load,2026-07-05T12:20:00Z
2026-07-05T12:19:30Z,2026-07-05T14:19:30+0200,4432c355-9488-4e0d-b987-b7dab09a434c,2026-07-02T22:30:00Z,2026-07-03T00:30:00+0200,43817.6,MW,FR,FR,actual_load,Actual Load,2026-07-05T12:20:00Z
2026-07-05T12:19:30Z,2026-07-05T14:19:30+0200,4432c355-9488-4e0d-b987-b7dab09a434c,2026-07-02T22:45:00Z,2026-07-03T00:45:00+0200,42827.85,MW,FR,FR,actual_load,Actual Load,2026-07-05T12:20:00Z
2026-07-05T12:19:30Z,2026-07-05T14:19:30+0200,4432c355-9488-4e0d-b987-b7dab09a434c,2026-07-02T23:00:00Z,2026-07-03T01:00:00+0200,43185.73,MW,FR,FR,actual_load,Actual Load,2026-07-05T12:20:00Z
2026-07-05T12:19:30Z,2026-07-05T14:19:30+0200,4432c355-9488-4e0d-b987-b7dab09a434c,2026-07-02T23:15:00Z,2026-07-03T01:15:00+0200,42646.47,MW,FR,FR,actual_load,Actual Load,2026-07-05T12:20:00Z
2026-07-05T12:19:30Z,2026-07-05T14:19:30+0200,4432c355-9488-4e0d-b987-b7dab09a434c,2026-07-02T23:30:00Z,2026-07-03T01:30:00+0200,42468.39,MW,FR,FR,actual_load,Actual Load,2026-07-05T12:20:00Z
2026-07-05T12:19:30Z,2026-07-05T14:19:30+0200,4432c355-9488-4e0d-b987-b7dab09a434c,2026-07-02T23:45:00Z,2026-07-03T01:45:00+0200,41723.16,MW,FR,FR,actual_load,Actual Load,2026-07-05T12:20:00Z
2026-07-05T12:19:30Z,2026-07-05T14:19:30+0200,4432c355-9488-4e0d-b987-b7dab09a434c,2026-07-03T00:00:00Z,2026-07-03T02:00:00+0200,41370.26,MW,FR,FR,actual_load,Actual Load,2026-07-05T12:20:00Z
2026-07-05T12:19:30Z,2026-07-05T14:19:30+0200,4432c355-9488-4e0d-b987-b7dab09a434c,2026-07-03T00:15:00Z,2026-07-03T02:15:00+0200,40510.32,MW,FR,FR,actual_load,Actual Load,2026-07-05T12:20:00Z
2026-07-05T12:19:30Z,2026-07-05T14:19:30+0200,4432c355-9488-4e0d-b987-b7dab09a434c,2026-07-03T00:30:00Z,2026-07-03T02:30:00+0200,39789.55,MW,FR,FR,actual_load,Actual Load,2026-07-05T12:20:00Z
2026-07-05T12:19:30Z,2026-07-05T14:19:30+0200,4432c355-9488-4e0d-b987-b7dab09a434c,2026-07-03T00:45:00Z,2026-07-03T02:45:00+0200,39264.99,MW,FR,FR,actual_load,Actual Load,2026-07-05T12:20:00Z
2026-07-05T12:19:30Z,2026-07-05T14:19:30+0200,4432c355-9488-4e0d-b987-b7dab09a434c,2026-07-03T01:00:00Z,2026-07-03T03:00:00+0200,38830.99,MW,FR,FR,actual_load,Actual Load,2026-07-05T12:20:00Z
2026-07-05T12:19:30Z,2026-07-05T14:19:30+0200,4432c355-9488-4e0d-b987-b7dab09a434c,2026-07-03T01:15:00Z,2026-07-03T03:15:00+0200,38533.14,MW,FR,FR,actual_load,Actual Load,2026-07-05T12:20:00Z
2026-07-05T12:19:30Z,2026-07-05T14:19:30+0200,4432c355-9488-4e0d-b987-b7dab09a434c,2026-07-03T01:30:00Z,2026-07-03T03:30:00+0200,38356.22,MW,FR,FR,actual_load,Actual Load,2026-07-05T12:20:00Z
2026-07-05T12:19:30Z,2026-07-05T14:19:30+0200,4432c355-9488-4e0d-b987-b7dab09a434c,2026-07-03T01:45:00Z,2026-07-03T03:45:00+0200,38100.67,MW,FR,FR,actual_load,Actual Load,2026-07-05T12:20:00Z
2026-07-05T12:19:30Z,2026-07-05T14:19:30+0200,4432c355-9488-4e0d-b987-b7dab09a434c,2026-07-03T02:00:00Z,2026-07-03T04:00:00+0200,38199.13,MW,FR,FR,actual_load,Actual Load,2026-07-05T12:20:00Z
2026-07-05T12:19:30Z,2026-07-05T14:19:30+0200,4432c355-9488-4e0d-b987-b7dab09a434c,2026-07-03T02:15:00Z,2026-07-03T04:15:00+0200,38134.39,MW,FR,FR,actual_load,Actual Load,2026-07-05T12:20:00Z
2026-07-05T12:19:30Z,2026-07-05T14:19:30+0200,4432c355-9488-4e0d-b987-b7dab09a434c,2026-07-03T02:30:00Z,2026-07-03T04:30:00+0200,38182.15,MW,FR,FR,actual_load,Actual Load,2026-07-05T12:20:00Z
2026-07-05T12:19:30Z,2026-07-05T14:19:30+0200,4432c355-9488-4e0d-b987-b7dab09a434c,2026-07-03T02:45:00Z,2026-07-03T04:45:00+0200,38290.94,MW,FR,FR,actual_load,Actual Load,2026-07-05T12:20:00Z
2026-07-05T12:19:30Z,2026-07-05T14:19:30+0200,4432c355-9488-4e0d-b987-b7dab09a434c,2026-07-03T03:00:00Z,2026-07-03T05:00:00+0200,39002.43,MW,FR,FR,actual_load,Actual Load,2026-07-05T12:20:00Z
2026-07-05T12:19:30Z,2026-07-05T14:19:30+0200,4432c355-9488-4e0d-b987-b7dab09a434c,2026-07-03T03:15:00Z,2026-07-03T05:15:00+0200,39504.18,MW,FR,FR,actual_load,Actual Load,2026-07-05T12:20:00Z
2026-07-05T12:19:30Z,2026-07-05T14:19:30+0200,4432c355-9488-4e0d-b987-b7dab09a434c,2026-07-03T03:30:00Z,2026-07-03T05:30:00+0200,39738.46,MW,FR,FR,actual_load,Actual Load,2026-07-05T12:20:00Z
2026-07-05T12:19:30Z,2026-07-05T14:19:30+0200,4432c355-9488-4e0d-b987-b7dab09a434c,2026-07-03T03:45:00Z,2026-07-03T05:45:00+0200,40035.8,MW,FR,FR,actual_load,Actual Load,2026-07-05T12:20:00Z
2026-07-05T12:19:30Z,2026-07-05T14:19:30+0200,4432c355-9488-4e0d-b987-b7dab09a434c,2026-07-03T04:00:00Z,2026-07-03T06:00:00+0200,40947.24,MW,FR,FR,actual_load,Actual Load,2026-07-05T12:20:00Z
2026-07-05T12:19:30Z,2026-07-05T14:19:30+0200,4432c355-9488-4e0d-b987-b7dab09a434c,2026-07-03T04:15:00Z,2026-07-03T06:15:00+0200,41509.34,MW,FR,FR,actual_load,Actual Load,2026-07-05T12:20:00Z
2026-07-05T12:19:30Z,2026-07-05T14:19:30+0200,4432c355-9488-4e0d-b987-b7dab09a434c,2026-07-03T04:30:00Z,2026-07-03T06:30:00+0200,42188.42,MW,FR,FR,actual_load,Actual Load,2026-07-05T12:20:00Z
2026-07-05T12:19:30Z,2026-07-05T14:19:30+0200,4432c355-9488-4e0d-b987-b7dab09a434c,2026-07-03T04:45:00Z,2026-07-03T06:45:00+0200,42901.4,MW,FR,FR,actual_load,Actual Load,2026-07-05T12:20:00Z
2026-07-05T12:19:30Z,2026-07-05T14:19:30+0200,4432c355-9488-4e0d-b987-b7dab09a434c,2026-07-03T05:00:00Z,2026-07-03T07:00:00+0200,43700.95,MW,FR,FR,actual_load,Actual Load,2026-07-05T12:20:00Z
2026-07-05T12:19:30Z,2026-07-05T14:19:30+0200,4432c355-9488-4e0d-b987-b7dab09a434c,2026-07-03T05:15:00Z,2026-07-03T07:15:00+0200,44561.49,MW,FR,FR,actual_load,Actual Load,2026-07-05T12:20:00Z
2026-07-05T12:19:30Z,2026-07-05T14:19:30+0200,4432c355-9488-4e0d-b987-b7dab09a434c,2026-07-03T05:30:00Z,2026-07-03T07:30:00+0200,45172.64,MW,FR,FR,actual_load,Actual Load,2026-07-05T12:20:00Z
2026-07-05T12:19:30Z,2026-07-05T14:19:30+0200,4432c355-9488-4e0d-b987-b7dab09a434c,2026-07-03T05:45:00Z,2026-07-03T07:45:00+0200,45927.86,MW,FR,FR,actual_load,Actual Load,2026-07-05T12:20:00Z
2026-07-05T12:19:30Z,2026-07-05T14:19:30+0200,4432c355-9488-4e0d-b987-b7dab09a434c,2026-07-03T06:00:00Z,2026-07-03T08:00:00+0200,46417.33,MW,FR,FR,actual_load,Actual Load,2026-07-05T12:20:00Z
2026-07-05T12:19:30Z,2026-07-05T14:19:30+0200,4432c355-9488-4e0d-b987-b7dab09a434c,2026-07-03T06:15:00Z,2026-07-03T08:15:00+0200,46881.47,MW,FR,FR,actual_load,Actual Load,2026-07-05T12:20:00Z
2026-07-05T12:19:30Z,2026-07-05T14:19:30+0200,4432c355-9488-4e0d-b987-b7dab09a434c,2026-07-03T06:30:00Z,2026-07-03T08:30:00+0200,47268.19,MW,FR,FR,actual_load,Actual Load,2026-07-05T12:20:00Z
2026-07-05T12:19:30Z,2026-07-05T14:19:30+0200,4432c355-9488-4e0d-b987-b7dab09a434c,2026-07-03T06:45:00Z,2026-07-03T08:45:00+0200,47839.56,MW,FR,FR,actual_load,Actual Load,2026-07-05T12:20:00Z
2026-07-05T12:19:30Z,2026-07-05T14:19:30+0200,4432c355-9488-4e0d-b987-b7dab09a434c,2026-07-03T07:00:00Z,2026-07-03T09:00:00+0200,48281.95,MW,FR,FR,actual_load,Actual Load,2026-07-05T12:20:00Z
2026-07-05T12:19:30Z,2026-07-05T14:19:30+0200,4432c355-9488-4e0d-b987-b7dab09a434c,2026-07-03T07:15:00Z,2026-07-03T09:15:00+0200,48580.16,MW,FR,FR,actual_load,Actual Load,2026-07-05T12:20:00Z
2026-07-05T12:19:30Z,2026-07-05T14:19:30+0200,4432c355-9488-4e0d-b987-b7dab09a434c,2026-07-03T07:30:00Z,2026-07-03T09:30:00+0200,48907.9,MW,FR,FR,actual_load,Actual Load,2026-07-05T12:20:00Z
2026-07-05T12:19:30Z,2026-07-05T14:19:30+0200,4432c355-9488-4e0d-b987-b7dab09a434c,2026-07-03T07:45:00Z,2026-07-03T09:45:00+0200,49082.45,MW,FR,FR,actual_load,Actual Load,2026-07-05T12:20:00Z
2026-07-05T12:19:30Z,2026-07-05T14:19:30+0200,4432c355-9488-4e0d-b987-b7dab09a434c,2026-07-03T08:00:00Z,2026-07-03T10:00:00+0200,49513.87,MW,FR,FR,actual_load,Actual Load,2026-07-05T12:20:00Z
2026-07-05T12:19:30Z,2026-07-05T14:19:30+0200,4432c355-9488-4e0d-b987-b7dab09a434c,2026-07-03T08:15:00Z,2026-07-03T10:15:00+0200,49854.87,MW,FR,FR,actual_load,Actual Load,2026-07-05T12:20:00Z
2026-07-05T12:19:30Z,2026-07-05T14:19:30+0200,4432c355-9488-4e0d-b987-b7dab09a434c,2026-07-03T08:30:00Z,2026-07-03T10:30:00+0200,50015.99,MW,FR,FR,actual_load,Actual Load,2026-07-05T12:20:00Z
2026-07-05T12:19:30Z,2026-07-05T14:19:30+0200,4432c355-9488-4e0d-b987-b7dab09a434c,2026-07-03T08:45:00Z,2026-07-03T10:45:00+0200,50000.84,MW,FR,FR,actual_load,Actual Load,2026-07-05T12:20:00Z
2026-07-05T12:19:30Z,2026-07-05T14:19:30+0200,4432c355-9488-4e0d-b987-b7dab09a434c,2026-07-03T09:00:00Z,2026-07-03T11:00:00+0200,50545.81,MW,FR,FR,actual_load,Actual Load,2026-07-05T12:20:00Z
2026-07-05T12:19:30Z,2026-07-05T14:19:30+0200,4432c355-9488-4e0d-b987-b7dab09a434c,2026-07-03T09:15:00Z,2026-07-03T11:15:00+0200,51358.49,MW,FR,FR,actual_load,Actual Load,2026-07-05T12:20:00Z
2026-07-05T12:19:30Z,2026-07-05T14:19:30+0200,4432c355-9488-4e0d-b987-b7dab09a434c,2026-07-03T09:30:00Z,2026-07-03T11:30:00+0200,51602.85,MW,FR,FR,actual_load,Actual Load,2026-07-05T12:20:00Z
2026-07-05T12:19:30Z,2026-07-05T14:19:30+0200,4432c355-9488-4e0d-b987-b7dab09a434c,2026-07-03T09:45:00Z,2026-07-03T11:45:00+0200,50801.22,MW,FR,FR,actual_load,Actual Load,2026-07-05T12:20:00Z
2026-07-05T12:19:30Z,2026-07-05T14:19:30+0200,4432c355-9488-4e0d-b987-b7dab09a434c,2026-07-03T10:00:00Z,2026-07-03T12:00:00+0200,51485.02,MW,FR,FR,actual_load,Actual Load,2026-07-05T12:20:00Z
2026-07-05T12:19:30Z,2026-07-05T14:19:30+0200,4432c355-9488-4e0d-b987-b7dab09a434c,2026-07-03T10:15:00Z,2026-07-03T12:15:00+0200,51624.32,MW,FR,FR,actual_load,Actual Load,2026-07-05T12:20:00Z
2026-07-05T12:19:30Z,2026-07-05T14:19:30+0200,4432c355-9488-4e0d-b987-b7dab09a434c,2026-07-03T10:30:00Z,2026-07-03T12:30:00+0200,52079.48,MW,FR,FR,actual_load,Actual Load,2026-07-05T12:20:00Z
2026-07-05T12:19:30Z,2026-07-05T14:19:30+0200,4432c355-9488-4e0d-b987-b7dab09a434c,2026-07-03T10:45:00Z,2026-07-03T12:45:00+0200,51522.39,MW,FR,FR,actual_load,Actual Load,2026-07-05T12:20:00Z
2026-07-05T12:19:30Z,2026-07-05T14:19:30+0200,4432c355-9488-4e0d-b987-b7dab09a434c,2026-07-03T11:00:00Z,2026-07-03T13:00:00+0200,51928.73,MW,FR,FR,actual_load,Actual Load,2026-07-05T12:20:00Z
2026-07-05T12:19:30Z,2026-07-05T14:19:30+0200,4432c355-9488-4e0d-b987-b7dab09a434c,2026-07-03T11:15:00Z,2026-07-03T13:15:00+0200,51013.46,MW,FR,FR,actual_load,Actual Load,2026-07-05T12:20:00Z
2026-07-05T12:19:30Z,2026-07-05T14:19:30+0200,4432c355-9488-4e0d-b987-b7dab09a434c,2026-07-03T11:30:00Z,2026-07-03T13:30:00+0200,50690.71,MW,FR,FR,actual_load,Actual Load,2026-07-05T12:20:00Z
2026-07-05T12:19:30Z,2026-07-05T14:19:30+0200,4432c355-9488-4e0d-b987-b7dab09a434c,2026-07-03T11:45:00Z,2026-07-03T13:45:00+0200,50565.04,MW,FR,FR,actual_load,Actual Load,2026-07-05T12:20:00Z
2026-07-05T12:19:30Z,2026-07-05T14:19:30+0200,4432c355-9488-4e0d-b987-b7dab09a434c,2026-07-03T12:00:00Z,2026-07-03T14:00:00+0200,51772.52,MW,FR,FR,actual_load,Actual Load,2026-07-05T12:20:00Z
2026-07-05T12:19:30Z,2026-07-05T14:19:30+0200,4432c355-9488-4e0d-b987-b7dab09a434c,2026-07-03T12:15:00Z,2026-07-03T14:15:00+0200,51599.35,MW,FR,FR,actual_load,Actual Load,2026-07-05T12:20:00Z
2026-07-05T12:19:30Z,2026-07-05T14:19:30+0200,4432c355-9488-4e0d-b987-b7dab09a434c,2026-07-03T12:30:00Z,2026-07-03T14:30:00+0200,51657.81,MW,FR,FR,actual_load,Actual Load,2026-07-05T12:20:00Z
2026-07-05T12:19:30Z,2026-07-05T14:19:30+0200,4432c355-9488-4e0d-b987-b7dab09a434c,2026-07-03T12:45:00Z,2026-07-03T14:45:00+0200,51224.04,MW,FR,FR,actual_load,Actual Load,2026-07-05T12:20:00Z
2026-07-05T12:19:30Z,2026-07-05T14:19:30+0200,4432c355-9488-4e0d-b987-b7dab09a434c,2026-07-03T13:00:00Z,2026-07-03T15:00:00+0200,50777.89,MW,FR,FR,actual_load,Actual Load,2026-07-05T12:20:00Z
2026-07-05T12:19:30Z,2026-07-05T14:19:30+0200,4432c355-9488-4e0d-b987-b7dab09a434c,2026-07-03T13:15:00Z,2026-07-03T15:15:00+0200,50261.42,MW,FR,FR,actual_load,Actual Load,2026-07-05T12:20:00Z
2026-07-05T12:19:30Z,2026-07-05T14:19:30+0200,4432c355-9488-4e0d-b987-b7dab09a434c,2026-07-03T13:30:00Z,2026-07-03T15:30:00+0200,50004.82,MW,FR,FR,actual_load,Actual Load,2026-07-05T12:20:00Z
2026-07-05T12:19:30Z,2026-07-05T14:19:30+0200,4432c355-9488-4e0d-b987-b7dab09a434c,2026-07-03T13:45:00Z,2026-07-03T15:45:00+0200,49641.68,MW,FR,FR,actual_load,Actual Load,2026-07-05T12:20:00Z
2026-07-05T12:19:30Z,2026-07-05T14:19:30+0200,4432c355-9488-4e0d-b987-b7dab09a434c,2026-07-03T14:00:00Z,2026-07-03T16:00:00+0200,49576.98,MW,FR,FR,actual_load,Actual Load,2026-07-05T12:20:00Z
2026-07-05T12:19:30Z,2026-07-05T14:19:30+0200,4432c355-9488-4e0d-b987-b7dab09a434c,2026-07-03T14:15:00Z,2026-07-03T16:15:00+0200,49125.11,MW,FR,FR,actual_load,Actual Load,2026-07-05T12:20:00Z
2026-07-05T12:19:30Z,2026-07-05T14:19:30+0200,4432c355-9488-4e0d-b987-b7dab09a434c,2026-07-03T14:30:00Z,2026-07-03T16:30:00+0200,49145.04,MW,FR,FR,actual_load,Actual Load,2026-07-05T12:20:00Z
2026-07-05T12:19:30Z,2026-07-05T14:19:30+0200,4432c355-9488-4e0d-b987-b7dab09a434c,2026-07-03T14:45:00Z,2026-07-03T16:45:00+0200,49185.1,MW,FR,FR,actual_load,Actual Load,2026-07-05T12:20:00Z
2026-07-05T12:19:30Z,2026-07-05T14:19:30+0200,4432c355-9488-4e0d-b987-b7dab09a434c,2026-07-03T15:00:00Z,2026-07-03T17:00:00+0200,49098.81,MW,FR,FR,actual_load,Actual Load,2026-07-05T12:20:00Z
2026-07-05T12:19:30Z,2026-07-05T14:19:30+0200,4432c355-9488-4e0d-b987-b7dab09a434c,2026-07-03T15:15:00Z,2026-07-03T17:15:00+0200,49137.93,MW,FR,FR,actual_load,Actual Load,2026-07-05T12:20:00Z
2026-07-05T12:19:30Z,2026-07-05T14:19:30+0200,4432c355-9488-4e0d-b987-b7dab09a434c,2026-07-03T15:30:00Z,2026-07-03T17:30:00+0200,49393.96,MW,FR,FR,actual_load,Actual Load,2026-07-05T12:20:00Z
2026-07-05T12:19:30Z,2026-07-05T14:19:30+0200,4432c355-9488-4e0d-b987-b7dab09a434c,2026-07-03T15:45:00Z,2026-07-03T17:45:00+0200,49784.74,MW,FR,FR,actual_load,Actual Load,2026-07-05T12:20:00Z
2026-07-05T12:19:30Z,2026-07-05T14:19:30+0200,4432c355-9488-4e0d-b987-b7dab09a434c,2026-07-03T16:00:00Z,2026-07-03T18:00:00+0200,50075.66,MW,FR,FR,actual_load,Actual Load,2026-07-05T12:20:00Z
2026-07-05T12:19:30Z,2026-07-05T14:19:30+0200,4432c355-9488-4e0d-b987-b7dab09a434c,2026-07-03T16:15:00Z,2026-07-03T18:15:00+0200,50126.05,MW,FR,FR,actual_load,Actual Load,2026-07-05T12:20:00Z
2026-07-05T12:19:30Z,2026-07-05T14:19:30+0200,4432c355-9488-4e0d-b987-b7dab09a434c,2026-07-03T16:30:00Z,2026-07-03T18:30:00+0200,50180.93,MW,FR,FR,actual_load,Actual Load,2026-07-05T12:20:00Z
2026-07-05T12:19:30Z,2026-07-05T14:19:30+0200,4432c355-9488-4e0d-b987-b7dab09a434c,2026-07-03T16:45:00Z,2026-07-03T18:45:00+0200,50616.84,MW,FR,FR,actual_load,Actual Load,2026-07-05T12:20:00Z
2026-07-05T12:19:30Z,2026-07-05T14:19:30+0200,4432c355-9488-4e0d-b987-b7dab09a434c,2026-07-03T17:00:00Z,2026-07-03T19:00:00+0200,50587.72,MW,FR,FR,actual_load,Actual Load,2026-07-05T12:20:00Z
2026-07-05T12:19:30Z,2026-07-05T14:19:30+0200,4432c355-9488-4e0d-b987-b7dab09a434c,2026-07-03T17:15:00Z,2026-07-03T19:15:00+0200,50529.61,MW,FR,FR,actual_load,Actual Load,2026-07-05T12:20:00Z
2026-07-05T12:19:30Z,2026-07-05T14:19:30+0200,4432c355-9488-4e0d-b987-b7dab09a434c,2026-07-03T17:30:00Z,2026-07-03T19:30:00+0200,50062.78,MW,FR,FR,actual_load,Actual Load,2026-07-05T12:20:00Z
2026-07-05T12:19:30Z,2026-07-05T14:19:30+0200,4432c355-9488-4e0d-b987-b7dab09a434c,2026-07-03T17:45:00Z,2026-07-03T19:45:00+0200,49932.0,MW,FR,FR,actual_load,Actual Load,2026-07-05T12:20:00Z
2026-07-05T12:19:30Z,2026-07-05T14:19:30+0200,4432c355-9488-4e0d-b987-b7dab09a434c,2026-07-03T18:00:00Z,2026-07-03T20:00:00+0200,49368.08,MW,FR,FR,actual_load,Actual Load,2026-07-05T12:20:00Z
2026-07-05T12:19:30Z,2026-07-05T14:19:30+0200,4432c355-9488-4e0d-b987-b7dab09a434c,2026-07-03T18:15:00Z,2026-07-03T20:15:00+0200,48693.7,MW,FR,FR,actual_load,Actual Load,2026-07-05T12:20:00Z
2026-07-05T12:19:30Z,2026-07-05T14:19:30+0200,4432c355-9488-4e0d-b987-b7dab09a434c,2026-07-03T18:30:00Z,2026-07-03T20:30:00+0200,48008.54,MW,FR,FR,actual_load,Actual Load,2026-07-05T12:20:00Z
2026-07-05T12:19:30Z,2026-07-05T14:19:30+0200,4432c355-9488-4e0d-b987-b7dab09a434c,2026-07-03T18:45:00Z,2026-07-03T20:45:00+0200,47525.26,MW,FR,FR,actual_load,Actual Load,2026-07-05T12:20:00Z
2026-07-05T12:19:30Z,2026-07-05T14:19:30+0200,4432c355-9488-4e0d-b987-b7dab09a434c,2026-07-03T19:00:00Z,2026-07-03T21:00:00+0200,47405.1,MW,FR,FR,actual_load,Actual Load,2026-07-05T12:20:00Z
2026-07-05T12:19:30Z,2026-07-05T14:19:30+0200,4432c355-9488-4e0d-b987-b7dab09a434c,2026-07-03T19:15:00Z,2026-07-03T21:15:00+0200,46834.22,MW,FR,FR,actual_load,Actual Load,2026-07-05T12:20:00Z
2026-07-05T12:19:30Z,2026-07-05T14:19:30+0200,4432c355-9488-4e0d-b987-b7dab09a434c,2026-07-03T19:30:00Z,2026-07-03T21:30:00+0200,46738.38,MW,FR,FR,actual_load,Actual Load,2026-07-05T12:20:00Z
2026-07-05T12:19:30Z,2026-07-05T14:19:30+0200,4432c355-9488-4e0d-b987-b7dab09a434c,2026-07-03T19:45:00Z,2026-07-03T21:45:00+0200,46339.14,MW,FR,FR,actual_load,Actual Load,2026-07-05T12:20:00Z
2026-07-05T12:19:30Z,2026-07-05T14:19:30+0200,4432c355-9488-4e0d-b987-b7dab09a434c,2026-07-03T20:00:00Z,2026-07-03T22:00:00+0200,47711.8,MW,FR,FR,actual_load,Actual Load,2026-07-05T12:20:00Z
2026-07-05T12:19:30Z,2026-07-05T14:19:30+0200,4432c355-9488-4e0d-b987-b7dab09a434c,2026-07-03T20:15:00Z,2026-07-03T22:15:00+0200,47614.3,MW,FR,FR,actual_load,Actual Load,2026-07-05T12:20:00Z
2026-07-05T12:19:30Z,2026-07-05T14:19:30+0200,4432c355-9488-4e0d-b987-b7dab09a434c,2026-07-03T20:30:00Z,2026-07-03T22:30:00+0200,49011.39,MW,FR,FR,actual_load,Actual Load,2026-07-05T12:20:00Z
2026-07-05T12:19:30Z,2026-07-05T14:19:30+0200,4432c355-9488-4e0d-b987-b7dab09a434c,2026-07-03T20:45:00Z,2026-07-03T22:45:00+0200,48315.68,MW,FR,FR,actual_load,Actual Load,2026-07-05T12:20:00Z
2026-07-05T12:19:30Z,2026-07-05T14:19:30+0200,4432c355-9488-4e0d-b987-b7dab09a434c,2026-07-03T21:00:00Z,2026-07-03T23:00:00+0200,48060.35,MW,FR,FR,actual_load,Actual Load,2026-07-05T12:20:00Z
2026-07-05T12:19:30Z,2026-07-05T14:19:30+0200,4432c355-9488-4e0d-b987-b7dab09a434c,2026-07-03T21:15:00Z,2026-07-03T23:15:00+0200,47127.03,MW,FR,FR,actual_load,Actual Load,2026-07-05T12:20:00Z
2026-07-05T12:19:30Z,2026-07-05T14:19:30+0200,4432c355-9488-4e0d-b987-b7dab09a434c,2026-07-03T21:30:00Z,2026-07-03T23:30:00+0200,47276.82,MW,FR,FR,actual_load,Actual Load,2026-07-05T12:20:00Z
2026-07-05T12:19:30Z,2026-07-05T14:19:30+0200,4432c355-9488-4e0d-b987-b7dab09a434c,2026-07-03T21:45:00Z,2026-07-03T23:45:00+0200,46056.99,MW,FR,FR,actual_load,Actual Load,2026-07-05T12:20:00Z
2026-07-05T12:19:30Z,2026-07-05T14:19:30+0200,4432c355-9488-4e0d-b987-b7dab09a434c,2026-07-03T22:00:00Z,2026-07-04T00:00:00+0200,45889.25,MW,FR,FR,actual_load,Actual Load,2026-07-05T12:20:00Z
2026-07-05T12:19:30Z,2026-07-05T14:19:30+0200,4432c355-9488-4e0d-b987-b7dab09a434c,2026-07-03T22:15:00Z,2026-07-04T00:15:00+0200,44795.49,MW,FR,FR,actual_load,Actual Load,2026-07-05T12:20:00Z
2026-07-05T12:19:30Z,2026-07-05T14:19:30+0200,4432c355-9488-4e0d-b987-b7dab09a434c,2026-07-03T22:30:00Z,2026-07-04T00:30:00+0200,43329.31,MW,FR,FR,actual_load,Actual Load,2026-07-05T12:20:00Z
2026-07-05T12:19:30Z,2026-07-05T14:19:30+0200,4432c355-9488-4e0d-b987-b7dab09a434c,2026-07-03T22:45:00Z,2026-07-04T00:45:00+0200,42327.92,MW,FR,FR,actual_load,Actual Load,2026-07-05T12:20:00Z
2026-07-05T12:19:30Z,2026-07-05T14:19:30+0200,4432c355-9488-4e0d-b987-b7dab09a434c,2026-07-03T23:00:00Z,2026-07-04T01:00:00+0200,42542.05,MW,FR,FR,actual_load,Actual Load,2026-07-05T12:20:00Z
2026-07-05T12:19:30Z,2026-07-05T14:19:30+0200,4432c355-9488-4e0d-b987-b7dab09a434c,2026-07-03T23:15:00Z,2026-07-04T01:15:00+0200,41865.17,MW,FR,FR,actual_load,Actual Load,2026-07-05T12:20:00Z
2026-07-05T12:19:30Z,2026-07-05T14:19:30+0200,4432c355-9488-4e0d-b987-b7dab09a434c,2026-07-03T23:30:00Z,2026-07-04T01:30:00+0200,41641.87,MW,FR,FR,actual_load,Actual Load,2026-07-05T12:20:00Z
2026-07-05T12:19:30Z,2026-07-05T14:19:30+0200,4432c355-9488-4e0d-b987-b7dab09a434c,2026-07-03T23:45:00Z,2026-07-04T01:45:00+0200,40662.16,MW,FR,FR,actual_load,Actual Load,2026-07-05T12:20:00Z
2026-07-05T12:19:30Z,2026-07-05T14:19:30+0200,4432c355-9488-4e0d-b987-b7dab09a434c,2026-07-04T00:00:00Z,2026-07-04T02:00:00+0200,40331.9,MW,FR,FR,actual_load,Actual Load,2026-07-05T12:20:00Z
2026-07-05T12:19:30Z,2026-07-05T14:19:30+0200,4432c355-9488-4e0d-b987-b7dab09a434c,2026-07-04T00:15:00Z,2026-07-04T02:15:00+0200,39421.25,MW,FR,FR,actual_load,Actual Load,2026-07-05T12:20:00Z
2026-07-05T12:19:30Z,2026-07-05T14:19:30+0200,4432c355-9488-4e0d-b987-b7dab09a434c,2026-07-04T00:30:00Z,2026-07-04T02:30:00+0200,38515.72,MW,FR,FR,actual_load,Actual Load,2026-07-05T12:20:00Z
2026-07-05T12:19:30Z,2026-07-05T14:19:30+0200,4432c355-9488-4e0d-b987-b7dab09a434c,2026-07-04T00:45:00Z,2026-07-04T02:45:00+0200,37920.33,MW,FR,FR,actual_load,Actual Load,2026-07-05T12:20:00Z
2026-07-05T12:19:30Z,2026-07-05T14:19:30+0200,4432c355-9488-4e0d-b987-b7dab09a434c,2026-07-04T01:00:00Z,2026-07-04T03:00:00+0200,37468.02,MW,FR,FR,actual_load,Actual Load,2026-07-05T12:20:00Z
2026-07-05T12:19:30Z,2026-07-05T14:19:30+0200,4432c355-9488-4e0d-b987-b7dab09a434c,2026-07-04T01:15:00Z,2026-07-04T03:15:00+0200,36948.86,MW,FR,FR,actual_load,Actual Load,2026-07-05T12:20:00Z
2026-07-05T12:19:30Z,2026-07-05T14:19:30+0200,4432c355-9488-4e0d-b987-b7dab09a434c,2026-07-04T01:30:00Z,2026-07-04T03:30:00+0200,36738.59,MW,FR,FR,actual_load,Actual Load,2026-07-05T12:20:00Z
2026-07-05T12:19:30Z,2026-07-05T14:19:30+0200,4432c355-9488-4e0d-b987-b7dab09a434c,2026-07-04T01:45:00Z,2026-07-04T03:45:00+0200,36515.08,MW,FR,FR,actual_load,Actual Load,2026-07-05T12:20:00Z
2026-07-05T12:19:30Z,2026-07-05T14:19:30+0200,4432c355-9488-4e0d-b987-b7dab09a434c,2026-07-04T02:00:00Z,2026-07-04T04:00:00+0200,36257.04,MW,FR,FR,actual_load,Actual Load,2026-07-05T12:20:00Z
2026-07-05T12:19:30Z,2026-07-05T14:19:30+0200,4432c355-9488-4e0d-b987-b7dab09a434c,2026-07-04T02:15:00Z,2026-07-04T04:15:00+0200,36015.51,MW,FR,FR,actual_load,Actual Load,2026-07-05T12:20:00Z
2026-07-05T12:19:30Z,2026-07-05T14:19:30+0200,4432c355-9488-4e0d-b987-b7dab09a434c,2026-07-04T02:30:00Z,2026-07-04T04:30:00+0200,35866.99,MW,FR,FR,actual_load,Actual Load,2026-07-05T12:20:00Z
2026-07-05T12:19:30Z,2026-07-05T14:19:30+0200,4432c355-9488-4e0d-b987-b7dab09a434c,2026-07-04T02:45:00Z,2026-07-04T04:45:00+0200,35728.66,MW,FR,FR,actual_load,Actual Load,2026-07-05T12:20:00Z
2026-07-05T12:19:30Z,2026-07-05T14:19:30+0200,4432c355-9488-4e0d-b987-b7dab09a434c,2026-07-04T03:00:00Z,2026-07-04T05:00:00+0200,35981.02,MW,FR,FR,actual_load,Actual Load,2026-07-05T12:20:00Z
2026-07-05T12:19:30Z,2026-07-05T14:19:30+0200,4432c355-9488-4e0d-b987-b7dab09a434c,2026-07-04T03:15:00Z,2026-07-04T05:15:00+0200,35917.89,MW,FR,FR,actual_load,Actual Load,2026-07-05T12:20:00Z
2026-07-05T12:19:30Z,2026-07-05T14:19:30+0200,4432c355-9488-4e0d-b987-b7dab09a434c,2026-07-04T03:30:00Z,2026-07-04T05:30:00+0200,35828.61,MW,FR,FR,actual_load,Actual Load,2026-07-05T12:20:00Z
2026-07-05T12:19:30Z,2026-07-05T14:19:30+0200,4432c355-9488-4e0d-b987-b7dab09a434c,2026-07-04T03:45:00Z,2026-07-04T05:45:00+0200,35784.49,MW,FR,FR,actual_load,Actual Load,2026-07-05T12:20:00Z
2026-07-05T12:19:30Z,2026-07-05T14:19:30+0200,4432c355-9488-4e0d-b987-b7dab09a434c,2026-07-04T04:00:00Z,2026-07-04T06:00:00+0200,35869.85,MW,FR,FR,actual_load,Actual Load,2026-07-05T12:20:00Z
2026-07-05T12:19:30Z,2026-07-05T14:19:30+0200,4432c355-9488-4e0d-b987-b7dab09a434c,2026-07-04T04:15:00Z,2026-07-04T06:15:00+0200,35865.41,MW,FR,FR,actual_load,Actual Load,2026-07-05T12:20:00Z
2026-07-05T12:19:30Z,2026-07-05T14:19:30+0200,4432c355-9488-4e0d-b987-b7dab09a434c,2026-07-04T04:30:00Z,2026-07-04T06:30:00+0200,35906.59,MW,FR,FR,actual_load,Actual Load,2026-07-05T12:20:00Z
2026-07-05T12:19:30Z,2026-07-05T14:19:30+0200,4432c355-9488-4e0d-b987-b7dab09a434c,2026-07-04T04:45:00Z,2026-07-04T06:45:00+0200,36076.82,MW,FR,FR,actual_load,Actual Load,2026-07-05T12:20:00Z
2026-07-05T12:19:30Z,2026-07-05T14:19:30+0200,4432c355-9488-4e0d-b987-b7dab09a434c,2026-07-04T05:00:00Z,2026-07-04T07:00:00+0200,36246.75,MW,FR,FR,actual_load,Actual Load,2026-07-05T12:20:00Z
2026-07-05T12:19:30Z,2026-07-05T14:19:30+0200,4432c355-9488-4e0d-b987-b7dab09a434c,2026-07-04T05:15:00Z,2026-07-04T07:15:00+0200,36456.85,MW,FR,FR,actual_load,Actual Load,2026-07-05T12:20:00Z
2026-07-05T12:19:30Z,2026-07-05T14:19:30+0200,4432c355-9488-4e0d-b987-b7dab09a434c,2026-07-04T05:30:00Z,2026-07-04T07:30:00+0200,36881.64,MW,FR,FR,actual_load,Actual Load,2026-07-05T12:20:00Z
2026-07-05T12:19:30Z,2026-07-05T14:19:30+0200,4432c355-9488-4e0d-b987-b7dab09a434c,2026-07-04T05:45:00Z,2026-07-04T07:45:00+0200,37403.58,MW,FR,FR,actual_load,Actual Load,2026-07-05T12:20:00Z
2026-07-05T12:19:30Z,2026-07-05T14:19:30+0200,4432c355-9488-4e0d-b987-b7dab09a434c,2026-07-04T06:00:00Z,2026-07-04T08:00:00+0200,37965.12,MW,FR,FR,actual_load,Actual Load,2026-07-05T12:20:00Z
2026-07-05T12:19:30Z,2026-07-05T14:19:30+0200,4432c355-9488-4e0d-b987-b7dab09a434c,2026-07-04T06:15:00Z,2026-07-04T08:15:00+0200,38412.18,MW,FR,FR,actual_load,Actual Load,2026-07-05T12:20:00Z
2026-07-05T12:19:30Z,2026-07-05T14:19:30+0200,4432c355-9488-4e0d-b987-b7dab09a434c,2026-07-04T06:30:00Z,2026-07-04T08:30:00+0200,39097.87,MW,FR,FR,actual_load,Actual Load,2026-07-05T12:20:00Z
2026-07-05T12:19:30Z,2026-07-05T14:19:30+0200,4432c355-9488-4e0d-b987-b7dab09a434c,2026-07-04T06:45:00Z,2026-07-04T08:45:00+0200,39522.58,MW,FR,FR,actual_load,Actual Load,2026-07-05T12:20:00Z
2026-07-05T12:19:30Z,2026-07-05T14:19:30+0200,4432c355-9488-4e0d-b987-b7dab09a434c,2026-07-04T07:00:00Z,2026-07-04T09:00:00+0200,40134.42,MW,FR,FR,actual_load,Actual Load,2026-07-05T12:20:00Z
2026-07-05T12:19:30Z,2026-07-05T14:19:30+0200,4432c355-9488-4e0d-b987-b7dab09a434c,2026-07-04T07:15:00Z,2026-07-04T09:15:00+0200,40610.55,MW,FR,FR,actual_load,Actual Load,2026-07-05T12:20:00Z
2026-07-05T12:19:30Z,2026-07-05T14:19:30+0200,4432c355-9488-4e0d-b987-b7dab09a434c,2026-07-04T07:30:00Z,2026-07-04T09:30:00+0200,40253.88,MW,FR,FR,actual_load,Actual Load,2026-07-05T12:20:00Z
2026-07-05T12:19:30Z,2026-07-05T14:19:30+0200,4432c355-9488-4e0d-b987-b7dab09a434c,2026-07-04T07:45:00Z,2026-07-04T09:45:00+0200,40908.13,MW,FR,FR,actual_load,Actual Load,2026-07-05T12:20:00Z
2026-07-05T12:19:30Z,2026-07-05T14:19:30+0200,4432c355-9488-4e0d-b987-b7dab09a434c,2026-07-04T08:00:00Z,2026-07-04T10:00:00+0200,41749.38,MW,FR,FR,actual_load,Actual Load,2026-07-05T12:20:00Z
2026-07-05T12:19:30Z,2026-07-05T14:19:30+0200,4432c355-9488-4e0d-b987-b7dab09a434c,2026-07-04T08:15:00Z,2026-07-04T10:15:00+0200,41994.67,MW,FR,FR,actual_load,Actual Load,2026-07-05T12:20:00Z
2026-07-05T12:19:30Z,2026-07-05T14:19:30+0200,4432c355-9488-4e0d-b987-b7dab09a434c,2026-07-04T08:30:00Z,2026-07-04T10:30:00+0200,42354.62,MW,FR,FR,actual_load,Actual Load,2026-07-05T12:20:00Z
2026-07-05T12:19:30Z,2026-07-05T14:19:30+0200,4432c355-9488-4e0d-b987-b7dab09a434c,2026-07-04T08:45:00Z,2026-07-04T10:45:00+0200,43040.06,MW,FR,FR,actual_load,Actual Load,2026-07-05T12:20:00Z
2026-07-05T12:19:30Z,2026-07-05T14:19:30+0200,4432c355-9488-4e0d-b987-b7dab09a434c,2026-07-04T09:00:00Z,2026-07-04T11:00:00+0200,43482.79,MW,FR,FR,actual_load,Actual Load,2026-07-05T12:20:00Z
2026-07-05T12:19:30Z,2026-07-05T14:19:30+0200,4432c355-9488-4e0d-b987-b7dab09a434c,2026-07-04T09:15:00Z,2026-07-04T11:15:00+0200,43145.78,MW,FR,FR,actual_load,Actual Load,2026-07-05T12:20:00Z
2026-07-05T12:19:30Z,2026-07-05T14:19:30+0200,4432c355-9488-4e0d-b987-b7dab09a434c,2026-07-04T09:30:00Z,2026-07-04T11:30:00+0200,42965.57,MW,FR,FR,actual_load,Actual Load,2026-07-05T12:20:00Z
2026-07-05T12:19:30Z,2026-07-05T14:19:30+0200,4432c355-9488-4e0d-b987-b7dab09a434c,2026-07-04T09:45:00Z,2026-07-04T11:45:00+0200,43285.23,MW,FR,FR,actual_load,Actual Load,2026-07-05T12:20:00Z
2026-07-05T12:19:30Z,2026-07-05T14:19:30+0200,4432c355-9488-4e0d-b987-b7dab09a434c,2026-07-04T10:00:00Z,2026-07-04T12:00:00+0200,44149.69,MW,FR,FR,actual_load,Actual Load,2026-07-05T12:20:00Z
2026-07-05T12:19:30Z,2026-07-05T14:19:30+0200,4432c355-9488-4e0d-b987-b7dab09a434c,2026-07-04T10:15:00Z,2026-07-04T12:15:00+0200,44271.9,MW,FR,FR,actual_load,Actual Load,2026-07-05T12:20:00Z
2026-07-05T12:19:30Z,2026-07-05T14:19:30+0200,4432c355-9488-4e0d-b987-b7dab09a434c,2026-07-04T10:30:00Z,2026-07-04T12:30:00+0200,44900.92,MW,FR,FR,actual_load,Actual Load,2026-07-05T12:20:00Z
2026-07-05T12:19:30Z,2026-07-05T14:19:30+0200,4432c355-9488-4e0d-b987-b7dab09a434c,2026-07-04T10:45:00Z,2026-07-04T12:45:00+0200,45022.17,MW,FR,FR,actual_load,Actual Load,2026-07-05T12:20:00Z
2026-07-05T12:19:30Z,2026-07-05T14:19:30+0200,4432c355-9488-4e0d-b987-b7dab09a434c,2026-07-04T11:00:00Z,2026-07-04T13:00:00+0200,44402.87,MW,FR,FR,actual_load,Actual Load,2026-07-05T12:20:00Z
2026-07-05T12:19:30Z,2026-07-05T14:19:30+0200,4432c355-9488-4e0d-b987-b7dab09a434c,2026-07-04T11:15:00Z,2026-07-04T13:15:00+0200,43762.19,MW,FR,FR,actual_load,Actual Load,2026-07-05T12:20:00Z
2026-07-05T12:19:30Z,2026-07-05T14:19:30+0200,4432c355-9488-4e0d-b987-b7dab09a434c,2026-07-04T11:30:00Z,2026-07-04T13:30:00+0200,43312.29,MW,FR,FR,actual_load,Actual Load,2026-07-05T12:20:00Z
2026-07-05T12:19:30Z,2026-07-05T14:19:30+0200,4432c355-9488-4e0d-b987-b7dab09a434c,2026-07-04T11:45:00Z,2026-07-04T13:45:00+0200,43478.67,MW,FR,FR,actual_load,Actual Load,2026-07-05T12:20:00Z
2026-07-05T12:19:30Z,2026-07-05T14:19:30+0200,4432c355-9488-4e0d-b987-b7dab09a434c,2026-07-04T12:00:00Z,2026-07-04T14:00:00+0200,44070.63,MW,FR,FR,actual_load,Actual Load,2026-07-05T12:20:00Z
2026-07-05T12:19:30Z,2026-07-05T14:19:30+0200,4432c355-9488-4e0d-b987-b7dab09a434c,2026-07-04T12:15:00Z,2026-07-04T14:15:00+0200,43970.36,MW,FR,FR,actual_load,Actual Load,2026-07-05T12:20:00Z
2026-07-05T12:19:30Z,2026-07-05T14:19:30+0200,4432c355-9488-4e0d-b987-b7dab09a434c,2026-07-04T12:30:00Z,2026-07-04T14:30:00+0200,44095.28,MW,FR,FR,actual_load,Actual Load,2026-07-05T12:20:00Z
2026-07-05T12:19:30Z,2026-07-05T14:19:30+0200,4432c355-9488-4e0d-b987-b7dab09a434c,2026-07-04T12:45:00Z,2026-07-04T14:45:00+0200,43871.98,MW,FR,FR,actual_load,Actual Load,2026-07-05T12:20:00Z
2026-07-05T12:19:30Z,2026-07-05T14:19:30+0200,4432c355-9488-4e0d-b987-b7dab09a434c,2026-07-04T13:00:00Z,2026-07-04T15:00:00+0200,44051.61,MW,FR,FR,actual_load,Actual Load,2026-07-05T12:20:00Z
2026-07-05T12:19:30Z,2026-07-05T14:19:30+0200,4432c355-9488-4e0d-b987-b7dab09a434c,2026-07-04T13:15:00Z,2026-07-04T15:15:00+0200,43213.54,MW,FR,FR,actual_load,Actual Load,2026-07-05T12:20:00Z
2026-07-05T12:19:30Z,2026-07-05T14:19:30+0200,4432c355-9488-4e0d-b987-b7dab09a434c,2026-07-04T13:30:00Z,2026-07-04T15:30:00+0200,42819.31,MW,FR,FR,actual_load,Actual Load,2026-07-05T12:20:00Z
2026-07-05T12:19:30Z,2026-07-05T14:19:30+0200,4432c355-9488-4e0d-b987-b7dab09a434c,2026-07-04T13:45:00Z,2026-07-04T15:45:00+0200,42533.25,MW,FR,FR,actual_load,Actual Load,2026-07-05T12:20:00Z
2026-07-05T12:19:30Z,2026-07-05T14:19:30+0200,4432c355-9488-4e0d-b987-b7dab09a434c,2026-07-04T14:00:00Z,2026-07-04T16:00:00+0200,42477.42,MW,FR,FR,actual_load,Actual Load,2026-07-05T12:20:00Z
2026-07-05T12:19:30Z,2026-07-05T14:19:30+0200,4432c355-9488-4e0d-b987-b7dab09a434c,2026-07-04T14:15:00Z,2026-07-04T16:15:00+0200,42172.09,MW,FR,FR,actual_load,Actual Load,2026-07-05T12:20:00Z
2026-07-05T12:19:30Z,2026-07-05T14:19:30+0200,4432c355-9488-4e0d-b987-b7dab09a434c,2026-07-04T14:30:00Z,2026-07-04T16:30:00+0200,42625.39,MW,FR,FR,actual_load,Actual Load,2026-07-05T12:20:00Z
2026-07-05T12:19:30Z,2026-07-05T14:19:30+0200,4432c355-9488-4e0d-b987-b7dab09a434c,2026-07-04T14:45:00Z,2026-07-04T16:45:00+0200,43610.85,MW,FR,FR,actual_load,Actual Load,2026-07-05T12:20:00Z
2026-07-05T12:19:30Z,2026-07-05T14:19:30+0200,4432c355-9488-4e0d-b987-b7dab09a434c,2026-07-04T15:00:00Z,2026-07-04T17:00:00+0200,43831.03,MW,FR,FR,actual_load,Actual Load,2026-07-05T12:20:00Z
2026-07-05T12:19:30Z,2026-07-05T14:19:30+0200,4432c355-9488-4e0d-b987-b7dab09a434c,2026-07-04T15:15:00Z,2026-07-04T17:15:00+0200,43763.43,MW,FR,FR,actual_load,Actual Load,2026-07-05T12:20:00Z
2026-07-05T12:19:30Z,2026-07-05T14:19:30+0200,4432c355-9488-4e0d-b987-b7dab09a434c,2026-07-04T15:30:00Z,2026-07-04T17:30:00+0200,43686.61,MW,FR,FR,actual_load,Actual Load,2026-07-05T12:20:00Z
2026-07-05T12:19:30Z,2026-07-05T14:19:30+0200,4432c355-9488-4e0d-b987-b7dab09a434c,2026-07-04T15:45:00Z,2026-07-04T17:45:00+0200,43935.01,MW,FR,FR,actual_load,Actual Load,2026-07-05T12:20:00Z
2026-07-05T12:19:30Z,2026-07-05T14:19:30+0200,4432c355-9488-4e0d-b987-b7dab09a434c,2026-07-04T16:00:00Z,2026-07-04T18:00:00+0200,44984.72,MW,FR,FR,actual_load,Actual Load,2026-07-05T12:20:00Z
2026-07-05T12:19:30Z,2026-07-05T14:19:30+0200,4432c355-9488-4e0d-b987-b7dab09a434c,2026-07-04T16:15:00Z,2026-07-04T18:15:00+0200,45733.85,MW,FR,FR,actual_load,Actual Load,2026-07-05T12:20:00Z
2026-07-05T12:19:30Z,2026-07-05T14:19:30+0200,4432c355-9488-4e0d-b987-b7dab09a434c,2026-07-04T16:30:00Z,2026-07-04T18:30:00+0200,46348.54,MW,FR,FR,actual_load,Actual Load,2026-07-05T12:20:00Z
2026-07-05T12:19:30Z,2026-07-05T14:19:30+0200,4432c355-9488-4e0d-b987-b7dab09a434c,2026-07-04T16:45:00Z,2026-07-04T18:45:00+0200,46394.03,MW,FR,FR,actual_load,Actual Load,2026-07-05T12:20:00Z
2026-07-05T12:19:30Z,2026-07-05T14:19:30+0200,4432c355-9488-4e0d-b987-b7dab09a434c,2026-07-04T17:00:00Z,2026-07-04T19:00:00+0200,46459.8,MW,FR,FR,actual_load,Actual Load,2026-07-05T12:20:00Z
2026-07-05T12:19:30Z,2026-07-05T14:19:30+0200,4432c355-9488-4e0d-b987-b7dab09a434c,2026-07-04T17:15:00Z,2026-07-04T19:15:00+0200,46371.31,MW,FR,FR,actual_load,Actual Load,2026-07-05T12:20:00Z
2026-07-05T12:19:30Z,2026-07-05T14:19:30+0200,4432c355-9488-4e0d-b987-b7dab09a434c,2026-07-04T17:30:00Z,2026-07-04T19:30:00+0200,46284.52,MW,FR,FR,actual_load,Actual Load,2026-07-05T12:20:00Z
2026-07-05T12:19:30Z,2026-07-05T14:19:30+0200,4432c355-9488-4e0d-b987-b7dab09a434c,2026-07-04T17:45:00Z,2026-07-04T19:45:00+0200,46187.86,MW,FR,FR,actual_load,Actual Load,2026-07-05T12:20:00Z
2026-07-05T12:19:30Z,2026-07-05T14:19:30+0200,4432c355-9488-4e0d-b987-b7dab09a434c,2026-07-04T18:00:00Z,2026-07-04T20:00:00+0200,45842.72,MW,FR,FR,actual_load,Actual Load,2026-07-05T12:20:00Z
2026-07-05T12:19:30Z,2026-07-05T14:19:30+0200,4432c355-9488-4e0d-b987-b7dab09a434c,2026-07-04T18:15:00Z,2026-07-04T20:15:00+0200,45488.07,MW,FR,FR,actual_load,Actual Load,2026-07-05T12:20:00Z
2026-07-05T12:19:30Z,2026-07-05T14:19:30+0200,4432c355-9488-4e0d-b987-b7dab09a434c,2026-07-04T18:30:00Z,2026-07-04T20:30:00+0200,44873.43,MW,FR,FR,actual_load,Actual Load,2026-07-05T12:20:00Z
2026-07-05T12:19:30Z,2026-07-05T14:19:30+0200,4432c355-9488-4e0d-b987-b7dab09a434c,2026-07-04T18:45:00Z,2026-07-04T20:45:00+0200,44502.44,MW,FR,FR,actual_load,Actual Load,2026-07-05T12:20:00Z
2026-07-05T12:19:30Z,2026-07-05T14:19:30+0200,4432c355-9488-4e0d-b987-b7dab09a434c,2026-07-04T19:00:00Z,2026-07-04T21:00:00+0200,44150.72,MW,FR,FR,actual_load,Actual Load,2026-07-05T12:20:00Z
2026-07-05T12:19:30Z,2026-07-05T14:19:30+0200,4432c355-9488-4e0d-b987-b7dab09a434c,2026-07-04T19:15:00Z,2026-07-04T21:15:00+0200,43784.53,MW,FR,FR,actual_load,Actual Load,2026-07-05T12:20:00Z
2026-07-05T12:19:30Z,2026-07-05T14:19:30+0200,4432c355-9488-4e0d-b987-b7dab09a434c,2026-07-04T19:30:00Z,2026-07-04T21:30:00+0200,43499.39,MW,FR,FR,actual_load,Actual Load,2026-07-05T12:20:00Z
2026-07-05T12:19:30Z,2026-07-05T14:19:30+0200,4432c355-9488-4e0d-b987-b7dab09a434c,2026-07-04T19:45:00Z,2026-07-04T21:45:00+0200,43422.73,MW,FR,FR,actual_load,Actual Load,2026-07-05T12:20:00Z
2026-07-05T12:19:30Z,2026-07-05T14:19:30+0200,4432c355-9488-4e0d-b987-b7dab09a434c,2026-07-04T20:00:00Z,2026-07-04T22:00:00+0200,44759.77,MW,FR,FR,actual_load,Actual Load,2026-07-05T12:20:00Z
2026-07-05T12:19:30Z,2026-07-05T14:19:30+0200,4432c355-9488-4e0d-b987-b7dab09a434c,2026-07-04T20:15:00Z,2026-07-04T22:15:00+0200,44685.79,MW,FR,FR,actual_load,Actual Load,2026-07-05T12:20:00Z
2026-07-05T12:19:30Z,2026-07-05T14:19:30+0200,4432c355-9488-4e0d-b987-b7dab09a434c,2026-07-04T20:30:00Z,2026-07-04T22:30:00+0200,45947.75,MW,FR,FR,actual_load,Actual Load,2026-07-05T12:20:00Z
2026-07-05T12:19:30Z,2026-07-05T14:19:30+0200,4432c355-9488-4e0d-b987-b7dab09a434c,2026-07-04T20:45:00Z,2026-07-04T22:45:00+0200,45445.8,MW,FR,FR,actual_load,Actual Load,2026-07-05T12:20:00Z
2026-07-05T12:19:30Z,2026-07-05T14:19:30+0200,4432c355-9488-4e0d-b987-b7dab09a434c,2026-07-04T21:00:00Z,2026-07-04T23:00:00+0200,45364.85,MW,FR,FR,actual_load,Actual Load,2026-07-05T12:20:00Z
2026-07-05T12:19:30Z,2026-07-05T14:19:30+0200,4432c355-9488-4e0d-b987-b7dab09a434c,2026-07-04T21:15:00Z,2026-07-04T23:15:00+0200,44370.08,MW,FR,FR,actual_load,Actual Load,2026-07-05T12:20:00Z
2026-07-05T12:19:30Z,2026-07-05T14:19:30+0200,4432c355-9488-4e0d-b987-b7dab09a434c,2026-07-04T21:30:00Z,2026-07-04T23:30:00+0200,44607.34,MW,FR,FR,actual_load,Actual Load,2026-07-05T12:20:00Z
2026-07-05T12:19:30Z,2026-07-05T14:19:30+0200,4432c355-9488-4e0d-b987-b7dab09a434c,2026-07-04T21:45:00Z,2026-07-04T23:45:00+0200,43750.53,MW,FR,FR,actual_load,Actual Load,2026-07-05T12:20:00Z
2026-07-05T12:19:30Z,2026-07-05T14:19:30+0200,4432c355-9488-4e0d-b987-b7dab09a434c,2026-07-04T22:00:00Z,2026-07-05T00:00:00+0200,43955.13,MW,FR,FR,actual_load,Actual Load,2026-07-05T12:20:00Z
2026-07-05T12:19:30Z,2026-07-05T14:19:30+0200,4432c355-9488-4e0d-b987-b7dab09a434c,2026-07-04T22:15:00Z,2026-07-05T00:15:00+0200,42867.02,MW,FR,FR,actual_load,Actual Load,2026-07-05T12:20:00Z
2026-07-05T12:19:30Z,2026-07-05T14:19:30+0200,4432c355-9488-4e0d-b987-b7dab09a434c,2026-07-04T22:30:00Z,2026-07-05T00:30:00+0200,41573.18,MW,FR,FR,actual_load,Actual Load,2026-07-05T12:20:00Z
2026-07-05T12:19:30Z,2026-07-05T14:19:30+0200,4432c355-9488-4e0d-b987-b7dab09a434c,2026-07-04T22:45:00Z,2026-07-05T00:45:00+0200,40649.48,MW,FR,FR,actual_load,Actual Load,2026-07-05T12:20:00Z
2026-07-05T12:19:30Z,2026-07-05T14:19:30+0200,4432c355-9488-4e0d-b987-b7dab09a434c,2026-07-04T23:00:00Z,2026-07-05T01:00:00+0200,40856.78,MW,FR,FR,actual_load,Actual Load,2026-07-05T12:20:00Z
2026-07-05T12:19:30Z,2026-07-05T14:19:30+0200,4432c355-9488-4e0d-b987-b7dab09a434c,2026-07-04T23:15:00Z,2026-07-05T01:15:00+0200,40117.79,MW,FR,FR,actual_load,Actual Load,2026-07-05T12:20:00Z
2026-07-05T12:19:30Z,2026-07-05T14:19:30+0200,4432c355-9488-4e0d-b987-b7dab09a434c,2026-07-04T23:30:00Z,2026-07-05T01:30:00+0200,39845.35,MW,FR,FR,actual_load,Actual Load,2026-07-05T12:20:00Z
2026-07-05T12:19:30Z,2026-07-05T14:19:30+0200,4432c355-9488-4e0d-b987-b7dab09a434c,2026-07-04T23:45:00Z,2026-07-05T01:45:00+0200,39027.63,MW,FR,FR,actual_load,Actual Load,2026-07-05T12:20:00Z
2026-07-05T12:19:30Z,2026-07-05T14:19:30+0200,4432c355-9488-4e0d-b987-b7dab09a434c,2026-07-05T00:00:00Z,2026-07-05T02:00:00+0200,38635.45,MW,FR,FR,actual_load,Actual Load,2026-07-05T12:20:00Z
2026-07-05T12:19:30Z,2026-07-05T14:19:30+0200,4432c355-9488-4e0d-b987-b7dab09a434c,2026-07-05T00:15:00Z,2026-07-05T02:15:00+0200,37775.91,MW,FR,FR,actual_load,Actual Load,2026-07-05T12:20:00Z
2026-07-05T12:19:30Z,2026-07-05T14:19:30+0200,4432c355-9488-4e0d-b987-b7dab09a434c,2026-07-05T00:30:00Z,2026-07-05T02:30:00+0200,36861.3,MW,FR,FR,actual_load,Actual Load,2026-07-05T12:20:00Z
2026-07-05T12:19:30Z,2026-07-05T14:19:30+0200,4432c355-9488-4e0d-b987-b7dab09a434c,2026-07-05T00:45:00Z,2026-07-05T02:45:00+0200,36149.8,MW,FR,FR,actual_load,Actual Load,2026-07-05T12:20:00Z
2026-07-05T12:19:30Z,2026-07-05T14:19:30+0200,4432c355-9488-4e0d-b987-b7dab09a434c,2026-07-05T01:00:00Z,2026-07-05T03:00:00+0200,35880.75,MW,FR,FR,actual_load,Actual Load,2026-07-05T12:20:00Z
2026-07-05T12:19:30Z,2026-07-05T14:19:30+0200,4432c355-9488-4e0d-b987-b7dab09a434c,2026-07-05T01:15:00Z,2026-07-05T03:15:00+0200,35449.68,MW,FR,FR,actual_load,Actual Load,2026-07-05T12:20:00Z
2026-07-05T12:19:30Z,2026-07-05T14:19:30+0200,4432c355-9488-4e0d-b987-b7dab09a434c,2026-07-05T01:30:00Z,2026-07-05T03:30:00+0200,35211.13,MW,FR,FR,actual_load,Actual Load,2026-07-05T12:20:00Z
2026-07-05T12:19:30Z,2026-07-05T14:19:30+0200,4432c355-9488-4e0d-b987-b7dab09a434c,2026-07-05T01:45:00Z,2026-07-05T03:45:00+0200,34847.28,MW,FR,FR,actual_load,Actual Load,2026-07-05T12:20:00Z
2026-07-05T12:19:30Z,2026-07-05T14:19:30+0200,4432c355-9488-4e0d-b987-b7dab09a434c,2026-07-05T02:00:00Z,2026-07-05T04:00:00+0200,34456.0,MW,FR,FR,actual_load,Actual Load,2026-07-05T12:20:00Z
2026-07-05T12:19:30Z,2026-07-05T14:19:30+0200,4432c355-9488-4e0d-b987-b7dab09a434c,2026-07-05T02:15:00Z,2026-07-05T04:15:00+0200,34270.55,MW,FR,FR,actual_load,Actual Load,2026-07-05T12:20:00Z
2026-07-05T12:19:30Z,2026-07-05T14:19:30+0200,4432c355-9488-4e0d-b987-b7dab09a434c,2026-07-05T02:30:00Z,2026-07-05T04:30:00+0200,34162.55,MW,FR,FR,actual_load,Actual Load,2026-07-05T12:20:00Z
2026-07-05T12:19:30Z,2026-07-05T14:19:30+0200,4432c355-9488-4e0d-b987-b7dab09a434c,2026-07-05T02:45:00Z,2026-07-05T04:45:00+0200,34042.64,MW,FR,FR,actual_load,Actual Load,2026-07-05T12:20:00Z
2026-07-05T12:19:30Z,2026-07-05T14:19:30+0200,4432c355-9488-4e0d-b987-b7dab09a434c,2026-07-05T03:00:00Z,2026-07-05T05:00:00+0200,34257.22,MW,FR,FR,actual_load,Actual Load,2026-07-05T12:20:00Z
2026-07-05T12:19:30Z,2026-07-05T14:19:30+0200,4432c355-9488-4e0d-b987-b7dab09a434c,2026-07-05T03:15:00Z,2026-07-05T05:15:00+0200,33979.69,MW,FR,FR,actual_load,Actual Load,2026-07-05T12:20:00Z
2026-07-05T12:19:30Z,2026-07-05T14:19:30+0200,4432c355-9488-4e0d-b987-b7dab09a434c,2026-07-05T03:30:00Z,2026-07-05T05:30:00+0200,34056.86,MW,FR,FR,actual_load,Actual Load,2026-07-05T12:20:00Z
2026-07-05T12:19:30Z,2026-07-05T14:19:30+0200,4432c355-9488-4e0d-b987-b7dab09a434c,2026-07-05T03:45:00Z,2026-07-05T05:45:00+0200,33736.95,MW,FR,FR,actual_load,Actual Load,2026-07-05T12:20:00Z
2026-07-05T12:19:30Z,2026-07-05T14:19:30+0200,4432c355-9488-4e0d-b987-b7dab09a434c,2026-07-05T04:00:00Z,2026-07-05T06:00:00+0200,33608.05,MW,FR,FR,actual_load,Actual Load,2026-07-05T12:20:00Z
2026-07-05T12:19:30Z,2026-07-05T14:19:30+0200,4432c355-9488-4e0d-b987-b7dab09a434c,2026-07-05T04:15:00Z,2026-07-05T06:15:00+0200,33557.32,MW,FR,FR,actual_load,Actual Load,2026-07-05T12:20:00Z
2026-07-05T12:19:30Z,2026-07-05T14:19:30+0200,4432c355-9488-4e0d-b987-b7dab09a434c,2026-07-05T04:30:00Z,2026-07-05T06:30:00+0200,33476.77,MW,FR,FR,actual_load,Actual Load,2026-07-05T12:20:00Z
2026-07-05T12:19:30Z,2026-07-05T14:19:30+0200,4432c355-9488-4e0d-b987-b7dab09a434c,2026-07-05T04:45:00Z,2026-07-05T06:45:00+0200,33623.29,MW,FR,FR,actual_load,Actual Load,2026-07-05T12:20:00Z
2026-07-05T12:19:30Z,2026-07-05T14:19:30+0200,4432c355-9488-4e0d-b987-b7dab09a434c,2026-07-05T05:00:00Z,2026-07-05T07:00:00+0200,33842.62,MW,FR,FR,actual_load,Actual Load,2026-07-05T12:20:00Z
2026-07-05T12:19:30Z,2026-07-05T14:19:30+0200,4432c355-9488-4e0d-b987-b7dab09a434c,2026-07-05T05:15:00Z,2026-07-05T07:15:00+0200,33958.57,MW,FR,FR,actual_load,Actual Load,2026-07-05T12:20:00Z
2026-07-05T12:19:30Z,2026-07-05T14:19:30+0200,4432c355-9488-4e0d-b987-b7dab09a434c,2026-07-05T05:30:00Z,2026-07-05T07:30:00+0200,34183.36,MW,FR,FR,actual_load,Actual Load,2026-07-05T12:20:00Z
2026-07-05T12:19:30Z,2026-07-05T14:19:30+0200,4432c355-9488-4e0d-b987-b7dab09a434c,2026-07-05T05:45:00Z,2026-07-05T07:45:00+0200,34271.78,MW,FR,FR,actual_load,Actual Load,2026-07-05T12:20:00Z
2026-07-05T12:19:30Z,2026-07-05T14:19:30+0200,4432c355-9488-4e0d-b987-b7dab09a434c,2026-07-05T06:00:00Z,2026-07-05T08:00:00+0200,34754.41,MW,FR,FR,actual_load,Actual Load,2026-07-05T12:20:00Z
2026-07-05T12:19:30Z,2026-07-05T14:19:30+0200,4432c355-9488-4e0d-b987-b7dab09a434c,2026-07-05T06:15:00Z,2026-07-05T08:15:00+0200,35290.84,MW,FR,FR,actual_load,Actual Load,2026-07-05T12:20:00Z
2026-07-05T12:19:30Z,2026-07-05T14:19:30+0200,4432c355-9488-4e0d-b987-b7dab09a434c,2026-07-05T06:30:00Z,2026-07-05T08:30:00+0200,35800.97,MW,FR,FR,actual_load,Actual Load,2026-07-05T12:20:00Z
2026-07-05T12:19:30Z,2026-07-05T14:19:30+0200,4432c355-9488-4e0d-b987-b7dab09a434c,2026-07-05T06:45:00Z,2026-07-05T08:45:00+0200,36194.31,MW,FR,FR,actual_load,Actual Load,2026-07-05T12:20:00Z
2026-07-05T12:19:30Z,2026-07-05T14:19:30+0200,4432c355-9488-4e0d-b987-b7dab09a434c,2026-07-05T07:00:00Z,2026-07-05T09:00:00+0200,36797.25,MW,FR,FR,actual_load,Actual Load,2026-07-05T12:20:00Z
2026-07-05T12:19:30Z,2026-07-05T14:19:30+0200,4432c355-9488-4e0d-b987-b7dab09a434c,2026-07-05T07:15:00Z,2026-07-05T09:15:00+0200,37517.33,MW,FR,FR,actual_load,Actual Load,2026-07-05T12:20:00Z
2026-07-05T12:19:30Z,2026-07-05T14:19:30+0200,4432c355-9488-4e0d-b987-b7dab09a434c,2026-07-05T07:30:00Z,2026-07-05T09:30:00+0200,38060.35,MW,FR,FR,actual_load,Actual Load,2026-07-05T12:20:00Z
2026-07-05T12:19:30Z,2026-07-05T14:19:30+0200,4432c355-9488-4e0d-b987-b7dab09a434c,2026-07-05T07:45:00Z,2026-07-05T09:45:00+0200,38408.73,MW,FR,FR,actual_load,Actual Load,2026-07-05T12:20:00Z
2026-07-05T12:19:30Z,2026-07-05T14:19:30+0200,4432c355-9488-4e0d-b987-b7dab09a434c,2026-07-05T08:00:00Z,2026-07-05T10:00:00+0200,39121.46,MW,FR,FR,actual_load,Actual Load,2026-07-05T12:20:00Z
2026-07-05T12:19:30Z,2026-07-05T14:19:30+0200,4432c355-9488-4e0d-b987-b7dab09a434c,2026-07-05T08:15:00Z,2026-07-05T10:15:00+0200,39491.0,MW,FR,FR,actual_load,Actual Load,2026-07-05T12:20:00Z
2026-07-05T12:19:30Z,2026-07-05T14:19:30+0200,4432c355-9488-4e0d-b987-b7dab09a434c,2026-07-05T08:30:00Z,2026-07-05T10:30:00+0200,40291.51,MW,FR,FR,actual_load,Actual Load,2026-07-05T12:20:00Z
2026-07-05T12:19:30Z,2026-07-05T14:19:30+0200,4432c355-9488-4e0d-b987-b7dab09a434c,2026-07-05T08:45:00Z,2026-07-05T10:45:00+0200,40760.91,MW,FR,FR,actual_load,Actual Load,2026-07-05T12:20:00Z
2026-07-05T12:19:30Z,2026-07-05T14:19:30+0200,4432c355-9488-4e0d-b987-b7dab09a434c,2026-07-05T09:00:00Z,2026-07-05T11:00:00+0200,41213.13,MW,FR,FR,actual_load,Actual Load,2026-07-05T12:20:00Z
2026-07-05T12:19:30Z,2026-07-05T14:19:30+0200,4432c355-9488-4e0d-b987-b7dab09a434c,2026-07-05T09:15:00Z,2026-07-05T11:15:00+0200,41659.29,MW,FR,FR,actual_load,Actual Load,2026-07-05T12:20:00Z
2026-07-05T12:19:30Z,2026-07-05T14:19:30+0200,4432c355-9488-4e0d-b987-b7dab09a434c,2026-07-05T09:30:00Z,2026-07-05T11:30:00+0200,41937.91,MW,FR,FR,actual_load,Actual Load,2026-07-05T12:20:00Z
2026-07-05T12:19:30Z,2026-07-05T14:19:30+0200,4432c355-9488-4e0d-b987-b7dab09a434c,2026-07-05T09:45:00Z,2026-07-05T11:45:00+0200,42336.05,MW,FR,FR,actual_load,Actual Load,2026-07-05T12:20:00Z
2026-07-05T12:19:30Z,2026-07-05T14:19:30+0200,4432c355-9488-4e0d-b987-b7dab09a434c,2026-07-05T10:00:00Z,2026-07-05T12:00:00+0200,43290.58,MW,FR,FR,actual_load,Actual Load,2026-07-05T12:20:00Z
2026-07-05T12:19:30Z,2026-07-05T14:19:30+0200,4432c355-9488-4e0d-b987-b7dab09a434c,2026-07-05T10:15:00Z,2026-07-05T12:15:00+0200,44091.09,MW,FR,FR,actual_load,Actual Load,2026-07-05T12:20:00Z
2026-07-05T12:19:30Z,2026-07-05T14:19:30+0200,4432c355-9488-4e0d-b987-b7dab09a434c,2026-07-05T10:30:00Z,2026-07-05T12:30:00+0200,44704.38,MW,FR,FR,actual_load,Actual Load,2026-07-05T12:20:00Z
2026-07-05T12:19:30Z,2026-07-05T14:19:30+0200,4432c355-9488-4e0d-b987-b7dab09a434c,2026-07-05T10:45:00Z,2026-07-05T12:45:00+0200,43965.23,MW,FR,FR,actual_load,Actual Load,2026-07-05T12:20:00Z
2026-07-05T12:19:30Z,2026-07-05T14:19:30+0200,4432c355-9488-4e0d-b987-b7dab09a434c,2026-07-05T11:00:00Z,2026-07-05T13:00:00+0200,42733.53,MW,FR,FR,actual_load,Actual Load,2026-07-05T12:20:00Z
2026-07-05T12:19:30Z,2026-07-05T14:19:30+0200,4432c355-9488-4e0d-b987-b7dab09a434c,2026-07-05T11:15:00Z,2026-07-05T13:15:00+0200,42018.96,MW,FR,FR,actual_load,Actual Load,2026-07-05T12:20:00Z
2026-07-05T12:19:30Z,2026-07-05T14:19:30+0200,4432c355-9488-4e0d-b987-b7dab09a434c,2026-07-05T11:30:00Z,2026-07-05T13:30:00+0200,41693.92,MW,FR,FR,actual_load,Actual Load,2026-07-05T12:20:00Z
2026-07-05T12:19:30Z,2026-07-05T14:19:30+0200,4432c355-9488-4e0d-b987-b7dab09a434c,2026-07-05T11:45:00Z,2026-07-05T13:45:00+0200,41627.05,MW,FR,FR,actual_load,Actual Load,2026-07-05T12:20:00Z
