collection_time_utc,collection_time_local,run_id,timestamp_utc,timestamp_local,value,unit,country,entsoe_area,variable,source,updated_at_utc
2026-07-30T23:03:49Z,2026-07-31T01:03:49+0200,f07b8511-917b-4433-baac-8bd8534f48c3,2026-06-29T23:15:00Z,2026-06-30T01:15:00+0200,42575.96,MW,FR,FR,actual_load,Actual Load,2026-07-30T23:05:32Z
2026-07-30T23:03:49Z,2026-07-31T01:03:49+0200,f07b8511-917b-4433-baac-8bd8534f48c3,2026-06-29T23:30:00Z,2026-06-30T01:30:00+0200,42536.33,MW,FR,FR,actual_load,Actual Load,2026-07-30T23:05:32Z
2026-07-30T23:03:49Z,2026-07-31T01:03:49+0200,f07b8511-917b-4433-baac-8bd8534f48c3,2026-06-29T23:45:00Z,2026-06-30T01:45:00+0200,41853.83,MW,FR,FR,actual_load,Actual Load,2026-07-30T23:05:32Z
2026-07-30T23:03:49Z,2026-07-31T01:03:49+0200,f07b8511-917b-4433-baac-8bd8534f48c3,2026-06-30T00:00:00Z,2026-06-30T02:00:00+0200,41631.36,MW,FR,FR,actual_load,Actual Load,2026-07-30T23:05:32Z
2026-07-30T23:03:49Z,2026-07-31T01:03:49+0200,f07b8511-917b-4433-baac-8bd8534f48c3,2026-06-30T00:15:00Z,2026-06-30T02:15:00+0200,40772.96,MW,FR,FR,actual_load,Actual Load,2026-07-30T23:05:32Z
2026-07-30T23:03:49Z,2026-07-31T01:03:49+0200,f07b8511-917b-4433-baac-8bd8534f48c3,2026-06-30T00:30:00Z,2026-06-30T02:30:00+0200,40229.58,MW,FR,FR,actual_load,Actual Load,2026-07-30T23:05:32Z
2026-07-30T23:03:49Z,2026-07-31T01:03:49+0200,f07b8511-917b-4433-baac-8bd8534f48c3,2026-06-30T00:45:00Z,2026-06-30T02:45:00+0200,39617.46,MW,FR,FR,actual_load,Actual Load,2026-07-30T23:05:32Z
2026-07-30T23:03:49Z,2026-07-31T01:03:49+0200,f07b8511-917b-4433-baac-8bd8534f48c3,2026-06-30T01:00:00Z,2026-06-30T03:00:00+0200,39048.64,MW,FR,FR,actual_load,Actual Load,2026-07-30T23:05:32Z
2026-07-30T23:03:49Z,2026-07-31T01:03:49+0200,f07b8511-917b-4433-baac-8bd8534f48c3,2026-06-30T01:15:00Z,2026-06-30T03:15:00+0200,38701.94,MW,FR,FR,actual_load,Actual Load,2026-07-30T23:05:32Z
2026-07-30T23:03:49Z,2026-07-31T01:03:49+0200,f07b8511-917b-4433-baac-8bd8534f48c3,2026-06-30T01:30:00Z,2026-06-30T03:30:00+0200,38462.69,MW,FR,FR,actual_load,Actual Load,2026-07-30T23:05:32Z
2026-07-30T23:03:49Z,2026-07-31T01:03:49+0200,f07b8511-917b-4433-baac-8bd8534f48c3,2026-06-30T01:45:00Z,2026-06-30T03:45:00+0200,38248.47,MW,FR,FR,actual_load,Actual Load,2026-07-30T23:05:32Z
2026-07-30T23:03:49Z,2026-07-31T01:03:49+0200,f07b8511-917b-4433-baac-8bd8534f48c3,2026-06-30T02:00:00Z,2026-06-30T04:00:00+0200,38208.93,MW,FR,FR,actual_load,Actual Load,2026-07-30T23:05:32Z
2026-07-30T23:03:49Z,2026-07-31T01:03:49+0200,f07b8511-917b-4433-baac-8bd8534f48c3,2026-06-30T02:15:00Z,2026-06-30T04:15:00+0200,38133.46,MW,FR,FR,actual_load,Actual Load,2026-07-30T23:05:32Z
2026-07-30T23:03:49Z,2026-07-31T01:03:49+0200,f07b8511-917b-4433-baac-8bd8534f48c3,2026-06-30T02:30:00Z,2026-06-30T04:30:00+0200,38148.08,MW,FR,FR,actual_load,Actual Load,2026-07-30T23:05:32Z
2026-07-30T23:03:49Z,2026-07-31T01:03:49+0200,f07b8511-917b-4433-baac-8bd8534f48c3,2026-06-30T02:45:00Z,2026-06-30T04:45:00+0200,38228.36,MW,FR,FR,actual_load,Actual Load,2026-07-30T23:05:32Z
2026-07-30T23:03:49Z,2026-07-31T01:03:49+0200,f07b8511-917b-4433-baac-8bd8534f48c3,2026-06-30T03:00:00Z,2026-06-30T05:00:00+0200,39006.68,MW,FR,FR,actual_load,Actual Load,2026-07-30T23:05:32Z
2026-07-30T23:03:49Z,2026-07-31T01:03:49+0200,f07b8511-917b-4433-baac-8bd8534f48c3,2026-06-30T03:15:00Z,2026-06-30T05:15:00+0200,39331.6,MW,FR,FR,actual_load,Actual Load,2026-07-30T23:05:32Z
2026-07-30T23:03:49Z,2026-07-31T01:03:49+0200,f07b8511-917b-4433-baac-8bd8534f48c3,2026-06-30T03:30:00Z,2026-06-30T05:30:00+0200,39598.22,MW,FR,FR,actual_load,Actual Load,2026-07-30T23:05:32Z
2026-07-30T23:03:49Z,2026-07-31T01:03:49+0200,f07b8511-917b-4433-baac-8bd8534f48c3,2026-06-30T03:45:00Z,2026-06-30T05:45:00+0200,39953.14,MW,FR,FR,actual_load,Actual Load,2026-07-30T23:05:32Z
2026-07-30T23:03:49Z,2026-07-31T01:03:49+0200,f07b8511-917b-4433-baac-8bd8534f48c3,2026-06-30T04:00:00Z,2026-06-30T06:00:00+0200,40905.61,MW,FR,FR,actual_load,Actual Load,2026-07-30T23:05:32Z
2026-07-30T23:03:49Z,2026-07-31T01:03:49+0200,f07b8511-917b-4433-baac-8bd8534f48c3,2026-06-30T04:15:00Z,2026-06-30T06:15:00+0200,41680.43,MW,FR,FR,actual_load,Actual Load,2026-07-30T23:05:32Z
2026-07-30T23:03:49Z,2026-07-31T01:03:49+0200,f07b8511-917b-4433-baac-8bd8534f48c3,2026-06-30T04:30:00Z,2026-06-30T06:30:00+0200,42170.49,MW,FR,FR,actual_load,Actual Load,2026-07-30T23:05:32Z
2026-07-30T23:03:49Z,2026-07-31T01:03:49+0200,f07b8511-917b-4433-baac-8bd8534f48c3,2026-06-30T04:45:00Z,2026-06-30T06:45:00+0200,42789.91,MW,FR,FR,actual_load,Actual Load,2026-07-30T23:05:32Z
2026-07-30T23:03:49Z,2026-07-31T01:03:49+0200,f07b8511-917b-4433-baac-8bd8534f48c3,2026-06-30T05:00:00Z,2026-06-30T07:00:00+0200,43606.71,MW,FR,FR,actual_load,Actual Load,2026-07-30T23:05:32Z
2026-07-30T23:03:49Z,2026-07-31T01:03:49+0200,f07b8511-917b-4433-baac-8bd8534f48c3,2026-06-30T05:15:00Z,2026-06-30T07:15:00+0200,44531.46,MW,FR,FR,actual_load,Actual Load,2026-07-30T23:05:32Z
2026-07-30T23:03:49Z,2026-07-31T01:03:49+0200,f07b8511-917b-4433-baac-8bd8534f48c3,2026-06-30T05:30:00Z,2026-06-30T07:30:00+0200,45248.23,MW,FR,FR,actual_load,Actual Load,2026-07-30T23:05:32Z
2026-07-30T23:03:49Z,2026-07-31T01:03:49+0200,f07b8511-917b-4433-baac-8bd8534f48c3,2026-06-30T05:45:00Z,2026-06-30T07:45:00+0200,45893.36,MW,FR,FR,actual_load,Actual Load,2026-07-30T23:05:32Z
2026-07-30T23:03:49Z,2026-07-31T01:03:49+0200,f07b8511-917b-4433-baac-8bd8534f48c3,2026-06-30T06:00:00Z,2026-06-30T08:00:00+0200,46648.41,MW,FR,FR,actual_load,Actual Load,2026-07-30T23:05:32Z
2026-07-30T23:03:49Z,2026-07-31T01:03:49+0200,f07b8511-917b-4433-baac-8bd8534f48c3,2026-06-30T06:15:00Z,2026-06-30T08:15:00+0200,47277.6,MW,FR,FR,actual_load,Actual Load,2026-07-30T23:05:32Z
2026-07-30T23:03:49Z,2026-07-31T01:03:49+0200,f07b8511-917b-4433-baac-8bd8534f48c3,2026-06-30T06:30:00Z,2026-06-30T08:30:00+0200,47831.8,MW,FR,FR,actual_load,Actual Load,2026-07-30T23:05:32Z
2026-07-30T23:03:49Z,2026-07-31T01:03:49+0200,f07b8511-917b-4433-baac-8bd8534f48c3,2026-06-30T06:45:00Z,2026-06-30T08:45:00+0200,48265.66,MW,FR,FR,actual_load,Actual Load,2026-07-30T23:05:32Z
2026-07-30T23:03:49Z,2026-07-31T01:03:49+0200,f07b8511-917b-4433-baac-8bd8534f48c3,2026-06-30T07:00:00Z,2026-06-30T09:00:00+0200,48489.75,MW,FR,FR,actual_load,Actual Load,2026-07-30T23:05:32Z
2026-07-30T23:03:49Z,2026-07-31T01:03:49+0200,f07b8511-917b-4433-baac-8bd8534f48c3,2026-06-30T07:15:00Z,2026-06-30T09:15:00+0200,48718.71,MW,FR,FR,actual_load,Actual Load,2026-07-30T23:05:32Z
2026-07-30T23:03:49Z,2026-07-31T01:03:49+0200,f07b8511-917b-4433-baac-8bd8534f48c3,2026-06-30T07:30:00Z,2026-06-30T09:30:00+0200,49188.49,MW,FR,FR,actual_load,Actual Load,2026-07-30T23:05:32Z
2026-07-30T23:03:49Z,2026-07-31T01:03:49+0200,f07b8511-917b-4433-baac-8bd8534f48c3,2026-06-30T07:45:00Z,2026-06-30T09:45:00+0200,49436.15,MW,FR,FR,actual_load,Actual Load,2026-07-30T23:05:32Z
2026-07-30T23:03:49Z,2026-07-31T01:03:49+0200,f07b8511-917b-4433-baac-8bd8534f48c3,2026-06-30T08:00:00Z,2026-06-30T10:00:00+0200,49701.4,MW,FR,FR,actual_load,Actual Load,2026-07-30T23:05:32Z
2026-07-30T23:03:49Z,2026-07-31T01:03:49+0200,f07b8511-917b-4433-baac-8bd8534f48c3,2026-06-30T08:15:00Z,2026-06-30T10:15:00+0200,49869.36,MW,FR,FR,actual_load,Actual Load,2026-07-30T23:05:32Z
2026-07-30T23:03:49Z,2026-07-31T01:03:49+0200,f07b8511-917b-4433-baac-8bd8534f48c3,2026-06-30T08:30:00Z,2026-06-30T10:30:00+0200,50289.88,MW,FR,FR,actual_load,Actual Load,2026-07-30T23:05:32Z
2026-07-30T23:03:49Z,2026-07-31T01:03:49+0200,f07b8511-917b-4433-baac-8bd8534f48c3,2026-06-30T08:45:00Z,2026-06-30T10:45:00+0200,50411.99,MW,FR,FR,actual_load,Actual Load,2026-07-30T23:05:32Z
2026-07-30T23:03:49Z,2026-07-31T01:03:49+0200,f07b8511-917b-4433-baac-8bd8534f48c3,2026-06-30T09:00:00Z,2026-06-30T11:00:00+0200,50517.9,MW,FR,FR,actual_load,Actual Load,2026-07-30T23:05:32Z
2026-07-30T23:03:49Z,2026-07-31T01:03:49+0200,f07b8511-917b-4433-baac-8bd8534f48c3,2026-06-30T09:15:00Z,2026-06-30T11:15:00+0200,50762.79,MW,FR,FR,actual_load,Actual Load,2026-07-30T23:05:32Z
2026-07-30T23:03:49Z,2026-07-31T01:03:49+0200,f07b8511-917b-4433-baac-8bd8534f48c3,2026-06-30T09:30:00Z,2026-06-30T11:30:00+0200,51320.48,MW,FR,FR,actual_load,Actual Load,2026-07-30T23:05:32Z
2026-07-30T23:03:49Z,2026-07-31T01:03:49+0200,f07b8511-917b-4433-baac-8bd8534f48c3,2026-06-30T09:45:00Z,2026-06-30T11:45:00+0200,51935.75,MW,FR,FR,actual_load,Actual Load,2026-07-30T23:05:32Z
2026-07-30T23:03:49Z,2026-07-31T01:03:49+0200,f07b8511-917b-4433-baac-8bd8534f48c3,2026-06-30T10:00:00Z,2026-06-30T12:00:00+0200,52203.07,MW,FR,FR,actual_load,Actual Load,2026-07-30T23:05:32Z
2026-07-30T23:03:49Z,2026-07-31T01:03:49+0200,f07b8511-917b-4433-baac-8bd8534f48c3,2026-06-30T10:15:00Z,2026-06-30T12:15:00+0200,52340.96,MW,FR,FR,actual_load,Actual Load,2026-07-30T23:05:32Z
2026-07-30T23:03:49Z,2026-07-31T01:03:49+0200,f07b8511-917b-4433-baac-8bd8534f48c3,2026-06-30T10:30:00Z,2026-06-30T12:30:00+0200,52815.02,MW,FR,FR,actual_load,Actual Load,2026-07-30T23:05:32Z
2026-07-30T23:03:49Z,2026-07-31T01:03:49+0200,f07b8511-917b-4433-baac-8bd8534f48c3,2026-06-30T10:45:00Z,2026-06-30T12:45:00+0200,52543.05,MW,FR,FR,actual_load,Actual Load,2026-07-30T23:05:32Z
2026-07-30T23:03:49Z,2026-07-31T01:03:49+0200,f07b8511-917b-4433-baac-8bd8534f48c3,2026-06-30T11:00:00Z,2026-06-30T13:00:00+0200,52256.13,MW,FR,FR,actual_load,Actual Load,2026-07-30T23:05:32Z
2026-07-30T23:03:49Z,2026-07-31T01:03:49+0200,f07b8511-917b-4433-baac-8bd8534f48c3,2026-06-30T11:15:00Z,2026-06-30T13:15:00+0200,52017.04,MW,FR,FR,actual_load,Actual Load,2026-07-30T23:05:32Z
2026-07-30T23:03:49Z,2026-07-31T01:03:49+0200,f07b8511-917b-4433-baac-8bd8534f48c3,2026-06-30T11:30:00Z,2026-06-30T13:30:00+0200,51877.32,MW,FR,FR,actual_load,Actual Load,2026-07-30T23:05:32Z
2026-07-30T23:03:49Z,2026-07-31T01:03:49+0200,f07b8511-917b-4433-baac-8bd8534f48c3,2026-06-30T11:45:00Z,2026-06-30T13:45:00+0200,52250.97,MW,FR,FR,actual_load,Actual Load,2026-07-30T23:05:32Z
2026-07-30T23:03:49Z,2026-07-31T01:03:49+0200,f07b8511-917b-4433-baac-8bd8534f48c3,2026-06-30T12:00:00Z,2026-06-30T14:00:00+0200,53232.75,MW,FR,FR,actual_load,Actual Load,2026-07-30T23:05:32Z
2026-07-30T23:03:49Z,2026-07-31T01:03:49+0200,f07b8511-917b-4433-baac-8bd8534f48c3,2026-06-30T12:15:00Z,2026-06-30T14:15:00+0200,53048.82,MW,FR,FR,actual_load,Actual Load,2026-07-30T23:05:32Z
2026-07-30T23:03:49Z,2026-07-31T01:03:49+0200,f07b8511-917b-4433-baac-8bd8534f48c3,2026-06-30T12:30:00Z,2026-06-30T14:30:00+0200,53635.2,MW,FR,FR,actual_load,Actual Load,2026-07-30T23:05:32Z
2026-07-30T23:03:49Z,2026-07-31T01:03:49+0200,f07b8511-917b-4433-baac-8bd8534f48c3,2026-06-30T12:45:00Z,2026-06-30T14:45:00+0200,53267.83,MW,FR,FR,actual_load,Actual Load,2026-07-30T23:05:32Z
2026-07-30T23:03:49Z,2026-07-31T01:03:49+0200,f07b8511-917b-4433-baac-8bd8534f48c3,2026-06-30T13:00:00Z,2026-06-30T15:00:00+0200,53281.46,MW,FR,FR,actual_load,Actual Load,2026-07-30T23:05:32Z
2026-07-30T23:03:49Z,2026-07-31T01:03:49+0200,f07b8511-917b-4433-baac-8bd8534f48c3,2026-06-30T13:15:00Z,2026-06-30T15:15:00+0200,52892.52,MW,FR,FR,actual_load,Actual Load,2026-07-30T23:05:32Z
2026-07-30T23:03:49Z,2026-07-31T01:03:49+0200,f07b8511-917b-4433-baac-8bd8534f48c3,2026-06-30T13:30:00Z,2026-06-30T15:30:00+0200,52198.14,MW,FR,FR,actual_load,Actual Load,2026-07-30T23:05:32Z
2026-07-30T23:03:49Z,2026-07-31T01:03:49+0200,f07b8511-917b-4433-baac-8bd8534f48c3,2026-06-30T13:45:00Z,2026-06-30T15:45:00+0200,51836.67,MW,FR,FR,actual_load,Actual Load,2026-07-30T23:05:32Z
2026-07-30T23:03:49Z,2026-07-31T01:03:49+0200,f07b8511-917b-4433-baac-8bd8534f48c3,2026-06-30T14:00:00Z,2026-06-30T16:00:00+0200,51667.45,MW,FR,FR,actual_load,Actual Load,2026-07-30T23:05:32Z
2026-07-30T23:03:49Z,2026-07-31T01:03:49+0200,f07b8511-917b-4433-baac-8bd8534f48c3,2026-06-30T14:15:00Z,2026-06-30T16:15:00+0200,50913.82,MW,FR,FR,actual_load,Actual Load,2026-07-30T23:05:32Z
2026-07-30T23:03:49Z,2026-07-31T01:03:49+0200,f07b8511-917b-4433-baac-8bd8534f48c3,2026-06-30T14:30:00Z,2026-06-30T16:30:00+0200,50583.35,MW,FR,FR,actual_load,Actual Load,2026-07-30T23:05:32Z
2026-07-30T23:03:49Z,2026-07-31T01:03:49+0200,f07b8511-917b-4433-baac-8bd8534f48c3,2026-06-30T14:45:00Z,2026-06-30T16:45:00+0200,51054.02,MW,FR,FR,actual_load,Actual Load,2026-07-30T23:05:32Z
2026-07-30T23:03:49Z,2026-07-31T01:03:49+0200,f07b8511-917b-4433-baac-8bd8534f48c3,2026-06-30T15:00:00Z,2026-06-30T17:00:00+0200,50778.13,MW,FR,FR,actual_load,Actual Load,2026-07-30T23:05:32Z
2026-07-30T23:03:49Z,2026-07-31T01:03:49+0200,f07b8511-917b-4433-baac-8bd8534f48c3,2026-06-30T15:15:00Z,2026-06-30T17:15:00+0200,50664.52,MW,FR,FR,actual_load,Actual Load,2026-07-30T23:05:32Z
2026-07-30T23:03:49Z,2026-07-31T01:03:49+0200,f07b8511-917b-4433-baac-8bd8534f48c3,2026-06-30T15:30:00Z,2026-06-30T17:30:00+0200,50821.87,MW,FR,FR,actual_load,Actual Load,2026-07-30T23:05:32Z
2026-07-30T23:03:49Z,2026-07-31T01:03:49+0200,f07b8511-917b-4433-baac-8bd8534f48c3,2026-06-30T15:45:00Z,2026-06-30T17:45:00+0200,50978.5,MW,FR,FR,actual_load,Actual Load,2026-07-30T23:05:32Z
2026-07-30T23:03:49Z,2026-07-31T01:03:49+0200,f07b8511-917b-4433-baac-8bd8534f48c3,2026-06-30T16:00:00Z,2026-06-30T18:00:00+0200,51049.25,MW,FR,FR,actual_load,Actual Load,2026-07-30T23:05:32Z
2026-07-30T23:03:49Z,2026-07-31T01:03:49+0200,f07b8511-917b-4433-baac-8bd8534f48c3,2026-06-30T16:15:00Z,2026-06-30T18:15:00+0200,50996.77,MW,FR,FR,actual_load,Actual Load,2026-07-30T23:05:32Z
2026-07-30T23:03:49Z,2026-07-31T01:03:49+0200,f07b8511-917b-4433-baac-8bd8534f48c3,2026-06-30T16:30:00Z,2026-06-30T18:30:00+0200,51443.01,MW,FR,FR,actual_load,Actual Load,2026-07-30T23:05:32Z
2026-07-30T23:03:49Z,2026-07-31T01:03:49+0200,f07b8511-917b-4433-baac-8bd8534f48c3,2026-06-30T16:45:00Z,2026-06-30T18:45:00+0200,51967.39,MW,FR,FR,actual_load,Actual Load,2026-07-30T23:05:32Z
2026-07-30T23:03:49Z,2026-07-31T01:03:49+0200,f07b8511-917b-4433-baac-8bd8534f48c3,2026-06-30T17:00:00Z,2026-06-30T19:00:00+0200,51977.13,MW,FR,FR,actual_load,Actual Load,2026-07-30T23:05:32Z
2026-07-30T23:03:49Z,2026-07-31T01:03:49+0200,f07b8511-917b-4433-baac-8bd8534f48c3,2026-06-30T17:15:00Z,2026-06-30T19:15:00+0200,52065.87,MW,FR,FR,actual_load,Actual Load,2026-07-30T23:05:32Z
2026-07-30T23:03:49Z,2026-07-31T01:03:49+0200,f07b8511-917b-4433-baac-8bd8534f48c3,2026-06-30T17:30:00Z,2026-06-30T19:30:00+0200,51869.13,MW,FR,FR,actual_load,Actual Load,2026-07-30T23:05:32Z
2026-07-30T23:03:49Z,2026-07-31T01:03:49+0200,f07b8511-917b-4433-baac-8bd8534f48c3,2026-06-30T17:45:00Z,2026-06-30T19:45:00+0200,51521.77,MW,FR,FR,actual_load,Actual Load,2026-07-30T23:05:32Z
2026-07-30T23:03:49Z,2026-07-31T01:03:49+0200,f07b8511-917b-4433-baac-8bd8534f48c3,2026-06-30T18:00:00Z,2026-06-30T20:00:00+0200,50984.43,MW,FR,FR,actual_load,Actual Load,2026-07-30T23:05:32Z
2026-07-30T23:03:49Z,2026-07-31T01:03:49+0200,f07b8511-917b-4433-baac-8bd8534f48c3,2026-06-30T18:15:00Z,2026-06-30T20:15:00+0200,50314.04,MW,FR,FR,actual_load,Actual Load,2026-07-30T23:05:32Z
2026-07-30T23:03:49Z,2026-07-31T01:03:49+0200,f07b8511-917b-4433-baac-8bd8534f48c3,2026-06-30T18:30:00Z,2026-06-30T20:30:00+0200,49688.17,MW,FR,FR,actual_load,Actual Load,2026-07-30T23:05:32Z
2026-07-30T23:03:49Z,2026-07-31T01:03:49+0200,f07b8511-917b-4433-baac-8bd8534f48c3,2026-06-30T18:45:00Z,2026-06-30T20:45:00+0200,49112.3,MW,FR,FR,actual_load,Actual Load,2026-07-30T23:05:32Z
2026-07-30T23:03:49Z,2026-07-31T01:03:49+0200,f07b8511-917b-4433-baac-8bd8534f48c3,2026-06-30T19:00:00Z,2026-06-30T21:00:00+0200,48860.32,MW,FR,FR,actual_load,Actual Load,2026-07-30T23:05:32Z
2026-07-30T23:03:49Z,2026-07-31T01:03:49+0200,f07b8511-917b-4433-baac-8bd8534f48c3,2026-06-30T19:15:00Z,2026-06-30T21:15:00+0200,48498.57,MW,FR,FR,actual_load,Actual Load,2026-07-30T23:05:32Z
2026-07-30T23:03:49Z,2026-07-31T01:03:49+0200,f07b8511-917b-4433-baac-8bd8534f48c3,2026-06-30T19:30:00Z,2026-06-30T21:30:00+0200,48273.34,MW,FR,FR,actual_load,Actual Load,2026-07-30T23:05:32Z
2026-07-30T23:03:49Z,2026-07-31T01:03:49+0200,f07b8511-917b-4433-baac-8bd8534f48c3,2026-06-30T19:45:00Z,2026-06-30T21:45:00+0200,48060.73,MW,FR,FR,actual_load,Actual Load,2026-07-30T23:05:32Z
2026-07-30T23:03:49Z,2026-07-31T01:03:49+0200,f07b8511-917b-4433-baac-8bd8534f48c3,2026-06-30T20:00:00Z,2026-06-30T22:00:00+0200,49202.98,MW,FR,FR,actual_load,Actual Load,2026-07-30T23:05:32Z
2026-07-30T23:03:49Z,2026-07-31T01:03:49+0200,f07b8511-917b-4433-baac-8bd8534f48c3,2026-06-30T20:15:00Z,2026-06-30T22:15:00+0200,49058.44,MW,FR,FR,actual_load,Actual Load,2026-07-30T23:05:32Z
2026-07-30T23:03:49Z,2026-07-31T01:03:49+0200,f07b8511-917b-4433-baac-8bd8534f48c3,2026-06-30T20:30:00Z,2026-06-30T22:30:00+0200,50181.41,MW,FR,FR,actual_load,Actual Load,2026-07-30T23:05:32Z
2026-07-30T23:03:49Z,2026-07-31T01:03:49+0200,f07b8511-917b-4433-baac-8bd8534f48c3,2026-06-30T20:45:00Z,2026-06-30T22:45:00+0200,49581.27,MW,FR,FR,actual_load,Actual Load,2026-07-30T23:05:32Z
2026-07-30T23:03:49Z,2026-07-31T01:03:49+0200,f07b8511-917b-4433-baac-8bd8534f48c3,2026-06-30T21:00:00Z,2026-06-30T23:00:00+0200,49429.14,MW,FR,FR,actual_load,Actual Load,2026-07-30T23:05:32Z
2026-07-30T23:03:49Z,2026-07-31T01:03:49+0200,f07b8511-917b-4433-baac-8bd8534f48c3,2026-06-30T21:15:00Z,2026-06-30T23:15:00+0200,48401.55,MW,FR,FR,actual_load,Actual Load,2026-07-30T23:05:32Z
2026-07-30T23:03:49Z,2026-07-31T01:03:49+0200,f07b8511-917b-4433-baac-8bd8534f48c3,2026-06-30T21:30:00Z,2026-06-30T23:30:00+0200,48349.6,MW,FR,FR,actual_load,Actual Load,2026-07-30T23:05:32Z
2026-07-30T23:03:49Z,2026-07-31T01:03:49+0200,f07b8511-917b-4433-baac-8bd8534f48c3,2026-06-30T21:45:00Z,2026-06-30T23:45:00+0200,47401.67,MW,FR,FR,actual_load,Actual Load,2026-07-30T23:05:32Z
2026-07-30T23:03:49Z,2026-07-31T01:03:49+0200,f07b8511-917b-4433-baac-8bd8534f48c3,2026-06-30T22:00:00Z,2026-07-01T00:00:00+0200,47169.47,MW,FR,FR,actual_load,Actual Load,2026-07-30T23:05:32Z
2026-07-30T23:03:49Z,2026-07-31T01:03:49+0200,f07b8511-917b-4433-baac-8bd8534f48c3,2026-06-30T22:15:00Z,2026-07-01T00:15:00+0200,45798.18,MW,FR,FR,actual_load,Actual Load,2026-07-30T23:05:32Z
2026-07-30T23:03:49Z,2026-07-31T01:03:49+0200,f07b8511-917b-4433-baac-8bd8534f48c3,2026-06-30T22:30:00Z,2026-07-01T00:30:00+0200,44625.36,MW,FR,FR,actual_load,Actual Load,2026-07-30T23:05:32Z
2026-07-30T23:03:49Z,2026-07-31T01:03:49+0200,f07b8511-917b-4433-baac-8bd8534f48c3,2026-06-30T22:45:00Z,2026-07-01T00:45:00+0200,43590.87,MW,FR,FR,actual_load,Actual Load,2026-07-30T23:05:32Z
2026-07-30T23:03:49Z,2026-07-31T01:03:49+0200,f07b8511-917b-4433-baac-8bd8534f48c3,2026-06-30T23:00:00Z,2026-07-01T01:00:00+0200,43728.39,MW,FR,FR,actual_load,Actual Load,2026-07-30T23:05:32Z
2026-07-30T23:03:49Z,2026-07-31T01:03:49+0200,f07b8511-917b-4433-baac-8bd8534f48c3,2026-06-30T23:15:00Z,2026-07-01T01:15:00+0200,43213.27,MW,FR,FR,actual_load,Actual Load,2026-07-30T23:05:32Z
2026-07-30T23:03:49Z,2026-07-31T01:03:49+0200,f07b8511-917b-4433-baac-8bd8534f48c3,2026-06-30T23:30:00Z,2026-07-01T01:30:00+0200,43189.94,MW,FR,FR,actual_load,Actual Load,2026-07-30T23:05:32Z
2026-07-30T23:03:49Z,2026-07-31T01:03:49+0200,f07b8511-917b-4433-baac-8bd8534f48c3,2026-06-30T23:45:00Z,2026-07-01T01:45:00+0200,42328.84,MW,FR,FR,actual_load,Actual Load,2026-07-30T23:05:32Z
2026-07-30T23:03:49Z,2026-07-31T01:03:49+0200,f07b8511-917b-4433-baac-8bd8534f48c3,2026-07-01T00:00:00Z,2026-07-01T02:00:00+0200,41751.82,MW,FR,FR,actual_load,Actual Load,2026-07-30T23:05:32Z
2026-07-30T23:03:49Z,2026-07-31T01:03:49+0200,f07b8511-917b-4433-baac-8bd8534f48c3,2026-07-01T00:15:00Z,2026-07-01T02:15:00+0200,40879.39,MW,FR,FR,actual_load,Actual Load,2026-07-30T23:05:32Z
2026-07-30T23:03:49Z,2026-07-31T01:03:49+0200,f07b8511-917b-4433-baac-8bd8534f48c3,2026-07-01T00:30:00Z,2026-07-01T02:30:00+0200,40106.2,MW,FR,FR,actual_load,Actual Load,2026-07-30T23:05:32Z
2026-07-30T23:03:49Z,2026-07-31T01:03:49+0200,f07b8511-917b-4433-baac-8bd8534f48c3,2026-07-01T00:45:00Z,2026-07-01T02:45:00+0200,39367.63,MW,FR,FR,actual_load,Actual Load,2026-07-30T23:05:32Z
2026-07-30T23:03:49Z,2026-07-31T01:03:49+0200,f07b8511-917b-4433-baac-8bd8534f48c3,2026-07-01T01:00:00Z,2026-07-01T03:00:00+0200,38978.63,MW,FR,FR,actual_load,Actual Load,2026-07-30T23:05:32Z
2026-07-30T23:03:49Z,2026-07-31T01:03:49+0200,f07b8511-917b-4433-baac-8bd8534f48c3,2026-07-01T01:15:00Z,2026-07-01T03:15:00+0200,38483.04,MW,FR,FR,actual_load,Actual Load,2026-07-30T23:05:32Z
2026-07-30T23:03:49Z,2026-07-31T01:03:49+0200,f07b8511-917b-4433-baac-8bd8534f48c3,2026-07-01T01:30:00Z,2026-07-01T03:30:00+0200,38298.26,MW,FR,FR,actual_load,Actual Load,2026-07-30T23:05:32Z
2026-07-30T23:03:49Z,2026-07-31T01:03:49+0200,f07b8511-917b-4433-baac-8bd8534f48c3,2026-07-01T01:45:00Z,2026-07-01T03:45:00+0200,38131.8,MW,FR,FR,actual_load,Actual Load,2026-07-30T23:05:32Z
2026-07-30T23:03:49Z,2026-07-31T01:03:49+0200,f07b8511-917b-4433-baac-8bd8534f48c3,2026-07-01T02:00:00Z,2026-07-01T04:00:00+0200,38339.47,MW,FR,FR,actual_load,Actual Load,2026-07-30T23:05:32Z
2026-07-30T23:03:49Z,2026-07-31T01:03:49+0200,f07b8511-917b-4433-baac-8bd8534f48c3,2026-07-01T02:15:00Z,2026-07-01T04:15:00+0200,38212.95,MW,FR,FR,actual_load,Actual Load,2026-07-30T23:05:32Z
2026-07-30T23:03:49Z,2026-07-31T01:03:49+0200,f07b8511-917b-4433-baac-8bd8534f48c3,2026-07-01T02:30:00Z,2026-07-01T04:30:00+0200,38108.51,MW,FR,FR,actual_load,Actual Load,2026-07-30T23:05:32Z
2026-07-30T23:03:49Z,2026-07-31T01:03:49+0200,f07b8511-917b-4433-baac-8bd8534f48c3,2026-07-01T02:45:00Z,2026-07-01T04:45:00+0200,38156.2,MW,FR,FR,actual_load,Actual Load,2026-07-30T23:05:32Z
2026-07-30T23:03:49Z,2026-07-31T01:03:49+0200,f07b8511-917b-4433-baac-8bd8534f48c3,2026-07-01T03:00:00Z,2026-07-01T05:00:00+0200,38638.97,MW,FR,FR,actual_load,Actual Load,2026-07-30T23:05:32Z
2026-07-30T23:03:49Z,2026-07-31T01:03:49+0200,f07b8511-917b-4433-baac-8bd8534f48c3,2026-07-01T03:15:00Z,2026-07-01T05:15:00+0200,38940.21,MW,FR,FR,actual_load,Actual Load,2026-07-30T23:05:32Z
2026-07-30T23:03:49Z,2026-07-31T01:03:49+0200,f07b8511-917b-4433-baac-8bd8534f48c3,2026-07-01T03:30:00Z,2026-07-01T05:30:00+0200,39262.19,MW,FR,FR,actual_load,Actual Load,2026-07-30T23:05:32Z
2026-07-30T23:03:49Z,2026-07-31T01:03:49+0200,f07b8511-917b-4433-baac-8bd8534f48c3,2026-07-01T03:45:00Z,2026-07-01T05:45:00+0200,39516.66,MW,FR,FR,actual_load,Actual Load,2026-07-30T23:05:32Z
2026-07-30T23:03:49Z,2026-07-31T01:03:49+0200,f07b8511-917b-4433-baac-8bd8534f48c3,2026-07-01T04:00:00Z,2026-07-01T06:00:00+0200,40291.64,MW,FR,FR,actual_load,Actual Load,2026-07-30T23:05:32Z
2026-07-30T23:03:49Z,2026-07-31T01:03:49+0200,f07b8511-917b-4433-baac-8bd8534f48c3,2026-07-01T04:15:00Z,2026-07-01T06:15:00+0200,41089.16,MW,FR,FR,actual_load,Actual Load,2026-07-30T23:05:32Z
2026-07-30T23:03:49Z,2026-07-31T01:03:49+0200,f07b8511-917b-4433-baac-8bd8534f48c3,2026-07-01T04:30:00Z,2026-07-01T06:30:00+0200,41725.93,MW,FR,FR,actual_load,Actual Load,2026-07-30T23:05:32Z
2026-07-30T23:03:49Z,2026-07-31T01:03:49+0200,f07b8511-917b-4433-baac-8bd8534f48c3,2026-07-01T04:45:00Z,2026-07-01T06:45:00+0200,42294.46,MW,FR,FR,actual_load,Actual Load,2026-07-30T23:05:32Z
2026-07-30T23:03:49Z,2026-07-31T01:03:49+0200,f07b8511-917b-4433-baac-8bd8534f48c3,2026-07-01T05:00:00Z,2026-07-01T07:00:00+0200,43181.95,MW,FR,FR,actual_load,Actual Load,2026-07-30T23:05:32Z
2026-07-30T23:03:49Z,2026-07-31T01:03:49+0200,f07b8511-917b-4433-baac-8bd8534f48c3,2026-07-01T05:15:00Z,2026-07-01T07:15:00+0200,43929.57,MW,FR,FR,actual_load,Actual Load,2026-07-30T23:05:32Z
2026-07-30T23:03:49Z,2026-07-31T01:03:49+0200,f07b8511-917b-4433-baac-8bd8534f48c3,2026-07-01T05:30:00Z,2026-07-01T07:30:00+0200,44635.45,MW,FR,FR,actual_load,Actual Load,2026-07-30T23:05:32Z
2026-07-30T23:03:49Z,2026-07-31T01:03:49+0200,f07b8511-917b-4433-baac-8bd8534f48c3,2026-07-01T05:45:00Z,2026-07-01T07:45:00+0200,45163.68,MW,FR,FR,actual_load,Actual Load,2026-07-30T23:05:32Z
2026-07-30T23:03:49Z,2026-07-31T01:03:49+0200,f07b8511-917b-4433-baac-8bd8534f48c3,2026-07-01T06:00:00Z,2026-07-01T08:00:00+0200,45820.29,MW,FR,FR,actual_load,Actual Load,2026-07-30T23:05:32Z
2026-07-30T23:03:49Z,2026-07-31T01:03:49+0200,f07b8511-917b-4433-baac-8bd8534f48c3,2026-07-01T06:15:00Z,2026-07-01T08:15:00+0200,46452.87,MW,FR,FR,actual_load,Actual Load,2026-07-30T23:05:32Z
2026-07-30T23:03:49Z,2026-07-31T01:03:49+0200,f07b8511-917b-4433-baac-8bd8534f48c3,2026-07-01T06:30:00Z,2026-07-01T08:30:00+0200,47068.27,MW,FR,FR,actual_load,Actual Load,2026-07-30T23:05:32Z
2026-07-30T23:03:49Z,2026-07-31T01:03:49+0200,f07b8511-917b-4433-baac-8bd8534f48c3,2026-07-01T06:45:00Z,2026-07-01T08:45:00+0200,47489.56,MW,FR,FR,actual_load,Actual Load,2026-07-30T23:05:32Z
2026-07-30T23:03:49Z,2026-07-31T01:03:49+0200,f07b8511-917b-4433-baac-8bd8534f48c3,2026-07-01T07:00:00Z,2026-07-01T09:00:00+0200,48082.5,MW,FR,FR,actual_load,Actual Load,2026-07-30T23:05:32Z
2026-07-30T23:03:49Z,2026-07-31T01:03:49+0200,f07b8511-917b-4433-baac-8bd8534f48c3,2026-07-01T07:15:00Z,2026-07-01T09:15:00+0200,48292.74,MW,FR,FR,actual_load,Actual Load,2026-07-30T23:05:32Z
2026-07-30T23:03:49Z,2026-07-31T01:03:49+0200,f07b8511-917b-4433-baac-8bd8534f48c3,2026-07-01T07:30:00Z,2026-07-01T09:30:00+0200,48765.36,MW,FR,FR,actual_load,Actual Load,2026-07-30T23:05:32Z
2026-07-30T23:03:49Z,2026-07-31T01:03:49+0200,f07b8511-917b-4433-baac-8bd8534f48c3,2026-07-01T07:45:00Z,2026-07-01T09:45:00+0200,49522.49,MW,FR,FR,actual_load,Actual Load,2026-07-30T23:05:32Z
2026-07-30T23:03:49Z,2026-07-31T01:03:49+0200,f07b8511-917b-4433-baac-8bd8534f48c3,2026-07-01T08:00:00Z,2026-07-01T10:00:00+0200,49704.62,MW,FR,FR,actual_load,Actual Load,2026-07-30T23:05:32Z
2026-07-30T23:03:49Z,2026-07-31T01:03:49+0200,f07b8511-917b-4433-baac-8bd8534f48c3,2026-07-01T08:15:00Z,2026-07-01T10:15:00+0200,50201.34,MW,FR,FR,actual_load,Actual Load,2026-07-30T23:05:32Z
2026-07-30T23:03:49Z,2026-07-31T01:03:49+0200,f07b8511-917b-4433-baac-8bd8534f48c3,2026-07-01T08:30:00Z,2026-07-01T10:30:00+0200,50482.22,MW,FR,FR,actual_load,Actual Load,2026-07-30T23:05:32Z
2026-07-30T23:03:49Z,2026-07-31T01:03:49+0200,f07b8511-917b-4433-baac-8bd8534f48c3,2026-07-01T08:45:00Z,2026-07-01T10:45:00+0200,50796.9,MW,FR,FR,actual_load,Actual Load,2026-07-30T23:05:32Z
2026-07-30T23:03:49Z,2026-07-31T01:03:49+0200,f07b8511-917b-4433-baac-8bd8534f48c3,2026-07-01T09:00:00Z,2026-07-01T11:00:00+0200,50882.86,MW,FR,FR,actual_load,Actual Load,2026-07-30T23:05:32Z
2026-07-30T23:03:49Z,2026-07-31T01:03:49+0200,f07b8511-917b-4433-baac-8bd8534f48c3,2026-07-01T09:15:00Z,2026-07-01T11:15:00+0200,51244.93,MW,FR,FR,actual_load,Actual Load,2026-07-30T23:05:32Z
2026-07-30T23:03:49Z,2026-07-31T01:03:49+0200,f07b8511-917b-4433-baac-8bd8534f48c3,2026-07-01T09:30:00Z,2026-07-01T11:30:00+0200,51555.15,MW,FR,FR,actual_load,Actual Load,2026-07-30T23:05:32Z
2026-07-30T23:03:49Z,2026-07-31T01:03:49+0200,f07b8511-917b-4433-baac-8bd8534f48c3,2026-07-01T09:45:00Z,2026-07-01T11:45:00+0200,51778.43,MW,FR,FR,actual_load,Actual Load,2026-07-30T23:05:32Z
2026-07-30T23:03:49Z,2026-07-31T01:03:49+0200,f07b8511-917b-4433-baac-8bd8534f48c3,2026-07-01T10:00:00Z,2026-07-01T12:00:00+0200,52005.23,MW,FR,FR,actual_load,Actual Load,2026-07-30T23:05:32Z
2026-07-30T23:03:49Z,2026-07-31T01:03:49+0200,f07b8511-917b-4433-baac-8bd8534f48c3,2026-07-01T10:15:00Z,2026-07-01T12:15:00+0200,52200.39,MW,FR,FR,actual_load,Actual Load,2026-07-30T23:05:32Z
2026-07-30T23:03:49Z,2026-07-31T01:03:49+0200,f07b8511-917b-4433-baac-8bd8534f48c3,2026-07-01T10:30:00Z,2026-07-01T12:30:00+0200,52761.82,MW,FR,FR,actual_load,Actual Load,2026-07-30T23:05:32Z
2026-07-30T23:03:49Z,2026-07-31T01:03:49+0200,f07b8511-917b-4433-baac-8bd8534f48c3,2026-07-01T10:45:00Z,2026-07-01T12:45:00+0200,52420.4,MW,FR,FR,actual_load,Actual Load,2026-07-30T23:05:32Z
2026-07-30T23:03:49Z,2026-07-31T01:03:49+0200,f07b8511-917b-4433-baac-8bd8534f48c3,2026-07-01T11:00:00Z,2026-07-01T13:00:00+0200,51909.32,MW,FR,FR,actual_load,Actual Load,2026-07-30T23:05:32Z
2026-07-30T23:03:49Z,2026-07-31T01:03:49+0200,f07b8511-917b-4433-baac-8bd8534f48c3,2026-07-01T11:15:00Z,2026-07-01T13:15:00+0200,51563.4,MW,FR,FR,actual_load,Actual Load,2026-07-30T23:05:32Z
2026-07-30T23:03:49Z,2026-07-31T01:03:49+0200,f07b8511-917b-4433-baac-8bd8534f48c3,2026-07-01T11:30:00Z,2026-07-01T13:30:00+0200,51399.3,MW,FR,FR,actual_load,Actual Load,2026-07-30T23:05:32Z
2026-07-30T23:03:49Z,2026-07-31T01:03:49+0200,f07b8511-917b-4433-baac-8bd8534f48c3,2026-07-01T11:45:00Z,2026-07-01T13:45:00+0200,51277.92,MW,FR,FR,actual_load,Actual Load,2026-07-30T23:05:32Z
2026-07-30T23:03:49Z,2026-07-31T01:03:49+0200,f07b8511-917b-4433-baac-8bd8534f48c3,2026-07-01T12:00:00Z,2026-07-01T14:00:00+0200,52176.96,MW,FR,FR,actual_load,Actual Load,2026-07-30T23:05:32Z
2026-07-30T23:03:49Z,2026-07-31T01:03:49+0200,f07b8511-917b-4433-baac-8bd8534f48c3,2026-07-01T12:15:00Z,2026-07-01T14:15:00+0200,51796.2,MW,FR,FR,actual_load,Actual Load,2026-07-30T23:05:32Z
2026-07-30T23:03:49Z,2026-07-31T01:03:49+0200,f07b8511-917b-4433-baac-8bd8534f48c3,2026-07-01T12:30:00Z,2026-07-01T14:30:00+0200,51831.64,MW,FR,FR,actual_load,Actual Load,2026-07-30T23:05:32Z
2026-07-30T23:03:49Z,2026-07-31T01:03:49+0200,f07b8511-917b-4433-baac-8bd8534f48c3,2026-07-01T12:45:00Z,2026-07-01T14:45:00+0200,51531.97,MW,FR,FR,actual_load,Actual Load,2026-07-30T23:05:32Z
2026-07-30T23:03:49Z,2026-07-31T01:03:49+0200,f07b8511-917b-4433-baac-8bd8534f48c3,2026-07-01T13:00:00Z,2026-07-01T15:00:00+0200,51607.29,MW,FR,FR,actual_load,Actual Load,2026-07-30T23:05:32Z
2026-07-30T23:03:49Z,2026-07-31T01:03:49+0200,f07b8511-917b-4433-baac-8bd8534f48c3,2026-07-01T13:15:00Z,2026-07-01T15:15:00+0200,50850.89,MW,FR,FR,actual_load,Actual Load,2026-07-30T23:05:32Z
2026-07-30T23:03:49Z,2026-07-31T01:03:49+0200,f07b8511-917b-4433-baac-8bd8534f48c3,2026-07-01T13:30:00Z,2026-07-01T15:30:00+0200,50083.43,MW,FR,FR,actual_load,Actual Load,2026-07-30T23:05:32Z
2026-07-30T23:03:49Z,2026-07-31T01:03:49+0200,f07b8511-917b-4433-baac-8bd8534f48c3,2026-07-01T13:45:00Z,2026-07-01T15:45:00+0200,49635.08,MW,FR,FR,actual_load,Actual Load,2026-07-30T23:05:32Z
2026-07-30T23:03:49Z,2026-07-31T01:03:49+0200,f07b8511-917b-4433-baac-8bd8534f48c3,2026-07-01T14:00:00Z,2026-07-01T16:00:00+0200,49316.02,MW,FR,FR,actual_load,Actual Load,2026-07-30T23:05:32Z
2026-07-30T23:03:49Z,2026-07-31T01:03:49+0200,f07b8511-917b-4433-baac-8bd8534f48c3,2026-07-01T14:15:00Z,2026-07-01T16:15:00+0200,49028.01,MW,FR,FR,actual_load,Actual Load,2026-07-30T23:05:32Z
2026-07-30T23:03:49Z,2026-07-31T01:03:49+0200,f07b8511-917b-4433-baac-8bd8534f48c3,2026-07-01T14:30:00Z,2026-07-01T16:30:00+0200,48803.94,MW,FR,FR,actual_load,Actual Load,2026-07-30T23:05:32Z
2026-07-30T23:03:49Z,2026-07-31T01:03:49+0200,f07b8511-917b-4433-baac-8bd8534f48c3,2026-07-01T14:45:00Z,2026-07-01T16:45:00+0200,48909.68,MW,FR,FR,actual_load,Actual Load,2026-07-30T23:05:32Z
2026-07-30T23:03:49Z,2026-07-31T01:03:49+0200,f07b8511-917b-4433-baac-8bd8534f48c3,2026-07-01T15:00:00Z,2026-07-01T17:00:00+0200,48960.79,MW,FR,FR,actual_load,Actual Load,2026-07-30T23:05:32Z
2026-07-30T23:03:49Z,2026-07-31T01:03:49+0200,f07b8511-917b-4433-baac-8bd8534f48c3,2026-07-01T15:15:00Z,2026-07-01T17:15:00+0200,48468.11,MW,FR,FR,actual_load,Actual Load,2026-07-30T23:05:32Z
2026-07-30T23:03:49Z,2026-07-31T01:03:49+0200,f07b8511-917b-4433-baac-8bd8534f48c3,2026-07-01T15:30:00Z,2026-07-01T17:30:00+0200,48497.25,MW,FR,FR,actual_load,Actual Load,2026-07-30T23:05:32Z
2026-07-30T23:03:49Z,2026-07-31T01:03:49+0200,f07b8511-917b-4433-baac-8bd8534f48c3,2026-07-01T15:45:00Z,2026-07-01T17:45:00+0200,48479.15,MW,FR,FR,actual_load,Actual Load,2026-07-30T23:05:32Z
2026-07-30T23:03:49Z,2026-07-31T01:03:49+0200,f07b8511-917b-4433-baac-8bd8534f48c3,2026-07-01T16:00:00Z,2026-07-01T18:00:00+0200,48732.1,MW,FR,FR,actual_load,Actual Load,2026-07-30T23:05:32Z
2026-07-30T23:03:49Z,2026-07-31T01:03:49+0200,f07b8511-917b-4433-baac-8bd8534f48c3,2026-07-01T16:15:00Z,2026-07-01T18:15:00+0200,49028.86,MW,FR,FR,actual_load,Actual Load,2026-07-30T23:05:32Z
2026-07-30T23:03:49Z,2026-07-31T01:03:49+0200,f07b8511-917b-4433-baac-8bd8534f48c3,2026-07-01T16:30:00Z,2026-07-01T18:30:00+0200,49585.13,MW,FR,FR,actual_load,Actual Load,2026-07-30T23:05:32Z
2026-07-30T23:03:49Z,2026-07-31T01:03:49+0200,f07b8511-917b-4433-baac-8bd8534f48c3,2026-07-01T16:45:00Z,2026-07-01T18:45:00+0200,50200.53,MW,FR,FR,actual_load,Actual Load,2026-07-30T23:05:32Z
2026-07-30T23:03:49Z,2026-07-31T01:03:49+0200,f07b8511-917b-4433-baac-8bd8534f48c3,2026-07-01T17:00:00Z,2026-07-01T19:00:00+0200,50453.51,MW,FR,FR,actual_load,Actual Load,2026-07-30T23:05:32Z
2026-07-30T23:03:49Z,2026-07-31T01:03:49+0200,f07b8511-917b-4433-baac-8bd8534f48c3,2026-07-01T17:15:00Z,2026-07-01T19:15:00+0200,50414.54,MW,FR,FR,actual_load,Actual Load,2026-07-30T23:05:32Z
2026-07-30T23:03:49Z,2026-07-31T01:03:49+0200,f07b8511-917b-4433-baac-8bd8534f48c3,2026-07-01T17:30:00Z,2026-07-01T19:30:00+0200,50252.31,MW,FR,FR,actual_load,Actual Load,2026-07-30T23:05:32Z
2026-07-30T23:03:49Z,2026-07-31T01:03:49+0200,f07b8511-917b-4433-baac-8bd8534f48c3,2026-07-01T17:45:00Z,2026-07-01T19:45:00+0200,49819.03,MW,FR,FR,actual_load,Actual Load,2026-07-30T23:05:32Z
2026-07-30T23:03:49Z,2026-07-31T01:03:49+0200,f07b8511-917b-4433-baac-8bd8534f48c3,2026-07-01T18:00:00Z,2026-07-01T20:00:00+0200,49394.25,MW,FR,FR,actual_load,Actual Load,2026-07-30T23:05:32Z
2026-07-30T23:03:49Z,2026-07-31T01:03:49+0200,f07b8511-917b-4433-baac-8bd8534f48c3,2026-07-01T18:15:00Z,2026-07-01T20:15:00+0200,48654.96,MW,FR,FR,actual_load,Actual Load,2026-07-30T23:05:32Z
2026-07-30T23:03:49Z,2026-07-31T01:03:49+0200,f07b8511-917b-4433-baac-8bd8534f48c3,2026-07-01T18:30:00Z,2026-07-01T20:30:00+0200,48009.12,MW,FR,FR,actual_load,Actual Load,2026-07-30T23:05:32Z
2026-07-30T23:03:49Z,2026-07-31T01:03:49+0200,f07b8511-917b-4433-baac-8bd8534f48c3,2026-07-01T18:45:00Z,2026-07-01T20:45:00+0200,47406.35,MW,FR,FR,actual_load,Actual Load,2026-07-30T23:05:32Z
2026-07-30T23:03:49Z,2026-07-31T01:03:49+0200,f07b8511-917b-4433-baac-8bd8534f48c3,2026-07-01T19:00:00Z,2026-07-01T21:00:00+0200,47314.1,MW,FR,FR,actual_load,Actual Load,2026-07-30T23:05:32Z
2026-07-30T23:03:49Z,2026-07-31T01:03:49+0200,f07b8511-917b-4433-baac-8bd8534f48c3,2026-07-01T19:15:00Z,2026-07-01T21:15:00+0200,46961.88,MW,FR,FR,actual_load,Actual Load,2026-07-30T23:05:32Z
2026-07-30T23:03:49Z,2026-07-31T01:03:49+0200,f07b8511-917b-4433-baac-8bd8534f48c3,2026-07-01T19:30:00Z,2026-07-01T21:30:00+0200,46856.42,MW,FR,FR,actual_load,Actual Load,2026-07-30T23:05:32Z
2026-07-30T23:03:49Z,2026-07-31T01:03:49+0200,f07b8511-917b-4433-baac-8bd8534f48c3,2026-07-01T19:45:00Z,2026-07-01T21:45:00+0200,46456.1,MW,FR,FR,actual_load,Actual Load,2026-07-30T23:05:32Z
2026-07-30T23:03:49Z,2026-07-31T01:03:49+0200,f07b8511-917b-4433-baac-8bd8534f48c3,2026-07-01T20:00:00Z,2026-07-01T22:00:00+0200,47710.29,MW,FR,FR,actual_load,Actual Load,2026-07-30T23:05:32Z
2026-07-30T23:03:49Z,2026-07-31T01:03:49+0200,f07b8511-917b-4433-baac-8bd8534f48c3,2026-07-01T20:15:00Z,2026-07-01T22:15:00+0200,47706.08,MW,FR,FR,actual_load,Actual Load,2026-07-30T23:05:32Z
2026-07-30T23:03:49Z,2026-07-31T01:03:49+0200,f07b8511-917b-4433-baac-8bd8534f48c3,2026-07-01T20:30:00Z,2026-07-01T22:30:00+0200,48900.66,MW,FR,FR,actual_load,Actual Load,2026-07-30T23:05:32Z
2026-07-30T23:03:49Z,2026-07-31T01:03:49+0200,f07b8511-917b-4433-baac-8bd8534f48c3,2026-07-01T20:45:00Z,2026-07-01T22:45:00+0200,48226.93,MW,FR,FR,actual_load,Actual Load,2026-07-30T23:05:32Z
2026-07-30T23:03:49Z,2026-07-31T01:03:49+0200,f07b8511-917b-4433-baac-8bd8534f48c3,2026-07-01T21:00:00Z,2026-07-01T23:00:00+0200,47935.36,MW,FR,FR,actual_load,Actual Load,2026-07-30T23:05:32Z
2026-07-30T23:03:49Z,2026-07-31T01:03:49+0200,f07b8511-917b-4433-baac-8bd8534f48c3,2026-07-01T21:15:00Z,2026-07-01T23:15:00+0200,47075.7,MW,FR,FR,actual_load,Actual Load,2026-07-30T23:05:32Z
2026-07-30T23:03:49Z,2026-07-31T01:03:49+0200,f07b8511-917b-4433-baac-8bd8534f48c3,2026-07-01T21:30:00Z,2026-07-01T23:30:00+0200,47259.61,MW,FR,FR,actual_load,Actual Load,2026-07-30T23:05:32Z
2026-07-30T23:03:49Z,2026-07-31T01:03:49+0200,f07b8511-917b-4433-baac-8bd8534f48c3,2026-07-01T21:45:00Z,2026-07-01T23:45:00+0200,46352.52,MW,FR,FR,actual_load,Actual Load,2026-07-30T23:05:32Z
2026-07-30T23:03:49Z,2026-07-31T01:03:49+0200,f07b8511-917b-4433-baac-8bd8534f48c3,2026-07-01T22:00:00Z,2026-07-02T00:00:00+0200,46185.13,MW,FR,FR,actual_load,Actual Load,2026-07-30T23:05:32Z
2026-07-30T23:03:49Z,2026-07-31T01:03:49+0200,f07b8511-917b-4433-baac-8bd8534f48c3,2026-07-01T22:15:00Z,2026-07-02T00:15:00+0200,45100.38,MW,FR,FR,actual_load,Actual Load,2026-07-30T23:05:32Z
2026-07-30T23:03:49Z,2026-07-31T01:03:49+0200,f07b8511-917b-4433-baac-8bd8534f48c3,2026-07-01T22:30:00Z,2026-07-02T00:30:00+0200,43802.39,MW,FR,FR,actual_load,Actual Load,2026-07-30T23:05:32Z
2026-07-30T23:03:49Z,2026-07-31T01:03:49+0200,f07b8511-917b-4433-baac-8bd8534f48c3,2026-07-01T22:45:00Z,2026-07-02T00:45:00+0200,42681.86,MW,FR,FR,actual_load,Actual Load,2026-07-30T23:05:32Z
2026-07-30T23:03:49Z,2026-07-31T01:03:49+0200,f07b8511-917b-4433-baac-8bd8534f48c3,2026-07-01T23:00:00Z,2026-07-02T01:00:00+0200,43060.04,MW,FR,FR,actual_load,Actual Load,2026-07-30T23:05:32Z
2026-07-30T23:03:49Z,2026-07-31T01:03:49+0200,f07b8511-917b-4433-baac-8bd8534f48c3,2026-07-01T23:15:00Z,2026-07-02T01:15:00+0200,42155.92,MW,FR,FR,actual_load,Actual Load,2026-07-30T23:05:32Z
2026-07-30T23:03:49Z,2026-07-31T01:03:49+0200,f07b8511-917b-4433-baac-8bd8534f48c3,2026-07-01T23:30:00Z,2026-07-02T01:30:00+0200,42037.69,MW,FR,FR,actual_load,Actual Load,2026-07-30T23:05:32Z
2026-07-30T23:03:49Z,2026-07-31T01:03:49+0200,f07b8511-917b-4433-baac-8bd8534f48c3,2026-07-01T23:45:00Z,2026-07-02T01:45:00+0200,41323.91,MW,FR,FR,actual_load,Actual Load,2026-07-30T23:05:32Z
2026-07-30T23:03:49Z,2026-07-31T01:03:49+0200,f07b8511-917b-4433-baac-8bd8534f48c3,2026-07-02T00:00:00Z,2026-07-02T02:00:00+0200,41129.66,MW,FR,FR,actual_load,Actual Load,2026-07-30T23:05:32Z
2026-07-30T23:03:49Z,2026-07-31T01:03:49+0200,f07b8511-917b-4433-baac-8bd8534f48c3,2026-07-02T00:15:00Z,2026-07-02T02:15:00+0200,40171.65,MW,FR,FR,actual_load,Actual Load,2026-07-30T23:05:32Z
2026-07-30T23:03:49Z,2026-07-31T01:03:49+0200,f07b8511-917b-4433-baac-8bd8534f48c3,2026-07-02T00:30:00Z,2026-07-02T02:30:00+0200,39484.13,MW,FR,FR,actual_load,Actual Load,2026-07-30T23:05:32Z
2026-07-30T23:03:49Z,2026-07-31T01:03:49+0200,f07b8511-917b-4433-baac-8bd8534f48c3,2026-07-02T00:45:00Z,2026-07-02T02:45:00+0200,38792.02,MW,FR,FR,actual_load,Actual Load,2026-07-30T23:05:32Z
2026-07-30T23:03:49Z,2026-07-31T01:03:49+0200,f07b8511-917b-4433-baac-8bd8534f48c3,2026-07-02T01:00:00Z,2026-07-02T03:00:00+0200,38476.77,MW,FR,FR,actual_load,Actual Load,2026-07-30T23:05:32Z
2026-07-30T23:03:49Z,2026-07-31T01:03:49+0200,f07b8511-917b-4433-baac-8bd8534f48c3,2026-07-02T01:15:00Z,2026-07-02T03:15:00+0200,38101.93,MW,FR,FR,actual_load,Actual Load,2026-07-30T23:05:32Z
2026-07-30T23:03:49Z,2026-07-31T01:03:49+0200,f07b8511-917b-4433-baac-8bd8534f48c3,2026-07-02T01:30:00Z,2026-07-02T03:30:00+0200,38043.76,MW,FR,FR,actual_load,Actual Load,2026-07-30T23:05:32Z
2026-07-30T23:03:49Z,2026-07-31T01:03:49+0200,f07b8511-917b-4433-baac-8bd8534f48c3,2026-07-02T01:45:00Z,2026-07-02T03:45:00+0200,37700.21,MW,FR,FR,actual_load,Actual Load,2026-07-30T23:05:32Z
2026-07-30T23:03:49Z,2026-07-31T01:03:49+0200,f07b8511-917b-4433-baac-8bd8534f48c3,2026-07-02T02:00:00Z,2026-07-02T04:00:00+0200,37789.56,MW,FR,FR,actual_load,Actual Load,2026-07-30T23:05:32Z
2026-07-30T23:03:49Z,2026-07-31T01:03:49+0200,f07b8511-917b-4433-baac-8bd8534f48c3,2026-07-02T02:15:00Z,2026-07-02T04:15:00+0200,37732.86,MW,FR,FR,actual_load,Actual Load,2026-07-30T23:05:32Z
2026-07-30T23:03:49Z,2026-07-31T01:03:49+0200,f07b8511-917b-4433-baac-8bd8534f48c3,2026-07-02T02:30:00Z,2026-07-02T04:30:00+0200,37799.44,MW,FR,FR,actual_load,Actual Load,2026-07-30T23:05:32Z
2026-07-30T23:03:49Z,2026-07-31T01:03:49+0200,f07b8511-917b-4433-baac-8bd8534f48c3,2026-07-02T02:45:00Z,2026-07-02T04:45:00+0200,37728.95,MW,FR,FR,actual_load,Actual Load,2026-07-30T23:05:32Z
2026-07-30T23:03:49Z,2026-07-31T01:03:49+0200,f07b8511-917b-4433-baac-8bd8534f48c3,2026-07-02T03:00:00Z,2026-07-02T05:00:00+0200,38533.2,MW,FR,FR,actual_load,Actual Load,2026-07-30T23:05:32Z
2026-07-30T23:03:49Z,2026-07-31T01:03:49+0200,f07b8511-917b-4433-baac-8bd8534f48c3,2026-07-02T03:15:00Z,2026-07-02T05:15:00+0200,39080.82,MW,FR,FR,actual_load,Actual Load,2026-07-30T23:05:32Z
2026-07-30T23:03:49Z,2026-07-31T01:03:49+0200,f07b8511-917b-4433-baac-8bd8534f48c3,2026-07-02T03:30:00Z,2026-07-02T05:30:00+0200,39413.56,MW,FR,FR,actual_load,Actual Load,2026-07-30T23:05:32Z
2026-07-30T23:03:49Z,2026-07-31T01:03:49+0200,f07b8511-917b-4433-baac-8bd8534f48c3,2026-07-02T03:45:00Z,2026-07-02T05:45:00+0200,39693.67,MW,FR,FR,actual_load,Actual Load,2026-07-30T23:05:32Z
2026-07-30T23:03:49Z,2026-07-31T01:03:49+0200,f07b8511-917b-4433-baac-8bd8534f48c3,2026-07-02T04:00:00Z,2026-07-02T06:00:00+0200,40607.84,MW,FR,FR,actual_load,Actual Load,2026-07-30T23:05:32Z
2026-07-30T23:03:49Z,2026-07-31T01:03:49+0200,f07b8511-917b-4433-baac-8bd8534f48c3,2026-07-02T04:15:00Z,2026-07-02T06:15:00+0200,41200.17,MW,FR,FR,actual_load,Actual Load,2026-07-30T23:05:32Z
2026-07-30T23:03:49Z,2026-07-31T01:03:49+0200,f07b8511-917b-4433-baac-8bd8534f48c3,2026-07-02T04:30:00Z,2026-07-02T06:30:00+0200,41807.06,MW,FR,FR,actual_load,Actual Load,2026-07-30T23:05:32Z
2026-07-30T23:03:49Z,2026-07-31T01:03:49+0200,f07b8511-917b-4433-baac-8bd8534f48c3,2026-07-02T04:45:00Z,2026-07-02T06:45:00+0200,42397.68,MW,FR,FR,actual_load,Actual Load,2026-07-30T23:05:32Z
2026-07-30T23:03:49Z,2026-07-31T01:03:49+0200,f07b8511-917b-4433-baac-8bd8534f48c3,2026-07-02T05:00:00Z,2026-07-02T07:00:00+0200,43363.63,MW,FR,FR,actual_load,Actual Load,2026-07-30T23:05:32Z
2026-07-30T23:03:49Z,2026-07-31T01:03:49+0200,f07b8511-917b-4433-baac-8bd8534f48c3,2026-07-02T05:15:00Z,2026-07-02T07:15:00+0200,44174.82,MW,FR,FR,actual_load,Actual Load,2026-07-30T23:05:32Z
2026-07-30T23:03:49Z,2026-07-31T01:03:49+0200,f07b8511-917b-4433-baac-8bd8534f48c3,2026-07-02T05:30:00Z,2026-07-02T07:30:00+0200,44853.73,MW,FR,FR,actual_load,Actual Load,2026-07-30T23:05:32Z
2026-07-30T23:03:49Z,2026-07-31T01:03:49+0200,f07b8511-917b-4433-baac-8bd8534f48c3,2026-07-02T05:45:00Z,2026-07-02T07:45:00+0200,45567.79,MW,FR,FR,actual_load,Actual Load,2026-07-30T23:05:32Z
2026-07-30T23:03:49Z,2026-07-31T01:03:49+0200,f07b8511-917b-4433-baac-8bd8534f48c3,2026-07-02T06:00:00Z,2026-07-02T08:00:00+0200,45897.36,MW,FR,FR,actual_load,Actual Load,2026-07-30T23:05:32Z
2026-07-30T23:03:49Z,2026-07-31T01:03:49+0200,f07b8511-917b-4433-baac-8bd8534f48c3,2026-07-02T06:15:00Z,2026-07-02T08:15:00+0200,46457.44,MW,FR,FR,actual_load,Actual Load,2026-07-30T23:05:32Z
2026-07-30T23:03:49Z,2026-07-31T01:03:49+0200,f07b8511-917b-4433-baac-8bd8534f48c3,2026-07-02T06:30:00Z,2026-07-02T08:30:00+0200,46990.62,MW,FR,FR,actual_load,Actual Load,2026-07-30T23:05:32Z
2026-07-30T23:03:49Z,2026-07-31T01:03:49+0200,f07b8511-917b-4433-baac-8bd8534f48c3,2026-07-02T06:45:00Z,2026-07-02T08:45:00+0200,47075.77,MW,FR,FR,actual_load,Actual Load,2026-07-30T23:05:32Z
2026-07-30T23:03:49Z,2026-07-31T01:03:49+0200,f07b8511-917b-4433-baac-8bd8534f48c3,2026-07-02T07:00:00Z,2026-07-02T09:00:00+0200,47515.53,MW,FR,FR,actual_load,Actual Load,2026-07-30T23:05:32Z
2026-07-30T23:03:49Z,2026-07-31T01:03:49+0200,f07b8511-917b-4433-baac-8bd8534f48c3,2026-07-02T07:15:00Z,2026-07-02T09:15:00+0200,47623.98,MW,FR,FR,actual_load,Actual Load,2026-07-30T23:05:32Z
2026-07-30T23:03:49Z,2026-07-31T01:03:49+0200,f07b8511-917b-4433-baac-8bd8534f48c3,2026-07-02T07:30:00Z,2026-07-02T09:30:00+0200,47910.18,MW,FR,FR,actual_load,Actual Load,2026-07-30T23:05:32Z
2026-07-30T23:03:49Z,2026-07-31T01:03:49+0200,f07b8511-917b-4433-baac-8bd8534f48c3,2026-07-02T07:45:00Z,2026-07-02T09:45:00+0200,47943.55,MW,FR,FR,actual_load,Actual Load,2026-07-30T23:05:32Z
2026-07-30T23:03:49Z,2026-07-31T01:03:49+0200,f07b8511-917b-4433-baac-8bd8534f48c3,2026-07-02T08:00:00Z,2026-07-02T10:00:00+0200,48413.7,MW,FR,FR,actual_load,Actual Load,2026-07-30T23:05:32Z
2026-07-30T23:03:49Z,2026-07-31T01:03:49+0200,f07b8511-917b-4433-baac-8bd8534f48c3,2026-07-02T08:15:00Z,2026-07-02T10:15:00+0200,48437.97,MW,FR,FR,actual_load,Actual Load,2026-07-30T23:05:32Z
2026-07-30T23:03:49Z,2026-07-31T01:03:49+0200,f07b8511-917b-4433-baac-8bd8534f48c3,2026-07-02T08:30:00Z,2026-07-02T10:30:00+0200,48641.26,MW,FR,FR,actual_load,Actual Load,2026-07-30T23:05:32Z
2026-07-30T23:03:49Z,2026-07-31T01:03:49+0200,f07b8511-917b-4433-baac-8bd8534f48c3,2026-07-02T08:45:00Z,2026-07-02T10:45:00+0200,49208.12,MW,FR,FR,actual_load,Actual Load,2026-07-30T23:05:32Z
2026-07-30T23:03:49Z,2026-07-31T01:03:49+0200,f07b8511-917b-4433-baac-8bd8534f48c3,2026-07-02T09:00:00Z,2026-07-02T11:00:00+0200,49323.64,MW,FR,FR,actual_load,Actual Load,2026-07-30T23:05:32Z
2026-07-30T23:03:49Z,2026-07-31T01:03:49+0200,f07b8511-917b-4433-baac-8bd8534f48c3,2026-07-02T09:15:00Z,2026-07-02T11:15:00+0200,49509.84,MW,FR,FR,actual_load,Actual Load,2026-07-30T23:05:32Z
2026-07-30T23:03:49Z,2026-07-31T01:03:49+0200,f07b8511-917b-4433-baac-8bd8534f48c3,2026-07-02T09:30:00Z,2026-07-02T11:30:00+0200,49745.51,MW,FR,FR,actual_load,Actual Load,2026-07-30T23:05:32Z
2026-07-30T23:03:49Z,2026-07-31T01:03:49+0200,f07b8511-917b-4433-baac-8bd8534f48c3,2026-07-02T09:45:00Z,2026-07-02T11:45:00+0200,50092.47,MW,FR,FR,actual_load,Actual Load,2026-07-30T23:05:32Z
2026-07-30T23:03:49Z,2026-07-31T01:03:49+0200,f07b8511-917b-4433-baac-8bd8534f48c3,2026-07-02T10:00:00Z,2026-07-02T12:00:00+0200,50244.56,MW,FR,FR,actual_load,Actual Load,2026-07-30T23:05:32Z
2026-07-30T23:03:49Z,2026-07-31T01:03:49+0200,f07b8511-917b-4433-baac-8bd8534f48c3,2026-07-02T10:15:00Z,2026-07-02T12:15:00+0200,50206.95,MW,FR,FR,actual_load,Actual Load,2026-07-30T23:05:32Z
2026-07-30T23:03:49Z,2026-07-31T01:03:49+0200,f07b8511-917b-4433-baac-8bd8534f48c3,2026-07-02T10:30:00Z,2026-07-02T12:30:00+0200,50848.4,MW,FR,FR,actual_load,Actual Load,2026-07-30T23:05:32Z
2026-07-30T23:03:49Z,2026-07-31T01:03:49+0200,f07b8511-917b-4433-baac-8bd8534f48c3,2026-07-02T10:45:00Z,2026-07-02T12:45:00+0200,50466.21,MW,FR,FR,actual_load,Actual Load,2026-07-30T23:05:32Z
2026-07-30T23:03:49Z,2026-07-31T01:03:49+0200,f07b8511-917b-4433-baac-8bd8534f48c3,2026-07-02T11:00:00Z,2026-07-02T13:00:00+0200,50426.51,MW,FR,FR,actual_load,Actual Load,2026-07-30T23:05:32Z
2026-07-30T23:03:49Z,2026-07-31T01:03:49+0200,f07b8511-917b-4433-baac-8bd8534f48c3,2026-07-02T11:15:00Z,2026-07-02T13:15:00+0200,49956.76,MW,FR,FR,actual_load,Actual Load,2026-07-30T23:05:32Z
2026-07-30T23:03:49Z,2026-07-31T01:03:49+0200,f07b8511-917b-4433-baac-8bd8534f48c3,2026-07-02T11:30:00Z,2026-07-02T13:30:00+0200,49589.89,MW,FR,FR,actual_load,Actual Load,2026-07-30T23:05:32Z
2026-07-30T23:03:49Z,2026-07-31T01:03:49+0200,f07b8511-917b-4433-baac-8bd8534f48c3,2026-07-02T11:45:00Z,2026-07-02T13:45:00+0200,49716.48,MW,FR,FR,actual_load,Actual Load,2026-07-30T23:05:32Z
2026-07-30T23:03:49Z,2026-07-31T01:03:49+0200,f07b8511-917b-4433-baac-8bd8534f48c3,2026-07-02T12:00:00Z,2026-07-02T14:00:00+0200,50345.46,MW,FR,FR,actual_load,Actual Load,2026-07-30T23:05:32Z
2026-07-30T23:03:49Z,2026-07-31T01:03:49+0200,f07b8511-917b-4433-baac-8bd8534f48c3,2026-07-02T12:15:00Z,2026-07-02T14:15:00+0200,50256.08,MW,FR,FR,actual_load,Actual Load,2026-07-30T23:05:32Z
2026-07-30T23:03:49Z,2026-07-31T01:03:49+0200,f07b8511-917b-4433-baac-8bd8534f48c3,2026-07-02T12:30:00Z,2026-07-02T14:30:00+0200,50136.34,MW,FR,FR,actual_load,Actual Load,2026-07-30T23:05:32Z
2026-07-30T23:03:49Z,2026-07-31T01:03:49+0200,f07b8511-917b-4433-baac-8bd8534f48c3,2026-07-02T12:45:00Z,2026-07-02T14:45:00+0200,49596.19,MW,FR,FR,actual_load,Actual Load,2026-07-30T23:05:32Z
2026-07-30T23:03:49Z,2026-07-31T01:03:49+0200,f07b8511-917b-4433-baac-8bd8534f48c3,2026-07-02T13:00:00Z,2026-07-02T15:00:00+0200,49587.94,MW,FR,FR,actual_load,Actual Load,2026-07-30T23:05:32Z
2026-07-30T23:03:49Z,2026-07-31T01:03:49+0200,f07b8511-917b-4433-baac-8bd8534f48c3,2026-07-02T13:15:00Z,2026-07-02T15:15:00+0200,49380.54,MW,FR,FR,actual_load,Actual Load,2026-07-30T23:05:32Z
2026-07-30T23:03:49Z,2026-07-31T01:03:49+0200,f07b8511-917b-4433-baac-8bd8534f48c3,2026-07-02T13:30:00Z,2026-07-02T15:30:00+0200,48954.54,MW,FR,FR,actual_load,Actual Load,2026-07-30T23:05:32Z
2026-07-30T23:03:49Z,2026-07-31T01:03:49+0200,f07b8511-917b-4433-baac-8bd8534f48c3,2026-07-02T13:45:00Z,2026-07-02T15:45:00+0200,48585.0,MW,FR,FR,actual_load,Actual Load,2026-07-30T23:05:32Z
2026-07-30T23:03:49Z,2026-07-31T01:03:49+0200,f07b8511-917b-4433-baac-8bd8534f48c3,2026-07-02T14:00:00Z,2026-07-02T16:00:00+0200,48595.62,MW,FR,FR,actual_load,Actual Load,2026-07-30T23:05:32Z
2026-07-30T23:03:49Z,2026-07-31T01:03:49+0200,f07b8511-917b-4433-baac-8bd8534f48c3,2026-07-02T14:15:00Z,2026-07-02T16:15:00+0200,48496.53,MW,FR,FR,actual_load,Actual Load,2026-07-30T23:05:32Z
2026-07-30T23:03:49Z,2026-07-31T01:03:49+0200,f07b8511-917b-4433-baac-8bd8534f48c3,2026-07-02T14:30:00Z,2026-07-02T16:30:00+0200,48411.31,MW,FR,FR,actual_load,Actual Load,2026-07-30T23:05:32Z
2026-07-30T23:03:49Z,2026-07-31T01:03:49+0200,f07b8511-917b-4433-baac-8bd8534f48c3,2026-07-02T14:45:00Z,2026-07-02T16:45:00+0200,48611.89,MW,FR,FR,actual_load,Actual Load,2026-07-30T23:05:32Z
2026-07-30T23:03:49Z,2026-07-31T01:03:49+0200,f07b8511-917b-4433-baac-8bd8534f48c3,2026-07-02T15:00:00Z,2026-07-02T17:00:00+0200,48836.73,MW,FR,FR,actual_load,Actual Load,2026-07-30T23:05:32Z
2026-07-30T23:03:49Z,2026-07-31T01:03:49+0200,f07b8511-917b-4433-baac-8bd8534f48c3,2026-07-02T15:15:00Z,2026-07-02T17:15:00+0200,49000.42,MW,FR,FR,actual_load,Actual Load,2026-07-30T23:05:32Z
2026-07-30T23:03:49Z,2026-07-31T01:03:49+0200,f07b8511-917b-4433-baac-8bd8534f48c3,2026-07-02T15:30:00Z,2026-07-02T17:30:00+0200,49023.51,MW,FR,FR,actual_load,Actual Load,2026-07-30T23:05:32Z
2026-07-30T23:03:49Z,2026-07-31T01:03:49+0200,f07b8511-917b-4433-baac-8bd8534f48c3,2026-07-02T15:45:00Z,2026-07-02T17:45:00+0200,49327.01,MW,FR,FR,actual_load,Actual Load,2026-07-30T23:05:32Z
2026-07-30T23:03:49Z,2026-07-31T01:03:49+0200,f07b8511-917b-4433-baac-8bd8534f48c3,2026-07-02T16:00:00Z,2026-07-02T18:00:00+0200,49698.86,MW,FR,FR,actual_load,Actual Load,2026-07-30T23:05:32Z
2026-07-30T23:03:49Z,2026-07-31T01:03:49+0200,f07b8511-917b-4433-baac-8bd8534f48c3,2026-07-02T16:15:00Z,2026-07-02T18:15:00+0200,50027.29,MW,FR,FR,actual_load,Actual Load,2026-07-30T23:05:32Z
2026-07-30T23:03:49Z,2026-07-31T01:03:49+0200,f07b8511-917b-4433-baac-8bd8534f48c3,2026-07-02T16:30:00Z,2026-07-02T18:30:00+0200,50475.79,MW,FR,FR,actual_load,Actual Load,2026-07-30T23:05:32Z
2026-07-30T23:03:49Z,2026-07-31T01:03:49+0200,f07b8511-917b-4433-baac-8bd8534f48c3,2026-07-02T16:45:00Z,2026-07-02T18:45:00+0200,51260.53,MW,FR,FR,actual_load,Actual Load,2026-07-30T23:05:32Z
2026-07-30T23:03:49Z,2026-07-31T01:03:49+0200,f07b8511-917b-4433-baac-8bd8534f48c3,2026-07-02T17:00:00Z,2026-07-02T19:00:00+0200,51540.96,MW,FR,FR,actual_load,Actual Load,2026-07-30T23:05:32Z
2026-07-30T23:03:49Z,2026-07-31T01:03:49+0200,f07b8511-917b-4433-baac-8bd8534f48c3,2026-07-02T17:15:00Z,2026-07-02T19:15:00+0200,51286.3,MW,FR,FR,actual_load,Actual Load,2026-07-30T23:05:32Z
2026-07-30T23:03:49Z,2026-07-31T01:03:49+0200,f07b8511-917b-4433-baac-8bd8534f48c3,2026-07-02T17:30:00Z,2026-07-02T19:30:00+0200,51208.79,MW,FR,FR,actual_load,Actual Load,2026-07-30T23:05:32Z
2026-07-30T23:03:49Z,2026-07-31T01:03:49+0200,f07b8511-917b-4433-baac-8bd8534f48c3,2026-07-02T17:45:00Z,2026-07-02T19:45:00+0200,50731.74,MW,FR,FR,actual_load,Actual Load,2026-07-30T23:05:32Z
2026-07-30T23:03:49Z,2026-07-31T01:03:49+0200,f07b8511-917b-4433-baac-8bd8534f48c3,2026-07-02T18:00:00Z,2026-07-02T20:00:00+0200,50013.91,MW,FR,FR,actual_load,Actual Load,2026-07-30T23:05:32Z
2026-07-30T23:03:49Z,2026-07-31T01:03:49+0200,f07b8511-917b-4433-baac-8bd8534f48c3,2026-07-02T18:15:00Z,2026-07-02T20:15:00+0200,49412.66,MW,FR,FR,actual_load,Actual Load,2026-07-30T23:05:32Z
2026-07-30T23:03:49Z,2026-07-31T01:03:49+0200,f07b8511-917b-4433-baac-8bd8534f48c3,2026-07-02T18:30:00Z,2026-07-02T20:30:00+0200,48662.2,MW,FR,FR,actual_load,Actual Load,2026-07-30T23:05:32Z
2026-07-30T23:03:49Z,2026-07-31T01:03:49+0200,f07b8511-917b-4433-baac-8bd8534f48c3,2026-07-02T18:45:00Z,2026-07-02T20:45:00+0200,48064.93,MW,FR,FR,actual_load,Actual Load,2026-07-30T23:05:32Z
2026-07-30T23:03:49Z,2026-07-31T01:03:49+0200,f07b8511-917b-4433-baac-8bd8534f48c3,2026-07-02T19:00:00Z,2026-07-02T21:00:00+0200,47800.23,MW,FR,FR,actual_load,Actual Load,2026-07-30T23:05:32Z
2026-07-30T23:03:49Z,2026-07-31T01:03:49+0200,f07b8511-917b-4433-baac-8bd8534f48c3,2026-07-02T19:15:00Z,2026-07-02T21:15:00+0200,47375.45,MW,FR,FR,actual_load,Actual Load,2026-07-30T23:05:32Z
2026-07-30T23:03:49Z,2026-07-31T01:03:49+0200,f07b8511-917b-4433-baac-8bd8534f48c3,2026-07-02T19:30:00Z,2026-07-02T21:30:00+0200,47221.25,MW,FR,FR,actual_load,Actual Load,2026-07-30T23:05:32Z
2026-07-30T23:03:49Z,2026-07-31T01:03:49+0200,f07b8511-917b-4433-baac-8bd8534f48c3,2026-07-02T19:45:00Z,2026-07-02T21:45:00+0200,46935.48,MW,FR,FR,actual_load,Actual Load,2026-07-30T23:05:32Z
2026-07-30T23:03:49Z,2026-07-31T01:03:49+0200,f07b8511-917b-4433-baac-8bd8534f48c3,2026-07-02T20:00:00Z,2026-07-02T22:00:00+0200,48142.37,MW,FR,FR,actual_load,Actual Load,2026-07-30T23:05:32Z
2026-07-30T23:03:49Z,2026-07-31T01:03:49+0200,f07b8511-917b-4433-baac-8bd8534f48c3,2026-07-02T20:15:00Z,2026-07-02T22:15:00+0200,48225.44,MW,FR,FR,actual_load,Actual Load,2026-07-30T23:05:32Z
2026-07-30T23:03:49Z,2026-07-31T01:03:49+0200,f07b8511-917b-4433-baac-8bd8534f48c3,2026-07-02T20:30:00Z,2026-07-02T22:30:00+0200,49477.66,MW,FR,FR,actual_load,Actual Load,2026-07-30T23:05:32Z
2026-07-30T23:03:49Z,2026-07-31T01:03:49+0200,f07b8511-917b-4433-baac-8bd8534f48c3,2026-07-02T20:45:00Z,2026-07-02T22:45:00+0200,48986.61,MW,FR,FR,actual_load,Actual Load,2026-07-30T23:05:32Z
2026-07-30T23:03:49Z,2026-07-31T01:03:49+0200,f07b8511-917b-4433-baac-8bd8534f48c3,2026-07-02T21:00:00Z,2026-07-02T23:00:00+0200,48685.0,MW,FR,FR,actual_load,Actual Load,2026-07-30T23:05:32Z
2026-07-30T23:03:49Z,2026-07-31T01:03:49+0200,f07b8511-917b-4433-baac-8bd8534f48c3,2026-07-02T21:15:00Z,2026-07-02T23:15:00+0200,47595.96,MW,FR,FR,actual_load,Actual Load,2026-07-30T23:05:32Z
2026-07-30T23:03:49Z,2026-07-31T01:03:49+0200,f07b8511-917b-4433-baac-8bd8534f48c3,2026-07-02T21:30:00Z,2026-07-02T23:30:00+0200,47857.44,MW,FR,FR,actual_load,Actual Load,2026-07-30T23:05:32Z
2026-07-30T23:03:49Z,2026-07-31T01:03:49+0200,f07b8511-917b-4433-baac-8bd8534f48c3,2026-07-02T21:45:00Z,2026-07-02T23:45:00+0200,46541.33,MW,FR,FR,actual_load,Actual Load,2026-07-30T23:05:32Z
2026-07-30T23:03:49Z,2026-07-31T01:03:49+0200,f07b8511-917b-4433-baac-8bd8534f48c3,2026-07-02T22:00:00Z,2026-07-03T00:00:00+0200,46178.86,MW,FR,FR,actual_load,Actual Load,2026-07-30T23:05:32Z
2026-07-30T23:03:49Z,2026-07-31T01:03:49+0200,f07b8511-917b-4433-baac-8bd8534f48c3,2026-07-02T22:15:00Z,2026-07-03T00:15:00+0200,45274.43,MW,FR,FR,actual_load,Actual Load,2026-07-30T23:05:32Z
2026-07-30T23:03:49Z,2026-07-31T01:03:49+0200,f07b8511-917b-4433-baac-8bd8534f48c3,2026-07-02T22:30:00Z,2026-07-03T00:30:00+0200,43817.6,MW,FR,FR,actual_load,Actual Load,2026-07-30T23:05:32Z
2026-07-30T23:03:49Z,2026-07-31T01:03:49+0200,f07b8511-917b-4433-baac-8bd8534f48c3,2026-07-02T22:45:00Z,2026-07-03T00:45:00+0200,42827.85,MW,FR,FR,actual_load,Actual Load,2026-07-30T23:05:32Z
2026-07-30T23:03:49Z,2026-07-31T01:03:49+0200,f07b8511-917b-4433-baac-8bd8534f48c3,2026-07-02T23:00:00Z,2026-07-03T01:00:00+0200,43185.73,MW,FR,FR,actual_load,Actual Load,2026-07-30T23:05:32Z
2026-07-30T23:03:49Z,2026-07-31T01:03:49+0200,f07b8511-917b-4433-baac-8bd8534f48c3,2026-07-02T23:15:00Z,2026-07-03T01:15:00+0200,42646.47,MW,FR,FR,actual_load,Actual Load,2026-07-30T23:05:32Z
2026-07-30T23:03:49Z,2026-07-31T01:03:49+0200,f07b8511-917b-4433-baac-8bd8534f48c3,2026-07-02T23:30:00Z,2026-07-03T01:30:00+0200,42468.39,MW,FR,FR,actual_load,Actual Load,2026-07-30T23:05:32Z
2026-07-30T23:03:49Z,2026-07-31T01:03:49+0200,f07b8511-917b-4433-baac-8bd8534f48c3,2026-07-02T23:45:00Z,2026-07-03T01:45:00+0200,41723.16,MW,FR,FR,actual_load,Actual Load,2026-07-30T23:05:32Z
2026-07-30T23:03:49Z,2026-07-31T01:03:49+0200,f07b8511-917b-4433-baac-8bd8534f48c3,2026-07-03T00:00:00Z,2026-07-03T02:00:00+0200,41370.26,MW,FR,FR,actual_load,Actual Load,2026-07-30T23:05:32Z
2026-07-30T23:03:49Z,2026-07-31T01:03:49+0200,f07b8511-917b-4433-baac-8bd8534f48c3,2026-07-03T00:15:00Z,2026-07-03T02:15:00+0200,40510.32,MW,FR,FR,actual_load,Actual Load,2026-07-30T23:05:32Z
2026-07-30T23:03:49Z,2026-07-31T01:03:49+0200,f07b8511-917b-4433-baac-8bd8534f48c3,2026-07-03T00:30:00Z,2026-07-03T02:30:00+0200,39789.55,MW,FR,FR,actual_load,Actual Load,2026-07-30T23:05:32Z
2026-07-30T23:03:49Z,2026-07-31T01:03:49+0200,f07b8511-917b-4433-baac-8bd8534f48c3,2026-07-03T00:45:00Z,2026-07-03T02:45:00+0200,39264.99,MW,FR,FR,actual_load,Actual Load,2026-07-30T23:05:32Z
2026-07-30T23:03:49Z,2026-07-31T01:03:49+0200,f07b8511-917b-4433-baac-8bd8534f48c3,2026-07-03T01:00:00Z,2026-07-03T03:00:00+0200,38830.99,MW,FR,FR,actual_load,Actual Load,2026-07-30T23:05:32Z
2026-07-30T23:03:49Z,2026-07-31T01:03:49+0200,f07b8511-917b-4433-baac-8bd8534f48c3,2026-07-03T01:15:00Z,2026-07-03T03:15:00+0200,38533.14,MW,FR,FR,actual_load,Actual Load,2026-07-30T23:05:32Z
2026-07-30T23:03:49Z,2026-07-31T01:03:49+0200,f07b8511-917b-4433-baac-8bd8534f48c3,2026-07-03T01:30:00Z,2026-07-03T03:30:00+0200,38356.22,MW,FR,FR,actual_load,Actual Load,2026-07-30T23:05:32Z
2026-07-30T23:03:49Z,2026-07-31T01:03:49+0200,f07b8511-917b-4433-baac-8bd8534f48c3,2026-07-03T01:45:00Z,2026-07-03T03:45:00+0200,38100.67,MW,FR,FR,actual_load,Actual Load,2026-07-30T23:05:32Z
2026-07-30T23:03:49Z,2026-07-31T01:03:49+0200,f07b8511-917b-4433-baac-8bd8534f48c3,2026-07-03T02:00:00Z,2026-07-03T04:00:00+0200,38199.13,MW,FR,FR,actual_load,Actual Load,2026-07-30T23:05:32Z
2026-07-30T23:03:49Z,2026-07-31T01:03:49+0200,f07b8511-917b-4433-baac-8bd8534f48c3,2026-07-03T02:15:00Z,2026-07-03T04:15:00+0200,38134.39,MW,FR,FR,actual_load,Actual Load,2026-07-30T23:05:32Z
2026-07-30T23:03:49Z,2026-07-31T01:03:49+0200,f07b8511-917b-4433-baac-8bd8534f48c3,2026-07-03T02:30:00Z,2026-07-03T04:30:00+0200,38182.15,MW,FR,FR,actual_load,Actual Load,2026-07-30T23:05:32Z
2026-07-30T23:03:49Z,2026-07-31T01:03:49+0200,f07b8511-917b-4433-baac-8bd8534f48c3,2026-07-03T02:45:00Z,2026-07-03T04:45:00+0200,38290.94,MW,FR,FR,actual_load,Actual Load,2026-07-30T23:05:32Z
2026-07-30T23:03:49Z,2026-07-31T01:03:49+0200,f07b8511-917b-4433-baac-8bd8534f48c3,2026-07-03T03:00:00Z,2026-07-03T05:00:00+0200,39002.43,MW,FR,FR,actual_load,Actual Load,2026-07-30T23:05:32Z
2026-07-30T23:03:49Z,2026-07-31T01:03:49+0200,f07b8511-917b-4433-baac-8bd8534f48c3,2026-07-03T03:15:00Z,2026-07-03T05:15:00+0200,39504.18,MW,FR,FR,actual_load,Actual Load,2026-07-30T23:05:32Z
2026-07-30T23:03:49Z,2026-07-31T01:03:49+0200,f07b8511-917b-4433-baac-8bd8534f48c3,2026-07-03T03:30:00Z,2026-07-03T05:30:00+0200,39738.46,MW,FR,FR,actual_load,Actual Load,2026-07-30T23:05:32Z
2026-07-30T23:03:49Z,2026-07-31T01:03:49+0200,f07b8511-917b-4433-baac-8bd8534f48c3,2026-07-03T03:45:00Z,2026-07-03T05:45:00+0200,40035.8,MW,FR,FR,actual_load,Actual Load,2026-07-30T23:05:32Z
2026-07-30T23:03:49Z,2026-07-31T01:03:49+0200,f07b8511-917b-4433-baac-8bd8534f48c3,2026-07-03T04:00:00Z,2026-07-03T06:00:00+0200,40947.24,MW,FR,FR,actual_load,Actual Load,2026-07-30T23:05:32Z
2026-07-30T23:03:49Z,2026-07-31T01:03:49+0200,f07b8511-917b-4433-baac-8bd8534f48c3,2026-07-03T04:15:00Z,2026-07-03T06:15:00+0200,41509.34,MW,FR,FR,actual_load,Actual Load,2026-07-30T23:05:32Z
2026-07-30T23:03:49Z,2026-07-31T01:03:49+0200,f07b8511-917b-4433-baac-8bd8534f48c3,2026-07-03T04:30:00Z,2026-07-03T06:30:00+0200,42188.42,MW,FR,FR,actual_load,Actual Load,2026-07-30T23:05:32Z
2026-07-30T23:03:49Z,2026-07-31T01:03:49+0200,f07b8511-917b-4433-baac-8bd8534f48c3,2026-07-03T04:45:00Z,2026-07-03T06:45:00+0200,42901.4,MW,FR,FR,actual_load,Actual Load,2026-07-30T23:05:32Z
2026-07-30T23:03:49Z,2026-07-31T01:03:49+0200,f07b8511-917b-4433-baac-8bd8534f48c3,2026-07-03T05:00:00Z,2026-07-03T07:00:00+0200,43700.95,MW,FR,FR,actual_load,Actual Load,2026-07-30T23:05:32Z
2026-07-30T23:03:49Z,2026-07-31T01:03:49+0200,f07b8511-917b-4433-baac-8bd8534f48c3,2026-07-03T05:15:00Z,2026-07-03T07:15:00+0200,44561.49,MW,FR,FR,actual_load,Actual Load,2026-07-30T23:05:32Z
2026-07-30T23:03:49Z,2026-07-31T01:03:49+0200,f07b8511-917b-4433-baac-8bd8534f48c3,2026-07-03T05:30:00Z,2026-07-03T07:30:00+0200,45172.64,MW,FR,FR,actual_load,Actual Load,2026-07-30T23:05:32Z
2026-07-30T23:03:49Z,2026-07-31T01:03:49+0200,f07b8511-917b-4433-baac-8bd8534f48c3,2026-07-03T05:45:00Z,2026-07-03T07:45:00+0200,45927.86,MW,FR,FR,actual_load,Actual Load,2026-07-30T23:05:32Z
2026-07-30T23:03:49Z,2026-07-31T01:03:49+0200,f07b8511-917b-4433-baac-8bd8534f48c3,2026-07-03T06:00:00Z,2026-07-03T08:00:00+0200,46417.33,MW,FR,FR,actual_load,Actual Load,2026-07-30T23:05:32Z
2026-07-30T23:03:49Z,2026-07-31T01:03:49+0200,f07b8511-917b-4433-baac-8bd8534f48c3,2026-07-03T06:15:00Z,2026-07-03T08:15:00+0200,46881.47,MW,FR,FR,actual_load,Actual Load,2026-07-30T23:05:32Z
2026-07-30T23:03:49Z,2026-07-31T01:03:49+0200,f07b8511-917b-4433-baac-8bd8534f48c3,2026-07-03T06:30:00Z,2026-07-03T08:30:00+0200,47268.19,MW,FR,FR,actual_load,Actual Load,2026-07-30T23:05:32Z
2026-07-30T23:03:49Z,2026-07-31T01:03:49+0200,f07b8511-917b-4433-baac-8bd8534f48c3,2026-07-03T06:45:00Z,2026-07-03T08:45:00+0200,47839.56,MW,FR,FR,actual_load,Actual Load,2026-07-30T23:05:32Z
2026-07-30T23:03:49Z,2026-07-31T01:03:49+0200,f07b8511-917b-4433-baac-8bd8534f48c3,2026-07-03T07:00:00Z,2026-07-03T09:00:00+0200,48281.95,MW,FR,FR,actual_load,Actual Load,2026-07-30T23:05:32Z
2026-07-30T23:03:49Z,2026-07-31T01:03:49+0200,f07b8511-917b-4433-baac-8bd8534f48c3,2026-07-03T07:15:00Z,2026-07-03T09:15:00+0200,48580.16,MW,FR,FR,actual_load,Actual Load,2026-07-30T23:05:32Z
2026-07-30T23:03:49Z,2026-07-31T01:03:49+0200,f07b8511-917b-4433-baac-8bd8534f48c3,2026-07-03T07:30:00Z,2026-07-03T09:30:00+0200,48907.9,MW,FR,FR,actual_load,Actual Load,2026-07-30T23:05:32Z
2026-07-30T23:03:49Z,2026-07-31T01:03:49+0200,f07b8511-917b-4433-baac-8bd8534f48c3,2026-07-03T07:45:00Z,2026-07-03T09:45:00+0200,49082.45,MW,FR,FR,actual_load,Actual Load,2026-07-30T23:05:32Z
2026-07-30T23:03:49Z,2026-07-31T01:03:49+0200,f07b8511-917b-4433-baac-8bd8534f48c3,2026-07-03T08:00:00Z,2026-07-03T10:00:00+0200,49513.87,MW,FR,FR,actual_load,Actual Load,2026-07-30T23:05:32Z
2026-07-30T23:03:49Z,2026-07-31T01:03:49+0200,f07b8511-917b-4433-baac-8bd8534f48c3,2026-07-03T08:15:00Z,2026-07-03T10:15:00+0200,49854.87,MW,FR,FR,actual_load,Actual Load,2026-07-30T23:05:32Z
2026-07-30T23:03:49Z,2026-07-31T01:03:49+0200,f07b8511-917b-4433-baac-8bd8534f48c3,2026-07-03T08:30:00Z,2026-07-03T10:30:00+0200,50015.99,MW,FR,FR,actual_load,Actual Load,2026-07-30T23:05:32Z
2026-07-30T23:03:49Z,2026-07-31T01:03:49+0200,f07b8511-917b-4433-baac-8bd8534f48c3,2026-07-03T08:45:00Z,2026-07-03T10:45:00+0200,50000.84,MW,FR,FR,actual_load,Actual Load,2026-07-30T23:05:32Z
2026-07-30T23:03:49Z,2026-07-31T01:03:49+0200,f07b8511-917b-4433-baac-8bd8534f48c3,2026-07-03T09:00:00Z,2026-07-03T11:00:00+0200,50545.81,MW,FR,FR,actual_load,Actual Load,2026-07-30T23:05:32Z
2026-07-30T23:03:49Z,2026-07-31T01:03:49+0200,f07b8511-917b-4433-baac-8bd8534f48c3,2026-07-03T09:15:00Z,2026-07-03T11:15:00+0200,51358.49,MW,FR,FR,actual_load,Actual Load,2026-07-30T23:05:32Z
2026-07-30T23:03:49Z,2026-07-31T01:03:49+0200,f07b8511-917b-4433-baac-8bd8534f48c3,2026-07-03T09:30:00Z,2026-07-03T11:30:00+0200,51602.85,MW,FR,FR,actual_load,Actual Load,2026-07-30T23:05:32Z
2026-07-30T23:03:49Z,2026-07-31T01:03:49+0200,f07b8511-917b-4433-baac-8bd8534f48c3,2026-07-03T09:45:00Z,2026-07-03T11:45:00+0200,50801.22,MW,FR,FR,actual_load,Actual Load,2026-07-30T23:05:32Z
2026-07-30T23:03:49Z,2026-07-31T01:03:49+0200,f07b8511-917b-4433-baac-8bd8534f48c3,2026-07-03T10:00:00Z,2026-07-03T12:00:00+0200,51485.02,MW,FR,FR,actual_load,Actual Load,2026-07-30T23:05:32Z
2026-07-30T23:03:49Z,2026-07-31T01:03:49+0200,f07b8511-917b-4433-baac-8bd8534f48c3,2026-07-03T10:15:00Z,2026-07-03T12:15:00+0200,51624.32,MW,FR,FR,actual_load,Actual Load,2026-07-30T23:05:32Z
2026-07-30T23:03:49Z,2026-07-31T01:03:49+0200,f07b8511-917b-4433-baac-8bd8534f48c3,2026-07-03T10:30:00Z,2026-07-03T12:30:00+0200,52079.48,MW,FR,FR,actual_load,Actual Load,2026-07-30T23:05:32Z
2026-07-30T23:03:49Z,2026-07-31T01:03:49+0200,f07b8511-917b-4433-baac-8bd8534f48c3,2026-07-03T10:45:00Z,2026-07-03T12:45:00+0200,51522.39,MW,FR,FR,actual_load,Actual Load,2026-07-30T23:05:32Z
2026-07-30T23:03:49Z,2026-07-31T01:03:49+0200,f07b8511-917b-4433-baac-8bd8534f48c3,2026-07-03T11:00:00Z,2026-07-03T13:00:00+0200,51928.73,MW,FR,FR,actual_load,Actual Load,2026-07-30T23:05:32Z
2026-07-30T23:03:49Z,2026-07-31T01:03:49+0200,f07b8511-917b-4433-baac-8bd8534f48c3,2026-07-03T11:15:00Z,2026-07-03T13:15:00+0200,51013.46,MW,FR,FR,actual_load,Actual Load,2026-07-30T23:05:32Z
2026-07-30T23:03:49Z,2026-07-31T01:03:49+0200,f07b8511-917b-4433-baac-8bd8534f48c3,2026-07-03T11:30:00Z,2026-07-03T13:30:00+0200,50690.71,MW,FR,FR,actual_load,Actual Load,2026-07-30T23:05:32Z
2026-07-30T23:03:49Z,2026-07-31T01:03:49+0200,f07b8511-917b-4433-baac-8bd8534f48c3,2026-07-03T11:45:00Z,2026-07-03T13:45:00+0200,50565.04,MW,FR,FR,actual_load,Actual Load,2026-07-30T23:05:32Z
2026-07-30T23:03:49Z,2026-07-31T01:03:49+0200,f07b8511-917b-4433-baac-8bd8534f48c3,2026-07-03T12:00:00Z,2026-07-03T14:00:00+0200,51772.52,MW,FR,FR,actual_load,Actual Load,2026-07-30T23:05:32Z
2026-07-30T23:03:49Z,2026-07-31T01:03:49+0200,f07b8511-917b-4433-baac-8bd8534f48c3,2026-07-03T12:15:00Z,2026-07-03T14:15:00+0200,51599.35,MW,FR,FR,actual_load,Actual Load,2026-07-30T23:05:32Z
2026-07-30T23:03:49Z,2026-07-31T01:03:49+0200,f07b8511-917b-4433-baac-8bd8534f48c3,2026-07-03T12:30:00Z,2026-07-03T14:30:00+0200,51657.81,MW,FR,FR,actual_load,Actual Load,2026-07-30T23:05:32Z
2026-07-30T23:03:49Z,2026-07-31T01:03:49+0200,f07b8511-917b-4433-baac-8bd8534f48c3,2026-07-03T12:45:00Z,2026-07-03T14:45:00+0200,51224.04,MW,FR,FR,actual_load,Actual Load,2026-07-30T23:05:32Z
2026-07-30T23:03:49Z,2026-07-31T01:03:49+0200,f07b8511-917b-4433-baac-8bd8534f48c3,2026-07-03T13:00:00Z,2026-07-03T15:00:00+0200,50777.89,MW,FR,FR,actual_load,Actual Load,2026-07-30T23:05:32Z
2026-07-30T23:03:49Z,2026-07-31T01:03:49+0200,f07b8511-917b-4433-baac-8bd8534f48c3,2026-07-03T13:15:00Z,2026-07-03T15:15:00+0200,50261.42,MW,FR,FR,actual_load,Actual Load,2026-07-30T23:05:32Z
2026-07-30T23:03:49Z,2026-07-31T01:03:49+0200,f07b8511-917b-4433-baac-8bd8534f48c3,2026-07-03T13:30:00Z,2026-07-03T15:30:00+0200,50004.82,MW,FR,FR,actual_load,Actual Load,2026-07-30T23:05:32Z
2026-07-30T23:03:49Z,2026-07-31T01:03:49+0200,f07b8511-917b-4433-baac-8bd8534f48c3,2026-07-03T13:45:00Z,2026-07-03T15:45:00+0200,49641.68,MW,FR,FR,actual_load,Actual Load,2026-07-30T23:05:32Z
2026-07-30T23:03:49Z,2026-07-31T01:03:49+0200,f07b8511-917b-4433-baac-8bd8534f48c3,2026-07-03T14:00:00Z,2026-07-03T16:00:00+0200,49576.98,MW,FR,FR,actual_load,Actual Load,2026-07-30T23:05:32Z
2026-07-30T23:03:49Z,2026-07-31T01:03:49+0200,f07b8511-917b-4433-baac-8bd8534f48c3,2026-07-03T14:15:00Z,2026-07-03T16:15:00+0200,49125.11,MW,FR,FR,actual_load,Actual Load,2026-07-30T23:05:32Z
2026-07-30T23:03:49Z,2026-07-31T01:03:49+0200,f07b8511-917b-4433-baac-8bd8534f48c3,2026-07-03T14:30:00Z,2026-07-03T16:30:00+0200,49145.04,MW,FR,FR,actual_load,Actual Load,2026-07-30T23:05:32Z
2026-07-30T23:03:49Z,2026-07-31T01:03:49+0200,f07b8511-917b-4433-baac-8bd8534f48c3,2026-07-03T14:45:00Z,2026-07-03T16:45:00+0200,49185.1,MW,FR,FR,actual_load,Actual Load,2026-07-30T23:05:32Z
2026-07-30T23:03:49Z,2026-07-31T01:03:49+0200,f07b8511-917b-4433-baac-8bd8534f48c3,2026-07-03T15:00:00Z,2026-07-03T17:00:00+0200,49098.81,MW,FR,FR,actual_load,Actual Load,2026-07-30T23:05:32Z
2026-07-30T23:03:49Z,2026-07-31T01:03:49+0200,f07b8511-917b-4433-baac-8bd8534f48c3,2026-07-03T15:15:00Z,2026-07-03T17:15:00+0200,49137.93,MW,FR,FR,actual_load,Actual Load,2026-07-30T23:05:32Z
2026-07-30T23:03:49Z,2026-07-31T01:03:49+0200,f07b8511-917b-4433-baac-8bd8534f48c3,2026-07-03T15:30:00Z,2026-07-03T17:30:00+0200,49393.96,MW,FR,FR,actual_load,Actual Load,2026-07-30T23:05:32Z
2026-07-30T23:03:49Z,2026-07-31T01:03:49+0200,f07b8511-917b-4433-baac-8bd8534f48c3,2026-07-03T15:45:00Z,2026-07-03T17:45:00+0200,49784.74,MW,FR,FR,actual_load,Actual Load,2026-07-30T23:05:32Z
2026-07-30T23:03:49Z,2026-07-31T01:03:49+0200,f07b8511-917b-4433-baac-8bd8534f48c3,2026-07-03T16:00:00Z,2026-07-03T18:00:00+0200,50075.66,MW,FR,FR,actual_load,Actual Load,2026-07-30T23:05:32Z
2026-07-30T23:03:49Z,2026-07-31T01:03:49+0200,f07b8511-917b-4433-baac-8bd8534f48c3,2026-07-03T16:15:00Z,2026-07-03T18:15:00+0200,50126.05,MW,FR,FR,actual_load,Actual Load,2026-07-30T23:05:32Z
2026-07-30T23:03:49Z,2026-07-31T01:03:49+0200,f07b8511-917b-4433-baac-8bd8534f48c3,2026-07-03T16:30:00Z,2026-07-03T18:30:00+0200,50180.93,MW,FR,FR,actual_load,Actual Load,2026-07-30T23:05:32Z
2026-07-30T23:03:49Z,2026-07-31T01:03:49+0200,f07b8511-917b-4433-baac-8bd8534f48c3,2026-07-03T16:45:00Z,2026-07-03T18:45:00+0200,50616.84,MW,FR,FR,actual_load,Actual Load,2026-07-30T23:05:32Z
2026-07-30T23:03:49Z,2026-07-31T01:03:49+0200,f07b8511-917b-4433-baac-8bd8534f48c3,2026-07-03T17:00:00Z,2026-07-03T19:00:00+0200,50587.72,MW,FR,FR,actual_load,Actual Load,2026-07-30T23:05:32Z
2026-07-30T23:03:49Z,2026-07-31T01:03:49+0200,f07b8511-917b-4433-baac-8bd8534f48c3,2026-07-03T17:15:00Z,2026-07-03T19:15:00+0200,50529.61,MW,FR,FR,actual_load,Actual Load,2026-07-30T23:05:32Z
2026-07-30T23:03:49Z,2026-07-31T01:03:49+0200,f07b8511-917b-4433-baac-8bd8534f48c3,2026-07-03T17:30:00Z,2026-07-03T19:30:00+0200,50062.78,MW,FR,FR,actual_load,Actual Load,2026-07-30T23:05:32Z
2026-07-30T23:03:49Z,2026-07-31T01:03:49+0200,f07b8511-917b-4433-baac-8bd8534f48c3,2026-07-03T17:45:00Z,2026-07-03T19:45:00+0200,49932.0,MW,FR,FR,actual_load,Actual Load,2026-07-30T23:05:32Z
2026-07-30T23:03:49Z,2026-07-31T01:03:49+0200,f07b8511-917b-4433-baac-8bd8534f48c3,2026-07-03T18:00:00Z,2026-07-03T20:00:00+0200,49368.08,MW,FR,FR,actual_load,Actual Load,2026-07-30T23:05:32Z
2026-07-30T23:03:49Z,2026-07-31T01:03:49+0200,f07b8511-917b-4433-baac-8bd8534f48c3,2026-07-03T18:15:00Z,2026-07-03T20:15:00+0200,48693.7,MW,FR,FR,actual_load,Actual Load,2026-07-30T23:05:32Z
2026-07-30T23:03:49Z,2026-07-31T01:03:49+0200,f07b8511-917b-4433-baac-8bd8534f48c3,2026-07-03T18:30:00Z,2026-07-03T20:30:00+0200,48008.54,MW,FR,FR,actual_load,Actual Load,2026-07-30T23:05:32Z
2026-07-30T23:03:49Z,2026-07-31T01:03:49+0200,f07b8511-917b-4433-baac-8bd8534f48c3,2026-07-03T18:45:00Z,2026-07-03T20:45:00+0200,47525.26,MW,FR,FR,actual_load,Actual Load,2026-07-30T23:05:32Z
2026-07-30T23:03:49Z,2026-07-31T01:03:49+0200,f07b8511-917b-4433-baac-8bd8534f48c3,2026-07-03T19:00:00Z,2026-07-03T21:00:00+0200,47405.1,MW,FR,FR,actual_load,Actual Load,2026-07-30T23:05:32Z
2026-07-30T23:03:49Z,2026-07-31T01:03:49+0200,f07b8511-917b-4433-baac-8bd8534f48c3,2026-07-03T19:15:00Z,2026-07-03T21:15:00+0200,46834.22,MW,FR,FR,actual_load,Actual Load,2026-07-30T23:05:32Z
2026-07-30T23:03:49Z,2026-07-31T01:03:49+0200,f07b8511-917b-4433-baac-8bd8534f48c3,2026-07-03T19:30:00Z,2026-07-03T21:30:00+0200,46738.38,MW,FR,FR,actual_load,Actual Load,2026-07-30T23:05:32Z
2026-07-30T23:03:49Z,2026-07-31T01:03:49+0200,f07b8511-917b-4433-baac-8bd8534f48c3,2026-07-03T19:45:00Z,2026-07-03T21:45:00+0200,46339.14,MW,FR,FR,actual_load,Actual Load,2026-07-30T23:05:32Z
2026-07-30T23:03:49Z,2026-07-31T01:03:49+0200,f07b8511-917b-4433-baac-8bd8534f48c3,2026-07-03T20:00:00Z,2026-07-03T22:00:00+0200,47711.8,MW,FR,FR,actual_load,Actual Load,2026-07-30T23:05:32Z
2026-07-30T23:03:49Z,2026-07-31T01:03:49+0200,f07b8511-917b-4433-baac-8bd8534f48c3,2026-07-03T20:15:00Z,2026-07-03T22:15:00+0200,47614.3,MW,FR,FR,actual_load,Actual Load,2026-07-30T23:05:32Z
2026-07-30T23:03:49Z,2026-07-31T01:03:49+0200,f07b8511-917b-4433-baac-8bd8534f48c3,2026-07-03T20:30:00Z,2026-07-03T22:30:00+0200,49011.39,MW,FR,FR,actual_load,Actual Load,2026-07-30T23:05:32Z
2026-07-30T23:03:49Z,2026-07-31T01:03:49+0200,f07b8511-917b-4433-baac-8bd8534f48c3,2026-07-03T20:45:00Z,2026-07-03T22:45:00+0200,48315.68,MW,FR,FR,actual_load,Actual Load,2026-07-30T23:05:32Z
2026-07-30T23:03:49Z,2026-07-31T01:03:49+0200,f07b8511-917b-4433-baac-8bd8534f48c3,2026-07-03T21:00:00Z,2026-07-03T23:00:00+0200,48060.35,MW,FR,FR,actual_load,Actual Load,2026-07-30T23:05:32Z
2026-07-30T23:03:49Z,2026-07-31T01:03:49+0200,f07b8511-917b-4433-baac-8bd8534f48c3,2026-07-03T21:15:00Z,2026-07-03T23:15:00+0200,47127.03,MW,FR,FR,actual_load,Actual Load,2026-07-30T23:05:32Z
2026-07-30T23:03:49Z,2026-07-31T01:03:49+0200,f07b8511-917b-4433-baac-8bd8534f48c3,2026-07-03T21:30:00Z,2026-07-03T23:30:00+0200,47276.82,MW,FR,FR,actual_load,Actual Load,2026-07-30T23:05:32Z
2026-07-30T23:03:49Z,2026-07-31T01:03:49+0200,f07b8511-917b-4433-baac-8bd8534f48c3,2026-07-03T21:45:00Z,2026-07-03T23:45:00+0200,46056.99,MW,FR,FR,actual_load,Actual Load,2026-07-30T23:05:32Z
2026-07-30T23:03:49Z,2026-07-31T01:03:49+0200,f07b8511-917b-4433-baac-8bd8534f48c3,2026-07-03T22:00:00Z,2026-07-04T00:00:00+0200,45889.25,MW,FR,FR,actual_load,Actual Load,2026-07-30T23:05:32Z
2026-07-30T23:03:49Z,2026-07-31T01:03:49+0200,f07b8511-917b-4433-baac-8bd8534f48c3,2026-07-03T22:15:00Z,2026-07-04T00:15:00+0200,44795.49,MW,FR,FR,actual_load,Actual Load,2026-07-30T23:05:32Z
2026-07-30T23:03:49Z,2026-07-31T01:03:49+0200,f07b8511-917b-4433-baac-8bd8534f48c3,2026-07-03T22:30:00Z,2026-07-04T00:30:00+0200,43329.31,MW,FR,FR,actual_load,Actual Load,2026-07-30T23:05:32Z
2026-07-30T23:03:49Z,2026-07-31T01:03:49+0200,f07b8511-917b-4433-baac-8bd8534f48c3,2026-07-03T22:45:00Z,2026-07-04T00:45:00+0200,42327.92,MW,FR,FR,actual_load,Actual Load,2026-07-30T23:05:32Z
2026-07-30T23:03:49Z,2026-07-31T01:03:49+0200,f07b8511-917b-4433-baac-8bd8534f48c3,2026-07-03T23:00:00Z,2026-07-04T01:00:00+0200,42542.05,MW,FR,FR,actual_load,Actual Load,2026-07-30T23:05:32Z
2026-07-30T23:03:49Z,2026-07-31T01:03:49+0200,f07b8511-917b-4433-baac-8bd8534f48c3,2026-07-03T23:15:00Z,2026-07-04T01:15:00+0200,41865.17,MW,FR,FR,actual_load,Actual Load,2026-07-30T23:05:32Z
2026-07-30T23:03:49Z,2026-07-31T01:03:49+0200,f07b8511-917b-4433-baac-8bd8534f48c3,2026-07-03T23:30:00Z,2026-07-04T01:30:00+0200,41641.87,MW,FR,FR,actual_load,Actual Load,2026-07-30T23:05:32Z
2026-07-30T23:03:49Z,2026-07-31T01:03:49+0200,f07b8511-917b-4433-baac-8bd8534f48c3,2026-07-03T23:45:00Z,2026-07-04T01:45:00+0200,40662.16,MW,FR,FR,actual_load,Actual Load,2026-07-30T23:05:32Z
2026-07-30T23:03:49Z,2026-07-31T01:03:49+0200,f07b8511-917b-4433-baac-8bd8534f48c3,2026-07-04T00:00:00Z,2026-07-04T02:00:00+0200,40331.9,MW,FR,FR,actual_load,Actual Load,2026-07-30T23:05:32Z
2026-07-30T23:03:49Z,2026-07-31T01:03:49+0200,f07b8511-917b-4433-baac-8bd8534f48c3,2026-07-04T00:15:00Z,2026-07-04T02:15:00+0200,39421.25,MW,FR,FR,actual_load,Actual Load,2026-07-30T23:05:32Z
2026-07-30T23:03:49Z,2026-07-31T01:03:49+0200,f07b8511-917b-4433-baac-8bd8534f48c3,2026-07-04T00:30:00Z,2026-07-04T02:30:00+0200,38515.72,MW,FR,FR,actual_load,Actual Load,2026-07-30T23:05:32Z
2026-07-30T23:03:49Z,2026-07-31T01:03:49+0200,f07b8511-917b-4433-baac-8bd8534f48c3,2026-07-04T00:45:00Z,2026-07-04T02:45:00+0200,37920.33,MW,FR,FR,actual_load,Actual Load,2026-07-30T23:05:32Z
2026-07-30T23:03:49Z,2026-07-31T01:03:49+0200,f07b8511-917b-4433-baac-8bd8534f48c3,2026-07-04T01:00:00Z,2026-07-04T03:00:00+0200,37468.02,MW,FR,FR,actual_load,Actual Load,2026-07-30T23:05:32Z
2026-07-30T23:03:49Z,2026-07-31T01:03:49+0200,f07b8511-917b-4433-baac-8bd8534f48c3,2026-07-04T01:15:00Z,2026-07-04T03:15:00+0200,36948.86,MW,FR,FR,actual_load,Actual Load,2026-07-30T23:05:32Z
2026-07-30T23:03:49Z,2026-07-31T01:03:49+0200,f07b8511-917b-4433-baac-8bd8534f48c3,2026-07-04T01:30:00Z,2026-07-04T03:30:00+0200,36738.59,MW,FR,FR,actual_load,Actual Load,2026-07-30T23:05:32Z
2026-07-30T23:03:49Z,2026-07-31T01:03:49+0200,f07b8511-917b-4433-baac-8bd8534f48c3,2026-07-04T01:45:00Z,2026-07-04T03:45:00+0200,36515.08,MW,FR,FR,actual_load,Actual Load,2026-07-30T23:05:32Z
2026-07-30T23:03:49Z,2026-07-31T01:03:49+0200,f07b8511-917b-4433-baac-8bd8534f48c3,2026-07-04T02:00:00Z,2026-07-04T04:00:00+0200,36257.04,MW,FR,FR,actual_load,Actual Load,2026-07-30T23:05:32Z
2026-07-30T23:03:49Z,2026-07-31T01:03:49+0200,f07b8511-917b-4433-baac-8bd8534f48c3,2026-07-04T02:15:00Z,2026-07-04T04:15:00+0200,36015.51,MW,FR,FR,actual_load,Actual Load,2026-07-30T23:05:32Z
2026-07-30T23:03:49Z,2026-07-31T01:03:49+0200,f07b8511-917b-4433-baac-8bd8534f48c3,2026-07-04T02:30:00Z,2026-07-04T04:30:00+0200,35866.99,MW,FR,FR,actual_load,Actual Load,2026-07-30T23:05:32Z
2026-07-30T23:03:49Z,2026-07-31T01:03:49+0200,f07b8511-917b-4433-baac-8bd8534f48c3,2026-07-04T02:45:00Z,2026-07-04T04:45:00+0200,35728.66,MW,FR,FR,actual_load,Actual Load,2026-07-30T23:05:32Z
2026-07-30T23:03:49Z,2026-07-31T01:03:49+0200,f07b8511-917b-4433-baac-8bd8534f48c3,2026-07-04T03:00:00Z,2026-07-04T05:00:00+0200,35981.02,MW,FR,FR,actual_load,Actual Load,2026-07-30T23:05:32Z
2026-07-30T23:03:49Z,2026-07-31T01:03:49+0200,f07b8511-917b-4433-baac-8bd8534f48c3,2026-07-04T03:15:00Z,2026-07-04T05:15:00+0200,35917.89,MW,FR,FR,actual_load,Actual Load,2026-07-30T23:05:32Z
2026-07-30T23:03:49Z,2026-07-31T01:03:49+0200,f07b8511-917b-4433-baac-8bd8534f48c3,2026-07-04T03:30:00Z,2026-07-04T05:30:00+0200,35828.61,MW,FR,FR,actual_load,Actual Load,2026-07-30T23:05:32Z
2026-07-30T23:03:49Z,2026-07-31T01:03:49+0200,f07b8511-917b-4433-baac-8bd8534f48c3,2026-07-04T03:45:00Z,2026-07-04T05:45:00+0200,35784.49,MW,FR,FR,actual_load,Actual Load,2026-07-30T23:05:32Z
2026-07-30T23:03:49Z,2026-07-31T01:03:49+0200,f07b8511-917b-4433-baac-8bd8534f48c3,2026-07-04T04:00:00Z,2026-07-04T06:00:00+0200,35869.85,MW,FR,FR,actual_load,Actual Load,2026-07-30T23:05:32Z
2026-07-30T23:03:49Z,2026-07-31T01:03:49+0200,f07b8511-917b-4433-baac-8bd8534f48c3,2026-07-04T04:15:00Z,2026-07-04T06:15:00+0200,35865.41,MW,FR,FR,actual_load,Actual Load,2026-07-30T23:05:32Z
2026-07-30T23:03:49Z,2026-07-31T01:03:49+0200,f07b8511-917b-4433-baac-8bd8534f48c3,2026-07-04T04:30:00Z,2026-07-04T06:30:00+0200,35906.59,MW,FR,FR,actual_load,Actual Load,2026-07-30T23:05:32Z
2026-07-30T23:03:49Z,2026-07-31T01:03:49+0200,f07b8511-917b-4433-baac-8bd8534f48c3,2026-07-04T04:45:00Z,2026-07-04T06:45:00+0200,36076.82,MW,FR,FR,actual_load,Actual Load,2026-07-30T23:05:32Z
2026-07-30T23:03:49Z,2026-07-31T01:03:49+0200,f07b8511-917b-4433-baac-8bd8534f48c3,2026-07-04T05:00:00Z,2026-07-04T07:00:00+0200,36246.75,MW,FR,FR,actual_load,Actual Load,2026-07-30T23:05:32Z
2026-07-30T23:03:49Z,2026-07-31T01:03:49+0200,f07b8511-917b-4433-baac-8bd8534f48c3,2026-07-04T05:15:00Z,2026-07-04T07:15:00+0200,36456.85,MW,FR,FR,actual_load,Actual Load,2026-07-30T23:05:32Z
2026-07-30T23:03:49Z,2026-07-31T01:03:49+0200,f07b8511-917b-4433-baac-8bd8534f48c3,2026-07-04T05:30:00Z,2026-07-04T07:30:00+0200,36881.64,MW,FR,FR,actual_load,Actual Load,2026-07-30T23:05:32Z
2026-07-30T23:03:49Z,2026-07-31T01:03:49+0200,f07b8511-917b-4433-baac-8bd8534f48c3,2026-07-04T05:45:00Z,2026-07-04T07:45:00+0200,37403.58,MW,FR,FR,actual_load,Actual Load,2026-07-30T23:05:32Z
2026-07-30T23:03:49Z,2026-07-31T01:03:49+0200,f07b8511-917b-4433-baac-8bd8534f48c3,2026-07-04T06:00:00Z,2026-07-04T08:00:00+0200,37965.12,MW,FR,FR,actual_load,Actual Load,2026-07-30T23:05:32Z
2026-07-30T23:03:49Z,2026-07-31T01:03:49+0200,f07b8511-917b-4433-baac-8bd8534f48c3,2026-07-04T06:15:00Z,2026-07-04T08:15:00+0200,38412.18,MW,FR,FR,actual_load,Actual Load,2026-07-30T23:05:32Z
2026-07-30T23:03:49Z,2026-07-31T01:03:49+0200,f07b8511-917b-4433-baac-8bd8534f48c3,2026-07-04T06:30:00Z,2026-07-04T08:30:00+0200,39097.87,MW,FR,FR,actual_load,Actual Load,2026-07-30T23:05:32Z
2026-07-30T23:03:49Z,2026-07-31T01:03:49+0200,f07b8511-917b-4433-baac-8bd8534f48c3,2026-07-04T06:45:00Z,2026-07-04T08:45:00+0200,39522.58,MW,FR,FR,actual_load,Actual Load,2026-07-30T23:05:32Z
2026-07-30T23:03:49Z,2026-07-31T01:03:49+0200,f07b8511-917b-4433-baac-8bd8534f48c3,2026-07-04T07:00:00Z,2026-07-04T09:00:00+0200,40134.42,MW,FR,FR,actual_load,Actual Load,2026-07-30T23:05:32Z
2026-07-30T23:03:49Z,2026-07-31T01:03:49+0200,f07b8511-917b-4433-baac-8bd8534f48c3,2026-07-04T07:15:00Z,2026-07-04T09:15:00+0200,40611.54,MW,FR,FR,actual_load,Actual Load,2026-07-30T23:05:32Z
2026-07-30T23:03:49Z,2026-07-31T01:03:49+0200,f07b8511-917b-4433-baac-8bd8534f48c3,2026-07-04T07:30:00Z,2026-07-04T09:30:00+0200,41120.57,MW,FR,FR,actual_load,Actual Load,2026-07-30T23:05:32Z
2026-07-30T23:03:49Z,2026-07-31T01:03:49+0200,f07b8511-917b-4433-baac-8bd8534f48c3,2026-07-04T07:45:00Z,2026-07-04T09:45:00+0200,41429.82,MW,FR,FR,actual_load,Actual Load,2026-07-30T23:05:32Z
2026-07-30T23:03:49Z,2026-07-31T01:03:49+0200,f07b8511-917b-4433-baac-8bd8534f48c3,2026-07-04T08:00:00Z,2026-07-04T10:00:00+0200,41749.38,MW,FR,FR,actual_load,Actual Load,2026-07-30T23:05:32Z
2026-07-30T23:03:49Z,2026-07-31T01:03:49+0200,f07b8511-917b-4433-baac-8bd8534f48c3,2026-07-04T08:15:00Z,2026-07-04T10:15:00+0200,41994.67,MW,FR,FR,actual_load,Actual Load,2026-07-30T23:05:32Z
2026-07-30T23:03:49Z,2026-07-31T01:03:49+0200,f07b8511-917b-4433-baac-8bd8534f48c3,2026-07-04T08:30:00Z,2026-07-04T10:30:00+0200,42354.62,MW,FR,FR,actual_load,Actual Load,2026-07-30T23:05:32Z
2026-07-30T23:03:49Z,2026-07-31T01:03:49+0200,f07b8511-917b-4433-baac-8bd8534f48c3,2026-07-04T08:45:00Z,2026-07-04T10:45:00+0200,42969.07,MW,FR,FR,actual_load,Actual Load,2026-07-30T23:05:32Z
2026-07-30T23:03:49Z,2026-07-31T01:03:49+0200,f07b8511-917b-4433-baac-8bd8534f48c3,2026-07-04T09:00:00Z,2026-07-04T11:00:00+0200,43181.46,MW,FR,FR,actual_load,Actual Load,2026-07-30T23:05:32Z
2026-07-30T23:03:49Z,2026-07-31T01:03:49+0200,f07b8511-917b-4433-baac-8bd8534f48c3,2026-07-04T09:15:00Z,2026-07-04T11:15:00+0200,43427.57,MW,FR,FR,actual_load,Actual Load,2026-07-30T23:05:32Z
2026-07-30T23:03:49Z,2026-07-31T01:03:49+0200,f07b8511-917b-4433-baac-8bd8534f48c3,2026-07-04T09:30:00Z,2026-07-04T11:30:00+0200,43749.34,MW,FR,FR,actual_load,Actual Load,2026-07-30T23:05:32Z
2026-07-30T23:03:49Z,2026-07-31T01:03:49+0200,f07b8511-917b-4433-baac-8bd8534f48c3,2026-07-04T09:45:00Z,2026-07-04T11:45:00+0200,44085.23,MW,FR,FR,actual_load,Actual Load,2026-07-30T23:05:32Z
2026-07-30T23:03:49Z,2026-07-31T01:03:49+0200,f07b8511-917b-4433-baac-8bd8534f48c3,2026-07-04T10:00:00Z,2026-07-04T12:00:00+0200,44949.69,MW,FR,FR,actual_load,Actual Load,2026-07-30T23:05:32Z
2026-07-30T23:03:49Z,2026-07-31T01:03:49+0200,f07b8511-917b-4433-baac-8bd8534f48c3,2026-07-04T10:15:00Z,2026-07-04T12:15:00+0200,45071.9,MW,FR,FR,actual_load,Actual Load,2026-07-30T23:05:32Z
2026-07-30T23:03:49Z,2026-07-31T01:03:49+0200,f07b8511-917b-4433-baac-8bd8534f48c3,2026-07-04T10:30:00Z,2026-07-04T12:30:00+0200,45700.92,MW,FR,FR,actual_load,Actual Load,2026-07-30T23:05:32Z
2026-07-30T23:03:49Z,2026-07-31T01:03:49+0200,f07b8511-917b-4433-baac-8bd8534f48c3,2026-07-04T10:45:00Z,2026-07-04T12:45:00+0200,45822.17,MW,FR,FR,actual_load,Actual Load,2026-07-30T23:05:32Z
2026-07-30T23:03:49Z,2026-07-31T01:03:49+0200,f07b8511-917b-4433-baac-8bd8534f48c3,2026-07-04T11:00:00Z,2026-07-04T13:00:00+0200,45202.87,MW,FR,FR,actual_load,Actual Load,2026-07-30T23:05:32Z
2026-07-30T23:03:49Z,2026-07-31T01:03:49+0200,f07b8511-917b-4433-baac-8bd8534f48c3,2026-07-04T11:15:00Z,2026-07-04T13:15:00+0200,44562.19,MW,FR,FR,actual_load,Actual Load,2026-07-30T23:05:32Z
2026-07-30T23:03:49Z,2026-07-31T01:03:49+0200,f07b8511-917b-4433-baac-8bd8534f48c3,2026-07-04T11:30:00Z,2026-07-04T13:30:00+0200,44112.29,MW,FR,FR,actual_load,Actual Load,2026-07-30T23:05:32Z
2026-07-30T23:03:49Z,2026-07-31T01:03:49+0200,f07b8511-917b-4433-baac-8bd8534f48c3,2026-07-04T11:45:00Z,2026-07-04T13:45:00+0200,44278.67,MW,FR,FR,actual_load,Actual Load,2026-07-30T23:05:32Z
2026-07-30T23:03:49Z,2026-07-31T01:03:49+0200,f07b8511-917b-4433-baac-8bd8534f48c3,2026-07-04T12:00:00Z,2026-07-04T14:00:00+0200,44870.63,MW,FR,FR,actual_load,Actual Load,2026-07-30T23:05:32Z
2026-07-30T23:03:49Z,2026-07-31T01:03:49+0200,f07b8511-917b-4433-baac-8bd8534f48c3,2026-07-04T12:15:00Z,2026-07-04T14:15:00+0200,44770.36,MW,FR,FR,actual_load,Actual Load,2026-07-30T23:05:32Z
2026-07-30T23:03:49Z,2026-07-31T01:03:49+0200,f07b8511-917b-4433-baac-8bd8534f48c3,2026-07-04T12:30:00Z,2026-07-04T14:30:00+0200,44895.28,MW,FR,FR,actual_load,Actual Load,2026-07-30T23:05:32Z
2026-07-30T23:03:49Z,2026-07-31T01:03:49+0200,f07b8511-917b-4433-baac-8bd8534f48c3,2026-07-04T12:45:00Z,2026-07-04T14:45:00+0200,44671.98,MW,FR,FR,actual_load,Actual Load,2026-07-30T23:05:32Z
2026-07-30T23:03:49Z,2026-07-31T01:03:49+0200,f07b8511-917b-4433-baac-8bd8534f48c3,2026-07-04T13:00:00Z,2026-07-04T15:00:00+0200,45049.38,MW,FR,FR,actual_load,Actual Load,2026-07-30T23:05:32Z
2026-07-30T23:03:49Z,2026-07-31T01:03:49+0200,f07b8511-917b-4433-baac-8bd8534f48c3,2026-07-04T13:15:00Z,2026-07-04T15:15:00+0200,44213.54,MW,FR,FR,actual_load,Actual Load,2026-07-30T23:05:32Z
2026-07-30T23:03:49Z,2026-07-31T01:03:49+0200,f07b8511-917b-4433-baac-8bd8534f48c3,2026-07-04T13:30:00Z,2026-07-04T15:30:00+0200,43819.33,MW,FR,FR,actual_load,Actual Load,2026-07-30T23:05:32Z
2026-07-30T23:03:49Z,2026-07-31T01:03:49+0200,f07b8511-917b-4433-baac-8bd8534f48c3,2026-07-04T13:45:00Z,2026-07-04T15:45:00+0200,43533.25,MW,FR,FR,actual_load,Actual Load,2026-07-30T23:05:32Z
2026-07-30T23:03:49Z,2026-07-31T01:03:49+0200,f07b8511-917b-4433-baac-8bd8534f48c3,2026-07-04T14:00:00Z,2026-07-04T16:00:00+0200,43477.42,MW,FR,FR,actual_load,Actual Load,2026-07-30T23:05:32Z
2026-07-30T23:03:49Z,2026-07-31T01:03:49+0200,f07b8511-917b-4433-baac-8bd8534f48c3,2026-07-04T14:15:00Z,2026-07-04T16:15:00+0200,43172.09,MW,FR,FR,actual_load,Actual Load,2026-07-30T23:05:32Z
2026-07-30T23:03:49Z,2026-07-31T01:03:49+0200,f07b8511-917b-4433-baac-8bd8534f48c3,2026-07-04T14:30:00Z,2026-07-04T16:30:00+0200,43312.84,MW,FR,FR,actual_load,Actual Load,2026-07-30T23:05:32Z
2026-07-30T23:03:49Z,2026-07-31T01:03:49+0200,f07b8511-917b-4433-baac-8bd8534f48c3,2026-07-04T14:45:00Z,2026-07-04T16:45:00+0200,43354.7,MW,FR,FR,actual_load,Actual Load,2026-07-30T23:05:32Z
2026-07-30T23:03:49Z,2026-07-31T01:03:49+0200,f07b8511-917b-4433-baac-8bd8534f48c3,2026-07-04T15:00:00Z,2026-07-04T17:00:00+0200,43399.3,MW,FR,FR,actual_load,Actual Load,2026-07-30T23:05:32Z
2026-07-30T23:03:49Z,2026-07-31T01:03:49+0200,f07b8511-917b-4433-baac-8bd8534f48c3,2026-07-04T15:15:00Z,2026-07-04T17:15:00+0200,43433.42,MW,FR,FR,actual_load,Actual Load,2026-07-30T23:05:32Z
2026-07-30T23:03:49Z,2026-07-31T01:03:49+0200,f07b8511-917b-4433-baac-8bd8534f48c3,2026-07-04T15:30:00Z,2026-07-04T17:30:00+0200,43686.61,MW,FR,FR,actual_load,Actual Load,2026-07-30T23:05:32Z
2026-07-30T23:03:49Z,2026-07-31T01:03:49+0200,f07b8511-917b-4433-baac-8bd8534f48c3,2026-07-04T15:45:00Z,2026-07-04T17:45:00+0200,44121.68,MW,FR,FR,actual_load,Actual Load,2026-07-30T23:05:32Z
2026-07-30T23:03:49Z,2026-07-31T01:03:49+0200,f07b8511-917b-4433-baac-8bd8534f48c3,2026-07-04T16:00:00Z,2026-07-04T18:00:00+0200,44984.72,MW,FR,FR,actual_load,Actual Load,2026-07-30T23:05:32Z
2026-07-30T23:03:49Z,2026-07-31T01:03:49+0200,f07b8511-917b-4433-baac-8bd8534f48c3,2026-07-04T16:15:00Z,2026-07-04T18:15:00+0200,45733.85,MW,FR,FR,actual_load,Actual Load,2026-07-30T23:05:32Z
2026-07-30T23:03:49Z,2026-07-31T01:03:49+0200,f07b8511-917b-4433-baac-8bd8534f48c3,2026-07-04T16:30:00Z,2026-07-04T18:30:00+0200,46348.54,MW,FR,FR,actual_load,Actual Load,2026-07-30T23:05:32Z
2026-07-30T23:03:49Z,2026-07-31T01:03:49+0200,f07b8511-917b-4433-baac-8bd8534f48c3,2026-07-04T16:45:00Z,2026-07-04T18:45:00+0200,46394.03,MW,FR,FR,actual_load,Actual Load,2026-07-30T23:05:32Z
2026-07-30T23:03:49Z,2026-07-31T01:03:49+0200,f07b8511-917b-4433-baac-8bd8534f48c3,2026-07-04T17:00:00Z,2026-07-04T19:00:00+0200,46459.8,MW,FR,FR,actual_load,Actual Load,2026-07-30T23:05:32Z
2026-07-30T23:03:49Z,2026-07-31T01:03:49+0200,f07b8511-917b-4433-baac-8bd8534f48c3,2026-07-04T17:15:00Z,2026-07-04T19:15:00+0200,46371.31,MW,FR,FR,actual_load,Actual Load,2026-07-30T23:05:32Z
2026-07-30T23:03:49Z,2026-07-31T01:03:49+0200,f07b8511-917b-4433-baac-8bd8534f48c3,2026-07-04T17:30:00Z,2026-07-04T19:30:00+0200,46284.52,MW,FR,FR,actual_load,Actual Load,2026-07-30T23:05:32Z
2026-07-30T23:03:49Z,2026-07-31T01:03:49+0200,f07b8511-917b-4433-baac-8bd8534f48c3,2026-07-04T17:45:00Z,2026-07-04T19:45:00+0200,46187.86,MW,FR,FR,actual_load,Actual Load,2026-07-30T23:05:32Z
2026-07-30T23:03:49Z,2026-07-31T01:03:49+0200,f07b8511-917b-4433-baac-8bd8534f48c3,2026-07-04T18:00:00Z,2026-07-04T20:00:00+0200,45842.72,MW,FR,FR,actual_load,Actual Load,2026-07-30T23:05:32Z
2026-07-30T23:03:49Z,2026-07-31T01:03:49+0200,f07b8511-917b-4433-baac-8bd8534f48c3,2026-07-04T18:15:00Z,2026-07-04T20:15:00+0200,45488.07,MW,FR,FR,actual_load,Actual Load,2026-07-30T23:05:32Z
2026-07-30T23:03:49Z,2026-07-31T01:03:49+0200,f07b8511-917b-4433-baac-8bd8534f48c3,2026-07-04T18:30:00Z,2026-07-04T20:30:00+0200,44873.43,MW,FR,FR,actual_load,Actual Load,2026-07-30T23:05:32Z
2026-07-30T23:03:49Z,2026-07-31T01:03:49+0200,f07b8511-917b-4433-baac-8bd8534f48c3,2026-07-04T18:45:00Z,2026-07-04T20:45:00+0200,44502.44,MW,FR,FR,actual_load,Actual Load,2026-07-30T23:05:32Z
2026-07-30T23:03:49Z,2026-07-31T01:03:49+0200,f07b8511-917b-4433-baac-8bd8534f48c3,2026-07-04T19:00:00Z,2026-07-04T21:00:00+0200,44150.72,MW,FR,FR,actual_load,Actual Load,2026-07-30T23:05:32Z
2026-07-30T23:03:49Z,2026-07-31T01:03:49+0200,f07b8511-917b-4433-baac-8bd8534f48c3,2026-07-04T19:15:00Z,2026-07-04T21:15:00+0200,43784.53,MW,FR,FR,actual_load,Actual Load,2026-07-30T23:05:32Z
2026-07-30T23:03:49Z,2026-07-31T01:03:49+0200,f07b8511-917b-4433-baac-8bd8534f48c3,2026-07-04T19:30:00Z,2026-07-04T21:30:00+0200,43499.39,MW,FR,FR,actual_load,Actual Load,2026-07-30T23:05:32Z
2026-07-30T23:03:49Z,2026-07-31T01:03:49+0200,f07b8511-917b-4433-baac-8bd8534f48c3,2026-07-04T19:45:00Z,2026-07-04T21:45:00+0200,43422.73,MW,FR,FR,actual_load,Actual Load,2026-07-30T23:05:32Z
2026-07-30T23:03:49Z,2026-07-31T01:03:49+0200,f07b8511-917b-4433-baac-8bd8534f48c3,2026-07-04T20:00:00Z,2026-07-04T22:00:00+0200,44759.77,MW,FR,FR,actual_load,Actual Load,2026-07-30T23:05:32Z
2026-07-30T23:03:49Z,2026-07-31T01:03:49+0200,f07b8511-917b-4433-baac-8bd8534f48c3,2026-07-04T20:15:00Z,2026-07-04T22:15:00+0200,44685.79,MW,FR,FR,actual_load,Actual Load,2026-07-30T23:05:32Z
2026-07-30T23:03:49Z,2026-07-31T01:03:49+0200,f07b8511-917b-4433-baac-8bd8534f48c3,2026-07-04T20:30:00Z,2026-07-04T22:30:00+0200,45947.75,MW,FR,FR,actual_load,Actual Load,2026-07-30T23:05:32Z
2026-07-30T23:03:49Z,2026-07-31T01:03:49+0200,f07b8511-917b-4433-baac-8bd8534f48c3,2026-07-04T20:45:00Z,2026-07-04T22:45:00+0200,45445.8,MW,FR,FR,actual_load,Actual Load,2026-07-30T23:05:32Z
2026-07-30T23:03:49Z,2026-07-31T01:03:49+0200,f07b8511-917b-4433-baac-8bd8534f48c3,2026-07-04T21:00:00Z,2026-07-04T23:00:00+0200,45364.85,MW,FR,FR,actual_load,Actual Load,2026-07-30T23:05:32Z
2026-07-30T23:03:49Z,2026-07-31T01:03:49+0200,f07b8511-917b-4433-baac-8bd8534f48c3,2026-07-04T21:15:00Z,2026-07-04T23:15:00+0200,44370.08,MW,FR,FR,actual_load,Actual Load,2026-07-30T23:05:32Z
2026-07-30T23:03:49Z,2026-07-31T01:03:49+0200,f07b8511-917b-4433-baac-8bd8534f48c3,2026-07-04T21:30:00Z,2026-07-04T23:30:00+0200,44607.34,MW,FR,FR,actual_load,Actual Load,2026-07-30T23:05:32Z
2026-07-30T23:03:49Z,2026-07-31T01:03:49+0200,f07b8511-917b-4433-baac-8bd8534f48c3,2026-07-04T21:45:00Z,2026-07-04T23:45:00+0200,43750.53,MW,FR,FR,actual_load,Actual Load,2026-07-30T23:05:32Z
2026-07-30T23:03:49Z,2026-07-31T01:03:49+0200,f07b8511-917b-4433-baac-8bd8534f48c3,2026-07-04T22:00:00Z,2026-07-05T00:00:00+0200,43955.13,MW,FR,FR,actual_load,Actual Load,2026-07-30T23:05:32Z
2026-07-30T23:03:49Z,2026-07-31T01:03:49+0200,f07b8511-917b-4433-baac-8bd8534f48c3,2026-07-04T22:15:00Z,2026-07-05T00:15:00+0200,42867.02,MW,FR,FR,actual_load,Actual Load,2026-07-30T23:05:32Z
2026-07-30T23:03:49Z,2026-07-31T01:03:49+0200,f07b8511-917b-4433-baac-8bd8534f48c3,2026-07-04T22:30:00Z,2026-07-05T00:30:00+0200,41573.18,MW,FR,FR,actual_load,Actual Load,2026-07-30T23:05:32Z
2026-07-30T23:03:49Z,2026-07-31T01:03:49+0200,f07b8511-917b-4433-baac-8bd8534f48c3,2026-07-04T22:45:00Z,2026-07-05T00:45:00+0200,40649.48,MW,FR,FR,actual_load,Actual Load,2026-07-30T23:05:32Z
2026-07-30T23:03:49Z,2026-07-31T01:03:49+0200,f07b8511-917b-4433-baac-8bd8534f48c3,2026-07-04T23:00:00Z,2026-07-05T01:00:00+0200,40856.78,MW,FR,FR,actual_load,Actual Load,2026-07-30T23:05:32Z
2026-07-30T23:03:49Z,2026-07-31T01:03:49+0200,f07b8511-917b-4433-baac-8bd8534f48c3,2026-07-04T23:15:00Z,2026-07-05T01:15:00+0200,40117.79,MW,FR,FR,actual_load,Actual Load,2026-07-30T23:05:32Z
2026-07-30T23:03:49Z,2026-07-31T01:03:49+0200,f07b8511-917b-4433-baac-8bd8534f48c3,2026-07-04T23:30:00Z,2026-07-05T01:30:00+0200,39845.35,MW,FR,FR,actual_load,Actual Load,2026-07-30T23:05:32Z
2026-07-30T23:03:49Z,2026-07-31T01:03:49+0200,f07b8511-917b-4433-baac-8bd8534f48c3,2026-07-04T23:45:00Z,2026-07-05T01:45:00+0200,39027.63,MW,FR,FR,actual_load,Actual Load,2026-07-30T23:05:32Z
2026-07-30T23:03:49Z,2026-07-31T01:03:49+0200,f07b8511-917b-4433-baac-8bd8534f48c3,2026-07-05T00:00:00Z,2026-07-05T02:00:00+0200,38635.45,MW,FR,FR,actual_load,Actual Load,2026-07-30T23:05:32Z
2026-07-30T23:03:49Z,2026-07-31T01:03:49+0200,f07b8511-917b-4433-baac-8bd8534f48c3,2026-07-05T00:15:00Z,2026-07-05T02:15:00+0200,37775.91,MW,FR,FR,actual_load,Actual Load,2026-07-30T23:05:32Z
2026-07-30T23:03:49Z,2026-07-31T01:03:49+0200,f07b8511-917b-4433-baac-8bd8534f48c3,2026-07-05T00:30:00Z,2026-07-05T02:30:00+0200,36861.3,MW,FR,FR,actual_load,Actual Load,2026-07-30T23:05:32Z
2026-07-30T23:03:49Z,2026-07-31T01:03:49+0200,f07b8511-917b-4433-baac-8bd8534f48c3,2026-07-05T00:45:00Z,2026-07-05T02:45:00+0200,36149.8,MW,FR,FR,actual_load,Actual Load,2026-07-30T23:05:32Z
2026-07-30T23:03:49Z,2026-07-31T01:03:49+0200,f07b8511-917b-4433-baac-8bd8534f48c3,2026-07-05T01:00:00Z,2026-07-05T03:00:00+0200,35880.75,MW,FR,FR,actual_load,Actual Load,2026-07-30T23:05:32Z
2026-07-30T23:03:49Z,2026-07-31T01:03:49+0200,f07b8511-917b-4433-baac-8bd8534f48c3,2026-07-05T01:15:00Z,2026-07-05T03:15:00+0200,35449.68,MW,FR,FR,actual_load,Actual Load,2026-07-30T23:05:32Z
2026-07-30T23:03:49Z,2026-07-31T01:03:49+0200,f07b8511-917b-4433-baac-8bd8534f48c3,2026-07-05T01:30:00Z,2026-07-05T03:30:00+0200,35211.13,MW,FR,FR,actual_load,Actual Load,2026-07-30T23:05:32Z
2026-07-30T23:03:49Z,2026-07-31T01:03:49+0200,f07b8511-917b-4433-baac-8bd8534f48c3,2026-07-05T01:45:00Z,2026-07-05T03:45:00+0200,34847.28,MW,FR,FR,actual_load,Actual Load,2026-07-30T23:05:32Z
2026-07-30T23:03:49Z,2026-07-31T01:03:49+0200,f07b8511-917b-4433-baac-8bd8534f48c3,2026-07-05T02:00:00Z,2026-07-05T04:00:00+0200,34456.0,MW,FR,FR,actual_load,Actual Load,2026-07-30T23:05:32Z
2026-07-30T23:03:49Z,2026-07-31T01:03:49+0200,f07b8511-917b-4433-baac-8bd8534f48c3,2026-07-05T02:15:00Z,2026-07-05T04:15:00+0200,34270.55,MW,FR,FR,actual_load,Actual Load,2026-07-30T23:05:32Z
2026-07-30T23:03:49Z,2026-07-31T01:03:49+0200,f07b8511-917b-4433-baac-8bd8534f48c3,2026-07-05T02:30:00Z,2026-07-05T04:30:00+0200,34162.55,MW,FR,FR,actual_load,Actual Load,2026-07-30T23:05:32Z
2026-07-30T23:03:49Z,2026-07-31T01:03:49+0200,f07b8511-917b-4433-baac-8bd8534f48c3,2026-07-05T02:45:00Z,2026-07-05T04:45:00+0200,34042.64,MW,FR,FR,actual_load,Actual Load,2026-07-30T23:05:32Z
2026-07-30T23:03:49Z,2026-07-31T01:03:49+0200,f07b8511-917b-4433-baac-8bd8534f48c3,2026-07-05T03:00:00Z,2026-07-05T05:00:00+0200,34257.22,MW,FR,FR,actual_load,Actual Load,2026-07-30T23:05:32Z
2026-07-30T23:03:49Z,2026-07-31T01:03:49+0200,f07b8511-917b-4433-baac-8bd8534f48c3,2026-07-05T03:15:00Z,2026-07-05T05:15:00+0200,33979.69,MW,FR,FR,actual_load,Actual Load,2026-07-30T23:05:32Z
2026-07-30T23:03:49Z,2026-07-31T01:03:49+0200,f07b8511-917b-4433-baac-8bd8534f48c3,2026-07-05T03:30:00Z,2026-07-05T05:30:00+0200,34056.86,MW,FR,FR,actual_load,Actual Load,2026-07-30T23:05:32Z
2026-07-30T23:03:49Z,2026-07-31T01:03:49+0200,f07b8511-917b-4433-baac-8bd8534f48c3,2026-07-05T03:45:00Z,2026-07-05T05:45:00+0200,33736.95,MW,FR,FR,actual_load,Actual Load,2026-07-30T23:05:32Z
2026-07-30T23:03:49Z,2026-07-31T01:03:49+0200,f07b8511-917b-4433-baac-8bd8534f48c3,2026-07-05T04:00:00Z,2026-07-05T06:00:00+0200,33608.05,MW,FR,FR,actual_load,Actual Load,2026-07-30T23:05:32Z
2026-07-30T23:03:49Z,2026-07-31T01:03:49+0200,f07b8511-917b-4433-baac-8bd8534f48c3,2026-07-05T04:15:00Z,2026-07-05T06:15:00+0200,33557.32,MW,FR,FR,actual_load,Actual Load,2026-07-30T23:05:32Z
2026-07-30T23:03:49Z,2026-07-31T01:03:49+0200,f07b8511-917b-4433-baac-8bd8534f48c3,2026-07-05T04:30:00Z,2026-07-05T06:30:00+0200,33476.77,MW,FR,FR,actual_load,Actual Load,2026-07-30T23:05:32Z
2026-07-30T23:03:49Z,2026-07-31T01:03:49+0200,f07b8511-917b-4433-baac-8bd8534f48c3,2026-07-05T04:45:00Z,2026-07-05T06:45:00+0200,33623.29,MW,FR,FR,actual_load,Actual Load,2026-07-30T23:05:32Z
2026-07-30T23:03:49Z,2026-07-31T01:03:49+0200,f07b8511-917b-4433-baac-8bd8534f48c3,2026-07-05T05:00:00Z,2026-07-05T07:00:00+0200,33842.62,MW,FR,FR,actual_load,Actual Load,2026-07-30T23:05:32Z
2026-07-30T23:03:49Z,2026-07-31T01:03:49+0200,f07b8511-917b-4433-baac-8bd8534f48c3,2026-07-05T05:15:00Z,2026-07-05T07:15:00+0200,33958.57,MW,FR,FR,actual_load,Actual Load,2026-07-30T23:05:32Z
2026-07-30T23:03:49Z,2026-07-31T01:03:49+0200,f07b8511-917b-4433-baac-8bd8534f48c3,2026-07-05T05:30:00Z,2026-07-05T07:30:00+0200,34183.36,MW,FR,FR,actual_load,Actual Load,2026-07-30T23:05:32Z
2026-07-30T23:03:49Z,2026-07-31T01:03:49+0200,f07b8511-917b-4433-baac-8bd8534f48c3,2026-07-05T05:45:00Z,2026-07-05T07:45:00+0200,34271.78,MW,FR,FR,actual_load,Actual Load,2026-07-30T23:05:32Z
2026-07-30T23:03:49Z,2026-07-31T01:03:49+0200,f07b8511-917b-4433-baac-8bd8534f48c3,2026-07-05T06:00:00Z,2026-07-05T08:00:00+0200,34754.41,MW,FR,FR,actual_load,Actual Load,2026-07-30T23:05:32Z
2026-07-30T23:03:49Z,2026-07-31T01:03:49+0200,f07b8511-917b-4433-baac-8bd8534f48c3,2026-07-05T06:15:00Z,2026-07-05T08:15:00+0200,35290.84,MW,FR,FR,actual_load,Actual Load,2026-07-30T23:05:32Z
2026-07-30T23:03:49Z,2026-07-31T01:03:49+0200,f07b8511-917b-4433-baac-8bd8534f48c3,2026-07-05T06:30:00Z,2026-07-05T08:30:00+0200,35800.97,MW,FR,FR,actual_load,Actual Load,2026-07-30T23:05:32Z
2026-07-30T23:03:49Z,2026-07-31T01:03:49+0200,f07b8511-917b-4433-baac-8bd8534f48c3,2026-07-05T06:45:00Z,2026-07-05T08:45:00+0200,36194.31,MW,FR,FR,actual_load,Actual Load,2026-07-30T23:05:32Z
2026-07-30T23:03:49Z,2026-07-31T01:03:49+0200,f07b8511-917b-4433-baac-8bd8534f48c3,2026-07-05T07:00:00Z,2026-07-05T09:00:00+0200,36797.25,MW,FR,FR,actual_load,Actual Load,2026-07-30T23:05:32Z
2026-07-30T23:03:49Z,2026-07-31T01:03:49+0200,f07b8511-917b-4433-baac-8bd8534f48c3,2026-07-05T07:15:00Z,2026-07-05T09:15:00+0200,37517.33,MW,FR,FR,actual_load,Actual Load,2026-07-30T23:05:32Z
2026-07-30T23:03:49Z,2026-07-31T01:03:49+0200,f07b8511-917b-4433-baac-8bd8534f48c3,2026-07-05T07:30:00Z,2026-07-05T09:30:00+0200,38060.35,MW,FR,FR,actual_load,Actual Load,2026-07-30T23:05:32Z
2026-07-30T23:03:49Z,2026-07-31T01:03:49+0200,f07b8511-917b-4433-baac-8bd8534f48c3,2026-07-05T07:45:00Z,2026-07-05T09:45:00+0200,38408.73,MW,FR,FR,actual_load,Actual Load,2026-07-30T23:05:32Z
2026-07-30T23:03:49Z,2026-07-31T01:03:49+0200,f07b8511-917b-4433-baac-8bd8534f48c3,2026-07-05T08:00:00Z,2026-07-05T10:00:00+0200,39121.46,MW,FR,FR,actual_load,Actual Load,2026-07-30T23:05:32Z
2026-07-30T23:03:49Z,2026-07-31T01:03:49+0200,f07b8511-917b-4433-baac-8bd8534f48c3,2026-07-05T08:15:00Z,2026-07-05T10:15:00+0200,39491.0,MW,FR,FR,actual_load,Actual Load,2026-07-30T23:05:32Z
2026-07-30T23:03:49Z,2026-07-31T01:03:49+0200,f07b8511-917b-4433-baac-8bd8534f48c3,2026-07-05T08:30:00Z,2026-07-05T10:30:00+0200,40291.51,MW,FR,FR,actual_load,Actual Load,2026-07-30T23:05:32Z
2026-07-30T23:03:49Z,2026-07-31T01:03:49+0200,f07b8511-917b-4433-baac-8bd8534f48c3,2026-07-05T08:45:00Z,2026-07-05T10:45:00+0200,40760.91,MW,FR,FR,actual_load,Actual Load,2026-07-30T23:05:32Z
2026-07-30T23:03:49Z,2026-07-31T01:03:49+0200,f07b8511-917b-4433-baac-8bd8534f48c3,2026-07-05T09:00:00Z,2026-07-05T11:00:00+0200,41213.13,MW,FR,FR,actual_load,Actual Load,2026-07-30T23:05:32Z
2026-07-30T23:03:49Z,2026-07-31T01:03:49+0200,f07b8511-917b-4433-baac-8bd8534f48c3,2026-07-05T09:15:00Z,2026-07-05T11:15:00+0200,41659.29,MW,FR,FR,actual_load,Actual Load,2026-07-30T23:05:32Z
2026-07-30T23:03:49Z,2026-07-31T01:03:49+0200,f07b8511-917b-4433-baac-8bd8534f48c3,2026-07-05T09:30:00Z,2026-07-05T11:30:00+0200,41937.91,MW,FR,FR,actual_load,Actual Load,2026-07-30T23:05:32Z
2026-07-30T23:03:49Z,2026-07-31T01:03:49+0200,f07b8511-917b-4433-baac-8bd8534f48c3,2026-07-05T09:45:00Z,2026-07-05T11:45:00+0200,42336.05,MW,FR,FR,actual_load,Actual Load,2026-07-30T23:05:32Z
2026-07-30T23:03:49Z,2026-07-31T01:03:49+0200,f07b8511-917b-4433-baac-8bd8534f48c3,2026-07-05T10:00:00Z,2026-07-05T12:00:00+0200,43290.58,MW,FR,FR,actual_load,Actual Load,2026-07-30T23:05:32Z
2026-07-30T23:03:49Z,2026-07-31T01:03:49+0200,f07b8511-917b-4433-baac-8bd8534f48c3,2026-07-05T10:15:00Z,2026-07-05T12:15:00+0200,44091.09,MW,FR,FR,actual_load,Actual Load,2026-07-30T23:05:32Z
2026-07-30T23:03:49Z,2026-07-31T01:03:49+0200,f07b8511-917b-4433-baac-8bd8534f48c3,2026-07-05T10:30:00Z,2026-07-05T12:30:00+0200,44704.38,MW,FR,FR,actual_load,Actual Load,2026-07-30T23:05:32Z
2026-07-30T23:03:49Z,2026-07-31T01:03:49+0200,f07b8511-917b-4433-baac-8bd8534f48c3,2026-07-05T10:45:00Z,2026-07-05T12:45:00+0200,43965.23,MW,FR,FR,actual_load,Actual Load,2026-07-30T23:05:32Z
2026-07-30T23:03:49Z,2026-07-31T01:03:49+0200,f07b8511-917b-4433-baac-8bd8534f48c3,2026-07-05T11:00:00Z,2026-07-05T13:00:00+0200,42733.53,MW,FR,FR,actual_load,Actual Load,2026-07-30T23:05:32Z
2026-07-30T23:03:49Z,2026-07-31T01:03:49+0200,f07b8511-917b-4433-baac-8bd8534f48c3,2026-07-05T11:15:00Z,2026-07-05T13:15:00+0200,42018.96,MW,FR,FR,actual_load,Actual Load,2026-07-30T23:05:32Z
2026-07-30T23:03:49Z,2026-07-31T01:03:49+0200,f07b8511-917b-4433-baac-8bd8534f48c3,2026-07-05T11:30:00Z,2026-07-05T13:30:00+0200,41693.92,MW,FR,FR,actual_load,Actual Load,2026-07-30T23:05:32Z
2026-07-30T23:03:49Z,2026-07-31T01:03:49+0200,f07b8511-917b-4433-baac-8bd8534f48c3,2026-07-05T11:45:00Z,2026-07-05T13:45:00+0200,41627.05,MW,FR,FR,actual_load,Actual Load,2026-07-30T23:05:32Z
2026-07-30T23:03:49Z,2026-07-31T01:03:49+0200,f07b8511-917b-4433-baac-8bd8534f48c3,2026-07-05T12:00:00Z,2026-07-05T14:00:00+0200,42232.52,MW,FR,FR,actual_load,Actual Load,2026-07-30T23:05:32Z
2026-07-30T23:03:49Z,2026-07-31T01:03:49+0200,f07b8511-917b-4433-baac-8bd8534f48c3,2026-07-05T12:15:00Z,2026-07-05T14:15:00+0200,42067.96,MW,FR,FR,actual_load,Actual Load,2026-07-30T23:05:32Z
2026-07-30T23:03:49Z,2026-07-31T01:03:49+0200,f07b8511-917b-4433-baac-8bd8534f48c3,2026-07-05T12:30:00Z,2026-07-05T14:30:00+0200,42134.76,MW,FR,FR,actual_load,Actual Load,2026-07-30T23:05:32Z
2026-07-30T23:03:49Z,2026-07-31T01:03:49+0200,f07b8511-917b-4433-baac-8bd8534f48c3,2026-07-05T12:45:00Z,2026-07-05T14:45:00+0200,41667.01,MW,FR,FR,actual_load,Actual Load,2026-07-30T23:05:32Z
2026-07-30T23:03:49Z,2026-07-31T01:03:49+0200,f07b8511-917b-4433-baac-8bd8534f48c3,2026-07-05T13:00:00Z,2026-07-05T15:00:00+0200,41624.44,MW,FR,FR,actual_load,Actual Load,2026-07-30T23:05:32Z
2026-07-30T23:03:49Z,2026-07-31T01:03:49+0200,f07b8511-917b-4433-baac-8bd8534f48c3,2026-07-05T13:15:00Z,2026-07-05T15:15:00+0200,41214.89,MW,FR,FR,actual_load,Actual Load,2026-07-30T23:05:32Z
2026-07-30T23:03:49Z,2026-07-31T01:03:49+0200,f07b8511-917b-4433-baac-8bd8534f48c3,2026-07-05T13:30:00Z,2026-07-05T15:30:00+0200,41009.16,MW,FR,FR,actual_load,Actual Load,2026-07-30T23:05:32Z
2026-07-30T23:03:49Z,2026-07-31T01:03:49+0200,f07b8511-917b-4433-baac-8bd8534f48c3,2026-07-05T13:45:00Z,2026-07-05T15:45:00+0200,40682.34,MW,FR,FR,actual_load,Actual Load,2026-07-30T23:05:32Z
2026-07-30T23:03:49Z,2026-07-31T01:03:49+0200,f07b8511-917b-4433-baac-8bd8534f48c3,2026-07-05T14:00:00Z,2026-07-05T16:00:00+0200,40631.69,MW,FR,FR,actual_load,Actual Load,2026-07-30T23:05:32Z
2026-07-30T23:03:49Z,2026-07-31T01:03:49+0200,f07b8511-917b-4433-baac-8bd8534f48c3,2026-07-05T14:15:00Z,2026-07-05T16:15:00+0200,40754.74,MW,FR,FR,actual_load,Actual Load,2026-07-30T23:05:32Z
2026-07-30T23:03:49Z,2026-07-31T01:03:49+0200,f07b8511-917b-4433-baac-8bd8534f48c3,2026-07-05T14:30:00Z,2026-07-05T16:30:00+0200,41406.88,MW,FR,FR,actual_load,Actual Load,2026-07-30T23:05:32Z
2026-07-30T23:03:49Z,2026-07-31T01:03:49+0200,f07b8511-917b-4433-baac-8bd8534f48c3,2026-07-05T14:45:00Z,2026-07-05T16:45:00+0200,41583.27,MW,FR,FR,actual_load,Actual Load,2026-07-30T23:05:32Z
2026-07-30T23:03:49Z,2026-07-31T01:03:49+0200,f07b8511-917b-4433-baac-8bd8534f48c3,2026-07-05T15:00:00Z,2026-07-05T17:00:00+0200,41268.68,MW,FR,FR,actual_load,Actual Load,2026-07-30T23:05:32Z
2026-07-30T23:03:49Z,2026-07-31T01:03:49+0200,f07b8511-917b-4433-baac-8bd8534f48c3,2026-07-05T15:15:00Z,2026-07-05T17:15:00+0200,41675.5,MW,FR,FR,actual_load,Actual Load,2026-07-30T23:05:32Z
2026-07-30T23:03:49Z,2026-07-31T01:03:49+0200,f07b8511-917b-4433-baac-8bd8534f48c3,2026-07-05T15:30:00Z,2026-07-05T17:30:00+0200,41991.48,MW,FR,FR,actual_load,Actual Load,2026-07-30T23:05:32Z
2026-07-30T23:03:49Z,2026-07-31T01:03:49+0200,f07b8511-917b-4433-baac-8bd8534f48c3,2026-07-05T15:45:00Z,2026-07-05T17:45:00+0200,42734.79,MW,FR,FR,actual_load,Actual Load,2026-07-30T23:05:32Z
2026-07-30T23:03:49Z,2026-07-31T01:03:49+0200,f07b8511-917b-4433-baac-8bd8534f48c3,2026-07-05T16:00:00Z,2026-07-05T18:00:00+0200,43765.3,MW,FR,FR,actual_load,Actual Load,2026-07-30T23:05:32Z
2026-07-30T23:03:49Z,2026-07-31T01:03:49+0200,f07b8511-917b-4433-baac-8bd8534f48c3,2026-07-05T16:15:00Z,2026-07-05T18:15:00+0200,44481.49,MW,FR,FR,actual_load,Actual Load,2026-07-30T23:05:32Z
2026-07-30T23:03:49Z,2026-07-31T01:03:49+0200,f07b8511-917b-4433-baac-8bd8534f48c3,2026-07-05T16:30:00Z,2026-07-05T18:30:00+0200,45126.18,MW,FR,FR,actual_load,Actual Load,2026-07-30T23:05:32Z
2026-07-30T23:03:49Z,2026-07-31T01:03:49+0200,f07b8511-917b-4433-baac-8bd8534f48c3,2026-07-05T16:45:00Z,2026-07-05T18:45:00+0200,45525.58,MW,FR,FR,actual_load,Actual Load,2026-07-30T23:05:32Z
2026-07-30T23:03:49Z,2026-07-31T01:03:49+0200,f07b8511-917b-4433-baac-8bd8534f48c3,2026-07-05T17:00:00Z,2026-07-05T19:00:00+0200,46055.38,MW,FR,FR,actual_load,Actual Load,2026-07-30T23:05:32Z
2026-07-30T23:03:49Z,2026-07-31T01:03:49+0200,f07b8511-917b-4433-baac-8bd8534f48c3,2026-07-05T17:15:00Z,2026-07-05T19:15:00+0200,46373.57,MW,FR,FR,actual_load,Actual Load,2026-07-30T23:05:32Z
2026-07-30T23:03:49Z,2026-07-31T01:03:49+0200,f07b8511-917b-4433-baac-8bd8534f48c3,2026-07-05T17:30:00Z,2026-07-05T19:30:00+0200,46596.47,MW,FR,FR,actual_load,Actual Load,2026-07-30T23:05:32Z
2026-07-30T23:03:49Z,2026-07-31T01:03:49+0200,f07b8511-917b-4433-baac-8bd8534f48c3,2026-07-05T17:45:00Z,2026-07-05T19:45:00+0200,46536.18,MW,FR,FR,actual_load,Actual Load,2026-07-30T23:05:32Z
2026-07-30T23:03:49Z,2026-07-31T01:03:49+0200,f07b8511-917b-4433-baac-8bd8534f48c3,2026-07-05T18:00:00Z,2026-07-05T20:00:00+0200,46434.4,MW,FR,FR,actual_load,Actual Load,2026-07-30T23:05:32Z
2026-07-30T23:03:49Z,2026-07-31T01:03:49+0200,f07b8511-917b-4433-baac-8bd8534f48c3,2026-07-05T18:15:00Z,2026-07-05T20:15:00+0200,46214.19,MW,FR,FR,actual_load,Actual Load,2026-07-30T23:05:32Z
2026-07-30T23:03:49Z,2026-07-31T01:03:49+0200,f07b8511-917b-4433-baac-8bd8534f48c3,2026-07-05T18:30:00Z,2026-07-05T20:30:00+0200,45845.26,MW,FR,FR,actual_load,Actual Load,2026-07-30T23:05:32Z
2026-07-30T23:03:49Z,2026-07-31T01:03:49+0200,f07b8511-917b-4433-baac-8bd8534f48c3,2026-07-05T18:45:00Z,2026-07-05T20:45:00+0200,45802.78,MW,FR,FR,actual_load,Actual Load,2026-07-30T23:05:32Z
2026-07-30T23:03:49Z,2026-07-31T01:03:49+0200,f07b8511-917b-4433-baac-8bd8534f48c3,2026-07-05T19:00:00Z,2026-07-05T21:00:00+0200,45725.77,MW,FR,FR,actual_load,Actual Load,2026-07-30T23:05:32Z
2026-07-30T23:03:49Z,2026-07-31T01:03:49+0200,f07b8511-917b-4433-baac-8bd8534f48c3,2026-07-05T19:15:00Z,2026-07-05T21:15:00+0200,45470.22,MW,FR,FR,actual_load,Actual Load,2026-07-30T23:05:32Z
2026-07-30T23:03:49Z,2026-07-31T01:03:49+0200,f07b8511-917b-4433-baac-8bd8534f48c3,2026-07-05T19:30:00Z,2026-07-05T21:30:00+0200,45313.65,MW,FR,FR,actual_load,Actual Load,2026-07-30T23:05:32Z
2026-07-30T23:03:49Z,2026-07-31T01:03:49+0200,f07b8511-917b-4433-baac-8bd8534f48c3,2026-07-05T19:45:00Z,2026-07-05T21:45:00+0200,45207.88,MW,FR,FR,actual_load,Actual Load,2026-07-30T23:05:32Z
2026-07-30T23:03:49Z,2026-07-31T01:03:49+0200,f07b8511-917b-4433-baac-8bd8534f48c3,2026-07-05T20:00:00Z,2026-07-05T22:00:00+0200,46572.79,MW,FR,FR,actual_load,Actual Load,2026-07-30T23:05:32Z
2026-07-30T23:03:49Z,2026-07-31T01:03:49+0200,f07b8511-917b-4433-baac-8bd8534f48c3,2026-07-05T20:15:00Z,2026-07-05T22:15:00+0200,46307.2,MW,FR,FR,actual_load,Actual Load,2026-07-30T23:05:32Z
2026-07-30T23:03:49Z,2026-07-31T01:03:49+0200,f07b8511-917b-4433-baac-8bd8534f48c3,2026-07-05T20:30:00Z,2026-07-05T22:30:00+0200,47481.26,MW,FR,FR,actual_load,Actual Load,2026-07-30T23:05:32Z
2026-07-30T23:03:49Z,2026-07-31T01:03:49+0200,f07b8511-917b-4433-baac-8bd8534f48c3,2026-07-05T20:45:00Z,2026-07-05T22:45:00+0200,46917.16,MW,FR,FR,actual_load,Actual Load,2026-07-30T23:05:32Z
2026-07-30T23:03:49Z,2026-07-31T01:03:49+0200,f07b8511-917b-4433-baac-8bd8534f48c3,2026-07-05T21:00:00Z,2026-07-05T23:00:00+0200,46684.97,MW,FR,FR,actual_load,Actual Load,2026-07-30T23:05:32Z
2026-07-30T23:03:49Z,2026-07-31T01:03:49+0200,f07b8511-917b-4433-baac-8bd8534f48c3,2026-07-05T21:15:00Z,2026-07-05T23:15:00+0200,45597.6,MW,FR,FR,actual_load,Actual Load,2026-07-30T23:05:32Z
2026-07-30T23:03:49Z,2026-07-31T01:03:49+0200,f07b8511-917b-4433-baac-8bd8534f48c3,2026-07-05T21:30:00Z,2026-07-05T23:30:00+0200,45804.05,MW,FR,FR,actual_load,Actual Load,2026-07-30T23:05:32Z
2026-07-30T23:03:49Z,2026-07-31T01:03:49+0200,f07b8511-917b-4433-baac-8bd8534f48c3,2026-07-05T21:45:00Z,2026-07-05T23:45:00+0200,44704.68,MW,FR,FR,actual_load,Actual Load,2026-07-30T23:05:32Z
2026-07-30T23:03:49Z,2026-07-31T01:03:49+0200,f07b8511-917b-4433-baac-8bd8534f48c3,2026-07-05T22:00:00Z,2026-07-06T00:00:00+0200,44539.15,MW,FR,FR,actual_load,Actual Load,2026-07-30T23:05:32Z
2026-07-30T23:03:49Z,2026-07-31T01:03:49+0200,f07b8511-917b-4433-baac-8bd8534f48c3,2026-07-05T22:15:00Z,2026-07-06T00:15:00+0200,43362.84,MW,FR,FR,actual_load,Actual Load,2026-07-30T23:05:32Z
2026-07-30T23:03:49Z,2026-07-31T01:03:49+0200,f07b8511-917b-4433-baac-8bd8534f48c3,2026-07-05T22:30:00Z,2026-07-06T00:30:00+0200,42099.28,MW,FR,FR,actual_load,Actual Load,2026-07-30T23:05:32Z
2026-07-30T23:03:49Z,2026-07-31T01:03:49+0200,f07b8511-917b-4433-baac-8bd8534f48c3,2026-07-05T22:45:00Z,2026-07-06T00:45:00+0200,40852.11,MW,FR,FR,actual_load,Actual Load,2026-07-30T23:05:32Z
2026-07-30T23:03:49Z,2026-07-31T01:03:49+0200,f07b8511-917b-4433-baac-8bd8534f48c3,2026-07-05T23:00:00Z,2026-07-06T01:00:00+0200,41028.02,MW,FR,FR,actual_load,Actual Load,2026-07-30T23:05:32Z
2026-07-30T23:03:49Z,2026-07-31T01:03:49+0200,f07b8511-917b-4433-baac-8bd8534f48c3,2026-07-05T23:15:00Z,2026-07-06T01:15:00+0200,40442.81,MW,FR,FR,actual_load,Actual Load,2026-07-30T23:05:32Z
2026-07-30T23:03:49Z,2026-07-31T01:03:49+0200,f07b8511-917b-4433-baac-8bd8534f48c3,2026-07-05T23:30:00Z,2026-07-06T01:30:00+0200,40328.98,MW,FR,FR,actual_load,Actual Load,2026-07-30T23:05:32Z
2026-07-30T23:03:49Z,2026-07-31T01:03:49+0200,f07b8511-917b-4433-baac-8bd8534f48c3,2026-07-05T23:45:00Z,2026-07-06T01:45:00+0200,39338.88,MW,FR,FR,actual_load,Actual Load,2026-07-30T23:05:32Z
2026-07-30T23:03:49Z,2026-07-31T01:03:49+0200,f07b8511-917b-4433-baac-8bd8534f48c3,2026-07-06T00:00:00Z,2026-07-06T02:00:00+0200,39144.31,MW,FR,FR,actual_load,Actual Load,2026-07-30T23:05:32Z
2026-07-30T23:03:49Z,2026-07-31T01:03:49+0200,f07b8511-917b-4433-baac-8bd8534f48c3,2026-07-06T00:15:00Z,2026-07-06T02:15:00+0200,38310.61,MW,FR,FR,actual_load,Actual Load,2026-07-30T23:05:32Z
2026-07-30T23:03:49Z,2026-07-31T01:03:49+0200,f07b8511-917b-4433-baac-8bd8534f48c3,2026-07-06T00:30:00Z,2026-07-06T02:30:00+0200,37648.59,MW,FR,FR,actual_load,Actual Load,2026-07-30T23:05:32Z
2026-07-30T23:03:49Z,2026-07-31T01:03:49+0200,f07b8511-917b-4433-baac-8bd8534f48c3,2026-07-06T00:45:00Z,2026-07-06T02:45:00+0200,36942.54,MW,FR,FR,actual_load,Actual Load,2026-07-30T23:05:32Z
2026-07-30T23:03:49Z,2026-07-31T01:03:49+0200,f07b8511-917b-4433-baac-8bd8534f48c3,2026-07-06T01:00:00Z,2026-07-06T03:00:00+0200,36472.91,MW,FR,FR,actual_load,Actual Load,2026-07-30T23:05:32Z
2026-07-30T23:03:49Z,2026-07-31T01:03:49+0200,f07b8511-917b-4433-baac-8bd8534f48c3,2026-07-06T01:15:00Z,2026-07-06T03:15:00+0200,36112.61,MW,FR,FR,actual_load,Actual Load,2026-07-30T23:05:32Z
2026-07-30T23:03:49Z,2026-07-31T01:03:49+0200,f07b8511-917b-4433-baac-8bd8534f48c3,2026-07-06T01:30:00Z,2026-07-06T03:30:00+0200,35964.98,MW,FR,FR,actual_load,Actual Load,2026-07-30T23:05:32Z
2026-07-30T23:03:49Z,2026-07-31T01:03:49+0200,f07b8511-917b-4433-baac-8bd8534f48c3,2026-07-06T01:45:00Z,2026-07-06T03:45:00+0200,35833.17,MW,FR,FR,actual_load,Actual Load,2026-07-30T23:05:32Z
2026-07-30T23:03:49Z,2026-07-31T01:03:49+0200,f07b8511-917b-4433-baac-8bd8534f48c3,2026-07-06T02:00:00Z,2026-07-06T04:00:00+0200,35996.15,MW,FR,FR,actual_load,Actual Load,2026-07-30T23:05:32Z
2026-07-30T23:03:49Z,2026-07-31T01:03:49+0200,f07b8511-917b-4433-baac-8bd8534f48c3,2026-07-06T02:15:00Z,2026-07-06T04:15:00+0200,36047.62,MW,FR,FR,actual_load,Actual Load,2026-07-30T23:05:32Z
2026-07-30T23:03:49Z,2026-07-31T01:03:49+0200,f07b8511-917b-4433-baac-8bd8534f48c3,2026-07-06T02:30:00Z,2026-07-06T04:30:00+0200,36166.32,MW,FR,FR,actual_load,Actual Load,2026-07-30T23:05:32Z
2026-07-30T23:03:49Z,2026-07-31T01:03:49+0200,f07b8511-917b-4433-baac-8bd8534f48c3,2026-07-06T02:45:00Z,2026-07-06T04:45:00+0200,36355.3,MW,FR,FR,actual_load,Actual Load,2026-07-30T23:05:32Z
2026-07-30T23:03:49Z,2026-07-31T01:03:49+0200,f07b8511-917b-4433-baac-8bd8534f48c3,2026-07-06T03:00:00Z,2026-07-06T05:00:00+0200,37069.13,MW,FR,FR,actual_load,Actual Load,2026-07-30T23:05:32Z
2026-07-30T23:03:49Z,2026-07-31T01:03:49+0200,f07b8511-917b-4433-baac-8bd8534f48c3,2026-07-06T03:15:00Z,2026-07-06T05:15:00+0200,37545.24,MW,FR,FR,actual_load,Actual Load,2026-07-30T23:05:32Z
2026-07-30T23:03:49Z,2026-07-31T01:03:49+0200,f07b8511-917b-4433-baac-8bd8534f48c3,2026-07-06T03:30:00Z,2026-07-06T05:30:00+0200,37952.16,MW,FR,FR,actual_load,Actual Load,2026-07-30T23:05:32Z
2026-07-30T23:03:49Z,2026-07-31T01:03:49+0200,f07b8511-917b-4433-baac-8bd8534f48c3,2026-07-06T03:45:00Z,2026-07-06T05:45:00+0200,38406.34,MW,FR,FR,actual_load,Actual Load,2026-07-30T23:05:32Z
2026-07-30T23:03:49Z,2026-07-31T01:03:49+0200,f07b8511-917b-4433-baac-8bd8534f48c3,2026-07-06T04:00:00Z,2026-07-06T06:00:00+0200,39396.96,MW,FR,FR,actual_load,Actual Load,2026-07-30T23:05:32Z
2026-07-30T23:03:49Z,2026-07-31T01:03:49+0200,f07b8511-917b-4433-baac-8bd8534f48c3,2026-07-06T04:15:00Z,2026-07-06T06:15:00+0200,40195.01,MW,FR,FR,actual_load,Actual Load,2026-07-30T23:05:32Z
2026-07-30T23:03:49Z,2026-07-31T01:03:49+0200,f07b8511-917b-4433-baac-8bd8534f48c3,2026-07-06T04:30:00Z,2026-07-06T06:30:00+0200,40781.86,MW,FR,FR,actual_load,Actual Load,2026-07-30T23:05:32Z
2026-07-30T23:03:49Z,2026-07-31T01:03:49+0200,f07b8511-917b-4433-baac-8bd8534f48c3,2026-07-06T04:45:00Z,2026-07-06T06:45:00+0200,41565.46,MW,FR,FR,actual_load,Actual Load,2026-07-30T23:05:32Z
2026-07-30T23:03:49Z,2026-07-31T01:03:49+0200,f07b8511-917b-4433-baac-8bd8534f48c3,2026-07-06T05:00:00Z,2026-07-06T07:00:00+0200,42474.7,MW,FR,FR,actual_load,Actual Load,2026-07-30T23:05:32Z
2026-07-30T23:03:49Z,2026-07-31T01:03:49+0200,f07b8511-917b-4433-baac-8bd8534f48c3,2026-07-06T05:15:00Z,2026-07-06T07:15:00+0200,43345.44,MW,FR,FR,actual_load,Actual Load,2026-07-30T23:05:32Z
2026-07-30T23:03:49Z,2026-07-31T01:03:49+0200,f07b8511-917b-4433-baac-8bd8534f48c3,2026-07-06T05:30:00Z,2026-07-06T07:30:00+0200,43923.33,MW,FR,FR,actual_load,Actual Load,2026-07-30T23:05:32Z
2026-07-30T23:03:49Z,2026-07-31T01:03:49+0200,f07b8511-917b-4433-baac-8bd8534f48c3,2026-07-06T05:45:00Z,2026-07-06T07:45:00+0200,44585.58,MW,FR,FR,actual_load,Actual Load,2026-07-30T23:05:32Z
2026-07-30T23:03:49Z,2026-07-31T01:03:49+0200,f07b8511-917b-4433-baac-8bd8534f48c3,2026-07-06T06:00:00Z,2026-07-06T08:00:00+0200,45585.34,MW,FR,FR,actual_load,Actual Load,2026-07-30T23:05:32Z
2026-07-30T23:03:49Z,2026-07-31T01:03:49+0200,f07b8511-917b-4433-baac-8bd8534f48c3,2026-07-06T06:15:00Z,2026-07-06T08:15:00+0200,46361.25,MW,FR,FR,actual_load,Actual Load,2026-07-30T23:05:32Z
2026-07-30T23:03:49Z,2026-07-31T01:03:49+0200,f07b8511-917b-4433-baac-8bd8534f48c3,2026-07-06T06:30:00Z,2026-07-06T08:30:00+0200,47016.11,MW,FR,FR,actual_load,Actual Load,2026-07-30T23:05:32Z
2026-07-30T23:03:49Z,2026-07-31T01:03:49+0200,f07b8511-917b-4433-baac-8bd8534f48c3,2026-07-06T06:45:00Z,2026-07-06T08:45:00+0200,47437.2,MW,FR,FR,actual_load,Actual Load,2026-07-30T23:05:32Z
2026-07-30T23:03:49Z,2026-07-31T01:03:49+0200,f07b8511-917b-4433-baac-8bd8534f48c3,2026-07-06T07:00:00Z,2026-07-06T09:00:00+0200,48110.2,MW,FR,FR,actual_load,Actual Load,2026-07-30T23:05:32Z
2026-07-30T23:03:49Z,2026-07-31T01:03:49+0200,f07b8511-917b-4433-baac-8bd8534f48c3,2026-07-06T07:15:00Z,2026-07-06T09:15:00+0200,48803.45,MW,FR,FR,actual_load,Actual Load,2026-07-30T23:05:32Z
2026-07-30T23:03:49Z,2026-07-31T01:03:49+0200,f07b8511-917b-4433-baac-8bd8534f48c3,2026-07-06T07:30:00Z,2026-07-06T09:30:00+0200,49326.61,MW,FR,FR,actual_load,Actual Load,2026-07-30T23:05:32Z
2026-07-30T23:03:49Z,2026-07-31T01:03:49+0200,f07b8511-917b-4433-baac-8bd8534f48c3,2026-07-06T07:45:00Z,2026-07-06T09:45:00+0200,49645.49,MW,FR,FR,actual_load,Actual Load,2026-07-30T23:05:32Z
2026-07-30T23:03:49Z,2026-07-31T01:03:49+0200,f07b8511-917b-4433-baac-8bd8534f48c3,2026-07-06T08:00:00Z,2026-07-06T10:00:00+0200,50157.94,MW,FR,FR,actual_load,Actual Load,2026-07-30T23:05:32Z
2026-07-30T23:03:49Z,2026-07-31T01:03:49+0200,f07b8511-917b-4433-baac-8bd8534f48c3,2026-07-06T08:15:00Z,2026-07-06T10:15:00+0200,50480.02,MW,FR,FR,actual_load,Actual Load,2026-07-30T23:05:32Z
2026-07-30T23:03:49Z,2026-07-31T01:03:49+0200,f07b8511-917b-4433-baac-8bd8534f48c3,2026-07-06T08:30:00Z,2026-07-06T10:30:00+0200,50903.04,MW,FR,FR,actual_load,Actual Load,2026-07-30T23:05:32Z
2026-07-30T23:03:49Z,2026-07-31T01:03:49+0200,f07b8511-917b-4433-baac-8bd8534f48c3,2026-07-06T08:45:00Z,2026-07-06T10:45:00+0200,51345.8,MW,FR,FR,actual_load,Actual Load,2026-07-30T23:05:32Z
2026-07-30T23:03:49Z,2026-07-31T01:03:49+0200,f07b8511-917b-4433-baac-8bd8534f48c3,2026-07-06T09:00:00Z,2026-07-06T11:00:00+0200,51962.99,MW,FR,FR,actual_load,Actual Load,2026-07-30T23:05:32Z
2026-07-30T23:03:49Z,2026-07-31T01:03:49+0200,f07b8511-917b-4433-baac-8bd8534f48c3,2026-07-06T09:15:00Z,2026-07-06T11:15:00+0200,52164.28,MW,FR,FR,actual_load,Actual Load,2026-07-30T23:05:32Z
2026-07-30T23:03:49Z,2026-07-31T01:03:49+0200,f07b8511-917b-4433-baac-8bd8534f48c3,2026-07-06T09:30:00Z,2026-07-06T11:30:00+0200,52667.72,MW,FR,FR,actual_load,Actual Load,2026-07-30T23:05:32Z
2026-07-30T23:03:49Z,2026-07-31T01:03:49+0200,f07b8511-917b-4433-baac-8bd8534f48c3,2026-07-06T09:45:00Z,2026-07-06T11:45:00+0200,53136.9,MW,FR,FR,actual_load,Actual Load,2026-07-30T23:05:32Z
2026-07-30T23:03:49Z,2026-07-31T01:03:49+0200,f07b8511-917b-4433-baac-8bd8534f48c3,2026-07-06T10:00:00Z,2026-07-06T12:00:00+0200,53643.37,MW,FR,FR,actual_load,Actual Load,2026-07-30T23:05:32Z
2026-07-30T23:03:49Z,2026-07-31T01:03:49+0200,f07b8511-917b-4433-baac-8bd8534f48c3,2026-07-06T10:15:00Z,2026-07-06T12:15:00+0200,53881.91,MW,FR,FR,actual_load,Actual Load,2026-07-30T23:05:32Z
2026-07-30T23:03:49Z,2026-07-31T01:03:49+0200,f07b8511-917b-4433-baac-8bd8534f48c3,2026-07-06T10:30:00Z,2026-07-06T12:30:00+0200,54357.39,MW,FR,FR,actual_load,Actual Load,2026-07-30T23:05:32Z
2026-07-30T23:03:49Z,2026-07-31T01:03:49+0200,f07b8511-917b-4433-baac-8bd8534f48c3,2026-07-06T10:45:00Z,2026-07-06T12:45:00+0200,54011.78,MW,FR,FR,actual_load,Actual Load,2026-07-30T23:05:32Z
2026-07-30T23:03:49Z,2026-07-31T01:03:49+0200,f07b8511-917b-4433-baac-8bd8534f48c3,2026-07-06T11:00:00Z,2026-07-06T13:00:00+0200,53946.13,MW,FR,FR,actual_load,Actual Load,2026-07-30T23:05:32Z
2026-07-30T23:03:49Z,2026-07-31T01:03:49+0200,f07b8511-917b-4433-baac-8bd8534f48c3,2026-07-06T11:15:00Z,2026-07-06T13:15:00+0200,53626.75,MW,FR,FR,actual_load,Actual Load,2026-07-30T23:05:32Z
2026-07-30T23:03:49Z,2026-07-31T01:03:49+0200,f07b8511-917b-4433-baac-8bd8534f48c3,2026-07-06T11:30:00Z,2026-07-06T13:30:00+0200,53518.23,MW,FR,FR,actual_load,Actual Load,2026-07-30T23:05:32Z
2026-07-30T23:03:49Z,2026-07-31T01:03:49+0200,f07b8511-917b-4433-baac-8bd8534f48c3,2026-07-06T11:45:00Z,2026-07-06T13:45:00+0200,53703.46,MW,FR,FR,actual_load,Actual Load,2026-07-30T23:05:32Z
2026-07-30T23:03:49Z,2026-07-31T01:03:49+0200,f07b8511-917b-4433-baac-8bd8534f48c3,2026-07-06T12:00:00Z,2026-07-06T14:00:00+0200,54874.95,MW,FR,FR,actual_load,Actual Load,2026-07-30T23:05:32Z
2026-07-30T23:03:49Z,2026-07-31T01:03:49+0200,f07b8511-917b-4433-baac-8bd8534f48c3,2026-07-06T12:15:00Z,2026-07-06T14:15:00+0200,54810.39,MW,FR,FR,actual_load,Actual Load,2026-07-30T23:05:32Z
2026-07-30T23:03:49Z,2026-07-31T01:03:49+0200,f07b8511-917b-4433-baac-8bd8534f48c3,2026-07-06T12:30:00Z,2026-07-06T14:30:00+0200,54957.14,MW,FR,FR,actual_load,Actual Load,2026-07-30T23:05:32Z
2026-07-30T23:03:49Z,2026-07-31T01:03:49+0200,f07b8511-917b-4433-baac-8bd8534f48c3,2026-07-06T12:45:00Z,2026-07-06T14:45:00+0200,54576.6,MW,FR,FR,actual_load,Actual Load,2026-07-30T23:05:32Z
2026-07-30T23:03:49Z,2026-07-31T01:03:49+0200,f07b8511-917b-4433-baac-8bd8534f48c3,2026-07-06T13:00:00Z,2026-07-06T15:00:00+0200,54703.11,MW,FR,FR,actual_load,Actual Load,2026-07-30T23:05:32Z
2026-07-30T23:03:49Z,2026-07-31T01:03:49+0200,f07b8511-917b-4433-baac-8bd8534f48c3,2026-07-06T13:15:00Z,2026-07-06T15:15:00+0200,54513.18,MW,FR,FR,actual_load,Actual Load,2026-07-30T23:05:32Z
2026-07-30T23:03:49Z,2026-07-31T01:03:49+0200,f07b8511-917b-4433-baac-8bd8534f48c3,2026-07-06T13:30:00Z,2026-07-06T15:30:00+0200,54263.07,MW,FR,FR,actual_load,Actual Load,2026-07-30T23:05:32Z
2026-07-30T23:03:49Z,2026-07-31T01:03:49+0200,f07b8511-917b-4433-baac-8bd8534f48c3,2026-07-06T13:45:00Z,2026-07-06T15:45:00+0200,53915.23,MW,FR,FR,actual_load,Actual Load,2026-07-30T23:05:32Z
2026-07-30T23:03:49Z,2026-07-31T01:03:49+0200,f07b8511-917b-4433-baac-8bd8534f48c3,2026-07-06T14:00:00Z,2026-07-06T16:00:00+0200,53669.93,MW,FR,FR,actual_load,Actual Load,2026-07-30T23:05:32Z
2026-07-30T23:03:49Z,2026-07-31T01:03:49+0200,f07b8511-917b-4433-baac-8bd8534f48c3,2026-07-06T14:15:00Z,2026-07-06T16:15:00+0200,53564.39,MW,FR,FR,actual_load,Actual Load,2026-07-30T23:05:32Z
2026-07-30T23:03:49Z,2026-07-31T01:03:49+0200,f07b8511-917b-4433-baac-8bd8534f48c3,2026-07-06T14:30:00Z,2026-07-06T16:30:00+0200,53068.48,MW,FR,FR,actual_load,Actual Load,2026-07-30T23:05:32Z
2026-07-30T23:03:49Z,2026-07-31T01:03:49+0200,f07b8511-917b-4433-baac-8bd8534f48c3,2026-07-06T14:45:00Z,2026-07-06T16:45:00+0200,52876.74,MW,FR,FR,actual_load,Actual Load,2026-07-30T23:05:32Z
2026-07-30T23:03:49Z,2026-07-31T01:03:49+0200,f07b8511-917b-4433-baac-8bd8534f48c3,2026-07-06T15:00:00Z,2026-07-06T17:00:00+0200,52686.34,MW,FR,FR,actual_load,Actual Load,2026-07-30T23:05:32Z
2026-07-30T23:03:49Z,2026-07-31T01:03:49+0200,f07b8511-917b-4433-baac-8bd8534f48c3,2026-07-06T15:15:00Z,2026-07-06T17:15:00+0200,52708.06,MW,FR,FR,actual_load,Actual Load,2026-07-30T23:05:32Z
2026-07-30T23:03:49Z,2026-07-31T01:03:49+0200,f07b8511-917b-4433-baac-8bd8534f48c3,2026-07-06T15:30:00Z,2026-07-06T17:30:00+0200,52795.65,MW,FR,FR,actual_load,Actual Load,2026-07-30T23:05:32Z
2026-07-30T23:03:49Z,2026-07-31T01:03:49+0200,f07b8511-917b-4433-baac-8bd8534f48c3,2026-07-06T15:45:00Z,2026-07-06T17:45:00+0200,52970.65,MW,FR,FR,actual_load,Actual Load,2026-07-30T23:05:32Z
2026-07-30T23:03:49Z,2026-07-31T01:03:49+0200,f07b8511-917b-4433-baac-8bd8534f48c3,2026-07-06T16:00:00Z,2026-07-06T18:00:00+0200,53183.12,MW,FR,FR,actual_load,Actual Load,2026-07-30T23:05:32Z
2026-07-30T23:03:49Z,2026-07-31T01:03:49+0200,f07b8511-917b-4433-baac-8bd8534f48c3,2026-07-06T16:15:00Z,2026-07-06T18:15:00+0200,53398.39,MW,FR,FR,actual_load,Actual Load,2026-07-30T23:05:32Z
2026-07-30T23:03:49Z,2026-07-31T01:03:49+0200,f07b8511-917b-4433-baac-8bd8534f48c3,2026-07-06T16:30:00Z,2026-07-06T18:30:00+0200,53638.02,MW,FR,FR,actual_load,Actual Load,2026-07-30T23:05:32Z
2026-07-30T23:03:49Z,2026-07-31T01:03:49+0200,f07b8511-917b-4433-baac-8bd8534f48c3,2026-07-06T16:45:00Z,2026-07-06T18:45:00+0200,54217.3,MW,FR,FR,actual_load,Actual Load,2026-07-30T23:05:32Z
2026-07-30T23:03:49Z,2026-07-31T01:03:49+0200,f07b8511-917b-4433-baac-8bd8534f48c3,2026-07-06T17:00:00Z,2026-07-06T19:00:00+0200,54453.75,MW,FR,FR,actual_load,Actual Load,2026-07-30T23:05:32Z
2026-07-30T23:03:49Z,2026-07-31T01:03:49+0200,f07b8511-917b-4433-baac-8bd8534f48c3,2026-07-06T17:15:00Z,2026-07-06T19:15:00+0200,54298.03,MW,FR,FR,actual_load,Actual Load,2026-07-30T23:05:32Z
2026-07-30T23:03:49Z,2026-07-31T01:03:49+0200,f07b8511-917b-4433-baac-8bd8534f48c3,2026-07-06T17:30:00Z,2026-07-06T19:30:00+0200,54207.24,MW,FR,FR,actual_load,Actual Load,2026-07-30T23:05:32Z
2026-07-30T23:03:49Z,2026-07-31T01:03:49+0200,f07b8511-917b-4433-baac-8bd8534f48c3,2026-07-06T17:45:00Z,2026-07-06T19:45:00+0200,54107.07,MW,FR,FR,actual_load,Actual Load,2026-07-30T23:05:32Z
2026-07-30T23:03:49Z,2026-07-31T01:03:49+0200,f07b8511-917b-4433-baac-8bd8534f48c3,2026-07-06T18:00:00Z,2026-07-06T20:00:00+0200,53599.78,MW,FR,FR,actual_load,Actual Load,2026-07-30T23:05:32Z
2026-07-30T23:03:49Z,2026-07-31T01:03:49+0200,f07b8511-917b-4433-baac-8bd8534f48c3,2026-07-06T18:15:00Z,2026-07-06T20:15:00+0200,52761.79,MW,FR,FR,actual_load,Actual Load,2026-07-30T23:05:32Z
2026-07-30T23:03:49Z,2026-07-31T01:03:49+0200,f07b8511-917b-4433-baac-8bd8534f48c3,2026-07-06T18:30:00Z,2026-07-06T20:30:00+0200,52216.81,MW,FR,FR,actual_load,Actual Load,2026-07-30T23:05:32Z
2026-07-30T23:03:49Z,2026-07-31T01:03:49+0200,f07b8511-917b-4433-baac-8bd8534f48c3,2026-07-06T18:45:00Z,2026-07-06T20:45:00+0200,51671.01,MW,FR,FR,actual_load,Actual Load,2026-07-30T23:05:32Z
2026-07-30T23:03:49Z,2026-07-31T01:03:49+0200,f07b8511-917b-4433-baac-8bd8534f48c3,2026-07-06T19:00:00Z,2026-07-06T21:00:00+0200,51447.05,MW,FR,FR,actual_load,Actual Load,2026-07-30T23:05:32Z
2026-07-30T23:03:49Z,2026-07-31T01:03:49+0200,f07b8511-917b-4433-baac-8bd8534f48c3,2026-07-06T19:15:00Z,2026-07-06T21:15:00+0200,50724.67,MW,FR,FR,actual_load,Actual Load,2026-07-30T23:05:32Z
2026-07-30T23:03:49Z,2026-07-31T01:03:49+0200,f07b8511-917b-4433-baac-8bd8534f48c3,2026-07-06T19:30:00Z,2026-07-06T21:30:00+0200,50278.66,MW,FR,FR,actual_load,Actual Load,2026-07-30T23:05:32Z
2026-07-30T23:03:49Z,2026-07-31T01:03:49+0200,f07b8511-917b-4433-baac-8bd8534f48c3,2026-07-06T19:45:00Z,2026-07-06T21:45:00+0200,49867.7,MW,FR,FR,actual_load,Actual Load,2026-07-30T23:05:32Z
2026-07-30T23:03:49Z,2026-07-31T01:03:49+0200,f07b8511-917b-4433-baac-8bd8534f48c3,2026-07-06T20:00:00Z,2026-07-06T22:00:00+0200,50883.2,MW,FR,FR,actual_load,Actual Load,2026-07-30T23:05:32Z
2026-07-30T23:03:49Z,2026-07-31T01:03:49+0200,f07b8511-917b-4433-baac-8bd8534f48c3,2026-07-06T20:15:00Z,2026-07-06T22:15:00+0200,50462.65,MW,FR,FR,actual_load,Actual Load,2026-07-30T23:05:32Z
2026-07-30T23:03:49Z,2026-07-31T01:03:49+0200,f07b8511-917b-4433-baac-8bd8534f48c3,2026-07-06T20:30:00Z,2026-07-06T22:30:00+0200,51559.09,MW,FR,FR,actual_load,Actual Load,2026-07-30T23:05:32Z
2026-07-30T23:03:49Z,2026-07-31T01:03:49+0200,f07b8511-917b-4433-baac-8bd8534f48c3,2026-07-06T20:45:00Z,2026-07-06T22:45:00+0200,50857.35,MW,FR,FR,actual_load,Actual Load,2026-07-30T23:05:32Z
2026-07-30T23:03:49Z,2026-07-31T01:03:49+0200,f07b8511-917b-4433-baac-8bd8534f48c3,2026-07-06T21:00:00Z,2026-07-06T23:00:00+0200,50105.64,MW,FR,FR,actual_load,Actual Load,2026-07-30T23:05:32Z
2026-07-30T23:03:49Z,2026-07-31T01:03:49+0200,f07b8511-917b-4433-baac-8bd8534f48c3,2026-07-06T21:15:00Z,2026-07-06T23:15:00+0200,48970.31,MW,FR,FR,actual_load,Actual Load,2026-07-30T23:05:32Z
2026-07-30T23:03:49Z,2026-07-31T01:03:49+0200,f07b8511-917b-4433-baac-8bd8534f48c3,2026-07-06T21:30:00Z,2026-07-06T23:30:00+0200,48999.29,MW,FR,FR,actual_load,Actual Load,2026-07-30T23:05:32Z
2026-07-30T23:03:49Z,2026-07-31T01:03:49+0200,f07b8511-917b-4433-baac-8bd8534f48c3,2026-07-06T21:45:00Z,2026-07-06T23:45:00+0200,47709.29,MW,FR,FR,actual_load,Actual Load,2026-07-30T23:05:32Z
2026-07-30T23:03:49Z,2026-07-31T01:03:49+0200,f07b8511-917b-4433-baac-8bd8534f48c3,2026-07-06T22:00:00Z,2026-07-07T00:00:00+0200,47343.43,MW,FR,FR,actual_load,Actual Load,2026-07-30T23:05:32Z
2026-07-30T23:03:49Z,2026-07-31T01:03:49+0200,f07b8511-917b-4433-baac-8bd8534f48c3,2026-07-06T22:15:00Z,2026-07-07T00:15:00+0200,46194.31,MW,FR,FR,actual_load,Actual Load,2026-07-30T23:05:32Z
2026-07-30T23:03:49Z,2026-07-31T01:03:49+0200,f07b8511-917b-4433-baac-8bd8534f48c3,2026-07-06T22:30:00Z,2026-07-07T00:30:00+0200,44744.18,MW,FR,FR,actual_load,Actual Load,2026-07-30T23:05:32Z
2026-07-30T23:03:49Z,2026-07-31T01:03:49+0200,f07b8511-917b-4433-baac-8bd8534f48c3,2026-07-06T22:45:00Z,2026-07-07T00:45:00+0200,43716.65,MW,FR,FR,actual_load,Actual Load,2026-07-30T23:05:32Z
2026-07-30T23:03:49Z,2026-07-31T01:03:49+0200,f07b8511-917b-4433-baac-8bd8534f48c3,2026-07-06T23:00:00Z,2026-07-07T01:00:00+0200,43809.22,MW,FR,FR,actual_load,Actual Load,2026-07-30T23:05:32Z
2026-07-30T23:03:49Z,2026-07-31T01:03:49+0200,f07b8511-917b-4433-baac-8bd8534f48c3,2026-07-06T23:15:00Z,2026-07-07T01:15:00+0200,43100.06,MW,FR,FR,actual_load,Actual Load,2026-07-30T23:05:32Z
2026-07-30T23:03:49Z,2026-07-31T01:03:49+0200,f07b8511-917b-4433-baac-8bd8534f48c3,2026-07-06T23:30:00Z,2026-07-07T01:30:00+0200,42761.18,MW,FR,FR,actual_load,Actual Load,2026-07-30T23:05:32Z
2026-07-30T23:03:49Z,2026-07-31T01:03:49+0200,f07b8511-917b-4433-baac-8bd8534f48c3,2026-07-06T23:45:00Z,2026-07-07T01:45:00+0200,41834.69,MW,FR,FR,actual_load,Actual Load,2026-07-30T23:05:32Z
2026-07-30T23:03:49Z,2026-07-31T01:03:49+0200,f07b8511-917b-4433-baac-8bd8534f48c3,2026-07-07T00:00:00Z,2026-07-07T02:00:00+0200,41549.61,MW,FR,FR,actual_load,Actual Load,2026-07-30T23:05:32Z
2026-07-30T23:03:49Z,2026-07-31T01:03:49+0200,f07b8511-917b-4433-baac-8bd8534f48c3,2026-07-07T00:15:00Z,2026-07-07T02:15:00+0200,40757.13,MW,FR,FR,actual_load,Actual Load,2026-07-30T23:05:32Z
2026-07-30T23:03:49Z,2026-07-31T01:03:49+0200,f07b8511-917b-4433-baac-8bd8534f48c3,2026-07-07T00:30:00Z,2026-07-07T02:30:00+0200,40095.27,MW,FR,FR,actual_load,Actual Load,2026-07-30T23:05:32Z
2026-07-30T23:03:49Z,2026-07-31T01:03:49+0200,f07b8511-917b-4433-baac-8bd8534f48c3,2026-07-07T00:45:00Z,2026-07-07T02:45:00+0200,39380.43,MW,FR,FR,actual_load,Actual Load,2026-07-30T23:05:32Z
2026-07-30T23:03:49Z,2026-07-31T01:03:49+0200,f07b8511-917b-4433-baac-8bd8534f48c3,2026-07-07T01:00:00Z,2026-07-07T03:00:00+0200,38913.0,MW,FR,FR,actual_load,Actual Load,2026-07-30T23:05:32Z
2026-07-30T23:03:49Z,2026-07-31T01:03:49+0200,f07b8511-917b-4433-baac-8bd8534f48c3,2026-07-07T01:15:00Z,2026-07-07T03:15:00+0200,38441.88,MW,FR,FR,actual_load,Actual Load,2026-07-30T23:05:32Z
2026-07-30T23:03:49Z,2026-07-31T01:03:49+0200,f07b8511-917b-4433-baac-8bd8534f48c3,2026-07-07T01:30:00Z,2026-07-07T03:30:00+0200,38200.85,MW,FR,FR,actual_load,Actual Load,2026-07-30T23:05:32Z
2026-07-30T23:03:49Z,2026-07-31T01:03:49+0200,f07b8511-917b-4433-baac-8bd8534f48c3,2026-07-07T01:45:00Z,2026-07-07T03:45:00+0200,37857.61,MW,FR,FR,actual_load,Actual Load,2026-07-30T23:05:32Z
2026-07-30T23:03:49Z,2026-07-31T01:03:49+0200,f07b8511-917b-4433-baac-8bd8534f48c3,2026-07-07T02:00:00Z,2026-07-07T04:00:00+0200,37972.82,MW,FR,FR,actual_load,Actual Load,2026-07-30T23:05:32Z
2026-07-30T23:03:49Z,2026-07-31T01:03:49+0200,f07b8511-917b-4433-baac-8bd8534f48c3,2026-07-07T02:15:00Z,2026-07-07T04:15:00+0200,37926.03,MW,FR,FR,actual_load,Actual Load,2026-07-30T23:05:32Z
2026-07-30T23:03:49Z,2026-07-31T01:03:49+0200,f07b8511-917b-4433-baac-8bd8534f48c3,2026-07-07T02:30:00Z,2026-07-07T04:30:00+0200,38072.01,MW,FR,FR,actual_load,Actual Load,2026-07-30T23:05:32Z
2026-07-30T23:03:49Z,2026-07-31T01:03:49+0200,f07b8511-917b-4433-baac-8bd8534f48c3,2026-07-07T02:45:00Z,2026-07-07T04:45:00+0200,38234.52,MW,FR,FR,actual_load,Actual Load,2026-07-30T23:05:32Z
2026-07-30T23:03:49Z,2026-07-31T01:03:49+0200,f07b8511-917b-4433-baac-8bd8534f48c3,2026-07-07T03:00:00Z,2026-07-07T05:00:00+0200,38864.39,MW,FR,FR,actual_load,Actual Load,2026-07-30T23:05:32Z
2026-07-30T23:03:49Z,2026-07-31T01:03:49+0200,f07b8511-917b-4433-baac-8bd8534f48c3,2026-07-07T03:15:00Z,2026-07-07T05:15:00+0200,39182.14,MW,FR,FR,actual_load,Actual Load,2026-07-30T23:05:32Z
2026-07-30T23:03:49Z,2026-07-31T01:03:49+0200,f07b8511-917b-4433-baac-8bd8534f48c3,2026-07-07T03:30:00Z,2026-07-07T05:30:00+0200,39415.25,MW,FR,FR,actual_load,Actual Load,2026-07-30T23:05:32Z
2026-07-30T23:03:49Z,2026-07-31T01:03:49+0200,f07b8511-917b-4433-baac-8bd8534f48c3,2026-07-07T03:45:00Z,2026-07-07T05:45:00+0200,39598.24,MW,FR,FR,actual_load,Actual Load,2026-07-30T23:05:32Z
2026-07-30T23:03:49Z,2026-07-31T01:03:49+0200,f07b8511-917b-4433-baac-8bd8534f48c3,2026-07-07T04:00:00Z,2026-07-07T06:00:00+0200,40602.0,MW,FR,FR,actual_load,Actual Load,2026-07-30T23:05:32Z
2026-07-30T23:03:49Z,2026-07-31T01:03:49+0200,f07b8511-917b-4433-baac-8bd8534f48c3,2026-07-07T04:15:00Z,2026-07-07T06:15:00+0200,41279.59,MW,FR,FR,actual_load,Actual Load,2026-07-30T23:05:32Z
2026-07-30T23:03:49Z,2026-07-31T01:03:49+0200,f07b8511-917b-4433-baac-8bd8534f48c3,2026-07-07T04:30:00Z,2026-07-07T06:30:00+0200,41895.36,MW,FR,FR,actual_load,Actual Load,2026-07-30T23:05:32Z
2026-07-30T23:03:49Z,2026-07-31T01:03:49+0200,f07b8511-917b-4433-baac-8bd8534f48c3,2026-07-07T04:45:00Z,2026-07-07T06:45:00+0200,42654.45,MW,FR,FR,actual_load,Actual Load,2026-07-30T23:05:32Z
2026-07-30T23:03:49Z,2026-07-31T01:03:49+0200,f07b8511-917b-4433-baac-8bd8534f48c3,2026-07-07T05:00:00Z,2026-07-07T07:00:00+0200,43415.11,MW,FR,FR,actual_load,Actual Load,2026-07-30T23:05:32Z
2026-07-30T23:03:49Z,2026-07-31T01:03:49+0200,f07b8511-917b-4433-baac-8bd8534f48c3,2026-07-07T05:15:00Z,2026-07-07T07:15:00+0200,44207.93,MW,FR,FR,actual_load,Actual Load,2026-07-30T23:05:32Z
2026-07-30T23:03:49Z,2026-07-31T01:03:49+0200,f07b8511-917b-4433-baac-8bd8534f48c3,2026-07-07T05:30:00Z,2026-07-07T07:30:00+0200,44822.23,MW,FR,FR,actual_load,Actual Load,2026-07-30T23:05:32Z
2026-07-30T23:03:49Z,2026-07-31T01:03:49+0200,f07b8511-917b-4433-baac-8bd8534f48c3,2026-07-07T05:45:00Z,2026-07-07T07:45:00+0200,45439.46,MW,FR,FR,actual_load,Actual Load,2026-07-30T23:05:32Z
2026-07-30T23:03:49Z,2026-07-31T01:03:49+0200,f07b8511-917b-4433-baac-8bd8534f48c3,2026-07-07T06:00:00Z,2026-07-07T08:00:00+0200,46255.2,MW,FR,FR,actual_load,Actual Load,2026-07-30T23:05:32Z
2026-07-30T23:03:49Z,2026-07-31T01:03:49+0200,f07b8511-917b-4433-baac-8bd8534f48c3,2026-07-07T06:15:00Z,2026-07-07T08:15:00+0200,46885.76,MW,FR,FR,actual_load,Actual Load,2026-07-30T23:05:32Z
2026-07-30T23:03:49Z,2026-07-31T01:03:49+0200,f07b8511-917b-4433-baac-8bd8534f48c3,2026-07-07T06:30:00Z,2026-07-07T08:30:00+0200,47473.05,MW,FR,FR,actual_load,Actual Load,2026-07-30T23:05:32Z
2026-07-30T23:03:49Z,2026-07-31T01:03:49+0200,f07b8511-917b-4433-baac-8bd8534f48c3,2026-07-07T06:45:00Z,2026-07-07T08:45:00+0200,48057.15,MW,FR,FR,actual_load,Actual Load,2026-07-30T23:05:32Z
2026-07-30T23:03:49Z,2026-07-31T01:03:49+0200,f07b8511-917b-4433-baac-8bd8534f48c3,2026-07-07T07:00:00Z,2026-07-07T09:00:00+0200,49073.77,MW,FR,FR,actual_load,Actual Load,2026-07-30T23:05:32Z
2026-07-30T23:03:49Z,2026-07-31T01:03:49+0200,f07b8511-917b-4433-baac-8bd8534f48c3,2026-07-07T07:15:00Z,2026-07-07T09:15:00+0200,49606.74,MW,FR,FR,actual_load,Actual Load,2026-07-30T23:05:32Z
2026-07-30T23:03:49Z,2026-07-31T01:03:49+0200,f07b8511-917b-4433-baac-8bd8534f48c3,2026-07-07T07:30:00Z,2026-07-07T09:30:00+0200,49908.38,MW,FR,FR,actual_load,Actual Load,2026-07-30T23:05:32Z
2026-07-30T23:03:49Z,2026-07-31T01:03:49+0200,f07b8511-917b-4433-baac-8bd8534f48c3,2026-07-07T07:45:00Z,2026-07-07T09:45:00+0200,50440.63,MW,FR,FR,actual_load,Actual Load,2026-07-30T23:05:32Z
2026-07-30T23:03:49Z,2026-07-31T01:03:49+0200,f07b8511-917b-4433-baac-8bd8534f48c3,2026-07-07T08:00:00Z,2026-07-07T10:00:00+0200,51037.17,MW,FR,FR,actual_load,Actual Load,2026-07-30T23:05:32Z
2026-07-30T23:03:49Z,2026-07-31T01:03:49+0200,f07b8511-917b-4433-baac-8bd8534f48c3,2026-07-07T08:15:00Z,2026-07-07T10:15:00+0200,51435.54,MW,FR,FR,actual_load,Actual Load,2026-07-30T23:05:32Z
2026-07-30T23:03:49Z,2026-07-31T01:03:49+0200,f07b8511-917b-4433-baac-8bd8534f48c3,2026-07-07T08:30:00Z,2026-07-07T10:30:00+0200,51882.38,MW,FR,FR,actual_load,Actual Load,2026-07-30T23:05:32Z
2026-07-30T23:03:49Z,2026-07-31T01:03:49+0200,f07b8511-917b-4433-baac-8bd8534f48c3,2026-07-07T08:45:00Z,2026-07-07T10:45:00+0200,52725.43,MW,FR,FR,actual_load,Actual Load,2026-07-30T23:05:32Z
2026-07-30T23:03:49Z,2026-07-31T01:03:49+0200,f07b8511-917b-4433-baac-8bd8534f48c3,2026-07-07T09:00:00Z,2026-07-07T11:00:00+0200,53033.54,MW,FR,FR,actual_load,Actual Load,2026-07-30T23:05:32Z
2026-07-30T23:03:49Z,2026-07-31T01:03:49+0200,f07b8511-917b-4433-baac-8bd8534f48c3,2026-07-07T09:15:00Z,2026-07-07T11:15:00+0200,53530.93,MW,FR,FR,actual_load,Actual Load,2026-07-30T23:05:32Z
2026-07-30T23:03:49Z,2026-07-31T01:03:49+0200,f07b8511-917b-4433-baac-8bd8534f48c3,2026-07-07T09:30:00Z,2026-07-07T11:30:00+0200,54009.18,MW,FR,FR,actual_load,Actual Load,2026-07-30T23:05:32Z
2026-07-30T23:03:49Z,2026-07-31T01:03:49+0200,f07b8511-917b-4433-baac-8bd8534f48c3,2026-07-07T09:45:00Z,2026-07-07T11:45:00+0200,54235.18,MW,FR,FR,actual_load,Actual Load,2026-07-30T23:05:32Z
2026-07-30T23:03:49Z,2026-07-31T01:03:49+0200,f07b8511-917b-4433-baac-8bd8534f48c3,2026-07-07T10:00:00Z,2026-07-07T12:00:00+0200,54461.13,MW,FR,FR,actual_load,Actual Load,2026-07-30T23:05:32Z
2026-07-30T23:03:49Z,2026-07-31T01:03:49+0200,f07b8511-917b-4433-baac-8bd8534f48c3,2026-07-07T10:15:00Z,2026-07-07T12:15:00+0200,54560.23,MW,FR,FR,actual_load,Actual Load,2026-07-30T23:05:32Z
2026-07-30T23:03:49Z,2026-07-31T01:03:49+0200,f07b8511-917b-4433-baac-8bd8534f48c3,2026-07-07T10:30:00Z,2026-07-07T12:30:00+0200,55131.39,MW,FR,FR,actual_load,Actual Load,2026-07-30T23:05:32Z
2026-07-30T23:03:49Z,2026-07-31T01:03:49+0200,f07b8511-917b-4433-baac-8bd8534f48c3,2026-07-07T10:45:00Z,2026-07-07T12:45:00+0200,54828.05,MW,FR,FR,actual_load,Actual Load,2026-07-30T23:05:32Z
2026-07-30T23:03:49Z,2026-07-31T01:03:49+0200,f07b8511-917b-4433-baac-8bd8534f48c3,2026-07-07T11:00:00Z,2026-07-07T13:00:00+0200,54725.74,MW,FR,FR,actual_load,Actual Load,2026-07-30T23:05:32Z
2026-07-30T23:03:49Z,2026-07-31T01:03:49+0200,f07b8511-917b-4433-baac-8bd8534f48c3,2026-07-07T11:15:00Z,2026-07-07T13:15:00+0200,54423.6,MW,FR,FR,actual_load,Actual Load,2026-07-30T23:05:32Z
2026-07-30T23:03:49Z,2026-07-31T01:03:49+0200,f07b8511-917b-4433-baac-8bd8534f48c3,2026-07-07T11:30:00Z,2026-07-07T13:30:00+0200,54421.7,MW,FR,FR,actual_load,Actual Load,2026-07-30T23:05:32Z
2026-07-30T23:03:49Z,2026-07-31T01:03:49+0200,f07b8511-917b-4433-baac-8bd8534f48c3,2026-07-07T11:45:00Z,2026-07-07T13:45:00+0200,54419.0,MW,FR,FR,actual_load,Actual Load,2026-07-30T23:05:32Z
2026-07-30T23:03:49Z,2026-07-31T01:03:49+0200,f07b8511-917b-4433-baac-8bd8534f48c3,2026-07-07T12:00:00Z,2026-07-07T14:00:00+0200,55104.8,MW,FR,FR,actual_load,Actual Load,2026-07-30T23:05:32Z
2026-07-30T23:03:49Z,2026-07-31T01:03:49+0200,f07b8511-917b-4433-baac-8bd8534f48c3,2026-07-07T12:15:00Z,2026-07-07T14:15:00+0200,55843.35,MW,FR,FR,actual_load,Actual Load,2026-07-30T23:05:32Z
2026-07-30T23:03:49Z,2026-07-31T01:03:49+0200,f07b8511-917b-4433-baac-8bd8534f48c3,2026-07-07T12:30:00Z,2026-07-07T14:30:00+0200,56208.34,MW,FR,FR,actual_load,Actual Load,2026-07-30T23:05:32Z
2026-07-30T23:03:49Z,2026-07-31T01:03:49+0200,f07b8511-917b-4433-baac-8bd8534f48c3,2026-07-07T12:45:00Z,2026-07-07T14:45:00+0200,56185.9,MW,FR,FR,actual_load,Actual Load,2026-07-30T23:05:32Z
2026-07-30T23:03:49Z,2026-07-31T01:03:49+0200,f07b8511-917b-4433-baac-8bd8534f48c3,2026-07-07T13:00:00Z,2026-07-07T15:00:00+0200,55658.58,MW,FR,FR,actual_load,Actual Load,2026-07-30T23:05:32Z
2026-07-30T23:03:49Z,2026-07-31T01:03:49+0200,f07b8511-917b-4433-baac-8bd8534f48c3,2026-07-07T13:15:00Z,2026-07-07T15:15:00+0200,55165.09,MW,FR,FR,actual_load,Actual Load,2026-07-30T23:05:32Z
2026-07-30T23:03:49Z,2026-07-31T01:03:49+0200,f07b8511-917b-4433-baac-8bd8534f48c3,2026-07-07T13:30:00Z,2026-07-07T15:30:00+0200,54939.0,MW,FR,FR,actual_load,Actual Load,2026-07-30T23:05:32Z
2026-07-30T23:03:49Z,2026-07-31T01:03:49+0200,f07b8511-917b-4433-baac-8bd8534f48c3,2026-07-07T13:45:00Z,2026-07-07T15:45:00+0200,54758.39,MW,FR,FR,actual_load,Actual Load,2026-07-30T23:05:32Z
2026-07-30T23:03:49Z,2026-07-31T01:03:49+0200,f07b8511-917b-4433-baac-8bd8534f48c3,2026-07-07T14:00:00Z,2026-07-07T16:00:00+0200,54578.0,MW,FR,FR,actual_load,Actual Load,2026-07-30T23:05:32Z
2026-07-30T23:03:49Z,2026-07-31T01:03:49+0200,f07b8511-917b-4433-baac-8bd8534f48c3,2026-07-07T14:15:00Z,2026-07-07T16:15:00+0200,54311.11,MW,FR,FR,actual_load,Actual Load,2026-07-30T23:05:32Z
2026-07-30T23:03:49Z,2026-07-31T01:03:49+0200,f07b8511-917b-4433-baac-8bd8534f48c3,2026-07-07T14:30:00Z,2026-07-07T16:30:00+0200,54169.93,MW,FR,FR,actual_load,Actual Load,2026-07-30T23:05:32Z
2026-07-30T23:03:49Z,2026-07-31T01:03:49+0200,f07b8511-917b-4433-baac-8bd8534f48c3,2026-07-07T14:45:00Z,2026-07-07T16:45:00+0200,53904.97,MW,FR,FR,actual_load,Actual Load,2026-07-30T23:05:32Z
2026-07-30T23:03:49Z,2026-07-31T01:03:49+0200,f07b8511-917b-4433-baac-8bd8534f48c3,2026-07-07T15:00:00Z,2026-07-07T17:00:00+0200,53799.68,MW,FR,FR,actual_load,Actual Load,2026-07-30T23:05:32Z
2026-07-30T23:03:49Z,2026-07-31T01:03:49+0200,f07b8511-917b-4433-baac-8bd8534f48c3,2026-07-07T15:15:00Z,2026-07-07T17:15:00+0200,53789.71,MW,FR,FR,actual_load,Actual Load,2026-07-30T23:05:32Z
2026-07-30T23:03:49Z,2026-07-31T01:03:49+0200,f07b8511-917b-4433-baac-8bd8534f48c3,2026-07-07T15:30:00Z,2026-07-07T17:30:00+0200,53847.67,MW,FR,FR,actual_load,Actual Load,2026-07-30T23:05:32Z
2026-07-30T23:03:49Z,2026-07-31T01:03:49+0200,f07b8511-917b-4433-baac-8bd8534f48c3,2026-07-07T15:45:00Z,2026-07-07T17:45:00+0200,53894.11,MW,FR,FR,actual_load,Actual Load,2026-07-30T23:05:32Z
2026-07-30T23:03:49Z,2026-07-31T01:03:49+0200,f07b8511-917b-4433-baac-8bd8534f48c3,2026-07-07T16:00:00Z,2026-07-07T18:00:00+0200,53993.15,MW,FR,FR,actual_load,Actual Load,2026-07-30T23:05:32Z
2026-07-30T23:03:49Z,2026-07-31T01:03:49+0200,f07b8511-917b-4433-baac-8bd8534f48c3,2026-07-07T16:15:00Z,2026-07-07T18:15:00+0200,54168.83,MW,FR,FR,actual_load,Actual Load,2026-07-30T23:05:32Z
2026-07-30T23:03:49Z,2026-07-31T01:03:49+0200,f07b8511-917b-4433-baac-8bd8534f48c3,2026-07-07T16:30:00Z,2026-07-07T18:30:00+0200,54525.43,MW,FR,FR,actual_load,Actual Load,2026-07-30T23:05:32Z
2026-07-30T23:03:49Z,2026-07-31T01:03:49+0200,f07b8511-917b-4433-baac-8bd8534f48c3,2026-07-07T16:45:00Z,2026-07-07T18:45:00+0200,54864.9,MW,FR,FR,actual_load,Actual Load,2026-07-30T23:05:32Z
2026-07-30T23:03:49Z,2026-07-31T01:03:49+0200,f07b8511-917b-4433-baac-8bd8534f48c3,2026-07-07T17:00:00Z,2026-07-07T19:00:00+0200,55024.58,MW,FR,FR,actual_load,Actual Load,2026-07-30T23:05:32Z
2026-07-30T23:03:49Z,2026-07-31T01:03:49+0200,f07b8511-917b-4433-baac-8bd8534f48c3,2026-07-07T17:15:00Z,2026-07-07T19:15:00+0200,54766.61,MW,FR,FR,actual_load,Actual Load,2026-07-30T23:05:32Z
2026-07-30T23:03:49Z,2026-07-31T01:03:49+0200,f07b8511-917b-4433-baac-8bd8534f48c3,2026-07-07T17:30:00Z,2026-07-07T19:30:00+0200,54343.33,MW,FR,FR,actual_load,Actual Load,2026-07-30T23:05:32Z
2026-07-30T23:03:49Z,2026-07-31T01:03:49+0200,f07b8511-917b-4433-baac-8bd8534f48c3,2026-07-07T17:45:00Z,2026-07-07T19:45:00+0200,53884.05,MW,FR,FR,actual_load,Actual Load,2026-07-30T23:05:32Z
2026-07-30T23:03:49Z,2026-07-31T01:03:49+0200,f07b8511-917b-4433-baac-8bd8534f48c3,2026-07-07T18:00:00Z,2026-07-07T20:00:00+0200,53532.48,MW,FR,FR,actual_load,Actual Load,2026-07-30T23:05:32Z
2026-07-30T23:03:49Z,2026-07-31T01:03:49+0200,f07b8511-917b-4433-baac-8bd8534f48c3,2026-07-07T18:15:00Z,2026-07-07T20:15:00+0200,52962.88,MW,FR,FR,actual_load,Actual Load,2026-07-30T23:05:32Z
2026-07-30T23:03:49Z,2026-07-31T01:03:49+0200,f07b8511-917b-4433-baac-8bd8534f48c3,2026-07-07T18:30:00Z,2026-07-07T20:30:00+0200,52515.16,MW,FR,FR,actual_load,Actual Load,2026-07-30T23:05:32Z
2026-07-30T23:03:49Z,2026-07-31T01:03:49+0200,f07b8511-917b-4433-baac-8bd8534f48c3,2026-07-07T18:45:00Z,2026-07-07T20:45:00+0200,51813.66,MW,FR,FR,actual_load,Actual Load,2026-07-30T23:05:32Z
2026-07-30T23:03:49Z,2026-07-31T01:03:49+0200,f07b8511-917b-4433-baac-8bd8534f48c3,2026-07-07T19:00:00Z,2026-07-07T21:00:00+0200,51375.87,MW,FR,FR,actual_load,Actual Load,2026-07-30T23:05:32Z
2026-07-30T23:03:49Z,2026-07-31T01:03:49+0200,f07b8511-917b-4433-baac-8bd8534f48c3,2026-07-07T19:15:00Z,2026-07-07T21:15:00+0200,50941.93,MW,FR,FR,actual_load,Actual Load,2026-07-30T23:05:32Z
2026-07-30T23:03:49Z,2026-07-31T01:03:49+0200,f07b8511-917b-4433-baac-8bd8534f48c3,2026-07-07T19:30:00Z,2026-07-07T21:30:00+0200,50576.2,MW,FR,FR,actual_load,Actual Load,2026-07-30T23:05:32Z
2026-07-30T23:03:49Z,2026-07-31T01:03:49+0200,f07b8511-917b-4433-baac-8bd8534f48c3,2026-07-07T19:45:00Z,2026-07-07T21:45:00+0200,50130.02,MW,FR,FR,actual_load,Actual Load,2026-07-30T23:05:32Z
2026-07-30T23:03:49Z,2026-07-31T01:03:49+0200,f07b8511-917b-4433-baac-8bd8534f48c3,2026-07-07T20:00:00Z,2026-07-07T22:00:00+0200,51193.27,MW,FR,FR,actual_load,Actual Load,2026-07-30T23:05:32Z
2026-07-30T23:03:49Z,2026-07-31T01:03:49+0200,f07b8511-917b-4433-baac-8bd8534f48c3,2026-07-07T20:15:00Z,2026-07-07T22:15:00+0200,51067.28,MW,FR,FR,actual_load,Actual Load,2026-07-30T23:05:32Z
2026-07-30T23:03:49Z,2026-07-31T01:03:49+0200,f07b8511-917b-4433-baac-8bd8534f48c3,2026-07-07T20:30:00Z,2026-07-07T22:30:00+0200,51931.64,MW,FR,FR,actual_load,Actual Load,2026-07-30T23:05:32Z
2026-07-30T23:03:49Z,2026-07-31T01:03:49+0200,f07b8511-917b-4433-baac-8bd8534f48c3,2026-07-07T20:45:00Z,2026-07-07T22:45:00+0200,51227.25,MW,FR,FR,actual_load,Actual Load,2026-07-30T23:05:32Z
2026-07-30T23:03:49Z,2026-07-31T01:03:49+0200,f07b8511-917b-4433-baac-8bd8534f48c3,2026-07-07T21:00:00Z,2026-07-07T23:00:00+0200,50887.68,MW,FR,FR,actual_load,Actual Load,2026-07-30T23:05:32Z
2026-07-30T23:03:49Z,2026-07-31T01:03:49+0200,f07b8511-917b-4433-baac-8bd8534f48c3,2026-07-07T21:15:00Z,2026-07-07T23:15:00+0200,49691.3,MW,FR,FR,actual_load,Actual Load,2026-07-30T23:05:32Z
2026-07-30T23:03:49Z,2026-07-31T01:03:49+0200,f07b8511-917b-4433-baac-8bd8534f48c3,2026-07-07T21:30:00Z,2026-07-07T23:30:00+0200,49671.84,MW,FR,FR,actual_load,Actual Load,2026-07-30T23:05:32Z
2026-07-30T23:03:49Z,2026-07-31T01:03:49+0200,f07b8511-917b-4433-baac-8bd8534f48c3,2026-07-07T21:45:00Z,2026-07-07T23:45:00+0200,48376.88,MW,FR,FR,actual_load,Actual Load,2026-07-30T23:05:32Z
2026-07-30T23:03:49Z,2026-07-31T01:03:49+0200,f07b8511-917b-4433-baac-8bd8534f48c3,2026-07-07T22:00:00Z,2026-07-08T00:00:00+0200,47950.88,MW,FR,FR,actual_load,Actual Load,2026-07-30T23:05:32Z
2026-07-30T23:03:49Z,2026-07-31T01:03:49+0200,f07b8511-917b-4433-baac-8bd8534f48c3,2026-07-07T22:15:00Z,2026-07-08T00:15:00+0200,46674.18,MW,FR,FR,actual_load,Actual Load,2026-07-30T23:05:32Z
2026-07-30T23:03:49Z,2026-07-31T01:03:49+0200,f07b8511-917b-4433-baac-8bd8534f48c3,2026-07-07T22:30:00Z,2026-07-08T00:30:00+0200,45312.65,MW,FR,FR,actual_load,Actual Load,2026-07-30T23:05:32Z
2026-07-30T23:03:49Z,2026-07-31T01:03:49+0200,f07b8511-917b-4433-baac-8bd8534f48c3,2026-07-07T22:45:00Z,2026-07-08T00:45:00+0200,44340.23,MW,FR,FR,actual_load,Actual Load,2026-07-30T23:05:32Z
2026-07-30T23:03:49Z,2026-07-31T01:03:49+0200,f07b8511-917b-4433-baac-8bd8534f48c3,2026-07-07T23:00:00Z,2026-07-08T01:00:00+0200,44470.7,MW,FR,FR,actual_load,Actual Load,2026-07-30T23:05:32Z
2026-07-30T23:03:49Z,2026-07-31T01:03:49+0200,f07b8511-917b-4433-baac-8bd8534f48c3,2026-07-07T23:15:00Z,2026-07-08T01:15:00+0200,43669.39,MW,FR,FR,actual_load,Actual Load,2026-07-30T23:05:32Z
2026-07-30T23:03:49Z,2026-07-31T01:03:49+0200,f07b8511-917b-4433-baac-8bd8534f48c3,2026-07-07T23:30:00Z,2026-07-08T01:30:00+0200,43610.58,MW,FR,FR,actual_load,Actual Load,2026-07-30T23:05:32Z
2026-07-30T23:03:49Z,2026-07-31T01:03:49+0200,f07b8511-917b-4433-baac-8bd8534f48c3,2026-07-07T23:45:00Z,2026-07-08T01:45:00+0200,42802.16,MW,FR,FR,actual_load,Actual Load,2026-07-30T23:05:32Z
2026-07-30T23:03:49Z,2026-07-31T01:03:49+0200,f07b8511-917b-4433-baac-8bd8534f48c3,2026-07-08T00:00:00Z,2026-07-08T02:00:00+0200,42384.64,MW,FR,FR,actual_load,Actual Load,2026-07-30T23:05:32Z
2026-07-30T23:03:49Z,2026-07-31T01:03:49+0200,f07b8511-917b-4433-baac-8bd8534f48c3,2026-07-08T00:15:00Z,2026-07-08T02:15:00+0200,41534.81,MW,FR,FR,actual_load,Actual Load,2026-07-30T23:05:32Z
2026-07-30T23:03:49Z,2026-07-31T01:03:49+0200,f07b8511-917b-4433-baac-8bd8534f48c3,2026-07-08T00:30:00Z,2026-07-08T02:30:00+0200,40770.47,MW,FR,FR,actual_load,Actual Load,2026-07-30T23:05:32Z
2026-07-30T23:03:49Z,2026-07-31T01:03:49+0200,f07b8511-917b-4433-baac-8bd8534f48c3,2026-07-08T00:45:00Z,2026-07-08T02:45:00+0200,40331.7,MW,FR,FR,actual_load,Actual Load,2026-07-30T23:05:32Z
2026-07-30T23:03:49Z,2026-07-31T01:03:49+0200,f07b8511-917b-4433-baac-8bd8534f48c3,2026-07-08T01:00:00Z,2026-07-08T03:00:00+0200,39897.42,MW,FR,FR,actual_load,Actual Load,2026-07-30T23:05:32Z
2026-07-30T23:03:49Z,2026-07-31T01:03:49+0200,f07b8511-917b-4433-baac-8bd8534f48c3,2026-07-08T01:15:00Z,2026-07-08T03:15:00+0200,39378.95,MW,FR,FR,actual_load,Actual Load,2026-07-30T23:05:32Z
2026-07-30T23:03:49Z,2026-07-31T01:03:49+0200,f07b8511-917b-4433-baac-8bd8534f48c3,2026-07-08T01:30:00Z,2026-07-08T03:30:00+0200,39231.67,MW,FR,FR,actual_load,Actual Load,2026-07-30T23:05:32Z
2026-07-30T23:03:49Z,2026-07-31T01:03:49+0200,f07b8511-917b-4433-baac-8bd8534f48c3,2026-07-08T01:45:00Z,2026-07-08T03:45:00+0200,38955.32,MW,FR,FR,actual_load,Actual Load,2026-07-30T23:05:32Z
2026-07-30T23:03:49Z,2026-07-31T01:03:49+0200,f07b8511-917b-4433-baac-8bd8534f48c3,2026-07-08T02:00:00Z,2026-07-08T04:00:00+0200,38776.29,MW,FR,FR,actual_load,Actual Load,2026-07-30T23:05:32Z
2026-07-30T23:03:49Z,2026-07-31T01:03:49+0200,f07b8511-917b-4433-baac-8bd8534f48c3,2026-07-08T02:15:00Z,2026-07-08T04:15:00+0200,38641.48,MW,FR,FR,actual_load,Actual Load,2026-07-30T23:05:32Z
2026-07-30T23:03:49Z,2026-07-31T01:03:49+0200,f07b8511-917b-4433-baac-8bd8534f48c3,2026-07-08T02:30:00Z,2026-07-08T04:30:00+0200,38580.65,MW,FR,FR,actual_load,Actual Load,2026-07-30T23:05:32Z
2026-07-30T23:03:49Z,2026-07-31T01:03:49+0200,f07b8511-917b-4433-baac-8bd8534f48c3,2026-07-08T02:45:00Z,2026-07-08T04:45:00+0200,38683.73,MW,FR,FR,actual_load,Actual Load,2026-07-30T23:05:32Z
2026-07-30T23:03:49Z,2026-07-31T01:03:49+0200,f07b8511-917b-4433-baac-8bd8534f48c3,2026-07-08T03:00:00Z,2026-07-08T05:00:00+0200,39442.23,MW,FR,FR,actual_load,Actual Load,2026-07-30T23:05:32Z
2026-07-30T23:03:49Z,2026-07-31T01:03:49+0200,f07b8511-917b-4433-baac-8bd8534f48c3,2026-07-08T03:15:00Z,2026-07-08T05:15:00+0200,39871.5,MW,FR,FR,actual_load,Actual Load,2026-07-30T23:05:32Z
2026-07-30T23:03:49Z,2026-07-31T01:03:49+0200,f07b8511-917b-4433-baac-8bd8534f48c3,2026-07-08T03:30:00Z,2026-07-08T05:30:00+0200,40315.92,MW,FR,FR,actual_load,Actual Load,2026-07-30T23:05:32Z
2026-07-30T23:03:49Z,2026-07-31T01:03:49+0200,f07b8511-917b-4433-baac-8bd8534f48c3,2026-07-08T03:45:00Z,2026-07-08T05:45:00+0200,40760.18,MW,FR,FR,actual_load,Actual Load,2026-07-30T23:05:32Z
2026-07-30T23:03:49Z,2026-07-31T01:03:49+0200,f07b8511-917b-4433-baac-8bd8534f48c3,2026-07-08T04:00:00Z,2026-07-08T06:00:00+0200,41451.32,MW,FR,FR,actual_load,Actual Load,2026-07-30T23:05:32Z
2026-07-30T23:03:49Z,2026-07-31T01:03:49+0200,f07b8511-917b-4433-baac-8bd8534f48c3,2026-07-08T04:15:00Z,2026-07-08T06:15:00+0200,42075.04,MW,FR,FR,actual_load,Actual Load,2026-07-30T23:05:32Z
2026-07-30T23:03:49Z,2026-07-31T01:03:49+0200,f07b8511-917b-4433-baac-8bd8534f48c3,2026-07-08T04:30:00Z,2026-07-08T06:30:00+0200,42563.45,MW,FR,FR,actual_load,Actual Load,2026-07-30T23:05:32Z
2026-07-30T23:03:49Z,2026-07-31T01:03:49+0200,f07b8511-917b-4433-baac-8bd8534f48c3,2026-07-08T04:45:00Z,2026-07-08T06:45:00+0200,43176.77,MW,FR,FR,actual_load,Actual Load,2026-07-30T23:05:32Z
2026-07-30T23:03:49Z,2026-07-31T01:03:49+0200,f07b8511-917b-4433-baac-8bd8534f48c3,2026-07-08T05:00:00Z,2026-07-08T07:00:00+0200,43981.1,MW,FR,FR,actual_load,Actual Load,2026-07-30T23:05:32Z
2026-07-30T23:03:49Z,2026-07-31T01:03:49+0200,f07b8511-917b-4433-baac-8bd8534f48c3,2026-07-08T05:15:00Z,2026-07-08T07:15:00+0200,44842.92,MW,FR,FR,actual_load,Actual Load,2026-07-30T23:05:32Z
2026-07-30T23:03:49Z,2026-07-31T01:03:49+0200,f07b8511-917b-4433-baac-8bd8534f48c3,2026-07-08T05:30:00Z,2026-07-08T07:30:00+0200,45402.96,MW,FR,FR,actual_load,Actual Load,2026-07-30T23:05:32Z
2026-07-30T23:03:49Z,2026-07-31T01:03:49+0200,f07b8511-917b-4433-baac-8bd8534f48c3,2026-07-08T05:45:00Z,2026-07-08T07:45:00+0200,46302.6,MW,FR,FR,actual_load,Actual Load,2026-07-30T23:05:32Z
2026-07-30T23:03:49Z,2026-07-31T01:03:49+0200,f07b8511-917b-4433-baac-8bd8534f48c3,2026-07-08T06:00:00Z,2026-07-08T08:00:00+0200,47048.22,MW,FR,FR,actual_load,Actual Load,2026-07-30T23:05:32Z
2026-07-30T23:03:49Z,2026-07-31T01:03:49+0200,f07b8511-917b-4433-baac-8bd8534f48c3,2026-07-08T06:15:00Z,2026-07-08T08:15:00+0200,47843.7,MW,FR,FR,actual_load,Actual Load,2026-07-30T23:05:32Z
2026-07-30T23:03:49Z,2026-07-31T01:03:49+0200,f07b8511-917b-4433-baac-8bd8534f48c3,2026-07-08T06:30:00Z,2026-07-08T08:30:00+0200,48561.4,MW,FR,FR,actual_load,Actual Load,2026-07-30T23:05:32Z
2026-07-30T23:03:49Z,2026-07-31T01:03:49+0200,f07b8511-917b-4433-baac-8bd8534f48c3,2026-07-08T06:45:00Z,2026-07-08T08:45:00+0200,49055.98,MW,FR,FR,actual_load,Actual Load,2026-07-30T23:05:32Z
2026-07-30T23:03:49Z,2026-07-31T01:03:49+0200,f07b8511-917b-4433-baac-8bd8534f48c3,2026-07-08T07:00:00Z,2026-07-08T09:00:00+0200,49866.45,MW,FR,FR,actual_load,Actual Load,2026-07-30T23:05:32Z
2026-07-30T23:03:49Z,2026-07-31T01:03:49+0200,f07b8511-917b-4433-baac-8bd8534f48c3,2026-07-08T07:15:00Z,2026-07-08T09:15:00+0200,50405.83,MW,FR,FR,actual_load,Actual Load,2026-07-30T23:05:32Z
2026-07-30T23:03:49Z,2026-07-31T01:03:49+0200,f07b8511-917b-4433-baac-8bd8534f48c3,2026-07-08T07:30:00Z,2026-07-08T09:30:00+0200,50668.23,MW,FR,FR,actual_load,Actual Load,2026-07-30T23:05:32Z
2026-07-30T23:03:49Z,2026-07-31T01:03:49+0200,f07b8511-917b-4433-baac-8bd8534f48c3,2026-07-08T07:45:00Z,2026-07-08T09:45:00+0200,51143.54,MW,FR,FR,actual_load,Actual Load,2026-07-30T23:05:32Z
2026-07-30T23:03:49Z,2026-07-31T01:03:49+0200,f07b8511-917b-4433-baac-8bd8534f48c3,2026-07-08T08:00:00Z,2026-07-08T10:00:00+0200,51681.38,MW,FR,FR,actual_load,Actual Load,2026-07-30T23:05:32Z
2026-07-30T23:03:49Z,2026-07-31T01:03:49+0200,f07b8511-917b-4433-baac-8bd8534f48c3,2026-07-08T08:15:00Z,2026-07-08T10:15:00+0200,52022.96,MW,FR,FR,actual_load,Actual Load,2026-07-30T23:05:32Z
2026-07-30T23:03:49Z,2026-07-31T01:03:49+0200,f07b8511-917b-4433-baac-8bd8534f48c3,2026-07-08T08:30:00Z,2026-07-08T10:30:00+0200,52605.37,MW,FR,FR,actual_load,Actual Load,2026-07-30T23:05:32Z
2026-07-30T23:03:49Z,2026-07-31T01:03:49+0200,f07b8511-917b-4433-baac-8bd8534f48c3,2026-07-08T08:45:00Z,2026-07-08T10:45:00+0200,53160.58,MW,FR,FR,actual_load,Actual Load,2026-07-30T23:05:32Z
2026-07-30T23:03:49Z,2026-07-31T01:03:49+0200,f07b8511-917b-4433-baac-8bd8534f48c3,2026-07-08T09:00:00Z,2026-07-08T11:00:00+0200,53539.69,MW,FR,FR,actual_load,Actual Load,2026-07-30T23:05:32Z
2026-07-30T23:03:49Z,2026-07-31T01:03:49+0200,f07b8511-917b-4433-baac-8bd8534f48c3,2026-07-08T09:15:00Z,2026-07-08T11:15:00+0200,53975.47,MW,FR,FR,actual_load,Actual Load,2026-07-30T23:05:32Z
2026-07-30T23:03:49Z,2026-07-31T01:03:49+0200,f07b8511-917b-4433-baac-8bd8534f48c3,2026-07-08T09:30:00Z,2026-07-08T11:30:00+0200,54664.21,MW,FR,FR,actual_load,Actual Load,2026-07-30T23:05:32Z
2026-07-30T23:03:49Z,2026-07-31T01:03:49+0200,f07b8511-917b-4433-baac-8bd8534f48c3,2026-07-08T09:45:00Z,2026-07-08T11:45:00+0200,55317.81,MW,FR,FR,actual_load,Actual Load,2026-07-30T23:05:32Z
2026-07-30T23:03:49Z,2026-07-31T01:03:49+0200,f07b8511-917b-4433-baac-8bd8534f48c3,2026-07-08T10:00:00Z,2026-07-08T12:00:00+0200,55419.32,MW,FR,FR,actual_load,Actual Load,2026-07-30T23:05:32Z
2026-07-30T23:03:49Z,2026-07-31T01:03:49+0200,f07b8511-917b-4433-baac-8bd8534f48c3,2026-07-08T10:15:00Z,2026-07-08T12:15:00+0200,55184.27,MW,FR,FR,actual_load,Actual Load,2026-07-30T23:05:32Z
2026-07-30T23:03:49Z,2026-07-31T01:03:49+0200,f07b8511-917b-4433-baac-8bd8534f48c3,2026-07-08T10:30:00Z,2026-07-08T12:30:00+0200,55646.46,MW,FR,FR,actual_load,Actual Load,2026-07-30T23:05:32Z
2026-07-30T23:03:49Z,2026-07-31T01:03:49+0200,f07b8511-917b-4433-baac-8bd8534f48c3,2026-07-08T10:45:00Z,2026-07-08T12:45:00+0200,55580.83,MW,FR,FR,actual_load,Actual Load,2026-07-30T23:05:32Z
2026-07-30T23:03:49Z,2026-07-31T01:03:49+0200,f07b8511-917b-4433-baac-8bd8534f48c3,2026-07-08T11:00:00Z,2026-07-08T13:00:00+0200,55850.48,MW,FR,FR,actual_load,Actual Load,2026-07-30T23:05:32Z
2026-07-30T23:03:49Z,2026-07-31T01:03:49+0200,f07b8511-917b-4433-baac-8bd8534f48c3,2026-07-08T11:15:00Z,2026-07-08T13:15:00+0200,55626.93,MW,FR,FR,actual_load,Actual Load,2026-07-30T23:05:32Z
2026-07-30T23:03:49Z,2026-07-31T01:03:49+0200,f07b8511-917b-4433-baac-8bd8534f48c3,2026-07-08T11:30:00Z,2026-07-08T13:30:00+0200,55624.67,MW,FR,FR,actual_load,Actual Load,2026-07-30T23:05:32Z
2026-07-30T23:03:49Z,2026-07-31T01:03:49+0200,f07b8511-917b-4433-baac-8bd8534f48c3,2026-07-08T11:45:00Z,2026-07-08T13:45:00+0200,55716.09,MW,FR,FR,actual_load,Actual Load,2026-07-30T23:05:32Z
2026-07-30T23:03:49Z,2026-07-31T01:03:49+0200,f07b8511-917b-4433-baac-8bd8534f48c3,2026-07-08T12:00:00Z,2026-07-08T14:00:00+0200,56239.82,MW,FR,FR,actual_load,Actual Load,2026-07-30T23:05:32Z
2026-07-30T23:03:49Z,2026-07-31T01:03:49+0200,f07b8511-917b-4433-baac-8bd8534f48c3,2026-07-08T12:15:00Z,2026-07-08T14:15:00+0200,56200.8,MW,FR,FR,actual_load,Actual Load,2026-07-30T23:05:32Z
2026-07-30T23:03:49Z,2026-07-31T01:03:49+0200,f07b8511-917b-4433-baac-8bd8534f48c3,2026-07-08T12:30:00Z,2026-07-08T14:30:00+0200,56238.73,MW,FR,FR,actual_load,Actual Load,2026-07-30T23:05:32Z
2026-07-30T23:03:49Z,2026-07-31T01:03:49+0200,f07b8511-917b-4433-baac-8bd8534f48c3,2026-07-08T12:45:00Z,2026-07-08T14:45:00+0200,56151.84,MW,FR,FR,actual_load,Actual Load,2026-07-30T23:05:32Z
2026-07-30T23:03:49Z,2026-07-31T01:03:49+0200,f07b8511-917b-4433-baac-8bd8534f48c3,2026-07-08T13:00:00Z,2026-07-08T15:00:00+0200,56278.19,MW,FR,FR,actual_load,Actual Load,2026-07-30T23:05:32Z
2026-07-30T23:03:49Z,2026-07-31T01:03:49+0200,f07b8511-917b-4433-baac-8bd8534f48c3,2026-07-08T13:15:00Z,2026-07-08T15:15:00+0200,55749.09,MW,FR,FR,actual_load,Actual Load,2026-07-30T23:05:32Z
2026-07-30T23:03:49Z,2026-07-31T01:03:49+0200,f07b8511-917b-4433-baac-8bd8534f48c3,2026-07-08T13:30:00Z,2026-07-08T15:30:00+0200,55409.39,MW,FR,FR,actual_load,Actual Load,2026-07-30T23:05:32Z
2026-07-30T23:03:49Z,2026-07-31T01:03:49+0200,f07b8511-917b-4433-baac-8bd8534f48c3,2026-07-08T13:45:00Z,2026-07-08T15:45:00+0200,54858.29,MW,FR,FR,actual_load,Actual Load,2026-07-30T23:05:32Z
2026-07-30T23:03:49Z,2026-07-31T01:03:49+0200,f07b8511-917b-4433-baac-8bd8534f48c3,2026-07-08T14:00:00Z,2026-07-08T16:00:00+0200,55102.85,MW,FR,FR,actual_load,Actual Load,2026-07-30T23:05:32Z
2026-07-30T23:03:49Z,2026-07-31T01:03:49+0200,f07b8511-917b-4433-baac-8bd8534f48c3,2026-07-08T14:15:00Z,2026-07-08T16:15:00+0200,54549.46,MW,FR,FR,actual_load,Actual Load,2026-07-30T23:05:32Z
2026-07-30T23:03:49Z,2026-07-31T01:03:49+0200,f07b8511-917b-4433-baac-8bd8534f48c3,2026-07-08T14:30:00Z,2026-07-08T16:30:00+0200,54426.7,MW,FR,FR,actual_load,Actual Load,2026-07-30T23:05:32Z
2026-07-30T23:03:49Z,2026-07-31T01:03:49+0200,f07b8511-917b-4433-baac-8bd8534f48c3,2026-07-08T14:45:00Z,2026-07-08T16:45:00+0200,54275.82,MW,FR,FR,actual_load,Actual Load,2026-07-30T23:05:32Z
2026-07-30T23:03:49Z,2026-07-31T01:03:49+0200,f07b8511-917b-4433-baac-8bd8534f48c3,2026-07-08T15:00:00Z,2026-07-08T17:00:00+0200,54152.83,MW,FR,FR,actual_load,Actual Load,2026-07-30T23:05:32Z
2026-07-30T23:03:49Z,2026-07-31T01:03:49+0200,f07b8511-917b-4433-baac-8bd8534f48c3,2026-07-08T15:15:00Z,2026-07-08T17:15:00+0200,54007.04,MW,FR,FR,actual_load,Actual Load,2026-07-30T23:05:32Z
2026-07-30T23:03:49Z,2026-07-31T01:03:49+0200,f07b8511-917b-4433-baac-8bd8534f48c3,2026-07-08T15:30:00Z,2026-07-08T17:30:00+0200,54351.3,MW,FR,FR,actual_load,Actual Load,2026-07-30T23:05:32Z
2026-07-30T23:03:49Z,2026-07-31T01:03:49+0200,f07b8511-917b-4433-baac-8bd8534f48c3,2026-07-08T15:45:00Z,2026-07-08T17:45:00+0200,54668.25,MW,FR,FR,actual_load,Actual Load,2026-07-30T23:05:32Z
2026-07-30T23:03:49Z,2026-07-31T01:03:49+0200,f07b8511-917b-4433-baac-8bd8534f48c3,2026-07-08T16:00:00Z,2026-07-08T18:00:00+0200,54850.44,MW,FR,FR,actual_load,Actual Load,2026-07-30T23:05:32Z
2026-07-30T23:03:49Z,2026-07-31T01:03:49+0200,f07b8511-917b-4433-baac-8bd8534f48c3,2026-07-08T16:15:00Z,2026-07-08T18:15:00+0200,55111.66,MW,FR,FR,actual_load,Actual Load,2026-07-30T23:05:32Z
2026-07-30T23:03:49Z,2026-07-31T01:03:49+0200,f07b8511-917b-4433-baac-8bd8534f48c3,2026-07-08T16:30:00Z,2026-07-08T18:30:00+0200,55582.77,MW,FR,FR,actual_load,Actual Load,2026-07-30T23:05:32Z
2026-07-30T23:03:49Z,2026-07-31T01:03:49+0200,f07b8511-917b-4433-baac-8bd8534f48c3,2026-07-08T16:45:00Z,2026-07-08T18:45:00+0200,56016.41,MW,FR,FR,actual_load,Actual Load,2026-07-30T23:05:32Z
2026-07-30T23:03:49Z,2026-07-31T01:03:49+0200,f07b8511-917b-4433-baac-8bd8534f48c3,2026-07-08T17:00:00Z,2026-07-08T19:00:00+0200,55929.55,MW,FR,FR,actual_load,Actual Load,2026-07-30T23:05:32Z
2026-07-30T23:03:49Z,2026-07-31T01:03:49+0200,f07b8511-917b-4433-baac-8bd8534f48c3,2026-07-08T17:15:00Z,2026-07-08T19:15:00+0200,55637.02,MW,FR,FR,actual_load,Actual Load,2026-07-30T23:05:32Z
2026-07-30T23:03:49Z,2026-07-31T01:03:49+0200,f07b8511-917b-4433-baac-8bd8534f48c3,2026-07-08T17:30:00Z,2026-07-08T19:30:00+0200,55481.22,MW,FR,FR,actual_load,Actual Load,2026-07-30T23:05:32Z
2026-07-30T23:03:49Z,2026-07-31T01:03:49+0200,f07b8511-917b-4433-baac-8bd8534f48c3,2026-07-08T17:45:00Z,2026-07-08T19:45:00+0200,55109.31,MW,FR,FR,actual_load,Actual Load,2026-07-30T23:05:32Z
2026-07-30T23:03:49Z,2026-07-31T01:03:49+0200,f07b8511-917b-4433-baac-8bd8534f48c3,2026-07-08T18:00:00Z,2026-07-08T20:00:00+0200,54544.2,MW,FR,FR,actual_load,Actual Load,2026-07-30T23:05:32Z
2026-07-30T23:03:49Z,2026-07-31T01:03:49+0200,f07b8511-917b-4433-baac-8bd8534f48c3,2026-07-08T18:15:00Z,2026-07-08T20:15:00+0200,53779.6,MW,FR,FR,actual_load,Actual Load,2026-07-30T23:05:32Z
2026-07-30T23:03:49Z,2026-07-31T01:03:49+0200,f07b8511-917b-4433-baac-8bd8534f48c3,2026-07-08T18:30:00Z,2026-07-08T20:30:00+0200,53057.08,MW,FR,FR,actual_load,Actual Load,2026-07-30T23:05:32Z
2026-07-30T23:03:49Z,2026-07-31T01:03:49+0200,f07b8511-917b-4433-baac-8bd8534f48c3,2026-07-08T18:45:00Z,2026-07-08T20:45:00+0200,52398.29,MW,FR,FR,actual_load,Actual Load,2026-07-30T23:05:32Z
2026-07-30T23:03:49Z,2026-07-31T01:03:49+0200,f07b8511-917b-4433-baac-8bd8534f48c3,2026-07-08T19:00:00Z,2026-07-08T21:00:00+0200,52144.24,MW,FR,FR,actual_load,Actual Load,2026-07-30T23:05:32Z
2026-07-30T23:03:49Z,2026-07-31T01:03:49+0200,f07b8511-917b-4433-baac-8bd8534f48c3,2026-07-08T19:15:00Z,2026-07-08T21:15:00+0200,51648.64,MW,FR,FR,actual_load,Actual Load,2026-07-30T23:05:32Z
2026-07-30T23:03:49Z,2026-07-31T01:03:49+0200,f07b8511-917b-4433-baac-8bd8534f48c3,2026-07-08T19:30:00Z,2026-07-08T21:30:00+0200,51380.22,MW,FR,FR,actual_load,Actual Load,2026-07-30T23:05:32Z
2026-07-30T23:03:49Z,2026-07-31T01:03:49+0200,f07b8511-917b-4433-baac-8bd8534f48c3,2026-07-08T19:45:00Z,2026-07-08T21:45:00+0200,51038.38,MW,FR,FR,actual_load,Actual Load,2026-07-30T23:05:32Z
2026-07-30T23:03:49Z,2026-07-31T01:03:49+0200,f07b8511-917b-4433-baac-8bd8534f48c3,2026-07-08T20:00:00Z,2026-07-08T22:00:00+0200,51965.17,MW,FR,FR,actual_load,Actual Load,2026-07-30T23:05:32Z
2026-07-30T23:03:49Z,2026-07-31T01:03:49+0200,f07b8511-917b-4433-baac-8bd8534f48c3,2026-07-08T20:15:00Z,2026-07-08T22:15:00+0200,51718.09,MW,FR,FR,actual_load,Actual Load,2026-07-30T23:05:32Z
2026-07-30T23:03:49Z,2026-07-31T01:03:49+0200,f07b8511-917b-4433-baac-8bd8534f48c3,2026-07-08T20:30:00Z,2026-07-08T22:30:00+0200,52790.59,MW,FR,FR,actual_load,Actual Load,2026-07-30T23:05:32Z
2026-07-30T23:03:49Z,2026-07-31T01:03:49+0200,f07b8511-917b-4433-baac-8bd8534f48c3,2026-07-08T20:45:00Z,2026-07-08T22:45:00+0200,52089.22,MW,FR,FR,actual_load,Actual Load,2026-07-30T23:05:32Z
2026-07-30T23:03:49Z,2026-07-31T01:03:49+0200,f07b8511-917b-4433-baac-8bd8534f48c3,2026-07-08T21:00:00Z,2026-07-08T23:00:00+0200,51682.47,MW,FR,FR,actual_load,Actual Load,2026-07-30T23:05:32Z
2026-07-30T23:03:49Z,2026-07-31T01:03:49+0200,f07b8511-917b-4433-baac-8bd8534f48c3,2026-07-08T21:15:00Z,2026-07-08T23:15:00+0200,50493.74,MW,FR,FR,actual_load,Actual Load,2026-07-30T23:05:32Z
2026-07-30T23:03:49Z,2026-07-31T01:03:49+0200,f07b8511-917b-4433-baac-8bd8534f48c3,2026-07-08T21:30:00Z,2026-07-08T23:30:00+0200,50478.17,MW,FR,FR,actual_load,Actual Load,2026-07-30T23:05:32Z
2026-07-30T23:03:49Z,2026-07-31T01:03:49+0200,f07b8511-917b-4433-baac-8bd8534f48c3,2026-07-08T21:45:00Z,2026-07-08T23:45:00+0200,49329.9,MW,FR,FR,actual_load,Actual Load,2026-07-30T23:05:32Z
2026-07-30T23:03:49Z,2026-07-31T01:03:49+0200,f07b8511-917b-4433-baac-8bd8534f48c3,2026-07-08T22:00:00Z,2026-07-09T00:00:00+0200,49014.6,MW,FR,FR,actual_load,Actual Load,2026-07-30T23:05:32Z
2026-07-30T23:03:49Z,2026-07-31T01:03:49+0200,f07b8511-917b-4433-baac-8bd8534f48c3,2026-07-08T22:15:00Z,2026-07-09T00:15:00+0200,47671.5,MW,FR,FR,actual_load,Actual Load,2026-07-30T23:05:32Z
2026-07-30T23:03:49Z,2026-07-31T01:03:49+0200,f07b8511-917b-4433-baac-8bd8534f48c3,2026-07-08T22:30:00Z,2026-07-09T00:30:00+0200,46159.72,MW,FR,FR,actual_load,Actual Load,2026-07-30T23:05:32Z
2026-07-30T23:03:49Z,2026-07-31T01:03:49+0200,f07b8511-917b-4433-baac-8bd8534f48c3,2026-07-08T22:45:00Z,2026-07-09T00:45:00+0200,45213.67,MW,FR,FR,actual_load,Actual Load,2026-07-30T23:05:32Z
2026-07-30T23:03:49Z,2026-07-31T01:03:49+0200,f07b8511-917b-4433-baac-8bd8534f48c3,2026-07-08T23:00:00Z,2026-07-09T01:00:00+0200,45376.96,MW,FR,FR,actual_load,Actual Load,2026-07-30T23:05:32Z
2026-07-30T23:03:49Z,2026-07-31T01:03:49+0200,f07b8511-917b-4433-baac-8bd8534f48c3,2026-07-08T23:15:00Z,2026-07-09T01:15:00+0200,44591.73,MW,FR,FR,actual_load,Actual Load,2026-07-30T23:05:32Z
2026-07-30T23:03:49Z,2026-07-31T01:03:49+0200,f07b8511-917b-4433-baac-8bd8534f48c3,2026-07-08T23:30:00Z,2026-07-09T01:30:00+0200,44373.82,MW,FR,FR,actual_load,Actual Load,2026-07-30T23:05:32Z
2026-07-30T23:03:49Z,2026-07-31T01:03:49+0200,f07b8511-917b-4433-baac-8bd8534f48c3,2026-07-08T23:45:00Z,2026-07-09T01:45:00+0200,43685.64,MW,FR,FR,actual_load,Actual Load,2026-07-30T23:05:32Z
2026-07-30T23:03:49Z,2026-07-31T01:03:49+0200,f07b8511-917b-4433-baac-8bd8534f48c3,2026-07-09T00:00:00Z,2026-07-09T02:00:00+0200,43277.62,MW,FR,FR,actual_load,Actual Load,2026-07-30T23:05:32Z
2026-07-30T23:03:49Z,2026-07-31T01:03:49+0200,f07b8511-917b-4433-baac-8bd8534f48c3,2026-07-09T00:15:00Z,2026-07-09T02:15:00+0200,42428.12,MW,FR,FR,actual_load,Actual Load,2026-07-30T23:05:32Z
2026-07-30T23:03:49Z,2026-07-31T01:03:49+0200,f07b8511-917b-4433-baac-8bd8534f48c3,2026-07-09T00:30:00Z,2026-07-09T02:30:00+0200,41713.16,MW,FR,FR,actual_load,Actual Load,2026-07-30T23:05:32Z
2026-07-30T23:03:49Z,2026-07-31T01:03:49+0200,f07b8511-917b-4433-baac-8bd8534f48c3,2026-07-09T00:45:00Z,2026-07-09T02:45:00+0200,41115.84,MW,FR,FR,actual_load,Actual Load,2026-07-30T23:05:32Z
2026-07-30T23:03:49Z,2026-07-31T01:03:49+0200,f07b8511-917b-4433-baac-8bd8534f48c3,2026-07-09T01:00:00Z,2026-07-09T03:00:00+0200,40714.93,MW,FR,FR,actual_load,Actual Load,2026-07-30T23:05:32Z
2026-07-30T23:03:49Z,2026-07-31T01:03:49+0200,f07b8511-917b-4433-baac-8bd8534f48c3,2026-07-09T01:15:00Z,2026-07-09T03:15:00+0200,40315.56,MW,FR,FR,actual_load,Actual Load,2026-07-30T23:05:32Z
2026-07-30T23:03:49Z,2026-07-31T01:03:49+0200,f07b8511-917b-4433-baac-8bd8534f48c3,2026-07-09T01:30:00Z,2026-07-09T03:30:00+0200,39915.02,MW,FR,FR,actual_load,Actual Load,2026-07-30T23:05:32Z
2026-07-30T23:03:49Z,2026-07-31T01:03:49+0200,f07b8511-917b-4433-baac-8bd8534f48c3,2026-07-09T01:45:00Z,2026-07-09T03:45:00+0200,39722.57,MW,FR,FR,actual_load,Actual Load,2026-07-30T23:05:32Z
2026-07-30T23:03:49Z,2026-07-31T01:03:49+0200,f07b8511-917b-4433-baac-8bd8534f48c3,2026-07-09T02:00:00Z,2026-07-09T04:00:00+0200,39755.79,MW,FR,FR,actual_load,Actual Load,2026-07-30T23:05:32Z
2026-07-30T23:03:49Z,2026-07-31T01:03:49+0200,f07b8511-917b-4433-baac-8bd8534f48c3,2026-07-09T02:15:00Z,2026-07-09T04:15:00+0200,39791.98,MW,FR,FR,actual_load,Actual Load,2026-07-30T23:05:32Z
2026-07-30T23:03:49Z,2026-07-31T01:03:49+0200,f07b8511-917b-4433-baac-8bd8534f48c3,2026-07-09T02:30:00Z,2026-07-09T04:30:00+0200,39768.5,MW,FR,FR,actual_load,Actual Load,2026-07-30T23:05:32Z
2026-07-30T23:03:49Z,2026-07-31T01:03:49+0200,f07b8511-917b-4433-baac-8bd8534f48c3,2026-07-09T02:45:00Z,2026-07-09T04:45:00+0200,39757.91,MW,FR,FR,actual_load,Actual Load,2026-07-30T23:05:32Z
2026-07-30T23:03:49Z,2026-07-31T01:03:49+0200,f07b8511-917b-4433-baac-8bd8534f48c3,2026-07-09T03:00:00Z,2026-07-09T05:00:00+0200,40460.23,MW,FR,FR,actual_load,Actual Load,2026-07-30T23:05:32Z
2026-07-30T23:03:49Z,2026-07-31T01:03:49+0200,f07b8511-917b-4433-baac-8bd8534f48c3,2026-07-09T03:15:00Z,2026-07-09T05:15:00+0200,40859.3,MW,FR,FR,actual_load,Actual Load,2026-07-30T23:05:32Z
2026-07-30T23:03:49Z,2026-07-31T01:03:49+0200,f07b8511-917b-4433-baac-8bd8534f48c3,2026-07-09T03:30:00Z,2026-07-09T05:30:00+0200,41170.08,MW,FR,FR,actual_load,Actual Load,2026-07-30T23:05:32Z
2026-07-30T23:03:49Z,2026-07-31T01:03:49+0200,f07b8511-917b-4433-baac-8bd8534f48c3,2026-07-09T03:45:00Z,2026-07-09T05:45:00+0200,41406.85,MW,FR,FR,actual_load,Actual Load,2026-07-30T23:05:32Z
2026-07-30T23:03:49Z,2026-07-31T01:03:49+0200,f07b8511-917b-4433-baac-8bd8534f48c3,2026-07-09T04:00:00Z,2026-07-09T06:00:00+0200,42474.64,MW,FR,FR,actual_load,Actual Load,2026-07-30T23:05:32Z
2026-07-30T23:03:49Z,2026-07-31T01:03:49+0200,f07b8511-917b-4433-baac-8bd8534f48c3,2026-07-09T04:15:00Z,2026-07-09T06:15:00+0200,43304.08,MW,FR,FR,actual_load,Actual Load,2026-07-30T23:05:32Z
2026-07-30T23:03:49Z,2026-07-31T01:03:49+0200,f07b8511-917b-4433-baac-8bd8534f48c3,2026-07-09T04:30:00Z,2026-07-09T06:30:00+0200,43826.16,MW,FR,FR,actual_load,Actual Load,2026-07-30T23:05:32Z
2026-07-30T23:03:49Z,2026-07-31T01:03:49+0200,f07b8511-917b-4433-baac-8bd8534f48c3,2026-07-09T04:45:00Z,2026-07-09T06:45:00+0200,44514.49,MW,FR,FR,actual_load,Actual Load,2026-07-30T23:05:32Z
2026-07-30T23:03:49Z,2026-07-31T01:03:49+0200,f07b8511-917b-4433-baac-8bd8534f48c3,2026-07-09T05:00:00Z,2026-07-09T07:00:00+0200,45218.91,MW,FR,FR,actual_load,Actual Load,2026-07-30T23:05:32Z
2026-07-30T23:03:49Z,2026-07-31T01:03:49+0200,f07b8511-917b-4433-baac-8bd8534f48c3,2026-07-09T05:15:00Z,2026-07-09T07:15:00+0200,45873.5,MW,FR,FR,actual_load,Actual Load,2026-07-30T23:05:32Z
2026-07-30T23:03:49Z,2026-07-31T01:03:49+0200,f07b8511-917b-4433-baac-8bd8534f48c3,2026-07-09T05:30:00Z,2026-07-09T07:30:00+0200,46485.37,MW,FR,FR,actual_load,Actual Load,2026-07-30T23:05:32Z
2026-07-30T23:03:49Z,2026-07-31T01:03:49+0200,f07b8511-917b-4433-baac-8bd8534f48c3,2026-07-09T05:45:00Z,2026-07-09T07:45:00+0200,47209.37,MW,FR,FR,actual_load,Actual Load,2026-07-30T23:05:32Z
2026-07-30T23:03:49Z,2026-07-31T01:03:49+0200,f07b8511-917b-4433-baac-8bd8534f48c3,2026-07-09T06:00:00Z,2026-07-09T08:00:00+0200,47986.26,MW,FR,FR,actual_load,Actual Load,2026-07-30T23:05:32Z
2026-07-30T23:03:49Z,2026-07-31T01:03:49+0200,f07b8511-917b-4433-baac-8bd8534f48c3,2026-07-09T06:15:00Z,2026-07-09T08:15:00+0200,48711.67,MW,FR,FR,actual_load,Actual Load,2026-07-30T23:05:32Z
2026-07-30T23:03:49Z,2026-07-31T01:03:49+0200,f07b8511-917b-4433-baac-8bd8534f48c3,2026-07-09T06:30:00Z,2026-07-09T08:30:00+0200,49459.61,MW,FR,FR,actual_load,Actual Load,2026-07-30T23:05:32Z
2026-07-30T23:03:49Z,2026-07-31T01:03:49+0200,f07b8511-917b-4433-baac-8bd8534f48c3,2026-07-09T06:45:00Z,2026-07-09T08:45:00+0200,49913.01,MW,FR,FR,actual_load,Actual Load,2026-07-30T23:05:32Z
2026-07-30T23:03:49Z,2026-07-31T01:03:49+0200,f07b8511-917b-4433-baac-8bd8534f48c3,2026-07-09T07:00:00Z,2026-07-09T09:00:00+0200,50589.8,MW,FR,FR,actual_load,Actual Load,2026-07-30T23:05:32Z
2026-07-30T23:03:49Z,2026-07-31T01:03:49+0200,f07b8511-917b-4433-baac-8bd8534f48c3,2026-07-09T07:15:00Z,2026-07-09T09:15:00+0200,50986.88,MW,FR,FR,actual_load,Actual Load,2026-07-30T23:05:32Z
2026-07-30T23:03:49Z,2026-07-31T01:03:49+0200,f07b8511-917b-4433-baac-8bd8534f48c3,2026-07-09T07:30:00Z,2026-07-09T09:30:00+0200,51423.83,MW,FR,FR,actual_load,Actual Load,2026-07-30T23:05:32Z
2026-07-30T23:03:49Z,2026-07-31T01:03:49+0200,f07b8511-917b-4433-baac-8bd8534f48c3,2026-07-09T07:45:00Z,2026-07-09T09:45:00+0200,51774.29,MW,FR,FR,actual_load,Actual Load,2026-07-30T23:05:32Z
2026-07-30T23:03:49Z,2026-07-31T01:03:49+0200,f07b8511-917b-4433-baac-8bd8534f48c3,2026-07-09T08:00:00Z,2026-07-09T10:00:00+0200,52218.17,MW,FR,FR,actual_load,Actual Load,2026-07-30T23:05:32Z
2026-07-30T23:03:49Z,2026-07-31T01:03:49+0200,f07b8511-917b-4433-baac-8bd8534f48c3,2026-07-09T08:15:00Z,2026-07-09T10:15:00+0200,52638.79,MW,FR,FR,actual_load,Actual Load,2026-07-30T23:05:32Z
2026-07-30T23:03:49Z,2026-07-31T01:03:49+0200,f07b8511-917b-4433-baac-8bd8534f48c3,2026-07-09T08:30:00Z,2026-07-09T10:30:00+0200,53144.31,MW,FR,FR,actual_load,Actual Load,2026-07-30T23:05:32Z
2026-07-30T23:03:49Z,2026-07-31T01:03:49+0200,f07b8511-917b-4433-baac-8bd8534f48c3,2026-07-09T08:45:00Z,2026-07-09T10:45:00+0200,53362.51,MW,FR,FR,actual_load,Actual Load,2026-07-30T23:05:32Z
2026-07-30T23:03:49Z,2026-07-31T01:03:49+0200,f07b8511-917b-4433-baac-8bd8534f48c3,2026-07-09T09:00:00Z,2026-07-09T11:00:00+0200,53804.98,MW,FR,FR,actual_load,Actual Load,2026-07-30T23:05:32Z
2026-07-30T23:03:49Z,2026-07-31T01:03:49+0200,f07b8511-917b-4433-baac-8bd8534f48c3,2026-07-09T09:15:00Z,2026-07-09T11:15:00+0200,54071.6,MW,FR,FR,actual_load,Actual Load,2026-07-30T23:05:32Z
2026-07-30T23:03:49Z,2026-07-31T01:03:49+0200,f07b8511-917b-4433-baac-8bd8534f48c3,2026-07-09T09:30:00Z,2026-07-09T11:30:00+0200,54560.01,MW,FR,FR,actual_load,Actual Load,2026-07-30T23:05:32Z
2026-07-30T23:03:49Z,2026-07-31T01:03:49+0200,f07b8511-917b-4433-baac-8bd8534f48c3,2026-07-09T09:45:00Z,2026-07-09T11:45:00+0200,54895.43,MW,FR,FR,actual_load,Actual Load,2026-07-30T23:05:32Z
2026-07-30T23:03:49Z,2026-07-31T01:03:49+0200,f07b8511-917b-4433-baac-8bd8534f48c3,2026-07-09T10:00:00Z,2026-07-09T12:00:00+0200,55469.39,MW,FR,FR,actual_load,Actual Load,2026-07-30T23:05:32Z
2026-07-30T23:03:49Z,2026-07-31T01:03:49+0200,f07b8511-917b-4433-baac-8bd8534f48c3,2026-07-09T10:15:00Z,2026-07-09T12:15:00+0200,55739.89,MW,FR,FR,actual_load,Actual Load,2026-07-30T23:05:32Z
2026-07-30T23:03:49Z,2026-07-31T01:03:49+0200,f07b8511-917b-4433-baac-8bd8534f48c3,2026-07-09T10:30:00Z,2026-07-09T12:30:00+0200,56198.36,MW,FR,FR,actual_load,Actual Load,2026-07-30T23:05:32Z
2026-07-30T23:03:49Z,2026-07-31T01:03:49+0200,f07b8511-917b-4433-baac-8bd8534f48c3,2026-07-09T10:45:00Z,2026-07-09T12:45:00+0200,55986.06,MW,FR,FR,actual_load,Actual Load,2026-07-30T23:05:32Z
2026-07-30T23:03:49Z,2026-07-31T01:03:49+0200,f07b8511-917b-4433-baac-8bd8534f48c3,2026-07-09T11:00:00Z,2026-07-09T13:00:00+0200,55997.98,MW,FR,FR,actual_load,Actual Load,2026-07-30T23:05:32Z
2026-07-30T23:03:49Z,2026-07-31T01:03:49+0200,f07b8511-917b-4433-baac-8bd8534f48c3,2026-07-09T11:15:00Z,2026-07-09T13:15:00+0200,55786.85,MW,FR,FR,actual_load,Actual Load,2026-07-30T23:05:32Z
2026-07-30T23:03:49Z,2026-07-31T01:03:49+0200,f07b8511-917b-4433-baac-8bd8534f48c3,2026-07-09T11:30:00Z,2026-07-09T13:30:00+0200,55805.5,MW,FR,FR,actual_load,Actual Load,2026-07-30T23:05:32Z
2026-07-30T23:03:49Z,2026-07-31T01:03:49+0200,f07b8511-917b-4433-baac-8bd8534f48c3,2026-07-09T11:45:00Z,2026-07-09T13:45:00+0200,55858.75,MW,FR,FR,actual_load,Actual Load,2026-07-30T23:05:32Z
2026-07-30T23:03:49Z,2026-07-31T01:03:49+0200,f07b8511-917b-4433-baac-8bd8534f48c3,2026-07-09T12:00:00Z,2026-07-09T14:00:00+0200,56593.3,MW,FR,FR,actual_load,Actual Load,2026-07-30T23:05:32Z
2026-07-30T23:03:49Z,2026-07-31T01:03:49+0200,f07b8511-917b-4433-baac-8bd8534f48c3,2026-07-09T12:15:00Z,2026-07-09T14:15:00+0200,56492.48,MW,FR,FR,actual_load,Actual Load,2026-07-30T23:05:32Z
2026-07-30T23:03:49Z,2026-07-31T01:03:49+0200,f07b8511-917b-4433-baac-8bd8534f48c3,2026-07-09T12:30:00Z,2026-07-09T14:30:00+0200,56435.52,MW,FR,FR,actual_load,Actual Load,2026-07-30T23:05:32Z
2026-07-30T23:03:49Z,2026-07-31T01:03:49+0200,f07b8511-917b-4433-baac-8bd8534f48c3,2026-07-09T12:45:00Z,2026-07-09T14:45:00+0200,56058.25,MW,FR,FR,actual_load,Actual Load,2026-07-30T23:05:32Z
2026-07-30T23:03:49Z,2026-07-31T01:03:49+0200,f07b8511-917b-4433-baac-8bd8534f48c3,2026-07-09T13:00:00Z,2026-07-09T15:00:00+0200,55954.79,MW,FR,FR,actual_load,Actual Load,2026-07-30T23:05:32Z
2026-07-30T23:03:49Z,2026-07-31T01:03:49+0200,f07b8511-917b-4433-baac-8bd8534f48c3,2026-07-09T13:15:00Z,2026-07-09T15:15:00+0200,55617.05,MW,FR,FR,actual_load,Actual Load,2026-07-30T23:05:32Z
2026-07-30T23:03:49Z,2026-07-31T01:03:49+0200,f07b8511-917b-4433-baac-8bd8534f48c3,2026-07-09T13:30:00Z,2026-07-09T15:30:00+0200,55239.24,MW,FR,FR,actual_load,Actual Load,2026-07-30T23:05:32Z
2026-07-30T23:03:49Z,2026-07-31T01:03:49+0200,f07b8511-917b-4433-baac-8bd8534f48c3,2026-07-09T13:45:00Z,2026-07-09T15:45:00+0200,54998.11,MW,FR,FR,actual_load,Actual Load,2026-07-30T23:05:32Z
2026-07-30T23:03:49Z,2026-07-31T01:03:49+0200,f07b8511-917b-4433-baac-8bd8534f48c3,2026-07-09T14:00:00Z,2026-07-09T16:00:00+0200,54951.77,MW,FR,FR,actual_load,Actual Load,2026-07-30T23:05:32Z
2026-07-30T23:03:49Z,2026-07-31T01:03:49+0200,f07b8511-917b-4433-baac-8bd8534f48c3,2026-07-09T14:15:00Z,2026-07-09T16:15:00+0200,54703.93,MW,FR,FR,actual_load,Actual Load,2026-07-30T23:05:32Z
2026-07-30T23:03:49Z,2026-07-31T01:03:49+0200,f07b8511-917b-4433-baac-8bd8534f48c3,2026-07-09T14:30:00Z,2026-07-09T16:30:00+0200,54531.0,MW,FR,FR,actual_load,Actual Load,2026-07-30T23:05:32Z
2026-07-30T23:03:49Z,2026-07-31T01:03:49+0200,f07b8511-917b-4433-baac-8bd8534f48c3,2026-07-09T14:45:00Z,2026-07-09T16:45:00+0200,54509.84,MW,FR,FR,actual_load,Actual Load,2026-07-30T23:05:32Z
2026-07-30T23:03:49Z,2026-07-31T01:03:49+0200,f07b8511-917b-4433-baac-8bd8534f48c3,2026-07-09T15:00:00Z,2026-07-09T17:00:00+0200,54495.02,MW,FR,FR,actual_load,Actual Load,2026-07-30T23:05:32Z
2026-07-30T23:03:49Z,2026-07-31T01:03:49+0200,f07b8511-917b-4433-baac-8bd8534f48c3,2026-07-09T15:15:00Z,2026-07-09T17:15:00+0200,54335.61,MW,FR,FR,actual_load,Actual Load,2026-07-30T23:05:32Z
2026-07-30T23:03:49Z,2026-07-31T01:03:49+0200,f07b8511-917b-4433-baac-8bd8534f48c3,2026-07-09T15:30:00Z,2026-07-09T17:30:00+0200,54547.54,MW,FR,FR,actual_load,Actual Load,2026-07-30T23:05:32Z
2026-07-30T23:03:49Z,2026-07-31T01:03:49+0200,f07b8511-917b-4433-baac-8bd8534f48c3,2026-07-09T15:45:00Z,2026-07-09T17:45:00+0200,54855.15,MW,FR,FR,actual_load,Actual Load,2026-07-30T23:05:32Z
2026-07-30T23:03:49Z,2026-07-31T01:03:49+0200,f07b8511-917b-4433-baac-8bd8534f48c3,2026-07-09T16:00:00Z,2026-07-09T18:00:00+0200,55123.76,MW,FR,FR,actual_load,Actual Load,2026-07-30T23:05:32Z
2026-07-30T23:03:49Z,2026-07-31T01:03:49+0200,f07b8511-917b-4433-baac-8bd8534f48c3,2026-07-09T16:15:00Z,2026-07-09T18:15:00+0200,55467.58,MW,FR,FR,actual_load,Actual Load,2026-07-30T23:05:32Z
2026-07-30T23:03:49Z,2026-07-31T01:03:49+0200,f07b8511-917b-4433-baac-8bd8534f48c3,2026-07-09T16:30:00Z,2026-07-09T18:30:00+0200,55746.23,MW,FR,FR,actual_load,Actual Load,2026-07-30T23:05:32Z
2026-07-30T23:03:49Z,2026-07-31T01:03:49+0200,f07b8511-917b-4433-baac-8bd8534f48c3,2026-07-09T16:45:00Z,2026-07-09T18:45:00+0200,56296.41,MW,FR,FR,actual_load,Actual Load,2026-07-30T23:05:32Z
2026-07-30T23:03:49Z,2026-07-31T01:03:49+0200,f07b8511-917b-4433-baac-8bd8534f48c3,2026-07-09T17:00:00Z,2026-07-09T19:00:00+0200,56273.55,MW,FR,FR,actual_load,Actual Load,2026-07-30T23:05:32Z
2026-07-30T23:03:49Z,2026-07-31T01:03:49+0200,f07b8511-917b-4433-baac-8bd8534f48c3,2026-07-09T17:15:00Z,2026-07-09T19:15:00+0200,56133.98,MW,FR,FR,actual_load,Actual Load,2026-07-30T23:05:32Z
2026-07-30T23:03:49Z,2026-07-31T01:03:49+0200,f07b8511-917b-4433-baac-8bd8534f48c3,2026-07-09T17:30:00Z,2026-07-09T19:30:00+0200,55865.21,MW,FR,FR,actual_load,Actual Load,2026-07-30T23:05:32Z
2026-07-30T23:03:49Z,2026-07-31T01:03:49+0200,f07b8511-917b-4433-baac-8bd8534f48c3,2026-07-09T17:45:00Z,2026-07-09T19:45:00+0200,55423.52,MW,FR,FR,actual_load,Actual Load,2026-07-30T23:05:32Z
2026-07-30T23:03:49Z,2026-07-31T01:03:49+0200,f07b8511-917b-4433-baac-8bd8534f48c3,2026-07-09T18:00:00Z,2026-07-09T20:00:00+0200,54536.88,MW,FR,FR,actual_load,Actual Load,2026-07-30T23:05:32Z
2026-07-30T23:03:49Z,2026-07-31T01:03:49+0200,f07b8511-917b-4433-baac-8bd8534f48c3,2026-07-09T18:15:00Z,2026-07-09T20:15:00+0200,53903.38,MW,FR,FR,actual_load,Actual Load,2026-07-30T23:05:32Z
2026-07-30T23:03:49Z,2026-07-31T01:03:49+0200,f07b8511-917b-4433-baac-8bd8534f48c3,2026-07-09T18:30:00Z,2026-07-09T20:30:00+0200,53323.8,MW,FR,FR,actual_load,Actual Load,2026-07-30T23:05:32Z
2026-07-30T23:03:49Z,2026-07-31T01:03:49+0200,f07b8511-917b-4433-baac-8bd8534f48c3,2026-07-09T18:45:00Z,2026-07-09T20:45:00+0200,52741.16,MW,FR,FR,actual_load,Actual Load,2026-07-30T23:05:32Z
2026-07-30T23:03:49Z,2026-07-31T01:03:49+0200,f07b8511-917b-4433-baac-8bd8534f48c3,2026-07-09T19:00:00Z,2026-07-09T21:00:00+0200,52642.61,MW,FR,FR,actual_load,Actual Load,2026-07-30T23:05:32Z
2026-07-30T23:03:49Z,2026-07-31T01:03:49+0200,f07b8511-917b-4433-baac-8bd8534f48c3,2026-07-09T19:15:00Z,2026-07-09T21:15:00+0200,52153.93,MW,FR,FR,actual_load,Actual Load,2026-07-30T23:05:32Z
2026-07-30T23:03:49Z,2026-07-31T01:03:49+0200,f07b8511-917b-4433-baac-8bd8534f48c3,2026-07-09T19:30:00Z,2026-07-09T21:30:00+0200,51733.46,MW,FR,FR,actual_load,Actual Load,2026-07-30T23:05:32Z
2026-07-30T23:03:49Z,2026-07-31T01:03:49+0200,f07b8511-917b-4433-baac-8bd8534f48c3,2026-07-09T19:45:00Z,2026-07-09T21:45:00+0200,51370.87,MW,FR,FR,actual_load,Actual Load,2026-07-30T23:05:32Z
2026-07-30T23:03:49Z,2026-07-31T01:03:49+0200,f07b8511-917b-4433-baac-8bd8534f48c3,2026-07-09T20:00:00Z,2026-07-09T22:00:00+0200,52219.35,MW,FR,FR,actual_load,Actual Load,2026-07-30T23:05:32Z
2026-07-30T23:03:49Z,2026-07-31T01:03:49+0200,f07b8511-917b-4433-baac-8bd8534f48c3,2026-07-09T20:15:00Z,2026-07-09T22:15:00+0200,51682.37,MW,FR,FR,actual_load,Actual Load,2026-07-30T23:05:32Z
2026-07-30T23:03:49Z,2026-07-31T01:03:49+0200,f07b8511-917b-4433-baac-8bd8534f48c3,2026-07-09T20:30:00Z,2026-07-09T22:30:00+0200,52522.98,MW,FR,FR,actual_load,Actual Load,2026-07-30T23:05:32Z
2026-07-30T23:03:49Z,2026-07-31T01:03:49+0200,f07b8511-917b-4433-baac-8bd8534f48c3,2026-07-09T20:45:00Z,2026-07-09T22:45:00+0200,51832.32,MW,FR,FR,actual_load,Actual Load,2026-07-30T23:05:32Z
2026-07-30T23:03:49Z,2026-07-31T01:03:49+0200,f07b8511-917b-4433-baac-8bd8534f48c3,2026-07-09T21:00:00Z,2026-07-09T23:00:00+0200,51754.51,MW,FR,FR,actual_load,Actual Load,2026-07-30T23:05:32Z
2026-07-30T23:03:49Z,2026-07-31T01:03:49+0200,f07b8511-917b-4433-baac-8bd8534f48c3,2026-07-09T21:15:00Z,2026-07-09T23:15:00+0200,50573.93,MW,FR,FR,actual_load,Actual Load,2026-07-30T23:05:32Z
2026-07-30T23:03:49Z,2026-07-31T01:03:49+0200,f07b8511-917b-4433-baac-8bd8534f48c3,2026-07-09T21:30:00Z,2026-07-09T23:30:00+0200,50635.12,MW,FR,FR,actual_load,Actual Load,2026-07-30T23:05:32Z
2026-07-30T23:03:49Z,2026-07-31T01:03:49+0200,f07b8511-917b-4433-baac-8bd8534f48c3,2026-07-09T21:45:00Z,2026-07-09T23:45:00+0200,49412.2,MW,FR,FR,actual_load,Actual Load,2026-07-30T23:05:32Z
2026-07-30T23:03:49Z,2026-07-31T01:03:49+0200,f07b8511-917b-4433-baac-8bd8534f48c3,2026-07-09T22:00:00Z,2026-07-10T00:00:00+0200,48958.22,MW,FR,FR,actual_load,Actual Load,2026-07-30T23:05:32Z
2026-07-30T23:03:49Z,2026-07-31T01:03:49+0200,f07b8511-917b-4433-baac-8bd8534f48c3,2026-07-09T22:15:00Z,2026-07-10T00:15:00+0200,47921.17,MW,FR,FR,actual_load,Actual Load,2026-07-30T23:05:32Z
2026-07-30T23:03:49Z,2026-07-31T01:03:49+0200,f07b8511-917b-4433-baac-8bd8534f48c3,2026-07-09T22:30:00Z,2026-07-10T00:30:00+0200,46796.47,MW,FR,FR,actual_load,Actual Load,2026-07-30T23:05:32Z
2026-07-30T23:03:49Z,2026-07-31T01:03:49+0200,f07b8511-917b-4433-baac-8bd8534f48c3,2026-07-09T22:45:00Z,2026-07-10T00:45:00+0200,45756.73,MW,FR,FR,actual_load,Actual Load,2026-07-30T23:05:32Z
2026-07-30T23:03:49Z,2026-07-31T01:03:49+0200,f07b8511-917b-4433-baac-8bd8534f48c3,2026-07-09T23:00:00Z,2026-07-10T01:00:00+0200,45887.94,MW,FR,FR,actual_load,Actual Load,2026-07-30T23:05:32Z
2026-07-30T23:03:49Z,2026-07-31T01:03:49+0200,f07b8511-917b-4433-baac-8bd8534f48c3,2026-07-09T23:15:00Z,2026-07-10T01:15:00+0200,45281.61,MW,FR,FR,actual_load,Actual Load,2026-07-30T23:05:32Z
2026-07-30T23:03:49Z,2026-07-31T01:03:49+0200,f07b8511-917b-4433-baac-8bd8534f48c3,2026-07-09T23:30:00Z,2026-07-10T01:30:00+0200,44994.35,MW,FR,FR,actual_load,Actual Load,2026-07-30T23:05:32Z
2026-07-30T23:03:49Z,2026-07-31T01:03:49+0200,f07b8511-917b-4433-baac-8bd8534f48c3,2026-07-09T23:45:00Z,2026-07-10T01:45:00+0200,44038.78,MW,FR,FR,actual_load,Actual Load,2026-07-30T23:05:32Z
2026-07-30T23:03:49Z,2026-07-31T01:03:49+0200,f07b8511-917b-4433-baac-8bd8534f48c3,2026-07-10T00:00:00Z,2026-07-10T02:00:00+0200,43793.79,MW,FR,FR,actual_load,Actual Load,2026-07-30T23:05:32Z
2026-07-30T23:03:49Z,2026-07-31T01:03:49+0200,f07b8511-917b-4433-baac-8bd8534f48c3,2026-07-10T00:15:00Z,2026-07-10T02:15:00+0200,42815.61,MW,FR,FR,actual_load,Actual Load,2026-07-30T23:05:32Z
2026-07-30T23:03:49Z,2026-07-31T01:03:49+0200,f07b8511-917b-4433-baac-8bd8534f48c3,2026-07-10T00:30:00Z,2026-07-10T02:30:00+0200,42066.87,MW,FR,FR,actual_load,Actual Load,2026-07-30T23:05:32Z
2026-07-30T23:03:49Z,2026-07-31T01:03:49+0200,f07b8511-917b-4433-baac-8bd8534f48c3,2026-07-10T00:45:00Z,2026-07-10T02:45:00+0200,41629.24,MW,FR,FR,actual_load,Actual Load,2026-07-30T23:05:32Z
2026-07-30T23:03:49Z,2026-07-31T01:03:49+0200,f07b8511-917b-4433-baac-8bd8534f48c3,2026-07-10T01:00:00Z,2026-07-10T03:00:00+0200,41196.07,MW,FR,FR,actual_load,Actual Load,2026-07-30T23:05:32Z
2026-07-30T23:03:49Z,2026-07-31T01:03:49+0200,f07b8511-917b-4433-baac-8bd8534f48c3,2026-07-10T01:15:00Z,2026-07-10T03:15:00+0200,40736.98,MW,FR,FR,actual_load,Actual Load,2026-07-30T23:05:32Z
2026-07-30T23:03:49Z,2026-07-31T01:03:49+0200,f07b8511-917b-4433-baac-8bd8534f48c3,2026-07-10T01:30:00Z,2026-07-10T03:30:00+0200,40539.54,MW,FR,FR,actual_load,Actual Load,2026-07-30T23:05:32Z
2026-07-30T23:03:49Z,2026-07-31T01:03:49+0200,f07b8511-917b-4433-baac-8bd8534f48c3,2026-07-10T01:45:00Z,2026-07-10T03:45:00+0200,40363.25,MW,FR,FR,actual_load,Actual Load,2026-07-30T23:05:32Z
2026-07-30T23:03:49Z,2026-07-31T01:03:49+0200,f07b8511-917b-4433-baac-8bd8534f48c3,2026-07-10T02:00:00Z,2026-07-10T04:00:00+0200,40342.21,MW,FR,FR,actual_load,Actual Load,2026-07-30T23:05:32Z
2026-07-30T23:03:49Z,2026-07-31T01:03:49+0200,f07b8511-917b-4433-baac-8bd8534f48c3,2026-07-10T02:15:00Z,2026-07-10T04:15:00+0200,40128.06,MW,FR,FR,actual_load,Actual Load,2026-07-30T23:05:32Z
2026-07-30T23:03:49Z,2026-07-31T01:03:49+0200,f07b8511-917b-4433-baac-8bd8534f48c3,2026-07-10T02:30:00Z,2026-07-10T04:30:00+0200,39902.73,MW,FR,FR,actual_load,Actual Load,2026-07-30T23:05:32Z
2026-07-30T23:03:49Z,2026-07-31T01:03:49+0200,f07b8511-917b-4433-baac-8bd8534f48c3,2026-07-10T02:45:00Z,2026-07-10T04:45:00+0200,39976.58,MW,FR,FR,actual_load,Actual Load,2026-07-30T23:05:32Z
2026-07-30T23:03:49Z,2026-07-31T01:03:49+0200,f07b8511-917b-4433-baac-8bd8534f48c3,2026-07-10T03:00:00Z,2026-07-10T05:00:00+0200,40602.97,MW,FR,FR,actual_load,Actual Load,2026-07-30T23:05:32Z
2026-07-30T23:03:49Z,2026-07-31T01:03:49+0200,f07b8511-917b-4433-baac-8bd8534f48c3,2026-07-10T03:15:00Z,2026-07-10T05:15:00+0200,40874.3,MW,FR,FR,actual_load,Actual Load,2026-07-30T23:05:32Z
2026-07-30T23:03:49Z,2026-07-31T01:03:49+0200,f07b8511-917b-4433-baac-8bd8534f48c3,2026-07-10T03:30:00Z,2026-07-10T05:30:00+0200,41111.18,MW,FR,FR,actual_load,Actual Load,2026-07-30T23:05:32Z
2026-07-30T23:03:49Z,2026-07-31T01:03:49+0200,f07b8511-917b-4433-baac-8bd8534f48c3,2026-07-10T03:45:00Z,2026-07-10T05:45:00+0200,41588.18,MW,FR,FR,actual_load,Actual Load,2026-07-30T23:05:32Z
2026-07-30T23:03:49Z,2026-07-31T01:03:49+0200,f07b8511-917b-4433-baac-8bd8534f48c3,2026-07-10T04:00:00Z,2026-07-10T06:00:00+0200,42402.27,MW,FR,FR,actual_load,Actual Load,2026-07-30T23:05:32Z
2026-07-30T23:03:49Z,2026-07-31T01:03:49+0200,f07b8511-917b-4433-baac-8bd8534f48c3,2026-07-10T04:15:00Z,2026-07-10T06:15:00+0200,43041.57,MW,FR,FR,actual_load,Actual Load,2026-07-30T23:05:32Z
2026-07-30T23:03:49Z,2026-07-31T01:03:49+0200,f07b8511-917b-4433-baac-8bd8534f48c3,2026-07-10T04:30:00Z,2026-07-10T06:30:00+0200,43326.17,MW,FR,FR,actual_load,Actual Load,2026-07-30T23:05:32Z
2026-07-30T23:03:49Z,2026-07-31T01:03:49+0200,f07b8511-917b-4433-baac-8bd8534f48c3,2026-07-10T04:45:00Z,2026-07-10T06:45:00+0200,43943.57,MW,FR,FR,actual_load,Actual Load,2026-07-30T23:05:32Z
2026-07-30T23:03:49Z,2026-07-31T01:03:49+0200,f07b8511-917b-4433-baac-8bd8534f48c3,2026-07-10T05:00:00Z,2026-07-10T07:00:00+0200,44793.22,MW,FR,FR,actual_load,Actual Load,2026-07-30T23:05:32Z
2026-07-30T23:03:49Z,2026-07-31T01:03:49+0200,f07b8511-917b-4433-baac-8bd8534f48c3,2026-07-10T05:15:00Z,2026-07-10T07:15:00+0200,45650.61,MW,FR,FR,actual_load,Actual Load,2026-07-30T23:05:32Z
2026-07-30T23:03:49Z,2026-07-31T01:03:49+0200,f07b8511-917b-4433-baac-8bd8534f48c3,2026-07-10T05:30:00Z,2026-07-10T07:30:00+0200,46152.13,MW,FR,FR,actual_load,Actual Load,2026-07-30T23:05:32Z
2026-07-30T23:03:49Z,2026-07-31T01:03:49+0200,f07b8511-917b-4433-baac-8bd8534f48c3,2026-07-10T05:45:00Z,2026-07-10T07:45:00+0200,47049.65,MW,FR,FR,actual_load,Actual Load,2026-07-30T23:05:32Z
2026-07-30T23:03:49Z,2026-07-31T01:03:49+0200,f07b8511-917b-4433-baac-8bd8534f48c3,2026-07-10T06:00:00Z,2026-07-10T08:00:00+0200,47750.62,MW,FR,FR,actual_load,Actual Load,2026-07-30T23:05:32Z
2026-07-30T23:03:49Z,2026-07-31T01:03:49+0200,f07b8511-917b-4433-baac-8bd8534f48c3,2026-07-10T06:15:00Z,2026-07-10T08:15:00+0200,48353.7,MW,FR,FR,actual_load,Actual Load,2026-07-30T23:05:32Z
2026-07-30T23:03:49Z,2026-07-31T01:03:49+0200,f07b8511-917b-4433-baac-8bd8534f48c3,2026-07-10T06:30:00Z,2026-07-10T08:30:00+0200,48718.34,MW,FR,FR,actual_load,Actual Load,2026-07-30T23:05:32Z
2026-07-30T23:03:49Z,2026-07-31T01:03:49+0200,f07b8511-917b-4433-baac-8bd8534f48c3,2026-07-10T06:45:00Z,2026-07-10T08:45:00+0200,49551.97,MW,FR,FR,actual_load,Actual Load,2026-07-30T23:05:32Z
2026-07-30T23:03:49Z,2026-07-31T01:03:49+0200,f07b8511-917b-4433-baac-8bd8534f48c3,2026-07-10T07:00:00Z,2026-07-10T09:00:00+0200,50438.85,MW,FR,FR,actual_load,Actual Load,2026-07-30T23:05:32Z
2026-07-30T23:03:49Z,2026-07-31T01:03:49+0200,f07b8511-917b-4433-baac-8bd8534f48c3,2026-07-10T07:15:00Z,2026-07-10T09:15:00+0200,50928.16,MW,FR,FR,actual_load,Actual Load,2026-07-30T23:05:32Z
2026-07-30T23:03:49Z,2026-07-31T01:03:49+0200,f07b8511-917b-4433-baac-8bd8534f48c3,2026-07-10T07:30:00Z,2026-07-10T09:30:00+0200,51352.27,MW,FR,FR,actual_load,Actual Load,2026-07-30T23:05:32Z
2026-07-30T23:03:49Z,2026-07-31T01:03:49+0200,f07b8511-917b-4433-baac-8bd8534f48c3,2026-07-10T07:45:00Z,2026-07-10T09:45:00+0200,51945.56,MW,FR,FR,actual_load,Actual Load,2026-07-30T23:05:32Z
2026-07-30T23:03:49Z,2026-07-31T01:03:49+0200,f07b8511-917b-4433-baac-8bd8534f48c3,2026-07-10T08:00:00Z,2026-07-10T10:00:00+0200,52641.38,MW,FR,FR,actual_load,Actual Load,2026-07-30T23:05:32Z
2026-07-30T23:03:49Z,2026-07-31T01:03:49+0200,f07b8511-917b-4433-baac-8bd8534f48c3,2026-07-10T08:15:00Z,2026-07-10T10:15:00+0200,52628.81,MW,FR,FR,actual_load,Actual Load,2026-07-30T23:05:32Z
2026-07-30T23:03:49Z,2026-07-31T01:03:49+0200,f07b8511-917b-4433-baac-8bd8534f48c3,2026-07-10T08:30:00Z,2026-07-10T10:30:00+0200,52972.62,MW,FR,FR,actual_load,Actual Load,2026-07-30T23:05:32Z
2026-07-30T23:03:49Z,2026-07-31T01:03:49+0200,f07b8511-917b-4433-baac-8bd8534f48c3,2026-07-10T08:45:00Z,2026-07-10T10:45:00+0200,53639.13,MW,FR,FR,actual_load,Actual Load,2026-07-30T23:05:32Z
2026-07-30T23:03:49Z,2026-07-31T01:03:49+0200,f07b8511-917b-4433-baac-8bd8534f48c3,2026-07-10T09:00:00Z,2026-07-10T11:00:00+0200,54114.2,MW,FR,FR,actual_load,Actual Load,2026-07-30T23:05:32Z
2026-07-30T23:03:49Z,2026-07-31T01:03:49+0200,f07b8511-917b-4433-baac-8bd8534f48c3,2026-07-10T09:15:00Z,2026-07-10T11:15:00+0200,54502.35,MW,FR,FR,actual_load,Actual Load,2026-07-30T23:05:32Z
2026-07-30T23:03:49Z,2026-07-31T01:03:49+0200,f07b8511-917b-4433-baac-8bd8534f48c3,2026-07-10T09:30:00Z,2026-07-10T11:30:00+0200,54625.04,MW,FR,FR,actual_load,Actual Load,2026-07-30T23:05:32Z
2026-07-30T23:03:49Z,2026-07-31T01:03:49+0200,f07b8511-917b-4433-baac-8bd8534f48c3,2026-07-10T09:45:00Z,2026-07-10T11:45:00+0200,54623.91,MW,FR,FR,actual_load,Actual Load,2026-07-30T23:05:32Z
2026-07-30T23:03:49Z,2026-07-31T01:03:49+0200,f07b8511-917b-4433-baac-8bd8534f48c3,2026-07-10T10:00:00Z,2026-07-10T12:00:00+0200,55074.94,MW,FR,FR,actual_load,Actual Load,2026-07-30T23:05:32Z
2026-07-30T23:03:49Z,2026-07-31T01:03:49+0200,f07b8511-917b-4433-baac-8bd8534f48c3,2026-07-10T10:15:00Z,2026-07-10T12:15:00+0200,55346.92,MW,FR,FR,actual_load,Actual Load,2026-07-30T23:05:32Z
2026-07-30T23:03:49Z,2026-07-31T01:03:49+0200,f07b8511-917b-4433-baac-8bd8534f48c3,2026-07-10T10:30:00Z,2026-07-10T12:30:00+0200,55892.8,MW,FR,FR,actual_load,Actual Load,2026-07-30T23:05:32Z
2026-07-30T23:03:49Z,2026-07-31T01:03:49+0200,f07b8511-917b-4433-baac-8bd8534f48c3,2026-07-10T10:45:00Z,2026-07-10T12:45:00+0200,55611.83,MW,FR,FR,actual_load,Actual Load,2026-07-30T23:05:32Z
2026-07-30T23:03:49Z,2026-07-31T01:03:49+0200,f07b8511-917b-4433-baac-8bd8534f48c3,2026-07-10T11:00:00Z,2026-07-10T13:00:00+0200,55116.38,MW,FR,FR,actual_load,Actual Load,2026-07-30T23:05:32Z
2026-07-30T23:03:49Z,2026-07-31T01:03:49+0200,f07b8511-917b-4433-baac-8bd8534f48c3,2026-07-10T11:15:00Z,2026-07-10T13:15:00+0200,54894.3,MW,FR,FR,actual_load,Actual Load,2026-07-30T23:05:32Z
2026-07-30T23:03:49Z,2026-07-31T01:03:49+0200,f07b8511-917b-4433-baac-8bd8534f48c3,2026-07-10T11:30:00Z,2026-07-10T13:30:00+0200,55260.99,MW,FR,FR,actual_load,Actual Load,2026-07-30T23:05:32Z
2026-07-30T23:03:49Z,2026-07-31T01:03:49+0200,f07b8511-917b-4433-baac-8bd8534f48c3,2026-07-10T11:45:00Z,2026-07-10T13:45:00+0200,55638.09,MW,FR,FR,actual_load,Actual Load,2026-07-30T23:05:32Z
2026-07-30T23:03:49Z,2026-07-31T01:03:49+0200,f07b8511-917b-4433-baac-8bd8534f48c3,2026-07-10T12:00:00Z,2026-07-10T14:00:00+0200,56725.53,MW,FR,FR,actual_load,Actual Load,2026-07-30T23:05:32Z
2026-07-30T23:03:49Z,2026-07-31T01:03:49+0200,f07b8511-917b-4433-baac-8bd8534f48c3,2026-07-10T12:15:00Z,2026-07-10T14:15:00+0200,56604.26,MW,FR,FR,actual_load,Actual Load,2026-07-30T23:05:32Z
2026-07-30T23:03:49Z,2026-07-31T01:03:49+0200,f07b8511-917b-4433-baac-8bd8534f48c3,2026-07-10T12:30:00Z,2026-07-10T14:30:00+0200,56724.03,MW,FR,FR,actual_load,Actual Load,2026-07-30T23:05:32Z
2026-07-30T23:03:49Z,2026-07-31T01:03:49+0200,f07b8511-917b-4433-baac-8bd8534f48c3,2026-07-10T12:45:00Z,2026-07-10T14:45:00+0200,56408.66,MW,FR,FR,actual_load,Actual Load,2026-07-30T23:05:32Z
2026-07-30T23:03:49Z,2026-07-31T01:03:49+0200,f07b8511-917b-4433-baac-8bd8534f48c3,2026-07-10T13:00:00Z,2026-07-10T15:00:00+0200,56417.2,MW,FR,FR,actual_load,Actual Load,2026-07-30T23:05:32Z
2026-07-30T23:03:49Z,2026-07-31T01:03:49+0200,f07b8511-917b-4433-baac-8bd8534f48c3,2026-07-10T13:15:00Z,2026-07-10T15:15:00+0200,55785.45,MW,FR,FR,actual_load,Actual Load,2026-07-30T23:05:32Z
2026-07-30T23:03:49Z,2026-07-31T01:03:49+0200,f07b8511-917b-4433-baac-8bd8534f48c3,2026-07-10T13:30:00Z,2026-07-10T15:30:00+0200,55237.07,MW,FR,FR,actual_load,Actual Load,2026-07-30T23:05:32Z
2026-07-30T23:03:49Z,2026-07-31T01:03:49+0200,f07b8511-917b-4433-baac-8bd8534f48c3,2026-07-10T13:45:00Z,2026-07-10T15:45:00+0200,54878.93,MW,FR,FR,actual_load,Actual Load,2026-07-30T23:05:32Z
2026-07-30T23:03:49Z,2026-07-31T01:03:49+0200,f07b8511-917b-4433-baac-8bd8534f48c3,2026-07-10T14:00:00Z,2026-07-10T16:00:00+0200,54741.87,MW,FR,FR,actual_load,Actual Load,2026-07-30T23:05:32Z
2026-07-30T23:03:49Z,2026-07-31T01:03:49+0200,f07b8511-917b-4433-baac-8bd8534f48c3,2026-07-10T14:15:00Z,2026-07-10T16:15:00+0200,54724.43,MW,FR,FR,actual_load,Actual Load,2026-07-30T23:05:32Z
2026-07-30T23:03:49Z,2026-07-31T01:03:49+0200,f07b8511-917b-4433-baac-8bd8534f48c3,2026-07-10T14:30:00Z,2026-07-10T16:30:00+0200,54491.23,MW,FR,FR,actual_load,Actual Load,2026-07-30T23:05:32Z
2026-07-30T23:03:49Z,2026-07-31T01:03:49+0200,f07b8511-917b-4433-baac-8bd8534f48c3,2026-07-10T14:45:00Z,2026-07-10T16:45:00+0200,54336.67,MW,FR,FR,actual_load,Actual Load,2026-07-30T23:05:32Z
2026-07-30T23:03:49Z,2026-07-31T01:03:49+0200,f07b8511-917b-4433-baac-8bd8534f48c3,2026-07-10T15:00:00Z,2026-07-10T17:00:00+0200,53906.39,MW,FR,FR,actual_load,Actual Load,2026-07-30T23:05:32Z
2026-07-30T23:03:49Z,2026-07-31T01:03:49+0200,f07b8511-917b-4433-baac-8bd8534f48c3,2026-07-10T15:15:00Z,2026-07-10T17:15:00+0200,53997.53,MW,FR,FR,actual_load,Actual Load,2026-07-30T23:05:32Z
2026-07-30T23:03:49Z,2026-07-31T01:03:49+0200,f07b8511-917b-4433-baac-8bd8534f48c3,2026-07-10T15:30:00Z,2026-07-10T17:30:00+0200,54155.7,MW,FR,FR,actual_load,Actual Load,2026-07-30T23:05:32Z
2026-07-30T23:03:49Z,2026-07-31T01:03:49+0200,f07b8511-917b-4433-baac-8bd8534f48c3,2026-07-10T15:45:00Z,2026-07-10T17:45:00+0200,54340.23,MW,FR,FR,actual_load,Actual Load,2026-07-30T23:05:32Z
2026-07-30T23:03:49Z,2026-07-31T01:03:49+0200,f07b8511-917b-4433-baac-8bd8534f48c3,2026-07-10T16:00:00Z,2026-07-10T18:00:00+0200,54558.71,MW,FR,FR,actual_load,Actual Load,2026-07-30T23:05:32Z
2026-07-30T23:03:49Z,2026-07-31T01:03:49+0200,f07b8511-917b-4433-baac-8bd8534f48c3,2026-07-10T16:15:00Z,2026-07-10T18:15:00+0200,54682.8,MW,FR,FR,actual_load,Actual Load,2026-07-30T23:05:32Z
2026-07-30T23:03:49Z,2026-07-31T01:03:49+0200,f07b8511-917b-4433-baac-8bd8534f48c3,2026-07-10T16:30:00Z,2026-07-10T18:30:00+0200,54718.95,MW,FR,FR,actual_load,Actual Load,2026-07-30T23:05:32Z
2026-07-30T23:03:49Z,2026-07-31T01:03:49+0200,f07b8511-917b-4433-baac-8bd8534f48c3,2026-07-10T16:45:00Z,2026-07-10T18:45:00+0200,54953.16,MW,FR,FR,actual_load,Actual Load,2026-07-30T23:05:32Z
2026-07-30T23:03:49Z,2026-07-31T01:03:49+0200,f07b8511-917b-4433-baac-8bd8534f48c3,2026-07-10T17:00:00Z,2026-07-10T19:00:00+0200,54848.47,MW,FR,FR,actual_load,Actual Load,2026-07-30T23:05:32Z
2026-07-30T23:03:49Z,2026-07-31T01:03:49+0200,f07b8511-917b-4433-baac-8bd8534f48c3,2026-07-10T17:15:00Z,2026-07-10T19:15:00+0200,54604.96,MW,FR,FR,actual_load,Actual Load,2026-07-30T23:05:32Z
2026-07-30T23:03:49Z,2026-07-31T01:03:49+0200,f07b8511-917b-4433-baac-8bd8534f48c3,2026-07-10T17:30:00Z,2026-07-10T19:30:00+0200,54147.96,MW,FR,FR,actual_load,Actual Load,2026-07-30T23:05:32Z
2026-07-30T23:03:49Z,2026-07-31T01:03:49+0200,f07b8511-917b-4433-baac-8bd8534f48c3,2026-07-10T17:45:00Z,2026-07-10T19:45:00+0200,53875.33,MW,FR,FR,actual_load,Actual Load,2026-07-30T23:05:32Z
2026-07-30T23:03:49Z,2026-07-31T01:03:49+0200,f07b8511-917b-4433-baac-8bd8534f48c3,2026-07-10T18:00:00Z,2026-07-10T20:00:00+0200,53167.66,MW,FR,FR,actual_load,Actual Load,2026-07-30T23:05:32Z
2026-07-30T23:03:49Z,2026-07-31T01:03:49+0200,f07b8511-917b-4433-baac-8bd8534f48c3,2026-07-10T18:15:00Z,2026-07-10T20:15:00+0200,52490.3,MW,FR,FR,actual_load,Actual Load,2026-07-30T23:05:32Z
2026-07-30T23:03:49Z,2026-07-31T01:03:49+0200,f07b8511-917b-4433-baac-8bd8534f48c3,2026-07-10T18:30:00Z,2026-07-10T20:30:00+0200,51905.02,MW,FR,FR,actual_load,Actual Load,2026-07-30T23:05:32Z
2026-07-30T23:03:49Z,2026-07-31T01:03:49+0200,f07b8511-917b-4433-baac-8bd8534f48c3,2026-07-10T18:45:00Z,2026-07-10T20:45:00+0200,51192.16,MW,FR,FR,actual_load,Actual Load,2026-07-30T23:05:32Z
2026-07-30T23:03:49Z,2026-07-31T01:03:49+0200,f07b8511-917b-4433-baac-8bd8534f48c3,2026-07-10T19:00:00Z,2026-07-10T21:00:00+0200,50945.29,MW,FR,FR,actual_load,Actual Load,2026-07-30T23:05:32Z
2026-07-30T23:03:49Z,2026-07-31T01:03:49+0200,f07b8511-917b-4433-baac-8bd8534f48c3,2026-07-10T19:15:00Z,2026-07-10T21:15:00+0200,50532.58,MW,FR,FR,actual_load,Actual Load,2026-07-30T23:05:32Z
2026-07-30T23:03:49Z,2026-07-31T01:03:49+0200,f07b8511-917b-4433-baac-8bd8534f48c3,2026-07-10T19:30:00Z,2026-07-10T21:30:00+0200,50224.41,MW,FR,FR,actual_load,Actual Load,2026-07-30T23:05:32Z
2026-07-30T23:03:49Z,2026-07-31T01:03:49+0200,f07b8511-917b-4433-baac-8bd8534f48c3,2026-07-10T19:45:00Z,2026-07-10T21:45:00+0200,49767.79,MW,FR,FR,actual_load,Actual Load,2026-07-30T23:05:32Z
2026-07-30T23:03:49Z,2026-07-31T01:03:49+0200,f07b8511-917b-4433-baac-8bd8534f48c3,2026-07-10T20:00:00Z,2026-07-10T22:00:00+0200,50853.09,MW,FR,FR,actual_load,Actual Load,2026-07-30T23:05:32Z
2026-07-30T23:03:49Z,2026-07-31T01:03:49+0200,f07b8511-917b-4433-baac-8bd8534f48c3,2026-07-10T20:15:00Z,2026-07-10T22:15:00+0200,50606.73,MW,FR,FR,actual_load,Actual Load,2026-07-30T23:05:32Z
2026-07-30T23:03:49Z,2026-07-31T01:03:49+0200,f07b8511-917b-4433-baac-8bd8534f48c3,2026-07-10T20:30:00Z,2026-07-10T22:30:00+0200,51767.65,MW,FR,FR,actual_load,Actual Load,2026-07-30T23:05:32Z
2026-07-30T23:03:49Z,2026-07-31T01:03:49+0200,f07b8511-917b-4433-baac-8bd8534f48c3,2026-07-10T20:45:00Z,2026-07-10T22:45:00+0200,51083.32,MW,FR,FR,actual_load,Actual Load,2026-07-30T23:05:32Z
2026-07-30T23:03:49Z,2026-07-31T01:03:49+0200,f07b8511-917b-4433-baac-8bd8534f48c3,2026-07-10T21:00:00Z,2026-07-10T23:00:00+0200,50762.28,MW,FR,FR,actual_load,Actual Load,2026-07-30T23:05:32Z
2026-07-30T23:03:49Z,2026-07-31T01:03:49+0200,f07b8511-917b-4433-baac-8bd8534f48c3,2026-07-10T21:15:00Z,2026-07-10T23:15:00+0200,49569.1,MW,FR,FR,actual_load,Actual Load,2026-07-30T23:05:32Z
2026-07-30T23:03:49Z,2026-07-31T01:03:49+0200,f07b8511-917b-4433-baac-8bd8534f48c3,2026-07-10T21:30:00Z,2026-07-10T23:30:00+0200,49577.55,MW,FR,FR,actual_load,Actual Load,2026-07-30T23:05:32Z
2026-07-30T23:03:49Z,2026-07-31T01:03:49+0200,f07b8511-917b-4433-baac-8bd8534f48c3,2026-07-10T21:45:00Z,2026-07-10T23:45:00+0200,48203.86,MW,FR,FR,actual_load,Actual Load,2026-07-30T23:05:32Z
2026-07-30T23:03:49Z,2026-07-31T01:03:49+0200,f07b8511-917b-4433-baac-8bd8534f48c3,2026-07-10T22:00:00Z,2026-07-11T00:00:00+0200,47844.72,MW,FR,FR,actual_load,Actual Load,2026-07-30T23:05:32Z
2026-07-30T23:03:49Z,2026-07-31T01:03:49+0200,f07b8511-917b-4433-baac-8bd8534f48c3,2026-07-10T22:15:00Z,2026-07-11T00:15:00+0200,46660.39,MW,FR,FR,actual_load,Actual Load,2026-07-30T23:05:32Z
2026-07-30T23:03:49Z,2026-07-31T01:03:49+0200,f07b8511-917b-4433-baac-8bd8534f48c3,2026-07-10T22:30:00Z,2026-07-11T00:30:00+0200,45077.46,MW,FR,FR,actual_load,Actual Load,2026-07-30T23:05:32Z
2026-07-30T23:03:49Z,2026-07-31T01:03:49+0200,f07b8511-917b-4433-baac-8bd8534f48c3,2026-07-10T22:45:00Z,2026-07-11T00:45:00+0200,44303.26,MW,FR,FR,actual_load,Actual Load,2026-07-30T23:05:32Z
2026-07-30T23:03:49Z,2026-07-31T01:03:49+0200,f07b8511-917b-4433-baac-8bd8534f48c3,2026-07-10T23:00:00Z,2026-07-11T01:00:00+0200,44560.25,MW,FR,FR,actual_load,Actual Load,2026-07-30T23:05:32Z
2026-07-30T23:03:49Z,2026-07-31T01:03:49+0200,f07b8511-917b-4433-baac-8bd8534f48c3,2026-07-10T23:15:00Z,2026-07-11T01:15:00+0200,43876.26,MW,FR,FR,actual_load,Actual Load,2026-07-30T23:05:32Z
2026-07-30T23:03:49Z,2026-07-31T01:03:49+0200,f07b8511-917b-4433-baac-8bd8534f48c3,2026-07-10T23:30:00Z,2026-07-11T01:30:00+0200,43587.75,MW,FR,FR,actual_load,Actual Load,2026-07-30T23:05:32Z
2026-07-30T23:03:49Z,2026-07-31T01:03:49+0200,f07b8511-917b-4433-baac-8bd8534f48c3,2026-07-10T23:45:00Z,2026-07-11T01:45:00+0200,42850.69,MW,FR,FR,actual_load,Actual Load,2026-07-30T23:05:32Z
2026-07-30T23:03:49Z,2026-07-31T01:03:49+0200,f07b8511-917b-4433-baac-8bd8534f48c3,2026-07-11T00:00:00Z,2026-07-11T02:00:00+0200,42469.07,MW,FR,FR,actual_load,Actual Load,2026-07-30T23:05:32Z
2026-07-30T23:03:49Z,2026-07-31T01:03:49+0200,f07b8511-917b-4433-baac-8bd8534f48c3,2026-07-11T00:15:00Z,2026-07-11T02:15:00+0200,41530.05,MW,FR,FR,actual_load,Actual Load,2026-07-30T23:05:32Z
2026-07-30T23:03:49Z,2026-07-31T01:03:49+0200,f07b8511-917b-4433-baac-8bd8534f48c3,2026-07-11T00:30:00Z,2026-07-11T02:30:00+0200,40787.22,MW,FR,FR,actual_load,Actual Load,2026-07-30T23:05:32Z
2026-07-30T23:03:49Z,2026-07-31T01:03:49+0200,f07b8511-917b-4433-baac-8bd8534f48c3,2026-07-11T00:45:00Z,2026-07-11T02:45:00+0200,40114.64,MW,FR,FR,actual_load,Actual Load,2026-07-30T23:05:32Z
2026-07-30T23:03:49Z,2026-07-31T01:03:49+0200,f07b8511-917b-4433-baac-8bd8534f48c3,2026-07-11T01:00:00Z,2026-07-11T03:00:00+0200,39593.97,MW,FR,FR,actual_load,Actual Load,2026-07-30T23:05:32Z
2026-07-30T23:03:49Z,2026-07-31T01:03:49+0200,f07b8511-917b-4433-baac-8bd8534f48c3,2026-07-11T01:15:00Z,2026-07-11T03:15:00+0200,39107.45,MW,FR,FR,actual_load,Actual Load,2026-07-30T23:05:32Z
2026-07-30T23:03:49Z,2026-07-31T01:03:49+0200,f07b8511-917b-4433-baac-8bd8534f48c3,2026-07-11T01:30:00Z,2026-07-11T03:30:00+0200,38925.42,MW,FR,FR,actual_load,Actual Load,2026-07-30T23:05:32Z
2026-07-30T23:03:49Z,2026-07-31T01:03:49+0200,f07b8511-917b-4433-baac-8bd8534f48c3,2026-07-11T01:45:00Z,2026-07-11T03:45:00+0200,38678.37,MW,FR,FR,actual_load,Actual Load,2026-07-30T23:05:32Z
2026-07-30T23:03:49Z,2026-07-31T01:03:49+0200,f07b8511-917b-4433-baac-8bd8534f48c3,2026-07-11T02:00:00Z,2026-07-11T04:00:00+0200,38560.09,MW,FR,FR,actual_load,Actual Load,2026-07-30T23:05:32Z
2026-07-30T23:03:49Z,2026-07-31T01:03:49+0200,f07b8511-917b-4433-baac-8bd8534f48c3,2026-07-11T02:15:00Z,2026-07-11T04:15:00+0200,38288.53,MW,FR,FR,actual_load,Actual Load,2026-07-30T23:05:32Z
2026-07-30T23:03:49Z,2026-07-31T01:03:49+0200,f07b8511-917b-4433-baac-8bd8534f48c3,2026-07-11T02:30:00Z,2026-07-11T04:30:00+0200,38148.31,MW,FR,FR,actual_load,Actual Load,2026-07-30T23:05:32Z
2026-07-30T23:03:49Z,2026-07-31T01:03:49+0200,f07b8511-917b-4433-baac-8bd8534f48c3,2026-07-11T02:45:00Z,2026-07-11T04:45:00+0200,37952.61,MW,FR,FR,actual_load,Actual Load,2026-07-30T23:05:32Z
2026-07-30T23:03:49Z,2026-07-31T01:03:49+0200,f07b8511-917b-4433-baac-8bd8534f48c3,2026-07-11T03:00:00Z,2026-07-11T05:00:00+0200,38067.43,MW,FR,FR,actual_load,Actual Load,2026-07-30T23:05:32Z
2026-07-30T23:03:49Z,2026-07-31T01:03:49+0200,f07b8511-917b-4433-baac-8bd8534f48c3,2026-07-11T03:15:00Z,2026-07-11T05:15:00+0200,37939.7,MW,FR,FR,actual_load,Actual Load,2026-07-30T23:05:32Z
2026-07-30T23:03:49Z,2026-07-31T01:03:49+0200,f07b8511-917b-4433-baac-8bd8534f48c3,2026-07-11T03:30:00Z,2026-07-11T05:30:00+0200,37868.94,MW,FR,FR,actual_load,Actual Load,2026-07-30T23:05:32Z
2026-07-30T23:03:49Z,2026-07-31T01:03:49+0200,f07b8511-917b-4433-baac-8bd8534f48c3,2026-07-11T03:45:00Z,2026-07-11T05:45:00+0200,37816.6,MW,FR,FR,actual_load,Actual Load,2026-07-30T23:05:32Z
2026-07-30T23:03:49Z,2026-07-31T01:03:49+0200,f07b8511-917b-4433-baac-8bd8534f48c3,2026-07-11T04:00:00Z,2026-07-11T06:00:00+0200,37922.89,MW,FR,FR,actual_load,Actual Load,2026-07-30T23:05:32Z
2026-07-30T23:03:49Z,2026-07-31T01:03:49+0200,f07b8511-917b-4433-baac-8bd8534f48c3,2026-07-11T04:15:00Z,2026-07-11T06:15:00+0200,38139.24,MW,FR,FR,actual_load,Actual Load,2026-07-30T23:05:32Z
2026-07-30T23:03:49Z,2026-07-31T01:03:49+0200,f07b8511-917b-4433-baac-8bd8534f48c3,2026-07-11T04:30:00Z,2026-07-11T06:30:00+0200,38124.94,MW,FR,FR,actual_load,Actual Load,2026-07-30T23:05:32Z
2026-07-30T23:03:49Z,2026-07-31T01:03:49+0200,f07b8511-917b-4433-baac-8bd8534f48c3,2026-07-11T04:45:00Z,2026-07-11T06:45:00+0200,38403.84,MW,FR,FR,actual_load,Actual Load,2026-07-30T23:05:32Z
2026-07-30T23:03:49Z,2026-07-31T01:03:49+0200,f07b8511-917b-4433-baac-8bd8534f48c3,2026-07-11T05:00:00Z,2026-07-11T07:00:00+0200,38458.6,MW,FR,FR,actual_load,Actual Load,2026-07-30T23:05:32Z
2026-07-30T23:03:49Z,2026-07-31T01:03:49+0200,f07b8511-917b-4433-baac-8bd8534f48c3,2026-07-11T05:15:00Z,2026-07-11T07:15:00+0200,38718.03,MW,FR,FR,actual_load,Actual Load,2026-07-30T23:05:32Z
2026-07-30T23:03:49Z,2026-07-31T01:03:49+0200,f07b8511-917b-4433-baac-8bd8534f48c3,2026-07-11T05:30:00Z,2026-07-11T07:30:00+0200,39007.92,MW,FR,FR,actual_load,Actual Load,2026-07-30T23:05:32Z
2026-07-30T23:03:49Z,2026-07-31T01:03:49+0200,f07b8511-917b-4433-baac-8bd8534f48c3,2026-07-11T05:45:00Z,2026-07-11T07:45:00+0200,39491.85,MW,FR,FR,actual_load,Actual Load,2026-07-30T23:05:32Z
2026-07-30T23:03:49Z,2026-07-31T01:03:49+0200,f07b8511-917b-4433-baac-8bd8534f48c3,2026-07-11T06:00:00Z,2026-07-11T08:00:00+0200,39986.13,MW,FR,FR,actual_load,Actual Load,2026-07-30T23:05:32Z
2026-07-30T23:03:49Z,2026-07-31T01:03:49+0200,f07b8511-917b-4433-baac-8bd8534f48c3,2026-07-11T06:15:00Z,2026-07-11T08:15:00+0200,40401.44,MW,FR,FR,actual_load,Actual Load,2026-07-30T23:05:32Z
2026-07-30T23:03:49Z,2026-07-31T01:03:49+0200,f07b8511-917b-4433-baac-8bd8534f48c3,2026-07-11T06:30:00Z,2026-07-11T08:30:00+0200,41104.46,MW,FR,FR,actual_load,Actual Load,2026-07-30T23:05:32Z
2026-07-30T23:03:49Z,2026-07-31T01:03:49+0200,f07b8511-917b-4433-baac-8bd8534f48c3,2026-07-11T06:45:00Z,2026-07-11T08:45:00+0200,41554.74,MW,FR,FR,actual_load,Actual Load,2026-07-30T23:05:32Z
2026-07-30T23:03:49Z,2026-07-31T01:03:49+0200,f07b8511-917b-4433-baac-8bd8534f48c3,2026-07-11T07:00:00Z,2026-07-11T09:00:00+0200,42205.18,MW,FR,FR,actual_load,Actual Load,2026-07-30T23:05:32Z
2026-07-30T23:03:49Z,2026-07-31T01:03:49+0200,f07b8511-917b-4433-baac-8bd8534f48c3,2026-07-11T07:15:00Z,2026-07-11T09:15:00+0200,42864.58,MW,FR,FR,actual_load,Actual Load,2026-07-30T23:05:32Z
2026-07-30T23:03:49Z,2026-07-31T01:03:49+0200,f07b8511-917b-4433-baac-8bd8534f48c3,2026-07-11T07:30:00Z,2026-07-11T09:30:00+0200,43489.95,MW,FR,FR,actual_load,Actual Load,2026-07-30T23:05:32Z
2026-07-30T23:03:49Z,2026-07-31T01:03:49+0200,f07b8511-917b-4433-baac-8bd8534f48c3,2026-07-11T07:45:00Z,2026-07-11T09:45:00+0200,44085.72,MW,FR,FR,actual_load,Actual Load,2026-07-30T23:05:32Z
2026-07-30T23:03:49Z,2026-07-31T01:03:49+0200,f07b8511-917b-4433-baac-8bd8534f48c3,2026-07-11T08:00:00Z,2026-07-11T10:00:00+0200,44615.84,MW,FR,FR,actual_load,Actual Load,2026-07-30T23:05:32Z
2026-07-30T23:03:49Z,2026-07-31T01:03:49+0200,f07b8511-917b-4433-baac-8bd8534f48c3,2026-07-11T08:15:00Z,2026-07-11T10:15:00+0200,45177.46,MW,FR,FR,actual_load,Actual Load,2026-07-30T23:05:32Z
2026-07-30T23:03:49Z,2026-07-31T01:03:49+0200,f07b8511-917b-4433-baac-8bd8534f48c3,2026-07-11T08:30:00Z,2026-07-11T10:30:00+0200,45759.61,MW,FR,FR,actual_load,Actual Load,2026-07-30T23:05:32Z
2026-07-30T23:03:49Z,2026-07-31T01:03:49+0200,f07b8511-917b-4433-baac-8bd8534f48c3,2026-07-11T08:45:00Z,2026-07-11T10:45:00+0200,46143.98,MW,FR,FR,actual_load,Actual Load,2026-07-30T23:05:32Z
2026-07-30T23:03:49Z,2026-07-31T01:03:49+0200,f07b8511-917b-4433-baac-8bd8534f48c3,2026-07-11T09:00:00Z,2026-07-11T11:00:00+0200,46509.31,MW,FR,FR,actual_load,Actual Load,2026-07-30T23:05:32Z
2026-07-30T23:03:49Z,2026-07-31T01:03:49+0200,f07b8511-917b-4433-baac-8bd8534f48c3,2026-07-11T09:15:00Z,2026-07-11T11:15:00+0200,46849.62,MW,FR,FR,actual_load,Actual Load,2026-07-30T23:05:32Z
2026-07-30T23:03:49Z,2026-07-31T01:03:49+0200,f07b8511-917b-4433-baac-8bd8534f48c3,2026-07-11T09:30:00Z,2026-07-11T11:30:00+0200,47262.12,MW,FR,FR,actual_load,Actual Load,2026-07-30T23:05:32Z
2026-07-30T23:03:49Z,2026-07-31T01:03:49+0200,f07b8511-917b-4433-baac-8bd8534f48c3,2026-07-11T09:45:00Z,2026-07-11T11:45:00+0200,47750.18,MW,FR,FR,actual_load,Actual Load,2026-07-30T23:05:32Z
2026-07-30T23:03:49Z,2026-07-31T01:03:49+0200,f07b8511-917b-4433-baac-8bd8534f48c3,2026-07-11T10:00:00Z,2026-07-11T12:00:00+0200,48368.93,MW,FR,FR,actual_load,Actual Load,2026-07-30T23:05:32Z
2026-07-30T23:03:49Z,2026-07-31T01:03:49+0200,f07b8511-917b-4433-baac-8bd8534f48c3,2026-07-11T10:15:00Z,2026-07-11T12:15:00+0200,48704.37,MW,FR,FR,actual_load,Actual Load,2026-07-30T23:05:32Z
2026-07-30T23:03:49Z,2026-07-31T01:03:49+0200,f07b8511-917b-4433-baac-8bd8534f48c3,2026-07-11T10:30:00Z,2026-07-11T12:30:00+0200,49345.0,MW,FR,FR,actual_load,Actual Load,2026-07-30T23:05:32Z
2026-07-30T23:03:49Z,2026-07-31T01:03:49+0200,f07b8511-917b-4433-baac-8bd8534f48c3,2026-07-11T10:45:00Z,2026-07-11T12:45:00+0200,49267.43,MW,FR,FR,actual_load,Actual Load,2026-07-30T23:05:32Z
2026-07-30T23:03:49Z,2026-07-31T01:03:49+0200,f07b8511-917b-4433-baac-8bd8534f48c3,2026-07-11T11:00:00Z,2026-07-11T13:00:00+0200,49089.91,MW,FR,FR,actual_load,Actual Load,2026-07-30T23:05:32Z
2026-07-30T23:03:49Z,2026-07-31T01:03:49+0200,f07b8511-917b-4433-baac-8bd8534f48c3,2026-07-11T11:15:00Z,2026-07-11T13:15:00+0200,48662.14,MW,FR,FR,actual_load,Actual Load,2026-07-30T23:05:32Z
2026-07-30T23:03:49Z,2026-07-31T01:03:49+0200,f07b8511-917b-4433-baac-8bd8534f48c3,2026-07-11T11:30:00Z,2026-07-11T13:30:00+0200,48430.82,MW,FR,FR,actual_load,Actual Load,2026-07-30T23:05:32Z
2026-07-30T23:03:49Z,2026-07-31T01:03:49+0200,f07b8511-917b-4433-baac-8bd8534f48c3,2026-07-11T11:45:00Z,2026-07-11T13:45:00+0200,48412.6,MW,FR,FR,actual_load,Actual Load,2026-07-30T23:05:32Z
2026-07-30T23:03:49Z,2026-07-31T01:03:49+0200,f07b8511-917b-4433-baac-8bd8534f48c3,2026-07-11T12:00:00Z,2026-07-11T14:00:00+0200,49255.28,MW,FR,FR,actual_load,Actual Load,2026-07-30T23:05:32Z
2026-07-30T23:03:49Z,2026-07-31T01:03:49+0200,f07b8511-917b-4433-baac-8bd8534f48c3,2026-07-11T12:15:00Z,2026-07-11T14:15:00+0200,49273.95,MW,FR,FR,actual_load,Actual Load,2026-07-30T23:05:32Z
2026-07-30T23:03:49Z,2026-07-31T01:03:49+0200,f07b8511-917b-4433-baac-8bd8534f48c3,2026-07-11T12:30:00Z,2026-07-11T14:30:00+0200,49384.58,MW,FR,FR,actual_load,Actual Load,2026-07-30T23:05:32Z
2026-07-30T23:03:49Z,2026-07-31T01:03:49+0200,f07b8511-917b-4433-baac-8bd8534f48c3,2026-07-11T12:45:00Z,2026-07-11T14:45:00+0200,49071.67,MW,FR,FR,actual_load,Actual Load,2026-07-30T23:05:32Z
2026-07-30T23:03:49Z,2026-07-31T01:03:49+0200,f07b8511-917b-4433-baac-8bd8534f48c3,2026-07-11T13:00:00Z,2026-07-11T15:00:00+0200,48813.71,MW,FR,FR,actual_load,Actual Load,2026-07-30T23:05:32Z
2026-07-30T23:03:49Z,2026-07-31T01:03:49+0200,f07b8511-917b-4433-baac-8bd8534f48c3,2026-07-11T13:15:00Z,2026-07-11T15:15:00+0200,48458.39,MW,FR,FR,actual_load,Actual Load,2026-07-30T23:05:32Z
2026-07-30T23:03:49Z,2026-07-31T01:03:49+0200,f07b8511-917b-4433-baac-8bd8534f48c3,2026-07-11T13:30:00Z,2026-07-11T15:30:00+0200,48024.73,MW,FR,FR,actual_load,Actual Load,2026-07-30T23:05:32Z
2026-07-30T23:03:49Z,2026-07-31T01:03:49+0200,f07b8511-917b-4433-baac-8bd8534f48c3,2026-07-11T13:45:00Z,2026-07-11T15:45:00+0200,47839.11,MW,FR,FR,actual_load,Actual Load,2026-07-30T23:05:32Z
2026-07-30T23:03:49Z,2026-07-31T01:03:49+0200,f07b8511-917b-4433-baac-8bd8534f48c3,2026-07-11T14:00:00Z,2026-07-11T16:00:00+0200,47900.41,MW,FR,FR,actual_load,Actual Load,2026-07-30T23:05:32Z
2026-07-30T23:03:49Z,2026-07-31T01:03:49+0200,f07b8511-917b-4433-baac-8bd8534f48c3,2026-07-11T14:15:00Z,2026-07-11T16:15:00+0200,47794.43,MW,FR,FR,actual_load,Actual Load,2026-07-30T23:05:32Z
2026-07-30T23:03:49Z,2026-07-31T01:03:49+0200,f07b8511-917b-4433-baac-8bd8534f48c3,2026-07-11T14:30:00Z,2026-07-11T16:30:00+0200,47841.7,MW,FR,FR,actual_load,Actual Load,2026-07-30T23:05:32Z
2026-07-30T23:03:49Z,2026-07-31T01:03:49+0200,f07b8511-917b-4433-baac-8bd8534f48c3,2026-07-11T14:45:00Z,2026-07-11T16:45:00+0200,47665.95,MW,FR,FR,actual_load,Actual Load,2026-07-30T23:05:32Z
2026-07-30T23:03:49Z,2026-07-31T01:03:49+0200,f07b8511-917b-4433-baac-8bd8534f48c3,2026-07-11T15:00:00Z,2026-07-11T17:00:00+0200,47735.18,MW,FR,FR,actual_load,Actual Load,2026-07-30T23:05:32Z
2026-07-30T23:03:49Z,2026-07-31T01:03:49+0200,f07b8511-917b-4433-baac-8bd8534f48c3,2026-07-11T15:15:00Z,2026-07-11T17:15:00+0200,47730.25,MW,FR,FR,actual_load,Actual Load,2026-07-30T23:05:32Z
2026-07-30T23:03:49Z,2026-07-31T01:03:49+0200,f07b8511-917b-4433-baac-8bd8534f48c3,2026-07-11T15:30:00Z,2026-07-11T17:30:00+0200,48011.8,MW,FR,FR,actual_load,Actual Load,2026-07-30T23:05:32Z
2026-07-30T23:03:49Z,2026-07-31T01:03:49+0200,f07b8511-917b-4433-baac-8bd8534f48c3,2026-07-11T15:45:00Z,2026-07-11T17:45:00+0200,48108.18,MW,FR,FR,actual_load,Actual Load,2026-07-30T23:05:32Z
2026-07-30T23:03:49Z,2026-07-31T01:03:49+0200,f07b8511-917b-4433-baac-8bd8534f48c3,2026-07-11T16:00:00Z,2026-07-11T18:00:00+0200,48439.07,MW,FR,FR,actual_load,Actual Load,2026-07-30T23:05:32Z
2026-07-30T23:03:49Z,2026-07-31T01:03:49+0200,f07b8511-917b-4433-baac-8bd8534f48c3,2026-07-11T16:15:00Z,2026-07-11T18:15:00+0200,48588.73,MW,FR,FR,actual_load,Actual Load,2026-07-30T23:05:32Z
2026-07-30T23:03:49Z,2026-07-31T01:03:49+0200,f07b8511-917b-4433-baac-8bd8534f48c3,2026-07-11T16:30:00Z,2026-07-11T18:30:00+0200,49085.89,MW,FR,FR,actual_load,Actual Load,2026-07-30T23:05:32Z
2026-07-30T23:03:49Z,2026-07-31T01:03:49+0200,f07b8511-917b-4433-baac-8bd8534f48c3,2026-07-11T16:45:00Z,2026-07-11T18:45:00+0200,49351.03,MW,FR,FR,actual_load,Actual Load,2026-07-30T23:05:32Z
2026-07-30T23:03:49Z,2026-07-31T01:03:49+0200,f07b8511-917b-4433-baac-8bd8534f48c3,2026-07-11T17:00:00Z,2026-07-11T19:00:00+0200,49631.18,MW,FR,FR,actual_load,Actual Load,2026-07-30T23:05:32Z
2026-07-30T23:03:49Z,2026-07-31T01:03:49+0200,f07b8511-917b-4433-baac-8bd8534f48c3,2026-07-11T17:15:00Z,2026-07-11T19:15:00+0200,49664.49,MW,FR,FR,actual_load,Actual Load,2026-07-30T23:05:32Z
2026-07-30T23:03:49Z,2026-07-31T01:03:49+0200,f07b8511-917b-4433-baac-8bd8534f48c3,2026-07-11T17:30:00Z,2026-07-11T19:30:00+0200,49199.1,MW,FR,FR,actual_load,Actual Load,2026-07-30T23:05:32Z
2026-07-30T23:03:49Z,2026-07-31T01:03:49+0200,f07b8511-917b-4433-baac-8bd8534f48c3,2026-07-11T17:45:00Z,2026-07-11T19:45:00+0200,48918.0,MW,FR,FR,actual_load,Actual Load,2026-07-30T23:05:32Z
2026-07-30T23:03:49Z,2026-07-31T01:03:49+0200,f07b8511-917b-4433-baac-8bd8534f48c3,2026-07-11T18:00:00Z,2026-07-11T20:00:00+0200,48328.85,MW,FR,FR,actual_load,Actual Load,2026-07-30T23:05:32Z
2026-07-30T23:03:49Z,2026-07-31T01:03:49+0200,f07b8511-917b-4433-baac-8bd8534f48c3,2026-07-11T18:15:00Z,2026-07-11T20:15:00+0200,47771.38,MW,FR,FR,actual_load,Actual Load,2026-07-30T23:05:32Z
2026-07-30T23:03:49Z,2026-07-31T01:03:49+0200,f07b8511-917b-4433-baac-8bd8534f48c3,2026-07-11T18:30:00Z,2026-07-11T20:30:00+0200,47283.38,MW,FR,FR,actual_load,Actual Load,2026-07-30T23:05:32Z
2026-07-30T23:03:49Z,2026-07-31T01:03:49+0200,f07b8511-917b-4433-baac-8bd8534f48c3,2026-07-11T18:45:00Z,2026-07-11T20:45:00+0200,46834.15,MW,FR,FR,actual_load,Actual Load,2026-07-30T23:05:32Z
2026-07-30T23:03:49Z,2026-07-31T01:03:49+0200,f07b8511-917b-4433-baac-8bd8534f48c3,2026-07-11T19:00:00Z,2026-07-11T21:00:00+0200,46750.52,MW,FR,FR,actual_load,Actual Load,2026-07-30T23:05:32Z
2026-07-30T23:03:49Z,2026-07-31T01:03:49+0200,f07b8511-917b-4433-baac-8bd8534f48c3,2026-07-11T19:15:00Z,2026-07-11T21:15:00+0200,46428.77,MW,FR,FR,actual_load,Actual Load,2026-07-30T23:05:32Z
2026-07-30T23:03:49Z,2026-07-31T01:03:49+0200,f07b8511-917b-4433-baac-8bd8534f48c3,2026-07-11T19:30:00Z,2026-07-11T21:30:00+0200,46306.7,MW,FR,FR,actual_load,Actual Load,2026-07-30T23:05:32Z
2026-07-30T23:03:49Z,2026-07-31T01:03:49+0200,f07b8511-917b-4433-baac-8bd8534f48c3,2026-07-11T19:45:00Z,2026-07-11T21:45:00+0200,45836.17,MW,FR,FR,actual_load,Actual Load,2026-07-30T23:05:32Z
2026-07-30T23:03:49Z,2026-07-31T01:03:49+0200,f07b8511-917b-4433-baac-8bd8534f48c3,2026-07-11T20:00:00Z,2026-07-11T22:00:00+0200,47364.11,MW,FR,FR,actual_load,Actual Load,2026-07-30T23:05:32Z
2026-07-30T23:03:49Z,2026-07-31T01:03:49+0200,f07b8511-917b-4433-baac-8bd8534f48c3,2026-07-11T20:15:00Z,2026-07-11T22:15:00+0200,47304.21,MW,FR,FR,actual_load,Actual Load,2026-07-30T23:05:32Z
2026-07-30T23:03:49Z,2026-07-31T01:03:49+0200,f07b8511-917b-4433-baac-8bd8534f48c3,2026-07-11T20:30:00Z,2026-07-11T22:30:00+0200,48528.84,MW,FR,FR,actual_load,Actual Load,2026-07-30T23:05:32Z
2026-07-30T23:03:49Z,2026-07-31T01:03:49+0200,f07b8511-917b-4433-baac-8bd8534f48c3,2026-07-11T20:45:00Z,2026-07-11T22:45:00+0200,47984.52,MW,FR,FR,actual_load,Actual Load,2026-07-30T23:05:32Z
2026-07-30T23:03:49Z,2026-07-31T01:03:49+0200,f07b8511-917b-4433-baac-8bd8534f48c3,2026-07-11T21:00:00Z,2026-07-11T23:00:00+0200,47787.37,MW,FR,FR,actual_load,Actual Load,2026-07-30T23:05:32Z
2026-07-30T23:03:49Z,2026-07-31T01:03:49+0200,f07b8511-917b-4433-baac-8bd8534f48c3,2026-07-11T21:15:00Z,2026-07-11T23:15:00+0200,46764.81,MW,FR,FR,actual_load,Actual Load,2026-07-30T23:05:32Z
2026-07-30T23:03:49Z,2026-07-31T01:03:49+0200,f07b8511-917b-4433-baac-8bd8534f48c3,2026-07-11T21:30:00Z,2026-07-11T23:30:00+0200,46800.9,MW,FR,FR,actual_load,Actual Load,2026-07-30T23:05:32Z
2026-07-30T23:03:49Z,2026-07-31T01:03:49+0200,f07b8511-917b-4433-baac-8bd8534f48c3,2026-07-11T21:45:00Z,2026-07-11T23:45:00+0200,45876.91,MW,FR,FR,actual_load,Actual Load,2026-07-30T23:05:32Z
2026-07-30T23:03:49Z,2026-07-31T01:03:49+0200,f07b8511-917b-4433-baac-8bd8534f48c3,2026-07-11T22:00:00Z,2026-07-12T00:00:00+0200,45364.95,MW,FR,FR,actual_load,Actual Load,2026-07-30T23:05:32Z
2026-07-30T23:03:49Z,2026-07-31T01:03:49+0200,f07b8511-917b-4433-baac-8bd8534f48c3,2026-07-11T22:15:00Z,2026-07-12T00:15:00+0200,44265.2,MW,FR,FR,actual_load,Actual Load,2026-07-30T23:05:32Z
2026-07-30T23:03:49Z,2026-07-31T01:03:49+0200,f07b8511-917b-4433-baac-8bd8534f48c3,2026-07-11T22:30:00Z,2026-07-12T00:30:00+0200,43047.81,MW,FR,FR,actual_load,Actual Load,2026-07-30T23:05:32Z
2026-07-30T23:03:49Z,2026-07-31T01:03:49+0200,f07b8511-917b-4433-baac-8bd8534f48c3,2026-07-11T22:45:00Z,2026-07-12T00:45:00+0200,42096.68,MW,FR,FR,actual_load,Actual Load,2026-07-30T23:05:32Z
2026-07-30T23:03:49Z,2026-07-31T01:03:49+0200,f07b8511-917b-4433-baac-8bd8534f48c3,2026-07-11T23:00:00Z,2026-07-12T01:00:00+0200,42564.41,MW,FR,FR,actual_load,Actual Load,2026-07-30T23:05:32Z
2026-07-30T23:03:49Z,2026-07-31T01:03:49+0200,f07b8511-917b-4433-baac-8bd8534f48c3,2026-07-11T23:15:00Z,2026-07-12T01:15:00+0200,41786.57,MW,FR,FR,actual_load,Actual Load,2026-07-30T23:05:32Z
2026-07-30T23:03:49Z,2026-07-31T01:03:49+0200,f07b8511-917b-4433-baac-8bd8534f48c3,2026-07-11T23:30:00Z,2026-07-12T01:30:00+0200,41699.63,MW,FR,FR,actual_load,Actual Load,2026-07-30T23:05:32Z
2026-07-30T23:03:49Z,2026-07-31T01:03:49+0200,f07b8511-917b-4433-baac-8bd8534f48c3,2026-07-11T23:45:00Z,2026-07-12T01:45:00+0200,40871.5,MW,FR,FR,actual_load,Actual Load,2026-07-30T23:05:32Z
2026-07-30T23:03:49Z,2026-07-31T01:03:49+0200,f07b8511-917b-4433-baac-8bd8534f48c3,2026-07-12T00:00:00Z,2026-07-12T02:00:00+0200,40667.41,MW,FR,FR,actual_load,Actual Load,2026-07-30T23:05:32Z
2026-07-30T23:03:49Z,2026-07-31T01:03:49+0200,f07b8511-917b-4433-baac-8bd8534f48c3,2026-07-12T00:15:00Z,2026-07-12T02:15:00+0200,39638.8,MW,FR,FR,actual_load,Actual Load,2026-07-30T23:05:32Z
2026-07-30T23:03:49Z,2026-07-31T01:03:49+0200,f07b8511-917b-4433-baac-8bd8534f48c3,2026-07-12T00:30:00Z,2026-07-12T02:30:00+0200,39058.77,MW,FR,FR,actual_load,Actual Load,2026-07-30T23:05:32Z
2026-07-30T23:03:49Z,2026-07-31T01:03:49+0200,f07b8511-917b-4433-baac-8bd8534f48c3,2026-07-12T00:45:00Z,2026-07-12T02:45:00+0200,38389.18,MW,FR,FR,actual_load,Actual Load,2026-07-30T23:05:32Z
2026-07-30T23:03:49Z,2026-07-31T01:03:49+0200,f07b8511-917b-4433-baac-8bd8534f48c3,2026-07-12T01:00:00Z,2026-07-12T03:00:00+0200,37824.44,MW,FR,FR,actual_load,Actual Load,2026-07-30T23:05:32Z
2026-07-30T23:03:49Z,2026-07-31T01:03:49+0200,f07b8511-917b-4433-baac-8bd8534f48c3,2026-07-12T01:15:00Z,2026-07-12T03:15:00+0200,37235.28,MW,FR,FR,actual_load,Actual Load,2026-07-30T23:05:32Z
2026-07-30T23:03:49Z,2026-07-31T01:03:49+0200,f07b8511-917b-4433-baac-8bd8534f48c3,2026-07-12T01:30:00Z,2026-07-12T03:30:00+0200,37017.22,MW,FR,FR,actual_load,Actual Load,2026-07-30T23:05:32Z
2026-07-30T23:03:49Z,2026-07-31T01:03:49+0200,f07b8511-917b-4433-baac-8bd8534f48c3,2026-07-12T01:45:00Z,2026-07-12T03:45:00+0200,36749.12,MW,FR,FR,actual_load,Actual Load,2026-07-30T23:05:32Z
2026-07-30T23:03:49Z,2026-07-31T01:03:49+0200,f07b8511-917b-4433-baac-8bd8534f48c3,2026-07-12T02:00:00Z,2026-07-12T04:00:00+0200,36357.13,MW,FR,FR,actual_load,Actual Load,2026-07-30T23:05:32Z
2026-07-30T23:03:49Z,2026-07-31T01:03:49+0200,f07b8511-917b-4433-baac-8bd8534f48c3,2026-07-12T02:15:00Z,2026-07-12T04:15:00+0200,36157.6,MW,FR,FR,actual_load,Actual Load,2026-07-30T23:05:32Z
2026-07-30T23:03:49Z,2026-07-31T01:03:49+0200,f07b8511-917b-4433-baac-8bd8534f48c3,2026-07-12T02:30:00Z,2026-07-12T04:30:00+0200,36094.05,MW,FR,FR,actual_load,Actual Load,2026-07-30T23:05:32Z
2026-07-30T23:03:49Z,2026-07-31T01:03:49+0200,f07b8511-917b-4433-baac-8bd8534f48c3,2026-07-12T02:45:00Z,2026-07-12T04:45:00+0200,35945.19,MW,FR,FR,actual_load,Actual Load,2026-07-30T23:05:32Z
2026-07-30T23:03:49Z,2026-07-31T01:03:49+0200,f07b8511-917b-4433-baac-8bd8534f48c3,2026-07-12T03:00:00Z,2026-07-12T05:00:00+0200,35808.38,MW,FR,FR,actual_load,Actual Load,2026-07-30T23:05:32Z
2026-07-30T23:03:49Z,2026-07-31T01:03:49+0200,f07b8511-917b-4433-baac-8bd8534f48c3,2026-07-12T03:15:00Z,2026-07-12T05:15:00+0200,35690.62,MW,FR,FR,actual_load,Actual Load,2026-07-30T23:05:32Z
2026-07-30T23:03:49Z,2026-07-31T01:03:49+0200,f07b8511-917b-4433-baac-8bd8534f48c3,2026-07-12T03:30:00Z,2026-07-12T05:30:00+0200,35757.65,MW,FR,FR,actual_load,Actual Load,2026-07-30T23:05:32Z
2026-07-30T23:03:49Z,2026-07-31T01:03:49+0200,f07b8511-917b-4433-baac-8bd8534f48c3,2026-07-12T03:45:00Z,2026-07-12T05:45:00+0200,35336.31,MW,FR,FR,actual_load,Actual Load,2026-07-30T23:05:32Z
2026-07-30T23:03:49Z,2026-07-31T01:03:49+0200,f07b8511-917b-4433-baac-8bd8534f48c3,2026-07-12T04:00:00Z,2026-07-12T06:00:00+0200,35296.37,MW,FR,FR,actual_load,Actual Load,2026-07-30T23:05:32Z
2026-07-30T23:03:49Z,2026-07-31T01:03:49+0200,f07b8511-917b-4433-baac-8bd8534f48c3,2026-07-12T04:15:00Z,2026-07-12T06:15:00+0200,35282.73,MW,FR,FR,actual_load,Actual Load,2026-07-30T23:05:32Z
2026-07-30T23:03:49Z,2026-07-31T01:03:49+0200,f07b8511-917b-4433-baac-8bd8534f48c3,2026-07-12T04:30:00Z,2026-07-12T06:30:00+0200,35325.7,MW,FR,FR,actual_load,Actual Load,2026-07-30T23:05:32Z
2026-07-30T23:03:49Z,2026-07-31T01:03:49+0200,f07b8511-917b-4433-baac-8bd8534f48c3,2026-07-12T04:45:00Z,2026-07-12T06:45:00+0200,35512.94,MW,FR,FR,actual_load,Actual Load,2026-07-30T23:05:32Z
2026-07-30T23:03:49Z,2026-07-31T01:03:49+0200,f07b8511-917b-4433-baac-8bd8534f48c3,2026-07-12T05:00:00Z,2026-07-12T07:00:00+0200,35563.8,MW,FR,FR,actual_load,Actual Load,2026-07-30T23:05:32Z
2026-07-30T23:03:49Z,2026-07-31T01:03:49+0200,f07b8511-917b-4433-baac-8bd8534f48c3,2026-07-12T05:15:00Z,2026-07-12T07:15:00+0200,35772.98,MW,FR,FR,actual_load,Actual Load,2026-07-30T23:05:32Z
2026-07-30T23:03:49Z,2026-07-31T01:03:49+0200,f07b8511-917b-4433-baac-8bd8534f48c3,2026-07-12T05:30:00Z,2026-07-12T07:30:00+0200,35935.13,MW,FR,FR,actual_load,Actual Load,2026-07-30T23:05:32Z
2026-07-30T23:03:49Z,2026-07-31T01:03:49+0200,f07b8511-917b-4433-baac-8bd8534f48c3,2026-07-12T05:45:00Z,2026-07-12T07:45:00+0200,36254.88,MW,FR,FR,actual_load,Actual Load,2026-07-30T23:05:32Z
2026-07-30T23:03:49Z,2026-07-31T01:03:49+0200,f07b8511-917b-4433-baac-8bd8534f48c3,2026-07-12T06:00:00Z,2026-07-12T08:00:00+0200,36593.55,MW,FR,FR,actual_load,Actual Load,2026-07-30T23:05:32Z
2026-07-30T23:03:49Z,2026-07-31T01:03:49+0200,f07b8511-917b-4433-baac-8bd8534f48c3,2026-07-12T06:15:00Z,2026-07-12T08:15:00+0200,36845.86,MW,FR,FR,actual_load,Actual Load,2026-07-30T23:05:32Z
2026-07-30T23:03:49Z,2026-07-31T01:03:49+0200,f07b8511-917b-4433-baac-8bd8534f48c3,2026-07-12T06:30:00Z,2026-07-12T08:30:00+0200,37587.46,MW,FR,FR,actual_load,Actual Load,2026-07-30T23:05:32Z
2026-07-30T23:03:49Z,2026-07-31T01:03:49+0200,f07b8511-917b-4433-baac-8bd8534f48c3,2026-07-12T06:45:00Z,2026-07-12T08:45:00+0200,38005.89,MW,FR,FR,actual_load,Actual Load,2026-07-30T23:05:32Z
2026-07-30T23:03:49Z,2026-07-31T01:03:49+0200,f07b8511-917b-4433-baac-8bd8534f48c3,2026-07-12T07:00:00Z,2026-07-12T09:00:00+0200,38418.31,MW,FR,FR,actual_load,Actual Load,2026-07-30T23:05:32Z
2026-07-30T23:03:49Z,2026-07-31T01:03:49+0200,f07b8511-917b-4433-baac-8bd8534f48c3,2026-07-12T07:15:00Z,2026-07-12T09:15:00+0200,39153.22,MW,FR,FR,actual_load,Actual Load,2026-07-30T23:05:32Z
2026-07-30T23:03:49Z,2026-07-31T01:03:49+0200,f07b8511-917b-4433-baac-8bd8534f48c3,2026-07-12T07:30:00Z,2026-07-12T09:30:00+0200,39578.41,MW,FR,FR,actual_load,Actual Load,2026-07-30T23:05:32Z
2026-07-30T23:03:49Z,2026-07-31T01:03:49+0200,f07b8511-917b-4433-baac-8bd8534f48c3,2026-07-12T07:45:00Z,2026-07-12T09:45:00+0200,39760.09,MW,FR,FR,actual_load,Actual Load,2026-07-30T23:05:32Z
2026-07-30T23:03:49Z,2026-07-31T01:03:49+0200,f07b8511-917b-4433-baac-8bd8534f48c3,2026-07-12T08:00:00Z,2026-07-12T10:00:00+0200,40289.2,MW,FR,FR,actual_load,Actual Load,2026-07-30T23:05:32Z
2026-07-30T23:03:49Z,2026-07-31T01:03:49+0200,f07b8511-917b-4433-baac-8bd8534f48c3,2026-07-12T08:15:00Z,2026-07-12T10:15:00+0200,40895.64,MW,FR,FR,actual_load,Actual Load,2026-07-30T23:05:32Z
2026-07-30T23:03:49Z,2026-07-31T01:03:49+0200,f07b8511-917b-4433-baac-8bd8534f48c3,2026-07-12T08:30:00Z,2026-07-12T10:30:00+0200,41659.83,MW,FR,FR,actual_load,Actual Load,2026-07-30T23:05:32Z
2026-07-30T23:03:49Z,2026-07-31T01:03:49+0200,f07b8511-917b-4433-baac-8bd8534f48c3,2026-07-12T08:45:00Z,2026-07-12T10:45:00+0200,42255.43,MW,FR,FR,actual_load,Actual Load,2026-07-30T23:05:32Z
2026-07-30T23:03:49Z,2026-07-31T01:03:49+0200,f07b8511-917b-4433-baac-8bd8534f48c3,2026-07-12T09:00:00Z,2026-07-12T11:00:00+0200,42633.7,MW,FR,FR,actual_load,Actual Load,2026-07-30T23:05:32Z
2026-07-30T23:03:49Z,2026-07-31T01:03:49+0200,f07b8511-917b-4433-baac-8bd8534f48c3,2026-07-12T09:15:00Z,2026-07-12T11:15:00+0200,43112.61,MW,FR,FR,actual_load,Actual Load,2026-07-30T23:05:32Z
2026-07-30T23:03:49Z,2026-07-31T01:03:49+0200,f07b8511-917b-4433-baac-8bd8534f48c3,2026-07-12T09:30:00Z,2026-07-12T11:30:00+0200,43459.77,MW,FR,FR,actual_load,Actual Load,2026-07-30T23:05:32Z
2026-07-30T23:03:49Z,2026-07-31T01:03:49+0200,f07b8511-917b-4433-baac-8bd8534f48c3,2026-07-12T09:45:00Z,2026-07-12T11:45:00+0200,43856.08,MW,FR,FR,actual_load,Actual Load,2026-07-30T23:05:32Z
2026-07-30T23:03:49Z,2026-07-31T01:03:49+0200,f07b8511-917b-4433-baac-8bd8534f48c3,2026-07-12T10:00:00Z,2026-07-12T12:00:00+0200,44726.81,MW,FR,FR,actual_load,Actual Load,2026-07-30T23:05:32Z
2026-07-30T23:03:49Z,2026-07-31T01:03:49+0200,f07b8511-917b-4433-baac-8bd8534f48c3,2026-07-12T10:15:00Z,2026-07-12T12:15:00+0200,45064.53,MW,FR,FR,actual_load,Actual Load,2026-07-30T23:05:32Z
2026-07-30T23:03:49Z,2026-07-31T01:03:49+0200,f07b8511-917b-4433-baac-8bd8534f48c3,2026-07-12T10:30:00Z,2026-07-12T12:30:00+0200,45756.06,MW,FR,FR,actual_load,Actual Load,2026-07-30T23:05:32Z
2026-07-30T23:03:49Z,2026-07-31T01:03:49+0200,f07b8511-917b-4433-baac-8bd8534f48c3,2026-07-12T10:45:00Z,2026-07-12T12:45:00+0200,45653.7,MW,FR,FR,actual_load,Actual Load,2026-07-30T23:05:32Z
2026-07-30T23:03:49Z,2026-07-31T01:03:49+0200,f07b8511-917b-4433-baac-8bd8534f48c3,2026-07-12T11:00:00Z,2026-07-12T13:00:00+0200,45400.61,MW,FR,FR,actual_load,Actual Load,2026-07-30T23:05:32Z
2026-07-30T23:03:49Z,2026-07-31T01:03:49+0200,f07b8511-917b-4433-baac-8bd8534f48c3,2026-07-12T11:15:00Z,2026-07-12T13:15:00+0200,44985.24,MW,FR,FR,actual_load,Actual Load,2026-07-30T23:05:32Z
2026-07-30T23:03:49Z,2026-07-31T01:03:49+0200,f07b8511-917b-4433-baac-8bd8534f48c3,2026-07-12T11:30:00Z,2026-07-12T13:30:00+0200,44682.59,MW,FR,FR,actual_load,Actual Load,2026-07-30T23:05:32Z
2026-07-30T23:03:49Z,2026-07-31T01:03:49+0200,f07b8511-917b-4433-baac-8bd8534f48c3,2026-07-12T11:45:00Z,2026-07-12T13:45:00+0200,44659.01,MW,FR,FR,actual_load,Actual Load,2026-07-30T23:05:32Z
2026-07-30T23:03:49Z,2026-07-31T01:03:49+0200,f07b8511-917b-4433-baac-8bd8534f48c3,2026-07-12T12:00:00Z,2026-07-12T14:00:00+0200,45510.94,MW,FR,FR,actual_load,Actual Load,2026-07-30T23:05:32Z
2026-07-30T23:03:49Z,2026-07-31T01:03:49+0200,f07b8511-917b-4433-baac-8bd8534f48c3,2026-07-12T12:15:00Z,2026-07-12T14:15:00+0200,45460.02,MW,FR,FR,actual_load,Actual Load,2026-07-30T23:05:32Z
2026-07-30T23:03:49Z,2026-07-31T01:03:49+0200,f07b8511-917b-4433-baac-8bd8534f48c3,2026-07-12T12:30:00Z,2026-07-12T14:30:00+0200,45492.7,MW,FR,FR,actual_load,Actual Load,2026-07-30T23:05:32Z
2026-07-30T23:03:49Z,2026-07-31T01:03:49+0200,f07b8511-917b-4433-baac-8bd8534f48c3,2026-07-12T12:45:00Z,2026-07-12T14:45:00+0200,45080.77,MW,FR,FR,actual_load,Actual Load,2026-07-30T23:05:32Z
2026-07-30T23:03:49Z,2026-07-31T01:03:49+0200,f07b8511-917b-4433-baac-8bd8534f48c3,2026-07-12T13:00:00Z,2026-07-12T15:00:00+0200,45036.58,MW,FR,FR,actual_load,Actual Load,2026-07-30T23:05:32Z
2026-07-30T23:03:49Z,2026-07-31T01:03:49+0200,f07b8511-917b-4433-baac-8bd8534f48c3,2026-07-12T13:15:00Z,2026-07-12T15:15:00+0200,44781.83,MW,FR,FR,actual_load,Actual Load,2026-07-30T23:05:32Z
2026-07-30T23:03:49Z,2026-07-31T01:03:49+0200,f07b8511-917b-4433-baac-8bd8534f48c3,2026-07-12T13:30:00Z,2026-07-12T15:30:00+0200,44400.12,MW,FR,FR,actual_load,Actual Load,2026-07-30T23:05:32Z
2026-07-30T23:03:49Z,2026-07-31T01:03:49+0200,f07b8511-917b-4433-baac-8bd8534f48c3,2026-07-12T13:45:00Z,2026-07-12T15:45:00+0200,44133.38,MW,FR,FR,actual_load,Actual Load,2026-07-30T23:05:32Z
2026-07-30T23:03:49Z,2026-07-31T01:03:49+0200,f07b8511-917b-4433-baac-8bd8534f48c3,2026-07-12T14:00:00Z,2026-07-12T16:00:00+0200,44094.6,MW,FR,FR,actual_load,Actual Load,2026-07-30T23:05:32Z
2026-07-30T23:03:49Z,2026-07-31T01:03:49+0200,f07b8511-917b-4433-baac-8bd8534f48c3,2026-07-12T14:15:00Z,2026-07-12T16:15:00+0200,44057.28,MW,FR,FR,actual_load,Actual Load,2026-07-30T23:05:32Z
2026-07-30T23:03:49Z,2026-07-31T01:03:49+0200,f07b8511-917b-4433-baac-8bd8534f48c3,2026-07-12T14:30:00Z,2026-07-12T16:30:00+0200,44190.83,MW,FR,FR,actual_load,Actual Load,2026-07-30T23:05:32Z
2026-07-30T23:03:49Z,2026-07-31T01:03:49+0200,f07b8511-917b-4433-baac-8bd8534f48c3,2026-07-12T14:45:00Z,2026-07-12T16:45:00+0200,44438.58,MW,FR,FR,actual_load,Actual Load,2026-07-30T23:05:32Z
2026-07-30T23:03:49Z,2026-07-31T01:03:49+0200,f07b8511-917b-4433-baac-8bd8534f48c3,2026-07-12T15:00:00Z,2026-07-12T17:00:00+0200,45046.92,MW,FR,FR,actual_load,Actual Load,2026-07-30T23:05:32Z
2026-07-30T23:03:49Z,2026-07-31T01:03:49+0200,f07b8511-917b-4433-baac-8bd8534f48c3,2026-07-12T15:15:00Z,2026-07-12T17:15:00+0200,45468.09,MW,FR,FR,actual_load,Actual Load,2026-07-30T23:05:32Z
2026-07-30T23:03:49Z,2026-07-31T01:03:49+0200,f07b8511-917b-4433-baac-8bd8534f48c3,2026-07-12T15:30:00Z,2026-07-12T17:30:00+0200,45961.98,MW,FR,FR,actual_load,Actual Load,2026-07-30T23:05:32Z
2026-07-30T23:03:49Z,2026-07-31T01:03:49+0200,f07b8511-917b-4433-baac-8bd8534f48c3,2026-07-12T15:45:00Z,2026-07-12T17:45:00+0200,46457.44,MW,FR,FR,actual_load,Actual Load,2026-07-30T23:05:32Z
2026-07-30T23:03:49Z,2026-07-31T01:03:49+0200,f07b8511-917b-4433-baac-8bd8534f48c3,2026-07-12T16:00:00Z,2026-07-12T18:00:00+0200,46726.6,MW,FR,FR,actual_load,Actual Load,2026-07-30T23:05:32Z
2026-07-30T23:03:49Z,2026-07-31T01:03:49+0200,f07b8511-917b-4433-baac-8bd8534f48c3,2026-07-12T16:15:00Z,2026-07-12T18:15:00+0200,46840.48,MW,FR,FR,actual_load,Actual Load,2026-07-30T23:05:32Z
2026-07-30T23:03:49Z,2026-07-31T01:03:49+0200,f07b8511-917b-4433-baac-8bd8534f48c3,2026-07-12T16:30:00Z,2026-07-12T18:30:00+0200,47191.38,MW,FR,FR,actual_load,Actual Load,2026-07-30T23:05:32Z
2026-07-30T23:03:49Z,2026-07-31T01:03:49+0200,f07b8511-917b-4433-baac-8bd8534f48c3,2026-07-12T16:45:00Z,2026-07-12T18:45:00+0200,47532.33,MW,FR,FR,actual_load,Actual Load,2026-07-30T23:05:32Z
2026-07-30T23:03:49Z,2026-07-31T01:03:49+0200,f07b8511-917b-4433-baac-8bd8534f48c3,2026-07-12T17:00:00Z,2026-07-12T19:00:00+0200,47806.67,MW,FR,FR,actual_load,Actual Load,2026-07-30T23:05:32Z
2026-07-30T23:03:49Z,2026-07-31T01:03:49+0200,f07b8511-917b-4433-baac-8bd8534f48c3,2026-07-12T17:15:00Z,2026-07-12T19:15:00+0200,47958.35,MW,FR,FR,actual_load,Actual Load,2026-07-30T23:05:32Z
2026-07-30T23:03:49Z,2026-07-31T01:03:49+0200,f07b8511-917b-4433-baac-8bd8534f48c3,2026-07-12T17:30:00Z,2026-07-12T19:30:00+0200,48143.52,MW,FR,FR,actual_load,Actual Load,2026-07-30T23:05:32Z
2026-07-30T23:03:49Z,2026-07-31T01:03:49+0200,f07b8511-917b-4433-baac-8bd8534f48c3,2026-07-12T17:45:00Z,2026-07-12T19:45:00+0200,48353.13,MW,FR,FR,actual_load,Actual Load,2026-07-30T23:05:32Z
2026-07-30T23:03:49Z,2026-07-31T01:03:49+0200,f07b8511-917b-4433-baac-8bd8534f48c3,2026-07-12T18:00:00Z,2026-07-12T20:00:00+0200,48358.07,MW,FR,FR,actual_load,Actual Load,2026-07-30T23:05:32Z
2026-07-30T23:03:49Z,2026-07-31T01:03:49+0200,f07b8511-917b-4433-baac-8bd8534f48c3,2026-07-12T18:15:00Z,2026-07-12T20:15:00+0200,48022.18,MW,FR,FR,actual_load,Actual Load,2026-07-30T23:05:32Z
2026-07-30T23:03:49Z,2026-07-31T01:03:49+0200,f07b8511-917b-4433-baac-8bd8534f48c3,2026-07-12T18:30:00Z,2026-07-12T20:30:00+0200,47798.66,MW,FR,FR,actual_load,Actual Load,2026-07-30T23:05:32Z
2026-07-30T23:03:49Z,2026-07-31T01:03:49+0200,f07b8511-917b-4433-baac-8bd8534f48c3,2026-07-12T18:45:00Z,2026-07-12T20:45:00+0200,47519.76,MW,FR,FR,actual_load,Actual Load,2026-07-30T23:05:32Z
2026-07-30T23:03:49Z,2026-07-31T01:03:49+0200,f07b8511-917b-4433-baac-8bd8534f48c3,2026-07-12T19:00:00Z,2026-07-12T21:00:00+0200,47566.88,MW,FR,FR,actual_load,Actual Load,2026-07-30T23:05:32Z
2026-07-30T23:03:49Z,2026-07-31T01:03:49+0200,f07b8511-917b-4433-baac-8bd8534f48c3,2026-07-12T19:15:00Z,2026-07-12T21:15:00+0200,47308.2,MW,FR,FR,actual_load,Actual Load,2026-07-30T23:05:32Z
2026-07-30T23:03:49Z,2026-07-31T01:03:49+0200,f07b8511-917b-4433-baac-8bd8534f48c3,2026-07-12T19:30:00Z,2026-07-12T21:30:00+0200,47339.84,MW,FR,FR,actual_load,Actual Load,2026-07-30T23:05:32Z
2026-07-30T23:03:49Z,2026-07-31T01:03:49+0200,f07b8511-917b-4433-baac-8bd8534f48c3,2026-07-12T19:45:00Z,2026-07-12T21:45:00+0200,47296.0,MW,FR,FR,actual_load,Actual Load,2026-07-30T23:05:32Z
2026-07-30T23:03:49Z,2026-07-31T01:03:49+0200,f07b8511-917b-4433-baac-8bd8534f48c3,2026-07-12T20:00:00Z,2026-07-12T22:00:00+0200,48466.05,MW,FR,FR,actual_load,Actual Load,2026-07-30T23:05:32Z
2026-07-30T23:03:49Z,2026-07-31T01:03:49+0200,f07b8511-917b-4433-baac-8bd8534f48c3,2026-07-12T20:15:00Z,2026-07-12T22:15:00+0200,48135.6,MW,FR,FR,actual_load,Actual Load,2026-07-30T23:05:32Z
2026-07-30T23:03:49Z,2026-07-31T01:03:49+0200,f07b8511-917b-4433-baac-8bd8534f48c3,2026-07-12T20:30:00Z,2026-07-12T22:30:00+0200,49421.68,MW,FR,FR,actual_load,Actual Load,2026-07-30T23:05:32Z
2026-07-30T23:03:49Z,2026-07-31T01:03:49+0200,f07b8511-917b-4433-baac-8bd8534f48c3,2026-07-12T20:45:00Z,2026-07-12T22:45:00+0200,48766.37,MW,FR,FR,actual_load,Actual Load,2026-07-30T23:05:32Z
2026-07-30T23:03:49Z,2026-07-31T01:03:49+0200,f07b8511-917b-4433-baac-8bd8534f48c3,2026-07-12T21:00:00Z,2026-07-12T23:00:00+0200,48397.19,MW,FR,FR,actual_load,Actual Load,2026-07-30T23:05:32Z
2026-07-30T23:03:49Z,2026-07-31T01:03:49+0200,f07b8511-917b-4433-baac-8bd8534f48c3,2026-07-12T21:15:00Z,2026-07-12T23:15:00+0200,47337.59,MW,FR,FR,actual_load,Actual Load,2026-07-30T23:05:32Z
2026-07-30T23:03:49Z,2026-07-31T01:03:49+0200,f07b8511-917b-4433-baac-8bd8534f48c3,2026-07-12T21:30:00Z,2026-07-12T23:30:00+0200,47481.05,MW,FR,FR,actual_load,Actual Load,2026-07-30T23:05:32Z
2026-07-30T23:03:49Z,2026-07-31T01:03:49+0200,f07b8511-917b-4433-baac-8bd8534f48c3,2026-07-12T21:45:00Z,2026-07-12T23:45:00+0200,46162.29,MW,FR,FR,actual_load,Actual Load,2026-07-30T23:05:32Z
2026-07-30T23:03:49Z,2026-07-31T01:03:49+0200,f07b8511-917b-4433-baac-8bd8534f48c3,2026-07-12T22:00:00Z,2026-07-13T00:00:00+0200,45679.3,MW,FR,FR,actual_load,Actual Load,2026-07-30T23:05:32Z
2026-07-30T23:03:49Z,2026-07-31T01:03:49+0200,f07b8511-917b-4433-baac-8bd8534f48c3,2026-07-12T22:15:00Z,2026-07-13T00:15:00+0200,44707.74,MW,FR,FR,actual_load,Actual Load,2026-07-30T23:05:32Z
2026-07-30T23:03:49Z,2026-07-31T01:03:49+0200,f07b8511-917b-4433-baac-8bd8534f48c3,2026-07-12T22:30:00Z,2026-07-13T00:30:00+0200,43628.64,MW,FR,FR,actual_load,Actual Load,2026-07-30T23:05:32Z
2026-07-30T23:03:49Z,2026-07-31T01:03:49+0200,f07b8511-917b-4433-baac-8bd8534f48c3,2026-07-12T22:45:00Z,2026-07-13T00:45:00+0200,42600.91,MW,FR,FR,actual_load,Actual Load,2026-07-30T23:05:32Z
2026-07-30T23:03:49Z,2026-07-31T01:03:49+0200,f07b8511-917b-4433-baac-8bd8534f48c3,2026-07-12T23:00:00Z,2026-07-13T01:00:00+0200,42954.64,MW,FR,FR,actual_load,Actual Load,2026-07-30T23:05:32Z
2026-07-30T23:03:49Z,2026-07-31T01:03:49+0200,f07b8511-917b-4433-baac-8bd8534f48c3,2026-07-12T23:15:00Z,2026-07-13T01:15:00+0200,42341.73,MW,FR,FR,actual_load,Actual Load,2026-07-30T23:05:32Z
2026-07-30T23:03:49Z,2026-07-31T01:03:49+0200,f07b8511-917b-4433-baac-8bd8534f48c3,2026-07-12T23:30:00Z,2026-07-13T01:30:00+0200,42098.4,MW,FR,FR,actual_load,Actual Load,2026-07-30T23:05:32Z
2026-07-30T23:03:49Z,2026-07-31T01:03:49+0200,f07b8511-917b-4433-baac-8bd8534f48c3,2026-07-12T23:45:00Z,2026-07-13T01:45:00+0200,41230.89,MW,FR,FR,actual_load,Actual Load,2026-07-30T23:05:32Z
2026-07-30T23:03:49Z,2026-07-31T01:03:49+0200,f07b8511-917b-4433-baac-8bd8534f48c3,2026-07-13T00:00:00Z,2026-07-13T02:00:00+0200,41179.61,MW,FR,FR,actual_load,Actual Load,2026-07-30T23:05:32Z
2026-07-30T23:03:49Z,2026-07-31T01:03:49+0200,f07b8511-917b-4433-baac-8bd8534f48c3,2026-07-13T00:15:00Z,2026-07-13T02:15:00+0200,40411.16,MW,FR,FR,actual_load,Actual Load,2026-07-30T23:05:32Z
2026-07-30T23:03:49Z,2026-07-31T01:03:49+0200,f07b8511-917b-4433-baac-8bd8534f48c3,2026-07-13T00:30:00Z,2026-07-13T02:30:00+0200,39532.57,MW,FR,FR,actual_load,Actual Load,2026-07-30T23:05:32Z
2026-07-30T23:03:49Z,2026-07-31T01:03:49+0200,f07b8511-917b-4433-baac-8bd8534f48c3,2026-07-13T00:45:00Z,2026-07-13T02:45:00+0200,39010.62,MW,FR,FR,actual_load,Actual Load,2026-07-30T23:05:32Z
2026-07-30T23:03:49Z,2026-07-31T01:03:49+0200,f07b8511-917b-4433-baac-8bd8534f48c3,2026-07-13T01:00:00Z,2026-07-13T03:00:00+0200,38596.25,MW,FR,FR,actual_load,Actual Load,2026-07-30T23:05:32Z
2026-07-30T23:03:49Z,2026-07-31T01:03:49+0200,f07b8511-917b-4433-baac-8bd8534f48c3,2026-07-13T01:15:00Z,2026-07-13T03:15:00+0200,38181.44,MW,FR,FR,actual_load,Actual Load,2026-07-30T23:05:32Z
2026-07-30T23:03:49Z,2026-07-31T01:03:49+0200,f07b8511-917b-4433-baac-8bd8534f48c3,2026-07-13T01:30:00Z,2026-07-13T03:30:00+0200,37825.13,MW,FR,FR,actual_load,Actual Load,2026-07-30T23:05:32Z
2026-07-30T23:03:49Z,2026-07-31T01:03:49+0200,f07b8511-917b-4433-baac-8bd8534f48c3,2026-07-13T01:45:00Z,2026-07-13T03:45:00+0200,37501.96,MW,FR,FR,actual_load,Actual Load,2026-07-30T23:05:32Z
2026-07-30T23:03:49Z,2026-07-31T01:03:49+0200,f07b8511-917b-4433-baac-8bd8534f48c3,2026-07-13T02:00:00Z,2026-07-13T04:00:00+0200,37717.12,MW,FR,FR,actual_load,Actual Load,2026-07-30T23:05:32Z
2026-07-30T23:03:49Z,2026-07-31T01:03:49+0200,f07b8511-917b-4433-baac-8bd8534f48c3,2026-07-13T02:15:00Z,2026-07-13T04:15:00+0200,37857.98,MW,FR,FR,actual_load,Actual Load,2026-07-30T23:05:32Z
2026-07-30T23:03:49Z,2026-07-31T01:03:49+0200,f07b8511-917b-4433-baac-8bd8534f48c3,2026-07-13T02:30:00Z,2026-07-13T04:30:00+0200,37804.57,MW,FR,FR,actual_load,Actual Load,2026-07-30T23:05:32Z
2026-07-30T23:03:49Z,2026-07-31T01:03:49+0200,f07b8511-917b-4433-baac-8bd8534f48c3,2026-07-13T02:45:00Z,2026-07-13T04:45:00+0200,37783.53,MW,FR,FR,actual_load,Actual Load,2026-07-30T23:05:32Z
2026-07-30T23:03:49Z,2026-07-31T01:03:49+0200,f07b8511-917b-4433-baac-8bd8534f48c3,2026-07-13T03:00:00Z,2026-07-13T05:00:00+0200,38414.34,MW,FR,FR,actual_load,Actual Load,2026-07-30T23:05:32Z
2026-07-30T23:03:49Z,2026-07-31T01:03:49+0200,f07b8511-917b-4433-baac-8bd8534f48c3,2026-07-13T03:15:00Z,2026-07-13T05:15:00+0200,38706.53,MW,FR,FR,actual_load,Actual Load,2026-07-30T23:05:32Z
2026-07-30T23:03:49Z,2026-07-31T01:03:49+0200,f07b8511-917b-4433-baac-8bd8534f48c3,2026-07-13T03:30:00Z,2026-07-13T05:30:00+0200,38747.56,MW,FR,FR,actual_load,Actual Load,2026-07-30T23:05:32Z
2026-07-30T23:03:49Z,2026-07-31T01:03:49+0200,f07b8511-917b-4433-baac-8bd8534f48c3,2026-07-13T03:45:00Z,2026-07-13T05:45:00+0200,39118.86,MW,FR,FR,actual_load,Actual Load,2026-07-30T23:05:32Z
2026-07-30T23:03:49Z,2026-07-31T01:03:49+0200,f07b8511-917b-4433-baac-8bd8534f48c3,2026-07-13T04:00:00Z,2026-07-13T06:00:00+0200,39461.52,MW,FR,FR,actual_load,Actual Load,2026-07-30T23:05:32Z
2026-07-30T23:03:49Z,2026-07-31T01:03:49+0200,f07b8511-917b-4433-baac-8bd8534f48c3,2026-07-13T04:15:00Z,2026-07-13T06:15:00+0200,39740.7,MW,FR,FR,actual_load,Actual Load,2026-07-30T23:05:32Z
2026-07-30T23:03:49Z,2026-07-31T01:03:49+0200,f07b8511-917b-4433-baac-8bd8534f48c3,2026-07-13T04:30:00Z,2026-07-13T06:30:00+0200,40101.02,MW,FR,FR,actual_load,Actual Load,2026-07-30T23:05:32Z
2026-07-30T23:03:49Z,2026-07-31T01:03:49+0200,f07b8511-917b-4433-baac-8bd8534f48c3,2026-07-13T04:45:00Z,2026-07-13T06:45:00+0200,40485.36,MW,FR,FR,actual_load,Actual Load,2026-07-30T23:05:32Z
2026-07-30T23:03:49Z,2026-07-31T01:03:49+0200,f07b8511-917b-4433-baac-8bd8534f48c3,2026-07-13T05:00:00Z,2026-07-13T07:00:00+0200,40960.7,MW,FR,FR,actual_load,Actual Load,2026-07-30T23:05:32Z
2026-07-30T23:03:49Z,2026-07-31T01:03:49+0200,f07b8511-917b-4433-baac-8bd8534f48c3,2026-07-13T05:15:00Z,2026-07-13T07:15:00+0200,41675.75,MW,FR,FR,actual_load,Actual Load,2026-07-30T23:05:32Z
2026-07-30T23:03:49Z,2026-07-31T01:03:49+0200,f07b8511-917b-4433-baac-8bd8534f48c3,2026-07-13T05:30:00Z,2026-07-13T07:30:00+0200,42132.93,MW,FR,FR,actual_load,Actual Load,2026-07-30T23:05:32Z
2026-07-30T23:03:49Z,2026-07-31T01:03:49+0200,f07b8511-917b-4433-baac-8bd8534f48c3,2026-07-13T05:45:00Z,2026-07-13T07:45:00+0200,42798.9,MW,FR,FR,actual_load,Actual Load,2026-07-30T23:05:32Z
2026-07-30T23:03:49Z,2026-07-31T01:03:49+0200,f07b8511-917b-4433-baac-8bd8534f48c3,2026-07-13T06:00:00Z,2026-07-13T08:00:00+0200,43618.01,MW,FR,FR,actual_load,Actual Load,2026-07-30T23:05:32Z
2026-07-30T23:03:49Z,2026-07-31T01:03:49+0200,f07b8511-917b-4433-baac-8bd8534f48c3,2026-07-13T06:15:00Z,2026-07-13T08:15:00+0200,44060.95,MW,FR,FR,actual_load,Actual Load,2026-07-30T23:05:32Z
2026-07-30T23:03:49Z,2026-07-31T01:03:49+0200,f07b8511-917b-4433-baac-8bd8534f48c3,2026-07-13T06:30:00Z,2026-07-13T08:30:00+0200,44195.37,MW,FR,FR,actual_load,Actual Load,2026-07-30T23:05:32Z
2026-07-30T23:03:49Z,2026-07-31T01:03:49+0200,f07b8511-917b-4433-baac-8bd8534f48c3,2026-07-13T06:45:00Z,2026-07-13T08:45:00+0200,44883.34,MW,FR,FR,actual_load,Actual Load,2026-07-30T23:05:32Z
2026-07-30T23:03:49Z,2026-07-31T01:03:49+0200,f07b8511-917b-4433-baac-8bd8534f48c3,2026-07-13T07:00:00Z,2026-07-13T09:00:00+0200,45162.66,MW,FR,FR,actual_load,Actual Load,2026-07-30T23:05:32Z
2026-07-30T23:03:49Z,2026-07-31T01:03:49+0200,f07b8511-917b-4433-baac-8bd8534f48c3,2026-07-13T07:15:00Z,2026-07-13T09:15:00+0200,45598.24,MW,FR,FR,actual_load,Actual Load,2026-07-30T23:05:32Z
2026-07-30T23:03:49Z,2026-07-31T01:03:49+0200,f07b8511-917b-4433-baac-8bd8534f48c3,2026-07-13T07:30:00Z,2026-07-13T09:30:00+0200,46266.53,MW,FR,FR,actual_load,Actual Load,2026-07-30T23:05:32Z
2026-07-30T23:03:49Z,2026-07-31T01:03:49+0200,f07b8511-917b-4433-baac-8bd8534f48c3,2026-07-13T07:45:00Z,2026-07-13T09:45:00+0200,46952.95,MW,FR,FR,actual_load,Actual Load,2026-07-30T23:05:32Z
2026-07-30T23:03:49Z,2026-07-31T01:03:49+0200,f07b8511-917b-4433-baac-8bd8534f48c3,2026-07-13T08:00:00Z,2026-07-13T10:00:00+0200,47557.65,MW,FR,FR,actual_load,Actual Load,2026-07-30T23:05:32Z
2026-07-30T23:03:49Z,2026-07-31T01:03:49+0200,f07b8511-917b-4433-baac-8bd8534f48c3,2026-07-13T08:15:00Z,2026-07-13T10:15:00+0200,48108.16,MW,FR,FR,actual_load,Actual Load,2026-07-30T23:05:32Z
2026-07-30T23:03:49Z,2026-07-31T01:03:49+0200,f07b8511-917b-4433-baac-8bd8534f48c3,2026-07-13T08:30:00Z,2026-07-13T10:30:00+0200,48557.83,MW,FR,FR,actual_load,Actual Load,2026-07-30T23:05:32Z
2026-07-30T23:03:49Z,2026-07-31T01:03:49+0200,f07b8511-917b-4433-baac-8bd8534f48c3,2026-07-13T08:45:00Z,2026-07-13T10:45:00+0200,49015.97,MW,FR,FR,actual_load,Actual Load,2026-07-30T23:05:32Z
2026-07-30T23:03:49Z,2026-07-31T01:03:49+0200,f07b8511-917b-4433-baac-8bd8534f48c3,2026-07-13T09:00:00Z,2026-07-13T11:00:00+0200,49438.28,MW,FR,FR,actual_load,Actual Load,2026-07-30T23:05:32Z
2026-07-30T23:03:49Z,2026-07-31T01:03:49+0200,f07b8511-917b-4433-baac-8bd8534f48c3,2026-07-13T09:15:00Z,2026-07-13T11:15:00+0200,49679.16,MW,FR,FR,actual_load,Actual Load,2026-07-30T23:05:32Z
2026-07-30T23:03:49Z,2026-07-31T01:03:49+0200,f07b8511-917b-4433-baac-8bd8534f48c3,2026-07-13T09:30:00Z,2026-07-13T11:30:00+0200,50166.18,MW,FR,FR,actual_load,Actual Load,2026-07-30T23:05:32Z
2026-07-30T23:03:49Z,2026-07-31T01:03:49+0200,f07b8511-917b-4433-baac-8bd8534f48c3,2026-07-13T09:45:00Z,2026-07-13T11:45:00+0200,50985.11,MW,FR,FR,actual_load,Actual Load,2026-07-30T23:05:32Z
2026-07-30T23:03:49Z,2026-07-31T01:03:49+0200,f07b8511-917b-4433-baac-8bd8534f48c3,2026-07-13T10:00:00Z,2026-07-13T12:00:00+0200,51579.7,MW,FR,FR,actual_load,Actual Load,2026-07-30T23:05:32Z
2026-07-30T23:03:49Z,2026-07-31T01:03:49+0200,f07b8511-917b-4433-baac-8bd8534f48c3,2026-07-13T10:15:00Z,2026-07-13T12:15:00+0200,51876.36,MW,FR,FR,actual_load,Actual Load,2026-07-30T23:05:32Z
2026-07-30T23:03:49Z,2026-07-31T01:03:49+0200,f07b8511-917b-4433-baac-8bd8534f48c3,2026-07-13T10:30:00Z,2026-07-13T12:30:00+0200,52525.55,MW,FR,FR,actual_load,Actual Load,2026-07-30T23:05:32Z
2026-07-30T23:03:49Z,2026-07-31T01:03:49+0200,f07b8511-917b-4433-baac-8bd8534f48c3,2026-07-13T10:45:00Z,2026-07-13T12:45:00+0200,52292.57,MW,FR,FR,actual_load,Actual Load,2026-07-30T23:05:32Z
2026-07-30T23:03:49Z,2026-07-31T01:03:49+0200,f07b8511-917b-4433-baac-8bd8534f48c3,2026-07-13T11:00:00Z,2026-07-13T13:00:00+0200,52504.43,MW,FR,FR,actual_load,Actual Load,2026-07-30T23:05:32Z
2026-07-30T23:03:49Z,2026-07-31T01:03:49+0200,f07b8511-917b-4433-baac-8bd8534f48c3,2026-07-13T11:15:00Z,2026-07-13T13:15:00+0200,52336.7,MW,FR,FR,actual_load,Actual Load,2026-07-30T23:05:32Z
2026-07-30T23:03:49Z,2026-07-31T01:03:49+0200,f07b8511-917b-4433-baac-8bd8534f48c3,2026-07-13T11:30:00Z,2026-07-13T13:30:00+0200,52189.85,MW,FR,FR,actual_load,Actual Load,2026-07-30T23:05:32Z
2026-07-30T23:03:49Z,2026-07-31T01:03:49+0200,f07b8511-917b-4433-baac-8bd8534f48c3,2026-07-13T11:45:00Z,2026-07-13T13:45:00+0200,52500.71,MW,FR,FR,actual_load,Actual Load,2026-07-30T23:05:32Z
2026-07-30T23:03:49Z,2026-07-31T01:03:49+0200,f07b8511-917b-4433-baac-8bd8534f48c3,2026-07-13T12:00:00Z,2026-07-13T14:00:00+0200,52762.76,MW,FR,FR,actual_load,Actual Load,2026-07-30T23:05:32Z
2026-07-30T23:03:49Z,2026-07-31T01:03:49+0200,f07b8511-917b-4433-baac-8bd8534f48c3,2026-07-13T12:15:00Z,2026-07-13T14:15:00+0200,52642.14,MW,FR,FR,actual_load,Actual Load,2026-07-30T23:05:32Z
2026-07-30T23:03:49Z,2026-07-31T01:03:49+0200,f07b8511-917b-4433-baac-8bd8534f48c3,2026-07-13T12:30:00Z,2026-07-13T14:30:00+0200,52607.32,MW,FR,FR,actual_load,Actual Load,2026-07-30T23:05:32Z
2026-07-30T23:03:49Z,2026-07-31T01:03:49+0200,f07b8511-917b-4433-baac-8bd8534f48c3,2026-07-13T12:45:00Z,2026-07-13T14:45:00+0200,52300.97,MW,FR,FR,actual_load,Actual Load,2026-07-30T23:05:32Z
2026-07-30T23:03:49Z,2026-07-31T01:03:49+0200,f07b8511-917b-4433-baac-8bd8534f48c3,2026-07-13T13:00:00Z,2026-07-13T15:00:00+0200,51983.61,MW,FR,FR,actual_load,Actual Load,2026-07-30T23:05:32Z
2026-07-30T23:03:49Z,2026-07-31T01:03:49+0200,f07b8511-917b-4433-baac-8bd8534f48c3,2026-07-13T13:15:00Z,2026-07-13T15:15:00+0200,51199.52,MW,FR,FR,actual_load,Actual Load,2026-07-30T23:05:32Z
2026-07-30T23:03:49Z,2026-07-31T01:03:49+0200,f07b8511-917b-4433-baac-8bd8534f48c3,2026-07-13T13:30:00Z,2026-07-13T15:30:00+0200,51438.53,MW,FR,FR,actual_load,Actual Load,2026-07-30T23:05:32Z
2026-07-30T23:03:49Z,2026-07-31T01:03:49+0200,f07b8511-917b-4433-baac-8bd8534f48c3,2026-07-13T13:45:00Z,2026-07-13T15:45:00+0200,50965.52,MW,FR,FR,actual_load,Actual Load,2026-07-30T23:05:32Z
2026-07-30T23:03:49Z,2026-07-31T01:03:49+0200,f07b8511-917b-4433-baac-8bd8534f48c3,2026-07-13T14:00:00Z,2026-07-13T16:00:00+0200,50689.61,MW,FR,FR,actual_load,Actual Load,2026-07-30T23:05:32Z
2026-07-30T23:03:49Z,2026-07-31T01:03:49+0200,f07b8511-917b-4433-baac-8bd8534f48c3,2026-07-13T14:15:00Z,2026-07-13T16:15:00+0200,50632.47,MW,FR,FR,actual_load,Actual Load,2026-07-30T23:05:32Z
2026-07-30T23:03:49Z,2026-07-31T01:03:49+0200,f07b8511-917b-4433-baac-8bd8534f48c3,2026-07-13T14:30:00Z,2026-07-13T16:30:00+0200,50755.09,MW,FR,FR,actual_load,Actual Load,2026-07-30T23:05:32Z
2026-07-30T23:03:49Z,2026-07-31T01:03:49+0200,f07b8511-917b-4433-baac-8bd8534f48c3,2026-07-13T14:45:00Z,2026-07-13T16:45:00+0200,50416.34,MW,FR,FR,actual_load,Actual Load,2026-07-30T23:05:32Z
2026-07-30T23:03:49Z,2026-07-31T01:03:49+0200,f07b8511-917b-4433-baac-8bd8534f48c3,2026-07-13T15:00:00Z,2026-07-13T17:00:00+0200,50417.39,MW,FR,FR,actual_load,Actual Load,2026-07-30T23:05:32Z
2026-07-30T23:03:49Z,2026-07-31T01:03:49+0200,f07b8511-917b-4433-baac-8bd8534f48c3,2026-07-13T15:15:00Z,2026-07-13T17:15:00+0200,50481.41,MW,FR,FR,actual_load,Actual Load,2026-07-30T23:05:32Z
2026-07-30T23:03:49Z,2026-07-31T01:03:49+0200,f07b8511-917b-4433-baac-8bd8534f48c3,2026-07-13T15:30:00Z,2026-07-13T17:30:00+0200,50734.92,MW,FR,FR,actual_load,Actual Load,2026-07-30T23:05:32Z
2026-07-30T23:03:49Z,2026-07-31T01:03:49+0200,f07b8511-917b-4433-baac-8bd8534f48c3,2026-07-13T15:45:00Z,2026-07-13T17:45:00+0200,51034.33,MW,FR,FR,actual_load,Actual Load,2026-07-30T23:05:32Z
2026-07-30T23:03:49Z,2026-07-31T01:03:49+0200,f07b8511-917b-4433-baac-8bd8534f48c3,2026-07-13T16:00:00Z,2026-07-13T18:00:00+0200,51423.05,MW,FR,FR,actual_load,Actual Load,2026-07-30T23:05:32Z
2026-07-30T23:03:49Z,2026-07-31T01:03:49+0200,f07b8511-917b-4433-baac-8bd8534f48c3,2026-07-13T16:15:00Z,2026-07-13T18:15:00+0200,51394.41,MW,FR,FR,actual_load,Actual Load,2026-07-30T23:05:32Z
2026-07-30T23:03:49Z,2026-07-31T01:03:49+0200,f07b8511-917b-4433-baac-8bd8534f48c3,2026-07-13T16:30:00Z,2026-07-13T18:30:00+0200,51574.99,MW,FR,FR,actual_load,Actual Load,2026-07-30T23:05:32Z
2026-07-30T23:03:49Z,2026-07-31T01:03:49+0200,f07b8511-917b-4433-baac-8bd8534f48c3,2026-07-13T16:45:00Z,2026-07-13T18:45:00+0200,51938.63,MW,FR,FR,actual_load,Actual Load,2026-07-30T23:05:32Z
2026-07-30T23:03:49Z,2026-07-31T01:03:49+0200,f07b8511-917b-4433-baac-8bd8534f48c3,2026-07-13T17:00:00Z,2026-07-13T19:00:00+0200,51988.29,MW,FR,FR,actual_load,Actual Load,2026-07-30T23:05:32Z
2026-07-30T23:03:49Z,2026-07-31T01:03:49+0200,f07b8511-917b-4433-baac-8bd8534f48c3,2026-07-13T17:15:00Z,2026-07-13T19:15:00+0200,51685.79,MW,FR,FR,actual_load,Actual Load,2026-07-30T23:05:32Z
2026-07-30T23:03:49Z,2026-07-31T01:03:49+0200,f07b8511-917b-4433-baac-8bd8534f48c3,2026-07-13T17:30:00Z,2026-07-13T19:30:00+0200,51443.1,MW,FR,FR,actual_load,Actual Load,2026-07-30T23:05:32Z
2026-07-30T23:03:49Z,2026-07-31T01:03:49+0200,f07b8511-917b-4433-baac-8bd8534f48c3,2026-07-13T17:45:00Z,2026-07-13T19:45:00+0200,50996.82,MW,FR,FR,actual_load,Actual Load,2026-07-30T23:05:32Z
2026-07-30T23:03:49Z,2026-07-31T01:03:49+0200,f07b8511-917b-4433-baac-8bd8534f48c3,2026-07-13T18:00:00Z,2026-07-13T20:00:00+0200,50436.98,MW,FR,FR,actual_load,Actual Load,2026-07-30T23:05:32Z
2026-07-30T23:03:49Z,2026-07-31T01:03:49+0200,f07b8511-917b-4433-baac-8bd8534f48c3,2026-07-13T18:15:00Z,2026-07-13T20:15:00+0200,49775.22,MW,FR,FR,actual_load,Actual Load,2026-07-30T23:05:32Z
2026-07-30T23:03:49Z,2026-07-31T01:03:49+0200,f07b8511-917b-4433-baac-8bd8534f48c3,2026-07-13T18:30:00Z,2026-07-13T20:30:00+0200,49105.09,MW,FR,FR,actual_load,Actual Load,2026-07-30T23:05:32Z
2026-07-30T23:03:49Z,2026-07-31T01:03:49+0200,f07b8511-917b-4433-baac-8bd8534f48c3,2026-07-13T18:45:00Z,2026-07-13T20:45:00+0200,48691.24,MW,FR,FR,actual_load,Actual Load,2026-07-30T23:05:32Z
2026-07-30T23:03:49Z,2026-07-31T01:03:49+0200,f07b8511-917b-4433-baac-8bd8534f48c3,2026-07-13T19:00:00Z,2026-07-13T21:00:00+0200,48350.72,MW,FR,FR,actual_load,Actual Load,2026-07-30T23:05:32Z
2026-07-30T23:03:49Z,2026-07-31T01:03:49+0200,f07b8511-917b-4433-baac-8bd8534f48c3,2026-07-13T19:15:00Z,2026-07-13T21:15:00+0200,48051.85,MW,FR,FR,actual_load,Actual Load,2026-07-30T23:05:32Z
2026-07-30T23:03:49Z,2026-07-31T01:03:49+0200,f07b8511-917b-4433-baac-8bd8534f48c3,2026-07-13T19:30:00Z,2026-07-13T21:30:00+0200,47903.17,MW,FR,FR,actual_load,Actual Load,2026-07-30T23:05:32Z
2026-07-30T23:03:49Z,2026-07-31T01:03:49+0200,f07b8511-917b-4433-baac-8bd8534f48c3,2026-07-13T19:45:00Z,2026-07-13T21:45:00+0200,47974.01,MW,FR,FR,actual_load,Actual Load,2026-07-30T23:05:32Z
2026-07-30T23:03:49Z,2026-07-31T01:03:49+0200,f07b8511-917b-4433-baac-8bd8534f48c3,2026-07-13T20:00:00Z,2026-07-13T22:00:00+0200,48972.97,MW,FR,FR,actual_load,Actual Load,2026-07-30T23:05:32Z
2026-07-30T23:03:49Z,2026-07-31T01:03:49+0200,f07b8511-917b-4433-baac-8bd8534f48c3,2026-07-13T20:15:00Z,2026-07-13T22:15:00+0200,48860.01,MW,FR,FR,actual_load,Actual Load,2026-07-30T23:05:32Z
2026-07-30T23:03:49Z,2026-07-31T01:03:49+0200,f07b8511-917b-4433-baac-8bd8534f48c3,2026-07-13T20:30:00Z,2026-07-13T22:30:00+0200,49893.07,MW,FR,FR,actual_load,Actual Load,2026-07-30T23:05:32Z
2026-07-30T23:03:49Z,2026-07-31T01:03:49+0200,f07b8511-917b-4433-baac-8bd8534f48c3,2026-07-13T20:45:00Z,2026-07-13T22:45:00+0200,49231.35,MW,FR,FR,actual_load,Actual Load,2026-07-30T23:05:32Z
2026-07-30T23:03:49Z,2026-07-31T01:03:49+0200,f07b8511-917b-4433-baac-8bd8534f48c3,2026-07-13T21:00:00Z,2026-07-13T23:00:00+0200,49047.65,MW,FR,FR,actual_load,Actual Load,2026-07-30T23:05:32Z
2026-07-30T23:03:49Z,2026-07-31T01:03:49+0200,f07b8511-917b-4433-baac-8bd8534f48c3,2026-07-13T21:15:00Z,2026-07-13T23:15:00+0200,47882.74,MW,FR,FR,actual_load,Actual Load,2026-07-30T23:05:32Z
2026-07-30T23:03:49Z,2026-07-31T01:03:49+0200,f07b8511-917b-4433-baac-8bd8534f48c3,2026-07-13T21:30:00Z,2026-07-13T23:30:00+0200,48030.78,MW,FR,FR,actual_load,Actual Load,2026-07-30T23:05:32Z
2026-07-30T23:03:49Z,2026-07-31T01:03:49+0200,f07b8511-917b-4433-baac-8bd8534f48c3,2026-07-13T21:45:00Z,2026-07-13T23:45:00+0200,47047.05,MW,FR,FR,actual_load,Actual Load,2026-07-30T23:05:32Z
2026-07-30T23:03:49Z,2026-07-31T01:03:49+0200,f07b8511-917b-4433-baac-8bd8534f48c3,2026-07-13T22:00:00Z,2026-07-14T00:00:00+0200,46756.46,MW,FR,FR,actual_load,Actual Load,2026-07-30T23:05:32Z
2026-07-30T23:03:49Z,2026-07-31T01:03:49+0200,f07b8511-917b-4433-baac-8bd8534f48c3,2026-07-13T22:15:00Z,2026-07-14T00:15:00+0200,45573.52,MW,FR,FR,actual_load,Actual Load,2026-07-30T23:05:32Z
2026-07-30T23:03:49Z,2026-07-31T01:03:49+0200,f07b8511-917b-4433-baac-8bd8534f48c3,2026-07-13T22:30:00Z,2026-07-14T00:30:00+0200,44317.2,MW,FR,FR,actual_load,Actual Load,2026-07-30T23:05:32Z
2026-07-30T23:03:49Z,2026-07-31T01:03:49+0200,f07b8511-917b-4433-baac-8bd8534f48c3,2026-07-13T22:45:00Z,2026-07-14T00:45:00+0200,43614.56,MW,FR,FR,actual_load,Actual Load,2026-07-30T23:05:32Z
2026-07-30T23:03:49Z,2026-07-31T01:03:49+0200,f07b8511-917b-4433-baac-8bd8534f48c3,2026-07-13T23:00:00Z,2026-07-14T01:00:00+0200,43798.48,MW,FR,FR,actual_load,Actual Load,2026-07-30T23:05:32Z
2026-07-30T23:03:49Z,2026-07-31T01:03:49+0200,f07b8511-917b-4433-baac-8bd8534f48c3,2026-07-13T23:15:00Z,2026-07-14T01:15:00+0200,43170.7,MW,FR,FR,actual_load,Actual Load,2026-07-30T23:05:32Z
2026-07-30T23:03:49Z,2026-07-31T01:03:49+0200,f07b8511-917b-4433-baac-8bd8534f48c3,2026-07-13T23:30:00Z,2026-07-14T01:30:00+0200,43042.53,MW,FR,FR,actual_load,Actual Load,2026-07-30T23:05:32Z
2026-07-30T23:03:49Z,2026-07-31T01:03:49+0200,f07b8511-917b-4433-baac-8bd8534f48c3,2026-07-13T23:45:00Z,2026-07-14T01:45:00+0200,42222.5,MW,FR,FR,actual_load,Actual Load,2026-07-30T23:05:32Z
2026-07-30T23:03:49Z,2026-07-31T01:03:49+0200,f07b8511-917b-4433-baac-8bd8534f48c3,2026-07-14T00:00:00Z,2026-07-14T02:00:00+0200,41962.44,MW,FR,FR,actual_load,Actual Load,2026-07-30T23:05:32Z
2026-07-30T23:03:49Z,2026-07-31T01:03:49+0200,f07b8511-917b-4433-baac-8bd8534f48c3,2026-07-14T00:15:00Z,2026-07-14T02:15:00+0200,41037.45,MW,FR,FR,actual_load,Actual Load,2026-07-30T23:05:32Z
2026-07-30T23:03:49Z,2026-07-31T01:03:49+0200,f07b8511-917b-4433-baac-8bd8534f48c3,2026-07-14T00:30:00Z,2026-07-14T02:30:00+0200,40283.93,MW,FR,FR,actual_load,Actual Load,2026-07-30T23:05:32Z
2026-07-30T23:03:49Z,2026-07-31T01:03:49+0200,f07b8511-917b-4433-baac-8bd8534f48c3,2026-07-14T00:45:00Z,2026-07-14T02:45:00+0200,39575.9,MW,FR,FR,actual_load,Actual Load,2026-07-30T23:05:32Z
2026-07-30T23:03:49Z,2026-07-31T01:03:49+0200,f07b8511-917b-4433-baac-8bd8534f48c3,2026-07-14T01:00:00Z,2026-07-14T03:00:00+0200,39188.04,MW,FR,FR,actual_load,Actual Load,2026-07-30T23:05:32Z
2026-07-30T23:03:49Z,2026-07-31T01:03:49+0200,f07b8511-917b-4433-baac-8bd8534f48c3,2026-07-14T01:15:00Z,2026-07-14T03:15:00+0200,38707.41,MW,FR,FR,actual_load,Actual Load,2026-07-30T23:05:32Z
2026-07-30T23:03:49Z,2026-07-31T01:03:49+0200,f07b8511-917b-4433-baac-8bd8534f48c3,2026-07-14T01:30:00Z,2026-07-14T03:30:00+0200,38459.23,MW,FR,FR,actual_load,Actual Load,2026-07-30T23:05:32Z
2026-07-30T23:03:49Z,2026-07-31T01:03:49+0200,f07b8511-917b-4433-baac-8bd8534f48c3,2026-07-14T01:45:00Z,2026-07-14T03:45:00+0200,38155.38,MW,FR,FR,actual_load,Actual Load,2026-07-30T23:05:32Z
2026-07-30T23:03:49Z,2026-07-31T01:03:49+0200,f07b8511-917b-4433-baac-8bd8534f48c3,2026-07-14T02:00:00Z,2026-07-14T04:00:00+0200,38084.22,MW,FR,FR,actual_load,Actual Load,2026-07-30T23:05:32Z
2026-07-30T23:03:49Z,2026-07-31T01:03:49+0200,f07b8511-917b-4433-baac-8bd8534f48c3,2026-07-14T02:15:00Z,2026-07-14T04:15:00+0200,37873.96,MW,FR,FR,actual_load,Actual Load,2026-07-30T23:05:32Z
2026-07-30T23:03:49Z,2026-07-31T01:03:49+0200,f07b8511-917b-4433-baac-8bd8534f48c3,2026-07-14T02:30:00Z,2026-07-14T04:30:00+0200,37640.63,MW,FR,FR,actual_load,Actual Load,2026-07-30T23:05:32Z
2026-07-30T23:03:49Z,2026-07-31T01:03:49+0200,f07b8511-917b-4433-baac-8bd8534f48c3,2026-07-14T02:45:00Z,2026-07-14T04:45:00+0200,37533.38,MW,FR,FR,actual_load,Actual Load,2026-07-30T23:05:32Z
2026-07-30T23:03:49Z,2026-07-31T01:03:49+0200,f07b8511-917b-4433-baac-8bd8534f48c3,2026-07-14T03:00:00Z,2026-07-14T05:00:00+0200,37586.59,MW,FR,FR,actual_load,Actual Load,2026-07-30T23:05:32Z
2026-07-30T23:03:49Z,2026-07-31T01:03:49+0200,f07b8511-917b-4433-baac-8bd8534f48c3,2026-07-14T03:15:00Z,2026-07-14T05:15:00+0200,37538.95,MW,FR,FR,actual_load,Actual Load,2026-07-30T23:05:32Z
2026-07-30T23:03:49Z,2026-07-31T01:03:49+0200,f07b8511-917b-4433-baac-8bd8534f48c3,2026-07-14T03:30:00Z,2026-07-14T05:30:00+0200,37549.11,MW,FR,FR,actual_load,Actual Load,2026-07-30T23:05:32Z
2026-07-30T23:03:49Z,2026-07-31T01:03:49+0200,f07b8511-917b-4433-baac-8bd8534f48c3,2026-07-14T03:45:00Z,2026-07-14T05:45:00+0200,37422.05,MW,FR,FR,actual_load,Actual Load,2026-07-30T23:05:32Z
2026-07-30T23:03:49Z,2026-07-31T01:03:49+0200,f07b8511-917b-4433-baac-8bd8534f48c3,2026-07-14T04:00:00Z,2026-07-14T06:00:00+0200,37452.05,MW,FR,FR,actual_load,Actual Load,2026-07-30T23:05:32Z
2026-07-30T23:03:49Z,2026-07-31T01:03:49+0200,f07b8511-917b-4433-baac-8bd8534f48c3,2026-07-14T04:15:00Z,2026-07-14T06:15:00+0200,37437.44,MW,FR,FR,actual_load,Actual Load,2026-07-30T23:05:32Z
2026-07-30T23:03:49Z,2026-07-31T01:03:49+0200,f07b8511-917b-4433-baac-8bd8534f48c3,2026-07-14T04:30:00Z,2026-07-14T06:30:00+0200,37431.18,MW,FR,FR,actual_load,Actual Load,2026-07-30T23:05:32Z
2026-07-30T23:03:49Z,2026-07-31T01:03:49+0200,f07b8511-917b-4433-baac-8bd8534f48c3,2026-07-14T04:45:00Z,2026-07-14T06:45:00+0200,37534.82,MW,FR,FR,actual_load,Actual Load,2026-07-30T23:05:32Z
2026-07-30T23:03:49Z,2026-07-31T01:03:49+0200,f07b8511-917b-4433-baac-8bd8534f48c3,2026-07-14T05:00:00Z,2026-07-14T07:00:00+0200,37644.71,MW,FR,FR,actual_load,Actual Load,2026-07-30T23:05:32Z
2026-07-30T23:03:49Z,2026-07-31T01:03:49+0200,f07b8511-917b-4433-baac-8bd8534f48c3,2026-07-14T05:15:00Z,2026-07-14T07:15:00+0200,37806.66,MW,FR,FR,actual_load,Actual Load,2026-07-30T23:05:32Z
2026-07-30T23:03:49Z,2026-07-31T01:03:49+0200,f07b8511-917b-4433-baac-8bd8534f48c3,2026-07-14T05:30:00Z,2026-07-14T07:30:00+0200,37850.81,MW,FR,FR,actual_load,Actual Load,2026-07-30T23:05:32Z
2026-07-30T23:03:49Z,2026-07-31T01:03:49+0200,f07b8511-917b-4433-baac-8bd8534f48c3,2026-07-14T05:45:00Z,2026-07-14T07:45:00+0200,38184.56,MW,FR,FR,actual_load,Actual Load,2026-07-30T23:05:32Z
2026-07-30T23:03:49Z,2026-07-31T01:03:49+0200,f07b8511-917b-4433-baac-8bd8534f48c3,2026-07-14T06:00:00Z,2026-07-14T08:00:00+0200,38463.26,MW,FR,FR,actual_load,Actual Load,2026-07-30T23:05:32Z
2026-07-30T23:03:49Z,2026-07-31T01:03:49+0200,f07b8511-917b-4433-baac-8bd8534f48c3,2026-07-14T06:15:00Z,2026-07-14T08:15:00+0200,38932.09,MW,FR,FR,actual_load,Actual Load,2026-07-30T23:05:32Z
2026-07-30T23:03:49Z,2026-07-31T01:03:49+0200,f07b8511-917b-4433-baac-8bd8534f48c3,2026-07-14T06:30:00Z,2026-07-14T08:30:00+0200,39313.7,MW,FR,FR,actual_load,Actual Load,2026-07-30T23:05:32Z
2026-07-30T23:03:49Z,2026-07-31T01:03:49+0200,f07b8511-917b-4433-baac-8bd8534f48c3,2026-07-14T06:45:00Z,2026-07-14T08:45:00+0200,39902.5,MW,FR,FR,actual_load,Actual Load,2026-07-30T23:05:32Z
2026-07-30T23:03:49Z,2026-07-31T01:03:49+0200,f07b8511-917b-4433-baac-8bd8534f48c3,2026-07-14T07:00:00Z,2026-07-14T09:00:00+0200,40509.48,MW,FR,FR,actual_load,Actual Load,2026-07-30T23:05:32Z
2026-07-30T23:03:49Z,2026-07-31T01:03:49+0200,f07b8511-917b-4433-baac-8bd8534f48c3,2026-07-14T07:15:00Z,2026-07-14T09:15:00+0200,41254.89,MW,FR,FR,actual_load,Actual Load,2026-07-30T23:05:32Z
2026-07-30T23:03:49Z,2026-07-31T01:03:49+0200,f07b8511-917b-4433-baac-8bd8534f48c3,2026-07-14T07:30:00Z,2026-07-14T09:30:00+0200,41745.64,MW,FR,FR,actual_load,Actual Load,2026-07-30T23:05:32Z
2026-07-30T23:03:49Z,2026-07-31T01:03:49+0200,f07b8511-917b-4433-baac-8bd8534f48c3,2026-07-14T07:45:00Z,2026-07-14T09:45:00+0200,42413.73,MW,FR,FR,actual_load,Actual Load,2026-07-30T23:05:32Z
2026-07-30T23:03:49Z,2026-07-31T01:03:49+0200,f07b8511-917b-4433-baac-8bd8534f48c3,2026-07-14T08:00:00Z,2026-07-14T10:00:00+0200,43177.61,MW,FR,FR,actual_load,Actual Load,2026-07-30T23:05:32Z
2026-07-30T23:03:49Z,2026-07-31T01:03:49+0200,f07b8511-917b-4433-baac-8bd8534f48c3,2026-07-14T08:15:00Z,2026-07-14T10:15:00+0200,44000.02,MW,FR,FR,actual_load,Actual Load,2026-07-30T23:05:32Z
2026-07-30T23:03:49Z,2026-07-31T01:03:49+0200,f07b8511-917b-4433-baac-8bd8534f48c3,2026-07-14T08:30:00Z,2026-07-14T10:30:00+0200,44644.08,MW,FR,FR,actual_load,Actual Load,2026-07-30T23:05:32Z
2026-07-30T23:03:49Z,2026-07-31T01:03:49+0200,f07b8511-917b-4433-baac-8bd8534f48c3,2026-07-14T08:45:00Z,2026-07-14T10:45:00+0200,45314.63,MW,FR,FR,actual_load,Actual Load,2026-07-30T23:05:32Z
2026-07-30T23:03:49Z,2026-07-31T01:03:49+0200,f07b8511-917b-4433-baac-8bd8534f48c3,2026-07-14T09:00:00Z,2026-07-14T11:00:00+0200,45978.23,MW,FR,FR,actual_load,Actual Load,2026-07-30T23:05:32Z
2026-07-30T23:03:49Z,2026-07-31T01:03:49+0200,f07b8511-917b-4433-baac-8bd8534f48c3,2026-07-14T09:15:00Z,2026-07-14T11:15:00+0200,46402.54,MW,FR,FR,actual_load,Actual Load,2026-07-30T23:05:32Z
2026-07-30T23:03:49Z,2026-07-31T01:03:49+0200,f07b8511-917b-4433-baac-8bd8534f48c3,2026-07-14T09:30:00Z,2026-07-14T11:30:00+0200,47011.84,MW,FR,FR,actual_load,Actual Load,2026-07-30T23:05:32Z
2026-07-30T23:03:49Z,2026-07-31T01:03:49+0200,f07b8511-917b-4433-baac-8bd8534f48c3,2026-07-14T09:45:00Z,2026-07-14T11:45:00+0200,47380.93,MW,FR,FR,actual_load,Actual Load,2026-07-30T23:05:32Z
2026-07-30T23:03:49Z,2026-07-31T01:03:49+0200,f07b8511-917b-4433-baac-8bd8534f48c3,2026-07-14T10:00:00Z,2026-07-14T12:00:00+0200,48279.98,MW,FR,FR,actual_load,Actual Load,2026-07-30T23:05:32Z
2026-07-30T23:03:49Z,2026-07-31T01:03:49+0200,f07b8511-917b-4433-baac-8bd8534f48c3,2026-07-14T10:15:00Z,2026-07-14T12:15:00+0200,48432.64,MW,FR,FR,actual_load,Actual Load,2026-07-30T23:05:32Z
2026-07-30T23:03:49Z,2026-07-31T01:03:49+0200,f07b8511-917b-4433-baac-8bd8534f48c3,2026-07-14T10:30:00Z,2026-07-14T12:30:00+0200,49356.76,MW,FR,FR,actual_load,Actual Load,2026-07-30T23:05:32Z
2026-07-30T23:03:49Z,2026-07-31T01:03:49+0200,f07b8511-917b-4433-baac-8bd8534f48c3,2026-07-14T10:45:00Z,2026-07-14T12:45:00+0200,49105.48,MW,FR,FR,actual_load,Actual Load,2026-07-30T23:05:32Z
2026-07-30T23:03:49Z,2026-07-31T01:03:49+0200,f07b8511-917b-4433-baac-8bd8534f48c3,2026-07-14T11:00:00Z,2026-07-14T13:00:00+0200,49046.96,MW,FR,FR,actual_load,Actual Load,2026-07-30T23:05:32Z
2026-07-30T23:03:49Z,2026-07-31T01:03:49+0200,f07b8511-917b-4433-baac-8bd8534f48c3,2026-07-14T11:15:00Z,2026-07-14T13:15:00+0200,48630.45,MW,FR,FR,actual_load,Actual Load,2026-07-30T23:05:32Z
2026-07-30T23:03:49Z,2026-07-31T01:03:49+0200,f07b8511-917b-4433-baac-8bd8534f48c3,2026-07-14T11:30:00Z,2026-07-14T13:30:00+0200,48453.21,MW,FR,FR,actual_load,Actual Load,2026-07-30T23:05:32Z
2026-07-30T23:03:49Z,2026-07-31T01:03:49+0200,f07b8511-917b-4433-baac-8bd8534f48c3,2026-07-14T11:45:00Z,2026-07-14T13:45:00+0200,48539.06,MW,FR,FR,actual_load,Actual Load,2026-07-30T23:05:32Z
2026-07-30T23:03:49Z,2026-07-31T01:03:49+0200,f07b8511-917b-4433-baac-8bd8534f48c3,2026-07-14T12:00:00Z,2026-07-14T14:00:00+0200,49366.57,MW,FR,FR,actual_load,Actual Load,2026-07-30T23:05:32Z
2026-07-30T23:03:49Z,2026-07-31T01:03:49+0200,f07b8511-917b-4433-baac-8bd8534f48c3,2026-07-14T12:15:00Z,2026-07-14T14:15:00+0200,49051.7,MW,FR,FR,actual_load,Actual Load,2026-07-30T23:05:32Z
2026-07-30T23:03:49Z,2026-07-31T01:03:49+0200,f07b8511-917b-4433-baac-8bd8534f48c3,2026-07-14T12:30:00Z,2026-07-14T14:30:00+0200,49217.7,MW,FR,FR,actual_load,Actual Load,2026-07-30T23:05:32Z
2026-07-30T23:03:49Z,2026-07-31T01:03:49+0200,f07b8511-917b-4433-baac-8bd8534f48c3,2026-07-14T12:45:00Z,2026-07-14T14:45:00+0200,48981.29,MW,FR,FR,actual_load,Actual Load,2026-07-30T23:05:32Z
2026-07-30T23:03:49Z,2026-07-31T01:03:49+0200,f07b8511-917b-4433-baac-8bd8534f48c3,2026-07-14T13:00:00Z,2026-07-14T15:00:00+0200,49026.8,MW,FR,FR,actual_load,Actual Load,2026-07-30T23:05:32Z
2026-07-30T23:03:49Z,2026-07-31T01:03:49+0200,f07b8511-917b-4433-baac-8bd8534f48c3,2026-07-14T13:15:00Z,2026-07-14T15:15:00+0200,48727.75,MW,FR,FR,actual_load,Actual Load,2026-07-30T23:05:32Z
2026-07-30T23:03:49Z,2026-07-31T01:03:49+0200,f07b8511-917b-4433-baac-8bd8534f48c3,2026-07-14T13:30:00Z,2026-07-14T15:30:00+0200,48530.17,MW,FR,FR,actual_load,Actual Load,2026-07-30T23:05:32Z
2026-07-30T23:03:49Z,2026-07-31T01:03:49+0200,f07b8511-917b-4433-baac-8bd8534f48c3,2026-07-14T13:45:00Z,2026-07-14T15:45:00+0200,48337.54,MW,FR,FR,actual_load,Actual Load,2026-07-30T23:05:32Z
2026-07-30T23:03:49Z,2026-07-31T01:03:49+0200,f07b8511-917b-4433-baac-8bd8534f48c3,2026-07-14T14:00:00Z,2026-07-14T16:00:00+0200,48348.56,MW,FR,FR,actual_load,Actual Load,2026-07-30T23:05:32Z
2026-07-30T23:03:49Z,2026-07-31T01:03:49+0200,f07b8511-917b-4433-baac-8bd8534f48c3,2026-07-14T14:15:00Z,2026-07-14T16:15:00+0200,48375.8,MW,FR,FR,actual_load,Actual Load,2026-07-30T23:05:32Z
2026-07-30T23:03:49Z,2026-07-31T01:03:49+0200,f07b8511-917b-4433-baac-8bd8534f48c3,2026-07-14T14:30:00Z,2026-07-14T16:30:00+0200,48432.19,MW,FR,FR,actual_load,Actual Load,2026-07-30T23:05:32Z
2026-07-30T23:03:49Z,2026-07-31T01:03:49+0200,f07b8511-917b-4433-baac-8bd8534f48c3,2026-07-14T14:45:00Z,2026-07-14T16:45:00+0200,48618.95,MW,FR,FR,actual_load,Actual Load,2026-07-30T23:05:32Z
2026-07-30T23:03:49Z,2026-07-31T01:03:49+0200,f07b8511-917b-4433-baac-8bd8534f48c3,2026-07-14T15:00:00Z,2026-07-14T17:00:00+0200,48758.86,MW,FR,FR,actual_load,Actual Load,2026-07-30T23:05:32Z
2026-07-30T23:03:49Z,2026-07-31T01:03:49+0200,f07b8511-917b-4433-baac-8bd8534f48c3,2026-07-14T15:15:00Z,2026-07-14T17:15:00+0200,49024.3,MW,FR,FR,actual_load,Actual Load,2026-07-30T23:05:32Z
2026-07-30T23:03:49Z,2026-07-31T01:03:49+0200,f07b8511-917b-4433-baac-8bd8534f48c3,2026-07-14T15:30:00Z,2026-07-14T17:30:00+0200,49252.0,MW,FR,FR,actual_load,Actual Load,2026-07-30T23:05:32Z
2026-07-30T23:03:49Z,2026-07-31T01:03:49+0200,f07b8511-917b-4433-baac-8bd8534f48c3,2026-07-14T15:45:00Z,2026-07-14T17:45:00+0200,49427.92,MW,FR,FR,actual_load,Actual Load,2026-07-30T23:05:32Z
2026-07-30T23:03:49Z,2026-07-31T01:03:49+0200,f07b8511-917b-4433-baac-8bd8534f48c3,2026-07-14T16:00:00Z,2026-07-14T18:00:00+0200,50009.73,MW,FR,FR,actual_load,Actual Load,2026-07-30T23:05:32Z
2026-07-30T23:03:49Z,2026-07-31T01:03:49+0200,f07b8511-917b-4433-baac-8bd8534f48c3,2026-07-14T16:15:00Z,2026-07-14T18:15:00+0200,50417.75,MW,FR,FR,actual_load,Actual Load,2026-07-30T23:05:32Z
2026-07-30T23:03:49Z,2026-07-31T01:03:49+0200,f07b8511-917b-4433-baac-8bd8534f48c3,2026-07-14T16:30:00Z,2026-07-14T18:30:00+0200,50774.07,MW,FR,FR,actual_load,Actual Load,2026-07-30T23:05:32Z
2026-07-30T23:03:49Z,2026-07-31T01:03:49+0200,f07b8511-917b-4433-baac-8bd8534f48c3,2026-07-14T16:45:00Z,2026-07-14T18:45:00+0200,51367.82,MW,FR,FR,actual_load,Actual Load,2026-07-30T23:05:32Z
2026-07-30T23:03:49Z,2026-07-31T01:03:49+0200,f07b8511-917b-4433-baac-8bd8534f48c3,2026-07-14T17:00:00Z,2026-07-14T19:00:00+0200,51836.89,MW,FR,FR,actual_load,Actual Load,2026-07-30T23:05:32Z
2026-07-30T23:03:49Z,2026-07-31T01:03:49+0200,f07b8511-917b-4433-baac-8bd8534f48c3,2026-07-14T17:15:00Z,2026-07-14T19:15:00+0200,51693.38,MW,FR,FR,actual_load,Actual Load,2026-07-30T23:05:32Z
2026-07-30T23:03:49Z,2026-07-31T01:03:49+0200,f07b8511-917b-4433-baac-8bd8534f48c3,2026-07-14T17:30:00Z,2026-07-14T19:30:00+0200,51427.52,MW,FR,FR,actual_load,Actual Load,2026-07-30T23:05:32Z
2026-07-30T23:03:49Z,2026-07-31T01:03:49+0200,f07b8511-917b-4433-baac-8bd8534f48c3,2026-07-14T17:45:00Z,2026-07-14T19:45:00+0200,51283.16,MW,FR,FR,actual_load,Actual Load,2026-07-30T23:05:32Z
2026-07-30T23:03:49Z,2026-07-31T01:03:49+0200,f07b8511-917b-4433-baac-8bd8534f48c3,2026-07-14T18:00:00Z,2026-07-14T20:00:00+0200,50871.14,MW,FR,FR,actual_load,Actual Load,2026-07-30T23:05:32Z
2026-07-30T23:03:49Z,2026-07-31T01:03:49+0200,f07b8511-917b-4433-baac-8bd8534f48c3,2026-07-14T18:15:00Z,2026-07-14T20:15:00+0200,50382.96,MW,FR,FR,actual_load,Actual Load,2026-07-30T23:05:32Z
2026-07-30T23:03:49Z,2026-07-31T01:03:49+0200,f07b8511-917b-4433-baac-8bd8534f48c3,2026-07-14T18:30:00Z,2026-07-14T20:30:00+0200,49881.43,MW,FR,FR,actual_load,Actual Load,2026-07-30T23:05:32Z
2026-07-30T23:03:49Z,2026-07-31T01:03:49+0200,f07b8511-917b-4433-baac-8bd8534f48c3,2026-07-14T18:45:00Z,2026-07-14T20:45:00+0200,49546.39,MW,FR,FR,actual_load,Actual Load,2026-07-30T23:05:32Z
2026-07-30T23:03:49Z,2026-07-31T01:03:49+0200,f07b8511-917b-4433-baac-8bd8534f48c3,2026-07-14T19:00:00Z,2026-07-14T21:00:00+0200,49201.7,MW,FR,FR,actual_load,Actual Load,2026-07-30T23:05:32Z
2026-07-30T23:03:49Z,2026-07-31T01:03:49+0200,f07b8511-917b-4433-baac-8bd8534f48c3,2026-07-14T19:15:00Z,2026-07-14T21:15:00+0200,48602.72,MW,FR,FR,actual_load,Actual Load,2026-07-30T23:05:32Z
2026-07-30T23:03:49Z,2026-07-31T01:03:49+0200,f07b8511-917b-4433-baac-8bd8534f48c3,2026-07-14T19:30:00Z,2026-07-14T21:30:00+0200,48458.33,MW,FR,FR,actual_load,Actual Load,2026-07-30T23:05:32Z
2026-07-30T23:03:49Z,2026-07-31T01:03:49+0200,f07b8511-917b-4433-baac-8bd8534f48c3,2026-07-14T19:45:00Z,2026-07-14T21:45:00+0200,48221.19,MW,FR,FR,actual_load,Actual Load,2026-07-30T23:05:32Z
2026-07-30T23:03:49Z,2026-07-31T01:03:49+0200,f07b8511-917b-4433-baac-8bd8534f48c3,2026-07-14T20:00:00Z,2026-07-14T22:00:00+0200,49514.93,MW,FR,FR,actual_load,Actual Load,2026-07-30T23:05:32Z
2026-07-30T23:03:49Z,2026-07-31T01:03:49+0200,f07b8511-917b-4433-baac-8bd8534f48c3,2026-07-14T20:15:00Z,2026-07-14T22:15:00+0200,48954.17,MW,FR,FR,actual_load,Actual Load,2026-07-30T23:05:32Z
2026-07-30T23:03:49Z,2026-07-31T01:03:49+0200,f07b8511-917b-4433-baac-8bd8534f48c3,2026-07-14T20:30:00Z,2026-07-14T22:30:00+0200,50086.88,MW,FR,FR,actual_load,Actual Load,2026-07-30T23:05:32Z
2026-07-30T23:03:49Z,2026-07-31T01:03:49+0200,f07b8511-917b-4433-baac-8bd8534f48c3,2026-07-14T20:45:00Z,2026-07-14T22:45:00+0200,49311.82,MW,FR,FR,actual_load,Actual Load,2026-07-30T23:05:32Z
2026-07-30T23:03:49Z,2026-07-31T01:03:49+0200,f07b8511-917b-4433-baac-8bd8534f48c3,2026-07-14T21:00:00Z,2026-07-14T23:00:00+0200,48798.29,MW,FR,FR,actual_load,Actual Load,2026-07-30T23:05:32Z
2026-07-30T23:03:49Z,2026-07-31T01:03:49+0200,f07b8511-917b-4433-baac-8bd8534f48c3,2026-07-14T21:15:00Z,2026-07-14T23:15:00+0200,48259.41,MW,FR,FR,actual_load,Actual Load,2026-07-30T23:05:32Z
2026-07-30T23:03:49Z,2026-07-31T01:03:49+0200,f07b8511-917b-4433-baac-8bd8534f48c3,2026-07-14T21:30:00Z,2026-07-14T23:30:00+0200,48459.55,MW,FR,FR,actual_load,Actual Load,2026-07-30T23:05:32Z
2026-07-30T23:03:49Z,2026-07-31T01:03:49+0200,f07b8511-917b-4433-baac-8bd8534f48c3,2026-07-14T21:45:00Z,2026-07-14T23:45:00+0200,47487.01,MW,FR,FR,actual_load,Actual Load,2026-07-30T23:05:32Z
2026-07-30T23:03:49Z,2026-07-31T01:03:49+0200,f07b8511-917b-4433-baac-8bd8534f48c3,2026-07-14T22:00:00Z,2026-07-15T00:00:00+0200,47326.42,MW,FR,FR,actual_load,Actual Load,2026-07-30T23:05:32Z
2026-07-30T23:03:49Z,2026-07-31T01:03:49+0200,f07b8511-917b-4433-baac-8bd8534f48c3,2026-07-14T22:15:00Z,2026-07-15T00:15:00+0200,46300.62,MW,FR,FR,actual_load,Actual Load,2026-07-30T23:05:32Z
2026-07-30T23:03:49Z,2026-07-31T01:03:49+0200,f07b8511-917b-4433-baac-8bd8534f48c3,2026-07-14T22:30:00Z,2026-07-15T00:30:00+0200,45133.31,MW,FR,FR,actual_load,Actual Load,2026-07-30T23:05:32Z
2026-07-30T23:03:49Z,2026-07-31T01:03:49+0200,f07b8511-917b-4433-baac-8bd8534f48c3,2026-07-14T22:45:00Z,2026-07-15T00:45:00+0200,44093.77,MW,FR,FR,actual_load,Actual Load,2026-07-30T23:05:32Z
2026-07-30T23:03:49Z,2026-07-31T01:03:49+0200,f07b8511-917b-4433-baac-8bd8534f48c3,2026-07-14T23:00:00Z,2026-07-15T01:00:00+0200,44273.34,MW,FR,FR,actual_load,Actual Load,2026-07-30T23:05:32Z
2026-07-30T23:03:49Z,2026-07-31T01:03:49+0200,f07b8511-917b-4433-baac-8bd8534f48c3,2026-07-14T23:15:00Z,2026-07-15T01:15:00+0200,43673.23,MW,FR,FR,actual_load,Actual Load,2026-07-30T23:05:32Z
2026-07-30T23:03:49Z,2026-07-31T01:03:49+0200,f07b8511-917b-4433-baac-8bd8534f48c3,2026-07-14T23:30:00Z,2026-07-15T01:30:00+0200,43398.95,MW,FR,FR,actual_load,Actual Load,2026-07-30T23:05:32Z
2026-07-30T23:03:49Z,2026-07-31T01:03:49+0200,f07b8511-917b-4433-baac-8bd8534f48c3,2026-07-14T23:45:00Z,2026-07-15T01:45:00+0200,42561.45,MW,FR,FR,actual_load,Actual Load,2026-07-30T23:05:32Z
2026-07-30T23:03:49Z,2026-07-31T01:03:49+0200,f07b8511-917b-4433-baac-8bd8534f48c3,2026-07-15T00:00:00Z,2026-07-15T02:00:00+0200,42299.45,MW,FR,FR,actual_load,Actual Load,2026-07-30T23:05:32Z
2026-07-30T23:03:49Z,2026-07-31T01:03:49+0200,f07b8511-917b-4433-baac-8bd8534f48c3,2026-07-15T00:15:00Z,2026-07-15T02:15:00+0200,41390.92,MW,FR,FR,actual_load,Actual Load,2026-07-30T23:05:32Z
2026-07-30T23:03:49Z,2026-07-31T01:03:49+0200,f07b8511-917b-4433-baac-8bd8534f48c3,2026-07-15T00:30:00Z,2026-07-15T02:30:00+0200,40595.71,MW,FR,FR,actual_load,Actual Load,2026-07-30T23:05:32Z
2026-07-30T23:03:49Z,2026-07-31T01:03:49+0200,f07b8511-917b-4433-baac-8bd8534f48c3,2026-07-15T00:45:00Z,2026-07-15T02:45:00+0200,40041.46,MW,FR,FR,actual_load,Actual Load,2026-07-30T23:05:32Z
2026-07-30T23:03:49Z,2026-07-31T01:03:49+0200,f07b8511-917b-4433-baac-8bd8534f48c3,2026-07-15T01:00:00Z,2026-07-15T03:00:00+0200,39613.17,MW,FR,FR,actual_load,Actual Load,2026-07-30T23:05:32Z
2026-07-30T23:03:49Z,2026-07-31T01:03:49+0200,f07b8511-917b-4433-baac-8bd8534f48c3,2026-07-15T01:15:00Z,2026-07-15T03:15:00+0200,39236.39,MW,FR,FR,actual_load,Actual Load,2026-07-30T23:05:32Z
2026-07-30T23:03:49Z,2026-07-31T01:03:49+0200,f07b8511-917b-4433-baac-8bd8534f48c3,2026-07-15T01:30:00Z,2026-07-15T03:30:00+0200,38887.23,MW,FR,FR,actual_load,Actual Load,2026-07-30T23:05:32Z
2026-07-30T23:03:49Z,2026-07-31T01:03:49+0200,f07b8511-917b-4433-baac-8bd8534f48c3,2026-07-15T01:45:00Z,2026-07-15T03:45:00+0200,38700.6,MW,FR,FR,actual_load,Actual Load,2026-07-30T23:05:32Z
2026-07-30T23:03:49Z,2026-07-31T01:03:49+0200,f07b8511-917b-4433-baac-8bd8534f48c3,2026-07-15T02:00:00Z,2026-07-15T04:00:00+0200,38758.61,MW,FR,FR,actual_load,Actual Load,2026-07-30T23:05:32Z
2026-07-30T23:03:49Z,2026-07-31T01:03:49+0200,f07b8511-917b-4433-baac-8bd8534f48c3,2026-07-15T02:15:00Z,2026-07-15T04:15:00+0200,38691.7,MW,FR,FR,actual_load,Actual Load,2026-07-30T23:05:32Z
2026-07-30T23:03:49Z,2026-07-31T01:03:49+0200,f07b8511-917b-4433-baac-8bd8534f48c3,2026-07-15T02:30:00Z,2026-07-15T04:30:00+0200,38819.61,MW,FR,FR,actual_load,Actual Load,2026-07-30T23:05:32Z
2026-07-30T23:03:49Z,2026-07-31T01:03:49+0200,f07b8511-917b-4433-baac-8bd8534f48c3,2026-07-15T02:45:00Z,2026-07-15T04:45:00+0200,39077.73,MW,FR,FR,actual_load,Actual Load,2026-07-30T23:05:32Z
2026-07-30T23:03:49Z,2026-07-31T01:03:49+0200,f07b8511-917b-4433-baac-8bd8534f48c3,2026-07-15T03:00:00Z,2026-07-15T05:00:00+0200,39844.02,MW,FR,FR,actual_load,Actual Load,2026-07-30T23:05:32Z
2026-07-30T23:03:49Z,2026-07-31T01:03:49+0200,f07b8511-917b-4433-baac-8bd8534f48c3,2026-07-15T03:15:00Z,2026-07-15T05:15:00+0200,40348.77,MW,FR,FR,actual_load,Actual Load,2026-07-30T23:05:32Z
2026-07-30T23:03:49Z,2026-07-31T01:03:49+0200,f07b8511-917b-4433-baac-8bd8534f48c3,2026-07-15T03:30:00Z,2026-07-15T05:30:00+0200,40672.43,MW,FR,FR,actual_load,Actual Load,2026-07-30T23:05:32Z
2026-07-30T23:03:49Z,2026-07-31T01:03:49+0200,f07b8511-917b-4433-baac-8bd8534f48c3,2026-07-15T03:45:00Z,2026-07-15T05:45:00+0200,41226.28,MW,FR,FR,actual_load,Actual Load,2026-07-30T23:05:32Z
2026-07-30T23:03:49Z,2026-07-31T01:03:49+0200,f07b8511-917b-4433-baac-8bd8534f48c3,2026-07-15T04:00:00Z,2026-07-15T06:00:00+0200,42184.1,MW,FR,FR,actual_load,Actual Load,2026-07-30T23:05:32Z
2026-07-30T23:03:49Z,2026-07-31T01:03:49+0200,f07b8511-917b-4433-baac-8bd8534f48c3,2026-07-15T04:15:00Z,2026-07-15T06:15:00+0200,42882.29,MW,FR,FR,actual_load,Actual Load,2026-07-30T23:05:32Z
2026-07-30T23:03:49Z,2026-07-31T01:03:49+0200,f07b8511-917b-4433-baac-8bd8534f48c3,2026-07-15T04:30:00Z,2026-07-15T06:30:00+0200,43464.59,MW,FR,FR,actual_load,Actual Load,2026-07-30T23:05:32Z
2026-07-30T23:03:49Z,2026-07-31T01:03:49+0200,f07b8511-917b-4433-baac-8bd8534f48c3,2026-07-15T04:45:00Z,2026-07-15T06:45:00+0200,44108.16,MW,FR,FR,actual_load,Actual Load,2026-07-30T23:05:32Z
2026-07-30T23:03:49Z,2026-07-31T01:03:49+0200,f07b8511-917b-4433-baac-8bd8534f48c3,2026-07-15T05:00:00Z,2026-07-15T07:00:00+0200,44722.75,MW,FR,FR,actual_load,Actual Load,2026-07-30T23:05:32Z
2026-07-30T23:03:49Z,2026-07-31T01:03:49+0200,f07b8511-917b-4433-baac-8bd8534f48c3,2026-07-15T05:15:00Z,2026-07-15T07:15:00+0200,45481.93,MW,FR,FR,actual_load,Actual Load,2026-07-30T23:05:32Z
2026-07-30T23:03:49Z,2026-07-31T01:03:49+0200,f07b8511-917b-4433-baac-8bd8534f48c3,2026-07-15T05:30:00Z,2026-07-15T07:30:00+0200,46048.74,MW,FR,FR,actual_load,Actual Load,2026-07-30T23:05:32Z
2026-07-30T23:03:49Z,2026-07-31T01:03:49+0200,f07b8511-917b-4433-baac-8bd8534f48c3,2026-07-15T05:45:00Z,2026-07-15T07:45:00+0200,46966.35,MW,FR,FR,actual_load,Actual Load,2026-07-30T23:05:32Z
2026-07-30T23:03:49Z,2026-07-31T01:03:49+0200,f07b8511-917b-4433-baac-8bd8534f48c3,2026-07-15T06:00:00Z,2026-07-15T08:00:00+0200,48046.46,MW,FR,FR,actual_load,Actual Load,2026-07-30T23:05:32Z
2026-07-30T23:03:49Z,2026-07-31T01:03:49+0200,f07b8511-917b-4433-baac-8bd8534f48c3,2026-07-15T06:15:00Z,2026-07-15T08:15:00+0200,49014.24,MW,FR,FR,actual_load,Actual Load,2026-07-30T23:05:32Z
2026-07-30T23:03:49Z,2026-07-31T01:03:49+0200,f07b8511-917b-4433-baac-8bd8534f48c3,2026-07-15T06:30:00Z,2026-07-15T08:30:00+0200,49673.24,MW,FR,FR,actual_load,Actual Load,2026-07-30T23:05:32Z
2026-07-30T23:03:49Z,2026-07-31T01:03:49+0200,f07b8511-917b-4433-baac-8bd8534f48c3,2026-07-15T06:45:00Z,2026-07-15T08:45:00+0200,50223.57,MW,FR,FR,actual_load,Actual Load,2026-07-30T23:05:32Z
2026-07-30T23:03:49Z,2026-07-31T01:03:49+0200,f07b8511-917b-4433-baac-8bd8534f48c3,2026-07-15T07:00:00Z,2026-07-15T09:00:00+0200,50721.64,MW,FR,FR,actual_load,Actual Load,2026-07-30T23:05:32Z
2026-07-30T23:03:49Z,2026-07-31T01:03:49+0200,f07b8511-917b-4433-baac-8bd8534f48c3,2026-07-15T07:15:00Z,2026-07-15T09:15:00+0200,51311.61,MW,FR,FR,actual_load,Actual Load,2026-07-30T23:05:32Z
2026-07-30T23:03:49Z,2026-07-31T01:03:49+0200,f07b8511-917b-4433-baac-8bd8534f48c3,2026-07-15T07:30:00Z,2026-07-15T09:30:00+0200,52406.13,MW,FR,FR,actual_load,Actual Load,2026-07-30T23:05:32Z
2026-07-30T23:03:49Z,2026-07-31T01:03:49+0200,f07b8511-917b-4433-baac-8bd8534f48c3,2026-07-15T07:45:00Z,2026-07-15T09:45:00+0200,52742.43,MW,FR,FR,actual_load,Actual Load,2026-07-30T23:05:32Z
2026-07-30T23:03:49Z,2026-07-31T01:03:49+0200,f07b8511-917b-4433-baac-8bd8534f48c3,2026-07-15T08:00:00Z,2026-07-15T10:00:00+0200,53262.85,MW,FR,FR,actual_load,Actual Load,2026-07-30T23:05:32Z
2026-07-30T23:03:49Z,2026-07-31T01:03:49+0200,f07b8511-917b-4433-baac-8bd8534f48c3,2026-07-15T08:15:00Z,2026-07-15T10:15:00+0200,53552.69,MW,FR,FR,actual_load,Actual Load,2026-07-30T23:05:32Z
2026-07-30T23:03:49Z,2026-07-31T01:03:49+0200,f07b8511-917b-4433-baac-8bd8534f48c3,2026-07-15T08:30:00Z,2026-07-15T10:30:00+0200,54102.77,MW,FR,FR,actual_load,Actual Load,2026-07-30T23:05:32Z
2026-07-30T23:03:49Z,2026-07-31T01:03:49+0200,f07b8511-917b-4433-baac-8bd8534f48c3,2026-07-15T08:45:00Z,2026-07-15T10:45:00+0200,54420.93,MW,FR,FR,actual_load,Actual Load,2026-07-30T23:05:32Z
2026-07-30T23:03:49Z,2026-07-31T01:03:49+0200,f07b8511-917b-4433-baac-8bd8534f48c3,2026-07-15T09:00:00Z,2026-07-15T11:00:00+0200,54871.64,MW,FR,FR,actual_load,Actual Load,2026-07-30T23:05:32Z
2026-07-30T23:03:49Z,2026-07-31T01:03:49+0200,f07b8511-917b-4433-baac-8bd8534f48c3,2026-07-15T09:15:00Z,2026-07-15T11:15:00+0200,55211.22,MW,FR,FR,actual_load,Actual Load,2026-07-30T23:05:32Z
2026-07-30T23:03:49Z,2026-07-31T01:03:49+0200,f07b8511-917b-4433-baac-8bd8534f48c3,2026-07-15T09:30:00Z,2026-07-15T11:30:00+0200,55414.14,MW,FR,FR,actual_load,Actual Load,2026-07-30T23:05:32Z
2026-07-30T23:03:49Z,2026-07-31T01:03:49+0200,f07b8511-917b-4433-baac-8bd8534f48c3,2026-07-15T09:45:00Z,2026-07-15T11:45:00+0200,55258.56,MW,FR,FR,actual_load,Actual Load,2026-07-30T23:05:32Z
2026-07-30T23:03:49Z,2026-07-31T01:03:49+0200,f07b8511-917b-4433-baac-8bd8534f48c3,2026-07-15T10:00:00Z,2026-07-15T12:00:00+0200,55476.92,MW,FR,FR,actual_load,Actual Load,2026-07-30T23:05:32Z
2026-07-30T23:03:49Z,2026-07-31T01:03:49+0200,f07b8511-917b-4433-baac-8bd8534f48c3,2026-07-15T10:15:00Z,2026-07-15T12:15:00+0200,55364.09,MW,FR,FR,actual_load,Actual Load,2026-07-30T23:05:32Z
2026-07-30T23:03:49Z,2026-07-31T01:03:49+0200,f07b8511-917b-4433-baac-8bd8534f48c3,2026-07-15T10:30:00Z,2026-07-15T12:30:00+0200,55852.54,MW,FR,FR,actual_load,Actual Load,2026-07-30T23:05:32Z
2026-07-30T23:03:49Z,2026-07-31T01:03:49+0200,f07b8511-917b-4433-baac-8bd8534f48c3,2026-07-15T10:45:00Z,2026-07-15T12:45:00+0200,55310.68,MW,FR,FR,actual_load,Actual Load,2026-07-30T23:05:32Z
2026-07-30T23:03:49Z,2026-07-31T01:03:49+0200,f07b8511-917b-4433-baac-8bd8534f48c3,2026-07-15T11:00:00Z,2026-07-15T13:00:00+0200,55497.93,MW,FR,FR,actual_load,Actual Load,2026-07-30T23:05:32Z
2026-07-30T23:03:49Z,2026-07-31T01:03:49+0200,f07b8511-917b-4433-baac-8bd8534f48c3,2026-07-15T11:15:00Z,2026-07-15T13:15:00+0200,55401.3,MW,FR,FR,actual_load,Actual Load,2026-07-30T23:05:32Z
2026-07-30T23:03:49Z,2026-07-31T01:03:49+0200,f07b8511-917b-4433-baac-8bd8534f48c3,2026-07-15T11:30:00Z,2026-07-15T13:30:00+0200,55457.73,MW,FR,FR,actual_load,Actual Load,2026-07-30T23:05:32Z
2026-07-30T23:03:49Z,2026-07-31T01:03:49+0200,f07b8511-917b-4433-baac-8bd8534f48c3,2026-07-15T11:45:00Z,2026-07-15T13:45:00+0200,55902.66,MW,FR,FR,actual_load,Actual Load,2026-07-30T23:05:32Z
2026-07-30T23:03:49Z,2026-07-31T01:03:49+0200,f07b8511-917b-4433-baac-8bd8534f48c3,2026-07-15T12:00:00Z,2026-07-15T14:00:00+0200,56468.2,MW,FR,FR,actual_load,Actual Load,2026-07-30T23:05:32Z
2026-07-30T23:03:49Z,2026-07-31T01:03:49+0200,f07b8511-917b-4433-baac-8bd8534f48c3,2026-07-15T12:15:00Z,2026-07-15T14:15:00+0200,56660.68,MW,FR,FR,actual_load,Actual Load,2026-07-30T23:05:32Z
2026-07-30T23:03:49Z,2026-07-31T01:03:49+0200,f07b8511-917b-4433-baac-8bd8534f48c3,2026-07-15T12:30:00Z,2026-07-15T14:30:00+0200,56745.29,MW,FR,FR,actual_load,Actual Load,2026-07-30T23:05:32Z
2026-07-30T23:03:49Z,2026-07-31T01:03:49+0200,f07b8511-917b-4433-baac-8bd8534f48c3,2026-07-15T12:45:00Z,2026-07-15T14:45:00+0200,56268.6,MW,FR,FR,actual_load,Actual Load,2026-07-30T23:05:32Z
2026-07-30T23:03:49Z,2026-07-31T01:03:49+0200,f07b8511-917b-4433-baac-8bd8534f48c3,2026-07-15T13:00:00Z,2026-07-15T15:00:00+0200,55323.52,MW,FR,FR,actual_load,Actual Load,2026-07-30T23:05:32Z
2026-07-30T23:03:49Z,2026-07-31T01:03:49+0200,f07b8511-917b-4433-baac-8bd8534f48c3,2026-07-15T13:15:00Z,2026-07-15T15:15:00+0200,55743.22,MW,FR,FR,actual_load,Actual Load,2026-07-30T23:05:32Z
2026-07-30T23:03:49Z,2026-07-31T01:03:49+0200,f07b8511-917b-4433-baac-8bd8534f48c3,2026-07-15T13:30:00Z,2026-07-15T15:30:00+0200,55201.11,MW,FR,FR,actual_load,Actual Load,2026-07-30T23:05:32Z
2026-07-30T23:03:49Z,2026-07-31T01:03:49+0200,f07b8511-917b-4433-baac-8bd8534f48c3,2026-07-15T13:45:00Z,2026-07-15T15:45:00+0200,55012.75,MW,FR,FR,actual_load,Actual Load,2026-07-30T23:05:32Z
2026-07-30T23:03:49Z,2026-07-31T01:03:49+0200,f07b8511-917b-4433-baac-8bd8534f48c3,2026-07-15T14:00:00Z,2026-07-15T16:00:00+0200,54598.38,MW,FR,FR,actual_load,Actual Load,2026-07-30T23:05:32Z
2026-07-30T23:03:49Z,2026-07-31T01:03:49+0200,f07b8511-917b-4433-baac-8bd8534f48c3,2026-07-15T14:15:00Z,2026-07-15T16:15:00+0200,54473.7,MW,FR,FR,actual_load,Actual Load,2026-07-30T23:05:32Z
2026-07-30T23:03:49Z,2026-07-31T01:03:49+0200,f07b8511-917b-4433-baac-8bd8534f48c3,2026-07-15T14:30:00Z,2026-07-15T16:30:00+0200,54197.43,MW,FR,FR,actual_load,Actual Load,2026-07-30T23:05:32Z
2026-07-30T23:03:49Z,2026-07-31T01:03:49+0200,f07b8511-917b-4433-baac-8bd8534f48c3,2026-07-15T14:45:00Z,2026-07-15T16:45:00+0200,54084.7,MW,FR,FR,actual_load,Actual Load,2026-07-30T23:05:32Z
2026-07-30T23:03:49Z,2026-07-31T01:03:49+0200,f07b8511-917b-4433-baac-8bd8534f48c3,2026-07-15T15:00:00Z,2026-07-15T17:00:00+0200,53936.84,MW,FR,FR,actual_load,Actual Load,2026-07-30T23:05:32Z
2026-07-30T23:03:49Z,2026-07-31T01:03:49+0200,f07b8511-917b-4433-baac-8bd8534f48c3,2026-07-15T15:15:00Z,2026-07-15T17:15:00+0200,53802.64,MW,FR,FR,actual_load,Actual Load,2026-07-30T23:05:32Z
2026-07-30T23:03:49Z,2026-07-31T01:03:49+0200,f07b8511-917b-4433-baac-8bd8534f48c3,2026-07-15T15:30:00Z,2026-07-15T17:30:00+0200,54272.41,MW,FR,FR,actual_load,Actual Load,2026-07-30T23:05:32Z
2026-07-30T23:03:49Z,2026-07-31T01:03:49+0200,f07b8511-917b-4433-baac-8bd8534f48c3,2026-07-15T15:45:00Z,2026-07-15T17:45:00+0200,54754.71,MW,FR,FR,actual_load,Actual Load,2026-07-30T23:05:32Z
2026-07-30T23:03:49Z,2026-07-31T01:03:49+0200,f07b8511-917b-4433-baac-8bd8534f48c3,2026-07-15T16:00:00Z,2026-07-15T18:00:00+0200,55178.41,MW,FR,FR,actual_load,Actual Load,2026-07-30T23:05:32Z
2026-07-30T23:03:49Z,2026-07-31T01:03:49+0200,f07b8511-917b-4433-baac-8bd8534f48c3,2026-07-15T16:15:00Z,2026-07-15T18:15:00+0200,55384.61,MW,FR,FR,actual_load,Actual Load,2026-07-30T23:05:32Z
2026-07-30T23:03:49Z,2026-07-31T01:03:49+0200,f07b8511-917b-4433-baac-8bd8534f48c3,2026-07-15T16:30:00Z,2026-07-15T18:30:00+0200,55380.01,MW,FR,FR,actual_load,Actual Load,2026-07-30T23:05:32Z
2026-07-30T23:03:49Z,2026-07-31T01:03:49+0200,f07b8511-917b-4433-baac-8bd8534f48c3,2026-07-15T16:45:00Z,2026-07-15T18:45:00+0200,55753.16,MW,FR,FR,actual_load,Actual Load,2026-07-30T23:05:32Z
2026-07-30T23:03:49Z,2026-07-31T01:03:49+0200,f07b8511-917b-4433-baac-8bd8534f48c3,2026-07-15T17:00:00Z,2026-07-15T19:00:00+0200,55748.13,MW,FR,FR,actual_load,Actual Load,2026-07-30T23:05:32Z
2026-07-30T23:03:49Z,2026-07-31T01:03:49+0200,f07b8511-917b-4433-baac-8bd8534f48c3,2026-07-15T17:15:00Z,2026-07-15T19:15:00+0200,55493.98,MW,FR,FR,actual_load,Actual Load,2026-07-30T23:05:32Z
2026-07-30T23:03:49Z,2026-07-31T01:03:49+0200,f07b8511-917b-4433-baac-8bd8534f48c3,2026-07-15T17:30:00Z,2026-07-15T19:30:00+0200,55097.34,MW,FR,FR,actual_load,Actual Load,2026-07-30T23:05:32Z
2026-07-30T23:03:49Z,2026-07-31T01:03:49+0200,f07b8511-917b-4433-baac-8bd8534f48c3,2026-07-15T17:45:00Z,2026-07-15T19:45:00+0200,54675.63,MW,FR,FR,actual_load,Actual Load,2026-07-30T23:05:32Z
2026-07-30T23:03:49Z,2026-07-31T01:03:49+0200,f07b8511-917b-4433-baac-8bd8534f48c3,2026-07-15T18:00:00Z,2026-07-15T20:00:00+0200,53723.0,MW,FR,FR,actual_load,Actual Load,2026-07-30T23:05:32Z
2026-07-30T23:03:49Z,2026-07-31T01:03:49+0200,f07b8511-917b-4433-baac-8bd8534f48c3,2026-07-15T18:15:00Z,2026-07-15T20:15:00+0200,52768.62,MW,FR,FR,actual_load,Actual Load,2026-07-30T23:05:32Z
2026-07-30T23:03:49Z,2026-07-31T01:03:49+0200,f07b8511-917b-4433-baac-8bd8534f48c3,2026-07-15T18:30:00Z,2026-07-15T20:30:00+0200,52135.64,MW,FR,FR,actual_load,Actual Load,2026-07-30T23:05:32Z
2026-07-30T23:03:49Z,2026-07-31T01:03:49+0200,f07b8511-917b-4433-baac-8bd8534f48c3,2026-07-15T18:45:00Z,2026-07-15T20:45:00+0200,51539.32,MW,FR,FR,actual_load,Actual Load,2026-07-30T23:05:32Z
2026-07-30T23:03:49Z,2026-07-31T01:03:49+0200,f07b8511-917b-4433-baac-8bd8534f48c3,2026-07-15T19:00:00Z,2026-07-15T21:00:00+0200,50906.85,MW,FR,FR,actual_load,Actual Load,2026-07-30T23:05:32Z
2026-07-30T23:03:49Z,2026-07-31T01:03:49+0200,f07b8511-917b-4433-baac-8bd8534f48c3,2026-07-15T19:15:00Z,2026-07-15T21:15:00+0200,50686.82,MW,FR,FR,actual_load,Actual Load,2026-07-30T23:05:32Z
2026-07-30T23:03:49Z,2026-07-31T01:03:49+0200,f07b8511-917b-4433-baac-8bd8534f48c3,2026-07-15T19:30:00Z,2026-07-15T21:30:00+0200,50585.14,MW,FR,FR,actual_load,Actual Load,2026-07-30T23:05:32Z
2026-07-30T23:03:49Z,2026-07-31T01:03:49+0200,f07b8511-917b-4433-baac-8bd8534f48c3,2026-07-15T19:45:00Z,2026-07-15T21:45:00+0200,50273.52,MW,FR,FR,actual_load,Actual Load,2026-07-30T23:05:32Z
2026-07-30T23:03:49Z,2026-07-31T01:03:49+0200,f07b8511-917b-4433-baac-8bd8534f48c3,2026-07-15T20:00:00Z,2026-07-15T22:00:00+0200,51329.29,MW,FR,FR,actual_load,Actual Load,2026-07-30T23:05:32Z
2026-07-30T23:03:49Z,2026-07-31T01:03:49+0200,f07b8511-917b-4433-baac-8bd8534f48c3,2026-07-15T20:15:00Z,2026-07-15T22:15:00+0200,51073.69,MW,FR,FR,actual_load,Actual Load,2026-07-30T23:05:32Z
2026-07-30T23:03:49Z,2026-07-31T01:03:49+0200,f07b8511-917b-4433-baac-8bd8534f48c3,2026-07-15T20:30:00Z,2026-07-15T22:30:00+0200,52148.1,MW,FR,FR,actual_load,Actual Load,2026-07-30T23:05:32Z
2026-07-30T23:03:49Z,2026-07-31T01:03:49+0200,f07b8511-917b-4433-baac-8bd8534f48c3,2026-07-15T20:45:00Z,2026-07-15T22:45:00+0200,51501.07,MW,FR,FR,actual_load,Actual Load,2026-07-30T23:05:32Z
2026-07-30T23:03:49Z,2026-07-31T01:03:49+0200,f07b8511-917b-4433-baac-8bd8534f48c3,2026-07-15T21:00:00Z,2026-07-15T23:00:00+0200,50556.35,MW,FR,FR,actual_load,Actual Load,2026-07-30T23:05:32Z
2026-07-30T23:03:49Z,2026-07-31T01:03:49+0200,f07b8511-917b-4433-baac-8bd8534f48c3,2026-07-15T21:15:00Z,2026-07-15T23:15:00+0200,49501.8,MW,FR,FR,actual_load,Actual Load,2026-07-30T23:05:32Z
2026-07-30T23:03:49Z,2026-07-31T01:03:49+0200,f07b8511-917b-4433-baac-8bd8534f48c3,2026-07-15T21:30:00Z,2026-07-15T23:30:00+0200,49705.33,MW,FR,FR,actual_load,Actual Load,2026-07-30T23:05:32Z
2026-07-30T23:03:49Z,2026-07-31T01:03:49+0200,f07b8511-917b-4433-baac-8bd8534f48c3,2026-07-15T21:45:00Z,2026-07-15T23:45:00+0200,48506.36,MW,FR,FR,actual_load,Actual Load,2026-07-30T23:05:32Z
2026-07-30T23:03:49Z,2026-07-31T01:03:49+0200,f07b8511-917b-4433-baac-8bd8534f48c3,2026-07-15T22:00:00Z,2026-07-16T00:00:00+0200,47941.93,MW,FR,FR,actual_load,Actual Load,2026-07-30T23:05:32Z
2026-07-30T23:03:49Z,2026-07-31T01:03:49+0200,f07b8511-917b-4433-baac-8bd8534f48c3,2026-07-15T22:15:00Z,2026-07-16T00:15:00+0200,46760.95,MW,FR,FR,actual_load,Actual Load,2026-07-30T23:05:32Z
2026-07-30T23:03:49Z,2026-07-31T01:03:49+0200,f07b8511-917b-4433-baac-8bd8534f48c3,2026-07-15T22:30:00Z,2026-07-16T00:30:00+0200,45578.38,MW,FR,FR,actual_load,Actual Load,2026-07-30T23:05:32Z
2026-07-30T23:03:49Z,2026-07-31T01:03:49+0200,f07b8511-917b-4433-baac-8bd8534f48c3,2026-07-15T22:45:00Z,2026-07-16T00:45:00+0200,44521.43,MW,FR,FR,actual_load,Actual Load,2026-07-30T23:05:32Z
2026-07-30T23:03:49Z,2026-07-31T01:03:49+0200,f07b8511-917b-4433-baac-8bd8534f48c3,2026-07-15T23:00:00Z,2026-07-16T01:00:00+0200,44670.97,MW,FR,FR,actual_load,Actual Load,2026-07-30T23:05:32Z
2026-07-30T23:03:49Z,2026-07-31T01:03:49+0200,f07b8511-917b-4433-baac-8bd8534f48c3,2026-07-15T23:15:00Z,2026-07-16T01:15:00+0200,44066.02,MW,FR,FR,actual_load,Actual Load,2026-07-30T23:05:32Z
2026-07-30T23:03:49Z,2026-07-31T01:03:49+0200,f07b8511-917b-4433-baac-8bd8534f48c3,2026-07-15T23:30:00Z,2026-07-16T01:30:00+0200,44145.06,MW,FR,FR,actual_load,Actual Load,2026-07-30T23:05:32Z
2026-07-30T23:03:49Z,2026-07-31T01:03:49+0200,f07b8511-917b-4433-baac-8bd8534f48c3,2026-07-15T23:45:00Z,2026-07-16T01:45:00+0200,43308.78,MW,FR,FR,actual_load,Actual Load,2026-07-30T23:05:32Z
2026-07-30T23:03:49Z,2026-07-31T01:03:49+0200,f07b8511-917b-4433-baac-8bd8534f48c3,2026-07-16T00:00:00Z,2026-07-16T02:00:00+0200,43015.88,MW,FR,FR,actual_load,Actual Load,2026-07-30T23:05:32Z
2026-07-30T23:03:49Z,2026-07-31T01:03:49+0200,f07b8511-917b-4433-baac-8bd8534f48c3,2026-07-16T00:15:00Z,2026-07-16T02:15:00+0200,42201.31,MW,FR,FR,actual_load,Actual Load,2026-07-30T23:05:32Z
2026-07-30T23:03:49Z,2026-07-31T01:03:49+0200,f07b8511-917b-4433-baac-8bd8534f48c3,2026-07-16T00:30:00Z,2026-07-16T02:30:00+0200,41524.54,MW,FR,FR,actual_load,Actual Load,2026-07-30T23:05:32Z
2026-07-30T23:03:49Z,2026-07-31T01:03:49+0200,f07b8511-917b-4433-baac-8bd8534f48c3,2026-07-16T00:45:00Z,2026-07-16T02:45:00+0200,40941.73,MW,FR,FR,actual_load,Actual Load,2026-07-30T23:05:32Z
2026-07-30T23:03:49Z,2026-07-31T01:03:49+0200,f07b8511-917b-4433-baac-8bd8534f48c3,2026-07-16T01:00:00Z,2026-07-16T03:00:00+0200,40552.7,MW,FR,FR,actual_load,Actual Load,2026-07-30T23:05:32Z
2026-07-30T23:03:49Z,2026-07-31T01:03:49+0200,f07b8511-917b-4433-baac-8bd8534f48c3,2026-07-16T01:15:00Z,2026-07-16T03:15:00+0200,40158.21,MW,FR,FR,actual_load,Actual Load,2026-07-30T23:05:32Z
2026-07-30T23:03:49Z,2026-07-31T01:03:49+0200,f07b8511-917b-4433-baac-8bd8534f48c3,2026-07-16T01:30:00Z,2026-07-16T03:30:00+0200,40082.93,MW,FR,FR,actual_load,Actual Load,2026-07-30T23:05:32Z
2026-07-30T23:03:49Z,2026-07-31T01:03:49+0200,f07b8511-917b-4433-baac-8bd8534f48c3,2026-07-16T01:45:00Z,2026-07-16T03:45:00+0200,39863.9,MW,FR,FR,actual_load,Actual Load,2026-07-30T23:05:32Z
2026-07-30T23:03:49Z,2026-07-31T01:03:49+0200,f07b8511-917b-4433-baac-8bd8534f48c3,2026-07-16T02:00:00Z,2026-07-16T04:00:00+0200,39802.38,MW,FR,FR,actual_load,Actual Load,2026-07-30T23:05:32Z
2026-07-30T23:03:49Z,2026-07-31T01:03:49+0200,f07b8511-917b-4433-baac-8bd8534f48c3,2026-07-16T02:15:00Z,2026-07-16T04:15:00+0200,39739.01,MW,FR,FR,actual_load,Actual Load,2026-07-30T23:05:32Z
2026-07-30T23:03:49Z,2026-07-31T01:03:49+0200,f07b8511-917b-4433-baac-8bd8534f48c3,2026-07-16T02:30:00Z,2026-07-16T04:30:00+0200,39607.2,MW,FR,FR,actual_load,Actual Load,2026-07-30T23:05:32Z
2026-07-30T23:03:49Z,2026-07-31T01:03:49+0200,f07b8511-917b-4433-baac-8bd8534f48c3,2026-07-16T02:45:00Z,2026-07-16T04:45:00+0200,39630.38,MW,FR,FR,actual_load,Actual Load,2026-07-30T23:05:32Z
2026-07-30T23:03:49Z,2026-07-31T01:03:49+0200,f07b8511-917b-4433-baac-8bd8534f48c3,2026-07-16T03:00:00Z,2026-07-16T05:00:00+0200,40482.41,MW,FR,FR,actual_load,Actual Load,2026-07-30T23:05:32Z
2026-07-30T23:03:49Z,2026-07-31T01:03:49+0200,f07b8511-917b-4433-baac-8bd8534f48c3,2026-07-16T03:15:00Z,2026-07-16T05:15:00+0200,40844.81,MW,FR,FR,actual_load,Actual Load,2026-07-30T23:05:32Z
2026-07-30T23:03:49Z,2026-07-31T01:03:49+0200,f07b8511-917b-4433-baac-8bd8534f48c3,2026-07-16T03:30:00Z,2026-07-16T05:30:00+0200,41140.12,MW,FR,FR,actual_load,Actual Load,2026-07-30T23:05:32Z
2026-07-30T23:03:49Z,2026-07-31T01:03:49+0200,f07b8511-917b-4433-baac-8bd8534f48c3,2026-07-16T03:45:00Z,2026-07-16T05:45:00+0200,41365.08,MW,FR,FR,actual_load,Actual Load,2026-07-30T23:05:32Z
2026-07-30T23:03:49Z,2026-07-31T01:03:49+0200,f07b8511-917b-4433-baac-8bd8534f48c3,2026-07-16T04:00:00Z,2026-07-16T06:00:00+0200,42316.12,MW,FR,FR,actual_load,Actual Load,2026-07-30T23:05:32Z
2026-07-30T23:03:49Z,2026-07-31T01:03:49+0200,f07b8511-917b-4433-baac-8bd8534f48c3,2026-07-16T04:15:00Z,2026-07-16T06:15:00+0200,42983.23,MW,FR,FR,actual_load,Actual Load,2026-07-30T23:05:32Z
2026-07-30T23:03:49Z,2026-07-31T01:03:49+0200,f07b8511-917b-4433-baac-8bd8534f48c3,2026-07-16T04:30:00Z,2026-07-16T06:30:00+0200,43436.98,MW,FR,FR,actual_load,Actual Load,2026-07-30T23:05:32Z
2026-07-30T23:03:49Z,2026-07-31T01:03:49+0200,f07b8511-917b-4433-baac-8bd8534f48c3,2026-07-16T04:45:00Z,2026-07-16T06:45:00+0200,43932.78,MW,FR,FR,actual_load,Actual Load,2026-07-30T23:05:32Z
2026-07-30T23:03:49Z,2026-07-31T01:03:49+0200,f07b8511-917b-4433-baac-8bd8534f48c3,2026-07-16T05:00:00Z,2026-07-16T07:00:00+0200,44506.39,MW,FR,FR,actual_load,Actual Load,2026-07-30T23:05:32Z
2026-07-30T23:03:49Z,2026-07-31T01:03:49+0200,f07b8511-917b-4433-baac-8bd8534f48c3,2026-07-16T05:15:00Z,2026-07-16T07:15:00+0200,45236.34,MW,FR,FR,actual_load,Actual Load,2026-07-30T23:05:32Z
2026-07-30T23:03:49Z,2026-07-31T01:03:49+0200,f07b8511-917b-4433-baac-8bd8534f48c3,2026-07-16T05:30:00Z,2026-07-16T07:30:00+0200,45789.52,MW,FR,FR,actual_load,Actual Load,2026-07-30T23:05:32Z
2026-07-30T23:03:49Z,2026-07-31T01:03:49+0200,f07b8511-917b-4433-baac-8bd8534f48c3,2026-07-16T05:45:00Z,2026-07-16T07:45:00+0200,46600.33,MW,FR,FR,actual_load,Actual Load,2026-07-30T23:05:32Z
2026-07-30T23:03:49Z,2026-07-31T01:03:49+0200,f07b8511-917b-4433-baac-8bd8534f48c3,2026-07-16T06:00:00Z,2026-07-16T08:00:00+0200,47401.91,MW,FR,FR,actual_load,Actual Load,2026-07-30T23:05:32Z
2026-07-30T23:03:49Z,2026-07-31T01:03:49+0200,f07b8511-917b-4433-baac-8bd8534f48c3,2026-07-16T06:15:00Z,2026-07-16T08:15:00+0200,48275.39,MW,FR,FR,actual_load,Actual Load,2026-07-30T23:05:32Z
2026-07-30T23:03:49Z,2026-07-31T01:03:49+0200,f07b8511-917b-4433-baac-8bd8534f48c3,2026-07-16T06:30:00Z,2026-07-16T08:30:00+0200,48884.0,MW,FR,FR,actual_load,Actual Load,2026-07-30T23:05:32Z
2026-07-30T23:03:49Z,2026-07-31T01:03:49+0200,f07b8511-917b-4433-baac-8bd8534f48c3,2026-07-16T06:45:00Z,2026-07-16T08:45:00+0200,49496.2,MW,FR,FR,actual_load,Actual Load,2026-07-30T23:05:32Z
2026-07-30T23:03:49Z,2026-07-31T01:03:49+0200,f07b8511-917b-4433-baac-8bd8534f48c3,2026-07-16T07:00:00Z,2026-07-16T09:00:00+0200,49990.03,MW,FR,FR,actual_load,Actual Load,2026-07-30T23:05:32Z
2026-07-30T23:03:49Z,2026-07-31T01:03:49+0200,f07b8511-917b-4433-baac-8bd8534f48c3,2026-07-16T07:15:00Z,2026-07-16T09:15:00+0200,50337.34,MW,FR,FR,actual_load,Actual Load,2026-07-30T23:05:32Z
2026-07-30T23:03:49Z,2026-07-31T01:03:49+0200,f07b8511-917b-4433-baac-8bd8534f48c3,2026-07-16T07:30:00Z,2026-07-16T09:30:00+0200,50789.84,MW,FR,FR,actual_load,Actual Load,2026-07-30T23:05:32Z
2026-07-30T23:03:49Z,2026-07-31T01:03:49+0200,f07b8511-917b-4433-baac-8bd8534f48c3,2026-07-16T07:45:00Z,2026-07-16T09:45:00+0200,51201.02,MW,FR,FR,actual_load,Actual Load,2026-07-30T23:05:32Z
2026-07-30T23:03:49Z,2026-07-31T01:03:49+0200,f07b8511-917b-4433-baac-8bd8534f48c3,2026-07-16T08:00:00Z,2026-07-16T10:00:00+0200,51740.43,MW,FR,FR,actual_load,Actual Load,2026-07-30T23:05:32Z
2026-07-30T23:03:49Z,2026-07-31T01:03:49+0200,f07b8511-917b-4433-baac-8bd8534f48c3,2026-07-16T08:15:00Z,2026-07-16T10:15:00+0200,52125.38,MW,FR,FR,actual_load,Actual Load,2026-07-30T23:05:32Z
2026-07-30T23:03:49Z,2026-07-31T01:03:49+0200,f07b8511-917b-4433-baac-8bd8534f48c3,2026-07-16T08:30:00Z,2026-07-16T10:30:00+0200,52480.13,MW,FR,FR,actual_load,Actual Load,2026-07-30T23:05:32Z
2026-07-30T23:03:49Z,2026-07-31T01:03:49+0200,f07b8511-917b-4433-baac-8bd8534f48c3,2026-07-16T08:45:00Z,2026-07-16T10:45:00+0200,53051.32,MW,FR,FR,actual_load,Actual Load,2026-07-30T23:05:32Z
2026-07-30T23:03:49Z,2026-07-31T01:03:49+0200,f07b8511-917b-4433-baac-8bd8534f48c3,2026-07-16T09:00:00Z,2026-07-16T11:00:00+0200,53759.19,MW,FR,FR,actual_load,Actual Load,2026-07-30T23:05:32Z
2026-07-30T23:03:49Z,2026-07-31T01:03:49+0200,f07b8511-917b-4433-baac-8bd8534f48c3,2026-07-16T09:15:00Z,2026-07-16T11:15:00+0200,54387.46,MW,FR,FR,actual_load,Actual Load,2026-07-30T23:05:32Z
2026-07-30T23:03:49Z,2026-07-31T01:03:49+0200,f07b8511-917b-4433-baac-8bd8534f48c3,2026-07-16T09:30:00Z,2026-07-16T11:30:00+0200,55149.27,MW,FR,FR,actual_load,Actual Load,2026-07-30T23:05:32Z
2026-07-30T23:03:49Z,2026-07-31T01:03:49+0200,f07b8511-917b-4433-baac-8bd8534f48c3,2026-07-16T09:45:00Z,2026-07-16T11:45:00+0200,55605.74,MW,FR,FR,actual_load,Actual Load,2026-07-30T23:05:32Z
2026-07-30T23:03:49Z,2026-07-31T01:03:49+0200,f07b8511-917b-4433-baac-8bd8534f48c3,2026-07-16T10:00:00Z,2026-07-16T12:00:00+0200,55943.57,MW,FR,FR,actual_load,Actual Load,2026-07-30T23:05:32Z
2026-07-30T23:03:49Z,2026-07-31T01:03:49+0200,f07b8511-917b-4433-baac-8bd8534f48c3,2026-07-16T10:15:00Z,2026-07-16T12:15:00+0200,56047.65,MW,FR,FR,actual_load,Actual Load,2026-07-30T23:05:32Z
2026-07-30T23:03:49Z,2026-07-31T01:03:49+0200,f07b8511-917b-4433-baac-8bd8534f48c3,2026-07-16T10:30:00Z,2026-07-16T12:30:00+0200,56536.1,MW,FR,FR,actual_load,Actual Load,2026-07-30T23:05:32Z
2026-07-30T23:03:49Z,2026-07-31T01:03:49+0200,f07b8511-917b-4433-baac-8bd8534f48c3,2026-07-16T10:45:00Z,2026-07-16T12:45:00+0200,56154.73,MW,FR,FR,actual_load,Actual Load,2026-07-30T23:05:32Z
2026-07-30T23:03:49Z,2026-07-31T01:03:49+0200,f07b8511-917b-4433-baac-8bd8534f48c3,2026-07-16T11:00:00Z,2026-07-16T13:00:00+0200,55733.71,MW,FR,FR,actual_load,Actual Load,2026-07-30T23:05:32Z
2026-07-30T23:03:49Z,2026-07-31T01:03:49+0200,f07b8511-917b-4433-baac-8bd8534f48c3,2026-07-16T11:15:00Z,2026-07-16T13:15:00+0200,55363.67,MW,FR,FR,actual_load,Actual Load,2026-07-30T23:05:32Z
2026-07-30T23:03:49Z,2026-07-31T01:03:49+0200,f07b8511-917b-4433-baac-8bd8534f48c3,2026-07-16T11:30:00Z,2026-07-16T13:30:00+0200,55291.93,MW,FR,FR,actual_load,Actual Load,2026-07-30T23:05:32Z
2026-07-30T23:03:49Z,2026-07-31T01:03:49+0200,f07b8511-917b-4433-baac-8bd8534f48c3,2026-07-16T11:45:00Z,2026-07-16T13:45:00+0200,55611.24,MW,FR,FR,actual_load,Actual Load,2026-07-30T23:05:32Z
2026-07-30T23:03:49Z,2026-07-31T01:03:49+0200,f07b8511-917b-4433-baac-8bd8534f48c3,2026-07-16T12:00:00Z,2026-07-16T14:00:00+0200,56444.21,MW,FR,FR,actual_load,Actual Load,2026-07-30T23:05:32Z
2026-07-30T23:03:49Z,2026-07-31T01:03:49+0200,f07b8511-917b-4433-baac-8bd8534f48c3,2026-07-16T12:15:00Z,2026-07-16T14:15:00+0200,56799.66,MW,FR,FR,actual_load,Actual Load,2026-07-30T23:05:32Z
2026-07-30T23:03:49Z,2026-07-31T01:03:49+0200,f07b8511-917b-4433-baac-8bd8534f48c3,2026-07-16T12:30:00Z,2026-07-16T14:30:00+0200,56634.82,MW,FR,FR,actual_load,Actual Load,2026-07-30T23:05:32Z
2026-07-30T23:03:49Z,2026-07-31T01:03:49+0200,f07b8511-917b-4433-baac-8bd8534f48c3,2026-07-16T12:45:00Z,2026-07-16T14:45:00+0200,55954.59,MW,FR,FR,actual_load,Actual Load,2026-07-30T23:05:32Z
2026-07-30T23:03:49Z,2026-07-31T01:03:49+0200,f07b8511-917b-4433-baac-8bd8534f48c3,2026-07-16T13:00:00Z,2026-07-16T15:00:00+0200,56075.24,MW,FR,FR,actual_load,Actual Load,2026-07-30T23:05:32Z
2026-07-30T23:03:49Z,2026-07-31T01:03:49+0200,f07b8511-917b-4433-baac-8bd8534f48c3,2026-07-16T13:15:00Z,2026-07-16T15:15:00+0200,55715.3,MW,FR,FR,actual_load,Actual Load,2026-07-30T23:05:32Z
2026-07-30T23:03:49Z,2026-07-31T01:03:49+0200,f07b8511-917b-4433-baac-8bd8534f48c3,2026-07-16T13:30:00Z,2026-07-16T15:30:00+0200,55379.41,MW,FR,FR,actual_load,Actual Load,2026-07-30T23:05:32Z
2026-07-30T23:03:49Z,2026-07-31T01:03:49+0200,f07b8511-917b-4433-baac-8bd8534f48c3,2026-07-16T13:45:00Z,2026-07-16T15:45:00+0200,54980.68,MW,FR,FR,actual_load,Actual Load,2026-07-30T23:05:32Z
2026-07-30T23:03:49Z,2026-07-31T01:03:49+0200,f07b8511-917b-4433-baac-8bd8534f48c3,2026-07-16T14:00:00Z,2026-07-16T16:00:00+0200,54661.28,MW,FR,FR,actual_load,Actual Load,2026-07-30T23:05:32Z
2026-07-30T23:03:49Z,2026-07-31T01:03:49+0200,f07b8511-917b-4433-baac-8bd8534f48c3,2026-07-16T14:15:00Z,2026-07-16T16:15:00+0200,54412.52,MW,FR,FR,actual_load,Actual Load,2026-07-30T23:05:32Z
2026-07-30T23:03:49Z,2026-07-31T01:03:49+0200,f07b8511-917b-4433-baac-8bd8534f48c3,2026-07-16T14:30:00Z,2026-07-16T16:30:00+0200,54145.57,MW,FR,FR,actual_load,Actual Load,2026-07-30T23:05:32Z
2026-07-30T23:03:49Z,2026-07-31T01:03:49+0200,f07b8511-917b-4433-baac-8bd8534f48c3,2026-07-16T14:45:00Z,2026-07-16T16:45:00+0200,54237.15,MW,FR,FR,actual_load,Actual Load,2026-07-30T23:05:32Z
2026-07-30T23:03:49Z,2026-07-31T01:03:49+0200,f07b8511-917b-4433-baac-8bd8534f48c3,2026-07-16T15:00:00Z,2026-07-16T17:00:00+0200,53671.41,MW,FR,FR,actual_load,Actual Load,2026-07-30T23:05:32Z
2026-07-30T23:03:49Z,2026-07-31T01:03:49+0200,f07b8511-917b-4433-baac-8bd8534f48c3,2026-07-16T15:15:00Z,2026-07-16T17:15:00+0200,53768.53,MW,FR,FR,actual_load,Actual Load,2026-07-30T23:05:32Z
2026-07-30T23:03:49Z,2026-07-31T01:03:49+0200,f07b8511-917b-4433-baac-8bd8534f48c3,2026-07-16T15:30:00Z,2026-07-16T17:30:00+0200,53981.61,MW,FR,FR,actual_load,Actual Load,2026-07-30T23:05:32Z
2026-07-30T23:03:49Z,2026-07-31T01:03:49+0200,f07b8511-917b-4433-baac-8bd8534f48c3,2026-07-16T15:45:00Z,2026-07-16T17:45:00+0200,54134.39,MW,FR,FR,actual_load,Actual Load,2026-07-30T23:05:32Z
2026-07-30T23:03:49Z,2026-07-31T01:03:49+0200,f07b8511-917b-4433-baac-8bd8534f48c3,2026-07-16T16:00:00Z,2026-07-16T18:00:00+0200,54277.04,MW,FR,FR,actual_load,Actual Load,2026-07-30T23:05:32Z
2026-07-30T23:03:49Z,2026-07-31T01:03:49+0200,f07b8511-917b-4433-baac-8bd8534f48c3,2026-07-16T16:15:00Z,2026-07-16T18:15:00+0200,54363.04,MW,FR,FR,actual_load,Actual Load,2026-07-30T23:05:32Z
2026-07-30T23:03:49Z,2026-07-31T01:03:49+0200,f07b8511-917b-4433-baac-8bd8534f48c3,2026-07-16T16:30:00Z,2026-07-16T18:30:00+0200,54463.39,MW,FR,FR,actual_load,Actual Load,2026-07-30T23:05:32Z
2026-07-30T23:03:49Z,2026-07-31T01:03:49+0200,f07b8511-917b-4433-baac-8bd8534f48c3,2026-07-16T16:45:00Z,2026-07-16T18:45:00+0200,54829.76,MW,FR,FR,actual_load,Actual Load,2026-07-30T23:05:32Z
2026-07-30T23:03:49Z,2026-07-31T01:03:49+0200,f07b8511-917b-4433-baac-8bd8534f48c3,2026-07-16T17:00:00Z,2026-07-16T19:00:00+0200,54624.59,MW,FR,FR,actual_load,Actual Load,2026-07-30T23:05:32Z
2026-07-30T23:03:49Z,2026-07-31T01:03:49+0200,f07b8511-917b-4433-baac-8bd8534f48c3,2026-07-16T17:15:00Z,2026-07-16T19:15:00+0200,54322.98,MW,FR,FR,actual_load,Actual Load,2026-07-30T23:05:32Z
2026-07-30T23:03:49Z,2026-07-31T01:03:49+0200,f07b8511-917b-4433-baac-8bd8534f48c3,2026-07-16T17:30:00Z,2026-07-16T19:30:00+0200,54163.2,MW,FR,FR,actual_load,Actual Load,2026-07-30T23:05:32Z
2026-07-30T23:03:49Z,2026-07-31T01:03:49+0200,f07b8511-917b-4433-baac-8bd8534f48c3,2026-07-16T17:45:00Z,2026-07-16T19:45:00+0200,53817.7,MW,FR,FR,actual_load,Actual Load,2026-07-30T23:05:32Z
2026-07-30T23:03:49Z,2026-07-31T01:03:49+0200,f07b8511-917b-4433-baac-8bd8534f48c3,2026-07-16T18:00:00Z,2026-07-16T20:00:00+0200,53083.3,MW,FR,FR,actual_load,Actual Load,2026-07-30T23:05:32Z
2026-07-30T23:03:49Z,2026-07-31T01:03:49+0200,f07b8511-917b-4433-baac-8bd8534f48c3,2026-07-16T18:15:00Z,2026-07-16T20:15:00+0200,52096.13,MW,FR,FR,actual_load,Actual Load,2026-07-30T23:05:32Z
2026-07-30T23:03:49Z,2026-07-31T01:03:49+0200,f07b8511-917b-4433-baac-8bd8534f48c3,2026-07-16T18:30:00Z,2026-07-16T20:30:00+0200,51285.13,MW,FR,FR,actual_load,Actual Load,2026-07-30T23:05:32Z
2026-07-30T23:03:49Z,2026-07-31T01:03:49+0200,f07b8511-917b-4433-baac-8bd8534f48c3,2026-07-16T18:45:00Z,2026-07-16T20:45:00+0200,50655.25,MW,FR,FR,actual_load,Actual Load,2026-07-30T23:05:32Z
2026-07-30T23:03:49Z,2026-07-31T01:03:49+0200,f07b8511-917b-4433-baac-8bd8534f48c3,2026-07-16T19:00:00Z,2026-07-16T21:00:00+0200,50232.38,MW,FR,FR,actual_load,Actual Load,2026-07-30T23:05:32Z
2026-07-30T23:03:49Z,2026-07-31T01:03:49+0200,f07b8511-917b-4433-baac-8bd8534f48c3,2026-07-16T19:15:00Z,2026-07-16T21:15:00+0200,49729.43,MW,FR,FR,actual_load,Actual Load,2026-07-30T23:05:32Z
2026-07-30T23:03:49Z,2026-07-31T01:03:49+0200,f07b8511-917b-4433-baac-8bd8534f48c3,2026-07-16T19:30:00Z,2026-07-16T21:30:00+0200,49485.24,MW,FR,FR,actual_load,Actual Load,2026-07-30T23:05:32Z
2026-07-30T23:03:49Z,2026-07-31T01:03:49+0200,f07b8511-917b-4433-baac-8bd8534f48c3,2026-07-16T19:45:00Z,2026-07-16T21:45:00+0200,49152.7,MW,FR,FR,actual_load,Actual Load,2026-07-30T23:05:32Z
2026-07-30T23:03:49Z,2026-07-31T01:03:49+0200,f07b8511-917b-4433-baac-8bd8534f48c3,2026-07-16T20:00:00Z,2026-07-16T22:00:00+0200,50060.37,MW,FR,FR,actual_load,Actual Load,2026-07-30T23:05:32Z
2026-07-30T23:03:49Z,2026-07-31T01:03:49+0200,f07b8511-917b-4433-baac-8bd8534f48c3,2026-07-16T20:15:00Z,2026-07-16T22:15:00+0200,49801.49,MW,FR,FR,actual_load,Actual Load,2026-07-30T23:05:32Z
2026-07-30T23:03:49Z,2026-07-31T01:03:49+0200,f07b8511-917b-4433-baac-8bd8534f48c3,2026-07-16T20:30:00Z,2026-07-16T22:30:00+0200,50783.01,MW,FR,FR,actual_load,Actual Load,2026-07-30T23:05:32Z
2026-07-30T23:03:49Z,2026-07-31T01:03:49+0200,f07b8511-917b-4433-baac-8bd8534f48c3,2026-07-16T20:45:00Z,2026-07-16T22:45:00+0200,50101.96,MW,FR,FR,actual_load,Actual Load,2026-07-30T23:05:32Z
2026-07-30T23:03:49Z,2026-07-31T01:03:49+0200,f07b8511-917b-4433-baac-8bd8534f48c3,2026-07-16T21:00:00Z,2026-07-16T23:00:00+0200,49600.59,MW,FR,FR,actual_load,Actual Load,2026-07-30T23:05:32Z
2026-07-30T23:03:49Z,2026-07-31T01:03:49+0200,f07b8511-917b-4433-baac-8bd8534f48c3,2026-07-16T21:15:00Z,2026-07-16T23:15:00+0200,48529.79,MW,FR,FR,actual_load,Actual Load,2026-07-30T23:05:32Z
2026-07-30T23:03:49Z,2026-07-31T01:03:49+0200,f07b8511-917b-4433-baac-8bd8534f48c3,2026-07-16T21:30:00Z,2026-07-16T23:30:00+0200,48517.7,MW,FR,FR,actual_load,Actual Load,2026-07-30T23:05:32Z
2026-07-30T23:03:49Z,2026-07-31T01:03:49+0200,f07b8511-917b-4433-baac-8bd8534f48c3,2026-07-16T21:45:00Z,2026-07-16T23:45:00+0200,47388.25,MW,FR,FR,actual_load,Actual Load,2026-07-30T23:05:32Z
2026-07-30T23:03:49Z,2026-07-31T01:03:49+0200,f07b8511-917b-4433-baac-8bd8534f48c3,2026-07-16T22:00:00Z,2026-07-17T00:00:00+0200,46988.88,MW,FR,FR,actual_load,Actual Load,2026-07-30T23:05:32Z
2026-07-30T23:03:49Z,2026-07-31T01:03:49+0200,f07b8511-917b-4433-baac-8bd8534f48c3,2026-07-16T22:15:00Z,2026-07-17T00:15:00+0200,45766.36,MW,FR,FR,actual_load,Actual Load,2026-07-30T23:05:32Z
2026-07-30T23:03:49Z,2026-07-31T01:03:49+0200,f07b8511-917b-4433-baac-8bd8534f48c3,2026-07-16T22:30:00Z,2026-07-17T00:30:00+0200,44763.14,MW,FR,FR,actual_load,Actual Load,2026-07-30T23:05:32Z
2026-07-30T23:03:49Z,2026-07-31T01:03:49+0200,f07b8511-917b-4433-baac-8bd8534f48c3,2026-07-16T22:45:00Z,2026-07-17T00:45:00+0200,43709.59,MW,FR,FR,actual_load,Actual Load,2026-07-30T23:05:32Z
2026-07-30T23:03:49Z,2026-07-31T01:03:49+0200,f07b8511-917b-4433-baac-8bd8534f48c3,2026-07-16T23:00:00Z,2026-07-17T01:00:00+0200,43930.7,MW,FR,FR,actual_load,Actual Load,2026-07-30T23:05:32Z
2026-07-30T23:03:49Z,2026-07-31T01:03:49+0200,f07b8511-917b-4433-baac-8bd8534f48c3,2026-07-16T23:15:00Z,2026-07-17T01:15:00+0200,43463.05,MW,FR,FR,actual_load,Actual Load,2026-07-30T23:05:32Z
2026-07-30T23:03:49Z,2026-07-31T01:03:49+0200,f07b8511-917b-4433-baac-8bd8534f48c3,2026-07-16T23:30:00Z,2026-07-17T01:30:00+0200,43430.92,MW,FR,FR,actual_load,Actual Load,2026-07-30T23:05:32Z
2026-07-30T23:03:49Z,2026-07-31T01:03:49+0200,f07b8511-917b-4433-baac-8bd8534f48c3,2026-07-16T23:45:00Z,2026-07-17T01:45:00+0200,42546.7,MW,FR,FR,actual_load,Actual Load,2026-07-30T23:05:32Z
2026-07-30T23:03:49Z,2026-07-31T01:03:49+0200,f07b8511-917b-4433-baac-8bd8534f48c3,2026-07-17T00:00:00Z,2026-07-17T02:00:00+0200,42257.3,MW,FR,FR,actual_load,Actual Load,2026-07-30T23:05:32Z
2026-07-30T23:03:49Z,2026-07-31T01:03:49+0200,f07b8511-917b-4433-baac-8bd8534f48c3,2026-07-17T00:15:00Z,2026-07-17T02:15:00+0200,41408.32,MW,FR,FR,actual_load,Actual Load,2026-07-30T23:05:32Z
2026-07-30T23:03:49Z,2026-07-31T01:03:49+0200,f07b8511-917b-4433-baac-8bd8534f48c3,2026-07-17T00:30:00Z,2026-07-17T02:30:00+0200,40947.36,MW,FR,FR,actual_load,Actual Load,2026-07-30T23:05:32Z
2026-07-30T23:03:49Z,2026-07-31T01:03:49+0200,f07b8511-917b-4433-baac-8bd8534f48c3,2026-07-17T00:45:00Z,2026-07-17T02:45:00+0200,40346.11,MW,FR,FR,actual_load,Actual Load,2026-07-30T23:05:32Z
2026-07-30T23:03:49Z,2026-07-31T01:03:49+0200,f07b8511-917b-4433-baac-8bd8534f48c3,2026-07-17T01:00:00Z,2026-07-17T03:00:00+0200,39952.25,MW,FR,FR,actual_load,Actual Load,2026-07-30T23:05:32Z
2026-07-30T23:03:49Z,2026-07-31T01:03:49+0200,f07b8511-917b-4433-baac-8bd8534f48c3,2026-07-17T01:15:00Z,2026-07-17T03:15:00+0200,39647.3,MW,FR,FR,actual_load,Actual Load,2026-07-30T23:05:32Z
2026-07-30T23:03:49Z,2026-07-31T01:03:49+0200,f07b8511-917b-4433-baac-8bd8534f48c3,2026-07-17T01:30:00Z,2026-07-17T03:30:00+0200,39399.29,MW,FR,FR,actual_load,Actual Load,2026-07-30T23:05:32Z
2026-07-30T23:03:49Z,2026-07-31T01:03:49+0200,f07b8511-917b-4433-baac-8bd8534f48c3,2026-07-17T01:45:00Z,2026-07-17T03:45:00+0200,39237.38,MW,FR,FR,actual_load,Actual Load,2026-07-30T23:05:32Z
2026-07-30T23:03:49Z,2026-07-31T01:03:49+0200,f07b8511-917b-4433-baac-8bd8534f48c3,2026-07-17T02:00:00Z,2026-07-17T04:00:00+0200,39245.41,MW,FR,FR,actual_load,Actual Load,2026-07-30T23:05:32Z
2026-07-30T23:03:49Z,2026-07-31T01:03:49+0200,f07b8511-917b-4433-baac-8bd8534f48c3,2026-07-17T02:15:00Z,2026-07-17T04:15:00+0200,39135.99,MW,FR,FR,actual_load,Actual Load,2026-07-30T23:05:32Z
2026-07-30T23:03:49Z,2026-07-31T01:03:49+0200,f07b8511-917b-4433-baac-8bd8534f48c3,2026-07-17T02:30:00Z,2026-07-17T04:30:00+0200,39121.63,MW,FR,FR,actual_load,Actual Load,2026-07-30T23:05:32Z
2026-07-30T23:03:49Z,2026-07-31T01:03:49+0200,f07b8511-917b-4433-baac-8bd8534f48c3,2026-07-17T02:45:00Z,2026-07-17T04:45:00+0200,39063.09,MW,FR,FR,actual_load,Actual Load,2026-07-30T23:05:32Z
2026-07-30T23:03:49Z,2026-07-31T01:03:49+0200,f07b8511-917b-4433-baac-8bd8534f48c3,2026-07-17T03:00:00Z,2026-07-17T05:00:00+0200,39859.7,MW,FR,FR,actual_load,Actual Load,2026-07-30T23:05:32Z
2026-07-30T23:03:49Z,2026-07-31T01:03:49+0200,f07b8511-917b-4433-baac-8bd8534f48c3,2026-07-17T03:15:00Z,2026-07-17T05:15:00+0200,40381.32,MW,FR,FR,actual_load,Actual Load,2026-07-30T23:05:32Z
2026-07-30T23:03:49Z,2026-07-31T01:03:49+0200,f07b8511-917b-4433-baac-8bd8534f48c3,2026-07-17T03:30:00Z,2026-07-17T05:30:00+0200,40748.94,MW,FR,FR,actual_load,Actual Load,2026-07-30T23:05:32Z
2026-07-30T23:03:49Z,2026-07-31T01:03:49+0200,f07b8511-917b-4433-baac-8bd8534f48c3,2026-07-17T03:45:00Z,2026-07-17T05:45:00+0200,40910.41,MW,FR,FR,actual_load,Actual Load,2026-07-30T23:05:32Z
2026-07-30T23:03:49Z,2026-07-31T01:03:49+0200,f07b8511-917b-4433-baac-8bd8534f48c3,2026-07-17T04:00:00Z,2026-07-17T06:00:00+0200,41464.5,MW,FR,FR,actual_load,Actual Load,2026-07-30T23:05:32Z
2026-07-30T23:03:49Z,2026-07-31T01:03:49+0200,f07b8511-917b-4433-baac-8bd8534f48c3,2026-07-17T04:15:00Z,2026-07-17T06:15:00+0200,41944.66,MW,FR,FR,actual_load,Actual Load,2026-07-30T23:05:32Z
2026-07-30T23:03:49Z,2026-07-31T01:03:49+0200,f07b8511-917b-4433-baac-8bd8534f48c3,2026-07-17T04:30:00Z,2026-07-17T06:30:00+0200,42429.27,MW,FR,FR,actual_load,Actual Load,2026-07-30T23:05:32Z
2026-07-30T23:03:49Z,2026-07-31T01:03:49+0200,f07b8511-917b-4433-baac-8bd8534f48c3,2026-07-17T04:45:00Z,2026-07-17T06:45:00+0200,43038.86,MW,FR,FR,actual_load,Actual Load,2026-07-30T23:05:32Z
2026-07-30T23:03:49Z,2026-07-31T01:03:49+0200,f07b8511-917b-4433-baac-8bd8534f48c3,2026-07-17T05:00:00Z,2026-07-17T07:00:00+0200,43578.05,MW,FR,FR,actual_load,Actual Load,2026-07-30T23:05:32Z
2026-07-30T23:03:49Z,2026-07-31T01:03:49+0200,f07b8511-917b-4433-baac-8bd8534f48c3,2026-07-17T05:15:00Z,2026-07-17T07:15:00+0200,44292.23,MW,FR,FR,actual_load,Actual Load,2026-07-30T23:05:32Z
2026-07-30T23:03:49Z,2026-07-31T01:03:49+0200,f07b8511-917b-4433-baac-8bd8534f48c3,2026-07-17T05:30:00Z,2026-07-17T07:30:00+0200,44848.04,MW,FR,FR,actual_load,Actual Load,2026-07-30T23:05:32Z
2026-07-30T23:03:49Z,2026-07-31T01:03:49+0200,f07b8511-917b-4433-baac-8bd8534f48c3,2026-07-17T05:45:00Z,2026-07-17T07:45:00+0200,45517.09,MW,FR,FR,actual_load,Actual Load,2026-07-30T23:05:32Z
2026-07-30T23:03:49Z,2026-07-31T01:03:49+0200,f07b8511-917b-4433-baac-8bd8534f48c3,2026-07-17T06:00:00Z,2026-07-17T08:00:00+0200,46262.81,MW,FR,FR,actual_load,Actual Load,2026-07-30T23:05:32Z
2026-07-30T23:03:49Z,2026-07-31T01:03:49+0200,f07b8511-917b-4433-baac-8bd8534f48c3,2026-07-17T06:15:00Z,2026-07-17T08:15:00+0200,47060.91,MW,FR,FR,actual_load,Actual Load,2026-07-30T23:05:32Z
2026-07-30T23:03:49Z,2026-07-31T01:03:49+0200,f07b8511-917b-4433-baac-8bd8534f48c3,2026-07-17T06:30:00Z,2026-07-17T08:30:00+0200,47625.91,MW,FR,FR,actual_load,Actual Load,2026-07-30T23:05:32Z
2026-07-30T23:03:49Z,2026-07-31T01:03:49+0200,f07b8511-917b-4433-baac-8bd8534f48c3,2026-07-17T06:45:00Z,2026-07-17T08:45:00+0200,48190.17,MW,FR,FR,actual_load,Actual Load,2026-07-30T23:05:32Z
2026-07-30T23:03:49Z,2026-07-31T01:03:49+0200,f07b8511-917b-4433-baac-8bd8534f48c3,2026-07-17T07:00:00Z,2026-07-17T09:00:00+0200,48802.07,MW,FR,FR,actual_load,Actual Load,2026-07-30T23:05:32Z
2026-07-30T23:03:49Z,2026-07-31T01:03:49+0200,f07b8511-917b-4433-baac-8bd8534f48c3,2026-07-17T07:15:00Z,2026-07-17T09:15:00+0200,49195.39,MW,FR,FR,actual_load,Actual Load,2026-07-30T23:05:32Z
2026-07-30T23:03:49Z,2026-07-31T01:03:49+0200,f07b8511-917b-4433-baac-8bd8534f48c3,2026-07-17T07:30:00Z,2026-07-17T09:30:00+0200,49711.23,MW,FR,FR,actual_load,Actual Load,2026-07-30T23:05:32Z
2026-07-30T23:03:49Z,2026-07-31T01:03:49+0200,f07b8511-917b-4433-baac-8bd8534f48c3,2026-07-17T07:45:00Z,2026-07-17T09:45:00+0200,49947.52,MW,FR,FR,actual_load,Actual Load,2026-07-30T23:05:32Z
2026-07-30T23:03:49Z,2026-07-31T01:03:49+0200,f07b8511-917b-4433-baac-8bd8534f48c3,2026-07-17T08:00:00Z,2026-07-17T10:00:00+0200,50411.55,MW,FR,FR,actual_load,Actual Load,2026-07-30T23:05:32Z
2026-07-30T23:03:49Z,2026-07-31T01:03:49+0200,f07b8511-917b-4433-baac-8bd8534f48c3,2026-07-17T08:15:00Z,2026-07-17T10:15:00+0200,50969.46,MW,FR,FR,actual_load,Actual Load,2026-07-30T23:05:32Z
2026-07-30T23:03:49Z,2026-07-31T01:03:49+0200,f07b8511-917b-4433-baac-8bd8534f48c3,2026-07-17T08:30:00Z,2026-07-17T10:30:00+0200,51134.25,MW,FR,FR,actual_load,Actual Load,2026-07-30T23:05:32Z
2026-07-30T23:03:49Z,2026-07-31T01:03:49+0200,f07b8511-917b-4433-baac-8bd8534f48c3,2026-07-17T08:45:00Z,2026-07-17T10:45:00+0200,51353.71,MW,FR,FR,actual_load,Actual Load,2026-07-30T23:05:32Z
2026-07-30T23:03:49Z,2026-07-31T01:03:49+0200,f07b8511-917b-4433-baac-8bd8534f48c3,2026-07-17T09:00:00Z,2026-07-17T11:00:00+0200,51636.53,MW,FR,FR,actual_load,Actual Load,2026-07-30T23:05:32Z
2026-07-30T23:03:49Z,2026-07-31T01:03:49+0200,f07b8511-917b-4433-baac-8bd8534f48c3,2026-07-17T09:15:00Z,2026-07-17T11:15:00+0200,51864.3,MW,FR,FR,actual_load,Actual Load,2026-07-30T23:05:32Z
2026-07-30T23:03:49Z,2026-07-31T01:03:49+0200,f07b8511-917b-4433-baac-8bd8534f48c3,2026-07-17T09:30:00Z,2026-07-17T11:30:00+0200,51886.57,MW,FR,FR,actual_load,Actual Load,2026-07-30T23:05:32Z
2026-07-30T23:03:49Z,2026-07-31T01:03:49+0200,f07b8511-917b-4433-baac-8bd8534f48c3,2026-07-17T09:45:00Z,2026-07-17T11:45:00+0200,52288.29,MW,FR,FR,actual_load,Actual Load,2026-07-30T23:05:32Z
2026-07-30T23:03:49Z,2026-07-31T01:03:49+0200,f07b8511-917b-4433-baac-8bd8534f48c3,2026-07-17T10:00:00Z,2026-07-17T12:00:00+0200,52658.88,MW,FR,FR,actual_load,Actual Load,2026-07-30T23:05:32Z
2026-07-30T23:03:49Z,2026-07-31T01:03:49+0200,f07b8511-917b-4433-baac-8bd8534f48c3,2026-07-17T10:15:00Z,2026-07-17T12:15:00+0200,52946.54,MW,FR,FR,actual_load,Actual Load,2026-07-30T23:05:32Z
2026-07-30T23:03:49Z,2026-07-31T01:03:49+0200,f07b8511-917b-4433-baac-8bd8534f48c3,2026-07-17T10:30:00Z,2026-07-17T12:30:00+0200,53653.05,MW,FR,FR,actual_load,Actual Load,2026-07-30T23:05:32Z
2026-07-30T23:03:49Z,2026-07-31T01:03:49+0200,f07b8511-917b-4433-baac-8bd8534f48c3,2026-07-17T10:45:00Z,2026-07-17T12:45:00+0200,53416.58,MW,FR,FR,actual_load,Actual Load,2026-07-30T23:05:32Z
2026-07-30T23:03:49Z,2026-07-31T01:03:49+0200,f07b8511-917b-4433-baac-8bd8534f48c3,2026-07-17T11:00:00Z,2026-07-17T13:00:00+0200,53383.29,MW,FR,FR,actual_load,Actual Load,2026-07-30T23:05:32Z
2026-07-30T23:03:49Z,2026-07-31T01:03:49+0200,f07b8511-917b-4433-baac-8bd8534f48c3,2026-07-17T11:15:00Z,2026-07-17T13:15:00+0200,53118.33,MW,FR,FR,actual_load,Actual Load,2026-07-30T23:05:32Z
2026-07-30T23:03:49Z,2026-07-31T01:03:49+0200,f07b8511-917b-4433-baac-8bd8534f48c3,2026-07-17T11:30:00Z,2026-07-17T13:30:00+0200,53043.73,MW,FR,FR,actual_load,Actual Load,2026-07-30T23:05:32Z
2026-07-30T23:03:49Z,2026-07-31T01:03:49+0200,f07b8511-917b-4433-baac-8bd8534f48c3,2026-07-17T11:45:00Z,2026-07-17T13:45:00+0200,53159.0,MW,FR,FR,actual_load,Actual Load,2026-07-30T23:05:32Z
2026-07-30T23:03:49Z,2026-07-31T01:03:49+0200,f07b8511-917b-4433-baac-8bd8534f48c3,2026-07-17T12:00:00Z,2026-07-17T14:00:00+0200,54339.04,MW,FR,FR,actual_load,Actual Load,2026-07-30T23:05:32Z
2026-07-30T23:03:49Z,2026-07-31T01:03:49+0200,f07b8511-917b-4433-baac-8bd8534f48c3,2026-07-17T12:15:00Z,2026-07-17T14:15:00+0200,54111.18,MW,FR,FR,actual_load,Actual Load,2026-07-30T23:05:32Z
2026-07-30T23:03:49Z,2026-07-31T01:03:49+0200,f07b8511-917b-4433-baac-8bd8534f48c3,2026-07-17T12:30:00Z,2026-07-17T14:30:00+0200,54009.78,MW,FR,FR,actual_load,Actual Load,2026-07-30T23:05:32Z
2026-07-30T23:03:49Z,2026-07-31T01:03:49+0200,f07b8511-917b-4433-baac-8bd8534f48c3,2026-07-17T12:45:00Z,2026-07-17T14:45:00+0200,53567.76,MW,FR,FR,actual_load,Actual Load,2026-07-30T23:05:32Z
2026-07-30T23:03:49Z,2026-07-31T01:03:49+0200,f07b8511-917b-4433-baac-8bd8534f48c3,2026-07-17T13:00:00Z,2026-07-17T15:00:00+0200,53664.55,MW,FR,FR,actual_load,Actual Load,2026-07-30T23:05:32Z
2026-07-30T23:03:49Z,2026-07-31T01:03:49+0200,f07b8511-917b-4433-baac-8bd8534f48c3,2026-07-17T13:15:00Z,2026-07-17T15:15:00+0200,53212.85,MW,FR,FR,actual_load,Actual Load,2026-07-30T23:05:32Z
2026-07-30T23:03:49Z,2026-07-31T01:03:49+0200,f07b8511-917b-4433-baac-8bd8534f48c3,2026-07-17T13:30:00Z,2026-07-17T15:30:00+0200,52480.23,MW,FR,FR,actual_load,Actual Load,2026-07-30T23:05:32Z
2026-07-30T23:03:49Z,2026-07-31T01:03:49+0200,f07b8511-917b-4433-baac-8bd8534f48c3,2026-07-17T13:45:00Z,2026-07-17T15:45:00+0200,52135.46,MW,FR,FR,actual_load,Actual Load,2026-07-30T23:05:32Z
2026-07-30T23:03:49Z,2026-07-31T01:03:49+0200,f07b8511-917b-4433-baac-8bd8534f48c3,2026-07-17T14:00:00Z,2026-07-17T16:00:00+0200,51708.29,MW,FR,FR,actual_load,Actual Load,2026-07-30T23:05:32Z
2026-07-30T23:03:49Z,2026-07-31T01:03:49+0200,f07b8511-917b-4433-baac-8bd8534f48c3,2026-07-17T14:15:00Z,2026-07-17T16:15:00+0200,51034.61,MW,FR,FR,actual_load,Actual Load,2026-07-30T23:05:32Z
2026-07-30T23:03:49Z,2026-07-31T01:03:49+0200,f07b8511-917b-4433-baac-8bd8534f48c3,2026-07-17T14:30:00Z,2026-07-17T16:30:00+0200,50966.65,MW,FR,FR,actual_load,Actual Load,2026-07-30T23:05:32Z
2026-07-30T23:03:49Z,2026-07-31T01:03:49+0200,f07b8511-917b-4433-baac-8bd8534f48c3,2026-07-17T14:45:00Z,2026-07-17T16:45:00+0200,50755.48,MW,FR,FR,actual_load,Actual Load,2026-07-30T23:05:32Z
2026-07-30T23:03:49Z,2026-07-31T01:03:49+0200,f07b8511-917b-4433-baac-8bd8534f48c3,2026-07-17T15:00:00Z,2026-07-17T17:00:00+0200,50404.15,MW,FR,FR,actual_load,Actual Load,2026-07-30T23:05:32Z
2026-07-30T23:03:49Z,2026-07-31T01:03:49+0200,f07b8511-917b-4433-baac-8bd8534f48c3,2026-07-17T15:15:00Z,2026-07-17T17:15:00+0200,50563.26,MW,FR,FR,actual_load,Actual Load,2026-07-30T23:05:32Z
2026-07-30T23:03:49Z,2026-07-31T01:03:49+0200,f07b8511-917b-4433-baac-8bd8534f48c3,2026-07-17T15:30:00Z,2026-07-17T17:30:00+0200,51051.33,MW,FR,FR,actual_load,Actual Load,2026-07-30T23:05:32Z
2026-07-30T23:03:49Z,2026-07-31T01:03:49+0200,f07b8511-917b-4433-baac-8bd8534f48c3,2026-07-17T15:45:00Z,2026-07-17T17:45:00+0200,51267.61,MW,FR,FR,actual_load,Actual Load,2026-07-30T23:05:32Z
2026-07-30T23:03:49Z,2026-07-31T01:03:49+0200,f07b8511-917b-4433-baac-8bd8534f48c3,2026-07-17T16:00:00Z,2026-07-17T18:00:00+0200,51618.08,MW,FR,FR,actual_load,Actual Load,2026-07-30T23:05:32Z
2026-07-30T23:03:49Z,2026-07-31T01:03:49+0200,f07b8511-917b-4433-baac-8bd8534f48c3,2026-07-17T16:15:00Z,2026-07-17T18:15:00+0200,51668.95,MW,FR,FR,actual_load,Actual Load,2026-07-30T23:05:32Z
2026-07-30T23:03:49Z,2026-07-31T01:03:49+0200,f07b8511-917b-4433-baac-8bd8534f48c3,2026-07-17T16:30:00Z,2026-07-17T18:30:00+0200,51957.07,MW,FR,FR,actual_load,Actual Load,2026-07-30T23:05:32Z
2026-07-30T23:03:49Z,2026-07-31T01:03:49+0200,f07b8511-917b-4433-baac-8bd8534f48c3,2026-07-17T16:45:00Z,2026-07-17T18:45:00+0200,52296.16,MW,FR,FR,actual_load,Actual Load,2026-07-30T23:05:32Z
2026-07-30T23:03:49Z,2026-07-31T01:03:49+0200,f07b8511-917b-4433-baac-8bd8534f48c3,2026-07-17T17:00:00Z,2026-07-17T19:00:00+0200,52107.75,MW,FR,FR,actual_load,Actual Load,2026-07-30T23:05:32Z
2026-07-30T23:03:49Z,2026-07-31T01:03:49+0200,f07b8511-917b-4433-baac-8bd8534f48c3,2026-07-17T17:15:00Z,2026-07-17T19:15:00+0200,51996.35,MW,FR,FR,actual_load,Actual Load,2026-07-30T23:05:32Z
2026-07-30T23:03:49Z,2026-07-31T01:03:49+0200,f07b8511-917b-4433-baac-8bd8534f48c3,2026-07-17T17:30:00Z,2026-07-17T19:30:00+0200,51629.02,MW,FR,FR,actual_load,Actual Load,2026-07-30T23:05:32Z
2026-07-30T23:03:49Z,2026-07-31T01:03:49+0200,f07b8511-917b-4433-baac-8bd8534f48c3,2026-07-17T17:45:00Z,2026-07-17T19:45:00+0200,51322.17,MW,FR,FR,actual_load,Actual Load,2026-07-30T23:05:32Z
2026-07-30T23:03:49Z,2026-07-31T01:03:49+0200,f07b8511-917b-4433-baac-8bd8534f48c3,2026-07-17T18:00:00Z,2026-07-17T20:00:00+0200,50557.96,MW,FR,FR,actual_load,Actual Load,2026-07-30T23:05:32Z
2026-07-30T23:03:49Z,2026-07-31T01:03:49+0200,f07b8511-917b-4433-baac-8bd8534f48c3,2026-07-17T18:15:00Z,2026-07-17T20:15:00+0200,49607.79,MW,FR,FR,actual_load,Actual Load,2026-07-30T23:05:32Z
2026-07-30T23:03:49Z,2026-07-31T01:03:49+0200,f07b8511-917b-4433-baac-8bd8534f48c3,2026-07-17T18:30:00Z,2026-07-17T20:30:00+0200,49056.03,MW,FR,FR,actual_load,Actual Load,2026-07-30T23:05:32Z
2026-07-30T23:03:49Z,2026-07-31T01:03:49+0200,f07b8511-917b-4433-baac-8bd8534f48c3,2026-07-17T18:45:00Z,2026-07-17T20:45:00+0200,48548.66,MW,FR,FR,actual_load,Actual Load,2026-07-30T23:05:32Z
2026-07-30T23:03:49Z,2026-07-31T01:03:49+0200,f07b8511-917b-4433-baac-8bd8534f48c3,2026-07-17T19:00:00Z,2026-07-17T21:00:00+0200,48291.99,MW,FR,FR,actual_load,Actual Load,2026-07-30T23:05:32Z
2026-07-30T23:03:49Z,2026-07-31T01:03:49+0200,f07b8511-917b-4433-baac-8bd8534f48c3,2026-07-17T19:15:00Z,2026-07-17T21:15:00+0200,47956.04,MW,FR,FR,actual_load,Actual Load,2026-07-30T23:05:32Z
2026-07-30T23:03:49Z,2026-07-31T01:03:49+0200,f07b8511-917b-4433-baac-8bd8534f48c3,2026-07-17T19:30:00Z,2026-07-17T21:30:00+0200,47715.7,MW,FR,FR,actual_load,Actual Load,2026-07-30T23:05:32Z
2026-07-30T23:03:49Z,2026-07-31T01:03:49+0200,f07b8511-917b-4433-baac-8bd8534f48c3,2026-07-17T19:45:00Z,2026-07-17T21:45:00+0200,47479.96,MW,FR,FR,actual_load,Actual Load,2026-07-30T23:05:32Z
2026-07-30T23:03:49Z,2026-07-31T01:03:49+0200,f07b8511-917b-4433-baac-8bd8534f48c3,2026-07-17T20:00:00Z,2026-07-17T22:00:00+0200,48505.11,MW,FR,FR,actual_load,Actual Load,2026-07-30T23:05:32Z
2026-07-30T23:03:49Z,2026-07-31T01:03:49+0200,f07b8511-917b-4433-baac-8bd8534f48c3,2026-07-17T20:15:00Z,2026-07-17T22:15:00+0200,48383.29,MW,FR,FR,actual_load,Actual Load,2026-07-30T23:05:32Z
2026-07-30T23:03:49Z,2026-07-31T01:03:49+0200,f07b8511-917b-4433-baac-8bd8534f48c3,2026-07-17T20:30:00Z,2026-07-17T22:30:00+0200,49618.99,MW,FR,FR,actual_load,Actual Load,2026-07-30T23:05:32Z
2026-07-30T23:03:49Z,2026-07-31T01:03:49+0200,f07b8511-917b-4433-baac-8bd8534f48c3,2026-07-17T20:45:00Z,2026-07-17T22:45:00+0200,48827.52,MW,FR,FR,actual_load,Actual Load,2026-07-30T23:05:32Z
2026-07-30T23:03:49Z,2026-07-31T01:03:49+0200,f07b8511-917b-4433-baac-8bd8534f48c3,2026-07-17T21:00:00Z,2026-07-17T23:00:00+0200,48514.61,MW,FR,FR,actual_load,Actual Load,2026-07-30T23:05:32Z
2026-07-30T23:03:49Z,2026-07-31T01:03:49+0200,f07b8511-917b-4433-baac-8bd8534f48c3,2026-07-17T21:15:00Z,2026-07-17T23:15:00+0200,47537.72,MW,FR,FR,actual_load,Actual Load,2026-07-30T23:05:32Z
2026-07-30T23:03:49Z,2026-07-31T01:03:49+0200,f07b8511-917b-4433-baac-8bd8534f48c3,2026-07-17T21:30:00Z,2026-07-17T23:30:00+0200,47614.27,MW,FR,FR,actual_load,Actual Load,2026-07-30T23:05:32Z
2026-07-30T23:03:49Z,2026-07-31T01:03:49+0200,f07b8511-917b-4433-baac-8bd8534f48c3,2026-07-17T21:45:00Z,2026-07-17T23:45:00+0200,46414.82,MW,FR,FR,actual_load,Actual Load,2026-07-30T23:05:32Z
2026-07-30T23:03:49Z,2026-07-31T01:03:49+0200,f07b8511-917b-4433-baac-8bd8534f48c3,2026-07-17T22:00:00Z,2026-07-18T00:00:00+0200,46322.1,MW,FR,FR,actual_load,Actual Load,2026-07-30T23:05:32Z
2026-07-30T23:03:49Z,2026-07-31T01:03:49+0200,f07b8511-917b-4433-baac-8bd8534f48c3,2026-07-17T22:15:00Z,2026-07-18T00:15:00+0200,45047.74,MW,FR,FR,actual_load,Actual Load,2026-07-30T23:05:32Z
2026-07-30T23:03:49Z,2026-07-31T01:03:49+0200,f07b8511-917b-4433-baac-8bd8534f48c3,2026-07-17T22:30:00Z,2026-07-18T00:30:00+0200,43749.7,MW,FR,FR,actual_load,Actual Load,2026-07-30T23:05:32Z
2026-07-30T23:03:49Z,2026-07-31T01:03:49+0200,f07b8511-917b-4433-baac-8bd8534f48c3,2026-07-17T22:45:00Z,2026-07-18T00:45:00+0200,42713.36,MW,FR,FR,actual_load,Actual Load,2026-07-30T23:05:32Z
2026-07-30T23:03:49Z,2026-07-31T01:03:49+0200,f07b8511-917b-4433-baac-8bd8534f48c3,2026-07-17T23:00:00Z,2026-07-18T01:00:00+0200,42945.44,MW,FR,FR,actual_load,Actual Load,2026-07-30T23:05:32Z
2026-07-30T23:03:49Z,2026-07-31T01:03:49+0200,f07b8511-917b-4433-baac-8bd8534f48c3,2026-07-17T23:15:00Z,2026-07-18T01:15:00+0200,42296.0,MW,FR,FR,actual_load,Actual Load,2026-07-30T23:05:32Z
2026-07-30T23:03:49Z,2026-07-31T01:03:49+0200,f07b8511-917b-4433-baac-8bd8534f48c3,2026-07-17T23:30:00Z,2026-07-18T01:30:00+0200,42110.73,MW,FR,FR,actual_load,Actual Load,2026-07-30T23:05:32Z
2026-07-30T23:03:49Z,2026-07-31T01:03:49+0200,f07b8511-917b-4433-baac-8bd8534f48c3,2026-07-17T23:45:00Z,2026-07-18T01:45:00+0200,41267.68,MW,FR,FR,actual_load,Actual Load,2026-07-30T23:05:32Z
2026-07-30T23:03:49Z,2026-07-31T01:03:49+0200,f07b8511-917b-4433-baac-8bd8534f48c3,2026-07-18T00:00:00Z,2026-07-18T02:00:00+0200,40901.45,MW,FR,FR,actual_load,Actual Load,2026-07-30T23:05:32Z
2026-07-30T23:03:49Z,2026-07-31T01:03:49+0200,f07b8511-917b-4433-baac-8bd8534f48c3,2026-07-18T00:15:00Z,2026-07-18T02:15:00+0200,40025.85,MW,FR,FR,actual_load,Actual Load,2026-07-30T23:05:32Z
2026-07-30T23:03:49Z,2026-07-31T01:03:49+0200,f07b8511-917b-4433-baac-8bd8534f48c3,2026-07-18T00:30:00Z,2026-07-18T02:30:00+0200,39256.32,MW,FR,FR,actual_load,Actual Load,2026-07-30T23:05:32Z
2026-07-30T23:03:49Z,2026-07-31T01:03:49+0200,f07b8511-917b-4433-baac-8bd8534f48c3,2026-07-18T00:45:00Z,2026-07-18T02:45:00+0200,38544.88,MW,FR,FR,actual_load,Actual Load,2026-07-30T23:05:32Z
2026-07-30T23:03:49Z,2026-07-31T01:03:49+0200,f07b8511-917b-4433-baac-8bd8534f48c3,2026-07-18T01:00:00Z,2026-07-18T03:00:00+0200,38094.15,MW,FR,FR,actual_load,Actual Load,2026-07-30T23:05:32Z
2026-07-30T23:03:49Z,2026-07-31T01:03:49+0200,f07b8511-917b-4433-baac-8bd8534f48c3,2026-07-18T01:15:00Z,2026-07-18T03:15:00+0200,37723.91,MW,FR,FR,actual_load,Actual Load,2026-07-30T23:05:32Z
2026-07-30T23:03:49Z,2026-07-31T01:03:49+0200,f07b8511-917b-4433-baac-8bd8534f48c3,2026-07-18T01:30:00Z,2026-07-18T03:30:00+0200,37326.35,MW,FR,FR,actual_load,Actual Load,2026-07-30T23:05:32Z
2026-07-30T23:03:49Z,2026-07-31T01:03:49+0200,f07b8511-917b-4433-baac-8bd8534f48c3,2026-07-18T01:45:00Z,2026-07-18T03:45:00+0200,37056.04,MW,FR,FR,actual_load,Actual Load,2026-07-30T23:05:32Z
2026-07-30T23:03:49Z,2026-07-31T01:03:49+0200,f07b8511-917b-4433-baac-8bd8534f48c3,2026-07-18T02:00:00Z,2026-07-18T04:00:00+0200,36878.5,MW,FR,FR,actual_load,Actual Load,2026-07-30T23:05:32Z
2026-07-30T23:03:49Z,2026-07-31T01:03:49+0200,f07b8511-917b-4433-baac-8bd8534f48c3,2026-07-18T02:15:00Z,2026-07-18T04:15:00+0200,36640.04,MW,FR,FR,actual_load,Actual Load,2026-07-30T23:05:32Z
2026-07-30T23:03:49Z,2026-07-31T01:03:49+0200,f07b8511-917b-4433-baac-8bd8534f48c3,2026-07-18T02:30:00Z,2026-07-18T04:30:00+0200,36525.28,MW,FR,FR,actual_load,Actual Load,2026-07-30T23:05:32Z
2026-07-30T23:03:49Z,2026-07-31T01:03:49+0200,f07b8511-917b-4433-baac-8bd8534f48c3,2026-07-18T02:45:00Z,2026-07-18T04:45:00+0200,36338.56,MW,FR,FR,actual_load,Actual Load,2026-07-30T23:05:32Z
2026-07-30T23:03:49Z,2026-07-31T01:03:49+0200,f07b8511-917b-4433-baac-8bd8534f48c3,2026-07-18T03:00:00Z,2026-07-18T05:00:00+0200,36466.52,MW,FR,FR,actual_load,Actual Load,2026-07-30T23:05:32Z
2026-07-30T23:03:49Z,2026-07-31T01:03:49+0200,f07b8511-917b-4433-baac-8bd8534f48c3,2026-07-18T03:15:00Z,2026-07-18T05:15:00+0200,36373.35,MW,FR,FR,actual_load,Actual Load,2026-07-30T23:05:32Z
2026-07-30T23:03:49Z,2026-07-31T01:03:49+0200,f07b8511-917b-4433-baac-8bd8534f48c3,2026-07-18T03:30:00Z,2026-07-18T05:30:00+0200,36393.55,MW,FR,FR,actual_load,Actual Load,2026-07-30T23:05:32Z
2026-07-30T23:03:49Z,2026-07-31T01:03:49+0200,f07b8511-917b-4433-baac-8bd8534f48c3,2026-07-18T03:45:00Z,2026-07-18T05:45:00+0200,36319.52,MW,FR,FR,actual_load,Actual Load,2026-07-30T23:05:32Z
2026-07-30T23:03:49Z,2026-07-31T01:03:49+0200,f07b8511-917b-4433-baac-8bd8534f48c3,2026-07-18T04:00:00Z,2026-07-18T06:00:00+0200,36441.95,MW,FR,FR,actual_load,Actual Load,2026-07-30T23:05:32Z
2026-07-30T23:03:49Z,2026-07-31T01:03:49+0200,f07b8511-917b-4433-baac-8bd8534f48c3,2026-07-18T04:15:00Z,2026-07-18T06:15:00+0200,36474.4,MW,FR,FR,actual_load,Actual Load,2026-07-30T23:05:32Z
2026-07-30T23:03:49Z,2026-07-31T01:03:49+0200,f07b8511-917b-4433-baac-8bd8534f48c3,2026-07-18T04:30:00Z,2026-07-18T06:30:00+0200,36437.85,MW,FR,FR,actual_load,Actual Load,2026-07-30T23:05:32Z
2026-07-30T23:03:49Z,2026-07-31T01:03:49+0200,f07b8511-917b-4433-baac-8bd8534f48c3,2026-07-18T04:45:00Z,2026-07-18T06:45:00+0200,36478.68,MW,FR,FR,actual_load,Actual Load,2026-07-30T23:05:32Z
2026-07-30T23:03:49Z,2026-07-31T01:03:49+0200,f07b8511-917b-4433-baac-8bd8534f48c3,2026-07-18T05:00:00Z,2026-07-18T07:00:00+0200,36502.14,MW,FR,FR,actual_load,Actual Load,2026-07-30T23:05:32Z
2026-07-30T23:03:49Z,2026-07-31T01:03:49+0200,f07b8511-917b-4433-baac-8bd8534f48c3,2026-07-18T05:15:00Z,2026-07-18T07:15:00+0200,36666.19,MW,FR,FR,actual_load,Actual Load,2026-07-30T23:05:32Z
2026-07-30T23:03:49Z,2026-07-31T01:03:49+0200,f07b8511-917b-4433-baac-8bd8534f48c3,2026-07-18T05:30:00Z,2026-07-18T07:30:00+0200,37023.29,MW,FR,FR,actual_load,Actual Load,2026-07-30T23:05:32Z
2026-07-30T23:03:49Z,2026-07-31T01:03:49+0200,f07b8511-917b-4433-baac-8bd8534f48c3,2026-07-18T05:45:00Z,2026-07-18T07:45:00+0200,37571.25,MW,FR,FR,actual_load,Actual Load,2026-07-30T23:05:32Z
2026-07-30T23:03:49Z,2026-07-31T01:03:49+0200,f07b8511-917b-4433-baac-8bd8534f48c3,2026-07-18T06:00:00Z,2026-07-18T08:00:00+0200,37975.0,MW,FR,FR,actual_load,Actual Load,2026-07-30T23:05:32Z
2026-07-30T23:03:49Z,2026-07-31T01:03:49+0200,f07b8511-917b-4433-baac-8bd8534f48c3,2026-07-18T06:15:00Z,2026-07-18T08:15:00+0200,38294.25,MW,FR,FR,actual_load,Actual Load,2026-07-30T23:05:32Z
2026-07-30T23:03:49Z,2026-07-31T01:03:49+0200,f07b8511-917b-4433-baac-8bd8534f48c3,2026-07-18T06:30:00Z,2026-07-18T08:30:00+0200,39237.45,MW,FR,FR,actual_load,Actual Load,2026-07-30T23:05:32Z
2026-07-30T23:03:49Z,2026-07-31T01:03:49+0200,f07b8511-917b-4433-baac-8bd8534f48c3,2026-07-18T06:45:00Z,2026-07-18T08:45:00+0200,39485.59,MW,FR,FR,actual_load,Actual Load,2026-07-30T23:05:32Z
2026-07-30T23:03:49Z,2026-07-31T01:03:49+0200,f07b8511-917b-4433-baac-8bd8534f48c3,2026-07-18T07:00:00Z,2026-07-18T09:00:00+0200,40244.32,MW,FR,FR,actual_load,Actual Load,2026-07-30T23:05:32Z
2026-07-30T23:03:49Z,2026-07-31T01:03:49+0200,f07b8511-917b-4433-baac-8bd8534f48c3,2026-07-18T07:15:00Z,2026-07-18T09:15:00+0200,41119.25,MW,FR,FR,actual_load,Actual Load,2026-07-30T23:05:32Z
2026-07-30T23:03:49Z,2026-07-31T01:03:49+0200,f07b8511-917b-4433-baac-8bd8534f48c3,2026-07-18T07:30:00Z,2026-07-18T09:30:00+0200,41503.56,MW,FR,FR,actual_load,Actual Load,2026-07-30T23:05:32Z
2026-07-30T23:03:49Z,2026-07-31T01:03:49+0200,f07b8511-917b-4433-baac-8bd8534f48c3,2026-07-18T07:45:00Z,2026-07-18T09:45:00+0200,41798.14,MW,FR,FR,actual_load,Actual Load,2026-07-30T23:05:32Z
2026-07-30T23:03:49Z,2026-07-31T01:03:49+0200,f07b8511-917b-4433-baac-8bd8534f48c3,2026-07-18T08:00:00Z,2026-07-18T10:00:00+0200,42449.54,MW,FR,FR,actual_load,Actual Load,2026-07-30T23:05:32Z
2026-07-30T23:03:49Z,2026-07-31T01:03:49+0200,f07b8511-917b-4433-baac-8bd8534f48c3,2026-07-18T08:15:00Z,2026-07-18T10:15:00+0200,42853.36,MW,FR,FR,actual_load,Actual Load,2026-07-30T23:05:32Z
2026-07-30T23:03:49Z,2026-07-31T01:03:49+0200,f07b8511-917b-4433-baac-8bd8534f48c3,2026-07-18T08:30:00Z,2026-07-18T10:30:00+0200,43421.12,MW,FR,FR,actual_load,Actual Load,2026-07-30T23:05:32Z
2026-07-30T23:03:49Z,2026-07-31T01:03:49+0200,f07b8511-917b-4433-baac-8bd8534f48c3,2026-07-18T08:45:00Z,2026-07-18T10:45:00+0200,43697.14,MW,FR,FR,actual_load,Actual Load,2026-07-30T23:05:32Z
2026-07-30T23:03:49Z,2026-07-31T01:03:49+0200,f07b8511-917b-4433-baac-8bd8534f48c3,2026-07-18T09:00:00Z,2026-07-18T11:00:00+0200,44219.9,MW,FR,FR,actual_load,Actual Load,2026-07-30T23:05:32Z
2026-07-30T23:03:49Z,2026-07-31T01:03:49+0200,f07b8511-917b-4433-baac-8bd8534f48c3,2026-07-18T09:15:00Z,2026-07-18T11:15:00+0200,44438.04,MW,FR,FR,actual_load,Actual Load,2026-07-30T23:05:32Z
2026-07-30T23:03:49Z,2026-07-31T01:03:49+0200,f07b8511-917b-4433-baac-8bd8534f48c3,2026-07-18T09:30:00Z,2026-07-18T11:30:00+0200,44924.66,MW,FR,FR,actual_load,Actual Load,2026-07-30T23:05:32Z
2026-07-30T23:03:49Z,2026-07-31T01:03:49+0200,f07b8511-917b-4433-baac-8bd8534f48c3,2026-07-18T09:45:00Z,2026-07-18T11:45:00+0200,45465.86,MW,FR,FR,actual_load,Actual Load,2026-07-30T23:05:32Z
2026-07-30T23:03:49Z,2026-07-31T01:03:49+0200,f07b8511-917b-4433-baac-8bd8534f48c3,2026-07-18T10:00:00Z,2026-07-18T12:00:00+0200,46145.84,MW,FR,FR,actual_load,Actual Load,2026-07-30T23:05:32Z
2026-07-30T23:03:49Z,2026-07-31T01:03:49+0200,f07b8511-917b-4433-baac-8bd8534f48c3,2026-07-18T10:15:00Z,2026-07-18T12:15:00+0200,46568.82,MW,FR,FR,actual_load,Actual Load,2026-07-30T23:05:32Z
2026-07-30T23:03:49Z,2026-07-31T01:03:49+0200,f07b8511-917b-4433-baac-8bd8534f48c3,2026-07-18T10:30:00Z,2026-07-18T12:30:00+0200,47384.09,MW,FR,FR,actual_load,Actual Load,2026-07-30T23:05:32Z
2026-07-30T23:03:49Z,2026-07-31T01:03:49+0200,f07b8511-917b-4433-baac-8bd8534f48c3,2026-07-18T10:45:00Z,2026-07-18T12:45:00+0200,47297.63,MW,FR,FR,actual_load,Actual Load,2026-07-30T23:05:32Z
2026-07-30T23:03:49Z,2026-07-31T01:03:49+0200,f07b8511-917b-4433-baac-8bd8534f48c3,2026-07-18T11:00:00Z,2026-07-18T13:00:00+0200,47246.25,MW,FR,FR,actual_load,Actual Load,2026-07-30T23:05:32Z
2026-07-30T23:03:49Z,2026-07-31T01:03:49+0200,f07b8511-917b-4433-baac-8bd8534f48c3,2026-07-18T11:15:00Z,2026-07-18T13:15:00+0200,46895.0,MW,FR,FR,actual_load,Actual Load,2026-07-30T23:05:32Z
2026-07-30T23:03:49Z,2026-07-31T01:03:49+0200,f07b8511-917b-4433-baac-8bd8534f48c3,2026-07-18T11:30:00Z,2026-07-18T13:30:00+0200,46593.62,MW,FR,FR,actual_load,Actual Load,2026-07-30T23:05:32Z
2026-07-30T23:03:49Z,2026-07-31T01:03:49+0200,f07b8511-917b-4433-baac-8bd8534f48c3,2026-07-18T11:45:00Z,2026-07-18T13:45:00+0200,46455.57,MW,FR,FR,actual_load,Actual Load,2026-07-30T23:05:32Z
2026-07-30T23:03:49Z,2026-07-31T01:03:49+0200,f07b8511-917b-4433-baac-8bd8534f48c3,2026-07-18T12:00:00Z,2026-07-18T14:00:00+0200,47157.63,MW,FR,FR,actual_load,Actual Load,2026-07-30T23:05:32Z
2026-07-30T23:03:49Z,2026-07-31T01:03:49+0200,f07b8511-917b-4433-baac-8bd8534f48c3,2026-07-18T12:15:00Z,2026-07-18T14:15:00+0200,46809.89,MW,FR,FR,actual_load,Actual Load,2026-07-30T23:05:32Z
2026-07-30T23:03:49Z,2026-07-31T01:03:49+0200,f07b8511-917b-4433-baac-8bd8534f48c3,2026-07-18T12:30:00Z,2026-07-18T14:30:00+0200,47041.6,MW,FR,FR,actual_load,Actual Load,2026-07-30T23:05:32Z
2026-07-30T23:03:49Z,2026-07-31T01:03:49+0200,f07b8511-917b-4433-baac-8bd8534f48c3,2026-07-18T12:45:00Z,2026-07-18T14:45:00+0200,46592.11,MW,FR,FR,actual_load,Actual Load,2026-07-30T23:05:32Z
2026-07-30T23:03:49Z,2026-07-31T01:03:49+0200,f07b8511-917b-4433-baac-8bd8534f48c3,2026-07-18T13:00:00Z,2026-07-18T15:00:00+0200,46145.63,MW,FR,FR,actual_load,Actual Load,2026-07-30T23:05:32Z
2026-07-30T23:03:49Z,2026-07-31T01:03:49+0200,f07b8511-917b-4433-baac-8bd8534f48c3,2026-07-18T13:15:00Z,2026-07-18T15:15:00+0200,45584.88,MW,FR,FR,actual_load,Actual Load,2026-07-30T23:05:32Z
2026-07-30T23:03:49Z,2026-07-31T01:03:49+0200,f07b8511-917b-4433-baac-8bd8534f48c3,2026-07-18T13:30:00Z,2026-07-18T15:30:00+0200,45276.86,MW,FR,FR,actual_load,Actual Load,2026-07-30T23:05:32Z
2026-07-30T23:03:49Z,2026-07-31T01:03:49+0200,f07b8511-917b-4433-baac-8bd8534f48c3,2026-07-18T13:45:00Z,2026-07-18T15:45:00+0200,44959.35,MW,FR,FR,actual_load,Actual Load,2026-07-30T23:05:32Z
2026-07-30T23:03:49Z,2026-07-31T01:03:49+0200,f07b8511-917b-4433-baac-8bd8534f48c3,2026-07-18T14:00:00Z,2026-07-18T16:00:00+0200,45244.45,MW,FR,FR,actual_load,Actual Load,2026-07-30T23:05:32Z
2026-07-30T23:03:49Z,2026-07-31T01:03:49+0200,f07b8511-917b-4433-baac-8bd8534f48c3,2026-07-18T14:15:00Z,2026-07-18T16:15:00+0200,44716.46,MW,FR,FR,actual_load,Actual Load,2026-07-30T23:05:32Z
2026-07-30T23:03:49Z,2026-07-31T01:03:49+0200,f07b8511-917b-4433-baac-8bd8534f48c3,2026-07-18T14:30:00Z,2026-07-18T16:30:00+0200,44560.8,MW,FR,FR,actual_load,Actual Load,2026-07-30T23:05:32Z
2026-07-30T23:03:49Z,2026-07-31T01:03:49+0200,f07b8511-917b-4433-baac-8bd8534f48c3,2026-07-18T14:45:00Z,2026-07-18T16:45:00+0200,44729.26,MW,FR,FR,actual_load,Actual Load,2026-07-30T23:05:32Z
2026-07-30T23:03:49Z,2026-07-31T01:03:49+0200,f07b8511-917b-4433-baac-8bd8534f48c3,2026-07-18T15:00:00Z,2026-07-18T17:00:00+0200,44659.86,MW,FR,FR,actual_load,Actual Load,2026-07-30T23:05:32Z
2026-07-30T23:03:49Z,2026-07-31T01:03:49+0200,f07b8511-917b-4433-baac-8bd8534f48c3,2026-07-18T15:15:00Z,2026-07-18T17:15:00+0200,44544.24,MW,FR,FR,actual_load,Actual Load,2026-07-30T23:05:32Z
2026-07-30T23:03:49Z,2026-07-31T01:03:49+0200,f07b8511-917b-4433-baac-8bd8534f48c3,2026-07-18T15:30:00Z,2026-07-18T17:30:00+0200,44742.59,MW,FR,FR,actual_load,Actual Load,2026-07-30T23:05:32Z
2026-07-30T23:03:49Z,2026-07-31T01:03:49+0200,f07b8511-917b-4433-baac-8bd8534f48c3,2026-07-18T15:45:00Z,2026-07-18T17:45:00+0200,45162.05,MW,FR,FR,actual_load,Actual Load,2026-07-30T23:05:32Z
2026-07-30T23:03:49Z,2026-07-31T01:03:49+0200,f07b8511-917b-4433-baac-8bd8534f48c3,2026-07-18T16:00:00Z,2026-07-18T18:00:00+0200,45514.44,MW,FR,FR,actual_load,Actual Load,2026-07-30T23:05:32Z
2026-07-30T23:03:49Z,2026-07-31T01:03:49+0200,f07b8511-917b-4433-baac-8bd8534f48c3,2026-07-18T16:15:00Z,2026-07-18T18:15:00+0200,45656.57,MW,FR,FR,actual_load,Actual Load,2026-07-30T23:05:32Z
2026-07-30T23:03:49Z,2026-07-31T01:03:49+0200,f07b8511-917b-4433-baac-8bd8534f48c3,2026-07-18T16:30:00Z,2026-07-18T18:30:00+0200,45976.81,MW,FR,FR,actual_load,Actual Load,2026-07-30T23:05:32Z
2026-07-30T23:03:49Z,2026-07-31T01:03:49+0200,f07b8511-917b-4433-baac-8bd8534f48c3,2026-07-18T16:45:00Z,2026-07-18T18:45:00+0200,46306.76,MW,FR,FR,actual_load,Actual Load,2026-07-30T23:05:32Z
2026-07-30T23:03:49Z,2026-07-31T01:03:49+0200,f07b8511-917b-4433-baac-8bd8534f48c3,2026-07-18T17:00:00Z,2026-07-18T19:00:00+0200,46314.68,MW,FR,FR,actual_load,Actual Load,2026-07-30T23:05:32Z
2026-07-30T23:03:49Z,2026-07-31T01:03:49+0200,f07b8511-917b-4433-baac-8bd8534f48c3,2026-07-18T17:15:00Z,2026-07-18T19:15:00+0200,46419.91,MW,FR,FR,actual_load,Actual Load,2026-07-30T23:05:32Z
2026-07-30T23:03:49Z,2026-07-31T01:03:49+0200,f07b8511-917b-4433-baac-8bd8534f48c3,2026-07-18T17:30:00Z,2026-07-18T19:30:00+0200,46390.34,MW,FR,FR,actual_load,Actual Load,2026-07-30T23:05:32Z
2026-07-30T23:03:49Z,2026-07-31T01:03:49+0200,f07b8511-917b-4433-baac-8bd8534f48c3,2026-07-18T17:45:00Z,2026-07-18T19:45:00+0200,46090.72,MW,FR,FR,actual_load,Actual Load,2026-07-30T23:05:32Z
2026-07-30T23:03:49Z,2026-07-31T01:03:49+0200,f07b8511-917b-4433-baac-8bd8534f48c3,2026-07-18T18:00:00Z,2026-07-18T20:00:00+0200,45609.93,MW,FR,FR,actual_load,Actual Load,2026-07-30T23:05:32Z
2026-07-30T23:03:49Z,2026-07-31T01:03:49+0200,f07b8511-917b-4433-baac-8bd8534f48c3,2026-07-18T18:15:00Z,2026-07-18T20:15:00+0200,45100.26,MW,FR,FR,actual_load,Actual Load,2026-07-30T23:05:32Z
2026-07-30T23:03:49Z,2026-07-31T01:03:49+0200,f07b8511-917b-4433-baac-8bd8534f48c3,2026-07-18T18:30:00Z,2026-07-18T20:30:00+0200,44664.55,MW,FR,FR,actual_load,Actual Load,2026-07-30T23:05:32Z
2026-07-30T23:03:49Z,2026-07-31T01:03:49+0200,f07b8511-917b-4433-baac-8bd8534f48c3,2026-07-18T18:45:00Z,2026-07-18T20:45:00+0200,44305.2,MW,FR,FR,actual_load,Actual Load,2026-07-30T23:05:32Z
2026-07-30T23:03:49Z,2026-07-31T01:03:49+0200,f07b8511-917b-4433-baac-8bd8534f48c3,2026-07-18T19:00:00Z,2026-07-18T21:00:00+0200,44792.41,MW,FR,FR,actual_load,Actual Load,2026-07-30T23:05:32Z
2026-07-30T23:03:49Z,2026-07-31T01:03:49+0200,f07b8511-917b-4433-baac-8bd8534f48c3,2026-07-18T19:15:00Z,2026-07-18T21:15:00+0200,44358.55,MW,FR,FR,actual_load,Actual Load,2026-07-30T23:05:32Z
2026-07-30T23:03:49Z,2026-07-31T01:03:49+0200,f07b8511-917b-4433-baac-8bd8534f48c3,2026-07-18T19:30:00Z,2026-07-18T21:30:00+0200,43951.02,MW,FR,FR,actual_load,Actual Load,2026-07-30T23:05:32Z
2026-07-30T23:03:49Z,2026-07-31T01:03:49+0200,f07b8511-917b-4433-baac-8bd8534f48c3,2026-07-18T19:45:00Z,2026-07-18T21:45:00+0200,43971.98,MW,FR,FR,actual_load,Actual Load,2026-07-30T23:05:32Z
2026-07-30T23:03:49Z,2026-07-31T01:03:49+0200,f07b8511-917b-4433-baac-8bd8534f48c3,2026-07-18T20:00:00Z,2026-07-18T22:00:00+0200,45218.81,MW,FR,FR,actual_load,Actual Load,2026-07-30T23:05:32Z
2026-07-30T23:03:49Z,2026-07-31T01:03:49+0200,f07b8511-917b-4433-baac-8bd8534f48c3,2026-07-18T20:15:00Z,2026-07-18T22:15:00+0200,44907.66,MW,FR,FR,actual_load,Actual Load,2026-07-30T23:05:32Z
2026-07-30T23:03:49Z,2026-07-31T01:03:49+0200,f07b8511-917b-4433-baac-8bd8534f48c3,2026-07-18T20:30:00Z,2026-07-18T22:30:00+0200,46156.35,MW,FR,FR,actual_load,Actual Load,2026-07-30T23:05:32Z
2026-07-30T23:03:49Z,2026-07-31T01:03:49+0200,f07b8511-917b-4433-baac-8bd8534f48c3,2026-07-18T20:45:00Z,2026-07-18T22:45:00+0200,45704.7,MW,FR,FR,actual_load,Actual Load,2026-07-30T23:05:32Z
2026-07-30T23:03:49Z,2026-07-31T01:03:49+0200,f07b8511-917b-4433-baac-8bd8534f48c3,2026-07-18T21:00:00Z,2026-07-18T23:00:00+0200,45383.54,MW,FR,FR,actual_load,Actual Load,2026-07-30T23:05:32Z
2026-07-30T23:03:49Z,2026-07-31T01:03:49+0200,f07b8511-917b-4433-baac-8bd8534f48c3,2026-07-18T21:15:00Z,2026-07-18T23:15:00+0200,44433.2,MW,FR,FR,actual_load,Actual Load,2026-07-30T23:05:32Z
2026-07-30T23:03:49Z,2026-07-31T01:03:49+0200,f07b8511-917b-4433-baac-8bd8534f48c3,2026-07-18T21:30:00Z,2026-07-18T23:30:00+0200,44609.53,MW,FR,FR,actual_load,Actual Load,2026-07-30T23:05:32Z
2026-07-30T23:03:49Z,2026-07-31T01:03:49+0200,f07b8511-917b-4433-baac-8bd8534f48c3,2026-07-18T21:45:00Z,2026-07-18T23:45:00+0200,43784.2,MW,FR,FR,actual_load,Actual Load,2026-07-30T23:05:32Z
2026-07-30T23:03:49Z,2026-07-31T01:03:49+0200,f07b8511-917b-4433-baac-8bd8534f48c3,2026-07-18T22:00:00Z,2026-07-19T00:00:00+0200,43462.57,MW,FR,FR,actual_load,Actual Load,2026-07-30T23:05:32Z
2026-07-30T23:03:49Z,2026-07-31T01:03:49+0200,f07b8511-917b-4433-baac-8bd8534f48c3,2026-07-18T22:15:00Z,2026-07-19T00:15:00+0200,42294.61,MW,FR,FR,actual_load,Actual Load,2026-07-30T23:05:32Z
2026-07-30T23:03:49Z,2026-07-31T01:03:49+0200,f07b8511-917b-4433-baac-8bd8534f48c3,2026-07-18T22:30:00Z,2026-07-19T00:30:00+0200,41144.52,MW,FR,FR,actual_load,Actual Load,2026-07-30T23:05:32Z
2026-07-30T23:03:49Z,2026-07-31T01:03:49+0200,f07b8511-917b-4433-baac-8bd8534f48c3,2026-07-18T22:45:00Z,2026-07-19T00:45:00+0200,40268.01,MW,FR,FR,actual_load,Actual Load,2026-07-30T23:05:32Z
2026-07-30T23:03:49Z,2026-07-31T01:03:49+0200,f07b8511-917b-4433-baac-8bd8534f48c3,2026-07-18T23:00:00Z,2026-07-19T01:00:00+0200,40333.82,MW,FR,FR,actual_load,Actual Load,2026-07-30T23:05:32Z
2026-07-30T23:03:49Z,2026-07-31T01:03:49+0200,f07b8511-917b-4433-baac-8bd8534f48c3,2026-07-18T23:15:00Z,2026-07-19T01:15:00+0200,39735.26,MW,FR,FR,actual_load,Actual Load,2026-07-30T23:05:32Z
2026-07-30T23:03:49Z,2026-07-31T01:03:49+0200,f07b8511-917b-4433-baac-8bd8534f48c3,2026-07-18T23:30:00Z,2026-07-19T01:30:00+0200,39398.96,MW,FR,FR,actual_load,Actual Load,2026-07-30T23:05:32Z
2026-07-30T23:03:49Z,2026-07-31T01:03:49+0200,f07b8511-917b-4433-baac-8bd8534f48c3,2026-07-18T23:45:00Z,2026-07-19T01:45:00+0200,38527.55,MW,FR,FR,actual_load,Actual Load,2026-07-30T23:05:32Z
2026-07-30T23:03:49Z,2026-07-31T01:03:49+0200,f07b8511-917b-4433-baac-8bd8534f48c3,2026-07-19T00:00:00Z,2026-07-19T02:00:00+0200,38148.07,MW,FR,FR,actual_load,Actual Load,2026-07-30T23:05:32Z
2026-07-30T23:03:49Z,2026-07-31T01:03:49+0200,f07b8511-917b-4433-baac-8bd8534f48c3,2026-07-19T00:15:00Z,2026-07-19T02:15:00+0200,37229.8,MW,FR,FR,actual_load,Actual Load,2026-07-30T23:05:32Z
2026-07-30T23:03:49Z,2026-07-31T01:03:49+0200,f07b8511-917b-4433-baac-8bd8534f48c3,2026-07-19T00:30:00Z,2026-07-19T02:30:00+0200,36495.03,MW,FR,FR,actual_load,Actual Load,2026-07-30T23:05:32Z
2026-07-30T23:03:49Z,2026-07-31T01:03:49+0200,f07b8511-917b-4433-baac-8bd8534f48c3,2026-07-19T00:45:00Z,2026-07-19T02:45:00+0200,35744.61,MW,FR,FR,actual_load,Actual Load,2026-07-30T23:05:32Z
2026-07-30T23:03:49Z,2026-07-31T01:03:49+0200,f07b8511-917b-4433-baac-8bd8534f48c3,2026-07-19T01:00:00Z,2026-07-19T03:00:00+0200,35339.43,MW,FR,FR,actual_load,Actual Load,2026-07-30T23:05:32Z
2026-07-30T23:03:49Z,2026-07-31T01:03:49+0200,f07b8511-917b-4433-baac-8bd8534f48c3,2026-07-19T01:15:00Z,2026-07-19T03:15:00+0200,34930.21,MW,FR,FR,actual_load,Actual Load,2026-07-30T23:05:32Z
2026-07-30T23:03:49Z,2026-07-31T01:03:49+0200,f07b8511-917b-4433-baac-8bd8534f48c3,2026-07-19T01:30:00Z,2026-07-19T03:30:00+0200,34614.27,MW,FR,FR,actual_load,Actual Load,2026-07-30T23:05:32Z
2026-07-30T23:03:49Z,2026-07-31T01:03:49+0200,f07b8511-917b-4433-baac-8bd8534f48c3,2026-07-19T01:45:00Z,2026-07-19T03:45:00+0200,34321.59,MW,FR,FR,actual_load,Actual Load,2026-07-30T23:05:32Z
2026-07-30T23:03:49Z,2026-07-31T01:03:49+0200,f07b8511-917b-4433-baac-8bd8534f48c3,2026-07-19T02:00:00Z,2026-07-19T04:00:00+0200,34206.03,MW,FR,FR,actual_load,Actual Load,2026-07-30T23:05:32Z
2026-07-30T23:03:49Z,2026-07-31T01:03:49+0200,f07b8511-917b-4433-baac-8bd8534f48c3,2026-07-19T02:15:00Z,2026-07-19T04:15:00+0200,34021.18,MW,FR,FR,actual_load,Actual Load,2026-07-30T23:05:32Z
2026-07-30T23:03:49Z,2026-07-31T01:03:49+0200,f07b8511-917b-4433-baac-8bd8534f48c3,2026-07-19T02:30:00Z,2026-07-19T04:30:00+0200,33873.57,MW,FR,FR,actual_load,Actual Load,2026-07-30T23:05:32Z
2026-07-30T23:03:49Z,2026-07-31T01:03:49+0200,f07b8511-917b-4433-baac-8bd8534f48c3,2026-07-19T02:45:00Z,2026-07-19T04:45:00+0200,33769.5,MW,FR,FR,actual_load,Actual Load,2026-07-30T23:05:32Z
2026-07-30T23:03:49Z,2026-07-31T01:03:49+0200,f07b8511-917b-4433-baac-8bd8534f48c3,2026-07-19T03:00:00Z,2026-07-19T05:00:00+0200,33890.8,MW,FR,FR,actual_load,Actual Load,2026-07-30T23:05:32Z
2026-07-30T23:03:49Z,2026-07-31T01:03:49+0200,f07b8511-917b-4433-baac-8bd8534f48c3,2026-07-19T03:15:00Z,2026-07-19T05:15:00+0200,33785.82,MW,FR,FR,actual_load,Actual Load,2026-07-30T23:05:32Z
2026-07-30T23:03:49Z,2026-07-31T01:03:49+0200,f07b8511-917b-4433-baac-8bd8534f48c3,2026-07-19T03:30:00Z,2026-07-19T05:30:00+0200,33694.7,MW,FR,FR,actual_load,Actual Load,2026-07-30T23:05:32Z
2026-07-30T23:03:49Z,2026-07-31T01:03:49+0200,f07b8511-917b-4433-baac-8bd8534f48c3,2026-07-19T03:45:00Z,2026-07-19T05:45:00+0200,33360.41,MW,FR,FR,actual_load,Actual Load,2026-07-30T23:05:32Z
2026-07-30T23:03:49Z,2026-07-31T01:03:49+0200,f07b8511-917b-4433-baac-8bd8534f48c3,2026-07-19T04:00:00Z,2026-07-19T06:00:00+0200,33448.26,MW,FR,FR,actual_load,Actual Load,2026-07-30T23:05:32Z
2026-07-30T23:03:49Z,2026-07-31T01:03:49+0200,f07b8511-917b-4433-baac-8bd8534f48c3,2026-07-19T04:15:00Z,2026-07-19T06:15:00+0200,33476.85,MW,FR,FR,actual_load,Actual Load,2026-07-30T23:05:32Z
2026-07-30T23:03:49Z,2026-07-31T01:03:49+0200,f07b8511-917b-4433-baac-8bd8534f48c3,2026-07-19T04:30:00Z,2026-07-19T06:30:00+0200,33455.63,MW,FR,FR,actual_load,Actual Load,2026-07-30T23:05:32Z
2026-07-30T23:03:49Z,2026-07-31T01:03:49+0200,f07b8511-917b-4433-baac-8bd8534f48c3,2026-07-19T04:45:00Z,2026-07-19T06:45:00+0200,33499.11,MW,FR,FR,actual_load,Actual Load,2026-07-30T23:05:32Z
2026-07-30T23:03:49Z,2026-07-31T01:03:49+0200,f07b8511-917b-4433-baac-8bd8534f48c3,2026-07-19T05:00:00Z,2026-07-19T07:00:00+0200,33644.76,MW,FR,FR,actual_load,Actual Load,2026-07-30T23:05:32Z
2026-07-30T23:03:49Z,2026-07-31T01:03:49+0200,f07b8511-917b-4433-baac-8bd8534f48c3,2026-07-19T05:15:00Z,2026-07-19T07:15:00+0200,33894.92,MW,FR,FR,actual_load,Actual Load,2026-07-30T23:05:32Z
2026-07-30T23:03:49Z,2026-07-31T01:03:49+0200,f07b8511-917b-4433-baac-8bd8534f48c3,2026-07-19T05:30:00Z,2026-07-19T07:30:00+0200,34103.57,MW,FR,FR,actual_load,Actual Load,2026-07-30T23:05:32Z
2026-07-30T23:03:49Z,2026-07-31T01:03:49+0200,f07b8511-917b-4433-baac-8bd8534f48c3,2026-07-19T05:45:00Z,2026-07-19T07:45:00+0200,34369.93,MW,FR,FR,actual_load,Actual Load,2026-07-30T23:05:32Z
2026-07-30T23:03:49Z,2026-07-31T01:03:49+0200,f07b8511-917b-4433-baac-8bd8534f48c3,2026-07-19T06:00:00Z,2026-07-19T08:00:00+0200,34541.85,MW,FR,FR,actual_load,Actual Load,2026-07-30T23:05:32Z
2026-07-30T23:03:49Z,2026-07-31T01:03:49+0200,f07b8511-917b-4433-baac-8bd8534f48c3,2026-07-19T06:15:00Z,2026-07-19T08:15:00+0200,34627.0,MW,FR,FR,actual_load,Actual Load,2026-07-30T23:05:32Z
2026-07-30T23:03:49Z,2026-07-31T01:03:49+0200,f07b8511-917b-4433-baac-8bd8534f48c3,2026-07-19T06:30:00Z,2026-07-19T08:30:00+0200,35121.42,MW,FR,FR,actual_load,Actual Load,2026-07-30T23:05:32Z
2026-07-30T23:03:49Z,2026-07-31T01:03:49+0200,f07b8511-917b-4433-baac-8bd8534f48c3,2026-07-19T06:45:00Z,2026-07-19T08:45:00+0200,35360.36,MW,FR,FR,actual_load,Actual Load,2026-07-30T23:05:32Z
2026-07-30T23:03:49Z,2026-07-31T01:03:49+0200,f07b8511-917b-4433-baac-8bd8534f48c3,2026-07-19T07:00:00Z,2026-07-19T09:00:00+0200,35753.16,MW,FR,FR,actual_load,Actual Load,2026-07-30T23:05:32Z
2026-07-30T23:03:49Z,2026-07-31T01:03:49+0200,f07b8511-917b-4433-baac-8bd8534f48c3,2026-07-19T07:15:00Z,2026-07-19T09:15:00+0200,36274.82,MW,FR,FR,actual_load,Actual Load,2026-07-30T23:05:32Z
2026-07-30T23:03:49Z,2026-07-31T01:03:49+0200,f07b8511-917b-4433-baac-8bd8534f48c3,2026-07-19T07:30:00Z,2026-07-19T09:30:00+0200,36600.12,MW,FR,FR,actual_load,Actual Load,2026-07-30T23:05:32Z
2026-07-30T23:03:49Z,2026-07-31T01:03:49+0200,f07b8511-917b-4433-baac-8bd8534f48c3,2026-07-19T07:45:00Z,2026-07-19T09:45:00+0200,36874.29,MW,FR,FR,actual_load,Actual Load,2026-07-30T23:05:32Z
2026-07-30T23:03:49Z,2026-07-31T01:03:49+0200,f07b8511-917b-4433-baac-8bd8534f48c3,2026-07-19T08:00:00Z,2026-07-19T10:00:00+0200,37456.49,MW,FR,FR,actual_load,Actual Load,2026-07-30T23:05:32Z
2026-07-30T23:03:49Z,2026-07-31T01:03:49+0200,f07b8511-917b-4433-baac-8bd8534f48c3,2026-07-19T08:15:00Z,2026-07-19T10:15:00+0200,38061.04,MW,FR,FR,actual_load,Actual Load,2026-07-30T23:05:32Z
2026-07-30T23:03:49Z,2026-07-31T01:03:49+0200,f07b8511-917b-4433-baac-8bd8534f48c3,2026-07-19T08:30:00Z,2026-07-19T10:30:00+0200,38719.34,MW,FR,FR,actual_load,Actual Load,2026-07-30T23:05:32Z
2026-07-30T23:03:49Z,2026-07-31T01:03:49+0200,f07b8511-917b-4433-baac-8bd8534f48c3,2026-07-19T08:45:00Z,2026-07-19T10:45:00+0200,39314.84,MW,FR,FR,actual_load,Actual Load,2026-07-30T23:05:32Z
2026-07-30T23:03:49Z,2026-07-31T01:03:49+0200,f07b8511-917b-4433-baac-8bd8534f48c3,2026-07-19T09:00:00Z,2026-07-19T11:00:00+0200,39989.19,MW,FR,FR,actual_load,Actual Load,2026-07-30T23:05:32Z
2026-07-30T23:03:49Z,2026-07-31T01:03:49+0200,f07b8511-917b-4433-baac-8bd8534f48c3,2026-07-19T09:15:00Z,2026-07-19T11:15:00+0200,40011.98,MW,FR,FR,actual_load,Actual Load,2026-07-30T23:05:32Z
2026-07-30T23:03:49Z,2026-07-31T01:03:49+0200,f07b8511-917b-4433-baac-8bd8534f48c3,2026-07-19T09:30:00Z,2026-07-19T11:30:00+0200,40481.13,MW,FR,FR,actual_load,Actual Load,2026-07-30T23:05:32Z
2026-07-30T23:03:49Z,2026-07-31T01:03:49+0200,f07b8511-917b-4433-baac-8bd8534f48c3,2026-07-19T09:45:00Z,2026-07-19T11:45:00+0200,41518.33,MW,FR,FR,actual_load,Actual Load,2026-07-30T23:05:32Z
2026-07-30T23:03:49Z,2026-07-31T01:03:49+0200,f07b8511-917b-4433-baac-8bd8534f48c3,2026-07-19T10:00:00Z,2026-07-19T12:00:00+0200,42378.23,MW,FR,FR,actual_load,Actual Load,2026-07-30T23:05:32Z
2026-07-30T23:03:49Z,2026-07-31T01:03:49+0200,f07b8511-917b-4433-baac-8bd8534f48c3,2026-07-19T10:15:00Z,2026-07-19T12:15:00+0200,42949.47,MW,FR,FR,actual_load,Actual Load,2026-07-30T23:05:32Z
2026-07-30T23:03:49Z,2026-07-31T01:03:49+0200,f07b8511-917b-4433-baac-8bd8534f48c3,2026-07-19T10:30:00Z,2026-07-19T12:30:00+0200,43266.46,MW,FR,FR,actual_load,Actual Load,2026-07-30T23:05:32Z
2026-07-30T23:03:49Z,2026-07-31T01:03:49+0200,f07b8511-917b-4433-baac-8bd8534f48c3,2026-07-19T10:45:00Z,2026-07-19T12:45:00+0200,42597.39,MW,FR,FR,actual_load,Actual Load,2026-07-30T23:05:32Z
2026-07-30T23:03:49Z,2026-07-31T01:03:49+0200,f07b8511-917b-4433-baac-8bd8534f48c3,2026-07-19T11:00:00Z,2026-07-19T13:00:00+0200,42035.42,MW,FR,FR,actual_load,Actual Load,2026-07-30T23:05:32Z
2026-07-30T23:03:49Z,2026-07-31T01:03:49+0200,f07b8511-917b-4433-baac-8bd8534f48c3,2026-07-19T11:15:00Z,2026-07-19T13:15:00+0200,41398.34,MW,FR,FR,actual_load,Actual Load,2026-07-30T23:05:32Z
2026-07-30T23:03:49Z,2026-07-31T01:03:49+0200,f07b8511-917b-4433-baac-8bd8534f48c3,2026-07-19T11:30:00Z,2026-07-19T13:30:00+0200,40990.16,MW,FR,FR,actual_load,Actual Load,2026-07-30T23:05:32Z
2026-07-30T23:03:49Z,2026-07-31T01:03:49+0200,f07b8511-917b-4433-baac-8bd8534f48c3,2026-07-19T11:45:00Z,2026-07-19T13:45:00+0200,40959.29,MW,FR,FR,actual_load,Actual Load,2026-07-30T23:05:32Z
2026-07-30T23:03:49Z,2026-07-31T01:03:49+0200,f07b8511-917b-4433-baac-8bd8534f48c3,2026-07-19T12:00:00Z,2026-07-19T14:00:00+0200,41689.57,MW,FR,FR,actual_load,Actual Load,2026-07-30T23:05:32Z
2026-07-30T23:03:49Z,2026-07-31T01:03:49+0200,f07b8511-917b-4433-baac-8bd8534f48c3,2026-07-19T12:15:00Z,2026-07-19T14:15:00+0200,41391.25,MW,FR,FR,actual_load,Actual Load,2026-07-30T23:05:32Z
2026-07-30T23:03:49Z,2026-07-31T01:03:49+0200,f07b8511-917b-4433-baac-8bd8534f48c3,2026-07-19T12:30:00Z,2026-07-19T14:30:00+0200,41408.14,MW,FR,FR,actual_load,Actual Load,2026-07-30T23:05:32Z
2026-07-30T23:03:49Z,2026-07-31T01:03:49+0200,f07b8511-917b-4433-baac-8bd8534f48c3,2026-07-19T12:45:00Z,2026-07-19T14:45:00+0200,41068.91,MW,FR,FR,actual_load,Actual Load,2026-07-30T23:05:32Z
2026-07-30T23:03:49Z,2026-07-31T01:03:49+0200,f07b8511-917b-4433-baac-8bd8534f48c3,2026-07-19T13:00:00Z,2026-07-19T15:00:00+0200,41217.78,MW,FR,FR,actual_load,Actual Load,2026-07-30T23:05:32Z
2026-07-30T23:03:49Z,2026-07-31T01:03:49+0200,f07b8511-917b-4433-baac-8bd8534f48c3,2026-07-19T13:15:00Z,2026-07-19T15:15:00+0200,40770.66,MW,FR,FR,actual_load,Actual Load,2026-07-30T23:05:32Z
2026-07-30T23:03:49Z,2026-07-31T01:03:49+0200,f07b8511-917b-4433-baac-8bd8534f48c3,2026-07-19T13:30:00Z,2026-07-19T15:30:00+0200,40259.86,MW,FR,FR,actual_load,Actual Load,2026-07-30T23:05:32Z
2026-07-30T23:03:49Z,2026-07-31T01:03:49+0200,f07b8511-917b-4433-baac-8bd8534f48c3,2026-07-19T13:45:00Z,2026-07-19T15:45:00+0200,39899.39,MW,FR,FR,actual_load,Actual Load,2026-07-30T23:05:32Z
2026-07-30T23:03:49Z,2026-07-31T01:03:49+0200,f07b8511-917b-4433-baac-8bd8534f48c3,2026-07-19T14:00:00Z,2026-07-19T16:00:00+0200,39980.54,MW,FR,FR,actual_load,Actual Load,2026-07-30T23:05:32Z
2026-07-30T23:03:49Z,2026-07-31T01:03:49+0200,f07b8511-917b-4433-baac-8bd8534f48c3,2026-07-19T14:15:00Z,2026-07-19T16:15:00+0200,39882.8,MW,FR,FR,actual_load,Actual Load,2026-07-30T23:05:32Z
2026-07-30T23:03:49Z,2026-07-31T01:03:49+0200,f07b8511-917b-4433-baac-8bd8534f48c3,2026-07-19T14:30:00Z,2026-07-19T16:30:00+0200,39970.09,MW,FR,FR,actual_load,Actual Load,2026-07-30T23:05:32Z
2026-07-30T23:03:49Z,2026-07-31T01:03:49+0200,f07b8511-917b-4433-baac-8bd8534f48c3,2026-07-19T14:45:00Z,2026-07-19T16:45:00+0200,40017.09,MW,FR,FR,actual_load,Actual Load,2026-07-30T23:05:32Z
2026-07-30T23:03:49Z,2026-07-31T01:03:49+0200,f07b8511-917b-4433-baac-8bd8534f48c3,2026-07-19T15:00:00Z,2026-07-19T17:00:00+0200,40065.38,MW,FR,FR,actual_load,Actual Load,2026-07-30T23:05:32Z
2026-07-30T23:03:49Z,2026-07-31T01:03:49+0200,f07b8511-917b-4433-baac-8bd8534f48c3,2026-07-19T15:15:00Z,2026-07-19T17:15:00+0200,40392.32,MW,FR,FR,actual_load,Actual Load,2026-07-30T23:05:32Z
2026-07-30T23:03:49Z,2026-07-31T01:03:49+0200,f07b8511-917b-4433-baac-8bd8534f48c3,2026-07-19T15:30:00Z,2026-07-19T17:30:00+0200,41048.48,MW,FR,FR,actual_load,Actual Load,2026-07-30T23:05:32Z
2026-07-30T23:03:49Z,2026-07-31T01:03:49+0200,f07b8511-917b-4433-baac-8bd8534f48c3,2026-07-19T15:45:00Z,2026-07-19T17:45:00+0200,41664.15,MW,FR,FR,actual_load,Actual Load,2026-07-30T23:05:32Z
2026-07-30T23:03:49Z,2026-07-31T01:03:49+0200,f07b8511-917b-4433-baac-8bd8534f48c3,2026-07-19T16:00:00Z,2026-07-19T18:00:00+0200,42187.65,MW,FR,FR,actual_load,Actual Load,2026-07-30T23:05:32Z
2026-07-30T23:03:49Z,2026-07-31T01:03:49+0200,f07b8511-917b-4433-baac-8bd8534f48c3,2026-07-19T16:15:00Z,2026-07-19T18:15:00+0200,42865.22,MW,FR,FR,actual_load,Actual Load,2026-07-30T23:05:32Z
2026-07-30T23:03:49Z,2026-07-31T01:03:49+0200,f07b8511-917b-4433-baac-8bd8534f48c3,2026-07-19T16:30:00Z,2026-07-19T18:30:00+0200,43181.89,MW,FR,FR,actual_load,Actual Load,2026-07-30T23:05:32Z
2026-07-30T23:03:49Z,2026-07-31T01:03:49+0200,f07b8511-917b-4433-baac-8bd8534f48c3,2026-07-19T16:45:00Z,2026-07-19T18:45:00+0200,43919.14,MW,FR,FR,actual_load,Actual Load,2026-07-30T23:05:32Z
2026-07-30T23:03:49Z,2026-07-31T01:03:49+0200,f07b8511-917b-4433-baac-8bd8534f48c3,2026-07-19T17:00:00Z,2026-07-19T19:00:00+0200,44308.88,MW,FR,FR,actual_load,Actual Load,2026-07-30T23:05:32Z
2026-07-30T23:03:49Z,2026-07-31T01:03:49+0200,f07b8511-917b-4433-baac-8bd8534f48c3,2026-07-19T17:15:00Z,2026-07-19T19:15:00+0200,44422.42,MW,FR,FR,actual_load,Actual Load,2026-07-30T23:05:32Z
2026-07-30T23:03:49Z,2026-07-31T01:03:49+0200,f07b8511-917b-4433-baac-8bd8534f48c3,2026-07-19T17:30:00Z,2026-07-19T19:30:00+0200,44594.55,MW,FR,FR,actual_load,Actual Load,2026-07-30T23:05:32Z
2026-07-30T23:03:49Z,2026-07-31T01:03:49+0200,f07b8511-917b-4433-baac-8bd8534f48c3,2026-07-19T17:45:00Z,2026-07-19T19:45:00+0200,44582.77,MW,FR,FR,actual_load,Actual Load,2026-07-30T23:05:32Z
2026-07-30T23:03:49Z,2026-07-31T01:03:49+0200,f07b8511-917b-4433-baac-8bd8534f48c3,2026-07-19T18:00:00Z,2026-07-19T20:00:00+0200,44438.3,MW,FR,FR,actual_load,Actual Load,2026-07-30T23:05:32Z
2026-07-30T23:03:49Z,2026-07-31T01:03:49+0200,f07b8511-917b-4433-baac-8bd8534f48c3,2026-07-19T18:15:00Z,2026-07-19T20:15:00+0200,44230.18,MW,FR,FR,actual_load,Actual Load,2026-07-30T23:05:32Z
2026-07-30T23:03:49Z,2026-07-31T01:03:49+0200,f07b8511-917b-4433-baac-8bd8534f48c3,2026-07-19T18:30:00Z,2026-07-19T20:30:00+0200,44059.78,MW,FR,FR,actual_load,Actual Load,2026-07-30T23:05:32Z
2026-07-30T23:03:49Z,2026-07-31T01:03:49+0200,f07b8511-917b-4433-baac-8bd8534f48c3,2026-07-19T18:45:00Z,2026-07-19T20:45:00+0200,43994.89,MW,FR,FR,actual_load,Actual Load,2026-07-30T23:05:32Z
2026-07-30T23:03:49Z,2026-07-31T01:03:49+0200,f07b8511-917b-4433-baac-8bd8534f48c3,2026-07-19T19:00:00Z,2026-07-19T21:00:00+0200,44095.26,MW,FR,FR,actual_load,Actual Load,2026-07-30T23:05:32Z
2026-07-30T23:03:49Z,2026-07-31T01:03:49+0200,f07b8511-917b-4433-baac-8bd8534f48c3,2026-07-19T19:15:00Z,2026-07-19T21:15:00+0200,43676.14,MW,FR,FR,actual_load,Actual Load,2026-07-30T23:05:32Z
2026-07-30T23:03:49Z,2026-07-31T01:03:49+0200,f07b8511-917b-4433-baac-8bd8534f48c3,2026-07-19T19:30:00Z,2026-07-19T21:30:00+0200,43480.13,MW,FR,FR,actual_load,Actual Load,2026-07-30T23:05:32Z
2026-07-30T23:03:49Z,2026-07-31T01:03:49+0200,f07b8511-917b-4433-baac-8bd8534f48c3,2026-07-19T19:45:00Z,2026-07-19T21:45:00+0200,43220.75,MW,FR,FR,actual_load,Actual Load,2026-07-30T23:05:32Z
2026-07-30T23:03:49Z,2026-07-31T01:03:49+0200,f07b8511-917b-4433-baac-8bd8534f48c3,2026-07-19T20:00:00Z,2026-07-19T22:00:00+0200,44656.32,MW,FR,FR,actual_load,Actual Load,2026-07-30T23:05:32Z
2026-07-30T23:03:49Z,2026-07-31T01:03:49+0200,f07b8511-917b-4433-baac-8bd8534f48c3,2026-07-19T20:15:00Z,2026-07-19T22:15:00+0200,44438.09,MW,FR,FR,actual_load,Actual Load,2026-07-30T23:05:32Z
2026-07-30T23:03:49Z,2026-07-31T01:03:49+0200,f07b8511-917b-4433-baac-8bd8534f48c3,2026-07-19T20:30:00Z,2026-07-19T22:30:00+0200,45510.34,MW,FR,FR,actual_load,Actual Load,2026-07-30T23:05:32Z
2026-07-30T23:03:49Z,2026-07-31T01:03:49+0200,f07b8511-917b-4433-baac-8bd8534f48c3,2026-07-19T20:45:00Z,2026-07-19T22:45:00+0200,45229.05,MW,FR,FR,actual_load,Actual Load,2026-07-30T23:05:32Z
2026-07-30T23:03:49Z,2026-07-31T01:03:49+0200,f07b8511-917b-4433-baac-8bd8534f48c3,2026-07-19T21:00:00Z,2026-07-19T23:00:00+0200,44724.57,MW,FR,FR,actual_load,Actual Load,2026-07-30T23:05:32Z
2026-07-30T23:03:49Z,2026-07-31T01:03:49+0200,f07b8511-917b-4433-baac-8bd8534f48c3,2026-07-19T21:15:00Z,2026-07-19T23:15:00+0200,43699.58,MW,FR,FR,actual_load,Actual Load,2026-07-30T23:05:32Z
2026-07-30T23:03:49Z,2026-07-31T01:03:49+0200,f07b8511-917b-4433-baac-8bd8534f48c3,2026-07-19T21:30:00Z,2026-07-19T23:30:00+0200,43939.29,MW,FR,FR,actual_load,Actual Load,2026-07-30T23:05:32Z
2026-07-30T23:03:49Z,2026-07-31T01:03:49+0200,f07b8511-917b-4433-baac-8bd8534f48c3,2026-07-19T21:45:00Z,2026-07-19T23:45:00+0200,42943.5,MW,FR,FR,actual_load,Actual Load,2026-07-30T23:05:32Z
2026-07-30T23:03:49Z,2026-07-31T01:03:49+0200,f07b8511-917b-4433-baac-8bd8534f48c3,2026-07-19T22:00:00Z,2026-07-20T00:00:00+0200,42628.36,MW,FR,FR,actual_load,Actual Load,2026-07-30T23:05:32Z
2026-07-30T23:03:49Z,2026-07-31T01:03:49+0200,f07b8511-917b-4433-baac-8bd8534f48c3,2026-07-19T22:15:00Z,2026-07-20T00:15:00+0200,41561.76,MW,FR,FR,actual_load,Actual Load,2026-07-30T23:05:32Z
2026-07-30T23:03:49Z,2026-07-31T01:03:49+0200,f07b8511-917b-4433-baac-8bd8534f48c3,2026-07-19T22:30:00Z,2026-07-20T00:30:00+0200,40484.91,MW,FR,FR,actual_load,Actual Load,2026-07-30T23:05:32Z
2026-07-30T23:03:49Z,2026-07-31T01:03:49+0200,f07b8511-917b-4433-baac-8bd8534f48c3,2026-07-19T22:45:00Z,2026-07-20T00:45:00+0200,39597.08,MW,FR,FR,actual_load,Actual Load,2026-07-30T23:05:32Z
2026-07-30T23:03:49Z,2026-07-31T01:03:49+0200,f07b8511-917b-4433-baac-8bd8534f48c3,2026-07-19T23:00:00Z,2026-07-20T01:00:00+0200,39839.92,MW,FR,FR,actual_load,Actual Load,2026-07-30T23:05:32Z
2026-07-30T23:03:49Z,2026-07-31T01:03:49+0200,f07b8511-917b-4433-baac-8bd8534f48c3,2026-07-19T23:15:00Z,2026-07-20T01:15:00+0200,39032.09,MW,FR,FR,actual_load,Actual Load,2026-07-30T23:05:32Z
2026-07-30T23:03:49Z,2026-07-31T01:03:49+0200,f07b8511-917b-4433-baac-8bd8534f48c3,2026-07-19T23:30:00Z,2026-07-20T01:30:00+0200,38920.05,MW,FR,FR,actual_load,Actual Load,2026-07-30T23:05:32Z
2026-07-30T23:03:49Z,2026-07-31T01:03:49+0200,f07b8511-917b-4433-baac-8bd8534f48c3,2026-07-19T23:45:00Z,2026-07-20T01:45:00+0200,38086.94,MW,FR,FR,actual_load,Actual Load,2026-07-30T23:05:32Z
2026-07-30T23:03:49Z,2026-07-31T01:03:49+0200,f07b8511-917b-4433-baac-8bd8534f48c3,2026-07-20T00:00:00Z,2026-07-20T02:00:00+0200,37783.97,MW,FR,FR,actual_load,Actual Load,2026-07-30T23:05:32Z
2026-07-30T23:03:49Z,2026-07-31T01:03:49+0200,f07b8511-917b-4433-baac-8bd8534f48c3,2026-07-20T00:15:00Z,2026-07-20T02:15:00+0200,36960.46,MW,FR,FR,actual_load,Actual Load,2026-07-30T23:05:32Z
2026-07-30T23:03:49Z,2026-07-31T01:03:49+0200,f07b8511-917b-4433-baac-8bd8534f48c3,2026-07-20T00:30:00Z,2026-07-20T02:30:00+0200,36361.31,MW,FR,FR,actual_load,Actual Load,2026-07-30T23:05:32Z
2026-07-30T23:03:49Z,2026-07-31T01:03:49+0200,f07b8511-917b-4433-baac-8bd8534f48c3,2026-07-20T00:45:00Z,2026-07-20T02:45:00+0200,35730.79,MW,FR,FR,actual_load,Actual Load,2026-07-30T23:05:32Z
2026-07-30T23:03:49Z,2026-07-31T01:03:49+0200,f07b8511-917b-4433-baac-8bd8534f48c3,2026-07-20T01:00:00Z,2026-07-20T03:00:00+0200,35424.61,MW,FR,FR,actual_load,Actual Load,2026-07-30T23:05:32Z
2026-07-30T23:03:49Z,2026-07-31T01:03:49+0200,f07b8511-917b-4433-baac-8bd8534f48c3,2026-07-20T01:15:00Z,2026-07-20T03:15:00+0200,35068.96,MW,FR,FR,actual_load,Actual Load,2026-07-30T23:05:32Z
2026-07-30T23:03:49Z,2026-07-31T01:03:49+0200,f07b8511-917b-4433-baac-8bd8534f48c3,2026-07-20T01:30:00Z,2026-07-20T03:30:00+0200,34821.56,MW,FR,FR,actual_load,Actual Load,2026-07-30T23:05:32Z
2026-07-30T23:03:49Z,2026-07-31T01:03:49+0200,f07b8511-917b-4433-baac-8bd8534f48c3,2026-07-20T01:45:00Z,2026-07-20T03:45:00+0200,34776.8,MW,FR,FR,actual_load,Actual Load,2026-07-30T23:05:32Z
2026-07-30T23:03:49Z,2026-07-31T01:03:49+0200,f07b8511-917b-4433-baac-8bd8534f48c3,2026-07-20T02:00:00Z,2026-07-20T04:00:00+0200,34968.32,MW,FR,FR,actual_load,Actual Load,2026-07-30T23:05:32Z
2026-07-30T23:03:49Z,2026-07-31T01:03:49+0200,f07b8511-917b-4433-baac-8bd8534f48c3,2026-07-20T02:15:00Z,2026-07-20T04:15:00+0200,34907.24,MW,FR,FR,actual_load,Actual Load,2026-07-30T23:05:32Z
2026-07-30T23:03:49Z,2026-07-31T01:03:49+0200,f07b8511-917b-4433-baac-8bd8534f48c3,2026-07-20T02:30:00Z,2026-07-20T04:30:00+0200,34960.0,MW,FR,FR,actual_load,Actual Load,2026-07-30T23:05:32Z
2026-07-30T23:03:49Z,2026-07-31T01:03:49+0200,f07b8511-917b-4433-baac-8bd8534f48c3,2026-07-20T02:45:00Z,2026-07-20T04:45:00+0200,35100.43,MW,FR,FR,actual_load,Actual Load,2026-07-30T23:05:32Z
2026-07-30T23:03:49Z,2026-07-31T01:03:49+0200,f07b8511-917b-4433-baac-8bd8534f48c3,2026-07-20T03:00:00Z,2026-07-20T05:00:00+0200,35937.66,MW,FR,FR,actual_load,Actual Load,2026-07-30T23:05:32Z
2026-07-30T23:03:49Z,2026-07-31T01:03:49+0200,f07b8511-917b-4433-baac-8bd8534f48c3,2026-07-20T03:15:00Z,2026-07-20T05:15:00+0200,36525.57,MW,FR,FR,actual_load,Actual Load,2026-07-30T23:05:32Z
2026-07-30T23:03:49Z,2026-07-31T01:03:49+0200,f07b8511-917b-4433-baac-8bd8534f48c3,2026-07-20T03:30:00Z,2026-07-20T05:30:00+0200,37012.29,MW,FR,FR,actual_load,Actual Load,2026-07-30T23:05:32Z
2026-07-30T23:03:49Z,2026-07-31T01:03:49+0200,f07b8511-917b-4433-baac-8bd8534f48c3,2026-07-20T03:45:00Z,2026-07-20T05:45:00+0200,37385.81,MW,FR,FR,actual_load,Actual Load,2026-07-30T23:05:32Z
2026-07-30T23:03:49Z,2026-07-31T01:03:49+0200,f07b8511-917b-4433-baac-8bd8534f48c3,2026-07-20T04:00:00Z,2026-07-20T06:00:00+0200,38133.29,MW,FR,FR,actual_load,Actual Load,2026-07-30T23:05:32Z
2026-07-30T23:03:49Z,2026-07-31T01:03:49+0200,f07b8511-917b-4433-baac-8bd8534f48c3,2026-07-20T04:15:00Z,2026-07-20T06:15:00+0200,38871.98,MW,FR,FR,actual_load,Actual Load,2026-07-30T23:05:32Z
2026-07-30T23:03:49Z,2026-07-31T01:03:49+0200,f07b8511-917b-4433-baac-8bd8534f48c3,2026-07-20T04:30:00Z,2026-07-20T06:30:00+0200,39442.29,MW,FR,FR,actual_load,Actual Load,2026-07-30T23:05:32Z
2026-07-30T23:03:49Z,2026-07-31T01:03:49+0200,f07b8511-917b-4433-baac-8bd8534f48c3,2026-07-20T04:45:00Z,2026-07-20T06:45:00+0200,40032.18,MW,FR,FR,actual_load,Actual Load,2026-07-30T23:05:32Z
2026-07-30T23:03:49Z,2026-07-31T01:03:49+0200,f07b8511-917b-4433-baac-8bd8534f48c3,2026-07-20T05:00:00Z,2026-07-20T07:00:00+0200,40633.22,MW,FR,FR,actual_load,Actual Load,2026-07-30T23:05:32Z
2026-07-30T23:03:49Z,2026-07-31T01:03:49+0200,f07b8511-917b-4433-baac-8bd8534f48c3,2026-07-20T05:15:00Z,2026-07-20T07:15:00+0200,41417.16,MW,FR,FR,actual_load,Actual Load,2026-07-30T23:05:32Z
2026-07-30T23:03:49Z,2026-07-31T01:03:49+0200,f07b8511-917b-4433-baac-8bd8534f48c3,2026-07-20T05:30:00Z,2026-07-20T07:30:00+0200,41843.5,MW,FR,FR,actual_load,Actual Load,2026-07-30T23:05:32Z
2026-07-30T23:03:49Z,2026-07-31T01:03:49+0200,f07b8511-917b-4433-baac-8bd8534f48c3,2026-07-20T05:45:00Z,2026-07-20T07:45:00+0200,42714.1,MW,FR,FR,actual_load,Actual Load,2026-07-30T23:05:32Z
2026-07-30T23:03:49Z,2026-07-31T01:03:49+0200,f07b8511-917b-4433-baac-8bd8534f48c3,2026-07-20T06:00:00Z,2026-07-20T08:00:00+0200,43688.79,MW,FR,FR,actual_load,Actual Load,2026-07-30T23:05:32Z
2026-07-30T23:03:49Z,2026-07-31T01:03:49+0200,f07b8511-917b-4433-baac-8bd8534f48c3,2026-07-20T06:15:00Z,2026-07-20T08:15:00+0200,43943.23,MW,FR,FR,actual_load,Actual Load,2026-07-30T23:05:32Z
2026-07-30T23:03:49Z,2026-07-31T01:03:49+0200,f07b8511-917b-4433-baac-8bd8534f48c3,2026-07-20T06:30:00Z,2026-07-20T08:30:00+0200,44526.75,MW,FR,FR,actual_load,Actual Load,2026-07-30T23:05:32Z
2026-07-30T23:03:49Z,2026-07-31T01:03:49+0200,f07b8511-917b-4433-baac-8bd8534f48c3,2026-07-20T06:45:00Z,2026-07-20T08:45:00+0200,45028.92,MW,FR,FR,actual_load,Actual Load,2026-07-30T23:05:32Z
2026-07-30T23:03:49Z,2026-07-31T01:03:49+0200,f07b8511-917b-4433-baac-8bd8534f48c3,2026-07-20T07:00:00Z,2026-07-20T09:00:00+0200,45468.33,MW,FR,FR,actual_load,Actual Load,2026-07-30T23:05:32Z
2026-07-30T23:03:49Z,2026-07-31T01:03:49+0200,f07b8511-917b-4433-baac-8bd8534f48c3,2026-07-20T07:15:00Z,2026-07-20T09:15:00+0200,45890.12,MW,FR,FR,actual_load,Actual Load,2026-07-30T23:05:32Z
2026-07-30T23:03:49Z,2026-07-31T01:03:49+0200,f07b8511-917b-4433-baac-8bd8534f48c3,2026-07-20T07:30:00Z,2026-07-20T09:30:00+0200,46238.61,MW,FR,FR,actual_load,Actual Load,2026-07-30T23:05:32Z
2026-07-30T23:03:49Z,2026-07-31T01:03:49+0200,f07b8511-917b-4433-baac-8bd8534f48c3,2026-07-20T07:45:00Z,2026-07-20T09:45:00+0200,46559.15,MW,FR,FR,actual_load,Actual Load,2026-07-30T23:05:32Z
2026-07-30T23:03:49Z,2026-07-31T01:03:49+0200,f07b8511-917b-4433-baac-8bd8534f48c3,2026-07-20T08:00:00Z,2026-07-20T10:00:00+0200,46846.88,MW,FR,FR,actual_load,Actual Load,2026-07-30T23:05:32Z
2026-07-30T23:03:49Z,2026-07-31T01:03:49+0200,f07b8511-917b-4433-baac-8bd8534f48c3,2026-07-20T08:15:00Z,2026-07-20T10:15:00+0200,47249.3,MW,FR,FR,actual_load,Actual Load,2026-07-30T23:05:32Z
2026-07-30T23:03:49Z,2026-07-31T01:03:49+0200,f07b8511-917b-4433-baac-8bd8534f48c3,2026-07-20T08:30:00Z,2026-07-20T10:30:00+0200,47496.08,MW,FR,FR,actual_load,Actual Load,2026-07-30T23:05:32Z
2026-07-30T23:03:49Z,2026-07-31T01:03:49+0200,f07b8511-917b-4433-baac-8bd8534f48c3,2026-07-20T08:45:00Z,2026-07-20T10:45:00+0200,47708.79,MW,FR,FR,actual_load,Actual Load,2026-07-30T23:05:32Z
2026-07-30T23:03:49Z,2026-07-31T01:03:49+0200,f07b8511-917b-4433-baac-8bd8534f48c3,2026-07-20T09:00:00Z,2026-07-20T11:00:00+0200,48157.45,MW,FR,FR,actual_load,Actual Load,2026-07-30T23:05:32Z
2026-07-30T23:03:49Z,2026-07-31T01:03:49+0200,f07b8511-917b-4433-baac-8bd8534f48c3,2026-07-20T09:15:00Z,2026-07-20T11:15:00+0200,48523.99,MW,FR,FR,actual_load,Actual Load,2026-07-30T23:05:32Z
2026-07-30T23:03:49Z,2026-07-31T01:03:49+0200,f07b8511-917b-4433-baac-8bd8534f48c3,2026-07-20T09:30:00Z,2026-07-20T11:30:00+0200,48960.33,MW,FR,FR,actual_load,Actual Load,2026-07-30T23:05:32Z
2026-07-30T23:03:49Z,2026-07-31T01:03:49+0200,f07b8511-917b-4433-baac-8bd8534f48c3,2026-07-20T09:45:00Z,2026-07-20T11:45:00+0200,49065.43,MW,FR,FR,actual_load,Actual Load,2026-07-30T23:05:32Z
2026-07-30T23:03:49Z,2026-07-31T01:03:49+0200,f07b8511-917b-4433-baac-8bd8534f48c3,2026-07-20T10:00:00Z,2026-07-20T12:00:00+0200,48874.85,MW,FR,FR,actual_load,Actual Load,2026-07-30T23:05:32Z
2026-07-30T23:03:49Z,2026-07-31T01:03:49+0200,f07b8511-917b-4433-baac-8bd8534f48c3,2026-07-20T10:15:00Z,2026-07-20T12:15:00+0200,48847.07,MW,FR,FR,actual_load,Actual Load,2026-07-30T23:05:32Z
2026-07-30T23:03:49Z,2026-07-31T01:03:49+0200,f07b8511-917b-4433-baac-8bd8534f48c3,2026-07-20T10:30:00Z,2026-07-20T12:30:00+0200,49228.03,MW,FR,FR,actual_load,Actual Load,2026-07-30T23:05:32Z
2026-07-30T23:03:49Z,2026-07-31T01:03:49+0200,f07b8511-917b-4433-baac-8bd8534f48c3,2026-07-20T10:45:00Z,2026-07-20T12:45:00+0200,48993.6,MW,FR,FR,actual_load,Actual Load,2026-07-30T23:05:32Z
2026-07-30T23:03:49Z,2026-07-31T01:03:49+0200,f07b8511-917b-4433-baac-8bd8534f48c3,2026-07-20T11:00:00Z,2026-07-20T13:00:00+0200,49451.59,MW,FR,FR,actual_load,Actual Load,2026-07-30T23:05:32Z
2026-07-30T23:03:49Z,2026-07-31T01:03:49+0200,f07b8511-917b-4433-baac-8bd8534f48c3,2026-07-20T11:15:00Z,2026-07-20T13:15:00+0200,49345.29,MW,FR,FR,actual_load,Actual Load,2026-07-30T23:05:32Z
2026-07-30T23:03:49Z,2026-07-31T01:03:49+0200,f07b8511-917b-4433-baac-8bd8534f48c3,2026-07-20T11:30:00Z,2026-07-20T13:30:00+0200,49359.69,MW,FR,FR,actual_load,Actual Load,2026-07-30T23:05:32Z
2026-07-30T23:03:49Z,2026-07-31T01:03:49+0200,f07b8511-917b-4433-baac-8bd8534f48c3,2026-07-20T11:45:00Z,2026-07-20T13:45:00+0200,49639.43,MW,FR,FR,actual_load,Actual Load,2026-07-30T23:05:32Z
2026-07-30T23:03:49Z,2026-07-31T01:03:49+0200,f07b8511-917b-4433-baac-8bd8534f48c3,2026-07-20T12:00:00Z,2026-07-20T14:00:00+0200,50863.09,MW,FR,FR,actual_load,Actual Load,2026-07-30T23:05:32Z
2026-07-30T23:03:49Z,2026-07-31T01:03:49+0200,f07b8511-917b-4433-baac-8bd8534f48c3,2026-07-20T12:15:00Z,2026-07-20T14:15:00+0200,50521.22,MW,FR,FR,actual_load,Actual Load,2026-07-30T23:05:32Z
2026-07-30T23:03:49Z,2026-07-31T01:03:49+0200,f07b8511-917b-4433-baac-8bd8534f48c3,2026-07-20T12:30:00Z,2026-07-20T14:30:00+0200,50354.1,MW,FR,FR,actual_load,Actual Load,2026-07-30T23:05:32Z
2026-07-30T23:03:49Z,2026-07-31T01:03:49+0200,f07b8511-917b-4433-baac-8bd8534f48c3,2026-07-20T12:45:00Z,2026-07-20T14:45:00+0200,50198.55,MW,FR,FR,actual_load,Actual Load,2026-07-30T23:05:32Z
2026-07-30T23:03:49Z,2026-07-31T01:03:49+0200,f07b8511-917b-4433-baac-8bd8534f48c3,2026-07-20T13:00:00Z,2026-07-20T15:00:00+0200,50043.01,MW,FR,FR,actual_load,Actual Load,2026-07-30T23:05:32Z
2026-07-30T23:03:49Z,2026-07-31T01:03:49+0200,f07b8511-917b-4433-baac-8bd8534f48c3,2026-07-20T13:15:00Z,2026-07-20T15:15:00+0200,49400.16,MW,FR,FR,actual_load,Actual Load,2026-07-30T23:05:32Z
2026-07-30T23:03:49Z,2026-07-31T01:03:49+0200,f07b8511-917b-4433-baac-8bd8534f48c3,2026-07-20T13:30:00Z,2026-07-20T15:30:00+0200,48954.93,MW,FR,FR,actual_load,Actual Load,2026-07-30T23:05:32Z
2026-07-30T23:03:49Z,2026-07-31T01:03:49+0200,f07b8511-917b-4433-baac-8bd8534f48c3,2026-07-20T13:45:00Z,2026-07-20T15:45:00+0200,49068.13,MW,FR,FR,actual_load,Actual Load,2026-07-30T23:05:32Z
2026-07-30T23:03:49Z,2026-07-31T01:03:49+0200,f07b8511-917b-4433-baac-8bd8534f48c3,2026-07-20T14:00:00Z,2026-07-20T16:00:00+0200,48785.51,MW,FR,FR,actual_load,Actual Load,2026-07-30T23:05:32Z
2026-07-30T23:03:49Z,2026-07-31T01:03:49+0200,f07b8511-917b-4433-baac-8bd8534f48c3,2026-07-20T14:15:00Z,2026-07-20T16:15:00+0200,48440.0,MW,FR,FR,actual_load,Actual Load,2026-07-30T23:05:32Z
2026-07-30T23:03:49Z,2026-07-31T01:03:49+0200,f07b8511-917b-4433-baac-8bd8534f48c3,2026-07-20T14:30:00Z,2026-07-20T16:30:00+0200,48573.96,MW,FR,FR,actual_load,Actual Load,2026-07-30T23:05:32Z
2026-07-30T23:03:49Z,2026-07-31T01:03:49+0200,f07b8511-917b-4433-baac-8bd8534f48c3,2026-07-20T14:45:00Z,2026-07-20T16:45:00+0200,48257.57,MW,FR,FR,actual_load,Actual Load,2026-07-30T23:05:32Z
2026-07-30T23:03:49Z,2026-07-31T01:03:49+0200,f07b8511-917b-4433-baac-8bd8534f48c3,2026-07-20T15:00:00Z,2026-07-20T17:00:00+0200,48171.79,MW,FR,FR,actual_load,Actual Load,2026-07-30T23:05:32Z
2026-07-30T23:03:49Z,2026-07-31T01:03:49+0200,f07b8511-917b-4433-baac-8bd8534f48c3,2026-07-20T15:15:00Z,2026-07-20T17:15:00+0200,48292.02,MW,FR,FR,actual_load,Actual Load,2026-07-30T23:05:32Z
2026-07-30T23:03:49Z,2026-07-31T01:03:49+0200,f07b8511-917b-4433-baac-8bd8534f48c3,2026-07-20T15:30:00Z,2026-07-20T17:30:00+0200,48519.66,MW,FR,FR,actual_load,Actual Load,2026-07-30T23:05:32Z
2026-07-30T23:03:49Z,2026-07-31T01:03:49+0200,f07b8511-917b-4433-baac-8bd8534f48c3,2026-07-20T15:45:00Z,2026-07-20T17:45:00+0200,48881.13,MW,FR,FR,actual_load,Actual Load,2026-07-30T23:05:32Z
2026-07-30T23:03:49Z,2026-07-31T01:03:49+0200,f07b8511-917b-4433-baac-8bd8534f48c3,2026-07-20T16:00:00Z,2026-07-20T18:00:00+0200,49309.48,MW,FR,FR,actual_load,Actual Load,2026-07-30T23:05:32Z
2026-07-30T23:03:49Z,2026-07-31T01:03:49+0200,f07b8511-917b-4433-baac-8bd8534f48c3,2026-07-20T16:15:00Z,2026-07-20T18:15:00+0200,49503.62,MW,FR,FR,actual_load,Actual Load,2026-07-30T23:05:32Z
2026-07-30T23:03:49Z,2026-07-31T01:03:49+0200,f07b8511-917b-4433-baac-8bd8534f48c3,2026-07-20T16:30:00Z,2026-07-20T18:30:00+0200,49927.18,MW,FR,FR,actual_load,Actual Load,2026-07-30T23:05:32Z
2026-07-30T23:03:49Z,2026-07-31T01:03:49+0200,f07b8511-917b-4433-baac-8bd8534f48c3,2026-07-20T16:45:00Z,2026-07-20T18:45:00+0200,50574.34,MW,FR,FR,actual_load,Actual Load,2026-07-30T23:05:32Z
2026-07-30T23:03:49Z,2026-07-31T01:03:49+0200,f07b8511-917b-4433-baac-8bd8534f48c3,2026-07-20T17:00:00Z,2026-07-20T19:00:00+0200,50817.55,MW,FR,FR,actual_load,Actual Load,2026-07-30T23:05:32Z
2026-07-30T23:03:49Z,2026-07-31T01:03:49+0200,f07b8511-917b-4433-baac-8bd8534f48c3,2026-07-20T17:15:00Z,2026-07-20T19:15:00+0200,50714.91,MW,FR,FR,actual_load,Actual Load,2026-07-30T23:05:32Z
2026-07-30T23:03:49Z,2026-07-31T01:03:49+0200,f07b8511-917b-4433-baac-8bd8534f48c3,2026-07-20T17:30:00Z,2026-07-20T19:30:00+0200,50384.25,MW,FR,FR,actual_load,Actual Load,2026-07-30T23:05:32Z
2026-07-30T23:03:49Z,2026-07-31T01:03:49+0200,f07b8511-917b-4433-baac-8bd8534f48c3,2026-07-20T17:45:00Z,2026-07-20T19:45:00+0200,50219.54,MW,FR,FR,actual_load,Actual Load,2026-07-30T23:05:32Z
2026-07-30T23:03:49Z,2026-07-31T01:03:49+0200,f07b8511-917b-4433-baac-8bd8534f48c3,2026-07-20T18:00:00Z,2026-07-20T20:00:00+0200,49666.59,MW,FR,FR,actual_load,Actual Load,2026-07-30T23:05:32Z
2026-07-30T23:03:49Z,2026-07-31T01:03:49+0200,f07b8511-917b-4433-baac-8bd8534f48c3,2026-07-20T18:15:00Z,2026-07-20T20:15:00+0200,48907.84,MW,FR,FR,actual_load,Actual Load,2026-07-30T23:05:32Z
2026-07-30T23:03:49Z,2026-07-31T01:03:49+0200,f07b8511-917b-4433-baac-8bd8534f48c3,2026-07-20T18:30:00Z,2026-07-20T20:30:00+0200,48267.49,MW,FR,FR,actual_load,Actual Load,2026-07-30T23:05:32Z
2026-07-30T23:03:49Z,2026-07-31T01:03:49+0200,f07b8511-917b-4433-baac-8bd8534f48c3,2026-07-20T18:45:00Z,2026-07-20T20:45:00+0200,47772.77,MW,FR,FR,actual_load,Actual Load,2026-07-30T23:05:32Z
2026-07-30T23:03:49Z,2026-07-31T01:03:49+0200,f07b8511-917b-4433-baac-8bd8534f48c3,2026-07-20T19:00:00Z,2026-07-20T21:00:00+0200,47423.42,MW,FR,FR,actual_load,Actual Load,2026-07-30T23:05:32Z
2026-07-30T23:03:49Z,2026-07-31T01:03:49+0200,f07b8511-917b-4433-baac-8bd8534f48c3,2026-07-20T19:15:00Z,2026-07-20T21:15:00+0200,46957.82,MW,FR,FR,actual_load,Actual Load,2026-07-30T23:05:32Z
2026-07-30T23:03:49Z,2026-07-31T01:03:49+0200,f07b8511-917b-4433-baac-8bd8534f48c3,2026-07-20T19:30:00Z,2026-07-20T21:30:00+0200,46699.4,MW,FR,FR,actual_load,Actual Load,2026-07-30T23:05:32Z
2026-07-30T23:03:49Z,2026-07-31T01:03:49+0200,f07b8511-917b-4433-baac-8bd8534f48c3,2026-07-20T19:45:00Z,2026-07-20T21:45:00+0200,46569.31,MW,FR,FR,actual_load,Actual Load,2026-07-30T23:05:32Z
2026-07-30T23:03:49Z,2026-07-31T01:03:49+0200,f07b8511-917b-4433-baac-8bd8534f48c3,2026-07-20T20:00:00Z,2026-07-20T22:00:00+0200,47715.73,MW,FR,FR,actual_load,Actual Load,2026-07-30T23:05:32Z
2026-07-30T23:03:49Z,2026-07-31T01:03:49+0200,f07b8511-917b-4433-baac-8bd8534f48c3,2026-07-20T20:15:00Z,2026-07-20T22:15:00+0200,47395.44,MW,FR,FR,actual_load,Actual Load,2026-07-30T23:05:32Z
2026-07-30T23:03:49Z,2026-07-31T01:03:49+0200,f07b8511-917b-4433-baac-8bd8534f48c3,2026-07-20T20:30:00Z,2026-07-20T22:30:00+0200,48409.01,MW,FR,FR,actual_load,Actual Load,2026-07-30T23:05:32Z
2026-07-30T23:03:49Z,2026-07-31T01:03:49+0200,f07b8511-917b-4433-baac-8bd8534f48c3,2026-07-20T20:45:00Z,2026-07-20T22:45:00+0200,47785.82,MW,FR,FR,actual_load,Actual Load,2026-07-30T23:05:32Z
2026-07-30T23:03:49Z,2026-07-31T01:03:49+0200,f07b8511-917b-4433-baac-8bd8534f48c3,2026-07-20T21:00:00Z,2026-07-20T23:00:00+0200,47343.2,MW,FR,FR,actual_load,Actual Load,2026-07-30T23:05:32Z
2026-07-30T23:03:49Z,2026-07-31T01:03:49+0200,f07b8511-917b-4433-baac-8bd8534f48c3,2026-07-20T21:15:00Z,2026-07-20T23:15:00+0200,46120.5,MW,FR,FR,actual_load,Actual Load,2026-07-30T23:05:32Z
2026-07-30T23:03:49Z,2026-07-31T01:03:49+0200,f07b8511-917b-4433-baac-8bd8534f48c3,2026-07-20T21:30:00Z,2026-07-20T23:30:00+0200,46259.22,MW,FR,FR,actual_load,Actual Load,2026-07-30T23:05:32Z
2026-07-30T23:03:49Z,2026-07-31T01:03:49+0200,f07b8511-917b-4433-baac-8bd8534f48c3,2026-07-20T21:45:00Z,2026-07-20T23:45:00+0200,45132.87,MW,FR,FR,actual_load,Actual Load,2026-07-30T23:05:32Z
2026-07-30T23:03:49Z,2026-07-31T01:03:49+0200,f07b8511-917b-4433-baac-8bd8534f48c3,2026-07-20T22:00:00Z,2026-07-21T00:00:00+0200,44875.04,MW,FR,FR,actual_load,Actual Load,2026-07-30T23:05:32Z
2026-07-30T23:03:49Z,2026-07-31T01:03:49+0200,f07b8511-917b-4433-baac-8bd8534f48c3,2026-07-20T22:15:00Z,2026-07-21T00:15:00+0200,43767.71,MW,FR,FR,actual_load,Actual Load,2026-07-30T23:05:32Z
2026-07-30T23:03:49Z,2026-07-31T01:03:49+0200,f07b8511-917b-4433-baac-8bd8534f48c3,2026-07-20T22:30:00Z,2026-07-21T00:30:00+0200,42666.48,MW,FR,FR,actual_load,Actual Load,2026-07-30T23:05:32Z
2026-07-30T23:03:49Z,2026-07-31T01:03:49+0200,f07b8511-917b-4433-baac-8bd8534f48c3,2026-07-20T22:45:00Z,2026-07-21T00:45:00+0200,41617.26,MW,FR,FR,actual_load,Actual Load,2026-07-30T23:05:32Z
2026-07-30T23:03:49Z,2026-07-31T01:03:49+0200,f07b8511-917b-4433-baac-8bd8534f48c3,2026-07-20T23:00:00Z,2026-07-21T01:00:00+0200,41907.61,MW,FR,FR,actual_load,Actual Load,2026-07-30T23:05:32Z
2026-07-30T23:03:49Z,2026-07-31T01:03:49+0200,f07b8511-917b-4433-baac-8bd8534f48c3,2026-07-20T23:15:00Z,2026-07-21T01:15:00+0200,41347.07,MW,FR,FR,actual_load,Actual Load,2026-07-30T23:05:32Z
2026-07-30T23:03:49Z,2026-07-31T01:03:49+0200,f07b8511-917b-4433-baac-8bd8534f48c3,2026-07-20T23:30:00Z,2026-07-21T01:30:00+0200,41140.09,MW,FR,FR,actual_load,Actual Load,2026-07-30T23:05:32Z
2026-07-30T23:03:49Z,2026-07-31T01:03:49+0200,f07b8511-917b-4433-baac-8bd8534f48c3,2026-07-20T23:45:00Z,2026-07-21T01:45:00+0200,40279.38,MW,FR,FR,actual_load,Actual Load,2026-07-30T23:05:32Z
2026-07-30T23:03:49Z,2026-07-31T01:03:49+0200,f07b8511-917b-4433-baac-8bd8534f48c3,2026-07-21T00:00:00Z,2026-07-21T02:00:00+0200,39950.23,MW,FR,FR,actual_load,Actual Load,2026-07-30T23:05:32Z
2026-07-30T23:03:49Z,2026-07-31T01:03:49+0200,f07b8511-917b-4433-baac-8bd8534f48c3,2026-07-21T00:15:00Z,2026-07-21T02:15:00+0200,39098.93,MW,FR,FR,actual_load,Actual Load,2026-07-30T23:05:32Z
2026-07-30T23:03:49Z,2026-07-31T01:03:49+0200,f07b8511-917b-4433-baac-8bd8534f48c3,2026-07-21T00:30:00Z,2026-07-21T02:30:00+0200,38427.93,MW,FR,FR,actual_load,Actual Load,2026-07-30T23:05:32Z
2026-07-30T23:03:49Z,2026-07-31T01:03:49+0200,f07b8511-917b-4433-baac-8bd8534f48c3,2026-07-21T00:45:00Z,2026-07-21T02:45:00+0200,37794.11,MW,FR,FR,actual_load,Actual Load,2026-07-30T23:05:32Z
2026-07-30T23:03:49Z,2026-07-31T01:03:49+0200,f07b8511-917b-4433-baac-8bd8534f48c3,2026-07-21T01:00:00Z,2026-07-21T03:00:00+0200,37408.34,MW,FR,FR,actual_load,Actual Load,2026-07-30T23:05:32Z
2026-07-30T23:03:49Z,2026-07-31T01:03:49+0200,f07b8511-917b-4433-baac-8bd8534f48c3,2026-07-21T01:15:00Z,2026-07-21T03:15:00+0200,37090.43,MW,FR,FR,actual_load,Actual Load,2026-07-30T23:05:32Z
2026-07-30T23:03:49Z,2026-07-31T01:03:49+0200,f07b8511-917b-4433-baac-8bd8534f48c3,2026-07-21T01:30:00Z,2026-07-21T03:30:00+0200,36927.55,MW,FR,FR,actual_load,Actual Load,2026-07-30T23:05:32Z
2026-07-30T23:03:49Z,2026-07-31T01:03:49+0200,f07b8511-917b-4433-baac-8bd8534f48c3,2026-07-21T01:45:00Z,2026-07-21T03:45:00+0200,36735.09,MW,FR,FR,actual_load,Actual Load,2026-07-30T23:05:32Z
2026-07-30T23:03:49Z,2026-07-31T01:03:49+0200,f07b8511-917b-4433-baac-8bd8534f48c3,2026-07-21T02:00:00Z,2026-07-21T04:00:00+0200,36781.18,MW,FR,FR,actual_load,Actual Load,2026-07-30T23:05:32Z
2026-07-30T23:03:49Z,2026-07-31T01:03:49+0200,f07b8511-917b-4433-baac-8bd8534f48c3,2026-07-21T02:15:00Z,2026-07-21T04:15:00+0200,36650.08,MW,FR,FR,actual_load,Actual Load,2026-07-30T23:05:32Z
2026-07-30T23:03:49Z,2026-07-31T01:03:49+0200,f07b8511-917b-4433-baac-8bd8534f48c3,2026-07-21T02:30:00Z,2026-07-21T04:30:00+0200,36637.02,MW,FR,FR,actual_load,Actual Load,2026-07-30T23:05:32Z
2026-07-30T23:03:49Z,2026-07-31T01:03:49+0200,f07b8511-917b-4433-baac-8bd8534f48c3,2026-07-21T02:45:00Z,2026-07-21T04:45:00+0200,36743.85,MW,FR,FR,actual_load,Actual Load,2026-07-30T23:05:32Z
2026-07-30T23:03:49Z,2026-07-31T01:03:49+0200,f07b8511-917b-4433-baac-8bd8534f48c3,2026-07-21T03:00:00Z,2026-07-21T05:00:00+0200,37433.57,MW,FR,FR,actual_load,Actual Load,2026-07-30T23:05:32Z
2026-07-30T23:03:49Z,2026-07-31T01:03:49+0200,f07b8511-917b-4433-baac-8bd8534f48c3,2026-07-21T03:15:00Z,2026-07-21T05:15:00+0200,37913.89,MW,FR,FR,actual_load,Actual Load,2026-07-30T23:05:32Z
2026-07-30T23:03:49Z,2026-07-31T01:03:49+0200,f07b8511-917b-4433-baac-8bd8534f48c3,2026-07-21T03:30:00Z,2026-07-21T05:30:00+0200,38274.89,MW,FR,FR,actual_load,Actual Load,2026-07-30T23:05:32Z
2026-07-30T23:03:49Z,2026-07-31T01:03:49+0200,f07b8511-917b-4433-baac-8bd8534f48c3,2026-07-21T03:45:00Z,2026-07-21T05:45:00+0200,38694.9,MW,FR,FR,actual_load,Actual Load,2026-07-30T23:05:32Z
2026-07-30T23:03:49Z,2026-07-31T01:03:49+0200,f07b8511-917b-4433-baac-8bd8534f48c3,2026-07-21T04:00:00Z,2026-07-21T06:00:00+0200,39472.48,MW,FR,FR,actual_load,Actual Load,2026-07-30T23:05:32Z
2026-07-30T23:03:49Z,2026-07-31T01:03:49+0200,f07b8511-917b-4433-baac-8bd8534f48c3,2026-07-21T04:15:00Z,2026-07-21T06:15:00+0200,40046.45,MW,FR,FR,actual_load,Actual Load,2026-07-30T23:05:32Z
2026-07-30T23:03:49Z,2026-07-31T01:03:49+0200,f07b8511-917b-4433-baac-8bd8534f48c3,2026-07-21T04:30:00Z,2026-07-21T06:30:00+0200,40567.89,MW,FR,FR,actual_load,Actual Load,2026-07-30T23:05:32Z
2026-07-30T23:03:49Z,2026-07-31T01:03:49+0200,f07b8511-917b-4433-baac-8bd8534f48c3,2026-07-21T04:45:00Z,2026-07-21T06:45:00+0200,41118.41,MW,FR,FR,actual_load,Actual Load,2026-07-30T23:05:32Z
2026-07-30T23:03:49Z,2026-07-31T01:03:49+0200,f07b8511-917b-4433-baac-8bd8534f48c3,2026-07-21T05:00:00Z,2026-07-21T07:00:00+0200,41604.75,MW,FR,FR,actual_load,Actual Load,2026-07-30T23:05:32Z
2026-07-30T23:03:49Z,2026-07-31T01:03:49+0200,f07b8511-917b-4433-baac-8bd8534f48c3,2026-07-21T05:15:00Z,2026-07-21T07:15:00+0200,42403.93,MW,FR,FR,actual_load,Actual Load,2026-07-30T23:05:32Z
2026-07-30T23:03:49Z,2026-07-31T01:03:49+0200,f07b8511-917b-4433-baac-8bd8534f48c3,2026-07-21T05:30:00Z,2026-07-21T07:30:00+0200,43159.93,MW,FR,FR,actual_load,Actual Load,2026-07-30T23:05:32Z
2026-07-30T23:03:49Z,2026-07-31T01:03:49+0200,f07b8511-917b-4433-baac-8bd8534f48c3,2026-07-21T05:45:00Z,2026-07-21T07:45:00+0200,43868.16,MW,FR,FR,actual_load,Actual Load,2026-07-30T23:05:32Z
2026-07-30T23:03:49Z,2026-07-31T01:03:49+0200,f07b8511-917b-4433-baac-8bd8534f48c3,2026-07-21T06:00:00Z,2026-07-21T08:00:00+0200,44483.48,MW,FR,FR,actual_load,Actual Load,2026-07-30T23:05:32Z
2026-07-30T23:03:49Z,2026-07-31T01:03:49+0200,f07b8511-917b-4433-baac-8bd8534f48c3,2026-07-21T06:15:00Z,2026-07-21T08:15:00+0200,45031.42,MW,FR,FR,actual_load,Actual Load,2026-07-30T23:05:32Z
2026-07-30T23:03:49Z,2026-07-31T01:03:49+0200,f07b8511-917b-4433-baac-8bd8534f48c3,2026-07-21T06:30:00Z,2026-07-21T08:30:00+0200,45324.55,MW,FR,FR,actual_load,Actual Load,2026-07-30T23:05:32Z
2026-07-30T23:03:49Z,2026-07-31T01:03:49+0200,f07b8511-917b-4433-baac-8bd8534f48c3,2026-07-21T06:45:00Z,2026-07-21T08:45:00+0200,45632.88,MW,FR,FR,actual_load,Actual Load,2026-07-30T23:05:32Z
2026-07-30T23:03:49Z,2026-07-31T01:03:49+0200,f07b8511-917b-4433-baac-8bd8534f48c3,2026-07-21T07:00:00Z,2026-07-21T09:00:00+0200,45951.19,MW,FR,FR,actual_load,Actual Load,2026-07-30T23:05:32Z
2026-07-30T23:03:49Z,2026-07-31T01:03:49+0200,f07b8511-917b-4433-baac-8bd8534f48c3,2026-07-21T07:15:00Z,2026-07-21T09:15:00+0200,46189.91,MW,FR,FR,actual_load,Actual Load,2026-07-30T23:05:32Z
2026-07-30T23:03:49Z,2026-07-31T01:03:49+0200,f07b8511-917b-4433-baac-8bd8534f48c3,2026-07-21T07:30:00Z,2026-07-21T09:30:00+0200,46582.66,MW,FR,FR,actual_load,Actual Load,2026-07-30T23:05:32Z
2026-07-30T23:03:49Z,2026-07-31T01:03:49+0200,f07b8511-917b-4433-baac-8bd8534f48c3,2026-07-21T07:45:00Z,2026-07-21T09:45:00+0200,46843.43,MW,FR,FR,actual_load,Actual Load,2026-07-30T23:05:32Z
2026-07-30T23:03:49Z,2026-07-31T01:03:49+0200,f07b8511-917b-4433-baac-8bd8534f48c3,2026-07-21T08:00:00Z,2026-07-21T10:00:00+0200,47157.68,MW,FR,FR,actual_load,Actual Load,2026-07-30T23:05:32Z
2026-07-30T23:03:49Z,2026-07-31T01:03:49+0200,f07b8511-917b-4433-baac-8bd8534f48c3,2026-07-21T08:15:00Z,2026-07-21T10:15:00+0200,47490.12,MW,FR,FR,actual_load,Actual Load,2026-07-30T23:05:32Z
2026-07-30T23:03:49Z,2026-07-31T01:03:49+0200,f07b8511-917b-4433-baac-8bd8534f48c3,2026-07-21T08:30:00Z,2026-07-21T10:30:00+0200,47719.37,MW,FR,FR,actual_load,Actual Load,2026-07-30T23:05:32Z
2026-07-30T23:03:49Z,2026-07-31T01:03:49+0200,f07b8511-917b-4433-baac-8bd8534f48c3,2026-07-21T08:45:00Z,2026-07-21T10:45:00+0200,47998.41,MW,FR,FR,actual_load,Actual Load,2026-07-30T23:05:32Z
2026-07-30T23:03:49Z,2026-07-31T01:03:49+0200,f07b8511-917b-4433-baac-8bd8534f48c3,2026-07-21T09:00:00Z,2026-07-21T11:00:00+0200,48500.38,MW,FR,FR,actual_load,Actual Load,2026-07-30T23:05:32Z
2026-07-30T23:03:49Z,2026-07-31T01:03:49+0200,f07b8511-917b-4433-baac-8bd8534f48c3,2026-07-21T09:15:00Z,2026-07-21T11:15:00+0200,48749.55,MW,FR,FR,actual_load,Actual Load,2026-07-30T23:05:32Z
2026-07-30T23:03:49Z,2026-07-31T01:03:49+0200,f07b8511-917b-4433-baac-8bd8534f48c3,2026-07-21T09:30:00Z,2026-07-21T11:30:00+0200,49085.67,MW,FR,FR,actual_load,Actual Load,2026-07-30T23:05:32Z
2026-07-30T23:03:49Z,2026-07-31T01:03:49+0200,f07b8511-917b-4433-baac-8bd8534f48c3,2026-07-21T09:45:00Z,2026-07-21T11:45:00+0200,49773.7,MW,FR,FR,actual_load,Actual Load,2026-07-30T23:05:32Z
2026-07-30T23:03:49Z,2026-07-31T01:03:49+0200,f07b8511-917b-4433-baac-8bd8534f48c3,2026-07-21T10:00:00Z,2026-07-21T12:00:00+0200,50707.38,MW,FR,FR,actual_load,Actual Load,2026-07-30T23:05:32Z
2026-07-30T23:03:49Z,2026-07-31T01:03:49+0200,f07b8511-917b-4433-baac-8bd8534f48c3,2026-07-21T10:15:00Z,2026-07-21T12:15:00+0200,51116.23,MW,FR,FR,actual_load,Actual Load,2026-07-30T23:05:32Z
2026-07-30T23:03:49Z,2026-07-31T01:03:49+0200,f07b8511-917b-4433-baac-8bd8534f48c3,2026-07-21T10:30:00Z,2026-07-21T12:30:00+0200,51559.13,MW,FR,FR,actual_load,Actual Load,2026-07-30T23:05:32Z
2026-07-30T23:03:49Z,2026-07-31T01:03:49+0200,f07b8511-917b-4433-baac-8bd8534f48c3,2026-07-21T10:45:00Z,2026-07-21T12:45:00+0200,51138.74,MW,FR,FR,actual_load,Actual Load,2026-07-30T23:05:32Z
2026-07-30T23:03:49Z,2026-07-31T01:03:49+0200,f07b8511-917b-4433-baac-8bd8534f48c3,2026-07-21T11:00:00Z,2026-07-21T13:00:00+0200,50962.32,MW,FR,FR,actual_load,Actual Load,2026-07-30T23:05:32Z
2026-07-30T23:03:49Z,2026-07-31T01:03:49+0200,f07b8511-917b-4433-baac-8bd8534f48c3,2026-07-21T11:15:00Z,2026-07-21T13:15:00+0200,50972.7,MW,FR,FR,actual_load,Actual Load,2026-07-30T23:05:32Z
2026-07-30T23:03:49Z,2026-07-31T01:03:49+0200,f07b8511-917b-4433-baac-8bd8534f48c3,2026-07-21T11:30:00Z,2026-07-21T13:30:00+0200,50835.38,MW,FR,FR,actual_load,Actual Load,2026-07-30T23:05:32Z
2026-07-30T23:03:49Z,2026-07-31T01:03:49+0200,f07b8511-917b-4433-baac-8bd8534f48c3,2026-07-21T11:45:00Z,2026-07-21T13:45:00+0200,50643.47,MW,FR,FR,actual_load,Actual Load,2026-07-30T23:05:32Z
2026-07-30T23:03:49Z,2026-07-31T01:03:49+0200,f07b8511-917b-4433-baac-8bd8534f48c3,2026-07-21T12:00:00Z,2026-07-21T14:00:00+0200,51388.7,MW,FR,FR,actual_load,Actual Load,2026-07-30T23:05:32Z
2026-07-30T23:03:49Z,2026-07-31T01:03:49+0200,f07b8511-917b-4433-baac-8bd8534f48c3,2026-07-21T12:15:00Z,2026-07-21T14:15:00+0200,50940.89,MW,FR,FR,actual_load,Actual Load,2026-07-30T23:05:32Z
2026-07-30T23:03:49Z,2026-07-31T01:03:49+0200,f07b8511-917b-4433-baac-8bd8534f48c3,2026-07-21T12:30:00Z,2026-07-21T14:30:00+0200,51082.98,MW,FR,FR,actual_load,Actual Load,2026-07-30T23:05:32Z
2026-07-30T23:03:49Z,2026-07-31T01:03:49+0200,f07b8511-917b-4433-baac-8bd8534f48c3,2026-07-21T12:45:00Z,2026-07-21T14:45:00+0200,50692.06,MW,FR,FR,actual_load,Actual Load,2026-07-30T23:05:32Z
2026-07-30T23:03:49Z,2026-07-31T01:03:49+0200,f07b8511-917b-4433-baac-8bd8534f48c3,2026-07-21T13:00:00Z,2026-07-21T15:00:00+0200,50485.23,MW,FR,FR,actual_load,Actual Load,2026-07-30T23:05:32Z
2026-07-30T23:03:49Z,2026-07-31T01:03:49+0200,f07b8511-917b-4433-baac-8bd8534f48c3,2026-07-21T13:15:00Z,2026-07-21T15:15:00+0200,49661.36,MW,FR,FR,actual_load,Actual Load,2026-07-30T23:05:32Z
2026-07-30T23:03:49Z,2026-07-31T01:03:49+0200,f07b8511-917b-4433-baac-8bd8534f48c3,2026-07-21T13:30:00Z,2026-07-21T15:30:00+0200,49533.86,MW,FR,FR,actual_load,Actual Load,2026-07-30T23:05:32Z
2026-07-30T23:03:49Z,2026-07-31T01:03:49+0200,f07b8511-917b-4433-baac-8bd8534f48c3,2026-07-21T13:45:00Z,2026-07-21T15:45:00+0200,49163.04,MW,FR,FR,actual_load,Actual Load,2026-07-30T23:05:32Z
2026-07-30T23:03:49Z,2026-07-31T01:03:49+0200,f07b8511-917b-4433-baac-8bd8534f48c3,2026-07-21T14:00:00Z,2026-07-21T16:00:00+0200,49167.24,MW,FR,FR,actual_load,Actual Load,2026-07-30T23:05:32Z
2026-07-30T23:03:49Z,2026-07-31T01:03:49+0200,f07b8511-917b-4433-baac-8bd8534f48c3,2026-07-21T14:15:00Z,2026-07-21T16:15:00+0200,49050.57,MW,FR,FR,actual_load,Actual Load,2026-07-30T23:05:32Z
2026-07-30T23:03:49Z,2026-07-31T01:03:49+0200,f07b8511-917b-4433-baac-8bd8534f48c3,2026-07-21T14:30:00Z,2026-07-21T16:30:00+0200,49162.52,MW,FR,FR,actual_load,Actual Load,2026-07-30T23:05:32Z
2026-07-30T23:03:49Z,2026-07-31T01:03:49+0200,f07b8511-917b-4433-baac-8bd8534f48c3,2026-07-21T14:45:00Z,2026-07-21T16:45:00+0200,48965.15,MW,FR,FR,actual_load,Actual Load,2026-07-30T23:05:32Z
2026-07-30T23:03:49Z,2026-07-31T01:03:49+0200,f07b8511-917b-4433-baac-8bd8534f48c3,2026-07-21T15:00:00Z,2026-07-21T17:00:00+0200,48227.79,MW,FR,FR,actual_load,Actual Load,2026-07-30T23:05:32Z
2026-07-30T23:03:49Z,2026-07-31T01:03:49+0200,f07b8511-917b-4433-baac-8bd8534f48c3,2026-07-21T15:15:00Z,2026-07-21T17:15:00+0200,48195.34,MW,FR,FR,actual_load,Actual Load,2026-07-30T23:05:32Z
2026-07-30T23:03:49Z,2026-07-31T01:03:49+0200,f07b8511-917b-4433-baac-8bd8534f48c3,2026-07-21T15:30:00Z,2026-07-21T17:30:00+0200,48375.43,MW,FR,FR,actual_load,Actual Load,2026-07-30T23:05:32Z
2026-07-30T23:03:49Z,2026-07-31T01:03:49+0200,f07b8511-917b-4433-baac-8bd8534f48c3,2026-07-21T15:45:00Z,2026-07-21T17:45:00+0200,48728.3,MW,FR,FR,actual_load,Actual Load,2026-07-30T23:05:32Z
2026-07-30T23:03:49Z,2026-07-31T01:03:49+0200,f07b8511-917b-4433-baac-8bd8534f48c3,2026-07-21T16:00:00Z,2026-07-21T18:00:00+0200,49094.02,MW,FR,FR,actual_load,Actual Load,2026-07-30T23:05:32Z
2026-07-30T23:03:49Z,2026-07-31T01:03:49+0200,f07b8511-917b-4433-baac-8bd8534f48c3,2026-07-21T16:15:00Z,2026-07-21T18:15:00+0200,49655.01,MW,FR,FR,actual_load,Actual Load,2026-07-30T23:05:32Z
2026-07-30T23:03:49Z,2026-07-31T01:03:49+0200,f07b8511-917b-4433-baac-8bd8534f48c3,2026-07-21T16:30:00Z,2026-07-21T18:30:00+0200,49849.61,MW,FR,FR,actual_load,Actual Load,2026-07-30T23:05:32Z
2026-07-30T23:03:49Z,2026-07-31T01:03:49+0200,f07b8511-917b-4433-baac-8bd8534f48c3,2026-07-21T16:45:00Z,2026-07-21T18:45:00+0200,50580.58,MW,FR,FR,actual_load,Actual Load,2026-07-30T23:05:32Z
2026-07-30T23:03:49Z,2026-07-31T01:03:49+0200,f07b8511-917b-4433-baac-8bd8534f48c3,2026-07-21T17:00:00Z,2026-07-21T19:00:00+0200,50903.55,MW,FR,FR,actual_load,Actual Load,2026-07-30T23:05:32Z
2026-07-30T23:03:49Z,2026-07-31T01:03:49+0200,f07b8511-917b-4433-baac-8bd8534f48c3,2026-07-21T17:15:00Z,2026-07-21T19:15:00+0200,50705.63,MW,FR,FR,actual_load,Actual Load,2026-07-30T23:05:32Z
2026-07-30T23:03:49Z,2026-07-31T01:03:49+0200,f07b8511-917b-4433-baac-8bd8534f48c3,2026-07-21T17:30:00Z,2026-07-21T19:30:00+0200,50579.56,MW,FR,FR,actual_load,Actual Load,2026-07-30T23:05:32Z
2026-07-30T23:03:49Z,2026-07-31T01:03:49+0200,f07b8511-917b-4433-baac-8bd8534f48c3,2026-07-21T17:45:00Z,2026-07-21T19:45:00+0200,50212.02,MW,FR,FR,actual_load,Actual Load,2026-07-30T23:05:32Z
2026-07-30T23:03:49Z,2026-07-31T01:03:49+0200,f07b8511-917b-4433-baac-8bd8534f48c3,2026-07-21T18:00:00Z,2026-07-21T20:00:00+0200,49740.94,MW,FR,FR,actual_load,Actual Load,2026-07-30T23:05:32Z
2026-07-30T23:03:49Z,2026-07-31T01:03:49+0200,f07b8511-917b-4433-baac-8bd8534f48c3,2026-07-21T18:15:00Z,2026-07-21T20:15:00+0200,48985.65,MW,FR,FR,actual_load,Actual Load,2026-07-30T23:05:32Z
2026-07-30T23:03:49Z,2026-07-31T01:03:49+0200,f07b8511-917b-4433-baac-8bd8534f48c3,2026-07-21T18:30:00Z,2026-07-21T20:30:00+0200,48202.68,MW,FR,FR,actual_load,Actual Load,2026-07-30T23:05:32Z
2026-07-30T23:03:49Z,2026-07-31T01:03:49+0200,f07b8511-917b-4433-baac-8bd8534f48c3,2026-07-21T18:45:00Z,2026-07-21T20:45:00+0200,47554.64,MW,FR,FR,actual_load,Actual Load,2026-07-30T23:05:32Z
2026-07-30T23:03:49Z,2026-07-31T01:03:49+0200,f07b8511-917b-4433-baac-8bd8534f48c3,2026-07-21T19:00:00Z,2026-07-21T21:00:00+0200,47277.53,MW,FR,FR,actual_load,Actual Load,2026-07-30T23:05:32Z
2026-07-30T23:03:49Z,2026-07-31T01:03:49+0200,f07b8511-917b-4433-baac-8bd8534f48c3,2026-07-21T19:15:00Z,2026-07-21T21:15:00+0200,46746.98,MW,FR,FR,actual_load,Actual Load,2026-07-30T23:05:32Z
2026-07-30T23:03:49Z,2026-07-31T01:03:49+0200,f07b8511-917b-4433-baac-8bd8534f48c3,2026-07-21T19:30:00Z,2026-07-21T21:30:00+0200,46625.06,MW,FR,FR,actual_load,Actual Load,2026-07-30T23:05:32Z
2026-07-30T23:03:49Z,2026-07-31T01:03:49+0200,f07b8511-917b-4433-baac-8bd8534f48c3,2026-07-21T19:45:00Z,2026-07-21T21:45:00+0200,46347.54,MW,FR,FR,actual_load,Actual Load,2026-07-30T23:05:32Z
2026-07-30T23:03:49Z,2026-07-31T01:03:49+0200,f07b8511-917b-4433-baac-8bd8534f48c3,2026-07-21T20:00:00Z,2026-07-21T22:00:00+0200,47549.09,MW,FR,FR,actual_load,Actual Load,2026-07-30T23:05:32Z
2026-07-30T23:03:49Z,2026-07-31T01:03:49+0200,f07b8511-917b-4433-baac-8bd8534f48c3,2026-07-21T20:15:00Z,2026-07-21T22:15:00+0200,47268.67,MW,FR,FR,actual_load,Actual Load,2026-07-30T23:05:32Z
2026-07-30T23:03:49Z,2026-07-31T01:03:49+0200,f07b8511-917b-4433-baac-8bd8534f48c3,2026-07-21T20:30:00Z,2026-07-21T22:30:00+0200,48349.84,MW,FR,FR,actual_load,Actual Load,2026-07-30T23:05:32Z
2026-07-30T23:03:49Z,2026-07-31T01:03:49+0200,f07b8511-917b-4433-baac-8bd8534f48c3,2026-07-21T20:45:00Z,2026-07-21T22:45:00+0200,47620.14,MW,FR,FR,actual_load,Actual Load,2026-07-30T23:05:32Z
2026-07-30T23:03:49Z,2026-07-31T01:03:49+0200,f07b8511-917b-4433-baac-8bd8534f48c3,2026-07-21T21:00:00Z,2026-07-21T23:00:00+0200,47295.48,MW,FR,FR,actual_load,Actual Load,2026-07-30T23:05:32Z
2026-07-30T23:03:49Z,2026-07-31T01:03:49+0200,f07b8511-917b-4433-baac-8bd8534f48c3,2026-07-21T21:15:00Z,2026-07-21T23:15:00+0200,46239.02,MW,FR,FR,actual_load,Actual Load,2026-07-30T23:05:32Z
2026-07-30T23:03:49Z,2026-07-31T01:03:49+0200,f07b8511-917b-4433-baac-8bd8534f48c3,2026-07-21T21:30:00Z,2026-07-21T23:30:00+0200,46337.08,MW,FR,FR,actual_load,Actual Load,2026-07-30T23:05:32Z
2026-07-30T23:03:49Z,2026-07-31T01:03:49+0200,f07b8511-917b-4433-baac-8bd8534f48c3,2026-07-21T21:45:00Z,2026-07-21T23:45:00+0200,45076.52,MW,FR,FR,actual_load,Actual Load,2026-07-30T23:05:32Z
2026-07-30T23:03:49Z,2026-07-31T01:03:49+0200,f07b8511-917b-4433-baac-8bd8534f48c3,2026-07-21T22:00:00Z,2026-07-22T00:00:00+0200,44928.27,MW,FR,FR,actual_load,Actual Load,2026-07-30T23:05:32Z
2026-07-30T23:03:49Z,2026-07-31T01:03:49+0200,f07b8511-917b-4433-baac-8bd8534f48c3,2026-07-21T22:15:00Z,2026-07-22T00:15:00+0200,43641.48,MW,FR,FR,actual_load,Actual Load,2026-07-30T23:05:32Z
2026-07-30T23:03:49Z,2026-07-31T01:03:49+0200,f07b8511-917b-4433-baac-8bd8534f48c3,2026-07-21T22:30:00Z,2026-07-22T00:30:00+0200,42434.78,MW,FR,FR,actual_load,Actual Load,2026-07-30T23:05:32Z
2026-07-30T23:03:49Z,2026-07-31T01:03:49+0200,f07b8511-917b-4433-baac-8bd8534f48c3,2026-07-21T22:45:00Z,2026-07-22T00:45:00+0200,41435.43,MW,FR,FR,actual_load,Actual Load,2026-07-30T23:05:32Z
2026-07-30T23:03:49Z,2026-07-31T01:03:49+0200,f07b8511-917b-4433-baac-8bd8534f48c3,2026-07-21T23:00:00Z,2026-07-22T01:00:00+0200,41637.9,MW,FR,FR,actual_load,Actual Load,2026-07-30T23:05:32Z
2026-07-30T23:03:49Z,2026-07-31T01:03:49+0200,f07b8511-917b-4433-baac-8bd8534f48c3,2026-07-21T23:15:00Z,2026-07-22T01:15:00+0200,41009.38,MW,FR,FR,actual_load,Actual Load,2026-07-30T23:05:32Z
2026-07-30T23:03:49Z,2026-07-31T01:03:49+0200,f07b8511-917b-4433-baac-8bd8534f48c3,2026-07-21T23:30:00Z,2026-07-22T01:30:00+0200,41026.84,MW,FR,FR,actual_load,Actual Load,2026-07-30T23:05:32Z
2026-07-30T23:03:49Z,2026-07-31T01:03:49+0200,f07b8511-917b-4433-baac-8bd8534f48c3,2026-07-21T23:45:00Z,2026-07-22T01:45:00+0200,40042.29,MW,FR,FR,actual_load,Actual Load,2026-07-30T23:05:32Z
2026-07-30T23:03:49Z,2026-07-31T01:03:49+0200,f07b8511-917b-4433-baac-8bd8534f48c3,2026-07-22T00:00:00Z,2026-07-22T02:00:00+0200,39873.52,MW,FR,FR,actual_load,Actual Load,2026-07-30T23:05:32Z
2026-07-30T23:03:49Z,2026-07-31T01:03:49+0200,f07b8511-917b-4433-baac-8bd8534f48c3,2026-07-22T00:15:00Z,2026-07-22T02:15:00+0200,38925.53,MW,FR,FR,actual_load,Actual Load,2026-07-30T23:05:32Z
2026-07-30T23:03:49Z,2026-07-31T01:03:49+0200,f07b8511-917b-4433-baac-8bd8534f48c3,2026-07-22T00:30:00Z,2026-07-22T02:30:00+0200,38285.11,MW,FR,FR,actual_load,Actual Load,2026-07-30T23:05:32Z
2026-07-30T23:03:49Z,2026-07-31T01:03:49+0200,f07b8511-917b-4433-baac-8bd8534f48c3,2026-07-22T00:45:00Z,2026-07-22T02:45:00+0200,37467.41,MW,FR,FR,actual_load,Actual Load,2026-07-30T23:05:32Z
2026-07-30T23:03:49Z,2026-07-31T01:03:49+0200,f07b8511-917b-4433-baac-8bd8534f48c3,2026-07-22T01:00:00Z,2026-07-22T03:00:00+0200,36995.71,MW,FR,FR,actual_load,Actual Load,2026-07-30T23:05:32Z
2026-07-30T23:03:49Z,2026-07-31T01:03:49+0200,f07b8511-917b-4433-baac-8bd8534f48c3,2026-07-22T01:15:00Z,2026-07-22T03:15:00+0200,36571.27,MW,FR,FR,actual_load,Actual Load,2026-07-30T23:05:32Z
2026-07-30T23:03:49Z,2026-07-31T01:03:49+0200,f07b8511-917b-4433-baac-8bd8534f48c3,2026-07-22T01:30:00Z,2026-07-22T03:30:00+0200,36286.66,MW,FR,FR,actual_load,Actual Load,2026-07-30T23:05:32Z
2026-07-30T23:03:49Z,2026-07-31T01:03:49+0200,f07b8511-917b-4433-baac-8bd8534f48c3,2026-07-22T01:45:00Z,2026-07-22T03:45:00+0200,36130.88,MW,FR,FR,actual_load,Actual Load,2026-07-30T23:05:32Z
2026-07-30T23:03:49Z,2026-07-31T01:03:49+0200,f07b8511-917b-4433-baac-8bd8534f48c3,2026-07-22T02:00:00Z,2026-07-22T04:00:00+0200,35957.14,MW,FR,FR,actual_load,Actual Load,2026-07-30T23:05:32Z
2026-07-30T23:03:49Z,2026-07-31T01:03:49+0200,f07b8511-917b-4433-baac-8bd8534f48c3,2026-07-22T02:15:00Z,2026-07-22T04:15:00+0200,35844.25,MW,FR,FR,actual_load,Actual Load,2026-07-30T23:05:32Z
2026-07-30T23:03:49Z,2026-07-31T01:03:49+0200,f07b8511-917b-4433-baac-8bd8534f48c3,2026-07-22T02:30:00Z,2026-07-22T04:30:00+0200,35834.01,MW,FR,FR,actual_load,Actual Load,2026-07-30T23:05:32Z
2026-07-30T23:03:49Z,2026-07-31T01:03:49+0200,f07b8511-917b-4433-baac-8bd8534f48c3,2026-07-22T02:45:00Z,2026-07-22T04:45:00+0200,35968.66,MW,FR,FR,actual_load,Actual Load,2026-07-30T23:05:32Z
2026-07-30T23:03:49Z,2026-07-31T01:03:49+0200,f07b8511-917b-4433-baac-8bd8534f48c3,2026-07-22T03:00:00Z,2026-07-22T05:00:00+0200,36664.83,MW,FR,FR,actual_load,Actual Load,2026-07-30T23:05:32Z
2026-07-30T23:03:49Z,2026-07-31T01:03:49+0200,f07b8511-917b-4433-baac-8bd8534f48c3,2026-07-22T03:15:00Z,2026-07-22T05:15:00+0200,37193.8,MW,FR,FR,actual_load,Actual Load,2026-07-30T23:05:32Z
2026-07-30T23:03:49Z,2026-07-31T01:03:49+0200,f07b8511-917b-4433-baac-8bd8534f48c3,2026-07-22T03:30:00Z,2026-07-22T05:30:00+0200,37590.33,MW,FR,FR,actual_load,Actual Load,2026-07-30T23:05:32Z
2026-07-30T23:03:49Z,2026-07-31T01:03:49+0200,f07b8511-917b-4433-baac-8bd8534f48c3,2026-07-22T03:45:00Z,2026-07-22T05:45:00+0200,37883.95,MW,FR,FR,actual_load,Actual Load,2026-07-30T23:05:32Z
2026-07-30T23:03:49Z,2026-07-31T01:03:49+0200,f07b8511-917b-4433-baac-8bd8534f48c3,2026-07-22T04:00:00Z,2026-07-22T06:00:00+0200,38577.91,MW,FR,FR,actual_load,Actual Load,2026-07-30T23:05:32Z
2026-07-30T23:03:49Z,2026-07-31T01:03:49+0200,f07b8511-917b-4433-baac-8bd8534f48c3,2026-07-22T04:15:00Z,2026-07-22T06:15:00+0200,39057.4,MW,FR,FR,actual_load,Actual Load,2026-07-30T23:05:32Z
2026-07-30T23:03:49Z,2026-07-31T01:03:49+0200,f07b8511-917b-4433-baac-8bd8534f48c3,2026-07-22T04:30:00Z,2026-07-22T06:30:00+0200,39519.79,MW,FR,FR,actual_load,Actual Load,2026-07-30T23:05:32Z
2026-07-30T23:03:49Z,2026-07-31T01:03:49+0200,f07b8511-917b-4433-baac-8bd8534f48c3,2026-07-22T04:45:00Z,2026-07-22T06:45:00+0200,40062.02,MW,FR,FR,actual_load,Actual Load,2026-07-30T23:05:32Z
2026-07-30T23:03:49Z,2026-07-31T01:03:49+0200,f07b8511-917b-4433-baac-8bd8534f48c3,2026-07-22T05:00:00Z,2026-07-22T07:00:00+0200,40652.09,MW,FR,FR,actual_load,Actual Load,2026-07-30T23:05:32Z
2026-07-30T23:03:49Z,2026-07-31T01:03:49+0200,f07b8511-917b-4433-baac-8bd8534f48c3,2026-07-22T05:15:00Z,2026-07-22T07:15:00+0200,41352.2,MW,FR,FR,actual_load,Actual Load,2026-07-30T23:05:32Z
2026-07-30T23:03:49Z,2026-07-31T01:03:49+0200,f07b8511-917b-4433-baac-8bd8534f48c3,2026-07-22T05:30:00Z,2026-07-22T07:30:00+0200,41999.64,MW,FR,FR,actual_load,Actual Load,2026-07-30T23:05:32Z
2026-07-30T23:03:49Z,2026-07-31T01:03:49+0200,f07b8511-917b-4433-baac-8bd8534f48c3,2026-07-22T05:45:00Z,2026-07-22T07:45:00+0200,42620.36,MW,FR,FR,actual_load,Actual Load,2026-07-30T23:05:32Z
2026-07-30T23:03:49Z,2026-07-31T01:03:49+0200,f07b8511-917b-4433-baac-8bd8534f48c3,2026-07-22T06:00:00Z,2026-07-22T08:00:00+0200,43308.05,MW,FR,FR,actual_load,Actual Load,2026-07-30T23:05:32Z
2026-07-30T23:03:49Z,2026-07-31T01:03:49+0200,f07b8511-917b-4433-baac-8bd8534f48c3,2026-07-22T06:15:00Z,2026-07-22T08:15:00+0200,43711.19,MW,FR,FR,actual_load,Actual Load,2026-07-30T23:05:32Z
2026-07-30T23:03:49Z,2026-07-31T01:03:49+0200,f07b8511-917b-4433-baac-8bd8534f48c3,2026-07-22T06:30:00Z,2026-07-22T08:30:00+0200,44212.56,MW,FR,FR,actual_load,Actual Load,2026-07-30T23:05:32Z
2026-07-30T23:03:49Z,2026-07-31T01:03:49+0200,f07b8511-917b-4433-baac-8bd8534f48c3,2026-07-22T06:45:00Z,2026-07-22T08:45:00+0200,44700.38,MW,FR,FR,actual_load,Actual Load,2026-07-30T23:05:32Z
2026-07-30T23:03:49Z,2026-07-31T01:03:49+0200,f07b8511-917b-4433-baac-8bd8534f48c3,2026-07-22T07:00:00Z,2026-07-22T09:00:00+0200,44934.46,MW,FR,FR,actual_load,Actual Load,2026-07-30T23:05:32Z
2026-07-30T23:03:49Z,2026-07-31T01:03:49+0200,f07b8511-917b-4433-baac-8bd8534f48c3,2026-07-22T07:15:00Z,2026-07-22T09:15:00+0200,45447.94,MW,FR,FR,actual_load,Actual Load,2026-07-30T23:05:32Z
2026-07-30T23:03:49Z,2026-07-31T01:03:49+0200,f07b8511-917b-4433-baac-8bd8534f48c3,2026-07-22T07:30:00Z,2026-07-22T09:30:00+0200,46072.58,MW,FR,FR,actual_load,Actual Load,2026-07-30T23:05:32Z
2026-07-30T23:03:49Z,2026-07-31T01:03:49+0200,f07b8511-917b-4433-baac-8bd8534f48c3,2026-07-22T07:45:00Z,2026-07-22T09:45:00+0200,46324.43,MW,FR,FR,actual_load,Actual Load,2026-07-30T23:05:32Z
2026-07-30T23:03:49Z,2026-07-31T01:03:49+0200,f07b8511-917b-4433-baac-8bd8534f48c3,2026-07-22T08:00:00Z,2026-07-22T10:00:00+0200,46709.39,MW,FR,FR,actual_load,Actual Load,2026-07-30T23:05:32Z
2026-07-30T23:03:49Z,2026-07-31T01:03:49+0200,f07b8511-917b-4433-baac-8bd8534f48c3,2026-07-22T08:15:00Z,2026-07-22T10:15:00+0200,46843.53,MW,FR,FR,actual_load,Actual Load,2026-07-30T23:05:32Z
2026-07-30T23:03:49Z,2026-07-31T01:03:49+0200,f07b8511-917b-4433-baac-8bd8534f48c3,2026-07-22T08:30:00Z,2026-07-22T10:30:00+0200,47053.38,MW,FR,FR,actual_load,Actual Load,2026-07-30T23:05:32Z
2026-07-30T23:03:49Z,2026-07-31T01:03:49+0200,f07b8511-917b-4433-baac-8bd8534f48c3,2026-07-22T08:45:00Z,2026-07-22T10:45:00+0200,47268.42,MW,FR,FR,actual_load,Actual Load,2026-07-30T23:05:32Z
2026-07-30T23:03:49Z,2026-07-31T01:03:49+0200,f07b8511-917b-4433-baac-8bd8534f48c3,2026-07-22T09:00:00Z,2026-07-22T11:00:00+0200,47456.95,MW,FR,FR,actual_load,Actual Load,2026-07-30T23:05:32Z
2026-07-30T23:03:49Z,2026-07-31T01:03:49+0200,f07b8511-917b-4433-baac-8bd8534f48c3,2026-07-22T09:15:00Z,2026-07-22T11:15:00+0200,47813.6,MW,FR,FR,actual_load,Actual Load,2026-07-30T23:05:32Z
2026-07-30T23:03:49Z,2026-07-31T01:03:49+0200,f07b8511-917b-4433-baac-8bd8534f48c3,2026-07-22T09:30:00Z,2026-07-22T11:30:00+0200,48079.25,MW,FR,FR,actual_load,Actual Load,2026-07-30T23:05:32Z
2026-07-30T23:03:49Z,2026-07-31T01:03:49+0200,f07b8511-917b-4433-baac-8bd8534f48c3,2026-07-22T09:45:00Z,2026-07-22T11:45:00+0200,48347.44,MW,FR,FR,actual_load,Actual Load,2026-07-30T23:05:32Z
2026-07-30T23:03:49Z,2026-07-31T01:03:49+0200,f07b8511-917b-4433-baac-8bd8534f48c3,2026-07-22T10:00:00Z,2026-07-22T12:00:00+0200,49021.07,MW,FR,FR,actual_load,Actual Load,2026-07-30T23:05:32Z
2026-07-30T23:03:49Z,2026-07-31T01:03:49+0200,f07b8511-917b-4433-baac-8bd8534f48c3,2026-07-22T10:15:00Z,2026-07-22T12:15:00+0200,49092.27,MW,FR,FR,actual_load,Actual Load,2026-07-30T23:05:32Z
2026-07-30T23:03:49Z,2026-07-31T01:03:49+0200,f07b8511-917b-4433-baac-8bd8534f48c3,2026-07-22T10:30:00Z,2026-07-22T12:30:00+0200,49578.56,MW,FR,FR,actual_load,Actual Load,2026-07-30T23:05:32Z
2026-07-30T23:03:49Z,2026-07-31T01:03:49+0200,f07b8511-917b-4433-baac-8bd8534f48c3,2026-07-22T10:45:00Z,2026-07-22T12:45:00+0200,49252.55,MW,FR,FR,actual_load,Actual Load,2026-07-30T23:05:32Z
2026-07-30T23:03:49Z,2026-07-31T01:03:49+0200,f07b8511-917b-4433-baac-8bd8534f48c3,2026-07-22T11:00:00Z,2026-07-22T13:00:00+0200,49221.07,MW,FR,FR,actual_load,Actual Load,2026-07-30T23:05:32Z
2026-07-30T23:03:49Z,2026-07-31T01:03:49+0200,f07b8511-917b-4433-baac-8bd8534f48c3,2026-07-22T11:15:00Z,2026-07-22T13:15:00+0200,48775.29,MW,FR,FR,actual_load,Actual Load,2026-07-30T23:05:32Z
2026-07-30T23:03:49Z,2026-07-31T01:03:49+0200,f07b8511-917b-4433-baac-8bd8534f48c3,2026-07-22T11:30:00Z,2026-07-22T13:30:00+0200,48891.21,MW,FR,FR,actual_load,Actual Load,2026-07-30T23:05:32Z
2026-07-30T23:03:49Z,2026-07-31T01:03:49+0200,f07b8511-917b-4433-baac-8bd8534f48c3,2026-07-22T11:45:00Z,2026-07-22T13:45:00+0200,49182.38,MW,FR,FR,actual_load,Actual Load,2026-07-30T23:05:32Z
2026-07-30T23:03:49Z,2026-07-31T01:03:49+0200,f07b8511-917b-4433-baac-8bd8534f48c3,2026-07-22T12:00:00Z,2026-07-22T14:00:00+0200,49922.76,MW,FR,FR,actual_load,Actual Load,2026-07-30T23:05:32Z
2026-07-30T23:03:49Z,2026-07-31T01:03:49+0200,f07b8511-917b-4433-baac-8bd8534f48c3,2026-07-22T12:15:00Z,2026-07-22T14:15:00+0200,49570.51,MW,FR,FR,actual_load,Actual Load,2026-07-30T23:05:32Z
2026-07-30T23:03:49Z,2026-07-31T01:03:49+0200,f07b8511-917b-4433-baac-8bd8534f48c3,2026-07-22T12:30:00Z,2026-07-22T14:30:00+0200,49481.66,MW,FR,FR,actual_load,Actual Load,2026-07-30T23:05:32Z
2026-07-30T23:03:49Z,2026-07-31T01:03:49+0200,f07b8511-917b-4433-baac-8bd8534f48c3,2026-07-22T12:45:00Z,2026-07-22T14:45:00+0200,49204.14,MW,FR,FR,actual_load,Actual Load,2026-07-30T23:05:32Z
2026-07-30T23:03:49Z,2026-07-31T01:03:49+0200,f07b8511-917b-4433-baac-8bd8534f48c3,2026-07-22T13:00:00Z,2026-07-22T15:00:00+0200,49343.49,MW,FR,FR,actual_load,Actual Load,2026-07-30T23:05:32Z
2026-07-30T23:03:49Z,2026-07-31T01:03:49+0200,f07b8511-917b-4433-baac-8bd8534f48c3,2026-07-22T13:15:00Z,2026-07-22T15:15:00+0200,48744.69,MW,FR,FR,actual_load,Actual Load,2026-07-30T23:05:32Z
2026-07-30T23:03:49Z,2026-07-31T01:03:49+0200,f07b8511-917b-4433-baac-8bd8534f48c3,2026-07-22T13:30:00Z,2026-07-22T15:30:00+0200,48658.73,MW,FR,FR,actual_load,Actual Load,2026-07-30T23:05:32Z
2026-07-30T23:03:49Z,2026-07-31T01:03:49+0200,f07b8511-917b-4433-baac-8bd8534f48c3,2026-07-22T13:45:00Z,2026-07-22T15:45:00+0200,48293.36,MW,FR,FR,actual_load,Actual Load,2026-07-30T23:05:32Z
2026-07-30T23:03:49Z,2026-07-31T01:03:49+0200,f07b8511-917b-4433-baac-8bd8534f48c3,2026-07-22T14:00:00Z,2026-07-22T16:00:00+0200,48019.29,MW,FR,FR,actual_load,Actual Load,2026-07-30T23:05:32Z
2026-07-30T23:03:49Z,2026-07-31T01:03:49+0200,f07b8511-917b-4433-baac-8bd8534f48c3,2026-07-22T14:15:00Z,2026-07-22T16:15:00+0200,47865.64,MW,FR,FR,actual_load,Actual Load,2026-07-30T23:05:32Z
2026-07-30T23:03:49Z,2026-07-31T01:03:49+0200,f07b8511-917b-4433-baac-8bd8534f48c3,2026-07-22T14:30:00Z,2026-07-22T16:30:00+0200,47506.22,MW,FR,FR,actual_load,Actual Load,2026-07-30T23:05:32Z
2026-07-30T23:03:49Z,2026-07-31T01:03:49+0200,f07b8511-917b-4433-baac-8bd8534f48c3,2026-07-22T14:45:00Z,2026-07-22T16:45:00+0200,47660.7,MW,FR,FR,actual_load,Actual Load,2026-07-30T23:05:32Z
2026-07-30T23:03:49Z,2026-07-31T01:03:49+0200,f07b8511-917b-4433-baac-8bd8534f48c3,2026-07-22T15:00:00Z,2026-07-22T17:00:00+0200,47321.71,MW,FR,FR,actual_load,Actual Load,2026-07-30T23:05:32Z
2026-07-30T23:03:49Z,2026-07-31T01:03:49+0200,f07b8511-917b-4433-baac-8bd8534f48c3,2026-07-22T15:15:00Z,2026-07-22T17:15:00+0200,47062.98,MW,FR,FR,actual_load,Actual Load,2026-07-30T23:05:32Z
2026-07-30T23:03:49Z,2026-07-31T01:03:49+0200,f07b8511-917b-4433-baac-8bd8534f48c3,2026-07-22T15:30:00Z,2026-07-22T17:30:00+0200,47399.88,MW,FR,FR,actual_load,Actual Load,2026-07-30T23:05:32Z
2026-07-30T23:03:49Z,2026-07-31T01:03:49+0200,f07b8511-917b-4433-baac-8bd8534f48c3,2026-07-22T15:45:00Z,2026-07-22T17:45:00+0200,47685.7,MW,FR,FR,actual_load,Actual Load,2026-07-30T23:05:32Z
2026-07-30T23:03:49Z,2026-07-31T01:03:49+0200,f07b8511-917b-4433-baac-8bd8534f48c3,2026-07-22T16:00:00Z,2026-07-22T18:00:00+0200,47956.52,MW,FR,FR,actual_load,Actual Load,2026-07-30T23:05:32Z
2026-07-30T23:03:49Z,2026-07-31T01:03:49+0200,f07b8511-917b-4433-baac-8bd8534f48c3,2026-07-22T16:15:00Z,2026-07-22T18:15:00+0200,48636.6,MW,FR,FR,actual_load,Actual Load,2026-07-30T23:05:32Z
2026-07-30T23:03:49Z,2026-07-31T01:03:49+0200,f07b8511-917b-4433-baac-8bd8534f48c3,2026-07-22T16:30:00Z,2026-07-22T18:30:00+0200,49022.31,MW,FR,FR,actual_load,Actual Load,2026-07-30T23:05:32Z
2026-07-30T23:03:49Z,2026-07-31T01:03:49+0200,f07b8511-917b-4433-baac-8bd8534f48c3,2026-07-22T16:45:00Z,2026-07-22T18:45:00+0200,49761.43,MW,FR,FR,actual_load,Actual Load,2026-07-30T23:05:32Z
2026-07-30T23:03:49Z,2026-07-31T01:03:49+0200,f07b8511-917b-4433-baac-8bd8534f48c3,2026-07-22T17:00:00Z,2026-07-22T19:00:00+0200,49926.74,MW,FR,FR,actual_load,Actual Load,2026-07-30T23:05:32Z
2026-07-30T23:03:49Z,2026-07-31T01:03:49+0200,f07b8511-917b-4433-baac-8bd8534f48c3,2026-07-22T17:15:00Z,2026-07-22T19:15:00+0200,49656.19,MW,FR,FR,actual_load,Actual Load,2026-07-30T23:05:32Z
2026-07-30T23:03:49Z,2026-07-31T01:03:49+0200,f07b8511-917b-4433-baac-8bd8534f48c3,2026-07-22T17:30:00Z,2026-07-22T19:30:00+0200,49494.44,MW,FR,FR,actual_load,Actual Load,2026-07-30T23:05:32Z
2026-07-30T23:03:49Z,2026-07-31T01:03:49+0200,f07b8511-917b-4433-baac-8bd8534f48c3,2026-07-22T17:45:00Z,2026-07-22T19:45:00+0200,49347.61,MW,FR,FR,actual_load,Actual Load,2026-07-30T23:05:32Z
2026-07-30T23:03:49Z,2026-07-31T01:03:49+0200,f07b8511-917b-4433-baac-8bd8534f48c3,2026-07-22T18:00:00Z,2026-07-22T20:00:00+0200,48746.98,MW,FR,FR,actual_load,Actual Load,2026-07-30T23:05:32Z
2026-07-30T23:03:49Z,2026-07-31T01:03:49+0200,f07b8511-917b-4433-baac-8bd8534f48c3,2026-07-22T18:15:00Z,2026-07-22T20:15:00+0200,48079.08,MW,FR,FR,actual_load,Actual Load,2026-07-30T23:05:32Z
2026-07-30T23:03:49Z,2026-07-31T01:03:49+0200,f07b8511-917b-4433-baac-8bd8534f48c3,2026-07-22T18:30:00Z,2026-07-22T20:30:00+0200,47461.74,MW,FR,FR,actual_load,Actual Load,2026-07-30T23:05:32Z
2026-07-30T23:03:49Z,2026-07-31T01:03:49+0200,f07b8511-917b-4433-baac-8bd8534f48c3,2026-07-22T18:45:00Z,2026-07-22T20:45:00+0200,46823.4,MW,FR,FR,actual_load,Actual Load,2026-07-30T23:05:32Z
2026-07-30T23:03:49Z,2026-07-31T01:03:49+0200,f07b8511-917b-4433-baac-8bd8534f48c3,2026-07-22T19:00:00Z,2026-07-22T21:00:00+0200,46736.47,MW,FR,FR,actual_load,Actual Load,2026-07-30T23:05:32Z
2026-07-30T23:03:49Z,2026-07-31T01:03:49+0200,f07b8511-917b-4433-baac-8bd8534f48c3,2026-07-22T19:15:00Z,2026-07-22T21:15:00+0200,46182.94,MW,FR,FR,actual_load,Actual Load,2026-07-30T23:05:32Z
2026-07-30T23:03:49Z,2026-07-31T01:03:49+0200,f07b8511-917b-4433-baac-8bd8534f48c3,2026-07-22T19:30:00Z,2026-07-22T21:30:00+0200,46054.65,MW,FR,FR,actual_load,Actual Load,2026-07-30T23:05:32Z
2026-07-30T23:03:49Z,2026-07-31T01:03:49+0200,f07b8511-917b-4433-baac-8bd8534f48c3,2026-07-22T19:45:00Z,2026-07-22T21:45:00+0200,45852.74,MW,FR,FR,actual_load,Actual Load,2026-07-30T23:05:32Z
2026-07-30T23:03:49Z,2026-07-31T01:03:49+0200,f07b8511-917b-4433-baac-8bd8534f48c3,2026-07-22T20:00:00Z,2026-07-22T22:00:00+0200,46853.74,MW,FR,FR,actual_load,Actual Load,2026-07-30T23:05:32Z
2026-07-30T23:03:49Z,2026-07-31T01:03:49+0200,f07b8511-917b-4433-baac-8bd8534f48c3,2026-07-22T20:15:00Z,2026-07-22T22:15:00+0200,46442.93,MW,FR,FR,actual_load,Actual Load,2026-07-30T23:05:32Z
2026-07-30T23:03:49Z,2026-07-31T01:03:49+0200,f07b8511-917b-4433-baac-8bd8534f48c3,2026-07-22T20:30:00Z,2026-07-22T22:30:00+0200,47529.55,MW,FR,FR,actual_load,Actual Load,2026-07-30T23:05:32Z
2026-07-30T23:03:49Z,2026-07-31T01:03:49+0200,f07b8511-917b-4433-baac-8bd8534f48c3,2026-07-22T20:45:00Z,2026-07-22T22:45:00+0200,46945.88,MW,FR,FR,actual_load,Actual Load,2026-07-30T23:05:32Z
2026-07-30T23:03:49Z,2026-07-31T01:03:49+0200,f07b8511-917b-4433-baac-8bd8534f48c3,2026-07-22T21:00:00Z,2026-07-22T23:00:00+0200,46584.05,MW,FR,FR,actual_load,Actual Load,2026-07-30T23:05:32Z
2026-07-30T23:03:49Z,2026-07-31T01:03:49+0200,f07b8511-917b-4433-baac-8bd8534f48c3,2026-07-22T21:15:00Z,2026-07-22T23:15:00+0200,45395.0,MW,FR,FR,actual_load,Actual Load,2026-07-30T23:05:32Z
2026-07-30T23:03:49Z,2026-07-31T01:03:49+0200,f07b8511-917b-4433-baac-8bd8534f48c3,2026-07-22T21:30:00Z,2026-07-22T23:30:00+0200,45576.12,MW,FR,FR,actual_load,Actual Load,2026-07-30T23:05:32Z
2026-07-30T23:03:49Z,2026-07-31T01:03:49+0200,f07b8511-917b-4433-baac-8bd8534f48c3,2026-07-22T21:45:00Z,2026-07-22T23:45:00+0200,44515.37,MW,FR,FR,actual_load,Actual Load,2026-07-30T23:05:32Z
2026-07-30T23:03:49Z,2026-07-31T01:03:49+0200,f07b8511-917b-4433-baac-8bd8534f48c3,2026-07-22T22:00:00Z,2026-07-23T00:00:00+0200,44271.39,MW,FR,FR,actual_load,Actual Load,2026-07-30T23:05:32Z
2026-07-30T23:03:49Z,2026-07-31T01:03:49+0200,f07b8511-917b-4433-baac-8bd8534f48c3,2026-07-22T22:15:00Z,2026-07-23T00:15:00+0200,43233.57,MW,FR,FR,actual_load,Actual Load,2026-07-30T23:05:32Z
2026-07-30T23:03:49Z,2026-07-31T01:03:49+0200,f07b8511-917b-4433-baac-8bd8534f48c3,2026-07-22T22:30:00Z,2026-07-23T00:30:00+0200,41837.49,MW,FR,FR,actual_load,Actual Load,2026-07-30T23:05:32Z
2026-07-30T23:03:49Z,2026-07-31T01:03:49+0200,f07b8511-917b-4433-baac-8bd8534f48c3,2026-07-22T22:45:00Z,2026-07-23T00:45:00+0200,40752.45,MW,FR,FR,actual_load,Actual Load,2026-07-30T23:05:32Z
2026-07-30T23:03:49Z,2026-07-31T01:03:49+0200,f07b8511-917b-4433-baac-8bd8534f48c3,2026-07-22T23:00:00Z,2026-07-23T01:00:00+0200,41174.23,MW,FR,FR,actual_load,Actual Load,2026-07-30T23:05:32Z
2026-07-30T23:03:49Z,2026-07-31T01:03:49+0200,f07b8511-917b-4433-baac-8bd8534f48c3,2026-07-22T23:15:00Z,2026-07-23T01:15:00+0200,40493.39,MW,FR,FR,actual_load,Actual Load,2026-07-30T23:05:32Z
2026-07-30T23:03:49Z,2026-07-31T01:03:49+0200,f07b8511-917b-4433-baac-8bd8534f48c3,2026-07-22T23:30:00Z,2026-07-23T01:30:00+0200,40344.12,MW,FR,FR,actual_load,Actual Load,2026-07-30T23:05:32Z
2026-07-30T23:03:49Z,2026-07-31T01:03:49+0200,f07b8511-917b-4433-baac-8bd8534f48c3,2026-07-22T23:45:00Z,2026-07-23T01:45:00+0200,39431.2,MW,FR,FR,actual_load,Actual Load,2026-07-30T23:05:32Z
2026-07-30T23:03:49Z,2026-07-31T01:03:49+0200,f07b8511-917b-4433-baac-8bd8534f48c3,2026-07-23T00:00:00Z,2026-07-23T02:00:00+0200,39187.6,MW,FR,FR,actual_load,Actual Load,2026-07-30T23:05:32Z
2026-07-30T23:03:49Z,2026-07-31T01:03:49+0200,f07b8511-917b-4433-baac-8bd8534f48c3,2026-07-23T00:15:00Z,2026-07-23T02:15:00+0200,38375.99,MW,FR,FR,actual_load,Actual Load,2026-07-30T23:05:32Z
2026-07-30T23:03:49Z,2026-07-31T01:03:49+0200,f07b8511-917b-4433-baac-8bd8534f48c3,2026-07-23T00:30:00Z,2026-07-23T02:30:00+0200,37746.49,MW,FR,FR,actual_load,Actual Load,2026-07-30T23:05:32Z
2026-07-30T23:03:49Z,2026-07-31T01:03:49+0200,f07b8511-917b-4433-baac-8bd8534f48c3,2026-07-23T00:45:00Z,2026-07-23T02:45:00+0200,37001.82,MW,FR,FR,actual_load,Actual Load,2026-07-30T23:05:32Z
2026-07-30T23:03:49Z,2026-07-31T01:03:49+0200,f07b8511-917b-4433-baac-8bd8534f48c3,2026-07-23T01:00:00Z,2026-07-23T03:00:00+0200,36728.32,MW,FR,FR,actual_load,Actual Load,2026-07-30T23:05:32Z
2026-07-30T23:03:49Z,2026-07-31T01:03:49+0200,f07b8511-917b-4433-baac-8bd8534f48c3,2026-07-23T01:15:00Z,2026-07-23T03:15:00+0200,36322.55,MW,FR,FR,actual_load,Actual Load,2026-07-30T23:05:32Z
2026-07-30T23:03:49Z,2026-07-31T01:03:49+0200,f07b8511-917b-4433-baac-8bd8534f48c3,2026-07-23T01:30:00Z,2026-07-23T03:30:00+0200,36228.85,MW,FR,FR,actual_load,Actual Load,2026-07-30T23:05:32Z
2026-07-30T23:03:49Z,2026-07-31T01:03:49+0200,f07b8511-917b-4433-baac-8bd8534f48c3,2026-07-23T01:45:00Z,2026-07-23T03:45:00+0200,36032.17,MW,FR,FR,actual_load,Actual Load,2026-07-30T23:05:32Z
2026-07-30T23:03:49Z,2026-07-31T01:03:49+0200,f07b8511-917b-4433-baac-8bd8534f48c3,2026-07-23T02:00:00Z,2026-07-23T04:00:00+0200,35872.27,MW,FR,FR,actual_load,Actual Load,2026-07-30T23:05:32Z
2026-07-30T23:03:49Z,2026-07-31T01:03:49+0200,f07b8511-917b-4433-baac-8bd8534f48c3,2026-07-23T02:15:00Z,2026-07-23T04:15:00+0200,35601.65,MW,FR,FR,actual_load,Actual Load,2026-07-30T23:05:32Z
2026-07-30T23:03:49Z,2026-07-31T01:03:49+0200,f07b8511-917b-4433-baac-8bd8534f48c3,2026-07-23T02:30:00Z,2026-07-23T04:30:00+0200,35498.88,MW,FR,FR,actual_load,Actual Load,2026-07-30T23:05:32Z
2026-07-30T23:03:49Z,2026-07-31T01:03:49+0200,f07b8511-917b-4433-baac-8bd8534f48c3,2026-07-23T02:45:00Z,2026-07-23T04:45:00+0200,35533.68,MW,FR,FR,actual_load,Actual Load,2026-07-30T23:05:32Z
2026-07-30T23:03:49Z,2026-07-31T01:03:49+0200,f07b8511-917b-4433-baac-8bd8534f48c3,2026-07-23T03:00:00Z,2026-07-23T05:00:00+0200,36396.57,MW,FR,FR,actual_load,Actual Load,2026-07-30T23:05:32Z
2026-07-30T23:03:49Z,2026-07-31T01:03:49+0200,f07b8511-917b-4433-baac-8bd8534f48c3,2026-07-23T03:15:00Z,2026-07-23T05:15:00+0200,36693.13,MW,FR,FR,actual_load,Actual Load,2026-07-30T23:05:32Z
2026-07-30T23:03:49Z,2026-07-31T01:03:49+0200,f07b8511-917b-4433-baac-8bd8534f48c3,2026-07-23T03:30:00Z,2026-07-23T05:30:00+0200,38144.08,MW,FR,FR,actual_load,Actual Load,2026-07-30T23:05:32Z
2026-07-30T23:03:49Z,2026-07-31T01:03:49+0200,f07b8511-917b-4433-baac-8bd8534f48c3,2026-07-23T03:45:00Z,2026-07-23T05:45:00+0200,38511.8,MW,FR,FR,actual_load,Actual Load,2026-07-30T23:05:32Z
2026-07-30T23:03:49Z,2026-07-31T01:03:49+0200,f07b8511-917b-4433-baac-8bd8534f48c3,2026-07-23T04:00:00Z,2026-07-23T06:00:00+0200,39217.29,MW,FR,FR,actual_load,Actual Load,2026-07-30T23:05:32Z
2026-07-30T23:03:49Z,2026-07-31T01:03:49+0200,f07b8511-917b-4433-baac-8bd8534f48c3,2026-07-23T04:15:00Z,2026-07-23T06:15:00+0200,39718.29,MW,FR,FR,actual_load,Actual Load,2026-07-30T23:05:32Z
2026-07-30T23:03:49Z,2026-07-31T01:03:49+0200,f07b8511-917b-4433-baac-8bd8534f48c3,2026-07-23T04:30:00Z,2026-07-23T06:30:00+0200,40115.55,MW,FR,FR,actual_load,Actual Load,2026-07-30T23:05:32Z
2026-07-30T23:03:49Z,2026-07-31T01:03:49+0200,f07b8511-917b-4433-baac-8bd8534f48c3,2026-07-23T04:45:00Z,2026-07-23T06:45:00+0200,40865.76,MW,FR,FR,actual_load,Actual Load,2026-07-30T23:05:32Z
2026-07-30T23:03:49Z,2026-07-31T01:03:49+0200,f07b8511-917b-4433-baac-8bd8534f48c3,2026-07-23T05:00:00Z,2026-07-23T07:00:00+0200,41408.78,MW,FR,FR,actual_load,Actual Load,2026-07-30T23:05:32Z
2026-07-30T23:03:49Z,2026-07-31T01:03:49+0200,f07b8511-917b-4433-baac-8bd8534f48c3,2026-07-23T05:15:00Z,2026-07-23T07:15:00+0200,42037.14,MW,FR,FR,actual_load,Actual Load,2026-07-30T23:05:32Z
2026-07-30T23:03:49Z,2026-07-31T01:03:49+0200,f07b8511-917b-4433-baac-8bd8534f48c3,2026-07-23T05:30:00Z,2026-07-23T07:30:00+0200,42388.8,MW,FR,FR,actual_load,Actual Load,2026-07-30T23:05:32Z
2026-07-30T23:03:49Z,2026-07-31T01:03:49+0200,f07b8511-917b-4433-baac-8bd8534f48c3,2026-07-23T05:45:00Z,2026-07-23T07:45:00+0200,43011.03,MW,FR,FR,actual_load,Actual Load,2026-07-30T23:05:32Z
2026-07-30T23:03:49Z,2026-07-31T01:03:49+0200,f07b8511-917b-4433-baac-8bd8534f48c3,2026-07-23T06:00:00Z,2026-07-23T08:00:00+0200,43714.09,MW,FR,FR,actual_load,Actual Load,2026-07-30T23:05:32Z
2026-07-30T23:03:49Z,2026-07-31T01:03:49+0200,f07b8511-917b-4433-baac-8bd8534f48c3,2026-07-23T06:15:00Z,2026-07-23T08:15:00+0200,44314.68,MW,FR,FR,actual_load,Actual Load,2026-07-30T23:05:32Z
2026-07-30T23:03:49Z,2026-07-31T01:03:49+0200,f07b8511-917b-4433-baac-8bd8534f48c3,2026-07-23T06:30:00Z,2026-07-23T08:30:00+0200,44651.7,MW,FR,FR,actual_load,Actual Load,2026-07-30T23:05:32Z
2026-07-30T23:03:49Z,2026-07-31T01:03:49+0200,f07b8511-917b-4433-baac-8bd8534f48c3,2026-07-23T06:45:00Z,2026-07-23T08:45:00+0200,45034.25,MW,FR,FR,actual_load,Actual Load,2026-07-30T23:05:32Z
2026-07-30T23:03:49Z,2026-07-31T01:03:49+0200,f07b8511-917b-4433-baac-8bd8534f48c3,2026-07-23T07:00:00Z,2026-07-23T09:00:00+0200,45338.53,MW,FR,FR,actual_load,Actual Load,2026-07-30T23:05:32Z
2026-07-30T23:03:49Z,2026-07-31T01:03:49+0200,f07b8511-917b-4433-baac-8bd8534f48c3,2026-07-23T07:15:00Z,2026-07-23T09:15:00+0200,45940.8,MW,FR,FR,actual_load,Actual Load,2026-07-30T23:05:32Z
2026-07-30T23:03:49Z,2026-07-31T01:03:49+0200,f07b8511-917b-4433-baac-8bd8534f48c3,2026-07-23T07:30:00Z,2026-07-23T09:30:00+0200,46277.16,MW,FR,FR,actual_load,Actual Load,2026-07-30T23:05:32Z
2026-07-30T23:03:49Z,2026-07-31T01:03:49+0200,f07b8511-917b-4433-baac-8bd8534f48c3,2026-07-23T07:45:00Z,2026-07-23T09:45:00+0200,46684.34,MW,FR,FR,actual_load,Actual Load,2026-07-30T23:05:32Z
2026-07-30T23:03:49Z,2026-07-31T01:03:49+0200,f07b8511-917b-4433-baac-8bd8534f48c3,2026-07-23T08:00:00Z,2026-07-23T10:00:00+0200,46987.96,MW,FR,FR,actual_load,Actual Load,2026-07-30T23:05:32Z
2026-07-30T23:03:49Z,2026-07-31T01:03:49+0200,f07b8511-917b-4433-baac-8bd8534f48c3,2026-07-23T08:15:00Z,2026-07-23T10:15:00+0200,47360.17,MW,FR,FR,actual_load,Actual Load,2026-07-30T23:05:32Z
2026-07-30T23:03:49Z,2026-07-31T01:03:49+0200,f07b8511-917b-4433-baac-8bd8534f48c3,2026-07-23T08:30:00Z,2026-07-23T10:30:00+0200,47736.78,MW,FR,FR,actual_load,Actual Load,2026-07-30T23:05:32Z
2026-07-30T23:03:49Z,2026-07-31T01:03:49+0200,f07b8511-917b-4433-baac-8bd8534f48c3,2026-07-23T08:45:00Z,2026-07-23T10:45:00+0200,47880.28,MW,FR,FR,actual_load,Actual Load,2026-07-30T23:05:32Z
2026-07-30T23:03:49Z,2026-07-31T01:03:49+0200,f07b8511-917b-4433-baac-8bd8534f48c3,2026-07-23T09:00:00Z,2026-07-23T11:00:00+0200,48085.02,MW,FR,FR,actual_load,Actual Load,2026-07-30T23:05:32Z
2026-07-30T23:03:49Z,2026-07-31T01:03:49+0200,f07b8511-917b-4433-baac-8bd8534f48c3,2026-07-23T09:15:00Z,2026-07-23T11:15:00+0200,48324.75,MW,FR,FR,actual_load,Actual Load,2026-07-30T23:05:32Z
2026-07-30T23:03:49Z,2026-07-31T01:03:49+0200,f07b8511-917b-4433-baac-8bd8534f48c3,2026-07-23T09:30:00Z,2026-07-23T11:30:00+0200,48483.73,MW,FR,FR,actual_load,Actual Load,2026-07-30T23:05:32Z
2026-07-30T23:03:49Z,2026-07-31T01:03:49+0200,f07b8511-917b-4433-baac-8bd8534f48c3,2026-07-23T09:45:00Z,2026-07-23T11:45:00+0200,48818.35,MW,FR,FR,actual_load,Actual Load,2026-07-30T23:05:32Z
2026-07-30T23:03:49Z,2026-07-31T01:03:49+0200,f07b8511-917b-4433-baac-8bd8534f48c3,2026-07-23T10:00:00Z,2026-07-23T12:00:00+0200,49168.1,MW,FR,FR,actual_load,Actual Load,2026-07-30T23:05:32Z
2026-07-30T23:03:49Z,2026-07-31T01:03:49+0200,f07b8511-917b-4433-baac-8bd8534f48c3,2026-07-23T10:15:00Z,2026-07-23T12:15:00+0200,49074.39,MW,FR,FR,actual_load,Actual Load,2026-07-30T23:05:32Z
2026-07-30T23:03:49Z,2026-07-31T01:03:49+0200,f07b8511-917b-4433-baac-8bd8534f48c3,2026-07-23T10:30:00Z,2026-07-23T12:30:00+0200,49518.02,MW,FR,FR,actual_load,Actual Load,2026-07-30T23:05:32Z
2026-07-30T23:03:49Z,2026-07-31T01:03:49+0200,f07b8511-917b-4433-baac-8bd8534f48c3,2026-07-23T10:45:00Z,2026-07-23T12:45:00+0200,49363.67,MW,FR,FR,actual_load,Actual Load,2026-07-30T23:05:32Z
2026-07-30T23:03:49Z,2026-07-31T01:03:49+0200,f07b8511-917b-4433-baac-8bd8534f48c3,2026-07-23T11:00:00Z,2026-07-23T13:00:00+0200,49424.12,MW,FR,FR,actual_load,Actual Load,2026-07-30T23:05:32Z
2026-07-30T23:03:49Z,2026-07-31T01:03:49+0200,f07b8511-917b-4433-baac-8bd8534f48c3,2026-07-23T11:15:00Z,2026-07-23T13:15:00+0200,48989.65,MW,FR,FR,actual_load,Actual Load,2026-07-30T23:05:32Z
2026-07-30T23:03:49Z,2026-07-31T01:03:49+0200,f07b8511-917b-4433-baac-8bd8534f48c3,2026-07-23T11:30:00Z,2026-07-23T13:30:00+0200,48810.35,MW,FR,FR,actual_load,Actual Load,2026-07-30T23:05:32Z
2026-07-30T23:03:49Z,2026-07-31T01:03:49+0200,f07b8511-917b-4433-baac-8bd8534f48c3,2026-07-23T11:45:00Z,2026-07-23T13:45:00+0200,48959.36,MW,FR,FR,actual_load,Actual Load,2026-07-30T23:05:32Z
2026-07-30T23:03:49Z,2026-07-31T01:03:49+0200,f07b8511-917b-4433-baac-8bd8534f48c3,2026-07-23T12:00:00Z,2026-07-23T14:00:00+0200,49679.56,MW,FR,FR,actual_load,Actual Load,2026-07-30T23:05:32Z
2026-07-30T23:03:49Z,2026-07-31T01:03:49+0200,f07b8511-917b-4433-baac-8bd8534f48c3,2026-07-23T12:15:00Z,2026-07-23T14:15:00+0200,49494.91,MW,FR,FR,actual_load,Actual Load,2026-07-30T23:05:32Z
2026-07-30T23:03:49Z,2026-07-31T01:03:49+0200,f07b8511-917b-4433-baac-8bd8534f48c3,2026-07-23T12:30:00Z,2026-07-23T14:30:00+0200,49575.86,MW,FR,FR,actual_load,Actual Load,2026-07-30T23:05:32Z
2026-07-30T23:03:49Z,2026-07-31T01:03:49+0200,f07b8511-917b-4433-baac-8bd8534f48c3,2026-07-23T12:45:00Z,2026-07-23T14:45:00+0200,49231.11,MW,FR,FR,actual_load,Actual Load,2026-07-30T23:05:32Z
2026-07-30T23:03:49Z,2026-07-31T01:03:49+0200,f07b8511-917b-4433-baac-8bd8534f48c3,2026-07-23T13:00:00Z,2026-07-23T15:00:00+0200,49109.82,MW,FR,FR,actual_load,Actual Load,2026-07-30T23:05:32Z
2026-07-30T23:03:49Z,2026-07-31T01:03:49+0200,f07b8511-917b-4433-baac-8bd8534f48c3,2026-07-23T13:15:00Z,2026-07-23T15:15:00+0200,48911.99,MW,FR,FR,actual_load,Actual Load,2026-07-30T23:05:32Z
2026-07-30T23:03:49Z,2026-07-31T01:03:49+0200,f07b8511-917b-4433-baac-8bd8534f48c3,2026-07-23T13:30:00Z,2026-07-23T15:30:00+0200,48654.36,MW,FR,FR,actual_load,Actual Load,2026-07-30T23:05:32Z
2026-07-30T23:03:49Z,2026-07-31T01:03:49+0200,f07b8511-917b-4433-baac-8bd8534f48c3,2026-07-23T13:45:00Z,2026-07-23T15:45:00+0200,48263.92,MW,FR,FR,actual_load,Actual Load,2026-07-30T23:05:32Z
2026-07-30T23:03:49Z,2026-07-31T01:03:49+0200,f07b8511-917b-4433-baac-8bd8534f48c3,2026-07-23T14:00:00Z,2026-07-23T16:00:00+0200,48284.38,MW,FR,FR,actual_load,Actual Load,2026-07-30T23:05:32Z
2026-07-30T23:03:49Z,2026-07-31T01:03:49+0200,f07b8511-917b-4433-baac-8bd8534f48c3,2026-07-23T14:15:00Z,2026-07-23T16:15:00+0200,47963.32,MW,FR,FR,actual_load,Actual Load,2026-07-30T23:05:32Z
2026-07-30T23:03:49Z,2026-07-31T01:03:49+0200,f07b8511-917b-4433-baac-8bd8534f48c3,2026-07-23T14:30:00Z,2026-07-23T16:30:00+0200,48012.45,MW,FR,FR,actual_load,Actual Load,2026-07-30T23:05:32Z
2026-07-30T23:03:49Z,2026-07-31T01:03:49+0200,f07b8511-917b-4433-baac-8bd8534f48c3,2026-07-23T14:45:00Z,2026-07-23T16:45:00+0200,47852.36,MW,FR,FR,actual_load,Actual Load,2026-07-30T23:05:32Z
2026-07-30T23:03:49Z,2026-07-31T01:03:49+0200,f07b8511-917b-4433-baac-8bd8534f48c3,2026-07-23T15:00:00Z,2026-07-23T17:00:00+0200,47810.47,MW,FR,FR,actual_load,Actual Load,2026-07-30T23:05:32Z
2026-07-30T23:03:49Z,2026-07-31T01:03:49+0200,f07b8511-917b-4433-baac-8bd8534f48c3,2026-07-23T15:15:00Z,2026-07-23T17:15:00+0200,47839.53,MW,FR,FR,actual_load,Actual Load,2026-07-30T23:05:32Z
2026-07-30T23:03:49Z,2026-07-31T01:03:49+0200,f07b8511-917b-4433-baac-8bd8534f48c3,2026-07-23T15:30:00Z,2026-07-23T17:30:00+0200,47957.64,MW,FR,FR,actual_load,Actual Load,2026-07-30T23:05:32Z
2026-07-30T23:03:49Z,2026-07-31T01:03:49+0200,f07b8511-917b-4433-baac-8bd8534f48c3,2026-07-23T15:45:00Z,2026-07-23T17:45:00+0200,48560.88,MW,FR,FR,actual_load,Actual Load,2026-07-30T23:05:32Z
2026-07-30T23:03:49Z,2026-07-31T01:03:49+0200,f07b8511-917b-4433-baac-8bd8534f48c3,2026-07-23T16:00:00Z,2026-07-23T18:00:00+0200,48748.14,MW,FR,FR,actual_load,Actual Load,2026-07-30T23:05:32Z
2026-07-30T23:03:49Z,2026-07-31T01:03:49+0200,f07b8511-917b-4433-baac-8bd8534f48c3,2026-07-23T16:15:00Z,2026-07-23T18:15:00+0200,49102.63,MW,FR,FR,actual_load,Actual Load,2026-07-30T23:05:32Z
2026-07-30T23:03:49Z,2026-07-31T01:03:49+0200,f07b8511-917b-4433-baac-8bd8534f48c3,2026-07-23T16:30:00Z,2026-07-23T18:30:00+0200,49349.9,MW,FR,FR,actual_load,Actual Load,2026-07-30T23:05:32Z
2026-07-30T23:03:49Z,2026-07-31T01:03:49+0200,f07b8511-917b-4433-baac-8bd8534f48c3,2026-07-23T16:45:00Z,2026-07-23T18:45:00+0200,49819.63,MW,FR,FR,actual_load,Actual Load,2026-07-30T23:05:32Z
2026-07-30T23:03:49Z,2026-07-31T01:03:49+0200,f07b8511-917b-4433-baac-8bd8534f48c3,2026-07-23T17:00:00Z,2026-07-23T19:00:00+0200,49791.81,MW,FR,FR,actual_load,Actual Load,2026-07-30T23:05:32Z
2026-07-30T23:03:49Z,2026-07-31T01:03:49+0200,f07b8511-917b-4433-baac-8bd8534f48c3,2026-07-23T17:15:00Z,2026-07-23T19:15:00+0200,49747.66,MW,FR,FR,actual_load,Actual Load,2026-07-30T23:05:32Z
2026-07-30T23:03:49Z,2026-07-31T01:03:49+0200,f07b8511-917b-4433-baac-8bd8534f48c3,2026-07-23T17:30:00Z,2026-07-23T19:30:00+0200,49694.95,MW,FR,FR,actual_load,Actual Load,2026-07-30T23:05:32Z
2026-07-30T23:03:49Z,2026-07-31T01:03:49+0200,f07b8511-917b-4433-baac-8bd8534f48c3,2026-07-23T17:45:00Z,2026-07-23T19:45:00+0200,49424.28,MW,FR,FR,actual_load,Actual Load,2026-07-30T23:05:32Z
2026-07-30T23:03:49Z,2026-07-31T01:03:49+0200,f07b8511-917b-4433-baac-8bd8534f48c3,2026-07-23T18:00:00Z,2026-07-23T20:00:00+0200,48924.32,MW,FR,FR,actual_load,Actual Load,2026-07-30T23:05:32Z
2026-07-30T23:03:49Z,2026-07-31T01:03:49+0200,f07b8511-917b-4433-baac-8bd8534f48c3,2026-07-23T18:15:00Z,2026-07-23T20:15:00+0200,48286.96,MW,FR,FR,actual_load,Actual Load,2026-07-30T23:05:32Z
2026-07-30T23:03:49Z,2026-07-31T01:03:49+0200,f07b8511-917b-4433-baac-8bd8534f48c3,2026-07-23T18:30:00Z,2026-07-23T20:30:00+0200,47682.23,MW,FR,FR,actual_load,Actual Load,2026-07-30T23:05:32Z
2026-07-30T23:03:49Z,2026-07-31T01:03:49+0200,f07b8511-917b-4433-baac-8bd8534f48c3,2026-07-23T18:45:00Z,2026-07-23T20:45:00+0200,47100.29,MW,FR,FR,actual_load,Actual Load,2026-07-30T23:05:32Z
2026-07-30T23:03:49Z,2026-07-31T01:03:49+0200,f07b8511-917b-4433-baac-8bd8534f48c3,2026-07-23T19:00:00Z,2026-07-23T21:00:00+0200,46905.33,MW,FR,FR,actual_load,Actual Load,2026-07-30T23:05:32Z
2026-07-30T23:03:49Z,2026-07-31T01:03:49+0200,f07b8511-917b-4433-baac-8bd8534f48c3,2026-07-23T19:15:00Z,2026-07-23T21:15:00+0200,46550.0,MW,FR,FR,actual_load,Actual Load,2026-07-30T23:05:32Z
2026-07-30T23:03:49Z,2026-07-31T01:03:49+0200,f07b8511-917b-4433-baac-8bd8534f48c3,2026-07-23T19:30:00Z,2026-07-23T21:30:00+0200,46311.65,MW,FR,FR,actual_load,Actual Load,2026-07-30T23:05:32Z
2026-07-30T23:03:49Z,2026-07-31T01:03:49+0200,f07b8511-917b-4433-baac-8bd8534f48c3,2026-07-23T19:45:00Z,2026-07-23T21:45:00+0200,46245.09,MW,FR,FR,actual_load,Actual Load,2026-07-30T23:05:32Z
2026-07-30T23:03:49Z,2026-07-31T01:03:49+0200,f07b8511-917b-4433-baac-8bd8534f48c3,2026-07-23T20:00:00Z,2026-07-23T22:00:00+0200,47175.55,MW,FR,FR,actual_load,Actual Load,2026-07-30T23:05:32Z
2026-07-30T23:03:49Z,2026-07-31T01:03:49+0200,f07b8511-917b-4433-baac-8bd8534f48c3,2026-07-23T20:15:00Z,2026-07-23T22:15:00+0200,46914.7,MW,FR,FR,actual_load,Actual Load,2026-07-30T23:05:32Z
2026-07-30T23:03:49Z,2026-07-31T01:03:49+0200,f07b8511-917b-4433-baac-8bd8534f48c3,2026-07-23T20:30:00Z,2026-07-23T22:30:00+0200,47890.1,MW,FR,FR,actual_load,Actual Load,2026-07-30T23:05:32Z
2026-07-30T23:03:49Z,2026-07-31T01:03:49+0200,f07b8511-917b-4433-baac-8bd8534f48c3,2026-07-23T20:45:00Z,2026-07-23T22:45:00+0200,47163.7,MW,FR,FR,actual_load,Actual Load,2026-07-30T23:05:32Z
2026-07-30T23:03:49Z,2026-07-31T01:03:49+0200,f07b8511-917b-4433-baac-8bd8534f48c3,2026-07-23T21:00:00Z,2026-07-23T23:00:00+0200,46957.19,MW,FR,FR,actual_load,Actual Load,2026-07-30T23:05:32Z
2026-07-30T23:03:49Z,2026-07-31T01:03:49+0200,f07b8511-917b-4433-baac-8bd8534f48c3,2026-07-23T21:15:00Z,2026-07-23T23:15:00+0200,45763.31,MW,FR,FR,actual_load,Actual Load,2026-07-30T23:05:32Z
2026-07-30T23:03:49Z,2026-07-31T01:03:49+0200,f07b8511-917b-4433-baac-8bd8534f48c3,2026-07-23T21:30:00Z,2026-07-23T23:30:00+0200,45978.36,MW,FR,FR,actual_load,Actual Load,2026-07-30T23:05:32Z
2026-07-30T23:03:49Z,2026-07-31T01:03:49+0200,f07b8511-917b-4433-baac-8bd8534f48c3,2026-07-23T21:45:00Z,2026-07-23T23:45:00+0200,44814.63,MW,FR,FR,actual_load,Actual Load,2026-07-30T23:05:32Z
2026-07-30T23:03:49Z,2026-07-31T01:03:49+0200,f07b8511-917b-4433-baac-8bd8534f48c3,2026-07-23T22:00:00Z,2026-07-24T00:00:00+0200,44734.89,MW,FR,FR,actual_load,Actual Load,2026-07-30T23:05:32Z
2026-07-30T23:03:49Z,2026-07-31T01:03:49+0200,f07b8511-917b-4433-baac-8bd8534f48c3,2026-07-23T22:15:00Z,2026-07-24T00:15:00+0200,43699.97,MW,FR,FR,actual_load,Actual Load,2026-07-30T23:05:32Z
2026-07-30T23:03:49Z,2026-07-31T01:03:49+0200,f07b8511-917b-4433-baac-8bd8534f48c3,2026-07-23T22:30:00Z,2026-07-24T00:30:00+0200,42326.95,MW,FR,FR,actual_load,Actual Load,2026-07-30T23:05:32Z
2026-07-30T23:03:49Z,2026-07-31T01:03:49+0200,f07b8511-917b-4433-baac-8bd8534f48c3,2026-07-23T22:45:00Z,2026-07-24T00:45:00+0200,41374.33,MW,FR,FR,actual_load,Actual Load,2026-07-30T23:05:32Z
2026-07-30T23:03:49Z,2026-07-31T01:03:49+0200,f07b8511-917b-4433-baac-8bd8534f48c3,2026-07-23T23:00:00Z,2026-07-24T01:00:00+0200,41769.83,MW,FR,FR,actual_load,Actual Load,2026-07-30T23:05:32Z
2026-07-30T23:03:49Z,2026-07-31T01:03:49+0200,f07b8511-917b-4433-baac-8bd8534f48c3,2026-07-23T23:15:00Z,2026-07-24T01:15:00+0200,41119.14,MW,FR,FR,actual_load,Actual Load,2026-07-30T23:05:32Z
2026-07-30T23:03:49Z,2026-07-31T01:03:49+0200,f07b8511-917b-4433-baac-8bd8534f48c3,2026-07-23T23:30:00Z,2026-07-24T01:30:00+0200,41046.19,MW,FR,FR,actual_load,Actual Load,2026-07-30T23:05:32Z
2026-07-30T23:03:49Z,2026-07-31T01:03:49+0200,f07b8511-917b-4433-baac-8bd8534f48c3,2026-07-23T23:45:00Z,2026-07-24T01:45:00+0200,40200.13,MW,FR,FR,actual_load,Actual Load,2026-07-30T23:05:32Z
2026-07-30T23:03:49Z,2026-07-31T01:03:49+0200,f07b8511-917b-4433-baac-8bd8534f48c3,2026-07-24T00:00:00Z,2026-07-24T02:00:00+0200,39862.56,MW,FR,FR,actual_load,Actual Load,2026-07-30T23:05:32Z
2026-07-30T23:03:49Z,2026-07-31T01:03:49+0200,f07b8511-917b-4433-baac-8bd8534f48c3,2026-07-24T00:15:00Z,2026-07-24T02:15:00+0200,39050.17,MW,FR,FR,actual_load,Actual Load,2026-07-30T23:05:32Z
2026-07-30T23:03:49Z,2026-07-31T01:03:49+0200,f07b8511-917b-4433-baac-8bd8534f48c3,2026-07-24T00:30:00Z,2026-07-24T02:30:00+0200,38433.41,MW,FR,FR,actual_load,Actual Load,2026-07-30T23:05:32Z
2026-07-30T23:03:49Z,2026-07-31T01:03:49+0200,f07b8511-917b-4433-baac-8bd8534f48c3,2026-07-24T00:45:00Z,2026-07-24T02:45:00+0200,37793.25,MW,FR,FR,actual_load,Actual Load,2026-07-30T23:05:32Z
2026-07-30T23:03:49Z,2026-07-31T01:03:49+0200,f07b8511-917b-4433-baac-8bd8534f48c3,2026-07-24T01:00:00Z,2026-07-24T03:00:00+0200,37570.45,MW,FR,FR,actual_load,Actual Load,2026-07-30T23:05:32Z
2026-07-30T23:03:49Z,2026-07-31T01:03:49+0200,f07b8511-917b-4433-baac-8bd8534f48c3,2026-07-24T01:15:00Z,2026-07-24T03:15:00+0200,37123.42,MW,FR,FR,actual_load,Actual Load,2026-07-30T23:05:32Z
2026-07-30T23:03:49Z,2026-07-31T01:03:49+0200,f07b8511-917b-4433-baac-8bd8534f48c3,2026-07-24T01:30:00Z,2026-07-24T03:30:00+0200,36960.78,MW,FR,FR,actual_load,Actual Load,2026-07-30T23:05:32Z
2026-07-30T23:03:49Z,2026-07-31T01:03:49+0200,f07b8511-917b-4433-baac-8bd8534f48c3,2026-07-24T01:45:00Z,2026-07-24T03:45:00+0200,36780.45,MW,FR,FR,actual_load,Actual Load,2026-07-30T23:05:32Z
2026-07-30T23:03:49Z,2026-07-31T01:03:49+0200,f07b8511-917b-4433-baac-8bd8534f48c3,2026-07-24T02:00:00Z,2026-07-24T04:00:00+0200,36639.34,MW,FR,FR,actual_load,Actual Load,2026-07-30T23:05:32Z
2026-07-30T23:03:49Z,2026-07-31T01:03:49+0200,f07b8511-917b-4433-baac-8bd8534f48c3,2026-07-24T02:15:00Z,2026-07-24T04:15:00+0200,36532.45,MW,FR,FR,actual_load,Actual Load,2026-07-30T23:05:32Z
2026-07-30T23:03:49Z,2026-07-31T01:03:49+0200,f07b8511-917b-4433-baac-8bd8534f48c3,2026-07-24T02:30:00Z,2026-07-24T04:30:00+0200,36517.79,MW,FR,FR,actual_load,Actual Load,2026-07-30T23:05:32Z
2026-07-30T23:03:49Z,2026-07-31T01:03:49+0200,f07b8511-917b-4433-baac-8bd8534f48c3,2026-07-24T02:45:00Z,2026-07-24T04:45:00+0200,36566.89,MW,FR,FR,actual_load,Actual Load,2026-07-30T23:05:32Z
2026-07-30T23:03:49Z,2026-07-31T01:03:49+0200,f07b8511-917b-4433-baac-8bd8534f48c3,2026-07-24T03:00:00Z,2026-07-24T05:00:00+0200,37237.86,MW,FR,FR,actual_load,Actual Load,2026-07-30T23:05:32Z
2026-07-30T23:03:49Z,2026-07-31T01:03:49+0200,f07b8511-917b-4433-baac-8bd8534f48c3,2026-07-24T03:15:00Z,2026-07-24T05:15:00+0200,37517.56,MW,FR,FR,actual_load,Actual Load,2026-07-30T23:05:32Z
2026-07-30T23:03:49Z,2026-07-31T01:03:49+0200,f07b8511-917b-4433-baac-8bd8534f48c3,2026-07-24T03:30:00Z,2026-07-24T05:30:00+0200,37861.45,MW,FR,FR,actual_load,Actual Load,2026-07-30T23:05:32Z
2026-07-30T23:03:49Z,2026-07-31T01:03:49+0200,f07b8511-917b-4433-baac-8bd8534f48c3,2026-07-24T03:45:00Z,2026-07-24T05:45:00+0200,38232.95,MW,FR,FR,actual_load,Actual Load,2026-07-30T23:05:32Z
2026-07-30T23:03:49Z,2026-07-31T01:03:49+0200,f07b8511-917b-4433-baac-8bd8534f48c3,2026-07-24T04:00:00Z,2026-07-24T06:00:00+0200,39023.59,MW,FR,FR,actual_load,Actual Load,2026-07-30T23:05:32Z
2026-07-30T23:03:49Z,2026-07-31T01:03:49+0200,f07b8511-917b-4433-baac-8bd8534f48c3,2026-07-24T04:15:00Z,2026-07-24T06:15:00+0200,39570.86,MW,FR,FR,actual_load,Actual Load,2026-07-30T23:05:32Z
2026-07-30T23:03:49Z,2026-07-31T01:03:49+0200,f07b8511-917b-4433-baac-8bd8534f48c3,2026-07-24T04:30:00Z,2026-07-24T06:30:00+0200,39830.08,MW,FR,FR,actual_load,Actual Load,2026-07-30T23:05:32Z
2026-07-30T23:03:49Z,2026-07-31T01:03:49+0200,f07b8511-917b-4433-baac-8bd8534f48c3,2026-07-24T04:45:00Z,2026-07-24T06:45:00+0200,40458.7,MW,FR,FR,actual_load,Actual Load,2026-07-30T23:05:32Z
2026-07-30T23:03:49Z,2026-07-31T01:03:49+0200,f07b8511-917b-4433-baac-8bd8534f48c3,2026-07-24T05:00:00Z,2026-07-24T07:00:00+0200,41082.39,MW,FR,FR,actual_load,Actual Load,2026-07-30T23:05:32Z
2026-07-30T23:03:49Z,2026-07-31T01:03:49+0200,f07b8511-917b-4433-baac-8bd8534f48c3,2026-07-24T05:15:00Z,2026-07-24T07:15:00+0200,41849.31,MW,FR,FR,actual_load,Actual Load,2026-07-30T23:05:32Z
2026-07-30T23:03:49Z,2026-07-31T01:03:49+0200,f07b8511-917b-4433-baac-8bd8534f48c3,2026-07-24T05:30:00Z,2026-07-24T07:30:00+0200,42222.2,MW,FR,FR,actual_load,Actual Load,2026-07-30T23:05:32Z
2026-07-30T23:03:49Z,2026-07-31T01:03:49+0200,f07b8511-917b-4433-baac-8bd8534f48c3,2026-07-24T05:45:00Z,2026-07-24T07:45:00+0200,43058.78,MW,FR,FR,actual_load,Actual Load,2026-07-30T23:05:32Z
2026-07-30T23:03:49Z,2026-07-31T01:03:49+0200,f07b8511-917b-4433-baac-8bd8534f48c3,2026-07-24T06:00:00Z,2026-07-24T08:00:00+0200,43758.77,MW,FR,FR,actual_load,Actual Load,2026-07-30T23:05:32Z
2026-07-30T23:03:49Z,2026-07-31T01:03:49+0200,f07b8511-917b-4433-baac-8bd8534f48c3,2026-07-24T06:15:00Z,2026-07-24T08:15:00+0200,44325.88,MW,FR,FR,actual_load,Actual Load,2026-07-30T23:05:32Z
2026-07-30T23:03:49Z,2026-07-31T01:03:49+0200,f07b8511-917b-4433-baac-8bd8534f48c3,2026-07-24T06:30:00Z,2026-07-24T08:30:00+0200,44667.22,MW,FR,FR,actual_load,Actual Load,2026-07-30T23:05:32Z
2026-07-30T23:03:49Z,2026-07-31T01:03:49+0200,f07b8511-917b-4433-baac-8bd8534f48c3,2026-07-24T06:45:00Z,2026-07-24T08:45:00+0200,45046.52,MW,FR,FR,actual_load,Actual Load,2026-07-30T23:05:32Z
2026-07-30T23:03:49Z,2026-07-31T01:03:49+0200,f07b8511-917b-4433-baac-8bd8534f48c3,2026-07-24T07:00:00Z,2026-07-24T09:00:00+0200,45402.76,MW,FR,FR,actual_load,Actual Load,2026-07-30T23:05:32Z
2026-07-30T23:03:49Z,2026-07-31T01:03:49+0200,f07b8511-917b-4433-baac-8bd8534f48c3,2026-07-24T07:15:00Z,2026-07-24T09:15:00+0200,45866.61,MW,FR,FR,actual_load,Actual Load,2026-07-30T23:05:32Z
2026-07-30T23:03:49Z,2026-07-31T01:03:49+0200,f07b8511-917b-4433-baac-8bd8534f48c3,2026-07-24T07:30:00Z,2026-07-24T09:30:00+0200,46421.6,MW,FR,FR,actual_load,Actual Load,2026-07-30T23:05:32Z
2026-07-30T23:03:49Z,2026-07-31T01:03:49+0200,f07b8511-917b-4433-baac-8bd8534f48c3,2026-07-24T07:45:00Z,2026-07-24T09:45:00+0200,46659.48,MW,FR,FR,actual_load,Actual Load,2026-07-30T23:05:32Z
2026-07-30T23:03:49Z,2026-07-31T01:03:49+0200,f07b8511-917b-4433-baac-8bd8534f48c3,2026-07-24T08:00:00Z,2026-07-24T10:00:00+0200,47019.16,MW,FR,FR,actual_load,Actual Load,2026-07-30T23:05:32Z
2026-07-30T23:03:49Z,2026-07-31T01:03:49+0200,f07b8511-917b-4433-baac-8bd8534f48c3,2026-07-24T08:15:00Z,2026-07-24T10:15:00+0200,47234.87,MW,FR,FR,actual_load,Actual Load,2026-07-30T23:05:32Z
2026-07-30T23:03:49Z,2026-07-31T01:03:49+0200,f07b8511-917b-4433-baac-8bd8534f48c3,2026-07-24T08:30:00Z,2026-07-24T10:30:00+0200,47379.36,MW,FR,FR,actual_load,Actual Load,2026-07-30T23:05:32Z
2026-07-30T23:03:49Z,2026-07-31T01:03:49+0200,f07b8511-917b-4433-baac-8bd8534f48c3,2026-07-24T08:45:00Z,2026-07-24T10:45:00+0200,47629.02,MW,FR,FR,actual_load,Actual Load,2026-07-30T23:05:32Z
2026-07-30T23:03:49Z,2026-07-31T01:03:49+0200,f07b8511-917b-4433-baac-8bd8534f48c3,2026-07-24T09:00:00Z,2026-07-24T11:00:00+0200,47881.98,MW,FR,FR,actual_load,Actual Load,2026-07-30T23:05:32Z
2026-07-30T23:03:49Z,2026-07-31T01:03:49+0200,f07b8511-917b-4433-baac-8bd8534f48c3,2026-07-24T09:15:00Z,2026-07-24T11:15:00+0200,48362.49,MW,FR,FR,actual_load,Actual Load,2026-07-30T23:05:32Z
2026-07-30T23:03:49Z,2026-07-31T01:03:49+0200,f07b8511-917b-4433-baac-8bd8534f48c3,2026-07-24T09:30:00Z,2026-07-24T11:30:00+0200,48636.29,MW,FR,FR,actual_load,Actual Load,2026-07-30T23:05:32Z
2026-07-30T23:03:49Z,2026-07-31T01:03:49+0200,f07b8511-917b-4433-baac-8bd8534f48c3,2026-07-24T09:45:00Z,2026-07-24T11:45:00+0200,48969.52,MW,FR,FR,actual_load,Actual Load,2026-07-30T23:05:32Z
2026-07-30T23:03:49Z,2026-07-31T01:03:49+0200,f07b8511-917b-4433-baac-8bd8534f48c3,2026-07-24T10:00:00Z,2026-07-24T12:00:00+0200,49335.23,MW,FR,FR,actual_load,Actual Load,2026-07-30T23:05:32Z
2026-07-30T23:03:49Z,2026-07-31T01:03:49+0200,f07b8511-917b-4433-baac-8bd8534f48c3,2026-07-24T10:15:00Z,2026-07-24T12:15:00+0200,49420.21,MW,FR,FR,actual_load,Actual Load,2026-07-30T23:05:32Z
2026-07-30T23:03:49Z,2026-07-31T01:03:49+0200,f07b8511-917b-4433-baac-8bd8534f48c3,2026-07-24T10:30:00Z,2026-07-24T12:30:00+0200,49831.1,MW,FR,FR,actual_load,Actual Load,2026-07-30T23:05:32Z
2026-07-30T23:03:49Z,2026-07-31T01:03:49+0200,f07b8511-917b-4433-baac-8bd8534f48c3,2026-07-24T10:45:00Z,2026-07-24T12:45:00+0200,49444.77,MW,FR,FR,actual_load,Actual Load,2026-07-30T23:05:32Z
2026-07-30T23:03:49Z,2026-07-31T01:03:49+0200,f07b8511-917b-4433-baac-8bd8534f48c3,2026-07-24T11:00:00Z,2026-07-24T13:00:00+0200,49341.75,MW,FR,FR,actual_load,Actual Load,2026-07-30T23:05:32Z
2026-07-30T23:03:49Z,2026-07-31T01:03:49+0200,f07b8511-917b-4433-baac-8bd8534f48c3,2026-07-24T11:15:00Z,2026-07-24T13:15:00+0200,48982.79,MW,FR,FR,actual_load,Actual Load,2026-07-30T23:05:32Z
2026-07-30T23:03:49Z,2026-07-31T01:03:49+0200,f07b8511-917b-4433-baac-8bd8534f48c3,2026-07-24T11:30:00Z,2026-07-24T13:30:00+0200,49028.19,MW,FR,FR,actual_load,Actual Load,2026-07-30T23:05:32Z
2026-07-30T23:03:49Z,2026-07-31T01:03:49+0200,f07b8511-917b-4433-baac-8bd8534f48c3,2026-07-24T11:45:00Z,2026-07-24T13:45:00+0200,49282.93,MW,FR,FR,actual_load,Actual Load,2026-07-30T23:05:32Z
2026-07-30T23:03:49Z,2026-07-31T01:03:49+0200,f07b8511-917b-4433-baac-8bd8534f48c3,2026-07-24T12:00:00Z,2026-07-24T14:00:00+0200,50106.25,MW,FR,FR,actual_load,Actual Load,2026-07-30T23:05:32Z
2026-07-30T23:03:49Z,2026-07-31T01:03:49+0200,f07b8511-917b-4433-baac-8bd8534f48c3,2026-07-24T12:15:00Z,2026-07-24T14:15:00+0200,49886.52,MW,FR,FR,actual_load,Actual Load,2026-07-30T23:05:32Z
2026-07-30T23:03:49Z,2026-07-31T01:03:49+0200,f07b8511-917b-4433-baac-8bd8534f48c3,2026-07-24T12:30:00Z,2026-07-24T14:30:00+0200,49915.58,MW,FR,FR,actual_load,Actual Load,2026-07-30T23:05:32Z
2026-07-30T23:03:49Z,2026-07-31T01:03:49+0200,f07b8511-917b-4433-baac-8bd8534f48c3,2026-07-24T12:45:00Z,2026-07-24T14:45:00+0200,49585.49,MW,FR,FR,actual_load,Actual Load,2026-07-30T23:05:32Z
2026-07-30T23:03:49Z,2026-07-31T01:03:49+0200,f07b8511-917b-4433-baac-8bd8534f48c3,2026-07-24T13:00:00Z,2026-07-24T15:00:00+0200,49504.21,MW,FR,FR,actual_load,Actual Load,2026-07-30T23:05:32Z
2026-07-30T23:03:49Z,2026-07-31T01:03:49+0200,f07b8511-917b-4433-baac-8bd8534f48c3,2026-07-24T13:15:00Z,2026-07-24T15:15:00+0200,49029.04,MW,FR,FR,actual_load,Actual Load,2026-07-30T23:05:32Z
2026-07-30T23:03:49Z,2026-07-31T01:03:49+0200,f07b8511-917b-4433-baac-8bd8534f48c3,2026-07-24T13:30:00Z,2026-07-24T15:30:00+0200,48817.98,MW,FR,FR,actual_load,Actual Load,2026-07-30T23:05:32Z
2026-07-30T23:03:49Z,2026-07-31T01:03:49+0200,f07b8511-917b-4433-baac-8bd8534f48c3,2026-07-24T13:45:00Z,2026-07-24T15:45:00+0200,48372.92,MW,FR,FR,actual_load,Actual Load,2026-07-30T23:05:32Z
2026-07-30T23:03:49Z,2026-07-31T01:03:49+0200,f07b8511-917b-4433-baac-8bd8534f48c3,2026-07-24T14:00:00Z,2026-07-24T16:00:00+0200,48084.63,MW,FR,FR,actual_load,Actual Load,2026-07-30T23:05:32Z
2026-07-30T23:03:49Z,2026-07-31T01:03:49+0200,f07b8511-917b-4433-baac-8bd8534f48c3,2026-07-24T14:15:00Z,2026-07-24T16:15:00+0200,48098.87,MW,FR,FR,actual_load,Actual Load,2026-07-30T23:05:32Z
2026-07-30T23:03:49Z,2026-07-31T01:03:49+0200,f07b8511-917b-4433-baac-8bd8534f48c3,2026-07-24T14:30:00Z,2026-07-24T16:30:00+0200,48284.07,MW,FR,FR,actual_load,Actual Load,2026-07-30T23:05:32Z
2026-07-30T23:03:49Z,2026-07-31T01:03:49+0200,f07b8511-917b-4433-baac-8bd8534f48c3,2026-07-24T14:45:00Z,2026-07-24T16:45:00+0200,48086.2,MW,FR,FR,actual_load,Actual Load,2026-07-30T23:05:32Z
2026-07-30T23:03:49Z,2026-07-31T01:03:49+0200,f07b8511-917b-4433-baac-8bd8534f48c3,2026-07-24T15:00:00Z,2026-07-24T17:00:00+0200,47946.99,MW,FR,FR,actual_load,Actual Load,2026-07-30T23:05:32Z
2026-07-30T23:03:49Z,2026-07-31T01:03:49+0200,f07b8511-917b-4433-baac-8bd8534f48c3,2026-07-24T15:15:00Z,2026-07-24T17:15:00+0200,48093.36,MW,FR,FR,actual_load,Actual Load,2026-07-30T23:05:32Z
2026-07-30T23:03:49Z,2026-07-31T01:03:49+0200,f07b8511-917b-4433-baac-8bd8534f48c3,2026-07-24T15:30:00Z,2026-07-24T17:30:00+0200,48253.16,MW,FR,FR,actual_load,Actual Load,2026-07-30T23:05:32Z
2026-07-30T23:03:49Z,2026-07-31T01:03:49+0200,f07b8511-917b-4433-baac-8bd8534f48c3,2026-07-24T15:45:00Z,2026-07-24T17:45:00+0200,48445.59,MW,FR,FR,actual_load,Actual Load,2026-07-30T23:05:32Z
2026-07-30T23:03:49Z,2026-07-31T01:03:49+0200,f07b8511-917b-4433-baac-8bd8534f48c3,2026-07-24T16:00:00Z,2026-07-24T18:00:00+0200,48776.1,MW,FR,FR,actual_load,Actual Load,2026-07-30T23:05:32Z
2026-07-30T23:03:49Z,2026-07-31T01:03:49+0200,f07b8511-917b-4433-baac-8bd8534f48c3,2026-07-24T16:15:00Z,2026-07-24T18:15:00+0200,48897.78,MW,FR,FR,actual_load,Actual Load,2026-07-30T23:05:32Z
2026-07-30T23:03:49Z,2026-07-31T01:03:49+0200,f07b8511-917b-4433-baac-8bd8534f48c3,2026-07-24T16:30:00Z,2026-07-24T18:30:00+0200,49279.56,MW,FR,FR,actual_load,Actual Load,2026-07-30T23:05:32Z
2026-07-30T23:03:49Z,2026-07-31T01:03:49+0200,f07b8511-917b-4433-baac-8bd8534f48c3,2026-07-24T16:45:00Z,2026-07-24T18:45:00+0200,49654.89,MW,FR,FR,actual_load,Actual Load,2026-07-30T23:05:32Z
2026-07-30T23:03:49Z,2026-07-31T01:03:49+0200,f07b8511-917b-4433-baac-8bd8534f48c3,2026-07-24T17:00:00Z,2026-07-24T19:00:00+0200,49708.8,MW,FR,FR,actual_load,Actual Load,2026-07-30T23:05:32Z
2026-07-30T23:03:49Z,2026-07-31T01:03:49+0200,f07b8511-917b-4433-baac-8bd8534f48c3,2026-07-24T17:15:00Z,2026-07-24T19:15:00+0200,49390.4,MW,FR,FR,actual_load,Actual Load,2026-07-30T23:05:32Z
2026-07-30T23:03:49Z,2026-07-31T01:03:49+0200,f07b8511-917b-4433-baac-8bd8534f48c3,2026-07-24T17:30:00Z,2026-07-24T19:30:00+0200,49257.01,MW,FR,FR,actual_load,Actual Load,2026-07-30T23:05:32Z
2026-07-30T23:03:49Z,2026-07-31T01:03:49+0200,f07b8511-917b-4433-baac-8bd8534f48c3,2026-07-24T17:45:00Z,2026-07-24T19:45:00+0200,48925.85,MW,FR,FR,actual_load,Actual Load,2026-07-30T23:05:32Z
2026-07-30T23:03:49Z,2026-07-31T01:03:49+0200,f07b8511-917b-4433-baac-8bd8534f48c3,2026-07-24T18:00:00Z,2026-07-24T20:00:00+0200,48351.92,MW,FR,FR,actual_load,Actual Load,2026-07-30T23:05:32Z
2026-07-30T23:03:49Z,2026-07-31T01:03:49+0200,f07b8511-917b-4433-baac-8bd8534f48c3,2026-07-24T18:15:00Z,2026-07-24T20:15:00+0200,47589.03,MW,FR,FR,actual_load,Actual Load,2026-07-30T23:05:32Z
2026-07-30T23:03:49Z,2026-07-31T01:03:49+0200,f07b8511-917b-4433-baac-8bd8534f48c3,2026-07-24T18:30:00Z,2026-07-24T20:30:00+0200,46903.63,MW,FR,FR,actual_load,Actual Load,2026-07-30T23:05:32Z
2026-07-30T23:03:49Z,2026-07-31T01:03:49+0200,f07b8511-917b-4433-baac-8bd8534f48c3,2026-07-24T18:45:00Z,2026-07-24T20:45:00+0200,46435.5,MW,FR,FR,actual_load,Actual Load,2026-07-30T23:05:32Z
2026-07-30T23:03:49Z,2026-07-31T01:03:49+0200,f07b8511-917b-4433-baac-8bd8534f48c3,2026-07-24T19:00:00Z,2026-07-24T21:00:00+0200,46106.7,MW,FR,FR,actual_load,Actual Load,2026-07-30T23:05:32Z
2026-07-30T23:03:49Z,2026-07-31T01:03:49+0200,f07b8511-917b-4433-baac-8bd8534f48c3,2026-07-24T19:15:00Z,2026-07-24T21:15:00+0200,45623.13,MW,FR,FR,actual_load,Actual Load,2026-07-30T23:05:32Z
2026-07-30T23:03:49Z,2026-07-31T01:03:49+0200,f07b8511-917b-4433-baac-8bd8534f48c3,2026-07-24T19:30:00Z,2026-07-24T21:30:00+0200,45511.94,MW,FR,FR,actual_load,Actual Load,2026-07-30T23:05:32Z
2026-07-30T23:03:49Z,2026-07-31T01:03:49+0200,f07b8511-917b-4433-baac-8bd8534f48c3,2026-07-24T19:45:00Z,2026-07-24T21:45:00+0200,45339.61,MW,FR,FR,actual_load,Actual Load,2026-07-30T23:05:32Z
2026-07-30T23:03:49Z,2026-07-31T01:03:49+0200,f07b8511-917b-4433-baac-8bd8534f48c3,2026-07-24T20:00:00Z,2026-07-24T22:00:00+0200,46522.46,MW,FR,FR,actual_load,Actual Load,2026-07-30T23:05:32Z
2026-07-30T23:03:49Z,2026-07-31T01:03:49+0200,f07b8511-917b-4433-baac-8bd8534f48c3,2026-07-24T20:15:00Z,2026-07-24T22:15:00+0200,46271.8,MW,FR,FR,actual_load,Actual Load,2026-07-30T23:05:32Z
2026-07-30T23:03:49Z,2026-07-31T01:03:49+0200,f07b8511-917b-4433-baac-8bd8534f48c3,2026-07-24T20:30:00Z,2026-07-24T22:30:00+0200,47301.81,MW,FR,FR,actual_load,Actual Load,2026-07-30T23:05:32Z
2026-07-30T23:03:49Z,2026-07-31T01:03:49+0200,f07b8511-917b-4433-baac-8bd8534f48c3,2026-07-24T20:45:00Z,2026-07-24T22:45:00+0200,46819.75,MW,FR,FR,actual_load,Actual Load,2026-07-30T23:05:32Z
2026-07-30T23:03:49Z,2026-07-31T01:03:49+0200,f07b8511-917b-4433-baac-8bd8534f48c3,2026-07-24T21:00:00Z,2026-07-24T23:00:00+0200,46640.47,MW,FR,FR,actual_load,Actual Load,2026-07-30T23:05:32Z
2026-07-30T23:03:49Z,2026-07-31T01:03:49+0200,f07b8511-917b-4433-baac-8bd8534f48c3,2026-07-24T21:15:00Z,2026-07-24T23:15:00+0200,45627.06,MW,FR,FR,actual_load,Actual Load,2026-07-30T23:05:32Z
2026-07-30T23:03:49Z,2026-07-31T01:03:49+0200,f07b8511-917b-4433-baac-8bd8534f48c3,2026-07-24T21:30:00Z,2026-07-24T23:30:00+0200,45858.38,MW,FR,FR,actual_load,Actual Load,2026-07-30T23:05:32Z
2026-07-30T23:03:49Z,2026-07-31T01:03:49+0200,f07b8511-917b-4433-baac-8bd8534f48c3,2026-07-24T21:45:00Z,2026-07-24T23:45:00+0200,44816.84,MW,FR,FR,actual_load,Actual Load,2026-07-30T23:05:32Z
2026-07-30T23:03:49Z,2026-07-31T01:03:49+0200,f07b8511-917b-4433-baac-8bd8534f48c3,2026-07-24T22:00:00Z,2026-07-25T00:00:00+0200,44573.83,MW,FR,FR,actual_load,Actual Load,2026-07-30T23:05:32Z
2026-07-30T23:03:49Z,2026-07-31T01:03:49+0200,f07b8511-917b-4433-baac-8bd8534f48c3,2026-07-24T22:15:00Z,2026-07-25T00:15:00+0200,43247.91,MW,FR,FR,actual_load,Actual Load,2026-07-30T23:05:32Z
2026-07-30T23:03:49Z,2026-07-31T01:03:49+0200,f07b8511-917b-4433-baac-8bd8534f48c3,2026-07-24T22:30:00Z,2026-07-25T00:30:00+0200,42083.04,MW,FR,FR,actual_load,Actual Load,2026-07-30T23:05:32Z
2026-07-30T23:03:49Z,2026-07-31T01:03:49+0200,f07b8511-917b-4433-baac-8bd8534f48c3,2026-07-24T22:45:00Z,2026-07-25T00:45:00+0200,41171.49,MW,FR,FR,actual_load,Actual Load,2026-07-30T23:05:32Z
2026-07-30T23:03:49Z,2026-07-31T01:03:49+0200,f07b8511-917b-4433-baac-8bd8534f48c3,2026-07-24T23:00:00Z,2026-07-25T01:00:00+0200,41253.93,MW,FR,FR,actual_load,Actual Load,2026-07-30T23:05:32Z
2026-07-30T23:03:49Z,2026-07-31T01:03:49+0200,f07b8511-917b-4433-baac-8bd8534f48c3,2026-07-24T23:15:00Z,2026-07-25T01:15:00+0200,40693.08,MW,FR,FR,actual_load,Actual Load,2026-07-30T23:05:32Z
2026-07-30T23:03:49Z,2026-07-31T01:03:49+0200,f07b8511-917b-4433-baac-8bd8534f48c3,2026-07-24T23:30:00Z,2026-07-25T01:30:00+0200,40594.25,MW,FR,FR,actual_load,Actual Load,2026-07-30T23:05:32Z
2026-07-30T23:03:49Z,2026-07-31T01:03:49+0200,f07b8511-917b-4433-baac-8bd8534f48c3,2026-07-24T23:45:00Z,2026-07-25T01:45:00+0200,39701.23,MW,FR,FR,actual_load,Actual Load,2026-07-30T23:05:32Z
2026-07-30T23:03:49Z,2026-07-31T01:03:49+0200,f07b8511-917b-4433-baac-8bd8534f48c3,2026-07-25T00:00:00Z,2026-07-25T02:00:00+0200,39394.19,MW,FR,FR,actual_load,Actual Load,2026-07-30T23:05:32Z
2026-07-30T23:03:49Z,2026-07-31T01:03:49+0200,f07b8511-917b-4433-baac-8bd8534f48c3,2026-07-25T00:15:00Z,2026-07-25T02:15:00+0200,38524.35,MW,FR,FR,actual_load,Actual Load,2026-07-30T23:05:32Z
2026-07-30T23:03:49Z,2026-07-31T01:03:49+0200,f07b8511-917b-4433-baac-8bd8534f48c3,2026-07-25T00:30:00Z,2026-07-25T02:30:00+0200,37806.63,MW,FR,FR,actual_load,Actual Load,2026-07-30T23:05:32Z
2026-07-30T23:03:49Z,2026-07-31T01:03:49+0200,f07b8511-917b-4433-baac-8bd8534f48c3,2026-07-25T00:45:00Z,2026-07-25T02:45:00+0200,37278.91,MW,FR,FR,actual_load,Actual Load,2026-07-30T23:05:32Z
2026-07-30T23:03:49Z,2026-07-31T01:03:49+0200,f07b8511-917b-4433-baac-8bd8534f48c3,2026-07-25T01:00:00Z,2026-07-25T03:00:00+0200,36688.69,MW,FR,FR,actual_load,Actual Load,2026-07-30T23:05:32Z
2026-07-30T23:03:49Z,2026-07-31T01:03:49+0200,f07b8511-917b-4433-baac-8bd8534f48c3,2026-07-25T01:15:00Z,2026-07-25T03:15:00+0200,36228.97,MW,FR,FR,actual_load,Actual Load,2026-07-30T23:05:32Z
2026-07-30T23:03:49Z,2026-07-31T01:03:49+0200,f07b8511-917b-4433-baac-8bd8534f48c3,2026-07-25T01:30:00Z,2026-07-25T03:30:00+0200,35939.8,MW,FR,FR,actual_load,Actual Load,2026-07-30T23:05:32Z
2026-07-30T23:03:49Z,2026-07-31T01:03:49+0200,f07b8511-917b-4433-baac-8bd8534f48c3,2026-07-25T01:45:00Z,2026-07-25T03:45:00+0200,35659.53,MW,FR,FR,actual_load,Actual Load,2026-07-30T23:05:32Z
2026-07-30T23:03:49Z,2026-07-31T01:03:49+0200,f07b8511-917b-4433-baac-8bd8534f48c3,2026-07-25T02:00:00Z,2026-07-25T04:00:00+0200,35594.9,MW,FR,FR,actual_load,Actual Load,2026-07-30T23:05:32Z
2026-07-30T23:03:49Z,2026-07-31T01:03:49+0200,f07b8511-917b-4433-baac-8bd8534f48c3,2026-07-25T02:15:00Z,2026-07-25T04:15:00+0200,35354.67,MW,FR,FR,actual_load,Actual Load,2026-07-30T23:05:32Z
2026-07-30T23:03:49Z,2026-07-31T01:03:49+0200,f07b8511-917b-4433-baac-8bd8534f48c3,2026-07-25T02:30:00Z,2026-07-25T04:30:00+0200,35316.87,MW,FR,FR,actual_load,Actual Load,2026-07-30T23:05:32Z
2026-07-30T23:03:49Z,2026-07-31T01:03:49+0200,f07b8511-917b-4433-baac-8bd8534f48c3,2026-07-25T02:45:00Z,2026-07-25T04:45:00+0200,35108.59,MW,FR,FR,actual_load,Actual Load,2026-07-30T23:05:32Z
2026-07-30T23:03:49Z,2026-07-31T01:03:49+0200,f07b8511-917b-4433-baac-8bd8534f48c3,2026-07-25T03:00:00Z,2026-07-25T05:00:00+0200,35295.07,MW,FR,FR,actual_load,Actual Load,2026-07-30T23:05:32Z
2026-07-30T23:03:49Z,2026-07-31T01:03:49+0200,f07b8511-917b-4433-baac-8bd8534f48c3,2026-07-25T03:15:00Z,2026-07-25T05:15:00+0200,35370.46,MW,FR,FR,actual_load,Actual Load,2026-07-30T23:05:32Z
2026-07-30T23:03:49Z,2026-07-31T01:03:49+0200,f07b8511-917b-4433-baac-8bd8534f48c3,2026-07-25T03:30:00Z,2026-07-25T05:30:00+0200,35455.98,MW,FR,FR,actual_load,Actual Load,2026-07-30T23:05:32Z
2026-07-30T23:03:49Z,2026-07-31T01:03:49+0200,f07b8511-917b-4433-baac-8bd8534f48c3,2026-07-25T03:45:00Z,2026-07-25T05:45:00+0200,35389.58,MW,FR,FR,actual_load,Actual Load,2026-07-30T23:05:32Z
2026-07-30T23:03:49Z,2026-07-31T01:03:49+0200,f07b8511-917b-4433-baac-8bd8534f48c3,2026-07-25T04:00:00Z,2026-07-25T06:00:00+0200,35525.22,MW,FR,FR,actual_load,Actual Load,2026-07-30T23:05:32Z
2026-07-30T23:03:49Z,2026-07-31T01:03:49+0200,f07b8511-917b-4433-baac-8bd8534f48c3,2026-07-25T04:15:00Z,2026-07-25T06:15:00+0200,35494.78,MW,FR,FR,actual_load,Actual Load,2026-07-30T23:05:32Z
2026-07-30T23:03:49Z,2026-07-31T01:03:49+0200,f07b8511-917b-4433-baac-8bd8534f48c3,2026-07-25T04:30:00Z,2026-07-25T06:30:00+0200,35527.17,MW,FR,FR,actual_load,Actual Load,2026-07-30T23:05:32Z
2026-07-30T23:03:49Z,2026-07-31T01:03:49+0200,f07b8511-917b-4433-baac-8bd8534f48c3,2026-07-25T04:45:00Z,2026-07-25T06:45:00+0200,35724.76,MW,FR,FR,actual_load,Actual Load,2026-07-30T23:05:32Z
2026-07-30T23:03:49Z,2026-07-31T01:03:49+0200,f07b8511-917b-4433-baac-8bd8534f48c3,2026-07-25T05:00:00Z,2026-07-25T07:00:00+0200,36057.09,MW,FR,FR,actual_load,Actual Load,2026-07-30T23:05:32Z
2026-07-30T23:03:49Z,2026-07-31T01:03:49+0200,f07b8511-917b-4433-baac-8bd8534f48c3,2026-07-25T05:15:00Z,2026-07-25T07:15:00+0200,36211.69,MW,FR,FR,actual_load,Actual Load,2026-07-30T23:05:32Z
2026-07-30T23:03:49Z,2026-07-31T01:03:49+0200,f07b8511-917b-4433-baac-8bd8534f48c3,2026-07-25T05:30:00Z,2026-07-25T07:30:00+0200,36500.09,MW,FR,FR,actual_load,Actual Load,2026-07-30T23:05:32Z
2026-07-30T23:03:49Z,2026-07-31T01:03:49+0200,f07b8511-917b-4433-baac-8bd8534f48c3,2026-07-25T05:45:00Z,2026-07-25T07:45:00+0200,37003.4,MW,FR,FR,actual_load,Actual Load,2026-07-30T23:05:32Z
2026-07-30T23:03:49Z,2026-07-31T01:03:49+0200,f07b8511-917b-4433-baac-8bd8534f48c3,2026-07-25T06:00:00Z,2026-07-25T08:00:00+0200,37712.67,MW,FR,FR,actual_load,Actual Load,2026-07-30T23:05:32Z
2026-07-30T23:03:49Z,2026-07-31T01:03:49+0200,f07b8511-917b-4433-baac-8bd8534f48c3,2026-07-25T06:15:00Z,2026-07-25T08:15:00+0200,37947.01,MW,FR,FR,actual_load,Actual Load,2026-07-30T23:05:32Z
2026-07-30T23:03:49Z,2026-07-31T01:03:49+0200,f07b8511-917b-4433-baac-8bd8534f48c3,2026-07-25T06:30:00Z,2026-07-25T08:30:00+0200,38708.48,MW,FR,FR,actual_load,Actual Load,2026-07-30T23:05:32Z
2026-07-30T23:03:49Z,2026-07-31T01:03:49+0200,f07b8511-917b-4433-baac-8bd8534f48c3,2026-07-25T06:45:00Z,2026-07-25T08:45:00+0200,38988.06,MW,FR,FR,actual_load,Actual Load,2026-07-30T23:05:32Z
2026-07-30T23:03:49Z,2026-07-31T01:03:49+0200,f07b8511-917b-4433-baac-8bd8534f48c3,2026-07-25T07:00:00Z,2026-07-25T09:00:00+0200,39735.43,MW,FR,FR,actual_load,Actual Load,2026-07-30T23:05:32Z
2026-07-30T23:03:49Z,2026-07-31T01:03:49+0200,f07b8511-917b-4433-baac-8bd8534f48c3,2026-07-25T07:15:00Z,2026-07-25T09:15:00+0200,40463.92,MW,FR,FR,actual_load,Actual Load,2026-07-30T23:05:32Z
2026-07-30T23:03:49Z,2026-07-31T01:03:49+0200,f07b8511-917b-4433-baac-8bd8534f48c3,2026-07-25T07:30:00Z,2026-07-25T09:30:00+0200,40729.88,MW,FR,FR,actual_load,Actual Load,2026-07-30T23:05:32Z
2026-07-30T23:03:49Z,2026-07-31T01:03:49+0200,f07b8511-917b-4433-baac-8bd8534f48c3,2026-07-25T07:45:00Z,2026-07-25T09:45:00+0200,41379.03,MW,FR,FR,actual_load,Actual Load,2026-07-30T23:05:32Z
2026-07-30T23:03:49Z,2026-07-31T01:03:49+0200,f07b8511-917b-4433-baac-8bd8534f48c3,2026-07-25T08:00:00Z,2026-07-25T10:00:00+0200,41763.31,MW,FR,FR,actual_load,Actual Load,2026-07-30T23:05:32Z
2026-07-30T23:03:49Z,2026-07-31T01:03:49+0200,f07b8511-917b-4433-baac-8bd8534f48c3,2026-07-25T08:15:00Z,2026-07-25T10:15:00+0200,42374.22,MW,FR,FR,actual_load,Actual Load,2026-07-30T23:05:32Z
2026-07-30T23:03:49Z,2026-07-31T01:03:49+0200,f07b8511-917b-4433-baac-8bd8534f48c3,2026-07-25T08:30:00Z,2026-07-25T10:30:00+0200,42712.14,MW,FR,FR,actual_load,Actual Load,2026-07-30T23:05:32Z
2026-07-30T23:03:49Z,2026-07-31T01:03:49+0200,f07b8511-917b-4433-baac-8bd8534f48c3,2026-07-25T08:45:00Z,2026-07-25T10:45:00+0200,42753.67,MW,FR,FR,actual_load,Actual Load,2026-07-30T23:05:32Z
2026-07-30T23:03:49Z,2026-07-31T01:03:49+0200,f07b8511-917b-4433-baac-8bd8534f48c3,2026-07-25T09:00:00Z,2026-07-25T11:00:00+0200,43282.95,MW,FR,FR,actual_load,Actual Load,2026-07-30T23:05:32Z
2026-07-30T23:03:49Z,2026-07-31T01:03:49+0200,f07b8511-917b-4433-baac-8bd8534f48c3,2026-07-25T09:15:00Z,2026-07-25T11:15:00+0200,43414.41,MW,FR,FR,actual_load,Actual Load,2026-07-30T23:05:32Z
2026-07-30T23:03:49Z,2026-07-31T01:03:49+0200,f07b8511-917b-4433-baac-8bd8534f48c3,2026-07-25T09:30:00Z,2026-07-25T11:30:00+0200,43679.79,MW,FR,FR,actual_load,Actual Load,2026-07-30T23:05:32Z
2026-07-30T23:03:49Z,2026-07-31T01:03:49+0200,f07b8511-917b-4433-baac-8bd8534f48c3,2026-07-25T09:45:00Z,2026-07-25T11:45:00+0200,43825.25,MW,FR,FR,actual_load,Actual Load,2026-07-30T23:05:32Z
2026-07-30T23:03:49Z,2026-07-31T01:03:49+0200,f07b8511-917b-4433-baac-8bd8534f48c3,2026-07-25T10:00:00Z,2026-07-25T12:00:00+0200,44207.59,MW,FR,FR,actual_load,Actual Load,2026-07-30T23:05:32Z
2026-07-30T23:03:49Z,2026-07-31T01:03:49+0200,f07b8511-917b-4433-baac-8bd8534f48c3,2026-07-25T10:15:00Z,2026-07-25T12:15:00+0200,44728.53,MW,FR,FR,actual_load,Actual Load,2026-07-30T23:05:32Z
2026-07-30T23:03:49Z,2026-07-31T01:03:49+0200,f07b8511-917b-4433-baac-8bd8534f48c3,2026-07-25T10:30:00Z,2026-07-25T12:30:00+0200,45369.97,MW,FR,FR,actual_load,Actual Load,2026-07-30T23:05:32Z
2026-07-30T23:03:49Z,2026-07-31T01:03:49+0200,f07b8511-917b-4433-baac-8bd8534f48c3,2026-07-25T10:45:00Z,2026-07-25T12:45:00+0200,44936.51,MW,FR,FR,actual_load,Actual Load,2026-07-30T23:05:32Z
2026-07-30T23:03:49Z,2026-07-31T01:03:49+0200,f07b8511-917b-4433-baac-8bd8534f48c3,2026-07-25T11:00:00Z,2026-07-25T13:00:00+0200,44366.32,MW,FR,FR,actual_load,Actual Load,2026-07-30T23:05:32Z
2026-07-30T23:03:49Z,2026-07-31T01:03:49+0200,f07b8511-917b-4433-baac-8bd8534f48c3,2026-07-25T11:15:00Z,2026-07-25T13:15:00+0200,43830.62,MW,FR,FR,actual_load,Actual Load,2026-07-30T23:05:32Z
2026-07-30T23:03:49Z,2026-07-31T01:03:49+0200,f07b8511-917b-4433-baac-8bd8534f48c3,2026-07-25T11:30:00Z,2026-07-25T13:30:00+0200,43467.54,MW,FR,FR,actual_load,Actual Load,2026-07-30T23:05:32Z
2026-07-30T23:03:49Z,2026-07-31T01:03:49+0200,f07b8511-917b-4433-baac-8bd8534f48c3,2026-07-25T11:45:00Z,2026-07-25T13:45:00+0200,43256.84,MW,FR,FR,actual_load,Actual Load,2026-07-30T23:05:32Z
2026-07-30T23:03:49Z,2026-07-31T01:03:49+0200,f07b8511-917b-4433-baac-8bd8534f48c3,2026-07-25T12:00:00Z,2026-07-25T14:00:00+0200,44270.34,MW,FR,FR,actual_load,Actual Load,2026-07-30T23:05:32Z
2026-07-30T23:03:49Z,2026-07-31T01:03:49+0200,f07b8511-917b-4433-baac-8bd8534f48c3,2026-07-25T12:15:00Z,2026-07-25T14:15:00+0200,44129.22,MW,FR,FR,actual_load,Actual Load,2026-07-30T23:05:32Z
2026-07-30T23:03:49Z,2026-07-31T01:03:49+0200,f07b8511-917b-4433-baac-8bd8534f48c3,2026-07-25T12:30:00Z,2026-07-25T14:30:00+0200,44218.8,MW,FR,FR,actual_load,Actual Load,2026-07-30T23:05:32Z
2026-07-30T23:03:49Z,2026-07-31T01:03:49+0200,f07b8511-917b-4433-baac-8bd8534f48c3,2026-07-25T12:45:00Z,2026-07-25T14:45:00+0200,43987.92,MW,FR,FR,actual_load,Actual Load,2026-07-30T23:05:32Z
2026-07-30T23:03:49Z,2026-07-31T01:03:49+0200,f07b8511-917b-4433-baac-8bd8534f48c3,2026-07-25T13:00:00Z,2026-07-25T15:00:00+0200,44108.23,MW,FR,FR,actual_load,Actual Load,2026-07-30T23:05:32Z
2026-07-30T23:03:49Z,2026-07-31T01:03:49+0200,f07b8511-917b-4433-baac-8bd8534f48c3,2026-07-25T13:15:00Z,2026-07-25T15:15:00+0200,43791.77,MW,FR,FR,actual_load,Actual Load,2026-07-30T23:05:32Z
2026-07-30T23:03:49Z,2026-07-31T01:03:49+0200,f07b8511-917b-4433-baac-8bd8534f48c3,2026-07-25T13:30:00Z,2026-07-25T15:30:00+0200,43642.16,MW,FR,FR,actual_load,Actual Load,2026-07-30T23:05:32Z
2026-07-30T23:03:49Z,2026-07-31T01:03:49+0200,f07b8511-917b-4433-baac-8bd8534f48c3,2026-07-25T13:45:00Z,2026-07-25T15:45:00+0200,43136.67,MW,FR,FR,actual_load,Actual Load,2026-07-30T23:05:32Z
2026-07-30T23:03:49Z,2026-07-31T01:03:49+0200,f07b8511-917b-4433-baac-8bd8534f48c3,2026-07-25T14:00:00Z,2026-07-25T16:00:00+0200,42979.89,MW,FR,FR,actual_load,Actual Load,2026-07-30T23:05:32Z
2026-07-30T23:03:49Z,2026-07-31T01:03:49+0200,f07b8511-917b-4433-baac-8bd8534f48c3,2026-07-25T14:15:00Z,2026-07-25T16:15:00+0200,42636.87,MW,FR,FR,actual_load,Actual Load,2026-07-30T23:05:32Z
2026-07-30T23:03:49Z,2026-07-31T01:03:49+0200,f07b8511-917b-4433-baac-8bd8534f48c3,2026-07-25T14:30:00Z,2026-07-25T16:30:00+0200,42507.1,MW,FR,FR,actual_load,Actual Load,2026-07-30T23:05:32Z
2026-07-30T23:03:49Z,2026-07-31T01:03:49+0200,f07b8511-917b-4433-baac-8bd8534f48c3,2026-07-25T14:45:00Z,2026-07-25T16:45:00+0200,42746.37,MW,FR,FR,actual_load,Actual Load,2026-07-30T23:05:32Z
2026-07-30T23:03:49Z,2026-07-31T01:03:49+0200,f07b8511-917b-4433-baac-8bd8534f48c3,2026-07-25T15:00:00Z,2026-07-25T17:00:00+0200,42429.72,MW,FR,FR,actual_load,Actual Load,2026-07-30T23:05:32Z
2026-07-30T23:03:49Z,2026-07-31T01:03:49+0200,f07b8511-917b-4433-baac-8bd8534f48c3,2026-07-25T15:15:00Z,2026-07-25T17:15:00+0200,42541.7,MW,FR,FR,actual_load,Actual Load,2026-07-30T23:05:32Z
2026-07-30T23:03:49Z,2026-07-31T01:03:49+0200,f07b8511-917b-4433-baac-8bd8534f48c3,2026-07-25T15:30:00Z,2026-07-25T17:30:00+0200,42733.79,MW,FR,FR,actual_load,Actual Load,2026-07-30T23:05:32Z
2026-07-30T23:03:49Z,2026-07-31T01:03:49+0200,f07b8511-917b-4433-baac-8bd8534f48c3,2026-07-25T15:45:00Z,2026-07-25T17:45:00+0200,43011.14,MW,FR,FR,actual_load,Actual Load,2026-07-30T23:05:32Z
2026-07-30T23:03:49Z,2026-07-31T01:03:49+0200,f07b8511-917b-4433-baac-8bd8534f48c3,2026-07-25T16:00:00Z,2026-07-25T18:00:00+0200,43054.08,MW,FR,FR,actual_load,Actual Load,2026-07-30T23:05:32Z
2026-07-30T23:03:49Z,2026-07-31T01:03:49+0200,f07b8511-917b-4433-baac-8bd8534f48c3,2026-07-25T16:15:00Z,2026-07-25T18:15:00+0200,43104.01,MW,FR,FR,actual_load,Actual Load,2026-07-30T23:05:32Z
2026-07-30T23:03:49Z,2026-07-31T01:03:49+0200,f07b8511-917b-4433-baac-8bd8534f48c3,2026-07-25T16:30:00Z,2026-07-25T18:30:00+0200,43345.27,MW,FR,FR,actual_load,Actual Load,2026-07-30T23:05:32Z
2026-07-30T23:03:49Z,2026-07-31T01:03:49+0200,f07b8511-917b-4433-baac-8bd8534f48c3,2026-07-25T16:45:00Z,2026-07-25T18:45:00+0200,43731.3,MW,FR,FR,actual_load,Actual Load,2026-07-30T23:05:32Z
2026-07-30T23:03:49Z,2026-07-31T01:03:49+0200,f07b8511-917b-4433-baac-8bd8534f48c3,2026-07-25T17:00:00Z,2026-07-25T19:00:00+0200,43809.5,MW,FR,FR,actual_load,Actual Load,2026-07-30T23:05:32Z
2026-07-30T23:03:49Z,2026-07-31T01:03:49+0200,f07b8511-917b-4433-baac-8bd8534f48c3,2026-07-25T17:15:00Z,2026-07-25T19:15:00+0200,43645.82,MW,FR,FR,actual_load,Actual Load,2026-07-30T23:05:32Z
2026-07-30T23:03:49Z,2026-07-31T01:03:49+0200,f07b8511-917b-4433-baac-8bd8534f48c3,2026-07-25T17:30:00Z,2026-07-25T19:30:00+0200,43651.32,MW,FR,FR,actual_load,Actual Load,2026-07-30T23:05:32Z
2026-07-30T23:03:49Z,2026-07-31T01:03:49+0200,f07b8511-917b-4433-baac-8bd8534f48c3,2026-07-25T17:45:00Z,2026-07-25T19:45:00+0200,43482.22,MW,FR,FR,actual_load,Actual Load,2026-07-30T23:05:32Z
2026-07-30T23:03:49Z,2026-07-31T01:03:49+0200,f07b8511-917b-4433-baac-8bd8534f48c3,2026-07-25T18:00:00Z,2026-07-25T20:00:00+0200,42822.71,MW,FR,FR,actual_load,Actual Load,2026-07-30T23:05:32Z
2026-07-30T23:03:49Z,2026-07-31T01:03:49+0200,f07b8511-917b-4433-baac-8bd8534f48c3,2026-07-25T18:15:00Z,2026-07-25T20:15:00+0200,42357.5,MW,FR,FR,actual_load,Actual Load,2026-07-30T23:05:32Z
2026-07-30T23:03:49Z,2026-07-31T01:03:49+0200,f07b8511-917b-4433-baac-8bd8534f48c3,2026-07-25T18:30:00Z,2026-07-25T20:30:00+0200,41828.0,MW,FR,FR,actual_load,Actual Load,2026-07-30T23:05:32Z
2026-07-30T23:03:49Z,2026-07-31T01:03:49+0200,f07b8511-917b-4433-baac-8bd8534f48c3,2026-07-25T18:45:00Z,2026-07-25T20:45:00+0200,41614.28,MW,FR,FR,actual_load,Actual Load,2026-07-30T23:05:32Z
2026-07-30T23:03:49Z,2026-07-31T01:03:49+0200,f07b8511-917b-4433-baac-8bd8534f48c3,2026-07-25T19:00:00Z,2026-07-25T21:00:00+0200,41459.27,MW,FR,FR,actual_load,Actual Load,2026-07-30T23:05:32Z
2026-07-30T23:03:49Z,2026-07-31T01:03:49+0200,f07b8511-917b-4433-baac-8bd8534f48c3,2026-07-25T19:15:00Z,2026-07-25T21:15:00+0200,41211.49,MW,FR,FR,actual_load,Actual Load,2026-07-30T23:05:32Z
2026-07-30T23:03:49Z,2026-07-31T01:03:49+0200,f07b8511-917b-4433-baac-8bd8534f48c3,2026-07-25T19:30:00Z,2026-07-25T21:30:00+0200,41061.84,MW,FR,FR,actual_load,Actual Load,2026-07-30T23:05:32Z
2026-07-30T23:03:49Z,2026-07-31T01:03:49+0200,f07b8511-917b-4433-baac-8bd8534f48c3,2026-07-25T19:45:00Z,2026-07-25T21:45:00+0200,40916.14,MW,FR,FR,actual_load,Actual Load,2026-07-30T23:05:32Z
2026-07-30T23:03:49Z,2026-07-31T01:03:49+0200,f07b8511-917b-4433-baac-8bd8534f48c3,2026-07-25T20:00:00Z,2026-07-25T22:00:00+0200,42156.59,MW,FR,FR,actual_load,Actual Load,2026-07-30T23:05:32Z
2026-07-30T23:03:49Z,2026-07-31T01:03:49+0200,f07b8511-917b-4433-baac-8bd8534f48c3,2026-07-25T20:15:00Z,2026-07-25T22:15:00+0200,42102.42,MW,FR,FR,actual_load,Actual Load,2026-07-30T23:05:32Z
2026-07-30T23:03:49Z,2026-07-31T01:03:49+0200,f07b8511-917b-4433-baac-8bd8534f48c3,2026-07-25T20:30:00Z,2026-07-25T22:30:00+0200,43108.24,MW,FR,FR,actual_load,Actual Load,2026-07-30T23:05:32Z
2026-07-30T23:03:49Z,2026-07-31T01:03:49+0200,f07b8511-917b-4433-baac-8bd8534f48c3,2026-07-25T20:45:00Z,2026-07-25T22:45:00+0200,42565.41,MW,FR,FR,actual_load,Actual Load,2026-07-30T23:05:32Z
2026-07-30T23:03:49Z,2026-07-31T01:03:49+0200,f07b8511-917b-4433-baac-8bd8534f48c3,2026-07-25T21:00:00Z,2026-07-25T23:00:00+0200,42510.91,MW,FR,FR,actual_load,Actual Load,2026-07-30T23:05:32Z
2026-07-30T23:03:49Z,2026-07-31T01:03:49+0200,f07b8511-917b-4433-baac-8bd8534f48c3,2026-07-25T21:15:00Z,2026-07-25T23:15:00+0200,41695.28,MW,FR,FR,actual_load,Actual Load,2026-07-30T23:05:32Z
2026-07-30T23:03:49Z,2026-07-31T01:03:49+0200,f07b8511-917b-4433-baac-8bd8534f48c3,2026-07-25T21:30:00Z,2026-07-25T23:30:00+0200,41816.36,MW,FR,FR,actual_load,Actual Load,2026-07-30T23:05:32Z
2026-07-30T23:03:49Z,2026-07-31T01:03:49+0200,f07b8511-917b-4433-baac-8bd8534f48c3,2026-07-25T21:45:00Z,2026-07-25T23:45:00+0200,41037.09,MW,FR,FR,actual_load,Actual Load,2026-07-30T23:05:32Z
2026-07-30T23:03:49Z,2026-07-31T01:03:49+0200,f07b8511-917b-4433-baac-8bd8534f48c3,2026-07-25T22:00:00Z,2026-07-26T00:00:00+0200,40950.69,MW,FR,FR,actual_load,Actual Load,2026-07-30T23:05:32Z
2026-07-30T23:03:49Z,2026-07-31T01:03:49+0200,f07b8511-917b-4433-baac-8bd8534f48c3,2026-07-25T22:15:00Z,2026-07-26T00:15:00+0200,39881.11,MW,FR,FR,actual_load,Actual Load,2026-07-30T23:05:32Z
2026-07-30T23:03:49Z,2026-07-31T01:03:49+0200,f07b8511-917b-4433-baac-8bd8534f48c3,2026-07-25T22:30:00Z,2026-07-26T00:30:00+0200,38643.92,MW,FR,FR,actual_load,Actual Load,2026-07-30T23:05:32Z
2026-07-30T23:03:49Z,2026-07-31T01:03:49+0200,f07b8511-917b-4433-baac-8bd8534f48c3,2026-07-25T22:45:00Z,2026-07-26T00:45:00+0200,37925.2,MW,FR,FR,actual_load,Actual Load,2026-07-30T23:05:32Z
2026-07-30T23:03:49Z,2026-07-31T01:03:49+0200,f07b8511-917b-4433-baac-8bd8534f48c3,2026-07-25T23:00:00Z,2026-07-26T01:00:00+0200,38172.73,MW,FR,FR,actual_load,Actual Load,2026-07-30T23:05:32Z
2026-07-30T23:03:49Z,2026-07-31T01:03:49+0200,f07b8511-917b-4433-baac-8bd8534f48c3,2026-07-25T23:15:00Z,2026-07-26T01:15:00+0200,37675.21,MW,FR,FR,actual_load,Actual Load,2026-07-30T23:05:32Z
2026-07-30T23:03:49Z,2026-07-31T01:03:49+0200,f07b8511-917b-4433-baac-8bd8534f48c3,2026-07-25T23:30:00Z,2026-07-26T01:30:00+0200,37492.29,MW,FR,FR,actual_load,Actual Load,2026-07-30T23:05:32Z
2026-07-30T23:03:49Z,2026-07-31T01:03:49+0200,f07b8511-917b-4433-baac-8bd8534f48c3,2026-07-25T23:45:00Z,2026-07-26T01:45:00+0200,36739.43,MW,FR,FR,actual_load,Actual Load,2026-07-30T23:05:32Z
2026-07-30T23:03:49Z,2026-07-31T01:03:49+0200,f07b8511-917b-4433-baac-8bd8534f48c3,2026-07-26T00:00:00Z,2026-07-26T02:00:00+0200,36292.03,MW,FR,FR,actual_load,Actual Load,2026-07-30T23:05:32Z
2026-07-30T23:03:49Z,2026-07-31T01:03:49+0200,f07b8511-917b-4433-baac-8bd8534f48c3,2026-07-26T00:15:00Z,2026-07-26T02:15:00+0200,35544.43,MW,FR,FR,actual_load,Actual Load,2026-07-30T23:05:32Z
2026-07-30T23:03:49Z,2026-07-31T01:03:49+0200,f07b8511-917b-4433-baac-8bd8534f48c3,2026-07-26T00:30:00Z,2026-07-26T02:30:00+0200,35054.14,MW,FR,FR,actual_load,Actual Load,2026-07-30T23:05:32Z
2026-07-30T23:03:49Z,2026-07-31T01:03:49+0200,f07b8511-917b-4433-baac-8bd8534f48c3,2026-07-26T00:45:00Z,2026-07-26T02:45:00+0200,34640.23,MW,FR,FR,actual_load,Actual Load,2026-07-30T23:05:32Z
2026-07-30T23:03:49Z,2026-07-31T01:03:49+0200,f07b8511-917b-4433-baac-8bd8534f48c3,2026-07-26T01:00:00Z,2026-07-26T03:00:00+0200,34176.31,MW,FR,FR,actual_load,Actual Load,2026-07-30T23:05:32Z
2026-07-30T23:03:49Z,2026-07-31T01:03:49+0200,f07b8511-917b-4433-baac-8bd8534f48c3,2026-07-26T01:15:00Z,2026-07-26T03:15:00+0200,33754.48,MW,FR,FR,actual_load,Actual Load,2026-07-30T23:05:32Z
2026-07-30T23:03:49Z,2026-07-31T01:03:49+0200,f07b8511-917b-4433-baac-8bd8534f48c3,2026-07-26T01:30:00Z,2026-07-26T03:30:00+0200,33499.39,MW,FR,FR,actual_load,Actual Load,2026-07-30T23:05:32Z
2026-07-30T23:03:49Z,2026-07-31T01:03:49+0200,f07b8511-917b-4433-baac-8bd8534f48c3,2026-07-26T01:45:00Z,2026-07-26T03:45:00+0200,33264.03,MW,FR,FR,actual_load,Actual Load,2026-07-30T23:05:32Z
2026-07-30T23:03:49Z,2026-07-31T01:03:49+0200,f07b8511-917b-4433-baac-8bd8534f48c3,2026-07-26T02:00:00Z,2026-07-26T04:00:00+0200,32908.26,MW,FR,FR,actual_load,Actual Load,2026-07-30T23:05:32Z
2026-07-30T23:03:49Z,2026-07-31T01:03:49+0200,f07b8511-917b-4433-baac-8bd8534f48c3,2026-07-26T02:15:00Z,2026-07-26T04:15:00+0200,32727.94,MW,FR,FR,actual_load,Actual Load,2026-07-30T23:05:32Z
2026-07-30T23:03:49Z,2026-07-31T01:03:49+0200,f07b8511-917b-4433-baac-8bd8534f48c3,2026-07-26T02:30:00Z,2026-07-26T04:30:00+0200,32599.53,MW,FR,FR,actual_load,Actual Load,2026-07-30T23:05:32Z
2026-07-30T23:03:49Z,2026-07-31T01:03:49+0200,f07b8511-917b-4433-baac-8bd8534f48c3,2026-07-26T02:45:00Z,2026-07-26T04:45:00+0200,32511.19,MW,FR,FR,actual_load,Actual Load,2026-07-30T23:05:32Z
2026-07-30T23:03:49Z,2026-07-31T01:03:49+0200,f07b8511-917b-4433-baac-8bd8534f48c3,2026-07-26T03:00:00Z,2026-07-26T05:00:00+0200,32606.22,MW,FR,FR,actual_load,Actual Load,2026-07-30T23:05:32Z
2026-07-30T23:03:49Z,2026-07-31T01:03:49+0200,f07b8511-917b-4433-baac-8bd8534f48c3,2026-07-26T03:15:00Z,2026-07-26T05:15:00+0200,32507.72,MW,FR,FR,actual_load,Actual Load,2026-07-30T23:05:32Z
2026-07-30T23:03:49Z,2026-07-31T01:03:49+0200,f07b8511-917b-4433-baac-8bd8534f48c3,2026-07-26T03:30:00Z,2026-07-26T05:30:00+0200,32538.57,MW,FR,FR,actual_load,Actual Load,2026-07-30T23:05:32Z
2026-07-30T23:03:49Z,2026-07-31T01:03:49+0200,f07b8511-917b-4433-baac-8bd8534f48c3,2026-07-26T03:45:00Z,2026-07-26T05:45:00+0200,32375.5,MW,FR,FR,actual_load,Actual Load,2026-07-30T23:05:32Z
2026-07-30T23:03:49Z,2026-07-31T01:03:49+0200,f07b8511-917b-4433-baac-8bd8534f48c3,2026-07-26T04:00:00Z,2026-07-26T06:00:00+0200,32462.21,MW,FR,FR,actual_load,Actual Load,2026-07-30T23:05:32Z
2026-07-30T23:03:49Z,2026-07-31T01:03:49+0200,f07b8511-917b-4433-baac-8bd8534f48c3,2026-07-26T04:15:00Z,2026-07-26T06:15:00+0200,32445.93,MW,FR,FR,actual_load,Actual Load,2026-07-30T23:05:32Z
2026-07-30T23:03:49Z,2026-07-31T01:03:49+0200,f07b8511-917b-4433-baac-8bd8534f48c3,2026-07-26T04:30:00Z,2026-07-26T06:30:00+0200,32369.47,MW,FR,FR,actual_load,Actual Load,2026-07-30T23:05:32Z
2026-07-30T23:03:49Z,2026-07-31T01:03:49+0200,f07b8511-917b-4433-baac-8bd8534f48c3,2026-07-26T04:45:00Z,2026-07-26T06:45:00+0200,32452.0,MW,FR,FR,actual_load,Actual Load,2026-07-30T23:05:32Z
2026-07-30T23:03:49Z,2026-07-31T01:03:49+0200,f07b8511-917b-4433-baac-8bd8534f48c3,2026-07-26T05:00:00Z,2026-07-26T07:00:00+0200,32767.47,MW,FR,FR,actual_load,Actual Load,2026-07-30T23:05:32Z
2026-07-30T23:03:49Z,2026-07-31T01:03:49+0200,f07b8511-917b-4433-baac-8bd8534f48c3,2026-07-26T05:15:00Z,2026-07-26T07:15:00+0200,32916.94,MW,FR,FR,actual_load,Actual Load,2026-07-30T23:05:32Z
2026-07-30T23:03:49Z,2026-07-31T01:03:49+0200,f07b8511-917b-4433-baac-8bd8534f48c3,2026-07-26T05:30:00Z,2026-07-26T07:30:00+0200,33292.69,MW,FR,FR,actual_load,Actual Load,2026-07-30T23:05:32Z
2026-07-30T23:03:49Z,2026-07-31T01:03:49+0200,f07b8511-917b-4433-baac-8bd8534f48c3,2026-07-26T05:45:00Z,2026-07-26T07:45:00+0200,33399.23,MW,FR,FR,actual_load,Actual Load,2026-07-30T23:05:32Z
2026-07-30T23:03:49Z,2026-07-31T01:03:49+0200,f07b8511-917b-4433-baac-8bd8534f48c3,2026-07-26T06:00:00Z,2026-07-26T08:00:00+0200,33910.03,MW,FR,FR,actual_load,Actual Load,2026-07-30T23:05:32Z
2026-07-30T23:03:49Z,2026-07-31T01:03:49+0200,f07b8511-917b-4433-baac-8bd8534f48c3,2026-07-26T06:15:00Z,2026-07-26T08:15:00+0200,34165.39,MW,FR,FR,actual_load,Actual Load,2026-07-30T23:05:32Z
2026-07-30T23:03:49Z,2026-07-31T01:03:49+0200,f07b8511-917b-4433-baac-8bd8534f48c3,2026-07-26T06:30:00Z,2026-07-26T08:30:00+0200,34540.79,MW,FR,FR,actual_load,Actual Load,2026-07-30T23:05:32Z
2026-07-30T23:03:49Z,2026-07-31T01:03:49+0200,f07b8511-917b-4433-baac-8bd8534f48c3,2026-07-26T06:45:00Z,2026-07-26T08:45:00+0200,35057.16,MW,FR,FR,actual_load,Actual Load,2026-07-30T23:05:32Z
2026-07-30T23:03:49Z,2026-07-31T01:03:49+0200,f07b8511-917b-4433-baac-8bd8534f48c3,2026-07-26T07:00:00Z,2026-07-26T09:00:00+0200,35614.42,MW,FR,FR,actual_load,Actual Load,2026-07-30T23:05:32Z
2026-07-30T23:03:49Z,2026-07-31T01:03:49+0200,f07b8511-917b-4433-baac-8bd8534f48c3,2026-07-26T07:15:00Z,2026-07-26T09:15:00+0200,35949.31,MW,FR,FR,actual_load,Actual Load,2026-07-30T23:05:32Z
2026-07-30T23:03:49Z,2026-07-31T01:03:49+0200,f07b8511-917b-4433-baac-8bd8534f48c3,2026-07-26T07:30:00Z,2026-07-26T09:30:00+0200,36394.29,MW,FR,FR,actual_load,Actual Load,2026-07-30T23:05:32Z
2026-07-30T23:03:49Z,2026-07-31T01:03:49+0200,f07b8511-917b-4433-baac-8bd8534f48c3,2026-07-26T07:45:00Z,2026-07-26T09:45:00+0200,37142.39,MW,FR,FR,actual_load,Actual Load,2026-07-30T23:05:32Z
2026-07-30T23:03:49Z,2026-07-31T01:03:49+0200,f07b8511-917b-4433-baac-8bd8534f48c3,2026-07-26T08:00:00Z,2026-07-26T10:00:00+0200,37780.86,MW,FR,FR,actual_load,Actual Load,2026-07-30T23:05:32Z
2026-07-30T23:03:49Z,2026-07-31T01:03:49+0200,f07b8511-917b-4433-baac-8bd8534f48c3,2026-07-26T08:15:00Z,2026-07-26T10:15:00+0200,38311.27,MW,FR,FR,actual_load,Actual Load,2026-07-30T23:05:32Z
2026-07-30T23:03:49Z,2026-07-31T01:03:49+0200,f07b8511-917b-4433-baac-8bd8534f48c3,2026-07-26T08:30:00Z,2026-07-26T10:30:00+0200,38604.07,MW,FR,FR,actual_load,Actual Load,2026-07-30T23:05:32Z
2026-07-30T23:03:49Z,2026-07-31T01:03:49+0200,f07b8511-917b-4433-baac-8bd8534f48c3,2026-07-26T08:45:00Z,2026-07-26T10:45:00+0200,39122.65,MW,FR,FR,actual_load,Actual Load,2026-07-30T23:05:32Z
2026-07-30T23:03:49Z,2026-07-31T01:03:49+0200,f07b8511-917b-4433-baac-8bd8534f48c3,2026-07-26T09:00:00Z,2026-07-26T11:00:00+0200,39817.68,MW,FR,FR,actual_load,Actual Load,2026-07-30T23:05:32Z
2026-07-30T23:03:49Z,2026-07-31T01:03:49+0200,f07b8511-917b-4433-baac-8bd8534f48c3,2026-07-26T09:15:00Z,2026-07-26T11:15:00+0200,40497.81,MW,FR,FR,actual_load,Actual Load,2026-07-30T23:05:32Z
2026-07-30T23:03:49Z,2026-07-31T01:03:49+0200,f07b8511-917b-4433-baac-8bd8534f48c3,2026-07-26T09:30:00Z,2026-07-26T11:30:00+0200,40814.07,MW,FR,FR,actual_load,Actual Load,2026-07-30T23:05:32Z
2026-07-30T23:03:49Z,2026-07-31T01:03:49+0200,f07b8511-917b-4433-baac-8bd8534f48c3,2026-07-26T09:45:00Z,2026-07-26T11:45:00+0200,41125.88,MW,FR,FR,actual_load,Actual Load,2026-07-30T23:05:32Z
2026-07-30T23:03:49Z,2026-07-31T01:03:49+0200,f07b8511-917b-4433-baac-8bd8534f48c3,2026-07-26T10:00:00Z,2026-07-26T12:00:00+0200,41970.21,MW,FR,FR,actual_load,Actual Load,2026-07-30T23:05:32Z
2026-07-30T23:03:49Z,2026-07-31T01:03:49+0200,f07b8511-917b-4433-baac-8bd8534f48c3,2026-07-26T10:15:00Z,2026-07-26T12:15:00+0200,42454.35,MW,FR,FR,actual_load,Actual Load,2026-07-30T23:05:32Z
2026-07-30T23:03:49Z,2026-07-31T01:03:49+0200,f07b8511-917b-4433-baac-8bd8534f48c3,2026-07-26T10:30:00Z,2026-07-26T12:30:00+0200,42697.17,MW,FR,FR,actual_load,Actual Load,2026-07-30T23:05:32Z
2026-07-30T23:03:49Z,2026-07-31T01:03:49+0200,f07b8511-917b-4433-baac-8bd8534f48c3,2026-07-26T10:45:00Z,2026-07-26T12:45:00+0200,42186.47,MW,FR,FR,actual_load,Actual Load,2026-07-30T23:05:32Z
2026-07-30T23:03:49Z,2026-07-31T01:03:49+0200,f07b8511-917b-4433-baac-8bd8534f48c3,2026-07-26T11:00:00Z,2026-07-26T13:00:00+0200,41848.41,MW,FR,FR,actual_load,Actual Load,2026-07-30T23:05:32Z
2026-07-30T23:03:49Z,2026-07-31T01:03:49+0200,f07b8511-917b-4433-baac-8bd8534f48c3,2026-07-26T11:15:00Z,2026-07-26T13:15:00+0200,40952.08,MW,FR,FR,actual_load,Actual Load,2026-07-30T23:05:32Z
2026-07-30T23:03:49Z,2026-07-31T01:03:49+0200,f07b8511-917b-4433-baac-8bd8534f48c3,2026-07-26T11:30:00Z,2026-07-26T13:30:00+0200,40348.21,MW,FR,FR,actual_load,Actual Load,2026-07-30T23:05:32Z
2026-07-30T23:03:49Z,2026-07-31T01:03:49+0200,f07b8511-917b-4433-baac-8bd8534f48c3,2026-07-26T11:45:00Z,2026-07-26T13:45:00+0200,40281.39,MW,FR,FR,actual_load,Actual Load,2026-07-30T23:05:32Z
2026-07-30T23:03:49Z,2026-07-31T01:03:49+0200,f07b8511-917b-4433-baac-8bd8534f48c3,2026-07-26T12:00:00Z,2026-07-26T14:00:00+0200,40856.43,MW,FR,FR,actual_load,Actual Load,2026-07-30T23:05:32Z
2026-07-30T23:03:49Z,2026-07-31T01:03:49+0200,f07b8511-917b-4433-baac-8bd8534f48c3,2026-07-26T12:15:00Z,2026-07-26T14:15:00+0200,40631.24,MW,FR,FR,actual_load,Actual Load,2026-07-30T23:05:32Z
2026-07-30T23:03:49Z,2026-07-31T01:03:49+0200,f07b8511-917b-4433-baac-8bd8534f48c3,2026-07-26T12:30:00Z,2026-07-26T14:30:00+0200,40639.01,MW,FR,FR,actual_load,Actual Load,2026-07-30T23:05:32Z
2026-07-30T23:03:49Z,2026-07-31T01:03:49+0200,f07b8511-917b-4433-baac-8bd8534f48c3,2026-07-26T12:45:00Z,2026-07-26T14:45:00+0200,40163.33,MW,FR,FR,actual_load,Actual Load,2026-07-30T23:05:32Z
2026-07-30T23:03:49Z,2026-07-31T01:03:49+0200,f07b8511-917b-4433-baac-8bd8534f48c3,2026-07-26T13:00:00Z,2026-07-26T15:00:00+0200,40240.59,MW,FR,FR,actual_load,Actual Load,2026-07-30T23:05:32Z
2026-07-30T23:03:49Z,2026-07-31T01:03:49+0200,f07b8511-917b-4433-baac-8bd8534f48c3,2026-07-26T13:15:00Z,2026-07-26T15:15:00+0200,40006.38,MW,FR,FR,actual_load,Actual Load,2026-07-30T23:05:32Z
2026-07-30T23:03:49Z,2026-07-31T01:03:49+0200,f07b8511-917b-4433-baac-8bd8534f48c3,2026-07-26T13:30:00Z,2026-07-26T15:30:00+0200,39626.28,MW,FR,FR,actual_load,Actual Load,2026-07-30T23:05:32Z
2026-07-30T23:03:49Z,2026-07-31T01:03:49+0200,f07b8511-917b-4433-baac-8bd8534f48c3,2026-07-26T13:45:00Z,2026-07-26T15:45:00+0200,39166.37,MW,FR,FR,actual_load,Actual Load,2026-07-30T23:05:32Z
2026-07-30T23:03:49Z,2026-07-31T01:03:49+0200,f07b8511-917b-4433-baac-8bd8534f48c3,2026-07-26T14:00:00Z,2026-07-26T16:00:00+0200,39228.68,MW,FR,FR,actual_load,Actual Load,2026-07-30T23:05:32Z
2026-07-30T23:03:49Z,2026-07-31T01:03:49+0200,f07b8511-917b-4433-baac-8bd8534f48c3,2026-07-26T14:15:00Z,2026-07-26T16:15:00+0200,39108.52,MW,FR,FR,actual_load,Actual Load,2026-07-30T23:05:32Z
2026-07-30T23:03:49Z,2026-07-31T01:03:49+0200,f07b8511-917b-4433-baac-8bd8534f48c3,2026-07-26T14:30:00Z,2026-07-26T16:30:00+0200,39217.77,MW,FR,FR,actual_load,Actual Load,2026-07-30T23:05:32Z
2026-07-30T23:03:49Z,2026-07-31T01:03:49+0200,f07b8511-917b-4433-baac-8bd8534f48c3,2026-07-26T14:45:00Z,2026-07-26T16:45:00+0200,39113.86,MW,FR,FR,actual_load,Actual Load,2026-07-30T23:05:32Z
2026-07-30T23:03:49Z,2026-07-31T01:03:49+0200,f07b8511-917b-4433-baac-8bd8534f48c3,2026-07-26T15:00:00Z,2026-07-26T17:00:00+0200,39105.86,MW,FR,FR,actual_load,Actual Load,2026-07-30T23:05:32Z
2026-07-30T23:03:49Z,2026-07-31T01:03:49+0200,f07b8511-917b-4433-baac-8bd8534f48c3,2026-07-26T15:15:00Z,2026-07-26T17:15:00+0200,39277.48,MW,FR,FR,actual_load,Actual Load,2026-07-30T23:05:32Z
2026-07-30T23:03:49Z,2026-07-31T01:03:49+0200,f07b8511-917b-4433-baac-8bd8534f48c3,2026-07-26T15:30:00Z,2026-07-26T17:30:00+0200,39399.39,MW,FR,FR,actual_load,Actual Load,2026-07-30T23:05:32Z
2026-07-30T23:03:49Z,2026-07-31T01:03:49+0200,f07b8511-917b-4433-baac-8bd8534f48c3,2026-07-26T15:45:00Z,2026-07-26T17:45:00+0200,39859.75,MW,FR,FR,actual_load,Actual Load,2026-07-30T23:05:32Z
2026-07-30T23:03:49Z,2026-07-31T01:03:49+0200,f07b8511-917b-4433-baac-8bd8534f48c3,2026-07-26T16:00:00Z,2026-07-26T18:00:00+0200,40309.27,MW,FR,FR,actual_load,Actual Load,2026-07-30T23:05:32Z
2026-07-30T23:03:49Z,2026-07-31T01:03:49+0200,f07b8511-917b-4433-baac-8bd8534f48c3,2026-07-26T16:15:00Z,2026-07-26T18:15:00+0200,40819.68,MW,FR,FR,actual_load,Actual Load,2026-07-30T23:05:32Z
2026-07-30T23:03:49Z,2026-07-31T01:03:49+0200,f07b8511-917b-4433-baac-8bd8534f48c3,2026-07-26T16:30:00Z,2026-07-26T18:30:00+0200,41278.5,MW,FR,FR,actual_load,Actual Load,2026-07-30T23:05:32Z
2026-07-30T23:03:49Z,2026-07-31T01:03:49+0200,f07b8511-917b-4433-baac-8bd8534f48c3,2026-07-26T16:45:00Z,2026-07-26T18:45:00+0200,41687.63,MW,FR,FR,actual_load,Actual Load,2026-07-30T23:05:32Z
2026-07-30T23:03:49Z,2026-07-31T01:03:49+0200,f07b8511-917b-4433-baac-8bd8534f48c3,2026-07-26T17:00:00Z,2026-07-26T19:00:00+0200,42146.36,MW,FR,FR,actual_load,Actual Load,2026-07-30T23:05:32Z
2026-07-30T23:03:49Z,2026-07-31T01:03:49+0200,f07b8511-917b-4433-baac-8bd8534f48c3,2026-07-26T17:15:00Z,2026-07-26T19:15:00+0200,42405.29,MW,FR,FR,actual_load,Actual Load,2026-07-30T23:05:32Z
2026-07-30T23:03:49Z,2026-07-31T01:03:49+0200,f07b8511-917b-4433-baac-8bd8534f48c3,2026-07-26T17:30:00Z,2026-07-26T19:30:00+0200,42201.14,MW,FR,FR,actual_load,Actual Load,2026-07-30T23:05:32Z
2026-07-30T23:03:49Z,2026-07-31T01:03:49+0200,f07b8511-917b-4433-baac-8bd8534f48c3,2026-07-26T17:45:00Z,2026-07-26T19:45:00+0200,42114.61,MW,FR,FR,actual_load,Actual Load,2026-07-30T23:05:32Z
2026-07-30T23:03:49Z,2026-07-31T01:03:49+0200,f07b8511-917b-4433-baac-8bd8534f48c3,2026-07-26T18:00:00Z,2026-07-26T20:00:00+0200,41714.2,MW,FR,FR,actual_load,Actual Load,2026-07-30T23:05:32Z
2026-07-30T23:03:49Z,2026-07-31T01:03:49+0200,f07b8511-917b-4433-baac-8bd8534f48c3,2026-07-26T18:15:00Z,2026-07-26T20:15:00+0200,41646.55,MW,FR,FR,actual_load,Actual Load,2026-07-30T23:05:32Z
2026-07-30T23:03:49Z,2026-07-31T01:03:49+0200,f07b8511-917b-4433-baac-8bd8534f48c3,2026-07-26T18:30:00Z,2026-07-26T20:30:00+0200,41597.68,MW,FR,FR,actual_load,Actual Load,2026-07-30T23:05:32Z
2026-07-30T23:03:49Z,2026-07-31T01:03:49+0200,f07b8511-917b-4433-baac-8bd8534f48c3,2026-07-26T18:45:00Z,2026-07-26T20:45:00+0200,41446.5,MW,FR,FR,actual_load,Actual Load,2026-07-30T23:05:32Z
2026-07-30T23:03:49Z,2026-07-31T01:03:49+0200,f07b8511-917b-4433-baac-8bd8534f48c3,2026-07-26T19:00:00Z,2026-07-26T21:00:00+0200,41802.56,MW,FR,FR,actual_load,Actual Load,2026-07-30T23:05:32Z
2026-07-30T23:03:49Z,2026-07-31T01:03:49+0200,f07b8511-917b-4433-baac-8bd8534f48c3,2026-07-26T19:15:00Z,2026-07-26T21:15:00+0200,41570.68,MW,FR,FR,actual_load,Actual Load,2026-07-30T23:05:32Z
2026-07-30T23:03:49Z,2026-07-31T01:03:49+0200,f07b8511-917b-4433-baac-8bd8534f48c3,2026-07-26T19:30:00Z,2026-07-26T21:30:00+0200,41614.35,MW,FR,FR,actual_load,Actual Load,2026-07-30T23:05:32Z
2026-07-30T23:03:49Z,2026-07-31T01:03:49+0200,f07b8511-917b-4433-baac-8bd8534f48c3,2026-07-26T19:45:00Z,2026-07-26T21:45:00+0200,41637.14,MW,FR,FR,actual_load,Actual Load,2026-07-30T23:05:32Z
2026-07-30T23:03:49Z,2026-07-31T01:03:49+0200,f07b8511-917b-4433-baac-8bd8534f48c3,2026-07-26T20:00:00Z,2026-07-26T22:00:00+0200,42689.0,MW,FR,FR,actual_load,Actual Load,2026-07-30T23:05:32Z
2026-07-30T23:03:49Z,2026-07-31T01:03:49+0200,f07b8511-917b-4433-baac-8bd8534f48c3,2026-07-26T20:15:00Z,2026-07-26T22:15:00+0200,42342.29,MW,FR,FR,actual_load,Actual Load,2026-07-30T23:05:32Z
2026-07-30T23:03:49Z,2026-07-31T01:03:49+0200,f07b8511-917b-4433-baac-8bd8534f48c3,2026-07-26T20:30:00Z,2026-07-26T22:30:00+0200,43227.64,MW,FR,FR,actual_load,Actual Load,2026-07-30T23:05:32Z
2026-07-30T23:03:49Z,2026-07-31T01:03:49+0200,f07b8511-917b-4433-baac-8bd8534f48c3,2026-07-26T20:45:00Z,2026-07-26T22:45:00+0200,42727.04,MW,FR,FR,actual_load,Actual Load,2026-07-30T23:05:32Z
2026-07-30T23:03:49Z,2026-07-31T01:03:49+0200,f07b8511-917b-4433-baac-8bd8534f48c3,2026-07-26T21:00:00Z,2026-07-26T23:00:00+0200,42427.65,MW,FR,FR,actual_load,Actual Load,2026-07-30T23:05:32Z
2026-07-30T23:03:49Z,2026-07-31T01:03:49+0200,f07b8511-917b-4433-baac-8bd8534f48c3,2026-07-26T21:15:00Z,2026-07-26T23:15:00+0200,41468.29,MW,FR,FR,actual_load,Actual Load,2026-07-30T23:05:32Z
2026-07-30T23:03:49Z,2026-07-31T01:03:49+0200,f07b8511-917b-4433-baac-8bd8534f48c3,2026-07-26T21:30:00Z,2026-07-26T23:30:00+0200,41846.42,MW,FR,FR,actual_load,Actual Load,2026-07-30T23:05:32Z
2026-07-30T23:03:49Z,2026-07-31T01:03:49+0200,f07b8511-917b-4433-baac-8bd8534f48c3,2026-07-26T21:45:00Z,2026-07-26T23:45:00+0200,41028.73,MW,FR,FR,actual_load,Actual Load,2026-07-30T23:05:32Z
2026-07-30T23:03:49Z,2026-07-31T01:03:49+0200,f07b8511-917b-4433-baac-8bd8534f48c3,2026-07-26T22:00:00Z,2026-07-27T00:00:00+0200,41169.63,MW,FR,FR,actual_load,Actual Load,2026-07-30T23:05:32Z
2026-07-30T23:03:49Z,2026-07-31T01:03:49+0200,f07b8511-917b-4433-baac-8bd8534f48c3,2026-07-26T22:15:00Z,2026-07-27T00:15:00+0200,40035.32,MW,FR,FR,actual_load,Actual Load,2026-07-30T23:05:32Z
2026-07-30T23:03:49Z,2026-07-31T01:03:49+0200,f07b8511-917b-4433-baac-8bd8534f48c3,2026-07-26T22:30:00Z,2026-07-27T00:30:00+0200,39049.71,MW,FR,FR,actual_load,Actual Load,2026-07-30T23:05:32Z
2026-07-30T23:03:49Z,2026-07-31T01:03:49+0200,f07b8511-917b-4433-baac-8bd8534f48c3,2026-07-26T22:45:00Z,2026-07-27T00:45:00+0200,38194.91,MW,FR,FR,actual_load,Actual Load,2026-07-30T23:05:32Z
2026-07-30T23:03:49Z,2026-07-31T01:03:49+0200,f07b8511-917b-4433-baac-8bd8534f48c3,2026-07-26T23:00:00Z,2026-07-27T01:00:00+0200,38443.28,MW,FR,FR,actual_load,Actual Load,2026-07-30T23:05:32Z
2026-07-30T23:03:49Z,2026-07-31T01:03:49+0200,f07b8511-917b-4433-baac-8bd8534f48c3,2026-07-26T23:15:00Z,2026-07-27T01:15:00+0200,37842.65,MW,FR,FR,actual_load,Actual Load,2026-07-30T23:05:32Z
2026-07-30T23:03:49Z,2026-07-31T01:03:49+0200,f07b8511-917b-4433-baac-8bd8534f48c3,2026-07-26T23:30:00Z,2026-07-27T01:30:00+0200,37785.43,MW,FR,FR,actual_load,Actual Load,2026-07-30T23:05:32Z
2026-07-30T23:03:49Z,2026-07-31T01:03:49+0200,f07b8511-917b-4433-baac-8bd8534f48c3,2026-07-26T23:45:00Z,2026-07-27T01:45:00+0200,36884.04,MW,FR,FR,actual_load,Actual Load,2026-07-30T23:05:32Z
2026-07-30T23:03:49Z,2026-07-31T01:03:49+0200,f07b8511-917b-4433-baac-8bd8534f48c3,2026-07-27T00:00:00Z,2026-07-27T02:00:00+0200,36525.21,MW,FR,FR,actual_load,Actual Load,2026-07-30T23:05:32Z
2026-07-30T23:03:49Z,2026-07-31T01:03:49+0200,f07b8511-917b-4433-baac-8bd8534f48c3,2026-07-27T00:15:00Z,2026-07-27T02:15:00+0200,35677.91,MW,FR,FR,actual_load,Actual Load,2026-07-30T23:05:32Z
2026-07-30T23:03:49Z,2026-07-31T01:03:49+0200,f07b8511-917b-4433-baac-8bd8534f48c3,2026-07-27T00:30:00Z,2026-07-27T02:30:00+0200,35003.89,MW,FR,FR,actual_load,Actual Load,2026-07-30T23:05:32Z
2026-07-30T23:03:49Z,2026-07-31T01:03:49+0200,f07b8511-917b-4433-baac-8bd8534f48c3,2026-07-27T00:45:00Z,2026-07-27T02:45:00+0200,34499.29,MW,FR,FR,actual_load,Actual Load,2026-07-30T23:05:32Z
2026-07-30T23:03:49Z,2026-07-31T01:03:49+0200,f07b8511-917b-4433-baac-8bd8534f48c3,2026-07-27T01:00:00Z,2026-07-27T03:00:00+0200,34076.53,MW,FR,FR,actual_load,Actual Load,2026-07-30T23:05:32Z
2026-07-30T23:03:49Z,2026-07-31T01:03:49+0200,f07b8511-917b-4433-baac-8bd8534f48c3,2026-07-27T01:15:00Z,2026-07-27T03:15:00+0200,33739.91,MW,FR,FR,actual_load,Actual Load,2026-07-30T23:05:32Z
2026-07-30T23:03:49Z,2026-07-31T01:03:49+0200,f07b8511-917b-4433-baac-8bd8534f48c3,2026-07-27T01:30:00Z,2026-07-27T03:30:00+0200,33804.08,MW,FR,FR,actual_load,Actual Load,2026-07-30T23:05:32Z
2026-07-30T23:03:49Z,2026-07-31T01:03:49+0200,f07b8511-917b-4433-baac-8bd8534f48c3,2026-07-27T01:45:00Z,2026-07-27T03:45:00+0200,33763.5,MW,FR,FR,actual_load,Actual Load,2026-07-30T23:05:32Z
2026-07-30T23:03:49Z,2026-07-31T01:03:49+0200,f07b8511-917b-4433-baac-8bd8534f48c3,2026-07-27T02:00:00Z,2026-07-27T04:00:00+0200,33796.81,MW,FR,FR,actual_load,Actual Load,2026-07-30T23:05:32Z
2026-07-30T23:03:49Z,2026-07-31T01:03:49+0200,f07b8511-917b-4433-baac-8bd8534f48c3,2026-07-27T02:15:00Z,2026-07-27T04:15:00+0200,33675.54,MW,FR,FR,actual_load,Actual Load,2026-07-30T23:05:32Z
2026-07-30T23:03:49Z,2026-07-31T01:03:49+0200,f07b8511-917b-4433-baac-8bd8534f48c3,2026-07-27T02:30:00Z,2026-07-27T04:30:00+0200,33958.0,MW,FR,FR,actual_load,Actual Load,2026-07-30T23:05:32Z
2026-07-30T23:03:49Z,2026-07-31T01:03:49+0200,f07b8511-917b-4433-baac-8bd8534f48c3,2026-07-27T02:45:00Z,2026-07-27T04:45:00+0200,34266.14,MW,FR,FR,actual_load,Actual Load,2026-07-30T23:05:32Z
2026-07-30T23:03:49Z,2026-07-31T01:03:49+0200,f07b8511-917b-4433-baac-8bd8534f48c3,2026-07-27T03:00:00Z,2026-07-27T05:00:00+0200,34871.84,MW,FR,FR,actual_load,Actual Load,2026-07-30T23:05:32Z
2026-07-30T23:03:49Z,2026-07-31T01:03:49+0200,f07b8511-917b-4433-baac-8bd8534f48c3,2026-07-27T03:15:00Z,2026-07-27T05:15:00+0200,35281.07,MW,FR,FR,actual_load,Actual Load,2026-07-30T23:05:32Z
2026-07-30T23:03:49Z,2026-07-31T01:03:49+0200,f07b8511-917b-4433-baac-8bd8534f48c3,2026-07-27T03:30:00Z,2026-07-27T05:30:00+0200,35722.66,MW,FR,FR,actual_load,Actual Load,2026-07-30T23:05:32Z
2026-07-30T23:03:49Z,2026-07-31T01:03:49+0200,f07b8511-917b-4433-baac-8bd8534f48c3,2026-07-27T03:45:00Z,2026-07-27T05:45:00+0200,35898.76,MW,FR,FR,actual_load,Actual Load,2026-07-30T23:05:32Z
2026-07-30T23:03:49Z,2026-07-31T01:03:49+0200,f07b8511-917b-4433-baac-8bd8534f48c3,2026-07-27T04:00:00Z,2026-07-27T06:00:00+0200,36788.84,MW,FR,FR,actual_load,Actual Load,2026-07-30T23:05:32Z
2026-07-30T23:03:49Z,2026-07-31T01:03:49+0200,f07b8511-917b-4433-baac-8bd8534f48c3,2026-07-27T04:15:00Z,2026-07-27T06:15:00+0200,37392.76,MW,FR,FR,actual_load,Actual Load,2026-07-30T23:05:32Z
2026-07-30T23:03:49Z,2026-07-31T01:03:49+0200,f07b8511-917b-4433-baac-8bd8534f48c3,2026-07-27T04:30:00Z,2026-07-27T06:30:00+0200,37812.23,MW,FR,FR,actual_load,Actual Load,2026-07-30T23:05:32Z
2026-07-30T23:03:49Z,2026-07-31T01:03:49+0200,f07b8511-917b-4433-baac-8bd8534f48c3,2026-07-27T04:45:00Z,2026-07-27T06:45:00+0200,38525.68,MW,FR,FR,actual_load,Actual Load,2026-07-30T23:05:32Z
2026-07-30T23:03:49Z,2026-07-31T01:03:49+0200,f07b8511-917b-4433-baac-8bd8534f48c3,2026-07-27T05:00:00Z,2026-07-27T07:00:00+0200,39322.73,MW,FR,FR,actual_load,Actual Load,2026-07-30T23:05:32Z
2026-07-30T23:03:49Z,2026-07-31T01:03:49+0200,f07b8511-917b-4433-baac-8bd8534f48c3,2026-07-27T05:15:00Z,2026-07-27T07:15:00+0200,40022.21,MW,FR,FR,actual_load,Actual Load,2026-07-30T23:05:32Z
2026-07-30T23:03:49Z,2026-07-31T01:03:49+0200,f07b8511-917b-4433-baac-8bd8534f48c3,2026-07-27T05:30:00Z,2026-07-27T07:30:00+0200,40721.22,MW,FR,FR,actual_load,Actual Load,2026-07-30T23:05:32Z
2026-07-30T23:03:49Z,2026-07-31T01:03:49+0200,f07b8511-917b-4433-baac-8bd8534f48c3,2026-07-27T05:45:00Z,2026-07-27T07:45:00+0200,41447.96,MW,FR,FR,actual_load,Actual Load,2026-07-30T23:05:32Z
2026-07-30T23:03:49Z,2026-07-31T01:03:49+0200,f07b8511-917b-4433-baac-8bd8534f48c3,2026-07-27T06:00:00Z,2026-07-27T08:00:00+0200,42356.95,MW,FR,FR,actual_load,Actual Load,2026-07-30T23:05:32Z
2026-07-30T23:03:49Z,2026-07-31T01:03:49+0200,f07b8511-917b-4433-baac-8bd8534f48c3,2026-07-27T06:15:00Z,2026-07-27T08:15:00+0200,42757.89,MW,FR,FR,actual_load,Actual Load,2026-07-30T23:05:32Z
2026-07-30T23:03:49Z,2026-07-31T01:03:49+0200,f07b8511-917b-4433-baac-8bd8534f48c3,2026-07-27T06:30:00Z,2026-07-27T08:30:00+0200,43446.85,MW,FR,FR,actual_load,Actual Load,2026-07-30T23:05:32Z
2026-07-30T23:03:49Z,2026-07-31T01:03:49+0200,f07b8511-917b-4433-baac-8bd8534f48c3,2026-07-27T06:45:00Z,2026-07-27T08:45:00+0200,43938.66,MW,FR,FR,actual_load,Actual Load,2026-07-30T23:05:32Z
2026-07-30T23:03:49Z,2026-07-31T01:03:49+0200,f07b8511-917b-4433-baac-8bd8534f48c3,2026-07-27T07:00:00Z,2026-07-27T09:00:00+0200,44391.77,MW,FR,FR,actual_load,Actual Load,2026-07-30T23:05:32Z
2026-07-30T23:03:49Z,2026-07-31T01:03:49+0200,f07b8511-917b-4433-baac-8bd8534f48c3,2026-07-27T07:15:00Z,2026-07-27T09:15:00+0200,45115.4,MW,FR,FR,actual_load,Actual Load,2026-07-30T23:05:32Z
2026-07-30T23:03:49Z,2026-07-31T01:03:49+0200,f07b8511-917b-4433-baac-8bd8534f48c3,2026-07-27T07:30:00Z,2026-07-27T09:30:00+0200,45702.13,MW,FR,FR,actual_load,Actual Load,2026-07-30T23:05:32Z
2026-07-30T23:03:49Z,2026-07-31T01:03:49+0200,f07b8511-917b-4433-baac-8bd8534f48c3,2026-07-27T07:45:00Z,2026-07-27T09:45:00+0200,45782.98,MW,FR,FR,actual_load,Actual Load,2026-07-30T23:05:32Z
2026-07-30T23:03:49Z,2026-07-31T01:03:49+0200,f07b8511-917b-4433-baac-8bd8534f48c3,2026-07-27T08:00:00Z,2026-07-27T10:00:00+0200,46146.25,MW,FR,FR,actual_load,Actual Load,2026-07-30T23:05:32Z
2026-07-30T23:03:49Z,2026-07-31T01:03:49+0200,f07b8511-917b-4433-baac-8bd8534f48c3,2026-07-27T08:15:00Z,2026-07-27T10:15:00+0200,46512.69,MW,FR,FR,actual_load,Actual Load,2026-07-30T23:05:32Z
2026-07-30T23:03:49Z,2026-07-31T01:03:49+0200,f07b8511-917b-4433-baac-8bd8534f48c3,2026-07-27T08:30:00Z,2026-07-27T10:30:00+0200,46938.02,MW,FR,FR,actual_load,Actual Load,2026-07-30T23:05:32Z
2026-07-30T23:03:49Z,2026-07-31T01:03:49+0200,f07b8511-917b-4433-baac-8bd8534f48c3,2026-07-27T08:45:00Z,2026-07-27T10:45:00+0200,46830.12,MW,FR,FR,actual_load,Actual Load,2026-07-30T23:05:32Z
2026-07-30T23:03:49Z,2026-07-31T01:03:49+0200,f07b8511-917b-4433-baac-8bd8534f48c3,2026-07-27T09:00:00Z,2026-07-27T11:00:00+0200,47082.37,MW,FR,FR,actual_load,Actual Load,2026-07-30T23:05:32Z
2026-07-30T23:03:49Z,2026-07-31T01:03:49+0200,f07b8511-917b-4433-baac-8bd8534f48c3,2026-07-27T09:15:00Z,2026-07-27T11:15:00+0200,47249.72,MW,FR,FR,actual_load,Actual Load,2026-07-30T23:05:32Z
2026-07-30T23:03:49Z,2026-07-31T01:03:49+0200,f07b8511-917b-4433-baac-8bd8534f48c3,2026-07-27T09:30:00Z,2026-07-27T11:30:00+0200,47517.85,MW,FR,FR,actual_load,Actual Load,2026-07-30T23:05:32Z
2026-07-30T23:03:49Z,2026-07-31T01:03:49+0200,f07b8511-917b-4433-baac-8bd8534f48c3,2026-07-27T09:45:00Z,2026-07-27T11:45:00+0200,47938.77,MW,FR,FR,actual_load,Actual Load,2026-07-30T23:05:32Z
2026-07-30T23:03:49Z,2026-07-31T01:03:49+0200,f07b8511-917b-4433-baac-8bd8534f48c3,2026-07-27T10:00:00Z,2026-07-27T12:00:00+0200,48423.69,MW,FR,FR,actual_load,Actual Load,2026-07-30T23:05:32Z
2026-07-30T23:03:49Z,2026-07-31T01:03:49+0200,f07b8511-917b-4433-baac-8bd8534f48c3,2026-07-27T10:15:00Z,2026-07-27T12:15:00+0200,48477.54,MW,FR,FR,actual_load,Actual Load,2026-07-30T23:05:32Z
2026-07-30T23:03:49Z,2026-07-31T01:03:49+0200,f07b8511-917b-4433-baac-8bd8534f48c3,2026-07-27T10:30:00Z,2026-07-27T12:30:00+0200,48889.69,MW,FR,FR,actual_load,Actual Load,2026-07-30T23:05:32Z
2026-07-30T23:03:49Z,2026-07-31T01:03:49+0200,f07b8511-917b-4433-baac-8bd8534f48c3,2026-07-27T10:45:00Z,2026-07-27T12:45:00+0200,48669.61,MW,FR,FR,actual_load,Actual Load,2026-07-30T23:05:32Z
2026-07-30T23:03:49Z,2026-07-31T01:03:49+0200,f07b8511-917b-4433-baac-8bd8534f48c3,2026-07-27T11:00:00Z,2026-07-27T13:00:00+0200,48419.27,MW,FR,FR,actual_load,Actual Load,2026-07-30T23:05:32Z
2026-07-30T23:03:49Z,2026-07-31T01:03:49+0200,f07b8511-917b-4433-baac-8bd8534f48c3,2026-07-27T11:15:00Z,2026-07-27T13:15:00+0200,48232.98,MW,FR,FR,actual_load,Actual Load,2026-07-30T23:05:32Z
2026-07-30T23:03:49Z,2026-07-31T01:03:49+0200,f07b8511-917b-4433-baac-8bd8534f48c3,2026-07-27T11:30:00Z,2026-07-27T13:30:00+0200,48016.46,MW,FR,FR,actual_load,Actual Load,2026-07-30T23:05:32Z
2026-07-30T23:03:49Z,2026-07-31T01:03:49+0200,f07b8511-917b-4433-baac-8bd8534f48c3,2026-07-27T11:45:00Z,2026-07-27T13:45:00+0200,48190.59,MW,FR,FR,actual_load,Actual Load,2026-07-30T23:05:32Z
2026-07-30T23:03:49Z,2026-07-31T01:03:49+0200,f07b8511-917b-4433-baac-8bd8534f48c3,2026-07-27T12:00:00Z,2026-07-27T14:00:00+0200,48806.12,MW,FR,FR,actual_load,Actual Load,2026-07-30T23:05:32Z
2026-07-30T23:03:49Z,2026-07-31T01:03:49+0200,f07b8511-917b-4433-baac-8bd8534f48c3,2026-07-27T12:15:00Z,2026-07-27T14:15:00+0200,48638.06,MW,FR,FR,actual_load,Actual Load,2026-07-30T23:05:32Z
2026-07-30T23:03:49Z,2026-07-31T01:03:49+0200,f07b8511-917b-4433-baac-8bd8534f48c3,2026-07-27T12:30:00Z,2026-07-27T14:30:00+0200,48614.17,MW,FR,FR,actual_load,Actual Load,2026-07-30T23:05:32Z
2026-07-30T23:03:49Z,2026-07-31T01:03:49+0200,f07b8511-917b-4433-baac-8bd8534f48c3,2026-07-27T12:45:00Z,2026-07-27T14:45:00+0200,48149.73,MW,FR,FR,actual_load,Actual Load,2026-07-30T23:05:32Z
2026-07-30T23:03:49Z,2026-07-31T01:03:49+0200,f07b8511-917b-4433-baac-8bd8534f48c3,2026-07-27T13:00:00Z,2026-07-27T15:00:00+0200,48259.56,MW,FR,FR,actual_load,Actual Load,2026-07-30T23:05:32Z
2026-07-30T23:03:49Z,2026-07-31T01:03:49+0200,f07b8511-917b-4433-baac-8bd8534f48c3,2026-07-27T13:15:00Z,2026-07-27T15:15:00+0200,47428.65,MW,FR,FR,actual_load,Actual Load,2026-07-30T23:05:32Z
2026-07-30T23:03:49Z,2026-07-31T01:03:49+0200,f07b8511-917b-4433-baac-8bd8534f48c3,2026-07-27T13:30:00Z,2026-07-27T15:30:00+0200,47000.44,MW,FR,FR,actual_load,Actual Load,2026-07-30T23:05:32Z
2026-07-30T23:03:49Z,2026-07-31T01:03:49+0200,f07b8511-917b-4433-baac-8bd8534f48c3,2026-07-27T13:45:00Z,2026-07-27T15:45:00+0200,46744.64,MW,FR,FR,actual_load,Actual Load,2026-07-30T23:05:32Z
2026-07-30T23:03:49Z,2026-07-31T01:03:49+0200,f07b8511-917b-4433-baac-8bd8534f48c3,2026-07-27T14:00:00Z,2026-07-27T16:00:00+0200,46360.26,MW,FR,FR,actual_load,Actual Load,2026-07-30T23:05:32Z
2026-07-30T23:03:49Z,2026-07-31T01:03:49+0200,f07b8511-917b-4433-baac-8bd8534f48c3,2026-07-27T14:15:00Z,2026-07-27T16:15:00+0200,46272.61,MW,FR,FR,actual_load,Actual Load,2026-07-30T23:05:32Z
2026-07-30T23:03:49Z,2026-07-31T01:03:49+0200,f07b8511-917b-4433-baac-8bd8534f48c3,2026-07-27T14:30:00Z,2026-07-27T16:30:00+0200,46253.32,MW,FR,FR,actual_load,Actual Load,2026-07-30T23:05:32Z
2026-07-30T23:03:49Z,2026-07-31T01:03:49+0200,f07b8511-917b-4433-baac-8bd8534f48c3,2026-07-27T14:45:00Z,2026-07-27T16:45:00+0200,46283.8,MW,FR,FR,actual_load,Actual Load,2026-07-30T23:05:32Z
2026-07-30T23:03:49Z,2026-07-31T01:03:49+0200,f07b8511-917b-4433-baac-8bd8534f48c3,2026-07-27T15:00:00Z,2026-07-27T17:00:00+0200,46333.87,MW,FR,FR,actual_load,Actual Load,2026-07-30T23:05:32Z
2026-07-30T23:03:49Z,2026-07-31T01:03:49+0200,f07b8511-917b-4433-baac-8bd8534f48c3,2026-07-27T15:15:00Z,2026-07-27T17:15:00+0200,46386.56,MW,FR,FR,actual_load,Actual Load,2026-07-30T23:05:32Z
2026-07-30T23:03:49Z,2026-07-31T01:03:49+0200,f07b8511-917b-4433-baac-8bd8534f48c3,2026-07-27T15:30:00Z,2026-07-27T17:30:00+0200,46340.41,MW,FR,FR,actual_load,Actual Load,2026-07-30T23:05:32Z
2026-07-30T23:03:49Z,2026-07-31T01:03:49+0200,f07b8511-917b-4433-baac-8bd8534f48c3,2026-07-27T15:45:00Z,2026-07-27T17:45:00+0200,46683.76,MW,FR,FR,actual_load,Actual Load,2026-07-30T23:05:32Z
2026-07-30T23:03:49Z,2026-07-31T01:03:49+0200,f07b8511-917b-4433-baac-8bd8534f48c3,2026-07-27T16:00:00Z,2026-07-27T18:00:00+0200,46709.8,MW,FR,FR,actual_load,Actual Load,2026-07-30T23:05:32Z
2026-07-30T23:03:49Z,2026-07-31T01:03:49+0200,f07b8511-917b-4433-baac-8bd8534f48c3,2026-07-27T16:15:00Z,2026-07-27T18:15:00+0200,47169.42,MW,FR,FR,actual_load,Actual Load,2026-07-30T23:05:32Z
2026-07-30T23:03:49Z,2026-07-31T01:03:49+0200,f07b8511-917b-4433-baac-8bd8534f48c3,2026-07-27T16:30:00Z,2026-07-27T18:30:00+0200,47637.23,MW,FR,FR,actual_load,Actual Load,2026-07-30T23:05:32Z
2026-07-30T23:03:49Z,2026-07-31T01:03:49+0200,f07b8511-917b-4433-baac-8bd8534f48c3,2026-07-27T16:45:00Z,2026-07-27T18:45:00+0200,48476.3,MW,FR,FR,actual_load,Actual Load,2026-07-30T23:05:32Z
2026-07-30T23:03:49Z,2026-07-31T01:03:49+0200,f07b8511-917b-4433-baac-8bd8534f48c3,2026-07-27T17:00:00Z,2026-07-27T19:00:00+0200,48509.92,MW,FR,FR,actual_load,Actual Load,2026-07-30T23:05:32Z
2026-07-30T23:03:49Z,2026-07-31T01:03:49+0200,f07b8511-917b-4433-baac-8bd8534f48c3,2026-07-27T17:15:00Z,2026-07-27T19:15:00+0200,48768.57,MW,FR,FR,actual_load,Actual Load,2026-07-30T23:05:32Z
2026-07-30T23:03:49Z,2026-07-31T01:03:49+0200,f07b8511-917b-4433-baac-8bd8534f48c3,2026-07-27T17:30:00Z,2026-07-27T19:30:00+0200,48473.07,MW,FR,FR,actual_load,Actual Load,2026-07-30T23:05:32Z
2026-07-30T23:03:49Z,2026-07-31T01:03:49+0200,f07b8511-917b-4433-baac-8bd8534f48c3,2026-07-27T17:45:00Z,2026-07-27T19:45:00+0200,48245.52,MW,FR,FR,actual_load,Actual Load,2026-07-30T23:05:32Z
2026-07-30T23:03:49Z,2026-07-31T01:03:49+0200,f07b8511-917b-4433-baac-8bd8534f48c3,2026-07-27T18:00:00Z,2026-07-27T20:00:00+0200,47682.27,MW,FR,FR,actual_load,Actual Load,2026-07-30T23:05:32Z
2026-07-30T23:03:49Z,2026-07-31T01:03:49+0200,f07b8511-917b-4433-baac-8bd8534f48c3,2026-07-27T18:15:00Z,2026-07-27T20:15:00+0200,46953.78,MW,FR,FR,actual_load,Actual Load,2026-07-30T23:05:32Z
2026-07-30T23:03:49Z,2026-07-31T01:03:49+0200,f07b8511-917b-4433-baac-8bd8534f48c3,2026-07-27T18:30:00Z,2026-07-27T20:30:00+0200,46379.57,MW,FR,FR,actual_load,Actual Load,2026-07-30T23:05:32Z
2026-07-30T23:03:49Z,2026-07-31T01:03:49+0200,f07b8511-917b-4433-baac-8bd8534f48c3,2026-07-27T18:45:00Z,2026-07-27T20:45:00+0200,45877.11,MW,FR,FR,actual_load,Actual Load,2026-07-30T23:05:32Z
2026-07-30T23:03:49Z,2026-07-31T01:03:49+0200,f07b8511-917b-4433-baac-8bd8534f48c3,2026-07-27T19:00:00Z,2026-07-27T21:00:00+0200,45657.92,MW,FR,FR,actual_load,Actual Load,2026-07-30T23:05:32Z
2026-07-30T23:03:49Z,2026-07-31T01:03:49+0200,f07b8511-917b-4433-baac-8bd8534f48c3,2026-07-27T19:15:00Z,2026-07-27T21:15:00+0200,45228.59,MW,FR,FR,actual_load,Actual Load,2026-07-30T23:05:32Z
2026-07-30T23:03:49Z,2026-07-31T01:03:49+0200,f07b8511-917b-4433-baac-8bd8534f48c3,2026-07-27T19:30:00Z,2026-07-27T21:30:00+0200,45223.44,MW,FR,FR,actual_load,Actual Load,2026-07-30T23:05:32Z
2026-07-30T23:03:49Z,2026-07-31T01:03:49+0200,f07b8511-917b-4433-baac-8bd8534f48c3,2026-07-27T19:45:00Z,2026-07-27T21:45:00+0200,45049.54,MW,FR,FR,actual_load,Actual Load,2026-07-30T23:05:32Z
2026-07-30T23:03:49Z,2026-07-31T01:03:49+0200,f07b8511-917b-4433-baac-8bd8534f48c3,2026-07-27T20:00:00Z,2026-07-27T22:00:00+0200,46134.13,MW,FR,FR,actual_load,Actual Load,2026-07-30T23:05:32Z
2026-07-30T23:03:49Z,2026-07-31T01:03:49+0200,f07b8511-917b-4433-baac-8bd8534f48c3,2026-07-27T20:15:00Z,2026-07-27T22:15:00+0200,45705.01,MW,FR,FR,actual_load,Actual Load,2026-07-30T23:05:32Z
2026-07-30T23:03:49Z,2026-07-31T01:03:49+0200,f07b8511-917b-4433-baac-8bd8534f48c3,2026-07-27T20:30:00Z,2026-07-27T22:30:00+0200,46793.53,MW,FR,FR,actual_load,Actual Load,2026-07-30T23:05:32Z
2026-07-30T23:03:49Z,2026-07-31T01:03:49+0200,f07b8511-917b-4433-baac-8bd8534f48c3,2026-07-27T20:45:00Z,2026-07-27T22:45:00+0200,46095.3,MW,FR,FR,actual_load,Actual Load,2026-07-30T23:05:32Z
2026-07-30T23:03:49Z,2026-07-31T01:03:49+0200,f07b8511-917b-4433-baac-8bd8534f48c3,2026-07-27T21:00:00Z,2026-07-27T23:00:00+0200,45782.1,MW,FR,FR,actual_load,Actual Load,2026-07-30T23:05:32Z
2026-07-30T23:03:49Z,2026-07-31T01:03:49+0200,f07b8511-917b-4433-baac-8bd8534f48c3,2026-07-27T21:15:00Z,2026-07-27T23:15:00+0200,44779.94,MW,FR,FR,actual_load,Actual Load,2026-07-30T23:05:32Z
2026-07-30T23:03:49Z,2026-07-31T01:03:49+0200,f07b8511-917b-4433-baac-8bd8534f48c3,2026-07-27T21:30:00Z,2026-07-27T23:30:00+0200,45038.63,MW,FR,FR,actual_load,Actual Load,2026-07-30T23:05:32Z
2026-07-30T23:03:49Z,2026-07-31T01:03:49+0200,f07b8511-917b-4433-baac-8bd8534f48c3,2026-07-27T21:45:00Z,2026-07-27T23:45:00+0200,43869.19,MW,FR,FR,actual_load,Actual Load,2026-07-30T23:05:32Z
2026-07-30T23:03:49Z,2026-07-31T01:03:49+0200,f07b8511-917b-4433-baac-8bd8534f48c3,2026-07-27T22:00:00Z,2026-07-28T00:00:00+0200,43629.07,MW,FR,FR,actual_load,Actual Load,2026-07-30T23:05:32Z
2026-07-30T23:03:49Z,2026-07-31T01:03:49+0200,f07b8511-917b-4433-baac-8bd8534f48c3,2026-07-27T22:15:00Z,2026-07-28T00:15:00+0200,42513.58,MW,FR,FR,actual_load,Actual Load,2026-07-30T23:05:32Z
2026-07-30T23:03:49Z,2026-07-31T01:03:49+0200,f07b8511-917b-4433-baac-8bd8534f48c3,2026-07-27T22:30:00Z,2026-07-28T00:30:00+0200,41351.46,MW,FR,FR,actual_load,Actual Load,2026-07-30T23:05:32Z
2026-07-30T23:03:49Z,2026-07-31T01:03:49+0200,f07b8511-917b-4433-baac-8bd8534f48c3,2026-07-27T22:45:00Z,2026-07-28T00:45:00+0200,40320.82,MW,FR,FR,actual_load,Actual Load,2026-07-30T23:05:32Z
2026-07-30T23:03:49Z,2026-07-31T01:03:49+0200,f07b8511-917b-4433-baac-8bd8534f48c3,2026-07-27T23:00:00Z,2026-07-28T01:00:00+0200,40574.52,MW,FR,FR,actual_load,Actual Load,2026-07-30T23:05:32Z
2026-07-30T23:03:49Z,2026-07-31T01:03:49+0200,f07b8511-917b-4433-baac-8bd8534f48c3,2026-07-27T23:15:00Z,2026-07-28T01:15:00+0200,39960.59,MW,FR,FR,actual_load,Actual Load,2026-07-30T23:05:32Z
2026-07-30T23:03:49Z,2026-07-31T01:03:49+0200,f07b8511-917b-4433-baac-8bd8534f48c3,2026-07-27T23:30:00Z,2026-07-28T01:30:00+0200,39888.55,MW,FR,FR,actual_load,Actual Load,2026-07-30T23:05:32Z
2026-07-30T23:03:49Z,2026-07-31T01:03:49+0200,f07b8511-917b-4433-baac-8bd8534f48c3,2026-07-27T23:45:00Z,2026-07-28T01:45:00+0200,39054.82,MW,FR,FR,actual_load,Actual Load,2026-07-30T23:05:32Z
2026-07-30T23:03:49Z,2026-07-31T01:03:49+0200,f07b8511-917b-4433-baac-8bd8534f48c3,2026-07-28T00:00:00Z,2026-07-28T02:00:00+0200,38848.83,MW,FR,FR,actual_load,Actual Load,2026-07-30T23:05:32Z
2026-07-30T23:03:49Z,2026-07-31T01:03:49+0200,f07b8511-917b-4433-baac-8bd8534f48c3,2026-07-28T00:15:00Z,2026-07-28T02:15:00+0200,38005.49,MW,FR,FR,actual_load,Actual Load,2026-07-30T23:05:32Z
2026-07-30T23:03:49Z,2026-07-31T01:03:49+0200,f07b8511-917b-4433-baac-8bd8534f48c3,2026-07-28T00:30:00Z,2026-07-28T02:30:00+0200,37379.23,MW,FR,FR,actual_load,Actual Load,2026-07-30T23:05:32Z
2026-07-30T23:03:49Z,2026-07-31T01:03:49+0200,f07b8511-917b-4433-baac-8bd8534f48c3,2026-07-28T00:45:00Z,2026-07-28T02:45:00+0200,36721.33,MW,FR,FR,actual_load,Actual Load,2026-07-30T23:05:32Z
2026-07-30T23:03:49Z,2026-07-31T01:03:49+0200,f07b8511-917b-4433-baac-8bd8534f48c3,2026-07-28T01:00:00Z,2026-07-28T03:00:00+0200,36453.58,MW,FR,FR,actual_load,Actual Load,2026-07-30T23:05:32Z
2026-07-30T23:03:49Z,2026-07-31T01:03:49+0200,f07b8511-917b-4433-baac-8bd8534f48c3,2026-07-28T01:15:00Z,2026-07-28T03:15:00+0200,36062.46,MW,FR,FR,actual_load,Actual Load,2026-07-30T23:05:32Z
2026-07-30T23:03:49Z,2026-07-31T01:03:49+0200,f07b8511-917b-4433-baac-8bd8534f48c3,2026-07-28T01:30:00Z,2026-07-28T03:30:00+0200,35841.12,MW,FR,FR,actual_load,Actual Load,2026-07-30T23:05:32Z
2026-07-30T23:03:49Z,2026-07-31T01:03:49+0200,f07b8511-917b-4433-baac-8bd8534f48c3,2026-07-28T01:45:00Z,2026-07-28T03:45:00+0200,35708.23,MW,FR,FR,actual_load,Actual Load,2026-07-30T23:05:32Z
2026-07-30T23:03:49Z,2026-07-31T01:03:49+0200,f07b8511-917b-4433-baac-8bd8534f48c3,2026-07-28T02:00:00Z,2026-07-28T04:00:00+0200,35653.53,MW,FR,FR,actual_load,Actual Load,2026-07-30T23:05:32Z
2026-07-30T23:03:49Z,2026-07-31T01:03:49+0200,f07b8511-917b-4433-baac-8bd8534f48c3,2026-07-28T02:15:00Z,2026-07-28T04:15:00+0200,35574.5,MW,FR,FR,actual_load,Actual Load,2026-07-30T23:05:32Z
2026-07-30T23:03:49Z,2026-07-31T01:03:49+0200,f07b8511-917b-4433-baac-8bd8534f48c3,2026-07-28T02:30:00Z,2026-07-28T04:30:00+0200,35651.33,MW,FR,FR,actual_load,Actual Load,2026-07-30T23:05:32Z
2026-07-30T23:03:49Z,2026-07-31T01:03:49+0200,f07b8511-917b-4433-baac-8bd8534f48c3,2026-07-28T02:45:00Z,2026-07-28T04:45:00+0200,35695.95,MW,FR,FR,actual_load,Actual Load,2026-07-30T23:05:32Z
2026-07-30T23:03:49Z,2026-07-31T01:03:49+0200,f07b8511-917b-4433-baac-8bd8534f48c3,2026-07-28T03:00:00Z,2026-07-28T05:00:00+0200,36283.77,MW,FR,FR,actual_load,Actual Load,2026-07-30T23:05:32Z
2026-07-30T23:03:49Z,2026-07-31T01:03:49+0200,f07b8511-917b-4433-baac-8bd8534f48c3,2026-07-28T03:15:00Z,2026-07-28T05:15:00+0200,36802.0,MW,FR,FR,actual_load,Actual Load,2026-07-30T23:05:32Z
2026-07-30T23:03:49Z,2026-07-31T01:03:49+0200,f07b8511-917b-4433-baac-8bd8534f48c3,2026-07-28T03:30:00Z,2026-07-28T05:30:00+0200,37077.31,MW,FR,FR,actual_load,Actual Load,2026-07-30T23:05:32Z
2026-07-30T23:03:49Z,2026-07-31T01:03:49+0200,f07b8511-917b-4433-baac-8bd8534f48c3,2026-07-28T03:45:00Z,2026-07-28T05:45:00+0200,37423.39,MW,FR,FR,actual_load,Actual Load,2026-07-30T23:05:32Z
2026-07-30T23:03:49Z,2026-07-31T01:03:49+0200,f07b8511-917b-4433-baac-8bd8534f48c3,2026-07-28T04:00:00Z,2026-07-28T06:00:00+0200,38130.8,MW,FR,FR,actual_load,Actual Load,2026-07-30T23:05:32Z
2026-07-30T23:03:49Z,2026-07-31T01:03:49+0200,f07b8511-917b-4433-baac-8bd8534f48c3,2026-07-28T04:15:00Z,2026-07-28T06:15:00+0200,38654.5,MW,FR,FR,actual_load,Actual Load,2026-07-30T23:05:32Z
2026-07-30T23:03:49Z,2026-07-31T01:03:49+0200,f07b8511-917b-4433-baac-8bd8534f48c3,2026-07-28T04:30:00Z,2026-07-28T06:30:00+0200,38983.82,MW,FR,FR,actual_load,Actual Load,2026-07-30T23:05:32Z
2026-07-30T23:03:49Z,2026-07-31T01:03:49+0200,f07b8511-917b-4433-baac-8bd8534f48c3,2026-07-28T04:45:00Z,2026-07-28T06:45:00+0200,39529.8,MW,FR,FR,actual_load,Actual Load,2026-07-30T23:05:32Z
2026-07-30T23:03:49Z,2026-07-31T01:03:49+0200,f07b8511-917b-4433-baac-8bd8534f48c3,2026-07-28T05:00:00Z,2026-07-28T07:00:00+0200,40265.67,MW,FR,FR,actual_load,Actual Load,2026-07-30T23:05:32Z
2026-07-30T23:03:49Z,2026-07-31T01:03:49+0200,f07b8511-917b-4433-baac-8bd8534f48c3,2026-07-28T05:15:00Z,2026-07-28T07:15:00+0200,40919.09,MW,FR,FR,actual_load,Actual Load,2026-07-30T23:05:32Z
2026-07-30T23:03:49Z,2026-07-31T01:03:49+0200,f07b8511-917b-4433-baac-8bd8534f48c3,2026-07-28T05:30:00Z,2026-07-28T07:30:00+0200,41390.82,MW,FR,FR,actual_load,Actual Load,2026-07-30T23:05:32Z
2026-07-30T23:03:49Z,2026-07-31T01:03:49+0200,f07b8511-917b-4433-baac-8bd8534f48c3,2026-07-28T05:45:00Z,2026-07-28T07:45:00+0200,42127.18,MW,FR,FR,actual_load,Actual Load,2026-07-30T23:05:32Z
2026-07-30T23:03:49Z,2026-07-31T01:03:49+0200,f07b8511-917b-4433-baac-8bd8534f48c3,2026-07-28T06:00:00Z,2026-07-28T08:00:00+0200,42962.78,MW,FR,FR,actual_load,Actual Load,2026-07-30T23:05:32Z
2026-07-30T23:03:49Z,2026-07-31T01:03:49+0200,f07b8511-917b-4433-baac-8bd8534f48c3,2026-07-28T06:15:00Z,2026-07-28T08:15:00+0200,43633.98,MW,FR,FR,actual_load,Actual Load,2026-07-30T23:05:32Z
2026-07-30T23:03:49Z,2026-07-31T01:03:49+0200,f07b8511-917b-4433-baac-8bd8534f48c3,2026-07-28T06:30:00Z,2026-07-28T08:30:00+0200,44114.37,MW,FR,FR,actual_load,Actual Load,2026-07-30T23:05:32Z
2026-07-30T23:03:49Z,2026-07-31T01:03:49+0200,f07b8511-917b-4433-baac-8bd8534f48c3,2026-07-28T06:45:00Z,2026-07-28T08:45:00+0200,44662.16,MW,FR,FR,actual_load,Actual Load,2026-07-30T23:05:32Z
2026-07-30T23:03:49Z,2026-07-31T01:03:49+0200,f07b8511-917b-4433-baac-8bd8534f48c3,2026-07-28T07:00:00Z,2026-07-28T09:00:00+0200,45109.27,MW,FR,FR,actual_load,Actual Load,2026-07-30T23:05:32Z
2026-07-30T23:03:49Z,2026-07-31T01:03:49+0200,f07b8511-917b-4433-baac-8bd8534f48c3,2026-07-28T07:15:00Z,2026-07-28T09:15:00+0200,45656.18,MW,FR,FR,actual_load,Actual Load,2026-07-30T23:05:32Z
2026-07-30T23:03:49Z,2026-07-31T01:03:49+0200,f07b8511-917b-4433-baac-8bd8534f48c3,2026-07-28T07:30:00Z,2026-07-28T09:30:00+0200,46305.61,MW,FR,FR,actual_load,Actual Load,2026-07-30T23:05:32Z
2026-07-30T23:03:49Z,2026-07-31T01:03:49+0200,f07b8511-917b-4433-baac-8bd8534f48c3,2026-07-28T07:45:00Z,2026-07-28T09:45:00+0200,46693.03,MW,FR,FR,actual_load,Actual Load,2026-07-30T23:05:32Z
2026-07-30T23:03:49Z,2026-07-31T01:03:49+0200,f07b8511-917b-4433-baac-8bd8534f48c3,2026-07-28T08:00:00Z,2026-07-28T10:00:00+0200,47442.39,MW,FR,FR,actual_load,Actual Load,2026-07-30T23:05:32Z
2026-07-30T23:03:49Z,2026-07-31T01:03:49+0200,f07b8511-917b-4433-baac-8bd8534f48c3,2026-07-28T08:15:00Z,2026-07-28T10:15:00+0200,47650.15,MW,FR,FR,actual_load,Actual Load,2026-07-30T23:05:32Z
2026-07-30T23:03:49Z,2026-07-31T01:03:49+0200,f07b8511-917b-4433-baac-8bd8534f48c3,2026-07-28T08:30:00Z,2026-07-28T10:30:00+0200,47192.45,MW,FR,FR,actual_load,Actual Load,2026-07-30T23:05:32Z
2026-07-30T23:03:49Z,2026-07-31T01:03:49+0200,f07b8511-917b-4433-baac-8bd8534f48c3,2026-07-28T08:45:00Z,2026-07-28T10:45:00+0200,47235.74,MW,FR,FR,actual_load,Actual Load,2026-07-30T23:05:32Z
2026-07-30T23:03:49Z,2026-07-31T01:03:49+0200,f07b8511-917b-4433-baac-8bd8534f48c3,2026-07-28T09:00:00Z,2026-07-28T11:00:00+0200,47618.16,MW,FR,FR,actual_load,Actual Load,2026-07-30T23:05:32Z
2026-07-30T23:03:49Z,2026-07-31T01:03:49+0200,f07b8511-917b-4433-baac-8bd8534f48c3,2026-07-28T09:15:00Z,2026-07-28T11:15:00+0200,48074.65,MW,FR,FR,actual_load,Actual Load,2026-07-30T23:05:32Z
2026-07-30T23:03:49Z,2026-07-31T01:03:49+0200,f07b8511-917b-4433-baac-8bd8534f48c3,2026-07-28T09:30:00Z,2026-07-28T11:30:00+0200,48344.29,MW,FR,FR,actual_load,Actual Load,2026-07-30T23:05:32Z
2026-07-30T23:03:49Z,2026-07-31T01:03:49+0200,f07b8511-917b-4433-baac-8bd8534f48c3,2026-07-28T09:45:00Z,2026-07-28T11:45:00+0200,48844.54,MW,FR,FR,actual_load,Actual Load,2026-07-30T23:05:32Z
2026-07-30T23:03:49Z,2026-07-31T01:03:49+0200,f07b8511-917b-4433-baac-8bd8534f48c3,2026-07-28T10:00:00Z,2026-07-28T12:00:00+0200,49894.5,MW,FR,FR,actual_load,Actual Load,2026-07-30T23:05:32Z
2026-07-30T23:03:49Z,2026-07-31T01:03:49+0200,f07b8511-917b-4433-baac-8bd8534f48c3,2026-07-28T10:15:00Z,2026-07-28T12:15:00+0200,50818.05,MW,FR,FR,actual_load,Actual Load,2026-07-30T23:05:32Z
2026-07-30T23:03:49Z,2026-07-31T01:03:49+0200,f07b8511-917b-4433-baac-8bd8534f48c3,2026-07-28T10:30:00Z,2026-07-28T12:30:00+0200,51003.79,MW,FR,FR,actual_load,Actual Load,2026-07-30T23:05:32Z
2026-07-30T23:03:49Z,2026-07-31T01:03:49+0200,f07b8511-917b-4433-baac-8bd8534f48c3,2026-07-28T10:45:00Z,2026-07-28T12:45:00+0200,50767.0,MW,FR,FR,actual_load,Actual Load,2026-07-30T23:05:32Z
2026-07-30T23:03:49Z,2026-07-31T01:03:49+0200,f07b8511-917b-4433-baac-8bd8534f48c3,2026-07-28T11:00:00Z,2026-07-28T13:00:00+0200,50502.74,MW,FR,FR,actual_load,Actual Load,2026-07-30T23:05:32Z
2026-07-30T23:03:49Z,2026-07-31T01:03:49+0200,f07b8511-917b-4433-baac-8bd8534f48c3,2026-07-28T11:15:00Z,2026-07-28T13:15:00+0200,50125.38,MW,FR,FR,actual_load,Actual Load,2026-07-30T23:05:32Z
2026-07-30T23:03:49Z,2026-07-31T01:03:49+0200,f07b8511-917b-4433-baac-8bd8534f48c3,2026-07-28T11:30:00Z,2026-07-28T13:30:00+0200,50071.62,MW,FR,FR,actual_load,Actual Load,2026-07-30T23:05:32Z
2026-07-30T23:03:49Z,2026-07-31T01:03:49+0200,f07b8511-917b-4433-baac-8bd8534f48c3,2026-07-28T11:45:00Z,2026-07-28T13:45:00+0200,50204.5,MW,FR,FR,actual_load,Actual Load,2026-07-30T23:05:32Z
2026-07-30T23:03:49Z,2026-07-31T01:03:49+0200,f07b8511-917b-4433-baac-8bd8534f48c3,2026-07-28T12:00:00Z,2026-07-28T14:00:00+0200,51130.16,MW,FR,FR,actual_load,Actual Load,2026-07-30T23:05:32Z
2026-07-30T23:03:49Z,2026-07-31T01:03:49+0200,f07b8511-917b-4433-baac-8bd8534f48c3,2026-07-28T12:15:00Z,2026-07-28T14:15:00+0200,51372.84,MW,FR,FR,actual_load,Actual Load,2026-07-30T23:05:32Z
2026-07-30T23:03:49Z,2026-07-31T01:03:49+0200,f07b8511-917b-4433-baac-8bd8534f48c3,2026-07-28T12:30:00Z,2026-07-28T14:30:00+0200,51473.88,MW,FR,FR,actual_load,Actual Load,2026-07-30T23:05:32Z
2026-07-30T23:03:49Z,2026-07-31T01:03:49+0200,f07b8511-917b-4433-baac-8bd8534f48c3,2026-07-28T12:45:00Z,2026-07-28T14:45:00+0200,51170.81,MW,FR,FR,actual_load,Actual Load,2026-07-30T23:05:32Z
2026-07-30T23:03:49Z,2026-07-31T01:03:49+0200,f07b8511-917b-4433-baac-8bd8534f48c3,2026-07-28T13:00:00Z,2026-07-28T15:00:00+0200,51075.21,MW,FR,FR,actual_load,Actual Load,2026-07-30T23:05:32Z
2026-07-30T23:03:49Z,2026-07-31T01:03:49+0200,f07b8511-917b-4433-baac-8bd8534f48c3,2026-07-28T13:15:00Z,2026-07-28T15:15:00+0200,50635.01,MW,FR,FR,actual_load,Actual Load,2026-07-30T23:05:32Z
2026-07-30T23:03:49Z,2026-07-31T01:03:49+0200,f07b8511-917b-4433-baac-8bd8534f48c3,2026-07-28T13:30:00Z,2026-07-28T15:30:00+0200,50191.09,MW,FR,FR,actual_load,Actual Load,2026-07-30T23:05:32Z
2026-07-30T23:03:49Z,2026-07-31T01:03:49+0200,f07b8511-917b-4433-baac-8bd8534f48c3,2026-07-28T13:45:00Z,2026-07-28T15:45:00+0200,49753.22,MW,FR,FR,actual_load,Actual Load,2026-07-30T23:05:32Z
2026-07-30T23:03:49Z,2026-07-31T01:03:49+0200,f07b8511-917b-4433-baac-8bd8534f48c3,2026-07-28T14:00:00Z,2026-07-28T16:00:00+0200,49728.06,MW,FR,FR,actual_load,Actual Load,2026-07-30T23:05:32Z
2026-07-30T23:03:49Z,2026-07-31T01:03:49+0200,f07b8511-917b-4433-baac-8bd8534f48c3,2026-07-28T14:15:00Z,2026-07-28T16:15:00+0200,49598.42,MW,FR,FR,actual_load,Actual Load,2026-07-30T23:05:32Z
2026-07-30T23:03:49Z,2026-07-31T01:03:49+0200,f07b8511-917b-4433-baac-8bd8534f48c3,2026-07-28T14:30:00Z,2026-07-28T16:30:00+0200,49423.0,MW,FR,FR,actual_load,Actual Load,2026-07-30T23:05:32Z
2026-07-30T23:03:49Z,2026-07-31T01:03:49+0200,f07b8511-917b-4433-baac-8bd8534f48c3,2026-07-28T14:45:00Z,2026-07-28T16:45:00+0200,49389.6,MW,FR,FR,actual_load,Actual Load,2026-07-30T23:05:32Z
2026-07-30T23:03:49Z,2026-07-31T01:03:49+0200,f07b8511-917b-4433-baac-8bd8534f48c3,2026-07-28T15:00:00Z,2026-07-28T17:00:00+0200,49211.45,MW,FR,FR,actual_load,Actual Load,2026-07-30T23:05:32Z
2026-07-30T23:03:49Z,2026-07-31T01:03:49+0200,f07b8511-917b-4433-baac-8bd8534f48c3,2026-07-28T15:15:00Z,2026-07-28T17:15:00+0200,49287.98,MW,FR,FR,actual_load,Actual Load,2026-07-30T23:05:32Z
2026-07-30T23:03:49Z,2026-07-31T01:03:49+0200,f07b8511-917b-4433-baac-8bd8534f48c3,2026-07-28T15:30:00Z,2026-07-28T17:30:00+0200,49370.76,MW,FR,FR,actual_load,Actual Load,2026-07-30T23:05:32Z
2026-07-30T23:03:49Z,2026-07-31T01:03:49+0200,f07b8511-917b-4433-baac-8bd8534f48c3,2026-07-28T15:45:00Z,2026-07-28T17:45:00+0200,49754.41,MW,FR,FR,actual_load,Actual Load,2026-07-30T23:05:32Z
2026-07-30T23:03:49Z,2026-07-31T01:03:49+0200,f07b8511-917b-4433-baac-8bd8534f48c3,2026-07-28T16:00:00Z,2026-07-28T18:00:00+0200,50196.04,MW,FR,FR,actual_load,Actual Load,2026-07-30T23:05:32Z
2026-07-30T23:03:49Z,2026-07-31T01:03:49+0200,f07b8511-917b-4433-baac-8bd8534f48c3,2026-07-28T16:15:00Z,2026-07-28T18:15:00+0200,50464.52,MW,FR,FR,actual_load,Actual Load,2026-07-30T23:05:32Z
2026-07-30T23:03:49Z,2026-07-31T01:03:49+0200,f07b8511-917b-4433-baac-8bd8534f48c3,2026-07-28T16:30:00Z,2026-07-28T18:30:00+0200,50841.03,MW,FR,FR,actual_load,Actual Load,2026-07-30T23:05:32Z
2026-07-30T23:03:49Z,2026-07-31T01:03:49+0200,f07b8511-917b-4433-baac-8bd8534f48c3,2026-07-28T16:45:00Z,2026-07-28T18:45:00+0200,51369.0,MW,FR,FR,actual_load,Actual Load,2026-07-30T23:05:32Z
2026-07-30T23:03:49Z,2026-07-31T01:03:49+0200,f07b8511-917b-4433-baac-8bd8534f48c3,2026-07-28T17:00:00Z,2026-07-28T19:00:00+0200,51583.31,MW,FR,FR,actual_load,Actual Load,2026-07-30T23:05:32Z
2026-07-30T23:03:49Z,2026-07-31T01:03:49+0200,f07b8511-917b-4433-baac-8bd8534f48c3,2026-07-28T17:15:00Z,2026-07-28T19:15:00+0200,51504.26,MW,FR,FR,actual_load,Actual Load,2026-07-30T23:05:32Z
2026-07-30T23:03:49Z,2026-07-31T01:03:49+0200,f07b8511-917b-4433-baac-8bd8534f48c3,2026-07-28T17:30:00Z,2026-07-28T19:30:00+0200,51374.59,MW,FR,FR,actual_load,Actual Load,2026-07-30T23:05:32Z
2026-07-30T23:03:49Z,2026-07-31T01:03:49+0200,f07b8511-917b-4433-baac-8bd8534f48c3,2026-07-28T17:45:00Z,2026-07-28T19:45:00+0200,51085.07,MW,FR,FR,actual_load,Actual Load,2026-07-30T23:05:32Z
2026-07-30T23:03:49Z,2026-07-31T01:03:49+0200,f07b8511-917b-4433-baac-8bd8534f48c3,2026-07-28T18:00:00Z,2026-07-28T20:00:00+0200,50492.13,MW,FR,FR,actual_load,Actual Load,2026-07-30T23:05:32Z
2026-07-30T23:03:49Z,2026-07-31T01:03:49+0200,f07b8511-917b-4433-baac-8bd8534f48c3,2026-07-28T18:15:00Z,2026-07-28T20:15:00+0200,49688.44,MW,FR,FR,actual_load,Actual Load,2026-07-30T23:05:32Z
2026-07-30T23:03:49Z,2026-07-31T01:03:49+0200,f07b8511-917b-4433-baac-8bd8534f48c3,2026-07-28T18:30:00Z,2026-07-28T20:30:00+0200,48991.12,MW,FR,FR,actual_load,Actual Load,2026-07-30T23:05:32Z
2026-07-30T23:03:49Z,2026-07-31T01:03:49+0200,f07b8511-917b-4433-baac-8bd8534f48c3,2026-07-28T18:45:00Z,2026-07-28T20:45:00+0200,48383.75,MW,FR,FR,actual_load,Actual Load,2026-07-30T23:05:32Z
2026-07-30T23:03:49Z,2026-07-31T01:03:49+0200,f07b8511-917b-4433-baac-8bd8534f48c3,2026-07-28T19:00:00Z,2026-07-28T21:00:00+0200,48064.31,MW,FR,FR,actual_load,Actual Load,2026-07-30T23:05:32Z
2026-07-30T23:03:49Z,2026-07-31T01:03:49+0200,f07b8511-917b-4433-baac-8bd8534f48c3,2026-07-28T19:15:00Z,2026-07-28T21:15:00+0200,47617.3,MW,FR,FR,actual_load,Actual Load,2026-07-30T23:05:32Z
2026-07-30T23:03:49Z,2026-07-31T01:03:49+0200,f07b8511-917b-4433-baac-8bd8534f48c3,2026-07-28T19:30:00Z,2026-07-28T21:30:00+0200,47393.56,MW,FR,FR,actual_load,Actual Load,2026-07-30T23:05:32Z
2026-07-30T23:03:49Z,2026-07-31T01:03:49+0200,f07b8511-917b-4433-baac-8bd8534f48c3,2026-07-28T19:45:00Z,2026-07-28T21:45:00+0200,47071.39,MW,FR,FR,actual_load,Actual Load,2026-07-30T23:05:32Z
2026-07-30T23:03:49Z,2026-07-31T01:03:49+0200,f07b8511-917b-4433-baac-8bd8534f48c3,2026-07-28T20:00:00Z,2026-07-28T22:00:00+0200,48150.99,MW,FR,FR,actual_load,Actual Load,2026-07-30T23:05:32Z
2026-07-30T23:03:49Z,2026-07-31T01:03:49+0200,f07b8511-917b-4433-baac-8bd8534f48c3,2026-07-28T20:15:00Z,2026-07-28T22:15:00+0200,47805.15,MW,FR,FR,actual_load,Actual Load,2026-07-30T23:05:32Z
2026-07-30T23:03:49Z,2026-07-31T01:03:49+0200,f07b8511-917b-4433-baac-8bd8534f48c3,2026-07-28T20:30:00Z,2026-07-28T22:30:00+0200,48827.96,MW,FR,FR,actual_load,Actual Load,2026-07-30T23:05:32Z
2026-07-30T23:03:49Z,2026-07-31T01:03:49+0200,f07b8511-917b-4433-baac-8bd8534f48c3,2026-07-28T20:45:00Z,2026-07-28T22:45:00+0200,47974.35,MW,FR,FR,actual_load,Actual Load,2026-07-30T23:05:32Z
2026-07-30T23:03:49Z,2026-07-31T01:03:49+0200,f07b8511-917b-4433-baac-8bd8534f48c3,2026-07-28T21:00:00Z,2026-07-28T23:00:00+0200,47475.35,MW,FR,FR,actual_load,Actual Load,2026-07-30T23:05:32Z
2026-07-30T23:03:49Z,2026-07-31T01:03:49+0200,f07b8511-917b-4433-baac-8bd8534f48c3,2026-07-28T21:15:00Z,2026-07-28T23:15:00+0200,46528.86,MW,FR,FR,actual_load,Actual Load,2026-07-30T23:05:32Z
2026-07-30T23:03:49Z,2026-07-31T01:03:49+0200,f07b8511-917b-4433-baac-8bd8534f48c3,2026-07-28T21:30:00Z,2026-07-28T23:30:00+0200,46672.94,MW,FR,FR,actual_load,Actual Load,2026-07-30T23:05:32Z
2026-07-30T23:03:49Z,2026-07-31T01:03:49+0200,f07b8511-917b-4433-baac-8bd8534f48c3,2026-07-28T21:45:00Z,2026-07-28T23:45:00+0200,45566.58,MW,FR,FR,actual_load,Actual Load,2026-07-30T23:05:32Z
2026-07-30T23:03:49Z,2026-07-31T01:03:49+0200,f07b8511-917b-4433-baac-8bd8534f48c3,2026-07-28T22:00:00Z,2026-07-29T00:00:00+0200,45300.77,MW,FR,FR,actual_load,Actual Load,2026-07-30T23:05:32Z
2026-07-30T23:03:49Z,2026-07-31T01:03:49+0200,f07b8511-917b-4433-baac-8bd8534f48c3,2026-07-28T22:15:00Z,2026-07-29T00:15:00+0200,44295.08,MW,FR,FR,actual_load,Actual Load,2026-07-30T23:05:32Z
2026-07-30T23:03:49Z,2026-07-31T01:03:49+0200,f07b8511-917b-4433-baac-8bd8534f48c3,2026-07-28T22:30:00Z,2026-07-29T00:30:00+0200,42761.64,MW,FR,FR,actual_load,Actual Load,2026-07-30T23:05:32Z
2026-07-30T23:03:49Z,2026-07-31T01:03:49+0200,f07b8511-917b-4433-baac-8bd8534f48c3,2026-07-28T22:45:00Z,2026-07-29T00:45:00+0200,41705.72,MW,FR,FR,actual_load,Actual Load,2026-07-30T23:05:32Z
2026-07-30T23:03:49Z,2026-07-31T01:03:49+0200,f07b8511-917b-4433-baac-8bd8534f48c3,2026-07-28T23:00:00Z,2026-07-29T01:00:00+0200,42014.8,MW,FR,FR,actual_load,Actual Load,2026-07-30T23:05:32Z
2026-07-30T23:03:49Z,2026-07-31T01:03:49+0200,f07b8511-917b-4433-baac-8bd8534f48c3,2026-07-28T23:15:00Z,2026-07-29T01:15:00+0200,41379.22,MW,FR,FR,actual_load,Actual Load,2026-07-30T23:05:32Z
2026-07-30T23:03:49Z,2026-07-31T01:03:49+0200,f07b8511-917b-4433-baac-8bd8534f48c3,2026-07-28T23:30:00Z,2026-07-29T01:30:00+0200,41142.1,MW,FR,FR,actual_load,Actual Load,2026-07-30T23:05:32Z
2026-07-30T23:03:49Z,2026-07-31T01:03:49+0200,f07b8511-917b-4433-baac-8bd8534f48c3,2026-07-28T23:45:00Z,2026-07-29T01:45:00+0200,40300.27,MW,FR,FR,actual_load,Actual Load,2026-07-30T23:05:32Z
2026-07-30T23:03:49Z,2026-07-31T01:03:49+0200,f07b8511-917b-4433-baac-8bd8534f48c3,2026-07-29T00:00:00Z,2026-07-29T02:00:00+0200,40023.96,MW,FR,FR,actual_load,Actual Load,2026-07-30T23:05:32Z
2026-07-30T23:03:49Z,2026-07-31T01:03:49+0200,f07b8511-917b-4433-baac-8bd8534f48c3,2026-07-29T00:15:00Z,2026-07-29T02:15:00+0200,39234.34,MW,FR,FR,actual_load,Actual Load,2026-07-30T23:05:32Z
2026-07-30T23:03:49Z,2026-07-31T01:03:49+0200,f07b8511-917b-4433-baac-8bd8534f48c3,2026-07-29T00:30:00Z,2026-07-29T02:30:00+0200,38539.44,MW,FR,FR,actual_load,Actual Load,2026-07-30T23:05:32Z
2026-07-30T23:03:49Z,2026-07-31T01:03:49+0200,f07b8511-917b-4433-baac-8bd8534f48c3,2026-07-29T00:45:00Z,2026-07-29T02:45:00+0200,37785.67,MW,FR,FR,actual_load,Actual Load,2026-07-30T23:05:32Z
2026-07-30T23:03:49Z,2026-07-31T01:03:49+0200,f07b8511-917b-4433-baac-8bd8534f48c3,2026-07-29T01:00:00Z,2026-07-29T03:00:00+0200,37393.53,MW,FR,FR,actual_load,Actual Load,2026-07-30T23:05:32Z
2026-07-30T23:03:49Z,2026-07-31T01:03:49+0200,f07b8511-917b-4433-baac-8bd8534f48c3,2026-07-29T01:15:00Z,2026-07-29T03:15:00+0200,37041.14,MW,FR,FR,actual_load,Actual Load,2026-07-30T23:05:32Z
2026-07-30T23:03:49Z,2026-07-31T01:03:49+0200,f07b8511-917b-4433-baac-8bd8534f48c3,2026-07-29T01:30:00Z,2026-07-29T03:30:00+0200,36829.27,MW,FR,FR,actual_load,Actual Load,2026-07-30T23:05:32Z
2026-07-30T23:03:49Z,2026-07-31T01:03:49+0200,f07b8511-917b-4433-baac-8bd8534f48c3,2026-07-29T01:45:00Z,2026-07-29T03:45:00+0200,36628.53,MW,FR,FR,actual_load,Actual Load,2026-07-30T23:05:32Z
2026-07-30T23:03:49Z,2026-07-31T01:03:49+0200,f07b8511-917b-4433-baac-8bd8534f48c3,2026-07-29T02:00:00Z,2026-07-29T04:00:00+0200,36574.93,MW,FR,FR,actual_load,Actual Load,2026-07-30T23:05:32Z
2026-07-30T23:03:49Z,2026-07-31T01:03:49+0200,f07b8511-917b-4433-baac-8bd8534f48c3,2026-07-29T02:15:00Z,2026-07-29T04:15:00+0200,36566.6,MW,FR,FR,actual_load,Actual Load,2026-07-30T23:05:32Z
2026-07-30T23:03:49Z,2026-07-31T01:03:49+0200,f07b8511-917b-4433-baac-8bd8534f48c3,2026-07-29T02:30:00Z,2026-07-29T04:30:00+0200,36535.84,MW,FR,FR,actual_load,Actual Load,2026-07-30T23:05:32Z
2026-07-30T23:03:49Z,2026-07-31T01:03:49+0200,f07b8511-917b-4433-baac-8bd8534f48c3,2026-07-29T02:45:00Z,2026-07-29T04:45:00+0200,36545.73,MW,FR,FR,actual_load,Actual Load,2026-07-30T23:05:32Z
2026-07-30T23:03:49Z,2026-07-31T01:03:49+0200,f07b8511-917b-4433-baac-8bd8534f48c3,2026-07-29T03:00:00Z,2026-07-29T05:00:00+0200,37144.8,MW,FR,FR,actual_load,Actual Load,2026-07-30T23:05:32Z
2026-07-30T23:03:49Z,2026-07-31T01:03:49+0200,f07b8511-917b-4433-baac-8bd8534f48c3,2026-07-29T03:15:00Z,2026-07-29T05:15:00+0200,37571.53,MW,FR,FR,actual_load,Actual Load,2026-07-30T23:05:32Z
2026-07-30T23:03:49Z,2026-07-31T01:03:49+0200,f07b8511-917b-4433-baac-8bd8534f48c3,2026-07-29T03:30:00Z,2026-07-29T05:30:00+0200,37901.05,MW,FR,FR,actual_load,Actual Load,2026-07-30T23:05:32Z
2026-07-30T23:03:49Z,2026-07-31T01:03:49+0200,f07b8511-917b-4433-baac-8bd8534f48c3,2026-07-29T03:45:00Z,2026-07-29T05:45:00+0200,38353.84,MW,FR,FR,actual_load,Actual Load,2026-07-30T23:05:32Z
2026-07-30T23:03:49Z,2026-07-31T01:03:49+0200,f07b8511-917b-4433-baac-8bd8534f48c3,2026-07-29T04:00:00Z,2026-07-29T06:00:00+0200,39027.18,MW,FR,FR,actual_load,Actual Load,2026-07-30T23:05:32Z
2026-07-30T23:03:49Z,2026-07-31T01:03:49+0200,f07b8511-917b-4433-baac-8bd8534f48c3,2026-07-29T04:15:00Z,2026-07-29T06:15:00+0200,39524.27,MW,FR,FR,actual_load,Actual Load,2026-07-30T23:05:32Z
2026-07-30T23:03:49Z,2026-07-31T01:03:49+0200,f07b8511-917b-4433-baac-8bd8534f48c3,2026-07-29T04:30:00Z,2026-07-29T06:30:00+0200,39894.19,MW,FR,FR,actual_load,Actual Load,2026-07-30T23:05:32Z
2026-07-30T23:03:49Z,2026-07-31T01:03:49+0200,f07b8511-917b-4433-baac-8bd8534f48c3,2026-07-29T04:45:00Z,2026-07-29T06:45:00+0200,40304.34,MW,FR,FR,actual_load,Actual Load,2026-07-30T23:05:32Z
2026-07-30T23:03:49Z,2026-07-31T01:03:49+0200,f07b8511-917b-4433-baac-8bd8534f48c3,2026-07-29T05:00:00Z,2026-07-29T07:00:00+0200,41003.81,MW,FR,FR,actual_load,Actual Load,2026-07-30T23:05:32Z
2026-07-30T23:03:49Z,2026-07-31T01:03:49+0200,f07b8511-917b-4433-baac-8bd8534f48c3,2026-07-29T05:15:00Z,2026-07-29T07:15:00+0200,41688.96,MW,FR,FR,actual_load,Actual Load,2026-07-30T23:05:32Z
2026-07-30T23:03:49Z,2026-07-31T01:03:49+0200,f07b8511-917b-4433-baac-8bd8534f48c3,2026-07-29T05:30:00Z,2026-07-29T07:30:00+0200,42306.98,MW,FR,FR,actual_load,Actual Load,2026-07-30T23:05:32Z
2026-07-30T23:03:49Z,2026-07-31T01:03:49+0200,f07b8511-917b-4433-baac-8bd8534f48c3,2026-07-29T05:45:00Z,2026-07-29T07:45:00+0200,43012.57,MW,FR,FR,actual_load,Actual Load,2026-07-30T23:05:32Z
2026-07-30T23:03:49Z,2026-07-31T01:03:49+0200,f07b8511-917b-4433-baac-8bd8534f48c3,2026-07-29T06:00:00Z,2026-07-29T08:00:00+0200,43917.16,MW,FR,FR,actual_load,Actual Load,2026-07-30T23:05:32Z
2026-07-30T23:03:49Z,2026-07-31T01:03:49+0200,f07b8511-917b-4433-baac-8bd8534f48c3,2026-07-29T06:15:00Z,2026-07-29T08:15:00+0200,44584.79,MW,FR,FR,actual_load,Actual Load,2026-07-30T23:05:32Z
2026-07-30T23:03:49Z,2026-07-31T01:03:49+0200,f07b8511-917b-4433-baac-8bd8534f48c3,2026-07-29T06:30:00Z,2026-07-29T08:30:00+0200,45166.66,MW,FR,FR,actual_load,Actual Load,2026-07-30T23:05:32Z
2026-07-30T23:03:49Z,2026-07-31T01:03:49+0200,f07b8511-917b-4433-baac-8bd8534f48c3,2026-07-29T06:45:00Z,2026-07-29T08:45:00+0200,45671.87,MW,FR,FR,actual_load,Actual Load,2026-07-30T23:05:32Z
2026-07-30T23:03:49Z,2026-07-31T01:03:49+0200,f07b8511-917b-4433-baac-8bd8534f48c3,2026-07-29T07:00:00Z,2026-07-29T09:00:00+0200,46391.07,MW,FR,FR,actual_load,Actual Load,2026-07-30T23:05:32Z
2026-07-30T23:03:49Z,2026-07-31T01:03:49+0200,f07b8511-917b-4433-baac-8bd8534f48c3,2026-07-29T07:15:00Z,2026-07-29T09:15:00+0200,47024.05,MW,FR,FR,actual_load,Actual Load,2026-07-30T23:05:32Z
2026-07-30T23:03:49Z,2026-07-31T01:03:49+0200,f07b8511-917b-4433-baac-8bd8534f48c3,2026-07-29T07:30:00Z,2026-07-29T09:30:00+0200,47532.09,MW,FR,FR,actual_load,Actual Load,2026-07-30T23:05:32Z
2026-07-30T23:03:49Z,2026-07-31T01:03:49+0200,f07b8511-917b-4433-baac-8bd8534f48c3,2026-07-29T07:45:00Z,2026-07-29T09:45:00+0200,48093.23,MW,FR,FR,actual_load,Actual Load,2026-07-30T23:05:32Z
2026-07-30T23:03:49Z,2026-07-31T01:03:49+0200,f07b8511-917b-4433-baac-8bd8534f48c3,2026-07-29T08:00:00Z,2026-07-29T10:00:00+0200,48638.53,MW,FR,FR,actual_load,Actual Load,2026-07-30T23:05:32Z
2026-07-30T23:03:49Z,2026-07-31T01:03:49+0200,f07b8511-917b-4433-baac-8bd8534f48c3,2026-07-29T08:15:00Z,2026-07-29T10:15:00+0200,49038.66,MW,FR,FR,actual_load,Actual Load,2026-07-30T23:05:32Z
2026-07-30T23:03:49Z,2026-07-31T01:03:49+0200,f07b8511-917b-4433-baac-8bd8534f48c3,2026-07-29T08:30:00Z,2026-07-29T10:30:00+0200,49435.86,MW,FR,FR,actual_load,Actual Load,2026-07-30T23:05:32Z
2026-07-30T23:03:49Z,2026-07-31T01:03:49+0200,f07b8511-917b-4433-baac-8bd8534f48c3,2026-07-29T08:45:00Z,2026-07-29T10:45:00+0200,49961.27,MW,FR,FR,actual_load,Actual Load,2026-07-30T23:05:32Z
2026-07-30T23:03:49Z,2026-07-31T01:03:49+0200,f07b8511-917b-4433-baac-8bd8534f48c3,2026-07-29T09:00:00Z,2026-07-29T11:00:00+0200,50765.91,MW,FR,FR,actual_load,Actual Load,2026-07-30T23:05:32Z
2026-07-30T23:03:49Z,2026-07-31T01:03:49+0200,f07b8511-917b-4433-baac-8bd8534f48c3,2026-07-29T09:15:00Z,2026-07-29T11:15:00+0200,51034.92,MW,FR,FR,actual_load,Actual Load,2026-07-30T23:05:32Z
2026-07-30T23:03:49Z,2026-07-31T01:03:49+0200,f07b8511-917b-4433-baac-8bd8534f48c3,2026-07-29T09:30:00Z,2026-07-29T11:30:00+0200,51483.61,MW,FR,FR,actual_load,Actual Load,2026-07-30T23:05:32Z
2026-07-30T23:03:49Z,2026-07-31T01:03:49+0200,f07b8511-917b-4433-baac-8bd8534f48c3,2026-07-29T09:45:00Z,2026-07-29T11:45:00+0200,51977.08,MW,FR,FR,actual_load,Actual Load,2026-07-30T23:05:32Z
2026-07-30T23:03:49Z,2026-07-31T01:03:49+0200,f07b8511-917b-4433-baac-8bd8534f48c3,2026-07-29T10:00:00Z,2026-07-29T12:00:00+0200,52570.71,MW,FR,FR,actual_load,Actual Load,2026-07-30T23:05:32Z
2026-07-30T23:03:49Z,2026-07-31T01:03:49+0200,f07b8511-917b-4433-baac-8bd8534f48c3,2026-07-29T10:15:00Z,2026-07-29T12:15:00+0200,52597.02,MW,FR,FR,actual_load,Actual Load,2026-07-30T23:05:32Z
2026-07-30T23:03:49Z,2026-07-31T01:03:49+0200,f07b8511-917b-4433-baac-8bd8534f48c3,2026-07-29T10:30:00Z,2026-07-29T12:30:00+0200,53113.43,MW,FR,FR,actual_load,Actual Load,2026-07-30T23:05:32Z
2026-07-30T23:03:49Z,2026-07-31T01:03:49+0200,f07b8511-917b-4433-baac-8bd8534f48c3,2026-07-29T10:45:00Z,2026-07-29T12:45:00+0200,52732.34,MW,FR,FR,actual_load,Actual Load,2026-07-30T23:05:32Z
2026-07-30T23:03:49Z,2026-07-31T01:03:49+0200,f07b8511-917b-4433-baac-8bd8534f48c3,2026-07-29T11:00:00Z,2026-07-29T13:00:00+0200,52679.57,MW,FR,FR,actual_load,Actual Load,2026-07-30T23:05:32Z
2026-07-30T23:03:49Z,2026-07-31T01:03:49+0200,f07b8511-917b-4433-baac-8bd8534f48c3,2026-07-29T11:15:00Z,2026-07-29T13:15:00+0200,52439.27,MW,FR,FR,actual_load,Actual Load,2026-07-30T23:05:32Z
2026-07-30T23:03:49Z,2026-07-31T01:03:49+0200,f07b8511-917b-4433-baac-8bd8534f48c3,2026-07-29T11:30:00Z,2026-07-29T13:30:00+0200,52351.71,MW,FR,FR,actual_load,Actual Load,2026-07-30T23:05:32Z
2026-07-30T23:03:49Z,2026-07-31T01:03:49+0200,f07b8511-917b-4433-baac-8bd8534f48c3,2026-07-29T11:45:00Z,2026-07-29T13:45:00+0200,52492.44,MW,FR,FR,actual_load,Actual Load,2026-07-30T23:05:32Z
2026-07-30T23:03:49Z,2026-07-31T01:03:49+0200,f07b8511-917b-4433-baac-8bd8534f48c3,2026-07-29T12:00:00Z,2026-07-29T14:00:00+0200,53423.74,MW,FR,FR,actual_load,Actual Load,2026-07-30T23:05:32Z
2026-07-30T23:03:49Z,2026-07-31T01:03:49+0200,f07b8511-917b-4433-baac-8bd8534f48c3,2026-07-29T12:15:00Z,2026-07-29T14:15:00+0200,53469.7,MW,FR,FR,actual_load,Actual Load,2026-07-30T23:05:32Z
2026-07-30T23:03:49Z,2026-07-31T01:03:49+0200,f07b8511-917b-4433-baac-8bd8534f48c3,2026-07-29T12:30:00Z,2026-07-29T14:30:00+0200,53613.27,MW,FR,FR,actual_load,Actual Load,2026-07-30T23:05:32Z
2026-07-30T23:03:49Z,2026-07-31T01:03:49+0200,f07b8511-917b-4433-baac-8bd8534f48c3,2026-07-29T12:45:00Z,2026-07-29T14:45:00+0200,53381.6,MW,FR,FR,actual_load,Actual Load,2026-07-30T23:05:32Z
2026-07-30T23:03:49Z,2026-07-31T01:03:49+0200,f07b8511-917b-4433-baac-8bd8534f48c3,2026-07-29T13:00:00Z,2026-07-29T15:00:00+0200,53636.57,MW,FR,FR,actual_load,Actual Load,2026-07-30T23:05:32Z
2026-07-30T23:03:49Z,2026-07-31T01:03:49+0200,f07b8511-917b-4433-baac-8bd8534f48c3,2026-07-29T13:15:00Z,2026-07-29T15:15:00+0200,53501.15,MW,FR,FR,actual_load,Actual Load,2026-07-30T23:05:32Z
2026-07-30T23:03:49Z,2026-07-31T01:03:49+0200,f07b8511-917b-4433-baac-8bd8534f48c3,2026-07-29T13:30:00Z,2026-07-29T15:30:00+0200,52736.45,MW,FR,FR,actual_load,Actual Load,2026-07-30T23:05:32Z
2026-07-30T23:03:49Z,2026-07-31T01:03:49+0200,f07b8511-917b-4433-baac-8bd8534f48c3,2026-07-29T13:45:00Z,2026-07-29T15:45:00+0200,52410.42,MW,FR,FR,actual_load,Actual Load,2026-07-30T23:05:32Z
2026-07-30T23:03:49Z,2026-07-31T01:03:49+0200,f07b8511-917b-4433-baac-8bd8534f48c3,2026-07-29T14:00:00Z,2026-07-29T16:00:00+0200,52099.79,MW,FR,FR,actual_load,Actual Load,2026-07-30T23:05:32Z
2026-07-30T23:03:49Z,2026-07-31T01:03:49+0200,f07b8511-917b-4433-baac-8bd8534f48c3,2026-07-29T14:15:00Z,2026-07-29T16:15:00+0200,51937.37,MW,FR,FR,actual_load,Actual Load,2026-07-30T23:05:32Z
2026-07-30T23:03:49Z,2026-07-31T01:03:49+0200,f07b8511-917b-4433-baac-8bd8534f48c3,2026-07-29T14:30:00Z,2026-07-29T16:30:00+0200,51929.13,MW,FR,FR,actual_load,Actual Load,2026-07-30T23:05:32Z
2026-07-30T23:03:49Z,2026-07-31T01:03:49+0200,f07b8511-917b-4433-baac-8bd8534f48c3,2026-07-29T14:45:00Z,2026-07-29T16:45:00+0200,51948.81,MW,FR,FR,actual_load,Actual Load,2026-07-30T23:05:32Z
2026-07-30T23:03:49Z,2026-07-31T01:03:49+0200,f07b8511-917b-4433-baac-8bd8534f48c3,2026-07-29T15:00:00Z,2026-07-29T17:00:00+0200,51624.3,MW,FR,FR,actual_load,Actual Load,2026-07-30T23:05:32Z
2026-07-30T23:03:49Z,2026-07-31T01:03:49+0200,f07b8511-917b-4433-baac-8bd8534f48c3,2026-07-29T15:15:00Z,2026-07-29T17:15:00+0200,51563.27,MW,FR,FR,actual_load,Actual Load,2026-07-30T23:05:32Z
2026-07-30T23:03:49Z,2026-07-31T01:03:49+0200,f07b8511-917b-4433-baac-8bd8534f48c3,2026-07-29T15:30:00Z,2026-07-29T17:30:00+0200,51779.59,MW,FR,FR,actual_load,Actual Load,2026-07-30T23:05:32Z
2026-07-30T23:03:49Z,2026-07-31T01:03:49+0200,f07b8511-917b-4433-baac-8bd8534f48c3,2026-07-29T15:45:00Z,2026-07-29T17:45:00+0200,52330.45,MW,FR,FR,actual_load,Actual Load,2026-07-30T23:05:32Z
2026-07-30T23:03:49Z,2026-07-31T01:03:49+0200,f07b8511-917b-4433-baac-8bd8534f48c3,2026-07-29T16:00:00Z,2026-07-29T18:00:00+0200,52470.31,MW,FR,FR,actual_load,Actual Load,2026-07-30T23:05:32Z
2026-07-30T23:03:49Z,2026-07-31T01:03:49+0200,f07b8511-917b-4433-baac-8bd8534f48c3,2026-07-29T16:15:00Z,2026-07-29T18:15:00+0200,52930.62,MW,FR,FR,actual_load,Actual Load,2026-07-30T23:05:32Z
2026-07-30T23:03:49Z,2026-07-31T01:03:49+0200,f07b8511-917b-4433-baac-8bd8534f48c3,2026-07-29T16:30:00Z,2026-07-29T18:30:00+0200,53320.76,MW,FR,FR,actual_load,Actual Load,2026-07-30T23:05:32Z
2026-07-30T23:03:49Z,2026-07-31T01:03:49+0200,f07b8511-917b-4433-baac-8bd8534f48c3,2026-07-29T16:45:00Z,2026-07-29T18:45:00+0200,53604.0,MW,FR,FR,actual_load,Actual Load,2026-07-30T23:05:32Z
2026-07-30T23:03:49Z,2026-07-31T01:03:49+0200,f07b8511-917b-4433-baac-8bd8534f48c3,2026-07-29T17:00:00Z,2026-07-29T19:00:00+0200,53570.43,MW,FR,FR,actual_load,Actual Load,2026-07-30T23:05:32Z
2026-07-30T23:03:49Z,2026-07-31T01:03:49+0200,f07b8511-917b-4433-baac-8bd8534f48c3,2026-07-29T17:15:00Z,2026-07-29T19:15:00+0200,53227.52,MW,FR,FR,actual_load,Actual Load,2026-07-30T23:05:32Z
2026-07-30T23:03:49Z,2026-07-31T01:03:49+0200,f07b8511-917b-4433-baac-8bd8534f48c3,2026-07-29T17:30:00Z,2026-07-29T19:30:00+0200,52893.06,MW,FR,FR,actual_load,Actual Load,2026-07-30T23:05:32Z
2026-07-30T23:03:49Z,2026-07-31T01:03:49+0200,f07b8511-917b-4433-baac-8bd8534f48c3,2026-07-29T17:45:00Z,2026-07-29T19:45:00+0200,52547.89,MW,FR,FR,actual_load,Actual Load,2026-07-30T23:05:32Z
2026-07-30T23:03:49Z,2026-07-31T01:03:49+0200,f07b8511-917b-4433-baac-8bd8534f48c3,2026-07-29T18:00:00Z,2026-07-29T20:00:00+0200,52020.44,MW,FR,FR,actual_load,Actual Load,2026-07-30T23:05:32Z
2026-07-30T23:03:49Z,2026-07-31T01:03:49+0200,f07b8511-917b-4433-baac-8bd8534f48c3,2026-07-29T18:15:00Z,2026-07-29T20:15:00+0200,51394.17,MW,FR,FR,actual_load,Actual Load,2026-07-30T23:05:32Z
2026-07-30T23:03:49Z,2026-07-31T01:03:49+0200,f07b8511-917b-4433-baac-8bd8534f48c3,2026-07-29T18:30:00Z,2026-07-29T20:30:00+0200,50726.61,MW,FR,FR,actual_load,Actual Load,2026-07-30T23:05:32Z
2026-07-30T23:03:49Z,2026-07-31T01:03:49+0200,f07b8511-917b-4433-baac-8bd8534f48c3,2026-07-29T18:45:00Z,2026-07-29T20:45:00+0200,50095.38,MW,FR,FR,actual_load,Actual Load,2026-07-30T23:05:32Z
2026-07-30T23:03:49Z,2026-07-31T01:03:49+0200,f07b8511-917b-4433-baac-8bd8534f48c3,2026-07-29T19:00:00Z,2026-07-29T21:00:00+0200,49749.63,MW,FR,FR,actual_load,Actual Load,2026-07-30T23:05:32Z
2026-07-30T23:03:49Z,2026-07-31T01:03:49+0200,f07b8511-917b-4433-baac-8bd8534f48c3,2026-07-29T19:15:00Z,2026-07-29T21:15:00+0200,49389.77,MW,FR,FR,actual_load,Actual Load,2026-07-30T23:05:32Z
2026-07-30T23:03:49Z,2026-07-31T01:03:49+0200,f07b8511-917b-4433-baac-8bd8534f48c3,2026-07-29T19:30:00Z,2026-07-29T21:30:00+0200,49240.42,MW,FR,FR,actual_load,Actual Load,2026-07-30T23:05:32Z
2026-07-30T23:03:49Z,2026-07-31T01:03:49+0200,f07b8511-917b-4433-baac-8bd8534f48c3,2026-07-29T19:45:00Z,2026-07-29T21:45:00+0200,48957.35,MW,FR,FR,actual_load,Actual Load,2026-07-30T23:05:32Z
2026-07-30T23:03:49Z,2026-07-31T01:03:49+0200,f07b8511-917b-4433-baac-8bd8534f48c3,2026-07-29T20:00:00Z,2026-07-29T22:00:00+0200,49656.36,MW,FR,FR,actual_load,Actual Load,2026-07-30T23:05:32Z
2026-07-30T23:03:49Z,2026-07-31T01:03:49+0200,f07b8511-917b-4433-baac-8bd8534f48c3,2026-07-29T20:15:00Z,2026-07-29T22:15:00+0200,49189.78,MW,FR,FR,actual_load,Actual Load,2026-07-30T23:05:32Z
2026-07-30T23:03:49Z,2026-07-31T01:03:49+0200,f07b8511-917b-4433-baac-8bd8534f48c3,2026-07-29T20:30:00Z,2026-07-29T22:30:00+0200,50250.8,MW,FR,FR,actual_load,Actual Load,2026-07-30T23:05:32Z
2026-07-30T23:03:49Z,2026-07-31T01:03:49+0200,f07b8511-917b-4433-baac-8bd8534f48c3,2026-07-29T20:45:00Z,2026-07-29T22:45:00+0200,49372.82,MW,FR,FR,actual_load,Actual Load,2026-07-30T23:05:32Z
2026-07-30T23:03:49Z,2026-07-31T01:03:49+0200,f07b8511-917b-4433-baac-8bd8534f48c3,2026-07-29T21:00:00Z,2026-07-29T23:00:00+0200,49028.0,MW,FR,FR,actual_load,Actual Load,2026-07-30T23:05:32Z
2026-07-30T23:03:49Z,2026-07-31T01:03:49+0200,f07b8511-917b-4433-baac-8bd8534f48c3,2026-07-29T21:15:00Z,2026-07-29T23:15:00+0200,47946.1,MW,FR,FR,actual_load,Actual Load,2026-07-30T23:05:32Z
2026-07-30T23:03:49Z,2026-07-31T01:03:49+0200,f07b8511-917b-4433-baac-8bd8534f48c3,2026-07-29T21:30:00Z,2026-07-29T23:30:00+0200,48042.68,MW,FR,FR,actual_load,Actual Load,2026-07-30T23:05:32Z
2026-07-30T23:03:49Z,2026-07-31T01:03:49+0200,f07b8511-917b-4433-baac-8bd8534f48c3,2026-07-29T21:45:00Z,2026-07-29T23:45:00+0200,46895.87,MW,FR,FR,actual_load,Actual Load,2026-07-30T23:05:32Z
2026-07-30T23:03:49Z,2026-07-31T01:03:49+0200,f07b8511-917b-4433-baac-8bd8534f48c3,2026-07-29T22:00:00Z,2026-07-30T00:00:00+0200,46653.2,MW,FR,FR,actual_load,Actual Load,2026-07-30T23:05:32Z
2026-07-30T23:03:49Z,2026-07-31T01:03:49+0200,f07b8511-917b-4433-baac-8bd8534f48c3,2026-07-29T22:15:00Z,2026-07-30T00:15:00+0200,45417.32,MW,FR,FR,actual_load,Actual Load,2026-07-30T23:05:32Z
2026-07-30T23:03:49Z,2026-07-31T01:03:49+0200,f07b8511-917b-4433-baac-8bd8534f48c3,2026-07-29T22:30:00Z,2026-07-30T00:30:00+0200,43832.81,MW,FR,FR,actual_load,Actual Load,2026-07-30T23:05:32Z
2026-07-30T23:03:49Z,2026-07-31T01:03:49+0200,f07b8511-917b-4433-baac-8bd8534f48c3,2026-07-29T22:45:00Z,2026-07-30T00:45:00+0200,42693.55,MW,FR,FR,actual_load,Actual Load,2026-07-30T23:05:32Z
2026-07-30T23:03:49Z,2026-07-31T01:03:49+0200,f07b8511-917b-4433-baac-8bd8534f48c3,2026-07-29T23:00:00Z,2026-07-30T01:00:00+0200,42914.81,MW,FR,FR,actual_load,Actual Load,2026-07-30T23:05:32Z
2026-07-30T23:03:49Z,2026-07-31T01:03:49+0200,f07b8511-917b-4433-baac-8bd8534f48c3,2026-07-29T23:15:00Z,2026-07-30T01:15:00+0200,42414.43,MW,FR,FR,actual_load,Actual Load,2026-07-30T23:05:32Z
2026-07-30T23:03:49Z,2026-07-31T01:03:49+0200,f07b8511-917b-4433-baac-8bd8534f48c3,2026-07-29T23:30:00Z,2026-07-30T01:30:00+0200,42140.65,MW,FR,FR,actual_load,Actual Load,2026-07-30T23:05:32Z
2026-07-30T23:03:49Z,2026-07-31T01:03:49+0200,f07b8511-917b-4433-baac-8bd8534f48c3,2026-07-29T23:45:00Z,2026-07-30T01:45:00+0200,41379.87,MW,FR,FR,actual_load,Actual Load,2026-07-30T23:05:32Z
2026-07-30T23:03:49Z,2026-07-31T01:03:49+0200,f07b8511-917b-4433-baac-8bd8534f48c3,2026-07-30T00:00:00Z,2026-07-30T02:00:00+0200,41198.63,MW,FR,FR,actual_load,Actual Load,2026-07-30T23:05:32Z
2026-07-30T23:03:49Z,2026-07-31T01:03:49+0200,f07b8511-917b-4433-baac-8bd8534f48c3,2026-07-30T00:15:00Z,2026-07-30T02:15:00+0200,40244.9,MW,FR,FR,actual_load,Actual Load,2026-07-30T23:05:32Z
2026-07-30T23:03:49Z,2026-07-31T01:03:49+0200,f07b8511-917b-4433-baac-8bd8534f48c3,2026-07-30T00:30:00Z,2026-07-30T02:30:00+0200,39548.86,MW,FR,FR,actual_load,Actual Load,2026-07-30T23:05:32Z
2026-07-30T23:03:49Z,2026-07-31T01:03:49+0200,f07b8511-917b-4433-baac-8bd8534f48c3,2026-07-30T00:45:00Z,2026-07-30T02:45:00+0200,38951.91,MW,FR,FR,actual_load,Actual Load,2026-07-30T23:05:32Z
2026-07-30T23:03:49Z,2026-07-31T01:03:49+0200,f07b8511-917b-4433-baac-8bd8534f48c3,2026-07-30T01:00:00Z,2026-07-30T03:00:00+0200,38530.9,MW,FR,FR,actual_load,Actual Load,2026-07-30T23:05:32Z
2026-07-30T23:03:49Z,2026-07-31T01:03:49+0200,f07b8511-917b-4433-baac-8bd8534f48c3,2026-07-30T01:15:00Z,2026-07-30T03:15:00+0200,38065.68,MW,FR,FR,actual_load,Actual Load,2026-07-30T23:05:32Z
2026-07-30T23:03:49Z,2026-07-31T01:03:49+0200,f07b8511-917b-4433-baac-8bd8534f48c3,2026-07-30T01:30:00Z,2026-07-30T03:30:00+0200,37883.04,MW,FR,FR,actual_load,Actual Load,2026-07-30T23:05:32Z
2026-07-30T23:03:49Z,2026-07-31T01:03:49+0200,f07b8511-917b-4433-baac-8bd8534f48c3,2026-07-30T01:45:00Z,2026-07-30T03:45:00+0200,37649.07,MW,FR,FR,actual_load,Actual Load,2026-07-30T23:05:32Z
2026-07-30T23:03:49Z,2026-07-31T01:03:49+0200,f07b8511-917b-4433-baac-8bd8534f48c3,2026-07-30T02:00:00Z,2026-07-30T04:00:00+0200,37669.2,MW,FR,FR,actual_load,Actual Load,2026-07-30T23:05:32Z
2026-07-30T23:03:49Z,2026-07-31T01:03:49+0200,f07b8511-917b-4433-baac-8bd8534f48c3,2026-07-30T02:15:00Z,2026-07-30T04:15:00+0200,37572.69,MW,FR,FR,actual_load,Actual Load,2026-07-30T23:05:32Z
2026-07-30T23:03:49Z,2026-07-31T01:03:49+0200,f07b8511-917b-4433-baac-8bd8534f48c3,2026-07-30T02:30:00Z,2026-07-30T04:30:00+0200,37546.34,MW,FR,FR,actual_load,Actual Load,2026-07-30T23:05:32Z
2026-07-30T23:03:49Z,2026-07-31T01:03:49+0200,f07b8511-917b-4433-baac-8bd8534f48c3,2026-07-30T02:45:00Z,2026-07-30T04:45:00+0200,37665.59,MW,FR,FR,actual_load,Actual Load,2026-07-30T23:05:32Z
2026-07-30T23:03:49Z,2026-07-31T01:03:49+0200,f07b8511-917b-4433-baac-8bd8534f48c3,2026-07-30T03:00:00Z,2026-07-30T05:00:00+0200,38276.77,MW,FR,FR,actual_load,Actual Load,2026-07-30T23:05:32Z
2026-07-30T23:03:49Z,2026-07-31T01:03:49+0200,f07b8511-917b-4433-baac-8bd8534f48c3,2026-07-30T03:15:00Z,2026-07-30T05:15:00+0200,38541.28,MW,FR,FR,actual_load,Actual Load,2026-07-30T23:05:32Z
2026-07-30T23:03:49Z,2026-07-31T01:03:49+0200,f07b8511-917b-4433-baac-8bd8534f48c3,2026-07-30T03:30:00Z,2026-07-30T05:30:00+0200,38882.17,MW,FR,FR,actual_load,Actual Load,2026-07-30T23:05:32Z
2026-07-30T23:03:49Z,2026-07-31T01:03:49+0200,f07b8511-917b-4433-baac-8bd8534f48c3,2026-07-30T03:45:00Z,2026-07-30T05:45:00+0200,39331.54,MW,FR,FR,actual_load,Actual Load,2026-07-30T23:05:32Z
2026-07-30T23:03:49Z,2026-07-31T01:03:49+0200,f07b8511-917b-4433-baac-8bd8534f48c3,2026-07-30T04:00:00Z,2026-07-30T06:00:00+0200,40181.57,MW,FR,FR,actual_load,Actual Load,2026-07-30T23:05:32Z
2026-07-30T23:03:49Z,2026-07-31T01:03:49+0200,f07b8511-917b-4433-baac-8bd8534f48c3,2026-07-30T04:15:00Z,2026-07-30T06:15:00+0200,40645.3,MW,FR,FR,actual_load,Actual Load,2026-07-30T23:05:32Z
2026-07-30T23:03:49Z,2026-07-31T01:03:49+0200,f07b8511-917b-4433-baac-8bd8534f48c3,2026-07-30T04:30:00Z,2026-07-30T06:30:00+0200,40818.32,MW,FR,FR,actual_load,Actual Load,2026-07-30T23:05:32Z
2026-07-30T23:03:49Z,2026-07-31T01:03:49+0200,f07b8511-917b-4433-baac-8bd8534f48c3,2026-07-30T04:45:00Z,2026-07-30T06:45:00+0200,41166.59,MW,FR,FR,actual_load,Actual Load,2026-07-30T23:05:32Z
2026-07-30T23:03:49Z,2026-07-31T01:03:49+0200,f07b8511-917b-4433-baac-8bd8534f48c3,2026-07-30T05:00:00Z,2026-07-30T07:00:00+0200,41827.16,MW,FR,FR,actual_load,Actual Load,2026-07-30T23:05:32Z
2026-07-30T23:03:49Z,2026-07-31T01:03:49+0200,f07b8511-917b-4433-baac-8bd8534f48c3,2026-07-30T05:15:00Z,2026-07-30T07:15:00+0200,42456.45,MW,FR,FR,actual_load,Actual Load,2026-07-30T23:05:32Z
2026-07-30T23:03:49Z,2026-07-31T01:03:49+0200,f07b8511-917b-4433-baac-8bd8534f48c3,2026-07-30T05:30:00Z,2026-07-30T07:30:00+0200,43072.04,MW,FR,FR,actual_load,Actual Load,2026-07-30T23:05:32Z
2026-07-30T23:03:49Z,2026-07-31T01:03:49+0200,f07b8511-917b-4433-baac-8bd8534f48c3,2026-07-30T05:45:00Z,2026-07-30T07:45:00+0200,43839.94,MW,FR,FR,actual_load,Actual Load,2026-07-30T23:05:32Z
2026-07-30T23:03:49Z,2026-07-31T01:03:49+0200,f07b8511-917b-4433-baac-8bd8534f48c3,2026-07-30T06:00:00Z,2026-07-30T08:00:00+0200,44957.85,MW,FR,FR,actual_load,Actual Load,2026-07-30T23:05:32Z
2026-07-30T23:03:49Z,2026-07-31T01:03:49+0200,f07b8511-917b-4433-baac-8bd8534f48c3,2026-07-30T06:15:00Z,2026-07-30T08:15:00+0200,45873.03,MW,FR,FR,actual_load,Actual Load,2026-07-30T23:05:32Z
2026-07-30T23:03:49Z,2026-07-31T01:03:49+0200,f07b8511-917b-4433-baac-8bd8534f48c3,2026-07-30T06:30:00Z,2026-07-30T08:30:00+0200,46336.79,MW,FR,FR,actual_load,Actual Load,2026-07-30T23:05:32Z
2026-07-30T23:03:49Z,2026-07-31T01:03:49+0200,f07b8511-917b-4433-baac-8bd8534f48c3,2026-07-30T06:45:00Z,2026-07-30T08:45:00+0200,46854.76,MW,FR,FR,actual_load,Actual Load,2026-07-30T23:05:32Z
2026-07-30T23:03:49Z,2026-07-31T01:03:49+0200,f07b8511-917b-4433-baac-8bd8534f48c3,2026-07-30T07:00:00Z,2026-07-30T09:00:00+0200,47266.12,MW,FR,FR,actual_load,Actual Load,2026-07-30T23:05:32Z
2026-07-30T23:03:49Z,2026-07-31T01:03:49+0200,f07b8511-917b-4433-baac-8bd8534f48c3,2026-07-30T07:15:00Z,2026-07-30T09:15:00+0200,47735.65,MW,FR,FR,actual_load,Actual Load,2026-07-30T23:05:32Z
2026-07-30T23:03:49Z,2026-07-31T01:03:49+0200,f07b8511-917b-4433-baac-8bd8534f48c3,2026-07-30T07:30:00Z,2026-07-30T09:30:00+0200,48181.63,MW,FR,FR,actual_load,Actual Load,2026-07-30T23:05:32Z
2026-07-30T23:03:49Z,2026-07-31T01:03:49+0200,f07b8511-917b-4433-baac-8bd8534f48c3,2026-07-30T07:45:00Z,2026-07-30T09:45:00+0200,48721.45,MW,FR,FR,actual_load,Actual Load,2026-07-30T23:05:32Z
2026-07-30T23:03:49Z,2026-07-31T01:03:49+0200,f07b8511-917b-4433-baac-8bd8534f48c3,2026-07-30T08:00:00Z,2026-07-30T10:00:00+0200,49364.03,MW,FR,FR,actual_load,Actual Load,2026-07-30T23:05:32Z
2026-07-30T23:03:49Z,2026-07-31T01:03:49+0200,f07b8511-917b-4433-baac-8bd8534f48c3,2026-07-30T08:15:00Z,2026-07-30T10:15:00+0200,49337.32,MW,FR,FR,actual_load,Actual Load,2026-07-30T23:05:32Z
2026-07-30T23:03:49Z,2026-07-31T01:03:49+0200,f07b8511-917b-4433-baac-8bd8534f48c3,2026-07-30T08:30:00Z,2026-07-30T10:30:00+0200,50022.2,MW,FR,FR,actual_load,Actual Load,2026-07-30T23:05:32Z
2026-07-30T23:03:49Z,2026-07-31T01:03:49+0200,f07b8511-917b-4433-baac-8bd8534f48c3,2026-07-30T08:45:00Z,2026-07-30T10:45:00+0200,50133.11,MW,FR,FR,actual_load,Actual Load,2026-07-30T23:05:32Z
2026-07-30T23:03:49Z,2026-07-31T01:03:49+0200,f07b8511-917b-4433-baac-8bd8534f48c3,2026-07-30T09:00:00Z,2026-07-30T11:00:00+0200,50479.72,MW,FR,FR,actual_load,Actual Load,2026-07-30T23:05:32Z
2026-07-30T23:03:49Z,2026-07-31T01:03:49+0200,f07b8511-917b-4433-baac-8bd8534f48c3,2026-07-30T09:15:00Z,2026-07-30T11:15:00+0200,50827.84,MW,FR,FR,actual_load,Actual Load,2026-07-30T23:05:32Z
2026-07-30T23:03:49Z,2026-07-31T01:03:49+0200,f07b8511-917b-4433-baac-8bd8534f48c3,2026-07-30T09:30:00Z,2026-07-30T11:30:00+0200,51027.86,MW,FR,FR,actual_load,Actual Load,2026-07-30T23:05:32Z
2026-07-30T23:03:49Z,2026-07-31T01:03:49+0200,f07b8511-917b-4433-baac-8bd8534f48c3,2026-07-30T09:45:00Z,2026-07-30T11:45:00+0200,51272.48,MW,FR,FR,actual_load,Actual Load,2026-07-30T23:05:32Z
2026-07-30T23:03:49Z,2026-07-31T01:03:49+0200,f07b8511-917b-4433-baac-8bd8534f48c3,2026-07-30T10:00:00Z,2026-07-30T12:00:00+0200,51421.04,MW,FR,FR,actual_load,Actual Load,2026-07-30T23:05:32Z
2026-07-30T23:03:49Z,2026-07-31T01:03:49+0200,f07b8511-917b-4433-baac-8bd8534f48c3,2026-07-30T10:15:00Z,2026-07-30T12:15:00+0200,51338.6,MW,FR,FR,actual_load,Actual Load,2026-07-30T23:05:32Z
2026-07-30T23:03:49Z,2026-07-31T01:03:49+0200,f07b8511-917b-4433-baac-8bd8534f48c3,2026-07-30T10:30:00Z,2026-07-30T12:30:00+0200,51619.84,MW,FR,FR,actual_load,Actual Load,2026-07-30T23:05:32Z
2026-07-30T23:03:49Z,2026-07-31T01:03:49+0200,f07b8511-917b-4433-baac-8bd8534f48c3,2026-07-30T10:45:00Z,2026-07-30T12:45:00+0200,50927.54,MW,FR,FR,actual_load,Actual Load,2026-07-30T23:05:32Z
2026-07-30T23:03:49Z,2026-07-31T01:03:49+0200,f07b8511-917b-4433-baac-8bd8534f48c3,2026-07-30T11:00:00Z,2026-07-30T13:00:00+0200,50819.18,MW,FR,FR,actual_load,Actual Load,2026-07-30T23:05:32Z
2026-07-30T23:03:49Z,2026-07-31T01:03:49+0200,f07b8511-917b-4433-baac-8bd8534f48c3,2026-07-30T11:15:00Z,2026-07-30T13:15:00+0200,50335.1,MW,FR,FR,actual_load,Actual Load,2026-07-30T23:05:32Z
2026-07-30T23:03:49Z,2026-07-31T01:03:49+0200,f07b8511-917b-4433-baac-8bd8534f48c3,2026-07-30T11:30:00Z,2026-07-30T13:30:00+0200,50165.6,MW,FR,FR,actual_load,Actual Load,2026-07-30T23:05:32Z
2026-07-30T23:03:49Z,2026-07-31T01:03:49+0200,f07b8511-917b-4433-baac-8bd8534f48c3,2026-07-30T11:45:00Z,2026-07-30T13:45:00+0200,50335.32,MW,FR,FR,actual_load,Actual Load,2026-07-30T23:05:32Z
2026-07-30T23:03:49Z,2026-07-31T01:03:49+0200,f07b8511-917b-4433-baac-8bd8534f48c3,2026-07-30T12:00:00Z,2026-07-30T14:00:00+0200,51172.15,MW,FR,FR,actual_load,Actual Load,2026-07-30T23:05:32Z
2026-07-30T23:03:49Z,2026-07-31T01:03:49+0200,f07b8511-917b-4433-baac-8bd8534f48c3,2026-07-30T12:15:00Z,2026-07-30T14:15:00+0200,51244.0,MW,FR,FR,actual_load,Actual Load,2026-07-30T23:05:32Z
2026-07-30T23:03:49Z,2026-07-31T01:03:49+0200,f07b8511-917b-4433-baac-8bd8534f48c3,2026-07-30T12:30:00Z,2026-07-30T14:30:00+0200,51395.87,MW,FR,FR,actual_load,Actual Load,2026-07-30T23:05:32Z
2026-07-30T23:03:49Z,2026-07-31T01:03:49+0200,f07b8511-917b-4433-baac-8bd8534f48c3,2026-07-30T12:45:00Z,2026-07-30T14:45:00+0200,51144.46,MW,FR,FR,actual_load,Actual Load,2026-07-30T23:05:32Z
2026-07-30T23:03:49Z,2026-07-31T01:03:49+0200,f07b8511-917b-4433-baac-8bd8534f48c3,2026-07-30T13:00:00Z,2026-07-30T15:00:00+0200,51238.25,MW,FR,FR,actual_load,Actual Load,2026-07-30T23:05:32Z
2026-07-30T23:03:49Z,2026-07-31T01:03:49+0200,f07b8511-917b-4433-baac-8bd8534f48c3,2026-07-30T13:15:00Z,2026-07-30T15:15:00+0200,50953.27,MW,FR,FR,actual_load,Actual Load,2026-07-30T23:05:32Z
2026-07-30T23:03:49Z,2026-07-31T01:03:49+0200,f07b8511-917b-4433-baac-8bd8534f48c3,2026-07-30T13:30:00Z,2026-07-30T15:30:00+0200,50564.63,MW,FR,FR,actual_load,Actual Load,2026-07-30T23:05:32Z
2026-07-30T23:03:49Z,2026-07-31T01:03:49+0200,f07b8511-917b-4433-baac-8bd8534f48c3,2026-07-30T13:45:00Z,2026-07-30T15:45:00+0200,49893.3,MW,FR,FR,actual_load,Actual Load,2026-07-30T23:05:32Z
2026-07-30T23:03:49Z,2026-07-31T01:03:49+0200,f07b8511-917b-4433-baac-8bd8534f48c3,2026-07-30T14:00:00Z,2026-07-30T16:00:00+0200,49413.82,MW,FR,FR,actual_load,Actual Load,2026-07-30T23:05:32Z
2026-07-30T23:03:49Z,2026-07-31T01:03:49+0200,f07b8511-917b-4433-baac-8bd8534f48c3,2026-07-30T14:15:00Z,2026-07-30T16:15:00+0200,49367.34,MW,FR,FR,actual_load,Actual Load,2026-07-30T23:05:32Z
2026-07-30T23:03:49Z,2026-07-31T01:03:49+0200,f07b8511-917b-4433-baac-8bd8534f48c3,2026-07-30T14:30:00Z,2026-07-30T16:30:00+0200,49470.3,MW,FR,FR,actual_load,Actual Load,2026-07-30T23:05:32Z
2026-07-30T23:03:49Z,2026-07-31T01:03:49+0200,f07b8511-917b-4433-baac-8bd8534f48c3,2026-07-30T14:45:00Z,2026-07-30T16:45:00+0200,49483.34,MW,FR,FR,actual_load,Actual Load,2026-07-30T23:05:32Z
2026-07-30T23:03:49Z,2026-07-31T01:03:49+0200,f07b8511-917b-4433-baac-8bd8534f48c3,2026-07-30T15:00:00Z,2026-07-30T17:00:00+0200,49266.29,MW,FR,FR,actual_load,Actual Load,2026-07-30T23:05:32Z
2026-07-30T23:03:49Z,2026-07-31T01:03:49+0200,f07b8511-917b-4433-baac-8bd8534f48c3,2026-07-30T15:15:00Z,2026-07-30T17:15:00+0200,49545.46,MW,FR,FR,actual_load,Actual Load,2026-07-30T23:05:32Z
2026-07-30T23:03:49Z,2026-07-31T01:03:49+0200,f07b8511-917b-4433-baac-8bd8534f48c3,2026-07-30T15:30:00Z,2026-07-30T17:30:00+0200,49831.17,MW,FR,FR,actual_load,Actual Load,2026-07-30T23:05:32Z
2026-07-30T23:03:49Z,2026-07-31T01:03:49+0200,f07b8511-917b-4433-baac-8bd8534f48c3,2026-07-30T15:45:00Z,2026-07-30T17:45:00+0200,49907.69,MW,FR,FR,actual_load,Actual Load,2026-07-30T23:05:32Z
2026-07-30T23:03:49Z,2026-07-31T01:03:49+0200,f07b8511-917b-4433-baac-8bd8534f48c3,2026-07-30T16:00:00Z,2026-07-30T18:00:00+0200,50276.45,MW,FR,FR,actual_load,Actual Load,2026-07-30T23:05:32Z
2026-07-30T23:03:49Z,2026-07-31T01:03:49+0200,f07b8511-917b-4433-baac-8bd8534f48c3,2026-07-30T16:15:00Z,2026-07-30T18:15:00+0200,50533.89,MW,FR,FR,actual_load,Actual Load,2026-07-30T23:05:32Z
2026-07-30T23:03:49Z,2026-07-31T01:03:49+0200,f07b8511-917b-4433-baac-8bd8534f48c3,2026-07-30T16:30:00Z,2026-07-30T18:30:00+0200,51088.04,MW,FR,FR,actual_load,Actual Load,2026-07-30T23:05:32Z
2026-07-30T23:03:49Z,2026-07-31T01:03:49+0200,f07b8511-917b-4433-baac-8bd8534f48c3,2026-07-30T16:45:00Z,2026-07-30T18:45:00+0200,51683.8,MW,FR,FR,actual_load,Actual Load,2026-07-30T23:05:32Z
2026-07-30T23:03:49Z,2026-07-31T01:03:49+0200,f07b8511-917b-4433-baac-8bd8534f48c3,2026-07-30T17:00:00Z,2026-07-30T19:00:00+0200,51879.26,MW,FR,FR,actual_load,Actual Load,2026-07-30T23:05:32Z
2026-07-30T23:03:49Z,2026-07-31T01:03:49+0200,f07b8511-917b-4433-baac-8bd8534f48c3,2026-07-30T17:15:00Z,2026-07-30T19:15:00+0200,51748.96,MW,FR,FR,actual_load,Actual Load,2026-07-30T23:05:32Z
2026-07-30T23:03:49Z,2026-07-31T01:03:49+0200,f07b8511-917b-4433-baac-8bd8534f48c3,2026-07-30T17:30:00Z,2026-07-30T19:30:00+0200,51690.82,MW,FR,FR,actual_load,Actual Load,2026-07-30T23:05:32Z
2026-07-30T23:03:49Z,2026-07-31T01:03:49+0200,f07b8511-917b-4433-baac-8bd8534f48c3,2026-07-30T17:45:00Z,2026-07-30T19:45:00+0200,51275.91,MW,FR,FR,actual_load,Actual Load,2026-07-30T23:05:32Z
2026-07-30T23:03:49Z,2026-07-31T01:03:49+0200,f07b8511-917b-4433-baac-8bd8534f48c3,2026-07-30T18:00:00Z,2026-07-30T20:00:00+0200,50741.73,MW,FR,FR,actual_load,Actual Load,2026-07-30T23:05:32Z
2026-07-30T23:03:49Z,2026-07-31T01:03:49+0200,f07b8511-917b-4433-baac-8bd8534f48c3,2026-07-30T18:15:00Z,2026-07-30T20:15:00+0200,50007.36,MW,FR,FR,actual_load,Actual Load,2026-07-30T23:05:32Z
2026-07-30T23:03:49Z,2026-07-31T01:03:49+0200,f07b8511-917b-4433-baac-8bd8534f48c3,2026-07-30T18:30:00Z,2026-07-30T20:30:00+0200,49330.85,MW,FR,FR,actual_load,Actual Load,2026-07-30T23:05:32Z
2026-07-30T23:03:49Z,2026-07-31T01:03:49+0200,f07b8511-917b-4433-baac-8bd8534f48c3,2026-07-30T18:45:00Z,2026-07-30T20:45:00+0200,48758.16,MW,FR,FR,actual_load,Actual Load,2026-07-30T23:05:32Z
2026-07-30T23:03:49Z,2026-07-31T01:03:49+0200,f07b8511-917b-4433-baac-8bd8534f48c3,2026-07-30T19:00:00Z,2026-07-30T21:00:00+0200,48560.71,MW,FR,FR,actual_load,Actual Load,2026-07-30T23:05:32Z
2026-07-30T23:03:49Z,2026-07-31T01:03:49+0200,f07b8511-917b-4433-baac-8bd8534f48c3,2026-07-30T19:15:00Z,2026-07-30T21:15:00+0200,48306.38,MW,FR,FR,actual_load,Actual Load,2026-07-30T23:05:32Z
2026-07-30T23:03:49Z,2026-07-31T01:03:49+0200,f07b8511-917b-4433-baac-8bd8534f48c3,2026-07-30T19:30:00Z,2026-07-30T21:30:00+0200,48123.5,MW,FR,FR,actual_load,Actual Load,2026-07-30T23:05:32Z
2026-07-30T23:03:49Z,2026-07-31T01:03:49+0200,f07b8511-917b-4433-baac-8bd8534f48c3,2026-07-30T19:45:00Z,2026-07-30T21:45:00+0200,47763.96,MW,FR,FR,actual_load,Actual Load,2026-07-30T23:05:32Z
2026-07-30T23:03:49Z,2026-07-31T01:03:49+0200,f07b8511-917b-4433-baac-8bd8534f48c3,2026-07-30T20:00:00Z,2026-07-30T22:00:00+0200,48631.68,MW,FR,FR,actual_load,Actual Load,2026-07-30T23:05:32Z
2026-07-30T23:03:49Z,2026-07-31T01:03:49+0200,f07b8511-917b-4433-baac-8bd8534f48c3,2026-07-30T20:15:00Z,2026-07-30T22:15:00+0200,48332.59,MW,FR,FR,actual_load,Actual Load,2026-07-30T23:05:32Z
2026-07-30T23:03:49Z,2026-07-31T01:03:49+0200,f07b8511-917b-4433-baac-8bd8534f48c3,2026-07-30T20:30:00Z,2026-07-30T22:30:00+0200,49293.57,MW,FR,FR,actual_load,Actual Load,2026-07-30T23:05:32Z
2026-07-30T23:03:49Z,2026-07-31T01:03:49+0200,f07b8511-917b-4433-baac-8bd8534f48c3,2026-07-30T20:45:00Z,2026-07-30T22:45:00+0200,48543.88,MW,FR,FR,actual_load,Actual Load,2026-07-30T23:05:32Z
2026-07-30T23:03:49Z,2026-07-31T01:03:49+0200,f07b8511-917b-4433-baac-8bd8534f48c3,2026-07-30T21:00:00Z,2026-07-30T23:00:00+0200,48242.63,MW,FR,FR,actual_load,Actual Load,2026-07-30T23:05:32Z
2026-07-30T23:03:49Z,2026-07-31T01:03:49+0200,f07b8511-917b-4433-baac-8bd8534f48c3,2026-07-30T21:15:00Z,2026-07-30T23:15:00+0200,47037.25,MW,FR,FR,actual_load,Actual Load,2026-07-30T23:05:32Z
2026-07-30T23:03:49Z,2026-07-31T01:03:49+0200,f07b8511-917b-4433-baac-8bd8534f48c3,2026-07-30T21:30:00Z,2026-07-30T23:30:00+0200,47042.11,MW,FR,FR,actual_load,Actual Load,2026-07-30T23:05:32Z
2026-07-30T23:03:49Z,2026-07-31T01:03:49+0200,f07b8511-917b-4433-baac-8bd8534f48c3,2026-07-30T21:45:00Z,2026-07-30T23:45:00+0200,46009.9,MW,FR,FR,actual_load,Actual Load,2026-07-30T23:05:32Z
