collection_time_utc,collection_time_local,run_id,timestamp_utc,timestamp_local,value,unit,country,entsoe_area,variable,source,updated_at_utc
2026-06-13T21:02:15Z,2026-06-13T23:02:15+0200,37293abf-bd75-40d9-81b7-896ff667771a,2026-05-13T21:15:00Z,2026-05-13T23:15:00+0200,9830.29297,MW,FR,FR,forecast_onshore_wind_generation,Wind Onshore,2026-06-13T21:03:52Z
2026-06-13T21:02:15Z,2026-06-13T23:02:15+0200,37293abf-bd75-40d9-81b7-896ff667771a,2026-05-13T21:30:00Z,2026-05-13T23:30:00+0200,9703.27539,MW,FR,FR,forecast_onshore_wind_generation,Wind Onshore,2026-06-13T21:03:52Z
2026-06-13T21:02:15Z,2026-06-13T23:02:15+0200,37293abf-bd75-40d9-81b7-896ff667771a,2026-05-13T21:45:00Z,2026-05-13T23:45:00+0200,9576.25781,MW,FR,FR,forecast_onshore_wind_generation,Wind Onshore,2026-06-13T21:03:52Z
2026-06-13T21:02:15Z,2026-06-13T23:02:15+0200,37293abf-bd75-40d9-81b7-896ff667771a,2026-05-13T22:00:00Z,2026-05-14T00:00:00+0200,10028.83984,MW,FR,FR,forecast_onshore_wind_generation,Wind Onshore,2026-06-13T21:03:52Z
2026-06-13T21:02:15Z,2026-06-13T23:02:15+0200,37293abf-bd75-40d9-81b7-896ff667771a,2026-05-13T22:15:00Z,2026-05-14T00:15:00+0200,9989.55273,MW,FR,FR,forecast_onshore_wind_generation,Wind Onshore,2026-06-13T21:03:52Z
2026-06-13T21:02:15Z,2026-06-13T23:02:15+0200,37293abf-bd75-40d9-81b7-896ff667771a,2026-05-13T22:30:00Z,2026-05-14T00:30:00+0200,9950.26465,MW,FR,FR,forecast_onshore_wind_generation,Wind Onshore,2026-06-13T21:03:52Z
2026-06-13T21:02:15Z,2026-06-13T23:02:15+0200,37293abf-bd75-40d9-81b7-896ff667771a,2026-05-13T22:45:00Z,2026-05-14T00:45:00+0200,9910.97754,MW,FR,FR,forecast_onshore_wind_generation,Wind Onshore,2026-06-13T21:03:52Z
2026-06-13T21:02:15Z,2026-06-13T23:02:15+0200,37293abf-bd75-40d9-81b7-896ff667771a,2026-05-13T23:00:00Z,2026-05-14T01:00:00+0200,9871.69043,MW,FR,FR,forecast_onshore_wind_generation,Wind Onshore,2026-06-13T21:03:52Z
2026-06-13T21:02:15Z,2026-06-13T23:02:15+0200,37293abf-bd75-40d9-81b7-896ff667771a,2026-05-13T23:15:00Z,2026-05-14T01:15:00+0200,9791.41992,MW,FR,FR,forecast_onshore_wind_generation,Wind Onshore,2026-06-13T21:03:52Z
2026-06-13T21:02:15Z,2026-06-13T23:02:15+0200,37293abf-bd75-40d9-81b7-896ff667771a,2026-05-13T23:30:00Z,2026-05-14T01:30:00+0200,9711.14941,MW,FR,FR,forecast_onshore_wind_generation,Wind Onshore,2026-06-13T21:03:52Z
2026-06-13T21:02:15Z,2026-06-13T23:02:15+0200,37293abf-bd75-40d9-81b7-896ff667771a,2026-05-13T23:45:00Z,2026-05-14T01:45:00+0200,9630.88086,MW,FR,FR,forecast_onshore_wind_generation,Wind Onshore,2026-06-13T21:03:52Z
2026-06-13T21:02:15Z,2026-06-13T23:02:15+0200,37293abf-bd75-40d9-81b7-896ff667771a,2026-05-14T00:00:00Z,2026-05-14T02:00:00+0200,9550.61035,MW,FR,FR,forecast_onshore_wind_generation,Wind Onshore,2026-06-13T21:03:52Z
2026-06-13T21:02:15Z,2026-06-13T23:02:15+0200,37293abf-bd75-40d9-81b7-896ff667771a,2026-05-14T00:15:00Z,2026-05-14T02:15:00+0200,9430.2373,MW,FR,FR,forecast_onshore_wind_generation,Wind Onshore,2026-06-13T21:03:52Z
2026-06-13T21:02:15Z,2026-06-13T23:02:15+0200,37293abf-bd75-40d9-81b7-896ff667771a,2026-05-14T00:30:00Z,2026-05-14T02:30:00+0200,9309.86523,MW,FR,FR,forecast_onshore_wind_generation,Wind Onshore,2026-06-13T21:03:52Z
2026-06-13T21:02:15Z,2026-06-13T23:02:15+0200,37293abf-bd75-40d9-81b7-896ff667771a,2026-05-14T00:45:00Z,2026-05-14T02:45:00+0200,9189.49316,MW,FR,FR,forecast_onshore_wind_generation,Wind Onshore,2026-06-13T21:03:52Z
2026-06-13T21:02:15Z,2026-06-13T23:02:15+0200,37293abf-bd75-40d9-81b7-896ff667771a,2026-05-14T01:00:00Z,2026-05-14T03:00:00+0200,9069.12012,MW,FR,FR,forecast_onshore_wind_generation,Wind Onshore,2026-06-13T21:03:52Z
2026-06-13T21:02:15Z,2026-06-13T23:02:15+0200,37293abf-bd75-40d9-81b7-896ff667771a,2026-05-14T01:15:00Z,2026-05-14T03:15:00+0200,8927.78613,MW,FR,FR,forecast_onshore_wind_generation,Wind Onshore,2026-06-13T21:03:52Z
2026-06-13T21:02:15Z,2026-06-13T23:02:15+0200,37293abf-bd75-40d9-81b7-896ff667771a,2026-05-14T01:30:00Z,2026-05-14T03:30:00+0200,8786.4502,MW,FR,FR,forecast_onshore_wind_generation,Wind Onshore,2026-06-13T21:03:52Z
2026-06-13T21:02:15Z,2026-06-13T23:02:15+0200,37293abf-bd75-40d9-81b7-896ff667771a,2026-05-14T01:45:00Z,2026-05-14T03:45:00+0200,8645.11523,MW,FR,FR,forecast_onshore_wind_generation,Wind Onshore,2026-06-13T21:03:52Z
2026-06-13T21:02:15Z,2026-06-13T23:02:15+0200,37293abf-bd75-40d9-81b7-896ff667771a,2026-05-14T02:00:00Z,2026-05-14T04:00:00+0200,8503.78027,MW,FR,FR,forecast_onshore_wind_generation,Wind Onshore,2026-06-13T21:03:52Z
2026-06-13T21:02:15Z,2026-06-13T23:02:15+0200,37293abf-bd75-40d9-81b7-896ff667771a,2026-05-14T02:15:00Z,2026-05-14T04:15:00+0200,8386.57031,MW,FR,FR,forecast_onshore_wind_generation,Wind Onshore,2026-06-13T21:03:52Z
2026-06-13T21:02:15Z,2026-06-13T23:02:15+0200,37293abf-bd75-40d9-81b7-896ff667771a,2026-05-14T02:30:00Z,2026-05-14T04:30:00+0200,8269.36133,MW,FR,FR,forecast_onshore_wind_generation,Wind Onshore,2026-06-13T21:03:52Z
2026-06-13T21:02:15Z,2026-06-13T23:02:15+0200,37293abf-bd75-40d9-81b7-896ff667771a,2026-05-14T02:45:00Z,2026-05-14T04:45:00+0200,8152.15088,MW,FR,FR,forecast_onshore_wind_generation,Wind Onshore,2026-06-13T21:03:52Z
2026-06-13T21:02:15Z,2026-06-13T23:02:15+0200,37293abf-bd75-40d9-81b7-896ff667771a,2026-05-14T03:00:00Z,2026-05-14T05:00:00+0200,8034.94043,MW,FR,FR,forecast_onshore_wind_generation,Wind Onshore,2026-06-13T21:03:52Z
2026-06-13T21:02:15Z,2026-06-13T23:02:15+0200,37293abf-bd75-40d9-81b7-896ff667771a,2026-05-14T03:15:00Z,2026-05-14T05:15:00+0200,7906.76514,MW,FR,FR,forecast_onshore_wind_generation,Wind Onshore,2026-06-13T21:03:52Z
2026-06-13T21:02:15Z,2026-06-13T23:02:15+0200,37293abf-bd75-40d9-81b7-896ff667771a,2026-05-14T03:30:00Z,2026-05-14T05:30:00+0200,7778.58984,MW,FR,FR,forecast_onshore_wind_generation,Wind Onshore,2026-06-13T21:03:52Z
2026-06-13T21:02:15Z,2026-06-13T23:02:15+0200,37293abf-bd75-40d9-81b7-896ff667771a,2026-05-14T03:45:00Z,2026-05-14T05:45:00+0200,7650.41504,MW,FR,FR,forecast_onshore_wind_generation,Wind Onshore,2026-06-13T21:03:52Z
2026-06-13T21:02:15Z,2026-06-13T23:02:15+0200,37293abf-bd75-40d9-81b7-896ff667771a,2026-05-14T04:00:00Z,2026-05-14T06:00:00+0200,7522.23975,MW,FR,FR,forecast_onshore_wind_generation,Wind Onshore,2026-06-13T21:03:52Z
2026-06-13T21:02:15Z,2026-06-13T23:02:15+0200,37293abf-bd75-40d9-81b7-896ff667771a,2026-05-14T04:15:00Z,2026-05-14T06:15:00+0200,7410.8042,MW,FR,FR,forecast_onshore_wind_generation,Wind Onshore,2026-06-13T21:03:52Z
2026-06-13T21:02:15Z,2026-06-13T23:02:15+0200,37293abf-bd75-40d9-81b7-896ff667771a,2026-05-14T04:30:00Z,2026-05-14T06:30:00+0200,7299.36963,MW,FR,FR,forecast_onshore_wind_generation,Wind Onshore,2026-06-13T21:03:52Z
2026-06-13T21:02:15Z,2026-06-13T23:02:15+0200,37293abf-bd75-40d9-81b7-896ff667771a,2026-05-14T04:45:00Z,2026-05-14T06:45:00+0200,7187.93555,MW,FR,FR,forecast_onshore_wind_generation,Wind Onshore,2026-06-13T21:03:52Z
2026-06-13T21:02:15Z,2026-06-13T23:02:15+0200,37293abf-bd75-40d9-81b7-896ff667771a,2026-05-14T05:00:00Z,2026-05-14T07:00:00+0200,7076.5,MW,FR,FR,forecast_onshore_wind_generation,Wind Onshore,2026-06-13T21:03:52Z
2026-06-13T21:02:15Z,2026-06-13T23:02:15+0200,37293abf-bd75-40d9-81b7-896ff667771a,2026-05-14T05:15:00Z,2026-05-14T07:15:00+0200,6848.90527,MW,FR,FR,forecast_onshore_wind_generation,Wind Onshore,2026-06-13T21:03:52Z
2026-06-13T21:02:15Z,2026-06-13T23:02:15+0200,37293abf-bd75-40d9-81b7-896ff667771a,2026-05-14T05:30:00Z,2026-05-14T07:30:00+0200,6621.31006,MW,FR,FR,forecast_onshore_wind_generation,Wind Onshore,2026-06-13T21:03:52Z
2026-06-13T21:02:15Z,2026-06-13T23:02:15+0200,37293abf-bd75-40d9-81b7-896ff667771a,2026-05-14T05:45:00Z,2026-05-14T07:45:00+0200,6393.71484,MW,FR,FR,forecast_onshore_wind_generation,Wind Onshore,2026-06-13T21:03:52Z
2026-06-13T21:02:15Z,2026-06-13T23:02:15+0200,37293abf-bd75-40d9-81b7-896ff667771a,2026-05-14T06:00:00Z,2026-05-14T08:00:00+0200,6166.12012,MW,FR,FR,forecast_onshore_wind_generation,Wind Onshore,2026-06-13T21:03:52Z
2026-06-13T21:02:15Z,2026-06-13T23:02:15+0200,37293abf-bd75-40d9-81b7-896ff667771a,2026-05-14T06:15:00Z,2026-05-14T08:15:00+0200,6104.24805,MW,FR,FR,forecast_onshore_wind_generation,Wind Onshore,2026-06-13T21:03:52Z
2026-06-13T21:02:15Z,2026-06-13T23:02:15+0200,37293abf-bd75-40d9-81b7-896ff667771a,2026-05-14T06:30:00Z,2026-05-14T08:30:00+0200,6042.37549,MW,FR,FR,forecast_onshore_wind_generation,Wind Onshore,2026-06-13T21:03:52Z
2026-06-13T21:02:15Z,2026-06-13T23:02:15+0200,37293abf-bd75-40d9-81b7-896ff667771a,2026-05-14T06:45:00Z,2026-05-14T08:45:00+0200,5980.50244,MW,FR,FR,forecast_onshore_wind_generation,Wind Onshore,2026-06-13T21:03:52Z
2026-06-13T21:02:15Z,2026-06-13T23:02:15+0200,37293abf-bd75-40d9-81b7-896ff667771a,2026-05-14T07:00:00Z,2026-05-14T09:00:00+0200,5918.62988,MW,FR,FR,forecast_onshore_wind_generation,Wind Onshore,2026-06-13T21:03:52Z
2026-06-13T21:02:15Z,2026-06-13T23:02:15+0200,37293abf-bd75-40d9-81b7-896ff667771a,2026-05-14T07:15:00Z,2026-05-14T09:15:00+0200,5883.89746,MW,FR,FR,forecast_onshore_wind_generation,Wind Onshore,2026-06-13T21:03:52Z
2026-06-13T21:02:15Z,2026-06-13T23:02:15+0200,37293abf-bd75-40d9-81b7-896ff667771a,2026-05-14T07:30:00Z,2026-05-14T09:30:00+0200,5849.16504,MW,FR,FR,forecast_onshore_wind_generation,Wind Onshore,2026-06-13T21:03:52Z
2026-06-13T21:02:15Z,2026-06-13T23:02:15+0200,37293abf-bd75-40d9-81b7-896ff667771a,2026-05-14T07:45:00Z,2026-05-14T09:45:00+0200,5814.43262,MW,FR,FR,forecast_onshore_wind_generation,Wind Onshore,2026-06-13T21:03:52Z
2026-06-13T21:02:15Z,2026-06-13T23:02:15+0200,37293abf-bd75-40d9-81b7-896ff667771a,2026-05-14T08:00:00Z,2026-05-14T10:00:00+0200,5779.7002,MW,FR,FR,forecast_onshore_wind_generation,Wind Onshore,2026-06-13T21:03:52Z
2026-06-13T21:02:15Z,2026-06-13T23:02:15+0200,37293abf-bd75-40d9-81b7-896ff667771a,2026-05-14T08:15:00Z,2026-05-14T10:15:00+0200,5741.02002,MW,FR,FR,forecast_onshore_wind_generation,Wind Onshore,2026-06-13T21:03:52Z
2026-06-13T21:02:15Z,2026-06-13T23:02:15+0200,37293abf-bd75-40d9-81b7-896ff667771a,2026-05-14T08:30:00Z,2026-05-14T10:30:00+0200,5702.33984,MW,FR,FR,forecast_onshore_wind_generation,Wind Onshore,2026-06-13T21:03:52Z
2026-06-13T21:02:15Z,2026-06-13T23:02:15+0200,37293abf-bd75-40d9-81b7-896ff667771a,2026-05-14T08:45:00Z,2026-05-14T10:45:00+0200,5663.66016,MW,FR,FR,forecast_onshore_wind_generation,Wind Onshore,2026-06-13T21:03:52Z
2026-06-13T21:02:15Z,2026-06-13T23:02:15+0200,37293abf-bd75-40d9-81b7-896ff667771a,2026-05-14T09:00:00Z,2026-05-14T11:00:00+0200,5624.97998,MW,FR,FR,forecast_onshore_wind_generation,Wind Onshore,2026-06-13T21:03:52Z
2026-06-13T21:02:15Z,2026-06-13T23:02:15+0200,37293abf-bd75-40d9-81b7-896ff667771a,2026-05-14T09:15:00Z,2026-05-14T11:15:00+0200,5665.07227,MW,FR,FR,forecast_onshore_wind_generation,Wind Onshore,2026-06-13T21:03:52Z
2026-06-13T21:02:15Z,2026-06-13T23:02:15+0200,37293abf-bd75-40d9-81b7-896ff667771a,2026-05-14T09:30:00Z,2026-05-14T11:30:00+0200,5705.16504,MW,FR,FR,forecast_onshore_wind_generation,Wind Onshore,2026-06-13T21:03:52Z
2026-06-13T21:02:15Z,2026-06-13T23:02:15+0200,37293abf-bd75-40d9-81b7-896ff667771a,2026-05-14T09:45:00Z,2026-05-14T11:45:00+0200,5745.25781,MW,FR,FR,forecast_onshore_wind_generation,Wind Onshore,2026-06-13T21:03:52Z
2026-06-13T21:02:15Z,2026-06-13T23:02:15+0200,37293abf-bd75-40d9-81b7-896ff667771a,2026-05-14T10:00:00Z,2026-05-14T12:00:00+0200,5785.3501,MW,FR,FR,forecast_onshore_wind_generation,Wind Onshore,2026-06-13T21:03:52Z
2026-06-13T21:02:15Z,2026-06-13T23:02:15+0200,37293abf-bd75-40d9-81b7-896ff667771a,2026-05-14T10:15:00Z,2026-05-14T12:15:00+0200,5828.5,MW,FR,FR,forecast_onshore_wind_generation,Wind Onshore,2026-06-13T21:03:52Z
2026-06-13T21:02:15Z,2026-06-13T23:02:15+0200,37293abf-bd75-40d9-81b7-896ff667771a,2026-05-14T10:30:00Z,2026-05-14T12:30:00+0200,5871.65039,MW,FR,FR,forecast_onshore_wind_generation,Wind Onshore,2026-06-13T21:03:52Z
2026-06-13T21:02:15Z,2026-06-13T23:02:15+0200,37293abf-bd75-40d9-81b7-896ff667771a,2026-05-14T10:45:00Z,2026-05-14T12:45:00+0200,5914.7998,MW,FR,FR,forecast_onshore_wind_generation,Wind Onshore,2026-06-13T21:03:52Z
2026-06-13T21:02:15Z,2026-06-13T23:02:15+0200,37293abf-bd75-40d9-81b7-896ff667771a,2026-05-14T11:00:00Z,2026-05-14T13:00:00+0200,5957.9502,MW,FR,FR,forecast_onshore_wind_generation,Wind Onshore,2026-06-13T21:03:52Z
2026-06-13T21:02:15Z,2026-06-13T23:02:15+0200,37293abf-bd75-40d9-81b7-896ff667771a,2026-05-14T11:15:00Z,2026-05-14T13:15:00+0200,5984.04785,MW,FR,FR,forecast_onshore_wind_generation,Wind Onshore,2026-06-13T21:03:52Z
2026-06-13T21:02:15Z,2026-06-13T23:02:15+0200,37293abf-bd75-40d9-81b7-896ff667771a,2026-05-14T11:30:00Z,2026-05-14T13:30:00+0200,6010.14453,MW,FR,FR,forecast_onshore_wind_generation,Wind Onshore,2026-06-13T21:03:52Z
2026-06-13T21:02:15Z,2026-06-13T23:02:15+0200,37293abf-bd75-40d9-81b7-896ff667771a,2026-05-14T11:45:00Z,2026-05-14T13:45:00+0200,6036.24219,MW,FR,FR,forecast_onshore_wind_generation,Wind Onshore,2026-06-13T21:03:52Z
2026-06-13T21:02:15Z,2026-06-13T23:02:15+0200,37293abf-bd75-40d9-81b7-896ff667771a,2026-05-14T12:00:00Z,2026-05-14T14:00:00+0200,6062.33984,MW,FR,FR,forecast_onshore_wind_generation,Wind Onshore,2026-06-13T21:03:52Z
2026-06-13T21:02:15Z,2026-06-13T23:02:15+0200,37293abf-bd75-40d9-81b7-896ff667771a,2026-05-14T12:15:00Z,2026-05-14T14:15:00+0200,6108.9248,MW,FR,FR,forecast_onshore_wind_generation,Wind Onshore,2026-06-13T21:03:52Z
2026-06-13T21:02:15Z,2026-06-13T23:02:15+0200,37293abf-bd75-40d9-81b7-896ff667771a,2026-05-14T12:30:00Z,2026-05-14T14:30:00+0200,6155.51025,MW,FR,FR,forecast_onshore_wind_generation,Wind Onshore,2026-06-13T21:03:52Z
2026-06-13T21:02:15Z,2026-06-13T23:02:15+0200,37293abf-bd75-40d9-81b7-896ff667771a,2026-05-14T12:45:00Z,2026-05-14T14:45:00+0200,6202.09473,MW,FR,FR,forecast_onshore_wind_generation,Wind Onshore,2026-06-13T21:03:52Z
2026-06-13T21:02:15Z,2026-06-13T23:02:15+0200,37293abf-bd75-40d9-81b7-896ff667771a,2026-05-14T13:00:00Z,2026-05-14T15:00:00+0200,6248.67969,MW,FR,FR,forecast_onshore_wind_generation,Wind Onshore,2026-06-13T21:03:52Z
2026-06-13T21:02:15Z,2026-06-13T23:02:15+0200,37293abf-bd75-40d9-81b7-896ff667771a,2026-05-14T13:15:00Z,2026-05-14T15:15:00+0200,6204.21729,MW,FR,FR,forecast_onshore_wind_generation,Wind Onshore,2026-06-13T21:03:52Z
2026-06-13T21:02:15Z,2026-06-13T23:02:15+0200,37293abf-bd75-40d9-81b7-896ff667771a,2026-05-14T13:30:00Z,2026-05-14T15:30:00+0200,6159.75488,MW,FR,FR,forecast_onshore_wind_generation,Wind Onshore,2026-06-13T21:03:52Z
2026-06-13T21:02:15Z,2026-06-13T23:02:15+0200,37293abf-bd75-40d9-81b7-896ff667771a,2026-05-14T13:45:00Z,2026-05-14T15:45:00+0200,6115.20557,MW,FR,FR,forecast_onshore_wind_generation,Wind Onshore,2026-06-13T21:03:52Z
2026-06-13T21:02:15Z,2026-06-13T23:02:15+0200,37293abf-bd75-40d9-81b7-896ff667771a,2026-05-14T14:00:00Z,2026-05-14T16:00:00+0200,3725.38086,MW,FR,FR,forecast_onshore_wind_generation,Wind Onshore,2026-06-13T21:03:52Z
2026-06-13T21:02:15Z,2026-06-13T23:02:15+0200,37293abf-bd75-40d9-81b7-896ff667771a,2026-05-14T14:15:00Z,2026-05-14T16:15:00+0200,3770.91846,MW,FR,FR,forecast_onshore_wind_generation,Wind Onshore,2026-06-13T21:03:52Z
2026-06-13T21:02:15Z,2026-06-13T23:02:15+0200,37293abf-bd75-40d9-81b7-896ff667771a,2026-05-14T14:30:00Z,2026-05-14T16:30:00+0200,3816.45361,MW,FR,FR,forecast_onshore_wind_generation,Wind Onshore,2026-06-13T21:03:52Z
2026-06-13T21:02:15Z,2026-06-13T23:02:15+0200,37293abf-bd75-40d9-81b7-896ff667771a,2026-05-14T14:45:00Z,2026-05-14T16:45:00+0200,3861.9917,MW,FR,FR,forecast_onshore_wind_generation,Wind Onshore,2026-06-13T21:03:52Z
2026-06-13T21:02:15Z,2026-06-13T23:02:15+0200,37293abf-bd75-40d9-81b7-896ff667771a,2026-05-14T15:00:00Z,2026-05-14T17:00:00+0200,3907.53369,MW,FR,FR,forecast_onshore_wind_generation,Wind Onshore,2026-06-13T21:03:52Z
2026-06-13T21:02:15Z,2026-06-13T23:02:15+0200,37293abf-bd75-40d9-81b7-896ff667771a,2026-05-14T15:15:00Z,2026-05-14T17:15:00+0200,3861.12695,MW,FR,FR,forecast_onshore_wind_generation,Wind Onshore,2026-06-13T21:03:52Z
2026-06-13T21:02:15Z,2026-06-13T23:02:15+0200,37293abf-bd75-40d9-81b7-896ff667771a,2026-05-14T15:30:00Z,2026-05-14T17:30:00+0200,6244.88379,MW,FR,FR,forecast_onshore_wind_generation,Wind Onshore,2026-06-13T21:03:52Z
2026-06-13T21:02:15Z,2026-06-13T23:02:15+0200,37293abf-bd75-40d9-81b7-896ff667771a,2026-05-14T15:45:00Z,2026-05-14T17:45:00+0200,6164.9751,MW,FR,FR,forecast_onshore_wind_generation,Wind Onshore,2026-06-13T21:03:52Z
2026-06-13T21:02:15Z,2026-06-13T23:02:15+0200,37293abf-bd75-40d9-81b7-896ff667771a,2026-05-14T16:00:00Z,2026-05-14T18:00:00+0200,6085.1499,MW,FR,FR,forecast_onshore_wind_generation,Wind Onshore,2026-06-13T21:03:52Z
2026-06-13T21:02:15Z,2026-06-13T23:02:15+0200,37293abf-bd75-40d9-81b7-896ff667771a,2026-05-14T16:15:00Z,2026-05-14T18:15:00+0200,5864.02734,MW,FR,FR,forecast_onshore_wind_generation,Wind Onshore,2026-06-13T21:03:52Z
2026-06-13T21:02:15Z,2026-06-13T23:02:15+0200,37293abf-bd75-40d9-81b7-896ff667771a,2026-05-14T16:30:00Z,2026-05-14T18:30:00+0200,5642.9043,MW,FR,FR,forecast_onshore_wind_generation,Wind Onshore,2026-06-13T21:03:52Z
2026-06-13T21:02:15Z,2026-06-13T23:02:15+0200,37293abf-bd75-40d9-81b7-896ff667771a,2026-05-14T16:45:00Z,2026-05-14T18:45:00+0200,5421.78223,MW,FR,FR,forecast_onshore_wind_generation,Wind Onshore,2026-06-13T21:03:52Z
2026-06-13T21:02:15Z,2026-06-13T23:02:15+0200,37293abf-bd75-40d9-81b7-896ff667771a,2026-05-14T17:00:00Z,2026-05-14T19:00:00+0200,5200.66016,MW,FR,FR,forecast_onshore_wind_generation,Wind Onshore,2026-06-13T21:03:52Z
2026-06-13T21:02:15Z,2026-06-13T23:02:15+0200,37293abf-bd75-40d9-81b7-896ff667771a,2026-05-14T17:15:00Z,2026-05-14T19:15:00+0200,5018.84473,MW,FR,FR,forecast_onshore_wind_generation,Wind Onshore,2026-06-13T21:03:52Z
2026-06-13T21:02:15Z,2026-06-13T23:02:15+0200,37293abf-bd75-40d9-81b7-896ff667771a,2026-05-14T17:30:00Z,2026-05-14T19:30:00+0200,4837.02979,MW,FR,FR,forecast_onshore_wind_generation,Wind Onshore,2026-06-13T21:03:52Z
2026-06-13T21:02:15Z,2026-06-13T23:02:15+0200,37293abf-bd75-40d9-81b7-896ff667771a,2026-05-14T17:45:00Z,2026-05-14T19:45:00+0200,4655.21533,MW,FR,FR,forecast_onshore_wind_generation,Wind Onshore,2026-06-13T21:03:52Z
2026-06-13T21:02:15Z,2026-06-13T23:02:15+0200,37293abf-bd75-40d9-81b7-896ff667771a,2026-05-14T18:00:00Z,2026-05-14T20:00:00+0200,4473.40039,MW,FR,FR,forecast_onshore_wind_generation,Wind Onshore,2026-06-13T21:03:52Z
2026-06-13T21:02:15Z,2026-06-13T23:02:15+0200,37293abf-bd75-40d9-81b7-896ff667771a,2026-05-14T18:15:00Z,2026-05-14T20:15:00+0200,4415.3125,MW,FR,FR,forecast_onshore_wind_generation,Wind Onshore,2026-06-13T21:03:52Z
2026-06-13T21:02:15Z,2026-06-13T23:02:15+0200,37293abf-bd75-40d9-81b7-896ff667771a,2026-05-14T18:30:00Z,2026-05-14T20:30:00+0200,4357.2251,MW,FR,FR,forecast_onshore_wind_generation,Wind Onshore,2026-06-13T21:03:52Z
2026-06-13T21:02:15Z,2026-06-13T23:02:15+0200,37293abf-bd75-40d9-81b7-896ff667771a,2026-05-14T18:45:00Z,2026-05-14T20:45:00+0200,4299.1377,MW,FR,FR,forecast_onshore_wind_generation,Wind Onshore,2026-06-13T21:03:52Z
2026-06-13T21:02:15Z,2026-06-13T23:02:15+0200,37293abf-bd75-40d9-81b7-896ff667771a,2026-05-14T19:00:00Z,2026-05-14T21:00:00+0200,4241.0498,MW,FR,FR,forecast_onshore_wind_generation,Wind Onshore,2026-06-13T21:03:52Z
2026-06-13T21:02:15Z,2026-06-13T23:02:15+0200,37293abf-bd75-40d9-81b7-896ff667771a,2026-05-14T19:15:00Z,2026-05-14T21:15:00+0200,4206.56494,MW,FR,FR,forecast_onshore_wind_generation,Wind Onshore,2026-06-13T21:03:52Z
2026-06-13T21:02:15Z,2026-06-13T23:02:15+0200,37293abf-bd75-40d9-81b7-896ff667771a,2026-05-14T19:30:00Z,2026-05-14T21:30:00+0200,4172.08008,MW,FR,FR,forecast_onshore_wind_generation,Wind Onshore,2026-06-13T21:03:52Z
2026-06-13T21:02:15Z,2026-06-13T23:02:15+0200,37293abf-bd75-40d9-81b7-896ff667771a,2026-05-14T19:45:00Z,2026-05-14T21:45:00+0200,4137.59521,MW,FR,FR,forecast_onshore_wind_generation,Wind Onshore,2026-06-13T21:03:52Z
2026-06-13T21:02:15Z,2026-06-13T23:02:15+0200,37293abf-bd75-40d9-81b7-896ff667771a,2026-05-14T20:00:00Z,2026-05-14T22:00:00+0200,4103.10986,MW,FR,FR,forecast_onshore_wind_generation,Wind Onshore,2026-06-13T21:03:52Z
2026-06-13T21:02:15Z,2026-06-13T23:02:15+0200,37293abf-bd75-40d9-81b7-896ff667771a,2026-05-14T20:15:00Z,2026-05-14T22:15:00+0200,4041.28491,MW,FR,FR,forecast_onshore_wind_generation,Wind Onshore,2026-06-13T21:03:52Z
2026-06-13T21:02:15Z,2026-06-13T23:02:15+0200,37293abf-bd75-40d9-81b7-896ff667771a,2026-05-14T20:30:00Z,2026-05-14T22:30:00+0200,3979.45996,MW,FR,FR,forecast_onshore_wind_generation,Wind Onshore,2026-06-13T21:03:52Z
2026-06-13T21:02:15Z,2026-06-13T23:02:15+0200,37293abf-bd75-40d9-81b7-896ff667771a,2026-05-14T20:45:00Z,2026-05-14T22:45:00+0200,3917.63501,MW,FR,FR,forecast_onshore_wind_generation,Wind Onshore,2026-06-13T21:03:52Z
2026-06-13T21:02:15Z,2026-06-13T23:02:15+0200,37293abf-bd75-40d9-81b7-896ff667771a,2026-05-14T21:00:00Z,2026-05-14T23:00:00+0200,3855.81006,MW,FR,FR,forecast_onshore_wind_generation,Wind Onshore,2026-06-13T21:03:52Z
2026-06-13T21:02:15Z,2026-06-13T23:02:15+0200,37293abf-bd75-40d9-81b7-896ff667771a,2026-05-14T21:15:00Z,2026-05-14T23:15:00+0200,3846.31494,MW,FR,FR,forecast_onshore_wind_generation,Wind Onshore,2026-06-13T21:03:52Z
2026-06-13T21:02:15Z,2026-06-13T23:02:15+0200,37293abf-bd75-40d9-81b7-896ff667771a,2026-05-14T21:30:00Z,2026-05-14T23:30:00+0200,3836.81982,MW,FR,FR,forecast_onshore_wind_generation,Wind Onshore,2026-06-13T21:03:52Z
2026-06-13T21:02:15Z,2026-06-13T23:02:15+0200,37293abf-bd75-40d9-81b7-896ff667771a,2026-05-14T21:45:00Z,2026-05-14T23:45:00+0200,3827.3252,MW,FR,FR,forecast_onshore_wind_generation,Wind Onshore,2026-06-13T21:03:52Z
2026-06-13T21:02:15Z,2026-06-13T23:02:15+0200,37293abf-bd75-40d9-81b7-896ff667771a,2026-05-14T22:00:00Z,2026-05-15T00:00:00+0200,3590.11963,MW,FR,FR,forecast_onshore_wind_generation,Wind Onshore,2026-06-13T21:03:52Z
2026-06-13T21:02:15Z,2026-06-13T23:02:15+0200,37293abf-bd75-40d9-81b7-896ff667771a,2026-05-14T22:15:00Z,2026-05-15T00:15:00+0200,3578.93506,MW,FR,FR,forecast_onshore_wind_generation,Wind Onshore,2026-06-13T21:03:52Z
2026-06-13T21:02:15Z,2026-06-13T23:02:15+0200,37293abf-bd75-40d9-81b7-896ff667771a,2026-05-14T22:30:00Z,2026-05-15T00:30:00+0200,3567.75024,MW,FR,FR,forecast_onshore_wind_generation,Wind Onshore,2026-06-13T21:03:52Z
2026-06-13T21:02:15Z,2026-06-13T23:02:15+0200,37293abf-bd75-40d9-81b7-896ff667771a,2026-05-14T22:45:00Z,2026-05-15T00:45:00+0200,3556.56494,MW,FR,FR,forecast_onshore_wind_generation,Wind Onshore,2026-06-13T21:03:52Z
2026-06-13T21:02:15Z,2026-06-13T23:02:15+0200,37293abf-bd75-40d9-81b7-896ff667771a,2026-05-14T23:00:00Z,2026-05-15T01:00:00+0200,3545.38037,MW,FR,FR,forecast_onshore_wind_generation,Wind Onshore,2026-06-13T21:03:52Z
2026-06-13T21:02:15Z,2026-06-13T23:02:15+0200,37293abf-bd75-40d9-81b7-896ff667771a,2026-05-14T23:15:00Z,2026-05-15T01:15:00+0200,3492.07275,MW,FR,FR,forecast_onshore_wind_generation,Wind Onshore,2026-06-13T21:03:52Z
2026-06-13T21:02:15Z,2026-06-13T23:02:15+0200,37293abf-bd75-40d9-81b7-896ff667771a,2026-05-14T23:30:00Z,2026-05-15T01:30:00+0200,3438.76514,MW,FR,FR,forecast_onshore_wind_generation,Wind Onshore,2026-06-13T21:03:52Z
2026-06-13T21:02:15Z,2026-06-13T23:02:15+0200,37293abf-bd75-40d9-81b7-896ff667771a,2026-05-14T23:45:00Z,2026-05-15T01:45:00+0200,3385.45752,MW,FR,FR,forecast_onshore_wind_generation,Wind Onshore,2026-06-13T21:03:52Z
2026-06-13T21:02:15Z,2026-06-13T23:02:15+0200,37293abf-bd75-40d9-81b7-896ff667771a,2026-05-15T00:00:00Z,2026-05-15T02:00:00+0200,3332.1499,MW,FR,FR,forecast_onshore_wind_generation,Wind Onshore,2026-06-13T21:03:52Z
2026-06-13T21:02:15Z,2026-06-13T23:02:15+0200,37293abf-bd75-40d9-81b7-896ff667771a,2026-05-15T00:15:00Z,2026-05-15T02:15:00+0200,3257.875,MW,FR,FR,forecast_onshore_wind_generation,Wind Onshore,2026-06-13T21:03:52Z
2026-06-13T21:02:15Z,2026-06-13T23:02:15+0200,37293abf-bd75-40d9-81b7-896ff667771a,2026-05-15T00:30:00Z,2026-05-15T02:30:00+0200,3183.6001,MW,FR,FR,forecast_onshore_wind_generation,Wind Onshore,2026-06-13T21:03:52Z
2026-06-13T21:02:15Z,2026-06-13T23:02:15+0200,37293abf-bd75-40d9-81b7-896ff667771a,2026-05-15T00:45:00Z,2026-05-15T02:45:00+0200,3109.32495,MW,FR,FR,forecast_onshore_wind_generation,Wind Onshore,2026-06-13T21:03:52Z
2026-06-13T21:02:15Z,2026-06-13T23:02:15+0200,37293abf-bd75-40d9-81b7-896ff667771a,2026-05-15T01:00:00Z,2026-05-15T03:00:00+0200,3035.0498,MW,FR,FR,forecast_onshore_wind_generation,Wind Onshore,2026-06-13T21:03:52Z
2026-06-13T21:02:15Z,2026-06-13T23:02:15+0200,37293abf-bd75-40d9-81b7-896ff667771a,2026-05-15T01:15:00Z,2026-05-15T03:15:00+0200,2984.1626,MW,FR,FR,forecast_onshore_wind_generation,Wind Onshore,2026-06-13T21:03:52Z
2026-06-13T21:02:15Z,2026-06-13T23:02:15+0200,37293abf-bd75-40d9-81b7-896ff667771a,2026-05-15T01:30:00Z,2026-05-15T03:30:00+0200,2933.2749,MW,FR,FR,forecast_onshore_wind_generation,Wind Onshore,2026-06-13T21:03:52Z
2026-06-13T21:02:15Z,2026-06-13T23:02:15+0200,37293abf-bd75-40d9-81b7-896ff667771a,2026-05-15T01:45:00Z,2026-05-15T03:45:00+0200,2882.38745,MW,FR,FR,forecast_onshore_wind_generation,Wind Onshore,2026-06-13T21:03:52Z
2026-06-13T21:02:15Z,2026-06-13T23:02:15+0200,37293abf-bd75-40d9-81b7-896ff667771a,2026-05-15T02:00:00Z,2026-05-15T04:00:00+0200,2831.5,MW,FR,FR,forecast_onshore_wind_generation,Wind Onshore,2026-06-13T21:03:52Z
2026-06-13T21:02:15Z,2026-06-13T23:02:15+0200,37293abf-bd75-40d9-81b7-896ff667771a,2026-05-15T02:15:00Z,2026-05-15T04:15:00+0200,2862.28516,MW,FR,FR,forecast_onshore_wind_generation,Wind Onshore,2026-06-13T21:03:52Z
2026-06-13T21:02:15Z,2026-06-13T23:02:15+0200,37293abf-bd75-40d9-81b7-896ff667771a,2026-05-15T02:30:00Z,2026-05-15T04:30:00+0200,2893.06982,MW,FR,FR,forecast_onshore_wind_generation,Wind Onshore,2026-06-13T21:03:52Z
2026-06-13T21:02:15Z,2026-06-13T23:02:15+0200,37293abf-bd75-40d9-81b7-896ff667771a,2026-05-15T02:45:00Z,2026-05-15T04:45:00+0200,2923.85498,MW,FR,FR,forecast_onshore_wind_generation,Wind Onshore,2026-06-13T21:03:52Z
2026-06-13T21:02:15Z,2026-06-13T23:02:15+0200,37293abf-bd75-40d9-81b7-896ff667771a,2026-05-15T03:00:00Z,2026-05-15T05:00:00+0200,2954.64014,MW,FR,FR,forecast_onshore_wind_generation,Wind Onshore,2026-06-13T21:03:52Z
2026-06-13T21:02:15Z,2026-06-13T23:02:15+0200,37293abf-bd75-40d9-81b7-896ff667771a,2026-05-15T03:15:00Z,2026-05-15T05:15:00+0200,2976.94507,MW,FR,FR,forecast_onshore_wind_generation,Wind Onshore,2026-06-13T21:03:52Z
2026-06-13T21:02:15Z,2026-06-13T23:02:15+0200,37293abf-bd75-40d9-81b7-896ff667771a,2026-05-15T03:30:00Z,2026-05-15T05:30:00+0200,2999.25024,MW,FR,FR,forecast_onshore_wind_generation,Wind Onshore,2026-06-13T21:03:52Z
2026-06-13T21:02:15Z,2026-06-13T23:02:15+0200,37293abf-bd75-40d9-81b7-896ff667771a,2026-05-15T03:45:00Z,2026-05-15T05:45:00+0200,3021.55493,MW,FR,FR,forecast_onshore_wind_generation,Wind Onshore,2026-06-13T21:03:52Z
2026-06-13T21:02:15Z,2026-06-13T23:02:15+0200,37293abf-bd75-40d9-81b7-896ff667771a,2026-05-15T04:00:00Z,2026-05-15T06:00:00+0200,3043.85986,MW,FR,FR,forecast_onshore_wind_generation,Wind Onshore,2026-06-13T21:03:52Z
2026-06-13T21:02:15Z,2026-06-13T23:02:15+0200,37293abf-bd75-40d9-81b7-896ff667771a,2026-05-15T04:15:00Z,2026-05-15T06:15:00+0200,3000.97754,MW,FR,FR,forecast_onshore_wind_generation,Wind Onshore,2026-06-13T21:03:52Z
2026-06-13T21:02:15Z,2026-06-13T23:02:15+0200,37293abf-bd75-40d9-81b7-896ff667771a,2026-05-15T04:30:00Z,2026-05-15T06:30:00+0200,2958.09497,MW,FR,FR,forecast_onshore_wind_generation,Wind Onshore,2026-06-13T21:03:52Z
2026-06-13T21:02:15Z,2026-06-13T23:02:15+0200,37293abf-bd75-40d9-81b7-896ff667771a,2026-05-15T04:45:00Z,2026-05-15T06:45:00+0200,2915.2124,MW,FR,FR,forecast_onshore_wind_generation,Wind Onshore,2026-06-13T21:03:52Z
2026-06-13T21:02:15Z,2026-06-13T23:02:15+0200,37293abf-bd75-40d9-81b7-896ff667771a,2026-05-15T05:00:00Z,2026-05-15T07:00:00+0200,2872.33008,MW,FR,FR,forecast_onshore_wind_generation,Wind Onshore,2026-06-13T21:03:52Z
2026-06-13T21:02:15Z,2026-06-13T23:02:15+0200,37293abf-bd75-40d9-81b7-896ff667771a,2026-05-15T05:15:00Z,2026-05-15T07:15:00+0200,2811.29736,MW,FR,FR,forecast_onshore_wind_generation,Wind Onshore,2026-06-13T21:03:52Z
2026-06-13T21:02:15Z,2026-06-13T23:02:15+0200,37293abf-bd75-40d9-81b7-896ff667771a,2026-05-15T05:30:00Z,2026-05-15T07:30:00+0200,2750.26514,MW,FR,FR,forecast_onshore_wind_generation,Wind Onshore,2026-06-13T21:03:52Z
2026-06-13T21:02:15Z,2026-06-13T23:02:15+0200,37293abf-bd75-40d9-81b7-896ff667771a,2026-05-15T05:45:00Z,2026-05-15T07:45:00+0200,2689.23242,MW,FR,FR,forecast_onshore_wind_generation,Wind Onshore,2026-06-13T21:03:52Z
2026-06-13T21:02:15Z,2026-06-13T23:02:15+0200,37293abf-bd75-40d9-81b7-896ff667771a,2026-05-15T06:00:00Z,2026-05-15T08:00:00+0200,2628.19971,MW,FR,FR,forecast_onshore_wind_generation,Wind Onshore,2026-06-13T21:03:52Z
2026-06-13T21:02:15Z,2026-06-13T23:02:15+0200,37293abf-bd75-40d9-81b7-896ff667771a,2026-05-15T06:15:00Z,2026-05-15T08:15:00+0200,2450.79248,MW,FR,FR,forecast_onshore_wind_generation,Wind Onshore,2026-06-13T21:03:52Z
2026-06-13T21:02:15Z,2026-06-13T23:02:15+0200,37293abf-bd75-40d9-81b7-896ff667771a,2026-05-15T06:30:00Z,2026-05-15T08:30:00+0200,2273.38477,MW,FR,FR,forecast_onshore_wind_generation,Wind Onshore,2026-06-13T21:03:52Z
2026-06-13T21:02:15Z,2026-06-13T23:02:15+0200,37293abf-bd75-40d9-81b7-896ff667771a,2026-05-15T06:45:00Z,2026-05-15T08:45:00+0200,2095.97729,MW,FR,FR,forecast_onshore_wind_generation,Wind Onshore,2026-06-13T21:03:52Z
2026-06-13T21:02:15Z,2026-06-13T23:02:15+0200,37293abf-bd75-40d9-81b7-896ff667771a,2026-05-15T07:00:00Z,2026-05-15T09:00:00+0200,1918.56982,MW,FR,FR,forecast_onshore_wind_generation,Wind Onshore,2026-06-13T21:03:52Z
2026-06-13T21:02:15Z,2026-06-13T23:02:15+0200,37293abf-bd75-40d9-81b7-896ff667771a,2026-05-15T07:15:00Z,2026-05-15T09:15:00+0200,2000.96484,MW,FR,FR,forecast_onshore_wind_generation,Wind Onshore,2026-06-13T21:03:52Z
2026-06-13T21:02:15Z,2026-06-13T23:02:15+0200,37293abf-bd75-40d9-81b7-896ff667771a,2026-05-15T07:30:00Z,2026-05-15T09:30:00+0200,2083.35986,MW,FR,FR,forecast_onshore_wind_generation,Wind Onshore,2026-06-13T21:03:52Z
2026-06-13T21:02:15Z,2026-06-13T23:02:15+0200,37293abf-bd75-40d9-81b7-896ff667771a,2026-05-15T07:45:00Z,2026-05-15T09:45:00+0200,2165.75488,MW,FR,FR,forecast_onshore_wind_generation,Wind Onshore,2026-06-13T21:03:52Z
2026-06-13T21:02:15Z,2026-06-13T23:02:15+0200,37293abf-bd75-40d9-81b7-896ff667771a,2026-05-15T08:00:00Z,2026-05-15T10:00:00+0200,2248.1499,MW,FR,FR,forecast_onshore_wind_generation,Wind Onshore,2026-06-13T21:03:52Z
2026-06-13T21:02:15Z,2026-06-13T23:02:15+0200,37293abf-bd75-40d9-81b7-896ff667771a,2026-05-15T08:15:00Z,2026-05-15T10:15:00+0200,2383.97754,MW,FR,FR,forecast_onshore_wind_generation,Wind Onshore,2026-06-13T21:03:52Z
2026-06-13T21:02:15Z,2026-06-13T23:02:15+0200,37293abf-bd75-40d9-81b7-896ff667771a,2026-05-15T08:30:00Z,2026-05-15T10:30:00+0200,2519.80493,MW,FR,FR,forecast_onshore_wind_generation,Wind Onshore,2026-06-13T21:03:52Z
2026-06-13T21:02:15Z,2026-06-13T23:02:15+0200,37293abf-bd75-40d9-81b7-896ff667771a,2026-05-15T08:45:00Z,2026-05-15T10:45:00+0200,2655.63232,MW,FR,FR,forecast_onshore_wind_generation,Wind Onshore,2026-06-13T21:03:52Z
2026-06-13T21:02:15Z,2026-06-13T23:02:15+0200,37293abf-bd75-40d9-81b7-896ff667771a,2026-05-15T09:00:00Z,2026-05-15T11:00:00+0200,2791.45996,MW,FR,FR,forecast_onshore_wind_generation,Wind Onshore,2026-06-13T21:03:52Z
2026-06-13T21:02:15Z,2026-06-13T23:02:15+0200,37293abf-bd75-40d9-81b7-896ff667771a,2026-05-15T09:15:00Z,2026-05-15T11:15:00+0200,2826.53979,MW,FR,FR,forecast_onshore_wind_generation,Wind Onshore,2026-06-13T21:03:52Z
2026-06-13T21:02:15Z,2026-06-13T23:02:15+0200,37293abf-bd75-40d9-81b7-896ff667771a,2026-05-15T09:30:00Z,2026-05-15T11:30:00+0200,2861.62012,MW,FR,FR,forecast_onshore_wind_generation,Wind Onshore,2026-06-13T21:03:52Z
2026-06-13T21:02:15Z,2026-06-13T23:02:15+0200,37293abf-bd75-40d9-81b7-896ff667771a,2026-05-15T09:45:00Z,2026-05-15T11:45:00+0200,2896.7002,MW,FR,FR,forecast_onshore_wind_generation,Wind Onshore,2026-06-13T21:03:52Z
2026-06-13T21:02:15Z,2026-06-13T23:02:15+0200,37293abf-bd75-40d9-81b7-896ff667771a,2026-05-15T10:00:00Z,2026-05-15T12:00:00+0200,2931.78003,MW,FR,FR,forecast_onshore_wind_generation,Wind Onshore,2026-06-13T21:03:52Z
2026-06-13T21:02:15Z,2026-06-13T23:02:15+0200,37293abf-bd75-40d9-81b7-896ff667771a,2026-05-15T10:15:00Z,2026-05-15T12:15:00+0200,2959.47241,MW,FR,FR,forecast_onshore_wind_generation,Wind Onshore,2026-06-13T21:03:52Z
2026-06-13T21:02:15Z,2026-06-13T23:02:15+0200,37293abf-bd75-40d9-81b7-896ff667771a,2026-05-15T10:30:00Z,2026-05-15T12:30:00+0200,2987.16479,MW,FR,FR,forecast_onshore_wind_generation,Wind Onshore,2026-06-13T21:03:52Z
2026-06-13T21:02:15Z,2026-06-13T23:02:15+0200,37293abf-bd75-40d9-81b7-896ff667771a,2026-05-15T10:45:00Z,2026-05-15T12:45:00+0200,3014.85742,MW,FR,FR,forecast_onshore_wind_generation,Wind Onshore,2026-06-13T21:03:52Z
2026-06-13T21:02:15Z,2026-06-13T23:02:15+0200,37293abf-bd75-40d9-81b7-896ff667771a,2026-05-15T11:00:00Z,2026-05-15T13:00:00+0200,3042.5498,MW,FR,FR,forecast_onshore_wind_generation,Wind Onshore,2026-06-13T21:03:52Z
2026-06-13T21:02:15Z,2026-06-13T23:02:15+0200,37293abf-bd75-40d9-81b7-896ff667771a,2026-05-15T11:15:00Z,2026-05-15T13:15:00+0200,3082.45483,MW,FR,FR,forecast_onshore_wind_generation,Wind Onshore,2026-06-13T21:03:52Z
2026-06-13T21:02:15Z,2026-06-13T23:02:15+0200,37293abf-bd75-40d9-81b7-896ff667771a,2026-05-15T11:30:00Z,2026-05-15T13:30:00+0200,3122.35986,MW,FR,FR,forecast_onshore_wind_generation,Wind Onshore,2026-06-13T21:03:52Z
2026-06-13T21:02:15Z,2026-06-13T23:02:15+0200,37293abf-bd75-40d9-81b7-896ff667771a,2026-05-15T11:45:00Z,2026-05-15T13:45:00+0200,3162.26514,MW,FR,FR,forecast_onshore_wind_generation,Wind Onshore,2026-06-13T21:03:52Z
2026-06-13T21:02:15Z,2026-06-13T23:02:15+0200,37293abf-bd75-40d9-81b7-896ff667771a,2026-05-15T12:00:00Z,2026-05-15T14:00:00+0200,3202.16992,MW,FR,FR,forecast_onshore_wind_generation,Wind Onshore,2026-06-13T21:03:52Z
2026-06-13T21:02:15Z,2026-06-13T23:02:15+0200,37293abf-bd75-40d9-81b7-896ff667771a,2026-05-15T12:15:00Z,2026-05-15T14:15:00+0200,3271.29248,MW,FR,FR,forecast_onshore_wind_generation,Wind Onshore,2026-06-13T21:03:52Z
2026-06-13T21:02:15Z,2026-06-13T23:02:15+0200,37293abf-bd75-40d9-81b7-896ff667771a,2026-05-15T12:30:00Z,2026-05-15T14:30:00+0200,3340.41479,MW,FR,FR,forecast_onshore_wind_generation,Wind Onshore,2026-06-13T21:03:52Z
2026-06-13T21:02:15Z,2026-06-13T23:02:15+0200,37293abf-bd75-40d9-81b7-896ff667771a,2026-05-15T12:45:00Z,2026-05-15T14:45:00+0200,3409.53735,MW,FR,FR,forecast_onshore_wind_generation,Wind Onshore,2026-06-13T21:03:52Z
2026-06-13T21:02:15Z,2026-06-13T23:02:15+0200,37293abf-bd75-40d9-81b7-896ff667771a,2026-05-15T13:00:00Z,2026-05-15T15:00:00+0200,3478.65991,MW,FR,FR,forecast_onshore_wind_generation,Wind Onshore,2026-06-13T21:03:52Z
2026-06-13T21:02:15Z,2026-06-13T23:02:15+0200,37293abf-bd75-40d9-81b7-896ff667771a,2026-05-15T13:15:00Z,2026-05-15T15:15:00+0200,3555.86475,MW,FR,FR,forecast_onshore_wind_generation,Wind Onshore,2026-06-13T21:03:52Z
2026-06-13T21:02:15Z,2026-06-13T23:02:15+0200,37293abf-bd75-40d9-81b7-896ff667771a,2026-05-15T13:30:00Z,2026-05-15T15:30:00+0200,3633.07007,MW,FR,FR,forecast_onshore_wind_generation,Wind Onshore,2026-06-13T21:03:52Z
2026-06-13T21:02:15Z,2026-06-13T23:02:15+0200,37293abf-bd75-40d9-81b7-896ff667771a,2026-05-15T13:45:00Z,2026-05-15T15:45:00+0200,3710.22241,MW,FR,FR,forecast_onshore_wind_generation,Wind Onshore,2026-06-13T21:03:52Z
2026-06-13T21:02:15Z,2026-06-13T23:02:15+0200,37293abf-bd75-40d9-81b7-896ff667771a,2026-05-15T14:00:00Z,2026-05-15T16:00:00+0200,2266.53955,MW,FR,FR,forecast_onshore_wind_generation,Wind Onshore,2026-06-13T21:03:52Z
2026-06-13T21:02:15Z,2026-06-13T23:02:15+0200,37293abf-bd75-40d9-81b7-896ff667771a,2026-05-15T14:15:00Z,2026-05-15T16:15:00+0200,2311.96948,MW,FR,FR,forecast_onshore_wind_generation,Wind Onshore,2026-06-13T21:03:52Z
2026-06-13T21:02:15Z,2026-06-13T23:02:15+0200,37293abf-bd75-40d9-81b7-896ff667771a,2026-05-15T14:30:00Z,2026-05-15T16:30:00+0200,3944.95361,MW,FR,FR,forecast_onshore_wind_generation,Wind Onshore,2026-06-13T21:03:52Z
2026-06-13T21:02:15Z,2026-06-13T23:02:15+0200,37293abf-bd75-40d9-81b7-896ff667771a,2026-05-15T14:45:00Z,2026-05-15T16:45:00+0200,4023.64014,MW,FR,FR,forecast_onshore_wind_generation,Wind Onshore,2026-06-13T21:03:52Z
2026-06-13T21:02:15Z,2026-06-13T23:02:15+0200,37293abf-bd75-40d9-81b7-896ff667771a,2026-05-15T15:00:00Z,2026-05-15T17:00:00+0200,4102.35986,MW,FR,FR,forecast_onshore_wind_generation,Wind Onshore,2026-06-13T21:03:52Z
2026-06-13T21:02:15Z,2026-06-13T23:02:15+0200,37293abf-bd75-40d9-81b7-896ff667771a,2026-05-15T15:15:00Z,2026-05-15T17:15:00+0200,4209.61279,MW,FR,FR,forecast_onshore_wind_generation,Wind Onshore,2026-06-13T21:03:52Z
2026-06-13T21:02:15Z,2026-06-13T23:02:15+0200,37293abf-bd75-40d9-81b7-896ff667771a,2026-05-15T15:30:00Z,2026-05-15T17:30:00+0200,4316.86523,MW,FR,FR,forecast_onshore_wind_generation,Wind Onshore,2026-06-13T21:03:52Z
2026-06-13T21:02:15Z,2026-06-13T23:02:15+0200,37293abf-bd75-40d9-81b7-896ff667771a,2026-05-15T15:45:00Z,2026-05-15T17:45:00+0200,4424.11719,MW,FR,FR,forecast_onshore_wind_generation,Wind Onshore,2026-06-13T21:03:52Z
2026-06-13T21:02:15Z,2026-06-13T23:02:15+0200,37293abf-bd75-40d9-81b7-896ff667771a,2026-05-15T16:00:00Z,2026-05-15T18:00:00+0200,4531.37012,MW,FR,FR,forecast_onshore_wind_generation,Wind Onshore,2026-06-13T21:03:52Z
2026-06-13T21:02:15Z,2026-06-13T23:02:15+0200,37293abf-bd75-40d9-81b7-896ff667771a,2026-05-15T16:15:00Z,2026-05-15T18:15:00+0200,4568.90527,MW,FR,FR,forecast_onshore_wind_generation,Wind Onshore,2026-06-13T21:03:52Z
2026-06-13T21:02:15Z,2026-06-13T23:02:15+0200,37293abf-bd75-40d9-81b7-896ff667771a,2026-05-15T16:30:00Z,2026-05-15T18:30:00+0200,4606.43994,MW,FR,FR,forecast_onshore_wind_generation,Wind Onshore,2026-06-13T21:03:52Z
2026-06-13T21:02:15Z,2026-06-13T23:02:15+0200,37293abf-bd75-40d9-81b7-896ff667771a,2026-05-15T16:45:00Z,2026-05-15T18:45:00+0200,4643.9751,MW,FR,FR,forecast_onshore_wind_generation,Wind Onshore,2026-06-13T21:03:52Z
2026-06-13T21:02:15Z,2026-06-13T23:02:15+0200,37293abf-bd75-40d9-81b7-896ff667771a,2026-05-15T17:00:00Z,2026-05-15T19:00:00+0200,4681.50977,MW,FR,FR,forecast_onshore_wind_generation,Wind Onshore,2026-06-13T21:03:52Z
2026-06-13T21:02:15Z,2026-06-13T23:02:15+0200,37293abf-bd75-40d9-81b7-896ff667771a,2026-05-15T17:15:00Z,2026-05-15T19:15:00+0200,4456.37793,MW,FR,FR,forecast_onshore_wind_generation,Wind Onshore,2026-06-13T21:03:52Z
2026-06-13T21:02:15Z,2026-06-13T23:02:15+0200,37293abf-bd75-40d9-81b7-896ff667771a,2026-05-15T17:30:00Z,2026-05-15T19:30:00+0200,4231.24512,MW,FR,FR,forecast_onshore_wind_generation,Wind Onshore,2026-06-13T21:03:52Z
2026-06-13T21:02:15Z,2026-06-13T23:02:15+0200,37293abf-bd75-40d9-81b7-896ff667771a,2026-05-15T17:45:00Z,2026-05-15T19:45:00+0200,4006.1123,MW,FR,FR,forecast_onshore_wind_generation,Wind Onshore,2026-06-13T21:03:52Z
2026-06-13T21:02:15Z,2026-06-13T23:02:15+0200,37293abf-bd75-40d9-81b7-896ff667771a,2026-05-15T18:00:00Z,2026-05-15T20:00:00+0200,3780.97974,MW,FR,FR,forecast_onshore_wind_generation,Wind Onshore,2026-06-13T21:03:52Z
2026-06-13T21:02:15Z,2026-06-13T23:02:15+0200,37293abf-bd75-40d9-81b7-896ff667771a,2026-05-15T18:15:00Z,2026-05-15T20:15:00+0200,3716.8125,MW,FR,FR,forecast_onshore_wind_generation,Wind Onshore,2026-06-13T21:03:52Z
2026-06-13T21:02:15Z,2026-06-13T23:02:15+0200,37293abf-bd75-40d9-81b7-896ff667771a,2026-05-15T18:30:00Z,2026-05-15T20:30:00+0200,3652.64502,MW,FR,FR,forecast_onshore_wind_generation,Wind Onshore,2026-06-13T21:03:52Z
2026-06-13T21:02:15Z,2026-06-13T23:02:15+0200,37293abf-bd75-40d9-81b7-896ff667771a,2026-05-15T18:45:00Z,2026-05-15T20:45:00+0200,3588.47754,MW,FR,FR,forecast_onshore_wind_generation,Wind Onshore,2026-06-13T21:03:52Z
2026-06-13T21:02:15Z,2026-06-13T23:02:15+0200,37293abf-bd75-40d9-81b7-896ff667771a,2026-05-15T19:00:00Z,2026-05-15T21:00:00+0200,3524.31006,MW,FR,FR,forecast_onshore_wind_generation,Wind Onshore,2026-06-13T21:03:52Z
2026-06-13T21:02:15Z,2026-06-13T23:02:15+0200,37293abf-bd75-40d9-81b7-896ff667771a,2026-05-15T19:15:00Z,2026-05-15T21:15:00+0200,3461.44775,MW,FR,FR,forecast_onshore_wind_generation,Wind Onshore,2026-06-13T21:03:52Z
2026-06-13T21:02:15Z,2026-06-13T23:02:15+0200,37293abf-bd75-40d9-81b7-896ff667771a,2026-05-15T19:30:00Z,2026-05-15T21:30:00+0200,3398.58496,MW,FR,FR,forecast_onshore_wind_generation,Wind Onshore,2026-06-13T21:03:52Z
2026-06-13T21:02:15Z,2026-06-13T23:02:15+0200,37293abf-bd75-40d9-81b7-896ff667771a,2026-05-15T19:45:00Z,2026-05-15T21:45:00+0200,3335.72241,MW,FR,FR,forecast_onshore_wind_generation,Wind Onshore,2026-06-13T21:03:52Z
2026-06-13T21:02:15Z,2026-06-13T23:02:15+0200,37293abf-bd75-40d9-81b7-896ff667771a,2026-05-15T20:00:00Z,2026-05-15T22:00:00+0200,3272.86011,MW,FR,FR,forecast_onshore_wind_generation,Wind Onshore,2026-06-13T21:03:52Z
2026-06-13T21:02:15Z,2026-06-13T23:02:15+0200,37293abf-bd75-40d9-81b7-896ff667771a,2026-05-15T20:15:00Z,2026-05-15T22:15:00+0200,3223.90747,MW,FR,FR,forecast_onshore_wind_generation,Wind Onshore,2026-06-13T21:03:52Z
2026-06-13T21:02:15Z,2026-06-13T23:02:15+0200,37293abf-bd75-40d9-81b7-896ff667771a,2026-05-15T20:30:00Z,2026-05-15T22:30:00+0200,3174.95508,MW,FR,FR,forecast_onshore_wind_generation,Wind Onshore,2026-06-13T21:03:52Z
2026-06-13T21:02:15Z,2026-06-13T23:02:15+0200,37293abf-bd75-40d9-81b7-896ff667771a,2026-05-15T20:45:00Z,2026-05-15T22:45:00+0200,3126.00244,MW,FR,FR,forecast_onshore_wind_generation,Wind Onshore,2026-06-13T21:03:52Z
2026-06-13T21:02:15Z,2026-06-13T23:02:15+0200,37293abf-bd75-40d9-81b7-896ff667771a,2026-05-15T21:00:00Z,2026-05-15T23:00:00+0200,3077.0498,MW,FR,FR,forecast_onshore_wind_generation,Wind Onshore,2026-06-13T21:03:52Z
2026-06-13T21:02:15Z,2026-06-13T23:02:15+0200,37293abf-bd75-40d9-81b7-896ff667771a,2026-05-15T21:15:00Z,2026-05-15T23:15:00+0200,3038.36987,MW,FR,FR,forecast_onshore_wind_generation,Wind Onshore,2026-06-13T21:03:52Z
2026-06-13T21:02:15Z,2026-06-13T23:02:15+0200,37293abf-bd75-40d9-81b7-896ff667771a,2026-05-15T21:30:00Z,2026-05-15T23:30:00+0200,2999.68994,MW,FR,FR,forecast_onshore_wind_generation,Wind Onshore,2026-06-13T21:03:52Z
2026-06-13T21:02:15Z,2026-06-13T23:02:15+0200,37293abf-bd75-40d9-81b7-896ff667771a,2026-05-15T21:45:00Z,2026-05-15T23:45:00+0200,2961.01001,MW,FR,FR,forecast_onshore_wind_generation,Wind Onshore,2026-06-13T21:03:52Z
2026-06-13T21:02:15Z,2026-06-13T23:02:15+0200,37293abf-bd75-40d9-81b7-896ff667771a,2026-05-15T22:00:00Z,2026-05-16T00:00:00+0200,2926.21997,MW,FR,FR,forecast_onshore_wind_generation,Wind Onshore,2026-06-13T21:03:52Z
2026-06-13T21:02:15Z,2026-06-13T23:02:15+0200,37293abf-bd75-40d9-81b7-896ff667771a,2026-05-15T22:15:00Z,2026-05-16T00:15:00+0200,2919.61768,MW,FR,FR,forecast_onshore_wind_generation,Wind Onshore,2026-06-13T21:03:52Z
2026-06-13T21:02:15Z,2026-06-13T23:02:15+0200,37293abf-bd75-40d9-81b7-896ff667771a,2026-05-15T22:30:00Z,2026-05-16T00:30:00+0200,2913.01514,MW,FR,FR,forecast_onshore_wind_generation,Wind Onshore,2026-06-13T21:03:52Z
2026-06-13T21:02:15Z,2026-06-13T23:02:15+0200,37293abf-bd75-40d9-81b7-896ff667771a,2026-05-15T22:45:00Z,2026-05-16T00:45:00+0200,2906.41235,MW,FR,FR,forecast_onshore_wind_generation,Wind Onshore,2026-06-13T21:03:52Z
2026-06-13T21:02:15Z,2026-06-13T23:02:15+0200,37293abf-bd75-40d9-81b7-896ff667771a,2026-05-15T23:00:00Z,2026-05-16T01:00:00+0200,2899.81006,MW,FR,FR,forecast_onshore_wind_generation,Wind Onshore,2026-06-13T21:03:52Z
2026-06-13T21:02:15Z,2026-06-13T23:02:15+0200,37293abf-bd75-40d9-81b7-896ff667771a,2026-05-15T23:15:00Z,2026-05-16T01:15:00+0200,2904.43262,MW,FR,FR,forecast_onshore_wind_generation,Wind Onshore,2026-06-13T21:03:52Z
2026-06-13T21:02:15Z,2026-06-13T23:02:15+0200,37293abf-bd75-40d9-81b7-896ff667771a,2026-05-15T23:30:00Z,2026-05-16T01:30:00+0200,2909.05493,MW,FR,FR,forecast_onshore_wind_generation,Wind Onshore,2026-06-13T21:03:52Z
2026-06-13T21:02:15Z,2026-06-13T23:02:15+0200,37293abf-bd75-40d9-81b7-896ff667771a,2026-05-15T23:45:00Z,2026-05-16T01:45:00+0200,2913.67749,MW,FR,FR,forecast_onshore_wind_generation,Wind Onshore,2026-06-13T21:03:52Z
2026-06-13T21:02:15Z,2026-06-13T23:02:15+0200,37293abf-bd75-40d9-81b7-896ff667771a,2026-05-16T00:00:00Z,2026-05-16T02:00:00+0200,2918.30005,MW,FR,FR,forecast_onshore_wind_generation,Wind Onshore,2026-06-13T21:03:52Z
2026-06-13T21:02:15Z,2026-06-13T23:02:15+0200,37293abf-bd75-40d9-81b7-896ff667771a,2026-05-16T00:15:00Z,2026-05-16T02:15:00+0200,2931.85254,MW,FR,FR,forecast_onshore_wind_generation,Wind Onshore,2026-06-13T21:03:52Z
2026-06-13T21:02:15Z,2026-06-13T23:02:15+0200,37293abf-bd75-40d9-81b7-896ff667771a,2026-05-16T00:30:00Z,2026-05-16T02:30:00+0200,2945.40527,MW,FR,FR,forecast_onshore_wind_generation,Wind Onshore,2026-06-13T21:03:52Z
2026-06-13T21:02:15Z,2026-06-13T23:02:15+0200,37293abf-bd75-40d9-81b7-896ff667771a,2026-05-16T00:45:00Z,2026-05-16T02:45:00+0200,2958.95752,MW,FR,FR,forecast_onshore_wind_generation,Wind Onshore,2026-06-13T21:03:52Z
2026-06-13T21:02:15Z,2026-06-13T23:02:15+0200,37293abf-bd75-40d9-81b7-896ff667771a,2026-05-16T01:00:00Z,2026-05-16T03:00:00+0200,2972.51001,MW,FR,FR,forecast_onshore_wind_generation,Wind Onshore,2026-06-13T21:03:52Z
2026-06-13T21:02:15Z,2026-06-13T23:02:15+0200,37293abf-bd75-40d9-81b7-896ff667771a,2026-05-16T01:15:00Z,2026-05-16T03:15:00+0200,2979.23511,MW,FR,FR,forecast_onshore_wind_generation,Wind Onshore,2026-06-13T21:03:52Z
2026-06-13T21:02:15Z,2026-06-13T23:02:15+0200,37293abf-bd75-40d9-81b7-896ff667771a,2026-05-16T01:30:00Z,2026-05-16T03:30:00+0200,2985.95996,MW,FR,FR,forecast_onshore_wind_generation,Wind Onshore,2026-06-13T21:03:52Z
2026-06-13T21:02:15Z,2026-06-13T23:02:15+0200,37293abf-bd75-40d9-81b7-896ff667771a,2026-05-16T01:45:00Z,2026-05-16T03:45:00+0200,2992.68506,MW,FR,FR,forecast_onshore_wind_generation,Wind Onshore,2026-06-13T21:03:52Z
2026-06-13T21:02:15Z,2026-06-13T23:02:15+0200,37293abf-bd75-40d9-81b7-896ff667771a,2026-05-16T02:00:00Z,2026-05-16T04:00:00+0200,2999.40991,MW,FR,FR,forecast_onshore_wind_generation,Wind Onshore,2026-06-13T21:03:52Z
2026-06-13T21:02:15Z,2026-06-13T23:02:15+0200,37293abf-bd75-40d9-81b7-896ff667771a,2026-05-16T02:15:00Z,2026-05-16T04:15:00+0200,2987.25977,MW,FR,FR,forecast_onshore_wind_generation,Wind Onshore,2026-06-13T21:03:52Z
2026-06-13T21:02:15Z,2026-06-13T23:02:15+0200,37293abf-bd75-40d9-81b7-896ff667771a,2026-05-16T02:30:00Z,2026-05-16T04:30:00+0200,2975.10986,MW,FR,FR,forecast_onshore_wind_generation,Wind Onshore,2026-06-13T21:03:52Z
2026-06-13T21:02:15Z,2026-06-13T23:02:15+0200,37293abf-bd75-40d9-81b7-896ff667771a,2026-05-16T02:45:00Z,2026-05-16T04:45:00+0200,2962.95996,MW,FR,FR,forecast_onshore_wind_generation,Wind Onshore,2026-06-13T21:03:52Z
2026-06-13T21:02:15Z,2026-06-13T23:02:15+0200,37293abf-bd75-40d9-81b7-896ff667771a,2026-05-16T03:00:00Z,2026-05-16T05:00:00+0200,2950.81006,MW,FR,FR,forecast_onshore_wind_generation,Wind Onshore,2026-06-13T21:03:52Z
2026-06-13T21:02:15Z,2026-06-13T23:02:15+0200,37293abf-bd75-40d9-81b7-896ff667771a,2026-05-16T03:15:00Z,2026-05-16T05:15:00+0200,2957.7627,MW,FR,FR,forecast_onshore_wind_generation,Wind Onshore,2026-06-13T21:03:52Z
2026-06-13T21:02:15Z,2026-06-13T23:02:15+0200,37293abf-bd75-40d9-81b7-896ff667771a,2026-05-16T03:30:00Z,2026-05-16T05:30:00+0200,2964.71484,MW,FR,FR,forecast_onshore_wind_generation,Wind Onshore,2026-06-13T21:03:52Z
2026-06-13T21:02:15Z,2026-06-13T23:02:15+0200,37293abf-bd75-40d9-81b7-896ff667771a,2026-05-16T03:45:00Z,2026-05-16T05:45:00+0200,2971.66748,MW,FR,FR,forecast_onshore_wind_generation,Wind Onshore,2026-06-13T21:03:52Z
2026-06-13T21:02:15Z,2026-06-13T23:02:15+0200,37293abf-bd75-40d9-81b7-896ff667771a,2026-05-16T04:00:00Z,2026-05-16T06:00:00+0200,2978.62012,MW,FR,FR,forecast_onshore_wind_generation,Wind Onshore,2026-06-13T21:03:52Z
2026-06-13T21:02:15Z,2026-06-13T23:02:15+0200,37293abf-bd75-40d9-81b7-896ff667771a,2026-05-16T04:15:00Z,2026-05-16T06:15:00+0200,2940.20996,MW,FR,FR,forecast_onshore_wind_generation,Wind Onshore,2026-06-13T21:03:52Z
2026-06-13T21:02:15Z,2026-06-13T23:02:15+0200,37293abf-bd75-40d9-81b7-896ff667771a,2026-05-16T04:30:00Z,2026-05-16T06:30:00+0200,2901.7998,MW,FR,FR,forecast_onshore_wind_generation,Wind Onshore,2026-06-13T21:03:52Z
2026-06-13T21:02:15Z,2026-06-13T23:02:15+0200,37293abf-bd75-40d9-81b7-896ff667771a,2026-05-16T04:45:00Z,2026-05-16T06:45:00+0200,2863.39014,MW,FR,FR,forecast_onshore_wind_generation,Wind Onshore,2026-06-13T21:03:52Z
2026-06-13T21:02:15Z,2026-06-13T23:02:15+0200,37293abf-bd75-40d9-81b7-896ff667771a,2026-05-16T05:00:00Z,2026-05-16T07:00:00+0200,2824.97998,MW,FR,FR,forecast_onshore_wind_generation,Wind Onshore,2026-06-13T21:03:52Z
2026-06-13T21:02:15Z,2026-06-13T23:02:15+0200,37293abf-bd75-40d9-81b7-896ff667771a,2026-05-16T05:15:00Z,2026-05-16T07:15:00+0200,2758.89526,MW,FR,FR,forecast_onshore_wind_generation,Wind Onshore,2026-06-13T21:03:52Z
2026-06-13T21:02:15Z,2026-06-13T23:02:15+0200,37293abf-bd75-40d9-81b7-896ff667771a,2026-05-16T05:30:00Z,2026-05-16T07:30:00+0200,2692.81006,MW,FR,FR,forecast_onshore_wind_generation,Wind Onshore,2026-06-13T21:03:52Z
2026-06-13T21:02:15Z,2026-06-13T23:02:15+0200,37293abf-bd75-40d9-81b7-896ff667771a,2026-05-16T05:45:00Z,2026-05-16T07:45:00+0200,2626.7251,MW,FR,FR,forecast_onshore_wind_generation,Wind Onshore,2026-06-13T21:03:52Z
2026-06-13T21:02:15Z,2026-06-13T23:02:15+0200,37293abf-bd75-40d9-81b7-896ff667771a,2026-05-16T06:00:00Z,2026-05-16T08:00:00+0200,2560.64014,MW,FR,FR,forecast_onshore_wind_generation,Wind Onshore,2026-06-13T21:03:52Z
2026-06-13T21:02:15Z,2026-06-13T23:02:15+0200,37293abf-bd75-40d9-81b7-896ff667771a,2026-05-16T06:15:00Z,2026-05-16T08:15:00+0200,2437.79761,MW,FR,FR,forecast_onshore_wind_generation,Wind Onshore,2026-06-13T21:03:52Z
2026-06-13T21:02:15Z,2026-06-13T23:02:15+0200,37293abf-bd75-40d9-81b7-896ff667771a,2026-05-16T06:30:00Z,2026-05-16T08:30:00+0200,2314.95508,MW,FR,FR,forecast_onshore_wind_generation,Wind Onshore,2026-06-13T21:03:52Z
2026-06-13T21:02:15Z,2026-06-13T23:02:15+0200,37293abf-bd75-40d9-81b7-896ff667771a,2026-05-16T06:45:00Z,2026-05-16T08:45:00+0200,2192.11255,MW,FR,FR,forecast_onshore_wind_generation,Wind Onshore,2026-06-13T21:03:52Z
2026-06-13T21:02:15Z,2026-06-13T23:02:15+0200,37293abf-bd75-40d9-81b7-896ff667771a,2026-05-16T07:00:00Z,2026-05-16T09:00:00+0200,2069.27002,MW,FR,FR,forecast_onshore_wind_generation,Wind Onshore,2026-06-13T21:03:52Z
2026-06-13T21:02:15Z,2026-06-13T23:02:15+0200,37293abf-bd75-40d9-81b7-896ff667771a,2026-05-16T07:15:00Z,2026-05-16T09:15:00+0200,2119.30005,MW,FR,FR,forecast_onshore_wind_generation,Wind Onshore,2026-06-13T21:03:52Z
2026-06-13T21:02:15Z,2026-06-13T23:02:15+0200,37293abf-bd75-40d9-81b7-896ff667771a,2026-05-16T07:30:00Z,2026-05-16T09:30:00+0200,2169.33008,MW,FR,FR,forecast_onshore_wind_generation,Wind Onshore,2026-06-13T21:03:52Z
2026-06-13T21:02:15Z,2026-06-13T23:02:15+0200,37293abf-bd75-40d9-81b7-896ff667771a,2026-05-16T07:45:00Z,2026-05-16T09:45:00+0200,2219.36011,MW,FR,FR,forecast_onshore_wind_generation,Wind Onshore,2026-06-13T21:03:52Z
2026-06-13T21:02:15Z,2026-06-13T23:02:15+0200,37293abf-bd75-40d9-81b7-896ff667771a,2026-05-16T08:00:00Z,2026-05-16T10:00:00+0200,2269.39014,MW,FR,FR,forecast_onshore_wind_generation,Wind Onshore,2026-06-13T21:03:52Z
2026-06-13T21:02:15Z,2026-06-13T23:02:15+0200,37293abf-bd75-40d9-81b7-896ff667771a,2026-05-16T08:15:00Z,2026-05-16T10:15:00+0200,2374.75,MW,FR,FR,forecast_onshore_wind_generation,Wind Onshore,2026-06-13T21:03:52Z
2026-06-13T21:02:15Z,2026-06-13T23:02:15+0200,37293abf-bd75-40d9-81b7-896ff667771a,2026-05-16T08:30:00Z,2026-05-16T10:30:00+0200,2480.11011,MW,FR,FR,forecast_onshore_wind_generation,Wind Onshore,2026-06-13T21:03:52Z
2026-06-13T21:02:15Z,2026-06-13T23:02:15+0200,37293abf-bd75-40d9-81b7-896ff667771a,2026-05-16T08:45:00Z,2026-05-16T10:45:00+0200,2585.46997,MW,FR,FR,forecast_onshore_wind_generation,Wind Onshore,2026-06-13T21:03:52Z
2026-06-13T21:02:15Z,2026-06-13T23:02:15+0200,37293abf-bd75-40d9-81b7-896ff667771a,2026-05-16T09:00:00Z,2026-05-16T11:00:00+0200,2690.83008,MW,FR,FR,forecast_onshore_wind_generation,Wind Onshore,2026-06-13T21:03:52Z
2026-06-13T21:02:15Z,2026-06-13T23:02:15+0200,37293abf-bd75-40d9-81b7-896ff667771a,2026-05-16T09:15:00Z,2026-05-16T11:15:00+0200,2813.76245,MW,FR,FR,forecast_onshore_wind_generation,Wind Onshore,2026-06-13T21:03:52Z
2026-06-13T21:02:15Z,2026-06-13T23:02:15+0200,37293abf-bd75-40d9-81b7-896ff667771a,2026-05-16T09:30:00Z,2026-05-16T11:30:00+0200,2936.69507,MW,FR,FR,forecast_onshore_wind_generation,Wind Onshore,2026-06-13T21:03:52Z
2026-06-13T21:02:15Z,2026-06-13T23:02:15+0200,37293abf-bd75-40d9-81b7-896ff667771a,2026-05-16T09:45:00Z,2026-05-16T11:45:00+0200,3059.62744,MW,FR,FR,forecast_onshore_wind_generation,Wind Onshore,2026-06-13T21:03:52Z
2026-06-13T21:02:15Z,2026-06-13T23:02:15+0200,37293abf-bd75-40d9-81b7-896ff667771a,2026-05-16T10:00:00Z,2026-05-16T12:00:00+0200,3182.56006,MW,FR,FR,forecast_onshore_wind_generation,Wind Onshore,2026-06-13T21:03:52Z
2026-06-13T21:02:15Z,2026-06-13T23:02:15+0200,37293abf-bd75-40d9-81b7-896ff667771a,2026-05-16T10:15:00Z,2026-05-16T12:15:00+0200,3275.3374,MW,FR,FR,forecast_onshore_wind_generation,Wind Onshore,2026-06-13T21:03:52Z
2026-06-13T21:02:15Z,2026-06-13T23:02:15+0200,37293abf-bd75-40d9-81b7-896ff667771a,2026-05-16T10:30:00Z,2026-05-16T12:30:00+0200,3368.11475,MW,FR,FR,forecast_onshore_wind_generation,Wind Onshore,2026-06-13T21:03:52Z
2026-06-13T21:02:15Z,2026-06-13T23:02:15+0200,37293abf-bd75-40d9-81b7-896ff667771a,2026-05-16T10:45:00Z,2026-05-16T12:45:00+0200,3460.64746,MW,FR,FR,forecast_onshore_wind_generation,Wind Onshore,2026-06-13T21:03:52Z
2026-06-13T21:02:15Z,2026-06-13T23:02:15+0200,37293abf-bd75-40d9-81b7-896ff667771a,2026-05-16T11:00:00Z,2026-05-16T13:00:00+0200,2168.3313,MW,FR,FR,forecast_onshore_wind_generation,Wind Onshore,2026-06-13T21:03:52Z
2026-06-13T21:02:15Z,2026-06-13T23:02:15+0200,37293abf-bd75-40d9-81b7-896ff667771a,2026-05-16T11:15:00Z,2026-05-16T13:15:00+0200,2227.15918,MW,FR,FR,forecast_onshore_wind_generation,Wind Onshore,2026-06-13T21:03:52Z
2026-06-13T21:02:15Z,2026-06-13T23:02:15+0200,37293abf-bd75-40d9-81b7-896ff667771a,2026-05-16T11:30:00Z,2026-05-16T13:30:00+0200,2285.98853,MW,FR,FR,forecast_onshore_wind_generation,Wind Onshore,2026-06-13T21:03:52Z
2026-06-13T21:02:15Z,2026-06-13T23:02:15+0200,37293abf-bd75-40d9-81b7-896ff667771a,2026-05-16T11:45:00Z,2026-05-16T13:45:00+0200,2344.82056,MW,FR,FR,forecast_onshore_wind_generation,Wind Onshore,2026-06-13T21:03:52Z
2026-06-13T21:02:15Z,2026-06-13T23:02:15+0200,37293abf-bd75-40d9-81b7-896ff667771a,2026-05-16T12:00:00Z,2026-05-16T14:00:00+0200,2403.66016,MW,FR,FR,forecast_onshore_wind_generation,Wind Onshore,2026-06-13T21:03:52Z
2026-06-13T21:02:15Z,2026-06-13T23:02:15+0200,37293abf-bd75-40d9-81b7-896ff667771a,2026-05-16T12:15:00Z,2026-05-16T14:15:00+0200,2224.84131,MW,FR,FR,forecast_onshore_wind_generation,Wind Onshore,2026-06-13T21:03:52Z
2026-06-13T21:02:15Z,2026-06-13T23:02:15+0200,37293abf-bd75-40d9-81b7-896ff667771a,2026-05-16T12:30:00Z,2026-05-16T14:30:00+0200,2289.27954,MW,FR,FR,forecast_onshore_wind_generation,Wind Onshore,2026-06-13T21:03:52Z
2026-06-13T21:02:15Z,2026-06-13T23:02:15+0200,37293abf-bd75-40d9-81b7-896ff667771a,2026-05-16T12:45:00Z,2026-05-16T14:45:00+0200,2353.72168,MW,FR,FR,forecast_onshore_wind_generation,Wind Onshore,2026-06-13T21:03:52Z
2026-06-13T21:02:15Z,2026-06-13T23:02:15+0200,37293abf-bd75-40d9-81b7-896ff667771a,2026-05-16T13:00:00Z,2026-05-16T15:00:00+0200,2418.16064,MW,FR,FR,forecast_onshore_wind_generation,Wind Onshore,2026-06-13T21:03:52Z
2026-06-13T21:02:15Z,2026-06-13T23:02:15+0200,37293abf-bd75-40d9-81b7-896ff667771a,2026-05-16T13:15:00Z,2026-05-16T15:15:00+0200,2726.55542,MW,FR,FR,forecast_onshore_wind_generation,Wind Onshore,2026-06-13T21:03:52Z
2026-06-13T21:02:15Z,2026-06-13T23:02:15+0200,37293abf-bd75-40d9-81b7-896ff667771a,2026-05-16T13:30:00Z,2026-05-16T15:30:00+0200,2784.58496,MW,FR,FR,forecast_onshore_wind_generation,Wind Onshore,2026-06-13T21:03:52Z
2026-06-13T21:02:15Z,2026-06-13T23:02:15+0200,37293abf-bd75-40d9-81b7-896ff667771a,2026-05-16T13:45:00Z,2026-05-16T15:45:00+0200,2842.61133,MW,FR,FR,forecast_onshore_wind_generation,Wind Onshore,2026-06-13T21:03:52Z
2026-06-13T21:02:15Z,2026-06-13T23:02:15+0200,37293abf-bd75-40d9-81b7-896ff667771a,2026-05-16T14:00:00Z,2026-05-16T16:00:00+0200,2900.63818,MW,FR,FR,forecast_onshore_wind_generation,Wind Onshore,2026-06-13T21:03:52Z
2026-06-13T21:02:15Z,2026-06-13T23:02:15+0200,37293abf-bd75-40d9-81b7-896ff667771a,2026-05-16T14:15:00Z,2026-05-16T16:15:00+0200,2941.89941,MW,FR,FR,forecast_onshore_wind_generation,Wind Onshore,2026-06-13T21:03:52Z
2026-06-13T21:02:15Z,2026-06-13T23:02:15+0200,37293abf-bd75-40d9-81b7-896ff667771a,2026-05-16T14:30:00Z,2026-05-16T16:30:00+0200,2983.16138,MW,FR,FR,forecast_onshore_wind_generation,Wind Onshore,2026-06-13T21:03:52Z
2026-06-13T21:02:15Z,2026-06-13T23:02:15+0200,37293abf-bd75-40d9-81b7-896ff667771a,2026-05-16T14:45:00Z,2026-05-16T16:45:00+0200,3024.41895,MW,FR,FR,forecast_onshore_wind_generation,Wind Onshore,2026-06-13T21:03:52Z
2026-06-13T21:02:15Z,2026-06-13T23:02:15+0200,37293abf-bd75-40d9-81b7-896ff667771a,2026-05-16T15:00:00Z,2026-05-16T17:00:00+0200,3065.67847,MW,FR,FR,forecast_onshore_wind_generation,Wind Onshore,2026-06-13T21:03:52Z
2026-06-13T21:02:15Z,2026-06-13T23:02:15+0200,37293abf-bd75-40d9-81b7-896ff667771a,2026-05-16T15:15:00Z,2026-05-16T17:15:00+0200,3037.29736,MW,FR,FR,forecast_onshore_wind_generation,Wind Onshore,2026-06-13T21:03:52Z
2026-06-13T21:02:15Z,2026-06-13T23:02:15+0200,37293abf-bd75-40d9-81b7-896ff667771a,2026-05-16T15:30:00Z,2026-05-16T17:30:00+0200,3008.91089,MW,FR,FR,forecast_onshore_wind_generation,Wind Onshore,2026-06-13T21:03:52Z
2026-06-13T21:02:15Z,2026-06-13T23:02:15+0200,37293abf-bd75-40d9-81b7-896ff667771a,2026-05-16T15:45:00Z,2026-05-16T17:45:00+0200,4895.50342,MW,FR,FR,forecast_onshore_wind_generation,Wind Onshore,2026-06-13T21:03:52Z
2026-06-13T21:02:15Z,2026-06-13T23:02:15+0200,37293abf-bd75-40d9-81b7-896ff667771a,2026-05-16T16:00:00Z,2026-05-16T18:00:00+0200,4861.79004,MW,FR,FR,forecast_onshore_wind_generation,Wind Onshore,2026-06-13T21:03:52Z
2026-06-13T21:02:15Z,2026-06-13T23:02:15+0200,37293abf-bd75-40d9-81b7-896ff667771a,2026-05-16T16:15:00Z,2026-05-16T18:15:00+0200,4738.16016,MW,FR,FR,forecast_onshore_wind_generation,Wind Onshore,2026-06-13T21:03:52Z
2026-06-13T21:02:15Z,2026-06-13T23:02:15+0200,37293abf-bd75-40d9-81b7-896ff667771a,2026-05-16T16:30:00Z,2026-05-16T18:30:00+0200,4614.52979,MW,FR,FR,forecast_onshore_wind_generation,Wind Onshore,2026-06-13T21:03:52Z
2026-06-13T21:02:15Z,2026-06-13T23:02:15+0200,37293abf-bd75-40d9-81b7-896ff667771a,2026-05-16T16:45:00Z,2026-05-16T18:45:00+0200,4490.8999,MW,FR,FR,forecast_onshore_wind_generation,Wind Onshore,2026-06-13T21:03:52Z
2026-06-13T21:02:15Z,2026-06-13T23:02:15+0200,37293abf-bd75-40d9-81b7-896ff667771a,2026-05-16T17:00:00Z,2026-05-16T19:00:00+0200,4367.26953,MW,FR,FR,forecast_onshore_wind_generation,Wind Onshore,2026-06-13T21:03:52Z
2026-06-13T21:02:15Z,2026-06-13T23:02:15+0200,37293abf-bd75-40d9-81b7-896ff667771a,2026-05-16T17:15:00Z,2026-05-16T19:15:00+0200,4234.82715,MW,FR,FR,forecast_onshore_wind_generation,Wind Onshore,2026-06-13T21:03:52Z
2026-06-13T21:02:15Z,2026-06-13T23:02:15+0200,37293abf-bd75-40d9-81b7-896ff667771a,2026-05-16T17:30:00Z,2026-05-16T19:30:00+0200,4102.38477,MW,FR,FR,forecast_onshore_wind_generation,Wind Onshore,2026-06-13T21:03:52Z
2026-06-13T21:02:15Z,2026-06-13T23:02:15+0200,37293abf-bd75-40d9-81b7-896ff667771a,2026-05-16T17:45:00Z,2026-05-16T19:45:00+0200,3969.94263,MW,FR,FR,forecast_onshore_wind_generation,Wind Onshore,2026-06-13T21:03:52Z
2026-06-13T21:02:15Z,2026-06-13T23:02:15+0200,37293abf-bd75-40d9-81b7-896ff667771a,2026-05-16T18:00:00Z,2026-05-16T20:00:00+0200,3837.5,MW,FR,FR,forecast_onshore_wind_generation,Wind Onshore,2026-06-13T21:03:52Z
2026-06-13T21:02:15Z,2026-06-13T23:02:15+0200,37293abf-bd75-40d9-81b7-896ff667771a,2026-05-16T18:15:00Z,2026-05-16T20:15:00+0200,3767.54736,MW,FR,FR,forecast_onshore_wind_generation,Wind Onshore,2026-06-13T21:03:52Z
2026-06-13T21:02:15Z,2026-06-13T23:02:15+0200,37293abf-bd75-40d9-81b7-896ff667771a,2026-05-16T18:30:00Z,2026-05-16T20:30:00+0200,3697.59521,MW,FR,FR,forecast_onshore_wind_generation,Wind Onshore,2026-06-13T21:03:52Z
2026-06-13T21:02:15Z,2026-06-13T23:02:15+0200,37293abf-bd75-40d9-81b7-896ff667771a,2026-05-16T18:45:00Z,2026-05-16T20:45:00+0200,3627.64258,MW,FR,FR,forecast_onshore_wind_generation,Wind Onshore,2026-06-13T21:03:52Z
2026-06-13T21:02:15Z,2026-06-13T23:02:15+0200,37293abf-bd75-40d9-81b7-896ff667771a,2026-05-16T19:00:00Z,2026-05-16T21:00:00+0200,3557.68994,MW,FR,FR,forecast_onshore_wind_generation,Wind Onshore,2026-06-13T21:03:52Z
2026-06-13T21:02:15Z,2026-06-13T23:02:15+0200,37293abf-bd75-40d9-81b7-896ff667771a,2026-05-16T19:15:00Z,2026-05-16T21:15:00+0200,3580.85229,MW,FR,FR,forecast_onshore_wind_generation,Wind Onshore,2026-06-13T21:03:52Z
2026-06-13T21:02:15Z,2026-06-13T23:02:15+0200,37293abf-bd75-40d9-81b7-896ff667771a,2026-05-16T19:30:00Z,2026-05-16T21:30:00+0200,3604.01489,MW,FR,FR,forecast_onshore_wind_generation,Wind Onshore,2026-06-13T21:03:52Z
2026-06-13T21:02:15Z,2026-06-13T23:02:15+0200,37293abf-bd75-40d9-81b7-896ff667771a,2026-05-16T19:45:00Z,2026-05-16T21:45:00+0200,3627.17725,MW,FR,FR,forecast_onshore_wind_generation,Wind Onshore,2026-06-13T21:03:52Z
2026-06-13T21:02:15Z,2026-06-13T23:02:15+0200,37293abf-bd75-40d9-81b7-896ff667771a,2026-05-16T20:00:00Z,2026-05-16T22:00:00+0200,3650.33984,MW,FR,FR,forecast_onshore_wind_generation,Wind Onshore,2026-06-13T21:03:52Z
2026-06-13T21:02:15Z,2026-06-13T23:02:15+0200,37293abf-bd75-40d9-81b7-896ff667771a,2026-05-16T20:15:00Z,2026-05-16T22:15:00+0200,3721.43262,MW,FR,FR,forecast_onshore_wind_generation,Wind Onshore,2026-06-13T21:03:52Z
2026-06-13T21:02:15Z,2026-06-13T23:02:15+0200,37293abf-bd75-40d9-81b7-896ff667771a,2026-05-16T20:30:00Z,2026-05-16T22:30:00+0200,3792.52515,MW,FR,FR,forecast_onshore_wind_generation,Wind Onshore,2026-06-13T21:03:52Z
2026-06-13T21:02:15Z,2026-06-13T23:02:15+0200,37293abf-bd75-40d9-81b7-896ff667771a,2026-05-16T20:45:00Z,2026-05-16T22:45:00+0200,3863.61743,MW,FR,FR,forecast_onshore_wind_generation,Wind Onshore,2026-06-13T21:03:52Z
2026-06-13T21:02:15Z,2026-06-13T23:02:15+0200,37293abf-bd75-40d9-81b7-896ff667771a,2026-05-16T21:00:00Z,2026-05-16T23:00:00+0200,3934.70996,MW,FR,FR,forecast_onshore_wind_generation,Wind Onshore,2026-06-13T21:03:52Z
2026-06-13T21:02:15Z,2026-06-13T23:02:15+0200,37293abf-bd75-40d9-81b7-896ff667771a,2026-05-16T21:15:00Z,2026-05-16T23:15:00+0200,3988.91016,MW,FR,FR,forecast_onshore_wind_generation,Wind Onshore,2026-06-13T21:03:52Z
2026-06-13T21:02:15Z,2026-06-13T23:02:15+0200,37293abf-bd75-40d9-81b7-896ff667771a,2026-05-16T21:30:00Z,2026-05-16T23:30:00+0200,4043.10986,MW,FR,FR,forecast_onshore_wind_generation,Wind Onshore,2026-06-13T21:03:52Z
2026-06-13T21:02:15Z,2026-06-13T23:02:15+0200,37293abf-bd75-40d9-81b7-896ff667771a,2026-05-16T21:45:00Z,2026-05-16T23:45:00+0200,4097.31006,MW,FR,FR,forecast_onshore_wind_generation,Wind Onshore,2026-06-13T21:03:52Z
2026-06-13T21:02:15Z,2026-06-13T23:02:15+0200,37293abf-bd75-40d9-81b7-896ff667771a,2026-05-16T22:00:00Z,2026-05-17T00:00:00+0200,3982.98975,MW,FR,FR,forecast_onshore_wind_generation,Wind Onshore,2026-06-13T21:03:52Z
2026-06-13T21:02:15Z,2026-06-13T23:02:15+0200,37293abf-bd75-40d9-81b7-896ff667771a,2026-05-16T22:15:00Z,2026-05-17T00:15:00+0200,3997.84521,MW,FR,FR,forecast_onshore_wind_generation,Wind Onshore,2026-06-13T21:03:52Z
2026-06-13T21:02:15Z,2026-06-13T23:02:15+0200,37293abf-bd75-40d9-81b7-896ff667771a,2026-05-16T22:30:00Z,2026-05-17T00:30:00+0200,4012.69995,MW,FR,FR,forecast_onshore_wind_generation,Wind Onshore,2026-06-13T21:03:52Z
2026-06-13T21:02:15Z,2026-06-13T23:02:15+0200,37293abf-bd75-40d9-81b7-896ff667771a,2026-05-16T22:45:00Z,2026-05-17T00:45:00+0200,4027.55493,MW,FR,FR,forecast_onshore_wind_generation,Wind Onshore,2026-06-13T21:03:52Z
2026-06-13T21:02:15Z,2026-06-13T23:02:15+0200,37293abf-bd75-40d9-81b7-896ff667771a,2026-05-16T23:00:00Z,2026-05-17T01:00:00+0200,4042.41016,MW,FR,FR,forecast_onshore_wind_generation,Wind Onshore,2026-06-13T21:03:52Z
2026-06-13T21:02:15Z,2026-06-13T23:02:15+0200,37293abf-bd75-40d9-81b7-896ff667771a,2026-05-16T23:15:00Z,2026-05-17T01:15:00+0200,3998.66772,MW,FR,FR,forecast_onshore_wind_generation,Wind Onshore,2026-06-13T21:03:52Z
2026-06-13T21:02:15Z,2026-06-13T23:02:15+0200,37293abf-bd75-40d9-81b7-896ff667771a,2026-05-16T23:30:00Z,2026-05-17T01:30:00+0200,3954.9248,MW,FR,FR,forecast_onshore_wind_generation,Wind Onshore,2026-06-13T21:03:52Z
2026-06-13T21:02:15Z,2026-06-13T23:02:15+0200,37293abf-bd75-40d9-81b7-896ff667771a,2026-05-16T23:45:00Z,2026-05-17T01:45:00+0200,3911.18237,MW,FR,FR,forecast_onshore_wind_generation,Wind Onshore,2026-06-13T21:03:52Z
2026-06-13T21:02:15Z,2026-06-13T23:02:15+0200,37293abf-bd75-40d9-81b7-896ff667771a,2026-05-17T00:00:00Z,2026-05-17T02:00:00+0200,3867.43994,MW,FR,FR,forecast_onshore_wind_generation,Wind Onshore,2026-06-13T21:03:52Z
2026-06-13T21:02:15Z,2026-06-13T23:02:15+0200,37293abf-bd75-40d9-81b7-896ff667771a,2026-05-17T00:15:00Z,2026-05-17T02:15:00+0200,3818.06274,MW,FR,FR,forecast_onshore_wind_generation,Wind Onshore,2026-06-13T21:03:52Z
2026-06-13T21:02:15Z,2026-06-13T23:02:15+0200,37293abf-bd75-40d9-81b7-896ff667771a,2026-05-17T00:30:00Z,2026-05-17T02:30:00+0200,3768.6853,MW,FR,FR,forecast_onshore_wind_generation,Wind Onshore,2026-06-13T21:03:52Z
2026-06-13T21:02:15Z,2026-06-13T23:02:15+0200,37293abf-bd75-40d9-81b7-896ff667771a,2026-05-17T00:45:00Z,2026-05-17T02:45:00+0200,3719.30762,MW,FR,FR,forecast_onshore_wind_generation,Wind Onshore,2026-06-13T21:03:52Z
2026-06-13T21:02:15Z,2026-06-13T23:02:15+0200,37293abf-bd75-40d9-81b7-896ff667771a,2026-05-17T01:00:00Z,2026-05-17T03:00:00+0200,3669.93018,MW,FR,FR,forecast_onshore_wind_generation,Wind Onshore,2026-06-13T21:03:52Z
2026-06-13T21:02:15Z,2026-06-13T23:02:15+0200,37293abf-bd75-40d9-81b7-896ff667771a,2026-05-17T01:15:00Z,2026-05-17T03:15:00+0200,3641.7854,MW,FR,FR,forecast_onshore_wind_generation,Wind Onshore,2026-06-13T21:03:52Z
2026-06-13T21:02:15Z,2026-06-13T23:02:15+0200,37293abf-bd75-40d9-81b7-896ff667771a,2026-05-17T01:30:00Z,2026-05-17T03:30:00+0200,3613.64014,MW,FR,FR,forecast_onshore_wind_generation,Wind Onshore,2026-06-13T21:03:52Z
2026-06-13T21:02:15Z,2026-06-13T23:02:15+0200,37293abf-bd75-40d9-81b7-896ff667771a,2026-05-17T01:45:00Z,2026-05-17T03:45:00+0200,3585.49512,MW,FR,FR,forecast_onshore_wind_generation,Wind Onshore,2026-06-13T21:03:52Z
2026-06-13T21:02:15Z,2026-06-13T23:02:15+0200,37293abf-bd75-40d9-81b7-896ff667771a,2026-05-17T02:00:00Z,2026-05-17T04:00:00+0200,3557.3501,MW,FR,FR,forecast_onshore_wind_generation,Wind Onshore,2026-06-13T21:03:52Z
2026-06-13T21:02:15Z,2026-06-13T23:02:15+0200,37293abf-bd75-40d9-81b7-896ff667771a,2026-05-17T02:15:00Z,2026-05-17T04:15:00+0200,3545.77002,MW,FR,FR,forecast_onshore_wind_generation,Wind Onshore,2026-06-13T21:03:52Z
2026-06-13T21:02:15Z,2026-06-13T23:02:15+0200,37293abf-bd75-40d9-81b7-896ff667771a,2026-05-17T02:30:00Z,2026-05-17T04:30:00+0200,3534.18994,MW,FR,FR,forecast_onshore_wind_generation,Wind Onshore,2026-06-13T21:03:52Z
2026-06-13T21:02:15Z,2026-06-13T23:02:15+0200,37293abf-bd75-40d9-81b7-896ff667771a,2026-05-17T02:45:00Z,2026-05-17T04:45:00+0200,3522.61011,MW,FR,FR,forecast_onshore_wind_generation,Wind Onshore,2026-06-13T21:03:52Z
2026-06-13T21:02:15Z,2026-06-13T23:02:15+0200,37293abf-bd75-40d9-81b7-896ff667771a,2026-05-17T03:00:00Z,2026-05-17T05:00:00+0200,3511.02979,MW,FR,FR,forecast_onshore_wind_generation,Wind Onshore,2026-06-13T21:03:52Z
2026-06-13T21:02:15Z,2026-06-13T23:02:15+0200,37293abf-bd75-40d9-81b7-896ff667771a,2026-05-17T03:15:00Z,2026-05-17T05:15:00+0200,3505.16992,MW,FR,FR,forecast_onshore_wind_generation,Wind Onshore,2026-06-13T21:03:52Z
2026-06-13T21:02:15Z,2026-06-13T23:02:15+0200,37293abf-bd75-40d9-81b7-896ff667771a,2026-05-17T03:30:00Z,2026-05-17T05:30:00+0200,3499.31006,MW,FR,FR,forecast_onshore_wind_generation,Wind Onshore,2026-06-13T21:03:52Z
2026-06-13T21:02:15Z,2026-06-13T23:02:15+0200,37293abf-bd75-40d9-81b7-896ff667771a,2026-05-17T03:45:00Z,2026-05-17T05:45:00+0200,3493.4502,MW,FR,FR,forecast_onshore_wind_generation,Wind Onshore,2026-06-13T21:03:52Z
2026-06-13T21:02:15Z,2026-06-13T23:02:15+0200,37293abf-bd75-40d9-81b7-896ff667771a,2026-05-17T04:00:00Z,2026-05-17T06:00:00+0200,3487.59033,MW,FR,FR,forecast_onshore_wind_generation,Wind Onshore,2026-06-13T21:03:52Z
2026-06-13T21:02:15Z,2026-06-13T23:02:15+0200,37293abf-bd75-40d9-81b7-896ff667771a,2026-05-17T04:15:00Z,2026-05-17T06:15:00+0200,3469.96533,MW,FR,FR,forecast_onshore_wind_generation,Wind Onshore,2026-06-13T21:03:52Z
2026-06-13T21:02:15Z,2026-06-13T23:02:15+0200,37293abf-bd75-40d9-81b7-896ff667771a,2026-05-17T04:30:00Z,2026-05-17T06:30:00+0200,3452.34009,MW,FR,FR,forecast_onshore_wind_generation,Wind Onshore,2026-06-13T21:03:52Z
2026-06-13T21:02:15Z,2026-06-13T23:02:15+0200,37293abf-bd75-40d9-81b7-896ff667771a,2026-05-17T04:45:00Z,2026-05-17T06:45:00+0200,3434.71484,MW,FR,FR,forecast_onshore_wind_generation,Wind Onshore,2026-06-13T21:03:52Z
2026-06-13T21:02:15Z,2026-06-13T23:02:15+0200,37293abf-bd75-40d9-81b7-896ff667771a,2026-05-17T05:00:00Z,2026-05-17T07:00:00+0200,3417.08984,MW,FR,FR,forecast_onshore_wind_generation,Wind Onshore,2026-06-13T21:03:52Z
2026-06-13T21:02:15Z,2026-06-13T23:02:15+0200,37293abf-bd75-40d9-81b7-896ff667771a,2026-05-17T05:15:00Z,2026-05-17T07:15:00+0200,3381.65015,MW,FR,FR,forecast_onshore_wind_generation,Wind Onshore,2026-06-13T21:03:52Z
2026-06-13T21:02:15Z,2026-06-13T23:02:15+0200,37293abf-bd75-40d9-81b7-896ff667771a,2026-05-17T05:30:00Z,2026-05-17T07:30:00+0200,3346.20996,MW,FR,FR,forecast_onshore_wind_generation,Wind Onshore,2026-06-13T21:03:52Z
2026-06-13T21:02:15Z,2026-06-13T23:02:15+0200,37293abf-bd75-40d9-81b7-896ff667771a,2026-05-17T05:45:00Z,2026-05-17T07:45:00+0200,3310.77002,MW,FR,FR,forecast_onshore_wind_generation,Wind Onshore,2026-06-13T21:03:52Z
2026-06-13T21:02:15Z,2026-06-13T23:02:15+0200,37293abf-bd75-40d9-81b7-896ff667771a,2026-05-17T06:00:00Z,2026-05-17T08:00:00+0200,3275.33008,MW,FR,FR,forecast_onshore_wind_generation,Wind Onshore,2026-06-13T21:03:52Z
2026-06-13T21:02:15Z,2026-06-13T23:02:15+0200,37293abf-bd75-40d9-81b7-896ff667771a,2026-05-17T06:15:00Z,2026-05-17T08:15:00+0200,3174.03516,MW,FR,FR,forecast_onshore_wind_generation,Wind Onshore,2026-06-13T21:03:52Z
2026-06-13T21:02:15Z,2026-06-13T23:02:15+0200,37293abf-bd75-40d9-81b7-896ff667771a,2026-05-17T06:30:00Z,2026-05-17T08:30:00+0200,3072.73999,MW,FR,FR,forecast_onshore_wind_generation,Wind Onshore,2026-06-13T21:03:52Z
2026-06-13T21:02:15Z,2026-06-13T23:02:15+0200,37293abf-bd75-40d9-81b7-896ff667771a,2026-05-17T06:45:00Z,2026-05-17T08:45:00+0200,2971.44482,MW,FR,FR,forecast_onshore_wind_generation,Wind Onshore,2026-06-13T21:03:52Z
2026-06-13T21:02:15Z,2026-06-13T23:02:15+0200,37293abf-bd75-40d9-81b7-896ff667771a,2026-05-17T07:00:00Z,2026-05-17T09:00:00+0200,2870.1499,MW,FR,FR,forecast_onshore_wind_generation,Wind Onshore,2026-06-13T21:03:52Z
2026-06-13T21:02:15Z,2026-06-13T23:02:15+0200,37293abf-bd75-40d9-81b7-896ff667771a,2026-05-17T07:15:00Z,2026-05-17T09:15:00+0200,2801.39502,MW,FR,FR,forecast_onshore_wind_generation,Wind Onshore,2026-06-13T21:03:52Z
2026-06-13T21:02:15Z,2026-06-13T23:02:15+0200,37293abf-bd75-40d9-81b7-896ff667771a,2026-05-17T07:30:00Z,2026-05-17T09:30:00+0200,2732.64014,MW,FR,FR,forecast_onshore_wind_generation,Wind Onshore,2026-06-13T21:03:52Z
2026-06-13T21:02:15Z,2026-06-13T23:02:15+0200,37293abf-bd75-40d9-81b7-896ff667771a,2026-05-17T07:45:00Z,2026-05-17T09:45:00+0200,2663.88501,MW,FR,FR,forecast_onshore_wind_generation,Wind Onshore,2026-06-13T21:03:52Z
2026-06-13T21:02:15Z,2026-06-13T23:02:15+0200,37293abf-bd75-40d9-81b7-896ff667771a,2026-05-17T08:00:00Z,2026-05-17T10:00:00+0200,2595.13013,MW,FR,FR,forecast_onshore_wind_generation,Wind Onshore,2026-06-13T21:03:52Z
2026-06-13T21:02:15Z,2026-06-13T23:02:15+0200,37293abf-bd75-40d9-81b7-896ff667771a,2026-05-17T08:15:00Z,2026-05-17T10:15:00+0200,2542.0625,MW,FR,FR,forecast_onshore_wind_generation,Wind Onshore,2026-06-13T21:03:52Z
2026-06-13T21:02:15Z,2026-06-13T23:02:15+0200,37293abf-bd75-40d9-81b7-896ff667771a,2026-05-17T08:30:00Z,2026-05-17T10:30:00+0200,2488.99487,MW,FR,FR,forecast_onshore_wind_generation,Wind Onshore,2026-06-13T21:03:52Z
2026-06-13T21:02:15Z,2026-06-13T23:02:15+0200,37293abf-bd75-40d9-81b7-896ff667771a,2026-05-17T08:45:00Z,2026-05-17T10:45:00+0200,2435.92749,MW,FR,FR,forecast_onshore_wind_generation,Wind Onshore,2026-06-13T21:03:52Z
2026-06-13T21:02:15Z,2026-06-13T23:02:15+0200,37293abf-bd75-40d9-81b7-896ff667771a,2026-05-17T09:00:00Z,2026-05-17T11:00:00+0200,2382.86011,MW,FR,FR,forecast_onshore_wind_generation,Wind Onshore,2026-06-13T21:03:52Z
2026-06-13T21:02:15Z,2026-06-13T23:02:15+0200,37293abf-bd75-40d9-81b7-896ff667771a,2026-05-17T09:15:00Z,2026-05-17T11:15:00+0200,2408.89014,MW,FR,FR,forecast_onshore_wind_generation,Wind Onshore,2026-06-13T21:03:52Z
2026-06-13T21:02:15Z,2026-06-13T23:02:15+0200,37293abf-bd75-40d9-81b7-896ff667771a,2026-05-17T09:30:00Z,2026-05-17T11:30:00+0200,2434.92017,MW,FR,FR,forecast_onshore_wind_generation,Wind Onshore,2026-06-13T21:03:52Z
2026-06-13T21:02:15Z,2026-06-13T23:02:15+0200,37293abf-bd75-40d9-81b7-896ff667771a,2026-05-17T09:45:00Z,2026-05-17T11:45:00+0200,2460.9502,MW,FR,FR,forecast_onshore_wind_generation,Wind Onshore,2026-06-13T21:03:52Z
2026-06-13T21:02:15Z,2026-06-13T23:02:15+0200,37293abf-bd75-40d9-81b7-896ff667771a,2026-05-17T10:00:00Z,2026-05-17T12:00:00+0200,2486.97998,MW,FR,FR,forecast_onshore_wind_generation,Wind Onshore,2026-06-13T21:03:52Z
2026-06-13T21:02:15Z,2026-06-13T23:02:15+0200,37293abf-bd75-40d9-81b7-896ff667771a,2026-05-17T10:15:00Z,2026-05-17T12:15:00+0200,2522.58496,MW,FR,FR,forecast_onshore_wind_generation,Wind Onshore,2026-06-13T21:03:52Z
2026-06-13T21:02:15Z,2026-06-13T23:02:15+0200,37293abf-bd75-40d9-81b7-896ff667771a,2026-05-17T10:30:00Z,2026-05-17T12:30:00+0200,2558.18994,MW,FR,FR,forecast_onshore_wind_generation,Wind Onshore,2026-06-13T21:03:52Z
2026-06-13T21:02:15Z,2026-06-13T23:02:15+0200,37293abf-bd75-40d9-81b7-896ff667771a,2026-05-17T10:45:00Z,2026-05-17T12:45:00+0200,2593.79492,MW,FR,FR,forecast_onshore_wind_generation,Wind Onshore,2026-06-13T21:03:52Z
2026-06-13T21:02:15Z,2026-06-13T23:02:15+0200,37293abf-bd75-40d9-81b7-896ff667771a,2026-05-17T11:00:00Z,2026-05-17T13:00:00+0200,2629.3999,MW,FR,FR,forecast_onshore_wind_generation,Wind Onshore,2026-06-13T21:03:52Z
2026-06-13T21:02:15Z,2026-06-13T23:02:15+0200,37293abf-bd75-40d9-81b7-896ff667771a,2026-05-17T11:15:00Z,2026-05-17T13:15:00+0200,2623.03491,MW,FR,FR,forecast_onshore_wind_generation,Wind Onshore,2026-06-13T21:03:52Z
2026-06-13T21:02:15Z,2026-06-13T23:02:15+0200,37293abf-bd75-40d9-81b7-896ff667771a,2026-05-17T11:30:00Z,2026-05-17T13:30:00+0200,2616.66992,MW,FR,FR,forecast_onshore_wind_generation,Wind Onshore,2026-06-13T21:03:52Z
2026-06-13T21:02:15Z,2026-06-13T23:02:15+0200,37293abf-bd75-40d9-81b7-896ff667771a,2026-05-17T11:45:00Z,2026-05-17T13:45:00+0200,2610.30493,MW,FR,FR,forecast_onshore_wind_generation,Wind Onshore,2026-06-13T21:03:52Z
2026-06-13T21:02:15Z,2026-06-13T23:02:15+0200,37293abf-bd75-40d9-81b7-896ff667771a,2026-05-17T12:00:00Z,2026-05-17T14:00:00+0200,2603.93994,MW,FR,FR,forecast_onshore_wind_generation,Wind Onshore,2026-06-13T21:03:52Z
2026-06-13T21:02:15Z,2026-06-13T23:02:15+0200,37293abf-bd75-40d9-81b7-896ff667771a,2026-05-17T12:15:00Z,2026-05-17T14:15:00+0200,2620.01489,MW,FR,FR,forecast_onshore_wind_generation,Wind Onshore,2026-06-13T21:03:52Z
2026-06-13T21:02:15Z,2026-06-13T23:02:15+0200,37293abf-bd75-40d9-81b7-896ff667771a,2026-05-17T12:30:00Z,2026-05-17T14:30:00+0200,2636.08984,MW,FR,FR,forecast_onshore_wind_generation,Wind Onshore,2026-06-13T21:03:52Z
2026-06-13T21:02:15Z,2026-06-13T23:02:15+0200,37293abf-bd75-40d9-81b7-896ff667771a,2026-05-17T12:45:00Z,2026-05-17T14:45:00+0200,2652.16504,MW,FR,FR,forecast_onshore_wind_generation,Wind Onshore,2026-06-13T21:03:52Z
2026-06-13T21:02:15Z,2026-06-13T23:02:15+0200,37293abf-bd75-40d9-81b7-896ff667771a,2026-05-17T13:00:00Z,2026-05-17T15:00:00+0200,2668.23999,MW,FR,FR,forecast_onshore_wind_generation,Wind Onshore,2026-06-13T21:03:52Z
2026-06-13T21:02:15Z,2026-06-13T23:02:15+0200,37293abf-bd75-40d9-81b7-896ff667771a,2026-05-17T13:15:00Z,2026-05-17T15:15:00+0200,2703.5127,MW,FR,FR,forecast_onshore_wind_generation,Wind Onshore,2026-06-13T21:03:52Z
2026-06-13T21:02:15Z,2026-06-13T23:02:15+0200,37293abf-bd75-40d9-81b7-896ff667771a,2026-05-17T13:30:00Z,2026-05-17T15:30:00+0200,2738.78516,MW,FR,FR,forecast_onshore_wind_generation,Wind Onshore,2026-06-13T21:03:52Z
2026-06-13T21:02:15Z,2026-06-13T23:02:15+0200,37293abf-bd75-40d9-81b7-896ff667771a,2026-05-17T13:45:00Z,2026-05-17T15:45:00+0200,2774.05737,MW,FR,FR,forecast_onshore_wind_generation,Wind Onshore,2026-06-13T21:03:52Z
2026-06-13T21:02:15Z,2026-06-13T23:02:15+0200,37293abf-bd75-40d9-81b7-896ff667771a,2026-05-17T14:00:00Z,2026-05-17T16:00:00+0200,2809.33008,MW,FR,FR,forecast_onshore_wind_generation,Wind Onshore,2026-06-13T21:03:52Z
2026-06-13T21:02:15Z,2026-06-13T23:02:15+0200,37293abf-bd75-40d9-81b7-896ff667771a,2026-05-17T14:15:00Z,2026-05-17T16:15:00+0200,2799.55273,MW,FR,FR,forecast_onshore_wind_generation,Wind Onshore,2026-06-13T21:03:52Z
2026-06-13T21:02:15Z,2026-06-13T23:02:15+0200,37293abf-bd75-40d9-81b7-896ff667771a,2026-05-17T14:30:00Z,2026-05-17T16:30:00+0200,2789.7749,MW,FR,FR,forecast_onshore_wind_generation,Wind Onshore,2026-06-13T21:03:52Z
2026-06-13T21:02:15Z,2026-06-13T23:02:15+0200,37293abf-bd75-40d9-81b7-896ff667771a,2026-05-17T14:45:00Z,2026-05-17T16:45:00+0200,2779.99756,MW,FR,FR,forecast_onshore_wind_generation,Wind Onshore,2026-06-13T21:03:52Z
2026-06-13T21:02:15Z,2026-06-13T23:02:15+0200,37293abf-bd75-40d9-81b7-896ff667771a,2026-05-17T15:00:00Z,2026-05-17T17:00:00+0200,2770.22021,MW,FR,FR,forecast_onshore_wind_generation,Wind Onshore,2026-06-13T21:03:52Z
2026-06-13T21:02:15Z,2026-06-13T23:02:15+0200,37293abf-bd75-40d9-81b7-896ff667771a,2026-05-17T15:15:00Z,2026-05-17T17:15:00+0200,2700.23267,MW,FR,FR,forecast_onshore_wind_generation,Wind Onshore,2026-06-13T21:03:52Z
2026-06-13T21:02:15Z,2026-06-13T23:02:15+0200,37293abf-bd75-40d9-81b7-896ff667771a,2026-05-17T15:30:00Z,2026-05-17T17:30:00+0200,2630.24512,MW,FR,FR,forecast_onshore_wind_generation,Wind Onshore,2026-06-13T21:03:52Z
2026-06-13T21:02:15Z,2026-06-13T23:02:15+0200,37293abf-bd75-40d9-81b7-896ff667771a,2026-05-17T15:45:00Z,2026-05-17T17:45:00+0200,2560.25732,MW,FR,FR,forecast_onshore_wind_generation,Wind Onshore,2026-06-13T21:03:52Z
2026-06-13T21:02:15Z,2026-06-13T23:02:15+0200,37293abf-bd75-40d9-81b7-896ff667771a,2026-05-17T16:00:00Z,2026-05-17T18:00:00+0200,2490.27002,MW,FR,FR,forecast_onshore_wind_generation,Wind Onshore,2026-06-13T21:03:52Z
2026-06-13T21:02:15Z,2026-06-13T23:02:15+0200,37293abf-bd75-40d9-81b7-896ff667771a,2026-05-17T16:15:00Z,2026-05-17T18:15:00+0200,2438.70508,MW,FR,FR,forecast_onshore_wind_generation,Wind Onshore,2026-06-13T21:03:52Z
2026-06-13T21:02:15Z,2026-06-13T23:02:15+0200,37293abf-bd75-40d9-81b7-896ff667771a,2026-05-17T16:30:00Z,2026-05-17T18:30:00+0200,2387.14014,MW,FR,FR,forecast_onshore_wind_generation,Wind Onshore,2026-06-13T21:03:52Z
2026-06-13T21:02:15Z,2026-06-13T23:02:15+0200,37293abf-bd75-40d9-81b7-896ff667771a,2026-05-17T16:45:00Z,2026-05-17T18:45:00+0200,2335.57495,MW,FR,FR,forecast_onshore_wind_generation,Wind Onshore,2026-06-13T21:03:52Z
2026-06-13T21:02:15Z,2026-06-13T23:02:15+0200,37293abf-bd75-40d9-81b7-896ff667771a,2026-05-17T17:00:00Z,2026-05-17T19:00:00+0200,2284.01001,MW,FR,FR,forecast_onshore_wind_generation,Wind Onshore,2026-06-13T21:03:52Z
2026-06-13T21:02:15Z,2026-06-13T23:02:15+0200,37293abf-bd75-40d9-81b7-896ff667771a,2026-05-17T17:15:00Z,2026-05-17T19:15:00+0200,2226.37769,MW,FR,FR,forecast_onshore_wind_generation,Wind Onshore,2026-06-13T21:03:52Z
2026-06-13T21:02:15Z,2026-06-13T23:02:15+0200,37293abf-bd75-40d9-81b7-896ff667771a,2026-05-17T17:30:00Z,2026-05-17T19:30:00+0200,2168.74512,MW,FR,FR,forecast_onshore_wind_generation,Wind Onshore,2026-06-13T21:03:52Z
2026-06-13T21:02:15Z,2026-06-13T23:02:15+0200,37293abf-bd75-40d9-81b7-896ff667771a,2026-05-17T17:45:00Z,2026-05-17T19:45:00+0200,2111.1123,MW,FR,FR,forecast_onshore_wind_generation,Wind Onshore,2026-06-13T21:03:52Z
2026-06-13T21:02:15Z,2026-06-13T23:02:15+0200,37293abf-bd75-40d9-81b7-896ff667771a,2026-05-17T18:00:00Z,2026-05-17T20:00:00+0200,2053.47998,MW,FR,FR,forecast_onshore_wind_generation,Wind Onshore,2026-06-13T21:03:52Z
2026-06-13T21:02:15Z,2026-06-13T23:02:15+0200,37293abf-bd75-40d9-81b7-896ff667771a,2026-05-17T18:15:00Z,2026-05-17T20:15:00+0200,2013.43018,MW,FR,FR,forecast_onshore_wind_generation,Wind Onshore,2026-06-13T21:03:52Z
2026-06-13T21:02:15Z,2026-06-13T23:02:15+0200,37293abf-bd75-40d9-81b7-896ff667771a,2026-05-17T18:30:00Z,2026-05-17T20:30:00+0200,1973.38013,MW,FR,FR,forecast_onshore_wind_generation,Wind Onshore,2026-06-13T21:03:52Z
2026-06-13T21:02:15Z,2026-06-13T23:02:15+0200,37293abf-bd75-40d9-81b7-896ff667771a,2026-05-17T18:45:00Z,2026-05-17T20:45:00+0200,1933.32996,MW,FR,FR,forecast_onshore_wind_generation,Wind Onshore,2026-06-13T21:03:52Z
2026-06-13T21:02:15Z,2026-06-13T23:02:15+0200,37293abf-bd75-40d9-81b7-896ff667771a,2026-05-17T19:00:00Z,2026-05-17T21:00:00+0200,1893.28003,MW,FR,FR,forecast_onshore_wind_generation,Wind Onshore,2026-06-13T21:03:52Z
2026-06-13T21:02:15Z,2026-06-13T23:02:15+0200,37293abf-bd75-40d9-81b7-896ff667771a,2026-05-17T19:15:00Z,2026-05-17T21:15:00+0200,1975.55005,MW,FR,FR,forecast_onshore_wind_generation,Wind Onshore,2026-06-13T21:03:52Z
2026-06-13T21:02:15Z,2026-06-13T23:02:15+0200,37293abf-bd75-40d9-81b7-896ff667771a,2026-05-17T19:30:00Z,2026-05-17T21:30:00+0200,2057.82007,MW,FR,FR,forecast_onshore_wind_generation,Wind Onshore,2026-06-13T21:03:52Z
2026-06-13T21:02:15Z,2026-06-13T23:02:15+0200,37293abf-bd75-40d9-81b7-896ff667771a,2026-05-17T19:45:00Z,2026-05-17T21:45:00+0200,2140.09009,MW,FR,FR,forecast_onshore_wind_generation,Wind Onshore,2026-06-13T21:03:52Z
2026-06-13T21:02:15Z,2026-06-13T23:02:15+0200,37293abf-bd75-40d9-81b7-896ff667771a,2026-05-17T20:00:00Z,2026-05-17T22:00:00+0200,2222.35986,MW,FR,FR,forecast_onshore_wind_generation,Wind Onshore,2026-06-13T21:03:52Z
2026-06-13T21:02:15Z,2026-06-13T23:02:15+0200,37293abf-bd75-40d9-81b7-896ff667771a,2026-05-17T20:15:00Z,2026-05-17T22:15:00+0200,2301.75513,MW,FR,FR,forecast_onshore_wind_generation,Wind Onshore,2026-06-13T21:03:52Z
2026-06-13T21:02:15Z,2026-06-13T23:02:15+0200,37293abf-bd75-40d9-81b7-896ff667771a,2026-05-17T20:30:00Z,2026-05-17T22:30:00+0200,2381.15015,MW,FR,FR,forecast_onshore_wind_generation,Wind Onshore,2026-06-13T21:03:52Z
2026-06-13T21:02:15Z,2026-06-13T23:02:15+0200,37293abf-bd75-40d9-81b7-896ff667771a,2026-05-17T20:45:00Z,2026-05-17T22:45:00+0200,2460.54492,MW,FR,FR,forecast_onshore_wind_generation,Wind Onshore,2026-06-13T21:03:52Z
2026-06-13T21:02:15Z,2026-06-13T23:02:15+0200,37293abf-bd75-40d9-81b7-896ff667771a,2026-05-17T21:00:00Z,2026-05-17T23:00:00+0200,2539.94019,MW,FR,FR,forecast_onshore_wind_generation,Wind Onshore,2026-06-13T21:03:52Z
2026-06-13T21:02:15Z,2026-06-13T23:02:15+0200,37293abf-bd75-40d9-81b7-896ff667771a,2026-05-17T21:15:00Z,2026-05-17T23:15:00+0200,2634.06494,MW,FR,FR,forecast_onshore_wind_generation,Wind Onshore,2026-06-13T21:03:52Z
2026-06-13T21:02:15Z,2026-06-13T23:02:15+0200,37293abf-bd75-40d9-81b7-896ff667771a,2026-05-17T21:30:00Z,2026-05-17T23:30:00+0200,2728.18994,MW,FR,FR,forecast_onshore_wind_generation,Wind Onshore,2026-06-13T21:03:52Z
2026-06-13T21:02:15Z,2026-06-13T23:02:15+0200,37293abf-bd75-40d9-81b7-896ff667771a,2026-05-17T21:45:00Z,2026-05-17T23:45:00+0200,2822.31494,MW,FR,FR,forecast_onshore_wind_generation,Wind Onshore,2026-06-13T21:03:52Z
2026-06-13T21:02:15Z,2026-06-13T23:02:15+0200,37293abf-bd75-40d9-81b7-896ff667771a,2026-05-17T22:00:00Z,2026-05-18T00:00:00+0200,2975.48999,MW,FR,FR,forecast_onshore_wind_generation,Wind Onshore,2026-06-13T21:03:52Z
2026-06-13T21:02:15Z,2026-06-13T23:02:15+0200,37293abf-bd75-40d9-81b7-896ff667771a,2026-05-17T22:15:00Z,2026-05-18T00:15:00+0200,3008.41016,MW,FR,FR,forecast_onshore_wind_generation,Wind Onshore,2026-06-13T21:03:52Z
2026-06-13T21:02:15Z,2026-06-13T23:02:15+0200,37293abf-bd75-40d9-81b7-896ff667771a,2026-05-17T22:30:00Z,2026-05-18T00:30:00+0200,3041.32983,MW,FR,FR,forecast_onshore_wind_generation,Wind Onshore,2026-06-13T21:03:52Z
2026-06-13T21:02:15Z,2026-06-13T23:02:15+0200,37293abf-bd75-40d9-81b7-896ff667771a,2026-05-17T22:45:00Z,2026-05-18T00:45:00+0200,3074.25,MW,FR,FR,forecast_onshore_wind_generation,Wind Onshore,2026-06-13T21:03:52Z
2026-06-13T21:02:15Z,2026-06-13T23:02:15+0200,37293abf-bd75-40d9-81b7-896ff667771a,2026-05-17T23:00:00Z,2026-05-18T01:00:00+0200,3107.16992,MW,FR,FR,forecast_onshore_wind_generation,Wind Onshore,2026-06-13T21:03:52Z
2026-06-13T21:02:15Z,2026-06-13T23:02:15+0200,37293abf-bd75-40d9-81b7-896ff667771a,2026-05-17T23:15:00Z,2026-05-18T01:15:00+0200,3123.32007,MW,FR,FR,forecast_onshore_wind_generation,Wind Onshore,2026-06-13T21:03:52Z
2026-06-13T21:02:15Z,2026-06-13T23:02:15+0200,37293abf-bd75-40d9-81b7-896ff667771a,2026-05-17T23:30:00Z,2026-05-18T01:30:00+0200,3139.46997,MW,FR,FR,forecast_onshore_wind_generation,Wind Onshore,2026-06-13T21:03:52Z
2026-06-13T21:02:15Z,2026-06-13T23:02:15+0200,37293abf-bd75-40d9-81b7-896ff667771a,2026-05-17T23:45:00Z,2026-05-18T01:45:00+0200,3155.61987,MW,FR,FR,forecast_onshore_wind_generation,Wind Onshore,2026-06-13T21:03:52Z
2026-06-13T21:02:15Z,2026-06-13T23:02:15+0200,37293abf-bd75-40d9-81b7-896ff667771a,2026-05-18T00:00:00Z,2026-05-18T02:00:00+0200,3171.77002,MW,FR,FR,forecast_onshore_wind_generation,Wind Onshore,2026-06-13T21:03:52Z
2026-06-13T21:02:15Z,2026-06-13T23:02:15+0200,37293abf-bd75-40d9-81b7-896ff667771a,2026-05-18T00:15:00Z,2026-05-18T02:15:00+0200,3176.55005,MW,FR,FR,forecast_onshore_wind_generation,Wind Onshore,2026-06-13T21:03:52Z
2026-06-13T21:02:15Z,2026-06-13T23:02:15+0200,37293abf-bd75-40d9-81b7-896ff667771a,2026-05-18T00:30:00Z,2026-05-18T02:30:00+0200,3181.33008,MW,FR,FR,forecast_onshore_wind_generation,Wind Onshore,2026-06-13T21:03:52Z
2026-06-13T21:02:15Z,2026-06-13T23:02:15+0200,37293abf-bd75-40d9-81b7-896ff667771a,2026-05-18T00:45:00Z,2026-05-18T02:45:00+0200,3186.10986,MW,FR,FR,forecast_onshore_wind_generation,Wind Onshore,2026-06-13T21:03:52Z
2026-06-13T21:02:15Z,2026-06-13T23:02:15+0200,37293abf-bd75-40d9-81b7-896ff667771a,2026-05-18T01:00:00Z,2026-05-18T03:00:00+0200,3190.88989,MW,FR,FR,forecast_onshore_wind_generation,Wind Onshore,2026-06-13T21:03:52Z
2026-06-13T21:02:15Z,2026-06-13T23:02:15+0200,37293abf-bd75-40d9-81b7-896ff667771a,2026-05-18T01:15:00Z,2026-05-18T03:15:00+0200,3153.84497,MW,FR,FR,forecast_onshore_wind_generation,Wind Onshore,2026-06-13T21:03:52Z
2026-06-13T21:02:15Z,2026-06-13T23:02:15+0200,37293abf-bd75-40d9-81b7-896ff667771a,2026-05-18T01:30:00Z,2026-05-18T03:30:00+0200,3116.80005,MW,FR,FR,forecast_onshore_wind_generation,Wind Onshore,2026-06-13T21:03:52Z
2026-06-13T21:02:15Z,2026-06-13T23:02:15+0200,37293abf-bd75-40d9-81b7-896ff667771a,2026-05-18T01:45:00Z,2026-05-18T03:45:00+0200,3079.75488,MW,FR,FR,forecast_onshore_wind_generation,Wind Onshore,2026-06-13T21:03:52Z
2026-06-13T21:02:15Z,2026-06-13T23:02:15+0200,37293abf-bd75-40d9-81b7-896ff667771a,2026-05-18T02:00:00Z,2026-05-18T04:00:00+0200,3042.70996,MW,FR,FR,forecast_onshore_wind_generation,Wind Onshore,2026-06-13T21:03:52Z
2026-06-13T21:02:15Z,2026-06-13T23:02:15+0200,37293abf-bd75-40d9-81b7-896ff667771a,2026-05-18T02:15:00Z,2026-05-18T04:15:00+0200,3025.19531,MW,FR,FR,forecast_onshore_wind_generation,Wind Onshore,2026-06-13T21:03:52Z
2026-06-13T21:02:15Z,2026-06-13T23:02:15+0200,37293abf-bd75-40d9-81b7-896ff667771a,2026-05-18T02:30:00Z,2026-05-18T04:30:00+0200,3007.68018,MW,FR,FR,forecast_onshore_wind_generation,Wind Onshore,2026-06-13T21:03:52Z
2026-06-13T21:02:15Z,2026-06-13T23:02:15+0200,37293abf-bd75-40d9-81b7-896ff667771a,2026-05-18T02:45:00Z,2026-05-18T04:45:00+0200,2990.16504,MW,FR,FR,forecast_onshore_wind_generation,Wind Onshore,2026-06-13T21:03:52Z
2026-06-13T21:02:15Z,2026-06-13T23:02:15+0200,37293abf-bd75-40d9-81b7-896ff667771a,2026-05-18T03:00:00Z,2026-05-18T05:00:00+0200,2972.65015,MW,FR,FR,forecast_onshore_wind_generation,Wind Onshore,2026-06-13T21:03:52Z
2026-06-13T21:02:15Z,2026-06-13T23:02:15+0200,37293abf-bd75-40d9-81b7-896ff667771a,2026-05-18T03:15:00Z,2026-05-18T05:15:00+0200,2953.99268,MW,FR,FR,forecast_onshore_wind_generation,Wind Onshore,2026-06-13T21:03:52Z
2026-06-13T21:02:15Z,2026-06-13T23:02:15+0200,37293abf-bd75-40d9-81b7-896ff667771a,2026-05-18T03:30:00Z,2026-05-18T05:30:00+0200,2935.33521,MW,FR,FR,forecast_onshore_wind_generation,Wind Onshore,2026-06-13T21:03:52Z
2026-06-13T21:02:15Z,2026-06-13T23:02:15+0200,37293abf-bd75-40d9-81b7-896ff667771a,2026-05-18T03:45:00Z,2026-05-18T05:45:00+0200,2916.67773,MW,FR,FR,forecast_onshore_wind_generation,Wind Onshore,2026-06-13T21:03:52Z
2026-06-13T21:02:15Z,2026-06-13T23:02:15+0200,37293abf-bd75-40d9-81b7-896ff667771a,2026-05-18T04:00:00Z,2026-05-18T06:00:00+0200,2898.02002,MW,FR,FR,forecast_onshore_wind_generation,Wind Onshore,2026-06-13T21:03:52Z
2026-06-13T21:02:15Z,2026-06-13T23:02:15+0200,37293abf-bd75-40d9-81b7-896ff667771a,2026-05-18T04:15:00Z,2026-05-18T06:15:00+0200,2835.0625,MW,FR,FR,forecast_onshore_wind_generation,Wind Onshore,2026-06-13T21:03:52Z
2026-06-13T21:02:15Z,2026-06-13T23:02:15+0200,37293abf-bd75-40d9-81b7-896ff667771a,2026-05-18T04:30:00Z,2026-05-18T06:30:00+0200,2772.10498,MW,FR,FR,forecast_onshore_wind_generation,Wind Onshore,2026-06-13T21:03:52Z
2026-06-13T21:02:15Z,2026-06-13T23:02:15+0200,37293abf-bd75-40d9-81b7-896ff667771a,2026-05-18T04:45:00Z,2026-05-18T06:45:00+0200,2709.14746,MW,FR,FR,forecast_onshore_wind_generation,Wind Onshore,2026-06-13T21:03:52Z
2026-06-13T21:02:15Z,2026-06-13T23:02:15+0200,37293abf-bd75-40d9-81b7-896ff667771a,2026-05-18T05:00:00Z,2026-05-18T07:00:00+0200,2646.18994,MW,FR,FR,forecast_onshore_wind_generation,Wind Onshore,2026-06-13T21:03:52Z
2026-06-13T21:02:15Z,2026-06-13T23:02:15+0200,37293abf-bd75-40d9-81b7-896ff667771a,2026-05-18T05:15:00Z,2026-05-18T07:15:00+0200,2535.69995,MW,FR,FR,forecast_onshore_wind_generation,Wind Onshore,2026-06-13T21:03:52Z
2026-06-13T21:02:15Z,2026-06-13T23:02:15+0200,37293abf-bd75-40d9-81b7-896ff667771a,2026-05-18T05:30:00Z,2026-05-18T07:30:00+0200,2425.20996,MW,FR,FR,forecast_onshore_wind_generation,Wind Onshore,2026-06-13T21:03:52Z
2026-06-13T21:02:15Z,2026-06-13T23:02:15+0200,37293abf-bd75-40d9-81b7-896ff667771a,2026-05-18T05:45:00Z,2026-05-18T07:45:00+0200,2314.71997,MW,FR,FR,forecast_onshore_wind_generation,Wind Onshore,2026-06-13T21:03:52Z
2026-06-13T21:02:15Z,2026-06-13T23:02:15+0200,37293abf-bd75-40d9-81b7-896ff667771a,2026-05-18T06:00:00Z,2026-05-18T08:00:00+0200,2204.22998,MW,FR,FR,forecast_onshore_wind_generation,Wind Onshore,2026-06-13T21:03:52Z
2026-06-13T21:02:15Z,2026-06-13T23:02:15+0200,37293abf-bd75-40d9-81b7-896ff667771a,2026-05-18T06:15:00Z,2026-05-18T08:15:00+0200,2103.33008,MW,FR,FR,forecast_onshore_wind_generation,Wind Onshore,2026-06-13T21:03:52Z
2026-06-13T21:02:15Z,2026-06-13T23:02:15+0200,37293abf-bd75-40d9-81b7-896ff667771a,2026-05-18T06:30:00Z,2026-05-18T08:30:00+0200,2002.42993,MW,FR,FR,forecast_onshore_wind_generation,Wind Onshore,2026-06-13T21:03:52Z
2026-06-13T21:02:15Z,2026-06-13T23:02:15+0200,37293abf-bd75-40d9-81b7-896ff667771a,2026-05-18T06:45:00Z,2026-05-18T08:45:00+0200,1901.53015,MW,FR,FR,forecast_onshore_wind_generation,Wind Onshore,2026-06-13T21:03:52Z
2026-06-13T21:02:15Z,2026-06-13T23:02:15+0200,37293abf-bd75-40d9-81b7-896ff667771a,2026-05-18T07:00:00Z,2026-05-18T09:00:00+0200,1800.63013,MW,FR,FR,forecast_onshore_wind_generation,Wind Onshore,2026-06-13T21:03:52Z
2026-06-13T21:02:15Z,2026-06-13T23:02:15+0200,37293abf-bd75-40d9-81b7-896ff667771a,2026-05-18T07:15:00Z,2026-05-18T09:15:00+0200,1757.2251,MW,FR,FR,forecast_onshore_wind_generation,Wind Onshore,2026-06-13T21:03:52Z
2026-06-13T21:02:15Z,2026-06-13T23:02:15+0200,37293abf-bd75-40d9-81b7-896ff667771a,2026-05-18T07:30:00Z,2026-05-18T09:30:00+0200,1713.82007,MW,FR,FR,forecast_onshore_wind_generation,Wind Onshore,2026-06-13T21:03:52Z
2026-06-13T21:02:15Z,2026-06-13T23:02:15+0200,37293abf-bd75-40d9-81b7-896ff667771a,2026-05-18T07:45:00Z,2026-05-18T09:45:00+0200,1670.41504,MW,FR,FR,forecast_onshore_wind_generation,Wind Onshore,2026-06-13T21:03:52Z
2026-06-13T21:02:15Z,2026-06-13T23:02:15+0200,37293abf-bd75-40d9-81b7-896ff667771a,2026-05-18T08:00:00Z,2026-05-18T10:00:00+0200,1627.01001,MW,FR,FR,forecast_onshore_wind_generation,Wind Onshore,2026-06-13T21:03:52Z
2026-06-13T21:02:15Z,2026-06-13T23:02:15+0200,37293abf-bd75-40d9-81b7-896ff667771a,2026-05-18T08:15:00Z,2026-05-18T10:15:00+0200,1659.59741,MW,FR,FR,forecast_onshore_wind_generation,Wind Onshore,2026-06-13T21:03:52Z
2026-06-13T21:02:15Z,2026-06-13T23:02:15+0200,37293abf-bd75-40d9-81b7-896ff667771a,2026-05-18T08:30:00Z,2026-05-18T10:30:00+0200,1692.18494,MW,FR,FR,forecast_onshore_wind_generation,Wind Onshore,2026-06-13T21:03:52Z
2026-06-13T21:02:15Z,2026-06-13T23:02:15+0200,37293abf-bd75-40d9-81b7-896ff667771a,2026-05-18T08:45:00Z,2026-05-18T10:45:00+0200,1724.77246,MW,FR,FR,forecast_onshore_wind_generation,Wind Onshore,2026-06-13T21:03:52Z
2026-06-13T21:02:15Z,2026-06-13T23:02:15+0200,37293abf-bd75-40d9-81b7-896ff667771a,2026-05-18T09:00:00Z,2026-05-18T11:00:00+0200,1757.35999,MW,FR,FR,forecast_onshore_wind_generation,Wind Onshore,2026-06-13T21:03:52Z
2026-06-13T21:02:15Z,2026-06-13T23:02:15+0200,37293abf-bd75-40d9-81b7-896ff667771a,2026-05-18T09:15:00Z,2026-05-18T11:15:00+0200,1838.54993,MW,FR,FR,forecast_onshore_wind_generation,Wind Onshore,2026-06-13T21:03:52Z
2026-06-13T21:02:15Z,2026-06-13T23:02:15+0200,37293abf-bd75-40d9-81b7-896ff667771a,2026-05-18T09:30:00Z,2026-05-18T11:30:00+0200,1919.73999,MW,FR,FR,forecast_onshore_wind_generation,Wind Onshore,2026-06-13T21:03:52Z
2026-06-13T21:02:15Z,2026-06-13T23:02:15+0200,37293abf-bd75-40d9-81b7-896ff667771a,2026-05-18T09:45:00Z,2026-05-18T11:45:00+0200,2000.92993,MW,FR,FR,forecast_onshore_wind_generation,Wind Onshore,2026-06-13T21:03:52Z
2026-06-13T21:02:15Z,2026-06-13T23:02:15+0200,37293abf-bd75-40d9-81b7-896ff667771a,2026-05-18T10:00:00Z,2026-05-18T12:00:00+0200,2082.12012,MW,FR,FR,forecast_onshore_wind_generation,Wind Onshore,2026-06-13T21:03:52Z
2026-06-13T21:02:15Z,2026-06-13T23:02:15+0200,37293abf-bd75-40d9-81b7-896ff667771a,2026-05-18T10:15:00Z,2026-05-18T12:15:00+0200,2178.54004,MW,FR,FR,forecast_onshore_wind_generation,Wind Onshore,2026-06-13T21:03:52Z
2026-06-13T21:02:15Z,2026-06-13T23:02:15+0200,37293abf-bd75-40d9-81b7-896ff667771a,2026-05-18T10:30:00Z,2026-05-18T12:30:00+0200,2274.96021,MW,FR,FR,forecast_onshore_wind_generation,Wind Onshore,2026-06-13T21:03:52Z
2026-06-13T21:02:15Z,2026-06-13T23:02:15+0200,37293abf-bd75-40d9-81b7-896ff667771a,2026-05-18T10:45:00Z,2026-05-18T12:45:00+0200,2371.38013,MW,FR,FR,forecast_onshore_wind_generation,Wind Onshore,2026-06-13T21:03:52Z
2026-06-13T21:02:15Z,2026-06-13T23:02:15+0200,37293abf-bd75-40d9-81b7-896ff667771a,2026-05-18T11:00:00Z,2026-05-18T13:00:00+0200,2467.80005,MW,FR,FR,forecast_onshore_wind_generation,Wind Onshore,2026-06-13T21:03:52Z
2026-06-13T21:02:15Z,2026-06-13T23:02:15+0200,37293abf-bd75-40d9-81b7-896ff667771a,2026-05-18T11:15:00Z,2026-05-18T13:15:00+0200,2521.27271,MW,FR,FR,forecast_onshore_wind_generation,Wind Onshore,2026-06-13T21:03:52Z
2026-06-13T21:02:15Z,2026-06-13T23:02:15+0200,37293abf-bd75-40d9-81b7-896ff667771a,2026-05-18T11:30:00Z,2026-05-18T13:30:00+0200,2574.74512,MW,FR,FR,forecast_onshore_wind_generation,Wind Onshore,2026-06-13T21:03:52Z
2026-06-13T21:02:15Z,2026-06-13T23:02:15+0200,37293abf-bd75-40d9-81b7-896ff667771a,2026-05-18T11:45:00Z,2026-05-18T13:45:00+0200,2628.21753,MW,FR,FR,forecast_onshore_wind_generation,Wind Onshore,2026-06-13T21:03:52Z
2026-06-13T21:02:15Z,2026-06-13T23:02:15+0200,37293abf-bd75-40d9-81b7-896ff667771a,2026-05-18T12:00:00Z,2026-05-18T14:00:00+0200,2681.69019,MW,FR,FR,forecast_onshore_wind_generation,Wind Onshore,2026-06-13T21:03:52Z
2026-06-13T21:02:15Z,2026-06-13T23:02:15+0200,37293abf-bd75-40d9-81b7-896ff667771a,2026-05-18T12:15:00Z,2026-05-18T14:15:00+0200,2713.02515,MW,FR,FR,forecast_onshore_wind_generation,Wind Onshore,2026-06-13T21:03:52Z
2026-06-13T21:02:15Z,2026-06-13T23:02:15+0200,37293abf-bd75-40d9-81b7-896ff667771a,2026-05-18T12:30:00Z,2026-05-18T14:30:00+0200,2744.36011,MW,FR,FR,forecast_onshore_wind_generation,Wind Onshore,2026-06-13T21:03:52Z
2026-06-13T21:02:15Z,2026-06-13T23:02:15+0200,37293abf-bd75-40d9-81b7-896ff667771a,2026-05-18T12:45:00Z,2026-05-18T14:45:00+0200,2775.69507,MW,FR,FR,forecast_onshore_wind_generation,Wind Onshore,2026-06-13T21:03:52Z
2026-06-13T21:02:15Z,2026-06-13T23:02:15+0200,37293abf-bd75-40d9-81b7-896ff667771a,2026-05-18T13:00:00Z,2026-05-18T15:00:00+0200,2807.03003,MW,FR,FR,forecast_onshore_wind_generation,Wind Onshore,2026-06-13T21:03:52Z
2026-06-13T21:02:15Z,2026-06-13T23:02:15+0200,37293abf-bd75-40d9-81b7-896ff667771a,2026-05-18T13:15:00Z,2026-05-18T15:15:00+0200,2796.69727,MW,FR,FR,forecast_onshore_wind_generation,Wind Onshore,2026-06-13T21:03:52Z
2026-06-13T21:02:15Z,2026-06-13T23:02:15+0200,37293abf-bd75-40d9-81b7-896ff667771a,2026-05-18T13:30:00Z,2026-05-18T15:30:00+0200,2786.36499,MW,FR,FR,forecast_onshore_wind_generation,Wind Onshore,2026-06-13T21:03:52Z
2026-06-13T21:02:15Z,2026-06-13T23:02:15+0200,37293abf-bd75-40d9-81b7-896ff667771a,2026-05-18T13:45:00Z,2026-05-18T15:45:00+0200,2776.03271,MW,FR,FR,forecast_onshore_wind_generation,Wind Onshore,2026-06-13T21:03:52Z
2026-06-13T21:02:15Z,2026-06-13T23:02:15+0200,37293abf-bd75-40d9-81b7-896ff667771a,2026-05-18T14:00:00Z,2026-05-18T16:00:00+0200,2765.69995,MW,FR,FR,forecast_onshore_wind_generation,Wind Onshore,2026-06-13T21:03:52Z
2026-06-13T21:02:15Z,2026-06-13T23:02:15+0200,37293abf-bd75-40d9-81b7-896ff667771a,2026-05-18T14:15:00Z,2026-05-18T16:15:00+0200,2754.69995,MW,FR,FR,forecast_onshore_wind_generation,Wind Onshore,2026-06-13T21:03:52Z
2026-06-13T21:02:15Z,2026-06-13T23:02:15+0200,37293abf-bd75-40d9-81b7-896ff667771a,2026-05-18T14:30:00Z,2026-05-18T16:30:00+0200,2743.69995,MW,FR,FR,forecast_onshore_wind_generation,Wind Onshore,2026-06-13T21:03:52Z
2026-06-13T21:02:15Z,2026-06-13T23:02:15+0200,37293abf-bd75-40d9-81b7-896ff667771a,2026-05-18T14:45:00Z,2026-05-18T16:45:00+0200,2732.69995,MW,FR,FR,forecast_onshore_wind_generation,Wind Onshore,2026-06-13T21:03:52Z
2026-06-13T21:02:15Z,2026-06-13T23:02:15+0200,37293abf-bd75-40d9-81b7-896ff667771a,2026-05-18T15:00:00Z,2026-05-18T17:00:00+0200,2721.69995,MW,FR,FR,forecast_onshore_wind_generation,Wind Onshore,2026-06-13T21:03:52Z
2026-06-13T21:02:15Z,2026-06-13T23:02:15+0200,37293abf-bd75-40d9-81b7-896ff667771a,2026-05-18T15:15:00Z,2026-05-18T17:15:00+0200,2652.26733,MW,FR,FR,forecast_onshore_wind_generation,Wind Onshore,2026-06-13T21:03:52Z
2026-06-13T21:02:15Z,2026-06-13T23:02:15+0200,37293abf-bd75-40d9-81b7-896ff667771a,2026-05-18T15:30:00Z,2026-05-18T17:30:00+0200,2582.83496,MW,FR,FR,forecast_onshore_wind_generation,Wind Onshore,2026-06-13T21:03:52Z
2026-06-13T21:02:15Z,2026-06-13T23:02:15+0200,37293abf-bd75-40d9-81b7-896ff667771a,2026-05-18T15:45:00Z,2026-05-18T17:45:00+0200,2513.40234,MW,FR,FR,forecast_onshore_wind_generation,Wind Onshore,2026-06-13T21:03:52Z
2026-06-13T21:02:15Z,2026-06-13T23:02:15+0200,37293abf-bd75-40d9-81b7-896ff667771a,2026-05-18T16:00:00Z,2026-05-18T18:00:00+0200,2443.96997,MW,FR,FR,forecast_onshore_wind_generation,Wind Onshore,2026-06-13T21:03:52Z
2026-06-13T21:02:15Z,2026-06-13T23:02:15+0200,37293abf-bd75-40d9-81b7-896ff667771a,2026-05-18T16:15:00Z,2026-05-18T18:15:00+0200,2384.26245,MW,FR,FR,forecast_onshore_wind_generation,Wind Onshore,2026-06-13T21:03:52Z
2026-06-13T21:02:15Z,2026-06-13T23:02:15+0200,37293abf-bd75-40d9-81b7-896ff667771a,2026-05-18T16:30:00Z,2026-05-18T18:30:00+0200,2324.55493,MW,FR,FR,forecast_onshore_wind_generation,Wind Onshore,2026-06-13T21:03:52Z
2026-06-13T21:02:15Z,2026-06-13T23:02:15+0200,37293abf-bd75-40d9-81b7-896ff667771a,2026-05-18T16:45:00Z,2026-05-18T18:45:00+0200,2264.84766,MW,FR,FR,forecast_onshore_wind_generation,Wind Onshore,2026-06-13T21:03:52Z
2026-06-13T21:02:15Z,2026-06-13T23:02:15+0200,37293abf-bd75-40d9-81b7-896ff667771a,2026-05-18T17:00:00Z,2026-05-18T19:00:00+0200,2205.14014,MW,FR,FR,forecast_onshore_wind_generation,Wind Onshore,2026-06-13T21:03:52Z
2026-06-13T21:02:15Z,2026-06-13T23:02:15+0200,37293abf-bd75-40d9-81b7-896ff667771a,2026-05-18T17:15:00Z,2026-05-18T19:15:00+0200,2093.92773,MW,FR,FR,forecast_onshore_wind_generation,Wind Onshore,2026-06-13T21:03:52Z
2026-06-13T21:02:15Z,2026-06-13T23:02:15+0200,37293abf-bd75-40d9-81b7-896ff667771a,2026-05-18T17:30:00Z,2026-05-18T19:30:00+0200,1982.71509,MW,FR,FR,forecast_onshore_wind_generation,Wind Onshore,2026-06-13T21:03:52Z
2026-06-13T21:02:15Z,2026-06-13T23:02:15+0200,37293abf-bd75-40d9-81b7-896ff667771a,2026-05-18T17:45:00Z,2026-05-18T19:45:00+0200,1871.50244,MW,FR,FR,forecast_onshore_wind_generation,Wind Onshore,2026-06-13T21:03:52Z
2026-06-13T21:02:15Z,2026-06-13T23:02:15+0200,37293abf-bd75-40d9-81b7-896ff667771a,2026-05-18T18:00:00Z,2026-05-18T20:00:00+0200,1760.29004,MW,FR,FR,forecast_onshore_wind_generation,Wind Onshore,2026-06-13T21:03:52Z
2026-06-13T21:02:15Z,2026-06-13T23:02:15+0200,37293abf-bd75-40d9-81b7-896ff667771a,2026-05-18T18:15:00Z,2026-05-18T20:15:00+0200,1743.74756,MW,FR,FR,forecast_onshore_wind_generation,Wind Onshore,2026-06-13T21:03:52Z
2026-06-13T21:02:15Z,2026-06-13T23:02:15+0200,37293abf-bd75-40d9-81b7-896ff667771a,2026-05-18T18:30:00Z,2026-05-18T20:30:00+0200,1727.20483,MW,FR,FR,forecast_onshore_wind_generation,Wind Onshore,2026-06-13T21:03:52Z
2026-06-13T21:02:15Z,2026-06-13T23:02:15+0200,37293abf-bd75-40d9-81b7-896ff667771a,2026-05-18T18:45:00Z,2026-05-18T20:45:00+0200,1710.66235,MW,FR,FR,forecast_onshore_wind_generation,Wind Onshore,2026-06-13T21:03:52Z
2026-06-13T21:02:15Z,2026-06-13T23:02:15+0200,37293abf-bd75-40d9-81b7-896ff667771a,2026-05-18T19:00:00Z,2026-05-18T21:00:00+0200,1694.11987,MW,FR,FR,forecast_onshore_wind_generation,Wind Onshore,2026-06-13T21:03:52Z
2026-06-13T21:02:15Z,2026-06-13T23:02:15+0200,37293abf-bd75-40d9-81b7-896ff667771a,2026-05-18T19:15:00Z,2026-05-18T21:15:00+0200,1759.23254,MW,FR,FR,forecast_onshore_wind_generation,Wind Onshore,2026-06-13T21:03:52Z
2026-06-13T21:02:15Z,2026-06-13T23:02:15+0200,37293abf-bd75-40d9-81b7-896ff667771a,2026-05-18T19:30:00Z,2026-05-18T21:30:00+0200,1824.34509,MW,FR,FR,forecast_onshore_wind_generation,Wind Onshore,2026-06-13T21:03:52Z
2026-06-13T21:02:15Z,2026-06-13T23:02:15+0200,37293abf-bd75-40d9-81b7-896ff667771a,2026-05-18T19:45:00Z,2026-05-18T21:45:00+0200,1889.4574,MW,FR,FR,forecast_onshore_wind_generation,Wind Onshore,2026-06-13T21:03:52Z
2026-06-13T21:02:15Z,2026-06-13T23:02:15+0200,37293abf-bd75-40d9-81b7-896ff667771a,2026-05-18T20:00:00Z,2026-05-18T22:00:00+0200,1954.56995,MW,FR,FR,forecast_onshore_wind_generation,Wind Onshore,2026-06-13T21:03:52Z
2026-06-13T21:02:15Z,2026-06-13T23:02:15+0200,37293abf-bd75-40d9-81b7-896ff667771a,2026-05-18T20:15:00Z,2026-05-18T22:15:00+0200,2090.63501,MW,FR,FR,forecast_onshore_wind_generation,Wind Onshore,2026-06-13T21:03:52Z
2026-06-13T21:02:15Z,2026-06-13T23:02:15+0200,37293abf-bd75-40d9-81b7-896ff667771a,2026-05-18T20:30:00Z,2026-05-18T22:30:00+0200,2226.69971,MW,FR,FR,forecast_onshore_wind_generation,Wind Onshore,2026-06-13T21:03:52Z
2026-06-13T21:02:15Z,2026-06-13T23:02:15+0200,37293abf-bd75-40d9-81b7-896ff667771a,2026-05-18T20:45:00Z,2026-05-18T22:45:00+0200,2362.76489,MW,FR,FR,forecast_onshore_wind_generation,Wind Onshore,2026-06-13T21:03:52Z
2026-06-13T21:02:15Z,2026-06-13T23:02:15+0200,37293abf-bd75-40d9-81b7-896ff667771a,2026-05-18T21:00:00Z,2026-05-18T23:00:00+0200,2498.83008,MW,FR,FR,forecast_onshore_wind_generation,Wind Onshore,2026-06-13T21:03:52Z
2026-06-13T21:02:15Z,2026-06-13T23:02:15+0200,37293abf-bd75-40d9-81b7-896ff667771a,2026-05-18T21:15:00Z,2026-05-18T23:15:00+0200,2660.91504,MW,FR,FR,forecast_onshore_wind_generation,Wind Onshore,2026-06-13T21:03:52Z
2026-06-13T21:02:15Z,2026-06-13T23:02:15+0200,37293abf-bd75-40d9-81b7-896ff667771a,2026-05-18T21:30:00Z,2026-05-18T23:30:00+0200,2823.0,MW,FR,FR,forecast_onshore_wind_generation,Wind Onshore,2026-06-13T21:03:52Z
2026-06-13T21:02:15Z,2026-06-13T23:02:15+0200,37293abf-bd75-40d9-81b7-896ff667771a,2026-05-18T21:45:00Z,2026-05-18T23:45:00+0200,2985.08472,MW,FR,FR,forecast_onshore_wind_generation,Wind Onshore,2026-06-13T21:03:52Z
2026-06-13T21:02:15Z,2026-06-13T23:02:15+0200,37293abf-bd75-40d9-81b7-896ff667771a,2026-05-18T22:00:00Z,2026-05-19T00:00:00+0200,3021.48999,MW,FR,FR,forecast_onshore_wind_generation,Wind Onshore,2026-06-13T21:03:52Z
2026-06-13T21:02:15Z,2026-06-13T23:02:15+0200,37293abf-bd75-40d9-81b7-896ff667771a,2026-05-18T22:15:00Z,2026-05-19T00:15:00+0200,3160.23975,MW,FR,FR,forecast_onshore_wind_generation,Wind Onshore,2026-06-13T21:03:52Z
2026-06-13T21:02:15Z,2026-06-13T23:02:15+0200,37293abf-bd75-40d9-81b7-896ff667771a,2026-05-18T22:30:00Z,2026-05-19T00:30:00+0200,3299.02002,MW,FR,FR,forecast_onshore_wind_generation,Wind Onshore,2026-06-13T21:03:52Z
2026-06-13T21:02:15Z,2026-06-13T23:02:15+0200,37293abf-bd75-40d9-81b7-896ff667771a,2026-05-18T22:45:00Z,2026-05-19T00:45:00+0200,3438.34033,MW,FR,FR,forecast_onshore_wind_generation,Wind Onshore,2026-06-13T21:03:52Z
2026-06-13T21:02:15Z,2026-06-13T23:02:15+0200,37293abf-bd75-40d9-81b7-896ff667771a,2026-05-18T23:00:00Z,2026-05-19T01:00:00+0200,3577.85986,MW,FR,FR,forecast_onshore_wind_generation,Wind Onshore,2026-06-13T21:03:52Z
2026-06-13T21:02:15Z,2026-06-13T23:02:15+0200,37293abf-bd75-40d9-81b7-896ff667771a,2026-05-18T23:15:00Z,2026-05-19T01:15:00+0200,3674.26001,MW,FR,FR,forecast_onshore_wind_generation,Wind Onshore,2026-06-13T21:03:52Z
2026-06-13T21:02:15Z,2026-06-13T23:02:15+0200,37293abf-bd75-40d9-81b7-896ff667771a,2026-05-18T23:30:00Z,2026-05-19T01:30:00+0200,3770.75,MW,FR,FR,forecast_onshore_wind_generation,Wind Onshore,2026-06-13T21:03:52Z
2026-06-13T21:02:15Z,2026-06-13T23:02:15+0200,37293abf-bd75-40d9-81b7-896ff667771a,2026-05-18T23:45:00Z,2026-05-19T01:45:00+0200,3867.34009,MW,FR,FR,forecast_onshore_wind_generation,Wind Onshore,2026-06-13T21:03:52Z
2026-06-13T21:02:15Z,2026-06-13T23:02:15+0200,37293abf-bd75-40d9-81b7-896ff667771a,2026-05-19T00:00:00Z,2026-05-19T02:00:00+0200,3963.94019,MW,FR,FR,forecast_onshore_wind_generation,Wind Onshore,2026-06-13T21:03:52Z
2026-06-13T21:02:15Z,2026-06-13T23:02:15+0200,37293abf-bd75-40d9-81b7-896ff667771a,2026-05-19T00:15:00Z,2026-05-19T02:15:00+0200,4033.42017,MW,FR,FR,forecast_onshore_wind_generation,Wind Onshore,2026-06-13T21:03:52Z
2026-06-13T21:02:15Z,2026-06-13T23:02:15+0200,37293abf-bd75-40d9-81b7-896ff667771a,2026-05-19T00:30:00Z,2026-05-19T02:30:00+0200,4102.91992,MW,FR,FR,forecast_onshore_wind_generation,Wind Onshore,2026-06-13T21:03:52Z
2026-06-13T21:02:15Z,2026-06-13T23:02:15+0200,37293abf-bd75-40d9-81b7-896ff667771a,2026-05-19T00:45:00Z,2026-05-19T02:45:00+0200,4172.66016,MW,FR,FR,forecast_onshore_wind_generation,Wind Onshore,2026-06-13T21:03:52Z
2026-06-13T21:02:15Z,2026-06-13T23:02:15+0200,37293abf-bd75-40d9-81b7-896ff667771a,2026-05-19T01:00:00Z,2026-05-19T03:00:00+0200,4242.37012,MW,FR,FR,forecast_onshore_wind_generation,Wind Onshore,2026-06-13T21:03:52Z
2026-06-13T21:02:15Z,2026-06-13T23:02:15+0200,37293abf-bd75-40d9-81b7-896ff667771a,2026-05-19T01:15:00Z,2026-05-19T03:15:00+0200,4290.30957,MW,FR,FR,forecast_onshore_wind_generation,Wind Onshore,2026-06-13T21:03:52Z
2026-06-13T21:02:15Z,2026-06-13T23:02:15+0200,37293abf-bd75-40d9-81b7-896ff667771a,2026-05-19T01:30:00Z,2026-05-19T03:30:00+0200,4338.39014,MW,FR,FR,forecast_onshore_wind_generation,Wind Onshore,2026-06-13T21:03:52Z
2026-06-13T21:02:15Z,2026-06-13T23:02:15+0200,37293abf-bd75-40d9-81b7-896ff667771a,2026-05-19T01:45:00Z,2026-05-19T03:45:00+0200,4386.4502,MW,FR,FR,forecast_onshore_wind_generation,Wind Onshore,2026-06-13T21:03:52Z
2026-06-13T21:02:15Z,2026-06-13T23:02:15+0200,37293abf-bd75-40d9-81b7-896ff667771a,2026-05-19T02:00:00Z,2026-05-19T04:00:00+0200,4434.53027,MW,FR,FR,forecast_onshore_wind_generation,Wind Onshore,2026-06-13T21:03:52Z
2026-06-13T21:02:15Z,2026-06-13T23:02:15+0200,37293abf-bd75-40d9-81b7-896ff667771a,2026-05-19T02:15:00Z,2026-05-19T04:15:00+0200,4520.16016,MW,FR,FR,forecast_onshore_wind_generation,Wind Onshore,2026-06-13T21:03:52Z
2026-06-13T21:02:15Z,2026-06-13T23:02:15+0200,37293abf-bd75-40d9-81b7-896ff667771a,2026-05-19T02:30:00Z,2026-05-19T04:30:00+0200,4605.79004,MW,FR,FR,forecast_onshore_wind_generation,Wind Onshore,2026-06-13T21:03:52Z
2026-06-13T21:02:15Z,2026-06-13T23:02:15+0200,37293abf-bd75-40d9-81b7-896ff667771a,2026-05-19T02:45:00Z,2026-05-19T04:45:00+0200,4691.54004,MW,FR,FR,forecast_onshore_wind_generation,Wind Onshore,2026-06-13T21:03:52Z
2026-06-13T21:02:15Z,2026-06-13T23:02:15+0200,37293abf-bd75-40d9-81b7-896ff667771a,2026-05-19T03:00:00Z,2026-05-19T05:00:00+0200,4777.32031,MW,FR,FR,forecast_onshore_wind_generation,Wind Onshore,2026-06-13T21:03:52Z
2026-06-13T21:02:15Z,2026-06-13T23:02:15+0200,37293abf-bd75-40d9-81b7-896ff667771a,2026-05-19T03:15:00Z,2026-05-19T05:15:00+0200,4886.14014,MW,FR,FR,forecast_onshore_wind_generation,Wind Onshore,2026-06-13T21:03:52Z
2026-06-13T21:02:15Z,2026-06-13T23:02:15+0200,37293abf-bd75-40d9-81b7-896ff667771a,2026-05-19T03:30:00Z,2026-05-19T05:30:00+0200,4995.08984,MW,FR,FR,forecast_onshore_wind_generation,Wind Onshore,2026-06-13T21:03:52Z
2026-06-13T21:02:15Z,2026-06-13T23:02:15+0200,37293abf-bd75-40d9-81b7-896ff667771a,2026-05-19T03:45:00Z,2026-05-19T05:45:00+0200,5104.23047,MW,FR,FR,forecast_onshore_wind_generation,Wind Onshore,2026-06-13T21:03:52Z
2026-06-13T21:02:15Z,2026-06-13T23:02:15+0200,37293abf-bd75-40d9-81b7-896ff667771a,2026-05-19T04:00:00Z,2026-05-19T06:00:00+0200,5213.40039,MW,FR,FR,forecast_onshore_wind_generation,Wind Onshore,2026-06-13T21:03:52Z
2026-06-13T21:02:15Z,2026-06-13T23:02:15+0200,37293abf-bd75-40d9-81b7-896ff667771a,2026-05-19T04:15:00Z,2026-05-19T06:15:00+0200,5275.61035,MW,FR,FR,forecast_onshore_wind_generation,Wind Onshore,2026-06-13T21:03:52Z
2026-06-13T21:02:15Z,2026-06-13T23:02:15+0200,37293abf-bd75-40d9-81b7-896ff667771a,2026-05-19T04:30:00Z,2026-05-19T06:30:00+0200,5337.88965,MW,FR,FR,forecast_onshore_wind_generation,Wind Onshore,2026-06-13T21:03:52Z
2026-06-13T21:02:15Z,2026-06-13T23:02:15+0200,37293abf-bd75-40d9-81b7-896ff667771a,2026-05-19T04:45:00Z,2026-05-19T06:45:00+0200,5400.27002,MW,FR,FR,forecast_onshore_wind_generation,Wind Onshore,2026-06-13T21:03:52Z
2026-06-13T21:02:15Z,2026-06-13T23:02:15+0200,37293abf-bd75-40d9-81b7-896ff667771a,2026-05-19T05:00:00Z,2026-05-19T07:00:00+0200,5462.68018,MW,FR,FR,forecast_onshore_wind_generation,Wind Onshore,2026-06-13T21:03:52Z
2026-06-13T21:02:15Z,2026-06-13T23:02:15+0200,37293abf-bd75-40d9-81b7-896ff667771a,2026-05-19T05:15:00Z,2026-05-19T07:15:00+0200,5567.38037,MW,FR,FR,forecast_onshore_wind_generation,Wind Onshore,2026-06-13T21:03:52Z
2026-06-13T21:02:15Z,2026-06-13T23:02:15+0200,37293abf-bd75-40d9-81b7-896ff667771a,2026-05-19T05:30:00Z,2026-05-19T07:30:00+0200,5672.10986,MW,FR,FR,forecast_onshore_wind_generation,Wind Onshore,2026-06-13T21:03:52Z
2026-06-13T21:02:15Z,2026-06-13T23:02:15+0200,37293abf-bd75-40d9-81b7-896ff667771a,2026-05-19T05:45:00Z,2026-05-19T07:45:00+0200,5777.11035,MW,FR,FR,forecast_onshore_wind_generation,Wind Onshore,2026-06-13T21:03:52Z
2026-06-13T21:02:15Z,2026-06-13T23:02:15+0200,37293abf-bd75-40d9-81b7-896ff667771a,2026-05-19T06:00:00Z,2026-05-19T08:00:00+0200,5882.25,MW,FR,FR,forecast_onshore_wind_generation,Wind Onshore,2026-06-13T21:03:52Z
2026-06-13T21:02:15Z,2026-06-13T23:02:15+0200,37293abf-bd75-40d9-81b7-896ff667771a,2026-05-19T06:15:00Z,2026-05-19T08:15:00+0200,5997.4502,MW,FR,FR,forecast_onshore_wind_generation,Wind Onshore,2026-06-13T21:03:52Z
2026-06-13T21:02:15Z,2026-06-13T23:02:15+0200,37293abf-bd75-40d9-81b7-896ff667771a,2026-05-19T06:30:00Z,2026-05-19T08:30:00+0200,6112.72949,MW,FR,FR,forecast_onshore_wind_generation,Wind Onshore,2026-06-13T21:03:52Z
2026-06-13T21:02:15Z,2026-06-13T23:02:15+0200,37293abf-bd75-40d9-81b7-896ff667771a,2026-05-19T06:45:00Z,2026-05-19T08:45:00+0200,6228.07031,MW,FR,FR,forecast_onshore_wind_generation,Wind Onshore,2026-06-13T21:03:52Z
2026-06-13T21:02:15Z,2026-06-13T23:02:15+0200,37293abf-bd75-40d9-81b7-896ff667771a,2026-05-19T07:00:00Z,2026-05-19T09:00:00+0200,6343.5498,MW,FR,FR,forecast_onshore_wind_generation,Wind Onshore,2026-06-13T21:03:52Z
2026-06-13T21:02:15Z,2026-06-13T23:02:15+0200,37293abf-bd75-40d9-81b7-896ff667771a,2026-05-19T07:15:00Z,2026-05-19T09:15:00+0200,6216.57031,MW,FR,FR,forecast_onshore_wind_generation,Wind Onshore,2026-06-13T21:03:52Z
2026-06-13T21:02:15Z,2026-06-13T23:02:15+0200,37293abf-bd75-40d9-81b7-896ff667771a,2026-05-19T07:30:00Z,2026-05-19T09:30:00+0200,6089.6499,MW,FR,FR,forecast_onshore_wind_generation,Wind Onshore,2026-06-13T21:03:52Z
2026-06-13T21:02:15Z,2026-06-13T23:02:15+0200,37293abf-bd75-40d9-81b7-896ff667771a,2026-05-19T07:45:00Z,2026-05-19T09:45:00+0200,5963.04004,MW,FR,FR,forecast_onshore_wind_generation,Wind Onshore,2026-06-13T21:03:52Z
2026-06-13T21:02:15Z,2026-06-13T23:02:15+0200,37293abf-bd75-40d9-81b7-896ff667771a,2026-05-19T08:00:00Z,2026-05-19T10:00:00+0200,5836.63037,MW,FR,FR,forecast_onshore_wind_generation,Wind Onshore,2026-06-13T21:03:52Z
2026-06-13T21:02:15Z,2026-06-13T23:02:15+0200,37293abf-bd75-40d9-81b7-896ff667771a,2026-05-19T08:15:00Z,2026-05-19T10:15:00+0200,6060.3501,MW,FR,FR,forecast_onshore_wind_generation,Wind Onshore,2026-06-13T21:03:52Z
2026-06-13T21:02:15Z,2026-06-13T23:02:15+0200,37293abf-bd75-40d9-81b7-896ff667771a,2026-05-19T08:30:00Z,2026-05-19T10:30:00+0200,6284.08984,MW,FR,FR,forecast_onshore_wind_generation,Wind Onshore,2026-06-13T21:03:52Z
2026-06-13T21:02:15Z,2026-06-13T23:02:15+0200,37293abf-bd75-40d9-81b7-896ff667771a,2026-05-19T08:45:00Z,2026-05-19T10:45:00+0200,6507.93018,MW,FR,FR,forecast_onshore_wind_generation,Wind Onshore,2026-06-13T21:03:52Z
2026-06-13T21:02:15Z,2026-06-13T23:02:15+0200,37293abf-bd75-40d9-81b7-896ff667771a,2026-05-19T09:00:00Z,2026-05-19T11:00:00+0200,6731.8501,MW,FR,FR,forecast_onshore_wind_generation,Wind Onshore,2026-06-13T21:03:52Z
2026-06-13T21:02:15Z,2026-06-13T23:02:15+0200,37293abf-bd75-40d9-81b7-896ff667771a,2026-05-19T09:15:00Z,2026-05-19T11:15:00+0200,7032.50049,MW,FR,FR,forecast_onshore_wind_generation,Wind Onshore,2026-06-13T21:03:52Z
2026-06-13T21:02:15Z,2026-06-13T23:02:15+0200,37293abf-bd75-40d9-81b7-896ff667771a,2026-05-19T09:30:00Z,2026-05-19T11:30:00+0200,7333.19971,MW,FR,FR,forecast_onshore_wind_generation,Wind Onshore,2026-06-13T21:03:52Z
2026-06-13T21:02:15Z,2026-06-13T23:02:15+0200,37293abf-bd75-40d9-81b7-896ff667771a,2026-05-19T09:45:00Z,2026-05-19T11:45:00+0200,7634.04004,MW,FR,FR,forecast_onshore_wind_generation,Wind Onshore,2026-06-13T21:03:52Z
2026-06-13T21:02:15Z,2026-06-13T23:02:15+0200,37293abf-bd75-40d9-81b7-896ff667771a,2026-05-19T10:00:00Z,2026-05-19T12:00:00+0200,7934.90039,MW,FR,FR,forecast_onshore_wind_generation,Wind Onshore,2026-06-13T21:03:52Z
2026-06-13T21:02:15Z,2026-06-13T23:02:15+0200,37293abf-bd75-40d9-81b7-896ff667771a,2026-05-19T10:15:00Z,2026-05-19T12:15:00+0200,8192.98047,MW,FR,FR,forecast_onshore_wind_generation,Wind Onshore,2026-06-13T21:03:52Z
2026-06-13T21:02:15Z,2026-06-13T23:02:15+0200,37293abf-bd75-40d9-81b7-896ff667771a,2026-05-19T10:30:00Z,2026-05-19T12:30:00+0200,8451.17969,MW,FR,FR,forecast_onshore_wind_generation,Wind Onshore,2026-06-13T21:03:52Z
2026-06-13T21:02:15Z,2026-06-13T23:02:15+0200,37293abf-bd75-40d9-81b7-896ff667771a,2026-05-19T10:45:00Z,2026-05-19T12:45:00+0200,8709.51953,MW,FR,FR,forecast_onshore_wind_generation,Wind Onshore,2026-06-13T21:03:52Z
2026-06-13T21:02:15Z,2026-06-13T23:02:15+0200,37293abf-bd75-40d9-81b7-896ff667771a,2026-05-19T11:00:00Z,2026-05-19T13:00:00+0200,8967.91992,MW,FR,FR,forecast_onshore_wind_generation,Wind Onshore,2026-06-13T21:03:52Z
2026-06-13T21:02:15Z,2026-06-13T23:02:15+0200,37293abf-bd75-40d9-81b7-896ff667771a,2026-05-19T11:15:00Z,2026-05-19T13:15:00+0200,9186.71973,MW,FR,FR,forecast_onshore_wind_generation,Wind Onshore,2026-06-13T21:03:52Z
2026-06-13T21:02:15Z,2026-06-13T23:02:15+0200,37293abf-bd75-40d9-81b7-896ff667771a,2026-05-19T11:30:00Z,2026-05-19T13:30:00+0200,9405.62988,MW,FR,FR,forecast_onshore_wind_generation,Wind Onshore,2026-06-13T21:03:52Z
2026-06-13T21:02:15Z,2026-06-13T23:02:15+0200,37293abf-bd75-40d9-81b7-896ff667771a,2026-05-19T11:45:00Z,2026-05-19T13:45:00+0200,9624.58984,MW,FR,FR,forecast_onshore_wind_generation,Wind Onshore,2026-06-13T21:03:52Z
2026-06-13T21:02:15Z,2026-06-13T23:02:15+0200,37293abf-bd75-40d9-81b7-896ff667771a,2026-05-19T12:00:00Z,2026-05-19T14:00:00+0200,9843.55957,MW,FR,FR,forecast_onshore_wind_generation,Wind Onshore,2026-06-13T21:03:52Z
2026-06-13T21:02:15Z,2026-06-13T23:02:15+0200,37293abf-bd75-40d9-81b7-896ff667771a,2026-05-19T12:15:00Z,2026-05-19T14:15:00+0200,9782.33984,MW,FR,FR,forecast_onshore_wind_generation,Wind Onshore,2026-06-13T21:03:52Z
2026-06-13T21:02:15Z,2026-06-13T23:02:15+0200,37293abf-bd75-40d9-81b7-896ff667771a,2026-05-19T12:30:00Z,2026-05-19T14:30:00+0200,9721.16992,MW,FR,FR,forecast_onshore_wind_generation,Wind Onshore,2026-06-13T21:03:52Z
2026-06-13T21:02:15Z,2026-06-13T23:02:15+0200,37293abf-bd75-40d9-81b7-896ff667771a,2026-05-19T12:45:00Z,2026-05-19T14:45:00+0200,9659.95996,MW,FR,FR,forecast_onshore_wind_generation,Wind Onshore,2026-06-13T21:03:52Z
2026-06-13T21:02:15Z,2026-06-13T23:02:15+0200,37293abf-bd75-40d9-81b7-896ff667771a,2026-05-19T13:00:00Z,2026-05-19T15:00:00+0200,9598.76953,MW,FR,FR,forecast_onshore_wind_generation,Wind Onshore,2026-06-13T21:03:52Z
2026-06-13T21:02:15Z,2026-06-13T23:02:15+0200,37293abf-bd75-40d9-81b7-896ff667771a,2026-05-19T13:15:00Z,2026-05-19T15:15:00+0200,9531.37988,MW,FR,FR,forecast_onshore_wind_generation,Wind Onshore,2026-06-13T21:03:52Z
2026-06-13T21:02:15Z,2026-06-13T23:02:15+0200,37293abf-bd75-40d9-81b7-896ff667771a,2026-05-19T13:30:00Z,2026-05-19T15:30:00+0200,9463.99023,MW,FR,FR,forecast_onshore_wind_generation,Wind Onshore,2026-06-13T21:03:52Z
2026-06-13T21:02:15Z,2026-06-13T23:02:15+0200,37293abf-bd75-40d9-81b7-896ff667771a,2026-05-19T13:45:00Z,2026-05-19T15:45:00+0200,9396.58984,MW,FR,FR,forecast_onshore_wind_generation,Wind Onshore,2026-06-13T21:03:52Z
2026-06-13T21:02:15Z,2026-06-13T23:02:15+0200,37293abf-bd75-40d9-81b7-896ff667771a,2026-05-19T14:00:00Z,2026-05-19T16:00:00+0200,9329.2002,MW,FR,FR,forecast_onshore_wind_generation,Wind Onshore,2026-06-13T21:03:52Z
2026-06-13T21:02:15Z,2026-06-13T23:02:15+0200,37293abf-bd75-40d9-81b7-896ff667771a,2026-05-19T14:15:00Z,2026-05-19T16:15:00+0200,9358.36035,MW,FR,FR,forecast_onshore_wind_generation,Wind Onshore,2026-06-13T21:03:52Z
2026-06-13T21:02:15Z,2026-06-13T23:02:15+0200,37293abf-bd75-40d9-81b7-896ff667771a,2026-05-19T14:30:00Z,2026-05-19T16:30:00+0200,9387.51953,MW,FR,FR,forecast_onshore_wind_generation,Wind Onshore,2026-06-13T21:03:52Z
2026-06-13T21:02:15Z,2026-06-13T23:02:15+0200,37293abf-bd75-40d9-81b7-896ff667771a,2026-05-19T14:45:00Z,2026-05-19T16:45:00+0200,9416.7207,MW,FR,FR,forecast_onshore_wind_generation,Wind Onshore,2026-06-13T21:03:52Z
2026-06-13T21:02:15Z,2026-06-13T23:02:15+0200,37293abf-bd75-40d9-81b7-896ff667771a,2026-05-19T15:00:00Z,2026-05-19T17:00:00+0200,9445.91992,MW,FR,FR,forecast_onshore_wind_generation,Wind Onshore,2026-06-13T21:03:52Z
2026-06-13T21:02:15Z,2026-06-13T23:02:15+0200,37293abf-bd75-40d9-81b7-896ff667771a,2026-05-19T15:15:00Z,2026-05-19T17:15:00+0200,9342.58008,MW,FR,FR,forecast_onshore_wind_generation,Wind Onshore,2026-06-13T21:03:52Z
2026-06-13T21:02:15Z,2026-06-13T23:02:15+0200,37293abf-bd75-40d9-81b7-896ff667771a,2026-05-19T15:30:00Z,2026-05-19T17:30:00+0200,9239.23047,MW,FR,FR,forecast_onshore_wind_generation,Wind Onshore,2026-06-13T21:03:52Z
2026-06-13T21:02:15Z,2026-06-13T23:02:15+0200,37293abf-bd75-40d9-81b7-896ff667771a,2026-05-19T15:45:00Z,2026-05-19T17:45:00+0200,9135.70898,MW,FR,FR,forecast_onshore_wind_generation,Wind Onshore,2026-06-13T21:03:52Z
2026-06-13T21:02:15Z,2026-06-13T23:02:15+0200,37293abf-bd75-40d9-81b7-896ff667771a,2026-05-19T16:00:00Z,2026-05-19T18:00:00+0200,9032.16992,MW,FR,FR,forecast_onshore_wind_generation,Wind Onshore,2026-06-13T21:03:52Z
2026-06-13T21:02:15Z,2026-06-13T23:02:15+0200,37293abf-bd75-40d9-81b7-896ff667771a,2026-05-19T16:15:00Z,2026-05-19T18:15:00+0200,8838.5,MW,FR,FR,forecast_onshore_wind_generation,Wind Onshore,2026-06-13T21:03:52Z
2026-06-13T21:02:15Z,2026-06-13T23:02:15+0200,37293abf-bd75-40d9-81b7-896ff667771a,2026-05-19T16:30:00Z,2026-05-19T18:30:00+0200,8644.86035,MW,FR,FR,forecast_onshore_wind_generation,Wind Onshore,2026-06-13T21:03:52Z
2026-06-13T21:02:15Z,2026-06-13T23:02:15+0200,37293abf-bd75-40d9-81b7-896ff667771a,2026-05-19T16:45:00Z,2026-05-19T18:45:00+0200,8451.12012,MW,FR,FR,forecast_onshore_wind_generation,Wind Onshore,2026-06-13T21:03:52Z
2026-06-13T21:02:15Z,2026-06-13T23:02:15+0200,37293abf-bd75-40d9-81b7-896ff667771a,2026-05-19T17:00:00Z,2026-05-19T19:00:00+0200,8257.41016,MW,FR,FR,forecast_onshore_wind_generation,Wind Onshore,2026-06-13T21:03:52Z
2026-06-13T21:02:15Z,2026-06-13T23:02:15+0200,37293abf-bd75-40d9-81b7-896ff667771a,2026-05-19T17:15:00Z,2026-05-19T19:15:00+0200,8078.16016,MW,FR,FR,forecast_onshore_wind_generation,Wind Onshore,2026-06-13T21:03:52Z
2026-06-13T21:02:15Z,2026-06-13T23:02:15+0200,37293abf-bd75-40d9-81b7-896ff667771a,2026-05-19T17:30:00Z,2026-05-19T19:30:00+0200,7898.94043,MW,FR,FR,forecast_onshore_wind_generation,Wind Onshore,2026-06-13T21:03:52Z
2026-06-13T21:02:15Z,2026-06-13T23:02:15+0200,37293abf-bd75-40d9-81b7-896ff667771a,2026-05-19T17:45:00Z,2026-05-19T19:45:00+0200,7719.80078,MW,FR,FR,forecast_onshore_wind_generation,Wind Onshore,2026-06-13T21:03:52Z
2026-06-13T21:02:15Z,2026-06-13T23:02:15+0200,37293abf-bd75-40d9-81b7-896ff667771a,2026-05-19T18:00:00Z,2026-05-19T20:00:00+0200,7540.66992,MW,FR,FR,forecast_onshore_wind_generation,Wind Onshore,2026-06-13T21:03:52Z
2026-06-13T21:02:15Z,2026-06-13T23:02:15+0200,37293abf-bd75-40d9-81b7-896ff667771a,2026-05-19T18:15:00Z,2026-05-19T20:15:00+0200,7469.64062,MW,FR,FR,forecast_onshore_wind_generation,Wind Onshore,2026-06-13T21:03:52Z
2026-06-13T21:02:15Z,2026-06-13T23:02:15+0200,37293abf-bd75-40d9-81b7-896ff667771a,2026-05-19T18:30:00Z,2026-05-19T20:30:00+0200,7398.61035,MW,FR,FR,forecast_onshore_wind_generation,Wind Onshore,2026-06-13T21:03:52Z
2026-06-13T21:02:15Z,2026-06-13T23:02:15+0200,37293abf-bd75-40d9-81b7-896ff667771a,2026-05-19T18:45:00Z,2026-05-19T20:45:00+0200,7327.42969,MW,FR,FR,forecast_onshore_wind_generation,Wind Onshore,2026-06-13T21:03:52Z
2026-06-13T21:02:15Z,2026-06-13T23:02:15+0200,37293abf-bd75-40d9-81b7-896ff667771a,2026-05-19T19:00:00Z,2026-05-19T21:00:00+0200,7256.27002,MW,FR,FR,forecast_onshore_wind_generation,Wind Onshore,2026-06-13T21:03:52Z
2026-06-13T21:02:15Z,2026-06-13T23:02:15+0200,37293abf-bd75-40d9-81b7-896ff667771a,2026-05-19T19:15:00Z,2026-05-19T21:15:00+0200,7202.18018,MW,FR,FR,forecast_onshore_wind_generation,Wind Onshore,2026-06-13T21:03:52Z
2026-06-13T21:02:15Z,2026-06-13T23:02:15+0200,37293abf-bd75-40d9-81b7-896ff667771a,2026-05-19T19:30:00Z,2026-05-19T21:30:00+0200,7148.10059,MW,FR,FR,forecast_onshore_wind_generation,Wind Onshore,2026-06-13T21:03:52Z
2026-06-13T21:02:15Z,2026-06-13T23:02:15+0200,37293abf-bd75-40d9-81b7-896ff667771a,2026-05-19T19:45:00Z,2026-05-19T21:45:00+0200,7093.92969,MW,FR,FR,forecast_onshore_wind_generation,Wind Onshore,2026-06-13T21:03:52Z
2026-06-13T21:02:15Z,2026-06-13T23:02:15+0200,37293abf-bd75-40d9-81b7-896ff667771a,2026-05-19T20:00:00Z,2026-05-19T22:00:00+0200,7039.75,MW,FR,FR,forecast_onshore_wind_generation,Wind Onshore,2026-06-13T21:03:52Z
2026-06-13T21:02:15Z,2026-06-13T23:02:15+0200,37293abf-bd75-40d9-81b7-896ff667771a,2026-05-19T20:15:00Z,2026-05-19T22:15:00+0200,7071.24023,MW,FR,FR,forecast_onshore_wind_generation,Wind Onshore,2026-06-13T21:03:52Z
2026-06-13T21:02:15Z,2026-06-13T23:02:15+0200,37293abf-bd75-40d9-81b7-896ff667771a,2026-05-19T20:30:00Z,2026-05-19T22:30:00+0200,7102.75,MW,FR,FR,forecast_onshore_wind_generation,Wind Onshore,2026-06-13T21:03:52Z
2026-06-13T21:02:15Z,2026-06-13T23:02:15+0200,37293abf-bd75-40d9-81b7-896ff667771a,2026-05-19T20:45:00Z,2026-05-19T22:45:00+0200,7134.39062,MW,FR,FR,forecast_onshore_wind_generation,Wind Onshore,2026-06-13T21:03:52Z
2026-06-13T21:02:15Z,2026-06-13T23:02:15+0200,37293abf-bd75-40d9-81b7-896ff667771a,2026-05-19T21:00:00Z,2026-05-19T23:00:00+0200,7166.06055,MW,FR,FR,forecast_onshore_wind_generation,Wind Onshore,2026-06-13T21:03:52Z
2026-06-13T21:02:15Z,2026-06-13T23:02:15+0200,37293abf-bd75-40d9-81b7-896ff667771a,2026-05-19T21:15:00Z,2026-05-19T23:15:00+0200,7230.31006,MW,FR,FR,forecast_onshore_wind_generation,Wind Onshore,2026-06-13T21:03:52Z
2026-06-13T21:02:15Z,2026-06-13T23:02:15+0200,37293abf-bd75-40d9-81b7-896ff667771a,2026-05-19T21:30:00Z,2026-05-19T23:30:00+0200,7294.57031,MW,FR,FR,forecast_onshore_wind_generation,Wind Onshore,2026-06-13T21:03:52Z
2026-06-13T21:02:15Z,2026-06-13T23:02:15+0200,37293abf-bd75-40d9-81b7-896ff667771a,2026-05-19T21:45:00Z,2026-05-19T23:45:00+0200,7358.97021,MW,FR,FR,forecast_onshore_wind_generation,Wind Onshore,2026-06-13T21:03:52Z
2026-06-13T21:02:15Z,2026-06-13T23:02:15+0200,37293abf-bd75-40d9-81b7-896ff667771a,2026-05-19T22:00:00Z,2026-05-20T00:00:00+0200,7295.76953,MW,FR,FR,forecast_onshore_wind_generation,Wind Onshore,2026-06-13T21:03:52Z
2026-06-13T21:02:15Z,2026-06-13T23:02:15+0200,37293abf-bd75-40d9-81b7-896ff667771a,2026-05-19T22:15:00Z,2026-05-20T00:15:00+0200,7278.12988,MW,FR,FR,forecast_onshore_wind_generation,Wind Onshore,2026-06-13T21:03:52Z
2026-06-13T21:02:15Z,2026-06-13T23:02:15+0200,37293abf-bd75-40d9-81b7-896ff667771a,2026-05-19T22:30:00Z,2026-05-20T00:30:00+0200,7260.5,MW,FR,FR,forecast_onshore_wind_generation,Wind Onshore,2026-06-13T21:03:52Z
2026-06-13T21:02:15Z,2026-06-13T23:02:15+0200,37293abf-bd75-40d9-81b7-896ff667771a,2026-05-19T22:45:00Z,2026-05-20T00:45:00+0200,7242.33008,MW,FR,FR,forecast_onshore_wind_generation,Wind Onshore,2026-06-13T21:03:52Z
2026-06-13T21:02:15Z,2026-06-13T23:02:15+0200,37293abf-bd75-40d9-81b7-896ff667771a,2026-05-19T23:00:00Z,2026-05-20T01:00:00+0200,7224.18066,MW,FR,FR,forecast_onshore_wind_generation,Wind Onshore,2026-06-13T21:03:52Z
2026-06-13T21:02:15Z,2026-06-13T23:02:15+0200,37293abf-bd75-40d9-81b7-896ff667771a,2026-05-19T23:15:00Z,2026-05-20T01:15:00+0200,7264.66992,MW,FR,FR,forecast_onshore_wind_generation,Wind Onshore,2026-06-13T21:03:52Z
2026-06-13T21:02:15Z,2026-06-13T23:02:15+0200,37293abf-bd75-40d9-81b7-896ff667771a,2026-05-19T23:30:00Z,2026-05-20T01:30:00+0200,7305.19043,MW,FR,FR,forecast_onshore_wind_generation,Wind Onshore,2026-06-13T21:03:52Z
2026-06-13T21:02:15Z,2026-06-13T23:02:15+0200,37293abf-bd75-40d9-81b7-896ff667771a,2026-05-19T23:45:00Z,2026-05-20T01:45:00+0200,7345.95996,MW,FR,FR,forecast_onshore_wind_generation,Wind Onshore,2026-06-13T21:03:52Z
2026-06-13T21:02:15Z,2026-06-13T23:02:15+0200,37293abf-bd75-40d9-81b7-896ff667771a,2026-05-20T00:00:00Z,2026-05-20T02:00:00+0200,7386.72021,MW,FR,FR,forecast_onshore_wind_generation,Wind Onshore,2026-06-13T21:03:52Z
2026-06-13T21:02:15Z,2026-06-13T23:02:15+0200,37293abf-bd75-40d9-81b7-896ff667771a,2026-05-20T00:15:00Z,2026-05-20T02:15:00+0200,7365.99023,MW,FR,FR,forecast_onshore_wind_generation,Wind Onshore,2026-06-13T21:03:52Z
2026-06-13T21:02:15Z,2026-06-13T23:02:15+0200,37293abf-bd75-40d9-81b7-896ff667771a,2026-05-20T00:30:00Z,2026-05-20T02:30:00+0200,7345.24951,MW,FR,FR,forecast_onshore_wind_generation,Wind Onshore,2026-06-13T21:03:52Z
2026-06-13T21:02:15Z,2026-06-13T23:02:15+0200,37293abf-bd75-40d9-81b7-896ff667771a,2026-05-20T00:45:00Z,2026-05-20T02:45:00+0200,7323.91992,MW,FR,FR,forecast_onshore_wind_generation,Wind Onshore,2026-06-13T21:03:52Z
2026-06-13T21:02:15Z,2026-06-13T23:02:15+0200,37293abf-bd75-40d9-81b7-896ff667771a,2026-05-20T01:00:00Z,2026-05-20T03:00:00+0200,7302.6001,MW,FR,FR,forecast_onshore_wind_generation,Wind Onshore,2026-06-13T21:03:52Z
2026-06-13T21:02:15Z,2026-06-13T23:02:15+0200,37293abf-bd75-40d9-81b7-896ff667771a,2026-05-20T01:15:00Z,2026-05-20T03:15:00+0200,7273.21973,MW,FR,FR,forecast_onshore_wind_generation,Wind Onshore,2026-06-13T21:03:52Z
2026-06-13T21:02:15Z,2026-06-13T23:02:15+0200,37293abf-bd75-40d9-81b7-896ff667771a,2026-05-20T01:30:00Z,2026-05-20T03:30:00+0200,7243.86035,MW,FR,FR,forecast_onshore_wind_generation,Wind Onshore,2026-06-13T21:03:52Z
2026-06-13T21:02:15Z,2026-06-13T23:02:15+0200,37293abf-bd75-40d9-81b7-896ff667771a,2026-05-20T01:45:00Z,2026-05-20T03:45:00+0200,7214.83008,MW,FR,FR,forecast_onshore_wind_generation,Wind Onshore,2026-06-13T21:03:52Z
2026-06-13T21:02:15Z,2026-06-13T23:02:15+0200,37293abf-bd75-40d9-81b7-896ff667771a,2026-05-20T02:00:00Z,2026-05-20T04:00:00+0200,7185.83008,MW,FR,FR,forecast_onshore_wind_generation,Wind Onshore,2026-06-13T21:03:52Z
2026-06-13T21:02:15Z,2026-06-13T23:02:15+0200,37293abf-bd75-40d9-81b7-896ff667771a,2026-05-20T02:15:00Z,2026-05-20T04:15:00+0200,7212.18018,MW,FR,FR,forecast_onshore_wind_generation,Wind Onshore,2026-06-13T21:03:52Z
2026-06-13T21:02:15Z,2026-06-13T23:02:15+0200,37293abf-bd75-40d9-81b7-896ff667771a,2026-05-20T02:30:00Z,2026-05-20T04:30:00+0200,7238.56982,MW,FR,FR,forecast_onshore_wind_generation,Wind Onshore,2026-06-13T21:03:52Z
2026-06-13T21:02:15Z,2026-06-13T23:02:15+0200,37293abf-bd75-40d9-81b7-896ff667771a,2026-05-20T02:45:00Z,2026-05-20T04:45:00+0200,7264.77051,MW,FR,FR,forecast_onshore_wind_generation,Wind Onshore,2026-06-13T21:03:52Z
2026-06-13T21:02:15Z,2026-06-13T23:02:15+0200,37293abf-bd75-40d9-81b7-896ff667771a,2026-05-20T03:00:00Z,2026-05-20T05:00:00+0200,7290.95996,MW,FR,FR,forecast_onshore_wind_generation,Wind Onshore,2026-06-13T21:03:52Z
2026-06-13T21:02:15Z,2026-06-13T23:02:15+0200,37293abf-bd75-40d9-81b7-896ff667771a,2026-05-20T03:15:00Z,2026-05-20T05:15:00+0200,7341.76953,MW,FR,FR,forecast_onshore_wind_generation,Wind Onshore,2026-06-13T21:03:52Z
2026-06-13T21:02:15Z,2026-06-13T23:02:15+0200,37293abf-bd75-40d9-81b7-896ff667771a,2026-05-20T03:30:00Z,2026-05-20T05:30:00+0200,7392.56982,MW,FR,FR,forecast_onshore_wind_generation,Wind Onshore,2026-06-13T21:03:52Z
2026-06-13T21:02:15Z,2026-06-13T23:02:15+0200,37293abf-bd75-40d9-81b7-896ff667771a,2026-05-20T03:45:00Z,2026-05-20T05:45:00+0200,7443.31934,MW,FR,FR,forecast_onshore_wind_generation,Wind Onshore,2026-06-13T21:03:52Z
2026-06-13T21:02:15Z,2026-06-13T23:02:15+0200,37293abf-bd75-40d9-81b7-896ff667771a,2026-05-20T04:00:00Z,2026-05-20T06:00:00+0200,7494.07031,MW,FR,FR,forecast_onshore_wind_generation,Wind Onshore,2026-06-13T21:03:52Z
2026-06-13T21:02:15Z,2026-06-13T23:02:15+0200,37293abf-bd75-40d9-81b7-896ff667771a,2026-05-20T04:15:00Z,2026-05-20T06:15:00+0200,7390.93945,MW,FR,FR,forecast_onshore_wind_generation,Wind Onshore,2026-06-13T21:03:52Z
2026-06-13T21:02:15Z,2026-06-13T23:02:15+0200,37293abf-bd75-40d9-81b7-896ff667771a,2026-05-20T04:30:00Z,2026-05-20T06:30:00+0200,7287.84961,MW,FR,FR,forecast_onshore_wind_generation,Wind Onshore,2026-06-13T21:03:52Z
2026-06-13T21:02:15Z,2026-06-13T23:02:15+0200,37293abf-bd75-40d9-81b7-896ff667771a,2026-05-20T04:45:00Z,2026-05-20T06:45:00+0200,7184.87012,MW,FR,FR,forecast_onshore_wind_generation,Wind Onshore,2026-06-13T21:03:52Z
2026-06-13T21:02:15Z,2026-06-13T23:02:15+0200,37293abf-bd75-40d9-81b7-896ff667771a,2026-05-20T05:00:00Z,2026-05-20T07:00:00+0200,7081.87988,MW,FR,FR,forecast_onshore_wind_generation,Wind Onshore,2026-06-13T21:03:52Z
2026-06-13T21:02:15Z,2026-06-13T23:02:15+0200,37293abf-bd75-40d9-81b7-896ff667771a,2026-05-20T05:15:00Z,2026-05-20T07:15:00+0200,6987.83984,MW,FR,FR,forecast_onshore_wind_generation,Wind Onshore,2026-06-13T21:03:52Z
2026-06-13T21:02:15Z,2026-06-13T23:02:15+0200,37293abf-bd75-40d9-81b7-896ff667771a,2026-05-20T05:30:00Z,2026-05-20T07:30:00+0200,6893.81982,MW,FR,FR,forecast_onshore_wind_generation,Wind Onshore,2026-06-13T21:03:52Z
2026-06-13T21:02:15Z,2026-06-13T23:02:15+0200,37293abf-bd75-40d9-81b7-896ff667771a,2026-05-20T05:45:00Z,2026-05-20T07:45:00+0200,6799.31982,MW,FR,FR,forecast_onshore_wind_generation,Wind Onshore,2026-06-13T21:03:52Z
2026-06-13T21:02:15Z,2026-06-13T23:02:15+0200,37293abf-bd75-40d9-81b7-896ff667771a,2026-05-20T06:00:00Z,2026-05-20T08:00:00+0200,6704.82031,MW,FR,FR,forecast_onshore_wind_generation,Wind Onshore,2026-06-13T21:03:52Z
2026-06-13T21:02:15Z,2026-06-13T23:02:15+0200,37293abf-bd75-40d9-81b7-896ff667771a,2026-05-20T06:15:00Z,2026-05-20T08:15:00+0200,6879.33008,MW,FR,FR,forecast_onshore_wind_generation,Wind Onshore,2026-06-13T21:03:52Z
2026-06-13T21:02:15Z,2026-06-13T23:02:15+0200,37293abf-bd75-40d9-81b7-896ff667771a,2026-05-20T06:30:00Z,2026-05-20T08:30:00+0200,7053.85986,MW,FR,FR,forecast_onshore_wind_generation,Wind Onshore,2026-06-13T21:03:52Z
2026-06-13T21:02:15Z,2026-06-13T23:02:15+0200,37293abf-bd75-40d9-81b7-896ff667771a,2026-05-20T06:45:00Z,2026-05-20T08:45:00+0200,7228.43994,MW,FR,FR,forecast_onshore_wind_generation,Wind Onshore,2026-06-13T21:03:52Z
2026-06-13T21:02:15Z,2026-06-13T23:02:15+0200,37293abf-bd75-40d9-81b7-896ff667771a,2026-05-20T07:00:00Z,2026-05-20T09:00:00+0200,7402.98975,MW,FR,FR,forecast_onshore_wind_generation,Wind Onshore,2026-06-13T21:03:52Z
2026-06-13T21:02:15Z,2026-06-13T23:02:15+0200,37293abf-bd75-40d9-81b7-896ff667771a,2026-05-20T07:15:00Z,2026-05-20T09:15:00+0200,7381.7002,MW,FR,FR,forecast_onshore_wind_generation,Wind Onshore,2026-06-13T21:03:52Z
2026-06-13T21:02:15Z,2026-06-13T23:02:15+0200,37293abf-bd75-40d9-81b7-896ff667771a,2026-05-20T07:30:00Z,2026-05-20T09:30:00+0200,7360.39014,MW,FR,FR,forecast_onshore_wind_generation,Wind Onshore,2026-06-13T21:03:52Z
2026-06-13T21:02:15Z,2026-06-13T23:02:15+0200,37293abf-bd75-40d9-81b7-896ff667771a,2026-05-20T07:45:00Z,2026-05-20T09:45:00+0200,7338.98975,MW,FR,FR,forecast_onshore_wind_generation,Wind Onshore,2026-06-13T21:03:52Z
2026-06-13T21:02:15Z,2026-06-13T23:02:15+0200,37293abf-bd75-40d9-81b7-896ff667771a,2026-05-20T08:00:00Z,2026-05-20T10:00:00+0200,7317.59033,MW,FR,FR,forecast_onshore_wind_generation,Wind Onshore,2026-06-13T21:03:52Z
2026-06-13T21:02:15Z,2026-06-13T23:02:15+0200,37293abf-bd75-40d9-81b7-896ff667771a,2026-05-20T08:15:00Z,2026-05-20T10:15:00+0200,7270.98975,MW,FR,FR,forecast_onshore_wind_generation,Wind Onshore,2026-06-13T21:03:52Z
2026-06-13T21:02:15Z,2026-06-13T23:02:15+0200,37293abf-bd75-40d9-81b7-896ff667771a,2026-05-20T08:30:00Z,2026-05-20T10:30:00+0200,7224.3999,MW,FR,FR,forecast_onshore_wind_generation,Wind Onshore,2026-06-13T21:03:52Z
2026-06-13T21:02:15Z,2026-06-13T23:02:15+0200,37293abf-bd75-40d9-81b7-896ff667771a,2026-05-20T08:45:00Z,2026-05-20T10:45:00+0200,7177.81006,MW,FR,FR,forecast_onshore_wind_generation,Wind Onshore,2026-06-13T21:03:52Z
2026-06-13T21:02:15Z,2026-06-13T23:02:15+0200,37293abf-bd75-40d9-81b7-896ff667771a,2026-05-20T09:00:00Z,2026-05-20T11:00:00+0200,7131.20996,MW,FR,FR,forecast_onshore_wind_generation,Wind Onshore,2026-06-13T21:03:52Z
2026-06-13T21:02:15Z,2026-06-13T23:02:15+0200,37293abf-bd75-40d9-81b7-896ff667771a,2026-05-20T09:15:00Z,2026-05-20T11:15:00+0200,7090.1499,MW,FR,FR,forecast_onshore_wind_generation,Wind Onshore,2026-06-13T21:03:52Z
2026-06-13T21:02:15Z,2026-06-13T23:02:15+0200,37293abf-bd75-40d9-81b7-896ff667771a,2026-05-20T09:30:00Z,2026-05-20T11:30:00+0200,7048.91992,MW,FR,FR,forecast_onshore_wind_generation,Wind Onshore,2026-06-13T21:03:52Z
2026-06-13T21:02:15Z,2026-06-13T23:02:15+0200,37293abf-bd75-40d9-81b7-896ff667771a,2026-05-20T09:45:00Z,2026-05-20T11:45:00+0200,4197.68018,MW,FR,FR,forecast_onshore_wind_generation,Wind Onshore,2026-06-13T21:03:52Z
2026-06-13T21:02:15Z,2026-06-13T23:02:15+0200,37293abf-bd75-40d9-81b7-896ff667771a,2026-05-20T10:00:00Z,2026-05-20T12:00:00+0200,4175.11865,MW,FR,FR,forecast_onshore_wind_generation,Wind Onshore,2026-06-13T21:03:52Z
2026-06-13T21:02:15Z,2026-06-13T23:02:15+0200,37293abf-bd75-40d9-81b7-896ff667771a,2026-05-20T10:15:00Z,2026-05-20T12:15:00+0200,4222.33203,MW,FR,FR,forecast_onshore_wind_generation,Wind Onshore,2026-06-13T21:03:52Z
2026-06-13T21:02:15Z,2026-06-13T23:02:15+0200,37293abf-bd75-40d9-81b7-896ff667771a,2026-05-20T10:30:00Z,2026-05-20T12:30:00+0200,4269.94824,MW,FR,FR,forecast_onshore_wind_generation,Wind Onshore,2026-06-13T21:03:52Z
2026-06-13T21:02:15Z,2026-06-13T23:02:15+0200,37293abf-bd75-40d9-81b7-896ff667771a,2026-05-20T10:45:00Z,2026-05-20T12:45:00+0200,4317.22998,MW,FR,FR,forecast_onshore_wind_generation,Wind Onshore,2026-06-13T21:03:52Z
2026-06-13T21:02:15Z,2026-06-13T23:02:15+0200,37293abf-bd75-40d9-81b7-896ff667771a,2026-05-20T11:00:00Z,2026-05-20T13:00:00+0200,4364.57031,MW,FR,FR,forecast_onshore_wind_generation,Wind Onshore,2026-06-13T21:03:52Z
2026-06-13T21:02:15Z,2026-06-13T23:02:15+0200,37293abf-bd75-40d9-81b7-896ff667771a,2026-05-20T11:15:00Z,2026-05-20T13:15:00+0200,4338.61865,MW,FR,FR,forecast_onshore_wind_generation,Wind Onshore,2026-06-13T21:03:52Z
2026-06-13T21:02:15Z,2026-06-13T23:02:15+0200,37293abf-bd75-40d9-81b7-896ff667771a,2026-05-20T11:30:00Z,2026-05-20T13:30:00+0200,4312.79297,MW,FR,FR,forecast_onshore_wind_generation,Wind Onshore,2026-06-13T21:03:52Z
2026-06-13T21:02:15Z,2026-06-13T23:02:15+0200,37293abf-bd75-40d9-81b7-896ff667771a,2026-05-20T11:45:00Z,2026-05-20T13:45:00+0200,4286.84229,MW,FR,FR,forecast_onshore_wind_generation,Wind Onshore,2026-06-13T21:03:52Z
2026-06-13T21:02:15Z,2026-06-13T23:02:15+0200,37293abf-bd75-40d9-81b7-896ff667771a,2026-05-20T12:00:00Z,2026-05-20T14:00:00+0200,4261.23145,MW,FR,FR,forecast_onshore_wind_generation,Wind Onshore,2026-06-13T21:03:52Z
2026-06-13T21:02:15Z,2026-06-13T23:02:15+0200,37293abf-bd75-40d9-81b7-896ff667771a,2026-05-20T12:15:00Z,2026-05-20T14:15:00+0200,4283.52051,MW,FR,FR,forecast_onshore_wind_generation,Wind Onshore,2026-06-13T21:03:52Z
2026-06-13T21:02:15Z,2026-06-13T23:02:15+0200,37293abf-bd75-40d9-81b7-896ff667771a,2026-05-20T12:30:00Z,2026-05-20T14:30:00+0200,4306.0498,MW,FR,FR,forecast_onshore_wind_generation,Wind Onshore,2026-06-13T21:03:52Z
2026-06-13T21:02:15Z,2026-06-13T23:02:15+0200,37293abf-bd75-40d9-81b7-896ff667771a,2026-05-20T12:45:00Z,2026-05-20T14:45:00+0200,4328.75977,MW,FR,FR,forecast_onshore_wind_generation,Wind Onshore,2026-06-13T21:03:52Z
2026-06-13T21:02:15Z,2026-06-13T23:02:15+0200,37293abf-bd75-40d9-81b7-896ff667771a,2026-05-20T13:00:00Z,2026-05-20T15:00:00+0200,4351.31787,MW,FR,FR,forecast_onshore_wind_generation,Wind Onshore,2026-06-13T21:03:52Z
2026-06-13T21:02:15Z,2026-06-13T23:02:15+0200,37293abf-bd75-40d9-81b7-896ff667771a,2026-05-20T13:15:00Z,2026-05-20T15:15:00+0200,4323.12744,MW,FR,FR,forecast_onshore_wind_generation,Wind Onshore,2026-06-13T21:03:52Z
2026-06-13T21:02:15Z,2026-06-13T23:02:15+0200,37293abf-bd75-40d9-81b7-896ff667771a,2026-05-20T13:30:00Z,2026-05-20T15:30:00+0200,4294.58301,MW,FR,FR,forecast_onshore_wind_generation,Wind Onshore,2026-06-13T21:03:52Z
2026-06-13T21:02:15Z,2026-06-13T23:02:15+0200,37293abf-bd75-40d9-81b7-896ff667771a,2026-05-20T13:45:00Z,2026-05-20T15:45:00+0200,4266.40039,MW,FR,FR,forecast_onshore_wind_generation,Wind Onshore,2026-06-13T21:03:52Z
2026-06-13T21:02:15Z,2026-06-13T23:02:15+0200,37293abf-bd75-40d9-81b7-896ff667771a,2026-05-20T14:00:00Z,2026-05-20T16:00:00+0200,4238.04248,MW,FR,FR,forecast_onshore_wind_generation,Wind Onshore,2026-06-13T21:03:52Z
2026-06-13T21:02:15Z,2026-06-13T23:02:15+0200,37293abf-bd75-40d9-81b7-896ff667771a,2026-05-20T14:15:00Z,2026-05-20T16:15:00+0200,4164.82031,MW,FR,FR,forecast_onshore_wind_generation,Wind Onshore,2026-06-13T21:03:52Z
2026-06-13T21:02:15Z,2026-06-13T23:02:15+0200,37293abf-bd75-40d9-81b7-896ff667771a,2026-05-20T14:30:00Z,2026-05-20T16:30:00+0200,4091.82007,MW,FR,FR,forecast_onshore_wind_generation,Wind Onshore,2026-06-13T21:03:52Z
2026-06-13T21:02:15Z,2026-06-13T23:02:15+0200,37293abf-bd75-40d9-81b7-896ff667771a,2026-05-20T14:45:00Z,2026-05-20T16:45:00+0200,4018.34717,MW,FR,FR,forecast_onshore_wind_generation,Wind Onshore,2026-06-13T21:03:52Z
2026-06-13T21:02:15Z,2026-06-13T23:02:15+0200,37293abf-bd75-40d9-81b7-896ff667771a,2026-05-20T15:00:00Z,2026-05-20T17:00:00+0200,3945.2627,MW,FR,FR,forecast_onshore_wind_generation,Wind Onshore,2026-06-13T21:03:52Z
2026-06-13T21:02:15Z,2026-06-13T23:02:15+0200,37293abf-bd75-40d9-81b7-896ff667771a,2026-05-20T15:15:00Z,2026-05-20T17:15:00+0200,3862.9375,MW,FR,FR,forecast_onshore_wind_generation,Wind Onshore,2026-06-13T21:03:52Z
2026-06-13T21:02:15Z,2026-06-13T23:02:15+0200,37293abf-bd75-40d9-81b7-896ff667771a,2026-05-20T15:30:00Z,2026-05-20T17:30:00+0200,6303.75732,MW,FR,FR,forecast_onshore_wind_generation,Wind Onshore,2026-06-13T21:03:52Z
2026-06-13T21:02:15Z,2026-06-13T23:02:15+0200,37293abf-bd75-40d9-81b7-896ff667771a,2026-05-20T15:45:00Z,2026-05-20T17:45:00+0200,6172.13037,MW,FR,FR,forecast_onshore_wind_generation,Wind Onshore,2026-06-13T21:03:52Z
2026-06-13T21:02:15Z,2026-06-13T23:02:15+0200,37293abf-bd75-40d9-81b7-896ff667771a,2026-05-20T16:00:00Z,2026-05-20T18:00:00+0200,6040.65967,MW,FR,FR,forecast_onshore_wind_generation,Wind Onshore,2026-06-13T21:03:52Z
2026-06-13T21:02:15Z,2026-06-13T23:02:15+0200,37293abf-bd75-40d9-81b7-896ff667771a,2026-05-20T16:15:00Z,2026-05-20T18:15:00+0200,5736.72021,MW,FR,FR,forecast_onshore_wind_generation,Wind Onshore,2026-06-13T21:03:52Z
2026-06-13T21:02:15Z,2026-06-13T23:02:15+0200,37293abf-bd75-40d9-81b7-896ff667771a,2026-05-20T16:30:00Z,2026-05-20T18:30:00+0200,5432.79004,MW,FR,FR,forecast_onshore_wind_generation,Wind Onshore,2026-06-13T21:03:52Z
2026-06-13T21:02:15Z,2026-06-13T23:02:15+0200,37293abf-bd75-40d9-81b7-896ff667771a,2026-05-20T16:45:00Z,2026-05-20T18:45:00+0200,5129.66992,MW,FR,FR,forecast_onshore_wind_generation,Wind Onshore,2026-06-13T21:03:52Z
2026-06-13T21:02:15Z,2026-06-13T23:02:15+0200,37293abf-bd75-40d9-81b7-896ff667771a,2026-05-20T17:00:00Z,2026-05-20T19:00:00+0200,4826.62012,MW,FR,FR,forecast_onshore_wind_generation,Wind Onshore,2026-06-13T21:03:52Z
2026-06-13T21:02:15Z,2026-06-13T23:02:15+0200,37293abf-bd75-40d9-81b7-896ff667771a,2026-05-20T17:15:00Z,2026-05-20T19:15:00+0200,4458.59961,MW,FR,FR,forecast_onshore_wind_generation,Wind Onshore,2026-06-13T21:03:52Z
2026-06-13T21:02:15Z,2026-06-13T23:02:15+0200,37293abf-bd75-40d9-81b7-896ff667771a,2026-05-20T17:30:00Z,2026-05-20T19:30:00+0200,4090.6499,MW,FR,FR,forecast_onshore_wind_generation,Wind Onshore,2026-06-13T21:03:52Z
2026-06-13T21:02:15Z,2026-06-13T23:02:15+0200,37293abf-bd75-40d9-81b7-896ff667771a,2026-05-20T17:45:00Z,2026-05-20T19:45:00+0200,3722.59009,MW,FR,FR,forecast_onshore_wind_generation,Wind Onshore,2026-06-13T21:03:52Z
2026-06-13T21:02:15Z,2026-06-13T23:02:15+0200,37293abf-bd75-40d9-81b7-896ff667771a,2026-05-20T18:00:00Z,2026-05-20T20:00:00+0200,3354.58984,MW,FR,FR,forecast_onshore_wind_generation,Wind Onshore,2026-06-13T21:03:52Z
2026-06-13T21:02:15Z,2026-06-13T23:02:15+0200,37293abf-bd75-40d9-81b7-896ff667771a,2026-05-20T18:15:00Z,2026-05-20T20:15:00+0200,3202.75,MW,FR,FR,forecast_onshore_wind_generation,Wind Onshore,2026-06-13T21:03:52Z
2026-06-13T21:02:15Z,2026-06-13T23:02:15+0200,37293abf-bd75-40d9-81b7-896ff667771a,2026-05-20T18:30:00Z,2026-05-20T20:30:00+0200,3050.96997,MW,FR,FR,forecast_onshore_wind_generation,Wind Onshore,2026-06-13T21:03:52Z
2026-06-13T21:02:15Z,2026-06-13T23:02:15+0200,37293abf-bd75-40d9-81b7-896ff667771a,2026-05-20T18:45:00Z,2026-05-20T20:45:00+0200,2898.89014,MW,FR,FR,forecast_onshore_wind_generation,Wind Onshore,2026-06-13T21:03:52Z
2026-06-13T21:02:15Z,2026-06-13T23:02:15+0200,37293abf-bd75-40d9-81b7-896ff667771a,2026-05-20T19:00:00Z,2026-05-20T21:00:00+0200,2746.83008,MW,FR,FR,forecast_onshore_wind_generation,Wind Onshore,2026-06-13T21:03:52Z
2026-06-13T21:02:15Z,2026-06-13T23:02:15+0200,37293abf-bd75-40d9-81b7-896ff667771a,2026-05-20T19:15:00Z,2026-05-20T21:15:00+0200,2679.56982,MW,FR,FR,forecast_onshore_wind_generation,Wind Onshore,2026-06-13T21:03:52Z
2026-06-13T21:02:15Z,2026-06-13T23:02:15+0200,37293abf-bd75-40d9-81b7-896ff667771a,2026-05-20T19:30:00Z,2026-05-20T21:30:00+0200,2612.38013,MW,FR,FR,forecast_onshore_wind_generation,Wind Onshore,2026-06-13T21:03:52Z
2026-06-13T21:02:15Z,2026-06-13T23:02:15+0200,37293abf-bd75-40d9-81b7-896ff667771a,2026-05-20T19:45:00Z,2026-05-20T21:45:00+0200,2545.12988,MW,FR,FR,forecast_onshore_wind_generation,Wind Onshore,2026-06-13T21:03:52Z
2026-06-13T21:02:15Z,2026-06-13T23:02:15+0200,37293abf-bd75-40d9-81b7-896ff667771a,2026-05-20T20:00:00Z,2026-05-20T22:00:00+0200,2478.02002,MW,FR,FR,forecast_onshore_wind_generation,Wind Onshore,2026-06-13T21:03:52Z
2026-06-13T21:02:15Z,2026-06-13T23:02:15+0200,37293abf-bd75-40d9-81b7-896ff667771a,2026-05-20T20:15:00Z,2026-05-20T22:15:00+0200,2417.62012,MW,FR,FR,forecast_onshore_wind_generation,Wind Onshore,2026-06-13T21:03:52Z
2026-06-13T21:02:15Z,2026-06-13T23:02:15+0200,37293abf-bd75-40d9-81b7-896ff667771a,2026-05-20T20:30:00Z,2026-05-20T22:30:00+0200,2357.22998,MW,FR,FR,forecast_onshore_wind_generation,Wind Onshore,2026-06-13T21:03:52Z
2026-06-13T21:02:15Z,2026-06-13T23:02:15+0200,37293abf-bd75-40d9-81b7-896ff667771a,2026-05-20T20:45:00Z,2026-05-20T22:45:00+0200,2296.76001,MW,FR,FR,forecast_onshore_wind_generation,Wind Onshore,2026-06-13T21:03:52Z
2026-06-13T21:02:15Z,2026-06-13T23:02:15+0200,37293abf-bd75-40d9-81b7-896ff667771a,2026-05-20T21:00:00Z,2026-05-20T23:00:00+0200,2236.34009,MW,FR,FR,forecast_onshore_wind_generation,Wind Onshore,2026-06-13T21:03:52Z
2026-06-13T21:02:15Z,2026-06-13T23:02:15+0200,37293abf-bd75-40d9-81b7-896ff667771a,2026-05-20T21:15:00Z,2026-05-20T23:15:00+0200,2174.45996,MW,FR,FR,forecast_onshore_wind_generation,Wind Onshore,2026-06-13T21:03:52Z
2026-06-13T21:02:15Z,2026-06-13T23:02:15+0200,37293abf-bd75-40d9-81b7-896ff667771a,2026-05-20T21:30:00Z,2026-05-20T23:30:00+0200,2112.64014,MW,FR,FR,forecast_onshore_wind_generation,Wind Onshore,2026-06-13T21:03:52Z
2026-06-13T21:02:15Z,2026-06-13T23:02:15+0200,37293abf-bd75-40d9-81b7-896ff667771a,2026-05-20T21:45:00Z,2026-05-20T23:45:00+0200,2050.86011,MW,FR,FR,forecast_onshore_wind_generation,Wind Onshore,2026-06-13T21:03:52Z
2026-06-13T21:02:15Z,2026-06-13T23:02:15+0200,37293abf-bd75-40d9-81b7-896ff667771a,2026-05-20T22:00:00Z,2026-05-21T00:00:00+0200,1969.96997,MW,FR,FR,forecast_onshore_wind_generation,Wind Onshore,2026-06-13T21:03:52Z
2026-06-13T21:02:15Z,2026-06-13T23:02:15+0200,37293abf-bd75-40d9-81b7-896ff667771a,2026-05-20T22:15:00Z,2026-05-21T00:15:00+0200,1923.42993,MW,FR,FR,forecast_onshore_wind_generation,Wind Onshore,2026-06-13T21:03:52Z
2026-06-13T21:02:15Z,2026-06-13T23:02:15+0200,37293abf-bd75-40d9-81b7-896ff667771a,2026-05-20T22:30:00Z,2026-05-21T00:30:00+0200,1877.68994,MW,FR,FR,forecast_onshore_wind_generation,Wind Onshore,2026-06-13T21:03:52Z
2026-06-13T21:02:15Z,2026-06-13T23:02:15+0200,37293abf-bd75-40d9-81b7-896ff667771a,2026-05-20T22:45:00Z,2026-05-21T00:45:00+0200,1831.82007,MW,FR,FR,forecast_onshore_wind_generation,Wind Onshore,2026-06-13T21:03:52Z
2026-06-13T21:02:15Z,2026-06-13T23:02:15+0200,37293abf-bd75-40d9-81b7-896ff667771a,2026-05-20T23:00:00Z,2026-05-21T01:00:00+0200,1786.69995,MW,FR,FR,forecast_onshore_wind_generation,Wind Onshore,2026-06-13T21:03:52Z
2026-06-13T21:02:15Z,2026-06-13T23:02:15+0200,37293abf-bd75-40d9-81b7-896ff667771a,2026-05-20T23:15:00Z,2026-05-21T01:15:00+0200,1734.78003,MW,FR,FR,forecast_onshore_wind_generation,Wind Onshore,2026-06-13T21:03:52Z
2026-06-13T21:02:15Z,2026-06-13T23:02:15+0200,37293abf-bd75-40d9-81b7-896ff667771a,2026-05-20T23:30:00Z,2026-05-21T01:30:00+0200,1683.32996,MW,FR,FR,forecast_onshore_wind_generation,Wind Onshore,2026-06-13T21:03:52Z
2026-06-13T21:02:15Z,2026-06-13T23:02:15+0200,37293abf-bd75-40d9-81b7-896ff667771a,2026-05-20T23:45:00Z,2026-05-21T01:45:00+0200,1631.73999,MW,FR,FR,forecast_onshore_wind_generation,Wind Onshore,2026-06-13T21:03:52Z
2026-06-13T21:02:15Z,2026-06-13T23:02:15+0200,37293abf-bd75-40d9-81b7-896ff667771a,2026-05-21T00:00:00Z,2026-05-21T02:00:00+0200,1580.57007,MW,FR,FR,forecast_onshore_wind_generation,Wind Onshore,2026-06-13T21:03:52Z
2026-06-13T21:02:15Z,2026-06-13T23:02:15+0200,37293abf-bd75-40d9-81b7-896ff667771a,2026-05-21T00:15:00Z,2026-05-21T02:15:00+0200,1533.86011,MW,FR,FR,forecast_onshore_wind_generation,Wind Onshore,2026-06-13T21:03:52Z
2026-06-13T21:02:15Z,2026-06-13T23:02:15+0200,37293abf-bd75-40d9-81b7-896ff667771a,2026-05-21T00:30:00Z,2026-05-21T02:30:00+0200,1487.64001,MW,FR,FR,forecast_onshore_wind_generation,Wind Onshore,2026-06-13T21:03:52Z
2026-06-13T21:02:15Z,2026-06-13T23:02:15+0200,37293abf-bd75-40d9-81b7-896ff667771a,2026-05-21T00:45:00Z,2026-05-21T02:45:00+0200,1441.96997,MW,FR,FR,forecast_onshore_wind_generation,Wind Onshore,2026-06-13T21:03:52Z
2026-06-13T21:02:15Z,2026-06-13T23:02:15+0200,37293abf-bd75-40d9-81b7-896ff667771a,2026-05-21T01:00:00Z,2026-05-21T03:00:00+0200,1397.19006,MW,FR,FR,forecast_onshore_wind_generation,Wind Onshore,2026-06-13T21:03:52Z
2026-06-13T21:02:15Z,2026-06-13T23:02:15+0200,37293abf-bd75-40d9-81b7-896ff667771a,2026-05-21T01:15:00Z,2026-05-21T03:15:00+0200,1369.44006,MW,FR,FR,forecast_onshore_wind_generation,Wind Onshore,2026-06-13T21:03:52Z
2026-06-13T21:02:15Z,2026-06-13T23:02:15+0200,37293abf-bd75-40d9-81b7-896ff667771a,2026-05-21T01:30:00Z,2026-05-21T03:30:00+0200,1342.47009,MW,FR,FR,forecast_onshore_wind_generation,Wind Onshore,2026-06-13T21:03:52Z
2026-06-13T21:02:15Z,2026-06-13T23:02:15+0200,37293abf-bd75-40d9-81b7-896ff667771a,2026-05-21T01:45:00Z,2026-05-21T03:45:00+0200,1315.80005,MW,FR,FR,forecast_onshore_wind_generation,Wind Onshore,2026-06-13T21:03:52Z
2026-06-13T21:02:15Z,2026-06-13T23:02:15+0200,37293abf-bd75-40d9-81b7-896ff667771a,2026-05-21T02:00:00Z,2026-05-21T04:00:00+0200,1289.95996,MW,FR,FR,forecast_onshore_wind_generation,Wind Onshore,2026-06-13T21:03:52Z
2026-06-13T21:02:15Z,2026-06-13T23:02:15+0200,37293abf-bd75-40d9-81b7-896ff667771a,2026-05-21T02:15:00Z,2026-05-21T04:15:00+0200,1274.27002,MW,FR,FR,forecast_onshore_wind_generation,Wind Onshore,2026-06-13T21:03:52Z
2026-06-13T21:02:15Z,2026-06-13T23:02:15+0200,37293abf-bd75-40d9-81b7-896ff667771a,2026-05-21T02:30:00Z,2026-05-21T04:30:00+0200,1258.90002,MW,FR,FR,forecast_onshore_wind_generation,Wind Onshore,2026-06-13T21:03:52Z
2026-06-13T21:02:15Z,2026-06-13T23:02:15+0200,37293abf-bd75-40d9-81b7-896ff667771a,2026-05-21T02:45:00Z,2026-05-21T04:45:00+0200,1244.13,MW,FR,FR,forecast_onshore_wind_generation,Wind Onshore,2026-06-13T21:03:52Z
2026-06-13T21:02:15Z,2026-06-13T23:02:15+0200,37293abf-bd75-40d9-81b7-896ff667771a,2026-05-21T03:00:00Z,2026-05-21T05:00:00+0200,1229.8501,MW,FR,FR,forecast_onshore_wind_generation,Wind Onshore,2026-06-13T21:03:52Z
2026-06-13T21:02:15Z,2026-06-13T23:02:15+0200,37293abf-bd75-40d9-81b7-896ff667771a,2026-05-21T03:15:00Z,2026-05-21T05:15:00+0200,1225.13,MW,FR,FR,forecast_onshore_wind_generation,Wind Onshore,2026-06-13T21:03:52Z
2026-06-13T21:02:15Z,2026-06-13T23:02:15+0200,37293abf-bd75-40d9-81b7-896ff667771a,2026-05-21T03:30:00Z,2026-05-21T05:30:00+0200,1220.77002,MW,FR,FR,forecast_onshore_wind_generation,Wind Onshore,2026-06-13T21:03:52Z
2026-06-13T21:02:15Z,2026-06-13T23:02:15+0200,37293abf-bd75-40d9-81b7-896ff667771a,2026-05-21T03:45:00Z,2026-05-21T05:45:00+0200,1216.3999,MW,FR,FR,forecast_onshore_wind_generation,Wind Onshore,2026-06-13T21:03:52Z
2026-06-13T21:02:15Z,2026-06-13T23:02:15+0200,37293abf-bd75-40d9-81b7-896ff667771a,2026-05-21T04:00:00Z,2026-05-21T06:00:00+0200,1212.70007,MW,FR,FR,forecast_onshore_wind_generation,Wind Onshore,2026-06-13T21:03:52Z
2026-06-13T21:02:15Z,2026-06-13T23:02:15+0200,37293abf-bd75-40d9-81b7-896ff667771a,2026-05-21T04:15:00Z,2026-05-21T06:15:00+0200,1200.69006,MW,FR,FR,forecast_onshore_wind_generation,Wind Onshore,2026-06-13T21:03:52Z
2026-06-13T21:02:15Z,2026-06-13T23:02:15+0200,37293abf-bd75-40d9-81b7-896ff667771a,2026-05-21T04:30:00Z,2026-05-21T06:30:00+0200,1189.06995,MW,FR,FR,forecast_onshore_wind_generation,Wind Onshore,2026-06-13T21:03:52Z
2026-06-13T21:02:15Z,2026-06-13T23:02:15+0200,37293abf-bd75-40d9-81b7-896ff667771a,2026-05-21T04:45:00Z,2026-05-21T06:45:00+0200,1178.40002,MW,FR,FR,forecast_onshore_wind_generation,Wind Onshore,2026-06-13T21:03:52Z
2026-06-13T21:02:15Z,2026-06-13T23:02:15+0200,37293abf-bd75-40d9-81b7-896ff667771a,2026-05-21T05:00:00Z,2026-05-21T07:00:00+0200,1168.73999,MW,FR,FR,forecast_onshore_wind_generation,Wind Onshore,2026-06-13T21:03:52Z
2026-06-13T21:02:15Z,2026-06-13T23:02:15+0200,37293abf-bd75-40d9-81b7-896ff667771a,2026-05-21T05:15:00Z,2026-05-21T07:15:00+0200,1150.52002,MW,FR,FR,forecast_onshore_wind_generation,Wind Onshore,2026-06-13T21:03:52Z
2026-06-13T21:02:15Z,2026-06-13T23:02:15+0200,37293abf-bd75-40d9-81b7-896ff667771a,2026-05-21T05:30:00Z,2026-05-21T07:30:00+0200,1133.83997,MW,FR,FR,forecast_onshore_wind_generation,Wind Onshore,2026-06-13T21:03:52Z
2026-06-13T21:02:15Z,2026-06-13T23:02:15+0200,37293abf-bd75-40d9-81b7-896ff667771a,2026-05-21T05:45:00Z,2026-05-21T07:45:00+0200,1117.67004,MW,FR,FR,forecast_onshore_wind_generation,Wind Onshore,2026-06-13T21:03:52Z
2026-06-13T21:02:15Z,2026-06-13T23:02:15+0200,37293abf-bd75-40d9-81b7-896ff667771a,2026-05-21T06:00:00Z,2026-05-21T08:00:00+0200,1102.37,MW,FR,FR,forecast_onshore_wind_generation,Wind Onshore,2026-06-13T21:03:52Z
2026-06-13T21:02:15Z,2026-06-13T23:02:15+0200,37293abf-bd75-40d9-81b7-896ff667771a,2026-05-21T06:15:00Z,2026-05-21T08:15:00+0200,1043.41992,MW,FR,FR,forecast_onshore_wind_generation,Wind Onshore,2026-06-13T21:03:52Z
2026-06-13T21:02:15Z,2026-06-13T23:02:15+0200,37293abf-bd75-40d9-81b7-896ff667771a,2026-05-21T06:30:00Z,2026-05-21T08:30:00+0200,985.27002,MW,FR,FR,forecast_onshore_wind_generation,Wind Onshore,2026-06-13T21:03:52Z
2026-06-13T21:02:15Z,2026-06-13T23:02:15+0200,37293abf-bd75-40d9-81b7-896ff667771a,2026-05-21T06:45:00Z,2026-05-21T08:45:00+0200,927.59998,MW,FR,FR,forecast_onshore_wind_generation,Wind Onshore,2026-06-13T21:03:52Z
2026-06-13T21:02:15Z,2026-06-13T23:02:15+0200,37293abf-bd75-40d9-81b7-896ff667771a,2026-05-21T07:00:00Z,2026-05-21T09:00:00+0200,871.30005,MW,FR,FR,forecast_onshore_wind_generation,Wind Onshore,2026-06-13T21:03:52Z
2026-06-13T21:02:15Z,2026-06-13T23:02:15+0200,37293abf-bd75-40d9-81b7-896ff667771a,2026-05-21T07:15:00Z,2026-05-21T09:15:00+0200,791.64001,MW,FR,FR,forecast_onshore_wind_generation,Wind Onshore,2026-06-13T21:03:52Z
2026-06-13T21:02:15Z,2026-06-13T23:02:15+0200,37293abf-bd75-40d9-81b7-896ff667771a,2026-05-21T07:30:00Z,2026-05-21T09:30:00+0200,712.29999,MW,FR,FR,forecast_onshore_wind_generation,Wind Onshore,2026-06-13T21:03:52Z
2026-06-13T21:02:15Z,2026-06-13T23:02:15+0200,37293abf-bd75-40d9-81b7-896ff667771a,2026-05-21T07:45:00Z,2026-05-21T09:45:00+0200,633.14001,MW,FR,FR,forecast_onshore_wind_generation,Wind Onshore,2026-06-13T21:03:52Z
2026-06-13T21:02:15Z,2026-06-13T23:02:15+0200,37293abf-bd75-40d9-81b7-896ff667771a,2026-05-21T08:00:00Z,2026-05-21T10:00:00+0200,554.47998,MW,FR,FR,forecast_onshore_wind_generation,Wind Onshore,2026-06-13T21:03:52Z
2026-06-13T21:02:15Z,2026-06-13T23:02:15+0200,37293abf-bd75-40d9-81b7-896ff667771a,2026-05-21T08:15:00Z,2026-05-21T10:15:00+0200,572.21002,MW,FR,FR,forecast_onshore_wind_generation,Wind Onshore,2026-06-13T21:03:52Z
2026-06-13T21:02:15Z,2026-06-13T23:02:15+0200,37293abf-bd75-40d9-81b7-896ff667771a,2026-05-21T08:30:00Z,2026-05-21T10:30:00+0200,590.74927,MW,FR,FR,forecast_onshore_wind_generation,Wind Onshore,2026-06-13T21:03:52Z
2026-06-13T21:02:15Z,2026-06-13T23:02:15+0200,37293abf-bd75-40d9-81b7-896ff667771a,2026-05-21T08:45:00Z,2026-05-21T10:45:00+0200,346.63943,MW,FR,FR,forecast_onshore_wind_generation,Wind Onshore,2026-06-13T21:03:52Z
2026-06-13T21:02:15Z,2026-06-13T23:02:15+0200,37293abf-bd75-40d9-81b7-896ff667771a,2026-05-21T09:00:00Z,2026-05-21T11:00:00+0200,359.30005,MW,FR,FR,forecast_onshore_wind_generation,Wind Onshore,2026-06-13T21:03:52Z
2026-06-13T21:02:15Z,2026-06-13T23:02:15+0200,37293abf-bd75-40d9-81b7-896ff667771a,2026-05-21T09:15:00Z,2026-05-21T11:15:00+0200,367.98981,MW,FR,FR,forecast_onshore_wind_generation,Wind Onshore,2026-06-13T21:03:52Z
2026-06-13T21:02:15Z,2026-06-13T23:02:15+0200,37293abf-bd75-40d9-81b7-896ff667771a,2026-05-21T09:30:00Z,2026-05-21T11:30:00+0200,377.16977,MW,FR,FR,forecast_onshore_wind_generation,Wind Onshore,2026-06-13T21:03:52Z
2026-06-13T21:02:15Z,2026-06-13T23:02:15+0200,37293abf-bd75-40d9-81b7-896ff667771a,2026-05-21T09:45:00Z,2026-05-21T11:45:00+0200,386.54999,MW,FR,FR,forecast_onshore_wind_generation,Wind Onshore,2026-06-13T21:03:52Z
2026-06-13T21:02:15Z,2026-06-13T23:02:15+0200,37293abf-bd75-40d9-81b7-896ff667771a,2026-05-21T10:00:00Z,2026-05-21T12:00:00+0200,396.4299,MW,FR,FR,forecast_onshore_wind_generation,Wind Onshore,2026-06-13T21:03:52Z
2026-06-13T21:02:15Z,2026-06-13T23:02:15+0200,37293abf-bd75-40d9-81b7-896ff667771a,2026-05-21T10:15:00Z,2026-05-21T12:15:00+0200,664.47998,MW,FR,FR,forecast_onshore_wind_generation,Wind Onshore,2026-06-13T21:03:52Z
2026-06-13T21:02:15Z,2026-06-13T23:02:15+0200,37293abf-bd75-40d9-81b7-896ff667771a,2026-05-21T10:30:00Z,2026-05-21T12:30:00+0200,653.51001,MW,FR,FR,forecast_onshore_wind_generation,Wind Onshore,2026-06-13T21:03:52Z
2026-06-13T21:02:15Z,2026-06-13T23:02:15+0200,37293abf-bd75-40d9-81b7-896ff667771a,2026-05-21T10:45:00Z,2026-05-21T12:45:00+0200,642.72034,MW,FR,FR,forecast_onshore_wind_generation,Wind Onshore,2026-06-13T21:03:52Z
2026-06-13T21:02:15Z,2026-06-13T23:02:15+0200,37293abf-bd75-40d9-81b7-896ff667771a,2026-05-21T11:00:00Z,2026-05-21T13:00:00+0200,371.29956,MW,FR,FR,forecast_onshore_wind_generation,Wind Onshore,2026-06-13T21:03:52Z
2026-06-13T21:02:15Z,2026-06-13T23:02:15+0200,37293abf-bd75-40d9-81b7-896ff667771a,2026-05-21T11:15:00Z,2026-05-21T13:15:00+0200,364.56018,MW,FR,FR,forecast_onshore_wind_generation,Wind Onshore,2026-06-13T21:03:52Z
2026-06-13T21:02:15Z,2026-06-13T23:02:15+0200,37293abf-bd75-40d9-81b7-896ff667771a,2026-05-21T11:30:00Z,2026-05-21T13:30:00+0200,358.06995,MW,FR,FR,forecast_onshore_wind_generation,Wind Onshore,2026-06-13T21:03:52Z
2026-06-13T21:02:15Z,2026-06-13T23:02:15+0200,37293abf-bd75-40d9-81b7-896ff667771a,2026-05-21T11:45:00Z,2026-05-21T13:45:00+0200,351.85968,MW,FR,FR,forecast_onshore_wind_generation,Wind Onshore,2026-06-13T21:03:52Z
2026-06-13T21:02:15Z,2026-06-13T23:02:15+0200,37293abf-bd75-40d9-81b7-896ff667771a,2026-05-21T12:00:00Z,2026-05-21T14:00:00+0200,346.16031,MW,FR,FR,forecast_onshore_wind_generation,Wind Onshore,2026-06-13T21:03:52Z
2026-06-13T21:02:15Z,2026-06-13T23:02:15+0200,37293abf-bd75-40d9-81b7-896ff667771a,2026-05-21T12:15:00Z,2026-05-21T14:15:00+0200,347.85986,MW,FR,FR,forecast_onshore_wind_generation,Wind Onshore,2026-06-13T21:03:52Z
2026-06-13T21:02:15Z,2026-06-13T23:02:15+0200,37293abf-bd75-40d9-81b7-896ff667771a,2026-05-21T12:30:00Z,2026-05-21T14:30:00+0200,350.23016,MW,FR,FR,forecast_onshore_wind_generation,Wind Onshore,2026-06-13T21:03:52Z
2026-06-13T21:02:15Z,2026-06-13T23:02:15+0200,37293abf-bd75-40d9-81b7-896ff667771a,2026-05-21T12:45:00Z,2026-05-21T14:45:00+0200,352.69989,MW,FR,FR,forecast_onshore_wind_generation,Wind Onshore,2026-06-13T21:03:52Z
2026-06-13T21:02:15Z,2026-06-13T23:02:15+0200,37293abf-bd75-40d9-81b7-896ff667771a,2026-05-21T13:00:00Z,2026-05-21T15:00:00+0200,355.35989,MW,FR,FR,forecast_onshore_wind_generation,Wind Onshore,2026-06-13T21:03:52Z
2026-06-13T21:02:15Z,2026-06-13T23:02:15+0200,37293abf-bd75-40d9-81b7-896ff667771a,2026-05-21T13:15:00Z,2026-05-21T15:15:00+0200,359.14001,MW,FR,FR,forecast_onshore_wind_generation,Wind Onshore,2026-06-13T21:03:52Z
2026-06-13T21:02:15Z,2026-06-13T23:02:15+0200,37293abf-bd75-40d9-81b7-896ff667771a,2026-05-21T13:30:00Z,2026-05-21T15:30:00+0200,363.21008,MW,FR,FR,forecast_onshore_wind_generation,Wind Onshore,2026-06-13T21:03:52Z
2026-06-13T21:02:15Z,2026-06-13T23:02:15+0200,37293abf-bd75-40d9-81b7-896ff667771a,2026-05-21T13:45:00Z,2026-05-21T15:45:00+0200,367.43954,MW,FR,FR,forecast_onshore_wind_generation,Wind Onshore,2026-06-13T21:03:52Z
2026-06-13T21:02:15Z,2026-06-13T23:02:15+0200,37293abf-bd75-40d9-81b7-896ff667771a,2026-05-21T14:00:00Z,2026-05-21T16:00:00+0200,371.95956,MW,FR,FR,forecast_onshore_wind_generation,Wind Onshore,2026-06-13T21:03:52Z
2026-06-13T21:02:15Z,2026-06-13T23:02:15+0200,37293abf-bd75-40d9-81b7-896ff667771a,2026-05-21T14:15:00Z,2026-05-21T16:15:00+0200,379.39972,MW,FR,FR,forecast_onshore_wind_generation,Wind Onshore,2026-06-13T21:03:52Z
2026-06-13T21:02:15Z,2026-06-13T23:02:15+0200,37293abf-bd75-40d9-81b7-896ff667771a,2026-05-21T14:30:00Z,2026-05-21T16:30:00+0200,387.08997,MW,FR,FR,forecast_onshore_wind_generation,Wind Onshore,2026-06-13T21:03:52Z
2026-06-13T21:02:15Z,2026-06-13T23:02:15+0200,37293abf-bd75-40d9-81b7-896ff667771a,2026-05-21T14:45:00Z,2026-05-21T16:45:00+0200,394.78973,MW,FR,FR,forecast_onshore_wind_generation,Wind Onshore,2026-06-13T21:03:52Z
2026-06-13T21:02:15Z,2026-06-13T23:02:15+0200,37293abf-bd75-40d9-81b7-896ff667771a,2026-05-21T15:00:00Z,2026-05-21T17:00:00+0200,402.60962,MW,FR,FR,forecast_onshore_wind_generation,Wind Onshore,2026-06-13T21:03:52Z
2026-06-13T21:02:15Z,2026-06-13T23:02:15+0200,37293abf-bd75-40d9-81b7-896ff667771a,2026-05-21T15:15:00Z,2026-05-21T17:15:00+0200,410.32977,MW,FR,FR,forecast_onshore_wind_generation,Wind Onshore,2026-06-13T21:03:52Z
2026-06-13T21:02:15Z,2026-06-13T23:02:15+0200,37293abf-bd75-40d9-81b7-896ff667771a,2026-05-21T15:30:00Z,2026-05-21T17:30:00+0200,719.04071,MW,FR,FR,forecast_onshore_wind_generation,Wind Onshore,2026-06-13T21:03:52Z
2026-06-13T21:02:15Z,2026-06-13T23:02:15+0200,37293abf-bd75-40d9-81b7-896ff667771a,2026-05-21T15:45:00Z,2026-05-21T17:45:00+0200,735.34998,MW,FR,FR,forecast_onshore_wind_generation,Wind Onshore,2026-06-13T21:03:52Z
2026-06-13T21:02:15Z,2026-06-13T23:02:15+0200,37293abf-bd75-40d9-81b7-896ff667771a,2026-05-21T16:00:00Z,2026-05-21T18:00:00+0200,751.58002,MW,FR,FR,forecast_onshore_wind_generation,Wind Onshore,2026-06-13T21:03:52Z
2026-06-13T21:02:15Z,2026-06-13T23:02:15+0200,37293abf-bd75-40d9-81b7-896ff667771a,2026-05-21T16:15:00Z,2026-05-21T18:15:00+0200,773.04999,MW,FR,FR,forecast_onshore_wind_generation,Wind Onshore,2026-06-13T21:03:52Z
2026-06-13T21:02:15Z,2026-06-13T23:02:15+0200,37293abf-bd75-40d9-81b7-896ff667771a,2026-05-21T16:30:00Z,2026-05-21T18:30:00+0200,795.27002,MW,FR,FR,forecast_onshore_wind_generation,Wind Onshore,2026-06-13T21:03:52Z
2026-06-13T21:02:15Z,2026-06-13T23:02:15+0200,37293abf-bd75-40d9-81b7-896ff667771a,2026-05-21T16:45:00Z,2026-05-21T18:45:00+0200,818.76001,MW,FR,FR,forecast_onshore_wind_generation,Wind Onshore,2026-06-13T21:03:52Z
2026-06-13T21:02:15Z,2026-06-13T23:02:15+0200,37293abf-bd75-40d9-81b7-896ff667771a,2026-05-21T17:00:00Z,2026-05-21T19:00:00+0200,842.47003,MW,FR,FR,forecast_onshore_wind_generation,Wind Onshore,2026-06-13T21:03:52Z
2026-06-13T21:02:15Z,2026-06-13T23:02:15+0200,37293abf-bd75-40d9-81b7-896ff667771a,2026-05-21T17:15:00Z,2026-05-21T19:15:00+0200,893.30994,MW,FR,FR,forecast_onshore_wind_generation,Wind Onshore,2026-06-13T21:03:52Z
2026-06-13T21:02:15Z,2026-06-13T23:02:15+0200,37293abf-bd75-40d9-81b7-896ff667771a,2026-05-21T17:30:00Z,2026-05-21T19:30:00+0200,944.40997,MW,FR,FR,forecast_onshore_wind_generation,Wind Onshore,2026-06-13T21:03:52Z
2026-06-13T21:02:15Z,2026-06-13T23:02:15+0200,37293abf-bd75-40d9-81b7-896ff667771a,2026-05-21T17:45:00Z,2026-05-21T19:45:00+0200,995.77002,MW,FR,FR,forecast_onshore_wind_generation,Wind Onshore,2026-06-13T21:03:52Z
2026-06-13T21:02:15Z,2026-06-13T23:02:15+0200,37293abf-bd75-40d9-81b7-896ff667771a,2026-05-21T18:00:00Z,2026-05-21T20:00:00+0200,1047.27991,MW,FR,FR,forecast_onshore_wind_generation,Wind Onshore,2026-06-13T21:03:52Z
2026-06-13T21:02:15Z,2026-06-13T23:02:15+0200,37293abf-bd75-40d9-81b7-896ff667771a,2026-05-21T18:15:00Z,2026-05-21T20:15:00+0200,1170.3999,MW,FR,FR,forecast_onshore_wind_generation,Wind Onshore,2026-06-13T21:03:52Z
2026-06-13T21:02:15Z,2026-06-13T23:02:15+0200,37293abf-bd75-40d9-81b7-896ff667771a,2026-05-21T18:30:00Z,2026-05-21T20:30:00+0200,1293.67993,MW,FR,FR,forecast_onshore_wind_generation,Wind Onshore,2026-06-13T21:03:52Z
2026-06-13T21:02:15Z,2026-06-13T23:02:15+0200,37293abf-bd75-40d9-81b7-896ff667771a,2026-05-21T18:45:00Z,2026-05-21T20:45:00+0200,1417.1499,MW,FR,FR,forecast_onshore_wind_generation,Wind Onshore,2026-06-13T21:03:52Z
2026-06-13T21:02:15Z,2026-06-13T23:02:15+0200,37293abf-bd75-40d9-81b7-896ff667771a,2026-05-21T19:00:00Z,2026-05-21T21:00:00+0200,1540.79993,MW,FR,FR,forecast_onshore_wind_generation,Wind Onshore,2026-06-13T21:03:52Z
2026-06-13T21:02:15Z,2026-06-13T23:02:15+0200,37293abf-bd75-40d9-81b7-896ff667771a,2026-05-21T19:15:00Z,2026-05-21T21:15:00+0200,1713.81006,MW,FR,FR,forecast_onshore_wind_generation,Wind Onshore,2026-06-13T21:03:52Z
2026-06-13T21:02:15Z,2026-06-13T23:02:15+0200,37293abf-bd75-40d9-81b7-896ff667771a,2026-05-21T19:30:00Z,2026-05-21T21:30:00+0200,1887.29993,MW,FR,FR,forecast_onshore_wind_generation,Wind Onshore,2026-06-13T21:03:52Z
2026-06-13T21:02:15Z,2026-06-13T23:02:15+0200,37293abf-bd75-40d9-81b7-896ff667771a,2026-05-21T19:45:00Z,2026-05-21T21:45:00+0200,2060.82983,MW,FR,FR,forecast_onshore_wind_generation,Wind Onshore,2026-06-13T21:03:52Z
2026-06-13T21:02:15Z,2026-06-13T23:02:15+0200,37293abf-bd75-40d9-81b7-896ff667771a,2026-05-21T20:00:00Z,2026-05-21T22:00:00+0200,2234.67993,MW,FR,FR,forecast_onshore_wind_generation,Wind Onshore,2026-06-13T21:03:52Z
2026-06-13T21:02:15Z,2026-06-13T23:02:15+0200,37293abf-bd75-40d9-81b7-896ff667771a,2026-05-21T20:15:00Z,2026-05-21T22:15:00+0200,2348.28003,MW,FR,FR,forecast_onshore_wind_generation,Wind Onshore,2026-06-13T21:03:52Z
2026-06-13T21:02:15Z,2026-06-13T23:02:15+0200,37293abf-bd75-40d9-81b7-896ff667771a,2026-05-21T20:30:00Z,2026-05-21T22:30:00+0200,2462.09009,MW,FR,FR,forecast_onshore_wind_generation,Wind Onshore,2026-06-13T21:03:52Z
2026-06-13T21:02:15Z,2026-06-13T23:02:15+0200,37293abf-bd75-40d9-81b7-896ff667771a,2026-05-21T20:45:00Z,2026-05-21T22:45:00+0200,2575.69995,MW,FR,FR,forecast_onshore_wind_generation,Wind Onshore,2026-06-13T21:03:52Z
2026-06-13T21:02:15Z,2026-06-13T23:02:15+0200,37293abf-bd75-40d9-81b7-896ff667771a,2026-05-21T21:00:00Z,2026-05-21T23:00:00+0200,2689.54004,MW,FR,FR,forecast_onshore_wind_generation,Wind Onshore,2026-06-13T21:03:52Z
2026-06-13T21:02:15Z,2026-06-13T23:02:15+0200,37293abf-bd75-40d9-81b7-896ff667771a,2026-05-21T21:15:00Z,2026-05-21T23:15:00+0200,2739.15991,MW,FR,FR,forecast_onshore_wind_generation,Wind Onshore,2026-06-13T21:03:52Z
2026-06-13T21:02:15Z,2026-06-13T23:02:15+0200,37293abf-bd75-40d9-81b7-896ff667771a,2026-05-21T21:30:00Z,2026-05-21T23:30:00+0200,2788.88989,MW,FR,FR,forecast_onshore_wind_generation,Wind Onshore,2026-06-13T21:03:52Z
2026-06-13T21:02:15Z,2026-06-13T23:02:15+0200,37293abf-bd75-40d9-81b7-896ff667771a,2026-05-21T21:45:00Z,2026-05-21T23:45:00+0200,2838.47998,MW,FR,FR,forecast_onshore_wind_generation,Wind Onshore,2026-06-13T21:03:52Z
2026-06-13T21:02:15Z,2026-06-13T23:02:15+0200,37293abf-bd75-40d9-81b7-896ff667771a,2026-05-21T22:00:00Z,2026-05-22T00:00:00+0200,2822.25,MW,FR,FR,forecast_onshore_wind_generation,Wind Onshore,2026-06-13T21:03:52Z
2026-06-13T21:02:15Z,2026-06-13T23:02:15+0200,37293abf-bd75-40d9-81b7-896ff667771a,2026-05-21T22:15:00Z,2026-05-22T00:15:00+0200,2815.93994,MW,FR,FR,forecast_onshore_wind_generation,Wind Onshore,2026-06-13T21:03:52Z
2026-06-13T21:02:15Z,2026-06-13T23:02:15+0200,37293abf-bd75-40d9-81b7-896ff667771a,2026-05-21T22:30:00Z,2026-05-22T00:30:00+0200,2809.69995,MW,FR,FR,forecast_onshore_wind_generation,Wind Onshore,2026-06-13T21:03:52Z
2026-06-13T21:02:15Z,2026-06-13T23:02:15+0200,37293abf-bd75-40d9-81b7-896ff667771a,2026-05-21T22:45:00Z,2026-05-22T00:45:00+0200,2803.58008,MW,FR,FR,forecast_onshore_wind_generation,Wind Onshore,2026-06-13T21:03:52Z
2026-06-13T21:02:15Z,2026-06-13T23:02:15+0200,37293abf-bd75-40d9-81b7-896ff667771a,2026-05-21T23:00:00Z,2026-05-22T01:00:00+0200,2797.5,MW,FR,FR,forecast_onshore_wind_generation,Wind Onshore,2026-06-13T21:03:52Z
2026-06-13T21:02:15Z,2026-06-13T23:02:15+0200,37293abf-bd75-40d9-81b7-896ff667771a,2026-05-21T23:15:00Z,2026-05-22T01:15:00+0200,2761.75,MW,FR,FR,forecast_onshore_wind_generation,Wind Onshore,2026-06-13T21:03:52Z
2026-06-13T21:02:15Z,2026-06-13T23:02:15+0200,37293abf-bd75-40d9-81b7-896ff667771a,2026-05-21T23:30:00Z,2026-05-22T01:30:00+0200,2726.00977,MW,FR,FR,forecast_onshore_wind_generation,Wind Onshore,2026-06-13T21:03:52Z
2026-06-13T21:02:15Z,2026-06-13T23:02:15+0200,37293abf-bd75-40d9-81b7-896ff667771a,2026-05-21T23:45:00Z,2026-05-22T01:45:00+0200,2690.34985,MW,FR,FR,forecast_onshore_wind_generation,Wind Onshore,2026-06-13T21:03:52Z
2026-06-13T21:02:15Z,2026-06-13T23:02:15+0200,37293abf-bd75-40d9-81b7-896ff667771a,2026-05-22T00:00:00Z,2026-05-22T02:00:00+0200,2654.71997,MW,FR,FR,forecast_onshore_wind_generation,Wind Onshore,2026-06-13T21:03:52Z
2026-06-13T21:02:15Z,2026-06-13T23:02:15+0200,37293abf-bd75-40d9-81b7-896ff667771a,2026-05-22T00:15:00Z,2026-05-22T02:15:00+0200,2615.30005,MW,FR,FR,forecast_onshore_wind_generation,Wind Onshore,2026-06-13T21:03:52Z
2026-06-13T21:02:15Z,2026-06-13T23:02:15+0200,37293abf-bd75-40d9-81b7-896ff667771a,2026-05-22T00:30:00Z,2026-05-22T02:30:00+0200,2575.89014,MW,FR,FR,forecast_onshore_wind_generation,Wind Onshore,2026-06-13T21:03:52Z
2026-06-13T21:02:15Z,2026-06-13T23:02:15+0200,37293abf-bd75-40d9-81b7-896ff667771a,2026-05-22T00:45:00Z,2026-05-22T02:45:00+0200,2536.54004,MW,FR,FR,forecast_onshore_wind_generation,Wind Onshore,2026-06-13T21:03:52Z
2026-06-13T21:02:15Z,2026-06-13T23:02:15+0200,37293abf-bd75-40d9-81b7-896ff667771a,2026-05-22T01:00:00Z,2026-05-22T03:00:00+0200,2497.20996,MW,FR,FR,forecast_onshore_wind_generation,Wind Onshore,2026-06-13T21:03:52Z
2026-06-13T21:02:15Z,2026-06-13T23:02:15+0200,37293abf-bd75-40d9-81b7-896ff667771a,2026-05-22T01:15:00Z,2026-05-22T03:15:00+0200,2469.27002,MW,FR,FR,forecast_onshore_wind_generation,Wind Onshore,2026-06-13T21:03:52Z
2026-06-13T21:02:15Z,2026-06-13T23:02:15+0200,37293abf-bd75-40d9-81b7-896ff667771a,2026-05-22T01:30:00Z,2026-05-22T03:30:00+0200,2441.40991,MW,FR,FR,forecast_onshore_wind_generation,Wind Onshore,2026-06-13T21:03:52Z
2026-06-13T21:02:15Z,2026-06-13T23:02:15+0200,37293abf-bd75-40d9-81b7-896ff667771a,2026-05-22T01:45:00Z,2026-05-22T03:45:00+0200,2413.65015,MW,FR,FR,forecast_onshore_wind_generation,Wind Onshore,2026-06-13T21:03:52Z
2026-06-13T21:02:15Z,2026-06-13T23:02:15+0200,37293abf-bd75-40d9-81b7-896ff667771a,2026-05-22T02:00:00Z,2026-05-22T04:00:00+0200,2385.93994,MW,FR,FR,forecast_onshore_wind_generation,Wind Onshore,2026-06-13T21:03:52Z
2026-06-13T21:02:15Z,2026-06-13T23:02:15+0200,37293abf-bd75-40d9-81b7-896ff667771a,2026-05-22T02:15:00Z,2026-05-22T04:15:00+0200,2378.10986,MW,FR,FR,forecast_onshore_wind_generation,Wind Onshore,2026-06-13T21:03:52Z
2026-06-13T21:02:15Z,2026-06-13T23:02:15+0200,37293abf-bd75-40d9-81b7-896ff667771a,2026-05-22T02:30:00Z,2026-05-22T04:30:00+0200,2370.33008,MW,FR,FR,forecast_onshore_wind_generation,Wind Onshore,2026-06-13T21:03:52Z
2026-06-13T21:02:15Z,2026-06-13T23:02:15+0200,37293abf-bd75-40d9-81b7-896ff667771a,2026-05-22T02:45:00Z,2026-05-22T04:45:00+0200,2362.55005,MW,FR,FR,forecast_onshore_wind_generation,Wind Onshore,2026-06-13T21:03:52Z
2026-06-13T21:02:15Z,2026-06-13T23:02:15+0200,37293abf-bd75-40d9-81b7-896ff667771a,2026-05-22T03:00:00Z,2026-05-22T05:00:00+0200,2354.81006,MW,FR,FR,forecast_onshore_wind_generation,Wind Onshore,2026-06-13T21:03:52Z
2026-06-13T21:02:15Z,2026-06-13T23:02:15+0200,37293abf-bd75-40d9-81b7-896ff667771a,2026-05-22T03:15:00Z,2026-05-22T05:15:00+0200,2367.52979,MW,FR,FR,forecast_onshore_wind_generation,Wind Onshore,2026-06-13T21:03:52Z
2026-06-13T21:02:15Z,2026-06-13T23:02:15+0200,37293abf-bd75-40d9-81b7-896ff667771a,2026-05-22T03:30:00Z,2026-05-22T05:30:00+0200,2380.29004,MW,FR,FR,forecast_onshore_wind_generation,Wind Onshore,2026-06-13T21:03:52Z
2026-06-13T21:02:15Z,2026-06-13T23:02:15+0200,37293abf-bd75-40d9-81b7-896ff667771a,2026-05-22T03:45:00Z,2026-05-22T05:45:00+0200,2393.07983,MW,FR,FR,forecast_onshore_wind_generation,Wind Onshore,2026-06-13T21:03:52Z
2026-06-13T21:02:15Z,2026-06-13T23:02:15+0200,37293abf-bd75-40d9-81b7-896ff667771a,2026-05-22T04:00:00Z,2026-05-22T06:00:00+0200,2405.8999,MW,FR,FR,forecast_onshore_wind_generation,Wind Onshore,2026-06-13T21:03:52Z
2026-06-13T21:02:15Z,2026-06-13T23:02:15+0200,37293abf-bd75-40d9-81b7-896ff667771a,2026-05-22T04:15:00Z,2026-05-22T06:15:00+0200,2399.79004,MW,FR,FR,forecast_onshore_wind_generation,Wind Onshore,2026-06-13T21:03:52Z
2026-06-13T21:02:15Z,2026-06-13T23:02:15+0200,37293abf-bd75-40d9-81b7-896ff667771a,2026-05-22T04:30:00Z,2026-05-22T06:30:00+0200,2393.70996,MW,FR,FR,forecast_onshore_wind_generation,Wind Onshore,2026-06-13T21:03:52Z
2026-06-13T21:02:15Z,2026-06-13T23:02:15+0200,37293abf-bd75-40d9-81b7-896ff667771a,2026-05-22T04:45:00Z,2026-05-22T06:45:00+0200,2387.6499,MW,FR,FR,forecast_onshore_wind_generation,Wind Onshore,2026-06-13T21:03:52Z
2026-06-13T21:02:15Z,2026-06-13T23:02:15+0200,37293abf-bd75-40d9-81b7-896ff667771a,2026-05-22T05:00:00Z,2026-05-22T07:00:00+0200,2381.58008,MW,FR,FR,forecast_onshore_wind_generation,Wind Onshore,2026-06-13T21:03:52Z
2026-06-13T21:02:15Z,2026-06-13T23:02:15+0200,37293abf-bd75-40d9-81b7-896ff667771a,2026-05-22T05:15:00Z,2026-05-22T07:15:00+0200,2322.68018,MW,FR,FR,forecast_onshore_wind_generation,Wind Onshore,2026-06-13T21:03:52Z
2026-06-13T21:02:15Z,2026-06-13T23:02:15+0200,37293abf-bd75-40d9-81b7-896ff667771a,2026-05-22T05:30:00Z,2026-05-22T07:30:00+0200,2263.80005,MW,FR,FR,forecast_onshore_wind_generation,Wind Onshore,2026-06-13T21:03:52Z
2026-06-13T21:02:15Z,2026-06-13T23:02:15+0200,37293abf-bd75-40d9-81b7-896ff667771a,2026-05-22T05:45:00Z,2026-05-22T07:45:00+0200,2205.01001,MW,FR,FR,forecast_onshore_wind_generation,Wind Onshore,2026-06-13T21:03:52Z
2026-06-13T21:02:15Z,2026-06-13T23:02:15+0200,37293abf-bd75-40d9-81b7-896ff667771a,2026-05-22T06:00:00Z,2026-05-22T08:00:00+0200,2146.23999,MW,FR,FR,forecast_onshore_wind_generation,Wind Onshore,2026-06-13T21:03:52Z
2026-06-13T21:02:15Z,2026-06-13T23:02:15+0200,37293abf-bd75-40d9-81b7-896ff667771a,2026-05-22T06:15:00Z,2026-05-22T08:15:00+0200,2065.33008,MW,FR,FR,forecast_onshore_wind_generation,Wind Onshore,2026-06-13T21:03:52Z
2026-06-13T21:02:15Z,2026-06-13T23:02:15+0200,37293abf-bd75-40d9-81b7-896ff667771a,2026-05-22T06:30:00Z,2026-05-22T08:30:00+0200,1984.47998,MW,FR,FR,forecast_onshore_wind_generation,Wind Onshore,2026-06-13T21:03:52Z
2026-06-13T21:02:15Z,2026-06-13T23:02:15+0200,37293abf-bd75-40d9-81b7-896ff667771a,2026-05-22T06:45:00Z,2026-05-22T08:45:00+0200,1903.67004,MW,FR,FR,forecast_onshore_wind_generation,Wind Onshore,2026-06-13T21:03:52Z
2026-06-13T21:02:15Z,2026-06-13T23:02:15+0200,37293abf-bd75-40d9-81b7-896ff667771a,2026-05-22T07:00:00Z,2026-05-22T09:00:00+0200,1822.90015,MW,FR,FR,forecast_onshore_wind_generation,Wind Onshore,2026-06-13T21:03:52Z
2026-06-13T21:02:15Z,2026-06-13T23:02:15+0200,37293abf-bd75-40d9-81b7-896ff667771a,2026-05-22T07:15:00Z,2026-05-22T09:15:00+0200,1568.37,MW,FR,FR,forecast_onshore_wind_generation,Wind Onshore,2026-06-13T21:03:52Z
2026-06-13T21:02:15Z,2026-06-13T23:02:15+0200,37293abf-bd75-40d9-81b7-896ff667771a,2026-05-22T07:30:00Z,2026-05-22T09:30:00+0200,1313.98999,MW,FR,FR,forecast_onshore_wind_generation,Wind Onshore,2026-06-13T21:03:52Z
2026-06-13T21:02:15Z,2026-06-13T23:02:15+0200,37293abf-bd75-40d9-81b7-896ff667771a,2026-05-22T07:45:00Z,2026-05-22T09:45:00+0200,1059.71997,MW,FR,FR,forecast_onshore_wind_generation,Wind Onshore,2026-06-13T21:03:52Z
2026-06-13T21:02:15Z,2026-06-13T23:02:15+0200,37293abf-bd75-40d9-81b7-896ff667771a,2026-05-22T08:00:00Z,2026-05-22T10:00:00+0200,805.5,MW,FR,FR,forecast_onshore_wind_generation,Wind Onshore,2026-06-13T21:03:52Z
2026-06-13T21:02:15Z,2026-06-13T23:02:15+0200,37293abf-bd75-40d9-81b7-896ff667771a,2026-05-22T08:15:00Z,2026-05-22T10:15:00+0200,769.31995,MW,FR,FR,forecast_onshore_wind_generation,Wind Onshore,2026-06-13T21:03:52Z
2026-06-13T21:02:15Z,2026-06-13T23:02:15+0200,37293abf-bd75-40d9-81b7-896ff667771a,2026-05-22T08:30:00Z,2026-05-22T10:30:00+0200,733.13,MW,FR,FR,forecast_onshore_wind_generation,Wind Onshore,2026-06-13T21:03:52Z
2026-06-13T21:02:15Z,2026-06-13T23:02:15+0200,37293abf-bd75-40d9-81b7-896ff667771a,2026-05-22T08:45:00Z,2026-05-22T10:45:00+0200,697.01001,MW,FR,FR,forecast_onshore_wind_generation,Wind Onshore,2026-06-13T21:03:52Z
2026-06-13T21:02:15Z,2026-06-13T23:02:15+0200,37293abf-bd75-40d9-81b7-896ff667771a,2026-05-22T09:00:00Z,2026-05-22T11:00:00+0200,660.91003,MW,FR,FR,forecast_onshore_wind_generation,Wind Onshore,2026-06-13T21:03:52Z
2026-06-13T21:02:15Z,2026-06-13T23:02:15+0200,37293abf-bd75-40d9-81b7-896ff667771a,2026-05-22T09:15:00Z,2026-05-22T11:15:00+0200,666.98004,MW,FR,FR,forecast_onshore_wind_generation,Wind Onshore,2026-06-13T21:03:52Z
2026-06-13T21:02:15Z,2026-06-13T23:02:15+0200,37293abf-bd75-40d9-81b7-896ff667771a,2026-05-22T09:30:00Z,2026-05-22T11:30:00+0200,673.14996,MW,FR,FR,forecast_onshore_wind_generation,Wind Onshore,2026-06-13T21:03:52Z
2026-06-13T21:02:15Z,2026-06-13T23:02:15+0200,37293abf-bd75-40d9-81b7-896ff667771a,2026-05-22T09:45:00Z,2026-05-22T11:45:00+0200,679.29999,MW,FR,FR,forecast_onshore_wind_generation,Wind Onshore,2026-06-13T21:03:52Z
2026-06-13T21:02:15Z,2026-06-13T23:02:15+0200,37293abf-bd75-40d9-81b7-896ff667771a,2026-05-22T10:00:00Z,2026-05-22T12:00:00+0200,685.46002,MW,FR,FR,forecast_onshore_wind_generation,Wind Onshore,2026-06-13T21:03:52Z
2026-06-13T21:02:15Z,2026-06-13T23:02:15+0200,37293abf-bd75-40d9-81b7-896ff667771a,2026-05-22T10:15:00Z,2026-05-22T12:15:00+0200,691.37,MW,FR,FR,forecast_onshore_wind_generation,Wind Onshore,2026-06-13T21:03:52Z
2026-06-13T21:02:15Z,2026-06-13T23:02:15+0200,37293abf-bd75-40d9-81b7-896ff667771a,2026-05-22T10:30:00Z,2026-05-22T12:30:00+0200,697.36053,MW,FR,FR,forecast_onshore_wind_generation,Wind Onshore,2026-06-13T21:03:52Z
2026-06-13T21:02:15Z,2026-06-13T23:02:15+0200,37293abf-bd75-40d9-81b7-896ff667771a,2026-05-22T10:45:00Z,2026-05-22T12:45:00+0200,419.17987,MW,FR,FR,forecast_onshore_wind_generation,Wind Onshore,2026-06-13T21:03:52Z
2026-06-13T21:02:15Z,2026-06-13T23:02:15+0200,37293abf-bd75-40d9-81b7-896ff667771a,2026-05-22T11:00:00Z,2026-05-22T13:00:00+0200,422.69037,MW,FR,FR,forecast_onshore_wind_generation,Wind Onshore,2026-06-13T21:03:52Z
2026-06-13T21:02:15Z,2026-06-13T23:02:15+0200,37293abf-bd75-40d9-81b7-896ff667771a,2026-05-22T11:15:00Z,2026-05-22T13:15:00+0200,421.78995,MW,FR,FR,forecast_onshore_wind_generation,Wind Onshore,2026-06-13T21:03:52Z
2026-06-13T21:02:15Z,2026-06-13T23:02:15+0200,37293abf-bd75-40d9-81b7-896ff667771a,2026-05-22T11:30:00Z,2026-05-22T13:30:00+0200,421.03009,MW,FR,FR,forecast_onshore_wind_generation,Wind Onshore,2026-06-13T21:03:52Z
2026-06-13T21:02:15Z,2026-06-13T23:02:15+0200,37293abf-bd75-40d9-81b7-896ff667771a,2026-05-22T11:45:00Z,2026-05-22T13:45:00+0200,420.68042,MW,FR,FR,forecast_onshore_wind_generation,Wind Onshore,2026-06-13T21:03:52Z
2026-06-13T21:02:15Z,2026-06-13T23:02:15+0200,37293abf-bd75-40d9-81b7-896ff667771a,2026-05-22T12:00:00Z,2026-05-22T14:00:00+0200,419.78021,MW,FR,FR,forecast_onshore_wind_generation,Wind Onshore,2026-06-13T21:03:52Z
2026-06-13T21:02:15Z,2026-06-13T23:02:15+0200,37293abf-bd75-40d9-81b7-896ff667771a,2026-05-22T12:15:00Z,2026-05-22T14:15:00+0200,422.71036,MW,FR,FR,forecast_onshore_wind_generation,Wind Onshore,2026-06-13T21:03:52Z
2026-06-13T21:02:15Z,2026-06-13T23:02:15+0200,37293abf-bd75-40d9-81b7-896ff667771a,2026-05-22T12:30:00Z,2026-05-22T14:30:00+0200,425.84006,MW,FR,FR,forecast_onshore_wind_generation,Wind Onshore,2026-06-13T21:03:52Z
2026-06-13T21:02:15Z,2026-06-13T23:02:15+0200,37293abf-bd75-40d9-81b7-896ff667771a,2026-05-22T12:45:00Z,2026-05-22T14:45:00+0200,429.03018,MW,FR,FR,forecast_onshore_wind_generation,Wind Onshore,2026-06-13T21:03:52Z
2026-06-13T21:02:15Z,2026-06-13T23:02:15+0200,37293abf-bd75-40d9-81b7-896ff667771a,2026-05-22T13:00:00Z,2026-05-22T15:00:00+0200,432.27017,MW,FR,FR,forecast_onshore_wind_generation,Wind Onshore,2026-06-13T21:03:52Z
2026-06-13T21:02:15Z,2026-06-13T23:02:15+0200,37293abf-bd75-40d9-81b7-896ff667771a,2026-05-22T13:15:00Z,2026-05-22T15:15:00+0200,435.63983,MW,FR,FR,forecast_onshore_wind_generation,Wind Onshore,2026-06-13T21:03:52Z
2026-06-13T21:02:15Z,2026-06-13T23:02:15+0200,37293abf-bd75-40d9-81b7-896ff667771a,2026-05-22T13:30:00Z,2026-05-22T15:30:00+0200,439.2699,MW,FR,FR,forecast_onshore_wind_generation,Wind Onshore,2026-06-13T21:03:52Z
2026-06-13T21:02:15Z,2026-06-13T23:02:15+0200,37293abf-bd75-40d9-81b7-896ff667771a,2026-05-22T13:45:00Z,2026-05-22T15:45:00+0200,442.6701,MW,FR,FR,forecast_onshore_wind_generation,Wind Onshore,2026-06-13T21:03:52Z
2026-06-13T21:02:15Z,2026-06-13T23:02:15+0200,37293abf-bd75-40d9-81b7-896ff667771a,2026-05-22T14:00:00Z,2026-05-22T16:00:00+0200,446.44992,MW,FR,FR,forecast_onshore_wind_generation,Wind Onshore,2026-06-13T21:03:52Z
2026-06-13T21:02:15Z,2026-06-13T23:02:15+0200,37293abf-bd75-40d9-81b7-896ff667771a,2026-05-22T14:15:00Z,2026-05-22T16:15:00+0200,451.8103,MW,FR,FR,forecast_onshore_wind_generation,Wind Onshore,2026-06-13T21:03:52Z
2026-06-13T21:02:15Z,2026-06-13T23:02:15+0200,37293abf-bd75-40d9-81b7-896ff667771a,2026-05-22T14:30:00Z,2026-05-22T16:30:00+0200,456.96997,MW,FR,FR,forecast_onshore_wind_generation,Wind Onshore,2026-06-13T21:03:52Z
2026-06-13T21:02:15Z,2026-06-13T23:02:15+0200,37293abf-bd75-40d9-81b7-896ff667771a,2026-05-22T14:45:00Z,2026-05-22T16:45:00+0200,462.19965,MW,FR,FR,forecast_onshore_wind_generation,Wind Onshore,2026-06-13T21:03:52Z
2026-06-13T21:02:15Z,2026-06-13T23:02:15+0200,37293abf-bd75-40d9-81b7-896ff667771a,2026-05-22T15:00:00Z,2026-05-22T17:00:00+0200,765.8197,MW,FR,FR,forecast_onshore_wind_generation,Wind Onshore,2026-06-13T21:03:52Z
2026-06-13T21:02:15Z,2026-06-13T23:02:15+0200,37293abf-bd75-40d9-81b7-896ff667771a,2026-05-22T15:15:00Z,2026-05-22T17:15:00+0200,771.57007,MW,FR,FR,forecast_onshore_wind_generation,Wind Onshore,2026-06-13T21:03:52Z
2026-06-13T21:02:15Z,2026-06-13T23:02:15+0200,37293abf-bd75-40d9-81b7-896ff667771a,2026-05-22T15:30:00Z,2026-05-22T17:30:00+0200,777.20996,MW,FR,FR,forecast_onshore_wind_generation,Wind Onshore,2026-06-13T21:03:52Z
2026-06-13T21:02:15Z,2026-06-13T23:02:15+0200,37293abf-bd75-40d9-81b7-896ff667771a,2026-05-22T15:45:00Z,2026-05-22T17:45:00+0200,782.80994,MW,FR,FR,forecast_onshore_wind_generation,Wind Onshore,2026-06-13T21:03:52Z
2026-06-13T21:02:15Z,2026-06-13T23:02:15+0200,37293abf-bd75-40d9-81b7-896ff667771a,2026-05-22T16:00:00Z,2026-05-22T18:00:00+0200,788.38995,MW,FR,FR,forecast_onshore_wind_generation,Wind Onshore,2026-06-13T21:03:52Z
2026-06-13T21:02:15Z,2026-06-13T23:02:15+0200,37293abf-bd75-40d9-81b7-896ff667771a,2026-05-22T16:15:00Z,2026-05-22T18:15:00+0200,805.64996,MW,FR,FR,forecast_onshore_wind_generation,Wind Onshore,2026-06-13T21:03:52Z
2026-06-13T21:02:15Z,2026-06-13T23:02:15+0200,37293abf-bd75-40d9-81b7-896ff667771a,2026-05-22T16:30:00Z,2026-05-22T18:30:00+0200,822.97003,MW,FR,FR,forecast_onshore_wind_generation,Wind Onshore,2026-06-13T21:03:52Z
2026-06-13T21:02:15Z,2026-06-13T23:02:15+0200,37293abf-bd75-40d9-81b7-896ff667771a,2026-05-22T16:45:00Z,2026-05-22T18:45:00+0200,840.35999,MW,FR,FR,forecast_onshore_wind_generation,Wind Onshore,2026-06-13T21:03:52Z
2026-06-13T21:02:15Z,2026-06-13T23:02:15+0200,37293abf-bd75-40d9-81b7-896ff667771a,2026-05-22T17:00:00Z,2026-05-22T19:00:00+0200,857.77002,MW,FR,FR,forecast_onshore_wind_generation,Wind Onshore,2026-06-13T21:03:52Z
2026-06-13T21:02:15Z,2026-06-13T23:02:15+0200,37293abf-bd75-40d9-81b7-896ff667771a,2026-05-22T17:15:00Z,2026-05-22T19:15:00+0200,907.53998,MW,FR,FR,forecast_onshore_wind_generation,Wind Onshore,2026-06-13T21:03:52Z
2026-06-13T21:02:15Z,2026-06-13T23:02:15+0200,37293abf-bd75-40d9-81b7-896ff667771a,2026-05-22T17:30:00Z,2026-05-22T19:30:00+0200,957.42993,MW,FR,FR,forecast_onshore_wind_generation,Wind Onshore,2026-06-13T21:03:52Z
2026-06-13T21:02:15Z,2026-06-13T23:02:15+0200,37293abf-bd75-40d9-81b7-896ff667771a,2026-05-22T17:45:00Z,2026-05-22T19:45:00+0200,1007.31995,MW,FR,FR,forecast_onshore_wind_generation,Wind Onshore,2026-06-13T21:03:52Z
2026-06-13T21:02:15Z,2026-06-13T23:02:15+0200,37293abf-bd75-40d9-81b7-896ff667771a,2026-05-22T18:00:00Z,2026-05-22T20:00:00+0200,1057.21997,MW,FR,FR,forecast_onshore_wind_generation,Wind Onshore,2026-06-13T21:03:52Z
2026-06-13T21:02:15Z,2026-06-13T23:02:15+0200,37293abf-bd75-40d9-81b7-896ff667771a,2026-05-22T18:15:00Z,2026-05-22T20:15:00+0200,1157.43994,MW,FR,FR,forecast_onshore_wind_generation,Wind Onshore,2026-06-13T21:03:52Z
2026-06-13T21:02:15Z,2026-06-13T23:02:15+0200,37293abf-bd75-40d9-81b7-896ff667771a,2026-05-22T18:30:00Z,2026-05-22T20:30:00+0200,1257.68005,MW,FR,FR,forecast_onshore_wind_generation,Wind Onshore,2026-06-13T21:03:52Z
2026-06-13T21:02:15Z,2026-06-13T23:02:15+0200,37293abf-bd75-40d9-81b7-896ff667771a,2026-05-22T18:45:00Z,2026-05-22T20:45:00+0200,1357.8999,MW,FR,FR,forecast_onshore_wind_generation,Wind Onshore,2026-06-13T21:03:52Z
2026-06-13T21:02:15Z,2026-06-13T23:02:15+0200,37293abf-bd75-40d9-81b7-896ff667771a,2026-05-22T19:00:00Z,2026-05-22T21:00:00+0200,1458.15002,MW,FR,FR,forecast_onshore_wind_generation,Wind Onshore,2026-06-13T21:03:52Z
2026-06-13T21:02:15Z,2026-06-13T23:02:15+0200,37293abf-bd75-40d9-81b7-896ff667771a,2026-05-22T19:15:00Z,2026-05-22T21:15:00+0200,1578.8501,MW,FR,FR,forecast_onshore_wind_generation,Wind Onshore,2026-06-13T21:03:52Z
2026-06-13T21:02:15Z,2026-06-13T23:02:15+0200,37293abf-bd75-40d9-81b7-896ff667771a,2026-05-22T19:30:00Z,2026-05-22T21:30:00+0200,1699.56006,MW,FR,FR,forecast_onshore_wind_generation,Wind Onshore,2026-06-13T21:03:52Z
2026-06-13T21:02:15Z,2026-06-13T23:02:15+0200,37293abf-bd75-40d9-81b7-896ff667771a,2026-05-22T19:45:00Z,2026-05-22T21:45:00+0200,1820.21997,MW,FR,FR,forecast_onshore_wind_generation,Wind Onshore,2026-06-13T21:03:52Z
2026-06-13T21:02:15Z,2026-06-13T23:02:15+0200,37293abf-bd75-40d9-81b7-896ff667771a,2026-05-22T20:00:00Z,2026-05-22T22:00:00+0200,1940.90002,MW,FR,FR,forecast_onshore_wind_generation,Wind Onshore,2026-06-13T21:03:52Z
2026-06-13T21:02:15Z,2026-06-13T23:02:15+0200,37293abf-bd75-40d9-81b7-896ff667771a,2026-05-22T20:15:00Z,2026-05-22T22:15:00+0200,2025.69995,MW,FR,FR,forecast_onshore_wind_generation,Wind Onshore,2026-06-13T21:03:52Z
2026-06-13T21:02:15Z,2026-06-13T23:02:15+0200,37293abf-bd75-40d9-81b7-896ff667771a,2026-05-22T20:30:00Z,2026-05-22T22:30:00+0200,2110.48999,MW,FR,FR,forecast_onshore_wind_generation,Wind Onshore,2026-06-13T21:03:52Z
2026-06-13T21:02:15Z,2026-06-13T23:02:15+0200,37293abf-bd75-40d9-81b7-896ff667771a,2026-05-22T20:45:00Z,2026-05-22T22:45:00+0200,2195.28003,MW,FR,FR,forecast_onshore_wind_generation,Wind Onshore,2026-06-13T21:03:52Z
2026-06-13T21:02:15Z,2026-06-13T23:02:15+0200,37293abf-bd75-40d9-81b7-896ff667771a,2026-05-22T21:00:00Z,2026-05-22T23:00:00+0200,2280.09985,MW,FR,FR,forecast_onshore_wind_generation,Wind Onshore,2026-06-13T21:03:52Z
2026-06-13T21:02:15Z,2026-06-13T23:02:15+0200,37293abf-bd75-40d9-81b7-896ff667771a,2026-05-22T21:15:00Z,2026-05-22T23:15:00+0200,2291.55005,MW,FR,FR,forecast_onshore_wind_generation,Wind Onshore,2026-06-13T21:03:52Z
2026-06-13T21:02:15Z,2026-06-13T23:02:15+0200,37293abf-bd75-40d9-81b7-896ff667771a,2026-05-22T21:30:00Z,2026-05-22T23:30:00+0200,2302.97998,MW,FR,FR,forecast_onshore_wind_generation,Wind Onshore,2026-06-13T21:03:52Z
2026-06-13T21:02:15Z,2026-06-13T23:02:15+0200,37293abf-bd75-40d9-81b7-896ff667771a,2026-05-22T21:45:00Z,2026-05-22T23:45:00+0200,2314.43994,MW,FR,FR,forecast_onshore_wind_generation,Wind Onshore,2026-06-13T21:03:52Z
2026-06-13T21:02:15Z,2026-06-13T23:02:15+0200,37293abf-bd75-40d9-81b7-896ff667771a,2026-05-22T22:00:00Z,2026-05-23T00:00:00+0200,2227.03003,MW,FR,FR,forecast_onshore_wind_generation,Wind Onshore,2026-06-13T21:03:52Z
2026-06-13T21:02:15Z,2026-06-13T23:02:15+0200,37293abf-bd75-40d9-81b7-896ff667771a,2026-05-22T22:15:00Z,2026-05-23T00:15:00+0200,2228.27002,MW,FR,FR,forecast_onshore_wind_generation,Wind Onshore,2026-06-13T21:03:52Z
2026-06-13T21:02:15Z,2026-06-13T23:02:15+0200,37293abf-bd75-40d9-81b7-896ff667771a,2026-05-22T22:30:00Z,2026-05-23T00:30:00+0200,2229.55005,MW,FR,FR,forecast_onshore_wind_generation,Wind Onshore,2026-06-13T21:03:52Z
2026-06-13T21:02:15Z,2026-06-13T23:02:15+0200,37293abf-bd75-40d9-81b7-896ff667771a,2026-05-22T22:45:00Z,2026-05-23T00:45:00+0200,2230.83008,MW,FR,FR,forecast_onshore_wind_generation,Wind Onshore,2026-06-13T21:03:52Z
2026-06-13T21:02:15Z,2026-06-13T23:02:15+0200,37293abf-bd75-40d9-81b7-896ff667771a,2026-05-22T23:00:00Z,2026-05-23T01:00:00+0200,2232.13989,MW,FR,FR,forecast_onshore_wind_generation,Wind Onshore,2026-06-13T21:03:52Z
2026-06-13T21:02:15Z,2026-06-13T23:02:15+0200,37293abf-bd75-40d9-81b7-896ff667771a,2026-05-22T23:15:00Z,2026-05-23T01:15:00+0200,2227.2998,MW,FR,FR,forecast_onshore_wind_generation,Wind Onshore,2026-06-13T21:03:52Z
2026-06-13T21:02:15Z,2026-06-13T23:02:15+0200,37293abf-bd75-40d9-81b7-896ff667771a,2026-05-22T23:30:00Z,2026-05-23T01:30:00+0200,2222.52002,MW,FR,FR,forecast_onshore_wind_generation,Wind Onshore,2026-06-13T21:03:52Z
2026-06-13T21:02:15Z,2026-06-13T23:02:15+0200,37293abf-bd75-40d9-81b7-896ff667771a,2026-05-22T23:45:00Z,2026-05-23T01:45:00+0200,2217.73999,MW,FR,FR,forecast_onshore_wind_generation,Wind Onshore,2026-06-13T21:03:52Z
2026-06-13T21:02:15Z,2026-06-13T23:02:15+0200,37293abf-bd75-40d9-81b7-896ff667771a,2026-05-23T00:00:00Z,2026-05-23T02:00:00+0200,2213.06982,MW,FR,FR,forecast_onshore_wind_generation,Wind Onshore,2026-06-13T21:03:52Z
2026-06-13T21:02:15Z,2026-06-13T23:02:15+0200,37293abf-bd75-40d9-81b7-896ff667771a,2026-05-23T00:15:00Z,2026-05-23T02:15:00+0200,2203.07007,MW,FR,FR,forecast_onshore_wind_generation,Wind Onshore,2026-06-13T21:03:52Z
2026-06-13T21:02:15Z,2026-06-13T23:02:15+0200,37293abf-bd75-40d9-81b7-896ff667771a,2026-05-23T00:30:00Z,2026-05-23T02:30:00+0200,2193.12012,MW,FR,FR,forecast_onshore_wind_generation,Wind Onshore,2026-06-13T21:03:52Z
2026-06-13T21:02:15Z,2026-06-13T23:02:15+0200,37293abf-bd75-40d9-81b7-896ff667771a,2026-05-23T00:45:00Z,2026-05-23T02:45:00+0200,2183.17993,MW,FR,FR,forecast_onshore_wind_generation,Wind Onshore,2026-06-13T21:03:52Z
2026-06-13T21:02:15Z,2026-06-13T23:02:15+0200,37293abf-bd75-40d9-81b7-896ff667771a,2026-05-23T01:00:00Z,2026-05-23T03:00:00+0200,2173.27002,MW,FR,FR,forecast_onshore_wind_generation,Wind Onshore,2026-06-13T21:03:52Z
2026-06-13T21:02:15Z,2026-06-13T23:02:15+0200,37293abf-bd75-40d9-81b7-896ff667771a,2026-05-23T01:15:00Z,2026-05-23T03:15:00+0200,2178.19995,MW,FR,FR,forecast_onshore_wind_generation,Wind Onshore,2026-06-13T21:03:52Z
2026-06-13T21:02:15Z,2026-06-13T23:02:15+0200,37293abf-bd75-40d9-81b7-896ff667771a,2026-05-23T01:30:00Z,2026-05-23T03:30:00+0200,2183.15991,MW,FR,FR,forecast_onshore_wind_generation,Wind Onshore,2026-06-13T21:03:52Z
2026-06-13T21:02:15Z,2026-06-13T23:02:15+0200,37293abf-bd75-40d9-81b7-896ff667771a,2026-05-23T01:45:00Z,2026-05-23T03:45:00+0200,2188.11011,MW,FR,FR,forecast_onshore_wind_generation,Wind Onshore,2026-06-13T21:03:52Z
2026-06-13T21:02:15Z,2026-06-13T23:02:15+0200,37293abf-bd75-40d9-81b7-896ff667771a,2026-05-23T02:00:00Z,2026-05-23T04:00:00+0200,2193.07007,MW,FR,FR,forecast_onshore_wind_generation,Wind Onshore,2026-06-13T21:03:52Z
2026-06-13T21:02:15Z,2026-06-13T23:02:15+0200,37293abf-bd75-40d9-81b7-896ff667771a,2026-05-23T02:15:00Z,2026-05-23T04:15:00+0200,2218.29004,MW,FR,FR,forecast_onshore_wind_generation,Wind Onshore,2026-06-13T21:03:52Z
2026-06-13T21:02:15Z,2026-06-13T23:02:15+0200,37293abf-bd75-40d9-81b7-896ff667771a,2026-05-23T02:30:00Z,2026-05-23T04:30:00+0200,2243.51001,MW,FR,FR,forecast_onshore_wind_generation,Wind Onshore,2026-06-13T21:03:52Z
2026-06-13T21:02:15Z,2026-06-13T23:02:15+0200,37293abf-bd75-40d9-81b7-896ff667771a,2026-05-23T02:45:00Z,2026-05-23T04:45:00+0200,2268.73999,MW,FR,FR,forecast_onshore_wind_generation,Wind Onshore,2026-06-13T21:03:52Z
2026-06-13T21:02:15Z,2026-06-13T23:02:15+0200,37293abf-bd75-40d9-81b7-896ff667771a,2026-05-23T03:00:00Z,2026-05-23T05:00:00+0200,2293.96997,MW,FR,FR,forecast_onshore_wind_generation,Wind Onshore,2026-06-13T21:03:52Z
2026-06-13T21:02:15Z,2026-06-13T23:02:15+0200,37293abf-bd75-40d9-81b7-896ff667771a,2026-05-23T03:15:00Z,2026-05-23T05:15:00+0200,2332.44995,MW,FR,FR,forecast_onshore_wind_generation,Wind Onshore,2026-06-13T21:03:52Z
2026-06-13T21:02:15Z,2026-06-13T23:02:15+0200,37293abf-bd75-40d9-81b7-896ff667771a,2026-05-23T03:30:00Z,2026-05-23T05:30:00+0200,2370.9502,MW,FR,FR,forecast_onshore_wind_generation,Wind Onshore,2026-06-13T21:03:52Z
2026-06-13T21:02:15Z,2026-06-13T23:02:15+0200,37293abf-bd75-40d9-81b7-896ff667771a,2026-05-23T03:45:00Z,2026-05-23T05:45:00+0200,2409.4502,MW,FR,FR,forecast_onshore_wind_generation,Wind Onshore,2026-06-13T21:03:52Z
2026-06-13T21:02:15Z,2026-06-13T23:02:15+0200,37293abf-bd75-40d9-81b7-896ff667771a,2026-05-23T04:00:00Z,2026-05-23T06:00:00+0200,2447.95996,MW,FR,FR,forecast_onshore_wind_generation,Wind Onshore,2026-06-13T21:03:52Z
2026-06-13T21:02:15Z,2026-06-13T23:02:15+0200,37293abf-bd75-40d9-81b7-896ff667771a,2026-05-23T04:15:00Z,2026-05-23T06:15:00+0200,2457.45996,MW,FR,FR,forecast_onshore_wind_generation,Wind Onshore,2026-06-13T21:03:52Z
2026-06-13T21:02:15Z,2026-06-13T23:02:15+0200,37293abf-bd75-40d9-81b7-896ff667771a,2026-05-23T04:30:00Z,2026-05-23T06:30:00+0200,2466.97998,MW,FR,FR,forecast_onshore_wind_generation,Wind Onshore,2026-06-13T21:03:52Z
2026-06-13T21:02:15Z,2026-06-13T23:02:15+0200,37293abf-bd75-40d9-81b7-896ff667771a,2026-05-23T04:45:00Z,2026-05-23T06:45:00+0200,2476.51001,MW,FR,FR,forecast_onshore_wind_generation,Wind Onshore,2026-06-13T21:03:52Z
2026-06-13T21:02:15Z,2026-06-13T23:02:15+0200,37293abf-bd75-40d9-81b7-896ff667771a,2026-05-23T05:00:00Z,2026-05-23T07:00:00+0200,2486.05005,MW,FR,FR,forecast_onshore_wind_generation,Wind Onshore,2026-06-13T21:03:52Z
2026-06-13T21:02:15Z,2026-06-13T23:02:15+0200,37293abf-bd75-40d9-81b7-896ff667771a,2026-05-23T05:15:00Z,2026-05-23T07:15:00+0200,2382.54004,MW,FR,FR,forecast_onshore_wind_generation,Wind Onshore,2026-06-13T21:03:52Z
2026-06-13T21:02:15Z,2026-06-13T23:02:15+0200,37293abf-bd75-40d9-81b7-896ff667771a,2026-05-23T05:30:00Z,2026-05-23T07:30:00+0200,2279.03003,MW,FR,FR,forecast_onshore_wind_generation,Wind Onshore,2026-06-13T21:03:52Z
2026-06-13T21:02:15Z,2026-06-13T23:02:15+0200,37293abf-bd75-40d9-81b7-896ff667771a,2026-05-23T05:45:00Z,2026-05-23T07:45:00+0200,2175.55005,MW,FR,FR,forecast_onshore_wind_generation,Wind Onshore,2026-06-13T21:03:52Z
2026-06-13T21:02:15Z,2026-06-13T23:02:15+0200,37293abf-bd75-40d9-81b7-896ff667771a,2026-05-23T06:00:00Z,2026-05-23T08:00:00+0200,2072.09985,MW,FR,FR,forecast_onshore_wind_generation,Wind Onshore,2026-06-13T21:03:52Z
2026-06-13T21:02:15Z,2026-06-13T23:02:15+0200,37293abf-bd75-40d9-81b7-896ff667771a,2026-05-23T06:15:00Z,2026-05-23T08:15:00+0200,1979.54004,MW,FR,FR,forecast_onshore_wind_generation,Wind Onshore,2026-06-13T21:03:52Z
2026-06-13T21:02:15Z,2026-06-13T23:02:15+0200,37293abf-bd75-40d9-81b7-896ff667771a,2026-05-23T06:30:00Z,2026-05-23T08:30:00+0200,1886.97998,MW,FR,FR,forecast_onshore_wind_generation,Wind Onshore,2026-06-13T21:03:52Z
2026-06-13T21:02:15Z,2026-06-13T23:02:15+0200,37293abf-bd75-40d9-81b7-896ff667771a,2026-05-23T06:45:00Z,2026-05-23T08:45:00+0200,1794.41992,MW,FR,FR,forecast_onshore_wind_generation,Wind Onshore,2026-06-13T21:03:52Z
2026-06-13T21:02:15Z,2026-06-13T23:02:15+0200,37293abf-bd75-40d9-81b7-896ff667771a,2026-05-23T07:00:00Z,2026-05-23T09:00:00+0200,1701.93994,MW,FR,FR,forecast_onshore_wind_generation,Wind Onshore,2026-06-13T21:03:52Z
2026-06-13T21:02:15Z,2026-06-13T23:02:15+0200,37293abf-bd75-40d9-81b7-896ff667771a,2026-05-23T07:15:00Z,2026-05-23T09:15:00+0200,1470.71997,MW,FR,FR,forecast_onshore_wind_generation,Wind Onshore,2026-06-13T21:03:52Z
2026-06-13T21:02:15Z,2026-06-13T23:02:15+0200,37293abf-bd75-40d9-81b7-896ff667771a,2026-05-23T07:30:00Z,2026-05-23T09:30:00+0200,1239.70996,MW,FR,FR,forecast_onshore_wind_generation,Wind Onshore,2026-06-13T21:03:52Z
2026-06-13T21:02:15Z,2026-06-13T23:02:15+0200,37293abf-bd75-40d9-81b7-896ff667771a,2026-05-23T07:45:00Z,2026-05-23T09:45:00+0200,1008.98053,MW,FR,FR,forecast_onshore_wind_generation,Wind Onshore,2026-06-13T21:03:52Z
2026-06-13T21:02:15Z,2026-06-13T23:02:15+0200,37293abf-bd75-40d9-81b7-896ff667771a,2026-05-23T08:00:00Z,2026-05-23T10:00:00+0200,476.09979,MW,FR,FR,forecast_onshore_wind_generation,Wind Onshore,2026-06-13T21:03:52Z
2026-06-13T21:02:15Z,2026-06-13T23:02:15+0200,37293abf-bd75-40d9-81b7-896ff667771a,2026-05-23T08:15:00Z,2026-05-23T10:15:00+0200,456.22955,MW,FR,FR,forecast_onshore_wind_generation,Wind Onshore,2026-06-13T21:03:52Z
2026-06-13T21:02:15Z,2026-06-13T23:02:15+0200,37293abf-bd75-40d9-81b7-896ff667771a,2026-05-23T08:30:00Z,2026-05-23T10:30:00+0200,274.6701,MW,FR,FR,forecast_onshore_wind_generation,Wind Onshore,2026-06-13T21:03:52Z
2026-06-13T21:02:15Z,2026-06-13T23:02:15+0200,37293abf-bd75-40d9-81b7-896ff667771a,2026-05-23T08:45:00Z,2026-05-23T10:45:00+0200,259.13007,MW,FR,FR,forecast_onshore_wind_generation,Wind Onshore,2026-06-13T21:03:52Z
2026-06-13T21:02:15Z,2026-06-13T23:02:15+0200,37293abf-bd75-40d9-81b7-896ff667771a,2026-05-23T09:00:00Z,2026-05-23T11:00:00+0200,243.88998,MW,FR,FR,forecast_onshore_wind_generation,Wind Onshore,2026-06-13T21:03:52Z
2026-06-13T21:02:15Z,2026-06-13T23:02:15+0200,37293abf-bd75-40d9-81b7-896ff667771a,2026-05-23T09:15:00Z,2026-05-23T11:15:00+0200,255.35983,MW,FR,FR,forecast_onshore_wind_generation,Wind Onshore,2026-06-13T21:03:52Z
2026-06-13T21:02:15Z,2026-06-13T23:02:15+0200,37293abf-bd75-40d9-81b7-896ff667771a,2026-05-23T09:30:00Z,2026-05-23T11:30:00+0200,266.59006,MW,FR,FR,forecast_onshore_wind_generation,Wind Onshore,2026-06-13T21:03:52Z
2026-06-13T21:02:15Z,2026-06-13T23:02:15+0200,37293abf-bd75-40d9-81b7-896ff667771a,2026-05-23T09:45:00Z,2026-05-23T11:45:00+0200,278.12006,MW,FR,FR,forecast_onshore_wind_generation,Wind Onshore,2026-06-13T21:03:52Z
2026-06-13T21:02:15Z,2026-06-13T23:02:15+0200,37293abf-bd75-40d9-81b7-896ff667771a,2026-05-23T10:00:00Z,2026-05-23T12:00:00+0200,289.43002,MW,FR,FR,forecast_onshore_wind_generation,Wind Onshore,2026-06-13T21:03:52Z
2026-06-13T21:02:15Z,2026-06-13T23:02:15+0200,37293abf-bd75-40d9-81b7-896ff667771a,2026-05-23T10:15:00Z,2026-05-23T12:15:00+0200,290.6098,MW,FR,FR,forecast_onshore_wind_generation,Wind Onshore,2026-06-13T21:03:52Z
2026-06-13T21:02:15Z,2026-06-13T23:02:15+0200,37293abf-bd75-40d9-81b7-896ff667771a,2026-05-23T10:30:00Z,2026-05-23T12:30:00+0200,292.08997,MW,FR,FR,forecast_onshore_wind_generation,Wind Onshore,2026-06-13T21:03:52Z
2026-06-13T21:02:15Z,2026-06-13T23:02:15+0200,37293abf-bd75-40d9-81b7-896ff667771a,2026-05-23T10:45:00Z,2026-05-23T12:45:00+0200,293.00015,MW,FR,FR,forecast_onshore_wind_generation,Wind Onshore,2026-06-13T21:03:52Z
2026-06-13T21:02:15Z,2026-06-13T23:02:15+0200,37293abf-bd75-40d9-81b7-896ff667771a,2026-05-23T11:00:00Z,2026-05-23T13:00:00+0200,294.17999,MW,FR,FR,forecast_onshore_wind_generation,Wind Onshore,2026-06-13T21:03:52Z
2026-06-13T21:02:15Z,2026-06-13T23:02:15+0200,37293abf-bd75-40d9-81b7-896ff667771a,2026-05-23T11:15:00Z,2026-05-23T13:15:00+0200,292.34991,MW,FR,FR,forecast_onshore_wind_generation,Wind Onshore,2026-06-13T21:03:52Z
2026-06-13T21:02:15Z,2026-06-13T23:02:15+0200,37293abf-bd75-40d9-81b7-896ff667771a,2026-05-23T11:30:00Z,2026-05-23T13:30:00+0200,290.23007,MW,FR,FR,forecast_onshore_wind_generation,Wind Onshore,2026-06-13T21:03:52Z
2026-06-13T21:02:15Z,2026-06-13T23:02:15+0200,37293abf-bd75-40d9-81b7-896ff667771a,2026-05-23T11:45:00Z,2026-05-23T13:45:00+0200,288.47,MW,FR,FR,forecast_onshore_wind_generation,Wind Onshore,2026-06-13T21:03:52Z
2026-06-13T21:02:15Z,2026-06-13T23:02:15+0200,37293abf-bd75-40d9-81b7-896ff667771a,2026-05-23T12:00:00Z,2026-05-23T14:00:00+0200,286.7402,MW,FR,FR,forecast_onshore_wind_generation,Wind Onshore,2026-06-13T21:03:52Z
2026-06-13T21:02:15Z,2026-06-13T23:02:15+0200,37293abf-bd75-40d9-81b7-896ff667771a,2026-05-23T12:15:00Z,2026-05-23T14:15:00+0200,294.89008,MW,FR,FR,forecast_onshore_wind_generation,Wind Onshore,2026-06-13T21:03:52Z
2026-06-13T21:02:15Z,2026-06-13T23:02:15+0200,37293abf-bd75-40d9-81b7-896ff667771a,2026-05-23T12:30:00Z,2026-05-23T14:30:00+0200,302.96994,MW,FR,FR,forecast_onshore_wind_generation,Wind Onshore,2026-06-13T21:03:52Z
2026-06-13T21:02:15Z,2026-06-13T23:02:15+0200,37293abf-bd75-40d9-81b7-896ff667771a,2026-05-23T12:45:00Z,2026-05-23T14:45:00+0200,311.1701,MW,FR,FR,forecast_onshore_wind_generation,Wind Onshore,2026-06-13T21:03:52Z
2026-06-13T21:02:15Z,2026-06-13T23:02:15+0200,37293abf-bd75-40d9-81b7-896ff667771a,2026-05-23T13:00:00Z,2026-05-23T15:00:00+0200,319.22989,MW,FR,FR,forecast_onshore_wind_generation,Wind Onshore,2026-06-13T21:03:52Z
2026-06-13T21:02:15Z,2026-06-13T23:02:15+0200,37293abf-bd75-40d9-81b7-896ff667771a,2026-05-23T13:15:00Z,2026-05-23T15:15:00+0200,332.29016,MW,FR,FR,forecast_onshore_wind_generation,Wind Onshore,2026-06-13T21:03:52Z
2026-06-13T21:02:15Z,2026-06-13T23:02:15+0200,37293abf-bd75-40d9-81b7-896ff667771a,2026-05-23T13:30:00Z,2026-05-23T15:30:00+0200,345.25,MW,FR,FR,forecast_onshore_wind_generation,Wind Onshore,2026-06-13T21:03:52Z
2026-06-13T21:02:15Z,2026-06-13T23:02:15+0200,37293abf-bd75-40d9-81b7-896ff667771a,2026-05-23T13:45:00Z,2026-05-23T15:45:00+0200,358.14984,MW,FR,FR,forecast_onshore_wind_generation,Wind Onshore,2026-06-13T21:03:52Z
2026-06-13T21:02:15Z,2026-06-13T23:02:15+0200,37293abf-bd75-40d9-81b7-896ff667771a,2026-05-23T14:00:00Z,2026-05-23T16:00:00+0200,371.33017,MW,FR,FR,forecast_onshore_wind_generation,Wind Onshore,2026-06-13T21:03:52Z
2026-06-13T21:02:15Z,2026-06-13T23:02:15+0200,37293abf-bd75-40d9-81b7-896ff667771a,2026-05-23T14:15:00Z,2026-05-23T16:15:00+0200,389.41983,MW,FR,FR,forecast_onshore_wind_generation,Wind Onshore,2026-06-13T21:03:52Z
2026-06-13T21:02:15Z,2026-06-13T23:02:15+0200,37293abf-bd75-40d9-81b7-896ff667771a,2026-05-23T14:30:00Z,2026-05-23T16:30:00+0200,599.35022,MW,FR,FR,forecast_onshore_wind_generation,Wind Onshore,2026-06-13T21:03:52Z
2026-06-13T21:02:15Z,2026-06-13T23:02:15+0200,37293abf-bd75-40d9-81b7-896ff667771a,2026-05-23T14:45:00Z,2026-05-23T16:45:00+0200,624.81055,MW,FR,FR,forecast_onshore_wind_generation,Wind Onshore,2026-06-13T21:03:52Z
2026-06-13T21:02:15Z,2026-06-13T23:02:15+0200,37293abf-bd75-40d9-81b7-896ff667771a,2026-05-23T15:00:00Z,2026-05-23T17:00:00+0200,650.31995,MW,FR,FR,forecast_onshore_wind_generation,Wind Onshore,2026-06-13T21:03:52Z
2026-06-13T21:02:15Z,2026-06-13T23:02:15+0200,37293abf-bd75-40d9-81b7-896ff667771a,2026-05-23T15:15:00Z,2026-05-23T17:15:00+0200,681.86078,MW,FR,FR,forecast_onshore_wind_generation,Wind Onshore,2026-06-13T21:03:52Z
2026-06-13T21:02:15Z,2026-06-13T23:02:15+0200,37293abf-bd75-40d9-81b7-896ff667771a,2026-05-23T15:30:00Z,2026-05-23T17:30:00+0200,713.92041,MW,FR,FR,forecast_onshore_wind_generation,Wind Onshore,2026-06-13T21:03:52Z
2026-06-13T21:02:15Z,2026-06-13T23:02:15+0200,37293abf-bd75-40d9-81b7-896ff667771a,2026-05-23T15:45:00Z,2026-05-23T17:45:00+0200,745.71094,MW,FR,FR,forecast_onshore_wind_generation,Wind Onshore,2026-06-13T21:03:52Z
2026-06-13T21:02:15Z,2026-06-13T23:02:15+0200,37293abf-bd75-40d9-81b7-896ff667771a,2026-05-23T16:00:00Z,2026-05-23T18:00:00+0200,1266.03149,MW,FR,FR,forecast_onshore_wind_generation,Wind Onshore,2026-06-13T21:03:52Z
2026-06-13T21:02:15Z,2026-06-13T23:02:15+0200,37293abf-bd75-40d9-81b7-896ff667771a,2026-05-23T16:15:00Z,2026-05-23T18:15:00+0200,1331.76001,MW,FR,FR,forecast_onshore_wind_generation,Wind Onshore,2026-06-13T21:03:52Z
2026-06-13T21:02:15Z,2026-06-13T23:02:15+0200,37293abf-bd75-40d9-81b7-896ff667771a,2026-05-23T16:30:00Z,2026-05-23T18:30:00+0200,1397.58997,MW,FR,FR,forecast_onshore_wind_generation,Wind Onshore,2026-06-13T21:03:52Z
2026-06-13T21:02:15Z,2026-06-13T23:02:15+0200,37293abf-bd75-40d9-81b7-896ff667771a,2026-05-23T16:45:00Z,2026-05-23T18:45:00+0200,1463.46997,MW,FR,FR,forecast_onshore_wind_generation,Wind Onshore,2026-06-13T21:03:52Z
2026-06-13T21:02:15Z,2026-06-13T23:02:15+0200,37293abf-bd75-40d9-81b7-896ff667771a,2026-05-23T17:00:00Z,2026-05-23T19:00:00+0200,1529.37,MW,FR,FR,forecast_onshore_wind_generation,Wind Onshore,2026-06-13T21:03:52Z
2026-06-13T21:02:15Z,2026-06-13T23:02:15+0200,37293abf-bd75-40d9-81b7-896ff667771a,2026-05-23T17:15:00Z,2026-05-23T19:15:00+0200,1636.20996,MW,FR,FR,forecast_onshore_wind_generation,Wind Onshore,2026-06-13T21:03:52Z
2026-06-13T21:02:15Z,2026-06-13T23:02:15+0200,37293abf-bd75-40d9-81b7-896ff667771a,2026-05-23T17:30:00Z,2026-05-23T19:30:00+0200,1743.03003,MW,FR,FR,forecast_onshore_wind_generation,Wind Onshore,2026-06-13T21:03:52Z
2026-06-13T21:02:15Z,2026-06-13T23:02:15+0200,37293abf-bd75-40d9-81b7-896ff667771a,2026-05-23T17:45:00Z,2026-05-23T19:45:00+0200,1849.89014,MW,FR,FR,forecast_onshore_wind_generation,Wind Onshore,2026-06-13T21:03:52Z
2026-06-13T21:02:15Z,2026-06-13T23:02:15+0200,37293abf-bd75-40d9-81b7-896ff667771a,2026-05-23T18:00:00Z,2026-05-23T20:00:00+0200,1956.78003,MW,FR,FR,forecast_onshore_wind_generation,Wind Onshore,2026-06-13T21:03:52Z
2026-06-13T21:02:15Z,2026-06-13T23:02:15+0200,37293abf-bd75-40d9-81b7-896ff667771a,2026-05-23T18:15:00Z,2026-05-23T20:15:00+0200,2124.86987,MW,FR,FR,forecast_onshore_wind_generation,Wind Onshore,2026-06-13T21:03:52Z
2026-06-13T21:02:15Z,2026-06-13T23:02:15+0200,37293abf-bd75-40d9-81b7-896ff667771a,2026-05-23T18:30:00Z,2026-05-23T20:30:00+0200,2293.02002,MW,FR,FR,forecast_onshore_wind_generation,Wind Onshore,2026-06-13T21:03:52Z
2026-06-13T21:02:15Z,2026-06-13T23:02:15+0200,37293abf-bd75-40d9-81b7-896ff667771a,2026-05-23T18:45:00Z,2026-05-23T20:45:00+0200,2461.16992,MW,FR,FR,forecast_onshore_wind_generation,Wind Onshore,2026-06-13T21:03:52Z
2026-06-13T21:02:15Z,2026-06-13T23:02:15+0200,37293abf-bd75-40d9-81b7-896ff667771a,2026-05-23T19:00:00Z,2026-05-23T21:00:00+0200,2629.33984,MW,FR,FR,forecast_onshore_wind_generation,Wind Onshore,2026-06-13T21:03:52Z
2026-06-13T21:02:15Z,2026-06-13T23:02:15+0200,37293abf-bd75-40d9-81b7-896ff667771a,2026-05-23T19:15:00Z,2026-05-23T21:15:00+0200,2800.02002,MW,FR,FR,forecast_onshore_wind_generation,Wind Onshore,2026-06-13T21:03:52Z
2026-06-13T21:02:15Z,2026-06-13T23:02:15+0200,37293abf-bd75-40d9-81b7-896ff667771a,2026-05-23T19:30:00Z,2026-05-23T21:30:00+0200,2970.70996,MW,FR,FR,forecast_onshore_wind_generation,Wind Onshore,2026-06-13T21:03:52Z
2026-06-13T21:02:15Z,2026-06-13T23:02:15+0200,37293abf-bd75-40d9-81b7-896ff667771a,2026-05-23T19:45:00Z,2026-05-23T21:45:00+0200,3141.41016,MW,FR,FR,forecast_onshore_wind_generation,Wind Onshore,2026-06-13T21:03:52Z
2026-06-13T21:02:15Z,2026-06-13T23:02:15+0200,37293abf-bd75-40d9-81b7-896ff667771a,2026-05-23T20:00:00Z,2026-05-23T22:00:00+0200,3312.12988,MW,FR,FR,forecast_onshore_wind_generation,Wind Onshore,2026-06-13T21:03:52Z
2026-06-13T21:02:15Z,2026-06-13T23:02:15+0200,37293abf-bd75-40d9-81b7-896ff667771a,2026-05-23T20:15:00Z,2026-05-23T22:15:00+0200,3370.46973,MW,FR,FR,forecast_onshore_wind_generation,Wind Onshore,2026-06-13T21:03:52Z
2026-06-13T21:02:15Z,2026-06-13T23:02:15+0200,37293abf-bd75-40d9-81b7-896ff667771a,2026-05-23T20:30:00Z,2026-05-23T22:30:00+0200,3428.82007,MW,FR,FR,forecast_onshore_wind_generation,Wind Onshore,2026-06-13T21:03:52Z
2026-06-13T21:02:15Z,2026-06-13T23:02:15+0200,37293abf-bd75-40d9-81b7-896ff667771a,2026-05-23T20:45:00Z,2026-05-23T22:45:00+0200,3487.17017,MW,FR,FR,forecast_onshore_wind_generation,Wind Onshore,2026-06-13T21:03:52Z
2026-06-13T21:02:15Z,2026-06-13T23:02:15+0200,37293abf-bd75-40d9-81b7-896ff667771a,2026-05-23T21:00:00Z,2026-05-23T23:00:00+0200,3545.55981,MW,FR,FR,forecast_onshore_wind_generation,Wind Onshore,2026-06-13T21:03:52Z
2026-06-13T21:02:15Z,2026-06-13T23:02:15+0200,37293abf-bd75-40d9-81b7-896ff667771a,2026-05-23T21:15:00Z,2026-05-23T23:15:00+0200,3539.3999,MW,FR,FR,forecast_onshore_wind_generation,Wind Onshore,2026-06-13T21:03:52Z
2026-06-13T21:02:15Z,2026-06-13T23:02:15+0200,37293abf-bd75-40d9-81b7-896ff667771a,2026-05-23T21:30:00Z,2026-05-23T23:30:00+0200,3533.26025,MW,FR,FR,forecast_onshore_wind_generation,Wind Onshore,2026-06-13T21:03:52Z
2026-06-13T21:02:15Z,2026-06-13T23:02:15+0200,37293abf-bd75-40d9-81b7-896ff667771a,2026-05-23T21:45:00Z,2026-05-23T23:45:00+0200,3527.13989,MW,FR,FR,forecast_onshore_wind_generation,Wind Onshore,2026-06-13T21:03:52Z
2026-06-13T21:02:15Z,2026-06-13T23:02:15+0200,37293abf-bd75-40d9-81b7-896ff667771a,2026-05-23T22:00:00Z,2026-05-24T00:00:00+0200,3414.32983,MW,FR,FR,forecast_onshore_wind_generation,Wind Onshore,2026-06-13T21:03:52Z
2026-06-13T21:02:15Z,2026-06-13T23:02:15+0200,37293abf-bd75-40d9-81b7-896ff667771a,2026-05-23T22:15:00Z,2026-05-24T00:15:00+0200,3408.40991,MW,FR,FR,forecast_onshore_wind_generation,Wind Onshore,2026-06-13T21:03:52Z
2026-06-13T21:02:15Z,2026-06-13T23:02:15+0200,37293abf-bd75-40d9-81b7-896ff667771a,2026-05-23T22:30:00Z,2026-05-24T00:30:00+0200,3402.50977,MW,FR,FR,forecast_onshore_wind_generation,Wind Onshore,2026-06-13T21:03:52Z
2026-06-13T21:02:15Z,2026-06-13T23:02:15+0200,37293abf-bd75-40d9-81b7-896ff667771a,2026-05-23T22:45:00Z,2026-05-24T00:45:00+0200,3396.6499,MW,FR,FR,forecast_onshore_wind_generation,Wind Onshore,2026-06-13T21:03:52Z
2026-06-13T21:02:15Z,2026-06-13T23:02:15+0200,37293abf-bd75-40d9-81b7-896ff667771a,2026-05-23T23:00:00Z,2026-05-24T01:00:00+0200,3390.82983,MW,FR,FR,forecast_onshore_wind_generation,Wind Onshore,2026-06-13T21:03:52Z
2026-06-13T21:02:15Z,2026-06-13T23:02:15+0200,37293abf-bd75-40d9-81b7-896ff667771a,2026-05-23T23:15:00Z,2026-05-24T01:15:00+0200,3397.19995,MW,FR,FR,forecast_onshore_wind_generation,Wind Onshore,2026-06-13T21:03:52Z
2026-06-13T21:02:15Z,2026-06-13T23:02:15+0200,37293abf-bd75-40d9-81b7-896ff667771a,2026-05-23T23:30:00Z,2026-05-24T01:30:00+0200,3403.59033,MW,FR,FR,forecast_onshore_wind_generation,Wind Onshore,2026-06-13T21:03:52Z
2026-06-13T21:02:15Z,2026-06-13T23:02:15+0200,37293abf-bd75-40d9-81b7-896ff667771a,2026-05-23T23:45:00Z,2026-05-24T01:45:00+0200,3409.98975,MW,FR,FR,forecast_onshore_wind_generation,Wind Onshore,2026-06-13T21:03:52Z
2026-06-13T21:02:15Z,2026-06-13T23:02:15+0200,37293abf-bd75-40d9-81b7-896ff667771a,2026-05-24T00:00:00Z,2026-05-24T02:00:00+0200,3416.4502,MW,FR,FR,forecast_onshore_wind_generation,Wind Onshore,2026-06-13T21:03:52Z
2026-06-13T21:02:15Z,2026-06-13T23:02:15+0200,37293abf-bd75-40d9-81b7-896ff667771a,2026-05-24T00:15:00Z,2026-05-24T02:15:00+0200,3383.52002,MW,FR,FR,forecast_onshore_wind_generation,Wind Onshore,2026-06-13T21:03:52Z
2026-06-13T21:02:15Z,2026-06-13T23:02:15+0200,37293abf-bd75-40d9-81b7-896ff667771a,2026-05-24T00:30:00Z,2026-05-24T02:30:00+0200,3350.67017,MW,FR,FR,forecast_onshore_wind_generation,Wind Onshore,2026-06-13T21:03:52Z
2026-06-13T21:02:15Z,2026-06-13T23:02:15+0200,37293abf-bd75-40d9-81b7-896ff667771a,2026-05-24T00:45:00Z,2026-05-24T02:45:00+0200,3317.83008,MW,FR,FR,forecast_onshore_wind_generation,Wind Onshore,2026-06-13T21:03:52Z
2026-06-13T21:02:15Z,2026-06-13T23:02:15+0200,37293abf-bd75-40d9-81b7-896ff667771a,2026-05-24T01:00:00Z,2026-05-24T03:00:00+0200,3285.0,MW,FR,FR,forecast_onshore_wind_generation,Wind Onshore,2026-06-13T21:03:52Z
2026-06-13T21:02:15Z,2026-06-13T23:02:15+0200,37293abf-bd75-40d9-81b7-896ff667771a,2026-05-24T01:15:00Z,2026-05-24T03:15:00+0200,3250.89014,MW,FR,FR,forecast_onshore_wind_generation,Wind Onshore,2026-06-13T21:03:52Z
2026-06-13T21:02:15Z,2026-06-13T23:02:15+0200,37293abf-bd75-40d9-81b7-896ff667771a,2026-05-24T01:30:00Z,2026-05-24T03:30:00+0200,3216.78979,MW,FR,FR,forecast_onshore_wind_generation,Wind Onshore,2026-06-13T21:03:52Z
2026-06-13T21:02:15Z,2026-06-13T23:02:15+0200,37293abf-bd75-40d9-81b7-896ff667771a,2026-05-24T01:45:00Z,2026-05-24T03:45:00+0200,3182.69995,MW,FR,FR,forecast_onshore_wind_generation,Wind Onshore,2026-06-13T21:03:52Z
2026-06-13T21:02:15Z,2026-06-13T23:02:15+0200,37293abf-bd75-40d9-81b7-896ff667771a,2026-05-24T02:00:00Z,2026-05-24T04:00:00+0200,3148.60986,MW,FR,FR,forecast_onshore_wind_generation,Wind Onshore,2026-06-13T21:03:52Z
2026-06-13T21:02:15Z,2026-06-13T23:02:15+0200,37293abf-bd75-40d9-81b7-896ff667771a,2026-05-24T02:15:00Z,2026-05-24T04:15:00+0200,3125.97998,MW,FR,FR,forecast_onshore_wind_generation,Wind Onshore,2026-06-13T21:03:52Z
2026-06-13T21:02:15Z,2026-06-13T23:02:15+0200,37293abf-bd75-40d9-81b7-896ff667771a,2026-05-24T02:30:00Z,2026-05-24T04:30:00+0200,3103.34985,MW,FR,FR,forecast_onshore_wind_generation,Wind Onshore,2026-06-13T21:03:52Z
2026-06-13T21:02:15Z,2026-06-13T23:02:15+0200,37293abf-bd75-40d9-81b7-896ff667771a,2026-05-24T02:45:00Z,2026-05-24T04:45:00+0200,3080.72998,MW,FR,FR,forecast_onshore_wind_generation,Wind Onshore,2026-06-13T21:03:52Z
2026-06-13T21:02:15Z,2026-06-13T23:02:15+0200,37293abf-bd75-40d9-81b7-896ff667771a,2026-05-24T03:00:00Z,2026-05-24T05:00:00+0200,3058.12988,MW,FR,FR,forecast_onshore_wind_generation,Wind Onshore,2026-06-13T21:03:52Z
2026-06-13T21:02:15Z,2026-06-13T23:02:15+0200,37293abf-bd75-40d9-81b7-896ff667771a,2026-05-24T03:15:00Z,2026-05-24T05:15:00+0200,3050.50977,MW,FR,FR,forecast_onshore_wind_generation,Wind Onshore,2026-06-13T21:03:52Z
2026-06-13T21:02:15Z,2026-06-13T23:02:15+0200,37293abf-bd75-40d9-81b7-896ff667771a,2026-05-24T03:30:00Z,2026-05-24T05:30:00+0200,3042.8999,MW,FR,FR,forecast_onshore_wind_generation,Wind Onshore,2026-06-13T21:03:52Z
2026-06-13T21:02:15Z,2026-06-13T23:02:15+0200,37293abf-bd75-40d9-81b7-896ff667771a,2026-05-24T03:45:00Z,2026-05-24T05:45:00+0200,3035.31006,MW,FR,FR,forecast_onshore_wind_generation,Wind Onshore,2026-06-13T21:03:52Z
2026-06-13T21:02:15Z,2026-06-13T23:02:15+0200,37293abf-bd75-40d9-81b7-896ff667771a,2026-05-24T04:00:00Z,2026-05-24T06:00:00+0200,3027.71997,MW,FR,FR,forecast_onshore_wind_generation,Wind Onshore,2026-06-13T21:03:52Z
2026-06-13T21:02:15Z,2026-06-13T23:02:15+0200,37293abf-bd75-40d9-81b7-896ff667771a,2026-05-24T04:15:00Z,2026-05-24T06:15:00+0200,2991.89014,MW,FR,FR,forecast_onshore_wind_generation,Wind Onshore,2026-06-13T21:03:52Z
2026-06-13T21:02:15Z,2026-06-13T23:02:15+0200,37293abf-bd75-40d9-81b7-896ff667771a,2026-05-24T04:30:00Z,2026-05-24T06:30:00+0200,2956.07007,MW,FR,FR,forecast_onshore_wind_generation,Wind Onshore,2026-06-13T21:03:52Z
2026-06-13T21:02:15Z,2026-06-13T23:02:15+0200,37293abf-bd75-40d9-81b7-896ff667771a,2026-05-24T04:45:00Z,2026-05-24T06:45:00+0200,2920.23999,MW,FR,FR,forecast_onshore_wind_generation,Wind Onshore,2026-06-13T21:03:52Z
2026-06-13T21:02:15Z,2026-06-13T23:02:15+0200,37293abf-bd75-40d9-81b7-896ff667771a,2026-05-24T05:00:00Z,2026-05-24T07:00:00+0200,2884.41992,MW,FR,FR,forecast_onshore_wind_generation,Wind Onshore,2026-06-13T21:03:52Z
2026-06-13T21:02:15Z,2026-06-13T23:02:15+0200,37293abf-bd75-40d9-81b7-896ff667771a,2026-05-24T05:15:00Z,2026-05-24T07:15:00+0200,2793.31006,MW,FR,FR,forecast_onshore_wind_generation,Wind Onshore,2026-06-13T21:03:52Z
2026-06-13T21:02:15Z,2026-06-13T23:02:15+0200,37293abf-bd75-40d9-81b7-896ff667771a,2026-05-24T05:30:00Z,2026-05-24T07:30:00+0200,2702.20996,MW,FR,FR,forecast_onshore_wind_generation,Wind Onshore,2026-06-13T21:03:52Z
2026-06-13T21:02:15Z,2026-06-13T23:02:15+0200,37293abf-bd75-40d9-81b7-896ff667771a,2026-05-24T05:45:00Z,2026-05-24T07:45:00+0200,2611.14014,MW,FR,FR,forecast_onshore_wind_generation,Wind Onshore,2026-06-13T21:03:52Z
2026-06-13T21:02:15Z,2026-06-13T23:02:15+0200,37293abf-bd75-40d9-81b7-896ff667771a,2026-05-24T06:00:00Z,2026-05-24T08:00:00+0200,2520.08008,MW,FR,FR,forecast_onshore_wind_generation,Wind Onshore,2026-06-13T21:03:52Z
2026-06-13T21:02:15Z,2026-06-13T23:02:15+0200,37293abf-bd75-40d9-81b7-896ff667771a,2026-05-24T06:15:00Z,2026-05-24T08:15:00+0200,2429.2998,MW,FR,FR,forecast_onshore_wind_generation,Wind Onshore,2026-06-13T21:03:52Z
2026-06-13T21:02:15Z,2026-06-13T23:02:15+0200,37293abf-bd75-40d9-81b7-896ff667771a,2026-05-24T06:30:00Z,2026-05-24T08:30:00+0200,2338.52002,MW,FR,FR,forecast_onshore_wind_generation,Wind Onshore,2026-06-13T21:03:52Z
2026-06-13T21:02:15Z,2026-06-13T23:02:15+0200,37293abf-bd75-40d9-81b7-896ff667771a,2026-05-24T06:45:00Z,2026-05-24T08:45:00+0200,2247.72998,MW,FR,FR,forecast_onshore_wind_generation,Wind Onshore,2026-06-13T21:03:52Z
2026-06-13T21:02:15Z,2026-06-13T23:02:15+0200,37293abf-bd75-40d9-81b7-896ff667771a,2026-05-24T07:00:00Z,2026-05-24T09:00:00+0200,2156.94995,MW,FR,FR,forecast_onshore_wind_generation,Wind Onshore,2026-06-13T21:03:52Z
2026-06-13T21:02:15Z,2026-06-13T23:02:15+0200,37293abf-bd75-40d9-81b7-896ff667771a,2026-05-24T07:15:00Z,2026-05-24T09:15:00+0200,1878.32104,MW,FR,FR,forecast_onshore_wind_generation,Wind Onshore,2026-06-13T21:03:52Z
2026-06-13T21:02:15Z,2026-06-13T23:02:15+0200,37293abf-bd75-40d9-81b7-896ff667771a,2026-05-24T07:30:00Z,2026-05-24T09:30:00+0200,956.87976,MW,FR,FR,forecast_onshore_wind_generation,Wind Onshore,2026-06-13T21:03:52Z
2026-06-13T21:02:15Z,2026-06-13T23:02:15+0200,37293abf-bd75-40d9-81b7-896ff667771a,2026-05-24T07:45:00Z,2026-05-24T09:45:00+0200,527.40979,MW,FR,FR,forecast_onshore_wind_generation,Wind Onshore,2026-06-13T21:03:52Z
2026-06-13T21:02:15Z,2026-06-13T23:02:15+0200,37293abf-bd75-40d9-81b7-896ff667771a,2026-05-24T08:00:00Z,2026-05-24T10:00:00+0200,418.33981,MW,FR,FR,forecast_onshore_wind_generation,Wind Onshore,2026-06-13T21:03:52Z
2026-06-13T21:02:15Z,2026-06-13T23:02:15+0200,37293abf-bd75-40d9-81b7-896ff667771a,2026-05-24T08:15:00Z,2026-05-24T10:15:00+0200,416.47949,MW,FR,FR,forecast_onshore_wind_generation,Wind Onshore,2026-06-13T21:03:52Z
2026-06-13T21:02:15Z,2026-06-13T23:02:15+0200,37293abf-bd75-40d9-81b7-896ff667771a,2026-05-24T08:30:00Z,2026-05-24T10:30:00+0200,414.5593,MW,FR,FR,forecast_onshore_wind_generation,Wind Onshore,2026-06-13T21:03:52Z
2026-06-13T21:02:15Z,2026-06-13T23:02:15+0200,37293abf-bd75-40d9-81b7-896ff667771a,2026-05-24T08:45:00Z,2026-05-24T10:45:00+0200,412.66968,MW,FR,FR,forecast_onshore_wind_generation,Wind Onshore,2026-06-13T21:03:52Z
2026-06-13T21:02:15Z,2026-06-13T23:02:15+0200,37293abf-bd75-40d9-81b7-896ff667771a,2026-05-24T09:00:00Z,2026-05-24T11:00:00+0200,410.80978,MW,FR,FR,forecast_onshore_wind_generation,Wind Onshore,2026-06-13T21:03:52Z
2026-06-13T21:02:15Z,2026-06-13T23:02:15+0200,37293abf-bd75-40d9-81b7-896ff667771a,2026-05-24T09:15:00Z,2026-05-24T11:15:00+0200,431.50946,MW,FR,FR,forecast_onshore_wind_generation,Wind Onshore,2026-06-13T21:03:52Z
2026-06-13T21:02:15Z,2026-06-13T23:02:15+0200,37293abf-bd75-40d9-81b7-896ff667771a,2026-05-24T09:30:00Z,2026-05-24T11:30:00+0200,452.41003,MW,FR,FR,forecast_onshore_wind_generation,Wind Onshore,2026-06-13T21:03:52Z
2026-06-13T21:02:15Z,2026-06-13T23:02:15+0200,37293abf-bd75-40d9-81b7-896ff667771a,2026-05-24T09:45:00Z,2026-05-24T11:45:00+0200,473.39005,MW,FR,FR,forecast_onshore_wind_generation,Wind Onshore,2026-06-13T21:03:52Z
2026-06-13T21:02:15Z,2026-06-13T23:02:15+0200,37293abf-bd75-40d9-81b7-896ff667771a,2026-05-24T10:00:00Z,2026-05-24T12:00:00+0200,494.14023,MW,FR,FR,forecast_onshore_wind_generation,Wind Onshore,2026-06-13T21:03:52Z
2026-06-13T21:02:15Z,2026-06-13T23:02:15+0200,37293abf-bd75-40d9-81b7-896ff667771a,2026-05-24T10:15:00Z,2026-05-24T12:15:00+0200,520.69025,MW,FR,FR,forecast_onshore_wind_generation,Wind Onshore,2026-06-13T21:03:52Z
2026-06-13T21:02:15Z,2026-06-13T23:02:15+0200,37293abf-bd75-40d9-81b7-896ff667771a,2026-05-24T10:30:00Z,2026-05-24T12:30:00+0200,547.09985,MW,FR,FR,forecast_onshore_wind_generation,Wind Onshore,2026-06-13T21:03:52Z
2026-06-13T21:02:15Z,2026-06-13T23:02:15+0200,37293abf-bd75-40d9-81b7-896ff667771a,2026-05-24T10:45:00Z,2026-05-24T12:45:00+0200,573.71936,MW,FR,FR,forecast_onshore_wind_generation,Wind Onshore,2026-06-13T21:03:52Z
2026-06-13T21:02:15Z,2026-06-13T23:02:15+0200,37293abf-bd75-40d9-81b7-896ff667771a,2026-05-24T11:00:00Z,2026-05-24T13:00:00+0200,600.03015,MW,FR,FR,forecast_onshore_wind_generation,Wind Onshore,2026-06-13T21:03:52Z
2026-06-13T21:02:15Z,2026-06-13T23:02:15+0200,37293abf-bd75-40d9-81b7-896ff667771a,2026-05-24T11:15:00Z,2026-05-24T13:15:00+0200,612.44958,MW,FR,FR,forecast_onshore_wind_generation,Wind Onshore,2026-06-13T21:03:52Z
2026-06-13T21:02:15Z,2026-06-13T23:02:15+0200,37293abf-bd75-40d9-81b7-896ff667771a,2026-05-24T11:30:00Z,2026-05-24T13:30:00+0200,624.71997,MW,FR,FR,forecast_onshore_wind_generation,Wind Onshore,2026-06-13T21:03:52Z
2026-06-13T21:02:15Z,2026-06-13T23:02:15+0200,37293abf-bd75-40d9-81b7-896ff667771a,2026-05-24T11:45:00Z,2026-05-24T13:45:00+0200,636.81018,MW,FR,FR,forecast_onshore_wind_generation,Wind Onshore,2026-06-13T21:03:52Z
2026-06-13T21:02:15Z,2026-06-13T23:02:15+0200,37293abf-bd75-40d9-81b7-896ff667771a,2026-05-24T12:00:00Z,2026-05-24T14:00:00+0200,649.08032,MW,FR,FR,forecast_onshore_wind_generation,Wind Onshore,2026-06-13T21:03:52Z
2026-06-13T21:02:15Z,2026-06-13T23:02:15+0200,37293abf-bd75-40d9-81b7-896ff667771a,2026-05-24T12:15:00Z,2026-05-24T14:15:00+0200,659.28955,MW,FR,FR,forecast_onshore_wind_generation,Wind Onshore,2026-06-13T21:03:52Z
2026-06-13T21:02:15Z,2026-06-13T23:02:15+0200,37293abf-bd75-40d9-81b7-896ff667771a,2026-05-24T12:30:00Z,2026-05-24T14:30:00+0200,669.55054,MW,FR,FR,forecast_onshore_wind_generation,Wind Onshore,2026-06-13T21:03:52Z
2026-06-13T21:02:15Z,2026-06-13T23:02:15+0200,37293abf-bd75-40d9-81b7-896ff667771a,2026-05-24T12:45:00Z,2026-05-24T14:45:00+0200,679.88043,MW,FR,FR,forecast_onshore_wind_generation,Wind Onshore,2026-06-13T21:03:52Z
2026-06-13T21:02:15Z,2026-06-13T23:02:15+0200,37293abf-bd75-40d9-81b7-896ff667771a,2026-05-24T13:00:00Z,2026-05-24T15:00:00+0200,689.99023,MW,FR,FR,forecast_onshore_wind_generation,Wind Onshore,2026-06-13T21:03:52Z
2026-06-13T21:02:15Z,2026-06-13T23:02:15+0200,37293abf-bd75-40d9-81b7-896ff667771a,2026-05-24T13:15:00Z,2026-05-24T15:15:00+0200,699.7699,MW,FR,FR,forecast_onshore_wind_generation,Wind Onshore,2026-06-13T21:03:52Z
2026-06-13T21:02:15Z,2026-06-13T23:02:15+0200,37293abf-bd75-40d9-81b7-896ff667771a,2026-05-24T13:30:00Z,2026-05-24T15:30:00+0200,709.73975,MW,FR,FR,forecast_onshore_wind_generation,Wind Onshore,2026-06-13T21:03:52Z
2026-06-13T21:02:15Z,2026-06-13T23:02:15+0200,37293abf-bd75-40d9-81b7-896ff667771a,2026-05-24T13:45:00Z,2026-05-24T15:45:00+0200,719.81018,MW,FR,FR,forecast_onshore_wind_generation,Wind Onshore,2026-06-13T21:03:52Z
2026-06-13T21:02:15Z,2026-06-13T23:02:15+0200,37293abf-bd75-40d9-81b7-896ff667771a,2026-05-24T14:00:00Z,2026-05-24T16:00:00+0200,729.44037,MW,FR,FR,forecast_onshore_wind_generation,Wind Onshore,2026-06-13T21:03:52Z
2026-06-13T21:02:15Z,2026-06-13T23:02:15+0200,37293abf-bd75-40d9-81b7-896ff667771a,2026-05-24T14:15:00Z,2026-05-24T16:15:00+0200,746.63989,MW,FR,FR,forecast_onshore_wind_generation,Wind Onshore,2026-06-13T21:03:52Z
2026-06-13T21:02:15Z,2026-06-13T23:02:15+0200,37293abf-bd75-40d9-81b7-896ff667771a,2026-05-24T14:30:00Z,2026-05-24T16:30:00+0200,763.71973,MW,FR,FR,forecast_onshore_wind_generation,Wind Onshore,2026-06-13T21:03:52Z
2026-06-13T21:02:15Z,2026-06-13T23:02:15+0200,37293abf-bd75-40d9-81b7-896ff667771a,2026-05-24T14:45:00Z,2026-05-24T16:45:00+0200,781.04974,MW,FR,FR,forecast_onshore_wind_generation,Wind Onshore,2026-06-13T21:03:52Z
2026-06-13T21:02:15Z,2026-06-13T23:02:15+0200,37293abf-bd75-40d9-81b7-896ff667771a,2026-05-24T15:00:00Z,2026-05-24T17:00:00+0200,1269.43958,MW,FR,FR,forecast_onshore_wind_generation,Wind Onshore,2026-06-13T21:03:52Z
2026-06-13T21:02:15Z,2026-06-13T23:02:15+0200,37293abf-bd75-40d9-81b7-896ff667771a,2026-05-24T15:15:00Z,2026-05-24T17:15:00+0200,1297.55994,MW,FR,FR,forecast_onshore_wind_generation,Wind Onshore,2026-06-13T21:03:52Z
2026-06-13T21:02:15Z,2026-06-13T23:02:15+0200,37293abf-bd75-40d9-81b7-896ff667771a,2026-05-24T15:30:00Z,2026-05-24T17:30:00+0200,1325.61011,MW,FR,FR,forecast_onshore_wind_generation,Wind Onshore,2026-06-13T21:03:52Z
2026-06-13T21:02:15Z,2026-06-13T23:02:15+0200,37293abf-bd75-40d9-81b7-896ff667771a,2026-05-24T15:45:00Z,2026-05-24T17:45:00+0200,2297.50024,MW,FR,FR,forecast_onshore_wind_generation,Wind Onshore,2026-06-13T21:03:52Z
2026-06-13T21:02:15Z,2026-06-13T23:02:15+0200,37293abf-bd75-40d9-81b7-896ff667771a,2026-05-24T16:00:00Z,2026-05-24T18:00:00+0200,2349.91992,MW,FR,FR,forecast_onshore_wind_generation,Wind Onshore,2026-06-13T21:03:52Z
2026-06-13T21:02:15Z,2026-06-13T23:02:15+0200,37293abf-bd75-40d9-81b7-896ff667771a,2026-05-24T16:15:00Z,2026-05-24T18:15:00+0200,2390.97998,MW,FR,FR,forecast_onshore_wind_generation,Wind Onshore,2026-06-13T21:03:52Z
2026-06-13T21:02:15Z,2026-06-13T23:02:15+0200,37293abf-bd75-40d9-81b7-896ff667771a,2026-05-24T16:30:00Z,2026-05-24T18:30:00+0200,2432.04004,MW,FR,FR,forecast_onshore_wind_generation,Wind Onshore,2026-06-13T21:03:52Z
2026-06-13T21:02:15Z,2026-06-13T23:02:15+0200,37293abf-bd75-40d9-81b7-896ff667771a,2026-05-24T16:45:00Z,2026-05-24T18:45:00+0200,2473.1001,MW,FR,FR,forecast_onshore_wind_generation,Wind Onshore,2026-06-13T21:03:52Z
2026-06-13T21:02:15Z,2026-06-13T23:02:15+0200,37293abf-bd75-40d9-81b7-896ff667771a,2026-05-24T17:00:00Z,2026-05-24T19:00:00+0200,2514.1499,MW,FR,FR,forecast_onshore_wind_generation,Wind Onshore,2026-06-13T21:03:52Z
2026-06-13T21:02:15Z,2026-06-13T23:02:15+0200,37293abf-bd75-40d9-81b7-896ff667771a,2026-05-24T17:15:00Z,2026-05-24T19:15:00+0200,2627.95996,MW,FR,FR,forecast_onshore_wind_generation,Wind Onshore,2026-06-13T21:03:52Z
2026-06-13T21:02:15Z,2026-06-13T23:02:15+0200,37293abf-bd75-40d9-81b7-896ff667771a,2026-05-24T17:30:00Z,2026-05-24T19:30:00+0200,2741.75,MW,FR,FR,forecast_onshore_wind_generation,Wind Onshore,2026-06-13T21:03:52Z
2026-06-13T21:02:15Z,2026-06-13T23:02:15+0200,37293abf-bd75-40d9-81b7-896ff667771a,2026-05-24T17:45:00Z,2026-05-24T19:45:00+0200,2855.56982,MW,FR,FR,forecast_onshore_wind_generation,Wind Onshore,2026-06-13T21:03:52Z
2026-06-13T21:02:15Z,2026-06-13T23:02:15+0200,37293abf-bd75-40d9-81b7-896ff667771a,2026-05-24T18:00:00Z,2026-05-24T20:00:00+0200,2969.38013,MW,FR,FR,forecast_onshore_wind_generation,Wind Onshore,2026-06-13T21:03:52Z
2026-06-13T21:02:15Z,2026-06-13T23:02:15+0200,37293abf-bd75-40d9-81b7-896ff667771a,2026-05-24T18:15:00Z,2026-05-24T20:15:00+0200,3231.37988,MW,FR,FR,forecast_onshore_wind_generation,Wind Onshore,2026-06-13T21:03:52Z
2026-06-13T21:02:15Z,2026-06-13T23:02:15+0200,37293abf-bd75-40d9-81b7-896ff667771a,2026-05-24T18:30:00Z,2026-05-24T20:30:00+0200,3493.40015,MW,FR,FR,forecast_onshore_wind_generation,Wind Onshore,2026-06-13T21:03:52Z
2026-06-13T21:02:15Z,2026-06-13T23:02:15+0200,37293abf-bd75-40d9-81b7-896ff667771a,2026-05-24T18:45:00Z,2026-05-24T20:45:00+0200,3755.44019,MW,FR,FR,forecast_onshore_wind_generation,Wind Onshore,2026-06-13T21:03:52Z
2026-06-13T21:02:15Z,2026-06-13T23:02:15+0200,37293abf-bd75-40d9-81b7-896ff667771a,2026-05-24T19:00:00Z,2026-05-24T21:00:00+0200,4017.43018,MW,FR,FR,forecast_onshore_wind_generation,Wind Onshore,2026-06-13T21:03:52Z
2026-06-13T21:02:15Z,2026-06-13T23:02:15+0200,37293abf-bd75-40d9-81b7-896ff667771a,2026-05-24T19:15:00Z,2026-05-24T21:15:00+0200,4318.54004,MW,FR,FR,forecast_onshore_wind_generation,Wind Onshore,2026-06-13T21:03:52Z
2026-06-13T21:02:15Z,2026-06-13T23:02:15+0200,37293abf-bd75-40d9-81b7-896ff667771a,2026-05-24T19:30:00Z,2026-05-24T21:30:00+0200,4619.6499,MW,FR,FR,forecast_onshore_wind_generation,Wind Onshore,2026-06-13T21:03:52Z
2026-06-13T21:02:15Z,2026-06-13T23:02:15+0200,37293abf-bd75-40d9-81b7-896ff667771a,2026-05-24T19:45:00Z,2026-05-24T21:45:00+0200,4920.78027,MW,FR,FR,forecast_onshore_wind_generation,Wind Onshore,2026-06-13T21:03:52Z
2026-06-13T21:02:15Z,2026-06-13T23:02:15+0200,37293abf-bd75-40d9-81b7-896ff667771a,2026-05-24T20:00:00Z,2026-05-24T22:00:00+0200,5221.89014,MW,FR,FR,forecast_onshore_wind_generation,Wind Onshore,2026-06-13T21:03:52Z
2026-06-13T21:02:15Z,2026-06-13T23:02:15+0200,37293abf-bd75-40d9-81b7-896ff667771a,2026-05-24T20:15:00Z,2026-05-24T22:15:00+0200,5372.62012,MW,FR,FR,forecast_onshore_wind_generation,Wind Onshore,2026-06-13T21:03:52Z
2026-06-13T21:02:15Z,2026-06-13T23:02:15+0200,37293abf-bd75-40d9-81b7-896ff667771a,2026-05-24T20:30:00Z,2026-05-24T22:30:00+0200,5523.37988,MW,FR,FR,forecast_onshore_wind_generation,Wind Onshore,2026-06-13T21:03:52Z
2026-06-13T21:02:15Z,2026-06-13T23:02:15+0200,37293abf-bd75-40d9-81b7-896ff667771a,2026-05-24T20:45:00Z,2026-05-24T22:45:00+0200,5674.10986,MW,FR,FR,forecast_onshore_wind_generation,Wind Onshore,2026-06-13T21:03:52Z
2026-06-13T21:02:15Z,2026-06-13T23:02:15+0200,37293abf-bd75-40d9-81b7-896ff667771a,2026-05-24T21:00:00Z,2026-05-24T23:00:00+0200,5824.8501,MW,FR,FR,forecast_onshore_wind_generation,Wind Onshore,2026-06-13T21:03:52Z
2026-06-13T21:02:15Z,2026-06-13T23:02:15+0200,37293abf-bd75-40d9-81b7-896ff667771a,2026-05-24T21:15:00Z,2026-05-24T23:15:00+0200,5796.12988,MW,FR,FR,forecast_onshore_wind_generation,Wind Onshore,2026-06-13T21:03:52Z
2026-06-13T21:02:15Z,2026-06-13T23:02:15+0200,37293abf-bd75-40d9-81b7-896ff667771a,2026-05-24T21:30:00Z,2026-05-24T23:30:00+0200,5767.41016,MW,FR,FR,forecast_onshore_wind_generation,Wind Onshore,2026-06-13T21:03:52Z
2026-06-13T21:02:15Z,2026-06-13T23:02:15+0200,37293abf-bd75-40d9-81b7-896ff667771a,2026-05-24T21:45:00Z,2026-05-24T23:45:00+0200,5738.7002,MW,FR,FR,forecast_onshore_wind_generation,Wind Onshore,2026-06-13T21:03:52Z
2026-06-13T21:02:15Z,2026-06-13T23:02:15+0200,37293abf-bd75-40d9-81b7-896ff667771a,2026-05-24T22:00:00Z,2026-05-25T00:00:00+0200,5564.09961,MW,FR,FR,forecast_onshore_wind_generation,Wind Onshore,2026-06-13T21:03:52Z
2026-06-13T21:02:15Z,2026-06-13T23:02:15+0200,37293abf-bd75-40d9-81b7-896ff667771a,2026-05-24T22:15:00Z,2026-05-25T00:15:00+0200,5480.3999,MW,FR,FR,forecast_onshore_wind_generation,Wind Onshore,2026-06-13T21:03:52Z
2026-06-13T21:02:15Z,2026-06-13T23:02:15+0200,37293abf-bd75-40d9-81b7-896ff667771a,2026-05-24T22:30:00Z,2026-05-25T00:30:00+0200,5396.75,MW,FR,FR,forecast_onshore_wind_generation,Wind Onshore,2026-06-13T21:03:52Z
2026-06-13T21:02:15Z,2026-06-13T23:02:15+0200,37293abf-bd75-40d9-81b7-896ff667771a,2026-05-24T22:45:00Z,2026-05-25T00:45:00+0200,5313.23047,MW,FR,FR,forecast_onshore_wind_generation,Wind Onshore,2026-06-13T21:03:52Z
2026-06-13T21:02:15Z,2026-06-13T23:02:15+0200,37293abf-bd75-40d9-81b7-896ff667771a,2026-05-24T23:00:00Z,2026-05-25T01:00:00+0200,5229.66992,MW,FR,FR,forecast_onshore_wind_generation,Wind Onshore,2026-06-13T21:03:52Z
2026-06-13T21:02:15Z,2026-06-13T23:02:15+0200,37293abf-bd75-40d9-81b7-896ff667771a,2026-05-24T23:15:00Z,2026-05-25T01:15:00+0200,5136.70996,MW,FR,FR,forecast_onshore_wind_generation,Wind Onshore,2026-06-13T21:03:52Z
2026-06-13T21:02:15Z,2026-06-13T23:02:15+0200,37293abf-bd75-40d9-81b7-896ff667771a,2026-05-24T23:30:00Z,2026-05-25T01:30:00+0200,5043.75977,MW,FR,FR,forecast_onshore_wind_generation,Wind Onshore,2026-06-13T21:03:52Z
2026-06-13T21:02:15Z,2026-06-13T23:02:15+0200,37293abf-bd75-40d9-81b7-896ff667771a,2026-05-24T23:45:00Z,2026-05-25T01:45:00+0200,4950.70996,MW,FR,FR,forecast_onshore_wind_generation,Wind Onshore,2026-06-13T21:03:52Z
2026-06-13T21:02:15Z,2026-06-13T23:02:15+0200,37293abf-bd75-40d9-81b7-896ff667771a,2026-05-25T00:00:00Z,2026-05-25T02:00:00+0200,4857.66992,MW,FR,FR,forecast_onshore_wind_generation,Wind Onshore,2026-06-13T21:03:52Z
2026-06-13T21:02:15Z,2026-06-13T23:02:15+0200,37293abf-bd75-40d9-81b7-896ff667771a,2026-05-25T00:15:00Z,2026-05-25T02:15:00+0200,4795.7002,MW,FR,FR,forecast_onshore_wind_generation,Wind Onshore,2026-06-13T21:03:52Z
2026-06-13T21:02:15Z,2026-06-13T23:02:15+0200,37293abf-bd75-40d9-81b7-896ff667771a,2026-05-25T00:30:00Z,2026-05-25T02:30:00+0200,4733.7002,MW,FR,FR,forecast_onshore_wind_generation,Wind Onshore,2026-06-13T21:03:52Z
2026-06-13T21:02:15Z,2026-06-13T23:02:15+0200,37293abf-bd75-40d9-81b7-896ff667771a,2026-05-25T00:45:00Z,2026-05-25T02:45:00+0200,4671.80029,MW,FR,FR,forecast_onshore_wind_generation,Wind Onshore,2026-06-13T21:03:52Z
2026-06-13T21:02:15Z,2026-06-13T23:02:15+0200,37293abf-bd75-40d9-81b7-896ff667771a,2026-05-25T01:00:00Z,2026-05-25T03:00:00+0200,4609.90039,MW,FR,FR,forecast_onshore_wind_generation,Wind Onshore,2026-06-13T21:03:52Z
2026-06-13T21:02:15Z,2026-06-13T23:02:15+0200,37293abf-bd75-40d9-81b7-896ff667771a,2026-05-25T01:15:00Z,2026-05-25T03:15:00+0200,4604.78027,MW,FR,FR,forecast_onshore_wind_generation,Wind Onshore,2026-06-13T21:03:52Z
2026-06-13T21:02:15Z,2026-06-13T23:02:15+0200,37293abf-bd75-40d9-81b7-896ff667771a,2026-05-25T01:30:00Z,2026-05-25T03:30:00+0200,4599.66992,MW,FR,FR,forecast_onshore_wind_generation,Wind Onshore,2026-06-13T21:03:52Z
2026-06-13T21:02:15Z,2026-06-13T23:02:15+0200,37293abf-bd75-40d9-81b7-896ff667771a,2026-05-25T01:45:00Z,2026-05-25T03:45:00+0200,4594.50977,MW,FR,FR,forecast_onshore_wind_generation,Wind Onshore,2026-06-13T21:03:52Z
2026-06-13T21:02:15Z,2026-06-13T23:02:15+0200,37293abf-bd75-40d9-81b7-896ff667771a,2026-05-25T02:00:00Z,2026-05-25T04:00:00+0200,4589.39014,MW,FR,FR,forecast_onshore_wind_generation,Wind Onshore,2026-06-13T21:03:52Z
2026-06-13T21:02:15Z,2026-06-13T23:02:15+0200,37293abf-bd75-40d9-81b7-896ff667771a,2026-05-25T02:15:00Z,2026-05-25T04:15:00+0200,4582.99023,MW,FR,FR,forecast_onshore_wind_generation,Wind Onshore,2026-06-13T21:03:52Z
2026-06-13T21:02:15Z,2026-06-13T23:02:15+0200,37293abf-bd75-40d9-81b7-896ff667771a,2026-05-25T02:30:00Z,2026-05-25T04:30:00+0200,4576.58984,MW,FR,FR,forecast_onshore_wind_generation,Wind Onshore,2026-06-13T21:03:52Z
2026-06-13T21:02:15Z,2026-06-13T23:02:15+0200,37293abf-bd75-40d9-81b7-896ff667771a,2026-05-25T02:45:00Z,2026-05-25T04:45:00+0200,4570.22998,MW,FR,FR,forecast_onshore_wind_generation,Wind Onshore,2026-06-13T21:03:52Z
2026-06-13T21:02:15Z,2026-06-13T23:02:15+0200,37293abf-bd75-40d9-81b7-896ff667771a,2026-05-25T03:00:00Z,2026-05-25T05:00:00+0200,4563.87988,MW,FR,FR,forecast_onshore_wind_generation,Wind Onshore,2026-06-13T21:03:52Z
2026-06-13T21:02:15Z,2026-06-13T23:02:15+0200,37293abf-bd75-40d9-81b7-896ff667771a,2026-05-25T03:15:00Z,2026-05-25T05:15:00+0200,4529.71045,MW,FR,FR,forecast_onshore_wind_generation,Wind Onshore,2026-06-13T21:03:52Z
2026-06-13T21:02:15Z,2026-06-13T23:02:15+0200,37293abf-bd75-40d9-81b7-896ff667771a,2026-05-25T03:30:00Z,2026-05-25T05:30:00+0200,4495.60986,MW,FR,FR,forecast_onshore_wind_generation,Wind Onshore,2026-06-13T21:03:52Z
2026-06-13T21:02:15Z,2026-06-13T23:02:15+0200,37293abf-bd75-40d9-81b7-896ff667771a,2026-05-25T03:45:00Z,2026-05-25T05:45:00+0200,4461.5,MW,FR,FR,forecast_onshore_wind_generation,Wind Onshore,2026-06-13T21:03:52Z
2026-06-13T21:02:15Z,2026-06-13T23:02:15+0200,37293abf-bd75-40d9-81b7-896ff667771a,2026-05-25T04:00:00Z,2026-05-25T06:00:00+0200,4427.41992,MW,FR,FR,forecast_onshore_wind_generation,Wind Onshore,2026-06-13T21:03:52Z
2026-06-13T21:02:15Z,2026-06-13T23:02:15+0200,37293abf-bd75-40d9-81b7-896ff667771a,2026-05-25T04:15:00Z,2026-05-25T06:15:00+0200,4341.64014,MW,FR,FR,forecast_onshore_wind_generation,Wind Onshore,2026-06-13T21:03:52Z
2026-06-13T21:02:15Z,2026-06-13T23:02:15+0200,37293abf-bd75-40d9-81b7-896ff667771a,2026-05-25T04:30:00Z,2026-05-25T06:30:00+0200,4255.89014,MW,FR,FR,forecast_onshore_wind_generation,Wind Onshore,2026-06-13T21:03:52Z
2026-06-13T21:02:15Z,2026-06-13T23:02:15+0200,37293abf-bd75-40d9-81b7-896ff667771a,2026-05-25T04:45:00Z,2026-05-25T06:45:00+0200,4170.14014,MW,FR,FR,forecast_onshore_wind_generation,Wind Onshore,2026-06-13T21:03:52Z
2026-06-13T21:02:15Z,2026-06-13T23:02:15+0200,37293abf-bd75-40d9-81b7-896ff667771a,2026-05-25T05:00:00Z,2026-05-25T07:00:00+0200,4084.41016,MW,FR,FR,forecast_onshore_wind_generation,Wind Onshore,2026-06-13T21:03:52Z
2026-06-13T21:02:15Z,2026-06-13T23:02:15+0200,37293abf-bd75-40d9-81b7-896ff667771a,2026-05-25T05:15:00Z,2026-05-25T07:15:00+0200,3938.58008,MW,FR,FR,forecast_onshore_wind_generation,Wind Onshore,2026-06-13T21:03:52Z
2026-06-13T21:02:15Z,2026-06-13T23:02:15+0200,37293abf-bd75-40d9-81b7-896ff667771a,2026-05-25T05:30:00Z,2026-05-25T07:30:00+0200,3792.72998,MW,FR,FR,forecast_onshore_wind_generation,Wind Onshore,2026-06-13T21:03:52Z
2026-06-13T21:02:15Z,2026-06-13T23:02:15+0200,37293abf-bd75-40d9-81b7-896ff667771a,2026-05-25T05:45:00Z,2026-05-25T07:45:00+0200,3646.86011,MW,FR,FR,forecast_onshore_wind_generation,Wind Onshore,2026-06-13T21:03:52Z
2026-06-13T21:02:15Z,2026-06-13T23:02:15+0200,37293abf-bd75-40d9-81b7-896ff667771a,2026-05-25T06:00:00Z,2026-05-25T08:00:00+0200,3500.97998,MW,FR,FR,forecast_onshore_wind_generation,Wind Onshore,2026-06-13T21:03:52Z
2026-06-13T21:02:15Z,2026-06-13T23:02:15+0200,37293abf-bd75-40d9-81b7-896ff667771a,2026-05-25T06:15:00Z,2026-05-25T08:15:00+0200,3252.38013,MW,FR,FR,forecast_onshore_wind_generation,Wind Onshore,2026-06-13T21:03:52Z
2026-06-13T21:02:15Z,2026-06-13T23:02:15+0200,37293abf-bd75-40d9-81b7-896ff667771a,2026-05-25T06:30:00Z,2026-05-25T08:30:00+0200,3003.77002,MW,FR,FR,forecast_onshore_wind_generation,Wind Onshore,2026-06-13T21:03:52Z
2026-06-13T21:02:15Z,2026-06-13T23:02:15+0200,37293abf-bd75-40d9-81b7-896ff667771a,2026-05-25T06:45:00Z,2026-05-25T08:45:00+0200,2755.19995,MW,FR,FR,forecast_onshore_wind_generation,Wind Onshore,2026-06-13T21:03:52Z
2026-06-13T21:02:15Z,2026-06-13T23:02:15+0200,37293abf-bd75-40d9-81b7-896ff667771a,2026-05-25T07:00:00Z,2026-05-25T09:00:00+0200,2506.65015,MW,FR,FR,forecast_onshore_wind_generation,Wind Onshore,2026-06-13T21:03:52Z
2026-06-13T21:02:15Z,2026-06-13T23:02:15+0200,37293abf-bd75-40d9-81b7-896ff667771a,2026-05-25T07:15:00Z,2026-05-25T09:15:00+0200,2168.0498,MW,FR,FR,forecast_onshore_wind_generation,Wind Onshore,2026-06-13T21:03:52Z
2026-06-13T21:02:15Z,2026-06-13T23:02:15+0200,37293abf-bd75-40d9-81b7-896ff667771a,2026-05-25T07:30:00Z,2026-05-25T09:30:00+0200,1829.6499,MW,FR,FR,forecast_onshore_wind_generation,Wind Onshore,2026-06-13T21:03:52Z
2026-06-13T21:02:15Z,2026-06-13T23:02:15+0200,37293abf-bd75-40d9-81b7-896ff667771a,2026-05-25T07:45:00Z,2026-05-25T09:45:00+0200,1491.29004,MW,FR,FR,forecast_onshore_wind_generation,Wind Onshore,2026-06-13T21:03:52Z
2026-06-13T21:02:15Z,2026-06-13T23:02:15+0200,37293abf-bd75-40d9-81b7-896ff667771a,2026-05-25T08:00:00Z,2026-05-25T10:00:00+0200,1152.96997,MW,FR,FR,forecast_onshore_wind_generation,Wind Onshore,2026-06-13T21:03:52Z
2026-06-13T21:02:15Z,2026-06-13T23:02:15+0200,37293abf-bd75-40d9-81b7-896ff667771a,2026-05-25T08:15:00Z,2026-05-25T10:15:00+0200,662.54956,MW,FR,FR,forecast_onshore_wind_generation,Wind Onshore,2026-06-13T21:03:52Z
2026-06-13T21:02:15Z,2026-06-13T23:02:15+0200,37293abf-bd75-40d9-81b7-896ff667771a,2026-05-25T08:30:00Z,2026-05-25T10:30:00+0200,652.44971,MW,FR,FR,forecast_onshore_wind_generation,Wind Onshore,2026-06-13T21:03:52Z
2026-06-13T21:02:15Z,2026-06-13T23:02:15+0200,37293abf-bd75-40d9-81b7-896ff667771a,2026-05-25T08:45:00Z,2026-05-25T10:45:00+0200,370.35007,MW,FR,FR,forecast_onshore_wind_generation,Wind Onshore,2026-06-13T21:03:52Z
2026-06-13T21:02:15Z,2026-06-13T23:02:15+0200,37293abf-bd75-40d9-81b7-896ff667771a,2026-05-25T09:00:00Z,2026-05-25T11:00:00+0200,364.18011,MW,FR,FR,forecast_onshore_wind_generation,Wind Onshore,2026-06-13T21:03:52Z
2026-06-13T21:02:15Z,2026-06-13T23:02:15+0200,37293abf-bd75-40d9-81b7-896ff667771a,2026-05-25T09:15:00Z,2026-05-25T11:15:00+0200,371.99988,MW,FR,FR,forecast_onshore_wind_generation,Wind Onshore,2026-06-13T21:03:52Z
2026-06-13T21:02:15Z,2026-06-13T23:02:15+0200,37293abf-bd75-40d9-81b7-896ff667771a,2026-05-25T09:30:00Z,2026-05-25T11:30:00+0200,379.83008,MW,FR,FR,forecast_onshore_wind_generation,Wind Onshore,2026-06-13T21:03:52Z
2026-06-13T21:02:15Z,2026-06-13T23:02:15+0200,37293abf-bd75-40d9-81b7-896ff667771a,2026-05-25T09:45:00Z,2026-05-25T11:45:00+0200,387.88953,MW,FR,FR,forecast_onshore_wind_generation,Wind Onshore,2026-06-13T21:03:52Z
2026-06-13T21:02:15Z,2026-06-13T23:02:15+0200,37293abf-bd75-40d9-81b7-896ff667771a,2026-05-25T10:00:00Z,2026-05-25T12:00:00+0200,395.78989,MW,FR,FR,forecast_onshore_wind_generation,Wind Onshore,2026-06-13T21:03:52Z
2026-06-13T21:02:15Z,2026-06-13T23:02:15+0200,37293abf-bd75-40d9-81b7-896ff667771a,2026-05-25T10:15:00Z,2026-05-25T12:15:00+0200,408.28943,MW,FR,FR,forecast_onshore_wind_generation,Wind Onshore,2026-06-13T21:03:52Z
2026-06-13T21:02:15Z,2026-06-13T23:02:15+0200,37293abf-bd75-40d9-81b7-896ff667771a,2026-05-25T10:30:00Z,2026-05-25T12:30:00+0200,420.60999,MW,FR,FR,forecast_onshore_wind_generation,Wind Onshore,2026-06-13T21:03:52Z
2026-06-13T21:02:15Z,2026-06-13T23:02:15+0200,37293abf-bd75-40d9-81b7-896ff667771a,2026-05-25T10:45:00Z,2026-05-25T12:45:00+0200,433.1398,MW,FR,FR,forecast_onshore_wind_generation,Wind Onshore,2026-06-13T21:03:52Z
2026-06-13T21:02:15Z,2026-06-13T23:02:15+0200,37293abf-bd75-40d9-81b7-896ff667771a,2026-05-25T11:00:00Z,2026-05-25T13:00:00+0200,445.51001,MW,FR,FR,forecast_onshore_wind_generation,Wind Onshore,2026-06-13T21:03:52Z
2026-06-13T21:02:15Z,2026-06-13T23:02:15+0200,37293abf-bd75-40d9-81b7-896ff667771a,2026-05-25T11:15:00Z,2026-05-25T13:15:00+0200,455.37012,MW,FR,FR,forecast_onshore_wind_generation,Wind Onshore,2026-06-13T21:03:52Z
2026-06-13T21:02:15Z,2026-06-13T23:02:15+0200,37293abf-bd75-40d9-81b7-896ff667771a,2026-05-25T11:30:00Z,2026-05-25T13:30:00+0200,465.31006,MW,FR,FR,forecast_onshore_wind_generation,Wind Onshore,2026-06-13T21:03:52Z
2026-06-13T21:02:15Z,2026-06-13T23:02:15+0200,37293abf-bd75-40d9-81b7-896ff667771a,2026-05-25T11:45:00Z,2026-05-25T13:45:00+0200,475.19006,MW,FR,FR,forecast_onshore_wind_generation,Wind Onshore,2026-06-13T21:03:52Z
2026-06-13T21:02:15Z,2026-06-13T23:02:15+0200,37293abf-bd75-40d9-81b7-896ff667771a,2026-05-25T12:00:00Z,2026-05-25T14:00:00+0200,485.27005,MW,FR,FR,forecast_onshore_wind_generation,Wind Onshore,2026-06-13T21:03:52Z
2026-06-13T21:02:15Z,2026-06-13T23:02:15+0200,37293abf-bd75-40d9-81b7-896ff667771a,2026-05-25T12:15:00Z,2026-05-25T14:15:00+0200,501.77023,MW,FR,FR,forecast_onshore_wind_generation,Wind Onshore,2026-06-13T21:03:52Z
2026-06-13T21:02:15Z,2026-06-13T23:02:15+0200,37293abf-bd75-40d9-81b7-896ff667771a,2026-05-25T12:30:00Z,2026-05-25T14:30:00+0200,518.61017,MW,FR,FR,forecast_onshore_wind_generation,Wind Onshore,2026-06-13T21:03:52Z
2026-06-13T21:02:15Z,2026-06-13T23:02:15+0200,37293abf-bd75-40d9-81b7-896ff667771a,2026-05-25T12:45:00Z,2026-05-25T14:45:00+0200,535.23022,MW,FR,FR,forecast_onshore_wind_generation,Wind Onshore,2026-06-13T21:03:52Z
2026-06-13T21:02:15Z,2026-06-13T23:02:15+0200,37293abf-bd75-40d9-81b7-896ff667771a,2026-05-25T13:00:00Z,2026-05-25T15:00:00+0200,551.76965,MW,FR,FR,forecast_onshore_wind_generation,Wind Onshore,2026-06-13T21:03:52Z
2026-06-13T21:02:15Z,2026-06-13T23:02:15+0200,37293abf-bd75-40d9-81b7-896ff667771a,2026-05-25T13:15:00Z,2026-05-25T15:15:00+0200,561.19995,MW,FR,FR,forecast_onshore_wind_generation,Wind Onshore,2026-06-13T21:03:52Z
2026-06-13T21:02:15Z,2026-06-13T23:02:15+0200,37293abf-bd75-40d9-81b7-896ff667771a,2026-05-25T13:30:00Z,2026-05-25T15:30:00+0200,570.54047,MW,FR,FR,forecast_onshore_wind_generation,Wind Onshore,2026-06-13T21:03:52Z
2026-06-13T21:02:15Z,2026-06-13T23:02:15+0200,37293abf-bd75-40d9-81b7-896ff667771a,2026-05-25T13:45:00Z,2026-05-25T15:45:00+0200,580.03992,MW,FR,FR,forecast_onshore_wind_generation,Wind Onshore,2026-06-13T21:03:52Z
2026-06-13T21:02:15Z,2026-06-13T23:02:15+0200,37293abf-bd75-40d9-81b7-896ff667771a,2026-05-25T14:00:00Z,2026-05-25T16:00:00+0200,589.24023,MW,FR,FR,forecast_onshore_wind_generation,Wind Onshore,2026-06-13T21:03:52Z
2026-06-13T21:02:15Z,2026-06-13T23:02:15+0200,37293abf-bd75-40d9-81b7-896ff667771a,2026-05-25T14:15:00Z,2026-05-25T16:15:00+0200,592.39978,MW,FR,FR,forecast_onshore_wind_generation,Wind Onshore,2026-06-13T21:03:52Z
2026-06-13T21:02:15Z,2026-06-13T23:02:15+0200,37293abf-bd75-40d9-81b7-896ff667771a,2026-05-25T14:30:00Z,2026-05-25T16:30:00+0200,595.22009,MW,FR,FR,forecast_onshore_wind_generation,Wind Onshore,2026-06-13T21:03:52Z
2026-06-13T21:02:15Z,2026-06-13T23:02:15+0200,37293abf-bd75-40d9-81b7-896ff667771a,2026-05-25T14:45:00Z,2026-05-25T16:45:00+0200,1805.20996,MW,FR,FR,forecast_onshore_wind_generation,Wind Onshore,2026-06-13T21:03:52Z
2026-06-13T21:02:15Z,2026-06-13T23:02:15+0200,37293abf-bd75-40d9-81b7-896ff667771a,2026-05-25T15:00:00Z,2026-05-25T17:00:00+0200,1814.15015,MW,FR,FR,forecast_onshore_wind_generation,Wind Onshore,2026-06-13T21:03:52Z
2026-06-13T21:02:15Z,2026-06-13T23:02:15+0200,37293abf-bd75-40d9-81b7-896ff667771a,2026-05-25T15:15:00Z,2026-05-25T17:15:00+0200,1817.76001,MW,FR,FR,forecast_onshore_wind_generation,Wind Onshore,2026-06-13T21:03:52Z
2026-06-13T21:02:15Z,2026-06-13T23:02:15+0200,37293abf-bd75-40d9-81b7-896ff667771a,2026-05-25T15:30:00Z,2026-05-25T17:30:00+0200,1821.37,MW,FR,FR,forecast_onshore_wind_generation,Wind Onshore,2026-06-13T21:03:52Z
2026-06-13T21:02:15Z,2026-06-13T23:02:15+0200,37293abf-bd75-40d9-81b7-896ff667771a,2026-05-25T15:45:00Z,2026-05-25T17:45:00+0200,1825.08997,MW,FR,FR,forecast_onshore_wind_generation,Wind Onshore,2026-06-13T21:03:52Z
2026-06-13T21:02:15Z,2026-06-13T23:02:15+0200,37293abf-bd75-40d9-81b7-896ff667771a,2026-05-25T16:00:00Z,2026-05-25T18:00:00+0200,1828.80994,MW,FR,FR,forecast_onshore_wind_generation,Wind Onshore,2026-06-13T21:03:52Z
2026-06-13T21:02:15Z,2026-06-13T23:02:15+0200,37293abf-bd75-40d9-81b7-896ff667771a,2026-05-25T16:15:00Z,2026-05-25T18:15:00+0200,1868.47998,MW,FR,FR,forecast_onshore_wind_generation,Wind Onshore,2026-06-13T21:03:52Z
2026-06-13T21:02:15Z,2026-06-13T23:02:15+0200,37293abf-bd75-40d9-81b7-896ff667771a,2026-05-25T16:30:00Z,2026-05-25T18:30:00+0200,1908.21008,MW,FR,FR,forecast_onshore_wind_generation,Wind Onshore,2026-06-13T21:03:52Z
2026-06-13T21:02:15Z,2026-06-13T23:02:15+0200,37293abf-bd75-40d9-81b7-896ff667771a,2026-05-25T16:45:00Z,2026-05-25T18:45:00+0200,1948.03003,MW,FR,FR,forecast_onshore_wind_generation,Wind Onshore,2026-06-13T21:03:52Z
2026-06-13T21:02:15Z,2026-06-13T23:02:15+0200,37293abf-bd75-40d9-81b7-896ff667771a,2026-05-25T17:00:00Z,2026-05-25T19:00:00+0200,1987.84985,MW,FR,FR,forecast_onshore_wind_generation,Wind Onshore,2026-06-13T21:03:52Z
2026-06-13T21:02:15Z,2026-06-13T23:02:15+0200,37293abf-bd75-40d9-81b7-896ff667771a,2026-05-25T17:15:00Z,2026-05-25T19:15:00+0200,2109.13989,MW,FR,FR,forecast_onshore_wind_generation,Wind Onshore,2026-06-13T21:03:52Z
2026-06-13T21:02:15Z,2026-06-13T23:02:15+0200,37293abf-bd75-40d9-81b7-896ff667771a,2026-05-25T17:30:00Z,2026-05-25T19:30:00+0200,2230.41016,MW,FR,FR,forecast_onshore_wind_generation,Wind Onshore,2026-06-13T21:03:52Z
2026-06-13T21:02:15Z,2026-06-13T23:02:15+0200,37293abf-bd75-40d9-81b7-896ff667771a,2026-05-25T17:45:00Z,2026-05-25T19:45:00+0200,2351.72998,MW,FR,FR,forecast_onshore_wind_generation,Wind Onshore,2026-06-13T21:03:52Z
2026-06-13T21:02:15Z,2026-06-13T23:02:15+0200,37293abf-bd75-40d9-81b7-896ff667771a,2026-05-25T18:00:00Z,2026-05-25T20:00:00+0200,2473.0498,MW,FR,FR,forecast_onshore_wind_generation,Wind Onshore,2026-06-13T21:03:52Z
2026-06-13T21:02:15Z,2026-06-13T23:02:15+0200,37293abf-bd75-40d9-81b7-896ff667771a,2026-05-25T18:15:00Z,2026-05-25T20:15:00+0200,2677.73999,MW,FR,FR,forecast_onshore_wind_generation,Wind Onshore,2026-06-13T21:03:52Z
2026-06-13T21:02:15Z,2026-06-13T23:02:15+0200,37293abf-bd75-40d9-81b7-896ff667771a,2026-05-25T18:30:00Z,2026-05-25T20:30:00+0200,2882.45996,MW,FR,FR,forecast_onshore_wind_generation,Wind Onshore,2026-06-13T21:03:52Z
2026-06-13T21:02:15Z,2026-06-13T23:02:15+0200,37293abf-bd75-40d9-81b7-896ff667771a,2026-05-25T18:45:00Z,2026-05-25T20:45:00+0200,3087.09009,MW,FR,FR,forecast_onshore_wind_generation,Wind Onshore,2026-06-13T21:03:52Z
2026-06-13T21:02:15Z,2026-06-13T23:02:15+0200,37293abf-bd75-40d9-81b7-896ff667771a,2026-05-25T19:00:00Z,2026-05-25T21:00:00+0200,3291.73999,MW,FR,FR,forecast_onshore_wind_generation,Wind Onshore,2026-06-13T21:03:52Z
2026-06-13T21:02:15Z,2026-06-13T23:02:15+0200,37293abf-bd75-40d9-81b7-896ff667771a,2026-05-25T19:15:00Z,2026-05-25T21:15:00+0200,3534.69995,MW,FR,FR,forecast_onshore_wind_generation,Wind Onshore,2026-06-13T21:03:52Z
2026-06-13T21:02:15Z,2026-06-13T23:02:15+0200,37293abf-bd75-40d9-81b7-896ff667771a,2026-05-25T19:30:00Z,2026-05-25T21:30:00+0200,3777.7002,MW,FR,FR,forecast_onshore_wind_generation,Wind Onshore,2026-06-13T21:03:52Z
2026-06-13T21:02:15Z,2026-06-13T23:02:15+0200,37293abf-bd75-40d9-81b7-896ff667771a,2026-05-25T19:45:00Z,2026-05-25T21:45:00+0200,4020.70996,MW,FR,FR,forecast_onshore_wind_generation,Wind Onshore,2026-06-13T21:03:52Z
2026-06-13T21:02:15Z,2026-06-13T23:02:15+0200,37293abf-bd75-40d9-81b7-896ff667771a,2026-05-25T20:00:00Z,2026-05-25T22:00:00+0200,4263.72021,MW,FR,FR,forecast_onshore_wind_generation,Wind Onshore,2026-06-13T21:03:52Z
2026-06-13T21:02:15Z,2026-06-13T23:02:15+0200,37293abf-bd75-40d9-81b7-896ff667771a,2026-05-25T20:15:00Z,2026-05-25T22:15:00+0200,4377.9502,MW,FR,FR,forecast_onshore_wind_generation,Wind Onshore,2026-06-13T21:03:52Z
2026-06-13T21:02:15Z,2026-06-13T23:02:15+0200,37293abf-bd75-40d9-81b7-896ff667771a,2026-05-25T20:30:00Z,2026-05-25T22:30:00+0200,4492.17969,MW,FR,FR,forecast_onshore_wind_generation,Wind Onshore,2026-06-13T21:03:52Z
2026-06-13T21:02:15Z,2026-06-13T23:02:15+0200,37293abf-bd75-40d9-81b7-896ff667771a,2026-05-25T20:45:00Z,2026-05-25T22:45:00+0200,4606.37988,MW,FR,FR,forecast_onshore_wind_generation,Wind Onshore,2026-06-13T21:03:52Z
2026-06-13T21:02:15Z,2026-06-13T23:02:15+0200,37293abf-bd75-40d9-81b7-896ff667771a,2026-05-25T21:00:00Z,2026-05-25T23:00:00+0200,4720.57031,MW,FR,FR,forecast_onshore_wind_generation,Wind Onshore,2026-06-13T21:03:52Z
2026-06-13T21:02:15Z,2026-06-13T23:02:15+0200,37293abf-bd75-40d9-81b7-896ff667771a,2026-05-25T21:15:00Z,2026-05-25T23:15:00+0200,4727.03027,MW,FR,FR,forecast_onshore_wind_generation,Wind Onshore,2026-06-13T21:03:52Z
2026-06-13T21:02:15Z,2026-06-13T23:02:15+0200,37293abf-bd75-40d9-81b7-896ff667771a,2026-05-25T21:30:00Z,2026-05-25T23:30:00+0200,4733.45996,MW,FR,FR,forecast_onshore_wind_generation,Wind Onshore,2026-06-13T21:03:52Z
2026-06-13T21:02:15Z,2026-06-13T23:02:15+0200,37293abf-bd75-40d9-81b7-896ff667771a,2026-05-25T21:45:00Z,2026-05-25T23:45:00+0200,4739.91016,MW,FR,FR,forecast_onshore_wind_generation,Wind Onshore,2026-06-13T21:03:52Z
2026-06-13T21:02:15Z,2026-06-13T23:02:15+0200,37293abf-bd75-40d9-81b7-896ff667771a,2026-05-25T22:00:00Z,2026-05-26T00:00:00+0200,4275.02002,MW,FR,FR,forecast_onshore_wind_generation,Wind Onshore,2026-06-13T21:03:52Z
2026-06-13T21:02:15Z,2026-06-13T23:02:15+0200,37293abf-bd75-40d9-81b7-896ff667771a,2026-05-25T22:15:00Z,2026-05-26T00:15:00+0200,4210.75,MW,FR,FR,forecast_onshore_wind_generation,Wind Onshore,2026-06-13T21:03:52Z
2026-06-13T21:02:15Z,2026-06-13T23:02:15+0200,37293abf-bd75-40d9-81b7-896ff667771a,2026-05-25T22:30:00Z,2026-05-26T00:30:00+0200,4146.47021,MW,FR,FR,forecast_onshore_wind_generation,Wind Onshore,2026-06-13T21:03:52Z
2026-06-13T21:02:15Z,2026-06-13T23:02:15+0200,37293abf-bd75-40d9-81b7-896ff667771a,2026-05-25T22:45:00Z,2026-05-26T00:45:00+0200,4081.99976,MW,FR,FR,forecast_onshore_wind_generation,Wind Onshore,2026-06-13T21:03:52Z
2026-06-13T21:02:15Z,2026-06-13T23:02:15+0200,37293abf-bd75-40d9-81b7-896ff667771a,2026-05-25T23:00:00Z,2026-05-26T01:00:00+0200,4017.56006,MW,FR,FR,forecast_onshore_wind_generation,Wind Onshore,2026-06-13T21:03:52Z
2026-06-13T21:02:15Z,2026-06-13T23:02:15+0200,37293abf-bd75-40d9-81b7-896ff667771a,2026-05-25T23:15:00Z,2026-05-26T01:15:00+0200,3957.94971,MW,FR,FR,forecast_onshore_wind_generation,Wind Onshore,2026-06-13T21:03:52Z
2026-06-13T21:02:15Z,2026-06-13T23:02:15+0200,37293abf-bd75-40d9-81b7-896ff667771a,2026-05-25T23:30:00Z,2026-05-26T01:30:00+0200,3898.3501,MW,FR,FR,forecast_onshore_wind_generation,Wind Onshore,2026-06-13T21:03:52Z
2026-06-13T21:02:15Z,2026-06-13T23:02:15+0200,37293abf-bd75-40d9-81b7-896ff667771a,2026-05-25T23:45:00Z,2026-05-26T01:45:00+0200,3838.67993,MW,FR,FR,forecast_onshore_wind_generation,Wind Onshore,2026-06-13T21:03:52Z
2026-06-13T21:02:15Z,2026-06-13T23:02:15+0200,37293abf-bd75-40d9-81b7-896ff667771a,2026-05-26T00:00:00Z,2026-05-26T02:00:00+0200,3779.01978,MW,FR,FR,forecast_onshore_wind_generation,Wind Onshore,2026-06-13T21:03:52Z
2026-06-13T21:02:15Z,2026-06-13T23:02:15+0200,37293abf-bd75-40d9-81b7-896ff667771a,2026-05-26T00:15:00Z,2026-05-26T02:15:00+0200,3703.47998,MW,FR,FR,forecast_onshore_wind_generation,Wind Onshore,2026-06-13T21:03:52Z
2026-06-13T21:02:15Z,2026-06-13T23:02:15+0200,37293abf-bd75-40d9-81b7-896ff667771a,2026-05-26T00:30:00Z,2026-05-26T02:30:00+0200,3627.93018,MW,FR,FR,forecast_onshore_wind_generation,Wind Onshore,2026-06-13T21:03:52Z
2026-06-13T21:02:15Z,2026-06-13T23:02:15+0200,37293abf-bd75-40d9-81b7-896ff667771a,2026-05-26T00:45:00Z,2026-05-26T02:45:00+0200,3552.37012,MW,FR,FR,forecast_onshore_wind_generation,Wind Onshore,2026-06-13T21:03:52Z
2026-06-13T21:02:15Z,2026-06-13T23:02:15+0200,37293abf-bd75-40d9-81b7-896ff667771a,2026-05-26T01:00:00Z,2026-05-26T03:00:00+0200,3476.86011,MW,FR,FR,forecast_onshore_wind_generation,Wind Onshore,2026-06-13T21:03:52Z
2026-06-13T21:02:15Z,2026-06-13T23:02:15+0200,37293abf-bd75-40d9-81b7-896ff667771a,2026-05-26T01:15:00Z,2026-05-26T03:15:00+0200,3408.28003,MW,FR,FR,forecast_onshore_wind_generation,Wind Onshore,2026-06-13T21:03:52Z
2026-06-13T21:02:15Z,2026-06-13T23:02:15+0200,37293abf-bd75-40d9-81b7-896ff667771a,2026-05-26T01:30:00Z,2026-05-26T03:30:00+0200,3339.69019,MW,FR,FR,forecast_onshore_wind_generation,Wind Onshore,2026-06-13T21:03:52Z
2026-06-13T21:02:15Z,2026-06-13T23:02:15+0200,37293abf-bd75-40d9-81b7-896ff667771a,2026-05-26T01:45:00Z,2026-05-26T03:45:00+0200,3271.17993,MW,FR,FR,forecast_onshore_wind_generation,Wind Onshore,2026-06-13T21:03:52Z
2026-06-13T21:02:15Z,2026-06-13T23:02:15+0200,37293abf-bd75-40d9-81b7-896ff667771a,2026-05-26T02:00:00Z,2026-05-26T04:00:00+0200,3202.66016,MW,FR,FR,forecast_onshore_wind_generation,Wind Onshore,2026-06-13T21:03:52Z
2026-06-13T21:02:15Z,2026-06-13T23:02:15+0200,37293abf-bd75-40d9-81b7-896ff667771a,2026-05-26T02:15:00Z,2026-05-26T04:15:00+0200,3141.87012,MW,FR,FR,forecast_onshore_wind_generation,Wind Onshore,2026-06-13T21:03:52Z
2026-06-13T21:02:15Z,2026-06-13T23:02:15+0200,37293abf-bd75-40d9-81b7-896ff667771a,2026-05-26T02:30:00Z,2026-05-26T04:30:00+0200,3081.12988,MW,FR,FR,forecast_onshore_wind_generation,Wind Onshore,2026-06-13T21:03:52Z
2026-06-13T21:02:15Z,2026-06-13T23:02:15+0200,37293abf-bd75-40d9-81b7-896ff667771a,2026-05-26T02:45:00Z,2026-05-26T04:45:00+0200,3020.35986,MW,FR,FR,forecast_onshore_wind_generation,Wind Onshore,2026-06-13T21:03:52Z
2026-06-13T21:02:15Z,2026-06-13T23:02:15+0200,37293abf-bd75-40d9-81b7-896ff667771a,2026-05-26T03:00:00Z,2026-05-26T05:00:00+0200,2959.64014,MW,FR,FR,forecast_onshore_wind_generation,Wind Onshore,2026-06-13T21:03:52Z
2026-06-13T21:02:15Z,2026-06-13T23:02:15+0200,37293abf-bd75-40d9-81b7-896ff667771a,2026-05-26T03:15:00Z,2026-05-26T05:15:00+0200,2900.06982,MW,FR,FR,forecast_onshore_wind_generation,Wind Onshore,2026-06-13T21:03:52Z
2026-06-13T21:02:15Z,2026-06-13T23:02:15+0200,37293abf-bd75-40d9-81b7-896ff667771a,2026-05-26T03:30:00Z,2026-05-26T05:30:00+0200,2840.52002,MW,FR,FR,forecast_onshore_wind_generation,Wind Onshore,2026-06-13T21:03:52Z
2026-06-13T21:02:15Z,2026-06-13T23:02:15+0200,37293abf-bd75-40d9-81b7-896ff667771a,2026-05-26T03:45:00Z,2026-05-26T05:45:00+0200,2781.02979,MW,FR,FR,forecast_onshore_wind_generation,Wind Onshore,2026-06-13T21:03:52Z
2026-06-13T21:02:15Z,2026-06-13T23:02:15+0200,37293abf-bd75-40d9-81b7-896ff667771a,2026-05-26T04:00:00Z,2026-05-26T06:00:00+0200,2721.53003,MW,FR,FR,forecast_onshore_wind_generation,Wind Onshore,2026-06-13T21:03:52Z
2026-06-13T21:02:15Z,2026-06-13T23:02:15+0200,37293abf-bd75-40d9-81b7-896ff667771a,2026-05-26T04:15:00Z,2026-05-26T06:15:00+0200,2646.34985,MW,FR,FR,forecast_onshore_wind_generation,Wind Onshore,2026-06-13T21:03:52Z
2026-06-13T21:02:15Z,2026-06-13T23:02:15+0200,37293abf-bd75-40d9-81b7-896ff667771a,2026-05-26T04:30:00Z,2026-05-26T06:30:00+0200,2571.2002,MW,FR,FR,forecast_onshore_wind_generation,Wind Onshore,2026-06-13T21:03:52Z
2026-06-13T21:02:15Z,2026-06-13T23:02:15+0200,37293abf-bd75-40d9-81b7-896ff667771a,2026-05-26T04:45:00Z,2026-05-26T06:45:00+0200,2495.91016,MW,FR,FR,forecast_onshore_wind_generation,Wind Onshore,2026-06-13T21:03:52Z
2026-06-13T21:02:15Z,2026-06-13T23:02:15+0200,37293abf-bd75-40d9-81b7-896ff667771a,2026-05-26T05:00:00Z,2026-05-26T07:00:00+0200,2420.63989,MW,FR,FR,forecast_onshore_wind_generation,Wind Onshore,2026-06-13T21:03:52Z
2026-06-13T21:02:15Z,2026-06-13T23:02:15+0200,37293abf-bd75-40d9-81b7-896ff667771a,2026-05-26T05:15:00Z,2026-05-26T07:15:00+0200,2302.22998,MW,FR,FR,forecast_onshore_wind_generation,Wind Onshore,2026-06-13T21:03:52Z
2026-06-13T21:02:15Z,2026-06-13T23:02:15+0200,37293abf-bd75-40d9-81b7-896ff667771a,2026-05-26T05:30:00Z,2026-05-26T07:30:00+0200,2183.82007,MW,FR,FR,forecast_onshore_wind_generation,Wind Onshore,2026-06-13T21:03:52Z
2026-06-13T21:02:15Z,2026-06-13T23:02:15+0200,37293abf-bd75-40d9-81b7-896ff667771a,2026-05-26T05:45:00Z,2026-05-26T07:45:00+0200,2065.3999,MW,FR,FR,forecast_onshore_wind_generation,Wind Onshore,2026-06-13T21:03:52Z
2026-06-13T21:02:15Z,2026-06-13T23:02:15+0200,37293abf-bd75-40d9-81b7-896ff667771a,2026-05-26T06:00:00Z,2026-05-26T08:00:00+0200,1946.96008,MW,FR,FR,forecast_onshore_wind_generation,Wind Onshore,2026-06-13T21:03:52Z
2026-06-13T21:02:15Z,2026-06-13T23:02:15+0200,37293abf-bd75-40d9-81b7-896ff667771a,2026-05-26T06:15:00Z,2026-05-26T08:15:00+0200,1851.63013,MW,FR,FR,forecast_onshore_wind_generation,Wind Onshore,2026-06-13T21:03:52Z
2026-06-13T21:02:15Z,2026-06-13T23:02:15+0200,37293abf-bd75-40d9-81b7-896ff667771a,2026-05-26T06:30:00Z,2026-05-26T08:30:00+0200,1756.38989,MW,FR,FR,forecast_onshore_wind_generation,Wind Onshore,2026-06-13T21:03:52Z
2026-06-13T21:02:15Z,2026-06-13T23:02:15+0200,37293abf-bd75-40d9-81b7-896ff667771a,2026-05-26T06:45:00Z,2026-05-26T08:45:00+0200,1661.23999,MW,FR,FR,forecast_onshore_wind_generation,Wind Onshore,2026-06-13T21:03:52Z
2026-06-13T21:02:15Z,2026-06-13T23:02:15+0200,37293abf-bd75-40d9-81b7-896ff667771a,2026-05-26T07:00:00Z,2026-05-26T09:00:00+0200,1566.30005,MW,FR,FR,forecast_onshore_wind_generation,Wind Onshore,2026-06-13T21:03:52Z
2026-06-13T21:02:15Z,2026-06-13T23:02:15+0200,37293abf-bd75-40d9-81b7-896ff667771a,2026-05-26T07:15:00Z,2026-05-26T09:15:00+0200,1344.71997,MW,FR,FR,forecast_onshore_wind_generation,Wind Onshore,2026-06-13T21:03:52Z
2026-06-13T21:02:15Z,2026-06-13T23:02:15+0200,37293abf-bd75-40d9-81b7-896ff667771a,2026-05-26T07:30:00Z,2026-05-26T09:30:00+0200,1123.15991,MW,FR,FR,forecast_onshore_wind_generation,Wind Onshore,2026-06-13T21:03:52Z
2026-06-13T21:02:15Z,2026-06-13T23:02:15+0200,37293abf-bd75-40d9-81b7-896ff667771a,2026-05-26T07:45:00Z,2026-05-26T09:45:00+0200,901.60999,MW,FR,FR,forecast_onshore_wind_generation,Wind Onshore,2026-06-13T21:03:52Z
2026-06-13T21:02:15Z,2026-06-13T23:02:15+0200,37293abf-bd75-40d9-81b7-896ff667771a,2026-05-26T08:00:00Z,2026-05-26T10:00:00+0200,680.20996,MW,FR,FR,forecast_onshore_wind_generation,Wind Onshore,2026-06-13T21:03:52Z
2026-06-13T21:02:15Z,2026-06-13T23:02:15+0200,37293abf-bd75-40d9-81b7-896ff667771a,2026-05-26T08:15:00Z,2026-05-26T10:15:00+0200,641.85999,MW,FR,FR,forecast_onshore_wind_generation,Wind Onshore,2026-06-13T21:03:52Z
2026-06-13T21:02:15Z,2026-06-13T23:02:15+0200,37293abf-bd75-40d9-81b7-896ff667771a,2026-05-26T08:30:00Z,2026-05-26T10:30:00+0200,603.62,MW,FR,FR,forecast_onshore_wind_generation,Wind Onshore,2026-06-13T21:03:52Z
2026-06-13T21:02:15Z,2026-06-13T23:02:15+0200,37293abf-bd75-40d9-81b7-896ff667771a,2026-05-26T08:45:00Z,2026-05-26T10:45:00+0200,565.43005,MW,FR,FR,forecast_onshore_wind_generation,Wind Onshore,2026-06-13T21:03:52Z
2026-06-13T21:02:15Z,2026-06-13T23:02:15+0200,37293abf-bd75-40d9-81b7-896ff667771a,2026-05-26T09:00:00Z,2026-05-26T11:00:00+0200,527.33997,MW,FR,FR,forecast_onshore_wind_generation,Wind Onshore,2026-06-13T21:03:52Z
2026-06-13T21:02:15Z,2026-06-13T23:02:15+0200,37293abf-bd75-40d9-81b7-896ff667771a,2026-05-26T09:15:00Z,2026-05-26T11:15:00+0200,528.77887,MW,FR,FR,forecast_onshore_wind_generation,Wind Onshore,2026-06-13T21:03:52Z
2026-06-13T21:02:15Z,2026-06-13T23:02:15+0200,37293abf-bd75-40d9-81b7-896ff667771a,2026-05-26T09:30:00Z,2026-05-26T11:30:00+0200,313.65985,MW,FR,FR,forecast_onshore_wind_generation,Wind Onshore,2026-06-13T21:03:52Z
2026-06-13T21:02:15Z,2026-06-13T23:02:15+0200,37293abf-bd75-40d9-81b7-896ff667771a,2026-05-26T09:45:00Z,2026-05-26T11:45:00+0200,316.77988,MW,FR,FR,forecast_onshore_wind_generation,Wind Onshore,2026-06-13T21:03:52Z
2026-06-13T21:02:15Z,2026-06-13T23:02:15+0200,37293abf-bd75-40d9-81b7-896ff667771a,2026-05-26T10:00:00Z,2026-05-26T12:00:00+0200,319.42004,MW,FR,FR,forecast_onshore_wind_generation,Wind Onshore,2026-06-13T21:03:52Z
2026-06-13T21:02:15Z,2026-06-13T23:02:15+0200,37293abf-bd75-40d9-81b7-896ff667771a,2026-05-26T10:15:00Z,2026-05-26T12:15:00+0200,324.56961,MW,FR,FR,forecast_onshore_wind_generation,Wind Onshore,2026-06-13T21:03:52Z
2026-06-13T21:02:15Z,2026-06-13T23:02:15+0200,37293abf-bd75-40d9-81b7-896ff667771a,2026-05-26T10:30:00Z,2026-05-26T12:30:00+0200,329.87958,MW,FR,FR,forecast_onshore_wind_generation,Wind Onshore,2026-06-13T21:03:52Z
2026-06-13T21:02:15Z,2026-06-13T23:02:15+0200,37293abf-bd75-40d9-81b7-896ff667771a,2026-05-26T10:45:00Z,2026-05-26T12:45:00+0200,335.01962,MW,FR,FR,forecast_onshore_wind_generation,Wind Onshore,2026-06-13T21:03:52Z
2026-06-13T21:02:15Z,2026-06-13T23:02:15+0200,37293abf-bd75-40d9-81b7-896ff667771a,2026-05-26T11:00:00Z,2026-05-26T13:00:00+0200,340.52979,MW,FR,FR,forecast_onshore_wind_generation,Wind Onshore,2026-06-13T21:03:52Z
2026-06-13T21:02:15Z,2026-06-13T23:02:15+0200,37293abf-bd75-40d9-81b7-896ff667771a,2026-05-26T11:15:00Z,2026-05-26T13:15:00+0200,189.08984,MW,FR,FR,forecast_onshore_wind_generation,Wind Onshore,2026-06-13T21:03:52Z
2026-06-13T21:02:15Z,2026-06-13T23:02:15+0200,37293abf-bd75-40d9-81b7-896ff667771a,2026-05-26T11:30:00Z,2026-05-26T13:30:00+0200,191.89995,MW,FR,FR,forecast_onshore_wind_generation,Wind Onshore,2026-06-13T21:03:52Z
2026-06-13T21:02:15Z,2026-06-13T23:02:15+0200,37293abf-bd75-40d9-81b7-896ff667771a,2026-05-26T11:45:00Z,2026-05-26T13:45:00+0200,194.94992,MW,FR,FR,forecast_onshore_wind_generation,Wind Onshore,2026-06-13T21:03:52Z
2026-06-13T21:02:15Z,2026-06-13T23:02:15+0200,37293abf-bd75-40d9-81b7-896ff667771a,2026-05-26T12:00:00Z,2026-05-26T14:00:00+0200,197.87988,MW,FR,FR,forecast_onshore_wind_generation,Wind Onshore,2026-06-13T21:03:52Z
2026-06-13T21:02:15Z,2026-06-13T23:02:15+0200,37293abf-bd75-40d9-81b7-896ff667771a,2026-05-26T12:15:00Z,2026-05-26T14:15:00+0200,202.32994,MW,FR,FR,forecast_onshore_wind_generation,Wind Onshore,2026-06-13T21:03:52Z
2026-06-13T21:02:15Z,2026-06-13T23:02:15+0200,37293abf-bd75-40d9-81b7-896ff667771a,2026-05-26T12:30:00Z,2026-05-26T14:30:00+0200,207.22003,MW,FR,FR,forecast_onshore_wind_generation,Wind Onshore,2026-06-13T21:03:52Z
2026-06-13T21:02:15Z,2026-06-13T23:02:15+0200,37293abf-bd75-40d9-81b7-896ff667771a,2026-05-26T12:45:00Z,2026-05-26T14:45:00+0200,211.83989,MW,FR,FR,forecast_onshore_wind_generation,Wind Onshore,2026-06-13T21:03:52Z
2026-06-13T21:02:15Z,2026-06-13T23:02:15+0200,37293abf-bd75-40d9-81b7-896ff667771a,2026-05-26T13:00:00Z,2026-05-26T15:00:00+0200,392.87003,MW,FR,FR,forecast_onshore_wind_generation,Wind Onshore,2026-06-13T21:03:52Z
2026-06-13T21:02:15Z,2026-06-13T23:02:15+0200,37293abf-bd75-40d9-81b7-896ff667771a,2026-05-26T13:15:00Z,2026-05-26T15:15:00+0200,396.59985,MW,FR,FR,forecast_onshore_wind_generation,Wind Onshore,2026-06-13T21:03:52Z
2026-06-13T21:02:15Z,2026-06-13T23:02:15+0200,37293abf-bd75-40d9-81b7-896ff667771a,2026-05-26T13:30:00Z,2026-05-26T15:30:00+0200,400.58981,MW,FR,FR,forecast_onshore_wind_generation,Wind Onshore,2026-06-13T21:03:52Z
2026-06-13T21:02:15Z,2026-06-13T23:02:15+0200,37293abf-bd75-40d9-81b7-896ff667771a,2026-05-26T13:45:00Z,2026-05-26T15:45:00+0200,404.66962,MW,FR,FR,forecast_onshore_wind_generation,Wind Onshore,2026-06-13T21:03:52Z
2026-06-13T21:02:15Z,2026-06-13T23:02:15+0200,37293abf-bd75-40d9-81b7-896ff667771a,2026-05-26T14:00:00Z,2026-05-26T16:00:00+0200,408.76941,MW,FR,FR,forecast_onshore_wind_generation,Wind Onshore,2026-06-13T21:03:52Z
2026-06-13T21:02:15Z,2026-06-13T23:02:15+0200,37293abf-bd75-40d9-81b7-896ff667771a,2026-05-26T14:15:00Z,2026-05-26T16:15:00+0200,662.00037,MW,FR,FR,forecast_onshore_wind_generation,Wind Onshore,2026-06-13T21:03:52Z
2026-06-13T21:02:15Z,2026-06-13T23:02:15+0200,37293abf-bd75-40d9-81b7-896ff667771a,2026-05-26T14:30:00Z,2026-05-26T16:30:00+0200,670.48004,MW,FR,FR,forecast_onshore_wind_generation,Wind Onshore,2026-06-13T21:03:52Z
2026-06-13T21:02:15Z,2026-06-13T23:02:15+0200,37293abf-bd75-40d9-81b7-896ff667771a,2026-05-26T14:45:00Z,2026-05-26T16:45:00+0200,678.79004,MW,FR,FR,forecast_onshore_wind_generation,Wind Onshore,2026-06-13T21:03:52Z
2026-06-13T21:02:15Z,2026-06-13T23:02:15+0200,37293abf-bd75-40d9-81b7-896ff667771a,2026-05-26T15:00:00Z,2026-05-26T17:00:00+0200,687.10999,MW,FR,FR,forecast_onshore_wind_generation,Wind Onshore,2026-06-13T21:03:52Z
2026-06-13T21:02:15Z,2026-06-13T23:02:15+0200,37293abf-bd75-40d9-81b7-896ff667771a,2026-05-26T15:15:00Z,2026-05-26T17:15:00+0200,688.63,MW,FR,FR,forecast_onshore_wind_generation,Wind Onshore,2026-06-13T21:03:52Z
2026-06-13T21:02:15Z,2026-06-13T23:02:15+0200,37293abf-bd75-40d9-81b7-896ff667771a,2026-05-26T15:30:00Z,2026-05-26T17:30:00+0200,690.22003,MW,FR,FR,forecast_onshore_wind_generation,Wind Onshore,2026-06-13T21:03:52Z
2026-06-13T21:02:15Z,2026-06-13T23:02:15+0200,37293abf-bd75-40d9-81b7-896ff667771a,2026-05-26T15:45:00Z,2026-05-26T17:45:00+0200,691.94,MW,FR,FR,forecast_onshore_wind_generation,Wind Onshore,2026-06-13T21:03:52Z
2026-06-13T21:02:15Z,2026-06-13T23:02:15+0200,37293abf-bd75-40d9-81b7-896ff667771a,2026-05-26T16:00:00Z,2026-05-26T18:00:00+0200,693.64996,MW,FR,FR,forecast_onshore_wind_generation,Wind Onshore,2026-06-13T21:03:52Z
2026-06-13T21:02:15Z,2026-06-13T23:02:15+0200,37293abf-bd75-40d9-81b7-896ff667771a,2026-05-26T16:15:00Z,2026-05-26T18:15:00+0200,702.10999,MW,FR,FR,forecast_onshore_wind_generation,Wind Onshore,2026-06-13T21:03:52Z
2026-06-13T21:02:15Z,2026-06-13T23:02:15+0200,37293abf-bd75-40d9-81b7-896ff667771a,2026-05-26T16:30:00Z,2026-05-26T18:30:00+0200,710.63,MW,FR,FR,forecast_onshore_wind_generation,Wind Onshore,2026-06-13T21:03:52Z
2026-06-13T21:02:15Z,2026-06-13T23:02:15+0200,37293abf-bd75-40d9-81b7-896ff667771a,2026-05-26T16:45:00Z,2026-05-26T18:45:00+0200,719.44995,MW,FR,FR,forecast_onshore_wind_generation,Wind Onshore,2026-06-13T21:03:52Z
2026-06-13T21:02:15Z,2026-06-13T23:02:15+0200,37293abf-bd75-40d9-81b7-896ff667771a,2026-05-26T17:00:00Z,2026-05-26T19:00:00+0200,728.27997,MW,FR,FR,forecast_onshore_wind_generation,Wind Onshore,2026-06-13T21:03:52Z
2026-06-13T21:02:15Z,2026-06-13T23:02:15+0200,37293abf-bd75-40d9-81b7-896ff667771a,2026-05-26T17:15:00Z,2026-05-26T19:15:00+0200,770.90997,MW,FR,FR,forecast_onshore_wind_generation,Wind Onshore,2026-06-13T21:03:52Z
2026-06-13T21:02:15Z,2026-06-13T23:02:15+0200,37293abf-bd75-40d9-81b7-896ff667771a,2026-05-26T17:30:00Z,2026-05-26T19:30:00+0200,813.87,MW,FR,FR,forecast_onshore_wind_generation,Wind Onshore,2026-06-13T21:03:52Z
2026-06-13T21:02:15Z,2026-06-13T23:02:15+0200,37293abf-bd75-40d9-81b7-896ff667771a,2026-05-26T17:45:00Z,2026-05-26T19:45:00+0200,857.05005,MW,FR,FR,forecast_onshore_wind_generation,Wind Onshore,2026-06-13T21:03:52Z
2026-06-13T21:02:15Z,2026-06-13T23:02:15+0200,37293abf-bd75-40d9-81b7-896ff667771a,2026-05-26T18:00:00Z,2026-05-26T20:00:00+0200,900.22998,MW,FR,FR,forecast_onshore_wind_generation,Wind Onshore,2026-06-13T21:03:52Z
2026-06-13T21:02:15Z,2026-06-13T23:02:15+0200,37293abf-bd75-40d9-81b7-896ff667771a,2026-05-26T18:15:00Z,2026-05-26T20:15:00+0200,970.39001,MW,FR,FR,forecast_onshore_wind_generation,Wind Onshore,2026-06-13T21:03:52Z
2026-06-13T21:02:15Z,2026-06-13T23:02:15+0200,37293abf-bd75-40d9-81b7-896ff667771a,2026-05-26T18:30:00Z,2026-05-26T20:30:00+0200,1040.59998,MW,FR,FR,forecast_onshore_wind_generation,Wind Onshore,2026-06-13T21:03:52Z
2026-06-13T21:02:15Z,2026-06-13T23:02:15+0200,37293abf-bd75-40d9-81b7-896ff667771a,2026-05-26T18:45:00Z,2026-05-26T20:45:00+0200,1110.80005,MW,FR,FR,forecast_onshore_wind_generation,Wind Onshore,2026-06-13T21:03:52Z
2026-06-13T21:02:15Z,2026-06-13T23:02:15+0200,37293abf-bd75-40d9-81b7-896ff667771a,2026-05-26T19:00:00Z,2026-05-26T21:00:00+0200,1181.01001,MW,FR,FR,forecast_onshore_wind_generation,Wind Onshore,2026-06-13T21:03:52Z
2026-06-13T21:02:15Z,2026-06-13T23:02:15+0200,37293abf-bd75-40d9-81b7-896ff667771a,2026-05-26T19:15:00Z,2026-05-26T21:15:00+0200,1268.53003,MW,FR,FR,forecast_onshore_wind_generation,Wind Onshore,2026-06-13T21:03:52Z
2026-06-13T21:02:15Z,2026-06-13T23:02:15+0200,37293abf-bd75-40d9-81b7-896ff667771a,2026-05-26T19:30:00Z,2026-05-26T21:30:00+0200,1356.09998,MW,FR,FR,forecast_onshore_wind_generation,Wind Onshore,2026-06-13T21:03:52Z
2026-06-13T21:02:15Z,2026-06-13T23:02:15+0200,37293abf-bd75-40d9-81b7-896ff667771a,2026-05-26T19:45:00Z,2026-05-26T21:45:00+0200,1443.65002,MW,FR,FR,forecast_onshore_wind_generation,Wind Onshore,2026-06-13T21:03:52Z
2026-06-13T21:02:15Z,2026-06-13T23:02:15+0200,37293abf-bd75-40d9-81b7-896ff667771a,2026-05-26T20:00:00Z,2026-05-26T22:00:00+0200,1531.20996,MW,FR,FR,forecast_onshore_wind_generation,Wind Onshore,2026-06-13T21:03:52Z
2026-06-13T21:02:15Z,2026-06-13T23:02:15+0200,37293abf-bd75-40d9-81b7-896ff667771a,2026-05-26T20:15:00Z,2026-05-26T22:15:00+0200,1611.78003,MW,FR,FR,forecast_onshore_wind_generation,Wind Onshore,2026-06-13T21:03:52Z
2026-06-13T21:02:15Z,2026-06-13T23:02:15+0200,37293abf-bd75-40d9-81b7-896ff667771a,2026-05-26T20:30:00Z,2026-05-26T22:30:00+0200,1692.39001,MW,FR,FR,forecast_onshore_wind_generation,Wind Onshore,2026-06-13T21:03:52Z
2026-06-13T21:02:15Z,2026-06-13T23:02:15+0200,37293abf-bd75-40d9-81b7-896ff667771a,2026-05-26T20:45:00Z,2026-05-26T22:45:00+0200,1772.95996,MW,FR,FR,forecast_onshore_wind_generation,Wind Onshore,2026-06-13T21:03:52Z
2026-06-13T21:02:15Z,2026-06-13T23:02:15+0200,37293abf-bd75-40d9-81b7-896ff667771a,2026-05-26T21:00:00Z,2026-05-26T23:00:00+0200,1853.54004,MW,FR,FR,forecast_onshore_wind_generation,Wind Onshore,2026-06-13T21:03:52Z
2026-06-13T21:02:15Z,2026-06-13T23:02:15+0200,37293abf-bd75-40d9-81b7-896ff667771a,2026-05-26T21:15:00Z,2026-05-26T23:15:00+0200,1893.75,MW,FR,FR,forecast_onshore_wind_generation,Wind Onshore,2026-06-13T21:03:52Z
2026-06-13T21:02:15Z,2026-06-13T23:02:15+0200,37293abf-bd75-40d9-81b7-896ff667771a,2026-05-26T21:30:00Z,2026-05-26T23:30:00+0200,1933.97998,MW,FR,FR,forecast_onshore_wind_generation,Wind Onshore,2026-06-13T21:03:52Z
2026-06-13T21:02:15Z,2026-06-13T23:02:15+0200,37293abf-bd75-40d9-81b7-896ff667771a,2026-05-26T21:45:00Z,2026-05-26T23:45:00+0200,1974.15015,MW,FR,FR,forecast_onshore_wind_generation,Wind Onshore,2026-06-13T21:03:52Z
2026-06-13T21:02:15Z,2026-06-13T23:02:15+0200,37293abf-bd75-40d9-81b7-896ff667771a,2026-05-26T22:00:00Z,2026-05-27T00:00:00+0200,1910.57983,MW,FR,FR,forecast_onshore_wind_generation,Wind Onshore,2026-06-13T21:03:52Z
2026-06-13T21:02:15Z,2026-06-13T23:02:15+0200,37293abf-bd75-40d9-81b7-896ff667771a,2026-05-26T22:15:00Z,2026-05-27T00:15:00+0200,1882.68005,MW,FR,FR,forecast_onshore_wind_generation,Wind Onshore,2026-06-13T21:03:52Z
2026-06-13T21:02:15Z,2026-06-13T23:02:15+0200,37293abf-bd75-40d9-81b7-896ff667771a,2026-05-26T22:30:00Z,2026-05-27T00:30:00+0200,1854.75012,MW,FR,FR,forecast_onshore_wind_generation,Wind Onshore,2026-06-13T21:03:52Z
2026-06-13T21:02:15Z,2026-06-13T23:02:15+0200,37293abf-bd75-40d9-81b7-896ff667771a,2026-05-26T22:45:00Z,2026-05-27T00:45:00+0200,1826.84998,MW,FR,FR,forecast_onshore_wind_generation,Wind Onshore,2026-06-13T21:03:52Z
2026-06-13T21:02:15Z,2026-06-13T23:02:15+0200,37293abf-bd75-40d9-81b7-896ff667771a,2026-05-26T23:00:00Z,2026-05-27T01:00:00+0200,1798.95007,MW,FR,FR,forecast_onshore_wind_generation,Wind Onshore,2026-06-13T21:03:52Z
2026-06-13T21:02:15Z,2026-06-13T23:02:15+0200,37293abf-bd75-40d9-81b7-896ff667771a,2026-05-26T23:15:00Z,2026-05-27T01:15:00+0200,1755.47998,MW,FR,FR,forecast_onshore_wind_generation,Wind Onshore,2026-06-13T21:03:52Z
2026-06-13T21:02:15Z,2026-06-13T23:02:15+0200,37293abf-bd75-40d9-81b7-896ff667771a,2026-05-26T23:30:00Z,2026-05-27T01:30:00+0200,1712.02002,MW,FR,FR,forecast_onshore_wind_generation,Wind Onshore,2026-06-13T21:03:52Z
2026-06-13T21:02:15Z,2026-06-13T23:02:15+0200,37293abf-bd75-40d9-81b7-896ff667771a,2026-05-26T23:45:00Z,2026-05-27T01:45:00+0200,1668.6499,MW,FR,FR,forecast_onshore_wind_generation,Wind Onshore,2026-06-13T21:03:52Z
2026-06-13T21:02:15Z,2026-06-13T23:02:15+0200,37293abf-bd75-40d9-81b7-896ff667771a,2026-05-27T00:00:00Z,2026-05-27T02:00:00+0200,1625.29004,MW,FR,FR,forecast_onshore_wind_generation,Wind Onshore,2026-06-13T21:03:52Z
2026-06-13T21:02:15Z,2026-06-13T23:02:15+0200,37293abf-bd75-40d9-81b7-896ff667771a,2026-05-27T00:15:00Z,2026-05-27T02:15:00+0200,1607.81995,MW,FR,FR,forecast_onshore_wind_generation,Wind Onshore,2026-06-13T21:03:52Z
2026-06-13T21:02:15Z,2026-06-13T23:02:15+0200,37293abf-bd75-40d9-81b7-896ff667771a,2026-05-27T00:30:00Z,2026-05-27T02:30:00+0200,1590.37,MW,FR,FR,forecast_onshore_wind_generation,Wind Onshore,2026-06-13T21:03:52Z
2026-06-13T21:02:15Z,2026-06-13T23:02:15+0200,37293abf-bd75-40d9-81b7-896ff667771a,2026-05-27T00:45:00Z,2026-05-27T02:45:00+0200,1572.96008,MW,FR,FR,forecast_onshore_wind_generation,Wind Onshore,2026-06-13T21:03:52Z
2026-06-13T21:02:15Z,2026-06-13T23:02:15+0200,37293abf-bd75-40d9-81b7-896ff667771a,2026-05-27T01:00:00Z,2026-05-27T03:00:00+0200,1555.58997,MW,FR,FR,forecast_onshore_wind_generation,Wind Onshore,2026-06-13T21:03:52Z
2026-06-13T21:02:15Z,2026-06-13T23:02:15+0200,37293abf-bd75-40d9-81b7-896ff667771a,2026-05-27T01:15:00Z,2026-05-27T03:15:00+0200,1554.45996,MW,FR,FR,forecast_onshore_wind_generation,Wind Onshore,2026-06-13T21:03:52Z
2026-06-13T21:02:15Z,2026-06-13T23:02:15+0200,37293abf-bd75-40d9-81b7-896ff667771a,2026-05-27T01:30:00Z,2026-05-27T03:30:00+0200,1553.47998,MW,FR,FR,forecast_onshore_wind_generation,Wind Onshore,2026-06-13T21:03:52Z
2026-06-13T21:02:15Z,2026-06-13T23:02:15+0200,37293abf-bd75-40d9-81b7-896ff667771a,2026-05-27T01:45:00Z,2026-05-27T03:45:00+0200,1552.56995,MW,FR,FR,forecast_onshore_wind_generation,Wind Onshore,2026-06-13T21:03:52Z
2026-06-13T21:02:15Z,2026-06-13T23:02:15+0200,37293abf-bd75-40d9-81b7-896ff667771a,2026-05-27T02:00:00Z,2026-05-27T04:00:00+0200,1551.70007,MW,FR,FR,forecast_onshore_wind_generation,Wind Onshore,2026-06-13T21:03:52Z
2026-06-13T21:02:15Z,2026-06-13T23:02:15+0200,37293abf-bd75-40d9-81b7-896ff667771a,2026-05-27T02:15:00Z,2026-05-27T04:15:00+0200,1568.86011,MW,FR,FR,forecast_onshore_wind_generation,Wind Onshore,2026-06-13T21:03:52Z
2026-06-13T21:02:15Z,2026-06-13T23:02:15+0200,37293abf-bd75-40d9-81b7-896ff667771a,2026-05-27T02:30:00Z,2026-05-27T04:30:00+0200,1585.98999,MW,FR,FR,forecast_onshore_wind_generation,Wind Onshore,2026-06-13T21:03:52Z
2026-06-13T21:02:15Z,2026-06-13T23:02:15+0200,37293abf-bd75-40d9-81b7-896ff667771a,2026-05-27T02:45:00Z,2026-05-27T04:45:00+0200,1603.16992,MW,FR,FR,forecast_onshore_wind_generation,Wind Onshore,2026-06-13T21:03:52Z
2026-06-13T21:02:15Z,2026-06-13T23:02:15+0200,37293abf-bd75-40d9-81b7-896ff667771a,2026-05-27T03:00:00Z,2026-05-27T05:00:00+0200,1620.40002,MW,FR,FR,forecast_onshore_wind_generation,Wind Onshore,2026-06-13T21:03:52Z
2026-06-13T21:02:15Z,2026-06-13T23:02:15+0200,37293abf-bd75-40d9-81b7-896ff667771a,2026-05-27T03:15:00Z,2026-05-27T05:15:00+0200,1634.87,MW,FR,FR,forecast_onshore_wind_generation,Wind Onshore,2026-06-13T21:03:52Z
2026-06-13T21:02:15Z,2026-06-13T23:02:15+0200,37293abf-bd75-40d9-81b7-896ff667771a,2026-05-27T03:30:00Z,2026-05-27T05:30:00+0200,1649.37988,MW,FR,FR,forecast_onshore_wind_generation,Wind Onshore,2026-06-13T21:03:52Z
2026-06-13T21:02:15Z,2026-06-13T23:02:15+0200,37293abf-bd75-40d9-81b7-896ff667771a,2026-05-27T03:45:00Z,2026-05-27T05:45:00+0200,1663.97009,MW,FR,FR,forecast_onshore_wind_generation,Wind Onshore,2026-06-13T21:03:52Z
2026-06-13T21:02:15Z,2026-06-13T23:02:15+0200,37293abf-bd75-40d9-81b7-896ff667771a,2026-05-27T04:00:00Z,2026-05-27T06:00:00+0200,1678.66003,MW,FR,FR,forecast_onshore_wind_generation,Wind Onshore,2026-06-13T21:03:52Z
2026-06-13T21:02:15Z,2026-06-13T23:02:15+0200,37293abf-bd75-40d9-81b7-896ff667771a,2026-05-27T04:15:00Z,2026-05-27T06:15:00+0200,1687.04004,MW,FR,FR,forecast_onshore_wind_generation,Wind Onshore,2026-06-13T21:03:52Z
2026-06-13T21:02:15Z,2026-06-13T23:02:15+0200,37293abf-bd75-40d9-81b7-896ff667771a,2026-05-27T04:30:00Z,2026-05-27T06:30:00+0200,1695.40002,MW,FR,FR,forecast_onshore_wind_generation,Wind Onshore,2026-06-13T21:03:52Z
2026-06-13T21:02:15Z,2026-06-13T23:02:15+0200,37293abf-bd75-40d9-81b7-896ff667771a,2026-05-27T04:45:00Z,2026-05-27T06:45:00+0200,1703.72009,MW,FR,FR,forecast_onshore_wind_generation,Wind Onshore,2026-06-13T21:03:52Z
2026-06-13T21:02:15Z,2026-06-13T23:02:15+0200,37293abf-bd75-40d9-81b7-896ff667771a,2026-05-27T05:00:00Z,2026-05-27T07:00:00+0200,1712.02991,MW,FR,FR,forecast_onshore_wind_generation,Wind Onshore,2026-06-13T21:03:52Z
2026-06-13T21:02:15Z,2026-06-13T23:02:15+0200,37293abf-bd75-40d9-81b7-896ff667771a,2026-05-27T05:15:00Z,2026-05-27T07:15:00+0200,1662.52002,MW,FR,FR,forecast_onshore_wind_generation,Wind Onshore,2026-06-13T21:03:52Z
2026-06-13T21:02:15Z,2026-06-13T23:02:15+0200,37293abf-bd75-40d9-81b7-896ff667771a,2026-05-27T05:30:00Z,2026-05-27T07:30:00+0200,1613.03003,MW,FR,FR,forecast_onshore_wind_generation,Wind Onshore,2026-06-13T21:03:52Z
2026-06-13T21:02:15Z,2026-06-13T23:02:15+0200,37293abf-bd75-40d9-81b7-896ff667771a,2026-05-27T05:45:00Z,2026-05-27T07:45:00+0200,1563.62,MW,FR,FR,forecast_onshore_wind_generation,Wind Onshore,2026-06-13T21:03:52Z
2026-06-13T21:02:15Z,2026-06-13T23:02:15+0200,37293abf-bd75-40d9-81b7-896ff667771a,2026-05-27T06:00:00Z,2026-05-27T08:00:00+0200,1514.20007,MW,FR,FR,forecast_onshore_wind_generation,Wind Onshore,2026-06-13T21:03:52Z
2026-06-13T21:02:15Z,2026-06-13T23:02:15+0200,37293abf-bd75-40d9-81b7-896ff667771a,2026-05-27T06:15:00Z,2026-05-27T08:15:00+0200,1485.69995,MW,FR,FR,forecast_onshore_wind_generation,Wind Onshore,2026-06-13T21:03:52Z
2026-06-13T21:02:15Z,2026-06-13T23:02:15+0200,37293abf-bd75-40d9-81b7-896ff667771a,2026-05-27T06:30:00Z,2026-05-27T08:30:00+0200,1457.22009,MW,FR,FR,forecast_onshore_wind_generation,Wind Onshore,2026-06-13T21:03:52Z
2026-06-13T21:02:15Z,2026-06-13T23:02:15+0200,37293abf-bd75-40d9-81b7-896ff667771a,2026-05-27T06:45:00Z,2026-05-27T08:45:00+0200,1428.70996,MW,FR,FR,forecast_onshore_wind_generation,Wind Onshore,2026-06-13T21:03:52Z
2026-06-13T21:02:15Z,2026-06-13T23:02:15+0200,37293abf-bd75-40d9-81b7-896ff667771a,2026-05-27T07:00:00Z,2026-05-27T09:00:00+0200,1400.20996,MW,FR,FR,forecast_onshore_wind_generation,Wind Onshore,2026-06-13T21:03:52Z
2026-06-13T21:02:15Z,2026-06-13T23:02:15+0200,37293abf-bd75-40d9-81b7-896ff667771a,2026-05-27T07:15:00Z,2026-05-27T09:15:00+0200,1205.65002,MW,FR,FR,forecast_onshore_wind_generation,Wind Onshore,2026-06-13T21:03:52Z
2026-06-13T21:02:15Z,2026-06-13T23:02:15+0200,37293abf-bd75-40d9-81b7-896ff667771a,2026-05-27T07:30:00Z,2026-05-27T09:30:00+0200,1011.16003,MW,FR,FR,forecast_onshore_wind_generation,Wind Onshore,2026-06-13T21:03:52Z
2026-06-13T21:02:15Z,2026-06-13T23:02:15+0200,37293abf-bd75-40d9-81b7-896ff667771a,2026-05-27T07:45:00Z,2026-05-27T09:45:00+0200,816.70001,MW,FR,FR,forecast_onshore_wind_generation,Wind Onshore,2026-06-13T21:03:52Z
2026-06-13T21:02:15Z,2026-06-13T23:02:15+0200,37293abf-bd75-40d9-81b7-896ff667771a,2026-05-27T08:00:00Z,2026-05-27T10:00:00+0200,622.39001,MW,FR,FR,forecast_onshore_wind_generation,Wind Onshore,2026-06-13T21:03:52Z
2026-06-13T21:02:15Z,2026-06-13T23:02:15+0200,37293abf-bd75-40d9-81b7-896ff667771a,2026-05-27T08:15:00Z,2026-05-27T10:15:00+0200,604.73999,MW,FR,FR,forecast_onshore_wind_generation,Wind Onshore,2026-06-13T21:03:52Z
2026-06-13T21:02:15Z,2026-06-13T23:02:15+0200,37293abf-bd75-40d9-81b7-896ff667771a,2026-05-27T08:30:00Z,2026-05-27T10:30:00+0200,587.10999,MW,FR,FR,forecast_onshore_wind_generation,Wind Onshore,2026-06-13T21:03:52Z
2026-06-13T21:02:15Z,2026-06-13T23:02:15+0200,37293abf-bd75-40d9-81b7-896ff667771a,2026-05-27T08:45:00Z,2026-05-27T10:45:00+0200,569.59998,MW,FR,FR,forecast_onshore_wind_generation,Wind Onshore,2026-06-13T21:03:52Z
2026-06-13T21:02:15Z,2026-06-13T23:02:15+0200,37293abf-bd75-40d9-81b7-896ff667771a,2026-05-27T09:00:00Z,2026-05-27T11:00:00+0200,552.09998,MW,FR,FR,forecast_onshore_wind_generation,Wind Onshore,2026-06-13T21:03:52Z
2026-06-13T21:02:15Z,2026-06-13T23:02:15+0200,37293abf-bd75-40d9-81b7-896ff667771a,2026-05-27T09:15:00Z,2026-05-27T11:15:00+0200,575.75,MW,FR,FR,forecast_onshore_wind_generation,Wind Onshore,2026-06-13T21:03:52Z
2026-06-13T21:02:15Z,2026-06-13T23:02:15+0200,37293abf-bd75-40d9-81b7-896ff667771a,2026-05-27T09:30:00Z,2026-05-27T11:30:00+0200,599.53003,MW,FR,FR,forecast_onshore_wind_generation,Wind Onshore,2026-06-13T21:03:52Z
2026-06-13T21:02:15Z,2026-06-13T23:02:15+0200,37293abf-bd75-40d9-81b7-896ff667771a,2026-05-27T09:45:00Z,2026-05-27T11:45:00+0200,623.43994,MW,FR,FR,forecast_onshore_wind_generation,Wind Onshore,2026-06-13T21:03:52Z
2026-06-13T21:02:15Z,2026-06-13T23:02:15+0200,37293abf-bd75-40d9-81b7-896ff667771a,2026-05-27T10:00:00Z,2026-05-27T12:00:00+0200,647.41998,MW,FR,FR,forecast_onshore_wind_generation,Wind Onshore,2026-06-13T21:03:52Z
2026-06-13T21:02:15Z,2026-06-13T23:02:15+0200,37293abf-bd75-40d9-81b7-896ff667771a,2026-05-27T10:15:00Z,2026-05-27T12:15:00+0200,692.26001,MW,FR,FR,forecast_onshore_wind_generation,Wind Onshore,2026-06-13T21:03:52Z
2026-06-13T21:02:15Z,2026-06-13T23:02:15+0200,37293abf-bd75-40d9-81b7-896ff667771a,2026-05-27T10:30:00Z,2026-05-27T12:30:00+0200,737.16003,MW,FR,FR,forecast_onshore_wind_generation,Wind Onshore,2026-06-13T21:03:52Z
2026-06-13T21:02:15Z,2026-06-13T23:02:15+0200,37293abf-bd75-40d9-81b7-896ff667771a,2026-05-27T10:45:00Z,2026-05-27T12:45:00+0200,782.06995,MW,FR,FR,forecast_onshore_wind_generation,Wind Onshore,2026-06-13T21:03:52Z
2026-06-13T21:02:15Z,2026-06-13T23:02:15+0200,37293abf-bd75-40d9-81b7-896ff667771a,2026-05-27T11:00:00Z,2026-05-27T13:00:00+0200,827.02997,MW,FR,FR,forecast_onshore_wind_generation,Wind Onshore,2026-06-13T21:03:52Z
2026-06-13T21:02:15Z,2026-06-13T23:02:15+0200,37293abf-bd75-40d9-81b7-896ff667771a,2026-05-27T11:15:00Z,2026-05-27T13:15:00+0200,873.57007,MW,FR,FR,forecast_onshore_wind_generation,Wind Onshore,2026-06-13T21:03:52Z
2026-06-13T21:02:15Z,2026-06-13T23:02:15+0200,37293abf-bd75-40d9-81b7-896ff667771a,2026-05-27T11:30:00Z,2026-05-27T13:30:00+0200,528.58972,MW,FR,FR,forecast_onshore_wind_generation,Wind Onshore,2026-06-13T21:03:52Z
2026-06-13T21:02:15Z,2026-06-13T23:02:15+0200,37293abf-bd75-40d9-81b7-896ff667771a,2026-05-27T11:45:00Z,2026-05-27T13:45:00+0200,554.7699,MW,FR,FR,forecast_onshore_wind_generation,Wind Onshore,2026-06-13T21:03:52Z
2026-06-13T21:02:15Z,2026-06-13T23:02:15+0200,37293abf-bd75-40d9-81b7-896ff667771a,2026-05-27T12:00:00Z,2026-05-27T14:00:00+0200,581.01959,MW,FR,FR,forecast_onshore_wind_generation,Wind Onshore,2026-06-13T21:03:52Z
2026-06-13T21:02:15Z,2026-06-13T23:02:15+0200,37293abf-bd75-40d9-81b7-896ff667771a,2026-05-27T12:15:00Z,2026-05-27T14:15:00+0200,610.64978,MW,FR,FR,forecast_onshore_wind_generation,Wind Onshore,2026-06-13T21:03:52Z
2026-06-13T21:02:15Z,2026-06-13T23:02:15+0200,37293abf-bd75-40d9-81b7-896ff667771a,2026-05-27T12:30:00Z,2026-05-27T14:30:00+0200,640.14001,MW,FR,FR,forecast_onshore_wind_generation,Wind Onshore,2026-06-13T21:03:52Z
2026-06-13T21:02:15Z,2026-06-13T23:02:15+0200,37293abf-bd75-40d9-81b7-896ff667771a,2026-05-27T12:45:00Z,2026-05-27T14:45:00+0200,669.61963,MW,FR,FR,forecast_onshore_wind_generation,Wind Onshore,2026-06-13T21:03:52Z
2026-06-13T21:02:15Z,2026-06-13T23:02:15+0200,37293abf-bd75-40d9-81b7-896ff667771a,2026-05-27T13:00:00Z,2026-05-27T15:00:00+0200,1213.37085,MW,FR,FR,forecast_onshore_wind_generation,Wind Onshore,2026-06-13T21:03:52Z
2026-06-13T21:02:15Z,2026-06-13T23:02:15+0200,37293abf-bd75-40d9-81b7-896ff667771a,2026-05-27T13:15:00Z,2026-05-27T15:15:00+0200,1236.65002,MW,FR,FR,forecast_onshore_wind_generation,Wind Onshore,2026-06-13T21:03:52Z
2026-06-13T21:02:15Z,2026-06-13T23:02:15+0200,37293abf-bd75-40d9-81b7-896ff667771a,2026-05-27T13:30:00Z,2026-05-27T15:30:00+0200,1260.09009,MW,FR,FR,forecast_onshore_wind_generation,Wind Onshore,2026-06-13T21:03:52Z
2026-06-13T21:02:15Z,2026-06-13T23:02:15+0200,37293abf-bd75-40d9-81b7-896ff667771a,2026-05-27T13:45:00Z,2026-05-27T15:45:00+0200,1283.59009,MW,FR,FR,forecast_onshore_wind_generation,Wind Onshore,2026-06-13T21:03:52Z
2026-06-13T21:02:15Z,2026-06-13T23:02:15+0200,37293abf-bd75-40d9-81b7-896ff667771a,2026-05-27T14:00:00Z,2026-05-27T16:00:00+0200,1307.1499,MW,FR,FR,forecast_onshore_wind_generation,Wind Onshore,2026-06-13T21:03:52Z
2026-06-13T21:02:15Z,2026-06-13T23:02:15+0200,37293abf-bd75-40d9-81b7-896ff667771a,2026-05-27T14:15:00Z,2026-05-27T16:15:00+0200,1323.48999,MW,FR,FR,forecast_onshore_wind_generation,Wind Onshore,2026-06-13T21:03:52Z
2026-06-13T21:02:15Z,2026-06-13T23:02:15+0200,37293abf-bd75-40d9-81b7-896ff667771a,2026-05-27T14:30:00Z,2026-05-27T16:30:00+0200,1339.89001,MW,FR,FR,forecast_onshore_wind_generation,Wind Onshore,2026-06-13T21:03:52Z
2026-06-13T21:02:15Z,2026-06-13T23:02:15+0200,37293abf-bd75-40d9-81b7-896ff667771a,2026-05-27T14:45:00Z,2026-05-27T16:45:00+0200,1356.3501,MW,FR,FR,forecast_onshore_wind_generation,Wind Onshore,2026-06-13T21:03:52Z
2026-06-13T21:02:15Z,2026-06-13T23:02:15+0200,37293abf-bd75-40d9-81b7-896ff667771a,2026-05-27T15:00:00Z,2026-05-27T17:00:00+0200,1372.84998,MW,FR,FR,forecast_onshore_wind_generation,Wind Onshore,2026-06-13T21:03:52Z
2026-06-13T21:02:15Z,2026-06-13T23:02:15+0200,37293abf-bd75-40d9-81b7-896ff667771a,2026-05-27T15:15:00Z,2026-05-27T17:15:00+0200,1396.13,MW,FR,FR,forecast_onshore_wind_generation,Wind Onshore,2026-06-13T21:03:52Z
2026-06-13T21:02:15Z,2026-06-13T23:02:15+0200,37293abf-bd75-40d9-81b7-896ff667771a,2026-05-27T15:30:00Z,2026-05-27T17:30:00+0200,1419.44006,MW,FR,FR,forecast_onshore_wind_generation,Wind Onshore,2026-06-13T21:03:52Z
2026-06-13T21:02:15Z,2026-06-13T23:02:15+0200,37293abf-bd75-40d9-81b7-896ff667771a,2026-05-27T15:45:00Z,2026-05-27T17:45:00+0200,1442.67993,MW,FR,FR,forecast_onshore_wind_generation,Wind Onshore,2026-06-13T21:03:52Z
2026-06-13T21:02:15Z,2026-06-13T23:02:15+0200,37293abf-bd75-40d9-81b7-896ff667771a,2026-05-27T16:00:00Z,2026-05-27T18:00:00+0200,1465.92004,MW,FR,FR,forecast_onshore_wind_generation,Wind Onshore,2026-06-13T21:03:52Z
2026-06-13T21:02:15Z,2026-06-13T23:02:15+0200,37293abf-bd75-40d9-81b7-896ff667771a,2026-05-27T16:15:00Z,2026-05-27T18:15:00+0200,1518.70007,MW,FR,FR,forecast_onshore_wind_generation,Wind Onshore,2026-06-13T21:03:52Z
2026-06-13T21:02:15Z,2026-06-13T23:02:15+0200,37293abf-bd75-40d9-81b7-896ff667771a,2026-05-27T16:30:00Z,2026-05-27T18:30:00+0200,1571.52002,MW,FR,FR,forecast_onshore_wind_generation,Wind Onshore,2026-06-13T21:03:52Z
2026-06-13T21:02:15Z,2026-06-13T23:02:15+0200,37293abf-bd75-40d9-81b7-896ff667771a,2026-05-27T16:45:00Z,2026-05-27T18:45:00+0200,1624.48999,MW,FR,FR,forecast_onshore_wind_generation,Wind Onshore,2026-06-13T21:03:52Z
2026-06-13T21:02:15Z,2026-06-13T23:02:15+0200,37293abf-bd75-40d9-81b7-896ff667771a,2026-05-27T17:00:00Z,2026-05-27T19:00:00+0200,1677.45996,MW,FR,FR,forecast_onshore_wind_generation,Wind Onshore,2026-06-13T21:03:52Z
2026-06-13T21:02:15Z,2026-06-13T23:02:15+0200,37293abf-bd75-40d9-81b7-896ff667771a,2026-05-27T17:15:00Z,2026-05-27T19:15:00+0200,1764.68994,MW,FR,FR,forecast_onshore_wind_generation,Wind Onshore,2026-06-13T21:03:52Z
2026-06-13T21:02:15Z,2026-06-13T23:02:15+0200,37293abf-bd75-40d9-81b7-896ff667771a,2026-05-27T17:30:00Z,2026-05-27T19:30:00+0200,1851.98999,MW,FR,FR,forecast_onshore_wind_generation,Wind Onshore,2026-06-13T21:03:52Z
2026-06-13T21:02:15Z,2026-06-13T23:02:15+0200,37293abf-bd75-40d9-81b7-896ff667771a,2026-05-27T17:45:00Z,2026-05-27T19:45:00+0200,1939.34009,MW,FR,FR,forecast_onshore_wind_generation,Wind Onshore,2026-06-13T21:03:52Z
2026-06-13T21:02:15Z,2026-06-13T23:02:15+0200,37293abf-bd75-40d9-81b7-896ff667771a,2026-05-27T18:00:00Z,2026-05-27T20:00:00+0200,2026.72998,MW,FR,FR,forecast_onshore_wind_generation,Wind Onshore,2026-06-13T21:03:52Z
2026-06-13T21:02:15Z,2026-06-13T23:02:15+0200,37293abf-bd75-40d9-81b7-896ff667771a,2026-05-27T18:15:00Z,2026-05-27T20:15:00+0200,2218.5498,MW,FR,FR,forecast_onshore_wind_generation,Wind Onshore,2026-06-13T21:03:52Z
2026-06-13T21:02:15Z,2026-06-13T23:02:15+0200,37293abf-bd75-40d9-81b7-896ff667771a,2026-05-27T18:30:00Z,2026-05-27T20:30:00+0200,2410.3999,MW,FR,FR,forecast_onshore_wind_generation,Wind Onshore,2026-06-13T21:03:52Z
2026-06-13T21:02:15Z,2026-06-13T23:02:15+0200,37293abf-bd75-40d9-81b7-896ff667771a,2026-05-27T18:45:00Z,2026-05-27T20:45:00+0200,2602.23999,MW,FR,FR,forecast_onshore_wind_generation,Wind Onshore,2026-06-13T21:03:52Z
2026-06-13T21:02:15Z,2026-06-13T23:02:15+0200,37293abf-bd75-40d9-81b7-896ff667771a,2026-05-27T19:00:00Z,2026-05-27T21:00:00+0200,2794.12012,MW,FR,FR,forecast_onshore_wind_generation,Wind Onshore,2026-06-13T21:03:52Z
2026-06-13T21:02:15Z,2026-06-13T23:02:15+0200,37293abf-bd75-40d9-81b7-896ff667771a,2026-05-27T19:15:00Z,2026-05-27T21:15:00+0200,3070.67017,MW,FR,FR,forecast_onshore_wind_generation,Wind Onshore,2026-06-13T21:03:52Z
2026-06-13T21:02:15Z,2026-06-13T23:02:15+0200,37293abf-bd75-40d9-81b7-896ff667771a,2026-05-27T19:30:00Z,2026-05-27T21:30:00+0200,3347.25,MW,FR,FR,forecast_onshore_wind_generation,Wind Onshore,2026-06-13T21:03:52Z
2026-06-13T21:02:15Z,2026-06-13T23:02:15+0200,37293abf-bd75-40d9-81b7-896ff667771a,2026-05-27T19:45:00Z,2026-05-27T21:45:00+0200,3623.86011,MW,FR,FR,forecast_onshore_wind_generation,Wind Onshore,2026-06-13T21:03:52Z
2026-06-13T21:02:15Z,2026-06-13T23:02:15+0200,37293abf-bd75-40d9-81b7-896ff667771a,2026-05-27T20:00:00Z,2026-05-27T22:00:00+0200,3900.48999,MW,FR,FR,forecast_onshore_wind_generation,Wind Onshore,2026-06-13T21:03:52Z
2026-06-13T21:02:15Z,2026-06-13T23:02:15+0200,37293abf-bd75-40d9-81b7-896ff667771a,2026-05-27T20:15:00Z,2026-05-27T22:15:00+0200,4063.45996,MW,FR,FR,forecast_onshore_wind_generation,Wind Onshore,2026-06-13T21:03:52Z
2026-06-13T21:02:15Z,2026-06-13T23:02:15+0200,37293abf-bd75-40d9-81b7-896ff667771a,2026-05-27T20:30:00Z,2026-05-27T22:30:00+0200,4226.45996,MW,FR,FR,forecast_onshore_wind_generation,Wind Onshore,2026-06-13T21:03:52Z
2026-06-13T21:02:15Z,2026-06-13T23:02:15+0200,37293abf-bd75-40d9-81b7-896ff667771a,2026-05-27T20:45:00Z,2026-05-27T22:45:00+0200,4389.43018,MW,FR,FR,forecast_onshore_wind_generation,Wind Onshore,2026-06-13T21:03:52Z
2026-06-13T21:02:15Z,2026-06-13T23:02:15+0200,37293abf-bd75-40d9-81b7-896ff667771a,2026-05-27T21:00:00Z,2026-05-27T23:00:00+0200,4552.3999,MW,FR,FR,forecast_onshore_wind_generation,Wind Onshore,2026-06-13T21:03:52Z
2026-06-13T21:02:15Z,2026-06-13T23:02:15+0200,37293abf-bd75-40d9-81b7-896ff667771a,2026-05-27T21:15:00Z,2026-05-27T23:15:00+0200,4596.95996,MW,FR,FR,forecast_onshore_wind_generation,Wind Onshore,2026-06-13T21:03:52Z
2026-06-13T21:02:15Z,2026-06-13T23:02:15+0200,37293abf-bd75-40d9-81b7-896ff667771a,2026-05-27T21:30:00Z,2026-05-27T23:30:00+0200,4641.52002,MW,FR,FR,forecast_onshore_wind_generation,Wind Onshore,2026-06-13T21:03:52Z
2026-06-13T21:02:15Z,2026-06-13T23:02:15+0200,37293abf-bd75-40d9-81b7-896ff667771a,2026-05-27T21:45:00Z,2026-05-27T23:45:00+0200,4686.07031,MW,FR,FR,forecast_onshore_wind_generation,Wind Onshore,2026-06-13T21:03:52Z
2026-06-13T21:02:15Z,2026-06-13T23:02:15+0200,37293abf-bd75-40d9-81b7-896ff667771a,2026-05-27T22:00:00Z,2026-05-28T00:00:00+0200,4723.38037,MW,FR,FR,forecast_onshore_wind_generation,Wind Onshore,2026-06-13T21:03:52Z
2026-06-13T21:02:15Z,2026-06-13T23:02:15+0200,37293abf-bd75-40d9-81b7-896ff667771a,2026-05-27T22:15:00Z,2026-05-28T00:15:00+0200,4635.37988,MW,FR,FR,forecast_onshore_wind_generation,Wind Onshore,2026-06-13T21:03:52Z
2026-06-13T21:02:15Z,2026-06-13T23:02:15+0200,37293abf-bd75-40d9-81b7-896ff667771a,2026-05-27T22:30:00Z,2026-05-28T00:30:00+0200,4547.3999,MW,FR,FR,forecast_onshore_wind_generation,Wind Onshore,2026-06-13T21:03:52Z
2026-06-13T21:02:15Z,2026-06-13T23:02:15+0200,37293abf-bd75-40d9-81b7-896ff667771a,2026-05-27T22:45:00Z,2026-05-28T00:45:00+0200,4459.45996,MW,FR,FR,forecast_onshore_wind_generation,Wind Onshore,2026-06-13T21:03:52Z
2026-06-13T21:02:15Z,2026-06-13T23:02:15+0200,37293abf-bd75-40d9-81b7-896ff667771a,2026-05-27T23:00:00Z,2026-05-28T01:00:00+0200,4371.50977,MW,FR,FR,forecast_onshore_wind_generation,Wind Onshore,2026-06-13T21:03:52Z
2026-06-13T21:02:15Z,2026-06-13T23:02:15+0200,37293abf-bd75-40d9-81b7-896ff667771a,2026-05-27T23:15:00Z,2026-05-28T01:15:00+0200,4296.06982,MW,FR,FR,forecast_onshore_wind_generation,Wind Onshore,2026-06-13T21:03:52Z
2026-06-13T21:02:15Z,2026-06-13T23:02:15+0200,37293abf-bd75-40d9-81b7-896ff667771a,2026-05-27T23:30:00Z,2026-05-28T01:30:00+0200,4220.66992,MW,FR,FR,forecast_onshore_wind_generation,Wind Onshore,2026-06-13T21:03:52Z
2026-06-13T21:02:15Z,2026-06-13T23:02:15+0200,37293abf-bd75-40d9-81b7-896ff667771a,2026-05-27T23:45:00Z,2026-05-28T01:45:00+0200,4145.27002,MW,FR,FR,forecast_onshore_wind_generation,Wind Onshore,2026-06-13T21:03:52Z
2026-06-13T21:02:15Z,2026-06-13T23:02:15+0200,37293abf-bd75-40d9-81b7-896ff667771a,2026-05-28T00:00:00Z,2026-05-28T02:00:00+0200,4069.87988,MW,FR,FR,forecast_onshore_wind_generation,Wind Onshore,2026-06-13T21:03:52Z
2026-06-13T21:02:15Z,2026-06-13T23:02:15+0200,37293abf-bd75-40d9-81b7-896ff667771a,2026-05-28T00:15:00Z,2026-05-28T02:15:00+0200,4015.79004,MW,FR,FR,forecast_onshore_wind_generation,Wind Onshore,2026-06-13T21:03:52Z
2026-06-13T21:02:15Z,2026-06-13T23:02:15+0200,37293abf-bd75-40d9-81b7-896ff667771a,2026-05-28T00:30:00Z,2026-05-28T02:30:00+0200,3961.67017,MW,FR,FR,forecast_onshore_wind_generation,Wind Onshore,2026-06-13T21:03:52Z
2026-06-13T21:02:15Z,2026-06-13T23:02:15+0200,37293abf-bd75-40d9-81b7-896ff667771a,2026-05-28T00:45:00Z,2026-05-28T02:45:00+0200,3907.57983,MW,FR,FR,forecast_onshore_wind_generation,Wind Onshore,2026-06-13T21:03:52Z
2026-06-13T21:02:15Z,2026-06-13T23:02:15+0200,37293abf-bd75-40d9-81b7-896ff667771a,2026-05-28T01:00:00Z,2026-05-28T03:00:00+0200,3853.5,MW,FR,FR,forecast_onshore_wind_generation,Wind Onshore,2026-06-13T21:03:52Z
2026-06-13T21:02:15Z,2026-06-13T23:02:15+0200,37293abf-bd75-40d9-81b7-896ff667771a,2026-05-28T01:15:00Z,2026-05-28T03:15:00+0200,3776.94019,MW,FR,FR,forecast_onshore_wind_generation,Wind Onshore,2026-06-13T21:03:52Z
2026-06-13T21:02:15Z,2026-06-13T23:02:15+0200,37293abf-bd75-40d9-81b7-896ff667771a,2026-05-28T01:30:00Z,2026-05-28T03:30:00+0200,3700.35986,MW,FR,FR,forecast_onshore_wind_generation,Wind Onshore,2026-06-13T21:03:52Z
2026-06-13T21:02:15Z,2026-06-13T23:02:15+0200,37293abf-bd75-40d9-81b7-896ff667771a,2026-05-28T01:45:00Z,2026-05-28T03:45:00+0200,3623.82007,MW,FR,FR,forecast_onshore_wind_generation,Wind Onshore,2026-06-13T21:03:52Z
2026-06-13T21:02:15Z,2026-06-13T23:02:15+0200,37293abf-bd75-40d9-81b7-896ff667771a,2026-05-28T02:00:00Z,2026-05-28T04:00:00+0200,3547.27002,MW,FR,FR,forecast_onshore_wind_generation,Wind Onshore,2026-06-13T21:03:52Z
2026-06-13T21:02:15Z,2026-06-13T23:02:15+0200,37293abf-bd75-40d9-81b7-896ff667771a,2026-05-28T02:15:00Z,2026-05-28T04:15:00+0200,3472.40991,MW,FR,FR,forecast_onshore_wind_generation,Wind Onshore,2026-06-13T21:03:52Z
2026-06-13T21:02:15Z,2026-06-13T23:02:15+0200,37293abf-bd75-40d9-81b7-896ff667771a,2026-05-28T02:30:00Z,2026-05-28T04:30:00+0200,3397.60986,MW,FR,FR,forecast_onshore_wind_generation,Wind Onshore,2026-06-13T21:03:52Z
2026-06-13T21:02:15Z,2026-06-13T23:02:15+0200,37293abf-bd75-40d9-81b7-896ff667771a,2026-05-28T02:45:00Z,2026-05-28T04:45:00+0200,3322.84009,MW,FR,FR,forecast_onshore_wind_generation,Wind Onshore,2026-06-13T21:03:52Z
2026-06-13T21:02:15Z,2026-06-13T23:02:15+0200,37293abf-bd75-40d9-81b7-896ff667771a,2026-05-28T03:00:00Z,2026-05-28T05:00:00+0200,3248.28003,MW,FR,FR,forecast_onshore_wind_generation,Wind Onshore,2026-06-13T21:03:52Z
2026-06-13T21:02:15Z,2026-06-13T23:02:15+0200,37293abf-bd75-40d9-81b7-896ff667771a,2026-05-28T03:15:00Z,2026-05-28T05:15:00+0200,3219.17993,MW,FR,FR,forecast_onshore_wind_generation,Wind Onshore,2026-06-13T21:03:52Z
2026-06-13T21:02:15Z,2026-06-13T23:02:15+0200,37293abf-bd75-40d9-81b7-896ff667771a,2026-05-28T03:30:00Z,2026-05-28T05:30:00+0200,3190.16992,MW,FR,FR,forecast_onshore_wind_generation,Wind Onshore,2026-06-13T21:03:52Z
2026-06-13T21:02:15Z,2026-06-13T23:02:15+0200,37293abf-bd75-40d9-81b7-896ff667771a,2026-05-28T03:45:00Z,2026-05-28T05:45:00+0200,3161.17993,MW,FR,FR,forecast_onshore_wind_generation,Wind Onshore,2026-06-13T21:03:52Z
2026-06-13T21:02:15Z,2026-06-13T23:02:15+0200,37293abf-bd75-40d9-81b7-896ff667771a,2026-05-28T04:00:00Z,2026-05-28T06:00:00+0200,3132.21997,MW,FR,FR,forecast_onshore_wind_generation,Wind Onshore,2026-06-13T21:03:52Z
2026-06-13T21:02:15Z,2026-06-13T23:02:15+0200,37293abf-bd75-40d9-81b7-896ff667771a,2026-05-28T04:15:00Z,2026-05-28T06:15:00+0200,3106.01001,MW,FR,FR,forecast_onshore_wind_generation,Wind Onshore,2026-06-13T21:03:52Z
2026-06-13T21:02:15Z,2026-06-13T23:02:15+0200,37293abf-bd75-40d9-81b7-896ff667771a,2026-05-28T04:30:00Z,2026-05-28T06:30:00+0200,3080.05005,MW,FR,FR,forecast_onshore_wind_generation,Wind Onshore,2026-06-13T21:03:52Z
2026-06-13T21:02:15Z,2026-06-13T23:02:15+0200,37293abf-bd75-40d9-81b7-896ff667771a,2026-05-28T04:45:00Z,2026-05-28T06:45:00+0200,3054.13989,MW,FR,FR,forecast_onshore_wind_generation,Wind Onshore,2026-06-13T21:03:52Z
2026-06-13T21:02:15Z,2026-06-13T23:02:15+0200,37293abf-bd75-40d9-81b7-896ff667771a,2026-05-28T05:00:00Z,2026-05-28T07:00:00+0200,3028.21997,MW,FR,FR,forecast_onshore_wind_generation,Wind Onshore,2026-06-13T21:03:52Z
2026-06-13T21:02:15Z,2026-06-13T23:02:15+0200,37293abf-bd75-40d9-81b7-896ff667771a,2026-05-28T05:15:00Z,2026-05-28T07:15:00+0200,3055.75,MW,FR,FR,forecast_onshore_wind_generation,Wind Onshore,2026-06-13T21:03:52Z
2026-06-13T21:02:15Z,2026-06-13T23:02:15+0200,37293abf-bd75-40d9-81b7-896ff667771a,2026-05-28T05:30:00Z,2026-05-28T07:30:00+0200,3083.37012,MW,FR,FR,forecast_onshore_wind_generation,Wind Onshore,2026-06-13T21:03:52Z
2026-06-13T21:02:15Z,2026-06-13T23:02:15+0200,37293abf-bd75-40d9-81b7-896ff667771a,2026-05-28T05:45:00Z,2026-05-28T07:45:00+0200,3110.95996,MW,FR,FR,forecast_onshore_wind_generation,Wind Onshore,2026-06-13T21:03:52Z
2026-06-13T21:02:15Z,2026-06-13T23:02:15+0200,37293abf-bd75-40d9-81b7-896ff667771a,2026-05-28T06:00:00Z,2026-05-28T08:00:00+0200,3138.58008,MW,FR,FR,forecast_onshore_wind_generation,Wind Onshore,2026-06-13T21:03:52Z
2026-06-13T21:02:15Z,2026-06-13T23:02:15+0200,37293abf-bd75-40d9-81b7-896ff667771a,2026-05-28T06:15:00Z,2026-05-28T08:15:00+0200,2771.27002,MW,FR,FR,forecast_onshore_wind_generation,Wind Onshore,2026-06-13T21:03:52Z
2026-06-13T21:02:15Z,2026-06-13T23:02:15+0200,37293abf-bd75-40d9-81b7-896ff667771a,2026-05-28T06:30:00Z,2026-05-28T08:30:00+0200,2403.95996,MW,FR,FR,forecast_onshore_wind_generation,Wind Onshore,2026-06-13T21:03:52Z
2026-06-13T21:02:15Z,2026-06-13T23:02:15+0200,37293abf-bd75-40d9-81b7-896ff667771a,2026-05-28T06:45:00Z,2026-05-28T08:45:00+0200,2036.64014,MW,FR,FR,forecast_onshore_wind_generation,Wind Onshore,2026-06-13T21:03:52Z
2026-06-13T21:02:15Z,2026-06-13T23:02:15+0200,37293abf-bd75-40d9-81b7-896ff667771a,2026-05-28T07:00:00Z,2026-05-28T09:00:00+0200,1669.33008,MW,FR,FR,forecast_onshore_wind_generation,Wind Onshore,2026-06-13T21:03:52Z
2026-06-13T21:02:15Z,2026-06-13T23:02:15+0200,37293abf-bd75-40d9-81b7-896ff667771a,2026-05-28T07:15:00Z,2026-05-28T09:15:00+0200,1547.22998,MW,FR,FR,forecast_onshore_wind_generation,Wind Onshore,2026-06-13T21:03:52Z
2026-06-13T21:02:15Z,2026-06-13T23:02:15+0200,37293abf-bd75-40d9-81b7-896ff667771a,2026-05-28T07:30:00Z,2026-05-28T09:30:00+0200,1425.12,MW,FR,FR,forecast_onshore_wind_generation,Wind Onshore,2026-06-13T21:03:52Z
2026-06-13T21:02:15Z,2026-06-13T23:02:15+0200,37293abf-bd75-40d9-81b7-896ff667771a,2026-05-28T07:45:00Z,2026-05-28T09:45:00+0200,1303.02002,MW,FR,FR,forecast_onshore_wind_generation,Wind Onshore,2026-06-13T21:03:52Z
2026-06-13T21:02:15Z,2026-06-13T23:02:15+0200,37293abf-bd75-40d9-81b7-896ff667771a,2026-05-28T08:00:00Z,2026-05-28T10:00:00+0200,1180.92004,MW,FR,FR,forecast_onshore_wind_generation,Wind Onshore,2026-06-13T21:03:52Z
2026-06-13T21:02:15Z,2026-06-13T23:02:15+0200,37293abf-bd75-40d9-81b7-896ff667771a,2026-05-28T08:15:00Z,2026-05-28T10:15:00+0200,1141.67004,MW,FR,FR,forecast_onshore_wind_generation,Wind Onshore,2026-06-13T21:03:52Z
2026-06-13T21:02:15Z,2026-06-13T23:02:15+0200,37293abf-bd75-40d9-81b7-896ff667771a,2026-05-28T08:30:00Z,2026-05-28T10:30:00+0200,1102.40002,MW,FR,FR,forecast_onshore_wind_generation,Wind Onshore,2026-06-13T21:03:52Z
2026-06-13T21:02:15Z,2026-06-13T23:02:15+0200,37293abf-bd75-40d9-81b7-896ff667771a,2026-05-28T08:45:00Z,2026-05-28T10:45:00+0200,1063.14001,MW,FR,FR,forecast_onshore_wind_generation,Wind Onshore,2026-06-13T21:03:52Z
2026-06-13T21:02:15Z,2026-06-13T23:02:15+0200,37293abf-bd75-40d9-81b7-896ff667771a,2026-05-28T09:00:00Z,2026-05-28T11:00:00+0200,1023.87,MW,FR,FR,forecast_onshore_wind_generation,Wind Onshore,2026-06-13T21:03:52Z
2026-06-13T21:02:15Z,2026-06-13T23:02:15+0200,37293abf-bd75-40d9-81b7-896ff667771a,2026-05-28T09:15:00Z,2026-05-28T11:15:00+0200,1032.89001,MW,FR,FR,forecast_onshore_wind_generation,Wind Onshore,2026-06-13T21:03:52Z
2026-06-13T21:02:15Z,2026-06-13T23:02:15+0200,37293abf-bd75-40d9-81b7-896ff667771a,2026-05-28T09:30:00Z,2026-05-28T11:30:00+0200,1041.91992,MW,FR,FR,forecast_onshore_wind_generation,Wind Onshore,2026-06-13T21:03:52Z
2026-06-13T21:02:15Z,2026-06-13T23:02:15+0200,37293abf-bd75-40d9-81b7-896ff667771a,2026-05-28T09:45:00Z,2026-05-28T11:45:00+0200,1050.92993,MW,FR,FR,forecast_onshore_wind_generation,Wind Onshore,2026-06-13T21:03:52Z
2026-06-13T21:02:15Z,2026-06-13T23:02:15+0200,37293abf-bd75-40d9-81b7-896ff667771a,2026-05-28T10:00:00Z,2026-05-28T12:00:00+0200,1059.95996,MW,FR,FR,forecast_onshore_wind_generation,Wind Onshore,2026-06-13T21:03:52Z
2026-06-13T21:02:15Z,2026-06-13T23:02:15+0200,37293abf-bd75-40d9-81b7-896ff667771a,2026-05-28T10:15:00Z,2026-05-28T12:15:00+0200,1075.76001,MW,FR,FR,forecast_onshore_wind_generation,Wind Onshore,2026-06-13T21:03:52Z
2026-06-13T21:02:15Z,2026-06-13T23:02:15+0200,37293abf-bd75-40d9-81b7-896ff667771a,2026-05-28T10:30:00Z,2026-05-28T12:30:00+0200,1091.58997,MW,FR,FR,forecast_onshore_wind_generation,Wind Onshore,2026-06-13T21:03:52Z
2026-06-13T21:02:15Z,2026-06-13T23:02:15+0200,37293abf-bd75-40d9-81b7-896ff667771a,2026-05-28T10:45:00Z,2026-05-28T12:45:00+0200,1107.39001,MW,FR,FR,forecast_onshore_wind_generation,Wind Onshore,2026-06-13T21:03:52Z
2026-06-13T21:02:15Z,2026-06-13T23:02:15+0200,37293abf-bd75-40d9-81b7-896ff667771a,2026-05-28T11:00:00Z,2026-05-28T13:00:00+0200,1123.20996,MW,FR,FR,forecast_onshore_wind_generation,Wind Onshore,2026-06-13T21:03:52Z
2026-06-13T21:02:15Z,2026-06-13T23:02:15+0200,37293abf-bd75-40d9-81b7-896ff667771a,2026-05-28T11:15:00Z,2026-05-28T13:15:00+0200,1139.13,MW,FR,FR,forecast_onshore_wind_generation,Wind Onshore,2026-06-13T21:03:52Z
2026-06-13T21:02:15Z,2026-06-13T23:02:15+0200,37293abf-bd75-40d9-81b7-896ff667771a,2026-05-28T11:30:00Z,2026-05-28T13:30:00+0200,1155.04004,MW,FR,FR,forecast_onshore_wind_generation,Wind Onshore,2026-06-13T21:03:52Z
2026-06-13T21:02:15Z,2026-06-13T23:02:15+0200,37293abf-bd75-40d9-81b7-896ff667771a,2026-05-28T11:45:00Z,2026-05-28T13:45:00+0200,1170.97998,MW,FR,FR,forecast_onshore_wind_generation,Wind Onshore,2026-06-13T21:03:52Z
2026-06-13T21:02:15Z,2026-06-13T23:02:15+0200,37293abf-bd75-40d9-81b7-896ff667771a,2026-05-28T12:00:00Z,2026-05-28T14:00:00+0200,1186.93994,MW,FR,FR,forecast_onshore_wind_generation,Wind Onshore,2026-06-13T21:03:52Z
2026-06-13T21:02:15Z,2026-06-13T23:02:15+0200,37293abf-bd75-40d9-81b7-896ff667771a,2026-05-28T12:15:00Z,2026-05-28T14:15:00+0200,1210.05005,MW,FR,FR,forecast_onshore_wind_generation,Wind Onshore,2026-06-13T21:03:52Z
2026-06-13T21:02:15Z,2026-06-13T23:02:15+0200,37293abf-bd75-40d9-81b7-896ff667771a,2026-05-28T12:30:00Z,2026-05-28T14:30:00+0200,1233.15991,MW,FR,FR,forecast_onshore_wind_generation,Wind Onshore,2026-06-13T21:03:52Z
2026-06-13T21:02:15Z,2026-06-13T23:02:15+0200,37293abf-bd75-40d9-81b7-896ff667771a,2026-05-28T12:45:00Z,2026-05-28T14:45:00+0200,1256.33008,MW,FR,FR,forecast_onshore_wind_generation,Wind Onshore,2026-06-13T21:03:52Z
2026-06-13T21:02:15Z,2026-06-13T23:02:15+0200,37293abf-bd75-40d9-81b7-896ff667771a,2026-05-28T13:00:00Z,2026-05-28T15:00:00+0200,1279.46997,MW,FR,FR,forecast_onshore_wind_generation,Wind Onshore,2026-06-13T21:03:52Z
2026-06-13T21:02:15Z,2026-06-13T23:02:15+0200,37293abf-bd75-40d9-81b7-896ff667771a,2026-05-28T13:15:00Z,2026-05-28T15:15:00+0200,1301.85999,MW,FR,FR,forecast_onshore_wind_generation,Wind Onshore,2026-06-13T21:03:52Z
2026-06-13T21:02:15Z,2026-06-13T23:02:15+0200,37293abf-bd75-40d9-81b7-896ff667771a,2026-05-28T13:30:00Z,2026-05-28T15:30:00+0200,1324.26001,MW,FR,FR,forecast_onshore_wind_generation,Wind Onshore,2026-06-13T21:03:52Z
2026-06-13T21:02:15Z,2026-06-13T23:02:15+0200,37293abf-bd75-40d9-81b7-896ff667771a,2026-05-28T13:45:00Z,2026-05-28T15:45:00+0200,1346.65002,MW,FR,FR,forecast_onshore_wind_generation,Wind Onshore,2026-06-13T21:03:52Z
2026-06-13T21:02:15Z,2026-06-13T23:02:15+0200,37293abf-bd75-40d9-81b7-896ff667771a,2026-05-28T14:00:00Z,2026-05-28T16:00:00+0200,1369.12988,MW,FR,FR,forecast_onshore_wind_generation,Wind Onshore,2026-06-13T21:03:52Z
2026-06-13T21:02:15Z,2026-06-13T23:02:15+0200,37293abf-bd75-40d9-81b7-896ff667771a,2026-05-28T14:15:00Z,2026-05-28T16:15:00+0200,1403.19995,MW,FR,FR,forecast_onshore_wind_generation,Wind Onshore,2026-06-13T21:03:52Z
2026-06-13T21:02:15Z,2026-06-13T23:02:15+0200,37293abf-bd75-40d9-81b7-896ff667771a,2026-05-28T14:30:00Z,2026-05-28T16:30:00+0200,1437.35999,MW,FR,FR,forecast_onshore_wind_generation,Wind Onshore,2026-06-13T21:03:52Z
2026-06-13T21:02:15Z,2026-06-13T23:02:15+0200,37293abf-bd75-40d9-81b7-896ff667771a,2026-05-28T14:45:00Z,2026-05-28T16:45:00+0200,1471.53992,MW,FR,FR,forecast_onshore_wind_generation,Wind Onshore,2026-06-13T21:03:52Z
2026-06-13T21:02:15Z,2026-06-13T23:02:15+0200,37293abf-bd75-40d9-81b7-896ff667771a,2026-05-28T15:00:00Z,2026-05-28T17:00:00+0200,1505.78003,MW,FR,FR,forecast_onshore_wind_generation,Wind Onshore,2026-06-13T21:03:52Z
2026-06-13T21:02:15Z,2026-06-13T23:02:15+0200,37293abf-bd75-40d9-81b7-896ff667771a,2026-05-28T15:15:00Z,2026-05-28T17:15:00+0200,1501.24011,MW,FR,FR,forecast_onshore_wind_generation,Wind Onshore,2026-06-13T21:03:52Z
2026-06-13T21:02:15Z,2026-06-13T23:02:15+0200,37293abf-bd75-40d9-81b7-896ff667771a,2026-05-28T15:30:00Z,2026-05-28T17:30:00+0200,1496.89001,MW,FR,FR,forecast_onshore_wind_generation,Wind Onshore,2026-06-13T21:03:52Z
2026-06-13T21:02:15Z,2026-06-13T23:02:15+0200,37293abf-bd75-40d9-81b7-896ff667771a,2026-05-28T15:45:00Z,2026-05-28T17:45:00+0200,1492.6001,MW,FR,FR,forecast_onshore_wind_generation,Wind Onshore,2026-06-13T21:03:52Z
2026-06-13T21:02:15Z,2026-06-13T23:02:15+0200,37293abf-bd75-40d9-81b7-896ff667771a,2026-05-28T16:00:00Z,2026-05-28T18:00:00+0200,1488.34998,MW,FR,FR,forecast_onshore_wind_generation,Wind Onshore,2026-06-13T21:03:52Z
2026-06-13T21:02:15Z,2026-06-13T23:02:15+0200,37293abf-bd75-40d9-81b7-896ff667771a,2026-05-28T16:15:00Z,2026-05-28T18:15:00+0200,1513.43005,MW,FR,FR,forecast_onshore_wind_generation,Wind Onshore,2026-06-13T21:03:52Z
2026-06-13T21:02:15Z,2026-06-13T23:02:15+0200,37293abf-bd75-40d9-81b7-896ff667771a,2026-05-28T16:30:00Z,2026-05-28T18:30:00+0200,1538.57007,MW,FR,FR,forecast_onshore_wind_generation,Wind Onshore,2026-06-13T21:03:52Z
2026-06-13T21:02:15Z,2026-06-13T23:02:15+0200,37293abf-bd75-40d9-81b7-896ff667771a,2026-05-28T16:45:00Z,2026-05-28T18:45:00+0200,1563.72009,MW,FR,FR,forecast_onshore_wind_generation,Wind Onshore,2026-06-13T21:03:52Z
2026-06-13T21:02:15Z,2026-06-13T23:02:15+0200,37293abf-bd75-40d9-81b7-896ff667771a,2026-05-28T17:00:00Z,2026-05-28T19:00:00+0200,1589.04004,MW,FR,FR,forecast_onshore_wind_generation,Wind Onshore,2026-06-13T21:03:52Z
2026-06-13T21:02:15Z,2026-06-13T23:02:15+0200,37293abf-bd75-40d9-81b7-896ff667771a,2026-05-28T17:15:00Z,2026-05-28T19:15:00+0200,1767.75,MW,FR,FR,forecast_onshore_wind_generation,Wind Onshore,2026-06-13T21:03:52Z
2026-06-13T21:02:15Z,2026-06-13T23:02:15+0200,37293abf-bd75-40d9-81b7-896ff667771a,2026-05-28T17:30:00Z,2026-05-28T19:30:00+0200,1946.6001,MW,FR,FR,forecast_onshore_wind_generation,Wind Onshore,2026-06-13T21:03:52Z
2026-06-13T21:02:15Z,2026-06-13T23:02:15+0200,37293abf-bd75-40d9-81b7-896ff667771a,2026-05-28T17:45:00Z,2026-05-28T19:45:00+0200,2125.47998,MW,FR,FR,forecast_onshore_wind_generation,Wind Onshore,2026-06-13T21:03:52Z
2026-06-13T21:02:15Z,2026-06-13T23:02:15+0200,37293abf-bd75-40d9-81b7-896ff667771a,2026-05-28T18:00:00Z,2026-05-28T20:00:00+0200,2304.35986,MW,FR,FR,forecast_onshore_wind_generation,Wind Onshore,2026-06-13T21:03:52Z
2026-06-13T21:02:15Z,2026-06-13T23:02:15+0200,37293abf-bd75-40d9-81b7-896ff667771a,2026-05-28T18:15:00Z,2026-05-28T20:15:00+0200,2332.30005,MW,FR,FR,forecast_onshore_wind_generation,Wind Onshore,2026-06-13T21:03:52Z
2026-06-13T21:02:15Z,2026-06-13T23:02:15+0200,37293abf-bd75-40d9-81b7-896ff667771a,2026-05-28T18:30:00Z,2026-05-28T20:30:00+0200,2360.26001,MW,FR,FR,forecast_onshore_wind_generation,Wind Onshore,2026-06-13T21:03:52Z
2026-06-13T21:02:15Z,2026-06-13T23:02:15+0200,37293abf-bd75-40d9-81b7-896ff667771a,2026-05-28T18:45:00Z,2026-05-28T20:45:00+0200,2388.20996,MW,FR,FR,forecast_onshore_wind_generation,Wind Onshore,2026-06-13T21:03:52Z
2026-06-13T21:02:15Z,2026-06-13T23:02:15+0200,37293abf-bd75-40d9-81b7-896ff667771a,2026-05-28T19:00:00Z,2026-05-28T21:00:00+0200,2416.16992,MW,FR,FR,forecast_onshore_wind_generation,Wind Onshore,2026-06-13T21:03:52Z
2026-06-13T21:02:15Z,2026-06-13T23:02:15+0200,37293abf-bd75-40d9-81b7-896ff667771a,2026-05-28T19:15:00Z,2026-05-28T21:15:00+0200,2529.11987,MW,FR,FR,forecast_onshore_wind_generation,Wind Onshore,2026-06-13T21:03:52Z
2026-06-13T21:02:15Z,2026-06-13T23:02:15+0200,37293abf-bd75-40d9-81b7-896ff667771a,2026-05-28T19:30:00Z,2026-05-28T21:30:00+0200,2642.08008,MW,FR,FR,forecast_onshore_wind_generation,Wind Onshore,2026-06-13T21:03:52Z
2026-06-13T21:02:15Z,2026-06-13T23:02:15+0200,37293abf-bd75-40d9-81b7-896ff667771a,2026-05-28T19:45:00Z,2026-05-28T21:45:00+0200,2755.04004,MW,FR,FR,forecast_onshore_wind_generation,Wind Onshore,2026-06-13T21:03:52Z
2026-06-13T21:02:15Z,2026-06-13T23:02:15+0200,37293abf-bd75-40d9-81b7-896ff667771a,2026-05-28T20:00:00Z,2026-05-28T22:00:00+0200,2868.03003,MW,FR,FR,forecast_onshore_wind_generation,Wind Onshore,2026-06-13T21:03:52Z
2026-06-13T21:02:15Z,2026-06-13T23:02:15+0200,37293abf-bd75-40d9-81b7-896ff667771a,2026-05-28T20:15:00Z,2026-05-28T22:15:00+0200,2888.69019,MW,FR,FR,forecast_onshore_wind_generation,Wind Onshore,2026-06-13T21:03:52Z
2026-06-13T21:02:15Z,2026-06-13T23:02:15+0200,37293abf-bd75-40d9-81b7-896ff667771a,2026-05-28T20:30:00Z,2026-05-28T22:30:00+0200,2909.3999,MW,FR,FR,forecast_onshore_wind_generation,Wind Onshore,2026-06-13T21:03:52Z
2026-06-13T21:02:15Z,2026-06-13T23:02:15+0200,37293abf-bd75-40d9-81b7-896ff667771a,2026-05-28T20:45:00Z,2026-05-28T22:45:00+0200,2930.1001,MW,FR,FR,forecast_onshore_wind_generation,Wind Onshore,2026-06-13T21:03:52Z
2026-06-13T21:02:15Z,2026-06-13T23:02:15+0200,37293abf-bd75-40d9-81b7-896ff667771a,2026-05-28T21:00:00Z,2026-05-28T23:00:00+0200,2950.80981,MW,FR,FR,forecast_onshore_wind_generation,Wind Onshore,2026-06-13T21:03:52Z
2026-06-13T21:02:15Z,2026-06-13T23:02:15+0200,37293abf-bd75-40d9-81b7-896ff667771a,2026-05-28T21:15:00Z,2026-05-28T23:15:00+0200,2943.57983,MW,FR,FR,forecast_onshore_wind_generation,Wind Onshore,2026-06-13T21:03:52Z
2026-06-13T21:02:15Z,2026-06-13T23:02:15+0200,37293abf-bd75-40d9-81b7-896ff667771a,2026-05-28T21:30:00Z,2026-05-28T23:30:00+0200,2936.34985,MW,FR,FR,forecast_onshore_wind_generation,Wind Onshore,2026-06-13T21:03:52Z
2026-06-13T21:02:15Z,2026-06-13T23:02:15+0200,37293abf-bd75-40d9-81b7-896ff667771a,2026-05-28T21:45:00Z,2026-05-28T23:45:00+0200,2929.13989,MW,FR,FR,forecast_onshore_wind_generation,Wind Onshore,2026-06-13T21:03:52Z
2026-06-13T21:02:15Z,2026-06-13T23:02:15+0200,37293abf-bd75-40d9-81b7-896ff667771a,2026-05-28T22:00:00Z,2026-05-29T00:00:00+0200,2926.29004,MW,FR,FR,forecast_onshore_wind_generation,Wind Onshore,2026-06-13T21:03:52Z
2026-06-13T21:02:15Z,2026-06-13T23:02:15+0200,37293abf-bd75-40d9-81b7-896ff667771a,2026-05-28T22:15:00Z,2026-05-29T00:15:00+0200,2925.18994,MW,FR,FR,forecast_onshore_wind_generation,Wind Onshore,2026-06-13T21:03:52Z
2026-06-13T21:02:15Z,2026-06-13T23:02:15+0200,37293abf-bd75-40d9-81b7-896ff667771a,2026-05-28T22:30:00Z,2026-05-29T00:30:00+0200,2924.08984,MW,FR,FR,forecast_onshore_wind_generation,Wind Onshore,2026-06-13T21:03:52Z
2026-06-13T21:02:15Z,2026-06-13T23:02:15+0200,37293abf-bd75-40d9-81b7-896ff667771a,2026-05-28T22:45:00Z,2026-05-29T00:45:00+0200,2923.11011,MW,FR,FR,forecast_onshore_wind_generation,Wind Onshore,2026-06-13T21:03:52Z
2026-06-13T21:02:15Z,2026-06-13T23:02:15+0200,37293abf-bd75-40d9-81b7-896ff667771a,2026-05-28T23:00:00Z,2026-05-29T01:00:00+0200,2922.19995,MW,FR,FR,forecast_onshore_wind_generation,Wind Onshore,2026-06-13T21:03:52Z
2026-06-13T21:02:15Z,2026-06-13T23:02:15+0200,37293abf-bd75-40d9-81b7-896ff667771a,2026-05-28T23:15:00Z,2026-05-29T01:15:00+0200,2907.5,MW,FR,FR,forecast_onshore_wind_generation,Wind Onshore,2026-06-13T21:03:52Z
2026-06-13T21:02:15Z,2026-06-13T23:02:15+0200,37293abf-bd75-40d9-81b7-896ff667771a,2026-05-28T23:30:00Z,2026-05-29T01:30:00+0200,2892.81006,MW,FR,FR,forecast_onshore_wind_generation,Wind Onshore,2026-06-13T21:03:52Z
2026-06-13T21:02:15Z,2026-06-13T23:02:15+0200,37293abf-bd75-40d9-81b7-896ff667771a,2026-05-28T23:45:00Z,2026-05-29T01:45:00+0200,2878.18994,MW,FR,FR,forecast_onshore_wind_generation,Wind Onshore,2026-06-13T21:03:52Z
2026-06-13T21:02:15Z,2026-06-13T23:02:15+0200,37293abf-bd75-40d9-81b7-896ff667771a,2026-05-29T00:00:00Z,2026-05-29T02:00:00+0200,2863.58008,MW,FR,FR,forecast_onshore_wind_generation,Wind Onshore,2026-06-13T21:03:52Z
2026-06-13T21:02:15Z,2026-06-13T23:02:15+0200,37293abf-bd75-40d9-81b7-896ff667771a,2026-05-29T00:15:00Z,2026-05-29T02:15:00+0200,2849.0,MW,FR,FR,forecast_onshore_wind_generation,Wind Onshore,2026-06-13T21:03:52Z
2026-06-13T21:02:15Z,2026-06-13T23:02:15+0200,37293abf-bd75-40d9-81b7-896ff667771a,2026-05-29T00:30:00Z,2026-05-29T02:30:00+0200,2834.43994,MW,FR,FR,forecast_onshore_wind_generation,Wind Onshore,2026-06-13T21:03:52Z
2026-06-13T21:02:15Z,2026-06-13T23:02:15+0200,37293abf-bd75-40d9-81b7-896ff667771a,2026-05-29T00:45:00Z,2026-05-29T02:45:00+0200,2820.0498,MW,FR,FR,forecast_onshore_wind_generation,Wind Onshore,2026-06-13T21:03:52Z
2026-06-13T21:02:15Z,2026-06-13T23:02:15+0200,37293abf-bd75-40d9-81b7-896ff667771a,2026-05-29T01:00:00Z,2026-05-29T03:00:00+0200,2805.73999,MW,FR,FR,forecast_onshore_wind_generation,Wind Onshore,2026-06-13T21:03:52Z
2026-06-13T21:02:15Z,2026-06-13T23:02:15+0200,37293abf-bd75-40d9-81b7-896ff667771a,2026-05-29T01:15:00Z,2026-05-29T03:15:00+0200,2785.13013,MW,FR,FR,forecast_onshore_wind_generation,Wind Onshore,2026-06-13T21:03:52Z
2026-06-13T21:02:15Z,2026-06-13T23:02:15+0200,37293abf-bd75-40d9-81b7-896ff667771a,2026-05-29T01:30:00Z,2026-05-29T03:30:00+0200,2764.57007,MW,FR,FR,forecast_onshore_wind_generation,Wind Onshore,2026-06-13T21:03:52Z
2026-06-13T21:02:15Z,2026-06-13T23:02:15+0200,37293abf-bd75-40d9-81b7-896ff667771a,2026-05-29T01:45:00Z,2026-05-29T03:45:00+0200,2744.0498,MW,FR,FR,forecast_onshore_wind_generation,Wind Onshore,2026-06-13T21:03:52Z
2026-06-13T21:02:15Z,2026-06-13T23:02:15+0200,37293abf-bd75-40d9-81b7-896ff667771a,2026-05-29T02:00:00Z,2026-05-29T04:00:00+0200,2723.71997,MW,FR,FR,forecast_onshore_wind_generation,Wind Onshore,2026-06-13T21:03:52Z
2026-06-13T21:02:15Z,2026-06-13T23:02:15+0200,37293abf-bd75-40d9-81b7-896ff667771a,2026-05-29T02:15:00Z,2026-05-29T04:15:00+0200,2700.07007,MW,FR,FR,forecast_onshore_wind_generation,Wind Onshore,2026-06-13T21:03:52Z
2026-06-13T21:02:15Z,2026-06-13T23:02:15+0200,37293abf-bd75-40d9-81b7-896ff667771a,2026-05-29T02:30:00Z,2026-05-29T04:30:00+0200,2676.44995,MW,FR,FR,forecast_onshore_wind_generation,Wind Onshore,2026-06-13T21:03:52Z
2026-06-13T21:02:15Z,2026-06-13T23:02:15+0200,37293abf-bd75-40d9-81b7-896ff667771a,2026-05-29T02:45:00Z,2026-05-29T04:45:00+0200,2652.88013,MW,FR,FR,forecast_onshore_wind_generation,Wind Onshore,2026-06-13T21:03:52Z
2026-06-13T21:02:15Z,2026-06-13T23:02:15+0200,37293abf-bd75-40d9-81b7-896ff667771a,2026-05-29T03:00:00Z,2026-05-29T05:00:00+0200,2629.32007,MW,FR,FR,forecast_onshore_wind_generation,Wind Onshore,2026-06-13T21:03:52Z
2026-06-13T21:02:15Z,2026-06-13T23:02:15+0200,37293abf-bd75-40d9-81b7-896ff667771a,2026-05-29T03:15:00Z,2026-05-29T05:15:00+0200,2616.8501,MW,FR,FR,forecast_onshore_wind_generation,Wind Onshore,2026-06-13T21:03:52Z
2026-06-13T21:02:15Z,2026-06-13T23:02:15+0200,37293abf-bd75-40d9-81b7-896ff667771a,2026-05-29T03:30:00Z,2026-05-29T05:30:00+0200,2604.41016,MW,FR,FR,forecast_onshore_wind_generation,Wind Onshore,2026-06-13T21:03:52Z
2026-06-13T21:02:15Z,2026-06-13T23:02:15+0200,37293abf-bd75-40d9-81b7-896ff667771a,2026-05-29T03:45:00Z,2026-05-29T05:45:00+0200,2592.06006,MW,FR,FR,forecast_onshore_wind_generation,Wind Onshore,2026-06-13T21:03:52Z
2026-06-13T21:02:15Z,2026-06-13T23:02:15+0200,37293abf-bd75-40d9-81b7-896ff667771a,2026-05-29T04:00:00Z,2026-05-29T06:00:00+0200,2579.7998,MW,FR,FR,forecast_onshore_wind_generation,Wind Onshore,2026-06-13T21:03:52Z
2026-06-13T21:02:15Z,2026-06-13T23:02:15+0200,37293abf-bd75-40d9-81b7-896ff667771a,2026-05-29T04:15:00Z,2026-05-29T06:15:00+0200,2546.48999,MW,FR,FR,forecast_onshore_wind_generation,Wind Onshore,2026-06-13T21:03:52Z
2026-06-13T21:02:15Z,2026-06-13T23:02:15+0200,37293abf-bd75-40d9-81b7-896ff667771a,2026-05-29T04:30:00Z,2026-05-29T06:30:00+0200,2513.36987,MW,FR,FR,forecast_onshore_wind_generation,Wind Onshore,2026-06-13T21:03:52Z
2026-06-13T21:02:15Z,2026-06-13T23:02:15+0200,37293abf-bd75-40d9-81b7-896ff667771a,2026-05-29T04:45:00Z,2026-05-29T06:45:00+0200,2480.26001,MW,FR,FR,forecast_onshore_wind_generation,Wind Onshore,2026-06-13T21:03:52Z
2026-06-13T21:02:15Z,2026-06-13T23:02:15+0200,37293abf-bd75-40d9-81b7-896ff667771a,2026-05-29T05:00:00Z,2026-05-29T07:00:00+0200,2447.18994,MW,FR,FR,forecast_onshore_wind_generation,Wind Onshore,2026-06-13T21:03:52Z
2026-06-13T21:02:15Z,2026-06-13T23:02:15+0200,37293abf-bd75-40d9-81b7-896ff667771a,2026-05-29T05:15:00Z,2026-05-29T07:15:00+0200,2350.78003,MW,FR,FR,forecast_onshore_wind_generation,Wind Onshore,2026-06-13T21:03:52Z
2026-06-13T21:02:15Z,2026-06-13T23:02:15+0200,37293abf-bd75-40d9-81b7-896ff667771a,2026-05-29T05:30:00Z,2026-05-29T07:30:00+0200,2254.39014,MW,FR,FR,forecast_onshore_wind_generation,Wind Onshore,2026-06-13T21:03:52Z
2026-06-13T21:02:15Z,2026-06-13T23:02:15+0200,37293abf-bd75-40d9-81b7-896ff667771a,2026-05-29T05:45:00Z,2026-05-29T07:45:00+0200,2158.02002,MW,FR,FR,forecast_onshore_wind_generation,Wind Onshore,2026-06-13T21:03:52Z
2026-06-13T21:02:15Z,2026-06-13T23:02:15+0200,37293abf-bd75-40d9-81b7-896ff667771a,2026-05-29T06:00:00Z,2026-05-29T08:00:00+0200,2061.65015,MW,FR,FR,forecast_onshore_wind_generation,Wind Onshore,2026-06-13T21:03:52Z
2026-06-13T21:02:15Z,2026-06-13T23:02:15+0200,37293abf-bd75-40d9-81b7-896ff667771a,2026-05-29T06:15:00Z,2026-05-29T08:15:00+0200,1897.94995,MW,FR,FR,forecast_onshore_wind_generation,Wind Onshore,2026-06-13T21:03:52Z
2026-06-13T21:02:15Z,2026-06-13T23:02:15+0200,37293abf-bd75-40d9-81b7-896ff667771a,2026-05-29T06:30:00Z,2026-05-29T08:30:00+0200,1734.44006,MW,FR,FR,forecast_onshore_wind_generation,Wind Onshore,2026-06-13T21:03:52Z
2026-06-13T21:02:15Z,2026-06-13T23:02:15+0200,37293abf-bd75-40d9-81b7-896ff667771a,2026-05-29T06:45:00Z,2026-05-29T08:45:00+0200,1571.15991,MW,FR,FR,forecast_onshore_wind_generation,Wind Onshore,2026-06-13T21:03:52Z
2026-06-13T21:02:15Z,2026-06-13T23:02:15+0200,37293abf-bd75-40d9-81b7-896ff667771a,2026-05-29T07:00:00Z,2026-05-29T09:00:00+0200,1408.01001,MW,FR,FR,forecast_onshore_wind_generation,Wind Onshore,2026-06-13T21:03:52Z
2026-06-13T21:02:15Z,2026-06-13T23:02:15+0200,37293abf-bd75-40d9-81b7-896ff667771a,2026-05-29T07:15:00Z,2026-05-29T09:15:00+0200,1234.75,MW,FR,FR,forecast_onshore_wind_generation,Wind Onshore,2026-06-13T21:03:52Z
2026-06-13T21:02:15Z,2026-06-13T23:02:15+0200,37293abf-bd75-40d9-81b7-896ff667771a,2026-05-29T07:30:00Z,2026-05-29T09:30:00+0200,1061.56006,MW,FR,FR,forecast_onshore_wind_generation,Wind Onshore,2026-06-13T21:03:52Z
2026-06-13T21:02:15Z,2026-06-13T23:02:15+0200,37293abf-bd75-40d9-81b7-896ff667771a,2026-05-29T07:45:00Z,2026-05-29T09:45:00+0200,888.39001,MW,FR,FR,forecast_onshore_wind_generation,Wind Onshore,2026-06-13T21:03:52Z
2026-06-13T21:02:15Z,2026-06-13T23:02:15+0200,37293abf-bd75-40d9-81b7-896ff667771a,2026-05-29T08:00:00Z,2026-05-29T10:00:00+0200,715.21997,MW,FR,FR,forecast_onshore_wind_generation,Wind Onshore,2026-06-13T21:03:52Z
2026-06-13T21:02:15Z,2026-06-13T23:02:15+0200,37293abf-bd75-40d9-81b7-896ff667771a,2026-05-29T08:15:00Z,2026-05-29T10:15:00+0200,712.57001,MW,FR,FR,forecast_onshore_wind_generation,Wind Onshore,2026-06-13T21:03:52Z
2026-06-13T21:02:15Z,2026-06-13T23:02:15+0200,37293abf-bd75-40d9-81b7-896ff667771a,2026-05-29T08:30:00Z,2026-05-29T10:30:00+0200,710.02002,MW,FR,FR,forecast_onshore_wind_generation,Wind Onshore,2026-06-13T21:03:52Z
2026-06-13T21:02:15Z,2026-06-13T23:02:15+0200,37293abf-bd75-40d9-81b7-896ff667771a,2026-05-29T08:45:00Z,2026-05-29T10:45:00+0200,707.58997,MW,FR,FR,forecast_onshore_wind_generation,Wind Onshore,2026-06-13T21:03:52Z
2026-06-13T21:02:15Z,2026-06-13T23:02:15+0200,37293abf-bd75-40d9-81b7-896ff667771a,2026-05-29T09:00:00Z,2026-05-29T11:00:00+0200,705.21002,MW,FR,FR,forecast_onshore_wind_generation,Wind Onshore,2026-06-13T21:03:52Z
2026-06-13T21:02:15Z,2026-06-13T23:02:15+0200,37293abf-bd75-40d9-81b7-896ff667771a,2026-05-29T09:15:00Z,2026-05-29T11:15:00+0200,711.70001,MW,FR,FR,forecast_onshore_wind_generation,Wind Onshore,2026-06-13T21:03:52Z
2026-06-13T21:02:15Z,2026-06-13T23:02:15+0200,37293abf-bd75-40d9-81b7-896ff667771a,2026-05-29T09:30:00Z,2026-05-29T11:30:00+0200,718.51001,MW,FR,FR,forecast_onshore_wind_generation,Wind Onshore,2026-06-13T21:03:52Z
2026-06-13T21:02:15Z,2026-06-13T23:02:15+0200,37293abf-bd75-40d9-81b7-896ff667771a,2026-05-29T09:45:00Z,2026-05-29T11:45:00+0200,725.54004,MW,FR,FR,forecast_onshore_wind_generation,Wind Onshore,2026-06-13T21:03:52Z
2026-06-13T21:02:15Z,2026-06-13T23:02:15+0200,37293abf-bd75-40d9-81b7-896ff667771a,2026-05-29T10:00:00Z,2026-05-29T12:00:00+0200,732.76001,MW,FR,FR,forecast_onshore_wind_generation,Wind Onshore,2026-06-13T21:03:52Z
2026-06-13T21:02:15Z,2026-06-13T23:02:15+0200,37293abf-bd75-40d9-81b7-896ff667771a,2026-05-29T10:15:00Z,2026-05-29T12:15:00+0200,739.01001,MW,FR,FR,forecast_onshore_wind_generation,Wind Onshore,2026-06-13T21:03:52Z
2026-06-13T21:02:15Z,2026-06-13T23:02:15+0200,37293abf-bd75-40d9-81b7-896ff667771a,2026-05-29T10:30:00Z,2026-05-29T12:30:00+0200,745.42999,MW,FR,FR,forecast_onshore_wind_generation,Wind Onshore,2026-06-13T21:03:52Z
2026-06-13T21:02:15Z,2026-06-13T23:02:15+0200,37293abf-bd75-40d9-81b7-896ff667771a,2026-05-29T10:45:00Z,2026-05-29T12:45:00+0200,752.06995,MW,FR,FR,forecast_onshore_wind_generation,Wind Onshore,2026-06-13T21:03:52Z
2026-06-13T21:02:15Z,2026-06-13T23:02:15+0200,37293abf-bd75-40d9-81b7-896ff667771a,2026-05-29T11:00:00Z,2026-05-29T13:00:00+0200,759.13,MW,FR,FR,forecast_onshore_wind_generation,Wind Onshore,2026-06-13T21:03:52Z
2026-06-13T21:02:15Z,2026-06-13T23:02:15+0200,37293abf-bd75-40d9-81b7-896ff667771a,2026-05-29T11:15:00Z,2026-05-29T13:15:00+0200,768.65002,MW,FR,FR,forecast_onshore_wind_generation,Wind Onshore,2026-06-13T21:03:52Z
2026-06-13T21:02:15Z,2026-06-13T23:02:15+0200,37293abf-bd75-40d9-81b7-896ff667771a,2026-05-29T11:30:00Z,2026-05-29T13:30:00+0200,778.34003,MW,FR,FR,forecast_onshore_wind_generation,Wind Onshore,2026-06-13T21:03:52Z
2026-06-13T21:02:15Z,2026-06-13T23:02:15+0200,37293abf-bd75-40d9-81b7-896ff667771a,2026-05-29T11:45:00Z,2026-05-29T13:45:00+0200,788.21002,MW,FR,FR,forecast_onshore_wind_generation,Wind Onshore,2026-06-13T21:03:52Z
2026-06-13T21:02:15Z,2026-06-13T23:02:15+0200,37293abf-bd75-40d9-81b7-896ff667771a,2026-05-29T12:00:00Z,2026-05-29T14:00:00+0200,798.19,MW,FR,FR,forecast_onshore_wind_generation,Wind Onshore,2026-06-13T21:03:52Z
2026-06-13T21:02:15Z,2026-06-13T23:02:15+0200,37293abf-bd75-40d9-81b7-896ff667771a,2026-05-29T12:15:00Z,2026-05-29T14:15:00+0200,834.71997,MW,FR,FR,forecast_onshore_wind_generation,Wind Onshore,2026-06-13T21:03:52Z
2026-06-13T21:02:15Z,2026-06-13T23:02:15+0200,37293abf-bd75-40d9-81b7-896ff667771a,2026-05-29T12:30:00Z,2026-05-29T14:30:00+0200,871.41998,MW,FR,FR,forecast_onshore_wind_generation,Wind Onshore,2026-06-13T21:03:52Z
2026-06-13T21:02:15Z,2026-06-13T23:02:15+0200,37293abf-bd75-40d9-81b7-896ff667771a,2026-05-29T12:45:00Z,2026-05-29T14:45:00+0200,908.15997,MW,FR,FR,forecast_onshore_wind_generation,Wind Onshore,2026-06-13T21:03:52Z
2026-06-13T21:02:15Z,2026-06-13T23:02:15+0200,37293abf-bd75-40d9-81b7-896ff667771a,2026-05-29T13:00:00Z,2026-05-29T15:00:00+0200,944.94,MW,FR,FR,forecast_onshore_wind_generation,Wind Onshore,2026-06-13T21:03:52Z
2026-06-13T21:02:15Z,2026-06-13T23:02:15+0200,37293abf-bd75-40d9-81b7-896ff667771a,2026-05-29T13:15:00Z,2026-05-29T15:15:00+0200,949.08002,MW,FR,FR,forecast_onshore_wind_generation,Wind Onshore,2026-06-13T21:03:52Z
2026-06-13T21:02:15Z,2026-06-13T23:02:15+0200,37293abf-bd75-40d9-81b7-896ff667771a,2026-05-29T13:30:00Z,2026-05-29T15:30:00+0200,953.26001,MW,FR,FR,forecast_onshore_wind_generation,Wind Onshore,2026-06-13T21:03:52Z
2026-06-13T21:02:15Z,2026-06-13T23:02:15+0200,37293abf-bd75-40d9-81b7-896ff667771a,2026-05-29T13:45:00Z,2026-05-29T15:45:00+0200,957.54999,MW,FR,FR,forecast_onshore_wind_generation,Wind Onshore,2026-06-13T21:03:52Z
2026-06-13T21:02:15Z,2026-06-13T23:02:15+0200,37293abf-bd75-40d9-81b7-896ff667771a,2026-05-29T14:00:00Z,2026-05-29T16:00:00+0200,961.88995,MW,FR,FR,forecast_onshore_wind_generation,Wind Onshore,2026-06-13T21:03:52Z
2026-06-13T21:02:15Z,2026-06-13T23:02:15+0200,37293abf-bd75-40d9-81b7-896ff667771a,2026-05-29T14:15:00Z,2026-05-29T16:15:00+0200,968.90002,MW,FR,FR,forecast_onshore_wind_generation,Wind Onshore,2026-06-13T21:03:52Z
2026-06-13T21:02:15Z,2026-06-13T23:02:15+0200,37293abf-bd75-40d9-81b7-896ff667771a,2026-05-29T14:30:00Z,2026-05-29T16:30:00+0200,975.95001,MW,FR,FR,forecast_onshore_wind_generation,Wind Onshore,2026-06-13T21:03:52Z
2026-06-13T21:02:15Z,2026-06-13T23:02:15+0200,37293abf-bd75-40d9-81b7-896ff667771a,2026-05-29T14:45:00Z,2026-05-29T16:45:00+0200,983.03003,MW,FR,FR,forecast_onshore_wind_generation,Wind Onshore,2026-06-13T21:03:52Z
2026-06-13T21:02:15Z,2026-06-13T23:02:15+0200,37293abf-bd75-40d9-81b7-896ff667771a,2026-05-29T15:00:00Z,2026-05-29T17:00:00+0200,990.12994,MW,FR,FR,forecast_onshore_wind_generation,Wind Onshore,2026-06-13T21:03:52Z
2026-06-13T21:02:15Z,2026-06-13T23:02:15+0200,37293abf-bd75-40d9-81b7-896ff667771a,2026-05-29T15:15:00Z,2026-05-29T17:15:00+0200,983.98993,MW,FR,FR,forecast_onshore_wind_generation,Wind Onshore,2026-06-13T21:03:52Z
2026-06-13T21:02:15Z,2026-06-13T23:02:15+0200,37293abf-bd75-40d9-81b7-896ff667771a,2026-05-29T15:30:00Z,2026-05-29T17:30:00+0200,977.87994,MW,FR,FR,forecast_onshore_wind_generation,Wind Onshore,2026-06-13T21:03:52Z
2026-06-13T21:02:15Z,2026-06-13T23:02:15+0200,37293abf-bd75-40d9-81b7-896ff667771a,2026-05-29T15:45:00Z,2026-05-29T17:45:00+0200,971.75995,MW,FR,FR,forecast_onshore_wind_generation,Wind Onshore,2026-06-13T21:03:52Z
2026-06-13T21:02:15Z,2026-06-13T23:02:15+0200,37293abf-bd75-40d9-81b7-896ff667771a,2026-05-29T16:00:00Z,2026-05-29T18:00:00+0200,965.63995,MW,FR,FR,forecast_onshore_wind_generation,Wind Onshore,2026-06-13T21:03:52Z
2026-06-13T21:02:15Z,2026-06-13T23:02:15+0200,37293abf-bd75-40d9-81b7-896ff667771a,2026-05-29T16:15:00Z,2026-05-29T18:15:00+0200,984.08002,MW,FR,FR,forecast_onshore_wind_generation,Wind Onshore,2026-06-13T21:03:52Z
2026-06-13T21:02:15Z,2026-06-13T23:02:15+0200,37293abf-bd75-40d9-81b7-896ff667771a,2026-05-29T16:30:00Z,2026-05-29T18:30:00+0200,1002.56006,MW,FR,FR,forecast_onshore_wind_generation,Wind Onshore,2026-06-13T21:03:52Z
2026-06-13T21:02:15Z,2026-06-13T23:02:15+0200,37293abf-bd75-40d9-81b7-896ff667771a,2026-05-29T16:45:00Z,2026-05-29T18:45:00+0200,1021.00995,MW,FR,FR,forecast_onshore_wind_generation,Wind Onshore,2026-06-13T21:03:52Z
2026-06-13T21:02:15Z,2026-06-13T23:02:15+0200,37293abf-bd75-40d9-81b7-896ff667771a,2026-05-29T17:00:00Z,2026-05-29T19:00:00+0200,1039.5,MW,FR,FR,forecast_onshore_wind_generation,Wind Onshore,2026-06-13T21:03:52Z
2026-06-13T21:02:15Z,2026-06-13T23:02:15+0200,37293abf-bd75-40d9-81b7-896ff667771a,2026-05-29T17:15:00Z,2026-05-29T19:15:00+0200,1113.41992,MW,FR,FR,forecast_onshore_wind_generation,Wind Onshore,2026-06-13T21:03:52Z
2026-06-13T21:02:15Z,2026-06-13T23:02:15+0200,37293abf-bd75-40d9-81b7-896ff667771a,2026-05-29T17:30:00Z,2026-05-29T19:30:00+0200,1187.37988,MW,FR,FR,forecast_onshore_wind_generation,Wind Onshore,2026-06-13T21:03:52Z
2026-06-13T21:02:15Z,2026-06-13T23:02:15+0200,37293abf-bd75-40d9-81b7-896ff667771a,2026-05-29T17:45:00Z,2026-05-29T19:45:00+0200,1261.32007,MW,FR,FR,forecast_onshore_wind_generation,Wind Onshore,2026-06-13T21:03:52Z
2026-06-13T21:02:15Z,2026-06-13T23:02:15+0200,37293abf-bd75-40d9-81b7-896ff667771a,2026-05-29T18:00:00Z,2026-05-29T20:00:00+0200,1335.29004,MW,FR,FR,forecast_onshore_wind_generation,Wind Onshore,2026-06-13T21:03:52Z
2026-06-13T21:02:15Z,2026-06-13T23:02:15+0200,37293abf-bd75-40d9-81b7-896ff667771a,2026-05-29T18:15:00Z,2026-05-29T20:15:00+0200,1423.02002,MW,FR,FR,forecast_onshore_wind_generation,Wind Onshore,2026-06-13T21:03:52Z
2026-06-13T21:02:15Z,2026-06-13T23:02:15+0200,37293abf-bd75-40d9-81b7-896ff667771a,2026-05-29T18:30:00Z,2026-05-29T20:30:00+0200,1510.72009,MW,FR,FR,forecast_onshore_wind_generation,Wind Onshore,2026-06-13T21:03:52Z
2026-06-13T21:02:15Z,2026-06-13T23:02:15+0200,37293abf-bd75-40d9-81b7-896ff667771a,2026-05-29T18:45:00Z,2026-05-29T20:45:00+0200,1598.66003,MW,FR,FR,forecast_onshore_wind_generation,Wind Onshore,2026-06-13T21:03:52Z
2026-06-13T21:02:15Z,2026-06-13T23:02:15+0200,37293abf-bd75-40d9-81b7-896ff667771a,2026-05-29T19:00:00Z,2026-05-29T21:00:00+0200,1686.70007,MW,FR,FR,forecast_onshore_wind_generation,Wind Onshore,2026-06-13T21:03:52Z
2026-06-13T21:02:15Z,2026-06-13T23:02:15+0200,37293abf-bd75-40d9-81b7-896ff667771a,2026-05-29T19:15:00Z,2026-05-29T21:15:00+0200,1788.81006,MW,FR,FR,forecast_onshore_wind_generation,Wind Onshore,2026-06-13T21:03:52Z
2026-06-13T21:02:15Z,2026-06-13T23:02:15+0200,37293abf-bd75-40d9-81b7-896ff667771a,2026-05-29T19:30:00Z,2026-05-29T21:30:00+0200,1890.97009,MW,FR,FR,forecast_onshore_wind_generation,Wind Onshore,2026-06-13T21:03:52Z
2026-06-13T21:02:15Z,2026-06-13T23:02:15+0200,37293abf-bd75-40d9-81b7-896ff667771a,2026-05-29T19:45:00Z,2026-05-29T21:45:00+0200,1993.1499,MW,FR,FR,forecast_onshore_wind_generation,Wind Onshore,2026-06-13T21:03:52Z
2026-06-13T21:02:15Z,2026-06-13T23:02:15+0200,37293abf-bd75-40d9-81b7-896ff667771a,2026-05-29T20:00:00Z,2026-05-29T22:00:00+0200,2095.43018,MW,FR,FR,forecast_onshore_wind_generation,Wind Onshore,2026-06-13T21:03:52Z
2026-06-13T21:02:15Z,2026-06-13T23:02:15+0200,37293abf-bd75-40d9-81b7-896ff667771a,2026-05-29T20:15:00Z,2026-05-29T22:15:00+0200,2179.31006,MW,FR,FR,forecast_onshore_wind_generation,Wind Onshore,2026-06-13T21:03:52Z
2026-06-13T21:02:15Z,2026-06-13T23:02:15+0200,37293abf-bd75-40d9-81b7-896ff667771a,2026-05-29T20:30:00Z,2026-05-29T22:30:00+0200,2263.30005,MW,FR,FR,forecast_onshore_wind_generation,Wind Onshore,2026-06-13T21:03:52Z
2026-06-13T21:02:15Z,2026-06-13T23:02:15+0200,37293abf-bd75-40d9-81b7-896ff667771a,2026-05-29T20:45:00Z,2026-05-29T22:45:00+0200,2347.45996,MW,FR,FR,forecast_onshore_wind_generation,Wind Onshore,2026-06-13T21:03:52Z
2026-06-13T21:02:15Z,2026-06-13T23:02:15+0200,37293abf-bd75-40d9-81b7-896ff667771a,2026-05-29T21:00:00Z,2026-05-29T23:00:00+0200,2431.8501,MW,FR,FR,forecast_onshore_wind_generation,Wind Onshore,2026-06-13T21:03:52Z
2026-06-13T21:02:15Z,2026-06-13T23:02:15+0200,37293abf-bd75-40d9-81b7-896ff667771a,2026-05-29T21:15:00Z,2026-05-29T23:15:00+0200,2462.8501,MW,FR,FR,forecast_onshore_wind_generation,Wind Onshore,2026-06-13T21:03:52Z
2026-06-13T21:02:15Z,2026-06-13T23:02:15+0200,37293abf-bd75-40d9-81b7-896ff667771a,2026-05-29T21:30:00Z,2026-05-29T23:30:00+0200,2493.8999,MW,FR,FR,forecast_onshore_wind_generation,Wind Onshore,2026-06-13T21:03:52Z
2026-06-13T21:02:15Z,2026-06-13T23:02:15+0200,37293abf-bd75-40d9-81b7-896ff667771a,2026-05-29T21:45:00Z,2026-05-29T23:45:00+0200,2525.0,MW,FR,FR,forecast_onshore_wind_generation,Wind Onshore,2026-06-13T21:03:52Z
2026-06-13T21:02:15Z,2026-06-13T23:02:15+0200,37293abf-bd75-40d9-81b7-896ff667771a,2026-05-29T22:00:00Z,2026-05-30T00:00:00+0200,2552.00977,MW,FR,FR,forecast_onshore_wind_generation,Wind Onshore,2026-06-13T21:03:52Z
2026-06-13T21:02:15Z,2026-06-13T23:02:15+0200,37293abf-bd75-40d9-81b7-896ff667771a,2026-05-29T22:15:00Z,2026-05-30T00:15:00+0200,2515.16016,MW,FR,FR,forecast_onshore_wind_generation,Wind Onshore,2026-06-13T21:03:52Z
2026-06-13T21:02:15Z,2026-06-13T23:02:15+0200,37293abf-bd75-40d9-81b7-896ff667771a,2026-05-29T22:30:00Z,2026-05-30T00:30:00+0200,2478.42017,MW,FR,FR,forecast_onshore_wind_generation,Wind Onshore,2026-06-13T21:03:52Z
2026-06-13T21:02:15Z,2026-06-13T23:02:15+0200,37293abf-bd75-40d9-81b7-896ff667771a,2026-05-29T22:45:00Z,2026-05-30T00:45:00+0200,2441.70996,MW,FR,FR,forecast_onshore_wind_generation,Wind Onshore,2026-06-13T21:03:52Z
2026-06-13T21:02:15Z,2026-06-13T23:02:15+0200,37293abf-bd75-40d9-81b7-896ff667771a,2026-05-29T23:00:00Z,2026-05-30T01:00:00+0200,2405.03003,MW,FR,FR,forecast_onshore_wind_generation,Wind Onshore,2026-06-13T21:03:52Z
2026-06-13T21:02:15Z,2026-06-13T23:02:15+0200,37293abf-bd75-40d9-81b7-896ff667771a,2026-05-29T23:15:00Z,2026-05-30T01:15:00+0200,2363.32007,MW,FR,FR,forecast_onshore_wind_generation,Wind Onshore,2026-06-13T21:03:52Z
2026-06-13T21:02:15Z,2026-06-13T23:02:15+0200,37293abf-bd75-40d9-81b7-896ff667771a,2026-05-29T23:30:00Z,2026-05-30T01:30:00+0200,2321.95996,MW,FR,FR,forecast_onshore_wind_generation,Wind Onshore,2026-06-13T21:03:52Z
2026-06-13T21:02:15Z,2026-06-13T23:02:15+0200,37293abf-bd75-40d9-81b7-896ff667771a,2026-05-29T23:45:00Z,2026-05-30T01:45:00+0200,2280.69995,MW,FR,FR,forecast_onshore_wind_generation,Wind Onshore,2026-06-13T21:03:52Z
2026-06-13T21:02:15Z,2026-06-13T23:02:15+0200,37293abf-bd75-40d9-81b7-896ff667771a,2026-05-30T00:00:00Z,2026-05-30T02:00:00+0200,2240.07007,MW,FR,FR,forecast_onshore_wind_generation,Wind Onshore,2026-06-13T21:03:52Z
2026-06-13T21:02:15Z,2026-06-13T23:02:15+0200,37293abf-bd75-40d9-81b7-896ff667771a,2026-05-30T00:15:00Z,2026-05-30T02:15:00+0200,2211.02002,MW,FR,FR,forecast_onshore_wind_generation,Wind Onshore,2026-06-13T21:03:52Z
2026-06-13T21:02:15Z,2026-06-13T23:02:15+0200,37293abf-bd75-40d9-81b7-896ff667771a,2026-05-30T00:30:00Z,2026-05-30T02:30:00+0200,2183.30005,MW,FR,FR,forecast_onshore_wind_generation,Wind Onshore,2026-06-13T21:03:52Z
2026-06-13T21:02:15Z,2026-06-13T23:02:15+0200,37293abf-bd75-40d9-81b7-896ff667771a,2026-05-30T00:45:00Z,2026-05-30T02:45:00+0200,2155.6499,MW,FR,FR,forecast_onshore_wind_generation,Wind Onshore,2026-06-13T21:03:52Z
2026-06-13T21:02:15Z,2026-06-13T23:02:15+0200,37293abf-bd75-40d9-81b7-896ff667771a,2026-05-30T01:00:00Z,2026-05-30T03:00:00+0200,2128.32007,MW,FR,FR,forecast_onshore_wind_generation,Wind Onshore,2026-06-13T21:03:52Z
2026-06-13T21:02:15Z,2026-06-13T23:02:15+0200,37293abf-bd75-40d9-81b7-896ff667771a,2026-05-30T01:15:00Z,2026-05-30T03:15:00+0200,2211.86011,MW,FR,FR,forecast_onshore_wind_generation,Wind Onshore,2026-06-13T21:03:52Z
2026-06-13T21:02:15Z,2026-06-13T23:02:15+0200,37293abf-bd75-40d9-81b7-896ff667771a,2026-05-30T01:30:00Z,2026-05-30T03:30:00+0200,2295.80981,MW,FR,FR,forecast_onshore_wind_generation,Wind Onshore,2026-06-13T21:03:52Z
2026-06-13T21:02:15Z,2026-06-13T23:02:15+0200,37293abf-bd75-40d9-81b7-896ff667771a,2026-05-30T01:45:00Z,2026-05-30T03:45:00+0200,2379.83008,MW,FR,FR,forecast_onshore_wind_generation,Wind Onshore,2026-06-13T21:03:52Z
2026-06-13T21:02:15Z,2026-06-13T23:02:15+0200,37293abf-bd75-40d9-81b7-896ff667771a,2026-05-30T02:00:00Z,2026-05-30T04:00:00+0200,2463.85986,MW,FR,FR,forecast_onshore_wind_generation,Wind Onshore,2026-06-13T21:03:52Z
2026-06-13T21:02:15Z,2026-06-13T23:02:15+0200,37293abf-bd75-40d9-81b7-896ff667771a,2026-05-30T02:15:00Z,2026-05-30T04:15:00+0200,2343.50977,MW,FR,FR,forecast_onshore_wind_generation,Wind Onshore,2026-06-13T21:03:52Z
2026-06-13T21:02:15Z,2026-06-13T23:02:15+0200,37293abf-bd75-40d9-81b7-896ff667771a,2026-05-30T02:30:00Z,2026-05-30T04:30:00+0200,2223.40015,MW,FR,FR,forecast_onshore_wind_generation,Wind Onshore,2026-06-13T21:03:52Z
2026-06-13T21:02:15Z,2026-06-13T23:02:15+0200,37293abf-bd75-40d9-81b7-896ff667771a,2026-05-30T02:45:00Z,2026-05-30T04:45:00+0200,2103.32983,MW,FR,FR,forecast_onshore_wind_generation,Wind Onshore,2026-06-13T21:03:52Z
2026-06-13T21:02:15Z,2026-06-13T23:02:15+0200,37293abf-bd75-40d9-81b7-896ff667771a,2026-05-30T03:00:00Z,2026-05-30T05:00:00+0200,1983.25989,MW,FR,FR,forecast_onshore_wind_generation,Wind Onshore,2026-06-13T21:03:52Z
2026-06-13T21:02:15Z,2026-06-13T23:02:15+0200,37293abf-bd75-40d9-81b7-896ff667771a,2026-05-30T03:15:00Z,2026-05-30T05:15:00+0200,1906.33997,MW,FR,FR,forecast_onshore_wind_generation,Wind Onshore,2026-06-13T21:03:52Z
2026-06-13T21:02:15Z,2026-06-13T23:02:15+0200,37293abf-bd75-40d9-81b7-896ff667771a,2026-05-30T03:30:00Z,2026-05-30T05:30:00+0200,1829.43994,MW,FR,FR,forecast_onshore_wind_generation,Wind Onshore,2026-06-13T21:03:52Z
2026-06-13T21:02:15Z,2026-06-13T23:02:15+0200,37293abf-bd75-40d9-81b7-896ff667771a,2026-05-30T03:45:00Z,2026-05-30T05:45:00+0200,1752.56006,MW,FR,FR,forecast_onshore_wind_generation,Wind Onshore,2026-06-13T21:03:52Z
2026-06-13T21:02:15Z,2026-06-13T23:02:15+0200,37293abf-bd75-40d9-81b7-896ff667771a,2026-05-30T04:00:00Z,2026-05-30T06:00:00+0200,1675.85999,MW,FR,FR,forecast_onshore_wind_generation,Wind Onshore,2026-06-13T21:03:52Z
2026-06-13T21:02:15Z,2026-06-13T23:02:15+0200,37293abf-bd75-40d9-81b7-896ff667771a,2026-05-30T04:15:00Z,2026-05-30T06:15:00+0200,1682.81995,MW,FR,FR,forecast_onshore_wind_generation,Wind Onshore,2026-06-13T21:03:52Z
2026-06-13T21:02:15Z,2026-06-13T23:02:15+0200,37293abf-bd75-40d9-81b7-896ff667771a,2026-05-30T04:30:00Z,2026-05-30T06:30:00+0200,1689.97998,MW,FR,FR,forecast_onshore_wind_generation,Wind Onshore,2026-06-13T21:03:52Z
2026-06-13T21:02:15Z,2026-06-13T23:02:15+0200,37293abf-bd75-40d9-81b7-896ff667771a,2026-05-30T04:45:00Z,2026-05-30T06:45:00+0200,1697.17004,MW,FR,FR,forecast_onshore_wind_generation,Wind Onshore,2026-06-13T21:03:52Z
2026-06-13T21:02:15Z,2026-06-13T23:02:15+0200,37293abf-bd75-40d9-81b7-896ff667771a,2026-05-30T05:00:00Z,2026-05-30T07:00:00+0200,1704.6001,MW,FR,FR,forecast_onshore_wind_generation,Wind Onshore,2026-06-13T21:03:52Z
2026-06-13T21:02:15Z,2026-06-13T23:02:15+0200,37293abf-bd75-40d9-81b7-896ff667771a,2026-05-30T05:15:00Z,2026-05-30T07:15:00+0200,1681.53003,MW,FR,FR,forecast_onshore_wind_generation,Wind Onshore,2026-06-13T21:03:52Z
2026-06-13T21:02:15Z,2026-06-13T23:02:15+0200,37293abf-bd75-40d9-81b7-896ff667771a,2026-05-30T05:30:00Z,2026-05-30T07:30:00+0200,1658.64001,MW,FR,FR,forecast_onshore_wind_generation,Wind Onshore,2026-06-13T21:03:52Z
2026-06-13T21:02:15Z,2026-06-13T23:02:15+0200,37293abf-bd75-40d9-81b7-896ff667771a,2026-05-30T05:45:00Z,2026-05-30T07:45:00+0200,1635.78992,MW,FR,FR,forecast_onshore_wind_generation,Wind Onshore,2026-06-13T21:03:52Z
2026-06-13T21:02:15Z,2026-06-13T23:02:15+0200,37293abf-bd75-40d9-81b7-896ff667771a,2026-05-30T06:00:00Z,2026-05-30T08:00:00+0200,1613.11011,MW,FR,FR,forecast_onshore_wind_generation,Wind Onshore,2026-06-13T21:03:52Z
2026-06-13T21:02:15Z,2026-06-13T23:02:15+0200,37293abf-bd75-40d9-81b7-896ff667771a,2026-05-30T06:15:00Z,2026-05-30T08:15:00+0200,1482.39001,MW,FR,FR,forecast_onshore_wind_generation,Wind Onshore,2026-06-13T21:03:52Z
2026-06-13T21:02:15Z,2026-06-13T23:02:15+0200,37293abf-bd75-40d9-81b7-896ff667771a,2026-05-30T06:30:00Z,2026-05-30T08:30:00+0200,1351.78003,MW,FR,FR,forecast_onshore_wind_generation,Wind Onshore,2026-06-13T21:03:52Z
2026-06-13T21:02:15Z,2026-06-13T23:02:15+0200,37293abf-bd75-40d9-81b7-896ff667771a,2026-05-30T06:45:00Z,2026-05-30T08:45:00+0200,1221.25,MW,FR,FR,forecast_onshore_wind_generation,Wind Onshore,2026-06-13T21:03:52Z
2026-06-13T21:02:15Z,2026-06-13T23:02:15+0200,37293abf-bd75-40d9-81b7-896ff667771a,2026-05-30T07:00:00Z,2026-05-30T09:00:00+0200,1091.13,MW,FR,FR,forecast_onshore_wind_generation,Wind Onshore,2026-06-13T21:03:52Z
2026-06-13T21:02:15Z,2026-06-13T23:02:15+0200,37293abf-bd75-40d9-81b7-896ff667771a,2026-05-30T07:15:00Z,2026-05-30T09:15:00+0200,999.17004,MW,FR,FR,forecast_onshore_wind_generation,Wind Onshore,2026-06-13T21:03:52Z
2026-06-13T21:02:15Z,2026-06-13T23:02:15+0200,37293abf-bd75-40d9-81b7-896ff667771a,2026-05-30T07:30:00Z,2026-05-30T09:30:00+0200,907.57996,MW,FR,FR,forecast_onshore_wind_generation,Wind Onshore,2026-06-13T21:03:52Z
2026-06-13T21:02:15Z,2026-06-13T23:02:15+0200,37293abf-bd75-40d9-81b7-896ff667771a,2026-05-30T07:45:00Z,2026-05-30T09:45:00+0200,816.09998,MW,FR,FR,forecast_onshore_wind_generation,Wind Onshore,2026-06-13T21:03:52Z
2026-06-13T21:02:15Z,2026-06-13T23:02:15+0200,37293abf-bd75-40d9-81b7-896ff667771a,2026-05-30T08:00:00Z,2026-05-30T10:00:00+0200,724.81995,MW,FR,FR,forecast_onshore_wind_generation,Wind Onshore,2026-06-13T21:03:52Z
2026-06-13T21:02:15Z,2026-06-13T23:02:15+0200,37293abf-bd75-40d9-81b7-896ff667771a,2026-05-30T08:15:00Z,2026-05-30T10:15:00+0200,759.15002,MW,FR,FR,forecast_onshore_wind_generation,Wind Onshore,2026-06-13T21:03:52Z
2026-06-13T21:02:15Z,2026-06-13T23:02:15+0200,37293abf-bd75-40d9-81b7-896ff667771a,2026-05-30T08:30:00Z,2026-05-30T10:30:00+0200,793.63995,MW,FR,FR,forecast_onshore_wind_generation,Wind Onshore,2026-06-13T21:03:52Z
2026-06-13T21:02:15Z,2026-06-13T23:02:15+0200,37293abf-bd75-40d9-81b7-896ff667771a,2026-05-30T08:45:00Z,2026-05-30T10:45:00+0200,828.23004,MW,FR,FR,forecast_onshore_wind_generation,Wind Onshore,2026-06-13T21:03:52Z
2026-06-13T21:02:15Z,2026-06-13T23:02:15+0200,37293abf-bd75-40d9-81b7-896ff667771a,2026-05-30T09:00:00Z,2026-05-30T11:00:00+0200,862.93005,MW,FR,FR,forecast_onshore_wind_generation,Wind Onshore,2026-06-13T21:03:52Z
2026-06-13T21:02:15Z,2026-06-13T23:02:15+0200,37293abf-bd75-40d9-81b7-896ff667771a,2026-05-30T09:15:00Z,2026-05-30T11:15:00+0200,822.93951,MW,FR,FR,forecast_onshore_wind_generation,Wind Onshore,2026-06-13T21:03:52Z
2026-06-13T21:02:15Z,2026-06-13T23:02:15+0200,37293abf-bd75-40d9-81b7-896ff667771a,2026-05-30T09:30:00Z,2026-05-30T11:30:00+0200,463.40021,MW,FR,FR,forecast_onshore_wind_generation,Wind Onshore,2026-06-13T21:03:52Z
2026-06-13T21:02:15Z,2026-06-13T23:02:15+0200,37293abf-bd75-40d9-81b7-896ff667771a,2026-05-30T09:45:00Z,2026-05-30T11:45:00+0200,439.48953,MW,FR,FR,forecast_onshore_wind_generation,Wind Onshore,2026-06-13T21:03:52Z
2026-06-13T21:02:15Z,2026-06-13T23:02:15+0200,37293abf-bd75-40d9-81b7-896ff667771a,2026-05-30T10:00:00Z,2026-05-30T12:00:00+0200,416.01987,MW,FR,FR,forecast_onshore_wind_generation,Wind Onshore,2026-06-13T21:03:52Z
2026-06-13T21:02:15Z,2026-06-13T23:02:15+0200,37293abf-bd75-40d9-81b7-896ff667771a,2026-05-30T10:15:00Z,2026-05-30T12:15:00+0200,407.14996,MW,FR,FR,forecast_onshore_wind_generation,Wind Onshore,2026-06-13T21:03:52Z
2026-06-13T21:02:15Z,2026-06-13T23:02:15+0200,37293abf-bd75-40d9-81b7-896ff667771a,2026-05-30T10:30:00Z,2026-05-30T12:30:00+0200,398.54993,MW,FR,FR,forecast_onshore_wind_generation,Wind Onshore,2026-06-13T21:03:52Z
2026-06-13T21:02:15Z,2026-06-13T23:02:15+0200,37293abf-bd75-40d9-81b7-896ff667771a,2026-05-30T10:45:00Z,2026-05-30T12:45:00+0200,389.78006,MW,FR,FR,forecast_onshore_wind_generation,Wind Onshore,2026-06-13T21:03:52Z
2026-06-13T21:02:15Z,2026-06-13T23:02:15+0200,37293abf-bd75-40d9-81b7-896ff667771a,2026-05-30T11:00:00Z,2026-05-30T13:00:00+0200,381.23972,MW,FR,FR,forecast_onshore_wind_generation,Wind Onshore,2026-06-13T21:03:52Z
2026-06-13T21:02:15Z,2026-06-13T23:02:15+0200,37293abf-bd75-40d9-81b7-896ff667771a,2026-05-30T11:15:00Z,2026-05-30T13:15:00+0200,389.26019,MW,FR,FR,forecast_onshore_wind_generation,Wind Onshore,2026-06-13T21:03:52Z
2026-06-13T21:02:15Z,2026-06-13T23:02:15+0200,37293abf-bd75-40d9-81b7-896ff667771a,2026-05-30T11:30:00Z,2026-05-30T13:30:00+0200,260.87991,MW,FR,FR,forecast_onshore_wind_generation,Wind Onshore,2026-06-13T21:03:52Z
2026-06-13T21:02:15Z,2026-06-13T23:02:15+0200,37293abf-bd75-40d9-81b7-896ff667771a,2026-05-30T11:45:00Z,2026-05-30T13:45:00+0200,266.17984,MW,FR,FR,forecast_onshore_wind_generation,Wind Onshore,2026-06-13T21:03:52Z
2026-06-13T21:02:15Z,2026-06-13T23:02:15+0200,37293abf-bd75-40d9-81b7-896ff667771a,2026-05-30T12:00:00Z,2026-05-30T14:00:00+0200,271.61008,MW,FR,FR,forecast_onshore_wind_generation,Wind Onshore,2026-06-13T21:03:52Z
2026-06-13T21:02:15Z,2026-06-13T23:02:15+0200,37293abf-bd75-40d9-81b7-896ff667771a,2026-05-30T12:15:00Z,2026-05-30T14:15:00+0200,282.68991,MW,FR,FR,forecast_onshore_wind_generation,Wind Onshore,2026-06-13T21:03:52Z
2026-06-13T21:02:15Z,2026-06-13T23:02:15+0200,37293abf-bd75-40d9-81b7-896ff667771a,2026-05-30T12:30:00Z,2026-05-30T14:30:00+0200,293.77011,MW,FR,FR,forecast_onshore_wind_generation,Wind Onshore,2026-06-13T21:03:52Z
2026-06-13T21:02:15Z,2026-06-13T23:02:15+0200,37293abf-bd75-40d9-81b7-896ff667771a,2026-05-30T12:45:00Z,2026-05-30T14:45:00+0200,304.91998,MW,FR,FR,forecast_onshore_wind_generation,Wind Onshore,2026-06-13T21:03:52Z
2026-06-13T21:02:15Z,2026-06-13T23:02:15+0200,37293abf-bd75-40d9-81b7-896ff667771a,2026-05-30T13:00:00Z,2026-05-30T15:00:00+0200,315.93994,MW,FR,FR,forecast_onshore_wind_generation,Wind Onshore,2026-06-13T21:03:52Z
2026-06-13T21:02:15Z,2026-06-13T23:02:15+0200,37293abf-bd75-40d9-81b7-896ff667771a,2026-05-30T13:15:00Z,2026-05-30T15:15:00+0200,503.31,MW,FR,FR,forecast_onshore_wind_generation,Wind Onshore,2026-06-13T21:03:52Z
2026-06-13T21:02:15Z,2026-06-13T23:02:15+0200,37293abf-bd75-40d9-81b7-896ff667771a,2026-05-30T13:30:00Z,2026-05-30T15:30:00+0200,527.26001,MW,FR,FR,forecast_onshore_wind_generation,Wind Onshore,2026-06-13T21:03:52Z
2026-06-13T21:02:15Z,2026-06-13T23:02:15+0200,37293abf-bd75-40d9-81b7-896ff667771a,2026-05-30T13:45:00Z,2026-05-30T15:45:00+0200,551.38007,MW,FR,FR,forecast_onshore_wind_generation,Wind Onshore,2026-06-13T21:03:52Z
2026-06-13T21:02:15Z,2026-06-13T23:02:15+0200,37293abf-bd75-40d9-81b7-896ff667771a,2026-05-30T14:00:00Z,2026-05-30T16:00:00+0200,950.95135,MW,FR,FR,forecast_onshore_wind_generation,Wind Onshore,2026-06-13T21:03:52Z
2026-06-13T21:02:15Z,2026-06-13T23:02:15+0200,37293abf-bd75-40d9-81b7-896ff667771a,2026-05-30T14:15:00Z,2026-05-30T16:15:00+0200,982.10999,MW,FR,FR,forecast_onshore_wind_generation,Wind Onshore,2026-06-13T21:03:52Z
2026-06-13T21:02:15Z,2026-06-13T23:02:15+0200,37293abf-bd75-40d9-81b7-896ff667771a,2026-05-30T14:30:00Z,2026-05-30T16:30:00+0200,1013.09998,MW,FR,FR,forecast_onshore_wind_generation,Wind Onshore,2026-06-13T21:03:52Z
2026-06-13T21:02:15Z,2026-06-13T23:02:15+0200,37293abf-bd75-40d9-81b7-896ff667771a,2026-05-30T14:45:00Z,2026-05-30T16:45:00+0200,1044.13,MW,FR,FR,forecast_onshore_wind_generation,Wind Onshore,2026-06-13T21:03:52Z
2026-06-13T21:02:15Z,2026-06-13T23:02:15+0200,37293abf-bd75-40d9-81b7-896ff667771a,2026-05-30T15:00:00Z,2026-05-30T17:00:00+0200,1075.20996,MW,FR,FR,forecast_onshore_wind_generation,Wind Onshore,2026-06-13T21:03:52Z
2026-06-13T21:02:15Z,2026-06-13T23:02:15+0200,37293abf-bd75-40d9-81b7-896ff667771a,2026-05-30T15:15:00Z,2026-05-30T17:15:00+0200,1134.12012,MW,FR,FR,forecast_onshore_wind_generation,Wind Onshore,2026-06-13T21:03:52Z
2026-06-13T21:02:15Z,2026-06-13T23:02:15+0200,37293abf-bd75-40d9-81b7-896ff667771a,2026-05-30T15:30:00Z,2026-05-30T17:30:00+0200,1193.07007,MW,FR,FR,forecast_onshore_wind_generation,Wind Onshore,2026-06-13T21:03:52Z
2026-06-13T21:02:15Z,2026-06-13T23:02:15+0200,37293abf-bd75-40d9-81b7-896ff667771a,2026-05-30T15:45:00Z,2026-05-30T17:45:00+0200,1252.05005,MW,FR,FR,forecast_onshore_wind_generation,Wind Onshore,2026-06-13T21:03:52Z
2026-06-13T21:02:15Z,2026-06-13T23:02:15+0200,37293abf-bd75-40d9-81b7-896ff667771a,2026-05-30T16:00:00Z,2026-05-30T18:00:00+0200,1311.23999,MW,FR,FR,forecast_onshore_wind_generation,Wind Onshore,2026-06-13T21:03:52Z
2026-06-13T21:02:15Z,2026-06-13T23:02:15+0200,37293abf-bd75-40d9-81b7-896ff667771a,2026-05-30T16:15:00Z,2026-05-30T18:15:00+0200,1377.49011,MW,FR,FR,forecast_onshore_wind_generation,Wind Onshore,2026-06-13T21:03:52Z
2026-06-13T21:02:15Z,2026-06-13T23:02:15+0200,37293abf-bd75-40d9-81b7-896ff667771a,2026-05-30T16:30:00Z,2026-05-30T18:30:00+0200,1444.28003,MW,FR,FR,forecast_onshore_wind_generation,Wind Onshore,2026-06-13T21:03:52Z
2026-06-13T21:02:15Z,2026-06-13T23:02:15+0200,37293abf-bd75-40d9-81b7-896ff667771a,2026-05-30T16:45:00Z,2026-05-30T18:45:00+0200,1511.14001,MW,FR,FR,forecast_onshore_wind_generation,Wind Onshore,2026-06-13T21:03:52Z
2026-06-13T21:02:15Z,2026-06-13T23:02:15+0200,37293abf-bd75-40d9-81b7-896ff667771a,2026-05-30T17:00:00Z,2026-05-30T19:00:00+0200,1578.2301,MW,FR,FR,forecast_onshore_wind_generation,Wind Onshore,2026-06-13T21:03:52Z
2026-06-13T21:02:15Z,2026-06-13T23:02:15+0200,37293abf-bd75-40d9-81b7-896ff667771a,2026-05-30T17:15:00Z,2026-05-30T19:15:00+0200,1649.18018,MW,FR,FR,forecast_onshore_wind_generation,Wind Onshore,2026-06-13T21:03:52Z
2026-06-13T21:02:15Z,2026-06-13T23:02:15+0200,37293abf-bd75-40d9-81b7-896ff667771a,2026-05-30T17:30:00Z,2026-05-30T19:30:00+0200,1720.3501,MW,FR,FR,forecast_onshore_wind_generation,Wind Onshore,2026-06-13T21:03:52Z
2026-06-13T21:02:15Z,2026-06-13T23:02:15+0200,37293abf-bd75-40d9-81b7-896ff667771a,2026-05-30T17:45:00Z,2026-05-30T19:45:00+0200,1791.6001,MW,FR,FR,forecast_onshore_wind_generation,Wind Onshore,2026-06-13T21:03:52Z
2026-06-13T21:02:15Z,2026-06-13T23:02:15+0200,37293abf-bd75-40d9-81b7-896ff667771a,2026-05-30T18:00:00Z,2026-05-30T20:00:00+0200,1862.98999,MW,FR,FR,forecast_onshore_wind_generation,Wind Onshore,2026-06-13T21:03:52Z
2026-06-13T21:02:15Z,2026-06-13T23:02:15+0200,37293abf-bd75-40d9-81b7-896ff667771a,2026-05-30T18:15:00Z,2026-05-30T20:15:00+0200,1932.21985,MW,FR,FR,forecast_onshore_wind_generation,Wind Onshore,2026-06-13T21:03:52Z
2026-06-13T21:02:15Z,2026-06-13T23:02:15+0200,37293abf-bd75-40d9-81b7-896ff667771a,2026-05-30T18:30:00Z,2026-05-30T20:30:00+0200,2001.5,MW,FR,FR,forecast_onshore_wind_generation,Wind Onshore,2026-06-13T21:03:52Z
2026-06-13T21:02:15Z,2026-06-13T23:02:15+0200,37293abf-bd75-40d9-81b7-896ff667771a,2026-05-30T18:45:00Z,2026-05-30T20:45:00+0200,2070.83008,MW,FR,FR,forecast_onshore_wind_generation,Wind Onshore,2026-06-13T21:03:52Z
2026-06-13T21:02:15Z,2026-06-13T23:02:15+0200,37293abf-bd75-40d9-81b7-896ff667771a,2026-05-30T19:00:00Z,2026-05-30T21:00:00+0200,2140.26025,MW,FR,FR,forecast_onshore_wind_generation,Wind Onshore,2026-06-13T21:03:52Z
2026-06-13T21:02:15Z,2026-06-13T23:02:15+0200,37293abf-bd75-40d9-81b7-896ff667771a,2026-05-30T19:15:00Z,2026-05-30T21:15:00+0200,2201.83008,MW,FR,FR,forecast_onshore_wind_generation,Wind Onshore,2026-06-13T21:03:52Z
2026-06-13T21:02:15Z,2026-06-13T23:02:15+0200,37293abf-bd75-40d9-81b7-896ff667771a,2026-05-30T19:30:00Z,2026-05-30T21:30:00+0200,2263.4502,MW,FR,FR,forecast_onshore_wind_generation,Wind Onshore,2026-06-13T21:03:52Z
2026-06-13T21:02:15Z,2026-06-13T23:02:15+0200,37293abf-bd75-40d9-81b7-896ff667771a,2026-05-30T19:45:00Z,2026-05-30T21:45:00+0200,2325.11011,MW,FR,FR,forecast_onshore_wind_generation,Wind Onshore,2026-06-13T21:03:52Z
2026-06-13T21:02:15Z,2026-06-13T23:02:15+0200,37293abf-bd75-40d9-81b7-896ff667771a,2026-05-30T20:00:00Z,2026-05-30T22:00:00+0200,2386.91016,MW,FR,FR,forecast_onshore_wind_generation,Wind Onshore,2026-06-13T21:03:52Z
2026-06-13T21:02:15Z,2026-06-13T23:02:15+0200,37293abf-bd75-40d9-81b7-896ff667771a,2026-05-30T20:15:00Z,2026-05-30T22:15:00+0200,2428.10986,MW,FR,FR,forecast_onshore_wind_generation,Wind Onshore,2026-06-13T21:03:52Z
2026-06-13T21:02:15Z,2026-06-13T23:02:15+0200,37293abf-bd75-40d9-81b7-896ff667771a,2026-05-30T20:30:00Z,2026-05-30T22:30:00+0200,2469.38989,MW,FR,FR,forecast_onshore_wind_generation,Wind Onshore,2026-06-13T21:03:52Z
2026-06-13T21:02:15Z,2026-06-13T23:02:15+0200,37293abf-bd75-40d9-81b7-896ff667771a,2026-05-30T20:45:00Z,2026-05-30T22:45:00+0200,2510.75,MW,FR,FR,forecast_onshore_wind_generation,Wind Onshore,2026-06-13T21:03:52Z
2026-06-13T21:02:15Z,2026-06-13T23:02:15+0200,37293abf-bd75-40d9-81b7-896ff667771a,2026-05-30T21:00:00Z,2026-05-30T23:00:00+0200,2552.14014,MW,FR,FR,forecast_onshore_wind_generation,Wind Onshore,2026-06-13T21:03:52Z
2026-06-13T21:02:15Z,2026-06-13T23:02:15+0200,37293abf-bd75-40d9-81b7-896ff667771a,2026-05-30T21:15:00Z,2026-05-30T23:15:00+0200,2609.77002,MW,FR,FR,forecast_onshore_wind_generation,Wind Onshore,2026-06-13T21:03:52Z
2026-06-13T21:02:15Z,2026-06-13T23:02:15+0200,37293abf-bd75-40d9-81b7-896ff667771a,2026-05-30T21:30:00Z,2026-05-30T23:30:00+0200,2667.41992,MW,FR,FR,forecast_onshore_wind_generation,Wind Onshore,2026-06-13T21:03:52Z
2026-06-13T21:02:15Z,2026-06-13T23:02:15+0200,37293abf-bd75-40d9-81b7-896ff667771a,2026-05-30T21:45:00Z,2026-05-30T23:45:00+0200,2725.1001,MW,FR,FR,forecast_onshore_wind_generation,Wind Onshore,2026-06-13T21:03:52Z
2026-06-13T21:02:15Z,2026-06-13T23:02:15+0200,37293abf-bd75-40d9-81b7-896ff667771a,2026-05-30T22:00:00Z,2026-05-31T00:00:00+0200,2380.77002,MW,FR,FR,forecast_onshore_wind_generation,Wind Onshore,2026-06-13T21:03:52Z
2026-06-13T21:02:15Z,2026-06-13T23:02:15+0200,37293abf-bd75-40d9-81b7-896ff667771a,2026-05-30T22:15:00Z,2026-05-31T00:15:00+0200,2502.29004,MW,FR,FR,forecast_onshore_wind_generation,Wind Onshore,2026-06-13T21:03:52Z
2026-06-13T21:02:15Z,2026-06-13T23:02:15+0200,37293abf-bd75-40d9-81b7-896ff667771a,2026-05-30T22:30:00Z,2026-05-31T00:30:00+0200,2623.91992,MW,FR,FR,forecast_onshore_wind_generation,Wind Onshore,2026-06-13T21:03:52Z
2026-06-13T21:02:15Z,2026-06-13T23:02:15+0200,37293abf-bd75-40d9-81b7-896ff667771a,2026-05-30T22:45:00Z,2026-05-31T00:45:00+0200,2745.60986,MW,FR,FR,forecast_onshore_wind_generation,Wind Onshore,2026-06-13T21:03:52Z
2026-06-13T21:02:15Z,2026-06-13T23:02:15+0200,37293abf-bd75-40d9-81b7-896ff667771a,2026-05-30T23:00:00Z,2026-05-31T01:00:00+0200,2867.31006,MW,FR,FR,forecast_onshore_wind_generation,Wind Onshore,2026-06-13T21:03:52Z
2026-06-13T21:02:15Z,2026-06-13T23:02:15+0200,37293abf-bd75-40d9-81b7-896ff667771a,2026-05-30T23:15:00Z,2026-05-31T01:15:00+0200,3051.26001,MW,FR,FR,forecast_onshore_wind_generation,Wind Onshore,2026-06-13T21:03:52Z
2026-06-13T21:02:15Z,2026-06-13T23:02:15+0200,37293abf-bd75-40d9-81b7-896ff667771a,2026-05-30T23:30:00Z,2026-05-31T01:30:00+0200,3235.18994,MW,FR,FR,forecast_onshore_wind_generation,Wind Onshore,2026-06-13T21:03:52Z
2026-06-13T21:02:15Z,2026-06-13T23:02:15+0200,37293abf-bd75-40d9-81b7-896ff667771a,2026-05-30T23:45:00Z,2026-05-31T01:45:00+0200,3419.12012,MW,FR,FR,forecast_onshore_wind_generation,Wind Onshore,2026-06-13T21:03:52Z
2026-06-13T21:02:15Z,2026-06-13T23:02:15+0200,37293abf-bd75-40d9-81b7-896ff667771a,2026-05-31T00:00:00Z,2026-05-31T02:00:00+0200,3603.05005,MW,FR,FR,forecast_onshore_wind_generation,Wind Onshore,2026-06-13T21:03:52Z
2026-06-13T21:02:15Z,2026-06-13T23:02:15+0200,37293abf-bd75-40d9-81b7-896ff667771a,2026-05-31T00:15:00Z,2026-05-31T02:15:00+0200,3587.50977,MW,FR,FR,forecast_onshore_wind_generation,Wind Onshore,2026-06-13T21:03:52Z
2026-06-13T21:02:15Z,2026-06-13T23:02:15+0200,37293abf-bd75-40d9-81b7-896ff667771a,2026-05-31T00:30:00Z,2026-05-31T02:30:00+0200,3571.95996,MW,FR,FR,forecast_onshore_wind_generation,Wind Onshore,2026-06-13T21:03:52Z
2026-06-13T21:02:15Z,2026-06-13T23:02:15+0200,37293abf-bd75-40d9-81b7-896ff667771a,2026-05-31T00:45:00Z,2026-05-31T02:45:00+0200,3556.51001,MW,FR,FR,forecast_onshore_wind_generation,Wind Onshore,2026-06-13T21:03:52Z
2026-06-13T21:02:15Z,2026-06-13T23:02:15+0200,37293abf-bd75-40d9-81b7-896ff667771a,2026-05-31T01:00:00Z,2026-05-31T03:00:00+0200,3541.22998,MW,FR,FR,forecast_onshore_wind_generation,Wind Onshore,2026-06-13T21:03:52Z
2026-06-13T21:02:15Z,2026-06-13T23:02:15+0200,37293abf-bd75-40d9-81b7-896ff667771a,2026-05-31T01:15:00Z,2026-05-31T03:15:00+0200,3548.30005,MW,FR,FR,forecast_onshore_wind_generation,Wind Onshore,2026-06-13T21:03:52Z
2026-06-13T21:02:15Z,2026-06-13T23:02:15+0200,37293abf-bd75-40d9-81b7-896ff667771a,2026-05-31T01:30:00Z,2026-05-31T03:30:00+0200,3555.44995,MW,FR,FR,forecast_onshore_wind_generation,Wind Onshore,2026-06-13T21:03:52Z
2026-06-13T21:02:15Z,2026-06-13T23:02:15+0200,37293abf-bd75-40d9-81b7-896ff667771a,2026-05-31T01:45:00Z,2026-05-31T03:45:00+0200,3562.52002,MW,FR,FR,forecast_onshore_wind_generation,Wind Onshore,2026-06-13T21:03:52Z
2026-06-13T21:02:15Z,2026-06-13T23:02:15+0200,37293abf-bd75-40d9-81b7-896ff667771a,2026-05-31T02:00:00Z,2026-05-31T04:00:00+0200,3569.58008,MW,FR,FR,forecast_onshore_wind_generation,Wind Onshore,2026-06-13T21:03:52Z
2026-06-13T21:02:15Z,2026-06-13T23:02:15+0200,37293abf-bd75-40d9-81b7-896ff667771a,2026-05-31T02:15:00Z,2026-05-31T04:15:00+0200,3592.53979,MW,FR,FR,forecast_onshore_wind_generation,Wind Onshore,2026-06-13T21:03:52Z
2026-06-13T21:02:15Z,2026-06-13T23:02:15+0200,37293abf-bd75-40d9-81b7-896ff667771a,2026-05-31T02:30:00Z,2026-05-31T04:30:00+0200,3615.68018,MW,FR,FR,forecast_onshore_wind_generation,Wind Onshore,2026-06-13T21:03:52Z
2026-06-13T21:02:15Z,2026-06-13T23:02:15+0200,37293abf-bd75-40d9-81b7-896ff667771a,2026-05-31T02:45:00Z,2026-05-31T04:45:00+0200,3639.05005,MW,FR,FR,forecast_onshore_wind_generation,Wind Onshore,2026-06-13T21:03:52Z
2026-06-13T21:02:15Z,2026-06-13T23:02:15+0200,37293abf-bd75-40d9-81b7-896ff667771a,2026-05-31T03:00:00Z,2026-05-31T05:00:00+0200,3662.48022,MW,FR,FR,forecast_onshore_wind_generation,Wind Onshore,2026-06-13T21:03:52Z
2026-06-13T21:02:15Z,2026-06-13T23:02:15+0200,37293abf-bd75-40d9-81b7-896ff667771a,2026-05-31T03:15:00Z,2026-05-31T05:15:00+0200,3749.70996,MW,FR,FR,forecast_onshore_wind_generation,Wind Onshore,2026-06-13T21:03:52Z
2026-06-13T21:02:15Z,2026-06-13T23:02:15+0200,37293abf-bd75-40d9-81b7-896ff667771a,2026-05-31T03:30:00Z,2026-05-31T05:30:00+0200,3836.96973,MW,FR,FR,forecast_onshore_wind_generation,Wind Onshore,2026-06-13T21:03:52Z
2026-06-13T21:02:15Z,2026-06-13T23:02:15+0200,37293abf-bd75-40d9-81b7-896ff667771a,2026-05-31T03:45:00Z,2026-05-31T05:45:00+0200,3924.23022,MW,FR,FR,forecast_onshore_wind_generation,Wind Onshore,2026-06-13T21:03:52Z
2026-06-13T21:02:15Z,2026-06-13T23:02:15+0200,37293abf-bd75-40d9-81b7-896ff667771a,2026-05-31T04:00:00Z,2026-05-31T06:00:00+0200,4011.49023,MW,FR,FR,forecast_onshore_wind_generation,Wind Onshore,2026-06-13T21:03:52Z
2026-06-13T21:02:15Z,2026-06-13T23:02:15+0200,37293abf-bd75-40d9-81b7-896ff667771a,2026-05-31T04:15:00Z,2026-05-31T06:15:00+0200,3945.55981,MW,FR,FR,forecast_onshore_wind_generation,Wind Onshore,2026-06-13T21:03:52Z
2026-06-13T21:02:15Z,2026-06-13T23:02:15+0200,37293abf-bd75-40d9-81b7-896ff667771a,2026-05-31T04:30:00Z,2026-05-31T06:30:00+0200,3879.6499,MW,FR,FR,forecast_onshore_wind_generation,Wind Onshore,2026-06-13T21:03:52Z
2026-06-13T21:02:15Z,2026-06-13T23:02:15+0200,37293abf-bd75-40d9-81b7-896ff667771a,2026-05-31T04:45:00Z,2026-05-31T06:45:00+0200,3813.72998,MW,FR,FR,forecast_onshore_wind_generation,Wind Onshore,2026-06-13T21:03:52Z
2026-06-13T21:02:15Z,2026-06-13T23:02:15+0200,37293abf-bd75-40d9-81b7-896ff667771a,2026-05-31T05:00:00Z,2026-05-31T07:00:00+0200,3747.82983,MW,FR,FR,forecast_onshore_wind_generation,Wind Onshore,2026-06-13T21:03:52Z
2026-06-13T21:02:15Z,2026-06-13T23:02:15+0200,37293abf-bd75-40d9-81b7-896ff667771a,2026-05-31T05:15:00Z,2026-05-31T07:15:00+0200,3675.65015,MW,FR,FR,forecast_onshore_wind_generation,Wind Onshore,2026-06-13T21:03:52Z
2026-06-13T21:02:15Z,2026-06-13T23:02:15+0200,37293abf-bd75-40d9-81b7-896ff667771a,2026-05-31T05:30:00Z,2026-05-31T07:30:00+0200,3603.48999,MW,FR,FR,forecast_onshore_wind_generation,Wind Onshore,2026-06-13T21:03:52Z
2026-06-13T21:02:15Z,2026-06-13T23:02:15+0200,37293abf-bd75-40d9-81b7-896ff667771a,2026-05-31T05:45:00Z,2026-05-31T07:45:00+0200,3531.31982,MW,FR,FR,forecast_onshore_wind_generation,Wind Onshore,2026-06-13T21:03:52Z
2026-06-13T21:02:15Z,2026-06-13T23:02:15+0200,37293abf-bd75-40d9-81b7-896ff667771a,2026-05-31T06:00:00Z,2026-05-31T08:00:00+0200,3459.1499,MW,FR,FR,forecast_onshore_wind_generation,Wind Onshore,2026-06-13T21:03:52Z
2026-06-13T21:02:15Z,2026-06-13T23:02:15+0200,37293abf-bd75-40d9-81b7-896ff667771a,2026-05-31T06:15:00Z,2026-05-31T08:15:00+0200,3223.22998,MW,FR,FR,forecast_onshore_wind_generation,Wind Onshore,2026-06-13T21:03:52Z
2026-06-13T21:02:15Z,2026-06-13T23:02:15+0200,37293abf-bd75-40d9-81b7-896ff667771a,2026-05-31T06:30:00Z,2026-05-31T08:30:00+0200,2987.26001,MW,FR,FR,forecast_onshore_wind_generation,Wind Onshore,2026-06-13T21:03:52Z
2026-06-13T21:02:15Z,2026-06-13T23:02:15+0200,37293abf-bd75-40d9-81b7-896ff667771a,2026-05-31T06:45:00Z,2026-05-31T08:45:00+0200,2751.30005,MW,FR,FR,forecast_onshore_wind_generation,Wind Onshore,2026-06-13T21:03:52Z
2026-06-13T21:02:15Z,2026-06-13T23:02:15+0200,37293abf-bd75-40d9-81b7-896ff667771a,2026-05-31T07:00:00Z,2026-05-31T09:00:00+0200,2515.33984,MW,FR,FR,forecast_onshore_wind_generation,Wind Onshore,2026-06-13T21:03:52Z
2026-06-13T21:02:15Z,2026-06-13T23:02:15+0200,37293abf-bd75-40d9-81b7-896ff667771a,2026-05-31T07:15:00Z,2026-05-31T09:15:00+0200,2560.61011,MW,FR,FR,forecast_onshore_wind_generation,Wind Onshore,2026-06-13T21:03:52Z
2026-06-13T21:02:15Z,2026-06-13T23:02:15+0200,37293abf-bd75-40d9-81b7-896ff667771a,2026-05-31T07:30:00Z,2026-05-31T09:30:00+0200,2605.89014,MW,FR,FR,forecast_onshore_wind_generation,Wind Onshore,2026-06-13T21:03:52Z
2026-06-13T21:02:15Z,2026-06-13T23:02:15+0200,37293abf-bd75-40d9-81b7-896ff667771a,2026-05-31T07:45:00Z,2026-05-31T09:45:00+0200,2651.1499,MW,FR,FR,forecast_onshore_wind_generation,Wind Onshore,2026-06-13T21:03:52Z
2026-06-13T21:02:15Z,2026-06-13T23:02:15+0200,37293abf-bd75-40d9-81b7-896ff667771a,2026-05-31T08:00:00Z,2026-05-31T10:00:00+0200,2696.43994,MW,FR,FR,forecast_onshore_wind_generation,Wind Onshore,2026-06-13T21:03:52Z
2026-06-13T21:02:15Z,2026-06-13T23:02:15+0200,37293abf-bd75-40d9-81b7-896ff667771a,2026-05-31T08:15:00Z,2026-05-31T10:15:00+0200,2806.84009,MW,FR,FR,forecast_onshore_wind_generation,Wind Onshore,2026-06-13T21:03:52Z
2026-06-13T21:02:15Z,2026-06-13T23:02:15+0200,37293abf-bd75-40d9-81b7-896ff667771a,2026-05-31T08:30:00Z,2026-05-31T10:30:00+0200,2917.21997,MW,FR,FR,forecast_onshore_wind_generation,Wind Onshore,2026-06-13T21:03:52Z
2026-06-13T21:02:15Z,2026-06-13T23:02:15+0200,37293abf-bd75-40d9-81b7-896ff667771a,2026-05-31T08:45:00Z,2026-05-31T10:45:00+0200,3027.62012,MW,FR,FR,forecast_onshore_wind_generation,Wind Onshore,2026-06-13T21:03:52Z
2026-06-13T21:02:15Z,2026-06-13T23:02:15+0200,37293abf-bd75-40d9-81b7-896ff667771a,2026-05-31T09:00:00Z,2026-05-31T11:00:00+0200,3138.02002,MW,FR,FR,forecast_onshore_wind_generation,Wind Onshore,2026-06-13T21:03:52Z
2026-06-13T21:02:15Z,2026-06-13T23:02:15+0200,37293abf-bd75-40d9-81b7-896ff667771a,2026-05-31T09:15:00Z,2026-05-31T11:15:00+0200,3275.53003,MW,FR,FR,forecast_onshore_wind_generation,Wind Onshore,2026-06-13T21:03:52Z
2026-06-13T21:02:15Z,2026-06-13T23:02:15+0200,37293abf-bd75-40d9-81b7-896ff667771a,2026-05-31T09:30:00Z,2026-05-31T11:30:00+0200,3413.04004,MW,FR,FR,forecast_onshore_wind_generation,Wind Onshore,2026-06-13T21:03:52Z
2026-06-13T21:02:15Z,2026-06-13T23:02:15+0200,37293abf-bd75-40d9-81b7-896ff667771a,2026-05-31T09:45:00Z,2026-05-31T11:45:00+0200,3550.55005,MW,FR,FR,forecast_onshore_wind_generation,Wind Onshore,2026-06-13T21:03:52Z
2026-06-13T21:02:15Z,2026-06-13T23:02:15+0200,37293abf-bd75-40d9-81b7-896ff667771a,2026-05-31T10:00:00Z,2026-05-31T12:00:00+0200,3688.08008,MW,FR,FR,forecast_onshore_wind_generation,Wind Onshore,2026-06-13T21:03:52Z
2026-06-13T21:02:15Z,2026-06-13T23:02:15+0200,37293abf-bd75-40d9-81b7-896ff667771a,2026-05-31T10:15:00Z,2026-05-31T12:15:00+0200,3818.80103,MW,FR,FR,forecast_onshore_wind_generation,Wind Onshore,2026-06-13T21:03:52Z
2026-06-13T21:02:15Z,2026-06-13T23:02:15+0200,37293abf-bd75-40d9-81b7-896ff667771a,2026-05-31T10:30:00Z,2026-05-31T12:30:00+0200,2394.14014,MW,FR,FR,forecast_onshore_wind_generation,Wind Onshore,2026-06-13T21:03:52Z
2026-06-13T21:02:15Z,2026-06-13T23:02:15+0200,37293abf-bd75-40d9-81b7-896ff667771a,2026-05-31T10:45:00Z,2026-05-31T12:45:00+0200,2474.36865,MW,FR,FR,forecast_onshore_wind_generation,Wind Onshore,2026-06-13T21:03:52Z
2026-06-13T21:02:15Z,2026-06-13T23:02:15+0200,37293abf-bd75-40d9-81b7-896ff667771a,2026-05-31T11:00:00Z,2026-05-31T13:00:00+0200,2554.71802,MW,FR,FR,forecast_onshore_wind_generation,Wind Onshore,2026-06-13T21:03:52Z
2026-06-13T21:02:15Z,2026-06-13T23:02:15+0200,37293abf-bd75-40d9-81b7-896ff667771a,2026-05-31T11:15:00Z,2026-05-31T13:15:00+0200,2595.21045,MW,FR,FR,forecast_onshore_wind_generation,Wind Onshore,2026-06-13T21:03:52Z
2026-06-13T21:02:15Z,2026-06-13T23:02:15+0200,37293abf-bd75-40d9-81b7-896ff667771a,2026-05-31T11:30:00Z,2026-05-31T13:30:00+0200,2635.61792,MW,FR,FR,forecast_onshore_wind_generation,Wind Onshore,2026-06-13T21:03:52Z
2026-06-13T21:02:15Z,2026-06-13T23:02:15+0200,37293abf-bd75-40d9-81b7-896ff667771a,2026-05-31T11:45:00Z,2026-05-31T13:45:00+0200,2676.12134,MW,FR,FR,forecast_onshore_wind_generation,Wind Onshore,2026-06-13T21:03:52Z
2026-06-13T21:02:15Z,2026-06-13T23:02:15+0200,37293abf-bd75-40d9-81b7-896ff667771a,2026-05-31T12:00:00Z,2026-05-31T14:00:00+0200,2716.5813,MW,FR,FR,forecast_onshore_wind_generation,Wind Onshore,2026-06-13T21:03:52Z
2026-06-13T21:02:15Z,2026-06-13T23:02:15+0200,37293abf-bd75-40d9-81b7-896ff667771a,2026-05-31T12:15:00Z,2026-05-31T14:15:00+0200,2816.06885,MW,FR,FR,forecast_onshore_wind_generation,Wind Onshore,2026-06-13T21:03:52Z
2026-06-13T21:02:15Z,2026-06-13T23:02:15+0200,37293abf-bd75-40d9-81b7-896ff667771a,2026-05-31T12:30:00Z,2026-05-31T14:30:00+0200,2915.73096,MW,FR,FR,forecast_onshore_wind_generation,Wind Onshore,2026-06-13T21:03:52Z
2026-06-13T21:02:15Z,2026-06-13T23:02:15+0200,37293abf-bd75-40d9-81b7-896ff667771a,2026-05-31T12:45:00Z,2026-05-31T14:45:00+0200,3015.0498,MW,FR,FR,forecast_onshore_wind_generation,Wind Onshore,2026-06-13T21:03:52Z
2026-06-13T21:02:15Z,2026-06-13T23:02:15+0200,37293abf-bd75-40d9-81b7-896ff667771a,2026-05-31T13:00:00Z,2026-05-31T15:00:00+0200,3114.53955,MW,FR,FR,forecast_onshore_wind_generation,Wind Onshore,2026-06-13T21:03:52Z
2026-06-13T21:02:15Z,2026-06-13T23:02:15+0200,37293abf-bd75-40d9-81b7-896ff667771a,2026-05-31T13:15:00Z,2026-05-31T15:15:00+0200,3248.7002,MW,FR,FR,forecast_onshore_wind_generation,Wind Onshore,2026-06-13T21:03:52Z
2026-06-13T21:02:15Z,2026-06-13T23:02:15+0200,37293abf-bd75-40d9-81b7-896ff667771a,2026-05-31T13:30:00Z,2026-05-31T15:30:00+0200,5591.03857,MW,FR,FR,forecast_onshore_wind_generation,Wind Onshore,2026-06-13T21:03:52Z
2026-06-13T21:02:15Z,2026-06-13T23:02:15+0200,37293abf-bd75-40d9-81b7-896ff667771a,2026-05-31T13:45:00Z,2026-05-31T15:45:00+0200,5804.87793,MW,FR,FR,forecast_onshore_wind_generation,Wind Onshore,2026-06-13T21:03:52Z
2026-06-13T21:02:15Z,2026-06-13T23:02:15+0200,37293abf-bd75-40d9-81b7-896ff667771a,2026-05-31T14:00:00Z,2026-05-31T16:00:00+0200,3650.82324,MW,FR,FR,forecast_onshore_wind_generation,Wind Onshore,2026-06-13T21:03:52Z
2026-06-13T21:02:15Z,2026-06-13T23:02:15+0200,37293abf-bd75-40d9-81b7-896ff667771a,2026-05-31T14:15:00Z,2026-05-31T16:15:00+0200,3733.2793,MW,FR,FR,forecast_onshore_wind_generation,Wind Onshore,2026-06-13T21:03:52Z
2026-06-13T21:02:15Z,2026-06-13T23:02:15+0200,37293abf-bd75-40d9-81b7-896ff667771a,2026-05-31T14:30:00Z,2026-05-31T16:30:00+0200,3815.58789,MW,FR,FR,forecast_onshore_wind_generation,Wind Onshore,2026-06-13T21:03:52Z
2026-06-13T21:02:15Z,2026-06-13T23:02:15+0200,37293abf-bd75-40d9-81b7-896ff667771a,2026-05-31T14:45:00Z,2026-05-31T16:45:00+0200,3897.77832,MW,FR,FR,forecast_onshore_wind_generation,Wind Onshore,2026-06-13T21:03:52Z
2026-06-13T21:02:15Z,2026-06-13T23:02:15+0200,37293abf-bd75-40d9-81b7-896ff667771a,2026-05-31T15:00:00Z,2026-05-31T17:00:00+0200,3980.14746,MW,FR,FR,forecast_onshore_wind_generation,Wind Onshore,2026-06-13T21:03:52Z
2026-06-13T21:02:15Z,2026-06-13T23:02:15+0200,37293abf-bd75-40d9-81b7-896ff667771a,2026-05-31T15:15:00Z,2026-05-31T17:15:00+0200,3944.31372,MW,FR,FR,forecast_onshore_wind_generation,Wind Onshore,2026-06-13T21:03:52Z
2026-06-13T21:02:15Z,2026-06-13T23:02:15+0200,37293abf-bd75-40d9-81b7-896ff667771a,2026-05-31T15:30:00Z,2026-05-31T17:30:00+0200,3908.38184,MW,FR,FR,forecast_onshore_wind_generation,Wind Onshore,2026-06-13T21:03:52Z
2026-06-13T21:02:15Z,2026-06-13T23:02:15+0200,37293abf-bd75-40d9-81b7-896ff667771a,2026-05-31T15:45:00Z,2026-05-31T17:45:00+0200,6466.39941,MW,FR,FR,forecast_onshore_wind_generation,Wind Onshore,2026-06-13T21:03:52Z
2026-06-13T21:02:15Z,2026-06-13T23:02:15+0200,37293abf-bd75-40d9-81b7-896ff667771a,2026-05-31T16:00:00Z,2026-05-31T18:00:00+0200,6414.16016,MW,FR,FR,forecast_onshore_wind_generation,Wind Onshore,2026-06-13T21:03:52Z
2026-06-13T21:02:15Z,2026-06-13T23:02:15+0200,37293abf-bd75-40d9-81b7-896ff667771a,2026-05-31T16:15:00Z,2026-05-31T18:15:00+0200,6234.95996,MW,FR,FR,forecast_onshore_wind_generation,Wind Onshore,2026-06-13T21:03:52Z
2026-06-13T21:02:15Z,2026-06-13T23:02:15+0200,37293abf-bd75-40d9-81b7-896ff667771a,2026-05-31T16:30:00Z,2026-05-31T18:30:00+0200,6055.77002,MW,FR,FR,forecast_onshore_wind_generation,Wind Onshore,2026-06-13T21:03:52Z
2026-06-13T21:02:15Z,2026-06-13T23:02:15+0200,37293abf-bd75-40d9-81b7-896ff667771a,2026-05-31T16:45:00Z,2026-05-31T18:45:00+0200,5876.56006,MW,FR,FR,forecast_onshore_wind_generation,Wind Onshore,2026-06-13T21:03:52Z
2026-06-13T21:02:15Z,2026-06-13T23:02:15+0200,37293abf-bd75-40d9-81b7-896ff667771a,2026-05-31T17:00:00Z,2026-05-31T19:00:00+0200,5697.34033,MW,FR,FR,forecast_onshore_wind_generation,Wind Onshore,2026-06-13T21:03:52Z
2026-06-13T21:02:15Z,2026-06-13T23:02:15+0200,37293abf-bd75-40d9-81b7-896ff667771a,2026-05-31T17:15:00Z,2026-05-31T19:15:00+0200,5552.22998,MW,FR,FR,forecast_onshore_wind_generation,Wind Onshore,2026-06-13T21:03:52Z
2026-06-13T21:02:15Z,2026-06-13T23:02:15+0200,37293abf-bd75-40d9-81b7-896ff667771a,2026-05-31T17:30:00Z,2026-05-31T19:30:00+0200,5407.1001,MW,FR,FR,forecast_onshore_wind_generation,Wind Onshore,2026-06-13T21:03:52Z
2026-06-13T21:02:15Z,2026-06-13T23:02:15+0200,37293abf-bd75-40d9-81b7-896ff667771a,2026-05-31T17:45:00Z,2026-05-31T19:45:00+0200,5261.96973,MW,FR,FR,forecast_onshore_wind_generation,Wind Onshore,2026-06-13T21:03:52Z
2026-06-13T21:02:15Z,2026-06-13T23:02:15+0200,37293abf-bd75-40d9-81b7-896ff667771a,2026-05-31T18:00:00Z,2026-05-31T20:00:00+0200,5116.81982,MW,FR,FR,forecast_onshore_wind_generation,Wind Onshore,2026-06-13T21:03:52Z
2026-06-13T21:02:15Z,2026-06-13T23:02:15+0200,37293abf-bd75-40d9-81b7-896ff667771a,2026-05-31T18:15:00Z,2026-05-31T20:15:00+0200,4984.16992,MW,FR,FR,forecast_onshore_wind_generation,Wind Onshore,2026-06-13T21:03:52Z
2026-06-13T21:02:15Z,2026-06-13T23:02:15+0200,37293abf-bd75-40d9-81b7-896ff667771a,2026-05-31T18:30:00Z,2026-05-31T20:30:00+0200,4851.54004,MW,FR,FR,forecast_onshore_wind_generation,Wind Onshore,2026-06-13T21:03:52Z
2026-06-13T21:02:15Z,2026-06-13T23:02:15+0200,37293abf-bd75-40d9-81b7-896ff667771a,2026-05-31T18:45:00Z,2026-05-31T20:45:00+0200,4718.91016,MW,FR,FR,forecast_onshore_wind_generation,Wind Onshore,2026-06-13T21:03:52Z
2026-06-13T21:02:15Z,2026-06-13T23:02:15+0200,37293abf-bd75-40d9-81b7-896ff667771a,2026-05-31T19:00:00Z,2026-05-31T21:00:00+0200,4586.26025,MW,FR,FR,forecast_onshore_wind_generation,Wind Onshore,2026-06-13T21:03:52Z
2026-06-13T21:02:15Z,2026-06-13T23:02:15+0200,37293abf-bd75-40d9-81b7-896ff667771a,2026-05-31T19:15:00Z,2026-05-31T21:15:00+0200,4538.51025,MW,FR,FR,forecast_onshore_wind_generation,Wind Onshore,2026-06-13T21:03:52Z
2026-06-13T21:02:15Z,2026-06-13T23:02:15+0200,37293abf-bd75-40d9-81b7-896ff667771a,2026-05-31T19:30:00Z,2026-05-31T21:30:00+0200,4490.72998,MW,FR,FR,forecast_onshore_wind_generation,Wind Onshore,2026-06-13T21:03:52Z
2026-06-13T21:02:15Z,2026-06-13T23:02:15+0200,37293abf-bd75-40d9-81b7-896ff667771a,2026-05-31T19:45:00Z,2026-05-31T21:45:00+0200,4442.93018,MW,FR,FR,forecast_onshore_wind_generation,Wind Onshore,2026-06-13T21:03:52Z
2026-06-13T21:02:15Z,2026-06-13T23:02:15+0200,37293abf-bd75-40d9-81b7-896ff667771a,2026-05-31T20:00:00Z,2026-05-31T22:00:00+0200,4395.15039,MW,FR,FR,forecast_onshore_wind_generation,Wind Onshore,2026-06-13T21:03:52Z
2026-06-13T21:02:15Z,2026-06-13T23:02:15+0200,37293abf-bd75-40d9-81b7-896ff667771a,2026-05-31T20:15:00Z,2026-05-31T22:15:00+0200,4364.23047,MW,FR,FR,forecast_onshore_wind_generation,Wind Onshore,2026-06-13T21:03:52Z
2026-06-13T21:02:15Z,2026-06-13T23:02:15+0200,37293abf-bd75-40d9-81b7-896ff667771a,2026-05-31T20:30:00Z,2026-05-31T22:30:00+0200,4333.29004,MW,FR,FR,forecast_onshore_wind_generation,Wind Onshore,2026-06-13T21:03:52Z
2026-06-13T21:02:15Z,2026-06-13T23:02:15+0200,37293abf-bd75-40d9-81b7-896ff667771a,2026-05-31T20:45:00Z,2026-05-31T22:45:00+0200,4302.41992,MW,FR,FR,forecast_onshore_wind_generation,Wind Onshore,2026-06-13T21:03:52Z
2026-06-13T21:02:15Z,2026-06-13T23:02:15+0200,37293abf-bd75-40d9-81b7-896ff667771a,2026-05-31T21:00:00Z,2026-05-31T23:00:00+0200,4271.54004,MW,FR,FR,forecast_onshore_wind_generation,Wind Onshore,2026-06-13T21:03:52Z
2026-06-13T21:02:15Z,2026-06-13T23:02:15+0200,37293abf-bd75-40d9-81b7-896ff667771a,2026-05-31T21:15:00Z,2026-05-31T23:15:00+0200,4254.87988,MW,FR,FR,forecast_onshore_wind_generation,Wind Onshore,2026-06-13T21:03:52Z
2026-06-13T21:02:15Z,2026-06-13T23:02:15+0200,37293abf-bd75-40d9-81b7-896ff667771a,2026-05-31T21:30:00Z,2026-05-31T23:30:00+0200,4238.22021,MW,FR,FR,forecast_onshore_wind_generation,Wind Onshore,2026-06-13T21:03:52Z
2026-06-13T21:02:15Z,2026-06-13T23:02:15+0200,37293abf-bd75-40d9-81b7-896ff667771a,2026-05-31T21:45:00Z,2026-05-31T23:45:00+0200,4221.52979,MW,FR,FR,forecast_onshore_wind_generation,Wind Onshore,2026-06-13T21:03:52Z
2026-06-13T21:02:15Z,2026-06-13T23:02:15+0200,37293abf-bd75-40d9-81b7-896ff667771a,2026-05-31T22:00:00Z,2026-06-01T00:00:00+0200,3804.05981,MW,FR,FR,forecast_onshore_wind_generation,Wind Onshore,2026-06-13T21:03:52Z
2026-06-13T21:02:15Z,2026-06-13T23:02:15+0200,37293abf-bd75-40d9-81b7-896ff667771a,2026-05-31T22:15:00Z,2026-06-01T00:15:00+0200,3754.84033,MW,FR,FR,forecast_onshore_wind_generation,Wind Onshore,2026-06-13T21:03:52Z
2026-06-13T21:02:15Z,2026-06-13T23:02:15+0200,37293abf-bd75-40d9-81b7-896ff667771a,2026-05-31T22:30:00Z,2026-06-01T00:30:00+0200,3705.65991,MW,FR,FR,forecast_onshore_wind_generation,Wind Onshore,2026-06-13T21:03:52Z
2026-06-13T21:02:15Z,2026-06-13T23:02:15+0200,37293abf-bd75-40d9-81b7-896ff667771a,2026-05-31T22:45:00Z,2026-06-01T00:45:00+0200,3656.59985,MW,FR,FR,forecast_onshore_wind_generation,Wind Onshore,2026-06-13T21:03:52Z
2026-06-13T21:02:15Z,2026-06-13T23:02:15+0200,37293abf-bd75-40d9-81b7-896ff667771a,2026-05-31T23:00:00Z,2026-06-01T01:00:00+0200,3608.2002,MW,FR,FR,forecast_onshore_wind_generation,Wind Onshore,2026-06-13T21:03:52Z
2026-06-13T21:02:15Z,2026-06-13T23:02:15+0200,37293abf-bd75-40d9-81b7-896ff667771a,2026-05-31T23:15:00Z,2026-06-01T01:15:00+0200,3545.68018,MW,FR,FR,forecast_onshore_wind_generation,Wind Onshore,2026-06-13T21:03:52Z
2026-06-13T21:02:15Z,2026-06-13T23:02:15+0200,37293abf-bd75-40d9-81b7-896ff667771a,2026-05-31T23:30:00Z,2026-06-01T01:30:00+0200,3483.58984,MW,FR,FR,forecast_onshore_wind_generation,Wind Onshore,2026-06-13T21:03:52Z
2026-06-13T21:02:15Z,2026-06-13T23:02:15+0200,37293abf-bd75-40d9-81b7-896ff667771a,2026-05-31T23:45:00Z,2026-06-01T01:45:00+0200,3421.81006,MW,FR,FR,forecast_onshore_wind_generation,Wind Onshore,2026-06-13T21:03:52Z
2026-06-13T21:02:15Z,2026-06-13T23:02:15+0200,37293abf-bd75-40d9-81b7-896ff667771a,2026-06-01T00:00:00Z,2026-06-01T02:00:00+0200,3360.27002,MW,FR,FR,forecast_onshore_wind_generation,Wind Onshore,2026-06-13T21:03:52Z
2026-06-13T21:02:15Z,2026-06-13T23:02:15+0200,37293abf-bd75-40d9-81b7-896ff667771a,2026-06-01T00:15:00Z,2026-06-01T02:15:00+0200,3307.72021,MW,FR,FR,forecast_onshore_wind_generation,Wind Onshore,2026-06-13T21:03:52Z
2026-06-13T21:02:15Z,2026-06-13T23:02:15+0200,37293abf-bd75-40d9-81b7-896ff667771a,2026-06-01T00:30:00Z,2026-06-01T02:30:00+0200,3255.31006,MW,FR,FR,forecast_onshore_wind_generation,Wind Onshore,2026-06-13T21:03:52Z
2026-06-13T21:02:15Z,2026-06-13T23:02:15+0200,37293abf-bd75-40d9-81b7-896ff667771a,2026-06-01T00:45:00Z,2026-06-01T02:45:00+0200,3203.21997,MW,FR,FR,forecast_onshore_wind_generation,Wind Onshore,2026-06-13T21:03:52Z
2026-06-13T21:02:15Z,2026-06-13T23:02:15+0200,37293abf-bd75-40d9-81b7-896ff667771a,2026-06-01T01:00:00Z,2026-06-01T03:00:00+0200,3151.14014,MW,FR,FR,forecast_onshore_wind_generation,Wind Onshore,2026-06-13T21:03:52Z
2026-06-13T21:02:15Z,2026-06-13T23:02:15+0200,37293abf-bd75-40d9-81b7-896ff667771a,2026-06-01T01:15:00Z,2026-06-01T03:15:00+0200,3082.84985,MW,FR,FR,forecast_onshore_wind_generation,Wind Onshore,2026-06-13T21:03:52Z
2026-06-13T21:02:15Z,2026-06-13T23:02:15+0200,37293abf-bd75-40d9-81b7-896ff667771a,2026-06-01T01:30:00Z,2026-06-01T03:30:00+0200,3014.58008,MW,FR,FR,forecast_onshore_wind_generation,Wind Onshore,2026-06-13T21:03:52Z
2026-06-13T21:02:15Z,2026-06-13T23:02:15+0200,37293abf-bd75-40d9-81b7-896ff667771a,2026-06-01T01:45:00Z,2026-06-01T03:45:00+0200,2946.37988,MW,FR,FR,forecast_onshore_wind_generation,Wind Onshore,2026-06-13T21:03:52Z
2026-06-13T21:02:15Z,2026-06-13T23:02:15+0200,37293abf-bd75-40d9-81b7-896ff667771a,2026-06-01T02:00:00Z,2026-06-01T04:00:00+0200,2878.17993,MW,FR,FR,forecast_onshore_wind_generation,Wind Onshore,2026-06-13T21:03:52Z
2026-06-13T21:02:15Z,2026-06-13T23:02:15+0200,37293abf-bd75-40d9-81b7-896ff667771a,2026-06-01T02:15:00Z,2026-06-01T04:15:00+0200,2788.07007,MW,FR,FR,forecast_onshore_wind_generation,Wind Onshore,2026-06-13T21:03:52Z
2026-06-13T21:02:15Z,2026-06-13T23:02:15+0200,37293abf-bd75-40d9-81b7-896ff667771a,2026-06-01T02:30:00Z,2026-06-01T04:30:00+0200,2698.0,MW,FR,FR,forecast_onshore_wind_generation,Wind Onshore,2026-06-13T21:03:52Z
2026-06-13T21:02:15Z,2026-06-13T23:02:15+0200,37293abf-bd75-40d9-81b7-896ff667771a,2026-06-01T02:45:00Z,2026-06-01T04:45:00+0200,2607.80981,MW,FR,FR,forecast_onshore_wind_generation,Wind Onshore,2026-06-13T21:03:52Z
2026-06-13T21:02:15Z,2026-06-13T23:02:15+0200,37293abf-bd75-40d9-81b7-896ff667771a,2026-06-01T03:00:00Z,2026-06-01T05:00:00+0200,2517.6499,MW,FR,FR,forecast_onshore_wind_generation,Wind Onshore,2026-06-13T21:03:52Z
2026-06-13T21:02:15Z,2026-06-13T23:02:15+0200,37293abf-bd75-40d9-81b7-896ff667771a,2026-06-01T03:15:00Z,2026-06-01T05:15:00+0200,2441.7002,MW,FR,FR,forecast_onshore_wind_generation,Wind Onshore,2026-06-13T21:03:52Z
2026-06-13T21:02:15Z,2026-06-13T23:02:15+0200,37293abf-bd75-40d9-81b7-896ff667771a,2026-06-01T03:30:00Z,2026-06-01T05:30:00+0200,2365.86011,MW,FR,FR,forecast_onshore_wind_generation,Wind Onshore,2026-06-13T21:03:52Z
2026-06-13T21:02:15Z,2026-06-13T23:02:15+0200,37293abf-bd75-40d9-81b7-896ff667771a,2026-06-01T03:45:00Z,2026-06-01T05:45:00+0200,2289.82007,MW,FR,FR,forecast_onshore_wind_generation,Wind Onshore,2026-06-13T21:03:52Z
2026-06-13T21:02:15Z,2026-06-13T23:02:15+0200,37293abf-bd75-40d9-81b7-896ff667771a,2026-06-01T04:00:00Z,2026-06-01T06:00:00+0200,2213.88013,MW,FR,FR,forecast_onshore_wind_generation,Wind Onshore,2026-06-13T21:03:52Z
2026-06-13T21:02:15Z,2026-06-13T23:02:15+0200,37293abf-bd75-40d9-81b7-896ff667771a,2026-06-01T04:15:00Z,2026-06-01T06:15:00+0200,2130.6499,MW,FR,FR,forecast_onshore_wind_generation,Wind Onshore,2026-06-13T21:03:52Z
2026-06-13T21:02:15Z,2026-06-13T23:02:15+0200,37293abf-bd75-40d9-81b7-896ff667771a,2026-06-01T04:30:00Z,2026-06-01T06:30:00+0200,2047.44995,MW,FR,FR,forecast_onshore_wind_generation,Wind Onshore,2026-06-13T21:03:52Z
2026-06-13T21:02:15Z,2026-06-13T23:02:15+0200,37293abf-bd75-40d9-81b7-896ff667771a,2026-06-01T04:45:00Z,2026-06-01T06:45:00+0200,1964.19006,MW,FR,FR,forecast_onshore_wind_generation,Wind Onshore,2026-06-13T21:03:52Z
2026-06-13T21:02:15Z,2026-06-13T23:02:15+0200,37293abf-bd75-40d9-81b7-896ff667771a,2026-06-01T05:00:00Z,2026-06-01T07:00:00+0200,1880.93005,MW,FR,FR,forecast_onshore_wind_generation,Wind Onshore,2026-06-13T21:03:52Z
2026-06-13T21:02:15Z,2026-06-13T23:02:15+0200,37293abf-bd75-40d9-81b7-896ff667771a,2026-06-01T05:15:00Z,2026-06-01T07:15:00+0200,1720.98999,MW,FR,FR,forecast_onshore_wind_generation,Wind Onshore,2026-06-13T21:03:52Z
2026-06-13T21:02:15Z,2026-06-13T23:02:15+0200,37293abf-bd75-40d9-81b7-896ff667771a,2026-06-01T05:30:00Z,2026-06-01T07:30:00+0200,1561.08008,MW,FR,FR,forecast_onshore_wind_generation,Wind Onshore,2026-06-13T21:03:52Z
2026-06-13T21:02:15Z,2026-06-13T23:02:15+0200,37293abf-bd75-40d9-81b7-896ff667771a,2026-06-01T05:45:00Z,2026-06-01T07:45:00+0200,1401.31995,MW,FR,FR,forecast_onshore_wind_generation,Wind Onshore,2026-06-13T21:03:52Z
2026-06-13T21:02:15Z,2026-06-13T23:02:15+0200,37293abf-bd75-40d9-81b7-896ff667771a,2026-06-01T06:00:00Z,2026-06-01T08:00:00+0200,1241.88,MW,FR,FR,forecast_onshore_wind_generation,Wind Onshore,2026-06-13T21:03:52Z
2026-06-13T21:02:15Z,2026-06-13T23:02:15+0200,37293abf-bd75-40d9-81b7-896ff667771a,2026-06-01T06:15:00Z,2026-06-01T08:15:00+0200,1167.83997,MW,FR,FR,forecast_onshore_wind_generation,Wind Onshore,2026-06-13T21:03:52Z
2026-06-13T21:02:15Z,2026-06-13T23:02:15+0200,37293abf-bd75-40d9-81b7-896ff667771a,2026-06-01T06:30:00Z,2026-06-01T08:30:00+0200,1093.88,MW,FR,FR,forecast_onshore_wind_generation,Wind Onshore,2026-06-13T21:03:52Z
2026-06-13T21:02:15Z,2026-06-13T23:02:15+0200,37293abf-bd75-40d9-81b7-896ff667771a,2026-06-01T06:45:00Z,2026-06-01T08:45:00+0200,1019.92993,MW,FR,FR,forecast_onshore_wind_generation,Wind Onshore,2026-06-13T21:03:52Z
2026-06-13T21:02:15Z,2026-06-13T23:02:15+0200,37293abf-bd75-40d9-81b7-896ff667771a,2026-06-01T07:00:00Z,2026-06-01T09:00:00+0200,946.75,MW,FR,FR,forecast_onshore_wind_generation,Wind Onshore,2026-06-13T21:03:52Z
2026-06-13T21:02:15Z,2026-06-13T23:02:15+0200,37293abf-bd75-40d9-81b7-896ff667771a,2026-06-01T07:15:00Z,2026-06-01T09:15:00+0200,972.55994,MW,FR,FR,forecast_onshore_wind_generation,Wind Onshore,2026-06-13T21:03:52Z
2026-06-13T21:02:15Z,2026-06-13T23:02:15+0200,37293abf-bd75-40d9-81b7-896ff667771a,2026-06-01T07:30:00Z,2026-06-01T09:30:00+0200,998.56995,MW,FR,FR,forecast_onshore_wind_generation,Wind Onshore,2026-06-13T21:03:52Z
2026-06-13T21:02:15Z,2026-06-13T23:02:15+0200,37293abf-bd75-40d9-81b7-896ff667771a,2026-06-01T07:45:00Z,2026-06-01T09:45:00+0200,1024.68005,MW,FR,FR,forecast_onshore_wind_generation,Wind Onshore,2026-06-13T21:03:52Z
2026-06-13T21:02:15Z,2026-06-13T23:02:15+0200,37293abf-bd75-40d9-81b7-896ff667771a,2026-06-01T08:00:00Z,2026-06-01T10:00:00+0200,1050.92004,MW,FR,FR,forecast_onshore_wind_generation,Wind Onshore,2026-06-13T21:03:52Z
2026-06-13T21:02:15Z,2026-06-13T23:02:15+0200,37293abf-bd75-40d9-81b7-896ff667771a,2026-06-01T08:15:00Z,2026-06-01T10:15:00+0200,1064.66003,MW,FR,FR,forecast_onshore_wind_generation,Wind Onshore,2026-06-13T21:03:52Z
2026-06-13T21:02:15Z,2026-06-13T23:02:15+0200,37293abf-bd75-40d9-81b7-896ff667771a,2026-06-01T08:30:00Z,2026-06-01T10:30:00+0200,1078.69995,MW,FR,FR,forecast_onshore_wind_generation,Wind Onshore,2026-06-13T21:03:52Z
2026-06-13T21:02:15Z,2026-06-13T23:02:15+0200,37293abf-bd75-40d9-81b7-896ff667771a,2026-06-01T08:45:00Z,2026-06-01T10:45:00+0200,1092.76001,MW,FR,FR,forecast_onshore_wind_generation,Wind Onshore,2026-06-13T21:03:52Z
2026-06-13T21:02:15Z,2026-06-13T23:02:15+0200,37293abf-bd75-40d9-81b7-896ff667771a,2026-06-01T09:00:00Z,2026-06-01T11:00:00+0200,1106.84998,MW,FR,FR,forecast_onshore_wind_generation,Wind Onshore,2026-06-13T21:03:52Z
2026-06-13T21:02:15Z,2026-06-13T23:02:15+0200,37293abf-bd75-40d9-81b7-896ff667771a,2026-06-01T09:15:00Z,2026-06-01T11:15:00+0200,1116.35999,MW,FR,FR,forecast_onshore_wind_generation,Wind Onshore,2026-06-13T21:03:52Z
2026-06-13T21:02:15Z,2026-06-13T23:02:15+0200,37293abf-bd75-40d9-81b7-896ff667771a,2026-06-01T09:30:00Z,2026-06-01T11:30:00+0200,1126.04004,MW,FR,FR,forecast_onshore_wind_generation,Wind Onshore,2026-06-13T21:03:52Z
2026-06-13T21:02:15Z,2026-06-13T23:02:15+0200,37293abf-bd75-40d9-81b7-896ff667771a,2026-06-01T09:45:00Z,2026-06-01T11:45:00+0200,1135.86011,MW,FR,FR,forecast_onshore_wind_generation,Wind Onshore,2026-06-13T21:03:52Z
2026-06-13T21:02:15Z,2026-06-13T23:02:15+0200,37293abf-bd75-40d9-81b7-896ff667771a,2026-06-01T10:00:00Z,2026-06-01T12:00:00+0200,1145.70996,MW,FR,FR,forecast_onshore_wind_generation,Wind Onshore,2026-06-13T21:03:52Z
2026-06-13T21:02:15Z,2026-06-13T23:02:15+0200,37293abf-bd75-40d9-81b7-896ff667771a,2026-06-01T10:15:00Z,2026-06-01T12:15:00+0200,1156.54004,MW,FR,FR,forecast_onshore_wind_generation,Wind Onshore,2026-06-13T21:03:52Z
2026-06-13T21:02:15Z,2026-06-13T23:02:15+0200,37293abf-bd75-40d9-81b7-896ff667771a,2026-06-01T10:30:00Z,2026-06-01T12:30:00+0200,1167.46997,MW,FR,FR,forecast_onshore_wind_generation,Wind Onshore,2026-06-13T21:03:52Z
2026-06-13T21:02:15Z,2026-06-13T23:02:15+0200,37293abf-bd75-40d9-81b7-896ff667771a,2026-06-01T10:45:00Z,2026-06-01T12:45:00+0200,1178.45007,MW,FR,FR,forecast_onshore_wind_generation,Wind Onshore,2026-06-13T21:03:52Z
2026-06-13T21:02:15Z,2026-06-13T23:02:15+0200,37293abf-bd75-40d9-81b7-896ff667771a,2026-06-01T11:00:00Z,2026-06-01T13:00:00+0200,1189.51001,MW,FR,FR,forecast_onshore_wind_generation,Wind Onshore,2026-06-13T21:03:52Z
2026-06-13T21:02:15Z,2026-06-13T23:02:15+0200,37293abf-bd75-40d9-81b7-896ff667771a,2026-06-01T11:15:00Z,2026-06-01T13:15:00+0200,1191.18994,MW,FR,FR,forecast_onshore_wind_generation,Wind Onshore,2026-06-13T21:03:52Z
2026-06-13T21:02:15Z,2026-06-13T23:02:15+0200,37293abf-bd75-40d9-81b7-896ff667771a,2026-06-01T11:30:00Z,2026-06-01T13:30:00+0200,1192.91003,MW,FR,FR,forecast_onshore_wind_generation,Wind Onshore,2026-06-13T21:03:52Z
2026-06-13T21:02:15Z,2026-06-13T23:02:15+0200,37293abf-bd75-40d9-81b7-896ff667771a,2026-06-01T11:45:00Z,2026-06-01T13:45:00+0200,1194.65002,MW,FR,FR,forecast_onshore_wind_generation,Wind Onshore,2026-06-13T21:03:52Z
2026-06-13T21:02:15Z,2026-06-13T23:02:15+0200,37293abf-bd75-40d9-81b7-896ff667771a,2026-06-01T12:00:00Z,2026-06-01T14:00:00+0200,1196.45007,MW,FR,FR,forecast_onshore_wind_generation,Wind Onshore,2026-06-13T21:03:52Z
2026-06-13T21:02:15Z,2026-06-13T23:02:15+0200,37293abf-bd75-40d9-81b7-896ff667771a,2026-06-01T12:15:00Z,2026-06-01T14:15:00+0200,1212.56995,MW,FR,FR,forecast_onshore_wind_generation,Wind Onshore,2026-06-13T21:03:52Z
2026-06-13T21:02:15Z,2026-06-13T23:02:15+0200,37293abf-bd75-40d9-81b7-896ff667771a,2026-06-01T12:30:00Z,2026-06-01T14:30:00+0200,1228.69995,MW,FR,FR,forecast_onshore_wind_generation,Wind Onshore,2026-06-13T21:03:52Z
2026-06-13T21:02:15Z,2026-06-13T23:02:15+0200,37293abf-bd75-40d9-81b7-896ff667771a,2026-06-01T12:45:00Z,2026-06-01T14:45:00+0200,1244.91992,MW,FR,FR,forecast_onshore_wind_generation,Wind Onshore,2026-06-13T21:03:52Z
2026-06-13T21:02:15Z,2026-06-13T23:02:15+0200,37293abf-bd75-40d9-81b7-896ff667771a,2026-06-01T13:00:00Z,2026-06-01T15:00:00+0200,1261.17004,MW,FR,FR,forecast_onshore_wind_generation,Wind Onshore,2026-06-13T21:03:52Z
2026-06-13T21:02:15Z,2026-06-13T23:02:15+0200,37293abf-bd75-40d9-81b7-896ff667771a,2026-06-01T13:15:00Z,2026-06-01T15:15:00+0200,1281.75,MW,FR,FR,forecast_onshore_wind_generation,Wind Onshore,2026-06-13T21:03:52Z
2026-06-13T21:02:15Z,2026-06-13T23:02:15+0200,37293abf-bd75-40d9-81b7-896ff667771a,2026-06-01T13:30:00Z,2026-06-01T15:30:00+0200,1302.48999,MW,FR,FR,forecast_onshore_wind_generation,Wind Onshore,2026-06-13T21:03:52Z
2026-06-13T21:02:15Z,2026-06-13T23:02:15+0200,37293abf-bd75-40d9-81b7-896ff667771a,2026-06-01T13:45:00Z,2026-06-01T15:45:00+0200,1323.46997,MW,FR,FR,forecast_onshore_wind_generation,Wind Onshore,2026-06-13T21:03:52Z
2026-06-13T21:02:15Z,2026-06-13T23:02:15+0200,37293abf-bd75-40d9-81b7-896ff667771a,2026-06-01T14:00:00Z,2026-06-01T16:00:00+0200,1344.47998,MW,FR,FR,forecast_onshore_wind_generation,Wind Onshore,2026-06-13T21:03:52Z
2026-06-13T21:02:15Z,2026-06-13T23:02:15+0200,37293abf-bd75-40d9-81b7-896ff667771a,2026-06-01T14:15:00Z,2026-06-01T16:15:00+0200,1384.91992,MW,FR,FR,forecast_onshore_wind_generation,Wind Onshore,2026-06-13T21:03:52Z
2026-06-13T21:02:15Z,2026-06-13T23:02:15+0200,37293abf-bd75-40d9-81b7-896ff667771a,2026-06-01T14:30:00Z,2026-06-01T16:30:00+0200,1425.34998,MW,FR,FR,forecast_onshore_wind_generation,Wind Onshore,2026-06-13T21:03:52Z
2026-06-13T21:02:15Z,2026-06-13T23:02:15+0200,37293abf-bd75-40d9-81b7-896ff667771a,2026-06-01T14:45:00Z,2026-06-01T16:45:00+0200,1466.05005,MW,FR,FR,forecast_onshore_wind_generation,Wind Onshore,2026-06-13T21:03:52Z
2026-06-13T21:02:15Z,2026-06-13T23:02:15+0200,37293abf-bd75-40d9-81b7-896ff667771a,2026-06-01T15:00:00Z,2026-06-01T17:00:00+0200,1506.82996,MW,FR,FR,forecast_onshore_wind_generation,Wind Onshore,2026-06-13T21:03:52Z
2026-06-13T21:02:15Z,2026-06-13T23:02:15+0200,37293abf-bd75-40d9-81b7-896ff667771a,2026-06-01T15:15:00Z,2026-06-01T17:15:00+0200,1528.88,MW,FR,FR,forecast_onshore_wind_generation,Wind Onshore,2026-06-13T21:03:52Z
2026-06-13T21:02:15Z,2026-06-13T23:02:15+0200,37293abf-bd75-40d9-81b7-896ff667771a,2026-06-01T15:30:00Z,2026-06-01T17:30:00+0200,1551.0,MW,FR,FR,forecast_onshore_wind_generation,Wind Onshore,2026-06-13T21:03:52Z
2026-06-13T21:02:15Z,2026-06-13T23:02:15+0200,37293abf-bd75-40d9-81b7-896ff667771a,2026-06-01T15:45:00Z,2026-06-01T17:45:00+0200,1573.45007,MW,FR,FR,forecast_onshore_wind_generation,Wind Onshore,2026-06-13T21:03:52Z
2026-06-13T21:02:15Z,2026-06-13T23:02:15+0200,37293abf-bd75-40d9-81b7-896ff667771a,2026-06-01T16:00:00Z,2026-06-01T18:00:00+0200,1596.12,MW,FR,FR,forecast_onshore_wind_generation,Wind Onshore,2026-06-13T21:03:52Z
2026-06-13T21:02:15Z,2026-06-13T23:02:15+0200,37293abf-bd75-40d9-81b7-896ff667771a,2026-06-01T16:15:00Z,2026-06-01T18:15:00+0200,1605.17004,MW,FR,FR,forecast_onshore_wind_generation,Wind Onshore,2026-06-13T21:03:52Z
2026-06-13T21:02:15Z,2026-06-13T23:02:15+0200,37293abf-bd75-40d9-81b7-896ff667771a,2026-06-01T16:30:00Z,2026-06-01T18:30:00+0200,1614.38,MW,FR,FR,forecast_onshore_wind_generation,Wind Onshore,2026-06-13T21:03:52Z
2026-06-13T21:02:15Z,2026-06-13T23:02:15+0200,37293abf-bd75-40d9-81b7-896ff667771a,2026-06-01T16:45:00Z,2026-06-01T18:45:00+0200,1623.62,MW,FR,FR,forecast_onshore_wind_generation,Wind Onshore,2026-06-13T21:03:52Z
2026-06-13T21:02:15Z,2026-06-13T23:02:15+0200,37293abf-bd75-40d9-81b7-896ff667771a,2026-06-01T17:00:00Z,2026-06-01T19:00:00+0200,1633.29004,MW,FR,FR,forecast_onshore_wind_generation,Wind Onshore,2026-06-13T21:03:52Z
2026-06-13T21:02:15Z,2026-06-13T23:02:15+0200,37293abf-bd75-40d9-81b7-896ff667771a,2026-06-01T17:15:00Z,2026-06-01T19:15:00+0200,1634.17993,MW,FR,FR,forecast_onshore_wind_generation,Wind Onshore,2026-06-13T21:03:52Z
2026-06-13T21:02:15Z,2026-06-13T23:02:15+0200,37293abf-bd75-40d9-81b7-896ff667771a,2026-06-01T17:30:00Z,2026-06-01T19:30:00+0200,1635.16992,MW,FR,FR,forecast_onshore_wind_generation,Wind Onshore,2026-06-13T21:03:52Z
2026-06-13T21:02:15Z,2026-06-13T23:02:15+0200,37293abf-bd75-40d9-81b7-896ff667771a,2026-06-01T17:45:00Z,2026-06-01T19:45:00+0200,1636.04004,MW,FR,FR,forecast_onshore_wind_generation,Wind Onshore,2026-06-13T21:03:52Z
2026-06-13T21:02:15Z,2026-06-13T23:02:15+0200,37293abf-bd75-40d9-81b7-896ff667771a,2026-06-01T18:00:00Z,2026-06-01T20:00:00+0200,1637.25,MW,FR,FR,forecast_onshore_wind_generation,Wind Onshore,2026-06-13T21:03:52Z
2026-06-13T21:02:15Z,2026-06-13T23:02:15+0200,37293abf-bd75-40d9-81b7-896ff667771a,2026-06-01T18:15:00Z,2026-06-01T20:15:00+0200,1647.82007,MW,FR,FR,forecast_onshore_wind_generation,Wind Onshore,2026-06-13T21:03:52Z
2026-06-13T21:02:15Z,2026-06-13T23:02:15+0200,37293abf-bd75-40d9-81b7-896ff667771a,2026-06-01T18:30:00Z,2026-06-01T20:30:00+0200,1658.52002,MW,FR,FR,forecast_onshore_wind_generation,Wind Onshore,2026-06-13T21:03:52Z
2026-06-13T21:02:15Z,2026-06-13T23:02:15+0200,37293abf-bd75-40d9-81b7-896ff667771a,2026-06-01T18:45:00Z,2026-06-01T20:45:00+0200,1669.14001,MW,FR,FR,forecast_onshore_wind_generation,Wind Onshore,2026-06-13T21:03:52Z
2026-06-13T21:02:15Z,2026-06-13T23:02:15+0200,37293abf-bd75-40d9-81b7-896ff667771a,2026-06-01T19:00:00Z,2026-06-01T21:00:00+0200,1680.06006,MW,FR,FR,forecast_onshore_wind_generation,Wind Onshore,2026-06-13T21:03:52Z
2026-06-13T21:02:15Z,2026-06-13T23:02:15+0200,37293abf-bd75-40d9-81b7-896ff667771a,2026-06-01T19:15:00Z,2026-06-01T21:15:00+0200,1721.06006,MW,FR,FR,forecast_onshore_wind_generation,Wind Onshore,2026-06-13T21:03:52Z
2026-06-13T21:02:15Z,2026-06-13T23:02:15+0200,37293abf-bd75-40d9-81b7-896ff667771a,2026-06-01T19:30:00Z,2026-06-01T21:30:00+0200,1762.77014,MW,FR,FR,forecast_onshore_wind_generation,Wind Onshore,2026-06-13T21:03:52Z
2026-06-13T21:02:15Z,2026-06-13T23:02:15+0200,37293abf-bd75-40d9-81b7-896ff667771a,2026-06-01T19:45:00Z,2026-06-01T21:45:00+0200,1804.81995,MW,FR,FR,forecast_onshore_wind_generation,Wind Onshore,2026-06-13T21:03:52Z
2026-06-13T21:02:15Z,2026-06-13T23:02:15+0200,37293abf-bd75-40d9-81b7-896ff667771a,2026-06-01T20:00:00Z,2026-06-01T22:00:00+0200,1847.31006,MW,FR,FR,forecast_onshore_wind_generation,Wind Onshore,2026-06-13T21:03:52Z
2026-06-13T21:02:15Z,2026-06-13T23:02:15+0200,37293abf-bd75-40d9-81b7-896ff667771a,2026-06-01T20:15:00Z,2026-06-01T22:15:00+0200,1897.91992,MW,FR,FR,forecast_onshore_wind_generation,Wind Onshore,2026-06-13T21:03:52Z
2026-06-13T21:02:15Z,2026-06-13T23:02:15+0200,37293abf-bd75-40d9-81b7-896ff667771a,2026-06-01T20:30:00Z,2026-06-01T22:30:00+0200,1948.65002,MW,FR,FR,forecast_onshore_wind_generation,Wind Onshore,2026-06-13T21:03:52Z
2026-06-13T21:02:15Z,2026-06-13T23:02:15+0200,37293abf-bd75-40d9-81b7-896ff667771a,2026-06-01T20:45:00Z,2026-06-01T22:45:00+0200,1999.77002,MW,FR,FR,forecast_onshore_wind_generation,Wind Onshore,2026-06-13T21:03:52Z
2026-06-13T21:02:15Z,2026-06-13T23:02:15+0200,37293abf-bd75-40d9-81b7-896ff667771a,2026-06-01T21:00:00Z,2026-06-01T23:00:00+0200,2052.1499,MW,FR,FR,forecast_onshore_wind_generation,Wind Onshore,2026-06-13T21:03:52Z
2026-06-13T21:02:15Z,2026-06-13T23:02:15+0200,37293abf-bd75-40d9-81b7-896ff667771a,2026-06-01T21:15:00Z,2026-06-01T23:15:00+0200,2109.77002,MW,FR,FR,forecast_onshore_wind_generation,Wind Onshore,2026-06-13T21:03:52Z
2026-06-13T21:02:15Z,2026-06-13T23:02:15+0200,37293abf-bd75-40d9-81b7-896ff667771a,2026-06-01T21:30:00Z,2026-06-01T23:30:00+0200,2167.91016,MW,FR,FR,forecast_onshore_wind_generation,Wind Onshore,2026-06-13T21:03:52Z
2026-06-13T21:02:15Z,2026-06-13T23:02:15+0200,37293abf-bd75-40d9-81b7-896ff667771a,2026-06-01T21:45:00Z,2026-06-01T23:45:00+0200,2226.32007,MW,FR,FR,forecast_onshore_wind_generation,Wind Onshore,2026-06-13T21:03:52Z
2026-06-13T21:02:15Z,2026-06-13T23:02:15+0200,37293abf-bd75-40d9-81b7-896ff667771a,2026-06-01T22:00:00Z,2026-06-02T00:00:00+0200,2821.13013,MW,FR,FR,forecast_onshore_wind_generation,Wind Onshore,2026-06-13T21:03:52Z
2026-06-13T21:02:15Z,2026-06-13T23:02:15+0200,37293abf-bd75-40d9-81b7-896ff667771a,2026-06-01T22:15:00Z,2026-06-02T00:15:00+0200,2908.21997,MW,FR,FR,forecast_onshore_wind_generation,Wind Onshore,2026-06-13T21:03:52Z
2026-06-13T21:02:15Z,2026-06-13T23:02:15+0200,37293abf-bd75-40d9-81b7-896ff667771a,2026-06-01T22:30:00Z,2026-06-02T00:30:00+0200,2995.64014,MW,FR,FR,forecast_onshore_wind_generation,Wind Onshore,2026-06-13T21:03:52Z
2026-06-13T21:02:15Z,2026-06-13T23:02:15+0200,37293abf-bd75-40d9-81b7-896ff667771a,2026-06-01T22:45:00Z,2026-06-02T00:45:00+0200,3083.24023,MW,FR,FR,forecast_onshore_wind_generation,Wind Onshore,2026-06-13T21:03:52Z
2026-06-13T21:02:15Z,2026-06-13T23:02:15+0200,37293abf-bd75-40d9-81b7-896ff667771a,2026-06-01T23:00:00Z,2026-06-02T01:00:00+0200,3171.00977,MW,FR,FR,forecast_onshore_wind_generation,Wind Onshore,2026-06-13T21:03:52Z
2026-06-13T21:02:15Z,2026-06-13T23:02:15+0200,37293abf-bd75-40d9-81b7-896ff667771a,2026-06-01T23:15:00Z,2026-06-02T01:15:00+0200,3273.67969,MW,FR,FR,forecast_onshore_wind_generation,Wind Onshore,2026-06-13T21:03:52Z
2026-06-13T21:02:15Z,2026-06-13T23:02:15+0200,37293abf-bd75-40d9-81b7-896ff667771a,2026-06-01T23:30:00Z,2026-06-02T01:30:00+0200,3376.69971,MW,FR,FR,forecast_onshore_wind_generation,Wind Onshore,2026-06-13T21:03:52Z
2026-06-13T21:02:15Z,2026-06-13T23:02:15+0200,37293abf-bd75-40d9-81b7-896ff667771a,2026-06-01T23:45:00Z,2026-06-02T01:45:00+0200,3479.91992,MW,FR,FR,forecast_onshore_wind_generation,Wind Onshore,2026-06-13T21:03:52Z
2026-06-13T21:02:15Z,2026-06-13T23:02:15+0200,37293abf-bd75-40d9-81b7-896ff667771a,2026-06-02T00:00:00Z,2026-06-02T02:00:00+0200,3583.20996,MW,FR,FR,forecast_onshore_wind_generation,Wind Onshore,2026-06-13T21:03:52Z
2026-06-13T21:02:15Z,2026-06-13T23:02:15+0200,37293abf-bd75-40d9-81b7-896ff667771a,2026-06-02T00:15:00Z,2026-06-02T02:15:00+0200,3746.45996,MW,FR,FR,forecast_onshore_wind_generation,Wind Onshore,2026-06-13T21:03:52Z
2026-06-13T21:02:15Z,2026-06-13T23:02:15+0200,37293abf-bd75-40d9-81b7-896ff667771a,2026-06-02T00:30:00Z,2026-06-02T02:30:00+0200,3909.81006,MW,FR,FR,forecast_onshore_wind_generation,Wind Onshore,2026-06-13T21:03:52Z
2026-06-13T21:02:15Z,2026-06-13T23:02:15+0200,37293abf-bd75-40d9-81b7-896ff667771a,2026-06-02T00:45:00Z,2026-06-02T02:45:00+0200,4073.26001,MW,FR,FR,forecast_onshore_wind_generation,Wind Onshore,2026-06-13T21:03:52Z
2026-06-13T21:02:15Z,2026-06-13T23:02:15+0200,37293abf-bd75-40d9-81b7-896ff667771a,2026-06-02T01:00:00Z,2026-06-02T03:00:00+0200,4236.83984,MW,FR,FR,forecast_onshore_wind_generation,Wind Onshore,2026-06-13T21:03:52Z
2026-06-13T21:02:15Z,2026-06-13T23:02:15+0200,37293abf-bd75-40d9-81b7-896ff667771a,2026-06-02T01:15:00Z,2026-06-02T03:15:00+0200,4269.42969,MW,FR,FR,forecast_onshore_wind_generation,Wind Onshore,2026-06-13T21:03:52Z
2026-06-13T21:02:15Z,2026-06-13T23:02:15+0200,37293abf-bd75-40d9-81b7-896ff667771a,2026-06-02T01:30:00Z,2026-06-02T03:30:00+0200,4302.09961,MW,FR,FR,forecast_onshore_wind_generation,Wind Onshore,2026-06-13T21:03:52Z
2026-06-13T21:02:15Z,2026-06-13T23:02:15+0200,37293abf-bd75-40d9-81b7-896ff667771a,2026-06-02T01:45:00Z,2026-06-02T03:45:00+0200,4334.71973,MW,FR,FR,forecast_onshore_wind_generation,Wind Onshore,2026-06-13T21:03:52Z
2026-06-13T21:02:15Z,2026-06-13T23:02:15+0200,37293abf-bd75-40d9-81b7-896ff667771a,2026-06-02T02:00:00Z,2026-06-02T04:00:00+0200,4367.4502,MW,FR,FR,forecast_onshore_wind_generation,Wind Onshore,2026-06-13T21:03:52Z
2026-06-13T21:02:15Z,2026-06-13T23:02:15+0200,37293abf-bd75-40d9-81b7-896ff667771a,2026-06-02T02:15:00Z,2026-06-02T04:15:00+0200,4383.4502,MW,FR,FR,forecast_onshore_wind_generation,Wind Onshore,2026-06-13T21:03:52Z
2026-06-13T21:02:15Z,2026-06-13T23:02:15+0200,37293abf-bd75-40d9-81b7-896ff667771a,2026-06-02T02:30:00Z,2026-06-02T04:30:00+0200,4399.64014,MW,FR,FR,forecast_onshore_wind_generation,Wind Onshore,2026-06-13T21:03:52Z
2026-06-13T21:02:15Z,2026-06-13T23:02:15+0200,37293abf-bd75-40d9-81b7-896ff667771a,2026-06-02T02:45:00Z,2026-06-02T04:45:00+0200,4416.02002,MW,FR,FR,forecast_onshore_wind_generation,Wind Onshore,2026-06-13T21:03:52Z
2026-06-13T21:02:15Z,2026-06-13T23:02:15+0200,37293abf-bd75-40d9-81b7-896ff667771a,2026-06-02T03:00:00Z,2026-06-02T05:00:00+0200,4432.44043,MW,FR,FR,forecast_onshore_wind_generation,Wind Onshore,2026-06-13T21:03:52Z
2026-06-13T21:02:15Z,2026-06-13T23:02:15+0200,37293abf-bd75-40d9-81b7-896ff667771a,2026-06-02T03:15:00Z,2026-06-02T05:15:00+0200,4498.56006,MW,FR,FR,forecast_onshore_wind_generation,Wind Onshore,2026-06-13T21:03:52Z
2026-06-13T21:02:15Z,2026-06-13T23:02:15+0200,37293abf-bd75-40d9-81b7-896ff667771a,2026-06-02T03:30:00Z,2026-06-02T05:30:00+0200,4564.68018,MW,FR,FR,forecast_onshore_wind_generation,Wind Onshore,2026-06-13T21:03:52Z
2026-06-13T21:02:15Z,2026-06-13T23:02:15+0200,37293abf-bd75-40d9-81b7-896ff667771a,2026-06-02T03:45:00Z,2026-06-02T05:45:00+0200,4630.67969,MW,FR,FR,forecast_onshore_wind_generation,Wind Onshore,2026-06-13T21:03:52Z
2026-06-13T21:02:15Z,2026-06-13T23:02:15+0200,37293abf-bd75-40d9-81b7-896ff667771a,2026-06-02T04:00:00Z,2026-06-02T06:00:00+0200,4696.7002,MW,FR,FR,forecast_onshore_wind_generation,Wind Onshore,2026-06-13T21:03:52Z
2026-06-13T21:02:15Z,2026-06-13T23:02:15+0200,37293abf-bd75-40d9-81b7-896ff667771a,2026-06-02T04:15:00Z,2026-06-02T06:15:00+0200,4760.48975,MW,FR,FR,forecast_onshore_wind_generation,Wind Onshore,2026-06-13T21:03:52Z
2026-06-13T21:02:15Z,2026-06-13T23:02:15+0200,37293abf-bd75-40d9-81b7-896ff667771a,2026-06-02T04:30:00Z,2026-06-02T06:30:00+0200,4824.26953,MW,FR,FR,forecast_onshore_wind_generation,Wind Onshore,2026-06-13T21:03:52Z
2026-06-13T21:02:15Z,2026-06-13T23:02:15+0200,37293abf-bd75-40d9-81b7-896ff667771a,2026-06-02T04:45:00Z,2026-06-02T06:45:00+0200,4888.02002,MW,FR,FR,forecast_onshore_wind_generation,Wind Onshore,2026-06-13T21:03:52Z
2026-06-13T21:02:15Z,2026-06-13T23:02:15+0200,37293abf-bd75-40d9-81b7-896ff667771a,2026-06-02T05:00:00Z,2026-06-02T07:00:00+0200,4951.79004,MW,FR,FR,forecast_onshore_wind_generation,Wind Onshore,2026-06-13T21:03:52Z
2026-06-13T21:02:15Z,2026-06-13T23:02:15+0200,37293abf-bd75-40d9-81b7-896ff667771a,2026-06-02T05:15:00Z,2026-06-02T07:15:00+0200,4927.13965,MW,FR,FR,forecast_onshore_wind_generation,Wind Onshore,2026-06-13T21:03:52Z
2026-06-13T21:02:15Z,2026-06-13T23:02:15+0200,37293abf-bd75-40d9-81b7-896ff667771a,2026-06-02T05:30:00Z,2026-06-02T07:30:00+0200,4902.45996,MW,FR,FR,forecast_onshore_wind_generation,Wind Onshore,2026-06-13T21:03:52Z
2026-06-13T21:02:15Z,2026-06-13T23:02:15+0200,37293abf-bd75-40d9-81b7-896ff667771a,2026-06-02T05:45:00Z,2026-06-02T07:45:00+0200,4877.87988,MW,FR,FR,forecast_onshore_wind_generation,Wind Onshore,2026-06-13T21:03:52Z
2026-06-13T21:02:15Z,2026-06-13T23:02:15+0200,37293abf-bd75-40d9-81b7-896ff667771a,2026-06-02T06:00:00Z,2026-06-02T08:00:00+0200,4853.30029,MW,FR,FR,forecast_onshore_wind_generation,Wind Onshore,2026-06-13T21:03:52Z
2026-06-13T21:02:15Z,2026-06-13T23:02:15+0200,37293abf-bd75-40d9-81b7-896ff667771a,2026-06-02T06:15:00Z,2026-06-02T08:15:00+0200,4818.18018,MW,FR,FR,forecast_onshore_wind_generation,Wind Onshore,2026-06-13T21:03:52Z
2026-06-13T21:02:15Z,2026-06-13T23:02:15+0200,37293abf-bd75-40d9-81b7-896ff667771a,2026-06-02T06:30:00Z,2026-06-02T08:30:00+0200,4783.06006,MW,FR,FR,forecast_onshore_wind_generation,Wind Onshore,2026-06-13T21:03:52Z
2026-06-13T21:02:15Z,2026-06-13T23:02:15+0200,37293abf-bd75-40d9-81b7-896ff667771a,2026-06-02T06:45:00Z,2026-06-02T08:45:00+0200,4747.92969,MW,FR,FR,forecast_onshore_wind_generation,Wind Onshore,2026-06-13T21:03:52Z
2026-06-13T21:02:15Z,2026-06-13T23:02:15+0200,37293abf-bd75-40d9-81b7-896ff667771a,2026-06-02T07:00:00Z,2026-06-02T09:00:00+0200,4712.81006,MW,FR,FR,forecast_onshore_wind_generation,Wind Onshore,2026-06-13T21:03:52Z
2026-06-13T21:02:15Z,2026-06-13T23:02:15+0200,37293abf-bd75-40d9-81b7-896ff667771a,2026-06-02T07:15:00Z,2026-06-02T09:15:00+0200,4842.42969,MW,FR,FR,forecast_onshore_wind_generation,Wind Onshore,2026-06-13T21:03:52Z
2026-06-13T21:02:15Z,2026-06-13T23:02:15+0200,37293abf-bd75-40d9-81b7-896ff667771a,2026-06-02T07:30:00Z,2026-06-02T09:30:00+0200,4972.07031,MW,FR,FR,forecast_onshore_wind_generation,Wind Onshore,2026-06-13T21:03:52Z
2026-06-13T21:02:15Z,2026-06-13T23:02:15+0200,37293abf-bd75-40d9-81b7-896ff667771a,2026-06-02T07:45:00Z,2026-06-02T09:45:00+0200,5101.70996,MW,FR,FR,forecast_onshore_wind_generation,Wind Onshore,2026-06-13T21:03:52Z
2026-06-13T21:02:15Z,2026-06-13T23:02:15+0200,37293abf-bd75-40d9-81b7-896ff667771a,2026-06-02T08:00:00Z,2026-06-02T10:00:00+0200,5231.34961,MW,FR,FR,forecast_onshore_wind_generation,Wind Onshore,2026-06-13T21:03:52Z
2026-06-13T21:02:15Z,2026-06-13T23:02:15+0200,37293abf-bd75-40d9-81b7-896ff667771a,2026-06-02T08:15:00Z,2026-06-02T10:15:00+0200,5494.02002,MW,FR,FR,forecast_onshore_wind_generation,Wind Onshore,2026-06-13T21:03:52Z
2026-06-13T21:02:15Z,2026-06-13T23:02:15+0200,37293abf-bd75-40d9-81b7-896ff667771a,2026-06-02T08:30:00Z,2026-06-02T10:30:00+0200,5756.77979,MW,FR,FR,forecast_onshore_wind_generation,Wind Onshore,2026-06-13T21:03:52Z
2026-06-13T21:02:15Z,2026-06-13T23:02:15+0200,37293abf-bd75-40d9-81b7-896ff667771a,2026-06-02T08:45:00Z,2026-06-02T10:45:00+0200,6019.51025,MW,FR,FR,forecast_onshore_wind_generation,Wind Onshore,2026-06-13T21:03:52Z
2026-06-13T21:02:15Z,2026-06-13T23:02:15+0200,37293abf-bd75-40d9-81b7-896ff667771a,2026-06-02T09:00:00Z,2026-06-02T11:00:00+0200,6282.22998,MW,FR,FR,forecast_onshore_wind_generation,Wind Onshore,2026-06-13T21:03:52Z
2026-06-13T21:02:15Z,2026-06-13T23:02:15+0200,37293abf-bd75-40d9-81b7-896ff667771a,2026-06-02T09:15:00Z,2026-06-02T11:15:00+0200,6474.37012,MW,FR,FR,forecast_onshore_wind_generation,Wind Onshore,2026-06-13T21:03:52Z
2026-06-13T21:02:15Z,2026-06-13T23:02:15+0200,37293abf-bd75-40d9-81b7-896ff667771a,2026-06-02T09:30:00Z,2026-06-02T11:30:00+0200,6666.66016,MW,FR,FR,forecast_onshore_wind_generation,Wind Onshore,2026-06-13T21:03:52Z
2026-06-13T21:02:15Z,2026-06-13T23:02:15+0200,37293abf-bd75-40d9-81b7-896ff667771a,2026-06-02T09:45:00Z,2026-06-02T11:45:00+0200,6859.02002,MW,FR,FR,forecast_onshore_wind_generation,Wind Onshore,2026-06-13T21:03:52Z
2026-06-13T21:02:15Z,2026-06-13T23:02:15+0200,37293abf-bd75-40d9-81b7-896ff667771a,2026-06-02T10:00:00Z,2026-06-02T12:00:00+0200,7051.56934,MW,FR,FR,forecast_onshore_wind_generation,Wind Onshore,2026-06-13T21:03:52Z
2026-06-13T21:02:15Z,2026-06-13T23:02:15+0200,37293abf-bd75-40d9-81b7-896ff667771a,2026-06-02T10:15:00Z,2026-06-02T12:15:00+0200,7408.09033,MW,FR,FR,forecast_onshore_wind_generation,Wind Onshore,2026-06-13T21:03:52Z
2026-06-13T21:02:15Z,2026-06-13T23:02:15+0200,37293abf-bd75-40d9-81b7-896ff667771a,2026-06-02T10:30:00Z,2026-06-02T12:30:00+0200,7764.69043,MW,FR,FR,forecast_onshore_wind_generation,Wind Onshore,2026-06-13T21:03:52Z
2026-06-13T21:02:15Z,2026-06-13T23:02:15+0200,37293abf-bd75-40d9-81b7-896ff667771a,2026-06-02T10:45:00Z,2026-06-02T12:45:00+0200,8121.31348,MW,FR,FR,forecast_onshore_wind_generation,Wind Onshore,2026-06-13T21:03:52Z
2026-06-13T21:02:15Z,2026-06-13T23:02:15+0200,37293abf-bd75-40d9-81b7-896ff667771a,2026-06-02T11:00:00Z,2026-06-02T13:00:00+0200,5043.35693,MW,FR,FR,forecast_onshore_wind_generation,Wind Onshore,2026-06-13T21:03:52Z
2026-06-13T21:02:15Z,2026-06-13T23:02:15+0200,37293abf-bd75-40d9-81b7-896ff667771a,2026-06-02T11:15:00Z,2026-06-02T13:15:00+0200,5178.41016,MW,FR,FR,forecast_onshore_wind_generation,Wind Onshore,2026-06-13T21:03:52Z
2026-06-13T21:02:15Z,2026-06-13T23:02:15+0200,37293abf-bd75-40d9-81b7-896ff667771a,2026-06-02T11:30:00Z,2026-06-02T13:30:00+0200,5313.2002,MW,FR,FR,forecast_onshore_wind_generation,Wind Onshore,2026-06-13T21:03:52Z
2026-06-13T21:02:15Z,2026-06-13T23:02:15+0200,37293abf-bd75-40d9-81b7-896ff667771a,2026-06-02T11:45:00Z,2026-06-02T13:45:00+0200,5448.28125,MW,FR,FR,forecast_onshore_wind_generation,Wind Onshore,2026-06-13T21:03:52Z
2026-06-13T21:02:15Z,2026-06-13T23:02:15+0200,37293abf-bd75-40d9-81b7-896ff667771a,2026-06-02T12:00:00Z,2026-06-02T14:00:00+0200,5583.43164,MW,FR,FR,forecast_onshore_wind_generation,Wind Onshore,2026-06-13T21:03:52Z
2026-06-13T21:02:15Z,2026-06-13T23:02:15+0200,37293abf-bd75-40d9-81b7-896ff667771a,2026-06-02T12:15:00Z,2026-06-02T14:15:00+0200,5737.14209,MW,FR,FR,forecast_onshore_wind_generation,Wind Onshore,2026-06-13T21:03:52Z
2026-06-13T21:02:15Z,2026-06-13T23:02:15+0200,37293abf-bd75-40d9-81b7-896ff667771a,2026-06-02T12:30:00Z,2026-06-02T14:30:00+0200,5890.8667,MW,FR,FR,forecast_onshore_wind_generation,Wind Onshore,2026-06-13T21:03:52Z
2026-06-13T21:02:15Z,2026-06-13T23:02:15+0200,37293abf-bd75-40d9-81b7-896ff667771a,2026-06-02T12:45:00Z,2026-06-02T14:45:00+0200,6044.62744,MW,FR,FR,forecast_onshore_wind_generation,Wind Onshore,2026-06-13T21:03:52Z
2026-06-13T21:02:15Z,2026-06-13T23:02:15+0200,37293abf-bd75-40d9-81b7-896ff667771a,2026-06-02T13:00:00Z,2026-06-02T15:00:00+0200,6198.28418,MW,FR,FR,forecast_onshore_wind_generation,Wind Onshore,2026-06-13T21:03:52Z
2026-06-13T21:02:15Z,2026-06-13T23:02:15+0200,37293abf-bd75-40d9-81b7-896ff667771a,2026-06-02T13:15:00Z,2026-06-02T15:15:00+0200,6344.24512,MW,FR,FR,forecast_onshore_wind_generation,Wind Onshore,2026-06-13T21:03:52Z
2026-06-13T21:02:15Z,2026-06-13T23:02:15+0200,37293abf-bd75-40d9-81b7-896ff667771a,2026-06-02T13:30:00Z,2026-06-02T15:30:00+0200,6490.18604,MW,FR,FR,forecast_onshore_wind_generation,Wind Onshore,2026-06-13T21:03:52Z
2026-06-13T21:02:15Z,2026-06-13T23:02:15+0200,37293abf-bd75-40d9-81b7-896ff667771a,2026-06-02T13:45:00Z,2026-06-02T15:45:00+0200,6636.55908,MW,FR,FR,forecast_onshore_wind_generation,Wind Onshore,2026-06-13T21:03:52Z
2026-06-13T21:02:15Z,2026-06-13T23:02:15+0200,37293abf-bd75-40d9-81b7-896ff667771a,2026-06-02T14:00:00Z,2026-06-02T16:00:00+0200,6782.90625,MW,FR,FR,forecast_onshore_wind_generation,Wind Onshore,2026-06-13T21:03:52Z
2026-06-13T21:02:15Z,2026-06-13T23:02:15+0200,37293abf-bd75-40d9-81b7-896ff667771a,2026-06-02T14:15:00Z,2026-06-02T16:15:00+0200,6837.26562,MW,FR,FR,forecast_onshore_wind_generation,Wind Onshore,2026-06-13T21:03:52Z
2026-06-13T21:02:15Z,2026-06-13T23:02:15+0200,37293abf-bd75-40d9-81b7-896ff667771a,2026-06-02T14:30:00Z,2026-06-02T16:30:00+0200,6891.16309,MW,FR,FR,forecast_onshore_wind_generation,Wind Onshore,2026-06-13T21:03:52Z
2026-06-13T21:02:15Z,2026-06-13T23:02:15+0200,37293abf-bd75-40d9-81b7-896ff667771a,2026-06-02T14:45:00Z,2026-06-02T16:45:00+0200,6945.79443,MW,FR,FR,forecast_onshore_wind_generation,Wind Onshore,2026-06-13T21:03:52Z
2026-06-13T21:02:15Z,2026-06-13T23:02:15+0200,37293abf-bd75-40d9-81b7-896ff667771a,2026-06-02T15:00:00Z,2026-06-02T17:00:00+0200,6999.93555,MW,FR,FR,forecast_onshore_wind_generation,Wind Onshore,2026-06-13T21:03:52Z
2026-06-13T21:02:15Z,2026-06-13T23:02:15+0200,37293abf-bd75-40d9-81b7-896ff667771a,2026-06-02T15:15:00Z,2026-06-02T17:15:00+0200,6914.30078,MW,FR,FR,forecast_onshore_wind_generation,Wind Onshore,2026-06-13T21:03:52Z
2026-06-13T21:02:15Z,2026-06-13T23:02:15+0200,37293abf-bd75-40d9-81b7-896ff667771a,2026-06-02T15:30:00Z,2026-06-02T17:30:00+0200,6828.5083,MW,FR,FR,forecast_onshore_wind_generation,Wind Onshore,2026-06-13T21:03:52Z
2026-06-13T21:02:15Z,2026-06-13T23:02:15+0200,37293abf-bd75-40d9-81b7-896ff667771a,2026-06-02T15:45:00Z,2026-06-02T17:45:00+0200,6742.84473,MW,FR,FR,forecast_onshore_wind_generation,Wind Onshore,2026-06-13T21:03:52Z
2026-06-13T21:02:15Z,2026-06-13T23:02:15+0200,37293abf-bd75-40d9-81b7-896ff667771a,2026-06-02T16:00:00Z,2026-06-02T18:00:00+0200,6657.5,MW,FR,FR,forecast_onshore_wind_generation,Wind Onshore,2026-06-13T21:03:52Z
2026-06-13T21:02:15Z,2026-06-13T23:02:15+0200,37293abf-bd75-40d9-81b7-896ff667771a,2026-06-02T16:15:00Z,2026-06-02T18:15:00+0200,10826.66211,MW,FR,FR,forecast_onshore_wind_generation,Wind Onshore,2026-06-13T21:03:52Z
2026-06-13T21:02:15Z,2026-06-13T23:02:15+0200,37293abf-bd75-40d9-81b7-896ff667771a,2026-06-02T16:30:00Z,2026-06-02T18:30:00+0200,10721.69043,MW,FR,FR,forecast_onshore_wind_generation,Wind Onshore,2026-06-13T21:03:52Z
2026-06-13T21:02:15Z,2026-06-13T23:02:15+0200,37293abf-bd75-40d9-81b7-896ff667771a,2026-06-02T16:45:00Z,2026-06-02T18:45:00+0200,10617.5,MW,FR,FR,forecast_onshore_wind_generation,Wind Onshore,2026-06-13T21:03:52Z
2026-06-13T21:02:15Z,2026-06-13T23:02:15+0200,37293abf-bd75-40d9-81b7-896ff667771a,2026-06-02T17:00:00Z,2026-06-02T19:00:00+0200,10513.32031,MW,FR,FR,forecast_onshore_wind_generation,Wind Onshore,2026-06-13T21:03:52Z
2026-06-13T21:02:15Z,2026-06-13T23:02:15+0200,37293abf-bd75-40d9-81b7-896ff667771a,2026-06-02T17:15:00Z,2026-06-02T19:15:00+0200,10348.4707,MW,FR,FR,forecast_onshore_wind_generation,Wind Onshore,2026-06-13T21:03:52Z
2026-06-13T21:02:15Z,2026-06-13T23:02:15+0200,37293abf-bd75-40d9-81b7-896ff667771a,2026-06-02T17:30:00Z,2026-06-02T19:30:00+0200,10183.63965,MW,FR,FR,forecast_onshore_wind_generation,Wind Onshore,2026-06-13T21:03:52Z
2026-06-13T21:02:15Z,2026-06-13T23:02:15+0200,37293abf-bd75-40d9-81b7-896ff667771a,2026-06-02T17:45:00Z,2026-06-02T19:45:00+0200,10018.72949,MW,FR,FR,forecast_onshore_wind_generation,Wind Onshore,2026-06-13T21:03:52Z
2026-06-13T21:02:15Z,2026-06-13T23:02:15+0200,37293abf-bd75-40d9-81b7-896ff667771a,2026-06-02T18:00:00Z,2026-06-02T20:00:00+0200,9853.90039,MW,FR,FR,forecast_onshore_wind_generation,Wind Onshore,2026-06-13T21:03:52Z
2026-06-13T21:02:15Z,2026-06-13T23:02:15+0200,37293abf-bd75-40d9-81b7-896ff667771a,2026-06-02T18:15:00Z,2026-06-02T20:15:00+0200,9701.91992,MW,FR,FR,forecast_onshore_wind_generation,Wind Onshore,2026-06-13T21:03:52Z
2026-06-13T21:02:15Z,2026-06-13T23:02:15+0200,37293abf-bd75-40d9-81b7-896ff667771a,2026-06-02T18:30:00Z,2026-06-02T20:30:00+0200,9550.31055,MW,FR,FR,forecast_onshore_wind_generation,Wind Onshore,2026-06-13T21:03:52Z
2026-06-13T21:02:15Z,2026-06-13T23:02:15+0200,37293abf-bd75-40d9-81b7-896ff667771a,2026-06-02T18:45:00Z,2026-06-02T20:45:00+0200,9398.69922,MW,FR,FR,forecast_onshore_wind_generation,Wind Onshore,2026-06-13T21:03:52Z
2026-06-13T21:02:15Z,2026-06-13T23:02:15+0200,37293abf-bd75-40d9-81b7-896ff667771a,2026-06-02T19:00:00Z,2026-06-02T21:00:00+0200,9247.08984,MW,FR,FR,forecast_onshore_wind_generation,Wind Onshore,2026-06-13T21:03:52Z
2026-06-13T21:02:15Z,2026-06-13T23:02:15+0200,37293abf-bd75-40d9-81b7-896ff667771a,2026-06-02T19:15:00Z,2026-06-02T21:15:00+0200,9098.7998,MW,FR,FR,forecast_onshore_wind_generation,Wind Onshore,2026-06-13T21:03:52Z
2026-06-13T21:02:15Z,2026-06-13T23:02:15+0200,37293abf-bd75-40d9-81b7-896ff667771a,2026-06-02T19:30:00Z,2026-06-02T21:30:00+0200,8950.52051,MW,FR,FR,forecast_onshore_wind_generation,Wind Onshore,2026-06-13T21:03:52Z
2026-06-13T21:02:15Z,2026-06-13T23:02:15+0200,37293abf-bd75-40d9-81b7-896ff667771a,2026-06-02T19:45:00Z,2026-06-02T21:45:00+0200,8802.25,MW,FR,FR,forecast_onshore_wind_generation,Wind Onshore,2026-06-13T21:03:52Z
2026-06-13T21:02:15Z,2026-06-13T23:02:15+0200,37293abf-bd75-40d9-81b7-896ff667771a,2026-06-02T20:00:00Z,2026-06-02T22:00:00+0200,8654.0,MW,FR,FR,forecast_onshore_wind_generation,Wind Onshore,2026-06-13T21:03:52Z
2026-06-13T21:02:15Z,2026-06-13T23:02:15+0200,37293abf-bd75-40d9-81b7-896ff667771a,2026-06-02T20:15:00Z,2026-06-02T22:15:00+0200,8643.25977,MW,FR,FR,forecast_onshore_wind_generation,Wind Onshore,2026-06-13T21:03:52Z
2026-06-13T21:02:15Z,2026-06-13T23:02:15+0200,37293abf-bd75-40d9-81b7-896ff667771a,2026-06-02T20:30:00Z,2026-06-02T22:30:00+0200,8632.5498,MW,FR,FR,forecast_onshore_wind_generation,Wind Onshore,2026-06-13T21:03:52Z
2026-06-13T21:02:15Z,2026-06-13T23:02:15+0200,37293abf-bd75-40d9-81b7-896ff667771a,2026-06-02T20:45:00Z,2026-06-02T22:45:00+0200,8621.76953,MW,FR,FR,forecast_onshore_wind_generation,Wind Onshore,2026-06-13T21:03:52Z
2026-06-13T21:02:15Z,2026-06-13T23:02:15+0200,37293abf-bd75-40d9-81b7-896ff667771a,2026-06-02T21:00:00Z,2026-06-02T23:00:00+0200,8610.99023,MW,FR,FR,forecast_onshore_wind_generation,Wind Onshore,2026-06-13T21:03:52Z
2026-06-13T21:02:15Z,2026-06-13T23:02:15+0200,37293abf-bd75-40d9-81b7-896ff667771a,2026-06-02T21:15:00Z,2026-06-02T23:15:00+0200,8596.45996,MW,FR,FR,forecast_onshore_wind_generation,Wind Onshore,2026-06-13T21:03:52Z
2026-06-13T21:02:15Z,2026-06-13T23:02:15+0200,37293abf-bd75-40d9-81b7-896ff667771a,2026-06-02T21:30:00Z,2026-06-02T23:30:00+0200,8581.93066,MW,FR,FR,forecast_onshore_wind_generation,Wind Onshore,2026-06-13T21:03:52Z
2026-06-13T21:02:15Z,2026-06-13T23:02:15+0200,37293abf-bd75-40d9-81b7-896ff667771a,2026-06-02T21:45:00Z,2026-06-02T23:45:00+0200,8567.38965,MW,FR,FR,forecast_onshore_wind_generation,Wind Onshore,2026-06-13T21:03:52Z
2026-06-13T21:02:15Z,2026-06-13T23:02:15+0200,37293abf-bd75-40d9-81b7-896ff667771a,2026-06-02T22:00:00Z,2026-06-03T00:00:00+0200,9511.2793,MW,FR,FR,forecast_onshore_wind_generation,Wind Onshore,2026-06-13T21:03:52Z
2026-06-13T21:02:15Z,2026-06-13T23:02:15+0200,37293abf-bd75-40d9-81b7-896ff667771a,2026-06-02T22:15:00Z,2026-06-03T00:15:00+0200,9541.4502,MW,FR,FR,forecast_onshore_wind_generation,Wind Onshore,2026-06-13T21:03:52Z
2026-06-13T21:02:15Z,2026-06-13T23:02:15+0200,37293abf-bd75-40d9-81b7-896ff667771a,2026-06-02T22:30:00Z,2026-06-03T00:30:00+0200,9571.62988,MW,FR,FR,forecast_onshore_wind_generation,Wind Onshore,2026-06-13T21:03:52Z
2026-06-13T21:02:15Z,2026-06-13T23:02:15+0200,37293abf-bd75-40d9-81b7-896ff667771a,2026-06-02T22:45:00Z,2026-06-03T00:45:00+0200,9601.62012,MW,FR,FR,forecast_onshore_wind_generation,Wind Onshore,2026-06-13T21:03:52Z
2026-06-13T21:02:15Z,2026-06-13T23:02:15+0200,37293abf-bd75-40d9-81b7-896ff667771a,2026-06-02T23:00:00Z,2026-06-03T01:00:00+0200,9631.59961,MW,FR,FR,forecast_onshore_wind_generation,Wind Onshore,2026-06-13T21:03:52Z
2026-06-13T21:02:15Z,2026-06-13T23:02:15+0200,37293abf-bd75-40d9-81b7-896ff667771a,2026-06-02T23:15:00Z,2026-06-03T01:15:00+0200,9675.16992,MW,FR,FR,forecast_onshore_wind_generation,Wind Onshore,2026-06-13T21:03:52Z
2026-06-13T21:02:15Z,2026-06-13T23:02:15+0200,37293abf-bd75-40d9-81b7-896ff667771a,2026-06-02T23:30:00Z,2026-06-03T01:30:00+0200,9718.7207,MW,FR,FR,forecast_onshore_wind_generation,Wind Onshore,2026-06-13T21:03:52Z
2026-06-13T21:02:15Z,2026-06-13T23:02:15+0200,37293abf-bd75-40d9-81b7-896ff667771a,2026-06-02T23:45:00Z,2026-06-03T01:45:00+0200,9762.12012,MW,FR,FR,forecast_onshore_wind_generation,Wind Onshore,2026-06-13T21:03:52Z
2026-06-13T21:02:15Z,2026-06-13T23:02:15+0200,37293abf-bd75-40d9-81b7-896ff667771a,2026-06-03T00:00:00Z,2026-06-03T02:00:00+0200,9805.52051,MW,FR,FR,forecast_onshore_wind_generation,Wind Onshore,2026-06-13T21:03:52Z
2026-06-13T21:02:15Z,2026-06-13T23:02:15+0200,37293abf-bd75-40d9-81b7-896ff667771a,2026-06-03T00:15:00Z,2026-06-03T02:15:00+0200,9770.65039,MW,FR,FR,forecast_onshore_wind_generation,Wind Onshore,2026-06-13T21:03:52Z
2026-06-13T21:02:15Z,2026-06-13T23:02:15+0200,37293abf-bd75-40d9-81b7-896ff667771a,2026-06-03T00:30:00Z,2026-06-03T02:30:00+0200,9735.78027,MW,FR,FR,forecast_onshore_wind_generation,Wind Onshore,2026-06-13T21:03:52Z
2026-06-13T21:02:15Z,2026-06-13T23:02:15+0200,37293abf-bd75-40d9-81b7-896ff667771a,2026-06-03T00:45:00Z,2026-06-03T02:45:00+0200,9701.12988,MW,FR,FR,forecast_onshore_wind_generation,Wind Onshore,2026-06-13T21:03:52Z
2026-06-13T21:02:15Z,2026-06-13T23:02:15+0200,37293abf-bd75-40d9-81b7-896ff667771a,2026-06-03T01:00:00Z,2026-06-03T03:00:00+0200,9666.43945,MW,FR,FR,forecast_onshore_wind_generation,Wind Onshore,2026-06-13T21:03:52Z
2026-06-13T21:02:15Z,2026-06-13T23:02:15+0200,37293abf-bd75-40d9-81b7-896ff667771a,2026-06-03T01:15:00Z,2026-06-03T03:15:00+0200,9591.7002,MW,FR,FR,forecast_onshore_wind_generation,Wind Onshore,2026-06-13T21:03:52Z
2026-06-13T21:02:15Z,2026-06-13T23:02:15+0200,37293abf-bd75-40d9-81b7-896ff667771a,2026-06-03T01:30:00Z,2026-06-03T03:30:00+0200,9516.9707,MW,FR,FR,forecast_onshore_wind_generation,Wind Onshore,2026-06-13T21:03:52Z
2026-06-13T21:02:15Z,2026-06-13T23:02:15+0200,37293abf-bd75-40d9-81b7-896ff667771a,2026-06-03T01:45:00Z,2026-06-03T03:45:00+0200,9442.28027,MW,FR,FR,forecast_onshore_wind_generation,Wind Onshore,2026-06-13T21:03:52Z
2026-06-13T21:02:15Z,2026-06-13T23:02:15+0200,37293abf-bd75-40d9-81b7-896ff667771a,2026-06-03T02:00:00Z,2026-06-03T04:00:00+0200,9367.58984,MW,FR,FR,forecast_onshore_wind_generation,Wind Onshore,2026-06-13T21:03:52Z
2026-06-13T21:02:15Z,2026-06-13T23:02:15+0200,37293abf-bd75-40d9-81b7-896ff667771a,2026-06-03T02:15:00Z,2026-06-03T04:15:00+0200,9211.64941,MW,FR,FR,forecast_onshore_wind_generation,Wind Onshore,2026-06-13T21:03:52Z
2026-06-13T21:02:15Z,2026-06-13T23:02:15+0200,37293abf-bd75-40d9-81b7-896ff667771a,2026-06-03T02:30:00Z,2026-06-03T04:30:00+0200,9055.7002,MW,FR,FR,forecast_onshore_wind_generation,Wind Onshore,2026-06-13T21:03:52Z
2026-06-13T21:02:15Z,2026-06-13T23:02:15+0200,37293abf-bd75-40d9-81b7-896ff667771a,2026-06-03T02:45:00Z,2026-06-03T04:45:00+0200,8899.79004,MW,FR,FR,forecast_onshore_wind_generation,Wind Onshore,2026-06-13T21:03:52Z
2026-06-13T21:02:15Z,2026-06-13T23:02:15+0200,37293abf-bd75-40d9-81b7-896ff667771a,2026-06-03T03:00:00Z,2026-06-03T05:00:00+0200,8743.85938,MW,FR,FR,forecast_onshore_wind_generation,Wind Onshore,2026-06-13T21:03:52Z
2026-06-13T21:02:15Z,2026-06-13T23:02:15+0200,37293abf-bd75-40d9-81b7-896ff667771a,2026-06-03T03:15:00Z,2026-06-03T05:15:00+0200,8591.88965,MW,FR,FR,forecast_onshore_wind_generation,Wind Onshore,2026-06-13T21:03:52Z
2026-06-13T21:02:15Z,2026-06-13T23:02:15+0200,37293abf-bd75-40d9-81b7-896ff667771a,2026-06-03T03:30:00Z,2026-06-03T05:30:00+0200,8439.91992,MW,FR,FR,forecast_onshore_wind_generation,Wind Onshore,2026-06-13T21:03:52Z
2026-06-13T21:02:15Z,2026-06-13T23:02:15+0200,37293abf-bd75-40d9-81b7-896ff667771a,2026-06-03T03:45:00Z,2026-06-03T05:45:00+0200,8288.16016,MW,FR,FR,forecast_onshore_wind_generation,Wind Onshore,2026-06-13T21:03:52Z
2026-06-13T21:02:15Z,2026-06-13T23:02:15+0200,37293abf-bd75-40d9-81b7-896ff667771a,2026-06-03T04:00:00Z,2026-06-03T06:00:00+0200,8136.37012,MW,FR,FR,forecast_onshore_wind_generation,Wind Onshore,2026-06-13T21:03:52Z
2026-06-13T21:02:15Z,2026-06-13T23:02:15+0200,37293abf-bd75-40d9-81b7-896ff667771a,2026-06-03T04:15:00Z,2026-06-03T06:15:00+0200,7879.22021,MW,FR,FR,forecast_onshore_wind_generation,Wind Onshore,2026-06-13T21:03:52Z
2026-06-13T21:02:15Z,2026-06-13T23:02:15+0200,37293abf-bd75-40d9-81b7-896ff667771a,2026-06-03T04:30:00Z,2026-06-03T06:30:00+0200,7622.07031,MW,FR,FR,forecast_onshore_wind_generation,Wind Onshore,2026-06-13T21:03:52Z
2026-06-13T21:02:15Z,2026-06-13T23:02:15+0200,37293abf-bd75-40d9-81b7-896ff667771a,2026-06-03T04:45:00Z,2026-06-03T06:45:00+0200,7365.05957,MW,FR,FR,forecast_onshore_wind_generation,Wind Onshore,2026-06-13T21:03:52Z
2026-06-13T21:02:15Z,2026-06-13T23:02:15+0200,37293abf-bd75-40d9-81b7-896ff667771a,2026-06-03T05:00:00Z,2026-06-03T07:00:00+0200,7108.07031,MW,FR,FR,forecast_onshore_wind_generation,Wind Onshore,2026-06-13T21:03:52Z
2026-06-13T21:02:15Z,2026-06-13T23:02:15+0200,37293abf-bd75-40d9-81b7-896ff667771a,2026-06-03T05:15:00Z,2026-06-03T07:15:00+0200,7112.12988,MW,FR,FR,forecast_onshore_wind_generation,Wind Onshore,2026-06-13T21:03:52Z
2026-06-13T21:02:15Z,2026-06-13T23:02:15+0200,37293abf-bd75-40d9-81b7-896ff667771a,2026-06-03T05:30:00Z,2026-06-03T07:30:00+0200,7116.18994,MW,FR,FR,forecast_onshore_wind_generation,Wind Onshore,2026-06-13T21:03:52Z
2026-06-13T21:02:15Z,2026-06-13T23:02:15+0200,37293abf-bd75-40d9-81b7-896ff667771a,2026-06-03T05:45:00Z,2026-06-03T07:45:00+0200,7120.22021,MW,FR,FR,forecast_onshore_wind_generation,Wind Onshore,2026-06-13T21:03:52Z
2026-06-13T21:02:15Z,2026-06-13T23:02:15+0200,37293abf-bd75-40d9-81b7-896ff667771a,2026-06-03T06:00:00Z,2026-06-03T08:00:00+0200,7124.26025,MW,FR,FR,forecast_onshore_wind_generation,Wind Onshore,2026-06-13T21:03:52Z
2026-06-13T21:02:15Z,2026-06-13T23:02:15+0200,37293abf-bd75-40d9-81b7-896ff667771a,2026-06-03T06:15:00Z,2026-06-03T08:15:00+0200,7375.01953,MW,FR,FR,forecast_onshore_wind_generation,Wind Onshore,2026-06-13T21:03:52Z
2026-06-13T21:02:15Z,2026-06-13T23:02:15+0200,37293abf-bd75-40d9-81b7-896ff667771a,2026-06-03T06:30:00Z,2026-06-03T08:30:00+0200,7625.77979,MW,FR,FR,forecast_onshore_wind_generation,Wind Onshore,2026-06-13T21:03:52Z
2026-06-13T21:02:15Z,2026-06-13T23:02:15+0200,37293abf-bd75-40d9-81b7-896ff667771a,2026-06-03T06:45:00Z,2026-06-03T08:45:00+0200,7876.68994,MW,FR,FR,forecast_onshore_wind_generation,Wind Onshore,2026-06-13T21:03:52Z
2026-06-13T21:02:15Z,2026-06-13T23:02:15+0200,37293abf-bd75-40d9-81b7-896ff667771a,2026-06-03T07:00:00Z,2026-06-03T09:00:00+0200,8127.57031,MW,FR,FR,forecast_onshore_wind_generation,Wind Onshore,2026-06-13T21:03:52Z
2026-06-13T21:02:15Z,2026-06-13T23:02:15+0200,37293abf-bd75-40d9-81b7-896ff667771a,2026-06-03T07:15:00Z,2026-06-03T09:15:00+0200,8209.41016,MW,FR,FR,forecast_onshore_wind_generation,Wind Onshore,2026-06-13T21:03:52Z
2026-06-13T21:02:15Z,2026-06-13T23:02:15+0200,37293abf-bd75-40d9-81b7-896ff667771a,2026-06-03T07:30:00Z,2026-06-03T09:30:00+0200,8291.17969,MW,FR,FR,forecast_onshore_wind_generation,Wind Onshore,2026-06-13T21:03:52Z
2026-06-13T21:02:15Z,2026-06-13T23:02:15+0200,37293abf-bd75-40d9-81b7-896ff667771a,2026-06-03T07:45:00Z,2026-06-03T09:45:00+0200,8372.87012,MW,FR,FR,forecast_onshore_wind_generation,Wind Onshore,2026-06-13T21:03:52Z
2026-06-13T21:02:15Z,2026-06-13T23:02:15+0200,37293abf-bd75-40d9-81b7-896ff667771a,2026-06-03T08:00:00Z,2026-06-03T10:00:00+0200,8454.53906,MW,FR,FR,forecast_onshore_wind_generation,Wind Onshore,2026-06-13T21:03:52Z
2026-06-13T21:02:15Z,2026-06-13T23:02:15+0200,37293abf-bd75-40d9-81b7-896ff667771a,2026-06-03T08:15:00Z,2026-06-03T10:15:00+0200,8685.05273,MW,FR,FR,forecast_onshore_wind_generation,Wind Onshore,2026-06-13T21:03:52Z
2026-06-13T21:02:15Z,2026-06-13T23:02:15+0200,37293abf-bd75-40d9-81b7-896ff667771a,2026-06-03T08:30:00Z,2026-06-03T10:30:00+0200,5294.33984,MW,FR,FR,forecast_onshore_wind_generation,Wind Onshore,2026-06-13T21:03:52Z
2026-06-13T21:02:15Z,2026-06-13T23:02:15+0200,37293abf-bd75-40d9-81b7-896ff667771a,2026-06-03T08:45:00Z,2026-06-03T10:45:00+0200,5432.53125,MW,FR,FR,forecast_onshore_wind_generation,Wind Onshore,2026-06-13T21:03:52Z
2026-06-13T21:02:15Z,2026-06-13T23:02:15+0200,37293abf-bd75-40d9-81b7-896ff667771a,2026-06-03T09:00:00Z,2026-06-03T11:00:00+0200,5570.64551,MW,FR,FR,forecast_onshore_wind_generation,Wind Onshore,2026-06-13T21:03:52Z
2026-06-13T21:02:15Z,2026-06-13T23:02:15+0200,37293abf-bd75-40d9-81b7-896ff667771a,2026-06-03T09:15:00Z,2026-06-03T11:15:00+0200,5710.25195,MW,FR,FR,forecast_onshore_wind_generation,Wind Onshore,2026-06-13T21:03:52Z
2026-06-13T21:02:15Z,2026-06-13T23:02:15+0200,37293abf-bd75-40d9-81b7-896ff667771a,2026-06-03T09:30:00Z,2026-06-03T11:30:00+0200,5849.64307,MW,FR,FR,forecast_onshore_wind_generation,Wind Onshore,2026-06-13T21:03:52Z
2026-06-13T21:02:15Z,2026-06-13T23:02:15+0200,37293abf-bd75-40d9-81b7-896ff667771a,2026-06-03T09:45:00Z,2026-06-03T11:45:00+0200,5989.10938,MW,FR,FR,forecast_onshore_wind_generation,Wind Onshore,2026-06-13T21:03:52Z
2026-06-13T21:02:15Z,2026-06-13T23:02:15+0200,37293abf-bd75-40d9-81b7-896ff667771a,2026-06-03T10:00:00Z,2026-06-03T12:00:00+0200,6128.45605,MW,FR,FR,forecast_onshore_wind_generation,Wind Onshore,2026-06-13T21:03:52Z
2026-06-13T21:02:15Z,2026-06-13T23:02:15+0200,37293abf-bd75-40d9-81b7-896ff667771a,2026-06-03T10:15:00Z,2026-06-03T12:15:00+0200,6281.79541,MW,FR,FR,forecast_onshore_wind_generation,Wind Onshore,2026-06-13T21:03:52Z
2026-06-13T21:02:15Z,2026-06-13T23:02:15+0200,37293abf-bd75-40d9-81b7-896ff667771a,2026-06-03T10:30:00Z,2026-06-03T12:30:00+0200,6435.22168,MW,FR,FR,forecast_onshore_wind_generation,Wind Onshore,2026-06-13T21:03:52Z
2026-06-13T21:02:15Z,2026-06-13T23:02:15+0200,37293abf-bd75-40d9-81b7-896ff667771a,2026-06-03T10:45:00Z,2026-06-03T12:45:00+0200,6588.05811,MW,FR,FR,forecast_onshore_wind_generation,Wind Onshore,2026-06-13T21:03:52Z
2026-06-13T21:02:15Z,2026-06-13T23:02:15+0200,37293abf-bd75-40d9-81b7-896ff667771a,2026-06-03T11:00:00Z,2026-06-03T13:00:00+0200,6741.32568,MW,FR,FR,forecast_onshore_wind_generation,Wind Onshore,2026-06-13T21:03:52Z
2026-06-13T21:02:15Z,2026-06-13T23:02:15+0200,37293abf-bd75-40d9-81b7-896ff667771a,2026-06-03T11:15:00Z,2026-06-03T13:15:00+0200,6800.60596,MW,FR,FR,forecast_onshore_wind_generation,Wind Onshore,2026-06-13T21:03:52Z
2026-06-13T21:02:15Z,2026-06-13T23:02:15+0200,37293abf-bd75-40d9-81b7-896ff667771a,2026-06-03T11:30:00Z,2026-06-03T13:30:00+0200,6860.01562,MW,FR,FR,forecast_onshore_wind_generation,Wind Onshore,2026-06-13T21:03:52Z
2026-06-13T21:02:15Z,2026-06-13T23:02:15+0200,37293abf-bd75-40d9-81b7-896ff667771a,2026-06-03T11:45:00Z,2026-06-03T13:45:00+0200,6919.34814,MW,FR,FR,forecast_onshore_wind_generation,Wind Onshore,2026-06-13T21:03:52Z
2026-06-13T21:02:15Z,2026-06-13T23:02:15+0200,37293abf-bd75-40d9-81b7-896ff667771a,2026-06-03T12:00:00Z,2026-06-03T14:00:00+0200,6978.83887,MW,FR,FR,forecast_onshore_wind_generation,Wind Onshore,2026-06-13T21:03:52Z
2026-06-13T21:02:15Z,2026-06-13T23:02:15+0200,37293abf-bd75-40d9-81b7-896ff667771a,2026-06-03T12:15:00Z,2026-06-03T14:15:00+0200,6925.65625,MW,FR,FR,forecast_onshore_wind_generation,Wind Onshore,2026-06-13T21:03:52Z
2026-06-13T21:02:15Z,2026-06-13T23:02:15+0200,37293abf-bd75-40d9-81b7-896ff667771a,2026-06-03T12:30:00Z,2026-06-03T14:30:00+0200,6872.45361,MW,FR,FR,forecast_onshore_wind_generation,Wind Onshore,2026-06-13T21:03:52Z
2026-06-13T21:02:15Z,2026-06-13T23:02:15+0200,37293abf-bd75-40d9-81b7-896ff667771a,2026-06-03T12:45:00Z,2026-06-03T14:45:00+0200,6819.43359,MW,FR,FR,forecast_onshore_wind_generation,Wind Onshore,2026-06-13T21:03:52Z
2026-06-13T21:02:15Z,2026-06-13T23:02:15+0200,37293abf-bd75-40d9-81b7-896ff667771a,2026-06-03T13:00:00Z,2026-06-03T15:00:00+0200,6766.5166,MW,FR,FR,forecast_onshore_wind_generation,Wind Onshore,2026-06-13T21:03:52Z
2026-06-13T21:02:15Z,2026-06-13T23:02:15+0200,37293abf-bd75-40d9-81b7-896ff667771a,2026-06-03T13:15:00Z,2026-06-03T15:15:00+0200,6800.86426,MW,FR,FR,forecast_onshore_wind_generation,Wind Onshore,2026-06-13T21:03:52Z
2026-06-13T21:02:15Z,2026-06-13T23:02:15+0200,37293abf-bd75-40d9-81b7-896ff667771a,2026-06-03T13:30:00Z,2026-06-03T15:30:00+0200,4441.86816,MW,FR,FR,forecast_onshore_wind_generation,Wind Onshore,2026-06-13T21:03:52Z
2026-06-13T21:02:15Z,2026-06-13T23:02:15+0200,37293abf-bd75-40d9-81b7-896ff667771a,2026-06-03T13:45:00Z,2026-06-03T15:45:00+0200,4460.64844,MW,FR,FR,forecast_onshore_wind_generation,Wind Onshore,2026-06-13T21:03:52Z
2026-06-13T21:02:15Z,2026-06-13T23:02:15+0200,37293abf-bd75-40d9-81b7-896ff667771a,2026-06-03T14:00:00Z,2026-06-03T16:00:00+0200,4479.75146,MW,FR,FR,forecast_onshore_wind_generation,Wind Onshore,2026-06-13T21:03:52Z
2026-06-13T21:02:15Z,2026-06-13T23:02:15+0200,37293abf-bd75-40d9-81b7-896ff667771a,2026-06-03T14:15:00Z,2026-06-03T16:15:00+0200,4458.03223,MW,FR,FR,forecast_onshore_wind_generation,Wind Onshore,2026-06-13T21:03:52Z
2026-06-13T21:02:15Z,2026-06-13T23:02:15+0200,37293abf-bd75-40d9-81b7-896ff667771a,2026-06-03T14:30:00Z,2026-06-03T16:30:00+0200,4436.09814,MW,FR,FR,forecast_onshore_wind_generation,Wind Onshore,2026-06-13T21:03:52Z
2026-06-13T21:02:15Z,2026-06-13T23:02:15+0200,37293abf-bd75-40d9-81b7-896ff667771a,2026-06-03T14:45:00Z,2026-06-03T16:45:00+0200,6818.26074,MW,FR,FR,forecast_onshore_wind_generation,Wind Onshore,2026-06-13T21:03:52Z
2026-06-13T21:02:15Z,2026-06-13T23:02:15+0200,37293abf-bd75-40d9-81b7-896ff667771a,2026-06-03T15:00:00Z,2026-06-03T17:00:00+0200,6789.51172,MW,FR,FR,forecast_onshore_wind_generation,Wind Onshore,2026-06-13T21:03:52Z
2026-06-13T21:02:15Z,2026-06-13T23:02:15+0200,37293abf-bd75-40d9-81b7-896ff667771a,2026-06-03T15:15:00Z,2026-06-03T17:15:00+0200,6845.16699,MW,FR,FR,forecast_onshore_wind_generation,Wind Onshore,2026-06-13T21:03:52Z
2026-06-13T21:02:15Z,2026-06-13T23:02:15+0200,37293abf-bd75-40d9-81b7-896ff667771a,2026-06-03T15:30:00Z,2026-06-03T17:30:00+0200,6900.68066,MW,FR,FR,forecast_onshore_wind_generation,Wind Onshore,2026-06-13T21:03:52Z
2026-06-13T21:02:15Z,2026-06-13T23:02:15+0200,37293abf-bd75-40d9-81b7-896ff667771a,2026-06-03T15:45:00Z,2026-06-03T17:45:00+0200,6956.10254,MW,FR,FR,forecast_onshore_wind_generation,Wind Onshore,2026-06-13T21:03:52Z
2026-06-13T21:02:15Z,2026-06-13T23:02:15+0200,37293abf-bd75-40d9-81b7-896ff667771a,2026-06-03T16:00:00Z,2026-06-03T18:00:00+0200,11726.30078,MW,FR,FR,forecast_onshore_wind_generation,Wind Onshore,2026-06-13T21:03:52Z
2026-06-13T21:02:15Z,2026-06-13T23:02:15+0200,37293abf-bd75-40d9-81b7-896ff667771a,2026-06-03T16:15:00Z,2026-06-03T18:15:00+0200,11772.5,MW,FR,FR,forecast_onshore_wind_generation,Wind Onshore,2026-06-13T21:03:52Z
2026-06-13T21:02:15Z,2026-06-13T23:02:15+0200,37293abf-bd75-40d9-81b7-896ff667771a,2026-06-03T16:30:00Z,2026-06-03T18:30:00+0200,11818.60059,MW,FR,FR,forecast_onshore_wind_generation,Wind Onshore,2026-06-13T21:03:52Z
2026-06-13T21:02:15Z,2026-06-13T23:02:15+0200,37293abf-bd75-40d9-81b7-896ff667771a,2026-06-03T16:45:00Z,2026-06-03T18:45:00+0200,11864.83008,MW,FR,FR,forecast_onshore_wind_generation,Wind Onshore,2026-06-13T21:03:52Z
2026-06-13T21:02:15Z,2026-06-13T23:02:15+0200,37293abf-bd75-40d9-81b7-896ff667771a,2026-06-03T17:00:00Z,2026-06-03T19:00:00+0200,11911.05078,MW,FR,FR,forecast_onshore_wind_generation,Wind Onshore,2026-06-13T21:03:52Z
2026-06-13T21:02:15Z,2026-06-13T23:02:15+0200,37293abf-bd75-40d9-81b7-896ff667771a,2026-06-03T17:15:00Z,2026-06-03T19:15:00+0200,11956.68945,MW,FR,FR,forecast_onshore_wind_generation,Wind Onshore,2026-06-13T21:03:52Z
2026-06-13T21:02:15Z,2026-06-13T23:02:15+0200,37293abf-bd75-40d9-81b7-896ff667771a,2026-06-03T17:30:00Z,2026-06-03T19:30:00+0200,12002.33008,MW,FR,FR,forecast_onshore_wind_generation,Wind Onshore,2026-06-13T21:03:52Z
2026-06-13T21:02:15Z,2026-06-13T23:02:15+0200,37293abf-bd75-40d9-81b7-896ff667771a,2026-06-03T17:45:00Z,2026-06-03T19:45:00+0200,12047.83008,MW,FR,FR,forecast_onshore_wind_generation,Wind Onshore,2026-06-13T21:03:52Z
2026-06-13T21:02:15Z,2026-06-13T23:02:15+0200,37293abf-bd75-40d9-81b7-896ff667771a,2026-06-03T18:00:00Z,2026-06-03T20:00:00+0200,12093.33008,MW,FR,FR,forecast_onshore_wind_generation,Wind Onshore,2026-06-13T21:03:52Z
2026-06-13T21:02:15Z,2026-06-13T23:02:15+0200,37293abf-bd75-40d9-81b7-896ff667771a,2026-06-03T18:15:00Z,2026-06-03T20:15:00+0200,12055.4502,MW,FR,FR,forecast_onshore_wind_generation,Wind Onshore,2026-06-13T21:03:52Z
2026-06-13T21:02:15Z,2026-06-13T23:02:15+0200,37293abf-bd75-40d9-81b7-896ff667771a,2026-06-03T18:30:00Z,2026-06-03T20:30:00+0200,12017.58984,MW,FR,FR,forecast_onshore_wind_generation,Wind Onshore,2026-06-13T21:03:52Z
2026-06-13T21:02:15Z,2026-06-13T23:02:15+0200,37293abf-bd75-40d9-81b7-896ff667771a,2026-06-03T18:45:00Z,2026-06-03T20:45:00+0200,11980.14941,MW,FR,FR,forecast_onshore_wind_generation,Wind Onshore,2026-06-13T21:03:52Z
2026-06-13T21:02:15Z,2026-06-13T23:02:15+0200,37293abf-bd75-40d9-81b7-896ff667771a,2026-06-03T19:00:00Z,2026-06-03T21:00:00+0200,11942.70996,MW,FR,FR,forecast_onshore_wind_generation,Wind Onshore,2026-06-13T21:03:52Z
2026-06-13T21:02:15Z,2026-06-13T23:02:15+0200,37293abf-bd75-40d9-81b7-896ff667771a,2026-06-03T19:15:00Z,2026-06-03T21:15:00+0200,12044.78027,MW,FR,FR,forecast_onshore_wind_generation,Wind Onshore,2026-06-13T21:03:52Z
2026-06-13T21:02:15Z,2026-06-13T23:02:15+0200,37293abf-bd75-40d9-81b7-896ff667771a,2026-06-03T19:30:00Z,2026-06-03T21:30:00+0200,12146.87012,MW,FR,FR,forecast_onshore_wind_generation,Wind Onshore,2026-06-13T21:03:52Z
2026-06-13T21:02:15Z,2026-06-13T23:02:15+0200,37293abf-bd75-40d9-81b7-896ff667771a,2026-06-03T19:45:00Z,2026-06-03T21:45:00+0200,12248.91992,MW,FR,FR,forecast_onshore_wind_generation,Wind Onshore,2026-06-13T21:03:52Z
2026-06-13T21:02:15Z,2026-06-13T23:02:15+0200,37293abf-bd75-40d9-81b7-896ff667771a,2026-06-03T20:00:00Z,2026-06-03T22:00:00+0200,12351.01953,MW,FR,FR,forecast_onshore_wind_generation,Wind Onshore,2026-06-13T21:03:52Z
2026-06-13T21:02:15Z,2026-06-13T23:02:15+0200,37293abf-bd75-40d9-81b7-896ff667771a,2026-06-03T20:15:00Z,2026-06-03T22:15:00+0200,12359.16016,MW,FR,FR,forecast_onshore_wind_generation,Wind Onshore,2026-06-13T21:03:52Z
2026-06-13T21:02:15Z,2026-06-13T23:02:15+0200,37293abf-bd75-40d9-81b7-896ff667771a,2026-06-03T20:30:00Z,2026-06-03T22:30:00+0200,12367.32031,MW,FR,FR,forecast_onshore_wind_generation,Wind Onshore,2026-06-13T21:03:52Z
2026-06-13T21:02:15Z,2026-06-13T23:02:15+0200,37293abf-bd75-40d9-81b7-896ff667771a,2026-06-03T20:45:00Z,2026-06-03T22:45:00+0200,12375.57031,MW,FR,FR,forecast_onshore_wind_generation,Wind Onshore,2026-06-13T21:03:52Z
2026-06-13T21:02:15Z,2026-06-13T23:02:15+0200,37293abf-bd75-40d9-81b7-896ff667771a,2026-06-03T21:00:00Z,2026-06-03T23:00:00+0200,12383.82031,MW,FR,FR,forecast_onshore_wind_generation,Wind Onshore,2026-06-13T21:03:52Z
2026-06-13T21:02:15Z,2026-06-13T23:02:15+0200,37293abf-bd75-40d9-81b7-896ff667771a,2026-06-03T21:15:00Z,2026-06-03T23:15:00+0200,12311.78027,MW,FR,FR,forecast_onshore_wind_generation,Wind Onshore,2026-06-13T21:03:52Z
2026-06-13T21:02:15Z,2026-06-13T23:02:15+0200,37293abf-bd75-40d9-81b7-896ff667771a,2026-06-03T21:30:00Z,2026-06-03T23:30:00+0200,12239.75,MW,FR,FR,forecast_onshore_wind_generation,Wind Onshore,2026-06-13T21:03:52Z
2026-06-13T21:02:15Z,2026-06-13T23:02:15+0200,37293abf-bd75-40d9-81b7-896ff667771a,2026-06-03T21:45:00Z,2026-06-03T23:45:00+0200,12167.57031,MW,FR,FR,forecast_onshore_wind_generation,Wind Onshore,2026-06-13T21:03:52Z
2026-06-13T21:02:15Z,2026-06-13T23:02:15+0200,37293abf-bd75-40d9-81b7-896ff667771a,2026-06-03T22:00:00Z,2026-06-04T00:00:00+0200,11903.24023,MW,FR,FR,forecast_onshore_wind_generation,Wind Onshore,2026-06-13T21:03:52Z
2026-06-13T21:02:15Z,2026-06-13T23:02:15+0200,37293abf-bd75-40d9-81b7-896ff667771a,2026-06-03T22:15:00Z,2026-06-04T00:15:00+0200,11808.04004,MW,FR,FR,forecast_onshore_wind_generation,Wind Onshore,2026-06-13T21:03:52Z
2026-06-13T21:02:15Z,2026-06-13T23:02:15+0200,37293abf-bd75-40d9-81b7-896ff667771a,2026-06-03T22:30:00Z,2026-06-04T00:30:00+0200,11712.92969,MW,FR,FR,forecast_onshore_wind_generation,Wind Onshore,2026-06-13T21:03:52Z
2026-06-13T21:02:15Z,2026-06-13T23:02:15+0200,37293abf-bd75-40d9-81b7-896ff667771a,2026-06-03T22:45:00Z,2026-06-04T00:45:00+0200,11617.76953,MW,FR,FR,forecast_onshore_wind_generation,Wind Onshore,2026-06-13T21:03:52Z
2026-06-13T21:02:15Z,2026-06-13T23:02:15+0200,37293abf-bd75-40d9-81b7-896ff667771a,2026-06-03T23:00:00Z,2026-06-04T01:00:00+0200,11522.66016,MW,FR,FR,forecast_onshore_wind_generation,Wind Onshore,2026-06-13T21:03:52Z
2026-06-13T21:02:15Z,2026-06-13T23:02:15+0200,37293abf-bd75-40d9-81b7-896ff667771a,2026-06-03T23:15:00Z,2026-06-04T01:15:00+0200,11491.12012,MW,FR,FR,forecast_onshore_wind_generation,Wind Onshore,2026-06-13T21:03:52Z
2026-06-13T21:02:15Z,2026-06-13T23:02:15+0200,37293abf-bd75-40d9-81b7-896ff667771a,2026-06-03T23:30:00Z,2026-06-04T01:30:00+0200,11459.64941,MW,FR,FR,forecast_onshore_wind_generation,Wind Onshore,2026-06-13T21:03:52Z
2026-06-13T21:02:15Z,2026-06-13T23:02:15+0200,37293abf-bd75-40d9-81b7-896ff667771a,2026-06-03T23:45:00Z,2026-06-04T01:45:00+0200,11428.17969,MW,FR,FR,forecast_onshore_wind_generation,Wind Onshore,2026-06-13T21:03:52Z
2026-06-13T21:02:15Z,2026-06-13T23:02:15+0200,37293abf-bd75-40d9-81b7-896ff667771a,2026-06-04T00:00:00Z,2026-06-04T02:00:00+0200,11396.80078,MW,FR,FR,forecast_onshore_wind_generation,Wind Onshore,2026-06-13T21:03:52Z
2026-06-13T21:02:15Z,2026-06-13T23:02:15+0200,37293abf-bd75-40d9-81b7-896ff667771a,2026-06-04T00:15:00Z,2026-06-04T02:15:00+0200,11349.20996,MW,FR,FR,forecast_onshore_wind_generation,Wind Onshore,2026-06-13T21:03:52Z
2026-06-13T21:02:15Z,2026-06-13T23:02:15+0200,37293abf-bd75-40d9-81b7-896ff667771a,2026-06-04T00:30:00Z,2026-06-04T02:30:00+0200,11301.66992,MW,FR,FR,forecast_onshore_wind_generation,Wind Onshore,2026-06-13T21:03:52Z
2026-06-13T21:02:15Z,2026-06-13T23:02:15+0200,37293abf-bd75-40d9-81b7-896ff667771a,2026-06-04T00:45:00Z,2026-06-04T02:45:00+0200,11254.56055,MW,FR,FR,forecast_onshore_wind_generation,Wind Onshore,2026-06-13T21:03:52Z
2026-06-13T21:02:15Z,2026-06-13T23:02:15+0200,37293abf-bd75-40d9-81b7-896ff667771a,2026-06-04T01:00:00Z,2026-06-04T03:00:00+0200,11207.62988,MW,FR,FR,forecast_onshore_wind_generation,Wind Onshore,2026-06-13T21:03:52Z
2026-06-13T21:02:15Z,2026-06-13T23:02:15+0200,37293abf-bd75-40d9-81b7-896ff667771a,2026-06-04T01:15:00Z,2026-06-04T03:15:00+0200,11257.93945,MW,FR,FR,forecast_onshore_wind_generation,Wind Onshore,2026-06-13T21:03:52Z
2026-06-13T21:02:15Z,2026-06-13T23:02:15+0200,37293abf-bd75-40d9-81b7-896ff667771a,2026-06-04T01:30:00Z,2026-06-04T03:30:00+0200,11308.29004,MW,FR,FR,forecast_onshore_wind_generation,Wind Onshore,2026-06-13T21:03:52Z
2026-06-13T21:02:15Z,2026-06-13T23:02:15+0200,37293abf-bd75-40d9-81b7-896ff667771a,2026-06-04T01:45:00Z,2026-06-04T03:45:00+0200,11358.2793,MW,FR,FR,forecast_onshore_wind_generation,Wind Onshore,2026-06-13T21:03:52Z
2026-06-13T21:02:15Z,2026-06-13T23:02:15+0200,37293abf-bd75-40d9-81b7-896ff667771a,2026-06-04T02:00:00Z,2026-06-04T04:00:00+0200,11408.37012,MW,FR,FR,forecast_onshore_wind_generation,Wind Onshore,2026-06-13T21:03:52Z
2026-06-13T21:02:15Z,2026-06-13T23:02:15+0200,37293abf-bd75-40d9-81b7-896ff667771a,2026-06-04T02:15:00Z,2026-06-04T04:15:00+0200,11323.71094,MW,FR,FR,forecast_onshore_wind_generation,Wind Onshore,2026-06-13T21:03:52Z
2026-06-13T21:02:15Z,2026-06-13T23:02:15+0200,37293abf-bd75-40d9-81b7-896ff667771a,2026-06-04T02:30:00Z,2026-06-04T04:30:00+0200,11239.13086,MW,FR,FR,forecast_onshore_wind_generation,Wind Onshore,2026-06-13T21:03:52Z
2026-06-13T21:02:15Z,2026-06-13T23:02:15+0200,37293abf-bd75-40d9-81b7-896ff667771a,2026-06-04T02:45:00Z,2026-06-04T04:45:00+0200,11153.78027,MW,FR,FR,forecast_onshore_wind_generation,Wind Onshore,2026-06-13T21:03:52Z
2026-06-13T21:02:15Z,2026-06-13T23:02:15+0200,37293abf-bd75-40d9-81b7-896ff667771a,2026-06-04T03:00:00Z,2026-06-04T05:00:00+0200,11068.63086,MW,FR,FR,forecast_onshore_wind_generation,Wind Onshore,2026-06-13T21:03:52Z
2026-06-13T21:02:15Z,2026-06-13T23:02:15+0200,37293abf-bd75-40d9-81b7-896ff667771a,2026-06-04T03:15:00Z,2026-06-04T05:15:00+0200,10999.5498,MW,FR,FR,forecast_onshore_wind_generation,Wind Onshore,2026-06-13T21:03:52Z
2026-06-13T21:02:15Z,2026-06-13T23:02:15+0200,37293abf-bd75-40d9-81b7-896ff667771a,2026-06-04T03:30:00Z,2026-06-04T05:30:00+0200,10930.5,MW,FR,FR,forecast_onshore_wind_generation,Wind Onshore,2026-06-13T21:03:52Z
2026-06-13T21:02:15Z,2026-06-13T23:02:15+0200,37293abf-bd75-40d9-81b7-896ff667771a,2026-06-04T03:45:00Z,2026-06-04T05:45:00+0200,10861.00977,MW,FR,FR,forecast_onshore_wind_generation,Wind Onshore,2026-06-13T21:03:52Z
2026-06-13T21:02:15Z,2026-06-13T23:02:15+0200,37293abf-bd75-40d9-81b7-896ff667771a,2026-06-04T04:00:00Z,2026-06-04T06:00:00+0200,10791.57031,MW,FR,FR,forecast_onshore_wind_generation,Wind Onshore,2026-06-13T21:03:52Z
2026-06-13T21:02:15Z,2026-06-13T23:02:15+0200,37293abf-bd75-40d9-81b7-896ff667771a,2026-06-04T04:15:00Z,2026-06-04T06:15:00+0200,10795.77051,MW,FR,FR,forecast_onshore_wind_generation,Wind Onshore,2026-06-13T21:03:52Z
2026-06-13T21:02:15Z,2026-06-13T23:02:15+0200,37293abf-bd75-40d9-81b7-896ff667771a,2026-06-04T04:30:00Z,2026-06-04T06:30:00+0200,10800.17969,MW,FR,FR,forecast_onshore_wind_generation,Wind Onshore,2026-06-13T21:03:52Z
2026-06-13T21:02:15Z,2026-06-13T23:02:15+0200,37293abf-bd75-40d9-81b7-896ff667771a,2026-06-04T04:45:00Z,2026-06-04T06:45:00+0200,10804.12012,MW,FR,FR,forecast_onshore_wind_generation,Wind Onshore,2026-06-13T21:03:52Z
2026-06-13T21:02:15Z,2026-06-13T23:02:15+0200,37293abf-bd75-40d9-81b7-896ff667771a,2026-06-04T05:00:00Z,2026-06-04T07:00:00+0200,10808.16016,MW,FR,FR,forecast_onshore_wind_generation,Wind Onshore,2026-06-13T21:03:52Z
2026-06-13T21:02:15Z,2026-06-13T23:02:15+0200,37293abf-bd75-40d9-81b7-896ff667771a,2026-06-04T05:15:00Z,2026-06-04T07:15:00+0200,10762.65918,MW,FR,FR,forecast_onshore_wind_generation,Wind Onshore,2026-06-13T21:03:52Z
2026-06-13T21:02:15Z,2026-06-13T23:02:15+0200,37293abf-bd75-40d9-81b7-896ff667771a,2026-06-04T05:30:00Z,2026-06-04T07:30:00+0200,10717.52051,MW,FR,FR,forecast_onshore_wind_generation,Wind Onshore,2026-06-13T21:03:52Z
2026-06-13T21:02:15Z,2026-06-13T23:02:15+0200,37293abf-bd75-40d9-81b7-896ff667771a,2026-06-04T05:45:00Z,2026-06-04T07:45:00+0200,10672.55957,MW,FR,FR,forecast_onshore_wind_generation,Wind Onshore,2026-06-13T21:03:52Z
2026-06-13T21:02:15Z,2026-06-13T23:02:15+0200,37293abf-bd75-40d9-81b7-896ff667771a,2026-06-04T06:00:00Z,2026-06-04T08:00:00+0200,10627.79004,MW,FR,FR,forecast_onshore_wind_generation,Wind Onshore,2026-06-13T21:03:52Z
2026-06-13T21:02:15Z,2026-06-13T23:02:15+0200,37293abf-bd75-40d9-81b7-896ff667771a,2026-06-04T06:15:00Z,2026-06-04T08:15:00+0200,10653.12988,MW,FR,FR,forecast_onshore_wind_generation,Wind Onshore,2026-06-13T21:03:52Z
2026-06-13T21:02:15Z,2026-06-13T23:02:15+0200,37293abf-bd75-40d9-81b7-896ff667771a,2026-06-04T06:30:00Z,2026-06-04T08:30:00+0200,10678.53027,MW,FR,FR,forecast_onshore_wind_generation,Wind Onshore,2026-06-13T21:03:52Z
2026-06-13T21:02:15Z,2026-06-13T23:02:15+0200,37293abf-bd75-40d9-81b7-896ff667771a,2026-06-04T06:45:00Z,2026-06-04T08:45:00+0200,10703.83008,MW,FR,FR,forecast_onshore_wind_generation,Wind Onshore,2026-06-13T21:03:52Z
2026-06-13T21:02:15Z,2026-06-13T23:02:15+0200,37293abf-bd75-40d9-81b7-896ff667771a,2026-06-04T07:00:00Z,2026-06-04T09:00:00+0200,10729.24023,MW,FR,FR,forecast_onshore_wind_generation,Wind Onshore,2026-06-13T21:03:52Z
2026-06-13T21:02:15Z,2026-06-13T23:02:15+0200,37293abf-bd75-40d9-81b7-896ff667771a,2026-06-04T07:15:00Z,2026-06-04T09:15:00+0200,10822.54004,MW,FR,FR,forecast_onshore_wind_generation,Wind Onshore,2026-06-13T21:03:52Z
2026-06-13T21:02:15Z,2026-06-13T23:02:15+0200,37293abf-bd75-40d9-81b7-896ff667771a,2026-06-04T07:30:00Z,2026-06-04T09:30:00+0200,10916.05957,MW,FR,FR,forecast_onshore_wind_generation,Wind Onshore,2026-06-13T21:03:52Z
2026-06-13T21:02:15Z,2026-06-13T23:02:15+0200,37293abf-bd75-40d9-81b7-896ff667771a,2026-06-04T07:45:00Z,2026-06-04T09:45:00+0200,11009.89941,MW,FR,FR,forecast_onshore_wind_generation,Wind Onshore,2026-06-13T21:03:52Z
2026-06-13T21:02:15Z,2026-06-13T23:02:15+0200,37293abf-bd75-40d9-81b7-896ff667771a,2026-06-04T08:00:00Z,2026-06-04T10:00:00+0200,11103.91016,MW,FR,FR,forecast_onshore_wind_generation,Wind Onshore,2026-06-13T21:03:52Z
2026-06-13T21:02:15Z,2026-06-13T23:02:15+0200,37293abf-bd75-40d9-81b7-896ff667771a,2026-06-04T08:15:00Z,2026-06-04T10:15:00+0200,11332.23047,MW,FR,FR,forecast_onshore_wind_generation,Wind Onshore,2026-06-13T21:03:52Z
2026-06-13T21:02:15Z,2026-06-13T23:02:15+0200,37293abf-bd75-40d9-81b7-896ff667771a,2026-06-04T08:30:00Z,2026-06-04T10:30:00+0200,11560.7793,MW,FR,FR,forecast_onshore_wind_generation,Wind Onshore,2026-06-13T21:03:52Z
2026-06-13T21:02:15Z,2026-06-13T23:02:15+0200,37293abf-bd75-40d9-81b7-896ff667771a,2026-06-04T08:45:00Z,2026-06-04T10:45:00+0200,11789.48047,MW,FR,FR,forecast_onshore_wind_generation,Wind Onshore,2026-06-13T21:03:52Z
2026-06-13T21:02:15Z,2026-06-13T23:02:15+0200,37293abf-bd75-40d9-81b7-896ff667771a,2026-06-04T09:00:00Z,2026-06-04T11:00:00+0200,12018.30957,MW,FR,FR,forecast_onshore_wind_generation,Wind Onshore,2026-06-13T21:03:52Z
2026-06-13T21:02:15Z,2026-06-13T23:02:15+0200,37293abf-bd75-40d9-81b7-896ff667771a,2026-06-04T09:15:00Z,2026-06-04T11:15:00+0200,12112.69043,MW,FR,FR,forecast_onshore_wind_generation,Wind Onshore,2026-06-13T21:03:52Z
2026-06-13T21:02:15Z,2026-06-13T23:02:15+0200,37293abf-bd75-40d9-81b7-896ff667771a,2026-06-04T09:30:00Z,2026-06-04T11:30:00+0200,12207.32422,MW,FR,FR,forecast_onshore_wind_generation,Wind Onshore,2026-06-13T21:03:52Z
2026-06-13T21:02:15Z,2026-06-13T23:02:15+0200,37293abf-bd75-40d9-81b7-896ff667771a,2026-06-04T09:45:00Z,2026-06-04T11:45:00+0200,7254.43262,MW,FR,FR,forecast_onshore_wind_generation,Wind Onshore,2026-06-13T21:03:52Z
2026-06-13T21:02:15Z,2026-06-13T23:02:15+0200,37293abf-bd75-40d9-81b7-896ff667771a,2026-06-04T10:00:00Z,2026-06-04T12:00:00+0200,7322.83301,MW,FR,FR,forecast_onshore_wind_generation,Wind Onshore,2026-06-13T21:03:52Z
2026-06-13T21:02:15Z,2026-06-13T23:02:15+0200,37293abf-bd75-40d9-81b7-896ff667771a,2026-06-04T10:15:00Z,2026-06-04T12:15:00+0200,12663.96191,MW,FR,FR,forecast_onshore_wind_generation,Wind Onshore,2026-06-13T21:03:52Z
2026-06-13T21:02:15Z,2026-06-13T23:02:15+0200,37293abf-bd75-40d9-81b7-896ff667771a,2026-06-04T10:30:00Z,2026-06-04T12:30:00+0200,12931.15625,MW,FR,FR,forecast_onshore_wind_generation,Wind Onshore,2026-06-13T21:03:52Z
2026-06-13T21:02:15Z,2026-06-13T23:02:15+0200,37293abf-bd75-40d9-81b7-896ff667771a,2026-06-04T10:45:00Z,2026-06-04T12:45:00+0200,7812.63232,MW,FR,FR,forecast_onshore_wind_generation,Wind Onshore,2026-06-13T21:03:52Z
2026-06-13T21:02:15Z,2026-06-13T23:02:15+0200,37293abf-bd75-40d9-81b7-896ff667771a,2026-06-04T11:00:00Z,2026-06-04T13:00:00+0200,7976.29541,MW,FR,FR,forecast_onshore_wind_generation,Wind Onshore,2026-06-13T21:03:52Z
2026-06-13T21:02:15Z,2026-06-13T23:02:15+0200,37293abf-bd75-40d9-81b7-896ff667771a,2026-06-04T11:15:00Z,2026-06-04T13:15:00+0200,8006.38916,MW,FR,FR,forecast_onshore_wind_generation,Wind Onshore,2026-06-13T21:03:52Z
2026-06-13T21:02:15Z,2026-06-13T23:02:15+0200,37293abf-bd75-40d9-81b7-896ff667771a,2026-06-04T11:30:00Z,2026-06-04T13:30:00+0200,8036.76221,MW,FR,FR,forecast_onshore_wind_generation,Wind Onshore,2026-06-13T21:03:52Z
2026-06-13T21:02:15Z,2026-06-13T23:02:15+0200,37293abf-bd75-40d9-81b7-896ff667771a,2026-06-04T11:45:00Z,2026-06-04T13:45:00+0200,8067.91992,MW,FR,FR,forecast_onshore_wind_generation,Wind Onshore,2026-06-13T21:03:52Z
2026-06-13T21:02:15Z,2026-06-13T23:02:15+0200,37293abf-bd75-40d9-81b7-896ff667771a,2026-06-04T12:00:00Z,2026-06-04T14:00:00+0200,8099.61914,MW,FR,FR,forecast_onshore_wind_generation,Wind Onshore,2026-06-13T21:03:52Z
2026-06-13T21:02:15Z,2026-06-13T23:02:15+0200,37293abf-bd75-40d9-81b7-896ff667771a,2026-06-04T12:15:00Z,2026-06-04T14:15:00+0200,8151.04736,MW,FR,FR,forecast_onshore_wind_generation,Wind Onshore,2026-06-13T21:03:52Z
2026-06-13T21:02:15Z,2026-06-13T23:02:15+0200,37293abf-bd75-40d9-81b7-896ff667771a,2026-06-04T12:30:00Z,2026-06-04T14:30:00+0200,8203.4502,MW,FR,FR,forecast_onshore_wind_generation,Wind Onshore,2026-06-13T21:03:52Z
2026-06-13T21:02:15Z,2026-06-13T23:02:15+0200,37293abf-bd75-40d9-81b7-896ff667771a,2026-06-04T12:45:00Z,2026-06-04T14:45:00+0200,8256.43848,MW,FR,FR,forecast_onshore_wind_generation,Wind Onshore,2026-06-13T21:03:52Z
2026-06-13T21:02:15Z,2026-06-13T23:02:15+0200,37293abf-bd75-40d9-81b7-896ff667771a,2026-06-04T13:00:00Z,2026-06-04T15:00:00+0200,8309.53613,MW,FR,FR,forecast_onshore_wind_generation,Wind Onshore,2026-06-13T21:03:52Z
2026-06-13T21:02:15Z,2026-06-13T23:02:15+0200,37293abf-bd75-40d9-81b7-896ff667771a,2026-06-04T13:15:00Z,2026-06-04T15:15:00+0200,8342.56934,MW,FR,FR,forecast_onshore_wind_generation,Wind Onshore,2026-06-13T21:03:52Z
2026-06-13T21:02:15Z,2026-06-13T23:02:15+0200,37293abf-bd75-40d9-81b7-896ff667771a,2026-06-04T13:30:00Z,2026-06-04T15:30:00+0200,8375.9502,MW,FR,FR,forecast_onshore_wind_generation,Wind Onshore,2026-06-13T21:03:52Z
2026-06-13T21:02:15Z,2026-06-13T23:02:15+0200,37293abf-bd75-40d9-81b7-896ff667771a,2026-06-04T13:45:00Z,2026-06-04T15:45:00+0200,8409.72949,MW,FR,FR,forecast_onshore_wind_generation,Wind Onshore,2026-06-13T21:03:52Z
2026-06-13T21:02:15Z,2026-06-13T23:02:15+0200,37293abf-bd75-40d9-81b7-896ff667771a,2026-06-04T14:00:00Z,2026-06-04T16:00:00+0200,8443.33691,MW,FR,FR,forecast_onshore_wind_generation,Wind Onshore,2026-06-13T21:03:52Z
2026-06-13T21:02:15Z,2026-06-13T23:02:15+0200,37293abf-bd75-40d9-81b7-896ff667771a,2026-06-04T14:15:00Z,2026-06-04T16:15:00+0200,8362.37891,MW,FR,FR,forecast_onshore_wind_generation,Wind Onshore,2026-06-13T21:03:52Z
2026-06-13T21:02:15Z,2026-06-13T23:02:15+0200,37293abf-bd75-40d9-81b7-896ff667771a,2026-06-04T14:30:00Z,2026-06-04T16:30:00+0200,8281.50098,MW,FR,FR,forecast_onshore_wind_generation,Wind Onshore,2026-06-13T21:03:52Z
2026-06-13T21:02:15Z,2026-06-13T23:02:15+0200,37293abf-bd75-40d9-81b7-896ff667771a,2026-06-04T14:45:00Z,2026-06-04T16:45:00+0200,8200.88574,MW,FR,FR,forecast_onshore_wind_generation,Wind Onshore,2026-06-13T21:03:52Z
2026-06-13T21:02:15Z,2026-06-13T23:02:15+0200,37293abf-bd75-40d9-81b7-896ff667771a,2026-06-04T15:00:00Z,2026-06-04T17:00:00+0200,8120.20898,MW,FR,FR,forecast_onshore_wind_generation,Wind Onshore,2026-06-13T21:03:52Z
2026-06-13T21:02:15Z,2026-06-13T23:02:15+0200,37293abf-bd75-40d9-81b7-896ff667771a,2026-06-04T15:15:00Z,2026-06-04T17:15:00+0200,8044.80664,MW,FR,FR,forecast_onshore_wind_generation,Wind Onshore,2026-06-13T21:03:52Z
2026-06-13T21:02:15Z,2026-06-13T23:02:15+0200,37293abf-bd75-40d9-81b7-896ff667771a,2026-06-04T15:30:00Z,2026-06-04T17:30:00+0200,7969.28809,MW,FR,FR,forecast_onshore_wind_generation,Wind Onshore,2026-06-13T21:03:52Z
2026-06-13T21:02:15Z,2026-06-13T23:02:15+0200,37293abf-bd75-40d9-81b7-896ff667771a,2026-06-04T15:45:00Z,2026-06-04T17:45:00+0200,7894.0791,MW,FR,FR,forecast_onshore_wind_generation,Wind Onshore,2026-06-13T21:03:52Z
2026-06-13T21:02:15Z,2026-06-13T23:02:15+0200,37293abf-bd75-40d9-81b7-896ff667771a,2026-06-04T16:00:00Z,2026-06-04T18:00:00+0200,7819.2041,MW,FR,FR,forecast_onshore_wind_generation,Wind Onshore,2026-06-13T21:03:52Z
2026-06-13T21:02:15Z,2026-06-13T23:02:15+0200,37293abf-bd75-40d9-81b7-896ff667771a,2026-06-04T16:15:00Z,2026-06-04T18:15:00+0200,7645.89062,MW,FR,FR,forecast_onshore_wind_generation,Wind Onshore,2026-06-13T21:03:52Z
2026-06-13T21:02:15Z,2026-06-13T23:02:15+0200,37293abf-bd75-40d9-81b7-896ff667771a,2026-06-04T16:30:00Z,2026-06-04T18:30:00+0200,12397.68457,MW,FR,FR,forecast_onshore_wind_generation,Wind Onshore,2026-06-13T21:03:52Z
2026-06-13T21:02:15Z,2026-06-13T23:02:15+0200,37293abf-bd75-40d9-81b7-896ff667771a,2026-06-04T16:45:00Z,2026-06-04T18:45:00+0200,12104.83984,MW,FR,FR,forecast_onshore_wind_generation,Wind Onshore,2026-06-13T21:03:52Z
2026-06-13T21:02:15Z,2026-06-13T23:02:15+0200,37293abf-bd75-40d9-81b7-896ff667771a,2026-06-04T17:00:00Z,2026-06-04T19:00:00+0200,11812.10938,MW,FR,FR,forecast_onshore_wind_generation,Wind Onshore,2026-06-13T21:03:52Z
2026-06-13T21:02:15Z,2026-06-13T23:02:15+0200,37293abf-bd75-40d9-81b7-896ff667771a,2026-06-04T17:15:00Z,2026-06-04T19:15:00+0200,11580.70996,MW,FR,FR,forecast_onshore_wind_generation,Wind Onshore,2026-06-13T21:03:52Z
2026-06-13T21:02:15Z,2026-06-13T23:02:15+0200,37293abf-bd75-40d9-81b7-896ff667771a,2026-06-04T17:30:00Z,2026-06-04T19:30:00+0200,11349.33008,MW,FR,FR,forecast_onshore_wind_generation,Wind Onshore,2026-06-13T21:03:52Z
2026-06-13T21:02:15Z,2026-06-13T23:02:15+0200,37293abf-bd75-40d9-81b7-896ff667771a,2026-06-04T17:45:00Z,2026-06-04T19:45:00+0200,11117.70996,MW,FR,FR,forecast_onshore_wind_generation,Wind Onshore,2026-06-13T21:03:52Z
2026-06-13T21:02:15Z,2026-06-13T23:02:15+0200,37293abf-bd75-40d9-81b7-896ff667771a,2026-06-04T18:00:00Z,2026-06-04T20:00:00+0200,10886.07031,MW,FR,FR,forecast_onshore_wind_generation,Wind Onshore,2026-06-13T21:03:52Z
2026-06-13T21:02:15Z,2026-06-13T23:02:15+0200,37293abf-bd75-40d9-81b7-896ff667771a,2026-06-04T18:15:00Z,2026-06-04T20:15:00+0200,10553.93945,MW,FR,FR,forecast_onshore_wind_generation,Wind Onshore,2026-06-13T21:03:52Z
2026-06-13T21:02:15Z,2026-06-13T23:02:15+0200,37293abf-bd75-40d9-81b7-896ff667771a,2026-06-04T18:30:00Z,2026-06-04T20:30:00+0200,10221.82031,MW,FR,FR,forecast_onshore_wind_generation,Wind Onshore,2026-06-13T21:03:52Z
2026-06-13T21:02:15Z,2026-06-13T23:02:15+0200,37293abf-bd75-40d9-81b7-896ff667771a,2026-06-04T18:45:00Z,2026-06-04T20:45:00+0200,9889.12012,MW,FR,FR,forecast_onshore_wind_generation,Wind Onshore,2026-06-13T21:03:52Z
2026-06-13T21:02:15Z,2026-06-13T23:02:15+0200,37293abf-bd75-40d9-81b7-896ff667771a,2026-06-04T19:00:00Z,2026-06-04T21:00:00+0200,9556.59961,MW,FR,FR,forecast_onshore_wind_generation,Wind Onshore,2026-06-13T21:03:52Z
2026-06-13T21:02:15Z,2026-06-13T23:02:15+0200,37293abf-bd75-40d9-81b7-896ff667771a,2026-06-04T19:15:00Z,2026-06-04T21:15:00+0200,9395.07031,MW,FR,FR,forecast_onshore_wind_generation,Wind Onshore,2026-06-13T21:03:52Z
2026-06-13T21:02:15Z,2026-06-13T23:02:15+0200,37293abf-bd75-40d9-81b7-896ff667771a,2026-06-04T19:30:00Z,2026-06-04T21:30:00+0200,9233.5293,MW,FR,FR,forecast_onshore_wind_generation,Wind Onshore,2026-06-13T21:03:52Z
2026-06-13T21:02:15Z,2026-06-13T23:02:15+0200,37293abf-bd75-40d9-81b7-896ff667771a,2026-06-04T19:45:00Z,2026-06-04T21:45:00+0200,9071.7002,MW,FR,FR,forecast_onshore_wind_generation,Wind Onshore,2026-06-13T21:03:52Z
2026-06-13T21:02:15Z,2026-06-13T23:02:15+0200,37293abf-bd75-40d9-81b7-896ff667771a,2026-06-04T20:00:00Z,2026-06-04T22:00:00+0200,8909.90039,MW,FR,FR,forecast_onshore_wind_generation,Wind Onshore,2026-06-13T21:03:52Z
2026-06-13T21:02:15Z,2026-06-13T23:02:15+0200,37293abf-bd75-40d9-81b7-896ff667771a,2026-06-04T20:15:00Z,2026-06-04T22:15:00+0200,8803.9502,MW,FR,FR,forecast_onshore_wind_generation,Wind Onshore,2026-06-13T21:03:52Z
2026-06-13T21:02:15Z,2026-06-13T23:02:15+0200,37293abf-bd75-40d9-81b7-896ff667771a,2026-06-04T20:30:00Z,2026-06-04T22:30:00+0200,8698.02051,MW,FR,FR,forecast_onshore_wind_generation,Wind Onshore,2026-06-13T21:03:52Z
2026-06-13T21:02:15Z,2026-06-13T23:02:15+0200,37293abf-bd75-40d9-81b7-896ff667771a,2026-06-04T20:45:00Z,2026-06-04T22:45:00+0200,8591.95898,MW,FR,FR,forecast_onshore_wind_generation,Wind Onshore,2026-06-13T21:03:52Z
2026-06-13T21:02:15Z,2026-06-13T23:02:15+0200,37293abf-bd75-40d9-81b7-896ff667771a,2026-06-04T21:00:00Z,2026-06-04T23:00:00+0200,8485.91016,MW,FR,FR,forecast_onshore_wind_generation,Wind Onshore,2026-06-13T21:03:52Z
2026-06-13T21:02:15Z,2026-06-13T23:02:15+0200,37293abf-bd75-40d9-81b7-896ff667771a,2026-06-04T21:15:00Z,2026-06-04T23:15:00+0200,8472.7002,MW,FR,FR,forecast_onshore_wind_generation,Wind Onshore,2026-06-13T21:03:52Z
2026-06-13T21:02:15Z,2026-06-13T23:02:15+0200,37293abf-bd75-40d9-81b7-896ff667771a,2026-06-04T21:30:00Z,2026-06-04T23:30:00+0200,8459.48047,MW,FR,FR,forecast_onshore_wind_generation,Wind Onshore,2026-06-13T21:03:52Z
2026-06-13T21:02:15Z,2026-06-13T23:02:15+0200,37293abf-bd75-40d9-81b7-896ff667771a,2026-06-04T21:45:00Z,2026-06-04T23:45:00+0200,8445.85938,MW,FR,FR,forecast_onshore_wind_generation,Wind Onshore,2026-06-13T21:03:52Z
2026-06-13T21:02:15Z,2026-06-13T23:02:15+0200,37293abf-bd75-40d9-81b7-896ff667771a,2026-06-04T22:00:00Z,2026-06-05T00:00:00+0200,8449.28027,MW,FR,FR,forecast_onshore_wind_generation,Wind Onshore,2026-06-13T21:03:52Z
2026-06-13T21:02:15Z,2026-06-13T23:02:15+0200,37293abf-bd75-40d9-81b7-896ff667771a,2026-06-04T22:15:00Z,2026-06-05T00:15:00+0200,8418.88965,MW,FR,FR,forecast_onshore_wind_generation,Wind Onshore,2026-06-13T21:03:52Z
2026-06-13T21:02:15Z,2026-06-13T23:02:15+0200,37293abf-bd75-40d9-81b7-896ff667771a,2026-06-04T22:30:00Z,2026-06-05T00:30:00+0200,8388.5,MW,FR,FR,forecast_onshore_wind_generation,Wind Onshore,2026-06-13T21:03:52Z
2026-06-13T21:02:15Z,2026-06-13T23:02:15+0200,37293abf-bd75-40d9-81b7-896ff667771a,2026-06-04T22:45:00Z,2026-06-05T00:45:00+0200,8355.70996,MW,FR,FR,forecast_onshore_wind_generation,Wind Onshore,2026-06-13T21:03:52Z
2026-06-13T21:02:15Z,2026-06-13T23:02:15+0200,37293abf-bd75-40d9-81b7-896ff667771a,2026-06-04T23:00:00Z,2026-06-05T01:00:00+0200,8322.90039,MW,FR,FR,forecast_onshore_wind_generation,Wind Onshore,2026-06-13T21:03:52Z
2026-06-13T21:02:15Z,2026-06-13T23:02:15+0200,37293abf-bd75-40d9-81b7-896ff667771a,2026-06-04T23:15:00Z,2026-06-05T01:15:00+0200,8240.79004,MW,FR,FR,forecast_onshore_wind_generation,Wind Onshore,2026-06-13T21:03:52Z
2026-06-13T21:02:15Z,2026-06-13T23:02:15+0200,37293abf-bd75-40d9-81b7-896ff667771a,2026-06-04T23:30:00Z,2026-06-05T01:30:00+0200,8158.68018,MW,FR,FR,forecast_onshore_wind_generation,Wind Onshore,2026-06-13T21:03:52Z
2026-06-13T21:02:15Z,2026-06-13T23:02:15+0200,37293abf-bd75-40d9-81b7-896ff667771a,2026-06-04T23:45:00Z,2026-06-05T01:45:00+0200,8075.80957,MW,FR,FR,forecast_onshore_wind_generation,Wind Onshore,2026-06-13T21:03:52Z
2026-06-13T21:02:15Z,2026-06-13T23:02:15+0200,37293abf-bd75-40d9-81b7-896ff667771a,2026-06-05T00:00:00Z,2026-06-05T02:00:00+0200,7992.94043,MW,FR,FR,forecast_onshore_wind_generation,Wind Onshore,2026-06-13T21:03:52Z
2026-06-13T21:02:15Z,2026-06-13T23:02:15+0200,37293abf-bd75-40d9-81b7-896ff667771a,2026-06-05T00:15:00Z,2026-06-05T02:15:00+0200,7900.02979,MW,FR,FR,forecast_onshore_wind_generation,Wind Onshore,2026-06-13T21:03:52Z
2026-06-13T21:02:15Z,2026-06-13T23:02:15+0200,37293abf-bd75-40d9-81b7-896ff667771a,2026-06-05T00:30:00Z,2026-06-05T02:30:00+0200,7807.12988,MW,FR,FR,forecast_onshore_wind_generation,Wind Onshore,2026-06-13T21:03:52Z
2026-06-13T21:02:15Z,2026-06-13T23:02:15+0200,37293abf-bd75-40d9-81b7-896ff667771a,2026-06-05T00:45:00Z,2026-06-05T02:45:00+0200,7714.39014,MW,FR,FR,forecast_onshore_wind_generation,Wind Onshore,2026-06-13T21:03:52Z
2026-06-13T21:02:15Z,2026-06-13T23:02:15+0200,37293abf-bd75-40d9-81b7-896ff667771a,2026-06-05T01:00:00Z,2026-06-05T03:00:00+0200,7621.66992,MW,FR,FR,forecast_onshore_wind_generation,Wind Onshore,2026-06-13T21:03:52Z
2026-06-13T21:02:15Z,2026-06-13T23:02:15+0200,37293abf-bd75-40d9-81b7-896ff667771a,2026-06-05T01:15:00Z,2026-06-05T03:15:00+0200,7534.91992,MW,FR,FR,forecast_onshore_wind_generation,Wind Onshore,2026-06-13T21:03:52Z
2026-06-13T21:02:15Z,2026-06-13T23:02:15+0200,37293abf-bd75-40d9-81b7-896ff667771a,2026-06-05T01:30:00Z,2026-06-05T03:30:00+0200,7448.18945,MW,FR,FR,forecast_onshore_wind_generation,Wind Onshore,2026-06-13T21:03:52Z
2026-06-13T21:02:15Z,2026-06-13T23:02:15+0200,37293abf-bd75-40d9-81b7-896ff667771a,2026-06-05T01:45:00Z,2026-06-05T03:45:00+0200,7361.42969,MW,FR,FR,forecast_onshore_wind_generation,Wind Onshore,2026-06-13T21:03:52Z
2026-06-13T21:02:15Z,2026-06-13T23:02:15+0200,37293abf-bd75-40d9-81b7-896ff667771a,2026-06-05T02:00:00Z,2026-06-05T04:00:00+0200,7274.71973,MW,FR,FR,forecast_onshore_wind_generation,Wind Onshore,2026-06-13T21:03:52Z
2026-06-13T21:02:15Z,2026-06-13T23:02:15+0200,37293abf-bd75-40d9-81b7-896ff667771a,2026-06-05T02:15:00Z,2026-06-05T04:15:00+0200,7141.7002,MW,FR,FR,forecast_onshore_wind_generation,Wind Onshore,2026-06-13T21:03:52Z
2026-06-13T21:02:15Z,2026-06-13T23:02:15+0200,37293abf-bd75-40d9-81b7-896ff667771a,2026-06-05T02:30:00Z,2026-06-05T04:30:00+0200,7008.68994,MW,FR,FR,forecast_onshore_wind_generation,Wind Onshore,2026-06-13T21:03:52Z
2026-06-13T21:02:15Z,2026-06-13T23:02:15+0200,37293abf-bd75-40d9-81b7-896ff667771a,2026-06-05T02:45:00Z,2026-06-05T04:45:00+0200,6875.56982,MW,FR,FR,forecast_onshore_wind_generation,Wind Onshore,2026-06-13T21:03:52Z
2026-06-13T21:02:15Z,2026-06-13T23:02:15+0200,37293abf-bd75-40d9-81b7-896ff667771a,2026-06-05T03:00:00Z,2026-06-05T05:00:00+0200,6742.51953,MW,FR,FR,forecast_onshore_wind_generation,Wind Onshore,2026-06-13T21:03:52Z
2026-06-13T21:02:15Z,2026-06-13T23:02:15+0200,37293abf-bd75-40d9-81b7-896ff667771a,2026-06-05T03:15:00Z,2026-06-05T05:15:00+0200,6594.05957,MW,FR,FR,forecast_onshore_wind_generation,Wind Onshore,2026-06-13T21:03:52Z
2026-06-13T21:02:15Z,2026-06-13T23:02:15+0200,37293abf-bd75-40d9-81b7-896ff667771a,2026-06-05T03:30:00Z,2026-06-05T05:30:00+0200,6445.57959,MW,FR,FR,forecast_onshore_wind_generation,Wind Onshore,2026-06-13T21:03:52Z
2026-06-13T21:02:15Z,2026-06-13T23:02:15+0200,37293abf-bd75-40d9-81b7-896ff667771a,2026-06-05T03:45:00Z,2026-06-05T05:45:00+0200,6296.62012,MW,FR,FR,forecast_onshore_wind_generation,Wind Onshore,2026-06-13T21:03:52Z
2026-06-13T21:02:15Z,2026-06-13T23:02:15+0200,37293abf-bd75-40d9-81b7-896ff667771a,2026-06-05T04:00:00Z,2026-06-05T06:00:00+0200,6147.81982,MW,FR,FR,forecast_onshore_wind_generation,Wind Onshore,2026-06-13T21:03:52Z
2026-06-13T21:02:15Z,2026-06-13T23:02:15+0200,37293abf-bd75-40d9-81b7-896ff667771a,2026-06-05T04:15:00Z,2026-06-05T06:15:00+0200,5895.86035,MW,FR,FR,forecast_onshore_wind_generation,Wind Onshore,2026-06-13T21:03:52Z
2026-06-13T21:02:15Z,2026-06-13T23:02:15+0200,37293abf-bd75-40d9-81b7-896ff667771a,2026-06-05T04:30:00Z,2026-06-05T06:30:00+0200,5643.96973,MW,FR,FR,forecast_onshore_wind_generation,Wind Onshore,2026-06-13T21:03:52Z
2026-06-13T21:02:15Z,2026-06-13T23:02:15+0200,37293abf-bd75-40d9-81b7-896ff667771a,2026-06-05T04:45:00Z,2026-06-05T06:45:00+0200,5391.39014,MW,FR,FR,forecast_onshore_wind_generation,Wind Onshore,2026-06-13T21:03:52Z
2026-06-13T21:02:15Z,2026-06-13T23:02:15+0200,37293abf-bd75-40d9-81b7-896ff667771a,2026-06-05T05:00:00Z,2026-06-05T07:00:00+0200,5138.88037,MW,FR,FR,forecast_onshore_wind_generation,Wind Onshore,2026-06-13T21:03:52Z
2026-06-13T21:02:15Z,2026-06-13T23:02:15+0200,37293abf-bd75-40d9-81b7-896ff667771a,2026-06-05T05:15:00Z,2026-06-05T07:15:00+0200,4879.58008,MW,FR,FR,forecast_onshore_wind_generation,Wind Onshore,2026-06-13T21:03:52Z
2026-06-13T21:02:15Z,2026-06-13T23:02:15+0200,37293abf-bd75-40d9-81b7-896ff667771a,2026-06-05T05:30:00Z,2026-06-05T07:30:00+0200,4620.63037,MW,FR,FR,forecast_onshore_wind_generation,Wind Onshore,2026-06-13T21:03:52Z
2026-06-13T21:02:15Z,2026-06-13T23:02:15+0200,37293abf-bd75-40d9-81b7-896ff667771a,2026-06-05T05:45:00Z,2026-06-05T07:45:00+0200,4361.20996,MW,FR,FR,forecast_onshore_wind_generation,Wind Onshore,2026-06-13T21:03:52Z
2026-06-13T21:02:15Z,2026-06-13T23:02:15+0200,37293abf-bd75-40d9-81b7-896ff667771a,2026-06-05T06:00:00Z,2026-06-05T08:00:00+0200,4102.0,MW,FR,FR,forecast_onshore_wind_generation,Wind Onshore,2026-06-13T21:03:52Z
2026-06-13T21:02:15Z,2026-06-13T23:02:15+0200,37293abf-bd75-40d9-81b7-896ff667771a,2026-06-05T06:15:00Z,2026-06-05T08:15:00+0200,4204.79004,MW,FR,FR,forecast_onshore_wind_generation,Wind Onshore,2026-06-13T21:03:52Z
2026-06-13T21:02:15Z,2026-06-13T23:02:15+0200,37293abf-bd75-40d9-81b7-896ff667771a,2026-06-05T06:30:00Z,2026-06-05T08:30:00+0200,4308.03027,MW,FR,FR,forecast_onshore_wind_generation,Wind Onshore,2026-06-13T21:03:52Z
2026-06-13T21:02:15Z,2026-06-13T23:02:15+0200,37293abf-bd75-40d9-81b7-896ff667771a,2026-06-05T06:45:00Z,2026-06-05T08:45:00+0200,4412.02979,MW,FR,FR,forecast_onshore_wind_generation,Wind Onshore,2026-06-13T21:03:52Z
2026-06-13T21:02:15Z,2026-06-13T23:02:15+0200,37293abf-bd75-40d9-81b7-896ff667771a,2026-06-05T07:00:00Z,2026-06-05T09:00:00+0200,4517.04004,MW,FR,FR,forecast_onshore_wind_generation,Wind Onshore,2026-06-13T21:03:52Z
2026-06-13T21:02:15Z,2026-06-13T23:02:15+0200,37293abf-bd75-40d9-81b7-896ff667771a,2026-06-05T07:15:00Z,2026-06-05T09:15:00+0200,4257.8999,MW,FR,FR,forecast_onshore_wind_generation,Wind Onshore,2026-06-13T21:03:52Z
2026-06-13T21:02:15Z,2026-06-13T23:02:15+0200,37293abf-bd75-40d9-81b7-896ff667771a,2026-06-05T07:30:00Z,2026-06-05T09:30:00+0200,3998.91968,MW,FR,FR,forecast_onshore_wind_generation,Wind Onshore,2026-06-13T21:03:52Z
2026-06-13T21:02:15Z,2026-06-13T23:02:15+0200,37293abf-bd75-40d9-81b7-896ff667771a,2026-06-05T07:45:00Z,2026-06-05T09:45:00+0200,3739.94019,MW,FR,FR,forecast_onshore_wind_generation,Wind Onshore,2026-06-13T21:03:52Z
2026-06-13T21:02:15Z,2026-06-13T23:02:15+0200,37293abf-bd75-40d9-81b7-896ff667771a,2026-06-05T08:00:00Z,2026-06-05T10:00:00+0200,3482.02002,MW,FR,FR,forecast_onshore_wind_generation,Wind Onshore,2026-06-13T21:03:52Z
2026-06-13T21:02:15Z,2026-06-13T23:02:15+0200,37293abf-bd75-40d9-81b7-896ff667771a,2026-06-05T08:15:00Z,2026-06-05T10:15:00+0200,3390.98999,MW,FR,FR,forecast_onshore_wind_generation,Wind Onshore,2026-06-13T21:03:52Z
2026-06-13T21:02:15Z,2026-06-13T23:02:15+0200,37293abf-bd75-40d9-81b7-896ff667771a,2026-06-05T08:30:00Z,2026-06-05T10:30:00+0200,3300.04004,MW,FR,FR,forecast_onshore_wind_generation,Wind Onshore,2026-06-13T21:03:52Z
2026-06-13T21:02:15Z,2026-06-13T23:02:15+0200,37293abf-bd75-40d9-81b7-896ff667771a,2026-06-05T08:45:00Z,2026-06-05T10:45:00+0200,3209.21997,MW,FR,FR,forecast_onshore_wind_generation,Wind Onshore,2026-06-13T21:03:52Z
2026-06-13T21:02:15Z,2026-06-13T23:02:15+0200,37293abf-bd75-40d9-81b7-896ff667771a,2026-06-05T09:00:00Z,2026-06-05T11:00:00+0200,3118.44995,MW,FR,FR,forecast_onshore_wind_generation,Wind Onshore,2026-06-13T21:03:52Z
2026-06-13T21:02:15Z,2026-06-13T23:02:15+0200,37293abf-bd75-40d9-81b7-896ff667771a,2026-06-05T09:15:00Z,2026-06-05T11:15:00+0200,3098.36987,MW,FR,FR,forecast_onshore_wind_generation,Wind Onshore,2026-06-13T21:03:52Z
2026-06-13T21:02:15Z,2026-06-13T23:02:15+0200,37293abf-bd75-40d9-81b7-896ff667771a,2026-06-05T09:30:00Z,2026-06-05T11:30:00+0200,3078.69995,MW,FR,FR,forecast_onshore_wind_generation,Wind Onshore,2026-06-13T21:03:52Z
2026-06-13T21:02:15Z,2026-06-13T23:02:15+0200,37293abf-bd75-40d9-81b7-896ff667771a,2026-06-05T09:45:00Z,2026-06-05T11:45:00+0200,3059.19995,MW,FR,FR,forecast_onshore_wind_generation,Wind Onshore,2026-06-13T21:03:52Z
2026-06-13T21:02:15Z,2026-06-13T23:02:15+0200,37293abf-bd75-40d9-81b7-896ff667771a,2026-06-05T10:00:00Z,2026-06-05T12:00:00+0200,3040.26001,MW,FR,FR,forecast_onshore_wind_generation,Wind Onshore,2026-06-13T21:03:52Z
2026-06-13T21:02:15Z,2026-06-13T23:02:15+0200,37293abf-bd75-40d9-81b7-896ff667771a,2026-06-05T10:15:00Z,2026-06-05T12:15:00+0200,3009.4502,MW,FR,FR,forecast_onshore_wind_generation,Wind Onshore,2026-06-13T21:03:52Z
2026-06-13T21:02:15Z,2026-06-13T23:02:15+0200,37293abf-bd75-40d9-81b7-896ff667771a,2026-06-05T10:30:00Z,2026-06-05T12:30:00+0200,2979.22998,MW,FR,FR,forecast_onshore_wind_generation,Wind Onshore,2026-06-13T21:03:52Z
2026-06-13T21:02:15Z,2026-06-13T23:02:15+0200,37293abf-bd75-40d9-81b7-896ff667771a,2026-06-05T10:45:00Z,2026-06-05T12:45:00+0200,2949.37012,MW,FR,FR,forecast_onshore_wind_generation,Wind Onshore,2026-06-13T21:03:52Z
2026-06-13T21:02:15Z,2026-06-13T23:02:15+0200,37293abf-bd75-40d9-81b7-896ff667771a,2026-06-05T11:00:00Z,2026-06-05T13:00:00+0200,2919.73999,MW,FR,FR,forecast_onshore_wind_generation,Wind Onshore,2026-06-13T21:03:52Z
2026-06-13T21:02:15Z,2026-06-13T23:02:15+0200,37293abf-bd75-40d9-81b7-896ff667771a,2026-06-05T11:15:00Z,2026-06-05T13:15:00+0200,2897.31006,MW,FR,FR,forecast_onshore_wind_generation,Wind Onshore,2026-06-13T21:03:52Z
2026-06-13T21:02:15Z,2026-06-13T23:02:15+0200,37293abf-bd75-40d9-81b7-896ff667771a,2026-06-05T11:30:00Z,2026-06-05T13:30:00+0200,2875.08008,MW,FR,FR,forecast_onshore_wind_generation,Wind Onshore,2026-06-13T21:03:52Z
2026-06-13T21:02:15Z,2026-06-13T23:02:15+0200,37293abf-bd75-40d9-81b7-896ff667771a,2026-06-05T11:45:00Z,2026-06-05T13:45:00+0200,2852.82007,MW,FR,FR,forecast_onshore_wind_generation,Wind Onshore,2026-06-13T21:03:52Z
2026-06-13T21:02:15Z,2026-06-13T23:02:15+0200,37293abf-bd75-40d9-81b7-896ff667771a,2026-06-05T12:00:00Z,2026-06-05T14:00:00+0200,2830.60986,MW,FR,FR,forecast_onshore_wind_generation,Wind Onshore,2026-06-13T21:03:52Z
2026-06-13T21:02:15Z,2026-06-13T23:02:15+0200,37293abf-bd75-40d9-81b7-896ff667771a,2026-06-05T12:15:00Z,2026-06-05T14:15:00+0200,2826.06006,MW,FR,FR,forecast_onshore_wind_generation,Wind Onshore,2026-06-13T21:03:52Z
2026-06-13T21:02:15Z,2026-06-13T23:02:15+0200,37293abf-bd75-40d9-81b7-896ff667771a,2026-06-05T12:30:00Z,2026-06-05T14:30:00+0200,2821.68018,MW,FR,FR,forecast_onshore_wind_generation,Wind Onshore,2026-06-13T21:03:52Z
2026-06-13T21:02:15Z,2026-06-13T23:02:15+0200,37293abf-bd75-40d9-81b7-896ff667771a,2026-06-05T12:45:00Z,2026-06-05T14:45:00+0200,2817.46997,MW,FR,FR,forecast_onshore_wind_generation,Wind Onshore,2026-06-13T21:03:52Z
2026-06-13T21:02:15Z,2026-06-13T23:02:15+0200,37293abf-bd75-40d9-81b7-896ff667771a,2026-06-05T13:00:00Z,2026-06-05T15:00:00+0200,2813.34009,MW,FR,FR,forecast_onshore_wind_generation,Wind Onshore,2026-06-13T21:03:52Z
2026-06-13T21:02:15Z,2026-06-13T23:02:15+0200,37293abf-bd75-40d9-81b7-896ff667771a,2026-06-05T13:15:00Z,2026-06-05T15:15:00+0200,2767.45996,MW,FR,FR,forecast_onshore_wind_generation,Wind Onshore,2026-06-13T21:03:52Z
2026-06-13T21:02:15Z,2026-06-13T23:02:15+0200,37293abf-bd75-40d9-81b7-896ff667771a,2026-06-05T13:30:00Z,2026-06-05T15:30:00+0200,2721.95996,MW,FR,FR,forecast_onshore_wind_generation,Wind Onshore,2026-06-13T21:03:52Z
2026-06-13T21:02:15Z,2026-06-13T23:02:15+0200,37293abf-bd75-40d9-81b7-896ff667771a,2026-06-05T13:45:00Z,2026-06-05T15:45:00+0200,2676.73999,MW,FR,FR,forecast_onshore_wind_generation,Wind Onshore,2026-06-13T21:03:52Z
2026-06-13T21:02:15Z,2026-06-13T23:02:15+0200,37293abf-bd75-40d9-81b7-896ff667771a,2026-06-05T14:00:00Z,2026-06-05T16:00:00+0200,2631.71997,MW,FR,FR,forecast_onshore_wind_generation,Wind Onshore,2026-06-13T21:03:52Z
2026-06-13T21:02:15Z,2026-06-13T23:02:15+0200,37293abf-bd75-40d9-81b7-896ff667771a,2026-06-05T14:15:00Z,2026-06-05T16:15:00+0200,2577.12012,MW,FR,FR,forecast_onshore_wind_generation,Wind Onshore,2026-06-13T21:03:52Z
2026-06-13T21:02:15Z,2026-06-13T23:02:15+0200,37293abf-bd75-40d9-81b7-896ff667771a,2026-06-05T14:30:00Z,2026-06-05T16:30:00+0200,2522.54004,MW,FR,FR,forecast_onshore_wind_generation,Wind Onshore,2026-06-13T21:03:52Z
2026-06-13T21:02:15Z,2026-06-13T23:02:15+0200,37293abf-bd75-40d9-81b7-896ff667771a,2026-06-05T14:45:00Z,2026-06-05T16:45:00+0200,2468.37988,MW,FR,FR,forecast_onshore_wind_generation,Wind Onshore,2026-06-13T21:03:52Z
2026-06-13T21:02:15Z,2026-06-13T23:02:15+0200,37293abf-bd75-40d9-81b7-896ff667771a,2026-06-05T15:00:00Z,2026-06-05T17:00:00+0200,2414.44995,MW,FR,FR,forecast_onshore_wind_generation,Wind Onshore,2026-06-13T21:03:52Z
2026-06-13T21:02:15Z,2026-06-13T23:02:15+0200,37293abf-bd75-40d9-81b7-896ff667771a,2026-06-05T15:15:00Z,2026-06-05T17:15:00+0200,2370.97998,MW,FR,FR,forecast_onshore_wind_generation,Wind Onshore,2026-06-13T21:03:52Z
2026-06-13T21:02:15Z,2026-06-13T23:02:15+0200,37293abf-bd75-40d9-81b7-896ff667771a,2026-06-05T15:30:00Z,2026-06-05T17:30:00+0200,2327.63013,MW,FR,FR,forecast_onshore_wind_generation,Wind Onshore,2026-06-13T21:03:52Z
2026-06-13T21:02:15Z,2026-06-13T23:02:15+0200,37293abf-bd75-40d9-81b7-896ff667771a,2026-06-05T15:45:00Z,2026-06-05T17:45:00+0200,2285.81982,MW,FR,FR,forecast_onshore_wind_generation,Wind Onshore,2026-06-13T21:03:52Z
2026-06-13T21:02:15Z,2026-06-13T23:02:15+0200,37293abf-bd75-40d9-81b7-896ff667771a,2026-06-05T16:00:00Z,2026-06-05T18:00:00+0200,2244.67993,MW,FR,FR,forecast_onshore_wind_generation,Wind Onshore,2026-06-13T21:03:52Z
2026-06-13T21:02:15Z,2026-06-13T23:02:15+0200,37293abf-bd75-40d9-81b7-896ff667771a,2026-06-05T16:15:00Z,2026-06-05T18:15:00+0200,2152.63989,MW,FR,FR,forecast_onshore_wind_generation,Wind Onshore,2026-06-13T21:03:52Z
2026-06-13T21:02:15Z,2026-06-13T23:02:15+0200,37293abf-bd75-40d9-81b7-896ff667771a,2026-06-05T16:30:00Z,2026-06-05T18:30:00+0200,2060.8501,MW,FR,FR,forecast_onshore_wind_generation,Wind Onshore,2026-06-13T21:03:52Z
2026-06-13T21:02:15Z,2026-06-13T23:02:15+0200,37293abf-bd75-40d9-81b7-896ff667771a,2026-06-05T16:45:00Z,2026-06-05T18:45:00+0200,1970.18018,MW,FR,FR,forecast_onshore_wind_generation,Wind Onshore,2026-06-13T21:03:52Z
2026-06-13T21:02:15Z,2026-06-13T23:02:15+0200,37293abf-bd75-40d9-81b7-896ff667771a,2026-06-05T17:00:00Z,2026-06-05T19:00:00+0200,1880.69995,MW,FR,FR,forecast_onshore_wind_generation,Wind Onshore,2026-06-13T21:03:52Z
2026-06-13T21:02:15Z,2026-06-13T23:02:15+0200,37293abf-bd75-40d9-81b7-896ff667771a,2026-06-05T17:15:00Z,2026-06-05T19:15:00+0200,1788.42993,MW,FR,FR,forecast_onshore_wind_generation,Wind Onshore,2026-06-13T21:03:52Z
2026-06-13T21:02:15Z,2026-06-13T23:02:15+0200,37293abf-bd75-40d9-81b7-896ff667771a,2026-06-05T17:30:00Z,2026-06-05T19:30:00+0200,1696.80005,MW,FR,FR,forecast_onshore_wind_generation,Wind Onshore,2026-06-13T21:03:52Z
2026-06-13T21:02:15Z,2026-06-13T23:02:15+0200,37293abf-bd75-40d9-81b7-896ff667771a,2026-06-05T17:45:00Z,2026-06-05T19:45:00+0200,1606.36011,MW,FR,FR,forecast_onshore_wind_generation,Wind Onshore,2026-06-13T21:03:52Z
2026-06-13T21:02:15Z,2026-06-13T23:02:15+0200,37293abf-bd75-40d9-81b7-896ff667771a,2026-06-05T18:00:00Z,2026-06-05T20:00:00+0200,1517.02002,MW,FR,FR,forecast_onshore_wind_generation,Wind Onshore,2026-06-13T21:03:52Z
2026-06-13T21:02:15Z,2026-06-13T23:02:15+0200,37293abf-bd75-40d9-81b7-896ff667771a,2026-06-05T18:15:00Z,2026-06-05T20:15:00+0200,1444.72998,MW,FR,FR,forecast_onshore_wind_generation,Wind Onshore,2026-06-13T21:03:52Z
2026-06-13T21:02:15Z,2026-06-13T23:02:15+0200,37293abf-bd75-40d9-81b7-896ff667771a,2026-06-05T18:30:00Z,2026-06-05T20:30:00+0200,1373.09009,MW,FR,FR,forecast_onshore_wind_generation,Wind Onshore,2026-06-13T21:03:52Z
2026-06-13T21:02:15Z,2026-06-13T23:02:15+0200,37293abf-bd75-40d9-81b7-896ff667771a,2026-06-05T18:45:00Z,2026-06-05T20:45:00+0200,1302.34009,MW,FR,FR,forecast_onshore_wind_generation,Wind Onshore,2026-06-13T21:03:52Z
2026-06-13T21:02:15Z,2026-06-13T23:02:15+0200,37293abf-bd75-40d9-81b7-896ff667771a,2026-06-05T19:00:00Z,2026-06-05T21:00:00+0200,1233.07007,MW,FR,FR,forecast_onshore_wind_generation,Wind Onshore,2026-06-13T21:03:52Z
2026-06-13T21:02:15Z,2026-06-13T23:02:15+0200,37293abf-bd75-40d9-81b7-896ff667771a,2026-06-05T19:15:00Z,2026-06-05T21:15:00+0200,1266.15002,MW,FR,FR,forecast_onshore_wind_generation,Wind Onshore,2026-06-13T21:03:52Z
2026-06-13T21:02:15Z,2026-06-13T23:02:15+0200,37293abf-bd75-40d9-81b7-896ff667771a,2026-06-05T19:30:00Z,2026-06-05T21:30:00+0200,1300.21008,MW,FR,FR,forecast_onshore_wind_generation,Wind Onshore,2026-06-13T21:03:52Z
2026-06-13T21:02:15Z,2026-06-13T23:02:15+0200,37293abf-bd75-40d9-81b7-896ff667771a,2026-06-05T19:45:00Z,2026-06-05T21:45:00+0200,1335.18994,MW,FR,FR,forecast_onshore_wind_generation,Wind Onshore,2026-06-13T21:03:52Z
2026-06-13T21:02:15Z,2026-06-13T23:02:15+0200,37293abf-bd75-40d9-81b7-896ff667771a,2026-06-05T20:00:00Z,2026-06-05T22:00:00+0200,1371.22998,MW,FR,FR,forecast_onshore_wind_generation,Wind Onshore,2026-06-13T21:03:52Z
2026-06-13T21:02:15Z,2026-06-13T23:02:15+0200,37293abf-bd75-40d9-81b7-896ff667771a,2026-06-05T20:15:00Z,2026-06-05T22:15:00+0200,1380.46997,MW,FR,FR,forecast_onshore_wind_generation,Wind Onshore,2026-06-13T21:03:52Z
2026-06-13T21:02:15Z,2026-06-13T23:02:15+0200,37293abf-bd75-40d9-81b7-896ff667771a,2026-06-05T20:30:00Z,2026-06-05T22:30:00+0200,1391.23999,MW,FR,FR,forecast_onshore_wind_generation,Wind Onshore,2026-06-13T21:03:52Z
2026-06-13T21:02:15Z,2026-06-13T23:02:15+0200,37293abf-bd75-40d9-81b7-896ff667771a,2026-06-05T20:45:00Z,2026-06-05T22:45:00+0200,1402.55994,MW,FR,FR,forecast_onshore_wind_generation,Wind Onshore,2026-06-13T21:03:52Z
2026-06-13T21:02:15Z,2026-06-13T23:02:15+0200,37293abf-bd75-40d9-81b7-896ff667771a,2026-06-05T21:00:00Z,2026-06-05T23:00:00+0200,1414.91992,MW,FR,FR,forecast_onshore_wind_generation,Wind Onshore,2026-06-13T21:03:52Z
2026-06-13T21:02:15Z,2026-06-13T23:02:15+0200,37293abf-bd75-40d9-81b7-896ff667771a,2026-06-05T21:15:00Z,2026-06-05T23:15:00+0200,1479.17993,MW,FR,FR,forecast_onshore_wind_generation,Wind Onshore,2026-06-13T21:03:52Z
2026-06-13T21:02:15Z,2026-06-13T23:02:15+0200,37293abf-bd75-40d9-81b7-896ff667771a,2026-06-05T21:30:00Z,2026-06-05T23:30:00+0200,1545.92004,MW,FR,FR,forecast_onshore_wind_generation,Wind Onshore,2026-06-13T21:03:52Z
2026-06-13T21:02:15Z,2026-06-13T23:02:15+0200,37293abf-bd75-40d9-81b7-896ff667771a,2026-06-05T21:45:00Z,2026-06-05T23:45:00+0200,1613.6001,MW,FR,FR,forecast_onshore_wind_generation,Wind Onshore,2026-06-13T21:03:52Z
2026-06-13T21:02:15Z,2026-06-13T23:02:15+0200,37293abf-bd75-40d9-81b7-896ff667771a,2026-06-05T22:00:00Z,2026-06-06T00:00:00+0200,1779.00989,MW,FR,FR,forecast_onshore_wind_generation,Wind Onshore,2026-06-13T21:03:52Z
2026-06-13T21:02:15Z,2026-06-13T23:02:15+0200,37293abf-bd75-40d9-81b7-896ff667771a,2026-06-05T22:15:00Z,2026-06-06T00:15:00+0200,1960.74011,MW,FR,FR,forecast_onshore_wind_generation,Wind Onshore,2026-06-13T21:03:52Z
2026-06-13T21:02:15Z,2026-06-13T23:02:15+0200,37293abf-bd75-40d9-81b7-896ff667771a,2026-06-05T22:30:00Z,2026-06-06T00:30:00+0200,2142.87012,MW,FR,FR,forecast_onshore_wind_generation,Wind Onshore,2026-06-13T21:03:52Z
2026-06-13T21:02:15Z,2026-06-13T23:02:15+0200,37293abf-bd75-40d9-81b7-896ff667771a,2026-06-05T22:45:00Z,2026-06-06T00:45:00+0200,2326.2998,MW,FR,FR,forecast_onshore_wind_generation,Wind Onshore,2026-06-13T21:03:52Z
2026-06-13T21:02:15Z,2026-06-13T23:02:15+0200,37293abf-bd75-40d9-81b7-896ff667771a,2026-06-05T23:00:00Z,2026-06-06T01:00:00+0200,2510.11987,MW,FR,FR,forecast_onshore_wind_generation,Wind Onshore,2026-06-13T21:03:52Z
2026-06-13T21:02:15Z,2026-06-13T23:02:15+0200,37293abf-bd75-40d9-81b7-896ff667771a,2026-06-05T23:15:00Z,2026-06-06T01:15:00+0200,2697.0498,MW,FR,FR,forecast_onshore_wind_generation,Wind Onshore,2026-06-13T21:03:52Z
2026-06-13T21:02:15Z,2026-06-13T23:02:15+0200,37293abf-bd75-40d9-81b7-896ff667771a,2026-06-05T23:30:00Z,2026-06-06T01:30:00+0200,2884.09985,MW,FR,FR,forecast_onshore_wind_generation,Wind Onshore,2026-06-13T21:03:52Z
2026-06-13T21:02:15Z,2026-06-13T23:02:15+0200,37293abf-bd75-40d9-81b7-896ff667771a,2026-06-05T23:45:00Z,2026-06-06T01:45:00+0200,3071.49976,MW,FR,FR,forecast_onshore_wind_generation,Wind Onshore,2026-06-13T21:03:52Z
2026-06-13T21:02:15Z,2026-06-13T23:02:15+0200,37293abf-bd75-40d9-81b7-896ff667771a,2026-06-06T00:00:00Z,2026-06-06T02:00:00+0200,3259.02979,MW,FR,FR,forecast_onshore_wind_generation,Wind Onshore,2026-06-13T21:03:52Z
2026-06-13T21:02:15Z,2026-06-13T23:02:15+0200,37293abf-bd75-40d9-81b7-896ff667771a,2026-06-06T00:15:00Z,2026-06-06T02:15:00+0200,3417.56982,MW,FR,FR,forecast_onshore_wind_generation,Wind Onshore,2026-06-13T21:03:52Z
2026-06-13T21:02:15Z,2026-06-13T23:02:15+0200,37293abf-bd75-40d9-81b7-896ff667771a,2026-06-06T00:30:00Z,2026-06-06T02:30:00+0200,3576.16992,MW,FR,FR,forecast_onshore_wind_generation,Wind Onshore,2026-06-13T21:03:52Z
2026-06-13T21:02:15Z,2026-06-13T23:02:15+0200,37293abf-bd75-40d9-81b7-896ff667771a,2026-06-06T00:45:00Z,2026-06-06T02:45:00+0200,3735.01025,MW,FR,FR,forecast_onshore_wind_generation,Wind Onshore,2026-06-13T21:03:52Z
2026-06-13T21:02:15Z,2026-06-13T23:02:15+0200,37293abf-bd75-40d9-81b7-896ff667771a,2026-06-06T01:00:00Z,2026-06-06T03:00:00+0200,3893.93018,MW,FR,FR,forecast_onshore_wind_generation,Wind Onshore,2026-06-13T21:03:52Z
2026-06-13T21:02:15Z,2026-06-13T23:02:15+0200,37293abf-bd75-40d9-81b7-896ff667771a,2026-06-06T01:15:00Z,2026-06-06T03:15:00+0200,4054.32983,MW,FR,FR,forecast_onshore_wind_generation,Wind Onshore,2026-06-13T21:03:52Z
2026-06-13T21:02:15Z,2026-06-13T23:02:15+0200,37293abf-bd75-40d9-81b7-896ff667771a,2026-06-06T01:30:00Z,2026-06-06T03:30:00+0200,4214.77979,MW,FR,FR,forecast_onshore_wind_generation,Wind Onshore,2026-06-13T21:03:52Z
2026-06-13T21:02:15Z,2026-06-13T23:02:15+0200,37293abf-bd75-40d9-81b7-896ff667771a,2026-06-06T01:45:00Z,2026-06-06T03:45:00+0200,4375.27539,MW,FR,FR,forecast_onshore_wind_generation,Wind Onshore,2026-06-13T21:03:52Z
2026-06-13T21:02:15Z,2026-06-13T23:02:15+0200,37293abf-bd75-40d9-81b7-896ff667771a,2026-06-06T02:00:00Z,2026-06-06T04:00:00+0200,2648.6499,MW,FR,FR,forecast_onshore_wind_generation,Wind Onshore,2026-06-13T21:03:52Z
2026-06-13T21:02:15Z,2026-06-13T23:02:15+0200,37293abf-bd75-40d9-81b7-896ff667771a,2026-06-06T02:15:00Z,2026-06-06T04:15:00+0200,2725.92285,MW,FR,FR,forecast_onshore_wind_generation,Wind Onshore,2026-06-13T21:03:52Z
2026-06-13T21:02:15Z,2026-06-13T23:02:15+0200,37293abf-bd75-40d9-81b7-896ff667771a,2026-06-06T02:30:00Z,2026-06-06T04:30:00+0200,4789.10156,MW,FR,FR,forecast_onshore_wind_generation,Wind Onshore,2026-06-13T21:03:52Z
2026-06-13T21:02:15Z,2026-06-13T23:02:15+0200,37293abf-bd75-40d9-81b7-896ff667771a,2026-06-06T02:45:00Z,2026-06-06T04:45:00+0200,4915.5498,MW,FR,FR,forecast_onshore_wind_generation,Wind Onshore,2026-06-13T21:03:52Z
2026-06-13T21:02:15Z,2026-06-13T23:02:15+0200,37293abf-bd75-40d9-81b7-896ff667771a,2026-06-06T03:00:00Z,2026-06-06T05:00:00+0200,5042.05029,MW,FR,FR,forecast_onshore_wind_generation,Wind Onshore,2026-06-13T21:03:52Z
2026-06-13T21:02:15Z,2026-06-13T23:02:15+0200,37293abf-bd75-40d9-81b7-896ff667771a,2026-06-06T03:15:00Z,2026-06-06T05:15:00+0200,5212.83008,MW,FR,FR,forecast_onshore_wind_generation,Wind Onshore,2026-06-13T21:03:52Z
2026-06-13T21:02:15Z,2026-06-13T23:02:15+0200,37293abf-bd75-40d9-81b7-896ff667771a,2026-06-06T03:30:00Z,2026-06-06T05:30:00+0200,5383.8501,MW,FR,FR,forecast_onshore_wind_generation,Wind Onshore,2026-06-13T21:03:52Z
2026-06-13T21:02:15Z,2026-06-13T23:02:15+0200,37293abf-bd75-40d9-81b7-896ff667771a,2026-06-06T03:45:00Z,2026-06-06T05:45:00+0200,5555.20996,MW,FR,FR,forecast_onshore_wind_generation,Wind Onshore,2026-06-13T21:03:52Z
2026-06-13T21:02:15Z,2026-06-13T23:02:15+0200,37293abf-bd75-40d9-81b7-896ff667771a,2026-06-06T04:00:00Z,2026-06-06T06:00:00+0200,5726.69971,MW,FR,FR,forecast_onshore_wind_generation,Wind Onshore,2026-06-13T21:03:52Z
2026-06-13T21:02:15Z,2026-06-13T23:02:15+0200,37293abf-bd75-40d9-81b7-896ff667771a,2026-06-06T04:15:00Z,2026-06-06T06:15:00+0200,5860.9502,MW,FR,FR,forecast_onshore_wind_generation,Wind Onshore,2026-06-13T21:03:52Z
2026-06-13T21:02:15Z,2026-06-13T23:02:15+0200,37293abf-bd75-40d9-81b7-896ff667771a,2026-06-06T04:30:00Z,2026-06-06T06:30:00+0200,5995.2998,MW,FR,FR,forecast_onshore_wind_generation,Wind Onshore,2026-06-13T21:03:52Z
2026-06-13T21:02:15Z,2026-06-13T23:02:15+0200,37293abf-bd75-40d9-81b7-896ff667771a,2026-06-06T04:45:00Z,2026-06-06T06:45:00+0200,6130.05029,MW,FR,FR,forecast_onshore_wind_generation,Wind Onshore,2026-06-13T21:03:52Z
2026-06-13T21:02:15Z,2026-06-13T23:02:15+0200,37293abf-bd75-40d9-81b7-896ff667771a,2026-06-06T05:00:00Z,2026-06-06T07:00:00+0200,6264.91992,MW,FR,FR,forecast_onshore_wind_generation,Wind Onshore,2026-06-13T21:03:52Z
2026-06-13T21:02:15Z,2026-06-13T23:02:15+0200,37293abf-bd75-40d9-81b7-896ff667771a,2026-06-06T05:15:00Z,2026-06-06T07:15:00+0200,6506.5,MW,FR,FR,forecast_onshore_wind_generation,Wind Onshore,2026-06-13T21:03:52Z
2026-06-13T21:02:15Z,2026-06-13T23:02:15+0200,37293abf-bd75-40d9-81b7-896ff667771a,2026-06-06T05:30:00Z,2026-06-06T07:30:00+0200,6748.08984,MW,FR,FR,forecast_onshore_wind_generation,Wind Onshore,2026-06-13T21:03:52Z
2026-06-13T21:02:15Z,2026-06-13T23:02:15+0200,37293abf-bd75-40d9-81b7-896ff667771a,2026-06-06T05:45:00Z,2026-06-06T07:45:00+0200,6990.07031,MW,FR,FR,forecast_onshore_wind_generation,Wind Onshore,2026-06-13T21:03:52Z
2026-06-13T21:02:15Z,2026-06-13T23:02:15+0200,37293abf-bd75-40d9-81b7-896ff667771a,2026-06-06T06:00:00Z,2026-06-06T08:00:00+0200,7232.08008,MW,FR,FR,forecast_onshore_wind_generation,Wind Onshore,2026-06-13T21:03:52Z
2026-06-13T21:02:15Z,2026-06-13T23:02:15+0200,37293abf-bd75-40d9-81b7-896ff667771a,2026-06-06T06:15:00Z,2026-06-06T08:15:00+0200,7231.31934,MW,FR,FR,forecast_onshore_wind_generation,Wind Onshore,2026-06-13T21:03:52Z
2026-06-13T21:02:15Z,2026-06-13T23:02:15+0200,37293abf-bd75-40d9-81b7-896ff667771a,2026-06-06T06:30:00Z,2026-06-06T08:30:00+0200,7230.58008,MW,FR,FR,forecast_onshore_wind_generation,Wind Onshore,2026-06-13T21:03:52Z
2026-06-13T21:02:15Z,2026-06-13T23:02:15+0200,37293abf-bd75-40d9-81b7-896ff667771a,2026-06-06T06:45:00Z,2026-06-06T08:45:00+0200,7229.74023,MW,FR,FR,forecast_onshore_wind_generation,Wind Onshore,2026-06-13T21:03:52Z
2026-06-13T21:02:15Z,2026-06-13T23:02:15+0200,37293abf-bd75-40d9-81b7-896ff667771a,2026-06-06T07:00:00Z,2026-06-06T09:00:00+0200,7228.92969,MW,FR,FR,forecast_onshore_wind_generation,Wind Onshore,2026-06-13T21:03:52Z
2026-06-13T21:02:15Z,2026-06-13T23:02:15+0200,37293abf-bd75-40d9-81b7-896ff667771a,2026-06-06T07:15:00Z,2026-06-06T09:15:00+0200,7086.73047,MW,FR,FR,forecast_onshore_wind_generation,Wind Onshore,2026-06-13T21:03:52Z
2026-06-13T21:02:15Z,2026-06-13T23:02:15+0200,37293abf-bd75-40d9-81b7-896ff667771a,2026-06-06T07:30:00Z,2026-06-06T09:30:00+0200,6944.59961,MW,FR,FR,forecast_onshore_wind_generation,Wind Onshore,2026-06-13T21:03:52Z
2026-06-13T21:02:15Z,2026-06-13T23:02:15+0200,37293abf-bd75-40d9-81b7-896ff667771a,2026-06-06T07:45:00Z,2026-06-06T09:45:00+0200,6802.87939,MW,FR,FR,forecast_onshore_wind_generation,Wind Onshore,2026-06-13T21:03:52Z
2026-06-13T21:02:15Z,2026-06-13T23:02:15+0200,37293abf-bd75-40d9-81b7-896ff667771a,2026-06-06T08:00:00Z,2026-06-06T10:00:00+0200,3969.30151,MW,FR,FR,forecast_onshore_wind_generation,Wind Onshore,2026-06-13T21:03:52Z
2026-06-13T21:02:15Z,2026-06-13T23:02:15+0200,37293abf-bd75-40d9-81b7-896ff667771a,2026-06-06T08:15:00Z,2026-06-06T10:15:00+0200,4186.16064,MW,FR,FR,forecast_onshore_wind_generation,Wind Onshore,2026-06-13T21:03:52Z
2026-06-13T21:02:15Z,2026-06-13T23:02:15+0200,37293abf-bd75-40d9-81b7-896ff667771a,2026-06-06T08:30:00Z,2026-06-06T10:30:00+0200,4403.08691,MW,FR,FR,forecast_onshore_wind_generation,Wind Onshore,2026-06-13T21:03:52Z
2026-06-13T21:02:15Z,2026-06-13T23:02:15+0200,37293abf-bd75-40d9-81b7-896ff667771a,2026-06-06T08:45:00Z,2026-06-06T10:45:00+0200,4619.97119,MW,FR,FR,forecast_onshore_wind_generation,Wind Onshore,2026-06-13T21:03:52Z
2026-06-13T21:02:15Z,2026-06-13T23:02:15+0200,37293abf-bd75-40d9-81b7-896ff667771a,2026-06-06T09:00:00Z,2026-06-06T11:00:00+0200,4451.18896,MW,FR,FR,forecast_onshore_wind_generation,Wind Onshore,2026-06-13T21:03:52Z
2026-06-13T21:02:15Z,2026-06-13T23:02:15+0200,37293abf-bd75-40d9-81b7-896ff667771a,2026-06-06T09:15:00Z,2026-06-06T11:15:00+0200,4716.20068,MW,FR,FR,forecast_onshore_wind_generation,Wind Onshore,2026-06-13T21:03:52Z
2026-06-13T21:02:15Z,2026-06-13T23:02:15+0200,37293abf-bd75-40d9-81b7-896ff667771a,2026-06-06T09:30:00Z,2026-06-06T11:30:00+0200,4981.20898,MW,FR,FR,forecast_onshore_wind_generation,Wind Onshore,2026-06-13T21:03:52Z
2026-06-13T21:02:15Z,2026-06-13T23:02:15+0200,37293abf-bd75-40d9-81b7-896ff667771a,2026-06-06T09:45:00Z,2026-06-06T11:45:00+0200,5246.40039,MW,FR,FR,forecast_onshore_wind_generation,Wind Onshore,2026-06-13T21:03:52Z
2026-06-13T21:02:15Z,2026-06-13T23:02:15+0200,37293abf-bd75-40d9-81b7-896ff667771a,2026-06-06T10:00:00Z,2026-06-06T12:00:00+0200,5971.30566,MW,FR,FR,forecast_onshore_wind_generation,Wind Onshore,2026-06-13T21:03:52Z
2026-06-13T21:02:15Z,2026-06-13T23:02:15+0200,37293abf-bd75-40d9-81b7-896ff667771a,2026-06-06T10:15:00Z,2026-06-06T12:15:00+0200,6058.75342,MW,FR,FR,forecast_onshore_wind_generation,Wind Onshore,2026-06-13T21:03:52Z
2026-06-13T21:02:15Z,2026-06-13T23:02:15+0200,37293abf-bd75-40d9-81b7-896ff667771a,2026-06-06T10:30:00Z,2026-06-06T12:30:00+0200,6146.40088,MW,FR,FR,forecast_onshore_wind_generation,Wind Onshore,2026-06-13T21:03:52Z
2026-06-13T21:02:15Z,2026-06-13T23:02:15+0200,37293abf-bd75-40d9-81b7-896ff667771a,2026-06-06T10:45:00Z,2026-06-06T12:45:00+0200,6234.31104,MW,FR,FR,forecast_onshore_wind_generation,Wind Onshore,2026-06-13T21:03:52Z
2026-06-13T21:02:15Z,2026-06-13T23:02:15+0200,37293abf-bd75-40d9-81b7-896ff667771a,2026-06-06T11:00:00Z,2026-06-06T13:00:00+0200,6321.94043,MW,FR,FR,forecast_onshore_wind_generation,Wind Onshore,2026-06-13T21:03:52Z
2026-06-13T21:02:15Z,2026-06-13T23:02:15+0200,37293abf-bd75-40d9-81b7-896ff667771a,2026-06-06T11:15:00Z,2026-06-06T13:15:00+0200,6281.97363,MW,FR,FR,forecast_onshore_wind_generation,Wind Onshore,2026-06-13T21:03:52Z
2026-06-13T21:02:15Z,2026-06-13T23:02:15+0200,37293abf-bd75-40d9-81b7-896ff667771a,2026-06-06T11:30:00Z,2026-06-06T13:30:00+0200,6241.89648,MW,FR,FR,forecast_onshore_wind_generation,Wind Onshore,2026-06-13T21:03:52Z
2026-06-13T21:02:15Z,2026-06-13T23:02:15+0200,37293abf-bd75-40d9-81b7-896ff667771a,2026-06-06T11:45:00Z,2026-06-06T13:45:00+0200,6202.17676,MW,FR,FR,forecast_onshore_wind_generation,Wind Onshore,2026-06-13T21:03:52Z
2026-06-13T21:02:15Z,2026-06-13T23:02:15+0200,37293abf-bd75-40d9-81b7-896ff667771a,2026-06-06T12:00:00Z,2026-06-06T14:00:00+0200,6162.31201,MW,FR,FR,forecast_onshore_wind_generation,Wind Onshore,2026-06-13T21:03:52Z
2026-06-13T21:02:15Z,2026-06-13T23:02:15+0200,37293abf-bd75-40d9-81b7-896ff667771a,2026-06-06T12:15:00Z,2026-06-06T14:15:00+0200,6203.62646,MW,FR,FR,forecast_onshore_wind_generation,Wind Onshore,2026-06-13T21:03:52Z
2026-06-13T21:02:15Z,2026-06-13T23:02:15+0200,37293abf-bd75-40d9-81b7-896ff667771a,2026-06-06T12:30:00Z,2026-06-06T14:30:00+0200,6245.48682,MW,FR,FR,forecast_onshore_wind_generation,Wind Onshore,2026-06-13T21:03:52Z
2026-06-13T21:02:15Z,2026-06-13T23:02:15+0200,37293abf-bd75-40d9-81b7-896ff667771a,2026-06-06T12:45:00Z,2026-06-06T14:45:00+0200,5760.92188,MW,FR,FR,forecast_onshore_wind_generation,Wind Onshore,2026-06-13T21:03:52Z
2026-06-13T21:02:15Z,2026-06-13T23:02:15+0200,37293abf-bd75-40d9-81b7-896ff667771a,2026-06-06T13:00:00Z,2026-06-06T15:00:00+0200,5790.29834,MW,FR,FR,forecast_onshore_wind_generation,Wind Onshore,2026-06-13T21:03:52Z
2026-06-13T21:02:15Z,2026-06-13T23:02:15+0200,37293abf-bd75-40d9-81b7-896ff667771a,2026-06-06T13:15:00Z,2026-06-06T15:15:00+0200,5801.43799,MW,FR,FR,forecast_onshore_wind_generation,Wind Onshore,2026-06-13T21:03:52Z
2026-06-13T21:02:15Z,2026-06-13T23:02:15+0200,37293abf-bd75-40d9-81b7-896ff667771a,2026-06-06T13:30:00Z,2026-06-06T15:30:00+0200,5812.34033,MW,FR,FR,forecast_onshore_wind_generation,Wind Onshore,2026-06-13T21:03:52Z
2026-06-13T21:02:15Z,2026-06-13T23:02:15+0200,37293abf-bd75-40d9-81b7-896ff667771a,2026-06-06T13:45:00Z,2026-06-06T15:45:00+0200,5823.38965,MW,FR,FR,forecast_onshore_wind_generation,Wind Onshore,2026-06-13T21:03:52Z
2026-06-13T21:02:15Z,2026-06-13T23:02:15+0200,37293abf-bd75-40d9-81b7-896ff667771a,2026-06-06T14:00:00Z,2026-06-06T16:00:00+0200,5834.31299,MW,FR,FR,forecast_onshore_wind_generation,Wind Onshore,2026-06-13T21:03:52Z
2026-06-13T21:02:15Z,2026-06-13T23:02:15+0200,37293abf-bd75-40d9-81b7-896ff667771a,2026-06-06T14:15:00Z,2026-06-06T16:15:00+0200,5855.45264,MW,FR,FR,forecast_onshore_wind_generation,Wind Onshore,2026-06-13T21:03:52Z
2026-06-13T21:02:15Z,2026-06-13T23:02:15+0200,37293abf-bd75-40d9-81b7-896ff667771a,2026-06-06T14:30:00Z,2026-06-06T16:30:00+0200,5876.41113,MW,FR,FR,forecast_onshore_wind_generation,Wind Onshore,2026-06-13T21:03:52Z
2026-06-13T21:02:15Z,2026-06-13T23:02:15+0200,37293abf-bd75-40d9-81b7-896ff667771a,2026-06-06T14:45:00Z,2026-06-06T16:45:00+0200,5897.44824,MW,FR,FR,forecast_onshore_wind_generation,Wind Onshore,2026-06-13T21:03:52Z
2026-06-13T21:02:15Z,2026-06-13T23:02:15+0200,37293abf-bd75-40d9-81b7-896ff667771a,2026-06-06T15:00:00Z,2026-06-06T17:00:00+0200,6506.17139,MW,FR,FR,forecast_onshore_wind_generation,Wind Onshore,2026-06-13T21:03:52Z
2026-06-13T21:02:15Z,2026-06-13T23:02:15+0200,37293abf-bd75-40d9-81b7-896ff667771a,2026-06-06T15:15:00Z,2026-06-06T17:15:00+0200,6493.25586,MW,FR,FR,forecast_onshore_wind_generation,Wind Onshore,2026-06-13T21:03:52Z
2026-06-13T21:02:15Z,2026-06-13T23:02:15+0200,37293abf-bd75-40d9-81b7-896ff667771a,2026-06-06T15:30:00Z,2026-06-06T17:30:00+0200,6480.67529,MW,FR,FR,forecast_onshore_wind_generation,Wind Onshore,2026-06-13T21:03:52Z
2026-06-13T21:02:15Z,2026-06-13T23:02:15+0200,37293abf-bd75-40d9-81b7-896ff667771a,2026-06-06T15:45:00Z,2026-06-06T17:45:00+0200,6467.73975,MW,FR,FR,forecast_onshore_wind_generation,Wind Onshore,2026-06-13T21:03:52Z
2026-06-13T21:02:15Z,2026-06-13T23:02:15+0200,37293abf-bd75-40d9-81b7-896ff667771a,2026-06-06T16:00:00Z,2026-06-06T18:00:00+0200,6454.81201,MW,FR,FR,forecast_onshore_wind_generation,Wind Onshore,2026-06-13T21:03:52Z
2026-06-13T21:02:15Z,2026-06-13T23:02:15+0200,37293abf-bd75-40d9-81b7-896ff667771a,2026-06-06T16:15:00Z,2026-06-06T18:15:00+0200,6339.5127,MW,FR,FR,forecast_onshore_wind_generation,Wind Onshore,2026-06-13T21:03:52Z
2026-06-13T21:02:15Z,2026-06-13T23:02:15+0200,37293abf-bd75-40d9-81b7-896ff667771a,2026-06-06T16:30:00Z,2026-06-06T18:30:00+0200,10483.41895,MW,FR,FR,forecast_onshore_wind_generation,Wind Onshore,2026-06-13T21:03:52Z
2026-06-13T21:02:15Z,2026-06-13T23:02:15+0200,37293abf-bd75-40d9-81b7-896ff667771a,2026-06-06T16:45:00Z,2026-06-06T18:45:00+0200,10293.41016,MW,FR,FR,forecast_onshore_wind_generation,Wind Onshore,2026-06-13T21:03:52Z
2026-06-13T21:02:15Z,2026-06-13T23:02:15+0200,37293abf-bd75-40d9-81b7-896ff667771a,2026-06-06T17:00:00Z,2026-06-06T19:00:00+0200,10103.25,MW,FR,FR,forecast_onshore_wind_generation,Wind Onshore,2026-06-13T21:03:52Z
2026-06-13T21:02:15Z,2026-06-13T23:02:15+0200,37293abf-bd75-40d9-81b7-896ff667771a,2026-06-06T17:15:00Z,2026-06-06T19:15:00+0200,9861.32031,MW,FR,FR,forecast_onshore_wind_generation,Wind Onshore,2026-06-13T21:03:52Z
2026-06-13T21:02:15Z,2026-06-13T23:02:15+0200,37293abf-bd75-40d9-81b7-896ff667771a,2026-06-06T17:30:00Z,2026-06-06T19:30:00+0200,9619.41016,MW,FR,FR,forecast_onshore_wind_generation,Wind Onshore,2026-06-13T21:03:52Z
2026-06-13T21:02:15Z,2026-06-13T23:02:15+0200,37293abf-bd75-40d9-81b7-896ff667771a,2026-06-06T17:45:00Z,2026-06-06T19:45:00+0200,9377.41016,MW,FR,FR,forecast_onshore_wind_generation,Wind Onshore,2026-06-13T21:03:52Z
2026-06-13T21:02:15Z,2026-06-13T23:02:15+0200,37293abf-bd75-40d9-81b7-896ff667771a,2026-06-06T18:00:00Z,2026-06-06T20:00:00+0200,9135.41016,MW,FR,FR,forecast_onshore_wind_generation,Wind Onshore,2026-06-13T21:03:52Z
2026-06-13T21:02:15Z,2026-06-13T23:02:15+0200,37293abf-bd75-40d9-81b7-896ff667771a,2026-06-06T18:15:00Z,2026-06-06T20:15:00+0200,8908.74023,MW,FR,FR,forecast_onshore_wind_generation,Wind Onshore,2026-06-13T21:03:52Z
2026-06-13T21:02:15Z,2026-06-13T23:02:15+0200,37293abf-bd75-40d9-81b7-896ff667771a,2026-06-06T18:30:00Z,2026-06-06T20:30:00+0200,8682.07031,MW,FR,FR,forecast_onshore_wind_generation,Wind Onshore,2026-06-13T21:03:52Z
2026-06-13T21:02:15Z,2026-06-13T23:02:15+0200,37293abf-bd75-40d9-81b7-896ff667771a,2026-06-06T18:45:00Z,2026-06-06T20:45:00+0200,8455.38965,MW,FR,FR,forecast_onshore_wind_generation,Wind Onshore,2026-06-13T21:03:52Z
2026-06-13T21:02:15Z,2026-06-13T23:02:15+0200,37293abf-bd75-40d9-81b7-896ff667771a,2026-06-06T19:00:00Z,2026-06-06T21:00:00+0200,8228.70996,MW,FR,FR,forecast_onshore_wind_generation,Wind Onshore,2026-06-13T21:03:52Z
2026-06-13T21:02:15Z,2026-06-13T23:02:15+0200,37293abf-bd75-40d9-81b7-896ff667771a,2026-06-06T19:15:00Z,2026-06-06T21:15:00+0200,8124.22949,MW,FR,FR,forecast_onshore_wind_generation,Wind Onshore,2026-06-13T21:03:52Z
2026-06-13T21:02:15Z,2026-06-13T23:02:15+0200,37293abf-bd75-40d9-81b7-896ff667771a,2026-06-06T19:30:00Z,2026-06-06T21:30:00+0200,8019.74023,MW,FR,FR,forecast_onshore_wind_generation,Wind Onshore,2026-06-13T21:03:52Z
2026-06-13T21:02:15Z,2026-06-13T23:02:15+0200,37293abf-bd75-40d9-81b7-896ff667771a,2026-06-06T19:45:00Z,2026-06-06T21:45:00+0200,7915.23975,MW,FR,FR,forecast_onshore_wind_generation,Wind Onshore,2026-06-13T21:03:52Z
2026-06-13T21:02:15Z,2026-06-13T23:02:15+0200,37293abf-bd75-40d9-81b7-896ff667771a,2026-06-06T20:00:00Z,2026-06-06T22:00:00+0200,7810.76953,MW,FR,FR,forecast_onshore_wind_generation,Wind Onshore,2026-06-13T21:03:52Z
2026-06-13T21:02:15Z,2026-06-13T23:02:15+0200,37293abf-bd75-40d9-81b7-896ff667771a,2026-06-06T20:15:00Z,2026-06-06T22:15:00+0200,7773.66016,MW,FR,FR,forecast_onshore_wind_generation,Wind Onshore,2026-06-13T21:03:52Z
2026-06-13T21:02:15Z,2026-06-13T23:02:15+0200,37293abf-bd75-40d9-81b7-896ff667771a,2026-06-06T20:30:00Z,2026-06-06T22:30:00+0200,7736.54004,MW,FR,FR,forecast_onshore_wind_generation,Wind Onshore,2026-06-13T21:03:52Z
2026-06-13T21:02:15Z,2026-06-13T23:02:15+0200,37293abf-bd75-40d9-81b7-896ff667771a,2026-06-06T20:45:00Z,2026-06-06T22:45:00+0200,7699.62988,MW,FR,FR,forecast_onshore_wind_generation,Wind Onshore,2026-06-13T21:03:52Z
2026-06-13T21:02:15Z,2026-06-13T23:02:15+0200,37293abf-bd75-40d9-81b7-896ff667771a,2026-06-06T21:00:00Z,2026-06-06T23:00:00+0200,7662.69971,MW,FR,FR,forecast_onshore_wind_generation,Wind Onshore,2026-06-13T21:03:52Z
2026-06-13T21:02:15Z,2026-06-13T23:02:15+0200,37293abf-bd75-40d9-81b7-896ff667771a,2026-06-06T21:15:00Z,2026-06-06T23:15:00+0200,7623.27051,MW,FR,FR,forecast_onshore_wind_generation,Wind Onshore,2026-06-13T21:03:52Z
2026-06-13T21:02:15Z,2026-06-13T23:02:15+0200,37293abf-bd75-40d9-81b7-896ff667771a,2026-06-06T21:30:00Z,2026-06-06T23:30:00+0200,7584.12012,MW,FR,FR,forecast_onshore_wind_generation,Wind Onshore,2026-06-13T21:03:52Z
2026-06-13T21:02:15Z,2026-06-13T23:02:15+0200,37293abf-bd75-40d9-81b7-896ff667771a,2026-06-06T21:45:00Z,2026-06-06T23:45:00+0200,7545.28955,MW,FR,FR,forecast_onshore_wind_generation,Wind Onshore,2026-06-13T21:03:52Z
2026-06-13T21:02:15Z,2026-06-13T23:02:15+0200,37293abf-bd75-40d9-81b7-896ff667771a,2026-06-06T22:00:00Z,2026-06-07T00:00:00+0200,7774.45947,MW,FR,FR,forecast_onshore_wind_generation,Wind Onshore,2026-06-13T21:03:52Z
2026-06-13T21:02:15Z,2026-06-13T23:02:15+0200,37293abf-bd75-40d9-81b7-896ff667771a,2026-06-06T22:15:00Z,2026-06-07T00:15:00+0200,7680.28027,MW,FR,FR,forecast_onshore_wind_generation,Wind Onshore,2026-06-13T21:03:52Z
2026-06-13T21:02:15Z,2026-06-13T23:02:15+0200,37293abf-bd75-40d9-81b7-896ff667771a,2026-06-06T22:30:00Z,2026-06-07T00:30:00+0200,7586.58008,MW,FR,FR,forecast_onshore_wind_generation,Wind Onshore,2026-06-13T21:03:52Z
2026-06-13T21:02:15Z,2026-06-13T23:02:15+0200,37293abf-bd75-40d9-81b7-896ff667771a,2026-06-06T22:45:00Z,2026-06-07T00:45:00+0200,7490.83984,MW,FR,FR,forecast_onshore_wind_generation,Wind Onshore,2026-06-13T21:03:52Z
2026-06-13T21:02:15Z,2026-06-13T23:02:15+0200,37293abf-bd75-40d9-81b7-896ff667771a,2026-06-06T23:00:00Z,2026-06-07T01:00:00+0200,7395.31006,MW,FR,FR,forecast_onshore_wind_generation,Wind Onshore,2026-06-13T21:03:52Z
2026-06-13T21:02:15Z,2026-06-13T23:02:15+0200,37293abf-bd75-40d9-81b7-896ff667771a,2026-06-06T23:15:00Z,2026-06-07T01:15:00+0200,7237.14014,MW,FR,FR,forecast_onshore_wind_generation,Wind Onshore,2026-06-13T21:03:52Z
2026-06-13T21:02:15Z,2026-06-13T23:02:15+0200,37293abf-bd75-40d9-81b7-896ff667771a,2026-06-06T23:30:00Z,2026-06-07T01:30:00+0200,7079.03027,MW,FR,FR,forecast_onshore_wind_generation,Wind Onshore,2026-06-13T21:03:52Z
2026-06-13T21:02:15Z,2026-06-13T23:02:15+0200,37293abf-bd75-40d9-81b7-896ff667771a,2026-06-06T23:45:00Z,2026-06-07T01:45:00+0200,6920.30957,MW,FR,FR,forecast_onshore_wind_generation,Wind Onshore,2026-06-13T21:03:52Z
2026-06-13T21:02:15Z,2026-06-13T23:02:15+0200,37293abf-bd75-40d9-81b7-896ff667771a,2026-06-07T00:00:00Z,2026-06-07T02:00:00+0200,6761.83008,MW,FR,FR,forecast_onshore_wind_generation,Wind Onshore,2026-06-13T21:03:52Z
2026-06-13T21:02:15Z,2026-06-13T23:02:15+0200,37293abf-bd75-40d9-81b7-896ff667771a,2026-06-07T00:15:00Z,2026-06-07T02:15:00+0200,6593.25,MW,FR,FR,forecast_onshore_wind_generation,Wind Onshore,2026-06-13T21:03:52Z
2026-06-13T21:02:15Z,2026-06-13T23:02:15+0200,37293abf-bd75-40d9-81b7-896ff667771a,2026-06-07T00:30:00Z,2026-06-07T02:30:00+0200,6424.77979,MW,FR,FR,forecast_onshore_wind_generation,Wind Onshore,2026-06-13T21:03:52Z
2026-06-13T21:02:15Z,2026-06-13T23:02:15+0200,37293abf-bd75-40d9-81b7-896ff667771a,2026-06-07T00:45:00Z,2026-06-07T02:45:00+0200,6256.79004,MW,FR,FR,forecast_onshore_wind_generation,Wind Onshore,2026-06-13T21:03:52Z
2026-06-13T21:02:15Z,2026-06-13T23:02:15+0200,37293abf-bd75-40d9-81b7-896ff667771a,2026-06-07T01:00:00Z,2026-06-07T03:00:00+0200,6089.2998,MW,FR,FR,forecast_onshore_wind_generation,Wind Onshore,2026-06-13T21:03:52Z
2026-06-13T21:02:15Z,2026-06-13T23:02:15+0200,37293abf-bd75-40d9-81b7-896ff667771a,2026-06-07T01:15:00Z,2026-06-07T03:15:00+0200,5934.87012,MW,FR,FR,forecast_onshore_wind_generation,Wind Onshore,2026-06-13T21:03:52Z
2026-06-13T21:02:15Z,2026-06-13T23:02:15+0200,37293abf-bd75-40d9-81b7-896ff667771a,2026-06-07T01:30:00Z,2026-06-07T03:30:00+0200,5780.68018,MW,FR,FR,forecast_onshore_wind_generation,Wind Onshore,2026-06-13T21:03:52Z
2026-06-13T21:02:15Z,2026-06-13T23:02:15+0200,37293abf-bd75-40d9-81b7-896ff667771a,2026-06-07T01:45:00Z,2026-06-07T03:45:00+0200,5626.37012,MW,FR,FR,forecast_onshore_wind_generation,Wind Onshore,2026-06-13T21:03:52Z
2026-06-13T21:02:15Z,2026-06-13T23:02:15+0200,37293abf-bd75-40d9-81b7-896ff667771a,2026-06-07T02:00:00Z,2026-06-07T04:00:00+0200,5472.39014,MW,FR,FR,forecast_onshore_wind_generation,Wind Onshore,2026-06-13T21:03:52Z
2026-06-13T21:02:15Z,2026-06-13T23:02:15+0200,37293abf-bd75-40d9-81b7-896ff667771a,2026-06-07T02:15:00Z,2026-06-07T04:15:00+0200,5305.75977,MW,FR,FR,forecast_onshore_wind_generation,Wind Onshore,2026-06-13T21:03:52Z
2026-06-13T21:02:15Z,2026-06-13T23:02:15+0200,37293abf-bd75-40d9-81b7-896ff667771a,2026-06-07T02:30:00Z,2026-06-07T04:30:00+0200,5139.16992,MW,FR,FR,forecast_onshore_wind_generation,Wind Onshore,2026-06-13T21:03:52Z
2026-06-13T21:02:15Z,2026-06-13T23:02:15+0200,37293abf-bd75-40d9-81b7-896ff667771a,2026-06-07T02:45:00Z,2026-06-07T04:45:00+0200,4972.64014,MW,FR,FR,forecast_onshore_wind_generation,Wind Onshore,2026-06-13T21:03:52Z
2026-06-13T21:02:15Z,2026-06-13T23:02:15+0200,37293abf-bd75-40d9-81b7-896ff667771a,2026-06-07T03:00:00Z,2026-06-07T05:00:00+0200,4806.18994,MW,FR,FR,forecast_onshore_wind_generation,Wind Onshore,2026-06-13T21:03:52Z
2026-06-13T21:02:15Z,2026-06-13T23:02:15+0200,37293abf-bd75-40d9-81b7-896ff667771a,2026-06-07T03:15:00Z,2026-06-07T05:15:00+0200,4666.75,MW,FR,FR,forecast_onshore_wind_generation,Wind Onshore,2026-06-13T21:03:52Z
2026-06-13T21:02:15Z,2026-06-13T23:02:15+0200,37293abf-bd75-40d9-81b7-896ff667771a,2026-06-07T03:30:00Z,2026-06-07T05:30:00+0200,4527.3501,MW,FR,FR,forecast_onshore_wind_generation,Wind Onshore,2026-06-13T21:03:52Z
2026-06-13T21:02:15Z,2026-06-13T23:02:15+0200,37293abf-bd75-40d9-81b7-896ff667771a,2026-06-07T03:45:00Z,2026-06-07T05:45:00+0200,4387.38037,MW,FR,FR,forecast_onshore_wind_generation,Wind Onshore,2026-06-13T21:03:52Z
2026-06-13T21:02:15Z,2026-06-13T23:02:15+0200,37293abf-bd75-40d9-81b7-896ff667771a,2026-06-07T04:00:00Z,2026-06-07T06:00:00+0200,4247.56982,MW,FR,FR,forecast_onshore_wind_generation,Wind Onshore,2026-06-13T21:03:52Z
2026-06-13T21:02:15Z,2026-06-13T23:02:15+0200,37293abf-bd75-40d9-81b7-896ff667771a,2026-06-07T04:15:00Z,2026-06-07T06:15:00+0200,4073.06982,MW,FR,FR,forecast_onshore_wind_generation,Wind Onshore,2026-06-13T21:03:52Z
2026-06-13T21:02:15Z,2026-06-13T23:02:15+0200,37293abf-bd75-40d9-81b7-896ff667771a,2026-06-07T04:30:00Z,2026-06-07T06:30:00+0200,3898.68994,MW,FR,FR,forecast_onshore_wind_generation,Wind Onshore,2026-06-13T21:03:52Z
2026-06-13T21:02:15Z,2026-06-13T23:02:15+0200,37293abf-bd75-40d9-81b7-896ff667771a,2026-06-07T04:45:00Z,2026-06-07T06:45:00+0200,3723.72998,MW,FR,FR,forecast_onshore_wind_generation,Wind Onshore,2026-06-13T21:03:52Z
2026-06-13T21:02:15Z,2026-06-13T23:02:15+0200,37293abf-bd75-40d9-81b7-896ff667771a,2026-06-07T05:00:00Z,2026-06-07T07:00:00+0200,3549.17993,MW,FR,FR,forecast_onshore_wind_generation,Wind Onshore,2026-06-13T21:03:52Z
2026-06-13T21:02:15Z,2026-06-13T23:02:15+0200,37293abf-bd75-40d9-81b7-896ff667771a,2026-06-07T05:15:00Z,2026-06-07T07:15:00+0200,3262.81982,MW,FR,FR,forecast_onshore_wind_generation,Wind Onshore,2026-06-13T21:03:52Z
2026-06-13T21:02:15Z,2026-06-13T23:02:15+0200,37293abf-bd75-40d9-81b7-896ff667771a,2026-06-07T05:30:00Z,2026-06-07T07:30:00+0200,2976.85156,MW,FR,FR,forecast_onshore_wind_generation,Wind Onshore,2026-06-13T21:03:52Z
2026-06-13T21:02:15Z,2026-06-13T23:02:15+0200,37293abf-bd75-40d9-81b7-896ff667771a,2026-06-07T05:45:00Z,2026-06-07T07:45:00+0200,1532.31091,MW,FR,FR,forecast_onshore_wind_generation,Wind Onshore,2026-06-13T21:03:52Z
2026-06-13T21:02:15Z,2026-06-13T23:02:15+0200,37293abf-bd75-40d9-81b7-896ff667771a,2026-06-07T06:00:00Z,2026-06-07T08:00:00+0200,1368.45996,MW,FR,FR,forecast_onshore_wind_generation,Wind Onshore,2026-06-13T21:03:52Z
2026-06-13T21:02:15Z,2026-06-13T23:02:15+0200,37293abf-bd75-40d9-81b7-896ff667771a,2026-06-07T06:15:00Z,2026-06-07T08:15:00+0200,1364.02979,MW,FR,FR,forecast_onshore_wind_generation,Wind Onshore,2026-06-13T21:03:52Z
2026-06-13T21:02:15Z,2026-06-13T23:02:15+0200,37293abf-bd75-40d9-81b7-896ff667771a,2026-06-07T06:30:00Z,2026-06-07T08:30:00+0200,1206.20984,MW,FR,FR,forecast_onshore_wind_generation,Wind Onshore,2026-06-13T21:03:52Z
2026-06-13T21:02:15Z,2026-06-13T23:02:15+0200,37293abf-bd75-40d9-81b7-896ff667771a,2026-06-07T06:45:00Z,2026-06-07T08:45:00+0200,708.88013,MW,FR,FR,forecast_onshore_wind_generation,Wind Onshore,2026-06-13T21:03:52Z
2026-06-13T21:02:15Z,2026-06-13T23:02:15+0200,37293abf-bd75-40d9-81b7-896ff667771a,2026-06-07T07:00:00Z,2026-06-07T09:00:00+0200,707.85992,MW,FR,FR,forecast_onshore_wind_generation,Wind Onshore,2026-06-13T21:03:52Z
2026-06-13T21:02:15Z,2026-06-13T23:02:15+0200,37293abf-bd75-40d9-81b7-896ff667771a,2026-06-07T07:15:00Z,2026-06-07T09:15:00+0200,709.25983,MW,FR,FR,forecast_onshore_wind_generation,Wind Onshore,2026-06-13T21:03:52Z
2026-06-13T21:02:15Z,2026-06-13T23:02:15+0200,37293abf-bd75-40d9-81b7-896ff667771a,2026-06-07T07:30:00Z,2026-06-07T09:30:00+0200,710.89001,MW,FR,FR,forecast_onshore_wind_generation,Wind Onshore,2026-06-13T21:03:52Z
2026-06-13T21:02:15Z,2026-06-13T23:02:15+0200,37293abf-bd75-40d9-81b7-896ff667771a,2026-06-07T07:45:00Z,2026-06-07T09:45:00+0200,712.7998,MW,FR,FR,forecast_onshore_wind_generation,Wind Onshore,2026-06-13T21:03:52Z
2026-06-13T21:02:15Z,2026-06-13T23:02:15+0200,37293abf-bd75-40d9-81b7-896ff667771a,2026-06-07T08:00:00Z,2026-06-07T10:00:00+0200,715.11993,MW,FR,FR,forecast_onshore_wind_generation,Wind Onshore,2026-06-13T21:03:52Z
2026-06-13T21:02:15Z,2026-06-13T23:02:15+0200,37293abf-bd75-40d9-81b7-896ff667771a,2026-06-07T08:15:00Z,2026-06-07T10:15:00+0200,699.00031,MW,FR,FR,forecast_onshore_wind_generation,Wind Onshore,2026-06-13T21:03:52Z
2026-06-13T21:02:15Z,2026-06-13T23:02:15+0200,37293abf-bd75-40d9-81b7-896ff667771a,2026-06-07T08:30:00Z,2026-06-07T10:30:00+0200,682.88977,MW,FR,FR,forecast_onshore_wind_generation,Wind Onshore,2026-06-13T21:03:52Z
2026-06-13T21:02:15Z,2026-06-13T23:02:15+0200,37293abf-bd75-40d9-81b7-896ff667771a,2026-06-07T08:45:00Z,2026-06-07T10:45:00+0200,666.63019,MW,FR,FR,forecast_onshore_wind_generation,Wind Onshore,2026-06-13T21:03:52Z
2026-06-13T21:02:15Z,2026-06-13T23:02:15+0200,37293abf-bd75-40d9-81b7-896ff667771a,2026-06-07T09:00:00Z,2026-06-07T11:00:00+0200,650.71021,MW,FR,FR,forecast_onshore_wind_generation,Wind Onshore,2026-06-13T21:03:52Z
2026-06-13T21:02:15Z,2026-06-13T23:02:15+0200,37293abf-bd75-40d9-81b7-896ff667771a,2026-06-07T09:15:00Z,2026-06-07T11:15:00+0200,645.92017,MW,FR,FR,forecast_onshore_wind_generation,Wind Onshore,2026-06-13T21:03:52Z
2026-06-13T21:02:15Z,2026-06-13T23:02:15+0200,37293abf-bd75-40d9-81b7-896ff667771a,2026-06-07T09:30:00Z,2026-06-07T11:30:00+0200,641.57983,MW,FR,FR,forecast_onshore_wind_generation,Wind Onshore,2026-06-13T21:03:52Z
2026-06-13T21:02:15Z,2026-06-13T23:02:15+0200,37293abf-bd75-40d9-81b7-896ff667771a,2026-06-07T09:45:00Z,2026-06-07T11:45:00+0200,637.2298,MW,FR,FR,forecast_onshore_wind_generation,Wind Onshore,2026-06-13T21:03:52Z
2026-06-13T21:02:15Z,2026-06-13T23:02:15+0200,37293abf-bd75-40d9-81b7-896ff667771a,2026-06-07T10:00:00Z,2026-06-07T12:00:00+0200,633.17987,MW,FR,FR,forecast_onshore_wind_generation,Wind Onshore,2026-06-13T21:03:52Z
2026-06-13T21:02:15Z,2026-06-13T23:02:15+0200,37293abf-bd75-40d9-81b7-896ff667771a,2026-06-07T10:15:00Z,2026-06-07T12:15:00+0200,624.45959,MW,FR,FR,forecast_onshore_wind_generation,Wind Onshore,2026-06-13T21:03:52Z
2026-06-13T21:02:15Z,2026-06-13T23:02:15+0200,37293abf-bd75-40d9-81b7-896ff667771a,2026-06-07T10:30:00Z,2026-06-07T12:30:00+0200,616.06006,MW,FR,FR,forecast_onshore_wind_generation,Wind Onshore,2026-06-13T21:03:52Z
2026-06-13T21:02:15Z,2026-06-13T23:02:15+0200,37293abf-bd75-40d9-81b7-896ff667771a,2026-06-07T10:45:00Z,2026-06-07T12:45:00+0200,607.74976,MW,FR,FR,forecast_onshore_wind_generation,Wind Onshore,2026-06-13T21:03:52Z
2026-06-13T21:02:15Z,2026-06-13T23:02:15+0200,37293abf-bd75-40d9-81b7-896ff667771a,2026-06-07T11:00:00Z,2026-06-07T13:00:00+0200,599.2196,MW,FR,FR,forecast_onshore_wind_generation,Wind Onshore,2026-06-13T21:03:52Z
2026-06-13T21:02:15Z,2026-06-13T23:02:15+0200,37293abf-bd75-40d9-81b7-896ff667771a,2026-06-07T11:15:00Z,2026-06-07T13:15:00+0200,592.32947,MW,FR,FR,forecast_onshore_wind_generation,Wind Onshore,2026-06-13T21:03:52Z
2026-06-13T21:02:15Z,2026-06-13T23:02:15+0200,37293abf-bd75-40d9-81b7-896ff667771a,2026-06-07T11:30:00Z,2026-06-07T13:30:00+0200,585.23999,MW,FR,FR,forecast_onshore_wind_generation,Wind Onshore,2026-06-13T21:03:52Z
2026-06-13T21:02:15Z,2026-06-13T23:02:15+0200,37293abf-bd75-40d9-81b7-896ff667771a,2026-06-07T11:45:00Z,2026-06-07T13:45:00+0200,578.11987,MW,FR,FR,forecast_onshore_wind_generation,Wind Onshore,2026-06-13T21:03:52Z
2026-06-13T21:02:15Z,2026-06-13T23:02:15+0200,37293abf-bd75-40d9-81b7-896ff667771a,2026-06-07T12:00:00Z,2026-06-07T14:00:00+0200,571.48975,MW,FR,FR,forecast_onshore_wind_generation,Wind Onshore,2026-06-13T21:03:52Z
2026-06-13T21:02:15Z,2026-06-13T23:02:15+0200,37293abf-bd75-40d9-81b7-896ff667771a,2026-06-07T12:15:00Z,2026-06-07T14:15:00+0200,563.01001,MW,FR,FR,forecast_onshore_wind_generation,Wind Onshore,2026-06-13T21:03:52Z
2026-06-13T21:02:15Z,2026-06-13T23:02:15+0200,37293abf-bd75-40d9-81b7-896ff667771a,2026-06-07T12:30:00Z,2026-06-07T14:30:00+0200,554.63989,MW,FR,FR,forecast_onshore_wind_generation,Wind Onshore,2026-06-13T21:03:52Z
2026-06-13T21:02:15Z,2026-06-13T23:02:15+0200,37293abf-bd75-40d9-81b7-896ff667771a,2026-06-07T12:45:00Z,2026-06-07T14:45:00+0200,546.31006,MW,FR,FR,forecast_onshore_wind_generation,Wind Onshore,2026-06-13T21:03:52Z
2026-06-13T21:02:15Z,2026-06-13T23:02:15+0200,37293abf-bd75-40d9-81b7-896ff667771a,2026-06-07T13:00:00Z,2026-06-07T15:00:00+0200,538.1601,MW,FR,FR,forecast_onshore_wind_generation,Wind Onshore,2026-06-13T21:03:52Z
2026-06-13T21:02:15Z,2026-06-13T23:02:15+0200,37293abf-bd75-40d9-81b7-896ff667771a,2026-06-07T13:15:00Z,2026-06-07T15:15:00+0200,520.20959,MW,FR,FR,forecast_onshore_wind_generation,Wind Onshore,2026-06-13T21:03:52Z
2026-06-13T21:02:15Z,2026-06-13T23:02:15+0200,37293abf-bd75-40d9-81b7-896ff667771a,2026-06-07T13:30:00Z,2026-06-07T15:30:00+0200,502.48978,MW,FR,FR,forecast_onshore_wind_generation,Wind Onshore,2026-06-13T21:03:52Z
2026-06-13T21:02:15Z,2026-06-13T23:02:15+0200,37293abf-bd75-40d9-81b7-896ff667771a,2026-06-07T13:45:00Z,2026-06-07T15:45:00+0200,485.37006,MW,FR,FR,forecast_onshore_wind_generation,Wind Onshore,2026-06-13T21:03:52Z
2026-06-13T21:02:15Z,2026-06-13T23:02:15+0200,37293abf-bd75-40d9-81b7-896ff667771a,2026-06-07T14:00:00Z,2026-06-07T16:00:00+0200,468.3501,MW,FR,FR,forecast_onshore_wind_generation,Wind Onshore,2026-06-13T21:03:52Z
2026-06-13T21:02:15Z,2026-06-13T23:02:15+0200,37293abf-bd75-40d9-81b7-896ff667771a,2026-06-07T14:15:00Z,2026-06-07T16:15:00+0200,449.92001,MW,FR,FR,forecast_onshore_wind_generation,Wind Onshore,2026-06-13T21:03:52Z
2026-06-13T21:02:15Z,2026-06-13T23:02:15+0200,37293abf-bd75-40d9-81b7-896ff667771a,2026-06-07T14:30:00Z,2026-06-07T16:30:00+0200,431.30963,MW,FR,FR,forecast_onshore_wind_generation,Wind Onshore,2026-06-13T21:03:52Z
2026-06-13T21:02:15Z,2026-06-13T23:02:15+0200,37293abf-bd75-40d9-81b7-896ff667771a,2026-06-07T14:45:00Z,2026-06-07T16:45:00+0200,413.3703,MW,FR,FR,forecast_onshore_wind_generation,Wind Onshore,2026-06-13T21:03:52Z
2026-06-13T21:02:15Z,2026-06-13T23:02:15+0200,37293abf-bd75-40d9-81b7-896ff667771a,2026-06-07T15:00:00Z,2026-06-07T17:00:00+0200,395.60995,MW,FR,FR,forecast_onshore_wind_generation,Wind Onshore,2026-06-13T21:03:52Z
2026-06-13T21:02:15Z,2026-06-13T23:02:15+0200,37293abf-bd75-40d9-81b7-896ff667771a,2026-06-07T15:15:00Z,2026-06-07T17:15:00+0200,373.31018,MW,FR,FR,forecast_onshore_wind_generation,Wind Onshore,2026-06-13T21:03:52Z
2026-06-13T21:02:15Z,2026-06-13T23:02:15+0200,37293abf-bd75-40d9-81b7-896ff667771a,2026-06-07T15:30:00Z,2026-06-07T17:30:00+0200,351.43005,MW,FR,FR,forecast_onshore_wind_generation,Wind Onshore,2026-06-13T21:03:52Z
2026-06-13T21:02:15Z,2026-06-13T23:02:15+0200,37293abf-bd75-40d9-81b7-896ff667771a,2026-06-07T15:45:00Z,2026-06-07T17:45:00+0200,611.71948,MW,FR,FR,forecast_onshore_wind_generation,Wind Onshore,2026-06-13T21:03:52Z
2026-06-13T21:02:15Z,2026-06-13T23:02:15+0200,37293abf-bd75-40d9-81b7-896ff667771a,2026-06-07T16:00:00Z,2026-06-07T18:00:00+0200,998.38049,MW,FR,FR,forecast_onshore_wind_generation,Wind Onshore,2026-06-13T21:03:52Z
2026-06-13T21:02:15Z,2026-06-13T23:02:15+0200,37293abf-bd75-40d9-81b7-896ff667771a,2026-06-07T16:15:00Z,2026-06-07T18:15:00+0200,933.95001,MW,FR,FR,forecast_onshore_wind_generation,Wind Onshore,2026-06-13T21:03:52Z
2026-06-13T21:02:15Z,2026-06-13T23:02:15+0200,37293abf-bd75-40d9-81b7-896ff667771a,2026-06-07T16:30:00Z,2026-06-07T18:30:00+0200,870.33997,MW,FR,FR,forecast_onshore_wind_generation,Wind Onshore,2026-06-13T21:03:52Z
2026-06-13T21:02:15Z,2026-06-13T23:02:15+0200,37293abf-bd75-40d9-81b7-896ff667771a,2026-06-07T16:45:00Z,2026-06-07T18:45:00+0200,807.22003,MW,FR,FR,forecast_onshore_wind_generation,Wind Onshore,2026-06-13T21:03:52Z
2026-06-13T21:02:15Z,2026-06-13T23:02:15+0200,37293abf-bd75-40d9-81b7-896ff667771a,2026-06-07T17:00:00Z,2026-06-07T19:00:00+0200,744.70001,MW,FR,FR,forecast_onshore_wind_generation,Wind Onshore,2026-06-13T21:03:52Z
2026-06-13T21:02:15Z,2026-06-13T23:02:15+0200,37293abf-bd75-40d9-81b7-896ff667771a,2026-06-07T17:15:00Z,2026-06-07T19:15:00+0200,715.83002,MW,FR,FR,forecast_onshore_wind_generation,Wind Onshore,2026-06-13T21:03:52Z
2026-06-13T21:02:15Z,2026-06-13T23:02:15+0200,37293abf-bd75-40d9-81b7-896ff667771a,2026-06-07T17:30:00Z,2026-06-07T19:30:00+0200,687.97998,MW,FR,FR,forecast_onshore_wind_generation,Wind Onshore,2026-06-13T21:03:52Z
2026-06-13T21:02:15Z,2026-06-13T23:02:15+0200,37293abf-bd75-40d9-81b7-896ff667771a,2026-06-07T17:45:00Z,2026-06-07T19:45:00+0200,661.73999,MW,FR,FR,forecast_onshore_wind_generation,Wind Onshore,2026-06-13T21:03:52Z
2026-06-13T21:02:15Z,2026-06-13T23:02:15+0200,37293abf-bd75-40d9-81b7-896ff667771a,2026-06-07T18:00:00Z,2026-06-07T20:00:00+0200,636.51001,MW,FR,FR,forecast_onshore_wind_generation,Wind Onshore,2026-06-13T21:03:52Z
2026-06-13T21:02:15Z,2026-06-13T23:02:15+0200,37293abf-bd75-40d9-81b7-896ff667771a,2026-06-07T18:15:00Z,2026-06-07T20:15:00+0200,665.47003,MW,FR,FR,forecast_onshore_wind_generation,Wind Onshore,2026-06-13T21:03:52Z
2026-06-13T21:02:15Z,2026-06-13T23:02:15+0200,37293abf-bd75-40d9-81b7-896ff667771a,2026-06-07T18:30:00Z,2026-06-07T20:30:00+0200,696.31,MW,FR,FR,forecast_onshore_wind_generation,Wind Onshore,2026-06-13T21:03:52Z
2026-06-13T21:02:15Z,2026-06-13T23:02:15+0200,37293abf-bd75-40d9-81b7-896ff667771a,2026-06-07T18:45:00Z,2026-06-07T20:45:00+0200,728.47998,MW,FR,FR,forecast_onshore_wind_generation,Wind Onshore,2026-06-13T21:03:52Z
2026-06-13T21:02:15Z,2026-06-13T23:02:15+0200,37293abf-bd75-40d9-81b7-896ff667771a,2026-06-07T19:00:00Z,2026-06-07T21:00:00+0200,761.67004,MW,FR,FR,forecast_onshore_wind_generation,Wind Onshore,2026-06-13T21:03:52Z
2026-06-13T21:02:15Z,2026-06-13T23:02:15+0200,37293abf-bd75-40d9-81b7-896ff667771a,2026-06-07T19:15:00Z,2026-06-07T21:15:00+0200,846.22003,MW,FR,FR,forecast_onshore_wind_generation,Wind Onshore,2026-06-13T21:03:52Z
2026-06-13T21:02:15Z,2026-06-13T23:02:15+0200,37293abf-bd75-40d9-81b7-896ff667771a,2026-06-07T19:30:00Z,2026-06-07T21:30:00+0200,933.14001,MW,FR,FR,forecast_onshore_wind_generation,Wind Onshore,2026-06-13T21:03:52Z
2026-06-13T21:02:15Z,2026-06-13T23:02:15+0200,37293abf-bd75-40d9-81b7-896ff667771a,2026-06-07T19:45:00Z,2026-06-07T21:45:00+0200,1020.57996,MW,FR,FR,forecast_onshore_wind_generation,Wind Onshore,2026-06-13T21:03:52Z
2026-06-13T21:02:15Z,2026-06-13T23:02:15+0200,37293abf-bd75-40d9-81b7-896ff667771a,2026-06-07T20:00:00Z,2026-06-07T22:00:00+0200,1108.44995,MW,FR,FR,forecast_onshore_wind_generation,Wind Onshore,2026-06-13T21:03:52Z
2026-06-13T21:02:15Z,2026-06-13T23:02:15+0200,37293abf-bd75-40d9-81b7-896ff667771a,2026-06-07T20:15:00Z,2026-06-07T22:15:00+0200,1188.12,MW,FR,FR,forecast_onshore_wind_generation,Wind Onshore,2026-06-13T21:03:52Z
2026-06-13T21:02:15Z,2026-06-13T23:02:15+0200,37293abf-bd75-40d9-81b7-896ff667771a,2026-06-07T20:30:00Z,2026-06-07T22:30:00+0200,1269.13,MW,FR,FR,forecast_onshore_wind_generation,Wind Onshore,2026-06-13T21:03:52Z
2026-06-13T21:02:15Z,2026-06-13T23:02:15+0200,37293abf-bd75-40d9-81b7-896ff667771a,2026-06-07T20:45:00Z,2026-06-07T22:45:00+0200,1350.09009,MW,FR,FR,forecast_onshore_wind_generation,Wind Onshore,2026-06-13T21:03:52Z
2026-06-13T21:02:15Z,2026-06-13T23:02:15+0200,37293abf-bd75-40d9-81b7-896ff667771a,2026-06-07T21:00:00Z,2026-06-07T23:00:00+0200,1431.66992,MW,FR,FR,forecast_onshore_wind_generation,Wind Onshore,2026-06-13T21:03:52Z
2026-06-13T21:02:15Z,2026-06-13T23:02:15+0200,37293abf-bd75-40d9-81b7-896ff667771a,2026-06-07T21:15:00Z,2026-06-07T23:15:00+0200,1519.10999,MW,FR,FR,forecast_onshore_wind_generation,Wind Onshore,2026-06-13T21:03:52Z
2026-06-13T21:02:15Z,2026-06-13T23:02:15+0200,37293abf-bd75-40d9-81b7-896ff667771a,2026-06-07T21:30:00Z,2026-06-07T23:30:00+0200,1607.58997,MW,FR,FR,forecast_onshore_wind_generation,Wind Onshore,2026-06-13T21:03:52Z
2026-06-13T21:02:15Z,2026-06-13T23:02:15+0200,37293abf-bd75-40d9-81b7-896ff667771a,2026-06-07T21:45:00Z,2026-06-07T23:45:00+0200,1695.95007,MW,FR,FR,forecast_onshore_wind_generation,Wind Onshore,2026-06-13T21:03:52Z
2026-06-13T21:02:15Z,2026-06-13T23:02:15+0200,37293abf-bd75-40d9-81b7-896ff667771a,2026-06-07T22:00:00Z,2026-06-08T00:00:00+0200,1639.68005,MW,FR,FR,forecast_onshore_wind_generation,Wind Onshore,2026-06-13T21:03:52Z
2026-06-13T21:02:15Z,2026-06-13T23:02:15+0200,37293abf-bd75-40d9-81b7-896ff667771a,2026-06-07T22:15:00Z,2026-06-08T00:15:00+0200,1754.34009,MW,FR,FR,forecast_onshore_wind_generation,Wind Onshore,2026-06-13T21:03:52Z
2026-06-13T21:02:15Z,2026-06-13T23:02:15+0200,37293abf-bd75-40d9-81b7-896ff667771a,2026-06-07T22:30:00Z,2026-06-08T00:30:00+0200,1869.51001,MW,FR,FR,forecast_onshore_wind_generation,Wind Onshore,2026-06-13T21:03:52Z
2026-06-13T21:02:15Z,2026-06-13T23:02:15+0200,37293abf-bd75-40d9-81b7-896ff667771a,2026-06-07T22:45:00Z,2026-06-08T00:45:00+0200,1984.52991,MW,FR,FR,forecast_onshore_wind_generation,Wind Onshore,2026-06-13T21:03:52Z
2026-06-13T21:02:15Z,2026-06-13T23:02:15+0200,37293abf-bd75-40d9-81b7-896ff667771a,2026-06-07T23:00:00Z,2026-06-08T01:00:00+0200,2099.73999,MW,FR,FR,forecast_onshore_wind_generation,Wind Onshore,2026-06-13T21:03:52Z
2026-06-13T21:02:15Z,2026-06-13T23:02:15+0200,37293abf-bd75-40d9-81b7-896ff667771a,2026-06-07T23:15:00Z,2026-06-08T01:15:00+0200,2205.86011,MW,FR,FR,forecast_onshore_wind_generation,Wind Onshore,2026-06-13T21:03:52Z
2026-06-13T21:02:15Z,2026-06-13T23:02:15+0200,37293abf-bd75-40d9-81b7-896ff667771a,2026-06-07T23:30:00Z,2026-06-08T01:30:00+0200,2312.06982,MW,FR,FR,forecast_onshore_wind_generation,Wind Onshore,2026-06-13T21:03:52Z
2026-06-13T21:02:15Z,2026-06-13T23:02:15+0200,37293abf-bd75-40d9-81b7-896ff667771a,2026-06-07T23:45:00Z,2026-06-08T01:45:00+0200,2418.28979,MW,FR,FR,forecast_onshore_wind_generation,Wind Onshore,2026-06-13T21:03:52Z
2026-06-13T21:02:15Z,2026-06-13T23:02:15+0200,37293abf-bd75-40d9-81b7-896ff667771a,2026-06-08T00:00:00Z,2026-06-08T02:00:00+0200,2524.61011,MW,FR,FR,forecast_onshore_wind_generation,Wind Onshore,2026-06-13T21:03:52Z
2026-06-13T21:02:15Z,2026-06-13T23:02:15+0200,37293abf-bd75-40d9-81b7-896ff667771a,2026-06-08T00:15:00Z,2026-06-08T02:15:00+0200,2563.84985,MW,FR,FR,forecast_onshore_wind_generation,Wind Onshore,2026-06-13T21:03:52Z
2026-06-13T21:02:15Z,2026-06-13T23:02:15+0200,37293abf-bd75-40d9-81b7-896ff667771a,2026-06-08T00:30:00Z,2026-06-08T02:30:00+0200,2603.08008,MW,FR,FR,forecast_onshore_wind_generation,Wind Onshore,2026-06-13T21:03:52Z
2026-06-13T21:02:15Z,2026-06-13T23:02:15+0200,37293abf-bd75-40d9-81b7-896ff667771a,2026-06-08T00:45:00Z,2026-06-08T02:45:00+0200,2642.47998,MW,FR,FR,forecast_onshore_wind_generation,Wind Onshore,2026-06-13T21:03:52Z
2026-06-13T21:02:15Z,2026-06-13T23:02:15+0200,37293abf-bd75-40d9-81b7-896ff667771a,2026-06-08T01:00:00Z,2026-06-08T03:00:00+0200,2681.87012,MW,FR,FR,forecast_onshore_wind_generation,Wind Onshore,2026-06-13T21:03:52Z
2026-06-13T21:02:15Z,2026-06-13T23:02:15+0200,37293abf-bd75-40d9-81b7-896ff667771a,2026-06-08T01:15:00Z,2026-06-08T03:15:00+0200,2683.07007,MW,FR,FR,forecast_onshore_wind_generation,Wind Onshore,2026-06-13T21:03:52Z
2026-06-13T21:02:15Z,2026-06-13T23:02:15+0200,37293abf-bd75-40d9-81b7-896ff667771a,2026-06-08T01:30:00Z,2026-06-08T03:30:00+0200,2684.31982,MW,FR,FR,forecast_onshore_wind_generation,Wind Onshore,2026-06-13T21:03:52Z
2026-06-13T21:02:15Z,2026-06-13T23:02:15+0200,37293abf-bd75-40d9-81b7-896ff667771a,2026-06-08T01:45:00Z,2026-06-08T03:45:00+0200,2685.59009,MW,FR,FR,forecast_onshore_wind_generation,Wind Onshore,2026-06-13T21:03:52Z
2026-06-13T21:02:15Z,2026-06-13T23:02:15+0200,37293abf-bd75-40d9-81b7-896ff667771a,2026-06-08T02:00:00Z,2026-06-08T04:00:00+0200,2686.91992,MW,FR,FR,forecast_onshore_wind_generation,Wind Onshore,2026-06-13T21:03:52Z
2026-06-13T21:02:15Z,2026-06-13T23:02:15+0200,37293abf-bd75-40d9-81b7-896ff667771a,2026-06-08T02:15:00Z,2026-06-08T04:15:00+0200,2681.70996,MW,FR,FR,forecast_onshore_wind_generation,Wind Onshore,2026-06-13T21:03:52Z
2026-06-13T21:02:15Z,2026-06-13T23:02:15+0200,37293abf-bd75-40d9-81b7-896ff667771a,2026-06-08T02:30:00Z,2026-06-08T04:30:00+0200,2676.57007,MW,FR,FR,forecast_onshore_wind_generation,Wind Onshore,2026-06-13T21:03:52Z
2026-06-13T21:02:15Z,2026-06-13T23:02:15+0200,37293abf-bd75-40d9-81b7-896ff667771a,2026-06-08T02:45:00Z,2026-06-08T04:45:00+0200,2671.3999,MW,FR,FR,forecast_onshore_wind_generation,Wind Onshore,2026-06-13T21:03:52Z
2026-06-13T21:02:15Z,2026-06-13T23:02:15+0200,37293abf-bd75-40d9-81b7-896ff667771a,2026-06-08T03:00:00Z,2026-06-08T05:00:00+0200,2666.28003,MW,FR,FR,forecast_onshore_wind_generation,Wind Onshore,2026-06-13T21:03:52Z
2026-06-13T21:02:15Z,2026-06-13T23:02:15+0200,37293abf-bd75-40d9-81b7-896ff667771a,2026-06-08T03:15:00Z,2026-06-08T05:15:00+0200,2668.44995,MW,FR,FR,forecast_onshore_wind_generation,Wind Onshore,2026-06-13T21:03:52Z
2026-06-13T21:02:15Z,2026-06-13T23:02:15+0200,37293abf-bd75-40d9-81b7-896ff667771a,2026-06-08T03:30:00Z,2026-06-08T05:30:00+0200,2670.66016,MW,FR,FR,forecast_onshore_wind_generation,Wind Onshore,2026-06-13T21:03:52Z
2026-06-13T21:02:15Z,2026-06-13T23:02:15+0200,37293abf-bd75-40d9-81b7-896ff667771a,2026-06-08T03:45:00Z,2026-06-08T05:45:00+0200,2672.86011,MW,FR,FR,forecast_onshore_wind_generation,Wind Onshore,2026-06-13T21:03:52Z
2026-06-13T21:02:15Z,2026-06-13T23:02:15+0200,37293abf-bd75-40d9-81b7-896ff667771a,2026-06-08T04:00:00Z,2026-06-08T06:00:00+0200,2675.05005,MW,FR,FR,forecast_onshore_wind_generation,Wind Onshore,2026-06-13T21:03:52Z
2026-06-13T21:02:15Z,2026-06-13T23:02:15+0200,37293abf-bd75-40d9-81b7-896ff667771a,2026-06-08T04:15:00Z,2026-06-08T06:15:00+0200,2645.56006,MW,FR,FR,forecast_onshore_wind_generation,Wind Onshore,2026-06-13T21:03:52Z
2026-06-13T21:02:15Z,2026-06-13T23:02:15+0200,37293abf-bd75-40d9-81b7-896ff667771a,2026-06-08T04:30:00Z,2026-06-08T06:30:00+0200,2616.08008,MW,FR,FR,forecast_onshore_wind_generation,Wind Onshore,2026-06-13T21:03:52Z
2026-06-13T21:02:15Z,2026-06-13T23:02:15+0200,37293abf-bd75-40d9-81b7-896ff667771a,2026-06-08T04:45:00Z,2026-06-08T06:45:00+0200,2586.45996,MW,FR,FR,forecast_onshore_wind_generation,Wind Onshore,2026-06-13T21:03:52Z
2026-06-13T21:02:15Z,2026-06-13T23:02:15+0200,37293abf-bd75-40d9-81b7-896ff667771a,2026-06-08T05:00:00Z,2026-06-08T07:00:00+0200,2556.88013,MW,FR,FR,forecast_onshore_wind_generation,Wind Onshore,2026-06-13T21:03:52Z
2026-06-13T21:02:15Z,2026-06-13T23:02:15+0200,37293abf-bd75-40d9-81b7-896ff667771a,2026-06-08T05:15:00Z,2026-06-08T07:15:00+0200,2583.32983,MW,FR,FR,forecast_onshore_wind_generation,Wind Onshore,2026-06-13T21:03:52Z
2026-06-13T21:02:15Z,2026-06-13T23:02:15+0200,37293abf-bd75-40d9-81b7-896ff667771a,2026-06-08T05:30:00Z,2026-06-08T07:30:00+0200,2609.79004,MW,FR,FR,forecast_onshore_wind_generation,Wind Onshore,2026-06-13T21:03:52Z
2026-06-13T21:02:15Z,2026-06-13T23:02:15+0200,37293abf-bd75-40d9-81b7-896ff667771a,2026-06-08T05:45:00Z,2026-06-08T07:45:00+0200,2636.15991,MW,FR,FR,forecast_onshore_wind_generation,Wind Onshore,2026-06-13T21:03:52Z
2026-06-13T21:02:15Z,2026-06-13T23:02:15+0200,37293abf-bd75-40d9-81b7-896ff667771a,2026-06-08T06:00:00Z,2026-06-08T08:00:00+0200,2662.60986,MW,FR,FR,forecast_onshore_wind_generation,Wind Onshore,2026-06-13T21:03:52Z
2026-06-13T21:02:15Z,2026-06-13T23:02:15+0200,37293abf-bd75-40d9-81b7-896ff667771a,2026-06-08T06:15:00Z,2026-06-08T08:15:00+0200,2560.68994,MW,FR,FR,forecast_onshore_wind_generation,Wind Onshore,2026-06-13T21:03:52Z
2026-06-13T21:02:15Z,2026-06-13T23:02:15+0200,37293abf-bd75-40d9-81b7-896ff667771a,2026-06-08T06:30:00Z,2026-06-08T08:30:00+0200,2458.77002,MW,FR,FR,forecast_onshore_wind_generation,Wind Onshore,2026-06-13T21:03:52Z
2026-06-13T21:02:15Z,2026-06-13T23:02:15+0200,37293abf-bd75-40d9-81b7-896ff667771a,2026-06-08T06:45:00Z,2026-06-08T08:45:00+0200,2356.89014,MW,FR,FR,forecast_onshore_wind_generation,Wind Onshore,2026-06-13T21:03:52Z
2026-06-13T21:02:15Z,2026-06-13T23:02:15+0200,37293abf-bd75-40d9-81b7-896ff667771a,2026-06-08T07:00:00Z,2026-06-08T09:00:00+0200,2255.10986,MW,FR,FR,forecast_onshore_wind_generation,Wind Onshore,2026-06-13T21:03:52Z
2026-06-13T21:02:15Z,2026-06-13T23:02:15+0200,37293abf-bd75-40d9-81b7-896ff667771a,2026-06-08T07:15:00Z,2026-06-08T09:15:00+0200,2214.48999,MW,FR,FR,forecast_onshore_wind_generation,Wind Onshore,2026-06-13T21:03:52Z
2026-06-13T21:02:15Z,2026-06-13T23:02:15+0200,37293abf-bd75-40d9-81b7-896ff667771a,2026-06-08T07:30:00Z,2026-06-08T09:30:00+0200,2173.83008,MW,FR,FR,forecast_onshore_wind_generation,Wind Onshore,2026-06-13T21:03:52Z
2026-06-13T21:02:15Z,2026-06-13T23:02:15+0200,37293abf-bd75-40d9-81b7-896ff667771a,2026-06-08T07:45:00Z,2026-06-08T09:45:00+0200,2133.15991,MW,FR,FR,forecast_onshore_wind_generation,Wind Onshore,2026-06-13T21:03:52Z
2026-06-13T21:02:15Z,2026-06-13T23:02:15+0200,37293abf-bd75-40d9-81b7-896ff667771a,2026-06-08T08:00:00Z,2026-06-08T10:00:00+0200,2092.52002,MW,FR,FR,forecast_onshore_wind_generation,Wind Onshore,2026-06-13T21:03:52Z
2026-06-13T21:02:15Z,2026-06-13T23:02:15+0200,37293abf-bd75-40d9-81b7-896ff667771a,2026-06-08T08:15:00Z,2026-06-08T10:15:00+0200,2165.22998,MW,FR,FR,forecast_onshore_wind_generation,Wind Onshore,2026-06-13T21:03:52Z
2026-06-13T21:02:15Z,2026-06-13T23:02:15+0200,37293abf-bd75-40d9-81b7-896ff667771a,2026-06-08T08:30:00Z,2026-06-08T10:30:00+0200,2237.93994,MW,FR,FR,forecast_onshore_wind_generation,Wind Onshore,2026-06-13T21:03:52Z
2026-06-13T21:02:15Z,2026-06-13T23:02:15+0200,37293abf-bd75-40d9-81b7-896ff667771a,2026-06-08T08:45:00Z,2026-06-08T10:45:00+0200,2310.68994,MW,FR,FR,forecast_onshore_wind_generation,Wind Onshore,2026-06-13T21:03:52Z
2026-06-13T21:02:15Z,2026-06-13T23:02:15+0200,37293abf-bd75-40d9-81b7-896ff667771a,2026-06-08T09:00:00Z,2026-06-08T11:00:00+0200,2383.52002,MW,FR,FR,forecast_onshore_wind_generation,Wind Onshore,2026-06-13T21:03:52Z
2026-06-13T21:02:15Z,2026-06-13T23:02:15+0200,37293abf-bd75-40d9-81b7-896ff667771a,2026-06-08T09:15:00Z,2026-06-08T11:15:00+0200,2532.77002,MW,FR,FR,forecast_onshore_wind_generation,Wind Onshore,2026-06-13T21:03:52Z
2026-06-13T21:02:15Z,2026-06-13T23:02:15+0200,37293abf-bd75-40d9-81b7-896ff667771a,2026-06-08T09:30:00Z,2026-06-08T11:30:00+0200,2682.03003,MW,FR,FR,forecast_onshore_wind_generation,Wind Onshore,2026-06-13T21:03:52Z
2026-06-13T21:02:15Z,2026-06-13T23:02:15+0200,37293abf-bd75-40d9-81b7-896ff667771a,2026-06-08T09:45:00Z,2026-06-08T11:45:00+0200,2831.33984,MW,FR,FR,forecast_onshore_wind_generation,Wind Onshore,2026-06-13T21:03:52Z
2026-06-13T21:02:15Z,2026-06-13T23:02:15+0200,37293abf-bd75-40d9-81b7-896ff667771a,2026-06-08T10:00:00Z,2026-06-08T12:00:00+0200,2980.63989,MW,FR,FR,forecast_onshore_wind_generation,Wind Onshore,2026-06-13T21:03:52Z
2026-06-13T21:02:15Z,2026-06-13T23:02:15+0200,37293abf-bd75-40d9-81b7-896ff667771a,2026-06-08T10:15:00Z,2026-06-08T12:15:00+0200,3268.62012,MW,FR,FR,forecast_onshore_wind_generation,Wind Onshore,2026-06-13T21:03:52Z
2026-06-13T21:02:15Z,2026-06-13T23:02:15+0200,37293abf-bd75-40d9-81b7-896ff667771a,2026-06-08T10:30:00Z,2026-06-08T12:30:00+0200,3556.58984,MW,FR,FR,forecast_onshore_wind_generation,Wind Onshore,2026-06-13T21:03:52Z
2026-06-13T21:02:15Z,2026-06-13T23:02:15+0200,37293abf-bd75-40d9-81b7-896ff667771a,2026-06-08T10:45:00Z,2026-06-08T12:45:00+0200,3844.5603,MW,FR,FR,forecast_onshore_wind_generation,Wind Onshore,2026-06-13T21:03:52Z
2026-06-13T21:02:15Z,2026-06-13T23:02:15+0200,37293abf-bd75-40d9-81b7-896ff667771a,2026-06-08T11:00:00Z,2026-06-08T13:00:00+0200,4132.54004,MW,FR,FR,forecast_onshore_wind_generation,Wind Onshore,2026-06-13T21:03:52Z
2026-06-13T21:02:15Z,2026-06-13T23:02:15+0200,37293abf-bd75-40d9-81b7-896ff667771a,2026-06-08T11:15:00Z,2026-06-08T13:15:00+0200,4419.0498,MW,FR,FR,forecast_onshore_wind_generation,Wind Onshore,2026-06-13T21:03:52Z
2026-06-13T21:02:15Z,2026-06-13T23:02:15+0200,37293abf-bd75-40d9-81b7-896ff667771a,2026-06-08T11:30:00Z,2026-06-08T13:30:00+0200,4705.56982,MW,FR,FR,forecast_onshore_wind_generation,Wind Onshore,2026-06-13T21:03:52Z
2026-06-13T21:02:15Z,2026-06-13T23:02:15+0200,37293abf-bd75-40d9-81b7-896ff667771a,2026-06-08T11:45:00Z,2026-06-08T13:45:00+0200,4992.08984,MW,FR,FR,forecast_onshore_wind_generation,Wind Onshore,2026-06-13T21:03:52Z
2026-06-13T21:02:15Z,2026-06-13T23:02:15+0200,37293abf-bd75-40d9-81b7-896ff667771a,2026-06-08T12:00:00Z,2026-06-08T14:00:00+0200,5278.61963,MW,FR,FR,forecast_onshore_wind_generation,Wind Onshore,2026-06-13T21:03:52Z
2026-06-13T21:02:15Z,2026-06-13T23:02:15+0200,37293abf-bd75-40d9-81b7-896ff667771a,2026-06-08T12:15:00Z,2026-06-08T14:15:00+0200,5606.81006,MW,FR,FR,forecast_onshore_wind_generation,Wind Onshore,2026-06-13T21:03:52Z
2026-06-13T21:02:15Z,2026-06-13T23:02:15+0200,37293abf-bd75-40d9-81b7-896ff667771a,2026-06-08T12:30:00Z,2026-06-08T14:30:00+0200,5935.0,MW,FR,FR,forecast_onshore_wind_generation,Wind Onshore,2026-06-13T21:03:52Z
2026-06-13T21:02:15Z,2026-06-13T23:02:15+0200,37293abf-bd75-40d9-81b7-896ff667771a,2026-06-08T12:45:00Z,2026-06-08T14:45:00+0200,6263.20996,MW,FR,FR,forecast_onshore_wind_generation,Wind Onshore,2026-06-13T21:03:52Z
2026-06-13T21:02:15Z,2026-06-13T23:02:15+0200,37293abf-bd75-40d9-81b7-896ff667771a,2026-06-08T13:00:00Z,2026-06-08T15:00:00+0200,6591.41992,MW,FR,FR,forecast_onshore_wind_generation,Wind Onshore,2026-06-13T21:03:52Z
2026-06-13T21:02:15Z,2026-06-13T23:02:15+0200,37293abf-bd75-40d9-81b7-896ff667771a,2026-06-08T13:15:00Z,2026-06-08T15:15:00+0200,6773.04004,MW,FR,FR,forecast_onshore_wind_generation,Wind Onshore,2026-06-13T21:03:52Z
2026-06-13T21:02:15Z,2026-06-13T23:02:15+0200,37293abf-bd75-40d9-81b7-896ff667771a,2026-06-08T13:30:00Z,2026-06-08T15:30:00+0200,6954.68994,MW,FR,FR,forecast_onshore_wind_generation,Wind Onshore,2026-06-13T21:03:52Z
2026-06-13T21:02:15Z,2026-06-13T23:02:15+0200,37293abf-bd75-40d9-81b7-896ff667771a,2026-06-08T13:45:00Z,2026-06-08T15:45:00+0200,7136.37012,MW,FR,FR,forecast_onshore_wind_generation,Wind Onshore,2026-06-13T21:03:52Z
2026-06-13T21:02:15Z,2026-06-13T23:02:15+0200,37293abf-bd75-40d9-81b7-896ff667771a,2026-06-08T14:00:00Z,2026-06-08T16:00:00+0200,7318.06055,MW,FR,FR,forecast_onshore_wind_generation,Wind Onshore,2026-06-13T21:03:52Z
2026-06-13T21:02:15Z,2026-06-13T23:02:15+0200,37293abf-bd75-40d9-81b7-896ff667771a,2026-06-08T14:15:00Z,2026-06-08T16:15:00+0200,7396.26025,MW,FR,FR,forecast_onshore_wind_generation,Wind Onshore,2026-06-13T21:03:52Z
2026-06-13T21:02:15Z,2026-06-13T23:02:15+0200,37293abf-bd75-40d9-81b7-896ff667771a,2026-06-08T14:30:00Z,2026-06-08T16:30:00+0200,7474.46973,MW,FR,FR,forecast_onshore_wind_generation,Wind Onshore,2026-06-13T21:03:52Z
2026-06-13T21:02:15Z,2026-06-13T23:02:15+0200,37293abf-bd75-40d9-81b7-896ff667771a,2026-06-08T14:45:00Z,2026-06-08T16:45:00+0200,7552.70947,MW,FR,FR,forecast_onshore_wind_generation,Wind Onshore,2026-06-13T21:03:52Z
2026-06-13T21:02:15Z,2026-06-13T23:02:15+0200,37293abf-bd75-40d9-81b7-896ff667771a,2026-06-08T15:00:00Z,2026-06-08T17:00:00+0200,7630.96973,MW,FR,FR,forecast_onshore_wind_generation,Wind Onshore,2026-06-13T21:03:52Z
2026-06-13T21:02:15Z,2026-06-13T23:02:15+0200,37293abf-bd75-40d9-81b7-896ff667771a,2026-06-08T15:15:00Z,2026-06-08T17:15:00+0200,7753.62012,MW,FR,FR,forecast_onshore_wind_generation,Wind Onshore,2026-06-13T21:03:52Z
2026-06-13T21:02:15Z,2026-06-13T23:02:15+0200,37293abf-bd75-40d9-81b7-896ff667771a,2026-06-08T15:30:00Z,2026-06-08T17:30:00+0200,7876.26025,MW,FR,FR,forecast_onshore_wind_generation,Wind Onshore,2026-06-13T21:03:52Z
2026-06-13T21:02:15Z,2026-06-13T23:02:15+0200,37293abf-bd75-40d9-81b7-896ff667771a,2026-06-08T15:45:00Z,2026-06-08T17:45:00+0200,7998.9502,MW,FR,FR,forecast_onshore_wind_generation,Wind Onshore,2026-06-13T21:03:52Z
2026-06-13T21:02:15Z,2026-06-13T23:02:15+0200,37293abf-bd75-40d9-81b7-896ff667771a,2026-06-08T16:00:00Z,2026-06-08T18:00:00+0200,8121.64062,MW,FR,FR,forecast_onshore_wind_generation,Wind Onshore,2026-06-13T21:03:52Z
2026-06-13T21:02:15Z,2026-06-13T23:02:15+0200,37293abf-bd75-40d9-81b7-896ff667771a,2026-06-08T16:15:00Z,2026-06-08T18:15:00+0200,8002.09961,MW,FR,FR,forecast_onshore_wind_generation,Wind Onshore,2026-06-13T21:03:52Z
2026-06-13T21:02:15Z,2026-06-13T23:02:15+0200,37293abf-bd75-40d9-81b7-896ff667771a,2026-06-08T16:30:00Z,2026-06-08T18:30:00+0200,7882.57031,MW,FR,FR,forecast_onshore_wind_generation,Wind Onshore,2026-06-13T21:03:52Z
2026-06-13T21:02:15Z,2026-06-13T23:02:15+0200,37293abf-bd75-40d9-81b7-896ff667771a,2026-06-08T16:45:00Z,2026-06-08T18:45:00+0200,7763.12012,MW,FR,FR,forecast_onshore_wind_generation,Wind Onshore,2026-06-13T21:03:52Z
2026-06-13T21:02:15Z,2026-06-13T23:02:15+0200,37293abf-bd75-40d9-81b7-896ff667771a,2026-06-08T17:00:00Z,2026-06-08T19:00:00+0200,7643.66992,MW,FR,FR,forecast_onshore_wind_generation,Wind Onshore,2026-06-13T21:03:52Z
2026-06-13T21:02:15Z,2026-06-13T23:02:15+0200,37293abf-bd75-40d9-81b7-896ff667771a,2026-06-08T17:15:00Z,2026-06-08T19:15:00+0200,7545.15967,MW,FR,FR,forecast_onshore_wind_generation,Wind Onshore,2026-06-13T21:03:52Z
2026-06-13T21:02:15Z,2026-06-13T23:02:15+0200,37293abf-bd75-40d9-81b7-896ff667771a,2026-06-08T17:30:00Z,2026-06-08T19:30:00+0200,7446.65967,MW,FR,FR,forecast_onshore_wind_generation,Wind Onshore,2026-06-13T21:03:52Z
2026-06-13T21:02:15Z,2026-06-13T23:02:15+0200,37293abf-bd75-40d9-81b7-896ff667771a,2026-06-08T17:45:00Z,2026-06-08T19:45:00+0200,7348.18018,MW,FR,FR,forecast_onshore_wind_generation,Wind Onshore,2026-06-13T21:03:52Z
2026-06-13T21:02:15Z,2026-06-13T23:02:15+0200,37293abf-bd75-40d9-81b7-896ff667771a,2026-06-08T18:00:00Z,2026-06-08T20:00:00+0200,7249.73975,MW,FR,FR,forecast_onshore_wind_generation,Wind Onshore,2026-06-13T21:03:52Z
2026-06-13T21:02:15Z,2026-06-13T23:02:15+0200,37293abf-bd75-40d9-81b7-896ff667771a,2026-06-08T18:15:00Z,2026-06-08T20:15:00+0200,7133.78955,MW,FR,FR,forecast_onshore_wind_generation,Wind Onshore,2026-06-13T21:03:52Z
2026-06-13T21:02:15Z,2026-06-13T23:02:15+0200,37293abf-bd75-40d9-81b7-896ff667771a,2026-06-08T18:30:00Z,2026-06-08T20:30:00+0200,7017.83984,MW,FR,FR,forecast_onshore_wind_generation,Wind Onshore,2026-06-13T21:03:52Z
2026-06-13T21:02:15Z,2026-06-13T23:02:15+0200,37293abf-bd75-40d9-81b7-896ff667771a,2026-06-08T18:45:00Z,2026-06-08T20:45:00+0200,6901.87012,MW,FR,FR,forecast_onshore_wind_generation,Wind Onshore,2026-06-13T21:03:52Z
2026-06-13T21:02:15Z,2026-06-13T23:02:15+0200,37293abf-bd75-40d9-81b7-896ff667771a,2026-06-08T19:00:00Z,2026-06-08T21:00:00+0200,6785.87988,MW,FR,FR,forecast_onshore_wind_generation,Wind Onshore,2026-06-13T21:03:52Z
2026-06-13T21:02:15Z,2026-06-13T23:02:15+0200,37293abf-bd75-40d9-81b7-896ff667771a,2026-06-08T19:15:00Z,2026-06-08T21:15:00+0200,6777.55957,MW,FR,FR,forecast_onshore_wind_generation,Wind Onshore,2026-06-13T21:03:52Z
2026-06-13T21:02:15Z,2026-06-13T23:02:15+0200,37293abf-bd75-40d9-81b7-896ff667771a,2026-06-08T19:30:00Z,2026-06-08T21:30:00+0200,6769.25977,MW,FR,FR,forecast_onshore_wind_generation,Wind Onshore,2026-06-13T21:03:52Z
2026-06-13T21:02:15Z,2026-06-13T23:02:15+0200,37293abf-bd75-40d9-81b7-896ff667771a,2026-06-08T19:45:00Z,2026-06-08T21:45:00+0200,6760.88965,MW,FR,FR,forecast_onshore_wind_generation,Wind Onshore,2026-06-13T21:03:52Z
2026-06-13T21:02:15Z,2026-06-13T23:02:15+0200,37293abf-bd75-40d9-81b7-896ff667771a,2026-06-08T20:00:00Z,2026-06-08T22:00:00+0200,6752.55029,MW,FR,FR,forecast_onshore_wind_generation,Wind Onshore,2026-06-13T21:03:52Z
2026-06-13T21:02:15Z,2026-06-13T23:02:15+0200,37293abf-bd75-40d9-81b7-896ff667771a,2026-06-08T20:15:00Z,2026-06-08T22:15:00+0200,6862.33984,MW,FR,FR,forecast_onshore_wind_generation,Wind Onshore,2026-06-13T21:03:52Z
2026-06-13T21:02:15Z,2026-06-13T23:02:15+0200,37293abf-bd75-40d9-81b7-896ff667771a,2026-06-08T20:30:00Z,2026-06-08T22:30:00+0200,6972.10986,MW,FR,FR,forecast_onshore_wind_generation,Wind Onshore,2026-06-13T21:03:52Z
2026-06-13T21:02:15Z,2026-06-13T23:02:15+0200,37293abf-bd75-40d9-81b7-896ff667771a,2026-06-08T20:45:00Z,2026-06-08T22:45:00+0200,7081.7998,MW,FR,FR,forecast_onshore_wind_generation,Wind Onshore,2026-06-13T21:03:52Z
2026-06-13T21:02:15Z,2026-06-13T23:02:15+0200,37293abf-bd75-40d9-81b7-896ff667771a,2026-06-08T21:00:00Z,2026-06-08T23:00:00+0200,7191.47998,MW,FR,FR,forecast_onshore_wind_generation,Wind Onshore,2026-06-13T21:03:52Z
2026-06-13T21:02:15Z,2026-06-13T23:02:15+0200,37293abf-bd75-40d9-81b7-896ff667771a,2026-06-08T21:15:00Z,2026-06-08T23:15:00+0200,7118.55957,MW,FR,FR,forecast_onshore_wind_generation,Wind Onshore,2026-06-13T21:03:52Z
2026-06-13T21:02:15Z,2026-06-13T23:02:15+0200,37293abf-bd75-40d9-81b7-896ff667771a,2026-06-08T21:30:00Z,2026-06-08T23:30:00+0200,7045.63965,MW,FR,FR,forecast_onshore_wind_generation,Wind Onshore,2026-06-13T21:03:52Z
2026-06-13T21:02:15Z,2026-06-13T23:02:15+0200,37293abf-bd75-40d9-81b7-896ff667771a,2026-06-08T21:45:00Z,2026-06-08T23:45:00+0200,6972.66992,MW,FR,FR,forecast_onshore_wind_generation,Wind Onshore,2026-06-13T21:03:52Z
2026-06-13T21:02:15Z,2026-06-13T23:02:15+0200,37293abf-bd75-40d9-81b7-896ff667771a,2026-06-08T22:00:00Z,2026-06-09T00:00:00+0200,5977.63965,MW,FR,FR,forecast_onshore_wind_generation,Wind Onshore,2026-06-13T21:03:52Z
2026-06-13T21:02:15Z,2026-06-13T23:02:15+0200,37293abf-bd75-40d9-81b7-896ff667771a,2026-06-08T22:15:00Z,2026-06-09T00:15:00+0200,5985.80029,MW,FR,FR,forecast_onshore_wind_generation,Wind Onshore,2026-06-13T21:03:52Z
2026-06-13T21:02:15Z,2026-06-13T23:02:15+0200,37293abf-bd75-40d9-81b7-896ff667771a,2026-06-08T22:30:00Z,2026-06-09T00:30:00+0200,5993.93945,MW,FR,FR,forecast_onshore_wind_generation,Wind Onshore,2026-06-13T21:03:52Z
2026-06-13T21:02:15Z,2026-06-13T23:02:15+0200,37293abf-bd75-40d9-81b7-896ff667771a,2026-06-08T22:45:00Z,2026-06-09T00:45:00+0200,6002.29004,MW,FR,FR,forecast_onshore_wind_generation,Wind Onshore,2026-06-13T21:03:52Z
2026-06-13T21:02:15Z,2026-06-13T23:02:15+0200,37293abf-bd75-40d9-81b7-896ff667771a,2026-06-08T23:00:00Z,2026-06-09T01:00:00+0200,6011.22949,MW,FR,FR,forecast_onshore_wind_generation,Wind Onshore,2026-06-13T21:03:52Z
2026-06-13T21:02:15Z,2026-06-13T23:02:15+0200,37293abf-bd75-40d9-81b7-896ff667771a,2026-06-08T23:15:00Z,2026-06-09T01:15:00+0200,5988.91016,MW,FR,FR,forecast_onshore_wind_generation,Wind Onshore,2026-06-13T21:03:52Z
2026-06-13T21:02:15Z,2026-06-13T23:02:15+0200,37293abf-bd75-40d9-81b7-896ff667771a,2026-06-08T23:30:00Z,2026-06-09T01:30:00+0200,5966.91992,MW,FR,FR,forecast_onshore_wind_generation,Wind Onshore,2026-06-13T21:03:52Z
2026-06-13T21:02:15Z,2026-06-13T23:02:15+0200,37293abf-bd75-40d9-81b7-896ff667771a,2026-06-08T23:45:00Z,2026-06-09T01:45:00+0200,5945.25,MW,FR,FR,forecast_onshore_wind_generation,Wind Onshore,2026-06-13T21:03:52Z
2026-06-13T21:02:15Z,2026-06-13T23:02:15+0200,37293abf-bd75-40d9-81b7-896ff667771a,2026-06-09T00:00:00Z,2026-06-09T02:00:00+0200,5923.62012,MW,FR,FR,forecast_onshore_wind_generation,Wind Onshore,2026-06-13T21:03:52Z
2026-06-13T21:02:15Z,2026-06-13T23:02:15+0200,37293abf-bd75-40d9-81b7-896ff667771a,2026-06-09T00:15:00Z,2026-06-09T02:15:00+0200,5797.5,MW,FR,FR,forecast_onshore_wind_generation,Wind Onshore,2026-06-13T21:03:52Z
2026-06-13T21:02:15Z,2026-06-13T23:02:15+0200,37293abf-bd75-40d9-81b7-896ff667771a,2026-06-09T00:30:00Z,2026-06-09T02:30:00+0200,5671.77002,MW,FR,FR,forecast_onshore_wind_generation,Wind Onshore,2026-06-13T21:03:52Z
2026-06-13T21:02:15Z,2026-06-13T23:02:15+0200,37293abf-bd75-40d9-81b7-896ff667771a,2026-06-09T00:45:00Z,2026-06-09T02:45:00+0200,5546.08008,MW,FR,FR,forecast_onshore_wind_generation,Wind Onshore,2026-06-13T21:03:52Z
2026-06-13T21:02:15Z,2026-06-13T23:02:15+0200,37293abf-bd75-40d9-81b7-896ff667771a,2026-06-09T01:00:00Z,2026-06-09T03:00:00+0200,5420.38965,MW,FR,FR,forecast_onshore_wind_generation,Wind Onshore,2026-06-13T21:03:52Z
2026-06-13T21:02:15Z,2026-06-13T23:02:15+0200,37293abf-bd75-40d9-81b7-896ff667771a,2026-06-09T01:15:00Z,2026-06-09T03:15:00+0200,5326.62988,MW,FR,FR,forecast_onshore_wind_generation,Wind Onshore,2026-06-13T21:03:52Z
2026-06-13T21:02:15Z,2026-06-13T23:02:15+0200,37293abf-bd75-40d9-81b7-896ff667771a,2026-06-09T01:30:00Z,2026-06-09T03:30:00+0200,5232.87988,MW,FR,FR,forecast_onshore_wind_generation,Wind Onshore,2026-06-13T21:03:52Z
2026-06-13T21:02:15Z,2026-06-13T23:02:15+0200,37293abf-bd75-40d9-81b7-896ff667771a,2026-06-09T01:45:00Z,2026-06-09T03:45:00+0200,5139.08008,MW,FR,FR,forecast_onshore_wind_generation,Wind Onshore,2026-06-13T21:03:52Z
2026-06-13T21:02:15Z,2026-06-13T23:02:15+0200,37293abf-bd75-40d9-81b7-896ff667771a,2026-06-09T02:00:00Z,2026-06-09T04:00:00+0200,5045.27002,MW,FR,FR,forecast_onshore_wind_generation,Wind Onshore,2026-06-13T21:03:52Z
2026-06-13T21:02:15Z,2026-06-13T23:02:15+0200,37293abf-bd75-40d9-81b7-896ff667771a,2026-06-09T02:15:00Z,2026-06-09T04:15:00+0200,4948.77002,MW,FR,FR,forecast_onshore_wind_generation,Wind Onshore,2026-06-13T21:03:52Z
2026-06-13T21:02:15Z,2026-06-13T23:02:15+0200,37293abf-bd75-40d9-81b7-896ff667771a,2026-06-09T02:30:00Z,2026-06-09T04:30:00+0200,4852.29004,MW,FR,FR,forecast_onshore_wind_generation,Wind Onshore,2026-06-13T21:03:52Z
2026-06-13T21:02:15Z,2026-06-13T23:02:15+0200,37293abf-bd75-40d9-81b7-896ff667771a,2026-06-09T02:45:00Z,2026-06-09T04:45:00+0200,4755.93994,MW,FR,FR,forecast_onshore_wind_generation,Wind Onshore,2026-06-13T21:03:52Z
2026-06-13T21:02:15Z,2026-06-13T23:02:15+0200,37293abf-bd75-40d9-81b7-896ff667771a,2026-06-09T03:00:00Z,2026-06-09T05:00:00+0200,4659.58008,MW,FR,FR,forecast_onshore_wind_generation,Wind Onshore,2026-06-13T21:03:52Z
2026-06-13T21:02:15Z,2026-06-13T23:02:15+0200,37293abf-bd75-40d9-81b7-896ff667771a,2026-06-09T03:15:00Z,2026-06-09T05:15:00+0200,4597.22021,MW,FR,FR,forecast_onshore_wind_generation,Wind Onshore,2026-06-13T21:03:52Z
2026-06-13T21:02:15Z,2026-06-13T23:02:15+0200,37293abf-bd75-40d9-81b7-896ff667771a,2026-06-09T03:30:00Z,2026-06-09T05:30:00+0200,4534.89014,MW,FR,FR,forecast_onshore_wind_generation,Wind Onshore,2026-06-13T21:03:52Z
2026-06-13T21:02:15Z,2026-06-13T23:02:15+0200,37293abf-bd75-40d9-81b7-896ff667771a,2026-06-09T03:45:00Z,2026-06-09T05:45:00+0200,4472.43994,MW,FR,FR,forecast_onshore_wind_generation,Wind Onshore,2026-06-13T21:03:52Z
2026-06-13T21:02:15Z,2026-06-13T23:02:15+0200,37293abf-bd75-40d9-81b7-896ff667771a,2026-06-09T04:00:00Z,2026-06-09T06:00:00+0200,4410.0,MW,FR,FR,forecast_onshore_wind_generation,Wind Onshore,2026-06-13T21:03:52Z
2026-06-13T21:02:15Z,2026-06-13T23:02:15+0200,37293abf-bd75-40d9-81b7-896ff667771a,2026-06-09T04:15:00Z,2026-06-09T06:15:00+0200,4325.04004,MW,FR,FR,forecast_onshore_wind_generation,Wind Onshore,2026-06-13T21:03:52Z
2026-06-13T21:02:15Z,2026-06-13T23:02:15+0200,37293abf-bd75-40d9-81b7-896ff667771a,2026-06-09T04:30:00Z,2026-06-09T06:30:00+0200,4240.08008,MW,FR,FR,forecast_onshore_wind_generation,Wind Onshore,2026-06-13T21:03:52Z
2026-06-13T21:02:15Z,2026-06-13T23:02:15+0200,37293abf-bd75-40d9-81b7-896ff667771a,2026-06-09T04:45:00Z,2026-06-09T06:45:00+0200,4155.08984,MW,FR,FR,forecast_onshore_wind_generation,Wind Onshore,2026-06-13T21:03:52Z
2026-06-13T21:02:15Z,2026-06-13T23:02:15+0200,37293abf-bd75-40d9-81b7-896ff667771a,2026-06-09T05:00:00Z,2026-06-09T07:00:00+0200,4070.12012,MW,FR,FR,forecast_onshore_wind_generation,Wind Onshore,2026-06-13T21:03:52Z
2026-06-13T21:02:15Z,2026-06-13T23:02:15+0200,37293abf-bd75-40d9-81b7-896ff667771a,2026-06-09T05:15:00Z,2026-06-09T07:15:00+0200,3963.13989,MW,FR,FR,forecast_onshore_wind_generation,Wind Onshore,2026-06-13T21:03:52Z
2026-06-13T21:02:15Z,2026-06-13T23:02:15+0200,37293abf-bd75-40d9-81b7-896ff667771a,2026-06-09T05:30:00Z,2026-06-09T07:30:00+0200,3856.23975,MW,FR,FR,forecast_onshore_wind_generation,Wind Onshore,2026-06-13T21:03:52Z
2026-06-13T21:02:15Z,2026-06-13T23:02:15+0200,37293abf-bd75-40d9-81b7-896ff667771a,2026-06-09T05:45:00Z,2026-06-09T07:45:00+0200,3749.78003,MW,FR,FR,forecast_onshore_wind_generation,Wind Onshore,2026-06-13T21:03:52Z
2026-06-13T21:02:15Z,2026-06-13T23:02:15+0200,37293abf-bd75-40d9-81b7-896ff667771a,2026-06-09T06:00:00Z,2026-06-09T08:00:00+0200,3643.44995,MW,FR,FR,forecast_onshore_wind_generation,Wind Onshore,2026-06-13T21:03:52Z
2026-06-13T21:02:15Z,2026-06-13T23:02:15+0200,37293abf-bd75-40d9-81b7-896ff667771a,2026-06-09T06:15:00Z,2026-06-09T08:15:00+0200,3674.57007,MW,FR,FR,forecast_onshore_wind_generation,Wind Onshore,2026-06-13T21:03:52Z
2026-06-13T21:02:15Z,2026-06-13T23:02:15+0200,37293abf-bd75-40d9-81b7-896ff667771a,2026-06-09T06:30:00Z,2026-06-09T08:30:00+0200,3705.66992,MW,FR,FR,forecast_onshore_wind_generation,Wind Onshore,2026-06-13T21:03:52Z
2026-06-13T21:02:15Z,2026-06-13T23:02:15+0200,37293abf-bd75-40d9-81b7-896ff667771a,2026-06-09T06:45:00Z,2026-06-09T08:45:00+0200,3736.81006,MW,FR,FR,forecast_onshore_wind_generation,Wind Onshore,2026-06-13T21:03:52Z
2026-06-13T21:02:15Z,2026-06-13T23:02:15+0200,37293abf-bd75-40d9-81b7-896ff667771a,2026-06-09T07:00:00Z,2026-06-09T09:00:00+0200,3768.25977,MW,FR,FR,forecast_onshore_wind_generation,Wind Onshore,2026-06-13T21:03:52Z
2026-06-13T21:02:15Z,2026-06-13T23:02:15+0200,37293abf-bd75-40d9-81b7-896ff667771a,2026-06-09T07:15:00Z,2026-06-09T09:15:00+0200,3924.34033,MW,FR,FR,forecast_onshore_wind_generation,Wind Onshore,2026-06-13T21:03:52Z
2026-06-13T21:02:15Z,2026-06-13T23:02:15+0200,37293abf-bd75-40d9-81b7-896ff667771a,2026-06-09T07:30:00Z,2026-06-09T09:30:00+0200,4080.52002,MW,FR,FR,forecast_onshore_wind_generation,Wind Onshore,2026-06-13T21:03:52Z
2026-06-13T21:02:15Z,2026-06-13T23:02:15+0200,37293abf-bd75-40d9-81b7-896ff667771a,2026-06-09T07:45:00Z,2026-06-09T09:45:00+0200,4236.87012,MW,FR,FR,forecast_onshore_wind_generation,Wind Onshore,2026-06-13T21:03:52Z
2026-06-13T21:02:15Z,2026-06-13T23:02:15+0200,37293abf-bd75-40d9-81b7-896ff667771a,2026-06-09T08:00:00Z,2026-06-09T10:00:00+0200,4393.31348,MW,FR,FR,forecast_onshore_wind_generation,Wind Onshore,2026-06-13T21:03:52Z
2026-06-13T21:02:15Z,2026-06-13T23:02:15+0200,37293abf-bd75-40d9-81b7-896ff667771a,2026-06-09T08:15:00Z,2026-06-09T10:15:00+0200,2695.0708,MW,FR,FR,forecast_onshore_wind_generation,Wind Onshore,2026-06-13T21:03:52Z
2026-06-13T21:02:15Z,2026-06-13T23:02:15+0200,37293abf-bd75-40d9-81b7-896ff667771a,2026-06-09T08:30:00Z,2026-06-09T10:30:00+0200,2762.2583,MW,FR,FR,forecast_onshore_wind_generation,Wind Onshore,2026-06-13T21:03:52Z
2026-06-13T21:02:15Z,2026-06-13T23:02:15+0200,37293abf-bd75-40d9-81b7-896ff667771a,2026-06-09T08:45:00Z,2026-06-09T10:45:00+0200,2829.78076,MW,FR,FR,forecast_onshore_wind_generation,Wind Onshore,2026-06-13T21:03:52Z
2026-06-13T21:02:15Z,2026-06-13T23:02:15+0200,37293abf-bd75-40d9-81b7-896ff667771a,2026-06-09T09:00:00Z,2026-06-09T11:00:00+0200,2897.29053,MW,FR,FR,forecast_onshore_wind_generation,Wind Onshore,2026-06-13T21:03:52Z
2026-06-13T21:02:15Z,2026-06-13T23:02:15+0200,37293abf-bd75-40d9-81b7-896ff667771a,2026-06-09T09:15:00Z,2026-06-09T11:15:00+0200,2965.04932,MW,FR,FR,forecast_onshore_wind_generation,Wind Onshore,2026-06-13T21:03:52Z
2026-06-13T21:02:15Z,2026-06-13T23:02:15+0200,37293abf-bd75-40d9-81b7-896ff667771a,2026-06-09T09:30:00Z,2026-06-09T11:30:00+0200,3033.28931,MW,FR,FR,forecast_onshore_wind_generation,Wind Onshore,2026-06-13T21:03:52Z
2026-06-13T21:02:15Z,2026-06-13T23:02:15+0200,37293abf-bd75-40d9-81b7-896ff667771a,2026-06-09T09:45:00Z,2026-06-09T11:45:00+0200,3101.68262,MW,FR,FR,forecast_onshore_wind_generation,Wind Onshore,2026-06-13T21:03:52Z
2026-06-13T21:02:15Z,2026-06-13T23:02:15+0200,37293abf-bd75-40d9-81b7-896ff667771a,2026-06-09T10:00:00Z,2026-06-09T12:00:00+0200,3170.12842,MW,FR,FR,forecast_onshore_wind_generation,Wind Onshore,2026-06-13T21:03:52Z
2026-06-13T21:02:15Z,2026-06-13T23:02:15+0200,37293abf-bd75-40d9-81b7-896ff667771a,2026-06-09T10:15:00Z,2026-06-09T12:15:00+0200,3224.77563,MW,FR,FR,forecast_onshore_wind_generation,Wind Onshore,2026-06-13T21:03:52Z
2026-06-13T21:02:15Z,2026-06-13T23:02:15+0200,37293abf-bd75-40d9-81b7-896ff667771a,2026-06-09T10:30:00Z,2026-06-09T12:30:00+0200,3279.02124,MW,FR,FR,forecast_onshore_wind_generation,Wind Onshore,2026-06-13T21:03:52Z
2026-06-13T21:02:15Z,2026-06-13T23:02:15+0200,37293abf-bd75-40d9-81b7-896ff667771a,2026-06-09T10:45:00Z,2026-06-09T12:45:00+0200,3333.15625,MW,FR,FR,forecast_onshore_wind_generation,Wind Onshore,2026-06-13T21:03:52Z
2026-06-13T21:02:15Z,2026-06-13T23:02:15+0200,37293abf-bd75-40d9-81b7-896ff667771a,2026-06-09T11:00:00Z,2026-06-09T13:00:00+0200,3387.61768,MW,FR,FR,forecast_onshore_wind_generation,Wind Onshore,2026-06-13T21:03:52Z
2026-06-13T21:02:15Z,2026-06-13T23:02:15+0200,37293abf-bd75-40d9-81b7-896ff667771a,2026-06-09T11:15:00Z,2026-06-09T13:15:00+0200,3436.28906,MW,FR,FR,forecast_onshore_wind_generation,Wind Onshore,2026-06-13T21:03:52Z
2026-06-13T21:02:15Z,2026-06-13T23:02:15+0200,37293abf-bd75-40d9-81b7-896ff667771a,2026-06-09T11:30:00Z,2026-06-09T13:30:00+0200,3485.33032,MW,FR,FR,forecast_onshore_wind_generation,Wind Onshore,2026-06-13T21:03:52Z
2026-06-13T21:02:15Z,2026-06-13T23:02:15+0200,37293abf-bd75-40d9-81b7-896ff667771a,2026-06-09T11:45:00Z,2026-06-09T13:45:00+0200,3534.42041,MW,FR,FR,forecast_onshore_wind_generation,Wind Onshore,2026-06-13T21:03:52Z
2026-06-13T21:02:15Z,2026-06-13T23:02:15+0200,37293abf-bd75-40d9-81b7-896ff667771a,2026-06-09T12:00:00Z,2026-06-09T14:00:00+0200,3583.21973,MW,FR,FR,forecast_onshore_wind_generation,Wind Onshore,2026-06-13T21:03:52Z
2026-06-13T21:02:15Z,2026-06-13T23:02:15+0200,37293abf-bd75-40d9-81b7-896ff667771a,2026-06-09T12:15:00Z,2026-06-09T14:15:00+0200,3643.66064,MW,FR,FR,forecast_onshore_wind_generation,Wind Onshore,2026-06-13T21:03:52Z
2026-06-13T21:02:15Z,2026-06-13T23:02:15+0200,37293abf-bd75-40d9-81b7-896ff667771a,2026-06-09T12:30:00Z,2026-06-09T14:30:00+0200,3704.00928,MW,FR,FR,forecast_onshore_wind_generation,Wind Onshore,2026-06-13T21:03:52Z
2026-06-13T21:02:15Z,2026-06-13T23:02:15+0200,37293abf-bd75-40d9-81b7-896ff667771a,2026-06-09T12:45:00Z,2026-06-09T14:45:00+0200,3764.76978,MW,FR,FR,forecast_onshore_wind_generation,Wind Onshore,2026-06-13T21:03:52Z
2026-06-13T21:02:15Z,2026-06-13T23:02:15+0200,37293abf-bd75-40d9-81b7-896ff667771a,2026-06-09T13:00:00Z,2026-06-09T15:00:00+0200,3825.09204,MW,FR,FR,forecast_onshore_wind_generation,Wind Onshore,2026-06-13T21:03:52Z
2026-06-13T21:02:15Z,2026-06-13T23:02:15+0200,37293abf-bd75-40d9-81b7-896ff667771a,2026-06-09T13:15:00Z,2026-06-09T15:15:00+0200,3848.17822,MW,FR,FR,forecast_onshore_wind_generation,Wind Onshore,2026-06-13T21:03:52Z
2026-06-13T21:02:15Z,2026-06-13T23:02:15+0200,37293abf-bd75-40d9-81b7-896ff667771a,2026-06-09T13:30:00Z,2026-06-09T15:30:00+0200,3871.2793,MW,FR,FR,forecast_onshore_wind_generation,Wind Onshore,2026-06-13T21:03:52Z
2026-06-13T21:02:15Z,2026-06-13T23:02:15+0200,37293abf-bd75-40d9-81b7-896ff667771a,2026-06-09T13:45:00Z,2026-06-09T15:45:00+0200,3894.35181,MW,FR,FR,forecast_onshore_wind_generation,Wind Onshore,2026-06-13T21:03:52Z
2026-06-13T21:02:15Z,2026-06-13T23:02:15+0200,37293abf-bd75-40d9-81b7-896ff667771a,2026-06-09T14:00:00Z,2026-06-09T16:00:00+0200,3917.74951,MW,FR,FR,forecast_onshore_wind_generation,Wind Onshore,2026-06-13T21:03:52Z
2026-06-13T21:02:15Z,2026-06-13T23:02:15+0200,37293abf-bd75-40d9-81b7-896ff667771a,2026-06-09T14:15:00Z,2026-06-09T16:15:00+0200,3914.71094,MW,FR,FR,forecast_onshore_wind_generation,Wind Onshore,2026-06-13T21:03:52Z
2026-06-13T21:02:15Z,2026-06-13T23:02:15+0200,37293abf-bd75-40d9-81b7-896ff667771a,2026-06-09T14:30:00Z,2026-06-09T16:30:00+0200,3911.59814,MW,FR,FR,forecast_onshore_wind_generation,Wind Onshore,2026-06-13T21:03:52Z
2026-06-13T21:02:15Z,2026-06-13T23:02:15+0200,37293abf-bd75-40d9-81b7-896ff667771a,2026-06-09T14:45:00Z,2026-06-09T16:45:00+0200,3908.89697,MW,FR,FR,forecast_onshore_wind_generation,Wind Onshore,2026-06-13T21:03:52Z
2026-06-13T21:02:15Z,2026-06-13T23:02:15+0200,37293abf-bd75-40d9-81b7-896ff667771a,2026-06-09T15:00:00Z,2026-06-09T17:00:00+0200,3905.93237,MW,FR,FR,forecast_onshore_wind_generation,Wind Onshore,2026-06-13T21:03:52Z
2026-06-13T21:02:15Z,2026-06-13T23:02:15+0200,37293abf-bd75-40d9-81b7-896ff667771a,2026-06-09T15:15:00Z,2026-06-09T17:15:00+0200,3889.76001,MW,FR,FR,forecast_onshore_wind_generation,Wind Onshore,2026-06-13T21:03:52Z
2026-06-13T21:02:15Z,2026-06-13T23:02:15+0200,37293abf-bd75-40d9-81b7-896ff667771a,2026-06-09T15:30:00Z,2026-06-09T17:30:00+0200,3873.60986,MW,FR,FR,forecast_onshore_wind_generation,Wind Onshore,2026-06-13T21:03:52Z
2026-06-13T21:02:15Z,2026-06-13T23:02:15+0200,37293abf-bd75-40d9-81b7-896ff667771a,2026-06-09T15:45:00Z,2026-06-09T17:45:00+0200,6407.2002,MW,FR,FR,forecast_onshore_wind_generation,Wind Onshore,2026-06-13T21:03:52Z
2026-06-13T21:02:15Z,2026-06-13T23:02:15+0200,37293abf-bd75-40d9-81b7-896ff667771a,2026-06-09T16:00:00Z,2026-06-09T18:00:00+0200,6403.59961,MW,FR,FR,forecast_onshore_wind_generation,Wind Onshore,2026-06-13T21:03:52Z
2026-06-13T21:02:15Z,2026-06-13T23:02:15+0200,37293abf-bd75-40d9-81b7-896ff667771a,2026-06-09T16:15:00Z,2026-06-09T18:15:00+0200,6195.45996,MW,FR,FR,forecast_onshore_wind_generation,Wind Onshore,2026-06-13T21:03:52Z
2026-06-13T21:02:15Z,2026-06-13T23:02:15+0200,37293abf-bd75-40d9-81b7-896ff667771a,2026-06-09T16:30:00Z,2026-06-09T18:30:00+0200,5987.32031,MW,FR,FR,forecast_onshore_wind_generation,Wind Onshore,2026-06-13T21:03:52Z
2026-06-13T21:02:15Z,2026-06-13T23:02:15+0200,37293abf-bd75-40d9-81b7-896ff667771a,2026-06-09T16:45:00Z,2026-06-09T18:45:00+0200,5779.47998,MW,FR,FR,forecast_onshore_wind_generation,Wind Onshore,2026-06-13T21:03:52Z
2026-06-13T21:02:15Z,2026-06-13T23:02:15+0200,37293abf-bd75-40d9-81b7-896ff667771a,2026-06-09T17:00:00Z,2026-06-09T19:00:00+0200,5571.68994,MW,FR,FR,forecast_onshore_wind_generation,Wind Onshore,2026-06-13T21:03:52Z
2026-06-13T21:02:15Z,2026-06-13T23:02:15+0200,37293abf-bd75-40d9-81b7-896ff667771a,2026-06-09T17:15:00Z,2026-06-09T19:15:00+0200,5293.14014,MW,FR,FR,forecast_onshore_wind_generation,Wind Onshore,2026-06-13T21:03:52Z
2026-06-13T21:02:15Z,2026-06-13T23:02:15+0200,37293abf-bd75-40d9-81b7-896ff667771a,2026-06-09T17:30:00Z,2026-06-09T19:30:00+0200,5014.58984,MW,FR,FR,forecast_onshore_wind_generation,Wind Onshore,2026-06-13T21:03:52Z
2026-06-13T21:02:15Z,2026-06-13T23:02:15+0200,37293abf-bd75-40d9-81b7-896ff667771a,2026-06-09T17:45:00Z,2026-06-09T19:45:00+0200,4736.16992,MW,FR,FR,forecast_onshore_wind_generation,Wind Onshore,2026-06-13T21:03:52Z
2026-06-13T21:02:15Z,2026-06-13T23:02:15+0200,37293abf-bd75-40d9-81b7-896ff667771a,2026-06-09T18:00:00Z,2026-06-09T20:00:00+0200,4457.7998,MW,FR,FR,forecast_onshore_wind_generation,Wind Onshore,2026-06-13T21:03:52Z
2026-06-13T21:02:15Z,2026-06-13T23:02:15+0200,37293abf-bd75-40d9-81b7-896ff667771a,2026-06-09T18:15:00Z,2026-06-09T20:15:00+0200,4269.13965,MW,FR,FR,forecast_onshore_wind_generation,Wind Onshore,2026-06-13T21:03:52Z
2026-06-13T21:02:15Z,2026-06-13T23:02:15+0200,37293abf-bd75-40d9-81b7-896ff667771a,2026-06-09T18:30:00Z,2026-06-09T20:30:00+0200,4080.54004,MW,FR,FR,forecast_onshore_wind_generation,Wind Onshore,2026-06-13T21:03:52Z
2026-06-13T21:02:15Z,2026-06-13T23:02:15+0200,37293abf-bd75-40d9-81b7-896ff667771a,2026-06-09T18:45:00Z,2026-06-09T20:45:00+0200,3891.6001,MW,FR,FR,forecast_onshore_wind_generation,Wind Onshore,2026-06-13T21:03:52Z
2026-06-13T21:02:15Z,2026-06-13T23:02:15+0200,37293abf-bd75-40d9-81b7-896ff667771a,2026-06-09T19:00:00Z,2026-06-09T21:00:00+0200,3702.65991,MW,FR,FR,forecast_onshore_wind_generation,Wind Onshore,2026-06-13T21:03:52Z
2026-06-13T21:02:15Z,2026-06-13T23:02:15+0200,37293abf-bd75-40d9-81b7-896ff667771a,2026-06-09T19:15:00Z,2026-06-09T21:15:00+0200,3602.0498,MW,FR,FR,forecast_onshore_wind_generation,Wind Onshore,2026-06-13T21:03:52Z
2026-06-13T21:02:15Z,2026-06-13T23:02:15+0200,37293abf-bd75-40d9-81b7-896ff667771a,2026-06-09T19:30:00Z,2026-06-09T21:30:00+0200,3501.44019,MW,FR,FR,forecast_onshore_wind_generation,Wind Onshore,2026-06-13T21:03:52Z
2026-06-13T21:02:15Z,2026-06-13T23:02:15+0200,37293abf-bd75-40d9-81b7-896ff667771a,2026-06-09T19:45:00Z,2026-06-09T21:45:00+0200,3400.8999,MW,FR,FR,forecast_onshore_wind_generation,Wind Onshore,2026-06-13T21:03:52Z
2026-06-13T21:02:15Z,2026-06-13T23:02:15+0200,37293abf-bd75-40d9-81b7-896ff667771a,2026-06-09T20:00:00Z,2026-06-09T22:00:00+0200,3300.37012,MW,FR,FR,forecast_onshore_wind_generation,Wind Onshore,2026-06-13T21:03:52Z
2026-06-13T21:02:15Z,2026-06-13T23:02:15+0200,37293abf-bd75-40d9-81b7-896ff667771a,2026-06-09T20:15:00Z,2026-06-09T22:15:00+0200,3274.5,MW,FR,FR,forecast_onshore_wind_generation,Wind Onshore,2026-06-13T21:03:52Z
2026-06-13T21:02:15Z,2026-06-13T23:02:15+0200,37293abf-bd75-40d9-81b7-896ff667771a,2026-06-09T20:30:00Z,2026-06-09T22:30:00+0200,3248.60986,MW,FR,FR,forecast_onshore_wind_generation,Wind Onshore,2026-06-13T21:03:52Z
2026-06-13T21:02:15Z,2026-06-13T23:02:15+0200,37293abf-bd75-40d9-81b7-896ff667771a,2026-06-09T20:45:00Z,2026-06-09T22:45:00+0200,3222.75,MW,FR,FR,forecast_onshore_wind_generation,Wind Onshore,2026-06-13T21:03:52Z
2026-06-13T21:02:15Z,2026-06-13T23:02:15+0200,37293abf-bd75-40d9-81b7-896ff667771a,2026-06-09T21:00:00Z,2026-06-09T23:00:00+0200,3196.91992,MW,FR,FR,forecast_onshore_wind_generation,Wind Onshore,2026-06-13T21:03:52Z
2026-06-13T21:02:15Z,2026-06-13T23:02:15+0200,37293abf-bd75-40d9-81b7-896ff667771a,2026-06-09T21:15:00Z,2026-06-09T23:15:00+0200,3211.34009,MW,FR,FR,forecast_onshore_wind_generation,Wind Onshore,2026-06-13T21:03:52Z
2026-06-13T21:02:15Z,2026-06-13T23:02:15+0200,37293abf-bd75-40d9-81b7-896ff667771a,2026-06-09T21:30:00Z,2026-06-09T23:30:00+0200,3225.79004,MW,FR,FR,forecast_onshore_wind_generation,Wind Onshore,2026-06-13T21:03:52Z
2026-06-13T21:02:15Z,2026-06-13T23:02:15+0200,37293abf-bd75-40d9-81b7-896ff667771a,2026-06-09T21:45:00Z,2026-06-09T23:45:00+0200,3239.98999,MW,FR,FR,forecast_onshore_wind_generation,Wind Onshore,2026-06-13T21:03:52Z
2026-06-13T21:02:15Z,2026-06-13T23:02:15+0200,37293abf-bd75-40d9-81b7-896ff667771a,2026-06-09T22:00:00Z,2026-06-10T00:00:00+0200,3250.68994,MW,FR,FR,forecast_onshore_wind_generation,Wind Onshore,2026-06-13T21:03:52Z
2026-06-13T21:02:15Z,2026-06-13T23:02:15+0200,37293abf-bd75-40d9-81b7-896ff667771a,2026-06-09T22:15:00Z,2026-06-10T00:15:00+0200,3250.19995,MW,FR,FR,forecast_onshore_wind_generation,Wind Onshore,2026-06-13T21:03:52Z
2026-06-13T21:02:15Z,2026-06-13T23:02:15+0200,37293abf-bd75-40d9-81b7-896ff667771a,2026-06-09T22:30:00Z,2026-06-10T00:30:00+0200,3249.82983,MW,FR,FR,forecast_onshore_wind_generation,Wind Onshore,2026-06-13T21:03:52Z
2026-06-13T21:02:15Z,2026-06-13T23:02:15+0200,37293abf-bd75-40d9-81b7-896ff667771a,2026-06-09T22:45:00Z,2026-06-10T00:45:00+0200,3247.86987,MW,FR,FR,forecast_onshore_wind_generation,Wind Onshore,2026-06-13T21:03:52Z
2026-06-13T21:02:15Z,2026-06-13T23:02:15+0200,37293abf-bd75-40d9-81b7-896ff667771a,2026-06-09T23:00:00Z,2026-06-10T01:00:00+0200,3245.93994,MW,FR,FR,forecast_onshore_wind_generation,Wind Onshore,2026-06-13T21:03:52Z
2026-06-13T21:02:15Z,2026-06-13T23:02:15+0200,37293abf-bd75-40d9-81b7-896ff667771a,2026-06-09T23:15:00Z,2026-06-10T01:15:00+0200,3208.84985,MW,FR,FR,forecast_onshore_wind_generation,Wind Onshore,2026-06-13T21:03:52Z
2026-06-13T21:02:15Z,2026-06-13T23:02:15+0200,37293abf-bd75-40d9-81b7-896ff667771a,2026-06-09T23:30:00Z,2026-06-10T01:30:00+0200,3171.77002,MW,FR,FR,forecast_onshore_wind_generation,Wind Onshore,2026-06-13T21:03:52Z
2026-06-13T21:02:15Z,2026-06-13T23:02:15+0200,37293abf-bd75-40d9-81b7-896ff667771a,2026-06-09T23:45:00Z,2026-06-10T01:45:00+0200,3134.16016,MW,FR,FR,forecast_onshore_wind_generation,Wind Onshore,2026-06-13T21:03:52Z
2026-06-13T21:02:15Z,2026-06-13T23:02:15+0200,37293abf-bd75-40d9-81b7-896ff667771a,2026-06-10T00:00:00Z,2026-06-10T02:00:00+0200,3096.57007,MW,FR,FR,forecast_onshore_wind_generation,Wind Onshore,2026-06-13T21:03:52Z
2026-06-13T21:02:15Z,2026-06-13T23:02:15+0200,37293abf-bd75-40d9-81b7-896ff667771a,2026-06-10T00:15:00Z,2026-06-10T02:15:00+0200,3071.83984,MW,FR,FR,forecast_onshore_wind_generation,Wind Onshore,2026-06-13T21:03:52Z
2026-06-13T21:02:15Z,2026-06-13T23:02:15+0200,37293abf-bd75-40d9-81b7-896ff667771a,2026-06-10T00:30:00Z,2026-06-10T02:30:00+0200,3047.1001,MW,FR,FR,forecast_onshore_wind_generation,Wind Onshore,2026-06-13T21:03:52Z
2026-06-13T21:02:15Z,2026-06-13T23:02:15+0200,37293abf-bd75-40d9-81b7-896ff667771a,2026-06-10T00:45:00Z,2026-06-10T02:45:00+0200,3022.62012,MW,FR,FR,forecast_onshore_wind_generation,Wind Onshore,2026-06-13T21:03:52Z
2026-06-13T21:02:15Z,2026-06-13T23:02:15+0200,37293abf-bd75-40d9-81b7-896ff667771a,2026-06-10T01:00:00Z,2026-06-10T03:00:00+0200,2998.16992,MW,FR,FR,forecast_onshore_wind_generation,Wind Onshore,2026-06-13T21:03:52Z
2026-06-13T21:02:15Z,2026-06-13T23:02:15+0200,37293abf-bd75-40d9-81b7-896ff667771a,2026-06-10T01:15:00Z,2026-06-10T03:15:00+0200,2978.99023,MW,FR,FR,forecast_onshore_wind_generation,Wind Onshore,2026-06-13T21:03:52Z
2026-06-13T21:02:15Z,2026-06-13T23:02:15+0200,37293abf-bd75-40d9-81b7-896ff667771a,2026-06-10T01:30:00Z,2026-06-10T03:30:00+0200,2959.80005,MW,FR,FR,forecast_onshore_wind_generation,Wind Onshore,2026-06-13T21:03:52Z
2026-06-13T21:02:15Z,2026-06-13T23:02:15+0200,37293abf-bd75-40d9-81b7-896ff667771a,2026-06-10T01:45:00Z,2026-06-10T03:45:00+0200,2940.39014,MW,FR,FR,forecast_onshore_wind_generation,Wind Onshore,2026-06-13T21:03:52Z
2026-06-13T21:02:15Z,2026-06-13T23:02:15+0200,37293abf-bd75-40d9-81b7-896ff667771a,2026-06-10T02:00:00Z,2026-06-10T04:00:00+0200,2921.05005,MW,FR,FR,forecast_onshore_wind_generation,Wind Onshore,2026-06-13T21:03:52Z
2026-06-13T21:02:15Z,2026-06-13T23:02:15+0200,37293abf-bd75-40d9-81b7-896ff667771a,2026-06-10T02:15:00Z,2026-06-10T04:15:00+0200,2911.06006,MW,FR,FR,forecast_onshore_wind_generation,Wind Onshore,2026-06-13T21:03:52Z
2026-06-13T21:02:15Z,2026-06-13T23:02:15+0200,37293abf-bd75-40d9-81b7-896ff667771a,2026-06-10T02:30:00Z,2026-06-10T04:30:00+0200,2901.1001,MW,FR,FR,forecast_onshore_wind_generation,Wind Onshore,2026-06-13T21:03:52Z
2026-06-13T21:02:15Z,2026-06-13T23:02:15+0200,37293abf-bd75-40d9-81b7-896ff667771a,2026-06-10T02:45:00Z,2026-06-10T04:45:00+0200,2891.47998,MW,FR,FR,forecast_onshore_wind_generation,Wind Onshore,2026-06-13T21:03:52Z
2026-06-13T21:02:15Z,2026-06-13T23:02:15+0200,37293abf-bd75-40d9-81b7-896ff667771a,2026-06-10T03:00:00Z,2026-06-10T05:00:00+0200,2881.91992,MW,FR,FR,forecast_onshore_wind_generation,Wind Onshore,2026-06-13T21:03:52Z
2026-06-13T21:02:15Z,2026-06-13T23:02:15+0200,37293abf-bd75-40d9-81b7-896ff667771a,2026-06-10T03:15:00Z,2026-06-10T05:15:00+0200,2875.66016,MW,FR,FR,forecast_onshore_wind_generation,Wind Onshore,2026-06-13T21:03:52Z
2026-06-13T21:02:15Z,2026-06-13T23:02:15+0200,37293abf-bd75-40d9-81b7-896ff667771a,2026-06-10T03:30:00Z,2026-06-10T05:30:00+0200,2869.47021,MW,FR,FR,forecast_onshore_wind_generation,Wind Onshore,2026-06-13T21:03:52Z
2026-06-13T21:02:15Z,2026-06-13T23:02:15+0200,37293abf-bd75-40d9-81b7-896ff667771a,2026-06-10T03:45:00Z,2026-06-10T05:45:00+0200,2863.01001,MW,FR,FR,forecast_onshore_wind_generation,Wind Onshore,2026-06-13T21:03:52Z
2026-06-13T21:02:15Z,2026-06-13T23:02:15+0200,37293abf-bd75-40d9-81b7-896ff667771a,2026-06-10T04:00:00Z,2026-06-10T06:00:00+0200,2856.61987,MW,FR,FR,forecast_onshore_wind_generation,Wind Onshore,2026-06-13T21:03:52Z
2026-06-13T21:02:15Z,2026-06-13T23:02:15+0200,37293abf-bd75-40d9-81b7-896ff667771a,2026-06-10T04:15:00Z,2026-06-10T06:15:00+0200,2811.59985,MW,FR,FR,forecast_onshore_wind_generation,Wind Onshore,2026-06-13T21:03:52Z
2026-06-13T21:02:15Z,2026-06-13T23:02:15+0200,37293abf-bd75-40d9-81b7-896ff667771a,2026-06-10T04:30:00Z,2026-06-10T06:30:00+0200,2766.6001,MW,FR,FR,forecast_onshore_wind_generation,Wind Onshore,2026-06-13T21:03:52Z
2026-06-13T21:02:15Z,2026-06-13T23:02:15+0200,37293abf-bd75-40d9-81b7-896ff667771a,2026-06-10T04:45:00Z,2026-06-10T06:45:00+0200,2721.1499,MW,FR,FR,forecast_onshore_wind_generation,Wind Onshore,2026-06-13T21:03:52Z
2026-06-13T21:02:15Z,2026-06-13T23:02:15+0200,37293abf-bd75-40d9-81b7-896ff667771a,2026-06-10T05:00:00Z,2026-06-10T07:00:00+0200,2675.68994,MW,FR,FR,forecast_onshore_wind_generation,Wind Onshore,2026-06-13T21:03:52Z
2026-06-13T21:02:15Z,2026-06-13T23:02:15+0200,37293abf-bd75-40d9-81b7-896ff667771a,2026-06-10T05:15:00Z,2026-06-10T07:15:00+0200,2574.53003,MW,FR,FR,forecast_onshore_wind_generation,Wind Onshore,2026-06-13T21:03:52Z
2026-06-13T21:02:15Z,2026-06-13T23:02:15+0200,37293abf-bd75-40d9-81b7-896ff667771a,2026-06-10T05:30:00Z,2026-06-10T07:30:00+0200,2473.35986,MW,FR,FR,forecast_onshore_wind_generation,Wind Onshore,2026-06-13T21:03:52Z
2026-06-13T21:02:15Z,2026-06-13T23:02:15+0200,37293abf-bd75-40d9-81b7-896ff667771a,2026-06-10T05:45:00Z,2026-06-10T07:45:00+0200,2371.89014,MW,FR,FR,forecast_onshore_wind_generation,Wind Onshore,2026-06-13T21:03:52Z
2026-06-13T21:02:15Z,2026-06-13T23:02:15+0200,37293abf-bd75-40d9-81b7-896ff667771a,2026-06-10T06:00:00Z,2026-06-10T08:00:00+0200,2270.70996,MW,FR,FR,forecast_onshore_wind_generation,Wind Onshore,2026-06-13T21:03:52Z
2026-06-13T21:02:15Z,2026-06-13T23:02:15+0200,37293abf-bd75-40d9-81b7-896ff667771a,2026-06-10T06:15:00Z,2026-06-10T08:15:00+0200,2222.16992,MW,FR,FR,forecast_onshore_wind_generation,Wind Onshore,2026-06-13T21:03:52Z
2026-06-13T21:02:15Z,2026-06-13T23:02:15+0200,37293abf-bd75-40d9-81b7-896ff667771a,2026-06-10T06:30:00Z,2026-06-10T08:30:00+0200,2173.81982,MW,FR,FR,forecast_onshore_wind_generation,Wind Onshore,2026-06-13T21:03:52Z
2026-06-13T21:02:15Z,2026-06-13T23:02:15+0200,37293abf-bd75-40d9-81b7-896ff667771a,2026-06-10T06:45:00Z,2026-06-10T08:45:00+0200,2125.35986,MW,FR,FR,forecast_onshore_wind_generation,Wind Onshore,2026-06-13T21:03:52Z
2026-06-13T21:02:15Z,2026-06-13T23:02:15+0200,37293abf-bd75-40d9-81b7-896ff667771a,2026-06-10T07:00:00Z,2026-06-10T09:00:00+0200,2076.97021,MW,FR,FR,forecast_onshore_wind_generation,Wind Onshore,2026-06-13T21:03:52Z
2026-06-13T21:02:15Z,2026-06-13T23:02:15+0200,37293abf-bd75-40d9-81b7-896ff667771a,2026-06-10T07:15:00Z,2026-06-10T09:15:00+0200,2203.22998,MW,FR,FR,forecast_onshore_wind_generation,Wind Onshore,2026-06-13T21:03:52Z
2026-06-13T21:02:15Z,2026-06-13T23:02:15+0200,37293abf-bd75-40d9-81b7-896ff667771a,2026-06-10T07:30:00Z,2026-06-10T09:30:00+0200,2329.77002,MW,FR,FR,forecast_onshore_wind_generation,Wind Onshore,2026-06-13T21:03:52Z
2026-06-13T21:02:15Z,2026-06-13T23:02:15+0200,37293abf-bd75-40d9-81b7-896ff667771a,2026-06-10T07:45:00Z,2026-06-10T09:45:00+0200,2456.57983,MW,FR,FR,forecast_onshore_wind_generation,Wind Onshore,2026-06-13T21:03:52Z
2026-06-13T21:02:15Z,2026-06-13T23:02:15+0200,37293abf-bd75-40d9-81b7-896ff667771a,2026-06-10T08:00:00Z,2026-06-10T10:00:00+0200,2583.43018,MW,FR,FR,forecast_onshore_wind_generation,Wind Onshore,2026-06-13T21:03:52Z
2026-06-13T21:02:15Z,2026-06-13T23:02:15+0200,37293abf-bd75-40d9-81b7-896ff667771a,2026-06-10T08:15:00Z,2026-06-10T10:15:00+0200,2689.46021,MW,FR,FR,forecast_onshore_wind_generation,Wind Onshore,2026-06-13T21:03:52Z
2026-06-13T21:02:15Z,2026-06-13T23:02:15+0200,37293abf-bd75-40d9-81b7-896ff667771a,2026-06-10T08:30:00Z,2026-06-10T10:30:00+0200,2795.90674,MW,FR,FR,forecast_onshore_wind_generation,Wind Onshore,2026-06-13T21:03:52Z
2026-06-13T21:02:15Z,2026-06-13T23:02:15+0200,37293abf-bd75-40d9-81b7-896ff667771a,2026-06-10T08:45:00Z,2026-06-10T10:45:00+0200,1764.75098,MW,FR,FR,forecast_onshore_wind_generation,Wind Onshore,2026-06-13T21:03:52Z
2026-06-13T21:02:15Z,2026-06-13T23:02:15+0200,37293abf-bd75-40d9-81b7-896ff667771a,2026-06-10T09:00:00Z,2026-06-10T11:00:00+0200,1832.23901,MW,FR,FR,forecast_onshore_wind_generation,Wind Onshore,2026-06-13T21:03:52Z
2026-06-13T21:02:15Z,2026-06-13T23:02:15+0200,37293abf-bd75-40d9-81b7-896ff667771a,2026-06-10T09:15:00Z,2026-06-10T11:15:00+0200,1908.14001,MW,FR,FR,forecast_onshore_wind_generation,Wind Onshore,2026-06-13T21:03:52Z
2026-06-13T21:02:15Z,2026-06-13T23:02:15+0200,37293abf-bd75-40d9-81b7-896ff667771a,2026-06-10T09:30:00Z,2026-06-10T11:30:00+0200,1984.22974,MW,FR,FR,forecast_onshore_wind_generation,Wind Onshore,2026-06-13T21:03:52Z
2026-06-13T21:02:15Z,2026-06-13T23:02:15+0200,37293abf-bd75-40d9-81b7-896ff667771a,2026-06-10T09:45:00Z,2026-06-10T11:45:00+0200,2060.5,MW,FR,FR,forecast_onshore_wind_generation,Wind Onshore,2026-06-13T21:03:52Z
2026-06-13T21:02:15Z,2026-06-13T23:02:15+0200,37293abf-bd75-40d9-81b7-896ff667771a,2026-06-10T10:00:00Z,2026-06-10T12:00:00+0200,2136.70874,MW,FR,FR,forecast_onshore_wind_generation,Wind Onshore,2026-06-13T21:03:52Z
2026-06-13T21:02:15Z,2026-06-13T23:02:15+0200,37293abf-bd75-40d9-81b7-896ff667771a,2026-06-10T10:15:00Z,2026-06-10T12:15:00+0200,2212.83057,MW,FR,FR,forecast_onshore_wind_generation,Wind Onshore,2026-06-13T21:03:52Z
2026-06-13T21:02:15Z,2026-06-13T23:02:15+0200,37293abf-bd75-40d9-81b7-896ff667771a,2026-06-10T10:30:00Z,2026-06-10T12:30:00+0200,2289.1792,MW,FR,FR,forecast_onshore_wind_generation,Wind Onshore,2026-06-13T21:03:52Z
2026-06-13T21:02:15Z,2026-06-13T23:02:15+0200,37293abf-bd75-40d9-81b7-896ff667771a,2026-06-10T10:45:00Z,2026-06-10T12:45:00+0200,2365.71875,MW,FR,FR,forecast_onshore_wind_generation,Wind Onshore,2026-06-13T21:03:52Z
2026-06-13T21:02:15Z,2026-06-13T23:02:15+0200,37293abf-bd75-40d9-81b7-896ff667771a,2026-06-10T11:00:00Z,2026-06-10T13:00:00+0200,2442.14087,MW,FR,FR,forecast_onshore_wind_generation,Wind Onshore,2026-06-13T21:03:52Z
2026-06-13T21:02:15Z,2026-06-13T23:02:15+0200,37293abf-bd75-40d9-81b7-896ff667771a,2026-06-10T11:15:00Z,2026-06-10T13:15:00+0200,2495.09033,MW,FR,FR,forecast_onshore_wind_generation,Wind Onshore,2026-06-13T21:03:52Z
2026-06-13T21:02:15Z,2026-06-13T23:02:15+0200,37293abf-bd75-40d9-81b7-896ff667771a,2026-06-10T11:30:00Z,2026-06-10T13:30:00+0200,2547.96948,MW,FR,FR,forecast_onshore_wind_generation,Wind Onshore,2026-06-13T21:03:52Z
2026-06-13T21:02:15Z,2026-06-13T23:02:15+0200,37293abf-bd75-40d9-81b7-896ff667771a,2026-06-10T11:45:00Z,2026-06-10T13:45:00+0200,2600.78979,MW,FR,FR,forecast_onshore_wind_generation,Wind Onshore,2026-06-13T21:03:52Z
2026-06-13T21:02:15Z,2026-06-13T23:02:15+0200,37293abf-bd75-40d9-81b7-896ff667771a,2026-06-10T12:00:00Z,2026-06-10T14:00:00+0200,2653.70947,MW,FR,FR,forecast_onshore_wind_generation,Wind Onshore,2026-06-13T21:03:52Z
2026-06-13T21:02:15Z,2026-06-13T23:02:15+0200,37293abf-bd75-40d9-81b7-896ff667771a,2026-06-10T12:15:00Z,2026-06-10T14:15:00+0200,2699.64893,MW,FR,FR,forecast_onshore_wind_generation,Wind Onshore,2026-06-13T21:03:52Z
2026-06-13T21:02:15Z,2026-06-13T23:02:15+0200,37293abf-bd75-40d9-81b7-896ff667771a,2026-06-10T12:30:00Z,2026-06-10T14:30:00+0200,2745.76196,MW,FR,FR,forecast_onshore_wind_generation,Wind Onshore,2026-06-13T21:03:52Z
2026-06-13T21:02:15Z,2026-06-13T23:02:15+0200,37293abf-bd75-40d9-81b7-896ff667771a,2026-06-10T12:45:00Z,2026-06-10T14:45:00+0200,2791.87036,MW,FR,FR,forecast_onshore_wind_generation,Wind Onshore,2026-06-13T21:03:52Z
2026-06-13T21:02:15Z,2026-06-13T23:02:15+0200,37293abf-bd75-40d9-81b7-896ff667771a,2026-06-10T13:00:00Z,2026-06-10T15:00:00+0200,2837.8186,MW,FR,FR,forecast_onshore_wind_generation,Wind Onshore,2026-06-13T21:03:52Z
2026-06-13T21:02:15Z,2026-06-13T23:02:15+0200,37293abf-bd75-40d9-81b7-896ff667771a,2026-06-10T13:15:00Z,2026-06-10T15:15:00+0200,2935.0625,MW,FR,FR,forecast_onshore_wind_generation,Wind Onshore,2026-06-13T21:03:52Z
2026-06-13T21:02:15Z,2026-06-13T23:02:15+0200,37293abf-bd75-40d9-81b7-896ff667771a,2026-06-10T13:30:00Z,2026-06-10T15:30:00+0200,2698.34814,MW,FR,FR,forecast_onshore_wind_generation,Wind Onshore,2026-06-13T21:03:52Z
2026-06-13T21:02:15Z,2026-06-13T23:02:15+0200,37293abf-bd75-40d9-81b7-896ff667771a,2026-06-10T13:45:00Z,2026-06-10T15:45:00+0200,2788.26904,MW,FR,FR,forecast_onshore_wind_generation,Wind Onshore,2026-06-13T21:03:52Z
2026-06-13T21:02:15Z,2026-06-13T23:02:15+0200,37293abf-bd75-40d9-81b7-896ff667771a,2026-06-10T14:00:00Z,2026-06-10T16:00:00+0200,2878.2605,MW,FR,FR,forecast_onshore_wind_generation,Wind Onshore,2026-06-13T21:03:52Z
2026-06-13T21:02:15Z,2026-06-13T23:02:15+0200,37293abf-bd75-40d9-81b7-896ff667771a,2026-06-10T14:15:00Z,2026-06-10T16:15:00+0200,2916.15723,MW,FR,FR,forecast_onshore_wind_generation,Wind Onshore,2026-06-13T21:03:52Z
2026-06-13T21:02:15Z,2026-06-13T23:02:15+0200,37293abf-bd75-40d9-81b7-896ff667771a,2026-06-10T14:30:00Z,2026-06-10T16:30:00+0200,2954.47803,MW,FR,FR,forecast_onshore_wind_generation,Wind Onshore,2026-06-13T21:03:52Z
2026-06-13T21:02:15Z,2026-06-13T23:02:15+0200,37293abf-bd75-40d9-81b7-896ff667771a,2026-06-10T14:45:00Z,2026-06-10T16:45:00+0200,2992.98022,MW,FR,FR,forecast_onshore_wind_generation,Wind Onshore,2026-06-13T21:03:52Z
2026-06-13T21:02:15Z,2026-06-13T23:02:15+0200,37293abf-bd75-40d9-81b7-896ff667771a,2026-06-10T15:00:00Z,2026-06-10T17:00:00+0200,3031.39868,MW,FR,FR,forecast_onshore_wind_generation,Wind Onshore,2026-06-13T21:03:52Z
2026-06-13T21:02:15Z,2026-06-13T23:02:15+0200,37293abf-bd75-40d9-81b7-896ff667771a,2026-06-10T15:15:00Z,2026-06-10T17:15:00+0200,3474.52832,MW,FR,FR,forecast_onshore_wind_generation,Wind Onshore,2026-06-13T21:03:52Z
2026-06-13T21:02:15Z,2026-06-13T23:02:15+0200,37293abf-bd75-40d9-81b7-896ff667771a,2026-06-10T15:30:00Z,2026-06-10T17:30:00+0200,3540.37109,MW,FR,FR,forecast_onshore_wind_generation,Wind Onshore,2026-06-13T21:03:52Z
2026-06-13T21:02:15Z,2026-06-13T23:02:15+0200,37293abf-bd75-40d9-81b7-896ff667771a,2026-06-10T15:45:00Z,2026-06-10T17:45:00+0200,3606.56836,MW,FR,FR,forecast_onshore_wind_generation,Wind Onshore,2026-06-13T21:03:52Z
2026-06-13T21:02:15Z,2026-06-13T23:02:15+0200,37293abf-bd75-40d9-81b7-896ff667771a,2026-06-10T16:00:00Z,2026-06-10T18:00:00+0200,3672.76758,MW,FR,FR,forecast_onshore_wind_generation,Wind Onshore,2026-06-13T21:03:52Z
2026-06-13T21:02:15Z,2026-06-13T23:02:15+0200,37293abf-bd75-40d9-81b7-896ff667771a,2026-06-10T16:15:00Z,2026-06-10T18:15:00+0200,5949.32617,MW,FR,FR,forecast_onshore_wind_generation,Wind Onshore,2026-06-13T21:03:52Z
2026-06-13T21:02:15Z,2026-06-13T23:02:15+0200,37293abf-bd75-40d9-81b7-896ff667771a,2026-06-10T16:30:00Z,2026-06-10T18:30:00+0200,5893.02979,MW,FR,FR,forecast_onshore_wind_generation,Wind Onshore,2026-06-13T21:03:52Z
2026-06-13T21:02:15Z,2026-06-13T23:02:15+0200,37293abf-bd75-40d9-81b7-896ff667771a,2026-06-10T16:45:00Z,2026-06-10T18:45:00+0200,5836.95996,MW,FR,FR,forecast_onshore_wind_generation,Wind Onshore,2026-06-13T21:03:52Z
2026-06-13T21:02:15Z,2026-06-13T23:02:15+0200,37293abf-bd75-40d9-81b7-896ff667771a,2026-06-10T17:00:00Z,2026-06-10T19:00:00+0200,5780.90039,MW,FR,FR,forecast_onshore_wind_generation,Wind Onshore,2026-06-13T21:03:52Z
2026-06-13T21:02:15Z,2026-06-13T23:02:15+0200,37293abf-bd75-40d9-81b7-896ff667771a,2026-06-10T17:15:00Z,2026-06-10T19:15:00+0200,5603.93018,MW,FR,FR,forecast_onshore_wind_generation,Wind Onshore,2026-06-13T21:03:52Z
2026-06-13T21:02:15Z,2026-06-13T23:02:15+0200,37293abf-bd75-40d9-81b7-896ff667771a,2026-06-10T17:30:00Z,2026-06-10T19:30:00+0200,5426.95996,MW,FR,FR,forecast_onshore_wind_generation,Wind Onshore,2026-06-13T21:03:52Z
2026-06-13T21:02:15Z,2026-06-13T23:02:15+0200,37293abf-bd75-40d9-81b7-896ff667771a,2026-06-10T17:45:00Z,2026-06-10T19:45:00+0200,5250.2002,MW,FR,FR,forecast_onshore_wind_generation,Wind Onshore,2026-06-13T21:03:52Z
2026-06-13T21:02:15Z,2026-06-13T23:02:15+0200,37293abf-bd75-40d9-81b7-896ff667771a,2026-06-10T18:00:00Z,2026-06-10T20:00:00+0200,5073.46973,MW,FR,FR,forecast_onshore_wind_generation,Wind Onshore,2026-06-13T21:03:52Z
2026-06-13T21:02:15Z,2026-06-13T23:02:15+0200,37293abf-bd75-40d9-81b7-896ff667771a,2026-06-10T18:15:00Z,2026-06-10T20:15:00+0200,4965.59033,MW,FR,FR,forecast_onshore_wind_generation,Wind Onshore,2026-06-13T21:03:52Z
2026-06-13T21:02:15Z,2026-06-13T23:02:15+0200,37293abf-bd75-40d9-81b7-896ff667771a,2026-06-10T18:30:00Z,2026-06-10T20:30:00+0200,4857.68945,MW,FR,FR,forecast_onshore_wind_generation,Wind Onshore,2026-06-13T21:03:52Z
2026-06-13T21:02:15Z,2026-06-13T23:02:15+0200,37293abf-bd75-40d9-81b7-896ff667771a,2026-06-10T18:45:00Z,2026-06-10T20:45:00+0200,4749.67969,MW,FR,FR,forecast_onshore_wind_generation,Wind Onshore,2026-06-13T21:03:52Z
2026-06-13T21:02:15Z,2026-06-13T23:02:15+0200,37293abf-bd75-40d9-81b7-896ff667771a,2026-06-10T19:00:00Z,2026-06-10T21:00:00+0200,4641.66992,MW,FR,FR,forecast_onshore_wind_generation,Wind Onshore,2026-06-13T21:03:52Z
2026-06-13T21:02:15Z,2026-06-13T23:02:15+0200,37293abf-bd75-40d9-81b7-896ff667771a,2026-06-10T19:15:00Z,2026-06-10T21:15:00+0200,4545.3999,MW,FR,FR,forecast_onshore_wind_generation,Wind Onshore,2026-06-13T21:03:52Z
2026-06-13T21:02:15Z,2026-06-13T23:02:15+0200,37293abf-bd75-40d9-81b7-896ff667771a,2026-06-10T19:30:00Z,2026-06-10T21:30:00+0200,4449.1499,MW,FR,FR,forecast_onshore_wind_generation,Wind Onshore,2026-06-13T21:03:52Z
2026-06-13T21:02:15Z,2026-06-13T23:02:15+0200,37293abf-bd75-40d9-81b7-896ff667771a,2026-06-10T19:45:00Z,2026-06-10T21:45:00+0200,4352.74023,MW,FR,FR,forecast_onshore_wind_generation,Wind Onshore,2026-06-13T21:03:52Z
2026-06-13T21:02:15Z,2026-06-13T23:02:15+0200,37293abf-bd75-40d9-81b7-896ff667771a,2026-06-10T20:00:00Z,2026-06-10T22:00:00+0200,4256.33008,MW,FR,FR,forecast_onshore_wind_generation,Wind Onshore,2026-06-13T21:03:52Z
2026-06-13T21:02:15Z,2026-06-13T23:02:15+0200,37293abf-bd75-40d9-81b7-896ff667771a,2026-06-10T20:15:00Z,2026-06-10T22:15:00+0200,4252.27002,MW,FR,FR,forecast_onshore_wind_generation,Wind Onshore,2026-06-13T21:03:52Z
2026-06-13T21:02:15Z,2026-06-13T23:02:15+0200,37293abf-bd75-40d9-81b7-896ff667771a,2026-06-10T20:30:00Z,2026-06-10T22:30:00+0200,4248.20996,MW,FR,FR,forecast_onshore_wind_generation,Wind Onshore,2026-06-13T21:03:52Z
2026-06-13T21:02:15Z,2026-06-13T23:02:15+0200,37293abf-bd75-40d9-81b7-896ff667771a,2026-06-10T20:45:00Z,2026-06-10T22:45:00+0200,4244.06006,MW,FR,FR,forecast_onshore_wind_generation,Wind Onshore,2026-06-13T21:03:52Z
2026-06-13T21:02:15Z,2026-06-13T23:02:15+0200,37293abf-bd75-40d9-81b7-896ff667771a,2026-06-10T21:00:00Z,2026-06-10T23:00:00+0200,4240.06982,MW,FR,FR,forecast_onshore_wind_generation,Wind Onshore,2026-06-13T21:03:52Z
2026-06-13T21:02:15Z,2026-06-13T23:02:15+0200,37293abf-bd75-40d9-81b7-896ff667771a,2026-06-10T21:15:00Z,2026-06-10T23:15:00+0200,4250.58008,MW,FR,FR,forecast_onshore_wind_generation,Wind Onshore,2026-06-13T21:03:52Z
2026-06-13T21:02:15Z,2026-06-13T23:02:15+0200,37293abf-bd75-40d9-81b7-896ff667771a,2026-06-10T21:30:00Z,2026-06-10T23:30:00+0200,4261.10986,MW,FR,FR,forecast_onshore_wind_generation,Wind Onshore,2026-06-13T21:03:52Z
2026-06-13T21:02:15Z,2026-06-13T23:02:15+0200,37293abf-bd75-40d9-81b7-896ff667771a,2026-06-10T21:45:00Z,2026-06-10T23:45:00+0200,4271.35986,MW,FR,FR,forecast_onshore_wind_generation,Wind Onshore,2026-06-13T21:03:52Z
2026-06-13T21:02:15Z,2026-06-13T23:02:15+0200,37293abf-bd75-40d9-81b7-896ff667771a,2026-06-10T22:00:00Z,2026-06-11T00:00:00+0200,4296.59033,MW,FR,FR,forecast_onshore_wind_generation,Wind Onshore,2026-06-13T21:03:52Z
2026-06-13T21:02:15Z,2026-06-13T23:02:15+0200,37293abf-bd75-40d9-81b7-896ff667771a,2026-06-10T22:15:00Z,2026-06-11T00:15:00+0200,4236.11963,MW,FR,FR,forecast_onshore_wind_generation,Wind Onshore,2026-06-13T21:03:52Z
2026-06-13T21:02:15Z,2026-06-13T23:02:15+0200,37293abf-bd75-40d9-81b7-896ff667771a,2026-06-10T22:30:00Z,2026-06-11T00:30:00+0200,4175.72949,MW,FR,FR,forecast_onshore_wind_generation,Wind Onshore,2026-06-13T21:03:52Z
2026-06-13T21:02:15Z,2026-06-13T23:02:15+0200,37293abf-bd75-40d9-81b7-896ff667771a,2026-06-10T22:45:00Z,2026-06-11T00:45:00+0200,2480.55029,MW,FR,FR,forecast_onshore_wind_generation,Wind Onshore,2026-06-13T21:03:52Z
2026-06-13T21:02:15Z,2026-06-13T23:02:15+0200,37293abf-bd75-40d9-81b7-896ff667771a,2026-06-10T23:00:00Z,2026-06-11T01:00:00+0200,2446.44019,MW,FR,FR,forecast_onshore_wind_generation,Wind Onshore,2026-06-13T21:03:52Z
2026-06-13T21:02:15Z,2026-06-13T23:02:15+0200,37293abf-bd75-40d9-81b7-896ff667771a,2026-06-10T23:15:00Z,2026-06-11T01:15:00+0200,4033.71631,MW,FR,FR,forecast_onshore_wind_generation,Wind Onshore,2026-06-13T21:03:52Z
2026-06-13T21:02:15Z,2026-06-13T23:02:15+0200,37293abf-bd75-40d9-81b7-896ff667771a,2026-06-10T23:30:00Z,2026-06-11T01:30:00+0200,4014.91968,MW,FR,FR,forecast_onshore_wind_generation,Wind Onshore,2026-06-13T21:03:52Z
2026-06-13T21:02:15Z,2026-06-13T23:02:15+0200,37293abf-bd75-40d9-81b7-896ff667771a,2026-06-10T23:45:00Z,2026-06-11T01:45:00+0200,3995.89014,MW,FR,FR,forecast_onshore_wind_generation,Wind Onshore,2026-06-13T21:03:52Z
2026-06-13T21:02:15Z,2026-06-13T23:02:15+0200,37293abf-bd75-40d9-81b7-896ff667771a,2026-06-11T00:00:00Z,2026-06-11T02:00:00+0200,3976.8501,MW,FR,FR,forecast_onshore_wind_generation,Wind Onshore,2026-06-13T21:03:52Z
2026-06-13T21:02:15Z,2026-06-13T23:02:15+0200,37293abf-bd75-40d9-81b7-896ff667771a,2026-06-11T00:15:00Z,2026-06-11T02:15:00+0200,3936.41992,MW,FR,FR,forecast_onshore_wind_generation,Wind Onshore,2026-06-13T21:03:52Z
2026-06-13T21:02:15Z,2026-06-13T23:02:15+0200,37293abf-bd75-40d9-81b7-896ff667771a,2026-06-11T00:30:00Z,2026-06-11T02:30:00+0200,3896.08008,MW,FR,FR,forecast_onshore_wind_generation,Wind Onshore,2026-06-13T21:03:52Z
2026-06-13T21:02:15Z,2026-06-13T23:02:15+0200,37293abf-bd75-40d9-81b7-896ff667771a,2026-06-11T00:45:00Z,2026-06-11T02:45:00+0200,3855.73999,MW,FR,FR,forecast_onshore_wind_generation,Wind Onshore,2026-06-13T21:03:52Z
2026-06-13T21:02:15Z,2026-06-13T23:02:15+0200,37293abf-bd75-40d9-81b7-896ff667771a,2026-06-11T01:00:00Z,2026-06-11T03:00:00+0200,3815.3999,MW,FR,FR,forecast_onshore_wind_generation,Wind Onshore,2026-06-13T21:03:52Z
2026-06-13T21:02:15Z,2026-06-13T23:02:15+0200,37293abf-bd75-40d9-81b7-896ff667771a,2026-06-11T01:15:00Z,2026-06-11T03:15:00+0200,3758.25,MW,FR,FR,forecast_onshore_wind_generation,Wind Onshore,2026-06-13T21:03:52Z
2026-06-13T21:02:15Z,2026-06-13T23:02:15+0200,37293abf-bd75-40d9-81b7-896ff667771a,2026-06-11T01:30:00Z,2026-06-11T03:30:00+0200,3701.10986,MW,FR,FR,forecast_onshore_wind_generation,Wind Onshore,2026-06-13T21:03:52Z
2026-06-13T21:02:15Z,2026-06-13T23:02:15+0200,37293abf-bd75-40d9-81b7-896ff667771a,2026-06-11T01:45:00Z,2026-06-11T03:45:00+0200,3644.18018,MW,FR,FR,forecast_onshore_wind_generation,Wind Onshore,2026-06-13T21:03:52Z
2026-06-13T21:02:15Z,2026-06-13T23:02:15+0200,37293abf-bd75-40d9-81b7-896ff667771a,2026-06-11T02:00:00Z,2026-06-11T04:00:00+0200,3587.35986,MW,FR,FR,forecast_onshore_wind_generation,Wind Onshore,2026-06-13T21:03:52Z
2026-06-13T21:02:15Z,2026-06-13T23:02:15+0200,37293abf-bd75-40d9-81b7-896ff667771a,2026-06-11T02:15:00Z,2026-06-11T04:15:00+0200,3565.85986,MW,FR,FR,forecast_onshore_wind_generation,Wind Onshore,2026-06-13T21:03:52Z
2026-06-13T21:02:15Z,2026-06-13T23:02:15+0200,37293abf-bd75-40d9-81b7-896ff667771a,2026-06-11T02:30:00Z,2026-06-11T04:30:00+0200,3544.35986,MW,FR,FR,forecast_onshore_wind_generation,Wind Onshore,2026-06-13T21:03:52Z
2026-06-13T21:02:15Z,2026-06-13T23:02:15+0200,37293abf-bd75-40d9-81b7-896ff667771a,2026-06-11T02:45:00Z,2026-06-11T04:45:00+0200,3522.73999,MW,FR,FR,forecast_onshore_wind_generation,Wind Onshore,2026-06-13T21:03:52Z
2026-06-13T21:02:15Z,2026-06-13T23:02:15+0200,37293abf-bd75-40d9-81b7-896ff667771a,2026-06-11T03:00:00Z,2026-06-11T05:00:00+0200,3501.13013,MW,FR,FR,forecast_onshore_wind_generation,Wind Onshore,2026-06-13T21:03:52Z
2026-06-13T21:02:15Z,2026-06-13T23:02:15+0200,37293abf-bd75-40d9-81b7-896ff667771a,2026-06-11T03:15:00Z,2026-06-11T05:15:00+0200,3459.55981,MW,FR,FR,forecast_onshore_wind_generation,Wind Onshore,2026-06-13T21:03:52Z
2026-06-13T21:02:15Z,2026-06-13T23:02:15+0200,37293abf-bd75-40d9-81b7-896ff667771a,2026-06-11T03:30:00Z,2026-06-11T05:30:00+0200,3418.02002,MW,FR,FR,forecast_onshore_wind_generation,Wind Onshore,2026-06-13T21:03:52Z
2026-06-13T21:02:15Z,2026-06-13T23:02:15+0200,37293abf-bd75-40d9-81b7-896ff667771a,2026-06-11T03:45:00Z,2026-06-11T05:45:00+0200,3376.58008,MW,FR,FR,forecast_onshore_wind_generation,Wind Onshore,2026-06-13T21:03:52Z
2026-06-13T21:02:15Z,2026-06-13T23:02:15+0200,37293abf-bd75-40d9-81b7-896ff667771a,2026-06-11T04:00:00Z,2026-06-11T06:00:00+0200,3335.22998,MW,FR,FR,forecast_onshore_wind_generation,Wind Onshore,2026-06-13T21:03:52Z
2026-06-13T21:02:15Z,2026-06-13T23:02:15+0200,37293abf-bd75-40d9-81b7-896ff667771a,2026-06-11T04:15:00Z,2026-06-11T06:15:00+0200,3247.68018,MW,FR,FR,forecast_onshore_wind_generation,Wind Onshore,2026-06-13T21:03:52Z
2026-06-13T21:02:15Z,2026-06-13T23:02:15+0200,37293abf-bd75-40d9-81b7-896ff667771a,2026-06-11T04:30:00Z,2026-06-11T06:30:00+0200,3160.12988,MW,FR,FR,forecast_onshore_wind_generation,Wind Onshore,2026-06-13T21:03:52Z
2026-06-13T21:02:15Z,2026-06-13T23:02:15+0200,37293abf-bd75-40d9-81b7-896ff667771a,2026-06-11T04:45:00Z,2026-06-11T06:45:00+0200,3072.16992,MW,FR,FR,forecast_onshore_wind_generation,Wind Onshore,2026-06-13T21:03:52Z
2026-06-13T21:02:15Z,2026-06-13T23:02:15+0200,37293abf-bd75-40d9-81b7-896ff667771a,2026-06-11T05:00:00Z,2026-06-11T07:00:00+0200,2984.25,MW,FR,FR,forecast_onshore_wind_generation,Wind Onshore,2026-06-13T21:03:52Z
2026-06-13T21:02:15Z,2026-06-13T23:02:15+0200,37293abf-bd75-40d9-81b7-896ff667771a,2026-06-11T05:15:00Z,2026-06-11T07:15:00+0200,2817.93994,MW,FR,FR,forecast_onshore_wind_generation,Wind Onshore,2026-06-13T21:03:52Z
2026-06-13T21:02:15Z,2026-06-13T23:02:15+0200,37293abf-bd75-40d9-81b7-896ff667771a,2026-06-11T05:30:00Z,2026-06-11T07:30:00+0200,2651.71997,MW,FR,FR,forecast_onshore_wind_generation,Wind Onshore,2026-06-13T21:03:52Z
2026-06-13T21:02:15Z,2026-06-13T23:02:15+0200,37293abf-bd75-40d9-81b7-896ff667771a,2026-06-11T05:45:00Z,2026-06-11T07:45:00+0200,2485.40015,MW,FR,FR,forecast_onshore_wind_generation,Wind Onshore,2026-06-13T21:03:52Z
2026-06-13T21:02:15Z,2026-06-13T23:02:15+0200,37293abf-bd75-40d9-81b7-896ff667771a,2026-06-11T06:00:00Z,2026-06-11T08:00:00+0200,2319.27979,MW,FR,FR,forecast_onshore_wind_generation,Wind Onshore,2026-06-13T21:03:52Z
2026-06-13T21:02:15Z,2026-06-13T23:02:15+0200,37293abf-bd75-40d9-81b7-896ff667771a,2026-06-11T06:15:00Z,2026-06-11T08:15:00+0200,2308.33984,MW,FR,FR,forecast_onshore_wind_generation,Wind Onshore,2026-06-13T21:03:52Z
2026-06-13T21:02:15Z,2026-06-13T23:02:15+0200,37293abf-bd75-40d9-81b7-896ff667771a,2026-06-11T06:30:00Z,2026-06-11T08:30:00+0200,2297.66992,MW,FR,FR,forecast_onshore_wind_generation,Wind Onshore,2026-06-13T21:03:52Z
2026-06-13T21:02:15Z,2026-06-13T23:02:15+0200,37293abf-bd75-40d9-81b7-896ff667771a,2026-06-11T06:45:00Z,2026-06-11T08:45:00+0200,2287.06006,MW,FR,FR,forecast_onshore_wind_generation,Wind Onshore,2026-06-13T21:03:52Z
2026-06-13T21:02:15Z,2026-06-13T23:02:15+0200,37293abf-bd75-40d9-81b7-896ff667771a,2026-06-11T07:00:00Z,2026-06-11T09:00:00+0200,2276.95996,MW,FR,FR,forecast_onshore_wind_generation,Wind Onshore,2026-06-13T21:03:52Z
2026-06-13T21:02:15Z,2026-06-13T23:02:15+0200,37293abf-bd75-40d9-81b7-896ff667771a,2026-06-11T07:15:00Z,2026-06-11T09:15:00+0200,2409.64014,MW,FR,FR,forecast_onshore_wind_generation,Wind Onshore,2026-06-13T21:03:52Z
2026-06-13T21:02:15Z,2026-06-13T23:02:15+0200,37293abf-bd75-40d9-81b7-896ff667771a,2026-06-11T07:30:00Z,2026-06-11T09:30:00+0200,2543.46997,MW,FR,FR,forecast_onshore_wind_generation,Wind Onshore,2026-06-13T21:03:52Z
2026-06-13T21:02:15Z,2026-06-13T23:02:15+0200,37293abf-bd75-40d9-81b7-896ff667771a,2026-06-11T07:45:00Z,2026-06-11T09:45:00+0200,2677.58008,MW,FR,FR,forecast_onshore_wind_generation,Wind Onshore,2026-06-13T21:03:52Z
2026-06-13T21:02:15Z,2026-06-13T23:02:15+0200,37293abf-bd75-40d9-81b7-896ff667771a,2026-06-11T08:00:00Z,2026-06-11T10:00:00+0200,2811.84985,MW,FR,FR,forecast_onshore_wind_generation,Wind Onshore,2026-06-13T21:03:52Z
2026-06-13T21:02:15Z,2026-06-13T23:02:15+0200,37293abf-bd75-40d9-81b7-896ff667771a,2026-06-11T08:15:00Z,2026-06-11T10:15:00+0200,2936.8501,MW,FR,FR,forecast_onshore_wind_generation,Wind Onshore,2026-06-13T21:03:52Z
2026-06-13T21:02:15Z,2026-06-13T23:02:15+0200,37293abf-bd75-40d9-81b7-896ff667771a,2026-06-11T08:30:00Z,2026-06-11T10:30:00+0200,3062.16089,MW,FR,FR,forecast_onshore_wind_generation,Wind Onshore,2026-06-13T21:03:52Z
2026-06-13T21:02:15Z,2026-06-13T23:02:15+0200,37293abf-bd75-40d9-81b7-896ff667771a,2026-06-11T08:45:00Z,2026-06-11T10:45:00+0200,1910.7605,MW,FR,FR,forecast_onshore_wind_generation,Wind Onshore,2026-06-13T21:03:52Z
2026-06-13T21:02:15Z,2026-06-13T23:02:15+0200,37293abf-bd75-40d9-81b7-896ff667771a,2026-06-11T09:00:00Z,2026-06-11T11:00:00+0200,1988.57959,MW,FR,FR,forecast_onshore_wind_generation,Wind Onshore,2026-06-13T21:03:52Z
2026-06-13T21:02:15Z,2026-06-13T23:02:15+0200,37293abf-bd75-40d9-81b7-896ff667771a,2026-06-11T09:15:00Z,2026-06-11T11:15:00+0200,2086.64917,MW,FR,FR,forecast_onshore_wind_generation,Wind Onshore,2026-06-13T21:03:52Z
2026-06-13T21:02:15Z,2026-06-13T23:02:15+0200,37293abf-bd75-40d9-81b7-896ff667771a,2026-06-11T09:30:00Z,2026-06-11T11:30:00+0200,2184.26953,MW,FR,FR,forecast_onshore_wind_generation,Wind Onshore,2026-06-13T21:03:52Z
2026-06-13T21:02:15Z,2026-06-13T23:02:15+0200,37293abf-bd75-40d9-81b7-896ff667771a,2026-06-11T09:45:00Z,2026-06-11T11:45:00+0200,2282.25928,MW,FR,FR,forecast_onshore_wind_generation,Wind Onshore,2026-06-13T21:03:52Z
2026-06-13T21:02:15Z,2026-06-13T23:02:15+0200,37293abf-bd75-40d9-81b7-896ff667771a,2026-06-11T10:00:00Z,2026-06-11T12:00:00+0200,2380.33008,MW,FR,FR,forecast_onshore_wind_generation,Wind Onshore,2026-06-13T21:03:52Z
2026-06-13T21:02:15Z,2026-06-13T23:02:15+0200,37293abf-bd75-40d9-81b7-896ff667771a,2026-06-11T10:15:00Z,2026-06-11T12:15:00+0200,2486.31152,MW,FR,FR,forecast_onshore_wind_generation,Wind Onshore,2026-06-13T21:03:52Z
2026-06-13T21:02:15Z,2026-06-13T23:02:15+0200,37293abf-bd75-40d9-81b7-896ff667771a,2026-06-11T10:30:00Z,2026-06-11T12:30:00+0200,2592.21997,MW,FR,FR,forecast_onshore_wind_generation,Wind Onshore,2026-06-13T21:03:52Z
2026-06-13T21:02:15Z,2026-06-13T23:02:15+0200,37293abf-bd75-40d9-81b7-896ff667771a,2026-06-11T10:45:00Z,2026-06-11T12:45:00+0200,2698.05151,MW,FR,FR,forecast_onshore_wind_generation,Wind Onshore,2026-06-13T21:03:52Z
2026-06-13T21:02:15Z,2026-06-13T23:02:15+0200,37293abf-bd75-40d9-81b7-896ff667771a,2026-06-11T11:00:00Z,2026-06-11T13:00:00+0200,2804.05151,MW,FR,FR,forecast_onshore_wind_generation,Wind Onshore,2026-06-13T21:03:52Z
2026-06-13T21:02:15Z,2026-06-13T23:02:15+0200,37293abf-bd75-40d9-81b7-896ff667771a,2026-06-11T11:15:00Z,2026-06-11T13:15:00+0200,2874.53052,MW,FR,FR,forecast_onshore_wind_generation,Wind Onshore,2026-06-13T21:03:52Z
2026-06-13T21:02:15Z,2026-06-13T23:02:15+0200,37293abf-bd75-40d9-81b7-896ff667771a,2026-06-11T11:30:00Z,2026-06-11T13:30:00+0200,2945.06909,MW,FR,FR,forecast_onshore_wind_generation,Wind Onshore,2026-06-13T21:03:52Z
2026-06-13T21:02:15Z,2026-06-13T23:02:15+0200,37293abf-bd75-40d9-81b7-896ff667771a,2026-06-11T11:45:00Z,2026-06-11T13:45:00+0200,3015.66064,MW,FR,FR,forecast_onshore_wind_generation,Wind Onshore,2026-06-13T21:03:52Z
2026-06-13T21:02:15Z,2026-06-13T23:02:15+0200,37293abf-bd75-40d9-81b7-896ff667771a,2026-06-11T12:00:00Z,2026-06-11T14:00:00+0200,3086.52881,MW,FR,FR,forecast_onshore_wind_generation,Wind Onshore,2026-06-13T21:03:52Z
2026-06-13T21:02:15Z,2026-06-13T23:02:15+0200,37293abf-bd75-40d9-81b7-896ff667771a,2026-06-11T12:15:00Z,2026-06-11T14:15:00+0200,3147.03149,MW,FR,FR,forecast_onshore_wind_generation,Wind Onshore,2026-06-13T21:03:52Z
2026-06-13T21:02:15Z,2026-06-13T23:02:15+0200,37293abf-bd75-40d9-81b7-896ff667771a,2026-06-11T12:30:00Z,2026-06-11T14:30:00+0200,3207.34937,MW,FR,FR,forecast_onshore_wind_generation,Wind Onshore,2026-06-13T21:03:52Z
2026-06-13T21:02:15Z,2026-06-13T23:02:15+0200,37293abf-bd75-40d9-81b7-896ff667771a,2026-06-11T12:45:00Z,2026-06-11T14:45:00+0200,3268.28125,MW,FR,FR,forecast_onshore_wind_generation,Wind Onshore,2026-06-13T21:03:52Z
2026-06-13T21:02:15Z,2026-06-13T23:02:15+0200,37293abf-bd75-40d9-81b7-896ff667771a,2026-06-11T13:00:00Z,2026-06-11T15:00:00+0200,3328.48071,MW,FR,FR,forecast_onshore_wind_generation,Wind Onshore,2026-06-13T21:03:52Z
2026-06-13T21:02:15Z,2026-06-13T23:02:15+0200,37293abf-bd75-40d9-81b7-896ff667771a,2026-06-11T13:15:00Z,2026-06-11T15:15:00+0200,3330.7085,MW,FR,FR,forecast_onshore_wind_generation,Wind Onshore,2026-06-13T21:03:52Z
2026-06-13T21:02:15Z,2026-06-13T23:02:15+0200,37293abf-bd75-40d9-81b7-896ff667771a,2026-06-11T13:30:00Z,2026-06-11T15:30:00+0200,3333.24072,MW,FR,FR,forecast_onshore_wind_generation,Wind Onshore,2026-06-13T21:03:52Z
2026-06-13T21:02:15Z,2026-06-13T23:02:15+0200,37293abf-bd75-40d9-81b7-896ff667771a,2026-06-11T13:45:00Z,2026-06-11T15:45:00+0200,3335.50928,MW,FR,FR,forecast_onshore_wind_generation,Wind Onshore,2026-06-13T21:03:52Z
2026-06-13T21:02:15Z,2026-06-13T23:02:15+0200,37293abf-bd75-40d9-81b7-896ff667771a,2026-06-11T14:00:00Z,2026-06-11T16:00:00+0200,3338.18262,MW,FR,FR,forecast_onshore_wind_generation,Wind Onshore,2026-06-13T21:03:52Z
2026-06-13T21:02:15Z,2026-06-13T23:02:15+0200,37293abf-bd75-40d9-81b7-896ff667771a,2026-06-11T14:15:00Z,2026-06-11T16:15:00+0200,3310.17822,MW,FR,FR,forecast_onshore_wind_generation,Wind Onshore,2026-06-13T21:03:52Z
2026-06-13T21:02:15Z,2026-06-13T23:02:15+0200,37293abf-bd75-40d9-81b7-896ff667771a,2026-06-11T14:30:00Z,2026-06-11T16:30:00+0200,3282.12036,MW,FR,FR,forecast_onshore_wind_generation,Wind Onshore,2026-06-13T21:03:52Z
2026-06-13T21:02:15Z,2026-06-13T23:02:15+0200,37293abf-bd75-40d9-81b7-896ff667771a,2026-06-11T14:45:00Z,2026-06-11T16:45:00+0200,3254.38257,MW,FR,FR,forecast_onshore_wind_generation,Wind Onshore,2026-06-13T21:03:52Z
2026-06-13T21:02:15Z,2026-06-13T23:02:15+0200,37293abf-bd75-40d9-81b7-896ff667771a,2026-06-11T15:00:00Z,2026-06-11T17:00:00+0200,3226.35083,MW,FR,FR,forecast_onshore_wind_generation,Wind Onshore,2026-06-13T21:03:52Z
2026-06-13T21:02:15Z,2026-06-13T23:02:15+0200,37293abf-bd75-40d9-81b7-896ff667771a,2026-06-11T15:15:00Z,2026-06-11T17:15:00+0200,5313.11377,MW,FR,FR,forecast_onshore_wind_generation,Wind Onshore,2026-06-13T21:03:52Z
2026-06-13T21:02:15Z,2026-06-13T23:02:15+0200,37293abf-bd75-40d9-81b7-896ff667771a,2026-06-11T15:30:00Z,2026-06-11T17:30:00+0200,5237.66016,MW,FR,FR,forecast_onshore_wind_generation,Wind Onshore,2026-06-13T21:03:52Z
2026-06-13T21:02:15Z,2026-06-13T23:02:15+0200,37293abf-bd75-40d9-81b7-896ff667771a,2026-06-11T15:45:00Z,2026-06-11T17:45:00+0200,5162.35986,MW,FR,FR,forecast_onshore_wind_generation,Wind Onshore,2026-06-13T21:03:52Z
2026-06-13T21:02:15Z,2026-06-13T23:02:15+0200,37293abf-bd75-40d9-81b7-896ff667771a,2026-06-11T16:00:00Z,2026-06-11T18:00:00+0200,5087.05957,MW,FR,FR,forecast_onshore_wind_generation,Wind Onshore,2026-06-13T21:03:52Z
2026-06-13T21:02:15Z,2026-06-13T23:02:15+0200,37293abf-bd75-40d9-81b7-896ff667771a,2026-06-11T16:15:00Z,2026-06-11T18:15:00+0200,5093.54004,MW,FR,FR,forecast_onshore_wind_generation,Wind Onshore,2026-06-13T21:03:52Z
2026-06-13T21:02:15Z,2026-06-13T23:02:15+0200,37293abf-bd75-40d9-81b7-896ff667771a,2026-06-11T16:30:00Z,2026-06-11T18:30:00+0200,5100.00977,MW,FR,FR,forecast_onshore_wind_generation,Wind Onshore,2026-06-13T21:03:52Z
2026-06-13T21:02:15Z,2026-06-13T23:02:15+0200,37293abf-bd75-40d9-81b7-896ff667771a,2026-06-11T16:45:00Z,2026-06-11T18:45:00+0200,5106.66016,MW,FR,FR,forecast_onshore_wind_generation,Wind Onshore,2026-06-13T21:03:52Z
2026-06-13T21:02:15Z,2026-06-13T23:02:15+0200,37293abf-bd75-40d9-81b7-896ff667771a,2026-06-11T17:00:00Z,2026-06-11T19:00:00+0200,5113.30957,MW,FR,FR,forecast_onshore_wind_generation,Wind Onshore,2026-06-13T21:03:52Z
2026-06-13T21:02:15Z,2026-06-13T23:02:15+0200,37293abf-bd75-40d9-81b7-896ff667771a,2026-06-11T17:15:00Z,2026-06-11T19:15:00+0200,5235.77002,MW,FR,FR,forecast_onshore_wind_generation,Wind Onshore,2026-06-13T21:03:52Z
2026-06-13T21:02:15Z,2026-06-13T23:02:15+0200,37293abf-bd75-40d9-81b7-896ff667771a,2026-06-11T17:30:00Z,2026-06-11T19:30:00+0200,5358.21973,MW,FR,FR,forecast_onshore_wind_generation,Wind Onshore,2026-06-13T21:03:52Z
2026-06-13T21:02:15Z,2026-06-13T23:02:15+0200,37293abf-bd75-40d9-81b7-896ff667771a,2026-06-11T17:45:00Z,2026-06-11T19:45:00+0200,5481.02979,MW,FR,FR,forecast_onshore_wind_generation,Wind Onshore,2026-06-13T21:03:52Z
2026-06-13T21:02:15Z,2026-06-13T23:02:15+0200,37293abf-bd75-40d9-81b7-896ff667771a,2026-06-11T18:00:00Z,2026-06-11T20:00:00+0200,5603.84033,MW,FR,FR,forecast_onshore_wind_generation,Wind Onshore,2026-06-13T21:03:52Z
2026-06-13T21:02:15Z,2026-06-13T23:02:15+0200,37293abf-bd75-40d9-81b7-896ff667771a,2026-06-11T18:15:00Z,2026-06-11T20:15:00+0200,5790.0,MW,FR,FR,forecast_onshore_wind_generation,Wind Onshore,2026-06-13T21:03:52Z
2026-06-13T21:02:15Z,2026-06-13T23:02:15+0200,37293abf-bd75-40d9-81b7-896ff667771a,2026-06-11T18:30:00Z,2026-06-11T20:30:00+0200,5976.12988,MW,FR,FR,forecast_onshore_wind_generation,Wind Onshore,2026-06-13T21:03:52Z
2026-06-13T21:02:15Z,2026-06-13T23:02:15+0200,37293abf-bd75-40d9-81b7-896ff667771a,2026-06-11T18:45:00Z,2026-06-11T20:45:00+0200,6162.19971,MW,FR,FR,forecast_onshore_wind_generation,Wind Onshore,2026-06-13T21:03:52Z
2026-06-13T21:02:15Z,2026-06-13T23:02:15+0200,37293abf-bd75-40d9-81b7-896ff667771a,2026-06-11T19:00:00Z,2026-06-11T21:00:00+0200,6348.27979,MW,FR,FR,forecast_onshore_wind_generation,Wind Onshore,2026-06-13T21:03:52Z
2026-06-13T21:02:15Z,2026-06-13T23:02:15+0200,37293abf-bd75-40d9-81b7-896ff667771a,2026-06-11T19:15:00Z,2026-06-11T21:15:00+0200,6591.72998,MW,FR,FR,forecast_onshore_wind_generation,Wind Onshore,2026-06-13T21:03:52Z
2026-06-13T21:02:15Z,2026-06-13T23:02:15+0200,37293abf-bd75-40d9-81b7-896ff667771a,2026-06-11T19:30:00Z,2026-06-11T21:30:00+0200,6835.1499,MW,FR,FR,forecast_onshore_wind_generation,Wind Onshore,2026-06-13T21:03:52Z
2026-06-13T21:02:15Z,2026-06-13T23:02:15+0200,37293abf-bd75-40d9-81b7-896ff667771a,2026-06-11T19:45:00Z,2026-06-11T21:45:00+0200,7078.41016,MW,FR,FR,forecast_onshore_wind_generation,Wind Onshore,2026-06-13T21:03:52Z
2026-06-13T21:02:15Z,2026-06-13T23:02:15+0200,37293abf-bd75-40d9-81b7-896ff667771a,2026-06-11T20:00:00Z,2026-06-11T22:00:00+0200,7321.68994,MW,FR,FR,forecast_onshore_wind_generation,Wind Onshore,2026-06-13T21:03:52Z
2026-06-13T21:02:15Z,2026-06-13T23:02:15+0200,37293abf-bd75-40d9-81b7-896ff667771a,2026-06-11T20:15:00Z,2026-06-11T22:15:00+0200,7451.66016,MW,FR,FR,forecast_onshore_wind_generation,Wind Onshore,2026-06-13T21:03:52Z
2026-06-13T21:02:15Z,2026-06-13T23:02:15+0200,37293abf-bd75-40d9-81b7-896ff667771a,2026-06-11T20:30:00Z,2026-06-11T22:30:00+0200,7581.65039,MW,FR,FR,forecast_onshore_wind_generation,Wind Onshore,2026-06-13T21:03:52Z
2026-06-13T21:02:15Z,2026-06-13T23:02:15+0200,37293abf-bd75-40d9-81b7-896ff667771a,2026-06-11T20:45:00Z,2026-06-11T22:45:00+0200,7711.17969,MW,FR,FR,forecast_onshore_wind_generation,Wind Onshore,2026-06-13T21:03:52Z
2026-06-13T21:02:15Z,2026-06-13T23:02:15+0200,37293abf-bd75-40d9-81b7-896ff667771a,2026-06-11T21:00:00Z,2026-06-11T23:00:00+0200,7840.72021,MW,FR,FR,forecast_onshore_wind_generation,Wind Onshore,2026-06-13T21:03:52Z
2026-06-13T21:02:15Z,2026-06-13T23:02:15+0200,37293abf-bd75-40d9-81b7-896ff667771a,2026-06-11T21:15:00Z,2026-06-11T23:15:00+0200,7911.14014,MW,FR,FR,forecast_onshore_wind_generation,Wind Onshore,2026-06-13T21:03:52Z
2026-06-13T21:02:15Z,2026-06-13T23:02:15+0200,37293abf-bd75-40d9-81b7-896ff667771a,2026-06-11T21:30:00Z,2026-06-11T23:30:00+0200,7981.55957,MW,FR,FR,forecast_onshore_wind_generation,Wind Onshore,2026-06-13T21:03:52Z
2026-06-13T21:02:15Z,2026-06-13T23:02:15+0200,37293abf-bd75-40d9-81b7-896ff667771a,2026-06-11T21:45:00Z,2026-06-11T23:45:00+0200,8051.73975,MW,FR,FR,forecast_onshore_wind_generation,Wind Onshore,2026-06-13T21:03:52Z
2026-06-13T21:02:15Z,2026-06-13T23:02:15+0200,37293abf-bd75-40d9-81b7-896ff667771a,2026-06-11T22:00:00Z,2026-06-12T00:00:00+0200,8566.66992,MW,FR,FR,forecast_onshore_wind_generation,Wind Onshore,2026-06-13T21:03:52Z
2026-06-13T21:02:15Z,2026-06-13T23:02:15+0200,37293abf-bd75-40d9-81b7-896ff667771a,2026-06-11T22:15:00Z,2026-06-12T00:15:00+0200,8565.2002,MW,FR,FR,forecast_onshore_wind_generation,Wind Onshore,2026-06-13T21:03:52Z
2026-06-13T21:02:15Z,2026-06-13T23:02:15+0200,37293abf-bd75-40d9-81b7-896ff667771a,2026-06-11T22:30:00Z,2026-06-12T00:30:00+0200,8563.75977,MW,FR,FR,forecast_onshore_wind_generation,Wind Onshore,2026-06-13T21:03:52Z
2026-06-13T21:02:15Z,2026-06-13T23:02:15+0200,37293abf-bd75-40d9-81b7-896ff667771a,2026-06-11T22:45:00Z,2026-06-12T00:45:00+0200,8560.12988,MW,FR,FR,forecast_onshore_wind_generation,Wind Onshore,2026-06-13T21:03:52Z
2026-06-13T21:02:15Z,2026-06-13T23:02:15+0200,37293abf-bd75-40d9-81b7-896ff667771a,2026-06-11T23:00:00Z,2026-06-12T01:00:00+0200,8556.50977,MW,FR,FR,forecast_onshore_wind_generation,Wind Onshore,2026-06-13T21:03:52Z
2026-06-13T21:02:15Z,2026-06-13T23:02:15+0200,37293abf-bd75-40d9-81b7-896ff667771a,2026-06-11T23:15:00Z,2026-06-12T01:15:00+0200,8530.58984,MW,FR,FR,forecast_onshore_wind_generation,Wind Onshore,2026-06-13T21:03:52Z
2026-06-13T21:02:15Z,2026-06-13T23:02:15+0200,37293abf-bd75-40d9-81b7-896ff667771a,2026-06-11T23:30:00Z,2026-06-12T01:30:00+0200,8504.66016,MW,FR,FR,forecast_onshore_wind_generation,Wind Onshore,2026-06-13T21:03:52Z
2026-06-13T21:02:15Z,2026-06-13T23:02:15+0200,37293abf-bd75-40d9-81b7-896ff667771a,2026-06-11T23:45:00Z,2026-06-12T01:45:00+0200,8478.26953,MW,FR,FR,forecast_onshore_wind_generation,Wind Onshore,2026-06-13T21:03:52Z
2026-06-13T21:02:15Z,2026-06-13T23:02:15+0200,37293abf-bd75-40d9-81b7-896ff667771a,2026-06-12T00:00:00Z,2026-06-12T02:00:00+0200,8451.84961,MW,FR,FR,forecast_onshore_wind_generation,Wind Onshore,2026-06-13T21:03:52Z
2026-06-13T21:02:15Z,2026-06-13T23:02:15+0200,37293abf-bd75-40d9-81b7-896ff667771a,2026-06-12T00:15:00Z,2026-06-12T02:15:00+0200,8404.16016,MW,FR,FR,forecast_onshore_wind_generation,Wind Onshore,2026-06-13T21:03:52Z
2026-06-13T21:02:15Z,2026-06-13T23:02:15+0200,37293abf-bd75-40d9-81b7-896ff667771a,2026-06-12T00:30:00Z,2026-06-12T02:30:00+0200,8356.45996,MW,FR,FR,forecast_onshore_wind_generation,Wind Onshore,2026-06-13T21:03:52Z
2026-06-13T21:02:15Z,2026-06-13T23:02:15+0200,37293abf-bd75-40d9-81b7-896ff667771a,2026-06-12T00:45:00Z,2026-06-12T02:45:00+0200,8308.90039,MW,FR,FR,forecast_onshore_wind_generation,Wind Onshore,2026-06-13T21:03:52Z
2026-06-13T21:02:15Z,2026-06-13T23:02:15+0200,37293abf-bd75-40d9-81b7-896ff667771a,2026-06-12T01:00:00Z,2026-06-12T03:00:00+0200,8261.33008,MW,FR,FR,forecast_onshore_wind_generation,Wind Onshore,2026-06-13T21:03:52Z
2026-06-13T21:02:15Z,2026-06-13T23:02:15+0200,37293abf-bd75-40d9-81b7-896ff667771a,2026-06-12T01:15:00Z,2026-06-12T03:15:00+0200,8226.2998,MW,FR,FR,forecast_onshore_wind_generation,Wind Onshore,2026-06-13T21:03:52Z
2026-06-13T21:02:15Z,2026-06-13T23:02:15+0200,37293abf-bd75-40d9-81b7-896ff667771a,2026-06-12T01:30:00Z,2026-06-12T03:30:00+0200,8191.27979,MW,FR,FR,forecast_onshore_wind_generation,Wind Onshore,2026-06-13T21:03:52Z
2026-06-13T21:02:15Z,2026-06-13T23:02:15+0200,37293abf-bd75-40d9-81b7-896ff667771a,2026-06-12T01:45:00Z,2026-06-12T03:45:00+0200,8155.90039,MW,FR,FR,forecast_onshore_wind_generation,Wind Onshore,2026-06-13T21:03:52Z
2026-06-13T21:02:15Z,2026-06-13T23:02:15+0200,37293abf-bd75-40d9-81b7-896ff667771a,2026-06-12T02:00:00Z,2026-06-12T04:00:00+0200,8120.51953,MW,FR,FR,forecast_onshore_wind_generation,Wind Onshore,2026-06-13T21:03:52Z
2026-06-13T21:02:15Z,2026-06-13T23:02:15+0200,37293abf-bd75-40d9-81b7-896ff667771a,2026-06-12T02:15:00Z,2026-06-12T04:15:00+0200,8067.12012,MW,FR,FR,forecast_onshore_wind_generation,Wind Onshore,2026-06-13T21:03:52Z
2026-06-13T21:02:15Z,2026-06-13T23:02:15+0200,37293abf-bd75-40d9-81b7-896ff667771a,2026-06-12T02:30:00Z,2026-06-12T04:30:00+0200,8013.74023,MW,FR,FR,forecast_onshore_wind_generation,Wind Onshore,2026-06-13T21:03:52Z
2026-06-13T21:02:15Z,2026-06-13T23:02:15+0200,37293abf-bd75-40d9-81b7-896ff667771a,2026-06-12T02:45:00Z,2026-06-12T04:45:00+0200,7960.32031,MW,FR,FR,forecast_onshore_wind_generation,Wind Onshore,2026-06-13T21:03:52Z
2026-06-13T21:02:15Z,2026-06-13T23:02:15+0200,37293abf-bd75-40d9-81b7-896ff667771a,2026-06-12T03:00:00Z,2026-06-12T05:00:00+0200,7906.8999,MW,FR,FR,forecast_onshore_wind_generation,Wind Onshore,2026-06-13T21:03:52Z
2026-06-13T21:02:15Z,2026-06-13T23:02:15+0200,37293abf-bd75-40d9-81b7-896ff667771a,2026-06-12T03:15:00Z,2026-06-12T05:15:00+0200,7867.75,MW,FR,FR,forecast_onshore_wind_generation,Wind Onshore,2026-06-13T21:03:52Z
2026-06-13T21:02:15Z,2026-06-13T23:02:15+0200,37293abf-bd75-40d9-81b7-896ff667771a,2026-06-12T03:30:00Z,2026-06-12T05:30:00+0200,7828.62988,MW,FR,FR,forecast_onshore_wind_generation,Wind Onshore,2026-06-13T21:03:52Z
2026-06-13T21:02:15Z,2026-06-13T23:02:15+0200,37293abf-bd75-40d9-81b7-896ff667771a,2026-06-12T03:45:00Z,2026-06-12T05:45:00+0200,7789.33984,MW,FR,FR,forecast_onshore_wind_generation,Wind Onshore,2026-06-13T21:03:52Z
2026-06-13T21:02:15Z,2026-06-13T23:02:15+0200,37293abf-bd75-40d9-81b7-896ff667771a,2026-06-12T04:00:00Z,2026-06-12T06:00:00+0200,7750.10059,MW,FR,FR,forecast_onshore_wind_generation,Wind Onshore,2026-06-13T21:03:52Z
2026-06-13T21:02:15Z,2026-06-13T23:02:15+0200,37293abf-bd75-40d9-81b7-896ff667771a,2026-06-12T04:15:00Z,2026-06-12T06:15:00+0200,7688.93018,MW,FR,FR,forecast_onshore_wind_generation,Wind Onshore,2026-06-13T21:03:52Z
2026-06-13T21:02:15Z,2026-06-13T23:02:15+0200,37293abf-bd75-40d9-81b7-896ff667771a,2026-06-12T04:30:00Z,2026-06-12T06:30:00+0200,7627.75977,MW,FR,FR,forecast_onshore_wind_generation,Wind Onshore,2026-06-13T21:03:52Z
2026-06-13T21:02:15Z,2026-06-13T23:02:15+0200,37293abf-bd75-40d9-81b7-896ff667771a,2026-06-12T04:45:00Z,2026-06-12T06:45:00+0200,7565.78027,MW,FR,FR,forecast_onshore_wind_generation,Wind Onshore,2026-06-13T21:03:52Z
2026-06-13T21:02:15Z,2026-06-13T23:02:15+0200,37293abf-bd75-40d9-81b7-896ff667771a,2026-06-12T05:00:00Z,2026-06-12T07:00:00+0200,7503.85059,MW,FR,FR,forecast_onshore_wind_generation,Wind Onshore,2026-06-13T21:03:52Z
2026-06-13T21:02:15Z,2026-06-13T23:02:15+0200,37293abf-bd75-40d9-81b7-896ff667771a,2026-06-12T05:15:00Z,2026-06-12T07:15:00+0200,7393.12012,MW,FR,FR,forecast_onshore_wind_generation,Wind Onshore,2026-06-13T21:03:52Z
2026-06-13T21:02:15Z,2026-06-13T23:02:15+0200,37293abf-bd75-40d9-81b7-896ff667771a,2026-06-12T05:30:00Z,2026-06-12T07:30:00+0200,7282.37988,MW,FR,FR,forecast_onshore_wind_generation,Wind Onshore,2026-06-13T21:03:52Z
2026-06-13T21:02:15Z,2026-06-13T23:02:15+0200,37293abf-bd75-40d9-81b7-896ff667771a,2026-06-12T05:45:00Z,2026-06-12T07:45:00+0200,7171.12988,MW,FR,FR,forecast_onshore_wind_generation,Wind Onshore,2026-06-13T21:03:52Z
2026-06-13T21:02:15Z,2026-06-13T23:02:15+0200,37293abf-bd75-40d9-81b7-896ff667771a,2026-06-12T06:00:00Z,2026-06-12T08:00:00+0200,7059.92969,MW,FR,FR,forecast_onshore_wind_generation,Wind Onshore,2026-06-13T21:03:52Z
2026-06-13T21:02:15Z,2026-06-13T23:02:15+0200,37293abf-bd75-40d9-81b7-896ff667771a,2026-06-12T06:15:00Z,2026-06-12T08:15:00+0200,6892.5498,MW,FR,FR,forecast_onshore_wind_generation,Wind Onshore,2026-06-13T21:03:52Z
2026-06-13T21:02:15Z,2026-06-13T23:02:15+0200,37293abf-bd75-40d9-81b7-896ff667771a,2026-06-12T06:30:00Z,2026-06-12T08:30:00+0200,6725.18994,MW,FR,FR,forecast_onshore_wind_generation,Wind Onshore,2026-06-13T21:03:52Z
2026-06-13T21:02:15Z,2026-06-13T23:02:15+0200,37293abf-bd75-40d9-81b7-896ff667771a,2026-06-12T06:45:00Z,2026-06-12T08:45:00+0200,6557.8501,MW,FR,FR,forecast_onshore_wind_generation,Wind Onshore,2026-06-13T21:03:52Z
2026-06-13T21:02:15Z,2026-06-13T23:02:15+0200,37293abf-bd75-40d9-81b7-896ff667771a,2026-06-12T07:00:00Z,2026-06-12T09:00:00+0200,6390.49023,MW,FR,FR,forecast_onshore_wind_generation,Wind Onshore,2026-06-13T21:03:52Z
2026-06-13T21:02:15Z,2026-06-13T23:02:15+0200,37293abf-bd75-40d9-81b7-896ff667771a,2026-06-12T07:15:00Z,2026-06-12T09:15:00+0200,6562.45996,MW,FR,FR,forecast_onshore_wind_generation,Wind Onshore,2026-06-13T21:03:52Z
2026-06-13T21:02:15Z,2026-06-13T23:02:15+0200,37293abf-bd75-40d9-81b7-896ff667771a,2026-06-12T07:30:00Z,2026-06-12T09:30:00+0200,6734.38574,MW,FR,FR,forecast_onshore_wind_generation,Wind Onshore,2026-06-13T21:03:52Z
2026-06-13T21:02:15Z,2026-06-13T23:02:15+0200,37293abf-bd75-40d9-81b7-896ff667771a,2026-06-12T07:45:00Z,2026-06-12T09:45:00+0200,4100.46777,MW,FR,FR,forecast_onshore_wind_generation,Wind Onshore,2026-06-13T21:03:52Z
2026-06-13T21:02:15Z,2026-06-13T23:02:15+0200,37293abf-bd75-40d9-81b7-896ff667771a,2026-06-12T08:00:00Z,2026-06-12T10:00:00+0200,4208.59082,MW,FR,FR,forecast_onshore_wind_generation,Wind Onshore,2026-06-13T21:03:52Z
2026-06-13T21:02:15Z,2026-06-13T23:02:15+0200,37293abf-bd75-40d9-81b7-896ff667771a,2026-06-12T08:15:00Z,2026-06-12T10:15:00+0200,7189.76416,MW,FR,FR,forecast_onshore_wind_generation,Wind Onshore,2026-06-13T21:03:52Z
2026-06-13T21:02:15Z,2026-06-13T23:02:15+0200,37293abf-bd75-40d9-81b7-896ff667771a,2026-06-12T08:30:00Z,2026-06-12T10:30:00+0200,4334.40283,MW,FR,FR,forecast_onshore_wind_generation,Wind Onshore,2026-06-13T21:03:52Z
2026-06-13T21:02:15Z,2026-06-13T23:02:15+0200,37293abf-bd75-40d9-81b7-896ff667771a,2026-06-12T08:45:00Z,2026-06-12T10:45:00+0200,4397.56982,MW,FR,FR,forecast_onshore_wind_generation,Wind Onshore,2026-06-13T21:03:52Z
2026-06-13T21:02:15Z,2026-06-13T23:02:15+0200,37293abf-bd75-40d9-81b7-896ff667771a,2026-06-12T09:00:00Z,2026-06-12T11:00:00+0200,4460.00977,MW,FR,FR,forecast_onshore_wind_generation,Wind Onshore,2026-06-13T21:03:52Z
2026-06-13T21:02:15Z,2026-06-13T23:02:15+0200,37293abf-bd75-40d9-81b7-896ff667771a,2026-06-12T09:15:00Z,2026-06-12T11:15:00+0200,4465.16943,MW,FR,FR,forecast_onshore_wind_generation,Wind Onshore,2026-06-13T21:03:52Z
2026-06-13T21:02:15Z,2026-06-13T23:02:15+0200,37293abf-bd75-40d9-81b7-896ff667771a,2026-06-12T09:30:00Z,2026-06-12T11:30:00+0200,4470.09619,MW,FR,FR,forecast_onshore_wind_generation,Wind Onshore,2026-06-13T21:03:52Z
2026-06-13T21:02:15Z,2026-06-13T23:02:15+0200,37293abf-bd75-40d9-81b7-896ff667771a,2026-06-12T09:45:00Z,2026-06-12T11:45:00+0200,4475.12842,MW,FR,FR,forecast_onshore_wind_generation,Wind Onshore,2026-06-13T21:03:52Z
2026-06-13T21:02:15Z,2026-06-13T23:02:15+0200,37293abf-bd75-40d9-81b7-896ff667771a,2026-06-12T10:00:00Z,2026-06-12T12:00:00+0200,4480.5835,MW,FR,FR,forecast_onshore_wind_generation,Wind Onshore,2026-06-13T21:03:52Z
2026-06-13T21:02:15Z,2026-06-13T23:02:15+0200,37293abf-bd75-40d9-81b7-896ff667771a,2026-06-12T10:15:00Z,2026-06-12T12:15:00+0200,4470.57178,MW,FR,FR,forecast_onshore_wind_generation,Wind Onshore,2026-06-13T21:03:52Z
2026-06-13T21:02:15Z,2026-06-13T23:02:15+0200,37293abf-bd75-40d9-81b7-896ff667771a,2026-06-12T10:30:00Z,2026-06-12T12:30:00+0200,4460.70215,MW,FR,FR,forecast_onshore_wind_generation,Wind Onshore,2026-06-13T21:03:52Z
2026-06-13T21:02:15Z,2026-06-13T23:02:15+0200,37293abf-bd75-40d9-81b7-896ff667771a,2026-06-12T10:45:00Z,2026-06-12T12:45:00+0200,4450.69043,MW,FR,FR,forecast_onshore_wind_generation,Wind Onshore,2026-06-13T21:03:52Z
2026-06-13T21:02:15Z,2026-06-13T23:02:15+0200,37293abf-bd75-40d9-81b7-896ff667771a,2026-06-12T11:00:00Z,2026-06-12T13:00:00+0200,4440.74414,MW,FR,FR,forecast_onshore_wind_generation,Wind Onshore,2026-06-13T21:03:52Z
2026-06-13T21:02:15Z,2026-06-13T23:02:15+0200,37293abf-bd75-40d9-81b7-896ff667771a,2026-06-12T11:15:00Z,2026-06-12T13:15:00+0200,4462.9502,MW,FR,FR,forecast_onshore_wind_generation,Wind Onshore,2026-06-13T21:03:52Z
2026-06-13T21:02:15Z,2026-06-13T23:02:15+0200,37293abf-bd75-40d9-81b7-896ff667771a,2026-06-12T11:30:00Z,2026-06-12T13:30:00+0200,4485.45996,MW,FR,FR,forecast_onshore_wind_generation,Wind Onshore,2026-06-13T21:03:52Z
2026-06-13T21:02:15Z,2026-06-13T23:02:15+0200,37293abf-bd75-40d9-81b7-896ff667771a,2026-06-12T11:45:00Z,2026-06-12T13:45:00+0200,4507.90918,MW,FR,FR,forecast_onshore_wind_generation,Wind Onshore,2026-06-13T21:03:52Z
2026-06-13T21:02:15Z,2026-06-13T23:02:15+0200,37293abf-bd75-40d9-81b7-896ff667771a,2026-06-12T12:00:00Z,2026-06-12T14:00:00+0200,4530.48193,MW,FR,FR,forecast_onshore_wind_generation,Wind Onshore,2026-06-13T21:03:52Z
2026-06-13T21:02:15Z,2026-06-13T23:02:15+0200,37293abf-bd75-40d9-81b7-896ff667771a,2026-06-12T12:15:00Z,2026-06-12T14:15:00+0200,4551.73975,MW,FR,FR,forecast_onshore_wind_generation,Wind Onshore,2026-06-13T21:03:52Z
2026-06-13T21:02:15Z,2026-06-13T23:02:15+0200,37293abf-bd75-40d9-81b7-896ff667771a,2026-06-12T12:30:00Z,2026-06-12T14:30:00+0200,4572.93311,MW,FR,FR,forecast_onshore_wind_generation,Wind Onshore,2026-06-13T21:03:52Z
2026-06-13T21:02:15Z,2026-06-13T23:02:15+0200,37293abf-bd75-40d9-81b7-896ff667771a,2026-06-12T12:45:00Z,2026-06-12T14:45:00+0200,4594.13965,MW,FR,FR,forecast_onshore_wind_generation,Wind Onshore,2026-06-13T21:03:52Z
2026-06-13T21:02:15Z,2026-06-13T23:02:15+0200,37293abf-bd75-40d9-81b7-896ff667771a,2026-06-12T13:00:00Z,2026-06-12T15:00:00+0200,4615.41992,MW,FR,FR,forecast_onshore_wind_generation,Wind Onshore,2026-06-13T21:03:52Z
2026-06-13T21:02:15Z,2026-06-13T23:02:15+0200,37293abf-bd75-40d9-81b7-896ff667771a,2026-06-12T13:15:00Z,2026-06-12T15:15:00+0200,4620.09033,MW,FR,FR,forecast_onshore_wind_generation,Wind Onshore,2026-06-13T21:03:52Z
2026-06-13T21:02:15Z,2026-06-13T23:02:15+0200,37293abf-bd75-40d9-81b7-896ff667771a,2026-06-12T13:30:00Z,2026-06-12T15:30:00+0200,4624.85986,MW,FR,FR,forecast_onshore_wind_generation,Wind Onshore,2026-06-13T21:03:52Z
2026-06-13T21:02:15Z,2026-06-13T23:02:15+0200,37293abf-bd75-40d9-81b7-896ff667771a,2026-06-12T13:45:00Z,2026-06-12T15:45:00+0200,4630.05762,MW,FR,FR,forecast_onshore_wind_generation,Wind Onshore,2026-06-13T21:03:52Z
2026-06-13T21:02:15Z,2026-06-13T23:02:15+0200,37293abf-bd75-40d9-81b7-896ff667771a,2026-06-12T14:00:00Z,2026-06-12T16:00:00+0200,4635.35059,MW,FR,FR,forecast_onshore_wind_generation,Wind Onshore,2026-06-13T21:03:52Z
2026-06-13T21:02:15Z,2026-06-13T23:02:15+0200,37293abf-bd75-40d9-81b7-896ff667771a,2026-06-12T14:15:00Z,2026-06-12T16:15:00+0200,4591.86816,MW,FR,FR,forecast_onshore_wind_generation,Wind Onshore,2026-06-13T21:03:52Z
2026-06-13T21:02:15Z,2026-06-13T23:02:15+0200,37293abf-bd75-40d9-81b7-896ff667771a,2026-06-12T14:30:00Z,2026-06-12T16:30:00+0200,4548.25,MW,FR,FR,forecast_onshore_wind_generation,Wind Onshore,2026-06-13T21:03:52Z
2026-06-13T21:02:15Z,2026-06-13T23:02:15+0200,37293abf-bd75-40d9-81b7-896ff667771a,2026-06-12T14:45:00Z,2026-06-12T16:45:00+0200,4505.02051,MW,FR,FR,forecast_onshore_wind_generation,Wind Onshore,2026-06-13T21:03:52Z
2026-06-13T21:02:15Z,2026-06-13T23:02:15+0200,37293abf-bd75-40d9-81b7-896ff667771a,2026-06-12T15:00:00Z,2026-06-12T17:00:00+0200,4461.98926,MW,FR,FR,forecast_onshore_wind_generation,Wind Onshore,2026-06-13T21:03:52Z
2026-06-13T21:02:15Z,2026-06-13T23:02:15+0200,37293abf-bd75-40d9-81b7-896ff667771a,2026-06-12T15:15:00Z,2026-06-12T17:15:00+0200,4395.79932,MW,FR,FR,forecast_onshore_wind_generation,Wind Onshore,2026-06-13T21:03:52Z
2026-06-13T21:02:15Z,2026-06-13T23:02:15+0200,37293abf-bd75-40d9-81b7-896ff667771a,2026-06-12T15:30:00Z,2026-06-12T17:30:00+0200,4329.25098,MW,FR,FR,forecast_onshore_wind_generation,Wind Onshore,2026-06-13T21:03:52Z
2026-06-13T21:02:15Z,2026-06-13T23:02:15+0200,37293abf-bd75-40d9-81b7-896ff667771a,2026-06-12T15:45:00Z,2026-06-12T17:45:00+0200,7155.78027,MW,FR,FR,forecast_onshore_wind_generation,Wind Onshore,2026-06-13T21:03:52Z
2026-06-13T21:02:15Z,2026-06-13T23:02:15+0200,37293abf-bd75-40d9-81b7-896ff667771a,2026-06-12T16:00:00Z,2026-06-12T18:00:00+0200,7055.70996,MW,FR,FR,forecast_onshore_wind_generation,Wind Onshore,2026-06-13T21:03:52Z
2026-06-13T21:02:15Z,2026-06-13T23:02:15+0200,37293abf-bd75-40d9-81b7-896ff667771a,2026-06-12T16:15:00Z,2026-06-12T18:15:00+0200,6854.6001,MW,FR,FR,forecast_onshore_wind_generation,Wind Onshore,2026-06-13T21:03:52Z
2026-06-13T21:02:15Z,2026-06-13T23:02:15+0200,37293abf-bd75-40d9-81b7-896ff667771a,2026-06-12T16:30:00Z,2026-06-12T18:30:00+0200,6653.50977,MW,FR,FR,forecast_onshore_wind_generation,Wind Onshore,2026-06-13T21:03:52Z
2026-06-13T21:02:15Z,2026-06-13T23:02:15+0200,37293abf-bd75-40d9-81b7-896ff667771a,2026-06-12T16:45:00Z,2026-06-12T18:45:00+0200,6453.0,MW,FR,FR,forecast_onshore_wind_generation,Wind Onshore,2026-06-13T21:03:52Z
2026-06-13T21:02:15Z,2026-06-13T23:02:15+0200,37293abf-bd75-40d9-81b7-896ff667771a,2026-06-12T17:00:00Z,2026-06-12T19:00:00+0200,6252.61035,MW,FR,FR,forecast_onshore_wind_generation,Wind Onshore,2026-06-13T21:03:52Z
2026-06-13T21:02:15Z,2026-06-13T23:02:15+0200,37293abf-bd75-40d9-81b7-896ff667771a,2026-06-12T17:15:00Z,2026-06-12T19:15:00+0200,6113.08984,MW,FR,FR,forecast_onshore_wind_generation,Wind Onshore,2026-06-13T21:03:52Z
2026-06-13T21:02:15Z,2026-06-13T23:02:15+0200,37293abf-bd75-40d9-81b7-896ff667771a,2026-06-12T17:30:00Z,2026-06-12T19:30:00+0200,5973.54004,MW,FR,FR,forecast_onshore_wind_generation,Wind Onshore,2026-06-13T21:03:52Z
2026-06-13T21:02:15Z,2026-06-13T23:02:15+0200,37293abf-bd75-40d9-81b7-896ff667771a,2026-06-12T17:45:00Z,2026-06-12T19:45:00+0200,5834.08984,MW,FR,FR,forecast_onshore_wind_generation,Wind Onshore,2026-06-13T21:03:52Z
2026-06-13T21:02:15Z,2026-06-13T23:02:15+0200,37293abf-bd75-40d9-81b7-896ff667771a,2026-06-12T18:00:00Z,2026-06-12T20:00:00+0200,5694.64014,MW,FR,FR,forecast_onshore_wind_generation,Wind Onshore,2026-06-13T21:03:52Z
2026-06-13T21:02:15Z,2026-06-13T23:02:15+0200,37293abf-bd75-40d9-81b7-896ff667771a,2026-06-12T18:15:00Z,2026-06-12T20:15:00+0200,5701.83008,MW,FR,FR,forecast_onshore_wind_generation,Wind Onshore,2026-06-13T21:03:52Z
2026-06-13T21:02:15Z,2026-06-13T23:02:15+0200,37293abf-bd75-40d9-81b7-896ff667771a,2026-06-12T18:30:00Z,2026-06-12T20:30:00+0200,5709.0,MW,FR,FR,forecast_onshore_wind_generation,Wind Onshore,2026-06-13T21:03:52Z
2026-06-13T21:02:15Z,2026-06-13T23:02:15+0200,37293abf-bd75-40d9-81b7-896ff667771a,2026-06-12T18:45:00Z,2026-06-12T20:45:00+0200,5716.0498,MW,FR,FR,forecast_onshore_wind_generation,Wind Onshore,2026-06-13T21:03:52Z
2026-06-13T21:02:15Z,2026-06-13T23:02:15+0200,37293abf-bd75-40d9-81b7-896ff667771a,2026-06-12T19:00:00Z,2026-06-12T21:00:00+0200,5723.1001,MW,FR,FR,forecast_onshore_wind_generation,Wind Onshore,2026-06-13T21:03:52Z
2026-06-13T21:02:15Z,2026-06-13T23:02:15+0200,37293abf-bd75-40d9-81b7-896ff667771a,2026-06-12T19:15:00Z,2026-06-12T21:15:00+0200,5860.25,MW,FR,FR,forecast_onshore_wind_generation,Wind Onshore,2026-06-13T21:03:52Z
2026-06-13T21:02:15Z,2026-06-13T23:02:15+0200,37293abf-bd75-40d9-81b7-896ff667771a,2026-06-12T19:30:00Z,2026-06-12T21:30:00+0200,5997.47998,MW,FR,FR,forecast_onshore_wind_generation,Wind Onshore,2026-06-13T21:03:52Z
2026-06-13T21:02:15Z,2026-06-13T23:02:15+0200,37293abf-bd75-40d9-81b7-896ff667771a,2026-06-12T19:45:00Z,2026-06-12T21:45:00+0200,6134.69971,MW,FR,FR,forecast_onshore_wind_generation,Wind Onshore,2026-06-13T21:03:52Z
2026-06-13T21:02:15Z,2026-06-13T23:02:15+0200,37293abf-bd75-40d9-81b7-896ff667771a,2026-06-12T20:00:00Z,2026-06-12T22:00:00+0200,6271.97998,MW,FR,FR,forecast_onshore_wind_generation,Wind Onshore,2026-06-13T21:03:52Z
2026-06-13T21:02:15Z,2026-06-13T23:02:15+0200,37293abf-bd75-40d9-81b7-896ff667771a,2026-06-12T20:15:00Z,2026-06-12T22:15:00+0200,6320.86035,MW,FR,FR,forecast_onshore_wind_generation,Wind Onshore,2026-06-13T21:03:52Z
2026-06-13T21:02:15Z,2026-06-13T23:02:15+0200,37293abf-bd75-40d9-81b7-896ff667771a,2026-06-12T20:30:00Z,2026-06-12T22:30:00+0200,6369.75,MW,FR,FR,forecast_onshore_wind_generation,Wind Onshore,2026-06-13T21:03:52Z
2026-06-13T21:02:15Z,2026-06-13T23:02:15+0200,37293abf-bd75-40d9-81b7-896ff667771a,2026-06-12T20:45:00Z,2026-06-12T22:45:00+0200,6418.22998,MW,FR,FR,forecast_onshore_wind_generation,Wind Onshore,2026-06-13T21:03:52Z
2026-06-13T21:02:15Z,2026-06-13T23:02:15+0200,37293abf-bd75-40d9-81b7-896ff667771a,2026-06-12T21:00:00Z,2026-06-12T23:00:00+0200,6466.70996,MW,FR,FR,forecast_onshore_wind_generation,Wind Onshore,2026-06-13T21:03:52Z
2026-06-13T21:02:15Z,2026-06-13T23:02:15+0200,37293abf-bd75-40d9-81b7-896ff667771a,2026-06-12T21:15:00Z,2026-06-12T23:15:00+0200,6455.15967,MW,FR,FR,forecast_onshore_wind_generation,Wind Onshore,2026-06-13T21:03:52Z
2026-06-13T21:02:15Z,2026-06-13T23:02:15+0200,37293abf-bd75-40d9-81b7-896ff667771a,2026-06-12T21:30:00Z,2026-06-12T23:30:00+0200,6443.62988,MW,FR,FR,forecast_onshore_wind_generation,Wind Onshore,2026-06-13T21:03:52Z
2026-06-13T21:02:15Z,2026-06-13T23:02:15+0200,37293abf-bd75-40d9-81b7-896ff667771a,2026-06-12T21:45:00Z,2026-06-12T23:45:00+0200,6431.72021,MW,FR,FR,forecast_onshore_wind_generation,Wind Onshore,2026-06-13T21:03:52Z
2026-06-13T21:02:15Z,2026-06-13T23:02:15+0200,37293abf-bd75-40d9-81b7-896ff667771a,2026-06-12T22:00:00Z,2026-06-13T00:00:00+0200,6871.97021,MW,FR,FR,forecast_onshore_wind_generation,Wind Onshore,2026-06-13T21:03:52Z
2026-06-13T21:02:15Z,2026-06-13T23:02:15+0200,37293abf-bd75-40d9-81b7-896ff667771a,2026-06-12T22:15:00Z,2026-06-13T00:15:00+0200,6788.54004,MW,FR,FR,forecast_onshore_wind_generation,Wind Onshore,2026-06-13T21:03:52Z
2026-06-13T21:02:15Z,2026-06-13T23:02:15+0200,37293abf-bd75-40d9-81b7-896ff667771a,2026-06-12T22:30:00Z,2026-06-13T00:30:00+0200,6705.29004,MW,FR,FR,forecast_onshore_wind_generation,Wind Onshore,2026-06-13T21:03:52Z
2026-06-13T21:02:15Z,2026-06-13T23:02:15+0200,37293abf-bd75-40d9-81b7-896ff667771a,2026-06-12T22:45:00Z,2026-06-13T00:45:00+0200,6620.25977,MW,FR,FR,forecast_onshore_wind_generation,Wind Onshore,2026-06-13T21:03:52Z
2026-06-13T21:02:15Z,2026-06-13T23:02:15+0200,37293abf-bd75-40d9-81b7-896ff667771a,2026-06-12T23:00:00Z,2026-06-13T01:00:00+0200,6535.2998,MW,FR,FR,forecast_onshore_wind_generation,Wind Onshore,2026-06-13T21:03:52Z
2026-06-13T21:02:15Z,2026-06-13T23:02:15+0200,37293abf-bd75-40d9-81b7-896ff667771a,2026-06-12T23:15:00Z,2026-06-13T01:15:00+0200,6453.27979,MW,FR,FR,forecast_onshore_wind_generation,Wind Onshore,2026-06-13T21:03:52Z
2026-06-13T21:02:15Z,2026-06-13T23:02:15+0200,37293abf-bd75-40d9-81b7-896ff667771a,2026-06-12T23:30:00Z,2026-06-13T01:30:00+0200,6371.27979,MW,FR,FR,forecast_onshore_wind_generation,Wind Onshore,2026-06-13T21:03:52Z
2026-06-13T21:02:15Z,2026-06-13T23:02:15+0200,37293abf-bd75-40d9-81b7-896ff667771a,2026-06-12T23:45:00Z,2026-06-13T01:45:00+0200,6289.09961,MW,FR,FR,forecast_onshore_wind_generation,Wind Onshore,2026-06-13T21:03:52Z
2026-06-13T21:02:15Z,2026-06-13T23:02:15+0200,37293abf-bd75-40d9-81b7-896ff667771a,2026-06-13T00:00:00Z,2026-06-13T02:00:00+0200,6206.9502,MW,FR,FR,forecast_onshore_wind_generation,Wind Onshore,2026-06-13T21:03:52Z
2026-06-13T21:02:15Z,2026-06-13T23:02:15+0200,37293abf-bd75-40d9-81b7-896ff667771a,2026-06-13T00:15:00Z,2026-06-13T02:15:00+0200,6108.62988,MW,FR,FR,forecast_onshore_wind_generation,Wind Onshore,2026-06-13T21:03:52Z
2026-06-13T21:02:15Z,2026-06-13T23:02:15+0200,37293abf-bd75-40d9-81b7-896ff667771a,2026-06-13T00:30:00Z,2026-06-13T02:30:00+0200,6010.31006,MW,FR,FR,forecast_onshore_wind_generation,Wind Onshore,2026-06-13T21:03:52Z
2026-06-13T21:02:15Z,2026-06-13T23:02:15+0200,37293abf-bd75-40d9-81b7-896ff667771a,2026-06-13T00:45:00Z,2026-06-13T02:45:00+0200,5912.01025,MW,FR,FR,forecast_onshore_wind_generation,Wind Onshore,2026-06-13T21:03:52Z
2026-06-13T21:02:15Z,2026-06-13T23:02:15+0200,37293abf-bd75-40d9-81b7-896ff667771a,2026-06-13T01:00:00Z,2026-06-13T03:00:00+0200,5813.7002,MW,FR,FR,forecast_onshore_wind_generation,Wind Onshore,2026-06-13T21:03:52Z
2026-06-13T21:02:15Z,2026-06-13T23:02:15+0200,37293abf-bd75-40d9-81b7-896ff667771a,2026-06-13T01:15:00Z,2026-06-13T03:15:00+0200,5716.73047,MW,FR,FR,forecast_onshore_wind_generation,Wind Onshore,2026-06-13T21:03:52Z
2026-06-13T21:02:15Z,2026-06-13T23:02:15+0200,37293abf-bd75-40d9-81b7-896ff667771a,2026-06-13T01:30:00Z,2026-06-13T03:30:00+0200,5619.78027,MW,FR,FR,forecast_onshore_wind_generation,Wind Onshore,2026-06-13T21:03:52Z
2026-06-13T21:02:15Z,2026-06-13T23:02:15+0200,37293abf-bd75-40d9-81b7-896ff667771a,2026-06-13T01:45:00Z,2026-06-13T03:45:00+0200,5522.43018,MW,FR,FR,forecast_onshore_wind_generation,Wind Onshore,2026-06-13T21:03:52Z
2026-06-13T21:02:15Z,2026-06-13T23:02:15+0200,37293abf-bd75-40d9-81b7-896ff667771a,2026-06-13T02:00:00Z,2026-06-13T04:00:00+0200,5425.08984,MW,FR,FR,forecast_onshore_wind_generation,Wind Onshore,2026-06-13T21:03:52Z
2026-06-13T21:02:15Z,2026-06-13T23:02:15+0200,37293abf-bd75-40d9-81b7-896ff667771a,2026-06-13T02:15:00Z,2026-06-13T04:15:00+0200,5268.87012,MW,FR,FR,forecast_onshore_wind_generation,Wind Onshore,2026-06-13T21:03:52Z
2026-06-13T21:02:15Z,2026-06-13T23:02:15+0200,37293abf-bd75-40d9-81b7-896ff667771a,2026-06-13T02:30:00Z,2026-06-13T04:30:00+0200,5112.68018,MW,FR,FR,forecast_onshore_wind_generation,Wind Onshore,2026-06-13T21:03:52Z
2026-06-13T21:02:15Z,2026-06-13T23:02:15+0200,37293abf-bd75-40d9-81b7-896ff667771a,2026-06-13T02:45:00Z,2026-06-13T04:45:00+0200,4956.38965,MW,FR,FR,forecast_onshore_wind_generation,Wind Onshore,2026-06-13T21:03:52Z
2026-06-13T21:02:15Z,2026-06-13T23:02:15+0200,37293abf-bd75-40d9-81b7-896ff667771a,2026-06-13T03:00:00Z,2026-06-13T05:00:00+0200,4800.12012,MW,FR,FR,forecast_onshore_wind_generation,Wind Onshore,2026-06-13T21:03:52Z
2026-06-13T21:02:15Z,2026-06-13T23:02:15+0200,37293abf-bd75-40d9-81b7-896ff667771a,2026-06-13T03:15:00Z,2026-06-13T05:15:00+0200,4665.75,MW,FR,FR,forecast_onshore_wind_generation,Wind Onshore,2026-06-13T21:03:52Z
2026-06-13T21:02:15Z,2026-06-13T23:02:15+0200,37293abf-bd75-40d9-81b7-896ff667771a,2026-06-13T03:30:00Z,2026-06-13T05:30:00+0200,4531.37012,MW,FR,FR,forecast_onshore_wind_generation,Wind Onshore,2026-06-13T21:03:52Z
2026-06-13T21:02:15Z,2026-06-13T23:02:15+0200,37293abf-bd75-40d9-81b7-896ff667771a,2026-06-13T03:45:00Z,2026-06-13T05:45:00+0200,4396.87012,MW,FR,FR,forecast_onshore_wind_generation,Wind Onshore,2026-06-13T21:03:52Z
2026-06-13T21:02:15Z,2026-06-13T23:02:15+0200,37293abf-bd75-40d9-81b7-896ff667771a,2026-06-13T04:00:00Z,2026-06-13T06:00:00+0200,4262.45996,MW,FR,FR,forecast_onshore_wind_generation,Wind Onshore,2026-06-13T21:03:52Z
2026-06-13T21:02:15Z,2026-06-13T23:02:15+0200,37293abf-bd75-40d9-81b7-896ff667771a,2026-06-13T04:15:00Z,2026-06-13T06:15:00+0200,4196.43994,MW,FR,FR,forecast_onshore_wind_generation,Wind Onshore,2026-06-13T21:03:52Z
2026-06-13T21:02:15Z,2026-06-13T23:02:15+0200,37293abf-bd75-40d9-81b7-896ff667771a,2026-06-13T04:30:00Z,2026-06-13T06:30:00+0200,4130.43994,MW,FR,FR,forecast_onshore_wind_generation,Wind Onshore,2026-06-13T21:03:52Z
2026-06-13T21:02:15Z,2026-06-13T23:02:15+0200,37293abf-bd75-40d9-81b7-896ff667771a,2026-06-13T04:45:00Z,2026-06-13T06:45:00+0200,4064.02979,MW,FR,FR,forecast_onshore_wind_generation,Wind Onshore,2026-06-13T21:03:52Z
2026-06-13T21:02:15Z,2026-06-13T23:02:15+0200,37293abf-bd75-40d9-81b7-896ff667771a,2026-06-13T05:00:00Z,2026-06-13T07:00:00+0200,3997.75977,MW,FR,FR,forecast_onshore_wind_generation,Wind Onshore,2026-06-13T21:03:52Z
2026-06-13T21:02:15Z,2026-06-13T23:02:15+0200,37293abf-bd75-40d9-81b7-896ff667771a,2026-06-13T05:15:00Z,2026-06-13T07:15:00+0200,3865.72021,MW,FR,FR,forecast_onshore_wind_generation,Wind Onshore,2026-06-13T21:03:52Z
2026-06-13T21:02:15Z,2026-06-13T23:02:15+0200,37293abf-bd75-40d9-81b7-896ff667771a,2026-06-13T05:30:00Z,2026-06-13T07:30:00+0200,3734.05005,MW,FR,FR,forecast_onshore_wind_generation,Wind Onshore,2026-06-13T21:03:52Z
2026-06-13T21:02:15Z,2026-06-13T23:02:15+0200,37293abf-bd75-40d9-81b7-896ff667771a,2026-06-13T05:45:00Z,2026-06-13T07:45:00+0200,3602.04004,MW,FR,FR,forecast_onshore_wind_generation,Wind Onshore,2026-06-13T21:03:52Z
2026-06-13T21:02:15Z,2026-06-13T23:02:15+0200,37293abf-bd75-40d9-81b7-896ff667771a,2026-06-13T06:00:00Z,2026-06-13T08:00:00+0200,3470.34009,MW,FR,FR,forecast_onshore_wind_generation,Wind Onshore,2026-06-13T21:03:52Z
2026-06-13T21:02:15Z,2026-06-13T23:02:15+0200,37293abf-bd75-40d9-81b7-896ff667771a,2026-06-13T06:15:00Z,2026-06-13T08:15:00+0200,3389.42163,MW,FR,FR,forecast_onshore_wind_generation,Wind Onshore,2026-06-13T21:03:52Z
2026-06-13T21:02:15Z,2026-06-13T23:02:15+0200,37293abf-bd75-40d9-81b7-896ff667771a,2026-06-13T06:30:00Z,2026-06-13T08:30:00+0200,1961.67896,MW,FR,FR,forecast_onshore_wind_generation,Wind Onshore,2026-06-13T21:03:52Z
2026-06-13T21:02:15Z,2026-06-13T23:02:15+0200,37293abf-bd75-40d9-81b7-896ff667771a,2026-06-13T06:45:00Z,2026-06-13T08:45:00+0200,1907.26099,MW,FR,FR,forecast_onshore_wind_generation,Wind Onshore,2026-06-13T21:03:52Z
2026-06-13T21:02:15Z,2026-06-13T23:02:15+0200,37293abf-bd75-40d9-81b7-896ff667771a,2026-06-13T07:00:00Z,2026-06-13T09:00:00+0200,1853.01172,MW,FR,FR,forecast_onshore_wind_generation,Wind Onshore,2026-06-13T21:03:52Z
2026-06-13T21:02:15Z,2026-06-13T23:02:15+0200,37293abf-bd75-40d9-81b7-896ff667771a,2026-06-13T07:15:00Z,2026-06-13T09:15:00+0200,943.43024,MW,FR,FR,forecast_onshore_wind_generation,Wind Onshore,2026-06-13T21:03:52Z
2026-06-13T21:02:15Z,2026-06-13T23:02:15+0200,37293abf-bd75-40d9-81b7-896ff667771a,2026-06-13T07:30:00Z,2026-06-13T09:30:00+0200,952.86938,MW,FR,FR,forecast_onshore_wind_generation,Wind Onshore,2026-06-13T21:03:52Z
2026-06-13T21:02:15Z,2026-06-13T23:02:15+0200,37293abf-bd75-40d9-81b7-896ff667771a,2026-06-13T07:45:00Z,2026-06-13T09:45:00+0200,962.37036,MW,FR,FR,forecast_onshore_wind_generation,Wind Onshore,2026-06-13T21:03:52Z
2026-06-13T21:02:15Z,2026-06-13T23:02:15+0200,37293abf-bd75-40d9-81b7-896ff667771a,2026-06-13T08:00:00Z,2026-06-13T10:00:00+0200,972.04041,MW,FR,FR,forecast_onshore_wind_generation,Wind Onshore,2026-06-13T21:03:52Z
2026-06-13T21:02:15Z,2026-06-13T23:02:15+0200,37293abf-bd75-40d9-81b7-896ff667771a,2026-06-13T08:15:00Z,2026-06-13T10:15:00+0200,963.00989,MW,FR,FR,forecast_onshore_wind_generation,Wind Onshore,2026-06-13T21:03:52Z
2026-06-13T21:02:15Z,2026-06-13T23:02:15+0200,37293abf-bd75-40d9-81b7-896ff667771a,2026-06-13T08:30:00Z,2026-06-13T10:30:00+0200,953.83051,MW,FR,FR,forecast_onshore_wind_generation,Wind Onshore,2026-06-13T21:03:52Z
2026-06-13T21:02:15Z,2026-06-13T23:02:15+0200,37293abf-bd75-40d9-81b7-896ff667771a,2026-06-13T08:45:00Z,2026-06-13T10:45:00+0200,944.64014,MW,FR,FR,forecast_onshore_wind_generation,Wind Onshore,2026-06-13T21:03:52Z
2026-06-13T21:02:15Z,2026-06-13T23:02:15+0200,37293abf-bd75-40d9-81b7-896ff667771a,2026-06-13T09:00:00Z,2026-06-13T11:00:00+0200,935.61041,MW,FR,FR,forecast_onshore_wind_generation,Wind Onshore,2026-06-13T21:03:52Z
2026-06-13T21:02:15Z,2026-06-13T23:02:15+0200,37293abf-bd75-40d9-81b7-896ff667771a,2026-06-13T09:15:00Z,2026-06-13T11:15:00+0200,914.82983,MW,FR,FR,forecast_onshore_wind_generation,Wind Onshore,2026-06-13T21:03:52Z
2026-06-13T21:02:15Z,2026-06-13T23:02:15+0200,37293abf-bd75-40d9-81b7-896ff667771a,2026-06-13T09:30:00Z,2026-06-13T11:30:00+0200,894.00055,MW,FR,FR,forecast_onshore_wind_generation,Wind Onshore,2026-06-13T21:03:52Z
2026-06-13T21:02:15Z,2026-06-13T23:02:15+0200,37293abf-bd75-40d9-81b7-896ff667771a,2026-06-13T09:45:00Z,2026-06-13T11:45:00+0200,873.25006,MW,FR,FR,forecast_onshore_wind_generation,Wind Onshore,2026-06-13T21:03:52Z
2026-06-13T21:02:15Z,2026-06-13T23:02:15+0200,37293abf-bd75-40d9-81b7-896ff667771a,2026-06-13T10:00:00Z,2026-06-13T12:00:00+0200,852.77063,MW,FR,FR,forecast_onshore_wind_generation,Wind Onshore,2026-06-13T21:03:52Z
2026-06-13T21:02:15Z,2026-06-13T23:02:15+0200,37293abf-bd75-40d9-81b7-896ff667771a,2026-06-13T10:15:00Z,2026-06-13T12:15:00+0200,839.46008,MW,FR,FR,forecast_onshore_wind_generation,Wind Onshore,2026-06-13T21:03:52Z
2026-06-13T21:02:15Z,2026-06-13T23:02:15+0200,37293abf-bd75-40d9-81b7-896ff667771a,2026-06-13T10:30:00Z,2026-06-13T12:30:00+0200,826.18988,MW,FR,FR,forecast_onshore_wind_generation,Wind Onshore,2026-06-13T21:03:52Z
2026-06-13T21:02:15Z,2026-06-13T23:02:15+0200,37293abf-bd75-40d9-81b7-896ff667771a,2026-06-13T10:45:00Z,2026-06-13T12:45:00+0200,813.28979,MW,FR,FR,forecast_onshore_wind_generation,Wind Onshore,2026-06-13T21:03:52Z
2026-06-13T21:02:15Z,2026-06-13T23:02:15+0200,37293abf-bd75-40d9-81b7-896ff667771a,2026-06-13T11:00:00Z,2026-06-13T13:00:00+0200,800.46985,MW,FR,FR,forecast_onshore_wind_generation,Wind Onshore,2026-06-13T21:03:52Z
2026-06-13T21:02:15Z,2026-06-13T23:02:15+0200,37293abf-bd75-40d9-81b7-896ff667771a,2026-06-13T11:15:00Z,2026-06-13T13:15:00+0200,807.23969,MW,FR,FR,forecast_onshore_wind_generation,Wind Onshore,2026-06-13T21:03:52Z
2026-06-13T21:02:15Z,2026-06-13T23:02:15+0200,37293abf-bd75-40d9-81b7-896ff667771a,2026-06-13T11:30:00Z,2026-06-13T13:30:00+0200,814.23016,MW,FR,FR,forecast_onshore_wind_generation,Wind Onshore,2026-06-13T21:03:52Z
2026-06-13T21:02:15Z,2026-06-13T23:02:15+0200,37293abf-bd75-40d9-81b7-896ff667771a,2026-06-13T11:45:00Z,2026-06-13T13:45:00+0200,821.01959,MW,FR,FR,forecast_onshore_wind_generation,Wind Onshore,2026-06-13T21:03:52Z
2026-06-13T21:02:15Z,2026-06-13T23:02:15+0200,37293abf-bd75-40d9-81b7-896ff667771a,2026-06-13T12:00:00Z,2026-06-13T14:00:00+0200,828.0296,MW,FR,FR,forecast_onshore_wind_generation,Wind Onshore,2026-06-13T21:03:52Z
2026-06-13T21:02:15Z,2026-06-13T23:02:15+0200,37293abf-bd75-40d9-81b7-896ff667771a,2026-06-13T12:15:00Z,2026-06-13T14:15:00+0200,844.01007,MW,FR,FR,forecast_onshore_wind_generation,Wind Onshore,2026-06-13T21:03:52Z
2026-06-13T21:02:15Z,2026-06-13T23:02:15+0200,37293abf-bd75-40d9-81b7-896ff667771a,2026-06-13T12:30:00Z,2026-06-13T14:30:00+0200,860.09064,MW,FR,FR,forecast_onshore_wind_generation,Wind Onshore,2026-06-13T21:03:52Z
2026-06-13T21:02:15Z,2026-06-13T23:02:15+0200,37293abf-bd75-40d9-81b7-896ff667771a,2026-06-13T12:45:00Z,2026-06-13T14:45:00+0200,876.27039,MW,FR,FR,forecast_onshore_wind_generation,Wind Onshore,2026-06-13T21:03:52Z
2026-06-13T21:02:15Z,2026-06-13T23:02:15+0200,37293abf-bd75-40d9-81b7-896ff667771a,2026-06-13T13:00:00Z,2026-06-13T15:00:00+0200,892.70032,MW,FR,FR,forecast_onshore_wind_generation,Wind Onshore,2026-06-13T21:03:52Z
2026-06-13T21:02:15Z,2026-06-13T23:02:15+0200,37293abf-bd75-40d9-81b7-896ff667771a,2026-06-13T13:15:00Z,2026-06-13T15:15:00+0200,904.2998,MW,FR,FR,forecast_onshore_wind_generation,Wind Onshore,2026-06-13T21:03:52Z
2026-06-13T21:02:15Z,2026-06-13T23:02:15+0200,37293abf-bd75-40d9-81b7-896ff667771a,2026-06-13T13:30:00Z,2026-06-13T15:30:00+0200,915.97961,MW,FR,FR,forecast_onshore_wind_generation,Wind Onshore,2026-06-13T21:03:52Z
2026-06-13T21:02:15Z,2026-06-13T23:02:15+0200,37293abf-bd75-40d9-81b7-896ff667771a,2026-06-13T13:45:00Z,2026-06-13T15:45:00+0200,928.02985,MW,FR,FR,forecast_onshore_wind_generation,Wind Onshore,2026-06-13T21:03:52Z
2026-06-13T21:02:15Z,2026-06-13T23:02:15+0200,37293abf-bd75-40d9-81b7-896ff667771a,2026-06-13T14:00:00Z,2026-06-13T16:00:00+0200,939.9303,MW,FR,FR,forecast_onshore_wind_generation,Wind Onshore,2026-06-13T21:03:52Z
2026-06-13T21:02:15Z,2026-06-13T23:02:15+0200,37293abf-bd75-40d9-81b7-896ff667771a,2026-06-13T14:15:00Z,2026-06-13T16:15:00+0200,935.69965,MW,FR,FR,forecast_onshore_wind_generation,Wind Onshore,2026-06-13T21:03:52Z
2026-06-13T21:02:15Z,2026-06-13T23:02:15+0200,37293abf-bd75-40d9-81b7-896ff667771a,2026-06-13T14:30:00Z,2026-06-13T16:30:00+0200,931.36011,MW,FR,FR,forecast_onshore_wind_generation,Wind Onshore,2026-06-13T21:03:52Z
2026-06-13T21:02:15Z,2026-06-13T23:02:15+0200,37293abf-bd75-40d9-81b7-896ff667771a,2026-06-13T14:45:00Z,2026-06-13T16:45:00+0200,927.12964,MW,FR,FR,forecast_onshore_wind_generation,Wind Onshore,2026-06-13T21:03:52Z
2026-06-13T21:02:15Z,2026-06-13T23:02:15+0200,37293abf-bd75-40d9-81b7-896ff667771a,2026-06-13T15:00:00Z,2026-06-13T17:00:00+0200,923.10034,MW,FR,FR,forecast_onshore_wind_generation,Wind Onshore,2026-06-13T21:03:52Z
2026-06-13T21:02:15Z,2026-06-13T23:02:15+0200,37293abf-bd75-40d9-81b7-896ff667771a,2026-06-13T15:15:00Z,2026-06-13T17:15:00+0200,924.5802,MW,FR,FR,forecast_onshore_wind_generation,Wind Onshore,2026-06-13T21:03:52Z
2026-06-13T21:02:15Z,2026-06-13T23:02:15+0200,37293abf-bd75-40d9-81b7-896ff667771a,2026-06-13T15:30:00Z,2026-06-13T17:30:00+0200,926.40997,MW,FR,FR,forecast_onshore_wind_generation,Wind Onshore,2026-06-13T21:03:52Z
2026-06-13T21:02:15Z,2026-06-13T23:02:15+0200,37293abf-bd75-40d9-81b7-896ff667771a,2026-06-13T15:45:00Z,2026-06-13T17:45:00+0200,928.58081,MW,FR,FR,forecast_onshore_wind_generation,Wind Onshore,2026-06-13T21:03:52Z
2026-06-13T21:02:15Z,2026-06-13T23:02:15+0200,37293abf-bd75-40d9-81b7-896ff667771a,2026-06-13T16:00:00Z,2026-06-13T18:00:00+0200,931.11975,MW,FR,FR,forecast_onshore_wind_generation,Wind Onshore,2026-06-13T21:03:52Z
2026-06-13T21:02:15Z,2026-06-13T23:02:15+0200,37293abf-bd75-40d9-81b7-896ff667771a,2026-06-13T16:15:00Z,2026-06-13T18:15:00+0200,1745.02039,MW,FR,FR,forecast_onshore_wind_generation,Wind Onshore,2026-06-13T21:03:52Z
2026-06-13T21:02:15Z,2026-06-13T23:02:15+0200,37293abf-bd75-40d9-81b7-896ff667771a,2026-06-13T16:30:00Z,2026-06-13T18:30:00+0200,2973.0896,MW,FR,FR,forecast_onshore_wind_generation,Wind Onshore,2026-06-13T21:03:52Z
2026-06-13T21:02:15Z,2026-06-13T23:02:15+0200,37293abf-bd75-40d9-81b7-896ff667771a,2026-06-13T16:45:00Z,2026-06-13T18:45:00+0200,2960.80981,MW,FR,FR,forecast_onshore_wind_generation,Wind Onshore,2026-06-13T21:03:52Z
2026-06-13T21:02:15Z,2026-06-13T23:02:15+0200,37293abf-bd75-40d9-81b7-896ff667771a,2026-06-13T17:00:00Z,2026-06-13T19:00:00+0200,2948.56006,MW,FR,FR,forecast_onshore_wind_generation,Wind Onshore,2026-06-13T21:03:52Z
2026-06-13T21:02:15Z,2026-06-13T23:02:15+0200,37293abf-bd75-40d9-81b7-896ff667771a,2026-06-13T17:15:00Z,2026-06-13T19:15:00+0200,2927.59985,MW,FR,FR,forecast_onshore_wind_generation,Wind Onshore,2026-06-13T21:03:52Z
2026-06-13T21:02:15Z,2026-06-13T23:02:15+0200,37293abf-bd75-40d9-81b7-896ff667771a,2026-06-13T17:30:00Z,2026-06-13T19:30:00+0200,2906.82007,MW,FR,FR,forecast_onshore_wind_generation,Wind Onshore,2026-06-13T21:03:52Z
2026-06-13T21:02:15Z,2026-06-13T23:02:15+0200,37293abf-bd75-40d9-81b7-896ff667771a,2026-06-13T17:45:00Z,2026-06-13T19:45:00+0200,2886.27002,MW,FR,FR,forecast_onshore_wind_generation,Wind Onshore,2026-06-13T21:03:52Z
2026-06-13T21:02:15Z,2026-06-13T23:02:15+0200,37293abf-bd75-40d9-81b7-896ff667771a,2026-06-13T18:00:00Z,2026-06-13T20:00:00+0200,2865.76001,MW,FR,FR,forecast_onshore_wind_generation,Wind Onshore,2026-06-13T21:03:52Z
2026-06-13T21:02:15Z,2026-06-13T23:02:15+0200,37293abf-bd75-40d9-81b7-896ff667771a,2026-06-13T18:15:00Z,2026-06-13T20:15:00+0200,2972.31006,MW,FR,FR,forecast_onshore_wind_generation,Wind Onshore,2026-06-13T21:03:52Z
2026-06-13T21:02:15Z,2026-06-13T23:02:15+0200,37293abf-bd75-40d9-81b7-896ff667771a,2026-06-13T18:30:00Z,2026-06-13T20:30:00+0200,3078.95996,MW,FR,FR,forecast_onshore_wind_generation,Wind Onshore,2026-06-13T21:03:52Z
2026-06-13T21:02:15Z,2026-06-13T23:02:15+0200,37293abf-bd75-40d9-81b7-896ff667771a,2026-06-13T18:45:00Z,2026-06-13T20:45:00+0200,3185.59985,MW,FR,FR,forecast_onshore_wind_generation,Wind Onshore,2026-06-13T21:03:52Z
2026-06-13T21:02:15Z,2026-06-13T23:02:15+0200,37293abf-bd75-40d9-81b7-896ff667771a,2026-06-13T19:00:00Z,2026-06-13T21:00:00+0200,3292.22998,MW,FR,FR,forecast_onshore_wind_generation,Wind Onshore,2026-06-13T21:03:52Z
2026-06-13T21:02:15Z,2026-06-13T23:02:15+0200,37293abf-bd75-40d9-81b7-896ff667771a,2026-06-13T19:15:00Z,2026-06-13T21:15:00+0200,3455.8999,MW,FR,FR,forecast_onshore_wind_generation,Wind Onshore,2026-06-13T21:03:52Z
2026-06-13T21:02:15Z,2026-06-13T23:02:15+0200,37293abf-bd75-40d9-81b7-896ff667771a,2026-06-13T19:30:00Z,2026-06-13T21:30:00+0200,3619.75,MW,FR,FR,forecast_onshore_wind_generation,Wind Onshore,2026-06-13T21:03:52Z
2026-06-13T21:02:15Z,2026-06-13T23:02:15+0200,37293abf-bd75-40d9-81b7-896ff667771a,2026-06-13T19:45:00Z,2026-06-13T21:45:00+0200,3783.60986,MW,FR,FR,forecast_onshore_wind_generation,Wind Onshore,2026-06-13T21:03:52Z
2026-06-13T21:02:15Z,2026-06-13T23:02:15+0200,37293abf-bd75-40d9-81b7-896ff667771a,2026-06-13T20:00:00Z,2026-06-13T22:00:00+0200,3947.87012,MW,FR,FR,forecast_onshore_wind_generation,Wind Onshore,2026-06-13T21:03:52Z
2026-06-13T21:02:15Z,2026-06-13T23:02:15+0200,37293abf-bd75-40d9-81b7-896ff667771a,2026-06-13T20:15:00Z,2026-06-13T22:15:00+0200,4046.15967,MW,FR,FR,forecast_onshore_wind_generation,Wind Onshore,2026-06-13T21:03:52Z
2026-06-13T21:02:15Z,2026-06-13T23:02:15+0200,37293abf-bd75-40d9-81b7-896ff667771a,2026-06-13T20:30:00Z,2026-06-13T22:30:00+0200,4144.56006,MW,FR,FR,forecast_onshore_wind_generation,Wind Onshore,2026-06-13T21:03:52Z
2026-06-13T21:02:15Z,2026-06-13T23:02:15+0200,37293abf-bd75-40d9-81b7-896ff667771a,2026-06-13T20:45:00Z,2026-06-13T22:45:00+0200,4242.32031,MW,FR,FR,forecast_onshore_wind_generation,Wind Onshore,2026-06-13T21:03:52Z
