collection_time_utc,collection_time_local,run_id,timestamp_utc,timestamp_local,value,unit,country,entsoe_area,variable,source,updated_at_utc
2026-08-11T19:03:52Z,2026-08-11T21:03:52+0200,d65ae107-0026-470c-8885-f57b4d7803f4,2026-07-11T19:15:00Z,2026-07-11T21:15:00+0200,154.64,EUR/MWh,DK2,DK_2,imbalance_price,Long,2026-08-11T19:14:45Z
2026-08-11T19:03:52Z,2026-08-11T21:03:52+0200,d65ae107-0026-470c-8885-f57b4d7803f4,2026-07-11T19:15:00Z,2026-07-11T21:15:00+0200,154.64,EUR/MWh,DK2,DK_2,imbalance_price,Short,2026-08-11T19:14:45Z
2026-08-11T19:03:52Z,2026-08-11T21:03:52+0200,d65ae107-0026-470c-8885-f57b4d7803f4,2026-07-11T19:30:00Z,2026-07-11T21:30:00+0200,157.95,EUR/MWh,DK2,DK_2,imbalance_price,Long,2026-08-11T19:14:45Z
2026-08-11T19:03:52Z,2026-08-11T21:03:52+0200,d65ae107-0026-470c-8885-f57b4d7803f4,2026-07-11T19:30:00Z,2026-07-11T21:30:00+0200,157.95,EUR/MWh,DK2,DK_2,imbalance_price,Short,2026-08-11T19:14:45Z
2026-08-11T19:03:52Z,2026-08-11T21:03:52+0200,d65ae107-0026-470c-8885-f57b4d7803f4,2026-07-11T19:45:00Z,2026-07-11T21:45:00+0200,92.9,EUR/MWh,DK2,DK_2,imbalance_price,Long,2026-08-11T19:14:45Z
2026-08-11T19:03:52Z,2026-08-11T21:03:52+0200,d65ae107-0026-470c-8885-f57b4d7803f4,2026-07-11T19:45:00Z,2026-07-11T21:45:00+0200,92.9,EUR/MWh,DK2,DK_2,imbalance_price,Short,2026-08-11T19:14:45Z
2026-08-11T19:03:52Z,2026-08-11T21:03:52+0200,d65ae107-0026-470c-8885-f57b4d7803f4,2026-07-11T20:00:00Z,2026-07-11T22:00:00+0200,93.71,EUR/MWh,DK2,DK_2,imbalance_price,Long,2026-08-11T19:14:45Z
2026-08-11T19:03:52Z,2026-08-11T21:03:52+0200,d65ae107-0026-470c-8885-f57b4d7803f4,2026-07-11T20:00:00Z,2026-07-11T22:00:00+0200,93.71,EUR/MWh,DK2,DK_2,imbalance_price,Short,2026-08-11T19:14:45Z
2026-08-11T19:03:52Z,2026-08-11T21:03:52+0200,d65ae107-0026-470c-8885-f57b4d7803f4,2026-07-11T20:15:00Z,2026-07-11T22:15:00+0200,91.55,EUR/MWh,DK2,DK_2,imbalance_price,Long,2026-08-11T19:14:45Z
2026-08-11T19:03:52Z,2026-08-11T21:03:52+0200,d65ae107-0026-470c-8885-f57b4d7803f4,2026-07-11T20:15:00Z,2026-07-11T22:15:00+0200,91.55,EUR/MWh,DK2,DK_2,imbalance_price,Short,2026-08-11T19:14:45Z
2026-08-11T19:03:52Z,2026-08-11T21:03:52+0200,d65ae107-0026-470c-8885-f57b4d7803f4,2026-07-11T20:30:00Z,2026-07-11T22:30:00+0200,103.14,EUR/MWh,DK2,DK_2,imbalance_price,Long,2026-08-11T19:14:45Z
2026-08-11T19:03:52Z,2026-08-11T21:03:52+0200,d65ae107-0026-470c-8885-f57b4d7803f4,2026-07-11T20:30:00Z,2026-07-11T22:30:00+0200,103.14,EUR/MWh,DK2,DK_2,imbalance_price,Short,2026-08-11T19:14:45Z
2026-08-11T19:03:52Z,2026-08-11T21:03:52+0200,d65ae107-0026-470c-8885-f57b4d7803f4,2026-07-11T20:45:00Z,2026-07-11T22:45:00+0200,109.25,EUR/MWh,DK2,DK_2,imbalance_price,Long,2026-08-11T19:14:45Z
2026-08-11T19:03:52Z,2026-08-11T21:03:52+0200,d65ae107-0026-470c-8885-f57b4d7803f4,2026-07-11T20:45:00Z,2026-07-11T22:45:00+0200,109.25,EUR/MWh,DK2,DK_2,imbalance_price,Short,2026-08-11T19:14:45Z
2026-08-11T19:03:52Z,2026-08-11T21:03:52+0200,d65ae107-0026-470c-8885-f57b4d7803f4,2026-07-11T21:00:00Z,2026-07-11T23:00:00+0200,89.84,EUR/MWh,DK2,DK_2,imbalance_price,Long,2026-08-11T19:14:45Z
2026-08-11T19:03:52Z,2026-08-11T21:03:52+0200,d65ae107-0026-470c-8885-f57b4d7803f4,2026-07-11T21:00:00Z,2026-07-11T23:00:00+0200,89.84,EUR/MWh,DK2,DK_2,imbalance_price,Short,2026-08-11T19:14:45Z
2026-08-11T19:03:52Z,2026-08-11T21:03:52+0200,d65ae107-0026-470c-8885-f57b4d7803f4,2026-07-11T21:15:00Z,2026-07-11T23:15:00+0200,145.3,EUR/MWh,DK2,DK_2,imbalance_price,Long,2026-08-11T19:14:45Z
2026-08-11T19:03:52Z,2026-08-11T21:03:52+0200,d65ae107-0026-470c-8885-f57b4d7803f4,2026-07-11T21:15:00Z,2026-07-11T23:15:00+0200,145.3,EUR/MWh,DK2,DK_2,imbalance_price,Short,2026-08-11T19:14:45Z
2026-08-11T19:03:52Z,2026-08-11T21:03:52+0200,d65ae107-0026-470c-8885-f57b4d7803f4,2026-07-11T21:30:00Z,2026-07-11T23:30:00+0200,98.15,EUR/MWh,DK2,DK_2,imbalance_price,Long,2026-08-11T19:14:45Z
2026-08-11T19:03:52Z,2026-08-11T21:03:52+0200,d65ae107-0026-470c-8885-f57b4d7803f4,2026-07-11T21:30:00Z,2026-07-11T23:30:00+0200,98.15,EUR/MWh,DK2,DK_2,imbalance_price,Short,2026-08-11T19:14:45Z
2026-08-11T19:03:52Z,2026-08-11T21:03:52+0200,d65ae107-0026-470c-8885-f57b4d7803f4,2026-07-11T21:45:00Z,2026-07-11T23:45:00+0200,89.09,EUR/MWh,DK2,DK_2,imbalance_price,Long,2026-08-11T19:14:45Z
2026-08-11T19:03:52Z,2026-08-11T21:03:52+0200,d65ae107-0026-470c-8885-f57b4d7803f4,2026-07-11T21:45:00Z,2026-07-11T23:45:00+0200,89.09,EUR/MWh,DK2,DK_2,imbalance_price,Short,2026-08-11T19:14:45Z
2026-08-11T19:03:52Z,2026-08-11T21:03:52+0200,d65ae107-0026-470c-8885-f57b4d7803f4,2026-07-11T22:00:00Z,2026-07-12T00:00:00+0200,107.5,EUR/MWh,DK2,DK_2,imbalance_price,Long,2026-08-11T19:14:45Z
2026-08-11T19:03:52Z,2026-08-11T21:03:52+0200,d65ae107-0026-470c-8885-f57b4d7803f4,2026-07-11T22:00:00Z,2026-07-12T00:00:00+0200,107.5,EUR/MWh,DK2,DK_2,imbalance_price,Short,2026-08-11T19:14:45Z
2026-08-11T19:03:52Z,2026-08-11T21:03:52+0200,d65ae107-0026-470c-8885-f57b4d7803f4,2026-07-11T22:15:00Z,2026-07-12T00:15:00+0200,88.61,EUR/MWh,DK2,DK_2,imbalance_price,Long,2026-08-11T19:14:45Z
2026-08-11T19:03:52Z,2026-08-11T21:03:52+0200,d65ae107-0026-470c-8885-f57b4d7803f4,2026-07-11T22:15:00Z,2026-07-12T00:15:00+0200,88.61,EUR/MWh,DK2,DK_2,imbalance_price,Short,2026-08-11T19:14:45Z
2026-08-11T19:03:52Z,2026-08-11T21:03:52+0200,d65ae107-0026-470c-8885-f57b4d7803f4,2026-07-11T22:30:00Z,2026-07-12T00:30:00+0200,92.21,EUR/MWh,DK2,DK_2,imbalance_price,Long,2026-08-11T19:14:45Z
2026-08-11T19:03:52Z,2026-08-11T21:03:52+0200,d65ae107-0026-470c-8885-f57b4d7803f4,2026-07-11T22:30:00Z,2026-07-12T00:30:00+0200,92.21,EUR/MWh,DK2,DK_2,imbalance_price,Short,2026-08-11T19:14:45Z
2026-08-11T19:03:52Z,2026-08-11T21:03:52+0200,d65ae107-0026-470c-8885-f57b4d7803f4,2026-07-11T22:45:00Z,2026-07-12T00:45:00+0200,91.23,EUR/MWh,DK2,DK_2,imbalance_price,Long,2026-08-11T19:14:45Z
2026-08-11T19:03:52Z,2026-08-11T21:03:52+0200,d65ae107-0026-470c-8885-f57b4d7803f4,2026-07-11T22:45:00Z,2026-07-12T00:45:00+0200,91.23,EUR/MWh,DK2,DK_2,imbalance_price,Short,2026-08-11T19:14:45Z
2026-08-11T19:03:52Z,2026-08-11T21:03:52+0200,d65ae107-0026-470c-8885-f57b4d7803f4,2026-07-11T23:00:00Z,2026-07-12T01:00:00+0200,93.28,EUR/MWh,DK2,DK_2,imbalance_price,Long,2026-08-11T19:14:45Z
2026-08-11T19:03:52Z,2026-08-11T21:03:52+0200,d65ae107-0026-470c-8885-f57b4d7803f4,2026-07-11T23:00:00Z,2026-07-12T01:00:00+0200,93.28,EUR/MWh,DK2,DK_2,imbalance_price,Short,2026-08-11T19:14:45Z
2026-08-11T19:03:52Z,2026-08-11T21:03:52+0200,d65ae107-0026-470c-8885-f57b4d7803f4,2026-07-11T23:15:00Z,2026-07-12T01:15:00+0200,89.98,EUR/MWh,DK2,DK_2,imbalance_price,Long,2026-08-11T19:14:45Z
2026-08-11T19:03:52Z,2026-08-11T21:03:52+0200,d65ae107-0026-470c-8885-f57b4d7803f4,2026-07-11T23:15:00Z,2026-07-12T01:15:00+0200,89.98,EUR/MWh,DK2,DK_2,imbalance_price,Short,2026-08-11T19:14:45Z
2026-08-11T19:03:52Z,2026-08-11T21:03:52+0200,d65ae107-0026-470c-8885-f57b4d7803f4,2026-07-11T23:30:00Z,2026-07-12T01:30:00+0200,90.85,EUR/MWh,DK2,DK_2,imbalance_price,Long,2026-08-11T19:14:45Z
2026-08-11T19:03:52Z,2026-08-11T21:03:52+0200,d65ae107-0026-470c-8885-f57b4d7803f4,2026-07-11T23:30:00Z,2026-07-12T01:30:00+0200,90.85,EUR/MWh,DK2,DK_2,imbalance_price,Short,2026-08-11T19:14:45Z
2026-08-11T19:03:52Z,2026-08-11T21:03:52+0200,d65ae107-0026-470c-8885-f57b4d7803f4,2026-07-11T23:45:00Z,2026-07-12T01:45:00+0200,90.77,EUR/MWh,DK2,DK_2,imbalance_price,Long,2026-08-11T19:14:45Z
2026-08-11T19:03:52Z,2026-08-11T21:03:52+0200,d65ae107-0026-470c-8885-f57b4d7803f4,2026-07-11T23:45:00Z,2026-07-12T01:45:00+0200,90.77,EUR/MWh,DK2,DK_2,imbalance_price,Short,2026-08-11T19:14:45Z
2026-08-11T19:03:52Z,2026-08-11T21:03:52+0200,d65ae107-0026-470c-8885-f57b4d7803f4,2026-07-12T00:00:00Z,2026-07-12T02:00:00+0200,77.92,EUR/MWh,DK2,DK_2,imbalance_price,Long,2026-08-11T19:14:45Z
2026-08-11T19:03:52Z,2026-08-11T21:03:52+0200,d65ae107-0026-470c-8885-f57b4d7803f4,2026-07-12T00:00:00Z,2026-07-12T02:00:00+0200,77.92,EUR/MWh,DK2,DK_2,imbalance_price,Short,2026-08-11T19:14:45Z
2026-08-11T19:03:52Z,2026-08-11T21:03:52+0200,d65ae107-0026-470c-8885-f57b4d7803f4,2026-07-12T00:15:00Z,2026-07-12T02:15:00+0200,87.54,EUR/MWh,DK2,DK_2,imbalance_price,Long,2026-08-11T19:14:45Z
2026-08-11T19:03:52Z,2026-08-11T21:03:52+0200,d65ae107-0026-470c-8885-f57b4d7803f4,2026-07-12T00:15:00Z,2026-07-12T02:15:00+0200,87.54,EUR/MWh,DK2,DK_2,imbalance_price,Short,2026-08-11T19:14:45Z
2026-08-11T19:03:52Z,2026-08-11T21:03:52+0200,d65ae107-0026-470c-8885-f57b4d7803f4,2026-07-12T00:30:00Z,2026-07-12T02:30:00+0200,93.45,EUR/MWh,DK2,DK_2,imbalance_price,Long,2026-08-11T19:14:45Z
2026-08-11T19:03:52Z,2026-08-11T21:03:52+0200,d65ae107-0026-470c-8885-f57b4d7803f4,2026-07-12T00:30:00Z,2026-07-12T02:30:00+0200,93.45,EUR/MWh,DK2,DK_2,imbalance_price,Short,2026-08-11T19:14:45Z
2026-08-11T19:03:52Z,2026-08-11T21:03:52+0200,d65ae107-0026-470c-8885-f57b4d7803f4,2026-07-12T00:45:00Z,2026-07-12T02:45:00+0200,89.11,EUR/MWh,DK2,DK_2,imbalance_price,Long,2026-08-11T19:14:45Z
2026-08-11T19:03:52Z,2026-08-11T21:03:52+0200,d65ae107-0026-470c-8885-f57b4d7803f4,2026-07-12T00:45:00Z,2026-07-12T02:45:00+0200,89.11,EUR/MWh,DK2,DK_2,imbalance_price,Short,2026-08-11T19:14:45Z
2026-08-11T19:03:52Z,2026-08-11T21:03:52+0200,d65ae107-0026-470c-8885-f57b4d7803f4,2026-07-12T01:00:00Z,2026-07-12T03:00:00+0200,127.94,EUR/MWh,DK2,DK_2,imbalance_price,Long,2026-08-11T19:14:45Z
2026-08-11T19:03:52Z,2026-08-11T21:03:52+0200,d65ae107-0026-470c-8885-f57b4d7803f4,2026-07-12T01:00:00Z,2026-07-12T03:00:00+0200,127.94,EUR/MWh,DK2,DK_2,imbalance_price,Short,2026-08-11T19:14:45Z
2026-08-11T19:03:52Z,2026-08-11T21:03:52+0200,d65ae107-0026-470c-8885-f57b4d7803f4,2026-07-12T01:15:00Z,2026-07-12T03:15:00+0200,56.31,EUR/MWh,DK2,DK_2,imbalance_price,Long,2026-08-11T19:14:45Z
2026-08-11T19:03:52Z,2026-08-11T21:03:52+0200,d65ae107-0026-470c-8885-f57b4d7803f4,2026-07-12T01:15:00Z,2026-07-12T03:15:00+0200,56.31,EUR/MWh,DK2,DK_2,imbalance_price,Short,2026-08-11T19:14:45Z
2026-08-11T19:03:52Z,2026-08-11T21:03:52+0200,d65ae107-0026-470c-8885-f57b4d7803f4,2026-07-12T01:30:00Z,2026-07-12T03:30:00+0200,86.82,EUR/MWh,DK2,DK_2,imbalance_price,Long,2026-08-11T19:14:45Z
2026-08-11T19:03:52Z,2026-08-11T21:03:52+0200,d65ae107-0026-470c-8885-f57b4d7803f4,2026-07-12T01:30:00Z,2026-07-12T03:30:00+0200,86.82,EUR/MWh,DK2,DK_2,imbalance_price,Short,2026-08-11T19:14:45Z
2026-08-11T19:03:52Z,2026-08-11T21:03:52+0200,d65ae107-0026-470c-8885-f57b4d7803f4,2026-07-12T01:45:00Z,2026-07-12T03:45:00+0200,72.26,EUR/MWh,DK2,DK_2,imbalance_price,Long,2026-08-11T19:14:45Z
2026-08-11T19:03:52Z,2026-08-11T21:03:52+0200,d65ae107-0026-470c-8885-f57b4d7803f4,2026-07-12T01:45:00Z,2026-07-12T03:45:00+0200,72.26,EUR/MWh,DK2,DK_2,imbalance_price,Short,2026-08-11T19:14:45Z
2026-08-11T19:03:52Z,2026-08-11T21:03:52+0200,d65ae107-0026-470c-8885-f57b4d7803f4,2026-07-12T02:00:00Z,2026-07-12T04:00:00+0200,75.47,EUR/MWh,DK2,DK_2,imbalance_price,Long,2026-08-11T19:14:45Z
2026-08-11T19:03:52Z,2026-08-11T21:03:52+0200,d65ae107-0026-470c-8885-f57b4d7803f4,2026-07-12T02:00:00Z,2026-07-12T04:00:00+0200,75.47,EUR/MWh,DK2,DK_2,imbalance_price,Short,2026-08-11T19:14:45Z
2026-08-11T19:03:52Z,2026-08-11T21:03:52+0200,d65ae107-0026-470c-8885-f57b4d7803f4,2026-07-12T02:15:00Z,2026-07-12T04:15:00+0200,123.24,EUR/MWh,DK2,DK_2,imbalance_price,Long,2026-08-11T19:14:45Z
2026-08-11T19:03:52Z,2026-08-11T21:03:52+0200,d65ae107-0026-470c-8885-f57b4d7803f4,2026-07-12T02:15:00Z,2026-07-12T04:15:00+0200,123.24,EUR/MWh,DK2,DK_2,imbalance_price,Short,2026-08-11T19:14:45Z
2026-08-11T19:03:52Z,2026-08-11T21:03:52+0200,d65ae107-0026-470c-8885-f57b4d7803f4,2026-07-12T02:30:00Z,2026-07-12T04:30:00+0200,121.12,EUR/MWh,DK2,DK_2,imbalance_price,Long,2026-08-11T19:14:45Z
2026-08-11T19:03:52Z,2026-08-11T21:03:52+0200,d65ae107-0026-470c-8885-f57b4d7803f4,2026-07-12T02:30:00Z,2026-07-12T04:30:00+0200,121.12,EUR/MWh,DK2,DK_2,imbalance_price,Short,2026-08-11T19:14:45Z
2026-08-11T19:03:52Z,2026-08-11T21:03:52+0200,d65ae107-0026-470c-8885-f57b4d7803f4,2026-07-12T02:45:00Z,2026-07-12T04:45:00+0200,21.39,EUR/MWh,DK2,DK_2,imbalance_price,Long,2026-08-11T19:14:45Z
2026-08-11T19:03:52Z,2026-08-11T21:03:52+0200,d65ae107-0026-470c-8885-f57b4d7803f4,2026-07-12T02:45:00Z,2026-07-12T04:45:00+0200,21.39,EUR/MWh,DK2,DK_2,imbalance_price,Short,2026-08-11T19:14:45Z
2026-08-11T19:03:52Z,2026-08-11T21:03:52+0200,d65ae107-0026-470c-8885-f57b4d7803f4,2026-07-12T03:00:00Z,2026-07-12T05:00:00+0200,21.01,EUR/MWh,DK2,DK_2,imbalance_price,Long,2026-08-11T19:14:45Z
2026-08-11T19:03:52Z,2026-08-11T21:03:52+0200,d65ae107-0026-470c-8885-f57b4d7803f4,2026-07-12T03:00:00Z,2026-07-12T05:00:00+0200,21.01,EUR/MWh,DK2,DK_2,imbalance_price,Short,2026-08-11T19:14:45Z
2026-08-11T19:03:52Z,2026-08-11T21:03:52+0200,d65ae107-0026-470c-8885-f57b4d7803f4,2026-07-12T03:15:00Z,2026-07-12T05:15:00+0200,40.19,EUR/MWh,DK2,DK_2,imbalance_price,Long,2026-08-11T19:14:45Z
2026-08-11T19:03:52Z,2026-08-11T21:03:52+0200,d65ae107-0026-470c-8885-f57b4d7803f4,2026-07-12T03:15:00Z,2026-07-12T05:15:00+0200,40.19,EUR/MWh,DK2,DK_2,imbalance_price,Short,2026-08-11T19:14:45Z
2026-08-11T19:03:52Z,2026-08-11T21:03:52+0200,d65ae107-0026-470c-8885-f57b4d7803f4,2026-07-12T03:30:00Z,2026-07-12T05:30:00+0200,25.45,EUR/MWh,DK2,DK_2,imbalance_price,Long,2026-08-11T19:14:45Z
2026-08-11T19:03:52Z,2026-08-11T21:03:52+0200,d65ae107-0026-470c-8885-f57b4d7803f4,2026-07-12T03:30:00Z,2026-07-12T05:30:00+0200,25.45,EUR/MWh,DK2,DK_2,imbalance_price,Short,2026-08-11T19:14:45Z
2026-08-11T19:03:52Z,2026-08-11T21:03:52+0200,d65ae107-0026-470c-8885-f57b4d7803f4,2026-07-12T03:45:00Z,2026-07-12T05:45:00+0200,-10.0,EUR/MWh,DK2,DK_2,imbalance_price,Long,2026-08-11T19:14:45Z
2026-08-11T19:03:52Z,2026-08-11T21:03:52+0200,d65ae107-0026-470c-8885-f57b4d7803f4,2026-07-12T03:45:00Z,2026-07-12T05:45:00+0200,-10.0,EUR/MWh,DK2,DK_2,imbalance_price,Short,2026-08-11T19:14:45Z
2026-08-11T19:03:52Z,2026-08-11T21:03:52+0200,d65ae107-0026-470c-8885-f57b4d7803f4,2026-07-12T04:00:00Z,2026-07-12T06:00:00+0200,118.91,EUR/MWh,DK2,DK_2,imbalance_price,Long,2026-08-11T19:14:45Z
2026-08-11T19:03:52Z,2026-08-11T21:03:52+0200,d65ae107-0026-470c-8885-f57b4d7803f4,2026-07-12T04:00:00Z,2026-07-12T06:00:00+0200,118.91,EUR/MWh,DK2,DK_2,imbalance_price,Short,2026-08-11T19:14:45Z
2026-08-11T19:03:52Z,2026-08-11T21:03:52+0200,d65ae107-0026-470c-8885-f57b4d7803f4,2026-07-12T04:15:00Z,2026-07-12T06:15:00+0200,112.34,EUR/MWh,DK2,DK_2,imbalance_price,Long,2026-08-11T19:14:45Z
2026-08-11T19:03:52Z,2026-08-11T21:03:52+0200,d65ae107-0026-470c-8885-f57b4d7803f4,2026-07-12T04:15:00Z,2026-07-12T06:15:00+0200,112.34,EUR/MWh,DK2,DK_2,imbalance_price,Short,2026-08-11T19:14:45Z
2026-08-11T19:03:52Z,2026-08-11T21:03:52+0200,d65ae107-0026-470c-8885-f57b4d7803f4,2026-07-12T04:30:00Z,2026-07-12T06:30:00+0200,130.68,EUR/MWh,DK2,DK_2,imbalance_price,Long,2026-08-11T19:14:45Z
2026-08-11T19:03:52Z,2026-08-11T21:03:52+0200,d65ae107-0026-470c-8885-f57b4d7803f4,2026-07-12T04:30:00Z,2026-07-12T06:30:00+0200,130.68,EUR/MWh,DK2,DK_2,imbalance_price,Short,2026-08-11T19:14:45Z
2026-08-11T19:03:52Z,2026-08-11T21:03:52+0200,d65ae107-0026-470c-8885-f57b4d7803f4,2026-07-12T04:45:00Z,2026-07-12T06:45:00+0200,108.89,EUR/MWh,DK2,DK_2,imbalance_price,Long,2026-08-11T19:14:45Z
2026-08-11T19:03:52Z,2026-08-11T21:03:52+0200,d65ae107-0026-470c-8885-f57b4d7803f4,2026-07-12T04:45:00Z,2026-07-12T06:45:00+0200,108.89,EUR/MWh,DK2,DK_2,imbalance_price,Short,2026-08-11T19:14:45Z
2026-08-11T19:03:52Z,2026-08-11T21:03:52+0200,d65ae107-0026-470c-8885-f57b4d7803f4,2026-07-12T05:00:00Z,2026-07-12T07:00:00+0200,294.36,EUR/MWh,DK2,DK_2,imbalance_price,Long,2026-08-11T19:14:45Z
2026-08-11T19:03:52Z,2026-08-11T21:03:52+0200,d65ae107-0026-470c-8885-f57b4d7803f4,2026-07-12T05:00:00Z,2026-07-12T07:00:00+0200,294.36,EUR/MWh,DK2,DK_2,imbalance_price,Short,2026-08-11T19:14:45Z
2026-08-11T19:03:52Z,2026-08-11T21:03:52+0200,d65ae107-0026-470c-8885-f57b4d7803f4,2026-07-12T05:15:00Z,2026-07-12T07:15:00+0200,374.61,EUR/MWh,DK2,DK_2,imbalance_price,Long,2026-08-11T19:14:45Z
2026-08-11T19:03:52Z,2026-08-11T21:03:52+0200,d65ae107-0026-470c-8885-f57b4d7803f4,2026-07-12T05:15:00Z,2026-07-12T07:15:00+0200,374.61,EUR/MWh,DK2,DK_2,imbalance_price,Short,2026-08-11T19:14:45Z
2026-08-11T19:03:52Z,2026-08-11T21:03:52+0200,d65ae107-0026-470c-8885-f57b4d7803f4,2026-07-12T05:30:00Z,2026-07-12T07:30:00+0200,101.21,EUR/MWh,DK2,DK_2,imbalance_price,Long,2026-08-11T19:14:45Z
2026-08-11T19:03:52Z,2026-08-11T21:03:52+0200,d65ae107-0026-470c-8885-f57b4d7803f4,2026-07-12T05:30:00Z,2026-07-12T07:30:00+0200,101.21,EUR/MWh,DK2,DK_2,imbalance_price,Short,2026-08-11T19:14:45Z
2026-08-11T19:03:52Z,2026-08-11T21:03:52+0200,d65ae107-0026-470c-8885-f57b4d7803f4,2026-07-12T05:45:00Z,2026-07-12T07:45:00+0200,40.81,EUR/MWh,DK2,DK_2,imbalance_price,Long,2026-08-11T19:14:45Z
2026-08-11T19:03:52Z,2026-08-11T21:03:52+0200,d65ae107-0026-470c-8885-f57b4d7803f4,2026-07-12T05:45:00Z,2026-07-12T07:45:00+0200,40.81,EUR/MWh,DK2,DK_2,imbalance_price,Short,2026-08-11T19:14:45Z
2026-08-11T19:03:52Z,2026-08-11T21:03:52+0200,d65ae107-0026-470c-8885-f57b4d7803f4,2026-07-12T06:00:00Z,2026-07-12T08:00:00+0200,103.56,EUR/MWh,DK2,DK_2,imbalance_price,Long,2026-08-11T19:14:45Z
2026-08-11T19:03:52Z,2026-08-11T21:03:52+0200,d65ae107-0026-470c-8885-f57b4d7803f4,2026-07-12T06:00:00Z,2026-07-12T08:00:00+0200,103.56,EUR/MWh,DK2,DK_2,imbalance_price,Short,2026-08-11T19:14:45Z
2026-08-11T19:03:52Z,2026-08-11T21:03:52+0200,d65ae107-0026-470c-8885-f57b4d7803f4,2026-07-12T06:15:00Z,2026-07-12T08:15:00+0200,3.08,EUR/MWh,DK2,DK_2,imbalance_price,Long,2026-08-11T19:14:45Z
2026-08-11T19:03:52Z,2026-08-11T21:03:52+0200,d65ae107-0026-470c-8885-f57b4d7803f4,2026-07-12T06:15:00Z,2026-07-12T08:15:00+0200,3.08,EUR/MWh,DK2,DK_2,imbalance_price,Short,2026-08-11T19:14:45Z
2026-08-11T19:03:52Z,2026-08-11T21:03:52+0200,d65ae107-0026-470c-8885-f57b4d7803f4,2026-07-12T06:30:00Z,2026-07-12T08:30:00+0200,5.64,EUR/MWh,DK2,DK_2,imbalance_price,Long,2026-08-11T19:14:45Z
2026-08-11T19:03:52Z,2026-08-11T21:03:52+0200,d65ae107-0026-470c-8885-f57b4d7803f4,2026-07-12T06:30:00Z,2026-07-12T08:30:00+0200,5.64,EUR/MWh,DK2,DK_2,imbalance_price,Short,2026-08-11T19:14:45Z
2026-08-11T19:03:52Z,2026-08-11T21:03:52+0200,d65ae107-0026-470c-8885-f57b4d7803f4,2026-07-12T06:45:00Z,2026-07-12T08:45:00+0200,-10.73,EUR/MWh,DK2,DK_2,imbalance_price,Long,2026-08-11T19:14:45Z
2026-08-11T19:03:52Z,2026-08-11T21:03:52+0200,d65ae107-0026-470c-8885-f57b4d7803f4,2026-07-12T06:45:00Z,2026-07-12T08:45:00+0200,-10.73,EUR/MWh,DK2,DK_2,imbalance_price,Short,2026-08-11T19:14:45Z
2026-08-11T19:03:52Z,2026-08-11T21:03:52+0200,d65ae107-0026-470c-8885-f57b4d7803f4,2026-07-12T07:00:00Z,2026-07-12T09:00:00+0200,-10.0,EUR/MWh,DK2,DK_2,imbalance_price,Long,2026-08-11T19:14:45Z
2026-08-11T19:03:52Z,2026-08-11T21:03:52+0200,d65ae107-0026-470c-8885-f57b4d7803f4,2026-07-12T07:00:00Z,2026-07-12T09:00:00+0200,-10.0,EUR/MWh,DK2,DK_2,imbalance_price,Short,2026-08-11T19:14:45Z
2026-08-11T19:03:52Z,2026-08-11T21:03:52+0200,d65ae107-0026-470c-8885-f57b4d7803f4,2026-07-12T07:15:00Z,2026-07-12T09:15:00+0200,-5.0,EUR/MWh,DK2,DK_2,imbalance_price,Long,2026-08-11T19:14:45Z
2026-08-11T19:03:52Z,2026-08-11T21:03:52+0200,d65ae107-0026-470c-8885-f57b4d7803f4,2026-07-12T07:15:00Z,2026-07-12T09:15:00+0200,-5.0,EUR/MWh,DK2,DK_2,imbalance_price,Short,2026-08-11T19:14:45Z
2026-08-11T19:03:52Z,2026-08-11T21:03:52+0200,d65ae107-0026-470c-8885-f57b4d7803f4,2026-07-12T07:30:00Z,2026-07-12T09:30:00+0200,-6.69,EUR/MWh,DK2,DK_2,imbalance_price,Long,2026-08-11T19:14:45Z
2026-08-11T19:03:52Z,2026-08-11T21:03:52+0200,d65ae107-0026-470c-8885-f57b4d7803f4,2026-07-12T07:30:00Z,2026-07-12T09:30:00+0200,-6.69,EUR/MWh,DK2,DK_2,imbalance_price,Short,2026-08-11T19:14:45Z
2026-08-11T19:03:52Z,2026-08-11T21:03:52+0200,d65ae107-0026-470c-8885-f57b4d7803f4,2026-07-12T07:45:00Z,2026-07-12T09:45:00+0200,-19.78,EUR/MWh,DK2,DK_2,imbalance_price,Long,2026-08-11T19:14:45Z
2026-08-11T19:03:52Z,2026-08-11T21:03:52+0200,d65ae107-0026-470c-8885-f57b4d7803f4,2026-07-12T07:45:00Z,2026-07-12T09:45:00+0200,-19.78,EUR/MWh,DK2,DK_2,imbalance_price,Short,2026-08-11T19:14:45Z
2026-08-11T19:03:52Z,2026-08-11T21:03:52+0200,d65ae107-0026-470c-8885-f57b4d7803f4,2026-07-12T08:00:00Z,2026-07-12T10:00:00+0200,-10.14,EUR/MWh,DK2,DK_2,imbalance_price,Long,2026-08-11T19:14:45Z
2026-08-11T19:03:52Z,2026-08-11T21:03:52+0200,d65ae107-0026-470c-8885-f57b4d7803f4,2026-07-12T08:00:00Z,2026-07-12T10:00:00+0200,-10.14,EUR/MWh,DK2,DK_2,imbalance_price,Short,2026-08-11T19:14:45Z
2026-08-11T19:03:52Z,2026-08-11T21:03:52+0200,d65ae107-0026-470c-8885-f57b4d7803f4,2026-07-12T08:15:00Z,2026-07-12T10:15:00+0200,-12.37,EUR/MWh,DK2,DK_2,imbalance_price,Long,2026-08-11T19:14:45Z
2026-08-11T19:03:52Z,2026-08-11T21:03:52+0200,d65ae107-0026-470c-8885-f57b4d7803f4,2026-07-12T08:15:00Z,2026-07-12T10:15:00+0200,-12.37,EUR/MWh,DK2,DK_2,imbalance_price,Short,2026-08-11T19:14:45Z
2026-08-11T19:03:52Z,2026-08-11T21:03:52+0200,d65ae107-0026-470c-8885-f57b4d7803f4,2026-07-12T08:30:00Z,2026-07-12T10:30:00+0200,-14.46,EUR/MWh,DK2,DK_2,imbalance_price,Long,2026-08-11T19:14:45Z
2026-08-11T19:03:52Z,2026-08-11T21:03:52+0200,d65ae107-0026-470c-8885-f57b4d7803f4,2026-07-12T08:30:00Z,2026-07-12T10:30:00+0200,-14.46,EUR/MWh,DK2,DK_2,imbalance_price,Short,2026-08-11T19:14:45Z
2026-08-11T19:03:52Z,2026-08-11T21:03:52+0200,d65ae107-0026-470c-8885-f57b4d7803f4,2026-07-12T08:45:00Z,2026-07-12T10:45:00+0200,-8.6,EUR/MWh,DK2,DK_2,imbalance_price,Long,2026-08-11T19:14:45Z
2026-08-11T19:03:52Z,2026-08-11T21:03:52+0200,d65ae107-0026-470c-8885-f57b4d7803f4,2026-07-12T08:45:00Z,2026-07-12T10:45:00+0200,-8.6,EUR/MWh,DK2,DK_2,imbalance_price,Short,2026-08-11T19:14:45Z
2026-08-11T19:03:52Z,2026-08-11T21:03:52+0200,d65ae107-0026-470c-8885-f57b4d7803f4,2026-07-12T09:00:00Z,2026-07-12T11:00:00+0200,-3.9,EUR/MWh,DK2,DK_2,imbalance_price,Long,2026-08-11T19:14:45Z
2026-08-11T19:03:52Z,2026-08-11T21:03:52+0200,d65ae107-0026-470c-8885-f57b4d7803f4,2026-07-12T09:00:00Z,2026-07-12T11:00:00+0200,-3.9,EUR/MWh,DK2,DK_2,imbalance_price,Short,2026-08-11T19:14:45Z
2026-08-11T19:03:52Z,2026-08-11T21:03:52+0200,d65ae107-0026-470c-8885-f57b4d7803f4,2026-07-12T09:15:00Z,2026-07-12T11:15:00+0200,-10.86,EUR/MWh,DK2,DK_2,imbalance_price,Long,2026-08-11T19:14:45Z
2026-08-11T19:03:52Z,2026-08-11T21:03:52+0200,d65ae107-0026-470c-8885-f57b4d7803f4,2026-07-12T09:15:00Z,2026-07-12T11:15:00+0200,-10.86,EUR/MWh,DK2,DK_2,imbalance_price,Short,2026-08-11T19:14:45Z
2026-08-11T19:03:52Z,2026-08-11T21:03:52+0200,d65ae107-0026-470c-8885-f57b4d7803f4,2026-07-12T09:30:00Z,2026-07-12T11:30:00+0200,-6.69,EUR/MWh,DK2,DK_2,imbalance_price,Long,2026-08-11T19:14:45Z
2026-08-11T19:03:52Z,2026-08-11T21:03:52+0200,d65ae107-0026-470c-8885-f57b4d7803f4,2026-07-12T09:30:00Z,2026-07-12T11:30:00+0200,-6.69,EUR/MWh,DK2,DK_2,imbalance_price,Short,2026-08-11T19:14:45Z
2026-08-11T19:03:52Z,2026-08-11T21:03:52+0200,d65ae107-0026-470c-8885-f57b4d7803f4,2026-07-12T09:45:00Z,2026-07-12T11:45:00+0200,-6.9,EUR/MWh,DK2,DK_2,imbalance_price,Long,2026-08-11T19:14:45Z
2026-08-11T19:03:52Z,2026-08-11T21:03:52+0200,d65ae107-0026-470c-8885-f57b4d7803f4,2026-07-12T09:45:00Z,2026-07-12T11:45:00+0200,-6.9,EUR/MWh,DK2,DK_2,imbalance_price,Short,2026-08-11T19:14:45Z
2026-08-11T19:03:52Z,2026-08-11T21:03:52+0200,d65ae107-0026-470c-8885-f57b4d7803f4,2026-07-12T10:00:00Z,2026-07-12T12:00:00+0200,-13.29,EUR/MWh,DK2,DK_2,imbalance_price,Long,2026-08-11T19:14:45Z
2026-08-11T19:03:52Z,2026-08-11T21:03:52+0200,d65ae107-0026-470c-8885-f57b4d7803f4,2026-07-12T10:00:00Z,2026-07-12T12:00:00+0200,-13.29,EUR/MWh,DK2,DK_2,imbalance_price,Short,2026-08-11T19:14:45Z
2026-08-11T19:03:52Z,2026-08-11T21:03:52+0200,d65ae107-0026-470c-8885-f57b4d7803f4,2026-07-12T10:15:00Z,2026-07-12T12:15:00+0200,-7.85,EUR/MWh,DK2,DK_2,imbalance_price,Long,2026-08-11T19:14:45Z
2026-08-11T19:03:52Z,2026-08-11T21:03:52+0200,d65ae107-0026-470c-8885-f57b4d7803f4,2026-07-12T10:15:00Z,2026-07-12T12:15:00+0200,-7.85,EUR/MWh,DK2,DK_2,imbalance_price,Short,2026-08-11T19:14:45Z
2026-08-11T19:03:52Z,2026-08-11T21:03:52+0200,d65ae107-0026-470c-8885-f57b4d7803f4,2026-07-12T10:30:00Z,2026-07-12T12:30:00+0200,-17.88,EUR/MWh,DK2,DK_2,imbalance_price,Long,2026-08-11T19:14:45Z
2026-08-11T19:03:52Z,2026-08-11T21:03:52+0200,d65ae107-0026-470c-8885-f57b4d7803f4,2026-07-12T10:30:00Z,2026-07-12T12:30:00+0200,-17.88,EUR/MWh,DK2,DK_2,imbalance_price,Short,2026-08-11T19:14:45Z
2026-08-11T19:03:52Z,2026-08-11T21:03:52+0200,d65ae107-0026-470c-8885-f57b4d7803f4,2026-07-12T10:45:00Z,2026-07-12T12:45:00+0200,-15.79,EUR/MWh,DK2,DK_2,imbalance_price,Long,2026-08-11T19:14:45Z
2026-08-11T19:03:52Z,2026-08-11T21:03:52+0200,d65ae107-0026-470c-8885-f57b4d7803f4,2026-07-12T10:45:00Z,2026-07-12T12:45:00+0200,-15.79,EUR/MWh,DK2,DK_2,imbalance_price,Short,2026-08-11T19:14:45Z
2026-08-11T19:03:52Z,2026-08-11T21:03:52+0200,d65ae107-0026-470c-8885-f57b4d7803f4,2026-07-12T11:00:00Z,2026-07-12T13:00:00+0200,-9.8,EUR/MWh,DK2,DK_2,imbalance_price,Long,2026-08-11T19:14:45Z
2026-08-11T19:03:52Z,2026-08-11T21:03:52+0200,d65ae107-0026-470c-8885-f57b4d7803f4,2026-07-12T11:00:00Z,2026-07-12T13:00:00+0200,-9.8,EUR/MWh,DK2,DK_2,imbalance_price,Short,2026-08-11T19:14:45Z
2026-08-11T19:03:52Z,2026-08-11T21:03:52+0200,d65ae107-0026-470c-8885-f57b4d7803f4,2026-07-12T11:15:00Z,2026-07-12T13:15:00+0200,-20.78,EUR/MWh,DK2,DK_2,imbalance_price,Long,2026-08-11T19:14:45Z
2026-08-11T19:03:52Z,2026-08-11T21:03:52+0200,d65ae107-0026-470c-8885-f57b4d7803f4,2026-07-12T11:15:00Z,2026-07-12T13:15:00+0200,-20.78,EUR/MWh,DK2,DK_2,imbalance_price,Short,2026-08-11T19:14:45Z
2026-08-11T19:03:52Z,2026-08-11T21:03:52+0200,d65ae107-0026-470c-8885-f57b4d7803f4,2026-07-12T11:30:00Z,2026-07-12T13:30:00+0200,-6.69,EUR/MWh,DK2,DK_2,imbalance_price,Long,2026-08-11T19:14:45Z
2026-08-11T19:03:52Z,2026-08-11T21:03:52+0200,d65ae107-0026-470c-8885-f57b4d7803f4,2026-07-12T11:30:00Z,2026-07-12T13:30:00+0200,-6.69,EUR/MWh,DK2,DK_2,imbalance_price,Short,2026-08-11T19:14:45Z
2026-08-11T19:03:52Z,2026-08-11T21:03:52+0200,d65ae107-0026-470c-8885-f57b4d7803f4,2026-07-12T11:45:00Z,2026-07-12T13:45:00+0200,-10.52,EUR/MWh,DK2,DK_2,imbalance_price,Long,2026-08-11T19:14:45Z
2026-08-11T19:03:52Z,2026-08-11T21:03:52+0200,d65ae107-0026-470c-8885-f57b4d7803f4,2026-07-12T11:45:00Z,2026-07-12T13:45:00+0200,-10.52,EUR/MWh,DK2,DK_2,imbalance_price,Short,2026-08-11T19:14:45Z
2026-08-11T19:03:52Z,2026-08-11T21:03:52+0200,d65ae107-0026-470c-8885-f57b4d7803f4,2026-07-12T12:00:00Z,2026-07-12T14:00:00+0200,-17.3,EUR/MWh,DK2,DK_2,imbalance_price,Long,2026-08-11T19:14:45Z
2026-08-11T19:03:52Z,2026-08-11T21:03:52+0200,d65ae107-0026-470c-8885-f57b4d7803f4,2026-07-12T12:00:00Z,2026-07-12T14:00:00+0200,-17.3,EUR/MWh,DK2,DK_2,imbalance_price,Short,2026-08-11T19:14:45Z
2026-08-11T19:03:52Z,2026-08-11T21:03:52+0200,d65ae107-0026-470c-8885-f57b4d7803f4,2026-07-12T12:15:00Z,2026-07-12T14:15:00+0200,-19.38,EUR/MWh,DK2,DK_2,imbalance_price,Long,2026-08-11T19:14:45Z
2026-08-11T19:03:52Z,2026-08-11T21:03:52+0200,d65ae107-0026-470c-8885-f57b4d7803f4,2026-07-12T12:15:00Z,2026-07-12T14:15:00+0200,-19.38,EUR/MWh,DK2,DK_2,imbalance_price,Short,2026-08-11T19:14:45Z
2026-08-11T19:03:52Z,2026-08-11T21:03:52+0200,d65ae107-0026-470c-8885-f57b4d7803f4,2026-07-12T12:30:00Z,2026-07-12T14:30:00+0200,-18.53,EUR/MWh,DK2,DK_2,imbalance_price,Long,2026-08-11T19:14:45Z
2026-08-11T19:03:52Z,2026-08-11T21:03:52+0200,d65ae107-0026-470c-8885-f57b4d7803f4,2026-07-12T12:30:00Z,2026-07-12T14:30:00+0200,-18.53,EUR/MWh,DK2,DK_2,imbalance_price,Short,2026-08-11T19:14:45Z
2026-08-11T19:03:52Z,2026-08-11T21:03:52+0200,d65ae107-0026-470c-8885-f57b4d7803f4,2026-07-12T12:45:00Z,2026-07-12T14:45:00+0200,-17.3,EUR/MWh,DK2,DK_2,imbalance_price,Long,2026-08-11T19:14:45Z
2026-08-11T19:03:52Z,2026-08-11T21:03:52+0200,d65ae107-0026-470c-8885-f57b4d7803f4,2026-07-12T12:45:00Z,2026-07-12T14:45:00+0200,-17.3,EUR/MWh,DK2,DK_2,imbalance_price,Short,2026-08-11T19:14:45Z
2026-08-11T19:03:52Z,2026-08-11T21:03:52+0200,d65ae107-0026-470c-8885-f57b4d7803f4,2026-07-12T13:00:00Z,2026-07-12T15:00:00+0200,-32.37,EUR/MWh,DK2,DK_2,imbalance_price,Long,2026-08-11T19:14:45Z
2026-08-11T19:03:52Z,2026-08-11T21:03:52+0200,d65ae107-0026-470c-8885-f57b4d7803f4,2026-07-12T13:00:00Z,2026-07-12T15:00:00+0200,-32.37,EUR/MWh,DK2,DK_2,imbalance_price,Short,2026-08-11T19:14:45Z
2026-08-11T19:03:52Z,2026-08-11T21:03:52+0200,d65ae107-0026-470c-8885-f57b4d7803f4,2026-07-12T13:15:00Z,2026-07-12T15:15:00+0200,-20.68,EUR/MWh,DK2,DK_2,imbalance_price,Long,2026-08-11T19:14:45Z
2026-08-11T19:03:52Z,2026-08-11T21:03:52+0200,d65ae107-0026-470c-8885-f57b4d7803f4,2026-07-12T13:15:00Z,2026-07-12T15:15:00+0200,-20.68,EUR/MWh,DK2,DK_2,imbalance_price,Short,2026-08-11T19:14:45Z
2026-08-11T19:03:52Z,2026-08-11T21:03:52+0200,d65ae107-0026-470c-8885-f57b4d7803f4,2026-07-12T13:30:00Z,2026-07-12T15:30:00+0200,-12.44,EUR/MWh,DK2,DK_2,imbalance_price,Long,2026-08-11T19:14:45Z
2026-08-11T19:03:52Z,2026-08-11T21:03:52+0200,d65ae107-0026-470c-8885-f57b4d7803f4,2026-07-12T13:30:00Z,2026-07-12T15:30:00+0200,-12.44,EUR/MWh,DK2,DK_2,imbalance_price,Short,2026-08-11T19:14:45Z
2026-08-11T19:03:52Z,2026-08-11T21:03:52+0200,d65ae107-0026-470c-8885-f57b4d7803f4,2026-07-12T13:45:00Z,2026-07-12T15:45:00+0200,-10.0,EUR/MWh,DK2,DK_2,imbalance_price,Long,2026-08-11T19:14:45Z
2026-08-11T19:03:52Z,2026-08-11T21:03:52+0200,d65ae107-0026-470c-8885-f57b4d7803f4,2026-07-12T13:45:00Z,2026-07-12T15:45:00+0200,-10.0,EUR/MWh,DK2,DK_2,imbalance_price,Short,2026-08-11T19:14:45Z
2026-08-11T19:03:52Z,2026-08-11T21:03:52+0200,d65ae107-0026-470c-8885-f57b4d7803f4,2026-07-12T14:00:00Z,2026-07-12T16:00:00+0200,-23.77,EUR/MWh,DK2,DK_2,imbalance_price,Long,2026-08-11T19:14:45Z
2026-08-11T19:03:52Z,2026-08-11T21:03:52+0200,d65ae107-0026-470c-8885-f57b4d7803f4,2026-07-12T14:00:00Z,2026-07-12T16:00:00+0200,-23.77,EUR/MWh,DK2,DK_2,imbalance_price,Short,2026-08-11T19:14:45Z
2026-08-11T19:03:52Z,2026-08-11T21:03:52+0200,d65ae107-0026-470c-8885-f57b4d7803f4,2026-07-12T14:15:00Z,2026-07-12T16:15:00+0200,-10.0,EUR/MWh,DK2,DK_2,imbalance_price,Long,2026-08-11T19:14:45Z
2026-08-11T19:03:52Z,2026-08-11T21:03:52+0200,d65ae107-0026-470c-8885-f57b4d7803f4,2026-07-12T14:15:00Z,2026-07-12T16:15:00+0200,-10.0,EUR/MWh,DK2,DK_2,imbalance_price,Short,2026-08-11T19:14:45Z
2026-08-11T19:03:52Z,2026-08-11T21:03:52+0200,d65ae107-0026-470c-8885-f57b4d7803f4,2026-07-12T14:30:00Z,2026-07-12T16:30:00+0200,-30.94,EUR/MWh,DK2,DK_2,imbalance_price,Long,2026-08-11T19:14:45Z
2026-08-11T19:03:52Z,2026-08-11T21:03:52+0200,d65ae107-0026-470c-8885-f57b4d7803f4,2026-07-12T14:30:00Z,2026-07-12T16:30:00+0200,-30.94,EUR/MWh,DK2,DK_2,imbalance_price,Short,2026-08-11T19:14:45Z
2026-08-11T19:03:52Z,2026-08-11T21:03:52+0200,d65ae107-0026-470c-8885-f57b4d7803f4,2026-07-12T14:45:00Z,2026-07-12T16:45:00+0200,-26.97,EUR/MWh,DK2,DK_2,imbalance_price,Long,2026-08-11T19:14:45Z
2026-08-11T19:03:52Z,2026-08-11T21:03:52+0200,d65ae107-0026-470c-8885-f57b4d7803f4,2026-07-12T14:45:00Z,2026-07-12T16:45:00+0200,-26.97,EUR/MWh,DK2,DK_2,imbalance_price,Short,2026-08-11T19:14:45Z
2026-08-11T19:03:52Z,2026-08-11T21:03:52+0200,d65ae107-0026-470c-8885-f57b4d7803f4,2026-07-12T15:00:00Z,2026-07-12T17:00:00+0200,13.15,EUR/MWh,DK2,DK_2,imbalance_price,Long,2026-08-11T19:14:45Z
2026-08-11T19:03:52Z,2026-08-11T21:03:52+0200,d65ae107-0026-470c-8885-f57b4d7803f4,2026-07-12T15:00:00Z,2026-07-12T17:00:00+0200,13.15,EUR/MWh,DK2,DK_2,imbalance_price,Short,2026-08-11T19:14:45Z
2026-08-11T19:03:52Z,2026-08-11T21:03:52+0200,d65ae107-0026-470c-8885-f57b4d7803f4,2026-07-12T15:15:00Z,2026-07-12T17:15:00+0200,-58.52,EUR/MWh,DK2,DK_2,imbalance_price,Long,2026-08-11T19:14:45Z
2026-08-11T19:03:52Z,2026-08-11T21:03:52+0200,d65ae107-0026-470c-8885-f57b4d7803f4,2026-07-12T15:15:00Z,2026-07-12T17:15:00+0200,-58.52,EUR/MWh,DK2,DK_2,imbalance_price,Short,2026-08-11T19:14:45Z
2026-08-11T19:03:52Z,2026-08-11T21:03:52+0200,d65ae107-0026-470c-8885-f57b4d7803f4,2026-07-12T15:30:00Z,2026-07-12T17:30:00+0200,-12.18,EUR/MWh,DK2,DK_2,imbalance_price,Long,2026-08-11T19:14:45Z
2026-08-11T19:03:52Z,2026-08-11T21:03:52+0200,d65ae107-0026-470c-8885-f57b4d7803f4,2026-07-12T15:30:00Z,2026-07-12T17:30:00+0200,-12.18,EUR/MWh,DK2,DK_2,imbalance_price,Short,2026-08-11T19:14:45Z
2026-08-11T19:03:52Z,2026-08-11T21:03:52+0200,d65ae107-0026-470c-8885-f57b4d7803f4,2026-07-12T15:45:00Z,2026-07-12T17:45:00+0200,-10.0,EUR/MWh,DK2,DK_2,imbalance_price,Long,2026-08-11T19:14:45Z
2026-08-11T19:03:52Z,2026-08-11T21:03:52+0200,d65ae107-0026-470c-8885-f57b4d7803f4,2026-07-12T15:45:00Z,2026-07-12T17:45:00+0200,-10.0,EUR/MWh,DK2,DK_2,imbalance_price,Short,2026-08-11T19:14:45Z
2026-08-11T19:03:52Z,2026-08-11T21:03:52+0200,d65ae107-0026-470c-8885-f57b4d7803f4,2026-07-12T16:00:00Z,2026-07-12T18:00:00+0200,-5.0,EUR/MWh,DK2,DK_2,imbalance_price,Long,2026-08-11T19:14:45Z
2026-08-11T19:03:52Z,2026-08-11T21:03:52+0200,d65ae107-0026-470c-8885-f57b4d7803f4,2026-07-12T16:00:00Z,2026-07-12T18:00:00+0200,-5.0,EUR/MWh,DK2,DK_2,imbalance_price,Short,2026-08-11T19:14:45Z
2026-08-11T19:03:52Z,2026-08-11T21:03:52+0200,d65ae107-0026-470c-8885-f57b4d7803f4,2026-07-12T16:15:00Z,2026-07-12T18:15:00+0200,-0.94,EUR/MWh,DK2,DK_2,imbalance_price,Long,2026-08-11T19:14:45Z
2026-08-11T19:03:52Z,2026-08-11T21:03:52+0200,d65ae107-0026-470c-8885-f57b4d7803f4,2026-07-12T16:15:00Z,2026-07-12T18:15:00+0200,-0.94,EUR/MWh,DK2,DK_2,imbalance_price,Short,2026-08-11T19:14:45Z
2026-08-11T19:03:52Z,2026-08-11T21:03:52+0200,d65ae107-0026-470c-8885-f57b4d7803f4,2026-07-12T16:30:00Z,2026-07-12T18:30:00+0200,401.33,EUR/MWh,DK2,DK_2,imbalance_price,Long,2026-08-11T19:14:45Z
2026-08-11T19:03:52Z,2026-08-11T21:03:52+0200,d65ae107-0026-470c-8885-f57b4d7803f4,2026-07-12T16:30:00Z,2026-07-12T18:30:00+0200,401.33,EUR/MWh,DK2,DK_2,imbalance_price,Short,2026-08-11T19:14:45Z
2026-08-11T19:03:52Z,2026-08-11T21:03:52+0200,d65ae107-0026-470c-8885-f57b4d7803f4,2026-07-12T16:45:00Z,2026-07-12T18:45:00+0200,124.28,EUR/MWh,DK2,DK_2,imbalance_price,Long,2026-08-11T19:14:45Z
2026-08-11T19:03:52Z,2026-08-11T21:03:52+0200,d65ae107-0026-470c-8885-f57b4d7803f4,2026-07-12T16:45:00Z,2026-07-12T18:45:00+0200,124.28,EUR/MWh,DK2,DK_2,imbalance_price,Short,2026-08-11T19:14:45Z
2026-08-11T19:03:52Z,2026-08-11T21:03:52+0200,d65ae107-0026-470c-8885-f57b4d7803f4,2026-07-12T17:00:00Z,2026-07-12T19:00:00+0200,120.04,EUR/MWh,DK2,DK_2,imbalance_price,Long,2026-08-11T19:14:45Z
2026-08-11T19:03:52Z,2026-08-11T21:03:52+0200,d65ae107-0026-470c-8885-f57b4d7803f4,2026-07-12T17:00:00Z,2026-07-12T19:00:00+0200,120.04,EUR/MWh,DK2,DK_2,imbalance_price,Short,2026-08-11T19:14:45Z
2026-08-11T19:03:52Z,2026-08-11T21:03:52+0200,d65ae107-0026-470c-8885-f57b4d7803f4,2026-07-12T17:15:00Z,2026-07-12T19:15:00+0200,131.04,EUR/MWh,DK2,DK_2,imbalance_price,Long,2026-08-11T19:14:45Z
2026-08-11T19:03:52Z,2026-08-11T21:03:52+0200,d65ae107-0026-470c-8885-f57b4d7803f4,2026-07-12T17:15:00Z,2026-07-12T19:15:00+0200,131.04,EUR/MWh,DK2,DK_2,imbalance_price,Short,2026-08-11T19:14:45Z
2026-08-11T19:03:52Z,2026-08-11T21:03:52+0200,d65ae107-0026-470c-8885-f57b4d7803f4,2026-07-12T17:30:00Z,2026-07-12T19:30:00+0200,69.32,EUR/MWh,DK2,DK_2,imbalance_price,Long,2026-08-11T19:14:45Z
2026-08-11T19:03:52Z,2026-08-11T21:03:52+0200,d65ae107-0026-470c-8885-f57b4d7803f4,2026-07-12T17:30:00Z,2026-07-12T19:30:00+0200,69.32,EUR/MWh,DK2,DK_2,imbalance_price,Short,2026-08-11T19:14:45Z
2026-08-11T19:03:52Z,2026-08-11T21:03:52+0200,d65ae107-0026-470c-8885-f57b4d7803f4,2026-07-12T17:45:00Z,2026-07-12T19:45:00+0200,70.56,EUR/MWh,DK2,DK_2,imbalance_price,Long,2026-08-11T19:14:45Z
2026-08-11T19:03:52Z,2026-08-11T21:03:52+0200,d65ae107-0026-470c-8885-f57b4d7803f4,2026-07-12T17:45:00Z,2026-07-12T19:45:00+0200,70.56,EUR/MWh,DK2,DK_2,imbalance_price,Short,2026-08-11T19:14:45Z
2026-08-11T19:03:52Z,2026-08-11T21:03:52+0200,d65ae107-0026-470c-8885-f57b4d7803f4,2026-07-12T18:00:00Z,2026-07-12T20:00:00+0200,137.15,EUR/MWh,DK2,DK_2,imbalance_price,Long,2026-08-11T19:14:45Z
2026-08-11T19:03:52Z,2026-08-11T21:03:52+0200,d65ae107-0026-470c-8885-f57b4d7803f4,2026-07-12T18:00:00Z,2026-07-12T20:00:00+0200,137.15,EUR/MWh,DK2,DK_2,imbalance_price,Short,2026-08-11T19:14:45Z
2026-08-11T19:03:52Z,2026-08-11T21:03:52+0200,d65ae107-0026-470c-8885-f57b4d7803f4,2026-07-12T18:15:00Z,2026-07-12T20:15:00+0200,140.51,EUR/MWh,DK2,DK_2,imbalance_price,Long,2026-08-11T19:14:45Z
2026-08-11T19:03:52Z,2026-08-11T21:03:52+0200,d65ae107-0026-470c-8885-f57b4d7803f4,2026-07-12T18:15:00Z,2026-07-12T20:15:00+0200,140.51,EUR/MWh,DK2,DK_2,imbalance_price,Short,2026-08-11T19:14:45Z
2026-08-11T19:03:52Z,2026-08-11T21:03:52+0200,d65ae107-0026-470c-8885-f57b4d7803f4,2026-07-12T18:30:00Z,2026-07-12T20:30:00+0200,200.7,EUR/MWh,DK2,DK_2,imbalance_price,Long,2026-08-11T19:14:45Z
2026-08-11T19:03:52Z,2026-08-11T21:03:52+0200,d65ae107-0026-470c-8885-f57b4d7803f4,2026-07-12T18:30:00Z,2026-07-12T20:30:00+0200,200.7,EUR/MWh,DK2,DK_2,imbalance_price,Short,2026-08-11T19:14:45Z
2026-08-11T19:03:52Z,2026-08-11T21:03:52+0200,d65ae107-0026-470c-8885-f57b4d7803f4,2026-07-12T18:45:00Z,2026-07-12T20:45:00+0200,334.47,EUR/MWh,DK2,DK_2,imbalance_price,Long,2026-08-11T19:14:45Z
2026-08-11T19:03:52Z,2026-08-11T21:03:52+0200,d65ae107-0026-470c-8885-f57b4d7803f4,2026-07-12T18:45:00Z,2026-07-12T20:45:00+0200,334.47,EUR/MWh,DK2,DK_2,imbalance_price,Short,2026-08-11T19:14:45Z
2026-08-11T19:03:52Z,2026-08-11T21:03:52+0200,d65ae107-0026-470c-8885-f57b4d7803f4,2026-07-12T19:00:00Z,2026-07-12T21:00:00+0200,140.11,EUR/MWh,DK2,DK_2,imbalance_price,Long,2026-08-11T19:14:45Z
2026-08-11T19:03:52Z,2026-08-11T21:03:52+0200,d65ae107-0026-470c-8885-f57b4d7803f4,2026-07-12T19:00:00Z,2026-07-12T21:00:00+0200,140.11,EUR/MWh,DK2,DK_2,imbalance_price,Short,2026-08-11T19:14:45Z
2026-08-11T19:03:52Z,2026-08-11T21:03:52+0200,d65ae107-0026-470c-8885-f57b4d7803f4,2026-07-12T19:15:00Z,2026-07-12T21:15:00+0200,186.93,EUR/MWh,DK2,DK_2,imbalance_price,Long,2026-08-11T19:14:45Z
2026-08-11T19:03:52Z,2026-08-11T21:03:52+0200,d65ae107-0026-470c-8885-f57b4d7803f4,2026-07-12T19:15:00Z,2026-07-12T21:15:00+0200,186.93,EUR/MWh,DK2,DK_2,imbalance_price,Short,2026-08-11T19:14:45Z
2026-08-11T19:03:52Z,2026-08-11T21:03:52+0200,d65ae107-0026-470c-8885-f57b4d7803f4,2026-07-12T19:30:00Z,2026-07-12T21:30:00+0200,122.88,EUR/MWh,DK2,DK_2,imbalance_price,Long,2026-08-11T19:14:45Z
2026-08-11T19:03:52Z,2026-08-11T21:03:52+0200,d65ae107-0026-470c-8885-f57b4d7803f4,2026-07-12T19:30:00Z,2026-07-12T21:30:00+0200,122.88,EUR/MWh,DK2,DK_2,imbalance_price,Short,2026-08-11T19:14:45Z
2026-08-11T19:03:52Z,2026-08-11T21:03:52+0200,d65ae107-0026-470c-8885-f57b4d7803f4,2026-07-12T19:45:00Z,2026-07-12T21:45:00+0200,146.99,EUR/MWh,DK2,DK_2,imbalance_price,Long,2026-08-11T19:14:45Z
2026-08-11T19:03:52Z,2026-08-11T21:03:52+0200,d65ae107-0026-470c-8885-f57b4d7803f4,2026-07-12T19:45:00Z,2026-07-12T21:45:00+0200,146.99,EUR/MWh,DK2,DK_2,imbalance_price,Short,2026-08-11T19:14:45Z
2026-08-11T19:03:52Z,2026-08-11T21:03:52+0200,d65ae107-0026-470c-8885-f57b4d7803f4,2026-07-12T20:00:00Z,2026-07-12T22:00:00+0200,149.71,EUR/MWh,DK2,DK_2,imbalance_price,Long,2026-08-11T19:14:45Z
2026-08-11T19:03:52Z,2026-08-11T21:03:52+0200,d65ae107-0026-470c-8885-f57b4d7803f4,2026-07-12T20:00:00Z,2026-07-12T22:00:00+0200,149.71,EUR/MWh,DK2,DK_2,imbalance_price,Short,2026-08-11T19:14:45Z
2026-08-11T19:03:52Z,2026-08-11T21:03:52+0200,d65ae107-0026-470c-8885-f57b4d7803f4,2026-07-12T20:15:00Z,2026-07-12T22:15:00+0200,145.0,EUR/MWh,DK2,DK_2,imbalance_price,Long,2026-08-11T19:14:45Z
2026-08-11T19:03:52Z,2026-08-11T21:03:52+0200,d65ae107-0026-470c-8885-f57b4d7803f4,2026-07-12T20:15:00Z,2026-07-12T22:15:00+0200,145.0,EUR/MWh,DK2,DK_2,imbalance_price,Short,2026-08-11T19:14:45Z
2026-08-11T19:03:52Z,2026-08-11T21:03:52+0200,d65ae107-0026-470c-8885-f57b4d7803f4,2026-07-12T20:30:00Z,2026-07-12T22:30:00+0200,144.95,EUR/MWh,DK2,DK_2,imbalance_price,Long,2026-08-11T19:14:45Z
2026-08-11T19:03:52Z,2026-08-11T21:03:52+0200,d65ae107-0026-470c-8885-f57b4d7803f4,2026-07-12T20:30:00Z,2026-07-12T22:30:00+0200,144.95,EUR/MWh,DK2,DK_2,imbalance_price,Short,2026-08-11T19:14:45Z
2026-08-11T19:03:52Z,2026-08-11T21:03:52+0200,d65ae107-0026-470c-8885-f57b4d7803f4,2026-07-12T20:45:00Z,2026-07-12T22:45:00+0200,140.09,EUR/MWh,DK2,DK_2,imbalance_price,Long,2026-08-11T19:14:45Z
2026-08-11T19:03:52Z,2026-08-11T21:03:52+0200,d65ae107-0026-470c-8885-f57b4d7803f4,2026-07-12T20:45:00Z,2026-07-12T22:45:00+0200,140.09,EUR/MWh,DK2,DK_2,imbalance_price,Short,2026-08-11T19:14:45Z
2026-08-11T19:03:52Z,2026-08-11T21:03:52+0200,d65ae107-0026-470c-8885-f57b4d7803f4,2026-07-12T21:00:00Z,2026-07-12T23:00:00+0200,144.98,EUR/MWh,DK2,DK_2,imbalance_price,Long,2026-08-11T19:14:45Z
2026-08-11T19:03:52Z,2026-08-11T21:03:52+0200,d65ae107-0026-470c-8885-f57b4d7803f4,2026-07-12T21:00:00Z,2026-07-12T23:00:00+0200,144.98,EUR/MWh,DK2,DK_2,imbalance_price,Short,2026-08-11T19:14:45Z
2026-08-11T19:03:52Z,2026-08-11T21:03:52+0200,d65ae107-0026-470c-8885-f57b4d7803f4,2026-07-12T21:15:00Z,2026-07-12T23:15:00+0200,137.91,EUR/MWh,DK2,DK_2,imbalance_price,Long,2026-08-11T19:14:45Z
2026-08-11T19:03:52Z,2026-08-11T21:03:52+0200,d65ae107-0026-470c-8885-f57b4d7803f4,2026-07-12T21:15:00Z,2026-07-12T23:15:00+0200,137.91,EUR/MWh,DK2,DK_2,imbalance_price,Short,2026-08-11T19:14:45Z
2026-08-11T19:03:52Z,2026-08-11T21:03:52+0200,d65ae107-0026-470c-8885-f57b4d7803f4,2026-07-12T21:30:00Z,2026-07-12T23:30:00+0200,138.47,EUR/MWh,DK2,DK_2,imbalance_price,Long,2026-08-11T19:14:45Z
2026-08-11T19:03:52Z,2026-08-11T21:03:52+0200,d65ae107-0026-470c-8885-f57b4d7803f4,2026-07-12T21:30:00Z,2026-07-12T23:30:00+0200,138.47,EUR/MWh,DK2,DK_2,imbalance_price,Short,2026-08-11T19:14:45Z
2026-08-11T19:03:52Z,2026-08-11T21:03:52+0200,d65ae107-0026-470c-8885-f57b4d7803f4,2026-07-12T21:45:00Z,2026-07-12T23:45:00+0200,90.3,EUR/MWh,DK2,DK_2,imbalance_price,Long,2026-08-11T19:14:45Z
2026-08-11T19:03:52Z,2026-08-11T21:03:52+0200,d65ae107-0026-470c-8885-f57b4d7803f4,2026-07-12T21:45:00Z,2026-07-12T23:45:00+0200,90.3,EUR/MWh,DK2,DK_2,imbalance_price,Short,2026-08-11T19:14:45Z
2026-08-11T19:03:52Z,2026-08-11T21:03:52+0200,d65ae107-0026-470c-8885-f57b4d7803f4,2026-07-12T22:00:00Z,2026-07-13T00:00:00+0200,77.46,EUR/MWh,DK2,DK_2,imbalance_price,Long,2026-08-11T19:14:45Z
2026-08-11T19:03:52Z,2026-08-11T21:03:52+0200,d65ae107-0026-470c-8885-f57b4d7803f4,2026-07-12T22:00:00Z,2026-07-13T00:00:00+0200,77.46,EUR/MWh,DK2,DK_2,imbalance_price,Short,2026-08-11T19:14:45Z
2026-08-11T19:03:52Z,2026-08-11T21:03:52+0200,d65ae107-0026-470c-8885-f57b4d7803f4,2026-07-12T22:15:00Z,2026-07-13T00:15:00+0200,90.85,EUR/MWh,DK2,DK_2,imbalance_price,Long,2026-08-11T19:14:45Z
2026-08-11T19:03:52Z,2026-08-11T21:03:52+0200,d65ae107-0026-470c-8885-f57b4d7803f4,2026-07-12T22:15:00Z,2026-07-13T00:15:00+0200,90.85,EUR/MWh,DK2,DK_2,imbalance_price,Short,2026-08-11T19:14:45Z
2026-08-11T19:03:52Z,2026-08-11T21:03:52+0200,d65ae107-0026-470c-8885-f57b4d7803f4,2026-07-12T22:30:00Z,2026-07-13T00:30:00+0200,90.54,EUR/MWh,DK2,DK_2,imbalance_price,Long,2026-08-11T19:14:45Z
2026-08-11T19:03:52Z,2026-08-11T21:03:52+0200,d65ae107-0026-470c-8885-f57b4d7803f4,2026-07-12T22:30:00Z,2026-07-13T00:30:00+0200,90.54,EUR/MWh,DK2,DK_2,imbalance_price,Short,2026-08-11T19:14:45Z
2026-08-11T19:03:52Z,2026-08-11T21:03:52+0200,d65ae107-0026-470c-8885-f57b4d7803f4,2026-07-12T22:45:00Z,2026-07-13T00:45:00+0200,88.72,EUR/MWh,DK2,DK_2,imbalance_price,Long,2026-08-11T19:14:45Z
2026-08-11T19:03:52Z,2026-08-11T21:03:52+0200,d65ae107-0026-470c-8885-f57b4d7803f4,2026-07-12T22:45:00Z,2026-07-13T00:45:00+0200,88.72,EUR/MWh,DK2,DK_2,imbalance_price,Short,2026-08-11T19:14:45Z
2026-08-11T19:03:52Z,2026-08-11T21:03:52+0200,d65ae107-0026-470c-8885-f57b4d7803f4,2026-07-12T23:00:00Z,2026-07-13T01:00:00+0200,83.5,EUR/MWh,DK2,DK_2,imbalance_price,Long,2026-08-11T19:14:45Z
2026-08-11T19:03:52Z,2026-08-11T21:03:52+0200,d65ae107-0026-470c-8885-f57b4d7803f4,2026-07-12T23:00:00Z,2026-07-13T01:00:00+0200,83.5,EUR/MWh,DK2,DK_2,imbalance_price,Short,2026-08-11T19:14:45Z
2026-08-11T19:03:52Z,2026-08-11T21:03:52+0200,d65ae107-0026-470c-8885-f57b4d7803f4,2026-07-12T23:15:00Z,2026-07-13T01:15:00+0200,124.18,EUR/MWh,DK2,DK_2,imbalance_price,Long,2026-08-11T19:14:45Z
2026-08-11T19:03:52Z,2026-08-11T21:03:52+0200,d65ae107-0026-470c-8885-f57b4d7803f4,2026-07-12T23:15:00Z,2026-07-13T01:15:00+0200,124.18,EUR/MWh,DK2,DK_2,imbalance_price,Short,2026-08-11T19:14:45Z
2026-08-11T19:03:52Z,2026-08-11T21:03:52+0200,d65ae107-0026-470c-8885-f57b4d7803f4,2026-07-12T23:30:00Z,2026-07-13T01:30:00+0200,123.7,EUR/MWh,DK2,DK_2,imbalance_price,Long,2026-08-11T19:14:45Z
2026-08-11T19:03:52Z,2026-08-11T21:03:52+0200,d65ae107-0026-470c-8885-f57b4d7803f4,2026-07-12T23:30:00Z,2026-07-13T01:30:00+0200,123.7,EUR/MWh,DK2,DK_2,imbalance_price,Short,2026-08-11T19:14:45Z
2026-08-11T19:03:52Z,2026-08-11T21:03:52+0200,d65ae107-0026-470c-8885-f57b4d7803f4,2026-07-12T23:45:00Z,2026-07-13T01:45:00+0200,121.77,EUR/MWh,DK2,DK_2,imbalance_price,Long,2026-08-11T19:14:45Z
2026-08-11T19:03:52Z,2026-08-11T21:03:52+0200,d65ae107-0026-470c-8885-f57b4d7803f4,2026-07-12T23:45:00Z,2026-07-13T01:45:00+0200,121.77,EUR/MWh,DK2,DK_2,imbalance_price,Short,2026-08-11T19:14:45Z
2026-08-11T19:03:52Z,2026-08-11T21:03:52+0200,d65ae107-0026-470c-8885-f57b4d7803f4,2026-07-13T00:00:00Z,2026-07-13T02:00:00+0200,85.56,EUR/MWh,DK2,DK_2,imbalance_price,Long,2026-08-11T19:14:45Z
2026-08-11T19:03:52Z,2026-08-11T21:03:52+0200,d65ae107-0026-470c-8885-f57b4d7803f4,2026-07-13T00:00:00Z,2026-07-13T02:00:00+0200,85.56,EUR/MWh,DK2,DK_2,imbalance_price,Short,2026-08-11T19:14:45Z
2026-08-11T19:03:52Z,2026-08-11T21:03:52+0200,d65ae107-0026-470c-8885-f57b4d7803f4,2026-07-13T00:15:00Z,2026-07-13T02:15:00+0200,86.36,EUR/MWh,DK2,DK_2,imbalance_price,Long,2026-08-11T19:14:45Z
2026-08-11T19:03:52Z,2026-08-11T21:03:52+0200,d65ae107-0026-470c-8885-f57b4d7803f4,2026-07-13T00:15:00Z,2026-07-13T02:15:00+0200,86.36,EUR/MWh,DK2,DK_2,imbalance_price,Short,2026-08-11T19:14:45Z
2026-08-11T19:03:52Z,2026-08-11T21:03:52+0200,d65ae107-0026-470c-8885-f57b4d7803f4,2026-07-13T00:30:00Z,2026-07-13T02:30:00+0200,81.03,EUR/MWh,DK2,DK_2,imbalance_price,Long,2026-08-11T19:14:45Z
2026-08-11T19:03:52Z,2026-08-11T21:03:52+0200,d65ae107-0026-470c-8885-f57b4d7803f4,2026-07-13T00:30:00Z,2026-07-13T02:30:00+0200,81.03,EUR/MWh,DK2,DK_2,imbalance_price,Short,2026-08-11T19:14:45Z
2026-08-11T19:03:52Z,2026-08-11T21:03:52+0200,d65ae107-0026-470c-8885-f57b4d7803f4,2026-07-13T00:45:00Z,2026-07-13T02:45:00+0200,77.66,EUR/MWh,DK2,DK_2,imbalance_price,Long,2026-08-11T19:14:45Z
2026-08-11T19:03:52Z,2026-08-11T21:03:52+0200,d65ae107-0026-470c-8885-f57b4d7803f4,2026-07-13T00:45:00Z,2026-07-13T02:45:00+0200,77.66,EUR/MWh,DK2,DK_2,imbalance_price,Short,2026-08-11T19:14:45Z
2026-08-11T19:03:52Z,2026-08-11T21:03:52+0200,d65ae107-0026-470c-8885-f57b4d7803f4,2026-07-13T01:00:00Z,2026-07-13T03:00:00+0200,90.85,EUR/MWh,DK2,DK_2,imbalance_price,Long,2026-08-11T19:14:45Z
2026-08-11T19:03:52Z,2026-08-11T21:03:52+0200,d65ae107-0026-470c-8885-f57b4d7803f4,2026-07-13T01:00:00Z,2026-07-13T03:00:00+0200,90.85,EUR/MWh,DK2,DK_2,imbalance_price,Short,2026-08-11T19:14:45Z
2026-08-11T19:03:52Z,2026-08-11T21:03:52+0200,d65ae107-0026-470c-8885-f57b4d7803f4,2026-07-13T01:15:00Z,2026-07-13T03:15:00+0200,89.17,EUR/MWh,DK2,DK_2,imbalance_price,Long,2026-08-11T19:14:45Z
2026-08-11T19:03:52Z,2026-08-11T21:03:52+0200,d65ae107-0026-470c-8885-f57b4d7803f4,2026-07-13T01:15:00Z,2026-07-13T03:15:00+0200,89.17,EUR/MWh,DK2,DK_2,imbalance_price,Short,2026-08-11T19:14:45Z
2026-08-11T19:03:52Z,2026-08-11T21:03:52+0200,d65ae107-0026-470c-8885-f57b4d7803f4,2026-07-13T01:30:00Z,2026-07-13T03:30:00+0200,77.52,EUR/MWh,DK2,DK_2,imbalance_price,Long,2026-08-11T19:14:45Z
2026-08-11T19:03:52Z,2026-08-11T21:03:52+0200,d65ae107-0026-470c-8885-f57b4d7803f4,2026-07-13T01:30:00Z,2026-07-13T03:30:00+0200,77.52,EUR/MWh,DK2,DK_2,imbalance_price,Short,2026-08-11T19:14:45Z
2026-08-11T19:03:52Z,2026-08-11T21:03:52+0200,d65ae107-0026-470c-8885-f57b4d7803f4,2026-07-13T01:45:00Z,2026-07-13T03:45:00+0200,89.08,EUR/MWh,DK2,DK_2,imbalance_price,Long,2026-08-11T19:14:45Z
2026-08-11T19:03:52Z,2026-08-11T21:03:52+0200,d65ae107-0026-470c-8885-f57b4d7803f4,2026-07-13T01:45:00Z,2026-07-13T03:45:00+0200,89.08,EUR/MWh,DK2,DK_2,imbalance_price,Short,2026-08-11T19:14:45Z
2026-08-11T19:03:52Z,2026-08-11T21:03:52+0200,d65ae107-0026-470c-8885-f57b4d7803f4,2026-07-13T02:00:00Z,2026-07-13T04:00:00+0200,118.69,EUR/MWh,DK2,DK_2,imbalance_price,Long,2026-08-11T19:14:45Z
2026-08-11T19:03:52Z,2026-08-11T21:03:52+0200,d65ae107-0026-470c-8885-f57b4d7803f4,2026-07-13T02:00:00Z,2026-07-13T04:00:00+0200,118.69,EUR/MWh,DK2,DK_2,imbalance_price,Short,2026-08-11T19:14:45Z
2026-08-11T19:03:52Z,2026-08-11T21:03:52+0200,d65ae107-0026-470c-8885-f57b4d7803f4,2026-07-13T02:15:00Z,2026-07-13T04:15:00+0200,92.92,EUR/MWh,DK2,DK_2,imbalance_price,Long,2026-08-11T19:14:45Z
2026-08-11T19:03:52Z,2026-08-11T21:03:52+0200,d65ae107-0026-470c-8885-f57b4d7803f4,2026-07-13T02:15:00Z,2026-07-13T04:15:00+0200,92.92,EUR/MWh,DK2,DK_2,imbalance_price,Short,2026-08-11T19:14:45Z
2026-08-11T19:03:52Z,2026-08-11T21:03:52+0200,d65ae107-0026-470c-8885-f57b4d7803f4,2026-07-13T02:30:00Z,2026-07-13T04:30:00+0200,125.76,EUR/MWh,DK2,DK_2,imbalance_price,Long,2026-08-11T19:14:45Z
2026-08-11T19:03:52Z,2026-08-11T21:03:52+0200,d65ae107-0026-470c-8885-f57b4d7803f4,2026-07-13T02:30:00Z,2026-07-13T04:30:00+0200,125.76,EUR/MWh,DK2,DK_2,imbalance_price,Short,2026-08-11T19:14:45Z
2026-08-11T19:03:52Z,2026-08-11T21:03:52+0200,d65ae107-0026-470c-8885-f57b4d7803f4,2026-07-13T02:45:00Z,2026-07-13T04:45:00+0200,334.5,EUR/MWh,DK2,DK_2,imbalance_price,Long,2026-08-11T19:14:45Z
2026-08-11T19:03:52Z,2026-08-11T21:03:52+0200,d65ae107-0026-470c-8885-f57b4d7803f4,2026-07-13T02:45:00Z,2026-07-13T04:45:00+0200,334.5,EUR/MWh,DK2,DK_2,imbalance_price,Short,2026-08-11T19:14:45Z
2026-08-11T19:03:52Z,2026-08-11T21:03:52+0200,d65ae107-0026-470c-8885-f57b4d7803f4,2026-07-13T03:00:00Z,2026-07-13T05:00:00+0200,126.47,EUR/MWh,DK2,DK_2,imbalance_price,Long,2026-08-11T19:14:45Z
2026-08-11T19:03:52Z,2026-08-11T21:03:52+0200,d65ae107-0026-470c-8885-f57b4d7803f4,2026-07-13T03:00:00Z,2026-07-13T05:00:00+0200,126.47,EUR/MWh,DK2,DK_2,imbalance_price,Short,2026-08-11T19:14:45Z
2026-08-11T19:03:52Z,2026-08-11T21:03:52+0200,d65ae107-0026-470c-8885-f57b4d7803f4,2026-07-13T03:15:00Z,2026-07-13T05:15:00+0200,99.59,EUR/MWh,DK2,DK_2,imbalance_price,Long,2026-08-11T19:14:45Z
2026-08-11T19:03:52Z,2026-08-11T21:03:52+0200,d65ae107-0026-470c-8885-f57b4d7803f4,2026-07-13T03:15:00Z,2026-07-13T05:15:00+0200,99.59,EUR/MWh,DK2,DK_2,imbalance_price,Short,2026-08-11T19:14:45Z
2026-08-11T19:03:52Z,2026-08-11T21:03:52+0200,d65ae107-0026-470c-8885-f57b4d7803f4,2026-07-13T03:30:00Z,2026-07-13T05:30:00+0200,89.76,EUR/MWh,DK2,DK_2,imbalance_price,Long,2026-08-11T19:14:45Z
2026-08-11T19:03:52Z,2026-08-11T21:03:52+0200,d65ae107-0026-470c-8885-f57b4d7803f4,2026-07-13T03:30:00Z,2026-07-13T05:30:00+0200,89.76,EUR/MWh,DK2,DK_2,imbalance_price,Short,2026-08-11T19:14:45Z
2026-08-11T19:03:52Z,2026-08-11T21:03:52+0200,d65ae107-0026-470c-8885-f57b4d7803f4,2026-07-13T03:45:00Z,2026-07-13T05:45:00+0200,90.08,EUR/MWh,DK2,DK_2,imbalance_price,Long,2026-08-11T19:14:45Z
2026-08-11T19:03:52Z,2026-08-11T21:03:52+0200,d65ae107-0026-470c-8885-f57b4d7803f4,2026-07-13T03:45:00Z,2026-07-13T05:45:00+0200,90.08,EUR/MWh,DK2,DK_2,imbalance_price,Short,2026-08-11T19:14:45Z
2026-08-11T19:03:52Z,2026-08-11T21:03:52+0200,d65ae107-0026-470c-8885-f57b4d7803f4,2026-07-13T04:00:00Z,2026-07-13T06:00:00+0200,70.54,EUR/MWh,DK2,DK_2,imbalance_price,Long,2026-08-11T19:14:45Z
2026-08-11T19:03:52Z,2026-08-11T21:03:52+0200,d65ae107-0026-470c-8885-f57b4d7803f4,2026-07-13T04:00:00Z,2026-07-13T06:00:00+0200,70.54,EUR/MWh,DK2,DK_2,imbalance_price,Short,2026-08-11T19:14:45Z
2026-08-11T19:03:52Z,2026-08-11T21:03:52+0200,d65ae107-0026-470c-8885-f57b4d7803f4,2026-07-13T04:15:00Z,2026-07-13T06:15:00+0200,72.77,EUR/MWh,DK2,DK_2,imbalance_price,Long,2026-08-11T19:14:45Z
2026-08-11T19:03:52Z,2026-08-11T21:03:52+0200,d65ae107-0026-470c-8885-f57b4d7803f4,2026-07-13T04:15:00Z,2026-07-13T06:15:00+0200,72.77,EUR/MWh,DK2,DK_2,imbalance_price,Short,2026-08-11T19:14:45Z
2026-08-11T19:03:52Z,2026-08-11T21:03:52+0200,d65ae107-0026-470c-8885-f57b4d7803f4,2026-07-13T04:30:00Z,2026-07-13T06:30:00+0200,90.85,EUR/MWh,DK2,DK_2,imbalance_price,Long,2026-08-11T19:14:45Z
2026-08-11T19:03:52Z,2026-08-11T21:03:52+0200,d65ae107-0026-470c-8885-f57b4d7803f4,2026-07-13T04:30:00Z,2026-07-13T06:30:00+0200,90.85,EUR/MWh,DK2,DK_2,imbalance_price,Short,2026-08-11T19:14:45Z
2026-08-11T19:03:52Z,2026-08-11T21:03:52+0200,d65ae107-0026-470c-8885-f57b4d7803f4,2026-07-13T04:45:00Z,2026-07-13T06:45:00+0200,78.29,EUR/MWh,DK2,DK_2,imbalance_price,Long,2026-08-11T19:14:45Z
2026-08-11T19:03:52Z,2026-08-11T21:03:52+0200,d65ae107-0026-470c-8885-f57b4d7803f4,2026-07-13T04:45:00Z,2026-07-13T06:45:00+0200,78.29,EUR/MWh,DK2,DK_2,imbalance_price,Short,2026-08-11T19:14:45Z
2026-08-11T19:03:52Z,2026-08-11T21:03:52+0200,d65ae107-0026-470c-8885-f57b4d7803f4,2026-07-13T05:00:00Z,2026-07-13T07:00:00+0200,90.85,EUR/MWh,DK2,DK_2,imbalance_price,Long,2026-08-11T19:14:45Z
2026-08-11T19:03:52Z,2026-08-11T21:03:52+0200,d65ae107-0026-470c-8885-f57b4d7803f4,2026-07-13T05:00:00Z,2026-07-13T07:00:00+0200,90.85,EUR/MWh,DK2,DK_2,imbalance_price,Short,2026-08-11T19:14:45Z
2026-08-11T19:03:52Z,2026-08-11T21:03:52+0200,d65ae107-0026-470c-8885-f57b4d7803f4,2026-07-13T05:15:00Z,2026-07-13T07:15:00+0200,90.55,EUR/MWh,DK2,DK_2,imbalance_price,Long,2026-08-11T19:14:45Z
2026-08-11T19:03:52Z,2026-08-11T21:03:52+0200,d65ae107-0026-470c-8885-f57b4d7803f4,2026-07-13T05:15:00Z,2026-07-13T07:15:00+0200,90.55,EUR/MWh,DK2,DK_2,imbalance_price,Short,2026-08-11T19:14:45Z
2026-08-11T19:03:52Z,2026-08-11T21:03:52+0200,d65ae107-0026-470c-8885-f57b4d7803f4,2026-07-13T05:30:00Z,2026-07-13T07:30:00+0200,85.92,EUR/MWh,DK2,DK_2,imbalance_price,Long,2026-08-11T19:14:45Z
2026-08-11T19:03:52Z,2026-08-11T21:03:52+0200,d65ae107-0026-470c-8885-f57b4d7803f4,2026-07-13T05:30:00Z,2026-07-13T07:30:00+0200,85.92,EUR/MWh,DK2,DK_2,imbalance_price,Short,2026-08-11T19:14:45Z
2026-08-11T19:03:52Z,2026-08-11T21:03:52+0200,d65ae107-0026-470c-8885-f57b4d7803f4,2026-07-13T05:45:00Z,2026-07-13T07:45:00+0200,91.45,EUR/MWh,DK2,DK_2,imbalance_price,Long,2026-08-11T19:14:45Z
2026-08-11T19:03:52Z,2026-08-11T21:03:52+0200,d65ae107-0026-470c-8885-f57b4d7803f4,2026-07-13T05:45:00Z,2026-07-13T07:45:00+0200,91.45,EUR/MWh,DK2,DK_2,imbalance_price,Short,2026-08-11T19:14:45Z
2026-08-11T19:03:52Z,2026-08-11T21:03:52+0200,d65ae107-0026-470c-8885-f57b4d7803f4,2026-07-13T06:00:00Z,2026-07-13T08:00:00+0200,86.96,EUR/MWh,DK2,DK_2,imbalance_price,Long,2026-08-11T19:14:45Z
2026-08-11T19:03:52Z,2026-08-11T21:03:52+0200,d65ae107-0026-470c-8885-f57b4d7803f4,2026-07-13T06:00:00Z,2026-07-13T08:00:00+0200,86.96,EUR/MWh,DK2,DK_2,imbalance_price,Short,2026-08-11T19:14:45Z
2026-08-11T19:03:52Z,2026-08-11T21:03:52+0200,d65ae107-0026-470c-8885-f57b4d7803f4,2026-07-13T06:15:00Z,2026-07-13T08:15:00+0200,27.85,EUR/MWh,DK2,DK_2,imbalance_price,Long,2026-08-11T19:14:45Z
2026-08-11T19:03:52Z,2026-08-11T21:03:52+0200,d65ae107-0026-470c-8885-f57b4d7803f4,2026-07-13T06:15:00Z,2026-07-13T08:15:00+0200,27.85,EUR/MWh,DK2,DK_2,imbalance_price,Short,2026-08-11T19:14:45Z
2026-08-11T19:03:52Z,2026-08-11T21:03:52+0200,d65ae107-0026-470c-8885-f57b4d7803f4,2026-07-13T06:30:00Z,2026-07-13T08:30:00+0200,47.17,EUR/MWh,DK2,DK_2,imbalance_price,Long,2026-08-11T19:14:45Z
2026-08-11T19:03:52Z,2026-08-11T21:03:52+0200,d65ae107-0026-470c-8885-f57b4d7803f4,2026-07-13T06:30:00Z,2026-07-13T08:30:00+0200,47.17,EUR/MWh,DK2,DK_2,imbalance_price,Short,2026-08-11T19:14:45Z
2026-08-11T19:03:52Z,2026-08-11T21:03:52+0200,d65ae107-0026-470c-8885-f57b4d7803f4,2026-07-13T06:45:00Z,2026-07-13T08:45:00+0200,80.65,EUR/MWh,DK2,DK_2,imbalance_price,Long,2026-08-11T19:14:45Z
2026-08-11T19:03:52Z,2026-08-11T21:03:52+0200,d65ae107-0026-470c-8885-f57b4d7803f4,2026-07-13T06:45:00Z,2026-07-13T08:45:00+0200,80.65,EUR/MWh,DK2,DK_2,imbalance_price,Short,2026-08-11T19:14:45Z
2026-08-11T19:03:52Z,2026-08-11T21:03:52+0200,d65ae107-0026-470c-8885-f57b4d7803f4,2026-07-13T07:00:00Z,2026-07-13T09:00:00+0200,114.3,EUR/MWh,DK2,DK_2,imbalance_price,Long,2026-08-11T19:14:45Z
2026-08-11T19:03:52Z,2026-08-11T21:03:52+0200,d65ae107-0026-470c-8885-f57b4d7803f4,2026-07-13T07:00:00Z,2026-07-13T09:00:00+0200,114.3,EUR/MWh,DK2,DK_2,imbalance_price,Short,2026-08-11T19:14:45Z
2026-08-11T19:03:52Z,2026-08-11T21:03:52+0200,d65ae107-0026-470c-8885-f57b4d7803f4,2026-07-13T07:15:00Z,2026-07-13T09:15:00+0200,111.93,EUR/MWh,DK2,DK_2,imbalance_price,Long,2026-08-11T19:14:45Z
2026-08-11T19:03:52Z,2026-08-11T21:03:52+0200,d65ae107-0026-470c-8885-f57b4d7803f4,2026-07-13T07:15:00Z,2026-07-13T09:15:00+0200,111.93,EUR/MWh,DK2,DK_2,imbalance_price,Short,2026-08-11T19:14:45Z
2026-08-11T19:03:52Z,2026-08-11T21:03:52+0200,d65ae107-0026-470c-8885-f57b4d7803f4,2026-07-13T07:30:00Z,2026-07-13T09:30:00+0200,186.69,EUR/MWh,DK2,DK_2,imbalance_price,Long,2026-08-11T19:14:45Z
2026-08-11T19:03:52Z,2026-08-11T21:03:52+0200,d65ae107-0026-470c-8885-f57b4d7803f4,2026-07-13T07:30:00Z,2026-07-13T09:30:00+0200,186.69,EUR/MWh,DK2,DK_2,imbalance_price,Short,2026-08-11T19:14:45Z
2026-08-11T19:03:52Z,2026-08-11T21:03:52+0200,d65ae107-0026-470c-8885-f57b4d7803f4,2026-07-13T07:45:00Z,2026-07-13T09:45:00+0200,157.69,EUR/MWh,DK2,DK_2,imbalance_price,Long,2026-08-11T19:14:45Z
2026-08-11T19:03:52Z,2026-08-11T21:03:52+0200,d65ae107-0026-470c-8885-f57b4d7803f4,2026-07-13T07:45:00Z,2026-07-13T09:45:00+0200,157.69,EUR/MWh,DK2,DK_2,imbalance_price,Short,2026-08-11T19:14:45Z
2026-08-11T19:03:52Z,2026-08-11T21:03:52+0200,d65ae107-0026-470c-8885-f57b4d7803f4,2026-07-13T08:00:00Z,2026-07-13T10:00:00+0200,119.24,EUR/MWh,DK2,DK_2,imbalance_price,Long,2026-08-11T19:14:45Z
2026-08-11T19:03:52Z,2026-08-11T21:03:52+0200,d65ae107-0026-470c-8885-f57b4d7803f4,2026-07-13T08:00:00Z,2026-07-13T10:00:00+0200,119.24,EUR/MWh,DK2,DK_2,imbalance_price,Short,2026-08-11T19:14:45Z
2026-08-11T19:03:52Z,2026-08-11T21:03:52+0200,d65ae107-0026-470c-8885-f57b4d7803f4,2026-07-13T08:15:00Z,2026-07-13T10:15:00+0200,4.13,EUR/MWh,DK2,DK_2,imbalance_price,Long,2026-08-11T19:14:45Z
2026-08-11T19:03:52Z,2026-08-11T21:03:52+0200,d65ae107-0026-470c-8885-f57b4d7803f4,2026-07-13T08:15:00Z,2026-07-13T10:15:00+0200,4.13,EUR/MWh,DK2,DK_2,imbalance_price,Short,2026-08-11T19:14:45Z
2026-08-11T19:03:52Z,2026-08-11T21:03:52+0200,d65ae107-0026-470c-8885-f57b4d7803f4,2026-07-13T08:30:00Z,2026-07-13T10:30:00+0200,0.0,EUR/MWh,DK2,DK_2,imbalance_price,Long,2026-08-11T19:14:45Z
2026-08-11T19:03:52Z,2026-08-11T21:03:52+0200,d65ae107-0026-470c-8885-f57b4d7803f4,2026-07-13T08:30:00Z,2026-07-13T10:30:00+0200,0.0,EUR/MWh,DK2,DK_2,imbalance_price,Short,2026-08-11T19:14:45Z
2026-08-11T19:03:52Z,2026-08-11T21:03:52+0200,d65ae107-0026-470c-8885-f57b4d7803f4,2026-07-13T08:45:00Z,2026-07-13T10:45:00+0200,0.0,EUR/MWh,DK2,DK_2,imbalance_price,Long,2026-08-11T19:14:45Z
2026-08-11T19:03:52Z,2026-08-11T21:03:52+0200,d65ae107-0026-470c-8885-f57b4d7803f4,2026-07-13T08:45:00Z,2026-07-13T10:45:00+0200,0.0,EUR/MWh,DK2,DK_2,imbalance_price,Short,2026-08-11T19:14:45Z
2026-08-11T19:03:52Z,2026-08-11T21:03:52+0200,d65ae107-0026-470c-8885-f57b4d7803f4,2026-07-13T09:00:00Z,2026-07-13T11:00:00+0200,2.0,EUR/MWh,DK2,DK_2,imbalance_price,Long,2026-08-11T19:14:45Z
2026-08-11T19:03:52Z,2026-08-11T21:03:52+0200,d65ae107-0026-470c-8885-f57b4d7803f4,2026-07-13T09:00:00Z,2026-07-13T11:00:00+0200,2.0,EUR/MWh,DK2,DK_2,imbalance_price,Short,2026-08-11T19:14:45Z
2026-08-11T19:03:52Z,2026-08-11T21:03:52+0200,d65ae107-0026-470c-8885-f57b4d7803f4,2026-07-13T09:15:00Z,2026-07-13T11:15:00+0200,8.0,EUR/MWh,DK2,DK_2,imbalance_price,Long,2026-08-11T19:14:45Z
2026-08-11T19:03:52Z,2026-08-11T21:03:52+0200,d65ae107-0026-470c-8885-f57b4d7803f4,2026-07-13T09:15:00Z,2026-07-13T11:15:00+0200,8.0,EUR/MWh,DK2,DK_2,imbalance_price,Short,2026-08-11T19:14:45Z
2026-08-11T19:03:52Z,2026-08-11T21:03:52+0200,d65ae107-0026-470c-8885-f57b4d7803f4,2026-07-13T09:30:00Z,2026-07-13T11:30:00+0200,5.29,EUR/MWh,DK2,DK_2,imbalance_price,Long,2026-08-11T19:14:45Z
2026-08-11T19:03:52Z,2026-08-11T21:03:52+0200,d65ae107-0026-470c-8885-f57b4d7803f4,2026-07-13T09:30:00Z,2026-07-13T11:30:00+0200,5.29,EUR/MWh,DK2,DK_2,imbalance_price,Short,2026-08-11T19:14:45Z
2026-08-11T19:03:52Z,2026-08-11T21:03:52+0200,d65ae107-0026-470c-8885-f57b4d7803f4,2026-07-13T09:45:00Z,2026-07-13T11:45:00+0200,138.69,EUR/MWh,DK2,DK_2,imbalance_price,Long,2026-08-11T19:14:45Z
2026-08-11T19:03:52Z,2026-08-11T21:03:52+0200,d65ae107-0026-470c-8885-f57b4d7803f4,2026-07-13T09:45:00Z,2026-07-13T11:45:00+0200,138.69,EUR/MWh,DK2,DK_2,imbalance_price,Short,2026-08-11T19:14:45Z
2026-08-11T19:03:52Z,2026-08-11T21:03:52+0200,d65ae107-0026-470c-8885-f57b4d7803f4,2026-07-13T10:00:00Z,2026-07-13T12:00:00+0200,64.49,EUR/MWh,DK2,DK_2,imbalance_price,Long,2026-08-11T19:14:45Z
2026-08-11T19:03:52Z,2026-08-11T21:03:52+0200,d65ae107-0026-470c-8885-f57b4d7803f4,2026-07-13T10:00:00Z,2026-07-13T12:00:00+0200,64.49,EUR/MWh,DK2,DK_2,imbalance_price,Short,2026-08-11T19:14:45Z
2026-08-11T19:03:52Z,2026-08-11T21:03:52+0200,d65ae107-0026-470c-8885-f57b4d7803f4,2026-07-13T10:15:00Z,2026-07-13T12:15:00+0200,53.17,EUR/MWh,DK2,DK_2,imbalance_price,Long,2026-08-11T19:14:45Z
2026-08-11T19:03:52Z,2026-08-11T21:03:52+0200,d65ae107-0026-470c-8885-f57b4d7803f4,2026-07-13T10:15:00Z,2026-07-13T12:15:00+0200,53.17,EUR/MWh,DK2,DK_2,imbalance_price,Short,2026-08-11T19:14:45Z
2026-08-11T19:03:52Z,2026-08-11T21:03:52+0200,d65ae107-0026-470c-8885-f57b4d7803f4,2026-07-13T10:30:00Z,2026-07-13T12:30:00+0200,88.15,EUR/MWh,DK2,DK_2,imbalance_price,Long,2026-08-11T19:14:45Z
2026-08-11T19:03:52Z,2026-08-11T21:03:52+0200,d65ae107-0026-470c-8885-f57b4d7803f4,2026-07-13T10:30:00Z,2026-07-13T12:30:00+0200,88.15,EUR/MWh,DK2,DK_2,imbalance_price,Short,2026-08-11T19:14:45Z
2026-08-11T19:03:52Z,2026-08-11T21:03:52+0200,d65ae107-0026-470c-8885-f57b4d7803f4,2026-07-13T10:45:00Z,2026-07-13T12:45:00+0200,2.53,EUR/MWh,DK2,DK_2,imbalance_price,Long,2026-08-11T19:14:45Z
2026-08-11T19:03:52Z,2026-08-11T21:03:52+0200,d65ae107-0026-470c-8885-f57b4d7803f4,2026-07-13T10:45:00Z,2026-07-13T12:45:00+0200,2.53,EUR/MWh,DK2,DK_2,imbalance_price,Short,2026-08-11T19:14:45Z
2026-08-11T19:03:52Z,2026-08-11T21:03:52+0200,d65ae107-0026-470c-8885-f57b4d7803f4,2026-07-13T11:00:00Z,2026-07-13T13:00:00+0200,5.0,EUR/MWh,DK2,DK_2,imbalance_price,Long,2026-08-11T19:14:45Z
2026-08-11T19:03:52Z,2026-08-11T21:03:52+0200,d65ae107-0026-470c-8885-f57b4d7803f4,2026-07-13T11:00:00Z,2026-07-13T13:00:00+0200,5.0,EUR/MWh,DK2,DK_2,imbalance_price,Short,2026-08-11T19:14:45Z
2026-08-11T19:03:52Z,2026-08-11T21:03:52+0200,d65ae107-0026-470c-8885-f57b4d7803f4,2026-07-13T11:15:00Z,2026-07-13T13:15:00+0200,2.69,EUR/MWh,DK2,DK_2,imbalance_price,Long,2026-08-11T19:14:45Z
2026-08-11T19:03:52Z,2026-08-11T21:03:52+0200,d65ae107-0026-470c-8885-f57b4d7803f4,2026-07-13T11:15:00Z,2026-07-13T13:15:00+0200,2.69,EUR/MWh,DK2,DK_2,imbalance_price,Short,2026-08-11T19:14:45Z
2026-08-11T19:03:52Z,2026-08-11T21:03:52+0200,d65ae107-0026-470c-8885-f57b4d7803f4,2026-07-13T11:30:00Z,2026-07-13T13:30:00+0200,52.41,EUR/MWh,DK2,DK_2,imbalance_price,Long,2026-08-11T19:14:45Z
2026-08-11T19:03:52Z,2026-08-11T21:03:52+0200,d65ae107-0026-470c-8885-f57b4d7803f4,2026-07-13T11:30:00Z,2026-07-13T13:30:00+0200,52.41,EUR/MWh,DK2,DK_2,imbalance_price,Short,2026-08-11T19:14:45Z
2026-08-11T19:03:52Z,2026-08-11T21:03:52+0200,d65ae107-0026-470c-8885-f57b4d7803f4,2026-07-13T11:45:00Z,2026-07-13T13:45:00+0200,56.64,EUR/MWh,DK2,DK_2,imbalance_price,Long,2026-08-11T19:14:45Z
2026-08-11T19:03:52Z,2026-08-11T21:03:52+0200,d65ae107-0026-470c-8885-f57b4d7803f4,2026-07-13T11:45:00Z,2026-07-13T13:45:00+0200,56.64,EUR/MWh,DK2,DK_2,imbalance_price,Short,2026-08-11T19:14:45Z
2026-08-11T19:03:52Z,2026-08-11T21:03:52+0200,d65ae107-0026-470c-8885-f57b4d7803f4,2026-07-13T12:00:00Z,2026-07-13T14:00:00+0200,-56.99,EUR/MWh,DK2,DK_2,imbalance_price,Long,2026-08-11T19:14:45Z
2026-08-11T19:03:52Z,2026-08-11T21:03:52+0200,d65ae107-0026-470c-8885-f57b4d7803f4,2026-07-13T12:00:00Z,2026-07-13T14:00:00+0200,-56.99,EUR/MWh,DK2,DK_2,imbalance_price,Short,2026-08-11T19:14:45Z
2026-08-11T19:03:52Z,2026-08-11T21:03:52+0200,d65ae107-0026-470c-8885-f57b4d7803f4,2026-07-13T12:15:00Z,2026-07-13T14:15:00+0200,-58.86,EUR/MWh,DK2,DK_2,imbalance_price,Long,2026-08-11T19:14:45Z
2026-08-11T19:03:52Z,2026-08-11T21:03:52+0200,d65ae107-0026-470c-8885-f57b4d7803f4,2026-07-13T12:15:00Z,2026-07-13T14:15:00+0200,-58.86,EUR/MWh,DK2,DK_2,imbalance_price,Short,2026-08-11T19:14:45Z
2026-08-11T19:03:52Z,2026-08-11T21:03:52+0200,d65ae107-0026-470c-8885-f57b4d7803f4,2026-07-13T12:30:00Z,2026-07-13T14:30:00+0200,-15.0,EUR/MWh,DK2,DK_2,imbalance_price,Long,2026-08-11T19:14:45Z
2026-08-11T19:03:52Z,2026-08-11T21:03:52+0200,d65ae107-0026-470c-8885-f57b4d7803f4,2026-07-13T12:30:00Z,2026-07-13T14:30:00+0200,-15.0,EUR/MWh,DK2,DK_2,imbalance_price,Short,2026-08-11T19:14:45Z
2026-08-11T19:03:52Z,2026-08-11T21:03:52+0200,d65ae107-0026-470c-8885-f57b4d7803f4,2026-07-13T12:45:00Z,2026-07-13T14:45:00+0200,-92.62,EUR/MWh,DK2,DK_2,imbalance_price,Long,2026-08-11T19:14:45Z
2026-08-11T19:03:52Z,2026-08-11T21:03:52+0200,d65ae107-0026-470c-8885-f57b4d7803f4,2026-07-13T12:45:00Z,2026-07-13T14:45:00+0200,-92.62,EUR/MWh,DK2,DK_2,imbalance_price,Short,2026-08-11T19:14:45Z
2026-08-11T19:03:52Z,2026-08-11T21:03:52+0200,d65ae107-0026-470c-8885-f57b4d7803f4,2026-07-13T13:00:00Z,2026-07-13T15:00:00+0200,-116.84,EUR/MWh,DK2,DK_2,imbalance_price,Long,2026-08-11T19:14:45Z
2026-08-11T19:03:52Z,2026-08-11T21:03:52+0200,d65ae107-0026-470c-8885-f57b4d7803f4,2026-07-13T13:00:00Z,2026-07-13T15:00:00+0200,-116.84,EUR/MWh,DK2,DK_2,imbalance_price,Short,2026-08-11T19:14:45Z
2026-08-11T19:03:52Z,2026-08-11T21:03:52+0200,d65ae107-0026-470c-8885-f57b4d7803f4,2026-07-13T13:15:00Z,2026-07-13T15:15:00+0200,-114.08,EUR/MWh,DK2,DK_2,imbalance_price,Long,2026-08-11T19:14:45Z
2026-08-11T19:03:52Z,2026-08-11T21:03:52+0200,d65ae107-0026-470c-8885-f57b4d7803f4,2026-07-13T13:15:00Z,2026-07-13T15:15:00+0200,-114.08,EUR/MWh,DK2,DK_2,imbalance_price,Short,2026-08-11T19:14:45Z
2026-08-11T19:03:52Z,2026-08-11T21:03:52+0200,d65ae107-0026-470c-8885-f57b4d7803f4,2026-07-13T13:30:00Z,2026-07-13T15:30:00+0200,-12.26,EUR/MWh,DK2,DK_2,imbalance_price,Long,2026-08-11T19:14:45Z
2026-08-11T19:03:52Z,2026-08-11T21:03:52+0200,d65ae107-0026-470c-8885-f57b4d7803f4,2026-07-13T13:30:00Z,2026-07-13T15:30:00+0200,-12.26,EUR/MWh,DK2,DK_2,imbalance_price,Short,2026-08-11T19:14:45Z
2026-08-11T19:03:52Z,2026-08-11T21:03:52+0200,d65ae107-0026-470c-8885-f57b4d7803f4,2026-07-13T13:45:00Z,2026-07-13T15:45:00+0200,13.92,EUR/MWh,DK2,DK_2,imbalance_price,Long,2026-08-11T19:14:45Z
2026-08-11T19:03:52Z,2026-08-11T21:03:52+0200,d65ae107-0026-470c-8885-f57b4d7803f4,2026-07-13T13:45:00Z,2026-07-13T15:45:00+0200,13.92,EUR/MWh,DK2,DK_2,imbalance_price,Short,2026-08-11T19:14:45Z
2026-08-11T19:03:52Z,2026-08-11T21:03:52+0200,d65ae107-0026-470c-8885-f57b4d7803f4,2026-07-13T14:00:00Z,2026-07-13T16:00:00+0200,8.28,EUR/MWh,DK2,DK_2,imbalance_price,Long,2026-08-11T19:14:45Z
2026-08-11T19:03:52Z,2026-08-11T21:03:52+0200,d65ae107-0026-470c-8885-f57b4d7803f4,2026-07-13T14:00:00Z,2026-07-13T16:00:00+0200,8.28,EUR/MWh,DK2,DK_2,imbalance_price,Short,2026-08-11T19:14:45Z
2026-08-11T19:03:52Z,2026-08-11T21:03:52+0200,d65ae107-0026-470c-8885-f57b4d7803f4,2026-07-13T14:15:00Z,2026-07-13T16:15:00+0200,1.73,EUR/MWh,DK2,DK_2,imbalance_price,Long,2026-08-11T19:14:45Z
2026-08-11T19:03:52Z,2026-08-11T21:03:52+0200,d65ae107-0026-470c-8885-f57b4d7803f4,2026-07-13T14:15:00Z,2026-07-13T16:15:00+0200,1.73,EUR/MWh,DK2,DK_2,imbalance_price,Short,2026-08-11T19:14:45Z
2026-08-11T19:03:52Z,2026-08-11T21:03:52+0200,d65ae107-0026-470c-8885-f57b4d7803f4,2026-07-13T14:30:00Z,2026-07-13T16:30:00+0200,20.36,EUR/MWh,DK2,DK_2,imbalance_price,Long,2026-08-11T19:14:45Z
2026-08-11T19:03:52Z,2026-08-11T21:03:52+0200,d65ae107-0026-470c-8885-f57b4d7803f4,2026-07-13T14:30:00Z,2026-07-13T16:30:00+0200,20.36,EUR/MWh,DK2,DK_2,imbalance_price,Short,2026-08-11T19:14:45Z
2026-08-11T19:03:52Z,2026-08-11T21:03:52+0200,d65ae107-0026-470c-8885-f57b4d7803f4,2026-07-13T14:45:00Z,2026-07-13T16:45:00+0200,18.59,EUR/MWh,DK2,DK_2,imbalance_price,Long,2026-08-11T19:14:45Z
2026-08-11T19:03:52Z,2026-08-11T21:03:52+0200,d65ae107-0026-470c-8885-f57b4d7803f4,2026-07-13T14:45:00Z,2026-07-13T16:45:00+0200,18.59,EUR/MWh,DK2,DK_2,imbalance_price,Short,2026-08-11T19:14:45Z
2026-08-11T19:03:52Z,2026-08-11T21:03:52+0200,d65ae107-0026-470c-8885-f57b4d7803f4,2026-07-13T15:00:00Z,2026-07-13T17:00:00+0200,2.69,EUR/MWh,DK2,DK_2,imbalance_price,Long,2026-08-11T19:14:45Z
2026-08-11T19:03:52Z,2026-08-11T21:03:52+0200,d65ae107-0026-470c-8885-f57b4d7803f4,2026-07-13T15:00:00Z,2026-07-13T17:00:00+0200,2.69,EUR/MWh,DK2,DK_2,imbalance_price,Short,2026-08-11T19:14:45Z
2026-08-11T19:03:52Z,2026-08-11T21:03:52+0200,d65ae107-0026-470c-8885-f57b4d7803f4,2026-07-13T15:15:00Z,2026-07-13T17:15:00+0200,13.03,EUR/MWh,DK2,DK_2,imbalance_price,Long,2026-08-11T19:14:45Z
2026-08-11T19:03:52Z,2026-08-11T21:03:52+0200,d65ae107-0026-470c-8885-f57b4d7803f4,2026-07-13T15:15:00Z,2026-07-13T17:15:00+0200,13.03,EUR/MWh,DK2,DK_2,imbalance_price,Short,2026-08-11T19:14:45Z
2026-08-11T19:03:52Z,2026-08-11T21:03:52+0200,d65ae107-0026-470c-8885-f57b4d7803f4,2026-07-13T15:30:00Z,2026-07-13T17:30:00+0200,50.0,EUR/MWh,DK2,DK_2,imbalance_price,Long,2026-08-11T19:14:45Z
2026-08-11T19:03:52Z,2026-08-11T21:03:52+0200,d65ae107-0026-470c-8885-f57b4d7803f4,2026-07-13T15:30:00Z,2026-07-13T17:30:00+0200,50.0,EUR/MWh,DK2,DK_2,imbalance_price,Short,2026-08-11T19:14:45Z
2026-08-11T19:03:52Z,2026-08-11T21:03:52+0200,d65ae107-0026-470c-8885-f57b4d7803f4,2026-07-13T15:45:00Z,2026-07-13T17:45:00+0200,73.75,EUR/MWh,DK2,DK_2,imbalance_price,Long,2026-08-11T19:14:45Z
2026-08-11T19:03:52Z,2026-08-11T21:03:52+0200,d65ae107-0026-470c-8885-f57b4d7803f4,2026-07-13T15:45:00Z,2026-07-13T17:45:00+0200,73.75,EUR/MWh,DK2,DK_2,imbalance_price,Short,2026-08-11T19:14:45Z
2026-08-11T19:03:52Z,2026-08-11T21:03:52+0200,d65ae107-0026-470c-8885-f57b4d7803f4,2026-07-13T16:00:00Z,2026-07-13T18:00:00+0200,45.0,EUR/MWh,DK2,DK_2,imbalance_price,Long,2026-08-11T19:14:45Z
2026-08-11T19:03:52Z,2026-08-11T21:03:52+0200,d65ae107-0026-470c-8885-f57b4d7803f4,2026-07-13T16:00:00Z,2026-07-13T18:00:00+0200,45.0,EUR/MWh,DK2,DK_2,imbalance_price,Short,2026-08-11T19:14:45Z
2026-08-11T19:03:52Z,2026-08-11T21:03:52+0200,d65ae107-0026-470c-8885-f57b4d7803f4,2026-07-13T16:15:00Z,2026-07-13T18:15:00+0200,73.06,EUR/MWh,DK2,DK_2,imbalance_price,Long,2026-08-11T19:14:45Z
2026-08-11T19:03:52Z,2026-08-11T21:03:52+0200,d65ae107-0026-470c-8885-f57b4d7803f4,2026-07-13T16:15:00Z,2026-07-13T18:15:00+0200,73.06,EUR/MWh,DK2,DK_2,imbalance_price,Short,2026-08-11T19:14:45Z
2026-08-11T19:03:52Z,2026-08-11T21:03:52+0200,d65ae107-0026-470c-8885-f57b4d7803f4,2026-07-13T16:30:00Z,2026-07-13T18:30:00+0200,144.91,EUR/MWh,DK2,DK_2,imbalance_price,Long,2026-08-11T19:14:45Z
2026-08-11T19:03:52Z,2026-08-11T21:03:52+0200,d65ae107-0026-470c-8885-f57b4d7803f4,2026-07-13T16:30:00Z,2026-07-13T18:30:00+0200,144.91,EUR/MWh,DK2,DK_2,imbalance_price,Short,2026-08-11T19:14:45Z
2026-08-11T19:03:52Z,2026-08-11T21:03:52+0200,d65ae107-0026-470c-8885-f57b4d7803f4,2026-07-13T16:45:00Z,2026-07-13T18:45:00+0200,481.65,EUR/MWh,DK2,DK_2,imbalance_price,Long,2026-08-11T19:14:45Z
2026-08-11T19:03:52Z,2026-08-11T21:03:52+0200,d65ae107-0026-470c-8885-f57b4d7803f4,2026-07-13T16:45:00Z,2026-07-13T18:45:00+0200,481.65,EUR/MWh,DK2,DK_2,imbalance_price,Short,2026-08-11T19:14:45Z
2026-08-11T19:03:52Z,2026-08-11T21:03:52+0200,d65ae107-0026-470c-8885-f57b4d7803f4,2026-07-13T17:00:00Z,2026-07-13T19:00:00+0200,207.35,EUR/MWh,DK2,DK_2,imbalance_price,Long,2026-08-11T19:14:45Z
2026-08-11T19:03:52Z,2026-08-11T21:03:52+0200,d65ae107-0026-470c-8885-f57b4d7803f4,2026-07-13T17:00:00Z,2026-07-13T19:00:00+0200,207.35,EUR/MWh,DK2,DK_2,imbalance_price,Short,2026-08-11T19:14:45Z
2026-08-11T19:03:52Z,2026-08-11T21:03:52+0200,d65ae107-0026-470c-8885-f57b4d7803f4,2026-07-13T17:15:00Z,2026-07-13T19:15:00+0200,200.0,EUR/MWh,DK2,DK_2,imbalance_price,Long,2026-08-11T19:14:45Z
2026-08-11T19:03:52Z,2026-08-11T21:03:52+0200,d65ae107-0026-470c-8885-f57b4d7803f4,2026-07-13T17:15:00Z,2026-07-13T19:15:00+0200,200.0,EUR/MWh,DK2,DK_2,imbalance_price,Short,2026-08-11T19:14:45Z
2026-08-11T19:03:52Z,2026-08-11T21:03:52+0200,d65ae107-0026-470c-8885-f57b4d7803f4,2026-07-13T17:30:00Z,2026-07-13T19:30:00+0200,200.0,EUR/MWh,DK2,DK_2,imbalance_price,Long,2026-08-11T19:14:45Z
2026-08-11T19:03:52Z,2026-08-11T21:03:52+0200,d65ae107-0026-470c-8885-f57b4d7803f4,2026-07-13T17:30:00Z,2026-07-13T19:30:00+0200,200.0,EUR/MWh,DK2,DK_2,imbalance_price,Short,2026-08-11T19:14:45Z
2026-08-11T19:03:52Z,2026-08-11T21:03:52+0200,d65ae107-0026-470c-8885-f57b4d7803f4,2026-07-13T17:45:00Z,2026-07-13T19:45:00+0200,250.0,EUR/MWh,DK2,DK_2,imbalance_price,Long,2026-08-11T19:14:45Z
2026-08-11T19:03:52Z,2026-08-11T21:03:52+0200,d65ae107-0026-470c-8885-f57b4d7803f4,2026-07-13T17:45:00Z,2026-07-13T19:45:00+0200,250.0,EUR/MWh,DK2,DK_2,imbalance_price,Short,2026-08-11T19:14:45Z
2026-08-11T19:03:52Z,2026-08-11T21:03:52+0200,d65ae107-0026-470c-8885-f57b4d7803f4,2026-07-13T18:00:00Z,2026-07-13T20:00:00+0200,246.79,EUR/MWh,DK2,DK_2,imbalance_price,Long,2026-08-11T19:14:45Z
2026-08-11T19:03:52Z,2026-08-11T21:03:52+0200,d65ae107-0026-470c-8885-f57b4d7803f4,2026-07-13T18:00:00Z,2026-07-13T20:00:00+0200,246.79,EUR/MWh,DK2,DK_2,imbalance_price,Short,2026-08-11T19:14:45Z
2026-08-11T19:03:52Z,2026-08-11T21:03:52+0200,d65ae107-0026-470c-8885-f57b4d7803f4,2026-07-13T18:15:00Z,2026-07-13T20:15:00+0200,228.71,EUR/MWh,DK2,DK_2,imbalance_price,Long,2026-08-11T19:14:45Z
2026-08-11T19:03:52Z,2026-08-11T21:03:52+0200,d65ae107-0026-470c-8885-f57b4d7803f4,2026-07-13T18:15:00Z,2026-07-13T20:15:00+0200,228.71,EUR/MWh,DK2,DK_2,imbalance_price,Short,2026-08-11T19:14:45Z
2026-08-11T19:03:52Z,2026-08-11T21:03:52+0200,d65ae107-0026-470c-8885-f57b4d7803f4,2026-07-13T18:30:00Z,2026-07-13T20:30:00+0200,236.0,EUR/MWh,DK2,DK_2,imbalance_price,Long,2026-08-11T19:14:45Z
2026-08-11T19:03:52Z,2026-08-11T21:03:52+0200,d65ae107-0026-470c-8885-f57b4d7803f4,2026-07-13T18:30:00Z,2026-07-13T20:30:00+0200,236.0,EUR/MWh,DK2,DK_2,imbalance_price,Short,2026-08-11T19:14:45Z
2026-08-11T19:03:52Z,2026-08-11T21:03:52+0200,d65ae107-0026-470c-8885-f57b4d7803f4,2026-07-13T18:45:00Z,2026-07-13T20:45:00+0200,180.25,EUR/MWh,DK2,DK_2,imbalance_price,Long,2026-08-11T19:14:45Z
2026-08-11T19:03:52Z,2026-08-11T21:03:52+0200,d65ae107-0026-470c-8885-f57b4d7803f4,2026-07-13T18:45:00Z,2026-07-13T20:45:00+0200,180.25,EUR/MWh,DK2,DK_2,imbalance_price,Short,2026-08-11T19:14:45Z
2026-08-11T19:03:52Z,2026-08-11T21:03:52+0200,d65ae107-0026-470c-8885-f57b4d7803f4,2026-07-13T19:00:00Z,2026-07-13T21:00:00+0200,181.45,EUR/MWh,DK2,DK_2,imbalance_price,Long,2026-08-11T19:14:45Z
2026-08-11T19:03:52Z,2026-08-11T21:03:52+0200,d65ae107-0026-470c-8885-f57b4d7803f4,2026-07-13T19:00:00Z,2026-07-13T21:00:00+0200,181.45,EUR/MWh,DK2,DK_2,imbalance_price,Short,2026-08-11T19:14:45Z
2026-08-11T19:03:52Z,2026-08-11T21:03:52+0200,d65ae107-0026-470c-8885-f57b4d7803f4,2026-07-13T19:15:00Z,2026-07-13T21:15:00+0200,111.18,EUR/MWh,DK2,DK_2,imbalance_price,Long,2026-08-11T19:14:45Z
2026-08-11T19:03:52Z,2026-08-11T21:03:52+0200,d65ae107-0026-470c-8885-f57b4d7803f4,2026-07-13T19:15:00Z,2026-07-13T21:15:00+0200,111.18,EUR/MWh,DK2,DK_2,imbalance_price,Short,2026-08-11T19:14:45Z
2026-08-11T19:03:52Z,2026-08-11T21:03:52+0200,d65ae107-0026-470c-8885-f57b4d7803f4,2026-07-13T19:30:00Z,2026-07-13T21:30:00+0200,163.01,EUR/MWh,DK2,DK_2,imbalance_price,Long,2026-08-11T19:14:45Z
2026-08-11T19:03:52Z,2026-08-11T21:03:52+0200,d65ae107-0026-470c-8885-f57b4d7803f4,2026-07-13T19:30:00Z,2026-07-13T21:30:00+0200,163.01,EUR/MWh,DK2,DK_2,imbalance_price,Short,2026-08-11T19:14:45Z
2026-08-11T19:03:52Z,2026-08-11T21:03:52+0200,d65ae107-0026-470c-8885-f57b4d7803f4,2026-07-13T19:45:00Z,2026-07-13T21:45:00+0200,197.58,EUR/MWh,DK2,DK_2,imbalance_price,Long,2026-08-11T19:14:45Z
2026-08-11T19:03:52Z,2026-08-11T21:03:52+0200,d65ae107-0026-470c-8885-f57b4d7803f4,2026-07-13T19:45:00Z,2026-07-13T21:45:00+0200,197.58,EUR/MWh,DK2,DK_2,imbalance_price,Short,2026-08-11T19:14:45Z
2026-08-11T19:03:52Z,2026-08-11T21:03:52+0200,d65ae107-0026-470c-8885-f57b4d7803f4,2026-07-13T20:00:00Z,2026-07-13T22:00:00+0200,110.19,EUR/MWh,DK2,DK_2,imbalance_price,Long,2026-08-11T19:14:45Z
2026-08-11T19:03:52Z,2026-08-11T21:03:52+0200,d65ae107-0026-470c-8885-f57b4d7803f4,2026-07-13T20:00:00Z,2026-07-13T22:00:00+0200,110.19,EUR/MWh,DK2,DK_2,imbalance_price,Short,2026-08-11T19:14:45Z
2026-08-11T19:03:52Z,2026-08-11T21:03:52+0200,d65ae107-0026-470c-8885-f57b4d7803f4,2026-07-13T20:15:00Z,2026-07-13T22:15:00+0200,109.78,EUR/MWh,DK2,DK_2,imbalance_price,Long,2026-08-11T19:14:45Z
2026-08-11T19:03:52Z,2026-08-11T21:03:52+0200,d65ae107-0026-470c-8885-f57b4d7803f4,2026-07-13T20:15:00Z,2026-07-13T22:15:00+0200,109.78,EUR/MWh,DK2,DK_2,imbalance_price,Short,2026-08-11T19:14:45Z
2026-08-11T19:03:52Z,2026-08-11T21:03:52+0200,d65ae107-0026-470c-8885-f57b4d7803f4,2026-07-13T20:30:00Z,2026-07-13T22:30:00+0200,111.72,EUR/MWh,DK2,DK_2,imbalance_price,Long,2026-08-11T19:14:45Z
2026-08-11T19:03:52Z,2026-08-11T21:03:52+0200,d65ae107-0026-470c-8885-f57b4d7803f4,2026-07-13T20:30:00Z,2026-07-13T22:30:00+0200,111.72,EUR/MWh,DK2,DK_2,imbalance_price,Short,2026-08-11T19:14:45Z
2026-08-11T19:03:52Z,2026-08-11T21:03:52+0200,d65ae107-0026-470c-8885-f57b4d7803f4,2026-07-13T20:45:00Z,2026-07-13T22:45:00+0200,99.7,EUR/MWh,DK2,DK_2,imbalance_price,Long,2026-08-11T19:14:45Z
2026-08-11T19:03:52Z,2026-08-11T21:03:52+0200,d65ae107-0026-470c-8885-f57b4d7803f4,2026-07-13T20:45:00Z,2026-07-13T22:45:00+0200,99.7,EUR/MWh,DK2,DK_2,imbalance_price,Short,2026-08-11T19:14:45Z
2026-08-11T19:03:52Z,2026-08-11T21:03:52+0200,d65ae107-0026-470c-8885-f57b4d7803f4,2026-07-13T21:00:00Z,2026-07-13T23:00:00+0200,101.83,EUR/MWh,DK2,DK_2,imbalance_price,Long,2026-08-11T19:14:45Z
2026-08-11T19:03:52Z,2026-08-11T21:03:52+0200,d65ae107-0026-470c-8885-f57b4d7803f4,2026-07-13T21:00:00Z,2026-07-13T23:00:00+0200,101.83,EUR/MWh,DK2,DK_2,imbalance_price,Short,2026-08-11T19:14:45Z
2026-08-11T19:03:52Z,2026-08-11T21:03:52+0200,d65ae107-0026-470c-8885-f57b4d7803f4,2026-07-13T21:15:00Z,2026-07-13T23:15:00+0200,84.09,EUR/MWh,DK2,DK_2,imbalance_price,Long,2026-08-11T19:14:45Z
2026-08-11T19:03:52Z,2026-08-11T21:03:52+0200,d65ae107-0026-470c-8885-f57b4d7803f4,2026-07-13T21:15:00Z,2026-07-13T23:15:00+0200,84.09,EUR/MWh,DK2,DK_2,imbalance_price,Short,2026-08-11T19:14:45Z
2026-08-11T19:03:52Z,2026-08-11T21:03:52+0200,d65ae107-0026-470c-8885-f57b4d7803f4,2026-07-13T21:30:00Z,2026-07-13T23:30:00+0200,83.05,EUR/MWh,DK2,DK_2,imbalance_price,Long,2026-08-11T19:14:45Z
2026-08-11T19:03:52Z,2026-08-11T21:03:52+0200,d65ae107-0026-470c-8885-f57b4d7803f4,2026-07-13T21:30:00Z,2026-07-13T23:30:00+0200,83.05,EUR/MWh,DK2,DK_2,imbalance_price,Short,2026-08-11T19:14:45Z
2026-08-11T19:03:52Z,2026-08-11T21:03:52+0200,d65ae107-0026-470c-8885-f57b4d7803f4,2026-07-13T21:45:00Z,2026-07-13T23:45:00+0200,104.84,EUR/MWh,DK2,DK_2,imbalance_price,Long,2026-08-11T19:14:45Z
2026-08-11T19:03:52Z,2026-08-11T21:03:52+0200,d65ae107-0026-470c-8885-f57b4d7803f4,2026-07-13T21:45:00Z,2026-07-13T23:45:00+0200,104.84,EUR/MWh,DK2,DK_2,imbalance_price,Short,2026-08-11T19:14:45Z
2026-08-11T19:03:52Z,2026-08-11T21:03:52+0200,d65ae107-0026-470c-8885-f57b4d7803f4,2026-07-13T22:00:00Z,2026-07-14T00:00:00+0200,91.43,EUR/MWh,DK2,DK_2,imbalance_price,Long,2026-08-11T19:14:45Z
2026-08-11T19:03:52Z,2026-08-11T21:03:52+0200,d65ae107-0026-470c-8885-f57b4d7803f4,2026-07-13T22:00:00Z,2026-07-14T00:00:00+0200,91.43,EUR/MWh,DK2,DK_2,imbalance_price,Short,2026-08-11T19:14:45Z
2026-08-11T19:03:52Z,2026-08-11T21:03:52+0200,d65ae107-0026-470c-8885-f57b4d7803f4,2026-07-13T22:15:00Z,2026-07-14T00:15:00+0200,91.06,EUR/MWh,DK2,DK_2,imbalance_price,Long,2026-08-11T19:14:45Z
2026-08-11T19:03:52Z,2026-08-11T21:03:52+0200,d65ae107-0026-470c-8885-f57b4d7803f4,2026-07-13T22:15:00Z,2026-07-14T00:15:00+0200,91.06,EUR/MWh,DK2,DK_2,imbalance_price,Short,2026-08-11T19:14:45Z
2026-08-11T19:03:52Z,2026-08-11T21:03:52+0200,d65ae107-0026-470c-8885-f57b4d7803f4,2026-07-13T22:30:00Z,2026-07-14T00:30:00+0200,90.71,EUR/MWh,DK2,DK_2,imbalance_price,Long,2026-08-11T19:14:45Z
2026-08-11T19:03:52Z,2026-08-11T21:03:52+0200,d65ae107-0026-470c-8885-f57b4d7803f4,2026-07-13T22:30:00Z,2026-07-14T00:30:00+0200,90.71,EUR/MWh,DK2,DK_2,imbalance_price,Short,2026-08-11T19:14:45Z
2026-08-11T19:03:52Z,2026-08-11T21:03:52+0200,d65ae107-0026-470c-8885-f57b4d7803f4,2026-07-13T22:45:00Z,2026-07-14T00:45:00+0200,86.35,EUR/MWh,DK2,DK_2,imbalance_price,Long,2026-08-11T19:14:45Z
2026-08-11T19:03:52Z,2026-08-11T21:03:52+0200,d65ae107-0026-470c-8885-f57b4d7803f4,2026-07-13T22:45:00Z,2026-07-14T00:45:00+0200,86.35,EUR/MWh,DK2,DK_2,imbalance_price,Short,2026-08-11T19:14:45Z
2026-08-11T19:03:52Z,2026-08-11T21:03:52+0200,d65ae107-0026-470c-8885-f57b4d7803f4,2026-07-13T23:00:00Z,2026-07-14T01:00:00+0200,89.86,EUR/MWh,DK2,DK_2,imbalance_price,Long,2026-08-11T19:14:45Z
2026-08-11T19:03:52Z,2026-08-11T21:03:52+0200,d65ae107-0026-470c-8885-f57b4d7803f4,2026-07-13T23:00:00Z,2026-07-14T01:00:00+0200,89.86,EUR/MWh,DK2,DK_2,imbalance_price,Short,2026-08-11T19:14:45Z
2026-08-11T19:03:52Z,2026-08-11T21:03:52+0200,d65ae107-0026-470c-8885-f57b4d7803f4,2026-07-13T23:15:00Z,2026-07-14T01:15:00+0200,94.93,EUR/MWh,DK2,DK_2,imbalance_price,Long,2026-08-11T19:14:45Z
2026-08-11T19:03:52Z,2026-08-11T21:03:52+0200,d65ae107-0026-470c-8885-f57b4d7803f4,2026-07-13T23:15:00Z,2026-07-14T01:15:00+0200,94.93,EUR/MWh,DK2,DK_2,imbalance_price,Short,2026-08-11T19:14:45Z
2026-08-11T19:03:52Z,2026-08-11T21:03:52+0200,d65ae107-0026-470c-8885-f57b4d7803f4,2026-07-13T23:30:00Z,2026-07-14T01:30:00+0200,87.63,EUR/MWh,DK2,DK_2,imbalance_price,Long,2026-08-11T19:14:45Z
2026-08-11T19:03:52Z,2026-08-11T21:03:52+0200,d65ae107-0026-470c-8885-f57b4d7803f4,2026-07-13T23:30:00Z,2026-07-14T01:30:00+0200,87.63,EUR/MWh,DK2,DK_2,imbalance_price,Short,2026-08-11T19:14:45Z
2026-08-11T19:03:52Z,2026-08-11T21:03:52+0200,d65ae107-0026-470c-8885-f57b4d7803f4,2026-07-13T23:45:00Z,2026-07-14T01:45:00+0200,89.75,EUR/MWh,DK2,DK_2,imbalance_price,Long,2026-08-11T19:14:45Z
2026-08-11T19:03:52Z,2026-08-11T21:03:52+0200,d65ae107-0026-470c-8885-f57b4d7803f4,2026-07-13T23:45:00Z,2026-07-14T01:45:00+0200,89.75,EUR/MWh,DK2,DK_2,imbalance_price,Short,2026-08-11T19:14:45Z
2026-08-11T19:03:52Z,2026-08-11T21:03:52+0200,d65ae107-0026-470c-8885-f57b4d7803f4,2026-07-14T00:00:00Z,2026-07-14T02:00:00+0200,97.37,EUR/MWh,DK2,DK_2,imbalance_price,Long,2026-08-11T19:14:45Z
2026-08-11T19:03:52Z,2026-08-11T21:03:52+0200,d65ae107-0026-470c-8885-f57b4d7803f4,2026-07-14T00:00:00Z,2026-07-14T02:00:00+0200,97.37,EUR/MWh,DK2,DK_2,imbalance_price,Short,2026-08-11T19:14:45Z
2026-08-11T19:03:52Z,2026-08-11T21:03:52+0200,d65ae107-0026-470c-8885-f57b4d7803f4,2026-07-14T00:15:00Z,2026-07-14T02:15:00+0200,90.39,EUR/MWh,DK2,DK_2,imbalance_price,Long,2026-08-11T19:14:45Z
2026-08-11T19:03:52Z,2026-08-11T21:03:52+0200,d65ae107-0026-470c-8885-f57b4d7803f4,2026-07-14T00:15:00Z,2026-07-14T02:15:00+0200,90.39,EUR/MWh,DK2,DK_2,imbalance_price,Short,2026-08-11T19:14:45Z
2026-08-11T19:03:52Z,2026-08-11T21:03:52+0200,d65ae107-0026-470c-8885-f57b4d7803f4,2026-07-14T00:30:00Z,2026-07-14T02:30:00+0200,83.62,EUR/MWh,DK2,DK_2,imbalance_price,Long,2026-08-11T19:14:45Z
2026-08-11T19:03:52Z,2026-08-11T21:03:52+0200,d65ae107-0026-470c-8885-f57b4d7803f4,2026-07-14T00:30:00Z,2026-07-14T02:30:00+0200,83.62,EUR/MWh,DK2,DK_2,imbalance_price,Short,2026-08-11T19:14:45Z
2026-08-11T19:03:52Z,2026-08-11T21:03:52+0200,d65ae107-0026-470c-8885-f57b4d7803f4,2026-07-14T00:45:00Z,2026-07-14T02:45:00+0200,91.38,EUR/MWh,DK2,DK_2,imbalance_price,Long,2026-08-11T19:14:45Z
2026-08-11T19:03:52Z,2026-08-11T21:03:52+0200,d65ae107-0026-470c-8885-f57b4d7803f4,2026-07-14T00:45:00Z,2026-07-14T02:45:00+0200,91.38,EUR/MWh,DK2,DK_2,imbalance_price,Short,2026-08-11T19:14:45Z
2026-08-11T19:03:52Z,2026-08-11T21:03:52+0200,d65ae107-0026-470c-8885-f57b4d7803f4,2026-07-14T01:00:00Z,2026-07-14T03:00:00+0200,90.52,EUR/MWh,DK2,DK_2,imbalance_price,Long,2026-08-11T19:14:45Z
2026-08-11T19:03:52Z,2026-08-11T21:03:52+0200,d65ae107-0026-470c-8885-f57b4d7803f4,2026-07-14T01:00:00Z,2026-07-14T03:00:00+0200,90.52,EUR/MWh,DK2,DK_2,imbalance_price,Short,2026-08-11T19:14:45Z
2026-08-11T19:03:52Z,2026-08-11T21:03:52+0200,d65ae107-0026-470c-8885-f57b4d7803f4,2026-07-14T01:15:00Z,2026-07-14T03:15:00+0200,90.73,EUR/MWh,DK2,DK_2,imbalance_price,Long,2026-08-11T19:14:45Z
2026-08-11T19:03:52Z,2026-08-11T21:03:52+0200,d65ae107-0026-470c-8885-f57b4d7803f4,2026-07-14T01:15:00Z,2026-07-14T03:15:00+0200,90.73,EUR/MWh,DK2,DK_2,imbalance_price,Short,2026-08-11T19:14:45Z
2026-08-11T19:03:52Z,2026-08-11T21:03:52+0200,d65ae107-0026-470c-8885-f57b4d7803f4,2026-07-14T01:30:00Z,2026-07-14T03:30:00+0200,95.56,EUR/MWh,DK2,DK_2,imbalance_price,Long,2026-08-11T19:14:45Z
2026-08-11T19:03:52Z,2026-08-11T21:03:52+0200,d65ae107-0026-470c-8885-f57b4d7803f4,2026-07-14T01:30:00Z,2026-07-14T03:30:00+0200,95.56,EUR/MWh,DK2,DK_2,imbalance_price,Short,2026-08-11T19:14:45Z
2026-08-11T19:03:52Z,2026-08-11T21:03:52+0200,d65ae107-0026-470c-8885-f57b4d7803f4,2026-07-14T01:45:00Z,2026-07-14T03:45:00+0200,102.66,EUR/MWh,DK2,DK_2,imbalance_price,Long,2026-08-11T19:14:45Z
2026-08-11T19:03:52Z,2026-08-11T21:03:52+0200,d65ae107-0026-470c-8885-f57b4d7803f4,2026-07-14T01:45:00Z,2026-07-14T03:45:00+0200,102.66,EUR/MWh,DK2,DK_2,imbalance_price,Short,2026-08-11T19:14:45Z
2026-08-11T19:03:52Z,2026-08-11T21:03:52+0200,d65ae107-0026-470c-8885-f57b4d7803f4,2026-07-14T02:00:00Z,2026-07-14T04:00:00+0200,93.81,EUR/MWh,DK2,DK_2,imbalance_price,Long,2026-08-11T19:14:45Z
2026-08-11T19:03:52Z,2026-08-11T21:03:52+0200,d65ae107-0026-470c-8885-f57b4d7803f4,2026-07-14T02:00:00Z,2026-07-14T04:00:00+0200,93.81,EUR/MWh,DK2,DK_2,imbalance_price,Short,2026-08-11T19:14:45Z
2026-08-11T19:03:52Z,2026-08-11T21:03:52+0200,d65ae107-0026-470c-8885-f57b4d7803f4,2026-07-14T02:15:00Z,2026-07-14T04:15:00+0200,102.08,EUR/MWh,DK2,DK_2,imbalance_price,Long,2026-08-11T19:14:45Z
2026-08-11T19:03:52Z,2026-08-11T21:03:52+0200,d65ae107-0026-470c-8885-f57b4d7803f4,2026-07-14T02:15:00Z,2026-07-14T04:15:00+0200,102.08,EUR/MWh,DK2,DK_2,imbalance_price,Short,2026-08-11T19:14:45Z
2026-08-11T19:03:52Z,2026-08-11T21:03:52+0200,d65ae107-0026-470c-8885-f57b4d7803f4,2026-07-14T02:30:00Z,2026-07-14T04:30:00+0200,102.38,EUR/MWh,DK2,DK_2,imbalance_price,Long,2026-08-11T19:14:45Z
2026-08-11T19:03:52Z,2026-08-11T21:03:52+0200,d65ae107-0026-470c-8885-f57b4d7803f4,2026-07-14T02:30:00Z,2026-07-14T04:30:00+0200,102.38,EUR/MWh,DK2,DK_2,imbalance_price,Short,2026-08-11T19:14:45Z
2026-08-11T19:03:52Z,2026-08-11T21:03:52+0200,d65ae107-0026-470c-8885-f57b4d7803f4,2026-07-14T02:45:00Z,2026-07-14T04:45:00+0200,105.7,EUR/MWh,DK2,DK_2,imbalance_price,Long,2026-08-11T19:14:45Z
2026-08-11T19:03:52Z,2026-08-11T21:03:52+0200,d65ae107-0026-470c-8885-f57b4d7803f4,2026-07-14T02:45:00Z,2026-07-14T04:45:00+0200,105.7,EUR/MWh,DK2,DK_2,imbalance_price,Short,2026-08-11T19:14:45Z
2026-08-11T19:03:52Z,2026-08-11T21:03:52+0200,d65ae107-0026-470c-8885-f57b4d7803f4,2026-07-14T03:00:00Z,2026-07-14T05:00:00+0200,92.24,EUR/MWh,DK2,DK_2,imbalance_price,Long,2026-08-11T19:14:45Z
2026-08-11T19:03:52Z,2026-08-11T21:03:52+0200,d65ae107-0026-470c-8885-f57b4d7803f4,2026-07-14T03:00:00Z,2026-07-14T05:00:00+0200,92.24,EUR/MWh,DK2,DK_2,imbalance_price,Short,2026-08-11T19:14:45Z
2026-08-11T19:03:52Z,2026-08-11T21:03:52+0200,d65ae107-0026-470c-8885-f57b4d7803f4,2026-07-14T03:15:00Z,2026-07-14T05:15:00+0200,80.17,EUR/MWh,DK2,DK_2,imbalance_price,Long,2026-08-11T19:14:45Z
2026-08-11T19:03:52Z,2026-08-11T21:03:52+0200,d65ae107-0026-470c-8885-f57b4d7803f4,2026-07-14T03:15:00Z,2026-07-14T05:15:00+0200,80.17,EUR/MWh,DK2,DK_2,imbalance_price,Short,2026-08-11T19:14:45Z
2026-08-11T19:03:52Z,2026-08-11T21:03:52+0200,d65ae107-0026-470c-8885-f57b4d7803f4,2026-07-14T03:30:00Z,2026-07-14T05:30:00+0200,79.89,EUR/MWh,DK2,DK_2,imbalance_price,Long,2026-08-11T19:14:45Z
2026-08-11T19:03:52Z,2026-08-11T21:03:52+0200,d65ae107-0026-470c-8885-f57b4d7803f4,2026-07-14T03:30:00Z,2026-07-14T05:30:00+0200,79.89,EUR/MWh,DK2,DK_2,imbalance_price,Short,2026-08-11T19:14:45Z
2026-08-11T19:03:52Z,2026-08-11T21:03:52+0200,d65ae107-0026-470c-8885-f57b4d7803f4,2026-07-14T03:45:00Z,2026-07-14T05:45:00+0200,86.03,EUR/MWh,DK2,DK_2,imbalance_price,Long,2026-08-11T19:14:45Z
2026-08-11T19:03:52Z,2026-08-11T21:03:52+0200,d65ae107-0026-470c-8885-f57b4d7803f4,2026-07-14T03:45:00Z,2026-07-14T05:45:00+0200,86.03,EUR/MWh,DK2,DK_2,imbalance_price,Short,2026-08-11T19:14:45Z
2026-08-11T19:03:52Z,2026-08-11T21:03:52+0200,d65ae107-0026-470c-8885-f57b4d7803f4,2026-07-14T04:00:00Z,2026-07-14T06:00:00+0200,87.12,EUR/MWh,DK2,DK_2,imbalance_price,Long,2026-08-11T19:14:45Z
2026-08-11T19:03:52Z,2026-08-11T21:03:52+0200,d65ae107-0026-470c-8885-f57b4d7803f4,2026-07-14T04:00:00Z,2026-07-14T06:00:00+0200,87.12,EUR/MWh,DK2,DK_2,imbalance_price,Short,2026-08-11T19:14:45Z
2026-08-11T19:03:52Z,2026-08-11T21:03:52+0200,d65ae107-0026-470c-8885-f57b4d7803f4,2026-07-14T04:15:00Z,2026-07-14T06:15:00+0200,81.49,EUR/MWh,DK2,DK_2,imbalance_price,Long,2026-08-11T19:14:45Z
2026-08-11T19:03:52Z,2026-08-11T21:03:52+0200,d65ae107-0026-470c-8885-f57b4d7803f4,2026-07-14T04:15:00Z,2026-07-14T06:15:00+0200,81.49,EUR/MWh,DK2,DK_2,imbalance_price,Short,2026-08-11T19:14:45Z
2026-08-11T19:03:52Z,2026-08-11T21:03:52+0200,d65ae107-0026-470c-8885-f57b4d7803f4,2026-07-14T04:30:00Z,2026-07-14T06:30:00+0200,73.76,EUR/MWh,DK2,DK_2,imbalance_price,Long,2026-08-11T19:14:45Z
2026-08-11T19:03:52Z,2026-08-11T21:03:52+0200,d65ae107-0026-470c-8885-f57b4d7803f4,2026-07-14T04:30:00Z,2026-07-14T06:30:00+0200,73.76,EUR/MWh,DK2,DK_2,imbalance_price,Short,2026-08-11T19:14:45Z
2026-08-11T19:03:52Z,2026-08-11T21:03:52+0200,d65ae107-0026-470c-8885-f57b4d7803f4,2026-07-14T04:45:00Z,2026-07-14T06:45:00+0200,73.19,EUR/MWh,DK2,DK_2,imbalance_price,Long,2026-08-11T19:14:45Z
2026-08-11T19:03:52Z,2026-08-11T21:03:52+0200,d65ae107-0026-470c-8885-f57b4d7803f4,2026-07-14T04:45:00Z,2026-07-14T06:45:00+0200,73.19,EUR/MWh,DK2,DK_2,imbalance_price,Short,2026-08-11T19:14:45Z
2026-08-11T19:03:52Z,2026-08-11T21:03:52+0200,d65ae107-0026-470c-8885-f57b4d7803f4,2026-07-14T05:00:00Z,2026-07-14T07:00:00+0200,-5.0,EUR/MWh,DK2,DK_2,imbalance_price,Long,2026-08-11T19:14:45Z
2026-08-11T19:03:52Z,2026-08-11T21:03:52+0200,d65ae107-0026-470c-8885-f57b4d7803f4,2026-07-14T05:00:00Z,2026-07-14T07:00:00+0200,-5.0,EUR/MWh,DK2,DK_2,imbalance_price,Short,2026-08-11T19:14:45Z
2026-08-11T19:03:52Z,2026-08-11T21:03:52+0200,d65ae107-0026-470c-8885-f57b4d7803f4,2026-07-14T05:15:00Z,2026-07-14T07:15:00+0200,-2.0,EUR/MWh,DK2,DK_2,imbalance_price,Long,2026-08-11T19:14:45Z
2026-08-11T19:03:52Z,2026-08-11T21:03:52+0200,d65ae107-0026-470c-8885-f57b4d7803f4,2026-07-14T05:15:00Z,2026-07-14T07:15:00+0200,-2.0,EUR/MWh,DK2,DK_2,imbalance_price,Short,2026-08-11T19:14:45Z
2026-08-11T19:03:52Z,2026-08-11T21:03:52+0200,d65ae107-0026-470c-8885-f57b4d7803f4,2026-07-14T05:30:00Z,2026-07-14T07:30:00+0200,75.6,EUR/MWh,DK2,DK_2,imbalance_price,Long,2026-08-11T19:14:45Z
2026-08-11T19:03:52Z,2026-08-11T21:03:52+0200,d65ae107-0026-470c-8885-f57b4d7803f4,2026-07-14T05:30:00Z,2026-07-14T07:30:00+0200,75.6,EUR/MWh,DK2,DK_2,imbalance_price,Short,2026-08-11T19:14:45Z
2026-08-11T19:03:52Z,2026-08-11T21:03:52+0200,d65ae107-0026-470c-8885-f57b4d7803f4,2026-07-14T05:45:00Z,2026-07-14T07:45:00+0200,66.43,EUR/MWh,DK2,DK_2,imbalance_price,Long,2026-08-11T19:14:45Z
2026-08-11T19:03:52Z,2026-08-11T21:03:52+0200,d65ae107-0026-470c-8885-f57b4d7803f4,2026-07-14T05:45:00Z,2026-07-14T07:45:00+0200,66.43,EUR/MWh,DK2,DK_2,imbalance_price,Short,2026-08-11T19:14:45Z
2026-08-11T19:03:52Z,2026-08-11T21:03:52+0200,d65ae107-0026-470c-8885-f57b4d7803f4,2026-07-14T06:00:00Z,2026-07-14T08:00:00+0200,56.99,EUR/MWh,DK2,DK_2,imbalance_price,Long,2026-08-11T19:14:45Z
2026-08-11T19:03:52Z,2026-08-11T21:03:52+0200,d65ae107-0026-470c-8885-f57b4d7803f4,2026-07-14T06:00:00Z,2026-07-14T08:00:00+0200,56.99,EUR/MWh,DK2,DK_2,imbalance_price,Short,2026-08-11T19:14:45Z
2026-08-11T19:03:52Z,2026-08-11T21:03:52+0200,d65ae107-0026-470c-8885-f57b4d7803f4,2026-07-14T06:15:00Z,2026-07-14T08:15:00+0200,100.13,EUR/MWh,DK2,DK_2,imbalance_price,Long,2026-08-11T19:14:45Z
2026-08-11T19:03:52Z,2026-08-11T21:03:52+0200,d65ae107-0026-470c-8885-f57b4d7803f4,2026-07-14T06:15:00Z,2026-07-14T08:15:00+0200,100.13,EUR/MWh,DK2,DK_2,imbalance_price,Short,2026-08-11T19:14:45Z
2026-08-11T19:03:52Z,2026-08-11T21:03:52+0200,d65ae107-0026-470c-8885-f57b4d7803f4,2026-07-14T06:30:00Z,2026-07-14T08:30:00+0200,133.66,EUR/MWh,DK2,DK_2,imbalance_price,Long,2026-08-11T19:14:45Z
2026-08-11T19:03:52Z,2026-08-11T21:03:52+0200,d65ae107-0026-470c-8885-f57b4d7803f4,2026-07-14T06:30:00Z,2026-07-14T08:30:00+0200,133.66,EUR/MWh,DK2,DK_2,imbalance_price,Short,2026-08-11T19:14:45Z
2026-08-11T19:03:52Z,2026-08-11T21:03:52+0200,d65ae107-0026-470c-8885-f57b4d7803f4,2026-07-14T06:45:00Z,2026-07-14T08:45:00+0200,105.64,EUR/MWh,DK2,DK_2,imbalance_price,Long,2026-08-11T19:14:45Z
2026-08-11T19:03:52Z,2026-08-11T21:03:52+0200,d65ae107-0026-470c-8885-f57b4d7803f4,2026-07-14T06:45:00Z,2026-07-14T08:45:00+0200,105.64,EUR/MWh,DK2,DK_2,imbalance_price,Short,2026-08-11T19:14:45Z
2026-08-11T19:03:52Z,2026-08-11T21:03:52+0200,d65ae107-0026-470c-8885-f57b4d7803f4,2026-07-14T07:00:00Z,2026-07-14T09:00:00+0200,95.46,EUR/MWh,DK2,DK_2,imbalance_price,Long,2026-08-11T19:14:45Z
2026-08-11T19:03:52Z,2026-08-11T21:03:52+0200,d65ae107-0026-470c-8885-f57b4d7803f4,2026-07-14T07:00:00Z,2026-07-14T09:00:00+0200,95.46,EUR/MWh,DK2,DK_2,imbalance_price,Short,2026-08-11T19:14:45Z
2026-08-11T19:03:52Z,2026-08-11T21:03:52+0200,d65ae107-0026-470c-8885-f57b4d7803f4,2026-07-14T07:15:00Z,2026-07-14T09:15:00+0200,124.86,EUR/MWh,DK2,DK_2,imbalance_price,Long,2026-08-11T19:14:45Z
2026-08-11T19:03:52Z,2026-08-11T21:03:52+0200,d65ae107-0026-470c-8885-f57b4d7803f4,2026-07-14T07:15:00Z,2026-07-14T09:15:00+0200,124.86,EUR/MWh,DK2,DK_2,imbalance_price,Short,2026-08-11T19:14:45Z
2026-08-11T19:03:52Z,2026-08-11T21:03:52+0200,d65ae107-0026-470c-8885-f57b4d7803f4,2026-07-14T07:30:00Z,2026-07-14T09:30:00+0200,209.13,EUR/MWh,DK2,DK_2,imbalance_price,Long,2026-08-11T19:14:45Z
2026-08-11T19:03:52Z,2026-08-11T21:03:52+0200,d65ae107-0026-470c-8885-f57b4d7803f4,2026-07-14T07:30:00Z,2026-07-14T09:30:00+0200,209.13,EUR/MWh,DK2,DK_2,imbalance_price,Short,2026-08-11T19:14:45Z
2026-08-11T19:03:52Z,2026-08-11T21:03:52+0200,d65ae107-0026-470c-8885-f57b4d7803f4,2026-07-14T07:45:00Z,2026-07-14T09:45:00+0200,194.81,EUR/MWh,DK2,DK_2,imbalance_price,Long,2026-08-11T19:14:45Z
2026-08-11T19:03:52Z,2026-08-11T21:03:52+0200,d65ae107-0026-470c-8885-f57b4d7803f4,2026-07-14T07:45:00Z,2026-07-14T09:45:00+0200,194.81,EUR/MWh,DK2,DK_2,imbalance_price,Short,2026-08-11T19:14:45Z
2026-08-11T19:03:52Z,2026-08-11T21:03:52+0200,d65ae107-0026-470c-8885-f57b4d7803f4,2026-07-14T08:00:00Z,2026-07-14T10:00:00+0200,120.78,EUR/MWh,DK2,DK_2,imbalance_price,Long,2026-08-11T19:14:45Z
2026-08-11T19:03:52Z,2026-08-11T21:03:52+0200,d65ae107-0026-470c-8885-f57b4d7803f4,2026-07-14T08:00:00Z,2026-07-14T10:00:00+0200,120.78,EUR/MWh,DK2,DK_2,imbalance_price,Short,2026-08-11T19:14:45Z
2026-08-11T19:03:52Z,2026-08-11T21:03:52+0200,d65ae107-0026-470c-8885-f57b4d7803f4,2026-07-14T08:15:00Z,2026-07-14T10:15:00+0200,108.91,EUR/MWh,DK2,DK_2,imbalance_price,Long,2026-08-11T19:14:45Z
2026-08-11T19:03:52Z,2026-08-11T21:03:52+0200,d65ae107-0026-470c-8885-f57b4d7803f4,2026-07-14T08:15:00Z,2026-07-14T10:15:00+0200,108.91,EUR/MWh,DK2,DK_2,imbalance_price,Short,2026-08-11T19:14:45Z
2026-08-11T19:03:52Z,2026-08-11T21:03:52+0200,d65ae107-0026-470c-8885-f57b4d7803f4,2026-07-14T08:30:00Z,2026-07-14T10:30:00+0200,1.0,EUR/MWh,DK2,DK_2,imbalance_price,Long,2026-08-11T19:14:45Z
2026-08-11T19:03:52Z,2026-08-11T21:03:52+0200,d65ae107-0026-470c-8885-f57b4d7803f4,2026-07-14T08:30:00Z,2026-07-14T10:30:00+0200,1.0,EUR/MWh,DK2,DK_2,imbalance_price,Short,2026-08-11T19:14:45Z
2026-08-11T19:03:52Z,2026-08-11T21:03:52+0200,d65ae107-0026-470c-8885-f57b4d7803f4,2026-07-14T08:45:00Z,2026-07-14T10:45:00+0200,-52.23,EUR/MWh,DK2,DK_2,imbalance_price,Long,2026-08-11T19:14:45Z
2026-08-11T19:03:52Z,2026-08-11T21:03:52+0200,d65ae107-0026-470c-8885-f57b4d7803f4,2026-07-14T08:45:00Z,2026-07-14T10:45:00+0200,-52.23,EUR/MWh,DK2,DK_2,imbalance_price,Short,2026-08-11T19:14:45Z
2026-08-11T19:03:52Z,2026-08-11T21:03:52+0200,d65ae107-0026-470c-8885-f57b4d7803f4,2026-07-14T09:00:00Z,2026-07-14T11:00:00+0200,-6.69,EUR/MWh,DK2,DK_2,imbalance_price,Long,2026-08-11T19:14:45Z
2026-08-11T19:03:52Z,2026-08-11T21:03:52+0200,d65ae107-0026-470c-8885-f57b4d7803f4,2026-07-14T09:00:00Z,2026-07-14T11:00:00+0200,-6.69,EUR/MWh,DK2,DK_2,imbalance_price,Short,2026-08-11T19:14:45Z
2026-08-11T19:03:52Z,2026-08-11T21:03:52+0200,d65ae107-0026-470c-8885-f57b4d7803f4,2026-07-14T09:15:00Z,2026-07-14T11:15:00+0200,46.82,EUR/MWh,DK2,DK_2,imbalance_price,Long,2026-08-11T19:14:45Z
2026-08-11T19:03:52Z,2026-08-11T21:03:52+0200,d65ae107-0026-470c-8885-f57b4d7803f4,2026-07-14T09:15:00Z,2026-07-14T11:15:00+0200,46.82,EUR/MWh,DK2,DK_2,imbalance_price,Short,2026-08-11T19:14:45Z
2026-08-11T19:03:52Z,2026-08-11T21:03:52+0200,d65ae107-0026-470c-8885-f57b4d7803f4,2026-07-14T09:30:00Z,2026-07-14T11:30:00+0200,0.0,EUR/MWh,DK2,DK_2,imbalance_price,Long,2026-08-11T19:14:45Z
2026-08-11T19:03:52Z,2026-08-11T21:03:52+0200,d65ae107-0026-470c-8885-f57b4d7803f4,2026-07-14T09:30:00Z,2026-07-14T11:30:00+0200,0.0,EUR/MWh,DK2,DK_2,imbalance_price,Short,2026-08-11T19:14:45Z
2026-08-11T19:03:52Z,2026-08-11T21:03:52+0200,d65ae107-0026-470c-8885-f57b4d7803f4,2026-07-14T09:45:00Z,2026-07-14T11:45:00+0200,70.28,EUR/MWh,DK2,DK_2,imbalance_price,Long,2026-08-11T19:14:45Z
2026-08-11T19:03:52Z,2026-08-11T21:03:52+0200,d65ae107-0026-470c-8885-f57b4d7803f4,2026-07-14T09:45:00Z,2026-07-14T11:45:00+0200,70.28,EUR/MWh,DK2,DK_2,imbalance_price,Short,2026-08-11T19:14:45Z
2026-08-11T19:03:52Z,2026-08-11T21:03:52+0200,d65ae107-0026-470c-8885-f57b4d7803f4,2026-07-14T10:00:00Z,2026-07-14T12:00:00+0200,94.09,EUR/MWh,DK2,DK_2,imbalance_price,Long,2026-08-11T19:14:45Z
2026-08-11T19:03:52Z,2026-08-11T21:03:52+0200,d65ae107-0026-470c-8885-f57b4d7803f4,2026-07-14T10:00:00Z,2026-07-14T12:00:00+0200,94.09,EUR/MWh,DK2,DK_2,imbalance_price,Short,2026-08-11T19:14:45Z
2026-08-11T19:03:52Z,2026-08-11T21:03:52+0200,d65ae107-0026-470c-8885-f57b4d7803f4,2026-07-14T10:15:00Z,2026-07-14T12:15:00+0200,63.71,EUR/MWh,DK2,DK_2,imbalance_price,Long,2026-08-11T19:14:45Z
2026-08-11T19:03:52Z,2026-08-11T21:03:52+0200,d65ae107-0026-470c-8885-f57b4d7803f4,2026-07-14T10:15:00Z,2026-07-14T12:15:00+0200,63.71,EUR/MWh,DK2,DK_2,imbalance_price,Short,2026-08-11T19:14:45Z
2026-08-11T19:03:52Z,2026-08-11T21:03:52+0200,d65ae107-0026-470c-8885-f57b4d7803f4,2026-07-14T10:30:00Z,2026-07-14T12:30:00+0200,57.04,EUR/MWh,DK2,DK_2,imbalance_price,Long,2026-08-11T19:14:45Z
2026-08-11T19:03:52Z,2026-08-11T21:03:52+0200,d65ae107-0026-470c-8885-f57b4d7803f4,2026-07-14T10:30:00Z,2026-07-14T12:30:00+0200,57.04,EUR/MWh,DK2,DK_2,imbalance_price,Short,2026-08-11T19:14:45Z
2026-08-11T19:03:52Z,2026-08-11T21:03:52+0200,d65ae107-0026-470c-8885-f57b4d7803f4,2026-07-14T10:45:00Z,2026-07-14T12:45:00+0200,118.46,EUR/MWh,DK2,DK_2,imbalance_price,Long,2026-08-11T19:14:45Z
2026-08-11T19:03:52Z,2026-08-11T21:03:52+0200,d65ae107-0026-470c-8885-f57b4d7803f4,2026-07-14T10:45:00Z,2026-07-14T12:45:00+0200,118.46,EUR/MWh,DK2,DK_2,imbalance_price,Short,2026-08-11T19:14:45Z
2026-08-11T19:03:52Z,2026-08-11T21:03:52+0200,d65ae107-0026-470c-8885-f57b4d7803f4,2026-07-14T11:00:00Z,2026-07-14T13:00:00+0200,20.59,EUR/MWh,DK2,DK_2,imbalance_price,Long,2026-08-11T19:14:45Z
2026-08-11T19:03:52Z,2026-08-11T21:03:52+0200,d65ae107-0026-470c-8885-f57b4d7803f4,2026-07-14T11:00:00Z,2026-07-14T13:00:00+0200,20.59,EUR/MWh,DK2,DK_2,imbalance_price,Short,2026-08-11T19:14:45Z
2026-08-11T19:03:52Z,2026-08-11T21:03:52+0200,d65ae107-0026-470c-8885-f57b4d7803f4,2026-07-14T11:15:00Z,2026-07-14T13:15:00+0200,52.77,EUR/MWh,DK2,DK_2,imbalance_price,Long,2026-08-11T19:14:45Z
2026-08-11T19:03:52Z,2026-08-11T21:03:52+0200,d65ae107-0026-470c-8885-f57b4d7803f4,2026-07-14T11:15:00Z,2026-07-14T13:15:00+0200,52.77,EUR/MWh,DK2,DK_2,imbalance_price,Short,2026-08-11T19:14:45Z
2026-08-11T19:03:52Z,2026-08-11T21:03:52+0200,d65ae107-0026-470c-8885-f57b4d7803f4,2026-07-14T11:30:00Z,2026-07-14T13:30:00+0200,51.4,EUR/MWh,DK2,DK_2,imbalance_price,Long,2026-08-11T19:14:45Z
2026-08-11T19:03:52Z,2026-08-11T21:03:52+0200,d65ae107-0026-470c-8885-f57b4d7803f4,2026-07-14T11:30:00Z,2026-07-14T13:30:00+0200,51.4,EUR/MWh,DK2,DK_2,imbalance_price,Short,2026-08-11T19:14:45Z
2026-08-11T19:03:52Z,2026-08-11T21:03:52+0200,d65ae107-0026-470c-8885-f57b4d7803f4,2026-07-14T11:45:00Z,2026-07-14T13:45:00+0200,44.1,EUR/MWh,DK2,DK_2,imbalance_price,Long,2026-08-11T19:14:45Z
2026-08-11T19:03:52Z,2026-08-11T21:03:52+0200,d65ae107-0026-470c-8885-f57b4d7803f4,2026-07-14T11:45:00Z,2026-07-14T13:45:00+0200,44.1,EUR/MWh,DK2,DK_2,imbalance_price,Short,2026-08-11T19:14:45Z
2026-08-11T19:03:52Z,2026-08-11T21:03:52+0200,d65ae107-0026-470c-8885-f57b4d7803f4,2026-07-14T12:00:00Z,2026-07-14T14:00:00+0200,-2.05,EUR/MWh,DK2,DK_2,imbalance_price,Long,2026-08-11T19:14:45Z
2026-08-11T19:03:52Z,2026-08-11T21:03:52+0200,d65ae107-0026-470c-8885-f57b4d7803f4,2026-07-14T12:00:00Z,2026-07-14T14:00:00+0200,-2.05,EUR/MWh,DK2,DK_2,imbalance_price,Short,2026-08-11T19:14:45Z
2026-08-11T19:03:52Z,2026-08-11T21:03:52+0200,d65ae107-0026-470c-8885-f57b4d7803f4,2026-07-14T12:15:00Z,2026-07-14T14:15:00+0200,-1.0,EUR/MWh,DK2,DK_2,imbalance_price,Long,2026-08-11T19:14:45Z
2026-08-11T19:03:52Z,2026-08-11T21:03:52+0200,d65ae107-0026-470c-8885-f57b4d7803f4,2026-07-14T12:15:00Z,2026-07-14T14:15:00+0200,-1.0,EUR/MWh,DK2,DK_2,imbalance_price,Short,2026-08-11T19:14:45Z
2026-08-11T19:03:52Z,2026-08-11T21:03:52+0200,d65ae107-0026-470c-8885-f57b4d7803f4,2026-07-14T12:30:00Z,2026-07-14T14:30:00+0200,-2.0,EUR/MWh,DK2,DK_2,imbalance_price,Long,2026-08-11T19:14:45Z
2026-08-11T19:03:52Z,2026-08-11T21:03:52+0200,d65ae107-0026-470c-8885-f57b4d7803f4,2026-07-14T12:30:00Z,2026-07-14T14:30:00+0200,-2.0,EUR/MWh,DK2,DK_2,imbalance_price,Short,2026-08-11T19:14:45Z
2026-08-11T19:03:52Z,2026-08-11T21:03:52+0200,d65ae107-0026-470c-8885-f57b4d7803f4,2026-07-14T12:45:00Z,2026-07-14T14:45:00+0200,-12.02,EUR/MWh,DK2,DK_2,imbalance_price,Long,2026-08-11T19:14:45Z
2026-08-11T19:03:52Z,2026-08-11T21:03:52+0200,d65ae107-0026-470c-8885-f57b4d7803f4,2026-07-14T12:45:00Z,2026-07-14T14:45:00+0200,-12.02,EUR/MWh,DK2,DK_2,imbalance_price,Short,2026-08-11T19:14:45Z
2026-08-11T19:03:52Z,2026-08-11T21:03:52+0200,d65ae107-0026-470c-8885-f57b4d7803f4,2026-07-14T13:00:00Z,2026-07-14T15:00:00+0200,-3.0,EUR/MWh,DK2,DK_2,imbalance_price,Long,2026-08-11T19:14:45Z
2026-08-11T19:03:52Z,2026-08-11T21:03:52+0200,d65ae107-0026-470c-8885-f57b4d7803f4,2026-07-14T13:00:00Z,2026-07-14T15:00:00+0200,-3.0,EUR/MWh,DK2,DK_2,imbalance_price,Short,2026-08-11T19:14:45Z
2026-08-11T19:03:52Z,2026-08-11T21:03:52+0200,d65ae107-0026-470c-8885-f57b4d7803f4,2026-07-14T13:15:00Z,2026-07-14T15:15:00+0200,61.16,EUR/MWh,DK2,DK_2,imbalance_price,Long,2026-08-11T19:14:45Z
2026-08-11T19:03:52Z,2026-08-11T21:03:52+0200,d65ae107-0026-470c-8885-f57b4d7803f4,2026-07-14T13:15:00Z,2026-07-14T15:15:00+0200,61.16,EUR/MWh,DK2,DK_2,imbalance_price,Short,2026-08-11T19:14:45Z
2026-08-11T19:03:52Z,2026-08-11T21:03:52+0200,d65ae107-0026-470c-8885-f57b4d7803f4,2026-07-14T13:30:00Z,2026-07-14T15:30:00+0200,74.49,EUR/MWh,DK2,DK_2,imbalance_price,Long,2026-08-11T19:14:45Z
2026-08-11T19:03:52Z,2026-08-11T21:03:52+0200,d65ae107-0026-470c-8885-f57b4d7803f4,2026-07-14T13:30:00Z,2026-07-14T15:30:00+0200,74.49,EUR/MWh,DK2,DK_2,imbalance_price,Short,2026-08-11T19:14:45Z
2026-08-11T19:03:52Z,2026-08-11T21:03:52+0200,d65ae107-0026-470c-8885-f57b4d7803f4,2026-07-14T13:45:00Z,2026-07-14T15:45:00+0200,113.56,EUR/MWh,DK2,DK_2,imbalance_price,Long,2026-08-11T19:14:45Z
2026-08-11T19:03:52Z,2026-08-11T21:03:52+0200,d65ae107-0026-470c-8885-f57b4d7803f4,2026-07-14T13:45:00Z,2026-07-14T15:45:00+0200,113.56,EUR/MWh,DK2,DK_2,imbalance_price,Short,2026-08-11T19:14:45Z
2026-08-11T19:03:52Z,2026-08-11T21:03:52+0200,d65ae107-0026-470c-8885-f57b4d7803f4,2026-07-14T14:00:00Z,2026-07-14T16:00:00+0200,69.64,EUR/MWh,DK2,DK_2,imbalance_price,Long,2026-08-11T19:14:45Z
2026-08-11T19:03:52Z,2026-08-11T21:03:52+0200,d65ae107-0026-470c-8885-f57b4d7803f4,2026-07-14T14:00:00Z,2026-07-14T16:00:00+0200,69.64,EUR/MWh,DK2,DK_2,imbalance_price,Short,2026-08-11T19:14:45Z
2026-08-11T19:03:52Z,2026-08-11T21:03:52+0200,d65ae107-0026-470c-8885-f57b4d7803f4,2026-07-14T14:15:00Z,2026-07-14T16:15:00+0200,7.89,EUR/MWh,DK2,DK_2,imbalance_price,Long,2026-08-11T19:14:45Z
2026-08-11T19:03:52Z,2026-08-11T21:03:52+0200,d65ae107-0026-470c-8885-f57b4d7803f4,2026-07-14T14:15:00Z,2026-07-14T16:15:00+0200,7.89,EUR/MWh,DK2,DK_2,imbalance_price,Short,2026-08-11T19:14:45Z
2026-08-11T19:03:52Z,2026-08-11T21:03:52+0200,d65ae107-0026-470c-8885-f57b4d7803f4,2026-07-14T14:30:00Z,2026-07-14T16:30:00+0200,0.0,EUR/MWh,DK2,DK_2,imbalance_price,Long,2026-08-11T19:14:45Z
2026-08-11T19:03:52Z,2026-08-11T21:03:52+0200,d65ae107-0026-470c-8885-f57b4d7803f4,2026-07-14T14:30:00Z,2026-07-14T16:30:00+0200,0.0,EUR/MWh,DK2,DK_2,imbalance_price,Short,2026-08-11T19:14:45Z
2026-08-11T19:03:52Z,2026-08-11T21:03:52+0200,d65ae107-0026-470c-8885-f57b4d7803f4,2026-07-14T14:45:00Z,2026-07-14T16:45:00+0200,5.76,EUR/MWh,DK2,DK_2,imbalance_price,Long,2026-08-11T19:14:45Z
2026-08-11T19:03:52Z,2026-08-11T21:03:52+0200,d65ae107-0026-470c-8885-f57b4d7803f4,2026-07-14T14:45:00Z,2026-07-14T16:45:00+0200,5.76,EUR/MWh,DK2,DK_2,imbalance_price,Short,2026-08-11T19:14:45Z
2026-08-11T19:03:52Z,2026-08-11T21:03:52+0200,d65ae107-0026-470c-8885-f57b4d7803f4,2026-07-14T15:00:00Z,2026-07-14T17:00:00+0200,6.82,EUR/MWh,DK2,DK_2,imbalance_price,Long,2026-08-11T19:14:45Z
2026-08-11T19:03:52Z,2026-08-11T21:03:52+0200,d65ae107-0026-470c-8885-f57b4d7803f4,2026-07-14T15:00:00Z,2026-07-14T17:00:00+0200,6.82,EUR/MWh,DK2,DK_2,imbalance_price,Short,2026-08-11T19:14:45Z
2026-08-11T19:03:52Z,2026-08-11T21:03:52+0200,d65ae107-0026-470c-8885-f57b4d7803f4,2026-07-14T15:15:00Z,2026-07-14T17:15:00+0200,110.67,EUR/MWh,DK2,DK_2,imbalance_price,Long,2026-08-11T19:14:45Z
2026-08-11T19:03:52Z,2026-08-11T21:03:52+0200,d65ae107-0026-470c-8885-f57b4d7803f4,2026-07-14T15:15:00Z,2026-07-14T17:15:00+0200,110.67,EUR/MWh,DK2,DK_2,imbalance_price,Short,2026-08-11T19:14:45Z
2026-08-11T19:03:52Z,2026-08-11T21:03:52+0200,d65ae107-0026-470c-8885-f57b4d7803f4,2026-07-14T15:30:00Z,2026-07-14T17:30:00+0200,9.95,EUR/MWh,DK2,DK_2,imbalance_price,Long,2026-08-11T19:14:45Z
2026-08-11T19:03:52Z,2026-08-11T21:03:52+0200,d65ae107-0026-470c-8885-f57b4d7803f4,2026-07-14T15:30:00Z,2026-07-14T17:30:00+0200,9.95,EUR/MWh,DK2,DK_2,imbalance_price,Short,2026-08-11T19:14:45Z
2026-08-11T19:03:52Z,2026-08-11T21:03:52+0200,d65ae107-0026-470c-8885-f57b4d7803f4,2026-07-14T15:45:00Z,2026-07-14T17:45:00+0200,-1.0,EUR/MWh,DK2,DK_2,imbalance_price,Long,2026-08-11T19:14:45Z
2026-08-11T19:03:52Z,2026-08-11T21:03:52+0200,d65ae107-0026-470c-8885-f57b4d7803f4,2026-07-14T15:45:00Z,2026-07-14T17:45:00+0200,-1.0,EUR/MWh,DK2,DK_2,imbalance_price,Short,2026-08-11T19:14:45Z
2026-08-11T19:03:52Z,2026-08-11T21:03:52+0200,d65ae107-0026-470c-8885-f57b4d7803f4,2026-07-14T16:00:00Z,2026-07-14T18:00:00+0200,126.02,EUR/MWh,DK2,DK_2,imbalance_price,Long,2026-08-11T19:14:45Z
2026-08-11T19:03:52Z,2026-08-11T21:03:52+0200,d65ae107-0026-470c-8885-f57b4d7803f4,2026-07-14T16:00:00Z,2026-07-14T18:00:00+0200,126.02,EUR/MWh,DK2,DK_2,imbalance_price,Short,2026-08-11T19:14:45Z
2026-08-11T19:03:52Z,2026-08-11T21:03:52+0200,d65ae107-0026-470c-8885-f57b4d7803f4,2026-07-14T16:15:00Z,2026-07-14T18:15:00+0200,131.37,EUR/MWh,DK2,DK_2,imbalance_price,Long,2026-08-11T19:14:45Z
2026-08-11T19:03:52Z,2026-08-11T21:03:52+0200,d65ae107-0026-470c-8885-f57b4d7803f4,2026-07-14T16:15:00Z,2026-07-14T18:15:00+0200,131.37,EUR/MWh,DK2,DK_2,imbalance_price,Short,2026-08-11T19:14:45Z
2026-08-11T19:03:52Z,2026-08-11T21:03:52+0200,d65ae107-0026-470c-8885-f57b4d7803f4,2026-07-14T16:30:00Z,2026-07-14T18:30:00+0200,142.0,EUR/MWh,DK2,DK_2,imbalance_price,Long,2026-08-11T19:14:45Z
2026-08-11T19:03:52Z,2026-08-11T21:03:52+0200,d65ae107-0026-470c-8885-f57b4d7803f4,2026-07-14T16:30:00Z,2026-07-14T18:30:00+0200,142.0,EUR/MWh,DK2,DK_2,imbalance_price,Short,2026-08-11T19:14:45Z
2026-08-11T19:03:52Z,2026-08-11T21:03:52+0200,d65ae107-0026-470c-8885-f57b4d7803f4,2026-07-14T16:45:00Z,2026-07-14T18:45:00+0200,101.13,EUR/MWh,DK2,DK_2,imbalance_price,Long,2026-08-11T19:14:45Z
2026-08-11T19:03:52Z,2026-08-11T21:03:52+0200,d65ae107-0026-470c-8885-f57b4d7803f4,2026-07-14T16:45:00Z,2026-07-14T18:45:00+0200,101.13,EUR/MWh,DK2,DK_2,imbalance_price,Short,2026-08-11T19:14:45Z
2026-08-11T19:03:52Z,2026-08-11T21:03:52+0200,d65ae107-0026-470c-8885-f57b4d7803f4,2026-07-14T17:00:00Z,2026-07-14T19:00:00+0200,144.32,EUR/MWh,DK2,DK_2,imbalance_price,Long,2026-08-11T19:14:45Z
2026-08-11T19:03:52Z,2026-08-11T21:03:52+0200,d65ae107-0026-470c-8885-f57b4d7803f4,2026-07-14T17:00:00Z,2026-07-14T19:00:00+0200,144.32,EUR/MWh,DK2,DK_2,imbalance_price,Short,2026-08-11T19:14:45Z
2026-08-11T19:03:52Z,2026-08-11T21:03:52+0200,d65ae107-0026-470c-8885-f57b4d7803f4,2026-07-14T17:15:00Z,2026-07-14T19:15:00+0200,152.54,EUR/MWh,DK2,DK_2,imbalance_price,Long,2026-08-11T19:14:45Z
2026-08-11T19:03:52Z,2026-08-11T21:03:52+0200,d65ae107-0026-470c-8885-f57b4d7803f4,2026-07-14T17:15:00Z,2026-07-14T19:15:00+0200,152.54,EUR/MWh,DK2,DK_2,imbalance_price,Short,2026-08-11T19:14:45Z
2026-08-11T19:03:52Z,2026-08-11T21:03:52+0200,d65ae107-0026-470c-8885-f57b4d7803f4,2026-07-14T17:30:00Z,2026-07-14T19:30:00+0200,200.0,EUR/MWh,DK2,DK_2,imbalance_price,Long,2026-08-11T19:14:45Z
2026-08-11T19:03:52Z,2026-08-11T21:03:52+0200,d65ae107-0026-470c-8885-f57b4d7803f4,2026-07-14T17:30:00Z,2026-07-14T19:30:00+0200,200.0,EUR/MWh,DK2,DK_2,imbalance_price,Short,2026-08-11T19:14:45Z
2026-08-11T19:03:52Z,2026-08-11T21:03:52+0200,d65ae107-0026-470c-8885-f57b4d7803f4,2026-07-14T17:45:00Z,2026-07-14T19:45:00+0200,178.62,EUR/MWh,DK2,DK_2,imbalance_price,Long,2026-08-11T19:14:45Z
2026-08-11T19:03:52Z,2026-08-11T21:03:52+0200,d65ae107-0026-470c-8885-f57b4d7803f4,2026-07-14T17:45:00Z,2026-07-14T19:45:00+0200,178.62,EUR/MWh,DK2,DK_2,imbalance_price,Short,2026-08-11T19:14:45Z
2026-08-11T19:03:52Z,2026-08-11T21:03:52+0200,d65ae107-0026-470c-8885-f57b4d7803f4,2026-07-14T18:00:00Z,2026-07-14T20:00:00+0200,134.91,EUR/MWh,DK2,DK_2,imbalance_price,Long,2026-08-11T19:14:45Z
2026-08-11T19:03:52Z,2026-08-11T21:03:52+0200,d65ae107-0026-470c-8885-f57b4d7803f4,2026-07-14T18:00:00Z,2026-07-14T20:00:00+0200,134.91,EUR/MWh,DK2,DK_2,imbalance_price,Short,2026-08-11T19:14:45Z
2026-08-11T19:03:52Z,2026-08-11T21:03:52+0200,d65ae107-0026-470c-8885-f57b4d7803f4,2026-07-14T18:15:00Z,2026-07-14T20:15:00+0200,183.26,EUR/MWh,DK2,DK_2,imbalance_price,Long,2026-08-11T19:14:45Z
2026-08-11T19:03:52Z,2026-08-11T21:03:52+0200,d65ae107-0026-470c-8885-f57b4d7803f4,2026-07-14T18:15:00Z,2026-07-14T20:15:00+0200,183.26,EUR/MWh,DK2,DK_2,imbalance_price,Short,2026-08-11T19:14:45Z
2026-08-11T19:03:52Z,2026-08-11T21:03:52+0200,d65ae107-0026-470c-8885-f57b4d7803f4,2026-07-14T18:30:00Z,2026-07-14T20:30:00+0200,240.8,EUR/MWh,DK2,DK_2,imbalance_price,Long,2026-08-11T19:14:45Z
2026-08-11T19:03:52Z,2026-08-11T21:03:52+0200,d65ae107-0026-470c-8885-f57b4d7803f4,2026-07-14T18:30:00Z,2026-07-14T20:30:00+0200,240.8,EUR/MWh,DK2,DK_2,imbalance_price,Short,2026-08-11T19:14:45Z
2026-08-11T19:03:52Z,2026-08-11T21:03:52+0200,d65ae107-0026-470c-8885-f57b4d7803f4,2026-07-14T18:45:00Z,2026-07-14T20:45:00+0200,188.72,EUR/MWh,DK2,DK_2,imbalance_price,Long,2026-08-11T19:14:45Z
2026-08-11T19:03:52Z,2026-08-11T21:03:52+0200,d65ae107-0026-470c-8885-f57b4d7803f4,2026-07-14T18:45:00Z,2026-07-14T20:45:00+0200,188.72,EUR/MWh,DK2,DK_2,imbalance_price,Short,2026-08-11T19:14:45Z
2026-08-11T19:03:52Z,2026-08-11T21:03:52+0200,d65ae107-0026-470c-8885-f57b4d7803f4,2026-07-14T19:00:00Z,2026-07-14T21:00:00+0200,139.33,EUR/MWh,DK2,DK_2,imbalance_price,Long,2026-08-11T19:14:45Z
2026-08-11T19:03:52Z,2026-08-11T21:03:52+0200,d65ae107-0026-470c-8885-f57b4d7803f4,2026-07-14T19:00:00Z,2026-07-14T21:00:00+0200,139.33,EUR/MWh,DK2,DK_2,imbalance_price,Short,2026-08-11T19:14:45Z
2026-08-11T19:03:52Z,2026-08-11T21:03:52+0200,d65ae107-0026-470c-8885-f57b4d7803f4,2026-07-14T19:15:00Z,2026-07-14T21:15:00+0200,174.31,EUR/MWh,DK2,DK_2,imbalance_price,Long,2026-08-11T19:14:45Z
2026-08-11T19:03:52Z,2026-08-11T21:03:52+0200,d65ae107-0026-470c-8885-f57b4d7803f4,2026-07-14T19:15:00Z,2026-07-14T21:15:00+0200,174.31,EUR/MWh,DK2,DK_2,imbalance_price,Short,2026-08-11T19:14:45Z
2026-08-11T19:03:52Z,2026-08-11T21:03:52+0200,d65ae107-0026-470c-8885-f57b4d7803f4,2026-07-14T19:30:00Z,2026-07-14T21:30:00+0200,174.01,EUR/MWh,DK2,DK_2,imbalance_price,Long,2026-08-11T19:14:45Z
2026-08-11T19:03:52Z,2026-08-11T21:03:52+0200,d65ae107-0026-470c-8885-f57b4d7803f4,2026-07-14T19:30:00Z,2026-07-14T21:30:00+0200,174.01,EUR/MWh,DK2,DK_2,imbalance_price,Short,2026-08-11T19:14:45Z
2026-08-11T19:03:52Z,2026-08-11T21:03:52+0200,d65ae107-0026-470c-8885-f57b4d7803f4,2026-07-14T19:45:00Z,2026-07-14T21:45:00+0200,171.95,EUR/MWh,DK2,DK_2,imbalance_price,Long,2026-08-11T19:14:45Z
2026-08-11T19:03:52Z,2026-08-11T21:03:52+0200,d65ae107-0026-470c-8885-f57b4d7803f4,2026-07-14T19:45:00Z,2026-07-14T21:45:00+0200,171.95,EUR/MWh,DK2,DK_2,imbalance_price,Short,2026-08-11T19:14:45Z
2026-08-11T19:03:52Z,2026-08-11T21:03:52+0200,d65ae107-0026-470c-8885-f57b4d7803f4,2026-07-14T20:00:00Z,2026-07-14T22:00:00+0200,178.43,EUR/MWh,DK2,DK_2,imbalance_price,Long,2026-08-11T19:14:45Z
2026-08-11T19:03:52Z,2026-08-11T21:03:52+0200,d65ae107-0026-470c-8885-f57b4d7803f4,2026-07-14T20:00:00Z,2026-07-14T22:00:00+0200,178.43,EUR/MWh,DK2,DK_2,imbalance_price,Short,2026-08-11T19:14:45Z
2026-08-11T19:03:52Z,2026-08-11T21:03:52+0200,d65ae107-0026-470c-8885-f57b4d7803f4,2026-07-14T20:15:00Z,2026-07-14T22:15:00+0200,170.57,EUR/MWh,DK2,DK_2,imbalance_price,Long,2026-08-11T19:14:45Z
2026-08-11T19:03:52Z,2026-08-11T21:03:52+0200,d65ae107-0026-470c-8885-f57b4d7803f4,2026-07-14T20:15:00Z,2026-07-14T22:15:00+0200,170.57,EUR/MWh,DK2,DK_2,imbalance_price,Short,2026-08-11T19:14:45Z
2026-08-11T19:03:52Z,2026-08-11T21:03:52+0200,d65ae107-0026-470c-8885-f57b4d7803f4,2026-07-14T20:30:00Z,2026-07-14T22:30:00+0200,167.1,EUR/MWh,DK2,DK_2,imbalance_price,Long,2026-08-11T19:14:45Z
2026-08-11T19:03:52Z,2026-08-11T21:03:52+0200,d65ae107-0026-470c-8885-f57b4d7803f4,2026-07-14T20:30:00Z,2026-07-14T22:30:00+0200,167.1,EUR/MWh,DK2,DK_2,imbalance_price,Short,2026-08-11T19:14:45Z
2026-08-11T19:03:52Z,2026-08-11T21:03:52+0200,d65ae107-0026-470c-8885-f57b4d7803f4,2026-07-14T20:45:00Z,2026-07-14T22:45:00+0200,173.91,EUR/MWh,DK2,DK_2,imbalance_price,Long,2026-08-11T19:14:45Z
2026-08-11T19:03:52Z,2026-08-11T21:03:52+0200,d65ae107-0026-470c-8885-f57b4d7803f4,2026-07-14T20:45:00Z,2026-07-14T22:45:00+0200,173.91,EUR/MWh,DK2,DK_2,imbalance_price,Short,2026-08-11T19:14:45Z
2026-08-11T19:03:52Z,2026-08-11T21:03:52+0200,d65ae107-0026-470c-8885-f57b4d7803f4,2026-07-14T21:00:00Z,2026-07-14T23:00:00+0200,158.5,EUR/MWh,DK2,DK_2,imbalance_price,Long,2026-08-11T19:14:45Z
2026-08-11T19:03:52Z,2026-08-11T21:03:52+0200,d65ae107-0026-470c-8885-f57b4d7803f4,2026-07-14T21:00:00Z,2026-07-14T23:00:00+0200,158.5,EUR/MWh,DK2,DK_2,imbalance_price,Short,2026-08-11T19:14:45Z
2026-08-11T19:03:52Z,2026-08-11T21:03:52+0200,d65ae107-0026-470c-8885-f57b4d7803f4,2026-07-14T21:15:00Z,2026-07-14T23:15:00+0200,106.23,EUR/MWh,DK2,DK_2,imbalance_price,Long,2026-08-11T19:14:45Z
2026-08-11T19:03:52Z,2026-08-11T21:03:52+0200,d65ae107-0026-470c-8885-f57b4d7803f4,2026-07-14T21:15:00Z,2026-07-14T23:15:00+0200,106.23,EUR/MWh,DK2,DK_2,imbalance_price,Short,2026-08-11T19:14:45Z
2026-08-11T19:03:52Z,2026-08-11T21:03:52+0200,d65ae107-0026-470c-8885-f57b4d7803f4,2026-07-14T21:30:00Z,2026-07-14T23:30:00+0200,150.31,EUR/MWh,DK2,DK_2,imbalance_price,Long,2026-08-11T19:14:45Z
2026-08-11T19:03:52Z,2026-08-11T21:03:52+0200,d65ae107-0026-470c-8885-f57b4d7803f4,2026-07-14T21:30:00Z,2026-07-14T23:30:00+0200,150.31,EUR/MWh,DK2,DK_2,imbalance_price,Short,2026-08-11T19:14:45Z
2026-08-11T19:03:52Z,2026-08-11T21:03:52+0200,d65ae107-0026-470c-8885-f57b4d7803f4,2026-07-14T21:45:00Z,2026-07-14T23:45:00+0200,144.27,EUR/MWh,DK2,DK_2,imbalance_price,Long,2026-08-11T19:14:45Z
2026-08-11T19:03:52Z,2026-08-11T21:03:52+0200,d65ae107-0026-470c-8885-f57b4d7803f4,2026-07-14T21:45:00Z,2026-07-14T23:45:00+0200,144.27,EUR/MWh,DK2,DK_2,imbalance_price,Short,2026-08-11T19:14:45Z
2026-08-11T19:03:52Z,2026-08-11T21:03:52+0200,d65ae107-0026-470c-8885-f57b4d7803f4,2026-07-14T22:00:00Z,2026-07-15T00:00:00+0200,158.35,EUR/MWh,DK2,DK_2,imbalance_price,Long,2026-08-11T19:14:45Z
2026-08-11T19:03:52Z,2026-08-11T21:03:52+0200,d65ae107-0026-470c-8885-f57b4d7803f4,2026-07-14T22:00:00Z,2026-07-15T00:00:00+0200,158.35,EUR/MWh,DK2,DK_2,imbalance_price,Short,2026-08-11T19:14:45Z
2026-08-11T19:03:52Z,2026-08-11T21:03:52+0200,d65ae107-0026-470c-8885-f57b4d7803f4,2026-07-14T22:15:00Z,2026-07-15T00:15:00+0200,154.5,EUR/MWh,DK2,DK_2,imbalance_price,Long,2026-08-11T19:14:45Z
2026-08-11T19:03:52Z,2026-08-11T21:03:52+0200,d65ae107-0026-470c-8885-f57b4d7803f4,2026-07-14T22:15:00Z,2026-07-15T00:15:00+0200,154.5,EUR/MWh,DK2,DK_2,imbalance_price,Short,2026-08-11T19:14:45Z
2026-08-11T19:03:52Z,2026-08-11T21:03:52+0200,d65ae107-0026-470c-8885-f57b4d7803f4,2026-07-14T22:30:00Z,2026-07-15T00:30:00+0200,154.32,EUR/MWh,DK2,DK_2,imbalance_price,Long,2026-08-11T19:14:45Z
2026-08-11T19:03:52Z,2026-08-11T21:03:52+0200,d65ae107-0026-470c-8885-f57b4d7803f4,2026-07-14T22:30:00Z,2026-07-15T00:30:00+0200,154.32,EUR/MWh,DK2,DK_2,imbalance_price,Short,2026-08-11T19:14:45Z
2026-08-11T19:03:52Z,2026-08-11T21:03:52+0200,d65ae107-0026-470c-8885-f57b4d7803f4,2026-07-14T22:45:00Z,2026-07-15T00:45:00+0200,146.72,EUR/MWh,DK2,DK_2,imbalance_price,Long,2026-08-11T19:14:45Z
2026-08-11T19:03:52Z,2026-08-11T21:03:52+0200,d65ae107-0026-470c-8885-f57b4d7803f4,2026-07-14T22:45:00Z,2026-07-15T00:45:00+0200,146.72,EUR/MWh,DK2,DK_2,imbalance_price,Short,2026-08-11T19:14:45Z
2026-08-11T19:03:52Z,2026-08-11T21:03:52+0200,d65ae107-0026-470c-8885-f57b4d7803f4,2026-07-14T23:00:00Z,2026-07-15T01:00:00+0200,100.0,EUR/MWh,DK2,DK_2,imbalance_price,Long,2026-08-11T19:14:45Z
2026-08-11T19:03:52Z,2026-08-11T21:03:52+0200,d65ae107-0026-470c-8885-f57b4d7803f4,2026-07-14T23:00:00Z,2026-07-15T01:00:00+0200,100.0,EUR/MWh,DK2,DK_2,imbalance_price,Short,2026-08-11T19:14:45Z
2026-08-11T19:03:52Z,2026-08-11T21:03:52+0200,d65ae107-0026-470c-8885-f57b4d7803f4,2026-07-14T23:15:00Z,2026-07-15T01:15:00+0200,145.01,EUR/MWh,DK2,DK_2,imbalance_price,Long,2026-08-11T19:14:45Z
2026-08-11T19:03:52Z,2026-08-11T21:03:52+0200,d65ae107-0026-470c-8885-f57b4d7803f4,2026-07-14T23:15:00Z,2026-07-15T01:15:00+0200,145.01,EUR/MWh,DK2,DK_2,imbalance_price,Short,2026-08-11T19:14:45Z
2026-08-11T19:03:52Z,2026-08-11T21:03:52+0200,d65ae107-0026-470c-8885-f57b4d7803f4,2026-07-14T23:30:00Z,2026-07-15T01:30:00+0200,142.79,EUR/MWh,DK2,DK_2,imbalance_price,Long,2026-08-11T19:14:45Z
2026-08-11T19:03:52Z,2026-08-11T21:03:52+0200,d65ae107-0026-470c-8885-f57b4d7803f4,2026-07-14T23:30:00Z,2026-07-15T01:30:00+0200,142.79,EUR/MWh,DK2,DK_2,imbalance_price,Short,2026-08-11T19:14:45Z
2026-08-11T19:03:52Z,2026-08-11T21:03:52+0200,d65ae107-0026-470c-8885-f57b4d7803f4,2026-07-14T23:45:00Z,2026-07-15T01:45:00+0200,100.0,EUR/MWh,DK2,DK_2,imbalance_price,Long,2026-08-11T19:14:45Z
2026-08-11T19:03:52Z,2026-08-11T21:03:52+0200,d65ae107-0026-470c-8885-f57b4d7803f4,2026-07-14T23:45:00Z,2026-07-15T01:45:00+0200,100.0,EUR/MWh,DK2,DK_2,imbalance_price,Short,2026-08-11T19:14:45Z
2026-08-11T19:03:52Z,2026-08-11T21:03:52+0200,d65ae107-0026-470c-8885-f57b4d7803f4,2026-07-15T00:00:00Z,2026-07-15T02:00:00+0200,100.0,EUR/MWh,DK2,DK_2,imbalance_price,Long,2026-08-11T19:14:45Z
2026-08-11T19:03:52Z,2026-08-11T21:03:52+0200,d65ae107-0026-470c-8885-f57b4d7803f4,2026-07-15T00:00:00Z,2026-07-15T02:00:00+0200,100.0,EUR/MWh,DK2,DK_2,imbalance_price,Short,2026-08-11T19:14:45Z
2026-08-11T19:03:52Z,2026-08-11T21:03:52+0200,d65ae107-0026-470c-8885-f57b4d7803f4,2026-07-15T00:15:00Z,2026-07-15T02:15:00+0200,9.96,EUR/MWh,DK2,DK_2,imbalance_price,Long,2026-08-11T19:14:45Z
2026-08-11T19:03:52Z,2026-08-11T21:03:52+0200,d65ae107-0026-470c-8885-f57b4d7803f4,2026-07-15T00:15:00Z,2026-07-15T02:15:00+0200,9.96,EUR/MWh,DK2,DK_2,imbalance_price,Short,2026-08-11T19:14:45Z
2026-08-11T19:03:52Z,2026-08-11T21:03:52+0200,d65ae107-0026-470c-8885-f57b4d7803f4,2026-07-15T00:30:00Z,2026-07-15T02:30:00+0200,138.74,EUR/MWh,DK2,DK_2,imbalance_price,Long,2026-08-11T19:14:45Z
2026-08-11T19:03:52Z,2026-08-11T21:03:52+0200,d65ae107-0026-470c-8885-f57b4d7803f4,2026-07-15T00:30:00Z,2026-07-15T02:30:00+0200,138.74,EUR/MWh,DK2,DK_2,imbalance_price,Short,2026-08-11T19:14:45Z
2026-08-11T19:03:52Z,2026-08-11T21:03:52+0200,d65ae107-0026-470c-8885-f57b4d7803f4,2026-07-15T00:45:00Z,2026-07-15T02:45:00+0200,218.52,EUR/MWh,DK2,DK_2,imbalance_price,Long,2026-08-11T19:14:45Z
2026-08-11T19:03:52Z,2026-08-11T21:03:52+0200,d65ae107-0026-470c-8885-f57b4d7803f4,2026-07-15T00:45:00Z,2026-07-15T02:45:00+0200,218.52,EUR/MWh,DK2,DK_2,imbalance_price,Short,2026-08-11T19:14:45Z
2026-08-11T19:03:52Z,2026-08-11T21:03:52+0200,d65ae107-0026-470c-8885-f57b4d7803f4,2026-07-15T01:00:00Z,2026-07-15T03:00:00+0200,170.73,EUR/MWh,DK2,DK_2,imbalance_price,Long,2026-08-11T19:14:45Z
2026-08-11T19:03:52Z,2026-08-11T21:03:52+0200,d65ae107-0026-470c-8885-f57b4d7803f4,2026-07-15T01:00:00Z,2026-07-15T03:00:00+0200,170.73,EUR/MWh,DK2,DK_2,imbalance_price,Short,2026-08-11T19:14:45Z
2026-08-11T19:03:52Z,2026-08-11T21:03:52+0200,d65ae107-0026-470c-8885-f57b4d7803f4,2026-07-15T01:15:00Z,2026-07-15T03:15:00+0200,135.81,EUR/MWh,DK2,DK_2,imbalance_price,Long,2026-08-11T19:14:45Z
2026-08-11T19:03:52Z,2026-08-11T21:03:52+0200,d65ae107-0026-470c-8885-f57b4d7803f4,2026-07-15T01:15:00Z,2026-07-15T03:15:00+0200,135.81,EUR/MWh,DK2,DK_2,imbalance_price,Short,2026-08-11T19:14:45Z
2026-08-11T19:03:52Z,2026-08-11T21:03:52+0200,d65ae107-0026-470c-8885-f57b4d7803f4,2026-07-15T01:30:00Z,2026-07-15T03:30:00+0200,135.82,EUR/MWh,DK2,DK_2,imbalance_price,Long,2026-08-11T19:14:45Z
2026-08-11T19:03:52Z,2026-08-11T21:03:52+0200,d65ae107-0026-470c-8885-f57b4d7803f4,2026-07-15T01:30:00Z,2026-07-15T03:30:00+0200,135.82,EUR/MWh,DK2,DK_2,imbalance_price,Short,2026-08-11T19:14:45Z
2026-08-11T19:03:52Z,2026-08-11T21:03:52+0200,d65ae107-0026-470c-8885-f57b4d7803f4,2026-07-15T01:45:00Z,2026-07-15T03:45:00+0200,135.71,EUR/MWh,DK2,DK_2,imbalance_price,Long,2026-08-11T19:14:45Z
2026-08-11T19:03:52Z,2026-08-11T21:03:52+0200,d65ae107-0026-470c-8885-f57b4d7803f4,2026-07-15T01:45:00Z,2026-07-15T03:45:00+0200,135.71,EUR/MWh,DK2,DK_2,imbalance_price,Short,2026-08-11T19:14:45Z
2026-08-11T19:03:52Z,2026-08-11T21:03:52+0200,d65ae107-0026-470c-8885-f57b4d7803f4,2026-07-15T02:00:00Z,2026-07-15T04:00:00+0200,136.64,EUR/MWh,DK2,DK_2,imbalance_price,Long,2026-08-11T19:14:45Z
2026-08-11T19:03:52Z,2026-08-11T21:03:52+0200,d65ae107-0026-470c-8885-f57b4d7803f4,2026-07-15T02:00:00Z,2026-07-15T04:00:00+0200,136.64,EUR/MWh,DK2,DK_2,imbalance_price,Short,2026-08-11T19:14:45Z
2026-08-11T19:03:52Z,2026-08-11T21:03:52+0200,d65ae107-0026-470c-8885-f57b4d7803f4,2026-07-15T02:15:00Z,2026-07-15T04:15:00+0200,138.12,EUR/MWh,DK2,DK_2,imbalance_price,Long,2026-08-11T19:14:45Z
2026-08-11T19:03:52Z,2026-08-11T21:03:52+0200,d65ae107-0026-470c-8885-f57b4d7803f4,2026-07-15T02:15:00Z,2026-07-15T04:15:00+0200,138.12,EUR/MWh,DK2,DK_2,imbalance_price,Short,2026-08-11T19:14:45Z
2026-08-11T19:03:52Z,2026-08-11T21:03:52+0200,d65ae107-0026-470c-8885-f57b4d7803f4,2026-07-15T02:30:00Z,2026-07-15T04:30:00+0200,140.64,EUR/MWh,DK2,DK_2,imbalance_price,Long,2026-08-11T19:14:45Z
2026-08-11T19:03:52Z,2026-08-11T21:03:52+0200,d65ae107-0026-470c-8885-f57b4d7803f4,2026-07-15T02:30:00Z,2026-07-15T04:30:00+0200,140.64,EUR/MWh,DK2,DK_2,imbalance_price,Short,2026-08-11T19:14:45Z
2026-08-11T19:03:52Z,2026-08-11T21:03:52+0200,d65ae107-0026-470c-8885-f57b4d7803f4,2026-07-15T02:45:00Z,2026-07-15T04:45:00+0200,144.78,EUR/MWh,DK2,DK_2,imbalance_price,Long,2026-08-11T19:14:45Z
2026-08-11T19:03:52Z,2026-08-11T21:03:52+0200,d65ae107-0026-470c-8885-f57b4d7803f4,2026-07-15T02:45:00Z,2026-07-15T04:45:00+0200,144.78,EUR/MWh,DK2,DK_2,imbalance_price,Short,2026-08-11T19:14:45Z
2026-08-11T19:03:52Z,2026-08-11T21:03:52+0200,d65ae107-0026-470c-8885-f57b4d7803f4,2026-07-15T03:00:00Z,2026-07-15T05:00:00+0200,-5.0,EUR/MWh,DK2,DK_2,imbalance_price,Long,2026-08-11T19:14:45Z
2026-08-11T19:03:52Z,2026-08-11T21:03:52+0200,d65ae107-0026-470c-8885-f57b4d7803f4,2026-07-15T03:00:00Z,2026-07-15T05:00:00+0200,-5.0,EUR/MWh,DK2,DK_2,imbalance_price,Short,2026-08-11T19:14:45Z
2026-08-11T19:03:52Z,2026-08-11T21:03:52+0200,d65ae107-0026-470c-8885-f57b4d7803f4,2026-07-15T03:15:00Z,2026-07-15T05:15:00+0200,-3.3,EUR/MWh,DK2,DK_2,imbalance_price,Long,2026-08-11T19:14:45Z
2026-08-11T19:03:52Z,2026-08-11T21:03:52+0200,d65ae107-0026-470c-8885-f57b4d7803f4,2026-07-15T03:15:00Z,2026-07-15T05:15:00+0200,-3.3,EUR/MWh,DK2,DK_2,imbalance_price,Short,2026-08-11T19:14:45Z
2026-08-11T19:03:52Z,2026-08-11T21:03:52+0200,d65ae107-0026-470c-8885-f57b4d7803f4,2026-07-15T03:30:00Z,2026-07-15T05:30:00+0200,9.96,EUR/MWh,DK2,DK_2,imbalance_price,Long,2026-08-11T19:14:45Z
2026-08-11T19:03:52Z,2026-08-11T21:03:52+0200,d65ae107-0026-470c-8885-f57b4d7803f4,2026-07-15T03:30:00Z,2026-07-15T05:30:00+0200,9.96,EUR/MWh,DK2,DK_2,imbalance_price,Short,2026-08-11T19:14:45Z
2026-08-11T19:03:52Z,2026-08-11T21:03:52+0200,d65ae107-0026-470c-8885-f57b4d7803f4,2026-07-15T03:45:00Z,2026-07-15T05:45:00+0200,-1.0,EUR/MWh,DK2,DK_2,imbalance_price,Long,2026-08-11T19:14:45Z
2026-08-11T19:03:52Z,2026-08-11T21:03:52+0200,d65ae107-0026-470c-8885-f57b4d7803f4,2026-07-15T03:45:00Z,2026-07-15T05:45:00+0200,-1.0,EUR/MWh,DK2,DK_2,imbalance_price,Short,2026-08-11T19:14:45Z
2026-08-11T19:03:52Z,2026-08-11T21:03:52+0200,d65ae107-0026-470c-8885-f57b4d7803f4,2026-07-15T04:00:00Z,2026-07-15T06:00:00+0200,80.63,EUR/MWh,DK2,DK_2,imbalance_price,Long,2026-08-11T19:14:45Z
2026-08-11T19:03:52Z,2026-08-11T21:03:52+0200,d65ae107-0026-470c-8885-f57b4d7803f4,2026-07-15T04:00:00Z,2026-07-15T06:00:00+0200,80.63,EUR/MWh,DK2,DK_2,imbalance_price,Short,2026-08-11T19:14:45Z
2026-08-11T19:03:52Z,2026-08-11T21:03:52+0200,d65ae107-0026-470c-8885-f57b4d7803f4,2026-07-15T04:15:00Z,2026-07-15T06:15:00+0200,86.55,EUR/MWh,DK2,DK_2,imbalance_price,Long,2026-08-11T19:14:45Z
2026-08-11T19:03:52Z,2026-08-11T21:03:52+0200,d65ae107-0026-470c-8885-f57b4d7803f4,2026-07-15T04:15:00Z,2026-07-15T06:15:00+0200,86.55,EUR/MWh,DK2,DK_2,imbalance_price,Short,2026-08-11T19:14:45Z
2026-08-11T19:03:52Z,2026-08-11T21:03:52+0200,d65ae107-0026-470c-8885-f57b4d7803f4,2026-07-15T04:30:00Z,2026-07-15T06:30:00+0200,80.89,EUR/MWh,DK2,DK_2,imbalance_price,Long,2026-08-11T19:14:45Z
2026-08-11T19:03:52Z,2026-08-11T21:03:52+0200,d65ae107-0026-470c-8885-f57b4d7803f4,2026-07-15T04:30:00Z,2026-07-15T06:30:00+0200,80.89,EUR/MWh,DK2,DK_2,imbalance_price,Short,2026-08-11T19:14:45Z
2026-08-11T19:03:52Z,2026-08-11T21:03:52+0200,d65ae107-0026-470c-8885-f57b4d7803f4,2026-07-15T04:45:00Z,2026-07-15T06:45:00+0200,80.68,EUR/MWh,DK2,DK_2,imbalance_price,Long,2026-08-11T19:14:45Z
2026-08-11T19:03:52Z,2026-08-11T21:03:52+0200,d65ae107-0026-470c-8885-f57b4d7803f4,2026-07-15T04:45:00Z,2026-07-15T06:45:00+0200,80.68,EUR/MWh,DK2,DK_2,imbalance_price,Short,2026-08-11T19:14:45Z
2026-08-11T19:03:52Z,2026-08-11T21:03:52+0200,d65ae107-0026-470c-8885-f57b4d7803f4,2026-07-15T05:00:00Z,2026-07-15T07:00:00+0200,173.01,EUR/MWh,DK2,DK_2,imbalance_price,Long,2026-08-11T19:14:45Z
2026-08-11T19:03:52Z,2026-08-11T21:03:52+0200,d65ae107-0026-470c-8885-f57b4d7803f4,2026-07-15T05:00:00Z,2026-07-15T07:00:00+0200,173.01,EUR/MWh,DK2,DK_2,imbalance_price,Short,2026-08-11T19:14:45Z
2026-08-11T19:03:52Z,2026-08-11T21:03:52+0200,d65ae107-0026-470c-8885-f57b4d7803f4,2026-07-15T05:15:00Z,2026-07-15T07:15:00+0200,9.96,EUR/MWh,DK2,DK_2,imbalance_price,Long,2026-08-11T19:14:45Z
2026-08-11T19:03:52Z,2026-08-11T21:03:52+0200,d65ae107-0026-470c-8885-f57b4d7803f4,2026-07-15T05:15:00Z,2026-07-15T07:15:00+0200,9.96,EUR/MWh,DK2,DK_2,imbalance_price,Short,2026-08-11T19:14:45Z
2026-08-11T19:03:52Z,2026-08-11T21:03:52+0200,d65ae107-0026-470c-8885-f57b4d7803f4,2026-07-15T05:30:00Z,2026-07-15T07:30:00+0200,164.4,EUR/MWh,DK2,DK_2,imbalance_price,Long,2026-08-11T19:14:45Z
2026-08-11T19:03:52Z,2026-08-11T21:03:52+0200,d65ae107-0026-470c-8885-f57b4d7803f4,2026-07-15T05:30:00Z,2026-07-15T07:30:00+0200,164.4,EUR/MWh,DK2,DK_2,imbalance_price,Short,2026-08-11T19:14:45Z
2026-08-11T19:03:52Z,2026-08-11T21:03:52+0200,d65ae107-0026-470c-8885-f57b4d7803f4,2026-07-15T05:45:00Z,2026-07-15T07:45:00+0200,334.44,EUR/MWh,DK2,DK_2,imbalance_price,Long,2026-08-11T19:14:45Z
2026-08-11T19:03:52Z,2026-08-11T21:03:52+0200,d65ae107-0026-470c-8885-f57b4d7803f4,2026-07-15T05:45:00Z,2026-07-15T07:45:00+0200,334.44,EUR/MWh,DK2,DK_2,imbalance_price,Short,2026-08-11T19:14:45Z
2026-08-11T19:03:52Z,2026-08-11T21:03:52+0200,d65ae107-0026-470c-8885-f57b4d7803f4,2026-07-15T06:00:00Z,2026-07-15T08:00:00+0200,374.57,EUR/MWh,DK2,DK_2,imbalance_price,Long,2026-08-11T19:14:45Z
2026-08-11T19:03:52Z,2026-08-11T21:03:52+0200,d65ae107-0026-470c-8885-f57b4d7803f4,2026-07-15T06:00:00Z,2026-07-15T08:00:00+0200,374.57,EUR/MWh,DK2,DK_2,imbalance_price,Short,2026-08-11T19:14:45Z
2026-08-11T19:03:52Z,2026-08-11T21:03:52+0200,d65ae107-0026-470c-8885-f57b4d7803f4,2026-07-15T06:15:00Z,2026-07-15T08:15:00+0200,334.5,EUR/MWh,DK2,DK_2,imbalance_price,Long,2026-08-11T19:14:45Z
2026-08-11T19:03:52Z,2026-08-11T21:03:52+0200,d65ae107-0026-470c-8885-f57b4d7803f4,2026-07-15T06:15:00Z,2026-07-15T08:15:00+0200,334.5,EUR/MWh,DK2,DK_2,imbalance_price,Short,2026-08-11T19:14:45Z
2026-08-11T19:03:52Z,2026-08-11T21:03:52+0200,d65ae107-0026-470c-8885-f57b4d7803f4,2026-07-15T06:30:00Z,2026-07-15T08:30:00+0200,152.26,EUR/MWh,DK2,DK_2,imbalance_price,Long,2026-08-11T19:14:45Z
2026-08-11T19:03:52Z,2026-08-11T21:03:52+0200,d65ae107-0026-470c-8885-f57b4d7803f4,2026-07-15T06:30:00Z,2026-07-15T08:30:00+0200,152.26,EUR/MWh,DK2,DK_2,imbalance_price,Short,2026-08-11T19:14:45Z
2026-08-11T19:03:52Z,2026-08-11T21:03:52+0200,d65ae107-0026-470c-8885-f57b4d7803f4,2026-07-15T06:45:00Z,2026-07-15T08:45:00+0200,65.0,EUR/MWh,DK2,DK_2,imbalance_price,Long,2026-08-11T19:14:45Z
2026-08-11T19:03:52Z,2026-08-11T21:03:52+0200,d65ae107-0026-470c-8885-f57b4d7803f4,2026-07-15T06:45:00Z,2026-07-15T08:45:00+0200,65.0,EUR/MWh,DK2,DK_2,imbalance_price,Short,2026-08-11T19:14:45Z
2026-08-11T19:03:52Z,2026-08-11T21:03:52+0200,d65ae107-0026-470c-8885-f57b4d7803f4,2026-07-15T07:00:00Z,2026-07-15T09:00:00+0200,150.09,EUR/MWh,DK2,DK_2,imbalance_price,Long,2026-08-11T19:14:45Z
2026-08-11T19:03:52Z,2026-08-11T21:03:52+0200,d65ae107-0026-470c-8885-f57b4d7803f4,2026-07-15T07:00:00Z,2026-07-15T09:00:00+0200,150.09,EUR/MWh,DK2,DK_2,imbalance_price,Short,2026-08-11T19:14:45Z
2026-08-11T19:03:52Z,2026-08-11T21:03:52+0200,d65ae107-0026-470c-8885-f57b4d7803f4,2026-07-15T07:15:00Z,2026-07-15T09:15:00+0200,139.72,EUR/MWh,DK2,DK_2,imbalance_price,Long,2026-08-11T19:14:45Z
2026-08-11T19:03:52Z,2026-08-11T21:03:52+0200,d65ae107-0026-470c-8885-f57b4d7803f4,2026-07-15T07:15:00Z,2026-07-15T09:15:00+0200,139.72,EUR/MWh,DK2,DK_2,imbalance_price,Short,2026-08-11T19:14:45Z
2026-08-11T19:03:52Z,2026-08-11T21:03:52+0200,d65ae107-0026-470c-8885-f57b4d7803f4,2026-07-15T07:30:00Z,2026-07-15T09:30:00+0200,130.43,EUR/MWh,DK2,DK_2,imbalance_price,Long,2026-08-11T19:14:45Z
2026-08-11T19:03:52Z,2026-08-11T21:03:52+0200,d65ae107-0026-470c-8885-f57b4d7803f4,2026-07-15T07:30:00Z,2026-07-15T09:30:00+0200,130.43,EUR/MWh,DK2,DK_2,imbalance_price,Short,2026-08-11T19:14:45Z
2026-08-11T19:03:52Z,2026-08-11T21:03:52+0200,d65ae107-0026-470c-8885-f57b4d7803f4,2026-07-15T07:45:00Z,2026-07-15T09:45:00+0200,120.94,EUR/MWh,DK2,DK_2,imbalance_price,Long,2026-08-11T19:14:45Z
2026-08-11T19:03:52Z,2026-08-11T21:03:52+0200,d65ae107-0026-470c-8885-f57b4d7803f4,2026-07-15T07:45:00Z,2026-07-15T09:45:00+0200,120.94,EUR/MWh,DK2,DK_2,imbalance_price,Short,2026-08-11T19:14:45Z
2026-08-11T19:03:52Z,2026-08-11T21:03:52+0200,d65ae107-0026-470c-8885-f57b4d7803f4,2026-07-15T08:00:00Z,2026-07-15T10:00:00+0200,144.32,EUR/MWh,DK2,DK_2,imbalance_price,Long,2026-08-11T19:14:45Z
2026-08-11T19:03:52Z,2026-08-11T21:03:52+0200,d65ae107-0026-470c-8885-f57b4d7803f4,2026-07-15T08:00:00Z,2026-07-15T10:00:00+0200,144.32,EUR/MWh,DK2,DK_2,imbalance_price,Short,2026-08-11T19:14:45Z
2026-08-11T19:03:52Z,2026-08-11T21:03:52+0200,d65ae107-0026-470c-8885-f57b4d7803f4,2026-07-15T08:15:00Z,2026-07-15T10:15:00+0200,114.99,EUR/MWh,DK2,DK_2,imbalance_price,Long,2026-08-11T19:14:45Z
2026-08-11T19:03:52Z,2026-08-11T21:03:52+0200,d65ae107-0026-470c-8885-f57b4d7803f4,2026-07-15T08:15:00Z,2026-07-15T10:15:00+0200,114.99,EUR/MWh,DK2,DK_2,imbalance_price,Short,2026-08-11T19:14:45Z
2026-08-11T19:03:52Z,2026-08-11T21:03:52+0200,d65ae107-0026-470c-8885-f57b4d7803f4,2026-07-15T08:30:00Z,2026-07-15T10:30:00+0200,102.01,EUR/MWh,DK2,DK_2,imbalance_price,Long,2026-08-11T19:14:45Z
2026-08-11T19:03:52Z,2026-08-11T21:03:52+0200,d65ae107-0026-470c-8885-f57b4d7803f4,2026-07-15T08:30:00Z,2026-07-15T10:30:00+0200,102.01,EUR/MWh,DK2,DK_2,imbalance_price,Short,2026-08-11T19:14:45Z
2026-08-11T19:03:52Z,2026-08-11T21:03:52+0200,d65ae107-0026-470c-8885-f57b4d7803f4,2026-07-15T08:45:00Z,2026-07-15T10:45:00+0200,98.08,EUR/MWh,DK2,DK_2,imbalance_price,Long,2026-08-11T19:14:45Z
2026-08-11T19:03:52Z,2026-08-11T21:03:52+0200,d65ae107-0026-470c-8885-f57b4d7803f4,2026-07-15T08:45:00Z,2026-07-15T10:45:00+0200,98.08,EUR/MWh,DK2,DK_2,imbalance_price,Short,2026-08-11T19:14:45Z
2026-08-11T19:03:52Z,2026-08-11T21:03:52+0200,d65ae107-0026-470c-8885-f57b4d7803f4,2026-07-15T09:00:00Z,2026-07-15T11:00:00+0200,104.5,EUR/MWh,DK2,DK_2,imbalance_price,Long,2026-08-11T19:14:45Z
2026-08-11T19:03:52Z,2026-08-11T21:03:52+0200,d65ae107-0026-470c-8885-f57b4d7803f4,2026-07-15T09:00:00Z,2026-07-15T11:00:00+0200,104.5,EUR/MWh,DK2,DK_2,imbalance_price,Short,2026-08-11T19:14:45Z
2026-08-11T19:03:52Z,2026-08-11T21:03:52+0200,d65ae107-0026-470c-8885-f57b4d7803f4,2026-07-15T09:15:00Z,2026-07-15T11:15:00+0200,100.5,EUR/MWh,DK2,DK_2,imbalance_price,Long,2026-08-11T19:14:45Z
2026-08-11T19:03:52Z,2026-08-11T21:03:52+0200,d65ae107-0026-470c-8885-f57b4d7803f4,2026-07-15T09:15:00Z,2026-07-15T11:15:00+0200,100.5,EUR/MWh,DK2,DK_2,imbalance_price,Short,2026-08-11T19:14:45Z
2026-08-11T19:03:52Z,2026-08-11T21:03:52+0200,d65ae107-0026-470c-8885-f57b4d7803f4,2026-07-15T09:30:00Z,2026-07-15T11:30:00+0200,102.2,EUR/MWh,DK2,DK_2,imbalance_price,Long,2026-08-11T19:14:45Z
2026-08-11T19:03:52Z,2026-08-11T21:03:52+0200,d65ae107-0026-470c-8885-f57b4d7803f4,2026-07-15T09:30:00Z,2026-07-15T11:30:00+0200,102.2,EUR/MWh,DK2,DK_2,imbalance_price,Short,2026-08-11T19:14:45Z
2026-08-11T19:03:52Z,2026-08-11T21:03:52+0200,d65ae107-0026-470c-8885-f57b4d7803f4,2026-07-15T09:45:00Z,2026-07-15T11:45:00+0200,8.0,EUR/MWh,DK2,DK_2,imbalance_price,Long,2026-08-11T19:14:45Z
2026-08-11T19:03:52Z,2026-08-11T21:03:52+0200,d65ae107-0026-470c-8885-f57b4d7803f4,2026-07-15T09:45:00Z,2026-07-15T11:45:00+0200,8.0,EUR/MWh,DK2,DK_2,imbalance_price,Short,2026-08-11T19:14:45Z
2026-08-11T19:03:52Z,2026-08-11T21:03:52+0200,d65ae107-0026-470c-8885-f57b4d7803f4,2026-07-15T10:00:00Z,2026-07-15T12:00:00+0200,10.87,EUR/MWh,DK2,DK_2,imbalance_price,Long,2026-08-11T19:14:45Z
2026-08-11T19:03:52Z,2026-08-11T21:03:52+0200,d65ae107-0026-470c-8885-f57b4d7803f4,2026-07-15T10:00:00Z,2026-07-15T12:00:00+0200,10.87,EUR/MWh,DK2,DK_2,imbalance_price,Short,2026-08-11T19:14:45Z
2026-08-11T19:03:52Z,2026-08-11T21:03:52+0200,d65ae107-0026-470c-8885-f57b4d7803f4,2026-07-15T10:15:00Z,2026-07-15T12:15:00+0200,10.36,EUR/MWh,DK2,DK_2,imbalance_price,Long,2026-08-11T19:14:45Z
2026-08-11T19:03:52Z,2026-08-11T21:03:52+0200,d65ae107-0026-470c-8885-f57b4d7803f4,2026-07-15T10:15:00Z,2026-07-15T12:15:00+0200,10.36,EUR/MWh,DK2,DK_2,imbalance_price,Short,2026-08-11T19:14:45Z
2026-08-11T19:03:52Z,2026-08-11T21:03:52+0200,d65ae107-0026-470c-8885-f57b4d7803f4,2026-07-15T10:30:00Z,2026-07-15T12:30:00+0200,68.3,EUR/MWh,DK2,DK_2,imbalance_price,Long,2026-08-11T19:14:45Z
2026-08-11T19:03:52Z,2026-08-11T21:03:52+0200,d65ae107-0026-470c-8885-f57b4d7803f4,2026-07-15T10:30:00Z,2026-07-15T12:30:00+0200,68.3,EUR/MWh,DK2,DK_2,imbalance_price,Short,2026-08-11T19:14:45Z
2026-08-11T19:03:52Z,2026-08-11T21:03:52+0200,d65ae107-0026-470c-8885-f57b4d7803f4,2026-07-15T10:45:00Z,2026-07-15T12:45:00+0200,64.83,EUR/MWh,DK2,DK_2,imbalance_price,Long,2026-08-11T19:14:45Z
2026-08-11T19:03:52Z,2026-08-11T21:03:52+0200,d65ae107-0026-470c-8885-f57b4d7803f4,2026-07-15T10:45:00Z,2026-07-15T12:45:00+0200,64.83,EUR/MWh,DK2,DK_2,imbalance_price,Short,2026-08-11T19:14:45Z
2026-08-11T19:03:52Z,2026-08-11T21:03:52+0200,d65ae107-0026-470c-8885-f57b4d7803f4,2026-07-15T11:00:00Z,2026-07-15T13:00:00+0200,67.9,EUR/MWh,DK2,DK_2,imbalance_price,Long,2026-08-11T19:14:45Z
2026-08-11T19:03:52Z,2026-08-11T21:03:52+0200,d65ae107-0026-470c-8885-f57b4d7803f4,2026-07-15T11:00:00Z,2026-07-15T13:00:00+0200,67.9,EUR/MWh,DK2,DK_2,imbalance_price,Short,2026-08-11T19:14:45Z
2026-08-11T19:03:52Z,2026-08-11T21:03:52+0200,d65ae107-0026-470c-8885-f57b4d7803f4,2026-07-15T11:15:00Z,2026-07-15T13:15:00+0200,20.07,EUR/MWh,DK2,DK_2,imbalance_price,Long,2026-08-11T19:14:45Z
2026-08-11T19:03:52Z,2026-08-11T21:03:52+0200,d65ae107-0026-470c-8885-f57b4d7803f4,2026-07-15T11:15:00Z,2026-07-15T13:15:00+0200,20.07,EUR/MWh,DK2,DK_2,imbalance_price,Short,2026-08-11T19:14:45Z
2026-08-11T19:03:52Z,2026-08-11T21:03:52+0200,d65ae107-0026-470c-8885-f57b4d7803f4,2026-07-15T11:30:00Z,2026-07-15T13:30:00+0200,38.06,EUR/MWh,DK2,DK_2,imbalance_price,Long,2026-08-11T19:14:45Z
2026-08-11T19:03:52Z,2026-08-11T21:03:52+0200,d65ae107-0026-470c-8885-f57b4d7803f4,2026-07-15T11:30:00Z,2026-07-15T13:30:00+0200,38.06,EUR/MWh,DK2,DK_2,imbalance_price,Short,2026-08-11T19:14:45Z
2026-08-11T19:03:52Z,2026-08-11T21:03:52+0200,d65ae107-0026-470c-8885-f57b4d7803f4,2026-07-15T11:45:00Z,2026-07-15T13:45:00+0200,122.12,EUR/MWh,DK2,DK_2,imbalance_price,Long,2026-08-11T19:14:45Z
2026-08-11T19:03:52Z,2026-08-11T21:03:52+0200,d65ae107-0026-470c-8885-f57b4d7803f4,2026-07-15T11:45:00Z,2026-07-15T13:45:00+0200,122.12,EUR/MWh,DK2,DK_2,imbalance_price,Short,2026-08-11T19:14:45Z
2026-08-11T19:03:52Z,2026-08-11T21:03:52+0200,d65ae107-0026-470c-8885-f57b4d7803f4,2026-07-15T12:00:00Z,2026-07-15T14:00:00+0200,96.4,EUR/MWh,DK2,DK_2,imbalance_price,Long,2026-08-11T19:14:45Z
2026-08-11T19:03:52Z,2026-08-11T21:03:52+0200,d65ae107-0026-470c-8885-f57b4d7803f4,2026-07-15T12:00:00Z,2026-07-15T14:00:00+0200,96.4,EUR/MWh,DK2,DK_2,imbalance_price,Short,2026-08-11T19:14:45Z
2026-08-11T19:03:52Z,2026-08-11T21:03:52+0200,d65ae107-0026-470c-8885-f57b4d7803f4,2026-07-15T12:15:00Z,2026-07-15T14:15:00+0200,137.28,EUR/MWh,DK2,DK_2,imbalance_price,Long,2026-08-11T19:14:45Z
2026-08-11T19:03:52Z,2026-08-11T21:03:52+0200,d65ae107-0026-470c-8885-f57b4d7803f4,2026-07-15T12:15:00Z,2026-07-15T14:15:00+0200,137.28,EUR/MWh,DK2,DK_2,imbalance_price,Short,2026-08-11T19:14:45Z
2026-08-11T19:03:52Z,2026-08-11T21:03:52+0200,d65ae107-0026-470c-8885-f57b4d7803f4,2026-07-15T12:30:00Z,2026-07-15T14:30:00+0200,163.36,EUR/MWh,DK2,DK_2,imbalance_price,Long,2026-08-11T19:14:45Z
2026-08-11T19:03:52Z,2026-08-11T21:03:52+0200,d65ae107-0026-470c-8885-f57b4d7803f4,2026-07-15T12:30:00Z,2026-07-15T14:30:00+0200,163.36,EUR/MWh,DK2,DK_2,imbalance_price,Short,2026-08-11T19:14:45Z
2026-08-11T19:03:52Z,2026-08-11T21:03:52+0200,d65ae107-0026-470c-8885-f57b4d7803f4,2026-07-15T12:45:00Z,2026-07-15T14:45:00+0200,66.88,EUR/MWh,DK2,DK_2,imbalance_price,Long,2026-08-11T19:14:45Z
2026-08-11T19:03:52Z,2026-08-11T21:03:52+0200,d65ae107-0026-470c-8885-f57b4d7803f4,2026-07-15T12:45:00Z,2026-07-15T14:45:00+0200,66.88,EUR/MWh,DK2,DK_2,imbalance_price,Short,2026-08-11T19:14:45Z
2026-08-11T19:03:52Z,2026-08-11T21:03:52+0200,d65ae107-0026-470c-8885-f57b4d7803f4,2026-07-15T13:00:00Z,2026-07-15T15:00:00+0200,120.81,EUR/MWh,DK2,DK_2,imbalance_price,Long,2026-08-11T19:14:45Z
2026-08-11T19:03:52Z,2026-08-11T21:03:52+0200,d65ae107-0026-470c-8885-f57b4d7803f4,2026-07-15T13:00:00Z,2026-07-15T15:00:00+0200,120.81,EUR/MWh,DK2,DK_2,imbalance_price,Short,2026-08-11T19:14:45Z
2026-08-11T19:03:52Z,2026-08-11T21:03:52+0200,d65ae107-0026-470c-8885-f57b4d7803f4,2026-07-15T13:15:00Z,2026-07-15T15:15:00+0200,130.36,EUR/MWh,DK2,DK_2,imbalance_price,Long,2026-08-11T19:14:45Z
2026-08-11T19:03:52Z,2026-08-11T21:03:52+0200,d65ae107-0026-470c-8885-f57b4d7803f4,2026-07-15T13:15:00Z,2026-07-15T15:15:00+0200,130.36,EUR/MWh,DK2,DK_2,imbalance_price,Short,2026-08-11T19:14:45Z
2026-08-11T19:03:52Z,2026-08-11T21:03:52+0200,d65ae107-0026-470c-8885-f57b4d7803f4,2026-07-15T13:30:00Z,2026-07-15T15:30:00+0200,156.88,EUR/MWh,DK2,DK_2,imbalance_price,Long,2026-08-11T19:14:45Z
2026-08-11T19:03:52Z,2026-08-11T21:03:52+0200,d65ae107-0026-470c-8885-f57b4d7803f4,2026-07-15T13:30:00Z,2026-07-15T15:30:00+0200,156.88,EUR/MWh,DK2,DK_2,imbalance_price,Short,2026-08-11T19:14:45Z
2026-08-11T19:03:52Z,2026-08-11T21:03:52+0200,d65ae107-0026-470c-8885-f57b4d7803f4,2026-07-15T13:45:00Z,2026-07-15T15:45:00+0200,170.33,EUR/MWh,DK2,DK_2,imbalance_price,Long,2026-08-11T19:14:45Z
2026-08-11T19:03:52Z,2026-08-11T21:03:52+0200,d65ae107-0026-470c-8885-f57b4d7803f4,2026-07-15T13:45:00Z,2026-07-15T15:45:00+0200,170.33,EUR/MWh,DK2,DK_2,imbalance_price,Short,2026-08-11T19:14:45Z
2026-08-11T19:03:52Z,2026-08-11T21:03:52+0200,d65ae107-0026-470c-8885-f57b4d7803f4,2026-07-15T14:00:00Z,2026-07-15T16:00:00+0200,81.31,EUR/MWh,DK2,DK_2,imbalance_price,Long,2026-08-11T19:14:45Z
2026-08-11T19:03:52Z,2026-08-11T21:03:52+0200,d65ae107-0026-470c-8885-f57b4d7803f4,2026-07-15T14:00:00Z,2026-07-15T16:00:00+0200,81.31,EUR/MWh,DK2,DK_2,imbalance_price,Short,2026-08-11T19:14:45Z
2026-08-11T19:03:52Z,2026-08-11T21:03:52+0200,d65ae107-0026-470c-8885-f57b4d7803f4,2026-07-15T14:15:00Z,2026-07-15T16:15:00+0200,111.5,EUR/MWh,DK2,DK_2,imbalance_price,Long,2026-08-11T19:14:45Z
2026-08-11T19:03:52Z,2026-08-11T21:03:52+0200,d65ae107-0026-470c-8885-f57b4d7803f4,2026-07-15T14:15:00Z,2026-07-15T16:15:00+0200,111.5,EUR/MWh,DK2,DK_2,imbalance_price,Short,2026-08-11T19:14:45Z
2026-08-11T19:03:52Z,2026-08-11T21:03:52+0200,d65ae107-0026-470c-8885-f57b4d7803f4,2026-07-15T14:30:00Z,2026-07-15T16:30:00+0200,60.0,EUR/MWh,DK2,DK_2,imbalance_price,Long,2026-08-11T19:14:45Z
2026-08-11T19:03:52Z,2026-08-11T21:03:52+0200,d65ae107-0026-470c-8885-f57b4d7803f4,2026-07-15T14:30:00Z,2026-07-15T16:30:00+0200,60.0,EUR/MWh,DK2,DK_2,imbalance_price,Short,2026-08-11T19:14:45Z
2026-08-11T19:03:52Z,2026-08-11T21:03:52+0200,d65ae107-0026-470c-8885-f57b4d7803f4,2026-07-15T14:45:00Z,2026-07-15T16:45:00+0200,73.85,EUR/MWh,DK2,DK_2,imbalance_price,Long,2026-08-11T19:14:45Z
2026-08-11T19:03:52Z,2026-08-11T21:03:52+0200,d65ae107-0026-470c-8885-f57b4d7803f4,2026-07-15T14:45:00Z,2026-07-15T16:45:00+0200,73.85,EUR/MWh,DK2,DK_2,imbalance_price,Short,2026-08-11T19:14:45Z
2026-08-11T19:03:52Z,2026-08-11T21:03:52+0200,d65ae107-0026-470c-8885-f57b4d7803f4,2026-07-15T15:00:00Z,2026-07-15T17:00:00+0200,67.08,EUR/MWh,DK2,DK_2,imbalance_price,Long,2026-08-11T19:14:45Z
2026-08-11T19:03:52Z,2026-08-11T21:03:52+0200,d65ae107-0026-470c-8885-f57b4d7803f4,2026-07-15T15:00:00Z,2026-07-15T17:00:00+0200,67.08,EUR/MWh,DK2,DK_2,imbalance_price,Short,2026-08-11T19:14:45Z
2026-08-11T19:03:52Z,2026-08-11T21:03:52+0200,d65ae107-0026-470c-8885-f57b4d7803f4,2026-07-15T15:15:00Z,2026-07-15T17:15:00+0200,267.55,EUR/MWh,DK2,DK_2,imbalance_price,Long,2026-08-11T19:14:45Z
2026-08-11T19:03:52Z,2026-08-11T21:03:52+0200,d65ae107-0026-470c-8885-f57b4d7803f4,2026-07-15T15:15:00Z,2026-07-15T17:15:00+0200,267.55,EUR/MWh,DK2,DK_2,imbalance_price,Short,2026-08-11T19:14:45Z
2026-08-11T19:03:52Z,2026-08-11T21:03:52+0200,d65ae107-0026-470c-8885-f57b4d7803f4,2026-07-15T15:30:00Z,2026-07-15T17:30:00+0200,127.02,EUR/MWh,DK2,DK_2,imbalance_price,Long,2026-08-11T19:14:45Z
2026-08-11T19:03:52Z,2026-08-11T21:03:52+0200,d65ae107-0026-470c-8885-f57b4d7803f4,2026-07-15T15:30:00Z,2026-07-15T17:30:00+0200,127.02,EUR/MWh,DK2,DK_2,imbalance_price,Short,2026-08-11T19:14:45Z
2026-08-11T19:03:52Z,2026-08-11T21:03:52+0200,d65ae107-0026-470c-8885-f57b4d7803f4,2026-07-15T15:45:00Z,2026-07-15T17:45:00+0200,140.93,EUR/MWh,DK2,DK_2,imbalance_price,Long,2026-08-11T19:14:45Z
2026-08-11T19:03:52Z,2026-08-11T21:03:52+0200,d65ae107-0026-470c-8885-f57b4d7803f4,2026-07-15T15:45:00Z,2026-07-15T17:45:00+0200,140.93,EUR/MWh,DK2,DK_2,imbalance_price,Short,2026-08-11T19:14:45Z
2026-08-11T19:03:52Z,2026-08-11T21:03:52+0200,d65ae107-0026-470c-8885-f57b4d7803f4,2026-07-15T16:00:00Z,2026-07-15T18:00:00+0200,196.84,EUR/MWh,DK2,DK_2,imbalance_price,Long,2026-08-11T19:14:45Z
2026-08-11T19:03:52Z,2026-08-11T21:03:52+0200,d65ae107-0026-470c-8885-f57b4d7803f4,2026-07-15T16:00:00Z,2026-07-15T18:00:00+0200,196.84,EUR/MWh,DK2,DK_2,imbalance_price,Short,2026-08-11T19:14:45Z
2026-08-11T19:03:52Z,2026-08-11T21:03:52+0200,d65ae107-0026-470c-8885-f57b4d7803f4,2026-07-15T16:15:00Z,2026-07-15T18:15:00+0200,131.91,EUR/MWh,DK2,DK_2,imbalance_price,Long,2026-08-11T19:14:45Z
2026-08-11T19:03:52Z,2026-08-11T21:03:52+0200,d65ae107-0026-470c-8885-f57b4d7803f4,2026-07-15T16:15:00Z,2026-07-15T18:15:00+0200,131.91,EUR/MWh,DK2,DK_2,imbalance_price,Short,2026-08-11T19:14:45Z
2026-08-11T19:03:52Z,2026-08-11T21:03:52+0200,d65ae107-0026-470c-8885-f57b4d7803f4,2026-07-15T16:30:00Z,2026-07-15T18:30:00+0200,149.79,EUR/MWh,DK2,DK_2,imbalance_price,Long,2026-08-11T19:14:45Z
2026-08-11T19:03:52Z,2026-08-11T21:03:52+0200,d65ae107-0026-470c-8885-f57b4d7803f4,2026-07-15T16:30:00Z,2026-07-15T18:30:00+0200,149.79,EUR/MWh,DK2,DK_2,imbalance_price,Short,2026-08-11T19:14:45Z
2026-08-11T19:03:52Z,2026-08-11T21:03:52+0200,d65ae107-0026-470c-8885-f57b4d7803f4,2026-07-15T16:45:00Z,2026-07-15T18:45:00+0200,165.41,EUR/MWh,DK2,DK_2,imbalance_price,Long,2026-08-11T19:14:45Z
2026-08-11T19:03:52Z,2026-08-11T21:03:52+0200,d65ae107-0026-470c-8885-f57b4d7803f4,2026-07-15T16:45:00Z,2026-07-15T18:45:00+0200,165.41,EUR/MWh,DK2,DK_2,imbalance_price,Short,2026-08-11T19:14:45Z
2026-08-11T19:03:52Z,2026-08-11T21:03:52+0200,d65ae107-0026-470c-8885-f57b4d7803f4,2026-07-15T17:00:00Z,2026-07-15T19:00:00+0200,155.18,EUR/MWh,DK2,DK_2,imbalance_price,Long,2026-08-11T19:14:45Z
2026-08-11T19:03:52Z,2026-08-11T21:03:52+0200,d65ae107-0026-470c-8885-f57b4d7803f4,2026-07-15T17:00:00Z,2026-07-15T19:00:00+0200,155.18,EUR/MWh,DK2,DK_2,imbalance_price,Short,2026-08-11T19:14:45Z
2026-08-11T19:03:52Z,2026-08-11T21:03:52+0200,d65ae107-0026-470c-8885-f57b4d7803f4,2026-07-15T17:15:00Z,2026-07-15T19:15:00+0200,171.14,EUR/MWh,DK2,DK_2,imbalance_price,Long,2026-08-11T19:14:45Z
2026-08-11T19:03:52Z,2026-08-11T21:03:52+0200,d65ae107-0026-470c-8885-f57b4d7803f4,2026-07-15T17:15:00Z,2026-07-15T19:15:00+0200,171.14,EUR/MWh,DK2,DK_2,imbalance_price,Short,2026-08-11T19:14:45Z
2026-08-11T19:03:52Z,2026-08-11T21:03:52+0200,d65ae107-0026-470c-8885-f57b4d7803f4,2026-07-15T17:30:00Z,2026-07-15T19:30:00+0200,189.93,EUR/MWh,DK2,DK_2,imbalance_price,Long,2026-08-11T19:14:45Z
2026-08-11T19:03:52Z,2026-08-11T21:03:52+0200,d65ae107-0026-470c-8885-f57b4d7803f4,2026-07-15T17:30:00Z,2026-07-15T19:30:00+0200,189.93,EUR/MWh,DK2,DK_2,imbalance_price,Short,2026-08-11T19:14:45Z
2026-08-11T19:03:52Z,2026-08-11T21:03:52+0200,d65ae107-0026-470c-8885-f57b4d7803f4,2026-07-15T17:45:00Z,2026-07-15T19:45:00+0200,212.17,EUR/MWh,DK2,DK_2,imbalance_price,Long,2026-08-11T19:14:45Z
2026-08-11T19:03:52Z,2026-08-11T21:03:52+0200,d65ae107-0026-470c-8885-f57b4d7803f4,2026-07-15T17:45:00Z,2026-07-15T19:45:00+0200,212.17,EUR/MWh,DK2,DK_2,imbalance_price,Short,2026-08-11T19:14:45Z
2026-08-11T19:03:52Z,2026-08-11T21:03:52+0200,d65ae107-0026-470c-8885-f57b4d7803f4,2026-07-15T18:00:00Z,2026-07-15T20:00:00+0200,198.43,EUR/MWh,DK2,DK_2,imbalance_price,Long,2026-08-11T19:14:45Z
2026-08-11T19:03:52Z,2026-08-11T21:03:52+0200,d65ae107-0026-470c-8885-f57b4d7803f4,2026-07-15T18:00:00Z,2026-07-15T20:00:00+0200,198.43,EUR/MWh,DK2,DK_2,imbalance_price,Short,2026-08-11T19:14:45Z
2026-08-11T19:03:52Z,2026-08-11T21:03:52+0200,d65ae107-0026-470c-8885-f57b4d7803f4,2026-07-15T18:15:00Z,2026-07-15T20:15:00+0200,201.57,EUR/MWh,DK2,DK_2,imbalance_price,Long,2026-08-11T19:14:45Z
2026-08-11T19:03:52Z,2026-08-11T21:03:52+0200,d65ae107-0026-470c-8885-f57b4d7803f4,2026-07-15T18:15:00Z,2026-07-15T20:15:00+0200,201.57,EUR/MWh,DK2,DK_2,imbalance_price,Short,2026-08-11T19:14:45Z
2026-08-11T19:03:52Z,2026-08-11T21:03:52+0200,d65ae107-0026-470c-8885-f57b4d7803f4,2026-07-15T18:30:00Z,2026-07-15T20:30:00+0200,535.1,EUR/MWh,DK2,DK_2,imbalance_price,Long,2026-08-11T19:14:45Z
2026-08-11T19:03:52Z,2026-08-11T21:03:52+0200,d65ae107-0026-470c-8885-f57b4d7803f4,2026-07-15T18:30:00Z,2026-07-15T20:30:00+0200,535.1,EUR/MWh,DK2,DK_2,imbalance_price,Short,2026-08-11T19:14:45Z
2026-08-11T19:03:52Z,2026-08-11T21:03:52+0200,d65ae107-0026-470c-8885-f57b4d7803f4,2026-07-15T18:45:00Z,2026-07-15T20:45:00+0200,218.13,EUR/MWh,DK2,DK_2,imbalance_price,Long,2026-08-11T19:14:45Z
2026-08-11T19:03:52Z,2026-08-11T21:03:52+0200,d65ae107-0026-470c-8885-f57b4d7803f4,2026-07-15T18:45:00Z,2026-07-15T20:45:00+0200,218.13,EUR/MWh,DK2,DK_2,imbalance_price,Short,2026-08-11T19:14:45Z
2026-08-11T19:03:52Z,2026-08-11T21:03:52+0200,d65ae107-0026-470c-8885-f57b4d7803f4,2026-07-15T19:00:00Z,2026-07-15T21:00:00+0200,221.21,EUR/MWh,DK2,DK_2,imbalance_price,Long,2026-08-11T19:14:45Z
2026-08-11T19:03:52Z,2026-08-11T21:03:52+0200,d65ae107-0026-470c-8885-f57b4d7803f4,2026-07-15T19:00:00Z,2026-07-15T21:00:00+0200,221.21,EUR/MWh,DK2,DK_2,imbalance_price,Short,2026-08-11T19:14:45Z
2026-08-11T19:03:52Z,2026-08-11T21:03:52+0200,d65ae107-0026-470c-8885-f57b4d7803f4,2026-07-15T19:15:00Z,2026-07-15T21:15:00+0200,193.54,EUR/MWh,DK2,DK_2,imbalance_price,Long,2026-08-11T19:14:45Z
2026-08-11T19:03:52Z,2026-08-11T21:03:52+0200,d65ae107-0026-470c-8885-f57b4d7803f4,2026-07-15T19:15:00Z,2026-07-15T21:15:00+0200,193.54,EUR/MWh,DK2,DK_2,imbalance_price,Short,2026-08-11T19:14:45Z
2026-08-11T19:03:52Z,2026-08-11T21:03:52+0200,d65ae107-0026-470c-8885-f57b4d7803f4,2026-07-15T19:30:00Z,2026-07-15T21:30:00+0200,247.97,EUR/MWh,DK2,DK_2,imbalance_price,Long,2026-08-11T19:14:45Z
2026-08-11T19:03:52Z,2026-08-11T21:03:52+0200,d65ae107-0026-470c-8885-f57b4d7803f4,2026-07-15T19:30:00Z,2026-07-15T21:30:00+0200,247.97,EUR/MWh,DK2,DK_2,imbalance_price,Short,2026-08-11T19:14:45Z
2026-08-11T19:03:52Z,2026-08-11T21:03:52+0200,d65ae107-0026-470c-8885-f57b4d7803f4,2026-07-15T19:45:00Z,2026-07-15T21:45:00+0200,98.03,EUR/MWh,DK2,DK_2,imbalance_price,Long,2026-08-11T19:14:45Z
2026-08-11T19:03:52Z,2026-08-11T21:03:52+0200,d65ae107-0026-470c-8885-f57b4d7803f4,2026-07-15T19:45:00Z,2026-07-15T21:45:00+0200,98.03,EUR/MWh,DK2,DK_2,imbalance_price,Short,2026-08-11T19:14:45Z
2026-08-11T19:03:52Z,2026-08-11T21:03:52+0200,d65ae107-0026-470c-8885-f57b4d7803f4,2026-07-15T20:00:00Z,2026-07-15T22:00:00+0200,140.41,EUR/MWh,DK2,DK_2,imbalance_price,Long,2026-08-11T19:14:45Z
2026-08-11T19:03:52Z,2026-08-11T21:03:52+0200,d65ae107-0026-470c-8885-f57b4d7803f4,2026-07-15T20:00:00Z,2026-07-15T22:00:00+0200,140.41,EUR/MWh,DK2,DK_2,imbalance_price,Short,2026-08-11T19:14:45Z
2026-08-11T19:03:52Z,2026-08-11T21:03:52+0200,d65ae107-0026-470c-8885-f57b4d7803f4,2026-07-15T20:15:00Z,2026-07-15T22:15:00+0200,189.99,EUR/MWh,DK2,DK_2,imbalance_price,Long,2026-08-11T19:14:45Z
2026-08-11T19:03:52Z,2026-08-11T21:03:52+0200,d65ae107-0026-470c-8885-f57b4d7803f4,2026-07-15T20:15:00Z,2026-07-15T22:15:00+0200,189.99,EUR/MWh,DK2,DK_2,imbalance_price,Short,2026-08-11T19:14:45Z
2026-08-11T19:03:52Z,2026-08-11T21:03:52+0200,d65ae107-0026-470c-8885-f57b4d7803f4,2026-07-15T20:30:00Z,2026-07-15T22:30:00+0200,187.91,EUR/MWh,DK2,DK_2,imbalance_price,Long,2026-08-11T19:14:45Z
2026-08-11T19:03:52Z,2026-08-11T21:03:52+0200,d65ae107-0026-470c-8885-f57b4d7803f4,2026-07-15T20:30:00Z,2026-07-15T22:30:00+0200,187.91,EUR/MWh,DK2,DK_2,imbalance_price,Short,2026-08-11T19:14:45Z
2026-08-11T19:03:52Z,2026-08-11T21:03:52+0200,d65ae107-0026-470c-8885-f57b4d7803f4,2026-07-15T20:45:00Z,2026-07-15T22:45:00+0200,175.64,EUR/MWh,DK2,DK_2,imbalance_price,Long,2026-08-11T19:14:45Z
2026-08-11T19:03:52Z,2026-08-11T21:03:52+0200,d65ae107-0026-470c-8885-f57b4d7803f4,2026-07-15T20:45:00Z,2026-07-15T22:45:00+0200,175.64,EUR/MWh,DK2,DK_2,imbalance_price,Short,2026-08-11T19:14:45Z
2026-08-11T19:03:52Z,2026-08-11T21:03:52+0200,d65ae107-0026-470c-8885-f57b4d7803f4,2026-07-15T21:00:00Z,2026-07-15T23:00:00+0200,179.15,EUR/MWh,DK2,DK_2,imbalance_price,Long,2026-08-11T19:14:45Z
2026-08-11T19:03:52Z,2026-08-11T21:03:52+0200,d65ae107-0026-470c-8885-f57b4d7803f4,2026-07-15T21:00:00Z,2026-07-15T23:00:00+0200,179.15,EUR/MWh,DK2,DK_2,imbalance_price,Short,2026-08-11T19:14:45Z
2026-08-11T19:03:52Z,2026-08-11T21:03:52+0200,d65ae107-0026-470c-8885-f57b4d7803f4,2026-07-15T21:15:00Z,2026-07-15T23:15:00+0200,171.95,EUR/MWh,DK2,DK_2,imbalance_price,Long,2026-08-11T19:14:45Z
2026-08-11T19:03:52Z,2026-08-11T21:03:52+0200,d65ae107-0026-470c-8885-f57b4d7803f4,2026-07-15T21:15:00Z,2026-07-15T23:15:00+0200,171.95,EUR/MWh,DK2,DK_2,imbalance_price,Short,2026-08-11T19:14:45Z
2026-08-11T19:03:52Z,2026-08-11T21:03:52+0200,d65ae107-0026-470c-8885-f57b4d7803f4,2026-07-15T21:30:00Z,2026-07-15T23:30:00+0200,169.63,EUR/MWh,DK2,DK_2,imbalance_price,Long,2026-08-11T19:14:45Z
2026-08-11T19:03:52Z,2026-08-11T21:03:52+0200,d65ae107-0026-470c-8885-f57b4d7803f4,2026-07-15T21:30:00Z,2026-07-15T23:30:00+0200,169.63,EUR/MWh,DK2,DK_2,imbalance_price,Short,2026-08-11T19:14:45Z
2026-08-11T19:03:52Z,2026-08-11T21:03:52+0200,d65ae107-0026-470c-8885-f57b4d7803f4,2026-07-15T21:45:00Z,2026-07-15T23:45:00+0200,107.21,EUR/MWh,DK2,DK_2,imbalance_price,Long,2026-08-11T19:14:45Z
2026-08-11T19:03:52Z,2026-08-11T21:03:52+0200,d65ae107-0026-470c-8885-f57b4d7803f4,2026-07-15T21:45:00Z,2026-07-15T23:45:00+0200,107.21,EUR/MWh,DK2,DK_2,imbalance_price,Short,2026-08-11T19:14:45Z
2026-08-11T19:03:52Z,2026-08-11T21:03:52+0200,d65ae107-0026-470c-8885-f57b4d7803f4,2026-07-15T22:00:00Z,2026-07-16T00:00:00+0200,113.9,EUR/MWh,DK2,DK_2,imbalance_price,Long,2026-08-11T19:14:45Z
2026-08-11T19:03:52Z,2026-08-11T21:03:52+0200,d65ae107-0026-470c-8885-f57b4d7803f4,2026-07-15T22:00:00Z,2026-07-16T00:00:00+0200,113.9,EUR/MWh,DK2,DK_2,imbalance_price,Short,2026-08-11T19:14:45Z
2026-08-11T19:03:52Z,2026-08-11T21:03:52+0200,d65ae107-0026-470c-8885-f57b4d7803f4,2026-07-15T22:15:00Z,2026-07-16T00:15:00+0200,117.85,EUR/MWh,DK2,DK_2,imbalance_price,Long,2026-08-11T19:14:45Z
2026-08-11T19:03:52Z,2026-08-11T21:03:52+0200,d65ae107-0026-470c-8885-f57b4d7803f4,2026-07-15T22:15:00Z,2026-07-16T00:15:00+0200,117.85,EUR/MWh,DK2,DK_2,imbalance_price,Short,2026-08-11T19:14:45Z
2026-08-11T19:03:52Z,2026-08-11T21:03:52+0200,d65ae107-0026-470c-8885-f57b4d7803f4,2026-07-15T22:30:00Z,2026-07-16T00:30:00+0200,101.49,EUR/MWh,DK2,DK_2,imbalance_price,Long,2026-08-11T19:14:45Z
2026-08-11T19:03:52Z,2026-08-11T21:03:52+0200,d65ae107-0026-470c-8885-f57b4d7803f4,2026-07-15T22:30:00Z,2026-07-16T00:30:00+0200,101.49,EUR/MWh,DK2,DK_2,imbalance_price,Short,2026-08-11T19:14:45Z
2026-08-11T19:03:52Z,2026-08-11T21:03:52+0200,d65ae107-0026-470c-8885-f57b4d7803f4,2026-07-15T22:45:00Z,2026-07-16T00:45:00+0200,116.23,EUR/MWh,DK2,DK_2,imbalance_price,Long,2026-08-11T19:14:45Z
2026-08-11T19:03:52Z,2026-08-11T21:03:52+0200,d65ae107-0026-470c-8885-f57b4d7803f4,2026-07-15T22:45:00Z,2026-07-16T00:45:00+0200,116.23,EUR/MWh,DK2,DK_2,imbalance_price,Short,2026-08-11T19:14:45Z
2026-08-11T19:03:52Z,2026-08-11T21:03:52+0200,d65ae107-0026-470c-8885-f57b4d7803f4,2026-07-15T23:00:00Z,2026-07-16T01:00:00+0200,162.04,EUR/MWh,DK2,DK_2,imbalance_price,Long,2026-08-11T19:14:45Z
2026-08-11T19:03:52Z,2026-08-11T21:03:52+0200,d65ae107-0026-470c-8885-f57b4d7803f4,2026-07-15T23:00:00Z,2026-07-16T01:00:00+0200,162.04,EUR/MWh,DK2,DK_2,imbalance_price,Short,2026-08-11T19:14:45Z
2026-08-11T19:03:52Z,2026-08-11T21:03:52+0200,d65ae107-0026-470c-8885-f57b4d7803f4,2026-07-15T23:15:00Z,2026-07-16T01:15:00+0200,158.01,EUR/MWh,DK2,DK_2,imbalance_price,Long,2026-08-11T19:14:45Z
2026-08-11T19:03:52Z,2026-08-11T21:03:52+0200,d65ae107-0026-470c-8885-f57b4d7803f4,2026-07-15T23:15:00Z,2026-07-16T01:15:00+0200,158.01,EUR/MWh,DK2,DK_2,imbalance_price,Short,2026-08-11T19:14:45Z
2026-08-11T19:03:52Z,2026-08-11T21:03:52+0200,d65ae107-0026-470c-8885-f57b4d7803f4,2026-07-15T23:30:00Z,2026-07-16T01:30:00+0200,158.98,EUR/MWh,DK2,DK_2,imbalance_price,Long,2026-08-11T19:14:45Z
2026-08-11T19:03:52Z,2026-08-11T21:03:52+0200,d65ae107-0026-470c-8885-f57b4d7803f4,2026-07-15T23:30:00Z,2026-07-16T01:30:00+0200,158.98,EUR/MWh,DK2,DK_2,imbalance_price,Short,2026-08-11T19:14:45Z
2026-08-11T19:03:52Z,2026-08-11T21:03:52+0200,d65ae107-0026-470c-8885-f57b4d7803f4,2026-07-15T23:45:00Z,2026-07-16T01:45:00+0200,157.81,EUR/MWh,DK2,DK_2,imbalance_price,Long,2026-08-11T19:14:45Z
2026-08-11T19:03:52Z,2026-08-11T21:03:52+0200,d65ae107-0026-470c-8885-f57b4d7803f4,2026-07-15T23:45:00Z,2026-07-16T01:45:00+0200,157.81,EUR/MWh,DK2,DK_2,imbalance_price,Short,2026-08-11T19:14:45Z
2026-08-11T19:03:52Z,2026-08-11T21:03:52+0200,d65ae107-0026-470c-8885-f57b4d7803f4,2026-07-16T00:00:00Z,2026-07-16T02:00:00+0200,157.63,EUR/MWh,DK2,DK_2,imbalance_price,Long,2026-08-11T19:14:45Z
2026-08-11T19:03:52Z,2026-08-11T21:03:52+0200,d65ae107-0026-470c-8885-f57b4d7803f4,2026-07-16T00:00:00Z,2026-07-16T02:00:00+0200,157.63,EUR/MWh,DK2,DK_2,imbalance_price,Short,2026-08-11T19:14:45Z
2026-08-11T19:03:52Z,2026-08-11T21:03:52+0200,d65ae107-0026-470c-8885-f57b4d7803f4,2026-07-16T00:15:00Z,2026-07-16T02:15:00+0200,106.62,EUR/MWh,DK2,DK_2,imbalance_price,Long,2026-08-11T19:14:45Z
2026-08-11T19:03:52Z,2026-08-11T21:03:52+0200,d65ae107-0026-470c-8885-f57b4d7803f4,2026-07-16T00:15:00Z,2026-07-16T02:15:00+0200,106.62,EUR/MWh,DK2,DK_2,imbalance_price,Short,2026-08-11T19:14:45Z
2026-08-11T19:03:52Z,2026-08-11T21:03:52+0200,d65ae107-0026-470c-8885-f57b4d7803f4,2026-07-16T00:30:00Z,2026-07-16T02:30:00+0200,95.85,EUR/MWh,DK2,DK_2,imbalance_price,Long,2026-08-11T19:14:45Z
2026-08-11T19:03:52Z,2026-08-11T21:03:52+0200,d65ae107-0026-470c-8885-f57b4d7803f4,2026-07-16T00:30:00Z,2026-07-16T02:30:00+0200,95.85,EUR/MWh,DK2,DK_2,imbalance_price,Short,2026-08-11T19:14:45Z
2026-08-11T19:03:52Z,2026-08-11T21:03:52+0200,d65ae107-0026-470c-8885-f57b4d7803f4,2026-07-16T00:45:00Z,2026-07-16T02:45:00+0200,148.4,EUR/MWh,DK2,DK_2,imbalance_price,Long,2026-08-11T19:14:45Z
2026-08-11T19:03:52Z,2026-08-11T21:03:52+0200,d65ae107-0026-470c-8885-f57b4d7803f4,2026-07-16T00:45:00Z,2026-07-16T02:45:00+0200,148.4,EUR/MWh,DK2,DK_2,imbalance_price,Short,2026-08-11T19:14:45Z
2026-08-11T19:03:52Z,2026-08-11T21:03:52+0200,d65ae107-0026-470c-8885-f57b4d7803f4,2026-07-16T01:00:00Z,2026-07-16T03:00:00+0200,114.0,EUR/MWh,DK2,DK_2,imbalance_price,Long,2026-08-11T19:14:45Z
2026-08-11T19:03:52Z,2026-08-11T21:03:52+0200,d65ae107-0026-470c-8885-f57b4d7803f4,2026-07-16T01:00:00Z,2026-07-16T03:00:00+0200,114.0,EUR/MWh,DK2,DK_2,imbalance_price,Short,2026-08-11T19:14:45Z
2026-08-11T19:03:52Z,2026-08-11T21:03:52+0200,d65ae107-0026-470c-8885-f57b4d7803f4,2026-07-16T01:15:00Z,2026-07-16T03:15:00+0200,118.83,EUR/MWh,DK2,DK_2,imbalance_price,Long,2026-08-11T19:14:45Z
2026-08-11T19:03:52Z,2026-08-11T21:03:52+0200,d65ae107-0026-470c-8885-f57b4d7803f4,2026-07-16T01:15:00Z,2026-07-16T03:15:00+0200,118.83,EUR/MWh,DK2,DK_2,imbalance_price,Short,2026-08-11T19:14:45Z
2026-08-11T19:03:52Z,2026-08-11T21:03:52+0200,d65ae107-0026-470c-8885-f57b4d7803f4,2026-07-16T01:30:00Z,2026-07-16T03:30:00+0200,148.09,EUR/MWh,DK2,DK_2,imbalance_price,Long,2026-08-11T19:14:45Z
2026-08-11T19:03:52Z,2026-08-11T21:03:52+0200,d65ae107-0026-470c-8885-f57b4d7803f4,2026-07-16T01:30:00Z,2026-07-16T03:30:00+0200,148.09,EUR/MWh,DK2,DK_2,imbalance_price,Short,2026-08-11T19:14:45Z
2026-08-11T19:03:52Z,2026-08-11T21:03:52+0200,d65ae107-0026-470c-8885-f57b4d7803f4,2026-07-16T01:45:00Z,2026-07-16T03:45:00+0200,148.18,EUR/MWh,DK2,DK_2,imbalance_price,Long,2026-08-11T19:14:45Z
2026-08-11T19:03:52Z,2026-08-11T21:03:52+0200,d65ae107-0026-470c-8885-f57b4d7803f4,2026-07-16T01:45:00Z,2026-07-16T03:45:00+0200,148.18,EUR/MWh,DK2,DK_2,imbalance_price,Short,2026-08-11T19:14:45Z
2026-08-11T19:03:52Z,2026-08-11T21:03:52+0200,d65ae107-0026-470c-8885-f57b4d7803f4,2026-07-16T02:00:00Z,2026-07-16T04:00:00+0200,148.68,EUR/MWh,DK2,DK_2,imbalance_price,Long,2026-08-11T19:14:45Z
2026-08-11T19:03:52Z,2026-08-11T21:03:52+0200,d65ae107-0026-470c-8885-f57b4d7803f4,2026-07-16T02:00:00Z,2026-07-16T04:00:00+0200,148.68,EUR/MWh,DK2,DK_2,imbalance_price,Short,2026-08-11T19:14:45Z
2026-08-11T19:03:52Z,2026-08-11T21:03:52+0200,d65ae107-0026-470c-8885-f57b4d7803f4,2026-07-16T02:15:00Z,2026-07-16T04:15:00+0200,150.26,EUR/MWh,DK2,DK_2,imbalance_price,Long,2026-08-11T19:14:45Z
2026-08-11T19:03:52Z,2026-08-11T21:03:52+0200,d65ae107-0026-470c-8885-f57b4d7803f4,2026-07-16T02:15:00Z,2026-07-16T04:15:00+0200,150.26,EUR/MWh,DK2,DK_2,imbalance_price,Short,2026-08-11T19:14:45Z
2026-08-11T19:03:52Z,2026-08-11T21:03:52+0200,d65ae107-0026-470c-8885-f57b4d7803f4,2026-07-16T02:30:00Z,2026-07-16T04:30:00+0200,120.2,EUR/MWh,DK2,DK_2,imbalance_price,Long,2026-08-11T19:14:45Z
2026-08-11T19:03:52Z,2026-08-11T21:03:52+0200,d65ae107-0026-470c-8885-f57b4d7803f4,2026-07-16T02:30:00Z,2026-07-16T04:30:00+0200,120.2,EUR/MWh,DK2,DK_2,imbalance_price,Short,2026-08-11T19:14:45Z
2026-08-11T19:03:52Z,2026-08-11T21:03:52+0200,d65ae107-0026-470c-8885-f57b4d7803f4,2026-07-16T02:45:00Z,2026-07-16T04:45:00+0200,50.0,EUR/MWh,DK2,DK_2,imbalance_price,Long,2026-08-11T19:14:45Z
2026-08-11T19:03:52Z,2026-08-11T21:03:52+0200,d65ae107-0026-470c-8885-f57b4d7803f4,2026-07-16T02:45:00Z,2026-07-16T04:45:00+0200,50.0,EUR/MWh,DK2,DK_2,imbalance_price,Short,2026-08-11T19:14:45Z
2026-08-11T19:03:52Z,2026-08-11T21:03:52+0200,d65ae107-0026-470c-8885-f57b4d7803f4,2026-07-16T03:00:00Z,2026-07-16T05:00:00+0200,142.66,EUR/MWh,DK2,DK_2,imbalance_price,Long,2026-08-11T19:14:45Z
2026-08-11T19:03:52Z,2026-08-11T21:03:52+0200,d65ae107-0026-470c-8885-f57b4d7803f4,2026-07-16T03:00:00Z,2026-07-16T05:00:00+0200,142.66,EUR/MWh,DK2,DK_2,imbalance_price,Short,2026-08-11T19:14:45Z
2026-08-11T19:03:52Z,2026-08-11T21:03:52+0200,d65ae107-0026-470c-8885-f57b4d7803f4,2026-07-16T03:15:00Z,2026-07-16T05:15:00+0200,119.67,EUR/MWh,DK2,DK_2,imbalance_price,Long,2026-08-11T19:14:45Z
2026-08-11T19:03:52Z,2026-08-11T21:03:52+0200,d65ae107-0026-470c-8885-f57b4d7803f4,2026-07-16T03:15:00Z,2026-07-16T05:15:00+0200,119.67,EUR/MWh,DK2,DK_2,imbalance_price,Short,2026-08-11T19:14:45Z
2026-08-11T19:03:52Z,2026-08-11T21:03:52+0200,d65ae107-0026-470c-8885-f57b4d7803f4,2026-07-16T03:30:00Z,2026-07-16T05:30:00+0200,121.88,EUR/MWh,DK2,DK_2,imbalance_price,Long,2026-08-11T19:14:45Z
2026-08-11T19:03:52Z,2026-08-11T21:03:52+0200,d65ae107-0026-470c-8885-f57b4d7803f4,2026-07-16T03:30:00Z,2026-07-16T05:30:00+0200,121.88,EUR/MWh,DK2,DK_2,imbalance_price,Short,2026-08-11T19:14:45Z
2026-08-11T19:03:52Z,2026-08-11T21:03:52+0200,d65ae107-0026-470c-8885-f57b4d7803f4,2026-07-16T03:45:00Z,2026-07-16T05:45:00+0200,118.58,EUR/MWh,DK2,DK_2,imbalance_price,Long,2026-08-11T19:14:45Z
2026-08-11T19:03:52Z,2026-08-11T21:03:52+0200,d65ae107-0026-470c-8885-f57b4d7803f4,2026-07-16T03:45:00Z,2026-07-16T05:45:00+0200,118.58,EUR/MWh,DK2,DK_2,imbalance_price,Short,2026-08-11T19:14:45Z
2026-08-11T19:03:52Z,2026-08-11T21:03:52+0200,d65ae107-0026-470c-8885-f57b4d7803f4,2026-07-16T04:00:00Z,2026-07-16T06:00:00+0200,71.22,EUR/MWh,DK2,DK_2,imbalance_price,Long,2026-08-11T19:14:45Z
2026-08-11T19:03:52Z,2026-08-11T21:03:52+0200,d65ae107-0026-470c-8885-f57b4d7803f4,2026-07-16T04:00:00Z,2026-07-16T06:00:00+0200,71.22,EUR/MWh,DK2,DK_2,imbalance_price,Short,2026-08-11T19:14:45Z
2026-08-11T19:03:52Z,2026-08-11T21:03:52+0200,d65ae107-0026-470c-8885-f57b4d7803f4,2026-07-16T04:15:00Z,2026-07-16T06:15:00+0200,18.0,EUR/MWh,DK2,DK_2,imbalance_price,Long,2026-08-11T19:14:45Z
2026-08-11T19:03:52Z,2026-08-11T21:03:52+0200,d65ae107-0026-470c-8885-f57b4d7803f4,2026-07-16T04:15:00Z,2026-07-16T06:15:00+0200,18.0,EUR/MWh,DK2,DK_2,imbalance_price,Short,2026-08-11T19:14:45Z
2026-08-11T19:03:52Z,2026-08-11T21:03:52+0200,d65ae107-0026-470c-8885-f57b4d7803f4,2026-07-16T04:30:00Z,2026-07-16T06:30:00+0200,125.0,EUR/MWh,DK2,DK_2,imbalance_price,Long,2026-08-11T19:14:45Z
2026-08-11T19:03:52Z,2026-08-11T21:03:52+0200,d65ae107-0026-470c-8885-f57b4d7803f4,2026-07-16T04:30:00Z,2026-07-16T06:30:00+0200,125.0,EUR/MWh,DK2,DK_2,imbalance_price,Short,2026-08-11T19:14:45Z
2026-08-11T19:03:52Z,2026-08-11T21:03:52+0200,d65ae107-0026-470c-8885-f57b4d7803f4,2026-07-16T04:45:00Z,2026-07-16T06:45:00+0200,174.62,EUR/MWh,DK2,DK_2,imbalance_price,Long,2026-08-11T19:14:45Z
2026-08-11T19:03:52Z,2026-08-11T21:03:52+0200,d65ae107-0026-470c-8885-f57b4d7803f4,2026-07-16T04:45:00Z,2026-07-16T06:45:00+0200,174.62,EUR/MWh,DK2,DK_2,imbalance_price,Short,2026-08-11T19:14:45Z
2026-08-11T19:03:52Z,2026-08-11T21:03:52+0200,d65ae107-0026-470c-8885-f57b4d7803f4,2026-07-16T05:00:00Z,2026-07-16T07:00:00+0200,110.0,EUR/MWh,DK2,DK_2,imbalance_price,Long,2026-08-11T19:14:45Z
2026-08-11T19:03:52Z,2026-08-11T21:03:52+0200,d65ae107-0026-470c-8885-f57b4d7803f4,2026-07-16T05:00:00Z,2026-07-16T07:00:00+0200,110.0,EUR/MWh,DK2,DK_2,imbalance_price,Short,2026-08-11T19:14:45Z
2026-08-11T19:03:52Z,2026-08-11T21:03:52+0200,d65ae107-0026-470c-8885-f57b4d7803f4,2026-07-16T05:15:00Z,2026-07-16T07:15:00+0200,71.22,EUR/MWh,DK2,DK_2,imbalance_price,Long,2026-08-11T19:14:45Z
2026-08-11T19:03:52Z,2026-08-11T21:03:52+0200,d65ae107-0026-470c-8885-f57b4d7803f4,2026-07-16T05:15:00Z,2026-07-16T07:15:00+0200,71.22,EUR/MWh,DK2,DK_2,imbalance_price,Short,2026-08-11T19:14:45Z
2026-08-11T19:03:52Z,2026-08-11T21:03:52+0200,d65ae107-0026-470c-8885-f57b4d7803f4,2026-07-16T05:30:00Z,2026-07-16T07:30:00+0200,67.08,EUR/MWh,DK2,DK_2,imbalance_price,Long,2026-08-11T19:14:45Z
2026-08-11T19:03:52Z,2026-08-11T21:03:52+0200,d65ae107-0026-470c-8885-f57b4d7803f4,2026-07-16T05:30:00Z,2026-07-16T07:30:00+0200,67.08,EUR/MWh,DK2,DK_2,imbalance_price,Short,2026-08-11T19:14:45Z
2026-08-11T19:03:52Z,2026-08-11T21:03:52+0200,d65ae107-0026-470c-8885-f57b4d7803f4,2026-07-16T05:45:00Z,2026-07-16T07:45:00+0200,14.69,EUR/MWh,DK2,DK_2,imbalance_price,Long,2026-08-11T19:14:45Z
2026-08-11T19:03:52Z,2026-08-11T21:03:52+0200,d65ae107-0026-470c-8885-f57b4d7803f4,2026-07-16T05:45:00Z,2026-07-16T07:45:00+0200,14.69,EUR/MWh,DK2,DK_2,imbalance_price,Short,2026-08-11T19:14:45Z
2026-08-11T19:03:52Z,2026-08-11T21:03:52+0200,d65ae107-0026-470c-8885-f57b4d7803f4,2026-07-16T06:00:00Z,2026-07-16T08:00:00+0200,184.99,EUR/MWh,DK2,DK_2,imbalance_price,Long,2026-08-11T19:14:45Z
2026-08-11T19:03:52Z,2026-08-11T21:03:52+0200,d65ae107-0026-470c-8885-f57b4d7803f4,2026-07-16T06:00:00Z,2026-07-16T08:00:00+0200,184.99,EUR/MWh,DK2,DK_2,imbalance_price,Short,2026-08-11T19:14:45Z
2026-08-11T19:03:52Z,2026-08-11T21:03:52+0200,d65ae107-0026-470c-8885-f57b4d7803f4,2026-07-16T06:15:00Z,2026-07-16T08:15:00+0200,1.99,EUR/MWh,DK2,DK_2,imbalance_price,Long,2026-08-11T19:14:45Z
2026-08-11T19:03:52Z,2026-08-11T21:03:52+0200,d65ae107-0026-470c-8885-f57b4d7803f4,2026-07-16T06:15:00Z,2026-07-16T08:15:00+0200,1.99,EUR/MWh,DK2,DK_2,imbalance_price,Short,2026-08-11T19:14:45Z
2026-08-11T19:03:52Z,2026-08-11T21:03:52+0200,d65ae107-0026-470c-8885-f57b4d7803f4,2026-07-16T06:30:00Z,2026-07-16T08:30:00+0200,115.79,EUR/MWh,DK2,DK_2,imbalance_price,Long,2026-08-11T19:14:45Z
2026-08-11T19:03:52Z,2026-08-11T21:03:52+0200,d65ae107-0026-470c-8885-f57b4d7803f4,2026-07-16T06:30:00Z,2026-07-16T08:30:00+0200,115.79,EUR/MWh,DK2,DK_2,imbalance_price,Short,2026-08-11T19:14:45Z
2026-08-11T19:03:52Z,2026-08-11T21:03:52+0200,d65ae107-0026-470c-8885-f57b4d7803f4,2026-07-16T06:45:00Z,2026-07-16T08:45:00+0200,105.31,EUR/MWh,DK2,DK_2,imbalance_price,Long,2026-08-11T19:14:45Z
2026-08-11T19:03:52Z,2026-08-11T21:03:52+0200,d65ae107-0026-470c-8885-f57b4d7803f4,2026-07-16T06:45:00Z,2026-07-16T08:45:00+0200,105.31,EUR/MWh,DK2,DK_2,imbalance_price,Short,2026-08-11T19:14:45Z
2026-08-11T19:03:52Z,2026-08-11T21:03:52+0200,d65ae107-0026-470c-8885-f57b4d7803f4,2026-07-16T07:00:00Z,2026-07-16T09:00:00+0200,77.03,EUR/MWh,DK2,DK_2,imbalance_price,Long,2026-08-11T19:14:45Z
2026-08-11T19:03:52Z,2026-08-11T21:03:52+0200,d65ae107-0026-470c-8885-f57b4d7803f4,2026-07-16T07:00:00Z,2026-07-16T09:00:00+0200,77.03,EUR/MWh,DK2,DK_2,imbalance_price,Short,2026-08-11T19:14:45Z
2026-08-11T19:03:52Z,2026-08-11T21:03:52+0200,d65ae107-0026-470c-8885-f57b4d7803f4,2026-07-16T07:15:00Z,2026-07-16T09:15:00+0200,117.91,EUR/MWh,DK2,DK_2,imbalance_price,Long,2026-08-11T19:14:45Z
2026-08-11T19:03:52Z,2026-08-11T21:03:52+0200,d65ae107-0026-470c-8885-f57b4d7803f4,2026-07-16T07:15:00Z,2026-07-16T09:15:00+0200,117.91,EUR/MWh,DK2,DK_2,imbalance_price,Short,2026-08-11T19:14:45Z
2026-08-11T19:03:52Z,2026-08-11T21:03:52+0200,d65ae107-0026-470c-8885-f57b4d7803f4,2026-07-16T07:30:00Z,2026-07-16T09:30:00+0200,63.61,EUR/MWh,DK2,DK_2,imbalance_price,Long,2026-08-11T19:14:45Z
2026-08-11T19:03:52Z,2026-08-11T21:03:52+0200,d65ae107-0026-470c-8885-f57b4d7803f4,2026-07-16T07:30:00Z,2026-07-16T09:30:00+0200,63.61,EUR/MWh,DK2,DK_2,imbalance_price,Short,2026-08-11T19:14:45Z
2026-08-11T19:03:52Z,2026-08-11T21:03:52+0200,d65ae107-0026-470c-8885-f57b4d7803f4,2026-07-16T07:45:00Z,2026-07-16T09:45:00+0200,177.52,EUR/MWh,DK2,DK_2,imbalance_price,Long,2026-08-11T19:14:45Z
2026-08-11T19:03:52Z,2026-08-11T21:03:52+0200,d65ae107-0026-470c-8885-f57b4d7803f4,2026-07-16T07:45:00Z,2026-07-16T09:45:00+0200,177.52,EUR/MWh,DK2,DK_2,imbalance_price,Short,2026-08-11T19:14:45Z
2026-08-11T19:03:52Z,2026-08-11T21:03:52+0200,d65ae107-0026-470c-8885-f57b4d7803f4,2026-07-16T08:00:00Z,2026-07-16T10:00:00+0200,277.49,EUR/MWh,DK2,DK_2,imbalance_price,Long,2026-08-11T19:14:45Z
2026-08-11T19:03:52Z,2026-08-11T21:03:52+0200,d65ae107-0026-470c-8885-f57b4d7803f4,2026-07-16T08:00:00Z,2026-07-16T10:00:00+0200,277.49,EUR/MWh,DK2,DK_2,imbalance_price,Short,2026-08-11T19:14:45Z
2026-08-11T19:03:52Z,2026-08-11T21:03:52+0200,d65ae107-0026-470c-8885-f57b4d7803f4,2026-07-16T08:15:00Z,2026-07-16T10:15:00+0200,658.78,EUR/MWh,DK2,DK_2,imbalance_price,Long,2026-08-11T19:14:45Z
2026-08-11T19:03:52Z,2026-08-11T21:03:52+0200,d65ae107-0026-470c-8885-f57b4d7803f4,2026-07-16T08:15:00Z,2026-07-16T10:15:00+0200,658.78,EUR/MWh,DK2,DK_2,imbalance_price,Short,2026-08-11T19:14:45Z
2026-08-11T19:03:52Z,2026-08-11T21:03:52+0200,d65ae107-0026-470c-8885-f57b4d7803f4,2026-07-16T08:30:00Z,2026-07-16T10:30:00+0200,187.16,EUR/MWh,DK2,DK_2,imbalance_price,Long,2026-08-11T19:14:45Z
2026-08-11T19:03:52Z,2026-08-11T21:03:52+0200,d65ae107-0026-470c-8885-f57b4d7803f4,2026-07-16T08:30:00Z,2026-07-16T10:30:00+0200,187.16,EUR/MWh,DK2,DK_2,imbalance_price,Short,2026-08-11T19:14:45Z
2026-08-11T19:03:52Z,2026-08-11T21:03:52+0200,d65ae107-0026-470c-8885-f57b4d7803f4,2026-07-16T08:45:00Z,2026-07-16T10:45:00+0200,100.21,EUR/MWh,DK2,DK_2,imbalance_price,Long,2026-08-11T19:14:45Z
2026-08-11T19:03:52Z,2026-08-11T21:03:52+0200,d65ae107-0026-470c-8885-f57b4d7803f4,2026-07-16T08:45:00Z,2026-07-16T10:45:00+0200,100.21,EUR/MWh,DK2,DK_2,imbalance_price,Short,2026-08-11T19:14:45Z
2026-08-11T19:03:52Z,2026-08-11T21:03:52+0200,d65ae107-0026-470c-8885-f57b4d7803f4,2026-07-16T09:00:00Z,2026-07-16T11:00:00+0200,60.0,EUR/MWh,DK2,DK_2,imbalance_price,Long,2026-08-11T19:14:45Z
2026-08-11T19:03:52Z,2026-08-11T21:03:52+0200,d65ae107-0026-470c-8885-f57b4d7803f4,2026-07-16T09:00:00Z,2026-07-16T11:00:00+0200,60.0,EUR/MWh,DK2,DK_2,imbalance_price,Short,2026-08-11T19:14:45Z
2026-08-11T19:03:52Z,2026-08-11T21:03:52+0200,d65ae107-0026-470c-8885-f57b4d7803f4,2026-07-16T09:15:00Z,2026-07-16T11:15:00+0200,109.26,EUR/MWh,DK2,DK_2,imbalance_price,Long,2026-08-11T19:14:45Z
2026-08-11T19:03:52Z,2026-08-11T21:03:52+0200,d65ae107-0026-470c-8885-f57b4d7803f4,2026-07-16T09:15:00Z,2026-07-16T11:15:00+0200,109.26,EUR/MWh,DK2,DK_2,imbalance_price,Short,2026-08-11T19:14:45Z
2026-08-11T19:03:52Z,2026-08-11T21:03:52+0200,d65ae107-0026-470c-8885-f57b4d7803f4,2026-07-16T09:30:00Z,2026-07-16T11:30:00+0200,168.77,EUR/MWh,DK2,DK_2,imbalance_price,Long,2026-08-11T19:14:45Z
2026-08-11T19:03:52Z,2026-08-11T21:03:52+0200,d65ae107-0026-470c-8885-f57b4d7803f4,2026-07-16T09:30:00Z,2026-07-16T11:30:00+0200,168.77,EUR/MWh,DK2,DK_2,imbalance_price,Short,2026-08-11T19:14:45Z
2026-08-11T19:03:52Z,2026-08-11T21:03:52+0200,d65ae107-0026-470c-8885-f57b4d7803f4,2026-07-16T09:45:00Z,2026-07-16T11:45:00+0200,19.73,EUR/MWh,DK2,DK_2,imbalance_price,Long,2026-08-11T19:14:45Z
2026-08-11T19:03:52Z,2026-08-11T21:03:52+0200,d65ae107-0026-470c-8885-f57b4d7803f4,2026-07-16T09:45:00Z,2026-07-16T11:45:00+0200,19.73,EUR/MWh,DK2,DK_2,imbalance_price,Short,2026-08-11T19:14:45Z
2026-08-11T19:03:52Z,2026-08-11T21:03:52+0200,d65ae107-0026-470c-8885-f57b4d7803f4,2026-07-16T10:00:00Z,2026-07-16T12:00:00+0200,36.61,EUR/MWh,DK2,DK_2,imbalance_price,Long,2026-08-11T19:14:45Z
2026-08-11T19:03:52Z,2026-08-11T21:03:52+0200,d65ae107-0026-470c-8885-f57b4d7803f4,2026-07-16T10:00:00Z,2026-07-16T12:00:00+0200,36.61,EUR/MWh,DK2,DK_2,imbalance_price,Short,2026-08-11T19:14:45Z
2026-08-11T19:03:52Z,2026-08-11T21:03:52+0200,d65ae107-0026-470c-8885-f57b4d7803f4,2026-07-16T10:15:00Z,2026-07-16T12:15:00+0200,7.79,EUR/MWh,DK2,DK_2,imbalance_price,Long,2026-08-11T19:14:45Z
2026-08-11T19:03:52Z,2026-08-11T21:03:52+0200,d65ae107-0026-470c-8885-f57b4d7803f4,2026-07-16T10:15:00Z,2026-07-16T12:15:00+0200,7.79,EUR/MWh,DK2,DK_2,imbalance_price,Short,2026-08-11T19:14:45Z
2026-08-11T19:03:52Z,2026-08-11T21:03:52+0200,d65ae107-0026-470c-8885-f57b4d7803f4,2026-07-16T10:30:00Z,2026-07-16T12:30:00+0200,93.28,EUR/MWh,DK2,DK_2,imbalance_price,Long,2026-08-11T19:14:45Z
2026-08-11T19:03:52Z,2026-08-11T21:03:52+0200,d65ae107-0026-470c-8885-f57b4d7803f4,2026-07-16T10:30:00Z,2026-07-16T12:30:00+0200,93.28,EUR/MWh,DK2,DK_2,imbalance_price,Short,2026-08-11T19:14:45Z
2026-08-11T19:03:52Z,2026-08-11T21:03:52+0200,d65ae107-0026-470c-8885-f57b4d7803f4,2026-07-16T10:45:00Z,2026-07-16T12:45:00+0200,91.89,EUR/MWh,DK2,DK_2,imbalance_price,Long,2026-08-11T19:14:45Z
2026-08-11T19:03:52Z,2026-08-11T21:03:52+0200,d65ae107-0026-470c-8885-f57b4d7803f4,2026-07-16T10:45:00Z,2026-07-16T12:45:00+0200,91.89,EUR/MWh,DK2,DK_2,imbalance_price,Short,2026-08-11T19:14:45Z
2026-08-11T19:03:52Z,2026-08-11T21:03:52+0200,d65ae107-0026-470c-8885-f57b4d7803f4,2026-07-16T11:00:00Z,2026-07-16T13:00:00+0200,178.46,EUR/MWh,DK2,DK_2,imbalance_price,Long,2026-08-11T19:14:45Z
2026-08-11T19:03:52Z,2026-08-11T21:03:52+0200,d65ae107-0026-470c-8885-f57b4d7803f4,2026-07-16T11:00:00Z,2026-07-16T13:00:00+0200,178.46,EUR/MWh,DK2,DK_2,imbalance_price,Short,2026-08-11T19:14:45Z
2026-08-11T19:03:52Z,2026-08-11T21:03:52+0200,d65ae107-0026-470c-8885-f57b4d7803f4,2026-07-16T11:15:00Z,2026-07-16T13:15:00+0200,140.65,EUR/MWh,DK2,DK_2,imbalance_price,Long,2026-08-11T19:14:45Z
2026-08-11T19:03:52Z,2026-08-11T21:03:52+0200,d65ae107-0026-470c-8885-f57b4d7803f4,2026-07-16T11:15:00Z,2026-07-16T13:15:00+0200,140.65,EUR/MWh,DK2,DK_2,imbalance_price,Short,2026-08-11T19:14:45Z
2026-08-11T19:03:52Z,2026-08-11T21:03:52+0200,d65ae107-0026-470c-8885-f57b4d7803f4,2026-07-16T11:30:00Z,2026-07-16T13:30:00+0200,84.2,EUR/MWh,DK2,DK_2,imbalance_price,Long,2026-08-11T19:14:45Z
2026-08-11T19:03:52Z,2026-08-11T21:03:52+0200,d65ae107-0026-470c-8885-f57b4d7803f4,2026-07-16T11:30:00Z,2026-07-16T13:30:00+0200,84.2,EUR/MWh,DK2,DK_2,imbalance_price,Short,2026-08-11T19:14:45Z
2026-08-11T19:03:52Z,2026-08-11T21:03:52+0200,d65ae107-0026-470c-8885-f57b4d7803f4,2026-07-16T11:45:00Z,2026-07-16T13:45:00+0200,69.68,EUR/MWh,DK2,DK_2,imbalance_price,Long,2026-08-11T19:14:45Z
2026-08-11T19:03:52Z,2026-08-11T21:03:52+0200,d65ae107-0026-470c-8885-f57b4d7803f4,2026-07-16T11:45:00Z,2026-07-16T13:45:00+0200,69.68,EUR/MWh,DK2,DK_2,imbalance_price,Short,2026-08-11T19:14:45Z
2026-08-11T19:03:52Z,2026-08-11T21:03:52+0200,d65ae107-0026-470c-8885-f57b4d7803f4,2026-07-16T12:00:00Z,2026-07-16T14:00:00+0200,66.32,EUR/MWh,DK2,DK_2,imbalance_price,Long,2026-08-11T19:14:45Z
2026-08-11T19:03:52Z,2026-08-11T21:03:52+0200,d65ae107-0026-470c-8885-f57b4d7803f4,2026-07-16T12:00:00Z,2026-07-16T14:00:00+0200,66.32,EUR/MWh,DK2,DK_2,imbalance_price,Short,2026-08-11T19:14:45Z
2026-08-11T19:03:52Z,2026-08-11T21:03:52+0200,d65ae107-0026-470c-8885-f57b4d7803f4,2026-07-16T12:15:00Z,2026-07-16T14:15:00+0200,67.46,EUR/MWh,DK2,DK_2,imbalance_price,Long,2026-08-11T19:14:45Z
2026-08-11T19:03:52Z,2026-08-11T21:03:52+0200,d65ae107-0026-470c-8885-f57b4d7803f4,2026-07-16T12:15:00Z,2026-07-16T14:15:00+0200,67.46,EUR/MWh,DK2,DK_2,imbalance_price,Short,2026-08-11T19:14:45Z
2026-08-11T19:03:52Z,2026-08-11T21:03:52+0200,d65ae107-0026-470c-8885-f57b4d7803f4,2026-07-16T12:30:00Z,2026-07-16T14:30:00+0200,12.03,EUR/MWh,DK2,DK_2,imbalance_price,Long,2026-08-11T19:14:45Z
2026-08-11T19:03:52Z,2026-08-11T21:03:52+0200,d65ae107-0026-470c-8885-f57b4d7803f4,2026-07-16T12:30:00Z,2026-07-16T14:30:00+0200,12.03,EUR/MWh,DK2,DK_2,imbalance_price,Short,2026-08-11T19:14:45Z
2026-08-11T19:03:52Z,2026-08-11T21:03:52+0200,d65ae107-0026-470c-8885-f57b4d7803f4,2026-07-16T12:45:00Z,2026-07-16T14:45:00+0200,104.51,EUR/MWh,DK2,DK_2,imbalance_price,Long,2026-08-11T19:14:45Z
2026-08-11T19:03:52Z,2026-08-11T21:03:52+0200,d65ae107-0026-470c-8885-f57b4d7803f4,2026-07-16T12:45:00Z,2026-07-16T14:45:00+0200,104.51,EUR/MWh,DK2,DK_2,imbalance_price,Short,2026-08-11T19:14:45Z
2026-08-11T19:03:52Z,2026-08-11T21:03:52+0200,d65ae107-0026-470c-8885-f57b4d7803f4,2026-07-16T13:00:00Z,2026-07-16T15:00:00+0200,20.07,EUR/MWh,DK2,DK_2,imbalance_price,Long,2026-08-11T19:14:45Z
2026-08-11T19:03:52Z,2026-08-11T21:03:52+0200,d65ae107-0026-470c-8885-f57b4d7803f4,2026-07-16T13:00:00Z,2026-07-16T15:00:00+0200,20.07,EUR/MWh,DK2,DK_2,imbalance_price,Short,2026-08-11T19:14:45Z
2026-08-11T19:03:52Z,2026-08-11T21:03:52+0200,d65ae107-0026-470c-8885-f57b4d7803f4,2026-07-16T13:15:00Z,2026-07-16T15:15:00+0200,12.03,EUR/MWh,DK2,DK_2,imbalance_price,Long,2026-08-11T19:14:45Z
2026-08-11T19:03:52Z,2026-08-11T21:03:52+0200,d65ae107-0026-470c-8885-f57b4d7803f4,2026-07-16T13:15:00Z,2026-07-16T15:15:00+0200,12.03,EUR/MWh,DK2,DK_2,imbalance_price,Short,2026-08-11T19:14:45Z
2026-08-11T19:03:52Z,2026-08-11T21:03:52+0200,d65ae107-0026-470c-8885-f57b4d7803f4,2026-07-16T13:30:00Z,2026-07-16T15:30:00+0200,135.0,EUR/MWh,DK2,DK_2,imbalance_price,Long,2026-08-11T19:14:45Z
2026-08-11T19:03:52Z,2026-08-11T21:03:52+0200,d65ae107-0026-470c-8885-f57b4d7803f4,2026-07-16T13:30:00Z,2026-07-16T15:30:00+0200,135.0,EUR/MWh,DK2,DK_2,imbalance_price,Short,2026-08-11T19:14:45Z
2026-08-11T19:03:52Z,2026-08-11T21:03:52+0200,d65ae107-0026-470c-8885-f57b4d7803f4,2026-07-16T13:45:00Z,2026-07-16T15:45:00+0200,179.31,EUR/MWh,DK2,DK_2,imbalance_price,Long,2026-08-11T19:14:45Z
2026-08-11T19:03:52Z,2026-08-11T21:03:52+0200,d65ae107-0026-470c-8885-f57b4d7803f4,2026-07-16T13:45:00Z,2026-07-16T15:45:00+0200,179.31,EUR/MWh,DK2,DK_2,imbalance_price,Short,2026-08-11T19:14:45Z
2026-08-11T19:03:52Z,2026-08-11T21:03:52+0200,d65ae107-0026-470c-8885-f57b4d7803f4,2026-07-16T14:00:00Z,2026-07-16T16:00:00+0200,107.63,EUR/MWh,DK2,DK_2,imbalance_price,Long,2026-08-11T19:14:45Z
2026-08-11T19:03:52Z,2026-08-11T21:03:52+0200,d65ae107-0026-470c-8885-f57b4d7803f4,2026-07-16T14:00:00Z,2026-07-16T16:00:00+0200,107.63,EUR/MWh,DK2,DK_2,imbalance_price,Short,2026-08-11T19:14:45Z
2026-08-11T19:03:52Z,2026-08-11T21:03:52+0200,d65ae107-0026-470c-8885-f57b4d7803f4,2026-07-16T14:15:00Z,2026-07-16T16:15:00+0200,105.74,EUR/MWh,DK2,DK_2,imbalance_price,Long,2026-08-11T19:14:45Z
2026-08-11T19:03:52Z,2026-08-11T21:03:52+0200,d65ae107-0026-470c-8885-f57b4d7803f4,2026-07-16T14:15:00Z,2026-07-16T16:15:00+0200,105.74,EUR/MWh,DK2,DK_2,imbalance_price,Short,2026-08-11T19:14:45Z
2026-08-11T19:03:52Z,2026-08-11T21:03:52+0200,d65ae107-0026-470c-8885-f57b4d7803f4,2026-07-16T14:30:00Z,2026-07-16T16:30:00+0200,87.34,EUR/MWh,DK2,DK_2,imbalance_price,Long,2026-08-11T19:14:45Z
2026-08-11T19:03:52Z,2026-08-11T21:03:52+0200,d65ae107-0026-470c-8885-f57b4d7803f4,2026-07-16T14:30:00Z,2026-07-16T16:30:00+0200,87.34,EUR/MWh,DK2,DK_2,imbalance_price,Short,2026-08-11T19:14:45Z
2026-08-11T19:03:52Z,2026-08-11T21:03:52+0200,d65ae107-0026-470c-8885-f57b4d7803f4,2026-07-16T14:45:00Z,2026-07-16T16:45:00+0200,202.19,EUR/MWh,DK2,DK_2,imbalance_price,Long,2026-08-11T19:14:45Z
2026-08-11T19:03:52Z,2026-08-11T21:03:52+0200,d65ae107-0026-470c-8885-f57b4d7803f4,2026-07-16T14:45:00Z,2026-07-16T16:45:00+0200,202.19,EUR/MWh,DK2,DK_2,imbalance_price,Short,2026-08-11T19:14:45Z
2026-08-11T19:03:52Z,2026-08-11T21:03:52+0200,d65ae107-0026-470c-8885-f57b4d7803f4,2026-07-16T15:00:00Z,2026-07-16T17:00:00+0200,39.97,EUR/MWh,DK2,DK_2,imbalance_price,Long,2026-08-11T19:14:45Z
2026-08-11T19:03:52Z,2026-08-11T21:03:52+0200,d65ae107-0026-470c-8885-f57b4d7803f4,2026-07-16T15:00:00Z,2026-07-16T17:00:00+0200,39.97,EUR/MWh,DK2,DK_2,imbalance_price,Short,2026-08-11T19:14:45Z
2026-08-11T19:03:52Z,2026-08-11T21:03:52+0200,d65ae107-0026-470c-8885-f57b4d7803f4,2026-07-16T15:15:00Z,2026-07-16T17:15:00+0200,74.89,EUR/MWh,DK2,DK_2,imbalance_price,Long,2026-08-11T19:14:45Z
2026-08-11T19:03:52Z,2026-08-11T21:03:52+0200,d65ae107-0026-470c-8885-f57b4d7803f4,2026-07-16T15:15:00Z,2026-07-16T17:15:00+0200,74.89,EUR/MWh,DK2,DK_2,imbalance_price,Short,2026-08-11T19:14:45Z
2026-08-11T19:03:52Z,2026-08-11T21:03:52+0200,d65ae107-0026-470c-8885-f57b4d7803f4,2026-07-16T15:30:00Z,2026-07-16T17:30:00+0200,37.34,EUR/MWh,DK2,DK_2,imbalance_price,Long,2026-08-11T19:14:45Z
2026-08-11T19:03:52Z,2026-08-11T21:03:52+0200,d65ae107-0026-470c-8885-f57b4d7803f4,2026-07-16T15:30:00Z,2026-07-16T17:30:00+0200,37.34,EUR/MWh,DK2,DK_2,imbalance_price,Short,2026-08-11T19:14:45Z
2026-08-11T19:03:52Z,2026-08-11T21:03:52+0200,d65ae107-0026-470c-8885-f57b4d7803f4,2026-07-16T15:45:00Z,2026-07-16T17:45:00+0200,63.16,EUR/MWh,DK2,DK_2,imbalance_price,Long,2026-08-11T19:14:45Z
2026-08-11T19:03:52Z,2026-08-11T21:03:52+0200,d65ae107-0026-470c-8885-f57b4d7803f4,2026-07-16T15:45:00Z,2026-07-16T17:45:00+0200,63.16,EUR/MWh,DK2,DK_2,imbalance_price,Short,2026-08-11T19:14:45Z
2026-08-11T19:03:52Z,2026-08-11T21:03:52+0200,d65ae107-0026-470c-8885-f57b4d7803f4,2026-07-16T16:00:00Z,2026-07-16T18:00:00+0200,-58.86,EUR/MWh,DK2,DK_2,imbalance_price,Long,2026-08-11T19:14:45Z
2026-08-11T19:03:52Z,2026-08-11T21:03:52+0200,d65ae107-0026-470c-8885-f57b4d7803f4,2026-07-16T16:00:00Z,2026-07-16T18:00:00+0200,-58.86,EUR/MWh,DK2,DK_2,imbalance_price,Short,2026-08-11T19:14:45Z
2026-08-11T19:03:52Z,2026-08-11T21:03:52+0200,d65ae107-0026-470c-8885-f57b4d7803f4,2026-07-16T16:15:00Z,2026-07-16T18:15:00+0200,-10.0,EUR/MWh,DK2,DK_2,imbalance_price,Long,2026-08-11T19:14:45Z
2026-08-11T19:03:52Z,2026-08-11T21:03:52+0200,d65ae107-0026-470c-8885-f57b4d7803f4,2026-07-16T16:15:00Z,2026-07-16T18:15:00+0200,-10.0,EUR/MWh,DK2,DK_2,imbalance_price,Short,2026-08-11T19:14:45Z
2026-08-11T19:03:52Z,2026-08-11T21:03:52+0200,d65ae107-0026-470c-8885-f57b4d7803f4,2026-07-16T16:30:00Z,2026-07-16T18:30:00+0200,-10.0,EUR/MWh,DK2,DK_2,imbalance_price,Long,2026-08-11T19:14:45Z
2026-08-11T19:03:52Z,2026-08-11T21:03:52+0200,d65ae107-0026-470c-8885-f57b4d7803f4,2026-07-16T16:30:00Z,2026-07-16T18:30:00+0200,-10.0,EUR/MWh,DK2,DK_2,imbalance_price,Short,2026-08-11T19:14:45Z
2026-08-11T19:03:52Z,2026-08-11T21:03:52+0200,d65ae107-0026-470c-8885-f57b4d7803f4,2026-07-16T16:45:00Z,2026-07-16T18:45:00+0200,-10.0,EUR/MWh,DK2,DK_2,imbalance_price,Long,2026-08-11T19:14:45Z
2026-08-11T19:03:52Z,2026-08-11T21:03:52+0200,d65ae107-0026-470c-8885-f57b4d7803f4,2026-07-16T16:45:00Z,2026-07-16T18:45:00+0200,-10.0,EUR/MWh,DK2,DK_2,imbalance_price,Short,2026-08-11T19:14:45Z
2026-08-11T19:03:52Z,2026-08-11T21:03:52+0200,d65ae107-0026-470c-8885-f57b4d7803f4,2026-07-16T17:00:00Z,2026-07-16T19:00:00+0200,185.51,EUR/MWh,DK2,DK_2,imbalance_price,Long,2026-08-11T19:14:45Z
2026-08-11T19:03:52Z,2026-08-11T21:03:52+0200,d65ae107-0026-470c-8885-f57b4d7803f4,2026-07-16T17:00:00Z,2026-07-16T19:00:00+0200,185.51,EUR/MWh,DK2,DK_2,imbalance_price,Short,2026-08-11T19:14:45Z
2026-08-11T19:03:52Z,2026-08-11T21:03:52+0200,d65ae107-0026-470c-8885-f57b4d7803f4,2026-07-16T17:15:00Z,2026-07-16T19:15:00+0200,149.15,EUR/MWh,DK2,DK_2,imbalance_price,Long,2026-08-11T19:14:45Z
2026-08-11T19:03:52Z,2026-08-11T21:03:52+0200,d65ae107-0026-470c-8885-f57b4d7803f4,2026-07-16T17:15:00Z,2026-07-16T19:15:00+0200,149.15,EUR/MWh,DK2,DK_2,imbalance_price,Short,2026-08-11T19:14:45Z
2026-08-11T19:03:52Z,2026-08-11T21:03:52+0200,d65ae107-0026-470c-8885-f57b4d7803f4,2026-07-16T17:30:00Z,2026-07-16T19:30:00+0200,267.56,EUR/MWh,DK2,DK_2,imbalance_price,Long,2026-08-11T19:14:45Z
2026-08-11T19:03:52Z,2026-08-11T21:03:52+0200,d65ae107-0026-470c-8885-f57b4d7803f4,2026-07-16T17:30:00Z,2026-07-16T19:30:00+0200,267.56,EUR/MWh,DK2,DK_2,imbalance_price,Short,2026-08-11T19:14:45Z
2026-08-11T19:03:52Z,2026-08-11T21:03:52+0200,d65ae107-0026-470c-8885-f57b4d7803f4,2026-07-16T17:45:00Z,2026-07-16T19:45:00+0200,467.97,EUR/MWh,DK2,DK_2,imbalance_price,Long,2026-08-11T19:14:45Z
2026-08-11T19:03:52Z,2026-08-11T21:03:52+0200,d65ae107-0026-470c-8885-f57b4d7803f4,2026-07-16T17:45:00Z,2026-07-16T19:45:00+0200,467.97,EUR/MWh,DK2,DK_2,imbalance_price,Short,2026-08-11T19:14:45Z
2026-08-11T19:03:52Z,2026-08-11T21:03:52+0200,d65ae107-0026-470c-8885-f57b4d7803f4,2026-07-16T18:00:00Z,2026-07-16T20:00:00+0200,283.09,EUR/MWh,DK2,DK_2,imbalance_price,Long,2026-08-11T19:14:45Z
2026-08-11T19:03:52Z,2026-08-11T21:03:52+0200,d65ae107-0026-470c-8885-f57b4d7803f4,2026-07-16T18:00:00Z,2026-07-16T20:00:00+0200,283.09,EUR/MWh,DK2,DK_2,imbalance_price,Short,2026-08-11T19:14:45Z
2026-08-11T19:03:52Z,2026-08-11T21:03:52+0200,d65ae107-0026-470c-8885-f57b4d7803f4,2026-07-16T18:15:00Z,2026-07-16T20:15:00+0200,302.44,EUR/MWh,DK2,DK_2,imbalance_price,Long,2026-08-11T19:14:45Z
2026-08-11T19:03:52Z,2026-08-11T21:03:52+0200,d65ae107-0026-470c-8885-f57b4d7803f4,2026-07-16T18:15:00Z,2026-07-16T20:15:00+0200,302.44,EUR/MWh,DK2,DK_2,imbalance_price,Short,2026-08-11T19:14:45Z
2026-08-11T19:03:52Z,2026-08-11T21:03:52+0200,d65ae107-0026-470c-8885-f57b4d7803f4,2026-07-16T18:30:00Z,2026-07-16T20:30:00+0200,325.43,EUR/MWh,DK2,DK_2,imbalance_price,Long,2026-08-11T19:14:45Z
2026-08-11T19:03:52Z,2026-08-11T21:03:52+0200,d65ae107-0026-470c-8885-f57b4d7803f4,2026-07-16T18:30:00Z,2026-07-16T20:30:00+0200,325.43,EUR/MWh,DK2,DK_2,imbalance_price,Short,2026-08-11T19:14:45Z
2026-08-11T19:03:52Z,2026-08-11T21:03:52+0200,d65ae107-0026-470c-8885-f57b4d7803f4,2026-07-16T18:45:00Z,2026-07-16T20:45:00+0200,325.15,EUR/MWh,DK2,DK_2,imbalance_price,Long,2026-08-11T19:14:45Z
2026-08-11T19:03:52Z,2026-08-11T21:03:52+0200,d65ae107-0026-470c-8885-f57b4d7803f4,2026-07-16T18:45:00Z,2026-07-16T20:45:00+0200,325.15,EUR/MWh,DK2,DK_2,imbalance_price,Short,2026-08-11T19:14:45Z
2026-08-11T19:03:52Z,2026-08-11T21:03:52+0200,d65ae107-0026-470c-8885-f57b4d7803f4,2026-07-16T19:00:00Z,2026-07-16T21:00:00+0200,-112.92,EUR/MWh,DK2,DK_2,imbalance_price,Long,2026-08-11T19:14:45Z
2026-08-11T19:03:52Z,2026-08-11T21:03:52+0200,d65ae107-0026-470c-8885-f57b4d7803f4,2026-07-16T19:00:00Z,2026-07-16T21:00:00+0200,-112.92,EUR/MWh,DK2,DK_2,imbalance_price,Short,2026-08-11T19:14:45Z
2026-08-11T19:03:52Z,2026-08-11T21:03:52+0200,d65ae107-0026-470c-8885-f57b4d7803f4,2026-07-16T19:15:00Z,2026-07-16T21:15:00+0200,-1.9,EUR/MWh,DK2,DK_2,imbalance_price,Long,2026-08-11T19:14:45Z
2026-08-11T19:03:52Z,2026-08-11T21:03:52+0200,d65ae107-0026-470c-8885-f57b4d7803f4,2026-07-16T19:15:00Z,2026-07-16T21:15:00+0200,-1.9,EUR/MWh,DK2,DK_2,imbalance_price,Short,2026-08-11T19:14:45Z
2026-08-11T19:03:52Z,2026-08-11T21:03:52+0200,d65ae107-0026-470c-8885-f57b4d7803f4,2026-07-16T19:30:00Z,2026-07-16T21:30:00+0200,114.0,EUR/MWh,DK2,DK_2,imbalance_price,Long,2026-08-11T19:14:45Z
2026-08-11T19:03:52Z,2026-08-11T21:03:52+0200,d65ae107-0026-470c-8885-f57b4d7803f4,2026-07-16T19:30:00Z,2026-07-16T21:30:00+0200,114.0,EUR/MWh,DK2,DK_2,imbalance_price,Short,2026-08-11T19:14:45Z
2026-08-11T19:03:52Z,2026-08-11T21:03:52+0200,d65ae107-0026-470c-8885-f57b4d7803f4,2026-07-16T19:45:00Z,2026-07-16T21:45:00+0200,203.82,EUR/MWh,DK2,DK_2,imbalance_price,Long,2026-08-11T19:14:45Z
2026-08-11T19:03:52Z,2026-08-11T21:03:52+0200,d65ae107-0026-470c-8885-f57b4d7803f4,2026-07-16T19:45:00Z,2026-07-16T21:45:00+0200,203.82,EUR/MWh,DK2,DK_2,imbalance_price,Short,2026-08-11T19:14:45Z
2026-08-11T19:03:52Z,2026-08-11T21:03:52+0200,d65ae107-0026-470c-8885-f57b4d7803f4,2026-07-16T20:00:00Z,2026-07-16T22:00:00+0200,228.78,EUR/MWh,DK2,DK_2,imbalance_price,Long,2026-08-11T19:14:45Z
2026-08-11T19:03:52Z,2026-08-11T21:03:52+0200,d65ae107-0026-470c-8885-f57b4d7803f4,2026-07-16T20:00:00Z,2026-07-16T22:00:00+0200,228.78,EUR/MWh,DK2,DK_2,imbalance_price,Short,2026-08-11T19:14:45Z
2026-08-11T19:03:52Z,2026-08-11T21:03:52+0200,d65ae107-0026-470c-8885-f57b4d7803f4,2026-07-16T20:15:00Z,2026-07-16T22:15:00+0200,203.76,EUR/MWh,DK2,DK_2,imbalance_price,Long,2026-08-11T19:14:45Z
2026-08-11T19:03:52Z,2026-08-11T21:03:52+0200,d65ae107-0026-470c-8885-f57b4d7803f4,2026-07-16T20:15:00Z,2026-07-16T22:15:00+0200,203.76,EUR/MWh,DK2,DK_2,imbalance_price,Short,2026-08-11T19:14:45Z
2026-08-11T19:03:52Z,2026-08-11T21:03:52+0200,d65ae107-0026-470c-8885-f57b4d7803f4,2026-07-16T20:30:00Z,2026-07-16T22:30:00+0200,205.04,EUR/MWh,DK2,DK_2,imbalance_price,Long,2026-08-11T19:14:45Z
2026-08-11T19:03:52Z,2026-08-11T21:03:52+0200,d65ae107-0026-470c-8885-f57b4d7803f4,2026-07-16T20:30:00Z,2026-07-16T22:30:00+0200,205.04,EUR/MWh,DK2,DK_2,imbalance_price,Short,2026-08-11T19:14:45Z
2026-08-11T19:03:52Z,2026-08-11T21:03:52+0200,d65ae107-0026-470c-8885-f57b4d7803f4,2026-07-16T20:45:00Z,2026-07-16T22:45:00+0200,208.38,EUR/MWh,DK2,DK_2,imbalance_price,Long,2026-08-11T19:14:45Z
2026-08-11T19:03:52Z,2026-08-11T21:03:52+0200,d65ae107-0026-470c-8885-f57b4d7803f4,2026-07-16T20:45:00Z,2026-07-16T22:45:00+0200,208.38,EUR/MWh,DK2,DK_2,imbalance_price,Short,2026-08-11T19:14:45Z
2026-08-11T19:03:52Z,2026-08-11T21:03:52+0200,d65ae107-0026-470c-8885-f57b4d7803f4,2026-07-16T21:00:00Z,2026-07-16T23:00:00+0200,401.35,EUR/MWh,DK2,DK_2,imbalance_price,Long,2026-08-11T19:14:45Z
2026-08-11T19:03:52Z,2026-08-11T21:03:52+0200,d65ae107-0026-470c-8885-f57b4d7803f4,2026-07-16T21:00:00Z,2026-07-16T23:00:00+0200,401.35,EUR/MWh,DK2,DK_2,imbalance_price,Short,2026-08-11T19:14:45Z
2026-08-11T19:03:52Z,2026-08-11T21:03:52+0200,d65ae107-0026-470c-8885-f57b4d7803f4,2026-07-16T21:15:00Z,2026-07-16T23:15:00+0200,92.42,EUR/MWh,DK2,DK_2,imbalance_price,Long,2026-08-11T19:14:45Z
2026-08-11T19:03:52Z,2026-08-11T21:03:52+0200,d65ae107-0026-470c-8885-f57b4d7803f4,2026-07-16T21:15:00Z,2026-07-16T23:15:00+0200,92.42,EUR/MWh,DK2,DK_2,imbalance_price,Short,2026-08-11T19:14:45Z
2026-08-11T19:03:52Z,2026-08-11T21:03:52+0200,d65ae107-0026-470c-8885-f57b4d7803f4,2026-07-16T21:30:00Z,2026-07-16T23:30:00+0200,175.11,EUR/MWh,DK2,DK_2,imbalance_price,Long,2026-08-11T19:14:45Z
2026-08-11T19:03:52Z,2026-08-11T21:03:52+0200,d65ae107-0026-470c-8885-f57b4d7803f4,2026-07-16T21:30:00Z,2026-07-16T23:30:00+0200,175.11,EUR/MWh,DK2,DK_2,imbalance_price,Short,2026-08-11T19:14:45Z
2026-08-11T19:03:52Z,2026-08-11T21:03:52+0200,d65ae107-0026-470c-8885-f57b4d7803f4,2026-07-16T21:45:00Z,2026-07-16T23:45:00+0200,106.85,EUR/MWh,DK2,DK_2,imbalance_price,Long,2026-08-11T19:14:45Z
2026-08-11T19:03:52Z,2026-08-11T21:03:52+0200,d65ae107-0026-470c-8885-f57b4d7803f4,2026-07-16T21:45:00Z,2026-07-16T23:45:00+0200,106.85,EUR/MWh,DK2,DK_2,imbalance_price,Short,2026-08-11T19:14:45Z
2026-08-11T19:03:52Z,2026-08-11T21:03:52+0200,d65ae107-0026-470c-8885-f57b4d7803f4,2026-07-16T22:00:00Z,2026-07-17T00:00:00+0200,175.01,EUR/MWh,DK2,DK_2,imbalance_price,Long,2026-08-11T19:14:45Z
2026-08-11T19:03:52Z,2026-08-11T21:03:52+0200,d65ae107-0026-470c-8885-f57b4d7803f4,2026-07-16T22:00:00Z,2026-07-17T00:00:00+0200,175.01,EUR/MWh,DK2,DK_2,imbalance_price,Short,2026-08-11T19:14:45Z
2026-08-11T19:03:52Z,2026-08-11T21:03:52+0200,d65ae107-0026-470c-8885-f57b4d7803f4,2026-07-16T22:15:00Z,2026-07-17T00:15:00+0200,171.32,EUR/MWh,DK2,DK_2,imbalance_price,Long,2026-08-11T19:14:45Z
2026-08-11T19:03:52Z,2026-08-11T21:03:52+0200,d65ae107-0026-470c-8885-f57b4d7803f4,2026-07-16T22:15:00Z,2026-07-17T00:15:00+0200,171.32,EUR/MWh,DK2,DK_2,imbalance_price,Short,2026-08-11T19:14:45Z
2026-08-11T19:03:52Z,2026-08-11T21:03:52+0200,d65ae107-0026-470c-8885-f57b4d7803f4,2026-07-16T22:30:00Z,2026-07-17T00:30:00+0200,361.26,EUR/MWh,DK2,DK_2,imbalance_price,Long,2026-08-11T19:14:45Z
2026-08-11T19:03:52Z,2026-08-11T21:03:52+0200,d65ae107-0026-470c-8885-f57b4d7803f4,2026-07-16T22:30:00Z,2026-07-17T00:30:00+0200,361.26,EUR/MWh,DK2,DK_2,imbalance_price,Short,2026-08-11T19:14:45Z
2026-08-11T19:03:52Z,2026-08-11T21:03:52+0200,d65ae107-0026-470c-8885-f57b4d7803f4,2026-07-16T22:45:00Z,2026-07-17T00:45:00+0200,468.3,EUR/MWh,DK2,DK_2,imbalance_price,Long,2026-08-11T19:14:45Z
2026-08-11T19:03:52Z,2026-08-11T21:03:52+0200,d65ae107-0026-470c-8885-f57b4d7803f4,2026-07-16T22:45:00Z,2026-07-17T00:45:00+0200,468.3,EUR/MWh,DK2,DK_2,imbalance_price,Short,2026-08-11T19:14:45Z
2026-08-11T19:03:52Z,2026-08-11T21:03:52+0200,d65ae107-0026-470c-8885-f57b4d7803f4,2026-07-16T23:00:00Z,2026-07-17T01:00:00+0200,267.6,EUR/MWh,DK2,DK_2,imbalance_price,Long,2026-08-11T19:14:45Z
2026-08-11T19:03:52Z,2026-08-11T21:03:52+0200,d65ae107-0026-470c-8885-f57b4d7803f4,2026-07-16T23:00:00Z,2026-07-17T01:00:00+0200,267.6,EUR/MWh,DK2,DK_2,imbalance_price,Short,2026-08-11T19:14:45Z
2026-08-11T19:03:52Z,2026-08-11T21:03:52+0200,d65ae107-0026-470c-8885-f57b4d7803f4,2026-07-16T23:15:00Z,2026-07-17T01:15:00+0200,200.66,EUR/MWh,DK2,DK_2,imbalance_price,Long,2026-08-11T19:14:45Z
2026-08-11T19:03:52Z,2026-08-11T21:03:52+0200,d65ae107-0026-470c-8885-f57b4d7803f4,2026-07-16T23:15:00Z,2026-07-17T01:15:00+0200,200.66,EUR/MWh,DK2,DK_2,imbalance_price,Short,2026-08-11T19:14:45Z
2026-08-11T19:03:52Z,2026-08-11T21:03:52+0200,d65ae107-0026-470c-8885-f57b4d7803f4,2026-07-16T23:30:00Z,2026-07-17T01:30:00+0200,120.09,EUR/MWh,DK2,DK_2,imbalance_price,Long,2026-08-11T19:14:45Z
2026-08-11T19:03:52Z,2026-08-11T21:03:52+0200,d65ae107-0026-470c-8885-f57b4d7803f4,2026-07-16T23:30:00Z,2026-07-17T01:30:00+0200,120.09,EUR/MWh,DK2,DK_2,imbalance_price,Short,2026-08-11T19:14:45Z
2026-08-11T19:03:52Z,2026-08-11T21:03:52+0200,d65ae107-0026-470c-8885-f57b4d7803f4,2026-07-16T23:45:00Z,2026-07-17T01:45:00+0200,125.13,EUR/MWh,DK2,DK_2,imbalance_price,Long,2026-08-11T19:14:45Z
2026-08-11T19:03:52Z,2026-08-11T21:03:52+0200,d65ae107-0026-470c-8885-f57b4d7803f4,2026-07-16T23:45:00Z,2026-07-17T01:45:00+0200,125.13,EUR/MWh,DK2,DK_2,imbalance_price,Short,2026-08-11T19:14:45Z
2026-08-11T19:03:52Z,2026-08-11T21:03:52+0200,d65ae107-0026-470c-8885-f57b4d7803f4,2026-07-17T00:00:00Z,2026-07-17T02:00:00+0200,122.02,EUR/MWh,DK2,DK_2,imbalance_price,Long,2026-08-11T19:14:45Z
2026-08-11T19:03:52Z,2026-08-11T21:03:52+0200,d65ae107-0026-470c-8885-f57b4d7803f4,2026-07-17T00:00:00Z,2026-07-17T02:00:00+0200,122.02,EUR/MWh,DK2,DK_2,imbalance_price,Short,2026-08-11T19:14:45Z
2026-08-11T19:03:52Z,2026-08-11T21:03:52+0200,d65ae107-0026-470c-8885-f57b4d7803f4,2026-07-17T00:15:00Z,2026-07-17T02:15:00+0200,119.79,EUR/MWh,DK2,DK_2,imbalance_price,Long,2026-08-11T19:14:45Z
2026-08-11T19:03:52Z,2026-08-11T21:03:52+0200,d65ae107-0026-470c-8885-f57b4d7803f4,2026-07-17T00:15:00Z,2026-07-17T02:15:00+0200,119.79,EUR/MWh,DK2,DK_2,imbalance_price,Short,2026-08-11T19:14:45Z
2026-08-11T19:03:52Z,2026-08-11T21:03:52+0200,d65ae107-0026-470c-8885-f57b4d7803f4,2026-07-17T00:30:00Z,2026-07-17T02:30:00+0200,120.03,EUR/MWh,DK2,DK_2,imbalance_price,Long,2026-08-11T19:14:45Z
2026-08-11T19:03:52Z,2026-08-11T21:03:52+0200,d65ae107-0026-470c-8885-f57b4d7803f4,2026-07-17T00:30:00Z,2026-07-17T02:30:00+0200,120.03,EUR/MWh,DK2,DK_2,imbalance_price,Short,2026-08-11T19:14:45Z
2026-08-11T19:03:52Z,2026-08-11T21:03:52+0200,d65ae107-0026-470c-8885-f57b4d7803f4,2026-07-17T00:45:00Z,2026-07-17T02:45:00+0200,120.0,EUR/MWh,DK2,DK_2,imbalance_price,Long,2026-08-11T19:14:45Z
2026-08-11T19:03:52Z,2026-08-11T21:03:52+0200,d65ae107-0026-470c-8885-f57b4d7803f4,2026-07-17T00:45:00Z,2026-07-17T02:45:00+0200,120.0,EUR/MWh,DK2,DK_2,imbalance_price,Short,2026-08-11T19:14:45Z
2026-08-11T19:03:52Z,2026-08-11T21:03:52+0200,d65ae107-0026-470c-8885-f57b4d7803f4,2026-07-17T01:00:00Z,2026-07-17T03:00:00+0200,148.01,EUR/MWh,DK2,DK_2,imbalance_price,Long,2026-08-11T19:14:45Z
2026-08-11T19:03:52Z,2026-08-11T21:03:52+0200,d65ae107-0026-470c-8885-f57b4d7803f4,2026-07-17T01:00:00Z,2026-07-17T03:00:00+0200,148.01,EUR/MWh,DK2,DK_2,imbalance_price,Short,2026-08-11T19:14:45Z
2026-08-11T19:03:52Z,2026-08-11T21:03:52+0200,d65ae107-0026-470c-8885-f57b4d7803f4,2026-07-17T01:15:00Z,2026-07-17T03:15:00+0200,110.1,EUR/MWh,DK2,DK_2,imbalance_price,Long,2026-08-11T19:14:45Z
2026-08-11T19:03:52Z,2026-08-11T21:03:52+0200,d65ae107-0026-470c-8885-f57b4d7803f4,2026-07-17T01:15:00Z,2026-07-17T03:15:00+0200,110.1,EUR/MWh,DK2,DK_2,imbalance_price,Short,2026-08-11T19:14:45Z
2026-08-11T19:03:52Z,2026-08-11T21:03:52+0200,d65ae107-0026-470c-8885-f57b4d7803f4,2026-07-17T01:30:00Z,2026-07-17T03:30:00+0200,142.01,EUR/MWh,DK2,DK_2,imbalance_price,Long,2026-08-11T19:14:45Z
2026-08-11T19:03:52Z,2026-08-11T21:03:52+0200,d65ae107-0026-470c-8885-f57b4d7803f4,2026-07-17T01:30:00Z,2026-07-17T03:30:00+0200,142.01,EUR/MWh,DK2,DK_2,imbalance_price,Short,2026-08-11T19:14:45Z
2026-08-11T19:03:52Z,2026-08-11T21:03:52+0200,d65ae107-0026-470c-8885-f57b4d7803f4,2026-07-17T01:45:00Z,2026-07-17T03:45:00+0200,141.66,EUR/MWh,DK2,DK_2,imbalance_price,Long,2026-08-11T19:14:45Z
2026-08-11T19:03:52Z,2026-08-11T21:03:52+0200,d65ae107-0026-470c-8885-f57b4d7803f4,2026-07-17T01:45:00Z,2026-07-17T03:45:00+0200,141.66,EUR/MWh,DK2,DK_2,imbalance_price,Short,2026-08-11T19:14:45Z
2026-08-11T19:03:52Z,2026-08-11T21:03:52+0200,d65ae107-0026-470c-8885-f57b4d7803f4,2026-07-17T02:00:00Z,2026-07-17T04:00:00+0200,140.15,EUR/MWh,DK2,DK_2,imbalance_price,Long,2026-08-11T19:14:45Z
2026-08-11T19:03:52Z,2026-08-11T21:03:52+0200,d65ae107-0026-470c-8885-f57b4d7803f4,2026-07-17T02:00:00Z,2026-07-17T04:00:00+0200,140.15,EUR/MWh,DK2,DK_2,imbalance_price,Short,2026-08-11T19:14:45Z
2026-08-11T19:03:52Z,2026-08-11T21:03:52+0200,d65ae107-0026-470c-8885-f57b4d7803f4,2026-07-17T02:15:00Z,2026-07-17T04:15:00+0200,120.57,EUR/MWh,DK2,DK_2,imbalance_price,Long,2026-08-11T19:14:45Z
2026-08-11T19:03:52Z,2026-08-11T21:03:52+0200,d65ae107-0026-470c-8885-f57b4d7803f4,2026-07-17T02:15:00Z,2026-07-17T04:15:00+0200,120.57,EUR/MWh,DK2,DK_2,imbalance_price,Short,2026-08-11T19:14:45Z
2026-08-11T19:03:52Z,2026-08-11T21:03:52+0200,d65ae107-0026-470c-8885-f57b4d7803f4,2026-07-17T02:30:00Z,2026-07-17T04:30:00+0200,142.36,EUR/MWh,DK2,DK_2,imbalance_price,Long,2026-08-11T19:14:45Z
2026-08-11T19:03:52Z,2026-08-11T21:03:52+0200,d65ae107-0026-470c-8885-f57b4d7803f4,2026-07-17T02:30:00Z,2026-07-17T04:30:00+0200,142.36,EUR/MWh,DK2,DK_2,imbalance_price,Short,2026-08-11T19:14:45Z
2026-08-11T19:03:52Z,2026-08-11T21:03:52+0200,d65ae107-0026-470c-8885-f57b4d7803f4,2026-07-17T02:45:00Z,2026-07-17T04:45:00+0200,146.01,EUR/MWh,DK2,DK_2,imbalance_price,Long,2026-08-11T19:14:45Z
2026-08-11T19:03:52Z,2026-08-11T21:03:52+0200,d65ae107-0026-470c-8885-f57b4d7803f4,2026-07-17T02:45:00Z,2026-07-17T04:45:00+0200,146.01,EUR/MWh,DK2,DK_2,imbalance_price,Short,2026-08-11T19:14:45Z
2026-08-11T19:03:52Z,2026-08-11T21:03:52+0200,d65ae107-0026-470c-8885-f57b4d7803f4,2026-07-17T03:00:00Z,2026-07-17T05:00:00+0200,150.47,EUR/MWh,DK2,DK_2,imbalance_price,Long,2026-08-11T19:14:45Z
2026-08-11T19:03:52Z,2026-08-11T21:03:52+0200,d65ae107-0026-470c-8885-f57b4d7803f4,2026-07-17T03:00:00Z,2026-07-17T05:00:00+0200,150.47,EUR/MWh,DK2,DK_2,imbalance_price,Short,2026-08-11T19:14:45Z
2026-08-11T19:03:52Z,2026-08-11T21:03:52+0200,d65ae107-0026-470c-8885-f57b4d7803f4,2026-07-17T03:15:00Z,2026-07-17T05:15:00+0200,150.54,EUR/MWh,DK2,DK_2,imbalance_price,Long,2026-08-11T19:14:45Z
2026-08-11T19:03:52Z,2026-08-11T21:03:52+0200,d65ae107-0026-470c-8885-f57b4d7803f4,2026-07-17T03:15:00Z,2026-07-17T05:15:00+0200,150.54,EUR/MWh,DK2,DK_2,imbalance_price,Short,2026-08-11T19:14:45Z
2026-08-11T19:03:52Z,2026-08-11T21:03:52+0200,d65ae107-0026-470c-8885-f57b4d7803f4,2026-07-17T03:30:00Z,2026-07-17T05:30:00+0200,115.63,EUR/MWh,DK2,DK_2,imbalance_price,Long,2026-08-11T19:14:45Z
2026-08-11T19:03:52Z,2026-08-11T21:03:52+0200,d65ae107-0026-470c-8885-f57b4d7803f4,2026-07-17T03:30:00Z,2026-07-17T05:30:00+0200,115.63,EUR/MWh,DK2,DK_2,imbalance_price,Short,2026-08-11T19:14:45Z
2026-08-11T19:03:52Z,2026-08-11T21:03:52+0200,d65ae107-0026-470c-8885-f57b4d7803f4,2026-07-17T03:45:00Z,2026-07-17T05:45:00+0200,98.31,EUR/MWh,DK2,DK_2,imbalance_price,Long,2026-08-11T19:14:45Z
2026-08-11T19:03:52Z,2026-08-11T21:03:52+0200,d65ae107-0026-470c-8885-f57b4d7803f4,2026-07-17T03:45:00Z,2026-07-17T05:45:00+0200,98.31,EUR/MWh,DK2,DK_2,imbalance_price,Short,2026-08-11T19:14:45Z
2026-08-11T19:03:52Z,2026-08-11T21:03:52+0200,d65ae107-0026-470c-8885-f57b4d7803f4,2026-07-17T04:00:00Z,2026-07-17T06:00:00+0200,96.38,EUR/MWh,DK2,DK_2,imbalance_price,Long,2026-08-11T19:14:45Z
2026-08-11T19:03:52Z,2026-08-11T21:03:52+0200,d65ae107-0026-470c-8885-f57b4d7803f4,2026-07-17T04:00:00Z,2026-07-17T06:00:00+0200,96.38,EUR/MWh,DK2,DK_2,imbalance_price,Short,2026-08-11T19:14:45Z
2026-08-11T19:03:52Z,2026-08-11T21:03:52+0200,d65ae107-0026-470c-8885-f57b4d7803f4,2026-07-17T04:15:00Z,2026-07-17T06:15:00+0200,98.93,EUR/MWh,DK2,DK_2,imbalance_price,Long,2026-08-11T19:14:45Z
2026-08-11T19:03:52Z,2026-08-11T21:03:52+0200,d65ae107-0026-470c-8885-f57b4d7803f4,2026-07-17T04:15:00Z,2026-07-17T06:15:00+0200,98.93,EUR/MWh,DK2,DK_2,imbalance_price,Short,2026-08-11T19:14:45Z
2026-08-11T19:03:52Z,2026-08-11T21:03:52+0200,d65ae107-0026-470c-8885-f57b4d7803f4,2026-07-17T04:30:00Z,2026-07-17T06:30:00+0200,94.64,EUR/MWh,DK2,DK_2,imbalance_price,Long,2026-08-11T19:14:45Z
2026-08-11T19:03:52Z,2026-08-11T21:03:52+0200,d65ae107-0026-470c-8885-f57b4d7803f4,2026-07-17T04:30:00Z,2026-07-17T06:30:00+0200,94.64,EUR/MWh,DK2,DK_2,imbalance_price,Short,2026-08-11T19:14:45Z
2026-08-11T19:03:52Z,2026-08-11T21:03:52+0200,d65ae107-0026-470c-8885-f57b4d7803f4,2026-07-17T04:45:00Z,2026-07-17T06:45:00+0200,95.78,EUR/MWh,DK2,DK_2,imbalance_price,Long,2026-08-11T19:14:45Z
2026-08-11T19:03:52Z,2026-08-11T21:03:52+0200,d65ae107-0026-470c-8885-f57b4d7803f4,2026-07-17T04:45:00Z,2026-07-17T06:45:00+0200,95.78,EUR/MWh,DK2,DK_2,imbalance_price,Short,2026-08-11T19:14:45Z
2026-08-11T19:03:52Z,2026-08-11T21:03:52+0200,d65ae107-0026-470c-8885-f57b4d7803f4,2026-07-17T05:00:00Z,2026-07-17T07:00:00+0200,95.91,EUR/MWh,DK2,DK_2,imbalance_price,Long,2026-08-11T19:14:45Z
2026-08-11T19:03:52Z,2026-08-11T21:03:52+0200,d65ae107-0026-470c-8885-f57b4d7803f4,2026-07-17T05:00:00Z,2026-07-17T07:00:00+0200,95.91,EUR/MWh,DK2,DK_2,imbalance_price,Short,2026-08-11T19:14:45Z
2026-08-11T19:03:52Z,2026-08-11T21:03:52+0200,d65ae107-0026-470c-8885-f57b4d7803f4,2026-07-17T05:15:00Z,2026-07-17T07:15:00+0200,88.9,EUR/MWh,DK2,DK_2,imbalance_price,Long,2026-08-11T19:14:45Z
2026-08-11T19:03:52Z,2026-08-11T21:03:52+0200,d65ae107-0026-470c-8885-f57b4d7803f4,2026-07-17T05:15:00Z,2026-07-17T07:15:00+0200,88.9,EUR/MWh,DK2,DK_2,imbalance_price,Short,2026-08-11T19:14:45Z
2026-08-11T19:03:52Z,2026-08-11T21:03:52+0200,d65ae107-0026-470c-8885-f57b4d7803f4,2026-07-17T05:30:00Z,2026-07-17T07:30:00+0200,80.7,EUR/MWh,DK2,DK_2,imbalance_price,Long,2026-08-11T19:14:45Z
2026-08-11T19:03:52Z,2026-08-11T21:03:52+0200,d65ae107-0026-470c-8885-f57b4d7803f4,2026-07-17T05:30:00Z,2026-07-17T07:30:00+0200,80.7,EUR/MWh,DK2,DK_2,imbalance_price,Short,2026-08-11T19:14:45Z
2026-08-11T19:03:52Z,2026-08-11T21:03:52+0200,d65ae107-0026-470c-8885-f57b4d7803f4,2026-07-17T05:45:00Z,2026-07-17T07:45:00+0200,80.7,EUR/MWh,DK2,DK_2,imbalance_price,Long,2026-08-11T19:14:45Z
2026-08-11T19:03:52Z,2026-08-11T21:03:52+0200,d65ae107-0026-470c-8885-f57b4d7803f4,2026-07-17T05:45:00Z,2026-07-17T07:45:00+0200,80.7,EUR/MWh,DK2,DK_2,imbalance_price,Short,2026-08-11T19:14:45Z
2026-08-11T19:03:52Z,2026-08-11T21:03:52+0200,d65ae107-0026-470c-8885-f57b4d7803f4,2026-07-17T06:00:00Z,2026-07-17T08:00:00+0200,81.44,EUR/MWh,DK2,DK_2,imbalance_price,Long,2026-08-11T19:14:45Z
2026-08-11T19:03:52Z,2026-08-11T21:03:52+0200,d65ae107-0026-470c-8885-f57b4d7803f4,2026-07-17T06:00:00Z,2026-07-17T08:00:00+0200,81.44,EUR/MWh,DK2,DK_2,imbalance_price,Short,2026-08-11T19:14:45Z
2026-08-11T19:03:52Z,2026-08-11T21:03:52+0200,d65ae107-0026-470c-8885-f57b4d7803f4,2026-07-17T06:15:00Z,2026-07-17T08:15:00+0200,132.5,EUR/MWh,DK2,DK_2,imbalance_price,Long,2026-08-11T19:14:45Z
2026-08-11T19:03:52Z,2026-08-11T21:03:52+0200,d65ae107-0026-470c-8885-f57b4d7803f4,2026-07-17T06:15:00Z,2026-07-17T08:15:00+0200,132.5,EUR/MWh,DK2,DK_2,imbalance_price,Short,2026-08-11T19:14:45Z
2026-08-11T19:03:52Z,2026-08-11T21:03:52+0200,d65ae107-0026-470c-8885-f57b4d7803f4,2026-07-17T06:30:00Z,2026-07-17T08:30:00+0200,132.1,EUR/MWh,DK2,DK_2,imbalance_price,Long,2026-08-11T19:14:45Z
2026-08-11T19:03:52Z,2026-08-11T21:03:52+0200,d65ae107-0026-470c-8885-f57b4d7803f4,2026-07-17T06:30:00Z,2026-07-17T08:30:00+0200,132.1,EUR/MWh,DK2,DK_2,imbalance_price,Short,2026-08-11T19:14:45Z
2026-08-11T19:03:52Z,2026-08-11T21:03:52+0200,d65ae107-0026-470c-8885-f57b4d7803f4,2026-07-17T06:45:00Z,2026-07-17T08:45:00+0200,95.24,EUR/MWh,DK2,DK_2,imbalance_price,Long,2026-08-11T19:14:45Z
2026-08-11T19:03:52Z,2026-08-11T21:03:52+0200,d65ae107-0026-470c-8885-f57b4d7803f4,2026-07-17T06:45:00Z,2026-07-17T08:45:00+0200,95.24,EUR/MWh,DK2,DK_2,imbalance_price,Short,2026-08-11T19:14:45Z
2026-08-11T19:03:52Z,2026-08-11T21:03:52+0200,d65ae107-0026-470c-8885-f57b4d7803f4,2026-07-17T07:00:00Z,2026-07-17T09:00:00+0200,147.31,EUR/MWh,DK2,DK_2,imbalance_price,Long,2026-08-11T19:14:45Z
2026-08-11T19:03:52Z,2026-08-11T21:03:52+0200,d65ae107-0026-470c-8885-f57b4d7803f4,2026-07-17T07:00:00Z,2026-07-17T09:00:00+0200,147.31,EUR/MWh,DK2,DK_2,imbalance_price,Short,2026-08-11T19:14:45Z
2026-08-11T19:03:52Z,2026-08-11T21:03:52+0200,d65ae107-0026-470c-8885-f57b4d7803f4,2026-07-17T07:15:00Z,2026-07-17T09:15:00+0200,113.12,EUR/MWh,DK2,DK_2,imbalance_price,Long,2026-08-11T19:14:45Z
2026-08-11T19:03:52Z,2026-08-11T21:03:52+0200,d65ae107-0026-470c-8885-f57b4d7803f4,2026-07-17T07:15:00Z,2026-07-17T09:15:00+0200,113.12,EUR/MWh,DK2,DK_2,imbalance_price,Short,2026-08-11T19:14:45Z
2026-08-11T19:03:52Z,2026-08-11T21:03:52+0200,d65ae107-0026-470c-8885-f57b4d7803f4,2026-07-17T07:30:00Z,2026-07-17T09:30:00+0200,134.26,EUR/MWh,DK2,DK_2,imbalance_price,Long,2026-08-11T19:14:45Z
2026-08-11T19:03:52Z,2026-08-11T21:03:52+0200,d65ae107-0026-470c-8885-f57b4d7803f4,2026-07-17T07:30:00Z,2026-07-17T09:30:00+0200,134.26,EUR/MWh,DK2,DK_2,imbalance_price,Short,2026-08-11T19:14:45Z
2026-08-11T19:03:52Z,2026-08-11T21:03:52+0200,d65ae107-0026-470c-8885-f57b4d7803f4,2026-07-17T07:45:00Z,2026-07-17T09:45:00+0200,118.82,EUR/MWh,DK2,DK_2,imbalance_price,Long,2026-08-11T19:14:45Z
2026-08-11T19:03:52Z,2026-08-11T21:03:52+0200,d65ae107-0026-470c-8885-f57b4d7803f4,2026-07-17T07:45:00Z,2026-07-17T09:45:00+0200,118.82,EUR/MWh,DK2,DK_2,imbalance_price,Short,2026-08-11T19:14:45Z
2026-08-11T19:03:52Z,2026-08-11T21:03:52+0200,d65ae107-0026-470c-8885-f57b4d7803f4,2026-07-17T08:00:00Z,2026-07-17T10:00:00+0200,182.99,EUR/MWh,DK2,DK_2,imbalance_price,Long,2026-08-11T19:14:45Z
2026-08-11T19:03:52Z,2026-08-11T21:03:52+0200,d65ae107-0026-470c-8885-f57b4d7803f4,2026-07-17T08:00:00Z,2026-07-17T10:00:00+0200,182.99,EUR/MWh,DK2,DK_2,imbalance_price,Short,2026-08-11T19:14:45Z
2026-08-11T19:03:52Z,2026-08-11T21:03:52+0200,d65ae107-0026-470c-8885-f57b4d7803f4,2026-07-17T08:15:00Z,2026-07-17T10:15:00+0200,218.6,EUR/MWh,DK2,DK_2,imbalance_price,Long,2026-08-11T19:14:45Z
2026-08-11T19:03:52Z,2026-08-11T21:03:52+0200,d65ae107-0026-470c-8885-f57b4d7803f4,2026-07-17T08:15:00Z,2026-07-17T10:15:00+0200,218.6,EUR/MWh,DK2,DK_2,imbalance_price,Short,2026-08-11T19:14:45Z
2026-08-11T19:03:52Z,2026-08-11T21:03:52+0200,d65ae107-0026-470c-8885-f57b4d7803f4,2026-07-17T08:30:00Z,2026-07-17T10:30:00+0200,159.04,EUR/MWh,DK2,DK_2,imbalance_price,Long,2026-08-11T19:14:45Z
2026-08-11T19:03:52Z,2026-08-11T21:03:52+0200,d65ae107-0026-470c-8885-f57b4d7803f4,2026-07-17T08:30:00Z,2026-07-17T10:30:00+0200,159.04,EUR/MWh,DK2,DK_2,imbalance_price,Short,2026-08-11T19:14:45Z
2026-08-11T19:03:52Z,2026-08-11T21:03:52+0200,d65ae107-0026-470c-8885-f57b4d7803f4,2026-07-17T08:45:00Z,2026-07-17T10:45:00+0200,144.61,EUR/MWh,DK2,DK_2,imbalance_price,Long,2026-08-11T19:14:45Z
2026-08-11T19:03:52Z,2026-08-11T21:03:52+0200,d65ae107-0026-470c-8885-f57b4d7803f4,2026-07-17T08:45:00Z,2026-07-17T10:45:00+0200,144.61,EUR/MWh,DK2,DK_2,imbalance_price,Short,2026-08-11T19:14:45Z
2026-08-11T19:03:52Z,2026-08-11T21:03:52+0200,d65ae107-0026-470c-8885-f57b4d7803f4,2026-07-17T09:00:00Z,2026-07-17T11:00:00+0200,127.2,EUR/MWh,DK2,DK_2,imbalance_price,Long,2026-08-11T19:14:45Z
2026-08-11T19:03:52Z,2026-08-11T21:03:52+0200,d65ae107-0026-470c-8885-f57b4d7803f4,2026-07-17T09:00:00Z,2026-07-17T11:00:00+0200,127.2,EUR/MWh,DK2,DK_2,imbalance_price,Short,2026-08-11T19:14:45Z
2026-08-11T19:03:52Z,2026-08-11T21:03:52+0200,d65ae107-0026-470c-8885-f57b4d7803f4,2026-07-17T09:15:00Z,2026-07-17T11:15:00+0200,134.21,EUR/MWh,DK2,DK_2,imbalance_price,Long,2026-08-11T19:14:45Z
2026-08-11T19:03:52Z,2026-08-11T21:03:52+0200,d65ae107-0026-470c-8885-f57b4d7803f4,2026-07-17T09:15:00Z,2026-07-17T11:15:00+0200,134.21,EUR/MWh,DK2,DK_2,imbalance_price,Short,2026-08-11T19:14:45Z
2026-08-11T19:03:52Z,2026-08-11T21:03:52+0200,d65ae107-0026-470c-8885-f57b4d7803f4,2026-07-17T09:30:00Z,2026-07-17T11:30:00+0200,86.57,EUR/MWh,DK2,DK_2,imbalance_price,Long,2026-08-11T19:14:45Z
2026-08-11T19:03:52Z,2026-08-11T21:03:52+0200,d65ae107-0026-470c-8885-f57b4d7803f4,2026-07-17T09:30:00Z,2026-07-17T11:30:00+0200,86.57,EUR/MWh,DK2,DK_2,imbalance_price,Short,2026-08-11T19:14:45Z
2026-08-11T19:03:52Z,2026-08-11T21:03:52+0200,d65ae107-0026-470c-8885-f57b4d7803f4,2026-07-17T09:45:00Z,2026-07-17T11:45:00+0200,33.04,EUR/MWh,DK2,DK_2,imbalance_price,Long,2026-08-11T19:14:45Z
2026-08-11T19:03:52Z,2026-08-11T21:03:52+0200,d65ae107-0026-470c-8885-f57b4d7803f4,2026-07-17T09:45:00Z,2026-07-17T11:45:00+0200,33.04,EUR/MWh,DK2,DK_2,imbalance_price,Short,2026-08-11T19:14:45Z
2026-08-11T19:03:52Z,2026-08-11T21:03:52+0200,d65ae107-0026-470c-8885-f57b4d7803f4,2026-07-17T10:00:00Z,2026-07-17T12:00:00+0200,31.03,EUR/MWh,DK2,DK_2,imbalance_price,Long,2026-08-11T19:14:45Z
2026-08-11T19:03:52Z,2026-08-11T21:03:52+0200,d65ae107-0026-470c-8885-f57b4d7803f4,2026-07-17T10:00:00Z,2026-07-17T12:00:00+0200,31.03,EUR/MWh,DK2,DK_2,imbalance_price,Short,2026-08-11T19:14:45Z
2026-08-11T19:03:52Z,2026-08-11T21:03:52+0200,d65ae107-0026-470c-8885-f57b4d7803f4,2026-07-17T10:15:00Z,2026-07-17T12:15:00+0200,97.51,EUR/MWh,DK2,DK_2,imbalance_price,Long,2026-08-11T19:14:45Z
2026-08-11T19:03:52Z,2026-08-11T21:03:52+0200,d65ae107-0026-470c-8885-f57b4d7803f4,2026-07-17T10:15:00Z,2026-07-17T12:15:00+0200,97.51,EUR/MWh,DK2,DK_2,imbalance_price,Short,2026-08-11T19:14:45Z
2026-08-11T19:03:52Z,2026-08-11T21:03:52+0200,d65ae107-0026-470c-8885-f57b4d7803f4,2026-07-17T10:30:00Z,2026-07-17T12:30:00+0200,107.5,EUR/MWh,DK2,DK_2,imbalance_price,Long,2026-08-11T19:14:45Z
2026-08-11T19:03:52Z,2026-08-11T21:03:52+0200,d65ae107-0026-470c-8885-f57b4d7803f4,2026-07-17T10:30:00Z,2026-07-17T12:30:00+0200,107.5,EUR/MWh,DK2,DK_2,imbalance_price,Short,2026-08-11T19:14:45Z
2026-08-11T19:03:52Z,2026-08-11T21:03:52+0200,d65ae107-0026-470c-8885-f57b4d7803f4,2026-07-17T10:45:00Z,2026-07-17T12:45:00+0200,106.8,EUR/MWh,DK2,DK_2,imbalance_price,Long,2026-08-11T19:14:45Z
2026-08-11T19:03:52Z,2026-08-11T21:03:52+0200,d65ae107-0026-470c-8885-f57b4d7803f4,2026-07-17T10:45:00Z,2026-07-17T12:45:00+0200,106.8,EUR/MWh,DK2,DK_2,imbalance_price,Short,2026-08-11T19:14:45Z
2026-08-11T19:03:52Z,2026-08-11T21:03:52+0200,d65ae107-0026-470c-8885-f57b4d7803f4,2026-07-17T11:00:00Z,2026-07-17T13:00:00+0200,98.94,EUR/MWh,DK2,DK_2,imbalance_price,Long,2026-08-11T19:14:45Z
2026-08-11T19:03:52Z,2026-08-11T21:03:52+0200,d65ae107-0026-470c-8885-f57b4d7803f4,2026-07-17T11:00:00Z,2026-07-17T13:00:00+0200,98.94,EUR/MWh,DK2,DK_2,imbalance_price,Short,2026-08-11T19:14:45Z
2026-08-11T19:03:52Z,2026-08-11T21:03:52+0200,d65ae107-0026-470c-8885-f57b4d7803f4,2026-07-17T11:15:00Z,2026-07-17T13:15:00+0200,98.33,EUR/MWh,DK2,DK_2,imbalance_price,Long,2026-08-11T19:14:45Z
2026-08-11T19:03:52Z,2026-08-11T21:03:52+0200,d65ae107-0026-470c-8885-f57b4d7803f4,2026-07-17T11:15:00Z,2026-07-17T13:15:00+0200,98.33,EUR/MWh,DK2,DK_2,imbalance_price,Short,2026-08-11T19:14:45Z
2026-08-11T19:03:52Z,2026-08-11T21:03:52+0200,d65ae107-0026-470c-8885-f57b4d7803f4,2026-07-17T11:30:00Z,2026-07-17T13:30:00+0200,138.02,EUR/MWh,DK2,DK_2,imbalance_price,Long,2026-08-11T19:14:45Z
2026-08-11T19:03:52Z,2026-08-11T21:03:52+0200,d65ae107-0026-470c-8885-f57b4d7803f4,2026-07-17T11:30:00Z,2026-07-17T13:30:00+0200,138.02,EUR/MWh,DK2,DK_2,imbalance_price,Short,2026-08-11T19:14:45Z
2026-08-11T19:03:52Z,2026-08-11T21:03:52+0200,d65ae107-0026-470c-8885-f57b4d7803f4,2026-07-17T11:45:00Z,2026-07-17T13:45:00+0200,182.03,EUR/MWh,DK2,DK_2,imbalance_price,Long,2026-08-11T19:14:45Z
2026-08-11T19:03:52Z,2026-08-11T21:03:52+0200,d65ae107-0026-470c-8885-f57b4d7803f4,2026-07-17T11:45:00Z,2026-07-17T13:45:00+0200,182.03,EUR/MWh,DK2,DK_2,imbalance_price,Short,2026-08-11T19:14:45Z
2026-08-11T19:03:52Z,2026-08-11T21:03:52+0200,d65ae107-0026-470c-8885-f57b4d7803f4,2026-07-17T12:00:00Z,2026-07-17T14:00:00+0200,212.38,EUR/MWh,DK2,DK_2,imbalance_price,Long,2026-08-11T19:14:45Z
2026-08-11T19:03:52Z,2026-08-11T21:03:52+0200,d65ae107-0026-470c-8885-f57b4d7803f4,2026-07-17T12:00:00Z,2026-07-17T14:00:00+0200,212.38,EUR/MWh,DK2,DK_2,imbalance_price,Short,2026-08-11T19:14:45Z
2026-08-11T19:03:52Z,2026-08-11T21:03:52+0200,d65ae107-0026-470c-8885-f57b4d7803f4,2026-07-17T12:15:00Z,2026-07-17T14:15:00+0200,190.33,EUR/MWh,DK2,DK_2,imbalance_price,Long,2026-08-11T19:14:45Z
2026-08-11T19:03:52Z,2026-08-11T21:03:52+0200,d65ae107-0026-470c-8885-f57b4d7803f4,2026-07-17T12:15:00Z,2026-07-17T14:15:00+0200,190.33,EUR/MWh,DK2,DK_2,imbalance_price,Short,2026-08-11T19:14:45Z
2026-08-11T19:03:52Z,2026-08-11T21:03:52+0200,d65ae107-0026-470c-8885-f57b4d7803f4,2026-07-17T12:30:00Z,2026-07-17T14:30:00+0200,113.8,EUR/MWh,DK2,DK_2,imbalance_price,Long,2026-08-11T19:14:45Z
2026-08-11T19:03:52Z,2026-08-11T21:03:52+0200,d65ae107-0026-470c-8885-f57b4d7803f4,2026-07-17T12:30:00Z,2026-07-17T14:30:00+0200,113.8,EUR/MWh,DK2,DK_2,imbalance_price,Short,2026-08-11T19:14:45Z
2026-08-11T19:03:52Z,2026-08-11T21:03:52+0200,d65ae107-0026-470c-8885-f57b4d7803f4,2026-07-17T12:45:00Z,2026-07-17T14:45:00+0200,113.8,EUR/MWh,DK2,DK_2,imbalance_price,Long,2026-08-11T19:14:45Z
2026-08-11T19:03:52Z,2026-08-11T21:03:52+0200,d65ae107-0026-470c-8885-f57b4d7803f4,2026-07-17T12:45:00Z,2026-07-17T14:45:00+0200,113.8,EUR/MWh,DK2,DK_2,imbalance_price,Short,2026-08-11T19:14:45Z
2026-08-11T19:03:52Z,2026-08-11T21:03:52+0200,d65ae107-0026-470c-8885-f57b4d7803f4,2026-07-17T13:00:00Z,2026-07-17T15:00:00+0200,2.67,EUR/MWh,DK2,DK_2,imbalance_price,Long,2026-08-11T19:14:45Z
2026-08-11T19:03:52Z,2026-08-11T21:03:52+0200,d65ae107-0026-470c-8885-f57b4d7803f4,2026-07-17T13:00:00Z,2026-07-17T15:00:00+0200,2.67,EUR/MWh,DK2,DK_2,imbalance_price,Short,2026-08-11T19:14:45Z
2026-08-11T19:03:52Z,2026-08-11T21:03:52+0200,d65ae107-0026-470c-8885-f57b4d7803f4,2026-07-17T13:15:00Z,2026-07-17T15:15:00+0200,-2.28,EUR/MWh,DK2,DK_2,imbalance_price,Long,2026-08-11T19:14:45Z
2026-08-11T19:03:52Z,2026-08-11T21:03:52+0200,d65ae107-0026-470c-8885-f57b4d7803f4,2026-07-17T13:15:00Z,2026-07-17T15:15:00+0200,-2.28,EUR/MWh,DK2,DK_2,imbalance_price,Short,2026-08-11T19:14:45Z
2026-08-11T19:03:52Z,2026-08-11T21:03:52+0200,d65ae107-0026-470c-8885-f57b4d7803f4,2026-07-17T13:30:00Z,2026-07-17T15:30:00+0200,7.36,EUR/MWh,DK2,DK_2,imbalance_price,Long,2026-08-11T19:14:45Z
2026-08-11T19:03:52Z,2026-08-11T21:03:52+0200,d65ae107-0026-470c-8885-f57b4d7803f4,2026-07-17T13:30:00Z,2026-07-17T15:30:00+0200,7.36,EUR/MWh,DK2,DK_2,imbalance_price,Short,2026-08-11T19:14:45Z
2026-08-11T19:03:52Z,2026-08-11T21:03:52+0200,d65ae107-0026-470c-8885-f57b4d7803f4,2026-07-17T13:45:00Z,2026-07-17T15:45:00+0200,-6.69,EUR/MWh,DK2,DK_2,imbalance_price,Long,2026-08-11T19:14:45Z
2026-08-11T19:03:52Z,2026-08-11T21:03:52+0200,d65ae107-0026-470c-8885-f57b4d7803f4,2026-07-17T13:45:00Z,2026-07-17T15:45:00+0200,-6.69,EUR/MWh,DK2,DK_2,imbalance_price,Short,2026-08-11T19:14:45Z
2026-08-11T19:03:52Z,2026-08-11T21:03:52+0200,d65ae107-0026-470c-8885-f57b4d7803f4,2026-07-17T14:00:00Z,2026-07-17T16:00:00+0200,-5.36,EUR/MWh,DK2,DK_2,imbalance_price,Long,2026-08-11T19:14:45Z
2026-08-11T19:03:52Z,2026-08-11T21:03:52+0200,d65ae107-0026-470c-8885-f57b4d7803f4,2026-07-17T14:00:00Z,2026-07-17T16:00:00+0200,-5.36,EUR/MWh,DK2,DK_2,imbalance_price,Short,2026-08-11T19:14:45Z
2026-08-11T19:03:52Z,2026-08-11T21:03:52+0200,d65ae107-0026-470c-8885-f57b4d7803f4,2026-07-17T14:15:00Z,2026-07-17T16:15:00+0200,111.63,EUR/MWh,DK2,DK_2,imbalance_price,Long,2026-08-11T19:14:45Z
2026-08-11T19:03:52Z,2026-08-11T21:03:52+0200,d65ae107-0026-470c-8885-f57b4d7803f4,2026-07-17T14:15:00Z,2026-07-17T16:15:00+0200,111.63,EUR/MWh,DK2,DK_2,imbalance_price,Short,2026-08-11T19:14:45Z
2026-08-11T19:03:52Z,2026-08-11T21:03:52+0200,d65ae107-0026-470c-8885-f57b4d7803f4,2026-07-17T14:30:00Z,2026-07-17T16:30:00+0200,74.26,EUR/MWh,DK2,DK_2,imbalance_price,Long,2026-08-11T19:14:45Z
2026-08-11T19:03:52Z,2026-08-11T21:03:52+0200,d65ae107-0026-470c-8885-f57b4d7803f4,2026-07-17T14:30:00Z,2026-07-17T16:30:00+0200,74.26,EUR/MWh,DK2,DK_2,imbalance_price,Short,2026-08-11T19:14:45Z
2026-08-11T19:03:52Z,2026-08-11T21:03:52+0200,d65ae107-0026-470c-8885-f57b4d7803f4,2026-07-17T14:45:00Z,2026-07-17T16:45:00+0200,20.34,EUR/MWh,DK2,DK_2,imbalance_price,Long,2026-08-11T19:14:45Z
2026-08-11T19:03:52Z,2026-08-11T21:03:52+0200,d65ae107-0026-470c-8885-f57b4d7803f4,2026-07-17T14:45:00Z,2026-07-17T16:45:00+0200,20.34,EUR/MWh,DK2,DK_2,imbalance_price,Short,2026-08-11T19:14:45Z
2026-08-11T19:03:52Z,2026-08-11T21:03:52+0200,d65ae107-0026-470c-8885-f57b4d7803f4,2026-07-17T15:00:00Z,2026-07-17T17:00:00+0200,115.12,EUR/MWh,DK2,DK_2,imbalance_price,Long,2026-08-11T19:14:45Z
2026-08-11T19:03:52Z,2026-08-11T21:03:52+0200,d65ae107-0026-470c-8885-f57b4d7803f4,2026-07-17T15:00:00Z,2026-07-17T17:00:00+0200,115.12,EUR/MWh,DK2,DK_2,imbalance_price,Short,2026-08-11T19:14:45Z
2026-08-11T19:03:52Z,2026-08-11T21:03:52+0200,d65ae107-0026-470c-8885-f57b4d7803f4,2026-07-17T15:15:00Z,2026-07-17T17:15:00+0200,143.99,EUR/MWh,DK2,DK_2,imbalance_price,Long,2026-08-11T19:14:45Z
2026-08-11T19:03:52Z,2026-08-11T21:03:52+0200,d65ae107-0026-470c-8885-f57b4d7803f4,2026-07-17T15:15:00Z,2026-07-17T17:15:00+0200,143.99,EUR/MWh,DK2,DK_2,imbalance_price,Short,2026-08-11T19:14:45Z
2026-08-11T19:03:52Z,2026-08-11T21:03:52+0200,d65ae107-0026-470c-8885-f57b4d7803f4,2026-07-17T15:30:00Z,2026-07-17T17:30:00+0200,134.89,EUR/MWh,DK2,DK_2,imbalance_price,Long,2026-08-11T19:14:45Z
2026-08-11T19:03:52Z,2026-08-11T21:03:52+0200,d65ae107-0026-470c-8885-f57b4d7803f4,2026-07-17T15:30:00Z,2026-07-17T17:30:00+0200,134.89,EUR/MWh,DK2,DK_2,imbalance_price,Short,2026-08-11T19:14:45Z
2026-08-11T19:03:52Z,2026-08-11T21:03:52+0200,d65ae107-0026-470c-8885-f57b4d7803f4,2026-07-17T15:45:00Z,2026-07-17T17:45:00+0200,179.54,EUR/MWh,DK2,DK_2,imbalance_price,Long,2026-08-11T19:14:45Z
2026-08-11T19:03:52Z,2026-08-11T21:03:52+0200,d65ae107-0026-470c-8885-f57b4d7803f4,2026-07-17T15:45:00Z,2026-07-17T17:45:00+0200,179.54,EUR/MWh,DK2,DK_2,imbalance_price,Short,2026-08-11T19:14:45Z
2026-08-11T19:03:52Z,2026-08-11T21:03:52+0200,d65ae107-0026-470c-8885-f57b4d7803f4,2026-07-17T16:00:00Z,2026-07-17T18:00:00+0200,58.61,EUR/MWh,DK2,DK_2,imbalance_price,Long,2026-08-11T19:14:45Z
2026-08-11T19:03:52Z,2026-08-11T21:03:52+0200,d65ae107-0026-470c-8885-f57b4d7803f4,2026-07-17T16:00:00Z,2026-07-17T18:00:00+0200,58.61,EUR/MWh,DK2,DK_2,imbalance_price,Short,2026-08-11T19:14:45Z
2026-08-11T19:03:52Z,2026-08-11T21:03:52+0200,d65ae107-0026-470c-8885-f57b4d7803f4,2026-07-17T16:15:00Z,2026-07-17T18:15:00+0200,0.0,EUR/MWh,DK2,DK_2,imbalance_price,Long,2026-08-11T19:14:45Z
2026-08-11T19:03:52Z,2026-08-11T21:03:52+0200,d65ae107-0026-470c-8885-f57b4d7803f4,2026-07-17T16:15:00Z,2026-07-17T18:15:00+0200,0.0,EUR/MWh,DK2,DK_2,imbalance_price,Short,2026-08-11T19:14:45Z
2026-08-11T19:03:52Z,2026-08-11T21:03:52+0200,d65ae107-0026-470c-8885-f57b4d7803f4,2026-07-17T16:30:00Z,2026-07-17T18:30:00+0200,102.46,EUR/MWh,DK2,DK_2,imbalance_price,Long,2026-08-11T19:14:45Z
2026-08-11T19:03:52Z,2026-08-11T21:03:52+0200,d65ae107-0026-470c-8885-f57b4d7803f4,2026-07-17T16:30:00Z,2026-07-17T18:30:00+0200,102.46,EUR/MWh,DK2,DK_2,imbalance_price,Short,2026-08-11T19:14:45Z
2026-08-11T19:03:52Z,2026-08-11T21:03:52+0200,d65ae107-0026-470c-8885-f57b4d7803f4,2026-07-17T16:45:00Z,2026-07-17T18:45:00+0200,99.71,EUR/MWh,DK2,DK_2,imbalance_price,Long,2026-08-11T19:14:45Z
2026-08-11T19:03:52Z,2026-08-11T21:03:52+0200,d65ae107-0026-470c-8885-f57b4d7803f4,2026-07-17T16:45:00Z,2026-07-17T18:45:00+0200,99.71,EUR/MWh,DK2,DK_2,imbalance_price,Short,2026-08-11T19:14:45Z
2026-08-11T19:03:52Z,2026-08-11T21:03:52+0200,d65ae107-0026-470c-8885-f57b4d7803f4,2026-07-17T17:00:00Z,2026-07-17T19:00:00+0200,156.4,EUR/MWh,DK2,DK_2,imbalance_price,Long,2026-08-11T19:14:45Z
2026-08-11T19:03:52Z,2026-08-11T21:03:52+0200,d65ae107-0026-470c-8885-f57b4d7803f4,2026-07-17T17:00:00Z,2026-07-17T19:00:00+0200,156.4,EUR/MWh,DK2,DK_2,imbalance_price,Short,2026-08-11T19:14:45Z
2026-08-11T19:03:52Z,2026-08-11T21:03:52+0200,d65ae107-0026-470c-8885-f57b4d7803f4,2026-07-17T17:15:00Z,2026-07-17T19:15:00+0200,13.04,EUR/MWh,DK2,DK_2,imbalance_price,Long,2026-08-11T19:14:45Z
2026-08-11T19:03:52Z,2026-08-11T21:03:52+0200,d65ae107-0026-470c-8885-f57b4d7803f4,2026-07-17T17:15:00Z,2026-07-17T19:15:00+0200,13.04,EUR/MWh,DK2,DK_2,imbalance_price,Short,2026-08-11T19:14:45Z
2026-08-11T19:03:52Z,2026-08-11T21:03:52+0200,d65ae107-0026-470c-8885-f57b4d7803f4,2026-07-17T17:30:00Z,2026-07-17T19:30:00+0200,-17.96,EUR/MWh,DK2,DK_2,imbalance_price,Long,2026-08-11T19:14:45Z
2026-08-11T19:03:52Z,2026-08-11T21:03:52+0200,d65ae107-0026-470c-8885-f57b4d7803f4,2026-07-17T17:30:00Z,2026-07-17T19:30:00+0200,-17.96,EUR/MWh,DK2,DK_2,imbalance_price,Short,2026-08-11T19:14:45Z
2026-08-11T19:03:52Z,2026-08-11T21:03:52+0200,d65ae107-0026-470c-8885-f57b4d7803f4,2026-07-17T17:45:00Z,2026-07-17T19:45:00+0200,44.64,EUR/MWh,DK2,DK_2,imbalance_price,Long,2026-08-11T19:14:45Z
2026-08-11T19:03:52Z,2026-08-11T21:03:52+0200,d65ae107-0026-470c-8885-f57b4d7803f4,2026-07-17T17:45:00Z,2026-07-17T19:45:00+0200,44.64,EUR/MWh,DK2,DK_2,imbalance_price,Short,2026-08-11T19:14:45Z
2026-08-11T19:03:52Z,2026-08-11T21:03:52+0200,d65ae107-0026-470c-8885-f57b4d7803f4,2026-07-17T18:00:00Z,2026-07-17T20:00:00+0200,40.4,EUR/MWh,DK2,DK_2,imbalance_price,Long,2026-08-11T19:14:45Z
2026-08-11T19:03:52Z,2026-08-11T21:03:52+0200,d65ae107-0026-470c-8885-f57b4d7803f4,2026-07-17T18:00:00Z,2026-07-17T20:00:00+0200,40.4,EUR/MWh,DK2,DK_2,imbalance_price,Short,2026-08-11T19:14:45Z
2026-08-11T19:03:52Z,2026-08-11T21:03:52+0200,d65ae107-0026-470c-8885-f57b4d7803f4,2026-07-17T18:15:00Z,2026-07-17T20:15:00+0200,85.68,EUR/MWh,DK2,DK_2,imbalance_price,Long,2026-08-11T19:14:45Z
2026-08-11T19:03:52Z,2026-08-11T21:03:52+0200,d65ae107-0026-470c-8885-f57b4d7803f4,2026-07-17T18:15:00Z,2026-07-17T20:15:00+0200,85.68,EUR/MWh,DK2,DK_2,imbalance_price,Short,2026-08-11T19:14:45Z
2026-08-11T19:03:52Z,2026-08-11T21:03:52+0200,d65ae107-0026-470c-8885-f57b4d7803f4,2026-07-17T18:30:00Z,2026-07-17T20:30:00+0200,168.17,EUR/MWh,DK2,DK_2,imbalance_price,Long,2026-08-11T19:14:45Z
2026-08-11T19:03:52Z,2026-08-11T21:03:52+0200,d65ae107-0026-470c-8885-f57b4d7803f4,2026-07-17T18:30:00Z,2026-07-17T20:30:00+0200,168.17,EUR/MWh,DK2,DK_2,imbalance_price,Short,2026-08-11T19:14:45Z
2026-08-11T19:03:52Z,2026-08-11T21:03:52+0200,d65ae107-0026-470c-8885-f57b4d7803f4,2026-07-17T18:45:00Z,2026-07-17T20:45:00+0200,200.7,EUR/MWh,DK2,DK_2,imbalance_price,Long,2026-08-11T19:14:45Z
2026-08-11T19:03:52Z,2026-08-11T21:03:52+0200,d65ae107-0026-470c-8885-f57b4d7803f4,2026-07-17T18:45:00Z,2026-07-17T20:45:00+0200,200.7,EUR/MWh,DK2,DK_2,imbalance_price,Short,2026-08-11T19:14:45Z
2026-08-11T19:03:52Z,2026-08-11T21:03:52+0200,d65ae107-0026-470c-8885-f57b4d7803f4,2026-07-17T19:00:00Z,2026-07-17T21:00:00+0200,86.37,EUR/MWh,DK2,DK_2,imbalance_price,Long,2026-08-11T19:14:45Z
2026-08-11T19:03:52Z,2026-08-11T21:03:52+0200,d65ae107-0026-470c-8885-f57b4d7803f4,2026-07-17T19:00:00Z,2026-07-17T21:00:00+0200,86.37,EUR/MWh,DK2,DK_2,imbalance_price,Short,2026-08-11T19:14:45Z
2026-08-11T19:03:52Z,2026-08-11T21:03:52+0200,d65ae107-0026-470c-8885-f57b4d7803f4,2026-07-17T19:15:00Z,2026-07-17T21:15:00+0200,96.72,EUR/MWh,DK2,DK_2,imbalance_price,Long,2026-08-11T19:14:45Z
2026-08-11T19:03:52Z,2026-08-11T21:03:52+0200,d65ae107-0026-470c-8885-f57b4d7803f4,2026-07-17T19:15:00Z,2026-07-17T21:15:00+0200,96.72,EUR/MWh,DK2,DK_2,imbalance_price,Short,2026-08-11T19:14:45Z
2026-08-11T19:03:52Z,2026-08-11T21:03:52+0200,d65ae107-0026-470c-8885-f57b4d7803f4,2026-07-17T19:30:00Z,2026-07-17T21:30:00+0200,93.5,EUR/MWh,DK2,DK_2,imbalance_price,Long,2026-08-11T19:14:45Z
2026-08-11T19:03:52Z,2026-08-11T21:03:52+0200,d65ae107-0026-470c-8885-f57b4d7803f4,2026-07-17T19:30:00Z,2026-07-17T21:30:00+0200,93.5,EUR/MWh,DK2,DK_2,imbalance_price,Short,2026-08-11T19:14:45Z
2026-08-11T19:03:52Z,2026-08-11T21:03:52+0200,d65ae107-0026-470c-8885-f57b4d7803f4,2026-07-17T19:45:00Z,2026-07-17T21:45:00+0200,95.91,EUR/MWh,DK2,DK_2,imbalance_price,Long,2026-08-11T19:14:45Z
2026-08-11T19:03:52Z,2026-08-11T21:03:52+0200,d65ae107-0026-470c-8885-f57b4d7803f4,2026-07-17T19:45:00Z,2026-07-17T21:45:00+0200,95.91,EUR/MWh,DK2,DK_2,imbalance_price,Short,2026-08-11T19:14:45Z
2026-08-11T19:03:52Z,2026-08-11T21:03:52+0200,d65ae107-0026-470c-8885-f57b4d7803f4,2026-07-17T20:00:00Z,2026-07-17T22:00:00+0200,169.91,EUR/MWh,DK2,DK_2,imbalance_price,Long,2026-08-11T19:14:45Z
2026-08-11T19:03:52Z,2026-08-11T21:03:52+0200,d65ae107-0026-470c-8885-f57b4d7803f4,2026-07-17T20:00:00Z,2026-07-17T22:00:00+0200,169.91,EUR/MWh,DK2,DK_2,imbalance_price,Short,2026-08-11T19:14:45Z
2026-08-11T19:03:52Z,2026-08-11T21:03:52+0200,d65ae107-0026-470c-8885-f57b4d7803f4,2026-07-17T20:15:00Z,2026-07-17T22:15:00+0200,95.91,EUR/MWh,DK2,DK_2,imbalance_price,Long,2026-08-11T19:14:45Z
2026-08-11T19:03:52Z,2026-08-11T21:03:52+0200,d65ae107-0026-470c-8885-f57b4d7803f4,2026-07-17T20:15:00Z,2026-07-17T22:15:00+0200,95.91,EUR/MWh,DK2,DK_2,imbalance_price,Short,2026-08-11T19:14:45Z
2026-08-11T19:03:52Z,2026-08-11T21:03:52+0200,d65ae107-0026-470c-8885-f57b4d7803f4,2026-07-17T20:30:00Z,2026-07-17T22:30:00+0200,83.09,EUR/MWh,DK2,DK_2,imbalance_price,Long,2026-08-11T19:14:45Z
2026-08-11T19:03:52Z,2026-08-11T21:03:52+0200,d65ae107-0026-470c-8885-f57b4d7803f4,2026-07-17T20:30:00Z,2026-07-17T22:30:00+0200,83.09,EUR/MWh,DK2,DK_2,imbalance_price,Short,2026-08-11T19:14:45Z
2026-08-11T19:03:52Z,2026-08-11T21:03:52+0200,d65ae107-0026-470c-8885-f57b4d7803f4,2026-07-17T20:45:00Z,2026-07-17T22:45:00+0200,91.12,EUR/MWh,DK2,DK_2,imbalance_price,Long,2026-08-11T19:14:45Z
2026-08-11T19:03:52Z,2026-08-11T21:03:52+0200,d65ae107-0026-470c-8885-f57b4d7803f4,2026-07-17T20:45:00Z,2026-07-17T22:45:00+0200,91.12,EUR/MWh,DK2,DK_2,imbalance_price,Short,2026-08-11T19:14:45Z
2026-08-11T19:03:52Z,2026-08-11T21:03:52+0200,d65ae107-0026-470c-8885-f57b4d7803f4,2026-07-17T21:00:00Z,2026-07-17T23:00:00+0200,162.7,EUR/MWh,DK2,DK_2,imbalance_price,Long,2026-08-11T19:14:45Z
2026-08-11T19:03:52Z,2026-08-11T21:03:52+0200,d65ae107-0026-470c-8885-f57b4d7803f4,2026-07-17T21:00:00Z,2026-07-17T23:00:00+0200,162.7,EUR/MWh,DK2,DK_2,imbalance_price,Short,2026-08-11T19:14:45Z
2026-08-11T19:03:52Z,2026-08-11T21:03:52+0200,d65ae107-0026-470c-8885-f57b4d7803f4,2026-07-17T21:15:00Z,2026-07-17T23:15:00+0200,160.62,EUR/MWh,DK2,DK_2,imbalance_price,Long,2026-08-11T19:14:45Z
2026-08-11T19:03:52Z,2026-08-11T21:03:52+0200,d65ae107-0026-470c-8885-f57b4d7803f4,2026-07-17T21:15:00Z,2026-07-17T23:15:00+0200,160.62,EUR/MWh,DK2,DK_2,imbalance_price,Short,2026-08-11T19:14:45Z
2026-08-11T19:03:52Z,2026-08-11T21:03:52+0200,d65ae107-0026-470c-8885-f57b4d7803f4,2026-07-17T21:30:00Z,2026-07-17T23:30:00+0200,184.63,EUR/MWh,DK2,DK_2,imbalance_price,Long,2026-08-11T19:14:45Z
2026-08-11T19:03:52Z,2026-08-11T21:03:52+0200,d65ae107-0026-470c-8885-f57b4d7803f4,2026-07-17T21:30:00Z,2026-07-17T23:30:00+0200,184.63,EUR/MWh,DK2,DK_2,imbalance_price,Short,2026-08-11T19:14:45Z
2026-08-11T19:03:52Z,2026-08-11T21:03:52+0200,d65ae107-0026-470c-8885-f57b4d7803f4,2026-07-17T21:45:00Z,2026-07-17T23:45:00+0200,95.91,EUR/MWh,DK2,DK_2,imbalance_price,Long,2026-08-11T19:14:45Z
2026-08-11T19:03:52Z,2026-08-11T21:03:52+0200,d65ae107-0026-470c-8885-f57b4d7803f4,2026-07-17T21:45:00Z,2026-07-17T23:45:00+0200,95.91,EUR/MWh,DK2,DK_2,imbalance_price,Short,2026-08-11T19:14:45Z
2026-08-11T19:03:52Z,2026-08-11T21:03:52+0200,d65ae107-0026-470c-8885-f57b4d7803f4,2026-07-17T22:00:00Z,2026-07-18T00:00:00+0200,95.94,EUR/MWh,DK2,DK_2,imbalance_price,Long,2026-08-11T19:14:45Z
2026-08-11T19:03:52Z,2026-08-11T21:03:52+0200,d65ae107-0026-470c-8885-f57b4d7803f4,2026-07-17T22:00:00Z,2026-07-18T00:00:00+0200,95.94,EUR/MWh,DK2,DK_2,imbalance_price,Short,2026-08-11T19:14:45Z
2026-08-11T19:03:52Z,2026-08-11T21:03:52+0200,d65ae107-0026-470c-8885-f57b4d7803f4,2026-07-17T22:15:00Z,2026-07-18T00:15:00+0200,96.35,EUR/MWh,DK2,DK_2,imbalance_price,Long,2026-08-11T19:14:45Z
2026-08-11T19:03:52Z,2026-08-11T21:03:52+0200,d65ae107-0026-470c-8885-f57b4d7803f4,2026-07-17T22:15:00Z,2026-07-18T00:15:00+0200,96.35,EUR/MWh,DK2,DK_2,imbalance_price,Short,2026-08-11T19:14:45Z
2026-08-11T19:03:52Z,2026-08-11T21:03:52+0200,d65ae107-0026-470c-8885-f57b4d7803f4,2026-07-17T22:30:00Z,2026-07-18T00:30:00+0200,69.14,EUR/MWh,DK2,DK_2,imbalance_price,Long,2026-08-11T19:14:45Z
2026-08-11T19:03:52Z,2026-08-11T21:03:52+0200,d65ae107-0026-470c-8885-f57b4d7803f4,2026-07-17T22:30:00Z,2026-07-18T00:30:00+0200,69.14,EUR/MWh,DK2,DK_2,imbalance_price,Short,2026-08-11T19:14:45Z
2026-08-11T19:03:52Z,2026-08-11T21:03:52+0200,d65ae107-0026-470c-8885-f57b4d7803f4,2026-07-17T22:45:00Z,2026-07-18T00:45:00+0200,81.53,EUR/MWh,DK2,DK_2,imbalance_price,Long,2026-08-11T19:14:45Z
2026-08-11T19:03:52Z,2026-08-11T21:03:52+0200,d65ae107-0026-470c-8885-f57b4d7803f4,2026-07-17T22:45:00Z,2026-07-18T00:45:00+0200,81.53,EUR/MWh,DK2,DK_2,imbalance_price,Short,2026-08-11T19:14:45Z
2026-08-11T19:03:52Z,2026-08-11T21:03:52+0200,d65ae107-0026-470c-8885-f57b4d7803f4,2026-07-17T23:00:00Z,2026-07-18T01:00:00+0200,87.36,EUR/MWh,DK2,DK_2,imbalance_price,Long,2026-08-11T19:14:45Z
2026-08-11T19:03:52Z,2026-08-11T21:03:52+0200,d65ae107-0026-470c-8885-f57b4d7803f4,2026-07-17T23:00:00Z,2026-07-18T01:00:00+0200,87.36,EUR/MWh,DK2,DK_2,imbalance_price,Short,2026-08-11T19:14:45Z
2026-08-11T19:03:52Z,2026-08-11T21:03:52+0200,d65ae107-0026-470c-8885-f57b4d7803f4,2026-07-17T23:15:00Z,2026-07-18T01:15:00+0200,99.89,EUR/MWh,DK2,DK_2,imbalance_price,Long,2026-08-11T19:14:45Z
2026-08-11T19:03:52Z,2026-08-11T21:03:52+0200,d65ae107-0026-470c-8885-f57b4d7803f4,2026-07-17T23:15:00Z,2026-07-18T01:15:00+0200,99.89,EUR/MWh,DK2,DK_2,imbalance_price,Short,2026-08-11T19:14:45Z
2026-08-11T19:03:52Z,2026-08-11T21:03:52+0200,d65ae107-0026-470c-8885-f57b4d7803f4,2026-07-17T23:30:00Z,2026-07-18T01:30:00+0200,92.2,EUR/MWh,DK2,DK_2,imbalance_price,Long,2026-08-11T19:14:45Z
2026-08-11T19:03:52Z,2026-08-11T21:03:52+0200,d65ae107-0026-470c-8885-f57b4d7803f4,2026-07-17T23:30:00Z,2026-07-18T01:30:00+0200,92.2,EUR/MWh,DK2,DK_2,imbalance_price,Short,2026-08-11T19:14:45Z
2026-08-11T19:03:52Z,2026-08-11T21:03:52+0200,d65ae107-0026-470c-8885-f57b4d7803f4,2026-07-17T23:45:00Z,2026-07-18T01:45:00+0200,99.92,EUR/MWh,DK2,DK_2,imbalance_price,Long,2026-08-11T19:14:45Z
2026-08-11T19:03:52Z,2026-08-11T21:03:52+0200,d65ae107-0026-470c-8885-f57b4d7803f4,2026-07-17T23:45:00Z,2026-07-18T01:45:00+0200,99.92,EUR/MWh,DK2,DK_2,imbalance_price,Short,2026-08-11T19:14:45Z
2026-08-11T19:03:52Z,2026-08-11T21:03:52+0200,d65ae107-0026-470c-8885-f57b4d7803f4,2026-07-18T00:00:00Z,2026-07-18T02:00:00+0200,95.91,EUR/MWh,DK2,DK_2,imbalance_price,Long,2026-08-11T19:14:45Z
2026-08-11T19:03:52Z,2026-08-11T21:03:52+0200,d65ae107-0026-470c-8885-f57b4d7803f4,2026-07-18T00:00:00Z,2026-07-18T02:00:00+0200,95.91,EUR/MWh,DK2,DK_2,imbalance_price,Short,2026-08-11T19:14:45Z
2026-08-11T19:03:52Z,2026-08-11T21:03:52+0200,d65ae107-0026-470c-8885-f57b4d7803f4,2026-07-18T00:15:00Z,2026-07-18T02:15:00+0200,82.14,EUR/MWh,DK2,DK_2,imbalance_price,Long,2026-08-11T19:14:45Z
2026-08-11T19:03:52Z,2026-08-11T21:03:52+0200,d65ae107-0026-470c-8885-f57b4d7803f4,2026-07-18T00:15:00Z,2026-07-18T02:15:00+0200,82.14,EUR/MWh,DK2,DK_2,imbalance_price,Short,2026-08-11T19:14:45Z
2026-08-11T19:03:52Z,2026-08-11T21:03:52+0200,d65ae107-0026-470c-8885-f57b4d7803f4,2026-07-18T00:30:00Z,2026-07-18T02:30:00+0200,42.27,EUR/MWh,DK2,DK_2,imbalance_price,Long,2026-08-11T19:14:45Z
2026-08-11T19:03:52Z,2026-08-11T21:03:52+0200,d65ae107-0026-470c-8885-f57b4d7803f4,2026-07-18T00:30:00Z,2026-07-18T02:30:00+0200,42.27,EUR/MWh,DK2,DK_2,imbalance_price,Short,2026-08-11T19:14:45Z
2026-08-11T19:03:52Z,2026-08-11T21:03:52+0200,d65ae107-0026-470c-8885-f57b4d7803f4,2026-07-18T00:45:00Z,2026-07-18T02:45:00+0200,-27.25,EUR/MWh,DK2,DK_2,imbalance_price,Long,2026-08-11T19:14:45Z
2026-08-11T19:03:52Z,2026-08-11T21:03:52+0200,d65ae107-0026-470c-8885-f57b4d7803f4,2026-07-18T00:45:00Z,2026-07-18T02:45:00+0200,-27.25,EUR/MWh,DK2,DK_2,imbalance_price,Short,2026-08-11T19:14:45Z
2026-08-11T19:03:52Z,2026-08-11T21:03:52+0200,d65ae107-0026-470c-8885-f57b4d7803f4,2026-07-18T01:00:00Z,2026-07-18T03:00:00+0200,-8.88,EUR/MWh,DK2,DK_2,imbalance_price,Long,2026-08-11T19:14:45Z
2026-08-11T19:03:52Z,2026-08-11T21:03:52+0200,d65ae107-0026-470c-8885-f57b4d7803f4,2026-07-18T01:00:00Z,2026-07-18T03:00:00+0200,-8.88,EUR/MWh,DK2,DK_2,imbalance_price,Short,2026-08-11T19:14:45Z
2026-08-11T19:03:52Z,2026-08-11T21:03:52+0200,d65ae107-0026-470c-8885-f57b4d7803f4,2026-07-18T01:15:00Z,2026-07-18T03:15:00+0200,4.92,EUR/MWh,DK2,DK_2,imbalance_price,Long,2026-08-11T19:14:45Z
2026-08-11T19:03:52Z,2026-08-11T21:03:52+0200,d65ae107-0026-470c-8885-f57b4d7803f4,2026-07-18T01:15:00Z,2026-07-18T03:15:00+0200,4.92,EUR/MWh,DK2,DK_2,imbalance_price,Short,2026-08-11T19:14:45Z
2026-08-11T19:03:52Z,2026-08-11T21:03:52+0200,d65ae107-0026-470c-8885-f57b4d7803f4,2026-07-18T01:30:00Z,2026-07-18T03:30:00+0200,-2.76,EUR/MWh,DK2,DK_2,imbalance_price,Long,2026-08-11T19:14:45Z
2026-08-11T19:03:52Z,2026-08-11T21:03:52+0200,d65ae107-0026-470c-8885-f57b4d7803f4,2026-07-18T01:30:00Z,2026-07-18T03:30:00+0200,-2.76,EUR/MWh,DK2,DK_2,imbalance_price,Short,2026-08-11T19:14:45Z
2026-08-11T19:03:52Z,2026-08-11T21:03:52+0200,d65ae107-0026-470c-8885-f57b4d7803f4,2026-07-18T01:45:00Z,2026-07-18T03:45:00+0200,-1.0,EUR/MWh,DK2,DK_2,imbalance_price,Long,2026-08-11T19:14:45Z
2026-08-11T19:03:52Z,2026-08-11T21:03:52+0200,d65ae107-0026-470c-8885-f57b4d7803f4,2026-07-18T01:45:00Z,2026-07-18T03:45:00+0200,-1.0,EUR/MWh,DK2,DK_2,imbalance_price,Short,2026-08-11T19:14:45Z
2026-08-11T19:03:52Z,2026-08-11T21:03:52+0200,d65ae107-0026-470c-8885-f57b4d7803f4,2026-07-18T02:00:00Z,2026-07-18T04:00:00+0200,13.02,EUR/MWh,DK2,DK_2,imbalance_price,Long,2026-08-11T19:14:45Z
2026-08-11T19:03:52Z,2026-08-11T21:03:52+0200,d65ae107-0026-470c-8885-f57b4d7803f4,2026-07-18T02:00:00Z,2026-07-18T04:00:00+0200,13.02,EUR/MWh,DK2,DK_2,imbalance_price,Short,2026-08-11T19:14:45Z
2026-08-11T19:03:52Z,2026-08-11T21:03:52+0200,d65ae107-0026-470c-8885-f57b4d7803f4,2026-07-18T02:15:00Z,2026-07-18T04:15:00+0200,26.78,EUR/MWh,DK2,DK_2,imbalance_price,Long,2026-08-11T19:14:45Z
2026-08-11T19:03:52Z,2026-08-11T21:03:52+0200,d65ae107-0026-470c-8885-f57b4d7803f4,2026-07-18T02:15:00Z,2026-07-18T04:15:00+0200,26.78,EUR/MWh,DK2,DK_2,imbalance_price,Short,2026-08-11T19:14:45Z
2026-08-11T19:03:52Z,2026-08-11T21:03:52+0200,d65ae107-0026-470c-8885-f57b4d7803f4,2026-07-18T02:30:00Z,2026-07-18T04:30:00+0200,-5.0,EUR/MWh,DK2,DK_2,imbalance_price,Long,2026-08-11T19:14:45Z
2026-08-11T19:03:52Z,2026-08-11T21:03:52+0200,d65ae107-0026-470c-8885-f57b4d7803f4,2026-07-18T02:30:00Z,2026-07-18T04:30:00+0200,-5.0,EUR/MWh,DK2,DK_2,imbalance_price,Short,2026-08-11T19:14:45Z
2026-08-11T19:03:52Z,2026-08-11T21:03:52+0200,d65ae107-0026-470c-8885-f57b4d7803f4,2026-07-18T02:45:00Z,2026-07-18T04:45:00+0200,0.0,EUR/MWh,DK2,DK_2,imbalance_price,Long,2026-08-11T19:14:45Z
2026-08-11T19:03:52Z,2026-08-11T21:03:52+0200,d65ae107-0026-470c-8885-f57b4d7803f4,2026-07-18T02:45:00Z,2026-07-18T04:45:00+0200,0.0,EUR/MWh,DK2,DK_2,imbalance_price,Short,2026-08-11T19:14:45Z
2026-08-11T19:03:52Z,2026-08-11T21:03:52+0200,d65ae107-0026-470c-8885-f57b4d7803f4,2026-07-18T03:00:00Z,2026-07-18T05:00:00+0200,50.0,EUR/MWh,DK2,DK_2,imbalance_price,Long,2026-08-11T19:14:45Z
2026-08-11T19:03:52Z,2026-08-11T21:03:52+0200,d65ae107-0026-470c-8885-f57b4d7803f4,2026-07-18T03:00:00Z,2026-07-18T05:00:00+0200,50.0,EUR/MWh,DK2,DK_2,imbalance_price,Short,2026-08-11T19:14:45Z
2026-08-11T19:03:52Z,2026-08-11T21:03:52+0200,d65ae107-0026-470c-8885-f57b4d7803f4,2026-07-18T03:15:00Z,2026-07-18T05:15:00+0200,50.0,EUR/MWh,DK2,DK_2,imbalance_price,Long,2026-08-11T19:14:45Z
2026-08-11T19:03:52Z,2026-08-11T21:03:52+0200,d65ae107-0026-470c-8885-f57b4d7803f4,2026-07-18T03:15:00Z,2026-07-18T05:15:00+0200,50.0,EUR/MWh,DK2,DK_2,imbalance_price,Short,2026-08-11T19:14:45Z
2026-08-11T19:03:52Z,2026-08-11T21:03:52+0200,d65ae107-0026-470c-8885-f57b4d7803f4,2026-07-18T03:30:00Z,2026-07-18T05:30:00+0200,24.96,EUR/MWh,DK2,DK_2,imbalance_price,Long,2026-08-11T19:14:45Z
2026-08-11T19:03:52Z,2026-08-11T21:03:52+0200,d65ae107-0026-470c-8885-f57b4d7803f4,2026-07-18T03:30:00Z,2026-07-18T05:30:00+0200,24.96,EUR/MWh,DK2,DK_2,imbalance_price,Short,2026-08-11T19:14:45Z
2026-08-11T19:03:52Z,2026-08-11T21:03:52+0200,d65ae107-0026-470c-8885-f57b4d7803f4,2026-07-18T03:45:00Z,2026-07-18T05:45:00+0200,32.56,EUR/MWh,DK2,DK_2,imbalance_price,Long,2026-08-11T19:14:45Z
2026-08-11T19:03:52Z,2026-08-11T21:03:52+0200,d65ae107-0026-470c-8885-f57b4d7803f4,2026-07-18T03:45:00Z,2026-07-18T05:45:00+0200,32.56,EUR/MWh,DK2,DK_2,imbalance_price,Short,2026-08-11T19:14:45Z
2026-08-11T19:03:52Z,2026-08-11T21:03:52+0200,d65ae107-0026-470c-8885-f57b4d7803f4,2026-07-18T04:00:00Z,2026-07-18T06:00:00+0200,121.1,EUR/MWh,DK2,DK_2,imbalance_price,Long,2026-08-11T19:14:45Z
2026-08-11T19:03:52Z,2026-08-11T21:03:52+0200,d65ae107-0026-470c-8885-f57b4d7803f4,2026-07-18T04:00:00Z,2026-07-18T06:00:00+0200,121.1,EUR/MWh,DK2,DK_2,imbalance_price,Short,2026-08-11T19:14:45Z
2026-08-11T19:03:52Z,2026-08-11T21:03:52+0200,d65ae107-0026-470c-8885-f57b4d7803f4,2026-07-18T04:15:00Z,2026-07-18T06:15:00+0200,267.6,EUR/MWh,DK2,DK_2,imbalance_price,Long,2026-08-11T19:14:45Z
2026-08-11T19:03:52Z,2026-08-11T21:03:52+0200,d65ae107-0026-470c-8885-f57b4d7803f4,2026-07-18T04:15:00Z,2026-07-18T06:15:00+0200,267.6,EUR/MWh,DK2,DK_2,imbalance_price,Short,2026-08-11T19:14:45Z
2026-08-11T19:03:52Z,2026-08-11T21:03:52+0200,d65ae107-0026-470c-8885-f57b4d7803f4,2026-07-18T04:30:00Z,2026-07-18T06:30:00+0200,306.4,EUR/MWh,DK2,DK_2,imbalance_price,Long,2026-08-11T19:14:45Z
2026-08-11T19:03:52Z,2026-08-11T21:03:52+0200,d65ae107-0026-470c-8885-f57b4d7803f4,2026-07-18T04:30:00Z,2026-07-18T06:30:00+0200,306.4,EUR/MWh,DK2,DK_2,imbalance_price,Short,2026-08-11T19:14:45Z
2026-08-11T19:03:52Z,2026-08-11T21:03:52+0200,d65ae107-0026-470c-8885-f57b4d7803f4,2026-07-18T04:45:00Z,2026-07-18T06:45:00+0200,145.0,EUR/MWh,DK2,DK_2,imbalance_price,Long,2026-08-11T19:14:45Z
2026-08-11T19:03:52Z,2026-08-11T21:03:52+0200,d65ae107-0026-470c-8885-f57b4d7803f4,2026-07-18T04:45:00Z,2026-07-18T06:45:00+0200,145.0,EUR/MWh,DK2,DK_2,imbalance_price,Short,2026-08-11T19:14:45Z
2026-08-11T19:03:52Z,2026-08-11T21:03:52+0200,d65ae107-0026-470c-8885-f57b4d7803f4,2026-07-18T05:00:00Z,2026-07-18T07:00:00+0200,124.65,EUR/MWh,DK2,DK_2,imbalance_price,Long,2026-08-11T19:14:45Z
2026-08-11T19:03:52Z,2026-08-11T21:03:52+0200,d65ae107-0026-470c-8885-f57b4d7803f4,2026-07-18T05:00:00Z,2026-07-18T07:00:00+0200,124.65,EUR/MWh,DK2,DK_2,imbalance_price,Short,2026-08-11T19:14:45Z
2026-08-11T19:03:52Z,2026-08-11T21:03:52+0200,d65ae107-0026-470c-8885-f57b4d7803f4,2026-07-18T05:15:00Z,2026-07-18T07:15:00+0200,120.63,EUR/MWh,DK2,DK_2,imbalance_price,Long,2026-08-11T19:14:45Z
2026-08-11T19:03:52Z,2026-08-11T21:03:52+0200,d65ae107-0026-470c-8885-f57b4d7803f4,2026-07-18T05:15:00Z,2026-07-18T07:15:00+0200,120.63,EUR/MWh,DK2,DK_2,imbalance_price,Short,2026-08-11T19:14:45Z
2026-08-11T19:03:52Z,2026-08-11T21:03:52+0200,d65ae107-0026-470c-8885-f57b4d7803f4,2026-07-18T05:30:00Z,2026-07-18T07:30:00+0200,294.31,EUR/MWh,DK2,DK_2,imbalance_price,Long,2026-08-11T19:14:45Z
2026-08-11T19:03:52Z,2026-08-11T21:03:52+0200,d65ae107-0026-470c-8885-f57b4d7803f4,2026-07-18T05:30:00Z,2026-07-18T07:30:00+0200,294.31,EUR/MWh,DK2,DK_2,imbalance_price,Short,2026-08-11T19:14:45Z
2026-08-11T19:03:52Z,2026-08-11T21:03:52+0200,d65ae107-0026-470c-8885-f57b4d7803f4,2026-07-18T05:45:00Z,2026-07-18T07:45:00+0200,96.88,EUR/MWh,DK2,DK_2,imbalance_price,Long,2026-08-11T19:14:45Z
2026-08-11T19:03:52Z,2026-08-11T21:03:52+0200,d65ae107-0026-470c-8885-f57b4d7803f4,2026-07-18T05:45:00Z,2026-07-18T07:45:00+0200,96.88,EUR/MWh,DK2,DK_2,imbalance_price,Short,2026-08-11T19:14:45Z
2026-08-11T19:03:52Z,2026-08-11T21:03:52+0200,d65ae107-0026-470c-8885-f57b4d7803f4,2026-07-18T06:00:00Z,2026-07-18T08:00:00+0200,118.83,EUR/MWh,DK2,DK_2,imbalance_price,Long,2026-08-11T19:14:45Z
2026-08-11T19:03:52Z,2026-08-11T21:03:52+0200,d65ae107-0026-470c-8885-f57b4d7803f4,2026-07-18T06:00:00Z,2026-07-18T08:00:00+0200,118.83,EUR/MWh,DK2,DK_2,imbalance_price,Short,2026-08-11T19:14:45Z
2026-08-11T19:03:52Z,2026-08-11T21:03:52+0200,d65ae107-0026-470c-8885-f57b4d7803f4,2026-07-18T06:15:00Z,2026-07-18T08:15:00+0200,468.19,EUR/MWh,DK2,DK_2,imbalance_price,Long,2026-08-11T19:14:45Z
2026-08-11T19:03:52Z,2026-08-11T21:03:52+0200,d65ae107-0026-470c-8885-f57b4d7803f4,2026-07-18T06:15:00Z,2026-07-18T08:15:00+0200,468.19,EUR/MWh,DK2,DK_2,imbalance_price,Short,2026-08-11T19:14:45Z
2026-08-11T19:03:52Z,2026-08-11T21:03:52+0200,d65ae107-0026-470c-8885-f57b4d7803f4,2026-07-18T06:30:00Z,2026-07-18T08:30:00+0200,428.05,EUR/MWh,DK2,DK_2,imbalance_price,Long,2026-08-11T19:14:45Z
2026-08-11T19:03:52Z,2026-08-11T21:03:52+0200,d65ae107-0026-470c-8885-f57b4d7803f4,2026-07-18T06:30:00Z,2026-07-18T08:30:00+0200,428.05,EUR/MWh,DK2,DK_2,imbalance_price,Short,2026-08-11T19:14:45Z
2026-08-11T19:03:52Z,2026-08-11T21:03:52+0200,d65ae107-0026-470c-8885-f57b4d7803f4,2026-07-18T06:45:00Z,2026-07-18T08:45:00+0200,155.79,EUR/MWh,DK2,DK_2,imbalance_price,Long,2026-08-11T19:14:45Z
2026-08-11T19:03:52Z,2026-08-11T21:03:52+0200,d65ae107-0026-470c-8885-f57b4d7803f4,2026-07-18T06:45:00Z,2026-07-18T08:45:00+0200,155.79,EUR/MWh,DK2,DK_2,imbalance_price,Short,2026-08-11T19:14:45Z
2026-08-11T19:03:52Z,2026-08-11T21:03:52+0200,d65ae107-0026-470c-8885-f57b4d7803f4,2026-07-18T07:00:00Z,2026-07-18T09:00:00+0200,82.64,EUR/MWh,DK2,DK_2,imbalance_price,Long,2026-08-11T19:14:45Z
2026-08-11T19:03:52Z,2026-08-11T21:03:52+0200,d65ae107-0026-470c-8885-f57b4d7803f4,2026-07-18T07:00:00Z,2026-07-18T09:00:00+0200,82.64,EUR/MWh,DK2,DK_2,imbalance_price,Short,2026-08-11T19:14:45Z
2026-08-11T19:03:52Z,2026-08-11T21:03:52+0200,d65ae107-0026-470c-8885-f57b4d7803f4,2026-07-18T07:15:00Z,2026-07-18T09:15:00+0200,57.93,EUR/MWh,DK2,DK_2,imbalance_price,Long,2026-08-11T19:14:45Z
2026-08-11T19:03:52Z,2026-08-11T21:03:52+0200,d65ae107-0026-470c-8885-f57b4d7803f4,2026-07-18T07:15:00Z,2026-07-18T09:15:00+0200,57.93,EUR/MWh,DK2,DK_2,imbalance_price,Short,2026-08-11T19:14:45Z
2026-08-11T19:03:52Z,2026-08-11T21:03:52+0200,d65ae107-0026-470c-8885-f57b4d7803f4,2026-07-18T07:30:00Z,2026-07-18T09:30:00+0200,-6.69,EUR/MWh,DK2,DK_2,imbalance_price,Long,2026-08-11T19:14:45Z
2026-08-11T19:03:52Z,2026-08-11T21:03:52+0200,d65ae107-0026-470c-8885-f57b4d7803f4,2026-07-18T07:30:00Z,2026-07-18T09:30:00+0200,-6.69,EUR/MWh,DK2,DK_2,imbalance_price,Short,2026-08-11T19:14:45Z
2026-08-11T19:03:52Z,2026-08-11T21:03:52+0200,d65ae107-0026-470c-8885-f57b4d7803f4,2026-07-18T07:45:00Z,2026-07-18T09:45:00+0200,-33.95,EUR/MWh,DK2,DK_2,imbalance_price,Long,2026-08-11T19:14:45Z
2026-08-11T19:03:52Z,2026-08-11T21:03:52+0200,d65ae107-0026-470c-8885-f57b4d7803f4,2026-07-18T07:45:00Z,2026-07-18T09:45:00+0200,-33.95,EUR/MWh,DK2,DK_2,imbalance_price,Short,2026-08-11T19:14:45Z
2026-08-11T19:03:52Z,2026-08-11T21:03:52+0200,d65ae107-0026-470c-8885-f57b4d7803f4,2026-07-18T08:00:00Z,2026-07-18T10:00:00+0200,-21.27,EUR/MWh,DK2,DK_2,imbalance_price,Long,2026-08-11T19:14:45Z
2026-08-11T19:03:52Z,2026-08-11T21:03:52+0200,d65ae107-0026-470c-8885-f57b4d7803f4,2026-07-18T08:00:00Z,2026-07-18T10:00:00+0200,-21.27,EUR/MWh,DK2,DK_2,imbalance_price,Short,2026-08-11T19:14:45Z
2026-08-11T19:03:52Z,2026-08-11T21:03:52+0200,d65ae107-0026-470c-8885-f57b4d7803f4,2026-07-18T08:15:00Z,2026-07-18T10:15:00+0200,-10.0,EUR/MWh,DK2,DK_2,imbalance_price,Long,2026-08-11T19:14:45Z
2026-08-11T19:03:52Z,2026-08-11T21:03:52+0200,d65ae107-0026-470c-8885-f57b4d7803f4,2026-07-18T08:15:00Z,2026-07-18T10:15:00+0200,-10.0,EUR/MWh,DK2,DK_2,imbalance_price,Short,2026-08-11T19:14:45Z
2026-08-11T19:03:52Z,2026-08-11T21:03:52+0200,d65ae107-0026-470c-8885-f57b4d7803f4,2026-07-18T08:30:00Z,2026-07-18T10:30:00+0200,-10.0,EUR/MWh,DK2,DK_2,imbalance_price,Long,2026-08-11T19:14:45Z
2026-08-11T19:03:52Z,2026-08-11T21:03:52+0200,d65ae107-0026-470c-8885-f57b4d7803f4,2026-07-18T08:30:00Z,2026-07-18T10:30:00+0200,-10.0,EUR/MWh,DK2,DK_2,imbalance_price,Short,2026-08-11T19:14:45Z
2026-08-11T19:03:52Z,2026-08-11T21:03:52+0200,d65ae107-0026-470c-8885-f57b4d7803f4,2026-07-18T08:45:00Z,2026-07-18T10:45:00+0200,-10.0,EUR/MWh,DK2,DK_2,imbalance_price,Long,2026-08-11T19:14:45Z
2026-08-11T19:03:52Z,2026-08-11T21:03:52+0200,d65ae107-0026-470c-8885-f57b4d7803f4,2026-07-18T08:45:00Z,2026-07-18T10:45:00+0200,-10.0,EUR/MWh,DK2,DK_2,imbalance_price,Short,2026-08-11T19:14:45Z
2026-08-11T19:03:52Z,2026-08-11T21:03:52+0200,d65ae107-0026-470c-8885-f57b4d7803f4,2026-07-18T09:00:00Z,2026-07-18T11:00:00+0200,-10.48,EUR/MWh,DK2,DK_2,imbalance_price,Long,2026-08-11T19:14:45Z
2026-08-11T19:03:52Z,2026-08-11T21:03:52+0200,d65ae107-0026-470c-8885-f57b4d7803f4,2026-07-18T09:00:00Z,2026-07-18T11:00:00+0200,-10.48,EUR/MWh,DK2,DK_2,imbalance_price,Short,2026-08-11T19:14:45Z
2026-08-11T19:03:52Z,2026-08-11T21:03:52+0200,d65ae107-0026-470c-8885-f57b4d7803f4,2026-07-18T09:15:00Z,2026-07-18T11:15:00+0200,-1.0,EUR/MWh,DK2,DK_2,imbalance_price,Long,2026-08-11T19:14:45Z
2026-08-11T19:03:52Z,2026-08-11T21:03:52+0200,d65ae107-0026-470c-8885-f57b4d7803f4,2026-07-18T09:15:00Z,2026-07-18T11:15:00+0200,-1.0,EUR/MWh,DK2,DK_2,imbalance_price,Short,2026-08-11T19:14:45Z
2026-08-11T19:03:52Z,2026-08-11T21:03:52+0200,d65ae107-0026-470c-8885-f57b4d7803f4,2026-07-18T09:30:00Z,2026-07-18T11:30:00+0200,-11.44,EUR/MWh,DK2,DK_2,imbalance_price,Long,2026-08-11T19:14:45Z
2026-08-11T19:03:52Z,2026-08-11T21:03:52+0200,d65ae107-0026-470c-8885-f57b4d7803f4,2026-07-18T09:30:00Z,2026-07-18T11:30:00+0200,-11.44,EUR/MWh,DK2,DK_2,imbalance_price,Short,2026-08-11T19:14:45Z
2026-08-11T19:03:52Z,2026-08-11T21:03:52+0200,d65ae107-0026-470c-8885-f57b4d7803f4,2026-07-18T09:45:00Z,2026-07-18T11:45:00+0200,-25.44,EUR/MWh,DK2,DK_2,imbalance_price,Long,2026-08-11T19:14:45Z
2026-08-11T19:03:52Z,2026-08-11T21:03:52+0200,d65ae107-0026-470c-8885-f57b4d7803f4,2026-07-18T09:45:00Z,2026-07-18T11:45:00+0200,-25.44,EUR/MWh,DK2,DK_2,imbalance_price,Short,2026-08-11T19:14:45Z
2026-08-11T19:03:52Z,2026-08-11T21:03:52+0200,d65ae107-0026-470c-8885-f57b4d7803f4,2026-07-18T10:00:00Z,2026-07-18T12:00:00+0200,4.43,EUR/MWh,DK2,DK_2,imbalance_price,Long,2026-08-11T19:14:45Z
2026-08-11T19:03:52Z,2026-08-11T21:03:52+0200,d65ae107-0026-470c-8885-f57b4d7803f4,2026-07-18T10:00:00Z,2026-07-18T12:00:00+0200,4.43,EUR/MWh,DK2,DK_2,imbalance_price,Short,2026-08-11T19:14:45Z
2026-08-11T19:03:52Z,2026-08-11T21:03:52+0200,d65ae107-0026-470c-8885-f57b4d7803f4,2026-07-18T10:15:00Z,2026-07-18T12:15:00+0200,4.28,EUR/MWh,DK2,DK_2,imbalance_price,Long,2026-08-11T19:14:45Z
2026-08-11T19:03:52Z,2026-08-11T21:03:52+0200,d65ae107-0026-470c-8885-f57b4d7803f4,2026-07-18T10:15:00Z,2026-07-18T12:15:00+0200,4.28,EUR/MWh,DK2,DK_2,imbalance_price,Short,2026-08-11T19:14:45Z
2026-08-11T19:03:52Z,2026-08-11T21:03:52+0200,d65ae107-0026-470c-8885-f57b4d7803f4,2026-07-18T10:30:00Z,2026-07-18T12:30:00+0200,3.96,EUR/MWh,DK2,DK_2,imbalance_price,Long,2026-08-11T19:14:45Z
2026-08-11T19:03:52Z,2026-08-11T21:03:52+0200,d65ae107-0026-470c-8885-f57b4d7803f4,2026-07-18T10:30:00Z,2026-07-18T12:30:00+0200,3.96,EUR/MWh,DK2,DK_2,imbalance_price,Short,2026-08-11T19:14:45Z
2026-08-11T19:03:52Z,2026-08-11T21:03:52+0200,d65ae107-0026-470c-8885-f57b4d7803f4,2026-07-18T10:45:00Z,2026-07-18T12:45:00+0200,-13.54,EUR/MWh,DK2,DK_2,imbalance_price,Long,2026-08-11T19:14:45Z
2026-08-11T19:03:52Z,2026-08-11T21:03:52+0200,d65ae107-0026-470c-8885-f57b4d7803f4,2026-07-18T10:45:00Z,2026-07-18T12:45:00+0200,-13.54,EUR/MWh,DK2,DK_2,imbalance_price,Short,2026-08-11T19:14:45Z
2026-08-11T19:03:52Z,2026-08-11T21:03:52+0200,d65ae107-0026-470c-8885-f57b4d7803f4,2026-07-18T11:00:00Z,2026-07-18T13:00:00+0200,-10.87,EUR/MWh,DK2,DK_2,imbalance_price,Long,2026-08-11T19:14:45Z
2026-08-11T19:03:52Z,2026-08-11T21:03:52+0200,d65ae107-0026-470c-8885-f57b4d7803f4,2026-07-18T11:00:00Z,2026-07-18T13:00:00+0200,-10.87,EUR/MWh,DK2,DK_2,imbalance_price,Short,2026-08-11T19:14:45Z
2026-08-11T19:03:52Z,2026-08-11T21:03:52+0200,d65ae107-0026-470c-8885-f57b4d7803f4,2026-07-18T11:15:00Z,2026-07-18T13:15:00+0200,-4.07,EUR/MWh,DK2,DK_2,imbalance_price,Long,2026-08-11T19:14:45Z
2026-08-11T19:03:52Z,2026-08-11T21:03:52+0200,d65ae107-0026-470c-8885-f57b4d7803f4,2026-07-18T11:15:00Z,2026-07-18T13:15:00+0200,-4.07,EUR/MWh,DK2,DK_2,imbalance_price,Short,2026-08-11T19:14:45Z
2026-08-11T19:03:52Z,2026-08-11T21:03:52+0200,d65ae107-0026-470c-8885-f57b4d7803f4,2026-07-18T11:30:00Z,2026-07-18T13:30:00+0200,-6.62,EUR/MWh,DK2,DK_2,imbalance_price,Long,2026-08-11T19:14:45Z
2026-08-11T19:03:52Z,2026-08-11T21:03:52+0200,d65ae107-0026-470c-8885-f57b4d7803f4,2026-07-18T11:30:00Z,2026-07-18T13:30:00+0200,-6.62,EUR/MWh,DK2,DK_2,imbalance_price,Short,2026-08-11T19:14:45Z
2026-08-11T19:03:52Z,2026-08-11T21:03:52+0200,d65ae107-0026-470c-8885-f57b4d7803f4,2026-07-18T11:45:00Z,2026-07-18T13:45:00+0200,-19.91,EUR/MWh,DK2,DK_2,imbalance_price,Long,2026-08-11T19:14:45Z
2026-08-11T19:03:52Z,2026-08-11T21:03:52+0200,d65ae107-0026-470c-8885-f57b4d7803f4,2026-07-18T11:45:00Z,2026-07-18T13:45:00+0200,-19.91,EUR/MWh,DK2,DK_2,imbalance_price,Short,2026-08-11T19:14:45Z
2026-08-11T19:03:52Z,2026-08-11T21:03:52+0200,d65ae107-0026-470c-8885-f57b4d7803f4,2026-07-18T12:00:00Z,2026-07-18T14:00:00+0200,-10.27,EUR/MWh,DK2,DK_2,imbalance_price,Long,2026-08-11T19:14:45Z
2026-08-11T19:03:52Z,2026-08-11T21:03:52+0200,d65ae107-0026-470c-8885-f57b4d7803f4,2026-07-18T12:00:00Z,2026-07-18T14:00:00+0200,-10.27,EUR/MWh,DK2,DK_2,imbalance_price,Short,2026-08-11T19:14:45Z
2026-08-11T19:03:52Z,2026-08-11T21:03:52+0200,d65ae107-0026-470c-8885-f57b4d7803f4,2026-07-18T12:15:00Z,2026-07-18T14:15:00+0200,-10.04,EUR/MWh,DK2,DK_2,imbalance_price,Long,2026-08-11T19:14:45Z
2026-08-11T19:03:52Z,2026-08-11T21:03:52+0200,d65ae107-0026-470c-8885-f57b4d7803f4,2026-07-18T12:15:00Z,2026-07-18T14:15:00+0200,-10.04,EUR/MWh,DK2,DK_2,imbalance_price,Short,2026-08-11T19:14:45Z
2026-08-11T19:03:52Z,2026-08-11T21:03:52+0200,d65ae107-0026-470c-8885-f57b4d7803f4,2026-07-18T12:30:00Z,2026-07-18T14:30:00+0200,-7.63,EUR/MWh,DK2,DK_2,imbalance_price,Long,2026-08-11T19:14:45Z
2026-08-11T19:03:52Z,2026-08-11T21:03:52+0200,d65ae107-0026-470c-8885-f57b4d7803f4,2026-07-18T12:30:00Z,2026-07-18T14:30:00+0200,-7.63,EUR/MWh,DK2,DK_2,imbalance_price,Short,2026-08-11T19:14:45Z
2026-08-11T19:03:52Z,2026-08-11T21:03:52+0200,d65ae107-0026-470c-8885-f57b4d7803f4,2026-07-18T12:45:00Z,2026-07-18T14:45:00+0200,-17.0,EUR/MWh,DK2,DK_2,imbalance_price,Long,2026-08-11T19:14:45Z
2026-08-11T19:03:52Z,2026-08-11T21:03:52+0200,d65ae107-0026-470c-8885-f57b4d7803f4,2026-07-18T12:45:00Z,2026-07-18T14:45:00+0200,-17.0,EUR/MWh,DK2,DK_2,imbalance_price,Short,2026-08-11T19:14:45Z
2026-08-11T19:03:52Z,2026-08-11T21:03:52+0200,d65ae107-0026-470c-8885-f57b4d7803f4,2026-07-18T13:00:00Z,2026-07-18T15:00:00+0200,-18.92,EUR/MWh,DK2,DK_2,imbalance_price,Long,2026-08-11T19:14:45Z
2026-08-11T19:03:52Z,2026-08-11T21:03:52+0200,d65ae107-0026-470c-8885-f57b4d7803f4,2026-07-18T13:00:00Z,2026-07-18T15:00:00+0200,-18.92,EUR/MWh,DK2,DK_2,imbalance_price,Short,2026-08-11T19:14:45Z
2026-08-11T19:03:52Z,2026-08-11T21:03:52+0200,d65ae107-0026-470c-8885-f57b4d7803f4,2026-07-18T13:15:00Z,2026-07-18T15:15:00+0200,-13.38,EUR/MWh,DK2,DK_2,imbalance_price,Long,2026-08-11T19:14:45Z
2026-08-11T19:03:52Z,2026-08-11T21:03:52+0200,d65ae107-0026-470c-8885-f57b4d7803f4,2026-07-18T13:15:00Z,2026-07-18T15:15:00+0200,-13.38,EUR/MWh,DK2,DK_2,imbalance_price,Short,2026-08-11T19:14:45Z
2026-08-11T19:03:52Z,2026-08-11T21:03:52+0200,d65ae107-0026-470c-8885-f57b4d7803f4,2026-07-18T13:30:00Z,2026-07-18T15:30:00+0200,-1.74,EUR/MWh,DK2,DK_2,imbalance_price,Long,2026-08-11T19:14:45Z
2026-08-11T19:03:52Z,2026-08-11T21:03:52+0200,d65ae107-0026-470c-8885-f57b4d7803f4,2026-07-18T13:30:00Z,2026-07-18T15:30:00+0200,-1.74,EUR/MWh,DK2,DK_2,imbalance_price,Short,2026-08-11T19:14:45Z
2026-08-11T19:03:52Z,2026-08-11T21:03:52+0200,d65ae107-0026-470c-8885-f57b4d7803f4,2026-07-18T13:45:00Z,2026-07-18T15:45:00+0200,-3.18,EUR/MWh,DK2,DK_2,imbalance_price,Long,2026-08-11T19:14:45Z
2026-08-11T19:03:52Z,2026-08-11T21:03:52+0200,d65ae107-0026-470c-8885-f57b4d7803f4,2026-07-18T13:45:00Z,2026-07-18T15:45:00+0200,-3.18,EUR/MWh,DK2,DK_2,imbalance_price,Short,2026-08-11T19:14:45Z
2026-08-11T19:03:52Z,2026-08-11T21:03:52+0200,d65ae107-0026-470c-8885-f57b4d7803f4,2026-07-18T14:00:00Z,2026-07-18T16:00:00+0200,-29.71,EUR/MWh,DK2,DK_2,imbalance_price,Long,2026-08-11T19:14:45Z
2026-08-11T19:03:52Z,2026-08-11T21:03:52+0200,d65ae107-0026-470c-8885-f57b4d7803f4,2026-07-18T14:00:00Z,2026-07-18T16:00:00+0200,-29.71,EUR/MWh,DK2,DK_2,imbalance_price,Short,2026-08-11T19:14:45Z
2026-08-11T19:03:52Z,2026-08-11T21:03:52+0200,d65ae107-0026-470c-8885-f57b4d7803f4,2026-07-18T14:15:00Z,2026-07-18T16:15:00+0200,-19.9,EUR/MWh,DK2,DK_2,imbalance_price,Long,2026-08-11T19:14:45Z
2026-08-11T19:03:52Z,2026-08-11T21:03:52+0200,d65ae107-0026-470c-8885-f57b4d7803f4,2026-07-18T14:15:00Z,2026-07-18T16:15:00+0200,-19.9,EUR/MWh,DK2,DK_2,imbalance_price,Short,2026-08-11T19:14:45Z
2026-08-11T19:03:52Z,2026-08-11T21:03:52+0200,d65ae107-0026-470c-8885-f57b4d7803f4,2026-07-18T14:30:00Z,2026-07-18T16:30:00+0200,-15.07,EUR/MWh,DK2,DK_2,imbalance_price,Long,2026-08-11T19:14:45Z
2026-08-11T19:03:52Z,2026-08-11T21:03:52+0200,d65ae107-0026-470c-8885-f57b4d7803f4,2026-07-18T14:30:00Z,2026-07-18T16:30:00+0200,-15.07,EUR/MWh,DK2,DK_2,imbalance_price,Short,2026-08-11T19:14:45Z
2026-08-11T19:03:52Z,2026-08-11T21:03:52+0200,d65ae107-0026-470c-8885-f57b4d7803f4,2026-07-18T14:45:00Z,2026-07-18T16:45:00+0200,-4.42,EUR/MWh,DK2,DK_2,imbalance_price,Long,2026-08-11T19:14:45Z
2026-08-11T19:03:52Z,2026-08-11T21:03:52+0200,d65ae107-0026-470c-8885-f57b4d7803f4,2026-07-18T14:45:00Z,2026-07-18T16:45:00+0200,-4.42,EUR/MWh,DK2,DK_2,imbalance_price,Short,2026-08-11T19:14:45Z
2026-08-11T19:03:52Z,2026-08-11T21:03:52+0200,d65ae107-0026-470c-8885-f57b4d7803f4,2026-07-18T15:00:00Z,2026-07-18T17:00:00+0200,3.06,EUR/MWh,DK2,DK_2,imbalance_price,Long,2026-08-11T19:14:45Z
2026-08-11T19:03:52Z,2026-08-11T21:03:52+0200,d65ae107-0026-470c-8885-f57b4d7803f4,2026-07-18T15:00:00Z,2026-07-18T17:00:00+0200,3.06,EUR/MWh,DK2,DK_2,imbalance_price,Short,2026-08-11T19:14:45Z
2026-08-11T19:03:52Z,2026-08-11T21:03:52+0200,d65ae107-0026-470c-8885-f57b4d7803f4,2026-07-18T15:15:00Z,2026-07-18T17:15:00+0200,0.1,EUR/MWh,DK2,DK_2,imbalance_price,Long,2026-08-11T19:14:45Z
2026-08-11T19:03:52Z,2026-08-11T21:03:52+0200,d65ae107-0026-470c-8885-f57b4d7803f4,2026-07-18T15:15:00Z,2026-07-18T17:15:00+0200,0.1,EUR/MWh,DK2,DK_2,imbalance_price,Short,2026-08-11T19:14:45Z
2026-08-11T19:03:52Z,2026-08-11T21:03:52+0200,d65ae107-0026-470c-8885-f57b4d7803f4,2026-07-18T15:30:00Z,2026-07-18T17:30:00+0200,5.37,EUR/MWh,DK2,DK_2,imbalance_price,Long,2026-08-11T19:14:45Z
2026-08-11T19:03:52Z,2026-08-11T21:03:52+0200,d65ae107-0026-470c-8885-f57b4d7803f4,2026-07-18T15:30:00Z,2026-07-18T17:30:00+0200,5.37,EUR/MWh,DK2,DK_2,imbalance_price,Short,2026-08-11T19:14:45Z
2026-08-11T19:03:52Z,2026-08-11T21:03:52+0200,d65ae107-0026-470c-8885-f57b4d7803f4,2026-07-18T15:45:00Z,2026-07-18T17:45:00+0200,6.39,EUR/MWh,DK2,DK_2,imbalance_price,Long,2026-08-11T19:14:45Z
2026-08-11T19:03:52Z,2026-08-11T21:03:52+0200,d65ae107-0026-470c-8885-f57b4d7803f4,2026-07-18T15:45:00Z,2026-07-18T17:45:00+0200,6.39,EUR/MWh,DK2,DK_2,imbalance_price,Short,2026-08-11T19:14:45Z
2026-08-11T19:03:52Z,2026-08-11T21:03:52+0200,d65ae107-0026-470c-8885-f57b4d7803f4,2026-07-18T16:00:00Z,2026-07-18T18:00:00+0200,5.89,EUR/MWh,DK2,DK_2,imbalance_price,Long,2026-08-11T19:14:45Z
2026-08-11T19:03:52Z,2026-08-11T21:03:52+0200,d65ae107-0026-470c-8885-f57b4d7803f4,2026-07-18T16:00:00Z,2026-07-18T18:00:00+0200,5.89,EUR/MWh,DK2,DK_2,imbalance_price,Short,2026-08-11T19:14:45Z
2026-08-11T19:03:52Z,2026-08-11T21:03:52+0200,d65ae107-0026-470c-8885-f57b4d7803f4,2026-07-18T16:15:00Z,2026-07-18T18:15:00+0200,669.0,EUR/MWh,DK2,DK_2,imbalance_price,Long,2026-08-11T19:14:45Z
2026-08-11T19:03:52Z,2026-08-11T21:03:52+0200,d65ae107-0026-470c-8885-f57b4d7803f4,2026-07-18T16:15:00Z,2026-07-18T18:15:00+0200,669.0,EUR/MWh,DK2,DK_2,imbalance_price,Short,2026-08-11T19:14:45Z
2026-08-11T19:03:52Z,2026-08-11T21:03:52+0200,d65ae107-0026-470c-8885-f57b4d7803f4,2026-07-18T16:30:00Z,2026-07-18T18:30:00+0200,474.42,EUR/MWh,DK2,DK_2,imbalance_price,Long,2026-08-11T19:14:45Z
2026-08-11T19:03:52Z,2026-08-11T21:03:52+0200,d65ae107-0026-470c-8885-f57b4d7803f4,2026-07-18T16:30:00Z,2026-07-18T18:30:00+0200,474.42,EUR/MWh,DK2,DK_2,imbalance_price,Short,2026-08-11T19:14:45Z
2026-08-11T19:03:52Z,2026-08-11T21:03:52+0200,d65ae107-0026-470c-8885-f57b4d7803f4,2026-07-18T16:45:00Z,2026-07-18T18:45:00+0200,99.39,EUR/MWh,DK2,DK_2,imbalance_price,Long,2026-08-11T19:14:45Z
2026-08-11T19:03:52Z,2026-08-11T21:03:52+0200,d65ae107-0026-470c-8885-f57b4d7803f4,2026-07-18T16:45:00Z,2026-07-18T18:45:00+0200,99.39,EUR/MWh,DK2,DK_2,imbalance_price,Short,2026-08-11T19:14:45Z
2026-08-11T19:03:52Z,2026-08-11T21:03:52+0200,d65ae107-0026-470c-8885-f57b4d7803f4,2026-07-18T17:00:00Z,2026-07-18T19:00:00+0200,85.98,EUR/MWh,DK2,DK_2,imbalance_price,Long,2026-08-11T19:14:45Z
2026-08-11T19:03:52Z,2026-08-11T21:03:52+0200,d65ae107-0026-470c-8885-f57b4d7803f4,2026-07-18T17:00:00Z,2026-07-18T19:00:00+0200,85.98,EUR/MWh,DK2,DK_2,imbalance_price,Short,2026-08-11T19:14:45Z
2026-08-11T19:03:52Z,2026-08-11T21:03:52+0200,d65ae107-0026-470c-8885-f57b4d7803f4,2026-07-18T17:15:00Z,2026-07-18T19:15:00+0200,105.94,EUR/MWh,DK2,DK_2,imbalance_price,Long,2026-08-11T19:14:45Z
2026-08-11T19:03:52Z,2026-08-11T21:03:52+0200,d65ae107-0026-470c-8885-f57b4d7803f4,2026-07-18T17:15:00Z,2026-07-18T19:15:00+0200,105.94,EUR/MWh,DK2,DK_2,imbalance_price,Short,2026-08-11T19:14:45Z
2026-08-11T19:03:52Z,2026-08-11T21:03:52+0200,d65ae107-0026-470c-8885-f57b4d7803f4,2026-07-18T17:30:00Z,2026-07-18T19:30:00+0200,312.85,EUR/MWh,DK2,DK_2,imbalance_price,Long,2026-08-11T19:14:45Z
2026-08-11T19:03:52Z,2026-08-11T21:03:52+0200,d65ae107-0026-470c-8885-f57b4d7803f4,2026-07-18T17:30:00Z,2026-07-18T19:30:00+0200,312.85,EUR/MWh,DK2,DK_2,imbalance_price,Short,2026-08-11T19:14:45Z
2026-08-11T19:03:52Z,2026-08-11T21:03:52+0200,d65ae107-0026-470c-8885-f57b4d7803f4,2026-07-18T17:45:00Z,2026-07-18T19:45:00+0200,208.52,EUR/MWh,DK2,DK_2,imbalance_price,Long,2026-08-11T19:14:45Z
2026-08-11T19:03:52Z,2026-08-11T21:03:52+0200,d65ae107-0026-470c-8885-f57b4d7803f4,2026-07-18T17:45:00Z,2026-07-18T19:45:00+0200,208.52,EUR/MWh,DK2,DK_2,imbalance_price,Short,2026-08-11T19:14:45Z
2026-08-11T19:03:52Z,2026-08-11T21:03:52+0200,d65ae107-0026-470c-8885-f57b4d7803f4,2026-07-18T18:00:00Z,2026-07-18T20:00:00+0200,116.38,EUR/MWh,DK2,DK_2,imbalance_price,Long,2026-08-11T19:14:45Z
2026-08-11T19:03:52Z,2026-08-11T21:03:52+0200,d65ae107-0026-470c-8885-f57b4d7803f4,2026-07-18T18:00:00Z,2026-07-18T20:00:00+0200,116.38,EUR/MWh,DK2,DK_2,imbalance_price,Short,2026-08-11T19:14:45Z
2026-08-11T19:03:52Z,2026-08-11T21:03:52+0200,d65ae107-0026-470c-8885-f57b4d7803f4,2026-07-18T18:15:00Z,2026-07-18T20:15:00+0200,76.43,EUR/MWh,DK2,DK_2,imbalance_price,Long,2026-08-11T19:14:45Z
2026-08-11T19:03:52Z,2026-08-11T21:03:52+0200,d65ae107-0026-470c-8885-f57b4d7803f4,2026-07-18T18:15:00Z,2026-07-18T20:15:00+0200,76.43,EUR/MWh,DK2,DK_2,imbalance_price,Short,2026-08-11T19:14:45Z
2026-08-11T19:03:52Z,2026-08-11T21:03:52+0200,d65ae107-0026-470c-8885-f57b4d7803f4,2026-07-18T18:30:00Z,2026-07-18T20:30:00+0200,50.3,EUR/MWh,DK2,DK_2,imbalance_price,Long,2026-08-11T19:14:45Z
2026-08-11T19:03:52Z,2026-08-11T21:03:52+0200,d65ae107-0026-470c-8885-f57b4d7803f4,2026-07-18T18:30:00Z,2026-07-18T20:30:00+0200,50.3,EUR/MWh,DK2,DK_2,imbalance_price,Short,2026-08-11T19:14:45Z
2026-08-11T19:03:52Z,2026-08-11T21:03:52+0200,d65ae107-0026-470c-8885-f57b4d7803f4,2026-07-18T18:45:00Z,2026-07-18T20:45:00+0200,110.99,EUR/MWh,DK2,DK_2,imbalance_price,Long,2026-08-11T19:14:45Z
2026-08-11T19:03:52Z,2026-08-11T21:03:52+0200,d65ae107-0026-470c-8885-f57b4d7803f4,2026-07-18T18:45:00Z,2026-07-18T20:45:00+0200,110.99,EUR/MWh,DK2,DK_2,imbalance_price,Short,2026-08-11T19:14:45Z
2026-08-11T19:03:52Z,2026-08-11T21:03:52+0200,d65ae107-0026-470c-8885-f57b4d7803f4,2026-07-18T19:00:00Z,2026-07-18T21:00:00+0200,137.86,EUR/MWh,DK2,DK_2,imbalance_price,Long,2026-08-11T19:14:45Z
2026-08-11T19:03:52Z,2026-08-11T21:03:52+0200,d65ae107-0026-470c-8885-f57b4d7803f4,2026-07-18T19:00:00Z,2026-07-18T21:00:00+0200,137.86,EUR/MWh,DK2,DK_2,imbalance_price,Short,2026-08-11T19:14:45Z
2026-08-11T19:03:52Z,2026-08-11T21:03:52+0200,d65ae107-0026-470c-8885-f57b4d7803f4,2026-07-18T19:15:00Z,2026-07-18T21:15:00+0200,133.17,EUR/MWh,DK2,DK_2,imbalance_price,Long,2026-08-11T19:14:45Z
2026-08-11T19:03:52Z,2026-08-11T21:03:52+0200,d65ae107-0026-470c-8885-f57b4d7803f4,2026-07-18T19:15:00Z,2026-07-18T21:15:00+0200,133.17,EUR/MWh,DK2,DK_2,imbalance_price,Short,2026-08-11T19:14:45Z
2026-08-11T19:03:52Z,2026-08-11T21:03:52+0200,d65ae107-0026-470c-8885-f57b4d7803f4,2026-07-18T19:30:00Z,2026-07-18T21:30:00+0200,134.4,EUR/MWh,DK2,DK_2,imbalance_price,Long,2026-08-11T19:14:45Z
2026-08-11T19:03:52Z,2026-08-11T21:03:52+0200,d65ae107-0026-470c-8885-f57b4d7803f4,2026-07-18T19:30:00Z,2026-07-18T21:30:00+0200,134.4,EUR/MWh,DK2,DK_2,imbalance_price,Short,2026-08-11T19:14:45Z
2026-08-11T19:03:52Z,2026-08-11T21:03:52+0200,d65ae107-0026-470c-8885-f57b4d7803f4,2026-07-18T19:45:00Z,2026-07-18T21:45:00+0200,37.36,EUR/MWh,DK2,DK_2,imbalance_price,Long,2026-08-11T19:14:45Z
2026-08-11T19:03:52Z,2026-08-11T21:03:52+0200,d65ae107-0026-470c-8885-f57b4d7803f4,2026-07-18T19:45:00Z,2026-07-18T21:45:00+0200,37.36,EUR/MWh,DK2,DK_2,imbalance_price,Short,2026-08-11T19:14:45Z
2026-08-11T19:03:52Z,2026-08-11T21:03:52+0200,d65ae107-0026-470c-8885-f57b4d7803f4,2026-07-18T20:00:00Z,2026-07-18T22:00:00+0200,55.0,EUR/MWh,DK2,DK_2,imbalance_price,Long,2026-08-11T19:14:45Z
2026-08-11T19:03:52Z,2026-08-11T21:03:52+0200,d65ae107-0026-470c-8885-f57b4d7803f4,2026-07-18T20:00:00Z,2026-07-18T22:00:00+0200,55.0,EUR/MWh,DK2,DK_2,imbalance_price,Short,2026-08-11T19:14:45Z
2026-08-11T19:03:52Z,2026-08-11T21:03:52+0200,d65ae107-0026-470c-8885-f57b4d7803f4,2026-07-18T20:15:00Z,2026-07-18T22:15:00+0200,137.48,EUR/MWh,DK2,DK_2,imbalance_price,Long,2026-08-11T19:14:45Z
2026-08-11T19:03:52Z,2026-08-11T21:03:52+0200,d65ae107-0026-470c-8885-f57b4d7803f4,2026-07-18T20:15:00Z,2026-07-18T22:15:00+0200,137.48,EUR/MWh,DK2,DK_2,imbalance_price,Short,2026-08-11T19:14:45Z
2026-08-11T19:03:52Z,2026-08-11T21:03:52+0200,d65ae107-0026-470c-8885-f57b4d7803f4,2026-07-18T20:30:00Z,2026-07-18T22:30:00+0200,142.89,EUR/MWh,DK2,DK_2,imbalance_price,Long,2026-08-11T19:14:45Z
2026-08-11T19:03:52Z,2026-08-11T21:03:52+0200,d65ae107-0026-470c-8885-f57b4d7803f4,2026-07-18T20:30:00Z,2026-07-18T22:30:00+0200,142.89,EUR/MWh,DK2,DK_2,imbalance_price,Short,2026-08-11T19:14:45Z
2026-08-11T19:03:52Z,2026-08-11T21:03:52+0200,d65ae107-0026-470c-8885-f57b4d7803f4,2026-07-18T20:45:00Z,2026-07-18T22:45:00+0200,137.32,EUR/MWh,DK2,DK_2,imbalance_price,Long,2026-08-11T19:14:45Z
2026-08-11T19:03:52Z,2026-08-11T21:03:52+0200,d65ae107-0026-470c-8885-f57b4d7803f4,2026-07-18T20:45:00Z,2026-07-18T22:45:00+0200,137.32,EUR/MWh,DK2,DK_2,imbalance_price,Short,2026-08-11T19:14:45Z
2026-08-11T19:03:52Z,2026-08-11T21:03:52+0200,d65ae107-0026-470c-8885-f57b4d7803f4,2026-07-18T21:00:00Z,2026-07-18T23:00:00+0200,137.3,EUR/MWh,DK2,DK_2,imbalance_price,Long,2026-08-11T19:14:45Z
2026-08-11T19:03:52Z,2026-08-11T21:03:52+0200,d65ae107-0026-470c-8885-f57b4d7803f4,2026-07-18T21:00:00Z,2026-07-18T23:00:00+0200,137.3,EUR/MWh,DK2,DK_2,imbalance_price,Short,2026-08-11T19:14:45Z
2026-08-11T19:03:52Z,2026-08-11T21:03:52+0200,d65ae107-0026-470c-8885-f57b4d7803f4,2026-07-18T21:15:00Z,2026-07-18T23:15:00+0200,-5.0,EUR/MWh,DK2,DK_2,imbalance_price,Long,2026-08-11T19:14:45Z
2026-08-11T19:03:52Z,2026-08-11T21:03:52+0200,d65ae107-0026-470c-8885-f57b4d7803f4,2026-07-18T21:15:00Z,2026-07-18T23:15:00+0200,-5.0,EUR/MWh,DK2,DK_2,imbalance_price,Short,2026-08-11T19:14:45Z
2026-08-11T19:03:52Z,2026-08-11T21:03:52+0200,d65ae107-0026-470c-8885-f57b4d7803f4,2026-07-18T21:30:00Z,2026-07-18T23:30:00+0200,199.75,EUR/MWh,DK2,DK_2,imbalance_price,Long,2026-08-11T19:14:45Z
2026-08-11T19:03:52Z,2026-08-11T21:03:52+0200,d65ae107-0026-470c-8885-f57b4d7803f4,2026-07-18T21:30:00Z,2026-07-18T23:30:00+0200,199.75,EUR/MWh,DK2,DK_2,imbalance_price,Short,2026-08-11T19:14:45Z
2026-08-11T19:03:52Z,2026-08-11T21:03:52+0200,d65ae107-0026-470c-8885-f57b4d7803f4,2026-07-18T21:45:00Z,2026-07-18T23:45:00+0200,166.43,EUR/MWh,DK2,DK_2,imbalance_price,Long,2026-08-11T19:14:45Z
2026-08-11T19:03:52Z,2026-08-11T21:03:52+0200,d65ae107-0026-470c-8885-f57b4d7803f4,2026-07-18T21:45:00Z,2026-07-18T23:45:00+0200,166.43,EUR/MWh,DK2,DK_2,imbalance_price,Short,2026-08-11T19:14:45Z
2026-08-11T19:03:52Z,2026-08-11T21:03:52+0200,d65ae107-0026-470c-8885-f57b4d7803f4,2026-07-18T22:00:00Z,2026-07-19T00:00:00+0200,142.97,EUR/MWh,DK2,DK_2,imbalance_price,Long,2026-08-11T19:14:45Z
2026-08-11T19:03:52Z,2026-08-11T21:03:52+0200,d65ae107-0026-470c-8885-f57b4d7803f4,2026-07-18T22:00:00Z,2026-07-19T00:00:00+0200,142.97,EUR/MWh,DK2,DK_2,imbalance_price,Short,2026-08-11T19:14:45Z
2026-08-11T19:03:52Z,2026-08-11T21:03:52+0200,d65ae107-0026-470c-8885-f57b4d7803f4,2026-07-18T22:15:00Z,2026-07-19T00:15:00+0200,266.87,EUR/MWh,DK2,DK_2,imbalance_price,Long,2026-08-11T19:14:45Z
2026-08-11T19:03:52Z,2026-08-11T21:03:52+0200,d65ae107-0026-470c-8885-f57b4d7803f4,2026-07-18T22:15:00Z,2026-07-19T00:15:00+0200,266.87,EUR/MWh,DK2,DK_2,imbalance_price,Short,2026-08-11T19:14:45Z
2026-08-11T19:03:52Z,2026-08-11T21:03:52+0200,d65ae107-0026-470c-8885-f57b4d7803f4,2026-07-18T22:30:00Z,2026-07-19T00:30:00+0200,109.28,EUR/MWh,DK2,DK_2,imbalance_price,Long,2026-08-11T19:14:45Z
2026-08-11T19:03:52Z,2026-08-11T21:03:52+0200,d65ae107-0026-470c-8885-f57b4d7803f4,2026-07-18T22:30:00Z,2026-07-19T00:30:00+0200,109.28,EUR/MWh,DK2,DK_2,imbalance_price,Short,2026-08-11T19:14:45Z
2026-08-11T19:03:52Z,2026-08-11T21:03:52+0200,d65ae107-0026-470c-8885-f57b4d7803f4,2026-07-18T22:45:00Z,2026-07-19T00:45:00+0200,95.26,EUR/MWh,DK2,DK_2,imbalance_price,Long,2026-08-11T19:14:45Z
2026-08-11T19:03:52Z,2026-08-11T21:03:52+0200,d65ae107-0026-470c-8885-f57b4d7803f4,2026-07-18T22:45:00Z,2026-07-19T00:45:00+0200,95.26,EUR/MWh,DK2,DK_2,imbalance_price,Short,2026-08-11T19:14:45Z
2026-08-11T19:03:52Z,2026-08-11T21:03:52+0200,d65ae107-0026-470c-8885-f57b4d7803f4,2026-07-18T23:00:00Z,2026-07-19T01:00:00+0200,132.58,EUR/MWh,DK2,DK_2,imbalance_price,Long,2026-08-11T19:14:45Z
2026-08-11T19:03:52Z,2026-08-11T21:03:52+0200,d65ae107-0026-470c-8885-f57b4d7803f4,2026-07-18T23:00:00Z,2026-07-19T01:00:00+0200,132.58,EUR/MWh,DK2,DK_2,imbalance_price,Short,2026-08-11T19:14:45Z
2026-08-11T19:03:52Z,2026-08-11T21:03:52+0200,d65ae107-0026-470c-8885-f57b4d7803f4,2026-07-18T23:15:00Z,2026-07-19T01:15:00+0200,148.07,EUR/MWh,DK2,DK_2,imbalance_price,Long,2026-08-11T19:14:45Z
2026-08-11T19:03:52Z,2026-08-11T21:03:52+0200,d65ae107-0026-470c-8885-f57b4d7803f4,2026-07-18T23:15:00Z,2026-07-19T01:15:00+0200,148.07,EUR/MWh,DK2,DK_2,imbalance_price,Short,2026-08-11T19:14:45Z
2026-08-11T19:03:52Z,2026-08-11T21:03:52+0200,d65ae107-0026-470c-8885-f57b4d7803f4,2026-07-18T23:30:00Z,2026-07-19T01:30:00+0200,240.51,EUR/MWh,DK2,DK_2,imbalance_price,Long,2026-08-11T19:14:45Z
2026-08-11T19:03:52Z,2026-08-11T21:03:52+0200,d65ae107-0026-470c-8885-f57b4d7803f4,2026-07-18T23:30:00Z,2026-07-19T01:30:00+0200,240.51,EUR/MWh,DK2,DK_2,imbalance_price,Short,2026-08-11T19:14:45Z
2026-08-11T19:03:52Z,2026-08-11T21:03:52+0200,d65ae107-0026-470c-8885-f57b4d7803f4,2026-07-18T23:45:00Z,2026-07-19T01:45:00+0200,123.41,EUR/MWh,DK2,DK_2,imbalance_price,Long,2026-08-11T19:14:45Z
2026-08-11T19:03:52Z,2026-08-11T21:03:52+0200,d65ae107-0026-470c-8885-f57b4d7803f4,2026-07-18T23:45:00Z,2026-07-19T01:45:00+0200,123.41,EUR/MWh,DK2,DK_2,imbalance_price,Short,2026-08-11T19:14:45Z
2026-08-11T19:03:52Z,2026-08-11T21:03:52+0200,d65ae107-0026-470c-8885-f57b4d7803f4,2026-07-19T00:00:00Z,2026-07-19T02:00:00+0200,125.26,EUR/MWh,DK2,DK_2,imbalance_price,Long,2026-08-11T19:14:45Z
2026-08-11T19:03:52Z,2026-08-11T21:03:52+0200,d65ae107-0026-470c-8885-f57b4d7803f4,2026-07-19T00:00:00Z,2026-07-19T02:00:00+0200,125.26,EUR/MWh,DK2,DK_2,imbalance_price,Short,2026-08-11T19:14:45Z
2026-08-11T19:03:52Z,2026-08-11T21:03:52+0200,d65ae107-0026-470c-8885-f57b4d7803f4,2026-07-19T00:15:00Z,2026-07-19T02:15:00+0200,0.0,EUR/MWh,DK2,DK_2,imbalance_price,Long,2026-08-11T19:14:45Z
2026-08-11T19:03:52Z,2026-08-11T21:03:52+0200,d65ae107-0026-470c-8885-f57b4d7803f4,2026-07-19T00:15:00Z,2026-07-19T02:15:00+0200,0.0,EUR/MWh,DK2,DK_2,imbalance_price,Short,2026-08-11T19:14:45Z
2026-08-11T19:03:52Z,2026-08-11T21:03:52+0200,d65ae107-0026-470c-8885-f57b4d7803f4,2026-07-19T00:30:00Z,2026-07-19T02:30:00+0200,33.82,EUR/MWh,DK2,DK_2,imbalance_price,Long,2026-08-11T19:14:45Z
2026-08-11T19:03:52Z,2026-08-11T21:03:52+0200,d65ae107-0026-470c-8885-f57b4d7803f4,2026-07-19T00:30:00Z,2026-07-19T02:30:00+0200,33.82,EUR/MWh,DK2,DK_2,imbalance_price,Short,2026-08-11T19:14:45Z
2026-08-11T19:03:52Z,2026-08-11T21:03:52+0200,d65ae107-0026-470c-8885-f57b4d7803f4,2026-07-19T00:45:00Z,2026-07-19T02:45:00+0200,114.78,EUR/MWh,DK2,DK_2,imbalance_price,Long,2026-08-11T19:14:45Z
2026-08-11T19:03:52Z,2026-08-11T21:03:52+0200,d65ae107-0026-470c-8885-f57b4d7803f4,2026-07-19T00:45:00Z,2026-07-19T02:45:00+0200,114.78,EUR/MWh,DK2,DK_2,imbalance_price,Short,2026-08-11T19:14:45Z
2026-08-11T19:03:52Z,2026-08-11T21:03:52+0200,d65ae107-0026-470c-8885-f57b4d7803f4,2026-07-19T01:00:00Z,2026-07-19T03:00:00+0200,118.89,EUR/MWh,DK2,DK_2,imbalance_price,Long,2026-08-11T19:14:45Z
2026-08-11T19:03:52Z,2026-08-11T21:03:52+0200,d65ae107-0026-470c-8885-f57b4d7803f4,2026-07-19T01:00:00Z,2026-07-19T03:00:00+0200,118.89,EUR/MWh,DK2,DK_2,imbalance_price,Short,2026-08-11T19:14:45Z
2026-08-11T19:03:52Z,2026-08-11T21:03:52+0200,d65ae107-0026-470c-8885-f57b4d7803f4,2026-07-19T01:15:00Z,2026-07-19T03:15:00+0200,120.09,EUR/MWh,DK2,DK_2,imbalance_price,Long,2026-08-11T19:14:45Z
2026-08-11T19:03:52Z,2026-08-11T21:03:52+0200,d65ae107-0026-470c-8885-f57b4d7803f4,2026-07-19T01:15:00Z,2026-07-19T03:15:00+0200,120.09,EUR/MWh,DK2,DK_2,imbalance_price,Short,2026-08-11T19:14:45Z
2026-08-11T19:03:52Z,2026-08-11T21:03:52+0200,d65ae107-0026-470c-8885-f57b4d7803f4,2026-07-19T01:30:00Z,2026-07-19T03:30:00+0200,155.82,EUR/MWh,DK2,DK_2,imbalance_price,Long,2026-08-11T19:14:45Z
2026-08-11T19:03:52Z,2026-08-11T21:03:52+0200,d65ae107-0026-470c-8885-f57b4d7803f4,2026-07-19T01:30:00Z,2026-07-19T03:30:00+0200,155.82,EUR/MWh,DK2,DK_2,imbalance_price,Short,2026-08-11T19:14:45Z
2026-08-11T19:03:52Z,2026-08-11T21:03:52+0200,d65ae107-0026-470c-8885-f57b4d7803f4,2026-07-19T01:45:00Z,2026-07-19T03:45:00+0200,115.57,EUR/MWh,DK2,DK_2,imbalance_price,Long,2026-08-11T19:14:45Z
2026-08-11T19:03:52Z,2026-08-11T21:03:52+0200,d65ae107-0026-470c-8885-f57b4d7803f4,2026-07-19T01:45:00Z,2026-07-19T03:45:00+0200,115.57,EUR/MWh,DK2,DK_2,imbalance_price,Short,2026-08-11T19:14:45Z
2026-08-11T19:03:52Z,2026-08-11T21:03:52+0200,d65ae107-0026-470c-8885-f57b4d7803f4,2026-07-19T02:00:00Z,2026-07-19T04:00:00+0200,119.75,EUR/MWh,DK2,DK_2,imbalance_price,Long,2026-08-11T19:14:45Z
2026-08-11T19:03:52Z,2026-08-11T21:03:52+0200,d65ae107-0026-470c-8885-f57b4d7803f4,2026-07-19T02:00:00Z,2026-07-19T04:00:00+0200,119.75,EUR/MWh,DK2,DK_2,imbalance_price,Short,2026-08-11T19:14:45Z
2026-08-11T19:03:52Z,2026-08-11T21:03:52+0200,d65ae107-0026-470c-8885-f57b4d7803f4,2026-07-19T02:15:00Z,2026-07-19T04:15:00+0200,13.02,EUR/MWh,DK2,DK_2,imbalance_price,Long,2026-08-11T19:14:45Z
2026-08-11T19:03:52Z,2026-08-11T21:03:52+0200,d65ae107-0026-470c-8885-f57b4d7803f4,2026-07-19T02:15:00Z,2026-07-19T04:15:00+0200,13.02,EUR/MWh,DK2,DK_2,imbalance_price,Short,2026-08-11T19:14:45Z
2026-08-11T19:03:52Z,2026-08-11T21:03:52+0200,d65ae107-0026-470c-8885-f57b4d7803f4,2026-07-19T02:30:00Z,2026-07-19T04:30:00+0200,-5.0,EUR/MWh,DK2,DK_2,imbalance_price,Long,2026-08-11T19:14:45Z
2026-08-11T19:03:52Z,2026-08-11T21:03:52+0200,d65ae107-0026-470c-8885-f57b4d7803f4,2026-07-19T02:30:00Z,2026-07-19T04:30:00+0200,-5.0,EUR/MWh,DK2,DK_2,imbalance_price,Short,2026-08-11T19:14:45Z
2026-08-11T19:03:52Z,2026-08-11T21:03:52+0200,d65ae107-0026-470c-8885-f57b4d7803f4,2026-07-19T02:45:00Z,2026-07-19T04:45:00+0200,-7.0,EUR/MWh,DK2,DK_2,imbalance_price,Long,2026-08-11T19:14:45Z
2026-08-11T19:03:52Z,2026-08-11T21:03:52+0200,d65ae107-0026-470c-8885-f57b4d7803f4,2026-07-19T02:45:00Z,2026-07-19T04:45:00+0200,-7.0,EUR/MWh,DK2,DK_2,imbalance_price,Short,2026-08-11T19:14:45Z
2026-08-11T19:03:52Z,2026-08-11T21:03:52+0200,d65ae107-0026-470c-8885-f57b4d7803f4,2026-07-19T03:00:00Z,2026-07-19T05:00:00+0200,1.33,EUR/MWh,DK2,DK_2,imbalance_price,Long,2026-08-11T19:14:45Z
2026-08-11T19:03:52Z,2026-08-11T21:03:52+0200,d65ae107-0026-470c-8885-f57b4d7803f4,2026-07-19T03:00:00Z,2026-07-19T05:00:00+0200,1.33,EUR/MWh,DK2,DK_2,imbalance_price,Short,2026-08-11T19:14:45Z
2026-08-11T19:03:52Z,2026-08-11T21:03:52+0200,d65ae107-0026-470c-8885-f57b4d7803f4,2026-07-19T03:15:00Z,2026-07-19T05:15:00+0200,110.42,EUR/MWh,DK2,DK_2,imbalance_price,Long,2026-08-11T19:14:45Z
2026-08-11T19:03:52Z,2026-08-11T21:03:52+0200,d65ae107-0026-470c-8885-f57b4d7803f4,2026-07-19T03:15:00Z,2026-07-19T05:15:00+0200,110.42,EUR/MWh,DK2,DK_2,imbalance_price,Short,2026-08-11T19:14:45Z
2026-08-11T19:03:52Z,2026-08-11T21:03:52+0200,d65ae107-0026-470c-8885-f57b4d7803f4,2026-07-19T03:30:00Z,2026-07-19T05:30:00+0200,210.0,EUR/MWh,DK2,DK_2,imbalance_price,Long,2026-08-11T19:14:45Z
2026-08-11T19:03:52Z,2026-08-11T21:03:52+0200,d65ae107-0026-470c-8885-f57b4d7803f4,2026-07-19T03:30:00Z,2026-07-19T05:30:00+0200,210.0,EUR/MWh,DK2,DK_2,imbalance_price,Short,2026-08-11T19:14:45Z
2026-08-11T19:03:52Z,2026-08-11T21:03:52+0200,d65ae107-0026-470c-8885-f57b4d7803f4,2026-07-19T03:45:00Z,2026-07-19T05:45:00+0200,130.15,EUR/MWh,DK2,DK_2,imbalance_price,Long,2026-08-11T19:14:45Z
2026-08-11T19:03:52Z,2026-08-11T21:03:52+0200,d65ae107-0026-470c-8885-f57b4d7803f4,2026-07-19T03:45:00Z,2026-07-19T05:45:00+0200,130.15,EUR/MWh,DK2,DK_2,imbalance_price,Short,2026-08-11T19:14:45Z
2026-08-11T19:03:52Z,2026-08-11T21:03:52+0200,d65ae107-0026-470c-8885-f57b4d7803f4,2026-07-19T04:00:00Z,2026-07-19T06:00:00+0200,109.94,EUR/MWh,DK2,DK_2,imbalance_price,Long,2026-08-11T19:14:45Z
2026-08-11T19:03:52Z,2026-08-11T21:03:52+0200,d65ae107-0026-470c-8885-f57b4d7803f4,2026-07-19T04:00:00Z,2026-07-19T06:00:00+0200,109.94,EUR/MWh,DK2,DK_2,imbalance_price,Short,2026-08-11T19:14:45Z
2026-08-11T19:03:52Z,2026-08-11T21:03:52+0200,d65ae107-0026-470c-8885-f57b4d7803f4,2026-07-19T04:15:00Z,2026-07-19T06:15:00+0200,104.41,EUR/MWh,DK2,DK_2,imbalance_price,Long,2026-08-11T19:14:45Z
2026-08-11T19:03:52Z,2026-08-11T21:03:52+0200,d65ae107-0026-470c-8885-f57b4d7803f4,2026-07-19T04:15:00Z,2026-07-19T06:15:00+0200,104.41,EUR/MWh,DK2,DK_2,imbalance_price,Short,2026-08-11T19:14:45Z
2026-08-11T19:03:52Z,2026-08-11T21:03:52+0200,d65ae107-0026-470c-8885-f57b4d7803f4,2026-07-19T04:30:00Z,2026-07-19T06:30:00+0200,101.91,EUR/MWh,DK2,DK_2,imbalance_price,Long,2026-08-11T19:14:45Z
2026-08-11T19:03:52Z,2026-08-11T21:03:52+0200,d65ae107-0026-470c-8885-f57b4d7803f4,2026-07-19T04:30:00Z,2026-07-19T06:30:00+0200,101.91,EUR/MWh,DK2,DK_2,imbalance_price,Short,2026-08-11T19:14:45Z
2026-08-11T19:03:52Z,2026-08-11T21:03:52+0200,d65ae107-0026-470c-8885-f57b4d7803f4,2026-07-19T04:45:00Z,2026-07-19T06:45:00+0200,93.22,EUR/MWh,DK2,DK_2,imbalance_price,Long,2026-08-11T19:14:45Z
2026-08-11T19:03:52Z,2026-08-11T21:03:52+0200,d65ae107-0026-470c-8885-f57b4d7803f4,2026-07-19T04:45:00Z,2026-07-19T06:45:00+0200,93.22,EUR/MWh,DK2,DK_2,imbalance_price,Short,2026-08-11T19:14:45Z
2026-08-11T19:03:52Z,2026-08-11T21:03:52+0200,d65ae107-0026-470c-8885-f57b4d7803f4,2026-07-19T05:00:00Z,2026-07-19T07:00:00+0200,65.0,EUR/MWh,DK2,DK_2,imbalance_price,Long,2026-08-11T19:14:45Z
2026-08-11T19:03:52Z,2026-08-11T21:03:52+0200,d65ae107-0026-470c-8885-f57b4d7803f4,2026-07-19T05:00:00Z,2026-07-19T07:00:00+0200,65.0,EUR/MWh,DK2,DK_2,imbalance_price,Short,2026-08-11T19:14:45Z
2026-08-11T19:03:52Z,2026-08-11T21:03:52+0200,d65ae107-0026-470c-8885-f57b4d7803f4,2026-07-19T05:15:00Z,2026-07-19T07:15:00+0200,30.83,EUR/MWh,DK2,DK_2,imbalance_price,Long,2026-08-11T19:14:45Z
2026-08-11T19:03:52Z,2026-08-11T21:03:52+0200,d65ae107-0026-470c-8885-f57b4d7803f4,2026-07-19T05:15:00Z,2026-07-19T07:15:00+0200,30.83,EUR/MWh,DK2,DK_2,imbalance_price,Short,2026-08-11T19:14:45Z
2026-08-11T19:03:52Z,2026-08-11T21:03:52+0200,d65ae107-0026-470c-8885-f57b4d7803f4,2026-07-19T05:30:00Z,2026-07-19T07:30:00+0200,27.93,EUR/MWh,DK2,DK_2,imbalance_price,Long,2026-08-11T19:14:45Z
2026-08-11T19:03:52Z,2026-08-11T21:03:52+0200,d65ae107-0026-470c-8885-f57b4d7803f4,2026-07-19T05:30:00Z,2026-07-19T07:30:00+0200,27.93,EUR/MWh,DK2,DK_2,imbalance_price,Short,2026-08-11T19:14:45Z
2026-08-11T19:03:52Z,2026-08-11T21:03:52+0200,d65ae107-0026-470c-8885-f57b4d7803f4,2026-07-19T05:45:00Z,2026-07-19T07:45:00+0200,22.04,EUR/MWh,DK2,DK_2,imbalance_price,Long,2026-08-11T19:14:45Z
2026-08-11T19:03:52Z,2026-08-11T21:03:52+0200,d65ae107-0026-470c-8885-f57b4d7803f4,2026-07-19T05:45:00Z,2026-07-19T07:45:00+0200,22.04,EUR/MWh,DK2,DK_2,imbalance_price,Short,2026-08-11T19:14:45Z
2026-08-11T19:03:52Z,2026-08-11T21:03:52+0200,d65ae107-0026-470c-8885-f57b4d7803f4,2026-07-19T06:00:00Z,2026-07-19T08:00:00+0200,24.39,EUR/MWh,DK2,DK_2,imbalance_price,Long,2026-08-11T19:14:45Z
2026-08-11T19:03:52Z,2026-08-11T21:03:52+0200,d65ae107-0026-470c-8885-f57b4d7803f4,2026-07-19T06:00:00Z,2026-07-19T08:00:00+0200,24.39,EUR/MWh,DK2,DK_2,imbalance_price,Short,2026-08-11T19:14:45Z
2026-08-11T19:03:52Z,2026-08-11T21:03:52+0200,d65ae107-0026-470c-8885-f57b4d7803f4,2026-07-19T06:15:00Z,2026-07-19T08:15:00+0200,8.0,EUR/MWh,DK2,DK_2,imbalance_price,Long,2026-08-11T19:14:45Z
2026-08-11T19:03:52Z,2026-08-11T21:03:52+0200,d65ae107-0026-470c-8885-f57b4d7803f4,2026-07-19T06:15:00Z,2026-07-19T08:15:00+0200,8.0,EUR/MWh,DK2,DK_2,imbalance_price,Short,2026-08-11T19:14:45Z
2026-08-11T19:03:52Z,2026-08-11T21:03:52+0200,d65ae107-0026-470c-8885-f57b4d7803f4,2026-07-19T06:30:00Z,2026-07-19T08:30:00+0200,-6.17,EUR/MWh,DK2,DK_2,imbalance_price,Long,2026-08-11T19:14:45Z
2026-08-11T19:03:52Z,2026-08-11T21:03:52+0200,d65ae107-0026-470c-8885-f57b4d7803f4,2026-07-19T06:30:00Z,2026-07-19T08:30:00+0200,-6.17,EUR/MWh,DK2,DK_2,imbalance_price,Short,2026-08-11T19:14:45Z
2026-08-11T19:03:52Z,2026-08-11T21:03:52+0200,d65ae107-0026-470c-8885-f57b4d7803f4,2026-07-19T06:45:00Z,2026-07-19T08:45:00+0200,-3.72,EUR/MWh,DK2,DK_2,imbalance_price,Long,2026-08-11T19:14:45Z
2026-08-11T19:03:52Z,2026-08-11T21:03:52+0200,d65ae107-0026-470c-8885-f57b4d7803f4,2026-07-19T06:45:00Z,2026-07-19T08:45:00+0200,-3.72,EUR/MWh,DK2,DK_2,imbalance_price,Short,2026-08-11T19:14:45Z
2026-08-11T19:03:52Z,2026-08-11T21:03:52+0200,d65ae107-0026-470c-8885-f57b4d7803f4,2026-07-19T07:00:00Z,2026-07-19T09:00:00+0200,-2.35,EUR/MWh,DK2,DK_2,imbalance_price,Long,2026-08-11T19:14:45Z
2026-08-11T19:03:52Z,2026-08-11T21:03:52+0200,d65ae107-0026-470c-8885-f57b4d7803f4,2026-07-19T07:00:00Z,2026-07-19T09:00:00+0200,-2.35,EUR/MWh,DK2,DK_2,imbalance_price,Short,2026-08-11T19:14:45Z
2026-08-11T19:03:52Z,2026-08-11T21:03:52+0200,d65ae107-0026-470c-8885-f57b4d7803f4,2026-07-19T07:15:00Z,2026-07-19T09:15:00+0200,-3.7,EUR/MWh,DK2,DK_2,imbalance_price,Long,2026-08-11T19:14:45Z
2026-08-11T19:03:52Z,2026-08-11T21:03:52+0200,d65ae107-0026-470c-8885-f57b4d7803f4,2026-07-19T07:15:00Z,2026-07-19T09:15:00+0200,-3.7,EUR/MWh,DK2,DK_2,imbalance_price,Short,2026-08-11T19:14:45Z
2026-08-11T19:03:52Z,2026-08-11T21:03:52+0200,d65ae107-0026-470c-8885-f57b4d7803f4,2026-07-19T07:30:00Z,2026-07-19T09:30:00+0200,-1.63,EUR/MWh,DK2,DK_2,imbalance_price,Long,2026-08-11T19:14:45Z
2026-08-11T19:03:52Z,2026-08-11T21:03:52+0200,d65ae107-0026-470c-8885-f57b4d7803f4,2026-07-19T07:30:00Z,2026-07-19T09:30:00+0200,-1.63,EUR/MWh,DK2,DK_2,imbalance_price,Short,2026-08-11T19:14:45Z
2026-08-11T19:03:52Z,2026-08-11T21:03:52+0200,d65ae107-0026-470c-8885-f57b4d7803f4,2026-07-19T07:45:00Z,2026-07-19T09:45:00+0200,-15.91,EUR/MWh,DK2,DK_2,imbalance_price,Long,2026-08-11T19:14:45Z
2026-08-11T19:03:52Z,2026-08-11T21:03:52+0200,d65ae107-0026-470c-8885-f57b4d7803f4,2026-07-19T07:45:00Z,2026-07-19T09:45:00+0200,-15.91,EUR/MWh,DK2,DK_2,imbalance_price,Short,2026-08-11T19:14:45Z
2026-08-11T19:03:52Z,2026-08-11T21:03:52+0200,d65ae107-0026-470c-8885-f57b4d7803f4,2026-07-19T08:00:00Z,2026-07-19T10:00:00+0200,-7.86,EUR/MWh,DK2,DK_2,imbalance_price,Long,2026-08-11T19:14:45Z
2026-08-11T19:03:52Z,2026-08-11T21:03:52+0200,d65ae107-0026-470c-8885-f57b4d7803f4,2026-07-19T08:00:00Z,2026-07-19T10:00:00+0200,-7.86,EUR/MWh,DK2,DK_2,imbalance_price,Short,2026-08-11T19:14:45Z
2026-08-11T19:03:52Z,2026-08-11T21:03:52+0200,d65ae107-0026-470c-8885-f57b4d7803f4,2026-07-19T08:15:00Z,2026-07-19T10:15:00+0200,-3.61,EUR/MWh,DK2,DK_2,imbalance_price,Long,2026-08-11T19:14:45Z
2026-08-11T19:03:52Z,2026-08-11T21:03:52+0200,d65ae107-0026-470c-8885-f57b4d7803f4,2026-07-19T08:15:00Z,2026-07-19T10:15:00+0200,-3.61,EUR/MWh,DK2,DK_2,imbalance_price,Short,2026-08-11T19:14:45Z
2026-08-11T19:03:52Z,2026-08-11T21:03:52+0200,d65ae107-0026-470c-8885-f57b4d7803f4,2026-07-19T08:30:00Z,2026-07-19T10:30:00+0200,12.04,EUR/MWh,DK2,DK_2,imbalance_price,Long,2026-08-11T19:14:45Z
2026-08-11T19:03:52Z,2026-08-11T21:03:52+0200,d65ae107-0026-470c-8885-f57b4d7803f4,2026-07-19T08:30:00Z,2026-07-19T10:30:00+0200,12.04,EUR/MWh,DK2,DK_2,imbalance_price,Short,2026-08-11T19:14:45Z
2026-08-11T19:03:52Z,2026-08-11T21:03:52+0200,d65ae107-0026-470c-8885-f57b4d7803f4,2026-07-19T08:45:00Z,2026-07-19T10:45:00+0200,0.34,EUR/MWh,DK2,DK_2,imbalance_price,Long,2026-08-11T19:14:45Z
2026-08-11T19:03:52Z,2026-08-11T21:03:52+0200,d65ae107-0026-470c-8885-f57b4d7803f4,2026-07-19T08:45:00Z,2026-07-19T10:45:00+0200,0.34,EUR/MWh,DK2,DK_2,imbalance_price,Short,2026-08-11T19:14:45Z
2026-08-11T19:03:52Z,2026-08-11T21:03:52+0200,d65ae107-0026-470c-8885-f57b4d7803f4,2026-07-19T09:00:00Z,2026-07-19T11:00:00+0200,-7.58,EUR/MWh,DK2,DK_2,imbalance_price,Long,2026-08-11T19:14:45Z
2026-08-11T19:03:52Z,2026-08-11T21:03:52+0200,d65ae107-0026-470c-8885-f57b4d7803f4,2026-07-19T09:00:00Z,2026-07-19T11:00:00+0200,-7.58,EUR/MWh,DK2,DK_2,imbalance_price,Short,2026-08-11T19:14:45Z
2026-08-11T19:03:52Z,2026-08-11T21:03:52+0200,d65ae107-0026-470c-8885-f57b4d7803f4,2026-07-19T09:15:00Z,2026-07-19T11:15:00+0200,-0.13,EUR/MWh,DK2,DK_2,imbalance_price,Long,2026-08-11T19:14:45Z
2026-08-11T19:03:52Z,2026-08-11T21:03:52+0200,d65ae107-0026-470c-8885-f57b4d7803f4,2026-07-19T09:15:00Z,2026-07-19T11:15:00+0200,-0.13,EUR/MWh,DK2,DK_2,imbalance_price,Short,2026-08-11T19:14:45Z
2026-08-11T19:03:52Z,2026-08-11T21:03:52+0200,d65ae107-0026-470c-8885-f57b4d7803f4,2026-07-19T09:30:00Z,2026-07-19T11:30:00+0200,-6.63,EUR/MWh,DK2,DK_2,imbalance_price,Long,2026-08-11T19:14:45Z
2026-08-11T19:03:52Z,2026-08-11T21:03:52+0200,d65ae107-0026-470c-8885-f57b4d7803f4,2026-07-19T09:30:00Z,2026-07-19T11:30:00+0200,-6.63,EUR/MWh,DK2,DK_2,imbalance_price,Short,2026-08-11T19:14:45Z
2026-08-11T19:03:52Z,2026-08-11T21:03:52+0200,d65ae107-0026-470c-8885-f57b4d7803f4,2026-07-19T09:45:00Z,2026-07-19T11:45:00+0200,-7.38,EUR/MWh,DK2,DK_2,imbalance_price,Long,2026-08-11T19:14:45Z
2026-08-11T19:03:52Z,2026-08-11T21:03:52+0200,d65ae107-0026-470c-8885-f57b4d7803f4,2026-07-19T09:45:00Z,2026-07-19T11:45:00+0200,-7.38,EUR/MWh,DK2,DK_2,imbalance_price,Short,2026-08-11T19:14:45Z
2026-08-11T19:03:52Z,2026-08-11T21:03:52+0200,d65ae107-0026-470c-8885-f57b4d7803f4,2026-07-19T10:00:00Z,2026-07-19T12:00:00+0200,-1.66,EUR/MWh,DK2,DK_2,imbalance_price,Long,2026-08-11T19:14:45Z
2026-08-11T19:03:52Z,2026-08-11T21:03:52+0200,d65ae107-0026-470c-8885-f57b4d7803f4,2026-07-19T10:00:00Z,2026-07-19T12:00:00+0200,-1.66,EUR/MWh,DK2,DK_2,imbalance_price,Short,2026-08-11T19:14:45Z
2026-08-11T19:03:52Z,2026-08-11T21:03:52+0200,d65ae107-0026-470c-8885-f57b4d7803f4,2026-07-19T10:15:00Z,2026-07-19T12:15:00+0200,-0.34,EUR/MWh,DK2,DK_2,imbalance_price,Long,2026-08-11T19:14:45Z
2026-08-11T19:03:52Z,2026-08-11T21:03:52+0200,d65ae107-0026-470c-8885-f57b4d7803f4,2026-07-19T10:15:00Z,2026-07-19T12:15:00+0200,-0.34,EUR/MWh,DK2,DK_2,imbalance_price,Short,2026-08-11T19:14:45Z
2026-08-11T19:03:52Z,2026-08-11T21:03:52+0200,d65ae107-0026-470c-8885-f57b4d7803f4,2026-07-19T10:30:00Z,2026-07-19T12:30:00+0200,-14.33,EUR/MWh,DK2,DK_2,imbalance_price,Long,2026-08-11T19:14:45Z
2026-08-11T19:03:52Z,2026-08-11T21:03:52+0200,d65ae107-0026-470c-8885-f57b4d7803f4,2026-07-19T10:30:00Z,2026-07-19T12:30:00+0200,-14.33,EUR/MWh,DK2,DK_2,imbalance_price,Short,2026-08-11T19:14:45Z
2026-08-11T19:03:52Z,2026-08-11T21:03:52+0200,d65ae107-0026-470c-8885-f57b4d7803f4,2026-07-19T10:45:00Z,2026-07-19T12:45:00+0200,-20.37,EUR/MWh,DK2,DK_2,imbalance_price,Long,2026-08-11T19:14:45Z
2026-08-11T19:03:52Z,2026-08-11T21:03:52+0200,d65ae107-0026-470c-8885-f57b4d7803f4,2026-07-19T10:45:00Z,2026-07-19T12:45:00+0200,-20.37,EUR/MWh,DK2,DK_2,imbalance_price,Short,2026-08-11T19:14:45Z
2026-08-11T19:03:52Z,2026-08-11T21:03:52+0200,d65ae107-0026-470c-8885-f57b4d7803f4,2026-07-19T11:00:00Z,2026-07-19T13:00:00+0200,-15.9,EUR/MWh,DK2,DK_2,imbalance_price,Long,2026-08-11T19:14:45Z
2026-08-11T19:03:52Z,2026-08-11T21:03:52+0200,d65ae107-0026-470c-8885-f57b4d7803f4,2026-07-19T11:00:00Z,2026-07-19T13:00:00+0200,-15.9,EUR/MWh,DK2,DK_2,imbalance_price,Short,2026-08-11T19:14:45Z
2026-08-11T19:03:52Z,2026-08-11T21:03:52+0200,d65ae107-0026-470c-8885-f57b4d7803f4,2026-07-19T11:15:00Z,2026-07-19T13:15:00+0200,-6.69,EUR/MWh,DK2,DK_2,imbalance_price,Long,2026-08-11T19:14:45Z
2026-08-11T19:03:52Z,2026-08-11T21:03:52+0200,d65ae107-0026-470c-8885-f57b4d7803f4,2026-07-19T11:15:00Z,2026-07-19T13:15:00+0200,-6.69,EUR/MWh,DK2,DK_2,imbalance_price,Short,2026-08-11T19:14:45Z
2026-08-11T19:03:52Z,2026-08-11T21:03:52+0200,d65ae107-0026-470c-8885-f57b4d7803f4,2026-07-19T11:30:00Z,2026-07-19T13:30:00+0200,-9.07,EUR/MWh,DK2,DK_2,imbalance_price,Long,2026-08-11T19:14:45Z
2026-08-11T19:03:52Z,2026-08-11T21:03:52+0200,d65ae107-0026-470c-8885-f57b4d7803f4,2026-07-19T11:30:00Z,2026-07-19T13:30:00+0200,-9.07,EUR/MWh,DK2,DK_2,imbalance_price,Short,2026-08-11T19:14:45Z
2026-08-11T19:03:52Z,2026-08-11T21:03:52+0200,d65ae107-0026-470c-8885-f57b4d7803f4,2026-07-19T11:45:00Z,2026-07-19T13:45:00+0200,-12.61,EUR/MWh,DK2,DK_2,imbalance_price,Long,2026-08-11T19:14:45Z
2026-08-11T19:03:52Z,2026-08-11T21:03:52+0200,d65ae107-0026-470c-8885-f57b4d7803f4,2026-07-19T11:45:00Z,2026-07-19T13:45:00+0200,-12.61,EUR/MWh,DK2,DK_2,imbalance_price,Short,2026-08-11T19:14:45Z
2026-08-11T19:03:52Z,2026-08-11T21:03:52+0200,d65ae107-0026-470c-8885-f57b4d7803f4,2026-07-19T12:00:00Z,2026-07-19T14:00:00+0200,-10.21,EUR/MWh,DK2,DK_2,imbalance_price,Long,2026-08-11T19:14:45Z
2026-08-11T19:03:52Z,2026-08-11T21:03:52+0200,d65ae107-0026-470c-8885-f57b4d7803f4,2026-07-19T12:00:00Z,2026-07-19T14:00:00+0200,-10.21,EUR/MWh,DK2,DK_2,imbalance_price,Short,2026-08-11T19:14:45Z
2026-08-11T19:03:52Z,2026-08-11T21:03:52+0200,d65ae107-0026-470c-8885-f57b4d7803f4,2026-07-19T12:15:00Z,2026-07-19T14:15:00+0200,-20.96,EUR/MWh,DK2,DK_2,imbalance_price,Long,2026-08-11T19:14:45Z
2026-08-11T19:03:52Z,2026-08-11T21:03:52+0200,d65ae107-0026-470c-8885-f57b4d7803f4,2026-07-19T12:15:00Z,2026-07-19T14:15:00+0200,-20.96,EUR/MWh,DK2,DK_2,imbalance_price,Short,2026-08-11T19:14:45Z
2026-08-11T19:03:52Z,2026-08-11T21:03:52+0200,d65ae107-0026-470c-8885-f57b4d7803f4,2026-07-19T12:30:00Z,2026-07-19T14:30:00+0200,-23.29,EUR/MWh,DK2,DK_2,imbalance_price,Long,2026-08-11T19:14:45Z
2026-08-11T19:03:52Z,2026-08-11T21:03:52+0200,d65ae107-0026-470c-8885-f57b4d7803f4,2026-07-19T12:30:00Z,2026-07-19T14:30:00+0200,-23.29,EUR/MWh,DK2,DK_2,imbalance_price,Short,2026-08-11T19:14:45Z
2026-08-11T19:03:52Z,2026-08-11T21:03:52+0200,d65ae107-0026-470c-8885-f57b4d7803f4,2026-07-19T12:45:00Z,2026-07-19T14:45:00+0200,-16.12,EUR/MWh,DK2,DK_2,imbalance_price,Long,2026-08-11T19:14:45Z
2026-08-11T19:03:52Z,2026-08-11T21:03:52+0200,d65ae107-0026-470c-8885-f57b4d7803f4,2026-07-19T12:45:00Z,2026-07-19T14:45:00+0200,-16.12,EUR/MWh,DK2,DK_2,imbalance_price,Short,2026-08-11T19:14:45Z
2026-08-11T19:03:52Z,2026-08-11T21:03:52+0200,d65ae107-0026-470c-8885-f57b4d7803f4,2026-07-19T13:00:00Z,2026-07-19T15:00:00+0200,-3.52,EUR/MWh,DK2,DK_2,imbalance_price,Long,2026-08-11T19:14:45Z
2026-08-11T19:03:52Z,2026-08-11T21:03:52+0200,d65ae107-0026-470c-8885-f57b4d7803f4,2026-07-19T13:00:00Z,2026-07-19T15:00:00+0200,-3.52,EUR/MWh,DK2,DK_2,imbalance_price,Short,2026-08-11T19:14:45Z
2026-08-11T19:03:52Z,2026-08-11T21:03:52+0200,d65ae107-0026-470c-8885-f57b4d7803f4,2026-07-19T13:15:00Z,2026-07-19T15:15:00+0200,-47.79,EUR/MWh,DK2,DK_2,imbalance_price,Long,2026-08-11T19:14:45Z
2026-08-11T19:03:52Z,2026-08-11T21:03:52+0200,d65ae107-0026-470c-8885-f57b4d7803f4,2026-07-19T13:15:00Z,2026-07-19T15:15:00+0200,-47.79,EUR/MWh,DK2,DK_2,imbalance_price,Short,2026-08-11T19:14:45Z
2026-08-11T19:03:52Z,2026-08-11T21:03:52+0200,d65ae107-0026-470c-8885-f57b4d7803f4,2026-07-19T13:30:00Z,2026-07-19T15:30:00+0200,-10.0,EUR/MWh,DK2,DK_2,imbalance_price,Long,2026-08-11T19:14:45Z
2026-08-11T19:03:52Z,2026-08-11T21:03:52+0200,d65ae107-0026-470c-8885-f57b4d7803f4,2026-07-19T13:30:00Z,2026-07-19T15:30:00+0200,-10.0,EUR/MWh,DK2,DK_2,imbalance_price,Short,2026-08-11T19:14:45Z
2026-08-11T19:03:52Z,2026-08-11T21:03:52+0200,d65ae107-0026-470c-8885-f57b4d7803f4,2026-07-19T13:45:00Z,2026-07-19T15:45:00+0200,-10.0,EUR/MWh,DK2,DK_2,imbalance_price,Long,2026-08-11T19:14:45Z
2026-08-11T19:03:52Z,2026-08-11T21:03:52+0200,d65ae107-0026-470c-8885-f57b4d7803f4,2026-07-19T13:45:00Z,2026-07-19T15:45:00+0200,-10.0,EUR/MWh,DK2,DK_2,imbalance_price,Short,2026-08-11T19:14:45Z
2026-08-11T19:03:52Z,2026-08-11T21:03:52+0200,d65ae107-0026-470c-8885-f57b4d7803f4,2026-07-19T14:00:00Z,2026-07-19T16:00:00+0200,-17.26,EUR/MWh,DK2,DK_2,imbalance_price,Long,2026-08-11T19:14:45Z
2026-08-11T19:03:52Z,2026-08-11T21:03:52+0200,d65ae107-0026-470c-8885-f57b4d7803f4,2026-07-19T14:00:00Z,2026-07-19T16:00:00+0200,-17.26,EUR/MWh,DK2,DK_2,imbalance_price,Short,2026-08-11T19:14:45Z
2026-08-11T19:03:52Z,2026-08-11T21:03:52+0200,d65ae107-0026-470c-8885-f57b4d7803f4,2026-07-19T14:15:00Z,2026-07-19T16:15:00+0200,-10.0,EUR/MWh,DK2,DK_2,imbalance_price,Long,2026-08-11T19:14:45Z
2026-08-11T19:03:52Z,2026-08-11T21:03:52+0200,d65ae107-0026-470c-8885-f57b4d7803f4,2026-07-19T14:15:00Z,2026-07-19T16:15:00+0200,-10.0,EUR/MWh,DK2,DK_2,imbalance_price,Short,2026-08-11T19:14:45Z
2026-08-11T19:03:52Z,2026-08-11T21:03:52+0200,d65ae107-0026-470c-8885-f57b4d7803f4,2026-07-19T14:30:00Z,2026-07-19T16:30:00+0200,-7.75,EUR/MWh,DK2,DK_2,imbalance_price,Long,2026-08-11T19:14:45Z
2026-08-11T19:03:52Z,2026-08-11T21:03:52+0200,d65ae107-0026-470c-8885-f57b4d7803f4,2026-07-19T14:30:00Z,2026-07-19T16:30:00+0200,-7.75,EUR/MWh,DK2,DK_2,imbalance_price,Short,2026-08-11T19:14:45Z
2026-08-11T19:03:52Z,2026-08-11T21:03:52+0200,d65ae107-0026-470c-8885-f57b4d7803f4,2026-07-19T14:45:00Z,2026-07-19T16:45:00+0200,-12.5,EUR/MWh,DK2,DK_2,imbalance_price,Long,2026-08-11T19:14:45Z
2026-08-11T19:03:52Z,2026-08-11T21:03:52+0200,d65ae107-0026-470c-8885-f57b4d7803f4,2026-07-19T14:45:00Z,2026-07-19T16:45:00+0200,-12.5,EUR/MWh,DK2,DK_2,imbalance_price,Short,2026-08-11T19:14:45Z
2026-08-11T19:03:52Z,2026-08-11T21:03:52+0200,d65ae107-0026-470c-8885-f57b4d7803f4,2026-07-19T15:00:00Z,2026-07-19T17:00:00+0200,-10.0,EUR/MWh,DK2,DK_2,imbalance_price,Long,2026-08-11T19:14:45Z
2026-08-11T19:03:52Z,2026-08-11T21:03:52+0200,d65ae107-0026-470c-8885-f57b4d7803f4,2026-07-19T15:00:00Z,2026-07-19T17:00:00+0200,-10.0,EUR/MWh,DK2,DK_2,imbalance_price,Short,2026-08-11T19:14:45Z
2026-08-11T19:03:52Z,2026-08-11T21:03:52+0200,d65ae107-0026-470c-8885-f57b4d7803f4,2026-07-19T15:15:00Z,2026-07-19T17:15:00+0200,-10.67,EUR/MWh,DK2,DK_2,imbalance_price,Long,2026-08-11T19:14:45Z
2026-08-11T19:03:52Z,2026-08-11T21:03:52+0200,d65ae107-0026-470c-8885-f57b4d7803f4,2026-07-19T15:15:00Z,2026-07-19T17:15:00+0200,-10.67,EUR/MWh,DK2,DK_2,imbalance_price,Short,2026-08-11T19:14:45Z
2026-08-11T19:03:52Z,2026-08-11T21:03:52+0200,d65ae107-0026-470c-8885-f57b4d7803f4,2026-07-19T15:30:00Z,2026-07-19T17:30:00+0200,8.38,EUR/MWh,DK2,DK_2,imbalance_price,Long,2026-08-11T19:14:45Z
2026-08-11T19:03:52Z,2026-08-11T21:03:52+0200,d65ae107-0026-470c-8885-f57b4d7803f4,2026-07-19T15:30:00Z,2026-07-19T17:30:00+0200,8.38,EUR/MWh,DK2,DK_2,imbalance_price,Short,2026-08-11T19:14:45Z
2026-08-11T19:03:52Z,2026-08-11T21:03:52+0200,d65ae107-0026-470c-8885-f57b4d7803f4,2026-07-19T15:45:00Z,2026-07-19T17:45:00+0200,12.62,EUR/MWh,DK2,DK_2,imbalance_price,Long,2026-08-11T19:14:45Z
2026-08-11T19:03:52Z,2026-08-11T21:03:52+0200,d65ae107-0026-470c-8885-f57b4d7803f4,2026-07-19T15:45:00Z,2026-07-19T17:45:00+0200,12.62,EUR/MWh,DK2,DK_2,imbalance_price,Short,2026-08-11T19:14:45Z
2026-08-11T19:03:52Z,2026-08-11T21:03:52+0200,d65ae107-0026-470c-8885-f57b4d7803f4,2026-07-19T16:00:00Z,2026-07-19T18:00:00+0200,-3.5,EUR/MWh,DK2,DK_2,imbalance_price,Long,2026-08-11T19:14:45Z
2026-08-11T19:03:52Z,2026-08-11T21:03:52+0200,d65ae107-0026-470c-8885-f57b4d7803f4,2026-07-19T16:00:00Z,2026-07-19T18:00:00+0200,-3.5,EUR/MWh,DK2,DK_2,imbalance_price,Short,2026-08-11T19:14:45Z
2026-08-11T19:03:52Z,2026-08-11T21:03:52+0200,d65ae107-0026-470c-8885-f57b4d7803f4,2026-07-19T16:15:00Z,2026-07-19T18:15:00+0200,-7.18,EUR/MWh,DK2,DK_2,imbalance_price,Long,2026-08-11T19:14:45Z
2026-08-11T19:03:52Z,2026-08-11T21:03:52+0200,d65ae107-0026-470c-8885-f57b4d7803f4,2026-07-19T16:15:00Z,2026-07-19T18:15:00+0200,-7.18,EUR/MWh,DK2,DK_2,imbalance_price,Short,2026-08-11T19:14:45Z
2026-08-11T19:03:52Z,2026-08-11T21:03:52+0200,d65ae107-0026-470c-8885-f57b4d7803f4,2026-07-19T16:30:00Z,2026-07-19T18:30:00+0200,20.33,EUR/MWh,DK2,DK_2,imbalance_price,Long,2026-08-11T19:14:45Z
2026-08-11T19:03:52Z,2026-08-11T21:03:52+0200,d65ae107-0026-470c-8885-f57b4d7803f4,2026-07-19T16:30:00Z,2026-07-19T18:30:00+0200,20.33,EUR/MWh,DK2,DK_2,imbalance_price,Short,2026-08-11T19:14:45Z
2026-08-11T19:03:52Z,2026-08-11T21:03:52+0200,d65ae107-0026-470c-8885-f57b4d7803f4,2026-07-19T16:45:00Z,2026-07-19T18:45:00+0200,19.0,EUR/MWh,DK2,DK_2,imbalance_price,Long,2026-08-11T19:14:45Z
2026-08-11T19:03:52Z,2026-08-11T21:03:52+0200,d65ae107-0026-470c-8885-f57b4d7803f4,2026-07-19T16:45:00Z,2026-07-19T18:45:00+0200,19.0,EUR/MWh,DK2,DK_2,imbalance_price,Short,2026-08-11T19:14:45Z
2026-08-11T19:03:52Z,2026-08-11T21:03:52+0200,d65ae107-0026-470c-8885-f57b4d7803f4,2026-07-19T17:00:00Z,2026-07-19T19:00:00+0200,95.34,EUR/MWh,DK2,DK_2,imbalance_price,Long,2026-08-11T19:14:45Z
2026-08-11T19:03:52Z,2026-08-11T21:03:52+0200,d65ae107-0026-470c-8885-f57b4d7803f4,2026-07-19T17:00:00Z,2026-07-19T19:00:00+0200,95.34,EUR/MWh,DK2,DK_2,imbalance_price,Short,2026-08-11T19:14:45Z
2026-08-11T19:03:52Z,2026-08-11T21:03:52+0200,d65ae107-0026-470c-8885-f57b4d7803f4,2026-07-19T17:15:00Z,2026-07-19T19:15:00+0200,234.15,EUR/MWh,DK2,DK_2,imbalance_price,Long,2026-08-11T19:14:45Z
2026-08-11T19:03:52Z,2026-08-11T21:03:52+0200,d65ae107-0026-470c-8885-f57b4d7803f4,2026-07-19T17:15:00Z,2026-07-19T19:15:00+0200,234.15,EUR/MWh,DK2,DK_2,imbalance_price,Short,2026-08-11T19:14:45Z
2026-08-11T19:03:52Z,2026-08-11T21:03:52+0200,d65ae107-0026-470c-8885-f57b4d7803f4,2026-07-19T17:30:00Z,2026-07-19T19:30:00+0200,132.43,EUR/MWh,DK2,DK_2,imbalance_price,Long,2026-08-11T19:14:45Z
2026-08-11T19:03:52Z,2026-08-11T21:03:52+0200,d65ae107-0026-470c-8885-f57b4d7803f4,2026-07-19T17:30:00Z,2026-07-19T19:30:00+0200,132.43,EUR/MWh,DK2,DK_2,imbalance_price,Short,2026-08-11T19:14:45Z
2026-08-11T19:03:52Z,2026-08-11T21:03:52+0200,d65ae107-0026-470c-8885-f57b4d7803f4,2026-07-19T17:45:00Z,2026-07-19T19:45:00+0200,140.03,EUR/MWh,DK2,DK_2,imbalance_price,Long,2026-08-11T19:14:45Z
2026-08-11T19:03:52Z,2026-08-11T21:03:52+0200,d65ae107-0026-470c-8885-f57b4d7803f4,2026-07-19T17:45:00Z,2026-07-19T19:45:00+0200,140.03,EUR/MWh,DK2,DK_2,imbalance_price,Short,2026-08-11T19:14:45Z
2026-08-11T19:03:52Z,2026-08-11T21:03:52+0200,d65ae107-0026-470c-8885-f57b4d7803f4,2026-07-19T18:00:00Z,2026-07-19T20:00:00+0200,50.0,EUR/MWh,DK2,DK_2,imbalance_price,Long,2026-08-11T19:14:45Z
2026-08-11T19:03:52Z,2026-08-11T21:03:52+0200,d65ae107-0026-470c-8885-f57b4d7803f4,2026-07-19T18:00:00Z,2026-07-19T20:00:00+0200,50.0,EUR/MWh,DK2,DK_2,imbalance_price,Short,2026-08-11T19:14:45Z
2026-08-11T19:03:52Z,2026-08-11T21:03:52+0200,d65ae107-0026-470c-8885-f57b4d7803f4,2026-07-19T18:15:00Z,2026-07-19T20:15:00+0200,204.33,EUR/MWh,DK2,DK_2,imbalance_price,Long,2026-08-11T19:14:45Z
2026-08-11T19:03:52Z,2026-08-11T21:03:52+0200,d65ae107-0026-470c-8885-f57b4d7803f4,2026-07-19T18:15:00Z,2026-07-19T20:15:00+0200,204.33,EUR/MWh,DK2,DK_2,imbalance_price,Short,2026-08-11T19:14:45Z
2026-08-11T19:03:52Z,2026-08-11T21:03:52+0200,d65ae107-0026-470c-8885-f57b4d7803f4,2026-07-19T18:30:00Z,2026-07-19T20:30:00+0200,149.87,EUR/MWh,DK2,DK_2,imbalance_price,Long,2026-08-11T19:14:45Z
2026-08-11T19:03:52Z,2026-08-11T21:03:52+0200,d65ae107-0026-470c-8885-f57b4d7803f4,2026-07-19T18:30:00Z,2026-07-19T20:30:00+0200,149.87,EUR/MWh,DK2,DK_2,imbalance_price,Short,2026-08-11T19:14:45Z
2026-08-11T19:03:52Z,2026-08-11T21:03:52+0200,d65ae107-0026-470c-8885-f57b4d7803f4,2026-07-19T18:45:00Z,2026-07-19T20:45:00+0200,134.6,EUR/MWh,DK2,DK_2,imbalance_price,Long,2026-08-11T19:14:45Z
2026-08-11T19:03:52Z,2026-08-11T21:03:52+0200,d65ae107-0026-470c-8885-f57b4d7803f4,2026-07-19T18:45:00Z,2026-07-19T20:45:00+0200,134.6,EUR/MWh,DK2,DK_2,imbalance_price,Short,2026-08-11T19:14:45Z
2026-08-11T19:03:52Z,2026-08-11T21:03:52+0200,d65ae107-0026-470c-8885-f57b4d7803f4,2026-07-19T19:00:00Z,2026-07-19T21:00:00+0200,46.68,EUR/MWh,DK2,DK_2,imbalance_price,Long,2026-08-11T19:14:45Z
2026-08-11T19:03:52Z,2026-08-11T21:03:52+0200,d65ae107-0026-470c-8885-f57b4d7803f4,2026-07-19T19:00:00Z,2026-07-19T21:00:00+0200,46.68,EUR/MWh,DK2,DK_2,imbalance_price,Short,2026-08-11T19:14:45Z
2026-08-11T19:03:52Z,2026-08-11T21:03:52+0200,d65ae107-0026-470c-8885-f57b4d7803f4,2026-07-19T19:15:00Z,2026-07-19T21:15:00+0200,-0.54,EUR/MWh,DK2,DK_2,imbalance_price,Long,2026-08-11T19:14:45Z
2026-08-11T19:03:52Z,2026-08-11T21:03:52+0200,d65ae107-0026-470c-8885-f57b4d7803f4,2026-07-19T19:15:00Z,2026-07-19T21:15:00+0200,-0.54,EUR/MWh,DK2,DK_2,imbalance_price,Short,2026-08-11T19:14:45Z
2026-08-11T19:03:52Z,2026-08-11T21:03:52+0200,d65ae107-0026-470c-8885-f57b4d7803f4,2026-07-19T19:30:00Z,2026-07-19T21:30:00+0200,148.72,EUR/MWh,DK2,DK_2,imbalance_price,Long,2026-08-11T19:14:45Z
2026-08-11T19:03:52Z,2026-08-11T21:03:52+0200,d65ae107-0026-470c-8885-f57b4d7803f4,2026-07-19T19:30:00Z,2026-07-19T21:30:00+0200,148.72,EUR/MWh,DK2,DK_2,imbalance_price,Short,2026-08-11T19:14:45Z
2026-08-11T19:03:52Z,2026-08-11T21:03:52+0200,d65ae107-0026-470c-8885-f57b4d7803f4,2026-07-19T19:45:00Z,2026-07-19T21:45:00+0200,267.6,EUR/MWh,DK2,DK_2,imbalance_price,Long,2026-08-11T19:14:45Z
2026-08-11T19:03:52Z,2026-08-11T21:03:52+0200,d65ae107-0026-470c-8885-f57b4d7803f4,2026-07-19T19:45:00Z,2026-07-19T21:45:00+0200,267.6,EUR/MWh,DK2,DK_2,imbalance_price,Short,2026-08-11T19:14:45Z
2026-08-11T19:03:52Z,2026-08-11T21:03:52+0200,d65ae107-0026-470c-8885-f57b4d7803f4,2026-07-19T20:00:00Z,2026-07-19T22:00:00+0200,157.85,EUR/MWh,DK2,DK_2,imbalance_price,Long,2026-08-11T19:14:45Z
2026-08-11T19:03:52Z,2026-08-11T21:03:52+0200,d65ae107-0026-470c-8885-f57b4d7803f4,2026-07-19T20:00:00Z,2026-07-19T22:00:00+0200,157.85,EUR/MWh,DK2,DK_2,imbalance_price,Short,2026-08-11T19:14:45Z
2026-08-11T19:03:52Z,2026-08-11T21:03:52+0200,d65ae107-0026-470c-8885-f57b4d7803f4,2026-07-19T20:15:00Z,2026-07-19T22:15:00+0200,20.9,EUR/MWh,DK2,DK_2,imbalance_price,Long,2026-08-11T19:14:45Z
2026-08-11T19:03:52Z,2026-08-11T21:03:52+0200,d65ae107-0026-470c-8885-f57b4d7803f4,2026-07-19T20:15:00Z,2026-07-19T22:15:00+0200,20.9,EUR/MWh,DK2,DK_2,imbalance_price,Short,2026-08-11T19:14:45Z
2026-08-11T19:03:52Z,2026-08-11T21:03:52+0200,d65ae107-0026-470c-8885-f57b4d7803f4,2026-07-19T20:30:00Z,2026-07-19T22:30:00+0200,53.44,EUR/MWh,DK2,DK_2,imbalance_price,Long,2026-08-11T19:14:45Z
2026-08-11T19:03:52Z,2026-08-11T21:03:52+0200,d65ae107-0026-470c-8885-f57b4d7803f4,2026-07-19T20:30:00Z,2026-07-19T22:30:00+0200,53.44,EUR/MWh,DK2,DK_2,imbalance_price,Short,2026-08-11T19:14:45Z
2026-08-11T19:03:52Z,2026-08-11T21:03:52+0200,d65ae107-0026-470c-8885-f57b4d7803f4,2026-07-19T20:45:00Z,2026-07-19T22:45:00+0200,5.79,EUR/MWh,DK2,DK_2,imbalance_price,Long,2026-08-11T19:14:45Z
2026-08-11T19:03:52Z,2026-08-11T21:03:52+0200,d65ae107-0026-470c-8885-f57b4d7803f4,2026-07-19T20:45:00Z,2026-07-19T22:45:00+0200,5.79,EUR/MWh,DK2,DK_2,imbalance_price,Short,2026-08-11T19:14:45Z
2026-08-11T19:03:52Z,2026-08-11T21:03:52+0200,d65ae107-0026-470c-8885-f57b4d7803f4,2026-07-19T21:00:00Z,2026-07-19T23:00:00+0200,267.6,EUR/MWh,DK2,DK_2,imbalance_price,Long,2026-08-11T19:14:45Z
2026-08-11T19:03:52Z,2026-08-11T21:03:52+0200,d65ae107-0026-470c-8885-f57b4d7803f4,2026-07-19T21:00:00Z,2026-07-19T23:00:00+0200,267.6,EUR/MWh,DK2,DK_2,imbalance_price,Short,2026-08-11T19:14:45Z
2026-08-11T19:03:52Z,2026-08-11T21:03:52+0200,d65ae107-0026-470c-8885-f57b4d7803f4,2026-07-19T21:15:00Z,2026-07-19T23:15:00+0200,137.03,EUR/MWh,DK2,DK_2,imbalance_price,Long,2026-08-11T19:14:45Z
2026-08-11T19:03:52Z,2026-08-11T21:03:52+0200,d65ae107-0026-470c-8885-f57b4d7803f4,2026-07-19T21:15:00Z,2026-07-19T23:15:00+0200,137.03,EUR/MWh,DK2,DK_2,imbalance_price,Short,2026-08-11T19:14:45Z
2026-08-11T19:03:52Z,2026-08-11T21:03:52+0200,d65ae107-0026-470c-8885-f57b4d7803f4,2026-07-19T21:30:00Z,2026-07-19T23:30:00+0200,135.66,EUR/MWh,DK2,DK_2,imbalance_price,Long,2026-08-11T19:14:45Z
2026-08-11T19:03:52Z,2026-08-11T21:03:52+0200,d65ae107-0026-470c-8885-f57b4d7803f4,2026-07-19T21:30:00Z,2026-07-19T23:30:00+0200,135.66,EUR/MWh,DK2,DK_2,imbalance_price,Short,2026-08-11T19:14:45Z
2026-08-11T19:03:52Z,2026-08-11T21:03:52+0200,d65ae107-0026-470c-8885-f57b4d7803f4,2026-07-19T21:45:00Z,2026-07-19T23:45:00+0200,3.3,EUR/MWh,DK2,DK_2,imbalance_price,Long,2026-08-11T19:14:45Z
2026-08-11T19:03:52Z,2026-08-11T21:03:52+0200,d65ae107-0026-470c-8885-f57b4d7803f4,2026-07-19T21:45:00Z,2026-07-19T23:45:00+0200,3.3,EUR/MWh,DK2,DK_2,imbalance_price,Short,2026-08-11T19:14:45Z
2026-08-11T19:03:52Z,2026-08-11T21:03:52+0200,d65ae107-0026-470c-8885-f57b4d7803f4,2026-07-19T22:00:00Z,2026-07-20T00:00:00+0200,-5.0,EUR/MWh,DK2,DK_2,imbalance_price,Long,2026-08-11T19:14:45Z
2026-08-11T19:03:52Z,2026-08-11T21:03:52+0200,d65ae107-0026-470c-8885-f57b4d7803f4,2026-07-19T22:00:00Z,2026-07-20T00:00:00+0200,-5.0,EUR/MWh,DK2,DK_2,imbalance_price,Short,2026-08-11T19:14:45Z
2026-08-11T19:03:52Z,2026-08-11T21:03:52+0200,d65ae107-0026-470c-8885-f57b4d7803f4,2026-07-19T22:15:00Z,2026-07-20T00:15:00+0200,150.11,EUR/MWh,DK2,DK_2,imbalance_price,Long,2026-08-11T19:14:45Z
2026-08-11T19:03:52Z,2026-08-11T21:03:52+0200,d65ae107-0026-470c-8885-f57b4d7803f4,2026-07-19T22:15:00Z,2026-07-20T00:15:00+0200,150.11,EUR/MWh,DK2,DK_2,imbalance_price,Short,2026-08-11T19:14:45Z
2026-08-11T19:03:52Z,2026-08-11T21:03:52+0200,d65ae107-0026-470c-8885-f57b4d7803f4,2026-07-19T22:30:00Z,2026-07-20T00:30:00+0200,74.3,EUR/MWh,DK2,DK_2,imbalance_price,Long,2026-08-11T19:14:45Z
2026-08-11T19:03:52Z,2026-08-11T21:03:52+0200,d65ae107-0026-470c-8885-f57b4d7803f4,2026-07-19T22:30:00Z,2026-07-20T00:30:00+0200,74.3,EUR/MWh,DK2,DK_2,imbalance_price,Short,2026-08-11T19:14:45Z
2026-08-11T19:03:52Z,2026-08-11T21:03:52+0200,d65ae107-0026-470c-8885-f57b4d7803f4,2026-07-19T22:45:00Z,2026-07-20T00:45:00+0200,76.34,EUR/MWh,DK2,DK_2,imbalance_price,Long,2026-08-11T19:14:45Z
2026-08-11T19:03:52Z,2026-08-11T21:03:52+0200,d65ae107-0026-470c-8885-f57b4d7803f4,2026-07-19T22:45:00Z,2026-07-20T00:45:00+0200,76.34,EUR/MWh,DK2,DK_2,imbalance_price,Short,2026-08-11T19:14:45Z
2026-08-11T19:03:52Z,2026-08-11T21:03:52+0200,d65ae107-0026-470c-8885-f57b4d7803f4,2026-07-19T23:00:00Z,2026-07-20T01:00:00+0200,148.25,EUR/MWh,DK2,DK_2,imbalance_price,Long,2026-08-11T19:14:45Z
2026-08-11T19:03:52Z,2026-08-11T21:03:52+0200,d65ae107-0026-470c-8885-f57b4d7803f4,2026-07-19T23:00:00Z,2026-07-20T01:00:00+0200,148.25,EUR/MWh,DK2,DK_2,imbalance_price,Short,2026-08-11T19:14:45Z
2026-08-11T19:03:52Z,2026-08-11T21:03:52+0200,d65ae107-0026-470c-8885-f57b4d7803f4,2026-07-19T23:15:00Z,2026-07-20T01:15:00+0200,140.01,EUR/MWh,DK2,DK_2,imbalance_price,Long,2026-08-11T19:14:45Z
2026-08-11T19:03:52Z,2026-08-11T21:03:52+0200,d65ae107-0026-470c-8885-f57b4d7803f4,2026-07-19T23:15:00Z,2026-07-20T01:15:00+0200,140.01,EUR/MWh,DK2,DK_2,imbalance_price,Short,2026-08-11T19:14:45Z
2026-08-11T19:03:52Z,2026-08-11T21:03:52+0200,d65ae107-0026-470c-8885-f57b4d7803f4,2026-07-19T23:30:00Z,2026-07-20T01:30:00+0200,26.53,EUR/MWh,DK2,DK_2,imbalance_price,Long,2026-08-11T19:14:45Z
2026-08-11T19:03:52Z,2026-08-11T21:03:52+0200,d65ae107-0026-470c-8885-f57b4d7803f4,2026-07-19T23:30:00Z,2026-07-20T01:30:00+0200,26.53,EUR/MWh,DK2,DK_2,imbalance_price,Short,2026-08-11T19:14:45Z
2026-08-11T19:03:52Z,2026-08-11T21:03:52+0200,d65ae107-0026-470c-8885-f57b4d7803f4,2026-07-19T23:45:00Z,2026-07-20T01:45:00+0200,-5.0,EUR/MWh,DK2,DK_2,imbalance_price,Long,2026-08-11T19:14:45Z
2026-08-11T19:03:52Z,2026-08-11T21:03:52+0200,d65ae107-0026-470c-8885-f57b4d7803f4,2026-07-19T23:45:00Z,2026-07-20T01:45:00+0200,-5.0,EUR/MWh,DK2,DK_2,imbalance_price,Short,2026-08-11T19:14:45Z
2026-08-11T19:03:52Z,2026-08-11T21:03:52+0200,d65ae107-0026-470c-8885-f57b4d7803f4,2026-07-20T00:00:00Z,2026-07-20T02:00:00+0200,-10.0,EUR/MWh,DK2,DK_2,imbalance_price,Long,2026-08-11T19:14:45Z
2026-08-11T19:03:52Z,2026-08-11T21:03:52+0200,d65ae107-0026-470c-8885-f57b4d7803f4,2026-07-20T00:00:00Z,2026-07-20T02:00:00+0200,-10.0,EUR/MWh,DK2,DK_2,imbalance_price,Short,2026-08-11T19:14:45Z
2026-08-11T19:03:52Z,2026-08-11T21:03:52+0200,d65ae107-0026-470c-8885-f57b4d7803f4,2026-07-20T00:15:00Z,2026-07-20T02:15:00+0200,-10.0,EUR/MWh,DK2,DK_2,imbalance_price,Long,2026-08-11T19:14:45Z
2026-08-11T19:03:52Z,2026-08-11T21:03:52+0200,d65ae107-0026-470c-8885-f57b4d7803f4,2026-07-20T00:15:00Z,2026-07-20T02:15:00+0200,-10.0,EUR/MWh,DK2,DK_2,imbalance_price,Short,2026-08-11T19:14:45Z
2026-08-11T19:03:52Z,2026-08-11T21:03:52+0200,d65ae107-0026-470c-8885-f57b4d7803f4,2026-07-20T00:30:00Z,2026-07-20T02:30:00+0200,-10.0,EUR/MWh,DK2,DK_2,imbalance_price,Long,2026-08-11T19:14:45Z
2026-08-11T19:03:52Z,2026-08-11T21:03:52+0200,d65ae107-0026-470c-8885-f57b4d7803f4,2026-07-20T00:30:00Z,2026-07-20T02:30:00+0200,-10.0,EUR/MWh,DK2,DK_2,imbalance_price,Short,2026-08-11T19:14:45Z
2026-08-11T19:03:52Z,2026-08-11T21:03:52+0200,d65ae107-0026-470c-8885-f57b4d7803f4,2026-07-20T00:45:00Z,2026-07-20T02:45:00+0200,125.29,EUR/MWh,DK2,DK_2,imbalance_price,Long,2026-08-11T19:14:45Z
2026-08-11T19:03:52Z,2026-08-11T21:03:52+0200,d65ae107-0026-470c-8885-f57b4d7803f4,2026-07-20T00:45:00Z,2026-07-20T02:45:00+0200,125.29,EUR/MWh,DK2,DK_2,imbalance_price,Short,2026-08-11T19:14:45Z
2026-08-11T19:03:52Z,2026-08-11T21:03:52+0200,d65ae107-0026-470c-8885-f57b4d7803f4,2026-07-20T01:00:00Z,2026-07-20T03:00:00+0200,267.6,EUR/MWh,DK2,DK_2,imbalance_price,Long,2026-08-11T19:14:45Z
2026-08-11T19:03:52Z,2026-08-11T21:03:52+0200,d65ae107-0026-470c-8885-f57b4d7803f4,2026-07-20T01:00:00Z,2026-07-20T03:00:00+0200,267.6,EUR/MWh,DK2,DK_2,imbalance_price,Short,2026-08-11T19:14:45Z
2026-08-11T19:03:52Z,2026-08-11T21:03:52+0200,d65ae107-0026-470c-8885-f57b4d7803f4,2026-07-20T01:15:00Z,2026-07-20T03:15:00+0200,282.76,EUR/MWh,DK2,DK_2,imbalance_price,Long,2026-08-11T19:14:45Z
2026-08-11T19:03:52Z,2026-08-11T21:03:52+0200,d65ae107-0026-470c-8885-f57b4d7803f4,2026-07-20T01:15:00Z,2026-07-20T03:15:00+0200,282.76,EUR/MWh,DK2,DK_2,imbalance_price,Short,2026-08-11T19:14:45Z
2026-08-11T19:03:52Z,2026-08-11T21:03:52+0200,d65ae107-0026-470c-8885-f57b4d7803f4,2026-07-20T01:30:00Z,2026-07-20T03:30:00+0200,151.0,EUR/MWh,DK2,DK_2,imbalance_price,Long,2026-08-11T19:14:45Z
2026-08-11T19:03:52Z,2026-08-11T21:03:52+0200,d65ae107-0026-470c-8885-f57b4d7803f4,2026-07-20T01:30:00Z,2026-07-20T03:30:00+0200,151.0,EUR/MWh,DK2,DK_2,imbalance_price,Short,2026-08-11T19:14:45Z
2026-08-11T19:03:52Z,2026-08-11T21:03:52+0200,d65ae107-0026-470c-8885-f57b4d7803f4,2026-07-20T01:45:00Z,2026-07-20T03:45:00+0200,-60.99,EUR/MWh,DK2,DK_2,imbalance_price,Long,2026-08-11T19:14:45Z
2026-08-11T19:03:52Z,2026-08-11T21:03:52+0200,d65ae107-0026-470c-8885-f57b4d7803f4,2026-07-20T01:45:00Z,2026-07-20T03:45:00+0200,-60.99,EUR/MWh,DK2,DK_2,imbalance_price,Short,2026-08-11T19:14:45Z
2026-08-11T19:03:52Z,2026-08-11T21:03:52+0200,d65ae107-0026-470c-8885-f57b4d7803f4,2026-07-20T02:00:00Z,2026-07-20T04:00:00+0200,15.02,EUR/MWh,DK2,DK_2,imbalance_price,Long,2026-08-11T19:14:45Z
2026-08-11T19:03:52Z,2026-08-11T21:03:52+0200,d65ae107-0026-470c-8885-f57b4d7803f4,2026-07-20T02:00:00Z,2026-07-20T04:00:00+0200,15.02,EUR/MWh,DK2,DK_2,imbalance_price,Short,2026-08-11T19:14:45Z
2026-08-11T19:03:52Z,2026-08-11T21:03:52+0200,d65ae107-0026-470c-8885-f57b4d7803f4,2026-07-20T02:15:00Z,2026-07-20T04:15:00+0200,-10.0,EUR/MWh,DK2,DK_2,imbalance_price,Long,2026-08-11T19:14:45Z
2026-08-11T19:03:52Z,2026-08-11T21:03:52+0200,d65ae107-0026-470c-8885-f57b4d7803f4,2026-07-20T02:15:00Z,2026-07-20T04:15:00+0200,-10.0,EUR/MWh,DK2,DK_2,imbalance_price,Short,2026-08-11T19:14:45Z
2026-08-11T19:03:52Z,2026-08-11T21:03:52+0200,d65ae107-0026-470c-8885-f57b4d7803f4,2026-07-20T02:30:00Z,2026-07-20T04:30:00+0200,6.69,EUR/MWh,DK2,DK_2,imbalance_price,Long,2026-08-11T19:14:45Z
2026-08-11T19:03:52Z,2026-08-11T21:03:52+0200,d65ae107-0026-470c-8885-f57b4d7803f4,2026-07-20T02:30:00Z,2026-07-20T04:30:00+0200,6.69,EUR/MWh,DK2,DK_2,imbalance_price,Short,2026-08-11T19:14:45Z
2026-08-11T19:03:52Z,2026-08-11T21:03:52+0200,d65ae107-0026-470c-8885-f57b4d7803f4,2026-07-20T02:45:00Z,2026-07-20T04:45:00+0200,23.71,EUR/MWh,DK2,DK_2,imbalance_price,Long,2026-08-11T19:14:45Z
2026-08-11T19:03:52Z,2026-08-11T21:03:52+0200,d65ae107-0026-470c-8885-f57b4d7803f4,2026-07-20T02:45:00Z,2026-07-20T04:45:00+0200,23.71,EUR/MWh,DK2,DK_2,imbalance_price,Short,2026-08-11T19:14:45Z
2026-08-11T19:03:52Z,2026-08-11T21:03:52+0200,d65ae107-0026-470c-8885-f57b4d7803f4,2026-07-20T03:00:00Z,2026-07-20T05:00:00+0200,131.33,EUR/MWh,DK2,DK_2,imbalance_price,Long,2026-08-11T19:14:45Z
2026-08-11T19:03:52Z,2026-08-11T21:03:52+0200,d65ae107-0026-470c-8885-f57b4d7803f4,2026-07-20T03:00:00Z,2026-07-20T05:00:00+0200,131.33,EUR/MWh,DK2,DK_2,imbalance_price,Short,2026-08-11T19:14:45Z
2026-08-11T19:03:52Z,2026-08-11T21:03:52+0200,d65ae107-0026-470c-8885-f57b4d7803f4,2026-07-20T03:15:00Z,2026-07-20T05:15:00+0200,18.15,EUR/MWh,DK2,DK_2,imbalance_price,Long,2026-08-11T19:14:45Z
2026-08-11T19:03:52Z,2026-08-11T21:03:52+0200,d65ae107-0026-470c-8885-f57b4d7803f4,2026-07-20T03:15:00Z,2026-07-20T05:15:00+0200,18.15,EUR/MWh,DK2,DK_2,imbalance_price,Short,2026-08-11T19:14:45Z
2026-08-11T19:03:52Z,2026-08-11T21:03:52+0200,d65ae107-0026-470c-8885-f57b4d7803f4,2026-07-20T03:30:00Z,2026-07-20T05:30:00+0200,-9.98,EUR/MWh,DK2,DK_2,imbalance_price,Long,2026-08-11T19:14:45Z
2026-08-11T19:03:52Z,2026-08-11T21:03:52+0200,d65ae107-0026-470c-8885-f57b4d7803f4,2026-07-20T03:30:00Z,2026-07-20T05:30:00+0200,-9.98,EUR/MWh,DK2,DK_2,imbalance_price,Short,2026-08-11T19:14:45Z
2026-08-11T19:03:52Z,2026-08-11T21:03:52+0200,d65ae107-0026-470c-8885-f57b4d7803f4,2026-07-20T03:45:00Z,2026-07-20T05:45:00+0200,57.58,EUR/MWh,DK2,DK_2,imbalance_price,Long,2026-08-11T19:14:45Z
2026-08-11T19:03:52Z,2026-08-11T21:03:52+0200,d65ae107-0026-470c-8885-f57b4d7803f4,2026-07-20T03:45:00Z,2026-07-20T05:45:00+0200,57.58,EUR/MWh,DK2,DK_2,imbalance_price,Short,2026-08-11T19:14:45Z
2026-08-11T19:03:52Z,2026-08-11T21:03:52+0200,d65ae107-0026-470c-8885-f57b4d7803f4,2026-07-20T04:00:00Z,2026-07-20T06:00:00+0200,147.79,EUR/MWh,DK2,DK_2,imbalance_price,Long,2026-08-11T19:14:45Z
2026-08-11T19:03:52Z,2026-08-11T21:03:52+0200,d65ae107-0026-470c-8885-f57b4d7803f4,2026-07-20T04:00:00Z,2026-07-20T06:00:00+0200,147.79,EUR/MWh,DK2,DK_2,imbalance_price,Short,2026-08-11T19:14:45Z
2026-08-11T19:03:52Z,2026-08-11T21:03:52+0200,d65ae107-0026-470c-8885-f57b4d7803f4,2026-07-20T04:15:00Z,2026-07-20T06:15:00+0200,401.3,EUR/MWh,DK2,DK_2,imbalance_price,Long,2026-08-11T19:14:45Z
2026-08-11T19:03:52Z,2026-08-11T21:03:52+0200,d65ae107-0026-470c-8885-f57b4d7803f4,2026-07-20T04:15:00Z,2026-07-20T06:15:00+0200,401.3,EUR/MWh,DK2,DK_2,imbalance_price,Short,2026-08-11T19:14:45Z
2026-08-11T19:03:52Z,2026-08-11T21:03:52+0200,d65ae107-0026-470c-8885-f57b4d7803f4,2026-07-20T04:30:00Z,2026-07-20T06:30:00+0200,204.24,EUR/MWh,DK2,DK_2,imbalance_price,Long,2026-08-11T19:14:45Z
2026-08-11T19:03:52Z,2026-08-11T21:03:52+0200,d65ae107-0026-470c-8885-f57b4d7803f4,2026-07-20T04:30:00Z,2026-07-20T06:30:00+0200,204.24,EUR/MWh,DK2,DK_2,imbalance_price,Short,2026-08-11T19:14:45Z
2026-08-11T19:03:52Z,2026-08-11T21:03:52+0200,d65ae107-0026-470c-8885-f57b4d7803f4,2026-07-20T04:45:00Z,2026-07-20T06:45:00+0200,29.86,EUR/MWh,DK2,DK_2,imbalance_price,Long,2026-08-11T19:14:45Z
2026-08-11T19:03:52Z,2026-08-11T21:03:52+0200,d65ae107-0026-470c-8885-f57b4d7803f4,2026-07-20T04:45:00Z,2026-07-20T06:45:00+0200,29.86,EUR/MWh,DK2,DK_2,imbalance_price,Short,2026-08-11T19:14:45Z
2026-08-11T19:03:52Z,2026-08-11T21:03:52+0200,d65ae107-0026-470c-8885-f57b4d7803f4,2026-07-20T05:00:00Z,2026-07-20T07:00:00+0200,17.56,EUR/MWh,DK2,DK_2,imbalance_price,Long,2026-08-11T19:14:45Z
2026-08-11T19:03:52Z,2026-08-11T21:03:52+0200,d65ae107-0026-470c-8885-f57b4d7803f4,2026-07-20T05:00:00Z,2026-07-20T07:00:00+0200,17.56,EUR/MWh,DK2,DK_2,imbalance_price,Short,2026-08-11T19:14:45Z
2026-08-11T19:03:52Z,2026-08-11T21:03:52+0200,d65ae107-0026-470c-8885-f57b4d7803f4,2026-07-20T05:15:00Z,2026-07-20T07:15:00+0200,23.67,EUR/MWh,DK2,DK_2,imbalance_price,Long,2026-08-11T19:14:45Z
2026-08-11T19:03:52Z,2026-08-11T21:03:52+0200,d65ae107-0026-470c-8885-f57b4d7803f4,2026-07-20T05:15:00Z,2026-07-20T07:15:00+0200,23.67,EUR/MWh,DK2,DK_2,imbalance_price,Short,2026-08-11T19:14:45Z
2026-08-11T19:03:52Z,2026-08-11T21:03:52+0200,d65ae107-0026-470c-8885-f57b4d7803f4,2026-07-20T05:30:00Z,2026-07-20T07:30:00+0200,54.36,EUR/MWh,DK2,DK_2,imbalance_price,Long,2026-08-11T19:14:45Z
2026-08-11T19:03:52Z,2026-08-11T21:03:52+0200,d65ae107-0026-470c-8885-f57b4d7803f4,2026-07-20T05:30:00Z,2026-07-20T07:30:00+0200,54.36,EUR/MWh,DK2,DK_2,imbalance_price,Short,2026-08-11T19:14:45Z
2026-08-11T19:03:52Z,2026-08-11T21:03:52+0200,d65ae107-0026-470c-8885-f57b4d7803f4,2026-07-20T05:45:00Z,2026-07-20T07:45:00+0200,140.36,EUR/MWh,DK2,DK_2,imbalance_price,Long,2026-08-11T19:14:45Z
2026-08-11T19:03:52Z,2026-08-11T21:03:52+0200,d65ae107-0026-470c-8885-f57b4d7803f4,2026-07-20T05:45:00Z,2026-07-20T07:45:00+0200,140.36,EUR/MWh,DK2,DK_2,imbalance_price,Short,2026-08-11T19:14:45Z
2026-08-11T19:03:52Z,2026-08-11T21:03:52+0200,d65ae107-0026-470c-8885-f57b4d7803f4,2026-07-20T06:00:00Z,2026-07-20T08:00:00+0200,43.99,EUR/MWh,DK2,DK_2,imbalance_price,Long,2026-08-11T19:14:45Z
2026-08-11T19:03:52Z,2026-08-11T21:03:52+0200,d65ae107-0026-470c-8885-f57b4d7803f4,2026-07-20T06:00:00Z,2026-07-20T08:00:00+0200,43.99,EUR/MWh,DK2,DK_2,imbalance_price,Short,2026-08-11T19:14:45Z
2026-08-11T19:03:52Z,2026-08-11T21:03:52+0200,d65ae107-0026-470c-8885-f57b4d7803f4,2026-07-20T06:15:00Z,2026-07-20T08:15:00+0200,23.44,EUR/MWh,DK2,DK_2,imbalance_price,Long,2026-08-11T19:14:45Z
2026-08-11T19:03:52Z,2026-08-11T21:03:52+0200,d65ae107-0026-470c-8885-f57b4d7803f4,2026-07-20T06:15:00Z,2026-07-20T08:15:00+0200,23.44,EUR/MWh,DK2,DK_2,imbalance_price,Short,2026-08-11T19:14:45Z
2026-08-11T19:03:52Z,2026-08-11T21:03:52+0200,d65ae107-0026-470c-8885-f57b4d7803f4,2026-07-20T06:30:00Z,2026-07-20T08:30:00+0200,12.0,EUR/MWh,DK2,DK_2,imbalance_price,Long,2026-08-11T19:14:45Z
2026-08-11T19:03:52Z,2026-08-11T21:03:52+0200,d65ae107-0026-470c-8885-f57b4d7803f4,2026-07-20T06:30:00Z,2026-07-20T08:30:00+0200,12.0,EUR/MWh,DK2,DK_2,imbalance_price,Short,2026-08-11T19:14:45Z
2026-08-11T19:03:52Z,2026-08-11T21:03:52+0200,d65ae107-0026-470c-8885-f57b4d7803f4,2026-07-20T06:45:00Z,2026-07-20T08:45:00+0200,7.6,EUR/MWh,DK2,DK_2,imbalance_price,Long,2026-08-11T19:14:45Z
2026-08-11T19:03:52Z,2026-08-11T21:03:52+0200,d65ae107-0026-470c-8885-f57b4d7803f4,2026-07-20T06:45:00Z,2026-07-20T08:45:00+0200,7.6,EUR/MWh,DK2,DK_2,imbalance_price,Short,2026-08-11T19:14:45Z
2026-08-11T19:03:52Z,2026-08-11T21:03:52+0200,d65ae107-0026-470c-8885-f57b4d7803f4,2026-07-20T07:00:00Z,2026-07-20T09:00:00+0200,113.73,EUR/MWh,DK2,DK_2,imbalance_price,Long,2026-08-11T19:14:45Z
2026-08-11T19:03:52Z,2026-08-11T21:03:52+0200,d65ae107-0026-470c-8885-f57b4d7803f4,2026-07-20T07:00:00Z,2026-07-20T09:00:00+0200,113.73,EUR/MWh,DK2,DK_2,imbalance_price,Short,2026-08-11T19:14:45Z
2026-08-11T19:03:52Z,2026-08-11T21:03:52+0200,d65ae107-0026-470c-8885-f57b4d7803f4,2026-07-20T07:15:00Z,2026-07-20T09:15:00+0200,3.0,EUR/MWh,DK2,DK_2,imbalance_price,Long,2026-08-11T19:14:45Z
2026-08-11T19:03:52Z,2026-08-11T21:03:52+0200,d65ae107-0026-470c-8885-f57b4d7803f4,2026-07-20T07:15:00Z,2026-07-20T09:15:00+0200,3.0,EUR/MWh,DK2,DK_2,imbalance_price,Short,2026-08-11T19:14:45Z
2026-08-11T19:03:52Z,2026-08-11T21:03:52+0200,d65ae107-0026-470c-8885-f57b4d7803f4,2026-07-20T07:30:00Z,2026-07-20T09:30:00+0200,14.33,EUR/MWh,DK2,DK_2,imbalance_price,Long,2026-08-11T19:14:45Z
2026-08-11T19:03:52Z,2026-08-11T21:03:52+0200,d65ae107-0026-470c-8885-f57b4d7803f4,2026-07-20T07:30:00Z,2026-07-20T09:30:00+0200,14.33,EUR/MWh,DK2,DK_2,imbalance_price,Short,2026-08-11T19:14:45Z
2026-08-11T19:03:52Z,2026-08-11T21:03:52+0200,d65ae107-0026-470c-8885-f57b4d7803f4,2026-07-20T07:45:00Z,2026-07-20T09:45:00+0200,-5.42,EUR/MWh,DK2,DK_2,imbalance_price,Long,2026-08-11T19:14:45Z
2026-08-11T19:03:52Z,2026-08-11T21:03:52+0200,d65ae107-0026-470c-8885-f57b4d7803f4,2026-07-20T07:45:00Z,2026-07-20T09:45:00+0200,-5.42,EUR/MWh,DK2,DK_2,imbalance_price,Short,2026-08-11T19:14:45Z
2026-08-11T19:03:52Z,2026-08-11T21:03:52+0200,d65ae107-0026-470c-8885-f57b4d7803f4,2026-07-20T08:00:00Z,2026-07-20T10:00:00+0200,-20.54,EUR/MWh,DK2,DK_2,imbalance_price,Long,2026-08-11T19:14:45Z
2026-08-11T19:03:52Z,2026-08-11T21:03:52+0200,d65ae107-0026-470c-8885-f57b4d7803f4,2026-07-20T08:00:00Z,2026-07-20T10:00:00+0200,-20.54,EUR/MWh,DK2,DK_2,imbalance_price,Short,2026-08-11T19:14:45Z
2026-08-11T19:03:52Z,2026-08-11T21:03:52+0200,d65ae107-0026-470c-8885-f57b4d7803f4,2026-07-20T08:15:00Z,2026-07-20T10:15:00+0200,-4.01,EUR/MWh,DK2,DK_2,imbalance_price,Long,2026-08-11T19:14:45Z
2026-08-11T19:03:52Z,2026-08-11T21:03:52+0200,d65ae107-0026-470c-8885-f57b4d7803f4,2026-07-20T08:15:00Z,2026-07-20T10:15:00+0200,-4.01,EUR/MWh,DK2,DK_2,imbalance_price,Short,2026-08-11T19:14:45Z
2026-08-11T19:03:52Z,2026-08-11T21:03:52+0200,d65ae107-0026-470c-8885-f57b4d7803f4,2026-07-20T08:30:00Z,2026-07-20T10:30:00+0200,-17.5,EUR/MWh,DK2,DK_2,imbalance_price,Long,2026-08-11T19:14:45Z
2026-08-11T19:03:52Z,2026-08-11T21:03:52+0200,d65ae107-0026-470c-8885-f57b4d7803f4,2026-07-20T08:30:00Z,2026-07-20T10:30:00+0200,-17.5,EUR/MWh,DK2,DK_2,imbalance_price,Short,2026-08-11T19:14:45Z
2026-08-11T19:03:52Z,2026-08-11T21:03:52+0200,d65ae107-0026-470c-8885-f57b4d7803f4,2026-07-20T08:45:00Z,2026-07-20T10:45:00+0200,-31.86,EUR/MWh,DK2,DK_2,imbalance_price,Long,2026-08-11T19:14:45Z
2026-08-11T19:03:52Z,2026-08-11T21:03:52+0200,d65ae107-0026-470c-8885-f57b4d7803f4,2026-07-20T08:45:00Z,2026-07-20T10:45:00+0200,-31.86,EUR/MWh,DK2,DK_2,imbalance_price,Short,2026-08-11T19:14:45Z
2026-08-11T19:03:52Z,2026-08-11T21:03:52+0200,d65ae107-0026-470c-8885-f57b4d7803f4,2026-07-20T09:00:00Z,2026-07-20T11:00:00+0200,-38.17,EUR/MWh,DK2,DK_2,imbalance_price,Long,2026-08-11T19:14:45Z
2026-08-11T19:03:52Z,2026-08-11T21:03:52+0200,d65ae107-0026-470c-8885-f57b4d7803f4,2026-07-20T09:00:00Z,2026-07-20T11:00:00+0200,-38.17,EUR/MWh,DK2,DK_2,imbalance_price,Short,2026-08-11T19:14:45Z
2026-08-11T19:03:52Z,2026-08-11T21:03:52+0200,d65ae107-0026-470c-8885-f57b4d7803f4,2026-07-20T09:15:00Z,2026-07-20T11:15:00+0200,-28.59,EUR/MWh,DK2,DK_2,imbalance_price,Long,2026-08-11T19:14:45Z
2026-08-11T19:03:52Z,2026-08-11T21:03:52+0200,d65ae107-0026-470c-8885-f57b4d7803f4,2026-07-20T09:15:00Z,2026-07-20T11:15:00+0200,-28.59,EUR/MWh,DK2,DK_2,imbalance_price,Short,2026-08-11T19:14:45Z
2026-08-11T19:03:52Z,2026-08-11T21:03:52+0200,d65ae107-0026-470c-8885-f57b4d7803f4,2026-07-20T09:30:00Z,2026-07-20T11:30:00+0200,-10.39,EUR/MWh,DK2,DK_2,imbalance_price,Long,2026-08-11T19:14:45Z
2026-08-11T19:03:52Z,2026-08-11T21:03:52+0200,d65ae107-0026-470c-8885-f57b4d7803f4,2026-07-20T09:30:00Z,2026-07-20T11:30:00+0200,-10.39,EUR/MWh,DK2,DK_2,imbalance_price,Short,2026-08-11T19:14:45Z
2026-08-11T19:03:52Z,2026-08-11T21:03:52+0200,d65ae107-0026-470c-8885-f57b4d7803f4,2026-07-20T09:45:00Z,2026-07-20T11:45:00+0200,-6.69,EUR/MWh,DK2,DK_2,imbalance_price,Long,2026-08-11T19:14:45Z
2026-08-11T19:03:52Z,2026-08-11T21:03:52+0200,d65ae107-0026-470c-8885-f57b4d7803f4,2026-07-20T09:45:00Z,2026-07-20T11:45:00+0200,-6.69,EUR/MWh,DK2,DK_2,imbalance_price,Short,2026-08-11T19:14:45Z
2026-08-11T19:03:52Z,2026-08-11T21:03:52+0200,d65ae107-0026-470c-8885-f57b4d7803f4,2026-07-20T10:00:00Z,2026-07-20T12:00:00+0200,-10.0,EUR/MWh,DK2,DK_2,imbalance_price,Long,2026-08-11T19:14:45Z
2026-08-11T19:03:52Z,2026-08-11T21:03:52+0200,d65ae107-0026-470c-8885-f57b4d7803f4,2026-07-20T10:00:00Z,2026-07-20T12:00:00+0200,-10.0,EUR/MWh,DK2,DK_2,imbalance_price,Short,2026-08-11T19:14:45Z
2026-08-11T19:03:52Z,2026-08-11T21:03:52+0200,d65ae107-0026-470c-8885-f57b4d7803f4,2026-07-20T10:15:00Z,2026-07-20T12:15:00+0200,-6.77,EUR/MWh,DK2,DK_2,imbalance_price,Long,2026-08-11T19:14:45Z
2026-08-11T19:03:52Z,2026-08-11T21:03:52+0200,d65ae107-0026-470c-8885-f57b4d7803f4,2026-07-20T10:15:00Z,2026-07-20T12:15:00+0200,-6.77,EUR/MWh,DK2,DK_2,imbalance_price,Short,2026-08-11T19:14:45Z
2026-08-11T19:03:52Z,2026-08-11T21:03:52+0200,d65ae107-0026-470c-8885-f57b4d7803f4,2026-07-20T10:30:00Z,2026-07-20T12:30:00+0200,-7.41,EUR/MWh,DK2,DK_2,imbalance_price,Long,2026-08-11T19:14:45Z
2026-08-11T19:03:52Z,2026-08-11T21:03:52+0200,d65ae107-0026-470c-8885-f57b4d7803f4,2026-07-20T10:30:00Z,2026-07-20T12:30:00+0200,-7.41,EUR/MWh,DK2,DK_2,imbalance_price,Short,2026-08-11T19:14:45Z
2026-08-11T19:03:52Z,2026-08-11T21:03:52+0200,d65ae107-0026-470c-8885-f57b4d7803f4,2026-07-20T10:45:00Z,2026-07-20T12:45:00+0200,-25.02,EUR/MWh,DK2,DK_2,imbalance_price,Long,2026-08-11T19:14:45Z
2026-08-11T19:03:52Z,2026-08-11T21:03:52+0200,d65ae107-0026-470c-8885-f57b4d7803f4,2026-07-20T10:45:00Z,2026-07-20T12:45:00+0200,-25.02,EUR/MWh,DK2,DK_2,imbalance_price,Short,2026-08-11T19:14:45Z
2026-08-11T19:03:52Z,2026-08-11T21:03:52+0200,d65ae107-0026-470c-8885-f57b4d7803f4,2026-07-20T11:00:00Z,2026-07-20T13:00:00+0200,-21.25,EUR/MWh,DK2,DK_2,imbalance_price,Long,2026-08-11T19:14:45Z
2026-08-11T19:03:52Z,2026-08-11T21:03:52+0200,d65ae107-0026-470c-8885-f57b4d7803f4,2026-07-20T11:00:00Z,2026-07-20T13:00:00+0200,-21.25,EUR/MWh,DK2,DK_2,imbalance_price,Short,2026-08-11T19:14:45Z
2026-08-11T19:03:52Z,2026-08-11T21:03:52+0200,d65ae107-0026-470c-8885-f57b4d7803f4,2026-07-20T11:15:00Z,2026-07-20T13:15:00+0200,11.94,EUR/MWh,DK2,DK_2,imbalance_price,Long,2026-08-11T19:14:45Z
2026-08-11T19:03:52Z,2026-08-11T21:03:52+0200,d65ae107-0026-470c-8885-f57b4d7803f4,2026-07-20T11:15:00Z,2026-07-20T13:15:00+0200,11.94,EUR/MWh,DK2,DK_2,imbalance_price,Short,2026-08-11T19:14:45Z
2026-08-11T19:03:52Z,2026-08-11T21:03:52+0200,d65ae107-0026-470c-8885-f57b4d7803f4,2026-07-20T11:30:00Z,2026-07-20T13:30:00+0200,-40.05,EUR/MWh,DK2,DK_2,imbalance_price,Long,2026-08-11T19:14:45Z
2026-08-11T19:03:52Z,2026-08-11T21:03:52+0200,d65ae107-0026-470c-8885-f57b4d7803f4,2026-07-20T11:30:00Z,2026-07-20T13:30:00+0200,-40.05,EUR/MWh,DK2,DK_2,imbalance_price,Short,2026-08-11T19:14:45Z
2026-08-11T19:03:52Z,2026-08-11T21:03:52+0200,d65ae107-0026-470c-8885-f57b4d7803f4,2026-07-20T11:45:00Z,2026-07-20T13:45:00+0200,-40.0,EUR/MWh,DK2,DK_2,imbalance_price,Long,2026-08-11T19:14:45Z
2026-08-11T19:03:52Z,2026-08-11T21:03:52+0200,d65ae107-0026-470c-8885-f57b4d7803f4,2026-07-20T11:45:00Z,2026-07-20T13:45:00+0200,-40.0,EUR/MWh,DK2,DK_2,imbalance_price,Short,2026-08-11T19:14:45Z
2026-08-11T19:03:52Z,2026-08-11T21:03:52+0200,d65ae107-0026-470c-8885-f57b4d7803f4,2026-07-20T12:00:00Z,2026-07-20T14:00:00+0200,-60.91,EUR/MWh,DK2,DK_2,imbalance_price,Long,2026-08-11T19:14:45Z
2026-08-11T19:03:52Z,2026-08-11T21:03:52+0200,d65ae107-0026-470c-8885-f57b4d7803f4,2026-07-20T12:00:00Z,2026-07-20T14:00:00+0200,-60.91,EUR/MWh,DK2,DK_2,imbalance_price,Short,2026-08-11T19:14:45Z
2026-08-11T19:03:52Z,2026-08-11T21:03:52+0200,d65ae107-0026-470c-8885-f57b4d7803f4,2026-07-20T12:15:00Z,2026-07-20T14:15:00+0200,-57.4,EUR/MWh,DK2,DK_2,imbalance_price,Long,2026-08-11T19:14:45Z
2026-08-11T19:03:52Z,2026-08-11T21:03:52+0200,d65ae107-0026-470c-8885-f57b4d7803f4,2026-07-20T12:15:00Z,2026-07-20T14:15:00+0200,-57.4,EUR/MWh,DK2,DK_2,imbalance_price,Short,2026-08-11T19:14:45Z
2026-08-11T19:03:52Z,2026-08-11T21:03:52+0200,d65ae107-0026-470c-8885-f57b4d7803f4,2026-07-20T12:30:00Z,2026-07-20T14:30:00+0200,-18.18,EUR/MWh,DK2,DK_2,imbalance_price,Long,2026-08-11T19:14:45Z
2026-08-11T19:03:52Z,2026-08-11T21:03:52+0200,d65ae107-0026-470c-8885-f57b4d7803f4,2026-07-20T12:30:00Z,2026-07-20T14:30:00+0200,-18.18,EUR/MWh,DK2,DK_2,imbalance_price,Short,2026-08-11T19:14:45Z
2026-08-11T19:03:52Z,2026-08-11T21:03:52+0200,d65ae107-0026-470c-8885-f57b4d7803f4,2026-07-20T12:45:00Z,2026-07-20T14:45:00+0200,-47.47,EUR/MWh,DK2,DK_2,imbalance_price,Long,2026-08-11T19:14:45Z
2026-08-11T19:03:52Z,2026-08-11T21:03:52+0200,d65ae107-0026-470c-8885-f57b4d7803f4,2026-07-20T12:45:00Z,2026-07-20T14:45:00+0200,-47.47,EUR/MWh,DK2,DK_2,imbalance_price,Short,2026-08-11T19:14:45Z
2026-08-11T19:03:52Z,2026-08-11T21:03:52+0200,d65ae107-0026-470c-8885-f57b4d7803f4,2026-07-20T13:00:00Z,2026-07-20T15:00:00+0200,-34.46,EUR/MWh,DK2,DK_2,imbalance_price,Long,2026-08-11T19:14:45Z
2026-08-11T19:03:52Z,2026-08-11T21:03:52+0200,d65ae107-0026-470c-8885-f57b4d7803f4,2026-07-20T13:00:00Z,2026-07-20T15:00:00+0200,-34.46,EUR/MWh,DK2,DK_2,imbalance_price,Short,2026-08-11T19:14:45Z
2026-08-11T19:03:52Z,2026-08-11T21:03:52+0200,d65ae107-0026-470c-8885-f57b4d7803f4,2026-07-20T13:15:00Z,2026-07-20T15:15:00+0200,-36.72,EUR/MWh,DK2,DK_2,imbalance_price,Long,2026-08-11T19:14:45Z
2026-08-11T19:03:52Z,2026-08-11T21:03:52+0200,d65ae107-0026-470c-8885-f57b4d7803f4,2026-07-20T13:15:00Z,2026-07-20T15:15:00+0200,-36.72,EUR/MWh,DK2,DK_2,imbalance_price,Short,2026-08-11T19:14:45Z
2026-08-11T19:03:52Z,2026-08-11T21:03:52+0200,d65ae107-0026-470c-8885-f57b4d7803f4,2026-07-20T13:30:00Z,2026-07-20T15:30:00+0200,-36.83,EUR/MWh,DK2,DK_2,imbalance_price,Long,2026-08-11T19:14:45Z
2026-08-11T19:03:52Z,2026-08-11T21:03:52+0200,d65ae107-0026-470c-8885-f57b4d7803f4,2026-07-20T13:30:00Z,2026-07-20T15:30:00+0200,-36.83,EUR/MWh,DK2,DK_2,imbalance_price,Short,2026-08-11T19:14:45Z
2026-08-11T19:03:52Z,2026-08-11T21:03:52+0200,d65ae107-0026-470c-8885-f57b4d7803f4,2026-07-20T13:45:00Z,2026-07-20T15:45:00+0200,-32.37,EUR/MWh,DK2,DK_2,imbalance_price,Long,2026-08-11T19:14:45Z
2026-08-11T19:03:52Z,2026-08-11T21:03:52+0200,d65ae107-0026-470c-8885-f57b4d7803f4,2026-07-20T13:45:00Z,2026-07-20T15:45:00+0200,-32.37,EUR/MWh,DK2,DK_2,imbalance_price,Short,2026-08-11T19:14:45Z
2026-08-11T19:03:52Z,2026-08-11T21:03:52+0200,d65ae107-0026-470c-8885-f57b4d7803f4,2026-07-20T14:00:00Z,2026-07-20T16:00:00+0200,-6.69,EUR/MWh,DK2,DK_2,imbalance_price,Long,2026-08-11T19:14:45Z
2026-08-11T19:03:52Z,2026-08-11T21:03:52+0200,d65ae107-0026-470c-8885-f57b4d7803f4,2026-07-20T14:00:00Z,2026-07-20T16:00:00+0200,-6.69,EUR/MWh,DK2,DK_2,imbalance_price,Short,2026-08-11T19:14:45Z
2026-08-11T19:03:52Z,2026-08-11T21:03:52+0200,d65ae107-0026-470c-8885-f57b4d7803f4,2026-07-20T14:15:00Z,2026-07-20T16:15:00+0200,-6.69,EUR/MWh,DK2,DK_2,imbalance_price,Long,2026-08-11T19:14:45Z
2026-08-11T19:03:52Z,2026-08-11T21:03:52+0200,d65ae107-0026-470c-8885-f57b4d7803f4,2026-07-20T14:15:00Z,2026-07-20T16:15:00+0200,-6.69,EUR/MWh,DK2,DK_2,imbalance_price,Short,2026-08-11T19:14:45Z
2026-08-11T19:03:52Z,2026-08-11T21:03:52+0200,d65ae107-0026-470c-8885-f57b4d7803f4,2026-07-20T14:30:00Z,2026-07-20T16:30:00+0200,-35.85,EUR/MWh,DK2,DK_2,imbalance_price,Long,2026-08-11T19:14:45Z
2026-08-11T19:03:52Z,2026-08-11T21:03:52+0200,d65ae107-0026-470c-8885-f57b4d7803f4,2026-07-20T14:30:00Z,2026-07-20T16:30:00+0200,-35.85,EUR/MWh,DK2,DK_2,imbalance_price,Short,2026-08-11T19:14:45Z
2026-08-11T19:03:52Z,2026-08-11T21:03:52+0200,d65ae107-0026-470c-8885-f57b4d7803f4,2026-07-20T14:45:00Z,2026-07-20T16:45:00+0200,-112.64,EUR/MWh,DK2,DK_2,imbalance_price,Long,2026-08-11T19:14:45Z
2026-08-11T19:03:52Z,2026-08-11T21:03:52+0200,d65ae107-0026-470c-8885-f57b4d7803f4,2026-07-20T14:45:00Z,2026-07-20T16:45:00+0200,-112.64,EUR/MWh,DK2,DK_2,imbalance_price,Short,2026-08-11T19:14:45Z
2026-08-11T19:03:52Z,2026-08-11T21:03:52+0200,d65ae107-0026-470c-8885-f57b4d7803f4,2026-07-20T15:00:00Z,2026-07-20T17:00:00+0200,-54.28,EUR/MWh,DK2,DK_2,imbalance_price,Long,2026-08-11T19:14:45Z
2026-08-11T19:03:52Z,2026-08-11T21:03:52+0200,d65ae107-0026-470c-8885-f57b4d7803f4,2026-07-20T15:00:00Z,2026-07-20T17:00:00+0200,-54.28,EUR/MWh,DK2,DK_2,imbalance_price,Short,2026-08-11T19:14:45Z
2026-08-11T19:03:52Z,2026-08-11T21:03:52+0200,d65ae107-0026-470c-8885-f57b4d7803f4,2026-07-20T15:15:00Z,2026-07-20T17:15:00+0200,-40.21,EUR/MWh,DK2,DK_2,imbalance_price,Long,2026-08-11T19:14:45Z
2026-08-11T19:03:52Z,2026-08-11T21:03:52+0200,d65ae107-0026-470c-8885-f57b4d7803f4,2026-07-20T15:15:00Z,2026-07-20T17:15:00+0200,-40.21,EUR/MWh,DK2,DK_2,imbalance_price,Short,2026-08-11T19:14:45Z
2026-08-11T19:03:52Z,2026-08-11T21:03:52+0200,d65ae107-0026-470c-8885-f57b4d7803f4,2026-07-20T15:30:00Z,2026-07-20T17:30:00+0200,-36.22,EUR/MWh,DK2,DK_2,imbalance_price,Long,2026-08-11T19:14:45Z
2026-08-11T19:03:52Z,2026-08-11T21:03:52+0200,d65ae107-0026-470c-8885-f57b4d7803f4,2026-07-20T15:30:00Z,2026-07-20T17:30:00+0200,-36.22,EUR/MWh,DK2,DK_2,imbalance_price,Short,2026-08-11T19:14:45Z
2026-08-11T19:03:52Z,2026-08-11T21:03:52+0200,d65ae107-0026-470c-8885-f57b4d7803f4,2026-07-20T15:45:00Z,2026-07-20T17:45:00+0200,-7.27,EUR/MWh,DK2,DK_2,imbalance_price,Long,2026-08-11T19:14:45Z
2026-08-11T19:03:52Z,2026-08-11T21:03:52+0200,d65ae107-0026-470c-8885-f57b4d7803f4,2026-07-20T15:45:00Z,2026-07-20T17:45:00+0200,-7.27,EUR/MWh,DK2,DK_2,imbalance_price,Short,2026-08-11T19:14:45Z
2026-08-11T19:03:52Z,2026-08-11T21:03:52+0200,d65ae107-0026-470c-8885-f57b4d7803f4,2026-07-20T16:00:00Z,2026-07-20T18:00:00+0200,0.0,EUR/MWh,DK2,DK_2,imbalance_price,Long,2026-08-11T19:14:45Z
2026-08-11T19:03:52Z,2026-08-11T21:03:52+0200,d65ae107-0026-470c-8885-f57b4d7803f4,2026-07-20T16:00:00Z,2026-07-20T18:00:00+0200,0.0,EUR/MWh,DK2,DK_2,imbalance_price,Short,2026-08-11T19:14:45Z
2026-08-11T19:03:52Z,2026-08-11T21:03:52+0200,d65ae107-0026-470c-8885-f57b4d7803f4,2026-07-20T16:15:00Z,2026-07-20T18:15:00+0200,-0.49,EUR/MWh,DK2,DK_2,imbalance_price,Long,2026-08-11T19:14:45Z
2026-08-11T19:03:52Z,2026-08-11T21:03:52+0200,d65ae107-0026-470c-8885-f57b4d7803f4,2026-07-20T16:15:00Z,2026-07-20T18:15:00+0200,-0.49,EUR/MWh,DK2,DK_2,imbalance_price,Short,2026-08-11T19:14:45Z
2026-08-11T19:03:52Z,2026-08-11T21:03:52+0200,d65ae107-0026-470c-8885-f57b4d7803f4,2026-07-20T16:30:00Z,2026-07-20T18:30:00+0200,-2.0,EUR/MWh,DK2,DK_2,imbalance_price,Long,2026-08-11T19:14:45Z
2026-08-11T19:03:52Z,2026-08-11T21:03:52+0200,d65ae107-0026-470c-8885-f57b4d7803f4,2026-07-20T16:30:00Z,2026-07-20T18:30:00+0200,-2.0,EUR/MWh,DK2,DK_2,imbalance_price,Short,2026-08-11T19:14:45Z
2026-08-11T19:03:52Z,2026-08-11T21:03:52+0200,d65ae107-0026-470c-8885-f57b4d7803f4,2026-07-20T16:45:00Z,2026-07-20T18:45:00+0200,145.04,EUR/MWh,DK2,DK_2,imbalance_price,Long,2026-08-11T19:14:45Z
2026-08-11T19:03:52Z,2026-08-11T21:03:52+0200,d65ae107-0026-470c-8885-f57b4d7803f4,2026-07-20T16:45:00Z,2026-07-20T18:45:00+0200,145.04,EUR/MWh,DK2,DK_2,imbalance_price,Short,2026-08-11T19:14:45Z
2026-08-11T19:03:52Z,2026-08-11T21:03:52+0200,d65ae107-0026-470c-8885-f57b4d7803f4,2026-07-20T17:00:00Z,2026-07-20T19:00:00+0200,143.89,EUR/MWh,DK2,DK_2,imbalance_price,Long,2026-08-11T19:14:45Z
2026-08-11T19:03:52Z,2026-08-11T21:03:52+0200,d65ae107-0026-470c-8885-f57b4d7803f4,2026-07-20T17:00:00Z,2026-07-20T19:00:00+0200,143.89,EUR/MWh,DK2,DK_2,imbalance_price,Short,2026-08-11T19:14:45Z
2026-08-11T19:03:52Z,2026-08-11T21:03:52+0200,d65ae107-0026-470c-8885-f57b4d7803f4,2026-07-20T17:15:00Z,2026-07-20T19:15:00+0200,153.93,EUR/MWh,DK2,DK_2,imbalance_price,Long,2026-08-11T19:14:45Z
2026-08-11T19:03:52Z,2026-08-11T21:03:52+0200,d65ae107-0026-470c-8885-f57b4d7803f4,2026-07-20T17:15:00Z,2026-07-20T19:15:00+0200,153.93,EUR/MWh,DK2,DK_2,imbalance_price,Short,2026-08-11T19:14:45Z
2026-08-11T19:03:52Z,2026-08-11T21:03:52+0200,d65ae107-0026-470c-8885-f57b4d7803f4,2026-07-20T17:30:00Z,2026-07-20T19:30:00+0200,162.71,EUR/MWh,DK2,DK_2,imbalance_price,Long,2026-08-11T19:14:45Z
2026-08-11T19:03:52Z,2026-08-11T21:03:52+0200,d65ae107-0026-470c-8885-f57b4d7803f4,2026-07-20T17:30:00Z,2026-07-20T19:30:00+0200,162.71,EUR/MWh,DK2,DK_2,imbalance_price,Short,2026-08-11T19:14:45Z
2026-08-11T19:03:52Z,2026-08-11T21:03:52+0200,d65ae107-0026-470c-8885-f57b4d7803f4,2026-07-20T17:45:00Z,2026-07-20T19:45:00+0200,249.32,EUR/MWh,DK2,DK_2,imbalance_price,Long,2026-08-11T19:14:45Z
2026-08-11T19:03:52Z,2026-08-11T21:03:52+0200,d65ae107-0026-470c-8885-f57b4d7803f4,2026-07-20T17:45:00Z,2026-07-20T19:45:00+0200,249.32,EUR/MWh,DK2,DK_2,imbalance_price,Short,2026-08-11T19:14:45Z
2026-08-11T19:03:52Z,2026-08-11T21:03:52+0200,d65ae107-0026-470c-8885-f57b4d7803f4,2026-07-20T18:00:00Z,2026-07-20T20:00:00+0200,251.42,EUR/MWh,DK2,DK_2,imbalance_price,Long,2026-08-11T19:14:45Z
2026-08-11T19:03:52Z,2026-08-11T21:03:52+0200,d65ae107-0026-470c-8885-f57b4d7803f4,2026-07-20T18:00:00Z,2026-07-20T20:00:00+0200,251.42,EUR/MWh,DK2,DK_2,imbalance_price,Short,2026-08-11T19:14:45Z
2026-08-11T19:03:52Z,2026-08-11T21:03:52+0200,d65ae107-0026-470c-8885-f57b4d7803f4,2026-07-20T18:15:00Z,2026-07-20T20:15:00+0200,535.11,EUR/MWh,DK2,DK_2,imbalance_price,Long,2026-08-11T19:14:45Z
2026-08-11T19:03:52Z,2026-08-11T21:03:52+0200,d65ae107-0026-470c-8885-f57b4d7803f4,2026-07-20T18:15:00Z,2026-07-20T20:15:00+0200,535.11,EUR/MWh,DK2,DK_2,imbalance_price,Short,2026-08-11T19:14:45Z
2026-08-11T19:03:52Z,2026-08-11T21:03:52+0200,d65ae107-0026-470c-8885-f57b4d7803f4,2026-07-20T18:30:00Z,2026-07-20T20:30:00+0200,534.44,EUR/MWh,DK2,DK_2,imbalance_price,Long,2026-08-11T19:14:45Z
2026-08-11T19:03:52Z,2026-08-11T21:03:52+0200,d65ae107-0026-470c-8885-f57b4d7803f4,2026-07-20T18:30:00Z,2026-07-20T20:30:00+0200,534.44,EUR/MWh,DK2,DK_2,imbalance_price,Short,2026-08-11T19:14:45Z
2026-08-11T19:03:52Z,2026-08-11T21:03:52+0200,d65ae107-0026-470c-8885-f57b4d7803f4,2026-07-20T18:45:00Z,2026-07-20T20:45:00+0200,401.33,EUR/MWh,DK2,DK_2,imbalance_price,Long,2026-08-11T19:14:45Z
2026-08-11T19:03:52Z,2026-08-11T21:03:52+0200,d65ae107-0026-470c-8885-f57b4d7803f4,2026-07-20T18:45:00Z,2026-07-20T20:45:00+0200,401.33,EUR/MWh,DK2,DK_2,imbalance_price,Short,2026-08-11T19:14:45Z
2026-08-11T19:03:52Z,2026-08-11T21:03:52+0200,d65ae107-0026-470c-8885-f57b4d7803f4,2026-07-20T19:00:00Z,2026-07-20T21:00:00+0200,126.1,EUR/MWh,DK2,DK_2,imbalance_price,Long,2026-08-11T19:14:45Z
2026-08-11T19:03:52Z,2026-08-11T21:03:52+0200,d65ae107-0026-470c-8885-f57b4d7803f4,2026-07-20T19:00:00Z,2026-07-20T21:00:00+0200,126.1,EUR/MWh,DK2,DK_2,imbalance_price,Short,2026-08-11T19:14:45Z
2026-08-11T19:03:52Z,2026-08-11T21:03:52+0200,d65ae107-0026-470c-8885-f57b4d7803f4,2026-07-20T19:15:00Z,2026-07-20T21:15:00+0200,180.48,EUR/MWh,DK2,DK_2,imbalance_price,Long,2026-08-11T19:14:45Z
2026-08-11T19:03:52Z,2026-08-11T21:03:52+0200,d65ae107-0026-470c-8885-f57b4d7803f4,2026-07-20T19:15:00Z,2026-07-20T21:15:00+0200,180.48,EUR/MWh,DK2,DK_2,imbalance_price,Short,2026-08-11T19:14:45Z
2026-08-11T19:03:52Z,2026-08-11T21:03:52+0200,d65ae107-0026-470c-8885-f57b4d7803f4,2026-07-20T19:30:00Z,2026-07-20T21:30:00+0200,179.92,EUR/MWh,DK2,DK_2,imbalance_price,Long,2026-08-11T19:14:45Z
2026-08-11T19:03:52Z,2026-08-11T21:03:52+0200,d65ae107-0026-470c-8885-f57b4d7803f4,2026-07-20T19:30:00Z,2026-07-20T21:30:00+0200,179.92,EUR/MWh,DK2,DK_2,imbalance_price,Short,2026-08-11T19:14:45Z
2026-08-11T19:03:52Z,2026-08-11T21:03:52+0200,d65ae107-0026-470c-8885-f57b4d7803f4,2026-07-20T19:45:00Z,2026-07-20T21:45:00+0200,108.57,EUR/MWh,DK2,DK_2,imbalance_price,Long,2026-08-11T19:14:45Z
2026-08-11T19:03:52Z,2026-08-11T21:03:52+0200,d65ae107-0026-470c-8885-f57b4d7803f4,2026-07-20T19:45:00Z,2026-07-20T21:45:00+0200,108.57,EUR/MWh,DK2,DK_2,imbalance_price,Short,2026-08-11T19:14:45Z
2026-08-11T19:03:52Z,2026-08-11T21:03:52+0200,d65ae107-0026-470c-8885-f57b4d7803f4,2026-07-20T20:00:00Z,2026-07-20T22:00:00+0200,186.35,EUR/MWh,DK2,DK_2,imbalance_price,Long,2026-08-11T19:14:45Z
2026-08-11T19:03:52Z,2026-08-11T21:03:52+0200,d65ae107-0026-470c-8885-f57b4d7803f4,2026-07-20T20:00:00Z,2026-07-20T22:00:00+0200,186.35,EUR/MWh,DK2,DK_2,imbalance_price,Short,2026-08-11T19:14:45Z
2026-08-11T19:03:52Z,2026-08-11T21:03:52+0200,d65ae107-0026-470c-8885-f57b4d7803f4,2026-07-20T20:15:00Z,2026-07-20T22:15:00+0200,175.99,EUR/MWh,DK2,DK_2,imbalance_price,Long,2026-08-11T19:14:45Z
2026-08-11T19:03:52Z,2026-08-11T21:03:52+0200,d65ae107-0026-470c-8885-f57b4d7803f4,2026-07-20T20:15:00Z,2026-07-20T22:15:00+0200,175.99,EUR/MWh,DK2,DK_2,imbalance_price,Short,2026-08-11T19:14:45Z
2026-08-11T19:03:52Z,2026-08-11T21:03:52+0200,d65ae107-0026-470c-8885-f57b4d7803f4,2026-07-20T20:30:00Z,2026-07-20T22:30:00+0200,123.54,EUR/MWh,DK2,DK_2,imbalance_price,Long,2026-08-11T19:14:45Z
2026-08-11T19:03:52Z,2026-08-11T21:03:52+0200,d65ae107-0026-470c-8885-f57b4d7803f4,2026-07-20T20:30:00Z,2026-07-20T22:30:00+0200,123.54,EUR/MWh,DK2,DK_2,imbalance_price,Short,2026-08-11T19:14:45Z
2026-08-11T19:03:52Z,2026-08-11T21:03:52+0200,d65ae107-0026-470c-8885-f57b4d7803f4,2026-07-20T20:45:00Z,2026-07-20T22:45:00+0200,165.01,EUR/MWh,DK2,DK_2,imbalance_price,Long,2026-08-11T19:14:45Z
2026-08-11T19:03:52Z,2026-08-11T21:03:52+0200,d65ae107-0026-470c-8885-f57b4d7803f4,2026-07-20T20:45:00Z,2026-07-20T22:45:00+0200,165.01,EUR/MWh,DK2,DK_2,imbalance_price,Short,2026-08-11T19:14:45Z
2026-08-11T19:03:52Z,2026-08-11T21:03:52+0200,d65ae107-0026-470c-8885-f57b4d7803f4,2026-07-20T21:00:00Z,2026-07-20T23:00:00+0200,294.31,EUR/MWh,DK2,DK_2,imbalance_price,Long,2026-08-11T19:14:45Z
2026-08-11T19:03:52Z,2026-08-11T21:03:52+0200,d65ae107-0026-470c-8885-f57b4d7803f4,2026-07-20T21:00:00Z,2026-07-20T23:00:00+0200,294.31,EUR/MWh,DK2,DK_2,imbalance_price,Short,2026-08-11T19:14:45Z
2026-08-11T19:03:52Z,2026-08-11T21:03:52+0200,d65ae107-0026-470c-8885-f57b4d7803f4,2026-07-20T21:15:00Z,2026-07-20T23:15:00+0200,334.45,EUR/MWh,DK2,DK_2,imbalance_price,Long,2026-08-11T19:14:45Z
2026-08-11T19:03:52Z,2026-08-11T21:03:52+0200,d65ae107-0026-470c-8885-f57b4d7803f4,2026-07-20T21:15:00Z,2026-07-20T23:15:00+0200,334.45,EUR/MWh,DK2,DK_2,imbalance_price,Short,2026-08-11T19:14:45Z
2026-08-11T19:03:52Z,2026-08-11T21:03:52+0200,d65ae107-0026-470c-8885-f57b4d7803f4,2026-07-20T21:30:00Z,2026-07-20T23:30:00+0200,361.07,EUR/MWh,DK2,DK_2,imbalance_price,Long,2026-08-11T19:14:45Z
2026-08-11T19:03:52Z,2026-08-11T21:03:52+0200,d65ae107-0026-470c-8885-f57b4d7803f4,2026-07-20T21:30:00Z,2026-07-20T23:30:00+0200,361.07,EUR/MWh,DK2,DK_2,imbalance_price,Short,2026-08-11T19:14:45Z
2026-08-11T19:03:52Z,2026-08-11T21:03:52+0200,d65ae107-0026-470c-8885-f57b4d7803f4,2026-07-20T21:45:00Z,2026-07-20T23:45:00+0200,339.5,EUR/MWh,DK2,DK_2,imbalance_price,Long,2026-08-11T19:14:45Z
2026-08-11T19:03:52Z,2026-08-11T21:03:52+0200,d65ae107-0026-470c-8885-f57b4d7803f4,2026-07-20T21:45:00Z,2026-07-20T23:45:00+0200,339.5,EUR/MWh,DK2,DK_2,imbalance_price,Short,2026-08-11T19:14:45Z
2026-08-11T19:03:52Z,2026-08-11T21:03:52+0200,d65ae107-0026-470c-8885-f57b4d7803f4,2026-07-20T22:00:00Z,2026-07-21T00:00:00+0200,150.42,EUR/MWh,DK2,DK_2,imbalance_price,Long,2026-08-11T19:14:45Z
2026-08-11T19:03:52Z,2026-08-11T21:03:52+0200,d65ae107-0026-470c-8885-f57b4d7803f4,2026-07-20T22:00:00Z,2026-07-21T00:00:00+0200,150.42,EUR/MWh,DK2,DK_2,imbalance_price,Short,2026-08-11T19:14:45Z
2026-08-11T19:03:52Z,2026-08-11T21:03:52+0200,d65ae107-0026-470c-8885-f57b4d7803f4,2026-07-20T22:15:00Z,2026-07-21T00:15:00+0200,148.37,EUR/MWh,DK2,DK_2,imbalance_price,Long,2026-08-11T19:14:45Z
2026-08-11T19:03:52Z,2026-08-11T21:03:52+0200,d65ae107-0026-470c-8885-f57b4d7803f4,2026-07-20T22:15:00Z,2026-07-21T00:15:00+0200,148.37,EUR/MWh,DK2,DK_2,imbalance_price,Short,2026-08-11T19:14:45Z
2026-08-11T19:03:52Z,2026-08-11T21:03:52+0200,d65ae107-0026-470c-8885-f57b4d7803f4,2026-07-20T22:30:00Z,2026-07-21T00:30:00+0200,144.88,EUR/MWh,DK2,DK_2,imbalance_price,Long,2026-08-11T19:14:45Z
2026-08-11T19:03:52Z,2026-08-11T21:03:52+0200,d65ae107-0026-470c-8885-f57b4d7803f4,2026-07-20T22:30:00Z,2026-07-21T00:30:00+0200,144.88,EUR/MWh,DK2,DK_2,imbalance_price,Short,2026-08-11T19:14:45Z
2026-08-11T19:03:52Z,2026-08-11T21:03:52+0200,d65ae107-0026-470c-8885-f57b4d7803f4,2026-07-20T22:45:00Z,2026-07-21T00:45:00+0200,143.62,EUR/MWh,DK2,DK_2,imbalance_price,Long,2026-08-11T19:14:45Z
2026-08-11T19:03:52Z,2026-08-11T21:03:52+0200,d65ae107-0026-470c-8885-f57b4d7803f4,2026-07-20T22:45:00Z,2026-07-21T00:45:00+0200,143.62,EUR/MWh,DK2,DK_2,imbalance_price,Short,2026-08-11T19:14:45Z
2026-08-11T19:03:52Z,2026-08-11T21:03:52+0200,d65ae107-0026-470c-8885-f57b4d7803f4,2026-07-20T23:00:00Z,2026-07-21T01:00:00+0200,76.55,EUR/MWh,DK2,DK_2,imbalance_price,Long,2026-08-11T19:14:45Z
2026-08-11T19:03:52Z,2026-08-11T21:03:52+0200,d65ae107-0026-470c-8885-f57b4d7803f4,2026-07-20T23:00:00Z,2026-07-21T01:00:00+0200,76.55,EUR/MWh,DK2,DK_2,imbalance_price,Short,2026-08-11T19:14:45Z
2026-08-11T19:03:52Z,2026-08-11T21:03:52+0200,d65ae107-0026-470c-8885-f57b4d7803f4,2026-07-20T23:15:00Z,2026-07-21T01:15:00+0200,74.77,EUR/MWh,DK2,DK_2,imbalance_price,Long,2026-08-11T19:14:45Z
2026-08-11T19:03:52Z,2026-08-11T21:03:52+0200,d65ae107-0026-470c-8885-f57b4d7803f4,2026-07-20T23:15:00Z,2026-07-21T01:15:00+0200,74.77,EUR/MWh,DK2,DK_2,imbalance_price,Short,2026-08-11T19:14:45Z
2026-08-11T19:03:52Z,2026-08-11T21:03:52+0200,d65ae107-0026-470c-8885-f57b4d7803f4,2026-07-20T23:30:00Z,2026-07-21T01:30:00+0200,74.03,EUR/MWh,DK2,DK_2,imbalance_price,Long,2026-08-11T19:14:45Z
2026-08-11T19:03:52Z,2026-08-11T21:03:52+0200,d65ae107-0026-470c-8885-f57b4d7803f4,2026-07-20T23:30:00Z,2026-07-21T01:30:00+0200,74.03,EUR/MWh,DK2,DK_2,imbalance_price,Short,2026-08-11T19:14:45Z
2026-08-11T19:03:52Z,2026-08-11T21:03:52+0200,d65ae107-0026-470c-8885-f57b4d7803f4,2026-07-20T23:45:00Z,2026-07-21T01:45:00+0200,109.74,EUR/MWh,DK2,DK_2,imbalance_price,Long,2026-08-11T19:14:45Z
2026-08-11T19:03:52Z,2026-08-11T21:03:52+0200,d65ae107-0026-470c-8885-f57b4d7803f4,2026-07-20T23:45:00Z,2026-07-21T01:45:00+0200,109.74,EUR/MWh,DK2,DK_2,imbalance_price,Short,2026-08-11T19:14:45Z
2026-08-11T19:03:52Z,2026-08-11T21:03:52+0200,d65ae107-0026-470c-8885-f57b4d7803f4,2026-07-21T00:00:00Z,2026-07-21T02:00:00+0200,114.32,EUR/MWh,DK2,DK_2,imbalance_price,Long,2026-08-11T19:14:45Z
2026-08-11T19:03:52Z,2026-08-11T21:03:52+0200,d65ae107-0026-470c-8885-f57b4d7803f4,2026-07-21T00:00:00Z,2026-07-21T02:00:00+0200,114.32,EUR/MWh,DK2,DK_2,imbalance_price,Short,2026-08-11T19:14:45Z
2026-08-11T19:03:52Z,2026-08-11T21:03:52+0200,d65ae107-0026-470c-8885-f57b4d7803f4,2026-07-21T00:15:00Z,2026-07-21T02:15:00+0200,130.2,EUR/MWh,DK2,DK_2,imbalance_price,Long,2026-08-11T19:14:45Z
2026-08-11T19:03:52Z,2026-08-11T21:03:52+0200,d65ae107-0026-470c-8885-f57b4d7803f4,2026-07-21T00:15:00Z,2026-07-21T02:15:00+0200,130.2,EUR/MWh,DK2,DK_2,imbalance_price,Short,2026-08-11T19:14:45Z
2026-08-11T19:03:52Z,2026-08-11T21:03:52+0200,d65ae107-0026-470c-8885-f57b4d7803f4,2026-07-21T00:30:00Z,2026-07-21T02:30:00+0200,141.01,EUR/MWh,DK2,DK_2,imbalance_price,Long,2026-08-11T19:14:45Z
2026-08-11T19:03:52Z,2026-08-11T21:03:52+0200,d65ae107-0026-470c-8885-f57b4d7803f4,2026-07-21T00:30:00Z,2026-07-21T02:30:00+0200,141.01,EUR/MWh,DK2,DK_2,imbalance_price,Short,2026-08-11T19:14:45Z
2026-08-11T19:03:52Z,2026-08-11T21:03:52+0200,d65ae107-0026-470c-8885-f57b4d7803f4,2026-07-21T00:45:00Z,2026-07-21T02:45:00+0200,138.68,EUR/MWh,DK2,DK_2,imbalance_price,Long,2026-08-11T19:14:45Z
2026-08-11T19:03:52Z,2026-08-11T21:03:52+0200,d65ae107-0026-470c-8885-f57b4d7803f4,2026-07-21T00:45:00Z,2026-07-21T02:45:00+0200,138.68,EUR/MWh,DK2,DK_2,imbalance_price,Short,2026-08-11T19:14:45Z
2026-08-11T19:03:52Z,2026-08-11T21:03:52+0200,d65ae107-0026-470c-8885-f57b4d7803f4,2026-07-21T01:00:00Z,2026-07-21T03:00:00+0200,139.25,EUR/MWh,DK2,DK_2,imbalance_price,Long,2026-08-11T19:14:45Z
2026-08-11T19:03:52Z,2026-08-11T21:03:52+0200,d65ae107-0026-470c-8885-f57b4d7803f4,2026-07-21T01:00:00Z,2026-07-21T03:00:00+0200,139.25,EUR/MWh,DK2,DK_2,imbalance_price,Short,2026-08-11T19:14:45Z
2026-08-11T19:03:52Z,2026-08-11T21:03:52+0200,d65ae107-0026-470c-8885-f57b4d7803f4,2026-07-21T01:15:00Z,2026-07-21T03:15:00+0200,121.27,EUR/MWh,DK2,DK_2,imbalance_price,Long,2026-08-11T19:14:45Z
2026-08-11T19:03:52Z,2026-08-11T21:03:52+0200,d65ae107-0026-470c-8885-f57b4d7803f4,2026-07-21T01:15:00Z,2026-07-21T03:15:00+0200,121.27,EUR/MWh,DK2,DK_2,imbalance_price,Short,2026-08-11T19:14:45Z
2026-08-11T19:03:52Z,2026-08-11T21:03:52+0200,d65ae107-0026-470c-8885-f57b4d7803f4,2026-07-21T01:30:00Z,2026-07-21T03:30:00+0200,137.08,EUR/MWh,DK2,DK_2,imbalance_price,Long,2026-08-11T19:14:45Z
2026-08-11T19:03:52Z,2026-08-11T21:03:52+0200,d65ae107-0026-470c-8885-f57b4d7803f4,2026-07-21T01:30:00Z,2026-07-21T03:30:00+0200,137.08,EUR/MWh,DK2,DK_2,imbalance_price,Short,2026-08-11T19:14:45Z
2026-08-11T19:03:52Z,2026-08-11T21:03:52+0200,d65ae107-0026-470c-8885-f57b4d7803f4,2026-07-21T01:45:00Z,2026-07-21T03:45:00+0200,137.79,EUR/MWh,DK2,DK_2,imbalance_price,Long,2026-08-11T19:14:45Z
2026-08-11T19:03:52Z,2026-08-11T21:03:52+0200,d65ae107-0026-470c-8885-f57b4d7803f4,2026-07-21T01:45:00Z,2026-07-21T03:45:00+0200,137.79,EUR/MWh,DK2,DK_2,imbalance_price,Short,2026-08-11T19:14:45Z
2026-08-11T19:03:52Z,2026-08-11T21:03:52+0200,d65ae107-0026-470c-8885-f57b4d7803f4,2026-07-21T02:00:00Z,2026-07-21T04:00:00+0200,135.03,EUR/MWh,DK2,DK_2,imbalance_price,Long,2026-08-11T19:14:45Z
2026-08-11T19:03:52Z,2026-08-11T21:03:52+0200,d65ae107-0026-470c-8885-f57b4d7803f4,2026-07-21T02:00:00Z,2026-07-21T04:00:00+0200,135.03,EUR/MWh,DK2,DK_2,imbalance_price,Short,2026-08-11T19:14:45Z
2026-08-11T19:03:52Z,2026-08-11T21:03:52+0200,d65ae107-0026-470c-8885-f57b4d7803f4,2026-07-21T02:15:00Z,2026-07-21T04:15:00+0200,136.62,EUR/MWh,DK2,DK_2,imbalance_price,Long,2026-08-11T19:14:45Z
2026-08-11T19:03:52Z,2026-08-11T21:03:52+0200,d65ae107-0026-470c-8885-f57b4d7803f4,2026-07-21T02:15:00Z,2026-07-21T04:15:00+0200,136.62,EUR/MWh,DK2,DK_2,imbalance_price,Short,2026-08-11T19:14:45Z
2026-08-11T19:03:52Z,2026-08-11T21:03:52+0200,d65ae107-0026-470c-8885-f57b4d7803f4,2026-07-21T02:30:00Z,2026-07-21T04:30:00+0200,139.53,EUR/MWh,DK2,DK_2,imbalance_price,Long,2026-08-11T19:14:45Z
2026-08-11T19:03:52Z,2026-08-11T21:03:52+0200,d65ae107-0026-470c-8885-f57b4d7803f4,2026-07-21T02:30:00Z,2026-07-21T04:30:00+0200,139.53,EUR/MWh,DK2,DK_2,imbalance_price,Short,2026-08-11T19:14:45Z
2026-08-11T19:03:52Z,2026-08-11T21:03:52+0200,d65ae107-0026-470c-8885-f57b4d7803f4,2026-07-21T02:45:00Z,2026-07-21T04:45:00+0200,334.5,EUR/MWh,DK2,DK_2,imbalance_price,Long,2026-08-11T19:14:45Z
2026-08-11T19:03:52Z,2026-08-11T21:03:52+0200,d65ae107-0026-470c-8885-f57b4d7803f4,2026-07-21T02:45:00Z,2026-07-21T04:45:00+0200,334.5,EUR/MWh,DK2,DK_2,imbalance_price,Short,2026-08-11T19:14:45Z
2026-08-11T19:03:52Z,2026-08-11T21:03:52+0200,d65ae107-0026-470c-8885-f57b4d7803f4,2026-07-21T03:00:00Z,2026-07-21T05:00:00+0200,137.98,EUR/MWh,DK2,DK_2,imbalance_price,Long,2026-08-11T19:14:45Z
2026-08-11T19:03:52Z,2026-08-11T21:03:52+0200,d65ae107-0026-470c-8885-f57b4d7803f4,2026-07-21T03:00:00Z,2026-07-21T05:00:00+0200,137.98,EUR/MWh,DK2,DK_2,imbalance_price,Short,2026-08-11T19:14:45Z
2026-08-11T19:03:52Z,2026-08-11T21:03:52+0200,d65ae107-0026-470c-8885-f57b4d7803f4,2026-07-21T03:15:00Z,2026-07-21T05:15:00+0200,417.37,EUR/MWh,DK2,DK_2,imbalance_price,Long,2026-08-11T19:14:45Z
2026-08-11T19:03:52Z,2026-08-11T21:03:52+0200,d65ae107-0026-470c-8885-f57b4d7803f4,2026-07-21T03:15:00Z,2026-07-21T05:15:00+0200,417.37,EUR/MWh,DK2,DK_2,imbalance_price,Short,2026-08-11T19:14:45Z
2026-08-11T19:03:52Z,2026-08-11T21:03:52+0200,d65ae107-0026-470c-8885-f57b4d7803f4,2026-07-21T03:30:00Z,2026-07-21T05:30:00+0200,308.41,EUR/MWh,DK2,DK_2,imbalance_price,Long,2026-08-11T19:14:45Z
2026-08-11T19:03:52Z,2026-08-11T21:03:52+0200,d65ae107-0026-470c-8885-f57b4d7803f4,2026-07-21T03:30:00Z,2026-07-21T05:30:00+0200,308.41,EUR/MWh,DK2,DK_2,imbalance_price,Short,2026-08-11T19:14:45Z
2026-08-11T19:03:52Z,2026-08-11T21:03:52+0200,d65ae107-0026-470c-8885-f57b4d7803f4,2026-07-21T03:45:00Z,2026-07-21T05:45:00+0200,130.46,EUR/MWh,DK2,DK_2,imbalance_price,Long,2026-08-11T19:14:45Z
2026-08-11T19:03:52Z,2026-08-11T21:03:52+0200,d65ae107-0026-470c-8885-f57b4d7803f4,2026-07-21T03:45:00Z,2026-07-21T05:45:00+0200,130.46,EUR/MWh,DK2,DK_2,imbalance_price,Short,2026-08-11T19:14:45Z
2026-08-11T19:03:52Z,2026-08-11T21:03:52+0200,d65ae107-0026-470c-8885-f57b4d7803f4,2026-07-21T04:00:00Z,2026-07-21T06:00:00+0200,129.0,EUR/MWh,DK2,DK_2,imbalance_price,Long,2026-08-11T19:14:45Z
2026-08-11T19:03:52Z,2026-08-11T21:03:52+0200,d65ae107-0026-470c-8885-f57b4d7803f4,2026-07-21T04:00:00Z,2026-07-21T06:00:00+0200,129.0,EUR/MWh,DK2,DK_2,imbalance_price,Short,2026-08-11T19:14:45Z
2026-08-11T19:03:52Z,2026-08-11T21:03:52+0200,d65ae107-0026-470c-8885-f57b4d7803f4,2026-07-21T04:15:00Z,2026-07-21T06:15:00+0200,129.0,EUR/MWh,DK2,DK_2,imbalance_price,Long,2026-08-11T19:14:45Z
2026-08-11T19:03:52Z,2026-08-11T21:03:52+0200,d65ae107-0026-470c-8885-f57b4d7803f4,2026-07-21T04:15:00Z,2026-07-21T06:15:00+0200,129.0,EUR/MWh,DK2,DK_2,imbalance_price,Short,2026-08-11T19:14:45Z
2026-08-11T19:03:52Z,2026-08-11T21:03:52+0200,d65ae107-0026-470c-8885-f57b4d7803f4,2026-07-21T04:30:00Z,2026-07-21T06:30:00+0200,75.69,EUR/MWh,DK2,DK_2,imbalance_price,Long,2026-08-11T19:14:45Z
2026-08-11T19:03:52Z,2026-08-11T21:03:52+0200,d65ae107-0026-470c-8885-f57b4d7803f4,2026-07-21T04:30:00Z,2026-07-21T06:30:00+0200,75.69,EUR/MWh,DK2,DK_2,imbalance_price,Short,2026-08-11T19:14:45Z
2026-08-11T19:03:52Z,2026-08-11T21:03:52+0200,d65ae107-0026-470c-8885-f57b4d7803f4,2026-07-21T04:45:00Z,2026-07-21T06:45:00+0200,77.47,EUR/MWh,DK2,DK_2,imbalance_price,Long,2026-08-11T19:14:45Z
2026-08-11T19:03:52Z,2026-08-11T21:03:52+0200,d65ae107-0026-470c-8885-f57b4d7803f4,2026-07-21T04:45:00Z,2026-07-21T06:45:00+0200,77.47,EUR/MWh,DK2,DK_2,imbalance_price,Short,2026-08-11T19:14:45Z
2026-08-11T19:03:52Z,2026-08-11T21:03:52+0200,d65ae107-0026-470c-8885-f57b4d7803f4,2026-07-21T05:00:00Z,2026-07-21T07:00:00+0200,130.9,EUR/MWh,DK2,DK_2,imbalance_price,Long,2026-08-11T19:14:45Z
2026-08-11T19:03:52Z,2026-08-11T21:03:52+0200,d65ae107-0026-470c-8885-f57b4d7803f4,2026-07-21T05:00:00Z,2026-07-21T07:00:00+0200,130.9,EUR/MWh,DK2,DK_2,imbalance_price,Short,2026-08-11T19:14:45Z
2026-08-11T19:03:52Z,2026-08-11T21:03:52+0200,d65ae107-0026-470c-8885-f57b4d7803f4,2026-07-21T05:15:00Z,2026-07-21T07:15:00+0200,132.3,EUR/MWh,DK2,DK_2,imbalance_price,Long,2026-08-11T19:14:45Z
2026-08-11T19:03:52Z,2026-08-11T21:03:52+0200,d65ae107-0026-470c-8885-f57b4d7803f4,2026-07-21T05:15:00Z,2026-07-21T07:15:00+0200,132.3,EUR/MWh,DK2,DK_2,imbalance_price,Short,2026-08-11T19:14:45Z
2026-08-11T19:03:52Z,2026-08-11T21:03:52+0200,d65ae107-0026-470c-8885-f57b4d7803f4,2026-07-21T05:30:00Z,2026-07-21T07:30:00+0200,118.42,EUR/MWh,DK2,DK_2,imbalance_price,Long,2026-08-11T19:14:45Z
2026-08-11T19:03:52Z,2026-08-11T21:03:52+0200,d65ae107-0026-470c-8885-f57b4d7803f4,2026-07-21T05:30:00Z,2026-07-21T07:30:00+0200,118.42,EUR/MWh,DK2,DK_2,imbalance_price,Short,2026-08-11T19:14:45Z
2026-08-11T19:03:52Z,2026-08-11T21:03:52+0200,d65ae107-0026-470c-8885-f57b4d7803f4,2026-07-21T05:45:00Z,2026-07-21T07:45:00+0200,136.35,EUR/MWh,DK2,DK_2,imbalance_price,Long,2026-08-11T19:14:45Z
2026-08-11T19:03:52Z,2026-08-11T21:03:52+0200,d65ae107-0026-470c-8885-f57b4d7803f4,2026-07-21T05:45:00Z,2026-07-21T07:45:00+0200,136.35,EUR/MWh,DK2,DK_2,imbalance_price,Short,2026-08-11T19:14:45Z
2026-08-11T19:03:52Z,2026-08-11T21:03:52+0200,d65ae107-0026-470c-8885-f57b4d7803f4,2026-07-21T06:00:00Z,2026-07-21T08:00:00+0200,161.82,EUR/MWh,DK2,DK_2,imbalance_price,Long,2026-08-11T19:14:45Z
2026-08-11T19:03:52Z,2026-08-11T21:03:52+0200,d65ae107-0026-470c-8885-f57b4d7803f4,2026-07-21T06:00:00Z,2026-07-21T08:00:00+0200,161.82,EUR/MWh,DK2,DK_2,imbalance_price,Short,2026-08-11T19:14:45Z
2026-08-11T19:03:52Z,2026-08-11T21:03:52+0200,d65ae107-0026-470c-8885-f57b4d7803f4,2026-07-21T06:15:00Z,2026-07-21T08:15:00+0200,20.54,EUR/MWh,DK2,DK_2,imbalance_price,Long,2026-08-11T19:14:45Z
2026-08-11T19:03:52Z,2026-08-11T21:03:52+0200,d65ae107-0026-470c-8885-f57b4d7803f4,2026-07-21T06:15:00Z,2026-07-21T08:15:00+0200,20.54,EUR/MWh,DK2,DK_2,imbalance_price,Short,2026-08-11T19:14:45Z
2026-08-11T19:03:52Z,2026-08-11T21:03:52+0200,d65ae107-0026-470c-8885-f57b4d7803f4,2026-07-21T06:30:00Z,2026-07-21T08:30:00+0200,67.68,EUR/MWh,DK2,DK_2,imbalance_price,Long,2026-08-11T19:14:45Z
2026-08-11T19:03:52Z,2026-08-11T21:03:52+0200,d65ae107-0026-470c-8885-f57b4d7803f4,2026-07-21T06:30:00Z,2026-07-21T08:30:00+0200,67.68,EUR/MWh,DK2,DK_2,imbalance_price,Short,2026-08-11T19:14:45Z
2026-08-11T19:03:52Z,2026-08-11T21:03:52+0200,d65ae107-0026-470c-8885-f57b4d7803f4,2026-07-21T06:45:00Z,2026-07-21T08:45:00+0200,28.28,EUR/MWh,DK2,DK_2,imbalance_price,Long,2026-08-11T19:14:45Z
2026-08-11T19:03:52Z,2026-08-11T21:03:52+0200,d65ae107-0026-470c-8885-f57b4d7803f4,2026-07-21T06:45:00Z,2026-07-21T08:45:00+0200,28.28,EUR/MWh,DK2,DK_2,imbalance_price,Short,2026-08-11T19:14:45Z
2026-08-11T19:03:52Z,2026-08-11T21:03:52+0200,d65ae107-0026-470c-8885-f57b4d7803f4,2026-07-21T07:00:00Z,2026-07-21T09:00:00+0200,21.52,EUR/MWh,DK2,DK_2,imbalance_price,Long,2026-08-11T19:14:45Z
2026-08-11T19:03:52Z,2026-08-11T21:03:52+0200,d65ae107-0026-470c-8885-f57b4d7803f4,2026-07-21T07:00:00Z,2026-07-21T09:00:00+0200,21.52,EUR/MWh,DK2,DK_2,imbalance_price,Short,2026-08-11T19:14:45Z
2026-08-11T19:03:52Z,2026-08-11T21:03:52+0200,d65ae107-0026-470c-8885-f57b4d7803f4,2026-07-21T07:15:00Z,2026-07-21T09:15:00+0200,84.6,EUR/MWh,DK2,DK_2,imbalance_price,Long,2026-08-11T19:14:45Z
2026-08-11T19:03:52Z,2026-08-11T21:03:52+0200,d65ae107-0026-470c-8885-f57b4d7803f4,2026-07-21T07:15:00Z,2026-07-21T09:15:00+0200,84.6,EUR/MWh,DK2,DK_2,imbalance_price,Short,2026-08-11T19:14:45Z
2026-08-11T19:03:52Z,2026-08-11T21:03:52+0200,d65ae107-0026-470c-8885-f57b4d7803f4,2026-07-21T07:30:00Z,2026-07-21T09:30:00+0200,107.68,EUR/MWh,DK2,DK_2,imbalance_price,Long,2026-08-11T19:14:45Z
2026-08-11T19:03:52Z,2026-08-11T21:03:52+0200,d65ae107-0026-470c-8885-f57b4d7803f4,2026-07-21T07:30:00Z,2026-07-21T09:30:00+0200,107.68,EUR/MWh,DK2,DK_2,imbalance_price,Short,2026-08-11T19:14:45Z
2026-08-11T19:03:52Z,2026-08-11T21:03:52+0200,d65ae107-0026-470c-8885-f57b4d7803f4,2026-07-21T07:45:00Z,2026-07-21T09:45:00+0200,267.6,EUR/MWh,DK2,DK_2,imbalance_price,Long,2026-08-11T19:14:45Z
2026-08-11T19:03:52Z,2026-08-11T21:03:52+0200,d65ae107-0026-470c-8885-f57b4d7803f4,2026-07-21T07:45:00Z,2026-07-21T09:45:00+0200,267.6,EUR/MWh,DK2,DK_2,imbalance_price,Short,2026-08-11T19:14:45Z
2026-08-11T19:03:52Z,2026-08-11T21:03:52+0200,d65ae107-0026-470c-8885-f57b4d7803f4,2026-07-21T08:00:00Z,2026-07-21T10:00:00+0200,101.1,EUR/MWh,DK2,DK_2,imbalance_price,Long,2026-08-11T19:14:45Z
2026-08-11T19:03:52Z,2026-08-11T21:03:52+0200,d65ae107-0026-470c-8885-f57b4d7803f4,2026-07-21T08:00:00Z,2026-07-21T10:00:00+0200,101.1,EUR/MWh,DK2,DK_2,imbalance_price,Short,2026-08-11T19:14:45Z
2026-08-11T19:03:52Z,2026-08-11T21:03:52+0200,d65ae107-0026-470c-8885-f57b4d7803f4,2026-07-21T08:15:00Z,2026-07-21T10:15:00+0200,175.94,EUR/MWh,DK2,DK_2,imbalance_price,Long,2026-08-11T19:14:45Z
2026-08-11T19:03:52Z,2026-08-11T21:03:52+0200,d65ae107-0026-470c-8885-f57b4d7803f4,2026-07-21T08:15:00Z,2026-07-21T10:15:00+0200,175.94,EUR/MWh,DK2,DK_2,imbalance_price,Short,2026-08-11T19:14:45Z
2026-08-11T19:03:52Z,2026-08-11T21:03:52+0200,d65ae107-0026-470c-8885-f57b4d7803f4,2026-07-21T08:30:00Z,2026-07-21T10:30:00+0200,168.16,EUR/MWh,DK2,DK_2,imbalance_price,Long,2026-08-11T19:14:45Z
2026-08-11T19:03:52Z,2026-08-11T21:03:52+0200,d65ae107-0026-470c-8885-f57b4d7803f4,2026-07-21T08:30:00Z,2026-07-21T10:30:00+0200,168.16,EUR/MWh,DK2,DK_2,imbalance_price,Short,2026-08-11T19:14:45Z
2026-08-11T19:03:52Z,2026-08-11T21:03:52+0200,d65ae107-0026-470c-8885-f57b4d7803f4,2026-07-21T08:45:00Z,2026-07-21T10:45:00+0200,65.31,EUR/MWh,DK2,DK_2,imbalance_price,Long,2026-08-11T19:14:45Z
2026-08-11T19:03:52Z,2026-08-11T21:03:52+0200,d65ae107-0026-470c-8885-f57b4d7803f4,2026-07-21T08:45:00Z,2026-07-21T10:45:00+0200,65.31,EUR/MWh,DK2,DK_2,imbalance_price,Short,2026-08-11T19:14:45Z
2026-08-11T19:03:52Z,2026-08-11T21:03:52+0200,d65ae107-0026-470c-8885-f57b4d7803f4,2026-07-21T09:00:00Z,2026-07-21T11:00:00+0200,-1.0,EUR/MWh,DK2,DK_2,imbalance_price,Long,2026-08-11T19:14:45Z
2026-08-11T19:03:52Z,2026-08-11T21:03:52+0200,d65ae107-0026-470c-8885-f57b4d7803f4,2026-07-21T09:00:00Z,2026-07-21T11:00:00+0200,-1.0,EUR/MWh,DK2,DK_2,imbalance_price,Short,2026-08-11T19:14:45Z
2026-08-11T19:03:52Z,2026-08-11T21:03:52+0200,d65ae107-0026-470c-8885-f57b4d7803f4,2026-07-21T09:15:00Z,2026-07-21T11:15:00+0200,58.03,EUR/MWh,DK2,DK_2,imbalance_price,Long,2026-08-11T19:14:45Z
2026-08-11T19:03:52Z,2026-08-11T21:03:52+0200,d65ae107-0026-470c-8885-f57b4d7803f4,2026-07-21T09:15:00Z,2026-07-21T11:15:00+0200,58.03,EUR/MWh,DK2,DK_2,imbalance_price,Short,2026-08-11T19:14:45Z
2026-08-11T19:03:52Z,2026-08-11T21:03:52+0200,d65ae107-0026-470c-8885-f57b4d7803f4,2026-07-21T09:30:00Z,2026-07-21T11:30:00+0200,39.01,EUR/MWh,DK2,DK_2,imbalance_price,Long,2026-08-11T19:14:45Z
2026-08-11T19:03:52Z,2026-08-11T21:03:52+0200,d65ae107-0026-470c-8885-f57b4d7803f4,2026-07-21T09:30:00Z,2026-07-21T11:30:00+0200,39.01,EUR/MWh,DK2,DK_2,imbalance_price,Short,2026-08-11T19:14:45Z
2026-08-11T19:03:52Z,2026-08-11T21:03:52+0200,d65ae107-0026-470c-8885-f57b4d7803f4,2026-07-21T09:45:00Z,2026-07-21T11:45:00+0200,16.34,EUR/MWh,DK2,DK_2,imbalance_price,Long,2026-08-11T19:14:45Z
2026-08-11T19:03:52Z,2026-08-11T21:03:52+0200,d65ae107-0026-470c-8885-f57b4d7803f4,2026-07-21T09:45:00Z,2026-07-21T11:45:00+0200,16.34,EUR/MWh,DK2,DK_2,imbalance_price,Short,2026-08-11T19:14:45Z
2026-08-11T19:03:52Z,2026-08-11T21:03:52+0200,d65ae107-0026-470c-8885-f57b4d7803f4,2026-07-21T10:00:00Z,2026-07-21T12:00:00+0200,-5.0,EUR/MWh,DK2,DK_2,imbalance_price,Long,2026-08-11T19:14:45Z
2026-08-11T19:03:52Z,2026-08-11T21:03:52+0200,d65ae107-0026-470c-8885-f57b4d7803f4,2026-07-21T10:00:00Z,2026-07-21T12:00:00+0200,-5.0,EUR/MWh,DK2,DK_2,imbalance_price,Short,2026-08-11T19:14:45Z
2026-08-11T19:03:52Z,2026-08-11T21:03:52+0200,d65ae107-0026-470c-8885-f57b4d7803f4,2026-07-21T10:15:00Z,2026-07-21T12:15:00+0200,-4.48,EUR/MWh,DK2,DK_2,imbalance_price,Long,2026-08-11T19:14:45Z
2026-08-11T19:03:52Z,2026-08-11T21:03:52+0200,d65ae107-0026-470c-8885-f57b4d7803f4,2026-07-21T10:15:00Z,2026-07-21T12:15:00+0200,-4.48,EUR/MWh,DK2,DK_2,imbalance_price,Short,2026-08-11T19:14:45Z
2026-08-11T19:03:52Z,2026-08-11T21:03:52+0200,d65ae107-0026-470c-8885-f57b4d7803f4,2026-07-21T10:30:00Z,2026-07-21T12:30:00+0200,15.54,EUR/MWh,DK2,DK_2,imbalance_price,Long,2026-08-11T19:14:45Z
2026-08-11T19:03:52Z,2026-08-11T21:03:52+0200,d65ae107-0026-470c-8885-f57b4d7803f4,2026-07-21T10:30:00Z,2026-07-21T12:30:00+0200,15.54,EUR/MWh,DK2,DK_2,imbalance_price,Short,2026-08-11T19:14:45Z
2026-08-11T19:03:52Z,2026-08-11T21:03:52+0200,d65ae107-0026-470c-8885-f57b4d7803f4,2026-07-21T10:45:00Z,2026-07-21T12:45:00+0200,14.72,EUR/MWh,DK2,DK_2,imbalance_price,Long,2026-08-11T19:14:45Z
2026-08-11T19:03:52Z,2026-08-11T21:03:52+0200,d65ae107-0026-470c-8885-f57b4d7803f4,2026-07-21T10:45:00Z,2026-07-21T12:45:00+0200,14.72,EUR/MWh,DK2,DK_2,imbalance_price,Short,2026-08-11T19:14:45Z
2026-08-11T19:03:52Z,2026-08-11T21:03:52+0200,d65ae107-0026-470c-8885-f57b4d7803f4,2026-07-21T11:00:00Z,2026-07-21T13:00:00+0200,-20.5,EUR/MWh,DK2,DK_2,imbalance_price,Long,2026-08-11T19:14:45Z
2026-08-11T19:03:52Z,2026-08-11T21:03:52+0200,d65ae107-0026-470c-8885-f57b4d7803f4,2026-07-21T11:00:00Z,2026-07-21T13:00:00+0200,-20.5,EUR/MWh,DK2,DK_2,imbalance_price,Short,2026-08-11T19:14:45Z
2026-08-11T19:03:52Z,2026-08-11T21:03:52+0200,d65ae107-0026-470c-8885-f57b4d7803f4,2026-07-21T11:15:00Z,2026-07-21T13:15:00+0200,-6.12,EUR/MWh,DK2,DK_2,imbalance_price,Long,2026-08-11T19:14:45Z
2026-08-11T19:03:52Z,2026-08-11T21:03:52+0200,d65ae107-0026-470c-8885-f57b4d7803f4,2026-07-21T11:15:00Z,2026-07-21T13:15:00+0200,-6.12,EUR/MWh,DK2,DK_2,imbalance_price,Short,2026-08-11T19:14:45Z
2026-08-11T19:03:52Z,2026-08-11T21:03:52+0200,d65ae107-0026-470c-8885-f57b4d7803f4,2026-07-21T11:30:00Z,2026-07-21T13:30:00+0200,-28.33,EUR/MWh,DK2,DK_2,imbalance_price,Long,2026-08-11T19:14:45Z
2026-08-11T19:03:52Z,2026-08-11T21:03:52+0200,d65ae107-0026-470c-8885-f57b4d7803f4,2026-07-21T11:30:00Z,2026-07-21T13:30:00+0200,-28.33,EUR/MWh,DK2,DK_2,imbalance_price,Short,2026-08-11T19:14:45Z
2026-08-11T19:03:52Z,2026-08-11T21:03:52+0200,d65ae107-0026-470c-8885-f57b4d7803f4,2026-07-21T11:45:00Z,2026-07-21T13:45:00+0200,-6.73,EUR/MWh,DK2,DK_2,imbalance_price,Long,2026-08-11T19:14:45Z
2026-08-11T19:03:52Z,2026-08-11T21:03:52+0200,d65ae107-0026-470c-8885-f57b4d7803f4,2026-07-21T11:45:00Z,2026-07-21T13:45:00+0200,-6.73,EUR/MWh,DK2,DK_2,imbalance_price,Short,2026-08-11T19:14:45Z
2026-08-11T19:03:52Z,2026-08-11T21:03:52+0200,d65ae107-0026-470c-8885-f57b4d7803f4,2026-07-21T12:00:00Z,2026-07-21T14:00:00+0200,-52.27,EUR/MWh,DK2,DK_2,imbalance_price,Long,2026-08-11T19:14:45Z
2026-08-11T19:03:52Z,2026-08-11T21:03:52+0200,d65ae107-0026-470c-8885-f57b4d7803f4,2026-07-21T12:00:00Z,2026-07-21T14:00:00+0200,-52.27,EUR/MWh,DK2,DK_2,imbalance_price,Short,2026-08-11T19:14:45Z
2026-08-11T19:03:52Z,2026-08-11T21:03:52+0200,d65ae107-0026-470c-8885-f57b4d7803f4,2026-07-21T12:15:00Z,2026-07-21T14:15:00+0200,10.0,EUR/MWh,DK2,DK_2,imbalance_price,Long,2026-08-11T19:14:45Z
2026-08-11T19:03:52Z,2026-08-11T21:03:52+0200,d65ae107-0026-470c-8885-f57b4d7803f4,2026-07-21T12:15:00Z,2026-07-21T14:15:00+0200,10.0,EUR/MWh,DK2,DK_2,imbalance_price,Short,2026-08-11T19:14:45Z
2026-08-11T19:03:52Z,2026-08-11T21:03:52+0200,d65ae107-0026-470c-8885-f57b4d7803f4,2026-07-21T12:30:00Z,2026-07-21T14:30:00+0200,10.79,EUR/MWh,DK2,DK_2,imbalance_price,Long,2026-08-11T19:14:45Z
2026-08-11T19:03:52Z,2026-08-11T21:03:52+0200,d65ae107-0026-470c-8885-f57b4d7803f4,2026-07-21T12:30:00Z,2026-07-21T14:30:00+0200,10.79,EUR/MWh,DK2,DK_2,imbalance_price,Short,2026-08-11T19:14:45Z
2026-08-11T19:03:52Z,2026-08-11T21:03:52+0200,d65ae107-0026-470c-8885-f57b4d7803f4,2026-07-21T12:45:00Z,2026-07-21T14:45:00+0200,-36.93,EUR/MWh,DK2,DK_2,imbalance_price,Long,2026-08-11T19:14:45Z
2026-08-11T19:03:52Z,2026-08-11T21:03:52+0200,d65ae107-0026-470c-8885-f57b4d7803f4,2026-07-21T12:45:00Z,2026-07-21T14:45:00+0200,-36.93,EUR/MWh,DK2,DK_2,imbalance_price,Short,2026-08-11T19:14:45Z
2026-08-11T19:03:52Z,2026-08-11T21:03:52+0200,d65ae107-0026-470c-8885-f57b4d7803f4,2026-07-21T13:00:00Z,2026-07-21T15:00:00+0200,9.8,EUR/MWh,DK2,DK_2,imbalance_price,Long,2026-08-11T19:14:45Z
2026-08-11T19:03:52Z,2026-08-11T21:03:52+0200,d65ae107-0026-470c-8885-f57b4d7803f4,2026-07-21T13:00:00Z,2026-07-21T15:00:00+0200,9.8,EUR/MWh,DK2,DK_2,imbalance_price,Short,2026-08-11T19:14:45Z
2026-08-11T19:03:52Z,2026-08-11T21:03:52+0200,d65ae107-0026-470c-8885-f57b4d7803f4,2026-07-21T13:15:00Z,2026-07-21T15:15:00+0200,-36.51,EUR/MWh,DK2,DK_2,imbalance_price,Long,2026-08-11T19:14:45Z
2026-08-11T19:03:52Z,2026-08-11T21:03:52+0200,d65ae107-0026-470c-8885-f57b4d7803f4,2026-07-21T13:15:00Z,2026-07-21T15:15:00+0200,-36.51,EUR/MWh,DK2,DK_2,imbalance_price,Short,2026-08-11T19:14:45Z
2026-08-11T19:03:52Z,2026-08-11T21:03:52+0200,d65ae107-0026-470c-8885-f57b4d7803f4,2026-07-21T13:30:00Z,2026-07-21T15:30:00+0200,-302.96,EUR/MWh,DK2,DK_2,imbalance_price,Long,2026-08-11T19:14:45Z
2026-08-11T19:03:52Z,2026-08-11T21:03:52+0200,d65ae107-0026-470c-8885-f57b4d7803f4,2026-07-21T13:30:00Z,2026-07-21T15:30:00+0200,-302.96,EUR/MWh,DK2,DK_2,imbalance_price,Short,2026-08-11T19:14:45Z
2026-08-11T19:03:52Z,2026-08-11T21:03:52+0200,d65ae107-0026-470c-8885-f57b4d7803f4,2026-07-21T13:45:00Z,2026-07-21T15:45:00+0200,-40.5,EUR/MWh,DK2,DK_2,imbalance_price,Long,2026-08-11T19:14:45Z
2026-08-11T19:03:52Z,2026-08-11T21:03:52+0200,d65ae107-0026-470c-8885-f57b4d7803f4,2026-07-21T13:45:00Z,2026-07-21T15:45:00+0200,-40.5,EUR/MWh,DK2,DK_2,imbalance_price,Short,2026-08-11T19:14:45Z
2026-08-11T19:03:52Z,2026-08-11T21:03:52+0200,d65ae107-0026-470c-8885-f57b4d7803f4,2026-07-21T14:00:00Z,2026-07-21T16:00:00+0200,-84.76,EUR/MWh,DK2,DK_2,imbalance_price,Long,2026-08-11T19:14:45Z
2026-08-11T19:03:52Z,2026-08-11T21:03:52+0200,d65ae107-0026-470c-8885-f57b4d7803f4,2026-07-21T14:00:00Z,2026-07-21T16:00:00+0200,-84.76,EUR/MWh,DK2,DK_2,imbalance_price,Short,2026-08-11T19:14:45Z
2026-08-11T19:03:52Z,2026-08-11T21:03:52+0200,d65ae107-0026-470c-8885-f57b4d7803f4,2026-07-21T14:15:00Z,2026-07-21T16:15:00+0200,63.29,EUR/MWh,DK2,DK_2,imbalance_price,Long,2026-08-11T19:14:45Z
2026-08-11T19:03:52Z,2026-08-11T21:03:52+0200,d65ae107-0026-470c-8885-f57b4d7803f4,2026-07-21T14:15:00Z,2026-07-21T16:15:00+0200,63.29,EUR/MWh,DK2,DK_2,imbalance_price,Short,2026-08-11T19:14:45Z
2026-08-11T19:03:52Z,2026-08-11T21:03:52+0200,d65ae107-0026-470c-8885-f57b4d7803f4,2026-07-21T14:30:00Z,2026-07-21T16:30:00+0200,7.2,EUR/MWh,DK2,DK_2,imbalance_price,Long,2026-08-11T19:14:45Z
2026-08-11T19:03:52Z,2026-08-11T21:03:52+0200,d65ae107-0026-470c-8885-f57b4d7803f4,2026-07-21T14:30:00Z,2026-07-21T16:30:00+0200,7.2,EUR/MWh,DK2,DK_2,imbalance_price,Short,2026-08-11T19:14:45Z
2026-08-11T19:03:52Z,2026-08-11T21:03:52+0200,d65ae107-0026-470c-8885-f57b4d7803f4,2026-07-21T14:45:00Z,2026-07-21T16:45:00+0200,11.0,EUR/MWh,DK2,DK_2,imbalance_price,Long,2026-08-11T19:14:45Z
2026-08-11T19:03:52Z,2026-08-11T21:03:52+0200,d65ae107-0026-470c-8885-f57b4d7803f4,2026-07-21T14:45:00Z,2026-07-21T16:45:00+0200,11.0,EUR/MWh,DK2,DK_2,imbalance_price,Short,2026-08-11T19:14:45Z
2026-08-11T19:03:52Z,2026-08-11T21:03:52+0200,d65ae107-0026-470c-8885-f57b4d7803f4,2026-07-21T15:00:00Z,2026-07-21T17:00:00+0200,11.0,EUR/MWh,DK2,DK_2,imbalance_price,Long,2026-08-11T19:14:45Z
2026-08-11T19:03:52Z,2026-08-11T21:03:52+0200,d65ae107-0026-470c-8885-f57b4d7803f4,2026-07-21T15:00:00Z,2026-07-21T17:00:00+0200,11.0,EUR/MWh,DK2,DK_2,imbalance_price,Short,2026-08-11T19:14:45Z
2026-08-11T19:03:52Z,2026-08-11T21:03:52+0200,d65ae107-0026-470c-8885-f57b4d7803f4,2026-07-21T15:15:00Z,2026-07-21T17:15:00+0200,94.2,EUR/MWh,DK2,DK_2,imbalance_price,Long,2026-08-11T19:14:45Z
2026-08-11T19:03:52Z,2026-08-11T21:03:52+0200,d65ae107-0026-470c-8885-f57b4d7803f4,2026-07-21T15:15:00Z,2026-07-21T17:15:00+0200,94.2,EUR/MWh,DK2,DK_2,imbalance_price,Short,2026-08-11T19:14:45Z
2026-08-11T19:03:52Z,2026-08-11T21:03:52+0200,d65ae107-0026-470c-8885-f57b4d7803f4,2026-07-21T15:30:00Z,2026-07-21T17:30:00+0200,192.6,EUR/MWh,DK2,DK_2,imbalance_price,Long,2026-08-11T19:14:45Z
2026-08-11T19:03:52Z,2026-08-11T21:03:52+0200,d65ae107-0026-470c-8885-f57b4d7803f4,2026-07-21T15:30:00Z,2026-07-21T17:30:00+0200,192.6,EUR/MWh,DK2,DK_2,imbalance_price,Short,2026-08-11T19:14:45Z
2026-08-11T19:03:52Z,2026-08-11T21:03:52+0200,d65ae107-0026-470c-8885-f57b4d7803f4,2026-07-21T15:45:00Z,2026-07-21T17:45:00+0200,76.97,EUR/MWh,DK2,DK_2,imbalance_price,Long,2026-08-11T19:14:45Z
2026-08-11T19:03:52Z,2026-08-11T21:03:52+0200,d65ae107-0026-470c-8885-f57b4d7803f4,2026-07-21T15:45:00Z,2026-07-21T17:45:00+0200,76.97,EUR/MWh,DK2,DK_2,imbalance_price,Short,2026-08-11T19:14:45Z
2026-08-11T19:03:52Z,2026-08-11T21:03:52+0200,d65ae107-0026-470c-8885-f57b4d7803f4,2026-07-21T16:00:00Z,2026-07-21T18:00:00+0200,13.38,EUR/MWh,DK2,DK_2,imbalance_price,Long,2026-08-11T19:14:45Z
2026-08-11T19:03:52Z,2026-08-11T21:03:52+0200,d65ae107-0026-470c-8885-f57b4d7803f4,2026-07-21T16:00:00Z,2026-07-21T18:00:00+0200,13.38,EUR/MWh,DK2,DK_2,imbalance_price,Short,2026-08-11T19:14:45Z
2026-08-11T19:03:52Z,2026-08-11T21:03:52+0200,d65ae107-0026-470c-8885-f57b4d7803f4,2026-07-21T16:15:00Z,2026-07-21T18:15:00+0200,193.76,EUR/MWh,DK2,DK_2,imbalance_price,Long,2026-08-11T19:14:45Z
2026-08-11T19:03:52Z,2026-08-11T21:03:52+0200,d65ae107-0026-470c-8885-f57b4d7803f4,2026-07-21T16:15:00Z,2026-07-21T18:15:00+0200,193.76,EUR/MWh,DK2,DK_2,imbalance_price,Short,2026-08-11T19:14:45Z
2026-08-11T19:03:52Z,2026-08-11T21:03:52+0200,d65ae107-0026-470c-8885-f57b4d7803f4,2026-07-21T16:30:00Z,2026-07-21T18:30:00+0200,76.48,EUR/MWh,DK2,DK_2,imbalance_price,Long,2026-08-11T19:14:45Z
2026-08-11T19:03:52Z,2026-08-11T21:03:52+0200,d65ae107-0026-470c-8885-f57b4d7803f4,2026-07-21T16:30:00Z,2026-07-21T18:30:00+0200,76.48,EUR/MWh,DK2,DK_2,imbalance_price,Short,2026-08-11T19:14:45Z
2026-08-11T19:03:52Z,2026-08-11T21:03:52+0200,d65ae107-0026-470c-8885-f57b4d7803f4,2026-07-21T16:45:00Z,2026-07-21T18:45:00+0200,217.84,EUR/MWh,DK2,DK_2,imbalance_price,Long,2026-08-11T19:14:45Z
2026-08-11T19:03:52Z,2026-08-11T21:03:52+0200,d65ae107-0026-470c-8885-f57b4d7803f4,2026-07-21T16:45:00Z,2026-07-21T18:45:00+0200,217.84,EUR/MWh,DK2,DK_2,imbalance_price,Short,2026-08-11T19:14:45Z
2026-08-11T19:03:52Z,2026-08-11T21:03:52+0200,d65ae107-0026-470c-8885-f57b4d7803f4,2026-07-21T17:00:00Z,2026-07-21T19:00:00+0200,248.74,EUR/MWh,DK2,DK_2,imbalance_price,Long,2026-08-11T19:14:45Z
2026-08-11T19:03:52Z,2026-08-11T21:03:52+0200,d65ae107-0026-470c-8885-f57b4d7803f4,2026-07-21T17:00:00Z,2026-07-21T19:00:00+0200,248.74,EUR/MWh,DK2,DK_2,imbalance_price,Short,2026-08-11T19:14:45Z
2026-08-11T19:03:52Z,2026-08-11T21:03:52+0200,d65ae107-0026-470c-8885-f57b4d7803f4,2026-07-21T17:15:00Z,2026-07-21T19:15:00+0200,75.34,EUR/MWh,DK2,DK_2,imbalance_price,Long,2026-08-11T19:14:45Z
2026-08-11T19:03:52Z,2026-08-11T21:03:52+0200,d65ae107-0026-470c-8885-f57b4d7803f4,2026-07-21T17:15:00Z,2026-07-21T19:15:00+0200,75.34,EUR/MWh,DK2,DK_2,imbalance_price,Short,2026-08-11T19:14:45Z
2026-08-11T19:03:52Z,2026-08-11T21:03:52+0200,d65ae107-0026-470c-8885-f57b4d7803f4,2026-07-21T17:30:00Z,2026-07-21T19:30:00+0200,74.71,EUR/MWh,DK2,DK_2,imbalance_price,Long,2026-08-11T19:14:45Z
2026-08-11T19:03:52Z,2026-08-11T21:03:52+0200,d65ae107-0026-470c-8885-f57b4d7803f4,2026-07-21T17:30:00Z,2026-07-21T19:30:00+0200,74.71,EUR/MWh,DK2,DK_2,imbalance_price,Short,2026-08-11T19:14:45Z
2026-08-11T19:03:52Z,2026-08-11T21:03:52+0200,d65ae107-0026-470c-8885-f57b4d7803f4,2026-07-21T17:45:00Z,2026-07-21T19:45:00+0200,50.0,EUR/MWh,DK2,DK_2,imbalance_price,Long,2026-08-11T19:14:45Z
2026-08-11T19:03:52Z,2026-08-11T21:03:52+0200,d65ae107-0026-470c-8885-f57b4d7803f4,2026-07-21T17:45:00Z,2026-07-21T19:45:00+0200,50.0,EUR/MWh,DK2,DK_2,imbalance_price,Short,2026-08-11T19:14:45Z
2026-08-11T19:03:52Z,2026-08-11T21:03:52+0200,d65ae107-0026-470c-8885-f57b4d7803f4,2026-07-21T18:00:00Z,2026-07-21T20:00:00+0200,13.38,EUR/MWh,DK2,DK_2,imbalance_price,Long,2026-08-11T19:14:45Z
2026-08-11T19:03:52Z,2026-08-11T21:03:52+0200,d65ae107-0026-470c-8885-f57b4d7803f4,2026-07-21T18:00:00Z,2026-07-21T20:00:00+0200,13.38,EUR/MWh,DK2,DK_2,imbalance_price,Short,2026-08-11T19:14:45Z
2026-08-11T19:03:52Z,2026-08-11T21:03:52+0200,d65ae107-0026-470c-8885-f57b4d7803f4,2026-07-21T18:15:00Z,2026-07-21T20:15:00+0200,171.19,EUR/MWh,DK2,DK_2,imbalance_price,Long,2026-08-11T19:14:45Z
2026-08-11T19:03:52Z,2026-08-11T21:03:52+0200,d65ae107-0026-470c-8885-f57b4d7803f4,2026-07-21T18:15:00Z,2026-07-21T20:15:00+0200,171.19,EUR/MWh,DK2,DK_2,imbalance_price,Short,2026-08-11T19:14:45Z
2026-08-11T19:03:52Z,2026-08-11T21:03:52+0200,d65ae107-0026-470c-8885-f57b4d7803f4,2026-07-21T18:30:00Z,2026-07-21T20:30:00+0200,-4.09,EUR/MWh,DK2,DK_2,imbalance_price,Long,2026-08-11T19:14:45Z
2026-08-11T19:03:52Z,2026-08-11T21:03:52+0200,d65ae107-0026-470c-8885-f57b4d7803f4,2026-07-21T18:30:00Z,2026-07-21T20:30:00+0200,-4.09,EUR/MWh,DK2,DK_2,imbalance_price,Short,2026-08-11T19:14:45Z
2026-08-11T19:03:52Z,2026-08-11T21:03:52+0200,d65ae107-0026-470c-8885-f57b4d7803f4,2026-07-21T18:45:00Z,2026-07-21T20:45:00+0200,59.75,EUR/MWh,DK2,DK_2,imbalance_price,Long,2026-08-11T19:14:45Z
2026-08-11T19:03:52Z,2026-08-11T21:03:52+0200,d65ae107-0026-470c-8885-f57b4d7803f4,2026-07-21T18:45:00Z,2026-07-21T20:45:00+0200,59.75,EUR/MWh,DK2,DK_2,imbalance_price,Short,2026-08-11T19:14:45Z
2026-08-11T19:03:52Z,2026-08-11T21:03:52+0200,d65ae107-0026-470c-8885-f57b4d7803f4,2026-07-21T19:00:00Z,2026-07-21T21:00:00+0200,13.77,EUR/MWh,DK2,DK_2,imbalance_price,Long,2026-08-11T19:14:45Z
2026-08-11T19:03:52Z,2026-08-11T21:03:52+0200,d65ae107-0026-470c-8885-f57b4d7803f4,2026-07-21T19:00:00Z,2026-07-21T21:00:00+0200,13.77,EUR/MWh,DK2,DK_2,imbalance_price,Short,2026-08-11T19:14:45Z
2026-08-11T19:03:52Z,2026-08-11T21:03:52+0200,d65ae107-0026-470c-8885-f57b4d7803f4,2026-07-21T19:15:00Z,2026-07-21T21:15:00+0200,-6.54,EUR/MWh,DK2,DK_2,imbalance_price,Long,2026-08-11T19:14:45Z
2026-08-11T19:03:52Z,2026-08-11T21:03:52+0200,d65ae107-0026-470c-8885-f57b4d7803f4,2026-07-21T19:15:00Z,2026-07-21T21:15:00+0200,-6.54,EUR/MWh,DK2,DK_2,imbalance_price,Short,2026-08-11T19:14:45Z
2026-08-11T19:03:52Z,2026-08-11T21:03:52+0200,d65ae107-0026-470c-8885-f57b4d7803f4,2026-07-21T19:30:00Z,2026-07-21T21:30:00+0200,26.4,EUR/MWh,DK2,DK_2,imbalance_price,Long,2026-08-11T19:14:45Z
2026-08-11T19:03:52Z,2026-08-11T21:03:52+0200,d65ae107-0026-470c-8885-f57b4d7803f4,2026-07-21T19:30:00Z,2026-07-21T21:30:00+0200,26.4,EUR/MWh,DK2,DK_2,imbalance_price,Short,2026-08-11T19:14:45Z
2026-08-11T19:03:52Z,2026-08-11T21:03:52+0200,d65ae107-0026-470c-8885-f57b4d7803f4,2026-07-21T19:45:00Z,2026-07-21T21:45:00+0200,31.3,EUR/MWh,DK2,DK_2,imbalance_price,Long,2026-08-11T19:14:45Z
2026-08-11T19:03:52Z,2026-08-11T21:03:52+0200,d65ae107-0026-470c-8885-f57b4d7803f4,2026-07-21T19:45:00Z,2026-07-21T21:45:00+0200,31.3,EUR/MWh,DK2,DK_2,imbalance_price,Short,2026-08-11T19:14:45Z
2026-08-11T19:03:52Z,2026-08-11T21:03:52+0200,d65ae107-0026-470c-8885-f57b4d7803f4,2026-07-21T20:00:00Z,2026-07-21T22:00:00+0200,-12.93,EUR/MWh,DK2,DK_2,imbalance_price,Long,2026-08-11T19:14:45Z
2026-08-11T19:03:52Z,2026-08-11T21:03:52+0200,d65ae107-0026-470c-8885-f57b4d7803f4,2026-07-21T20:00:00Z,2026-07-21T22:00:00+0200,-12.93,EUR/MWh,DK2,DK_2,imbalance_price,Short,2026-08-11T19:14:45Z
2026-08-11T19:03:52Z,2026-08-11T21:03:52+0200,d65ae107-0026-470c-8885-f57b4d7803f4,2026-07-21T20:15:00Z,2026-07-21T22:15:00+0200,163.06,EUR/MWh,DK2,DK_2,imbalance_price,Long,2026-08-11T19:14:45Z
2026-08-11T19:03:52Z,2026-08-11T21:03:52+0200,d65ae107-0026-470c-8885-f57b4d7803f4,2026-07-21T20:15:00Z,2026-07-21T22:15:00+0200,163.06,EUR/MWh,DK2,DK_2,imbalance_price,Short,2026-08-11T19:14:45Z
2026-08-11T19:03:52Z,2026-08-11T21:03:52+0200,d65ae107-0026-470c-8885-f57b4d7803f4,2026-07-21T20:30:00Z,2026-07-21T22:30:00+0200,-14.56,EUR/MWh,DK2,DK_2,imbalance_price,Long,2026-08-11T19:14:45Z
2026-08-11T19:03:52Z,2026-08-11T21:03:52+0200,d65ae107-0026-470c-8885-f57b4d7803f4,2026-07-21T20:30:00Z,2026-07-21T22:30:00+0200,-14.56,EUR/MWh,DK2,DK_2,imbalance_price,Short,2026-08-11T19:14:45Z
2026-08-11T19:03:52Z,2026-08-11T21:03:52+0200,d65ae107-0026-470c-8885-f57b4d7803f4,2026-07-21T20:45:00Z,2026-07-21T22:45:00+0200,-16.09,EUR/MWh,DK2,DK_2,imbalance_price,Long,2026-08-11T19:14:45Z
2026-08-11T19:03:52Z,2026-08-11T21:03:52+0200,d65ae107-0026-470c-8885-f57b4d7803f4,2026-07-21T20:45:00Z,2026-07-21T22:45:00+0200,-16.09,EUR/MWh,DK2,DK_2,imbalance_price,Short,2026-08-11T19:14:45Z
2026-08-11T19:03:52Z,2026-08-11T21:03:52+0200,d65ae107-0026-470c-8885-f57b4d7803f4,2026-07-21T21:00:00Z,2026-07-21T23:00:00+0200,-39.99,EUR/MWh,DK2,DK_2,imbalance_price,Long,2026-08-11T19:14:45Z
2026-08-11T19:03:52Z,2026-08-11T21:03:52+0200,d65ae107-0026-470c-8885-f57b4d7803f4,2026-07-21T21:00:00Z,2026-07-21T23:00:00+0200,-39.99,EUR/MWh,DK2,DK_2,imbalance_price,Short,2026-08-11T19:14:45Z
2026-08-11T19:03:52Z,2026-08-11T21:03:52+0200,d65ae107-0026-470c-8885-f57b4d7803f4,2026-07-21T21:15:00Z,2026-07-21T23:15:00+0200,-10.0,EUR/MWh,DK2,DK_2,imbalance_price,Long,2026-08-11T19:14:45Z
2026-08-11T19:03:52Z,2026-08-11T21:03:52+0200,d65ae107-0026-470c-8885-f57b4d7803f4,2026-07-21T21:15:00Z,2026-07-21T23:15:00+0200,-10.0,EUR/MWh,DK2,DK_2,imbalance_price,Short,2026-08-11T19:14:45Z
2026-08-11T19:03:52Z,2026-08-11T21:03:52+0200,d65ae107-0026-470c-8885-f57b4d7803f4,2026-07-21T21:30:00Z,2026-07-21T23:30:00+0200,-10.0,EUR/MWh,DK2,DK_2,imbalance_price,Long,2026-08-11T19:14:45Z
2026-08-11T19:03:52Z,2026-08-11T21:03:52+0200,d65ae107-0026-470c-8885-f57b4d7803f4,2026-07-21T21:30:00Z,2026-07-21T23:30:00+0200,-10.0,EUR/MWh,DK2,DK_2,imbalance_price,Short,2026-08-11T19:14:45Z
2026-08-11T19:03:52Z,2026-08-11T21:03:52+0200,d65ae107-0026-470c-8885-f57b4d7803f4,2026-07-21T21:45:00Z,2026-07-21T23:45:00+0200,-10.0,EUR/MWh,DK2,DK_2,imbalance_price,Long,2026-08-11T19:14:45Z
2026-08-11T19:03:52Z,2026-08-11T21:03:52+0200,d65ae107-0026-470c-8885-f57b4d7803f4,2026-07-21T21:45:00Z,2026-07-21T23:45:00+0200,-10.0,EUR/MWh,DK2,DK_2,imbalance_price,Short,2026-08-11T19:14:45Z
2026-08-11T19:03:52Z,2026-08-11T21:03:52+0200,d65ae107-0026-470c-8885-f57b4d7803f4,2026-07-21T22:00:00Z,2026-07-22T00:00:00+0200,334.5,EUR/MWh,DK2,DK_2,imbalance_price,Long,2026-08-11T19:14:45Z
2026-08-11T19:03:52Z,2026-08-11T21:03:52+0200,d65ae107-0026-470c-8885-f57b4d7803f4,2026-07-21T22:00:00Z,2026-07-22T00:00:00+0200,334.5,EUR/MWh,DK2,DK_2,imbalance_price,Short,2026-08-11T19:14:45Z
2026-08-11T19:03:52Z,2026-08-11T21:03:52+0200,d65ae107-0026-470c-8885-f57b4d7803f4,2026-07-21T22:15:00Z,2026-07-22T00:15:00+0200,151.41,EUR/MWh,DK2,DK_2,imbalance_price,Long,2026-08-11T19:14:45Z
2026-08-11T19:03:52Z,2026-08-11T21:03:52+0200,d65ae107-0026-470c-8885-f57b4d7803f4,2026-07-21T22:15:00Z,2026-07-22T00:15:00+0200,151.41,EUR/MWh,DK2,DK_2,imbalance_price,Short,2026-08-11T19:14:45Z
2026-08-11T19:03:52Z,2026-08-11T21:03:52+0200,d65ae107-0026-470c-8885-f57b4d7803f4,2026-07-21T22:30:00Z,2026-07-22T00:30:00+0200,134.05,EUR/MWh,DK2,DK_2,imbalance_price,Long,2026-08-11T19:14:45Z
2026-08-11T19:03:52Z,2026-08-11T21:03:52+0200,d65ae107-0026-470c-8885-f57b4d7803f4,2026-07-21T22:30:00Z,2026-07-22T00:30:00+0200,134.05,EUR/MWh,DK2,DK_2,imbalance_price,Short,2026-08-11T19:14:45Z
2026-08-11T19:03:52Z,2026-08-11T21:03:52+0200,d65ae107-0026-470c-8885-f57b4d7803f4,2026-07-21T22:45:00Z,2026-07-22T00:45:00+0200,131.79,EUR/MWh,DK2,DK_2,imbalance_price,Long,2026-08-11T19:14:45Z
2026-08-11T19:03:52Z,2026-08-11T21:03:52+0200,d65ae107-0026-470c-8885-f57b4d7803f4,2026-07-21T22:45:00Z,2026-07-22T00:45:00+0200,131.79,EUR/MWh,DK2,DK_2,imbalance_price,Short,2026-08-11T19:14:45Z
2026-08-11T19:03:52Z,2026-08-11T21:03:52+0200,d65ae107-0026-470c-8885-f57b4d7803f4,2026-07-21T23:00:00Z,2026-07-22T01:00:00+0200,127.42,EUR/MWh,DK2,DK_2,imbalance_price,Long,2026-08-11T19:14:45Z
2026-08-11T19:03:52Z,2026-08-11T21:03:52+0200,d65ae107-0026-470c-8885-f57b4d7803f4,2026-07-21T23:00:00Z,2026-07-22T01:00:00+0200,127.42,EUR/MWh,DK2,DK_2,imbalance_price,Short,2026-08-11T19:14:45Z
2026-08-11T19:03:52Z,2026-08-11T21:03:52+0200,d65ae107-0026-470c-8885-f57b4d7803f4,2026-07-21T23:15:00Z,2026-07-22T01:15:00+0200,294.36,EUR/MWh,DK2,DK_2,imbalance_price,Long,2026-08-11T19:14:45Z
2026-08-11T19:03:52Z,2026-08-11T21:03:52+0200,d65ae107-0026-470c-8885-f57b4d7803f4,2026-07-21T23:15:00Z,2026-07-22T01:15:00+0200,294.36,EUR/MWh,DK2,DK_2,imbalance_price,Short,2026-08-11T19:14:45Z
2026-08-11T19:03:52Z,2026-08-11T21:03:52+0200,d65ae107-0026-470c-8885-f57b4d7803f4,2026-07-21T23:30:00Z,2026-07-22T01:30:00+0200,468.2,EUR/MWh,DK2,DK_2,imbalance_price,Long,2026-08-11T19:14:45Z
2026-08-11T19:03:52Z,2026-08-11T21:03:52+0200,d65ae107-0026-470c-8885-f57b4d7803f4,2026-07-21T23:30:00Z,2026-07-22T01:30:00+0200,468.2,EUR/MWh,DK2,DK_2,imbalance_price,Short,2026-08-11T19:14:45Z
2026-08-11T19:03:52Z,2026-08-11T21:03:52+0200,d65ae107-0026-470c-8885-f57b4d7803f4,2026-07-21T23:45:00Z,2026-07-22T01:45:00+0200,267.54,EUR/MWh,DK2,DK_2,imbalance_price,Long,2026-08-11T19:14:45Z
2026-08-11T19:03:52Z,2026-08-11T21:03:52+0200,d65ae107-0026-470c-8885-f57b4d7803f4,2026-07-21T23:45:00Z,2026-07-22T01:45:00+0200,267.54,EUR/MWh,DK2,DK_2,imbalance_price,Short,2026-08-11T19:14:45Z
2026-08-11T19:03:52Z,2026-08-11T21:03:52+0200,d65ae107-0026-470c-8885-f57b4d7803f4,2026-07-22T00:00:00Z,2026-07-22T02:00:00+0200,185.49,EUR/MWh,DK2,DK_2,imbalance_price,Long,2026-08-11T19:14:45Z
2026-08-11T19:03:52Z,2026-08-11T21:03:52+0200,d65ae107-0026-470c-8885-f57b4d7803f4,2026-07-22T00:00:00Z,2026-07-22T02:00:00+0200,185.49,EUR/MWh,DK2,DK_2,imbalance_price,Short,2026-08-11T19:14:45Z
2026-08-11T19:03:52Z,2026-08-11T21:03:52+0200,d65ae107-0026-470c-8885-f57b4d7803f4,2026-07-22T00:15:00Z,2026-07-22T02:15:00+0200,240.2,EUR/MWh,DK2,DK_2,imbalance_price,Long,2026-08-11T19:14:45Z
2026-08-11T19:03:52Z,2026-08-11T21:03:52+0200,d65ae107-0026-470c-8885-f57b4d7803f4,2026-07-22T00:15:00Z,2026-07-22T02:15:00+0200,240.2,EUR/MWh,DK2,DK_2,imbalance_price,Short,2026-08-11T19:14:45Z
2026-08-11T19:03:52Z,2026-08-11T21:03:52+0200,d65ae107-0026-470c-8885-f57b4d7803f4,2026-07-22T00:30:00Z,2026-07-22T02:30:00+0200,347.5,EUR/MWh,DK2,DK_2,imbalance_price,Long,2026-08-11T19:14:45Z
2026-08-11T19:03:52Z,2026-08-11T21:03:52+0200,d65ae107-0026-470c-8885-f57b4d7803f4,2026-07-22T00:30:00Z,2026-07-22T02:30:00+0200,347.5,EUR/MWh,DK2,DK_2,imbalance_price,Short,2026-08-11T19:14:45Z
2026-08-11T19:03:52Z,2026-08-11T21:03:52+0200,d65ae107-0026-470c-8885-f57b4d7803f4,2026-07-22T00:45:00Z,2026-07-22T02:45:00+0200,451.78,EUR/MWh,DK2,DK_2,imbalance_price,Long,2026-08-11T19:14:45Z
2026-08-11T19:03:52Z,2026-08-11T21:03:52+0200,d65ae107-0026-470c-8885-f57b4d7803f4,2026-07-22T00:45:00Z,2026-07-22T02:45:00+0200,451.78,EUR/MWh,DK2,DK_2,imbalance_price,Short,2026-08-11T19:14:45Z
2026-08-11T19:03:52Z,2026-08-11T21:03:52+0200,d65ae107-0026-470c-8885-f57b4d7803f4,2026-07-22T01:00:00Z,2026-07-22T03:00:00+0200,122.14,EUR/MWh,DK2,DK_2,imbalance_price,Long,2026-08-11T19:14:45Z
2026-08-11T19:03:52Z,2026-08-11T21:03:52+0200,d65ae107-0026-470c-8885-f57b4d7803f4,2026-07-22T01:00:00Z,2026-07-22T03:00:00+0200,122.14,EUR/MWh,DK2,DK_2,imbalance_price,Short,2026-08-11T19:14:45Z
2026-08-11T19:03:52Z,2026-08-11T21:03:52+0200,d65ae107-0026-470c-8885-f57b4d7803f4,2026-07-22T01:15:00Z,2026-07-22T03:15:00+0200,122.01,EUR/MWh,DK2,DK_2,imbalance_price,Long,2026-08-11T19:14:45Z
2026-08-11T19:03:52Z,2026-08-11T21:03:52+0200,d65ae107-0026-470c-8885-f57b4d7803f4,2026-07-22T01:15:00Z,2026-07-22T03:15:00+0200,122.01,EUR/MWh,DK2,DK_2,imbalance_price,Short,2026-08-11T19:14:45Z
2026-08-11T19:03:52Z,2026-08-11T21:03:52+0200,d65ae107-0026-470c-8885-f57b4d7803f4,2026-07-22T01:30:00Z,2026-07-22T03:30:00+0200,20.23,EUR/MWh,DK2,DK_2,imbalance_price,Long,2026-08-11T19:14:45Z
2026-08-11T19:03:52Z,2026-08-11T21:03:52+0200,d65ae107-0026-470c-8885-f57b4d7803f4,2026-07-22T01:30:00Z,2026-07-22T03:30:00+0200,20.23,EUR/MWh,DK2,DK_2,imbalance_price,Short,2026-08-11T19:14:45Z
2026-08-11T19:03:52Z,2026-08-11T21:03:52+0200,d65ae107-0026-470c-8885-f57b4d7803f4,2026-07-22T01:45:00Z,2026-07-22T03:45:00+0200,34.55,EUR/MWh,DK2,DK_2,imbalance_price,Long,2026-08-11T19:14:45Z
2026-08-11T19:03:52Z,2026-08-11T21:03:52+0200,d65ae107-0026-470c-8885-f57b4d7803f4,2026-07-22T01:45:00Z,2026-07-22T03:45:00+0200,34.55,EUR/MWh,DK2,DK_2,imbalance_price,Short,2026-08-11T19:14:45Z
2026-08-11T19:03:52Z,2026-08-11T21:03:52+0200,d65ae107-0026-470c-8885-f57b4d7803f4,2026-07-22T02:00:00Z,2026-07-22T04:00:00+0200,97.72,EUR/MWh,DK2,DK_2,imbalance_price,Long,2026-08-11T19:14:45Z
2026-08-11T19:03:52Z,2026-08-11T21:03:52+0200,d65ae107-0026-470c-8885-f57b4d7803f4,2026-07-22T02:00:00Z,2026-07-22T04:00:00+0200,97.72,EUR/MWh,DK2,DK_2,imbalance_price,Short,2026-08-11T19:14:45Z
2026-08-11T19:03:52Z,2026-08-11T21:03:52+0200,d65ae107-0026-470c-8885-f57b4d7803f4,2026-07-22T02:15:00Z,2026-07-22T04:15:00+0200,308.53,EUR/MWh,DK2,DK_2,imbalance_price,Long,2026-08-11T19:14:45Z
2026-08-11T19:03:52Z,2026-08-11T21:03:52+0200,d65ae107-0026-470c-8885-f57b4d7803f4,2026-07-22T02:15:00Z,2026-07-22T04:15:00+0200,308.53,EUR/MWh,DK2,DK_2,imbalance_price,Short,2026-08-11T19:14:45Z
2026-08-11T19:03:52Z,2026-08-11T21:03:52+0200,d65ae107-0026-470c-8885-f57b4d7803f4,2026-07-22T02:30:00Z,2026-07-22T04:30:00+0200,170.09,EUR/MWh,DK2,DK_2,imbalance_price,Long,2026-08-11T19:14:45Z
2026-08-11T19:03:52Z,2026-08-11T21:03:52+0200,d65ae107-0026-470c-8885-f57b4d7803f4,2026-07-22T02:30:00Z,2026-07-22T04:30:00+0200,170.09,EUR/MWh,DK2,DK_2,imbalance_price,Short,2026-08-11T19:14:45Z
2026-08-11T19:03:52Z,2026-08-11T21:03:52+0200,d65ae107-0026-470c-8885-f57b4d7803f4,2026-07-22T02:45:00Z,2026-07-22T04:45:00+0200,170.09,EUR/MWh,DK2,DK_2,imbalance_price,Long,2026-08-11T19:14:45Z
2026-08-11T19:03:52Z,2026-08-11T21:03:52+0200,d65ae107-0026-470c-8885-f57b4d7803f4,2026-07-22T02:45:00Z,2026-07-22T04:45:00+0200,170.09,EUR/MWh,DK2,DK_2,imbalance_price,Short,2026-08-11T19:14:45Z
2026-08-11T19:03:52Z,2026-08-11T21:03:52+0200,d65ae107-0026-470c-8885-f57b4d7803f4,2026-07-22T03:00:00Z,2026-07-22T05:00:00+0200,170.02,EUR/MWh,DK2,DK_2,imbalance_price,Long,2026-08-11T19:14:45Z
2026-08-11T19:03:52Z,2026-08-11T21:03:52+0200,d65ae107-0026-470c-8885-f57b4d7803f4,2026-07-22T03:00:00Z,2026-07-22T05:00:00+0200,170.02,EUR/MWh,DK2,DK_2,imbalance_price,Short,2026-08-11T19:14:45Z
2026-08-11T19:03:52Z,2026-08-11T21:03:52+0200,d65ae107-0026-470c-8885-f57b4d7803f4,2026-07-22T03:15:00Z,2026-07-22T05:15:00+0200,159.6,EUR/MWh,DK2,DK_2,imbalance_price,Long,2026-08-11T19:14:45Z
2026-08-11T19:03:52Z,2026-08-11T21:03:52+0200,d65ae107-0026-470c-8885-f57b4d7803f4,2026-07-22T03:15:00Z,2026-07-22T05:15:00+0200,159.6,EUR/MWh,DK2,DK_2,imbalance_price,Short,2026-08-11T19:14:45Z
2026-08-11T19:03:52Z,2026-08-11T21:03:52+0200,d65ae107-0026-470c-8885-f57b4d7803f4,2026-07-22T03:30:00Z,2026-07-22T05:30:00+0200,140.0,EUR/MWh,DK2,DK_2,imbalance_price,Long,2026-08-11T19:14:45Z
2026-08-11T19:03:52Z,2026-08-11T21:03:52+0200,d65ae107-0026-470c-8885-f57b4d7803f4,2026-07-22T03:30:00Z,2026-07-22T05:30:00+0200,140.0,EUR/MWh,DK2,DK_2,imbalance_price,Short,2026-08-11T19:14:45Z
2026-08-11T19:03:52Z,2026-08-11T21:03:52+0200,d65ae107-0026-470c-8885-f57b4d7803f4,2026-07-22T03:45:00Z,2026-07-22T05:45:00+0200,21.37,EUR/MWh,DK2,DK_2,imbalance_price,Long,2026-08-11T19:14:45Z
2026-08-11T19:03:52Z,2026-08-11T21:03:52+0200,d65ae107-0026-470c-8885-f57b4d7803f4,2026-07-22T03:45:00Z,2026-07-22T05:45:00+0200,21.37,EUR/MWh,DK2,DK_2,imbalance_price,Short,2026-08-11T19:14:45Z
2026-08-11T19:03:52Z,2026-08-11T21:03:52+0200,d65ae107-0026-470c-8885-f57b4d7803f4,2026-07-22T04:00:00Z,2026-07-22T06:00:00+0200,16.02,EUR/MWh,DK2,DK_2,imbalance_price,Long,2026-08-11T19:14:45Z
2026-08-11T19:03:52Z,2026-08-11T21:03:52+0200,d65ae107-0026-470c-8885-f57b4d7803f4,2026-07-22T04:00:00Z,2026-07-22T06:00:00+0200,16.02,EUR/MWh,DK2,DK_2,imbalance_price,Short,2026-08-11T19:14:45Z
2026-08-11T19:03:52Z,2026-08-11T21:03:52+0200,d65ae107-0026-470c-8885-f57b4d7803f4,2026-07-22T04:15:00Z,2026-07-22T06:15:00+0200,72.58,EUR/MWh,DK2,DK_2,imbalance_price,Long,2026-08-11T19:14:45Z
2026-08-11T19:03:52Z,2026-08-11T21:03:52+0200,d65ae107-0026-470c-8885-f57b4d7803f4,2026-07-22T04:15:00Z,2026-07-22T06:15:00+0200,72.58,EUR/MWh,DK2,DK_2,imbalance_price,Short,2026-08-11T19:14:45Z
2026-08-11T19:03:52Z,2026-08-11T21:03:52+0200,d65ae107-0026-470c-8885-f57b4d7803f4,2026-07-22T04:30:00Z,2026-07-22T06:30:00+0200,71.48,EUR/MWh,DK2,DK_2,imbalance_price,Long,2026-08-11T19:14:45Z
2026-08-11T19:03:52Z,2026-08-11T21:03:52+0200,d65ae107-0026-470c-8885-f57b4d7803f4,2026-07-22T04:30:00Z,2026-07-22T06:30:00+0200,71.48,EUR/MWh,DK2,DK_2,imbalance_price,Short,2026-08-11T19:14:45Z
2026-08-11T19:03:52Z,2026-08-11T21:03:52+0200,d65ae107-0026-470c-8885-f57b4d7803f4,2026-07-22T04:45:00Z,2026-07-22T06:45:00+0200,96.89,EUR/MWh,DK2,DK_2,imbalance_price,Long,2026-08-11T19:14:45Z
2026-08-11T19:03:52Z,2026-08-11T21:03:52+0200,d65ae107-0026-470c-8885-f57b4d7803f4,2026-07-22T04:45:00Z,2026-07-22T06:45:00+0200,96.89,EUR/MWh,DK2,DK_2,imbalance_price,Short,2026-08-11T19:14:45Z
2026-08-11T19:03:52Z,2026-08-11T21:03:52+0200,d65ae107-0026-470c-8885-f57b4d7803f4,2026-07-22T05:00:00Z,2026-07-22T07:00:00+0200,93.01,EUR/MWh,DK2,DK_2,imbalance_price,Long,2026-08-11T19:14:45Z
2026-08-11T19:03:52Z,2026-08-11T21:03:52+0200,d65ae107-0026-470c-8885-f57b4d7803f4,2026-07-22T05:00:00Z,2026-07-22T07:00:00+0200,93.01,EUR/MWh,DK2,DK_2,imbalance_price,Short,2026-08-11T19:14:45Z
2026-08-11T19:03:52Z,2026-08-11T21:03:52+0200,d65ae107-0026-470c-8885-f57b4d7803f4,2026-07-22T05:15:00Z,2026-07-22T07:15:00+0200,125.42,EUR/MWh,DK2,DK_2,imbalance_price,Long,2026-08-11T19:14:45Z
2026-08-11T19:03:52Z,2026-08-11T21:03:52+0200,d65ae107-0026-470c-8885-f57b4d7803f4,2026-07-22T05:15:00Z,2026-07-22T07:15:00+0200,125.42,EUR/MWh,DK2,DK_2,imbalance_price,Short,2026-08-11T19:14:45Z
2026-08-11T19:03:52Z,2026-08-11T21:03:52+0200,d65ae107-0026-470c-8885-f57b4d7803f4,2026-07-22T05:30:00Z,2026-07-22T07:30:00+0200,125.42,EUR/MWh,DK2,DK_2,imbalance_price,Long,2026-08-11T19:14:45Z
2026-08-11T19:03:52Z,2026-08-11T21:03:52+0200,d65ae107-0026-470c-8885-f57b4d7803f4,2026-07-22T05:30:00Z,2026-07-22T07:30:00+0200,125.42,EUR/MWh,DK2,DK_2,imbalance_price,Short,2026-08-11T19:14:45Z
2026-08-11T19:03:52Z,2026-08-11T21:03:52+0200,d65ae107-0026-470c-8885-f57b4d7803f4,2026-07-22T05:45:00Z,2026-07-22T07:45:00+0200,212.58,EUR/MWh,DK2,DK_2,imbalance_price,Long,2026-08-11T19:14:45Z
2026-08-11T19:03:52Z,2026-08-11T21:03:52+0200,d65ae107-0026-470c-8885-f57b4d7803f4,2026-07-22T05:45:00Z,2026-07-22T07:45:00+0200,212.58,EUR/MWh,DK2,DK_2,imbalance_price,Short,2026-08-11T19:14:45Z
2026-08-11T19:03:52Z,2026-08-11T21:03:52+0200,d65ae107-0026-470c-8885-f57b4d7803f4,2026-07-22T06:00:00Z,2026-07-22T08:00:00+0200,126.77,EUR/MWh,DK2,DK_2,imbalance_price,Long,2026-08-11T19:14:45Z
2026-08-11T19:03:52Z,2026-08-11T21:03:52+0200,d65ae107-0026-470c-8885-f57b4d7803f4,2026-07-22T06:00:00Z,2026-07-22T08:00:00+0200,126.77,EUR/MWh,DK2,DK_2,imbalance_price,Short,2026-08-11T19:14:45Z
2026-08-11T19:03:52Z,2026-08-11T21:03:52+0200,d65ae107-0026-470c-8885-f57b4d7803f4,2026-07-22T06:15:00Z,2026-07-22T08:15:00+0200,28.2,EUR/MWh,DK2,DK_2,imbalance_price,Long,2026-08-11T19:14:45Z
2026-08-11T19:03:52Z,2026-08-11T21:03:52+0200,d65ae107-0026-470c-8885-f57b4d7803f4,2026-07-22T06:15:00Z,2026-07-22T08:15:00+0200,28.2,EUR/MWh,DK2,DK_2,imbalance_price,Short,2026-08-11T19:14:45Z
2026-08-11T19:03:52Z,2026-08-11T21:03:52+0200,d65ae107-0026-470c-8885-f57b4d7803f4,2026-07-22T06:30:00Z,2026-07-22T08:30:00+0200,117.87,EUR/MWh,DK2,DK_2,imbalance_price,Long,2026-08-11T19:14:45Z
2026-08-11T19:03:52Z,2026-08-11T21:03:52+0200,d65ae107-0026-470c-8885-f57b4d7803f4,2026-07-22T06:30:00Z,2026-07-22T08:30:00+0200,117.87,EUR/MWh,DK2,DK_2,imbalance_price,Short,2026-08-11T19:14:45Z
2026-08-11T19:03:52Z,2026-08-11T21:03:52+0200,d65ae107-0026-470c-8885-f57b4d7803f4,2026-07-22T06:45:00Z,2026-07-22T08:45:00+0200,108.43,EUR/MWh,DK2,DK_2,imbalance_price,Long,2026-08-11T19:14:45Z
2026-08-11T19:03:52Z,2026-08-11T21:03:52+0200,d65ae107-0026-470c-8885-f57b4d7803f4,2026-07-22T06:45:00Z,2026-07-22T08:45:00+0200,108.43,EUR/MWh,DK2,DK_2,imbalance_price,Short,2026-08-11T19:14:45Z
2026-08-11T19:03:52Z,2026-08-11T21:03:52+0200,d65ae107-0026-470c-8885-f57b4d7803f4,2026-07-22T07:00:00Z,2026-07-22T09:00:00+0200,13.38,EUR/MWh,DK2,DK_2,imbalance_price,Long,2026-08-11T19:14:45Z
2026-08-11T19:03:52Z,2026-08-11T21:03:52+0200,d65ae107-0026-470c-8885-f57b4d7803f4,2026-07-22T07:00:00Z,2026-07-22T09:00:00+0200,13.38,EUR/MWh,DK2,DK_2,imbalance_price,Short,2026-08-11T19:14:45Z
2026-08-11T19:03:52Z,2026-08-11T21:03:52+0200,d65ae107-0026-470c-8885-f57b4d7803f4,2026-07-22T07:15:00Z,2026-07-22T09:15:00+0200,193.1,EUR/MWh,DK2,DK_2,imbalance_price,Long,2026-08-11T19:14:45Z
2026-08-11T19:03:52Z,2026-08-11T21:03:52+0200,d65ae107-0026-470c-8885-f57b4d7803f4,2026-07-22T07:15:00Z,2026-07-22T09:15:00+0200,193.1,EUR/MWh,DK2,DK_2,imbalance_price,Short,2026-08-11T19:14:45Z
2026-08-11T19:03:52Z,2026-08-11T21:03:52+0200,d65ae107-0026-470c-8885-f57b4d7803f4,2026-07-22T07:30:00Z,2026-07-22T09:30:00+0200,129.75,EUR/MWh,DK2,DK_2,imbalance_price,Long,2026-08-11T19:14:45Z
2026-08-11T19:03:52Z,2026-08-11T21:03:52+0200,d65ae107-0026-470c-8885-f57b4d7803f4,2026-07-22T07:30:00Z,2026-07-22T09:30:00+0200,129.75,EUR/MWh,DK2,DK_2,imbalance_price,Short,2026-08-11T19:14:45Z
2026-08-11T19:03:52Z,2026-08-11T21:03:52+0200,d65ae107-0026-470c-8885-f57b4d7803f4,2026-07-22T07:45:00Z,2026-07-22T09:45:00+0200,76.23,EUR/MWh,DK2,DK_2,imbalance_price,Long,2026-08-11T19:14:45Z
2026-08-11T19:03:52Z,2026-08-11T21:03:52+0200,d65ae107-0026-470c-8885-f57b4d7803f4,2026-07-22T07:45:00Z,2026-07-22T09:45:00+0200,76.23,EUR/MWh,DK2,DK_2,imbalance_price,Short,2026-08-11T19:14:45Z
2026-08-11T19:03:52Z,2026-08-11T21:03:52+0200,d65ae107-0026-470c-8885-f57b4d7803f4,2026-07-22T08:00:00Z,2026-07-22T10:00:00+0200,91.88,EUR/MWh,DK2,DK_2,imbalance_price,Long,2026-08-11T19:14:45Z
2026-08-11T19:03:52Z,2026-08-11T21:03:52+0200,d65ae107-0026-470c-8885-f57b4d7803f4,2026-07-22T08:00:00Z,2026-07-22T10:00:00+0200,91.88,EUR/MWh,DK2,DK_2,imbalance_price,Short,2026-08-11T19:14:45Z
2026-08-11T19:03:52Z,2026-08-11T21:03:52+0200,d65ae107-0026-470c-8885-f57b4d7803f4,2026-07-22T08:15:00Z,2026-07-22T10:15:00+0200,-10.0,EUR/MWh,DK2,DK_2,imbalance_price,Long,2026-08-11T19:14:45Z
2026-08-11T19:03:52Z,2026-08-11T21:03:52+0200,d65ae107-0026-470c-8885-f57b4d7803f4,2026-07-22T08:15:00Z,2026-07-22T10:15:00+0200,-10.0,EUR/MWh,DK2,DK_2,imbalance_price,Short,2026-08-11T19:14:45Z
2026-08-11T19:03:52Z,2026-08-11T21:03:52+0200,d65ae107-0026-470c-8885-f57b4d7803f4,2026-07-22T08:30:00Z,2026-07-22T10:30:00+0200,-3.27,EUR/MWh,DK2,DK_2,imbalance_price,Long,2026-08-11T19:14:45Z
2026-08-11T19:03:52Z,2026-08-11T21:03:52+0200,d65ae107-0026-470c-8885-f57b4d7803f4,2026-07-22T08:30:00Z,2026-07-22T10:30:00+0200,-3.27,EUR/MWh,DK2,DK_2,imbalance_price,Short,2026-08-11T19:14:45Z
2026-08-11T19:03:52Z,2026-08-11T21:03:52+0200,d65ae107-0026-470c-8885-f57b4d7803f4,2026-07-22T08:45:00Z,2026-07-22T10:45:00+0200,-11.57,EUR/MWh,DK2,DK_2,imbalance_price,Long,2026-08-11T19:14:45Z
2026-08-11T19:03:52Z,2026-08-11T21:03:52+0200,d65ae107-0026-470c-8885-f57b4d7803f4,2026-07-22T08:45:00Z,2026-07-22T10:45:00+0200,-11.57,EUR/MWh,DK2,DK_2,imbalance_price,Short,2026-08-11T19:14:45Z
2026-08-11T19:03:52Z,2026-08-11T21:03:52+0200,d65ae107-0026-470c-8885-f57b4d7803f4,2026-07-22T09:00:00Z,2026-07-22T11:00:00+0200,-8.06,EUR/MWh,DK2,DK_2,imbalance_price,Long,2026-08-11T19:14:45Z
2026-08-11T19:03:52Z,2026-08-11T21:03:52+0200,d65ae107-0026-470c-8885-f57b4d7803f4,2026-07-22T09:00:00Z,2026-07-22T11:00:00+0200,-8.06,EUR/MWh,DK2,DK_2,imbalance_price,Short,2026-08-11T19:14:45Z
2026-08-11T19:03:52Z,2026-08-11T21:03:52+0200,d65ae107-0026-470c-8885-f57b4d7803f4,2026-07-22T09:15:00Z,2026-07-22T11:15:00+0200,2.0,EUR/MWh,DK2,DK_2,imbalance_price,Long,2026-08-11T19:14:45Z
2026-08-11T19:03:52Z,2026-08-11T21:03:52+0200,d65ae107-0026-470c-8885-f57b4d7803f4,2026-07-22T09:15:00Z,2026-07-22T11:15:00+0200,2.0,EUR/MWh,DK2,DK_2,imbalance_price,Short,2026-08-11T19:14:45Z
2026-08-11T19:03:52Z,2026-08-11T21:03:52+0200,d65ae107-0026-470c-8885-f57b4d7803f4,2026-07-22T09:30:00Z,2026-07-22T11:30:00+0200,24.28,EUR/MWh,DK2,DK_2,imbalance_price,Long,2026-08-11T19:14:45Z
2026-08-11T19:03:52Z,2026-08-11T21:03:52+0200,d65ae107-0026-470c-8885-f57b4d7803f4,2026-07-22T09:30:00Z,2026-07-22T11:30:00+0200,24.28,EUR/MWh,DK2,DK_2,imbalance_price,Short,2026-08-11T19:14:45Z
2026-08-11T19:03:52Z,2026-08-11T21:03:52+0200,d65ae107-0026-470c-8885-f57b4d7803f4,2026-07-22T09:45:00Z,2026-07-22T11:45:00+0200,43.03,EUR/MWh,DK2,DK_2,imbalance_price,Long,2026-08-11T19:14:45Z
2026-08-11T19:03:52Z,2026-08-11T21:03:52+0200,d65ae107-0026-470c-8885-f57b4d7803f4,2026-07-22T09:45:00Z,2026-07-22T11:45:00+0200,43.03,EUR/MWh,DK2,DK_2,imbalance_price,Short,2026-08-11T19:14:45Z
2026-08-11T19:03:52Z,2026-08-11T21:03:52+0200,d65ae107-0026-470c-8885-f57b4d7803f4,2026-07-22T10:00:00Z,2026-07-22T12:00:00+0200,127.19,EUR/MWh,DK2,DK_2,imbalance_price,Long,2026-08-11T19:14:45Z
2026-08-11T19:03:52Z,2026-08-11T21:03:52+0200,d65ae107-0026-470c-8885-f57b4d7803f4,2026-07-22T10:00:00Z,2026-07-22T12:00:00+0200,127.19,EUR/MWh,DK2,DK_2,imbalance_price,Short,2026-08-11T19:14:45Z
2026-08-11T19:03:52Z,2026-08-11T21:03:52+0200,d65ae107-0026-470c-8885-f57b4d7803f4,2026-07-22T10:15:00Z,2026-07-22T12:15:00+0200,49.18,EUR/MWh,DK2,DK_2,imbalance_price,Long,2026-08-11T19:14:45Z
2026-08-11T19:03:52Z,2026-08-11T21:03:52+0200,d65ae107-0026-470c-8885-f57b4d7803f4,2026-07-22T10:15:00Z,2026-07-22T12:15:00+0200,49.18,EUR/MWh,DK2,DK_2,imbalance_price,Short,2026-08-11T19:14:45Z
2026-08-11T19:03:52Z,2026-08-11T21:03:52+0200,d65ae107-0026-470c-8885-f57b4d7803f4,2026-07-22T10:30:00Z,2026-07-22T12:30:00+0200,-19.41,EUR/MWh,DK2,DK_2,imbalance_price,Long,2026-08-11T19:14:45Z
2026-08-11T19:03:52Z,2026-08-11T21:03:52+0200,d65ae107-0026-470c-8885-f57b4d7803f4,2026-07-22T10:30:00Z,2026-07-22T12:30:00+0200,-19.41,EUR/MWh,DK2,DK_2,imbalance_price,Short,2026-08-11T19:14:45Z
2026-08-11T19:03:52Z,2026-08-11T21:03:52+0200,d65ae107-0026-470c-8885-f57b4d7803f4,2026-07-22T10:45:00Z,2026-07-22T12:45:00+0200,-5.36,EUR/MWh,DK2,DK_2,imbalance_price,Long,2026-08-11T19:14:45Z
2026-08-11T19:03:52Z,2026-08-11T21:03:52+0200,d65ae107-0026-470c-8885-f57b4d7803f4,2026-07-22T10:45:00Z,2026-07-22T12:45:00+0200,-5.36,EUR/MWh,DK2,DK_2,imbalance_price,Short,2026-08-11T19:14:45Z
2026-08-11T19:03:52Z,2026-08-11T21:03:52+0200,d65ae107-0026-470c-8885-f57b4d7803f4,2026-07-22T11:00:00Z,2026-07-22T13:00:00+0200,10.0,EUR/MWh,DK2,DK_2,imbalance_price,Long,2026-08-11T19:14:45Z
2026-08-11T19:03:52Z,2026-08-11T21:03:52+0200,d65ae107-0026-470c-8885-f57b4d7803f4,2026-07-22T11:00:00Z,2026-07-22T13:00:00+0200,10.0,EUR/MWh,DK2,DK_2,imbalance_price,Short,2026-08-11T19:14:45Z
2026-08-11T19:03:52Z,2026-08-11T21:03:52+0200,d65ae107-0026-470c-8885-f57b4d7803f4,2026-07-22T11:15:00Z,2026-07-22T13:15:00+0200,21.1,EUR/MWh,DK2,DK_2,imbalance_price,Long,2026-08-11T19:14:45Z
2026-08-11T19:03:52Z,2026-08-11T21:03:52+0200,d65ae107-0026-470c-8885-f57b4d7803f4,2026-07-22T11:15:00Z,2026-07-22T13:15:00+0200,21.1,EUR/MWh,DK2,DK_2,imbalance_price,Short,2026-08-11T19:14:45Z
2026-08-11T19:03:52Z,2026-08-11T21:03:52+0200,d65ae107-0026-470c-8885-f57b4d7803f4,2026-07-22T11:30:00Z,2026-07-22T13:30:00+0200,82.06,EUR/MWh,DK2,DK_2,imbalance_price,Long,2026-08-11T19:14:45Z
2026-08-11T19:03:52Z,2026-08-11T21:03:52+0200,d65ae107-0026-470c-8885-f57b4d7803f4,2026-07-22T11:30:00Z,2026-07-22T13:30:00+0200,82.06,EUR/MWh,DK2,DK_2,imbalance_price,Short,2026-08-11T19:14:45Z
2026-08-11T19:03:52Z,2026-08-11T21:03:52+0200,d65ae107-0026-470c-8885-f57b4d7803f4,2026-07-22T11:45:00Z,2026-07-22T13:45:00+0200,-18.62,EUR/MWh,DK2,DK_2,imbalance_price,Long,2026-08-11T19:14:45Z
2026-08-11T19:03:52Z,2026-08-11T21:03:52+0200,d65ae107-0026-470c-8885-f57b4d7803f4,2026-07-22T11:45:00Z,2026-07-22T13:45:00+0200,-18.62,EUR/MWh,DK2,DK_2,imbalance_price,Short,2026-08-11T19:14:45Z
2026-08-11T19:03:52Z,2026-08-11T21:03:52+0200,d65ae107-0026-470c-8885-f57b4d7803f4,2026-07-22T12:00:00Z,2026-07-22T14:00:00+0200,79.63,EUR/MWh,DK2,DK_2,imbalance_price,Long,2026-08-11T19:14:45Z
2026-08-11T19:03:52Z,2026-08-11T21:03:52+0200,d65ae107-0026-470c-8885-f57b4d7803f4,2026-07-22T12:00:00Z,2026-07-22T14:00:00+0200,79.63,EUR/MWh,DK2,DK_2,imbalance_price,Short,2026-08-11T19:14:45Z
2026-08-11T19:03:52Z,2026-08-11T21:03:52+0200,d65ae107-0026-470c-8885-f57b4d7803f4,2026-07-22T12:15:00Z,2026-07-22T14:15:00+0200,6.44,EUR/MWh,DK2,DK_2,imbalance_price,Long,2026-08-11T19:14:45Z
2026-08-11T19:03:52Z,2026-08-11T21:03:52+0200,d65ae107-0026-470c-8885-f57b4d7803f4,2026-07-22T12:15:00Z,2026-07-22T14:15:00+0200,6.44,EUR/MWh,DK2,DK_2,imbalance_price,Short,2026-08-11T19:14:45Z
2026-08-11T19:03:52Z,2026-08-11T21:03:52+0200,d65ae107-0026-470c-8885-f57b4d7803f4,2026-07-22T12:30:00Z,2026-07-22T14:30:00+0200,7.04,EUR/MWh,DK2,DK_2,imbalance_price,Long,2026-08-11T19:14:45Z
2026-08-11T19:03:52Z,2026-08-11T21:03:52+0200,d65ae107-0026-470c-8885-f57b4d7803f4,2026-07-22T12:30:00Z,2026-07-22T14:30:00+0200,7.04,EUR/MWh,DK2,DK_2,imbalance_price,Short,2026-08-11T19:14:45Z
2026-08-11T19:03:52Z,2026-08-11T21:03:52+0200,d65ae107-0026-470c-8885-f57b4d7803f4,2026-07-22T12:45:00Z,2026-07-22T14:45:00+0200,7.28,EUR/MWh,DK2,DK_2,imbalance_price,Long,2026-08-11T19:14:45Z
2026-08-11T19:03:52Z,2026-08-11T21:03:52+0200,d65ae107-0026-470c-8885-f57b4d7803f4,2026-07-22T12:45:00Z,2026-07-22T14:45:00+0200,7.28,EUR/MWh,DK2,DK_2,imbalance_price,Short,2026-08-11T19:14:45Z
2026-08-11T19:03:52Z,2026-08-11T21:03:52+0200,d65ae107-0026-470c-8885-f57b4d7803f4,2026-07-22T13:00:00Z,2026-07-22T15:00:00+0200,-39.55,EUR/MWh,DK2,DK_2,imbalance_price,Long,2026-08-11T19:14:45Z
2026-08-11T19:03:52Z,2026-08-11T21:03:52+0200,d65ae107-0026-470c-8885-f57b4d7803f4,2026-07-22T13:00:00Z,2026-07-22T15:00:00+0200,-39.55,EUR/MWh,DK2,DK_2,imbalance_price,Short,2026-08-11T19:14:45Z
2026-08-11T19:03:52Z,2026-08-11T21:03:52+0200,d65ae107-0026-470c-8885-f57b4d7803f4,2026-07-22T13:15:00Z,2026-07-22T15:15:00+0200,-31.23,EUR/MWh,DK2,DK_2,imbalance_price,Long,2026-08-11T19:14:45Z
2026-08-11T19:03:52Z,2026-08-11T21:03:52+0200,d65ae107-0026-470c-8885-f57b4d7803f4,2026-07-22T13:15:00Z,2026-07-22T15:15:00+0200,-31.23,EUR/MWh,DK2,DK_2,imbalance_price,Short,2026-08-11T19:14:45Z
2026-08-11T19:03:52Z,2026-08-11T21:03:52+0200,d65ae107-0026-470c-8885-f57b4d7803f4,2026-07-22T13:30:00Z,2026-07-22T15:30:00+0200,-55.83,EUR/MWh,DK2,DK_2,imbalance_price,Long,2026-08-11T19:14:45Z
2026-08-11T19:03:52Z,2026-08-11T21:03:52+0200,d65ae107-0026-470c-8885-f57b4d7803f4,2026-07-22T13:30:00Z,2026-07-22T15:30:00+0200,-55.83,EUR/MWh,DK2,DK_2,imbalance_price,Short,2026-08-11T19:14:45Z
2026-08-11T19:03:52Z,2026-08-11T21:03:52+0200,d65ae107-0026-470c-8885-f57b4d7803f4,2026-07-22T13:45:00Z,2026-07-22T15:45:00+0200,-28.48,EUR/MWh,DK2,DK_2,imbalance_price,Long,2026-08-11T19:14:45Z
2026-08-11T19:03:52Z,2026-08-11T21:03:52+0200,d65ae107-0026-470c-8885-f57b4d7803f4,2026-07-22T13:45:00Z,2026-07-22T15:45:00+0200,-28.48,EUR/MWh,DK2,DK_2,imbalance_price,Short,2026-08-11T19:14:45Z
2026-08-11T19:03:52Z,2026-08-11T21:03:52+0200,d65ae107-0026-470c-8885-f57b4d7803f4,2026-07-22T14:00:00Z,2026-07-22T16:00:00+0200,-36.17,EUR/MWh,DK2,DK_2,imbalance_price,Long,2026-08-11T19:14:45Z
2026-08-11T19:03:52Z,2026-08-11T21:03:52+0200,d65ae107-0026-470c-8885-f57b4d7803f4,2026-07-22T14:00:00Z,2026-07-22T16:00:00+0200,-36.17,EUR/MWh,DK2,DK_2,imbalance_price,Short,2026-08-11T19:14:45Z
2026-08-11T19:03:52Z,2026-08-11T21:03:52+0200,d65ae107-0026-470c-8885-f57b4d7803f4,2026-07-22T14:15:00Z,2026-07-22T16:15:00+0200,-35.41,EUR/MWh,DK2,DK_2,imbalance_price,Long,2026-08-11T19:14:45Z
2026-08-11T19:03:52Z,2026-08-11T21:03:52+0200,d65ae107-0026-470c-8885-f57b4d7803f4,2026-07-22T14:15:00Z,2026-07-22T16:15:00+0200,-35.41,EUR/MWh,DK2,DK_2,imbalance_price,Short,2026-08-11T19:14:45Z
2026-08-11T19:03:52Z,2026-08-11T21:03:52+0200,d65ae107-0026-470c-8885-f57b4d7803f4,2026-07-22T14:30:00Z,2026-07-22T16:30:00+0200,-3.15,EUR/MWh,DK2,DK_2,imbalance_price,Long,2026-08-11T19:14:45Z
2026-08-11T19:03:52Z,2026-08-11T21:03:52+0200,d65ae107-0026-470c-8885-f57b4d7803f4,2026-07-22T14:30:00Z,2026-07-22T16:30:00+0200,-3.15,EUR/MWh,DK2,DK_2,imbalance_price,Short,2026-08-11T19:14:45Z
2026-08-11T19:03:52Z,2026-08-11T21:03:52+0200,d65ae107-0026-470c-8885-f57b4d7803f4,2026-07-22T14:45:00Z,2026-07-22T16:45:00+0200,4.2,EUR/MWh,DK2,DK_2,imbalance_price,Long,2026-08-11T19:14:45Z
2026-08-11T19:03:52Z,2026-08-11T21:03:52+0200,d65ae107-0026-470c-8885-f57b4d7803f4,2026-07-22T14:45:00Z,2026-07-22T16:45:00+0200,4.2,EUR/MWh,DK2,DK_2,imbalance_price,Short,2026-08-11T19:14:45Z
2026-08-11T19:03:52Z,2026-08-11T21:03:52+0200,d65ae107-0026-470c-8885-f57b4d7803f4,2026-07-22T15:00:00Z,2026-07-22T17:00:00+0200,60.45,EUR/MWh,DK2,DK_2,imbalance_price,Long,2026-08-11T19:14:45Z
2026-08-11T19:03:52Z,2026-08-11T21:03:52+0200,d65ae107-0026-470c-8885-f57b4d7803f4,2026-07-22T15:00:00Z,2026-07-22T17:00:00+0200,60.45,EUR/MWh,DK2,DK_2,imbalance_price,Short,2026-08-11T19:14:45Z
2026-08-11T19:03:52Z,2026-08-11T21:03:52+0200,d65ae107-0026-470c-8885-f57b4d7803f4,2026-07-22T15:15:00Z,2026-07-22T17:15:00+0200,60.12,EUR/MWh,DK2,DK_2,imbalance_price,Long,2026-08-11T19:14:45Z
2026-08-11T19:03:52Z,2026-08-11T21:03:52+0200,d65ae107-0026-470c-8885-f57b4d7803f4,2026-07-22T15:15:00Z,2026-07-22T17:15:00+0200,60.12,EUR/MWh,DK2,DK_2,imbalance_price,Short,2026-08-11T19:14:45Z
2026-08-11T19:03:52Z,2026-08-11T21:03:52+0200,d65ae107-0026-470c-8885-f57b4d7803f4,2026-07-22T15:30:00Z,2026-07-22T17:30:00+0200,119.07,EUR/MWh,DK2,DK_2,imbalance_price,Long,2026-08-11T19:14:45Z
2026-08-11T19:03:52Z,2026-08-11T21:03:52+0200,d65ae107-0026-470c-8885-f57b4d7803f4,2026-07-22T15:30:00Z,2026-07-22T17:30:00+0200,119.07,EUR/MWh,DK2,DK_2,imbalance_price,Short,2026-08-11T19:14:45Z
2026-08-11T19:03:52Z,2026-08-11T21:03:52+0200,d65ae107-0026-470c-8885-f57b4d7803f4,2026-07-22T15:45:00Z,2026-07-22T17:45:00+0200,101.71,EUR/MWh,DK2,DK_2,imbalance_price,Long,2026-08-11T19:14:45Z
2026-08-11T19:03:52Z,2026-08-11T21:03:52+0200,d65ae107-0026-470c-8885-f57b4d7803f4,2026-07-22T15:45:00Z,2026-07-22T17:45:00+0200,101.71,EUR/MWh,DK2,DK_2,imbalance_price,Short,2026-08-11T19:14:45Z
2026-08-11T19:03:52Z,2026-08-11T21:03:52+0200,d65ae107-0026-470c-8885-f57b4d7803f4,2026-07-22T16:00:00Z,2026-07-22T18:00:00+0200,-11.94,EUR/MWh,DK2,DK_2,imbalance_price,Long,2026-08-11T19:14:45Z
2026-08-11T19:03:52Z,2026-08-11T21:03:52+0200,d65ae107-0026-470c-8885-f57b4d7803f4,2026-07-22T16:00:00Z,2026-07-22T18:00:00+0200,-11.94,EUR/MWh,DK2,DK_2,imbalance_price,Short,2026-08-11T19:14:45Z
2026-08-11T19:03:52Z,2026-08-11T21:03:52+0200,d65ae107-0026-470c-8885-f57b4d7803f4,2026-07-22T16:15:00Z,2026-07-22T18:15:00+0200,3.64,EUR/MWh,DK2,DK_2,imbalance_price,Long,2026-08-11T19:14:45Z
2026-08-11T19:03:52Z,2026-08-11T21:03:52+0200,d65ae107-0026-470c-8885-f57b4d7803f4,2026-07-22T16:15:00Z,2026-07-22T18:15:00+0200,3.64,EUR/MWh,DK2,DK_2,imbalance_price,Short,2026-08-11T19:14:45Z
2026-08-11T19:03:52Z,2026-08-11T21:03:52+0200,d65ae107-0026-470c-8885-f57b4d7803f4,2026-07-22T16:30:00Z,2026-07-22T18:30:00+0200,146.13,EUR/MWh,DK2,DK_2,imbalance_price,Long,2026-08-11T19:14:45Z
2026-08-11T19:03:52Z,2026-08-11T21:03:52+0200,d65ae107-0026-470c-8885-f57b4d7803f4,2026-07-22T16:30:00Z,2026-07-22T18:30:00+0200,146.13,EUR/MWh,DK2,DK_2,imbalance_price,Short,2026-08-11T19:14:45Z
2026-08-11T19:03:52Z,2026-08-11T21:03:52+0200,d65ae107-0026-470c-8885-f57b4d7803f4,2026-07-22T16:45:00Z,2026-07-22T18:45:00+0200,178.27,EUR/MWh,DK2,DK_2,imbalance_price,Long,2026-08-11T19:14:45Z
2026-08-11T19:03:52Z,2026-08-11T21:03:52+0200,d65ae107-0026-470c-8885-f57b4d7803f4,2026-07-22T16:45:00Z,2026-07-22T18:45:00+0200,178.27,EUR/MWh,DK2,DK_2,imbalance_price,Short,2026-08-11T19:14:45Z
2026-08-11T19:03:52Z,2026-08-11T21:03:52+0200,d65ae107-0026-470c-8885-f57b4d7803f4,2026-07-22T17:00:00Z,2026-07-22T19:00:00+0200,194.01,EUR/MWh,DK2,DK_2,imbalance_price,Long,2026-08-11T19:14:45Z
2026-08-11T19:03:52Z,2026-08-11T21:03:52+0200,d65ae107-0026-470c-8885-f57b4d7803f4,2026-07-22T17:00:00Z,2026-07-22T19:00:00+0200,194.01,EUR/MWh,DK2,DK_2,imbalance_price,Short,2026-08-11T19:14:45Z
2026-08-11T19:03:52Z,2026-08-11T21:03:52+0200,d65ae107-0026-470c-8885-f57b4d7803f4,2026-07-22T17:15:00Z,2026-07-22T19:15:00+0200,75.5,EUR/MWh,DK2,DK_2,imbalance_price,Long,2026-08-11T19:14:45Z
2026-08-11T19:03:52Z,2026-08-11T21:03:52+0200,d65ae107-0026-470c-8885-f57b4d7803f4,2026-07-22T17:15:00Z,2026-07-22T19:15:00+0200,75.5,EUR/MWh,DK2,DK_2,imbalance_price,Short,2026-08-11T19:14:45Z
2026-08-11T19:03:52Z,2026-08-11T21:03:52+0200,d65ae107-0026-470c-8885-f57b4d7803f4,2026-07-22T17:30:00Z,2026-07-22T19:30:00+0200,179.98,EUR/MWh,DK2,DK_2,imbalance_price,Long,2026-08-11T19:14:45Z
2026-08-11T19:03:52Z,2026-08-11T21:03:52+0200,d65ae107-0026-470c-8885-f57b4d7803f4,2026-07-22T17:30:00Z,2026-07-22T19:30:00+0200,179.98,EUR/MWh,DK2,DK_2,imbalance_price,Short,2026-08-11T19:14:45Z
2026-08-11T19:03:52Z,2026-08-11T21:03:52+0200,d65ae107-0026-470c-8885-f57b4d7803f4,2026-07-22T17:45:00Z,2026-07-22T19:45:00+0200,220.31,EUR/MWh,DK2,DK_2,imbalance_price,Long,2026-08-11T19:14:45Z
2026-08-11T19:03:52Z,2026-08-11T21:03:52+0200,d65ae107-0026-470c-8885-f57b4d7803f4,2026-07-22T17:45:00Z,2026-07-22T19:45:00+0200,220.31,EUR/MWh,DK2,DK_2,imbalance_price,Short,2026-08-11T19:14:45Z
2026-08-11T19:03:52Z,2026-08-11T21:03:52+0200,d65ae107-0026-470c-8885-f57b4d7803f4,2026-07-22T18:00:00Z,2026-07-22T20:00:00+0200,138.34,EUR/MWh,DK2,DK_2,imbalance_price,Long,2026-08-11T19:14:45Z
2026-08-11T19:03:52Z,2026-08-11T21:03:52+0200,d65ae107-0026-470c-8885-f57b4d7803f4,2026-07-22T18:00:00Z,2026-07-22T20:00:00+0200,138.34,EUR/MWh,DK2,DK_2,imbalance_price,Short,2026-08-11T19:14:45Z
2026-08-11T19:03:52Z,2026-08-11T21:03:52+0200,d65ae107-0026-470c-8885-f57b4d7803f4,2026-07-22T18:15:00Z,2026-07-22T20:15:00+0200,141.76,EUR/MWh,DK2,DK_2,imbalance_price,Long,2026-08-11T19:14:45Z
2026-08-11T19:03:52Z,2026-08-11T21:03:52+0200,d65ae107-0026-470c-8885-f57b4d7803f4,2026-07-22T18:15:00Z,2026-07-22T20:15:00+0200,141.76,EUR/MWh,DK2,DK_2,imbalance_price,Short,2026-08-11T19:14:45Z
2026-08-11T19:03:52Z,2026-08-11T21:03:52+0200,d65ae107-0026-470c-8885-f57b4d7803f4,2026-07-22T18:30:00Z,2026-07-22T20:30:00+0200,18.88,EUR/MWh,DK2,DK_2,imbalance_price,Long,2026-08-11T19:14:45Z
2026-08-11T19:03:52Z,2026-08-11T21:03:52+0200,d65ae107-0026-470c-8885-f57b4d7803f4,2026-07-22T18:30:00Z,2026-07-22T20:30:00+0200,18.88,EUR/MWh,DK2,DK_2,imbalance_price,Short,2026-08-11T19:14:45Z
2026-08-11T19:03:52Z,2026-08-11T21:03:52+0200,d65ae107-0026-470c-8885-f57b4d7803f4,2026-07-22T18:45:00Z,2026-07-22T20:45:00+0200,22.97,EUR/MWh,DK2,DK_2,imbalance_price,Long,2026-08-11T19:14:45Z
2026-08-11T19:03:52Z,2026-08-11T21:03:52+0200,d65ae107-0026-470c-8885-f57b4d7803f4,2026-07-22T18:45:00Z,2026-07-22T20:45:00+0200,22.97,EUR/MWh,DK2,DK_2,imbalance_price,Short,2026-08-11T19:14:45Z
2026-08-11T19:03:52Z,2026-08-11T21:03:52+0200,d65ae107-0026-470c-8885-f57b4d7803f4,2026-07-22T19:00:00Z,2026-07-22T21:00:00+0200,31.21,EUR/MWh,DK2,DK_2,imbalance_price,Long,2026-08-11T19:14:45Z
2026-08-11T19:03:52Z,2026-08-11T21:03:52+0200,d65ae107-0026-470c-8885-f57b4d7803f4,2026-07-22T19:00:00Z,2026-07-22T21:00:00+0200,31.21,EUR/MWh,DK2,DK_2,imbalance_price,Short,2026-08-11T19:14:45Z
2026-08-11T19:03:52Z,2026-08-11T21:03:52+0200,d65ae107-0026-470c-8885-f57b4d7803f4,2026-07-22T19:15:00Z,2026-07-22T21:15:00+0200,-8.72,EUR/MWh,DK2,DK_2,imbalance_price,Long,2026-08-11T19:14:45Z
2026-08-11T19:03:52Z,2026-08-11T21:03:52+0200,d65ae107-0026-470c-8885-f57b4d7803f4,2026-07-22T19:15:00Z,2026-07-22T21:15:00+0200,-8.72,EUR/MWh,DK2,DK_2,imbalance_price,Short,2026-08-11T19:14:45Z
2026-08-11T19:03:52Z,2026-08-11T21:03:52+0200,d65ae107-0026-470c-8885-f57b4d7803f4,2026-07-22T19:30:00Z,2026-07-22T21:30:00+0200,-10.22,EUR/MWh,DK2,DK_2,imbalance_price,Long,2026-08-11T19:14:45Z
2026-08-11T19:03:52Z,2026-08-11T21:03:52+0200,d65ae107-0026-470c-8885-f57b4d7803f4,2026-07-22T19:30:00Z,2026-07-22T21:30:00+0200,-10.22,EUR/MWh,DK2,DK_2,imbalance_price,Short,2026-08-11T19:14:45Z
2026-08-11T19:03:52Z,2026-08-11T21:03:52+0200,d65ae107-0026-470c-8885-f57b4d7803f4,2026-07-22T19:45:00Z,2026-07-22T21:45:00+0200,-11.47,EUR/MWh,DK2,DK_2,imbalance_price,Long,2026-08-11T19:14:45Z
2026-08-11T19:03:52Z,2026-08-11T21:03:52+0200,d65ae107-0026-470c-8885-f57b4d7803f4,2026-07-22T19:45:00Z,2026-07-22T21:45:00+0200,-11.47,EUR/MWh,DK2,DK_2,imbalance_price,Short,2026-08-11T19:14:45Z
2026-08-11T19:03:52Z,2026-08-11T21:03:52+0200,d65ae107-0026-470c-8885-f57b4d7803f4,2026-07-22T20:00:00Z,2026-07-22T22:00:00+0200,43.86,EUR/MWh,DK2,DK_2,imbalance_price,Long,2026-08-11T19:14:45Z
2026-08-11T19:03:52Z,2026-08-11T21:03:52+0200,d65ae107-0026-470c-8885-f57b4d7803f4,2026-07-22T20:00:00Z,2026-07-22T22:00:00+0200,43.86,EUR/MWh,DK2,DK_2,imbalance_price,Short,2026-08-11T19:14:45Z
2026-08-11T19:03:52Z,2026-08-11T21:03:52+0200,d65ae107-0026-470c-8885-f57b4d7803f4,2026-07-22T20:15:00Z,2026-07-22T22:15:00+0200,12.79,EUR/MWh,DK2,DK_2,imbalance_price,Long,2026-08-11T19:14:45Z
2026-08-11T19:03:52Z,2026-08-11T21:03:52+0200,d65ae107-0026-470c-8885-f57b4d7803f4,2026-07-22T20:15:00Z,2026-07-22T22:15:00+0200,12.79,EUR/MWh,DK2,DK_2,imbalance_price,Short,2026-08-11T19:14:45Z
2026-08-11T19:03:52Z,2026-08-11T21:03:52+0200,d65ae107-0026-470c-8885-f57b4d7803f4,2026-07-22T20:30:00Z,2026-07-22T22:30:00+0200,3.78,EUR/MWh,DK2,DK_2,imbalance_price,Long,2026-08-11T19:14:45Z
2026-08-11T19:03:52Z,2026-08-11T21:03:52+0200,d65ae107-0026-470c-8885-f57b4d7803f4,2026-07-22T20:30:00Z,2026-07-22T22:30:00+0200,3.78,EUR/MWh,DK2,DK_2,imbalance_price,Short,2026-08-11T19:14:45Z
2026-08-11T19:03:52Z,2026-08-11T21:03:52+0200,d65ae107-0026-470c-8885-f57b4d7803f4,2026-07-22T20:45:00Z,2026-07-22T22:45:00+0200,36.82,EUR/MWh,DK2,DK_2,imbalance_price,Long,2026-08-11T19:14:45Z
2026-08-11T19:03:52Z,2026-08-11T21:03:52+0200,d65ae107-0026-470c-8885-f57b4d7803f4,2026-07-22T20:45:00Z,2026-07-22T22:45:00+0200,36.82,EUR/MWh,DK2,DK_2,imbalance_price,Short,2026-08-11T19:14:45Z
2026-08-11T19:03:52Z,2026-08-11T21:03:52+0200,d65ae107-0026-470c-8885-f57b4d7803f4,2026-07-22T21:00:00Z,2026-07-22T23:00:00+0200,24.5,EUR/MWh,DK2,DK_2,imbalance_price,Long,2026-08-11T19:14:45Z
2026-08-11T19:03:52Z,2026-08-11T21:03:52+0200,d65ae107-0026-470c-8885-f57b4d7803f4,2026-07-22T21:00:00Z,2026-07-22T23:00:00+0200,24.5,EUR/MWh,DK2,DK_2,imbalance_price,Short,2026-08-11T19:14:45Z
2026-08-11T19:03:52Z,2026-08-11T21:03:52+0200,d65ae107-0026-470c-8885-f57b4d7803f4,2026-07-22T21:15:00Z,2026-07-22T23:15:00+0200,25.19,EUR/MWh,DK2,DK_2,imbalance_price,Long,2026-08-11T19:14:45Z
2026-08-11T19:03:52Z,2026-08-11T21:03:52+0200,d65ae107-0026-470c-8885-f57b4d7803f4,2026-07-22T21:15:00Z,2026-07-22T23:15:00+0200,25.19,EUR/MWh,DK2,DK_2,imbalance_price,Short,2026-08-11T19:14:45Z
2026-08-11T19:03:52Z,2026-08-11T21:03:52+0200,d65ae107-0026-470c-8885-f57b4d7803f4,2026-07-22T21:30:00Z,2026-07-22T23:30:00+0200,89.87,EUR/MWh,DK2,DK_2,imbalance_price,Long,2026-08-11T19:14:45Z
2026-08-11T19:03:52Z,2026-08-11T21:03:52+0200,d65ae107-0026-470c-8885-f57b4d7803f4,2026-07-22T21:30:00Z,2026-07-22T23:30:00+0200,89.87,EUR/MWh,DK2,DK_2,imbalance_price,Short,2026-08-11T19:14:45Z
2026-08-11T19:03:52Z,2026-08-11T21:03:52+0200,d65ae107-0026-470c-8885-f57b4d7803f4,2026-07-22T21:45:00Z,2026-07-22T23:45:00+0200,37.81,EUR/MWh,DK2,DK_2,imbalance_price,Long,2026-08-11T19:14:45Z
2026-08-11T19:03:52Z,2026-08-11T21:03:52+0200,d65ae107-0026-470c-8885-f57b4d7803f4,2026-07-22T21:45:00Z,2026-07-22T23:45:00+0200,37.81,EUR/MWh,DK2,DK_2,imbalance_price,Short,2026-08-11T19:14:45Z
2026-08-11T19:03:52Z,2026-08-11T21:03:52+0200,d65ae107-0026-470c-8885-f57b4d7803f4,2026-07-22T22:00:00Z,2026-07-23T00:00:00+0200,74.71,EUR/MWh,DK2,DK_2,imbalance_price,Long,2026-08-11T19:14:45Z
2026-08-11T19:03:52Z,2026-08-11T21:03:52+0200,d65ae107-0026-470c-8885-f57b4d7803f4,2026-07-22T22:00:00Z,2026-07-23T00:00:00+0200,74.71,EUR/MWh,DK2,DK_2,imbalance_price,Short,2026-08-11T19:14:45Z
2026-08-11T19:03:52Z,2026-08-11T21:03:52+0200,d65ae107-0026-470c-8885-f57b4d7803f4,2026-07-22T22:15:00Z,2026-07-23T00:15:00+0200,133.56,EUR/MWh,DK2,DK_2,imbalance_price,Long,2026-08-11T19:14:45Z
2026-08-11T19:03:52Z,2026-08-11T21:03:52+0200,d65ae107-0026-470c-8885-f57b4d7803f4,2026-07-22T22:15:00Z,2026-07-23T00:15:00+0200,133.56,EUR/MWh,DK2,DK_2,imbalance_price,Short,2026-08-11T19:14:45Z
2026-08-11T19:03:52Z,2026-08-11T21:03:52+0200,d65ae107-0026-470c-8885-f57b4d7803f4,2026-07-22T22:30:00Z,2026-07-23T00:30:00+0200,217.84,EUR/MWh,DK2,DK_2,imbalance_price,Long,2026-08-11T19:14:45Z
2026-08-11T19:03:52Z,2026-08-11T21:03:52+0200,d65ae107-0026-470c-8885-f57b4d7803f4,2026-07-22T22:30:00Z,2026-07-23T00:30:00+0200,217.84,EUR/MWh,DK2,DK_2,imbalance_price,Short,2026-08-11T19:14:45Z
2026-08-11T19:03:52Z,2026-08-11T21:03:52+0200,d65ae107-0026-470c-8885-f57b4d7803f4,2026-07-22T22:45:00Z,2026-07-23T00:45:00+0200,130.33,EUR/MWh,DK2,DK_2,imbalance_price,Long,2026-08-11T19:14:45Z
2026-08-11T19:03:52Z,2026-08-11T21:03:52+0200,d65ae107-0026-470c-8885-f57b4d7803f4,2026-07-22T22:45:00Z,2026-07-23T00:45:00+0200,130.33,EUR/MWh,DK2,DK_2,imbalance_price,Short,2026-08-11T19:14:45Z
2026-08-11T19:03:52Z,2026-08-11T21:03:52+0200,d65ae107-0026-470c-8885-f57b4d7803f4,2026-07-22T23:00:00Z,2026-07-23T01:00:00+0200,267.6,EUR/MWh,DK2,DK_2,imbalance_price,Long,2026-08-11T19:14:45Z
2026-08-11T19:03:52Z,2026-08-11T21:03:52+0200,d65ae107-0026-470c-8885-f57b4d7803f4,2026-07-22T23:00:00Z,2026-07-23T01:00:00+0200,267.6,EUR/MWh,DK2,DK_2,imbalance_price,Short,2026-08-11T19:14:45Z
2026-08-11T19:03:52Z,2026-08-11T21:03:52+0200,d65ae107-0026-470c-8885-f57b4d7803f4,2026-07-22T23:15:00Z,2026-07-23T01:15:00+0200,125.6,EUR/MWh,DK2,DK_2,imbalance_price,Long,2026-08-11T19:14:45Z
2026-08-11T19:03:52Z,2026-08-11T21:03:52+0200,d65ae107-0026-470c-8885-f57b4d7803f4,2026-07-22T23:15:00Z,2026-07-23T01:15:00+0200,125.6,EUR/MWh,DK2,DK_2,imbalance_price,Short,2026-08-11T19:14:45Z
2026-08-11T19:03:52Z,2026-08-11T21:03:52+0200,d65ae107-0026-470c-8885-f57b4d7803f4,2026-07-22T23:30:00Z,2026-07-23T01:30:00+0200,129.27,EUR/MWh,DK2,DK_2,imbalance_price,Long,2026-08-11T19:14:45Z
2026-08-11T19:03:52Z,2026-08-11T21:03:52+0200,d65ae107-0026-470c-8885-f57b4d7803f4,2026-07-22T23:30:00Z,2026-07-23T01:30:00+0200,129.27,EUR/MWh,DK2,DK_2,imbalance_price,Short,2026-08-11T19:14:45Z
2026-08-11T19:03:52Z,2026-08-11T21:03:52+0200,d65ae107-0026-470c-8885-f57b4d7803f4,2026-07-22T23:45:00Z,2026-07-23T01:45:00+0200,125.59,EUR/MWh,DK2,DK_2,imbalance_price,Long,2026-08-11T19:14:45Z
2026-08-11T19:03:52Z,2026-08-11T21:03:52+0200,d65ae107-0026-470c-8885-f57b4d7803f4,2026-07-22T23:45:00Z,2026-07-23T01:45:00+0200,125.59,EUR/MWh,DK2,DK_2,imbalance_price,Short,2026-08-11T19:14:45Z
2026-08-11T19:03:52Z,2026-08-11T21:03:52+0200,d65ae107-0026-470c-8885-f57b4d7803f4,2026-07-23T00:00:00Z,2026-07-23T02:00:00+0200,125.58,EUR/MWh,DK2,DK_2,imbalance_price,Long,2026-08-11T19:14:45Z
2026-08-11T19:03:52Z,2026-08-11T21:03:52+0200,d65ae107-0026-470c-8885-f57b4d7803f4,2026-07-23T00:00:00Z,2026-07-23T02:00:00+0200,125.58,EUR/MWh,DK2,DK_2,imbalance_price,Short,2026-08-11T19:14:45Z
2026-08-11T19:03:52Z,2026-08-11T21:03:52+0200,d65ae107-0026-470c-8885-f57b4d7803f4,2026-07-23T00:15:00Z,2026-07-23T02:15:00+0200,125.58,EUR/MWh,DK2,DK_2,imbalance_price,Long,2026-08-11T19:14:45Z
2026-08-11T19:03:52Z,2026-08-11T21:03:52+0200,d65ae107-0026-470c-8885-f57b4d7803f4,2026-07-23T00:15:00Z,2026-07-23T02:15:00+0200,125.58,EUR/MWh,DK2,DK_2,imbalance_price,Short,2026-08-11T19:14:45Z
2026-08-11T19:03:52Z,2026-08-11T21:03:52+0200,d65ae107-0026-470c-8885-f57b4d7803f4,2026-07-23T00:30:00Z,2026-07-23T02:30:00+0200,125.57,EUR/MWh,DK2,DK_2,imbalance_price,Long,2026-08-11T19:14:45Z
2026-08-11T19:03:52Z,2026-08-11T21:03:52+0200,d65ae107-0026-470c-8885-f57b4d7803f4,2026-07-23T00:30:00Z,2026-07-23T02:30:00+0200,125.57,EUR/MWh,DK2,DK_2,imbalance_price,Short,2026-08-11T19:14:45Z
2026-08-11T19:03:52Z,2026-08-11T21:03:52+0200,d65ae107-0026-470c-8885-f57b4d7803f4,2026-07-23T00:45:00Z,2026-07-23T02:45:00+0200,125.57,EUR/MWh,DK2,DK_2,imbalance_price,Long,2026-08-11T19:14:45Z
2026-08-11T19:03:52Z,2026-08-11T21:03:52+0200,d65ae107-0026-470c-8885-f57b4d7803f4,2026-07-23T00:45:00Z,2026-07-23T02:45:00+0200,125.57,EUR/MWh,DK2,DK_2,imbalance_price,Short,2026-08-11T19:14:45Z
2026-08-11T19:03:52Z,2026-08-11T21:03:52+0200,d65ae107-0026-470c-8885-f57b4d7803f4,2026-07-23T01:00:00Z,2026-07-23T03:00:00+0200,125.58,EUR/MWh,DK2,DK_2,imbalance_price,Long,2026-08-11T19:14:45Z
2026-08-11T19:03:52Z,2026-08-11T21:03:52+0200,d65ae107-0026-470c-8885-f57b4d7803f4,2026-07-23T01:00:00Z,2026-07-23T03:00:00+0200,125.58,EUR/MWh,DK2,DK_2,imbalance_price,Short,2026-08-11T19:14:45Z
2026-08-11T19:03:52Z,2026-08-11T21:03:52+0200,d65ae107-0026-470c-8885-f57b4d7803f4,2026-07-23T01:15:00Z,2026-07-23T03:15:00+0200,153.84,EUR/MWh,DK2,DK_2,imbalance_price,Long,2026-08-11T19:14:45Z
2026-08-11T19:03:52Z,2026-08-11T21:03:52+0200,d65ae107-0026-470c-8885-f57b4d7803f4,2026-07-23T01:15:00Z,2026-07-23T03:15:00+0200,153.84,EUR/MWh,DK2,DK_2,imbalance_price,Short,2026-08-11T19:14:45Z
2026-08-11T19:03:52Z,2026-08-11T21:03:52+0200,d65ae107-0026-470c-8885-f57b4d7803f4,2026-07-23T01:30:00Z,2026-07-23T03:30:00+0200,127.38,EUR/MWh,DK2,DK_2,imbalance_price,Long,2026-08-11T19:14:45Z
2026-08-11T19:03:52Z,2026-08-11T21:03:52+0200,d65ae107-0026-470c-8885-f57b4d7803f4,2026-07-23T01:30:00Z,2026-07-23T03:30:00+0200,127.38,EUR/MWh,DK2,DK_2,imbalance_price,Short,2026-08-11T19:14:45Z
2026-08-11T19:03:52Z,2026-08-11T21:03:52+0200,d65ae107-0026-470c-8885-f57b4d7803f4,2026-07-23T01:45:00Z,2026-07-23T03:45:00+0200,125.59,EUR/MWh,DK2,DK_2,imbalance_price,Long,2026-08-11T19:14:45Z
2026-08-11T19:03:52Z,2026-08-11T21:03:52+0200,d65ae107-0026-470c-8885-f57b4d7803f4,2026-07-23T01:45:00Z,2026-07-23T03:45:00+0200,125.59,EUR/MWh,DK2,DK_2,imbalance_price,Short,2026-08-11T19:14:45Z
2026-08-11T19:03:52Z,2026-08-11T21:03:52+0200,d65ae107-0026-470c-8885-f57b4d7803f4,2026-07-23T02:00:00Z,2026-07-23T04:00:00+0200,125.66,EUR/MWh,DK2,DK_2,imbalance_price,Long,2026-08-11T19:14:45Z
2026-08-11T19:03:52Z,2026-08-11T21:03:52+0200,d65ae107-0026-470c-8885-f57b4d7803f4,2026-07-23T02:00:00Z,2026-07-23T04:00:00+0200,125.66,EUR/MWh,DK2,DK_2,imbalance_price,Short,2026-08-11T19:14:45Z
2026-08-11T19:03:52Z,2026-08-11T21:03:52+0200,d65ae107-0026-470c-8885-f57b4d7803f4,2026-07-23T02:15:00Z,2026-07-23T04:15:00+0200,125.67,EUR/MWh,DK2,DK_2,imbalance_price,Long,2026-08-11T19:14:45Z
2026-08-11T19:03:52Z,2026-08-11T21:03:52+0200,d65ae107-0026-470c-8885-f57b4d7803f4,2026-07-23T02:15:00Z,2026-07-23T04:15:00+0200,125.67,EUR/MWh,DK2,DK_2,imbalance_price,Short,2026-08-11T19:14:45Z
2026-08-11T19:03:52Z,2026-08-11T21:03:52+0200,d65ae107-0026-470c-8885-f57b4d7803f4,2026-07-23T02:30:00Z,2026-07-23T04:30:00+0200,-2.11,EUR/MWh,DK2,DK_2,imbalance_price,Long,2026-08-11T19:14:45Z
2026-08-11T19:03:52Z,2026-08-11T21:03:52+0200,d65ae107-0026-470c-8885-f57b4d7803f4,2026-07-23T02:30:00Z,2026-07-23T04:30:00+0200,-2.11,EUR/MWh,DK2,DK_2,imbalance_price,Short,2026-08-11T19:14:45Z
2026-08-11T19:03:52Z,2026-08-11T21:03:52+0200,d65ae107-0026-470c-8885-f57b4d7803f4,2026-07-23T02:45:00Z,2026-07-23T04:45:00+0200,32.22,EUR/MWh,DK2,DK_2,imbalance_price,Long,2026-08-11T19:14:45Z
2026-08-11T19:03:52Z,2026-08-11T21:03:52+0200,d65ae107-0026-470c-8885-f57b4d7803f4,2026-07-23T02:45:00Z,2026-07-23T04:45:00+0200,32.22,EUR/MWh,DK2,DK_2,imbalance_price,Short,2026-08-11T19:14:45Z
2026-08-11T19:03:52Z,2026-08-11T21:03:52+0200,d65ae107-0026-470c-8885-f57b4d7803f4,2026-07-23T03:00:00Z,2026-07-23T05:00:00+0200,32.3,EUR/MWh,DK2,DK_2,imbalance_price,Long,2026-08-11T19:14:45Z
2026-08-11T19:03:52Z,2026-08-11T21:03:52+0200,d65ae107-0026-470c-8885-f57b4d7803f4,2026-07-23T03:00:00Z,2026-07-23T05:00:00+0200,32.3,EUR/MWh,DK2,DK_2,imbalance_price,Short,2026-08-11T19:14:45Z
2026-08-11T19:03:52Z,2026-08-11T21:03:52+0200,d65ae107-0026-470c-8885-f57b4d7803f4,2026-07-23T03:15:00Z,2026-07-23T05:15:00+0200,33.16,EUR/MWh,DK2,DK_2,imbalance_price,Long,2026-08-11T19:14:45Z
2026-08-11T19:03:52Z,2026-08-11T21:03:52+0200,d65ae107-0026-470c-8885-f57b4d7803f4,2026-07-23T03:15:00Z,2026-07-23T05:15:00+0200,33.16,EUR/MWh,DK2,DK_2,imbalance_price,Short,2026-08-11T19:14:45Z
2026-08-11T19:03:52Z,2026-08-11T21:03:52+0200,d65ae107-0026-470c-8885-f57b4d7803f4,2026-07-23T03:30:00Z,2026-07-23T05:30:00+0200,71.46,EUR/MWh,DK2,DK_2,imbalance_price,Long,2026-08-11T19:14:45Z
2026-08-11T19:03:52Z,2026-08-11T21:03:52+0200,d65ae107-0026-470c-8885-f57b4d7803f4,2026-07-23T03:30:00Z,2026-07-23T05:30:00+0200,71.46,EUR/MWh,DK2,DK_2,imbalance_price,Short,2026-08-11T19:14:45Z
2026-08-11T19:03:52Z,2026-08-11T21:03:52+0200,d65ae107-0026-470c-8885-f57b4d7803f4,2026-07-23T03:45:00Z,2026-07-23T05:45:00+0200,128.5,EUR/MWh,DK2,DK_2,imbalance_price,Long,2026-08-11T19:14:45Z
2026-08-11T19:03:52Z,2026-08-11T21:03:52+0200,d65ae107-0026-470c-8885-f57b4d7803f4,2026-07-23T03:45:00Z,2026-07-23T05:45:00+0200,128.5,EUR/MWh,DK2,DK_2,imbalance_price,Short,2026-08-11T19:14:45Z
2026-08-11T19:03:52Z,2026-08-11T21:03:52+0200,d65ae107-0026-470c-8885-f57b4d7803f4,2026-07-23T04:00:00Z,2026-07-23T06:00:00+0200,145.36,EUR/MWh,DK2,DK_2,imbalance_price,Long,2026-08-11T19:14:45Z
2026-08-11T19:03:52Z,2026-08-11T21:03:52+0200,d65ae107-0026-470c-8885-f57b4d7803f4,2026-07-23T04:00:00Z,2026-07-23T06:00:00+0200,145.36,EUR/MWh,DK2,DK_2,imbalance_price,Short,2026-08-11T19:14:45Z
2026-08-11T19:03:52Z,2026-08-11T21:03:52+0200,d65ae107-0026-470c-8885-f57b4d7803f4,2026-07-23T04:15:00Z,2026-07-23T06:15:00+0200,129.2,EUR/MWh,DK2,DK_2,imbalance_price,Long,2026-08-11T19:14:45Z
2026-08-11T19:03:52Z,2026-08-11T21:03:52+0200,d65ae107-0026-470c-8885-f57b4d7803f4,2026-07-23T04:15:00Z,2026-07-23T06:15:00+0200,129.2,EUR/MWh,DK2,DK_2,imbalance_price,Short,2026-08-11T19:14:45Z
2026-08-11T19:03:52Z,2026-08-11T21:03:52+0200,d65ae107-0026-470c-8885-f57b4d7803f4,2026-07-23T04:30:00Z,2026-07-23T06:30:00+0200,158.64,EUR/MWh,DK2,DK_2,imbalance_price,Long,2026-08-11T19:14:45Z
2026-08-11T19:03:52Z,2026-08-11T21:03:52+0200,d65ae107-0026-470c-8885-f57b4d7803f4,2026-07-23T04:30:00Z,2026-07-23T06:30:00+0200,158.64,EUR/MWh,DK2,DK_2,imbalance_price,Short,2026-08-11T19:14:45Z
2026-08-11T19:03:52Z,2026-08-11T21:03:52+0200,d65ae107-0026-470c-8885-f57b4d7803f4,2026-07-23T04:45:00Z,2026-07-23T06:45:00+0200,161.06,EUR/MWh,DK2,DK_2,imbalance_price,Long,2026-08-11T19:14:45Z
2026-08-11T19:03:52Z,2026-08-11T21:03:52+0200,d65ae107-0026-470c-8885-f57b4d7803f4,2026-07-23T04:45:00Z,2026-07-23T06:45:00+0200,161.06,EUR/MWh,DK2,DK_2,imbalance_price,Short,2026-08-11T19:14:45Z
2026-08-11T19:03:52Z,2026-08-11T21:03:52+0200,d65ae107-0026-470c-8885-f57b4d7803f4,2026-07-23T05:00:00Z,2026-07-23T07:00:00+0200,111.57,EUR/MWh,DK2,DK_2,imbalance_price,Long,2026-08-11T19:14:45Z
2026-08-11T19:03:52Z,2026-08-11T21:03:52+0200,d65ae107-0026-470c-8885-f57b4d7803f4,2026-07-23T05:00:00Z,2026-07-23T07:00:00+0200,111.57,EUR/MWh,DK2,DK_2,imbalance_price,Short,2026-08-11T19:14:45Z
2026-08-11T19:03:52Z,2026-08-11T21:03:52+0200,d65ae107-0026-470c-8885-f57b4d7803f4,2026-07-23T05:15:00Z,2026-07-23T07:15:00+0200,113.87,EUR/MWh,DK2,DK_2,imbalance_price,Long,2026-08-11T19:14:45Z
2026-08-11T19:03:52Z,2026-08-11T21:03:52+0200,d65ae107-0026-470c-8885-f57b4d7803f4,2026-07-23T05:15:00Z,2026-07-23T07:15:00+0200,113.87,EUR/MWh,DK2,DK_2,imbalance_price,Short,2026-08-11T19:14:45Z
2026-08-11T19:03:52Z,2026-08-11T21:03:52+0200,d65ae107-0026-470c-8885-f57b4d7803f4,2026-07-23T05:30:00Z,2026-07-23T07:30:00+0200,160.79,EUR/MWh,DK2,DK_2,imbalance_price,Long,2026-08-11T19:14:45Z
2026-08-11T19:03:52Z,2026-08-11T21:03:52+0200,d65ae107-0026-470c-8885-f57b4d7803f4,2026-07-23T05:30:00Z,2026-07-23T07:30:00+0200,160.79,EUR/MWh,DK2,DK_2,imbalance_price,Short,2026-08-11T19:14:45Z
2026-08-11T19:03:52Z,2026-08-11T21:03:52+0200,d65ae107-0026-470c-8885-f57b4d7803f4,2026-07-23T05:45:00Z,2026-07-23T07:45:00+0200,204.46,EUR/MWh,DK2,DK_2,imbalance_price,Long,2026-08-11T19:14:45Z
2026-08-11T19:03:52Z,2026-08-11T21:03:52+0200,d65ae107-0026-470c-8885-f57b4d7803f4,2026-07-23T05:45:00Z,2026-07-23T07:45:00+0200,204.46,EUR/MWh,DK2,DK_2,imbalance_price,Short,2026-08-11T19:14:45Z
2026-08-11T19:03:52Z,2026-08-11T21:03:52+0200,d65ae107-0026-470c-8885-f57b4d7803f4,2026-07-23T06:00:00Z,2026-07-23T08:00:00+0200,170.88,EUR/MWh,DK2,DK_2,imbalance_price,Long,2026-08-11T19:14:45Z
2026-08-11T19:03:52Z,2026-08-11T21:03:52+0200,d65ae107-0026-470c-8885-f57b4d7803f4,2026-07-23T06:00:00Z,2026-07-23T08:00:00+0200,170.88,EUR/MWh,DK2,DK_2,imbalance_price,Short,2026-08-11T19:14:45Z
2026-08-11T19:03:52Z,2026-08-11T21:03:52+0200,d65ae107-0026-470c-8885-f57b4d7803f4,2026-07-23T06:15:00Z,2026-07-23T08:15:00+0200,193.69,EUR/MWh,DK2,DK_2,imbalance_price,Long,2026-08-11T19:14:45Z
2026-08-11T19:03:52Z,2026-08-11T21:03:52+0200,d65ae107-0026-470c-8885-f57b4d7803f4,2026-07-23T06:15:00Z,2026-07-23T08:15:00+0200,193.69,EUR/MWh,DK2,DK_2,imbalance_price,Short,2026-08-11T19:14:45Z
2026-08-11T19:03:52Z,2026-08-11T21:03:52+0200,d65ae107-0026-470c-8885-f57b4d7803f4,2026-07-23T06:30:00Z,2026-07-23T08:30:00+0200,233.79,EUR/MWh,DK2,DK_2,imbalance_price,Long,2026-08-11T19:14:45Z
2026-08-11T19:03:52Z,2026-08-11T21:03:52+0200,d65ae107-0026-470c-8885-f57b4d7803f4,2026-07-23T06:30:00Z,2026-07-23T08:30:00+0200,233.79,EUR/MWh,DK2,DK_2,imbalance_price,Short,2026-08-11T19:14:45Z
2026-08-11T19:03:52Z,2026-08-11T21:03:52+0200,d65ae107-0026-470c-8885-f57b4d7803f4,2026-07-23T06:45:00Z,2026-07-23T08:45:00+0200,267.55,EUR/MWh,DK2,DK_2,imbalance_price,Long,2026-08-11T19:14:45Z
2026-08-11T19:03:52Z,2026-08-11T21:03:52+0200,d65ae107-0026-470c-8885-f57b4d7803f4,2026-07-23T06:45:00Z,2026-07-23T08:45:00+0200,267.55,EUR/MWh,DK2,DK_2,imbalance_price,Short,2026-08-11T19:14:45Z
2026-08-11T19:03:52Z,2026-08-11T21:03:52+0200,d65ae107-0026-470c-8885-f57b4d7803f4,2026-07-23T07:00:00Z,2026-07-23T09:00:00+0200,267.55,EUR/MWh,DK2,DK_2,imbalance_price,Long,2026-08-11T19:14:45Z
2026-08-11T19:03:52Z,2026-08-11T21:03:52+0200,d65ae107-0026-470c-8885-f57b4d7803f4,2026-07-23T07:00:00Z,2026-07-23T09:00:00+0200,267.55,EUR/MWh,DK2,DK_2,imbalance_price,Short,2026-08-11T19:14:45Z
2026-08-11T19:03:52Z,2026-08-11T21:03:52+0200,d65ae107-0026-470c-8885-f57b4d7803f4,2026-07-23T07:15:00Z,2026-07-23T09:15:00+0200,150.0,EUR/MWh,DK2,DK_2,imbalance_price,Long,2026-08-11T19:14:45Z
2026-08-11T19:03:52Z,2026-08-11T21:03:52+0200,d65ae107-0026-470c-8885-f57b4d7803f4,2026-07-23T07:15:00Z,2026-07-23T09:15:00+0200,150.0,EUR/MWh,DK2,DK_2,imbalance_price,Short,2026-08-11T19:14:45Z
2026-08-11T19:03:52Z,2026-08-11T21:03:52+0200,d65ae107-0026-470c-8885-f57b4d7803f4,2026-07-23T07:30:00Z,2026-07-23T09:30:00+0200,148.84,EUR/MWh,DK2,DK_2,imbalance_price,Long,2026-08-11T19:14:45Z
2026-08-11T19:03:52Z,2026-08-11T21:03:52+0200,d65ae107-0026-470c-8885-f57b4d7803f4,2026-07-23T07:30:00Z,2026-07-23T09:30:00+0200,148.84,EUR/MWh,DK2,DK_2,imbalance_price,Short,2026-08-11T19:14:45Z
2026-08-11T19:03:52Z,2026-08-11T21:03:52+0200,d65ae107-0026-470c-8885-f57b4d7803f4,2026-07-23T07:45:00Z,2026-07-23T09:45:00+0200,267.6,EUR/MWh,DK2,DK_2,imbalance_price,Long,2026-08-11T19:14:45Z
2026-08-11T19:03:52Z,2026-08-11T21:03:52+0200,d65ae107-0026-470c-8885-f57b4d7803f4,2026-07-23T07:45:00Z,2026-07-23T09:45:00+0200,267.6,EUR/MWh,DK2,DK_2,imbalance_price,Short,2026-08-11T19:14:45Z
2026-08-11T19:03:52Z,2026-08-11T21:03:52+0200,d65ae107-0026-470c-8885-f57b4d7803f4,2026-07-23T08:00:00Z,2026-07-23T10:00:00+0200,117.8,EUR/MWh,DK2,DK_2,imbalance_price,Long,2026-08-11T19:14:45Z
2026-08-11T19:03:52Z,2026-08-11T21:03:52+0200,d65ae107-0026-470c-8885-f57b4d7803f4,2026-07-23T08:00:00Z,2026-07-23T10:00:00+0200,117.8,EUR/MWh,DK2,DK_2,imbalance_price,Short,2026-08-11T19:14:45Z
2026-08-11T19:03:52Z,2026-08-11T21:03:52+0200,d65ae107-0026-470c-8885-f57b4d7803f4,2026-07-23T08:15:00Z,2026-07-23T10:15:00+0200,675.05,EUR/MWh,DK2,DK_2,imbalance_price,Long,2026-08-11T19:14:45Z
2026-08-11T19:03:52Z,2026-08-11T21:03:52+0200,d65ae107-0026-470c-8885-f57b4d7803f4,2026-07-23T08:15:00Z,2026-07-23T10:15:00+0200,675.05,EUR/MWh,DK2,DK_2,imbalance_price,Short,2026-08-11T19:14:45Z
2026-08-11T19:03:52Z,2026-08-11T21:03:52+0200,d65ae107-0026-470c-8885-f57b4d7803f4,2026-07-23T08:30:00Z,2026-07-23T10:30:00+0200,215.33,EUR/MWh,DK2,DK_2,imbalance_price,Long,2026-08-11T19:14:45Z
2026-08-11T19:03:52Z,2026-08-11T21:03:52+0200,d65ae107-0026-470c-8885-f57b4d7803f4,2026-07-23T08:30:00Z,2026-07-23T10:30:00+0200,215.33,EUR/MWh,DK2,DK_2,imbalance_price,Short,2026-08-11T19:14:45Z
2026-08-11T19:03:52Z,2026-08-11T21:03:52+0200,d65ae107-0026-470c-8885-f57b4d7803f4,2026-07-23T08:45:00Z,2026-07-23T10:45:00+0200,157.14,EUR/MWh,DK2,DK_2,imbalance_price,Long,2026-08-11T19:14:45Z
2026-08-11T19:03:52Z,2026-08-11T21:03:52+0200,d65ae107-0026-470c-8885-f57b4d7803f4,2026-07-23T08:45:00Z,2026-07-23T10:45:00+0200,157.14,EUR/MWh,DK2,DK_2,imbalance_price,Short,2026-08-11T19:14:45Z
2026-08-11T19:03:52Z,2026-08-11T21:03:52+0200,d65ae107-0026-470c-8885-f57b4d7803f4,2026-07-23T09:00:00Z,2026-07-23T11:00:00+0200,35.18,EUR/MWh,DK2,DK_2,imbalance_price,Long,2026-08-11T19:14:45Z
2026-08-11T19:03:52Z,2026-08-11T21:03:52+0200,d65ae107-0026-470c-8885-f57b4d7803f4,2026-07-23T09:00:00Z,2026-07-23T11:00:00+0200,35.18,EUR/MWh,DK2,DK_2,imbalance_price,Short,2026-08-11T19:14:45Z
2026-08-11T19:03:52Z,2026-08-11T21:03:52+0200,d65ae107-0026-470c-8885-f57b4d7803f4,2026-07-23T09:15:00Z,2026-07-23T11:15:00+0200,77.53,EUR/MWh,DK2,DK_2,imbalance_price,Long,2026-08-11T19:14:45Z
2026-08-11T19:03:52Z,2026-08-11T21:03:52+0200,d65ae107-0026-470c-8885-f57b4d7803f4,2026-07-23T09:15:00Z,2026-07-23T11:15:00+0200,77.53,EUR/MWh,DK2,DK_2,imbalance_price,Short,2026-08-11T19:14:45Z
2026-08-11T19:03:52Z,2026-08-11T21:03:52+0200,d65ae107-0026-470c-8885-f57b4d7803f4,2026-07-23T09:30:00Z,2026-07-23T11:30:00+0200,43.14,EUR/MWh,DK2,DK_2,imbalance_price,Long,2026-08-11T19:14:45Z
2026-08-11T19:03:52Z,2026-08-11T21:03:52+0200,d65ae107-0026-470c-8885-f57b4d7803f4,2026-07-23T09:30:00Z,2026-07-23T11:30:00+0200,43.14,EUR/MWh,DK2,DK_2,imbalance_price,Short,2026-08-11T19:14:45Z
2026-08-11T19:03:52Z,2026-08-11T21:03:52+0200,d65ae107-0026-470c-8885-f57b4d7803f4,2026-07-23T09:45:00Z,2026-07-23T11:45:00+0200,30.78,EUR/MWh,DK2,DK_2,imbalance_price,Long,2026-08-11T19:14:45Z
2026-08-11T19:03:52Z,2026-08-11T21:03:52+0200,d65ae107-0026-470c-8885-f57b4d7803f4,2026-07-23T09:45:00Z,2026-07-23T11:45:00+0200,30.78,EUR/MWh,DK2,DK_2,imbalance_price,Short,2026-08-11T19:14:45Z
2026-08-11T19:03:52Z,2026-08-11T21:03:52+0200,d65ae107-0026-470c-8885-f57b4d7803f4,2026-07-23T10:00:00Z,2026-07-23T12:00:00+0200,62.78,EUR/MWh,DK2,DK_2,imbalance_price,Long,2026-08-11T19:14:45Z
2026-08-11T19:03:52Z,2026-08-11T21:03:52+0200,d65ae107-0026-470c-8885-f57b4d7803f4,2026-07-23T10:00:00Z,2026-07-23T12:00:00+0200,62.78,EUR/MWh,DK2,DK_2,imbalance_price,Short,2026-08-11T19:14:45Z
2026-08-11T19:03:52Z,2026-08-11T21:03:52+0200,d65ae107-0026-470c-8885-f57b4d7803f4,2026-07-23T10:15:00Z,2026-07-23T12:15:00+0200,37.19,EUR/MWh,DK2,DK_2,imbalance_price,Long,2026-08-11T19:14:45Z
2026-08-11T19:03:52Z,2026-08-11T21:03:52+0200,d65ae107-0026-470c-8885-f57b4d7803f4,2026-07-23T10:15:00Z,2026-07-23T12:15:00+0200,37.19,EUR/MWh,DK2,DK_2,imbalance_price,Short,2026-08-11T19:14:45Z
2026-08-11T19:03:52Z,2026-08-11T21:03:52+0200,d65ae107-0026-470c-8885-f57b4d7803f4,2026-07-23T10:30:00Z,2026-07-23T12:30:00+0200,142.53,EUR/MWh,DK2,DK_2,imbalance_price,Long,2026-08-11T19:14:45Z
2026-08-11T19:03:52Z,2026-08-11T21:03:52+0200,d65ae107-0026-470c-8885-f57b4d7803f4,2026-07-23T10:30:00Z,2026-07-23T12:30:00+0200,142.53,EUR/MWh,DK2,DK_2,imbalance_price,Short,2026-08-11T19:14:45Z
2026-08-11T19:03:52Z,2026-08-11T21:03:52+0200,d65ae107-0026-470c-8885-f57b4d7803f4,2026-07-23T10:45:00Z,2026-07-23T12:45:00+0200,109.91,EUR/MWh,DK2,DK_2,imbalance_price,Long,2026-08-11T19:14:45Z
2026-08-11T19:03:52Z,2026-08-11T21:03:52+0200,d65ae107-0026-470c-8885-f57b4d7803f4,2026-07-23T10:45:00Z,2026-07-23T12:45:00+0200,109.91,EUR/MWh,DK2,DK_2,imbalance_price,Short,2026-08-11T19:14:45Z
2026-08-11T19:03:52Z,2026-08-11T21:03:52+0200,d65ae107-0026-470c-8885-f57b4d7803f4,2026-07-23T11:00:00Z,2026-07-23T13:00:00+0200,67.76,EUR/MWh,DK2,DK_2,imbalance_price,Long,2026-08-11T19:14:45Z
2026-08-11T19:03:52Z,2026-08-11T21:03:52+0200,d65ae107-0026-470c-8885-f57b4d7803f4,2026-07-23T11:00:00Z,2026-07-23T13:00:00+0200,67.76,EUR/MWh,DK2,DK_2,imbalance_price,Short,2026-08-11T19:14:45Z
2026-08-11T19:03:52Z,2026-08-11T21:03:52+0200,d65ae107-0026-470c-8885-f57b4d7803f4,2026-07-23T11:15:00Z,2026-07-23T13:15:00+0200,12.36,EUR/MWh,DK2,DK_2,imbalance_price,Long,2026-08-11T19:14:45Z
2026-08-11T19:03:52Z,2026-08-11T21:03:52+0200,d65ae107-0026-470c-8885-f57b4d7803f4,2026-07-23T11:15:00Z,2026-07-23T13:15:00+0200,12.36,EUR/MWh,DK2,DK_2,imbalance_price,Short,2026-08-11T19:14:45Z
2026-08-11T19:03:52Z,2026-08-11T21:03:52+0200,d65ae107-0026-470c-8885-f57b4d7803f4,2026-07-23T11:30:00Z,2026-07-23T13:30:00+0200,2.84,EUR/MWh,DK2,DK_2,imbalance_price,Long,2026-08-11T19:14:45Z
2026-08-11T19:03:52Z,2026-08-11T21:03:52+0200,d65ae107-0026-470c-8885-f57b4d7803f4,2026-07-23T11:30:00Z,2026-07-23T13:30:00+0200,2.84,EUR/MWh,DK2,DK_2,imbalance_price,Short,2026-08-11T19:14:45Z
2026-08-11T19:03:52Z,2026-08-11T21:03:52+0200,d65ae107-0026-470c-8885-f57b4d7803f4,2026-07-23T11:45:00Z,2026-07-23T13:45:00+0200,11.27,EUR/MWh,DK2,DK_2,imbalance_price,Long,2026-08-11T19:14:45Z
2026-08-11T19:03:52Z,2026-08-11T21:03:52+0200,d65ae107-0026-470c-8885-f57b4d7803f4,2026-07-23T11:45:00Z,2026-07-23T13:45:00+0200,11.27,EUR/MWh,DK2,DK_2,imbalance_price,Short,2026-08-11T19:14:45Z
2026-08-11T19:03:52Z,2026-08-11T21:03:52+0200,d65ae107-0026-470c-8885-f57b4d7803f4,2026-07-23T12:00:00Z,2026-07-23T14:00:00+0200,10.68,EUR/MWh,DK2,DK_2,imbalance_price,Long,2026-08-11T19:14:45Z
2026-08-11T19:03:52Z,2026-08-11T21:03:52+0200,d65ae107-0026-470c-8885-f57b4d7803f4,2026-07-23T12:00:00Z,2026-07-23T14:00:00+0200,10.68,EUR/MWh,DK2,DK_2,imbalance_price,Short,2026-08-11T19:14:45Z
2026-08-11T19:03:52Z,2026-08-11T21:03:52+0200,d65ae107-0026-470c-8885-f57b4d7803f4,2026-07-23T12:15:00Z,2026-07-23T14:15:00+0200,11.1,EUR/MWh,DK2,DK_2,imbalance_price,Long,2026-08-11T19:14:45Z
2026-08-11T19:03:52Z,2026-08-11T21:03:52+0200,d65ae107-0026-470c-8885-f57b4d7803f4,2026-07-23T12:15:00Z,2026-07-23T14:15:00+0200,11.1,EUR/MWh,DK2,DK_2,imbalance_price,Short,2026-08-11T19:14:45Z
2026-08-11T19:03:52Z,2026-08-11T21:03:52+0200,d65ae107-0026-470c-8885-f57b4d7803f4,2026-07-23T12:30:00Z,2026-07-23T14:30:00+0200,-9.8,EUR/MWh,DK2,DK_2,imbalance_price,Long,2026-08-11T19:14:45Z
2026-08-11T19:03:52Z,2026-08-11T21:03:52+0200,d65ae107-0026-470c-8885-f57b4d7803f4,2026-07-23T12:30:00Z,2026-07-23T14:30:00+0200,-9.8,EUR/MWh,DK2,DK_2,imbalance_price,Short,2026-08-11T19:14:45Z
2026-08-11T19:03:52Z,2026-08-11T21:03:52+0200,d65ae107-0026-470c-8885-f57b4d7803f4,2026-07-23T12:45:00Z,2026-07-23T14:45:00+0200,-4.09,EUR/MWh,DK2,DK_2,imbalance_price,Long,2026-08-11T19:14:45Z
2026-08-11T19:03:52Z,2026-08-11T21:03:52+0200,d65ae107-0026-470c-8885-f57b4d7803f4,2026-07-23T12:45:00Z,2026-07-23T14:45:00+0200,-4.09,EUR/MWh,DK2,DK_2,imbalance_price,Short,2026-08-11T19:14:45Z
2026-08-11T19:03:52Z,2026-08-11T21:03:52+0200,d65ae107-0026-470c-8885-f57b4d7803f4,2026-07-23T13:00:00Z,2026-07-23T15:00:00+0200,-14.01,EUR/MWh,DK2,DK_2,imbalance_price,Long,2026-08-11T19:14:45Z
2026-08-11T19:03:52Z,2026-08-11T21:03:52+0200,d65ae107-0026-470c-8885-f57b4d7803f4,2026-07-23T13:00:00Z,2026-07-23T15:00:00+0200,-14.01,EUR/MWh,DK2,DK_2,imbalance_price,Short,2026-08-11T19:14:45Z
2026-08-11T19:03:52Z,2026-08-11T21:03:52+0200,d65ae107-0026-470c-8885-f57b4d7803f4,2026-07-23T13:15:00Z,2026-07-23T15:15:00+0200,-20.87,EUR/MWh,DK2,DK_2,imbalance_price,Long,2026-08-11T19:14:45Z
2026-08-11T19:03:52Z,2026-08-11T21:03:52+0200,d65ae107-0026-470c-8885-f57b4d7803f4,2026-07-23T13:15:00Z,2026-07-23T15:15:00+0200,-20.87,EUR/MWh,DK2,DK_2,imbalance_price,Short,2026-08-11T19:14:45Z
2026-08-11T19:03:52Z,2026-08-11T21:03:52+0200,d65ae107-0026-470c-8885-f57b4d7803f4,2026-07-23T13:30:00Z,2026-07-23T15:30:00+0200,-29.52,EUR/MWh,DK2,DK_2,imbalance_price,Long,2026-08-11T19:14:45Z
2026-08-11T19:03:52Z,2026-08-11T21:03:52+0200,d65ae107-0026-470c-8885-f57b4d7803f4,2026-07-23T13:30:00Z,2026-07-23T15:30:00+0200,-29.52,EUR/MWh,DK2,DK_2,imbalance_price,Short,2026-08-11T19:14:45Z
2026-08-11T19:03:52Z,2026-08-11T21:03:52+0200,d65ae107-0026-470c-8885-f57b4d7803f4,2026-07-23T13:45:00Z,2026-07-23T15:45:00+0200,-8.96,EUR/MWh,DK2,DK_2,imbalance_price,Long,2026-08-11T19:14:45Z
2026-08-11T19:03:52Z,2026-08-11T21:03:52+0200,d65ae107-0026-470c-8885-f57b4d7803f4,2026-07-23T13:45:00Z,2026-07-23T15:45:00+0200,-8.96,EUR/MWh,DK2,DK_2,imbalance_price,Short,2026-08-11T19:14:45Z
2026-08-11T19:03:52Z,2026-08-11T21:03:52+0200,d65ae107-0026-470c-8885-f57b4d7803f4,2026-07-23T14:00:00Z,2026-07-23T16:00:00+0200,10.0,EUR/MWh,DK2,DK_2,imbalance_price,Long,2026-08-11T19:14:45Z
2026-08-11T19:03:52Z,2026-08-11T21:03:52+0200,d65ae107-0026-470c-8885-f57b4d7803f4,2026-07-23T14:00:00Z,2026-07-23T16:00:00+0200,10.0,EUR/MWh,DK2,DK_2,imbalance_price,Short,2026-08-11T19:14:45Z
2026-08-11T19:03:52Z,2026-08-11T21:03:52+0200,d65ae107-0026-470c-8885-f57b4d7803f4,2026-07-23T14:15:00Z,2026-07-23T16:15:00+0200,-19.49,EUR/MWh,DK2,DK_2,imbalance_price,Long,2026-08-11T19:14:45Z
2026-08-11T19:03:52Z,2026-08-11T21:03:52+0200,d65ae107-0026-470c-8885-f57b4d7803f4,2026-07-23T14:15:00Z,2026-07-23T16:15:00+0200,-19.49,EUR/MWh,DK2,DK_2,imbalance_price,Short,2026-08-11T19:14:45Z
2026-08-11T19:03:52Z,2026-08-11T21:03:52+0200,d65ae107-0026-470c-8885-f57b4d7803f4,2026-07-23T14:30:00Z,2026-07-23T16:30:00+0200,-10.0,EUR/MWh,DK2,DK_2,imbalance_price,Long,2026-08-11T19:14:45Z
2026-08-11T19:03:52Z,2026-08-11T21:03:52+0200,d65ae107-0026-470c-8885-f57b4d7803f4,2026-07-23T14:30:00Z,2026-07-23T16:30:00+0200,-10.0,EUR/MWh,DK2,DK_2,imbalance_price,Short,2026-08-11T19:14:45Z
2026-08-11T19:03:52Z,2026-08-11T21:03:52+0200,d65ae107-0026-470c-8885-f57b4d7803f4,2026-07-23T14:45:00Z,2026-07-23T16:45:00+0200,-0.49,EUR/MWh,DK2,DK_2,imbalance_price,Long,2026-08-11T19:14:45Z
2026-08-11T19:03:52Z,2026-08-11T21:03:52+0200,d65ae107-0026-470c-8885-f57b4d7803f4,2026-07-23T14:45:00Z,2026-07-23T16:45:00+0200,-0.49,EUR/MWh,DK2,DK_2,imbalance_price,Short,2026-08-11T19:14:45Z
2026-08-11T19:03:52Z,2026-08-11T21:03:52+0200,d65ae107-0026-470c-8885-f57b4d7803f4,2026-07-23T15:00:00Z,2026-07-23T17:00:00+0200,53.96,EUR/MWh,DK2,DK_2,imbalance_price,Long,2026-08-11T19:14:45Z
2026-08-11T19:03:52Z,2026-08-11T21:03:52+0200,d65ae107-0026-470c-8885-f57b4d7803f4,2026-07-23T15:00:00Z,2026-07-23T17:00:00+0200,53.96,EUR/MWh,DK2,DK_2,imbalance_price,Short,2026-08-11T19:14:45Z
2026-08-11T19:03:52Z,2026-08-11T21:03:52+0200,d65ae107-0026-470c-8885-f57b4d7803f4,2026-07-23T15:15:00Z,2026-07-23T17:15:00+0200,96.52,EUR/MWh,DK2,DK_2,imbalance_price,Long,2026-08-11T19:14:45Z
2026-08-11T19:03:52Z,2026-08-11T21:03:52+0200,d65ae107-0026-470c-8885-f57b4d7803f4,2026-07-23T15:15:00Z,2026-07-23T17:15:00+0200,96.52,EUR/MWh,DK2,DK_2,imbalance_price,Short,2026-08-11T19:14:45Z
2026-08-11T19:03:52Z,2026-08-11T21:03:52+0200,d65ae107-0026-470c-8885-f57b4d7803f4,2026-07-23T15:30:00Z,2026-07-23T17:30:00+0200,17.33,EUR/MWh,DK2,DK_2,imbalance_price,Long,2026-08-11T19:14:45Z
2026-08-11T19:03:52Z,2026-08-11T21:03:52+0200,d65ae107-0026-470c-8885-f57b4d7803f4,2026-07-23T15:30:00Z,2026-07-23T17:30:00+0200,17.33,EUR/MWh,DK2,DK_2,imbalance_price,Short,2026-08-11T19:14:45Z
2026-08-11T19:03:52Z,2026-08-11T21:03:52+0200,d65ae107-0026-470c-8885-f57b4d7803f4,2026-07-23T15:45:00Z,2026-07-23T17:45:00+0200,36.28,EUR/MWh,DK2,DK_2,imbalance_price,Long,2026-08-11T19:14:45Z
2026-08-11T19:03:52Z,2026-08-11T21:03:52+0200,d65ae107-0026-470c-8885-f57b4d7803f4,2026-07-23T15:45:00Z,2026-07-23T17:45:00+0200,36.28,EUR/MWh,DK2,DK_2,imbalance_price,Short,2026-08-11T19:14:45Z
2026-08-11T19:03:52Z,2026-08-11T21:03:52+0200,d65ae107-0026-470c-8885-f57b4d7803f4,2026-07-23T16:00:00Z,2026-07-23T18:00:00+0200,12.45,EUR/MWh,DK2,DK_2,imbalance_price,Long,2026-08-11T19:14:45Z
2026-08-11T19:03:52Z,2026-08-11T21:03:52+0200,d65ae107-0026-470c-8885-f57b4d7803f4,2026-07-23T16:00:00Z,2026-07-23T18:00:00+0200,12.45,EUR/MWh,DK2,DK_2,imbalance_price,Short,2026-08-11T19:14:45Z
2026-08-11T19:03:52Z,2026-08-11T21:03:52+0200,d65ae107-0026-470c-8885-f57b4d7803f4,2026-07-23T16:15:00Z,2026-07-23T18:15:00+0200,8.81,EUR/MWh,DK2,DK_2,imbalance_price,Long,2026-08-11T19:14:45Z
2026-08-11T19:03:52Z,2026-08-11T21:03:52+0200,d65ae107-0026-470c-8885-f57b4d7803f4,2026-07-23T16:15:00Z,2026-07-23T18:15:00+0200,8.81,EUR/MWh,DK2,DK_2,imbalance_price,Short,2026-08-11T19:14:45Z
2026-08-11T19:03:52Z,2026-08-11T21:03:52+0200,d65ae107-0026-470c-8885-f57b4d7803f4,2026-07-23T16:30:00Z,2026-07-23T18:30:00+0200,1.99,EUR/MWh,DK2,DK_2,imbalance_price,Long,2026-08-11T19:14:45Z
2026-08-11T19:03:52Z,2026-08-11T21:03:52+0200,d65ae107-0026-470c-8885-f57b4d7803f4,2026-07-23T16:30:00Z,2026-07-23T18:30:00+0200,1.99,EUR/MWh,DK2,DK_2,imbalance_price,Short,2026-08-11T19:14:45Z
2026-08-11T19:03:52Z,2026-08-11T21:03:52+0200,d65ae107-0026-470c-8885-f57b4d7803f4,2026-07-23T16:45:00Z,2026-07-23T18:45:00+0200,83.99,EUR/MWh,DK2,DK_2,imbalance_price,Long,2026-08-11T19:14:45Z
2026-08-11T19:03:52Z,2026-08-11T21:03:52+0200,d65ae107-0026-470c-8885-f57b4d7803f4,2026-07-23T16:45:00Z,2026-07-23T18:45:00+0200,83.99,EUR/MWh,DK2,DK_2,imbalance_price,Short,2026-08-11T19:14:45Z
2026-08-11T19:03:52Z,2026-08-11T21:03:52+0200,d65ae107-0026-470c-8885-f57b4d7803f4,2026-07-23T17:00:00Z,2026-07-23T19:00:00+0200,260.87,EUR/MWh,DK2,DK_2,imbalance_price,Long,2026-08-11T19:14:45Z
2026-08-11T19:03:52Z,2026-08-11T21:03:52+0200,d65ae107-0026-470c-8885-f57b4d7803f4,2026-07-23T17:00:00Z,2026-07-23T19:00:00+0200,260.87,EUR/MWh,DK2,DK_2,imbalance_price,Short,2026-08-11T19:14:45Z
2026-08-11T19:03:52Z,2026-08-11T21:03:52+0200,d65ae107-0026-470c-8885-f57b4d7803f4,2026-07-23T17:15:00Z,2026-07-23T19:15:00+0200,280.79,EUR/MWh,DK2,DK_2,imbalance_price,Long,2026-08-11T19:14:45Z
2026-08-11T19:03:52Z,2026-08-11T21:03:52+0200,d65ae107-0026-470c-8885-f57b4d7803f4,2026-07-23T17:15:00Z,2026-07-23T19:15:00+0200,280.79,EUR/MWh,DK2,DK_2,imbalance_price,Short,2026-08-11T19:14:45Z
2026-08-11T19:03:52Z,2026-08-11T21:03:52+0200,d65ae107-0026-470c-8885-f57b4d7803f4,2026-07-23T17:30:00Z,2026-07-23T19:30:00+0200,267.55,EUR/MWh,DK2,DK_2,imbalance_price,Long,2026-08-11T19:14:45Z
2026-08-11T19:03:52Z,2026-08-11T21:03:52+0200,d65ae107-0026-470c-8885-f57b4d7803f4,2026-07-23T17:30:00Z,2026-07-23T19:30:00+0200,267.55,EUR/MWh,DK2,DK_2,imbalance_price,Short,2026-08-11T19:14:45Z
2026-08-11T19:03:52Z,2026-08-11T21:03:52+0200,d65ae107-0026-470c-8885-f57b4d7803f4,2026-07-23T17:45:00Z,2026-07-23T19:45:00+0200,334.43,EUR/MWh,DK2,DK_2,imbalance_price,Long,2026-08-11T19:14:45Z
2026-08-11T19:03:52Z,2026-08-11T21:03:52+0200,d65ae107-0026-470c-8885-f57b4d7803f4,2026-07-23T17:45:00Z,2026-07-23T19:45:00+0200,334.43,EUR/MWh,DK2,DK_2,imbalance_price,Short,2026-08-11T19:14:45Z
2026-08-11T19:03:52Z,2026-08-11T21:03:52+0200,d65ae107-0026-470c-8885-f57b4d7803f4,2026-07-23T18:00:00Z,2026-07-23T20:00:00+0200,206.63,EUR/MWh,DK2,DK_2,imbalance_price,Long,2026-08-11T19:14:45Z
2026-08-11T19:03:52Z,2026-08-11T21:03:52+0200,d65ae107-0026-470c-8885-f57b4d7803f4,2026-07-23T18:00:00Z,2026-07-23T20:00:00+0200,206.63,EUR/MWh,DK2,DK_2,imbalance_price,Short,2026-08-11T19:14:45Z
2026-08-11T19:03:52Z,2026-08-11T21:03:52+0200,d65ae107-0026-470c-8885-f57b4d7803f4,2026-07-23T18:15:00Z,2026-07-23T20:15:00+0200,347.81,EUR/MWh,DK2,DK_2,imbalance_price,Long,2026-08-11T19:14:45Z
2026-08-11T19:03:52Z,2026-08-11T21:03:52+0200,d65ae107-0026-470c-8885-f57b4d7803f4,2026-07-23T18:15:00Z,2026-07-23T20:15:00+0200,347.81,EUR/MWh,DK2,DK_2,imbalance_price,Short,2026-08-11T19:14:45Z
2026-08-11T19:03:52Z,2026-08-11T21:03:52+0200,d65ae107-0026-470c-8885-f57b4d7803f4,2026-07-23T18:30:00Z,2026-07-23T20:30:00+0200,334.43,EUR/MWh,DK2,DK_2,imbalance_price,Long,2026-08-11T19:14:45Z
2026-08-11T19:03:52Z,2026-08-11T21:03:52+0200,d65ae107-0026-470c-8885-f57b4d7803f4,2026-07-23T18:30:00Z,2026-07-23T20:30:00+0200,334.43,EUR/MWh,DK2,DK_2,imbalance_price,Short,2026-08-11T19:14:45Z
2026-08-11T19:03:52Z,2026-08-11T21:03:52+0200,d65ae107-0026-470c-8885-f57b4d7803f4,2026-07-23T18:45:00Z,2026-07-23T20:45:00+0200,197.51,EUR/MWh,DK2,DK_2,imbalance_price,Long,2026-08-11T19:14:45Z
2026-08-11T19:03:52Z,2026-08-11T21:03:52+0200,d65ae107-0026-470c-8885-f57b4d7803f4,2026-07-23T18:45:00Z,2026-07-23T20:45:00+0200,197.51,EUR/MWh,DK2,DK_2,imbalance_price,Short,2026-08-11T19:14:45Z
2026-08-11T19:03:52Z,2026-08-11T21:03:52+0200,d65ae107-0026-470c-8885-f57b4d7803f4,2026-07-23T19:00:00Z,2026-07-23T21:00:00+0200,121.28,EUR/MWh,DK2,DK_2,imbalance_price,Long,2026-08-11T19:14:45Z
2026-08-11T19:03:52Z,2026-08-11T21:03:52+0200,d65ae107-0026-470c-8885-f57b4d7803f4,2026-07-23T19:00:00Z,2026-07-23T21:00:00+0200,121.28,EUR/MWh,DK2,DK_2,imbalance_price,Short,2026-08-11T19:14:45Z
2026-08-11T19:03:52Z,2026-08-11T21:03:52+0200,d65ae107-0026-470c-8885-f57b4d7803f4,2026-07-23T19:15:00Z,2026-07-23T21:15:00+0200,109.36,EUR/MWh,DK2,DK_2,imbalance_price,Long,2026-08-11T19:14:45Z
2026-08-11T19:03:52Z,2026-08-11T21:03:52+0200,d65ae107-0026-470c-8885-f57b4d7803f4,2026-07-23T19:15:00Z,2026-07-23T21:15:00+0200,109.36,EUR/MWh,DK2,DK_2,imbalance_price,Short,2026-08-11T19:14:45Z
2026-08-11T19:03:52Z,2026-08-11T21:03:52+0200,d65ae107-0026-470c-8885-f57b4d7803f4,2026-07-23T19:30:00Z,2026-07-23T21:30:00+0200,145.4,EUR/MWh,DK2,DK_2,imbalance_price,Long,2026-08-11T19:14:45Z
2026-08-11T19:03:52Z,2026-08-11T21:03:52+0200,d65ae107-0026-470c-8885-f57b4d7803f4,2026-07-23T19:30:00Z,2026-07-23T21:30:00+0200,145.4,EUR/MWh,DK2,DK_2,imbalance_price,Short,2026-08-11T19:14:45Z
2026-08-11T19:03:52Z,2026-08-11T21:03:52+0200,d65ae107-0026-470c-8885-f57b4d7803f4,2026-07-23T19:45:00Z,2026-07-23T21:45:00+0200,110.98,EUR/MWh,DK2,DK_2,imbalance_price,Long,2026-08-11T19:14:45Z
2026-08-11T19:03:52Z,2026-08-11T21:03:52+0200,d65ae107-0026-470c-8885-f57b4d7803f4,2026-07-23T19:45:00Z,2026-07-23T21:45:00+0200,110.98,EUR/MWh,DK2,DK_2,imbalance_price,Short,2026-08-11T19:14:45Z
2026-08-11T19:03:52Z,2026-08-11T21:03:52+0200,d65ae107-0026-470c-8885-f57b4d7803f4,2026-07-23T20:00:00Z,2026-07-23T22:00:00+0200,195.93,EUR/MWh,DK2,DK_2,imbalance_price,Long,2026-08-11T19:14:45Z
2026-08-11T19:03:52Z,2026-08-11T21:03:52+0200,d65ae107-0026-470c-8885-f57b4d7803f4,2026-07-23T20:00:00Z,2026-07-23T22:00:00+0200,195.93,EUR/MWh,DK2,DK_2,imbalance_price,Short,2026-08-11T19:14:45Z
2026-08-11T19:03:52Z,2026-08-11T21:03:52+0200,d65ae107-0026-470c-8885-f57b4d7803f4,2026-07-23T20:15:00Z,2026-07-23T22:15:00+0200,188.97,EUR/MWh,DK2,DK_2,imbalance_price,Long,2026-08-11T19:14:45Z
2026-08-11T19:03:52Z,2026-08-11T21:03:52+0200,d65ae107-0026-470c-8885-f57b4d7803f4,2026-07-23T20:15:00Z,2026-07-23T22:15:00+0200,188.97,EUR/MWh,DK2,DK_2,imbalance_price,Short,2026-08-11T19:14:45Z
2026-08-11T19:03:52Z,2026-08-11T21:03:52+0200,d65ae107-0026-470c-8885-f57b4d7803f4,2026-07-23T20:30:00Z,2026-07-23T22:30:00+0200,184.3,EUR/MWh,DK2,DK_2,imbalance_price,Long,2026-08-11T19:14:45Z
2026-08-11T19:03:52Z,2026-08-11T21:03:52+0200,d65ae107-0026-470c-8885-f57b4d7803f4,2026-07-23T20:30:00Z,2026-07-23T22:30:00+0200,184.3,EUR/MWh,DK2,DK_2,imbalance_price,Short,2026-08-11T19:14:45Z
2026-08-11T19:03:52Z,2026-08-11T21:03:52+0200,d65ae107-0026-470c-8885-f57b4d7803f4,2026-07-23T20:45:00Z,2026-07-23T22:45:00+0200,177.01,EUR/MWh,DK2,DK_2,imbalance_price,Long,2026-08-11T19:14:45Z
2026-08-11T19:03:52Z,2026-08-11T21:03:52+0200,d65ae107-0026-470c-8885-f57b4d7803f4,2026-07-23T20:45:00Z,2026-07-23T22:45:00+0200,177.01,EUR/MWh,DK2,DK_2,imbalance_price,Short,2026-08-11T19:14:45Z
2026-08-11T19:03:52Z,2026-08-11T21:03:52+0200,d65ae107-0026-470c-8885-f57b4d7803f4,2026-07-23T21:00:00Z,2026-07-23T23:00:00+0200,9.55,EUR/MWh,DK2,DK_2,imbalance_price,Long,2026-08-11T19:14:45Z
2026-08-11T19:03:52Z,2026-08-11T21:03:52+0200,d65ae107-0026-470c-8885-f57b4d7803f4,2026-07-23T21:00:00Z,2026-07-23T23:00:00+0200,9.55,EUR/MWh,DK2,DK_2,imbalance_price,Short,2026-08-11T19:14:45Z
2026-08-11T19:03:52Z,2026-08-11T21:03:52+0200,d65ae107-0026-470c-8885-f57b4d7803f4,2026-07-23T21:15:00Z,2026-07-23T23:15:00+0200,170.67,EUR/MWh,DK2,DK_2,imbalance_price,Long,2026-08-11T19:14:45Z
2026-08-11T19:03:52Z,2026-08-11T21:03:52+0200,d65ae107-0026-470c-8885-f57b4d7803f4,2026-07-23T21:15:00Z,2026-07-23T23:15:00+0200,170.67,EUR/MWh,DK2,DK_2,imbalance_price,Short,2026-08-11T19:14:45Z
2026-08-11T19:03:52Z,2026-08-11T21:03:52+0200,d65ae107-0026-470c-8885-f57b4d7803f4,2026-07-23T21:30:00Z,2026-07-23T23:30:00+0200,166.95,EUR/MWh,DK2,DK_2,imbalance_price,Long,2026-08-11T19:14:45Z
2026-08-11T19:03:52Z,2026-08-11T21:03:52+0200,d65ae107-0026-470c-8885-f57b4d7803f4,2026-07-23T21:30:00Z,2026-07-23T23:30:00+0200,166.95,EUR/MWh,DK2,DK_2,imbalance_price,Short,2026-08-11T19:14:45Z
2026-08-11T19:03:52Z,2026-08-11T21:03:52+0200,d65ae107-0026-470c-8885-f57b4d7803f4,2026-07-23T21:45:00Z,2026-07-23T23:45:00+0200,92.81,EUR/MWh,DK2,DK_2,imbalance_price,Long,2026-08-11T19:14:45Z
2026-08-11T19:03:52Z,2026-08-11T21:03:52+0200,d65ae107-0026-470c-8885-f57b4d7803f4,2026-07-23T21:45:00Z,2026-07-23T23:45:00+0200,92.81,EUR/MWh,DK2,DK_2,imbalance_price,Short,2026-08-11T19:14:45Z
2026-08-11T19:03:52Z,2026-08-11T21:03:52+0200,d65ae107-0026-470c-8885-f57b4d7803f4,2026-07-23T22:00:00Z,2026-07-24T00:00:00+0200,104.11,EUR/MWh,DK2,DK_2,imbalance_price,Long,2026-08-11T19:14:45Z
2026-08-11T19:03:52Z,2026-08-11T21:03:52+0200,d65ae107-0026-470c-8885-f57b4d7803f4,2026-07-23T22:00:00Z,2026-07-24T00:00:00+0200,104.11,EUR/MWh,DK2,DK_2,imbalance_price,Short,2026-08-11T19:14:45Z
2026-08-11T19:03:52Z,2026-08-11T21:03:52+0200,d65ae107-0026-470c-8885-f57b4d7803f4,2026-07-23T22:15:00Z,2026-07-24T00:15:00+0200,102.12,EUR/MWh,DK2,DK_2,imbalance_price,Long,2026-08-11T19:14:45Z
2026-08-11T19:03:52Z,2026-08-11T21:03:52+0200,d65ae107-0026-470c-8885-f57b4d7803f4,2026-07-23T22:15:00Z,2026-07-24T00:15:00+0200,102.12,EUR/MWh,DK2,DK_2,imbalance_price,Short,2026-08-11T19:14:45Z
2026-08-11T19:03:52Z,2026-08-11T21:03:52+0200,d65ae107-0026-470c-8885-f57b4d7803f4,2026-07-23T22:30:00Z,2026-07-24T00:30:00+0200,85.83,EUR/MWh,DK2,DK_2,imbalance_price,Long,2026-08-11T19:14:45Z
2026-08-11T19:03:52Z,2026-08-11T21:03:52+0200,d65ae107-0026-470c-8885-f57b4d7803f4,2026-07-23T22:30:00Z,2026-07-24T00:30:00+0200,85.83,EUR/MWh,DK2,DK_2,imbalance_price,Short,2026-08-11T19:14:45Z
2026-08-11T19:03:52Z,2026-08-11T21:03:52+0200,d65ae107-0026-470c-8885-f57b4d7803f4,2026-07-23T22:45:00Z,2026-07-24T00:45:00+0200,109.59,EUR/MWh,DK2,DK_2,imbalance_price,Long,2026-08-11T19:14:45Z
2026-08-11T19:03:52Z,2026-08-11T21:03:52+0200,d65ae107-0026-470c-8885-f57b4d7803f4,2026-07-23T22:45:00Z,2026-07-24T00:45:00+0200,109.59,EUR/MWh,DK2,DK_2,imbalance_price,Short,2026-08-11T19:14:45Z
2026-08-11T19:03:52Z,2026-08-11T21:03:52+0200,d65ae107-0026-470c-8885-f57b4d7803f4,2026-07-23T23:00:00Z,2026-07-24T01:00:00+0200,132.46,EUR/MWh,DK2,DK_2,imbalance_price,Long,2026-08-11T19:14:45Z
2026-08-11T19:03:52Z,2026-08-11T21:03:52+0200,d65ae107-0026-470c-8885-f57b4d7803f4,2026-07-23T23:00:00Z,2026-07-24T01:00:00+0200,132.46,EUR/MWh,DK2,DK_2,imbalance_price,Short,2026-08-11T19:14:45Z
2026-08-11T19:03:52Z,2026-08-11T21:03:52+0200,d65ae107-0026-470c-8885-f57b4d7803f4,2026-07-23T23:15:00Z,2026-07-24T01:15:00+0200,104.26,EUR/MWh,DK2,DK_2,imbalance_price,Long,2026-08-11T19:14:45Z
2026-08-11T19:03:52Z,2026-08-11T21:03:52+0200,d65ae107-0026-470c-8885-f57b4d7803f4,2026-07-23T23:15:00Z,2026-07-24T01:15:00+0200,104.26,EUR/MWh,DK2,DK_2,imbalance_price,Short,2026-08-11T19:14:45Z
2026-08-11T19:03:52Z,2026-08-11T21:03:52+0200,d65ae107-0026-470c-8885-f57b4d7803f4,2026-07-23T23:30:00Z,2026-07-24T01:30:00+0200,119.13,EUR/MWh,DK2,DK_2,imbalance_price,Long,2026-08-11T19:14:45Z
2026-08-11T19:03:52Z,2026-08-11T21:03:52+0200,d65ae107-0026-470c-8885-f57b4d7803f4,2026-07-23T23:30:00Z,2026-07-24T01:30:00+0200,119.13,EUR/MWh,DK2,DK_2,imbalance_price,Short,2026-08-11T19:14:45Z
2026-08-11T19:03:52Z,2026-08-11T21:03:52+0200,d65ae107-0026-470c-8885-f57b4d7803f4,2026-07-23T23:45:00Z,2026-07-24T01:45:00+0200,129.12,EUR/MWh,DK2,DK_2,imbalance_price,Long,2026-08-11T19:14:45Z
2026-08-11T19:03:52Z,2026-08-11T21:03:52+0200,d65ae107-0026-470c-8885-f57b4d7803f4,2026-07-23T23:45:00Z,2026-07-24T01:45:00+0200,129.12,EUR/MWh,DK2,DK_2,imbalance_price,Short,2026-08-11T19:14:45Z
2026-08-11T19:03:52Z,2026-08-11T21:03:52+0200,d65ae107-0026-470c-8885-f57b4d7803f4,2026-07-24T00:00:00Z,2026-07-24T02:00:00+0200,128.0,EUR/MWh,DK2,DK_2,imbalance_price,Long,2026-08-11T19:14:45Z
2026-08-11T19:03:52Z,2026-08-11T21:03:52+0200,d65ae107-0026-470c-8885-f57b4d7803f4,2026-07-24T00:00:00Z,2026-07-24T02:00:00+0200,128.0,EUR/MWh,DK2,DK_2,imbalance_price,Short,2026-08-11T19:14:45Z
2026-08-11T19:03:52Z,2026-08-11T21:03:52+0200,d65ae107-0026-470c-8885-f57b4d7803f4,2026-07-24T00:15:00Z,2026-07-24T02:15:00+0200,151.7,EUR/MWh,DK2,DK_2,imbalance_price,Long,2026-08-11T19:14:45Z
2026-08-11T19:03:52Z,2026-08-11T21:03:52+0200,d65ae107-0026-470c-8885-f57b4d7803f4,2026-07-24T00:15:00Z,2026-07-24T02:15:00+0200,151.7,EUR/MWh,DK2,DK_2,imbalance_price,Short,2026-08-11T19:14:45Z
2026-08-11T19:03:52Z,2026-08-11T21:03:52+0200,d65ae107-0026-470c-8885-f57b4d7803f4,2026-07-24T00:30:00Z,2026-07-24T02:30:00+0200,334.5,EUR/MWh,DK2,DK_2,imbalance_price,Long,2026-08-11T19:14:45Z
2026-08-11T19:03:52Z,2026-08-11T21:03:52+0200,d65ae107-0026-470c-8885-f57b4d7803f4,2026-07-24T00:30:00Z,2026-07-24T02:30:00+0200,334.5,EUR/MWh,DK2,DK_2,imbalance_price,Short,2026-08-11T19:14:45Z
2026-08-11T19:03:52Z,2026-08-11T21:03:52+0200,d65ae107-0026-470c-8885-f57b4d7803f4,2026-07-24T00:45:00Z,2026-07-24T02:45:00+0200,149.16,EUR/MWh,DK2,DK_2,imbalance_price,Long,2026-08-11T19:14:45Z
2026-08-11T19:03:52Z,2026-08-11T21:03:52+0200,d65ae107-0026-470c-8885-f57b4d7803f4,2026-07-24T00:45:00Z,2026-07-24T02:45:00+0200,149.16,EUR/MWh,DK2,DK_2,imbalance_price,Short,2026-08-11T19:14:45Z
2026-08-11T19:03:52Z,2026-08-11T21:03:52+0200,d65ae107-0026-470c-8885-f57b4d7803f4,2026-07-24T01:00:00Z,2026-07-24T03:00:00+0200,153.55,EUR/MWh,DK2,DK_2,imbalance_price,Long,2026-08-11T19:14:45Z
2026-08-11T19:03:52Z,2026-08-11T21:03:52+0200,d65ae107-0026-470c-8885-f57b4d7803f4,2026-07-24T01:00:00Z,2026-07-24T03:00:00+0200,153.55,EUR/MWh,DK2,DK_2,imbalance_price,Short,2026-08-11T19:14:45Z
2026-08-11T19:03:52Z,2026-08-11T21:03:52+0200,d65ae107-0026-470c-8885-f57b4d7803f4,2026-07-24T01:15:00Z,2026-07-24T03:15:00+0200,144.67,EUR/MWh,DK2,DK_2,imbalance_price,Long,2026-08-11T19:14:45Z
2026-08-11T19:03:52Z,2026-08-11T21:03:52+0200,d65ae107-0026-470c-8885-f57b4d7803f4,2026-07-24T01:15:00Z,2026-07-24T03:15:00+0200,144.67,EUR/MWh,DK2,DK_2,imbalance_price,Short,2026-08-11T19:14:45Z
2026-08-11T19:03:52Z,2026-08-11T21:03:52+0200,d65ae107-0026-470c-8885-f57b4d7803f4,2026-07-24T01:30:00Z,2026-07-24T03:30:00+0200,267.6,EUR/MWh,DK2,DK_2,imbalance_price,Long,2026-08-11T19:14:45Z
2026-08-11T19:03:52Z,2026-08-11T21:03:52+0200,d65ae107-0026-470c-8885-f57b4d7803f4,2026-07-24T01:30:00Z,2026-07-24T03:30:00+0200,267.6,EUR/MWh,DK2,DK_2,imbalance_price,Short,2026-08-11T19:14:45Z
2026-08-11T19:03:52Z,2026-08-11T21:03:52+0200,d65ae107-0026-470c-8885-f57b4d7803f4,2026-07-24T01:45:00Z,2026-07-24T03:45:00+0200,267.6,EUR/MWh,DK2,DK_2,imbalance_price,Long,2026-08-11T19:14:45Z
2026-08-11T19:03:52Z,2026-08-11T21:03:52+0200,d65ae107-0026-470c-8885-f57b4d7803f4,2026-07-24T01:45:00Z,2026-07-24T03:45:00+0200,267.6,EUR/MWh,DK2,DK_2,imbalance_price,Short,2026-08-11T19:14:45Z
2026-08-11T19:03:52Z,2026-08-11T21:03:52+0200,d65ae107-0026-470c-8885-f57b4d7803f4,2026-07-24T02:00:00Z,2026-07-24T04:00:00+0200,233.37,EUR/MWh,DK2,DK_2,imbalance_price,Long,2026-08-11T19:14:45Z
2026-08-11T19:03:52Z,2026-08-11T21:03:52+0200,d65ae107-0026-470c-8885-f57b4d7803f4,2026-07-24T02:00:00Z,2026-07-24T04:00:00+0200,233.37,EUR/MWh,DK2,DK_2,imbalance_price,Short,2026-08-11T19:14:45Z
2026-08-11T19:03:52Z,2026-08-11T21:03:52+0200,d65ae107-0026-470c-8885-f57b4d7803f4,2026-07-24T02:15:00Z,2026-07-24T04:15:00+0200,210.0,EUR/MWh,DK2,DK_2,imbalance_price,Long,2026-08-11T19:14:45Z
2026-08-11T19:03:52Z,2026-08-11T21:03:52+0200,d65ae107-0026-470c-8885-f57b4d7803f4,2026-07-24T02:15:00Z,2026-07-24T04:15:00+0200,210.0,EUR/MWh,DK2,DK_2,imbalance_price,Short,2026-08-11T19:14:45Z
2026-08-11T19:03:52Z,2026-08-11T21:03:52+0200,d65ae107-0026-470c-8885-f57b4d7803f4,2026-07-24T02:30:00Z,2026-07-24T04:30:00+0200,146.17,EUR/MWh,DK2,DK_2,imbalance_price,Long,2026-08-11T19:14:45Z
2026-08-11T19:03:52Z,2026-08-11T21:03:52+0200,d65ae107-0026-470c-8885-f57b4d7803f4,2026-07-24T02:30:00Z,2026-07-24T04:30:00+0200,146.17,EUR/MWh,DK2,DK_2,imbalance_price,Short,2026-08-11T19:14:45Z
2026-08-11T19:03:52Z,2026-08-11T21:03:52+0200,d65ae107-0026-470c-8885-f57b4d7803f4,2026-07-24T02:45:00Z,2026-07-24T04:45:00+0200,153.62,EUR/MWh,DK2,DK_2,imbalance_price,Long,2026-08-11T19:14:45Z
2026-08-11T19:03:52Z,2026-08-11T21:03:52+0200,d65ae107-0026-470c-8885-f57b4d7803f4,2026-07-24T02:45:00Z,2026-07-24T04:45:00+0200,153.62,EUR/MWh,DK2,DK_2,imbalance_price,Short,2026-08-11T19:14:45Z
2026-08-11T19:03:52Z,2026-08-11T21:03:52+0200,d65ae107-0026-470c-8885-f57b4d7803f4,2026-07-24T03:00:00Z,2026-07-24T05:00:00+0200,152.42,EUR/MWh,DK2,DK_2,imbalance_price,Long,2026-08-11T19:14:45Z
2026-08-11T19:03:52Z,2026-08-11T21:03:52+0200,d65ae107-0026-470c-8885-f57b4d7803f4,2026-07-24T03:00:00Z,2026-07-24T05:00:00+0200,152.42,EUR/MWh,DK2,DK_2,imbalance_price,Short,2026-08-11T19:14:45Z
2026-08-11T19:03:52Z,2026-08-11T21:03:52+0200,d65ae107-0026-470c-8885-f57b4d7803f4,2026-07-24T03:15:00Z,2026-07-24T05:15:00+0200,85.06,EUR/MWh,DK2,DK_2,imbalance_price,Long,2026-08-11T19:14:45Z
2026-08-11T19:03:52Z,2026-08-11T21:03:52+0200,d65ae107-0026-470c-8885-f57b4d7803f4,2026-07-24T03:15:00Z,2026-07-24T05:15:00+0200,85.06,EUR/MWh,DK2,DK_2,imbalance_price,Short,2026-08-11T19:14:45Z
2026-08-11T19:03:52Z,2026-08-11T21:03:52+0200,d65ae107-0026-470c-8885-f57b4d7803f4,2026-07-24T03:30:00Z,2026-07-24T05:30:00+0200,35.19,EUR/MWh,DK2,DK_2,imbalance_price,Long,2026-08-11T19:14:45Z
2026-08-11T19:03:52Z,2026-08-11T21:03:52+0200,d65ae107-0026-470c-8885-f57b4d7803f4,2026-07-24T03:30:00Z,2026-07-24T05:30:00+0200,35.19,EUR/MWh,DK2,DK_2,imbalance_price,Short,2026-08-11T19:14:45Z
2026-08-11T19:03:52Z,2026-08-11T21:03:52+0200,d65ae107-0026-470c-8885-f57b4d7803f4,2026-07-24T03:45:00Z,2026-07-24T05:45:00+0200,96.02,EUR/MWh,DK2,DK_2,imbalance_price,Long,2026-08-11T19:14:45Z
2026-08-11T19:03:52Z,2026-08-11T21:03:52+0200,d65ae107-0026-470c-8885-f57b4d7803f4,2026-07-24T03:45:00Z,2026-07-24T05:45:00+0200,96.02,EUR/MWh,DK2,DK_2,imbalance_price,Short,2026-08-11T19:14:45Z
2026-08-11T19:03:52Z,2026-08-11T21:03:52+0200,d65ae107-0026-470c-8885-f57b4d7803f4,2026-07-24T04:00:00Z,2026-07-24T06:00:00+0200,110.3,EUR/MWh,DK2,DK_2,imbalance_price,Long,2026-08-11T19:14:45Z
2026-08-11T19:03:52Z,2026-08-11T21:03:52+0200,d65ae107-0026-470c-8885-f57b4d7803f4,2026-07-24T04:00:00Z,2026-07-24T06:00:00+0200,110.3,EUR/MWh,DK2,DK_2,imbalance_price,Short,2026-08-11T19:14:45Z
2026-08-11T19:03:52Z,2026-08-11T21:03:52+0200,d65ae107-0026-470c-8885-f57b4d7803f4,2026-07-24T04:15:00Z,2026-07-24T06:15:00+0200,102.33,EUR/MWh,DK2,DK_2,imbalance_price,Long,2026-08-11T19:14:45Z
2026-08-11T19:03:52Z,2026-08-11T21:03:52+0200,d65ae107-0026-470c-8885-f57b4d7803f4,2026-07-24T04:15:00Z,2026-07-24T06:15:00+0200,102.33,EUR/MWh,DK2,DK_2,imbalance_price,Short,2026-08-11T19:14:45Z
2026-08-11T19:03:52Z,2026-08-11T21:03:52+0200,d65ae107-0026-470c-8885-f57b4d7803f4,2026-07-24T04:30:00Z,2026-07-24T06:30:00+0200,100.29,EUR/MWh,DK2,DK_2,imbalance_price,Long,2026-08-11T19:14:45Z
2026-08-11T19:03:52Z,2026-08-11T21:03:52+0200,d65ae107-0026-470c-8885-f57b4d7803f4,2026-07-24T04:30:00Z,2026-07-24T06:30:00+0200,100.29,EUR/MWh,DK2,DK_2,imbalance_price,Short,2026-08-11T19:14:45Z
2026-08-11T19:03:52Z,2026-08-11T21:03:52+0200,d65ae107-0026-470c-8885-f57b4d7803f4,2026-07-24T04:45:00Z,2026-07-24T06:45:00+0200,120.35,EUR/MWh,DK2,DK_2,imbalance_price,Long,2026-08-11T19:14:45Z
2026-08-11T19:03:52Z,2026-08-11T21:03:52+0200,d65ae107-0026-470c-8885-f57b4d7803f4,2026-07-24T04:45:00Z,2026-07-24T06:45:00+0200,120.35,EUR/MWh,DK2,DK_2,imbalance_price,Short,2026-08-11T19:14:45Z
2026-08-11T19:03:52Z,2026-08-11T21:03:52+0200,d65ae107-0026-470c-8885-f57b4d7803f4,2026-07-24T05:00:00Z,2026-07-24T07:00:00+0200,108.96,EUR/MWh,DK2,DK_2,imbalance_price,Long,2026-08-11T19:14:45Z
2026-08-11T19:03:52Z,2026-08-11T21:03:52+0200,d65ae107-0026-470c-8885-f57b4d7803f4,2026-07-24T05:00:00Z,2026-07-24T07:00:00+0200,108.96,EUR/MWh,DK2,DK_2,imbalance_price,Short,2026-08-11T19:14:45Z
2026-08-11T19:03:52Z,2026-08-11T21:03:52+0200,d65ae107-0026-470c-8885-f57b4d7803f4,2026-07-24T05:15:00Z,2026-07-24T07:15:00+0200,103.51,EUR/MWh,DK2,DK_2,imbalance_price,Long,2026-08-11T19:14:45Z
2026-08-11T19:03:52Z,2026-08-11T21:03:52+0200,d65ae107-0026-470c-8885-f57b4d7803f4,2026-07-24T05:15:00Z,2026-07-24T07:15:00+0200,103.51,EUR/MWh,DK2,DK_2,imbalance_price,Short,2026-08-11T19:14:45Z
2026-08-11T19:03:52Z,2026-08-11T21:03:52+0200,d65ae107-0026-470c-8885-f57b4d7803f4,2026-07-24T05:30:00Z,2026-07-24T07:30:00+0200,108.56,EUR/MWh,DK2,DK_2,imbalance_price,Long,2026-08-11T19:14:45Z
2026-08-11T19:03:52Z,2026-08-11T21:03:52+0200,d65ae107-0026-470c-8885-f57b4d7803f4,2026-07-24T05:30:00Z,2026-07-24T07:30:00+0200,108.56,EUR/MWh,DK2,DK_2,imbalance_price,Short,2026-08-11T19:14:45Z
2026-08-11T19:03:52Z,2026-08-11T21:03:52+0200,d65ae107-0026-470c-8885-f57b4d7803f4,2026-07-24T05:45:00Z,2026-07-24T07:45:00+0200,152.0,EUR/MWh,DK2,DK_2,imbalance_price,Long,2026-08-11T19:14:45Z
2026-08-11T19:03:52Z,2026-08-11T21:03:52+0200,d65ae107-0026-470c-8885-f57b4d7803f4,2026-07-24T05:45:00Z,2026-07-24T07:45:00+0200,152.0,EUR/MWh,DK2,DK_2,imbalance_price,Short,2026-08-11T19:14:45Z
2026-08-11T19:03:52Z,2026-08-11T21:03:52+0200,d65ae107-0026-470c-8885-f57b4d7803f4,2026-07-24T06:00:00Z,2026-07-24T08:00:00+0200,78.46,EUR/MWh,DK2,DK_2,imbalance_price,Long,2026-08-11T19:14:45Z
2026-08-11T19:03:52Z,2026-08-11T21:03:52+0200,d65ae107-0026-470c-8885-f57b4d7803f4,2026-07-24T06:00:00Z,2026-07-24T08:00:00+0200,78.46,EUR/MWh,DK2,DK_2,imbalance_price,Short,2026-08-11T19:14:45Z
2026-08-11T19:03:52Z,2026-08-11T21:03:52+0200,d65ae107-0026-470c-8885-f57b4d7803f4,2026-07-24T06:15:00Z,2026-07-24T08:15:00+0200,100.3,EUR/MWh,DK2,DK_2,imbalance_price,Long,2026-08-11T19:14:45Z
2026-08-11T19:03:52Z,2026-08-11T21:03:52+0200,d65ae107-0026-470c-8885-f57b4d7803f4,2026-07-24T06:15:00Z,2026-07-24T08:15:00+0200,100.3,EUR/MWh,DK2,DK_2,imbalance_price,Short,2026-08-11T19:14:45Z
2026-08-11T19:03:52Z,2026-08-11T21:03:52+0200,d65ae107-0026-470c-8885-f57b4d7803f4,2026-07-24T06:30:00Z,2026-07-24T08:30:00+0200,100.23,EUR/MWh,DK2,DK_2,imbalance_price,Long,2026-08-11T19:14:45Z
2026-08-11T19:03:52Z,2026-08-11T21:03:52+0200,d65ae107-0026-470c-8885-f57b4d7803f4,2026-07-24T06:30:00Z,2026-07-24T08:30:00+0200,100.23,EUR/MWh,DK2,DK_2,imbalance_price,Short,2026-08-11T19:14:45Z
2026-08-11T19:03:52Z,2026-08-11T21:03:52+0200,d65ae107-0026-470c-8885-f57b4d7803f4,2026-07-24T06:45:00Z,2026-07-24T08:45:00+0200,83.1,EUR/MWh,DK2,DK_2,imbalance_price,Long,2026-08-11T19:14:45Z
2026-08-11T19:03:52Z,2026-08-11T21:03:52+0200,d65ae107-0026-470c-8885-f57b4d7803f4,2026-07-24T06:45:00Z,2026-07-24T08:45:00+0200,83.1,EUR/MWh,DK2,DK_2,imbalance_price,Short,2026-08-11T19:14:45Z
2026-08-11T19:03:52Z,2026-08-11T21:03:52+0200,d65ae107-0026-470c-8885-f57b4d7803f4,2026-07-24T07:00:00Z,2026-07-24T09:00:00+0200,91.51,EUR/MWh,DK2,DK_2,imbalance_price,Long,2026-08-11T19:14:45Z
2026-08-11T19:03:52Z,2026-08-11T21:03:52+0200,d65ae107-0026-470c-8885-f57b4d7803f4,2026-07-24T07:00:00Z,2026-07-24T09:00:00+0200,91.51,EUR/MWh,DK2,DK_2,imbalance_price,Short,2026-08-11T19:14:45Z
2026-08-11T19:03:52Z,2026-08-11T21:03:52+0200,d65ae107-0026-470c-8885-f57b4d7803f4,2026-07-24T07:15:00Z,2026-07-24T09:15:00+0200,57.07,EUR/MWh,DK2,DK_2,imbalance_price,Long,2026-08-11T19:14:45Z
2026-08-11T19:03:52Z,2026-08-11T21:03:52+0200,d65ae107-0026-470c-8885-f57b4d7803f4,2026-07-24T07:15:00Z,2026-07-24T09:15:00+0200,57.07,EUR/MWh,DK2,DK_2,imbalance_price,Short,2026-08-11T19:14:45Z
2026-08-11T19:03:52Z,2026-08-11T21:03:52+0200,d65ae107-0026-470c-8885-f57b4d7803f4,2026-07-24T07:30:00Z,2026-07-24T09:30:00+0200,60.35,EUR/MWh,DK2,DK_2,imbalance_price,Long,2026-08-11T19:14:45Z
2026-08-11T19:03:52Z,2026-08-11T21:03:52+0200,d65ae107-0026-470c-8885-f57b4d7803f4,2026-07-24T07:30:00Z,2026-07-24T09:30:00+0200,60.35,EUR/MWh,DK2,DK_2,imbalance_price,Short,2026-08-11T19:14:45Z
2026-08-11T19:03:52Z,2026-08-11T21:03:52+0200,d65ae107-0026-470c-8885-f57b4d7803f4,2026-07-24T07:45:00Z,2026-07-24T09:45:00+0200,57.87,EUR/MWh,DK2,DK_2,imbalance_price,Long,2026-08-11T19:14:45Z
2026-08-11T19:03:52Z,2026-08-11T21:03:52+0200,d65ae107-0026-470c-8885-f57b4d7803f4,2026-07-24T07:45:00Z,2026-07-24T09:45:00+0200,57.87,EUR/MWh,DK2,DK_2,imbalance_price,Short,2026-08-11T19:14:45Z
2026-08-11T19:03:52Z,2026-08-11T21:03:52+0200,d65ae107-0026-470c-8885-f57b4d7803f4,2026-07-24T08:00:00Z,2026-07-24T10:00:00+0200,46.83,EUR/MWh,DK2,DK_2,imbalance_price,Long,2026-08-11T19:14:45Z
2026-08-11T19:03:52Z,2026-08-11T21:03:52+0200,d65ae107-0026-470c-8885-f57b4d7803f4,2026-07-24T08:00:00Z,2026-07-24T10:00:00+0200,46.83,EUR/MWh,DK2,DK_2,imbalance_price,Short,2026-08-11T19:14:45Z
2026-08-11T19:03:52Z,2026-08-11T21:03:52+0200,d65ae107-0026-470c-8885-f57b4d7803f4,2026-07-24T08:15:00Z,2026-07-24T10:15:00+0200,107.14,EUR/MWh,DK2,DK_2,imbalance_price,Long,2026-08-11T19:14:45Z
2026-08-11T19:03:52Z,2026-08-11T21:03:52+0200,d65ae107-0026-470c-8885-f57b4d7803f4,2026-07-24T08:15:00Z,2026-07-24T10:15:00+0200,107.14,EUR/MWh,DK2,DK_2,imbalance_price,Short,2026-08-11T19:14:45Z
2026-08-11T19:03:52Z,2026-08-11T21:03:52+0200,d65ae107-0026-470c-8885-f57b4d7803f4,2026-07-24T08:30:00Z,2026-07-24T10:30:00+0200,200.66,EUR/MWh,DK2,DK_2,imbalance_price,Long,2026-08-11T19:14:45Z
2026-08-11T19:03:52Z,2026-08-11T21:03:52+0200,d65ae107-0026-470c-8885-f57b4d7803f4,2026-07-24T08:30:00Z,2026-07-24T10:30:00+0200,200.66,EUR/MWh,DK2,DK_2,imbalance_price,Short,2026-08-11T19:14:45Z
2026-08-11T19:03:52Z,2026-08-11T21:03:52+0200,d65ae107-0026-470c-8885-f57b4d7803f4,2026-07-24T08:45:00Z,2026-07-24T10:45:00+0200,334.44,EUR/MWh,DK2,DK_2,imbalance_price,Long,2026-08-11T19:14:45Z
2026-08-11T19:03:52Z,2026-08-11T21:03:52+0200,d65ae107-0026-470c-8885-f57b4d7803f4,2026-07-24T08:45:00Z,2026-07-24T10:45:00+0200,334.44,EUR/MWh,DK2,DK_2,imbalance_price,Short,2026-08-11T19:14:45Z
2026-08-11T19:03:52Z,2026-08-11T21:03:52+0200,d65ae107-0026-470c-8885-f57b4d7803f4,2026-07-24T09:00:00Z,2026-07-24T11:00:00+0200,149.29,EUR/MWh,DK2,DK_2,imbalance_price,Long,2026-08-11T19:14:45Z
2026-08-11T19:03:52Z,2026-08-11T21:03:52+0200,d65ae107-0026-470c-8885-f57b4d7803f4,2026-07-24T09:00:00Z,2026-07-24T11:00:00+0200,149.29,EUR/MWh,DK2,DK_2,imbalance_price,Short,2026-08-11T19:14:45Z
2026-08-11T19:03:52Z,2026-08-11T21:03:52+0200,d65ae107-0026-470c-8885-f57b4d7803f4,2026-07-24T09:15:00Z,2026-07-24T11:15:00+0200,140.35,EUR/MWh,DK2,DK_2,imbalance_price,Long,2026-08-11T19:14:45Z
2026-08-11T19:03:52Z,2026-08-11T21:03:52+0200,d65ae107-0026-470c-8885-f57b4d7803f4,2026-07-24T09:15:00Z,2026-07-24T11:15:00+0200,140.35,EUR/MWh,DK2,DK_2,imbalance_price,Short,2026-08-11T19:14:45Z
2026-08-11T19:03:52Z,2026-08-11T21:03:52+0200,d65ae107-0026-470c-8885-f57b4d7803f4,2026-07-24T09:30:00Z,2026-07-24T11:30:00+0200,75.71,EUR/MWh,DK2,DK_2,imbalance_price,Long,2026-08-11T19:14:45Z
2026-08-11T19:03:52Z,2026-08-11T21:03:52+0200,d65ae107-0026-470c-8885-f57b4d7803f4,2026-07-24T09:30:00Z,2026-07-24T11:30:00+0200,75.71,EUR/MWh,DK2,DK_2,imbalance_price,Short,2026-08-11T19:14:45Z
2026-08-11T19:03:52Z,2026-08-11T21:03:52+0200,d65ae107-0026-470c-8885-f57b4d7803f4,2026-07-24T09:45:00Z,2026-07-24T11:45:00+0200,26.96,EUR/MWh,DK2,DK_2,imbalance_price,Long,2026-08-11T19:14:45Z
2026-08-11T19:03:52Z,2026-08-11T21:03:52+0200,d65ae107-0026-470c-8885-f57b4d7803f4,2026-07-24T09:45:00Z,2026-07-24T11:45:00+0200,26.96,EUR/MWh,DK2,DK_2,imbalance_price,Short,2026-08-11T19:14:45Z
2026-08-11T19:03:52Z,2026-08-11T21:03:52+0200,d65ae107-0026-470c-8885-f57b4d7803f4,2026-07-24T10:00:00Z,2026-07-24T12:00:00+0200,25.48,EUR/MWh,DK2,DK_2,imbalance_price,Long,2026-08-11T19:14:45Z
2026-08-11T19:03:52Z,2026-08-11T21:03:52+0200,d65ae107-0026-470c-8885-f57b4d7803f4,2026-07-24T10:00:00Z,2026-07-24T12:00:00+0200,25.48,EUR/MWh,DK2,DK_2,imbalance_price,Short,2026-08-11T19:14:45Z
2026-08-11T19:03:52Z,2026-08-11T21:03:52+0200,d65ae107-0026-470c-8885-f57b4d7803f4,2026-07-24T10:15:00Z,2026-07-24T12:15:00+0200,26.8,EUR/MWh,DK2,DK_2,imbalance_price,Long,2026-08-11T19:14:45Z
2026-08-11T19:03:52Z,2026-08-11T21:03:52+0200,d65ae107-0026-470c-8885-f57b4d7803f4,2026-07-24T10:15:00Z,2026-07-24T12:15:00+0200,26.8,EUR/MWh,DK2,DK_2,imbalance_price,Short,2026-08-11T19:14:45Z
2026-08-11T19:03:52Z,2026-08-11T21:03:52+0200,d65ae107-0026-470c-8885-f57b4d7803f4,2026-07-24T10:30:00Z,2026-07-24T12:30:00+0200,-13.39,EUR/MWh,DK2,DK_2,imbalance_price,Long,2026-08-11T19:14:45Z
2026-08-11T19:03:52Z,2026-08-11T21:03:52+0200,d65ae107-0026-470c-8885-f57b4d7803f4,2026-07-24T10:30:00Z,2026-07-24T12:30:00+0200,-13.39,EUR/MWh,DK2,DK_2,imbalance_price,Short,2026-08-11T19:14:45Z
2026-08-11T19:03:52Z,2026-08-11T21:03:52+0200,d65ae107-0026-470c-8885-f57b4d7803f4,2026-07-24T10:45:00Z,2026-07-24T12:45:00+0200,-60.0,EUR/MWh,DK2,DK_2,imbalance_price,Long,2026-08-11T19:14:45Z
2026-08-11T19:03:52Z,2026-08-11T21:03:52+0200,d65ae107-0026-470c-8885-f57b4d7803f4,2026-07-24T10:45:00Z,2026-07-24T12:45:00+0200,-60.0,EUR/MWh,DK2,DK_2,imbalance_price,Short,2026-08-11T19:14:45Z
2026-08-11T19:03:52Z,2026-08-11T21:03:52+0200,d65ae107-0026-470c-8885-f57b4d7803f4,2026-07-24T11:00:00Z,2026-07-24T13:00:00+0200,-9.19,EUR/MWh,DK2,DK_2,imbalance_price,Long,2026-08-11T19:14:45Z
2026-08-11T19:03:52Z,2026-08-11T21:03:52+0200,d65ae107-0026-470c-8885-f57b4d7803f4,2026-07-24T11:00:00Z,2026-07-24T13:00:00+0200,-9.19,EUR/MWh,DK2,DK_2,imbalance_price,Short,2026-08-11T19:14:45Z
2026-08-11T19:03:52Z,2026-08-11T21:03:52+0200,d65ae107-0026-470c-8885-f57b4d7803f4,2026-07-24T11:15:00Z,2026-07-24T13:15:00+0200,-14.09,EUR/MWh,DK2,DK_2,imbalance_price,Long,2026-08-11T19:14:45Z
2026-08-11T19:03:52Z,2026-08-11T21:03:52+0200,d65ae107-0026-470c-8885-f57b4d7803f4,2026-07-24T11:15:00Z,2026-07-24T13:15:00+0200,-14.09,EUR/MWh,DK2,DK_2,imbalance_price,Short,2026-08-11T19:14:45Z
2026-08-11T19:03:52Z,2026-08-11T21:03:52+0200,d65ae107-0026-470c-8885-f57b4d7803f4,2026-07-24T11:30:00Z,2026-07-24T13:30:00+0200,-6.69,EUR/MWh,DK2,DK_2,imbalance_price,Long,2026-08-11T19:14:45Z
2026-08-11T19:03:52Z,2026-08-11T21:03:52+0200,d65ae107-0026-470c-8885-f57b4d7803f4,2026-07-24T11:30:00Z,2026-07-24T13:30:00+0200,-6.69,EUR/MWh,DK2,DK_2,imbalance_price,Short,2026-08-11T19:14:45Z
2026-08-11T19:03:52Z,2026-08-11T21:03:52+0200,d65ae107-0026-470c-8885-f57b4d7803f4,2026-07-24T11:45:00Z,2026-07-24T13:45:00+0200,-6.69,EUR/MWh,DK2,DK_2,imbalance_price,Long,2026-08-11T19:14:45Z
2026-08-11T19:03:52Z,2026-08-11T21:03:52+0200,d65ae107-0026-470c-8885-f57b4d7803f4,2026-07-24T11:45:00Z,2026-07-24T13:45:00+0200,-6.69,EUR/MWh,DK2,DK_2,imbalance_price,Short,2026-08-11T19:14:45Z
2026-08-11T19:03:52Z,2026-08-11T21:03:52+0200,d65ae107-0026-470c-8885-f57b4d7803f4,2026-07-24T12:00:00Z,2026-07-24T14:00:00+0200,-6.69,EUR/MWh,DK2,DK_2,imbalance_price,Long,2026-08-11T19:14:45Z
2026-08-11T19:03:52Z,2026-08-11T21:03:52+0200,d65ae107-0026-470c-8885-f57b4d7803f4,2026-07-24T12:00:00Z,2026-07-24T14:00:00+0200,-6.69,EUR/MWh,DK2,DK_2,imbalance_price,Short,2026-08-11T19:14:45Z
2026-08-11T19:03:52Z,2026-08-11T21:03:52+0200,d65ae107-0026-470c-8885-f57b4d7803f4,2026-07-24T12:15:00Z,2026-07-24T14:15:00+0200,6.62,EUR/MWh,DK2,DK_2,imbalance_price,Long,2026-08-11T19:14:45Z
2026-08-11T19:03:52Z,2026-08-11T21:03:52+0200,d65ae107-0026-470c-8885-f57b4d7803f4,2026-07-24T12:15:00Z,2026-07-24T14:15:00+0200,6.62,EUR/MWh,DK2,DK_2,imbalance_price,Short,2026-08-11T19:14:45Z
2026-08-11T19:03:52Z,2026-08-11T21:03:52+0200,d65ae107-0026-470c-8885-f57b4d7803f4,2026-07-24T12:30:00Z,2026-07-24T14:30:00+0200,42.32,EUR/MWh,DK2,DK_2,imbalance_price,Long,2026-08-11T19:14:45Z
2026-08-11T19:03:52Z,2026-08-11T21:03:52+0200,d65ae107-0026-470c-8885-f57b4d7803f4,2026-07-24T12:30:00Z,2026-07-24T14:30:00+0200,42.32,EUR/MWh,DK2,DK_2,imbalance_price,Short,2026-08-11T19:14:45Z
2026-08-11T19:03:52Z,2026-08-11T21:03:52+0200,d65ae107-0026-470c-8885-f57b4d7803f4,2026-07-24T12:45:00Z,2026-07-24T14:45:00+0200,10.65,EUR/MWh,DK2,DK_2,imbalance_price,Long,2026-08-11T19:14:45Z
2026-08-11T19:03:52Z,2026-08-11T21:03:52+0200,d65ae107-0026-470c-8885-f57b4d7803f4,2026-07-24T12:45:00Z,2026-07-24T14:45:00+0200,10.65,EUR/MWh,DK2,DK_2,imbalance_price,Short,2026-08-11T19:14:45Z
2026-08-11T19:03:52Z,2026-08-11T21:03:52+0200,d65ae107-0026-470c-8885-f57b4d7803f4,2026-07-24T13:00:00Z,2026-07-24T15:00:00+0200,10.0,EUR/MWh,DK2,DK_2,imbalance_price,Long,2026-08-11T19:14:45Z
2026-08-11T19:03:52Z,2026-08-11T21:03:52+0200,d65ae107-0026-470c-8885-f57b4d7803f4,2026-07-24T13:00:00Z,2026-07-24T15:00:00+0200,10.0,EUR/MWh,DK2,DK_2,imbalance_price,Short,2026-08-11T19:14:45Z
2026-08-11T19:03:52Z,2026-08-11T21:03:52+0200,d65ae107-0026-470c-8885-f57b4d7803f4,2026-07-24T13:15:00Z,2026-07-24T15:15:00+0200,7.35,EUR/MWh,DK2,DK_2,imbalance_price,Long,2026-08-11T19:14:45Z
2026-08-11T19:03:52Z,2026-08-11T21:03:52+0200,d65ae107-0026-470c-8885-f57b4d7803f4,2026-07-24T13:15:00Z,2026-07-24T15:15:00+0200,7.35,EUR/MWh,DK2,DK_2,imbalance_price,Short,2026-08-11T19:14:45Z
2026-08-11T19:03:52Z,2026-08-11T21:03:52+0200,d65ae107-0026-470c-8885-f57b4d7803f4,2026-07-24T13:30:00Z,2026-07-24T15:30:00+0200,-3.3,EUR/MWh,DK2,DK_2,imbalance_price,Long,2026-08-11T19:14:45Z
2026-08-11T19:03:52Z,2026-08-11T21:03:52+0200,d65ae107-0026-470c-8885-f57b4d7803f4,2026-07-24T13:30:00Z,2026-07-24T15:30:00+0200,-3.3,EUR/MWh,DK2,DK_2,imbalance_price,Short,2026-08-11T19:14:45Z
2026-08-11T19:03:52Z,2026-08-11T21:03:52+0200,d65ae107-0026-470c-8885-f57b4d7803f4,2026-07-24T13:45:00Z,2026-07-24T15:45:00+0200,0.0,EUR/MWh,DK2,DK_2,imbalance_price,Long,2026-08-11T19:14:45Z
2026-08-11T19:03:52Z,2026-08-11T21:03:52+0200,d65ae107-0026-470c-8885-f57b4d7803f4,2026-07-24T13:45:00Z,2026-07-24T15:45:00+0200,0.0,EUR/MWh,DK2,DK_2,imbalance_price,Short,2026-08-11T19:14:45Z
2026-08-11T19:03:52Z,2026-08-11T21:03:52+0200,d65ae107-0026-470c-8885-f57b4d7803f4,2026-07-24T14:00:00Z,2026-07-24T16:00:00+0200,-9.27,EUR/MWh,DK2,DK_2,imbalance_price,Long,2026-08-11T19:14:45Z
2026-08-11T19:03:52Z,2026-08-11T21:03:52+0200,d65ae107-0026-470c-8885-f57b4d7803f4,2026-07-24T14:00:00Z,2026-07-24T16:00:00+0200,-9.27,EUR/MWh,DK2,DK_2,imbalance_price,Short,2026-08-11T19:14:45Z
2026-08-11T19:03:52Z,2026-08-11T21:03:52+0200,d65ae107-0026-470c-8885-f57b4d7803f4,2026-07-24T14:15:00Z,2026-07-24T16:15:00+0200,0.0,EUR/MWh,DK2,DK_2,imbalance_price,Long,2026-08-11T19:14:45Z
2026-08-11T19:03:52Z,2026-08-11T21:03:52+0200,d65ae107-0026-470c-8885-f57b4d7803f4,2026-07-24T14:15:00Z,2026-07-24T16:15:00+0200,0.0,EUR/MWh,DK2,DK_2,imbalance_price,Short,2026-08-11T19:14:45Z
2026-08-11T19:03:52Z,2026-08-11T21:03:52+0200,d65ae107-0026-470c-8885-f57b4d7803f4,2026-07-24T14:30:00Z,2026-07-24T16:30:00+0200,81.9,EUR/MWh,DK2,DK_2,imbalance_price,Long,2026-08-11T19:14:45Z
2026-08-11T19:03:52Z,2026-08-11T21:03:52+0200,d65ae107-0026-470c-8885-f57b4d7803f4,2026-07-24T14:30:00Z,2026-07-24T16:30:00+0200,81.9,EUR/MWh,DK2,DK_2,imbalance_price,Short,2026-08-11T19:14:45Z
2026-08-11T19:03:52Z,2026-08-11T21:03:52+0200,d65ae107-0026-470c-8885-f57b4d7803f4,2026-07-24T14:45:00Z,2026-07-24T16:45:00+0200,317.78,EUR/MWh,DK2,DK_2,imbalance_price,Long,2026-08-11T19:14:45Z
2026-08-11T19:03:52Z,2026-08-11T21:03:52+0200,d65ae107-0026-470c-8885-f57b4d7803f4,2026-07-24T14:45:00Z,2026-07-24T16:45:00+0200,317.78,EUR/MWh,DK2,DK_2,imbalance_price,Short,2026-08-11T19:14:45Z
2026-08-11T19:03:52Z,2026-08-11T21:03:52+0200,d65ae107-0026-470c-8885-f57b4d7803f4,2026-07-24T15:00:00Z,2026-07-24T17:00:00+0200,735.76,EUR/MWh,DK2,DK_2,imbalance_price,Long,2026-08-11T19:14:45Z
2026-08-11T19:03:52Z,2026-08-11T21:03:52+0200,d65ae107-0026-470c-8885-f57b4d7803f4,2026-07-24T15:00:00Z,2026-07-24T17:00:00+0200,735.76,EUR/MWh,DK2,DK_2,imbalance_price,Short,2026-08-11T19:14:45Z
2026-08-11T19:03:52Z,2026-08-11T21:03:52+0200,d65ae107-0026-470c-8885-f57b4d7803f4,2026-07-24T15:15:00Z,2026-07-24T17:15:00+0200,334.44,EUR/MWh,DK2,DK_2,imbalance_price,Long,2026-08-11T19:14:45Z
2026-08-11T19:03:52Z,2026-08-11T21:03:52+0200,d65ae107-0026-470c-8885-f57b4d7803f4,2026-07-24T15:15:00Z,2026-07-24T17:15:00+0200,334.44,EUR/MWh,DK2,DK_2,imbalance_price,Short,2026-08-11T19:14:45Z
2026-08-11T19:03:52Z,2026-08-11T21:03:52+0200,d65ae107-0026-470c-8885-f57b4d7803f4,2026-07-24T15:30:00Z,2026-07-24T17:30:00+0200,126.22,EUR/MWh,DK2,DK_2,imbalance_price,Long,2026-08-11T19:14:45Z
2026-08-11T19:03:52Z,2026-08-11T21:03:52+0200,d65ae107-0026-470c-8885-f57b4d7803f4,2026-07-24T15:30:00Z,2026-07-24T17:30:00+0200,126.22,EUR/MWh,DK2,DK_2,imbalance_price,Short,2026-08-11T19:14:45Z
2026-08-11T19:03:52Z,2026-08-11T21:03:52+0200,d65ae107-0026-470c-8885-f57b4d7803f4,2026-07-24T15:45:00Z,2026-07-24T17:45:00+0200,140.15,EUR/MWh,DK2,DK_2,imbalance_price,Long,2026-08-11T19:14:45Z
2026-08-11T19:03:52Z,2026-08-11T21:03:52+0200,d65ae107-0026-470c-8885-f57b4d7803f4,2026-07-24T15:45:00Z,2026-07-24T17:45:00+0200,140.15,EUR/MWh,DK2,DK_2,imbalance_price,Short,2026-08-11T19:14:45Z
2026-08-11T19:03:52Z,2026-08-11T21:03:52+0200,d65ae107-0026-470c-8885-f57b4d7803f4,2026-07-24T16:00:00Z,2026-07-24T18:00:00+0200,35.11,EUR/MWh,DK2,DK_2,imbalance_price,Long,2026-08-11T19:14:45Z
2026-08-11T19:03:52Z,2026-08-11T21:03:52+0200,d65ae107-0026-470c-8885-f57b4d7803f4,2026-07-24T16:00:00Z,2026-07-24T18:00:00+0200,35.11,EUR/MWh,DK2,DK_2,imbalance_price,Short,2026-08-11T19:14:45Z
2026-08-11T19:03:52Z,2026-08-11T21:03:52+0200,d65ae107-0026-470c-8885-f57b4d7803f4,2026-07-24T16:15:00Z,2026-07-24T18:15:00+0200,147.38,EUR/MWh,DK2,DK_2,imbalance_price,Long,2026-08-11T19:14:45Z
2026-08-11T19:03:52Z,2026-08-11T21:03:52+0200,d65ae107-0026-470c-8885-f57b4d7803f4,2026-07-24T16:15:00Z,2026-07-24T18:15:00+0200,147.38,EUR/MWh,DK2,DK_2,imbalance_price,Short,2026-08-11T19:14:45Z
2026-08-11T19:03:52Z,2026-08-11T21:03:52+0200,d65ae107-0026-470c-8885-f57b4d7803f4,2026-07-24T16:30:00Z,2026-07-24T18:30:00+0200,161.05,EUR/MWh,DK2,DK_2,imbalance_price,Long,2026-08-11T19:14:45Z
2026-08-11T19:03:52Z,2026-08-11T21:03:52+0200,d65ae107-0026-470c-8885-f57b4d7803f4,2026-07-24T16:30:00Z,2026-07-24T18:30:00+0200,161.05,EUR/MWh,DK2,DK_2,imbalance_price,Short,2026-08-11T19:14:45Z
2026-08-11T19:03:52Z,2026-08-11T21:03:52+0200,d65ae107-0026-470c-8885-f57b4d7803f4,2026-07-24T16:45:00Z,2026-07-24T18:45:00+0200,75.15,EUR/MWh,DK2,DK_2,imbalance_price,Long,2026-08-11T19:14:45Z
2026-08-11T19:03:52Z,2026-08-11T21:03:52+0200,d65ae107-0026-470c-8885-f57b4d7803f4,2026-07-24T16:45:00Z,2026-07-24T18:45:00+0200,75.15,EUR/MWh,DK2,DK_2,imbalance_price,Short,2026-08-11T19:14:45Z
2026-08-11T19:03:52Z,2026-08-11T21:03:52+0200,d65ae107-0026-470c-8885-f57b4d7803f4,2026-07-24T17:00:00Z,2026-07-24T19:00:00+0200,334.5,EUR/MWh,DK2,DK_2,imbalance_price,Long,2026-08-11T19:14:45Z
2026-08-11T19:03:52Z,2026-08-11T21:03:52+0200,d65ae107-0026-470c-8885-f57b4d7803f4,2026-07-24T17:00:00Z,2026-07-24T19:00:00+0200,334.5,EUR/MWh,DK2,DK_2,imbalance_price,Short,2026-08-11T19:14:45Z
2026-08-11T19:03:52Z,2026-08-11T21:03:52+0200,d65ae107-0026-470c-8885-f57b4d7803f4,2026-07-24T17:15:00Z,2026-07-24T19:15:00+0200,334.5,EUR/MWh,DK2,DK_2,imbalance_price,Long,2026-08-11T19:14:45Z
2026-08-11T19:03:52Z,2026-08-11T21:03:52+0200,d65ae107-0026-470c-8885-f57b4d7803f4,2026-07-24T17:15:00Z,2026-07-24T19:15:00+0200,334.5,EUR/MWh,DK2,DK_2,imbalance_price,Short,2026-08-11T19:14:45Z
2026-08-11T19:03:52Z,2026-08-11T21:03:52+0200,d65ae107-0026-470c-8885-f57b4d7803f4,2026-07-24T17:30:00Z,2026-07-24T19:30:00+0200,735.76,EUR/MWh,DK2,DK_2,imbalance_price,Long,2026-08-11T19:14:45Z
2026-08-11T19:03:52Z,2026-08-11T21:03:52+0200,d65ae107-0026-470c-8885-f57b4d7803f4,2026-07-24T17:30:00Z,2026-07-24T19:30:00+0200,735.76,EUR/MWh,DK2,DK_2,imbalance_price,Short,2026-08-11T19:14:45Z
2026-08-11T19:03:52Z,2026-08-11T21:03:52+0200,d65ae107-0026-470c-8885-f57b4d7803f4,2026-07-24T17:45:00Z,2026-07-24T19:45:00+0200,735.76,EUR/MWh,DK2,DK_2,imbalance_price,Long,2026-08-11T19:14:45Z
2026-08-11T19:03:52Z,2026-08-11T21:03:52+0200,d65ae107-0026-470c-8885-f57b4d7803f4,2026-07-24T17:45:00Z,2026-07-24T19:45:00+0200,735.76,EUR/MWh,DK2,DK_2,imbalance_price,Short,2026-08-11T19:14:45Z
2026-08-11T19:03:52Z,2026-08-11T21:03:52+0200,d65ae107-0026-470c-8885-f57b4d7803f4,2026-07-24T18:00:00Z,2026-07-24T20:00:00+0200,908.27,EUR/MWh,DK2,DK_2,imbalance_price,Long,2026-08-11T19:14:45Z
2026-08-11T19:03:52Z,2026-08-11T21:03:52+0200,d65ae107-0026-470c-8885-f57b4d7803f4,2026-07-24T18:00:00Z,2026-07-24T20:00:00+0200,908.27,EUR/MWh,DK2,DK_2,imbalance_price,Short,2026-08-11T19:14:45Z
2026-08-11T19:03:52Z,2026-08-11T21:03:52+0200,d65ae107-0026-470c-8885-f57b4d7803f4,2026-07-24T18:15:00Z,2026-07-24T20:15:00+0200,194.44,EUR/MWh,DK2,DK_2,imbalance_price,Long,2026-08-11T19:14:45Z
2026-08-11T19:03:52Z,2026-08-11T21:03:52+0200,d65ae107-0026-470c-8885-f57b4d7803f4,2026-07-24T18:15:00Z,2026-07-24T20:15:00+0200,194.44,EUR/MWh,DK2,DK_2,imbalance_price,Short,2026-08-11T19:14:45Z
2026-08-11T19:03:52Z,2026-08-11T21:03:52+0200,d65ae107-0026-470c-8885-f57b4d7803f4,2026-07-24T18:30:00Z,2026-07-24T20:30:00+0200,669.41,EUR/MWh,DK2,DK_2,imbalance_price,Long,2026-08-11T19:14:45Z
2026-08-11T19:03:52Z,2026-08-11T21:03:52+0200,d65ae107-0026-470c-8885-f57b4d7803f4,2026-07-24T18:30:00Z,2026-07-24T20:30:00+0200,669.41,EUR/MWh,DK2,DK_2,imbalance_price,Short,2026-08-11T19:14:45Z
2026-08-11T19:03:52Z,2026-08-11T21:03:52+0200,d65ae107-0026-470c-8885-f57b4d7803f4,2026-07-24T18:45:00Z,2026-07-24T20:45:00+0200,735.76,EUR/MWh,DK2,DK_2,imbalance_price,Long,2026-08-11T19:14:45Z
2026-08-11T19:03:52Z,2026-08-11T21:03:52+0200,d65ae107-0026-470c-8885-f57b4d7803f4,2026-07-24T18:45:00Z,2026-07-24T20:45:00+0200,735.76,EUR/MWh,DK2,DK_2,imbalance_price,Short,2026-08-11T19:14:45Z
2026-08-11T19:03:52Z,2026-08-11T21:03:52+0200,d65ae107-0026-470c-8885-f57b4d7803f4,2026-07-24T19:00:00Z,2026-07-24T21:00:00+0200,210.14,EUR/MWh,DK2,DK_2,imbalance_price,Long,2026-08-11T19:14:45Z
2026-08-11T19:03:52Z,2026-08-11T21:03:52+0200,d65ae107-0026-470c-8885-f57b4d7803f4,2026-07-24T19:00:00Z,2026-07-24T21:00:00+0200,210.14,EUR/MWh,DK2,DK_2,imbalance_price,Short,2026-08-11T19:14:45Z
2026-08-11T19:03:52Z,2026-08-11T21:03:52+0200,d65ae107-0026-470c-8885-f57b4d7803f4,2026-07-24T19:15:00Z,2026-07-24T21:15:00+0200,207.5,EUR/MWh,DK2,DK_2,imbalance_price,Long,2026-08-11T19:14:45Z
2026-08-11T19:03:52Z,2026-08-11T21:03:52+0200,d65ae107-0026-470c-8885-f57b4d7803f4,2026-07-24T19:15:00Z,2026-07-24T21:15:00+0200,207.5,EUR/MWh,DK2,DK_2,imbalance_price,Short,2026-08-11T19:14:45Z
2026-08-11T19:03:52Z,2026-08-11T21:03:52+0200,d65ae107-0026-470c-8885-f57b4d7803f4,2026-07-24T19:30:00Z,2026-07-24T21:30:00+0200,135.11,EUR/MWh,DK2,DK_2,imbalance_price,Long,2026-08-11T19:14:45Z
2026-08-11T19:03:52Z,2026-08-11T21:03:52+0200,d65ae107-0026-470c-8885-f57b4d7803f4,2026-07-24T19:30:00Z,2026-07-24T21:30:00+0200,135.11,EUR/MWh,DK2,DK_2,imbalance_price,Short,2026-08-11T19:14:45Z
2026-08-11T19:03:52Z,2026-08-11T21:03:52+0200,d65ae107-0026-470c-8885-f57b4d7803f4,2026-07-24T19:45:00Z,2026-07-24T21:45:00+0200,134.83,EUR/MWh,DK2,DK_2,imbalance_price,Long,2026-08-11T19:14:45Z
2026-08-11T19:03:52Z,2026-08-11T21:03:52+0200,d65ae107-0026-470c-8885-f57b4d7803f4,2026-07-24T19:45:00Z,2026-07-24T21:45:00+0200,134.83,EUR/MWh,DK2,DK_2,imbalance_price,Short,2026-08-11T19:14:45Z
2026-08-11T19:03:52Z,2026-08-11T21:03:52+0200,d65ae107-0026-470c-8885-f57b4d7803f4,2026-07-24T20:00:00Z,2026-07-24T22:00:00+0200,120.51,EUR/MWh,DK2,DK_2,imbalance_price,Long,2026-08-11T19:14:45Z
2026-08-11T19:03:52Z,2026-08-11T21:03:52+0200,d65ae107-0026-470c-8885-f57b4d7803f4,2026-07-24T20:00:00Z,2026-07-24T22:00:00+0200,120.51,EUR/MWh,DK2,DK_2,imbalance_price,Short,2026-08-11T19:14:45Z
2026-08-11T19:03:52Z,2026-08-11T21:03:52+0200,d65ae107-0026-470c-8885-f57b4d7803f4,2026-07-24T20:15:00Z,2026-07-24T22:15:00+0200,34.95,EUR/MWh,DK2,DK_2,imbalance_price,Long,2026-08-11T19:14:45Z
2026-08-11T19:03:52Z,2026-08-11T21:03:52+0200,d65ae107-0026-470c-8885-f57b4d7803f4,2026-07-24T20:15:00Z,2026-07-24T22:15:00+0200,34.95,EUR/MWh,DK2,DK_2,imbalance_price,Short,2026-08-11T19:14:45Z
2026-08-11T19:03:52Z,2026-08-11T21:03:52+0200,d65ae107-0026-470c-8885-f57b4d7803f4,2026-07-24T20:30:00Z,2026-07-24T22:30:00+0200,-10.67,EUR/MWh,DK2,DK_2,imbalance_price,Long,2026-08-11T19:14:45Z
2026-08-11T19:03:52Z,2026-08-11T21:03:52+0200,d65ae107-0026-470c-8885-f57b4d7803f4,2026-07-24T20:30:00Z,2026-07-24T22:30:00+0200,-10.67,EUR/MWh,DK2,DK_2,imbalance_price,Short,2026-08-11T19:14:45Z
2026-08-11T19:03:52Z,2026-08-11T21:03:52+0200,d65ae107-0026-470c-8885-f57b4d7803f4,2026-07-24T20:45:00Z,2026-07-24T22:45:00+0200,22.44,EUR/MWh,DK2,DK_2,imbalance_price,Long,2026-08-11T19:14:45Z
2026-08-11T19:03:52Z,2026-08-11T21:03:52+0200,d65ae107-0026-470c-8885-f57b4d7803f4,2026-07-24T20:45:00Z,2026-07-24T22:45:00+0200,22.44,EUR/MWh,DK2,DK_2,imbalance_price,Short,2026-08-11T19:14:45Z
2026-08-11T19:03:52Z,2026-08-11T21:03:52+0200,d65ae107-0026-470c-8885-f57b4d7803f4,2026-07-24T21:00:00Z,2026-07-24T23:00:00+0200,-0.89,EUR/MWh,DK2,DK_2,imbalance_price,Long,2026-08-11T19:14:45Z
2026-08-11T19:03:52Z,2026-08-11T21:03:52+0200,d65ae107-0026-470c-8885-f57b4d7803f4,2026-07-24T21:00:00Z,2026-07-24T23:00:00+0200,-0.89,EUR/MWh,DK2,DK_2,imbalance_price,Short,2026-08-11T19:14:45Z
2026-08-11T19:03:52Z,2026-08-11T21:03:52+0200,d65ae107-0026-470c-8885-f57b4d7803f4,2026-07-24T21:15:00Z,2026-07-24T23:15:00+0200,-23.47,EUR/MWh,DK2,DK_2,imbalance_price,Long,2026-08-11T19:14:45Z
2026-08-11T19:03:52Z,2026-08-11T21:03:52+0200,d65ae107-0026-470c-8885-f57b4d7803f4,2026-07-24T21:15:00Z,2026-07-24T23:15:00+0200,-23.47,EUR/MWh,DK2,DK_2,imbalance_price,Short,2026-08-11T19:14:45Z
2026-08-11T19:03:52Z,2026-08-11T21:03:52+0200,d65ae107-0026-470c-8885-f57b4d7803f4,2026-07-24T21:30:00Z,2026-07-24T23:30:00+0200,63.58,EUR/MWh,DK2,DK_2,imbalance_price,Long,2026-08-11T19:14:45Z
2026-08-11T19:03:52Z,2026-08-11T21:03:52+0200,d65ae107-0026-470c-8885-f57b4d7803f4,2026-07-24T21:30:00Z,2026-07-24T23:30:00+0200,63.58,EUR/MWh,DK2,DK_2,imbalance_price,Short,2026-08-11T19:14:45Z
2026-08-11T19:03:52Z,2026-08-11T21:03:52+0200,d65ae107-0026-470c-8885-f57b4d7803f4,2026-07-24T21:45:00Z,2026-07-24T23:45:00+0200,116.62,EUR/MWh,DK2,DK_2,imbalance_price,Long,2026-08-11T19:14:45Z
2026-08-11T19:03:52Z,2026-08-11T21:03:52+0200,d65ae107-0026-470c-8885-f57b4d7803f4,2026-07-24T21:45:00Z,2026-07-24T23:45:00+0200,116.62,EUR/MWh,DK2,DK_2,imbalance_price,Short,2026-08-11T19:14:45Z
2026-08-11T19:03:52Z,2026-08-11T21:03:52+0200,d65ae107-0026-470c-8885-f57b4d7803f4,2026-07-24T22:00:00Z,2026-07-25T00:00:00+0200,132.69,EUR/MWh,DK2,DK_2,imbalance_price,Long,2026-08-11T19:14:45Z
2026-08-11T19:03:52Z,2026-08-11T21:03:52+0200,d65ae107-0026-470c-8885-f57b4d7803f4,2026-07-24T22:00:00Z,2026-07-25T00:00:00+0200,132.69,EUR/MWh,DK2,DK_2,imbalance_price,Short,2026-08-11T19:14:45Z
2026-08-11T19:03:52Z,2026-08-11T21:03:52+0200,d65ae107-0026-470c-8885-f57b4d7803f4,2026-07-24T22:15:00Z,2026-07-25T00:15:00+0200,168.63,EUR/MWh,DK2,DK_2,imbalance_price,Long,2026-08-11T19:14:45Z
2026-08-11T19:03:52Z,2026-08-11T21:03:52+0200,d65ae107-0026-470c-8885-f57b4d7803f4,2026-07-24T22:15:00Z,2026-07-25T00:15:00+0200,168.63,EUR/MWh,DK2,DK_2,imbalance_price,Short,2026-08-11T19:14:45Z
2026-08-11T19:03:52Z,2026-08-11T21:03:52+0200,d65ae107-0026-470c-8885-f57b4d7803f4,2026-07-24T22:30:00Z,2026-07-25T00:30:00+0200,106.98,EUR/MWh,DK2,DK_2,imbalance_price,Long,2026-08-11T19:14:45Z
2026-08-11T19:03:52Z,2026-08-11T21:03:52+0200,d65ae107-0026-470c-8885-f57b4d7803f4,2026-07-24T22:30:00Z,2026-07-25T00:30:00+0200,106.98,EUR/MWh,DK2,DK_2,imbalance_price,Short,2026-08-11T19:14:45Z
2026-08-11T19:03:52Z,2026-08-11T21:03:52+0200,d65ae107-0026-470c-8885-f57b4d7803f4,2026-07-24T22:45:00Z,2026-07-25T00:45:00+0200,102.14,EUR/MWh,DK2,DK_2,imbalance_price,Long,2026-08-11T19:14:45Z
2026-08-11T19:03:52Z,2026-08-11T21:03:52+0200,d65ae107-0026-470c-8885-f57b4d7803f4,2026-07-24T22:45:00Z,2026-07-25T00:45:00+0200,102.14,EUR/MWh,DK2,DK_2,imbalance_price,Short,2026-08-11T19:14:45Z
2026-08-11T19:03:52Z,2026-08-11T21:03:52+0200,d65ae107-0026-470c-8885-f57b4d7803f4,2026-07-24T23:00:00Z,2026-07-25T01:00:00+0200,100.69,EUR/MWh,DK2,DK_2,imbalance_price,Long,2026-08-11T19:14:45Z
2026-08-11T19:03:52Z,2026-08-11T21:03:52+0200,d65ae107-0026-470c-8885-f57b4d7803f4,2026-07-24T23:00:00Z,2026-07-25T01:00:00+0200,100.69,EUR/MWh,DK2,DK_2,imbalance_price,Short,2026-08-11T19:14:45Z
2026-08-11T19:03:52Z,2026-08-11T21:03:52+0200,d65ae107-0026-470c-8885-f57b4d7803f4,2026-07-24T23:15:00Z,2026-07-25T01:15:00+0200,130.68,EUR/MWh,DK2,DK_2,imbalance_price,Long,2026-08-11T19:14:45Z
2026-08-11T19:03:52Z,2026-08-11T21:03:52+0200,d65ae107-0026-470c-8885-f57b4d7803f4,2026-07-24T23:15:00Z,2026-07-25T01:15:00+0200,130.68,EUR/MWh,DK2,DK_2,imbalance_price,Short,2026-08-11T19:14:45Z
2026-08-11T19:03:52Z,2026-08-11T21:03:52+0200,d65ae107-0026-470c-8885-f57b4d7803f4,2026-07-24T23:30:00Z,2026-07-25T01:30:00+0200,160.37,EUR/MWh,DK2,DK_2,imbalance_price,Long,2026-08-11T19:14:45Z
2026-08-11T19:03:52Z,2026-08-11T21:03:52+0200,d65ae107-0026-470c-8885-f57b4d7803f4,2026-07-24T23:30:00Z,2026-07-25T01:30:00+0200,160.37,EUR/MWh,DK2,DK_2,imbalance_price,Short,2026-08-11T19:14:45Z
2026-08-11T19:03:52Z,2026-08-11T21:03:52+0200,d65ae107-0026-470c-8885-f57b4d7803f4,2026-07-24T23:45:00Z,2026-07-25T01:45:00+0200,143.44,EUR/MWh,DK2,DK_2,imbalance_price,Long,2026-08-11T19:14:45Z
2026-08-11T19:03:52Z,2026-08-11T21:03:52+0200,d65ae107-0026-470c-8885-f57b4d7803f4,2026-07-24T23:45:00Z,2026-07-25T01:45:00+0200,143.44,EUR/MWh,DK2,DK_2,imbalance_price,Short,2026-08-11T19:14:45Z
2026-08-11T19:03:52Z,2026-08-11T21:03:52+0200,d65ae107-0026-470c-8885-f57b4d7803f4,2026-07-25T00:00:00Z,2026-07-25T02:00:00+0200,162.0,EUR/MWh,DK2,DK_2,imbalance_price,Long,2026-08-11T19:14:45Z
2026-08-11T19:03:52Z,2026-08-11T21:03:52+0200,d65ae107-0026-470c-8885-f57b4d7803f4,2026-07-25T00:00:00Z,2026-07-25T02:00:00+0200,162.0,EUR/MWh,DK2,DK_2,imbalance_price,Short,2026-08-11T19:14:45Z
2026-08-11T19:03:52Z,2026-08-11T21:03:52+0200,d65ae107-0026-470c-8885-f57b4d7803f4,2026-07-25T00:15:00Z,2026-07-25T02:15:00+0200,133.39,EUR/MWh,DK2,DK_2,imbalance_price,Long,2026-08-11T19:14:45Z
2026-08-11T19:03:52Z,2026-08-11T21:03:52+0200,d65ae107-0026-470c-8885-f57b4d7803f4,2026-07-25T00:15:00Z,2026-07-25T02:15:00+0200,133.39,EUR/MWh,DK2,DK_2,imbalance_price,Short,2026-08-11T19:14:45Z
2026-08-11T19:03:52Z,2026-08-11T21:03:52+0200,d65ae107-0026-470c-8885-f57b4d7803f4,2026-07-25T00:30:00Z,2026-07-25T02:30:00+0200,161.89,EUR/MWh,DK2,DK_2,imbalance_price,Long,2026-08-11T19:14:45Z
2026-08-11T19:03:52Z,2026-08-11T21:03:52+0200,d65ae107-0026-470c-8885-f57b4d7803f4,2026-07-25T00:30:00Z,2026-07-25T02:30:00+0200,161.89,EUR/MWh,DK2,DK_2,imbalance_price,Short,2026-08-11T19:14:45Z
2026-08-11T19:03:52Z,2026-08-11T21:03:52+0200,d65ae107-0026-470c-8885-f57b4d7803f4,2026-07-25T00:45:00Z,2026-07-25T02:45:00+0200,183.47,EUR/MWh,DK2,DK_2,imbalance_price,Long,2026-08-11T19:14:45Z
2026-08-11T19:03:52Z,2026-08-11T21:03:52+0200,d65ae107-0026-470c-8885-f57b4d7803f4,2026-07-25T00:45:00Z,2026-07-25T02:45:00+0200,183.47,EUR/MWh,DK2,DK_2,imbalance_price,Short,2026-08-11T19:14:45Z
2026-08-11T19:03:52Z,2026-08-11T21:03:52+0200,d65ae107-0026-470c-8885-f57b4d7803f4,2026-07-25T01:00:00Z,2026-07-25T03:00:00+0200,195.12,EUR/MWh,DK2,DK_2,imbalance_price,Long,2026-08-11T19:14:45Z
2026-08-11T19:03:52Z,2026-08-11T21:03:52+0200,d65ae107-0026-470c-8885-f57b4d7803f4,2026-07-25T01:00:00Z,2026-07-25T03:00:00+0200,195.12,EUR/MWh,DK2,DK_2,imbalance_price,Short,2026-08-11T19:14:45Z
2026-08-11T19:03:52Z,2026-08-11T21:03:52+0200,d65ae107-0026-470c-8885-f57b4d7803f4,2026-07-25T01:15:00Z,2026-07-25T03:15:00+0200,160.11,EUR/MWh,DK2,DK_2,imbalance_price,Long,2026-08-11T19:14:45Z
2026-08-11T19:03:52Z,2026-08-11T21:03:52+0200,d65ae107-0026-470c-8885-f57b4d7803f4,2026-07-25T01:15:00Z,2026-07-25T03:15:00+0200,160.11,EUR/MWh,DK2,DK_2,imbalance_price,Short,2026-08-11T19:14:45Z
2026-08-11T19:03:52Z,2026-08-11T21:03:52+0200,d65ae107-0026-470c-8885-f57b4d7803f4,2026-07-25T01:30:00Z,2026-07-25T03:30:00+0200,159.57,EUR/MWh,DK2,DK_2,imbalance_price,Long,2026-08-11T19:14:45Z
2026-08-11T19:03:52Z,2026-08-11T21:03:52+0200,d65ae107-0026-470c-8885-f57b4d7803f4,2026-07-25T01:30:00Z,2026-07-25T03:30:00+0200,159.57,EUR/MWh,DK2,DK_2,imbalance_price,Short,2026-08-11T19:14:45Z
2026-08-11T19:03:52Z,2026-08-11T21:03:52+0200,d65ae107-0026-470c-8885-f57b4d7803f4,2026-07-25T01:45:00Z,2026-07-25T03:45:00+0200,153.57,EUR/MWh,DK2,DK_2,imbalance_price,Long,2026-08-11T19:14:45Z
2026-08-11T19:03:52Z,2026-08-11T21:03:52+0200,d65ae107-0026-470c-8885-f57b4d7803f4,2026-07-25T01:45:00Z,2026-07-25T03:45:00+0200,153.57,EUR/MWh,DK2,DK_2,imbalance_price,Short,2026-08-11T19:14:45Z
2026-08-11T19:03:52Z,2026-08-11T21:03:52+0200,d65ae107-0026-470c-8885-f57b4d7803f4,2026-07-25T02:00:00Z,2026-07-25T04:00:00+0200,154.88,EUR/MWh,DK2,DK_2,imbalance_price,Long,2026-08-11T19:14:45Z
2026-08-11T19:03:52Z,2026-08-11T21:03:52+0200,d65ae107-0026-470c-8885-f57b4d7803f4,2026-07-25T02:00:00Z,2026-07-25T04:00:00+0200,154.88,EUR/MWh,DK2,DK_2,imbalance_price,Short,2026-08-11T19:14:45Z
2026-08-11T19:03:52Z,2026-08-11T21:03:52+0200,d65ae107-0026-470c-8885-f57b4d7803f4,2026-07-25T02:15:00Z,2026-07-25T04:15:00+0200,401.34,EUR/MWh,DK2,DK_2,imbalance_price,Long,2026-08-11T19:14:45Z
2026-08-11T19:03:52Z,2026-08-11T21:03:52+0200,d65ae107-0026-470c-8885-f57b4d7803f4,2026-07-25T02:15:00Z,2026-07-25T04:15:00+0200,401.34,EUR/MWh,DK2,DK_2,imbalance_price,Short,2026-08-11T19:14:45Z
2026-08-11T19:03:52Z,2026-08-11T21:03:52+0200,d65ae107-0026-470c-8885-f57b4d7803f4,2026-07-25T02:30:00Z,2026-07-25T04:30:00+0200,334.5,EUR/MWh,DK2,DK_2,imbalance_price,Long,2026-08-11T19:14:45Z
2026-08-11T19:03:52Z,2026-08-11T21:03:52+0200,d65ae107-0026-470c-8885-f57b4d7803f4,2026-07-25T02:30:00Z,2026-07-25T04:30:00+0200,334.5,EUR/MWh,DK2,DK_2,imbalance_price,Short,2026-08-11T19:14:45Z
2026-08-11T19:03:52Z,2026-08-11T21:03:52+0200,d65ae107-0026-470c-8885-f57b4d7803f4,2026-07-25T02:45:00Z,2026-07-25T04:45:00+0200,267.6,EUR/MWh,DK2,DK_2,imbalance_price,Long,2026-08-11T19:14:45Z
2026-08-11T19:03:52Z,2026-08-11T21:03:52+0200,d65ae107-0026-470c-8885-f57b4d7803f4,2026-07-25T02:45:00Z,2026-07-25T04:45:00+0200,267.6,EUR/MWh,DK2,DK_2,imbalance_price,Short,2026-08-11T19:14:45Z
2026-08-11T19:03:52Z,2026-08-11T21:03:52+0200,d65ae107-0026-470c-8885-f57b4d7803f4,2026-07-25T03:00:00Z,2026-07-25T05:00:00+0200,132.59,EUR/MWh,DK2,DK_2,imbalance_price,Long,2026-08-11T19:14:45Z
2026-08-11T19:03:52Z,2026-08-11T21:03:52+0200,d65ae107-0026-470c-8885-f57b4d7803f4,2026-07-25T03:00:00Z,2026-07-25T05:00:00+0200,132.59,EUR/MWh,DK2,DK_2,imbalance_price,Short,2026-08-11T19:14:45Z
2026-08-11T19:03:52Z,2026-08-11T21:03:52+0200,d65ae107-0026-470c-8885-f57b4d7803f4,2026-07-25T03:15:00Z,2026-07-25T05:15:00+0200,54.93,EUR/MWh,DK2,DK_2,imbalance_price,Long,2026-08-11T19:14:45Z
2026-08-11T19:03:52Z,2026-08-11T21:03:52+0200,d65ae107-0026-470c-8885-f57b4d7803f4,2026-07-25T03:15:00Z,2026-07-25T05:15:00+0200,54.93,EUR/MWh,DK2,DK_2,imbalance_price,Short,2026-08-11T19:14:45Z
2026-08-11T19:03:52Z,2026-08-11T21:03:52+0200,d65ae107-0026-470c-8885-f57b4d7803f4,2026-07-25T03:30:00Z,2026-07-25T05:30:00+0200,21.54,EUR/MWh,DK2,DK_2,imbalance_price,Long,2026-08-11T19:14:45Z
2026-08-11T19:03:52Z,2026-08-11T21:03:52+0200,d65ae107-0026-470c-8885-f57b4d7803f4,2026-07-25T03:30:00Z,2026-07-25T05:30:00+0200,21.54,EUR/MWh,DK2,DK_2,imbalance_price,Short,2026-08-11T19:14:45Z
2026-08-11T19:03:52Z,2026-08-11T21:03:52+0200,d65ae107-0026-470c-8885-f57b4d7803f4,2026-07-25T03:45:00Z,2026-07-25T05:45:00+0200,-8.06,EUR/MWh,DK2,DK_2,imbalance_price,Long,2026-08-11T19:14:45Z
2026-08-11T19:03:52Z,2026-08-11T21:03:52+0200,d65ae107-0026-470c-8885-f57b4d7803f4,2026-07-25T03:45:00Z,2026-07-25T05:45:00+0200,-8.06,EUR/MWh,DK2,DK_2,imbalance_price,Short,2026-08-11T19:14:45Z
2026-08-11T19:03:52Z,2026-08-11T21:03:52+0200,d65ae107-0026-470c-8885-f57b4d7803f4,2026-07-25T04:00:00Z,2026-07-25T06:00:00+0200,18.61,EUR/MWh,DK2,DK_2,imbalance_price,Long,2026-08-11T19:14:45Z
2026-08-11T19:03:52Z,2026-08-11T21:03:52+0200,d65ae107-0026-470c-8885-f57b4d7803f4,2026-07-25T04:00:00Z,2026-07-25T06:00:00+0200,18.61,EUR/MWh,DK2,DK_2,imbalance_price,Short,2026-08-11T19:14:45Z
2026-08-11T19:03:52Z,2026-08-11T21:03:52+0200,d65ae107-0026-470c-8885-f57b4d7803f4,2026-07-25T04:15:00Z,2026-07-25T06:15:00+0200,-3.09,EUR/MWh,DK2,DK_2,imbalance_price,Long,2026-08-11T19:14:45Z
2026-08-11T19:03:52Z,2026-08-11T21:03:52+0200,d65ae107-0026-470c-8885-f57b4d7803f4,2026-07-25T04:15:00Z,2026-07-25T06:15:00+0200,-3.09,EUR/MWh,DK2,DK_2,imbalance_price,Short,2026-08-11T19:14:45Z
2026-08-11T19:03:52Z,2026-08-11T21:03:52+0200,d65ae107-0026-470c-8885-f57b4d7803f4,2026-07-25T04:30:00Z,2026-07-25T06:30:00+0200,-79.25,EUR/MWh,DK2,DK_2,imbalance_price,Long,2026-08-11T19:14:45Z
2026-08-11T19:03:52Z,2026-08-11T21:03:52+0200,d65ae107-0026-470c-8885-f57b4d7803f4,2026-07-25T04:30:00Z,2026-07-25T06:30:00+0200,-79.25,EUR/MWh,DK2,DK_2,imbalance_price,Short,2026-08-11T19:14:45Z
2026-08-11T19:03:52Z,2026-08-11T21:03:52+0200,d65ae107-0026-470c-8885-f57b4d7803f4,2026-07-25T04:45:00Z,2026-07-25T06:45:00+0200,-23.87,EUR/MWh,DK2,DK_2,imbalance_price,Long,2026-08-11T19:14:45Z
2026-08-11T19:03:52Z,2026-08-11T21:03:52+0200,d65ae107-0026-470c-8885-f57b4d7803f4,2026-07-25T04:45:00Z,2026-07-25T06:45:00+0200,-23.87,EUR/MWh,DK2,DK_2,imbalance_price,Short,2026-08-11T19:14:45Z
2026-08-11T19:03:52Z,2026-08-11T21:03:52+0200,d65ae107-0026-470c-8885-f57b4d7803f4,2026-07-25T05:00:00Z,2026-07-25T07:00:00+0200,40.05,EUR/MWh,DK2,DK_2,imbalance_price,Long,2026-08-11T19:14:45Z
2026-08-11T19:03:52Z,2026-08-11T21:03:52+0200,d65ae107-0026-470c-8885-f57b4d7803f4,2026-07-25T05:00:00Z,2026-07-25T07:00:00+0200,40.05,EUR/MWh,DK2,DK_2,imbalance_price,Short,2026-08-11T19:14:45Z
2026-08-11T19:03:52Z,2026-08-11T21:03:52+0200,d65ae107-0026-470c-8885-f57b4d7803f4,2026-07-25T05:15:00Z,2026-07-25T07:15:00+0200,119.98,EUR/MWh,DK2,DK_2,imbalance_price,Long,2026-08-11T19:14:45Z
2026-08-11T19:03:52Z,2026-08-11T21:03:52+0200,d65ae107-0026-470c-8885-f57b4d7803f4,2026-07-25T05:15:00Z,2026-07-25T07:15:00+0200,119.98,EUR/MWh,DK2,DK_2,imbalance_price,Short,2026-08-11T19:14:45Z
2026-08-11T19:03:52Z,2026-08-11T21:03:52+0200,d65ae107-0026-470c-8885-f57b4d7803f4,2026-07-25T05:30:00Z,2026-07-25T07:30:00+0200,107.52,EUR/MWh,DK2,DK_2,imbalance_price,Long,2026-08-11T19:14:45Z
2026-08-11T19:03:52Z,2026-08-11T21:03:52+0200,d65ae107-0026-470c-8885-f57b4d7803f4,2026-07-25T05:30:00Z,2026-07-25T07:30:00+0200,107.52,EUR/MWh,DK2,DK_2,imbalance_price,Short,2026-08-11T19:14:45Z
2026-08-11T19:03:52Z,2026-08-11T21:03:52+0200,d65ae107-0026-470c-8885-f57b4d7803f4,2026-07-25T05:45:00Z,2026-07-25T07:45:00+0200,97.33,EUR/MWh,DK2,DK_2,imbalance_price,Long,2026-08-11T19:14:45Z
2026-08-11T19:03:52Z,2026-08-11T21:03:52+0200,d65ae107-0026-470c-8885-f57b4d7803f4,2026-07-25T05:45:00Z,2026-07-25T07:45:00+0200,97.33,EUR/MWh,DK2,DK_2,imbalance_price,Short,2026-08-11T19:14:45Z
2026-08-11T19:03:52Z,2026-08-11T21:03:52+0200,d65ae107-0026-470c-8885-f57b4d7803f4,2026-07-25T06:00:00Z,2026-07-25T08:00:00+0200,267.6,EUR/MWh,DK2,DK_2,imbalance_price,Long,2026-08-11T19:14:45Z
2026-08-11T19:03:52Z,2026-08-11T21:03:52+0200,d65ae107-0026-470c-8885-f57b4d7803f4,2026-07-25T06:00:00Z,2026-07-25T08:00:00+0200,267.6,EUR/MWh,DK2,DK_2,imbalance_price,Short,2026-08-11T19:14:45Z
2026-08-11T19:03:52Z,2026-08-11T21:03:52+0200,d65ae107-0026-470c-8885-f57b4d7803f4,2026-07-25T06:15:00Z,2026-07-25T08:15:00+0200,455.15,EUR/MWh,DK2,DK_2,imbalance_price,Long,2026-08-11T19:14:45Z
2026-08-11T19:03:52Z,2026-08-11T21:03:52+0200,d65ae107-0026-470c-8885-f57b4d7803f4,2026-07-25T06:15:00Z,2026-07-25T08:15:00+0200,455.15,EUR/MWh,DK2,DK_2,imbalance_price,Short,2026-08-11T19:14:45Z
2026-08-11T19:03:52Z,2026-08-11T21:03:52+0200,d65ae107-0026-470c-8885-f57b4d7803f4,2026-07-25T06:30:00Z,2026-07-25T08:30:00+0200,11.43,EUR/MWh,DK2,DK_2,imbalance_price,Long,2026-08-11T19:14:45Z
2026-08-11T19:03:52Z,2026-08-11T21:03:52+0200,d65ae107-0026-470c-8885-f57b4d7803f4,2026-07-25T06:30:00Z,2026-07-25T08:30:00+0200,11.43,EUR/MWh,DK2,DK_2,imbalance_price,Short,2026-08-11T19:14:45Z
2026-08-11T19:03:52Z,2026-08-11T21:03:52+0200,d65ae107-0026-470c-8885-f57b4d7803f4,2026-07-25T06:45:00Z,2026-07-25T08:45:00+0200,3.83,EUR/MWh,DK2,DK_2,imbalance_price,Long,2026-08-11T19:14:45Z
2026-08-11T19:03:52Z,2026-08-11T21:03:52+0200,d65ae107-0026-470c-8885-f57b4d7803f4,2026-07-25T06:45:00Z,2026-07-25T08:45:00+0200,3.83,EUR/MWh,DK2,DK_2,imbalance_price,Short,2026-08-11T19:14:45Z
2026-08-11T19:03:52Z,2026-08-11T21:03:52+0200,d65ae107-0026-470c-8885-f57b4d7803f4,2026-07-25T07:00:00Z,2026-07-25T09:00:00+0200,-0.98,EUR/MWh,DK2,DK_2,imbalance_price,Long,2026-08-11T19:14:45Z
2026-08-11T19:03:52Z,2026-08-11T21:03:52+0200,d65ae107-0026-470c-8885-f57b4d7803f4,2026-07-25T07:00:00Z,2026-07-25T09:00:00+0200,-0.98,EUR/MWh,DK2,DK_2,imbalance_price,Short,2026-08-11T19:14:45Z
2026-08-11T19:03:52Z,2026-08-11T21:03:52+0200,d65ae107-0026-470c-8885-f57b4d7803f4,2026-07-25T07:15:00Z,2026-07-25T09:15:00+0200,-38.0,EUR/MWh,DK2,DK_2,imbalance_price,Long,2026-08-11T19:14:45Z
2026-08-11T19:03:52Z,2026-08-11T21:03:52+0200,d65ae107-0026-470c-8885-f57b4d7803f4,2026-07-25T07:15:00Z,2026-07-25T09:15:00+0200,-38.0,EUR/MWh,DK2,DK_2,imbalance_price,Short,2026-08-11T19:14:45Z
2026-08-11T19:03:52Z,2026-08-11T21:03:52+0200,d65ae107-0026-470c-8885-f57b4d7803f4,2026-07-25T07:30:00Z,2026-07-25T09:30:00+0200,-20.87,EUR/MWh,DK2,DK_2,imbalance_price,Long,2026-08-11T19:14:45Z
2026-08-11T19:03:52Z,2026-08-11T21:03:52+0200,d65ae107-0026-470c-8885-f57b4d7803f4,2026-07-25T07:30:00Z,2026-07-25T09:30:00+0200,-20.87,EUR/MWh,DK2,DK_2,imbalance_price,Short,2026-08-11T19:14:45Z
2026-08-11T19:03:52Z,2026-08-11T21:03:52+0200,d65ae107-0026-470c-8885-f57b4d7803f4,2026-07-25T07:45:00Z,2026-07-25T09:45:00+0200,2.05,EUR/MWh,DK2,DK_2,imbalance_price,Long,2026-08-11T19:14:45Z
2026-08-11T19:03:52Z,2026-08-11T21:03:52+0200,d65ae107-0026-470c-8885-f57b4d7803f4,2026-07-25T07:45:00Z,2026-07-25T09:45:00+0200,2.05,EUR/MWh,DK2,DK_2,imbalance_price,Short,2026-08-11T19:14:45Z
2026-08-11T19:03:52Z,2026-08-11T21:03:52+0200,d65ae107-0026-470c-8885-f57b4d7803f4,2026-07-25T08:00:00Z,2026-07-25T10:00:00+0200,-6.36,EUR/MWh,DK2,DK_2,imbalance_price,Long,2026-08-11T19:14:45Z
2026-08-11T19:03:52Z,2026-08-11T21:03:52+0200,d65ae107-0026-470c-8885-f57b4d7803f4,2026-07-25T08:00:00Z,2026-07-25T10:00:00+0200,-6.36,EUR/MWh,DK2,DK_2,imbalance_price,Short,2026-08-11T19:14:45Z
2026-08-11T19:03:52Z,2026-08-11T21:03:52+0200,d65ae107-0026-470c-8885-f57b4d7803f4,2026-07-25T08:15:00Z,2026-07-25T10:15:00+0200,-0.51,EUR/MWh,DK2,DK_2,imbalance_price,Long,2026-08-11T19:14:45Z
2026-08-11T19:03:52Z,2026-08-11T21:03:52+0200,d65ae107-0026-470c-8885-f57b4d7803f4,2026-07-25T08:15:00Z,2026-07-25T10:15:00+0200,-0.51,EUR/MWh,DK2,DK_2,imbalance_price,Short,2026-08-11T19:14:45Z
2026-08-11T19:03:52Z,2026-08-11T21:03:52+0200,d65ae107-0026-470c-8885-f57b4d7803f4,2026-07-25T08:30:00Z,2026-07-25T10:30:00+0200,13.05,EUR/MWh,DK2,DK_2,imbalance_price,Long,2026-08-11T19:14:45Z
2026-08-11T19:03:52Z,2026-08-11T21:03:52+0200,d65ae107-0026-470c-8885-f57b4d7803f4,2026-07-25T08:30:00Z,2026-07-25T10:30:00+0200,13.05,EUR/MWh,DK2,DK_2,imbalance_price,Short,2026-08-11T19:14:45Z
2026-08-11T19:03:52Z,2026-08-11T21:03:52+0200,d65ae107-0026-470c-8885-f57b4d7803f4,2026-07-25T08:45:00Z,2026-07-25T10:45:00+0200,6.72,EUR/MWh,DK2,DK_2,imbalance_price,Long,2026-08-11T19:14:45Z
2026-08-11T19:03:52Z,2026-08-11T21:03:52+0200,d65ae107-0026-470c-8885-f57b4d7803f4,2026-07-25T08:45:00Z,2026-07-25T10:45:00+0200,6.72,EUR/MWh,DK2,DK_2,imbalance_price,Short,2026-08-11T19:14:45Z
2026-08-11T19:03:52Z,2026-08-11T21:03:52+0200,d65ae107-0026-470c-8885-f57b4d7803f4,2026-07-25T09:00:00Z,2026-07-25T11:00:00+0200,8.75,EUR/MWh,DK2,DK_2,imbalance_price,Long,2026-08-11T19:14:45Z
2026-08-11T19:03:52Z,2026-08-11T21:03:52+0200,d65ae107-0026-470c-8885-f57b4d7803f4,2026-07-25T09:00:00Z,2026-07-25T11:00:00+0200,8.75,EUR/MWh,DK2,DK_2,imbalance_price,Short,2026-08-11T19:14:45Z
2026-08-11T19:03:52Z,2026-08-11T21:03:52+0200,d65ae107-0026-470c-8885-f57b4d7803f4,2026-07-25T09:15:00Z,2026-07-25T11:15:00+0200,1.05,EUR/MWh,DK2,DK_2,imbalance_price,Long,2026-08-11T19:14:45Z
2026-08-11T19:03:52Z,2026-08-11T21:03:52+0200,d65ae107-0026-470c-8885-f57b4d7803f4,2026-07-25T09:15:00Z,2026-07-25T11:15:00+0200,1.05,EUR/MWh,DK2,DK_2,imbalance_price,Short,2026-08-11T19:14:45Z
2026-08-11T19:03:52Z,2026-08-11T21:03:52+0200,d65ae107-0026-470c-8885-f57b4d7803f4,2026-07-25T09:30:00Z,2026-07-25T11:30:00+0200,-2.07,EUR/MWh,DK2,DK_2,imbalance_price,Long,2026-08-11T19:14:45Z
2026-08-11T19:03:52Z,2026-08-11T21:03:52+0200,d65ae107-0026-470c-8885-f57b4d7803f4,2026-07-25T09:30:00Z,2026-07-25T11:30:00+0200,-2.07,EUR/MWh,DK2,DK_2,imbalance_price,Short,2026-08-11T19:14:45Z
2026-08-11T19:03:52Z,2026-08-11T21:03:52+0200,d65ae107-0026-470c-8885-f57b4d7803f4,2026-07-25T09:45:00Z,2026-07-25T11:45:00+0200,-0.86,EUR/MWh,DK2,DK_2,imbalance_price,Long,2026-08-11T19:14:45Z
2026-08-11T19:03:52Z,2026-08-11T21:03:52+0200,d65ae107-0026-470c-8885-f57b4d7803f4,2026-07-25T09:45:00Z,2026-07-25T11:45:00+0200,-0.86,EUR/MWh,DK2,DK_2,imbalance_price,Short,2026-08-11T19:14:45Z
2026-08-11T19:03:52Z,2026-08-11T21:03:52+0200,d65ae107-0026-470c-8885-f57b4d7803f4,2026-07-25T10:00:00Z,2026-07-25T12:00:00+0200,-5.71,EUR/MWh,DK2,DK_2,imbalance_price,Long,2026-08-11T19:14:45Z
2026-08-11T19:03:52Z,2026-08-11T21:03:52+0200,d65ae107-0026-470c-8885-f57b4d7803f4,2026-07-25T10:00:00Z,2026-07-25T12:00:00+0200,-5.71,EUR/MWh,DK2,DK_2,imbalance_price,Short,2026-08-11T19:14:45Z
2026-08-11T19:03:52Z,2026-08-11T21:03:52+0200,d65ae107-0026-470c-8885-f57b4d7803f4,2026-07-25T10:15:00Z,2026-07-25T12:15:00+0200,-0.53,EUR/MWh,DK2,DK_2,imbalance_price,Long,2026-08-11T19:14:45Z
2026-08-11T19:03:52Z,2026-08-11T21:03:52+0200,d65ae107-0026-470c-8885-f57b4d7803f4,2026-07-25T10:15:00Z,2026-07-25T12:15:00+0200,-0.53,EUR/MWh,DK2,DK_2,imbalance_price,Short,2026-08-11T19:14:45Z
2026-08-11T19:03:52Z,2026-08-11T21:03:52+0200,d65ae107-0026-470c-8885-f57b4d7803f4,2026-07-25T10:30:00Z,2026-07-25T12:30:00+0200,-0.89,EUR/MWh,DK2,DK_2,imbalance_price,Long,2026-08-11T19:14:45Z
2026-08-11T19:03:52Z,2026-08-11T21:03:52+0200,d65ae107-0026-470c-8885-f57b4d7803f4,2026-07-25T10:30:00Z,2026-07-25T12:30:00+0200,-0.89,EUR/MWh,DK2,DK_2,imbalance_price,Short,2026-08-11T19:14:45Z
2026-08-11T19:03:52Z,2026-08-11T21:03:52+0200,d65ae107-0026-470c-8885-f57b4d7803f4,2026-07-25T10:45:00Z,2026-07-25T12:45:00+0200,-16.24,EUR/MWh,DK2,DK_2,imbalance_price,Long,2026-08-11T19:14:45Z
2026-08-11T19:03:52Z,2026-08-11T21:03:52+0200,d65ae107-0026-470c-8885-f57b4d7803f4,2026-07-25T10:45:00Z,2026-07-25T12:45:00+0200,-16.24,EUR/MWh,DK2,DK_2,imbalance_price,Short,2026-08-11T19:14:45Z
2026-08-11T19:03:52Z,2026-08-11T21:03:52+0200,d65ae107-0026-470c-8885-f57b4d7803f4,2026-07-25T11:00:00Z,2026-07-25T13:00:00+0200,-73.58,EUR/MWh,DK2,DK_2,imbalance_price,Long,2026-08-11T19:14:45Z
2026-08-11T19:03:52Z,2026-08-11T21:03:52+0200,d65ae107-0026-470c-8885-f57b4d7803f4,2026-07-25T11:00:00Z,2026-07-25T13:00:00+0200,-73.58,EUR/MWh,DK2,DK_2,imbalance_price,Short,2026-08-11T19:14:45Z
2026-08-11T19:03:52Z,2026-08-11T21:03:52+0200,d65ae107-0026-470c-8885-f57b4d7803f4,2026-07-25T11:15:00Z,2026-07-25T13:15:00+0200,-13.38,EUR/MWh,DK2,DK_2,imbalance_price,Long,2026-08-11T19:14:45Z
2026-08-11T19:03:52Z,2026-08-11T21:03:52+0200,d65ae107-0026-470c-8885-f57b4d7803f4,2026-07-25T11:15:00Z,2026-07-25T13:15:00+0200,-13.38,EUR/MWh,DK2,DK_2,imbalance_price,Short,2026-08-11T19:14:45Z
2026-08-11T19:03:52Z,2026-08-11T21:03:52+0200,d65ae107-0026-470c-8885-f57b4d7803f4,2026-07-25T11:30:00Z,2026-07-25T13:30:00+0200,-3.44,EUR/MWh,DK2,DK_2,imbalance_price,Long,2026-08-11T19:14:45Z
2026-08-11T19:03:52Z,2026-08-11T21:03:52+0200,d65ae107-0026-470c-8885-f57b4d7803f4,2026-07-25T11:30:00Z,2026-07-25T13:30:00+0200,-3.44,EUR/MWh,DK2,DK_2,imbalance_price,Short,2026-08-11T19:14:45Z
2026-08-11T19:03:52Z,2026-08-11T21:03:52+0200,d65ae107-0026-470c-8885-f57b4d7803f4,2026-07-25T11:45:00Z,2026-07-25T13:45:00+0200,-5.28,EUR/MWh,DK2,DK_2,imbalance_price,Long,2026-08-11T19:14:45Z
2026-08-11T19:03:52Z,2026-08-11T21:03:52+0200,d65ae107-0026-470c-8885-f57b4d7803f4,2026-07-25T11:45:00Z,2026-07-25T13:45:00+0200,-5.28,EUR/MWh,DK2,DK_2,imbalance_price,Short,2026-08-11T19:14:45Z
2026-08-11T19:03:52Z,2026-08-11T21:03:52+0200,d65ae107-0026-470c-8885-f57b4d7803f4,2026-07-25T12:00:00Z,2026-07-25T14:00:00+0200,-7.67,EUR/MWh,DK2,DK_2,imbalance_price,Long,2026-08-11T19:14:45Z
2026-08-11T19:03:52Z,2026-08-11T21:03:52+0200,d65ae107-0026-470c-8885-f57b4d7803f4,2026-07-25T12:00:00Z,2026-07-25T14:00:00+0200,-7.67,EUR/MWh,DK2,DK_2,imbalance_price,Short,2026-08-11T19:14:45Z
2026-08-11T19:03:52Z,2026-08-11T21:03:52+0200,d65ae107-0026-470c-8885-f57b4d7803f4,2026-07-25T12:15:00Z,2026-07-25T14:15:00+0200,-7.32,EUR/MWh,DK2,DK_2,imbalance_price,Long,2026-08-11T19:14:45Z
2026-08-11T19:03:52Z,2026-08-11T21:03:52+0200,d65ae107-0026-470c-8885-f57b4d7803f4,2026-07-25T12:15:00Z,2026-07-25T14:15:00+0200,-7.32,EUR/MWh,DK2,DK_2,imbalance_price,Short,2026-08-11T19:14:45Z
2026-08-11T19:03:52Z,2026-08-11T21:03:52+0200,d65ae107-0026-470c-8885-f57b4d7803f4,2026-07-25T12:30:00Z,2026-07-25T14:30:00+0200,-13.38,EUR/MWh,DK2,DK_2,imbalance_price,Long,2026-08-11T19:14:45Z
2026-08-11T19:03:52Z,2026-08-11T21:03:52+0200,d65ae107-0026-470c-8885-f57b4d7803f4,2026-07-25T12:30:00Z,2026-07-25T14:30:00+0200,-13.38,EUR/MWh,DK2,DK_2,imbalance_price,Short,2026-08-11T19:14:45Z
2026-08-11T19:03:52Z,2026-08-11T21:03:52+0200,d65ae107-0026-470c-8885-f57b4d7803f4,2026-07-25T12:45:00Z,2026-07-25T14:45:00+0200,-3.5,EUR/MWh,DK2,DK_2,imbalance_price,Long,2026-08-11T19:14:45Z
2026-08-11T19:03:52Z,2026-08-11T21:03:52+0200,d65ae107-0026-470c-8885-f57b4d7803f4,2026-07-25T12:45:00Z,2026-07-25T14:45:00+0200,-3.5,EUR/MWh,DK2,DK_2,imbalance_price,Short,2026-08-11T19:14:45Z
2026-08-11T19:03:52Z,2026-08-11T21:03:52+0200,d65ae107-0026-470c-8885-f57b4d7803f4,2026-07-25T13:00:00Z,2026-07-25T15:00:00+0200,-2.72,EUR/MWh,DK2,DK_2,imbalance_price,Long,2026-08-11T19:14:45Z
2026-08-11T19:03:52Z,2026-08-11T21:03:52+0200,d65ae107-0026-470c-8885-f57b4d7803f4,2026-07-25T13:00:00Z,2026-07-25T15:00:00+0200,-2.72,EUR/MWh,DK2,DK_2,imbalance_price,Short,2026-08-11T19:14:45Z
2026-08-11T19:03:52Z,2026-08-11T21:03:52+0200,d65ae107-0026-470c-8885-f57b4d7803f4,2026-07-25T13:15:00Z,2026-07-25T15:15:00+0200,6.69,EUR/MWh,DK2,DK_2,imbalance_price,Long,2026-08-11T19:14:45Z
2026-08-11T19:03:52Z,2026-08-11T21:03:52+0200,d65ae107-0026-470c-8885-f57b4d7803f4,2026-07-25T13:15:00Z,2026-07-25T15:15:00+0200,6.69,EUR/MWh,DK2,DK_2,imbalance_price,Short,2026-08-11T19:14:45Z
2026-08-11T19:03:52Z,2026-08-11T21:03:52+0200,d65ae107-0026-470c-8885-f57b4d7803f4,2026-07-25T13:30:00Z,2026-07-25T15:30:00+0200,5.67,EUR/MWh,DK2,DK_2,imbalance_price,Long,2026-08-11T19:14:45Z
2026-08-11T19:03:52Z,2026-08-11T21:03:52+0200,d65ae107-0026-470c-8885-f57b4d7803f4,2026-07-25T13:30:00Z,2026-07-25T15:30:00+0200,5.67,EUR/MWh,DK2,DK_2,imbalance_price,Short,2026-08-11T19:14:45Z
2026-08-11T19:03:52Z,2026-08-11T21:03:52+0200,d65ae107-0026-470c-8885-f57b4d7803f4,2026-07-25T13:45:00Z,2026-07-25T15:45:00+0200,4.86,EUR/MWh,DK2,DK_2,imbalance_price,Long,2026-08-11T19:14:45Z
2026-08-11T19:03:52Z,2026-08-11T21:03:52+0200,d65ae107-0026-470c-8885-f57b4d7803f4,2026-07-25T13:45:00Z,2026-07-25T15:45:00+0200,4.86,EUR/MWh,DK2,DK_2,imbalance_price,Short,2026-08-11T19:14:45Z
2026-08-11T19:03:52Z,2026-08-11T21:03:52+0200,d65ae107-0026-470c-8885-f57b4d7803f4,2026-07-25T14:00:00Z,2026-07-25T16:00:00+0200,11.24,EUR/MWh,DK2,DK_2,imbalance_price,Long,2026-08-11T19:14:45Z
2026-08-11T19:03:52Z,2026-08-11T21:03:52+0200,d65ae107-0026-470c-8885-f57b4d7803f4,2026-07-25T14:00:00Z,2026-07-25T16:00:00+0200,11.24,EUR/MWh,DK2,DK_2,imbalance_price,Short,2026-08-11T19:14:45Z
2026-08-11T19:03:52Z,2026-08-11T21:03:52+0200,d65ae107-0026-470c-8885-f57b4d7803f4,2026-07-25T14:15:00Z,2026-07-25T16:15:00+0200,1.53,EUR/MWh,DK2,DK_2,imbalance_price,Long,2026-08-11T19:14:45Z
2026-08-11T19:03:52Z,2026-08-11T21:03:52+0200,d65ae107-0026-470c-8885-f57b4d7803f4,2026-07-25T14:15:00Z,2026-07-25T16:15:00+0200,1.53,EUR/MWh,DK2,DK_2,imbalance_price,Short,2026-08-11T19:14:45Z
2026-08-11T19:03:52Z,2026-08-11T21:03:52+0200,d65ae107-0026-470c-8885-f57b4d7803f4,2026-07-25T14:30:00Z,2026-07-25T16:30:00+0200,1.59,EUR/MWh,DK2,DK_2,imbalance_price,Long,2026-08-11T19:14:45Z
2026-08-11T19:03:52Z,2026-08-11T21:03:52+0200,d65ae107-0026-470c-8885-f57b4d7803f4,2026-07-25T14:30:00Z,2026-07-25T16:30:00+0200,1.59,EUR/MWh,DK2,DK_2,imbalance_price,Short,2026-08-11T19:14:45Z
2026-08-11T19:03:52Z,2026-08-11T21:03:52+0200,d65ae107-0026-470c-8885-f57b4d7803f4,2026-07-25T14:45:00Z,2026-07-25T16:45:00+0200,15.0,EUR/MWh,DK2,DK_2,imbalance_price,Long,2026-08-11T19:14:45Z
2026-08-11T19:03:52Z,2026-08-11T21:03:52+0200,d65ae107-0026-470c-8885-f57b4d7803f4,2026-07-25T14:45:00Z,2026-07-25T16:45:00+0200,15.0,EUR/MWh,DK2,DK_2,imbalance_price,Short,2026-08-11T19:14:45Z
2026-08-11T19:03:52Z,2026-08-11T21:03:52+0200,d65ae107-0026-470c-8885-f57b4d7803f4,2026-07-25T15:00:00Z,2026-07-25T17:00:00+0200,15.0,EUR/MWh,DK2,DK_2,imbalance_price,Long,2026-08-11T19:14:45Z
2026-08-11T19:03:52Z,2026-08-11T21:03:52+0200,d65ae107-0026-470c-8885-f57b4d7803f4,2026-07-25T15:00:00Z,2026-07-25T17:00:00+0200,15.0,EUR/MWh,DK2,DK_2,imbalance_price,Short,2026-08-11T19:14:45Z
2026-08-11T19:03:52Z,2026-08-11T21:03:52+0200,d65ae107-0026-470c-8885-f57b4d7803f4,2026-07-25T15:15:00Z,2026-07-25T17:15:00+0200,11.24,EUR/MWh,DK2,DK_2,imbalance_price,Long,2026-08-11T19:14:45Z
2026-08-11T19:03:52Z,2026-08-11T21:03:52+0200,d65ae107-0026-470c-8885-f57b4d7803f4,2026-07-25T15:15:00Z,2026-07-25T17:15:00+0200,11.24,EUR/MWh,DK2,DK_2,imbalance_price,Short,2026-08-11T19:14:45Z
2026-08-11T19:03:52Z,2026-08-11T21:03:52+0200,d65ae107-0026-470c-8885-f57b4d7803f4,2026-07-25T15:30:00Z,2026-07-25T17:30:00+0200,8.4,EUR/MWh,DK2,DK_2,imbalance_price,Long,2026-08-11T19:14:45Z
2026-08-11T19:03:52Z,2026-08-11T21:03:52+0200,d65ae107-0026-470c-8885-f57b4d7803f4,2026-07-25T15:30:00Z,2026-07-25T17:30:00+0200,8.4,EUR/MWh,DK2,DK_2,imbalance_price,Short,2026-08-11T19:14:45Z
2026-08-11T19:03:52Z,2026-08-11T21:03:52+0200,d65ae107-0026-470c-8885-f57b4d7803f4,2026-07-25T15:45:00Z,2026-07-25T17:45:00+0200,6.56,EUR/MWh,DK2,DK_2,imbalance_price,Long,2026-08-11T19:14:45Z
2026-08-11T19:03:52Z,2026-08-11T21:03:52+0200,d65ae107-0026-470c-8885-f57b4d7803f4,2026-07-25T15:45:00Z,2026-07-25T17:45:00+0200,6.56,EUR/MWh,DK2,DK_2,imbalance_price,Short,2026-08-11T19:14:45Z
2026-08-11T19:03:52Z,2026-08-11T21:03:52+0200,d65ae107-0026-470c-8885-f57b4d7803f4,2026-07-25T16:00:00Z,2026-07-25T18:00:00+0200,21.25,EUR/MWh,DK2,DK_2,imbalance_price,Long,2026-08-11T19:14:45Z
2026-08-11T19:03:52Z,2026-08-11T21:03:52+0200,d65ae107-0026-470c-8885-f57b4d7803f4,2026-07-25T16:00:00Z,2026-07-25T18:00:00+0200,21.25,EUR/MWh,DK2,DK_2,imbalance_price,Short,2026-08-11T19:14:45Z
2026-08-11T19:03:52Z,2026-08-11T21:03:52+0200,d65ae107-0026-470c-8885-f57b4d7803f4,2026-07-25T16:15:00Z,2026-07-25T18:15:00+0200,-9.17,EUR/MWh,DK2,DK_2,imbalance_price,Long,2026-08-11T19:14:45Z
2026-08-11T19:03:52Z,2026-08-11T21:03:52+0200,d65ae107-0026-470c-8885-f57b4d7803f4,2026-07-25T16:15:00Z,2026-07-25T18:15:00+0200,-9.17,EUR/MWh,DK2,DK_2,imbalance_price,Short,2026-08-11T19:14:45Z
2026-08-11T19:03:52Z,2026-08-11T21:03:52+0200,d65ae107-0026-470c-8885-f57b4d7803f4,2026-07-25T16:30:00Z,2026-07-25T18:30:00+0200,120.19,EUR/MWh,DK2,DK_2,imbalance_price,Long,2026-08-11T19:14:45Z
2026-08-11T19:03:52Z,2026-08-11T21:03:52+0200,d65ae107-0026-470c-8885-f57b4d7803f4,2026-07-25T16:30:00Z,2026-07-25T18:30:00+0200,120.19,EUR/MWh,DK2,DK_2,imbalance_price,Short,2026-08-11T19:14:45Z
2026-08-11T19:03:52Z,2026-08-11T21:03:52+0200,d65ae107-0026-470c-8885-f57b4d7803f4,2026-07-25T16:45:00Z,2026-07-25T18:45:00+0200,127.34,EUR/MWh,DK2,DK_2,imbalance_price,Long,2026-08-11T19:14:45Z
2026-08-11T19:03:52Z,2026-08-11T21:03:52+0200,d65ae107-0026-470c-8885-f57b4d7803f4,2026-07-25T16:45:00Z,2026-07-25T18:45:00+0200,127.34,EUR/MWh,DK2,DK_2,imbalance_price,Short,2026-08-11T19:14:45Z
2026-08-11T19:03:52Z,2026-08-11T21:03:52+0200,d65ae107-0026-470c-8885-f57b4d7803f4,2026-07-25T17:00:00Z,2026-07-25T19:00:00+0200,114.04,EUR/MWh,DK2,DK_2,imbalance_price,Long,2026-08-11T19:14:45Z
2026-08-11T19:03:52Z,2026-08-11T21:03:52+0200,d65ae107-0026-470c-8885-f57b4d7803f4,2026-07-25T17:00:00Z,2026-07-25T19:00:00+0200,114.04,EUR/MWh,DK2,DK_2,imbalance_price,Short,2026-08-11T19:14:45Z
2026-08-11T19:03:52Z,2026-08-11T21:03:52+0200,d65ae107-0026-470c-8885-f57b4d7803f4,2026-07-25T17:15:00Z,2026-07-25T19:15:00+0200,117.79,EUR/MWh,DK2,DK_2,imbalance_price,Long,2026-08-11T19:14:45Z
2026-08-11T19:03:52Z,2026-08-11T21:03:52+0200,d65ae107-0026-470c-8885-f57b4d7803f4,2026-07-25T17:15:00Z,2026-07-25T19:15:00+0200,117.79,EUR/MWh,DK2,DK_2,imbalance_price,Short,2026-08-11T19:14:45Z
2026-08-11T19:03:52Z,2026-08-11T21:03:52+0200,d65ae107-0026-470c-8885-f57b4d7803f4,2026-07-25T17:30:00Z,2026-07-25T19:30:00+0200,535.87,EUR/MWh,DK2,DK_2,imbalance_price,Long,2026-08-11T19:14:45Z
2026-08-11T19:03:52Z,2026-08-11T21:03:52+0200,d65ae107-0026-470c-8885-f57b4d7803f4,2026-07-25T17:30:00Z,2026-07-25T19:30:00+0200,535.87,EUR/MWh,DK2,DK_2,imbalance_price,Short,2026-08-11T19:14:45Z
2026-08-11T19:03:52Z,2026-08-11T21:03:52+0200,d65ae107-0026-470c-8885-f57b4d7803f4,2026-07-25T17:45:00Z,2026-07-25T19:45:00+0200,735.78,EUR/MWh,DK2,DK_2,imbalance_price,Long,2026-08-11T19:14:45Z
2026-08-11T19:03:52Z,2026-08-11T21:03:52+0200,d65ae107-0026-470c-8885-f57b4d7803f4,2026-07-25T17:45:00Z,2026-07-25T19:45:00+0200,735.78,EUR/MWh,DK2,DK_2,imbalance_price,Short,2026-08-11T19:14:45Z
2026-08-11T19:03:52Z,2026-08-11T21:03:52+0200,d65ae107-0026-470c-8885-f57b4d7803f4,2026-07-25T18:00:00Z,2026-07-25T20:00:00+0200,735.78,EUR/MWh,DK2,DK_2,imbalance_price,Long,2026-08-11T19:14:45Z
2026-08-11T19:03:52Z,2026-08-11T21:03:52+0200,d65ae107-0026-470c-8885-f57b4d7803f4,2026-07-25T18:00:00Z,2026-07-25T20:00:00+0200,735.78,EUR/MWh,DK2,DK_2,imbalance_price,Short,2026-08-11T19:14:45Z
2026-08-11T19:03:52Z,2026-08-11T21:03:52+0200,d65ae107-0026-470c-8885-f57b4d7803f4,2026-07-25T18:15:00Z,2026-07-25T20:15:00+0200,170.67,EUR/MWh,DK2,DK_2,imbalance_price,Long,2026-08-11T19:14:45Z
2026-08-11T19:03:52Z,2026-08-11T21:03:52+0200,d65ae107-0026-470c-8885-f57b4d7803f4,2026-07-25T18:15:00Z,2026-07-25T20:15:00+0200,170.67,EUR/MWh,DK2,DK_2,imbalance_price,Short,2026-08-11T19:14:45Z
2026-08-11T19:03:52Z,2026-08-11T21:03:52+0200,d65ae107-0026-470c-8885-f57b4d7803f4,2026-07-25T18:30:00Z,2026-07-25T20:30:00+0200,154.29,EUR/MWh,DK2,DK_2,imbalance_price,Long,2026-08-11T19:14:45Z
2026-08-11T19:03:52Z,2026-08-11T21:03:52+0200,d65ae107-0026-470c-8885-f57b4d7803f4,2026-07-25T18:30:00Z,2026-07-25T20:30:00+0200,154.29,EUR/MWh,DK2,DK_2,imbalance_price,Short,2026-08-11T19:14:45Z
2026-08-11T19:03:52Z,2026-08-11T21:03:52+0200,d65ae107-0026-470c-8885-f57b4d7803f4,2026-07-25T18:45:00Z,2026-07-25T20:45:00+0200,112.68,EUR/MWh,DK2,DK_2,imbalance_price,Long,2026-08-11T19:14:45Z
2026-08-11T19:03:52Z,2026-08-11T21:03:52+0200,d65ae107-0026-470c-8885-f57b4d7803f4,2026-07-25T18:45:00Z,2026-07-25T20:45:00+0200,112.68,EUR/MWh,DK2,DK_2,imbalance_price,Short,2026-08-11T19:14:45Z
2026-08-11T19:03:52Z,2026-08-11T21:03:52+0200,d65ae107-0026-470c-8885-f57b4d7803f4,2026-07-25T19:00:00Z,2026-07-25T21:00:00+0200,100.29,EUR/MWh,DK2,DK_2,imbalance_price,Long,2026-08-11T19:14:45Z
2026-08-11T19:03:52Z,2026-08-11T21:03:52+0200,d65ae107-0026-470c-8885-f57b4d7803f4,2026-07-25T19:00:00Z,2026-07-25T21:00:00+0200,100.29,EUR/MWh,DK2,DK_2,imbalance_price,Short,2026-08-11T19:14:45Z
2026-08-11T19:03:52Z,2026-08-11T21:03:52+0200,d65ae107-0026-470c-8885-f57b4d7803f4,2026-07-25T19:15:00Z,2026-07-25T21:15:00+0200,31.13,EUR/MWh,DK2,DK_2,imbalance_price,Long,2026-08-11T19:14:45Z
2026-08-11T19:03:52Z,2026-08-11T21:03:52+0200,d65ae107-0026-470c-8885-f57b4d7803f4,2026-07-25T19:15:00Z,2026-07-25T21:15:00+0200,31.13,EUR/MWh,DK2,DK_2,imbalance_price,Short,2026-08-11T19:14:45Z
2026-08-11T19:03:52Z,2026-08-11T21:03:52+0200,d65ae107-0026-470c-8885-f57b4d7803f4,2026-07-25T19:30:00Z,2026-07-25T21:30:00+0200,-5.41,EUR/MWh,DK2,DK_2,imbalance_price,Long,2026-08-11T19:14:45Z
2026-08-11T19:03:52Z,2026-08-11T21:03:52+0200,d65ae107-0026-470c-8885-f57b4d7803f4,2026-07-25T19:30:00Z,2026-07-25T21:30:00+0200,-5.41,EUR/MWh,DK2,DK_2,imbalance_price,Short,2026-08-11T19:14:45Z
2026-08-11T19:03:52Z,2026-08-11T21:03:52+0200,d65ae107-0026-470c-8885-f57b4d7803f4,2026-07-25T19:45:00Z,2026-07-25T21:45:00+0200,52.77,EUR/MWh,DK2,DK_2,imbalance_price,Long,2026-08-11T19:14:45Z
2026-08-11T19:03:52Z,2026-08-11T21:03:52+0200,d65ae107-0026-470c-8885-f57b4d7803f4,2026-07-25T19:45:00Z,2026-07-25T21:45:00+0200,52.77,EUR/MWh,DK2,DK_2,imbalance_price,Short,2026-08-11T19:14:45Z
2026-08-11T19:03:52Z,2026-08-11T21:03:52+0200,d65ae107-0026-470c-8885-f57b4d7803f4,2026-07-25T20:00:00Z,2026-07-25T22:00:00+0200,44.96,EUR/MWh,DK2,DK_2,imbalance_price,Long,2026-08-11T19:14:45Z
2026-08-11T19:03:52Z,2026-08-11T21:03:52+0200,d65ae107-0026-470c-8885-f57b4d7803f4,2026-07-25T20:00:00Z,2026-07-25T22:00:00+0200,44.96,EUR/MWh,DK2,DK_2,imbalance_price,Short,2026-08-11T19:14:45Z
2026-08-11T19:03:52Z,2026-08-11T21:03:52+0200,d65ae107-0026-470c-8885-f57b4d7803f4,2026-07-25T20:15:00Z,2026-07-25T22:15:00+0200,82.05,EUR/MWh,DK2,DK_2,imbalance_price,Long,2026-08-11T19:14:45Z
2026-08-11T19:03:52Z,2026-08-11T21:03:52+0200,d65ae107-0026-470c-8885-f57b4d7803f4,2026-07-25T20:15:00Z,2026-07-25T22:15:00+0200,82.05,EUR/MWh,DK2,DK_2,imbalance_price,Short,2026-08-11T19:14:45Z
2026-08-11T19:03:52Z,2026-08-11T21:03:52+0200,d65ae107-0026-470c-8885-f57b4d7803f4,2026-07-25T20:30:00Z,2026-07-25T22:30:00+0200,73.44,EUR/MWh,DK2,DK_2,imbalance_price,Long,2026-08-11T19:14:45Z
2026-08-11T19:03:52Z,2026-08-11T21:03:52+0200,d65ae107-0026-470c-8885-f57b4d7803f4,2026-07-25T20:30:00Z,2026-07-25T22:30:00+0200,73.44,EUR/MWh,DK2,DK_2,imbalance_price,Short,2026-08-11T19:14:45Z
2026-08-11T19:03:52Z,2026-08-11T21:03:52+0200,d65ae107-0026-470c-8885-f57b4d7803f4,2026-07-25T20:45:00Z,2026-07-25T22:45:00+0200,85.13,EUR/MWh,DK2,DK_2,imbalance_price,Long,2026-08-11T19:14:45Z
2026-08-11T19:03:52Z,2026-08-11T21:03:52+0200,d65ae107-0026-470c-8885-f57b4d7803f4,2026-07-25T20:45:00Z,2026-07-25T22:45:00+0200,85.13,EUR/MWh,DK2,DK_2,imbalance_price,Short,2026-08-11T19:14:45Z
2026-08-11T19:03:52Z,2026-08-11T21:03:52+0200,d65ae107-0026-470c-8885-f57b4d7803f4,2026-07-25T21:00:00Z,2026-07-25T23:00:00+0200,33.01,EUR/MWh,DK2,DK_2,imbalance_price,Long,2026-08-11T19:14:45Z
2026-08-11T19:03:52Z,2026-08-11T21:03:52+0200,d65ae107-0026-470c-8885-f57b4d7803f4,2026-07-25T21:00:00Z,2026-07-25T23:00:00+0200,33.01,EUR/MWh,DK2,DK_2,imbalance_price,Short,2026-08-11T19:14:45Z
2026-08-11T19:03:52Z,2026-08-11T21:03:52+0200,d65ae107-0026-470c-8885-f57b4d7803f4,2026-07-25T21:15:00Z,2026-07-25T23:15:00+0200,-5.0,EUR/MWh,DK2,DK_2,imbalance_price,Long,2026-08-11T19:14:45Z
2026-08-11T19:03:52Z,2026-08-11T21:03:52+0200,d65ae107-0026-470c-8885-f57b4d7803f4,2026-07-25T21:15:00Z,2026-07-25T23:15:00+0200,-5.0,EUR/MWh,DK2,DK_2,imbalance_price,Short,2026-08-11T19:14:45Z
2026-08-11T19:03:52Z,2026-08-11T21:03:52+0200,d65ae107-0026-470c-8885-f57b4d7803f4,2026-07-25T21:30:00Z,2026-07-25T23:30:00+0200,-10.0,EUR/MWh,DK2,DK_2,imbalance_price,Long,2026-08-11T19:14:45Z
2026-08-11T19:03:52Z,2026-08-11T21:03:52+0200,d65ae107-0026-470c-8885-f57b4d7803f4,2026-07-25T21:30:00Z,2026-07-25T23:30:00+0200,-10.0,EUR/MWh,DK2,DK_2,imbalance_price,Short,2026-08-11T19:14:45Z
2026-08-11T19:03:52Z,2026-08-11T21:03:52+0200,d65ae107-0026-470c-8885-f57b4d7803f4,2026-07-25T21:45:00Z,2026-07-25T23:45:00+0200,-10.0,EUR/MWh,DK2,DK_2,imbalance_price,Long,2026-08-11T19:14:45Z
2026-08-11T19:03:52Z,2026-08-11T21:03:52+0200,d65ae107-0026-470c-8885-f57b4d7803f4,2026-07-25T21:45:00Z,2026-07-25T23:45:00+0200,-10.0,EUR/MWh,DK2,DK_2,imbalance_price,Short,2026-08-11T19:14:45Z
2026-08-11T19:03:52Z,2026-08-11T21:03:52+0200,d65ae107-0026-470c-8885-f57b4d7803f4,2026-07-25T22:00:00Z,2026-07-26T00:00:00+0200,-0.5,EUR/MWh,DK2,DK_2,imbalance_price,Long,2026-08-11T19:14:45Z
2026-08-11T19:03:52Z,2026-08-11T21:03:52+0200,d65ae107-0026-470c-8885-f57b4d7803f4,2026-07-25T22:00:00Z,2026-07-26T00:00:00+0200,-0.5,EUR/MWh,DK2,DK_2,imbalance_price,Short,2026-08-11T19:14:45Z
2026-08-11T19:03:52Z,2026-08-11T21:03:52+0200,d65ae107-0026-470c-8885-f57b4d7803f4,2026-07-25T22:15:00Z,2026-07-26T00:15:00+0200,128.0,EUR/MWh,DK2,DK_2,imbalance_price,Long,2026-08-11T19:14:45Z
2026-08-11T19:03:52Z,2026-08-11T21:03:52+0200,d65ae107-0026-470c-8885-f57b4d7803f4,2026-07-25T22:15:00Z,2026-07-26T00:15:00+0200,128.0,EUR/MWh,DK2,DK_2,imbalance_price,Short,2026-08-11T19:14:45Z
2026-08-11T19:03:52Z,2026-08-11T21:03:52+0200,d65ae107-0026-470c-8885-f57b4d7803f4,2026-07-25T22:30:00Z,2026-07-26T00:30:00+0200,130.81,EUR/MWh,DK2,DK_2,imbalance_price,Long,2026-08-11T19:14:45Z
2026-08-11T19:03:52Z,2026-08-11T21:03:52+0200,d65ae107-0026-470c-8885-f57b4d7803f4,2026-07-25T22:30:00Z,2026-07-26T00:30:00+0200,130.81,EUR/MWh,DK2,DK_2,imbalance_price,Short,2026-08-11T19:14:45Z
2026-08-11T19:03:52Z,2026-08-11T21:03:52+0200,d65ae107-0026-470c-8885-f57b4d7803f4,2026-07-25T22:45:00Z,2026-07-26T00:45:00+0200,184.79,EUR/MWh,DK2,DK_2,imbalance_price,Long,2026-08-11T19:14:45Z
2026-08-11T19:03:52Z,2026-08-11T21:03:52+0200,d65ae107-0026-470c-8885-f57b4d7803f4,2026-07-25T22:45:00Z,2026-07-26T00:45:00+0200,184.79,EUR/MWh,DK2,DK_2,imbalance_price,Short,2026-08-11T19:14:45Z
2026-08-11T19:03:52Z,2026-08-11T21:03:52+0200,d65ae107-0026-470c-8885-f57b4d7803f4,2026-07-25T23:00:00Z,2026-07-26T01:00:00+0200,220.2,EUR/MWh,DK2,DK_2,imbalance_price,Long,2026-08-11T19:14:45Z
2026-08-11T19:03:52Z,2026-08-11T21:03:52+0200,d65ae107-0026-470c-8885-f57b4d7803f4,2026-07-25T23:00:00Z,2026-07-26T01:00:00+0200,220.2,EUR/MWh,DK2,DK_2,imbalance_price,Short,2026-08-11T19:14:45Z
2026-08-11T19:03:52Z,2026-08-11T21:03:52+0200,d65ae107-0026-470c-8885-f57b4d7803f4,2026-07-25T23:15:00Z,2026-07-26T01:15:00+0200,219.0,EUR/MWh,DK2,DK_2,imbalance_price,Long,2026-08-11T19:14:45Z
2026-08-11T19:03:52Z,2026-08-11T21:03:52+0200,d65ae107-0026-470c-8885-f57b4d7803f4,2026-07-25T23:15:00Z,2026-07-26T01:15:00+0200,219.0,EUR/MWh,DK2,DK_2,imbalance_price,Short,2026-08-11T19:14:45Z
2026-08-11T19:03:52Z,2026-08-11T21:03:52+0200,d65ae107-0026-470c-8885-f57b4d7803f4,2026-07-25T23:30:00Z,2026-07-26T01:30:00+0200,267.57,EUR/MWh,DK2,DK_2,imbalance_price,Long,2026-08-11T19:14:45Z
2026-08-11T19:03:52Z,2026-08-11T21:03:52+0200,d65ae107-0026-470c-8885-f57b4d7803f4,2026-07-25T23:30:00Z,2026-07-26T01:30:00+0200,267.57,EUR/MWh,DK2,DK_2,imbalance_price,Short,2026-08-11T19:14:45Z
2026-08-11T19:03:52Z,2026-08-11T21:03:52+0200,d65ae107-0026-470c-8885-f57b4d7803f4,2026-07-25T23:45:00Z,2026-07-26T01:45:00+0200,143.22,EUR/MWh,DK2,DK_2,imbalance_price,Long,2026-08-11T19:14:45Z
2026-08-11T19:03:52Z,2026-08-11T21:03:52+0200,d65ae107-0026-470c-8885-f57b4d7803f4,2026-07-25T23:45:00Z,2026-07-26T01:45:00+0200,143.22,EUR/MWh,DK2,DK_2,imbalance_price,Short,2026-08-11T19:14:45Z
2026-08-11T19:03:52Z,2026-08-11T21:03:52+0200,d65ae107-0026-470c-8885-f57b4d7803f4,2026-07-26T00:00:00Z,2026-07-26T02:00:00+0200,144.99,EUR/MWh,DK2,DK_2,imbalance_price,Long,2026-08-11T19:14:45Z
2026-08-11T19:03:52Z,2026-08-11T21:03:52+0200,d65ae107-0026-470c-8885-f57b4d7803f4,2026-07-26T00:00:00Z,2026-07-26T02:00:00+0200,144.99,EUR/MWh,DK2,DK_2,imbalance_price,Short,2026-08-11T19:14:45Z
2026-08-11T19:03:52Z,2026-08-11T21:03:52+0200,d65ae107-0026-470c-8885-f57b4d7803f4,2026-07-26T00:15:00Z,2026-07-26T02:15:00+0200,146.11,EUR/MWh,DK2,DK_2,imbalance_price,Long,2026-08-11T19:14:45Z
2026-08-11T19:03:52Z,2026-08-11T21:03:52+0200,d65ae107-0026-470c-8885-f57b4d7803f4,2026-07-26T00:15:00Z,2026-07-26T02:15:00+0200,146.11,EUR/MWh,DK2,DK_2,imbalance_price,Short,2026-08-11T19:14:45Z
2026-08-11T19:03:52Z,2026-08-11T21:03:52+0200,d65ae107-0026-470c-8885-f57b4d7803f4,2026-07-26T00:30:00Z,2026-07-26T02:30:00+0200,103.31,EUR/MWh,DK2,DK_2,imbalance_price,Long,2026-08-11T19:14:45Z
2026-08-11T19:03:52Z,2026-08-11T21:03:52+0200,d65ae107-0026-470c-8885-f57b4d7803f4,2026-07-26T00:30:00Z,2026-07-26T02:30:00+0200,103.31,EUR/MWh,DK2,DK_2,imbalance_price,Short,2026-08-11T19:14:45Z
2026-08-11T19:03:52Z,2026-08-11T21:03:52+0200,d65ae107-0026-470c-8885-f57b4d7803f4,2026-07-26T00:45:00Z,2026-07-26T02:45:00+0200,149.77,EUR/MWh,DK2,DK_2,imbalance_price,Long,2026-08-11T19:14:45Z
2026-08-11T19:03:52Z,2026-08-11T21:03:52+0200,d65ae107-0026-470c-8885-f57b4d7803f4,2026-07-26T00:45:00Z,2026-07-26T02:45:00+0200,149.77,EUR/MWh,DK2,DK_2,imbalance_price,Short,2026-08-11T19:14:45Z
2026-08-11T19:03:52Z,2026-08-11T21:03:52+0200,d65ae107-0026-470c-8885-f57b4d7803f4,2026-07-26T01:00:00Z,2026-07-26T03:00:00+0200,94.3,EUR/MWh,DK2,DK_2,imbalance_price,Long,2026-08-11T19:14:45Z
2026-08-11T19:03:52Z,2026-08-11T21:03:52+0200,d65ae107-0026-470c-8885-f57b4d7803f4,2026-07-26T01:00:00Z,2026-07-26T03:00:00+0200,94.3,EUR/MWh,DK2,DK_2,imbalance_price,Short,2026-08-11T19:14:45Z
2026-08-11T19:03:52Z,2026-08-11T21:03:52+0200,d65ae107-0026-470c-8885-f57b4d7803f4,2026-07-26T01:15:00Z,2026-07-26T03:15:00+0200,163.89,EUR/MWh,DK2,DK_2,imbalance_price,Long,2026-08-11T19:14:45Z
2026-08-11T19:03:52Z,2026-08-11T21:03:52+0200,d65ae107-0026-470c-8885-f57b4d7803f4,2026-07-26T01:15:00Z,2026-07-26T03:15:00+0200,163.89,EUR/MWh,DK2,DK_2,imbalance_price,Short,2026-08-11T19:14:45Z
2026-08-11T19:03:52Z,2026-08-11T21:03:52+0200,d65ae107-0026-470c-8885-f57b4d7803f4,2026-07-26T01:30:00Z,2026-07-26T03:30:00+0200,212.3,EUR/MWh,DK2,DK_2,imbalance_price,Long,2026-08-11T19:14:45Z
2026-08-11T19:03:52Z,2026-08-11T21:03:52+0200,d65ae107-0026-470c-8885-f57b4d7803f4,2026-07-26T01:30:00Z,2026-07-26T03:30:00+0200,212.3,EUR/MWh,DK2,DK_2,imbalance_price,Short,2026-08-11T19:14:45Z
2026-08-11T19:03:52Z,2026-08-11T21:03:52+0200,d65ae107-0026-470c-8885-f57b4d7803f4,2026-07-26T01:45:00Z,2026-07-26T03:45:00+0200,151.73,EUR/MWh,DK2,DK_2,imbalance_price,Long,2026-08-11T19:14:45Z
2026-08-11T19:03:52Z,2026-08-11T21:03:52+0200,d65ae107-0026-470c-8885-f57b4d7803f4,2026-07-26T01:45:00Z,2026-07-26T03:45:00+0200,151.73,EUR/MWh,DK2,DK_2,imbalance_price,Short,2026-08-11T19:14:45Z
2026-08-11T19:03:52Z,2026-08-11T21:03:52+0200,d65ae107-0026-470c-8885-f57b4d7803f4,2026-07-26T02:00:00Z,2026-07-26T04:00:00+0200,535.2,EUR/MWh,DK2,DK_2,imbalance_price,Long,2026-08-11T19:14:45Z
2026-08-11T19:03:52Z,2026-08-11T21:03:52+0200,d65ae107-0026-470c-8885-f57b4d7803f4,2026-07-26T02:00:00Z,2026-07-26T04:00:00+0200,535.2,EUR/MWh,DK2,DK_2,imbalance_price,Short,2026-08-11T19:14:45Z
2026-08-11T19:03:52Z,2026-08-11T21:03:52+0200,d65ae107-0026-470c-8885-f57b4d7803f4,2026-07-26T02:15:00Z,2026-07-26T04:15:00+0200,481.98,EUR/MWh,DK2,DK_2,imbalance_price,Long,2026-08-11T19:14:45Z
2026-08-11T19:03:52Z,2026-08-11T21:03:52+0200,d65ae107-0026-470c-8885-f57b4d7803f4,2026-07-26T02:15:00Z,2026-07-26T04:15:00+0200,481.98,EUR/MWh,DK2,DK_2,imbalance_price,Short,2026-08-11T19:14:45Z
2026-08-11T19:03:52Z,2026-08-11T21:03:52+0200,d65ae107-0026-470c-8885-f57b4d7803f4,2026-07-26T02:30:00Z,2026-07-26T04:30:00+0200,144.68,EUR/MWh,DK2,DK_2,imbalance_price,Long,2026-08-11T19:14:45Z
2026-08-11T19:03:52Z,2026-08-11T21:03:52+0200,d65ae107-0026-470c-8885-f57b4d7803f4,2026-07-26T02:30:00Z,2026-07-26T04:30:00+0200,144.68,EUR/MWh,DK2,DK_2,imbalance_price,Short,2026-08-11T19:14:45Z
2026-08-11T19:03:52Z,2026-08-11T21:03:52+0200,d65ae107-0026-470c-8885-f57b4d7803f4,2026-07-26T02:45:00Z,2026-07-26T04:45:00+0200,142.72,EUR/MWh,DK2,DK_2,imbalance_price,Long,2026-08-11T19:14:45Z
2026-08-11T19:03:52Z,2026-08-11T21:03:52+0200,d65ae107-0026-470c-8885-f57b4d7803f4,2026-07-26T02:45:00Z,2026-07-26T04:45:00+0200,142.72,EUR/MWh,DK2,DK_2,imbalance_price,Short,2026-08-11T19:14:45Z
2026-08-11T19:03:52Z,2026-08-11T21:03:52+0200,d65ae107-0026-470c-8885-f57b4d7803f4,2026-07-26T03:00:00Z,2026-07-26T05:00:00+0200,12.35,EUR/MWh,DK2,DK_2,imbalance_price,Long,2026-08-11T19:14:45Z
2026-08-11T19:03:52Z,2026-08-11T21:03:52+0200,d65ae107-0026-470c-8885-f57b4d7803f4,2026-07-26T03:00:00Z,2026-07-26T05:00:00+0200,12.35,EUR/MWh,DK2,DK_2,imbalance_price,Short,2026-08-11T19:14:45Z
2026-08-11T19:03:52Z,2026-08-11T21:03:52+0200,d65ae107-0026-470c-8885-f57b4d7803f4,2026-07-26T03:15:00Z,2026-07-26T05:15:00+0200,55.89,EUR/MWh,DK2,DK_2,imbalance_price,Long,2026-08-11T19:14:45Z
2026-08-11T19:03:52Z,2026-08-11T21:03:52+0200,d65ae107-0026-470c-8885-f57b4d7803f4,2026-07-26T03:15:00Z,2026-07-26T05:15:00+0200,55.89,EUR/MWh,DK2,DK_2,imbalance_price,Short,2026-08-11T19:14:45Z
2026-08-11T19:03:52Z,2026-08-11T21:03:52+0200,d65ae107-0026-470c-8885-f57b4d7803f4,2026-07-26T03:30:00Z,2026-07-26T05:30:00+0200,70.51,EUR/MWh,DK2,DK_2,imbalance_price,Long,2026-08-11T19:14:45Z
2026-08-11T19:03:52Z,2026-08-11T21:03:52+0200,d65ae107-0026-470c-8885-f57b4d7803f4,2026-07-26T03:30:00Z,2026-07-26T05:30:00+0200,70.51,EUR/MWh,DK2,DK_2,imbalance_price,Short,2026-08-11T19:14:45Z
2026-08-11T19:03:52Z,2026-08-11T21:03:52+0200,d65ae107-0026-470c-8885-f57b4d7803f4,2026-07-26T03:45:00Z,2026-07-26T05:45:00+0200,133.9,EUR/MWh,DK2,DK_2,imbalance_price,Long,2026-08-11T19:14:45Z
2026-08-11T19:03:52Z,2026-08-11T21:03:52+0200,d65ae107-0026-470c-8885-f57b4d7803f4,2026-07-26T03:45:00Z,2026-07-26T05:45:00+0200,133.9,EUR/MWh,DK2,DK_2,imbalance_price,Short,2026-08-11T19:14:45Z
2026-08-11T19:03:52Z,2026-08-11T21:03:52+0200,d65ae107-0026-470c-8885-f57b4d7803f4,2026-07-26T04:00:00Z,2026-07-26T06:00:00+0200,23.04,EUR/MWh,DK2,DK_2,imbalance_price,Long,2026-08-11T19:14:45Z
2026-08-11T19:03:52Z,2026-08-11T21:03:52+0200,d65ae107-0026-470c-8885-f57b4d7803f4,2026-07-26T04:00:00Z,2026-07-26T06:00:00+0200,23.04,EUR/MWh,DK2,DK_2,imbalance_price,Short,2026-08-11T19:14:45Z
2026-08-11T19:03:52Z,2026-08-11T21:03:52+0200,d65ae107-0026-470c-8885-f57b4d7803f4,2026-07-26T04:15:00Z,2026-07-26T06:15:00+0200,102.1,EUR/MWh,DK2,DK_2,imbalance_price,Long,2026-08-11T19:14:45Z
2026-08-11T19:03:52Z,2026-08-11T21:03:52+0200,d65ae107-0026-470c-8885-f57b4d7803f4,2026-07-26T04:15:00Z,2026-07-26T06:15:00+0200,102.1,EUR/MWh,DK2,DK_2,imbalance_price,Short,2026-08-11T19:14:45Z
2026-08-11T19:03:52Z,2026-08-11T21:03:52+0200,d65ae107-0026-470c-8885-f57b4d7803f4,2026-07-26T04:30:00Z,2026-07-26T06:30:00+0200,285.5,EUR/MWh,DK2,DK_2,imbalance_price,Long,2026-08-11T19:14:45Z
2026-08-11T19:03:52Z,2026-08-11T21:03:52+0200,d65ae107-0026-470c-8885-f57b4d7803f4,2026-07-26T04:30:00Z,2026-07-26T06:30:00+0200,285.5,EUR/MWh,DK2,DK_2,imbalance_price,Short,2026-08-11T19:14:45Z
2026-08-11T19:03:52Z,2026-08-11T21:03:52+0200,d65ae107-0026-470c-8885-f57b4d7803f4,2026-07-26T04:45:00Z,2026-07-26T06:45:00+0200,114.26,EUR/MWh,DK2,DK_2,imbalance_price,Long,2026-08-11T19:14:45Z
2026-08-11T19:03:52Z,2026-08-11T21:03:52+0200,d65ae107-0026-470c-8885-f57b4d7803f4,2026-07-26T04:45:00Z,2026-07-26T06:45:00+0200,114.26,EUR/MWh,DK2,DK_2,imbalance_price,Short,2026-08-11T19:14:45Z
2026-08-11T19:03:52Z,2026-08-11T21:03:52+0200,d65ae107-0026-470c-8885-f57b4d7803f4,2026-07-26T05:00:00Z,2026-07-26T07:00:00+0200,353.51,EUR/MWh,DK2,DK_2,imbalance_price,Long,2026-08-11T19:14:45Z
2026-08-11T19:03:52Z,2026-08-11T21:03:52+0200,d65ae107-0026-470c-8885-f57b4d7803f4,2026-07-26T05:00:00Z,2026-07-26T07:00:00+0200,353.51,EUR/MWh,DK2,DK_2,imbalance_price,Short,2026-08-11T19:14:45Z
2026-08-11T19:03:52Z,2026-08-11T21:03:52+0200,d65ae107-0026-470c-8885-f57b4d7803f4,2026-07-26T05:15:00Z,2026-07-26T07:15:00+0200,669.0,EUR/MWh,DK2,DK_2,imbalance_price,Long,2026-08-11T19:14:45Z
2026-08-11T19:03:52Z,2026-08-11T21:03:52+0200,d65ae107-0026-470c-8885-f57b4d7803f4,2026-07-26T05:15:00Z,2026-07-26T07:15:00+0200,669.0,EUR/MWh,DK2,DK_2,imbalance_price,Short,2026-08-11T19:14:45Z
2026-08-11T19:03:52Z,2026-08-11T21:03:52+0200,d65ae107-0026-470c-8885-f57b4d7803f4,2026-07-26T05:30:00Z,2026-07-26T07:30:00+0200,107.3,EUR/MWh,DK2,DK_2,imbalance_price,Long,2026-08-11T19:14:45Z
2026-08-11T19:03:52Z,2026-08-11T21:03:52+0200,d65ae107-0026-470c-8885-f57b4d7803f4,2026-07-26T05:30:00Z,2026-07-26T07:30:00+0200,107.3,EUR/MWh,DK2,DK_2,imbalance_price,Short,2026-08-11T19:14:45Z
2026-08-11T19:03:52Z,2026-08-11T21:03:52+0200,d65ae107-0026-470c-8885-f57b4d7803f4,2026-07-26T05:45:00Z,2026-07-26T07:45:00+0200,0.0,EUR/MWh,DK2,DK_2,imbalance_price,Long,2026-08-11T19:14:45Z
2026-08-11T19:03:52Z,2026-08-11T21:03:52+0200,d65ae107-0026-470c-8885-f57b4d7803f4,2026-07-26T05:45:00Z,2026-07-26T07:45:00+0200,0.0,EUR/MWh,DK2,DK_2,imbalance_price,Short,2026-08-11T19:14:45Z
2026-08-11T19:03:52Z,2026-08-11T21:03:52+0200,d65ae107-0026-470c-8885-f57b4d7803f4,2026-07-26T06:00:00Z,2026-07-26T08:00:00+0200,1.86,EUR/MWh,DK2,DK_2,imbalance_price,Long,2026-08-11T19:14:45Z
2026-08-11T19:03:52Z,2026-08-11T21:03:52+0200,d65ae107-0026-470c-8885-f57b4d7803f4,2026-07-26T06:00:00Z,2026-07-26T08:00:00+0200,1.86,EUR/MWh,DK2,DK_2,imbalance_price,Short,2026-08-11T19:14:45Z
2026-08-11T19:03:52Z,2026-08-11T21:03:52+0200,d65ae107-0026-470c-8885-f57b4d7803f4,2026-07-26T06:15:00Z,2026-07-26T08:15:00+0200,106.4,EUR/MWh,DK2,DK_2,imbalance_price,Long,2026-08-11T19:14:45Z
2026-08-11T19:03:52Z,2026-08-11T21:03:52+0200,d65ae107-0026-470c-8885-f57b4d7803f4,2026-07-26T06:15:00Z,2026-07-26T08:15:00+0200,106.4,EUR/MWh,DK2,DK_2,imbalance_price,Short,2026-08-11T19:14:45Z
2026-08-11T19:03:52Z,2026-08-11T21:03:52+0200,d65ae107-0026-470c-8885-f57b4d7803f4,2026-07-26T06:30:00Z,2026-07-26T08:30:00+0200,94.12,EUR/MWh,DK2,DK_2,imbalance_price,Long,2026-08-11T19:14:45Z
2026-08-11T19:03:52Z,2026-08-11T21:03:52+0200,d65ae107-0026-470c-8885-f57b4d7803f4,2026-07-26T06:30:00Z,2026-07-26T08:30:00+0200,94.12,EUR/MWh,DK2,DK_2,imbalance_price,Short,2026-08-11T19:14:45Z
2026-08-11T19:03:52Z,2026-08-11T21:03:52+0200,d65ae107-0026-470c-8885-f57b4d7803f4,2026-07-26T06:45:00Z,2026-07-26T08:45:00+0200,-2.0,EUR/MWh,DK2,DK_2,imbalance_price,Long,2026-08-11T19:14:45Z
2026-08-11T19:03:52Z,2026-08-11T21:03:52+0200,d65ae107-0026-470c-8885-f57b4d7803f4,2026-07-26T06:45:00Z,2026-07-26T08:45:00+0200,-2.0,EUR/MWh,DK2,DK_2,imbalance_price,Short,2026-08-11T19:14:45Z
2026-08-11T19:03:52Z,2026-08-11T21:03:52+0200,d65ae107-0026-470c-8885-f57b4d7803f4,2026-07-26T07:00:00Z,2026-07-26T09:00:00+0200,-6.63,EUR/MWh,DK2,DK_2,imbalance_price,Long,2026-08-11T19:14:45Z
2026-08-11T19:03:52Z,2026-08-11T21:03:52+0200,d65ae107-0026-470c-8885-f57b4d7803f4,2026-07-26T07:00:00Z,2026-07-26T09:00:00+0200,-6.63,EUR/MWh,DK2,DK_2,imbalance_price,Short,2026-08-11T19:14:45Z
2026-08-11T19:03:52Z,2026-08-11T21:03:52+0200,d65ae107-0026-470c-8885-f57b4d7803f4,2026-07-26T07:15:00Z,2026-07-26T09:15:00+0200,-19.02,EUR/MWh,DK2,DK_2,imbalance_price,Long,2026-08-11T19:14:45Z
2026-08-11T19:03:52Z,2026-08-11T21:03:52+0200,d65ae107-0026-470c-8885-f57b4d7803f4,2026-07-26T07:15:00Z,2026-07-26T09:15:00+0200,-19.02,EUR/MWh,DK2,DK_2,imbalance_price,Short,2026-08-11T19:14:45Z
2026-08-11T19:03:52Z,2026-08-11T21:03:52+0200,d65ae107-0026-470c-8885-f57b4d7803f4,2026-07-26T07:30:00Z,2026-07-26T09:30:00+0200,-19.12,EUR/MWh,DK2,DK_2,imbalance_price,Long,2026-08-11T19:14:45Z
2026-08-11T19:03:52Z,2026-08-11T21:03:52+0200,d65ae107-0026-470c-8885-f57b4d7803f4,2026-07-26T07:30:00Z,2026-07-26T09:30:00+0200,-19.12,EUR/MWh,DK2,DK_2,imbalance_price,Short,2026-08-11T19:14:45Z
2026-08-11T19:03:52Z,2026-08-11T21:03:52+0200,d65ae107-0026-470c-8885-f57b4d7803f4,2026-07-26T07:45:00Z,2026-07-26T09:45:00+0200,-9.01,EUR/MWh,DK2,DK_2,imbalance_price,Long,2026-08-11T19:14:45Z
2026-08-11T19:03:52Z,2026-08-11T21:03:52+0200,d65ae107-0026-470c-8885-f57b4d7803f4,2026-07-26T07:45:00Z,2026-07-26T09:45:00+0200,-9.01,EUR/MWh,DK2,DK_2,imbalance_price,Short,2026-08-11T19:14:45Z
2026-08-11T19:03:52Z,2026-08-11T21:03:52+0200,d65ae107-0026-470c-8885-f57b4d7803f4,2026-07-26T08:00:00Z,2026-07-26T10:00:00+0200,-117.05,EUR/MWh,DK2,DK_2,imbalance_price,Long,2026-08-11T19:14:45Z
2026-08-11T19:03:52Z,2026-08-11T21:03:52+0200,d65ae107-0026-470c-8885-f57b4d7803f4,2026-07-26T08:00:00Z,2026-07-26T10:00:00+0200,-117.05,EUR/MWh,DK2,DK_2,imbalance_price,Short,2026-08-11T19:14:45Z
2026-08-11T19:03:52Z,2026-08-11T21:03:52+0200,d65ae107-0026-470c-8885-f57b4d7803f4,2026-07-26T08:15:00Z,2026-07-26T10:15:00+0200,-12.58,EUR/MWh,DK2,DK_2,imbalance_price,Long,2026-08-11T19:14:45Z
2026-08-11T19:03:52Z,2026-08-11T21:03:52+0200,d65ae107-0026-470c-8885-f57b4d7803f4,2026-07-26T08:15:00Z,2026-07-26T10:15:00+0200,-12.58,EUR/MWh,DK2,DK_2,imbalance_price,Short,2026-08-11T19:14:45Z
2026-08-11T19:03:52Z,2026-08-11T21:03:52+0200,d65ae107-0026-470c-8885-f57b4d7803f4,2026-07-26T08:30:00Z,2026-07-26T10:30:00+0200,-12.33,EUR/MWh,DK2,DK_2,imbalance_price,Long,2026-08-11T19:14:45Z
2026-08-11T19:03:52Z,2026-08-11T21:03:52+0200,d65ae107-0026-470c-8885-f57b4d7803f4,2026-07-26T08:30:00Z,2026-07-26T10:30:00+0200,-12.33,EUR/MWh,DK2,DK_2,imbalance_price,Short,2026-08-11T19:14:45Z
2026-08-11T19:03:52Z,2026-08-11T21:03:52+0200,d65ae107-0026-470c-8885-f57b4d7803f4,2026-07-26T08:45:00Z,2026-07-26T10:45:00+0200,-8.71,EUR/MWh,DK2,DK_2,imbalance_price,Long,2026-08-11T19:14:45Z
2026-08-11T19:03:52Z,2026-08-11T21:03:52+0200,d65ae107-0026-470c-8885-f57b4d7803f4,2026-07-26T08:45:00Z,2026-07-26T10:45:00+0200,-8.71,EUR/MWh,DK2,DK_2,imbalance_price,Short,2026-08-11T19:14:45Z
2026-08-11T19:03:52Z,2026-08-11T21:03:52+0200,d65ae107-0026-470c-8885-f57b4d7803f4,2026-07-26T09:00:00Z,2026-07-26T11:00:00+0200,-9.81,EUR/MWh,DK2,DK_2,imbalance_price,Long,2026-08-11T19:14:45Z
2026-08-11T19:03:52Z,2026-08-11T21:03:52+0200,d65ae107-0026-470c-8885-f57b4d7803f4,2026-07-26T09:00:00Z,2026-07-26T11:00:00+0200,-9.81,EUR/MWh,DK2,DK_2,imbalance_price,Short,2026-08-11T19:14:45Z
2026-08-11T19:03:52Z,2026-08-11T21:03:52+0200,d65ae107-0026-470c-8885-f57b4d7803f4,2026-07-26T09:15:00Z,2026-07-26T11:15:00+0200,-11.07,EUR/MWh,DK2,DK_2,imbalance_price,Long,2026-08-11T19:14:45Z
2026-08-11T19:03:52Z,2026-08-11T21:03:52+0200,d65ae107-0026-470c-8885-f57b4d7803f4,2026-07-26T09:15:00Z,2026-07-26T11:15:00+0200,-11.07,EUR/MWh,DK2,DK_2,imbalance_price,Short,2026-08-11T19:14:45Z
2026-08-11T19:03:52Z,2026-08-11T21:03:52+0200,d65ae107-0026-470c-8885-f57b4d7803f4,2026-07-26T09:30:00Z,2026-07-26T11:30:00+0200,-0.01,EUR/MWh,DK2,DK_2,imbalance_price,Long,2026-08-11T19:14:45Z
2026-08-11T19:03:52Z,2026-08-11T21:03:52+0200,d65ae107-0026-470c-8885-f57b4d7803f4,2026-07-26T09:30:00Z,2026-07-26T11:30:00+0200,-0.01,EUR/MWh,DK2,DK_2,imbalance_price,Short,2026-08-11T19:14:45Z
2026-08-11T19:03:52Z,2026-08-11T21:03:52+0200,d65ae107-0026-470c-8885-f57b4d7803f4,2026-07-26T09:45:00Z,2026-07-26T11:45:00+0200,0.0,EUR/MWh,DK2,DK_2,imbalance_price,Long,2026-08-11T19:14:45Z
2026-08-11T19:03:52Z,2026-08-11T21:03:52+0200,d65ae107-0026-470c-8885-f57b4d7803f4,2026-07-26T09:45:00Z,2026-07-26T11:45:00+0200,0.0,EUR/MWh,DK2,DK_2,imbalance_price,Short,2026-08-11T19:14:45Z
2026-08-11T19:03:52Z,2026-08-11T21:03:52+0200,d65ae107-0026-470c-8885-f57b4d7803f4,2026-07-26T10:00:00Z,2026-07-26T12:00:00+0200,-2.0,EUR/MWh,DK2,DK_2,imbalance_price,Long,2026-08-11T19:14:45Z
2026-08-11T19:03:52Z,2026-08-11T21:03:52+0200,d65ae107-0026-470c-8885-f57b4d7803f4,2026-07-26T10:00:00Z,2026-07-26T12:00:00+0200,-2.0,EUR/MWh,DK2,DK_2,imbalance_price,Short,2026-08-11T19:14:45Z
2026-08-11T19:03:52Z,2026-08-11T21:03:52+0200,d65ae107-0026-470c-8885-f57b4d7803f4,2026-07-26T10:15:00Z,2026-07-26T12:15:00+0200,-0.04,EUR/MWh,DK2,DK_2,imbalance_price,Long,2026-08-11T19:14:45Z
2026-08-11T19:03:52Z,2026-08-11T21:03:52+0200,d65ae107-0026-470c-8885-f57b4d7803f4,2026-07-26T10:15:00Z,2026-07-26T12:15:00+0200,-0.04,EUR/MWh,DK2,DK_2,imbalance_price,Short,2026-08-11T19:14:45Z
2026-08-11T19:03:52Z,2026-08-11T21:03:52+0200,d65ae107-0026-470c-8885-f57b4d7803f4,2026-07-26T10:30:00Z,2026-07-26T12:30:00+0200,40.1,EUR/MWh,DK2,DK_2,imbalance_price,Long,2026-08-11T19:14:45Z
2026-08-11T19:03:52Z,2026-08-11T21:03:52+0200,d65ae107-0026-470c-8885-f57b4d7803f4,2026-07-26T10:30:00Z,2026-07-26T12:30:00+0200,40.1,EUR/MWh,DK2,DK_2,imbalance_price,Short,2026-08-11T19:14:45Z
2026-08-11T19:03:52Z,2026-08-11T21:03:52+0200,d65ae107-0026-470c-8885-f57b4d7803f4,2026-07-26T10:45:00Z,2026-07-26T12:45:00+0200,47.32,EUR/MWh,DK2,DK_2,imbalance_price,Long,2026-08-11T19:14:45Z
2026-08-11T19:03:52Z,2026-08-11T21:03:52+0200,d65ae107-0026-470c-8885-f57b4d7803f4,2026-07-26T10:45:00Z,2026-07-26T12:45:00+0200,47.32,EUR/MWh,DK2,DK_2,imbalance_price,Short,2026-08-11T19:14:45Z
2026-08-11T19:03:52Z,2026-08-11T21:03:52+0200,d65ae107-0026-470c-8885-f57b4d7803f4,2026-07-26T11:00:00Z,2026-07-26T13:00:00+0200,-0.01,EUR/MWh,DK2,DK_2,imbalance_price,Long,2026-08-11T19:14:45Z
2026-08-11T19:03:52Z,2026-08-11T21:03:52+0200,d65ae107-0026-470c-8885-f57b4d7803f4,2026-07-26T11:00:00Z,2026-07-26T13:00:00+0200,-0.01,EUR/MWh,DK2,DK_2,imbalance_price,Short,2026-08-11T19:14:45Z
2026-08-11T19:03:52Z,2026-08-11T21:03:52+0200,d65ae107-0026-470c-8885-f57b4d7803f4,2026-07-26T11:15:00Z,2026-07-26T13:15:00+0200,-0.53,EUR/MWh,DK2,DK_2,imbalance_price,Long,2026-08-11T19:14:45Z
2026-08-11T19:03:52Z,2026-08-11T21:03:52+0200,d65ae107-0026-470c-8885-f57b4d7803f4,2026-07-26T11:15:00Z,2026-07-26T13:15:00+0200,-0.53,EUR/MWh,DK2,DK_2,imbalance_price,Short,2026-08-11T19:14:45Z
2026-08-11T19:03:52Z,2026-08-11T21:03:52+0200,d65ae107-0026-470c-8885-f57b4d7803f4,2026-07-26T11:30:00Z,2026-07-26T13:30:00+0200,-7.24,EUR/MWh,DK2,DK_2,imbalance_price,Long,2026-08-11T19:14:45Z
2026-08-11T19:03:52Z,2026-08-11T21:03:52+0200,d65ae107-0026-470c-8885-f57b4d7803f4,2026-07-26T11:30:00Z,2026-07-26T13:30:00+0200,-7.24,EUR/MWh,DK2,DK_2,imbalance_price,Short,2026-08-11T19:14:45Z
2026-08-11T19:03:52Z,2026-08-11T21:03:52+0200,d65ae107-0026-470c-8885-f57b4d7803f4,2026-07-26T11:45:00Z,2026-07-26T13:45:00+0200,0.0,EUR/MWh,DK2,DK_2,imbalance_price,Long,2026-08-11T19:14:45Z
2026-08-11T19:03:52Z,2026-08-11T21:03:52+0200,d65ae107-0026-470c-8885-f57b4d7803f4,2026-07-26T11:45:00Z,2026-07-26T13:45:00+0200,0.0,EUR/MWh,DK2,DK_2,imbalance_price,Short,2026-08-11T19:14:45Z
2026-08-11T19:03:52Z,2026-08-11T21:03:52+0200,d65ae107-0026-470c-8885-f57b4d7803f4,2026-07-26T12:00:00Z,2026-07-26T14:00:00+0200,0.24,EUR/MWh,DK2,DK_2,imbalance_price,Long,2026-08-11T19:14:45Z
2026-08-11T19:03:52Z,2026-08-11T21:03:52+0200,d65ae107-0026-470c-8885-f57b4d7803f4,2026-07-26T12:00:00Z,2026-07-26T14:00:00+0200,0.24,EUR/MWh,DK2,DK_2,imbalance_price,Short,2026-08-11T19:14:45Z
2026-08-11T19:03:52Z,2026-08-11T21:03:52+0200,d65ae107-0026-470c-8885-f57b4d7803f4,2026-07-26T12:15:00Z,2026-07-26T14:15:00+0200,-2.0,EUR/MWh,DK2,DK_2,imbalance_price,Long,2026-08-11T19:14:45Z
2026-08-11T19:03:52Z,2026-08-11T21:03:52+0200,d65ae107-0026-470c-8885-f57b4d7803f4,2026-07-26T12:15:00Z,2026-07-26T14:15:00+0200,-2.0,EUR/MWh,DK2,DK_2,imbalance_price,Short,2026-08-11T19:14:45Z
2026-08-11T19:03:52Z,2026-08-11T21:03:52+0200,d65ae107-0026-470c-8885-f57b4d7803f4,2026-07-26T12:30:00Z,2026-07-26T14:30:00+0200,-0.03,EUR/MWh,DK2,DK_2,imbalance_price,Long,2026-08-11T19:14:45Z
2026-08-11T19:03:52Z,2026-08-11T21:03:52+0200,d65ae107-0026-470c-8885-f57b4d7803f4,2026-07-26T12:30:00Z,2026-07-26T14:30:00+0200,-0.03,EUR/MWh,DK2,DK_2,imbalance_price,Short,2026-08-11T19:14:45Z
2026-08-11T19:03:52Z,2026-08-11T21:03:52+0200,d65ae107-0026-470c-8885-f57b4d7803f4,2026-07-26T12:45:00Z,2026-07-26T14:45:00+0200,0.25,EUR/MWh,DK2,DK_2,imbalance_price,Long,2026-08-11T19:14:45Z
2026-08-11T19:03:52Z,2026-08-11T21:03:52+0200,d65ae107-0026-470c-8885-f57b4d7803f4,2026-07-26T12:45:00Z,2026-07-26T14:45:00+0200,0.25,EUR/MWh,DK2,DK_2,imbalance_price,Short,2026-08-11T19:14:45Z
2026-08-11T19:03:52Z,2026-08-11T21:03:52+0200,d65ae107-0026-470c-8885-f57b4d7803f4,2026-07-26T13:00:00Z,2026-07-26T15:00:00+0200,-1.75,EUR/MWh,DK2,DK_2,imbalance_price,Long,2026-08-11T19:14:45Z
2026-08-11T19:03:52Z,2026-08-11T21:03:52+0200,d65ae107-0026-470c-8885-f57b4d7803f4,2026-07-26T13:00:00Z,2026-07-26T15:00:00+0200,-1.75,EUR/MWh,DK2,DK_2,imbalance_price,Short,2026-08-11T19:14:45Z
2026-08-11T19:03:52Z,2026-08-11T21:03:52+0200,d65ae107-0026-470c-8885-f57b4d7803f4,2026-07-26T13:15:00Z,2026-07-26T15:15:00+0200,-3.58,EUR/MWh,DK2,DK_2,imbalance_price,Long,2026-08-11T19:14:45Z
2026-08-11T19:03:52Z,2026-08-11T21:03:52+0200,d65ae107-0026-470c-8885-f57b4d7803f4,2026-07-26T13:15:00Z,2026-07-26T15:15:00+0200,-3.58,EUR/MWh,DK2,DK_2,imbalance_price,Short,2026-08-11T19:14:45Z
2026-08-11T19:03:52Z,2026-08-11T21:03:52+0200,d65ae107-0026-470c-8885-f57b4d7803f4,2026-07-26T13:30:00Z,2026-07-26T15:30:00+0200,-4.37,EUR/MWh,DK2,DK_2,imbalance_price,Long,2026-08-11T19:14:45Z
2026-08-11T19:03:52Z,2026-08-11T21:03:52+0200,d65ae107-0026-470c-8885-f57b4d7803f4,2026-07-26T13:30:00Z,2026-07-26T15:30:00+0200,-4.37,EUR/MWh,DK2,DK_2,imbalance_price,Short,2026-08-11T19:14:45Z
2026-08-11T19:03:52Z,2026-08-11T21:03:52+0200,d65ae107-0026-470c-8885-f57b4d7803f4,2026-07-26T13:45:00Z,2026-07-26T15:45:00+0200,1.23,EUR/MWh,DK2,DK_2,imbalance_price,Long,2026-08-11T19:14:45Z
2026-08-11T19:03:52Z,2026-08-11T21:03:52+0200,d65ae107-0026-470c-8885-f57b4d7803f4,2026-07-26T13:45:00Z,2026-07-26T15:45:00+0200,1.23,EUR/MWh,DK2,DK_2,imbalance_price,Short,2026-08-11T19:14:45Z
2026-08-11T19:03:52Z,2026-08-11T21:03:52+0200,d65ae107-0026-470c-8885-f57b4d7803f4,2026-07-26T14:00:00Z,2026-07-26T16:00:00+0200,-6.69,EUR/MWh,DK2,DK_2,imbalance_price,Long,2026-08-11T19:14:45Z
2026-08-11T19:03:52Z,2026-08-11T21:03:52+0200,d65ae107-0026-470c-8885-f57b4d7803f4,2026-07-26T14:00:00Z,2026-07-26T16:00:00+0200,-6.69,EUR/MWh,DK2,DK_2,imbalance_price,Short,2026-08-11T19:14:45Z
2026-08-11T19:03:52Z,2026-08-11T21:03:52+0200,d65ae107-0026-470c-8885-f57b4d7803f4,2026-07-26T14:15:00Z,2026-07-26T16:15:00+0200,-13.21,EUR/MWh,DK2,DK_2,imbalance_price,Long,2026-08-11T19:14:45Z
2026-08-11T19:03:52Z,2026-08-11T21:03:52+0200,d65ae107-0026-470c-8885-f57b4d7803f4,2026-07-26T14:15:00Z,2026-07-26T16:15:00+0200,-13.21,EUR/MWh,DK2,DK_2,imbalance_price,Short,2026-08-11T19:14:45Z
2026-08-11T19:03:52Z,2026-08-11T21:03:52+0200,d65ae107-0026-470c-8885-f57b4d7803f4,2026-07-26T14:30:00Z,2026-07-26T16:30:00+0200,-30.0,EUR/MWh,DK2,DK_2,imbalance_price,Long,2026-08-11T19:14:45Z
2026-08-11T19:03:52Z,2026-08-11T21:03:52+0200,d65ae107-0026-470c-8885-f57b4d7803f4,2026-07-26T14:30:00Z,2026-07-26T16:30:00+0200,-30.0,EUR/MWh,DK2,DK_2,imbalance_price,Short,2026-08-11T19:14:45Z
2026-08-11T19:03:52Z,2026-08-11T21:03:52+0200,d65ae107-0026-470c-8885-f57b4d7803f4,2026-07-26T14:45:00Z,2026-07-26T16:45:00+0200,-11.05,EUR/MWh,DK2,DK_2,imbalance_price,Long,2026-08-11T19:14:45Z
2026-08-11T19:03:52Z,2026-08-11T21:03:52+0200,d65ae107-0026-470c-8885-f57b4d7803f4,2026-07-26T14:45:00Z,2026-07-26T16:45:00+0200,-11.05,EUR/MWh,DK2,DK_2,imbalance_price,Short,2026-08-11T19:14:45Z
2026-08-11T19:03:52Z,2026-08-11T21:03:52+0200,d65ae107-0026-470c-8885-f57b4d7803f4,2026-07-26T15:00:00Z,2026-07-26T17:00:00+0200,-13.34,EUR/MWh,DK2,DK_2,imbalance_price,Long,2026-08-11T19:14:45Z
2026-08-11T19:03:52Z,2026-08-11T21:03:52+0200,d65ae107-0026-470c-8885-f57b4d7803f4,2026-07-26T15:00:00Z,2026-07-26T17:00:00+0200,-13.34,EUR/MWh,DK2,DK_2,imbalance_price,Short,2026-08-11T19:14:45Z
2026-08-11T19:03:52Z,2026-08-11T21:03:52+0200,d65ae107-0026-470c-8885-f57b4d7803f4,2026-07-26T15:15:00Z,2026-07-26T17:15:00+0200,12.04,EUR/MWh,DK2,DK_2,imbalance_price,Long,2026-08-11T19:14:45Z
2026-08-11T19:03:52Z,2026-08-11T21:03:52+0200,d65ae107-0026-470c-8885-f57b4d7803f4,2026-07-26T15:15:00Z,2026-07-26T17:15:00+0200,12.04,EUR/MWh,DK2,DK_2,imbalance_price,Short,2026-08-11T19:14:45Z
2026-08-11T19:03:52Z,2026-08-11T21:03:52+0200,d65ae107-0026-470c-8885-f57b4d7803f4,2026-07-26T15:30:00Z,2026-07-26T17:30:00+0200,3.0,EUR/MWh,DK2,DK_2,imbalance_price,Long,2026-08-11T19:14:45Z
2026-08-11T19:03:52Z,2026-08-11T21:03:52+0200,d65ae107-0026-470c-8885-f57b4d7803f4,2026-07-26T15:30:00Z,2026-07-26T17:30:00+0200,3.0,EUR/MWh,DK2,DK_2,imbalance_price,Short,2026-08-11T19:14:45Z
2026-08-11T19:03:52Z,2026-08-11T21:03:52+0200,d65ae107-0026-470c-8885-f57b4d7803f4,2026-07-26T15:45:00Z,2026-07-26T17:45:00+0200,14.0,EUR/MWh,DK2,DK_2,imbalance_price,Long,2026-08-11T19:14:45Z
2026-08-11T19:03:52Z,2026-08-11T21:03:52+0200,d65ae107-0026-470c-8885-f57b4d7803f4,2026-07-26T15:45:00Z,2026-07-26T17:45:00+0200,14.0,EUR/MWh,DK2,DK_2,imbalance_price,Short,2026-08-11T19:14:45Z
2026-08-11T19:03:52Z,2026-08-11T21:03:52+0200,d65ae107-0026-470c-8885-f57b4d7803f4,2026-07-26T16:00:00Z,2026-07-26T18:00:00+0200,155.68,EUR/MWh,DK2,DK_2,imbalance_price,Long,2026-08-11T19:14:45Z
2026-08-11T19:03:52Z,2026-08-11T21:03:52+0200,d65ae107-0026-470c-8885-f57b4d7803f4,2026-07-26T16:00:00Z,2026-07-26T18:00:00+0200,155.68,EUR/MWh,DK2,DK_2,imbalance_price,Short,2026-08-11T19:14:45Z
2026-08-11T19:03:52Z,2026-08-11T21:03:52+0200,d65ae107-0026-470c-8885-f57b4d7803f4,2026-07-26T16:15:00Z,2026-07-26T18:15:00+0200,211.68,EUR/MWh,DK2,DK_2,imbalance_price,Long,2026-08-11T19:14:45Z
2026-08-11T19:03:52Z,2026-08-11T21:03:52+0200,d65ae107-0026-470c-8885-f57b4d7803f4,2026-07-26T16:15:00Z,2026-07-26T18:15:00+0200,211.68,EUR/MWh,DK2,DK_2,imbalance_price,Short,2026-08-11T19:14:45Z
2026-08-11T19:03:52Z,2026-08-11T21:03:52+0200,d65ae107-0026-470c-8885-f57b4d7803f4,2026-07-26T16:30:00Z,2026-07-26T18:30:00+0200,122.63,EUR/MWh,DK2,DK_2,imbalance_price,Long,2026-08-11T19:14:45Z
2026-08-11T19:03:52Z,2026-08-11T21:03:52+0200,d65ae107-0026-470c-8885-f57b4d7803f4,2026-07-26T16:30:00Z,2026-07-26T18:30:00+0200,122.63,EUR/MWh,DK2,DK_2,imbalance_price,Short,2026-08-11T19:14:45Z
2026-08-11T19:03:52Z,2026-08-11T21:03:52+0200,d65ae107-0026-470c-8885-f57b4d7803f4,2026-07-26T16:45:00Z,2026-07-26T18:45:00+0200,87.31,EUR/MWh,DK2,DK_2,imbalance_price,Long,2026-08-11T19:14:45Z
2026-08-11T19:03:52Z,2026-08-11T21:03:52+0200,d65ae107-0026-470c-8885-f57b4d7803f4,2026-07-26T16:45:00Z,2026-07-26T18:45:00+0200,87.31,EUR/MWh,DK2,DK_2,imbalance_price,Short,2026-08-11T19:14:45Z
2026-08-11T19:03:52Z,2026-08-11T21:03:52+0200,d65ae107-0026-470c-8885-f57b4d7803f4,2026-07-26T17:00:00Z,2026-07-26T19:00:00+0200,131.14,EUR/MWh,DK2,DK_2,imbalance_price,Long,2026-08-11T19:14:45Z
2026-08-11T19:03:52Z,2026-08-11T21:03:52+0200,d65ae107-0026-470c-8885-f57b4d7803f4,2026-07-26T17:00:00Z,2026-07-26T19:00:00+0200,131.14,EUR/MWh,DK2,DK_2,imbalance_price,Short,2026-08-11T19:14:45Z
2026-08-11T19:03:52Z,2026-08-11T21:03:52+0200,d65ae107-0026-470c-8885-f57b4d7803f4,2026-07-26T17:15:00Z,2026-07-26T19:15:00+0200,139.16,EUR/MWh,DK2,DK_2,imbalance_price,Long,2026-08-11T19:14:45Z
2026-08-11T19:03:52Z,2026-08-11T21:03:52+0200,d65ae107-0026-470c-8885-f57b4d7803f4,2026-07-26T17:15:00Z,2026-07-26T19:15:00+0200,139.16,EUR/MWh,DK2,DK_2,imbalance_price,Short,2026-08-11T19:14:45Z
2026-08-11T19:03:52Z,2026-08-11T21:03:52+0200,d65ae107-0026-470c-8885-f57b4d7803f4,2026-07-26T17:30:00Z,2026-07-26T19:30:00+0200,142.76,EUR/MWh,DK2,DK_2,imbalance_price,Long,2026-08-11T19:14:45Z
2026-08-11T19:03:52Z,2026-08-11T21:03:52+0200,d65ae107-0026-470c-8885-f57b4d7803f4,2026-07-26T17:30:00Z,2026-07-26T19:30:00+0200,142.76,EUR/MWh,DK2,DK_2,imbalance_price,Short,2026-08-11T19:14:45Z
2026-08-11T19:03:52Z,2026-08-11T21:03:52+0200,d65ae107-0026-470c-8885-f57b4d7803f4,2026-07-26T17:45:00Z,2026-07-26T19:45:00+0200,147.7,EUR/MWh,DK2,DK_2,imbalance_price,Long,2026-08-11T19:14:45Z
2026-08-11T19:03:52Z,2026-08-11T21:03:52+0200,d65ae107-0026-470c-8885-f57b4d7803f4,2026-07-26T17:45:00Z,2026-07-26T19:45:00+0200,147.7,EUR/MWh,DK2,DK_2,imbalance_price,Short,2026-08-11T19:14:45Z
2026-08-11T19:03:52Z,2026-08-11T21:03:52+0200,d65ae107-0026-470c-8885-f57b4d7803f4,2026-07-26T18:00:00Z,2026-07-26T20:00:00+0200,129.96,EUR/MWh,DK2,DK_2,imbalance_price,Long,2026-08-11T19:14:45Z
2026-08-11T19:03:52Z,2026-08-11T21:03:52+0200,d65ae107-0026-470c-8885-f57b4d7803f4,2026-07-26T18:00:00Z,2026-07-26T20:00:00+0200,129.96,EUR/MWh,DK2,DK_2,imbalance_price,Short,2026-08-11T19:14:45Z
2026-08-11T19:03:52Z,2026-08-11T21:03:52+0200,d65ae107-0026-470c-8885-f57b4d7803f4,2026-07-26T18:15:00Z,2026-07-26T20:15:00+0200,92.02,EUR/MWh,DK2,DK_2,imbalance_price,Long,2026-08-11T19:14:45Z
2026-08-11T19:03:52Z,2026-08-11T21:03:52+0200,d65ae107-0026-470c-8885-f57b4d7803f4,2026-07-26T18:15:00Z,2026-07-26T20:15:00+0200,92.02,EUR/MWh,DK2,DK_2,imbalance_price,Short,2026-08-11T19:14:45Z
2026-08-11T19:03:52Z,2026-08-11T21:03:52+0200,d65ae107-0026-470c-8885-f57b4d7803f4,2026-07-26T18:30:00Z,2026-07-26T20:30:00+0200,85.11,EUR/MWh,DK2,DK_2,imbalance_price,Long,2026-08-11T19:14:45Z
2026-08-11T19:03:52Z,2026-08-11T21:03:52+0200,d65ae107-0026-470c-8885-f57b4d7803f4,2026-07-26T18:30:00Z,2026-07-26T20:30:00+0200,85.11,EUR/MWh,DK2,DK_2,imbalance_price,Short,2026-08-11T19:14:45Z
2026-08-11T19:03:52Z,2026-08-11T21:03:52+0200,d65ae107-0026-470c-8885-f57b4d7803f4,2026-07-26T18:45:00Z,2026-07-26T20:45:00+0200,62.08,EUR/MWh,DK2,DK_2,imbalance_price,Long,2026-08-11T19:14:45Z
2026-08-11T19:03:52Z,2026-08-11T21:03:52+0200,d65ae107-0026-470c-8885-f57b4d7803f4,2026-07-26T18:45:00Z,2026-07-26T20:45:00+0200,62.08,EUR/MWh,DK2,DK_2,imbalance_price,Short,2026-08-11T19:14:45Z
2026-08-11T19:03:52Z,2026-08-11T21:03:52+0200,d65ae107-0026-470c-8885-f57b4d7803f4,2026-07-26T19:00:00Z,2026-07-26T21:00:00+0200,6.32,EUR/MWh,DK2,DK_2,imbalance_price,Long,2026-08-11T19:14:45Z
2026-08-11T19:03:52Z,2026-08-11T21:03:52+0200,d65ae107-0026-470c-8885-f57b4d7803f4,2026-07-26T19:00:00Z,2026-07-26T21:00:00+0200,6.32,EUR/MWh,DK2,DK_2,imbalance_price,Short,2026-08-11T19:14:45Z
2026-08-11T19:03:52Z,2026-08-11T21:03:52+0200,d65ae107-0026-470c-8885-f57b4d7803f4,2026-07-26T19:15:00Z,2026-07-26T21:15:00+0200,-4.1,EUR/MWh,DK2,DK_2,imbalance_price,Long,2026-08-11T19:14:45Z
2026-08-11T19:03:52Z,2026-08-11T21:03:52+0200,d65ae107-0026-470c-8885-f57b4d7803f4,2026-07-26T19:15:00Z,2026-07-26T21:15:00+0200,-4.1,EUR/MWh,DK2,DK_2,imbalance_price,Short,2026-08-11T19:14:45Z
2026-08-11T19:03:52Z,2026-08-11T21:03:52+0200,d65ae107-0026-470c-8885-f57b4d7803f4,2026-07-26T19:30:00Z,2026-07-26T21:30:00+0200,27.37,EUR/MWh,DK2,DK_2,imbalance_price,Long,2026-08-11T19:14:45Z
2026-08-11T19:03:52Z,2026-08-11T21:03:52+0200,d65ae107-0026-470c-8885-f57b4d7803f4,2026-07-26T19:30:00Z,2026-07-26T21:30:00+0200,27.37,EUR/MWh,DK2,DK_2,imbalance_price,Short,2026-08-11T19:14:45Z
2026-08-11T19:03:52Z,2026-08-11T21:03:52+0200,d65ae107-0026-470c-8885-f57b4d7803f4,2026-07-26T19:45:00Z,2026-07-26T21:45:00+0200,36.95,EUR/MWh,DK2,DK_2,imbalance_price,Long,2026-08-11T19:14:45Z
2026-08-11T19:03:52Z,2026-08-11T21:03:52+0200,d65ae107-0026-470c-8885-f57b4d7803f4,2026-07-26T19:45:00Z,2026-07-26T21:45:00+0200,36.95,EUR/MWh,DK2,DK_2,imbalance_price,Short,2026-08-11T19:14:45Z
2026-08-11T19:03:52Z,2026-08-11T21:03:52+0200,d65ae107-0026-470c-8885-f57b4d7803f4,2026-07-26T20:00:00Z,2026-07-26T22:00:00+0200,50.92,EUR/MWh,DK2,DK_2,imbalance_price,Long,2026-08-11T19:14:45Z
2026-08-11T19:03:52Z,2026-08-11T21:03:52+0200,d65ae107-0026-470c-8885-f57b4d7803f4,2026-07-26T20:00:00Z,2026-07-26T22:00:00+0200,50.92,EUR/MWh,DK2,DK_2,imbalance_price,Short,2026-08-11T19:14:45Z
2026-08-11T19:03:52Z,2026-08-11T21:03:52+0200,d65ae107-0026-470c-8885-f57b4d7803f4,2026-07-26T20:15:00Z,2026-07-26T22:15:00+0200,51.0,EUR/MWh,DK2,DK_2,imbalance_price,Long,2026-08-11T19:14:45Z
2026-08-11T19:03:52Z,2026-08-11T21:03:52+0200,d65ae107-0026-470c-8885-f57b4d7803f4,2026-07-26T20:15:00Z,2026-07-26T22:15:00+0200,51.0,EUR/MWh,DK2,DK_2,imbalance_price,Short,2026-08-11T19:14:45Z
2026-08-11T19:03:52Z,2026-08-11T21:03:52+0200,d65ae107-0026-470c-8885-f57b4d7803f4,2026-07-26T20:30:00Z,2026-07-26T22:30:00+0200,24.67,EUR/MWh,DK2,DK_2,imbalance_price,Long,2026-08-11T19:14:45Z
2026-08-11T19:03:52Z,2026-08-11T21:03:52+0200,d65ae107-0026-470c-8885-f57b4d7803f4,2026-07-26T20:30:00Z,2026-07-26T22:30:00+0200,24.67,EUR/MWh,DK2,DK_2,imbalance_price,Short,2026-08-11T19:14:45Z
2026-08-11T19:03:52Z,2026-08-11T21:03:52+0200,d65ae107-0026-470c-8885-f57b4d7803f4,2026-07-26T20:45:00Z,2026-07-26T22:45:00+0200,-7.23,EUR/MWh,DK2,DK_2,imbalance_price,Long,2026-08-11T19:14:45Z
2026-08-11T19:03:52Z,2026-08-11T21:03:52+0200,d65ae107-0026-470c-8885-f57b4d7803f4,2026-07-26T20:45:00Z,2026-07-26T22:45:00+0200,-7.23,EUR/MWh,DK2,DK_2,imbalance_price,Short,2026-08-11T19:14:45Z
2026-08-11T19:03:52Z,2026-08-11T21:03:52+0200,d65ae107-0026-470c-8885-f57b4d7803f4,2026-07-26T21:00:00Z,2026-07-26T23:00:00+0200,-17.2,EUR/MWh,DK2,DK_2,imbalance_price,Long,2026-08-11T19:14:45Z
2026-08-11T19:03:52Z,2026-08-11T21:03:52+0200,d65ae107-0026-470c-8885-f57b4d7803f4,2026-07-26T21:00:00Z,2026-07-26T23:00:00+0200,-17.2,EUR/MWh,DK2,DK_2,imbalance_price,Short,2026-08-11T19:14:45Z
2026-08-11T19:03:52Z,2026-08-11T21:03:52+0200,d65ae107-0026-470c-8885-f57b4d7803f4,2026-07-26T21:15:00Z,2026-07-26T23:15:00+0200,31.06,EUR/MWh,DK2,DK_2,imbalance_price,Long,2026-08-11T19:14:45Z
2026-08-11T19:03:52Z,2026-08-11T21:03:52+0200,d65ae107-0026-470c-8885-f57b4d7803f4,2026-07-26T21:15:00Z,2026-07-26T23:15:00+0200,31.06,EUR/MWh,DK2,DK_2,imbalance_price,Short,2026-08-11T19:14:45Z
2026-08-11T19:03:52Z,2026-08-11T21:03:52+0200,d65ae107-0026-470c-8885-f57b4d7803f4,2026-07-26T21:30:00Z,2026-07-26T23:30:00+0200,19.41,EUR/MWh,DK2,DK_2,imbalance_price,Long,2026-08-11T19:14:45Z
2026-08-11T19:03:52Z,2026-08-11T21:03:52+0200,d65ae107-0026-470c-8885-f57b4d7803f4,2026-07-26T21:30:00Z,2026-07-26T23:30:00+0200,19.41,EUR/MWh,DK2,DK_2,imbalance_price,Short,2026-08-11T19:14:45Z
2026-08-11T19:03:52Z,2026-08-11T21:03:52+0200,d65ae107-0026-470c-8885-f57b4d7803f4,2026-07-26T21:45:00Z,2026-07-26T23:45:00+0200,-19.58,EUR/MWh,DK2,DK_2,imbalance_price,Long,2026-08-11T19:14:45Z
2026-08-11T19:03:52Z,2026-08-11T21:03:52+0200,d65ae107-0026-470c-8885-f57b4d7803f4,2026-07-26T21:45:00Z,2026-07-26T23:45:00+0200,-19.58,EUR/MWh,DK2,DK_2,imbalance_price,Short,2026-08-11T19:14:45Z
2026-08-11T19:03:52Z,2026-08-11T21:03:52+0200,d65ae107-0026-470c-8885-f57b4d7803f4,2026-07-26T22:00:00Z,2026-07-27T00:00:00+0200,3.89,EUR/MWh,DK2,DK_2,imbalance_price,Long,2026-08-11T19:14:45Z
2026-08-11T19:03:52Z,2026-08-11T21:03:52+0200,d65ae107-0026-470c-8885-f57b4d7803f4,2026-07-26T22:00:00Z,2026-07-27T00:00:00+0200,3.89,EUR/MWh,DK2,DK_2,imbalance_price,Short,2026-08-11T19:14:45Z
2026-08-11T19:03:52Z,2026-08-11T21:03:52+0200,d65ae107-0026-470c-8885-f57b4d7803f4,2026-07-26T22:15:00Z,2026-07-27T00:15:00+0200,41.06,EUR/MWh,DK2,DK_2,imbalance_price,Long,2026-08-11T19:14:45Z
2026-08-11T19:03:52Z,2026-08-11T21:03:52+0200,d65ae107-0026-470c-8885-f57b4d7803f4,2026-07-26T22:15:00Z,2026-07-27T00:15:00+0200,41.06,EUR/MWh,DK2,DK_2,imbalance_price,Short,2026-08-11T19:14:45Z
2026-08-11T19:03:52Z,2026-08-11T21:03:52+0200,d65ae107-0026-470c-8885-f57b4d7803f4,2026-07-26T22:30:00Z,2026-07-27T00:30:00+0200,23.97,EUR/MWh,DK2,DK_2,imbalance_price,Long,2026-08-11T19:14:45Z
2026-08-11T19:03:52Z,2026-08-11T21:03:52+0200,d65ae107-0026-470c-8885-f57b4d7803f4,2026-07-26T22:30:00Z,2026-07-27T00:30:00+0200,23.97,EUR/MWh,DK2,DK_2,imbalance_price,Short,2026-08-11T19:14:45Z
2026-08-11T19:03:52Z,2026-08-11T21:03:52+0200,d65ae107-0026-470c-8885-f57b4d7803f4,2026-07-26T22:45:00Z,2026-07-27T00:45:00+0200,35.04,EUR/MWh,DK2,DK_2,imbalance_price,Long,2026-08-11T19:14:45Z
2026-08-11T19:03:52Z,2026-08-11T21:03:52+0200,d65ae107-0026-470c-8885-f57b4d7803f4,2026-07-26T22:45:00Z,2026-07-27T00:45:00+0200,35.04,EUR/MWh,DK2,DK_2,imbalance_price,Short,2026-08-11T19:14:45Z
2026-08-11T19:03:52Z,2026-08-11T21:03:52+0200,d65ae107-0026-470c-8885-f57b4d7803f4,2026-07-26T23:00:00Z,2026-07-27T01:00:00+0200,2.69,EUR/MWh,DK2,DK_2,imbalance_price,Long,2026-08-11T19:14:45Z
2026-08-11T19:03:52Z,2026-08-11T21:03:52+0200,d65ae107-0026-470c-8885-f57b4d7803f4,2026-07-26T23:00:00Z,2026-07-27T01:00:00+0200,2.69,EUR/MWh,DK2,DK_2,imbalance_price,Short,2026-08-11T19:14:45Z
2026-08-11T19:03:52Z,2026-08-11T21:03:52+0200,d65ae107-0026-470c-8885-f57b4d7803f4,2026-07-26T23:15:00Z,2026-07-27T01:15:00+0200,75.36,EUR/MWh,DK2,DK_2,imbalance_price,Long,2026-08-11T19:14:45Z
2026-08-11T19:03:52Z,2026-08-11T21:03:52+0200,d65ae107-0026-470c-8885-f57b4d7803f4,2026-07-26T23:15:00Z,2026-07-27T01:15:00+0200,75.36,EUR/MWh,DK2,DK_2,imbalance_price,Short,2026-08-11T19:14:45Z
2026-08-11T19:03:52Z,2026-08-11T21:03:52+0200,d65ae107-0026-470c-8885-f57b4d7803f4,2026-07-26T23:30:00Z,2026-07-27T01:30:00+0200,151.77,EUR/MWh,DK2,DK_2,imbalance_price,Long,2026-08-11T19:14:45Z
2026-08-11T19:03:52Z,2026-08-11T21:03:52+0200,d65ae107-0026-470c-8885-f57b4d7803f4,2026-07-26T23:30:00Z,2026-07-27T01:30:00+0200,151.77,EUR/MWh,DK2,DK_2,imbalance_price,Short,2026-08-11T19:14:45Z
2026-08-11T19:03:52Z,2026-08-11T21:03:52+0200,d65ae107-0026-470c-8885-f57b4d7803f4,2026-07-26T23:45:00Z,2026-07-27T01:45:00+0200,132.12,EUR/MWh,DK2,DK_2,imbalance_price,Long,2026-08-11T19:14:45Z
2026-08-11T19:03:52Z,2026-08-11T21:03:52+0200,d65ae107-0026-470c-8885-f57b4d7803f4,2026-07-26T23:45:00Z,2026-07-27T01:45:00+0200,132.12,EUR/MWh,DK2,DK_2,imbalance_price,Short,2026-08-11T19:14:45Z
2026-08-11T19:03:52Z,2026-08-11T21:03:52+0200,d65ae107-0026-470c-8885-f57b4d7803f4,2026-07-27T00:00:00Z,2026-07-27T02:00:00+0200,267.6,EUR/MWh,DK2,DK_2,imbalance_price,Long,2026-08-11T19:14:45Z
2026-08-11T19:03:52Z,2026-08-11T21:03:52+0200,d65ae107-0026-470c-8885-f57b4d7803f4,2026-07-27T00:00:00Z,2026-07-27T02:00:00+0200,267.6,EUR/MWh,DK2,DK_2,imbalance_price,Short,2026-08-11T19:14:45Z
2026-08-11T19:03:52Z,2026-08-11T21:03:52+0200,d65ae107-0026-470c-8885-f57b4d7803f4,2026-07-27T00:15:00Z,2026-07-27T02:15:00+0200,129.8,EUR/MWh,DK2,DK_2,imbalance_price,Long,2026-08-11T19:14:45Z
2026-08-11T19:03:52Z,2026-08-11T21:03:52+0200,d65ae107-0026-470c-8885-f57b4d7803f4,2026-07-27T00:15:00Z,2026-07-27T02:15:00+0200,129.8,EUR/MWh,DK2,DK_2,imbalance_price,Short,2026-08-11T19:14:45Z
2026-08-11T19:03:52Z,2026-08-11T21:03:52+0200,d65ae107-0026-470c-8885-f57b4d7803f4,2026-07-27T00:30:00Z,2026-07-27T02:30:00+0200,172.81,EUR/MWh,DK2,DK_2,imbalance_price,Long,2026-08-11T19:14:45Z
2026-08-11T19:03:52Z,2026-08-11T21:03:52+0200,d65ae107-0026-470c-8885-f57b4d7803f4,2026-07-27T00:30:00Z,2026-07-27T02:30:00+0200,172.81,EUR/MWh,DK2,DK_2,imbalance_price,Short,2026-08-11T19:14:45Z
2026-08-11T19:03:52Z,2026-08-11T21:03:52+0200,d65ae107-0026-470c-8885-f57b4d7803f4,2026-07-27T00:45:00Z,2026-07-27T02:45:00+0200,130.01,EUR/MWh,DK2,DK_2,imbalance_price,Long,2026-08-11T19:14:45Z
2026-08-11T19:03:52Z,2026-08-11T21:03:52+0200,d65ae107-0026-470c-8885-f57b4d7803f4,2026-07-27T00:45:00Z,2026-07-27T02:45:00+0200,130.01,EUR/MWh,DK2,DK_2,imbalance_price,Short,2026-08-11T19:14:45Z
2026-08-11T19:03:52Z,2026-08-11T21:03:52+0200,d65ae107-0026-470c-8885-f57b4d7803f4,2026-07-27T01:00:00Z,2026-07-27T03:00:00+0200,267.6,EUR/MWh,DK2,DK_2,imbalance_price,Long,2026-08-11T19:14:45Z
2026-08-11T19:03:52Z,2026-08-11T21:03:52+0200,d65ae107-0026-470c-8885-f57b4d7803f4,2026-07-27T01:00:00Z,2026-07-27T03:00:00+0200,267.6,EUR/MWh,DK2,DK_2,imbalance_price,Short,2026-08-11T19:14:45Z
2026-08-11T19:03:52Z,2026-08-11T21:03:52+0200,d65ae107-0026-470c-8885-f57b4d7803f4,2026-07-27T01:15:00Z,2026-07-27T03:15:00+0200,267.58,EUR/MWh,DK2,DK_2,imbalance_price,Long,2026-08-11T19:14:45Z
2026-08-11T19:03:52Z,2026-08-11T21:03:52+0200,d65ae107-0026-470c-8885-f57b4d7803f4,2026-07-27T01:15:00Z,2026-07-27T03:15:00+0200,267.58,EUR/MWh,DK2,DK_2,imbalance_price,Short,2026-08-11T19:14:45Z
2026-08-11T19:03:52Z,2026-08-11T21:03:52+0200,d65ae107-0026-470c-8885-f57b4d7803f4,2026-07-27T01:30:00Z,2026-07-27T03:30:00+0200,134.48,EUR/MWh,DK2,DK_2,imbalance_price,Long,2026-08-11T19:14:45Z
2026-08-11T19:03:52Z,2026-08-11T21:03:52+0200,d65ae107-0026-470c-8885-f57b4d7803f4,2026-07-27T01:30:00Z,2026-07-27T03:30:00+0200,134.48,EUR/MWh,DK2,DK_2,imbalance_price,Short,2026-08-11T19:14:45Z
2026-08-11T19:03:52Z,2026-08-11T21:03:52+0200,d65ae107-0026-470c-8885-f57b4d7803f4,2026-07-27T01:45:00Z,2026-07-27T03:45:00+0200,73.92,EUR/MWh,DK2,DK_2,imbalance_price,Long,2026-08-11T19:14:45Z
2026-08-11T19:03:52Z,2026-08-11T21:03:52+0200,d65ae107-0026-470c-8885-f57b4d7803f4,2026-07-27T01:45:00Z,2026-07-27T03:45:00+0200,73.92,EUR/MWh,DK2,DK_2,imbalance_price,Short,2026-08-11T19:14:45Z
2026-08-11T19:03:52Z,2026-08-11T21:03:52+0200,d65ae107-0026-470c-8885-f57b4d7803f4,2026-07-27T02:00:00Z,2026-07-27T04:00:00+0200,64.51,EUR/MWh,DK2,DK_2,imbalance_price,Long,2026-08-11T19:14:45Z
2026-08-11T19:03:52Z,2026-08-11T21:03:52+0200,d65ae107-0026-470c-8885-f57b4d7803f4,2026-07-27T02:00:00Z,2026-07-27T04:00:00+0200,64.51,EUR/MWh,DK2,DK_2,imbalance_price,Short,2026-08-11T19:14:45Z
2026-08-11T19:03:52Z,2026-08-11T21:03:52+0200,d65ae107-0026-470c-8885-f57b4d7803f4,2026-07-27T02:15:00Z,2026-07-27T04:15:00+0200,64.37,EUR/MWh,DK2,DK_2,imbalance_price,Long,2026-08-11T19:14:45Z
2026-08-11T19:03:52Z,2026-08-11T21:03:52+0200,d65ae107-0026-470c-8885-f57b4d7803f4,2026-07-27T02:15:00Z,2026-07-27T04:15:00+0200,64.37,EUR/MWh,DK2,DK_2,imbalance_price,Short,2026-08-11T19:14:45Z
2026-08-11T19:03:52Z,2026-08-11T21:03:52+0200,d65ae107-0026-470c-8885-f57b4d7803f4,2026-07-27T02:30:00Z,2026-07-27T04:30:00+0200,80.5,EUR/MWh,DK2,DK_2,imbalance_price,Long,2026-08-11T19:14:45Z
2026-08-11T19:03:52Z,2026-08-11T21:03:52+0200,d65ae107-0026-470c-8885-f57b4d7803f4,2026-07-27T02:30:00Z,2026-07-27T04:30:00+0200,80.5,EUR/MWh,DK2,DK_2,imbalance_price,Short,2026-08-11T19:14:45Z
2026-08-11T19:03:52Z,2026-08-11T21:03:52+0200,d65ae107-0026-470c-8885-f57b4d7803f4,2026-07-27T02:45:00Z,2026-07-27T04:45:00+0200,123.93,EUR/MWh,DK2,DK_2,imbalance_price,Long,2026-08-11T19:14:45Z
2026-08-11T19:03:52Z,2026-08-11T21:03:52+0200,d65ae107-0026-470c-8885-f57b4d7803f4,2026-07-27T02:45:00Z,2026-07-27T04:45:00+0200,123.93,EUR/MWh,DK2,DK_2,imbalance_price,Short,2026-08-11T19:14:45Z
2026-08-11T19:03:52Z,2026-08-11T21:03:52+0200,d65ae107-0026-470c-8885-f57b4d7803f4,2026-07-27T03:00:00Z,2026-07-27T05:00:00+0200,57.63,EUR/MWh,DK2,DK_2,imbalance_price,Long,2026-08-11T19:14:45Z
2026-08-11T19:03:52Z,2026-08-11T21:03:52+0200,d65ae107-0026-470c-8885-f57b4d7803f4,2026-07-27T03:00:00Z,2026-07-27T05:00:00+0200,57.63,EUR/MWh,DK2,DK_2,imbalance_price,Short,2026-08-11T19:14:45Z
2026-08-11T19:03:52Z,2026-08-11T21:03:52+0200,d65ae107-0026-470c-8885-f57b4d7803f4,2026-07-27T03:15:00Z,2026-07-27T05:15:00+0200,83.81,EUR/MWh,DK2,DK_2,imbalance_price,Long,2026-08-11T19:14:45Z
2026-08-11T19:03:52Z,2026-08-11T21:03:52+0200,d65ae107-0026-470c-8885-f57b4d7803f4,2026-07-27T03:15:00Z,2026-07-27T05:15:00+0200,83.81,EUR/MWh,DK2,DK_2,imbalance_price,Short,2026-08-11T19:14:45Z
2026-08-11T19:03:52Z,2026-08-11T21:03:52+0200,d65ae107-0026-470c-8885-f57b4d7803f4,2026-07-27T03:30:00Z,2026-07-27T05:30:00+0200,159.5,EUR/MWh,DK2,DK_2,imbalance_price,Long,2026-08-11T19:14:45Z
2026-08-11T19:03:52Z,2026-08-11T21:03:52+0200,d65ae107-0026-470c-8885-f57b4d7803f4,2026-07-27T03:30:00Z,2026-07-27T05:30:00+0200,159.5,EUR/MWh,DK2,DK_2,imbalance_price,Short,2026-08-11T19:14:45Z
2026-08-11T19:03:52Z,2026-08-11T21:03:52+0200,d65ae107-0026-470c-8885-f57b4d7803f4,2026-07-27T03:45:00Z,2026-07-27T05:45:00+0200,145.5,EUR/MWh,DK2,DK_2,imbalance_price,Long,2026-08-11T19:14:45Z
2026-08-11T19:03:52Z,2026-08-11T21:03:52+0200,d65ae107-0026-470c-8885-f57b4d7803f4,2026-07-27T03:45:00Z,2026-07-27T05:45:00+0200,145.5,EUR/MWh,DK2,DK_2,imbalance_price,Short,2026-08-11T19:14:45Z
2026-08-11T19:03:52Z,2026-08-11T21:03:52+0200,d65ae107-0026-470c-8885-f57b4d7803f4,2026-07-27T04:00:00Z,2026-07-27T06:00:00+0200,125.0,EUR/MWh,DK2,DK_2,imbalance_price,Long,2026-08-11T19:14:45Z
2026-08-11T19:03:52Z,2026-08-11T21:03:52+0200,d65ae107-0026-470c-8885-f57b4d7803f4,2026-07-27T04:00:00Z,2026-07-27T06:00:00+0200,125.0,EUR/MWh,DK2,DK_2,imbalance_price,Short,2026-08-11T19:14:45Z
2026-08-11T19:03:52Z,2026-08-11T21:03:52+0200,d65ae107-0026-470c-8885-f57b4d7803f4,2026-07-27T04:15:00Z,2026-07-27T06:15:00+0200,114.3,EUR/MWh,DK2,DK_2,imbalance_price,Long,2026-08-11T19:14:45Z
2026-08-11T19:03:52Z,2026-08-11T21:03:52+0200,d65ae107-0026-470c-8885-f57b4d7803f4,2026-07-27T04:15:00Z,2026-07-27T06:15:00+0200,114.3,EUR/MWh,DK2,DK_2,imbalance_price,Short,2026-08-11T19:14:45Z
2026-08-11T19:03:52Z,2026-08-11T21:03:52+0200,d65ae107-0026-470c-8885-f57b4d7803f4,2026-07-27T04:30:00Z,2026-07-27T06:30:00+0200,115.63,EUR/MWh,DK2,DK_2,imbalance_price,Long,2026-08-11T19:14:45Z
2026-08-11T19:03:52Z,2026-08-11T21:03:52+0200,d65ae107-0026-470c-8885-f57b4d7803f4,2026-07-27T04:30:00Z,2026-07-27T06:30:00+0200,115.63,EUR/MWh,DK2,DK_2,imbalance_price,Short,2026-08-11T19:14:45Z
2026-08-11T19:03:52Z,2026-08-11T21:03:52+0200,d65ae107-0026-470c-8885-f57b4d7803f4,2026-07-27T04:45:00Z,2026-07-27T06:45:00+0200,48.0,EUR/MWh,DK2,DK_2,imbalance_price,Long,2026-08-11T19:14:45Z
2026-08-11T19:03:52Z,2026-08-11T21:03:52+0200,d65ae107-0026-470c-8885-f57b4d7803f4,2026-07-27T04:45:00Z,2026-07-27T06:45:00+0200,48.0,EUR/MWh,DK2,DK_2,imbalance_price,Short,2026-08-11T19:14:45Z
2026-08-11T19:03:52Z,2026-08-11T21:03:52+0200,d65ae107-0026-470c-8885-f57b4d7803f4,2026-07-27T05:00:00Z,2026-07-27T07:00:00+0200,49.0,EUR/MWh,DK2,DK_2,imbalance_price,Long,2026-08-11T19:14:45Z
2026-08-11T19:03:52Z,2026-08-11T21:03:52+0200,d65ae107-0026-470c-8885-f57b4d7803f4,2026-07-27T05:00:00Z,2026-07-27T07:00:00+0200,49.0,EUR/MWh,DK2,DK_2,imbalance_price,Short,2026-08-11T19:14:45Z
2026-08-11T19:03:52Z,2026-08-11T21:03:52+0200,d65ae107-0026-470c-8885-f57b4d7803f4,2026-07-27T05:15:00Z,2026-07-27T07:15:00+0200,112.79,EUR/MWh,DK2,DK_2,imbalance_price,Long,2026-08-11T19:14:45Z
2026-08-11T19:03:52Z,2026-08-11T21:03:52+0200,d65ae107-0026-470c-8885-f57b4d7803f4,2026-07-27T05:15:00Z,2026-07-27T07:15:00+0200,112.79,EUR/MWh,DK2,DK_2,imbalance_price,Short,2026-08-11T19:14:45Z
2026-08-11T19:03:52Z,2026-08-11T21:03:52+0200,d65ae107-0026-470c-8885-f57b4d7803f4,2026-07-27T05:30:00Z,2026-07-27T07:30:00+0200,114.98,EUR/MWh,DK2,DK_2,imbalance_price,Long,2026-08-11T19:14:45Z
2026-08-11T19:03:52Z,2026-08-11T21:03:52+0200,d65ae107-0026-470c-8885-f57b4d7803f4,2026-07-27T05:30:00Z,2026-07-27T07:30:00+0200,114.98,EUR/MWh,DK2,DK_2,imbalance_price,Short,2026-08-11T19:14:45Z
2026-08-11T19:03:52Z,2026-08-11T21:03:52+0200,d65ae107-0026-470c-8885-f57b4d7803f4,2026-07-27T05:45:00Z,2026-07-27T07:45:00+0200,132.37,EUR/MWh,DK2,DK_2,imbalance_price,Long,2026-08-11T19:14:45Z
2026-08-11T19:03:52Z,2026-08-11T21:03:52+0200,d65ae107-0026-470c-8885-f57b4d7803f4,2026-07-27T05:45:00Z,2026-07-27T07:45:00+0200,132.37,EUR/MWh,DK2,DK_2,imbalance_price,Short,2026-08-11T19:14:45Z
2026-08-11T19:03:52Z,2026-08-11T21:03:52+0200,d65ae107-0026-470c-8885-f57b4d7803f4,2026-07-27T06:00:00Z,2026-07-27T08:00:00+0200,400.0,EUR/MWh,DK2,DK_2,imbalance_price,Long,2026-08-11T19:14:45Z
2026-08-11T19:03:52Z,2026-08-11T21:03:52+0200,d65ae107-0026-470c-8885-f57b4d7803f4,2026-07-27T06:00:00Z,2026-07-27T08:00:00+0200,400.0,EUR/MWh,DK2,DK_2,imbalance_price,Short,2026-08-11T19:14:45Z
2026-08-11T19:03:52Z,2026-08-11T21:03:52+0200,d65ae107-0026-470c-8885-f57b4d7803f4,2026-07-27T06:15:00Z,2026-07-27T08:15:00+0200,334.47,EUR/MWh,DK2,DK_2,imbalance_price,Long,2026-08-11T19:14:45Z
2026-08-11T19:03:52Z,2026-08-11T21:03:52+0200,d65ae107-0026-470c-8885-f57b4d7803f4,2026-07-27T06:15:00Z,2026-07-27T08:15:00+0200,334.47,EUR/MWh,DK2,DK_2,imbalance_price,Short,2026-08-11T19:14:45Z
2026-08-11T19:03:52Z,2026-08-11T21:03:52+0200,d65ae107-0026-470c-8885-f57b4d7803f4,2026-07-27T06:30:00Z,2026-07-27T08:30:00+0200,107.28,EUR/MWh,DK2,DK_2,imbalance_price,Long,2026-08-11T19:14:45Z
2026-08-11T19:03:52Z,2026-08-11T21:03:52+0200,d65ae107-0026-470c-8885-f57b4d7803f4,2026-07-27T06:30:00Z,2026-07-27T08:30:00+0200,107.28,EUR/MWh,DK2,DK_2,imbalance_price,Short,2026-08-11T19:14:45Z
2026-08-11T19:03:52Z,2026-08-11T21:03:52+0200,d65ae107-0026-470c-8885-f57b4d7803f4,2026-07-27T06:45:00Z,2026-07-27T08:45:00+0200,50.0,EUR/MWh,DK2,DK_2,imbalance_price,Long,2026-08-11T19:14:45Z
2026-08-11T19:03:52Z,2026-08-11T21:03:52+0200,d65ae107-0026-470c-8885-f57b4d7803f4,2026-07-27T06:45:00Z,2026-07-27T08:45:00+0200,50.0,EUR/MWh,DK2,DK_2,imbalance_price,Short,2026-08-11T19:14:45Z
2026-08-11T19:03:52Z,2026-08-11T21:03:52+0200,d65ae107-0026-470c-8885-f57b4d7803f4,2026-07-27T07:00:00Z,2026-07-27T09:00:00+0200,32.0,EUR/MWh,DK2,DK_2,imbalance_price,Long,2026-08-11T19:14:45Z
2026-08-11T19:03:52Z,2026-08-11T21:03:52+0200,d65ae107-0026-470c-8885-f57b4d7803f4,2026-07-27T07:00:00Z,2026-07-27T09:00:00+0200,32.0,EUR/MWh,DK2,DK_2,imbalance_price,Short,2026-08-11T19:14:45Z
2026-08-11T19:03:52Z,2026-08-11T21:03:52+0200,d65ae107-0026-470c-8885-f57b4d7803f4,2026-07-27T07:15:00Z,2026-07-27T09:15:00+0200,83.94,EUR/MWh,DK2,DK_2,imbalance_price,Long,2026-08-11T19:14:45Z
2026-08-11T19:03:52Z,2026-08-11T21:03:52+0200,d65ae107-0026-470c-8885-f57b4d7803f4,2026-07-27T07:15:00Z,2026-07-27T09:15:00+0200,83.94,EUR/MWh,DK2,DK_2,imbalance_price,Short,2026-08-11T19:14:45Z
2026-08-11T19:03:52Z,2026-08-11T21:03:52+0200,d65ae107-0026-470c-8885-f57b4d7803f4,2026-07-27T07:30:00Z,2026-07-27T09:30:00+0200,200.0,EUR/MWh,DK2,DK_2,imbalance_price,Long,2026-08-11T19:14:45Z
2026-08-11T19:03:52Z,2026-08-11T21:03:52+0200,d65ae107-0026-470c-8885-f57b4d7803f4,2026-07-27T07:30:00Z,2026-07-27T09:30:00+0200,200.0,EUR/MWh,DK2,DK_2,imbalance_price,Short,2026-08-11T19:14:45Z
2026-08-11T19:03:52Z,2026-08-11T21:03:52+0200,d65ae107-0026-470c-8885-f57b4d7803f4,2026-07-27T07:45:00Z,2026-07-27T09:45:00+0200,12.75,EUR/MWh,DK2,DK_2,imbalance_price,Long,2026-08-11T19:14:45Z
2026-08-11T19:03:52Z,2026-08-11T21:03:52+0200,d65ae107-0026-470c-8885-f57b4d7803f4,2026-07-27T07:45:00Z,2026-07-27T09:45:00+0200,12.75,EUR/MWh,DK2,DK_2,imbalance_price,Short,2026-08-11T19:14:45Z
2026-08-11T19:03:52Z,2026-08-11T21:03:52+0200,d65ae107-0026-470c-8885-f57b4d7803f4,2026-07-27T08:00:00Z,2026-07-27T10:00:00+0200,53.83,EUR/MWh,DK2,DK_2,imbalance_price,Long,2026-08-11T19:14:45Z
2026-08-11T19:03:52Z,2026-08-11T21:03:52+0200,d65ae107-0026-470c-8885-f57b4d7803f4,2026-07-27T08:00:00Z,2026-07-27T10:00:00+0200,53.83,EUR/MWh,DK2,DK_2,imbalance_price,Short,2026-08-11T19:14:45Z
2026-08-11T19:03:52Z,2026-08-11T21:03:52+0200,d65ae107-0026-470c-8885-f57b4d7803f4,2026-07-27T08:15:00Z,2026-07-27T10:15:00+0200,66.42,EUR/MWh,DK2,DK_2,imbalance_price,Long,2026-08-11T19:14:45Z
2026-08-11T19:03:52Z,2026-08-11T21:03:52+0200,d65ae107-0026-470c-8885-f57b4d7803f4,2026-07-27T08:15:00Z,2026-07-27T10:15:00+0200,66.42,EUR/MWh,DK2,DK_2,imbalance_price,Short,2026-08-11T19:14:45Z
2026-08-11T19:03:52Z,2026-08-11T21:03:52+0200,d65ae107-0026-470c-8885-f57b4d7803f4,2026-07-27T08:30:00Z,2026-07-27T10:30:00+0200,14.68,EUR/MWh,DK2,DK_2,imbalance_price,Long,2026-08-11T19:14:45Z
2026-08-11T19:03:52Z,2026-08-11T21:03:52+0200,d65ae107-0026-470c-8885-f57b4d7803f4,2026-07-27T08:30:00Z,2026-07-27T10:30:00+0200,14.68,EUR/MWh,DK2,DK_2,imbalance_price,Short,2026-08-11T19:14:45Z
2026-08-11T19:03:52Z,2026-08-11T21:03:52+0200,d65ae107-0026-470c-8885-f57b4d7803f4,2026-07-27T08:45:00Z,2026-07-27T10:45:00+0200,68.24,EUR/MWh,DK2,DK_2,imbalance_price,Long,2026-08-11T19:14:45Z
2026-08-11T19:03:52Z,2026-08-11T21:03:52+0200,d65ae107-0026-470c-8885-f57b4d7803f4,2026-07-27T08:45:00Z,2026-07-27T10:45:00+0200,68.24,EUR/MWh,DK2,DK_2,imbalance_price,Short,2026-08-11T19:14:45Z
2026-08-11T19:03:52Z,2026-08-11T21:03:52+0200,d65ae107-0026-470c-8885-f57b4d7803f4,2026-07-27T09:00:00Z,2026-07-27T11:00:00+0200,103.68,EUR/MWh,DK2,DK_2,imbalance_price,Long,2026-08-11T19:14:45Z
2026-08-11T19:03:52Z,2026-08-11T21:03:52+0200,d65ae107-0026-470c-8885-f57b4d7803f4,2026-07-27T09:00:00Z,2026-07-27T11:00:00+0200,103.68,EUR/MWh,DK2,DK_2,imbalance_price,Short,2026-08-11T19:14:45Z
2026-08-11T19:03:52Z,2026-08-11T21:03:52+0200,d65ae107-0026-470c-8885-f57b4d7803f4,2026-07-27T09:15:00Z,2026-07-27T11:15:00+0200,79.9,EUR/MWh,DK2,DK_2,imbalance_price,Long,2026-08-11T19:14:45Z
2026-08-11T19:03:52Z,2026-08-11T21:03:52+0200,d65ae107-0026-470c-8885-f57b4d7803f4,2026-07-27T09:15:00Z,2026-07-27T11:15:00+0200,79.9,EUR/MWh,DK2,DK_2,imbalance_price,Short,2026-08-11T19:14:45Z
2026-08-11T19:03:52Z,2026-08-11T21:03:52+0200,d65ae107-0026-470c-8885-f57b4d7803f4,2026-07-27T09:30:00Z,2026-07-27T11:30:00+0200,68.05,EUR/MWh,DK2,DK_2,imbalance_price,Long,2026-08-11T19:14:45Z
2026-08-11T19:03:52Z,2026-08-11T21:03:52+0200,d65ae107-0026-470c-8885-f57b4d7803f4,2026-07-27T09:30:00Z,2026-07-27T11:30:00+0200,68.05,EUR/MWh,DK2,DK_2,imbalance_price,Short,2026-08-11T19:14:45Z
2026-08-11T19:03:52Z,2026-08-11T21:03:52+0200,d65ae107-0026-470c-8885-f57b4d7803f4,2026-07-27T09:45:00Z,2026-07-27T11:45:00+0200,59.19,EUR/MWh,DK2,DK_2,imbalance_price,Long,2026-08-11T19:14:45Z
2026-08-11T19:03:52Z,2026-08-11T21:03:52+0200,d65ae107-0026-470c-8885-f57b4d7803f4,2026-07-27T09:45:00Z,2026-07-27T11:45:00+0200,59.19,EUR/MWh,DK2,DK_2,imbalance_price,Short,2026-08-11T19:14:45Z
2026-08-11T19:03:52Z,2026-08-11T21:03:52+0200,d65ae107-0026-470c-8885-f57b4d7803f4,2026-07-27T10:00:00Z,2026-07-27T12:00:00+0200,73.0,EUR/MWh,DK2,DK_2,imbalance_price,Long,2026-08-11T19:14:45Z
2026-08-11T19:03:52Z,2026-08-11T21:03:52+0200,d65ae107-0026-470c-8885-f57b4d7803f4,2026-07-27T10:00:00Z,2026-07-27T12:00:00+0200,73.0,EUR/MWh,DK2,DK_2,imbalance_price,Short,2026-08-11T19:14:45Z
2026-08-11T19:03:52Z,2026-08-11T21:03:52+0200,d65ae107-0026-470c-8885-f57b4d7803f4,2026-07-27T10:15:00Z,2026-07-27T12:15:00+0200,-1.6,EUR/MWh,DK2,DK_2,imbalance_price,Long,2026-08-11T19:14:45Z
2026-08-11T19:03:52Z,2026-08-11T21:03:52+0200,d65ae107-0026-470c-8885-f57b4d7803f4,2026-07-27T10:15:00Z,2026-07-27T12:15:00+0200,-1.6,EUR/MWh,DK2,DK_2,imbalance_price,Short,2026-08-11T19:14:45Z
2026-08-11T19:03:52Z,2026-08-11T21:03:52+0200,d65ae107-0026-470c-8885-f57b4d7803f4,2026-07-27T10:30:00Z,2026-07-27T12:30:00+0200,4.9,EUR/MWh,DK2,DK_2,imbalance_price,Long,2026-08-11T19:14:45Z
2026-08-11T19:03:52Z,2026-08-11T21:03:52+0200,d65ae107-0026-470c-8885-f57b4d7803f4,2026-07-27T10:30:00Z,2026-07-27T12:30:00+0200,4.9,EUR/MWh,DK2,DK_2,imbalance_price,Short,2026-08-11T19:14:45Z
2026-08-11T19:03:52Z,2026-08-11T21:03:52+0200,d65ae107-0026-470c-8885-f57b4d7803f4,2026-07-27T10:45:00Z,2026-07-27T12:45:00+0200,55.0,EUR/MWh,DK2,DK_2,imbalance_price,Long,2026-08-11T19:14:45Z
2026-08-11T19:03:52Z,2026-08-11T21:03:52+0200,d65ae107-0026-470c-8885-f57b4d7803f4,2026-07-27T10:45:00Z,2026-07-27T12:45:00+0200,55.0,EUR/MWh,DK2,DK_2,imbalance_price,Short,2026-08-11T19:14:45Z
2026-08-11T19:03:52Z,2026-08-11T21:03:52+0200,d65ae107-0026-470c-8885-f57b4d7803f4,2026-07-27T11:00:00Z,2026-07-27T13:00:00+0200,62.01,EUR/MWh,DK2,DK_2,imbalance_price,Long,2026-08-11T19:14:45Z
2026-08-11T19:03:52Z,2026-08-11T21:03:52+0200,d65ae107-0026-470c-8885-f57b4d7803f4,2026-07-27T11:00:00Z,2026-07-27T13:00:00+0200,62.01,EUR/MWh,DK2,DK_2,imbalance_price,Short,2026-08-11T19:14:45Z
2026-08-11T19:03:52Z,2026-08-11T21:03:52+0200,d65ae107-0026-470c-8885-f57b4d7803f4,2026-07-27T11:15:00Z,2026-07-27T13:15:00+0200,4.91,EUR/MWh,DK2,DK_2,imbalance_price,Long,2026-08-11T19:14:45Z
2026-08-11T19:03:52Z,2026-08-11T21:03:52+0200,d65ae107-0026-470c-8885-f57b4d7803f4,2026-07-27T11:15:00Z,2026-07-27T13:15:00+0200,4.91,EUR/MWh,DK2,DK_2,imbalance_price,Short,2026-08-11T19:14:45Z
2026-08-11T19:03:52Z,2026-08-11T21:03:52+0200,d65ae107-0026-470c-8885-f57b4d7803f4,2026-07-27T11:30:00Z,2026-07-27T13:30:00+0200,-4.7,EUR/MWh,DK2,DK_2,imbalance_price,Long,2026-08-11T19:14:45Z
2026-08-11T19:03:52Z,2026-08-11T21:03:52+0200,d65ae107-0026-470c-8885-f57b4d7803f4,2026-07-27T11:30:00Z,2026-07-27T13:30:00+0200,-4.7,EUR/MWh,DK2,DK_2,imbalance_price,Short,2026-08-11T19:14:45Z
2026-08-11T19:03:52Z,2026-08-11T21:03:52+0200,d65ae107-0026-470c-8885-f57b4d7803f4,2026-07-27T11:45:00Z,2026-07-27T13:45:00+0200,4.91,EUR/MWh,DK2,DK_2,imbalance_price,Long,2026-08-11T19:14:45Z
2026-08-11T19:03:52Z,2026-08-11T21:03:52+0200,d65ae107-0026-470c-8885-f57b4d7803f4,2026-07-27T11:45:00Z,2026-07-27T13:45:00+0200,4.91,EUR/MWh,DK2,DK_2,imbalance_price,Short,2026-08-11T19:14:45Z
2026-08-11T19:03:52Z,2026-08-11T21:03:52+0200,d65ae107-0026-470c-8885-f57b4d7803f4,2026-07-27T12:00:00Z,2026-07-27T14:00:00+0200,-3.65,EUR/MWh,DK2,DK_2,imbalance_price,Long,2026-08-11T19:14:45Z
2026-08-11T19:03:52Z,2026-08-11T21:03:52+0200,d65ae107-0026-470c-8885-f57b4d7803f4,2026-07-27T12:00:00Z,2026-07-27T14:00:00+0200,-3.65,EUR/MWh,DK2,DK_2,imbalance_price,Short,2026-08-11T19:14:45Z
2026-08-11T19:03:52Z,2026-08-11T21:03:52+0200,d65ae107-0026-470c-8885-f57b4d7803f4,2026-07-27T12:15:00Z,2026-07-27T14:15:00+0200,12.04,EUR/MWh,DK2,DK_2,imbalance_price,Long,2026-08-11T19:14:45Z
2026-08-11T19:03:52Z,2026-08-11T21:03:52+0200,d65ae107-0026-470c-8885-f57b4d7803f4,2026-07-27T12:15:00Z,2026-07-27T14:15:00+0200,12.04,EUR/MWh,DK2,DK_2,imbalance_price,Short,2026-08-11T19:14:45Z
2026-08-11T19:03:52Z,2026-08-11T21:03:52+0200,d65ae107-0026-470c-8885-f57b4d7803f4,2026-07-27T12:30:00Z,2026-07-27T14:30:00+0200,42.07,EUR/MWh,DK2,DK_2,imbalance_price,Long,2026-08-11T19:14:45Z
2026-08-11T19:03:52Z,2026-08-11T21:03:52+0200,d65ae107-0026-470c-8885-f57b4d7803f4,2026-07-27T12:30:00Z,2026-07-27T14:30:00+0200,42.07,EUR/MWh,DK2,DK_2,imbalance_price,Short,2026-08-11T19:14:45Z
2026-08-11T19:03:52Z,2026-08-11T21:03:52+0200,d65ae107-0026-470c-8885-f57b4d7803f4,2026-07-27T12:45:00Z,2026-07-27T14:45:00+0200,-26.96,EUR/MWh,DK2,DK_2,imbalance_price,Long,2026-08-11T19:14:45Z
2026-08-11T19:03:52Z,2026-08-11T21:03:52+0200,d65ae107-0026-470c-8885-f57b4d7803f4,2026-07-27T12:45:00Z,2026-07-27T14:45:00+0200,-26.96,EUR/MWh,DK2,DK_2,imbalance_price,Short,2026-08-11T19:14:45Z
2026-08-11T19:03:52Z,2026-08-11T21:03:52+0200,d65ae107-0026-470c-8885-f57b4d7803f4,2026-07-27T13:00:00Z,2026-07-27T15:00:00+0200,3.09,EUR/MWh,DK2,DK_2,imbalance_price,Long,2026-08-11T19:14:45Z
2026-08-11T19:03:52Z,2026-08-11T21:03:52+0200,d65ae107-0026-470c-8885-f57b4d7803f4,2026-07-27T13:00:00Z,2026-07-27T15:00:00+0200,3.09,EUR/MWh,DK2,DK_2,imbalance_price,Short,2026-08-11T19:14:45Z
2026-08-11T19:03:52Z,2026-08-11T21:03:52+0200,d65ae107-0026-470c-8885-f57b4d7803f4,2026-07-27T13:15:00Z,2026-07-27T15:15:00+0200,-3.53,EUR/MWh,DK2,DK_2,imbalance_price,Long,2026-08-11T19:14:45Z
2026-08-11T19:03:52Z,2026-08-11T21:03:52+0200,d65ae107-0026-470c-8885-f57b4d7803f4,2026-07-27T13:15:00Z,2026-07-27T15:15:00+0200,-3.53,EUR/MWh,DK2,DK_2,imbalance_price,Short,2026-08-11T19:14:45Z
2026-08-11T19:03:52Z,2026-08-11T21:03:52+0200,d65ae107-0026-470c-8885-f57b4d7803f4,2026-07-27T13:30:00Z,2026-07-27T15:30:00+0200,4.92,EUR/MWh,DK2,DK_2,imbalance_price,Long,2026-08-11T19:14:45Z
2026-08-11T19:03:52Z,2026-08-11T21:03:52+0200,d65ae107-0026-470c-8885-f57b4d7803f4,2026-07-27T13:30:00Z,2026-07-27T15:30:00+0200,4.92,EUR/MWh,DK2,DK_2,imbalance_price,Short,2026-08-11T19:14:45Z
2026-08-11T19:03:52Z,2026-08-11T21:03:52+0200,d65ae107-0026-470c-8885-f57b4d7803f4,2026-07-27T13:45:00Z,2026-07-27T15:45:00+0200,-2.36,EUR/MWh,DK2,DK_2,imbalance_price,Long,2026-08-11T19:14:45Z
2026-08-11T19:03:52Z,2026-08-11T21:03:52+0200,d65ae107-0026-470c-8885-f57b4d7803f4,2026-07-27T13:45:00Z,2026-07-27T15:45:00+0200,-2.36,EUR/MWh,DK2,DK_2,imbalance_price,Short,2026-08-11T19:14:45Z
2026-08-11T19:03:52Z,2026-08-11T21:03:52+0200,d65ae107-0026-470c-8885-f57b4d7803f4,2026-07-27T14:00:00Z,2026-07-27T16:00:00+0200,9.0,EUR/MWh,DK2,DK_2,imbalance_price,Long,2026-08-11T19:14:45Z
2026-08-11T19:03:52Z,2026-08-11T21:03:52+0200,d65ae107-0026-470c-8885-f57b4d7803f4,2026-07-27T14:00:00Z,2026-07-27T16:00:00+0200,9.0,EUR/MWh,DK2,DK_2,imbalance_price,Short,2026-08-11T19:14:45Z
2026-08-11T19:03:52Z,2026-08-11T21:03:52+0200,d65ae107-0026-470c-8885-f57b4d7803f4,2026-07-27T14:15:00Z,2026-07-27T16:15:00+0200,4.95,EUR/MWh,DK2,DK_2,imbalance_price,Long,2026-08-11T19:14:45Z
2026-08-11T19:03:52Z,2026-08-11T21:03:52+0200,d65ae107-0026-470c-8885-f57b4d7803f4,2026-07-27T14:15:00Z,2026-07-27T16:15:00+0200,4.95,EUR/MWh,DK2,DK_2,imbalance_price,Short,2026-08-11T19:14:45Z
2026-08-11T19:03:52Z,2026-08-11T21:03:52+0200,d65ae107-0026-470c-8885-f57b4d7803f4,2026-07-27T14:30:00Z,2026-07-27T16:30:00+0200,-7.18,EUR/MWh,DK2,DK_2,imbalance_price,Long,2026-08-11T19:14:45Z
2026-08-11T19:03:52Z,2026-08-11T21:03:52+0200,d65ae107-0026-470c-8885-f57b4d7803f4,2026-07-27T14:30:00Z,2026-07-27T16:30:00+0200,-7.18,EUR/MWh,DK2,DK_2,imbalance_price,Short,2026-08-11T19:14:45Z
2026-08-11T19:03:52Z,2026-08-11T21:03:52+0200,d65ae107-0026-470c-8885-f57b4d7803f4,2026-07-27T14:45:00Z,2026-07-27T16:45:00+0200,-1.29,EUR/MWh,DK2,DK_2,imbalance_price,Long,2026-08-11T19:14:45Z
2026-08-11T19:03:52Z,2026-08-11T21:03:52+0200,d65ae107-0026-470c-8885-f57b4d7803f4,2026-07-27T14:45:00Z,2026-07-27T16:45:00+0200,-1.29,EUR/MWh,DK2,DK_2,imbalance_price,Short,2026-08-11T19:14:45Z
2026-08-11T19:03:52Z,2026-08-11T21:03:52+0200,d65ae107-0026-470c-8885-f57b4d7803f4,2026-07-27T15:00:00Z,2026-07-27T17:00:00+0200,4.97,EUR/MWh,DK2,DK_2,imbalance_price,Long,2026-08-11T19:14:45Z
2026-08-11T19:03:52Z,2026-08-11T21:03:52+0200,d65ae107-0026-470c-8885-f57b4d7803f4,2026-07-27T15:00:00Z,2026-07-27T17:00:00+0200,4.97,EUR/MWh,DK2,DK_2,imbalance_price,Short,2026-08-11T19:14:45Z
2026-08-11T19:03:52Z,2026-08-11T21:03:52+0200,d65ae107-0026-470c-8885-f57b4d7803f4,2026-07-27T15:15:00Z,2026-07-27T17:15:00+0200,62.34,EUR/MWh,DK2,DK_2,imbalance_price,Long,2026-08-11T19:14:45Z
2026-08-11T19:03:52Z,2026-08-11T21:03:52+0200,d65ae107-0026-470c-8885-f57b4d7803f4,2026-07-27T15:15:00Z,2026-07-27T17:15:00+0200,62.34,EUR/MWh,DK2,DK_2,imbalance_price,Short,2026-08-11T19:14:45Z
2026-08-11T19:03:52Z,2026-08-11T21:03:52+0200,d65ae107-0026-470c-8885-f57b4d7803f4,2026-07-27T15:30:00Z,2026-07-27T17:30:00+0200,17.35,EUR/MWh,DK2,DK_2,imbalance_price,Long,2026-08-11T19:14:45Z
2026-08-11T19:03:52Z,2026-08-11T21:03:52+0200,d65ae107-0026-470c-8885-f57b4d7803f4,2026-07-27T15:30:00Z,2026-07-27T17:30:00+0200,17.35,EUR/MWh,DK2,DK_2,imbalance_price,Short,2026-08-11T19:14:45Z
2026-08-11T19:03:52Z,2026-08-11T21:03:52+0200,d65ae107-0026-470c-8885-f57b4d7803f4,2026-07-27T15:45:00Z,2026-07-27T17:45:00+0200,110.81,EUR/MWh,DK2,DK_2,imbalance_price,Long,2026-08-11T19:14:45Z
2026-08-11T19:03:52Z,2026-08-11T21:03:52+0200,d65ae107-0026-470c-8885-f57b4d7803f4,2026-07-27T15:45:00Z,2026-07-27T17:45:00+0200,110.81,EUR/MWh,DK2,DK_2,imbalance_price,Short,2026-08-11T19:14:45Z
2026-08-11T19:03:52Z,2026-08-11T21:03:52+0200,d65ae107-0026-470c-8885-f57b4d7803f4,2026-07-27T16:00:00Z,2026-07-27T18:00:00+0200,39.18,EUR/MWh,DK2,DK_2,imbalance_price,Long,2026-08-11T19:14:45Z
2026-08-11T19:03:52Z,2026-08-11T21:03:52+0200,d65ae107-0026-470c-8885-f57b4d7803f4,2026-07-27T16:00:00Z,2026-07-27T18:00:00+0200,39.18,EUR/MWh,DK2,DK_2,imbalance_price,Short,2026-08-11T19:14:45Z
2026-08-11T19:03:52Z,2026-08-11T21:03:52+0200,d65ae107-0026-470c-8885-f57b4d7803f4,2026-07-27T16:15:00Z,2026-07-27T18:15:00+0200,21.22,EUR/MWh,DK2,DK_2,imbalance_price,Long,2026-08-11T19:14:45Z
2026-08-11T19:03:52Z,2026-08-11T21:03:52+0200,d65ae107-0026-470c-8885-f57b4d7803f4,2026-07-27T16:15:00Z,2026-07-27T18:15:00+0200,21.22,EUR/MWh,DK2,DK_2,imbalance_price,Short,2026-08-11T19:14:45Z
2026-08-11T19:03:52Z,2026-08-11T21:03:52+0200,d65ae107-0026-470c-8885-f57b4d7803f4,2026-07-27T16:30:00Z,2026-07-27T18:30:00+0200,680.28,EUR/MWh,DK2,DK_2,imbalance_price,Long,2026-08-11T19:14:45Z
2026-08-11T19:03:52Z,2026-08-11T21:03:52+0200,d65ae107-0026-470c-8885-f57b4d7803f4,2026-07-27T16:30:00Z,2026-07-27T18:30:00+0200,680.28,EUR/MWh,DK2,DK_2,imbalance_price,Short,2026-08-11T19:14:45Z
2026-08-11T19:03:52Z,2026-08-11T21:03:52+0200,d65ae107-0026-470c-8885-f57b4d7803f4,2026-07-27T16:45:00Z,2026-07-27T18:45:00+0200,361.26,EUR/MWh,DK2,DK_2,imbalance_price,Long,2026-08-11T19:14:45Z
2026-08-11T19:03:52Z,2026-08-11T21:03:52+0200,d65ae107-0026-470c-8885-f57b4d7803f4,2026-07-27T16:45:00Z,2026-07-27T18:45:00+0200,361.26,EUR/MWh,DK2,DK_2,imbalance_price,Short,2026-08-11T19:14:45Z
2026-08-11T19:03:52Z,2026-08-11T21:03:52+0200,d65ae107-0026-470c-8885-f57b4d7803f4,2026-07-27T17:00:00Z,2026-07-27T19:00:00+0200,10.07,EUR/MWh,DK2,DK_2,imbalance_price,Long,2026-08-11T19:14:45Z
2026-08-11T19:03:52Z,2026-08-11T21:03:52+0200,d65ae107-0026-470c-8885-f57b4d7803f4,2026-07-27T17:00:00Z,2026-07-27T19:00:00+0200,10.07,EUR/MWh,DK2,DK_2,imbalance_price,Short,2026-08-11T19:14:45Z
2026-08-11T19:03:52Z,2026-08-11T21:03:52+0200,d65ae107-0026-470c-8885-f57b4d7803f4,2026-07-27T17:15:00Z,2026-07-27T19:15:00+0200,8.7,EUR/MWh,DK2,DK_2,imbalance_price,Long,2026-08-11T19:14:45Z
2026-08-11T19:03:52Z,2026-08-11T21:03:52+0200,d65ae107-0026-470c-8885-f57b4d7803f4,2026-07-27T17:15:00Z,2026-07-27T19:15:00+0200,8.7,EUR/MWh,DK2,DK_2,imbalance_price,Short,2026-08-11T19:14:45Z
2026-08-11T19:03:52Z,2026-08-11T21:03:52+0200,d65ae107-0026-470c-8885-f57b4d7803f4,2026-07-27T17:30:00Z,2026-07-27T19:30:00+0200,12.78,EUR/MWh,DK2,DK_2,imbalance_price,Long,2026-08-11T19:14:45Z
2026-08-11T19:03:52Z,2026-08-11T21:03:52+0200,d65ae107-0026-470c-8885-f57b4d7803f4,2026-07-27T17:30:00Z,2026-07-27T19:30:00+0200,12.78,EUR/MWh,DK2,DK_2,imbalance_price,Short,2026-08-11T19:14:45Z
2026-08-11T19:03:52Z,2026-08-11T21:03:52+0200,d65ae107-0026-470c-8885-f57b4d7803f4,2026-07-27T17:45:00Z,2026-07-27T19:45:00+0200,197.13,EUR/MWh,DK2,DK_2,imbalance_price,Long,2026-08-11T19:14:45Z
2026-08-11T19:03:52Z,2026-08-11T21:03:52+0200,d65ae107-0026-470c-8885-f57b4d7803f4,2026-07-27T17:45:00Z,2026-07-27T19:45:00+0200,197.13,EUR/MWh,DK2,DK_2,imbalance_price,Short,2026-08-11T19:14:45Z
2026-08-11T19:03:52Z,2026-08-11T21:03:52+0200,d65ae107-0026-470c-8885-f57b4d7803f4,2026-07-27T18:00:00Z,2026-07-27T20:00:00+0200,80.7,EUR/MWh,DK2,DK_2,imbalance_price,Long,2026-08-11T19:14:45Z
2026-08-11T19:03:52Z,2026-08-11T21:03:52+0200,d65ae107-0026-470c-8885-f57b4d7803f4,2026-07-27T18:00:00Z,2026-07-27T20:00:00+0200,80.7,EUR/MWh,DK2,DK_2,imbalance_price,Short,2026-08-11T19:14:45Z
2026-08-11T19:03:52Z,2026-08-11T21:03:52+0200,d65ae107-0026-470c-8885-f57b4d7803f4,2026-07-27T18:15:00Z,2026-07-27T20:15:00+0200,112.2,EUR/MWh,DK2,DK_2,imbalance_price,Long,2026-08-11T19:14:45Z
2026-08-11T19:03:52Z,2026-08-11T21:03:52+0200,d65ae107-0026-470c-8885-f57b4d7803f4,2026-07-27T18:15:00Z,2026-07-27T20:15:00+0200,112.2,EUR/MWh,DK2,DK_2,imbalance_price,Short,2026-08-11T19:14:45Z
2026-08-11T19:03:52Z,2026-08-11T21:03:52+0200,d65ae107-0026-470c-8885-f57b4d7803f4,2026-07-27T18:30:00Z,2026-07-27T20:30:00+0200,802.8,EUR/MWh,DK2,DK_2,imbalance_price,Long,2026-08-11T19:14:45Z
2026-08-11T19:03:52Z,2026-08-11T21:03:52+0200,d65ae107-0026-470c-8885-f57b4d7803f4,2026-07-27T18:30:00Z,2026-07-27T20:30:00+0200,802.8,EUR/MWh,DK2,DK_2,imbalance_price,Short,2026-08-11T19:14:45Z
2026-08-11T19:03:52Z,2026-08-11T21:03:52+0200,d65ae107-0026-470c-8885-f57b4d7803f4,2026-07-27T18:45:00Z,2026-07-27T20:45:00+0200,220.62,EUR/MWh,DK2,DK_2,imbalance_price,Long,2026-08-11T19:14:45Z
2026-08-11T19:03:52Z,2026-08-11T21:03:52+0200,d65ae107-0026-470c-8885-f57b4d7803f4,2026-07-27T18:45:00Z,2026-07-27T20:45:00+0200,220.62,EUR/MWh,DK2,DK_2,imbalance_price,Short,2026-08-11T19:14:45Z
2026-08-11T19:03:52Z,2026-08-11T21:03:52+0200,d65ae107-0026-470c-8885-f57b4d7803f4,2026-07-27T19:00:00Z,2026-07-27T21:00:00+0200,154.37,EUR/MWh,DK2,DK_2,imbalance_price,Long,2026-08-11T19:14:45Z
2026-08-11T19:03:52Z,2026-08-11T21:03:52+0200,d65ae107-0026-470c-8885-f57b4d7803f4,2026-07-27T19:00:00Z,2026-07-27T21:00:00+0200,154.37,EUR/MWh,DK2,DK_2,imbalance_price,Short,2026-08-11T19:14:45Z
2026-08-11T19:03:52Z,2026-08-11T21:03:52+0200,d65ae107-0026-470c-8885-f57b4d7803f4,2026-07-27T19:15:00Z,2026-07-27T21:15:00+0200,140.07,EUR/MWh,DK2,DK_2,imbalance_price,Long,2026-08-11T19:14:45Z
2026-08-11T19:03:52Z,2026-08-11T21:03:52+0200,d65ae107-0026-470c-8885-f57b4d7803f4,2026-07-27T19:15:00Z,2026-07-27T21:15:00+0200,140.07,EUR/MWh,DK2,DK_2,imbalance_price,Short,2026-08-11T19:14:45Z
2026-08-11T19:03:52Z,2026-08-11T21:03:52+0200,d65ae107-0026-470c-8885-f57b4d7803f4,2026-07-27T19:30:00Z,2026-07-27T21:30:00+0200,98.97,EUR/MWh,DK2,DK_2,imbalance_price,Long,2026-08-11T19:14:45Z
2026-08-11T19:03:52Z,2026-08-11T21:03:52+0200,d65ae107-0026-470c-8885-f57b4d7803f4,2026-07-27T19:30:00Z,2026-07-27T21:30:00+0200,98.97,EUR/MWh,DK2,DK_2,imbalance_price,Short,2026-08-11T19:14:45Z
2026-08-11T19:03:52Z,2026-08-11T21:03:52+0200,d65ae107-0026-470c-8885-f57b4d7803f4,2026-07-27T19:45:00Z,2026-07-27T21:45:00+0200,145.15,EUR/MWh,DK2,DK_2,imbalance_price,Long,2026-08-11T19:14:45Z
2026-08-11T19:03:52Z,2026-08-11T21:03:52+0200,d65ae107-0026-470c-8885-f57b4d7803f4,2026-07-27T19:45:00Z,2026-07-27T21:45:00+0200,145.15,EUR/MWh,DK2,DK_2,imbalance_price,Short,2026-08-11T19:14:45Z
2026-08-11T19:03:52Z,2026-08-11T21:03:52+0200,d65ae107-0026-470c-8885-f57b4d7803f4,2026-07-27T20:00:00Z,2026-07-27T22:00:00+0200,468.26,EUR/MWh,DK2,DK_2,imbalance_price,Long,2026-08-11T19:14:45Z
2026-08-11T19:03:52Z,2026-08-11T21:03:52+0200,d65ae107-0026-470c-8885-f57b4d7803f4,2026-07-27T20:00:00Z,2026-07-27T22:00:00+0200,468.26,EUR/MWh,DK2,DK_2,imbalance_price,Short,2026-08-11T19:14:45Z
2026-08-11T19:03:52Z,2026-08-11T21:03:52+0200,d65ae107-0026-470c-8885-f57b4d7803f4,2026-07-27T20:15:00Z,2026-07-27T22:15:00+0200,145.51,EUR/MWh,DK2,DK_2,imbalance_price,Long,2026-08-11T19:14:45Z
2026-08-11T19:03:52Z,2026-08-11T21:03:52+0200,d65ae107-0026-470c-8885-f57b4d7803f4,2026-07-27T20:15:00Z,2026-07-27T22:15:00+0200,145.51,EUR/MWh,DK2,DK_2,imbalance_price,Short,2026-08-11T19:14:45Z
2026-08-11T19:03:52Z,2026-08-11T21:03:52+0200,d65ae107-0026-470c-8885-f57b4d7803f4,2026-07-27T20:30:00Z,2026-07-27T22:30:00+0200,36.32,EUR/MWh,DK2,DK_2,imbalance_price,Long,2026-08-11T19:14:45Z
2026-08-11T19:03:52Z,2026-08-11T21:03:52+0200,d65ae107-0026-470c-8885-f57b4d7803f4,2026-07-27T20:30:00Z,2026-07-27T22:30:00+0200,36.32,EUR/MWh,DK2,DK_2,imbalance_price,Short,2026-08-11T19:14:45Z
2026-08-11T19:03:52Z,2026-08-11T21:03:52+0200,d65ae107-0026-470c-8885-f57b4d7803f4,2026-07-27T20:45:00Z,2026-07-27T22:45:00+0200,148.3,EUR/MWh,DK2,DK_2,imbalance_price,Long,2026-08-11T19:14:45Z
2026-08-11T19:03:52Z,2026-08-11T21:03:52+0200,d65ae107-0026-470c-8885-f57b4d7803f4,2026-07-27T20:45:00Z,2026-07-27T22:45:00+0200,148.3,EUR/MWh,DK2,DK_2,imbalance_price,Short,2026-08-11T19:14:45Z
2026-08-11T19:03:52Z,2026-08-11T21:03:52+0200,d65ae107-0026-470c-8885-f57b4d7803f4,2026-07-27T21:00:00Z,2026-07-27T23:00:00+0200,147.71,EUR/MWh,DK2,DK_2,imbalance_price,Long,2026-08-11T19:14:45Z
2026-08-11T19:03:52Z,2026-08-11T21:03:52+0200,d65ae107-0026-470c-8885-f57b4d7803f4,2026-07-27T21:00:00Z,2026-07-27T23:00:00+0200,147.71,EUR/MWh,DK2,DK_2,imbalance_price,Short,2026-08-11T19:14:45Z
2026-08-11T19:03:52Z,2026-08-11T21:03:52+0200,d65ae107-0026-470c-8885-f57b4d7803f4,2026-07-27T21:15:00Z,2026-07-27T23:15:00+0200,25.31,EUR/MWh,DK2,DK_2,imbalance_price,Long,2026-08-11T19:14:45Z
2026-08-11T19:03:52Z,2026-08-11T21:03:52+0200,d65ae107-0026-470c-8885-f57b4d7803f4,2026-07-27T21:15:00Z,2026-07-27T23:15:00+0200,25.31,EUR/MWh,DK2,DK_2,imbalance_price,Short,2026-08-11T19:14:45Z
2026-08-11T19:03:52Z,2026-08-11T21:03:52+0200,d65ae107-0026-470c-8885-f57b4d7803f4,2026-07-27T21:30:00Z,2026-07-27T23:30:00+0200,123.5,EUR/MWh,DK2,DK_2,imbalance_price,Long,2026-08-11T19:14:45Z
2026-08-11T19:03:52Z,2026-08-11T21:03:52+0200,d65ae107-0026-470c-8885-f57b4d7803f4,2026-07-27T21:30:00Z,2026-07-27T23:30:00+0200,123.5,EUR/MWh,DK2,DK_2,imbalance_price,Short,2026-08-11T19:14:45Z
2026-08-11T19:03:52Z,2026-08-11T21:03:52+0200,d65ae107-0026-470c-8885-f57b4d7803f4,2026-07-27T21:45:00Z,2026-07-27T23:45:00+0200,144.12,EUR/MWh,DK2,DK_2,imbalance_price,Long,2026-08-11T19:14:45Z
2026-08-11T19:03:52Z,2026-08-11T21:03:52+0200,d65ae107-0026-470c-8885-f57b4d7803f4,2026-07-27T21:45:00Z,2026-07-27T23:45:00+0200,144.12,EUR/MWh,DK2,DK_2,imbalance_price,Short,2026-08-11T19:14:45Z
2026-08-11T19:03:52Z,2026-08-11T21:03:52+0200,d65ae107-0026-470c-8885-f57b4d7803f4,2026-07-27T22:00:00Z,2026-07-28T00:00:00+0200,167.25,EUR/MWh,DK2,DK_2,imbalance_price,Long,2026-08-11T19:14:45Z
2026-08-11T19:03:52Z,2026-08-11T21:03:52+0200,d65ae107-0026-470c-8885-f57b4d7803f4,2026-07-27T22:00:00Z,2026-07-28T00:00:00+0200,167.25,EUR/MWh,DK2,DK_2,imbalance_price,Short,2026-08-11T19:14:45Z
2026-08-11T19:03:52Z,2026-08-11T21:03:52+0200,d65ae107-0026-470c-8885-f57b4d7803f4,2026-07-27T22:15:00Z,2026-07-28T00:15:00+0200,164.59,EUR/MWh,DK2,DK_2,imbalance_price,Long,2026-08-11T19:14:45Z
2026-08-11T19:03:52Z,2026-08-11T21:03:52+0200,d65ae107-0026-470c-8885-f57b4d7803f4,2026-07-27T22:15:00Z,2026-07-28T00:15:00+0200,164.59,EUR/MWh,DK2,DK_2,imbalance_price,Short,2026-08-11T19:14:45Z
2026-08-11T19:03:52Z,2026-08-11T21:03:52+0200,d65ae107-0026-470c-8885-f57b4d7803f4,2026-07-27T22:30:00Z,2026-07-28T00:30:00+0200,149.26,EUR/MWh,DK2,DK_2,imbalance_price,Long,2026-08-11T19:14:45Z
2026-08-11T19:03:52Z,2026-08-11T21:03:52+0200,d65ae107-0026-470c-8885-f57b4d7803f4,2026-07-27T22:30:00Z,2026-07-28T00:30:00+0200,149.26,EUR/MWh,DK2,DK_2,imbalance_price,Short,2026-08-11T19:14:45Z
2026-08-11T19:03:52Z,2026-08-11T21:03:52+0200,d65ae107-0026-470c-8885-f57b4d7803f4,2026-07-27T22:45:00Z,2026-07-28T00:45:00+0200,25.07,EUR/MWh,DK2,DK_2,imbalance_price,Long,2026-08-11T19:14:45Z
2026-08-11T19:03:52Z,2026-08-11T21:03:52+0200,d65ae107-0026-470c-8885-f57b4d7803f4,2026-07-27T22:45:00Z,2026-07-28T00:45:00+0200,25.07,EUR/MWh,DK2,DK_2,imbalance_price,Short,2026-08-11T19:14:45Z
2026-08-11T19:03:52Z,2026-08-11T21:03:52+0200,d65ae107-0026-470c-8885-f57b4d7803f4,2026-07-27T23:00:00Z,2026-07-28T01:00:00+0200,34.67,EUR/MWh,DK2,DK_2,imbalance_price,Long,2026-08-11T19:14:45Z
2026-08-11T19:03:52Z,2026-08-11T21:03:52+0200,d65ae107-0026-470c-8885-f57b4d7803f4,2026-07-27T23:00:00Z,2026-07-28T01:00:00+0200,34.67,EUR/MWh,DK2,DK_2,imbalance_price,Short,2026-08-11T19:14:45Z
2026-08-11T19:03:52Z,2026-08-11T21:03:52+0200,d65ae107-0026-470c-8885-f57b4d7803f4,2026-07-27T23:15:00Z,2026-07-28T01:15:00+0200,146.29,EUR/MWh,DK2,DK_2,imbalance_price,Long,2026-08-11T19:14:45Z
2026-08-11T19:03:52Z,2026-08-11T21:03:52+0200,d65ae107-0026-470c-8885-f57b4d7803f4,2026-07-27T23:15:00Z,2026-07-28T01:15:00+0200,146.29,EUR/MWh,DK2,DK_2,imbalance_price,Short,2026-08-11T19:14:45Z
2026-08-11T19:03:52Z,2026-08-11T21:03:52+0200,d65ae107-0026-470c-8885-f57b4d7803f4,2026-07-27T23:30:00Z,2026-07-28T01:30:00+0200,142.19,EUR/MWh,DK2,DK_2,imbalance_price,Long,2026-08-11T19:14:45Z
2026-08-11T19:03:52Z,2026-08-11T21:03:52+0200,d65ae107-0026-470c-8885-f57b4d7803f4,2026-07-27T23:30:00Z,2026-07-28T01:30:00+0200,142.19,EUR/MWh,DK2,DK_2,imbalance_price,Short,2026-08-11T19:14:45Z
2026-08-11T19:03:52Z,2026-08-11T21:03:52+0200,d65ae107-0026-470c-8885-f57b4d7803f4,2026-07-27T23:45:00Z,2026-07-28T01:45:00+0200,140.45,EUR/MWh,DK2,DK_2,imbalance_price,Long,2026-08-11T19:14:45Z
2026-08-11T19:03:52Z,2026-08-11T21:03:52+0200,d65ae107-0026-470c-8885-f57b4d7803f4,2026-07-27T23:45:00Z,2026-07-28T01:45:00+0200,140.45,EUR/MWh,DK2,DK_2,imbalance_price,Short,2026-08-11T19:14:45Z
2026-08-11T19:03:52Z,2026-08-11T21:03:52+0200,d65ae107-0026-470c-8885-f57b4d7803f4,2026-07-28T00:00:00Z,2026-07-28T02:00:00+0200,217.13,EUR/MWh,DK2,DK_2,imbalance_price,Long,2026-08-11T19:14:45Z
2026-08-11T19:03:52Z,2026-08-11T21:03:52+0200,d65ae107-0026-470c-8885-f57b4d7803f4,2026-07-28T00:00:00Z,2026-07-28T02:00:00+0200,217.13,EUR/MWh,DK2,DK_2,imbalance_price,Short,2026-08-11T19:14:45Z
2026-08-11T19:03:52Z,2026-08-11T21:03:52+0200,d65ae107-0026-470c-8885-f57b4d7803f4,2026-07-28T00:15:00Z,2026-07-28T02:15:00+0200,138.26,EUR/MWh,DK2,DK_2,imbalance_price,Long,2026-08-11T19:14:45Z
2026-08-11T19:03:52Z,2026-08-11T21:03:52+0200,d65ae107-0026-470c-8885-f57b4d7803f4,2026-07-28T00:15:00Z,2026-07-28T02:15:00+0200,138.26,EUR/MWh,DK2,DK_2,imbalance_price,Short,2026-08-11T19:14:45Z
2026-08-11T19:03:52Z,2026-08-11T21:03:52+0200,d65ae107-0026-470c-8885-f57b4d7803f4,2026-07-28T00:30:00Z,2026-07-28T02:30:00+0200,135.84,EUR/MWh,DK2,DK_2,imbalance_price,Long,2026-08-11T19:14:45Z
2026-08-11T19:03:52Z,2026-08-11T21:03:52+0200,d65ae107-0026-470c-8885-f57b4d7803f4,2026-07-28T00:30:00Z,2026-07-28T02:30:00+0200,135.84,EUR/MWh,DK2,DK_2,imbalance_price,Short,2026-08-11T19:14:45Z
2026-08-11T19:03:52Z,2026-08-11T21:03:52+0200,d65ae107-0026-470c-8885-f57b4d7803f4,2026-07-28T00:45:00Z,2026-07-28T02:45:00+0200,134.91,EUR/MWh,DK2,DK_2,imbalance_price,Long,2026-08-11T19:14:45Z
2026-08-11T19:03:52Z,2026-08-11T21:03:52+0200,d65ae107-0026-470c-8885-f57b4d7803f4,2026-07-28T00:45:00Z,2026-07-28T02:45:00+0200,134.91,EUR/MWh,DK2,DK_2,imbalance_price,Short,2026-08-11T19:14:45Z
2026-08-11T19:03:52Z,2026-08-11T21:03:52+0200,d65ae107-0026-470c-8885-f57b4d7803f4,2026-07-28T01:00:00Z,2026-07-28T03:00:00+0200,134.04,EUR/MWh,DK2,DK_2,imbalance_price,Long,2026-08-11T19:14:45Z
2026-08-11T19:03:52Z,2026-08-11T21:03:52+0200,d65ae107-0026-470c-8885-f57b4d7803f4,2026-07-28T01:00:00Z,2026-07-28T03:00:00+0200,134.04,EUR/MWh,DK2,DK_2,imbalance_price,Short,2026-08-11T19:14:45Z
2026-08-11T19:03:52Z,2026-08-11T21:03:52+0200,d65ae107-0026-470c-8885-f57b4d7803f4,2026-07-28T01:15:00Z,2026-07-28T03:15:00+0200,164.01,EUR/MWh,DK2,DK_2,imbalance_price,Long,2026-08-11T19:14:45Z
2026-08-11T19:03:52Z,2026-08-11T21:03:52+0200,d65ae107-0026-470c-8885-f57b4d7803f4,2026-07-28T01:15:00Z,2026-07-28T03:15:00+0200,164.01,EUR/MWh,DK2,DK_2,imbalance_price,Short,2026-08-11T19:14:45Z
2026-08-11T19:03:52Z,2026-08-11T21:03:52+0200,d65ae107-0026-470c-8885-f57b4d7803f4,2026-07-28T01:30:00Z,2026-07-28T03:30:00+0200,267.6,EUR/MWh,DK2,DK_2,imbalance_price,Long,2026-08-11T19:14:45Z
2026-08-11T19:03:52Z,2026-08-11T21:03:52+0200,d65ae107-0026-470c-8885-f57b4d7803f4,2026-07-28T01:30:00Z,2026-07-28T03:30:00+0200,267.6,EUR/MWh,DK2,DK_2,imbalance_price,Short,2026-08-11T19:14:45Z
2026-08-11T19:03:52Z,2026-08-11T21:03:52+0200,d65ae107-0026-470c-8885-f57b4d7803f4,2026-07-28T01:45:00Z,2026-07-28T03:45:00+0200,267.6,EUR/MWh,DK2,DK_2,imbalance_price,Long,2026-08-11T19:14:45Z
2026-08-11T19:03:52Z,2026-08-11T21:03:52+0200,d65ae107-0026-470c-8885-f57b4d7803f4,2026-07-28T01:45:00Z,2026-07-28T03:45:00+0200,267.6,EUR/MWh,DK2,DK_2,imbalance_price,Short,2026-08-11T19:14:45Z
2026-08-11T19:03:52Z,2026-08-11T21:03:52+0200,d65ae107-0026-470c-8885-f57b4d7803f4,2026-07-28T02:00:00Z,2026-07-28T04:00:00+0200,307.72,EUR/MWh,DK2,DK_2,imbalance_price,Long,2026-08-11T19:14:45Z
2026-08-11T19:03:52Z,2026-08-11T21:03:52+0200,d65ae107-0026-470c-8885-f57b4d7803f4,2026-07-28T02:00:00Z,2026-07-28T04:00:00+0200,307.72,EUR/MWh,DK2,DK_2,imbalance_price,Short,2026-08-11T19:14:45Z
2026-08-11T19:03:52Z,2026-08-11T21:03:52+0200,d65ae107-0026-470c-8885-f57b4d7803f4,2026-07-28T02:15:00Z,2026-07-28T04:15:00+0200,131.78,EUR/MWh,DK2,DK_2,imbalance_price,Long,2026-08-11T19:14:45Z
2026-08-11T19:03:52Z,2026-08-11T21:03:52+0200,d65ae107-0026-470c-8885-f57b4d7803f4,2026-07-28T02:15:00Z,2026-07-28T04:15:00+0200,131.78,EUR/MWh,DK2,DK_2,imbalance_price,Short,2026-08-11T19:14:45Z
2026-08-11T19:03:52Z,2026-08-11T21:03:52+0200,d65ae107-0026-470c-8885-f57b4d7803f4,2026-07-28T02:30:00Z,2026-07-28T04:30:00+0200,133.69,EUR/MWh,DK2,DK_2,imbalance_price,Long,2026-08-11T19:14:45Z
2026-08-11T19:03:52Z,2026-08-11T21:03:52+0200,d65ae107-0026-470c-8885-f57b4d7803f4,2026-07-28T02:30:00Z,2026-07-28T04:30:00+0200,133.69,EUR/MWh,DK2,DK_2,imbalance_price,Short,2026-08-11T19:14:45Z
2026-08-11T19:03:52Z,2026-08-11T21:03:52+0200,d65ae107-0026-470c-8885-f57b4d7803f4,2026-07-28T02:45:00Z,2026-07-28T04:45:00+0200,134.41,EUR/MWh,DK2,DK_2,imbalance_price,Long,2026-08-11T19:14:45Z
2026-08-11T19:03:52Z,2026-08-11T21:03:52+0200,d65ae107-0026-470c-8885-f57b4d7803f4,2026-07-28T02:45:00Z,2026-07-28T04:45:00+0200,134.41,EUR/MWh,DK2,DK_2,imbalance_price,Short,2026-08-11T19:14:45Z
2026-08-11T19:03:52Z,2026-08-11T21:03:52+0200,d65ae107-0026-470c-8885-f57b4d7803f4,2026-07-28T03:00:00Z,2026-07-28T05:00:00+0200,139.66,EUR/MWh,DK2,DK_2,imbalance_price,Long,2026-08-11T19:14:45Z
2026-08-11T19:03:52Z,2026-08-11T21:03:52+0200,d65ae107-0026-470c-8885-f57b4d7803f4,2026-07-28T03:00:00Z,2026-07-28T05:00:00+0200,139.66,EUR/MWh,DK2,DK_2,imbalance_price,Short,2026-08-11T19:14:45Z
2026-08-11T19:03:52Z,2026-08-11T21:03:52+0200,d65ae107-0026-470c-8885-f57b4d7803f4,2026-07-28T03:15:00Z,2026-07-28T05:15:00+0200,144.97,EUR/MWh,DK2,DK_2,imbalance_price,Long,2026-08-11T19:14:45Z
2026-08-11T19:03:52Z,2026-08-11T21:03:52+0200,d65ae107-0026-470c-8885-f57b4d7803f4,2026-07-28T03:15:00Z,2026-07-28T05:15:00+0200,144.97,EUR/MWh,DK2,DK_2,imbalance_price,Short,2026-08-11T19:14:45Z
2026-08-11T19:03:52Z,2026-08-11T21:03:52+0200,d65ae107-0026-470c-8885-f57b4d7803f4,2026-07-28T03:30:00Z,2026-07-28T05:30:00+0200,149.34,EUR/MWh,DK2,DK_2,imbalance_price,Long,2026-08-11T19:14:45Z
2026-08-11T19:03:52Z,2026-08-11T21:03:52+0200,d65ae107-0026-470c-8885-f57b4d7803f4,2026-07-28T03:30:00Z,2026-07-28T05:30:00+0200,149.34,EUR/MWh,DK2,DK_2,imbalance_price,Short,2026-08-11T19:14:45Z
2026-08-11T19:03:52Z,2026-08-11T21:03:52+0200,d65ae107-0026-470c-8885-f57b4d7803f4,2026-07-28T03:45:00Z,2026-07-28T05:45:00+0200,199.91,EUR/MWh,DK2,DK_2,imbalance_price,Long,2026-08-11T19:14:45Z
2026-08-11T19:03:52Z,2026-08-11T21:03:52+0200,d65ae107-0026-470c-8885-f57b4d7803f4,2026-07-28T03:45:00Z,2026-07-28T05:45:00+0200,199.91,EUR/MWh,DK2,DK_2,imbalance_price,Short,2026-08-11T19:14:45Z
2026-08-11T19:03:52Z,2026-08-11T21:03:52+0200,d65ae107-0026-470c-8885-f57b4d7803f4,2026-07-28T04:00:00Z,2026-07-28T06:00:00+0200,139.13,EUR/MWh,DK2,DK_2,imbalance_price,Long,2026-08-11T19:14:45Z
2026-08-11T19:03:52Z,2026-08-11T21:03:52+0200,d65ae107-0026-470c-8885-f57b4d7803f4,2026-07-28T04:00:00Z,2026-07-28T06:00:00+0200,139.13,EUR/MWh,DK2,DK_2,imbalance_price,Short,2026-08-11T19:14:45Z
2026-08-11T19:03:52Z,2026-08-11T21:03:52+0200,d65ae107-0026-470c-8885-f57b4d7803f4,2026-07-28T04:15:00Z,2026-07-28T06:15:00+0200,146.31,EUR/MWh,DK2,DK_2,imbalance_price,Long,2026-08-11T19:14:45Z
2026-08-11T19:03:52Z,2026-08-11T21:03:52+0200,d65ae107-0026-470c-8885-f57b4d7803f4,2026-07-28T04:15:00Z,2026-07-28T06:15:00+0200,146.31,EUR/MWh,DK2,DK_2,imbalance_price,Short,2026-08-11T19:14:45Z
2026-08-11T19:03:52Z,2026-08-11T21:03:52+0200,d65ae107-0026-470c-8885-f57b4d7803f4,2026-07-28T04:30:00Z,2026-07-28T06:30:00+0200,156.83,EUR/MWh,DK2,DK_2,imbalance_price,Long,2026-08-11T19:14:45Z
2026-08-11T19:03:52Z,2026-08-11T21:03:52+0200,d65ae107-0026-470c-8885-f57b4d7803f4,2026-07-28T04:30:00Z,2026-07-28T06:30:00+0200,156.83,EUR/MWh,DK2,DK_2,imbalance_price,Short,2026-08-11T19:14:45Z
2026-08-11T19:03:52Z,2026-08-11T21:03:52+0200,d65ae107-0026-470c-8885-f57b4d7803f4,2026-07-28T04:45:00Z,2026-07-28T06:45:00+0200,334.48,EUR/MWh,DK2,DK_2,imbalance_price,Long,2026-08-11T19:14:45Z
2026-08-11T19:03:52Z,2026-08-11T21:03:52+0200,d65ae107-0026-470c-8885-f57b4d7803f4,2026-07-28T04:45:00Z,2026-07-28T06:45:00+0200,334.48,EUR/MWh,DK2,DK_2,imbalance_price,Short,2026-08-11T19:14:45Z
2026-08-11T19:03:52Z,2026-08-11T21:03:52+0200,d65ae107-0026-470c-8885-f57b4d7803f4,2026-07-28T05:00:00Z,2026-07-28T07:00:00+0200,374.61,EUR/MWh,DK2,DK_2,imbalance_price,Long,2026-08-11T19:14:45Z
2026-08-11T19:03:52Z,2026-08-11T21:03:52+0200,d65ae107-0026-470c-8885-f57b4d7803f4,2026-07-28T05:00:00Z,2026-07-28T07:00:00+0200,374.61,EUR/MWh,DK2,DK_2,imbalance_price,Short,2026-08-11T19:14:45Z
2026-08-11T19:03:52Z,2026-08-11T21:03:52+0200,d65ae107-0026-470c-8885-f57b4d7803f4,2026-07-28T05:15:00Z,2026-07-28T07:15:00+0200,401.37,EUR/MWh,DK2,DK_2,imbalance_price,Long,2026-08-11T19:14:45Z
2026-08-11T19:03:52Z,2026-08-11T21:03:52+0200,d65ae107-0026-470c-8885-f57b4d7803f4,2026-07-28T05:15:00Z,2026-07-28T07:15:00+0200,401.37,EUR/MWh,DK2,DK_2,imbalance_price,Short,2026-08-11T19:14:45Z
2026-08-11T19:03:52Z,2026-08-11T21:03:52+0200,d65ae107-0026-470c-8885-f57b4d7803f4,2026-07-28T05:30:00Z,2026-07-28T07:30:00+0200,30.07,EUR/MWh,DK2,DK_2,imbalance_price,Long,2026-08-11T19:14:45Z
2026-08-11T19:03:52Z,2026-08-11T21:03:52+0200,d65ae107-0026-470c-8885-f57b4d7803f4,2026-07-28T05:30:00Z,2026-07-28T07:30:00+0200,30.07,EUR/MWh,DK2,DK_2,imbalance_price,Short,2026-08-11T19:14:45Z
2026-08-11T19:03:52Z,2026-08-11T21:03:52+0200,d65ae107-0026-470c-8885-f57b4d7803f4,2026-07-28T05:45:00Z,2026-07-28T07:45:00+0200,58.22,EUR/MWh,DK2,DK_2,imbalance_price,Long,2026-08-11T19:14:45Z
2026-08-11T19:03:52Z,2026-08-11T21:03:52+0200,d65ae107-0026-470c-8885-f57b4d7803f4,2026-07-28T05:45:00Z,2026-07-28T07:45:00+0200,58.22,EUR/MWh,DK2,DK_2,imbalance_price,Short,2026-08-11T19:14:45Z
2026-08-11T19:03:52Z,2026-08-11T21:03:52+0200,d65ae107-0026-470c-8885-f57b4d7803f4,2026-07-28T06:00:00Z,2026-07-28T08:00:00+0200,161.24,EUR/MWh,DK2,DK_2,imbalance_price,Long,2026-08-11T19:14:45Z
2026-08-11T19:03:52Z,2026-08-11T21:03:52+0200,d65ae107-0026-470c-8885-f57b4d7803f4,2026-07-28T06:00:00Z,2026-07-28T08:00:00+0200,161.24,EUR/MWh,DK2,DK_2,imbalance_price,Short,2026-08-11T19:14:45Z
2026-08-11T19:03:52Z,2026-08-11T21:03:52+0200,d65ae107-0026-470c-8885-f57b4d7803f4,2026-07-28T06:15:00Z,2026-07-28T08:15:00+0200,147.58,EUR/MWh,DK2,DK_2,imbalance_price,Long,2026-08-11T19:14:45Z
2026-08-11T19:03:52Z,2026-08-11T21:03:52+0200,d65ae107-0026-470c-8885-f57b4d7803f4,2026-07-28T06:15:00Z,2026-07-28T08:15:00+0200,147.58,EUR/MWh,DK2,DK_2,imbalance_price,Short,2026-08-11T19:14:45Z
2026-08-11T19:03:52Z,2026-08-11T21:03:52+0200,d65ae107-0026-470c-8885-f57b4d7803f4,2026-07-28T06:30:00Z,2026-07-28T08:30:00+0200,160.0,EUR/MWh,DK2,DK_2,imbalance_price,Long,2026-08-11T19:14:45Z
2026-08-11T19:03:52Z,2026-08-11T21:03:52+0200,d65ae107-0026-470c-8885-f57b4d7803f4,2026-07-28T06:30:00Z,2026-07-28T08:30:00+0200,160.0,EUR/MWh,DK2,DK_2,imbalance_price,Short,2026-08-11T19:14:45Z
2026-08-11T19:03:52Z,2026-08-11T21:03:52+0200,d65ae107-0026-470c-8885-f57b4d7803f4,2026-07-28T06:45:00Z,2026-07-28T08:45:00+0200,111.77,EUR/MWh,DK2,DK_2,imbalance_price,Long,2026-08-11T19:14:45Z
2026-08-11T19:03:52Z,2026-08-11T21:03:52+0200,d65ae107-0026-470c-8885-f57b4d7803f4,2026-07-28T06:45:00Z,2026-07-28T08:45:00+0200,111.77,EUR/MWh,DK2,DK_2,imbalance_price,Short,2026-08-11T19:14:45Z
2026-08-11T19:03:52Z,2026-08-11T21:03:52+0200,d65ae107-0026-470c-8885-f57b4d7803f4,2026-07-28T07:00:00Z,2026-07-28T09:00:00+0200,155.4,EUR/MWh,DK2,DK_2,imbalance_price,Long,2026-08-11T19:14:45Z
2026-08-11T19:03:52Z,2026-08-11T21:03:52+0200,d65ae107-0026-470c-8885-f57b4d7803f4,2026-07-28T07:00:00Z,2026-07-28T09:00:00+0200,155.4,EUR/MWh,DK2,DK_2,imbalance_price,Short,2026-08-11T19:14:45Z
2026-08-11T19:03:52Z,2026-08-11T21:03:52+0200,d65ae107-0026-470c-8885-f57b4d7803f4,2026-07-28T07:15:00Z,2026-07-28T09:15:00+0200,116.17,EUR/MWh,DK2,DK_2,imbalance_price,Long,2026-08-11T19:14:45Z
2026-08-11T19:03:52Z,2026-08-11T21:03:52+0200,d65ae107-0026-470c-8885-f57b4d7803f4,2026-07-28T07:15:00Z,2026-07-28T09:15:00+0200,116.17,EUR/MWh,DK2,DK_2,imbalance_price,Short,2026-08-11T19:14:45Z
2026-08-11T19:03:52Z,2026-08-11T21:03:52+0200,d65ae107-0026-470c-8885-f57b4d7803f4,2026-07-28T07:30:00Z,2026-07-28T09:30:00+0200,6.4,EUR/MWh,DK2,DK_2,imbalance_price,Long,2026-08-11T19:14:45Z
2026-08-11T19:03:52Z,2026-08-11T21:03:52+0200,d65ae107-0026-470c-8885-f57b4d7803f4,2026-07-28T07:30:00Z,2026-07-28T09:30:00+0200,6.4,EUR/MWh,DK2,DK_2,imbalance_price,Short,2026-08-11T19:14:45Z
2026-08-11T19:03:52Z,2026-08-11T21:03:52+0200,d65ae107-0026-470c-8885-f57b4d7803f4,2026-07-28T07:45:00Z,2026-07-28T09:45:00+0200,68.53,EUR/MWh,DK2,DK_2,imbalance_price,Long,2026-08-11T19:14:45Z
2026-08-11T19:03:52Z,2026-08-11T21:03:52+0200,d65ae107-0026-470c-8885-f57b4d7803f4,2026-07-28T07:45:00Z,2026-07-28T09:45:00+0200,68.53,EUR/MWh,DK2,DK_2,imbalance_price,Short,2026-08-11T19:14:45Z
2026-08-11T19:03:52Z,2026-08-11T21:03:52+0200,d65ae107-0026-470c-8885-f57b4d7803f4,2026-07-28T08:00:00Z,2026-07-28T10:00:00+0200,-2.23,EUR/MWh,DK2,DK_2,imbalance_price,Long,2026-08-11T19:14:45Z
2026-08-11T19:03:52Z,2026-08-11T21:03:52+0200,d65ae107-0026-470c-8885-f57b4d7803f4,2026-07-28T08:00:00Z,2026-07-28T10:00:00+0200,-2.23,EUR/MWh,DK2,DK_2,imbalance_price,Short,2026-08-11T19:14:45Z
2026-08-11T19:03:52Z,2026-08-11T21:03:52+0200,d65ae107-0026-470c-8885-f57b4d7803f4,2026-07-28T08:15:00Z,2026-07-28T10:15:00+0200,40.88,EUR/MWh,DK2,DK_2,imbalance_price,Long,2026-08-11T19:14:45Z
2026-08-11T19:03:52Z,2026-08-11T21:03:52+0200,d65ae107-0026-470c-8885-f57b4d7803f4,2026-07-28T08:15:00Z,2026-07-28T10:15:00+0200,40.88,EUR/MWh,DK2,DK_2,imbalance_price,Short,2026-08-11T19:14:45Z
2026-08-11T19:03:52Z,2026-08-11T21:03:52+0200,d65ae107-0026-470c-8885-f57b4d7803f4,2026-07-28T08:30:00Z,2026-07-28T10:30:00+0200,14.16,EUR/MWh,DK2,DK_2,imbalance_price,Long,2026-08-11T19:14:45Z
2026-08-11T19:03:52Z,2026-08-11T21:03:52+0200,d65ae107-0026-470c-8885-f57b4d7803f4,2026-07-28T08:30:00Z,2026-07-28T10:30:00+0200,14.16,EUR/MWh,DK2,DK_2,imbalance_price,Short,2026-08-11T19:14:45Z
2026-08-11T19:03:52Z,2026-08-11T21:03:52+0200,d65ae107-0026-470c-8885-f57b4d7803f4,2026-07-28T08:45:00Z,2026-07-28T10:45:00+0200,-25.6,EUR/MWh,DK2,DK_2,imbalance_price,Long,2026-08-11T19:14:45Z
2026-08-11T19:03:52Z,2026-08-11T21:03:52+0200,d65ae107-0026-470c-8885-f57b4d7803f4,2026-07-28T08:45:00Z,2026-07-28T10:45:00+0200,-25.6,EUR/MWh,DK2,DK_2,imbalance_price,Short,2026-08-11T19:14:45Z
2026-08-11T19:03:52Z,2026-08-11T21:03:52+0200,d65ae107-0026-470c-8885-f57b4d7803f4,2026-07-28T09:00:00Z,2026-07-28T11:00:00+0200,-16.63,EUR/MWh,DK2,DK_2,imbalance_price,Long,2026-08-11T19:14:45Z
2026-08-11T19:03:52Z,2026-08-11T21:03:52+0200,d65ae107-0026-470c-8885-f57b4d7803f4,2026-07-28T09:00:00Z,2026-07-28T11:00:00+0200,-16.63,EUR/MWh,DK2,DK_2,imbalance_price,Short,2026-08-11T19:14:45Z
2026-08-11T19:03:52Z,2026-08-11T21:03:52+0200,d65ae107-0026-470c-8885-f57b4d7803f4,2026-07-28T09:15:00Z,2026-07-28T11:15:00+0200,-18.52,EUR/MWh,DK2,DK_2,imbalance_price,Long,2026-08-11T19:14:45Z
2026-08-11T19:03:52Z,2026-08-11T21:03:52+0200,d65ae107-0026-470c-8885-f57b4d7803f4,2026-07-28T09:15:00Z,2026-07-28T11:15:00+0200,-18.52,EUR/MWh,DK2,DK_2,imbalance_price,Short,2026-08-11T19:14:45Z
2026-08-11T19:03:52Z,2026-08-11T21:03:52+0200,d65ae107-0026-470c-8885-f57b4d7803f4,2026-07-28T09:30:00Z,2026-07-28T11:30:00+0200,-29.56,EUR/MWh,DK2,DK_2,imbalance_price,Long,2026-08-11T19:14:45Z
2026-08-11T19:03:52Z,2026-08-11T21:03:52+0200,d65ae107-0026-470c-8885-f57b4d7803f4,2026-07-28T09:30:00Z,2026-07-28T11:30:00+0200,-29.56,EUR/MWh,DK2,DK_2,imbalance_price,Short,2026-08-11T19:14:45Z
2026-08-11T19:03:52Z,2026-08-11T21:03:52+0200,d65ae107-0026-470c-8885-f57b4d7803f4,2026-07-28T09:45:00Z,2026-07-28T11:45:00+0200,1.56,EUR/MWh,DK2,DK_2,imbalance_price,Long,2026-08-11T19:14:45Z
2026-08-11T19:03:52Z,2026-08-11T21:03:52+0200,d65ae107-0026-470c-8885-f57b4d7803f4,2026-07-28T09:45:00Z,2026-07-28T11:45:00+0200,1.56,EUR/MWh,DK2,DK_2,imbalance_price,Short,2026-08-11T19:14:45Z
2026-08-11T19:03:52Z,2026-08-11T21:03:52+0200,d65ae107-0026-470c-8885-f57b4d7803f4,2026-07-28T10:00:00Z,2026-07-28T12:00:00+0200,1.26,EUR/MWh,DK2,DK_2,imbalance_price,Long,2026-08-11T19:14:45Z
2026-08-11T19:03:52Z,2026-08-11T21:03:52+0200,d65ae107-0026-470c-8885-f57b4d7803f4,2026-07-28T10:00:00Z,2026-07-28T12:00:00+0200,1.26,EUR/MWh,DK2,DK_2,imbalance_price,Short,2026-08-11T19:14:45Z
2026-08-11T19:03:52Z,2026-08-11T21:03:52+0200,d65ae107-0026-470c-8885-f57b4d7803f4,2026-07-28T10:15:00Z,2026-07-28T12:15:00+0200,-3.21,EUR/MWh,DK2,DK_2,imbalance_price,Long,2026-08-11T19:14:45Z
2026-08-11T19:03:52Z,2026-08-11T21:03:52+0200,d65ae107-0026-470c-8885-f57b4d7803f4,2026-07-28T10:15:00Z,2026-07-28T12:15:00+0200,-3.21,EUR/MWh,DK2,DK_2,imbalance_price,Short,2026-08-11T19:14:45Z
2026-08-11T19:03:52Z,2026-08-11T21:03:52+0200,d65ae107-0026-470c-8885-f57b4d7803f4,2026-07-28T10:30:00Z,2026-07-28T12:30:00+0200,-2.07,EUR/MWh,DK2,DK_2,imbalance_price,Long,2026-08-11T19:14:45Z
2026-08-11T19:03:52Z,2026-08-11T21:03:52+0200,d65ae107-0026-470c-8885-f57b4d7803f4,2026-07-28T10:30:00Z,2026-07-28T12:30:00+0200,-2.07,EUR/MWh,DK2,DK_2,imbalance_price,Short,2026-08-11T19:14:45Z
2026-08-11T19:03:52Z,2026-08-11T21:03:52+0200,d65ae107-0026-470c-8885-f57b4d7803f4,2026-07-28T10:45:00Z,2026-07-28T12:45:00+0200,-2.14,EUR/MWh,DK2,DK_2,imbalance_price,Long,2026-08-11T19:14:45Z
2026-08-11T19:03:52Z,2026-08-11T21:03:52+0200,d65ae107-0026-470c-8885-f57b4d7803f4,2026-07-28T10:45:00Z,2026-07-28T12:45:00+0200,-2.14,EUR/MWh,DK2,DK_2,imbalance_price,Short,2026-08-11T19:14:45Z
2026-08-11T19:03:52Z,2026-08-11T21:03:52+0200,d65ae107-0026-470c-8885-f57b4d7803f4,2026-07-28T11:00:00Z,2026-07-28T13:00:00+0200,-13.38,EUR/MWh,DK2,DK_2,imbalance_price,Long,2026-08-11T19:14:45Z
2026-08-11T19:03:52Z,2026-08-11T21:03:52+0200,d65ae107-0026-470c-8885-f57b4d7803f4,2026-07-28T11:00:00Z,2026-07-28T13:00:00+0200,-13.38,EUR/MWh,DK2,DK_2,imbalance_price,Short,2026-08-11T19:14:45Z
2026-08-11T19:03:52Z,2026-08-11T21:03:52+0200,d65ae107-0026-470c-8885-f57b4d7803f4,2026-07-28T11:15:00Z,2026-07-28T13:15:00+0200,1.25,EUR/MWh,DK2,DK_2,imbalance_price,Long,2026-08-11T19:14:45Z
2026-08-11T19:03:52Z,2026-08-11T21:03:52+0200,d65ae107-0026-470c-8885-f57b4d7803f4,2026-07-28T11:15:00Z,2026-07-28T13:15:00+0200,1.25,EUR/MWh,DK2,DK_2,imbalance_price,Short,2026-08-11T19:14:45Z
2026-08-11T19:03:52Z,2026-08-11T21:03:52+0200,d65ae107-0026-470c-8885-f57b4d7803f4,2026-07-28T11:30:00Z,2026-07-28T13:30:00+0200,1.18,EUR/MWh,DK2,DK_2,imbalance_price,Long,2026-08-11T19:14:45Z
2026-08-11T19:03:52Z,2026-08-11T21:03:52+0200,d65ae107-0026-470c-8885-f57b4d7803f4,2026-07-28T11:30:00Z,2026-07-28T13:30:00+0200,1.18,EUR/MWh,DK2,DK_2,imbalance_price,Short,2026-08-11T19:14:45Z
2026-08-11T19:03:52Z,2026-08-11T21:03:52+0200,d65ae107-0026-470c-8885-f57b4d7803f4,2026-07-28T11:45:00Z,2026-07-28T13:45:00+0200,-21.22,EUR/MWh,DK2,DK_2,imbalance_price,Long,2026-08-11T19:14:45Z
2026-08-11T19:03:52Z,2026-08-11T21:03:52+0200,d65ae107-0026-470c-8885-f57b4d7803f4,2026-07-28T11:45:00Z,2026-07-28T13:45:00+0200,-21.22,EUR/MWh,DK2,DK_2,imbalance_price,Short,2026-08-11T19:14:45Z
2026-08-11T19:03:52Z,2026-08-11T21:03:52+0200,d65ae107-0026-470c-8885-f57b4d7803f4,2026-07-28T12:00:00Z,2026-07-28T14:00:00+0200,-35.46,EUR/MWh,DK2,DK_2,imbalance_price,Long,2026-08-11T19:14:45Z
2026-08-11T19:03:52Z,2026-08-11T21:03:52+0200,d65ae107-0026-470c-8885-f57b4d7803f4,2026-07-28T12:00:00Z,2026-07-28T14:00:00+0200,-35.46,EUR/MWh,DK2,DK_2,imbalance_price,Short,2026-08-11T19:14:45Z
2026-08-11T19:03:52Z,2026-08-11T21:03:52+0200,d65ae107-0026-470c-8885-f57b4d7803f4,2026-07-28T12:15:00Z,2026-07-28T14:15:00+0200,-27.33,EUR/MWh,DK2,DK_2,imbalance_price,Long,2026-08-11T19:14:45Z
2026-08-11T19:03:52Z,2026-08-11T21:03:52+0200,d65ae107-0026-470c-8885-f57b4d7803f4,2026-07-28T12:15:00Z,2026-07-28T14:15:00+0200,-27.33,EUR/MWh,DK2,DK_2,imbalance_price,Short,2026-08-11T19:14:45Z
2026-08-11T19:03:52Z,2026-08-11T21:03:52+0200,d65ae107-0026-470c-8885-f57b4d7803f4,2026-07-28T12:30:00Z,2026-07-28T14:30:00+0200,-14.01,EUR/MWh,DK2,DK_2,imbalance_price,Long,2026-08-11T19:14:45Z
2026-08-11T19:03:52Z,2026-08-11T21:03:52+0200,d65ae107-0026-470c-8885-f57b4d7803f4,2026-07-28T12:30:00Z,2026-07-28T14:30:00+0200,-14.01,EUR/MWh,DK2,DK_2,imbalance_price,Short,2026-08-11T19:14:45Z
2026-08-11T19:03:52Z,2026-08-11T21:03:52+0200,d65ae107-0026-470c-8885-f57b4d7803f4,2026-07-28T12:45:00Z,2026-07-28T14:45:00+0200,-27.51,EUR/MWh,DK2,DK_2,imbalance_price,Long,2026-08-11T19:14:45Z
2026-08-11T19:03:52Z,2026-08-11T21:03:52+0200,d65ae107-0026-470c-8885-f57b4d7803f4,2026-07-28T12:45:00Z,2026-07-28T14:45:00+0200,-27.51,EUR/MWh,DK2,DK_2,imbalance_price,Short,2026-08-11T19:14:45Z
2026-08-11T19:03:52Z,2026-08-11T21:03:52+0200,d65ae107-0026-470c-8885-f57b4d7803f4,2026-07-28T13:00:00Z,2026-07-28T15:00:00+0200,0.68,EUR/MWh,DK2,DK_2,imbalance_price,Long,2026-08-11T19:14:45Z
2026-08-11T19:03:52Z,2026-08-11T21:03:52+0200,d65ae107-0026-470c-8885-f57b4d7803f4,2026-07-28T13:00:00Z,2026-07-28T15:00:00+0200,0.68,EUR/MWh,DK2,DK_2,imbalance_price,Short,2026-08-11T19:14:45Z
2026-08-11T19:03:52Z,2026-08-11T21:03:52+0200,d65ae107-0026-470c-8885-f57b4d7803f4,2026-07-28T13:15:00Z,2026-07-28T15:15:00+0200,1.36,EUR/MWh,DK2,DK_2,imbalance_price,Long,2026-08-11T19:14:45Z
2026-08-11T19:03:52Z,2026-08-11T21:03:52+0200,d65ae107-0026-470c-8885-f57b4d7803f4,2026-07-28T13:15:00Z,2026-07-28T15:15:00+0200,1.36,EUR/MWh,DK2,DK_2,imbalance_price,Short,2026-08-11T19:14:45Z
2026-08-11T19:03:52Z,2026-08-11T21:03:52+0200,d65ae107-0026-470c-8885-f57b4d7803f4,2026-07-28T13:30:00Z,2026-07-28T15:30:00+0200,2.7,EUR/MWh,DK2,DK_2,imbalance_price,Long,2026-08-11T19:14:45Z
2026-08-11T19:03:52Z,2026-08-11T21:03:52+0200,d65ae107-0026-470c-8885-f57b4d7803f4,2026-07-28T13:30:00Z,2026-07-28T15:30:00+0200,2.7,EUR/MWh,DK2,DK_2,imbalance_price,Short,2026-08-11T19:14:45Z
2026-08-11T19:03:52Z,2026-08-11T21:03:52+0200,d65ae107-0026-470c-8885-f57b4d7803f4,2026-07-28T13:45:00Z,2026-07-28T15:45:00+0200,8.87,EUR/MWh,DK2,DK_2,imbalance_price,Long,2026-08-11T19:14:45Z
2026-08-11T19:03:52Z,2026-08-11T21:03:52+0200,d65ae107-0026-470c-8885-f57b4d7803f4,2026-07-28T13:45:00Z,2026-07-28T15:45:00+0200,8.87,EUR/MWh,DK2,DK_2,imbalance_price,Short,2026-08-11T19:14:45Z
2026-08-11T19:03:52Z,2026-08-11T21:03:52+0200,d65ae107-0026-470c-8885-f57b4d7803f4,2026-07-28T14:00:00Z,2026-07-28T16:00:00+0200,-30.84,EUR/MWh,DK2,DK_2,imbalance_price,Long,2026-08-11T19:14:45Z
2026-08-11T19:03:52Z,2026-08-11T21:03:52+0200,d65ae107-0026-470c-8885-f57b4d7803f4,2026-07-28T14:00:00Z,2026-07-28T16:00:00+0200,-30.84,EUR/MWh,DK2,DK_2,imbalance_price,Short,2026-08-11T19:14:45Z
2026-08-11T19:03:52Z,2026-08-11T21:03:52+0200,d65ae107-0026-470c-8885-f57b4d7803f4,2026-07-28T14:15:00Z,2026-07-28T16:15:00+0200,-49.39,EUR/MWh,DK2,DK_2,imbalance_price,Long,2026-08-11T19:14:45Z
2026-08-11T19:03:52Z,2026-08-11T21:03:52+0200,d65ae107-0026-470c-8885-f57b4d7803f4,2026-07-28T14:15:00Z,2026-07-28T16:15:00+0200,-49.39,EUR/MWh,DK2,DK_2,imbalance_price,Short,2026-08-11T19:14:45Z
2026-08-11T19:03:52Z,2026-08-11T21:03:52+0200,d65ae107-0026-470c-8885-f57b4d7803f4,2026-07-28T14:30:00Z,2026-07-28T16:30:00+0200,-25.78,EUR/MWh,DK2,DK_2,imbalance_price,Long,2026-08-11T19:14:45Z
2026-08-11T19:03:52Z,2026-08-11T21:03:52+0200,d65ae107-0026-470c-8885-f57b4d7803f4,2026-07-28T14:30:00Z,2026-07-28T16:30:00+0200,-25.78,EUR/MWh,DK2,DK_2,imbalance_price,Short,2026-08-11T19:14:45Z
2026-08-11T19:03:52Z,2026-08-11T21:03:52+0200,d65ae107-0026-470c-8885-f57b4d7803f4,2026-07-28T14:45:00Z,2026-07-28T16:45:00+0200,-32.09,EUR/MWh,DK2,DK_2,imbalance_price,Long,2026-08-11T19:14:45Z
2026-08-11T19:03:52Z,2026-08-11T21:03:52+0200,d65ae107-0026-470c-8885-f57b4d7803f4,2026-07-28T14:45:00Z,2026-07-28T16:45:00+0200,-32.09,EUR/MWh,DK2,DK_2,imbalance_price,Short,2026-08-11T19:14:45Z
2026-08-11T19:03:52Z,2026-08-11T21:03:52+0200,d65ae107-0026-470c-8885-f57b4d7803f4,2026-07-28T15:00:00Z,2026-07-28T17:00:00+0200,-35.95,EUR/MWh,DK2,DK_2,imbalance_price,Long,2026-08-11T19:14:45Z
2026-08-11T19:03:52Z,2026-08-11T21:03:52+0200,d65ae107-0026-470c-8885-f57b4d7803f4,2026-07-28T15:00:00Z,2026-07-28T17:00:00+0200,-35.95,EUR/MWh,DK2,DK_2,imbalance_price,Short,2026-08-11T19:14:45Z
2026-08-11T19:03:52Z,2026-08-11T21:03:52+0200,d65ae107-0026-470c-8885-f57b4d7803f4,2026-07-28T15:15:00Z,2026-07-28T17:15:00+0200,-0.22,EUR/MWh,DK2,DK_2,imbalance_price,Long,2026-08-11T19:14:45Z
2026-08-11T19:03:52Z,2026-08-11T21:03:52+0200,d65ae107-0026-470c-8885-f57b4d7803f4,2026-07-28T15:15:00Z,2026-07-28T17:15:00+0200,-0.22,EUR/MWh,DK2,DK_2,imbalance_price,Short,2026-08-11T19:14:45Z
2026-08-11T19:03:52Z,2026-08-11T21:03:52+0200,d65ae107-0026-470c-8885-f57b4d7803f4,2026-07-28T15:30:00Z,2026-07-28T17:30:00+0200,7.4,EUR/MWh,DK2,DK_2,imbalance_price,Long,2026-08-11T19:14:45Z
2026-08-11T19:03:52Z,2026-08-11T21:03:52+0200,d65ae107-0026-470c-8885-f57b4d7803f4,2026-07-28T15:30:00Z,2026-07-28T17:30:00+0200,7.4,EUR/MWh,DK2,DK_2,imbalance_price,Short,2026-08-11T19:14:45Z
2026-08-11T19:03:52Z,2026-08-11T21:03:52+0200,d65ae107-0026-470c-8885-f57b4d7803f4,2026-07-28T15:45:00Z,2026-07-28T17:45:00+0200,5.69,EUR/MWh,DK2,DK_2,imbalance_price,Long,2026-08-11T19:14:45Z
2026-08-11T19:03:52Z,2026-08-11T21:03:52+0200,d65ae107-0026-470c-8885-f57b4d7803f4,2026-07-28T15:45:00Z,2026-07-28T17:45:00+0200,5.69,EUR/MWh,DK2,DK_2,imbalance_price,Short,2026-08-11T19:14:45Z
2026-08-11T19:03:52Z,2026-08-11T21:03:52+0200,d65ae107-0026-470c-8885-f57b4d7803f4,2026-07-28T16:00:00Z,2026-07-28T18:00:00+0200,40.13,EUR/MWh,DK2,DK_2,imbalance_price,Long,2026-08-11T19:14:45Z
2026-08-11T19:03:52Z,2026-08-11T21:03:52+0200,d65ae107-0026-470c-8885-f57b4d7803f4,2026-07-28T16:00:00Z,2026-07-28T18:00:00+0200,40.13,EUR/MWh,DK2,DK_2,imbalance_price,Short,2026-08-11T19:14:45Z
2026-08-11T19:03:52Z,2026-08-11T21:03:52+0200,d65ae107-0026-470c-8885-f57b4d7803f4,2026-07-28T16:15:00Z,2026-07-28T18:15:00+0200,401.37,EUR/MWh,DK2,DK_2,imbalance_price,Long,2026-08-11T19:14:45Z
2026-08-11T19:03:52Z,2026-08-11T21:03:52+0200,d65ae107-0026-470c-8885-f57b4d7803f4,2026-07-28T16:15:00Z,2026-07-28T18:15:00+0200,401.37,EUR/MWh,DK2,DK_2,imbalance_price,Short,2026-08-11T19:14:45Z
2026-08-11T19:03:52Z,2026-08-11T21:03:52+0200,d65ae107-0026-470c-8885-f57b4d7803f4,2026-07-28T16:30:00Z,2026-07-28T18:30:00+0200,177.99,EUR/MWh,DK2,DK_2,imbalance_price,Long,2026-08-11T19:14:45Z
2026-08-11T19:03:52Z,2026-08-11T21:03:52+0200,d65ae107-0026-470c-8885-f57b4d7803f4,2026-07-28T16:30:00Z,2026-07-28T18:30:00+0200,177.99,EUR/MWh,DK2,DK_2,imbalance_price,Short,2026-08-11T19:14:45Z
2026-08-11T19:03:52Z,2026-08-11T21:03:52+0200,d65ae107-0026-470c-8885-f57b4d7803f4,2026-07-28T16:45:00Z,2026-07-28T18:45:00+0200,179.58,EUR/MWh,DK2,DK_2,imbalance_price,Long,2026-08-11T19:14:45Z
2026-08-11T19:03:52Z,2026-08-11T21:03:52+0200,d65ae107-0026-470c-8885-f57b4d7803f4,2026-07-28T16:45:00Z,2026-07-28T18:45:00+0200,179.58,EUR/MWh,DK2,DK_2,imbalance_price,Short,2026-08-11T19:14:45Z
2026-08-11T19:03:52Z,2026-08-11T21:03:52+0200,d65ae107-0026-470c-8885-f57b4d7803f4,2026-07-28T17:00:00Z,2026-07-28T19:00:00+0200,108.16,EUR/MWh,DK2,DK_2,imbalance_price,Long,2026-08-11T19:14:45Z
2026-08-11T19:03:52Z,2026-08-11T21:03:52+0200,d65ae107-0026-470c-8885-f57b4d7803f4,2026-07-28T17:00:00Z,2026-07-28T19:00:00+0200,108.16,EUR/MWh,DK2,DK_2,imbalance_price,Short,2026-08-11T19:14:45Z
2026-08-11T19:03:52Z,2026-08-11T21:03:52+0200,d65ae107-0026-470c-8885-f57b4d7803f4,2026-07-28T17:15:00Z,2026-07-28T19:15:00+0200,103.49,EUR/MWh,DK2,DK_2,imbalance_price,Long,2026-08-11T19:14:45Z
2026-08-11T19:03:52Z,2026-08-11T21:03:52+0200,d65ae107-0026-470c-8885-f57b4d7803f4,2026-07-28T17:15:00Z,2026-07-28T19:15:00+0200,103.49,EUR/MWh,DK2,DK_2,imbalance_price,Short,2026-08-11T19:14:45Z
2026-08-11T19:03:52Z,2026-08-11T21:03:52+0200,d65ae107-0026-470c-8885-f57b4d7803f4,2026-07-28T17:30:00Z,2026-07-28T19:30:00+0200,182.23,EUR/MWh,DK2,DK_2,imbalance_price,Long,2026-08-11T19:14:45Z
2026-08-11T19:03:52Z,2026-08-11T21:03:52+0200,d65ae107-0026-470c-8885-f57b4d7803f4,2026-07-28T17:30:00Z,2026-07-28T19:30:00+0200,182.23,EUR/MWh,DK2,DK_2,imbalance_price,Short,2026-08-11T19:14:45Z
2026-08-11T19:03:52Z,2026-08-11T21:03:52+0200,d65ae107-0026-470c-8885-f57b4d7803f4,2026-07-28T17:45:00Z,2026-07-28T19:45:00+0200,91.67,EUR/MWh,DK2,DK_2,imbalance_price,Long,2026-08-11T19:14:45Z
2026-08-11T19:03:52Z,2026-08-11T21:03:52+0200,d65ae107-0026-470c-8885-f57b4d7803f4,2026-07-28T17:45:00Z,2026-07-28T19:45:00+0200,91.67,EUR/MWh,DK2,DK_2,imbalance_price,Short,2026-08-11T19:14:45Z
2026-08-11T19:03:52Z,2026-08-11T21:03:52+0200,d65ae107-0026-470c-8885-f57b4d7803f4,2026-07-28T18:00:00Z,2026-07-28T20:00:00+0200,374.56,EUR/MWh,DK2,DK_2,imbalance_price,Long,2026-08-11T19:14:45Z
2026-08-11T19:03:52Z,2026-08-11T21:03:52+0200,d65ae107-0026-470c-8885-f57b4d7803f4,2026-07-28T18:00:00Z,2026-07-28T20:00:00+0200,374.56,EUR/MWh,DK2,DK_2,imbalance_price,Short,2026-08-11T19:14:45Z
2026-08-11T19:03:52Z,2026-08-11T21:03:52+0200,d65ae107-0026-470c-8885-f57b4d7803f4,2026-07-28T18:15:00Z,2026-07-28T20:15:00+0200,334.48,EUR/MWh,DK2,DK_2,imbalance_price,Long,2026-08-11T19:14:45Z
2026-08-11T19:03:52Z,2026-08-11T21:03:52+0200,d65ae107-0026-470c-8885-f57b4d7803f4,2026-07-28T18:15:00Z,2026-07-28T20:15:00+0200,334.48,EUR/MWh,DK2,DK_2,imbalance_price,Short,2026-08-11T19:14:45Z
2026-08-11T19:03:52Z,2026-08-11T21:03:52+0200,d65ae107-0026-470c-8885-f57b4d7803f4,2026-07-28T18:30:00Z,2026-07-28T20:30:00+0200,387.99,EUR/MWh,DK2,DK_2,imbalance_price,Long,2026-08-11T19:14:45Z
2026-08-11T19:03:52Z,2026-08-11T21:03:52+0200,d65ae107-0026-470c-8885-f57b4d7803f4,2026-07-28T18:30:00Z,2026-07-28T20:30:00+0200,387.99,EUR/MWh,DK2,DK_2,imbalance_price,Short,2026-08-11T19:14:45Z
2026-08-11T19:03:52Z,2026-08-11T21:03:52+0200,d65ae107-0026-470c-8885-f57b4d7803f4,2026-07-28T18:45:00Z,2026-07-28T20:45:00+0200,238.16,EUR/MWh,DK2,DK_2,imbalance_price,Long,2026-08-11T19:14:45Z
2026-08-11T19:03:52Z,2026-08-11T21:03:52+0200,d65ae107-0026-470c-8885-f57b4d7803f4,2026-07-28T18:45:00Z,2026-07-28T20:45:00+0200,238.16,EUR/MWh,DK2,DK_2,imbalance_price,Short,2026-08-11T19:14:45Z
2026-08-11T19:03:52Z,2026-08-11T21:03:52+0200,d65ae107-0026-470c-8885-f57b4d7803f4,2026-07-28T19:00:00Z,2026-07-28T21:00:00+0200,220.0,EUR/MWh,DK2,DK_2,imbalance_price,Long,2026-08-11T19:14:45Z
2026-08-11T19:03:52Z,2026-08-11T21:03:52+0200,d65ae107-0026-470c-8885-f57b4d7803f4,2026-07-28T19:00:00Z,2026-07-28T21:00:00+0200,220.0,EUR/MWh,DK2,DK_2,imbalance_price,Short,2026-08-11T19:14:45Z
2026-08-11T19:03:52Z,2026-08-11T21:03:52+0200,d65ae107-0026-470c-8885-f57b4d7803f4,2026-07-28T19:15:00Z,2026-07-28T21:15:00+0200,213.92,EUR/MWh,DK2,DK_2,imbalance_price,Long,2026-08-11T19:14:45Z
2026-08-11T19:03:52Z,2026-08-11T21:03:52+0200,d65ae107-0026-470c-8885-f57b4d7803f4,2026-07-28T19:15:00Z,2026-07-28T21:15:00+0200,213.92,EUR/MWh,DK2,DK_2,imbalance_price,Short,2026-08-11T19:14:45Z
2026-08-11T19:03:52Z,2026-08-11T21:03:52+0200,d65ae107-0026-470c-8885-f57b4d7803f4,2026-07-28T19:30:00Z,2026-07-28T21:30:00+0200,329.3,EUR/MWh,DK2,DK_2,imbalance_price,Long,2026-08-11T19:14:45Z
2026-08-11T19:03:52Z,2026-08-11T21:03:52+0200,d65ae107-0026-470c-8885-f57b4d7803f4,2026-07-28T19:30:00Z,2026-07-28T21:30:00+0200,329.3,EUR/MWh,DK2,DK_2,imbalance_price,Short,2026-08-11T19:14:45Z
2026-08-11T19:03:52Z,2026-08-11T21:03:52+0200,d65ae107-0026-470c-8885-f57b4d7803f4,2026-07-28T19:45:00Z,2026-07-28T21:45:00+0200,334.48,EUR/MWh,DK2,DK_2,imbalance_price,Long,2026-08-11T19:14:45Z
2026-08-11T19:03:52Z,2026-08-11T21:03:52+0200,d65ae107-0026-470c-8885-f57b4d7803f4,2026-07-28T19:45:00Z,2026-07-28T21:45:00+0200,334.48,EUR/MWh,DK2,DK_2,imbalance_price,Short,2026-08-11T19:14:45Z
2026-08-11T19:03:52Z,2026-08-11T21:03:52+0200,d65ae107-0026-470c-8885-f57b4d7803f4,2026-07-28T20:00:00Z,2026-07-28T22:00:00+0200,210.79,EUR/MWh,DK2,DK_2,imbalance_price,Long,2026-08-11T19:14:45Z
2026-08-11T19:03:52Z,2026-08-11T21:03:52+0200,d65ae107-0026-470c-8885-f57b4d7803f4,2026-07-28T20:00:00Z,2026-07-28T22:00:00+0200,210.79,EUR/MWh,DK2,DK_2,imbalance_price,Short,2026-08-11T19:14:45Z
2026-08-11T19:03:52Z,2026-08-11T21:03:52+0200,d65ae107-0026-470c-8885-f57b4d7803f4,2026-07-28T20:15:00Z,2026-07-28T22:15:00+0200,197.06,EUR/MWh,DK2,DK_2,imbalance_price,Long,2026-08-11T19:14:45Z
2026-08-11T19:03:52Z,2026-08-11T21:03:52+0200,d65ae107-0026-470c-8885-f57b4d7803f4,2026-07-28T20:15:00Z,2026-07-28T22:15:00+0200,197.06,EUR/MWh,DK2,DK_2,imbalance_price,Short,2026-08-11T19:14:45Z
2026-08-11T19:03:52Z,2026-08-11T21:03:52+0200,d65ae107-0026-470c-8885-f57b4d7803f4,2026-07-28T20:30:00Z,2026-07-28T22:30:00+0200,187.55,EUR/MWh,DK2,DK_2,imbalance_price,Long,2026-08-11T19:14:45Z
2026-08-11T19:03:52Z,2026-08-11T21:03:52+0200,d65ae107-0026-470c-8885-f57b4d7803f4,2026-07-28T20:30:00Z,2026-07-28T22:30:00+0200,187.55,EUR/MWh,DK2,DK_2,imbalance_price,Short,2026-08-11T19:14:45Z
2026-08-11T19:03:52Z,2026-08-11T21:03:52+0200,d65ae107-0026-470c-8885-f57b4d7803f4,2026-07-28T20:45:00Z,2026-07-28T22:45:00+0200,180.43,EUR/MWh,DK2,DK_2,imbalance_price,Long,2026-08-11T19:14:45Z
2026-08-11T19:03:52Z,2026-08-11T21:03:52+0200,d65ae107-0026-470c-8885-f57b4d7803f4,2026-07-28T20:45:00Z,2026-07-28T22:45:00+0200,180.43,EUR/MWh,DK2,DK_2,imbalance_price,Short,2026-08-11T19:14:45Z
2026-08-11T19:03:52Z,2026-08-11T21:03:52+0200,d65ae107-0026-470c-8885-f57b4d7803f4,2026-07-28T21:00:00Z,2026-07-28T23:00:00+0200,188.2,EUR/MWh,DK2,DK_2,imbalance_price,Long,2026-08-11T19:14:45Z
2026-08-11T19:03:52Z,2026-08-11T21:03:52+0200,d65ae107-0026-470c-8885-f57b4d7803f4,2026-07-28T21:00:00Z,2026-07-28T23:00:00+0200,188.2,EUR/MWh,DK2,DK_2,imbalance_price,Short,2026-08-11T19:14:45Z
2026-08-11T19:03:52Z,2026-08-11T21:03:52+0200,d65ae107-0026-470c-8885-f57b4d7803f4,2026-07-28T21:15:00Z,2026-07-28T23:15:00+0200,111.99,EUR/MWh,DK2,DK_2,imbalance_price,Long,2026-08-11T19:14:45Z
2026-08-11T19:03:52Z,2026-08-11T21:03:52+0200,d65ae107-0026-470c-8885-f57b4d7803f4,2026-07-28T21:15:00Z,2026-07-28T23:15:00+0200,111.99,EUR/MWh,DK2,DK_2,imbalance_price,Short,2026-08-11T19:14:45Z
2026-08-11T19:03:52Z,2026-08-11T21:03:52+0200,d65ae107-0026-470c-8885-f57b4d7803f4,2026-07-28T21:30:00Z,2026-07-28T23:30:00+0200,165.95,EUR/MWh,DK2,DK_2,imbalance_price,Long,2026-08-11T19:14:45Z
2026-08-11T19:03:52Z,2026-08-11T21:03:52+0200,d65ae107-0026-470c-8885-f57b4d7803f4,2026-07-28T21:30:00Z,2026-07-28T23:30:00+0200,165.95,EUR/MWh,DK2,DK_2,imbalance_price,Short,2026-08-11T19:14:45Z
2026-08-11T19:03:52Z,2026-08-11T21:03:52+0200,d65ae107-0026-470c-8885-f57b4d7803f4,2026-07-28T21:45:00Z,2026-07-28T23:45:00+0200,160.78,EUR/MWh,DK2,DK_2,imbalance_price,Long,2026-08-11T19:14:45Z
2026-08-11T19:03:52Z,2026-08-11T21:03:52+0200,d65ae107-0026-470c-8885-f57b4d7803f4,2026-07-28T21:45:00Z,2026-07-28T23:45:00+0200,160.78,EUR/MWh,DK2,DK_2,imbalance_price,Short,2026-08-11T19:14:45Z
2026-08-11T19:03:52Z,2026-08-11T21:03:52+0200,d65ae107-0026-470c-8885-f57b4d7803f4,2026-07-28T22:00:00Z,2026-07-29T00:00:00+0200,161.39,EUR/MWh,DK2,DK_2,imbalance_price,Long,2026-08-11T19:14:45Z
2026-08-11T19:03:52Z,2026-08-11T21:03:52+0200,d65ae107-0026-470c-8885-f57b4d7803f4,2026-07-28T22:00:00Z,2026-07-29T00:00:00+0200,161.39,EUR/MWh,DK2,DK_2,imbalance_price,Short,2026-08-11T19:14:45Z
2026-08-11T19:03:52Z,2026-08-11T21:03:52+0200,d65ae107-0026-470c-8885-f57b4d7803f4,2026-07-28T22:15:00Z,2026-07-29T00:15:00+0200,151.13,EUR/MWh,DK2,DK_2,imbalance_price,Long,2026-08-11T19:14:45Z
2026-08-11T19:03:52Z,2026-08-11T21:03:52+0200,d65ae107-0026-470c-8885-f57b4d7803f4,2026-07-28T22:15:00Z,2026-07-29T00:15:00+0200,151.13,EUR/MWh,DK2,DK_2,imbalance_price,Short,2026-08-11T19:14:45Z
2026-08-11T19:03:52Z,2026-08-11T21:03:52+0200,d65ae107-0026-470c-8885-f57b4d7803f4,2026-07-28T22:30:00Z,2026-07-29T00:30:00+0200,316.24,EUR/MWh,DK2,DK_2,imbalance_price,Long,2026-08-11T19:14:45Z
2026-08-11T19:03:52Z,2026-08-11T21:03:52+0200,d65ae107-0026-470c-8885-f57b4d7803f4,2026-07-28T22:30:00Z,2026-07-29T00:30:00+0200,316.24,EUR/MWh,DK2,DK_2,imbalance_price,Short,2026-08-11T19:14:45Z
2026-08-11T19:03:52Z,2026-08-11T21:03:52+0200,d65ae107-0026-470c-8885-f57b4d7803f4,2026-07-28T22:45:00Z,2026-07-29T00:45:00+0200,141.5,EUR/MWh,DK2,DK_2,imbalance_price,Long,2026-08-11T19:14:45Z
2026-08-11T19:03:52Z,2026-08-11T21:03:52+0200,d65ae107-0026-470c-8885-f57b4d7803f4,2026-07-28T22:45:00Z,2026-07-29T00:45:00+0200,141.5,EUR/MWh,DK2,DK_2,imbalance_price,Short,2026-08-11T19:14:45Z
2026-08-11T19:03:52Z,2026-08-11T21:03:52+0200,d65ae107-0026-470c-8885-f57b4d7803f4,2026-07-28T23:00:00Z,2026-07-29T01:00:00+0200,116.66,EUR/MWh,DK2,DK_2,imbalance_price,Long,2026-08-11T19:14:45Z
2026-08-11T19:03:52Z,2026-08-11T21:03:52+0200,d65ae107-0026-470c-8885-f57b4d7803f4,2026-07-28T23:00:00Z,2026-07-29T01:00:00+0200,116.66,EUR/MWh,DK2,DK_2,imbalance_price,Short,2026-08-11T19:14:45Z
2026-08-11T19:03:52Z,2026-08-11T21:03:52+0200,d65ae107-0026-470c-8885-f57b4d7803f4,2026-07-28T23:15:00Z,2026-07-29T01:15:00+0200,109.74,EUR/MWh,DK2,DK_2,imbalance_price,Long,2026-08-11T19:14:45Z
2026-08-11T19:03:52Z,2026-08-11T21:03:52+0200,d65ae107-0026-470c-8885-f57b4d7803f4,2026-07-28T23:15:00Z,2026-07-29T01:15:00+0200,109.74,EUR/MWh,DK2,DK_2,imbalance_price,Short,2026-08-11T19:14:45Z
2026-08-11T19:03:52Z,2026-08-11T21:03:52+0200,d65ae107-0026-470c-8885-f57b4d7803f4,2026-07-28T23:30:00Z,2026-07-29T01:30:00+0200,102.22,EUR/MWh,DK2,DK_2,imbalance_price,Long,2026-08-11T19:14:45Z
2026-08-11T19:03:52Z,2026-08-11T21:03:52+0200,d65ae107-0026-470c-8885-f57b4d7803f4,2026-07-28T23:30:00Z,2026-07-29T01:30:00+0200,102.22,EUR/MWh,DK2,DK_2,imbalance_price,Short,2026-08-11T19:14:45Z
2026-08-11T19:03:52Z,2026-08-11T21:03:52+0200,d65ae107-0026-470c-8885-f57b4d7803f4,2026-07-28T23:45:00Z,2026-07-29T01:45:00+0200,247.37,EUR/MWh,DK2,DK_2,imbalance_price,Long,2026-08-11T19:14:45Z
2026-08-11T19:03:52Z,2026-08-11T21:03:52+0200,d65ae107-0026-470c-8885-f57b4d7803f4,2026-07-28T23:45:00Z,2026-07-29T01:45:00+0200,247.37,EUR/MWh,DK2,DK_2,imbalance_price,Short,2026-08-11T19:14:45Z
2026-08-11T19:03:52Z,2026-08-11T21:03:52+0200,d65ae107-0026-470c-8885-f57b4d7803f4,2026-07-29T00:00:00Z,2026-07-29T02:00:00+0200,305.31,EUR/MWh,DK2,DK_2,imbalance_price,Long,2026-08-11T19:14:45Z
2026-08-11T19:03:52Z,2026-08-11T21:03:52+0200,d65ae107-0026-470c-8885-f57b4d7803f4,2026-07-29T00:00:00Z,2026-07-29T02:00:00+0200,305.31,EUR/MWh,DK2,DK_2,imbalance_price,Short,2026-08-11T19:14:45Z
2026-08-11T19:03:52Z,2026-08-11T21:03:52+0200,d65ae107-0026-470c-8885-f57b4d7803f4,2026-07-29T00:15:00Z,2026-07-29T02:15:00+0200,138.32,EUR/MWh,DK2,DK_2,imbalance_price,Long,2026-08-11T19:14:45Z
2026-08-11T19:03:52Z,2026-08-11T21:03:52+0200,d65ae107-0026-470c-8885-f57b4d7803f4,2026-07-29T00:15:00Z,2026-07-29T02:15:00+0200,138.32,EUR/MWh,DK2,DK_2,imbalance_price,Short,2026-08-11T19:14:45Z
2026-08-11T19:03:52Z,2026-08-11T21:03:52+0200,d65ae107-0026-470c-8885-f57b4d7803f4,2026-07-29T00:30:00Z,2026-07-29T02:30:00+0200,135.63,EUR/MWh,DK2,DK_2,imbalance_price,Long,2026-08-11T19:14:45Z
2026-08-11T19:03:52Z,2026-08-11T21:03:52+0200,d65ae107-0026-470c-8885-f57b4d7803f4,2026-07-29T00:30:00Z,2026-07-29T02:30:00+0200,135.63,EUR/MWh,DK2,DK_2,imbalance_price,Short,2026-08-11T19:14:45Z
2026-08-11T19:03:52Z,2026-08-11T21:03:52+0200,d65ae107-0026-470c-8885-f57b4d7803f4,2026-07-29T00:45:00Z,2026-07-29T02:45:00+0200,468.3,EUR/MWh,DK2,DK_2,imbalance_price,Long,2026-08-11T19:14:45Z
2026-08-11T19:03:52Z,2026-08-11T21:03:52+0200,d65ae107-0026-470c-8885-f57b4d7803f4,2026-07-29T00:45:00Z,2026-07-29T02:45:00+0200,468.3,EUR/MWh,DK2,DK_2,imbalance_price,Short,2026-08-11T19:14:45Z
2026-08-11T19:03:52Z,2026-08-11T21:03:52+0200,d65ae107-0026-470c-8885-f57b4d7803f4,2026-07-29T01:00:00Z,2026-07-29T03:00:00+0200,135.01,EUR/MWh,DK2,DK_2,imbalance_price,Long,2026-08-11T19:14:45Z
2026-08-11T19:03:52Z,2026-08-11T21:03:52+0200,d65ae107-0026-470c-8885-f57b4d7803f4,2026-07-29T01:00:00Z,2026-07-29T03:00:00+0200,135.01,EUR/MWh,DK2,DK_2,imbalance_price,Short,2026-08-11T19:14:45Z
2026-08-11T19:03:52Z,2026-08-11T21:03:52+0200,d65ae107-0026-470c-8885-f57b4d7803f4,2026-07-29T01:15:00Z,2026-07-29T03:15:00+0200,135.15,EUR/MWh,DK2,DK_2,imbalance_price,Long,2026-08-11T19:14:45Z
2026-08-11T19:03:52Z,2026-08-11T21:03:52+0200,d65ae107-0026-470c-8885-f57b4d7803f4,2026-07-29T01:15:00Z,2026-07-29T03:15:00+0200,135.15,EUR/MWh,DK2,DK_2,imbalance_price,Short,2026-08-11T19:14:45Z
2026-08-11T19:03:52Z,2026-08-11T21:03:52+0200,d65ae107-0026-470c-8885-f57b4d7803f4,2026-07-29T01:30:00Z,2026-07-29T03:30:00+0200,334.5,EUR/MWh,DK2,DK_2,imbalance_price,Long,2026-08-11T19:14:45Z
2026-08-11T19:03:52Z,2026-08-11T21:03:52+0200,d65ae107-0026-470c-8885-f57b4d7803f4,2026-07-29T01:30:00Z,2026-07-29T03:30:00+0200,334.5,EUR/MWh,DK2,DK_2,imbalance_price,Short,2026-08-11T19:14:45Z
2026-08-11T19:03:52Z,2026-08-11T21:03:52+0200,d65ae107-0026-470c-8885-f57b4d7803f4,2026-07-29T01:45:00Z,2026-07-29T03:45:00+0200,334.47,EUR/MWh,DK2,DK_2,imbalance_price,Long,2026-08-11T19:14:45Z
2026-08-11T19:03:52Z,2026-08-11T21:03:52+0200,d65ae107-0026-470c-8885-f57b4d7803f4,2026-07-29T01:45:00Z,2026-07-29T03:45:00+0200,334.47,EUR/MWh,DK2,DK_2,imbalance_price,Short,2026-08-11T19:14:45Z
2026-08-11T19:03:52Z,2026-08-11T21:03:52+0200,d65ae107-0026-470c-8885-f57b4d7803f4,2026-07-29T02:00:00Z,2026-07-29T04:00:00+0200,267.6,EUR/MWh,DK2,DK_2,imbalance_price,Long,2026-08-11T19:14:45Z
2026-08-11T19:03:52Z,2026-08-11T21:03:52+0200,d65ae107-0026-470c-8885-f57b4d7803f4,2026-07-29T02:00:00Z,2026-07-29T04:00:00+0200,267.6,EUR/MWh,DK2,DK_2,imbalance_price,Short,2026-08-11T19:14:45Z
2026-08-11T19:03:52Z,2026-08-11T21:03:52+0200,d65ae107-0026-470c-8885-f57b4d7803f4,2026-07-29T02:15:00Z,2026-07-29T04:15:00+0200,247.5,EUR/MWh,DK2,DK_2,imbalance_price,Long,2026-08-11T19:14:45Z
2026-08-11T19:03:52Z,2026-08-11T21:03:52+0200,d65ae107-0026-470c-8885-f57b4d7803f4,2026-07-29T02:15:00Z,2026-07-29T04:15:00+0200,247.5,EUR/MWh,DK2,DK_2,imbalance_price,Short,2026-08-11T19:14:45Z
2026-08-11T19:03:52Z,2026-08-11T21:03:52+0200,d65ae107-0026-470c-8885-f57b4d7803f4,2026-07-29T02:30:00Z,2026-07-29T04:30:00+0200,140.99,EUR/MWh,DK2,DK_2,imbalance_price,Long,2026-08-11T19:14:45Z
2026-08-11T19:03:52Z,2026-08-11T21:03:52+0200,d65ae107-0026-470c-8885-f57b4d7803f4,2026-07-29T02:30:00Z,2026-07-29T04:30:00+0200,140.99,EUR/MWh,DK2,DK_2,imbalance_price,Short,2026-08-11T19:14:45Z
2026-08-11T19:03:52Z,2026-08-11T21:03:52+0200,d65ae107-0026-470c-8885-f57b4d7803f4,2026-07-29T02:45:00Z,2026-07-29T04:45:00+0200,81.31,EUR/MWh,DK2,DK_2,imbalance_price,Long,2026-08-11T19:14:45Z
2026-08-11T19:03:52Z,2026-08-11T21:03:52+0200,d65ae107-0026-470c-8885-f57b4d7803f4,2026-07-29T02:45:00Z,2026-07-29T04:45:00+0200,81.31,EUR/MWh,DK2,DK_2,imbalance_price,Short,2026-08-11T19:14:45Z
2026-08-11T19:03:52Z,2026-08-11T21:03:52+0200,d65ae107-0026-470c-8885-f57b4d7803f4,2026-07-29T03:00:00Z,2026-07-29T05:00:00+0200,135.02,EUR/MWh,DK2,DK_2,imbalance_price,Long,2026-08-11T19:14:45Z
2026-08-11T19:03:52Z,2026-08-11T21:03:52+0200,d65ae107-0026-470c-8885-f57b4d7803f4,2026-07-29T03:00:00Z,2026-07-29T05:00:00+0200,135.02,EUR/MWh,DK2,DK_2,imbalance_price,Short,2026-08-11T19:14:45Z
2026-08-11T19:03:52Z,2026-08-11T21:03:52+0200,d65ae107-0026-470c-8885-f57b4d7803f4,2026-07-29T03:15:00Z,2026-07-29T05:15:00+0200,202.79,EUR/MWh,DK2,DK_2,imbalance_price,Long,2026-08-11T19:14:45Z
2026-08-11T19:03:52Z,2026-08-11T21:03:52+0200,d65ae107-0026-470c-8885-f57b4d7803f4,2026-07-29T03:15:00Z,2026-07-29T05:15:00+0200,202.79,EUR/MWh,DK2,DK_2,imbalance_price,Short,2026-08-11T19:14:45Z
2026-08-11T19:03:52Z,2026-08-11T21:03:52+0200,d65ae107-0026-470c-8885-f57b4d7803f4,2026-07-29T03:30:00Z,2026-07-29T05:30:00+0200,149.38,EUR/MWh,DK2,DK_2,imbalance_price,Long,2026-08-11T19:14:45Z
2026-08-11T19:03:52Z,2026-08-11T21:03:52+0200,d65ae107-0026-470c-8885-f57b4d7803f4,2026-07-29T03:30:00Z,2026-07-29T05:30:00+0200,149.38,EUR/MWh,DK2,DK_2,imbalance_price,Short,2026-08-11T19:14:45Z
2026-08-11T19:03:52Z,2026-08-11T21:03:52+0200,d65ae107-0026-470c-8885-f57b4d7803f4,2026-07-29T03:45:00Z,2026-07-29T05:45:00+0200,113.26,EUR/MWh,DK2,DK_2,imbalance_price,Long,2026-08-11T19:14:45Z
2026-08-11T19:03:52Z,2026-08-11T21:03:52+0200,d65ae107-0026-470c-8885-f57b4d7803f4,2026-07-29T03:45:00Z,2026-07-29T05:45:00+0200,113.26,EUR/MWh,DK2,DK_2,imbalance_price,Short,2026-08-11T19:14:45Z
2026-08-11T19:03:52Z,2026-08-11T21:03:52+0200,d65ae107-0026-470c-8885-f57b4d7803f4,2026-07-29T04:00:00Z,2026-07-29T06:00:00+0200,116.31,EUR/MWh,DK2,DK_2,imbalance_price,Long,2026-08-11T19:14:45Z
2026-08-11T19:03:52Z,2026-08-11T21:03:52+0200,d65ae107-0026-470c-8885-f57b4d7803f4,2026-07-29T04:00:00Z,2026-07-29T06:00:00+0200,116.31,EUR/MWh,DK2,DK_2,imbalance_price,Short,2026-08-11T19:14:45Z
2026-08-11T19:03:52Z,2026-08-11T21:03:52+0200,d65ae107-0026-470c-8885-f57b4d7803f4,2026-07-29T04:15:00Z,2026-07-29T06:15:00+0200,116.66,EUR/MWh,DK2,DK_2,imbalance_price,Long,2026-08-11T19:14:45Z
2026-08-11T19:03:52Z,2026-08-11T21:03:52+0200,d65ae107-0026-470c-8885-f57b4d7803f4,2026-07-29T04:15:00Z,2026-07-29T06:15:00+0200,116.66,EUR/MWh,DK2,DK_2,imbalance_price,Short,2026-08-11T19:14:45Z
2026-08-11T19:03:52Z,2026-08-11T21:03:52+0200,d65ae107-0026-470c-8885-f57b4d7803f4,2026-07-29T04:30:00Z,2026-07-29T06:30:00+0200,114.43,EUR/MWh,DK2,DK_2,imbalance_price,Long,2026-08-11T19:14:45Z
2026-08-11T19:03:52Z,2026-08-11T21:03:52+0200,d65ae107-0026-470c-8885-f57b4d7803f4,2026-07-29T04:30:00Z,2026-07-29T06:30:00+0200,114.43,EUR/MWh,DK2,DK_2,imbalance_price,Short,2026-08-11T19:14:45Z
2026-08-11T19:03:52Z,2026-08-11T21:03:52+0200,d65ae107-0026-470c-8885-f57b4d7803f4,2026-07-29T04:45:00Z,2026-07-29T06:45:00+0200,170.19,EUR/MWh,DK2,DK_2,imbalance_price,Long,2026-08-11T19:14:45Z
2026-08-11T19:03:52Z,2026-08-11T21:03:52+0200,d65ae107-0026-470c-8885-f57b4d7803f4,2026-07-29T04:45:00Z,2026-07-29T06:45:00+0200,170.19,EUR/MWh,DK2,DK_2,imbalance_price,Short,2026-08-11T19:14:45Z
2026-08-11T19:03:52Z,2026-08-11T21:03:52+0200,d65ae107-0026-470c-8885-f57b4d7803f4,2026-07-29T05:00:00Z,2026-07-29T07:00:00+0200,119.42,EUR/MWh,DK2,DK_2,imbalance_price,Long,2026-08-11T19:14:45Z
2026-08-11T19:03:52Z,2026-08-11T21:03:52+0200,d65ae107-0026-470c-8885-f57b4d7803f4,2026-07-29T05:00:00Z,2026-07-29T07:00:00+0200,119.42,EUR/MWh,DK2,DK_2,imbalance_price,Short,2026-08-11T19:14:45Z
2026-08-11T19:03:52Z,2026-08-11T21:03:52+0200,d65ae107-0026-470c-8885-f57b4d7803f4,2026-07-29T05:15:00Z,2026-07-29T07:15:00+0200,103.53,EUR/MWh,DK2,DK_2,imbalance_price,Long,2026-08-11T19:14:45Z
2026-08-11T19:03:52Z,2026-08-11T21:03:52+0200,d65ae107-0026-470c-8885-f57b4d7803f4,2026-07-29T05:15:00Z,2026-07-29T07:15:00+0200,103.53,EUR/MWh,DK2,DK_2,imbalance_price,Short,2026-08-11T19:14:45Z
2026-08-11T19:03:52Z,2026-08-11T21:03:52+0200,d65ae107-0026-470c-8885-f57b4d7803f4,2026-07-29T05:30:00Z,2026-07-29T07:30:00+0200,157.72,EUR/MWh,DK2,DK_2,imbalance_price,Long,2026-08-11T19:14:45Z
2026-08-11T19:03:52Z,2026-08-11T21:03:52+0200,d65ae107-0026-470c-8885-f57b4d7803f4,2026-07-29T05:30:00Z,2026-07-29T07:30:00+0200,157.72,EUR/MWh,DK2,DK_2,imbalance_price,Short,2026-08-11T19:14:45Z
2026-08-11T19:03:52Z,2026-08-11T21:03:52+0200,d65ae107-0026-470c-8885-f57b4d7803f4,2026-07-29T05:45:00Z,2026-07-29T07:45:00+0200,109.65,EUR/MWh,DK2,DK_2,imbalance_price,Long,2026-08-11T19:14:45Z
2026-08-11T19:03:52Z,2026-08-11T21:03:52+0200,d65ae107-0026-470c-8885-f57b4d7803f4,2026-07-29T05:45:00Z,2026-07-29T07:45:00+0200,109.65,EUR/MWh,DK2,DK_2,imbalance_price,Short,2026-08-11T19:14:45Z
2026-08-11T19:03:52Z,2026-08-11T21:03:52+0200,d65ae107-0026-470c-8885-f57b4d7803f4,2026-07-29T06:00:00Z,2026-07-29T08:00:00+0200,133.57,EUR/MWh,DK2,DK_2,imbalance_price,Long,2026-08-11T19:14:45Z
2026-08-11T19:03:52Z,2026-08-11T21:03:52+0200,d65ae107-0026-470c-8885-f57b4d7803f4,2026-07-29T06:00:00Z,2026-07-29T08:00:00+0200,133.57,EUR/MWh,DK2,DK_2,imbalance_price,Short,2026-08-11T19:14:45Z
2026-08-11T19:03:52Z,2026-08-11T21:03:52+0200,d65ae107-0026-470c-8885-f57b4d7803f4,2026-07-29T06:15:00Z,2026-07-29T08:15:00+0200,428.08,EUR/MWh,DK2,DK_2,imbalance_price,Long,2026-08-11T19:14:45Z
2026-08-11T19:03:52Z,2026-08-11T21:03:52+0200,d65ae107-0026-470c-8885-f57b4d7803f4,2026-07-29T06:15:00Z,2026-07-29T08:15:00+0200,428.08,EUR/MWh,DK2,DK_2,imbalance_price,Short,2026-08-11T19:14:45Z
2026-08-11T19:03:52Z,2026-08-11T21:03:52+0200,d65ae107-0026-470c-8885-f57b4d7803f4,2026-07-29T06:30:00Z,2026-07-29T08:30:00+0200,254.19,EUR/MWh,DK2,DK_2,imbalance_price,Long,2026-08-11T19:14:45Z
2026-08-11T19:03:52Z,2026-08-11T21:03:52+0200,d65ae107-0026-470c-8885-f57b4d7803f4,2026-07-29T06:30:00Z,2026-07-29T08:30:00+0200,254.19,EUR/MWh,DK2,DK_2,imbalance_price,Short,2026-08-11T19:14:45Z
2026-08-11T19:03:52Z,2026-08-11T21:03:52+0200,d65ae107-0026-470c-8885-f57b4d7803f4,2026-07-29T06:45:00Z,2026-07-29T08:45:00+0200,135.04,EUR/MWh,DK2,DK_2,imbalance_price,Long,2026-08-11T19:14:45Z
2026-08-11T19:03:52Z,2026-08-11T21:03:52+0200,d65ae107-0026-470c-8885-f57b4d7803f4,2026-07-29T06:45:00Z,2026-07-29T08:45:00+0200,135.04,EUR/MWh,DK2,DK_2,imbalance_price,Short,2026-08-11T19:14:45Z
2026-08-11T19:03:52Z,2026-08-11T21:03:52+0200,d65ae107-0026-470c-8885-f57b4d7803f4,2026-07-29T07:00:00Z,2026-07-29T09:00:00+0200,535.1,EUR/MWh,DK2,DK_2,imbalance_price,Long,2026-08-11T19:14:45Z
2026-08-11T19:03:52Z,2026-08-11T21:03:52+0200,d65ae107-0026-470c-8885-f57b4d7803f4,2026-07-29T07:00:00Z,2026-07-29T09:00:00+0200,535.1,EUR/MWh,DK2,DK_2,imbalance_price,Short,2026-08-11T19:14:45Z
2026-08-11T19:03:52Z,2026-08-11T21:03:52+0200,d65ae107-0026-470c-8885-f57b4d7803f4,2026-07-29T07:15:00Z,2026-07-29T09:15:00+0200,36.75,EUR/MWh,DK2,DK_2,imbalance_price,Long,2026-08-11T19:14:45Z
2026-08-11T19:03:52Z,2026-08-11T21:03:52+0200,d65ae107-0026-470c-8885-f57b4d7803f4,2026-07-29T07:15:00Z,2026-07-29T09:15:00+0200,36.75,EUR/MWh,DK2,DK_2,imbalance_price,Short,2026-08-11T19:14:45Z
2026-08-11T19:03:52Z,2026-08-11T21:03:52+0200,d65ae107-0026-470c-8885-f57b4d7803f4,2026-07-29T07:30:00Z,2026-07-29T09:30:00+0200,107.53,EUR/MWh,DK2,DK_2,imbalance_price,Long,2026-08-11T19:14:45Z
2026-08-11T19:03:52Z,2026-08-11T21:03:52+0200,d65ae107-0026-470c-8885-f57b4d7803f4,2026-07-29T07:30:00Z,2026-07-29T09:30:00+0200,107.53,EUR/MWh,DK2,DK_2,imbalance_price,Short,2026-08-11T19:14:45Z
2026-08-11T19:03:52Z,2026-08-11T21:03:52+0200,d65ae107-0026-470c-8885-f57b4d7803f4,2026-07-29T07:45:00Z,2026-07-29T09:45:00+0200,29.78,EUR/MWh,DK2,DK_2,imbalance_price,Long,2026-08-11T19:14:45Z
2026-08-11T19:03:52Z,2026-08-11T21:03:52+0200,d65ae107-0026-470c-8885-f57b4d7803f4,2026-07-29T07:45:00Z,2026-07-29T09:45:00+0200,29.78,EUR/MWh,DK2,DK_2,imbalance_price,Short,2026-08-11T19:14:45Z
2026-08-11T19:03:52Z,2026-08-11T21:03:52+0200,d65ae107-0026-470c-8885-f57b4d7803f4,2026-07-29T08:00:00Z,2026-07-29T10:00:00+0200,34.78,EUR/MWh,DK2,DK_2,imbalance_price,Long,2026-08-11T19:14:45Z
2026-08-11T19:03:52Z,2026-08-11T21:03:52+0200,d65ae107-0026-470c-8885-f57b4d7803f4,2026-07-29T08:00:00Z,2026-07-29T10:00:00+0200,34.78,EUR/MWh,DK2,DK_2,imbalance_price,Short,2026-08-11T19:14:45Z
2026-08-11T19:03:52Z,2026-08-11T21:03:52+0200,d65ae107-0026-470c-8885-f57b4d7803f4,2026-07-29T08:15:00Z,2026-07-29T10:15:00+0200,8.0,EUR/MWh,DK2,DK_2,imbalance_price,Long,2026-08-11T19:14:45Z
2026-08-11T19:03:52Z,2026-08-11T21:03:52+0200,d65ae107-0026-470c-8885-f57b4d7803f4,2026-07-29T08:15:00Z,2026-07-29T10:15:00+0200,8.0,EUR/MWh,DK2,DK_2,imbalance_price,Short,2026-08-11T19:14:45Z
2026-08-11T19:03:52Z,2026-08-11T21:03:52+0200,d65ae107-0026-470c-8885-f57b4d7803f4,2026-07-29T08:30:00Z,2026-07-29T10:30:00+0200,2.36,EUR/MWh,DK2,DK_2,imbalance_price,Long,2026-08-11T19:14:45Z
2026-08-11T19:03:52Z,2026-08-11T21:03:52+0200,d65ae107-0026-470c-8885-f57b4d7803f4,2026-07-29T08:30:00Z,2026-07-29T10:30:00+0200,2.36,EUR/MWh,DK2,DK_2,imbalance_price,Short,2026-08-11T19:14:45Z
2026-08-11T19:03:52Z,2026-08-11T21:03:52+0200,d65ae107-0026-470c-8885-f57b4d7803f4,2026-07-29T08:45:00Z,2026-07-29T10:45:00+0200,1.86,EUR/MWh,DK2,DK_2,imbalance_price,Long,2026-08-11T19:14:45Z
2026-08-11T19:03:52Z,2026-08-11T21:03:52+0200,d65ae107-0026-470c-8885-f57b4d7803f4,2026-07-29T08:45:00Z,2026-07-29T10:45:00+0200,1.86,EUR/MWh,DK2,DK_2,imbalance_price,Short,2026-08-11T19:14:45Z
2026-08-11T19:03:52Z,2026-08-11T21:03:52+0200,d65ae107-0026-470c-8885-f57b4d7803f4,2026-07-29T09:00:00Z,2026-07-29T11:00:00+0200,2.53,EUR/MWh,DK2,DK_2,imbalance_price,Long,2026-08-11T19:14:45Z
2026-08-11T19:03:52Z,2026-08-11T21:03:52+0200,d65ae107-0026-470c-8885-f57b4d7803f4,2026-07-29T09:00:00Z,2026-07-29T11:00:00+0200,2.53,EUR/MWh,DK2,DK_2,imbalance_price,Short,2026-08-11T19:14:45Z
2026-08-11T19:03:52Z,2026-08-11T21:03:52+0200,d65ae107-0026-470c-8885-f57b4d7803f4,2026-07-29T09:15:00Z,2026-07-29T11:15:00+0200,3.23,EUR/MWh,DK2,DK_2,imbalance_price,Long,2026-08-11T19:14:45Z
2026-08-11T19:03:52Z,2026-08-11T21:03:52+0200,d65ae107-0026-470c-8885-f57b4d7803f4,2026-07-29T09:15:00Z,2026-07-29T11:15:00+0200,3.23,EUR/MWh,DK2,DK_2,imbalance_price,Short,2026-08-11T19:14:45Z
2026-08-11T19:03:52Z,2026-08-11T21:03:52+0200,d65ae107-0026-470c-8885-f57b4d7803f4,2026-07-29T09:30:00Z,2026-07-29T11:30:00+0200,-18.32,EUR/MWh,DK2,DK_2,imbalance_price,Long,2026-08-11T19:14:45Z
2026-08-11T19:03:52Z,2026-08-11T21:03:52+0200,d65ae107-0026-470c-8885-f57b4d7803f4,2026-07-29T09:30:00Z,2026-07-29T11:30:00+0200,-18.32,EUR/MWh,DK2,DK_2,imbalance_price,Short,2026-08-11T19:14:45Z
2026-08-11T19:03:52Z,2026-08-11T21:03:52+0200,d65ae107-0026-470c-8885-f57b4d7803f4,2026-07-29T09:45:00Z,2026-07-29T11:45:00+0200,8.43,EUR/MWh,DK2,DK_2,imbalance_price,Long,2026-08-11T19:14:45Z
2026-08-11T19:03:52Z,2026-08-11T21:03:52+0200,d65ae107-0026-470c-8885-f57b4d7803f4,2026-07-29T09:45:00Z,2026-07-29T11:45:00+0200,8.43,EUR/MWh,DK2,DK_2,imbalance_price,Short,2026-08-11T19:14:45Z
2026-08-11T19:03:52Z,2026-08-11T21:03:52+0200,d65ae107-0026-470c-8885-f57b4d7803f4,2026-07-29T10:00:00Z,2026-07-29T12:00:00+0200,-34.63,EUR/MWh,DK2,DK_2,imbalance_price,Long,2026-08-11T19:14:45Z
2026-08-11T19:03:52Z,2026-08-11T21:03:52+0200,d65ae107-0026-470c-8885-f57b4d7803f4,2026-07-29T10:00:00Z,2026-07-29T12:00:00+0200,-34.63,EUR/MWh,DK2,DK_2,imbalance_price,Short,2026-08-11T19:14:45Z
2026-08-11T19:03:52Z,2026-08-11T21:03:52+0200,d65ae107-0026-470c-8885-f57b4d7803f4,2026-07-29T10:15:00Z,2026-07-29T12:15:00+0200,-6.69,EUR/MWh,DK2,DK_2,imbalance_price,Long,2026-08-11T19:14:45Z
2026-08-11T19:03:52Z,2026-08-11T21:03:52+0200,d65ae107-0026-470c-8885-f57b4d7803f4,2026-07-29T10:15:00Z,2026-07-29T12:15:00+0200,-6.69,EUR/MWh,DK2,DK_2,imbalance_price,Short,2026-08-11T19:14:45Z
2026-08-11T19:03:52Z,2026-08-11T21:03:52+0200,d65ae107-0026-470c-8885-f57b4d7803f4,2026-07-29T10:30:00Z,2026-07-29T12:30:00+0200,-6.69,EUR/MWh,DK2,DK_2,imbalance_price,Long,2026-08-11T19:14:45Z
2026-08-11T19:03:52Z,2026-08-11T21:03:52+0200,d65ae107-0026-470c-8885-f57b4d7803f4,2026-07-29T10:30:00Z,2026-07-29T12:30:00+0200,-6.69,EUR/MWh,DK2,DK_2,imbalance_price,Short,2026-08-11T19:14:45Z
2026-08-11T19:03:52Z,2026-08-11T21:03:52+0200,d65ae107-0026-470c-8885-f57b4d7803f4,2026-07-29T10:45:00Z,2026-07-29T12:45:00+0200,-11.02,EUR/MWh,DK2,DK_2,imbalance_price,Long,2026-08-11T19:14:45Z
2026-08-11T19:03:52Z,2026-08-11T21:03:52+0200,d65ae107-0026-470c-8885-f57b4d7803f4,2026-07-29T10:45:00Z,2026-07-29T12:45:00+0200,-11.02,EUR/MWh,DK2,DK_2,imbalance_price,Short,2026-08-11T19:14:45Z
2026-08-11T19:03:52Z,2026-08-11T21:03:52+0200,d65ae107-0026-470c-8885-f57b4d7803f4,2026-07-29T11:00:00Z,2026-07-29T13:00:00+0200,-9.37,EUR/MWh,DK2,DK_2,imbalance_price,Long,2026-08-11T19:14:45Z
2026-08-11T19:03:52Z,2026-08-11T21:03:52+0200,d65ae107-0026-470c-8885-f57b4d7803f4,2026-07-29T11:00:00Z,2026-07-29T13:00:00+0200,-9.37,EUR/MWh,DK2,DK_2,imbalance_price,Short,2026-08-11T19:14:45Z
2026-08-11T19:03:52Z,2026-08-11T21:03:52+0200,d65ae107-0026-470c-8885-f57b4d7803f4,2026-07-29T11:15:00Z,2026-07-29T13:15:00+0200,5.58,EUR/MWh,DK2,DK_2,imbalance_price,Long,2026-08-11T19:14:45Z
2026-08-11T19:03:52Z,2026-08-11T21:03:52+0200,d65ae107-0026-470c-8885-f57b4d7803f4,2026-07-29T11:15:00Z,2026-07-29T13:15:00+0200,5.58,EUR/MWh,DK2,DK_2,imbalance_price,Short,2026-08-11T19:14:45Z
2026-08-11T19:03:52Z,2026-08-11T21:03:52+0200,d65ae107-0026-470c-8885-f57b4d7803f4,2026-07-29T11:30:00Z,2026-07-29T13:30:00+0200,5.56,EUR/MWh,DK2,DK_2,imbalance_price,Long,2026-08-11T19:14:45Z
2026-08-11T19:03:52Z,2026-08-11T21:03:52+0200,d65ae107-0026-470c-8885-f57b4d7803f4,2026-07-29T11:30:00Z,2026-07-29T13:30:00+0200,5.56,EUR/MWh,DK2,DK_2,imbalance_price,Short,2026-08-11T19:14:45Z
2026-08-11T19:03:52Z,2026-08-11T21:03:52+0200,d65ae107-0026-470c-8885-f57b4d7803f4,2026-07-29T11:45:00Z,2026-07-29T13:45:00+0200,-8.93,EUR/MWh,DK2,DK_2,imbalance_price,Long,2026-08-11T19:14:45Z
2026-08-11T19:03:52Z,2026-08-11T21:03:52+0200,d65ae107-0026-470c-8885-f57b4d7803f4,2026-07-29T11:45:00Z,2026-07-29T13:45:00+0200,-8.93,EUR/MWh,DK2,DK_2,imbalance_price,Short,2026-08-11T19:14:45Z
2026-08-11T19:03:52Z,2026-08-11T21:03:52+0200,d65ae107-0026-470c-8885-f57b4d7803f4,2026-07-29T12:00:00Z,2026-07-29T14:00:00+0200,1.06,EUR/MWh,DK2,DK_2,imbalance_price,Long,2026-08-11T19:14:45Z
2026-08-11T19:03:52Z,2026-08-11T21:03:52+0200,d65ae107-0026-470c-8885-f57b4d7803f4,2026-07-29T12:00:00Z,2026-07-29T14:00:00+0200,1.06,EUR/MWh,DK2,DK_2,imbalance_price,Short,2026-08-11T19:14:45Z
2026-08-11T19:03:52Z,2026-08-11T21:03:52+0200,d65ae107-0026-470c-8885-f57b4d7803f4,2026-07-29T12:15:00Z,2026-07-29T14:15:00+0200,6.21,EUR/MWh,DK2,DK_2,imbalance_price,Long,2026-08-11T19:14:45Z
2026-08-11T19:03:52Z,2026-08-11T21:03:52+0200,d65ae107-0026-470c-8885-f57b4d7803f4,2026-07-29T12:15:00Z,2026-07-29T14:15:00+0200,6.21,EUR/MWh,DK2,DK_2,imbalance_price,Short,2026-08-11T19:14:45Z
2026-08-11T19:03:52Z,2026-08-11T21:03:52+0200,d65ae107-0026-470c-8885-f57b4d7803f4,2026-07-29T12:30:00Z,2026-07-29T14:30:00+0200,6.35,EUR/MWh,DK2,DK_2,imbalance_price,Long,2026-08-11T19:14:45Z
2026-08-11T19:03:52Z,2026-08-11T21:03:52+0200,d65ae107-0026-470c-8885-f57b4d7803f4,2026-07-29T12:30:00Z,2026-07-29T14:30:00+0200,6.35,EUR/MWh,DK2,DK_2,imbalance_price,Short,2026-08-11T19:14:45Z
2026-08-11T19:03:52Z,2026-08-11T21:03:52+0200,d65ae107-0026-470c-8885-f57b4d7803f4,2026-07-29T12:45:00Z,2026-07-29T14:45:00+0200,-6.09,EUR/MWh,DK2,DK_2,imbalance_price,Long,2026-08-11T19:14:45Z
2026-08-11T19:03:52Z,2026-08-11T21:03:52+0200,d65ae107-0026-470c-8885-f57b4d7803f4,2026-07-29T12:45:00Z,2026-07-29T14:45:00+0200,-6.09,EUR/MWh,DK2,DK_2,imbalance_price,Short,2026-08-11T19:14:45Z
2026-08-11T19:03:52Z,2026-08-11T21:03:52+0200,d65ae107-0026-470c-8885-f57b4d7803f4,2026-07-29T13:00:00Z,2026-07-29T15:00:00+0200,6.34,EUR/MWh,DK2,DK_2,imbalance_price,Long,2026-08-11T19:14:45Z
2026-08-11T19:03:52Z,2026-08-11T21:03:52+0200,d65ae107-0026-470c-8885-f57b4d7803f4,2026-07-29T13:00:00Z,2026-07-29T15:00:00+0200,6.34,EUR/MWh,DK2,DK_2,imbalance_price,Short,2026-08-11T19:14:45Z
2026-08-11T19:03:52Z,2026-08-11T21:03:52+0200,d65ae107-0026-470c-8885-f57b4d7803f4,2026-07-29T13:15:00Z,2026-07-29T15:15:00+0200,7.99,EUR/MWh,DK2,DK_2,imbalance_price,Long,2026-08-11T19:14:45Z
2026-08-11T19:03:52Z,2026-08-11T21:03:52+0200,d65ae107-0026-470c-8885-f57b4d7803f4,2026-07-29T13:15:00Z,2026-07-29T15:15:00+0200,7.99,EUR/MWh,DK2,DK_2,imbalance_price,Short,2026-08-11T19:14:45Z
2026-08-11T19:03:52Z,2026-08-11T21:03:52+0200,d65ae107-0026-470c-8885-f57b4d7803f4,2026-07-29T13:30:00Z,2026-07-29T15:30:00+0200,-12.97,EUR/MWh,DK2,DK_2,imbalance_price,Long,2026-08-11T19:14:45Z
2026-08-11T19:03:52Z,2026-08-11T21:03:52+0200,d65ae107-0026-470c-8885-f57b4d7803f4,2026-07-29T13:30:00Z,2026-07-29T15:30:00+0200,-12.97,EUR/MWh,DK2,DK_2,imbalance_price,Short,2026-08-11T19:14:45Z
2026-08-11T19:03:52Z,2026-08-11T21:03:52+0200,d65ae107-0026-470c-8885-f57b4d7803f4,2026-07-29T13:45:00Z,2026-07-29T15:45:00+0200,3.36,EUR/MWh,DK2,DK_2,imbalance_price,Long,2026-08-11T19:14:45Z
2026-08-11T19:03:52Z,2026-08-11T21:03:52+0200,d65ae107-0026-470c-8885-f57b4d7803f4,2026-07-29T13:45:00Z,2026-07-29T15:45:00+0200,3.36,EUR/MWh,DK2,DK_2,imbalance_price,Short,2026-08-11T19:14:45Z
2026-08-11T19:03:52Z,2026-08-11T21:03:52+0200,d65ae107-0026-470c-8885-f57b4d7803f4,2026-07-29T14:00:00Z,2026-07-29T16:00:00+0200,10.26,EUR/MWh,DK2,DK_2,imbalance_price,Long,2026-08-11T19:14:45Z
2026-08-11T19:03:52Z,2026-08-11T21:03:52+0200,d65ae107-0026-470c-8885-f57b4d7803f4,2026-07-29T14:00:00Z,2026-07-29T16:00:00+0200,10.26,EUR/MWh,DK2,DK_2,imbalance_price,Short,2026-08-11T19:14:45Z
2026-08-11T19:03:52Z,2026-08-11T21:03:52+0200,d65ae107-0026-470c-8885-f57b4d7803f4,2026-07-29T14:15:00Z,2026-07-29T16:15:00+0200,75.95,EUR/MWh,DK2,DK_2,imbalance_price,Long,2026-08-11T19:14:45Z
2026-08-11T19:03:52Z,2026-08-11T21:03:52+0200,d65ae107-0026-470c-8885-f57b4d7803f4,2026-07-29T14:15:00Z,2026-07-29T16:15:00+0200,75.95,EUR/MWh,DK2,DK_2,imbalance_price,Short,2026-08-11T19:14:45Z
2026-08-11T19:03:52Z,2026-08-11T21:03:52+0200,d65ae107-0026-470c-8885-f57b4d7803f4,2026-07-29T14:30:00Z,2026-07-29T16:30:00+0200,148.32,EUR/MWh,DK2,DK_2,imbalance_price,Long,2026-08-11T19:14:45Z
2026-08-11T19:03:52Z,2026-08-11T21:03:52+0200,d65ae107-0026-470c-8885-f57b4d7803f4,2026-07-29T14:30:00Z,2026-07-29T16:30:00+0200,148.32,EUR/MWh,DK2,DK_2,imbalance_price,Short,2026-08-11T19:14:45Z
2026-08-11T19:03:52Z,2026-08-11T21:03:52+0200,d65ae107-0026-470c-8885-f57b4d7803f4,2026-07-29T14:45:00Z,2026-07-29T16:45:00+0200,111.48,EUR/MWh,DK2,DK_2,imbalance_price,Long,2026-08-11T19:14:45Z
2026-08-11T19:03:52Z,2026-08-11T21:03:52+0200,d65ae107-0026-470c-8885-f57b4d7803f4,2026-07-29T14:45:00Z,2026-07-29T16:45:00+0200,111.48,EUR/MWh,DK2,DK_2,imbalance_price,Short,2026-08-11T19:14:45Z
2026-08-11T19:03:52Z,2026-08-11T21:03:52+0200,d65ae107-0026-470c-8885-f57b4d7803f4,2026-07-29T15:00:00Z,2026-07-29T17:00:00+0200,97.51,EUR/MWh,DK2,DK_2,imbalance_price,Long,2026-08-11T19:14:45Z
2026-08-11T19:03:52Z,2026-08-11T21:03:52+0200,d65ae107-0026-470c-8885-f57b4d7803f4,2026-07-29T15:00:00Z,2026-07-29T17:00:00+0200,97.51,EUR/MWh,DK2,DK_2,imbalance_price,Short,2026-08-11T19:14:45Z
2026-08-11T19:03:52Z,2026-08-11T21:03:52+0200,d65ae107-0026-470c-8885-f57b4d7803f4,2026-07-29T15:15:00Z,2026-07-29T17:15:00+0200,132.0,EUR/MWh,DK2,DK_2,imbalance_price,Long,2026-08-11T19:14:45Z
2026-08-11T19:03:52Z,2026-08-11T21:03:52+0200,d65ae107-0026-470c-8885-f57b4d7803f4,2026-07-29T15:15:00Z,2026-07-29T17:15:00+0200,132.0,EUR/MWh,DK2,DK_2,imbalance_price,Short,2026-08-11T19:14:45Z
2026-08-11T19:03:52Z,2026-08-11T21:03:52+0200,d65ae107-0026-470c-8885-f57b4d7803f4,2026-07-29T15:30:00Z,2026-07-29T17:30:00+0200,134.74,EUR/MWh,DK2,DK_2,imbalance_price,Long,2026-08-11T19:14:45Z
2026-08-11T19:03:52Z,2026-08-11T21:03:52+0200,d65ae107-0026-470c-8885-f57b4d7803f4,2026-07-29T15:30:00Z,2026-07-29T17:30:00+0200,134.74,EUR/MWh,DK2,DK_2,imbalance_price,Short,2026-08-11T19:14:45Z
2026-08-11T19:03:52Z,2026-08-11T21:03:52+0200,d65ae107-0026-470c-8885-f57b4d7803f4,2026-07-29T15:45:00Z,2026-07-29T17:45:00+0200,82.86,EUR/MWh,DK2,DK_2,imbalance_price,Long,2026-08-11T19:14:45Z
2026-08-11T19:03:52Z,2026-08-11T21:03:52+0200,d65ae107-0026-470c-8885-f57b4d7803f4,2026-07-29T15:45:00Z,2026-07-29T17:45:00+0200,82.86,EUR/MWh,DK2,DK_2,imbalance_price,Short,2026-08-11T19:14:45Z
2026-08-11T19:03:52Z,2026-08-11T21:03:52+0200,d65ae107-0026-470c-8885-f57b4d7803f4,2026-07-29T16:00:00Z,2026-07-29T18:00:00+0200,130.29,EUR/MWh,DK2,DK_2,imbalance_price,Long,2026-08-11T19:14:45Z
2026-08-11T19:03:52Z,2026-08-11T21:03:52+0200,d65ae107-0026-470c-8885-f57b4d7803f4,2026-07-29T16:00:00Z,2026-07-29T18:00:00+0200,130.29,EUR/MWh,DK2,DK_2,imbalance_price,Short,2026-08-11T19:14:45Z
2026-08-11T19:03:52Z,2026-08-11T21:03:52+0200,d65ae107-0026-470c-8885-f57b4d7803f4,2026-07-29T16:15:00Z,2026-07-29T18:15:00+0200,339.88,EUR/MWh,DK2,DK_2,imbalance_price,Long,2026-08-11T19:14:45Z
2026-08-11T19:03:52Z,2026-08-11T21:03:52+0200,d65ae107-0026-470c-8885-f57b4d7803f4,2026-07-29T16:15:00Z,2026-07-29T18:15:00+0200,339.88,EUR/MWh,DK2,DK_2,imbalance_price,Short,2026-08-11T19:14:45Z
2026-08-11T19:03:52Z,2026-08-11T21:03:52+0200,d65ae107-0026-470c-8885-f57b4d7803f4,2026-07-29T16:30:00Z,2026-07-29T18:30:00+0200,170.08,EUR/MWh,DK2,DK_2,imbalance_price,Long,2026-08-11T19:14:45Z
2026-08-11T19:03:52Z,2026-08-11T21:03:52+0200,d65ae107-0026-470c-8885-f57b4d7803f4,2026-07-29T16:30:00Z,2026-07-29T18:30:00+0200,170.08,EUR/MWh,DK2,DK_2,imbalance_price,Short,2026-08-11T19:14:45Z
2026-08-11T19:03:52Z,2026-08-11T21:03:52+0200,d65ae107-0026-470c-8885-f57b4d7803f4,2026-07-29T16:45:00Z,2026-07-29T18:45:00+0200,202.66,EUR/MWh,DK2,DK_2,imbalance_price,Long,2026-08-11T19:14:45Z
2026-08-11T19:03:52Z,2026-08-11T21:03:52+0200,d65ae107-0026-470c-8885-f57b4d7803f4,2026-07-29T16:45:00Z,2026-07-29T18:45:00+0200,202.66,EUR/MWh,DK2,DK_2,imbalance_price,Short,2026-08-11T19:14:45Z
2026-08-11T19:03:52Z,2026-08-11T21:03:52+0200,d65ae107-0026-470c-8885-f57b4d7803f4,2026-07-29T17:00:00Z,2026-07-29T19:00:00+0200,222.36,EUR/MWh,DK2,DK_2,imbalance_price,Long,2026-08-11T19:14:45Z
2026-08-11T19:03:52Z,2026-08-11T21:03:52+0200,d65ae107-0026-470c-8885-f57b4d7803f4,2026-07-29T17:00:00Z,2026-07-29T19:00:00+0200,222.36,EUR/MWh,DK2,DK_2,imbalance_price,Short,2026-08-11T19:14:45Z
2026-08-11T19:03:52Z,2026-08-11T21:03:52+0200,d65ae107-0026-470c-8885-f57b4d7803f4,2026-07-29T17:15:00Z,2026-07-29T19:15:00+0200,204.07,EUR/MWh,DK2,DK_2,imbalance_price,Long,2026-08-11T19:14:45Z
2026-08-11T19:03:52Z,2026-08-11T21:03:52+0200,d65ae107-0026-470c-8885-f57b4d7803f4,2026-07-29T17:15:00Z,2026-07-29T19:15:00+0200,204.07,EUR/MWh,DK2,DK_2,imbalance_price,Short,2026-08-11T19:14:45Z
2026-08-11T19:03:52Z,2026-08-11T21:03:52+0200,d65ae107-0026-470c-8885-f57b4d7803f4,2026-07-29T17:30:00Z,2026-07-29T19:30:00+0200,247.68,EUR/MWh,DK2,DK_2,imbalance_price,Long,2026-08-11T19:14:45Z
2026-08-11T19:03:52Z,2026-08-11T21:03:52+0200,d65ae107-0026-470c-8885-f57b4d7803f4,2026-07-29T17:30:00Z,2026-07-29T19:30:00+0200,247.68,EUR/MWh,DK2,DK_2,imbalance_price,Short,2026-08-11T19:14:45Z
2026-08-11T19:03:52Z,2026-08-11T21:03:52+0200,d65ae107-0026-470c-8885-f57b4d7803f4,2026-07-29T17:45:00Z,2026-07-29T19:45:00+0200,351.39,EUR/MWh,DK2,DK_2,imbalance_price,Long,2026-08-11T19:14:45Z
2026-08-11T19:03:52Z,2026-08-11T21:03:52+0200,d65ae107-0026-470c-8885-f57b4d7803f4,2026-07-29T17:45:00Z,2026-07-29T19:45:00+0200,351.39,EUR/MWh,DK2,DK_2,imbalance_price,Short,2026-08-11T19:14:45Z
2026-08-11T19:03:52Z,2026-08-11T21:03:52+0200,d65ae107-0026-470c-8885-f57b4d7803f4,2026-07-29T18:00:00Z,2026-07-29T20:00:00+0200,524.1,EUR/MWh,DK2,DK_2,imbalance_price,Long,2026-08-11T19:14:45Z
2026-08-11T19:03:52Z,2026-08-11T21:03:52+0200,d65ae107-0026-470c-8885-f57b4d7803f4,2026-07-29T18:00:00Z,2026-07-29T20:00:00+0200,524.1,EUR/MWh,DK2,DK_2,imbalance_price,Short,2026-08-11T19:14:45Z
2026-08-11T19:03:52Z,2026-08-11T21:03:52+0200,d65ae107-0026-470c-8885-f57b4d7803f4,2026-07-29T18:15:00Z,2026-07-29T20:15:00+0200,265.05,EUR/MWh,DK2,DK_2,imbalance_price,Long,2026-08-11T19:14:45Z
2026-08-11T19:03:52Z,2026-08-11T21:03:52+0200,d65ae107-0026-470c-8885-f57b4d7803f4,2026-07-29T18:15:00Z,2026-07-29T20:15:00+0200,265.05,EUR/MWh,DK2,DK_2,imbalance_price,Short,2026-08-11T19:14:45Z
2026-08-11T19:03:52Z,2026-08-11T21:03:52+0200,d65ae107-0026-470c-8885-f57b4d7803f4,2026-07-29T18:30:00Z,2026-07-29T20:30:00+0200,394.71,EUR/MWh,DK2,DK_2,imbalance_price,Long,2026-08-11T19:14:45Z
2026-08-11T19:03:52Z,2026-08-11T21:03:52+0200,d65ae107-0026-470c-8885-f57b4d7803f4,2026-07-29T18:30:00Z,2026-07-29T20:30:00+0200,394.71,EUR/MWh,DK2,DK_2,imbalance_price,Short,2026-08-11T19:14:45Z
2026-08-11T19:03:52Z,2026-08-11T21:03:52+0200,d65ae107-0026-470c-8885-f57b4d7803f4,2026-07-29T18:45:00Z,2026-07-29T20:45:00+0200,389.0,EUR/MWh,DK2,DK_2,imbalance_price,Long,2026-08-11T19:14:45Z
2026-08-11T19:03:52Z,2026-08-11T21:03:52+0200,d65ae107-0026-470c-8885-f57b4d7803f4,2026-07-29T18:45:00Z,2026-07-29T20:45:00+0200,389.0,EUR/MWh,DK2,DK_2,imbalance_price,Short,2026-08-11T19:14:45Z
2026-08-11T19:03:52Z,2026-08-11T21:03:52+0200,d65ae107-0026-470c-8885-f57b4d7803f4,2026-07-29T19:00:00Z,2026-07-29T21:00:00+0200,253.94,EUR/MWh,DK2,DK_2,imbalance_price,Long,2026-08-11T19:14:45Z
2026-08-11T19:03:52Z,2026-08-11T21:03:52+0200,d65ae107-0026-470c-8885-f57b4d7803f4,2026-07-29T19:00:00Z,2026-07-29T21:00:00+0200,253.94,EUR/MWh,DK2,DK_2,imbalance_price,Short,2026-08-11T19:14:45Z
2026-08-11T19:03:52Z,2026-08-11T21:03:52+0200,d65ae107-0026-470c-8885-f57b4d7803f4,2026-07-29T19:15:00Z,2026-07-29T21:15:00+0200,535.1,EUR/MWh,DK2,DK_2,imbalance_price,Long,2026-08-11T19:14:45Z
2026-08-11T19:03:52Z,2026-08-11T21:03:52+0200,d65ae107-0026-470c-8885-f57b4d7803f4,2026-07-29T19:15:00Z,2026-07-29T21:15:00+0200,535.1,EUR/MWh,DK2,DK_2,imbalance_price,Short,2026-08-11T19:14:45Z
2026-08-11T19:03:52Z,2026-08-11T21:03:52+0200,d65ae107-0026-470c-8885-f57b4d7803f4,2026-07-29T19:30:00Z,2026-07-29T21:30:00+0200,217.31,EUR/MWh,DK2,DK_2,imbalance_price,Long,2026-08-11T19:14:45Z
2026-08-11T19:03:52Z,2026-08-11T21:03:52+0200,d65ae107-0026-470c-8885-f57b4d7803f4,2026-07-29T19:30:00Z,2026-07-29T21:30:00+0200,217.31,EUR/MWh,DK2,DK_2,imbalance_price,Short,2026-08-11T19:14:45Z
2026-08-11T19:03:52Z,2026-08-11T21:03:52+0200,d65ae107-0026-470c-8885-f57b4d7803f4,2026-07-29T19:45:00Z,2026-07-29T21:45:00+0200,202.01,EUR/MWh,DK2,DK_2,imbalance_price,Long,2026-08-11T19:14:45Z
2026-08-11T19:03:52Z,2026-08-11T21:03:52+0200,d65ae107-0026-470c-8885-f57b4d7803f4,2026-07-29T19:45:00Z,2026-07-29T21:45:00+0200,202.01,EUR/MWh,DK2,DK_2,imbalance_price,Short,2026-08-11T19:14:45Z
2026-08-11T19:03:52Z,2026-08-11T21:03:52+0200,d65ae107-0026-470c-8885-f57b4d7803f4,2026-07-29T20:00:00Z,2026-07-29T22:00:00+0200,137.38,EUR/MWh,DK2,DK_2,imbalance_price,Long,2026-08-11T19:14:45Z
2026-08-11T19:03:52Z,2026-08-11T21:03:52+0200,d65ae107-0026-470c-8885-f57b4d7803f4,2026-07-29T20:00:00Z,2026-07-29T22:00:00+0200,137.38,EUR/MWh,DK2,DK_2,imbalance_price,Short,2026-08-11T19:14:45Z
2026-08-11T19:03:52Z,2026-08-11T21:03:52+0200,d65ae107-0026-470c-8885-f57b4d7803f4,2026-07-29T20:15:00Z,2026-07-29T22:15:00+0200,55.66,EUR/MWh,DK2,DK_2,imbalance_price,Long,2026-08-11T19:14:45Z
2026-08-11T19:03:52Z,2026-08-11T21:03:52+0200,d65ae107-0026-470c-8885-f57b4d7803f4,2026-07-29T20:15:00Z,2026-07-29T22:15:00+0200,55.66,EUR/MWh,DK2,DK_2,imbalance_price,Short,2026-08-11T19:14:45Z
2026-08-11T19:03:52Z,2026-08-11T21:03:52+0200,d65ae107-0026-470c-8885-f57b4d7803f4,2026-07-29T20:30:00Z,2026-07-29T22:30:00+0200,78.31,EUR/MWh,DK2,DK_2,imbalance_price,Long,2026-08-11T19:14:45Z
2026-08-11T19:03:52Z,2026-08-11T21:03:52+0200,d65ae107-0026-470c-8885-f57b4d7803f4,2026-07-29T20:30:00Z,2026-07-29T22:30:00+0200,78.31,EUR/MWh,DK2,DK_2,imbalance_price,Short,2026-08-11T19:14:45Z
2026-08-11T19:03:52Z,2026-08-11T21:03:52+0200,d65ae107-0026-470c-8885-f57b4d7803f4,2026-07-29T20:45:00Z,2026-07-29T22:45:00+0200,86.6,EUR/MWh,DK2,DK_2,imbalance_price,Long,2026-08-11T19:14:45Z
2026-08-11T19:03:52Z,2026-08-11T21:03:52+0200,d65ae107-0026-470c-8885-f57b4d7803f4,2026-07-29T20:45:00Z,2026-07-29T22:45:00+0200,86.6,EUR/MWh,DK2,DK_2,imbalance_price,Short,2026-08-11T19:14:45Z
2026-08-11T19:03:52Z,2026-08-11T21:03:52+0200,d65ae107-0026-470c-8885-f57b4d7803f4,2026-07-29T21:00:00Z,2026-07-29T23:00:00+0200,112.14,EUR/MWh,DK2,DK_2,imbalance_price,Long,2026-08-11T19:14:45Z
2026-08-11T19:03:52Z,2026-08-11T21:03:52+0200,d65ae107-0026-470c-8885-f57b4d7803f4,2026-07-29T21:00:00Z,2026-07-29T23:00:00+0200,112.14,EUR/MWh,DK2,DK_2,imbalance_price,Short,2026-08-11T19:14:45Z
2026-08-11T19:03:52Z,2026-08-11T21:03:52+0200,d65ae107-0026-470c-8885-f57b4d7803f4,2026-07-29T21:15:00Z,2026-07-29T23:15:00+0200,85.28,EUR/MWh,DK2,DK_2,imbalance_price,Long,2026-08-11T19:14:45Z
2026-08-11T19:03:52Z,2026-08-11T21:03:52+0200,d65ae107-0026-470c-8885-f57b4d7803f4,2026-07-29T21:15:00Z,2026-07-29T23:15:00+0200,85.28,EUR/MWh,DK2,DK_2,imbalance_price,Short,2026-08-11T19:14:45Z
2026-08-11T19:03:52Z,2026-08-11T21:03:52+0200,d65ae107-0026-470c-8885-f57b4d7803f4,2026-07-29T21:30:00Z,2026-07-29T23:30:00+0200,6.98,EUR/MWh,DK2,DK_2,imbalance_price,Long,2026-08-11T19:14:45Z
2026-08-11T19:03:52Z,2026-08-11T21:03:52+0200,d65ae107-0026-470c-8885-f57b4d7803f4,2026-07-29T21:30:00Z,2026-07-29T23:30:00+0200,6.98,EUR/MWh,DK2,DK_2,imbalance_price,Short,2026-08-11T19:14:45Z
2026-08-11T19:03:52Z,2026-08-11T21:03:52+0200,d65ae107-0026-470c-8885-f57b4d7803f4,2026-07-29T21:45:00Z,2026-07-29T23:45:00+0200,39.83,EUR/MWh,DK2,DK_2,imbalance_price,Long,2026-08-11T19:14:45Z
2026-08-11T19:03:52Z,2026-08-11T21:03:52+0200,d65ae107-0026-470c-8885-f57b4d7803f4,2026-07-29T21:45:00Z,2026-07-29T23:45:00+0200,39.83,EUR/MWh,DK2,DK_2,imbalance_price,Short,2026-08-11T19:14:45Z
2026-08-11T19:03:52Z,2026-08-11T21:03:52+0200,d65ae107-0026-470c-8885-f57b4d7803f4,2026-07-29T22:00:00Z,2026-07-30T00:00:00+0200,114.35,EUR/MWh,DK2,DK_2,imbalance_price,Long,2026-08-11T19:14:45Z
2026-08-11T19:03:52Z,2026-08-11T21:03:52+0200,d65ae107-0026-470c-8885-f57b4d7803f4,2026-07-29T22:00:00Z,2026-07-30T00:00:00+0200,114.35,EUR/MWh,DK2,DK_2,imbalance_price,Short,2026-08-11T19:14:45Z
2026-08-11T19:03:52Z,2026-08-11T21:03:52+0200,d65ae107-0026-470c-8885-f57b4d7803f4,2026-07-29T22:15:00Z,2026-07-30T00:15:00+0200,106.68,EUR/MWh,DK2,DK_2,imbalance_price,Long,2026-08-11T19:14:45Z
2026-08-11T19:03:52Z,2026-08-11T21:03:52+0200,d65ae107-0026-470c-8885-f57b4d7803f4,2026-07-29T22:15:00Z,2026-07-30T00:15:00+0200,106.68,EUR/MWh,DK2,DK_2,imbalance_price,Short,2026-08-11T19:14:45Z
2026-08-11T19:03:52Z,2026-08-11T21:03:52+0200,d65ae107-0026-470c-8885-f57b4d7803f4,2026-07-29T22:30:00Z,2026-07-30T00:30:00+0200,105.09,EUR/MWh,DK2,DK_2,imbalance_price,Long,2026-08-11T19:14:45Z
2026-08-11T19:03:52Z,2026-08-11T21:03:52+0200,d65ae107-0026-470c-8885-f57b4d7803f4,2026-07-29T22:30:00Z,2026-07-30T00:30:00+0200,105.09,EUR/MWh,DK2,DK_2,imbalance_price,Short,2026-08-11T19:14:45Z
2026-08-11T19:03:52Z,2026-08-11T21:03:52+0200,d65ae107-0026-470c-8885-f57b4d7803f4,2026-07-29T22:45:00Z,2026-07-30T00:45:00+0200,105.49,EUR/MWh,DK2,DK_2,imbalance_price,Long,2026-08-11T19:14:45Z
2026-08-11T19:03:52Z,2026-08-11T21:03:52+0200,d65ae107-0026-470c-8885-f57b4d7803f4,2026-07-29T22:45:00Z,2026-07-30T00:45:00+0200,105.49,EUR/MWh,DK2,DK_2,imbalance_price,Short,2026-08-11T19:14:45Z
2026-08-11T19:03:52Z,2026-08-11T21:03:52+0200,d65ae107-0026-470c-8885-f57b4d7803f4,2026-07-29T23:00:00Z,2026-07-30T01:00:00+0200,105.49,EUR/MWh,DK2,DK_2,imbalance_price,Long,2026-08-11T19:14:45Z
2026-08-11T19:03:52Z,2026-08-11T21:03:52+0200,d65ae107-0026-470c-8885-f57b4d7803f4,2026-07-29T23:00:00Z,2026-07-30T01:00:00+0200,105.49,EUR/MWh,DK2,DK_2,imbalance_price,Short,2026-08-11T19:14:45Z
2026-08-11T19:03:52Z,2026-08-11T21:03:52+0200,d65ae107-0026-470c-8885-f57b4d7803f4,2026-07-29T23:15:00Z,2026-07-30T01:15:00+0200,105.49,EUR/MWh,DK2,DK_2,imbalance_price,Long,2026-08-11T19:14:45Z
2026-08-11T19:03:52Z,2026-08-11T21:03:52+0200,d65ae107-0026-470c-8885-f57b4d7803f4,2026-07-29T23:15:00Z,2026-07-30T01:15:00+0200,105.49,EUR/MWh,DK2,DK_2,imbalance_price,Short,2026-08-11T19:14:45Z
2026-08-11T19:03:52Z,2026-08-11T21:03:52+0200,d65ae107-0026-470c-8885-f57b4d7803f4,2026-07-29T23:30:00Z,2026-07-30T01:30:00+0200,76.09,EUR/MWh,DK2,DK_2,imbalance_price,Long,2026-08-11T19:14:45Z
2026-08-11T19:03:52Z,2026-08-11T21:03:52+0200,d65ae107-0026-470c-8885-f57b4d7803f4,2026-07-29T23:30:00Z,2026-07-30T01:30:00+0200,76.09,EUR/MWh,DK2,DK_2,imbalance_price,Short,2026-08-11T19:14:45Z
2026-08-11T19:03:52Z,2026-08-11T21:03:52+0200,d65ae107-0026-470c-8885-f57b4d7803f4,2026-07-29T23:45:00Z,2026-07-30T01:45:00+0200,78.84,EUR/MWh,DK2,DK_2,imbalance_price,Long,2026-08-11T19:14:45Z
2026-08-11T19:03:52Z,2026-08-11T21:03:52+0200,d65ae107-0026-470c-8885-f57b4d7803f4,2026-07-29T23:45:00Z,2026-07-30T01:45:00+0200,78.84,EUR/MWh,DK2,DK_2,imbalance_price,Short,2026-08-11T19:14:45Z
2026-08-11T19:03:52Z,2026-08-11T21:03:52+0200,d65ae107-0026-470c-8885-f57b4d7803f4,2026-07-30T00:00:00Z,2026-07-30T02:00:00+0200,109.74,EUR/MWh,DK2,DK_2,imbalance_price,Long,2026-08-11T19:14:45Z
2026-08-11T19:03:52Z,2026-08-11T21:03:52+0200,d65ae107-0026-470c-8885-f57b4d7803f4,2026-07-30T00:00:00Z,2026-07-30T02:00:00+0200,109.74,EUR/MWh,DK2,DK_2,imbalance_price,Short,2026-08-11T19:14:45Z
2026-08-11T19:03:52Z,2026-08-11T21:03:52+0200,d65ae107-0026-470c-8885-f57b4d7803f4,2026-07-30T00:15:00Z,2026-07-30T02:15:00+0200,107.11,EUR/MWh,DK2,DK_2,imbalance_price,Long,2026-08-11T19:14:45Z
2026-08-11T19:03:52Z,2026-08-11T21:03:52+0200,d65ae107-0026-470c-8885-f57b4d7803f4,2026-07-30T00:15:00Z,2026-07-30T02:15:00+0200,107.11,EUR/MWh,DK2,DK_2,imbalance_price,Short,2026-08-11T19:14:45Z
2026-08-11T19:03:52Z,2026-08-11T21:03:52+0200,d65ae107-0026-470c-8885-f57b4d7803f4,2026-07-30T00:30:00Z,2026-07-30T02:30:00+0200,105.68,EUR/MWh,DK2,DK_2,imbalance_price,Long,2026-08-11T19:14:45Z
2026-08-11T19:03:52Z,2026-08-11T21:03:52+0200,d65ae107-0026-470c-8885-f57b4d7803f4,2026-07-30T00:30:00Z,2026-07-30T02:30:00+0200,105.68,EUR/MWh,DK2,DK_2,imbalance_price,Short,2026-08-11T19:14:45Z
2026-08-11T19:03:52Z,2026-08-11T21:03:52+0200,d65ae107-0026-470c-8885-f57b4d7803f4,2026-07-30T00:45:00Z,2026-07-30T02:45:00+0200,105.49,EUR/MWh,DK2,DK_2,imbalance_price,Long,2026-08-11T19:14:45Z
2026-08-11T19:03:52Z,2026-08-11T21:03:52+0200,d65ae107-0026-470c-8885-f57b4d7803f4,2026-07-30T00:45:00Z,2026-07-30T02:45:00+0200,105.49,EUR/MWh,DK2,DK_2,imbalance_price,Short,2026-08-11T19:14:45Z
2026-08-11T19:03:52Z,2026-08-11T21:03:52+0200,d65ae107-0026-470c-8885-f57b4d7803f4,2026-07-30T01:00:00Z,2026-07-30T03:00:00+0200,135.94,EUR/MWh,DK2,DK_2,imbalance_price,Long,2026-08-11T19:14:45Z
2026-08-11T19:03:52Z,2026-08-11T21:03:52+0200,d65ae107-0026-470c-8885-f57b4d7803f4,2026-07-30T01:00:00Z,2026-07-30T03:00:00+0200,135.94,EUR/MWh,DK2,DK_2,imbalance_price,Short,2026-08-11T19:14:45Z
2026-08-11T19:03:52Z,2026-08-11T21:03:52+0200,d65ae107-0026-470c-8885-f57b4d7803f4,2026-07-30T01:15:00Z,2026-07-30T03:15:00+0200,105.83,EUR/MWh,DK2,DK_2,imbalance_price,Long,2026-08-11T19:14:45Z
2026-08-11T19:03:52Z,2026-08-11T21:03:52+0200,d65ae107-0026-470c-8885-f57b4d7803f4,2026-07-30T01:15:00Z,2026-07-30T03:15:00+0200,105.83,EUR/MWh,DK2,DK_2,imbalance_price,Short,2026-08-11T19:14:45Z
2026-08-11T19:03:52Z,2026-08-11T21:03:52+0200,d65ae107-0026-470c-8885-f57b4d7803f4,2026-07-30T01:30:00Z,2026-07-30T03:30:00+0200,134.61,EUR/MWh,DK2,DK_2,imbalance_price,Long,2026-08-11T19:14:45Z
2026-08-11T19:03:52Z,2026-08-11T21:03:52+0200,d65ae107-0026-470c-8885-f57b4d7803f4,2026-07-30T01:30:00Z,2026-07-30T03:30:00+0200,134.61,EUR/MWh,DK2,DK_2,imbalance_price,Short,2026-08-11T19:14:45Z
2026-08-11T19:03:52Z,2026-08-11T21:03:52+0200,d65ae107-0026-470c-8885-f57b4d7803f4,2026-07-30T01:45:00Z,2026-07-30T03:45:00+0200,136.47,EUR/MWh,DK2,DK_2,imbalance_price,Long,2026-08-11T19:14:45Z
2026-08-11T19:03:52Z,2026-08-11T21:03:52+0200,d65ae107-0026-470c-8885-f57b4d7803f4,2026-07-30T01:45:00Z,2026-07-30T03:45:00+0200,136.47,EUR/MWh,DK2,DK_2,imbalance_price,Short,2026-08-11T19:14:45Z
2026-08-11T19:03:52Z,2026-08-11T21:03:52+0200,d65ae107-0026-470c-8885-f57b4d7803f4,2026-07-30T02:00:00Z,2026-07-30T04:00:00+0200,132.03,EUR/MWh,DK2,DK_2,imbalance_price,Long,2026-08-11T19:14:45Z
2026-08-11T19:03:52Z,2026-08-11T21:03:52+0200,d65ae107-0026-470c-8885-f57b4d7803f4,2026-07-30T02:00:00Z,2026-07-30T04:00:00+0200,132.03,EUR/MWh,DK2,DK_2,imbalance_price,Short,2026-08-11T19:14:45Z
2026-08-11T19:03:52Z,2026-08-11T21:03:52+0200,d65ae107-0026-470c-8885-f57b4d7803f4,2026-07-30T02:15:00Z,2026-07-30T04:15:00+0200,132.35,EUR/MWh,DK2,DK_2,imbalance_price,Long,2026-08-11T19:14:45Z
2026-08-11T19:03:52Z,2026-08-11T21:03:52+0200,d65ae107-0026-470c-8885-f57b4d7803f4,2026-07-30T02:15:00Z,2026-07-30T04:15:00+0200,132.35,EUR/MWh,DK2,DK_2,imbalance_price,Short,2026-08-11T19:14:45Z
2026-08-11T19:03:52Z,2026-08-11T21:03:52+0200,d65ae107-0026-470c-8885-f57b4d7803f4,2026-07-30T02:30:00Z,2026-07-30T04:30:00+0200,116.87,EUR/MWh,DK2,DK_2,imbalance_price,Long,2026-08-11T19:14:45Z
2026-08-11T19:03:52Z,2026-08-11T21:03:52+0200,d65ae107-0026-470c-8885-f57b4d7803f4,2026-07-30T02:30:00Z,2026-07-30T04:30:00+0200,116.87,EUR/MWh,DK2,DK_2,imbalance_price,Short,2026-08-11T19:14:45Z
2026-08-11T19:03:52Z,2026-08-11T21:03:52+0200,d65ae107-0026-470c-8885-f57b4d7803f4,2026-07-30T02:45:00Z,2026-07-30T04:45:00+0200,117.48,EUR/MWh,DK2,DK_2,imbalance_price,Long,2026-08-11T19:14:45Z
2026-08-11T19:03:52Z,2026-08-11T21:03:52+0200,d65ae107-0026-470c-8885-f57b4d7803f4,2026-07-30T02:45:00Z,2026-07-30T04:45:00+0200,117.48,EUR/MWh,DK2,DK_2,imbalance_price,Short,2026-08-11T19:14:45Z
2026-08-11T19:03:52Z,2026-08-11T21:03:52+0200,d65ae107-0026-470c-8885-f57b4d7803f4,2026-07-30T03:00:00Z,2026-07-30T05:00:00+0200,132.06,EUR/MWh,DK2,DK_2,imbalance_price,Long,2026-08-11T19:14:45Z
2026-08-11T19:03:52Z,2026-08-11T21:03:52+0200,d65ae107-0026-470c-8885-f57b4d7803f4,2026-07-30T03:00:00Z,2026-07-30T05:00:00+0200,132.06,EUR/MWh,DK2,DK_2,imbalance_price,Short,2026-08-11T19:14:45Z
2026-08-11T19:03:52Z,2026-08-11T21:03:52+0200,d65ae107-0026-470c-8885-f57b4d7803f4,2026-07-30T03:15:00Z,2026-07-30T05:15:00+0200,401.33,EUR/MWh,DK2,DK_2,imbalance_price,Long,2026-08-11T19:14:45Z
2026-08-11T19:03:52Z,2026-08-11T21:03:52+0200,d65ae107-0026-470c-8885-f57b4d7803f4,2026-07-30T03:15:00Z,2026-07-30T05:15:00+0200,401.33,EUR/MWh,DK2,DK_2,imbalance_price,Short,2026-08-11T19:14:45Z
2026-08-11T19:03:52Z,2026-08-11T21:03:52+0200,d65ae107-0026-470c-8885-f57b4d7803f4,2026-07-30T03:30:00Z,2026-07-30T05:30:00+0200,267.6,EUR/MWh,DK2,DK_2,imbalance_price,Long,2026-08-11T19:14:45Z
2026-08-11T19:03:52Z,2026-08-11T21:03:52+0200,d65ae107-0026-470c-8885-f57b4d7803f4,2026-07-30T03:30:00Z,2026-07-30T05:30:00+0200,267.6,EUR/MWh,DK2,DK_2,imbalance_price,Short,2026-08-11T19:14:45Z
2026-08-11T19:03:52Z,2026-08-11T21:03:52+0200,d65ae107-0026-470c-8885-f57b4d7803f4,2026-07-30T03:45:00Z,2026-07-30T05:45:00+0200,535.2,EUR/MWh,DK2,DK_2,imbalance_price,Long,2026-08-11T19:14:45Z
2026-08-11T19:03:52Z,2026-08-11T21:03:52+0200,d65ae107-0026-470c-8885-f57b4d7803f4,2026-07-30T03:45:00Z,2026-07-30T05:45:00+0200,535.2,EUR/MWh,DK2,DK_2,imbalance_price,Short,2026-08-11T19:14:45Z
2026-08-11T19:03:52Z,2026-08-11T21:03:52+0200,d65ae107-0026-470c-8885-f57b4d7803f4,2026-07-30T04:00:00Z,2026-07-30T06:00:00+0200,217.14,EUR/MWh,DK2,DK_2,imbalance_price,Long,2026-08-11T19:14:45Z
2026-08-11T19:03:52Z,2026-08-11T21:03:52+0200,d65ae107-0026-470c-8885-f57b4d7803f4,2026-07-30T04:00:00Z,2026-07-30T06:00:00+0200,217.14,EUR/MWh,DK2,DK_2,imbalance_price,Short,2026-08-11T19:14:45Z
2026-08-11T19:03:52Z,2026-08-11T21:03:52+0200,d65ae107-0026-470c-8885-f57b4d7803f4,2026-07-30T04:15:00Z,2026-07-30T06:15:00+0200,147.77,EUR/MWh,DK2,DK_2,imbalance_price,Long,2026-08-11T19:14:45Z
2026-08-11T19:03:52Z,2026-08-11T21:03:52+0200,d65ae107-0026-470c-8885-f57b4d7803f4,2026-07-30T04:15:00Z,2026-07-30T06:15:00+0200,147.77,EUR/MWh,DK2,DK_2,imbalance_price,Short,2026-08-11T19:14:45Z
2026-08-11T19:03:52Z,2026-08-11T21:03:52+0200,d65ae107-0026-470c-8885-f57b4d7803f4,2026-07-30T04:30:00Z,2026-07-30T06:30:00+0200,149.25,EUR/MWh,DK2,DK_2,imbalance_price,Long,2026-08-11T19:14:45Z
2026-08-11T19:03:52Z,2026-08-11T21:03:52+0200,d65ae107-0026-470c-8885-f57b4d7803f4,2026-07-30T04:30:00Z,2026-07-30T06:30:00+0200,149.25,EUR/MWh,DK2,DK_2,imbalance_price,Short,2026-08-11T19:14:45Z
2026-08-11T19:03:52Z,2026-08-11T21:03:52+0200,d65ae107-0026-470c-8885-f57b4d7803f4,2026-07-30T04:45:00Z,2026-07-30T06:45:00+0200,235.67,EUR/MWh,DK2,DK_2,imbalance_price,Long,2026-08-11T19:14:45Z
2026-08-11T19:03:52Z,2026-08-11T21:03:52+0200,d65ae107-0026-470c-8885-f57b4d7803f4,2026-07-30T04:45:00Z,2026-07-30T06:45:00+0200,235.67,EUR/MWh,DK2,DK_2,imbalance_price,Short,2026-08-11T19:14:45Z
2026-08-11T19:03:52Z,2026-08-11T21:03:52+0200,d65ae107-0026-470c-8885-f57b4d7803f4,2026-07-30T05:00:00Z,2026-07-30T07:00:00+0200,361.26,EUR/MWh,DK2,DK_2,imbalance_price,Long,2026-08-11T19:14:45Z
2026-08-11T19:03:52Z,2026-08-11T21:03:52+0200,d65ae107-0026-470c-8885-f57b4d7803f4,2026-07-30T05:00:00Z,2026-07-30T07:00:00+0200,361.26,EUR/MWh,DK2,DK_2,imbalance_price,Short,2026-08-11T19:14:45Z
2026-08-11T19:03:52Z,2026-08-11T21:03:52+0200,d65ae107-0026-470c-8885-f57b4d7803f4,2026-07-30T05:15:00Z,2026-07-30T07:15:00+0200,267.6,EUR/MWh,DK2,DK_2,imbalance_price,Long,2026-08-11T19:14:45Z
2026-08-11T19:03:52Z,2026-08-11T21:03:52+0200,d65ae107-0026-470c-8885-f57b4d7803f4,2026-07-30T05:15:00Z,2026-07-30T07:15:00+0200,267.6,EUR/MWh,DK2,DK_2,imbalance_price,Short,2026-08-11T19:14:45Z
2026-08-11T19:03:52Z,2026-08-11T21:03:52+0200,d65ae107-0026-470c-8885-f57b4d7803f4,2026-07-30T05:30:00Z,2026-07-30T07:30:00+0200,248.6,EUR/MWh,DK2,DK_2,imbalance_price,Long,2026-08-11T19:14:45Z
2026-08-11T19:03:52Z,2026-08-11T21:03:52+0200,d65ae107-0026-470c-8885-f57b4d7803f4,2026-07-30T05:30:00Z,2026-07-30T07:30:00+0200,248.6,EUR/MWh,DK2,DK_2,imbalance_price,Short,2026-08-11T19:14:45Z
2026-08-11T19:03:52Z,2026-08-11T21:03:52+0200,d65ae107-0026-470c-8885-f57b4d7803f4,2026-07-30T05:45:00Z,2026-07-30T07:45:00+0200,267.6,EUR/MWh,DK2,DK_2,imbalance_price,Long,2026-08-11T19:14:45Z
2026-08-11T19:03:52Z,2026-08-11T21:03:52+0200,d65ae107-0026-470c-8885-f57b4d7803f4,2026-07-30T05:45:00Z,2026-07-30T07:45:00+0200,267.6,EUR/MWh,DK2,DK_2,imbalance_price,Short,2026-08-11T19:14:45Z
2026-08-11T19:03:52Z,2026-08-11T21:03:52+0200,d65ae107-0026-470c-8885-f57b4d7803f4,2026-07-30T06:00:00Z,2026-07-30T08:00:00+0200,159.09,EUR/MWh,DK2,DK_2,imbalance_price,Long,2026-08-11T19:14:45Z
2026-08-11T19:03:52Z,2026-08-11T21:03:52+0200,d65ae107-0026-470c-8885-f57b4d7803f4,2026-07-30T06:00:00Z,2026-07-30T08:00:00+0200,159.09,EUR/MWh,DK2,DK_2,imbalance_price,Short,2026-08-11T19:14:45Z
2026-08-11T19:03:52Z,2026-08-11T21:03:52+0200,d65ae107-0026-470c-8885-f57b4d7803f4,2026-07-30T06:15:00Z,2026-07-30T08:15:00+0200,452.44,EUR/MWh,DK2,DK_2,imbalance_price,Long,2026-08-11T19:14:45Z
2026-08-11T19:03:52Z,2026-08-11T21:03:52+0200,d65ae107-0026-470c-8885-f57b4d7803f4,2026-07-30T06:15:00Z,2026-07-30T08:15:00+0200,452.44,EUR/MWh,DK2,DK_2,imbalance_price,Short,2026-08-11T19:14:45Z
2026-08-11T19:03:52Z,2026-08-11T21:03:52+0200,d65ae107-0026-470c-8885-f57b4d7803f4,2026-07-30T06:30:00Z,2026-07-30T08:30:00+0200,535.11,EUR/MWh,DK2,DK_2,imbalance_price,Long,2026-08-11T19:14:45Z
2026-08-11T19:03:52Z,2026-08-11T21:03:52+0200,d65ae107-0026-470c-8885-f57b4d7803f4,2026-07-30T06:30:00Z,2026-07-30T08:30:00+0200,535.11,EUR/MWh,DK2,DK_2,imbalance_price,Short,2026-08-11T19:14:45Z
2026-08-11T19:03:52Z,2026-08-11T21:03:52+0200,d65ae107-0026-470c-8885-f57b4d7803f4,2026-07-30T06:45:00Z,2026-07-30T08:45:00+0200,322.31,EUR/MWh,DK2,DK_2,imbalance_price,Long,2026-08-11T19:14:45Z
2026-08-11T19:03:52Z,2026-08-11T21:03:52+0200,d65ae107-0026-470c-8885-f57b4d7803f4,2026-07-30T06:45:00Z,2026-07-30T08:45:00+0200,322.31,EUR/MWh,DK2,DK_2,imbalance_price,Short,2026-08-11T19:14:45Z
2026-08-11T19:03:52Z,2026-08-11T21:03:52+0200,d65ae107-0026-470c-8885-f57b4d7803f4,2026-07-30T07:00:00Z,2026-07-30T09:00:00+0200,136.12,EUR/MWh,DK2,DK_2,imbalance_price,Long,2026-08-11T19:14:45Z
2026-08-11T19:03:52Z,2026-08-11T21:03:52+0200,d65ae107-0026-470c-8885-f57b4d7803f4,2026-07-30T07:00:00Z,2026-07-30T09:00:00+0200,136.12,EUR/MWh,DK2,DK_2,imbalance_price,Short,2026-08-11T19:14:45Z
2026-08-11T19:03:52Z,2026-08-11T21:03:52+0200,d65ae107-0026-470c-8885-f57b4d7803f4,2026-07-30T07:15:00Z,2026-07-30T09:15:00+0200,121.28,EUR/MWh,DK2,DK_2,imbalance_price,Long,2026-08-11T19:14:45Z
2026-08-11T19:03:52Z,2026-08-11T21:03:52+0200,d65ae107-0026-470c-8885-f57b4d7803f4,2026-07-30T07:15:00Z,2026-07-30T09:15:00+0200,121.28,EUR/MWh,DK2,DK_2,imbalance_price,Short,2026-08-11T19:14:45Z
2026-08-11T19:03:52Z,2026-08-11T21:03:52+0200,d65ae107-0026-470c-8885-f57b4d7803f4,2026-07-30T07:30:00Z,2026-07-30T09:30:00+0200,205.9,EUR/MWh,DK2,DK_2,imbalance_price,Long,2026-08-11T19:14:45Z
2026-08-11T19:03:52Z,2026-08-11T21:03:52+0200,d65ae107-0026-470c-8885-f57b4d7803f4,2026-07-30T07:30:00Z,2026-07-30T09:30:00+0200,205.9,EUR/MWh,DK2,DK_2,imbalance_price,Short,2026-08-11T19:14:45Z
2026-08-11T19:03:52Z,2026-08-11T21:03:52+0200,d65ae107-0026-470c-8885-f57b4d7803f4,2026-07-30T07:45:00Z,2026-07-30T09:45:00+0200,140.93,EUR/MWh,DK2,DK_2,imbalance_price,Long,2026-08-11T19:14:45Z
2026-08-11T19:03:52Z,2026-08-11T21:03:52+0200,d65ae107-0026-470c-8885-f57b4d7803f4,2026-07-30T07:45:00Z,2026-07-30T09:45:00+0200,140.93,EUR/MWh,DK2,DK_2,imbalance_price,Short,2026-08-11T19:14:45Z
2026-08-11T19:03:52Z,2026-08-11T21:03:52+0200,d65ae107-0026-470c-8885-f57b4d7803f4,2026-07-30T08:00:00Z,2026-07-30T10:00:00+0200,192.31,EUR/MWh,DK2,DK_2,imbalance_price,Long,2026-08-11T19:14:45Z
2026-08-11T19:03:52Z,2026-08-11T21:03:52+0200,d65ae107-0026-470c-8885-f57b4d7803f4,2026-07-30T08:00:00Z,2026-07-30T10:00:00+0200,192.31,EUR/MWh,DK2,DK_2,imbalance_price,Short,2026-08-11T19:14:45Z
2026-08-11T19:03:52Z,2026-08-11T21:03:52+0200,d65ae107-0026-470c-8885-f57b4d7803f4,2026-07-30T08:15:00Z,2026-07-30T10:15:00+0200,92.94,EUR/MWh,DK2,DK_2,imbalance_price,Long,2026-08-11T19:14:45Z
2026-08-11T19:03:52Z,2026-08-11T21:03:52+0200,d65ae107-0026-470c-8885-f57b4d7803f4,2026-07-30T08:15:00Z,2026-07-30T10:15:00+0200,92.94,EUR/MWh,DK2,DK_2,imbalance_price,Short,2026-08-11T19:14:45Z
2026-08-11T19:03:52Z,2026-08-11T21:03:52+0200,d65ae107-0026-470c-8885-f57b4d7803f4,2026-07-30T08:30:00Z,2026-07-30T10:30:00+0200,80.17,EUR/MWh,DK2,DK_2,imbalance_price,Long,2026-08-11T19:14:45Z
2026-08-11T19:03:52Z,2026-08-11T21:03:52+0200,d65ae107-0026-470c-8885-f57b4d7803f4,2026-07-30T08:30:00Z,2026-07-30T10:30:00+0200,80.17,EUR/MWh,DK2,DK_2,imbalance_price,Short,2026-08-11T19:14:45Z
2026-08-11T19:03:52Z,2026-08-11T21:03:52+0200,d65ae107-0026-470c-8885-f57b4d7803f4,2026-07-30T08:45:00Z,2026-07-30T10:45:00+0200,153.0,EUR/MWh,DK2,DK_2,imbalance_price,Long,2026-08-11T19:14:45Z
2026-08-11T19:03:52Z,2026-08-11T21:03:52+0200,d65ae107-0026-470c-8885-f57b4d7803f4,2026-07-30T08:45:00Z,2026-07-30T10:45:00+0200,153.0,EUR/MWh,DK2,DK_2,imbalance_price,Short,2026-08-11T19:14:45Z
2026-08-11T19:03:52Z,2026-08-11T21:03:52+0200,d65ae107-0026-470c-8885-f57b4d7803f4,2026-07-30T09:00:00Z,2026-07-30T11:00:00+0200,116.78,EUR/MWh,DK2,DK_2,imbalance_price,Long,2026-08-11T19:14:45Z
2026-08-11T19:03:52Z,2026-08-11T21:03:52+0200,d65ae107-0026-470c-8885-f57b4d7803f4,2026-07-30T09:00:00Z,2026-07-30T11:00:00+0200,116.78,EUR/MWh,DK2,DK_2,imbalance_price,Short,2026-08-11T19:14:45Z
2026-08-11T19:03:52Z,2026-08-11T21:03:52+0200,d65ae107-0026-470c-8885-f57b4d7803f4,2026-07-30T09:15:00Z,2026-07-30T11:15:00+0200,27.01,EUR/MWh,DK2,DK_2,imbalance_price,Long,2026-08-11T19:14:45Z
2026-08-11T19:03:52Z,2026-08-11T21:03:52+0200,d65ae107-0026-470c-8885-f57b4d7803f4,2026-07-30T09:15:00Z,2026-07-30T11:15:00+0200,27.01,EUR/MWh,DK2,DK_2,imbalance_price,Short,2026-08-11T19:14:45Z
2026-08-11T19:03:52Z,2026-08-11T21:03:52+0200,d65ae107-0026-470c-8885-f57b4d7803f4,2026-07-30T09:30:00Z,2026-07-30T11:30:00+0200,19.26,EUR/MWh,DK2,DK_2,imbalance_price,Long,2026-08-11T19:14:45Z
2026-08-11T19:03:52Z,2026-08-11T21:03:52+0200,d65ae107-0026-470c-8885-f57b4d7803f4,2026-07-30T09:30:00Z,2026-07-30T11:30:00+0200,19.26,EUR/MWh,DK2,DK_2,imbalance_price,Short,2026-08-11T19:14:45Z
2026-08-11T19:03:52Z,2026-08-11T21:03:52+0200,d65ae107-0026-470c-8885-f57b4d7803f4,2026-07-30T09:45:00Z,2026-07-30T11:45:00+0200,12.08,EUR/MWh,DK2,DK_2,imbalance_price,Long,2026-08-11T19:14:45Z
2026-08-11T19:03:52Z,2026-08-11T21:03:52+0200,d65ae107-0026-470c-8885-f57b4d7803f4,2026-07-30T09:45:00Z,2026-07-30T11:45:00+0200,12.08,EUR/MWh,DK2,DK_2,imbalance_price,Short,2026-08-11T19:14:45Z
2026-08-11T19:03:52Z,2026-08-11T21:03:52+0200,d65ae107-0026-470c-8885-f57b4d7803f4,2026-07-30T10:00:00Z,2026-07-30T12:00:00+0200,8.2,EUR/MWh,DK2,DK_2,imbalance_price,Long,2026-08-11T19:14:45Z
2026-08-11T19:03:52Z,2026-08-11T21:03:52+0200,d65ae107-0026-470c-8885-f57b4d7803f4,2026-07-30T10:00:00Z,2026-07-30T12:00:00+0200,8.2,EUR/MWh,DK2,DK_2,imbalance_price,Short,2026-08-11T19:14:45Z
2026-08-11T19:03:52Z,2026-08-11T21:03:52+0200,d65ae107-0026-470c-8885-f57b4d7803f4,2026-07-30T10:15:00Z,2026-07-30T12:15:00+0200,53.76,EUR/MWh,DK2,DK_2,imbalance_price,Long,2026-08-11T19:14:45Z
2026-08-11T19:03:52Z,2026-08-11T21:03:52+0200,d65ae107-0026-470c-8885-f57b4d7803f4,2026-07-30T10:15:00Z,2026-07-30T12:15:00+0200,53.76,EUR/MWh,DK2,DK_2,imbalance_price,Short,2026-08-11T19:14:45Z
2026-08-11T19:03:52Z,2026-08-11T21:03:52+0200,d65ae107-0026-470c-8885-f57b4d7803f4,2026-07-30T10:30:00Z,2026-07-30T12:30:00+0200,4.99,EUR/MWh,DK2,DK_2,imbalance_price,Long,2026-08-11T19:14:45Z
2026-08-11T19:03:52Z,2026-08-11T21:03:52+0200,d65ae107-0026-470c-8885-f57b4d7803f4,2026-07-30T10:30:00Z,2026-07-30T12:30:00+0200,4.99,EUR/MWh,DK2,DK_2,imbalance_price,Short,2026-08-11T19:14:45Z
2026-08-11T19:03:52Z,2026-08-11T21:03:52+0200,d65ae107-0026-470c-8885-f57b4d7803f4,2026-07-30T10:45:00Z,2026-07-30T12:45:00+0200,4.84,EUR/MWh,DK2,DK_2,imbalance_price,Long,2026-08-11T19:14:45Z
2026-08-11T19:03:52Z,2026-08-11T21:03:52+0200,d65ae107-0026-470c-8885-f57b4d7803f4,2026-07-30T10:45:00Z,2026-07-30T12:45:00+0200,4.84,EUR/MWh,DK2,DK_2,imbalance_price,Short,2026-08-11T19:14:45Z
2026-08-11T19:03:52Z,2026-08-11T21:03:52+0200,d65ae107-0026-470c-8885-f57b4d7803f4,2026-07-30T11:00:00Z,2026-07-30T13:00:00+0200,0.0,EUR/MWh,DK2,DK_2,imbalance_price,Long,2026-08-11T19:14:45Z
2026-08-11T19:03:52Z,2026-08-11T21:03:52+0200,d65ae107-0026-470c-8885-f57b4d7803f4,2026-07-30T11:00:00Z,2026-07-30T13:00:00+0200,0.0,EUR/MWh,DK2,DK_2,imbalance_price,Short,2026-08-11T19:14:45Z
2026-08-11T19:03:52Z,2026-08-11T21:03:52+0200,d65ae107-0026-470c-8885-f57b4d7803f4,2026-07-30T11:15:00Z,2026-07-30T13:15:00+0200,4.83,EUR/MWh,DK2,DK_2,imbalance_price,Long,2026-08-11T19:14:45Z
2026-08-11T19:03:52Z,2026-08-11T21:03:52+0200,d65ae107-0026-470c-8885-f57b4d7803f4,2026-07-30T11:15:00Z,2026-07-30T13:15:00+0200,4.83,EUR/MWh,DK2,DK_2,imbalance_price,Short,2026-08-11T19:14:45Z
2026-08-11T19:03:52Z,2026-08-11T21:03:52+0200,d65ae107-0026-470c-8885-f57b4d7803f4,2026-07-30T11:30:00Z,2026-07-30T13:30:00+0200,4.67,EUR/MWh,DK2,DK_2,imbalance_price,Long,2026-08-11T19:14:45Z
2026-08-11T19:03:52Z,2026-08-11T21:03:52+0200,d65ae107-0026-470c-8885-f57b4d7803f4,2026-07-30T11:30:00Z,2026-07-30T13:30:00+0200,4.67,EUR/MWh,DK2,DK_2,imbalance_price,Short,2026-08-11T19:14:45Z
2026-08-11T19:03:52Z,2026-08-11T21:03:52+0200,d65ae107-0026-470c-8885-f57b4d7803f4,2026-07-30T11:45:00Z,2026-07-30T13:45:00+0200,5.2,EUR/MWh,DK2,DK_2,imbalance_price,Long,2026-08-11T19:14:45Z
2026-08-11T19:03:52Z,2026-08-11T21:03:52+0200,d65ae107-0026-470c-8885-f57b4d7803f4,2026-07-30T11:45:00Z,2026-07-30T13:45:00+0200,5.2,EUR/MWh,DK2,DK_2,imbalance_price,Short,2026-08-11T19:14:45Z
2026-08-11T19:03:52Z,2026-08-11T21:03:52+0200,d65ae107-0026-470c-8885-f57b4d7803f4,2026-07-30T12:00:00Z,2026-07-30T14:00:00+0200,4.74,EUR/MWh,DK2,DK_2,imbalance_price,Long,2026-08-11T19:14:45Z
2026-08-11T19:03:52Z,2026-08-11T21:03:52+0200,d65ae107-0026-470c-8885-f57b4d7803f4,2026-07-30T12:00:00Z,2026-07-30T14:00:00+0200,4.74,EUR/MWh,DK2,DK_2,imbalance_price,Short,2026-08-11T19:14:45Z
2026-08-11T19:03:52Z,2026-08-11T21:03:52+0200,d65ae107-0026-470c-8885-f57b4d7803f4,2026-07-30T12:15:00Z,2026-07-30T14:15:00+0200,6.81,EUR/MWh,DK2,DK_2,imbalance_price,Long,2026-08-11T19:14:45Z
2026-08-11T19:03:52Z,2026-08-11T21:03:52+0200,d65ae107-0026-470c-8885-f57b4d7803f4,2026-07-30T12:15:00Z,2026-07-30T14:15:00+0200,6.81,EUR/MWh,DK2,DK_2,imbalance_price,Short,2026-08-11T19:14:45Z
2026-08-11T19:03:52Z,2026-08-11T21:03:52+0200,d65ae107-0026-470c-8885-f57b4d7803f4,2026-07-30T12:30:00Z,2026-07-30T14:30:00+0200,4.13,EUR/MWh,DK2,DK_2,imbalance_price,Long,2026-08-11T19:14:45Z
2026-08-11T19:03:52Z,2026-08-11T21:03:52+0200,d65ae107-0026-470c-8885-f57b4d7803f4,2026-07-30T12:30:00Z,2026-07-30T14:30:00+0200,4.13,EUR/MWh,DK2,DK_2,imbalance_price,Short,2026-08-11T19:14:45Z
2026-08-11T19:03:52Z,2026-08-11T21:03:52+0200,d65ae107-0026-470c-8885-f57b4d7803f4,2026-07-30T12:45:00Z,2026-07-30T14:45:00+0200,-2.0,EUR/MWh,DK2,DK_2,imbalance_price,Long,2026-08-11T19:14:45Z
2026-08-11T19:03:52Z,2026-08-11T21:03:52+0200,d65ae107-0026-470c-8885-f57b4d7803f4,2026-07-30T12:45:00Z,2026-07-30T14:45:00+0200,-2.0,EUR/MWh,DK2,DK_2,imbalance_price,Short,2026-08-11T19:14:45Z
2026-08-11T19:03:52Z,2026-08-11T21:03:52+0200,d65ae107-0026-470c-8885-f57b4d7803f4,2026-07-30T13:00:00Z,2026-07-30T15:00:00+0200,100.0,EUR/MWh,DK2,DK_2,imbalance_price,Long,2026-08-11T19:14:45Z
2026-08-11T19:03:52Z,2026-08-11T21:03:52+0200,d65ae107-0026-470c-8885-f57b4d7803f4,2026-07-30T13:00:00Z,2026-07-30T15:00:00+0200,100.0,EUR/MWh,DK2,DK_2,imbalance_price,Short,2026-08-11T19:14:45Z
2026-08-11T19:03:52Z,2026-08-11T21:03:52+0200,d65ae107-0026-470c-8885-f57b4d7803f4,2026-07-30T13:15:00Z,2026-07-30T15:15:00+0200,129.4,EUR/MWh,DK2,DK_2,imbalance_price,Long,2026-08-11T19:14:45Z
2026-08-11T19:03:52Z,2026-08-11T21:03:52+0200,d65ae107-0026-470c-8885-f57b4d7803f4,2026-07-30T13:15:00Z,2026-07-30T15:15:00+0200,129.4,EUR/MWh,DK2,DK_2,imbalance_price,Short,2026-08-11T19:14:45Z
2026-08-11T19:03:52Z,2026-08-11T21:03:52+0200,d65ae107-0026-470c-8885-f57b4d7803f4,2026-07-30T13:30:00Z,2026-07-30T15:30:00+0200,72.65,EUR/MWh,DK2,DK_2,imbalance_price,Long,2026-08-11T19:14:45Z
2026-08-11T19:03:52Z,2026-08-11T21:03:52+0200,d65ae107-0026-470c-8885-f57b4d7803f4,2026-07-30T13:30:00Z,2026-07-30T15:30:00+0200,72.65,EUR/MWh,DK2,DK_2,imbalance_price,Short,2026-08-11T19:14:45Z
2026-08-11T19:03:52Z,2026-08-11T21:03:52+0200,d65ae107-0026-470c-8885-f57b4d7803f4,2026-07-30T13:45:00Z,2026-07-30T15:45:00+0200,87.1,EUR/MWh,DK2,DK_2,imbalance_price,Long,2026-08-11T19:14:45Z
2026-08-11T19:03:52Z,2026-08-11T21:03:52+0200,d65ae107-0026-470c-8885-f57b4d7803f4,2026-07-30T13:45:00Z,2026-07-30T15:45:00+0200,87.1,EUR/MWh,DK2,DK_2,imbalance_price,Short,2026-08-11T19:14:45Z
2026-08-11T19:03:52Z,2026-08-11T21:03:52+0200,d65ae107-0026-470c-8885-f57b4d7803f4,2026-07-30T14:00:00Z,2026-07-30T16:00:00+0200,75.01,EUR/MWh,DK2,DK_2,imbalance_price,Long,2026-08-11T19:14:45Z
2026-08-11T19:03:52Z,2026-08-11T21:03:52+0200,d65ae107-0026-470c-8885-f57b4d7803f4,2026-07-30T14:00:00Z,2026-07-30T16:00:00+0200,75.01,EUR/MWh,DK2,DK_2,imbalance_price,Short,2026-08-11T19:14:45Z
2026-08-11T19:03:52Z,2026-08-11T21:03:52+0200,d65ae107-0026-470c-8885-f57b4d7803f4,2026-07-30T14:15:00Z,2026-07-30T16:15:00+0200,11.12,EUR/MWh,DK2,DK_2,imbalance_price,Long,2026-08-11T19:14:45Z
2026-08-11T19:03:52Z,2026-08-11T21:03:52+0200,d65ae107-0026-470c-8885-f57b4d7803f4,2026-07-30T14:15:00Z,2026-07-30T16:15:00+0200,11.12,EUR/MWh,DK2,DK_2,imbalance_price,Short,2026-08-11T19:14:45Z
2026-08-11T19:03:52Z,2026-08-11T21:03:52+0200,d65ae107-0026-470c-8885-f57b4d7803f4,2026-07-30T14:30:00Z,2026-07-30T16:30:00+0200,334.5,EUR/MWh,DK2,DK_2,imbalance_price,Long,2026-08-11T19:14:45Z
2026-08-11T19:03:52Z,2026-08-11T21:03:52+0200,d65ae107-0026-470c-8885-f57b4d7803f4,2026-07-30T14:30:00Z,2026-07-30T16:30:00+0200,334.5,EUR/MWh,DK2,DK_2,imbalance_price,Short,2026-08-11T19:14:45Z
2026-08-11T19:03:52Z,2026-08-11T21:03:52+0200,d65ae107-0026-470c-8885-f57b4d7803f4,2026-07-30T14:45:00Z,2026-07-30T16:45:00+0200,126.2,EUR/MWh,DK2,DK_2,imbalance_price,Long,2026-08-11T19:14:45Z
2026-08-11T19:03:52Z,2026-08-11T21:03:52+0200,d65ae107-0026-470c-8885-f57b4d7803f4,2026-07-30T14:45:00Z,2026-07-30T16:45:00+0200,126.2,EUR/MWh,DK2,DK_2,imbalance_price,Short,2026-08-11T19:14:45Z
2026-08-11T19:03:52Z,2026-08-11T21:03:52+0200,d65ae107-0026-470c-8885-f57b4d7803f4,2026-07-30T15:00:00Z,2026-07-30T17:00:00+0200,108.25,EUR/MWh,DK2,DK_2,imbalance_price,Long,2026-08-11T19:14:45Z
2026-08-11T19:03:52Z,2026-08-11T21:03:52+0200,d65ae107-0026-470c-8885-f57b4d7803f4,2026-07-30T15:00:00Z,2026-07-30T17:00:00+0200,108.25,EUR/MWh,DK2,DK_2,imbalance_price,Short,2026-08-11T19:14:45Z
2026-08-11T19:03:52Z,2026-08-11T21:03:52+0200,d65ae107-0026-470c-8885-f57b4d7803f4,2026-07-30T15:15:00Z,2026-07-30T17:15:00+0200,468.09,EUR/MWh,DK2,DK_2,imbalance_price,Long,2026-08-11T19:14:45Z
2026-08-11T19:03:52Z,2026-08-11T21:03:52+0200,d65ae107-0026-470c-8885-f57b4d7803f4,2026-07-30T15:15:00Z,2026-07-30T17:15:00+0200,468.09,EUR/MWh,DK2,DK_2,imbalance_price,Short,2026-08-11T19:14:45Z
2026-08-11T19:03:52Z,2026-08-11T21:03:52+0200,d65ae107-0026-470c-8885-f57b4d7803f4,2026-07-30T15:30:00Z,2026-07-30T17:30:00+0200,334.45,EUR/MWh,DK2,DK_2,imbalance_price,Long,2026-08-11T19:14:45Z
2026-08-11T19:03:52Z,2026-08-11T21:03:52+0200,d65ae107-0026-470c-8885-f57b4d7803f4,2026-07-30T15:30:00Z,2026-07-30T17:30:00+0200,334.45,EUR/MWh,DK2,DK_2,imbalance_price,Short,2026-08-11T19:14:45Z
2026-08-11T19:03:52Z,2026-08-11T21:03:52+0200,d65ae107-0026-470c-8885-f57b4d7803f4,2026-07-30T15:45:00Z,2026-07-30T17:45:00+0200,260.75,EUR/MWh,DK2,DK_2,imbalance_price,Long,2026-08-11T19:14:45Z
2026-08-11T19:03:52Z,2026-08-11T21:03:52+0200,d65ae107-0026-470c-8885-f57b4d7803f4,2026-07-30T15:45:00Z,2026-07-30T17:45:00+0200,260.75,EUR/MWh,DK2,DK_2,imbalance_price,Short,2026-08-11T19:14:45Z
2026-08-11T19:03:52Z,2026-08-11T21:03:52+0200,d65ae107-0026-470c-8885-f57b4d7803f4,2026-07-30T16:00:00Z,2026-07-30T18:00:00+0200,694.52,EUR/MWh,DK2,DK_2,imbalance_price,Long,2026-08-11T19:14:45Z
2026-08-11T19:03:52Z,2026-08-11T21:03:52+0200,d65ae107-0026-470c-8885-f57b4d7803f4,2026-07-30T16:00:00Z,2026-07-30T18:00:00+0200,694.52,EUR/MWh,DK2,DK_2,imbalance_price,Short,2026-08-11T19:14:45Z
2026-08-11T19:03:52Z,2026-08-11T21:03:52+0200,d65ae107-0026-470c-8885-f57b4d7803f4,2026-07-30T16:15:00Z,2026-07-30T18:15:00+0200,732.55,EUR/MWh,DK2,DK_2,imbalance_price,Long,2026-08-11T19:14:45Z
2026-08-11T19:03:52Z,2026-08-11T21:03:52+0200,d65ae107-0026-470c-8885-f57b4d7803f4,2026-07-30T16:15:00Z,2026-07-30T18:15:00+0200,732.55,EUR/MWh,DK2,DK_2,imbalance_price,Short,2026-08-11T19:14:45Z
2026-08-11T19:03:52Z,2026-08-11T21:03:52+0200,d65ae107-0026-470c-8885-f57b4d7803f4,2026-07-30T16:30:00Z,2026-07-30T18:30:00+0200,265.62,EUR/MWh,DK2,DK_2,imbalance_price,Long,2026-08-11T19:14:45Z
2026-08-11T19:03:52Z,2026-08-11T21:03:52+0200,d65ae107-0026-470c-8885-f57b4d7803f4,2026-07-30T16:30:00Z,2026-07-30T18:30:00+0200,265.62,EUR/MWh,DK2,DK_2,imbalance_price,Short,2026-08-11T19:14:45Z
2026-08-11T19:03:52Z,2026-08-11T21:03:52+0200,d65ae107-0026-470c-8885-f57b4d7803f4,2026-07-30T16:45:00Z,2026-07-30T18:45:00+0200,265.1,EUR/MWh,DK2,DK_2,imbalance_price,Long,2026-08-11T19:14:45Z
2026-08-11T19:03:52Z,2026-08-11T21:03:52+0200,d65ae107-0026-470c-8885-f57b4d7803f4,2026-07-30T16:45:00Z,2026-07-30T18:45:00+0200,265.1,EUR/MWh,DK2,DK_2,imbalance_price,Short,2026-08-11T19:14:45Z
2026-08-11T19:03:52Z,2026-08-11T21:03:52+0200,d65ae107-0026-470c-8885-f57b4d7803f4,2026-07-30T17:00:00Z,2026-07-30T19:00:00+0200,210.86,EUR/MWh,DK2,DK_2,imbalance_price,Long,2026-08-11T19:14:45Z
2026-08-11T19:03:52Z,2026-08-11T21:03:52+0200,d65ae107-0026-470c-8885-f57b4d7803f4,2026-07-30T17:00:00Z,2026-07-30T19:00:00+0200,210.86,EUR/MWh,DK2,DK_2,imbalance_price,Short,2026-08-11T19:14:45Z
2026-08-11T19:03:52Z,2026-08-11T21:03:52+0200,d65ae107-0026-470c-8885-f57b4d7803f4,2026-07-30T17:15:00Z,2026-07-30T19:15:00+0200,35.9,EUR/MWh,DK2,DK_2,imbalance_price,Long,2026-08-11T19:14:45Z
2026-08-11T19:03:52Z,2026-08-11T21:03:52+0200,d65ae107-0026-470c-8885-f57b4d7803f4,2026-07-30T17:15:00Z,2026-07-30T19:15:00+0200,35.9,EUR/MWh,DK2,DK_2,imbalance_price,Short,2026-08-11T19:14:45Z
2026-08-11T19:03:52Z,2026-08-11T21:03:52+0200,d65ae107-0026-470c-8885-f57b4d7803f4,2026-07-30T17:30:00Z,2026-07-30T19:30:00+0200,76.58,EUR/MWh,DK2,DK_2,imbalance_price,Long,2026-08-11T19:14:45Z
2026-08-11T19:03:52Z,2026-08-11T21:03:52+0200,d65ae107-0026-470c-8885-f57b4d7803f4,2026-07-30T17:30:00Z,2026-07-30T19:30:00+0200,76.58,EUR/MWh,DK2,DK_2,imbalance_price,Short,2026-08-11T19:14:45Z
2026-08-11T19:03:52Z,2026-08-11T21:03:52+0200,d65ae107-0026-470c-8885-f57b4d7803f4,2026-07-30T17:45:00Z,2026-07-30T19:45:00+0200,15.7,EUR/MWh,DK2,DK_2,imbalance_price,Long,2026-08-11T19:14:45Z
2026-08-11T19:03:52Z,2026-08-11T21:03:52+0200,d65ae107-0026-470c-8885-f57b4d7803f4,2026-07-30T17:45:00Z,2026-07-30T19:45:00+0200,15.7,EUR/MWh,DK2,DK_2,imbalance_price,Short,2026-08-11T19:14:45Z
2026-08-11T19:03:52Z,2026-08-11T21:03:52+0200,d65ae107-0026-470c-8885-f57b4d7803f4,2026-07-30T18:00:00Z,2026-07-30T20:00:00+0200,2.23,EUR/MWh,DK2,DK_2,imbalance_price,Long,2026-08-11T19:14:45Z
2026-08-11T19:03:52Z,2026-08-11T21:03:52+0200,d65ae107-0026-470c-8885-f57b4d7803f4,2026-07-30T18:00:00Z,2026-07-30T20:00:00+0200,2.23,EUR/MWh,DK2,DK_2,imbalance_price,Short,2026-08-11T19:14:45Z
2026-08-11T19:03:52Z,2026-08-11T21:03:52+0200,d65ae107-0026-470c-8885-f57b4d7803f4,2026-07-30T18:15:00Z,2026-07-30T20:15:00+0200,452.44,EUR/MWh,DK2,DK_2,imbalance_price,Long,2026-08-11T19:14:45Z
2026-08-11T19:03:52Z,2026-08-11T21:03:52+0200,d65ae107-0026-470c-8885-f57b4d7803f4,2026-07-30T18:15:00Z,2026-07-30T20:15:00+0200,452.44,EUR/MWh,DK2,DK_2,imbalance_price,Short,2026-08-11T19:14:45Z
2026-08-11T19:03:52Z,2026-08-11T21:03:52+0200,d65ae107-0026-470c-8885-f57b4d7803f4,2026-07-30T18:30:00Z,2026-07-30T20:30:00+0200,-26.52,EUR/MWh,DK2,DK_2,imbalance_price,Long,2026-08-11T19:14:45Z
2026-08-11T19:03:52Z,2026-08-11T21:03:52+0200,d65ae107-0026-470c-8885-f57b4d7803f4,2026-07-30T18:30:00Z,2026-07-30T20:30:00+0200,-26.52,EUR/MWh,DK2,DK_2,imbalance_price,Short,2026-08-11T19:14:45Z
2026-08-11T19:03:52Z,2026-08-11T21:03:52+0200,d65ae107-0026-470c-8885-f57b4d7803f4,2026-07-30T18:45:00Z,2026-07-30T20:45:00+0200,129.34,EUR/MWh,DK2,DK_2,imbalance_price,Long,2026-08-11T19:14:45Z
2026-08-11T19:03:52Z,2026-08-11T21:03:52+0200,d65ae107-0026-470c-8885-f57b4d7803f4,2026-07-30T18:45:00Z,2026-07-30T20:45:00+0200,129.34,EUR/MWh,DK2,DK_2,imbalance_price,Short,2026-08-11T19:14:45Z
2026-08-11T19:03:52Z,2026-08-11T21:03:52+0200,d65ae107-0026-470c-8885-f57b4d7803f4,2026-07-30T19:00:00Z,2026-07-30T21:00:00+0200,908.35,EUR/MWh,DK2,DK_2,imbalance_price,Long,2026-08-11T19:14:45Z
2026-08-11T19:03:52Z,2026-08-11T21:03:52+0200,d65ae107-0026-470c-8885-f57b4d7803f4,2026-07-30T19:00:00Z,2026-07-30T21:00:00+0200,908.35,EUR/MWh,DK2,DK_2,imbalance_price,Short,2026-08-11T19:14:45Z
2026-08-11T19:03:52Z,2026-08-11T21:03:52+0200,d65ae107-0026-470c-8885-f57b4d7803f4,2026-07-30T19:15:00Z,2026-07-30T21:15:00+0200,732.59,EUR/MWh,DK2,DK_2,imbalance_price,Long,2026-08-11T19:14:45Z
2026-08-11T19:03:52Z,2026-08-11T21:03:52+0200,d65ae107-0026-470c-8885-f57b4d7803f4,2026-07-30T19:15:00Z,2026-07-30T21:15:00+0200,732.59,EUR/MWh,DK2,DK_2,imbalance_price,Short,2026-08-11T19:14:45Z
2026-08-11T19:03:52Z,2026-08-11T21:03:52+0200,d65ae107-0026-470c-8885-f57b4d7803f4,2026-07-30T19:30:00Z,2026-07-30T21:30:00+0200,4321.03,EUR/MWh,DK2,DK_2,imbalance_price,Long,2026-08-11T19:14:45Z
2026-08-11T19:03:52Z,2026-08-11T21:03:52+0200,d65ae107-0026-470c-8885-f57b4d7803f4,2026-07-30T19:30:00Z,2026-07-30T21:30:00+0200,4321.03,EUR/MWh,DK2,DK_2,imbalance_price,Short,2026-08-11T19:14:45Z
2026-08-11T19:03:52Z,2026-08-11T21:03:52+0200,d65ae107-0026-470c-8885-f57b4d7803f4,2026-07-30T19:45:00Z,2026-07-30T21:45:00+0200,4321.03,EUR/MWh,DK2,DK_2,imbalance_price,Long,2026-08-11T19:14:45Z
2026-08-11T19:03:52Z,2026-08-11T21:03:52+0200,d65ae107-0026-470c-8885-f57b4d7803f4,2026-07-30T19:45:00Z,2026-07-30T21:45:00+0200,4321.03,EUR/MWh,DK2,DK_2,imbalance_price,Short,2026-08-11T19:14:45Z
2026-08-11T19:03:52Z,2026-08-11T21:03:52+0200,d65ae107-0026-470c-8885-f57b4d7803f4,2026-07-30T20:00:00Z,2026-07-30T22:00:00+0200,535.11,EUR/MWh,DK2,DK_2,imbalance_price,Long,2026-08-11T19:14:45Z
2026-08-11T19:03:52Z,2026-08-11T21:03:52+0200,d65ae107-0026-470c-8885-f57b4d7803f4,2026-07-30T20:00:00Z,2026-07-30T22:00:00+0200,535.11,EUR/MWh,DK2,DK_2,imbalance_price,Short,2026-08-11T19:14:45Z
2026-08-11T19:03:52Z,2026-08-11T21:03:52+0200,d65ae107-0026-470c-8885-f57b4d7803f4,2026-07-30T20:15:00Z,2026-07-30T22:15:00+0200,260.38,EUR/MWh,DK2,DK_2,imbalance_price,Long,2026-08-11T19:14:45Z
2026-08-11T19:03:52Z,2026-08-11T21:03:52+0200,d65ae107-0026-470c-8885-f57b4d7803f4,2026-07-30T20:15:00Z,2026-07-30T22:15:00+0200,260.38,EUR/MWh,DK2,DK_2,imbalance_price,Short,2026-08-11T19:14:45Z
2026-08-11T19:03:52Z,2026-08-11T21:03:52+0200,d65ae107-0026-470c-8885-f57b4d7803f4,2026-07-30T20:30:00Z,2026-07-30T22:30:00+0200,2.18,EUR/MWh,DK2,DK_2,imbalance_price,Long,2026-08-11T19:14:45Z
2026-08-11T19:03:52Z,2026-08-11T21:03:52+0200,d65ae107-0026-470c-8885-f57b4d7803f4,2026-07-30T20:30:00Z,2026-07-30T22:30:00+0200,2.18,EUR/MWh,DK2,DK_2,imbalance_price,Short,2026-08-11T19:14:45Z
2026-08-11T19:03:52Z,2026-08-11T21:03:52+0200,d65ae107-0026-470c-8885-f57b4d7803f4,2026-07-30T20:45:00Z,2026-07-30T22:45:00+0200,1.5,EUR/MWh,DK2,DK_2,imbalance_price,Long,2026-08-11T19:14:45Z
2026-08-11T19:03:52Z,2026-08-11T21:03:52+0200,d65ae107-0026-470c-8885-f57b4d7803f4,2026-07-30T20:45:00Z,2026-07-30T22:45:00+0200,1.5,EUR/MWh,DK2,DK_2,imbalance_price,Short,2026-08-11T19:14:45Z
2026-08-11T19:03:52Z,2026-08-11T21:03:52+0200,d65ae107-0026-470c-8885-f57b4d7803f4,2026-07-30T21:00:00Z,2026-07-30T23:00:00+0200,408.42,EUR/MWh,DK2,DK_2,imbalance_price,Long,2026-08-11T19:14:45Z
2026-08-11T19:03:52Z,2026-08-11T21:03:52+0200,d65ae107-0026-470c-8885-f57b4d7803f4,2026-07-30T21:00:00Z,2026-07-30T23:00:00+0200,408.42,EUR/MWh,DK2,DK_2,imbalance_price,Short,2026-08-11T19:14:45Z
2026-08-11T19:03:52Z,2026-08-11T21:03:52+0200,d65ae107-0026-470c-8885-f57b4d7803f4,2026-07-30T21:15:00Z,2026-07-30T23:15:00+0200,347.88,EUR/MWh,DK2,DK_2,imbalance_price,Long,2026-08-11T19:14:45Z
2026-08-11T19:03:52Z,2026-08-11T21:03:52+0200,d65ae107-0026-470c-8885-f57b4d7803f4,2026-07-30T21:15:00Z,2026-07-30T23:15:00+0200,347.88,EUR/MWh,DK2,DK_2,imbalance_price,Short,2026-08-11T19:14:45Z
2026-08-11T19:03:52Z,2026-08-11T21:03:52+0200,d65ae107-0026-470c-8885-f57b4d7803f4,2026-07-30T21:30:00Z,2026-07-30T23:30:00+0200,771.64,EUR/MWh,DK2,DK_2,imbalance_price,Long,2026-08-11T19:14:45Z
2026-08-11T19:03:52Z,2026-08-11T21:03:52+0200,d65ae107-0026-470c-8885-f57b4d7803f4,2026-07-30T21:30:00Z,2026-07-30T23:30:00+0200,771.64,EUR/MWh,DK2,DK_2,imbalance_price,Short,2026-08-11T19:14:45Z
2026-08-11T19:03:52Z,2026-08-11T21:03:52+0200,d65ae107-0026-470c-8885-f57b4d7803f4,2026-07-30T21:45:00Z,2026-07-30T23:45:00+0200,159.6,EUR/MWh,DK2,DK_2,imbalance_price,Long,2026-08-11T19:14:45Z
2026-08-11T19:03:52Z,2026-08-11T21:03:52+0200,d65ae107-0026-470c-8885-f57b4d7803f4,2026-07-30T21:45:00Z,2026-07-30T23:45:00+0200,159.6,EUR/MWh,DK2,DK_2,imbalance_price,Short,2026-08-11T19:14:45Z
2026-08-11T19:03:52Z,2026-08-11T21:03:52+0200,d65ae107-0026-470c-8885-f57b4d7803f4,2026-07-30T22:00:00Z,2026-07-31T00:00:00+0200,76.44,EUR/MWh,DK2,DK_2,imbalance_price,Long,2026-08-11T19:14:45Z
2026-08-11T19:03:52Z,2026-08-11T21:03:52+0200,d65ae107-0026-470c-8885-f57b4d7803f4,2026-07-30T22:00:00Z,2026-07-31T00:00:00+0200,76.44,EUR/MWh,DK2,DK_2,imbalance_price,Short,2026-08-11T19:14:45Z
2026-08-11T19:03:52Z,2026-08-11T21:03:52+0200,d65ae107-0026-470c-8885-f57b4d7803f4,2026-07-30T22:15:00Z,2026-07-31T00:15:00+0200,118.16,EUR/MWh,DK2,DK_2,imbalance_price,Long,2026-08-11T19:14:45Z
2026-08-11T19:03:52Z,2026-08-11T21:03:52+0200,d65ae107-0026-470c-8885-f57b4d7803f4,2026-07-30T22:15:00Z,2026-07-31T00:15:00+0200,118.16,EUR/MWh,DK2,DK_2,imbalance_price,Short,2026-08-11T19:14:45Z
2026-08-11T19:03:52Z,2026-08-11T21:03:52+0200,d65ae107-0026-470c-8885-f57b4d7803f4,2026-07-30T22:30:00Z,2026-07-31T00:30:00+0200,11.4,EUR/MWh,DK2,DK_2,imbalance_price,Long,2026-08-11T19:14:45Z
2026-08-11T19:03:52Z,2026-08-11T21:03:52+0200,d65ae107-0026-470c-8885-f57b4d7803f4,2026-07-30T22:30:00Z,2026-07-31T00:30:00+0200,11.4,EUR/MWh,DK2,DK_2,imbalance_price,Short,2026-08-11T19:14:45Z
2026-08-11T19:03:52Z,2026-08-11T21:03:52+0200,d65ae107-0026-470c-8885-f57b4d7803f4,2026-07-30T22:45:00Z,2026-07-31T00:45:00+0200,160.84,EUR/MWh,DK2,DK_2,imbalance_price,Long,2026-08-11T19:14:45Z
2026-08-11T19:03:52Z,2026-08-11T21:03:52+0200,d65ae107-0026-470c-8885-f57b4d7803f4,2026-07-30T22:45:00Z,2026-07-31T00:45:00+0200,160.84,EUR/MWh,DK2,DK_2,imbalance_price,Short,2026-08-11T19:14:45Z
2026-08-11T19:03:52Z,2026-08-11T21:03:52+0200,d65ae107-0026-470c-8885-f57b4d7803f4,2026-07-30T23:00:00Z,2026-07-31T01:00:00+0200,6.99,EUR/MWh,DK2,DK_2,imbalance_price,Long,2026-08-11T19:14:45Z
2026-08-11T19:03:52Z,2026-08-11T21:03:52+0200,d65ae107-0026-470c-8885-f57b4d7803f4,2026-07-30T23:00:00Z,2026-07-31T01:00:00+0200,6.99,EUR/MWh,DK2,DK_2,imbalance_price,Short,2026-08-11T19:14:45Z
2026-08-11T19:03:52Z,2026-08-11T21:03:52+0200,d65ae107-0026-470c-8885-f57b4d7803f4,2026-07-30T23:15:00Z,2026-07-31T01:15:00+0200,44.7,EUR/MWh,DK2,DK_2,imbalance_price,Long,2026-08-11T19:14:45Z
2026-08-11T19:03:52Z,2026-08-11T21:03:52+0200,d65ae107-0026-470c-8885-f57b4d7803f4,2026-07-30T23:15:00Z,2026-07-31T01:15:00+0200,44.7,EUR/MWh,DK2,DK_2,imbalance_price,Short,2026-08-11T19:14:45Z
2026-08-11T19:03:52Z,2026-08-11T21:03:52+0200,d65ae107-0026-470c-8885-f57b4d7803f4,2026-07-30T23:30:00Z,2026-07-31T01:30:00+0200,9.57,EUR/MWh,DK2,DK_2,imbalance_price,Long,2026-08-11T19:14:45Z
2026-08-11T19:03:52Z,2026-08-11T21:03:52+0200,d65ae107-0026-470c-8885-f57b4d7803f4,2026-07-30T23:30:00Z,2026-07-31T01:30:00+0200,9.57,EUR/MWh,DK2,DK_2,imbalance_price,Short,2026-08-11T19:14:45Z
2026-08-11T19:03:52Z,2026-08-11T21:03:52+0200,d65ae107-0026-470c-8885-f57b4d7803f4,2026-07-30T23:45:00Z,2026-07-31T01:45:00+0200,40.05,EUR/MWh,DK2,DK_2,imbalance_price,Long,2026-08-11T19:14:45Z
2026-08-11T19:03:52Z,2026-08-11T21:03:52+0200,d65ae107-0026-470c-8885-f57b4d7803f4,2026-07-30T23:45:00Z,2026-07-31T01:45:00+0200,40.05,EUR/MWh,DK2,DK_2,imbalance_price,Short,2026-08-11T19:14:45Z
2026-08-11T19:03:52Z,2026-08-11T21:03:52+0200,d65ae107-0026-470c-8885-f57b4d7803f4,2026-07-31T00:00:00Z,2026-07-31T02:00:00+0200,118.16,EUR/MWh,DK2,DK_2,imbalance_price,Long,2026-08-11T19:14:45Z
2026-08-11T19:03:52Z,2026-08-11T21:03:52+0200,d65ae107-0026-470c-8885-f57b4d7803f4,2026-07-31T00:00:00Z,2026-07-31T02:00:00+0200,118.16,EUR/MWh,DK2,DK_2,imbalance_price,Short,2026-08-11T19:14:45Z
2026-08-11T19:03:52Z,2026-08-11T21:03:52+0200,d65ae107-0026-470c-8885-f57b4d7803f4,2026-07-31T00:15:00Z,2026-07-31T02:15:00+0200,122.75,EUR/MWh,DK2,DK_2,imbalance_price,Long,2026-08-11T19:14:45Z
2026-08-11T19:03:52Z,2026-08-11T21:03:52+0200,d65ae107-0026-470c-8885-f57b4d7803f4,2026-07-31T00:15:00Z,2026-07-31T02:15:00+0200,122.75,EUR/MWh,DK2,DK_2,imbalance_price,Short,2026-08-11T19:14:45Z
2026-08-11T19:03:52Z,2026-08-11T21:03:52+0200,d65ae107-0026-470c-8885-f57b4d7803f4,2026-07-31T00:30:00Z,2026-07-31T02:30:00+0200,106.97,EUR/MWh,DK2,DK_2,imbalance_price,Long,2026-08-11T19:14:45Z
2026-08-11T19:03:52Z,2026-08-11T21:03:52+0200,d65ae107-0026-470c-8885-f57b4d7803f4,2026-07-31T00:30:00Z,2026-07-31T02:30:00+0200,106.97,EUR/MWh,DK2,DK_2,imbalance_price,Short,2026-08-11T19:14:45Z
2026-08-11T19:03:52Z,2026-08-11T21:03:52+0200,d65ae107-0026-470c-8885-f57b4d7803f4,2026-07-31T00:45:00Z,2026-07-31T02:45:00+0200,119.48,EUR/MWh,DK2,DK_2,imbalance_price,Long,2026-08-11T19:14:45Z
2026-08-11T19:03:52Z,2026-08-11T21:03:52+0200,d65ae107-0026-470c-8885-f57b4d7803f4,2026-07-31T00:45:00Z,2026-07-31T02:45:00+0200,119.48,EUR/MWh,DK2,DK_2,imbalance_price,Short,2026-08-11T19:14:45Z
2026-08-11T19:03:52Z,2026-08-11T21:03:52+0200,d65ae107-0026-470c-8885-f57b4d7803f4,2026-07-31T01:00:00Z,2026-07-31T03:00:00+0200,73.63,EUR/MWh,DK2,DK_2,imbalance_price,Long,2026-08-11T19:14:45Z
2026-08-11T19:03:52Z,2026-08-11T21:03:52+0200,d65ae107-0026-470c-8885-f57b4d7803f4,2026-07-31T01:00:00Z,2026-07-31T03:00:00+0200,73.63,EUR/MWh,DK2,DK_2,imbalance_price,Short,2026-08-11T19:14:45Z
2026-08-11T19:03:52Z,2026-08-11T21:03:52+0200,d65ae107-0026-470c-8885-f57b4d7803f4,2026-07-31T01:15:00Z,2026-07-31T03:15:00+0200,154.58,EUR/MWh,DK2,DK_2,imbalance_price,Long,2026-08-11T19:14:45Z
2026-08-11T19:03:52Z,2026-08-11T21:03:52+0200,d65ae107-0026-470c-8885-f57b4d7803f4,2026-07-31T01:15:00Z,2026-07-31T03:15:00+0200,154.58,EUR/MWh,DK2,DK_2,imbalance_price,Short,2026-08-11T19:14:45Z
2026-08-11T19:03:52Z,2026-08-11T21:03:52+0200,d65ae107-0026-470c-8885-f57b4d7803f4,2026-07-31T01:30:00Z,2026-07-31T03:30:00+0200,153.92,EUR/MWh,DK2,DK_2,imbalance_price,Long,2026-08-11T19:14:45Z
2026-08-11T19:03:52Z,2026-08-11T21:03:52+0200,d65ae107-0026-470c-8885-f57b4d7803f4,2026-07-31T01:30:00Z,2026-07-31T03:30:00+0200,153.92,EUR/MWh,DK2,DK_2,imbalance_price,Short,2026-08-11T19:14:45Z
2026-08-11T19:03:52Z,2026-08-11T21:03:52+0200,d65ae107-0026-470c-8885-f57b4d7803f4,2026-07-31T01:45:00Z,2026-07-31T03:45:00+0200,254.18,EUR/MWh,DK2,DK_2,imbalance_price,Long,2026-08-11T19:14:45Z
2026-08-11T19:03:52Z,2026-08-11T21:03:52+0200,d65ae107-0026-470c-8885-f57b4d7803f4,2026-07-31T01:45:00Z,2026-07-31T03:45:00+0200,254.18,EUR/MWh,DK2,DK_2,imbalance_price,Short,2026-08-11T19:14:45Z
2026-08-11T19:03:52Z,2026-08-11T21:03:52+0200,d65ae107-0026-470c-8885-f57b4d7803f4,2026-07-31T02:00:00Z,2026-07-31T04:00:00+0200,226.12,EUR/MWh,DK2,DK_2,imbalance_price,Long,2026-08-11T19:14:45Z
2026-08-11T19:03:52Z,2026-08-11T21:03:52+0200,d65ae107-0026-470c-8885-f57b4d7803f4,2026-07-31T02:00:00Z,2026-07-31T04:00:00+0200,226.12,EUR/MWh,DK2,DK_2,imbalance_price,Short,2026-08-11T19:14:45Z
2026-08-11T19:03:52Z,2026-08-11T21:03:52+0200,d65ae107-0026-470c-8885-f57b4d7803f4,2026-07-31T02:15:00Z,2026-07-31T04:15:00+0200,122.1,EUR/MWh,DK2,DK_2,imbalance_price,Long,2026-08-11T19:14:45Z
2026-08-11T19:03:52Z,2026-08-11T21:03:52+0200,d65ae107-0026-470c-8885-f57b4d7803f4,2026-07-31T02:15:00Z,2026-07-31T04:15:00+0200,122.1,EUR/MWh,DK2,DK_2,imbalance_price,Short,2026-08-11T19:14:45Z
2026-08-11T19:03:52Z,2026-08-11T21:03:52+0200,d65ae107-0026-470c-8885-f57b4d7803f4,2026-07-31T02:30:00Z,2026-07-31T04:30:00+0200,122.1,EUR/MWh,DK2,DK_2,imbalance_price,Long,2026-08-11T19:14:45Z
2026-08-11T19:03:52Z,2026-08-11T21:03:52+0200,d65ae107-0026-470c-8885-f57b4d7803f4,2026-07-31T02:30:00Z,2026-07-31T04:30:00+0200,122.1,EUR/MWh,DK2,DK_2,imbalance_price,Short,2026-08-11T19:14:45Z
2026-08-11T19:03:52Z,2026-08-11T21:03:52+0200,d65ae107-0026-470c-8885-f57b4d7803f4,2026-07-31T02:45:00Z,2026-07-31T04:45:00+0200,122.1,EUR/MWh,DK2,DK_2,imbalance_price,Long,2026-08-11T19:14:45Z
2026-08-11T19:03:52Z,2026-08-11T21:03:52+0200,d65ae107-0026-470c-8885-f57b4d7803f4,2026-07-31T02:45:00Z,2026-07-31T04:45:00+0200,122.1,EUR/MWh,DK2,DK_2,imbalance_price,Short,2026-08-11T19:14:45Z
2026-08-11T19:03:52Z,2026-08-11T21:03:52+0200,d65ae107-0026-470c-8885-f57b4d7803f4,2026-07-31T03:00:00Z,2026-07-31T05:00:00+0200,122.2,EUR/MWh,DK2,DK_2,imbalance_price,Long,2026-08-11T19:14:45Z
2026-08-11T19:03:52Z,2026-08-11T21:03:52+0200,d65ae107-0026-470c-8885-f57b4d7803f4,2026-07-31T03:00:00Z,2026-07-31T05:00:00+0200,122.2,EUR/MWh,DK2,DK_2,imbalance_price,Short,2026-08-11T19:14:45Z
2026-08-11T19:03:52Z,2026-08-11T21:03:52+0200,d65ae107-0026-470c-8885-f57b4d7803f4,2026-07-31T03:15:00Z,2026-07-31T05:15:00+0200,155.53,EUR/MWh,DK2,DK_2,imbalance_price,Long,2026-08-11T19:14:45Z
2026-08-11T19:03:52Z,2026-08-11T21:03:52+0200,d65ae107-0026-470c-8885-f57b4d7803f4,2026-07-31T03:15:00Z,2026-07-31T05:15:00+0200,155.53,EUR/MWh,DK2,DK_2,imbalance_price,Short,2026-08-11T19:14:45Z
2026-08-11T19:03:52Z,2026-08-11T21:03:52+0200,d65ae107-0026-470c-8885-f57b4d7803f4,2026-07-31T03:30:00Z,2026-07-31T05:30:00+0200,173.14,EUR/MWh,DK2,DK_2,imbalance_price,Long,2026-08-11T19:14:45Z
2026-08-11T19:03:52Z,2026-08-11T21:03:52+0200,d65ae107-0026-470c-8885-f57b4d7803f4,2026-07-31T03:30:00Z,2026-07-31T05:30:00+0200,173.14,EUR/MWh,DK2,DK_2,imbalance_price,Short,2026-08-11T19:14:45Z
2026-08-11T19:03:52Z,2026-08-11T21:03:52+0200,d65ae107-0026-470c-8885-f57b4d7803f4,2026-07-31T03:45:00Z,2026-07-31T05:45:00+0200,145.79,EUR/MWh,DK2,DK_2,imbalance_price,Long,2026-08-11T19:14:45Z
2026-08-11T19:03:52Z,2026-08-11T21:03:52+0200,d65ae107-0026-470c-8885-f57b4d7803f4,2026-07-31T03:45:00Z,2026-07-31T05:45:00+0200,145.79,EUR/MWh,DK2,DK_2,imbalance_price,Short,2026-08-11T19:14:45Z
2026-08-11T19:03:52Z,2026-08-11T21:03:52+0200,d65ae107-0026-470c-8885-f57b4d7803f4,2026-07-31T04:00:00Z,2026-07-31T06:00:00+0200,171.89,EUR/MWh,DK2,DK_2,imbalance_price,Long,2026-08-11T19:14:45Z
2026-08-11T19:03:52Z,2026-08-11T21:03:52+0200,d65ae107-0026-470c-8885-f57b4d7803f4,2026-07-31T04:00:00Z,2026-07-31T06:00:00+0200,171.89,EUR/MWh,DK2,DK_2,imbalance_price,Short,2026-08-11T19:14:45Z
2026-08-11T19:03:52Z,2026-08-11T21:03:52+0200,d65ae107-0026-470c-8885-f57b4d7803f4,2026-07-31T04:15:00Z,2026-07-31T06:15:00+0200,182.02,EUR/MWh,DK2,DK_2,imbalance_price,Long,2026-08-11T19:14:45Z
2026-08-11T19:03:52Z,2026-08-11T21:03:52+0200,d65ae107-0026-470c-8885-f57b4d7803f4,2026-07-31T04:15:00Z,2026-07-31T06:15:00+0200,182.02,EUR/MWh,DK2,DK_2,imbalance_price,Short,2026-08-11T19:14:45Z
2026-08-11T19:03:52Z,2026-08-11T21:03:52+0200,d65ae107-0026-470c-8885-f57b4d7803f4,2026-07-31T04:30:00Z,2026-07-31T06:30:00+0200,119.48,EUR/MWh,DK2,DK_2,imbalance_price,Long,2026-08-11T19:14:45Z
2026-08-11T19:03:52Z,2026-08-11T21:03:52+0200,d65ae107-0026-470c-8885-f57b4d7803f4,2026-07-31T04:30:00Z,2026-07-31T06:30:00+0200,119.48,EUR/MWh,DK2,DK_2,imbalance_price,Short,2026-08-11T19:14:45Z
2026-08-11T19:03:52Z,2026-08-11T21:03:52+0200,d65ae107-0026-470c-8885-f57b4d7803f4,2026-07-31T04:45:00Z,2026-07-31T06:45:00+0200,117.95,EUR/MWh,DK2,DK_2,imbalance_price,Long,2026-08-11T19:14:45Z
2026-08-11T19:03:52Z,2026-08-11T21:03:52+0200,d65ae107-0026-470c-8885-f57b4d7803f4,2026-07-31T04:45:00Z,2026-07-31T06:45:00+0200,117.95,EUR/MWh,DK2,DK_2,imbalance_price,Short,2026-08-11T19:14:45Z
2026-08-11T19:03:52Z,2026-08-11T21:03:52+0200,d65ae107-0026-470c-8885-f57b4d7803f4,2026-07-31T05:00:00Z,2026-07-31T07:00:00+0200,75.77,EUR/MWh,DK2,DK_2,imbalance_price,Long,2026-08-11T19:14:45Z
2026-08-11T19:03:52Z,2026-08-11T21:03:52+0200,d65ae107-0026-470c-8885-f57b4d7803f4,2026-07-31T05:00:00Z,2026-07-31T07:00:00+0200,75.77,EUR/MWh,DK2,DK_2,imbalance_price,Short,2026-08-11T19:14:45Z
2026-08-11T19:03:52Z,2026-08-11T21:03:52+0200,d65ae107-0026-470c-8885-f57b4d7803f4,2026-07-31T05:15:00Z,2026-07-31T07:15:00+0200,107.74,EUR/MWh,DK2,DK_2,imbalance_price,Long,2026-08-11T19:14:45Z
2026-08-11T19:03:52Z,2026-08-11T21:03:52+0200,d65ae107-0026-470c-8885-f57b4d7803f4,2026-07-31T05:15:00Z,2026-07-31T07:15:00+0200,107.74,EUR/MWh,DK2,DK_2,imbalance_price,Short,2026-08-11T19:14:45Z
2026-08-11T19:03:52Z,2026-08-11T21:03:52+0200,d65ae107-0026-470c-8885-f57b4d7803f4,2026-07-31T05:30:00Z,2026-07-31T07:30:00+0200,108.34,EUR/MWh,DK2,DK_2,imbalance_price,Long,2026-08-11T19:14:45Z
2026-08-11T19:03:52Z,2026-08-11T21:03:52+0200,d65ae107-0026-470c-8885-f57b4d7803f4,2026-07-31T05:30:00Z,2026-07-31T07:30:00+0200,108.34,EUR/MWh,DK2,DK_2,imbalance_price,Short,2026-08-11T19:14:45Z
2026-08-11T19:03:52Z,2026-08-11T21:03:52+0200,d65ae107-0026-470c-8885-f57b4d7803f4,2026-07-31T05:45:00Z,2026-07-31T07:45:00+0200,118.34,EUR/MWh,DK2,DK_2,imbalance_price,Long,2026-08-11T19:14:45Z
2026-08-11T19:03:52Z,2026-08-11T21:03:52+0200,d65ae107-0026-470c-8885-f57b4d7803f4,2026-07-31T05:45:00Z,2026-07-31T07:45:00+0200,118.34,EUR/MWh,DK2,DK_2,imbalance_price,Short,2026-08-11T19:14:45Z
2026-08-11T19:03:52Z,2026-08-11T21:03:52+0200,d65ae107-0026-470c-8885-f57b4d7803f4,2026-07-31T06:00:00Z,2026-07-31T08:00:00+0200,182.6,EUR/MWh,DK2,DK_2,imbalance_price,Long,2026-08-11T19:14:45Z
2026-08-11T19:03:52Z,2026-08-11T21:03:52+0200,d65ae107-0026-470c-8885-f57b4d7803f4,2026-07-31T06:00:00Z,2026-07-31T08:00:00+0200,182.6,EUR/MWh,DK2,DK_2,imbalance_price,Short,2026-08-11T19:14:45Z
2026-08-11T19:03:52Z,2026-08-11T21:03:52+0200,d65ae107-0026-470c-8885-f57b4d7803f4,2026-07-31T06:15:00Z,2026-07-31T08:15:00+0200,334.46,EUR/MWh,DK2,DK_2,imbalance_price,Long,2026-08-11T19:14:45Z
2026-08-11T19:03:52Z,2026-08-11T21:03:52+0200,d65ae107-0026-470c-8885-f57b4d7803f4,2026-07-31T06:15:00Z,2026-07-31T08:15:00+0200,334.46,EUR/MWh,DK2,DK_2,imbalance_price,Short,2026-08-11T19:14:45Z
2026-08-11T19:03:52Z,2026-08-11T21:03:52+0200,d65ae107-0026-470c-8885-f57b4d7803f4,2026-07-31T06:30:00Z,2026-07-31T08:30:00+0200,153.29,EUR/MWh,DK2,DK_2,imbalance_price,Long,2026-08-11T19:14:45Z
2026-08-11T19:03:52Z,2026-08-11T21:03:52+0200,d65ae107-0026-470c-8885-f57b4d7803f4,2026-07-31T06:30:00Z,2026-07-31T08:30:00+0200,153.29,EUR/MWh,DK2,DK_2,imbalance_price,Short,2026-08-11T19:14:45Z
2026-08-11T19:03:52Z,2026-08-11T21:03:52+0200,d65ae107-0026-470c-8885-f57b4d7803f4,2026-07-31T06:45:00Z,2026-07-31T08:45:00+0200,61.11,EUR/MWh,DK2,DK_2,imbalance_price,Long,2026-08-11T19:14:45Z
2026-08-11T19:03:52Z,2026-08-11T21:03:52+0200,d65ae107-0026-470c-8885-f57b4d7803f4,2026-07-31T06:45:00Z,2026-07-31T08:45:00+0200,61.11,EUR/MWh,DK2,DK_2,imbalance_price,Short,2026-08-11T19:14:45Z
2026-08-11T19:03:52Z,2026-08-11T21:03:52+0200,d65ae107-0026-470c-8885-f57b4d7803f4,2026-07-31T07:00:00Z,2026-07-31T09:00:00+0200,105.61,EUR/MWh,DK2,DK_2,imbalance_price,Long,2026-08-11T19:14:45Z
2026-08-11T19:03:52Z,2026-08-11T21:03:52+0200,d65ae107-0026-470c-8885-f57b4d7803f4,2026-07-31T07:00:00Z,2026-07-31T09:00:00+0200,105.61,EUR/MWh,DK2,DK_2,imbalance_price,Short,2026-08-11T19:14:45Z
2026-08-11T19:03:52Z,2026-08-11T21:03:52+0200,d65ae107-0026-470c-8885-f57b4d7803f4,2026-07-31T07:15:00Z,2026-07-31T09:15:00+0200,99.65,EUR/MWh,DK2,DK_2,imbalance_price,Long,2026-08-11T19:14:45Z
2026-08-11T19:03:52Z,2026-08-11T21:03:52+0200,d65ae107-0026-470c-8885-f57b4d7803f4,2026-07-31T07:15:00Z,2026-07-31T09:15:00+0200,99.65,EUR/MWh,DK2,DK_2,imbalance_price,Short,2026-08-11T19:14:45Z
2026-08-11T19:03:52Z,2026-08-11T21:03:52+0200,d65ae107-0026-470c-8885-f57b4d7803f4,2026-07-31T07:30:00Z,2026-07-31T09:30:00+0200,71.88,EUR/MWh,DK2,DK_2,imbalance_price,Long,2026-08-11T19:14:45Z
2026-08-11T19:03:52Z,2026-08-11T21:03:52+0200,d65ae107-0026-470c-8885-f57b4d7803f4,2026-07-31T07:30:00Z,2026-07-31T09:30:00+0200,71.88,EUR/MWh,DK2,DK_2,imbalance_price,Short,2026-08-11T19:14:45Z
2026-08-11T19:03:52Z,2026-08-11T21:03:52+0200,d65ae107-0026-470c-8885-f57b4d7803f4,2026-07-31T07:45:00Z,2026-07-31T09:45:00+0200,130.05,EUR/MWh,DK2,DK_2,imbalance_price,Long,2026-08-11T19:14:45Z
2026-08-11T19:03:52Z,2026-08-11T21:03:52+0200,d65ae107-0026-470c-8885-f57b4d7803f4,2026-07-31T07:45:00Z,2026-07-31T09:45:00+0200,130.05,EUR/MWh,DK2,DK_2,imbalance_price,Short,2026-08-11T19:14:45Z
2026-08-11T19:03:52Z,2026-08-11T21:03:52+0200,d65ae107-0026-470c-8885-f57b4d7803f4,2026-07-31T08:00:00Z,2026-07-31T10:00:00+0200,60.55,EUR/MWh,DK2,DK_2,imbalance_price,Long,2026-08-11T19:14:45Z
2026-08-11T19:03:52Z,2026-08-11T21:03:52+0200,d65ae107-0026-470c-8885-f57b4d7803f4,2026-07-31T08:00:00Z,2026-07-31T10:00:00+0200,60.55,EUR/MWh,DK2,DK_2,imbalance_price,Short,2026-08-11T19:14:45Z
2026-08-11T19:03:52Z,2026-08-11T21:03:52+0200,d65ae107-0026-470c-8885-f57b4d7803f4,2026-07-31T08:15:00Z,2026-07-31T10:15:00+0200,61.19,EUR/MWh,DK2,DK_2,imbalance_price,Long,2026-08-11T19:14:45Z
2026-08-11T19:03:52Z,2026-08-11T21:03:52+0200,d65ae107-0026-470c-8885-f57b4d7803f4,2026-07-31T08:15:00Z,2026-07-31T10:15:00+0200,61.19,EUR/MWh,DK2,DK_2,imbalance_price,Short,2026-08-11T19:14:45Z
2026-08-11T19:03:52Z,2026-08-11T21:03:52+0200,d65ae107-0026-470c-8885-f57b4d7803f4,2026-07-31T08:30:00Z,2026-07-31T10:30:00+0200,114.27,EUR/MWh,DK2,DK_2,imbalance_price,Long,2026-08-11T19:14:45Z
2026-08-11T19:03:52Z,2026-08-11T21:03:52+0200,d65ae107-0026-470c-8885-f57b4d7803f4,2026-07-31T08:30:00Z,2026-07-31T10:30:00+0200,114.27,EUR/MWh,DK2,DK_2,imbalance_price,Short,2026-08-11T19:14:45Z
2026-08-11T19:03:52Z,2026-08-11T21:03:52+0200,d65ae107-0026-470c-8885-f57b4d7803f4,2026-07-31T08:45:00Z,2026-07-31T10:45:00+0200,100.92,EUR/MWh,DK2,DK_2,imbalance_price,Long,2026-08-11T19:14:45Z
2026-08-11T19:03:52Z,2026-08-11T21:03:52+0200,d65ae107-0026-470c-8885-f57b4d7803f4,2026-07-31T08:45:00Z,2026-07-31T10:45:00+0200,100.92,EUR/MWh,DK2,DK_2,imbalance_price,Short,2026-08-11T19:14:45Z
2026-08-11T19:03:52Z,2026-08-11T21:03:52+0200,d65ae107-0026-470c-8885-f57b4d7803f4,2026-07-31T09:00:00Z,2026-07-31T11:00:00+0200,0.0,EUR/MWh,DK2,DK_2,imbalance_price,Long,2026-08-11T19:14:45Z
2026-08-11T19:03:52Z,2026-08-11T21:03:52+0200,d65ae107-0026-470c-8885-f57b4d7803f4,2026-07-31T09:00:00Z,2026-07-31T11:00:00+0200,0.0,EUR/MWh,DK2,DK_2,imbalance_price,Short,2026-08-11T19:14:45Z
2026-08-11T19:03:52Z,2026-08-11T21:03:52+0200,d65ae107-0026-470c-8885-f57b4d7803f4,2026-07-31T09:15:00Z,2026-07-31T11:15:00+0200,2.06,EUR/MWh,DK2,DK_2,imbalance_price,Long,2026-08-11T19:14:45Z
2026-08-11T19:03:52Z,2026-08-11T21:03:52+0200,d65ae107-0026-470c-8885-f57b4d7803f4,2026-07-31T09:15:00Z,2026-07-31T11:15:00+0200,2.06,EUR/MWh,DK2,DK_2,imbalance_price,Short,2026-08-11T19:14:45Z
2026-08-11T19:03:52Z,2026-08-11T21:03:52+0200,d65ae107-0026-470c-8885-f57b4d7803f4,2026-07-31T09:30:00Z,2026-07-31T11:30:00+0200,4.01,EUR/MWh,DK2,DK_2,imbalance_price,Long,2026-08-11T19:14:45Z
2026-08-11T19:03:52Z,2026-08-11T21:03:52+0200,d65ae107-0026-470c-8885-f57b4d7803f4,2026-07-31T09:30:00Z,2026-07-31T11:30:00+0200,4.01,EUR/MWh,DK2,DK_2,imbalance_price,Short,2026-08-11T19:14:45Z
2026-08-11T19:03:52Z,2026-08-11T21:03:52+0200,d65ae107-0026-470c-8885-f57b4d7803f4,2026-07-31T09:45:00Z,2026-07-31T11:45:00+0200,2.47,EUR/MWh,DK2,DK_2,imbalance_price,Long,2026-08-11T19:14:45Z
2026-08-11T19:03:52Z,2026-08-11T21:03:52+0200,d65ae107-0026-470c-8885-f57b4d7803f4,2026-07-31T09:45:00Z,2026-07-31T11:45:00+0200,2.47,EUR/MWh,DK2,DK_2,imbalance_price,Short,2026-08-11T19:14:45Z
2026-08-11T19:03:52Z,2026-08-11T21:03:52+0200,d65ae107-0026-470c-8885-f57b4d7803f4,2026-07-31T10:00:00Z,2026-07-31T12:00:00+0200,8.0,EUR/MWh,DK2,DK_2,imbalance_price,Long,2026-08-11T19:14:45Z
2026-08-11T19:03:52Z,2026-08-11T21:03:52+0200,d65ae107-0026-470c-8885-f57b4d7803f4,2026-07-31T10:00:00Z,2026-07-31T12:00:00+0200,8.0,EUR/MWh,DK2,DK_2,imbalance_price,Short,2026-08-11T19:14:45Z
2026-08-11T19:03:52Z,2026-08-11T21:03:52+0200,d65ae107-0026-470c-8885-f57b4d7803f4,2026-07-31T10:15:00Z,2026-07-31T12:15:00+0200,1.5,EUR/MWh,DK2,DK_2,imbalance_price,Long,2026-08-11T19:14:45Z
2026-08-11T19:03:52Z,2026-08-11T21:03:52+0200,d65ae107-0026-470c-8885-f57b4d7803f4,2026-07-31T10:15:00Z,2026-07-31T12:15:00+0200,1.5,EUR/MWh,DK2,DK_2,imbalance_price,Short,2026-08-11T19:14:45Z
2026-08-11T19:03:52Z,2026-08-11T21:03:52+0200,d65ae107-0026-470c-8885-f57b4d7803f4,2026-07-31T10:30:00Z,2026-07-31T12:30:00+0200,2.34,EUR/MWh,DK2,DK_2,imbalance_price,Long,2026-08-11T19:14:45Z
2026-08-11T19:03:52Z,2026-08-11T21:03:52+0200,d65ae107-0026-470c-8885-f57b4d7803f4,2026-07-31T10:30:00Z,2026-07-31T12:30:00+0200,2.34,EUR/MWh,DK2,DK_2,imbalance_price,Short,2026-08-11T19:14:45Z
2026-08-11T19:03:52Z,2026-08-11T21:03:52+0200,d65ae107-0026-470c-8885-f57b4d7803f4,2026-07-31T10:45:00Z,2026-07-31T12:45:00+0200,0.0,EUR/MWh,DK2,DK_2,imbalance_price,Long,2026-08-11T19:14:45Z
2026-08-11T19:03:52Z,2026-08-11T21:03:52+0200,d65ae107-0026-470c-8885-f57b4d7803f4,2026-07-31T10:45:00Z,2026-07-31T12:45:00+0200,0.0,EUR/MWh,DK2,DK_2,imbalance_price,Short,2026-08-11T19:14:45Z
2026-08-11T19:03:52Z,2026-08-11T21:03:52+0200,d65ae107-0026-470c-8885-f57b4d7803f4,2026-07-31T11:00:00Z,2026-07-31T13:00:00+0200,-0.2,EUR/MWh,DK2,DK_2,imbalance_price,Long,2026-08-11T19:14:45Z
2026-08-11T19:03:52Z,2026-08-11T21:03:52+0200,d65ae107-0026-470c-8885-f57b4d7803f4,2026-07-31T11:00:00Z,2026-07-31T13:00:00+0200,-0.2,EUR/MWh,DK2,DK_2,imbalance_price,Short,2026-08-11T19:14:45Z
2026-08-11T19:03:52Z,2026-08-11T21:03:52+0200,d65ae107-0026-470c-8885-f57b4d7803f4,2026-07-31T11:15:00Z,2026-07-31T13:15:00+0200,0.0,EUR/MWh,DK2,DK_2,imbalance_price,Long,2026-08-11T19:14:45Z
2026-08-11T19:03:52Z,2026-08-11T21:03:52+0200,d65ae107-0026-470c-8885-f57b4d7803f4,2026-07-31T11:15:00Z,2026-07-31T13:15:00+0200,0.0,EUR/MWh,DK2,DK_2,imbalance_price,Short,2026-08-11T19:14:45Z
2026-08-11T19:03:52Z,2026-08-11T21:03:52+0200,d65ae107-0026-470c-8885-f57b4d7803f4,2026-07-31T11:30:00Z,2026-07-31T13:30:00+0200,1.0,EUR/MWh,DK2,DK_2,imbalance_price,Long,2026-08-11T19:14:45Z
2026-08-11T19:03:52Z,2026-08-11T21:03:52+0200,d65ae107-0026-470c-8885-f57b4d7803f4,2026-07-31T11:30:00Z,2026-07-31T13:30:00+0200,1.0,EUR/MWh,DK2,DK_2,imbalance_price,Short,2026-08-11T19:14:45Z
2026-08-11T19:03:52Z,2026-08-11T21:03:52+0200,d65ae107-0026-470c-8885-f57b4d7803f4,2026-07-31T11:45:00Z,2026-07-31T13:45:00+0200,81.35,EUR/MWh,DK2,DK_2,imbalance_price,Long,2026-08-11T19:14:45Z
2026-08-11T19:03:52Z,2026-08-11T21:03:52+0200,d65ae107-0026-470c-8885-f57b4d7803f4,2026-07-31T11:45:00Z,2026-07-31T13:45:00+0200,81.35,EUR/MWh,DK2,DK_2,imbalance_price,Short,2026-08-11T19:14:45Z
2026-08-11T19:03:52Z,2026-08-11T21:03:52+0200,d65ae107-0026-470c-8885-f57b4d7803f4,2026-07-31T12:00:00Z,2026-07-31T14:00:00+0200,80.4,EUR/MWh,DK2,DK_2,imbalance_price,Long,2026-08-11T19:14:45Z
2026-08-11T19:03:52Z,2026-08-11T21:03:52+0200,d65ae107-0026-470c-8885-f57b4d7803f4,2026-07-31T12:00:00Z,2026-07-31T14:00:00+0200,80.4,EUR/MWh,DK2,DK_2,imbalance_price,Short,2026-08-11T19:14:45Z
2026-08-11T19:03:52Z,2026-08-11T21:03:52+0200,d65ae107-0026-470c-8885-f57b4d7803f4,2026-07-31T12:15:00Z,2026-07-31T14:15:00+0200,81.99,EUR/MWh,DK2,DK_2,imbalance_price,Long,2026-08-11T19:14:45Z
2026-08-11T19:03:52Z,2026-08-11T21:03:52+0200,d65ae107-0026-470c-8885-f57b4d7803f4,2026-07-31T12:15:00Z,2026-07-31T14:15:00+0200,81.99,EUR/MWh,DK2,DK_2,imbalance_price,Short,2026-08-11T19:14:45Z
2026-08-11T19:03:52Z,2026-08-11T21:03:52+0200,d65ae107-0026-470c-8885-f57b4d7803f4,2026-07-31T12:30:00Z,2026-07-31T14:30:00+0200,36.68,EUR/MWh,DK2,DK_2,imbalance_price,Long,2026-08-11T19:14:45Z
2026-08-11T19:03:52Z,2026-08-11T21:03:52+0200,d65ae107-0026-470c-8885-f57b4d7803f4,2026-07-31T12:30:00Z,2026-07-31T14:30:00+0200,36.68,EUR/MWh,DK2,DK_2,imbalance_price,Short,2026-08-11T19:14:45Z
2026-08-11T19:03:52Z,2026-08-11T21:03:52+0200,d65ae107-0026-470c-8885-f57b4d7803f4,2026-07-31T12:45:00Z,2026-07-31T14:45:00+0200,36.68,EUR/MWh,DK2,DK_2,imbalance_price,Long,2026-08-11T19:14:45Z
2026-08-11T19:03:52Z,2026-08-11T21:03:52+0200,d65ae107-0026-470c-8885-f57b4d7803f4,2026-07-31T12:45:00Z,2026-07-31T14:45:00+0200,36.68,EUR/MWh,DK2,DK_2,imbalance_price,Short,2026-08-11T19:14:45Z
2026-08-11T19:03:52Z,2026-08-11T21:03:52+0200,d65ae107-0026-470c-8885-f57b4d7803f4,2026-07-31T13:00:00Z,2026-07-31T15:00:00+0200,48.09,EUR/MWh,DK2,DK_2,imbalance_price,Long,2026-08-11T19:14:45Z
2026-08-11T19:03:52Z,2026-08-11T21:03:52+0200,d65ae107-0026-470c-8885-f57b4d7803f4,2026-07-31T13:00:00Z,2026-07-31T15:00:00+0200,48.09,EUR/MWh,DK2,DK_2,imbalance_price,Short,2026-08-11T19:14:45Z
2026-08-11T19:03:52Z,2026-08-11T21:03:52+0200,d65ae107-0026-470c-8885-f57b4d7803f4,2026-07-31T13:15:00Z,2026-07-31T15:15:00+0200,95.82,EUR/MWh,DK2,DK_2,imbalance_price,Long,2026-08-11T19:14:45Z
2026-08-11T19:03:52Z,2026-08-11T21:03:52+0200,d65ae107-0026-470c-8885-f57b4d7803f4,2026-07-31T13:15:00Z,2026-07-31T15:15:00+0200,95.82,EUR/MWh,DK2,DK_2,imbalance_price,Short,2026-08-11T19:14:45Z
2026-08-11T19:03:52Z,2026-08-11T21:03:52+0200,d65ae107-0026-470c-8885-f57b4d7803f4,2026-07-31T13:30:00Z,2026-07-31T15:30:00+0200,103.94,EUR/MWh,DK2,DK_2,imbalance_price,Long,2026-08-11T19:14:45Z
2026-08-11T19:03:52Z,2026-08-11T21:03:52+0200,d65ae107-0026-470c-8885-f57b4d7803f4,2026-07-31T13:30:00Z,2026-07-31T15:30:00+0200,103.94,EUR/MWh,DK2,DK_2,imbalance_price,Short,2026-08-11T19:14:45Z
2026-08-11T19:03:52Z,2026-08-11T21:03:52+0200,d65ae107-0026-470c-8885-f57b4d7803f4,2026-07-31T13:45:00Z,2026-07-31T15:45:00+0200,114.03,EUR/MWh,DK2,DK_2,imbalance_price,Long,2026-08-11T19:14:45Z
2026-08-11T19:03:52Z,2026-08-11T21:03:52+0200,d65ae107-0026-470c-8885-f57b4d7803f4,2026-07-31T13:45:00Z,2026-07-31T15:45:00+0200,114.03,EUR/MWh,DK2,DK_2,imbalance_price,Short,2026-08-11T19:14:45Z
2026-08-11T19:03:52Z,2026-08-11T21:03:52+0200,d65ae107-0026-470c-8885-f57b4d7803f4,2026-07-31T14:00:00Z,2026-07-31T16:00:00+0200,81.07,EUR/MWh,DK2,DK_2,imbalance_price,Long,2026-08-11T19:14:45Z
2026-08-11T19:03:52Z,2026-08-11T21:03:52+0200,d65ae107-0026-470c-8885-f57b4d7803f4,2026-07-31T14:00:00Z,2026-07-31T16:00:00+0200,81.07,EUR/MWh,DK2,DK_2,imbalance_price,Short,2026-08-11T19:14:45Z
2026-08-11T19:03:52Z,2026-08-11T21:03:52+0200,d65ae107-0026-470c-8885-f57b4d7803f4,2026-07-31T14:15:00Z,2026-07-31T16:15:00+0200,81.07,EUR/MWh,DK2,DK_2,imbalance_price,Long,2026-08-11T19:14:45Z
2026-08-11T19:03:52Z,2026-08-11T21:03:52+0200,d65ae107-0026-470c-8885-f57b4d7803f4,2026-07-31T14:15:00Z,2026-07-31T16:15:00+0200,81.07,EUR/MWh,DK2,DK_2,imbalance_price,Short,2026-08-11T19:14:45Z
2026-08-11T19:03:52Z,2026-08-11T21:03:52+0200,d65ae107-0026-470c-8885-f57b4d7803f4,2026-07-31T14:30:00Z,2026-07-31T16:30:00+0200,70.92,EUR/MWh,DK2,DK_2,imbalance_price,Long,2026-08-11T19:14:45Z
2026-08-11T19:03:52Z,2026-08-11T21:03:52+0200,d65ae107-0026-470c-8885-f57b4d7803f4,2026-07-31T14:30:00Z,2026-07-31T16:30:00+0200,70.92,EUR/MWh,DK2,DK_2,imbalance_price,Short,2026-08-11T19:14:45Z
2026-08-11T19:03:52Z,2026-08-11T21:03:52+0200,d65ae107-0026-470c-8885-f57b4d7803f4,2026-07-31T14:45:00Z,2026-07-31T16:45:00+0200,118.72,EUR/MWh,DK2,DK_2,imbalance_price,Long,2026-08-11T19:14:45Z
2026-08-11T19:03:52Z,2026-08-11T21:03:52+0200,d65ae107-0026-470c-8885-f57b4d7803f4,2026-07-31T14:45:00Z,2026-07-31T16:45:00+0200,118.72,EUR/MWh,DK2,DK_2,imbalance_price,Short,2026-08-11T19:14:45Z
2026-08-11T19:03:52Z,2026-08-11T21:03:52+0200,d65ae107-0026-470c-8885-f57b4d7803f4,2026-07-31T15:00:00Z,2026-07-31T17:00:00+0200,428.1,EUR/MWh,DK2,DK_2,imbalance_price,Long,2026-08-11T19:14:45Z
2026-08-11T19:03:52Z,2026-08-11T21:03:52+0200,d65ae107-0026-470c-8885-f57b4d7803f4,2026-07-31T15:00:00Z,2026-07-31T17:00:00+0200,428.1,EUR/MWh,DK2,DK_2,imbalance_price,Short,2026-08-11T19:14:45Z
2026-08-11T19:03:52Z,2026-08-11T21:03:52+0200,d65ae107-0026-470c-8885-f57b4d7803f4,2026-07-31T15:15:00Z,2026-07-31T17:15:00+0200,669.0,EUR/MWh,DK2,DK_2,imbalance_price,Long,2026-08-11T19:14:45Z
2026-08-11T19:03:52Z,2026-08-11T21:03:52+0200,d65ae107-0026-470c-8885-f57b4d7803f4,2026-07-31T15:15:00Z,2026-07-31T17:15:00+0200,669.0,EUR/MWh,DK2,DK_2,imbalance_price,Short,2026-08-11T19:14:45Z
2026-08-11T19:03:52Z,2026-08-11T21:03:52+0200,d65ae107-0026-470c-8885-f57b4d7803f4,2026-07-31T15:30:00Z,2026-07-31T17:30:00+0200,163.06,EUR/MWh,DK2,DK_2,imbalance_price,Long,2026-08-11T19:14:45Z
2026-08-11T19:03:52Z,2026-08-11T21:03:52+0200,d65ae107-0026-470c-8885-f57b4d7803f4,2026-07-31T15:30:00Z,2026-07-31T17:30:00+0200,163.06,EUR/MWh,DK2,DK_2,imbalance_price,Short,2026-08-11T19:14:45Z
2026-08-11T19:03:52Z,2026-08-11T21:03:52+0200,d65ae107-0026-470c-8885-f57b4d7803f4,2026-07-31T15:45:00Z,2026-07-31T17:45:00+0200,132.1,EUR/MWh,DK2,DK_2,imbalance_price,Long,2026-08-11T19:14:45Z
2026-08-11T19:03:52Z,2026-08-11T21:03:52+0200,d65ae107-0026-470c-8885-f57b4d7803f4,2026-07-31T15:45:00Z,2026-07-31T17:45:00+0200,132.1,EUR/MWh,DK2,DK_2,imbalance_price,Short,2026-08-11T19:14:45Z
2026-08-11T19:03:52Z,2026-08-11T21:03:52+0200,d65ae107-0026-470c-8885-f57b4d7803f4,2026-07-31T16:00:00Z,2026-07-31T18:00:00+0200,75.95,EUR/MWh,DK2,DK_2,imbalance_price,Long,2026-08-11T19:14:45Z
2026-08-11T19:03:52Z,2026-08-11T21:03:52+0200,d65ae107-0026-470c-8885-f57b4d7803f4,2026-07-31T16:00:00Z,2026-07-31T18:00:00+0200,75.95,EUR/MWh,DK2,DK_2,imbalance_price,Short,2026-08-11T19:14:45Z
2026-08-11T19:03:52Z,2026-08-11T21:03:52+0200,d65ae107-0026-470c-8885-f57b4d7803f4,2026-07-31T16:15:00Z,2026-07-31T18:15:00+0200,106.63,EUR/MWh,DK2,DK_2,imbalance_price,Long,2026-08-11T19:14:45Z
2026-08-11T19:03:52Z,2026-08-11T21:03:52+0200,d65ae107-0026-470c-8885-f57b4d7803f4,2026-07-31T16:15:00Z,2026-07-31T18:15:00+0200,106.63,EUR/MWh,DK2,DK_2,imbalance_price,Short,2026-08-11T19:14:45Z
2026-08-11T19:03:52Z,2026-08-11T21:03:52+0200,d65ae107-0026-470c-8885-f57b4d7803f4,2026-07-31T16:30:00Z,2026-07-31T18:30:00+0200,77.8,EUR/MWh,DK2,DK_2,imbalance_price,Long,2026-08-11T19:14:45Z
2026-08-11T19:03:52Z,2026-08-11T21:03:52+0200,d65ae107-0026-470c-8885-f57b4d7803f4,2026-07-31T16:30:00Z,2026-07-31T18:30:00+0200,77.8,EUR/MWh,DK2,DK_2,imbalance_price,Short,2026-08-11T19:14:45Z
2026-08-11T19:03:52Z,2026-08-11T21:03:52+0200,d65ae107-0026-470c-8885-f57b4d7803f4,2026-07-31T16:45:00Z,2026-07-31T18:45:00+0200,106.46,EUR/MWh,DK2,DK_2,imbalance_price,Long,2026-08-11T19:14:45Z
2026-08-11T19:03:52Z,2026-08-11T21:03:52+0200,d65ae107-0026-470c-8885-f57b4d7803f4,2026-07-31T16:45:00Z,2026-07-31T18:45:00+0200,106.46,EUR/MWh,DK2,DK_2,imbalance_price,Short,2026-08-11T19:14:45Z
2026-08-11T19:03:52Z,2026-08-11T21:03:52+0200,d65ae107-0026-470c-8885-f57b4d7803f4,2026-07-31T17:00:00Z,2026-07-31T19:00:00+0200,167.69,EUR/MWh,DK2,DK_2,imbalance_price,Long,2026-08-11T19:14:45Z
2026-08-11T19:03:52Z,2026-08-11T21:03:52+0200,d65ae107-0026-470c-8885-f57b4d7803f4,2026-07-31T17:00:00Z,2026-07-31T19:00:00+0200,167.69,EUR/MWh,DK2,DK_2,imbalance_price,Short,2026-08-11T19:14:45Z
2026-08-11T19:03:52Z,2026-08-11T21:03:52+0200,d65ae107-0026-470c-8885-f57b4d7803f4,2026-07-31T17:15:00Z,2026-07-31T19:15:00+0200,129.07,EUR/MWh,DK2,DK_2,imbalance_price,Long,2026-08-11T19:14:45Z
2026-08-11T19:03:52Z,2026-08-11T21:03:52+0200,d65ae107-0026-470c-8885-f57b4d7803f4,2026-07-31T17:15:00Z,2026-07-31T19:15:00+0200,129.07,EUR/MWh,DK2,DK_2,imbalance_price,Short,2026-08-11T19:14:45Z
2026-08-11T19:03:52Z,2026-08-11T21:03:52+0200,d65ae107-0026-470c-8885-f57b4d7803f4,2026-07-31T17:30:00Z,2026-07-31T19:30:00+0200,196.8,EUR/MWh,DK2,DK_2,imbalance_price,Long,2026-08-11T19:14:45Z
2026-08-11T19:03:52Z,2026-08-11T21:03:52+0200,d65ae107-0026-470c-8885-f57b4d7803f4,2026-07-31T17:30:00Z,2026-07-31T19:30:00+0200,196.8,EUR/MWh,DK2,DK_2,imbalance_price,Short,2026-08-11T19:14:45Z
2026-08-11T19:03:52Z,2026-08-11T21:03:52+0200,d65ae107-0026-470c-8885-f57b4d7803f4,2026-07-31T17:45:00Z,2026-07-31T19:45:00+0200,234.15,EUR/MWh,DK2,DK_2,imbalance_price,Long,2026-08-11T19:14:45Z
2026-08-11T19:03:52Z,2026-08-11T21:03:52+0200,d65ae107-0026-470c-8885-f57b4d7803f4,2026-07-31T17:45:00Z,2026-07-31T19:45:00+0200,234.15,EUR/MWh,DK2,DK_2,imbalance_price,Short,2026-08-11T19:14:45Z
2026-08-11T19:03:52Z,2026-08-11T21:03:52+0200,d65ae107-0026-470c-8885-f57b4d7803f4,2026-07-31T18:00:00Z,2026-07-31T20:00:00+0200,58.51,EUR/MWh,DK2,DK_2,imbalance_price,Long,2026-08-11T19:14:45Z
2026-08-11T19:03:52Z,2026-08-11T21:03:52+0200,d65ae107-0026-470c-8885-f57b4d7803f4,2026-07-31T18:00:00Z,2026-07-31T20:00:00+0200,58.51,EUR/MWh,DK2,DK_2,imbalance_price,Short,2026-08-11T19:14:45Z
2026-08-11T19:03:52Z,2026-08-11T21:03:52+0200,d65ae107-0026-470c-8885-f57b4d7803f4,2026-07-31T18:15:00Z,2026-07-31T20:15:00+0200,160.9,EUR/MWh,DK2,DK_2,imbalance_price,Long,2026-08-11T19:14:45Z
2026-08-11T19:03:52Z,2026-08-11T21:03:52+0200,d65ae107-0026-470c-8885-f57b4d7803f4,2026-07-31T18:15:00Z,2026-07-31T20:15:00+0200,160.9,EUR/MWh,DK2,DK_2,imbalance_price,Short,2026-08-11T19:14:45Z
2026-08-11T19:03:52Z,2026-08-11T21:03:52+0200,d65ae107-0026-470c-8885-f57b4d7803f4,2026-07-31T18:30:00Z,2026-07-31T20:30:00+0200,19.77,EUR/MWh,DK2,DK_2,imbalance_price,Long,2026-08-11T19:14:45Z
2026-08-11T19:03:52Z,2026-08-11T21:03:52+0200,d65ae107-0026-470c-8885-f57b4d7803f4,2026-07-31T18:30:00Z,2026-07-31T20:30:00+0200,19.77,EUR/MWh,DK2,DK_2,imbalance_price,Short,2026-08-11T19:14:45Z
2026-08-11T19:03:52Z,2026-08-11T21:03:52+0200,d65ae107-0026-470c-8885-f57b4d7803f4,2026-07-31T18:45:00Z,2026-07-31T20:45:00+0200,17.47,EUR/MWh,DK2,DK_2,imbalance_price,Long,2026-08-11T19:14:45Z
2026-08-11T19:03:52Z,2026-08-11T21:03:52+0200,d65ae107-0026-470c-8885-f57b4d7803f4,2026-07-31T18:45:00Z,2026-07-31T20:45:00+0200,17.47,EUR/MWh,DK2,DK_2,imbalance_price,Short,2026-08-11T19:14:45Z
2026-08-11T19:03:52Z,2026-08-11T21:03:52+0200,d65ae107-0026-470c-8885-f57b4d7803f4,2026-07-31T19:00:00Z,2026-07-31T21:00:00+0200,144.43,EUR/MWh,DK2,DK_2,imbalance_price,Long,2026-08-11T19:14:45Z
2026-08-11T19:03:52Z,2026-08-11T21:03:52+0200,d65ae107-0026-470c-8885-f57b4d7803f4,2026-07-31T19:00:00Z,2026-07-31T21:00:00+0200,144.43,EUR/MWh,DK2,DK_2,imbalance_price,Short,2026-08-11T19:14:45Z
2026-08-11T19:03:52Z,2026-08-11T21:03:52+0200,d65ae107-0026-470c-8885-f57b4d7803f4,2026-07-31T19:15:00Z,2026-07-31T21:15:00+0200,374.59,EUR/MWh,DK2,DK_2,imbalance_price,Long,2026-08-11T19:14:45Z
2026-08-11T19:03:52Z,2026-08-11T21:03:52+0200,d65ae107-0026-470c-8885-f57b4d7803f4,2026-07-31T19:15:00Z,2026-07-31T21:15:00+0200,374.59,EUR/MWh,DK2,DK_2,imbalance_price,Short,2026-08-11T19:14:45Z
2026-08-11T19:03:52Z,2026-08-11T21:03:52+0200,d65ae107-0026-470c-8885-f57b4d7803f4,2026-07-31T19:30:00Z,2026-07-31T21:30:00+0200,112.39,EUR/MWh,DK2,DK_2,imbalance_price,Long,2026-08-11T19:14:45Z
2026-08-11T19:03:52Z,2026-08-11T21:03:52+0200,d65ae107-0026-470c-8885-f57b4d7803f4,2026-07-31T19:30:00Z,2026-07-31T21:30:00+0200,112.39,EUR/MWh,DK2,DK_2,imbalance_price,Short,2026-08-11T19:14:45Z
2026-08-11T19:03:52Z,2026-08-11T21:03:52+0200,d65ae107-0026-470c-8885-f57b4d7803f4,2026-07-31T19:45:00Z,2026-07-31T21:45:00+0200,119.23,EUR/MWh,DK2,DK_2,imbalance_price,Long,2026-08-11T19:14:45Z
2026-08-11T19:03:52Z,2026-08-11T21:03:52+0200,d65ae107-0026-470c-8885-f57b4d7803f4,2026-07-31T19:45:00Z,2026-07-31T21:45:00+0200,119.23,EUR/MWh,DK2,DK_2,imbalance_price,Short,2026-08-11T19:14:45Z
2026-08-11T19:03:52Z,2026-08-11T21:03:52+0200,d65ae107-0026-470c-8885-f57b4d7803f4,2026-07-31T20:00:00Z,2026-07-31T22:00:00+0200,128.5,EUR/MWh,DK2,DK_2,imbalance_price,Long,2026-08-11T19:14:45Z
2026-08-11T19:03:52Z,2026-08-11T21:03:52+0200,d65ae107-0026-470c-8885-f57b4d7803f4,2026-07-31T20:00:00Z,2026-07-31T22:00:00+0200,128.5,EUR/MWh,DK2,DK_2,imbalance_price,Short,2026-08-11T19:14:45Z
2026-08-11T19:03:52Z,2026-08-11T21:03:52+0200,d65ae107-0026-470c-8885-f57b4d7803f4,2026-07-31T20:15:00Z,2026-07-31T22:15:00+0200,201.36,EUR/MWh,DK2,DK_2,imbalance_price,Long,2026-08-11T19:14:45Z
2026-08-11T19:03:52Z,2026-08-11T21:03:52+0200,d65ae107-0026-470c-8885-f57b4d7803f4,2026-07-31T20:15:00Z,2026-07-31T22:15:00+0200,201.36,EUR/MWh,DK2,DK_2,imbalance_price,Short,2026-08-11T19:14:45Z
2026-08-11T19:03:52Z,2026-08-11T21:03:52+0200,d65ae107-0026-470c-8885-f57b4d7803f4,2026-07-31T20:30:00Z,2026-07-31T22:30:00+0200,184.12,EUR/MWh,DK2,DK_2,imbalance_price,Long,2026-08-11T19:14:45Z
2026-08-11T19:03:52Z,2026-08-11T21:03:52+0200,d65ae107-0026-470c-8885-f57b4d7803f4,2026-07-31T20:30:00Z,2026-07-31T22:30:00+0200,184.12,EUR/MWh,DK2,DK_2,imbalance_price,Short,2026-08-11T19:14:45Z
2026-08-11T19:03:52Z,2026-08-11T21:03:52+0200,d65ae107-0026-470c-8885-f57b4d7803f4,2026-07-31T20:45:00Z,2026-07-31T22:45:00+0200,130.71,EUR/MWh,DK2,DK_2,imbalance_price,Long,2026-08-11T19:14:45Z
2026-08-11T19:03:52Z,2026-08-11T21:03:52+0200,d65ae107-0026-470c-8885-f57b4d7803f4,2026-07-31T20:45:00Z,2026-07-31T22:45:00+0200,130.71,EUR/MWh,DK2,DK_2,imbalance_price,Short,2026-08-11T19:14:45Z
2026-08-11T19:03:52Z,2026-08-11T21:03:52+0200,d65ae107-0026-470c-8885-f57b4d7803f4,2026-07-31T21:00:00Z,2026-07-31T23:00:00+0200,130.6,EUR/MWh,DK2,DK_2,imbalance_price,Long,2026-08-11T19:14:45Z
2026-08-11T19:03:52Z,2026-08-11T21:03:52+0200,d65ae107-0026-470c-8885-f57b4d7803f4,2026-07-31T21:00:00Z,2026-07-31T23:00:00+0200,130.6,EUR/MWh,DK2,DK_2,imbalance_price,Short,2026-08-11T19:14:45Z
2026-08-11T19:03:52Z,2026-08-11T21:03:52+0200,d65ae107-0026-470c-8885-f57b4d7803f4,2026-07-31T21:15:00Z,2026-07-31T23:15:00+0200,169.85,EUR/MWh,DK2,DK_2,imbalance_price,Long,2026-08-11T19:14:45Z
2026-08-11T19:03:52Z,2026-08-11T21:03:52+0200,d65ae107-0026-470c-8885-f57b4d7803f4,2026-07-31T21:15:00Z,2026-07-31T23:15:00+0200,169.85,EUR/MWh,DK2,DK_2,imbalance_price,Short,2026-08-11T19:14:45Z
2026-08-11T19:03:52Z,2026-08-11T21:03:52+0200,d65ae107-0026-470c-8885-f57b4d7803f4,2026-07-31T21:30:00Z,2026-07-31T23:30:00+0200,167.36,EUR/MWh,DK2,DK_2,imbalance_price,Long,2026-08-11T19:14:45Z
2026-08-11T19:03:52Z,2026-08-11T21:03:52+0200,d65ae107-0026-470c-8885-f57b4d7803f4,2026-07-31T21:30:00Z,2026-07-31T23:30:00+0200,167.36,EUR/MWh,DK2,DK_2,imbalance_price,Short,2026-08-11T19:14:45Z
2026-08-11T19:03:52Z,2026-08-11T21:03:52+0200,d65ae107-0026-470c-8885-f57b4d7803f4,2026-07-31T21:45:00Z,2026-07-31T23:45:00+0200,165.13,EUR/MWh,DK2,DK_2,imbalance_price,Long,2026-08-11T19:14:45Z
2026-08-11T19:03:52Z,2026-08-11T21:03:52+0200,d65ae107-0026-470c-8885-f57b4d7803f4,2026-07-31T21:45:00Z,2026-07-31T23:45:00+0200,165.13,EUR/MWh,DK2,DK_2,imbalance_price,Short,2026-08-11T19:14:45Z
2026-08-11T19:03:52Z,2026-08-11T21:03:52+0200,d65ae107-0026-470c-8885-f57b4d7803f4,2026-07-31T22:00:00Z,2026-08-01T00:00:00+0200,183.72,EUR/MWh,DK2,DK_2,imbalance_price,Long,2026-08-11T19:14:45Z
2026-08-11T19:03:52Z,2026-08-11T21:03:52+0200,d65ae107-0026-470c-8885-f57b4d7803f4,2026-07-31T22:00:00Z,2026-08-01T00:00:00+0200,183.72,EUR/MWh,DK2,DK_2,imbalance_price,Short,2026-08-11T19:14:45Z
2026-08-11T19:03:52Z,2026-08-11T21:03:52+0200,d65ae107-0026-470c-8885-f57b4d7803f4,2026-07-31T22:15:00Z,2026-08-01T00:15:00+0200,173.53,EUR/MWh,DK2,DK_2,imbalance_price,Long,2026-08-11T19:14:45Z
2026-08-11T19:03:52Z,2026-08-11T21:03:52+0200,d65ae107-0026-470c-8885-f57b4d7803f4,2026-07-31T22:15:00Z,2026-08-01T00:15:00+0200,173.53,EUR/MWh,DK2,DK_2,imbalance_price,Short,2026-08-11T19:14:45Z
2026-08-11T19:03:52Z,2026-08-11T21:03:52+0200,d65ae107-0026-470c-8885-f57b4d7803f4,2026-07-31T22:30:00Z,2026-08-01T00:30:00+0200,131.0,EUR/MWh,DK2,DK_2,imbalance_price,Long,2026-08-11T19:14:45Z
2026-08-11T19:03:52Z,2026-08-11T21:03:52+0200,d65ae107-0026-470c-8885-f57b4d7803f4,2026-07-31T22:30:00Z,2026-08-01T00:30:00+0200,131.0,EUR/MWh,DK2,DK_2,imbalance_price,Short,2026-08-11T19:14:45Z
2026-08-11T19:03:52Z,2026-08-11T21:03:52+0200,d65ae107-0026-470c-8885-f57b4d7803f4,2026-07-31T22:45:00Z,2026-08-01T00:45:00+0200,73.12,EUR/MWh,DK2,DK_2,imbalance_price,Long,2026-08-11T19:14:45Z
2026-08-11T19:03:52Z,2026-08-11T21:03:52+0200,d65ae107-0026-470c-8885-f57b4d7803f4,2026-07-31T22:45:00Z,2026-08-01T00:45:00+0200,73.12,EUR/MWh,DK2,DK_2,imbalance_price,Short,2026-08-11T19:14:45Z
2026-08-11T19:03:52Z,2026-08-11T21:03:52+0200,d65ae107-0026-470c-8885-f57b4d7803f4,2026-07-31T23:00:00Z,2026-08-01T01:00:00+0200,73.12,EUR/MWh,DK2,DK_2,imbalance_price,Long,2026-08-11T19:14:45Z
2026-08-11T19:03:52Z,2026-08-11T21:03:52+0200,d65ae107-0026-470c-8885-f57b4d7803f4,2026-07-31T23:00:00Z,2026-08-01T01:00:00+0200,73.12,EUR/MWh,DK2,DK_2,imbalance_price,Short,2026-08-11T19:14:45Z
2026-08-11T19:03:52Z,2026-08-11T21:03:52+0200,d65ae107-0026-470c-8885-f57b4d7803f4,2026-07-31T23:15:00Z,2026-08-01T01:15:00+0200,34.66,EUR/MWh,DK2,DK_2,imbalance_price,Long,2026-08-11T19:14:45Z
2026-08-11T19:03:52Z,2026-08-11T21:03:52+0200,d65ae107-0026-470c-8885-f57b4d7803f4,2026-07-31T23:15:00Z,2026-08-01T01:15:00+0200,34.66,EUR/MWh,DK2,DK_2,imbalance_price,Short,2026-08-11T19:14:45Z
2026-08-11T19:03:52Z,2026-08-11T21:03:52+0200,d65ae107-0026-470c-8885-f57b4d7803f4,2026-07-31T23:30:00Z,2026-08-01T01:30:00+0200,11.08,EUR/MWh,DK2,DK_2,imbalance_price,Long,2026-08-11T19:14:45Z
2026-08-11T19:03:52Z,2026-08-11T21:03:52+0200,d65ae107-0026-470c-8885-f57b4d7803f4,2026-07-31T23:30:00Z,2026-08-01T01:30:00+0200,11.08,EUR/MWh,DK2,DK_2,imbalance_price,Short,2026-08-11T19:14:45Z
2026-08-11T19:03:52Z,2026-08-11T21:03:52+0200,d65ae107-0026-470c-8885-f57b4d7803f4,2026-07-31T23:45:00Z,2026-08-01T01:45:00+0200,5.61,EUR/MWh,DK2,DK_2,imbalance_price,Long,2026-08-11T19:14:45Z
2026-08-11T19:03:52Z,2026-08-11T21:03:52+0200,d65ae107-0026-470c-8885-f57b4d7803f4,2026-07-31T23:45:00Z,2026-08-01T01:45:00+0200,5.61,EUR/MWh,DK2,DK_2,imbalance_price,Short,2026-08-11T19:14:45Z
2026-08-11T19:03:52Z,2026-08-11T21:03:52+0200,d65ae107-0026-470c-8885-f57b4d7803f4,2026-08-01T00:00:00Z,2026-08-01T02:00:00+0200,114.08,EUR/MWh,DK2,DK_2,imbalance_price,Long,2026-08-11T19:14:45Z
2026-08-11T19:03:52Z,2026-08-11T21:03:52+0200,d65ae107-0026-470c-8885-f57b4d7803f4,2026-08-01T00:00:00Z,2026-08-01T02:00:00+0200,114.08,EUR/MWh,DK2,DK_2,imbalance_price,Short,2026-08-11T19:14:45Z
2026-08-11T19:03:52Z,2026-08-11T21:03:52+0200,d65ae107-0026-470c-8885-f57b4d7803f4,2026-08-01T00:15:00Z,2026-08-01T02:15:00+0200,105.47,EUR/MWh,DK2,DK_2,imbalance_price,Long,2026-08-11T19:14:45Z
2026-08-11T19:03:52Z,2026-08-11T21:03:52+0200,d65ae107-0026-470c-8885-f57b4d7803f4,2026-08-01T00:15:00Z,2026-08-01T02:15:00+0200,105.47,EUR/MWh,DK2,DK_2,imbalance_price,Short,2026-08-11T19:14:45Z
2026-08-11T19:03:52Z,2026-08-11T21:03:52+0200,d65ae107-0026-470c-8885-f57b4d7803f4,2026-08-01T00:30:00Z,2026-08-01T02:30:00+0200,110.0,EUR/MWh,DK2,DK_2,imbalance_price,Long,2026-08-11T19:14:45Z
2026-08-11T19:03:52Z,2026-08-11T21:03:52+0200,d65ae107-0026-470c-8885-f57b4d7803f4,2026-08-01T00:30:00Z,2026-08-01T02:30:00+0200,110.0,EUR/MWh,DK2,DK_2,imbalance_price,Short,2026-08-11T19:14:45Z
2026-08-11T19:03:52Z,2026-08-11T21:03:52+0200,d65ae107-0026-470c-8885-f57b4d7803f4,2026-08-01T00:45:00Z,2026-08-01T02:45:00+0200,110.0,EUR/MWh,DK2,DK_2,imbalance_price,Long,2026-08-11T19:14:45Z
2026-08-11T19:03:52Z,2026-08-11T21:03:52+0200,d65ae107-0026-470c-8885-f57b4d7803f4,2026-08-01T00:45:00Z,2026-08-01T02:45:00+0200,110.0,EUR/MWh,DK2,DK_2,imbalance_price,Short,2026-08-11T19:14:45Z
2026-08-11T19:03:52Z,2026-08-11T21:03:52+0200,d65ae107-0026-470c-8885-f57b4d7803f4,2026-08-01T01:00:00Z,2026-08-01T03:00:00+0200,126.75,EUR/MWh,DK2,DK_2,imbalance_price,Long,2026-08-11T19:14:45Z
2026-08-11T19:03:52Z,2026-08-11T21:03:52+0200,d65ae107-0026-470c-8885-f57b4d7803f4,2026-08-01T01:00:00Z,2026-08-01T03:00:00+0200,126.75,EUR/MWh,DK2,DK_2,imbalance_price,Short,2026-08-11T19:14:45Z
2026-08-11T19:03:52Z,2026-08-11T21:03:52+0200,d65ae107-0026-470c-8885-f57b4d7803f4,2026-08-01T01:15:00Z,2026-08-01T03:15:00+0200,126.77,EUR/MWh,DK2,DK_2,imbalance_price,Long,2026-08-11T19:14:45Z
2026-08-11T19:03:52Z,2026-08-11T21:03:52+0200,d65ae107-0026-470c-8885-f57b4d7803f4,2026-08-01T01:15:00Z,2026-08-01T03:15:00+0200,126.77,EUR/MWh,DK2,DK_2,imbalance_price,Short,2026-08-11T19:14:45Z
2026-08-11T19:03:52Z,2026-08-11T21:03:52+0200,d65ae107-0026-470c-8885-f57b4d7803f4,2026-08-01T01:30:00Z,2026-08-01T03:30:00+0200,154.96,EUR/MWh,DK2,DK_2,imbalance_price,Long,2026-08-11T19:14:45Z
2026-08-11T19:03:52Z,2026-08-11T21:03:52+0200,d65ae107-0026-470c-8885-f57b4d7803f4,2026-08-01T01:30:00Z,2026-08-01T03:30:00+0200,154.96,EUR/MWh,DK2,DK_2,imbalance_price,Short,2026-08-11T19:14:45Z
2026-08-11T19:03:52Z,2026-08-11T21:03:52+0200,d65ae107-0026-470c-8885-f57b4d7803f4,2026-08-01T01:45:00Z,2026-08-01T03:45:00+0200,225.33,EUR/MWh,DK2,DK_2,imbalance_price,Long,2026-08-11T19:14:45Z
2026-08-11T19:03:52Z,2026-08-11T21:03:52+0200,d65ae107-0026-470c-8885-f57b4d7803f4,2026-08-01T01:45:00Z,2026-08-01T03:45:00+0200,225.33,EUR/MWh,DK2,DK_2,imbalance_price,Short,2026-08-11T19:14:45Z
2026-08-11T19:03:52Z,2026-08-11T21:03:52+0200,d65ae107-0026-470c-8885-f57b4d7803f4,2026-08-01T02:00:00Z,2026-08-01T04:00:00+0200,233.09,EUR/MWh,DK2,DK_2,imbalance_price,Long,2026-08-11T19:14:45Z
2026-08-11T19:03:52Z,2026-08-11T21:03:52+0200,d65ae107-0026-470c-8885-f57b4d7803f4,2026-08-01T02:00:00Z,2026-08-01T04:00:00+0200,233.09,EUR/MWh,DK2,DK_2,imbalance_price,Short,2026-08-11T19:14:45Z
2026-08-11T19:03:52Z,2026-08-11T21:03:52+0200,d65ae107-0026-470c-8885-f57b4d7803f4,2026-08-01T02:15:00Z,2026-08-01T04:15:00+0200,227.72,EUR/MWh,DK2,DK_2,imbalance_price,Long,2026-08-11T19:14:45Z
2026-08-11T19:03:52Z,2026-08-11T21:03:52+0200,d65ae107-0026-470c-8885-f57b4d7803f4,2026-08-01T02:15:00Z,2026-08-01T04:15:00+0200,227.72,EUR/MWh,DK2,DK_2,imbalance_price,Short,2026-08-11T19:14:45Z
2026-08-11T19:03:52Z,2026-08-11T21:03:52+0200,d65ae107-0026-470c-8885-f57b4d7803f4,2026-08-01T02:30:00Z,2026-08-01T04:30:00+0200,224.53,EUR/MWh,DK2,DK_2,imbalance_price,Long,2026-08-11T19:14:45Z
2026-08-11T19:03:52Z,2026-08-11T21:03:52+0200,d65ae107-0026-470c-8885-f57b4d7803f4,2026-08-01T02:30:00Z,2026-08-01T04:30:00+0200,224.53,EUR/MWh,DK2,DK_2,imbalance_price,Short,2026-08-11T19:14:45Z
2026-08-11T19:03:52Z,2026-08-11T21:03:52+0200,d65ae107-0026-470c-8885-f57b4d7803f4,2026-08-01T02:45:00Z,2026-08-01T04:45:00+0200,228.52,EUR/MWh,DK2,DK_2,imbalance_price,Long,2026-08-11T19:14:45Z
2026-08-11T19:03:52Z,2026-08-11T21:03:52+0200,d65ae107-0026-470c-8885-f57b4d7803f4,2026-08-01T02:45:00Z,2026-08-01T04:45:00+0200,228.52,EUR/MWh,DK2,DK_2,imbalance_price,Short,2026-08-11T19:14:45Z
2026-08-11T19:03:52Z,2026-08-11T21:03:52+0200,d65ae107-0026-470c-8885-f57b4d7803f4,2026-08-01T03:00:00Z,2026-08-01T05:00:00+0200,126.75,EUR/MWh,DK2,DK_2,imbalance_price,Long,2026-08-11T19:14:45Z
2026-08-11T19:03:52Z,2026-08-11T21:03:52+0200,d65ae107-0026-470c-8885-f57b4d7803f4,2026-08-01T03:00:00Z,2026-08-01T05:00:00+0200,126.75,EUR/MWh,DK2,DK_2,imbalance_price,Short,2026-08-11T19:14:45Z
2026-08-11T19:03:52Z,2026-08-11T21:03:52+0200,d65ae107-0026-470c-8885-f57b4d7803f4,2026-08-01T03:15:00Z,2026-08-01T05:15:00+0200,214.0,EUR/MWh,DK2,DK_2,imbalance_price,Long,2026-08-11T19:14:45Z
2026-08-11T19:03:52Z,2026-08-11T21:03:52+0200,d65ae107-0026-470c-8885-f57b4d7803f4,2026-08-01T03:15:00Z,2026-08-01T05:15:00+0200,214.0,EUR/MWh,DK2,DK_2,imbalance_price,Short,2026-08-11T19:14:45Z
2026-08-11T19:03:52Z,2026-08-11T21:03:52+0200,d65ae107-0026-470c-8885-f57b4d7803f4,2026-08-01T03:30:00Z,2026-08-01T05:30:00+0200,155.13,EUR/MWh,DK2,DK_2,imbalance_price,Long,2026-08-11T19:14:45Z
2026-08-11T19:03:52Z,2026-08-11T21:03:52+0200,d65ae107-0026-470c-8885-f57b4d7803f4,2026-08-01T03:30:00Z,2026-08-01T05:30:00+0200,155.13,EUR/MWh,DK2,DK_2,imbalance_price,Short,2026-08-11T19:14:45Z
2026-08-11T19:03:52Z,2026-08-11T21:03:52+0200,d65ae107-0026-470c-8885-f57b4d7803f4,2026-08-01T03:45:00Z,2026-08-01T05:45:00+0200,156.42,EUR/MWh,DK2,DK_2,imbalance_price,Long,2026-08-11T19:14:45Z
2026-08-11T19:03:52Z,2026-08-11T21:03:52+0200,d65ae107-0026-470c-8885-f57b4d7803f4,2026-08-01T03:45:00Z,2026-08-01T05:45:00+0200,156.42,EUR/MWh,DK2,DK_2,imbalance_price,Short,2026-08-11T19:14:45Z
2026-08-11T19:03:52Z,2026-08-11T21:03:52+0200,d65ae107-0026-470c-8885-f57b4d7803f4,2026-08-01T04:00:00Z,2026-08-01T06:00:00+0200,159.22,EUR/MWh,DK2,DK_2,imbalance_price,Long,2026-08-11T19:14:45Z
2026-08-11T19:03:52Z,2026-08-11T21:03:52+0200,d65ae107-0026-470c-8885-f57b4d7803f4,2026-08-01T04:00:00Z,2026-08-01T06:00:00+0200,159.22,EUR/MWh,DK2,DK_2,imbalance_price,Short,2026-08-11T19:14:45Z
2026-08-11T19:03:52Z,2026-08-11T21:03:52+0200,d65ae107-0026-470c-8885-f57b4d7803f4,2026-08-01T04:15:00Z,2026-08-01T06:15:00+0200,73.12,EUR/MWh,DK2,DK_2,imbalance_price,Long,2026-08-11T19:14:45Z
2026-08-11T19:03:52Z,2026-08-11T21:03:52+0200,d65ae107-0026-470c-8885-f57b4d7803f4,2026-08-01T04:15:00Z,2026-08-01T06:15:00+0200,73.12,EUR/MWh,DK2,DK_2,imbalance_price,Short,2026-08-11T19:14:45Z
2026-08-11T19:03:52Z,2026-08-11T21:03:52+0200,d65ae107-0026-470c-8885-f57b4d7803f4,2026-08-01T04:30:00Z,2026-08-01T06:30:00+0200,115.51,EUR/MWh,DK2,DK_2,imbalance_price,Long,2026-08-11T19:14:45Z
2026-08-11T19:03:52Z,2026-08-11T21:03:52+0200,d65ae107-0026-470c-8885-f57b4d7803f4,2026-08-01T04:30:00Z,2026-08-01T06:30:00+0200,115.51,EUR/MWh,DK2,DK_2,imbalance_price,Short,2026-08-11T19:14:45Z
2026-08-11T19:03:52Z,2026-08-11T21:03:52+0200,d65ae107-0026-470c-8885-f57b4d7803f4,2026-08-01T04:45:00Z,2026-08-01T06:45:00+0200,114.41,EUR/MWh,DK2,DK_2,imbalance_price,Long,2026-08-11T19:14:45Z
2026-08-11T19:03:52Z,2026-08-11T21:03:52+0200,d65ae107-0026-470c-8885-f57b4d7803f4,2026-08-01T04:45:00Z,2026-08-01T06:45:00+0200,114.41,EUR/MWh,DK2,DK_2,imbalance_price,Short,2026-08-11T19:14:45Z
2026-08-11T19:03:52Z,2026-08-11T21:03:52+0200,d65ae107-0026-470c-8885-f57b4d7803f4,2026-08-01T05:00:00Z,2026-08-01T07:00:00+0200,124.86,EUR/MWh,DK2,DK_2,imbalance_price,Long,2026-08-11T19:14:45Z
2026-08-11T19:03:52Z,2026-08-11T21:03:52+0200,d65ae107-0026-470c-8885-f57b4d7803f4,2026-08-01T05:00:00Z,2026-08-01T07:00:00+0200,124.86,EUR/MWh,DK2,DK_2,imbalance_price,Short,2026-08-11T19:14:45Z
2026-08-11T19:03:52Z,2026-08-11T21:03:52+0200,d65ae107-0026-470c-8885-f57b4d7803f4,2026-08-01T05:15:00Z,2026-08-01T07:15:00+0200,123.07,EUR/MWh,DK2,DK_2,imbalance_price,Long,2026-08-11T19:14:45Z
2026-08-11T19:03:52Z,2026-08-11T21:03:52+0200,d65ae107-0026-470c-8885-f57b4d7803f4,2026-08-01T05:15:00Z,2026-08-01T07:15:00+0200,123.07,EUR/MWh,DK2,DK_2,imbalance_price,Short,2026-08-11T19:14:45Z
2026-08-11T19:03:52Z,2026-08-11T21:03:52+0200,d65ae107-0026-470c-8885-f57b4d7803f4,2026-08-01T05:30:00Z,2026-08-01T07:30:00+0200,100.78,EUR/MWh,DK2,DK_2,imbalance_price,Long,2026-08-11T19:14:45Z
2026-08-11T19:03:52Z,2026-08-11T21:03:52+0200,d65ae107-0026-470c-8885-f57b4d7803f4,2026-08-01T05:30:00Z,2026-08-01T07:30:00+0200,100.78,EUR/MWh,DK2,DK_2,imbalance_price,Short,2026-08-11T19:14:45Z
2026-08-11T19:03:52Z,2026-08-11T21:03:52+0200,d65ae107-0026-470c-8885-f57b4d7803f4,2026-08-01T05:45:00Z,2026-08-01T07:45:00+0200,105.82,EUR/MWh,DK2,DK_2,imbalance_price,Long,2026-08-11T19:14:45Z
2026-08-11T19:03:52Z,2026-08-11T21:03:52+0200,d65ae107-0026-470c-8885-f57b4d7803f4,2026-08-01T05:45:00Z,2026-08-01T07:45:00+0200,105.82,EUR/MWh,DK2,DK_2,imbalance_price,Short,2026-08-11T19:14:45Z
2026-08-11T19:03:52Z,2026-08-11T21:03:52+0200,d65ae107-0026-470c-8885-f57b4d7803f4,2026-08-01T06:00:00Z,2026-08-01T08:00:00+0200,160.86,EUR/MWh,DK2,DK_2,imbalance_price,Long,2026-08-11T19:14:45Z
2026-08-11T19:03:52Z,2026-08-11T21:03:52+0200,d65ae107-0026-470c-8885-f57b4d7803f4,2026-08-01T06:00:00Z,2026-08-01T08:00:00+0200,160.86,EUR/MWh,DK2,DK_2,imbalance_price,Short,2026-08-11T19:14:45Z
2026-08-11T19:03:52Z,2026-08-11T21:03:52+0200,d65ae107-0026-470c-8885-f57b4d7803f4,2026-08-01T06:15:00Z,2026-08-01T08:15:00+0200,143.7,EUR/MWh,DK2,DK_2,imbalance_price,Long,2026-08-11T19:14:45Z
2026-08-11T19:03:52Z,2026-08-11T21:03:52+0200,d65ae107-0026-470c-8885-f57b4d7803f4,2026-08-01T06:15:00Z,2026-08-01T08:15:00+0200,143.7,EUR/MWh,DK2,DK_2,imbalance_price,Short,2026-08-11T19:14:45Z
2026-08-11T19:03:52Z,2026-08-11T21:03:52+0200,d65ae107-0026-470c-8885-f57b4d7803f4,2026-08-01T06:30:00Z,2026-08-01T08:30:00+0200,81.08,EUR/MWh,DK2,DK_2,imbalance_price,Long,2026-08-11T19:14:45Z
2026-08-11T19:03:52Z,2026-08-11T21:03:52+0200,d65ae107-0026-470c-8885-f57b4d7803f4,2026-08-01T06:30:00Z,2026-08-01T08:30:00+0200,81.08,EUR/MWh,DK2,DK_2,imbalance_price,Short,2026-08-11T19:14:45Z
2026-08-11T19:03:52Z,2026-08-11T21:03:52+0200,d65ae107-0026-470c-8885-f57b4d7803f4,2026-08-01T06:45:00Z,2026-08-01T08:45:00+0200,80.1,EUR/MWh,DK2,DK_2,imbalance_price,Long,2026-08-11T19:14:45Z
2026-08-11T19:03:52Z,2026-08-11T21:03:52+0200,d65ae107-0026-470c-8885-f57b4d7803f4,2026-08-01T06:45:00Z,2026-08-01T08:45:00+0200,80.1,EUR/MWh,DK2,DK_2,imbalance_price,Short,2026-08-11T19:14:45Z
2026-08-11T19:03:52Z,2026-08-11T21:03:52+0200,d65ae107-0026-470c-8885-f57b4d7803f4,2026-08-01T07:00:00Z,2026-08-01T09:00:00+0200,27.89,EUR/MWh,DK2,DK_2,imbalance_price,Long,2026-08-11T19:14:45Z
2026-08-11T19:03:52Z,2026-08-11T21:03:52+0200,d65ae107-0026-470c-8885-f57b4d7803f4,2026-08-01T07:00:00Z,2026-08-01T09:00:00+0200,27.89,EUR/MWh,DK2,DK_2,imbalance_price,Short,2026-08-11T19:14:45Z
2026-08-11T19:03:52Z,2026-08-11T21:03:52+0200,d65ae107-0026-470c-8885-f57b4d7803f4,2026-08-01T07:15:00Z,2026-08-01T09:15:00+0200,21.55,EUR/MWh,DK2,DK_2,imbalance_price,Long,2026-08-11T19:14:45Z
2026-08-11T19:03:52Z,2026-08-11T21:03:52+0200,d65ae107-0026-470c-8885-f57b4d7803f4,2026-08-01T07:15:00Z,2026-08-01T09:15:00+0200,21.55,EUR/MWh,DK2,DK_2,imbalance_price,Short,2026-08-11T19:14:45Z
2026-08-11T19:03:52Z,2026-08-11T21:03:52+0200,d65ae107-0026-470c-8885-f57b4d7803f4,2026-08-01T07:30:00Z,2026-08-01T09:30:00+0200,30.69,EUR/MWh,DK2,DK_2,imbalance_price,Long,2026-08-11T19:14:45Z
2026-08-11T19:03:52Z,2026-08-11T21:03:52+0200,d65ae107-0026-470c-8885-f57b4d7803f4,2026-08-01T07:30:00Z,2026-08-01T09:30:00+0200,30.69,EUR/MWh,DK2,DK_2,imbalance_price,Short,2026-08-11T19:14:45Z
2026-08-11T19:03:52Z,2026-08-11T21:03:52+0200,d65ae107-0026-470c-8885-f57b4d7803f4,2026-08-01T07:45:00Z,2026-08-01T09:45:00+0200,104.73,EUR/MWh,DK2,DK_2,imbalance_price,Long,2026-08-11T19:14:45Z
2026-08-11T19:03:52Z,2026-08-11T21:03:52+0200,d65ae107-0026-470c-8885-f57b4d7803f4,2026-08-01T07:45:00Z,2026-08-01T09:45:00+0200,104.73,EUR/MWh,DK2,DK_2,imbalance_price,Short,2026-08-11T19:14:45Z
2026-08-11T19:03:52Z,2026-08-11T21:03:52+0200,d65ae107-0026-470c-8885-f57b4d7803f4,2026-08-01T08:00:00Z,2026-08-01T10:00:00+0200,73.12,EUR/MWh,DK2,DK_2,imbalance_price,Long,2026-08-11T19:14:45Z
2026-08-11T19:03:52Z,2026-08-11T21:03:52+0200,d65ae107-0026-470c-8885-f57b4d7803f4,2026-08-01T08:00:00Z,2026-08-01T10:00:00+0200,73.12,EUR/MWh,DK2,DK_2,imbalance_price,Short,2026-08-11T19:14:45Z
2026-08-11T19:03:52Z,2026-08-11T21:03:52+0200,d65ae107-0026-470c-8885-f57b4d7803f4,2026-08-01T08:15:00Z,2026-08-01T10:15:00+0200,103.47,EUR/MWh,DK2,DK_2,imbalance_price,Long,2026-08-11T19:14:45Z
2026-08-11T19:03:52Z,2026-08-11T21:03:52+0200,d65ae107-0026-470c-8885-f57b4d7803f4,2026-08-01T08:15:00Z,2026-08-01T10:15:00+0200,103.47,EUR/MWh,DK2,DK_2,imbalance_price,Short,2026-08-11T19:14:45Z
2026-08-11T19:03:52Z,2026-08-11T21:03:52+0200,d65ae107-0026-470c-8885-f57b4d7803f4,2026-08-01T08:30:00Z,2026-08-01T10:30:00+0200,100.19,EUR/MWh,DK2,DK_2,imbalance_price,Long,2026-08-11T19:14:45Z
2026-08-11T19:03:52Z,2026-08-11T21:03:52+0200,d65ae107-0026-470c-8885-f57b4d7803f4,2026-08-01T08:30:00Z,2026-08-01T10:30:00+0200,100.19,EUR/MWh,DK2,DK_2,imbalance_price,Short,2026-08-11T19:14:45Z
2026-08-11T19:03:52Z,2026-08-11T21:03:52+0200,d65ae107-0026-470c-8885-f57b4d7803f4,2026-08-01T08:45:00Z,2026-08-01T10:45:00+0200,112.66,EUR/MWh,DK2,DK_2,imbalance_price,Long,2026-08-11T19:14:45Z
2026-08-11T19:03:52Z,2026-08-11T21:03:52+0200,d65ae107-0026-470c-8885-f57b4d7803f4,2026-08-01T08:45:00Z,2026-08-01T10:45:00+0200,112.66,EUR/MWh,DK2,DK_2,imbalance_price,Short,2026-08-11T19:14:45Z
2026-08-11T19:03:52Z,2026-08-11T21:03:52+0200,d65ae107-0026-470c-8885-f57b4d7803f4,2026-08-01T09:00:00Z,2026-08-01T11:00:00+0200,109.64,EUR/MWh,DK2,DK_2,imbalance_price,Long,2026-08-11T19:14:45Z
2026-08-11T19:03:52Z,2026-08-11T21:03:52+0200,d65ae107-0026-470c-8885-f57b4d7803f4,2026-08-01T09:00:00Z,2026-08-01T11:00:00+0200,109.64,EUR/MWh,DK2,DK_2,imbalance_price,Short,2026-08-11T19:14:45Z
2026-08-11T19:03:52Z,2026-08-11T21:03:52+0200,d65ae107-0026-470c-8885-f57b4d7803f4,2026-08-01T09:15:00Z,2026-08-01T11:15:00+0200,267.59,EUR/MWh,DK2,DK_2,imbalance_price,Long,2026-08-11T19:14:45Z
2026-08-11T19:03:52Z,2026-08-11T21:03:52+0200,d65ae107-0026-470c-8885-f57b4d7803f4,2026-08-01T09:15:00Z,2026-08-01T11:15:00+0200,267.59,EUR/MWh,DK2,DK_2,imbalance_price,Short,2026-08-11T19:14:45Z
2026-08-11T19:03:52Z,2026-08-11T21:03:52+0200,d65ae107-0026-470c-8885-f57b4d7803f4,2026-08-01T09:30:00Z,2026-08-01T11:30:00+0200,80.68,EUR/MWh,DK2,DK_2,imbalance_price,Long,2026-08-11T19:14:45Z
2026-08-11T19:03:52Z,2026-08-11T21:03:52+0200,d65ae107-0026-470c-8885-f57b4d7803f4,2026-08-01T09:30:00Z,2026-08-01T11:30:00+0200,80.68,EUR/MWh,DK2,DK_2,imbalance_price,Short,2026-08-11T19:14:45Z
2026-08-11T19:03:52Z,2026-08-11T21:03:52+0200,d65ae107-0026-470c-8885-f57b4d7803f4,2026-08-01T09:45:00Z,2026-08-01T11:45:00+0200,10.24,EUR/MWh,DK2,DK_2,imbalance_price,Long,2026-08-11T19:14:45Z
2026-08-11T19:03:52Z,2026-08-11T21:03:52+0200,d65ae107-0026-470c-8885-f57b4d7803f4,2026-08-01T09:45:00Z,2026-08-01T11:45:00+0200,10.24,EUR/MWh,DK2,DK_2,imbalance_price,Short,2026-08-11T19:14:45Z
2026-08-11T19:03:52Z,2026-08-11T21:03:52+0200,d65ae107-0026-470c-8885-f57b4d7803f4,2026-08-01T10:00:00Z,2026-08-01T12:00:00+0200,4.13,EUR/MWh,DK2,DK_2,imbalance_price,Long,2026-08-11T19:14:45Z
2026-08-11T19:03:52Z,2026-08-11T21:03:52+0200,d65ae107-0026-470c-8885-f57b4d7803f4,2026-08-01T10:00:00Z,2026-08-01T12:00:00+0200,4.13,EUR/MWh,DK2,DK_2,imbalance_price,Short,2026-08-11T19:14:45Z
2026-08-11T19:03:52Z,2026-08-11T21:03:52+0200,d65ae107-0026-470c-8885-f57b4d7803f4,2026-08-01T10:15:00Z,2026-08-01T12:15:00+0200,4.01,EUR/MWh,DK2,DK_2,imbalance_price,Long,2026-08-11T19:14:45Z
2026-08-11T19:03:52Z,2026-08-11T21:03:52+0200,d65ae107-0026-470c-8885-f57b4d7803f4,2026-08-01T10:15:00Z,2026-08-01T12:15:00+0200,4.01,EUR/MWh,DK2,DK_2,imbalance_price,Short,2026-08-11T19:14:45Z
2026-08-11T19:03:52Z,2026-08-11T21:03:52+0200,d65ae107-0026-470c-8885-f57b4d7803f4,2026-08-01T10:30:00Z,2026-08-01T12:30:00+0200,12.24,EUR/MWh,DK2,DK_2,imbalance_price,Long,2026-08-11T19:14:45Z
2026-08-11T19:03:52Z,2026-08-11T21:03:52+0200,d65ae107-0026-470c-8885-f57b4d7803f4,2026-08-01T10:30:00Z,2026-08-01T12:30:00+0200,12.24,EUR/MWh,DK2,DK_2,imbalance_price,Short,2026-08-11T19:14:45Z
2026-08-11T19:03:52Z,2026-08-11T21:03:52+0200,d65ae107-0026-470c-8885-f57b4d7803f4,2026-08-01T10:45:00Z,2026-08-01T12:45:00+0200,4.48,EUR/MWh,DK2,DK_2,imbalance_price,Long,2026-08-11T19:14:45Z
2026-08-11T19:03:52Z,2026-08-11T21:03:52+0200,d65ae107-0026-470c-8885-f57b4d7803f4,2026-08-01T10:45:00Z,2026-08-01T12:45:00+0200,4.48,EUR/MWh,DK2,DK_2,imbalance_price,Short,2026-08-11T19:14:45Z
2026-08-11T19:03:52Z,2026-08-11T21:03:52+0200,d65ae107-0026-470c-8885-f57b4d7803f4,2026-08-01T11:00:00Z,2026-08-01T13:00:00+0200,6.07,EUR/MWh,DK2,DK_2,imbalance_price,Long,2026-08-11T19:14:45Z
2026-08-11T19:03:52Z,2026-08-11T21:03:52+0200,d65ae107-0026-470c-8885-f57b4d7803f4,2026-08-01T11:00:00Z,2026-08-01T13:00:00+0200,6.07,EUR/MWh,DK2,DK_2,imbalance_price,Short,2026-08-11T19:14:45Z
2026-08-11T19:03:52Z,2026-08-11T21:03:52+0200,d65ae107-0026-470c-8885-f57b4d7803f4,2026-08-01T11:15:00Z,2026-08-01T13:15:00+0200,4.98,EUR/MWh,DK2,DK_2,imbalance_price,Long,2026-08-11T19:14:45Z
2026-08-11T19:03:52Z,2026-08-11T21:03:52+0200,d65ae107-0026-470c-8885-f57b4d7803f4,2026-08-01T11:15:00Z,2026-08-01T13:15:00+0200,4.98,EUR/MWh,DK2,DK_2,imbalance_price,Short,2026-08-11T19:14:45Z
2026-08-11T19:03:52Z,2026-08-11T21:03:52+0200,d65ae107-0026-470c-8885-f57b4d7803f4,2026-08-01T11:30:00Z,2026-08-01T13:30:00+0200,4.74,EUR/MWh,DK2,DK_2,imbalance_price,Long,2026-08-11T19:14:45Z
2026-08-11T19:03:52Z,2026-08-11T21:03:52+0200,d65ae107-0026-470c-8885-f57b4d7803f4,2026-08-01T11:30:00Z,2026-08-01T13:30:00+0200,4.74,EUR/MWh,DK2,DK_2,imbalance_price,Short,2026-08-11T19:14:45Z
2026-08-11T19:03:52Z,2026-08-11T21:03:52+0200,d65ae107-0026-470c-8885-f57b4d7803f4,2026-08-01T11:45:00Z,2026-08-01T13:45:00+0200,4.58,EUR/MWh,DK2,DK_2,imbalance_price,Long,2026-08-11T19:14:45Z
2026-08-11T19:03:52Z,2026-08-11T21:03:52+0200,d65ae107-0026-470c-8885-f57b4d7803f4,2026-08-01T11:45:00Z,2026-08-01T13:45:00+0200,4.58,EUR/MWh,DK2,DK_2,imbalance_price,Short,2026-08-11T19:14:45Z
2026-08-11T19:03:52Z,2026-08-11T21:03:52+0200,d65ae107-0026-470c-8885-f57b4d7803f4,2026-08-01T12:00:00Z,2026-08-01T14:00:00+0200,3.46,EUR/MWh,DK2,DK_2,imbalance_price,Long,2026-08-11T19:14:45Z
2026-08-11T19:03:52Z,2026-08-11T21:03:52+0200,d65ae107-0026-470c-8885-f57b4d7803f4,2026-08-01T12:00:00Z,2026-08-01T14:00:00+0200,3.46,EUR/MWh,DK2,DK_2,imbalance_price,Short,2026-08-11T19:14:45Z
2026-08-11T19:03:52Z,2026-08-11T21:03:52+0200,d65ae107-0026-470c-8885-f57b4d7803f4,2026-08-01T12:15:00Z,2026-08-01T14:15:00+0200,6.0,EUR/MWh,DK2,DK_2,imbalance_price,Long,2026-08-11T19:14:45Z
2026-08-11T19:03:52Z,2026-08-11T21:03:52+0200,d65ae107-0026-470c-8885-f57b4d7803f4,2026-08-01T12:15:00Z,2026-08-01T14:15:00+0200,6.0,EUR/MWh,DK2,DK_2,imbalance_price,Short,2026-08-11T19:14:45Z
2026-08-11T19:03:52Z,2026-08-11T21:03:52+0200,d65ae107-0026-470c-8885-f57b4d7803f4,2026-08-01T12:30:00Z,2026-08-01T14:30:00+0200,3.46,EUR/MWh,DK2,DK_2,imbalance_price,Long,2026-08-11T19:14:45Z
2026-08-11T19:03:52Z,2026-08-11T21:03:52+0200,d65ae107-0026-470c-8885-f57b4d7803f4,2026-08-01T12:30:00Z,2026-08-01T14:30:00+0200,3.46,EUR/MWh,DK2,DK_2,imbalance_price,Short,2026-08-11T19:14:45Z
2026-08-11T19:03:52Z,2026-08-11T21:03:52+0200,d65ae107-0026-470c-8885-f57b4d7803f4,2026-08-01T12:45:00Z,2026-08-01T14:45:00+0200,4.18,EUR/MWh,DK2,DK_2,imbalance_price,Long,2026-08-11T19:14:45Z
2026-08-11T19:03:52Z,2026-08-11T21:03:52+0200,d65ae107-0026-470c-8885-f57b4d7803f4,2026-08-01T12:45:00Z,2026-08-01T14:45:00+0200,4.18,EUR/MWh,DK2,DK_2,imbalance_price,Short,2026-08-11T19:14:45Z
2026-08-11T19:03:52Z,2026-08-11T21:03:52+0200,d65ae107-0026-470c-8885-f57b4d7803f4,2026-08-01T13:00:00Z,2026-08-01T15:00:00+0200,2.08,EUR/MWh,DK2,DK_2,imbalance_price,Long,2026-08-11T19:14:45Z
2026-08-11T19:03:52Z,2026-08-11T21:03:52+0200,d65ae107-0026-470c-8885-f57b4d7803f4,2026-08-01T13:00:00Z,2026-08-01T15:00:00+0200,2.08,EUR/MWh,DK2,DK_2,imbalance_price,Short,2026-08-11T19:14:45Z
2026-08-11T19:03:52Z,2026-08-11T21:03:52+0200,d65ae107-0026-470c-8885-f57b4d7803f4,2026-08-01T13:15:00Z,2026-08-01T15:15:00+0200,67.36,EUR/MWh,DK2,DK_2,imbalance_price,Long,2026-08-11T19:14:45Z
2026-08-11T19:03:52Z,2026-08-11T21:03:52+0200,d65ae107-0026-470c-8885-f57b4d7803f4,2026-08-01T13:15:00Z,2026-08-01T15:15:00+0200,67.36,EUR/MWh,DK2,DK_2,imbalance_price,Short,2026-08-11T19:14:45Z
2026-08-11T19:03:52Z,2026-08-11T21:03:52+0200,d65ae107-0026-470c-8885-f57b4d7803f4,2026-08-01T13:30:00Z,2026-08-01T15:30:00+0200,78.85,EUR/MWh,DK2,DK_2,imbalance_price,Long,2026-08-11T19:14:45Z
2026-08-11T19:03:52Z,2026-08-11T21:03:52+0200,d65ae107-0026-470c-8885-f57b4d7803f4,2026-08-01T13:30:00Z,2026-08-01T15:30:00+0200,78.85,EUR/MWh,DK2,DK_2,imbalance_price,Short,2026-08-11T19:14:45Z
2026-08-11T19:03:52Z,2026-08-11T21:03:52+0200,d65ae107-0026-470c-8885-f57b4d7803f4,2026-08-01T13:45:00Z,2026-08-01T15:45:00+0200,14.17,EUR/MWh,DK2,DK_2,imbalance_price,Long,2026-08-11T19:14:45Z
2026-08-11T19:03:52Z,2026-08-11T21:03:52+0200,d65ae107-0026-470c-8885-f57b4d7803f4,2026-08-01T13:45:00Z,2026-08-01T15:45:00+0200,14.17,EUR/MWh,DK2,DK_2,imbalance_price,Short,2026-08-11T19:14:45Z
2026-08-11T19:03:52Z,2026-08-11T21:03:52+0200,d65ae107-0026-470c-8885-f57b4d7803f4,2026-08-01T14:00:00Z,2026-08-01T16:00:00+0200,3.46,EUR/MWh,DK2,DK_2,imbalance_price,Long,2026-08-11T19:14:45Z
2026-08-11T19:03:52Z,2026-08-11T21:03:52+0200,d65ae107-0026-470c-8885-f57b4d7803f4,2026-08-01T14:00:00Z,2026-08-01T16:00:00+0200,3.46,EUR/MWh,DK2,DK_2,imbalance_price,Short,2026-08-11T19:14:45Z
2026-08-11T19:03:52Z,2026-08-11T21:03:52+0200,d65ae107-0026-470c-8885-f57b4d7803f4,2026-08-01T14:15:00Z,2026-08-01T16:15:00+0200,3.54,EUR/MWh,DK2,DK_2,imbalance_price,Long,2026-08-11T19:14:45Z
2026-08-11T19:03:52Z,2026-08-11T21:03:52+0200,d65ae107-0026-470c-8885-f57b4d7803f4,2026-08-01T14:15:00Z,2026-08-01T16:15:00+0200,3.54,EUR/MWh,DK2,DK_2,imbalance_price,Short,2026-08-11T19:14:45Z
2026-08-11T19:03:52Z,2026-08-11T21:03:52+0200,d65ae107-0026-470c-8885-f57b4d7803f4,2026-08-01T14:30:00Z,2026-08-01T16:30:00+0200,8.8,EUR/MWh,DK2,DK_2,imbalance_price,Long,2026-08-11T19:14:45Z
2026-08-11T19:03:52Z,2026-08-11T21:03:52+0200,d65ae107-0026-470c-8885-f57b4d7803f4,2026-08-01T14:30:00Z,2026-08-01T16:30:00+0200,8.8,EUR/MWh,DK2,DK_2,imbalance_price,Short,2026-08-11T19:14:45Z
2026-08-11T19:03:52Z,2026-08-11T21:03:52+0200,d65ae107-0026-470c-8885-f57b4d7803f4,2026-08-01T14:45:00Z,2026-08-01T16:45:00+0200,18.0,EUR/MWh,DK2,DK_2,imbalance_price,Long,2026-08-11T19:14:45Z
2026-08-11T19:03:52Z,2026-08-11T21:03:52+0200,d65ae107-0026-470c-8885-f57b4d7803f4,2026-08-01T14:45:00Z,2026-08-01T16:45:00+0200,18.0,EUR/MWh,DK2,DK_2,imbalance_price,Short,2026-08-11T19:14:45Z
2026-08-11T19:03:52Z,2026-08-11T21:03:52+0200,d65ae107-0026-470c-8885-f57b4d7803f4,2026-08-01T15:00:00Z,2026-08-01T17:00:00+0200,87.11,EUR/MWh,DK2,DK_2,imbalance_price,Long,2026-08-11T19:14:45Z
2026-08-11T19:03:52Z,2026-08-11T21:03:52+0200,d65ae107-0026-470c-8885-f57b4d7803f4,2026-08-01T15:00:00Z,2026-08-01T17:00:00+0200,87.11,EUR/MWh,DK2,DK_2,imbalance_price,Short,2026-08-11T19:14:45Z
2026-08-11T19:03:52Z,2026-08-11T21:03:52+0200,d65ae107-0026-470c-8885-f57b4d7803f4,2026-08-01T15:15:00Z,2026-08-01T17:15:00+0200,30.02,EUR/MWh,DK2,DK_2,imbalance_price,Long,2026-08-11T19:14:45Z
2026-08-11T19:03:52Z,2026-08-11T21:03:52+0200,d65ae107-0026-470c-8885-f57b4d7803f4,2026-08-01T15:15:00Z,2026-08-01T17:15:00+0200,30.02,EUR/MWh,DK2,DK_2,imbalance_price,Short,2026-08-11T19:14:45Z
2026-08-11T19:03:52Z,2026-08-11T21:03:52+0200,d65ae107-0026-470c-8885-f57b4d7803f4,2026-08-01T15:30:00Z,2026-08-01T17:30:00+0200,56.73,EUR/MWh,DK2,DK_2,imbalance_price,Long,2026-08-11T19:14:45Z
2026-08-11T19:03:52Z,2026-08-11T21:03:52+0200,d65ae107-0026-470c-8885-f57b4d7803f4,2026-08-01T15:30:00Z,2026-08-01T17:30:00+0200,56.73,EUR/MWh,DK2,DK_2,imbalance_price,Short,2026-08-11T19:14:45Z
2026-08-11T19:03:52Z,2026-08-11T21:03:52+0200,d65ae107-0026-470c-8885-f57b4d7803f4,2026-08-01T15:45:00Z,2026-08-01T17:45:00+0200,123.89,EUR/MWh,DK2,DK_2,imbalance_price,Long,2026-08-11T19:14:45Z
2026-08-11T19:03:52Z,2026-08-11T21:03:52+0200,d65ae107-0026-470c-8885-f57b4d7803f4,2026-08-01T15:45:00Z,2026-08-01T17:45:00+0200,123.89,EUR/MWh,DK2,DK_2,imbalance_price,Short,2026-08-11T19:14:45Z
2026-08-11T19:03:52Z,2026-08-11T21:03:52+0200,d65ae107-0026-470c-8885-f57b4d7803f4,2026-08-01T16:00:00Z,2026-08-01T18:00:00+0200,119.59,EUR/MWh,DK2,DK_2,imbalance_price,Long,2026-08-11T19:14:45Z
2026-08-11T19:03:52Z,2026-08-11T21:03:52+0200,d65ae107-0026-470c-8885-f57b4d7803f4,2026-08-01T16:00:00Z,2026-08-01T18:00:00+0200,119.59,EUR/MWh,DK2,DK_2,imbalance_price,Short,2026-08-11T19:14:45Z
2026-08-11T19:03:52Z,2026-08-11T21:03:52+0200,d65ae107-0026-470c-8885-f57b4d7803f4,2026-08-01T16:15:00Z,2026-08-01T18:15:00+0200,120.2,EUR/MWh,DK2,DK_2,imbalance_price,Long,2026-08-11T19:14:45Z
2026-08-11T19:03:52Z,2026-08-11T21:03:52+0200,d65ae107-0026-470c-8885-f57b4d7803f4,2026-08-01T16:15:00Z,2026-08-01T18:15:00+0200,120.2,EUR/MWh,DK2,DK_2,imbalance_price,Short,2026-08-11T19:14:45Z
2026-08-11T19:03:52Z,2026-08-11T21:03:52+0200,d65ae107-0026-470c-8885-f57b4d7803f4,2026-08-01T16:30:00Z,2026-08-01T18:30:00+0200,159.82,EUR/MWh,DK2,DK_2,imbalance_price,Long,2026-08-11T19:14:45Z
2026-08-11T19:03:52Z,2026-08-11T21:03:52+0200,d65ae107-0026-470c-8885-f57b4d7803f4,2026-08-01T16:30:00Z,2026-08-01T18:30:00+0200,159.82,EUR/MWh,DK2,DK_2,imbalance_price,Short,2026-08-11T19:14:45Z
2026-08-11T19:03:52Z,2026-08-11T21:03:52+0200,d65ae107-0026-470c-8885-f57b4d7803f4,2026-08-01T16:45:00Z,2026-08-01T18:45:00+0200,164.06,EUR/MWh,DK2,DK_2,imbalance_price,Long,2026-08-11T19:14:45Z
2026-08-11T19:03:52Z,2026-08-11T21:03:52+0200,d65ae107-0026-470c-8885-f57b4d7803f4,2026-08-01T16:45:00Z,2026-08-01T18:45:00+0200,164.06,EUR/MWh,DK2,DK_2,imbalance_price,Short,2026-08-11T19:14:45Z
2026-08-11T19:03:52Z,2026-08-11T21:03:52+0200,d65ae107-0026-470c-8885-f57b4d7803f4,2026-08-01T17:00:00Z,2026-08-01T19:00:00+0200,294.35,EUR/MWh,DK2,DK_2,imbalance_price,Long,2026-08-11T19:14:45Z
2026-08-11T19:03:52Z,2026-08-11T21:03:52+0200,d65ae107-0026-470c-8885-f57b4d7803f4,2026-08-01T17:00:00Z,2026-08-01T19:00:00+0200,294.35,EUR/MWh,DK2,DK_2,imbalance_price,Short,2026-08-11T19:14:45Z
2026-08-11T19:03:52Z,2026-08-11T21:03:52+0200,d65ae107-0026-470c-8885-f57b4d7803f4,2026-08-01T17:15:00Z,2026-08-01T19:15:00+0200,202.48,EUR/MWh,DK2,DK_2,imbalance_price,Long,2026-08-11T19:14:45Z
2026-08-11T19:03:52Z,2026-08-11T21:03:52+0200,d65ae107-0026-470c-8885-f57b4d7803f4,2026-08-01T17:15:00Z,2026-08-01T19:15:00+0200,202.48,EUR/MWh,DK2,DK_2,imbalance_price,Short,2026-08-11T19:14:45Z
2026-08-11T19:03:52Z,2026-08-11T21:03:52+0200,d65ae107-0026-470c-8885-f57b4d7803f4,2026-08-01T17:30:00Z,2026-08-01T19:30:00+0200,189.74,EUR/MWh,DK2,DK_2,imbalance_price,Long,2026-08-11T19:14:45Z
2026-08-11T19:03:52Z,2026-08-11T21:03:52+0200,d65ae107-0026-470c-8885-f57b4d7803f4,2026-08-01T17:30:00Z,2026-08-01T19:30:00+0200,189.74,EUR/MWh,DK2,DK_2,imbalance_price,Short,2026-08-11T19:14:45Z
2026-08-11T19:03:52Z,2026-08-11T21:03:52+0200,d65ae107-0026-470c-8885-f57b4d7803f4,2026-08-01T17:45:00Z,2026-08-01T19:45:00+0200,186.7,EUR/MWh,DK2,DK_2,imbalance_price,Long,2026-08-11T19:14:45Z
2026-08-11T19:03:52Z,2026-08-11T21:03:52+0200,d65ae107-0026-470c-8885-f57b4d7803f4,2026-08-01T17:45:00Z,2026-08-01T19:45:00+0200,186.7,EUR/MWh,DK2,DK_2,imbalance_price,Short,2026-08-11T19:14:45Z
2026-08-11T19:03:52Z,2026-08-11T21:03:52+0200,d65ae107-0026-470c-8885-f57b4d7803f4,2026-08-01T18:00:00Z,2026-08-01T20:00:00+0200,174.34,EUR/MWh,DK2,DK_2,imbalance_price,Long,2026-08-11T19:14:45Z
2026-08-11T19:03:52Z,2026-08-11T21:03:52+0200,d65ae107-0026-470c-8885-f57b4d7803f4,2026-08-01T18:00:00Z,2026-08-01T20:00:00+0200,174.34,EUR/MWh,DK2,DK_2,imbalance_price,Short,2026-08-11T19:14:45Z
2026-08-11T19:03:52Z,2026-08-11T21:03:52+0200,d65ae107-0026-470c-8885-f57b4d7803f4,2026-08-01T18:15:00Z,2026-08-01T20:15:00+0200,245.67,EUR/MWh,DK2,DK_2,imbalance_price,Long,2026-08-11T19:14:45Z
2026-08-11T19:03:52Z,2026-08-11T21:03:52+0200,d65ae107-0026-470c-8885-f57b4d7803f4,2026-08-01T18:15:00Z,2026-08-01T20:15:00+0200,245.67,EUR/MWh,DK2,DK_2,imbalance_price,Short,2026-08-11T19:14:45Z
2026-08-11T19:03:52Z,2026-08-11T21:03:52+0200,d65ae107-0026-470c-8885-f57b4d7803f4,2026-08-01T18:30:00Z,2026-08-01T20:30:00+0200,182.83,EUR/MWh,DK2,DK_2,imbalance_price,Long,2026-08-11T19:14:45Z
2026-08-11T19:03:52Z,2026-08-11T21:03:52+0200,d65ae107-0026-470c-8885-f57b4d7803f4,2026-08-01T18:30:00Z,2026-08-01T20:30:00+0200,182.83,EUR/MWh,DK2,DK_2,imbalance_price,Short,2026-08-11T19:14:45Z
2026-08-11T19:03:52Z,2026-08-11T21:03:52+0200,d65ae107-0026-470c-8885-f57b4d7803f4,2026-08-01T18:45:00Z,2026-08-01T20:45:00+0200,184.87,EUR/MWh,DK2,DK_2,imbalance_price,Long,2026-08-11T19:14:45Z
2026-08-11T19:03:52Z,2026-08-11T21:03:52+0200,d65ae107-0026-470c-8885-f57b4d7803f4,2026-08-01T18:45:00Z,2026-08-01T20:45:00+0200,184.87,EUR/MWh,DK2,DK_2,imbalance_price,Short,2026-08-11T19:14:45Z
2026-08-11T19:03:52Z,2026-08-11T21:03:52+0200,d65ae107-0026-470c-8885-f57b4d7803f4,2026-08-01T19:00:00Z,2026-08-01T21:00:00+0200,204.04,EUR/MWh,DK2,DK_2,imbalance_price,Long,2026-08-11T19:14:45Z
2026-08-11T19:03:52Z,2026-08-11T21:03:52+0200,d65ae107-0026-470c-8885-f57b4d7803f4,2026-08-01T19:00:00Z,2026-08-01T21:00:00+0200,204.04,EUR/MWh,DK2,DK_2,imbalance_price,Short,2026-08-11T19:14:45Z
2026-08-11T19:03:52Z,2026-08-11T21:03:52+0200,d65ae107-0026-470c-8885-f57b4d7803f4,2026-08-01T19:15:00Z,2026-08-01T21:15:00+0200,133.82,EUR/MWh,DK2,DK_2,imbalance_price,Long,2026-08-11T19:14:45Z
2026-08-11T19:03:52Z,2026-08-11T21:03:52+0200,d65ae107-0026-470c-8885-f57b4d7803f4,2026-08-01T19:15:00Z,2026-08-01T21:15:00+0200,133.82,EUR/MWh,DK2,DK_2,imbalance_price,Short,2026-08-11T19:14:45Z
2026-08-11T19:03:52Z,2026-08-11T21:03:52+0200,d65ae107-0026-470c-8885-f57b4d7803f4,2026-08-01T19:30:00Z,2026-08-01T21:30:00+0200,182.41,EUR/MWh,DK2,DK_2,imbalance_price,Long,2026-08-11T19:14:45Z
2026-08-11T19:03:52Z,2026-08-11T21:03:52+0200,d65ae107-0026-470c-8885-f57b4d7803f4,2026-08-01T19:30:00Z,2026-08-01T21:30:00+0200,182.41,EUR/MWh,DK2,DK_2,imbalance_price,Short,2026-08-11T19:14:45Z
2026-08-11T19:03:52Z,2026-08-11T21:03:52+0200,d65ae107-0026-470c-8885-f57b4d7803f4,2026-08-01T19:45:00Z,2026-08-01T21:45:00+0200,173.85,EUR/MWh,DK2,DK_2,imbalance_price,Long,2026-08-11T19:14:45Z
2026-08-11T19:03:52Z,2026-08-11T21:03:52+0200,d65ae107-0026-470c-8885-f57b4d7803f4,2026-08-01T19:45:00Z,2026-08-01T21:45:00+0200,173.85,EUR/MWh,DK2,DK_2,imbalance_price,Short,2026-08-11T19:14:45Z
2026-08-11T19:03:52Z,2026-08-11T21:03:52+0200,d65ae107-0026-470c-8885-f57b4d7803f4,2026-08-01T20:00:00Z,2026-08-01T22:00:00+0200,133.47,EUR/MWh,DK2,DK_2,imbalance_price,Long,2026-08-11T19:14:45Z
2026-08-11T19:03:52Z,2026-08-11T21:03:52+0200,d65ae107-0026-470c-8885-f57b4d7803f4,2026-08-01T20:00:00Z,2026-08-01T22:00:00+0200,133.47,EUR/MWh,DK2,DK_2,imbalance_price,Short,2026-08-11T19:14:45Z
2026-08-11T19:03:52Z,2026-08-11T21:03:52+0200,d65ae107-0026-470c-8885-f57b4d7803f4,2026-08-01T20:15:00Z,2026-08-01T22:15:00+0200,179.69,EUR/MWh,DK2,DK_2,imbalance_price,Long,2026-08-11T19:14:45Z
2026-08-11T19:03:52Z,2026-08-11T21:03:52+0200,d65ae107-0026-470c-8885-f57b4d7803f4,2026-08-01T20:15:00Z,2026-08-01T22:15:00+0200,179.69,EUR/MWh,DK2,DK_2,imbalance_price,Short,2026-08-11T19:14:45Z
2026-08-11T19:03:52Z,2026-08-11T21:03:52+0200,d65ae107-0026-470c-8885-f57b4d7803f4,2026-08-01T20:30:00Z,2026-08-01T22:30:00+0200,175.2,EUR/MWh,DK2,DK_2,imbalance_price,Long,2026-08-11T19:14:45Z
2026-08-11T19:03:52Z,2026-08-11T21:03:52+0200,d65ae107-0026-470c-8885-f57b4d7803f4,2026-08-01T20:30:00Z,2026-08-01T22:30:00+0200,175.2,EUR/MWh,DK2,DK_2,imbalance_price,Short,2026-08-11T19:14:45Z
2026-08-11T19:03:52Z,2026-08-11T21:03:52+0200,d65ae107-0026-470c-8885-f57b4d7803f4,2026-08-01T20:45:00Z,2026-08-01T22:45:00+0200,129.2,EUR/MWh,DK2,DK_2,imbalance_price,Long,2026-08-11T19:14:45Z
2026-08-11T19:03:52Z,2026-08-11T21:03:52+0200,d65ae107-0026-470c-8885-f57b4d7803f4,2026-08-01T20:45:00Z,2026-08-01T22:45:00+0200,129.2,EUR/MWh,DK2,DK_2,imbalance_price,Short,2026-08-11T19:14:45Z
2026-08-11T19:03:52Z,2026-08-11T21:03:52+0200,d65ae107-0026-470c-8885-f57b4d7803f4,2026-08-01T21:00:00Z,2026-08-01T23:00:00+0200,132.64,EUR/MWh,DK2,DK_2,imbalance_price,Long,2026-08-11T19:14:45Z
2026-08-11T19:03:52Z,2026-08-11T21:03:52+0200,d65ae107-0026-470c-8885-f57b4d7803f4,2026-08-01T21:00:00Z,2026-08-01T23:00:00+0200,132.64,EUR/MWh,DK2,DK_2,imbalance_price,Short,2026-08-11T19:14:45Z
2026-08-11T19:03:52Z,2026-08-11T21:03:52+0200,d65ae107-0026-470c-8885-f57b4d7803f4,2026-08-01T21:15:00Z,2026-08-01T23:15:00+0200,171.94,EUR/MWh,DK2,DK_2,imbalance_price,Long,2026-08-11T19:14:45Z
2026-08-11T19:03:52Z,2026-08-11T21:03:52+0200,d65ae107-0026-470c-8885-f57b4d7803f4,2026-08-01T21:15:00Z,2026-08-01T23:15:00+0200,171.94,EUR/MWh,DK2,DK_2,imbalance_price,Short,2026-08-11T19:14:45Z
2026-08-11T19:03:52Z,2026-08-11T21:03:52+0200,d65ae107-0026-470c-8885-f57b4d7803f4,2026-08-01T21:30:00Z,2026-08-01T23:30:00+0200,535.2,EUR/MWh,DK2,DK_2,imbalance_price,Long,2026-08-11T19:14:45Z
2026-08-11T19:03:52Z,2026-08-11T21:03:52+0200,d65ae107-0026-470c-8885-f57b4d7803f4,2026-08-01T21:30:00Z,2026-08-01T23:30:00+0200,535.2,EUR/MWh,DK2,DK_2,imbalance_price,Short,2026-08-11T19:14:45Z
2026-08-11T19:03:52Z,2026-08-11T21:03:52+0200,d65ae107-0026-470c-8885-f57b4d7803f4,2026-08-01T21:45:00Z,2026-08-01T23:45:00+0200,535.2,EUR/MWh,DK2,DK_2,imbalance_price,Long,2026-08-11T19:14:45Z
2026-08-11T19:03:52Z,2026-08-11T21:03:52+0200,d65ae107-0026-470c-8885-f57b4d7803f4,2026-08-01T21:45:00Z,2026-08-01T23:45:00+0200,535.2,EUR/MWh,DK2,DK_2,imbalance_price,Short,2026-08-11T19:14:45Z
2026-08-11T19:03:52Z,2026-08-11T21:03:52+0200,d65ae107-0026-470c-8885-f57b4d7803f4,2026-08-01T22:00:00Z,2026-08-02T00:00:00+0200,188.33,EUR/MWh,DK2,DK_2,imbalance_price,Long,2026-08-11T19:14:45Z
2026-08-11T19:03:52Z,2026-08-11T21:03:52+0200,d65ae107-0026-470c-8885-f57b4d7803f4,2026-08-01T22:00:00Z,2026-08-02T00:00:00+0200,188.33,EUR/MWh,DK2,DK_2,imbalance_price,Short,2026-08-11T19:14:45Z
2026-08-11T19:03:52Z,2026-08-11T21:03:52+0200,d65ae107-0026-470c-8885-f57b4d7803f4,2026-08-01T22:15:00Z,2026-08-02T00:15:00+0200,132.0,EUR/MWh,DK2,DK_2,imbalance_price,Long,2026-08-11T19:14:45Z
2026-08-11T19:03:52Z,2026-08-11T21:03:52+0200,d65ae107-0026-470c-8885-f57b4d7803f4,2026-08-01T22:15:00Z,2026-08-02T00:15:00+0200,132.0,EUR/MWh,DK2,DK_2,imbalance_price,Short,2026-08-11T19:14:45Z
2026-08-11T19:03:52Z,2026-08-11T21:03:52+0200,d65ae107-0026-470c-8885-f57b4d7803f4,2026-08-01T22:30:00Z,2026-08-02T00:30:00+0200,121.53,EUR/MWh,DK2,DK_2,imbalance_price,Long,2026-08-11T19:14:45Z
2026-08-11T19:03:52Z,2026-08-11T21:03:52+0200,d65ae107-0026-470c-8885-f57b4d7803f4,2026-08-01T22:30:00Z,2026-08-02T00:30:00+0200,121.53,EUR/MWh,DK2,DK_2,imbalance_price,Short,2026-08-11T19:14:45Z
2026-08-11T19:03:52Z,2026-08-11T21:03:52+0200,d65ae107-0026-470c-8885-f57b4d7803f4,2026-08-01T22:45:00Z,2026-08-02T00:45:00+0200,157.74,EUR/MWh,DK2,DK_2,imbalance_price,Long,2026-08-11T19:14:45Z
2026-08-11T19:03:52Z,2026-08-11T21:03:52+0200,d65ae107-0026-470c-8885-f57b4d7803f4,2026-08-01T22:45:00Z,2026-08-02T00:45:00+0200,157.74,EUR/MWh,DK2,DK_2,imbalance_price,Short,2026-08-11T19:14:45Z
2026-08-11T19:03:52Z,2026-08-11T21:03:52+0200,d65ae107-0026-470c-8885-f57b4d7803f4,2026-08-01T23:00:00Z,2026-08-02T01:00:00+0200,535.2,EUR/MWh,DK2,DK_2,imbalance_price,Long,2026-08-11T19:14:45Z
2026-08-11T19:03:52Z,2026-08-11T21:03:52+0200,d65ae107-0026-470c-8885-f57b4d7803f4,2026-08-01T23:00:00Z,2026-08-02T01:00:00+0200,535.2,EUR/MWh,DK2,DK_2,imbalance_price,Short,2026-08-11T19:14:45Z
2026-08-11T19:03:52Z,2026-08-11T21:03:52+0200,d65ae107-0026-470c-8885-f57b4d7803f4,2026-08-01T23:15:00Z,2026-08-02T01:15:00+0200,296.81,EUR/MWh,DK2,DK_2,imbalance_price,Long,2026-08-11T19:14:45Z
2026-08-11T19:03:52Z,2026-08-11T21:03:52+0200,d65ae107-0026-470c-8885-f57b4d7803f4,2026-08-01T23:15:00Z,2026-08-02T01:15:00+0200,296.81,EUR/MWh,DK2,DK_2,imbalance_price,Short,2026-08-11T19:14:45Z
2026-08-11T19:03:52Z,2026-08-11T21:03:52+0200,d65ae107-0026-470c-8885-f57b4d7803f4,2026-08-01T23:30:00Z,2026-08-02T01:30:00+0200,162.01,EUR/MWh,DK2,DK_2,imbalance_price,Long,2026-08-11T19:14:45Z
2026-08-11T19:03:52Z,2026-08-11T21:03:52+0200,d65ae107-0026-470c-8885-f57b4d7803f4,2026-08-01T23:30:00Z,2026-08-02T01:30:00+0200,162.01,EUR/MWh,DK2,DK_2,imbalance_price,Short,2026-08-11T19:14:45Z
2026-08-11T19:03:52Z,2026-08-11T21:03:52+0200,d65ae107-0026-470c-8885-f57b4d7803f4,2026-08-01T23:45:00Z,2026-08-02T01:45:00+0200,159.93,EUR/MWh,DK2,DK_2,imbalance_price,Long,2026-08-11T19:14:45Z
2026-08-11T19:03:52Z,2026-08-11T21:03:52+0200,d65ae107-0026-470c-8885-f57b4d7803f4,2026-08-01T23:45:00Z,2026-08-02T01:45:00+0200,159.93,EUR/MWh,DK2,DK_2,imbalance_price,Short,2026-08-11T19:14:45Z
2026-08-11T19:03:52Z,2026-08-11T21:03:52+0200,d65ae107-0026-470c-8885-f57b4d7803f4,2026-08-02T00:00:00Z,2026-08-02T02:00:00+0200,158.7,EUR/MWh,DK2,DK_2,imbalance_price,Long,2026-08-11T19:14:45Z
2026-08-11T19:03:52Z,2026-08-11T21:03:52+0200,d65ae107-0026-470c-8885-f57b4d7803f4,2026-08-02T00:00:00Z,2026-08-02T02:00:00+0200,158.7,EUR/MWh,DK2,DK_2,imbalance_price,Short,2026-08-11T19:14:45Z
2026-08-11T19:03:52Z,2026-08-11T21:03:52+0200,d65ae107-0026-470c-8885-f57b4d7803f4,2026-08-02T00:15:00Z,2026-08-02T02:15:00+0200,156.46,EUR/MWh,DK2,DK_2,imbalance_price,Long,2026-08-11T19:14:45Z
2026-08-11T19:03:52Z,2026-08-11T21:03:52+0200,d65ae107-0026-470c-8885-f57b4d7803f4,2026-08-02T00:15:00Z,2026-08-02T02:15:00+0200,156.46,EUR/MWh,DK2,DK_2,imbalance_price,Short,2026-08-11T19:14:45Z
2026-08-11T19:03:52Z,2026-08-11T21:03:52+0200,d65ae107-0026-470c-8885-f57b4d7803f4,2026-08-02T00:30:00Z,2026-08-02T02:30:00+0200,296.81,EUR/MWh,DK2,DK_2,imbalance_price,Long,2026-08-11T19:14:45Z
2026-08-11T19:03:52Z,2026-08-11T21:03:52+0200,d65ae107-0026-470c-8885-f57b4d7803f4,2026-08-02T00:30:00Z,2026-08-02T02:30:00+0200,296.81,EUR/MWh,DK2,DK_2,imbalance_price,Short,2026-08-11T19:14:45Z
2026-08-11T19:03:52Z,2026-08-11T21:03:52+0200,d65ae107-0026-470c-8885-f57b4d7803f4,2026-08-02T00:45:00Z,2026-08-02T02:45:00+0200,658.64,EUR/MWh,DK2,DK_2,imbalance_price,Long,2026-08-11T19:14:45Z
2026-08-11T19:03:52Z,2026-08-11T21:03:52+0200,d65ae107-0026-470c-8885-f57b4d7803f4,2026-08-02T00:45:00Z,2026-08-02T02:45:00+0200,658.64,EUR/MWh,DK2,DK_2,imbalance_price,Short,2026-08-11T19:14:45Z
2026-08-11T19:03:52Z,2026-08-11T21:03:52+0200,d65ae107-0026-470c-8885-f57b4d7803f4,2026-08-02T01:00:00Z,2026-08-02T03:00:00+0200,155.27,EUR/MWh,DK2,DK_2,imbalance_price,Long,2026-08-11T19:14:45Z
2026-08-11T19:03:52Z,2026-08-11T21:03:52+0200,d65ae107-0026-470c-8885-f57b4d7803f4,2026-08-02T01:00:00Z,2026-08-02T03:00:00+0200,155.27,EUR/MWh,DK2,DK_2,imbalance_price,Short,2026-08-11T19:14:45Z
2026-08-11T19:03:52Z,2026-08-11T21:03:52+0200,d65ae107-0026-470c-8885-f57b4d7803f4,2026-08-02T01:15:00Z,2026-08-02T03:15:00+0200,153.74,EUR/MWh,DK2,DK_2,imbalance_price,Long,2026-08-11T19:14:45Z
2026-08-11T19:03:52Z,2026-08-11T21:03:52+0200,d65ae107-0026-470c-8885-f57b4d7803f4,2026-08-02T01:15:00Z,2026-08-02T03:15:00+0200,153.74,EUR/MWh,DK2,DK_2,imbalance_price,Short,2026-08-11T19:14:45Z
2026-08-11T19:03:52Z,2026-08-11T21:03:52+0200,d65ae107-0026-470c-8885-f57b4d7803f4,2026-08-02T01:30:00Z,2026-08-02T03:30:00+0200,153.84,EUR/MWh,DK2,DK_2,imbalance_price,Long,2026-08-11T19:14:45Z
2026-08-11T19:03:52Z,2026-08-11T21:03:52+0200,d65ae107-0026-470c-8885-f57b4d7803f4,2026-08-02T01:30:00Z,2026-08-02T03:30:00+0200,153.84,EUR/MWh,DK2,DK_2,imbalance_price,Short,2026-08-11T19:14:45Z
2026-08-11T19:03:52Z,2026-08-11T21:03:52+0200,d65ae107-0026-470c-8885-f57b4d7803f4,2026-08-02T01:45:00Z,2026-08-02T03:45:00+0200,154.78,EUR/MWh,DK2,DK_2,imbalance_price,Long,2026-08-11T19:14:45Z
2026-08-11T19:03:52Z,2026-08-11T21:03:52+0200,d65ae107-0026-470c-8885-f57b4d7803f4,2026-08-02T01:45:00Z,2026-08-02T03:45:00+0200,154.78,EUR/MWh,DK2,DK_2,imbalance_price,Short,2026-08-11T19:14:45Z
2026-08-11T19:03:52Z,2026-08-11T21:03:52+0200,d65ae107-0026-470c-8885-f57b4d7803f4,2026-08-02T02:00:00Z,2026-08-02T04:00:00+0200,334.5,EUR/MWh,DK2,DK_2,imbalance_price,Long,2026-08-11T19:14:45Z
2026-08-11T19:03:52Z,2026-08-11T21:03:52+0200,d65ae107-0026-470c-8885-f57b4d7803f4,2026-08-02T02:00:00Z,2026-08-02T04:00:00+0200,334.5,EUR/MWh,DK2,DK_2,imbalance_price,Short,2026-08-11T19:14:45Z
2026-08-11T19:03:52Z,2026-08-11T21:03:52+0200,d65ae107-0026-470c-8885-f57b4d7803f4,2026-08-02T02:15:00Z,2026-08-02T04:15:00+0200,240.1,EUR/MWh,DK2,DK_2,imbalance_price,Long,2026-08-11T19:14:45Z
2026-08-11T19:03:52Z,2026-08-11T21:03:52+0200,d65ae107-0026-470c-8885-f57b4d7803f4,2026-08-02T02:15:00Z,2026-08-02T04:15:00+0200,240.1,EUR/MWh,DK2,DK_2,imbalance_price,Short,2026-08-11T19:14:45Z
2026-08-11T19:03:52Z,2026-08-11T21:03:52+0200,d65ae107-0026-470c-8885-f57b4d7803f4,2026-08-02T02:30:00Z,2026-08-02T04:30:00+0200,220.63,EUR/MWh,DK2,DK_2,imbalance_price,Long,2026-08-11T19:14:45Z
2026-08-11T19:03:52Z,2026-08-11T21:03:52+0200,d65ae107-0026-470c-8885-f57b4d7803f4,2026-08-02T02:30:00Z,2026-08-02T04:30:00+0200,220.63,EUR/MWh,DK2,DK_2,imbalance_price,Short,2026-08-11T19:14:45Z
2026-08-11T19:03:52Z,2026-08-11T21:03:52+0200,d65ae107-0026-470c-8885-f57b4d7803f4,2026-08-02T02:45:00Z,2026-08-02T04:45:00+0200,153.26,EUR/MWh,DK2,DK_2,imbalance_price,Long,2026-08-11T19:14:45Z
2026-08-11T19:03:52Z,2026-08-11T21:03:52+0200,d65ae107-0026-470c-8885-f57b4d7803f4,2026-08-02T02:45:00Z,2026-08-02T04:45:00+0200,153.26,EUR/MWh,DK2,DK_2,imbalance_price,Short,2026-08-11T19:14:45Z
2026-08-11T19:03:52Z,2026-08-11T21:03:52+0200,d65ae107-0026-470c-8885-f57b4d7803f4,2026-08-02T03:00:00Z,2026-08-02T05:00:00+0200,267.6,EUR/MWh,DK2,DK_2,imbalance_price,Long,2026-08-11T19:14:45Z
2026-08-11T19:03:52Z,2026-08-11T21:03:52+0200,d65ae107-0026-470c-8885-f57b4d7803f4,2026-08-02T03:00:00Z,2026-08-02T05:00:00+0200,267.6,EUR/MWh,DK2,DK_2,imbalance_price,Short,2026-08-11T19:14:45Z
2026-08-11T19:03:52Z,2026-08-11T21:03:52+0200,d65ae107-0026-470c-8885-f57b4d7803f4,2026-08-02T03:15:00Z,2026-08-02T05:15:00+0200,160.7,EUR/MWh,DK2,DK_2,imbalance_price,Long,2026-08-11T19:14:45Z
2026-08-11T19:03:52Z,2026-08-11T21:03:52+0200,d65ae107-0026-470c-8885-f57b4d7803f4,2026-08-02T03:15:00Z,2026-08-02T05:15:00+0200,160.7,EUR/MWh,DK2,DK_2,imbalance_price,Short,2026-08-11T19:14:45Z
2026-08-11T19:03:52Z,2026-08-11T21:03:52+0200,d65ae107-0026-470c-8885-f57b4d7803f4,2026-08-02T03:30:00Z,2026-08-02T05:30:00+0200,159.64,EUR/MWh,DK2,DK_2,imbalance_price,Long,2026-08-11T19:14:45Z
2026-08-11T19:03:52Z,2026-08-11T21:03:52+0200,d65ae107-0026-470c-8885-f57b4d7803f4,2026-08-02T03:30:00Z,2026-08-02T05:30:00+0200,159.64,EUR/MWh,DK2,DK_2,imbalance_price,Short,2026-08-11T19:14:45Z
2026-08-11T19:03:52Z,2026-08-11T21:03:52+0200,d65ae107-0026-470c-8885-f57b4d7803f4,2026-08-02T03:45:00Z,2026-08-02T05:45:00+0200,157.65,EUR/MWh,DK2,DK_2,imbalance_price,Long,2026-08-11T19:14:45Z
2026-08-11T19:03:52Z,2026-08-11T21:03:52+0200,d65ae107-0026-470c-8885-f57b4d7803f4,2026-08-02T03:45:00Z,2026-08-02T05:45:00+0200,157.65,EUR/MWh,DK2,DK_2,imbalance_price,Short,2026-08-11T19:14:45Z
2026-08-11T19:03:52Z,2026-08-11T21:03:52+0200,d65ae107-0026-470c-8885-f57b4d7803f4,2026-08-02T04:00:00Z,2026-08-02T06:00:00+0200,103.23,EUR/MWh,DK2,DK_2,imbalance_price,Long,2026-08-11T19:14:45Z
2026-08-11T19:03:52Z,2026-08-11T21:03:52+0200,d65ae107-0026-470c-8885-f57b4d7803f4,2026-08-02T04:00:00Z,2026-08-02T06:00:00+0200,103.23,EUR/MWh,DK2,DK_2,imbalance_price,Short,2026-08-11T19:14:45Z
2026-08-11T19:03:52Z,2026-08-11T21:03:52+0200,d65ae107-0026-470c-8885-f57b4d7803f4,2026-08-02T04:15:00Z,2026-08-02T06:15:00+0200,93.05,EUR/MWh,DK2,DK_2,imbalance_price,Long,2026-08-11T19:14:45Z
2026-08-11T19:03:52Z,2026-08-11T21:03:52+0200,d65ae107-0026-470c-8885-f57b4d7803f4,2026-08-02T04:15:00Z,2026-08-02T06:15:00+0200,93.05,EUR/MWh,DK2,DK_2,imbalance_price,Short,2026-08-11T19:14:45Z
2026-08-11T19:03:52Z,2026-08-11T21:03:52+0200,d65ae107-0026-470c-8885-f57b4d7803f4,2026-08-02T04:30:00Z,2026-08-02T06:30:00+0200,126.68,EUR/MWh,DK2,DK_2,imbalance_price,Long,2026-08-11T19:14:45Z
2026-08-11T19:03:52Z,2026-08-11T21:03:52+0200,d65ae107-0026-470c-8885-f57b4d7803f4,2026-08-02T04:30:00Z,2026-08-02T06:30:00+0200,126.68,EUR/MWh,DK2,DK_2,imbalance_price,Short,2026-08-11T19:14:45Z
2026-08-11T19:03:52Z,2026-08-11T21:03:52+0200,d65ae107-0026-470c-8885-f57b4d7803f4,2026-08-02T04:45:00Z,2026-08-02T06:45:00+0200,139.11,EUR/MWh,DK2,DK_2,imbalance_price,Long,2026-08-11T19:14:45Z
2026-08-11T19:03:52Z,2026-08-11T21:03:52+0200,d65ae107-0026-470c-8885-f57b4d7803f4,2026-08-02T04:45:00Z,2026-08-02T06:45:00+0200,139.11,EUR/MWh,DK2,DK_2,imbalance_price,Short,2026-08-11T19:14:45Z
2026-08-11T19:03:52Z,2026-08-11T21:03:52+0200,d65ae107-0026-470c-8885-f57b4d7803f4,2026-08-02T05:00:00Z,2026-08-02T07:00:00+0200,153.75,EUR/MWh,DK2,DK_2,imbalance_price,Long,2026-08-11T19:14:45Z
2026-08-11T19:03:52Z,2026-08-11T21:03:52+0200,d65ae107-0026-470c-8885-f57b4d7803f4,2026-08-02T05:00:00Z,2026-08-02T07:00:00+0200,153.75,EUR/MWh,DK2,DK_2,imbalance_price,Short,2026-08-11T19:14:45Z
2026-08-11T19:03:52Z,2026-08-11T21:03:52+0200,d65ae107-0026-470c-8885-f57b4d7803f4,2026-08-02T05:15:00Z,2026-08-02T07:15:00+0200,535.09,EUR/MWh,DK2,DK_2,imbalance_price,Long,2026-08-11T19:14:45Z
2026-08-11T19:03:52Z,2026-08-11T21:03:52+0200,d65ae107-0026-470c-8885-f57b4d7803f4,2026-08-02T05:15:00Z,2026-08-02T07:15:00+0200,535.09,EUR/MWh,DK2,DK_2,imbalance_price,Short,2026-08-11T19:14:45Z
2026-08-11T19:03:52Z,2026-08-11T21:03:52+0200,d65ae107-0026-470c-8885-f57b4d7803f4,2026-08-02T05:30:00Z,2026-08-02T07:30:00+0200,136.11,EUR/MWh,DK2,DK_2,imbalance_price,Long,2026-08-11T19:14:45Z
2026-08-11T19:03:52Z,2026-08-11T21:03:52+0200,d65ae107-0026-470c-8885-f57b4d7803f4,2026-08-02T05:30:00Z,2026-08-02T07:30:00+0200,136.11,EUR/MWh,DK2,DK_2,imbalance_price,Short,2026-08-11T19:14:45Z
2026-08-11T19:03:52Z,2026-08-11T21:03:52+0200,d65ae107-0026-470c-8885-f57b4d7803f4,2026-08-02T05:45:00Z,2026-08-02T07:45:00+0200,124.56,EUR/MWh,DK2,DK_2,imbalance_price,Long,2026-08-11T19:14:45Z
2026-08-11T19:03:52Z,2026-08-11T21:03:52+0200,d65ae107-0026-470c-8885-f57b4d7803f4,2026-08-02T05:45:00Z,2026-08-02T07:45:00+0200,124.56,EUR/MWh,DK2,DK_2,imbalance_price,Short,2026-08-11T19:14:45Z
2026-08-11T19:03:52Z,2026-08-11T21:03:52+0200,d65ae107-0026-470c-8885-f57b4d7803f4,2026-08-02T06:00:00Z,2026-08-02T08:00:00+0200,150.5,EUR/MWh,DK2,DK_2,imbalance_price,Long,2026-08-11T19:14:45Z
2026-08-11T19:03:52Z,2026-08-11T21:03:52+0200,d65ae107-0026-470c-8885-f57b4d7803f4,2026-08-02T06:00:00Z,2026-08-02T08:00:00+0200,150.5,EUR/MWh,DK2,DK_2,imbalance_price,Short,2026-08-11T19:14:45Z
2026-08-11T19:03:52Z,2026-08-11T21:03:52+0200,d65ae107-0026-470c-8885-f57b4d7803f4,2026-08-02T06:15:00Z,2026-08-02T08:15:00+0200,89.2,EUR/MWh,DK2,DK_2,imbalance_price,Long,2026-08-11T19:14:45Z
2026-08-11T19:03:52Z,2026-08-11T21:03:52+0200,d65ae107-0026-470c-8885-f57b4d7803f4,2026-08-02T06:15:00Z,2026-08-02T08:15:00+0200,89.2,EUR/MWh,DK2,DK_2,imbalance_price,Short,2026-08-11T19:14:45Z
2026-08-11T19:03:52Z,2026-08-11T21:03:52+0200,d65ae107-0026-470c-8885-f57b4d7803f4,2026-08-02T06:30:00Z,2026-08-02T08:30:00+0200,112.43,EUR/MWh,DK2,DK_2,imbalance_price,Long,2026-08-11T19:14:45Z
2026-08-11T19:03:52Z,2026-08-11T21:03:52+0200,d65ae107-0026-470c-8885-f57b4d7803f4,2026-08-02T06:30:00Z,2026-08-02T08:30:00+0200,112.43,EUR/MWh,DK2,DK_2,imbalance_price,Short,2026-08-11T19:14:45Z
2026-08-11T19:03:52Z,2026-08-11T21:03:52+0200,d65ae107-0026-470c-8885-f57b4d7803f4,2026-08-02T06:45:00Z,2026-08-02T08:45:00+0200,26.89,EUR/MWh,DK2,DK_2,imbalance_price,Long,2026-08-11T19:14:45Z
2026-08-11T19:03:52Z,2026-08-11T21:03:52+0200,d65ae107-0026-470c-8885-f57b4d7803f4,2026-08-02T06:45:00Z,2026-08-02T08:45:00+0200,26.89,EUR/MWh,DK2,DK_2,imbalance_price,Short,2026-08-11T19:14:45Z
2026-08-11T19:03:52Z,2026-08-11T21:03:52+0200,d65ae107-0026-470c-8885-f57b4d7803f4,2026-08-02T07:00:00Z,2026-08-02T09:00:00+0200,25.94,EUR/MWh,DK2,DK_2,imbalance_price,Long,2026-08-11T19:14:45Z
2026-08-11T19:03:52Z,2026-08-11T21:03:52+0200,d65ae107-0026-470c-8885-f57b4d7803f4,2026-08-02T07:00:00Z,2026-08-02T09:00:00+0200,25.94,EUR/MWh,DK2,DK_2,imbalance_price,Short,2026-08-11T19:14:45Z
2026-08-11T19:03:52Z,2026-08-11T21:03:52+0200,d65ae107-0026-470c-8885-f57b4d7803f4,2026-08-02T07:15:00Z,2026-08-02T09:15:00+0200,6.95,EUR/MWh,DK2,DK_2,imbalance_price,Long,2026-08-11T19:14:45Z
2026-08-11T19:03:52Z,2026-08-11T21:03:52+0200,d65ae107-0026-470c-8885-f57b4d7803f4,2026-08-02T07:15:00Z,2026-08-02T09:15:00+0200,6.95,EUR/MWh,DK2,DK_2,imbalance_price,Short,2026-08-11T19:14:45Z
2026-08-11T19:03:52Z,2026-08-11T21:03:52+0200,d65ae107-0026-470c-8885-f57b4d7803f4,2026-08-02T07:30:00Z,2026-08-02T09:30:00+0200,-14.46,EUR/MWh,DK2,DK_2,imbalance_price,Long,2026-08-11T19:14:45Z
2026-08-11T19:03:52Z,2026-08-11T21:03:52+0200,d65ae107-0026-470c-8885-f57b4d7803f4,2026-08-02T07:30:00Z,2026-08-02T09:30:00+0200,-14.46,EUR/MWh,DK2,DK_2,imbalance_price,Short,2026-08-11T19:14:45Z
2026-08-11T19:03:52Z,2026-08-11T21:03:52+0200,d65ae107-0026-470c-8885-f57b4d7803f4,2026-08-02T07:45:00Z,2026-08-02T09:45:00+0200,-17.26,EUR/MWh,DK2,DK_2,imbalance_price,Long,2026-08-11T19:14:45Z
2026-08-11T19:03:52Z,2026-08-11T21:03:52+0200,d65ae107-0026-470c-8885-f57b4d7803f4,2026-08-02T07:45:00Z,2026-08-02T09:45:00+0200,-17.26,EUR/MWh,DK2,DK_2,imbalance_price,Short,2026-08-11T19:14:45Z
2026-08-11T19:03:52Z,2026-08-11T21:03:52+0200,d65ae107-0026-470c-8885-f57b4d7803f4,2026-08-02T08:00:00Z,2026-08-02T10:00:00+0200,-9.5,EUR/MWh,DK2,DK_2,imbalance_price,Long,2026-08-11T19:14:45Z
2026-08-11T19:03:52Z,2026-08-11T21:03:52+0200,d65ae107-0026-470c-8885-f57b4d7803f4,2026-08-02T08:00:00Z,2026-08-02T10:00:00+0200,-9.5,EUR/MWh,DK2,DK_2,imbalance_price,Short,2026-08-11T19:14:45Z
2026-08-11T19:03:52Z,2026-08-11T21:03:52+0200,d65ae107-0026-470c-8885-f57b4d7803f4,2026-08-02T08:15:00Z,2026-08-02T10:15:00+0200,-20.55,EUR/MWh,DK2,DK_2,imbalance_price,Long,2026-08-11T19:14:45Z
2026-08-11T19:03:52Z,2026-08-11T21:03:52+0200,d65ae107-0026-470c-8885-f57b4d7803f4,2026-08-02T08:15:00Z,2026-08-02T10:15:00+0200,-20.55,EUR/MWh,DK2,DK_2,imbalance_price,Short,2026-08-11T19:14:45Z
2026-08-11T19:03:52Z,2026-08-11T21:03:52+0200,d65ae107-0026-470c-8885-f57b4d7803f4,2026-08-02T08:30:00Z,2026-08-02T10:30:00+0200,0.48,EUR/MWh,DK2,DK_2,imbalance_price,Long,2026-08-11T19:14:45Z
2026-08-11T19:03:52Z,2026-08-11T21:03:52+0200,d65ae107-0026-470c-8885-f57b4d7803f4,2026-08-02T08:30:00Z,2026-08-02T10:30:00+0200,0.48,EUR/MWh,DK2,DK_2,imbalance_price,Short,2026-08-11T19:14:45Z
2026-08-11T19:03:52Z,2026-08-11T21:03:52+0200,d65ae107-0026-470c-8885-f57b4d7803f4,2026-08-02T08:45:00Z,2026-08-02T10:45:00+0200,-21.45,EUR/MWh,DK2,DK_2,imbalance_price,Long,2026-08-11T19:14:45Z
2026-08-11T19:03:52Z,2026-08-11T21:03:52+0200,d65ae107-0026-470c-8885-f57b4d7803f4,2026-08-02T08:45:00Z,2026-08-02T10:45:00+0200,-21.45,EUR/MWh,DK2,DK_2,imbalance_price,Short,2026-08-11T19:14:45Z
2026-08-11T19:03:52Z,2026-08-11T21:03:52+0200,d65ae107-0026-470c-8885-f57b4d7803f4,2026-08-02T09:00:00Z,2026-08-02T11:00:00+0200,-22.27,EUR/MWh,DK2,DK_2,imbalance_price,Long,2026-08-11T19:14:45Z
2026-08-11T19:03:52Z,2026-08-11T21:03:52+0200,d65ae107-0026-470c-8885-f57b4d7803f4,2026-08-02T09:00:00Z,2026-08-02T11:00:00+0200,-22.27,EUR/MWh,DK2,DK_2,imbalance_price,Short,2026-08-11T19:14:45Z
2026-08-11T19:03:52Z,2026-08-11T21:03:52+0200,d65ae107-0026-470c-8885-f57b4d7803f4,2026-08-02T09:15:00Z,2026-08-02T11:15:00+0200,-10.0,EUR/MWh,DK2,DK_2,imbalance_price,Long,2026-08-11T19:14:45Z
2026-08-11T19:03:52Z,2026-08-11T21:03:52+0200,d65ae107-0026-470c-8885-f57b4d7803f4,2026-08-02T09:15:00Z,2026-08-02T11:15:00+0200,-10.0,EUR/MWh,DK2,DK_2,imbalance_price,Short,2026-08-11T19:14:45Z
2026-08-11T19:03:52Z,2026-08-11T21:03:52+0200,d65ae107-0026-470c-8885-f57b4d7803f4,2026-08-02T09:30:00Z,2026-08-02T11:30:00+0200,-14.79,EUR/MWh,DK2,DK_2,imbalance_price,Long,2026-08-11T19:14:45Z
2026-08-11T19:03:52Z,2026-08-11T21:03:52+0200,d65ae107-0026-470c-8885-f57b4d7803f4,2026-08-02T09:30:00Z,2026-08-02T11:30:00+0200,-14.79,EUR/MWh,DK2,DK_2,imbalance_price,Short,2026-08-11T19:14:45Z
2026-08-11T19:03:52Z,2026-08-11T21:03:52+0200,d65ae107-0026-470c-8885-f57b4d7803f4,2026-08-02T09:45:00Z,2026-08-02T11:45:00+0200,-11.16,EUR/MWh,DK2,DK_2,imbalance_price,Long,2026-08-11T19:14:45Z
2026-08-11T19:03:52Z,2026-08-11T21:03:52+0200,d65ae107-0026-470c-8885-f57b4d7803f4,2026-08-02T09:45:00Z,2026-08-02T11:45:00+0200,-11.16,EUR/MWh,DK2,DK_2,imbalance_price,Short,2026-08-11T19:14:45Z
2026-08-11T19:03:52Z,2026-08-11T21:03:52+0200,d65ae107-0026-470c-8885-f57b4d7803f4,2026-08-02T10:00:00Z,2026-08-02T12:00:00+0200,-6.69,EUR/MWh,DK2,DK_2,imbalance_price,Long,2026-08-11T19:14:45Z
2026-08-11T19:03:52Z,2026-08-11T21:03:52+0200,d65ae107-0026-470c-8885-f57b4d7803f4,2026-08-02T10:00:00Z,2026-08-02T12:00:00+0200,-6.69,EUR/MWh,DK2,DK_2,imbalance_price,Short,2026-08-11T19:14:45Z
2026-08-11T19:03:52Z,2026-08-11T21:03:52+0200,d65ae107-0026-470c-8885-f57b4d7803f4,2026-08-02T10:15:00Z,2026-08-02T12:15:00+0200,2.15,EUR/MWh,DK2,DK_2,imbalance_price,Long,2026-08-11T19:14:45Z
2026-08-11T19:03:52Z,2026-08-11T21:03:52+0200,d65ae107-0026-470c-8885-f57b4d7803f4,2026-08-02T10:15:00Z,2026-08-02T12:15:00+0200,2.15,EUR/MWh,DK2,DK_2,imbalance_price,Short,2026-08-11T19:14:45Z
2026-08-11T19:03:52Z,2026-08-11T21:03:52+0200,d65ae107-0026-470c-8885-f57b4d7803f4,2026-08-02T10:30:00Z,2026-08-02T12:30:00+0200,-18.44,EUR/MWh,DK2,DK_2,imbalance_price,Long,2026-08-11T19:14:45Z
2026-08-11T19:03:52Z,2026-08-11T21:03:52+0200,d65ae107-0026-470c-8885-f57b4d7803f4,2026-08-02T10:30:00Z,2026-08-02T12:30:00+0200,-18.44,EUR/MWh,DK2,DK_2,imbalance_price,Short,2026-08-11T19:14:45Z
2026-08-11T19:03:52Z,2026-08-11T21:03:52+0200,d65ae107-0026-470c-8885-f57b4d7803f4,2026-08-02T10:45:00Z,2026-08-02T12:45:00+0200,-8.33,EUR/MWh,DK2,DK_2,imbalance_price,Long,2026-08-11T19:14:45Z
2026-08-11T19:03:52Z,2026-08-11T21:03:52+0200,d65ae107-0026-470c-8885-f57b4d7803f4,2026-08-02T10:45:00Z,2026-08-02T12:45:00+0200,-8.33,EUR/MWh,DK2,DK_2,imbalance_price,Short,2026-08-11T19:14:45Z
2026-08-11T19:03:52Z,2026-08-11T21:03:52+0200,d65ae107-0026-470c-8885-f57b4d7803f4,2026-08-02T11:00:00Z,2026-08-02T13:00:00+0200,-6.69,EUR/MWh,DK2,DK_2,imbalance_price,Long,2026-08-11T19:14:45Z
2026-08-11T19:03:52Z,2026-08-11T21:03:52+0200,d65ae107-0026-470c-8885-f57b4d7803f4,2026-08-02T11:00:00Z,2026-08-02T13:00:00+0200,-6.69,EUR/MWh,DK2,DK_2,imbalance_price,Short,2026-08-11T19:14:45Z
2026-08-11T19:03:52Z,2026-08-11T21:03:52+0200,d65ae107-0026-470c-8885-f57b4d7803f4,2026-08-02T11:15:00Z,2026-08-02T13:15:00+0200,-6.69,EUR/MWh,DK2,DK_2,imbalance_price,Long,2026-08-11T19:14:45Z
2026-08-11T19:03:52Z,2026-08-11T21:03:52+0200,d65ae107-0026-470c-8885-f57b4d7803f4,2026-08-02T11:15:00Z,2026-08-02T13:15:00+0200,-6.69,EUR/MWh,DK2,DK_2,imbalance_price,Short,2026-08-11T19:14:45Z
2026-08-11T19:03:52Z,2026-08-11T21:03:52+0200,d65ae107-0026-470c-8885-f57b4d7803f4,2026-08-02T11:30:00Z,2026-08-02T13:30:00+0200,-6.69,EUR/MWh,DK2,DK_2,imbalance_price,Long,2026-08-11T19:14:45Z
2026-08-11T19:03:52Z,2026-08-11T21:03:52+0200,d65ae107-0026-470c-8885-f57b4d7803f4,2026-08-02T11:30:00Z,2026-08-02T13:30:00+0200,-6.69,EUR/MWh,DK2,DK_2,imbalance_price,Short,2026-08-11T19:14:45Z
2026-08-11T19:03:52Z,2026-08-11T21:03:52+0200,d65ae107-0026-470c-8885-f57b4d7803f4,2026-08-02T11:45:00Z,2026-08-02T13:45:00+0200,-10.6,EUR/MWh,DK2,DK_2,imbalance_price,Long,2026-08-11T19:14:45Z
2026-08-11T19:03:52Z,2026-08-11T21:03:52+0200,d65ae107-0026-470c-8885-f57b4d7803f4,2026-08-02T11:45:00Z,2026-08-02T13:45:00+0200,-10.6,EUR/MWh,DK2,DK_2,imbalance_price,Short,2026-08-11T19:14:45Z
2026-08-11T19:03:52Z,2026-08-11T21:03:52+0200,d65ae107-0026-470c-8885-f57b4d7803f4,2026-08-02T12:00:00Z,2026-08-02T14:00:00+0200,2.1,EUR/MWh,DK2,DK_2,imbalance_price,Long,2026-08-11T19:14:45Z
2026-08-11T19:03:52Z,2026-08-11T21:03:52+0200,d65ae107-0026-470c-8885-f57b4d7803f4,2026-08-02T12:00:00Z,2026-08-02T14:00:00+0200,2.1,EUR/MWh,DK2,DK_2,imbalance_price,Short,2026-08-11T19:14:45Z
2026-08-11T19:03:52Z,2026-08-11T21:03:52+0200,d65ae107-0026-470c-8885-f57b4d7803f4,2026-08-02T12:15:00Z,2026-08-02T14:15:00+0200,-17.6,EUR/MWh,DK2,DK_2,imbalance_price,Long,2026-08-11T19:14:45Z
2026-08-11T19:03:52Z,2026-08-11T21:03:52+0200,d65ae107-0026-470c-8885-f57b4d7803f4,2026-08-02T12:15:00Z,2026-08-02T14:15:00+0200,-17.6,EUR/MWh,DK2,DK_2,imbalance_price,Short,2026-08-11T19:14:45Z
2026-08-11T19:03:52Z,2026-08-11T21:03:52+0200,d65ae107-0026-470c-8885-f57b4d7803f4,2026-08-02T12:30:00Z,2026-08-02T14:30:00+0200,-20.0,EUR/MWh,DK2,DK_2,imbalance_price,Long,2026-08-11T19:14:45Z
2026-08-11T19:03:52Z,2026-08-11T21:03:52+0200,d65ae107-0026-470c-8885-f57b4d7803f4,2026-08-02T12:30:00Z,2026-08-02T14:30:00+0200,-20.0,EUR/MWh,DK2,DK_2,imbalance_price,Short,2026-08-11T19:14:45Z
2026-08-11T19:03:52Z,2026-08-11T21:03:52+0200,d65ae107-0026-470c-8885-f57b4d7803f4,2026-08-02T12:45:00Z,2026-08-02T14:45:00+0200,-25.36,EUR/MWh,DK2,DK_2,imbalance_price,Long,2026-08-11T19:14:45Z
2026-08-11T19:03:52Z,2026-08-11T21:03:52+0200,d65ae107-0026-470c-8885-f57b4d7803f4,2026-08-02T12:45:00Z,2026-08-02T14:45:00+0200,-25.36,EUR/MWh,DK2,DK_2,imbalance_price,Short,2026-08-11T19:14:45Z
2026-08-11T19:03:52Z,2026-08-11T21:03:52+0200,d65ae107-0026-470c-8885-f57b4d7803f4,2026-08-02T13:00:00Z,2026-08-02T15:00:00+0200,-11.71,EUR/MWh,DK2,DK_2,imbalance_price,Long,2026-08-11T19:14:45Z
2026-08-11T19:03:52Z,2026-08-11T21:03:52+0200,d65ae107-0026-470c-8885-f57b4d7803f4,2026-08-02T13:00:00Z,2026-08-02T15:00:00+0200,-11.71,EUR/MWh,DK2,DK_2,imbalance_price,Short,2026-08-11T19:14:45Z
2026-08-11T19:03:52Z,2026-08-11T21:03:52+0200,d65ae107-0026-470c-8885-f57b4d7803f4,2026-08-02T13:15:00Z,2026-08-02T15:15:00+0200,-9.93,EUR/MWh,DK2,DK_2,imbalance_price,Long,2026-08-11T19:14:45Z
2026-08-11T19:03:52Z,2026-08-11T21:03:52+0200,d65ae107-0026-470c-8885-f57b4d7803f4,2026-08-02T13:15:00Z,2026-08-02T15:15:00+0200,-9.93,EUR/MWh,DK2,DK_2,imbalance_price,Short,2026-08-11T19:14:45Z
2026-08-11T19:03:52Z,2026-08-11T21:03:52+0200,d65ae107-0026-470c-8885-f57b4d7803f4,2026-08-02T13:30:00Z,2026-08-02T15:30:00+0200,-7.13,EUR/MWh,DK2,DK_2,imbalance_price,Long,2026-08-11T19:14:45Z
2026-08-11T19:03:52Z,2026-08-11T21:03:52+0200,d65ae107-0026-470c-8885-f57b4d7803f4,2026-08-02T13:30:00Z,2026-08-02T15:30:00+0200,-7.13,EUR/MWh,DK2,DK_2,imbalance_price,Short,2026-08-11T19:14:45Z
2026-08-11T19:03:52Z,2026-08-11T21:03:52+0200,d65ae107-0026-470c-8885-f57b4d7803f4,2026-08-02T13:45:00Z,2026-08-02T15:45:00+0200,-15.96,EUR/MWh,DK2,DK_2,imbalance_price,Long,2026-08-11T19:14:45Z
2026-08-11T19:03:52Z,2026-08-11T21:03:52+0200,d65ae107-0026-470c-8885-f57b4d7803f4,2026-08-02T13:45:00Z,2026-08-02T15:45:00+0200,-15.96,EUR/MWh,DK2,DK_2,imbalance_price,Short,2026-08-11T19:14:45Z
2026-08-11T19:03:52Z,2026-08-11T21:03:52+0200,d65ae107-0026-470c-8885-f57b4d7803f4,2026-08-02T14:00:00Z,2026-08-02T16:00:00+0200,-6.6,EUR/MWh,DK2,DK_2,imbalance_price,Long,2026-08-11T19:14:45Z
2026-08-11T19:03:52Z,2026-08-11T21:03:52+0200,d65ae107-0026-470c-8885-f57b4d7803f4,2026-08-02T14:00:00Z,2026-08-02T16:00:00+0200,-6.6,EUR/MWh,DK2,DK_2,imbalance_price,Short,2026-08-11T19:14:45Z
2026-08-11T19:03:52Z,2026-08-11T21:03:52+0200,d65ae107-0026-470c-8885-f57b4d7803f4,2026-08-02T14:15:00Z,2026-08-02T16:15:00+0200,-3.17,EUR/MWh,DK2,DK_2,imbalance_price,Long,2026-08-11T19:14:45Z
2026-08-11T19:03:52Z,2026-08-11T21:03:52+0200,d65ae107-0026-470c-8885-f57b4d7803f4,2026-08-02T14:15:00Z,2026-08-02T16:15:00+0200,-3.17,EUR/MWh,DK2,DK_2,imbalance_price,Short,2026-08-11T19:14:45Z
2026-08-11T19:03:52Z,2026-08-11T21:03:52+0200,d65ae107-0026-470c-8885-f57b4d7803f4,2026-08-02T14:30:00Z,2026-08-02T16:30:00+0200,-11.52,EUR/MWh,DK2,DK_2,imbalance_price,Long,2026-08-11T19:14:45Z
2026-08-11T19:03:52Z,2026-08-11T21:03:52+0200,d65ae107-0026-470c-8885-f57b4d7803f4,2026-08-02T14:30:00Z,2026-08-02T16:30:00+0200,-11.52,EUR/MWh,DK2,DK_2,imbalance_price,Short,2026-08-11T19:14:45Z
2026-08-11T19:03:52Z,2026-08-11T21:03:52+0200,d65ae107-0026-470c-8885-f57b4d7803f4,2026-08-02T14:45:00Z,2026-08-02T16:45:00+0200,-31.02,EUR/MWh,DK2,DK_2,imbalance_price,Long,2026-08-11T19:14:45Z
2026-08-11T19:03:52Z,2026-08-11T21:03:52+0200,d65ae107-0026-470c-8885-f57b4d7803f4,2026-08-02T14:45:00Z,2026-08-02T16:45:00+0200,-31.02,EUR/MWh,DK2,DK_2,imbalance_price,Short,2026-08-11T19:14:45Z
2026-08-11T19:03:52Z,2026-08-11T21:03:52+0200,d65ae107-0026-470c-8885-f57b4d7803f4,2026-08-02T15:00:00Z,2026-08-02T17:00:00+0200,-27.09,EUR/MWh,DK2,DK_2,imbalance_price,Long,2026-08-11T19:14:45Z
2026-08-11T19:03:52Z,2026-08-11T21:03:52+0200,d65ae107-0026-470c-8885-f57b4d7803f4,2026-08-02T15:00:00Z,2026-08-02T17:00:00+0200,-27.09,EUR/MWh,DK2,DK_2,imbalance_price,Short,2026-08-11T19:14:45Z
2026-08-11T19:03:52Z,2026-08-11T21:03:52+0200,d65ae107-0026-470c-8885-f57b4d7803f4,2026-08-02T15:15:00Z,2026-08-02T17:15:00+0200,-41.69,EUR/MWh,DK2,DK_2,imbalance_price,Long,2026-08-11T19:14:45Z
2026-08-11T19:03:52Z,2026-08-11T21:03:52+0200,d65ae107-0026-470c-8885-f57b4d7803f4,2026-08-02T15:15:00Z,2026-08-02T17:15:00+0200,-41.69,EUR/MWh,DK2,DK_2,imbalance_price,Short,2026-08-11T19:14:45Z
2026-08-11T19:03:52Z,2026-08-11T21:03:52+0200,d65ae107-0026-470c-8885-f57b4d7803f4,2026-08-02T15:30:00Z,2026-08-02T17:30:00+0200,-15.52,EUR/MWh,DK2,DK_2,imbalance_price,Long,2026-08-11T19:14:45Z
2026-08-11T19:03:52Z,2026-08-11T21:03:52+0200,d65ae107-0026-470c-8885-f57b4d7803f4,2026-08-02T15:30:00Z,2026-08-02T17:30:00+0200,-15.52,EUR/MWh,DK2,DK_2,imbalance_price,Short,2026-08-11T19:14:45Z
2026-08-11T19:03:52Z,2026-08-11T21:03:52+0200,d65ae107-0026-470c-8885-f57b4d7803f4,2026-08-02T15:45:00Z,2026-08-02T17:45:00+0200,32.86,EUR/MWh,DK2,DK_2,imbalance_price,Long,2026-08-11T19:14:45Z
2026-08-11T19:03:52Z,2026-08-11T21:03:52+0200,d65ae107-0026-470c-8885-f57b4d7803f4,2026-08-02T15:45:00Z,2026-08-02T17:45:00+0200,32.86,EUR/MWh,DK2,DK_2,imbalance_price,Short,2026-08-11T19:14:45Z
2026-08-11T19:03:52Z,2026-08-11T21:03:52+0200,d65ae107-0026-470c-8885-f57b4d7803f4,2026-08-02T16:00:00Z,2026-08-02T18:00:00+0200,26.89,EUR/MWh,DK2,DK_2,imbalance_price,Long,2026-08-11T19:14:45Z
2026-08-11T19:03:52Z,2026-08-11T21:03:52+0200,d65ae107-0026-470c-8885-f57b4d7803f4,2026-08-02T16:00:00Z,2026-08-02T18:00:00+0200,26.89,EUR/MWh,DK2,DK_2,imbalance_price,Short,2026-08-11T19:14:45Z
2026-08-11T19:03:52Z,2026-08-11T21:03:52+0200,d65ae107-0026-470c-8885-f57b4d7803f4,2026-08-02T16:15:00Z,2026-08-02T18:15:00+0200,133.5,EUR/MWh,DK2,DK_2,imbalance_price,Long,2026-08-11T19:14:45Z
2026-08-11T19:03:52Z,2026-08-11T21:03:52+0200,d65ae107-0026-470c-8885-f57b4d7803f4,2026-08-02T16:15:00Z,2026-08-02T18:15:00+0200,133.5,EUR/MWh,DK2,DK_2,imbalance_price,Short,2026-08-11T19:14:45Z
2026-08-11T19:03:52Z,2026-08-11T21:03:52+0200,d65ae107-0026-470c-8885-f57b4d7803f4,2026-08-02T16:30:00Z,2026-08-02T18:30:00+0200,155.74,EUR/MWh,DK2,DK_2,imbalance_price,Long,2026-08-11T19:14:45Z
2026-08-11T19:03:52Z,2026-08-11T21:03:52+0200,d65ae107-0026-470c-8885-f57b4d7803f4,2026-08-02T16:30:00Z,2026-08-02T18:30:00+0200,155.74,EUR/MWh,DK2,DK_2,imbalance_price,Short,2026-08-11T19:14:45Z
2026-08-11T19:03:52Z,2026-08-11T21:03:52+0200,d65ae107-0026-470c-8885-f57b4d7803f4,2026-08-02T16:45:00Z,2026-08-02T18:45:00+0200,465.5,EUR/MWh,DK2,DK_2,imbalance_price,Long,2026-08-11T19:14:45Z
2026-08-11T19:03:52Z,2026-08-11T21:03:52+0200,d65ae107-0026-470c-8885-f57b4d7803f4,2026-08-02T16:45:00Z,2026-08-02T18:45:00+0200,465.5,EUR/MWh,DK2,DK_2,imbalance_price,Short,2026-08-11T19:14:45Z
2026-08-11T19:03:52Z,2026-08-11T21:03:52+0200,d65ae107-0026-470c-8885-f57b4d7803f4,2026-08-02T17:00:00Z,2026-08-02T19:00:00+0200,642.49,EUR/MWh,DK2,DK_2,imbalance_price,Long,2026-08-11T19:14:45Z
2026-08-11T19:03:52Z,2026-08-11T21:03:52+0200,d65ae107-0026-470c-8885-f57b4d7803f4,2026-08-02T17:00:00Z,2026-08-02T19:00:00+0200,642.49,EUR/MWh,DK2,DK_2,imbalance_price,Short,2026-08-11T19:14:45Z
2026-08-11T19:03:52Z,2026-08-11T21:03:52+0200,d65ae107-0026-470c-8885-f57b4d7803f4,2026-08-02T17:15:00Z,2026-08-02T19:15:00+0200,149.46,EUR/MWh,DK2,DK_2,imbalance_price,Long,2026-08-11T19:14:45Z
2026-08-11T19:03:52Z,2026-08-11T21:03:52+0200,d65ae107-0026-470c-8885-f57b4d7803f4,2026-08-02T17:15:00Z,2026-08-02T19:15:00+0200,149.46,EUR/MWh,DK2,DK_2,imbalance_price,Short,2026-08-11T19:14:45Z
2026-08-11T19:03:52Z,2026-08-11T21:03:52+0200,d65ae107-0026-470c-8885-f57b4d7803f4,2026-08-02T17:30:00Z,2026-08-02T19:30:00+0200,154.5,EUR/MWh,DK2,DK_2,imbalance_price,Long,2026-08-11T19:14:45Z
2026-08-11T19:03:52Z,2026-08-11T21:03:52+0200,d65ae107-0026-470c-8885-f57b4d7803f4,2026-08-02T17:30:00Z,2026-08-02T19:30:00+0200,154.5,EUR/MWh,DK2,DK_2,imbalance_price,Short,2026-08-11T19:14:45Z
2026-08-11T19:03:52Z,2026-08-11T21:03:52+0200,d65ae107-0026-470c-8885-f57b4d7803f4,2026-08-02T17:45:00Z,2026-08-02T19:45:00+0200,362.07,EUR/MWh,DK2,DK_2,imbalance_price,Long,2026-08-11T19:14:45Z
2026-08-11T19:03:52Z,2026-08-11T21:03:52+0200,d65ae107-0026-470c-8885-f57b4d7803f4,2026-08-02T17:45:00Z,2026-08-02T19:45:00+0200,362.07,EUR/MWh,DK2,DK_2,imbalance_price,Short,2026-08-11T19:14:45Z
2026-08-11T19:03:52Z,2026-08-11T21:03:52+0200,d65ae107-0026-470c-8885-f57b4d7803f4,2026-08-02T18:00:00Z,2026-08-02T20:00:00+0200,99.76,EUR/MWh,DK2,DK_2,imbalance_price,Long,2026-08-11T19:14:45Z
2026-08-11T19:03:52Z,2026-08-11T21:03:52+0200,d65ae107-0026-470c-8885-f57b4d7803f4,2026-08-02T18:00:00Z,2026-08-02T20:00:00+0200,99.76,EUR/MWh,DK2,DK_2,imbalance_price,Short,2026-08-11T19:14:45Z
2026-08-11T19:03:52Z,2026-08-11T21:03:52+0200,d65ae107-0026-470c-8885-f57b4d7803f4,2026-08-02T18:15:00Z,2026-08-02T20:15:00+0200,181.38,EUR/MWh,DK2,DK_2,imbalance_price,Long,2026-08-11T19:14:45Z
2026-08-11T19:03:52Z,2026-08-11T21:03:52+0200,d65ae107-0026-470c-8885-f57b4d7803f4,2026-08-02T18:15:00Z,2026-08-02T20:15:00+0200,181.38,EUR/MWh,DK2,DK_2,imbalance_price,Short,2026-08-11T19:14:45Z
2026-08-11T19:03:52Z,2026-08-11T21:03:52+0200,d65ae107-0026-470c-8885-f57b4d7803f4,2026-08-02T18:30:00Z,2026-08-02T20:30:00+0200,143.0,EUR/MWh,DK2,DK_2,imbalance_price,Long,2026-08-11T19:14:45Z
2026-08-11T19:03:52Z,2026-08-11T21:03:52+0200,d65ae107-0026-470c-8885-f57b4d7803f4,2026-08-02T18:30:00Z,2026-08-02T20:30:00+0200,143.0,EUR/MWh,DK2,DK_2,imbalance_price,Short,2026-08-11T19:14:45Z
2026-08-11T19:03:52Z,2026-08-11T21:03:52+0200,d65ae107-0026-470c-8885-f57b4d7803f4,2026-08-02T18:45:00Z,2026-08-02T20:45:00+0200,132.8,EUR/MWh,DK2,DK_2,imbalance_price,Long,2026-08-11T19:14:45Z
2026-08-11T19:03:52Z,2026-08-11T21:03:52+0200,d65ae107-0026-470c-8885-f57b4d7803f4,2026-08-02T18:45:00Z,2026-08-02T20:45:00+0200,132.8,EUR/MWh,DK2,DK_2,imbalance_price,Short,2026-08-11T19:14:45Z
2026-08-11T19:03:52Z,2026-08-11T21:03:52+0200,d65ae107-0026-470c-8885-f57b4d7803f4,2026-08-02T19:00:00Z,2026-08-02T21:00:00+0200,115.58,EUR/MWh,DK2,DK_2,imbalance_price,Long,2026-08-11T19:14:45Z
2026-08-11T19:03:52Z,2026-08-11T21:03:52+0200,d65ae107-0026-470c-8885-f57b4d7803f4,2026-08-02T19:00:00Z,2026-08-02T21:00:00+0200,115.58,EUR/MWh,DK2,DK_2,imbalance_price,Short,2026-08-11T19:14:45Z
2026-08-11T19:03:52Z,2026-08-11T21:03:52+0200,d65ae107-0026-470c-8885-f57b4d7803f4,2026-08-02T19:15:00Z,2026-08-02T21:15:00+0200,140.92,EUR/MWh,DK2,DK_2,imbalance_price,Long,2026-08-11T19:14:45Z
2026-08-11T19:03:52Z,2026-08-11T21:03:52+0200,d65ae107-0026-470c-8885-f57b4d7803f4,2026-08-02T19:15:00Z,2026-08-02T21:15:00+0200,140.92,EUR/MWh,DK2,DK_2,imbalance_price,Short,2026-08-11T19:14:45Z
2026-08-11T19:03:52Z,2026-08-11T21:03:52+0200,d65ae107-0026-470c-8885-f57b4d7803f4,2026-08-02T19:30:00Z,2026-08-02T21:30:00+0200,172.79,EUR/MWh,DK2,DK_2,imbalance_price,Long,2026-08-11T19:14:45Z
2026-08-11T19:03:52Z,2026-08-11T21:03:52+0200,d65ae107-0026-470c-8885-f57b4d7803f4,2026-08-02T19:30:00Z,2026-08-02T21:30:00+0200,172.79,EUR/MWh,DK2,DK_2,imbalance_price,Short,2026-08-11T19:14:45Z
2026-08-11T19:03:52Z,2026-08-11T21:03:52+0200,d65ae107-0026-470c-8885-f57b4d7803f4,2026-08-02T19:45:00Z,2026-08-02T21:45:00+0200,113.04,EUR/MWh,DK2,DK_2,imbalance_price,Long,2026-08-11T19:14:45Z
2026-08-11T19:03:52Z,2026-08-11T21:03:52+0200,d65ae107-0026-470c-8885-f57b4d7803f4,2026-08-02T19:45:00Z,2026-08-02T21:45:00+0200,113.04,EUR/MWh,DK2,DK_2,imbalance_price,Short,2026-08-11T19:14:45Z
2026-08-11T19:03:52Z,2026-08-11T21:03:52+0200,d65ae107-0026-470c-8885-f57b4d7803f4,2026-08-02T20:00:00Z,2026-08-02T22:00:00+0200,180.49,EUR/MWh,DK2,DK_2,imbalance_price,Long,2026-08-11T19:14:45Z
2026-08-11T19:03:52Z,2026-08-11T21:03:52+0200,d65ae107-0026-470c-8885-f57b4d7803f4,2026-08-02T20:00:00Z,2026-08-02T22:00:00+0200,180.49,EUR/MWh,DK2,DK_2,imbalance_price,Short,2026-08-11T19:14:45Z
2026-08-11T19:03:52Z,2026-08-11T21:03:52+0200,d65ae107-0026-470c-8885-f57b4d7803f4,2026-08-02T20:15:00Z,2026-08-02T22:15:00+0200,165.74,EUR/MWh,DK2,DK_2,imbalance_price,Long,2026-08-11T19:14:45Z
2026-08-11T19:03:52Z,2026-08-11T21:03:52+0200,d65ae107-0026-470c-8885-f57b4d7803f4,2026-08-02T20:15:00Z,2026-08-02T22:15:00+0200,165.74,EUR/MWh,DK2,DK_2,imbalance_price,Short,2026-08-11T19:14:45Z
2026-08-11T19:03:52Z,2026-08-11T21:03:52+0200,d65ae107-0026-470c-8885-f57b4d7803f4,2026-08-02T20:30:00Z,2026-08-02T22:30:00+0200,112.86,EUR/MWh,DK2,DK_2,imbalance_price,Long,2026-08-11T19:14:45Z
2026-08-11T19:03:52Z,2026-08-11T21:03:52+0200,d65ae107-0026-470c-8885-f57b4d7803f4,2026-08-02T20:30:00Z,2026-08-02T22:30:00+0200,112.86,EUR/MWh,DK2,DK_2,imbalance_price,Short,2026-08-11T19:14:45Z
2026-08-11T19:03:52Z,2026-08-11T21:03:52+0200,d65ae107-0026-470c-8885-f57b4d7803f4,2026-08-02T20:45:00Z,2026-08-02T22:45:00+0200,126.54,EUR/MWh,DK2,DK_2,imbalance_price,Long,2026-08-11T19:14:45Z
2026-08-11T19:03:52Z,2026-08-11T21:03:52+0200,d65ae107-0026-470c-8885-f57b4d7803f4,2026-08-02T20:45:00Z,2026-08-02T22:45:00+0200,126.54,EUR/MWh,DK2,DK_2,imbalance_price,Short,2026-08-11T19:14:45Z
2026-08-11T19:03:52Z,2026-08-11T21:03:52+0200,d65ae107-0026-470c-8885-f57b4d7803f4,2026-08-02T21:00:00Z,2026-08-02T23:00:00+0200,136.59,EUR/MWh,DK2,DK_2,imbalance_price,Long,2026-08-11T19:14:45Z
2026-08-11T19:03:52Z,2026-08-11T21:03:52+0200,d65ae107-0026-470c-8885-f57b4d7803f4,2026-08-02T21:00:00Z,2026-08-02T23:00:00+0200,136.59,EUR/MWh,DK2,DK_2,imbalance_price,Short,2026-08-11T19:14:45Z
2026-08-11T19:03:52Z,2026-08-11T21:03:52+0200,d65ae107-0026-470c-8885-f57b4d7803f4,2026-08-02T21:15:00Z,2026-08-02T23:15:00+0200,75.15,EUR/MWh,DK2,DK_2,imbalance_price,Long,2026-08-11T19:14:45Z
2026-08-11T19:03:52Z,2026-08-11T21:03:52+0200,d65ae107-0026-470c-8885-f57b4d7803f4,2026-08-02T21:15:00Z,2026-08-02T23:15:00+0200,75.15,EUR/MWh,DK2,DK_2,imbalance_price,Short,2026-08-11T19:14:45Z
2026-08-11T19:03:52Z,2026-08-11T21:03:52+0200,d65ae107-0026-470c-8885-f57b4d7803f4,2026-08-02T21:30:00Z,2026-08-02T23:30:00+0200,151.09,EUR/MWh,DK2,DK_2,imbalance_price,Long,2026-08-11T19:14:45Z
2026-08-11T19:03:52Z,2026-08-11T21:03:52+0200,d65ae107-0026-470c-8885-f57b4d7803f4,2026-08-02T21:30:00Z,2026-08-02T23:30:00+0200,151.09,EUR/MWh,DK2,DK_2,imbalance_price,Short,2026-08-11T19:14:45Z
2026-08-11T19:03:52Z,2026-08-11T21:03:52+0200,d65ae107-0026-470c-8885-f57b4d7803f4,2026-08-02T21:45:00Z,2026-08-02T23:45:00+0200,140.45,EUR/MWh,DK2,DK_2,imbalance_price,Long,2026-08-11T19:14:45Z
2026-08-11T19:03:52Z,2026-08-11T21:03:52+0200,d65ae107-0026-470c-8885-f57b4d7803f4,2026-08-02T21:45:00Z,2026-08-02T23:45:00+0200,140.45,EUR/MWh,DK2,DK_2,imbalance_price,Short,2026-08-11T19:14:45Z
2026-08-11T19:03:52Z,2026-08-11T21:03:52+0200,d65ae107-0026-470c-8885-f57b4d7803f4,2026-08-02T22:00:00Z,2026-08-03T00:00:00+0200,130.3,EUR/MWh,DK2,DK_2,imbalance_price,Long,2026-08-11T19:14:45Z
2026-08-11T19:03:52Z,2026-08-11T21:03:52+0200,d65ae107-0026-470c-8885-f57b4d7803f4,2026-08-02T22:00:00Z,2026-08-03T00:00:00+0200,130.3,EUR/MWh,DK2,DK_2,imbalance_price,Short,2026-08-11T19:14:45Z
2026-08-11T19:03:52Z,2026-08-11T21:03:52+0200,d65ae107-0026-470c-8885-f57b4d7803f4,2026-08-02T22:15:00Z,2026-08-03T00:15:00+0200,71.69,EUR/MWh,DK2,DK_2,imbalance_price,Long,2026-08-11T19:14:45Z
2026-08-11T19:03:52Z,2026-08-11T21:03:52+0200,d65ae107-0026-470c-8885-f57b4d7803f4,2026-08-02T22:15:00Z,2026-08-03T00:15:00+0200,71.69,EUR/MWh,DK2,DK_2,imbalance_price,Short,2026-08-11T19:14:45Z
2026-08-11T19:03:52Z,2026-08-11T21:03:52+0200,d65ae107-0026-470c-8885-f57b4d7803f4,2026-08-02T22:30:00Z,2026-08-03T00:30:00+0200,115.29,EUR/MWh,DK2,DK_2,imbalance_price,Long,2026-08-11T19:14:45Z
2026-08-11T19:03:52Z,2026-08-11T21:03:52+0200,d65ae107-0026-470c-8885-f57b4d7803f4,2026-08-02T22:30:00Z,2026-08-03T00:30:00+0200,115.29,EUR/MWh,DK2,DK_2,imbalance_price,Short,2026-08-11T19:14:45Z
2026-08-11T19:03:52Z,2026-08-11T21:03:52+0200,d65ae107-0026-470c-8885-f57b4d7803f4,2026-08-02T22:45:00Z,2026-08-03T00:45:00+0200,131.35,EUR/MWh,DK2,DK_2,imbalance_price,Long,2026-08-11T19:14:45Z
2026-08-11T19:03:52Z,2026-08-11T21:03:52+0200,d65ae107-0026-470c-8885-f57b4d7803f4,2026-08-02T22:45:00Z,2026-08-03T00:45:00+0200,131.35,EUR/MWh,DK2,DK_2,imbalance_price,Short,2026-08-11T19:14:45Z
2026-08-11T19:03:52Z,2026-08-11T21:03:52+0200,d65ae107-0026-470c-8885-f57b4d7803f4,2026-08-02T23:00:00Z,2026-08-03T01:00:00+0200,136.75,EUR/MWh,DK2,DK_2,imbalance_price,Long,2026-08-11T19:14:45Z
2026-08-11T19:03:52Z,2026-08-11T21:03:52+0200,d65ae107-0026-470c-8885-f57b4d7803f4,2026-08-02T23:00:00Z,2026-08-03T01:00:00+0200,136.75,EUR/MWh,DK2,DK_2,imbalance_price,Short,2026-08-11T19:14:45Z
2026-08-11T19:03:52Z,2026-08-11T21:03:52+0200,d65ae107-0026-470c-8885-f57b4d7803f4,2026-08-02T23:15:00Z,2026-08-03T01:15:00+0200,132.85,EUR/MWh,DK2,DK_2,imbalance_price,Long,2026-08-11T19:14:45Z
2026-08-11T19:03:52Z,2026-08-11T21:03:52+0200,d65ae107-0026-470c-8885-f57b4d7803f4,2026-08-02T23:15:00Z,2026-08-03T01:15:00+0200,132.85,EUR/MWh,DK2,DK_2,imbalance_price,Short,2026-08-11T19:14:45Z
2026-08-11T19:03:52Z,2026-08-11T21:03:52+0200,d65ae107-0026-470c-8885-f57b4d7803f4,2026-08-02T23:30:00Z,2026-08-03T01:30:00+0200,133.12,EUR/MWh,DK2,DK_2,imbalance_price,Long,2026-08-11T19:14:45Z
2026-08-11T19:03:52Z,2026-08-11T21:03:52+0200,d65ae107-0026-470c-8885-f57b4d7803f4,2026-08-02T23:30:00Z,2026-08-03T01:30:00+0200,133.12,EUR/MWh,DK2,DK_2,imbalance_price,Short,2026-08-11T19:14:45Z
2026-08-11T19:03:52Z,2026-08-11T21:03:52+0200,d65ae107-0026-470c-8885-f57b4d7803f4,2026-08-02T23:45:00Z,2026-08-03T01:45:00+0200,361.26,EUR/MWh,DK2,DK_2,imbalance_price,Long,2026-08-11T19:14:45Z
2026-08-11T19:03:52Z,2026-08-11T21:03:52+0200,d65ae107-0026-470c-8885-f57b4d7803f4,2026-08-02T23:45:00Z,2026-08-03T01:45:00+0200,361.26,EUR/MWh,DK2,DK_2,imbalance_price,Short,2026-08-11T19:14:45Z
2026-08-11T19:03:52Z,2026-08-11T21:03:52+0200,d65ae107-0026-470c-8885-f57b4d7803f4,2026-08-03T00:00:00Z,2026-08-03T02:00:00+0200,131.26,EUR/MWh,DK2,DK_2,imbalance_price,Long,2026-08-11T19:14:45Z
2026-08-11T19:03:52Z,2026-08-11T21:03:52+0200,d65ae107-0026-470c-8885-f57b4d7803f4,2026-08-03T00:00:00Z,2026-08-03T02:00:00+0200,131.26,EUR/MWh,DK2,DK_2,imbalance_price,Short,2026-08-11T19:14:45Z
2026-08-11T19:03:52Z,2026-08-11T21:03:52+0200,d65ae107-0026-470c-8885-f57b4d7803f4,2026-08-03T00:15:00Z,2026-08-03T02:15:00+0200,129.6,EUR/MWh,DK2,DK_2,imbalance_price,Long,2026-08-11T19:14:45Z
2026-08-11T19:03:52Z,2026-08-11T21:03:52+0200,d65ae107-0026-470c-8885-f57b4d7803f4,2026-08-03T00:15:00Z,2026-08-03T02:15:00+0200,129.6,EUR/MWh,DK2,DK_2,imbalance_price,Short,2026-08-11T19:14:45Z
2026-08-11T19:03:52Z,2026-08-11T21:03:52+0200,d65ae107-0026-470c-8885-f57b4d7803f4,2026-08-03T00:30:00Z,2026-08-03T02:30:00+0200,129.45,EUR/MWh,DK2,DK_2,imbalance_price,Long,2026-08-11T19:14:45Z
2026-08-11T19:03:52Z,2026-08-11T21:03:52+0200,d65ae107-0026-470c-8885-f57b4d7803f4,2026-08-03T00:30:00Z,2026-08-03T02:30:00+0200,129.45,EUR/MWh,DK2,DK_2,imbalance_price,Short,2026-08-11T19:14:45Z
2026-08-11T19:03:52Z,2026-08-11T21:03:52+0200,d65ae107-0026-470c-8885-f57b4d7803f4,2026-08-03T00:45:00Z,2026-08-03T02:45:00+0200,129.17,EUR/MWh,DK2,DK_2,imbalance_price,Long,2026-08-11T19:14:45Z
2026-08-11T19:03:52Z,2026-08-11T21:03:52+0200,d65ae107-0026-470c-8885-f57b4d7803f4,2026-08-03T00:45:00Z,2026-08-03T02:45:00+0200,129.17,EUR/MWh,DK2,DK_2,imbalance_price,Short,2026-08-11T19:14:45Z
2026-08-11T19:03:52Z,2026-08-11T21:03:52+0200,d65ae107-0026-470c-8885-f57b4d7803f4,2026-08-03T01:00:00Z,2026-08-03T03:00:00+0200,101.4,EUR/MWh,DK2,DK_2,imbalance_price,Long,2026-08-11T19:14:45Z
2026-08-11T19:03:52Z,2026-08-11T21:03:52+0200,d65ae107-0026-470c-8885-f57b4d7803f4,2026-08-03T01:00:00Z,2026-08-03T03:00:00+0200,101.4,EUR/MWh,DK2,DK_2,imbalance_price,Short,2026-08-11T19:14:45Z
2026-08-11T19:03:52Z,2026-08-11T21:03:52+0200,d65ae107-0026-470c-8885-f57b4d7803f4,2026-08-03T01:15:00Z,2026-08-03T03:15:00+0200,110.58,EUR/MWh,DK2,DK_2,imbalance_price,Long,2026-08-11T19:14:45Z
2026-08-11T19:03:52Z,2026-08-11T21:03:52+0200,d65ae107-0026-470c-8885-f57b4d7803f4,2026-08-03T01:15:00Z,2026-08-03T03:15:00+0200,110.58,EUR/MWh,DK2,DK_2,imbalance_price,Short,2026-08-11T19:14:45Z
2026-08-11T19:03:52Z,2026-08-11T21:03:52+0200,d65ae107-0026-470c-8885-f57b4d7803f4,2026-08-03T01:30:00Z,2026-08-03T03:30:00+0200,113.32,EUR/MWh,DK2,DK_2,imbalance_price,Long,2026-08-11T19:14:45Z
2026-08-11T19:03:52Z,2026-08-11T21:03:52+0200,d65ae107-0026-470c-8885-f57b4d7803f4,2026-08-03T01:30:00Z,2026-08-03T03:30:00+0200,113.32,EUR/MWh,DK2,DK_2,imbalance_price,Short,2026-08-11T19:14:45Z
2026-08-11T19:03:52Z,2026-08-11T21:03:52+0200,d65ae107-0026-470c-8885-f57b4d7803f4,2026-08-03T01:45:00Z,2026-08-03T03:45:00+0200,105.78,EUR/MWh,DK2,DK_2,imbalance_price,Long,2026-08-11T19:14:45Z
2026-08-11T19:03:52Z,2026-08-11T21:03:52+0200,d65ae107-0026-470c-8885-f57b4d7803f4,2026-08-03T01:45:00Z,2026-08-03T03:45:00+0200,105.78,EUR/MWh,DK2,DK_2,imbalance_price,Short,2026-08-11T19:14:45Z
2026-08-11T19:03:52Z,2026-08-11T21:03:52+0200,d65ae107-0026-470c-8885-f57b4d7803f4,2026-08-03T02:00:00Z,2026-08-03T04:00:00+0200,105.01,EUR/MWh,DK2,DK_2,imbalance_price,Long,2026-08-11T19:14:45Z
2026-08-11T19:03:52Z,2026-08-11T21:03:52+0200,d65ae107-0026-470c-8885-f57b4d7803f4,2026-08-03T02:00:00Z,2026-08-03T04:00:00+0200,105.01,EUR/MWh,DK2,DK_2,imbalance_price,Short,2026-08-11T19:14:45Z
2026-08-11T19:03:52Z,2026-08-11T21:03:52+0200,d65ae107-0026-470c-8885-f57b4d7803f4,2026-08-03T02:15:00Z,2026-08-03T04:15:00+0200,117.57,EUR/MWh,DK2,DK_2,imbalance_price,Long,2026-08-11T19:14:45Z
2026-08-11T19:03:52Z,2026-08-11T21:03:52+0200,d65ae107-0026-470c-8885-f57b4d7803f4,2026-08-03T02:15:00Z,2026-08-03T04:15:00+0200,117.57,EUR/MWh,DK2,DK_2,imbalance_price,Short,2026-08-11T19:14:45Z
2026-08-11T19:03:52Z,2026-08-11T21:03:52+0200,d65ae107-0026-470c-8885-f57b4d7803f4,2026-08-03T02:30:00Z,2026-08-03T04:30:00+0200,118.5,EUR/MWh,DK2,DK_2,imbalance_price,Long,2026-08-11T19:14:45Z
2026-08-11T19:03:52Z,2026-08-11T21:03:52+0200,d65ae107-0026-470c-8885-f57b4d7803f4,2026-08-03T02:30:00Z,2026-08-03T04:30:00+0200,118.5,EUR/MWh,DK2,DK_2,imbalance_price,Short,2026-08-11T19:14:45Z
2026-08-11T19:03:52Z,2026-08-11T21:03:52+0200,d65ae107-0026-470c-8885-f57b4d7803f4,2026-08-03T02:45:00Z,2026-08-03T04:45:00+0200,120.58,EUR/MWh,DK2,DK_2,imbalance_price,Long,2026-08-11T19:14:45Z
2026-08-11T19:03:52Z,2026-08-11T21:03:52+0200,d65ae107-0026-470c-8885-f57b4d7803f4,2026-08-03T02:45:00Z,2026-08-03T04:45:00+0200,120.58,EUR/MWh,DK2,DK_2,imbalance_price,Short,2026-08-11T19:14:45Z
2026-08-11T19:03:52Z,2026-08-11T21:03:52+0200,d65ae107-0026-470c-8885-f57b4d7803f4,2026-08-03T03:00:00Z,2026-08-03T05:00:00+0200,120.0,EUR/MWh,DK2,DK_2,imbalance_price,Long,2026-08-11T19:14:45Z
2026-08-11T19:03:52Z,2026-08-11T21:03:52+0200,d65ae107-0026-470c-8885-f57b4d7803f4,2026-08-03T03:00:00Z,2026-08-03T05:00:00+0200,120.0,EUR/MWh,DK2,DK_2,imbalance_price,Short,2026-08-11T19:14:45Z
2026-08-11T19:03:52Z,2026-08-11T21:03:52+0200,d65ae107-0026-470c-8885-f57b4d7803f4,2026-08-03T03:15:00Z,2026-08-03T05:15:00+0200,121.71,EUR/MWh,DK2,DK_2,imbalance_price,Long,2026-08-11T19:14:45Z
2026-08-11T19:03:52Z,2026-08-11T21:03:52+0200,d65ae107-0026-470c-8885-f57b4d7803f4,2026-08-03T03:15:00Z,2026-08-03T05:15:00+0200,121.71,EUR/MWh,DK2,DK_2,imbalance_price,Short,2026-08-11T19:14:45Z
2026-08-11T19:03:52Z,2026-08-11T21:03:52+0200,d65ae107-0026-470c-8885-f57b4d7803f4,2026-08-03T03:30:00Z,2026-08-03T05:30:00+0200,120.77,EUR/MWh,DK2,DK_2,imbalance_price,Long,2026-08-11T19:14:45Z
2026-08-11T19:03:52Z,2026-08-11T21:03:52+0200,d65ae107-0026-470c-8885-f57b4d7803f4,2026-08-03T03:30:00Z,2026-08-03T05:30:00+0200,120.77,EUR/MWh,DK2,DK_2,imbalance_price,Short,2026-08-11T19:14:45Z
2026-08-11T19:03:52Z,2026-08-11T21:03:52+0200,d65ae107-0026-470c-8885-f57b4d7803f4,2026-08-03T03:45:00Z,2026-08-03T05:45:00+0200,76.34,EUR/MWh,DK2,DK_2,imbalance_price,Long,2026-08-11T19:14:45Z
2026-08-11T19:03:52Z,2026-08-11T21:03:52+0200,d65ae107-0026-470c-8885-f57b4d7803f4,2026-08-03T03:45:00Z,2026-08-03T05:45:00+0200,76.34,EUR/MWh,DK2,DK_2,imbalance_price,Short,2026-08-11T19:14:45Z
2026-08-11T19:03:52Z,2026-08-11T21:03:52+0200,d65ae107-0026-470c-8885-f57b4d7803f4,2026-08-03T04:00:00Z,2026-08-03T06:00:00+0200,92.55,EUR/MWh,DK2,DK_2,imbalance_price,Long,2026-08-11T19:14:45Z
2026-08-11T19:03:52Z,2026-08-11T21:03:52+0200,d65ae107-0026-470c-8885-f57b4d7803f4,2026-08-03T04:00:00Z,2026-08-03T06:00:00+0200,92.55,EUR/MWh,DK2,DK_2,imbalance_price,Short,2026-08-11T19:14:45Z
2026-08-11T19:03:52Z,2026-08-11T21:03:52+0200,d65ae107-0026-470c-8885-f57b4d7803f4,2026-08-03T04:15:00Z,2026-08-03T06:15:00+0200,110.14,EUR/MWh,DK2,DK_2,imbalance_price,Long,2026-08-11T19:14:45Z
2026-08-11T19:03:52Z,2026-08-11T21:03:52+0200,d65ae107-0026-470c-8885-f57b4d7803f4,2026-08-03T04:15:00Z,2026-08-03T06:15:00+0200,110.14,EUR/MWh,DK2,DK_2,imbalance_price,Short,2026-08-11T19:14:45Z
2026-08-11T19:03:52Z,2026-08-11T21:03:52+0200,d65ae107-0026-470c-8885-f57b4d7803f4,2026-08-03T04:30:00Z,2026-08-03T06:30:00+0200,172.82,EUR/MWh,DK2,DK_2,imbalance_price,Long,2026-08-11T19:14:45Z
2026-08-11T19:03:52Z,2026-08-11T21:03:52+0200,d65ae107-0026-470c-8885-f57b4d7803f4,2026-08-03T04:30:00Z,2026-08-03T06:30:00+0200,172.82,EUR/MWh,DK2,DK_2,imbalance_price,Short,2026-08-11T19:14:45Z
2026-08-11T19:03:52Z,2026-08-11T21:03:52+0200,d65ae107-0026-470c-8885-f57b4d7803f4,2026-08-03T04:45:00Z,2026-08-03T06:45:00+0200,166.87,EUR/MWh,DK2,DK_2,imbalance_price,Long,2026-08-11T19:14:45Z
2026-08-11T19:03:52Z,2026-08-11T21:03:52+0200,d65ae107-0026-470c-8885-f57b4d7803f4,2026-08-03T04:45:00Z,2026-08-03T06:45:00+0200,166.87,EUR/MWh,DK2,DK_2,imbalance_price,Short,2026-08-11T19:14:45Z
2026-08-11T19:03:52Z,2026-08-11T21:03:52+0200,d65ae107-0026-470c-8885-f57b4d7803f4,2026-08-03T05:00:00Z,2026-08-03T07:00:00+0200,173.41,EUR/MWh,DK2,DK_2,imbalance_price,Long,2026-08-11T19:14:45Z
2026-08-11T19:03:52Z,2026-08-11T21:03:52+0200,d65ae107-0026-470c-8885-f57b4d7803f4,2026-08-03T05:00:00Z,2026-08-03T07:00:00+0200,173.41,EUR/MWh,DK2,DK_2,imbalance_price,Short,2026-08-11T19:14:45Z
2026-08-11T19:03:52Z,2026-08-11T21:03:52+0200,d65ae107-0026-470c-8885-f57b4d7803f4,2026-08-03T05:15:00Z,2026-08-03T07:15:00+0200,166.9,EUR/MWh,DK2,DK_2,imbalance_price,Long,2026-08-11T19:14:45Z
2026-08-11T19:03:52Z,2026-08-11T21:03:52+0200,d65ae107-0026-470c-8885-f57b4d7803f4,2026-08-03T05:15:00Z,2026-08-03T07:15:00+0200,166.9,EUR/MWh,DK2,DK_2,imbalance_price,Short,2026-08-11T19:14:45Z
2026-08-11T19:03:52Z,2026-08-11T21:03:52+0200,d65ae107-0026-470c-8885-f57b4d7803f4,2026-08-03T05:30:00Z,2026-08-03T07:30:00+0200,161.83,EUR/MWh,DK2,DK_2,imbalance_price,Long,2026-08-11T19:14:45Z
2026-08-11T19:03:52Z,2026-08-11T21:03:52+0200,d65ae107-0026-470c-8885-f57b4d7803f4,2026-08-03T05:30:00Z,2026-08-03T07:30:00+0200,161.83,EUR/MWh,DK2,DK_2,imbalance_price,Short,2026-08-11T19:14:45Z
2026-08-11T19:03:52Z,2026-08-11T21:03:52+0200,d65ae107-0026-470c-8885-f57b4d7803f4,2026-08-03T05:45:00Z,2026-08-03T07:45:00+0200,267.6,EUR/MWh,DK2,DK_2,imbalance_price,Long,2026-08-11T19:14:45Z
2026-08-11T19:03:52Z,2026-08-11T21:03:52+0200,d65ae107-0026-470c-8885-f57b4d7803f4,2026-08-03T05:45:00Z,2026-08-03T07:45:00+0200,267.6,EUR/MWh,DK2,DK_2,imbalance_price,Short,2026-08-11T19:14:45Z
2026-08-11T19:03:52Z,2026-08-11T21:03:52+0200,d65ae107-0026-470c-8885-f57b4d7803f4,2026-08-03T06:00:00Z,2026-08-03T08:00:00+0200,167.27,EUR/MWh,DK2,DK_2,imbalance_price,Long,2026-08-11T19:14:45Z
2026-08-11T19:03:52Z,2026-08-11T21:03:52+0200,d65ae107-0026-470c-8885-f57b4d7803f4,2026-08-03T06:00:00Z,2026-08-03T08:00:00+0200,167.27,EUR/MWh,DK2,DK_2,imbalance_price,Short,2026-08-11T19:14:45Z
2026-08-11T19:03:52Z,2026-08-11T21:03:52+0200,d65ae107-0026-470c-8885-f57b4d7803f4,2026-08-03T06:15:00Z,2026-08-03T08:15:00+0200,156.95,EUR/MWh,DK2,DK_2,imbalance_price,Long,2026-08-11T19:14:45Z
2026-08-11T19:03:52Z,2026-08-11T21:03:52+0200,d65ae107-0026-470c-8885-f57b4d7803f4,2026-08-03T06:15:00Z,2026-08-03T08:15:00+0200,156.95,EUR/MWh,DK2,DK_2,imbalance_price,Short,2026-08-11T19:14:45Z
2026-08-11T19:03:52Z,2026-08-11T21:03:52+0200,d65ae107-0026-470c-8885-f57b4d7803f4,2026-08-03T06:30:00Z,2026-08-03T08:30:00+0200,334.5,EUR/MWh,DK2,DK_2,imbalance_price,Long,2026-08-11T19:14:45Z
2026-08-11T19:03:52Z,2026-08-11T21:03:52+0200,d65ae107-0026-470c-8885-f57b4d7803f4,2026-08-03T06:30:00Z,2026-08-03T08:30:00+0200,334.5,EUR/MWh,DK2,DK_2,imbalance_price,Short,2026-08-11T19:14:45Z
2026-08-11T19:03:52Z,2026-08-11T21:03:52+0200,d65ae107-0026-470c-8885-f57b4d7803f4,2026-08-03T06:45:00Z,2026-08-03T08:45:00+0200,74.8,EUR/MWh,DK2,DK_2,imbalance_price,Long,2026-08-11T19:14:45Z
2026-08-11T19:03:52Z,2026-08-11T21:03:52+0200,d65ae107-0026-470c-8885-f57b4d7803f4,2026-08-03T06:45:00Z,2026-08-03T08:45:00+0200,74.8,EUR/MWh,DK2,DK_2,imbalance_price,Short,2026-08-11T19:14:45Z
2026-08-11T19:03:52Z,2026-08-11T21:03:52+0200,d65ae107-0026-470c-8885-f57b4d7803f4,2026-08-03T07:00:00Z,2026-08-03T09:00:00+0200,115.68,EUR/MWh,DK2,DK_2,imbalance_price,Long,2026-08-11T19:14:45Z
2026-08-11T19:03:52Z,2026-08-11T21:03:52+0200,d65ae107-0026-470c-8885-f57b4d7803f4,2026-08-03T07:00:00Z,2026-08-03T09:00:00+0200,115.68,EUR/MWh,DK2,DK_2,imbalance_price,Short,2026-08-11T19:14:45Z
2026-08-11T19:03:52Z,2026-08-11T21:03:52+0200,d65ae107-0026-470c-8885-f57b4d7803f4,2026-08-03T07:15:00Z,2026-08-03T09:15:00+0200,131.4,EUR/MWh,DK2,DK_2,imbalance_price,Long,2026-08-11T19:14:45Z
2026-08-11T19:03:52Z,2026-08-11T21:03:52+0200,d65ae107-0026-470c-8885-f57b4d7803f4,2026-08-03T07:15:00Z,2026-08-03T09:15:00+0200,131.4,EUR/MWh,DK2,DK_2,imbalance_price,Short,2026-08-11T19:14:45Z
2026-08-11T19:03:52Z,2026-08-11T21:03:52+0200,d65ae107-0026-470c-8885-f57b4d7803f4,2026-08-03T07:30:00Z,2026-08-03T09:30:00+0200,42.62,EUR/MWh,DK2,DK_2,imbalance_price,Long,2026-08-11T19:14:45Z
2026-08-11T19:03:52Z,2026-08-11T21:03:52+0200,d65ae107-0026-470c-8885-f57b4d7803f4,2026-08-03T07:30:00Z,2026-08-03T09:30:00+0200,42.62,EUR/MWh,DK2,DK_2,imbalance_price,Short,2026-08-11T19:14:45Z
2026-08-11T19:03:52Z,2026-08-11T21:03:52+0200,d65ae107-0026-470c-8885-f57b4d7803f4,2026-08-03T07:45:00Z,2026-08-03T09:45:00+0200,62.58,EUR/MWh,DK2,DK_2,imbalance_price,Long,2026-08-11T19:14:45Z
2026-08-11T19:03:52Z,2026-08-11T21:03:52+0200,d65ae107-0026-470c-8885-f57b4d7803f4,2026-08-03T07:45:00Z,2026-08-03T09:45:00+0200,62.58,EUR/MWh,DK2,DK_2,imbalance_price,Short,2026-08-11T19:14:45Z
2026-08-11T19:03:52Z,2026-08-11T21:03:52+0200,d65ae107-0026-470c-8885-f57b4d7803f4,2026-08-03T08:00:00Z,2026-08-03T10:00:00+0200,51.71,EUR/MWh,DK2,DK_2,imbalance_price,Long,2026-08-11T19:14:45Z
2026-08-11T19:03:52Z,2026-08-11T21:03:52+0200,d65ae107-0026-470c-8885-f57b4d7803f4,2026-08-03T08:00:00Z,2026-08-03T10:00:00+0200,51.71,EUR/MWh,DK2,DK_2,imbalance_price,Short,2026-08-11T19:14:45Z
2026-08-11T19:03:52Z,2026-08-11T21:03:52+0200,d65ae107-0026-470c-8885-f57b4d7803f4,2026-08-03T08:15:00Z,2026-08-03T10:15:00+0200,26.59,EUR/MWh,DK2,DK_2,imbalance_price,Long,2026-08-11T19:14:45Z
2026-08-11T19:03:52Z,2026-08-11T21:03:52+0200,d65ae107-0026-470c-8885-f57b4d7803f4,2026-08-03T08:15:00Z,2026-08-03T10:15:00+0200,26.59,EUR/MWh,DK2,DK_2,imbalance_price,Short,2026-08-11T19:14:45Z
2026-08-11T19:03:52Z,2026-08-11T21:03:52+0200,d65ae107-0026-470c-8885-f57b4d7803f4,2026-08-03T08:30:00Z,2026-08-03T10:30:00+0200,110.47,EUR/MWh,DK2,DK_2,imbalance_price,Long,2026-08-11T19:14:45Z
2026-08-11T19:03:52Z,2026-08-11T21:03:52+0200,d65ae107-0026-470c-8885-f57b4d7803f4,2026-08-03T08:30:00Z,2026-08-03T10:30:00+0200,110.47,EUR/MWh,DK2,DK_2,imbalance_price,Short,2026-08-11T19:14:45Z
2026-08-11T19:03:52Z,2026-08-11T21:03:52+0200,d65ae107-0026-470c-8885-f57b4d7803f4,2026-08-03T08:45:00Z,2026-08-03T10:45:00+0200,61.05,EUR/MWh,DK2,DK_2,imbalance_price,Long,2026-08-11T19:14:45Z
2026-08-11T19:03:52Z,2026-08-11T21:03:52+0200,d65ae107-0026-470c-8885-f57b4d7803f4,2026-08-03T08:45:00Z,2026-08-03T10:45:00+0200,61.05,EUR/MWh,DK2,DK_2,imbalance_price,Short,2026-08-11T19:14:45Z
2026-08-11T19:03:52Z,2026-08-11T21:03:52+0200,d65ae107-0026-470c-8885-f57b4d7803f4,2026-08-03T09:00:00Z,2026-08-03T11:00:00+0200,47.29,EUR/MWh,DK2,DK_2,imbalance_price,Long,2026-08-11T19:14:45Z
2026-08-11T19:03:52Z,2026-08-11T21:03:52+0200,d65ae107-0026-470c-8885-f57b4d7803f4,2026-08-03T09:00:00Z,2026-08-03T11:00:00+0200,47.29,EUR/MWh,DK2,DK_2,imbalance_price,Short,2026-08-11T19:14:45Z
2026-08-11T19:03:52Z,2026-08-11T21:03:52+0200,d65ae107-0026-470c-8885-f57b4d7803f4,2026-08-03T09:15:00Z,2026-08-03T11:15:00+0200,72.26,EUR/MWh,DK2,DK_2,imbalance_price,Long,2026-08-11T19:14:45Z
2026-08-11T19:03:52Z,2026-08-11T21:03:52+0200,d65ae107-0026-470c-8885-f57b4d7803f4,2026-08-03T09:15:00Z,2026-08-03T11:15:00+0200,72.26,EUR/MWh,DK2,DK_2,imbalance_price,Short,2026-08-11T19:14:45Z
2026-08-11T19:03:52Z,2026-08-11T21:03:52+0200,d65ae107-0026-470c-8885-f57b4d7803f4,2026-08-03T09:30:00Z,2026-08-03T11:30:00+0200,59.2,EUR/MWh,DK2,DK_2,imbalance_price,Long,2026-08-11T19:14:45Z
2026-08-11T19:03:52Z,2026-08-11T21:03:52+0200,d65ae107-0026-470c-8885-f57b4d7803f4,2026-08-03T09:30:00Z,2026-08-03T11:30:00+0200,59.2,EUR/MWh,DK2,DK_2,imbalance_price,Short,2026-08-11T19:14:45Z
2026-08-11T19:03:52Z,2026-08-11T21:03:52+0200,d65ae107-0026-470c-8885-f57b4d7803f4,2026-08-03T09:45:00Z,2026-08-03T11:45:00+0200,45.17,EUR/MWh,DK2,DK_2,imbalance_price,Long,2026-08-11T19:14:45Z
2026-08-11T19:03:52Z,2026-08-11T21:03:52+0200,d65ae107-0026-470c-8885-f57b4d7803f4,2026-08-03T09:45:00Z,2026-08-03T11:45:00+0200,45.17,EUR/MWh,DK2,DK_2,imbalance_price,Short,2026-08-11T19:14:45Z
2026-08-11T19:03:52Z,2026-08-11T21:03:52+0200,d65ae107-0026-470c-8885-f57b4d7803f4,2026-08-03T10:00:00Z,2026-08-03T12:00:00+0200,166.22,EUR/MWh,DK2,DK_2,imbalance_price,Long,2026-08-11T19:14:45Z
2026-08-11T19:03:52Z,2026-08-11T21:03:52+0200,d65ae107-0026-470c-8885-f57b4d7803f4,2026-08-03T10:00:00Z,2026-08-03T12:00:00+0200,166.22,EUR/MWh,DK2,DK_2,imbalance_price,Short,2026-08-11T19:14:45Z
2026-08-11T19:03:52Z,2026-08-11T21:03:52+0200,d65ae107-0026-470c-8885-f57b4d7803f4,2026-08-03T10:15:00Z,2026-08-03T12:15:00+0200,20.95,EUR/MWh,DK2,DK_2,imbalance_price,Long,2026-08-11T19:14:45Z
2026-08-11T19:03:52Z,2026-08-11T21:03:52+0200,d65ae107-0026-470c-8885-f57b4d7803f4,2026-08-03T10:15:00Z,2026-08-03T12:15:00+0200,20.95,EUR/MWh,DK2,DK_2,imbalance_price,Short,2026-08-11T19:14:45Z
2026-08-11T19:03:52Z,2026-08-11T21:03:52+0200,d65ae107-0026-470c-8885-f57b4d7803f4,2026-08-03T10:30:00Z,2026-08-03T12:30:00+0200,18.77,EUR/MWh,DK2,DK_2,imbalance_price,Long,2026-08-11T19:14:45Z
2026-08-11T19:03:52Z,2026-08-11T21:03:52+0200,d65ae107-0026-470c-8885-f57b4d7803f4,2026-08-03T10:30:00Z,2026-08-03T12:30:00+0200,18.77,EUR/MWh,DK2,DK_2,imbalance_price,Short,2026-08-11T19:14:45Z
2026-08-11T19:03:52Z,2026-08-11T21:03:52+0200,d65ae107-0026-470c-8885-f57b4d7803f4,2026-08-03T10:45:00Z,2026-08-03T12:45:00+0200,303.26,EUR/MWh,DK2,DK_2,imbalance_price,Long,2026-08-11T19:14:45Z
2026-08-11T19:03:52Z,2026-08-11T21:03:52+0200,d65ae107-0026-470c-8885-f57b4d7803f4,2026-08-03T10:45:00Z,2026-08-03T12:45:00+0200,303.26,EUR/MWh,DK2,DK_2,imbalance_price,Short,2026-08-11T19:14:45Z
2026-08-11T19:03:52Z,2026-08-11T21:03:52+0200,d65ae107-0026-470c-8885-f57b4d7803f4,2026-08-03T11:00:00Z,2026-08-03T13:00:00+0200,143.08,EUR/MWh,DK2,DK_2,imbalance_price,Long,2026-08-11T19:14:45Z
2026-08-11T19:03:52Z,2026-08-11T21:03:52+0200,d65ae107-0026-470c-8885-f57b4d7803f4,2026-08-03T11:00:00Z,2026-08-03T13:00:00+0200,143.08,EUR/MWh,DK2,DK_2,imbalance_price,Short,2026-08-11T19:14:45Z
2026-08-11T19:03:52Z,2026-08-11T21:03:52+0200,d65ae107-0026-470c-8885-f57b4d7803f4,2026-08-03T11:15:00Z,2026-08-03T13:15:00+0200,127.44,EUR/MWh,DK2,DK_2,imbalance_price,Long,2026-08-11T19:14:45Z
2026-08-11T19:03:52Z,2026-08-11T21:03:52+0200,d65ae107-0026-470c-8885-f57b4d7803f4,2026-08-03T11:15:00Z,2026-08-03T13:15:00+0200,127.44,EUR/MWh,DK2,DK_2,imbalance_price,Short,2026-08-11T19:14:45Z
2026-08-11T19:03:52Z,2026-08-11T21:03:52+0200,d65ae107-0026-470c-8885-f57b4d7803f4,2026-08-03T11:30:00Z,2026-08-03T13:30:00+0200,130.45,EUR/MWh,DK2,DK_2,imbalance_price,Long,2026-08-11T19:14:45Z
2026-08-11T19:03:52Z,2026-08-11T21:03:52+0200,d65ae107-0026-470c-8885-f57b4d7803f4,2026-08-03T11:30:00Z,2026-08-03T13:30:00+0200,130.45,EUR/MWh,DK2,DK_2,imbalance_price,Short,2026-08-11T19:14:45Z
2026-08-11T19:03:52Z,2026-08-11T21:03:52+0200,d65ae107-0026-470c-8885-f57b4d7803f4,2026-08-03T11:45:00Z,2026-08-03T13:45:00+0200,14.6,EUR/MWh,DK2,DK_2,imbalance_price,Long,2026-08-11T19:14:45Z
2026-08-11T19:03:52Z,2026-08-11T21:03:52+0200,d65ae107-0026-470c-8885-f57b4d7803f4,2026-08-03T11:45:00Z,2026-08-03T13:45:00+0200,14.6,EUR/MWh,DK2,DK_2,imbalance_price,Short,2026-08-11T19:14:45Z
2026-08-11T19:03:52Z,2026-08-11T21:03:52+0200,d65ae107-0026-470c-8885-f57b4d7803f4,2026-08-03T12:00:00Z,2026-08-03T14:00:00+0200,13.63,EUR/MWh,DK2,DK_2,imbalance_price,Long,2026-08-11T19:14:45Z
2026-08-11T19:03:52Z,2026-08-11T21:03:52+0200,d65ae107-0026-470c-8885-f57b4d7803f4,2026-08-03T12:00:00Z,2026-08-03T14:00:00+0200,13.63,EUR/MWh,DK2,DK_2,imbalance_price,Short,2026-08-11T19:14:45Z
2026-08-11T19:03:52Z,2026-08-11T21:03:52+0200,d65ae107-0026-470c-8885-f57b4d7803f4,2026-08-03T12:15:00Z,2026-08-03T14:15:00+0200,19.25,EUR/MWh,DK2,DK_2,imbalance_price,Long,2026-08-11T19:14:45Z
2026-08-11T19:03:52Z,2026-08-11T21:03:52+0200,d65ae107-0026-470c-8885-f57b4d7803f4,2026-08-03T12:15:00Z,2026-08-03T14:15:00+0200,19.25,EUR/MWh,DK2,DK_2,imbalance_price,Short,2026-08-11T19:14:45Z
2026-08-11T19:03:52Z,2026-08-11T21:03:52+0200,d65ae107-0026-470c-8885-f57b4d7803f4,2026-08-03T12:30:00Z,2026-08-03T14:30:00+0200,29.64,EUR/MWh,DK2,DK_2,imbalance_price,Long,2026-08-11T19:14:45Z
2026-08-11T19:03:52Z,2026-08-11T21:03:52+0200,d65ae107-0026-470c-8885-f57b4d7803f4,2026-08-03T12:30:00Z,2026-08-03T14:30:00+0200,29.64,EUR/MWh,DK2,DK_2,imbalance_price,Short,2026-08-11T19:14:45Z
2026-08-11T19:03:52Z,2026-08-11T21:03:52+0200,d65ae107-0026-470c-8885-f57b4d7803f4,2026-08-03T12:45:00Z,2026-08-03T14:45:00+0200,147.06,EUR/MWh,DK2,DK_2,imbalance_price,Long,2026-08-11T19:14:45Z
2026-08-11T19:03:52Z,2026-08-11T21:03:52+0200,d65ae107-0026-470c-8885-f57b4d7803f4,2026-08-03T12:45:00Z,2026-08-03T14:45:00+0200,147.06,EUR/MWh,DK2,DK_2,imbalance_price,Short,2026-08-11T19:14:45Z
2026-08-11T19:03:52Z,2026-08-11T21:03:52+0200,d65ae107-0026-470c-8885-f57b4d7803f4,2026-08-03T13:00:00Z,2026-08-03T15:00:00+0200,148.32,EUR/MWh,DK2,DK_2,imbalance_price,Long,2026-08-11T19:14:45Z
2026-08-11T19:03:52Z,2026-08-11T21:03:52+0200,d65ae107-0026-470c-8885-f57b4d7803f4,2026-08-03T13:00:00Z,2026-08-03T15:00:00+0200,148.32,EUR/MWh,DK2,DK_2,imbalance_price,Short,2026-08-11T19:14:45Z
2026-08-11T19:03:52Z,2026-08-11T21:03:52+0200,d65ae107-0026-470c-8885-f57b4d7803f4,2026-08-03T13:15:00Z,2026-08-03T15:15:00+0200,60.79,EUR/MWh,DK2,DK_2,imbalance_price,Long,2026-08-11T19:14:45Z
2026-08-11T19:03:52Z,2026-08-11T21:03:52+0200,d65ae107-0026-470c-8885-f57b4d7803f4,2026-08-03T13:15:00Z,2026-08-03T15:15:00+0200,60.79,EUR/MWh,DK2,DK_2,imbalance_price,Short,2026-08-11T19:14:45Z
2026-08-11T19:03:52Z,2026-08-11T21:03:52+0200,d65ae107-0026-470c-8885-f57b4d7803f4,2026-08-03T13:30:00Z,2026-08-03T15:30:00+0200,170.59,EUR/MWh,DK2,DK_2,imbalance_price,Long,2026-08-11T19:14:45Z
2026-08-11T19:03:52Z,2026-08-11T21:03:52+0200,d65ae107-0026-470c-8885-f57b4d7803f4,2026-08-03T13:30:00Z,2026-08-03T15:30:00+0200,170.59,EUR/MWh,DK2,DK_2,imbalance_price,Short,2026-08-11T19:14:45Z
2026-08-11T19:03:52Z,2026-08-11T21:03:52+0200,d65ae107-0026-470c-8885-f57b4d7803f4,2026-08-03T13:45:00Z,2026-08-03T15:45:00+0200,77.7,EUR/MWh,DK2,DK_2,imbalance_price,Long,2026-08-11T19:14:45Z
2026-08-11T19:03:52Z,2026-08-11T21:03:52+0200,d65ae107-0026-470c-8885-f57b4d7803f4,2026-08-03T13:45:00Z,2026-08-03T15:45:00+0200,77.7,EUR/MWh,DK2,DK_2,imbalance_price,Short,2026-08-11T19:14:45Z
2026-08-11T19:03:52Z,2026-08-11T21:03:52+0200,d65ae107-0026-470c-8885-f57b4d7803f4,2026-08-03T14:00:00Z,2026-08-03T16:00:00+0200,122.77,EUR/MWh,DK2,DK_2,imbalance_price,Long,2026-08-11T19:14:45Z
2026-08-11T19:03:52Z,2026-08-11T21:03:52+0200,d65ae107-0026-470c-8885-f57b4d7803f4,2026-08-03T14:00:00Z,2026-08-03T16:00:00+0200,122.77,EUR/MWh,DK2,DK_2,imbalance_price,Short,2026-08-11T19:14:45Z
2026-08-11T19:03:52Z,2026-08-11T21:03:52+0200,d65ae107-0026-470c-8885-f57b4d7803f4,2026-08-03T14:15:00Z,2026-08-03T16:15:00+0200,96.23,EUR/MWh,DK2,DK_2,imbalance_price,Long,2026-08-11T19:14:45Z
2026-08-11T19:03:52Z,2026-08-11T21:03:52+0200,d65ae107-0026-470c-8885-f57b4d7803f4,2026-08-03T14:15:00Z,2026-08-03T16:15:00+0200,96.23,EUR/MWh,DK2,DK_2,imbalance_price,Short,2026-08-11T19:14:45Z
2026-08-11T19:03:52Z,2026-08-11T21:03:52+0200,d65ae107-0026-470c-8885-f57b4d7803f4,2026-08-03T14:30:00Z,2026-08-03T16:30:00+0200,81.08,EUR/MWh,DK2,DK_2,imbalance_price,Long,2026-08-11T19:14:45Z
2026-08-11T19:03:52Z,2026-08-11T21:03:52+0200,d65ae107-0026-470c-8885-f57b4d7803f4,2026-08-03T14:30:00Z,2026-08-03T16:30:00+0200,81.08,EUR/MWh,DK2,DK_2,imbalance_price,Short,2026-08-11T19:14:45Z
2026-08-11T19:03:52Z,2026-08-11T21:03:52+0200,d65ae107-0026-470c-8885-f57b4d7803f4,2026-08-03T14:45:00Z,2026-08-03T16:45:00+0200,81.07,EUR/MWh,DK2,DK_2,imbalance_price,Long,2026-08-11T19:14:45Z
2026-08-11T19:03:52Z,2026-08-11T21:03:52+0200,d65ae107-0026-470c-8885-f57b4d7803f4,2026-08-03T14:45:00Z,2026-08-03T16:45:00+0200,81.07,EUR/MWh,DK2,DK_2,imbalance_price,Short,2026-08-11T19:14:45Z
2026-08-11T19:03:52Z,2026-08-11T21:03:52+0200,d65ae107-0026-470c-8885-f57b4d7803f4,2026-08-03T15:00:00Z,2026-08-03T17:00:00+0200,735.91,EUR/MWh,DK2,DK_2,imbalance_price,Long,2026-08-11T19:14:45Z
2026-08-11T19:03:52Z,2026-08-11T21:03:52+0200,d65ae107-0026-470c-8885-f57b4d7803f4,2026-08-03T15:00:00Z,2026-08-03T17:00:00+0200,735.91,EUR/MWh,DK2,DK_2,imbalance_price,Short,2026-08-11T19:14:45Z
2026-08-11T19:03:52Z,2026-08-11T21:03:52+0200,d65ae107-0026-470c-8885-f57b4d7803f4,2026-08-03T15:15:00Z,2026-08-03T17:15:00+0200,535.87,EUR/MWh,DK2,DK_2,imbalance_price,Long,2026-08-11T19:14:45Z
2026-08-11T19:03:52Z,2026-08-11T21:03:52+0200,d65ae107-0026-470c-8885-f57b4d7803f4,2026-08-03T15:15:00Z,2026-08-03T17:15:00+0200,535.87,EUR/MWh,DK2,DK_2,imbalance_price,Short,2026-08-11T19:14:45Z
2026-08-11T19:03:52Z,2026-08-11T21:03:52+0200,d65ae107-0026-470c-8885-f57b4d7803f4,2026-08-03T15:30:00Z,2026-08-03T17:30:00+0200,224.44,EUR/MWh,DK2,DK_2,imbalance_price,Long,2026-08-11T19:14:45Z
2026-08-11T19:03:52Z,2026-08-11T21:03:52+0200,d65ae107-0026-470c-8885-f57b4d7803f4,2026-08-03T15:30:00Z,2026-08-03T17:30:00+0200,224.44,EUR/MWh,DK2,DK_2,imbalance_price,Short,2026-08-11T19:14:45Z
2026-08-11T19:03:52Z,2026-08-11T21:03:52+0200,d65ae107-0026-470c-8885-f57b4d7803f4,2026-08-03T15:45:00Z,2026-08-03T17:45:00+0200,71.45,EUR/MWh,DK2,DK_2,imbalance_price,Long,2026-08-11T19:14:45Z
2026-08-11T19:03:52Z,2026-08-11T21:03:52+0200,d65ae107-0026-470c-8885-f57b4d7803f4,2026-08-03T15:45:00Z,2026-08-03T17:45:00+0200,71.45,EUR/MWh,DK2,DK_2,imbalance_price,Short,2026-08-11T19:14:45Z
2026-08-11T19:03:52Z,2026-08-11T21:03:52+0200,d65ae107-0026-470c-8885-f57b4d7803f4,2026-08-03T16:00:00Z,2026-08-03T18:00:00+0200,147.91,EUR/MWh,DK2,DK_2,imbalance_price,Long,2026-08-11T19:14:45Z
2026-08-11T19:03:52Z,2026-08-11T21:03:52+0200,d65ae107-0026-470c-8885-f57b4d7803f4,2026-08-03T16:00:00Z,2026-08-03T18:00:00+0200,147.91,EUR/MWh,DK2,DK_2,imbalance_price,Short,2026-08-11T19:14:45Z
2026-08-11T19:03:52Z,2026-08-11T21:03:52+0200,d65ae107-0026-470c-8885-f57b4d7803f4,2026-08-03T16:15:00Z,2026-08-03T18:15:00+0200,216.99,EUR/MWh,DK2,DK_2,imbalance_price,Long,2026-08-11T19:14:45Z
2026-08-11T19:03:52Z,2026-08-11T21:03:52+0200,d65ae107-0026-470c-8885-f57b4d7803f4,2026-08-03T16:15:00Z,2026-08-03T18:15:00+0200,216.99,EUR/MWh,DK2,DK_2,imbalance_price,Short,2026-08-11T19:14:45Z
2026-08-11T19:03:52Z,2026-08-11T21:03:52+0200,d65ae107-0026-470c-8885-f57b4d7803f4,2026-08-03T16:30:00Z,2026-08-03T18:30:00+0200,215.97,EUR/MWh,DK2,DK_2,imbalance_price,Long,2026-08-11T19:14:45Z
2026-08-11T19:03:52Z,2026-08-11T21:03:52+0200,d65ae107-0026-470c-8885-f57b4d7803f4,2026-08-03T16:30:00Z,2026-08-03T18:30:00+0200,215.97,EUR/MWh,DK2,DK_2,imbalance_price,Short,2026-08-11T19:14:45Z
2026-08-11T19:03:52Z,2026-08-11T21:03:52+0200,d65ae107-0026-470c-8885-f57b4d7803f4,2026-08-03T16:45:00Z,2026-08-03T18:45:00+0200,171.59,EUR/MWh,DK2,DK_2,imbalance_price,Long,2026-08-11T19:14:45Z
2026-08-11T19:03:52Z,2026-08-11T21:03:52+0200,d65ae107-0026-470c-8885-f57b4d7803f4,2026-08-03T16:45:00Z,2026-08-03T18:45:00+0200,171.59,EUR/MWh,DK2,DK_2,imbalance_price,Short,2026-08-11T19:14:45Z
2026-08-11T19:03:52Z,2026-08-11T21:03:52+0200,d65ae107-0026-470c-8885-f57b4d7803f4,2026-08-03T17:00:00Z,2026-08-03T19:00:00+0200,75.15,EUR/MWh,DK2,DK_2,imbalance_price,Long,2026-08-11T19:14:45Z
2026-08-11T19:03:52Z,2026-08-11T21:03:52+0200,d65ae107-0026-470c-8885-f57b4d7803f4,2026-08-03T17:00:00Z,2026-08-03T19:00:00+0200,75.15,EUR/MWh,DK2,DK_2,imbalance_price,Short,2026-08-11T19:14:45Z
2026-08-11T19:03:52Z,2026-08-11T21:03:52+0200,d65ae107-0026-470c-8885-f57b4d7803f4,2026-08-03T17:15:00Z,2026-08-03T19:15:00+0200,183.17,EUR/MWh,DK2,DK_2,imbalance_price,Long,2026-08-11T19:14:45Z
2026-08-11T19:03:52Z,2026-08-11T21:03:52+0200,d65ae107-0026-470c-8885-f57b4d7803f4,2026-08-03T17:15:00Z,2026-08-03T19:15:00+0200,183.17,EUR/MWh,DK2,DK_2,imbalance_price,Short,2026-08-11T19:14:45Z
2026-08-11T19:03:52Z,2026-08-11T21:03:52+0200,d65ae107-0026-470c-8885-f57b4d7803f4,2026-08-03T17:30:00Z,2026-08-03T19:30:00+0200,200.09,EUR/MWh,DK2,DK_2,imbalance_price,Long,2026-08-11T19:14:45Z
2026-08-11T19:03:52Z,2026-08-11T21:03:52+0200,d65ae107-0026-470c-8885-f57b4d7803f4,2026-08-03T17:30:00Z,2026-08-03T19:30:00+0200,200.09,EUR/MWh,DK2,DK_2,imbalance_price,Short,2026-08-11T19:14:45Z
2026-08-11T19:03:52Z,2026-08-11T21:03:52+0200,d65ae107-0026-470c-8885-f57b4d7803f4,2026-08-03T17:45:00Z,2026-08-03T19:45:00+0200,193.91,EUR/MWh,DK2,DK_2,imbalance_price,Long,2026-08-11T19:14:45Z
2026-08-11T19:03:52Z,2026-08-11T21:03:52+0200,d65ae107-0026-470c-8885-f57b4d7803f4,2026-08-03T17:45:00Z,2026-08-03T19:45:00+0200,193.91,EUR/MWh,DK2,DK_2,imbalance_price,Short,2026-08-11T19:14:45Z
2026-08-11T19:03:52Z,2026-08-11T21:03:52+0200,d65ae107-0026-470c-8885-f57b4d7803f4,2026-08-03T18:00:00Z,2026-08-03T20:00:00+0200,334.37,EUR/MWh,DK2,DK_2,imbalance_price,Long,2026-08-11T19:14:45Z
2026-08-11T19:03:52Z,2026-08-11T21:03:52+0200,d65ae107-0026-470c-8885-f57b4d7803f4,2026-08-03T18:00:00Z,2026-08-03T20:00:00+0200,334.37,EUR/MWh,DK2,DK_2,imbalance_price,Short,2026-08-11T19:14:45Z
2026-08-11T19:03:52Z,2026-08-11T21:03:52+0200,d65ae107-0026-470c-8885-f57b4d7803f4,2026-08-03T18:15:00Z,2026-08-03T20:15:00+0200,209.37,EUR/MWh,DK2,DK_2,imbalance_price,Long,2026-08-11T19:14:45Z
2026-08-11T19:03:52Z,2026-08-11T21:03:52+0200,d65ae107-0026-470c-8885-f57b4d7803f4,2026-08-03T18:15:00Z,2026-08-03T20:15:00+0200,209.37,EUR/MWh,DK2,DK_2,imbalance_price,Short,2026-08-11T19:14:45Z
2026-08-11T19:03:52Z,2026-08-11T21:03:52+0200,d65ae107-0026-470c-8885-f57b4d7803f4,2026-08-03T18:30:00Z,2026-08-03T20:30:00+0200,113.32,EUR/MWh,DK2,DK_2,imbalance_price,Long,2026-08-11T19:14:45Z
2026-08-11T19:03:52Z,2026-08-11T21:03:52+0200,d65ae107-0026-470c-8885-f57b4d7803f4,2026-08-03T18:30:00Z,2026-08-03T20:30:00+0200,113.32,EUR/MWh,DK2,DK_2,imbalance_price,Short,2026-08-11T19:14:45Z
2026-08-11T19:03:52Z,2026-08-11T21:03:52+0200,d65ae107-0026-470c-8885-f57b4d7803f4,2026-08-03T18:45:00Z,2026-08-03T20:45:00+0200,202.97,EUR/MWh,DK2,DK_2,imbalance_price,Long,2026-08-11T19:14:45Z
2026-08-11T19:03:52Z,2026-08-11T21:03:52+0200,d65ae107-0026-470c-8885-f57b4d7803f4,2026-08-03T18:45:00Z,2026-08-03T20:45:00+0200,202.97,EUR/MWh,DK2,DK_2,imbalance_price,Short,2026-08-11T19:14:45Z
2026-08-11T19:03:52Z,2026-08-11T21:03:52+0200,d65ae107-0026-470c-8885-f57b4d7803f4,2026-08-03T19:00:00Z,2026-08-03T21:00:00+0200,201.34,EUR/MWh,DK2,DK_2,imbalance_price,Long,2026-08-11T19:14:45Z
2026-08-11T19:03:52Z,2026-08-11T21:03:52+0200,d65ae107-0026-470c-8885-f57b4d7803f4,2026-08-03T19:00:00Z,2026-08-03T21:00:00+0200,201.34,EUR/MWh,DK2,DK_2,imbalance_price,Short,2026-08-11T19:14:45Z
2026-08-11T19:03:52Z,2026-08-11T21:03:52+0200,d65ae107-0026-470c-8885-f57b4d7803f4,2026-08-03T19:15:00Z,2026-08-03T21:15:00+0200,143.84,EUR/MWh,DK2,DK_2,imbalance_price,Long,2026-08-11T19:14:45Z
2026-08-11T19:03:52Z,2026-08-11T21:03:52+0200,d65ae107-0026-470c-8885-f57b4d7803f4,2026-08-03T19:15:00Z,2026-08-03T21:15:00+0200,143.84,EUR/MWh,DK2,DK_2,imbalance_price,Short,2026-08-11T19:14:45Z
2026-08-11T19:03:52Z,2026-08-11T21:03:52+0200,d65ae107-0026-470c-8885-f57b4d7803f4,2026-08-03T19:30:00Z,2026-08-03T21:30:00+0200,143.09,EUR/MWh,DK2,DK_2,imbalance_price,Long,2026-08-11T19:14:45Z
2026-08-11T19:03:52Z,2026-08-11T21:03:52+0200,d65ae107-0026-470c-8885-f57b4d7803f4,2026-08-03T19:30:00Z,2026-08-03T21:30:00+0200,143.09,EUR/MWh,DK2,DK_2,imbalance_price,Short,2026-08-11T19:14:45Z
2026-08-11T19:03:52Z,2026-08-11T21:03:52+0200,d65ae107-0026-470c-8885-f57b4d7803f4,2026-08-03T19:45:00Z,2026-08-03T21:45:00+0200,172.2,EUR/MWh,DK2,DK_2,imbalance_price,Long,2026-08-11T19:14:45Z
2026-08-11T19:03:52Z,2026-08-11T21:03:52+0200,d65ae107-0026-470c-8885-f57b4d7803f4,2026-08-03T19:45:00Z,2026-08-03T21:45:00+0200,172.2,EUR/MWh,DK2,DK_2,imbalance_price,Short,2026-08-11T19:14:45Z
2026-08-11T19:03:52Z,2026-08-11T21:03:52+0200,d65ae107-0026-470c-8885-f57b4d7803f4,2026-08-03T20:00:00Z,2026-08-03T22:00:00+0200,240.45,EUR/MWh,DK2,DK_2,imbalance_price,Long,2026-08-11T19:14:45Z
2026-08-11T19:03:52Z,2026-08-11T21:03:52+0200,d65ae107-0026-470c-8885-f57b4d7803f4,2026-08-03T20:00:00Z,2026-08-03T22:00:00+0200,240.45,EUR/MWh,DK2,DK_2,imbalance_price,Short,2026-08-11T19:14:45Z
2026-08-11T19:03:52Z,2026-08-11T21:03:52+0200,d65ae107-0026-470c-8885-f57b4d7803f4,2026-08-03T20:15:00Z,2026-08-03T22:15:00+0200,240.51,EUR/MWh,DK2,DK_2,imbalance_price,Long,2026-08-11T19:14:45Z
2026-08-11T19:03:52Z,2026-08-11T21:03:52+0200,d65ae107-0026-470c-8885-f57b4d7803f4,2026-08-03T20:15:00Z,2026-08-03T22:15:00+0200,240.51,EUR/MWh,DK2,DK_2,imbalance_price,Short,2026-08-11T19:14:45Z
2026-08-11T19:03:52Z,2026-08-11T21:03:52+0200,d65ae107-0026-470c-8885-f57b4d7803f4,2026-08-03T20:30:00Z,2026-08-03T22:30:00+0200,471.14,EUR/MWh,DK2,DK_2,imbalance_price,Long,2026-08-11T19:14:45Z
2026-08-11T19:03:52Z,2026-08-11T21:03:52+0200,d65ae107-0026-470c-8885-f57b4d7803f4,2026-08-03T20:30:00Z,2026-08-03T22:30:00+0200,471.14,EUR/MWh,DK2,DK_2,imbalance_price,Short,2026-08-11T19:14:45Z
2026-08-11T19:03:52Z,2026-08-11T21:03:52+0200,d65ae107-0026-470c-8885-f57b4d7803f4,2026-08-03T20:45:00Z,2026-08-03T22:45:00+0200,162.15,EUR/MWh,DK2,DK_2,imbalance_price,Long,2026-08-11T19:14:45Z
2026-08-11T19:03:52Z,2026-08-11T21:03:52+0200,d65ae107-0026-470c-8885-f57b4d7803f4,2026-08-03T20:45:00Z,2026-08-03T22:45:00+0200,162.15,EUR/MWh,DK2,DK_2,imbalance_price,Short,2026-08-11T19:14:45Z
2026-08-11T19:03:52Z,2026-08-11T21:03:52+0200,d65ae107-0026-470c-8885-f57b4d7803f4,2026-08-03T21:00:00Z,2026-08-03T23:00:00+0200,164.09,EUR/MWh,DK2,DK_2,imbalance_price,Long,2026-08-11T19:14:45Z
2026-08-11T19:03:52Z,2026-08-11T21:03:52+0200,d65ae107-0026-470c-8885-f57b4d7803f4,2026-08-03T21:00:00Z,2026-08-03T23:00:00+0200,164.09,EUR/MWh,DK2,DK_2,imbalance_price,Short,2026-08-11T19:14:45Z
2026-08-11T19:03:52Z,2026-08-11T21:03:52+0200,d65ae107-0026-470c-8885-f57b4d7803f4,2026-08-03T21:15:00Z,2026-08-03T23:15:00+0200,401.4,EUR/MWh,DK2,DK_2,imbalance_price,Long,2026-08-11T19:14:45Z
2026-08-11T19:03:52Z,2026-08-11T21:03:52+0200,d65ae107-0026-470c-8885-f57b4d7803f4,2026-08-03T21:15:00Z,2026-08-03T23:15:00+0200,401.4,EUR/MWh,DK2,DK_2,imbalance_price,Short,2026-08-11T19:14:45Z
2026-08-11T19:03:52Z,2026-08-11T21:03:52+0200,d65ae107-0026-470c-8885-f57b4d7803f4,2026-08-03T21:30:00Z,2026-08-03T23:30:00+0200,669.0,EUR/MWh,DK2,DK_2,imbalance_price,Long,2026-08-11T19:14:45Z
2026-08-11T19:03:52Z,2026-08-11T21:03:52+0200,d65ae107-0026-470c-8885-f57b4d7803f4,2026-08-03T21:30:00Z,2026-08-03T23:30:00+0200,669.0,EUR/MWh,DK2,DK_2,imbalance_price,Short,2026-08-11T19:14:45Z
2026-08-11T19:03:52Z,2026-08-11T21:03:52+0200,d65ae107-0026-470c-8885-f57b4d7803f4,2026-08-03T21:45:00Z,2026-08-03T23:45:00+0200,361.26,EUR/MWh,DK2,DK_2,imbalance_price,Long,2026-08-11T19:14:45Z
2026-08-11T19:03:52Z,2026-08-11T21:03:52+0200,d65ae107-0026-470c-8885-f57b4d7803f4,2026-08-03T21:45:00Z,2026-08-03T23:45:00+0200,361.26,EUR/MWh,DK2,DK_2,imbalance_price,Short,2026-08-11T19:14:45Z
2026-08-11T19:03:52Z,2026-08-11T21:03:52+0200,d65ae107-0026-470c-8885-f57b4d7803f4,2026-08-03T22:00:00Z,2026-08-04T00:00:00+0200,166.27,EUR/MWh,DK2,DK_2,imbalance_price,Long,2026-08-11T19:14:45Z
2026-08-11T19:03:52Z,2026-08-11T21:03:52+0200,d65ae107-0026-470c-8885-f57b4d7803f4,2026-08-03T22:00:00Z,2026-08-04T00:00:00+0200,166.27,EUR/MWh,DK2,DK_2,imbalance_price,Short,2026-08-11T19:14:45Z
2026-08-11T19:03:52Z,2026-08-11T21:03:52+0200,d65ae107-0026-470c-8885-f57b4d7803f4,2026-08-03T22:15:00Z,2026-08-04T00:15:00+0200,119.52,EUR/MWh,DK2,DK_2,imbalance_price,Long,2026-08-11T19:14:45Z
2026-08-11T19:03:52Z,2026-08-11T21:03:52+0200,d65ae107-0026-470c-8885-f57b4d7803f4,2026-08-03T22:15:00Z,2026-08-04T00:15:00+0200,119.52,EUR/MWh,DK2,DK_2,imbalance_price,Short,2026-08-11T19:14:45Z
2026-08-11T19:03:52Z,2026-08-11T21:03:52+0200,d65ae107-0026-470c-8885-f57b4d7803f4,2026-08-03T22:30:00Z,2026-08-04T00:30:00+0200,148.85,EUR/MWh,DK2,DK_2,imbalance_price,Long,2026-08-11T19:14:45Z
2026-08-11T19:03:52Z,2026-08-11T21:03:52+0200,d65ae107-0026-470c-8885-f57b4d7803f4,2026-08-03T22:30:00Z,2026-08-04T00:30:00+0200,148.85,EUR/MWh,DK2,DK_2,imbalance_price,Short,2026-08-11T19:14:45Z
2026-08-11T19:03:52Z,2026-08-11T21:03:52+0200,d65ae107-0026-470c-8885-f57b4d7803f4,2026-08-03T22:45:00Z,2026-08-04T00:45:00+0200,334.5,EUR/MWh,DK2,DK_2,imbalance_price,Long,2026-08-11T19:14:45Z
2026-08-11T19:03:52Z,2026-08-11T21:03:52+0200,d65ae107-0026-470c-8885-f57b4d7803f4,2026-08-03T22:45:00Z,2026-08-04T00:45:00+0200,334.5,EUR/MWh,DK2,DK_2,imbalance_price,Short,2026-08-11T19:14:45Z
2026-08-11T19:03:52Z,2026-08-11T21:03:52+0200,d65ae107-0026-470c-8885-f57b4d7803f4,2026-08-03T23:00:00Z,2026-08-04T01:00:00+0200,149.06,EUR/MWh,DK2,DK_2,imbalance_price,Long,2026-08-11T19:14:45Z
2026-08-11T19:03:52Z,2026-08-11T21:03:52+0200,d65ae107-0026-470c-8885-f57b4d7803f4,2026-08-03T23:00:00Z,2026-08-04T01:00:00+0200,149.06,EUR/MWh,DK2,DK_2,imbalance_price,Short,2026-08-11T19:14:45Z
2026-08-11T19:03:52Z,2026-08-11T21:03:52+0200,d65ae107-0026-470c-8885-f57b4d7803f4,2026-08-03T23:15:00Z,2026-08-04T01:15:00+0200,142.06,EUR/MWh,DK2,DK_2,imbalance_price,Long,2026-08-11T19:14:45Z
2026-08-11T19:03:52Z,2026-08-11T21:03:52+0200,d65ae107-0026-470c-8885-f57b4d7803f4,2026-08-03T23:15:00Z,2026-08-04T01:15:00+0200,142.06,EUR/MWh,DK2,DK_2,imbalance_price,Short,2026-08-11T19:14:45Z
2026-08-11T19:03:52Z,2026-08-11T21:03:52+0200,d65ae107-0026-470c-8885-f57b4d7803f4,2026-08-03T23:30:00Z,2026-08-04T01:30:00+0200,535.11,EUR/MWh,DK2,DK_2,imbalance_price,Long,2026-08-11T19:14:45Z
2026-08-11T19:03:52Z,2026-08-11T21:03:52+0200,d65ae107-0026-470c-8885-f57b4d7803f4,2026-08-03T23:30:00Z,2026-08-04T01:30:00+0200,535.11,EUR/MWh,DK2,DK_2,imbalance_price,Short,2026-08-11T19:14:45Z
2026-08-11T19:03:52Z,2026-08-11T21:03:52+0200,d65ae107-0026-470c-8885-f57b4d7803f4,2026-08-03T23:45:00Z,2026-08-04T01:45:00+0200,535.11,EUR/MWh,DK2,DK_2,imbalance_price,Long,2026-08-11T19:14:45Z
2026-08-11T19:03:52Z,2026-08-11T21:03:52+0200,d65ae107-0026-470c-8885-f57b4d7803f4,2026-08-03T23:45:00Z,2026-08-04T01:45:00+0200,535.11,EUR/MWh,DK2,DK_2,imbalance_price,Short,2026-08-11T19:14:45Z
2026-08-11T19:03:52Z,2026-08-11T21:03:52+0200,d65ae107-0026-470c-8885-f57b4d7803f4,2026-08-04T00:00:00Z,2026-08-04T02:00:00+0200,138.52,EUR/MWh,DK2,DK_2,imbalance_price,Long,2026-08-11T19:14:45Z
2026-08-11T19:03:52Z,2026-08-11T21:03:52+0200,d65ae107-0026-470c-8885-f57b4d7803f4,2026-08-04T00:00:00Z,2026-08-04T02:00:00+0200,138.52,EUR/MWh,DK2,DK_2,imbalance_price,Short,2026-08-11T19:14:45Z
2026-08-11T19:03:52Z,2026-08-11T21:03:52+0200,d65ae107-0026-470c-8885-f57b4d7803f4,2026-08-04T00:15:00Z,2026-08-04T02:15:00+0200,116.11,EUR/MWh,DK2,DK_2,imbalance_price,Long,2026-08-11T19:14:45Z
2026-08-11T19:03:52Z,2026-08-11T21:03:52+0200,d65ae107-0026-470c-8885-f57b4d7803f4,2026-08-04T00:15:00Z,2026-08-04T02:15:00+0200,116.11,EUR/MWh,DK2,DK_2,imbalance_price,Short,2026-08-11T19:14:45Z
2026-08-11T19:03:52Z,2026-08-11T21:03:52+0200,d65ae107-0026-470c-8885-f57b4d7803f4,2026-08-04T00:30:00Z,2026-08-04T02:30:00+0200,136.96,EUR/MWh,DK2,DK_2,imbalance_price,Long,2026-08-11T19:14:45Z
2026-08-11T19:03:52Z,2026-08-11T21:03:52+0200,d65ae107-0026-470c-8885-f57b4d7803f4,2026-08-04T00:30:00Z,2026-08-04T02:30:00+0200,136.96,EUR/MWh,DK2,DK_2,imbalance_price,Short,2026-08-11T19:14:45Z
2026-08-11T19:03:52Z,2026-08-11T21:03:52+0200,d65ae107-0026-470c-8885-f57b4d7803f4,2026-08-04T00:45:00Z,2026-08-04T02:45:00+0200,90.53,EUR/MWh,DK2,DK_2,imbalance_price,Long,2026-08-11T19:14:45Z
2026-08-11T19:03:52Z,2026-08-11T21:03:52+0200,d65ae107-0026-470c-8885-f57b4d7803f4,2026-08-04T00:45:00Z,2026-08-04T02:45:00+0200,90.53,EUR/MWh,DK2,DK_2,imbalance_price,Short,2026-08-11T19:14:45Z
2026-08-11T19:03:52Z,2026-08-11T21:03:52+0200,d65ae107-0026-470c-8885-f57b4d7803f4,2026-08-04T01:00:00Z,2026-08-04T03:00:00+0200,99.57,EUR/MWh,DK2,DK_2,imbalance_price,Long,2026-08-11T19:14:45Z
2026-08-11T19:03:52Z,2026-08-11T21:03:52+0200,d65ae107-0026-470c-8885-f57b4d7803f4,2026-08-04T01:00:00Z,2026-08-04T03:00:00+0200,99.57,EUR/MWh,DK2,DK_2,imbalance_price,Short,2026-08-11T19:14:45Z
2026-08-11T19:03:52Z,2026-08-11T21:03:52+0200,d65ae107-0026-470c-8885-f57b4d7803f4,2026-08-04T01:15:00Z,2026-08-04T03:15:00+0200,134.11,EUR/MWh,DK2,DK_2,imbalance_price,Long,2026-08-11T19:14:45Z
2026-08-11T19:03:52Z,2026-08-11T21:03:52+0200,d65ae107-0026-470c-8885-f57b4d7803f4,2026-08-04T01:15:00Z,2026-08-04T03:15:00+0200,134.11,EUR/MWh,DK2,DK_2,imbalance_price,Short,2026-08-11T19:14:45Z
2026-08-11T19:03:52Z,2026-08-11T21:03:52+0200,d65ae107-0026-470c-8885-f57b4d7803f4,2026-08-04T01:30:00Z,2026-08-04T03:30:00+0200,136.56,EUR/MWh,DK2,DK_2,imbalance_price,Long,2026-08-11T19:14:45Z
2026-08-11T19:03:52Z,2026-08-11T21:03:52+0200,d65ae107-0026-470c-8885-f57b4d7803f4,2026-08-04T01:30:00Z,2026-08-04T03:30:00+0200,136.56,EUR/MWh,DK2,DK_2,imbalance_price,Short,2026-08-11T19:14:45Z
2026-08-11T19:03:52Z,2026-08-11T21:03:52+0200,d65ae107-0026-470c-8885-f57b4d7803f4,2026-08-04T01:45:00Z,2026-08-04T03:45:00+0200,138.02,EUR/MWh,DK2,DK_2,imbalance_price,Long,2026-08-11T19:14:45Z
2026-08-11T19:03:52Z,2026-08-11T21:03:52+0200,d65ae107-0026-470c-8885-f57b4d7803f4,2026-08-04T01:45:00Z,2026-08-04T03:45:00+0200,138.02,EUR/MWh,DK2,DK_2,imbalance_price,Short,2026-08-11T19:14:45Z
2026-08-11T19:03:52Z,2026-08-11T21:03:52+0200,d65ae107-0026-470c-8885-f57b4d7803f4,2026-08-04T02:00:00Z,2026-08-04T04:00:00+0200,105.37,EUR/MWh,DK2,DK_2,imbalance_price,Long,2026-08-11T19:14:45Z
2026-08-11T19:03:52Z,2026-08-11T21:03:52+0200,d65ae107-0026-470c-8885-f57b4d7803f4,2026-08-04T02:00:00Z,2026-08-04T04:00:00+0200,105.37,EUR/MWh,DK2,DK_2,imbalance_price,Short,2026-08-11T19:14:45Z
2026-08-11T19:03:52Z,2026-08-11T21:03:52+0200,d65ae107-0026-470c-8885-f57b4d7803f4,2026-08-04T02:15:00Z,2026-08-04T04:15:00+0200,128.48,EUR/MWh,DK2,DK_2,imbalance_price,Long,2026-08-11T19:14:45Z
2026-08-11T19:03:52Z,2026-08-11T21:03:52+0200,d65ae107-0026-470c-8885-f57b4d7803f4,2026-08-04T02:15:00Z,2026-08-04T04:15:00+0200,128.48,EUR/MWh,DK2,DK_2,imbalance_price,Short,2026-08-11T19:14:45Z
2026-08-11T19:03:52Z,2026-08-11T21:03:52+0200,d65ae107-0026-470c-8885-f57b4d7803f4,2026-08-04T02:30:00Z,2026-08-04T04:30:00+0200,141.18,EUR/MWh,DK2,DK_2,imbalance_price,Long,2026-08-11T19:14:45Z
2026-08-11T19:03:52Z,2026-08-11T21:03:52+0200,d65ae107-0026-470c-8885-f57b4d7803f4,2026-08-04T02:30:00Z,2026-08-04T04:30:00+0200,141.18,EUR/MWh,DK2,DK_2,imbalance_price,Short,2026-08-11T19:14:45Z
2026-08-11T19:03:52Z,2026-08-11T21:03:52+0200,d65ae107-0026-470c-8885-f57b4d7803f4,2026-08-04T02:45:00Z,2026-08-04T04:45:00+0200,334.51,EUR/MWh,DK2,DK_2,imbalance_price,Long,2026-08-11T19:14:45Z
2026-08-11T19:03:52Z,2026-08-11T21:03:52+0200,d65ae107-0026-470c-8885-f57b4d7803f4,2026-08-04T02:45:00Z,2026-08-04T04:45:00+0200,334.51,EUR/MWh,DK2,DK_2,imbalance_price,Short,2026-08-11T19:14:45Z
2026-08-11T19:03:52Z,2026-08-11T21:03:52+0200,d65ae107-0026-470c-8885-f57b4d7803f4,2026-08-04T03:00:00Z,2026-08-04T05:00:00+0200,197.6,EUR/MWh,DK2,DK_2,imbalance_price,Long,2026-08-11T19:14:45Z
2026-08-11T19:03:52Z,2026-08-11T21:03:52+0200,d65ae107-0026-470c-8885-f57b4d7803f4,2026-08-04T03:00:00Z,2026-08-04T05:00:00+0200,197.6,EUR/MWh,DK2,DK_2,imbalance_price,Short,2026-08-11T19:14:45Z
2026-08-11T19:03:52Z,2026-08-11T21:03:52+0200,d65ae107-0026-470c-8885-f57b4d7803f4,2026-08-04T03:15:00Z,2026-08-04T05:15:00+0200,150.6,EUR/MWh,DK2,DK_2,imbalance_price,Long,2026-08-11T19:14:45Z
2026-08-11T19:03:52Z,2026-08-11T21:03:52+0200,d65ae107-0026-470c-8885-f57b4d7803f4,2026-08-04T03:15:00Z,2026-08-04T05:15:00+0200,150.6,EUR/MWh,DK2,DK_2,imbalance_price,Short,2026-08-11T19:14:45Z
2026-08-11T19:03:52Z,2026-08-11T21:03:52+0200,d65ae107-0026-470c-8885-f57b4d7803f4,2026-08-04T03:30:00Z,2026-08-04T05:30:00+0200,154.24,EUR/MWh,DK2,DK_2,imbalance_price,Long,2026-08-11T19:14:45Z
2026-08-11T19:03:52Z,2026-08-11T21:03:52+0200,d65ae107-0026-470c-8885-f57b4d7803f4,2026-08-04T03:30:00Z,2026-08-04T05:30:00+0200,154.24,EUR/MWh,DK2,DK_2,imbalance_price,Short,2026-08-11T19:14:45Z
2026-08-11T19:03:52Z,2026-08-11T21:03:52+0200,d65ae107-0026-470c-8885-f57b4d7803f4,2026-08-04T03:45:00Z,2026-08-04T05:45:00+0200,166.43,EUR/MWh,DK2,DK_2,imbalance_price,Long,2026-08-11T19:14:45Z
2026-08-11T19:03:52Z,2026-08-11T21:03:52+0200,d65ae107-0026-470c-8885-f57b4d7803f4,2026-08-04T03:45:00Z,2026-08-04T05:45:00+0200,166.43,EUR/MWh,DK2,DK_2,imbalance_price,Short,2026-08-11T19:14:45Z
2026-08-11T19:03:52Z,2026-08-11T21:03:52+0200,d65ae107-0026-470c-8885-f57b4d7803f4,2026-08-04T04:00:00Z,2026-08-04T06:00:00+0200,29.5,EUR/MWh,DK2,DK_2,imbalance_price,Long,2026-08-11T19:14:45Z
2026-08-11T19:03:52Z,2026-08-11T21:03:52+0200,d65ae107-0026-470c-8885-f57b4d7803f4,2026-08-04T04:00:00Z,2026-08-04T06:00:00+0200,29.5,EUR/MWh,DK2,DK_2,imbalance_price,Short,2026-08-11T19:14:45Z
2026-08-11T19:03:52Z,2026-08-11T21:03:52+0200,d65ae107-0026-470c-8885-f57b4d7803f4,2026-08-04T04:15:00Z,2026-08-04T06:15:00+0200,30.4,EUR/MWh,DK2,DK_2,imbalance_price,Long,2026-08-11T19:14:45Z
2026-08-11T19:03:52Z,2026-08-11T21:03:52+0200,d65ae107-0026-470c-8885-f57b4d7803f4,2026-08-04T04:15:00Z,2026-08-04T06:15:00+0200,30.4,EUR/MWh,DK2,DK_2,imbalance_price,Short,2026-08-11T19:14:45Z
2026-08-11T19:03:52Z,2026-08-11T21:03:52+0200,d65ae107-0026-470c-8885-f57b4d7803f4,2026-08-04T04:30:00Z,2026-08-04T06:30:00+0200,79.01,EUR/MWh,DK2,DK_2,imbalance_price,Long,2026-08-11T19:14:45Z
2026-08-11T19:03:52Z,2026-08-11T21:03:52+0200,d65ae107-0026-470c-8885-f57b4d7803f4,2026-08-04T04:30:00Z,2026-08-04T06:30:00+0200,79.01,EUR/MWh,DK2,DK_2,imbalance_price,Short,2026-08-11T19:14:45Z
2026-08-11T19:03:52Z,2026-08-11T21:03:52+0200,d65ae107-0026-470c-8885-f57b4d7803f4,2026-08-04T04:45:00Z,2026-08-04T06:45:00+0200,82.96,EUR/MWh,DK2,DK_2,imbalance_price,Long,2026-08-11T19:14:45Z
2026-08-11T19:03:52Z,2026-08-11T21:03:52+0200,d65ae107-0026-470c-8885-f57b4d7803f4,2026-08-04T04:45:00Z,2026-08-04T06:45:00+0200,82.96,EUR/MWh,DK2,DK_2,imbalance_price,Short,2026-08-11T19:14:45Z
2026-08-11T19:03:52Z,2026-08-11T21:03:52+0200,d65ae107-0026-470c-8885-f57b4d7803f4,2026-08-04T05:00:00Z,2026-08-04T07:00:00+0200,74.24,EUR/MWh,DK2,DK_2,imbalance_price,Long,2026-08-11T19:14:45Z
2026-08-11T19:03:52Z,2026-08-11T21:03:52+0200,d65ae107-0026-470c-8885-f57b4d7803f4,2026-08-04T05:00:00Z,2026-08-04T07:00:00+0200,74.24,EUR/MWh,DK2,DK_2,imbalance_price,Short,2026-08-11T19:14:45Z
2026-08-11T19:03:52Z,2026-08-11T21:03:52+0200,d65ae107-0026-470c-8885-f57b4d7803f4,2026-08-04T05:15:00Z,2026-08-04T07:15:00+0200,137.81,EUR/MWh,DK2,DK_2,imbalance_price,Long,2026-08-11T19:14:45Z
2026-08-11T19:03:52Z,2026-08-11T21:03:52+0200,d65ae107-0026-470c-8885-f57b4d7803f4,2026-08-04T05:15:00Z,2026-08-04T07:15:00+0200,137.81,EUR/MWh,DK2,DK_2,imbalance_price,Short,2026-08-11T19:14:45Z
2026-08-11T19:03:52Z,2026-08-11T21:03:52+0200,d65ae107-0026-470c-8885-f57b4d7803f4,2026-08-04T05:30:00Z,2026-08-04T07:30:00+0200,171.95,EUR/MWh,DK2,DK_2,imbalance_price,Long,2026-08-11T19:14:45Z
2026-08-11T19:03:52Z,2026-08-11T21:03:52+0200,d65ae107-0026-470c-8885-f57b4d7803f4,2026-08-04T05:30:00Z,2026-08-04T07:30:00+0200,171.95,EUR/MWh,DK2,DK_2,imbalance_price,Short,2026-08-11T19:14:45Z
2026-08-11T19:03:52Z,2026-08-11T21:03:52+0200,d65ae107-0026-470c-8885-f57b4d7803f4,2026-08-04T05:45:00Z,2026-08-04T07:45:00+0200,334.51,EUR/MWh,DK2,DK_2,imbalance_price,Long,2026-08-11T19:14:45Z
2026-08-11T19:03:52Z,2026-08-11T21:03:52+0200,d65ae107-0026-470c-8885-f57b4d7803f4,2026-08-04T05:45:00Z,2026-08-04T07:45:00+0200,334.51,EUR/MWh,DK2,DK_2,imbalance_price,Short,2026-08-11T19:14:45Z
2026-08-11T19:03:52Z,2026-08-11T21:03:52+0200,d65ae107-0026-470c-8885-f57b4d7803f4,2026-08-04T06:00:00Z,2026-08-04T08:00:00+0200,95.81,EUR/MWh,DK2,DK_2,imbalance_price,Long,2026-08-11T19:14:45Z
2026-08-11T19:03:52Z,2026-08-11T21:03:52+0200,d65ae107-0026-470c-8885-f57b4d7803f4,2026-08-04T06:00:00Z,2026-08-04T08:00:00+0200,95.81,EUR/MWh,DK2,DK_2,imbalance_price,Short,2026-08-11T19:14:45Z
2026-08-11T19:03:52Z,2026-08-11T21:03:52+0200,d65ae107-0026-470c-8885-f57b4d7803f4,2026-08-04T06:15:00Z,2026-08-04T08:15:00+0200,141.27,EUR/MWh,DK2,DK_2,imbalance_price,Long,2026-08-11T19:14:45Z
2026-08-11T19:03:52Z,2026-08-11T21:03:52+0200,d65ae107-0026-470c-8885-f57b4d7803f4,2026-08-04T06:15:00Z,2026-08-04T08:15:00+0200,141.27,EUR/MWh,DK2,DK_2,imbalance_price,Short,2026-08-11T19:14:45Z
2026-08-11T19:03:52Z,2026-08-11T21:03:52+0200,d65ae107-0026-470c-8885-f57b4d7803f4,2026-08-04T06:30:00Z,2026-08-04T08:30:00+0200,27.06,EUR/MWh,DK2,DK_2,imbalance_price,Long,2026-08-11T19:14:45Z
2026-08-11T19:03:52Z,2026-08-11T21:03:52+0200,d65ae107-0026-470c-8885-f57b4d7803f4,2026-08-04T06:30:00Z,2026-08-04T08:30:00+0200,27.06,EUR/MWh,DK2,DK_2,imbalance_price,Short,2026-08-11T19:14:45Z
2026-08-11T19:03:52Z,2026-08-11T21:03:52+0200,d65ae107-0026-470c-8885-f57b4d7803f4,2026-08-04T06:45:00Z,2026-08-04T08:45:00+0200,167.5,EUR/MWh,DK2,DK_2,imbalance_price,Long,2026-08-11T19:14:45Z
2026-08-11T19:03:52Z,2026-08-11T21:03:52+0200,d65ae107-0026-470c-8885-f57b4d7803f4,2026-08-04T06:45:00Z,2026-08-04T08:45:00+0200,167.5,EUR/MWh,DK2,DK_2,imbalance_price,Short,2026-08-11T19:14:45Z
2026-08-11T19:03:52Z,2026-08-11T21:03:52+0200,d65ae107-0026-470c-8885-f57b4d7803f4,2026-08-04T07:00:00Z,2026-08-04T09:00:00+0200,174.24,EUR/MWh,DK2,DK_2,imbalance_price,Long,2026-08-11T19:14:45Z
2026-08-11T19:03:52Z,2026-08-11T21:03:52+0200,d65ae107-0026-470c-8885-f57b4d7803f4,2026-08-04T07:00:00Z,2026-08-04T09:00:00+0200,174.24,EUR/MWh,DK2,DK_2,imbalance_price,Short,2026-08-11T19:14:45Z
2026-08-11T19:03:52Z,2026-08-11T21:03:52+0200,d65ae107-0026-470c-8885-f57b4d7803f4,2026-08-04T07:15:00Z,2026-08-04T09:15:00+0200,156.6,EUR/MWh,DK2,DK_2,imbalance_price,Long,2026-08-11T19:14:45Z
2026-08-11T19:03:52Z,2026-08-11T21:03:52+0200,d65ae107-0026-470c-8885-f57b4d7803f4,2026-08-04T07:15:00Z,2026-08-04T09:15:00+0200,156.6,EUR/MWh,DK2,DK_2,imbalance_price,Short,2026-08-11T19:14:45Z
2026-08-11T19:03:52Z,2026-08-11T21:03:52+0200,d65ae107-0026-470c-8885-f57b4d7803f4,2026-08-04T07:30:00Z,2026-08-04T09:30:00+0200,75.99,EUR/MWh,DK2,DK_2,imbalance_price,Long,2026-08-11T19:14:45Z
2026-08-11T19:03:52Z,2026-08-11T21:03:52+0200,d65ae107-0026-470c-8885-f57b4d7803f4,2026-08-04T07:30:00Z,2026-08-04T09:30:00+0200,75.99,EUR/MWh,DK2,DK_2,imbalance_price,Short,2026-08-11T19:14:45Z
2026-08-11T19:03:52Z,2026-08-11T21:03:52+0200,d65ae107-0026-470c-8885-f57b4d7803f4,2026-08-04T07:45:00Z,2026-08-04T09:45:00+0200,81.84,EUR/MWh,DK2,DK_2,imbalance_price,Long,2026-08-11T19:14:45Z
2026-08-11T19:03:52Z,2026-08-11T21:03:52+0200,d65ae107-0026-470c-8885-f57b4d7803f4,2026-08-04T07:45:00Z,2026-08-04T09:45:00+0200,81.84,EUR/MWh,DK2,DK_2,imbalance_price,Short,2026-08-11T19:14:45Z
2026-08-11T19:03:52Z,2026-08-11T21:03:52+0200,d65ae107-0026-470c-8885-f57b4d7803f4,2026-08-04T08:00:00Z,2026-08-04T10:00:00+0200,669.0,EUR/MWh,DK2,DK_2,imbalance_price,Long,2026-08-11T19:14:45Z
2026-08-11T19:03:52Z,2026-08-11T21:03:52+0200,d65ae107-0026-470c-8885-f57b4d7803f4,2026-08-04T08:00:00Z,2026-08-04T10:00:00+0200,669.0,EUR/MWh,DK2,DK_2,imbalance_price,Short,2026-08-11T19:14:45Z
2026-08-11T19:03:52Z,2026-08-11T21:03:52+0200,d65ae107-0026-470c-8885-f57b4d7803f4,2026-08-04T08:15:00Z,2026-08-04T10:15:00+0200,128.6,EUR/MWh,DK2,DK_2,imbalance_price,Long,2026-08-11T19:14:45Z
2026-08-11T19:03:52Z,2026-08-11T21:03:52+0200,d65ae107-0026-470c-8885-f57b4d7803f4,2026-08-04T08:15:00Z,2026-08-04T10:15:00+0200,128.6,EUR/MWh,DK2,DK_2,imbalance_price,Short,2026-08-11T19:14:45Z
2026-08-11T19:03:52Z,2026-08-11T21:03:52+0200,d65ae107-0026-470c-8885-f57b4d7803f4,2026-08-04T08:30:00Z,2026-08-04T10:30:00+0200,124.65,EUR/MWh,DK2,DK_2,imbalance_price,Long,2026-08-11T19:14:45Z
2026-08-11T19:03:52Z,2026-08-11T21:03:52+0200,d65ae107-0026-470c-8885-f57b4d7803f4,2026-08-04T08:30:00Z,2026-08-04T10:30:00+0200,124.65,EUR/MWh,DK2,DK_2,imbalance_price,Short,2026-08-11T19:14:45Z
2026-08-11T19:03:52Z,2026-08-11T21:03:52+0200,d65ae107-0026-470c-8885-f57b4d7803f4,2026-08-04T08:45:00Z,2026-08-04T10:45:00+0200,114.09,EUR/MWh,DK2,DK_2,imbalance_price,Long,2026-08-11T19:14:45Z
2026-08-11T19:03:52Z,2026-08-11T21:03:52+0200,d65ae107-0026-470c-8885-f57b4d7803f4,2026-08-04T08:45:00Z,2026-08-04T10:45:00+0200,114.09,EUR/MWh,DK2,DK_2,imbalance_price,Short,2026-08-11T19:14:45Z
2026-08-11T19:03:52Z,2026-08-11T21:03:52+0200,d65ae107-0026-470c-8885-f57b4d7803f4,2026-08-04T09:00:00Z,2026-08-04T11:00:00+0200,113.33,EUR/MWh,DK2,DK_2,imbalance_price,Long,2026-08-11T19:14:45Z
2026-08-11T19:03:52Z,2026-08-11T21:03:52+0200,d65ae107-0026-470c-8885-f57b4d7803f4,2026-08-04T09:00:00Z,2026-08-04T11:00:00+0200,113.33,EUR/MWh,DK2,DK_2,imbalance_price,Short,2026-08-11T19:14:45Z
2026-08-11T19:03:52Z,2026-08-11T21:03:52+0200,d65ae107-0026-470c-8885-f57b4d7803f4,2026-08-04T09:15:00Z,2026-08-04T11:15:00+0200,27.23,EUR/MWh,DK2,DK_2,imbalance_price,Long,2026-08-11T19:14:45Z
2026-08-11T19:03:52Z,2026-08-11T21:03:52+0200,d65ae107-0026-470c-8885-f57b4d7803f4,2026-08-04T09:15:00Z,2026-08-04T11:15:00+0200,27.23,EUR/MWh,DK2,DK_2,imbalance_price,Short,2026-08-11T19:14:45Z
2026-08-11T19:03:52Z,2026-08-11T21:03:52+0200,d65ae107-0026-470c-8885-f57b4d7803f4,2026-08-04T09:30:00Z,2026-08-04T11:30:00+0200,14.17,EUR/MWh,DK2,DK_2,imbalance_price,Long,2026-08-11T19:14:45Z
2026-08-11T19:03:52Z,2026-08-11T21:03:52+0200,d65ae107-0026-470c-8885-f57b4d7803f4,2026-08-04T09:30:00Z,2026-08-04T11:30:00+0200,14.17,EUR/MWh,DK2,DK_2,imbalance_price,Short,2026-08-11T19:14:45Z
2026-08-11T19:03:52Z,2026-08-11T21:03:52+0200,d65ae107-0026-470c-8885-f57b4d7803f4,2026-08-04T09:45:00Z,2026-08-04T11:45:00+0200,10.0,EUR/MWh,DK2,DK_2,imbalance_price,Long,2026-08-11T19:14:45Z
2026-08-11T19:03:52Z,2026-08-11T21:03:52+0200,d65ae107-0026-470c-8885-f57b4d7803f4,2026-08-04T09:45:00Z,2026-08-04T11:45:00+0200,10.0,EUR/MWh,DK2,DK_2,imbalance_price,Short,2026-08-11T19:14:45Z
2026-08-11T19:03:52Z,2026-08-11T21:03:52+0200,d65ae107-0026-470c-8885-f57b4d7803f4,2026-08-04T10:00:00Z,2026-08-04T12:00:00+0200,1.28,EUR/MWh,DK2,DK_2,imbalance_price,Long,2026-08-11T19:14:45Z
2026-08-11T19:03:52Z,2026-08-11T21:03:52+0200,d65ae107-0026-470c-8885-f57b4d7803f4,2026-08-04T10:00:00Z,2026-08-04T12:00:00+0200,1.28,EUR/MWh,DK2,DK_2,imbalance_price,Short,2026-08-11T19:14:45Z
2026-08-11T19:03:52Z,2026-08-11T21:03:52+0200,d65ae107-0026-470c-8885-f57b4d7803f4,2026-08-04T10:15:00Z,2026-08-04T12:15:00+0200,12.0,EUR/MWh,DK2,DK_2,imbalance_price,Long,2026-08-11T19:14:45Z
2026-08-11T19:03:52Z,2026-08-11T21:03:52+0200,d65ae107-0026-470c-8885-f57b4d7803f4,2026-08-04T10:15:00Z,2026-08-04T12:15:00+0200,12.0,EUR/MWh,DK2,DK_2,imbalance_price,Short,2026-08-11T19:14:45Z
2026-08-11T19:03:52Z,2026-08-11T21:03:52+0200,d65ae107-0026-470c-8885-f57b4d7803f4,2026-08-04T10:30:00Z,2026-08-04T12:30:00+0200,8.0,EUR/MWh,DK2,DK_2,imbalance_price,Long,2026-08-11T19:14:45Z
2026-08-11T19:03:52Z,2026-08-11T21:03:52+0200,d65ae107-0026-470c-8885-f57b4d7803f4,2026-08-04T10:30:00Z,2026-08-04T12:30:00+0200,8.0,EUR/MWh,DK2,DK_2,imbalance_price,Short,2026-08-11T19:14:45Z
2026-08-11T19:03:52Z,2026-08-11T21:03:52+0200,d65ae107-0026-470c-8885-f57b4d7803f4,2026-08-04T10:45:00Z,2026-08-04T12:45:00+0200,12.0,EUR/MWh,DK2,DK_2,imbalance_price,Long,2026-08-11T19:14:45Z
2026-08-11T19:03:52Z,2026-08-11T21:03:52+0200,d65ae107-0026-470c-8885-f57b4d7803f4,2026-08-04T10:45:00Z,2026-08-04T12:45:00+0200,12.0,EUR/MWh,DK2,DK_2,imbalance_price,Short,2026-08-11T19:14:45Z
2026-08-11T19:03:52Z,2026-08-11T21:03:52+0200,d65ae107-0026-470c-8885-f57b4d7803f4,2026-08-04T11:00:00Z,2026-08-04T13:00:00+0200,4.0,EUR/MWh,DK2,DK_2,imbalance_price,Long,2026-08-11T19:14:45Z
2026-08-11T19:03:52Z,2026-08-11T21:03:52+0200,d65ae107-0026-470c-8885-f57b4d7803f4,2026-08-04T11:00:00Z,2026-08-04T13:00:00+0200,4.0,EUR/MWh,DK2,DK_2,imbalance_price,Short,2026-08-11T19:14:45Z
2026-08-11T19:03:52Z,2026-08-11T21:03:52+0200,d65ae107-0026-470c-8885-f57b4d7803f4,2026-08-04T11:15:00Z,2026-08-04T13:15:00+0200,8.0,EUR/MWh,DK2,DK_2,imbalance_price,Long,2026-08-11T19:14:45Z
2026-08-11T19:03:52Z,2026-08-11T21:03:52+0200,d65ae107-0026-470c-8885-f57b4d7803f4,2026-08-04T11:15:00Z,2026-08-04T13:15:00+0200,8.0,EUR/MWh,DK2,DK_2,imbalance_price,Short,2026-08-11T19:14:45Z
2026-08-11T19:03:52Z,2026-08-11T21:03:52+0200,d65ae107-0026-470c-8885-f57b4d7803f4,2026-08-04T11:30:00Z,2026-08-04T13:30:00+0200,-78.46,EUR/MWh,DK2,DK_2,imbalance_price,Long,2026-08-11T19:14:45Z
2026-08-11T19:03:52Z,2026-08-11T21:03:52+0200,d65ae107-0026-470c-8885-f57b4d7803f4,2026-08-04T11:30:00Z,2026-08-04T13:30:00+0200,-78.46,EUR/MWh,DK2,DK_2,imbalance_price,Short,2026-08-11T19:14:45Z
2026-08-11T19:03:52Z,2026-08-11T21:03:52+0200,d65ae107-0026-470c-8885-f57b4d7803f4,2026-08-04T11:45:00Z,2026-08-04T13:45:00+0200,-71.76,EUR/MWh,DK2,DK_2,imbalance_price,Long,2026-08-11T19:14:45Z
2026-08-11T19:03:52Z,2026-08-11T21:03:52+0200,d65ae107-0026-470c-8885-f57b4d7803f4,2026-08-04T11:45:00Z,2026-08-04T13:45:00+0200,-71.76,EUR/MWh,DK2,DK_2,imbalance_price,Short,2026-08-11T19:14:45Z
2026-08-11T19:03:52Z,2026-08-11T21:03:52+0200,d65ae107-0026-470c-8885-f57b4d7803f4,2026-08-04T12:00:00Z,2026-08-04T14:00:00+0200,-2.48,EUR/MWh,DK2,DK_2,imbalance_price,Long,2026-08-11T19:14:45Z
2026-08-11T19:03:52Z,2026-08-11T21:03:52+0200,d65ae107-0026-470c-8885-f57b4d7803f4,2026-08-04T12:00:00Z,2026-08-04T14:00:00+0200,-2.48,EUR/MWh,DK2,DK_2,imbalance_price,Short,2026-08-11T19:14:45Z
2026-08-11T19:03:52Z,2026-08-11T21:03:52+0200,d65ae107-0026-470c-8885-f57b4d7803f4,2026-08-04T12:15:00Z,2026-08-04T14:15:00+0200,1.97,EUR/MWh,DK2,DK_2,imbalance_price,Long,2026-08-11T19:14:45Z
2026-08-11T19:03:52Z,2026-08-11T21:03:52+0200,d65ae107-0026-470c-8885-f57b4d7803f4,2026-08-04T12:15:00Z,2026-08-04T14:15:00+0200,1.97,EUR/MWh,DK2,DK_2,imbalance_price,Short,2026-08-11T19:14:45Z
2026-08-11T19:03:52Z,2026-08-11T21:03:52+0200,d65ae107-0026-470c-8885-f57b4d7803f4,2026-08-04T12:30:00Z,2026-08-04T14:30:00+0200,-73.7,EUR/MWh,DK2,DK_2,imbalance_price,Long,2026-08-11T19:14:45Z
2026-08-11T19:03:52Z,2026-08-11T21:03:52+0200,d65ae107-0026-470c-8885-f57b4d7803f4,2026-08-04T12:30:00Z,2026-08-04T14:30:00+0200,-73.7,EUR/MWh,DK2,DK_2,imbalance_price,Short,2026-08-11T19:14:45Z
2026-08-11T19:03:52Z,2026-08-11T21:03:52+0200,d65ae107-0026-470c-8885-f57b4d7803f4,2026-08-04T12:45:00Z,2026-08-04T14:45:00+0200,-36.05,EUR/MWh,DK2,DK_2,imbalance_price,Long,2026-08-11T19:14:45Z
2026-08-11T19:03:52Z,2026-08-11T21:03:52+0200,d65ae107-0026-470c-8885-f57b4d7803f4,2026-08-04T12:45:00Z,2026-08-04T14:45:00+0200,-36.05,EUR/MWh,DK2,DK_2,imbalance_price,Short,2026-08-11T19:14:45Z
2026-08-11T19:03:52Z,2026-08-11T21:03:52+0200,d65ae107-0026-470c-8885-f57b4d7803f4,2026-08-04T13:00:00Z,2026-08-04T15:00:00+0200,22.61,EUR/MWh,DK2,DK_2,imbalance_price,Long,2026-08-11T19:14:45Z
2026-08-11T19:03:52Z,2026-08-11T21:03:52+0200,d65ae107-0026-470c-8885-f57b4d7803f4,2026-08-04T13:00:00Z,2026-08-04T15:00:00+0200,22.61,EUR/MWh,DK2,DK_2,imbalance_price,Short,2026-08-11T19:14:45Z
2026-08-11T19:03:52Z,2026-08-11T21:03:52+0200,d65ae107-0026-470c-8885-f57b4d7803f4,2026-08-04T13:15:00Z,2026-08-04T15:15:00+0200,-6.13,EUR/MWh,DK2,DK_2,imbalance_price,Long,2026-08-11T19:14:45Z
2026-08-11T19:03:52Z,2026-08-11T21:03:52+0200,d65ae107-0026-470c-8885-f57b4d7803f4,2026-08-04T13:15:00Z,2026-08-04T15:15:00+0200,-6.13,EUR/MWh,DK2,DK_2,imbalance_price,Short,2026-08-11T19:14:45Z
2026-08-11T19:03:52Z,2026-08-11T21:03:52+0200,d65ae107-0026-470c-8885-f57b4d7803f4,2026-08-04T13:30:00Z,2026-08-04T15:30:00+0200,12.97,EUR/MWh,DK2,DK_2,imbalance_price,Long,2026-08-11T19:14:45Z
2026-08-11T19:03:52Z,2026-08-11T21:03:52+0200,d65ae107-0026-470c-8885-f57b4d7803f4,2026-08-04T13:30:00Z,2026-08-04T15:30:00+0200,12.97,EUR/MWh,DK2,DK_2,imbalance_price,Short,2026-08-11T19:14:45Z
2026-08-11T19:03:52Z,2026-08-11T21:03:52+0200,d65ae107-0026-470c-8885-f57b4d7803f4,2026-08-04T13:45:00Z,2026-08-04T15:45:00+0200,104.76,EUR/MWh,DK2,DK_2,imbalance_price,Long,2026-08-11T19:14:45Z
2026-08-11T19:03:52Z,2026-08-11T21:03:52+0200,d65ae107-0026-470c-8885-f57b4d7803f4,2026-08-04T13:45:00Z,2026-08-04T15:45:00+0200,104.76,EUR/MWh,DK2,DK_2,imbalance_price,Short,2026-08-11T19:14:45Z
2026-08-11T19:03:52Z,2026-08-11T21:03:52+0200,d65ae107-0026-470c-8885-f57b4d7803f4,2026-08-04T14:00:00Z,2026-08-04T16:00:00+0200,118.79,EUR/MWh,DK2,DK_2,imbalance_price,Long,2026-08-11T19:14:45Z
2026-08-11T19:03:52Z,2026-08-11T21:03:52+0200,d65ae107-0026-470c-8885-f57b4d7803f4,2026-08-04T14:00:00Z,2026-08-04T16:00:00+0200,118.79,EUR/MWh,DK2,DK_2,imbalance_price,Short,2026-08-11T19:14:45Z
2026-08-11T19:03:52Z,2026-08-11T21:03:52+0200,d65ae107-0026-470c-8885-f57b4d7803f4,2026-08-04T14:15:00Z,2026-08-04T16:15:00+0200,122.81,EUR/MWh,DK2,DK_2,imbalance_price,Long,2026-08-11T19:14:45Z
2026-08-11T19:03:52Z,2026-08-11T21:03:52+0200,d65ae107-0026-470c-8885-f57b4d7803f4,2026-08-04T14:15:00Z,2026-08-04T16:15:00+0200,122.81,EUR/MWh,DK2,DK_2,imbalance_price,Short,2026-08-11T19:14:45Z
2026-08-11T19:03:52Z,2026-08-11T21:03:52+0200,d65ae107-0026-470c-8885-f57b4d7803f4,2026-08-04T14:30:00Z,2026-08-04T16:30:00+0200,124.94,EUR/MWh,DK2,DK_2,imbalance_price,Long,2026-08-11T19:14:45Z
2026-08-11T19:03:52Z,2026-08-11T21:03:52+0200,d65ae107-0026-470c-8885-f57b4d7803f4,2026-08-04T14:30:00Z,2026-08-04T16:30:00+0200,124.94,EUR/MWh,DK2,DK_2,imbalance_price,Short,2026-08-11T19:14:45Z
2026-08-11T19:03:52Z,2026-08-11T21:03:52+0200,d65ae107-0026-470c-8885-f57b4d7803f4,2026-08-04T14:45:00Z,2026-08-04T16:45:00+0200,802.8,EUR/MWh,DK2,DK_2,imbalance_price,Long,2026-08-11T19:14:45Z
2026-08-11T19:03:52Z,2026-08-11T21:03:52+0200,d65ae107-0026-470c-8885-f57b4d7803f4,2026-08-04T14:45:00Z,2026-08-04T16:45:00+0200,802.8,EUR/MWh,DK2,DK_2,imbalance_price,Short,2026-08-11T19:14:45Z
2026-08-11T19:03:52Z,2026-08-11T21:03:52+0200,d65ae107-0026-470c-8885-f57b4d7803f4,2026-08-04T15:00:00Z,2026-08-04T17:00:00+0200,236.68,EUR/MWh,DK2,DK_2,imbalance_price,Long,2026-08-11T19:14:45Z
2026-08-11T19:03:52Z,2026-08-11T21:03:52+0200,d65ae107-0026-470c-8885-f57b4d7803f4,2026-08-04T15:00:00Z,2026-08-04T17:00:00+0200,236.68,EUR/MWh,DK2,DK_2,imbalance_price,Short,2026-08-11T19:14:45Z
2026-08-11T19:03:52Z,2026-08-11T21:03:52+0200,d65ae107-0026-470c-8885-f57b4d7803f4,2026-08-04T15:15:00Z,2026-08-04T17:15:00+0200,275.38,EUR/MWh,DK2,DK_2,imbalance_price,Long,2026-08-11T19:14:45Z
2026-08-11T19:03:52Z,2026-08-11T21:03:52+0200,d65ae107-0026-470c-8885-f57b4d7803f4,2026-08-04T15:15:00Z,2026-08-04T17:15:00+0200,275.38,EUR/MWh,DK2,DK_2,imbalance_price,Short,2026-08-11T19:14:45Z
2026-08-11T19:03:52Z,2026-08-11T21:03:52+0200,d65ae107-0026-470c-8885-f57b4d7803f4,2026-08-04T15:30:00Z,2026-08-04T17:30:00+0200,248.81,EUR/MWh,DK2,DK_2,imbalance_price,Long,2026-08-11T19:14:45Z
2026-08-11T19:03:52Z,2026-08-11T21:03:52+0200,d65ae107-0026-470c-8885-f57b4d7803f4,2026-08-04T15:30:00Z,2026-08-04T17:30:00+0200,248.81,EUR/MWh,DK2,DK_2,imbalance_price,Short,2026-08-11T19:14:45Z
2026-08-11T19:03:52Z,2026-08-11T21:03:52+0200,d65ae107-0026-470c-8885-f57b4d7803f4,2026-08-04T15:45:00Z,2026-08-04T17:45:00+0200,7.61,EUR/MWh,DK2,DK_2,imbalance_price,Long,2026-08-11T19:14:45Z
2026-08-11T19:03:52Z,2026-08-11T21:03:52+0200,d65ae107-0026-470c-8885-f57b4d7803f4,2026-08-04T15:45:00Z,2026-08-04T17:45:00+0200,7.61,EUR/MWh,DK2,DK_2,imbalance_price,Short,2026-08-11T19:14:45Z
2026-08-11T19:03:52Z,2026-08-11T21:03:52+0200,d65ae107-0026-470c-8885-f57b4d7803f4,2026-08-04T16:00:00Z,2026-08-04T18:00:00+0200,556.2,EUR/MWh,DK2,DK_2,imbalance_price,Long,2026-08-11T19:14:45Z
2026-08-11T19:03:52Z,2026-08-11T21:03:52+0200,d65ae107-0026-470c-8885-f57b4d7803f4,2026-08-04T16:00:00Z,2026-08-04T18:00:00+0200,556.2,EUR/MWh,DK2,DK_2,imbalance_price,Short,2026-08-11T19:14:45Z
2026-08-11T19:03:52Z,2026-08-11T21:03:52+0200,d65ae107-0026-470c-8885-f57b4d7803f4,2026-08-04T16:15:00Z,2026-08-04T18:15:00+0200,336.27,EUR/MWh,DK2,DK_2,imbalance_price,Long,2026-08-11T19:14:45Z
2026-08-11T19:03:52Z,2026-08-11T21:03:52+0200,d65ae107-0026-470c-8885-f57b4d7803f4,2026-08-04T16:15:00Z,2026-08-04T18:15:00+0200,336.27,EUR/MWh,DK2,DK_2,imbalance_price,Short,2026-08-11T19:14:45Z
2026-08-11T19:03:52Z,2026-08-11T21:03:52+0200,d65ae107-0026-470c-8885-f57b4d7803f4,2026-08-04T16:30:00Z,2026-08-04T18:30:00+0200,281.04,EUR/MWh,DK2,DK_2,imbalance_price,Long,2026-08-11T19:14:45Z
2026-08-11T19:03:52Z,2026-08-11T21:03:52+0200,d65ae107-0026-470c-8885-f57b4d7803f4,2026-08-04T16:30:00Z,2026-08-04T18:30:00+0200,281.04,EUR/MWh,DK2,DK_2,imbalance_price,Short,2026-08-11T19:14:45Z
2026-08-11T19:03:52Z,2026-08-11T21:03:52+0200,d65ae107-0026-470c-8885-f57b4d7803f4,2026-08-04T16:45:00Z,2026-08-04T18:45:00+0200,293.6,EUR/MWh,DK2,DK_2,imbalance_price,Long,2026-08-11T19:14:45Z
2026-08-11T19:03:52Z,2026-08-11T21:03:52+0200,d65ae107-0026-470c-8885-f57b4d7803f4,2026-08-04T16:45:00Z,2026-08-04T18:45:00+0200,293.6,EUR/MWh,DK2,DK_2,imbalance_price,Short,2026-08-11T19:14:45Z
2026-08-11T19:03:52Z,2026-08-11T21:03:52+0200,d65ae107-0026-470c-8885-f57b4d7803f4,2026-08-04T17:00:00Z,2026-08-04T19:00:00+0200,642.25,EUR/MWh,DK2,DK_2,imbalance_price,Long,2026-08-11T19:14:45Z
2026-08-11T19:03:52Z,2026-08-11T21:03:52+0200,d65ae107-0026-470c-8885-f57b4d7803f4,2026-08-04T17:00:00Z,2026-08-04T19:00:00+0200,642.25,EUR/MWh,DK2,DK_2,imbalance_price,Short,2026-08-11T19:14:45Z
2026-08-11T19:03:52Z,2026-08-11T21:03:52+0200,d65ae107-0026-470c-8885-f57b4d7803f4,2026-08-04T17:15:00Z,2026-08-04T19:15:00+0200,253.82,EUR/MWh,DK2,DK_2,imbalance_price,Long,2026-08-11T19:14:45Z
2026-08-11T19:03:52Z,2026-08-11T21:03:52+0200,d65ae107-0026-470c-8885-f57b4d7803f4,2026-08-04T17:15:00Z,2026-08-04T19:15:00+0200,253.82,EUR/MWh,DK2,DK_2,imbalance_price,Short,2026-08-11T19:14:45Z
2026-08-11T19:03:52Z,2026-08-11T21:03:52+0200,d65ae107-0026-470c-8885-f57b4d7803f4,2026-08-04T17:30:00Z,2026-08-04T19:30:00+0200,976.21,EUR/MWh,DK2,DK_2,imbalance_price,Long,2026-08-11T19:14:45Z
2026-08-11T19:03:52Z,2026-08-11T21:03:52+0200,d65ae107-0026-470c-8885-f57b4d7803f4,2026-08-04T17:30:00Z,2026-08-04T19:30:00+0200,976.21,EUR/MWh,DK2,DK_2,imbalance_price,Short,2026-08-11T19:14:45Z
2026-08-11T19:03:52Z,2026-08-11T21:03:52+0200,d65ae107-0026-470c-8885-f57b4d7803f4,2026-08-04T17:45:00Z,2026-08-04T19:45:00+0200,735.92,EUR/MWh,DK2,DK_2,imbalance_price,Long,2026-08-11T19:14:45Z
2026-08-11T19:03:52Z,2026-08-11T21:03:52+0200,d65ae107-0026-470c-8885-f57b4d7803f4,2026-08-04T17:45:00Z,2026-08-04T19:45:00+0200,735.92,EUR/MWh,DK2,DK_2,imbalance_price,Short,2026-08-11T19:14:45Z
2026-08-11T19:03:52Z,2026-08-11T21:03:52+0200,d65ae107-0026-470c-8885-f57b4d7803f4,2026-08-04T18:00:00Z,2026-08-04T20:00:00+0200,703.02,EUR/MWh,DK2,DK_2,imbalance_price,Long,2026-08-11T19:14:45Z
2026-08-11T19:03:52Z,2026-08-11T21:03:52+0200,d65ae107-0026-470c-8885-f57b4d7803f4,2026-08-04T18:00:00Z,2026-08-04T20:00:00+0200,703.02,EUR/MWh,DK2,DK_2,imbalance_price,Short,2026-08-11T19:14:45Z
2026-08-11T19:03:52Z,2026-08-11T21:03:52+0200,d65ae107-0026-470c-8885-f57b4d7803f4,2026-08-04T18:15:00Z,2026-08-04T20:15:00+0200,703.02,EUR/MWh,DK2,DK_2,imbalance_price,Long,2026-08-11T19:14:45Z
2026-08-11T19:03:52Z,2026-08-11T21:03:52+0200,d65ae107-0026-470c-8885-f57b4d7803f4,2026-08-04T18:15:00Z,2026-08-04T20:15:00+0200,703.02,EUR/MWh,DK2,DK_2,imbalance_price,Short,2026-08-11T19:14:45Z
2026-08-11T19:03:52Z,2026-08-11T21:03:52+0200,d65ae107-0026-470c-8885-f57b4d7803f4,2026-08-04T18:30:00Z,2026-08-04T20:30:00+0200,735.92,EUR/MWh,DK2,DK_2,imbalance_price,Long,2026-08-11T19:14:45Z
2026-08-11T19:03:52Z,2026-08-11T21:03:52+0200,d65ae107-0026-470c-8885-f57b4d7803f4,2026-08-04T18:30:00Z,2026-08-04T20:30:00+0200,735.92,EUR/MWh,DK2,DK_2,imbalance_price,Short,2026-08-11T19:14:45Z
2026-08-11T19:03:52Z,2026-08-11T21:03:52+0200,d65ae107-0026-470c-8885-f57b4d7803f4,2026-08-04T18:45:00Z,2026-08-04T20:45:00+0200,735.92,EUR/MWh,DK2,DK_2,imbalance_price,Long,2026-08-11T19:14:45Z
2026-08-11T19:03:52Z,2026-08-11T21:03:52+0200,d65ae107-0026-470c-8885-f57b4d7803f4,2026-08-04T18:45:00Z,2026-08-04T20:45:00+0200,735.92,EUR/MWh,DK2,DK_2,imbalance_price,Short,2026-08-11T19:14:45Z
2026-08-11T19:03:52Z,2026-08-11T21:03:52+0200,d65ae107-0026-470c-8885-f57b4d7803f4,2026-08-04T19:00:00Z,2026-08-04T21:00:00+0200,246.88,EUR/MWh,DK2,DK_2,imbalance_price,Long,2026-08-11T19:14:45Z
2026-08-11T19:03:52Z,2026-08-11T21:03:52+0200,d65ae107-0026-470c-8885-f57b4d7803f4,2026-08-04T19:00:00Z,2026-08-04T21:00:00+0200,246.88,EUR/MWh,DK2,DK_2,imbalance_price,Short,2026-08-11T19:14:45Z
2026-08-11T19:03:52Z,2026-08-11T21:03:52+0200,d65ae107-0026-470c-8885-f57b4d7803f4,2026-08-04T19:15:00Z,2026-08-04T21:15:00+0200,219.6,EUR/MWh,DK2,DK_2,imbalance_price,Long,2026-08-11T19:14:45Z
2026-08-11T19:03:52Z,2026-08-11T21:03:52+0200,d65ae107-0026-470c-8885-f57b4d7803f4,2026-08-04T19:15:00Z,2026-08-04T21:15:00+0200,219.6,EUR/MWh,DK2,DK_2,imbalance_price,Short,2026-08-11T19:14:45Z
2026-08-11T19:03:52Z,2026-08-11T21:03:52+0200,d65ae107-0026-470c-8885-f57b4d7803f4,2026-08-04T19:30:00Z,2026-08-04T21:30:00+0200,209.47,EUR/MWh,DK2,DK_2,imbalance_price,Long,2026-08-11T19:14:45Z
2026-08-11T19:03:52Z,2026-08-11T21:03:52+0200,d65ae107-0026-470c-8885-f57b4d7803f4,2026-08-04T19:30:00Z,2026-08-04T21:30:00+0200,209.47,EUR/MWh,DK2,DK_2,imbalance_price,Short,2026-08-11T19:14:45Z
2026-08-11T19:03:52Z,2026-08-11T21:03:52+0200,d65ae107-0026-470c-8885-f57b4d7803f4,2026-08-04T19:45:00Z,2026-08-04T21:45:00+0200,191.28,EUR/MWh,DK2,DK_2,imbalance_price,Long,2026-08-11T19:14:45Z
2026-08-11T19:03:52Z,2026-08-11T21:03:52+0200,d65ae107-0026-470c-8885-f57b4d7803f4,2026-08-04T19:45:00Z,2026-08-04T21:45:00+0200,191.28,EUR/MWh,DK2,DK_2,imbalance_price,Short,2026-08-11T19:14:45Z
2026-08-11T19:03:52Z,2026-08-11T21:03:52+0200,d65ae107-0026-470c-8885-f57b4d7803f4,2026-08-04T20:00:00Z,2026-08-04T22:00:00+0200,315.52,EUR/MWh,DK2,DK_2,imbalance_price,Long,2026-08-11T19:14:45Z
2026-08-11T19:03:52Z,2026-08-11T21:03:52+0200,d65ae107-0026-470c-8885-f57b4d7803f4,2026-08-04T20:00:00Z,2026-08-04T22:00:00+0200,315.52,EUR/MWh,DK2,DK_2,imbalance_price,Short,2026-08-11T19:14:45Z
2026-08-11T19:03:52Z,2026-08-11T21:03:52+0200,d65ae107-0026-470c-8885-f57b4d7803f4,2026-08-04T20:15:00Z,2026-08-04T22:15:00+0200,413.58,EUR/MWh,DK2,DK_2,imbalance_price,Long,2026-08-11T19:14:45Z
2026-08-11T19:03:52Z,2026-08-11T21:03:52+0200,d65ae107-0026-470c-8885-f57b4d7803f4,2026-08-04T20:15:00Z,2026-08-04T22:15:00+0200,413.58,EUR/MWh,DK2,DK_2,imbalance_price,Short,2026-08-11T19:14:45Z
2026-08-11T19:03:52Z,2026-08-11T21:03:52+0200,d65ae107-0026-470c-8885-f57b4d7803f4,2026-08-04T20:30:00Z,2026-08-04T22:30:00+0200,265.88,EUR/MWh,DK2,DK_2,imbalance_price,Long,2026-08-11T19:14:45Z
2026-08-11T19:03:52Z,2026-08-11T21:03:52+0200,d65ae107-0026-470c-8885-f57b4d7803f4,2026-08-04T20:30:00Z,2026-08-04T22:30:00+0200,265.88,EUR/MWh,DK2,DK_2,imbalance_price,Short,2026-08-11T19:14:45Z
2026-08-11T19:03:52Z,2026-08-11T21:03:52+0200,d65ae107-0026-470c-8885-f57b4d7803f4,2026-08-04T20:45:00Z,2026-08-04T22:45:00+0200,279.4,EUR/MWh,DK2,DK_2,imbalance_price,Long,2026-08-11T19:14:45Z
2026-08-11T19:03:52Z,2026-08-11T21:03:52+0200,d65ae107-0026-470c-8885-f57b4d7803f4,2026-08-04T20:45:00Z,2026-08-04T22:45:00+0200,279.4,EUR/MWh,DK2,DK_2,imbalance_price,Short,2026-08-11T19:14:45Z
2026-08-11T19:03:52Z,2026-08-11T21:03:52+0200,d65ae107-0026-470c-8885-f57b4d7803f4,2026-08-04T21:00:00Z,2026-08-04T23:00:00+0200,128.32,EUR/MWh,DK2,DK_2,imbalance_price,Long,2026-08-11T19:14:45Z
2026-08-11T19:03:52Z,2026-08-11T21:03:52+0200,d65ae107-0026-470c-8885-f57b4d7803f4,2026-08-04T21:00:00Z,2026-08-04T23:00:00+0200,128.32,EUR/MWh,DK2,DK_2,imbalance_price,Short,2026-08-11T19:14:45Z
2026-08-11T19:03:52Z,2026-08-11T21:03:52+0200,d65ae107-0026-470c-8885-f57b4d7803f4,2026-08-04T21:15:00Z,2026-08-04T23:15:00+0200,136.54,EUR/MWh,DK2,DK_2,imbalance_price,Long,2026-08-11T19:14:45Z
2026-08-11T19:03:52Z,2026-08-11T21:03:52+0200,d65ae107-0026-470c-8885-f57b4d7803f4,2026-08-04T21:15:00Z,2026-08-04T23:15:00+0200,136.54,EUR/MWh,DK2,DK_2,imbalance_price,Short,2026-08-11T19:14:45Z
2026-08-11T19:03:52Z,2026-08-11T21:03:52+0200,d65ae107-0026-470c-8885-f57b4d7803f4,2026-08-04T21:30:00Z,2026-08-04T23:30:00+0200,107.16,EUR/MWh,DK2,DK_2,imbalance_price,Long,2026-08-11T19:14:45Z
2026-08-11T19:03:52Z,2026-08-11T21:03:52+0200,d65ae107-0026-470c-8885-f57b4d7803f4,2026-08-04T21:30:00Z,2026-08-04T23:30:00+0200,107.16,EUR/MWh,DK2,DK_2,imbalance_price,Short,2026-08-11T19:14:45Z
2026-08-11T19:03:52Z,2026-08-11T21:03:52+0200,d65ae107-0026-470c-8885-f57b4d7803f4,2026-08-04T21:45:00Z,2026-08-04T23:45:00+0200,18.56,EUR/MWh,DK2,DK_2,imbalance_price,Long,2026-08-11T19:14:45Z
2026-08-11T19:03:52Z,2026-08-11T21:03:52+0200,d65ae107-0026-470c-8885-f57b4d7803f4,2026-08-04T21:45:00Z,2026-08-04T23:45:00+0200,18.56,EUR/MWh,DK2,DK_2,imbalance_price,Short,2026-08-11T19:14:45Z
2026-08-11T19:03:52Z,2026-08-11T21:03:52+0200,d65ae107-0026-470c-8885-f57b4d7803f4,2026-08-04T22:00:00Z,2026-08-05T00:00:00+0200,81.06,EUR/MWh,DK2,DK_2,imbalance_price,Long,2026-08-11T19:14:45Z
2026-08-11T19:03:52Z,2026-08-11T21:03:52+0200,d65ae107-0026-470c-8885-f57b4d7803f4,2026-08-04T22:00:00Z,2026-08-05T00:00:00+0200,81.06,EUR/MWh,DK2,DK_2,imbalance_price,Short,2026-08-11T19:14:45Z
2026-08-11T19:03:52Z,2026-08-11T21:03:52+0200,d65ae107-0026-470c-8885-f57b4d7803f4,2026-08-04T22:15:00Z,2026-08-05T00:15:00+0200,131.03,EUR/MWh,DK2,DK_2,imbalance_price,Long,2026-08-11T19:14:45Z
2026-08-11T19:03:52Z,2026-08-11T21:03:52+0200,d65ae107-0026-470c-8885-f57b4d7803f4,2026-08-04T22:15:00Z,2026-08-05T00:15:00+0200,131.03,EUR/MWh,DK2,DK_2,imbalance_price,Short,2026-08-11T19:14:45Z
2026-08-11T19:03:52Z,2026-08-11T21:03:52+0200,d65ae107-0026-470c-8885-f57b4d7803f4,2026-08-04T22:30:00Z,2026-08-05T00:30:00+0200,122.57,EUR/MWh,DK2,DK_2,imbalance_price,Long,2026-08-11T19:14:45Z
2026-08-11T19:03:52Z,2026-08-11T21:03:52+0200,d65ae107-0026-470c-8885-f57b4d7803f4,2026-08-04T22:30:00Z,2026-08-05T00:30:00+0200,122.57,EUR/MWh,DK2,DK_2,imbalance_price,Short,2026-08-11T19:14:45Z
2026-08-11T19:03:52Z,2026-08-11T21:03:52+0200,d65ae107-0026-470c-8885-f57b4d7803f4,2026-08-04T22:45:00Z,2026-08-05T00:45:00+0200,80.19,EUR/MWh,DK2,DK_2,imbalance_price,Long,2026-08-11T19:14:45Z
2026-08-11T19:03:52Z,2026-08-11T21:03:52+0200,d65ae107-0026-470c-8885-f57b4d7803f4,2026-08-04T22:45:00Z,2026-08-05T00:45:00+0200,80.19,EUR/MWh,DK2,DK_2,imbalance_price,Short,2026-08-11T19:14:45Z
2026-08-11T19:03:52Z,2026-08-11T21:03:52+0200,d65ae107-0026-470c-8885-f57b4d7803f4,2026-08-04T23:00:00Z,2026-08-05T01:00:00+0200,128.0,EUR/MWh,DK2,DK_2,imbalance_price,Long,2026-08-11T19:14:45Z
2026-08-11T19:03:52Z,2026-08-11T21:03:52+0200,d65ae107-0026-470c-8885-f57b4d7803f4,2026-08-04T23:00:00Z,2026-08-05T01:00:00+0200,128.0,EUR/MWh,DK2,DK_2,imbalance_price,Short,2026-08-11T19:14:45Z
2026-08-11T19:03:52Z,2026-08-11T21:03:52+0200,d65ae107-0026-470c-8885-f57b4d7803f4,2026-08-04T23:15:00Z,2026-08-05T01:15:00+0200,126.83,EUR/MWh,DK2,DK_2,imbalance_price,Long,2026-08-11T19:14:45Z
2026-08-11T19:03:52Z,2026-08-11T21:03:52+0200,d65ae107-0026-470c-8885-f57b4d7803f4,2026-08-04T23:15:00Z,2026-08-05T01:15:00+0200,126.83,EUR/MWh,DK2,DK_2,imbalance_price,Short,2026-08-11T19:14:45Z
2026-08-11T19:03:52Z,2026-08-11T21:03:52+0200,d65ae107-0026-470c-8885-f57b4d7803f4,2026-08-04T23:30:00Z,2026-08-05T01:30:00+0200,129.0,EUR/MWh,DK2,DK_2,imbalance_price,Long,2026-08-11T19:14:45Z
2026-08-11T19:03:52Z,2026-08-11T21:03:52+0200,d65ae107-0026-470c-8885-f57b4d7803f4,2026-08-04T23:30:00Z,2026-08-05T01:30:00+0200,129.0,EUR/MWh,DK2,DK_2,imbalance_price,Short,2026-08-11T19:14:45Z
2026-08-11T19:03:52Z,2026-08-11T21:03:52+0200,d65ae107-0026-470c-8885-f57b4d7803f4,2026-08-04T23:45:00Z,2026-08-05T01:45:00+0200,146.4,EUR/MWh,DK2,DK_2,imbalance_price,Long,2026-08-11T19:14:45Z
2026-08-11T19:03:52Z,2026-08-11T21:03:52+0200,d65ae107-0026-470c-8885-f57b4d7803f4,2026-08-04T23:45:00Z,2026-08-05T01:45:00+0200,146.4,EUR/MWh,DK2,DK_2,imbalance_price,Short,2026-08-11T19:14:45Z
2026-08-11T19:03:52Z,2026-08-11T21:03:52+0200,d65ae107-0026-470c-8885-f57b4d7803f4,2026-08-05T00:00:00Z,2026-08-05T02:00:00+0200,136.23,EUR/MWh,DK2,DK_2,imbalance_price,Long,2026-08-11T19:14:45Z
2026-08-11T19:03:52Z,2026-08-11T21:03:52+0200,d65ae107-0026-470c-8885-f57b4d7803f4,2026-08-05T00:00:00Z,2026-08-05T02:00:00+0200,136.23,EUR/MWh,DK2,DK_2,imbalance_price,Short,2026-08-11T19:14:45Z
2026-08-11T19:03:52Z,2026-08-11T21:03:52+0200,d65ae107-0026-470c-8885-f57b4d7803f4,2026-08-05T00:15:00Z,2026-08-05T02:15:00+0200,146.09,EUR/MWh,DK2,DK_2,imbalance_price,Long,2026-08-11T19:14:45Z
2026-08-11T19:03:52Z,2026-08-11T21:03:52+0200,d65ae107-0026-470c-8885-f57b4d7803f4,2026-08-05T00:15:00Z,2026-08-05T02:15:00+0200,146.09,EUR/MWh,DK2,DK_2,imbalance_price,Short,2026-08-11T19:14:45Z
2026-08-11T19:03:52Z,2026-08-11T21:03:52+0200,d65ae107-0026-470c-8885-f57b4d7803f4,2026-08-05T00:30:00Z,2026-08-05T02:30:00+0200,124.14,EUR/MWh,DK2,DK_2,imbalance_price,Long,2026-08-11T19:14:45Z
2026-08-11T19:03:52Z,2026-08-11T21:03:52+0200,d65ae107-0026-470c-8885-f57b4d7803f4,2026-08-05T00:30:00Z,2026-08-05T02:30:00+0200,124.14,EUR/MWh,DK2,DK_2,imbalance_price,Short,2026-08-11T19:14:45Z
2026-08-11T19:03:52Z,2026-08-11T21:03:52+0200,d65ae107-0026-470c-8885-f57b4d7803f4,2026-08-05T00:45:00Z,2026-08-05T02:45:00+0200,73.3,EUR/MWh,DK2,DK_2,imbalance_price,Long,2026-08-11T19:14:45Z
2026-08-11T19:03:52Z,2026-08-11T21:03:52+0200,d65ae107-0026-470c-8885-f57b4d7803f4,2026-08-05T00:45:00Z,2026-08-05T02:45:00+0200,73.3,EUR/MWh,DK2,DK_2,imbalance_price,Short,2026-08-11T19:14:45Z
2026-08-11T19:03:52Z,2026-08-11T21:03:52+0200,d65ae107-0026-470c-8885-f57b4d7803f4,2026-08-05T01:00:00Z,2026-08-05T03:00:00+0200,85.38,EUR/MWh,DK2,DK_2,imbalance_price,Long,2026-08-11T19:14:45Z
2026-08-11T19:03:52Z,2026-08-11T21:03:52+0200,d65ae107-0026-470c-8885-f57b4d7803f4,2026-08-05T01:00:00Z,2026-08-05T03:00:00+0200,85.38,EUR/MWh,DK2,DK_2,imbalance_price,Short,2026-08-11T19:14:45Z
2026-08-11T19:03:52Z,2026-08-11T21:03:52+0200,d65ae107-0026-470c-8885-f57b4d7803f4,2026-08-05T01:15:00Z,2026-08-05T03:15:00+0200,107.24,EUR/MWh,DK2,DK_2,imbalance_price,Long,2026-08-11T19:14:45Z
2026-08-11T19:03:52Z,2026-08-11T21:03:52+0200,d65ae107-0026-470c-8885-f57b4d7803f4,2026-08-05T01:15:00Z,2026-08-05T03:15:00+0200,107.24,EUR/MWh,DK2,DK_2,imbalance_price,Short,2026-08-11T19:14:45Z
2026-08-11T19:03:52Z,2026-08-11T21:03:52+0200,d65ae107-0026-470c-8885-f57b4d7803f4,2026-08-05T01:30:00Z,2026-08-05T03:30:00+0200,122.7,EUR/MWh,DK2,DK_2,imbalance_price,Long,2026-08-11T19:14:45Z
2026-08-11T19:03:52Z,2026-08-11T21:03:52+0200,d65ae107-0026-470c-8885-f57b4d7803f4,2026-08-05T01:30:00Z,2026-08-05T03:30:00+0200,122.7,EUR/MWh,DK2,DK_2,imbalance_price,Short,2026-08-11T19:14:45Z
2026-08-11T19:03:52Z,2026-08-11T21:03:52+0200,d65ae107-0026-470c-8885-f57b4d7803f4,2026-08-05T01:45:00Z,2026-08-05T03:45:00+0200,81.47,EUR/MWh,DK2,DK_2,imbalance_price,Long,2026-08-11T19:14:45Z
2026-08-11T19:03:52Z,2026-08-11T21:03:52+0200,d65ae107-0026-470c-8885-f57b4d7803f4,2026-08-05T01:45:00Z,2026-08-05T03:45:00+0200,81.47,EUR/MWh,DK2,DK_2,imbalance_price,Short,2026-08-11T19:14:45Z
2026-08-11T19:03:52Z,2026-08-11T21:03:52+0200,d65ae107-0026-470c-8885-f57b4d7803f4,2026-08-05T02:00:00Z,2026-08-05T04:00:00+0200,122.0,EUR/MWh,DK2,DK_2,imbalance_price,Long,2026-08-11T19:14:45Z
2026-08-11T19:03:52Z,2026-08-11T21:03:52+0200,d65ae107-0026-470c-8885-f57b4d7803f4,2026-08-05T02:00:00Z,2026-08-05T04:00:00+0200,122.0,EUR/MWh,DK2,DK_2,imbalance_price,Short,2026-08-11T19:14:45Z
2026-08-11T19:03:52Z,2026-08-11T21:03:52+0200,d65ae107-0026-470c-8885-f57b4d7803f4,2026-08-05T02:15:00Z,2026-08-05T04:15:00+0200,136.4,EUR/MWh,DK2,DK_2,imbalance_price,Long,2026-08-11T19:14:45Z
2026-08-11T19:03:52Z,2026-08-11T21:03:52+0200,d65ae107-0026-470c-8885-f57b4d7803f4,2026-08-05T02:15:00Z,2026-08-05T04:15:00+0200,136.4,EUR/MWh,DK2,DK_2,imbalance_price,Short,2026-08-11T19:14:45Z
2026-08-11T19:03:52Z,2026-08-11T21:03:52+0200,d65ae107-0026-470c-8885-f57b4d7803f4,2026-08-05T02:30:00Z,2026-08-05T04:30:00+0200,468.3,EUR/MWh,DK2,DK_2,imbalance_price,Long,2026-08-11T19:14:45Z
2026-08-11T19:03:52Z,2026-08-11T21:03:52+0200,d65ae107-0026-470c-8885-f57b4d7803f4,2026-08-05T02:30:00Z,2026-08-05T04:30:00+0200,468.3,EUR/MWh,DK2,DK_2,imbalance_price,Short,2026-08-11T19:14:45Z
2026-08-11T19:03:52Z,2026-08-11T21:03:52+0200,d65ae107-0026-470c-8885-f57b4d7803f4,2026-08-05T02:45:00Z,2026-08-05T04:45:00+0200,137.97,EUR/MWh,DK2,DK_2,imbalance_price,Long,2026-08-11T19:14:45Z
2026-08-11T19:03:52Z,2026-08-11T21:03:52+0200,d65ae107-0026-470c-8885-f57b4d7803f4,2026-08-05T02:45:00Z,2026-08-05T04:45:00+0200,137.97,EUR/MWh,DK2,DK_2,imbalance_price,Short,2026-08-11T19:14:45Z
2026-08-11T19:03:52Z,2026-08-11T21:03:52+0200,d65ae107-0026-470c-8885-f57b4d7803f4,2026-08-05T03:00:00Z,2026-08-05T05:00:00+0200,219.81,EUR/MWh,DK2,DK_2,imbalance_price,Long,2026-08-11T19:14:45Z
2026-08-11T19:03:52Z,2026-08-11T21:03:52+0200,d65ae107-0026-470c-8885-f57b4d7803f4,2026-08-05T03:00:00Z,2026-08-05T05:00:00+0200,219.81,EUR/MWh,DK2,DK_2,imbalance_price,Short,2026-08-11T19:14:45Z
2026-08-11T19:03:52Z,2026-08-11T21:03:52+0200,d65ae107-0026-470c-8885-f57b4d7803f4,2026-08-05T03:15:00Z,2026-08-05T05:15:00+0200,224.76,EUR/MWh,DK2,DK_2,imbalance_price,Long,2026-08-11T19:14:45Z
2026-08-11T19:03:52Z,2026-08-11T21:03:52+0200,d65ae107-0026-470c-8885-f57b4d7803f4,2026-08-05T03:15:00Z,2026-08-05T05:15:00+0200,224.76,EUR/MWh,DK2,DK_2,imbalance_price,Short,2026-08-11T19:14:45Z
2026-08-11T19:03:52Z,2026-08-11T21:03:52+0200,d65ae107-0026-470c-8885-f57b4d7803f4,2026-08-05T03:30:00Z,2026-08-05T05:30:00+0200,227.09,EUR/MWh,DK2,DK_2,imbalance_price,Long,2026-08-11T19:14:45Z
2026-08-11T19:03:52Z,2026-08-11T21:03:52+0200,d65ae107-0026-470c-8885-f57b4d7803f4,2026-08-05T03:30:00Z,2026-08-05T05:30:00+0200,227.09,EUR/MWh,DK2,DK_2,imbalance_price,Short,2026-08-11T19:14:45Z
2026-08-11T19:03:52Z,2026-08-11T21:03:52+0200,d65ae107-0026-470c-8885-f57b4d7803f4,2026-08-05T03:45:00Z,2026-08-05T05:45:00+0200,226.15,EUR/MWh,DK2,DK_2,imbalance_price,Long,2026-08-11T19:14:45Z
2026-08-11T19:03:52Z,2026-08-11T21:03:52+0200,d65ae107-0026-470c-8885-f57b4d7803f4,2026-08-05T03:45:00Z,2026-08-05T05:45:00+0200,226.15,EUR/MWh,DK2,DK_2,imbalance_price,Short,2026-08-11T19:14:45Z
2026-08-11T19:03:52Z,2026-08-11T21:03:52+0200,d65ae107-0026-470c-8885-f57b4d7803f4,2026-08-05T04:00:00Z,2026-08-05T06:00:00+0200,151.2,EUR/MWh,DK2,DK_2,imbalance_price,Long,2026-08-11T19:14:45Z
2026-08-11T19:03:52Z,2026-08-11T21:03:52+0200,d65ae107-0026-470c-8885-f57b4d7803f4,2026-08-05T04:00:00Z,2026-08-05T06:00:00+0200,151.2,EUR/MWh,DK2,DK_2,imbalance_price,Short,2026-08-11T19:14:45Z
2026-08-11T19:03:52Z,2026-08-11T21:03:52+0200,d65ae107-0026-470c-8885-f57b4d7803f4,2026-08-05T04:15:00Z,2026-08-05T06:15:00+0200,126.3,EUR/MWh,DK2,DK_2,imbalance_price,Long,2026-08-11T19:14:45Z
2026-08-11T19:03:52Z,2026-08-11T21:03:52+0200,d65ae107-0026-470c-8885-f57b4d7803f4,2026-08-05T04:15:00Z,2026-08-05T06:15:00+0200,126.3,EUR/MWh,DK2,DK_2,imbalance_price,Short,2026-08-11T19:14:45Z
2026-08-11T19:03:52Z,2026-08-11T21:03:52+0200,d65ae107-0026-470c-8885-f57b4d7803f4,2026-08-05T04:30:00Z,2026-08-05T06:30:00+0200,129.8,EUR/MWh,DK2,DK_2,imbalance_price,Long,2026-08-11T19:14:45Z
2026-08-11T19:03:52Z,2026-08-11T21:03:52+0200,d65ae107-0026-470c-8885-f57b4d7803f4,2026-08-05T04:30:00Z,2026-08-05T06:30:00+0200,129.8,EUR/MWh,DK2,DK_2,imbalance_price,Short,2026-08-11T19:14:45Z
2026-08-11T19:03:52Z,2026-08-11T21:03:52+0200,d65ae107-0026-470c-8885-f57b4d7803f4,2026-08-05T04:45:00Z,2026-08-05T06:45:00+0200,155.51,EUR/MWh,DK2,DK_2,imbalance_price,Long,2026-08-11T19:14:45Z
2026-08-11T19:03:52Z,2026-08-11T21:03:52+0200,d65ae107-0026-470c-8885-f57b4d7803f4,2026-08-05T04:45:00Z,2026-08-05T06:45:00+0200,155.51,EUR/MWh,DK2,DK_2,imbalance_price,Short,2026-08-11T19:14:45Z
2026-08-11T19:03:52Z,2026-08-11T21:03:52+0200,d65ae107-0026-470c-8885-f57b4d7803f4,2026-08-05T05:00:00Z,2026-08-05T07:00:00+0200,401.35,EUR/MWh,DK2,DK_2,imbalance_price,Long,2026-08-11T19:14:45Z
2026-08-11T19:03:52Z,2026-08-11T21:03:52+0200,d65ae107-0026-470c-8885-f57b4d7803f4,2026-08-05T05:00:00Z,2026-08-05T07:00:00+0200,401.35,EUR/MWh,DK2,DK_2,imbalance_price,Short,2026-08-11T19:14:45Z
2026-08-11T19:03:52Z,2026-08-11T21:03:52+0200,d65ae107-0026-470c-8885-f57b4d7803f4,2026-08-05T05:15:00Z,2026-08-05T07:15:00+0200,159.31,EUR/MWh,DK2,DK_2,imbalance_price,Long,2026-08-11T19:14:45Z
2026-08-11T19:03:52Z,2026-08-11T21:03:52+0200,d65ae107-0026-470c-8885-f57b4d7803f4,2026-08-05T05:15:00Z,2026-08-05T07:15:00+0200,159.31,EUR/MWh,DK2,DK_2,imbalance_price,Short,2026-08-11T19:14:45Z
2026-08-11T19:03:52Z,2026-08-11T21:03:52+0200,d65ae107-0026-470c-8885-f57b4d7803f4,2026-08-05T05:30:00Z,2026-08-05T07:30:00+0200,157.24,EUR/MWh,DK2,DK_2,imbalance_price,Long,2026-08-11T19:14:45Z
2026-08-11T19:03:52Z,2026-08-11T21:03:52+0200,d65ae107-0026-470c-8885-f57b4d7803f4,2026-08-05T05:30:00Z,2026-08-05T07:30:00+0200,157.24,EUR/MWh,DK2,DK_2,imbalance_price,Short,2026-08-11T19:14:45Z
2026-08-11T19:03:52Z,2026-08-11T21:03:52+0200,d65ae107-0026-470c-8885-f57b4d7803f4,2026-08-05T05:45:00Z,2026-08-05T07:45:00+0200,98.54,EUR/MWh,DK2,DK_2,imbalance_price,Long,2026-08-11T19:14:45Z
2026-08-11T19:03:52Z,2026-08-11T21:03:52+0200,d65ae107-0026-470c-8885-f57b4d7803f4,2026-08-05T05:45:00Z,2026-08-05T07:45:00+0200,98.54,EUR/MWh,DK2,DK_2,imbalance_price,Short,2026-08-11T19:14:45Z
2026-08-11T19:03:52Z,2026-08-11T21:03:52+0200,d65ae107-0026-470c-8885-f57b4d7803f4,2026-08-05T06:00:00Z,2026-08-05T08:00:00+0200,109.82,EUR/MWh,DK2,DK_2,imbalance_price,Long,2026-08-11T19:14:45Z
2026-08-11T19:03:52Z,2026-08-11T21:03:52+0200,d65ae107-0026-470c-8885-f57b4d7803f4,2026-08-05T06:00:00Z,2026-08-05T08:00:00+0200,109.82,EUR/MWh,DK2,DK_2,imbalance_price,Short,2026-08-11T19:14:45Z
2026-08-11T19:03:52Z,2026-08-11T21:03:52+0200,d65ae107-0026-470c-8885-f57b4d7803f4,2026-08-05T06:15:00Z,2026-08-05T08:15:00+0200,147.91,EUR/MWh,DK2,DK_2,imbalance_price,Long,2026-08-11T19:14:45Z
2026-08-11T19:03:52Z,2026-08-11T21:03:52+0200,d65ae107-0026-470c-8885-f57b4d7803f4,2026-08-05T06:15:00Z,2026-08-05T08:15:00+0200,147.91,EUR/MWh,DK2,DK_2,imbalance_price,Short,2026-08-11T19:14:45Z
2026-08-11T19:03:52Z,2026-08-11T21:03:52+0200,d65ae107-0026-470c-8885-f57b4d7803f4,2026-08-05T06:30:00Z,2026-08-05T08:30:00+0200,131.74,EUR/MWh,DK2,DK_2,imbalance_price,Long,2026-08-11T19:14:45Z
2026-08-11T19:03:52Z,2026-08-11T21:03:52+0200,d65ae107-0026-470c-8885-f57b4d7803f4,2026-08-05T06:30:00Z,2026-08-05T08:30:00+0200,131.74,EUR/MWh,DK2,DK_2,imbalance_price,Short,2026-08-11T19:14:45Z
2026-08-11T19:03:52Z,2026-08-11T21:03:52+0200,d65ae107-0026-470c-8885-f57b4d7803f4,2026-08-05T06:45:00Z,2026-08-05T08:45:00+0200,41.61,EUR/MWh,DK2,DK_2,imbalance_price,Long,2026-08-11T19:14:45Z
2026-08-11T19:03:52Z,2026-08-11T21:03:52+0200,d65ae107-0026-470c-8885-f57b4d7803f4,2026-08-05T06:45:00Z,2026-08-05T08:45:00+0200,41.61,EUR/MWh,DK2,DK_2,imbalance_price,Short,2026-08-11T19:14:45Z
2026-08-11T19:03:52Z,2026-08-11T21:03:52+0200,d65ae107-0026-470c-8885-f57b4d7803f4,2026-08-05T07:00:00Z,2026-08-05T09:00:00+0200,669.0,EUR/MWh,DK2,DK_2,imbalance_price,Long,2026-08-11T19:14:45Z
2026-08-11T19:03:52Z,2026-08-11T21:03:52+0200,d65ae107-0026-470c-8885-f57b4d7803f4,2026-08-05T07:00:00Z,2026-08-05T09:00:00+0200,669.0,EUR/MWh,DK2,DK_2,imbalance_price,Short,2026-08-11T19:14:45Z
2026-08-11T19:03:52Z,2026-08-11T21:03:52+0200,d65ae107-0026-470c-8885-f57b4d7803f4,2026-08-05T07:15:00Z,2026-08-05T09:15:00+0200,334.46,EUR/MWh,DK2,DK_2,imbalance_price,Long,2026-08-11T19:14:45Z
2026-08-11T19:03:52Z,2026-08-11T21:03:52+0200,d65ae107-0026-470c-8885-f57b4d7803f4,2026-08-05T07:15:00Z,2026-08-05T09:15:00+0200,334.46,EUR/MWh,DK2,DK_2,imbalance_price,Short,2026-08-11T19:14:45Z
2026-08-11T19:03:52Z,2026-08-11T21:03:52+0200,d65ae107-0026-470c-8885-f57b4d7803f4,2026-08-05T07:30:00Z,2026-08-05T09:30:00+0200,401.35,EUR/MWh,DK2,DK_2,imbalance_price,Long,2026-08-11T19:14:45Z
2026-08-11T19:03:52Z,2026-08-11T21:03:52+0200,d65ae107-0026-470c-8885-f57b4d7803f4,2026-08-05T07:30:00Z,2026-08-05T09:30:00+0200,401.35,EUR/MWh,DK2,DK_2,imbalance_price,Short,2026-08-11T19:14:45Z
2026-08-11T19:03:52Z,2026-08-11T21:03:52+0200,d65ae107-0026-470c-8885-f57b4d7803f4,2026-08-05T07:45:00Z,2026-08-05T09:45:00+0200,11.09,EUR/MWh,DK2,DK_2,imbalance_price,Long,2026-08-11T19:14:45Z
2026-08-11T19:03:52Z,2026-08-11T21:03:52+0200,d65ae107-0026-470c-8885-f57b4d7803f4,2026-08-05T07:45:00Z,2026-08-05T09:45:00+0200,11.09,EUR/MWh,DK2,DK_2,imbalance_price,Short,2026-08-11T19:14:45Z
2026-08-11T19:03:52Z,2026-08-11T21:03:52+0200,d65ae107-0026-470c-8885-f57b4d7803f4,2026-08-05T08:00:00Z,2026-08-05T10:00:00+0200,100.0,EUR/MWh,DK2,DK_2,imbalance_price,Long,2026-08-11T19:14:45Z
2026-08-11T19:03:52Z,2026-08-11T21:03:52+0200,d65ae107-0026-470c-8885-f57b4d7803f4,2026-08-05T08:00:00Z,2026-08-05T10:00:00+0200,100.0,EUR/MWh,DK2,DK_2,imbalance_price,Short,2026-08-11T19:14:45Z
2026-08-11T19:03:52Z,2026-08-11T21:03:52+0200,d65ae107-0026-470c-8885-f57b4d7803f4,2026-08-05T08:15:00Z,2026-08-05T10:15:00+0200,27.88,EUR/MWh,DK2,DK_2,imbalance_price,Long,2026-08-11T19:14:45Z
2026-08-11T19:03:52Z,2026-08-11T21:03:52+0200,d65ae107-0026-470c-8885-f57b4d7803f4,2026-08-05T08:15:00Z,2026-08-05T10:15:00+0200,27.88,EUR/MWh,DK2,DK_2,imbalance_price,Short,2026-08-11T19:14:45Z
2026-08-11T19:03:52Z,2026-08-11T21:03:52+0200,d65ae107-0026-470c-8885-f57b4d7803f4,2026-08-05T08:30:00Z,2026-08-05T10:30:00+0200,22.38,EUR/MWh,DK2,DK_2,imbalance_price,Long,2026-08-11T19:14:45Z
2026-08-11T19:03:52Z,2026-08-11T21:03:52+0200,d65ae107-0026-470c-8885-f57b4d7803f4,2026-08-05T08:30:00Z,2026-08-05T10:30:00+0200,22.38,EUR/MWh,DK2,DK_2,imbalance_price,Short,2026-08-11T19:14:45Z
2026-08-11T19:03:52Z,2026-08-11T21:03:52+0200,d65ae107-0026-470c-8885-f57b4d7803f4,2026-08-05T08:45:00Z,2026-08-05T10:45:00+0200,102.5,EUR/MWh,DK2,DK_2,imbalance_price,Long,2026-08-11T19:14:45Z
2026-08-11T19:03:52Z,2026-08-11T21:03:52+0200,d65ae107-0026-470c-8885-f57b4d7803f4,2026-08-05T08:45:00Z,2026-08-05T10:45:00+0200,102.5,EUR/MWh,DK2,DK_2,imbalance_price,Short,2026-08-11T19:14:45Z
2026-08-11T19:03:52Z,2026-08-11T21:03:52+0200,d65ae107-0026-470c-8885-f57b4d7803f4,2026-08-05T09:00:00Z,2026-08-05T11:00:00+0200,102.07,EUR/MWh,DK2,DK_2,imbalance_price,Long,2026-08-11T19:14:45Z
2026-08-11T19:03:52Z,2026-08-11T21:03:52+0200,d65ae107-0026-470c-8885-f57b4d7803f4,2026-08-05T09:00:00Z,2026-08-05T11:00:00+0200,102.07,EUR/MWh,DK2,DK_2,imbalance_price,Short,2026-08-11T19:14:45Z
2026-08-11T19:03:52Z,2026-08-11T21:03:52+0200,d65ae107-0026-470c-8885-f57b4d7803f4,2026-08-05T09:15:00Z,2026-08-05T11:15:00+0200,23.08,EUR/MWh,DK2,DK_2,imbalance_price,Long,2026-08-11T19:14:45Z
2026-08-11T19:03:52Z,2026-08-11T21:03:52+0200,d65ae107-0026-470c-8885-f57b4d7803f4,2026-08-05T09:15:00Z,2026-08-05T11:15:00+0200,23.08,EUR/MWh,DK2,DK_2,imbalance_price,Short,2026-08-11T19:14:45Z
2026-08-11T19:03:52Z,2026-08-11T21:03:52+0200,d65ae107-0026-470c-8885-f57b4d7803f4,2026-08-05T09:30:00Z,2026-08-05T11:30:00+0200,80.0,EUR/MWh,DK2,DK_2,imbalance_price,Long,2026-08-11T19:14:45Z
2026-08-11T19:03:52Z,2026-08-11T21:03:52+0200,d65ae107-0026-470c-8885-f57b4d7803f4,2026-08-05T09:30:00Z,2026-08-05T11:30:00+0200,80.0,EUR/MWh,DK2,DK_2,imbalance_price,Short,2026-08-11T19:14:45Z
2026-08-11T19:03:52Z,2026-08-11T21:03:52+0200,d65ae107-0026-470c-8885-f57b4d7803f4,2026-08-05T09:45:00Z,2026-08-05T11:45:00+0200,28.8,EUR/MWh,DK2,DK_2,imbalance_price,Long,2026-08-11T19:14:45Z
2026-08-11T19:03:52Z,2026-08-11T21:03:52+0200,d65ae107-0026-470c-8885-f57b4d7803f4,2026-08-05T09:45:00Z,2026-08-05T11:45:00+0200,28.8,EUR/MWh,DK2,DK_2,imbalance_price,Short,2026-08-11T19:14:45Z
2026-08-11T19:03:52Z,2026-08-11T21:03:52+0200,d65ae107-0026-470c-8885-f57b4d7803f4,2026-08-05T10:00:00Z,2026-08-05T12:00:00+0200,2.74,EUR/MWh,DK2,DK_2,imbalance_price,Long,2026-08-11T19:14:45Z
2026-08-11T19:03:52Z,2026-08-11T21:03:52+0200,d65ae107-0026-470c-8885-f57b4d7803f4,2026-08-05T10:00:00Z,2026-08-05T12:00:00+0200,2.74,EUR/MWh,DK2,DK_2,imbalance_price,Short,2026-08-11T19:14:45Z
2026-08-11T19:03:52Z,2026-08-11T21:03:52+0200,d65ae107-0026-470c-8885-f57b4d7803f4,2026-08-05T10:15:00Z,2026-08-05T12:15:00+0200,-5.5,EUR/MWh,DK2,DK_2,imbalance_price,Long,2026-08-11T19:14:45Z
2026-08-11T19:03:52Z,2026-08-11T21:03:52+0200,d65ae107-0026-470c-8885-f57b4d7803f4,2026-08-05T10:15:00Z,2026-08-05T12:15:00+0200,-5.5,EUR/MWh,DK2,DK_2,imbalance_price,Short,2026-08-11T19:14:45Z
2026-08-11T19:03:52Z,2026-08-11T21:03:52+0200,d65ae107-0026-470c-8885-f57b4d7803f4,2026-08-05T10:30:00Z,2026-08-05T12:30:00+0200,-6.69,EUR/MWh,DK2,DK_2,imbalance_price,Long,2026-08-11T19:14:45Z
2026-08-11T19:03:52Z,2026-08-11T21:03:52+0200,d65ae107-0026-470c-8885-f57b4d7803f4,2026-08-05T10:30:00Z,2026-08-05T12:30:00+0200,-6.69,EUR/MWh,DK2,DK_2,imbalance_price,Short,2026-08-11T19:14:45Z
2026-08-11T19:03:52Z,2026-08-11T21:03:52+0200,d65ae107-0026-470c-8885-f57b4d7803f4,2026-08-05T10:45:00Z,2026-08-05T12:45:00+0200,-5.06,EUR/MWh,DK2,DK_2,imbalance_price,Long,2026-08-11T19:14:45Z
2026-08-11T19:03:52Z,2026-08-11T21:03:52+0200,d65ae107-0026-470c-8885-f57b4d7803f4,2026-08-05T10:45:00Z,2026-08-05T12:45:00+0200,-5.06,EUR/MWh,DK2,DK_2,imbalance_price,Short,2026-08-11T19:14:45Z
2026-08-11T19:03:52Z,2026-08-11T21:03:52+0200,d65ae107-0026-470c-8885-f57b4d7803f4,2026-08-05T11:00:00Z,2026-08-05T13:00:00+0200,5.88,EUR/MWh,DK2,DK_2,imbalance_price,Long,2026-08-11T19:14:45Z
2026-08-11T19:03:52Z,2026-08-11T21:03:52+0200,d65ae107-0026-470c-8885-f57b4d7803f4,2026-08-05T11:00:00Z,2026-08-05T13:00:00+0200,5.88,EUR/MWh,DK2,DK_2,imbalance_price,Short,2026-08-11T19:14:45Z
2026-08-11T19:03:52Z,2026-08-11T21:03:52+0200,d65ae107-0026-470c-8885-f57b4d7803f4,2026-08-05T11:15:00Z,2026-08-05T13:15:00+0200,5.0,EUR/MWh,DK2,DK_2,imbalance_price,Long,2026-08-11T19:14:45Z
2026-08-11T19:03:52Z,2026-08-11T21:03:52+0200,d65ae107-0026-470c-8885-f57b4d7803f4,2026-08-05T11:15:00Z,2026-08-05T13:15:00+0200,5.0,EUR/MWh,DK2,DK_2,imbalance_price,Short,2026-08-11T19:14:45Z
2026-08-11T19:03:52Z,2026-08-11T21:03:52+0200,d65ae107-0026-470c-8885-f57b4d7803f4,2026-08-05T11:30:00Z,2026-08-05T13:30:00+0200,-6.69,EUR/MWh,DK2,DK_2,imbalance_price,Long,2026-08-11T19:14:45Z
2026-08-11T19:03:52Z,2026-08-11T21:03:52+0200,d65ae107-0026-470c-8885-f57b4d7803f4,2026-08-05T11:30:00Z,2026-08-05T13:30:00+0200,-6.69,EUR/MWh,DK2,DK_2,imbalance_price,Short,2026-08-11T19:14:45Z
2026-08-11T19:03:52Z,2026-08-11T21:03:52+0200,d65ae107-0026-470c-8885-f57b4d7803f4,2026-08-05T11:45:00Z,2026-08-05T13:45:00+0200,-8.43,EUR/MWh,DK2,DK_2,imbalance_price,Long,2026-08-11T19:14:45Z
2026-08-11T19:03:52Z,2026-08-11T21:03:52+0200,d65ae107-0026-470c-8885-f57b4d7803f4,2026-08-05T11:45:00Z,2026-08-05T13:45:00+0200,-8.43,EUR/MWh,DK2,DK_2,imbalance_price,Short,2026-08-11T19:14:45Z
2026-08-11T19:03:52Z,2026-08-11T21:03:52+0200,d65ae107-0026-470c-8885-f57b4d7803f4,2026-08-05T12:00:00Z,2026-08-05T14:00:00+0200,-10.0,EUR/MWh,DK2,DK_2,imbalance_price,Long,2026-08-11T19:14:45Z
2026-08-11T19:03:52Z,2026-08-11T21:03:52+0200,d65ae107-0026-470c-8885-f57b4d7803f4,2026-08-05T12:00:00Z,2026-08-05T14:00:00+0200,-10.0,EUR/MWh,DK2,DK_2,imbalance_price,Short,2026-08-11T19:14:45Z
2026-08-11T19:03:52Z,2026-08-11T21:03:52+0200,d65ae107-0026-470c-8885-f57b4d7803f4,2026-08-05T12:15:00Z,2026-08-05T14:15:00+0200,-10.0,EUR/MWh,DK2,DK_2,imbalance_price,Long,2026-08-11T19:14:45Z
2026-08-11T19:03:52Z,2026-08-11T21:03:52+0200,d65ae107-0026-470c-8885-f57b4d7803f4,2026-08-05T12:15:00Z,2026-08-05T14:15:00+0200,-10.0,EUR/MWh,DK2,DK_2,imbalance_price,Short,2026-08-11T19:14:45Z
2026-08-11T19:03:52Z,2026-08-11T21:03:52+0200,d65ae107-0026-470c-8885-f57b4d7803f4,2026-08-05T12:30:00Z,2026-08-05T14:30:00+0200,-6.69,EUR/MWh,DK2,DK_2,imbalance_price,Long,2026-08-11T19:14:45Z
2026-08-11T19:03:52Z,2026-08-11T21:03:52+0200,d65ae107-0026-470c-8885-f57b4d7803f4,2026-08-05T12:30:00Z,2026-08-05T14:30:00+0200,-6.69,EUR/MWh,DK2,DK_2,imbalance_price,Short,2026-08-11T19:14:45Z
2026-08-11T19:03:52Z,2026-08-11T21:03:52+0200,d65ae107-0026-470c-8885-f57b4d7803f4,2026-08-05T12:45:00Z,2026-08-05T14:45:00+0200,-9.32,EUR/MWh,DK2,DK_2,imbalance_price,Long,2026-08-11T19:14:45Z
2026-08-11T19:03:52Z,2026-08-11T21:03:52+0200,d65ae107-0026-470c-8885-f57b4d7803f4,2026-08-05T12:45:00Z,2026-08-05T14:45:00+0200,-9.32,EUR/MWh,DK2,DK_2,imbalance_price,Short,2026-08-11T19:14:45Z
2026-08-11T19:03:52Z,2026-08-11T21:03:52+0200,d65ae107-0026-470c-8885-f57b4d7803f4,2026-08-05T13:00:00Z,2026-08-05T15:00:00+0200,-23.1,EUR/MWh,DK2,DK_2,imbalance_price,Long,2026-08-11T19:14:45Z
2026-08-11T19:03:52Z,2026-08-11T21:03:52+0200,d65ae107-0026-470c-8885-f57b4d7803f4,2026-08-05T13:00:00Z,2026-08-05T15:00:00+0200,-23.1,EUR/MWh,DK2,DK_2,imbalance_price,Short,2026-08-11T19:14:45Z
2026-08-11T19:03:52Z,2026-08-11T21:03:52+0200,d65ae107-0026-470c-8885-f57b4d7803f4,2026-08-05T13:15:00Z,2026-08-05T15:15:00+0200,-8.03,EUR/MWh,DK2,DK_2,imbalance_price,Long,2026-08-11T19:14:45Z
2026-08-11T19:03:52Z,2026-08-11T21:03:52+0200,d65ae107-0026-470c-8885-f57b4d7803f4,2026-08-05T13:15:00Z,2026-08-05T15:15:00+0200,-8.03,EUR/MWh,DK2,DK_2,imbalance_price,Short,2026-08-11T19:14:45Z
2026-08-11T19:03:52Z,2026-08-11T21:03:52+0200,d65ae107-0026-470c-8885-f57b4d7803f4,2026-08-05T13:30:00Z,2026-08-05T15:30:00+0200,18.55,EUR/MWh,DK2,DK_2,imbalance_price,Long,2026-08-11T19:14:45Z
2026-08-11T19:03:52Z,2026-08-11T21:03:52+0200,d65ae107-0026-470c-8885-f57b4d7803f4,2026-08-05T13:30:00Z,2026-08-05T15:30:00+0200,18.55,EUR/MWh,DK2,DK_2,imbalance_price,Short,2026-08-11T19:14:45Z
2026-08-11T19:03:52Z,2026-08-11T21:03:52+0200,d65ae107-0026-470c-8885-f57b4d7803f4,2026-08-05T13:45:00Z,2026-08-05T15:45:00+0200,35.82,EUR/MWh,DK2,DK_2,imbalance_price,Long,2026-08-11T19:14:45Z
2026-08-11T19:03:52Z,2026-08-11T21:03:52+0200,d65ae107-0026-470c-8885-f57b4d7803f4,2026-08-05T13:45:00Z,2026-08-05T15:45:00+0200,35.82,EUR/MWh,DK2,DK_2,imbalance_price,Short,2026-08-11T19:14:45Z
2026-08-11T19:03:52Z,2026-08-11T21:03:52+0200,d65ae107-0026-470c-8885-f57b4d7803f4,2026-08-05T14:00:00Z,2026-08-05T16:00:00+0200,4.95,EUR/MWh,DK2,DK_2,imbalance_price,Long,2026-08-11T19:14:45Z
2026-08-11T19:03:52Z,2026-08-11T21:03:52+0200,d65ae107-0026-470c-8885-f57b4d7803f4,2026-08-05T14:00:00Z,2026-08-05T16:00:00+0200,4.95,EUR/MWh,DK2,DK_2,imbalance_price,Short,2026-08-11T19:14:45Z
2026-08-11T19:03:52Z,2026-08-11T21:03:52+0200,d65ae107-0026-470c-8885-f57b4d7803f4,2026-08-05T14:15:00Z,2026-08-05T16:15:00+0200,-6.69,EUR/MWh,DK2,DK_2,imbalance_price,Long,2026-08-11T19:14:45Z
2026-08-11T19:03:52Z,2026-08-11T21:03:52+0200,d65ae107-0026-470c-8885-f57b4d7803f4,2026-08-05T14:15:00Z,2026-08-05T16:15:00+0200,-6.69,EUR/MWh,DK2,DK_2,imbalance_price,Short,2026-08-11T19:14:45Z
2026-08-11T19:03:52Z,2026-08-11T21:03:52+0200,d65ae107-0026-470c-8885-f57b4d7803f4,2026-08-05T14:30:00Z,2026-08-05T16:30:00+0200,20.12,EUR/MWh,DK2,DK_2,imbalance_price,Long,2026-08-11T19:14:45Z
2026-08-11T19:03:52Z,2026-08-11T21:03:52+0200,d65ae107-0026-470c-8885-f57b4d7803f4,2026-08-05T14:30:00Z,2026-08-05T16:30:00+0200,20.12,EUR/MWh,DK2,DK_2,imbalance_price,Short,2026-08-11T19:14:45Z
2026-08-11T19:03:52Z,2026-08-11T21:03:52+0200,d65ae107-0026-470c-8885-f57b4d7803f4,2026-08-05T14:45:00Z,2026-08-05T16:45:00+0200,102.01,EUR/MWh,DK2,DK_2,imbalance_price,Long,2026-08-11T19:14:45Z
2026-08-11T19:03:52Z,2026-08-11T21:03:52+0200,d65ae107-0026-470c-8885-f57b4d7803f4,2026-08-05T14:45:00Z,2026-08-05T16:45:00+0200,102.01,EUR/MWh,DK2,DK_2,imbalance_price,Short,2026-08-11T19:14:45Z
2026-08-11T19:03:52Z,2026-08-11T21:03:52+0200,d65ae107-0026-470c-8885-f57b4d7803f4,2026-08-05T15:00:00Z,2026-08-05T17:00:00+0200,101.1,EUR/MWh,DK2,DK_2,imbalance_price,Long,2026-08-11T19:14:45Z
2026-08-11T19:03:52Z,2026-08-11T21:03:52+0200,d65ae107-0026-470c-8885-f57b4d7803f4,2026-08-05T15:00:00Z,2026-08-05T17:00:00+0200,101.1,EUR/MWh,DK2,DK_2,imbalance_price,Short,2026-08-11T19:14:45Z
2026-08-11T19:03:52Z,2026-08-11T21:03:52+0200,d65ae107-0026-470c-8885-f57b4d7803f4,2026-08-05T15:15:00Z,2026-08-05T17:15:00+0200,59.73,EUR/MWh,DK2,DK_2,imbalance_price,Long,2026-08-11T19:14:45Z
2026-08-11T19:03:52Z,2026-08-11T21:03:52+0200,d65ae107-0026-470c-8885-f57b4d7803f4,2026-08-05T15:15:00Z,2026-08-05T17:15:00+0200,59.73,EUR/MWh,DK2,DK_2,imbalance_price,Short,2026-08-11T19:14:45Z
2026-08-11T19:03:52Z,2026-08-11T21:03:52+0200,d65ae107-0026-470c-8885-f57b4d7803f4,2026-08-05T15:30:00Z,2026-08-05T17:30:00+0200,15.58,EUR/MWh,DK2,DK_2,imbalance_price,Long,2026-08-11T19:14:45Z
2026-08-11T19:03:52Z,2026-08-11T21:03:52+0200,d65ae107-0026-470c-8885-f57b4d7803f4,2026-08-05T15:30:00Z,2026-08-05T17:30:00+0200,15.58,EUR/MWh,DK2,DK_2,imbalance_price,Short,2026-08-11T19:14:45Z
2026-08-11T19:03:52Z,2026-08-11T21:03:52+0200,d65ae107-0026-470c-8885-f57b4d7803f4,2026-08-05T15:45:00Z,2026-08-05T17:45:00+0200,100.31,EUR/MWh,DK2,DK_2,imbalance_price,Long,2026-08-11T19:14:45Z
2026-08-11T19:03:52Z,2026-08-11T21:03:52+0200,d65ae107-0026-470c-8885-f57b4d7803f4,2026-08-05T15:45:00Z,2026-08-05T17:45:00+0200,100.31,EUR/MWh,DK2,DK_2,imbalance_price,Short,2026-08-11T19:14:45Z
2026-08-11T19:03:52Z,2026-08-11T21:03:52+0200,d65ae107-0026-470c-8885-f57b4d7803f4,2026-08-05T16:00:00Z,2026-08-05T18:00:00+0200,9.64,EUR/MWh,DK2,DK_2,imbalance_price,Long,2026-08-11T19:14:45Z
2026-08-11T19:03:52Z,2026-08-11T21:03:52+0200,d65ae107-0026-470c-8885-f57b4d7803f4,2026-08-05T16:00:00Z,2026-08-05T18:00:00+0200,9.64,EUR/MWh,DK2,DK_2,imbalance_price,Short,2026-08-11T19:14:45Z
2026-08-11T19:03:52Z,2026-08-11T21:03:52+0200,d65ae107-0026-470c-8885-f57b4d7803f4,2026-08-05T16:15:00Z,2026-08-05T18:15:00+0200,13.56,EUR/MWh,DK2,DK_2,imbalance_price,Long,2026-08-11T19:14:45Z
2026-08-11T19:03:52Z,2026-08-11T21:03:52+0200,d65ae107-0026-470c-8885-f57b4d7803f4,2026-08-05T16:15:00Z,2026-08-05T18:15:00+0200,13.56,EUR/MWh,DK2,DK_2,imbalance_price,Short,2026-08-11T19:14:45Z
2026-08-11T19:03:52Z,2026-08-11T21:03:52+0200,d65ae107-0026-470c-8885-f57b4d7803f4,2026-08-05T16:30:00Z,2026-08-05T18:30:00+0200,18.6,EUR/MWh,DK2,DK_2,imbalance_price,Long,2026-08-11T19:14:45Z
2026-08-11T19:03:52Z,2026-08-11T21:03:52+0200,d65ae107-0026-470c-8885-f57b4d7803f4,2026-08-05T16:30:00Z,2026-08-05T18:30:00+0200,18.6,EUR/MWh,DK2,DK_2,imbalance_price,Short,2026-08-11T19:14:45Z
2026-08-11T19:03:52Z,2026-08-11T21:03:52+0200,d65ae107-0026-470c-8885-f57b4d7803f4,2026-08-05T16:45:00Z,2026-08-05T18:45:00+0200,-7.94,EUR/MWh,DK2,DK_2,imbalance_price,Long,2026-08-11T19:14:45Z
2026-08-11T19:03:52Z,2026-08-11T21:03:52+0200,d65ae107-0026-470c-8885-f57b4d7803f4,2026-08-05T16:45:00Z,2026-08-05T18:45:00+0200,-7.94,EUR/MWh,DK2,DK_2,imbalance_price,Short,2026-08-11T19:14:45Z
2026-08-11T19:03:52Z,2026-08-11T21:03:52+0200,d65ae107-0026-470c-8885-f57b4d7803f4,2026-08-05T17:00:00Z,2026-08-05T19:00:00+0200,-5.42,EUR/MWh,DK2,DK_2,imbalance_price,Long,2026-08-11T19:14:45Z
2026-08-11T19:03:52Z,2026-08-11T21:03:52+0200,d65ae107-0026-470c-8885-f57b4d7803f4,2026-08-05T17:00:00Z,2026-08-05T19:00:00+0200,-5.42,EUR/MWh,DK2,DK_2,imbalance_price,Short,2026-08-11T19:14:45Z
2026-08-11T19:03:52Z,2026-08-11T21:03:52+0200,d65ae107-0026-470c-8885-f57b4d7803f4,2026-08-05T17:15:00Z,2026-08-05T19:15:00+0200,-22.78,EUR/MWh,DK2,DK_2,imbalance_price,Long,2026-08-11T19:14:45Z
2026-08-11T19:03:52Z,2026-08-11T21:03:52+0200,d65ae107-0026-470c-8885-f57b4d7803f4,2026-08-05T17:15:00Z,2026-08-05T19:15:00+0200,-22.78,EUR/MWh,DK2,DK_2,imbalance_price,Short,2026-08-11T19:14:45Z
2026-08-11T19:03:52Z,2026-08-11T21:03:52+0200,d65ae107-0026-470c-8885-f57b4d7803f4,2026-08-05T17:30:00Z,2026-08-05T19:30:00+0200,-19.1,EUR/MWh,DK2,DK_2,imbalance_price,Long,2026-08-11T19:14:45Z
2026-08-11T19:03:52Z,2026-08-11T21:03:52+0200,d65ae107-0026-470c-8885-f57b4d7803f4,2026-08-05T17:30:00Z,2026-08-05T19:30:00+0200,-19.1,EUR/MWh,DK2,DK_2,imbalance_price,Short,2026-08-11T19:14:45Z
2026-08-11T19:03:52Z,2026-08-11T21:03:52+0200,d65ae107-0026-470c-8885-f57b4d7803f4,2026-08-05T17:45:00Z,2026-08-05T19:45:00+0200,24.43,EUR/MWh,DK2,DK_2,imbalance_price,Long,2026-08-11T19:14:45Z
2026-08-11T19:03:52Z,2026-08-11T21:03:52+0200,d65ae107-0026-470c-8885-f57b4d7803f4,2026-08-05T17:45:00Z,2026-08-05T19:45:00+0200,24.43,EUR/MWh,DK2,DK_2,imbalance_price,Short,2026-08-11T19:14:45Z
2026-08-11T19:03:52Z,2026-08-11T21:03:52+0200,d65ae107-0026-470c-8885-f57b4d7803f4,2026-08-05T18:00:00Z,2026-08-05T20:00:00+0200,8.0,EUR/MWh,DK2,DK_2,imbalance_price,Long,2026-08-11T19:14:45Z
2026-08-11T19:03:52Z,2026-08-11T21:03:52+0200,d65ae107-0026-470c-8885-f57b4d7803f4,2026-08-05T18:00:00Z,2026-08-05T20:00:00+0200,8.0,EUR/MWh,DK2,DK_2,imbalance_price,Short,2026-08-11T19:14:45Z
2026-08-11T19:03:52Z,2026-08-11T21:03:52+0200,d65ae107-0026-470c-8885-f57b4d7803f4,2026-08-05T18:15:00Z,2026-08-05T20:15:00+0200,10.0,EUR/MWh,DK2,DK_2,imbalance_price,Long,2026-08-11T19:14:45Z
2026-08-11T19:03:52Z,2026-08-11T21:03:52+0200,d65ae107-0026-470c-8885-f57b4d7803f4,2026-08-05T18:15:00Z,2026-08-05T20:15:00+0200,10.0,EUR/MWh,DK2,DK_2,imbalance_price,Short,2026-08-11T19:14:45Z
2026-08-11T19:03:52Z,2026-08-11T21:03:52+0200,d65ae107-0026-470c-8885-f57b4d7803f4,2026-08-05T18:30:00Z,2026-08-05T20:30:00+0200,16.0,EUR/MWh,DK2,DK_2,imbalance_price,Long,2026-08-11T19:14:45Z
2026-08-11T19:03:52Z,2026-08-11T21:03:52+0200,d65ae107-0026-470c-8885-f57b4d7803f4,2026-08-05T18:30:00Z,2026-08-05T20:30:00+0200,16.0,EUR/MWh,DK2,DK_2,imbalance_price,Short,2026-08-11T19:14:45Z
2026-08-11T19:03:52Z,2026-08-11T21:03:52+0200,d65ae107-0026-470c-8885-f57b4d7803f4,2026-08-05T18:45:00Z,2026-08-05T20:45:00+0200,109.46,EUR/MWh,DK2,DK_2,imbalance_price,Long,2026-08-11T19:14:45Z
2026-08-11T19:03:52Z,2026-08-11T21:03:52+0200,d65ae107-0026-470c-8885-f57b4d7803f4,2026-08-05T18:45:00Z,2026-08-05T20:45:00+0200,109.46,EUR/MWh,DK2,DK_2,imbalance_price,Short,2026-08-11T19:14:45Z
2026-08-11T19:03:52Z,2026-08-11T21:03:52+0200,d65ae107-0026-470c-8885-f57b4d7803f4,2026-08-05T19:00:00Z,2026-08-05T21:00:00+0200,128.39,EUR/MWh,DK2,DK_2,imbalance_price,Long,2026-08-11T19:14:45Z
2026-08-11T19:03:52Z,2026-08-11T21:03:52+0200,d65ae107-0026-470c-8885-f57b4d7803f4,2026-08-05T19:00:00Z,2026-08-05T21:00:00+0200,128.39,EUR/MWh,DK2,DK_2,imbalance_price,Short,2026-08-11T19:14:45Z
2026-08-11T19:03:52Z,2026-08-11T21:03:52+0200,d65ae107-0026-470c-8885-f57b4d7803f4,2026-08-05T19:15:00Z,2026-08-05T21:15:00+0200,130.26,EUR/MWh,DK2,DK_2,imbalance_price,Long,2026-08-11T19:14:45Z
2026-08-11T19:03:52Z,2026-08-11T21:03:52+0200,d65ae107-0026-470c-8885-f57b4d7803f4,2026-08-05T19:15:00Z,2026-08-05T21:15:00+0200,130.26,EUR/MWh,DK2,DK_2,imbalance_price,Short,2026-08-11T19:14:45Z
2026-08-11T19:03:52Z,2026-08-11T21:03:52+0200,d65ae107-0026-470c-8885-f57b4d7803f4,2026-08-05T19:30:00Z,2026-08-05T21:30:00+0200,182.87,EUR/MWh,DK2,DK_2,imbalance_price,Long,2026-08-11T19:14:45Z
2026-08-11T19:03:52Z,2026-08-11T21:03:52+0200,d65ae107-0026-470c-8885-f57b4d7803f4,2026-08-05T19:30:00Z,2026-08-05T21:30:00+0200,182.87,EUR/MWh,DK2,DK_2,imbalance_price,Short,2026-08-11T19:14:45Z
2026-08-11T19:03:52Z,2026-08-11T21:03:52+0200,d65ae107-0026-470c-8885-f57b4d7803f4,2026-08-05T19:45:00Z,2026-08-05T21:45:00+0200,134.5,EUR/MWh,DK2,DK_2,imbalance_price,Long,2026-08-11T19:14:45Z
2026-08-11T19:03:52Z,2026-08-11T21:03:52+0200,d65ae107-0026-470c-8885-f57b4d7803f4,2026-08-05T19:45:00Z,2026-08-05T21:45:00+0200,134.5,EUR/MWh,DK2,DK_2,imbalance_price,Short,2026-08-11T19:14:45Z
2026-08-11T19:03:52Z,2026-08-11T21:03:52+0200,d65ae107-0026-470c-8885-f57b4d7803f4,2026-08-05T20:00:00Z,2026-08-05T22:00:00+0200,162.92,EUR/MWh,DK2,DK_2,imbalance_price,Long,2026-08-11T19:14:45Z
2026-08-11T19:03:52Z,2026-08-11T21:03:52+0200,d65ae107-0026-470c-8885-f57b4d7803f4,2026-08-05T20:00:00Z,2026-08-05T22:00:00+0200,162.92,EUR/MWh,DK2,DK_2,imbalance_price,Short,2026-08-11T19:14:45Z
2026-08-11T19:03:52Z,2026-08-11T21:03:52+0200,d65ae107-0026-470c-8885-f57b4d7803f4,2026-08-05T20:15:00Z,2026-08-05T22:15:00+0200,160.05,EUR/MWh,DK2,DK_2,imbalance_price,Long,2026-08-11T19:14:45Z
2026-08-11T19:03:52Z,2026-08-11T21:03:52+0200,d65ae107-0026-470c-8885-f57b4d7803f4,2026-08-05T20:15:00Z,2026-08-05T22:15:00+0200,160.05,EUR/MWh,DK2,DK_2,imbalance_price,Short,2026-08-11T19:14:45Z
2026-08-11T19:03:52Z,2026-08-11T21:03:52+0200,d65ae107-0026-470c-8885-f57b4d7803f4,2026-08-05T20:30:00Z,2026-08-05T22:30:00+0200,174.03,EUR/MWh,DK2,DK_2,imbalance_price,Long,2026-08-11T19:14:45Z
2026-08-11T19:03:52Z,2026-08-11T21:03:52+0200,d65ae107-0026-470c-8885-f57b4d7803f4,2026-08-05T20:30:00Z,2026-08-05T22:30:00+0200,174.03,EUR/MWh,DK2,DK_2,imbalance_price,Short,2026-08-11T19:14:45Z
2026-08-11T19:03:52Z,2026-08-11T21:03:52+0200,d65ae107-0026-470c-8885-f57b4d7803f4,2026-08-05T20:45:00Z,2026-08-05T22:45:00+0200,170.48,EUR/MWh,DK2,DK_2,imbalance_price,Long,2026-08-11T19:14:45Z
2026-08-11T19:03:52Z,2026-08-11T21:03:52+0200,d65ae107-0026-470c-8885-f57b4d7803f4,2026-08-05T20:45:00Z,2026-08-05T22:45:00+0200,170.48,EUR/MWh,DK2,DK_2,imbalance_price,Short,2026-08-11T19:14:45Z
2026-08-11T19:03:52Z,2026-08-11T21:03:52+0200,d65ae107-0026-470c-8885-f57b4d7803f4,2026-08-05T21:00:00Z,2026-08-05T23:00:00+0200,132.6,EUR/MWh,DK2,DK_2,imbalance_price,Long,2026-08-11T19:14:45Z
2026-08-11T19:03:52Z,2026-08-11T21:03:52+0200,d65ae107-0026-470c-8885-f57b4d7803f4,2026-08-05T21:00:00Z,2026-08-05T23:00:00+0200,132.6,EUR/MWh,DK2,DK_2,imbalance_price,Short,2026-08-11T19:14:45Z
2026-08-11T19:03:52Z,2026-08-11T21:03:52+0200,d65ae107-0026-470c-8885-f57b4d7803f4,2026-08-05T21:15:00Z,2026-08-05T23:15:00+0200,156.75,EUR/MWh,DK2,DK_2,imbalance_price,Long,2026-08-11T19:14:45Z
2026-08-11T19:03:52Z,2026-08-11T21:03:52+0200,d65ae107-0026-470c-8885-f57b4d7803f4,2026-08-05T21:15:00Z,2026-08-05T23:15:00+0200,156.75,EUR/MWh,DK2,DK_2,imbalance_price,Short,2026-08-11T19:14:45Z
2026-08-11T19:03:52Z,2026-08-11T21:03:52+0200,d65ae107-0026-470c-8885-f57b4d7803f4,2026-08-05T21:30:00Z,2026-08-05T23:30:00+0200,129.7,EUR/MWh,DK2,DK_2,imbalance_price,Long,2026-08-11T19:14:45Z
2026-08-11T19:03:52Z,2026-08-11T21:03:52+0200,d65ae107-0026-470c-8885-f57b4d7803f4,2026-08-05T21:30:00Z,2026-08-05T23:30:00+0200,129.7,EUR/MWh,DK2,DK_2,imbalance_price,Short,2026-08-11T19:14:45Z
2026-08-11T19:03:52Z,2026-08-11T21:03:52+0200,d65ae107-0026-470c-8885-f57b4d7803f4,2026-08-05T21:45:00Z,2026-08-05T23:45:00+0200,70.43,EUR/MWh,DK2,DK_2,imbalance_price,Long,2026-08-11T19:14:45Z
2026-08-11T19:03:52Z,2026-08-11T21:03:52+0200,d65ae107-0026-470c-8885-f57b4d7803f4,2026-08-05T21:45:00Z,2026-08-05T23:45:00+0200,70.43,EUR/MWh,DK2,DK_2,imbalance_price,Short,2026-08-11T19:14:45Z
2026-08-11T19:03:52Z,2026-08-11T21:03:52+0200,d65ae107-0026-470c-8885-f57b4d7803f4,2026-08-05T22:00:00Z,2026-08-06T00:00:00+0200,149.2,EUR/MWh,DK2,DK_2,imbalance_price,Long,2026-08-11T19:14:45Z
2026-08-11T19:03:52Z,2026-08-11T21:03:52+0200,d65ae107-0026-470c-8885-f57b4d7803f4,2026-08-05T22:00:00Z,2026-08-06T00:00:00+0200,149.2,EUR/MWh,DK2,DK_2,imbalance_price,Short,2026-08-11T19:14:45Z
2026-08-11T19:03:52Z,2026-08-11T21:03:52+0200,d65ae107-0026-470c-8885-f57b4d7803f4,2026-08-05T22:15:00Z,2026-08-06T00:15:00+0200,124.5,EUR/MWh,DK2,DK_2,imbalance_price,Long,2026-08-11T19:14:45Z
2026-08-11T19:03:52Z,2026-08-11T21:03:52+0200,d65ae107-0026-470c-8885-f57b4d7803f4,2026-08-05T22:15:00Z,2026-08-06T00:15:00+0200,124.5,EUR/MWh,DK2,DK_2,imbalance_price,Short,2026-08-11T19:14:45Z
2026-08-11T19:03:52Z,2026-08-11T21:03:52+0200,d65ae107-0026-470c-8885-f57b4d7803f4,2026-08-05T22:30:00Z,2026-08-06T00:30:00+0200,160.46,EUR/MWh,DK2,DK_2,imbalance_price,Long,2026-08-11T19:14:45Z
2026-08-11T19:03:52Z,2026-08-11T21:03:52+0200,d65ae107-0026-470c-8885-f57b4d7803f4,2026-08-05T22:30:00Z,2026-08-06T00:30:00+0200,160.46,EUR/MWh,DK2,DK_2,imbalance_price,Short,2026-08-11T19:14:45Z
2026-08-11T19:03:52Z,2026-08-11T21:03:52+0200,d65ae107-0026-470c-8885-f57b4d7803f4,2026-08-05T22:45:00Z,2026-08-06T00:45:00+0200,234.15,EUR/MWh,DK2,DK_2,imbalance_price,Long,2026-08-11T19:14:45Z
2026-08-11T19:03:52Z,2026-08-11T21:03:52+0200,d65ae107-0026-470c-8885-f57b4d7803f4,2026-08-05T22:45:00Z,2026-08-06T00:45:00+0200,234.15,EUR/MWh,DK2,DK_2,imbalance_price,Short,2026-08-11T19:14:45Z
2026-08-11T19:03:52Z,2026-08-11T21:03:52+0200,d65ae107-0026-470c-8885-f57b4d7803f4,2026-08-05T23:00:00Z,2026-08-06T01:00:00+0200,163.04,EUR/MWh,DK2,DK_2,imbalance_price,Long,2026-08-11T19:14:45Z
2026-08-11T19:03:52Z,2026-08-11T21:03:52+0200,d65ae107-0026-470c-8885-f57b4d7803f4,2026-08-05T23:00:00Z,2026-08-06T01:00:00+0200,163.04,EUR/MWh,DK2,DK_2,imbalance_price,Short,2026-08-11T19:14:45Z
2026-08-11T19:03:52Z,2026-08-11T21:03:52+0200,d65ae107-0026-470c-8885-f57b4d7803f4,2026-08-05T23:15:00Z,2026-08-06T01:15:00+0200,165.31,EUR/MWh,DK2,DK_2,imbalance_price,Long,2026-08-11T19:14:45Z
2026-08-11T19:03:52Z,2026-08-11T21:03:52+0200,d65ae107-0026-470c-8885-f57b4d7803f4,2026-08-05T23:15:00Z,2026-08-06T01:15:00+0200,165.31,EUR/MWh,DK2,DK_2,imbalance_price,Short,2026-08-11T19:14:45Z
2026-08-11T19:03:52Z,2026-08-11T21:03:52+0200,d65ae107-0026-470c-8885-f57b4d7803f4,2026-08-05T23:30:00Z,2026-08-06T01:30:00+0200,136.69,EUR/MWh,DK2,DK_2,imbalance_price,Long,2026-08-11T19:14:45Z
2026-08-11T19:03:52Z,2026-08-11T21:03:52+0200,d65ae107-0026-470c-8885-f57b4d7803f4,2026-08-05T23:30:00Z,2026-08-06T01:30:00+0200,136.69,EUR/MWh,DK2,DK_2,imbalance_price,Short,2026-08-11T19:14:45Z
2026-08-11T19:03:52Z,2026-08-11T21:03:52+0200,d65ae107-0026-470c-8885-f57b4d7803f4,2026-08-05T23:45:00Z,2026-08-06T01:45:00+0200,84.55,EUR/MWh,DK2,DK_2,imbalance_price,Long,2026-08-11T19:14:45Z
2026-08-11T19:03:52Z,2026-08-11T21:03:52+0200,d65ae107-0026-470c-8885-f57b4d7803f4,2026-08-05T23:45:00Z,2026-08-06T01:45:00+0200,84.55,EUR/MWh,DK2,DK_2,imbalance_price,Short,2026-08-11T19:14:45Z
2026-08-11T19:03:52Z,2026-08-11T21:03:52+0200,d65ae107-0026-470c-8885-f57b4d7803f4,2026-08-06T00:00:00Z,2026-08-06T02:00:00+0200,91.05,EUR/MWh,DK2,DK_2,imbalance_price,Long,2026-08-11T19:14:45Z
2026-08-11T19:03:52Z,2026-08-11T21:03:52+0200,d65ae107-0026-470c-8885-f57b4d7803f4,2026-08-06T00:00:00Z,2026-08-06T02:00:00+0200,91.05,EUR/MWh,DK2,DK_2,imbalance_price,Short,2026-08-11T19:14:45Z
2026-08-11T19:03:52Z,2026-08-11T21:03:52+0200,d65ae107-0026-470c-8885-f57b4d7803f4,2026-08-06T00:15:00Z,2026-08-06T02:15:00+0200,114.19,EUR/MWh,DK2,DK_2,imbalance_price,Long,2026-08-11T19:14:45Z
2026-08-11T19:03:52Z,2026-08-11T21:03:52+0200,d65ae107-0026-470c-8885-f57b4d7803f4,2026-08-06T00:15:00Z,2026-08-06T02:15:00+0200,114.19,EUR/MWh,DK2,DK_2,imbalance_price,Short,2026-08-11T19:14:45Z
2026-08-11T19:03:52Z,2026-08-11T21:03:52+0200,d65ae107-0026-470c-8885-f57b4d7803f4,2026-08-06T00:30:00Z,2026-08-06T02:30:00+0200,130.3,EUR/MWh,DK2,DK_2,imbalance_price,Long,2026-08-11T19:14:45Z
2026-08-11T19:03:52Z,2026-08-11T21:03:52+0200,d65ae107-0026-470c-8885-f57b4d7803f4,2026-08-06T00:30:00Z,2026-08-06T02:30:00+0200,130.3,EUR/MWh,DK2,DK_2,imbalance_price,Short,2026-08-11T19:14:45Z
2026-08-11T19:03:52Z,2026-08-11T21:03:52+0200,d65ae107-0026-470c-8885-f57b4d7803f4,2026-08-06T00:45:00Z,2026-08-06T02:45:00+0200,122.2,EUR/MWh,DK2,DK_2,imbalance_price,Long,2026-08-11T19:14:45Z
2026-08-11T19:03:52Z,2026-08-11T21:03:52+0200,d65ae107-0026-470c-8885-f57b4d7803f4,2026-08-06T00:45:00Z,2026-08-06T02:45:00+0200,122.2,EUR/MWh,DK2,DK_2,imbalance_price,Short,2026-08-11T19:14:45Z
2026-08-11T19:03:52Z,2026-08-11T21:03:52+0200,d65ae107-0026-470c-8885-f57b4d7803f4,2026-08-06T01:00:00Z,2026-08-06T03:00:00+0200,334.46,EUR/MWh,DK2,DK_2,imbalance_price,Long,2026-08-11T19:14:45Z
2026-08-11T19:03:52Z,2026-08-11T21:03:52+0200,d65ae107-0026-470c-8885-f57b4d7803f4,2026-08-06T01:00:00Z,2026-08-06T03:00:00+0200,334.46,EUR/MWh,DK2,DK_2,imbalance_price,Short,2026-08-11T19:14:45Z
2026-08-11T19:03:52Z,2026-08-11T21:03:52+0200,d65ae107-0026-470c-8885-f57b4d7803f4,2026-08-06T01:15:00Z,2026-08-06T03:15:00+0200,136.03,EUR/MWh,DK2,DK_2,imbalance_price,Long,2026-08-11T19:14:45Z
2026-08-11T19:03:52Z,2026-08-11T21:03:52+0200,d65ae107-0026-470c-8885-f57b4d7803f4,2026-08-06T01:15:00Z,2026-08-06T03:15:00+0200,136.03,EUR/MWh,DK2,DK_2,imbalance_price,Short,2026-08-11T19:14:45Z
2026-08-11T19:03:52Z,2026-08-11T21:03:52+0200,d65ae107-0026-470c-8885-f57b4d7803f4,2026-08-06T01:30:00Z,2026-08-06T03:30:00+0200,134.54,EUR/MWh,DK2,DK_2,imbalance_price,Long,2026-08-11T19:14:45Z
2026-08-11T19:03:52Z,2026-08-11T21:03:52+0200,d65ae107-0026-470c-8885-f57b4d7803f4,2026-08-06T01:30:00Z,2026-08-06T03:30:00+0200,134.54,EUR/MWh,DK2,DK_2,imbalance_price,Short,2026-08-11T19:14:45Z
2026-08-11T19:03:52Z,2026-08-11T21:03:52+0200,d65ae107-0026-470c-8885-f57b4d7803f4,2026-08-06T01:45:00Z,2026-08-06T03:45:00+0200,42.11,EUR/MWh,DK2,DK_2,imbalance_price,Long,2026-08-11T19:14:45Z
2026-08-11T19:03:52Z,2026-08-11T21:03:52+0200,d65ae107-0026-470c-8885-f57b4d7803f4,2026-08-06T01:45:00Z,2026-08-06T03:45:00+0200,42.11,EUR/MWh,DK2,DK_2,imbalance_price,Short,2026-08-11T19:14:45Z
2026-08-11T19:03:52Z,2026-08-11T21:03:52+0200,d65ae107-0026-470c-8885-f57b4d7803f4,2026-08-06T02:00:00Z,2026-08-06T04:00:00+0200,106.97,EUR/MWh,DK2,DK_2,imbalance_price,Long,2026-08-11T19:14:45Z
2026-08-11T19:03:52Z,2026-08-11T21:03:52+0200,d65ae107-0026-470c-8885-f57b4d7803f4,2026-08-06T02:00:00Z,2026-08-06T04:00:00+0200,106.97,EUR/MWh,DK2,DK_2,imbalance_price,Short,2026-08-11T19:14:45Z
2026-08-11T19:03:52Z,2026-08-11T21:03:52+0200,d65ae107-0026-470c-8885-f57b4d7803f4,2026-08-06T02:15:00Z,2026-08-06T04:15:00+0200,111.4,EUR/MWh,DK2,DK_2,imbalance_price,Long,2026-08-11T19:14:45Z
2026-08-11T19:03:52Z,2026-08-11T21:03:52+0200,d65ae107-0026-470c-8885-f57b4d7803f4,2026-08-06T02:15:00Z,2026-08-06T04:15:00+0200,111.4,EUR/MWh,DK2,DK_2,imbalance_price,Short,2026-08-11T19:14:45Z
2026-08-11T19:03:52Z,2026-08-11T21:03:52+0200,d65ae107-0026-470c-8885-f57b4d7803f4,2026-08-06T02:30:00Z,2026-08-06T04:30:00+0200,130.29,EUR/MWh,DK2,DK_2,imbalance_price,Long,2026-08-11T19:14:45Z
2026-08-11T19:03:52Z,2026-08-11T21:03:52+0200,d65ae107-0026-470c-8885-f57b4d7803f4,2026-08-06T02:30:00Z,2026-08-06T04:30:00+0200,130.29,EUR/MWh,DK2,DK_2,imbalance_price,Short,2026-08-11T19:14:45Z
2026-08-11T19:03:52Z,2026-08-11T21:03:52+0200,d65ae107-0026-470c-8885-f57b4d7803f4,2026-08-06T02:45:00Z,2026-08-06T04:45:00+0200,199.17,EUR/MWh,DK2,DK_2,imbalance_price,Long,2026-08-11T19:14:45Z
2026-08-11T19:03:52Z,2026-08-11T21:03:52+0200,d65ae107-0026-470c-8885-f57b4d7803f4,2026-08-06T02:45:00Z,2026-08-06T04:45:00+0200,199.17,EUR/MWh,DK2,DK_2,imbalance_price,Short,2026-08-11T19:14:45Z
2026-08-11T19:03:52Z,2026-08-11T21:03:52+0200,d65ae107-0026-470c-8885-f57b4d7803f4,2026-08-06T03:00:00Z,2026-08-06T05:00:00+0200,223.2,EUR/MWh,DK2,DK_2,imbalance_price,Long,2026-08-11T19:14:45Z
2026-08-11T19:03:52Z,2026-08-11T21:03:52+0200,d65ae107-0026-470c-8885-f57b4d7803f4,2026-08-06T03:00:00Z,2026-08-06T05:00:00+0200,223.2,EUR/MWh,DK2,DK_2,imbalance_price,Short,2026-08-11T19:14:45Z
2026-08-11T19:03:52Z,2026-08-11T21:03:52+0200,d65ae107-0026-470c-8885-f57b4d7803f4,2026-08-06T03:15:00Z,2026-08-06T05:15:00+0200,669.0,EUR/MWh,DK2,DK_2,imbalance_price,Long,2026-08-11T19:14:45Z
2026-08-11T19:03:52Z,2026-08-11T21:03:52+0200,d65ae107-0026-470c-8885-f57b4d7803f4,2026-08-06T03:15:00Z,2026-08-06T05:15:00+0200,669.0,EUR/MWh,DK2,DK_2,imbalance_price,Short,2026-08-11T19:14:45Z
2026-08-11T19:03:52Z,2026-08-11T21:03:52+0200,d65ae107-0026-470c-8885-f57b4d7803f4,2026-08-06T03:30:00Z,2026-08-06T05:30:00+0200,669.0,EUR/MWh,DK2,DK_2,imbalance_price,Long,2026-08-11T19:14:45Z
2026-08-11T19:03:52Z,2026-08-11T21:03:52+0200,d65ae107-0026-470c-8885-f57b4d7803f4,2026-08-06T03:30:00Z,2026-08-06T05:30:00+0200,669.0,EUR/MWh,DK2,DK_2,imbalance_price,Short,2026-08-11T19:14:45Z
2026-08-11T19:03:52Z,2026-08-11T21:03:52+0200,d65ae107-0026-470c-8885-f57b4d7803f4,2026-08-06T03:45:00Z,2026-08-06T05:45:00+0200,669.0,EUR/MWh,DK2,DK_2,imbalance_price,Long,2026-08-11T19:14:45Z
2026-08-11T19:03:52Z,2026-08-11T21:03:52+0200,d65ae107-0026-470c-8885-f57b4d7803f4,2026-08-06T03:45:00Z,2026-08-06T05:45:00+0200,669.0,EUR/MWh,DK2,DK_2,imbalance_price,Short,2026-08-11T19:14:45Z
2026-08-11T19:03:52Z,2026-08-11T21:03:52+0200,d65ae107-0026-470c-8885-f57b4d7803f4,2026-08-06T04:00:00Z,2026-08-06T06:00:00+0200,198.94,EUR/MWh,DK2,DK_2,imbalance_price,Long,2026-08-11T19:14:45Z
2026-08-11T19:03:52Z,2026-08-11T21:03:52+0200,d65ae107-0026-470c-8885-f57b4d7803f4,2026-08-06T04:00:00Z,2026-08-06T06:00:00+0200,198.94,EUR/MWh,DK2,DK_2,imbalance_price,Short,2026-08-11T19:14:45Z
2026-08-11T19:03:52Z,2026-08-11T21:03:52+0200,d65ae107-0026-470c-8885-f57b4d7803f4,2026-08-06T04:15:00Z,2026-08-06T06:15:00+0200,185.9,EUR/MWh,DK2,DK_2,imbalance_price,Long,2026-08-11T19:14:45Z
2026-08-11T19:03:52Z,2026-08-11T21:03:52+0200,d65ae107-0026-470c-8885-f57b4d7803f4,2026-08-06T04:15:00Z,2026-08-06T06:15:00+0200,185.9,EUR/MWh,DK2,DK_2,imbalance_price,Short,2026-08-11T19:14:45Z
2026-08-11T19:03:52Z,2026-08-11T21:03:52+0200,d65ae107-0026-470c-8885-f57b4d7803f4,2026-08-06T04:30:00Z,2026-08-06T06:30:00+0200,131.29,EUR/MWh,DK2,DK_2,imbalance_price,Long,2026-08-11T19:14:45Z
2026-08-11T19:03:52Z,2026-08-11T21:03:52+0200,d65ae107-0026-470c-8885-f57b4d7803f4,2026-08-06T04:30:00Z,2026-08-06T06:30:00+0200,131.29,EUR/MWh,DK2,DK_2,imbalance_price,Short,2026-08-11T19:14:45Z
2026-08-11T19:03:52Z,2026-08-11T21:03:52+0200,d65ae107-0026-470c-8885-f57b4d7803f4,2026-08-06T04:45:00Z,2026-08-06T06:45:00+0200,189.89,EUR/MWh,DK2,DK_2,imbalance_price,Long,2026-08-11T19:14:45Z
2026-08-11T19:03:52Z,2026-08-11T21:03:52+0200,d65ae107-0026-470c-8885-f57b4d7803f4,2026-08-06T04:45:00Z,2026-08-06T06:45:00+0200,189.89,EUR/MWh,DK2,DK_2,imbalance_price,Short,2026-08-11T19:14:45Z
2026-08-11T19:03:52Z,2026-08-11T21:03:52+0200,d65ae107-0026-470c-8885-f57b4d7803f4,2026-08-06T05:00:00Z,2026-08-06T07:00:00+0200,130.28,EUR/MWh,DK2,DK_2,imbalance_price,Long,2026-08-11T19:14:45Z
2026-08-11T19:03:52Z,2026-08-11T21:03:52+0200,d65ae107-0026-470c-8885-f57b4d7803f4,2026-08-06T05:00:00Z,2026-08-06T07:00:00+0200,130.28,EUR/MWh,DK2,DK_2,imbalance_price,Short,2026-08-11T19:14:45Z
2026-08-11T19:03:52Z,2026-08-11T21:03:52+0200,d65ae107-0026-470c-8885-f57b4d7803f4,2026-08-06T05:15:00Z,2026-08-06T07:15:00+0200,130.28,EUR/MWh,DK2,DK_2,imbalance_price,Long,2026-08-11T19:14:45Z
2026-08-11T19:03:52Z,2026-08-11T21:03:52+0200,d65ae107-0026-470c-8885-f57b4d7803f4,2026-08-06T05:15:00Z,2026-08-06T07:15:00+0200,130.28,EUR/MWh,DK2,DK_2,imbalance_price,Short,2026-08-11T19:14:45Z
2026-08-11T19:03:52Z,2026-08-11T21:03:52+0200,d65ae107-0026-470c-8885-f57b4d7803f4,2026-08-06T05:30:00Z,2026-08-06T07:30:00+0200,132.32,EUR/MWh,DK2,DK_2,imbalance_price,Long,2026-08-11T19:14:45Z
2026-08-11T19:03:52Z,2026-08-11T21:03:52+0200,d65ae107-0026-470c-8885-f57b4d7803f4,2026-08-06T05:30:00Z,2026-08-06T07:30:00+0200,132.32,EUR/MWh,DK2,DK_2,imbalance_price,Short,2026-08-11T19:14:45Z
2026-08-11T19:03:52Z,2026-08-11T21:03:52+0200,d65ae107-0026-470c-8885-f57b4d7803f4,2026-08-06T05:45:00Z,2026-08-06T07:45:00+0200,130.28,EUR/MWh,DK2,DK_2,imbalance_price,Long,2026-08-11T19:14:45Z
2026-08-11T19:03:52Z,2026-08-11T21:03:52+0200,d65ae107-0026-470c-8885-f57b4d7803f4,2026-08-06T05:45:00Z,2026-08-06T07:45:00+0200,130.28,EUR/MWh,DK2,DK_2,imbalance_price,Short,2026-08-11T19:14:45Z
2026-08-11T19:03:52Z,2026-08-11T21:03:52+0200,d65ae107-0026-470c-8885-f57b4d7803f4,2026-08-06T06:00:00Z,2026-08-06T08:00:00+0200,12.14,EUR/MWh,DK2,DK_2,imbalance_price,Long,2026-08-11T19:14:45Z
2026-08-11T19:03:52Z,2026-08-11T21:03:52+0200,d65ae107-0026-470c-8885-f57b4d7803f4,2026-08-06T06:00:00Z,2026-08-06T08:00:00+0200,12.14,EUR/MWh,DK2,DK_2,imbalance_price,Short,2026-08-11T19:14:45Z
2026-08-11T19:03:52Z,2026-08-11T21:03:52+0200,d65ae107-0026-470c-8885-f57b4d7803f4,2026-08-06T06:15:00Z,2026-08-06T08:15:00+0200,7.68,EUR/MWh,DK2,DK_2,imbalance_price,Long,2026-08-11T19:14:45Z
2026-08-11T19:03:52Z,2026-08-11T21:03:52+0200,d65ae107-0026-470c-8885-f57b4d7803f4,2026-08-06T06:15:00Z,2026-08-06T08:15:00+0200,7.68,EUR/MWh,DK2,DK_2,imbalance_price,Short,2026-08-11T19:14:45Z
2026-08-11T19:03:52Z,2026-08-11T21:03:52+0200,d65ae107-0026-470c-8885-f57b4d7803f4,2026-08-06T06:30:00Z,2026-08-06T08:30:00+0200,468.3,EUR/MWh,DK2,DK_2,imbalance_price,Long,2026-08-11T19:14:45Z
2026-08-11T19:03:52Z,2026-08-11T21:03:52+0200,d65ae107-0026-470c-8885-f57b4d7803f4,2026-08-06T06:30:00Z,2026-08-06T08:30:00+0200,468.3,EUR/MWh,DK2,DK_2,imbalance_price,Short,2026-08-11T19:14:45Z
2026-08-11T19:03:52Z,2026-08-11T21:03:52+0200,d65ae107-0026-470c-8885-f57b4d7803f4,2026-08-06T06:45:00Z,2026-08-06T08:45:00+0200,735.8,EUR/MWh,DK2,DK_2,imbalance_price,Long,2026-08-11T19:14:45Z
2026-08-11T19:03:52Z,2026-08-11T21:03:52+0200,d65ae107-0026-470c-8885-f57b4d7803f4,2026-08-06T06:45:00Z,2026-08-06T08:45:00+0200,735.8,EUR/MWh,DK2,DK_2,imbalance_price,Short,2026-08-11T19:14:45Z
2026-08-11T19:03:52Z,2026-08-11T21:03:52+0200,d65ae107-0026-470c-8885-f57b4d7803f4,2026-08-06T07:00:00Z,2026-08-06T09:00:00+0200,136.89,EUR/MWh,DK2,DK_2,imbalance_price,Long,2026-08-11T19:14:45Z
2026-08-11T19:03:52Z,2026-08-11T21:03:52+0200,d65ae107-0026-470c-8885-f57b4d7803f4,2026-08-06T07:00:00Z,2026-08-06T09:00:00+0200,136.89,EUR/MWh,DK2,DK_2,imbalance_price,Short,2026-08-11T19:14:45Z
2026-08-11T19:03:52Z,2026-08-11T21:03:52+0200,d65ae107-0026-470c-8885-f57b4d7803f4,2026-08-06T07:15:00Z,2026-08-06T09:15:00+0200,7.73,EUR/MWh,DK2,DK_2,imbalance_price,Long,2026-08-11T19:14:45Z
2026-08-11T19:03:52Z,2026-08-11T21:03:52+0200,d65ae107-0026-470c-8885-f57b4d7803f4,2026-08-06T07:15:00Z,2026-08-06T09:15:00+0200,7.73,EUR/MWh,DK2,DK_2,imbalance_price,Short,2026-08-11T19:14:45Z
2026-08-11T19:03:52Z,2026-08-11T21:03:52+0200,d65ae107-0026-470c-8885-f57b4d7803f4,2026-08-06T07:30:00Z,2026-08-06T09:30:00+0200,-11.73,EUR/MWh,DK2,DK_2,imbalance_price,Long,2026-08-11T19:14:45Z
2026-08-11T19:03:52Z,2026-08-11T21:03:52+0200,d65ae107-0026-470c-8885-f57b4d7803f4,2026-08-06T07:30:00Z,2026-08-06T09:30:00+0200,-11.73,EUR/MWh,DK2,DK_2,imbalance_price,Short,2026-08-11T19:14:45Z
2026-08-11T19:03:52Z,2026-08-11T21:03:52+0200,d65ae107-0026-470c-8885-f57b4d7803f4,2026-08-06T07:45:00Z,2026-08-06T09:45:00+0200,-0.91,EUR/MWh,DK2,DK_2,imbalance_price,Long,2026-08-11T19:14:45Z
2026-08-11T19:03:52Z,2026-08-11T21:03:52+0200,d65ae107-0026-470c-8885-f57b4d7803f4,2026-08-06T07:45:00Z,2026-08-06T09:45:00+0200,-0.91,EUR/MWh,DK2,DK_2,imbalance_price,Short,2026-08-11T19:14:45Z
2026-08-11T19:03:52Z,2026-08-11T21:03:52+0200,d65ae107-0026-470c-8885-f57b4d7803f4,2026-08-06T08:00:00Z,2026-08-06T10:00:00+0200,-6.1,EUR/MWh,DK2,DK_2,imbalance_price,Long,2026-08-11T19:14:45Z
2026-08-11T19:03:52Z,2026-08-11T21:03:52+0200,d65ae107-0026-470c-8885-f57b4d7803f4,2026-08-06T08:00:00Z,2026-08-06T10:00:00+0200,-6.1,EUR/MWh,DK2,DK_2,imbalance_price,Short,2026-08-11T19:14:45Z
2026-08-11T19:03:52Z,2026-08-11T21:03:52+0200,d65ae107-0026-470c-8885-f57b4d7803f4,2026-08-06T08:15:00Z,2026-08-06T10:15:00+0200,-9.14,EUR/MWh,DK2,DK_2,imbalance_price,Long,2026-08-11T19:14:45Z
2026-08-11T19:03:52Z,2026-08-11T21:03:52+0200,d65ae107-0026-470c-8885-f57b4d7803f4,2026-08-06T08:15:00Z,2026-08-06T10:15:00+0200,-9.14,EUR/MWh,DK2,DK_2,imbalance_price,Short,2026-08-11T19:14:45Z
2026-08-11T19:03:52Z,2026-08-11T21:03:52+0200,d65ae107-0026-470c-8885-f57b4d7803f4,2026-08-06T08:30:00Z,2026-08-06T10:30:00+0200,-6.83,EUR/MWh,DK2,DK_2,imbalance_price,Long,2026-08-11T19:14:45Z
2026-08-11T19:03:52Z,2026-08-11T21:03:52+0200,d65ae107-0026-470c-8885-f57b4d7803f4,2026-08-06T08:30:00Z,2026-08-06T10:30:00+0200,-6.83,EUR/MWh,DK2,DK_2,imbalance_price,Short,2026-08-11T19:14:45Z
2026-08-11T19:03:52Z,2026-08-11T21:03:52+0200,d65ae107-0026-470c-8885-f57b4d7803f4,2026-08-06T08:45:00Z,2026-08-06T10:45:00+0200,-3.83,EUR/MWh,DK2,DK_2,imbalance_price,Long,2026-08-11T19:14:45Z
2026-08-11T19:03:52Z,2026-08-11T21:03:52+0200,d65ae107-0026-470c-8885-f57b4d7803f4,2026-08-06T08:45:00Z,2026-08-06T10:45:00+0200,-3.83,EUR/MWh,DK2,DK_2,imbalance_price,Short,2026-08-11T19:14:45Z
2026-08-11T19:03:52Z,2026-08-11T21:03:52+0200,d65ae107-0026-470c-8885-f57b4d7803f4,2026-08-06T09:00:00Z,2026-08-06T11:00:00+0200,-6.69,EUR/MWh,DK2,DK_2,imbalance_price,Long,2026-08-11T19:14:45Z
2026-08-11T19:03:52Z,2026-08-11T21:03:52+0200,d65ae107-0026-470c-8885-f57b4d7803f4,2026-08-06T09:00:00Z,2026-08-06T11:00:00+0200,-6.69,EUR/MWh,DK2,DK_2,imbalance_price,Short,2026-08-11T19:14:45Z
2026-08-11T19:03:52Z,2026-08-11T21:03:52+0200,d65ae107-0026-470c-8885-f57b4d7803f4,2026-08-06T09:15:00Z,2026-08-06T11:15:00+0200,2.53,EUR/MWh,DK2,DK_2,imbalance_price,Long,2026-08-11T19:14:45Z
2026-08-11T19:03:52Z,2026-08-11T21:03:52+0200,d65ae107-0026-470c-8885-f57b4d7803f4,2026-08-06T09:15:00Z,2026-08-06T11:15:00+0200,2.53,EUR/MWh,DK2,DK_2,imbalance_price,Short,2026-08-11T19:14:45Z
2026-08-11T19:03:52Z,2026-08-11T21:03:52+0200,d65ae107-0026-470c-8885-f57b4d7803f4,2026-08-06T09:30:00Z,2026-08-06T11:30:00+0200,-16.5,EUR/MWh,DK2,DK_2,imbalance_price,Long,2026-08-11T19:14:45Z
2026-08-11T19:03:52Z,2026-08-11T21:03:52+0200,d65ae107-0026-470c-8885-f57b4d7803f4,2026-08-06T09:30:00Z,2026-08-06T11:30:00+0200,-16.5,EUR/MWh,DK2,DK_2,imbalance_price,Short,2026-08-11T19:14:45Z
2026-08-11T19:03:52Z,2026-08-11T21:03:52+0200,d65ae107-0026-470c-8885-f57b4d7803f4,2026-08-06T09:45:00Z,2026-08-06T11:45:00+0200,3.92,EUR/MWh,DK2,DK_2,imbalance_price,Long,2026-08-11T19:14:45Z
2026-08-11T19:03:52Z,2026-08-11T21:03:52+0200,d65ae107-0026-470c-8885-f57b4d7803f4,2026-08-06T09:45:00Z,2026-08-06T11:45:00+0200,3.92,EUR/MWh,DK2,DK_2,imbalance_price,Short,2026-08-11T19:14:45Z
2026-08-11T19:03:52Z,2026-08-11T21:03:52+0200,d65ae107-0026-470c-8885-f57b4d7803f4,2026-08-06T10:00:00Z,2026-08-06T12:00:00+0200,-6.69,EUR/MWh,DK2,DK_2,imbalance_price,Long,2026-08-11T19:14:45Z
2026-08-11T19:03:52Z,2026-08-11T21:03:52+0200,d65ae107-0026-470c-8885-f57b4d7803f4,2026-08-06T10:00:00Z,2026-08-06T12:00:00+0200,-6.69,EUR/MWh,DK2,DK_2,imbalance_price,Short,2026-08-11T19:14:45Z
2026-08-11T19:03:52Z,2026-08-11T21:03:52+0200,d65ae107-0026-470c-8885-f57b4d7803f4,2026-08-06T10:15:00Z,2026-08-06T12:15:00+0200,2.69,EUR/MWh,DK2,DK_2,imbalance_price,Long,2026-08-11T19:14:45Z
2026-08-11T19:03:52Z,2026-08-11T21:03:52+0200,d65ae107-0026-470c-8885-f57b4d7803f4,2026-08-06T10:15:00Z,2026-08-06T12:15:00+0200,2.69,EUR/MWh,DK2,DK_2,imbalance_price,Short,2026-08-11T19:14:45Z
2026-08-11T19:03:52Z,2026-08-11T21:03:52+0200,d65ae107-0026-470c-8885-f57b4d7803f4,2026-08-06T10:30:00Z,2026-08-06T12:30:00+0200,3.52,EUR/MWh,DK2,DK_2,imbalance_price,Long,2026-08-11T19:14:45Z
2026-08-11T19:03:52Z,2026-08-11T21:03:52+0200,d65ae107-0026-470c-8885-f57b4d7803f4,2026-08-06T10:30:00Z,2026-08-06T12:30:00+0200,3.52,EUR/MWh,DK2,DK_2,imbalance_price,Short,2026-08-11T19:14:45Z
2026-08-11T19:03:52Z,2026-08-11T21:03:52+0200,d65ae107-0026-470c-8885-f57b4d7803f4,2026-08-06T10:45:00Z,2026-08-06T12:45:00+0200,15.49,EUR/MWh,DK2,DK_2,imbalance_price,Long,2026-08-11T19:14:45Z
2026-08-11T19:03:52Z,2026-08-11T21:03:52+0200,d65ae107-0026-470c-8885-f57b4d7803f4,2026-08-06T10:45:00Z,2026-08-06T12:45:00+0200,15.49,EUR/MWh,DK2,DK_2,imbalance_price,Short,2026-08-11T19:14:45Z
2026-08-11T19:03:52Z,2026-08-11T21:03:52+0200,d65ae107-0026-470c-8885-f57b4d7803f4,2026-08-06T11:00:00Z,2026-08-06T13:00:00+0200,2.84,EUR/MWh,DK2,DK_2,imbalance_price,Long,2026-08-11T19:14:45Z
2026-08-11T19:03:52Z,2026-08-11T21:03:52+0200,d65ae107-0026-470c-8885-f57b4d7803f4,2026-08-06T11:00:00Z,2026-08-06T13:00:00+0200,2.84,EUR/MWh,DK2,DK_2,imbalance_price,Short,2026-08-11T19:14:45Z
2026-08-11T19:03:52Z,2026-08-11T21:03:52+0200,d65ae107-0026-470c-8885-f57b4d7803f4,2026-08-06T11:15:00Z,2026-08-06T13:15:00+0200,-22.46,EUR/MWh,DK2,DK_2,imbalance_price,Long,2026-08-11T19:14:45Z
2026-08-11T19:03:52Z,2026-08-11T21:03:52+0200,d65ae107-0026-470c-8885-f57b4d7803f4,2026-08-06T11:15:00Z,2026-08-06T13:15:00+0200,-22.46,EUR/MWh,DK2,DK_2,imbalance_price,Short,2026-08-11T19:14:45Z
2026-08-11T19:03:52Z,2026-08-11T21:03:52+0200,d65ae107-0026-470c-8885-f57b4d7803f4,2026-08-06T11:30:00Z,2026-08-06T13:30:00+0200,2.2,EUR/MWh,DK2,DK_2,imbalance_price,Long,2026-08-11T19:14:45Z
2026-08-11T19:03:52Z,2026-08-11T21:03:52+0200,d65ae107-0026-470c-8885-f57b4d7803f4,2026-08-06T11:30:00Z,2026-08-06T13:30:00+0200,2.2,EUR/MWh,DK2,DK_2,imbalance_price,Short,2026-08-11T19:14:45Z
2026-08-11T19:03:52Z,2026-08-11T21:03:52+0200,d65ae107-0026-470c-8885-f57b4d7803f4,2026-08-06T11:45:00Z,2026-08-06T13:45:00+0200,-10.53,EUR/MWh,DK2,DK_2,imbalance_price,Long,2026-08-11T19:14:45Z
2026-08-11T19:03:52Z,2026-08-11T21:03:52+0200,d65ae107-0026-470c-8885-f57b4d7803f4,2026-08-06T11:45:00Z,2026-08-06T13:45:00+0200,-10.53,EUR/MWh,DK2,DK_2,imbalance_price,Short,2026-08-11T19:14:45Z
2026-08-11T19:03:52Z,2026-08-11T21:03:52+0200,d65ae107-0026-470c-8885-f57b4d7803f4,2026-08-06T12:00:00Z,2026-08-06T14:00:00+0200,-35.71,EUR/MWh,DK2,DK_2,imbalance_price,Long,2026-08-11T19:14:45Z
2026-08-11T19:03:52Z,2026-08-11T21:03:52+0200,d65ae107-0026-470c-8885-f57b4d7803f4,2026-08-06T12:00:00Z,2026-08-06T14:00:00+0200,-35.71,EUR/MWh,DK2,DK_2,imbalance_price,Short,2026-08-11T19:14:45Z
2026-08-11T19:03:52Z,2026-08-11T21:03:52+0200,d65ae107-0026-470c-8885-f57b4d7803f4,2026-08-06T12:15:00Z,2026-08-06T14:15:00+0200,2.11,EUR/MWh,DK2,DK_2,imbalance_price,Long,2026-08-11T19:14:45Z
2026-08-11T19:03:52Z,2026-08-11T21:03:52+0200,d65ae107-0026-470c-8885-f57b4d7803f4,2026-08-06T12:15:00Z,2026-08-06T14:15:00+0200,2.11,EUR/MWh,DK2,DK_2,imbalance_price,Short,2026-08-11T19:14:45Z
2026-08-11T19:03:52Z,2026-08-11T21:03:52+0200,d65ae107-0026-470c-8885-f57b4d7803f4,2026-08-06T12:30:00Z,2026-08-06T14:30:00+0200,-36.93,EUR/MWh,DK2,DK_2,imbalance_price,Long,2026-08-11T19:14:45Z
2026-08-11T19:03:52Z,2026-08-11T21:03:52+0200,d65ae107-0026-470c-8885-f57b4d7803f4,2026-08-06T12:30:00Z,2026-08-06T14:30:00+0200,-36.93,EUR/MWh,DK2,DK_2,imbalance_price,Short,2026-08-11T19:14:45Z
2026-08-11T19:03:52Z,2026-08-11T21:03:52+0200,d65ae107-0026-470c-8885-f57b4d7803f4,2026-08-06T12:45:00Z,2026-08-06T14:45:00+0200,-60.92,EUR/MWh,DK2,DK_2,imbalance_price,Long,2026-08-11T19:14:45Z
2026-08-11T19:03:52Z,2026-08-11T21:03:52+0200,d65ae107-0026-470c-8885-f57b4d7803f4,2026-08-06T12:45:00Z,2026-08-06T14:45:00+0200,-60.92,EUR/MWh,DK2,DK_2,imbalance_price,Short,2026-08-11T19:14:45Z
2026-08-11T19:03:52Z,2026-08-11T21:03:52+0200,d65ae107-0026-470c-8885-f57b4d7803f4,2026-08-06T13:00:00Z,2026-08-06T15:00:00+0200,2.19,EUR/MWh,DK2,DK_2,imbalance_price,Long,2026-08-11T19:14:45Z
2026-08-11T19:03:52Z,2026-08-11T21:03:52+0200,d65ae107-0026-470c-8885-f57b4d7803f4,2026-08-06T13:00:00Z,2026-08-06T15:00:00+0200,2.19,EUR/MWh,DK2,DK_2,imbalance_price,Short,2026-08-11T19:14:45Z
2026-08-11T19:03:52Z,2026-08-11T21:03:52+0200,d65ae107-0026-470c-8885-f57b4d7803f4,2026-08-06T13:15:00Z,2026-08-06T15:15:00+0200,-38.13,EUR/MWh,DK2,DK_2,imbalance_price,Long,2026-08-11T19:14:45Z
2026-08-11T19:03:52Z,2026-08-11T21:03:52+0200,d65ae107-0026-470c-8885-f57b4d7803f4,2026-08-06T13:15:00Z,2026-08-06T15:15:00+0200,-38.13,EUR/MWh,DK2,DK_2,imbalance_price,Short,2026-08-11T19:14:45Z
2026-08-11T19:03:52Z,2026-08-11T21:03:52+0200,d65ae107-0026-470c-8885-f57b4d7803f4,2026-08-06T13:30:00Z,2026-08-06T15:30:00+0200,-112.41,EUR/MWh,DK2,DK_2,imbalance_price,Long,2026-08-11T19:14:45Z
2026-08-11T19:03:52Z,2026-08-11T21:03:52+0200,d65ae107-0026-470c-8885-f57b4d7803f4,2026-08-06T13:30:00Z,2026-08-06T15:30:00+0200,-112.41,EUR/MWh,DK2,DK_2,imbalance_price,Short,2026-08-11T19:14:45Z
2026-08-11T19:03:52Z,2026-08-11T21:03:52+0200,d65ae107-0026-470c-8885-f57b4d7803f4,2026-08-06T13:45:00Z,2026-08-06T15:45:00+0200,-91.33,EUR/MWh,DK2,DK_2,imbalance_price,Long,2026-08-11T19:14:45Z
2026-08-11T19:03:52Z,2026-08-11T21:03:52+0200,d65ae107-0026-470c-8885-f57b4d7803f4,2026-08-06T13:45:00Z,2026-08-06T15:45:00+0200,-91.33,EUR/MWh,DK2,DK_2,imbalance_price,Short,2026-08-11T19:14:45Z
2026-08-11T19:03:52Z,2026-08-11T21:03:52+0200,d65ae107-0026-470c-8885-f57b4d7803f4,2026-08-06T14:00:00Z,2026-08-06T16:00:00+0200,-14.72,EUR/MWh,DK2,DK_2,imbalance_price,Long,2026-08-11T19:14:45Z
2026-08-11T19:03:52Z,2026-08-11T21:03:52+0200,d65ae107-0026-470c-8885-f57b4d7803f4,2026-08-06T14:00:00Z,2026-08-06T16:00:00+0200,-14.72,EUR/MWh,DK2,DK_2,imbalance_price,Short,2026-08-11T19:14:45Z
2026-08-11T19:03:52Z,2026-08-11T21:03:52+0200,d65ae107-0026-470c-8885-f57b4d7803f4,2026-08-06T14:15:00Z,2026-08-06T16:15:00+0200,-10.0,EUR/MWh,DK2,DK_2,imbalance_price,Long,2026-08-11T19:14:45Z
2026-08-11T19:03:52Z,2026-08-11T21:03:52+0200,d65ae107-0026-470c-8885-f57b4d7803f4,2026-08-06T14:15:00Z,2026-08-06T16:15:00+0200,-10.0,EUR/MWh,DK2,DK_2,imbalance_price,Short,2026-08-11T19:14:45Z
2026-08-11T19:03:52Z,2026-08-11T21:03:52+0200,d65ae107-0026-470c-8885-f57b4d7803f4,2026-08-06T14:30:00Z,2026-08-06T16:30:00+0200,-80.32,EUR/MWh,DK2,DK_2,imbalance_price,Long,2026-08-11T19:14:45Z
2026-08-11T19:03:52Z,2026-08-11T21:03:52+0200,d65ae107-0026-470c-8885-f57b4d7803f4,2026-08-06T14:30:00Z,2026-08-06T16:30:00+0200,-80.32,EUR/MWh,DK2,DK_2,imbalance_price,Short,2026-08-11T19:14:45Z
2026-08-11T19:03:52Z,2026-08-11T21:03:52+0200,d65ae107-0026-470c-8885-f57b4d7803f4,2026-08-06T14:45:00Z,2026-08-06T16:45:00+0200,-93.22,EUR/MWh,DK2,DK_2,imbalance_price,Long,2026-08-11T19:14:45Z
2026-08-11T19:03:52Z,2026-08-11T21:03:52+0200,d65ae107-0026-470c-8885-f57b4d7803f4,2026-08-06T14:45:00Z,2026-08-06T16:45:00+0200,-93.22,EUR/MWh,DK2,DK_2,imbalance_price,Short,2026-08-11T19:14:45Z
2026-08-11T19:03:52Z,2026-08-11T21:03:52+0200,d65ae107-0026-470c-8885-f57b4d7803f4,2026-08-06T15:00:00Z,2026-08-06T17:00:00+0200,-29.71,EUR/MWh,DK2,DK_2,imbalance_price,Long,2026-08-11T19:14:45Z
2026-08-11T19:03:52Z,2026-08-11T21:03:52+0200,d65ae107-0026-470c-8885-f57b4d7803f4,2026-08-06T15:00:00Z,2026-08-06T17:00:00+0200,-29.71,EUR/MWh,DK2,DK_2,imbalance_price,Short,2026-08-11T19:14:45Z
2026-08-11T19:03:52Z,2026-08-11T21:03:52+0200,d65ae107-0026-470c-8885-f57b4d7803f4,2026-08-06T15:15:00Z,2026-08-06T17:15:00+0200,5.89,EUR/MWh,DK2,DK_2,imbalance_price,Long,2026-08-11T19:14:45Z
2026-08-11T19:03:52Z,2026-08-11T21:03:52+0200,d65ae107-0026-470c-8885-f57b4d7803f4,2026-08-06T15:15:00Z,2026-08-06T17:15:00+0200,5.89,EUR/MWh,DK2,DK_2,imbalance_price,Short,2026-08-11T19:14:45Z
2026-08-11T19:03:52Z,2026-08-11T21:03:52+0200,d65ae107-0026-470c-8885-f57b4d7803f4,2026-08-06T15:30:00Z,2026-08-06T17:30:00+0200,6.27,EUR/MWh,DK2,DK_2,imbalance_price,Long,2026-08-11T19:14:45Z
2026-08-11T19:03:52Z,2026-08-11T21:03:52+0200,d65ae107-0026-470c-8885-f57b4d7803f4,2026-08-06T15:30:00Z,2026-08-06T17:30:00+0200,6.27,EUR/MWh,DK2,DK_2,imbalance_price,Short,2026-08-11T19:14:45Z
2026-08-11T19:03:52Z,2026-08-11T21:03:52+0200,d65ae107-0026-470c-8885-f57b4d7803f4,2026-08-06T15:45:00Z,2026-08-06T17:45:00+0200,7.97,EUR/MWh,DK2,DK_2,imbalance_price,Long,2026-08-11T19:14:45Z
2026-08-11T19:03:52Z,2026-08-11T21:03:52+0200,d65ae107-0026-470c-8885-f57b4d7803f4,2026-08-06T15:45:00Z,2026-08-06T17:45:00+0200,7.97,EUR/MWh,DK2,DK_2,imbalance_price,Short,2026-08-11T19:14:45Z
2026-08-11T19:03:52Z,2026-08-11T21:03:52+0200,d65ae107-0026-470c-8885-f57b4d7803f4,2026-08-06T16:00:00Z,2026-08-06T18:00:00+0200,45.74,EUR/MWh,DK2,DK_2,imbalance_price,Long,2026-08-11T19:14:45Z
2026-08-11T19:03:52Z,2026-08-11T21:03:52+0200,d65ae107-0026-470c-8885-f57b4d7803f4,2026-08-06T16:00:00Z,2026-08-06T18:00:00+0200,45.74,EUR/MWh,DK2,DK_2,imbalance_price,Short,2026-08-11T19:14:45Z
2026-08-11T19:03:52Z,2026-08-11T21:03:52+0200,d65ae107-0026-470c-8885-f57b4d7803f4,2026-08-06T16:15:00Z,2026-08-06T18:15:00+0200,401.32,EUR/MWh,DK2,DK_2,imbalance_price,Long,2026-08-11T19:14:45Z
2026-08-11T19:03:52Z,2026-08-11T21:03:52+0200,d65ae107-0026-470c-8885-f57b4d7803f4,2026-08-06T16:15:00Z,2026-08-06T18:15:00+0200,401.32,EUR/MWh,DK2,DK_2,imbalance_price,Short,2026-08-11T19:14:45Z
2026-08-11T19:03:52Z,2026-08-11T21:03:52+0200,d65ae107-0026-470c-8885-f57b4d7803f4,2026-08-06T16:30:00Z,2026-08-06T18:30:00+0200,669.0,EUR/MWh,DK2,DK_2,imbalance_price,Long,2026-08-11T19:14:45Z
2026-08-11T19:03:52Z,2026-08-11T21:03:52+0200,d65ae107-0026-470c-8885-f57b4d7803f4,2026-08-06T16:30:00Z,2026-08-06T18:30:00+0200,669.0,EUR/MWh,DK2,DK_2,imbalance_price,Short,2026-08-11T19:14:45Z
2026-08-11T19:03:52Z,2026-08-11T21:03:52+0200,d65ae107-0026-470c-8885-f57b4d7803f4,2026-08-06T16:45:00Z,2026-08-06T18:45:00+0200,110.24,EUR/MWh,DK2,DK_2,imbalance_price,Long,2026-08-11T19:14:45Z
2026-08-11T19:03:52Z,2026-08-11T21:03:52+0200,d65ae107-0026-470c-8885-f57b4d7803f4,2026-08-06T16:45:00Z,2026-08-06T18:45:00+0200,110.24,EUR/MWh,DK2,DK_2,imbalance_price,Short,2026-08-11T19:14:45Z
2026-08-11T19:03:52Z,2026-08-11T21:03:52+0200,d65ae107-0026-470c-8885-f57b4d7803f4,2026-08-06T17:00:00Z,2026-08-06T19:00:00+0200,401.35,EUR/MWh,DK2,DK_2,imbalance_price,Long,2026-08-11T19:14:45Z
2026-08-11T19:03:52Z,2026-08-11T21:03:52+0200,d65ae107-0026-470c-8885-f57b4d7803f4,2026-08-06T17:00:00Z,2026-08-06T19:00:00+0200,401.35,EUR/MWh,DK2,DK_2,imbalance_price,Short,2026-08-11T19:14:45Z
2026-08-11T19:03:52Z,2026-08-11T21:03:52+0200,d65ae107-0026-470c-8885-f57b4d7803f4,2026-08-06T17:15:00Z,2026-08-06T19:15:00+0200,361.26,EUR/MWh,DK2,DK_2,imbalance_price,Long,2026-08-11T19:14:45Z
2026-08-11T19:03:52Z,2026-08-11T21:03:52+0200,d65ae107-0026-470c-8885-f57b4d7803f4,2026-08-06T17:15:00Z,2026-08-06T19:15:00+0200,361.26,EUR/MWh,DK2,DK_2,imbalance_price,Short,2026-08-11T19:14:45Z
2026-08-11T19:03:52Z,2026-08-11T21:03:52+0200,d65ae107-0026-470c-8885-f57b4d7803f4,2026-08-06T17:30:00Z,2026-08-06T19:30:00+0200,485.54,EUR/MWh,DK2,DK_2,imbalance_price,Long,2026-08-11T19:14:45Z
2026-08-11T19:03:52Z,2026-08-11T21:03:52+0200,d65ae107-0026-470c-8885-f57b4d7803f4,2026-08-06T17:30:00Z,2026-08-06T19:30:00+0200,485.54,EUR/MWh,DK2,DK_2,imbalance_price,Short,2026-08-11T19:14:45Z
2026-08-11T19:03:52Z,2026-08-11T21:03:52+0200,d65ae107-0026-470c-8885-f57b4d7803f4,2026-08-06T17:45:00Z,2026-08-06T19:45:00+0200,8.27,EUR/MWh,DK2,DK_2,imbalance_price,Long,2026-08-11T19:14:45Z
2026-08-11T19:03:52Z,2026-08-11T21:03:52+0200,d65ae107-0026-470c-8885-f57b4d7803f4,2026-08-06T17:45:00Z,2026-08-06T19:45:00+0200,8.27,EUR/MWh,DK2,DK_2,imbalance_price,Short,2026-08-11T19:14:45Z
2026-08-11T19:03:52Z,2026-08-11T21:03:52+0200,d65ae107-0026-470c-8885-f57b4d7803f4,2026-08-06T18:00:00Z,2026-08-06T20:00:00+0200,126.66,EUR/MWh,DK2,DK_2,imbalance_price,Long,2026-08-11T19:14:45Z
2026-08-11T19:03:52Z,2026-08-11T21:03:52+0200,d65ae107-0026-470c-8885-f57b4d7803f4,2026-08-06T18:00:00Z,2026-08-06T20:00:00+0200,126.66,EUR/MWh,DK2,DK_2,imbalance_price,Short,2026-08-11T19:14:45Z
2026-08-11T19:03:52Z,2026-08-11T21:03:52+0200,d65ae107-0026-470c-8885-f57b4d7803f4,2026-08-06T18:15:00Z,2026-08-06T20:15:00+0200,128.73,EUR/MWh,DK2,DK_2,imbalance_price,Long,2026-08-11T19:14:45Z
2026-08-11T19:03:52Z,2026-08-11T21:03:52+0200,d65ae107-0026-470c-8885-f57b4d7803f4,2026-08-06T18:15:00Z,2026-08-06T20:15:00+0200,128.73,EUR/MWh,DK2,DK_2,imbalance_price,Short,2026-08-11T19:14:45Z
2026-08-11T19:03:52Z,2026-08-11T21:03:52+0200,d65ae107-0026-470c-8885-f57b4d7803f4,2026-08-06T18:30:00Z,2026-08-06T20:30:00+0200,1.79,EUR/MWh,DK2,DK_2,imbalance_price,Long,2026-08-11T19:14:45Z
2026-08-11T19:03:52Z,2026-08-11T21:03:52+0200,d65ae107-0026-470c-8885-f57b4d7803f4,2026-08-06T18:30:00Z,2026-08-06T20:30:00+0200,1.79,EUR/MWh,DK2,DK_2,imbalance_price,Short,2026-08-11T19:14:45Z
2026-08-11T19:03:52Z,2026-08-11T21:03:52+0200,d65ae107-0026-470c-8885-f57b4d7803f4,2026-08-06T18:45:00Z,2026-08-06T20:45:00+0200,2.0,EUR/MWh,DK2,DK_2,imbalance_price,Long,2026-08-11T19:14:45Z
2026-08-11T19:03:52Z,2026-08-11T21:03:52+0200,d65ae107-0026-470c-8885-f57b4d7803f4,2026-08-06T18:45:00Z,2026-08-06T20:45:00+0200,2.0,EUR/MWh,DK2,DK_2,imbalance_price,Short,2026-08-11T19:14:45Z
2026-08-11T19:03:52Z,2026-08-11T21:03:52+0200,d65ae107-0026-470c-8885-f57b4d7803f4,2026-08-06T19:00:00Z,2026-08-06T21:00:00+0200,83.56,EUR/MWh,DK2,DK_2,imbalance_price,Long,2026-08-11T19:14:45Z
2026-08-11T19:03:52Z,2026-08-11T21:03:52+0200,d65ae107-0026-470c-8885-f57b4d7803f4,2026-08-06T19:00:00Z,2026-08-06T21:00:00+0200,83.56,EUR/MWh,DK2,DK_2,imbalance_price,Short,2026-08-11T19:14:45Z
2026-08-11T19:03:52Z,2026-08-11T21:03:52+0200,d65ae107-0026-470c-8885-f57b4d7803f4,2026-08-06T19:15:00Z,2026-08-06T21:15:00+0200,17.0,EUR/MWh,DK2,DK_2,imbalance_price,Long,2026-08-11T19:14:45Z
2026-08-11T19:03:52Z,2026-08-11T21:03:52+0200,d65ae107-0026-470c-8885-f57b4d7803f4,2026-08-06T19:15:00Z,2026-08-06T21:15:00+0200,17.0,EUR/MWh,DK2,DK_2,imbalance_price,Short,2026-08-11T19:14:45Z
2026-08-11T19:03:52Z,2026-08-11T21:03:52+0200,d65ae107-0026-470c-8885-f57b4d7803f4,2026-08-06T19:30:00Z,2026-08-06T21:30:00+0200,116.96,EUR/MWh,DK2,DK_2,imbalance_price,Long,2026-08-11T19:14:45Z
2026-08-11T19:03:52Z,2026-08-11T21:03:52+0200,d65ae107-0026-470c-8885-f57b4d7803f4,2026-08-06T19:30:00Z,2026-08-06T21:30:00+0200,116.96,EUR/MWh,DK2,DK_2,imbalance_price,Short,2026-08-11T19:14:45Z
2026-08-11T19:03:52Z,2026-08-11T21:03:52+0200,d65ae107-0026-470c-8885-f57b4d7803f4,2026-08-06T19:45:00Z,2026-08-06T21:45:00+0200,73.59,EUR/MWh,DK2,DK_2,imbalance_price,Long,2026-08-11T19:14:45Z
2026-08-11T19:03:52Z,2026-08-11T21:03:52+0200,d65ae107-0026-470c-8885-f57b4d7803f4,2026-08-06T19:45:00Z,2026-08-06T21:45:00+0200,73.59,EUR/MWh,DK2,DK_2,imbalance_price,Short,2026-08-11T19:14:45Z
2026-08-11T19:03:52Z,2026-08-11T21:03:52+0200,d65ae107-0026-470c-8885-f57b4d7803f4,2026-08-06T20:00:00Z,2026-08-06T22:00:00+0200,81.88,EUR/MWh,DK2,DK_2,imbalance_price,Long,2026-08-11T19:14:45Z
2026-08-11T19:03:52Z,2026-08-11T21:03:52+0200,d65ae107-0026-470c-8885-f57b4d7803f4,2026-08-06T20:00:00Z,2026-08-06T22:00:00+0200,81.88,EUR/MWh,DK2,DK_2,imbalance_price,Short,2026-08-11T19:14:45Z
2026-08-11T19:03:52Z,2026-08-11T21:03:52+0200,d65ae107-0026-470c-8885-f57b4d7803f4,2026-08-06T20:15:00Z,2026-08-06T22:15:00+0200,143.2,EUR/MWh,DK2,DK_2,imbalance_price,Long,2026-08-11T19:14:45Z
2026-08-11T19:03:52Z,2026-08-11T21:03:52+0200,d65ae107-0026-470c-8885-f57b4d7803f4,2026-08-06T20:15:00Z,2026-08-06T22:15:00+0200,143.2,EUR/MWh,DK2,DK_2,imbalance_price,Short,2026-08-11T19:14:45Z
2026-08-11T19:03:52Z,2026-08-11T21:03:52+0200,d65ae107-0026-470c-8885-f57b4d7803f4,2026-08-06T20:30:00Z,2026-08-06T22:30:00+0200,142.5,EUR/MWh,DK2,DK_2,imbalance_price,Long,2026-08-11T19:14:45Z
2026-08-11T19:03:52Z,2026-08-11T21:03:52+0200,d65ae107-0026-470c-8885-f57b4d7803f4,2026-08-06T20:30:00Z,2026-08-06T22:30:00+0200,142.5,EUR/MWh,DK2,DK_2,imbalance_price,Short,2026-08-11T19:14:45Z
2026-08-11T19:03:52Z,2026-08-11T21:03:52+0200,d65ae107-0026-470c-8885-f57b4d7803f4,2026-08-06T20:45:00Z,2026-08-06T22:45:00+0200,95.53,EUR/MWh,DK2,DK_2,imbalance_price,Long,2026-08-11T19:14:45Z
2026-08-11T19:03:52Z,2026-08-11T21:03:52+0200,d65ae107-0026-470c-8885-f57b4d7803f4,2026-08-06T20:45:00Z,2026-08-06T22:45:00+0200,95.53,EUR/MWh,DK2,DK_2,imbalance_price,Short,2026-08-11T19:14:45Z
2026-08-11T19:03:52Z,2026-08-11T21:03:52+0200,d65ae107-0026-470c-8885-f57b4d7803f4,2026-08-06T21:00:00Z,2026-08-06T23:00:00+0200,401.35,EUR/MWh,DK2,DK_2,imbalance_price,Long,2026-08-11T19:14:45Z
2026-08-11T19:03:52Z,2026-08-11T21:03:52+0200,d65ae107-0026-470c-8885-f57b4d7803f4,2026-08-06T21:00:00Z,2026-08-06T23:00:00+0200,401.35,EUR/MWh,DK2,DK_2,imbalance_price,Short,2026-08-11T19:14:45Z
2026-08-11T19:03:52Z,2026-08-11T21:03:52+0200,d65ae107-0026-470c-8885-f57b4d7803f4,2026-08-06T21:15:00Z,2026-08-06T23:15:00+0200,136.32,EUR/MWh,DK2,DK_2,imbalance_price,Long,2026-08-11T19:14:45Z
2026-08-11T19:03:52Z,2026-08-11T21:03:52+0200,d65ae107-0026-470c-8885-f57b4d7803f4,2026-08-06T21:15:00Z,2026-08-06T23:15:00+0200,136.32,EUR/MWh,DK2,DK_2,imbalance_price,Short,2026-08-11T19:14:45Z
2026-08-11T19:03:52Z,2026-08-11T21:03:52+0200,d65ae107-0026-470c-8885-f57b4d7803f4,2026-08-06T21:30:00Z,2026-08-06T23:30:00+0200,2.48,EUR/MWh,DK2,DK_2,imbalance_price,Long,2026-08-11T19:14:45Z
2026-08-11T19:03:52Z,2026-08-11T21:03:52+0200,d65ae107-0026-470c-8885-f57b4d7803f4,2026-08-06T21:30:00Z,2026-08-06T23:30:00+0200,2.48,EUR/MWh,DK2,DK_2,imbalance_price,Short,2026-08-11T19:14:45Z
2026-08-11T19:03:52Z,2026-08-11T21:03:52+0200,d65ae107-0026-470c-8885-f57b4d7803f4,2026-08-06T21:45:00Z,2026-08-06T23:45:00+0200,135.86,EUR/MWh,DK2,DK_2,imbalance_price,Long,2026-08-11T19:14:45Z
2026-08-11T19:03:52Z,2026-08-11T21:03:52+0200,d65ae107-0026-470c-8885-f57b4d7803f4,2026-08-06T21:45:00Z,2026-08-06T23:45:00+0200,135.86,EUR/MWh,DK2,DK_2,imbalance_price,Short,2026-08-11T19:14:45Z
2026-08-11T19:03:52Z,2026-08-11T21:03:52+0200,d65ae107-0026-470c-8885-f57b4d7803f4,2026-08-06T22:00:00Z,2026-08-07T00:00:00+0200,78.69,EUR/MWh,DK2,DK_2,imbalance_price,Long,2026-08-11T19:14:45Z
2026-08-11T19:03:52Z,2026-08-11T21:03:52+0200,d65ae107-0026-470c-8885-f57b4d7803f4,2026-08-06T22:00:00Z,2026-08-07T00:00:00+0200,78.69,EUR/MWh,DK2,DK_2,imbalance_price,Short,2026-08-11T19:14:45Z
2026-08-11T19:03:52Z,2026-08-11T21:03:52+0200,d65ae107-0026-470c-8885-f57b4d7803f4,2026-08-06T22:15:00Z,2026-08-07T00:15:00+0200,66.78,EUR/MWh,DK2,DK_2,imbalance_price,Long,2026-08-11T19:14:45Z
2026-08-11T19:03:52Z,2026-08-11T21:03:52+0200,d65ae107-0026-470c-8885-f57b4d7803f4,2026-08-06T22:15:00Z,2026-08-07T00:15:00+0200,66.78,EUR/MWh,DK2,DK_2,imbalance_price,Short,2026-08-11T19:14:45Z
2026-08-11T19:03:52Z,2026-08-11T21:03:52+0200,d65ae107-0026-470c-8885-f57b4d7803f4,2026-08-06T22:30:00Z,2026-08-07T00:30:00+0200,335.29,EUR/MWh,DK2,DK_2,imbalance_price,Long,2026-08-11T19:14:45Z
2026-08-11T19:03:52Z,2026-08-11T21:03:52+0200,d65ae107-0026-470c-8885-f57b4d7803f4,2026-08-06T22:30:00Z,2026-08-07T00:30:00+0200,335.29,EUR/MWh,DK2,DK_2,imbalance_price,Short,2026-08-11T19:14:45Z
2026-08-11T19:03:52Z,2026-08-11T21:03:52+0200,d65ae107-0026-470c-8885-f57b4d7803f4,2026-08-06T22:45:00Z,2026-08-07T00:45:00+0200,334.46,EUR/MWh,DK2,DK_2,imbalance_price,Long,2026-08-11T19:14:45Z
2026-08-11T19:03:52Z,2026-08-11T21:03:52+0200,d65ae107-0026-470c-8885-f57b4d7803f4,2026-08-06T22:45:00Z,2026-08-07T00:45:00+0200,334.46,EUR/MWh,DK2,DK_2,imbalance_price,Short,2026-08-11T19:14:45Z
2026-08-11T19:03:52Z,2026-08-11T21:03:52+0200,d65ae107-0026-470c-8885-f57b4d7803f4,2026-08-06T23:00:00Z,2026-08-07T01:00:00+0200,468.08,EUR/MWh,DK2,DK_2,imbalance_price,Long,2026-08-11T19:14:45Z
2026-08-11T19:03:52Z,2026-08-11T21:03:52+0200,d65ae107-0026-470c-8885-f57b4d7803f4,2026-08-06T23:00:00Z,2026-08-07T01:00:00+0200,468.08,EUR/MWh,DK2,DK_2,imbalance_price,Short,2026-08-11T19:14:45Z
2026-08-11T19:03:52Z,2026-08-11T21:03:52+0200,d65ae107-0026-470c-8885-f57b4d7803f4,2026-08-06T23:15:00Z,2026-08-07T01:15:00+0200,267.6,EUR/MWh,DK2,DK_2,imbalance_price,Long,2026-08-11T19:14:45Z
2026-08-11T19:03:52Z,2026-08-11T21:03:52+0200,d65ae107-0026-470c-8885-f57b4d7803f4,2026-08-06T23:15:00Z,2026-08-07T01:15:00+0200,267.6,EUR/MWh,DK2,DK_2,imbalance_price,Short,2026-08-11T19:14:45Z
2026-08-11T19:03:52Z,2026-08-11T21:03:52+0200,d65ae107-0026-470c-8885-f57b4d7803f4,2026-08-06T23:30:00Z,2026-08-07T01:30:00+0200,509.47,EUR/MWh,DK2,DK_2,imbalance_price,Long,2026-08-11T19:14:45Z
2026-08-11T19:03:52Z,2026-08-11T21:03:52+0200,d65ae107-0026-470c-8885-f57b4d7803f4,2026-08-06T23:30:00Z,2026-08-07T01:30:00+0200,509.47,EUR/MWh,DK2,DK_2,imbalance_price,Short,2026-08-11T19:14:45Z
2026-08-11T19:03:52Z,2026-08-11T21:03:52+0200,d65ae107-0026-470c-8885-f57b4d7803f4,2026-08-06T23:45:00Z,2026-08-07T01:45:00+0200,334.5,EUR/MWh,DK2,DK_2,imbalance_price,Long,2026-08-11T19:14:45Z
2026-08-11T19:03:52Z,2026-08-11T21:03:52+0200,d65ae107-0026-470c-8885-f57b4d7803f4,2026-08-06T23:45:00Z,2026-08-07T01:45:00+0200,334.5,EUR/MWh,DK2,DK_2,imbalance_price,Short,2026-08-11T19:14:45Z
2026-08-11T19:03:52Z,2026-08-11T21:03:52+0200,d65ae107-0026-470c-8885-f57b4d7803f4,2026-08-07T00:00:00Z,2026-08-07T02:00:00+0200,669.0,EUR/MWh,DK2,DK_2,imbalance_price,Long,2026-08-11T19:14:45Z
2026-08-11T19:03:52Z,2026-08-11T21:03:52+0200,d65ae107-0026-470c-8885-f57b4d7803f4,2026-08-07T00:00:00Z,2026-08-07T02:00:00+0200,669.0,EUR/MWh,DK2,DK_2,imbalance_price,Short,2026-08-11T19:14:45Z
2026-08-11T19:03:52Z,2026-08-11T21:03:52+0200,d65ae107-0026-470c-8885-f57b4d7803f4,2026-08-07T00:15:00Z,2026-08-07T02:15:00+0200,669.0,EUR/MWh,DK2,DK_2,imbalance_price,Long,2026-08-11T19:14:45Z
2026-08-11T19:03:52Z,2026-08-11T21:03:52+0200,d65ae107-0026-470c-8885-f57b4d7803f4,2026-08-07T00:15:00Z,2026-08-07T02:15:00+0200,669.0,EUR/MWh,DK2,DK_2,imbalance_price,Short,2026-08-11T19:14:45Z
2026-08-11T19:03:52Z,2026-08-11T21:03:52+0200,d65ae107-0026-470c-8885-f57b4d7803f4,2026-08-07T00:30:00Z,2026-08-07T02:30:00+0200,535.2,EUR/MWh,DK2,DK_2,imbalance_price,Long,2026-08-11T19:14:45Z
2026-08-11T19:03:52Z,2026-08-11T21:03:52+0200,d65ae107-0026-470c-8885-f57b4d7803f4,2026-08-07T00:30:00Z,2026-08-07T02:30:00+0200,535.2,EUR/MWh,DK2,DK_2,imbalance_price,Short,2026-08-11T19:14:45Z
2026-08-11T19:03:52Z,2026-08-11T21:03:52+0200,d65ae107-0026-470c-8885-f57b4d7803f4,2026-08-07T00:45:00Z,2026-08-07T02:45:00+0200,614.27,EUR/MWh,DK2,DK_2,imbalance_price,Long,2026-08-11T19:14:45Z
2026-08-11T19:03:52Z,2026-08-11T21:03:52+0200,d65ae107-0026-470c-8885-f57b4d7803f4,2026-08-07T00:45:00Z,2026-08-07T02:45:00+0200,614.27,EUR/MWh,DK2,DK_2,imbalance_price,Short,2026-08-11T19:14:45Z
2026-08-11T19:03:52Z,2026-08-11T21:03:52+0200,d65ae107-0026-470c-8885-f57b4d7803f4,2026-08-07T01:00:00Z,2026-08-07T03:00:00+0200,127.63,EUR/MWh,DK2,DK_2,imbalance_price,Long,2026-08-11T19:14:45Z
2026-08-11T19:03:52Z,2026-08-11T21:03:52+0200,d65ae107-0026-470c-8885-f57b4d7803f4,2026-08-07T01:00:00Z,2026-08-07T03:00:00+0200,127.63,EUR/MWh,DK2,DK_2,imbalance_price,Short,2026-08-11T19:14:45Z
2026-08-11T19:03:52Z,2026-08-11T21:03:52+0200,d65ae107-0026-470c-8885-f57b4d7803f4,2026-08-07T01:15:00Z,2026-08-07T03:15:00+0200,58.63,EUR/MWh,DK2,DK_2,imbalance_price,Long,2026-08-11T19:14:45Z
2026-08-11T19:03:52Z,2026-08-11T21:03:52+0200,d65ae107-0026-470c-8885-f57b4d7803f4,2026-08-07T01:15:00Z,2026-08-07T03:15:00+0200,58.63,EUR/MWh,DK2,DK_2,imbalance_price,Short,2026-08-11T19:14:45Z
2026-08-11T19:03:52Z,2026-08-11T21:03:52+0200,d65ae107-0026-470c-8885-f57b4d7803f4,2026-08-07T01:30:00Z,2026-08-07T03:30:00+0200,-1.62,EUR/MWh,DK2,DK_2,imbalance_price,Long,2026-08-11T19:14:45Z
2026-08-11T19:03:52Z,2026-08-11T21:03:52+0200,d65ae107-0026-470c-8885-f57b4d7803f4,2026-08-07T01:30:00Z,2026-08-07T03:30:00+0200,-1.62,EUR/MWh,DK2,DK_2,imbalance_price,Short,2026-08-11T19:14:45Z
2026-08-11T19:03:52Z,2026-08-11T21:03:52+0200,d65ae107-0026-470c-8885-f57b4d7803f4,2026-08-07T01:45:00Z,2026-08-07T03:45:00+0200,19.37,EUR/MWh,DK2,DK_2,imbalance_price,Long,2026-08-11T19:14:45Z
2026-08-11T19:03:52Z,2026-08-11T21:03:52+0200,d65ae107-0026-470c-8885-f57b4d7803f4,2026-08-07T01:45:00Z,2026-08-07T03:45:00+0200,19.37,EUR/MWh,DK2,DK_2,imbalance_price,Short,2026-08-11T19:14:45Z
2026-08-11T19:03:52Z,2026-08-11T21:03:52+0200,d65ae107-0026-470c-8885-f57b4d7803f4,2026-08-07T02:00:00Z,2026-08-07T04:00:00+0200,92.9,EUR/MWh,DK2,DK_2,imbalance_price,Long,2026-08-11T19:14:45Z
2026-08-11T19:03:52Z,2026-08-11T21:03:52+0200,d65ae107-0026-470c-8885-f57b4d7803f4,2026-08-07T02:00:00Z,2026-08-07T04:00:00+0200,92.9,EUR/MWh,DK2,DK_2,imbalance_price,Short,2026-08-11T19:14:45Z
2026-08-11T19:03:52Z,2026-08-11T21:03:52+0200,d65ae107-0026-470c-8885-f57b4d7803f4,2026-08-07T02:15:00Z,2026-08-07T04:15:00+0200,112.28,EUR/MWh,DK2,DK_2,imbalance_price,Long,2026-08-11T19:14:45Z
2026-08-11T19:03:52Z,2026-08-11T21:03:52+0200,d65ae107-0026-470c-8885-f57b4d7803f4,2026-08-07T02:15:00Z,2026-08-07T04:15:00+0200,112.28,EUR/MWh,DK2,DK_2,imbalance_price,Short,2026-08-11T19:14:45Z
2026-08-11T19:03:52Z,2026-08-11T21:03:52+0200,d65ae107-0026-470c-8885-f57b4d7803f4,2026-08-07T02:30:00Z,2026-08-07T04:30:00+0200,128.04,EUR/MWh,DK2,DK_2,imbalance_price,Long,2026-08-11T19:14:45Z
2026-08-11T19:03:52Z,2026-08-11T21:03:52+0200,d65ae107-0026-470c-8885-f57b4d7803f4,2026-08-07T02:30:00Z,2026-08-07T04:30:00+0200,128.04,EUR/MWh,DK2,DK_2,imbalance_price,Short,2026-08-11T19:14:45Z
2026-08-11T19:03:52Z,2026-08-11T21:03:52+0200,d65ae107-0026-470c-8885-f57b4d7803f4,2026-08-07T02:45:00Z,2026-08-07T04:45:00+0200,468.3,EUR/MWh,DK2,DK_2,imbalance_price,Long,2026-08-11T19:14:45Z
2026-08-11T19:03:52Z,2026-08-11T21:03:52+0200,d65ae107-0026-470c-8885-f57b4d7803f4,2026-08-07T02:45:00Z,2026-08-07T04:45:00+0200,468.3,EUR/MWh,DK2,DK_2,imbalance_price,Short,2026-08-11T19:14:45Z
2026-08-11T19:03:52Z,2026-08-11T21:03:52+0200,d65ae107-0026-470c-8885-f57b4d7803f4,2026-08-07T03:00:00Z,2026-08-07T05:00:00+0200,614.4,EUR/MWh,DK2,DK_2,imbalance_price,Long,2026-08-11T19:14:45Z
2026-08-11T19:03:52Z,2026-08-11T21:03:52+0200,d65ae107-0026-470c-8885-f57b4d7803f4,2026-08-07T03:00:00Z,2026-08-07T05:00:00+0200,614.4,EUR/MWh,DK2,DK_2,imbalance_price,Short,2026-08-11T19:14:45Z
2026-08-11T19:03:52Z,2026-08-11T21:03:52+0200,d65ae107-0026-470c-8885-f57b4d7803f4,2026-08-07T03:15:00Z,2026-08-07T05:15:00+0200,401.31,EUR/MWh,DK2,DK_2,imbalance_price,Long,2026-08-11T19:14:45Z
2026-08-11T19:03:52Z,2026-08-11T21:03:52+0200,d65ae107-0026-470c-8885-f57b4d7803f4,2026-08-07T03:15:00Z,2026-08-07T05:15:00+0200,401.31,EUR/MWh,DK2,DK_2,imbalance_price,Short,2026-08-11T19:14:45Z
2026-08-11T19:03:52Z,2026-08-11T21:03:52+0200,d65ae107-0026-470c-8885-f57b4d7803f4,2026-08-07T03:30:00Z,2026-08-07T05:30:00+0200,39.88,EUR/MWh,DK2,DK_2,imbalance_price,Long,2026-08-11T19:14:45Z
2026-08-11T19:03:52Z,2026-08-11T21:03:52+0200,d65ae107-0026-470c-8885-f57b4d7803f4,2026-08-07T03:30:00Z,2026-08-07T05:30:00+0200,39.88,EUR/MWh,DK2,DK_2,imbalance_price,Short,2026-08-11T19:14:45Z
2026-08-11T19:03:52Z,2026-08-11T21:03:52+0200,d65ae107-0026-470c-8885-f57b4d7803f4,2026-08-07T03:45:00Z,2026-08-07T05:45:00+0200,103.27,EUR/MWh,DK2,DK_2,imbalance_price,Long,2026-08-11T19:14:45Z
2026-08-11T19:03:52Z,2026-08-11T21:03:52+0200,d65ae107-0026-470c-8885-f57b4d7803f4,2026-08-07T03:45:00Z,2026-08-07T05:45:00+0200,103.27,EUR/MWh,DK2,DK_2,imbalance_price,Short,2026-08-11T19:14:45Z
2026-08-11T19:03:52Z,2026-08-11T21:03:52+0200,d65ae107-0026-470c-8885-f57b4d7803f4,2026-08-07T04:00:00Z,2026-08-07T06:00:00+0200,139.94,EUR/MWh,DK2,DK_2,imbalance_price,Long,2026-08-11T19:14:45Z
2026-08-11T19:03:52Z,2026-08-11T21:03:52+0200,d65ae107-0026-470c-8885-f57b4d7803f4,2026-08-07T04:00:00Z,2026-08-07T06:00:00+0200,139.94,EUR/MWh,DK2,DK_2,imbalance_price,Short,2026-08-11T19:14:45Z
2026-08-11T19:03:52Z,2026-08-11T21:03:52+0200,d65ae107-0026-470c-8885-f57b4d7803f4,2026-08-07T04:15:00Z,2026-08-07T06:15:00+0200,143.12,EUR/MWh,DK2,DK_2,imbalance_price,Long,2026-08-11T19:14:45Z
2026-08-11T19:03:52Z,2026-08-11T21:03:52+0200,d65ae107-0026-470c-8885-f57b4d7803f4,2026-08-07T04:15:00Z,2026-08-07T06:15:00+0200,143.12,EUR/MWh,DK2,DK_2,imbalance_price,Short,2026-08-11T19:14:45Z
2026-08-11T19:03:52Z,2026-08-11T21:03:52+0200,d65ae107-0026-470c-8885-f57b4d7803f4,2026-08-07T04:30:00Z,2026-08-07T06:30:00+0200,148.01,EUR/MWh,DK2,DK_2,imbalance_price,Long,2026-08-11T19:14:45Z
2026-08-11T19:03:52Z,2026-08-11T21:03:52+0200,d65ae107-0026-470c-8885-f57b4d7803f4,2026-08-07T04:30:00Z,2026-08-07T06:30:00+0200,148.01,EUR/MWh,DK2,DK_2,imbalance_price,Short,2026-08-11T19:14:45Z
2026-08-11T19:03:52Z,2026-08-11T21:03:52+0200,d65ae107-0026-470c-8885-f57b4d7803f4,2026-08-07T04:45:00Z,2026-08-07T06:45:00+0200,97.17,EUR/MWh,DK2,DK_2,imbalance_price,Long,2026-08-11T19:14:45Z
2026-08-11T19:03:52Z,2026-08-11T21:03:52+0200,d65ae107-0026-470c-8885-f57b4d7803f4,2026-08-07T04:45:00Z,2026-08-07T06:45:00+0200,97.17,EUR/MWh,DK2,DK_2,imbalance_price,Short,2026-08-11T19:14:45Z
2026-08-11T19:03:52Z,2026-08-11T21:03:52+0200,d65ae107-0026-470c-8885-f57b4d7803f4,2026-08-07T05:00:00Z,2026-08-07T07:00:00+0200,104.13,EUR/MWh,DK2,DK_2,imbalance_price,Long,2026-08-11T19:14:45Z
2026-08-11T19:03:52Z,2026-08-11T21:03:52+0200,d65ae107-0026-470c-8885-f57b4d7803f4,2026-08-07T05:00:00Z,2026-08-07T07:00:00+0200,104.13,EUR/MWh,DK2,DK_2,imbalance_price,Short,2026-08-11T19:14:45Z
2026-08-11T19:03:52Z,2026-08-11T21:03:52+0200,d65ae107-0026-470c-8885-f57b4d7803f4,2026-08-07T05:15:00Z,2026-08-07T07:15:00+0200,49.78,EUR/MWh,DK2,DK_2,imbalance_price,Long,2026-08-11T19:14:45Z
2026-08-11T19:03:52Z,2026-08-11T21:03:52+0200,d65ae107-0026-470c-8885-f57b4d7803f4,2026-08-07T05:15:00Z,2026-08-07T07:15:00+0200,49.78,EUR/MWh,DK2,DK_2,imbalance_price,Short,2026-08-11T19:14:45Z
2026-08-11T19:03:52Z,2026-08-11T21:03:52+0200,d65ae107-0026-470c-8885-f57b4d7803f4,2026-08-07T05:30:00Z,2026-08-07T07:30:00+0200,90.08,EUR/MWh,DK2,DK_2,imbalance_price,Long,2026-08-11T19:14:45Z
2026-08-11T19:03:52Z,2026-08-11T21:03:52+0200,d65ae107-0026-470c-8885-f57b4d7803f4,2026-08-07T05:30:00Z,2026-08-07T07:30:00+0200,90.08,EUR/MWh,DK2,DK_2,imbalance_price,Short,2026-08-11T19:14:45Z
2026-08-11T19:03:52Z,2026-08-11T21:03:52+0200,d65ae107-0026-470c-8885-f57b4d7803f4,2026-08-07T05:45:00Z,2026-08-07T07:45:00+0200,106.03,EUR/MWh,DK2,DK_2,imbalance_price,Long,2026-08-11T19:14:45Z
2026-08-11T19:03:52Z,2026-08-11T21:03:52+0200,d65ae107-0026-470c-8885-f57b4d7803f4,2026-08-07T05:45:00Z,2026-08-07T07:45:00+0200,106.03,EUR/MWh,DK2,DK_2,imbalance_price,Short,2026-08-11T19:14:45Z
2026-08-11T19:03:52Z,2026-08-11T21:03:52+0200,d65ae107-0026-470c-8885-f57b4d7803f4,2026-08-07T06:00:00Z,2026-08-07T08:00:00+0200,48.67,EUR/MWh,DK2,DK_2,imbalance_price,Long,2026-08-11T19:14:45Z
2026-08-11T19:03:52Z,2026-08-11T21:03:52+0200,d65ae107-0026-470c-8885-f57b4d7803f4,2026-08-07T06:00:00Z,2026-08-07T08:00:00+0200,48.67,EUR/MWh,DK2,DK_2,imbalance_price,Short,2026-08-11T19:14:45Z
2026-08-11T19:03:52Z,2026-08-11T21:03:52+0200,d65ae107-0026-470c-8885-f57b4d7803f4,2026-08-07T06:15:00Z,2026-08-07T08:15:00+0200,24.88,EUR/MWh,DK2,DK_2,imbalance_price,Long,2026-08-11T19:14:45Z
2026-08-11T19:03:52Z,2026-08-11T21:03:52+0200,d65ae107-0026-470c-8885-f57b4d7803f4,2026-08-07T06:15:00Z,2026-08-07T08:15:00+0200,24.88,EUR/MWh,DK2,DK_2,imbalance_price,Short,2026-08-11T19:14:45Z
2026-08-11T19:03:52Z,2026-08-11T21:03:52+0200,d65ae107-0026-470c-8885-f57b4d7803f4,2026-08-07T06:30:00Z,2026-08-07T08:30:00+0200,2.69,EUR/MWh,DK2,DK_2,imbalance_price,Long,2026-08-11T19:14:45Z
2026-08-11T19:03:52Z,2026-08-11T21:03:52+0200,d65ae107-0026-470c-8885-f57b4d7803f4,2026-08-07T06:30:00Z,2026-08-07T08:30:00+0200,2.69,EUR/MWh,DK2,DK_2,imbalance_price,Short,2026-08-11T19:14:45Z
2026-08-11T19:03:52Z,2026-08-11T21:03:52+0200,d65ae107-0026-470c-8885-f57b4d7803f4,2026-08-07T06:45:00Z,2026-08-07T08:45:00+0200,35.45,EUR/MWh,DK2,DK_2,imbalance_price,Long,2026-08-11T19:14:45Z
2026-08-11T19:03:52Z,2026-08-11T21:03:52+0200,d65ae107-0026-470c-8885-f57b4d7803f4,2026-08-07T06:45:00Z,2026-08-07T08:45:00+0200,35.45,EUR/MWh,DK2,DK_2,imbalance_price,Short,2026-08-11T19:14:45Z
2026-08-11T19:03:52Z,2026-08-11T21:03:52+0200,d65ae107-0026-470c-8885-f57b4d7803f4,2026-08-07T07:00:00Z,2026-08-07T09:00:00+0200,-1.0,EUR/MWh,DK2,DK_2,imbalance_price,Long,2026-08-11T19:14:45Z
2026-08-11T19:03:52Z,2026-08-11T21:03:52+0200,d65ae107-0026-470c-8885-f57b4d7803f4,2026-08-07T07:00:00Z,2026-08-07T09:00:00+0200,-1.0,EUR/MWh,DK2,DK_2,imbalance_price,Short,2026-08-11T19:14:45Z
2026-08-11T19:03:52Z,2026-08-11T21:03:52+0200,d65ae107-0026-470c-8885-f57b4d7803f4,2026-08-07T07:15:00Z,2026-08-07T09:15:00+0200,347.88,EUR/MWh,DK2,DK_2,imbalance_price,Long,2026-08-11T19:14:45Z
2026-08-11T19:03:52Z,2026-08-11T21:03:52+0200,d65ae107-0026-470c-8885-f57b4d7803f4,2026-08-07T07:15:00Z,2026-08-07T09:15:00+0200,347.88,EUR/MWh,DK2,DK_2,imbalance_price,Short,2026-08-11T19:14:45Z
2026-08-11T19:03:52Z,2026-08-11T21:03:52+0200,d65ae107-0026-470c-8885-f57b4d7803f4,2026-08-07T07:30:00Z,2026-08-07T09:30:00+0200,735.74,EUR/MWh,DK2,DK_2,imbalance_price,Long,2026-08-11T19:14:45Z
2026-08-11T19:03:52Z,2026-08-11T21:03:52+0200,d65ae107-0026-470c-8885-f57b4d7803f4,2026-08-07T07:30:00Z,2026-08-07T09:30:00+0200,735.74,EUR/MWh,DK2,DK_2,imbalance_price,Short,2026-08-11T19:14:45Z
2026-08-11T19:03:52Z,2026-08-11T21:03:52+0200,d65ae107-0026-470c-8885-f57b4d7803f4,2026-08-07T07:45:00Z,2026-08-07T09:45:00+0200,109.64,EUR/MWh,DK2,DK_2,imbalance_price,Long,2026-08-11T19:14:45Z
2026-08-11T19:03:52Z,2026-08-11T21:03:52+0200,d65ae107-0026-470c-8885-f57b4d7803f4,2026-08-07T07:45:00Z,2026-08-07T09:45:00+0200,109.64,EUR/MWh,DK2,DK_2,imbalance_price,Short,2026-08-11T19:14:45Z
2026-08-11T19:03:52Z,2026-08-11T21:03:52+0200,d65ae107-0026-470c-8885-f57b4d7803f4,2026-08-07T08:00:00Z,2026-08-07T10:00:00+0200,336.6,EUR/MWh,DK2,DK_2,imbalance_price,Long,2026-08-11T19:14:45Z
2026-08-11T19:03:52Z,2026-08-11T21:03:52+0200,d65ae107-0026-470c-8885-f57b4d7803f4,2026-08-07T08:00:00Z,2026-08-07T10:00:00+0200,336.6,EUR/MWh,DK2,DK_2,imbalance_price,Short,2026-08-11T19:14:45Z
2026-08-11T19:03:52Z,2026-08-11T21:03:52+0200,d65ae107-0026-470c-8885-f57b4d7803f4,2026-08-07T08:15:00Z,2026-08-07T10:15:00+0200,134.93,EUR/MWh,DK2,DK_2,imbalance_price,Long,2026-08-11T19:14:45Z
2026-08-11T19:03:52Z,2026-08-11T21:03:52+0200,d65ae107-0026-470c-8885-f57b4d7803f4,2026-08-07T08:15:00Z,2026-08-07T10:15:00+0200,134.93,EUR/MWh,DK2,DK_2,imbalance_price,Short,2026-08-11T19:14:45Z
2026-08-11T19:03:52Z,2026-08-11T21:03:52+0200,d65ae107-0026-470c-8885-f57b4d7803f4,2026-08-07T08:30:00Z,2026-08-07T10:30:00+0200,99.44,EUR/MWh,DK2,DK_2,imbalance_price,Long,2026-08-11T19:14:45Z
2026-08-11T19:03:52Z,2026-08-11T21:03:52+0200,d65ae107-0026-470c-8885-f57b4d7803f4,2026-08-07T08:30:00Z,2026-08-07T10:30:00+0200,99.44,EUR/MWh,DK2,DK_2,imbalance_price,Short,2026-08-11T19:14:45Z
2026-08-11T19:03:52Z,2026-08-11T21:03:52+0200,d65ae107-0026-470c-8885-f57b4d7803f4,2026-08-07T08:45:00Z,2026-08-07T10:45:00+0200,106.08,EUR/MWh,DK2,DK_2,imbalance_price,Long,2026-08-11T19:14:45Z
2026-08-11T19:03:52Z,2026-08-11T21:03:52+0200,d65ae107-0026-470c-8885-f57b4d7803f4,2026-08-07T08:45:00Z,2026-08-07T10:45:00+0200,106.08,EUR/MWh,DK2,DK_2,imbalance_price,Short,2026-08-11T19:14:45Z
2026-08-11T19:03:52Z,2026-08-11T21:03:52+0200,d65ae107-0026-470c-8885-f57b4d7803f4,2026-08-07T09:00:00Z,2026-08-07T11:00:00+0200,13.61,EUR/MWh,DK2,DK_2,imbalance_price,Long,2026-08-11T19:14:45Z
2026-08-11T19:03:52Z,2026-08-11T21:03:52+0200,d65ae107-0026-470c-8885-f57b4d7803f4,2026-08-07T09:00:00Z,2026-08-07T11:00:00+0200,13.61,EUR/MWh,DK2,DK_2,imbalance_price,Short,2026-08-11T19:14:45Z
2026-08-11T19:03:52Z,2026-08-11T21:03:52+0200,d65ae107-0026-470c-8885-f57b4d7803f4,2026-08-07T09:15:00Z,2026-08-07T11:15:00+0200,76.51,EUR/MWh,DK2,DK_2,imbalance_price,Long,2026-08-11T19:14:45Z
2026-08-11T19:03:52Z,2026-08-11T21:03:52+0200,d65ae107-0026-470c-8885-f57b4d7803f4,2026-08-07T09:15:00Z,2026-08-07T11:15:00+0200,76.51,EUR/MWh,DK2,DK_2,imbalance_price,Short,2026-08-11T19:14:45Z
2026-08-11T19:03:52Z,2026-08-11T21:03:52+0200,d65ae107-0026-470c-8885-f57b4d7803f4,2026-08-07T09:30:00Z,2026-08-07T11:30:00+0200,15.0,EUR/MWh,DK2,DK_2,imbalance_price,Long,2026-08-11T19:14:45Z
2026-08-11T19:03:52Z,2026-08-11T21:03:52+0200,d65ae107-0026-470c-8885-f57b4d7803f4,2026-08-07T09:30:00Z,2026-08-07T11:30:00+0200,15.0,EUR/MWh,DK2,DK_2,imbalance_price,Short,2026-08-11T19:14:45Z
2026-08-11T19:03:52Z,2026-08-11T21:03:52+0200,d65ae107-0026-470c-8885-f57b4d7803f4,2026-08-07T09:45:00Z,2026-08-07T11:45:00+0200,398.68,EUR/MWh,DK2,DK_2,imbalance_price,Long,2026-08-11T19:14:45Z
2026-08-11T19:03:52Z,2026-08-11T21:03:52+0200,d65ae107-0026-470c-8885-f57b4d7803f4,2026-08-07T09:45:00Z,2026-08-07T11:45:00+0200,398.68,EUR/MWh,DK2,DK_2,imbalance_price,Short,2026-08-11T19:14:45Z
2026-08-11T19:03:52Z,2026-08-11T21:03:52+0200,d65ae107-0026-470c-8885-f57b4d7803f4,2026-08-07T10:00:00Z,2026-08-07T12:00:00+0200,126.96,EUR/MWh,DK2,DK_2,imbalance_price,Long,2026-08-11T19:14:45Z
2026-08-11T19:03:52Z,2026-08-11T21:03:52+0200,d65ae107-0026-470c-8885-f57b4d7803f4,2026-08-07T10:00:00Z,2026-08-07T12:00:00+0200,126.96,EUR/MWh,DK2,DK_2,imbalance_price,Short,2026-08-11T19:14:45Z
2026-08-11T19:03:52Z,2026-08-11T21:03:52+0200,d65ae107-0026-470c-8885-f57b4d7803f4,2026-08-07T10:15:00Z,2026-08-07T12:15:00+0200,112.0,EUR/MWh,DK2,DK_2,imbalance_price,Long,2026-08-11T19:14:45Z
2026-08-11T19:03:52Z,2026-08-11T21:03:52+0200,d65ae107-0026-470c-8885-f57b4d7803f4,2026-08-07T10:15:00Z,2026-08-07T12:15:00+0200,112.0,EUR/MWh,DK2,DK_2,imbalance_price,Short,2026-08-11T19:14:45Z
2026-08-11T19:03:52Z,2026-08-11T21:03:52+0200,d65ae107-0026-470c-8885-f57b4d7803f4,2026-08-07T10:30:00Z,2026-08-07T12:30:00+0200,24.2,EUR/MWh,DK2,DK_2,imbalance_price,Long,2026-08-11T19:14:45Z
2026-08-11T19:03:52Z,2026-08-11T21:03:52+0200,d65ae107-0026-470c-8885-f57b4d7803f4,2026-08-07T10:30:00Z,2026-08-07T12:30:00+0200,24.2,EUR/MWh,DK2,DK_2,imbalance_price,Short,2026-08-11T19:14:45Z
2026-08-11T19:03:52Z,2026-08-11T21:03:52+0200,d65ae107-0026-470c-8885-f57b4d7803f4,2026-08-07T10:45:00Z,2026-08-07T12:45:00+0200,15.0,EUR/MWh,DK2,DK_2,imbalance_price,Long,2026-08-11T19:14:45Z
2026-08-11T19:03:52Z,2026-08-11T21:03:52+0200,d65ae107-0026-470c-8885-f57b4d7803f4,2026-08-07T10:45:00Z,2026-08-07T12:45:00+0200,15.0,EUR/MWh,DK2,DK_2,imbalance_price,Short,2026-08-11T19:14:45Z
2026-08-11T19:03:52Z,2026-08-11T21:03:52+0200,d65ae107-0026-470c-8885-f57b4d7803f4,2026-08-07T11:00:00Z,2026-08-07T13:00:00+0200,27.68,EUR/MWh,DK2,DK_2,imbalance_price,Long,2026-08-11T19:14:45Z
2026-08-11T19:03:52Z,2026-08-11T21:03:52+0200,d65ae107-0026-470c-8885-f57b4d7803f4,2026-08-07T11:00:00Z,2026-08-07T13:00:00+0200,27.68,EUR/MWh,DK2,DK_2,imbalance_price,Short,2026-08-11T19:14:45Z
2026-08-11T19:03:52Z,2026-08-11T21:03:52+0200,d65ae107-0026-470c-8885-f57b4d7803f4,2026-08-07T11:15:00Z,2026-08-07T13:15:00+0200,52.37,EUR/MWh,DK2,DK_2,imbalance_price,Long,2026-08-11T19:14:45Z
2026-08-11T19:03:52Z,2026-08-11T21:03:52+0200,d65ae107-0026-470c-8885-f57b4d7803f4,2026-08-07T11:15:00Z,2026-08-07T13:15:00+0200,52.37,EUR/MWh,DK2,DK_2,imbalance_price,Short,2026-08-11T19:14:45Z
2026-08-11T19:03:52Z,2026-08-11T21:03:52+0200,d65ae107-0026-470c-8885-f57b4d7803f4,2026-08-07T11:30:00Z,2026-08-07T13:30:00+0200,70.0,EUR/MWh,DK2,DK_2,imbalance_price,Long,2026-08-11T19:14:45Z
2026-08-11T19:03:52Z,2026-08-11T21:03:52+0200,d65ae107-0026-470c-8885-f57b4d7803f4,2026-08-07T11:30:00Z,2026-08-07T13:30:00+0200,70.0,EUR/MWh,DK2,DK_2,imbalance_price,Short,2026-08-11T19:14:45Z
2026-08-11T19:03:52Z,2026-08-11T21:03:52+0200,d65ae107-0026-470c-8885-f57b4d7803f4,2026-08-07T11:45:00Z,2026-08-07T13:45:00+0200,70.0,EUR/MWh,DK2,DK_2,imbalance_price,Long,2026-08-11T19:14:45Z
2026-08-11T19:03:52Z,2026-08-11T21:03:52+0200,d65ae107-0026-470c-8885-f57b4d7803f4,2026-08-07T11:45:00Z,2026-08-07T13:45:00+0200,70.0,EUR/MWh,DK2,DK_2,imbalance_price,Short,2026-08-11T19:14:45Z
2026-08-11T19:03:52Z,2026-08-11T21:03:52+0200,d65ae107-0026-470c-8885-f57b4d7803f4,2026-08-07T12:00:00Z,2026-08-07T14:00:00+0200,1.5,EUR/MWh,DK2,DK_2,imbalance_price,Long,2026-08-11T19:14:45Z
2026-08-11T19:03:52Z,2026-08-11T21:03:52+0200,d65ae107-0026-470c-8885-f57b4d7803f4,2026-08-07T12:00:00Z,2026-08-07T14:00:00+0200,1.5,EUR/MWh,DK2,DK_2,imbalance_price,Short,2026-08-11T19:14:45Z
2026-08-11T19:03:52Z,2026-08-11T21:03:52+0200,d65ae107-0026-470c-8885-f57b4d7803f4,2026-08-07T12:15:00Z,2026-08-07T14:15:00+0200,18.7,EUR/MWh,DK2,DK_2,imbalance_price,Long,2026-08-11T19:14:45Z
2026-08-11T19:03:52Z,2026-08-11T21:03:52+0200,d65ae107-0026-470c-8885-f57b4d7803f4,2026-08-07T12:15:00Z,2026-08-07T14:15:00+0200,18.7,EUR/MWh,DK2,DK_2,imbalance_price,Short,2026-08-11T19:14:45Z
2026-08-11T19:03:52Z,2026-08-11T21:03:52+0200,d65ae107-0026-470c-8885-f57b4d7803f4,2026-08-07T12:30:00Z,2026-08-07T14:30:00+0200,94.2,EUR/MWh,DK2,DK_2,imbalance_price,Long,2026-08-11T19:14:45Z
2026-08-11T19:03:52Z,2026-08-11T21:03:52+0200,d65ae107-0026-470c-8885-f57b4d7803f4,2026-08-07T12:30:00Z,2026-08-07T14:30:00+0200,94.2,EUR/MWh,DK2,DK_2,imbalance_price,Short,2026-08-11T19:14:45Z
2026-08-11T19:03:52Z,2026-08-11T21:03:52+0200,d65ae107-0026-470c-8885-f57b4d7803f4,2026-08-07T12:45:00Z,2026-08-07T14:45:00+0200,34.72,EUR/MWh,DK2,DK_2,imbalance_price,Long,2026-08-11T19:14:45Z
2026-08-11T19:03:52Z,2026-08-11T21:03:52+0200,d65ae107-0026-470c-8885-f57b4d7803f4,2026-08-07T12:45:00Z,2026-08-07T14:45:00+0200,34.72,EUR/MWh,DK2,DK_2,imbalance_price,Short,2026-08-11T19:14:45Z
2026-08-11T19:03:52Z,2026-08-11T21:03:52+0200,d65ae107-0026-470c-8885-f57b4d7803f4,2026-08-07T13:00:00Z,2026-08-07T15:00:00+0200,27.03,EUR/MWh,DK2,DK_2,imbalance_price,Long,2026-08-11T19:14:45Z
2026-08-11T19:03:52Z,2026-08-11T21:03:52+0200,d65ae107-0026-470c-8885-f57b4d7803f4,2026-08-07T13:00:00Z,2026-08-07T15:00:00+0200,27.03,EUR/MWh,DK2,DK_2,imbalance_price,Short,2026-08-11T19:14:45Z
2026-08-11T19:03:52Z,2026-08-11T21:03:52+0200,d65ae107-0026-470c-8885-f57b4d7803f4,2026-08-07T13:15:00Z,2026-08-07T15:15:00+0200,10.0,EUR/MWh,DK2,DK_2,imbalance_price,Long,2026-08-11T19:14:45Z
2026-08-11T19:03:52Z,2026-08-11T21:03:52+0200,d65ae107-0026-470c-8885-f57b4d7803f4,2026-08-07T13:15:00Z,2026-08-07T15:15:00+0200,10.0,EUR/MWh,DK2,DK_2,imbalance_price,Short,2026-08-11T19:14:45Z
2026-08-11T19:03:52Z,2026-08-11T21:03:52+0200,d65ae107-0026-470c-8885-f57b4d7803f4,2026-08-07T13:30:00Z,2026-08-07T15:30:00+0200,-8.54,EUR/MWh,DK2,DK_2,imbalance_price,Long,2026-08-11T19:14:45Z
2026-08-11T19:03:52Z,2026-08-11T21:03:52+0200,d65ae107-0026-470c-8885-f57b4d7803f4,2026-08-07T13:30:00Z,2026-08-07T15:30:00+0200,-8.54,EUR/MWh,DK2,DK_2,imbalance_price,Short,2026-08-11T19:14:45Z
2026-08-11T19:03:52Z,2026-08-11T21:03:52+0200,d65ae107-0026-470c-8885-f57b4d7803f4,2026-08-07T13:45:00Z,2026-08-07T15:45:00+0200,71.41,EUR/MWh,DK2,DK_2,imbalance_price,Long,2026-08-11T19:14:45Z
2026-08-11T19:03:52Z,2026-08-11T21:03:52+0200,d65ae107-0026-470c-8885-f57b4d7803f4,2026-08-07T13:45:00Z,2026-08-07T15:45:00+0200,71.41,EUR/MWh,DK2,DK_2,imbalance_price,Short,2026-08-11T19:14:45Z
2026-08-11T19:03:52Z,2026-08-11T21:03:52+0200,d65ae107-0026-470c-8885-f57b4d7803f4,2026-08-07T14:00:00Z,2026-08-07T16:00:00+0200,67.29,EUR/MWh,DK2,DK_2,imbalance_price,Long,2026-08-11T19:14:45Z
2026-08-11T19:03:52Z,2026-08-11T21:03:52+0200,d65ae107-0026-470c-8885-f57b4d7803f4,2026-08-07T14:00:00Z,2026-08-07T16:00:00+0200,67.29,EUR/MWh,DK2,DK_2,imbalance_price,Short,2026-08-11T19:14:45Z
2026-08-11T19:03:52Z,2026-08-11T21:03:52+0200,d65ae107-0026-470c-8885-f57b4d7803f4,2026-08-07T14:15:00Z,2026-08-07T16:15:00+0200,83.36,EUR/MWh,DK2,DK_2,imbalance_price,Long,2026-08-11T19:14:45Z
2026-08-11T19:03:52Z,2026-08-11T21:03:52+0200,d65ae107-0026-470c-8885-f57b4d7803f4,2026-08-07T14:15:00Z,2026-08-07T16:15:00+0200,83.36,EUR/MWh,DK2,DK_2,imbalance_price,Short,2026-08-11T19:14:45Z
2026-08-11T19:03:52Z,2026-08-11T21:03:52+0200,d65ae107-0026-470c-8885-f57b4d7803f4,2026-08-07T14:30:00Z,2026-08-07T16:30:00+0200,172.71,EUR/MWh,DK2,DK_2,imbalance_price,Long,2026-08-11T19:14:45Z
2026-08-11T19:03:52Z,2026-08-11T21:03:52+0200,d65ae107-0026-470c-8885-f57b4d7803f4,2026-08-07T14:30:00Z,2026-08-07T16:30:00+0200,172.71,EUR/MWh,DK2,DK_2,imbalance_price,Short,2026-08-11T19:14:45Z
2026-08-11T19:03:52Z,2026-08-11T21:03:52+0200,d65ae107-0026-470c-8885-f57b4d7803f4,2026-08-07T14:45:00Z,2026-08-07T16:45:00+0200,185.51,EUR/MWh,DK2,DK_2,imbalance_price,Long,2026-08-11T19:14:45Z
2026-08-11T19:03:52Z,2026-08-11T21:03:52+0200,d65ae107-0026-470c-8885-f57b4d7803f4,2026-08-07T14:45:00Z,2026-08-07T16:45:00+0200,185.51,EUR/MWh,DK2,DK_2,imbalance_price,Short,2026-08-11T19:14:45Z
2026-08-11T19:03:52Z,2026-08-11T21:03:52+0200,d65ae107-0026-470c-8885-f57b4d7803f4,2026-08-07T15:00:00Z,2026-08-07T17:00:00+0200,190.88,EUR/MWh,DK2,DK_2,imbalance_price,Long,2026-08-11T19:14:45Z
2026-08-11T19:03:52Z,2026-08-11T21:03:52+0200,d65ae107-0026-470c-8885-f57b4d7803f4,2026-08-07T15:00:00Z,2026-08-07T17:00:00+0200,190.88,EUR/MWh,DK2,DK_2,imbalance_price,Short,2026-08-11T19:14:45Z
2026-08-11T19:03:52Z,2026-08-11T21:03:52+0200,d65ae107-0026-470c-8885-f57b4d7803f4,2026-08-07T15:15:00Z,2026-08-07T17:15:00+0200,200.48,EUR/MWh,DK2,DK_2,imbalance_price,Long,2026-08-11T19:14:45Z
2026-08-11T19:03:52Z,2026-08-11T21:03:52+0200,d65ae107-0026-470c-8885-f57b4d7803f4,2026-08-07T15:15:00Z,2026-08-07T17:15:00+0200,200.48,EUR/MWh,DK2,DK_2,imbalance_price,Short,2026-08-11T19:14:45Z
2026-08-11T19:03:52Z,2026-08-11T21:03:52+0200,d65ae107-0026-470c-8885-f57b4d7803f4,2026-08-07T15:30:00Z,2026-08-07T17:30:00+0200,17.0,EUR/MWh,DK2,DK_2,imbalance_price,Long,2026-08-11T19:14:45Z
2026-08-11T19:03:52Z,2026-08-11T21:03:52+0200,d65ae107-0026-470c-8885-f57b4d7803f4,2026-08-07T15:30:00Z,2026-08-07T17:30:00+0200,17.0,EUR/MWh,DK2,DK_2,imbalance_price,Short,2026-08-11T19:14:45Z
2026-08-11T19:03:52Z,2026-08-11T21:03:52+0200,d65ae107-0026-470c-8885-f57b4d7803f4,2026-08-07T15:45:00Z,2026-08-07T17:45:00+0200,21.4,EUR/MWh,DK2,DK_2,imbalance_price,Long,2026-08-11T19:14:45Z
2026-08-11T19:03:52Z,2026-08-11T21:03:52+0200,d65ae107-0026-470c-8885-f57b4d7803f4,2026-08-07T15:45:00Z,2026-08-07T17:45:00+0200,21.4,EUR/MWh,DK2,DK_2,imbalance_price,Short,2026-08-11T19:14:45Z
2026-08-11T19:03:52Z,2026-08-11T21:03:52+0200,d65ae107-0026-470c-8885-f57b4d7803f4,2026-08-07T16:00:00Z,2026-08-07T18:00:00+0200,8.0,EUR/MWh,DK2,DK_2,imbalance_price,Long,2026-08-11T19:14:45Z
2026-08-11T19:03:52Z,2026-08-11T21:03:52+0200,d65ae107-0026-470c-8885-f57b4d7803f4,2026-08-07T16:00:00Z,2026-08-07T18:00:00+0200,8.0,EUR/MWh,DK2,DK_2,imbalance_price,Short,2026-08-11T19:14:45Z
2026-08-11T19:03:52Z,2026-08-11T21:03:52+0200,d65ae107-0026-470c-8885-f57b4d7803f4,2026-08-07T16:15:00Z,2026-08-07T18:15:00+0200,2.0,EUR/MWh,DK2,DK_2,imbalance_price,Long,2026-08-11T19:14:45Z
2026-08-11T19:03:52Z,2026-08-11T21:03:52+0200,d65ae107-0026-470c-8885-f57b4d7803f4,2026-08-07T16:15:00Z,2026-08-07T18:15:00+0200,2.0,EUR/MWh,DK2,DK_2,imbalance_price,Short,2026-08-11T19:14:45Z
2026-08-11T19:03:52Z,2026-08-11T21:03:52+0200,d65ae107-0026-470c-8885-f57b4d7803f4,2026-08-07T16:30:00Z,2026-08-07T18:30:00+0200,92.09,EUR/MWh,DK2,DK_2,imbalance_price,Long,2026-08-11T19:14:45Z
2026-08-11T19:03:52Z,2026-08-11T21:03:52+0200,d65ae107-0026-470c-8885-f57b4d7803f4,2026-08-07T16:30:00Z,2026-08-07T18:30:00+0200,92.09,EUR/MWh,DK2,DK_2,imbalance_price,Short,2026-08-11T19:14:45Z
2026-08-11T19:03:52Z,2026-08-11T21:03:52+0200,d65ae107-0026-470c-8885-f57b4d7803f4,2026-08-07T16:45:00Z,2026-08-07T18:45:00+0200,112.19,EUR/MWh,DK2,DK_2,imbalance_price,Long,2026-08-11T19:14:45Z
2026-08-11T19:03:52Z,2026-08-11T21:03:52+0200,d65ae107-0026-470c-8885-f57b4d7803f4,2026-08-07T16:45:00Z,2026-08-07T18:45:00+0200,112.19,EUR/MWh,DK2,DK_2,imbalance_price,Short,2026-08-11T19:14:45Z
2026-08-11T19:03:52Z,2026-08-11T21:03:52+0200,d65ae107-0026-470c-8885-f57b4d7803f4,2026-08-07T17:00:00Z,2026-08-07T19:00:00+0200,60.94,EUR/MWh,DK2,DK_2,imbalance_price,Long,2026-08-11T19:14:45Z
2026-08-11T19:03:52Z,2026-08-11T21:03:52+0200,d65ae107-0026-470c-8885-f57b4d7803f4,2026-08-07T17:00:00Z,2026-08-07T19:00:00+0200,60.94,EUR/MWh,DK2,DK_2,imbalance_price,Short,2026-08-11T19:14:45Z
2026-08-11T19:03:52Z,2026-08-11T21:03:52+0200,d65ae107-0026-470c-8885-f57b4d7803f4,2026-08-07T17:15:00Z,2026-08-07T19:15:00+0200,83.56,EUR/MWh,DK2,DK_2,imbalance_price,Long,2026-08-11T19:14:45Z
2026-08-11T19:03:52Z,2026-08-11T21:03:52+0200,d65ae107-0026-470c-8885-f57b4d7803f4,2026-08-07T17:15:00Z,2026-08-07T19:15:00+0200,83.56,EUR/MWh,DK2,DK_2,imbalance_price,Short,2026-08-11T19:14:45Z
2026-08-11T19:03:52Z,2026-08-11T21:03:52+0200,d65ae107-0026-470c-8885-f57b4d7803f4,2026-08-07T17:30:00Z,2026-08-07T19:30:00+0200,115.8,EUR/MWh,DK2,DK_2,imbalance_price,Long,2026-08-11T19:14:45Z
2026-08-11T19:03:52Z,2026-08-11T21:03:52+0200,d65ae107-0026-470c-8885-f57b4d7803f4,2026-08-07T17:30:00Z,2026-08-07T19:30:00+0200,115.8,EUR/MWh,DK2,DK_2,imbalance_price,Short,2026-08-11T19:14:45Z
2026-08-11T19:03:52Z,2026-08-11T21:03:52+0200,d65ae107-0026-470c-8885-f57b4d7803f4,2026-08-07T17:45:00Z,2026-08-07T19:45:00+0200,143.37,EUR/MWh,DK2,DK_2,imbalance_price,Long,2026-08-11T19:14:45Z
2026-08-11T19:03:52Z,2026-08-11T21:03:52+0200,d65ae107-0026-470c-8885-f57b4d7803f4,2026-08-07T17:45:00Z,2026-08-07T19:45:00+0200,143.37,EUR/MWh,DK2,DK_2,imbalance_price,Short,2026-08-11T19:14:45Z
2026-08-11T19:03:52Z,2026-08-11T21:03:52+0200,d65ae107-0026-470c-8885-f57b4d7803f4,2026-08-07T18:00:00Z,2026-08-07T20:00:00+0200,143.73,EUR/MWh,DK2,DK_2,imbalance_price,Long,2026-08-11T19:14:45Z
2026-08-11T19:03:52Z,2026-08-11T21:03:52+0200,d65ae107-0026-470c-8885-f57b4d7803f4,2026-08-07T18:00:00Z,2026-08-07T20:00:00+0200,143.73,EUR/MWh,DK2,DK_2,imbalance_price,Short,2026-08-11T19:14:45Z
2026-08-11T19:03:52Z,2026-08-11T21:03:52+0200,d65ae107-0026-470c-8885-f57b4d7803f4,2026-08-07T18:15:00Z,2026-08-07T20:15:00+0200,198.11,EUR/MWh,DK2,DK_2,imbalance_price,Long,2026-08-11T19:14:45Z
2026-08-11T19:03:52Z,2026-08-11T21:03:52+0200,d65ae107-0026-470c-8885-f57b4d7803f4,2026-08-07T18:15:00Z,2026-08-07T20:15:00+0200,198.11,EUR/MWh,DK2,DK_2,imbalance_price,Short,2026-08-11T19:14:45Z
2026-08-11T19:03:52Z,2026-08-11T21:03:52+0200,d65ae107-0026-470c-8885-f57b4d7803f4,2026-08-07T18:30:00Z,2026-08-07T20:30:00+0200,143.74,EUR/MWh,DK2,DK_2,imbalance_price,Long,2026-08-11T19:14:45Z
2026-08-11T19:03:52Z,2026-08-11T21:03:52+0200,d65ae107-0026-470c-8885-f57b4d7803f4,2026-08-07T18:30:00Z,2026-08-07T20:30:00+0200,143.74,EUR/MWh,DK2,DK_2,imbalance_price,Short,2026-08-11T19:14:45Z
2026-08-11T19:03:52Z,2026-08-11T21:03:52+0200,d65ae107-0026-470c-8885-f57b4d7803f4,2026-08-07T18:45:00Z,2026-08-07T20:45:00+0200,206.01,EUR/MWh,DK2,DK_2,imbalance_price,Long,2026-08-11T19:14:45Z
2026-08-11T19:03:52Z,2026-08-11T21:03:52+0200,d65ae107-0026-470c-8885-f57b4d7803f4,2026-08-07T18:45:00Z,2026-08-07T20:45:00+0200,206.01,EUR/MWh,DK2,DK_2,imbalance_price,Short,2026-08-11T19:14:45Z
2026-08-11T19:03:52Z,2026-08-11T21:03:52+0200,d65ae107-0026-470c-8885-f57b4d7803f4,2026-08-07T19:00:00Z,2026-08-07T21:00:00+0200,193.94,EUR/MWh,DK2,DK_2,imbalance_price,Long,2026-08-11T19:14:45Z
2026-08-11T19:03:52Z,2026-08-11T21:03:52+0200,d65ae107-0026-470c-8885-f57b4d7803f4,2026-08-07T19:00:00Z,2026-08-07T21:00:00+0200,193.94,EUR/MWh,DK2,DK_2,imbalance_price,Short,2026-08-11T19:14:45Z
2026-08-11T19:03:52Z,2026-08-11T21:03:52+0200,d65ae107-0026-470c-8885-f57b4d7803f4,2026-08-07T19:15:00Z,2026-08-07T21:15:00+0200,201.15,EUR/MWh,DK2,DK_2,imbalance_price,Long,2026-08-11T19:14:45Z
2026-08-11T19:03:52Z,2026-08-11T21:03:52+0200,d65ae107-0026-470c-8885-f57b4d7803f4,2026-08-07T19:15:00Z,2026-08-07T21:15:00+0200,201.15,EUR/MWh,DK2,DK_2,imbalance_price,Short,2026-08-11T19:14:45Z
2026-08-11T19:03:52Z,2026-08-11T21:03:52+0200,d65ae107-0026-470c-8885-f57b4d7803f4,2026-08-07T19:30:00Z,2026-08-07T21:30:00+0200,191.19,EUR/MWh,DK2,DK_2,imbalance_price,Long,2026-08-11T19:14:45Z
2026-08-11T19:03:52Z,2026-08-11T21:03:52+0200,d65ae107-0026-470c-8885-f57b4d7803f4,2026-08-07T19:30:00Z,2026-08-07T21:30:00+0200,191.19,EUR/MWh,DK2,DK_2,imbalance_price,Short,2026-08-11T19:14:45Z
2026-08-11T19:03:52Z,2026-08-11T21:03:52+0200,d65ae107-0026-470c-8885-f57b4d7803f4,2026-08-07T19:45:00Z,2026-08-07T21:45:00+0200,143.73,EUR/MWh,DK2,DK_2,imbalance_price,Long,2026-08-11T19:14:45Z
2026-08-11T19:03:52Z,2026-08-11T21:03:52+0200,d65ae107-0026-470c-8885-f57b4d7803f4,2026-08-07T19:45:00Z,2026-08-07T21:45:00+0200,143.73,EUR/MWh,DK2,DK_2,imbalance_price,Short,2026-08-11T19:14:45Z
2026-08-11T19:03:52Z,2026-08-11T21:03:52+0200,d65ae107-0026-470c-8885-f57b4d7803f4,2026-08-07T20:00:00Z,2026-08-07T22:00:00+0200,141.4,EUR/MWh,DK2,DK_2,imbalance_price,Long,2026-08-11T19:14:45Z
2026-08-11T19:03:52Z,2026-08-11T21:03:52+0200,d65ae107-0026-470c-8885-f57b4d7803f4,2026-08-07T20:00:00Z,2026-08-07T22:00:00+0200,141.4,EUR/MWh,DK2,DK_2,imbalance_price,Short,2026-08-11T19:14:45Z
2026-08-11T19:03:52Z,2026-08-11T21:03:52+0200,d65ae107-0026-470c-8885-f57b4d7803f4,2026-08-07T20:15:00Z,2026-08-07T22:15:00+0200,178.59,EUR/MWh,DK2,DK_2,imbalance_price,Long,2026-08-11T19:14:45Z
2026-08-11T19:03:52Z,2026-08-11T21:03:52+0200,d65ae107-0026-470c-8885-f57b4d7803f4,2026-08-07T20:15:00Z,2026-08-07T22:15:00+0200,178.59,EUR/MWh,DK2,DK_2,imbalance_price,Short,2026-08-11T19:14:45Z
2026-08-11T19:03:52Z,2026-08-11T21:03:52+0200,d65ae107-0026-470c-8885-f57b4d7803f4,2026-08-07T20:30:00Z,2026-08-07T22:30:00+0200,401.32,EUR/MWh,DK2,DK_2,imbalance_price,Long,2026-08-11T19:14:45Z
2026-08-11T19:03:52Z,2026-08-11T21:03:52+0200,d65ae107-0026-470c-8885-f57b4d7803f4,2026-08-07T20:30:00Z,2026-08-07T22:30:00+0200,401.32,EUR/MWh,DK2,DK_2,imbalance_price,Short,2026-08-11T19:14:45Z
2026-08-11T19:03:52Z,2026-08-11T21:03:52+0200,d65ae107-0026-470c-8885-f57b4d7803f4,2026-08-07T20:45:00Z,2026-08-07T22:45:00+0200,170.73,EUR/MWh,DK2,DK_2,imbalance_price,Long,2026-08-11T19:14:45Z
2026-08-11T19:03:52Z,2026-08-11T21:03:52+0200,d65ae107-0026-470c-8885-f57b4d7803f4,2026-08-07T20:45:00Z,2026-08-07T22:45:00+0200,170.73,EUR/MWh,DK2,DK_2,imbalance_price,Short,2026-08-11T19:14:45Z
2026-08-11T19:03:52Z,2026-08-11T21:03:52+0200,d65ae107-0026-470c-8885-f57b4d7803f4,2026-08-07T21:00:00Z,2026-08-07T23:00:00+0200,200.0,EUR/MWh,DK2,DK_2,imbalance_price,Long,2026-08-11T19:14:45Z
2026-08-11T19:03:52Z,2026-08-11T21:03:52+0200,d65ae107-0026-470c-8885-f57b4d7803f4,2026-08-07T21:00:00Z,2026-08-07T23:00:00+0200,200.0,EUR/MWh,DK2,DK_2,imbalance_price,Short,2026-08-11T19:14:45Z
2026-08-11T19:03:52Z,2026-08-11T21:03:52+0200,d65ae107-0026-470c-8885-f57b4d7803f4,2026-08-07T21:15:00Z,2026-08-07T23:15:00+0200,447.42,EUR/MWh,DK2,DK_2,imbalance_price,Long,2026-08-11T19:14:45Z
2026-08-11T19:03:52Z,2026-08-11T21:03:52+0200,d65ae107-0026-470c-8885-f57b4d7803f4,2026-08-07T21:15:00Z,2026-08-07T23:15:00+0200,447.42,EUR/MWh,DK2,DK_2,imbalance_price,Short,2026-08-11T19:14:45Z
2026-08-11T19:03:52Z,2026-08-11T21:03:52+0200,d65ae107-0026-470c-8885-f57b4d7803f4,2026-08-07T21:30:00Z,2026-08-07T23:30:00+0200,254.16,EUR/MWh,DK2,DK_2,imbalance_price,Long,2026-08-11T19:14:45Z
2026-08-11T19:03:52Z,2026-08-11T21:03:52+0200,d65ae107-0026-470c-8885-f57b4d7803f4,2026-08-07T21:30:00Z,2026-08-07T23:30:00+0200,254.16,EUR/MWh,DK2,DK_2,imbalance_price,Short,2026-08-11T19:14:45Z
2026-08-11T19:03:52Z,2026-08-11T21:03:52+0200,d65ae107-0026-470c-8885-f57b4d7803f4,2026-08-07T21:45:00Z,2026-08-07T23:45:00+0200,260.85,EUR/MWh,DK2,DK_2,imbalance_price,Long,2026-08-11T19:14:45Z
2026-08-11T19:03:52Z,2026-08-11T21:03:52+0200,d65ae107-0026-470c-8885-f57b4d7803f4,2026-08-07T21:45:00Z,2026-08-07T23:45:00+0200,260.85,EUR/MWh,DK2,DK_2,imbalance_price,Short,2026-08-11T19:14:45Z
2026-08-11T19:03:52Z,2026-08-11T21:03:52+0200,d65ae107-0026-470c-8885-f57b4d7803f4,2026-08-07T22:00:00Z,2026-08-08T00:00:00+0200,163.17,EUR/MWh,DK2,DK_2,imbalance_price,Long,2026-08-11T19:14:45Z
2026-08-11T19:03:52Z,2026-08-11T21:03:52+0200,d65ae107-0026-470c-8885-f57b4d7803f4,2026-08-07T22:00:00Z,2026-08-08T00:00:00+0200,163.17,EUR/MWh,DK2,DK_2,imbalance_price,Short,2026-08-11T19:14:45Z
2026-08-11T19:03:52Z,2026-08-11T21:03:52+0200,d65ae107-0026-470c-8885-f57b4d7803f4,2026-08-07T22:15:00Z,2026-08-08T00:15:00+0200,157.03,EUR/MWh,DK2,DK_2,imbalance_price,Long,2026-08-11T19:14:45Z
2026-08-11T19:03:52Z,2026-08-11T21:03:52+0200,d65ae107-0026-470c-8885-f57b4d7803f4,2026-08-07T22:15:00Z,2026-08-08T00:15:00+0200,157.03,EUR/MWh,DK2,DK_2,imbalance_price,Short,2026-08-11T19:14:45Z
2026-08-11T19:03:52Z,2026-08-11T21:03:52+0200,d65ae107-0026-470c-8885-f57b4d7803f4,2026-08-07T22:30:00Z,2026-08-08T00:30:00+0200,267.54,EUR/MWh,DK2,DK_2,imbalance_price,Long,2026-08-11T19:14:45Z
2026-08-11T19:03:52Z,2026-08-11T21:03:52+0200,d65ae107-0026-470c-8885-f57b4d7803f4,2026-08-07T22:30:00Z,2026-08-08T00:30:00+0200,267.54,EUR/MWh,DK2,DK_2,imbalance_price,Short,2026-08-11T19:14:45Z
2026-08-11T19:03:52Z,2026-08-11T21:03:52+0200,d65ae107-0026-470c-8885-f57b4d7803f4,2026-08-07T22:45:00Z,2026-08-08T00:45:00+0200,147.13,EUR/MWh,DK2,DK_2,imbalance_price,Long,2026-08-11T19:14:45Z
2026-08-11T19:03:52Z,2026-08-11T21:03:52+0200,d65ae107-0026-470c-8885-f57b4d7803f4,2026-08-07T22:45:00Z,2026-08-08T00:45:00+0200,147.13,EUR/MWh,DK2,DK_2,imbalance_price,Short,2026-08-11T19:14:45Z
2026-08-11T19:03:52Z,2026-08-11T21:03:52+0200,d65ae107-0026-470c-8885-f57b4d7803f4,2026-08-07T23:00:00Z,2026-08-08T01:00:00+0200,115.15,EUR/MWh,DK2,DK_2,imbalance_price,Long,2026-08-11T19:14:45Z
2026-08-11T19:03:52Z,2026-08-11T21:03:52+0200,d65ae107-0026-470c-8885-f57b4d7803f4,2026-08-07T23:00:00Z,2026-08-08T01:00:00+0200,115.15,EUR/MWh,DK2,DK_2,imbalance_price,Short,2026-08-11T19:14:45Z
2026-08-11T19:03:52Z,2026-08-11T21:03:52+0200,d65ae107-0026-470c-8885-f57b4d7803f4,2026-08-07T23:15:00Z,2026-08-08T01:15:00+0200,150.61,EUR/MWh,DK2,DK_2,imbalance_price,Long,2026-08-11T19:14:45Z
2026-08-11T19:03:52Z,2026-08-11T21:03:52+0200,d65ae107-0026-470c-8885-f57b4d7803f4,2026-08-07T23:15:00Z,2026-08-08T01:15:00+0200,150.61,EUR/MWh,DK2,DK_2,imbalance_price,Short,2026-08-11T19:14:45Z
2026-08-11T19:03:52Z,2026-08-11T21:03:52+0200,d65ae107-0026-470c-8885-f57b4d7803f4,2026-08-07T23:30:00Z,2026-08-08T01:30:00+0200,147.06,EUR/MWh,DK2,DK_2,imbalance_price,Long,2026-08-11T19:14:45Z
2026-08-11T19:03:52Z,2026-08-11T21:03:52+0200,d65ae107-0026-470c-8885-f57b4d7803f4,2026-08-07T23:30:00Z,2026-08-08T01:30:00+0200,147.06,EUR/MWh,DK2,DK_2,imbalance_price,Short,2026-08-11T19:14:45Z
2026-08-11T19:03:52Z,2026-08-11T21:03:52+0200,d65ae107-0026-470c-8885-f57b4d7803f4,2026-08-07T23:45:00Z,2026-08-08T01:45:00+0200,294.3,EUR/MWh,DK2,DK_2,imbalance_price,Long,2026-08-11T19:14:45Z
2026-08-11T19:03:52Z,2026-08-11T21:03:52+0200,d65ae107-0026-470c-8885-f57b4d7803f4,2026-08-07T23:45:00Z,2026-08-08T01:45:00+0200,294.3,EUR/MWh,DK2,DK_2,imbalance_price,Short,2026-08-11T19:14:45Z
2026-08-11T19:03:52Z,2026-08-11T21:03:52+0200,d65ae107-0026-470c-8885-f57b4d7803f4,2026-08-08T00:00:00Z,2026-08-08T02:00:00+0200,182.28,EUR/MWh,DK2,DK_2,imbalance_price,Long,2026-08-11T19:14:45Z
2026-08-11T19:03:52Z,2026-08-11T21:03:52+0200,d65ae107-0026-470c-8885-f57b4d7803f4,2026-08-08T00:00:00Z,2026-08-08T02:00:00+0200,182.28,EUR/MWh,DK2,DK_2,imbalance_price,Short,2026-08-11T19:14:45Z
2026-08-11T19:03:52Z,2026-08-11T21:03:52+0200,d65ae107-0026-470c-8885-f57b4d7803f4,2026-08-08T00:15:00Z,2026-08-08T02:15:00+0200,145.24,EUR/MWh,DK2,DK_2,imbalance_price,Long,2026-08-11T19:14:45Z
2026-08-11T19:03:52Z,2026-08-11T21:03:52+0200,d65ae107-0026-470c-8885-f57b4d7803f4,2026-08-08T00:15:00Z,2026-08-08T02:15:00+0200,145.24,EUR/MWh,DK2,DK_2,imbalance_price,Short,2026-08-11T19:14:45Z
2026-08-11T19:03:52Z,2026-08-11T21:03:52+0200,d65ae107-0026-470c-8885-f57b4d7803f4,2026-08-08T00:30:00Z,2026-08-08T02:30:00+0200,144.51,EUR/MWh,DK2,DK_2,imbalance_price,Long,2026-08-11T19:14:45Z
2026-08-11T19:03:52Z,2026-08-11T21:03:52+0200,d65ae107-0026-470c-8885-f57b4d7803f4,2026-08-08T00:30:00Z,2026-08-08T02:30:00+0200,144.51,EUR/MWh,DK2,DK_2,imbalance_price,Short,2026-08-11T19:14:45Z
2026-08-11T19:03:52Z,2026-08-11T21:03:52+0200,d65ae107-0026-470c-8885-f57b4d7803f4,2026-08-08T00:45:00Z,2026-08-08T02:45:00+0200,142.22,EUR/MWh,DK2,DK_2,imbalance_price,Long,2026-08-11T19:14:45Z
2026-08-11T19:03:52Z,2026-08-11T21:03:52+0200,d65ae107-0026-470c-8885-f57b4d7803f4,2026-08-08T00:45:00Z,2026-08-08T02:45:00+0200,142.22,EUR/MWh,DK2,DK_2,imbalance_price,Short,2026-08-11T19:14:45Z
2026-08-11T19:03:52Z,2026-08-11T21:03:52+0200,d65ae107-0026-470c-8885-f57b4d7803f4,2026-08-08T01:00:00Z,2026-08-08T03:00:00+0200,104.69,EUR/MWh,DK2,DK_2,imbalance_price,Long,2026-08-11T19:14:45Z
2026-08-11T19:03:52Z,2026-08-11T21:03:52+0200,d65ae107-0026-470c-8885-f57b4d7803f4,2026-08-08T01:00:00Z,2026-08-08T03:00:00+0200,104.69,EUR/MWh,DK2,DK_2,imbalance_price,Short,2026-08-11T19:14:45Z
2026-08-11T19:03:52Z,2026-08-11T21:03:52+0200,d65ae107-0026-470c-8885-f57b4d7803f4,2026-08-08T01:15:00Z,2026-08-08T03:15:00+0200,82.93,EUR/MWh,DK2,DK_2,imbalance_price,Long,2026-08-11T19:14:45Z
2026-08-11T19:03:52Z,2026-08-11T21:03:52+0200,d65ae107-0026-470c-8885-f57b4d7803f4,2026-08-08T01:15:00Z,2026-08-08T03:15:00+0200,82.93,EUR/MWh,DK2,DK_2,imbalance_price,Short,2026-08-11T19:14:45Z
2026-08-11T19:03:52Z,2026-08-11T21:03:52+0200,d65ae107-0026-470c-8885-f57b4d7803f4,2026-08-08T01:30:00Z,2026-08-08T03:30:00+0200,112.88,EUR/MWh,DK2,DK_2,imbalance_price,Long,2026-08-11T19:14:45Z
2026-08-11T19:03:52Z,2026-08-11T21:03:52+0200,d65ae107-0026-470c-8885-f57b4d7803f4,2026-08-08T01:30:00Z,2026-08-08T03:30:00+0200,112.88,EUR/MWh,DK2,DK_2,imbalance_price,Short,2026-08-11T19:14:45Z
2026-08-11T19:03:52Z,2026-08-11T21:03:52+0200,d65ae107-0026-470c-8885-f57b4d7803f4,2026-08-08T01:45:00Z,2026-08-08T03:45:00+0200,104.07,EUR/MWh,DK2,DK_2,imbalance_price,Long,2026-08-11T19:14:45Z
2026-08-11T19:03:52Z,2026-08-11T21:03:52+0200,d65ae107-0026-470c-8885-f57b4d7803f4,2026-08-08T01:45:00Z,2026-08-08T03:45:00+0200,104.07,EUR/MWh,DK2,DK_2,imbalance_price,Short,2026-08-11T19:14:45Z
2026-08-11T19:03:52Z,2026-08-11T21:03:52+0200,d65ae107-0026-470c-8885-f57b4d7803f4,2026-08-08T02:00:00Z,2026-08-08T04:00:00+0200,115.1,EUR/MWh,DK2,DK_2,imbalance_price,Long,2026-08-11T19:14:45Z
2026-08-11T19:03:52Z,2026-08-11T21:03:52+0200,d65ae107-0026-470c-8885-f57b4d7803f4,2026-08-08T02:00:00Z,2026-08-08T04:00:00+0200,115.1,EUR/MWh,DK2,DK_2,imbalance_price,Short,2026-08-11T19:14:45Z
2026-08-11T19:03:52Z,2026-08-11T21:03:52+0200,d65ae107-0026-470c-8885-f57b4d7803f4,2026-08-08T02:15:00Z,2026-08-08T04:15:00+0200,121.0,EUR/MWh,DK2,DK_2,imbalance_price,Long,2026-08-11T19:14:45Z
2026-08-11T19:03:52Z,2026-08-11T21:03:52+0200,d65ae107-0026-470c-8885-f57b4d7803f4,2026-08-08T02:15:00Z,2026-08-08T04:15:00+0200,121.0,EUR/MWh,DK2,DK_2,imbalance_price,Short,2026-08-11T19:14:45Z
2026-08-11T19:03:52Z,2026-08-11T21:03:52+0200,d65ae107-0026-470c-8885-f57b4d7803f4,2026-08-08T02:30:00Z,2026-08-08T04:30:00+0200,144.27,EUR/MWh,DK2,DK_2,imbalance_price,Long,2026-08-11T19:14:45Z
2026-08-11T19:03:52Z,2026-08-11T21:03:52+0200,d65ae107-0026-470c-8885-f57b4d7803f4,2026-08-08T02:30:00Z,2026-08-08T04:30:00+0200,144.27,EUR/MWh,DK2,DK_2,imbalance_price,Short,2026-08-11T19:14:45Z
2026-08-11T19:03:52Z,2026-08-11T21:03:52+0200,d65ae107-0026-470c-8885-f57b4d7803f4,2026-08-08T02:45:00Z,2026-08-08T04:45:00+0200,200.0,EUR/MWh,DK2,DK_2,imbalance_price,Long,2026-08-11T19:14:45Z
2026-08-11T19:03:52Z,2026-08-11T21:03:52+0200,d65ae107-0026-470c-8885-f57b4d7803f4,2026-08-08T02:45:00Z,2026-08-08T04:45:00+0200,200.0,EUR/MWh,DK2,DK_2,imbalance_price,Short,2026-08-11T19:14:45Z
2026-08-11T19:03:52Z,2026-08-11T21:03:52+0200,d65ae107-0026-470c-8885-f57b4d7803f4,2026-08-08T03:00:00Z,2026-08-08T05:00:00+0200,139.75,EUR/MWh,DK2,DK_2,imbalance_price,Long,2026-08-11T19:14:45Z
2026-08-11T19:03:52Z,2026-08-11T21:03:52+0200,d65ae107-0026-470c-8885-f57b4d7803f4,2026-08-08T03:00:00Z,2026-08-08T05:00:00+0200,139.75,EUR/MWh,DK2,DK_2,imbalance_price,Short,2026-08-11T19:14:45Z
2026-08-11T19:03:52Z,2026-08-11T21:03:52+0200,d65ae107-0026-470c-8885-f57b4d7803f4,2026-08-08T03:15:00Z,2026-08-08T05:15:00+0200,141.25,EUR/MWh,DK2,DK_2,imbalance_price,Long,2026-08-11T19:14:45Z
2026-08-11T19:03:52Z,2026-08-11T21:03:52+0200,d65ae107-0026-470c-8885-f57b4d7803f4,2026-08-08T03:15:00Z,2026-08-08T05:15:00+0200,141.25,EUR/MWh,DK2,DK_2,imbalance_price,Short,2026-08-11T19:14:45Z
2026-08-11T19:03:52Z,2026-08-11T21:03:52+0200,d65ae107-0026-470c-8885-f57b4d7803f4,2026-08-08T03:30:00Z,2026-08-08T05:30:00+0200,147.69,EUR/MWh,DK2,DK_2,imbalance_price,Long,2026-08-11T19:14:45Z
2026-08-11T19:03:52Z,2026-08-11T21:03:52+0200,d65ae107-0026-470c-8885-f57b4d7803f4,2026-08-08T03:30:00Z,2026-08-08T05:30:00+0200,147.69,EUR/MWh,DK2,DK_2,imbalance_price,Short,2026-08-11T19:14:45Z
2026-08-11T19:03:52Z,2026-08-11T21:03:52+0200,d65ae107-0026-470c-8885-f57b4d7803f4,2026-08-08T03:45:00Z,2026-08-08T05:45:00+0200,120.0,EUR/MWh,DK2,DK_2,imbalance_price,Long,2026-08-11T19:14:45Z
2026-08-11T19:03:52Z,2026-08-11T21:03:52+0200,d65ae107-0026-470c-8885-f57b4d7803f4,2026-08-08T03:45:00Z,2026-08-08T05:45:00+0200,120.0,EUR/MWh,DK2,DK_2,imbalance_price,Short,2026-08-11T19:14:45Z
2026-08-11T19:03:52Z,2026-08-11T21:03:52+0200,d65ae107-0026-470c-8885-f57b4d7803f4,2026-08-08T04:00:00Z,2026-08-08T06:00:00+0200,154.99,EUR/MWh,DK2,DK_2,imbalance_price,Long,2026-08-11T19:14:45Z
2026-08-11T19:03:52Z,2026-08-11T21:03:52+0200,d65ae107-0026-470c-8885-f57b4d7803f4,2026-08-08T04:00:00Z,2026-08-08T06:00:00+0200,154.99,EUR/MWh,DK2,DK_2,imbalance_price,Short,2026-08-11T19:14:45Z
2026-08-11T19:03:52Z,2026-08-11T21:03:52+0200,d65ae107-0026-470c-8885-f57b4d7803f4,2026-08-08T04:15:00Z,2026-08-08T06:15:00+0200,148.31,EUR/MWh,DK2,DK_2,imbalance_price,Long,2026-08-11T19:14:45Z
2026-08-11T19:03:52Z,2026-08-11T21:03:52+0200,d65ae107-0026-470c-8885-f57b4d7803f4,2026-08-08T04:15:00Z,2026-08-08T06:15:00+0200,148.31,EUR/MWh,DK2,DK_2,imbalance_price,Short,2026-08-11T19:14:45Z
2026-08-11T19:03:52Z,2026-08-11T21:03:52+0200,d65ae107-0026-470c-8885-f57b4d7803f4,2026-08-08T04:30:00Z,2026-08-08T06:30:00+0200,143.92,EUR/MWh,DK2,DK_2,imbalance_price,Long,2026-08-11T19:14:45Z
2026-08-11T19:03:52Z,2026-08-11T21:03:52+0200,d65ae107-0026-470c-8885-f57b4d7803f4,2026-08-08T04:30:00Z,2026-08-08T06:30:00+0200,143.92,EUR/MWh,DK2,DK_2,imbalance_price,Short,2026-08-11T19:14:45Z
2026-08-11T19:03:52Z,2026-08-11T21:03:52+0200,d65ae107-0026-470c-8885-f57b4d7803f4,2026-08-08T04:45:00Z,2026-08-08T06:45:00+0200,139.22,EUR/MWh,DK2,DK_2,imbalance_price,Long,2026-08-11T19:14:45Z
2026-08-11T19:03:52Z,2026-08-11T21:03:52+0200,d65ae107-0026-470c-8885-f57b4d7803f4,2026-08-08T04:45:00Z,2026-08-08T06:45:00+0200,139.22,EUR/MWh,DK2,DK_2,imbalance_price,Short,2026-08-11T19:14:45Z
2026-08-11T19:03:52Z,2026-08-11T21:03:52+0200,d65ae107-0026-470c-8885-f57b4d7803f4,2026-08-08T05:00:00Z,2026-08-08T07:00:00+0200,247.35,EUR/MWh,DK2,DK_2,imbalance_price,Long,2026-08-11T19:14:45Z
2026-08-11T19:03:52Z,2026-08-11T21:03:52+0200,d65ae107-0026-470c-8885-f57b4d7803f4,2026-08-08T05:00:00Z,2026-08-08T07:00:00+0200,247.35,EUR/MWh,DK2,DK_2,imbalance_price,Short,2026-08-11T19:14:45Z
2026-08-11T19:03:52Z,2026-08-11T21:03:52+0200,d65ae107-0026-470c-8885-f57b4d7803f4,2026-08-08T05:15:00Z,2026-08-08T07:15:00+0200,140.4,EUR/MWh,DK2,DK_2,imbalance_price,Long,2026-08-11T19:14:45Z
2026-08-11T19:03:52Z,2026-08-11T21:03:52+0200,d65ae107-0026-470c-8885-f57b4d7803f4,2026-08-08T05:15:00Z,2026-08-08T07:15:00+0200,140.4,EUR/MWh,DK2,DK_2,imbalance_price,Short,2026-08-11T19:14:45Z
2026-08-11T19:03:52Z,2026-08-11T21:03:52+0200,d65ae107-0026-470c-8885-f57b4d7803f4,2026-08-08T05:30:00Z,2026-08-08T07:30:00+0200,74.45,EUR/MWh,DK2,DK_2,imbalance_price,Long,2026-08-11T19:14:45Z
2026-08-11T19:03:52Z,2026-08-11T21:03:52+0200,d65ae107-0026-470c-8885-f57b4d7803f4,2026-08-08T05:30:00Z,2026-08-08T07:30:00+0200,74.45,EUR/MWh,DK2,DK_2,imbalance_price,Short,2026-08-11T19:14:45Z
2026-08-11T19:03:52Z,2026-08-11T21:03:52+0200,d65ae107-0026-470c-8885-f57b4d7803f4,2026-08-08T05:45:00Z,2026-08-08T07:45:00+0200,120.18,EUR/MWh,DK2,DK_2,imbalance_price,Long,2026-08-11T19:14:45Z
2026-08-11T19:03:52Z,2026-08-11T21:03:52+0200,d65ae107-0026-470c-8885-f57b4d7803f4,2026-08-08T05:45:00Z,2026-08-08T07:45:00+0200,120.18,EUR/MWh,DK2,DK_2,imbalance_price,Short,2026-08-11T19:14:45Z
2026-08-11T19:03:52Z,2026-08-11T21:03:52+0200,d65ae107-0026-470c-8885-f57b4d7803f4,2026-08-08T06:00:00Z,2026-08-08T08:00:00+0200,143.25,EUR/MWh,DK2,DK_2,imbalance_price,Long,2026-08-11T19:14:45Z
2026-08-11T19:03:52Z,2026-08-11T21:03:52+0200,d65ae107-0026-470c-8885-f57b4d7803f4,2026-08-08T06:00:00Z,2026-08-08T08:00:00+0200,143.25,EUR/MWh,DK2,DK_2,imbalance_price,Short,2026-08-11T19:14:45Z
2026-08-11T19:03:52Z,2026-08-11T21:03:52+0200,d65ae107-0026-470c-8885-f57b4d7803f4,2026-08-08T06:15:00Z,2026-08-08T08:15:00+0200,112.41,EUR/MWh,DK2,DK_2,imbalance_price,Long,2026-08-11T19:14:45Z
2026-08-11T19:03:52Z,2026-08-11T21:03:52+0200,d65ae107-0026-470c-8885-f57b4d7803f4,2026-08-08T06:15:00Z,2026-08-08T08:15:00+0200,112.41,EUR/MWh,DK2,DK_2,imbalance_price,Short,2026-08-11T19:14:45Z
2026-08-11T19:03:52Z,2026-08-11T21:03:52+0200,d65ae107-0026-470c-8885-f57b4d7803f4,2026-08-08T06:30:00Z,2026-08-08T08:30:00+0200,126.86,EUR/MWh,DK2,DK_2,imbalance_price,Long,2026-08-11T19:14:45Z
2026-08-11T19:03:52Z,2026-08-11T21:03:52+0200,d65ae107-0026-470c-8885-f57b4d7803f4,2026-08-08T06:30:00Z,2026-08-08T08:30:00+0200,126.86,EUR/MWh,DK2,DK_2,imbalance_price,Short,2026-08-11T19:14:45Z
2026-08-11T19:03:52Z,2026-08-11T21:03:52+0200,d65ae107-0026-470c-8885-f57b4d7803f4,2026-08-08T06:45:00Z,2026-08-08T08:45:00+0200,82.99,EUR/MWh,DK2,DK_2,imbalance_price,Long,2026-08-11T19:14:45Z
2026-08-11T19:03:52Z,2026-08-11T21:03:52+0200,d65ae107-0026-470c-8885-f57b4d7803f4,2026-08-08T06:45:00Z,2026-08-08T08:45:00+0200,82.99,EUR/MWh,DK2,DK_2,imbalance_price,Short,2026-08-11T19:14:45Z
2026-08-11T19:03:52Z,2026-08-11T21:03:52+0200,d65ae107-0026-470c-8885-f57b4d7803f4,2026-08-08T07:00:00Z,2026-08-08T09:00:00+0200,8.0,EUR/MWh,DK2,DK_2,imbalance_price,Long,2026-08-11T19:14:45Z
2026-08-11T19:03:52Z,2026-08-11T21:03:52+0200,d65ae107-0026-470c-8885-f57b4d7803f4,2026-08-08T07:00:00Z,2026-08-08T09:00:00+0200,8.0,EUR/MWh,DK2,DK_2,imbalance_price,Short,2026-08-11T19:14:45Z
2026-08-11T19:03:52Z,2026-08-11T21:03:52+0200,d65ae107-0026-470c-8885-f57b4d7803f4,2026-08-08T07:15:00Z,2026-08-08T09:15:00+0200,5.0,EUR/MWh,DK2,DK_2,imbalance_price,Long,2026-08-11T19:14:45Z
2026-08-11T19:03:52Z,2026-08-11T21:03:52+0200,d65ae107-0026-470c-8885-f57b4d7803f4,2026-08-08T07:15:00Z,2026-08-08T09:15:00+0200,5.0,EUR/MWh,DK2,DK_2,imbalance_price,Short,2026-08-11T19:14:45Z
2026-08-11T19:03:52Z,2026-08-11T21:03:52+0200,d65ae107-0026-470c-8885-f57b4d7803f4,2026-08-08T07:30:00Z,2026-08-08T09:30:00+0200,-5.94,EUR/MWh,DK2,DK_2,imbalance_price,Long,2026-08-11T19:14:45Z
2026-08-11T19:03:52Z,2026-08-11T21:03:52+0200,d65ae107-0026-470c-8885-f57b4d7803f4,2026-08-08T07:30:00Z,2026-08-08T09:30:00+0200,-5.94,EUR/MWh,DK2,DK_2,imbalance_price,Short,2026-08-11T19:14:45Z
2026-08-11T19:03:52Z,2026-08-11T21:03:52+0200,d65ae107-0026-470c-8885-f57b4d7803f4,2026-08-08T07:45:00Z,2026-08-08T09:45:00+0200,-8.17,EUR/MWh,DK2,DK_2,imbalance_price,Long,2026-08-11T19:14:45Z
2026-08-11T19:03:52Z,2026-08-11T21:03:52+0200,d65ae107-0026-470c-8885-f57b4d7803f4,2026-08-08T07:45:00Z,2026-08-08T09:45:00+0200,-8.17,EUR/MWh,DK2,DK_2,imbalance_price,Short,2026-08-11T19:14:45Z
2026-08-11T19:03:52Z,2026-08-11T21:03:52+0200,d65ae107-0026-470c-8885-f57b4d7803f4,2026-08-08T08:00:00Z,2026-08-08T10:00:00+0200,-2.27,EUR/MWh,DK2,DK_2,imbalance_price,Long,2026-08-11T19:14:45Z
2026-08-11T19:03:52Z,2026-08-11T21:03:52+0200,d65ae107-0026-470c-8885-f57b4d7803f4,2026-08-08T08:00:00Z,2026-08-08T10:00:00+0200,-2.27,EUR/MWh,DK2,DK_2,imbalance_price,Short,2026-08-11T19:14:45Z
2026-08-11T19:03:52Z,2026-08-11T21:03:52+0200,d65ae107-0026-470c-8885-f57b4d7803f4,2026-08-08T08:15:00Z,2026-08-08T10:15:00+0200,-7.29,EUR/MWh,DK2,DK_2,imbalance_price,Long,2026-08-11T19:14:45Z
2026-08-11T19:03:52Z,2026-08-11T21:03:52+0200,d65ae107-0026-470c-8885-f57b4d7803f4,2026-08-08T08:15:00Z,2026-08-08T10:15:00+0200,-7.29,EUR/MWh,DK2,DK_2,imbalance_price,Short,2026-08-11T19:14:45Z
2026-08-11T19:03:52Z,2026-08-11T21:03:52+0200,d65ae107-0026-470c-8885-f57b4d7803f4,2026-08-08T08:30:00Z,2026-08-08T10:30:00+0200,1.57,EUR/MWh,DK2,DK_2,imbalance_price,Long,2026-08-11T19:14:45Z
2026-08-11T19:03:52Z,2026-08-11T21:03:52+0200,d65ae107-0026-470c-8885-f57b4d7803f4,2026-08-08T08:30:00Z,2026-08-08T10:30:00+0200,1.57,EUR/MWh,DK2,DK_2,imbalance_price,Short,2026-08-11T19:14:45Z
2026-08-11T19:03:52Z,2026-08-11T21:03:52+0200,d65ae107-0026-470c-8885-f57b4d7803f4,2026-08-08T08:45:00Z,2026-08-08T10:45:00+0200,1.22,EUR/MWh,DK2,DK_2,imbalance_price,Long,2026-08-11T19:14:45Z
2026-08-11T19:03:52Z,2026-08-11T21:03:52+0200,d65ae107-0026-470c-8885-f57b4d7803f4,2026-08-08T08:45:00Z,2026-08-08T10:45:00+0200,1.22,EUR/MWh,DK2,DK_2,imbalance_price,Short,2026-08-11T19:14:45Z
2026-08-11T19:03:52Z,2026-08-11T21:03:52+0200,d65ae107-0026-470c-8885-f57b4d7803f4,2026-08-08T09:00:00Z,2026-08-08T11:00:00+0200,2.2,EUR/MWh,DK2,DK_2,imbalance_price,Long,2026-08-11T19:14:45Z
2026-08-11T19:03:52Z,2026-08-11T21:03:52+0200,d65ae107-0026-470c-8885-f57b4d7803f4,2026-08-08T09:00:00Z,2026-08-08T11:00:00+0200,2.2,EUR/MWh,DK2,DK_2,imbalance_price,Short,2026-08-11T19:14:45Z
2026-08-11T19:03:52Z,2026-08-11T21:03:52+0200,d65ae107-0026-470c-8885-f57b4d7803f4,2026-08-08T09:15:00Z,2026-08-08T11:15:00+0200,2.06,EUR/MWh,DK2,DK_2,imbalance_price,Long,2026-08-11T19:14:45Z
2026-08-11T19:03:52Z,2026-08-11T21:03:52+0200,d65ae107-0026-470c-8885-f57b4d7803f4,2026-08-08T09:15:00Z,2026-08-08T11:15:00+0200,2.06,EUR/MWh,DK2,DK_2,imbalance_price,Short,2026-08-11T19:14:45Z
2026-08-11T19:03:52Z,2026-08-11T21:03:52+0200,d65ae107-0026-470c-8885-f57b4d7803f4,2026-08-08T09:30:00Z,2026-08-08T11:30:00+0200,-9.64,EUR/MWh,DK2,DK_2,imbalance_price,Long,2026-08-11T19:14:45Z
2026-08-11T19:03:52Z,2026-08-11T21:03:52+0200,d65ae107-0026-470c-8885-f57b4d7803f4,2026-08-08T09:30:00Z,2026-08-08T11:30:00+0200,-9.64,EUR/MWh,DK2,DK_2,imbalance_price,Short,2026-08-11T19:14:45Z
2026-08-11T19:03:52Z,2026-08-11T21:03:52+0200,d65ae107-0026-470c-8885-f57b4d7803f4,2026-08-08T09:45:00Z,2026-08-08T11:45:00+0200,1.99,EUR/MWh,DK2,DK_2,imbalance_price,Long,2026-08-11T19:14:45Z
2026-08-11T19:03:52Z,2026-08-11T21:03:52+0200,d65ae107-0026-470c-8885-f57b4d7803f4,2026-08-08T09:45:00Z,2026-08-08T11:45:00+0200,1.99,EUR/MWh,DK2,DK_2,imbalance_price,Short,2026-08-11T19:14:45Z
2026-08-11T19:03:52Z,2026-08-11T21:03:52+0200,d65ae107-0026-470c-8885-f57b4d7803f4,2026-08-08T10:00:00Z,2026-08-08T12:00:00+0200,1.83,EUR/MWh,DK2,DK_2,imbalance_price,Long,2026-08-11T19:14:45Z
2026-08-11T19:03:52Z,2026-08-11T21:03:52+0200,d65ae107-0026-470c-8885-f57b4d7803f4,2026-08-08T10:00:00Z,2026-08-08T12:00:00+0200,1.83,EUR/MWh,DK2,DK_2,imbalance_price,Short,2026-08-11T19:14:45Z
2026-08-11T19:03:52Z,2026-08-11T21:03:52+0200,d65ae107-0026-470c-8885-f57b4d7803f4,2026-08-08T10:15:00Z,2026-08-08T12:15:00+0200,1.37,EUR/MWh,DK2,DK_2,imbalance_price,Long,2026-08-11T19:14:45Z
2026-08-11T19:03:52Z,2026-08-11T21:03:52+0200,d65ae107-0026-470c-8885-f57b4d7803f4,2026-08-08T10:15:00Z,2026-08-08T12:15:00+0200,1.37,EUR/MWh,DK2,DK_2,imbalance_price,Short,2026-08-11T19:14:45Z
2026-08-11T19:03:52Z,2026-08-11T21:03:52+0200,d65ae107-0026-470c-8885-f57b4d7803f4,2026-08-08T10:30:00Z,2026-08-08T12:30:00+0200,-8.08,EUR/MWh,DK2,DK_2,imbalance_price,Long,2026-08-11T19:14:45Z
2026-08-11T19:03:52Z,2026-08-11T21:03:52+0200,d65ae107-0026-470c-8885-f57b4d7803f4,2026-08-08T10:30:00Z,2026-08-08T12:30:00+0200,-8.08,EUR/MWh,DK2,DK_2,imbalance_price,Short,2026-08-11T19:14:45Z
2026-08-11T19:03:52Z,2026-08-11T21:03:52+0200,d65ae107-0026-470c-8885-f57b4d7803f4,2026-08-08T10:45:00Z,2026-08-08T12:45:00+0200,-20.66,EUR/MWh,DK2,DK_2,imbalance_price,Long,2026-08-11T19:14:45Z
2026-08-11T19:03:52Z,2026-08-11T21:03:52+0200,d65ae107-0026-470c-8885-f57b4d7803f4,2026-08-08T10:45:00Z,2026-08-08T12:45:00+0200,-20.66,EUR/MWh,DK2,DK_2,imbalance_price,Short,2026-08-11T19:14:45Z
2026-08-11T19:03:52Z,2026-08-11T21:03:52+0200,d65ae107-0026-470c-8885-f57b4d7803f4,2026-08-08T11:00:00Z,2026-08-08T13:00:00+0200,-13.26,EUR/MWh,DK2,DK_2,imbalance_price,Long,2026-08-11T19:14:45Z
2026-08-11T19:03:52Z,2026-08-11T21:03:52+0200,d65ae107-0026-470c-8885-f57b4d7803f4,2026-08-08T11:00:00Z,2026-08-08T13:00:00+0200,-13.26,EUR/MWh,DK2,DK_2,imbalance_price,Short,2026-08-11T19:14:45Z
2026-08-11T19:03:52Z,2026-08-11T21:03:52+0200,d65ae107-0026-470c-8885-f57b4d7803f4,2026-08-08T11:15:00Z,2026-08-08T13:15:00+0200,-14.97,EUR/MWh,DK2,DK_2,imbalance_price,Long,2026-08-11T19:14:45Z
2026-08-11T19:03:52Z,2026-08-11T21:03:52+0200,d65ae107-0026-470c-8885-f57b4d7803f4,2026-08-08T11:15:00Z,2026-08-08T13:15:00+0200,-14.97,EUR/MWh,DK2,DK_2,imbalance_price,Short,2026-08-11T19:14:45Z
2026-08-11T19:03:52Z,2026-08-11T21:03:52+0200,d65ae107-0026-470c-8885-f57b4d7803f4,2026-08-08T11:30:00Z,2026-08-08T13:30:00+0200,-16.02,EUR/MWh,DK2,DK_2,imbalance_price,Long,2026-08-11T19:14:45Z
2026-08-11T19:03:52Z,2026-08-11T21:03:52+0200,d65ae107-0026-470c-8885-f57b4d7803f4,2026-08-08T11:30:00Z,2026-08-08T13:30:00+0200,-16.02,EUR/MWh,DK2,DK_2,imbalance_price,Short,2026-08-11T19:14:45Z
2026-08-11T19:03:52Z,2026-08-11T21:03:52+0200,d65ae107-0026-470c-8885-f57b4d7803f4,2026-08-08T11:45:00Z,2026-08-08T13:45:00+0200,0.49,EUR/MWh,DK2,DK_2,imbalance_price,Long,2026-08-11T19:14:45Z
2026-08-11T19:03:52Z,2026-08-11T21:03:52+0200,d65ae107-0026-470c-8885-f57b4d7803f4,2026-08-08T11:45:00Z,2026-08-08T13:45:00+0200,0.49,EUR/MWh,DK2,DK_2,imbalance_price,Short,2026-08-11T19:14:45Z
2026-08-11T19:03:52Z,2026-08-11T21:03:52+0200,d65ae107-0026-470c-8885-f57b4d7803f4,2026-08-08T12:00:00Z,2026-08-08T14:00:00+0200,0.56,EUR/MWh,DK2,DK_2,imbalance_price,Long,2026-08-11T19:14:45Z
2026-08-11T19:03:52Z,2026-08-11T21:03:52+0200,d65ae107-0026-470c-8885-f57b4d7803f4,2026-08-08T12:00:00Z,2026-08-08T14:00:00+0200,0.56,EUR/MWh,DK2,DK_2,imbalance_price,Short,2026-08-11T19:14:45Z
2026-08-11T19:03:52Z,2026-08-11T21:03:52+0200,d65ae107-0026-470c-8885-f57b4d7803f4,2026-08-08T12:15:00Z,2026-08-08T14:15:00+0200,0.57,EUR/MWh,DK2,DK_2,imbalance_price,Long,2026-08-11T19:14:45Z
2026-08-11T19:03:52Z,2026-08-11T21:03:52+0200,d65ae107-0026-470c-8885-f57b4d7803f4,2026-08-08T12:15:00Z,2026-08-08T14:15:00+0200,0.57,EUR/MWh,DK2,DK_2,imbalance_price,Short,2026-08-11T19:14:45Z
2026-08-11T19:03:52Z,2026-08-11T21:03:52+0200,d65ae107-0026-470c-8885-f57b4d7803f4,2026-08-08T12:30:00Z,2026-08-08T14:30:00+0200,0.55,EUR/MWh,DK2,DK_2,imbalance_price,Long,2026-08-11T19:14:45Z
2026-08-11T19:03:52Z,2026-08-11T21:03:52+0200,d65ae107-0026-470c-8885-f57b4d7803f4,2026-08-08T12:30:00Z,2026-08-08T14:30:00+0200,0.55,EUR/MWh,DK2,DK_2,imbalance_price,Short,2026-08-11T19:14:45Z
2026-08-11T19:03:52Z,2026-08-11T21:03:52+0200,d65ae107-0026-470c-8885-f57b4d7803f4,2026-08-08T12:45:00Z,2026-08-08T14:45:00+0200,-1.72,EUR/MWh,DK2,DK_2,imbalance_price,Long,2026-08-11T19:14:45Z
2026-08-11T19:03:52Z,2026-08-11T21:03:52+0200,d65ae107-0026-470c-8885-f57b4d7803f4,2026-08-08T12:45:00Z,2026-08-08T14:45:00+0200,-1.72,EUR/MWh,DK2,DK_2,imbalance_price,Short,2026-08-11T19:14:45Z
2026-08-11T19:03:52Z,2026-08-11T21:03:52+0200,d65ae107-0026-470c-8885-f57b4d7803f4,2026-08-08T13:00:00Z,2026-08-08T15:00:00+0200,-3.51,EUR/MWh,DK2,DK_2,imbalance_price,Long,2026-08-11T19:14:45Z
2026-08-11T19:03:52Z,2026-08-11T21:03:52+0200,d65ae107-0026-470c-8885-f57b4d7803f4,2026-08-08T13:00:00Z,2026-08-08T15:00:00+0200,-3.51,EUR/MWh,DK2,DK_2,imbalance_price,Short,2026-08-11T19:14:45Z
2026-08-11T19:03:52Z,2026-08-11T21:03:52+0200,d65ae107-0026-470c-8885-f57b4d7803f4,2026-08-08T13:15:00Z,2026-08-08T15:15:00+0200,0.97,EUR/MWh,DK2,DK_2,imbalance_price,Long,2026-08-11T19:14:45Z
2026-08-11T19:03:52Z,2026-08-11T21:03:52+0200,d65ae107-0026-470c-8885-f57b4d7803f4,2026-08-08T13:15:00Z,2026-08-08T15:15:00+0200,0.97,EUR/MWh,DK2,DK_2,imbalance_price,Short,2026-08-11T19:14:45Z
2026-08-11T19:03:52Z,2026-08-11T21:03:52+0200,d65ae107-0026-470c-8885-f57b4d7803f4,2026-08-08T13:30:00Z,2026-08-08T15:30:00+0200,-13.32,EUR/MWh,DK2,DK_2,imbalance_price,Long,2026-08-11T19:14:45Z
2026-08-11T19:03:52Z,2026-08-11T21:03:52+0200,d65ae107-0026-470c-8885-f57b4d7803f4,2026-08-08T13:30:00Z,2026-08-08T15:30:00+0200,-13.32,EUR/MWh,DK2,DK_2,imbalance_price,Short,2026-08-11T19:14:45Z
2026-08-11T19:03:52Z,2026-08-11T21:03:52+0200,d65ae107-0026-470c-8885-f57b4d7803f4,2026-08-08T13:45:00Z,2026-08-08T15:45:00+0200,-0.37,EUR/MWh,DK2,DK_2,imbalance_price,Long,2026-08-11T19:14:45Z
2026-08-11T19:03:52Z,2026-08-11T21:03:52+0200,d65ae107-0026-470c-8885-f57b4d7803f4,2026-08-08T13:45:00Z,2026-08-08T15:45:00+0200,-0.37,EUR/MWh,DK2,DK_2,imbalance_price,Short,2026-08-11T19:14:45Z
2026-08-11T19:03:52Z,2026-08-11T21:03:52+0200,d65ae107-0026-470c-8885-f57b4d7803f4,2026-08-08T14:00:00Z,2026-08-08T16:00:00+0200,-0.75,EUR/MWh,DK2,DK_2,imbalance_price,Long,2026-08-11T19:14:45Z
2026-08-11T19:03:52Z,2026-08-11T21:03:52+0200,d65ae107-0026-470c-8885-f57b4d7803f4,2026-08-08T14:00:00Z,2026-08-08T16:00:00+0200,-0.75,EUR/MWh,DK2,DK_2,imbalance_price,Short,2026-08-11T19:14:45Z
2026-08-11T19:03:52Z,2026-08-11T21:03:52+0200,d65ae107-0026-470c-8885-f57b4d7803f4,2026-08-08T14:15:00Z,2026-08-08T16:15:00+0200,-2.0,EUR/MWh,DK2,DK_2,imbalance_price,Long,2026-08-11T19:14:45Z
2026-08-11T19:03:52Z,2026-08-11T21:03:52+0200,d65ae107-0026-470c-8885-f57b4d7803f4,2026-08-08T14:15:00Z,2026-08-08T16:15:00+0200,-2.0,EUR/MWh,DK2,DK_2,imbalance_price,Short,2026-08-11T19:14:45Z
2026-08-11T19:03:52Z,2026-08-11T21:03:52+0200,d65ae107-0026-470c-8885-f57b4d7803f4,2026-08-08T14:30:00Z,2026-08-08T16:30:00+0200,-19.88,EUR/MWh,DK2,DK_2,imbalance_price,Long,2026-08-11T19:14:45Z
2026-08-11T19:03:52Z,2026-08-11T21:03:52+0200,d65ae107-0026-470c-8885-f57b4d7803f4,2026-08-08T14:30:00Z,2026-08-08T16:30:00+0200,-19.88,EUR/MWh,DK2,DK_2,imbalance_price,Short,2026-08-11T19:14:45Z
2026-08-11T19:03:52Z,2026-08-11T21:03:52+0200,d65ae107-0026-470c-8885-f57b4d7803f4,2026-08-08T14:45:00Z,2026-08-08T16:45:00+0200,-17.9,EUR/MWh,DK2,DK_2,imbalance_price,Long,2026-08-11T19:14:45Z
2026-08-11T19:03:52Z,2026-08-11T21:03:52+0200,d65ae107-0026-470c-8885-f57b4d7803f4,2026-08-08T14:45:00Z,2026-08-08T16:45:00+0200,-17.9,EUR/MWh,DK2,DK_2,imbalance_price,Short,2026-08-11T19:14:45Z
2026-08-11T19:03:52Z,2026-08-11T21:03:52+0200,d65ae107-0026-470c-8885-f57b4d7803f4,2026-08-08T15:00:00Z,2026-08-08T17:00:00+0200,-7.21,EUR/MWh,DK2,DK_2,imbalance_price,Long,2026-08-11T19:14:45Z
2026-08-11T19:03:52Z,2026-08-11T21:03:52+0200,d65ae107-0026-470c-8885-f57b4d7803f4,2026-08-08T15:00:00Z,2026-08-08T17:00:00+0200,-7.21,EUR/MWh,DK2,DK_2,imbalance_price,Short,2026-08-11T19:14:45Z
2026-08-11T19:03:52Z,2026-08-11T21:03:52+0200,d65ae107-0026-470c-8885-f57b4d7803f4,2026-08-08T15:15:00Z,2026-08-08T17:15:00+0200,34.99,EUR/MWh,DK2,DK_2,imbalance_price,Long,2026-08-11T19:14:45Z
2026-08-11T19:03:52Z,2026-08-11T21:03:52+0200,d65ae107-0026-470c-8885-f57b4d7803f4,2026-08-08T15:15:00Z,2026-08-08T17:15:00+0200,34.99,EUR/MWh,DK2,DK_2,imbalance_price,Short,2026-08-11T19:14:45Z
2026-08-11T19:03:52Z,2026-08-11T21:03:52+0200,d65ae107-0026-470c-8885-f57b4d7803f4,2026-08-08T15:30:00Z,2026-08-08T17:30:00+0200,107.11,EUR/MWh,DK2,DK_2,imbalance_price,Long,2026-08-11T19:14:45Z
2026-08-11T19:03:52Z,2026-08-11T21:03:52+0200,d65ae107-0026-470c-8885-f57b4d7803f4,2026-08-08T15:30:00Z,2026-08-08T17:30:00+0200,107.11,EUR/MWh,DK2,DK_2,imbalance_price,Short,2026-08-11T19:14:45Z
2026-08-11T19:03:52Z,2026-08-11T21:03:52+0200,d65ae107-0026-470c-8885-f57b4d7803f4,2026-08-08T15:45:00Z,2026-08-08T17:45:00+0200,131.6,EUR/MWh,DK2,DK_2,imbalance_price,Long,2026-08-11T19:14:45Z
2026-08-11T19:03:52Z,2026-08-11T21:03:52+0200,d65ae107-0026-470c-8885-f57b4d7803f4,2026-08-08T15:45:00Z,2026-08-08T17:45:00+0200,131.6,EUR/MWh,DK2,DK_2,imbalance_price,Short,2026-08-11T19:14:45Z
2026-08-11T19:03:52Z,2026-08-11T21:03:52+0200,d65ae107-0026-470c-8885-f57b4d7803f4,2026-08-08T16:00:00Z,2026-08-08T18:00:00+0200,108.76,EUR/MWh,DK2,DK_2,imbalance_price,Long,2026-08-11T19:14:45Z
2026-08-11T19:03:52Z,2026-08-11T21:03:52+0200,d65ae107-0026-470c-8885-f57b4d7803f4,2026-08-08T16:00:00Z,2026-08-08T18:00:00+0200,108.76,EUR/MWh,DK2,DK_2,imbalance_price,Short,2026-08-11T19:14:45Z
2026-08-11T19:03:52Z,2026-08-11T21:03:52+0200,d65ae107-0026-470c-8885-f57b4d7803f4,2026-08-08T16:15:00Z,2026-08-08T18:15:00+0200,134.15,EUR/MWh,DK2,DK_2,imbalance_price,Long,2026-08-11T19:14:45Z
2026-08-11T19:03:52Z,2026-08-11T21:03:52+0200,d65ae107-0026-470c-8885-f57b4d7803f4,2026-08-08T16:15:00Z,2026-08-08T18:15:00+0200,134.15,EUR/MWh,DK2,DK_2,imbalance_price,Short,2026-08-11T19:14:45Z
2026-08-11T19:03:52Z,2026-08-11T21:03:52+0200,d65ae107-0026-470c-8885-f57b4d7803f4,2026-08-08T16:30:00Z,2026-08-08T18:30:00+0200,187.8,EUR/MWh,DK2,DK_2,imbalance_price,Long,2026-08-11T19:14:45Z
2026-08-11T19:03:52Z,2026-08-11T21:03:52+0200,d65ae107-0026-470c-8885-f57b4d7803f4,2026-08-08T16:30:00Z,2026-08-08T18:30:00+0200,187.8,EUR/MWh,DK2,DK_2,imbalance_price,Short,2026-08-11T19:14:45Z
2026-08-11T19:03:52Z,2026-08-11T21:03:52+0200,d65ae107-0026-470c-8885-f57b4d7803f4,2026-08-08T16:45:00Z,2026-08-08T18:45:00+0200,164.29,EUR/MWh,DK2,DK_2,imbalance_price,Long,2026-08-11T19:14:45Z
2026-08-11T19:03:52Z,2026-08-11T21:03:52+0200,d65ae107-0026-470c-8885-f57b4d7803f4,2026-08-08T16:45:00Z,2026-08-08T18:45:00+0200,164.29,EUR/MWh,DK2,DK_2,imbalance_price,Short,2026-08-11T19:14:45Z
2026-08-11T19:03:52Z,2026-08-11T21:03:52+0200,d65ae107-0026-470c-8885-f57b4d7803f4,2026-08-08T17:00:00Z,2026-08-08T19:00:00+0200,149.63,EUR/MWh,DK2,DK_2,imbalance_price,Long,2026-08-11T19:14:45Z
2026-08-11T19:03:52Z,2026-08-11T21:03:52+0200,d65ae107-0026-470c-8885-f57b4d7803f4,2026-08-08T17:00:00Z,2026-08-08T19:00:00+0200,149.63,EUR/MWh,DK2,DK_2,imbalance_price,Short,2026-08-11T19:14:45Z
2026-08-11T19:03:52Z,2026-08-11T21:03:52+0200,d65ae107-0026-470c-8885-f57b4d7803f4,2026-08-08T17:15:00Z,2026-08-08T19:15:00+0200,161.02,EUR/MWh,DK2,DK_2,imbalance_price,Long,2026-08-11T19:14:45Z
2026-08-11T19:03:52Z,2026-08-11T21:03:52+0200,d65ae107-0026-470c-8885-f57b4d7803f4,2026-08-08T17:15:00Z,2026-08-08T19:15:00+0200,161.02,EUR/MWh,DK2,DK_2,imbalance_price,Short,2026-08-11T19:14:45Z
2026-08-11T19:03:52Z,2026-08-11T21:03:52+0200,d65ae107-0026-470c-8885-f57b4d7803f4,2026-08-08T17:30:00Z,2026-08-08T19:30:00+0200,170.95,EUR/MWh,DK2,DK_2,imbalance_price,Long,2026-08-11T19:14:45Z
2026-08-11T19:03:52Z,2026-08-11T21:03:52+0200,d65ae107-0026-470c-8885-f57b4d7803f4,2026-08-08T17:30:00Z,2026-08-08T19:30:00+0200,170.95,EUR/MWh,DK2,DK_2,imbalance_price,Short,2026-08-11T19:14:45Z
2026-08-11T19:03:52Z,2026-08-11T21:03:52+0200,d65ae107-0026-470c-8885-f57b4d7803f4,2026-08-08T17:45:00Z,2026-08-08T19:45:00+0200,191.56,EUR/MWh,DK2,DK_2,imbalance_price,Long,2026-08-11T19:14:45Z
2026-08-11T19:03:52Z,2026-08-11T21:03:52+0200,d65ae107-0026-470c-8885-f57b4d7803f4,2026-08-08T17:45:00Z,2026-08-08T19:45:00+0200,191.56,EUR/MWh,DK2,DK_2,imbalance_price,Short,2026-08-11T19:14:45Z
2026-08-11T19:03:52Z,2026-08-11T21:03:52+0200,d65ae107-0026-470c-8885-f57b4d7803f4,2026-08-08T18:00:00Z,2026-08-08T20:00:00+0200,38.0,EUR/MWh,DK2,DK_2,imbalance_price,Long,2026-08-11T19:14:45Z
2026-08-11T19:03:52Z,2026-08-11T21:03:52+0200,d65ae107-0026-470c-8885-f57b4d7803f4,2026-08-08T18:00:00Z,2026-08-08T20:00:00+0200,38.0,EUR/MWh,DK2,DK_2,imbalance_price,Short,2026-08-11T19:14:45Z
2026-08-11T19:03:52Z,2026-08-11T21:03:52+0200,d65ae107-0026-470c-8885-f57b4d7803f4,2026-08-08T18:15:00Z,2026-08-08T20:15:00+0200,135.0,EUR/MWh,DK2,DK_2,imbalance_price,Long,2026-08-11T19:14:45Z
2026-08-11T19:03:52Z,2026-08-11T21:03:52+0200,d65ae107-0026-470c-8885-f57b4d7803f4,2026-08-08T18:15:00Z,2026-08-08T20:15:00+0200,135.0,EUR/MWh,DK2,DK_2,imbalance_price,Short,2026-08-11T19:14:45Z
2026-08-11T19:03:52Z,2026-08-11T21:03:52+0200,d65ae107-0026-470c-8885-f57b4d7803f4,2026-08-08T18:30:00Z,2026-08-08T20:30:00+0200,183.52,EUR/MWh,DK2,DK_2,imbalance_price,Long,2026-08-11T19:14:45Z
2026-08-11T19:03:52Z,2026-08-11T21:03:52+0200,d65ae107-0026-470c-8885-f57b4d7803f4,2026-08-08T18:30:00Z,2026-08-08T20:30:00+0200,183.52,EUR/MWh,DK2,DK_2,imbalance_price,Short,2026-08-11T19:14:45Z
2026-08-11T19:03:52Z,2026-08-11T21:03:52+0200,d65ae107-0026-470c-8885-f57b4d7803f4,2026-08-08T18:45:00Z,2026-08-08T20:45:00+0200,183.75,EUR/MWh,DK2,DK_2,imbalance_price,Long,2026-08-11T19:14:45Z
2026-08-11T19:03:52Z,2026-08-11T21:03:52+0200,d65ae107-0026-470c-8885-f57b4d7803f4,2026-08-08T18:45:00Z,2026-08-08T20:45:00+0200,183.75,EUR/MWh,DK2,DK_2,imbalance_price,Short,2026-08-11T19:14:45Z
2026-08-11T19:03:52Z,2026-08-11T21:03:52+0200,d65ae107-0026-470c-8885-f57b4d7803f4,2026-08-08T19:00:00Z,2026-08-08T21:00:00+0200,141.0,EUR/MWh,DK2,DK_2,imbalance_price,Long,2026-08-11T19:14:45Z
2026-08-11T19:03:52Z,2026-08-11T21:03:52+0200,d65ae107-0026-470c-8885-f57b4d7803f4,2026-08-08T19:00:00Z,2026-08-08T21:00:00+0200,141.0,EUR/MWh,DK2,DK_2,imbalance_price,Short,2026-08-11T19:14:45Z
2026-08-11T19:03:52Z,2026-08-11T21:03:52+0200,d65ae107-0026-470c-8885-f57b4d7803f4,2026-08-08T19:15:00Z,2026-08-08T21:15:00+0200,135.0,EUR/MWh,DK2,DK_2,imbalance_price,Long,2026-08-11T19:14:45Z
2026-08-11T19:03:52Z,2026-08-11T21:03:52+0200,d65ae107-0026-470c-8885-f57b4d7803f4,2026-08-08T19:15:00Z,2026-08-08T21:15:00+0200,135.0,EUR/MWh,DK2,DK_2,imbalance_price,Short,2026-08-11T19:14:45Z
2026-08-11T19:03:52Z,2026-08-11T21:03:52+0200,d65ae107-0026-470c-8885-f57b4d7803f4,2026-08-08T19:30:00Z,2026-08-08T21:30:00+0200,178.53,EUR/MWh,DK2,DK_2,imbalance_price,Long,2026-08-11T19:14:45Z
2026-08-11T19:03:52Z,2026-08-11T21:03:52+0200,d65ae107-0026-470c-8885-f57b4d7803f4,2026-08-08T19:30:00Z,2026-08-08T21:30:00+0200,178.53,EUR/MWh,DK2,DK_2,imbalance_price,Short,2026-08-11T19:14:45Z
2026-08-11T19:03:52Z,2026-08-11T21:03:52+0200,d65ae107-0026-470c-8885-f57b4d7803f4,2026-08-08T19:45:00Z,2026-08-08T21:45:00+0200,200.6,EUR/MWh,DK2,DK_2,imbalance_price,Long,2026-08-11T19:14:45Z
2026-08-11T19:03:52Z,2026-08-11T21:03:52+0200,d65ae107-0026-470c-8885-f57b4d7803f4,2026-08-08T19:45:00Z,2026-08-08T21:45:00+0200,200.6,EUR/MWh,DK2,DK_2,imbalance_price,Short,2026-08-11T19:14:45Z
2026-08-11T19:03:52Z,2026-08-11T21:03:52+0200,d65ae107-0026-470c-8885-f57b4d7803f4,2026-08-08T20:00:00Z,2026-08-08T22:00:00+0200,185.18,EUR/MWh,DK2,DK_2,imbalance_price,Long,2026-08-11T19:14:45Z
2026-08-11T19:03:52Z,2026-08-11T21:03:52+0200,d65ae107-0026-470c-8885-f57b4d7803f4,2026-08-08T20:00:00Z,2026-08-08T22:00:00+0200,185.18,EUR/MWh,DK2,DK_2,imbalance_price,Short,2026-08-11T19:14:45Z
2026-08-11T19:03:52Z,2026-08-11T21:03:52+0200,d65ae107-0026-470c-8885-f57b4d7803f4,2026-08-08T20:15:00Z,2026-08-08T22:15:00+0200,170.48,EUR/MWh,DK2,DK_2,imbalance_price,Long,2026-08-11T19:14:45Z
2026-08-11T19:03:52Z,2026-08-11T21:03:52+0200,d65ae107-0026-470c-8885-f57b4d7803f4,2026-08-08T20:15:00Z,2026-08-08T22:15:00+0200,170.48,EUR/MWh,DK2,DK_2,imbalance_price,Short,2026-08-11T19:14:45Z
2026-08-11T19:03:52Z,2026-08-11T21:03:52+0200,d65ae107-0026-470c-8885-f57b4d7803f4,2026-08-08T20:30:00Z,2026-08-08T22:30:00+0200,107.12,EUR/MWh,DK2,DK_2,imbalance_price,Long,2026-08-11T19:14:45Z
2026-08-11T19:03:52Z,2026-08-11T21:03:52+0200,d65ae107-0026-470c-8885-f57b4d7803f4,2026-08-08T20:30:00Z,2026-08-08T22:30:00+0200,107.12,EUR/MWh,DK2,DK_2,imbalance_price,Short,2026-08-11T19:14:45Z
2026-08-11T19:03:52Z,2026-08-11T21:03:52+0200,d65ae107-0026-470c-8885-f57b4d7803f4,2026-08-08T20:45:00Z,2026-08-08T22:45:00+0200,100.02,EUR/MWh,DK2,DK_2,imbalance_price,Long,2026-08-11T19:14:45Z
2026-08-11T19:03:52Z,2026-08-11T21:03:52+0200,d65ae107-0026-470c-8885-f57b4d7803f4,2026-08-08T20:45:00Z,2026-08-08T22:45:00+0200,100.02,EUR/MWh,DK2,DK_2,imbalance_price,Short,2026-08-11T19:14:45Z
2026-08-11T19:03:52Z,2026-08-11T21:03:52+0200,d65ae107-0026-470c-8885-f57b4d7803f4,2026-08-08T21:00:00Z,2026-08-08T23:00:00+0200,141.0,EUR/MWh,DK2,DK_2,imbalance_price,Long,2026-08-11T19:14:45Z
2026-08-11T19:03:52Z,2026-08-11T21:03:52+0200,d65ae107-0026-470c-8885-f57b4d7803f4,2026-08-08T21:00:00Z,2026-08-08T23:00:00+0200,141.0,EUR/MWh,DK2,DK_2,imbalance_price,Short,2026-08-11T19:14:45Z
2026-08-11T19:03:52Z,2026-08-11T21:03:52+0200,d65ae107-0026-470c-8885-f57b4d7803f4,2026-08-08T21:15:00Z,2026-08-08T23:15:00+0200,155.9,EUR/MWh,DK2,DK_2,imbalance_price,Long,2026-08-11T19:14:45Z
2026-08-11T19:03:52Z,2026-08-11T21:03:52+0200,d65ae107-0026-470c-8885-f57b4d7803f4,2026-08-08T21:15:00Z,2026-08-08T23:15:00+0200,155.9,EUR/MWh,DK2,DK_2,imbalance_price,Short,2026-08-11T19:14:45Z
2026-08-11T19:03:52Z,2026-08-11T21:03:52+0200,d65ae107-0026-470c-8885-f57b4d7803f4,2026-08-08T21:30:00Z,2026-08-08T23:30:00+0200,155.24,EUR/MWh,DK2,DK_2,imbalance_price,Long,2026-08-11T19:14:45Z
2026-08-11T19:03:52Z,2026-08-11T21:03:52+0200,d65ae107-0026-470c-8885-f57b4d7803f4,2026-08-08T21:30:00Z,2026-08-08T23:30:00+0200,155.24,EUR/MWh,DK2,DK_2,imbalance_price,Short,2026-08-11T19:14:45Z
2026-08-11T19:03:52Z,2026-08-11T21:03:52+0200,d65ae107-0026-470c-8885-f57b4d7803f4,2026-08-08T21:45:00Z,2026-08-08T23:45:00+0200,107.02,EUR/MWh,DK2,DK_2,imbalance_price,Long,2026-08-11T19:14:45Z
2026-08-11T19:03:52Z,2026-08-11T21:03:52+0200,d65ae107-0026-470c-8885-f57b4d7803f4,2026-08-08T21:45:00Z,2026-08-08T23:45:00+0200,107.02,EUR/MWh,DK2,DK_2,imbalance_price,Short,2026-08-11T19:14:45Z
2026-08-11T19:03:52Z,2026-08-11T21:03:52+0200,d65ae107-0026-470c-8885-f57b4d7803f4,2026-08-08T22:00:00Z,2026-08-09T00:00:00+0200,102.6,EUR/MWh,DK2,DK_2,imbalance_price,Long,2026-08-11T19:14:45Z
2026-08-11T19:03:52Z,2026-08-11T21:03:52+0200,d65ae107-0026-470c-8885-f57b4d7803f4,2026-08-08T22:00:00Z,2026-08-09T00:00:00+0200,102.6,EUR/MWh,DK2,DK_2,imbalance_price,Short,2026-08-11T19:14:45Z
2026-08-11T19:03:52Z,2026-08-11T21:03:52+0200,d65ae107-0026-470c-8885-f57b4d7803f4,2026-08-08T22:15:00Z,2026-08-09T00:15:00+0200,102.87,EUR/MWh,DK2,DK_2,imbalance_price,Long,2026-08-11T19:14:45Z
2026-08-11T19:03:52Z,2026-08-11T21:03:52+0200,d65ae107-0026-470c-8885-f57b4d7803f4,2026-08-08T22:15:00Z,2026-08-09T00:15:00+0200,102.87,EUR/MWh,DK2,DK_2,imbalance_price,Short,2026-08-11T19:14:45Z
2026-08-11T19:03:52Z,2026-08-11T21:03:52+0200,d65ae107-0026-470c-8885-f57b4d7803f4,2026-08-08T22:30:00Z,2026-08-09T00:30:00+0200,100.0,EUR/MWh,DK2,DK_2,imbalance_price,Long,2026-08-11T19:14:45Z
2026-08-11T19:03:52Z,2026-08-11T21:03:52+0200,d65ae107-0026-470c-8885-f57b4d7803f4,2026-08-08T22:30:00Z,2026-08-09T00:30:00+0200,100.0,EUR/MWh,DK2,DK_2,imbalance_price,Short,2026-08-11T19:14:45Z
2026-08-11T19:03:52Z,2026-08-11T21:03:52+0200,d65ae107-0026-470c-8885-f57b4d7803f4,2026-08-08T22:45:00Z,2026-08-09T00:45:00+0200,96.05,EUR/MWh,DK2,DK_2,imbalance_price,Long,2026-08-11T19:14:45Z
2026-08-11T19:03:52Z,2026-08-11T21:03:52+0200,d65ae107-0026-470c-8885-f57b4d7803f4,2026-08-08T22:45:00Z,2026-08-09T00:45:00+0200,96.05,EUR/MWh,DK2,DK_2,imbalance_price,Short,2026-08-11T19:14:45Z
2026-08-11T19:03:52Z,2026-08-11T21:03:52+0200,d65ae107-0026-470c-8885-f57b4d7803f4,2026-08-08T23:00:00Z,2026-08-09T01:00:00+0200,136.3,EUR/MWh,DK2,DK_2,imbalance_price,Long,2026-08-11T19:14:45Z
2026-08-11T19:03:52Z,2026-08-11T21:03:52+0200,d65ae107-0026-470c-8885-f57b4d7803f4,2026-08-08T23:00:00Z,2026-08-09T01:00:00+0200,136.3,EUR/MWh,DK2,DK_2,imbalance_price,Short,2026-08-11T19:14:45Z
2026-08-11T19:03:52Z,2026-08-11T21:03:52+0200,d65ae107-0026-470c-8885-f57b4d7803f4,2026-08-08T23:15:00Z,2026-08-09T01:15:00+0200,91.17,EUR/MWh,DK2,DK_2,imbalance_price,Long,2026-08-11T19:14:45Z
2026-08-11T19:03:52Z,2026-08-11T21:03:52+0200,d65ae107-0026-470c-8885-f57b4d7803f4,2026-08-08T23:15:00Z,2026-08-09T01:15:00+0200,91.17,EUR/MWh,DK2,DK_2,imbalance_price,Short,2026-08-11T19:14:45Z
2026-08-11T19:03:52Z,2026-08-11T21:03:52+0200,d65ae107-0026-470c-8885-f57b4d7803f4,2026-08-08T23:30:00Z,2026-08-09T01:30:00+0200,141.23,EUR/MWh,DK2,DK_2,imbalance_price,Long,2026-08-11T19:14:45Z
2026-08-11T19:03:52Z,2026-08-11T21:03:52+0200,d65ae107-0026-470c-8885-f57b4d7803f4,2026-08-08T23:30:00Z,2026-08-09T01:30:00+0200,141.23,EUR/MWh,DK2,DK_2,imbalance_price,Short,2026-08-11T19:14:45Z
2026-08-11T19:03:52Z,2026-08-11T21:03:52+0200,d65ae107-0026-470c-8885-f57b4d7803f4,2026-08-08T23:45:00Z,2026-08-09T01:45:00+0200,136.04,EUR/MWh,DK2,DK_2,imbalance_price,Long,2026-08-11T19:14:45Z
2026-08-11T19:03:52Z,2026-08-11T21:03:52+0200,d65ae107-0026-470c-8885-f57b4d7803f4,2026-08-08T23:45:00Z,2026-08-09T01:45:00+0200,136.04,EUR/MWh,DK2,DK_2,imbalance_price,Short,2026-08-11T19:14:45Z
2026-08-11T19:03:52Z,2026-08-11T21:03:52+0200,d65ae107-0026-470c-8885-f57b4d7803f4,2026-08-09T00:00:00Z,2026-08-09T02:00:00+0200,141.06,EUR/MWh,DK2,DK_2,imbalance_price,Long,2026-08-11T19:14:45Z
2026-08-11T19:03:52Z,2026-08-11T21:03:52+0200,d65ae107-0026-470c-8885-f57b4d7803f4,2026-08-09T00:00:00Z,2026-08-09T02:00:00+0200,141.06,EUR/MWh,DK2,DK_2,imbalance_price,Short,2026-08-11T19:14:45Z
2026-08-11T19:03:52Z,2026-08-11T21:03:52+0200,d65ae107-0026-470c-8885-f57b4d7803f4,2026-08-09T00:15:00Z,2026-08-09T02:15:00+0200,136.28,EUR/MWh,DK2,DK_2,imbalance_price,Long,2026-08-11T19:14:45Z
2026-08-11T19:03:52Z,2026-08-11T21:03:52+0200,d65ae107-0026-470c-8885-f57b4d7803f4,2026-08-09T00:15:00Z,2026-08-09T02:15:00+0200,136.28,EUR/MWh,DK2,DK_2,imbalance_price,Short,2026-08-11T19:14:45Z
2026-08-11T19:03:52Z,2026-08-11T21:03:52+0200,d65ae107-0026-470c-8885-f57b4d7803f4,2026-08-09T00:30:00Z,2026-08-09T02:30:00+0200,135.19,EUR/MWh,DK2,DK_2,imbalance_price,Long,2026-08-11T19:14:45Z
2026-08-11T19:03:52Z,2026-08-11T21:03:52+0200,d65ae107-0026-470c-8885-f57b4d7803f4,2026-08-09T00:30:00Z,2026-08-09T02:30:00+0200,135.19,EUR/MWh,DK2,DK_2,imbalance_price,Short,2026-08-11T19:14:45Z
2026-08-11T19:03:52Z,2026-08-11T21:03:52+0200,d65ae107-0026-470c-8885-f57b4d7803f4,2026-08-09T00:45:00Z,2026-08-09T02:45:00+0200,133.24,EUR/MWh,DK2,DK_2,imbalance_price,Long,2026-08-11T19:14:45Z
2026-08-11T19:03:52Z,2026-08-11T21:03:52+0200,d65ae107-0026-470c-8885-f57b4d7803f4,2026-08-09T00:45:00Z,2026-08-09T02:45:00+0200,133.24,EUR/MWh,DK2,DK_2,imbalance_price,Short,2026-08-11T19:14:45Z
2026-08-11T19:03:52Z,2026-08-11T21:03:52+0200,d65ae107-0026-470c-8885-f57b4d7803f4,2026-08-09T01:00:00Z,2026-08-09T03:00:00+0200,135.0,EUR/MWh,DK2,DK_2,imbalance_price,Long,2026-08-11T19:14:45Z
2026-08-11T19:03:52Z,2026-08-11T21:03:52+0200,d65ae107-0026-470c-8885-f57b4d7803f4,2026-08-09T01:00:00Z,2026-08-09T03:00:00+0200,135.0,EUR/MWh,DK2,DK_2,imbalance_price,Short,2026-08-11T19:14:45Z
2026-08-11T19:03:52Z,2026-08-11T21:03:52+0200,d65ae107-0026-470c-8885-f57b4d7803f4,2026-08-09T01:15:00Z,2026-08-09T03:15:00+0200,134.87,EUR/MWh,DK2,DK_2,imbalance_price,Long,2026-08-11T19:14:45Z
2026-08-11T19:03:52Z,2026-08-11T21:03:52+0200,d65ae107-0026-470c-8885-f57b4d7803f4,2026-08-09T01:15:00Z,2026-08-09T03:15:00+0200,134.87,EUR/MWh,DK2,DK_2,imbalance_price,Short,2026-08-11T19:14:45Z
2026-08-11T19:03:52Z,2026-08-11T21:03:52+0200,d65ae107-0026-470c-8885-f57b4d7803f4,2026-08-09T01:30:00Z,2026-08-09T03:30:00+0200,2.0,EUR/MWh,DK2,DK_2,imbalance_price,Long,2026-08-11T19:14:45Z
2026-08-11T19:03:52Z,2026-08-11T21:03:52+0200,d65ae107-0026-470c-8885-f57b4d7803f4,2026-08-09T01:30:00Z,2026-08-09T03:30:00+0200,2.0,EUR/MWh,DK2,DK_2,imbalance_price,Short,2026-08-11T19:14:45Z
2026-08-11T19:03:52Z,2026-08-11T21:03:52+0200,d65ae107-0026-470c-8885-f57b4d7803f4,2026-08-09T01:45:00Z,2026-08-09T03:45:00+0200,1.5,EUR/MWh,DK2,DK_2,imbalance_price,Long,2026-08-11T19:14:45Z
2026-08-11T19:03:52Z,2026-08-11T21:03:52+0200,d65ae107-0026-470c-8885-f57b4d7803f4,2026-08-09T01:45:00Z,2026-08-09T03:45:00+0200,1.5,EUR/MWh,DK2,DK_2,imbalance_price,Short,2026-08-11T19:14:45Z
2026-08-11T19:03:52Z,2026-08-11T21:03:52+0200,d65ae107-0026-470c-8885-f57b4d7803f4,2026-08-09T02:00:00Z,2026-08-09T04:00:00+0200,133.52,EUR/MWh,DK2,DK_2,imbalance_price,Long,2026-08-11T19:14:45Z
2026-08-11T19:03:52Z,2026-08-11T21:03:52+0200,d65ae107-0026-470c-8885-f57b4d7803f4,2026-08-09T02:00:00Z,2026-08-09T04:00:00+0200,133.52,EUR/MWh,DK2,DK_2,imbalance_price,Short,2026-08-11T19:14:45Z
2026-08-11T19:03:52Z,2026-08-11T21:03:52+0200,d65ae107-0026-470c-8885-f57b4d7803f4,2026-08-09T02:15:00Z,2026-08-09T04:15:00+0200,130.88,EUR/MWh,DK2,DK_2,imbalance_price,Long,2026-08-11T19:14:45Z
2026-08-11T19:03:52Z,2026-08-11T21:03:52+0200,d65ae107-0026-470c-8885-f57b4d7803f4,2026-08-09T02:15:00Z,2026-08-09T04:15:00+0200,130.88,EUR/MWh,DK2,DK_2,imbalance_price,Short,2026-08-11T19:14:45Z
2026-08-11T19:03:52Z,2026-08-11T21:03:52+0200,d65ae107-0026-470c-8885-f57b4d7803f4,2026-08-09T02:30:00Z,2026-08-09T04:30:00+0200,133.85,EUR/MWh,DK2,DK_2,imbalance_price,Long,2026-08-11T19:14:45Z
2026-08-11T19:03:52Z,2026-08-11T21:03:52+0200,d65ae107-0026-470c-8885-f57b4d7803f4,2026-08-09T02:30:00Z,2026-08-09T04:30:00+0200,133.85,EUR/MWh,DK2,DK_2,imbalance_price,Short,2026-08-11T19:14:45Z
2026-08-11T19:03:52Z,2026-08-11T21:03:52+0200,d65ae107-0026-470c-8885-f57b4d7803f4,2026-08-09T02:45:00Z,2026-08-09T04:45:00+0200,334.44,EUR/MWh,DK2,DK_2,imbalance_price,Long,2026-08-11T19:14:45Z
2026-08-11T19:03:52Z,2026-08-11T21:03:52+0200,d65ae107-0026-470c-8885-f57b4d7803f4,2026-08-09T02:45:00Z,2026-08-09T04:45:00+0200,334.44,EUR/MWh,DK2,DK_2,imbalance_price,Short,2026-08-11T19:14:45Z
2026-08-11T19:03:52Z,2026-08-11T21:03:52+0200,d65ae107-0026-470c-8885-f57b4d7803f4,2026-08-09T03:00:00Z,2026-08-09T05:00:00+0200,509.45,EUR/MWh,DK2,DK_2,imbalance_price,Long,2026-08-11T19:14:45Z
2026-08-11T19:03:52Z,2026-08-11T21:03:52+0200,d65ae107-0026-470c-8885-f57b4d7803f4,2026-08-09T03:00:00Z,2026-08-09T05:00:00+0200,509.45,EUR/MWh,DK2,DK_2,imbalance_price,Short,2026-08-11T19:14:45Z
2026-08-11T19:03:52Z,2026-08-11T21:03:52+0200,d65ae107-0026-470c-8885-f57b4d7803f4,2026-08-09T03:15:00Z,2026-08-09T05:15:00+0200,401.33,EUR/MWh,DK2,DK_2,imbalance_price,Long,2026-08-11T19:14:45Z
2026-08-11T19:03:52Z,2026-08-11T21:03:52+0200,d65ae107-0026-470c-8885-f57b4d7803f4,2026-08-09T03:15:00Z,2026-08-09T05:15:00+0200,401.33,EUR/MWh,DK2,DK_2,imbalance_price,Short,2026-08-11T19:14:45Z
2026-08-11T19:03:52Z,2026-08-11T21:03:52+0200,d65ae107-0026-470c-8885-f57b4d7803f4,2026-08-09T03:30:00Z,2026-08-09T05:30:00+0200,200.67,EUR/MWh,DK2,DK_2,imbalance_price,Long,2026-08-11T19:14:45Z
2026-08-11T19:03:52Z,2026-08-11T21:03:52+0200,d65ae107-0026-470c-8885-f57b4d7803f4,2026-08-09T03:30:00Z,2026-08-09T05:30:00+0200,200.67,EUR/MWh,DK2,DK_2,imbalance_price,Short,2026-08-11T19:14:45Z
2026-08-11T19:03:52Z,2026-08-11T21:03:52+0200,d65ae107-0026-470c-8885-f57b4d7803f4,2026-08-09T03:45:00Z,2026-08-09T05:45:00+0200,132.32,EUR/MWh,DK2,DK_2,imbalance_price,Long,2026-08-11T19:14:45Z
2026-08-11T19:03:52Z,2026-08-11T21:03:52+0200,d65ae107-0026-470c-8885-f57b4d7803f4,2026-08-09T03:45:00Z,2026-08-09T05:45:00+0200,132.32,EUR/MWh,DK2,DK_2,imbalance_price,Short,2026-08-11T19:14:45Z
2026-08-11T19:03:52Z,2026-08-11T21:03:52+0200,d65ae107-0026-470c-8885-f57b4d7803f4,2026-08-09T04:00:00Z,2026-08-09T06:00:00+0200,80.63,EUR/MWh,DK2,DK_2,imbalance_price,Long,2026-08-11T19:14:45Z
2026-08-11T19:03:52Z,2026-08-11T21:03:52+0200,d65ae107-0026-470c-8885-f57b4d7803f4,2026-08-09T04:00:00Z,2026-08-09T06:00:00+0200,80.63,EUR/MWh,DK2,DK_2,imbalance_price,Short,2026-08-11T19:14:45Z
2026-08-11T19:03:52Z,2026-08-11T21:03:52+0200,d65ae107-0026-470c-8885-f57b4d7803f4,2026-08-09T04:15:00Z,2026-08-09T06:15:00+0200,80.85,EUR/MWh,DK2,DK_2,imbalance_price,Long,2026-08-11T19:14:45Z
2026-08-11T19:03:52Z,2026-08-11T21:03:52+0200,d65ae107-0026-470c-8885-f57b4d7803f4,2026-08-09T04:15:00Z,2026-08-09T06:15:00+0200,80.85,EUR/MWh,DK2,DK_2,imbalance_price,Short,2026-08-11T19:14:45Z
2026-08-11T19:03:52Z,2026-08-11T21:03:52+0200,d65ae107-0026-470c-8885-f57b4d7803f4,2026-08-09T04:30:00Z,2026-08-09T06:30:00+0200,108.89,EUR/MWh,DK2,DK_2,imbalance_price,Long,2026-08-11T19:14:45Z
2026-08-11T19:03:52Z,2026-08-11T21:03:52+0200,d65ae107-0026-470c-8885-f57b4d7803f4,2026-08-09T04:30:00Z,2026-08-09T06:30:00+0200,108.89,EUR/MWh,DK2,DK_2,imbalance_price,Short,2026-08-11T19:14:45Z
2026-08-11T19:03:52Z,2026-08-11T21:03:52+0200,d65ae107-0026-470c-8885-f57b4d7803f4,2026-08-09T04:45:00Z,2026-08-09T06:45:00+0200,84.44,EUR/MWh,DK2,DK_2,imbalance_price,Long,2026-08-11T19:14:45Z
2026-08-11T19:03:52Z,2026-08-11T21:03:52+0200,d65ae107-0026-470c-8885-f57b4d7803f4,2026-08-09T04:45:00Z,2026-08-09T06:45:00+0200,84.44,EUR/MWh,DK2,DK_2,imbalance_price,Short,2026-08-11T19:14:45Z
2026-08-11T19:03:52Z,2026-08-11T21:03:52+0200,d65ae107-0026-470c-8885-f57b4d7803f4,2026-08-09T05:00:00Z,2026-08-09T07:00:00+0200,80.97,EUR/MWh,DK2,DK_2,imbalance_price,Long,2026-08-11T19:14:45Z
2026-08-11T19:03:52Z,2026-08-11T21:03:52+0200,d65ae107-0026-470c-8885-f57b4d7803f4,2026-08-09T05:00:00Z,2026-08-09T07:00:00+0200,80.97,EUR/MWh,DK2,DK_2,imbalance_price,Short,2026-08-11T19:14:45Z
2026-08-11T19:03:52Z,2026-08-11T21:03:52+0200,d65ae107-0026-470c-8885-f57b4d7803f4,2026-08-09T05:15:00Z,2026-08-09T07:15:00+0200,82.05,EUR/MWh,DK2,DK_2,imbalance_price,Long,2026-08-11T19:14:45Z
2026-08-11T19:03:52Z,2026-08-11T21:03:52+0200,d65ae107-0026-470c-8885-f57b4d7803f4,2026-08-09T05:15:00Z,2026-08-09T07:15:00+0200,82.05,EUR/MWh,DK2,DK_2,imbalance_price,Short,2026-08-11T19:14:45Z
2026-08-11T19:03:52Z,2026-08-11T21:03:52+0200,d65ae107-0026-470c-8885-f57b4d7803f4,2026-08-09T05:30:00Z,2026-08-09T07:30:00+0200,113.87,EUR/MWh,DK2,DK_2,imbalance_price,Long,2026-08-11T19:14:45Z
2026-08-11T19:03:52Z,2026-08-11T21:03:52+0200,d65ae107-0026-470c-8885-f57b4d7803f4,2026-08-09T05:30:00Z,2026-08-09T07:30:00+0200,113.87,EUR/MWh,DK2,DK_2,imbalance_price,Short,2026-08-11T19:14:45Z
2026-08-11T19:03:52Z,2026-08-11T21:03:52+0200,d65ae107-0026-470c-8885-f57b4d7803f4,2026-08-09T05:45:00Z,2026-08-09T07:45:00+0200,46.76,EUR/MWh,DK2,DK_2,imbalance_price,Long,2026-08-11T19:14:45Z
2026-08-11T19:03:52Z,2026-08-11T21:03:52+0200,d65ae107-0026-470c-8885-f57b4d7803f4,2026-08-09T05:45:00Z,2026-08-09T07:45:00+0200,46.76,EUR/MWh,DK2,DK_2,imbalance_price,Short,2026-08-11T19:14:45Z
2026-08-11T19:03:52Z,2026-08-11T21:03:52+0200,d65ae107-0026-470c-8885-f57b4d7803f4,2026-08-09T06:00:00Z,2026-08-09T08:00:00+0200,115.96,EUR/MWh,DK2,DK_2,imbalance_price,Long,2026-08-11T19:14:45Z
2026-08-11T19:03:52Z,2026-08-11T21:03:52+0200,d65ae107-0026-470c-8885-f57b4d7803f4,2026-08-09T06:00:00Z,2026-08-09T08:00:00+0200,115.96,EUR/MWh,DK2,DK_2,imbalance_price,Short,2026-08-11T19:14:45Z
2026-08-11T19:03:52Z,2026-08-11T21:03:52+0200,d65ae107-0026-470c-8885-f57b4d7803f4,2026-08-09T06:15:00Z,2026-08-09T08:15:00+0200,29.67,EUR/MWh,DK2,DK_2,imbalance_price,Long,2026-08-11T19:14:45Z
2026-08-11T19:03:52Z,2026-08-11T21:03:52+0200,d65ae107-0026-470c-8885-f57b4d7803f4,2026-08-09T06:15:00Z,2026-08-09T08:15:00+0200,29.67,EUR/MWh,DK2,DK_2,imbalance_price,Short,2026-08-11T19:14:45Z
2026-08-11T19:03:52Z,2026-08-11T21:03:52+0200,d65ae107-0026-470c-8885-f57b4d7803f4,2026-08-09T06:30:00Z,2026-08-09T08:30:00+0200,10.38,EUR/MWh,DK2,DK_2,imbalance_price,Long,2026-08-11T19:14:45Z
2026-08-11T19:03:52Z,2026-08-11T21:03:52+0200,d65ae107-0026-470c-8885-f57b4d7803f4,2026-08-09T06:30:00Z,2026-08-09T08:30:00+0200,10.38,EUR/MWh,DK2,DK_2,imbalance_price,Short,2026-08-11T19:14:45Z
2026-08-11T19:03:52Z,2026-08-11T21:03:52+0200,d65ae107-0026-470c-8885-f57b4d7803f4,2026-08-09T06:45:00Z,2026-08-09T08:45:00+0200,10.16,EUR/MWh,DK2,DK_2,imbalance_price,Long,2026-08-11T19:14:45Z
2026-08-11T19:03:52Z,2026-08-11T21:03:52+0200,d65ae107-0026-470c-8885-f57b4d7803f4,2026-08-09T06:45:00Z,2026-08-09T08:45:00+0200,10.16,EUR/MWh,DK2,DK_2,imbalance_price,Short,2026-08-11T19:14:45Z
2026-08-11T19:03:52Z,2026-08-11T21:03:52+0200,d65ae107-0026-470c-8885-f57b4d7803f4,2026-08-09T07:00:00Z,2026-08-09T09:00:00+0200,8.17,EUR/MWh,DK2,DK_2,imbalance_price,Long,2026-08-11T19:14:45Z
2026-08-11T19:03:52Z,2026-08-11T21:03:52+0200,d65ae107-0026-470c-8885-f57b4d7803f4,2026-08-09T07:00:00Z,2026-08-09T09:00:00+0200,8.17,EUR/MWh,DK2,DK_2,imbalance_price,Short,2026-08-11T19:14:45Z
2026-08-11T19:03:52Z,2026-08-11T21:03:52+0200,d65ae107-0026-470c-8885-f57b4d7803f4,2026-08-09T07:15:00Z,2026-08-09T09:15:00+0200,-5.14,EUR/MWh,DK2,DK_2,imbalance_price,Long,2026-08-11T19:14:45Z
2026-08-11T19:03:52Z,2026-08-11T21:03:52+0200,d65ae107-0026-470c-8885-f57b4d7803f4,2026-08-09T07:15:00Z,2026-08-09T09:15:00+0200,-5.14,EUR/MWh,DK2,DK_2,imbalance_price,Short,2026-08-11T19:14:45Z
2026-08-11T19:03:52Z,2026-08-11T21:03:52+0200,d65ae107-0026-470c-8885-f57b4d7803f4,2026-08-09T07:30:00Z,2026-08-09T09:30:00+0200,-10.18,EUR/MWh,DK2,DK_2,imbalance_price,Long,2026-08-11T19:14:45Z
2026-08-11T19:03:52Z,2026-08-11T21:03:52+0200,d65ae107-0026-470c-8885-f57b4d7803f4,2026-08-09T07:30:00Z,2026-08-09T09:30:00+0200,-10.18,EUR/MWh,DK2,DK_2,imbalance_price,Short,2026-08-11T19:14:45Z
2026-08-11T19:03:52Z,2026-08-11T21:03:52+0200,d65ae107-0026-470c-8885-f57b4d7803f4,2026-08-09T07:45:00Z,2026-08-09T09:45:00+0200,-14.11,EUR/MWh,DK2,DK_2,imbalance_price,Long,2026-08-11T19:14:45Z
2026-08-11T19:03:52Z,2026-08-11T21:03:52+0200,d65ae107-0026-470c-8885-f57b4d7803f4,2026-08-09T07:45:00Z,2026-08-09T09:45:00+0200,-14.11,EUR/MWh,DK2,DK_2,imbalance_price,Short,2026-08-11T19:14:45Z
2026-08-11T19:03:52Z,2026-08-11T21:03:52+0200,d65ae107-0026-470c-8885-f57b4d7803f4,2026-08-09T08:00:00Z,2026-08-09T10:00:00+0200,-2.11,EUR/MWh,DK2,DK_2,imbalance_price,Long,2026-08-11T19:14:45Z
2026-08-11T19:03:52Z,2026-08-11T21:03:52+0200,d65ae107-0026-470c-8885-f57b4d7803f4,2026-08-09T08:00:00Z,2026-08-09T10:00:00+0200,-2.11,EUR/MWh,DK2,DK_2,imbalance_price,Short,2026-08-11T19:14:45Z
2026-08-11T19:03:52Z,2026-08-11T21:03:52+0200,d65ae107-0026-470c-8885-f57b4d7803f4,2026-08-09T08:15:00Z,2026-08-09T10:15:00+0200,-11.05,EUR/MWh,DK2,DK_2,imbalance_price,Long,2026-08-11T19:14:45Z
2026-08-11T19:03:52Z,2026-08-11T21:03:52+0200,d65ae107-0026-470c-8885-f57b4d7803f4,2026-08-09T08:15:00Z,2026-08-09T10:15:00+0200,-11.05,EUR/MWh,DK2,DK_2,imbalance_price,Short,2026-08-11T19:14:45Z
2026-08-11T19:03:52Z,2026-08-11T21:03:52+0200,d65ae107-0026-470c-8885-f57b4d7803f4,2026-08-09T08:30:00Z,2026-08-09T10:30:00+0200,-13.89,EUR/MWh,DK2,DK_2,imbalance_price,Long,2026-08-11T19:14:45Z
2026-08-11T19:03:52Z,2026-08-11T21:03:52+0200,d65ae107-0026-470c-8885-f57b4d7803f4,2026-08-09T08:30:00Z,2026-08-09T10:30:00+0200,-13.89,EUR/MWh,DK2,DK_2,imbalance_price,Short,2026-08-11T19:14:45Z
2026-08-11T19:03:52Z,2026-08-11T21:03:52+0200,d65ae107-0026-470c-8885-f57b4d7803f4,2026-08-09T08:45:00Z,2026-08-09T10:45:00+0200,-6.69,EUR/MWh,DK2,DK_2,imbalance_price,Long,2026-08-11T19:14:45Z
2026-08-11T19:03:52Z,2026-08-11T21:03:52+0200,d65ae107-0026-470c-8885-f57b4d7803f4,2026-08-09T08:45:00Z,2026-08-09T10:45:00+0200,-6.69,EUR/MWh,DK2,DK_2,imbalance_price,Short,2026-08-11T19:14:45Z
2026-08-11T19:03:52Z,2026-08-11T21:03:52+0200,d65ae107-0026-470c-8885-f57b4d7803f4,2026-08-09T09:00:00Z,2026-08-09T11:00:00+0200,0.13,EUR/MWh,DK2,DK_2,imbalance_price,Long,2026-08-11T19:14:45Z
2026-08-11T19:03:52Z,2026-08-11T21:03:52+0200,d65ae107-0026-470c-8885-f57b4d7803f4,2026-08-09T09:00:00Z,2026-08-09T11:00:00+0200,0.13,EUR/MWh,DK2,DK_2,imbalance_price,Short,2026-08-11T19:14:45Z
2026-08-11T19:03:52Z,2026-08-11T21:03:52+0200,d65ae107-0026-470c-8885-f57b4d7803f4,2026-08-09T09:15:00Z,2026-08-09T11:15:00+0200,-6.69,EUR/MWh,DK2,DK_2,imbalance_price,Long,2026-08-11T19:14:45Z
2026-08-11T19:03:52Z,2026-08-11T21:03:52+0200,d65ae107-0026-470c-8885-f57b4d7803f4,2026-08-09T09:15:00Z,2026-08-09T11:15:00+0200,-6.69,EUR/MWh,DK2,DK_2,imbalance_price,Short,2026-08-11T19:14:45Z
2026-08-11T19:03:52Z,2026-08-11T21:03:52+0200,d65ae107-0026-470c-8885-f57b4d7803f4,2026-08-09T09:30:00Z,2026-08-09T11:30:00+0200,-6.69,EUR/MWh,DK2,DK_2,imbalance_price,Long,2026-08-11T19:14:45Z
2026-08-11T19:03:52Z,2026-08-11T21:03:52+0200,d65ae107-0026-470c-8885-f57b4d7803f4,2026-08-09T09:30:00Z,2026-08-09T11:30:00+0200,-6.69,EUR/MWh,DK2,DK_2,imbalance_price,Short,2026-08-11T19:14:45Z
2026-08-11T19:03:52Z,2026-08-11T21:03:52+0200,d65ae107-0026-470c-8885-f57b4d7803f4,2026-08-09T09:45:00Z,2026-08-09T11:45:00+0200,-6.69,EUR/MWh,DK2,DK_2,imbalance_price,Long,2026-08-11T19:14:45Z
2026-08-11T19:03:52Z,2026-08-11T21:03:52+0200,d65ae107-0026-470c-8885-f57b4d7803f4,2026-08-09T09:45:00Z,2026-08-09T11:45:00+0200,-6.69,EUR/MWh,DK2,DK_2,imbalance_price,Short,2026-08-11T19:14:45Z
2026-08-11T19:03:52Z,2026-08-11T21:03:52+0200,d65ae107-0026-470c-8885-f57b4d7803f4,2026-08-09T10:00:00Z,2026-08-09T12:00:00+0200,-8.96,EUR/MWh,DK2,DK_2,imbalance_price,Long,2026-08-11T19:14:45Z
2026-08-11T19:03:52Z,2026-08-11T21:03:52+0200,d65ae107-0026-470c-8885-f57b4d7803f4,2026-08-09T10:00:00Z,2026-08-09T12:00:00+0200,-8.96,EUR/MWh,DK2,DK_2,imbalance_price,Short,2026-08-11T19:14:45Z
2026-08-11T19:03:52Z,2026-08-11T21:03:52+0200,d65ae107-0026-470c-8885-f57b4d7803f4,2026-08-09T10:15:00Z,2026-08-09T12:15:00+0200,-8.21,EUR/MWh,DK2,DK_2,imbalance_price,Long,2026-08-11T19:14:45Z
2026-08-11T19:03:52Z,2026-08-11T21:03:52+0200,d65ae107-0026-470c-8885-f57b4d7803f4,2026-08-09T10:15:00Z,2026-08-09T12:15:00+0200,-8.21,EUR/MWh,DK2,DK_2,imbalance_price,Short,2026-08-11T19:14:45Z
2026-08-11T19:03:52Z,2026-08-11T21:03:52+0200,d65ae107-0026-470c-8885-f57b4d7803f4,2026-08-09T10:30:00Z,2026-08-09T12:30:00+0200,0.01,EUR/MWh,DK2,DK_2,imbalance_price,Long,2026-08-11T19:14:45Z
2026-08-11T19:03:52Z,2026-08-11T21:03:52+0200,d65ae107-0026-470c-8885-f57b4d7803f4,2026-08-09T10:30:00Z,2026-08-09T12:30:00+0200,0.01,EUR/MWh,DK2,DK_2,imbalance_price,Short,2026-08-11T19:14:45Z
2026-08-11T19:03:52Z,2026-08-11T21:03:52+0200,d65ae107-0026-470c-8885-f57b4d7803f4,2026-08-09T10:45:00Z,2026-08-09T12:45:00+0200,-10.0,EUR/MWh,DK2,DK_2,imbalance_price,Long,2026-08-11T19:14:45Z
2026-08-11T19:03:52Z,2026-08-11T21:03:52+0200,d65ae107-0026-470c-8885-f57b4d7803f4,2026-08-09T10:45:00Z,2026-08-09T12:45:00+0200,-10.0,EUR/MWh,DK2,DK_2,imbalance_price,Short,2026-08-11T19:14:45Z
2026-08-11T19:03:52Z,2026-08-11T21:03:52+0200,d65ae107-0026-470c-8885-f57b4d7803f4,2026-08-09T11:00:00Z,2026-08-09T13:00:00+0200,-7.49,EUR/MWh,DK2,DK_2,imbalance_price,Long,2026-08-11T19:14:45Z
2026-08-11T19:03:52Z,2026-08-11T21:03:52+0200,d65ae107-0026-470c-8885-f57b4d7803f4,2026-08-09T11:00:00Z,2026-08-09T13:00:00+0200,-7.49,EUR/MWh,DK2,DK_2,imbalance_price,Short,2026-08-11T19:14:45Z
2026-08-11T19:03:52Z,2026-08-11T21:03:52+0200,d65ae107-0026-470c-8885-f57b4d7803f4,2026-08-09T11:15:00Z,2026-08-09T13:15:00+0200,-5.94,EUR/MWh,DK2,DK_2,imbalance_price,Long,2026-08-11T19:14:45Z
2026-08-11T19:03:52Z,2026-08-11T21:03:52+0200,d65ae107-0026-470c-8885-f57b4d7803f4,2026-08-09T11:15:00Z,2026-08-09T13:15:00+0200,-5.94,EUR/MWh,DK2,DK_2,imbalance_price,Short,2026-08-11T19:14:45Z
2026-08-11T19:03:52Z,2026-08-11T21:03:52+0200,d65ae107-0026-470c-8885-f57b4d7803f4,2026-08-09T11:30:00Z,2026-08-09T13:30:00+0200,-3.0,EUR/MWh,DK2,DK_2,imbalance_price,Long,2026-08-11T19:14:45Z
2026-08-11T19:03:52Z,2026-08-11T21:03:52+0200,d65ae107-0026-470c-8885-f57b4d7803f4,2026-08-09T11:30:00Z,2026-08-09T13:30:00+0200,-3.0,EUR/MWh,DK2,DK_2,imbalance_price,Short,2026-08-11T19:14:45Z
2026-08-11T19:03:52Z,2026-08-11T21:03:52+0200,d65ae107-0026-470c-8885-f57b4d7803f4,2026-08-09T11:45:00Z,2026-08-09T13:45:00+0200,-5.05,EUR/MWh,DK2,DK_2,imbalance_price,Long,2026-08-11T19:14:45Z
2026-08-11T19:03:52Z,2026-08-11T21:03:52+0200,d65ae107-0026-470c-8885-f57b4d7803f4,2026-08-09T11:45:00Z,2026-08-09T13:45:00+0200,-5.05,EUR/MWh,DK2,DK_2,imbalance_price,Short,2026-08-11T19:14:45Z
2026-08-11T19:03:52Z,2026-08-11T21:03:52+0200,d65ae107-0026-470c-8885-f57b4d7803f4,2026-08-09T12:00:00Z,2026-08-09T14:00:00+0200,-7.31,EUR/MWh,DK2,DK_2,imbalance_price,Long,2026-08-11T19:14:45Z
2026-08-11T19:03:52Z,2026-08-11T21:03:52+0200,d65ae107-0026-470c-8885-f57b4d7803f4,2026-08-09T12:00:00Z,2026-08-09T14:00:00+0200,-7.31,EUR/MWh,DK2,DK_2,imbalance_price,Short,2026-08-11T19:14:45Z
2026-08-11T19:03:52Z,2026-08-11T21:03:52+0200,d65ae107-0026-470c-8885-f57b4d7803f4,2026-08-09T12:15:00Z,2026-08-09T14:15:00+0200,-2.08,EUR/MWh,DK2,DK_2,imbalance_price,Long,2026-08-11T19:14:45Z
2026-08-11T19:03:52Z,2026-08-11T21:03:52+0200,d65ae107-0026-470c-8885-f57b4d7803f4,2026-08-09T12:15:00Z,2026-08-09T14:15:00+0200,-2.08,EUR/MWh,DK2,DK_2,imbalance_price,Short,2026-08-11T19:14:45Z
2026-08-11T19:03:52Z,2026-08-11T21:03:52+0200,d65ae107-0026-470c-8885-f57b4d7803f4,2026-08-09T12:30:00Z,2026-08-09T14:30:00+0200,-1.0,EUR/MWh,DK2,DK_2,imbalance_price,Long,2026-08-11T19:14:45Z
2026-08-11T19:03:52Z,2026-08-11T21:03:52+0200,d65ae107-0026-470c-8885-f57b4d7803f4,2026-08-09T12:30:00Z,2026-08-09T14:30:00+0200,-1.0,EUR/MWh,DK2,DK_2,imbalance_price,Short,2026-08-11T19:14:45Z
2026-08-11T19:03:52Z,2026-08-11T21:03:52+0200,d65ae107-0026-470c-8885-f57b4d7803f4,2026-08-09T12:45:00Z,2026-08-09T14:45:00+0200,-4.37,EUR/MWh,DK2,DK_2,imbalance_price,Long,2026-08-11T19:14:45Z
2026-08-11T19:03:52Z,2026-08-11T21:03:52+0200,d65ae107-0026-470c-8885-f57b4d7803f4,2026-08-09T12:45:00Z,2026-08-09T14:45:00+0200,-4.37,EUR/MWh,DK2,DK_2,imbalance_price,Short,2026-08-11T19:14:45Z
2026-08-11T19:03:52Z,2026-08-11T21:03:52+0200,d65ae107-0026-470c-8885-f57b4d7803f4,2026-08-09T13:00:00Z,2026-08-09T15:00:00+0200,-12.7,EUR/MWh,DK2,DK_2,imbalance_price,Long,2026-08-11T19:14:45Z
2026-08-11T19:03:52Z,2026-08-11T21:03:52+0200,d65ae107-0026-470c-8885-f57b4d7803f4,2026-08-09T13:00:00Z,2026-08-09T15:00:00+0200,-12.7,EUR/MWh,DK2,DK_2,imbalance_price,Short,2026-08-11T19:14:45Z
2026-08-11T19:03:52Z,2026-08-11T21:03:52+0200,d65ae107-0026-470c-8885-f57b4d7803f4,2026-08-09T13:15:00Z,2026-08-09T15:15:00+0200,-0.01,EUR/MWh,DK2,DK_2,imbalance_price,Long,2026-08-11T19:14:45Z
2026-08-11T19:03:52Z,2026-08-11T21:03:52+0200,d65ae107-0026-470c-8885-f57b4d7803f4,2026-08-09T13:15:00Z,2026-08-09T15:15:00+0200,-0.01,EUR/MWh,DK2,DK_2,imbalance_price,Short,2026-08-11T19:14:45Z
2026-08-11T19:03:52Z,2026-08-11T21:03:52+0200,d65ae107-0026-470c-8885-f57b4d7803f4,2026-08-09T13:30:00Z,2026-08-09T15:30:00+0200,-0.15,EUR/MWh,DK2,DK_2,imbalance_price,Long,2026-08-11T19:14:45Z
2026-08-11T19:03:52Z,2026-08-11T21:03:52+0200,d65ae107-0026-470c-8885-f57b4d7803f4,2026-08-09T13:30:00Z,2026-08-09T15:30:00+0200,-0.15,EUR/MWh,DK2,DK_2,imbalance_price,Short,2026-08-11T19:14:45Z
2026-08-11T19:03:52Z,2026-08-11T21:03:52+0200,d65ae107-0026-470c-8885-f57b4d7803f4,2026-08-09T13:45:00Z,2026-08-09T15:45:00+0200,-4.31,EUR/MWh,DK2,DK_2,imbalance_price,Long,2026-08-11T19:14:45Z
2026-08-11T19:03:52Z,2026-08-11T21:03:52+0200,d65ae107-0026-470c-8885-f57b4d7803f4,2026-08-09T13:45:00Z,2026-08-09T15:45:00+0200,-4.31,EUR/MWh,DK2,DK_2,imbalance_price,Short,2026-08-11T19:14:45Z
2026-08-11T19:03:52Z,2026-08-11T21:03:52+0200,d65ae107-0026-470c-8885-f57b4d7803f4,2026-08-09T14:00:00Z,2026-08-09T16:00:00+0200,39.76,EUR/MWh,DK2,DK_2,imbalance_price,Long,2026-08-11T19:14:45Z
2026-08-11T19:03:52Z,2026-08-11T21:03:52+0200,d65ae107-0026-470c-8885-f57b4d7803f4,2026-08-09T14:00:00Z,2026-08-09T16:00:00+0200,39.76,EUR/MWh,DK2,DK_2,imbalance_price,Short,2026-08-11T19:14:45Z
2026-08-11T19:03:52Z,2026-08-11T21:03:52+0200,d65ae107-0026-470c-8885-f57b4d7803f4,2026-08-09T14:15:00Z,2026-08-09T16:15:00+0200,-2.29,EUR/MWh,DK2,DK_2,imbalance_price,Long,2026-08-11T19:14:45Z
2026-08-11T19:03:52Z,2026-08-11T21:03:52+0200,d65ae107-0026-470c-8885-f57b4d7803f4,2026-08-09T14:15:00Z,2026-08-09T16:15:00+0200,-2.29,EUR/MWh,DK2,DK_2,imbalance_price,Short,2026-08-11T19:14:45Z
2026-08-11T19:03:52Z,2026-08-11T21:03:52+0200,d65ae107-0026-470c-8885-f57b4d7803f4,2026-08-09T14:30:00Z,2026-08-09T16:30:00+0200,1.0,EUR/MWh,DK2,DK_2,imbalance_price,Long,2026-08-11T19:14:45Z
2026-08-11T19:03:52Z,2026-08-11T21:03:52+0200,d65ae107-0026-470c-8885-f57b4d7803f4,2026-08-09T14:30:00Z,2026-08-09T16:30:00+0200,1.0,EUR/MWh,DK2,DK_2,imbalance_price,Short,2026-08-11T19:14:45Z
2026-08-11T19:03:52Z,2026-08-11T21:03:52+0200,d65ae107-0026-470c-8885-f57b4d7803f4,2026-08-09T14:45:00Z,2026-08-09T16:45:00+0200,13.96,EUR/MWh,DK2,DK_2,imbalance_price,Long,2026-08-11T19:14:45Z
2026-08-11T19:03:52Z,2026-08-11T21:03:52+0200,d65ae107-0026-470c-8885-f57b4d7803f4,2026-08-09T14:45:00Z,2026-08-09T16:45:00+0200,13.96,EUR/MWh,DK2,DK_2,imbalance_price,Short,2026-08-11T19:14:45Z
2026-08-11T19:03:52Z,2026-08-11T21:03:52+0200,d65ae107-0026-470c-8885-f57b4d7803f4,2026-08-09T15:00:00Z,2026-08-09T17:00:00+0200,0.0,EUR/MWh,DK2,DK_2,imbalance_price,Long,2026-08-11T19:14:45Z
2026-08-11T19:03:52Z,2026-08-11T21:03:52+0200,d65ae107-0026-470c-8885-f57b4d7803f4,2026-08-09T15:00:00Z,2026-08-09T17:00:00+0200,0.0,EUR/MWh,DK2,DK_2,imbalance_price,Short,2026-08-11T19:14:45Z
2026-08-11T19:03:52Z,2026-08-11T21:03:52+0200,d65ae107-0026-470c-8885-f57b4d7803f4,2026-08-09T15:15:00Z,2026-08-09T17:15:00+0200,72.79,EUR/MWh,DK2,DK_2,imbalance_price,Long,2026-08-11T19:14:45Z
2026-08-11T19:03:52Z,2026-08-11T21:03:52+0200,d65ae107-0026-470c-8885-f57b4d7803f4,2026-08-09T15:15:00Z,2026-08-09T17:15:00+0200,72.79,EUR/MWh,DK2,DK_2,imbalance_price,Short,2026-08-11T19:14:45Z
2026-08-11T19:03:52Z,2026-08-11T21:03:52+0200,d65ae107-0026-470c-8885-f57b4d7803f4,2026-08-09T15:30:00Z,2026-08-09T17:30:00+0200,106.87,EUR/MWh,DK2,DK_2,imbalance_price,Long,2026-08-11T19:14:45Z
2026-08-11T19:03:52Z,2026-08-11T21:03:52+0200,d65ae107-0026-470c-8885-f57b4d7803f4,2026-08-09T15:30:00Z,2026-08-09T17:30:00+0200,106.87,EUR/MWh,DK2,DK_2,imbalance_price,Short,2026-08-11T19:14:45Z
2026-08-11T19:03:52Z,2026-08-11T21:03:52+0200,d65ae107-0026-470c-8885-f57b4d7803f4,2026-08-09T15:45:00Z,2026-08-09T17:45:00+0200,334.5,EUR/MWh,DK2,DK_2,imbalance_price,Long,2026-08-11T19:14:45Z
2026-08-11T19:03:52Z,2026-08-11T21:03:52+0200,d65ae107-0026-470c-8885-f57b4d7803f4,2026-08-09T15:45:00Z,2026-08-09T17:45:00+0200,334.5,EUR/MWh,DK2,DK_2,imbalance_price,Short,2026-08-11T19:14:45Z
2026-08-11T19:03:52Z,2026-08-11T21:03:52+0200,d65ae107-0026-470c-8885-f57b4d7803f4,2026-08-09T16:00:00Z,2026-08-09T18:00:00+0200,535.2,EUR/MWh,DK2,DK_2,imbalance_price,Long,2026-08-11T19:14:45Z
2026-08-11T19:03:52Z,2026-08-11T21:03:52+0200,d65ae107-0026-470c-8885-f57b4d7803f4,2026-08-09T16:00:00Z,2026-08-09T18:00:00+0200,535.2,EUR/MWh,DK2,DK_2,imbalance_price,Short,2026-08-11T19:14:45Z
2026-08-11T19:03:52Z,2026-08-11T21:03:52+0200,d65ae107-0026-470c-8885-f57b4d7803f4,2026-08-09T16:15:00Z,2026-08-09T18:15:00+0200,1099.61,EUR/MWh,DK2,DK_2,imbalance_price,Long,2026-08-11T19:14:45Z
2026-08-11T19:03:52Z,2026-08-11T21:03:52+0200,d65ae107-0026-470c-8885-f57b4d7803f4,2026-08-09T16:15:00Z,2026-08-09T18:15:00+0200,1099.61,EUR/MWh,DK2,DK_2,imbalance_price,Short,2026-08-11T19:14:45Z
2026-08-11T19:03:52Z,2026-08-11T21:03:52+0200,d65ae107-0026-470c-8885-f57b4d7803f4,2026-08-09T16:30:00Z,2026-08-09T18:30:00+0200,535.11,EUR/MWh,DK2,DK_2,imbalance_price,Long,2026-08-11T19:14:45Z
2026-08-11T19:03:52Z,2026-08-11T21:03:52+0200,d65ae107-0026-470c-8885-f57b4d7803f4,2026-08-09T16:30:00Z,2026-08-09T18:30:00+0200,535.11,EUR/MWh,DK2,DK_2,imbalance_price,Short,2026-08-11T19:14:45Z
2026-08-11T19:03:52Z,2026-08-11T21:03:52+0200,d65ae107-0026-470c-8885-f57b4d7803f4,2026-08-09T16:45:00Z,2026-08-09T18:45:00+0200,242.65,EUR/MWh,DK2,DK_2,imbalance_price,Long,2026-08-11T19:14:45Z
2026-08-11T19:03:52Z,2026-08-11T21:03:52+0200,d65ae107-0026-470c-8885-f57b4d7803f4,2026-08-09T16:45:00Z,2026-08-09T18:45:00+0200,242.65,EUR/MWh,DK2,DK_2,imbalance_price,Short,2026-08-11T19:14:45Z
2026-08-11T19:03:52Z,2026-08-11T21:03:52+0200,d65ae107-0026-470c-8885-f57b4d7803f4,2026-08-09T17:00:00Z,2026-08-09T19:00:00+0200,448.41,EUR/MWh,DK2,DK_2,imbalance_price,Long,2026-08-11T19:14:45Z
2026-08-11T19:03:52Z,2026-08-11T21:03:52+0200,d65ae107-0026-470c-8885-f57b4d7803f4,2026-08-09T17:00:00Z,2026-08-09T19:00:00+0200,448.41,EUR/MWh,DK2,DK_2,imbalance_price,Short,2026-08-11T19:14:45Z
2026-08-11T19:03:52Z,2026-08-11T21:03:52+0200,d65ae107-0026-470c-8885-f57b4d7803f4,2026-08-09T17:15:00Z,2026-08-09T19:15:00+0200,361.26,EUR/MWh,DK2,DK_2,imbalance_price,Long,2026-08-11T19:14:45Z
2026-08-11T19:03:52Z,2026-08-11T21:03:52+0200,d65ae107-0026-470c-8885-f57b4d7803f4,2026-08-09T17:15:00Z,2026-08-09T19:15:00+0200,361.26,EUR/MWh,DK2,DK_2,imbalance_price,Short,2026-08-11T19:14:45Z
2026-08-11T19:03:52Z,2026-08-11T21:03:52+0200,d65ae107-0026-470c-8885-f57b4d7803f4,2026-08-09T17:30:00Z,2026-08-09T19:30:00+0200,529.8,EUR/MWh,DK2,DK_2,imbalance_price,Long,2026-08-11T19:14:45Z
2026-08-11T19:03:52Z,2026-08-11T21:03:52+0200,d65ae107-0026-470c-8885-f57b4d7803f4,2026-08-09T17:30:00Z,2026-08-09T19:30:00+0200,529.8,EUR/MWh,DK2,DK_2,imbalance_price,Short,2026-08-11T19:14:45Z
2026-08-11T19:03:52Z,2026-08-11T21:03:52+0200,d65ae107-0026-470c-8885-f57b4d7803f4,2026-08-09T17:45:00Z,2026-08-09T19:45:00+0200,698.52,EUR/MWh,DK2,DK_2,imbalance_price,Long,2026-08-11T19:14:45Z
2026-08-11T19:03:52Z,2026-08-11T21:03:52+0200,d65ae107-0026-470c-8885-f57b4d7803f4,2026-08-09T17:45:00Z,2026-08-09T19:45:00+0200,698.52,EUR/MWh,DK2,DK_2,imbalance_price,Short,2026-08-11T19:14:45Z
2026-08-11T19:03:52Z,2026-08-11T21:03:52+0200,d65ae107-0026-470c-8885-f57b4d7803f4,2026-08-09T18:00:00Z,2026-08-09T20:00:00+0200,171.77,EUR/MWh,DK2,DK_2,imbalance_price,Long,2026-08-11T19:14:45Z
2026-08-11T19:03:52Z,2026-08-11T21:03:52+0200,d65ae107-0026-470c-8885-f57b4d7803f4,2026-08-09T18:00:00Z,2026-08-09T20:00:00+0200,171.77,EUR/MWh,DK2,DK_2,imbalance_price,Short,2026-08-11T19:14:45Z
2026-08-11T19:03:52Z,2026-08-11T21:03:52+0200,d65ae107-0026-470c-8885-f57b4d7803f4,2026-08-09T18:15:00Z,2026-08-09T20:15:00+0200,176.73,EUR/MWh,DK2,DK_2,imbalance_price,Long,2026-08-11T19:14:45Z
2026-08-11T19:03:52Z,2026-08-11T21:03:52+0200,d65ae107-0026-470c-8885-f57b4d7803f4,2026-08-09T18:15:00Z,2026-08-09T20:15:00+0200,176.73,EUR/MWh,DK2,DK_2,imbalance_price,Short,2026-08-11T19:14:45Z
2026-08-11T19:03:52Z,2026-08-11T21:03:52+0200,d65ae107-0026-470c-8885-f57b4d7803f4,2026-08-09T18:30:00Z,2026-08-09T20:30:00+0200,334.5,EUR/MWh,DK2,DK_2,imbalance_price,Long,2026-08-11T19:14:45Z
2026-08-11T19:03:52Z,2026-08-11T21:03:52+0200,d65ae107-0026-470c-8885-f57b4d7803f4,2026-08-09T18:30:00Z,2026-08-09T20:30:00+0200,334.5,EUR/MWh,DK2,DK_2,imbalance_price,Short,2026-08-11T19:14:45Z
2026-08-11T19:03:52Z,2026-08-11T21:03:52+0200,d65ae107-0026-470c-8885-f57b4d7803f4,2026-08-09T18:45:00Z,2026-08-09T20:45:00+0200,165.97,EUR/MWh,DK2,DK_2,imbalance_price,Long,2026-08-11T19:14:45Z
2026-08-11T19:03:52Z,2026-08-11T21:03:52+0200,d65ae107-0026-470c-8885-f57b4d7803f4,2026-08-09T18:45:00Z,2026-08-09T20:45:00+0200,165.97,EUR/MWh,DK2,DK_2,imbalance_price,Short,2026-08-11T19:14:45Z
2026-08-11T19:03:52Z,2026-08-11T21:03:52+0200,d65ae107-0026-470c-8885-f57b4d7803f4,2026-08-09T19:00:00Z,2026-08-09T21:00:00+0200,175.23,EUR/MWh,DK2,DK_2,imbalance_price,Long,2026-08-11T19:14:45Z
2026-08-11T19:03:52Z,2026-08-11T21:03:52+0200,d65ae107-0026-470c-8885-f57b4d7803f4,2026-08-09T19:00:00Z,2026-08-09T21:00:00+0200,175.23,EUR/MWh,DK2,DK_2,imbalance_price,Short,2026-08-11T19:14:45Z
2026-08-11T19:03:52Z,2026-08-11T21:03:52+0200,d65ae107-0026-470c-8885-f57b4d7803f4,2026-08-09T19:15:00Z,2026-08-09T21:15:00+0200,175.73,EUR/MWh,DK2,DK_2,imbalance_price,Long,2026-08-11T19:14:45Z
2026-08-11T19:03:52Z,2026-08-11T21:03:52+0200,d65ae107-0026-470c-8885-f57b4d7803f4,2026-08-09T19:15:00Z,2026-08-09T21:15:00+0200,175.73,EUR/MWh,DK2,DK_2,imbalance_price,Short,2026-08-11T19:14:45Z
2026-08-11T19:03:52Z,2026-08-11T21:03:52+0200,d65ae107-0026-470c-8885-f57b4d7803f4,2026-08-09T19:30:00Z,2026-08-09T21:30:00+0200,175.31,EUR/MWh,DK2,DK_2,imbalance_price,Long,2026-08-11T19:14:45Z
2026-08-11T19:03:52Z,2026-08-11T21:03:52+0200,d65ae107-0026-470c-8885-f57b4d7803f4,2026-08-09T19:30:00Z,2026-08-09T21:30:00+0200,175.31,EUR/MWh,DK2,DK_2,imbalance_price,Short,2026-08-11T19:14:45Z
2026-08-11T19:03:52Z,2026-08-11T21:03:52+0200,d65ae107-0026-470c-8885-f57b4d7803f4,2026-08-09T19:45:00Z,2026-08-09T21:45:00+0200,115.87,EUR/MWh,DK2,DK_2,imbalance_price,Long,2026-08-11T19:14:45Z
2026-08-11T19:03:52Z,2026-08-11T21:03:52+0200,d65ae107-0026-470c-8885-f57b4d7803f4,2026-08-09T19:45:00Z,2026-08-09T21:45:00+0200,115.87,EUR/MWh,DK2,DK_2,imbalance_price,Short,2026-08-11T19:14:45Z
2026-08-11T19:03:52Z,2026-08-11T21:03:52+0200,d65ae107-0026-470c-8885-f57b4d7803f4,2026-08-09T20:00:00Z,2026-08-09T22:00:00+0200,164.51,EUR/MWh,DK2,DK_2,imbalance_price,Long,2026-08-11T19:14:45Z
2026-08-11T19:03:52Z,2026-08-11T21:03:52+0200,d65ae107-0026-470c-8885-f57b4d7803f4,2026-08-09T20:00:00Z,2026-08-09T22:00:00+0200,164.51,EUR/MWh,DK2,DK_2,imbalance_price,Short,2026-08-11T19:14:45Z
2026-08-11T19:03:52Z,2026-08-11T21:03:52+0200,d65ae107-0026-470c-8885-f57b4d7803f4,2026-08-09T20:15:00Z,2026-08-09T22:15:00+0200,136.91,EUR/MWh,DK2,DK_2,imbalance_price,Long,2026-08-11T19:14:45Z
2026-08-11T19:03:52Z,2026-08-11T21:03:52+0200,d65ae107-0026-470c-8885-f57b4d7803f4,2026-08-09T20:15:00Z,2026-08-09T22:15:00+0200,136.91,EUR/MWh,DK2,DK_2,imbalance_price,Short,2026-08-11T19:14:45Z
2026-08-11T19:03:52Z,2026-08-11T21:03:52+0200,d65ae107-0026-470c-8885-f57b4d7803f4,2026-08-09T20:30:00Z,2026-08-09T22:30:00+0200,170.89,EUR/MWh,DK2,DK_2,imbalance_price,Long,2026-08-11T19:14:45Z
2026-08-11T19:03:52Z,2026-08-11T21:03:52+0200,d65ae107-0026-470c-8885-f57b4d7803f4,2026-08-09T20:30:00Z,2026-08-09T22:30:00+0200,170.89,EUR/MWh,DK2,DK_2,imbalance_price,Short,2026-08-11T19:14:45Z
2026-08-11T19:03:52Z,2026-08-11T21:03:52+0200,d65ae107-0026-470c-8885-f57b4d7803f4,2026-08-09T20:45:00Z,2026-08-09T22:45:00+0200,163.96,EUR/MWh,DK2,DK_2,imbalance_price,Long,2026-08-11T19:14:45Z
2026-08-11T19:03:52Z,2026-08-11T21:03:52+0200,d65ae107-0026-470c-8885-f57b4d7803f4,2026-08-09T20:45:00Z,2026-08-09T22:45:00+0200,163.96,EUR/MWh,DK2,DK_2,imbalance_price,Short,2026-08-11T19:14:45Z
2026-08-11T19:03:52Z,2026-08-11T21:03:52+0200,d65ae107-0026-470c-8885-f57b4d7803f4,2026-08-09T21:00:00Z,2026-08-09T23:00:00+0200,134.0,EUR/MWh,DK2,DK_2,imbalance_price,Long,2026-08-11T19:14:45Z
2026-08-11T19:03:52Z,2026-08-11T21:03:52+0200,d65ae107-0026-470c-8885-f57b4d7803f4,2026-08-09T21:00:00Z,2026-08-09T23:00:00+0200,134.0,EUR/MWh,DK2,DK_2,imbalance_price,Short,2026-08-11T19:14:45Z
2026-08-11T19:03:52Z,2026-08-11T21:03:52+0200,d65ae107-0026-470c-8885-f57b4d7803f4,2026-08-09T21:15:00Z,2026-08-09T23:15:00+0200,124.8,EUR/MWh,DK2,DK_2,imbalance_price,Long,2026-08-11T19:14:45Z
2026-08-11T19:03:52Z,2026-08-11T21:03:52+0200,d65ae107-0026-470c-8885-f57b4d7803f4,2026-08-09T21:15:00Z,2026-08-09T23:15:00+0200,124.8,EUR/MWh,DK2,DK_2,imbalance_price,Short,2026-08-11T19:14:45Z
2026-08-11T19:03:52Z,2026-08-11T21:03:52+0200,d65ae107-0026-470c-8885-f57b4d7803f4,2026-08-09T21:30:00Z,2026-08-09T23:30:00+0200,157.57,EUR/MWh,DK2,DK_2,imbalance_price,Long,2026-08-11T19:14:45Z
2026-08-11T19:03:52Z,2026-08-11T21:03:52+0200,d65ae107-0026-470c-8885-f57b4d7803f4,2026-08-09T21:30:00Z,2026-08-09T23:30:00+0200,157.57,EUR/MWh,DK2,DK_2,imbalance_price,Short,2026-08-11T19:14:45Z
2026-08-11T19:03:52Z,2026-08-11T21:03:52+0200,d65ae107-0026-470c-8885-f57b4d7803f4,2026-08-09T21:45:00Z,2026-08-09T23:45:00+0200,151.12,EUR/MWh,DK2,DK_2,imbalance_price,Long,2026-08-11T19:14:45Z
2026-08-11T19:03:52Z,2026-08-11T21:03:52+0200,d65ae107-0026-470c-8885-f57b4d7803f4,2026-08-09T21:45:00Z,2026-08-09T23:45:00+0200,151.12,EUR/MWh,DK2,DK_2,imbalance_price,Short,2026-08-11T19:14:45Z
2026-08-11T19:03:52Z,2026-08-11T21:03:52+0200,d65ae107-0026-470c-8885-f57b4d7803f4,2026-08-09T22:00:00Z,2026-08-10T00:00:00+0200,152.93,EUR/MWh,DK2,DK_2,imbalance_price,Long,2026-08-11T19:14:45Z
2026-08-11T19:03:52Z,2026-08-11T21:03:52+0200,d65ae107-0026-470c-8885-f57b4d7803f4,2026-08-09T22:00:00Z,2026-08-10T00:00:00+0200,152.93,EUR/MWh,DK2,DK_2,imbalance_price,Short,2026-08-11T19:14:45Z
2026-08-11T19:03:52Z,2026-08-11T21:03:52+0200,d65ae107-0026-470c-8885-f57b4d7803f4,2026-08-09T22:15:00Z,2026-08-10T00:15:00+0200,0.57,EUR/MWh,DK2,DK_2,imbalance_price,Long,2026-08-11T19:14:45Z
2026-08-11T19:03:52Z,2026-08-11T21:03:52+0200,d65ae107-0026-470c-8885-f57b4d7803f4,2026-08-09T22:15:00Z,2026-08-10T00:15:00+0200,0.57,EUR/MWh,DK2,DK_2,imbalance_price,Short,2026-08-11T19:14:45Z
2026-08-11T19:03:52Z,2026-08-11T21:03:52+0200,d65ae107-0026-470c-8885-f57b4d7803f4,2026-08-09T22:30:00Z,2026-08-10T00:30:00+0200,-2.07,EUR/MWh,DK2,DK_2,imbalance_price,Long,2026-08-11T19:14:45Z
2026-08-11T19:03:52Z,2026-08-11T21:03:52+0200,d65ae107-0026-470c-8885-f57b4d7803f4,2026-08-09T22:30:00Z,2026-08-10T00:30:00+0200,-2.07,EUR/MWh,DK2,DK_2,imbalance_price,Short,2026-08-11T19:14:45Z
2026-08-11T19:03:52Z,2026-08-11T21:03:52+0200,d65ae107-0026-470c-8885-f57b4d7803f4,2026-08-09T22:45:00Z,2026-08-10T00:45:00+0200,-2.91,EUR/MWh,DK2,DK_2,imbalance_price,Long,2026-08-11T19:14:45Z
2026-08-11T19:03:52Z,2026-08-11T21:03:52+0200,d65ae107-0026-470c-8885-f57b4d7803f4,2026-08-09T22:45:00Z,2026-08-10T00:45:00+0200,-2.91,EUR/MWh,DK2,DK_2,imbalance_price,Short,2026-08-11T19:14:45Z
2026-08-11T19:03:52Z,2026-08-11T21:03:52+0200,d65ae107-0026-470c-8885-f57b4d7803f4,2026-08-09T23:00:00Z,2026-08-10T01:00:00+0200,3.76,EUR/MWh,DK2,DK_2,imbalance_price,Long,2026-08-11T19:14:45Z
2026-08-11T19:03:52Z,2026-08-11T21:03:52+0200,d65ae107-0026-470c-8885-f57b4d7803f4,2026-08-09T23:00:00Z,2026-08-10T01:00:00+0200,3.76,EUR/MWh,DK2,DK_2,imbalance_price,Short,2026-08-11T19:14:45Z
2026-08-11T19:03:52Z,2026-08-11T21:03:52+0200,d65ae107-0026-470c-8885-f57b4d7803f4,2026-08-09T23:15:00Z,2026-08-10T01:15:00+0200,69.26,EUR/MWh,DK2,DK_2,imbalance_price,Long,2026-08-11T19:14:45Z
2026-08-11T19:03:52Z,2026-08-11T21:03:52+0200,d65ae107-0026-470c-8885-f57b4d7803f4,2026-08-09T23:15:00Z,2026-08-10T01:15:00+0200,69.26,EUR/MWh,DK2,DK_2,imbalance_price,Short,2026-08-11T19:14:45Z
2026-08-11T19:03:52Z,2026-08-11T21:03:52+0200,d65ae107-0026-470c-8885-f57b4d7803f4,2026-08-09T23:30:00Z,2026-08-10T01:30:00+0200,-1.0,EUR/MWh,DK2,DK_2,imbalance_price,Long,2026-08-11T19:14:45Z
2026-08-11T19:03:52Z,2026-08-11T21:03:52+0200,d65ae107-0026-470c-8885-f57b4d7803f4,2026-08-09T23:30:00Z,2026-08-10T01:30:00+0200,-1.0,EUR/MWh,DK2,DK_2,imbalance_price,Short,2026-08-11T19:14:45Z
2026-08-11T19:03:52Z,2026-08-11T21:03:52+0200,d65ae107-0026-470c-8885-f57b4d7803f4,2026-08-09T23:45:00Z,2026-08-10T01:45:00+0200,-1.0,EUR/MWh,DK2,DK_2,imbalance_price,Long,2026-08-11T19:14:45Z
2026-08-11T19:03:52Z,2026-08-11T21:03:52+0200,d65ae107-0026-470c-8885-f57b4d7803f4,2026-08-09T23:45:00Z,2026-08-10T01:45:00+0200,-1.0,EUR/MWh,DK2,DK_2,imbalance_price,Short,2026-08-11T19:14:45Z
2026-08-11T19:03:52Z,2026-08-11T21:03:52+0200,d65ae107-0026-470c-8885-f57b4d7803f4,2026-08-10T00:00:00Z,2026-08-10T02:00:00+0200,-1.0,EUR/MWh,DK2,DK_2,imbalance_price,Long,2026-08-11T19:14:45Z
2026-08-11T19:03:52Z,2026-08-11T21:03:52+0200,d65ae107-0026-470c-8885-f57b4d7803f4,2026-08-10T00:00:00Z,2026-08-10T02:00:00+0200,-1.0,EUR/MWh,DK2,DK_2,imbalance_price,Short,2026-08-11T19:14:45Z
2026-08-11T19:03:52Z,2026-08-11T21:03:52+0200,d65ae107-0026-470c-8885-f57b4d7803f4,2026-08-10T00:15:00Z,2026-08-10T02:15:00+0200,1.5,EUR/MWh,DK2,DK_2,imbalance_price,Long,2026-08-11T19:14:45Z
2026-08-11T19:03:52Z,2026-08-11T21:03:52+0200,d65ae107-0026-470c-8885-f57b4d7803f4,2026-08-10T00:15:00Z,2026-08-10T02:15:00+0200,1.5,EUR/MWh,DK2,DK_2,imbalance_price,Short,2026-08-11T19:14:45Z
2026-08-11T19:03:52Z,2026-08-11T21:03:52+0200,d65ae107-0026-470c-8885-f57b4d7803f4,2026-08-10T00:30:00Z,2026-08-10T02:30:00+0200,0.0,EUR/MWh,DK2,DK_2,imbalance_price,Long,2026-08-11T19:14:45Z
2026-08-11T19:03:52Z,2026-08-11T21:03:52+0200,d65ae107-0026-470c-8885-f57b4d7803f4,2026-08-10T00:30:00Z,2026-08-10T02:30:00+0200,0.0,EUR/MWh,DK2,DK_2,imbalance_price,Short,2026-08-11T19:14:45Z
2026-08-11T19:03:52Z,2026-08-11T21:03:52+0200,d65ae107-0026-470c-8885-f57b4d7803f4,2026-08-10T00:45:00Z,2026-08-10T02:45:00+0200,126.27,EUR/MWh,DK2,DK_2,imbalance_price,Long,2026-08-11T19:14:45Z
2026-08-11T19:03:52Z,2026-08-11T21:03:52+0200,d65ae107-0026-470c-8885-f57b4d7803f4,2026-08-10T00:45:00Z,2026-08-10T02:45:00+0200,126.27,EUR/MWh,DK2,DK_2,imbalance_price,Short,2026-08-11T19:14:45Z
2026-08-11T19:03:52Z,2026-08-11T21:03:52+0200,d65ae107-0026-470c-8885-f57b4d7803f4,2026-08-10T01:00:00Z,2026-08-10T03:00:00+0200,170.79,EUR/MWh,DK2,DK_2,imbalance_price,Long,2026-08-11T19:14:45Z
2026-08-11T19:03:52Z,2026-08-11T21:03:52+0200,d65ae107-0026-470c-8885-f57b4d7803f4,2026-08-10T01:00:00Z,2026-08-10T03:00:00+0200,170.79,EUR/MWh,DK2,DK_2,imbalance_price,Short,2026-08-11T19:14:45Z
2026-08-11T19:03:52Z,2026-08-11T21:03:52+0200,d65ae107-0026-470c-8885-f57b4d7803f4,2026-08-10T01:15:00Z,2026-08-10T03:15:00+0200,190.0,EUR/MWh,DK2,DK_2,imbalance_price,Long,2026-08-11T19:14:45Z
2026-08-11T19:03:52Z,2026-08-11T21:03:52+0200,d65ae107-0026-470c-8885-f57b4d7803f4,2026-08-10T01:15:00Z,2026-08-10T03:15:00+0200,190.0,EUR/MWh,DK2,DK_2,imbalance_price,Short,2026-08-11T19:14:45Z
2026-08-11T19:03:52Z,2026-08-11T21:03:52+0200,d65ae107-0026-470c-8885-f57b4d7803f4,2026-08-10T01:30:00Z,2026-08-10T03:30:00+0200,190.0,EUR/MWh,DK2,DK_2,imbalance_price,Long,2026-08-11T19:14:45Z
2026-08-11T19:03:52Z,2026-08-11T21:03:52+0200,d65ae107-0026-470c-8885-f57b4d7803f4,2026-08-10T01:30:00Z,2026-08-10T03:30:00+0200,190.0,EUR/MWh,DK2,DK_2,imbalance_price,Short,2026-08-11T19:14:45Z
2026-08-11T19:03:52Z,2026-08-11T21:03:52+0200,d65ae107-0026-470c-8885-f57b4d7803f4,2026-08-10T01:45:00Z,2026-08-10T03:45:00+0200,127.09,EUR/MWh,DK2,DK_2,imbalance_price,Long,2026-08-11T19:14:45Z
2026-08-11T19:03:52Z,2026-08-11T21:03:52+0200,d65ae107-0026-470c-8885-f57b4d7803f4,2026-08-10T01:45:00Z,2026-08-10T03:45:00+0200,127.09,EUR/MWh,DK2,DK_2,imbalance_price,Short,2026-08-11T19:14:45Z
2026-08-11T19:03:52Z,2026-08-11T21:03:52+0200,d65ae107-0026-470c-8885-f57b4d7803f4,2026-08-10T02:00:00Z,2026-08-10T04:00:00+0200,125.17,EUR/MWh,DK2,DK_2,imbalance_price,Long,2026-08-11T19:14:45Z
2026-08-11T19:03:52Z,2026-08-11T21:03:52+0200,d65ae107-0026-470c-8885-f57b4d7803f4,2026-08-10T02:00:00Z,2026-08-10T04:00:00+0200,125.17,EUR/MWh,DK2,DK_2,imbalance_price,Short,2026-08-11T19:14:45Z
2026-08-11T19:03:52Z,2026-08-11T21:03:52+0200,d65ae107-0026-470c-8885-f57b4d7803f4,2026-08-10T02:15:00Z,2026-08-10T04:15:00+0200,102.23,EUR/MWh,DK2,DK_2,imbalance_price,Long,2026-08-11T19:14:45Z
2026-08-11T19:03:52Z,2026-08-11T21:03:52+0200,d65ae107-0026-470c-8885-f57b4d7803f4,2026-08-10T02:15:00Z,2026-08-10T04:15:00+0200,102.23,EUR/MWh,DK2,DK_2,imbalance_price,Short,2026-08-11T19:14:45Z
2026-08-11T19:03:52Z,2026-08-11T21:03:52+0200,d65ae107-0026-470c-8885-f57b4d7803f4,2026-08-10T02:30:00Z,2026-08-10T04:30:00+0200,126.72,EUR/MWh,DK2,DK_2,imbalance_price,Long,2026-08-11T19:14:45Z
2026-08-11T19:03:52Z,2026-08-11T21:03:52+0200,d65ae107-0026-470c-8885-f57b4d7803f4,2026-08-10T02:30:00Z,2026-08-10T04:30:00+0200,126.72,EUR/MWh,DK2,DK_2,imbalance_price,Short,2026-08-11T19:14:45Z
2026-08-11T19:03:52Z,2026-08-11T21:03:52+0200,d65ae107-0026-470c-8885-f57b4d7803f4,2026-08-10T02:45:00Z,2026-08-10T04:45:00+0200,130.35,EUR/MWh,DK2,DK_2,imbalance_price,Long,2026-08-11T19:14:45Z
2026-08-11T19:03:52Z,2026-08-11T21:03:52+0200,d65ae107-0026-470c-8885-f57b4d7803f4,2026-08-10T02:45:00Z,2026-08-10T04:45:00+0200,130.35,EUR/MWh,DK2,DK_2,imbalance_price,Short,2026-08-11T19:14:45Z
2026-08-11T19:03:52Z,2026-08-11T21:03:52+0200,d65ae107-0026-470c-8885-f57b4d7803f4,2026-08-10T03:00:00Z,2026-08-10T05:00:00+0200,131.61,EUR/MWh,DK2,DK_2,imbalance_price,Long,2026-08-11T19:14:45Z
2026-08-11T19:03:52Z,2026-08-11T21:03:52+0200,d65ae107-0026-470c-8885-f57b4d7803f4,2026-08-10T03:00:00Z,2026-08-10T05:00:00+0200,131.61,EUR/MWh,DK2,DK_2,imbalance_price,Short,2026-08-11T19:14:45Z
2026-08-11T19:03:52Z,2026-08-11T21:03:52+0200,d65ae107-0026-470c-8885-f57b4d7803f4,2026-08-10T03:15:00Z,2026-08-10T05:15:00+0200,139.38,EUR/MWh,DK2,DK_2,imbalance_price,Long,2026-08-11T19:14:45Z
2026-08-11T19:03:52Z,2026-08-11T21:03:52+0200,d65ae107-0026-470c-8885-f57b4d7803f4,2026-08-10T03:15:00Z,2026-08-10T05:15:00+0200,139.38,EUR/MWh,DK2,DK_2,imbalance_price,Short,2026-08-11T19:14:45Z
2026-08-11T19:03:52Z,2026-08-11T21:03:52+0200,d65ae107-0026-470c-8885-f57b4d7803f4,2026-08-10T03:30:00Z,2026-08-10T05:30:00+0200,148.3,EUR/MWh,DK2,DK_2,imbalance_price,Long,2026-08-11T19:14:45Z
2026-08-11T19:03:52Z,2026-08-11T21:03:52+0200,d65ae107-0026-470c-8885-f57b4d7803f4,2026-08-10T03:30:00Z,2026-08-10T05:30:00+0200,148.3,EUR/MWh,DK2,DK_2,imbalance_price,Short,2026-08-11T19:14:45Z
2026-08-11T19:03:52Z,2026-08-11T21:03:52+0200,d65ae107-0026-470c-8885-f57b4d7803f4,2026-08-10T03:45:00Z,2026-08-10T05:45:00+0200,152.99,EUR/MWh,DK2,DK_2,imbalance_price,Long,2026-08-11T19:14:45Z
2026-08-11T19:03:52Z,2026-08-11T21:03:52+0200,d65ae107-0026-470c-8885-f57b4d7803f4,2026-08-10T03:45:00Z,2026-08-10T05:45:00+0200,152.99,EUR/MWh,DK2,DK_2,imbalance_price,Short,2026-08-11T19:14:45Z
2026-08-11T19:03:52Z,2026-08-11T21:03:52+0200,d65ae107-0026-470c-8885-f57b4d7803f4,2026-08-10T04:00:00Z,2026-08-10T06:00:00+0200,105.74,EUR/MWh,DK2,DK_2,imbalance_price,Long,2026-08-11T19:14:45Z
2026-08-11T19:03:52Z,2026-08-11T21:03:52+0200,d65ae107-0026-470c-8885-f57b4d7803f4,2026-08-10T04:00:00Z,2026-08-10T06:00:00+0200,105.74,EUR/MWh,DK2,DK_2,imbalance_price,Short,2026-08-11T19:14:45Z
2026-08-11T19:03:52Z,2026-08-11T21:03:52+0200,d65ae107-0026-470c-8885-f57b4d7803f4,2026-08-10T04:15:00Z,2026-08-10T06:15:00+0200,165.0,EUR/MWh,DK2,DK_2,imbalance_price,Long,2026-08-11T19:14:45Z
2026-08-11T19:03:52Z,2026-08-11T21:03:52+0200,d65ae107-0026-470c-8885-f57b4d7803f4,2026-08-10T04:15:00Z,2026-08-10T06:15:00+0200,165.0,EUR/MWh,DK2,DK_2,imbalance_price,Short,2026-08-11T19:14:45Z
2026-08-11T19:03:52Z,2026-08-11T21:03:52+0200,d65ae107-0026-470c-8885-f57b4d7803f4,2026-08-10T04:30:00Z,2026-08-10T06:30:00+0200,165.35,EUR/MWh,DK2,DK_2,imbalance_price,Long,2026-08-11T19:14:45Z
2026-08-11T19:03:52Z,2026-08-11T21:03:52+0200,d65ae107-0026-470c-8885-f57b4d7803f4,2026-08-10T04:30:00Z,2026-08-10T06:30:00+0200,165.35,EUR/MWh,DK2,DK_2,imbalance_price,Short,2026-08-11T19:14:45Z
2026-08-11T19:03:52Z,2026-08-11T21:03:52+0200,d65ae107-0026-470c-8885-f57b4d7803f4,2026-08-10T04:45:00Z,2026-08-10T06:45:00+0200,334.5,EUR/MWh,DK2,DK_2,imbalance_price,Long,2026-08-11T19:14:45Z
2026-08-11T19:03:52Z,2026-08-11T21:03:52+0200,d65ae107-0026-470c-8885-f57b4d7803f4,2026-08-10T04:45:00Z,2026-08-10T06:45:00+0200,334.5,EUR/MWh,DK2,DK_2,imbalance_price,Short,2026-08-11T19:14:45Z
2026-08-11T19:03:52Z,2026-08-11T21:03:52+0200,d65ae107-0026-470c-8885-f57b4d7803f4,2026-08-10T05:00:00Z,2026-08-10T07:00:00+0200,265.83,EUR/MWh,DK2,DK_2,imbalance_price,Long,2026-08-11T19:14:45Z
2026-08-11T19:03:52Z,2026-08-11T21:03:52+0200,d65ae107-0026-470c-8885-f57b4d7803f4,2026-08-10T05:00:00Z,2026-08-10T07:00:00+0200,265.83,EUR/MWh,DK2,DK_2,imbalance_price,Short,2026-08-11T19:14:45Z
2026-08-11T19:03:52Z,2026-08-11T21:03:52+0200,d65ae107-0026-470c-8885-f57b4d7803f4,2026-08-10T05:15:00Z,2026-08-10T07:15:00+0200,274.98,EUR/MWh,DK2,DK_2,imbalance_price,Long,2026-08-11T19:14:45Z
2026-08-11T19:03:52Z,2026-08-11T21:03:52+0200,d65ae107-0026-470c-8885-f57b4d7803f4,2026-08-10T05:15:00Z,2026-08-10T07:15:00+0200,274.98,EUR/MWh,DK2,DK_2,imbalance_price,Short,2026-08-11T19:14:45Z
2026-08-11T19:03:52Z,2026-08-11T21:03:52+0200,d65ae107-0026-470c-8885-f57b4d7803f4,2026-08-10T05:30:00Z,2026-08-10T07:30:00+0200,218.25,EUR/MWh,DK2,DK_2,imbalance_price,Long,2026-08-11T19:14:45Z
2026-08-11T19:03:52Z,2026-08-11T21:03:52+0200,d65ae107-0026-470c-8885-f57b4d7803f4,2026-08-10T05:30:00Z,2026-08-10T07:30:00+0200,218.25,EUR/MWh,DK2,DK_2,imbalance_price,Short,2026-08-11T19:14:45Z
2026-08-11T19:03:52Z,2026-08-11T21:03:52+0200,d65ae107-0026-470c-8885-f57b4d7803f4,2026-08-10T05:45:00Z,2026-08-10T07:45:00+0200,130.88,EUR/MWh,DK2,DK_2,imbalance_price,Long,2026-08-11T19:14:45Z
2026-08-11T19:03:52Z,2026-08-11T21:03:52+0200,d65ae107-0026-470c-8885-f57b4d7803f4,2026-08-10T05:45:00Z,2026-08-10T07:45:00+0200,130.88,EUR/MWh,DK2,DK_2,imbalance_price,Short,2026-08-11T19:14:45Z
2026-08-11T19:03:52Z,2026-08-11T21:03:52+0200,d65ae107-0026-470c-8885-f57b4d7803f4,2026-08-10T06:00:00Z,2026-08-10T08:00:00+0200,179.91,EUR/MWh,DK2,DK_2,imbalance_price,Long,2026-08-11T19:14:45Z
2026-08-11T19:03:52Z,2026-08-11T21:03:52+0200,d65ae107-0026-470c-8885-f57b4d7803f4,2026-08-10T06:00:00Z,2026-08-10T08:00:00+0200,179.91,EUR/MWh,DK2,DK_2,imbalance_price,Short,2026-08-11T19:14:45Z
2026-08-11T19:03:52Z,2026-08-11T21:03:52+0200,d65ae107-0026-470c-8885-f57b4d7803f4,2026-08-10T06:15:00Z,2026-08-10T08:15:00+0200,165.0,EUR/MWh,DK2,DK_2,imbalance_price,Long,2026-08-11T19:14:45Z
2026-08-11T19:03:52Z,2026-08-11T21:03:52+0200,d65ae107-0026-470c-8885-f57b4d7803f4,2026-08-10T06:15:00Z,2026-08-10T08:15:00+0200,165.0,EUR/MWh,DK2,DK_2,imbalance_price,Short,2026-08-11T19:14:45Z
2026-08-11T19:03:52Z,2026-08-11T21:03:52+0200,d65ae107-0026-470c-8885-f57b4d7803f4,2026-08-10T06:30:00Z,2026-08-10T08:30:00+0200,155.08,EUR/MWh,DK2,DK_2,imbalance_price,Long,2026-08-11T19:14:45Z
2026-08-11T19:03:52Z,2026-08-11T21:03:52+0200,d65ae107-0026-470c-8885-f57b4d7803f4,2026-08-10T06:30:00Z,2026-08-10T08:30:00+0200,155.08,EUR/MWh,DK2,DK_2,imbalance_price,Short,2026-08-11T19:14:45Z
2026-08-11T19:03:52Z,2026-08-11T21:03:52+0200,d65ae107-0026-470c-8885-f57b4d7803f4,2026-08-10T06:45:00Z,2026-08-10T08:45:00+0200,143.55,EUR/MWh,DK2,DK_2,imbalance_price,Long,2026-08-11T19:14:45Z
2026-08-11T19:03:52Z,2026-08-11T21:03:52+0200,d65ae107-0026-470c-8885-f57b4d7803f4,2026-08-10T06:45:00Z,2026-08-10T08:45:00+0200,143.55,EUR/MWh,DK2,DK_2,imbalance_price,Short,2026-08-11T19:14:45Z
2026-08-11T19:03:52Z,2026-08-11T21:03:52+0200,d65ae107-0026-470c-8885-f57b4d7803f4,2026-08-10T07:00:00Z,2026-08-10T09:00:00+0200,11.91,EUR/MWh,DK2,DK_2,imbalance_price,Long,2026-08-11T19:14:45Z
2026-08-11T19:03:52Z,2026-08-11T21:03:52+0200,d65ae107-0026-470c-8885-f57b4d7803f4,2026-08-10T07:00:00Z,2026-08-10T09:00:00+0200,11.91,EUR/MWh,DK2,DK_2,imbalance_price,Short,2026-08-11T19:14:45Z
2026-08-11T19:03:52Z,2026-08-11T21:03:52+0200,d65ae107-0026-470c-8885-f57b4d7803f4,2026-08-10T07:15:00Z,2026-08-10T09:15:00+0200,8.0,EUR/MWh,DK2,DK_2,imbalance_price,Long,2026-08-11T19:14:45Z
2026-08-11T19:03:52Z,2026-08-11T21:03:52+0200,d65ae107-0026-470c-8885-f57b4d7803f4,2026-08-10T07:15:00Z,2026-08-10T09:15:00+0200,8.0,EUR/MWh,DK2,DK_2,imbalance_price,Short,2026-08-11T19:14:45Z
2026-08-11T19:03:52Z,2026-08-11T21:03:52+0200,d65ae107-0026-470c-8885-f57b4d7803f4,2026-08-10T07:30:00Z,2026-08-10T09:30:00+0200,7.98,EUR/MWh,DK2,DK_2,imbalance_price,Long,2026-08-11T19:14:45Z
2026-08-11T19:03:52Z,2026-08-11T21:03:52+0200,d65ae107-0026-470c-8885-f57b4d7803f4,2026-08-10T07:30:00Z,2026-08-10T09:30:00+0200,7.98,EUR/MWh,DK2,DK_2,imbalance_price,Short,2026-08-11T19:14:45Z
2026-08-11T19:03:52Z,2026-08-11T21:03:52+0200,d65ae107-0026-470c-8885-f57b4d7803f4,2026-08-10T07:45:00Z,2026-08-10T09:45:00+0200,3.8,EUR/MWh,DK2,DK_2,imbalance_price,Long,2026-08-11T19:14:45Z
2026-08-11T19:03:52Z,2026-08-11T21:03:52+0200,d65ae107-0026-470c-8885-f57b4d7803f4,2026-08-10T07:45:00Z,2026-08-10T09:45:00+0200,3.8,EUR/MWh,DK2,DK_2,imbalance_price,Short,2026-08-11T19:14:45Z
2026-08-11T19:03:52Z,2026-08-11T21:03:52+0200,d65ae107-0026-470c-8885-f57b4d7803f4,2026-08-10T08:00:00Z,2026-08-10T10:00:00+0200,20.0,EUR/MWh,DK2,DK_2,imbalance_price,Long,2026-08-11T19:14:45Z
2026-08-11T19:03:52Z,2026-08-11T21:03:52+0200,d65ae107-0026-470c-8885-f57b4d7803f4,2026-08-10T08:00:00Z,2026-08-10T10:00:00+0200,20.0,EUR/MWh,DK2,DK_2,imbalance_price,Short,2026-08-11T19:14:45Z
2026-08-11T19:03:52Z,2026-08-11T21:03:52+0200,d65ae107-0026-470c-8885-f57b4d7803f4,2026-08-10T08:15:00Z,2026-08-10T10:15:00+0200,40.51,EUR/MWh,DK2,DK_2,imbalance_price,Long,2026-08-11T19:14:45Z
2026-08-11T19:03:52Z,2026-08-11T21:03:52+0200,d65ae107-0026-470c-8885-f57b4d7803f4,2026-08-10T08:15:00Z,2026-08-10T10:15:00+0200,40.51,EUR/MWh,DK2,DK_2,imbalance_price,Short,2026-08-11T19:14:45Z
2026-08-11T19:03:52Z,2026-08-11T21:03:52+0200,d65ae107-0026-470c-8885-f57b4d7803f4,2026-08-10T08:30:00Z,2026-08-10T10:30:00+0200,105.66,EUR/MWh,DK2,DK_2,imbalance_price,Long,2026-08-11T19:14:45Z
2026-08-11T19:03:52Z,2026-08-11T21:03:52+0200,d65ae107-0026-470c-8885-f57b4d7803f4,2026-08-10T08:30:00Z,2026-08-10T10:30:00+0200,105.66,EUR/MWh,DK2,DK_2,imbalance_price,Short,2026-08-11T19:14:45Z
2026-08-11T19:03:52Z,2026-08-11T21:03:52+0200,d65ae107-0026-470c-8885-f57b4d7803f4,2026-08-10T08:45:00Z,2026-08-10T10:45:00+0200,92.96,EUR/MWh,DK2,DK_2,imbalance_price,Long,2026-08-11T19:14:45Z
2026-08-11T19:03:52Z,2026-08-11T21:03:52+0200,d65ae107-0026-470c-8885-f57b4d7803f4,2026-08-10T08:45:00Z,2026-08-10T10:45:00+0200,92.96,EUR/MWh,DK2,DK_2,imbalance_price,Short,2026-08-11T19:14:45Z
2026-08-11T19:03:52Z,2026-08-11T21:03:52+0200,d65ae107-0026-470c-8885-f57b4d7803f4,2026-08-10T09:00:00Z,2026-08-10T11:00:00+0200,30.9,EUR/MWh,DK2,DK_2,imbalance_price,Long,2026-08-11T19:14:45Z
2026-08-11T19:03:52Z,2026-08-11T21:03:52+0200,d65ae107-0026-470c-8885-f57b4d7803f4,2026-08-10T09:00:00Z,2026-08-10T11:00:00+0200,30.9,EUR/MWh,DK2,DK_2,imbalance_price,Short,2026-08-11T19:14:45Z
2026-08-11T19:03:52Z,2026-08-11T21:03:52+0200,d65ae107-0026-470c-8885-f57b4d7803f4,2026-08-10T09:15:00Z,2026-08-10T11:15:00+0200,27.77,EUR/MWh,DK2,DK_2,imbalance_price,Long,2026-08-11T19:14:45Z
2026-08-11T19:03:52Z,2026-08-11T21:03:52+0200,d65ae107-0026-470c-8885-f57b4d7803f4,2026-08-10T09:15:00Z,2026-08-10T11:15:00+0200,27.77,EUR/MWh,DK2,DK_2,imbalance_price,Short,2026-08-11T19:14:45Z
2026-08-11T19:03:52Z,2026-08-11T21:03:52+0200,d65ae107-0026-470c-8885-f57b4d7803f4,2026-08-10T09:30:00Z,2026-08-10T11:30:00+0200,72.6,EUR/MWh,DK2,DK_2,imbalance_price,Long,2026-08-11T19:14:45Z
2026-08-11T19:03:52Z,2026-08-11T21:03:52+0200,d65ae107-0026-470c-8885-f57b4d7803f4,2026-08-10T09:30:00Z,2026-08-10T11:30:00+0200,72.6,EUR/MWh,DK2,DK_2,imbalance_price,Short,2026-08-11T19:14:45Z
2026-08-11T19:03:52Z,2026-08-11T21:03:52+0200,d65ae107-0026-470c-8885-f57b4d7803f4,2026-08-10T09:45:00Z,2026-08-10T11:45:00+0200,60.75,EUR/MWh,DK2,DK_2,imbalance_price,Long,2026-08-11T19:14:45Z
2026-08-11T19:03:52Z,2026-08-11T21:03:52+0200,d65ae107-0026-470c-8885-f57b4d7803f4,2026-08-10T09:45:00Z,2026-08-10T11:45:00+0200,60.75,EUR/MWh,DK2,DK_2,imbalance_price,Short,2026-08-11T19:14:45Z
2026-08-11T19:03:52Z,2026-08-11T21:03:52+0200,d65ae107-0026-470c-8885-f57b4d7803f4,2026-08-10T10:00:00Z,2026-08-10T12:00:00+0200,0.27,EUR/MWh,DK2,DK_2,imbalance_price,Long,2026-08-11T19:14:45Z
2026-08-11T19:03:52Z,2026-08-11T21:03:52+0200,d65ae107-0026-470c-8885-f57b4d7803f4,2026-08-10T10:00:00Z,2026-08-10T12:00:00+0200,0.27,EUR/MWh,DK2,DK_2,imbalance_price,Short,2026-08-11T19:14:45Z
2026-08-11T19:03:52Z,2026-08-11T21:03:52+0200,d65ae107-0026-470c-8885-f57b4d7803f4,2026-08-10T10:15:00Z,2026-08-10T12:15:00+0200,0.75,EUR/MWh,DK2,DK_2,imbalance_price,Long,2026-08-11T19:14:45Z
2026-08-11T19:03:52Z,2026-08-11T21:03:52+0200,d65ae107-0026-470c-8885-f57b4d7803f4,2026-08-10T10:15:00Z,2026-08-10T12:15:00+0200,0.75,EUR/MWh,DK2,DK_2,imbalance_price,Short,2026-08-11T19:14:45Z
2026-08-11T19:03:52Z,2026-08-11T21:03:52+0200,d65ae107-0026-470c-8885-f57b4d7803f4,2026-08-10T10:30:00Z,2026-08-10T12:30:00+0200,116.86,EUR/MWh,DK2,DK_2,imbalance_price,Long,2026-08-11T19:14:45Z
2026-08-11T19:03:52Z,2026-08-11T21:03:52+0200,d65ae107-0026-470c-8885-f57b4d7803f4,2026-08-10T10:30:00Z,2026-08-10T12:30:00+0200,116.86,EUR/MWh,DK2,DK_2,imbalance_price,Short,2026-08-11T19:14:45Z
2026-08-11T19:03:52Z,2026-08-11T21:03:52+0200,d65ae107-0026-470c-8885-f57b4d7803f4,2026-08-10T10:45:00Z,2026-08-10T12:45:00+0200,24.14,EUR/MWh,DK2,DK_2,imbalance_price,Long,2026-08-11T19:14:45Z
2026-08-11T19:03:52Z,2026-08-11T21:03:52+0200,d65ae107-0026-470c-8885-f57b4d7803f4,2026-08-10T10:45:00Z,2026-08-10T12:45:00+0200,24.14,EUR/MWh,DK2,DK_2,imbalance_price,Short,2026-08-11T19:14:45Z
2026-08-11T19:03:52Z,2026-08-11T21:03:52+0200,d65ae107-0026-470c-8885-f57b4d7803f4,2026-08-10T11:00:00Z,2026-08-10T13:00:00+0200,-8.77,EUR/MWh,DK2,DK_2,imbalance_price,Long,2026-08-11T19:14:45Z
2026-08-11T19:03:52Z,2026-08-11T21:03:52+0200,d65ae107-0026-470c-8885-f57b4d7803f4,2026-08-10T11:00:00Z,2026-08-10T13:00:00+0200,-8.77,EUR/MWh,DK2,DK_2,imbalance_price,Short,2026-08-11T19:14:45Z
2026-08-11T19:03:52Z,2026-08-11T21:03:52+0200,d65ae107-0026-470c-8885-f57b4d7803f4,2026-08-10T11:15:00Z,2026-08-10T13:15:00+0200,-14.72,EUR/MWh,DK2,DK_2,imbalance_price,Long,2026-08-11T19:14:45Z
2026-08-11T19:03:52Z,2026-08-11T21:03:52+0200,d65ae107-0026-470c-8885-f57b4d7803f4,2026-08-10T11:15:00Z,2026-08-10T13:15:00+0200,-14.72,EUR/MWh,DK2,DK_2,imbalance_price,Short,2026-08-11T19:14:45Z
2026-08-11T19:03:52Z,2026-08-11T21:03:52+0200,d65ae107-0026-470c-8885-f57b4d7803f4,2026-08-10T11:30:00Z,2026-08-10T13:30:00+0200,1.34,EUR/MWh,DK2,DK_2,imbalance_price,Long,2026-08-11T19:14:45Z
2026-08-11T19:03:52Z,2026-08-11T21:03:52+0200,d65ae107-0026-470c-8885-f57b4d7803f4,2026-08-10T11:30:00Z,2026-08-10T13:30:00+0200,1.34,EUR/MWh,DK2,DK_2,imbalance_price,Short,2026-08-11T19:14:45Z
2026-08-11T19:03:52Z,2026-08-11T21:03:52+0200,d65ae107-0026-470c-8885-f57b4d7803f4,2026-08-10T11:45:00Z,2026-08-10T13:45:00+0200,-1.0,EUR/MWh,DK2,DK_2,imbalance_price,Long,2026-08-11T19:14:45Z
2026-08-11T19:03:52Z,2026-08-11T21:03:52+0200,d65ae107-0026-470c-8885-f57b4d7803f4,2026-08-10T11:45:00Z,2026-08-10T13:45:00+0200,-1.0,EUR/MWh,DK2,DK_2,imbalance_price,Short,2026-08-11T19:14:45Z
2026-08-11T19:03:52Z,2026-08-11T21:03:52+0200,d65ae107-0026-470c-8885-f57b4d7803f4,2026-08-10T12:00:00Z,2026-08-10T14:00:00+0200,0.53,EUR/MWh,DK2,DK_2,imbalance_price,Long,2026-08-11T19:14:45Z
2026-08-11T19:03:52Z,2026-08-11T21:03:52+0200,d65ae107-0026-470c-8885-f57b4d7803f4,2026-08-10T12:00:00Z,2026-08-10T14:00:00+0200,0.53,EUR/MWh,DK2,DK_2,imbalance_price,Short,2026-08-11T19:14:45Z
2026-08-11T19:03:52Z,2026-08-11T21:03:52+0200,d65ae107-0026-470c-8885-f57b4d7803f4,2026-08-10T12:15:00Z,2026-08-10T14:15:00+0200,0.0,EUR/MWh,DK2,DK_2,imbalance_price,Long,2026-08-11T19:14:45Z
2026-08-11T19:03:52Z,2026-08-11T21:03:52+0200,d65ae107-0026-470c-8885-f57b4d7803f4,2026-08-10T12:15:00Z,2026-08-10T14:15:00+0200,0.0,EUR/MWh,DK2,DK_2,imbalance_price,Short,2026-08-11T19:14:45Z
2026-08-11T19:03:52Z,2026-08-11T21:03:52+0200,d65ae107-0026-470c-8885-f57b4d7803f4,2026-08-10T12:30:00Z,2026-08-10T14:30:00+0200,0.92,EUR/MWh,DK2,DK_2,imbalance_price,Long,2026-08-11T19:14:45Z
2026-08-11T19:03:52Z,2026-08-11T21:03:52+0200,d65ae107-0026-470c-8885-f57b4d7803f4,2026-08-10T12:30:00Z,2026-08-10T14:30:00+0200,0.92,EUR/MWh,DK2,DK_2,imbalance_price,Short,2026-08-11T19:14:45Z
2026-08-11T19:03:52Z,2026-08-11T21:03:52+0200,d65ae107-0026-470c-8885-f57b4d7803f4,2026-08-10T12:45:00Z,2026-08-10T14:45:00+0200,-16.11,EUR/MWh,DK2,DK_2,imbalance_price,Long,2026-08-11T19:14:45Z
2026-08-11T19:03:52Z,2026-08-11T21:03:52+0200,d65ae107-0026-470c-8885-f57b4d7803f4,2026-08-10T12:45:00Z,2026-08-10T14:45:00+0200,-16.11,EUR/MWh,DK2,DK_2,imbalance_price,Short,2026-08-11T19:14:45Z
2026-08-11T19:03:52Z,2026-08-11T21:03:52+0200,d65ae107-0026-470c-8885-f57b4d7803f4,2026-08-10T13:00:00Z,2026-08-10T15:00:00+0200,8.2,EUR/MWh,DK2,DK_2,imbalance_price,Long,2026-08-11T19:14:45Z
2026-08-11T19:03:52Z,2026-08-11T21:03:52+0200,d65ae107-0026-470c-8885-f57b4d7803f4,2026-08-10T13:00:00Z,2026-08-10T15:00:00+0200,8.2,EUR/MWh,DK2,DK_2,imbalance_price,Short,2026-08-11T19:14:45Z
2026-08-11T19:03:52Z,2026-08-11T21:03:52+0200,d65ae107-0026-470c-8885-f57b4d7803f4,2026-08-10T13:15:00Z,2026-08-10T15:15:00+0200,-37.63,EUR/MWh,DK2,DK_2,imbalance_price,Long,2026-08-11T19:14:45Z
2026-08-11T19:03:52Z,2026-08-11T21:03:52+0200,d65ae107-0026-470c-8885-f57b4d7803f4,2026-08-10T13:15:00Z,2026-08-10T15:15:00+0200,-37.63,EUR/MWh,DK2,DK_2,imbalance_price,Short,2026-08-11T19:14:45Z
2026-08-11T19:03:52Z,2026-08-11T21:03:52+0200,d65ae107-0026-470c-8885-f57b4d7803f4,2026-08-10T13:30:00Z,2026-08-10T15:30:00+0200,-16.18,EUR/MWh,DK2,DK_2,imbalance_price,Long,2026-08-11T19:14:45Z
2026-08-11T19:03:52Z,2026-08-11T21:03:52+0200,d65ae107-0026-470c-8885-f57b4d7803f4,2026-08-10T13:30:00Z,2026-08-10T15:30:00+0200,-16.18,EUR/MWh,DK2,DK_2,imbalance_price,Short,2026-08-11T19:14:45Z
2026-08-11T19:03:52Z,2026-08-11T21:03:52+0200,d65ae107-0026-470c-8885-f57b4d7803f4,2026-08-10T13:45:00Z,2026-08-10T15:45:00+0200,0.26,EUR/MWh,DK2,DK_2,imbalance_price,Long,2026-08-11T19:14:45Z
2026-08-11T19:03:52Z,2026-08-11T21:03:52+0200,d65ae107-0026-470c-8885-f57b4d7803f4,2026-08-10T13:45:00Z,2026-08-10T15:45:00+0200,0.26,EUR/MWh,DK2,DK_2,imbalance_price,Short,2026-08-11T19:14:45Z
2026-08-11T19:03:52Z,2026-08-11T21:03:52+0200,d65ae107-0026-470c-8885-f57b4d7803f4,2026-08-10T14:00:00Z,2026-08-10T16:00:00+0200,1.5,EUR/MWh,DK2,DK_2,imbalance_price,Long,2026-08-11T19:14:45Z
2026-08-11T19:03:52Z,2026-08-11T21:03:52+0200,d65ae107-0026-470c-8885-f57b4d7803f4,2026-08-10T14:00:00Z,2026-08-10T16:00:00+0200,1.5,EUR/MWh,DK2,DK_2,imbalance_price,Short,2026-08-11T19:14:45Z
2026-08-11T19:03:52Z,2026-08-11T21:03:52+0200,d65ae107-0026-470c-8885-f57b4d7803f4,2026-08-10T14:15:00Z,2026-08-10T16:15:00+0200,36.18,EUR/MWh,DK2,DK_2,imbalance_price,Long,2026-08-11T19:14:45Z
2026-08-11T19:03:52Z,2026-08-11T21:03:52+0200,d65ae107-0026-470c-8885-f57b4d7803f4,2026-08-10T14:15:00Z,2026-08-10T16:15:00+0200,36.18,EUR/MWh,DK2,DK_2,imbalance_price,Short,2026-08-11T19:14:45Z
2026-08-11T19:03:52Z,2026-08-11T21:03:52+0200,d65ae107-0026-470c-8885-f57b4d7803f4,2026-08-10T14:30:00Z,2026-08-10T16:30:00+0200,3.0,EUR/MWh,DK2,DK_2,imbalance_price,Long,2026-08-11T19:14:45Z
2026-08-11T19:03:52Z,2026-08-11T21:03:52+0200,d65ae107-0026-470c-8885-f57b4d7803f4,2026-08-10T14:30:00Z,2026-08-10T16:30:00+0200,3.0,EUR/MWh,DK2,DK_2,imbalance_price,Short,2026-08-11T19:14:45Z
2026-08-11T19:03:52Z,2026-08-11T21:03:52+0200,d65ae107-0026-470c-8885-f57b4d7803f4,2026-08-10T14:45:00Z,2026-08-10T16:45:00+0200,-7.41,EUR/MWh,DK2,DK_2,imbalance_price,Long,2026-08-11T19:14:45Z
2026-08-11T19:03:52Z,2026-08-11T21:03:52+0200,d65ae107-0026-470c-8885-f57b4d7803f4,2026-08-10T14:45:00Z,2026-08-10T16:45:00+0200,-7.41,EUR/MWh,DK2,DK_2,imbalance_price,Short,2026-08-11T19:14:45Z
2026-08-11T19:03:52Z,2026-08-11T21:03:52+0200,d65ae107-0026-470c-8885-f57b4d7803f4,2026-08-10T15:00:00Z,2026-08-10T17:00:00+0200,334.42,EUR/MWh,DK2,DK_2,imbalance_price,Long,2026-08-11T19:14:45Z
2026-08-11T19:03:52Z,2026-08-11T21:03:52+0200,d65ae107-0026-470c-8885-f57b4d7803f4,2026-08-10T15:00:00Z,2026-08-10T17:00:00+0200,334.42,EUR/MWh,DK2,DK_2,imbalance_price,Short,2026-08-11T19:14:45Z
2026-08-11T19:03:52Z,2026-08-11T21:03:52+0200,d65ae107-0026-470c-8885-f57b4d7803f4,2026-08-10T15:15:00Z,2026-08-10T17:15:00+0200,401.34,EUR/MWh,DK2,DK_2,imbalance_price,Long,2026-08-11T19:14:45Z
2026-08-11T19:03:52Z,2026-08-11T21:03:52+0200,d65ae107-0026-470c-8885-f57b4d7803f4,2026-08-10T15:15:00Z,2026-08-10T17:15:00+0200,401.34,EUR/MWh,DK2,DK_2,imbalance_price,Short,2026-08-11T19:14:45Z
2026-08-11T19:03:52Z,2026-08-11T21:03:52+0200,d65ae107-0026-470c-8885-f57b4d7803f4,2026-08-10T15:30:00Z,2026-08-10T17:30:00+0200,1.74,EUR/MWh,DK2,DK_2,imbalance_price,Long,2026-08-11T19:14:45Z
2026-08-11T19:03:52Z,2026-08-11T21:03:52+0200,d65ae107-0026-470c-8885-f57b4d7803f4,2026-08-10T15:30:00Z,2026-08-10T17:30:00+0200,1.74,EUR/MWh,DK2,DK_2,imbalance_price,Short,2026-08-11T19:14:45Z
2026-08-11T19:03:52Z,2026-08-11T21:03:52+0200,d65ae107-0026-470c-8885-f57b4d7803f4,2026-08-10T15:45:00Z,2026-08-10T17:45:00+0200,1.5,EUR/MWh,DK2,DK_2,imbalance_price,Long,2026-08-11T19:14:45Z
2026-08-11T19:03:52Z,2026-08-11T21:03:52+0200,d65ae107-0026-470c-8885-f57b4d7803f4,2026-08-10T15:45:00Z,2026-08-10T17:45:00+0200,1.5,EUR/MWh,DK2,DK_2,imbalance_price,Short,2026-08-11T19:14:45Z
2026-08-11T19:03:52Z,2026-08-11T21:03:52+0200,d65ae107-0026-470c-8885-f57b4d7803f4,2026-08-10T16:00:00Z,2026-08-10T18:00:00+0200,2.0,EUR/MWh,DK2,DK_2,imbalance_price,Long,2026-08-11T19:14:45Z
2026-08-11T19:03:52Z,2026-08-11T21:03:52+0200,d65ae107-0026-470c-8885-f57b4d7803f4,2026-08-10T16:00:00Z,2026-08-10T18:00:00+0200,2.0,EUR/MWh,DK2,DK_2,imbalance_price,Short,2026-08-11T19:14:45Z
2026-08-11T19:03:52Z,2026-08-11T21:03:52+0200,d65ae107-0026-470c-8885-f57b4d7803f4,2026-08-10T16:15:00Z,2026-08-10T18:15:00+0200,127.76,EUR/MWh,DK2,DK_2,imbalance_price,Long,2026-08-11T19:14:45Z
2026-08-11T19:03:52Z,2026-08-11T21:03:52+0200,d65ae107-0026-470c-8885-f57b4d7803f4,2026-08-10T16:15:00Z,2026-08-10T18:15:00+0200,127.76,EUR/MWh,DK2,DK_2,imbalance_price,Short,2026-08-11T19:14:45Z
2026-08-11T19:03:52Z,2026-08-11T21:03:52+0200,d65ae107-0026-470c-8885-f57b4d7803f4,2026-08-10T16:30:00Z,2026-08-10T18:30:00+0200,-6.12,EUR/MWh,DK2,DK_2,imbalance_price,Long,2026-08-11T19:14:45Z
2026-08-11T19:03:52Z,2026-08-11T21:03:52+0200,d65ae107-0026-470c-8885-f57b4d7803f4,2026-08-10T16:30:00Z,2026-08-10T18:30:00+0200,-6.12,EUR/MWh,DK2,DK_2,imbalance_price,Short,2026-08-11T19:14:45Z
2026-08-11T19:03:52Z,2026-08-11T21:03:52+0200,d65ae107-0026-470c-8885-f57b4d7803f4,2026-08-10T16:45:00Z,2026-08-10T18:45:00+0200,-1.76,EUR/MWh,DK2,DK_2,imbalance_price,Long,2026-08-11T19:14:45Z
2026-08-11T19:03:52Z,2026-08-11T21:03:52+0200,d65ae107-0026-470c-8885-f57b4d7803f4,2026-08-10T16:45:00Z,2026-08-10T18:45:00+0200,-1.76,EUR/MWh,DK2,DK_2,imbalance_price,Short,2026-08-11T19:14:45Z
2026-08-11T19:03:52Z,2026-08-11T21:03:52+0200,d65ae107-0026-470c-8885-f57b4d7803f4,2026-08-10T17:00:00Z,2026-08-10T19:00:00+0200,-7.2,EUR/MWh,DK2,DK_2,imbalance_price,Long,2026-08-11T19:14:45Z
2026-08-11T19:03:52Z,2026-08-11T21:03:52+0200,d65ae107-0026-470c-8885-f57b4d7803f4,2026-08-10T17:00:00Z,2026-08-10T19:00:00+0200,-7.2,EUR/MWh,DK2,DK_2,imbalance_price,Short,2026-08-11T19:14:45Z
2026-08-11T19:03:52Z,2026-08-11T21:03:52+0200,d65ae107-0026-470c-8885-f57b4d7803f4,2026-08-10T17:15:00Z,2026-08-10T19:15:00+0200,7.11,EUR/MWh,DK2,DK_2,imbalance_price,Long,2026-08-11T19:14:45Z
2026-08-11T19:03:52Z,2026-08-11T21:03:52+0200,d65ae107-0026-470c-8885-f57b4d7803f4,2026-08-10T17:15:00Z,2026-08-10T19:15:00+0200,7.11,EUR/MWh,DK2,DK_2,imbalance_price,Short,2026-08-11T19:14:45Z
2026-08-11T19:03:52Z,2026-08-11T21:03:52+0200,d65ae107-0026-470c-8885-f57b4d7803f4,2026-08-10T17:30:00Z,2026-08-10T19:30:00+0200,34.18,EUR/MWh,DK2,DK_2,imbalance_price,Long,2026-08-11T19:14:45Z
2026-08-11T19:03:52Z,2026-08-11T21:03:52+0200,d65ae107-0026-470c-8885-f57b4d7803f4,2026-08-10T17:30:00Z,2026-08-10T19:30:00+0200,34.18,EUR/MWh,DK2,DK_2,imbalance_price,Short,2026-08-11T19:14:45Z
2026-08-11T19:03:52Z,2026-08-11T21:03:52+0200,d65ae107-0026-470c-8885-f57b4d7803f4,2026-08-10T17:45:00Z,2026-08-10T19:45:00+0200,133.51,EUR/MWh,DK2,DK_2,imbalance_price,Long,2026-08-11T19:14:45Z
2026-08-11T19:03:52Z,2026-08-11T21:03:52+0200,d65ae107-0026-470c-8885-f57b4d7803f4,2026-08-10T17:45:00Z,2026-08-10T19:45:00+0200,133.51,EUR/MWh,DK2,DK_2,imbalance_price,Short,2026-08-11T19:14:45Z
2026-08-11T19:03:52Z,2026-08-11T21:03:52+0200,d65ae107-0026-470c-8885-f57b4d7803f4,2026-08-10T18:00:00Z,2026-08-10T20:00:00+0200,374.58,EUR/MWh,DK2,DK_2,imbalance_price,Long,2026-08-11T19:14:45Z
2026-08-11T19:03:52Z,2026-08-11T21:03:52+0200,d65ae107-0026-470c-8885-f57b4d7803f4,2026-08-10T18:00:00Z,2026-08-10T20:00:00+0200,374.58,EUR/MWh,DK2,DK_2,imbalance_price,Short,2026-08-11T19:14:45Z
2026-08-11T19:03:52Z,2026-08-11T21:03:52+0200,d65ae107-0026-470c-8885-f57b4d7803f4,2026-08-10T18:15:00Z,2026-08-10T20:15:00+0200,669.43,EUR/MWh,DK2,DK_2,imbalance_price,Long,2026-08-11T19:14:45Z
2026-08-11T19:03:52Z,2026-08-11T21:03:52+0200,d65ae107-0026-470c-8885-f57b4d7803f4,2026-08-10T18:15:00Z,2026-08-10T20:15:00+0200,669.43,EUR/MWh,DK2,DK_2,imbalance_price,Short,2026-08-11T19:14:45Z
2026-08-11T19:03:52Z,2026-08-11T21:03:52+0200,d65ae107-0026-470c-8885-f57b4d7803f4,2026-08-10T18:30:00Z,2026-08-10T20:30:00+0200,743.37,EUR/MWh,DK2,DK_2,imbalance_price,Long,2026-08-11T19:14:45Z
2026-08-11T19:03:52Z,2026-08-11T21:03:52+0200,d65ae107-0026-470c-8885-f57b4d7803f4,2026-08-10T18:30:00Z,2026-08-10T20:30:00+0200,743.37,EUR/MWh,DK2,DK_2,imbalance_price,Short,2026-08-11T19:14:45Z
2026-08-11T19:03:52Z,2026-08-11T21:03:52+0200,d65ae107-0026-470c-8885-f57b4d7803f4,2026-08-10T18:45:00Z,2026-08-10T20:45:00+0200,401.34,EUR/MWh,DK2,DK_2,imbalance_price,Long,2026-08-11T19:14:45Z
2026-08-11T19:03:52Z,2026-08-11T21:03:52+0200,d65ae107-0026-470c-8885-f57b4d7803f4,2026-08-10T18:45:00Z,2026-08-10T20:45:00+0200,401.34,EUR/MWh,DK2,DK_2,imbalance_price,Short,2026-08-11T19:14:45Z
2026-08-11T19:03:52Z,2026-08-11T21:03:52+0200,d65ae107-0026-470c-8885-f57b4d7803f4,2026-08-10T19:00:00Z,2026-08-10T21:00:00+0200,-6.81,EUR/MWh,DK2,DK_2,imbalance_price,Long,2026-08-11T19:14:45Z
2026-08-11T19:03:52Z,2026-08-11T21:03:52+0200,d65ae107-0026-470c-8885-f57b4d7803f4,2026-08-10T19:00:00Z,2026-08-10T21:00:00+0200,-6.81,EUR/MWh,DK2,DK_2,imbalance_price,Short,2026-08-11T19:14:45Z
2026-08-11T19:03:52Z,2026-08-11T21:03:52+0200,d65ae107-0026-470c-8885-f57b4d7803f4,2026-08-10T19:15:00Z,2026-08-10T21:15:00+0200,36.75,EUR/MWh,DK2,DK_2,imbalance_price,Long,2026-08-11T19:14:45Z
2026-08-11T19:03:52Z,2026-08-11T21:03:52+0200,d65ae107-0026-470c-8885-f57b4d7803f4,2026-08-10T19:15:00Z,2026-08-10T21:15:00+0200,36.75,EUR/MWh,DK2,DK_2,imbalance_price,Short,2026-08-11T19:14:45Z
2026-08-11T19:03:52Z,2026-08-11T21:03:52+0200,d65ae107-0026-470c-8885-f57b4d7803f4,2026-08-10T19:30:00Z,2026-08-10T21:30:00+0200,20.84,EUR/MWh,DK2,DK_2,imbalance_price,Long,2026-08-11T19:14:45Z
2026-08-11T19:03:52Z,2026-08-11T21:03:52+0200,d65ae107-0026-470c-8885-f57b4d7803f4,2026-08-10T19:30:00Z,2026-08-10T21:30:00+0200,20.84,EUR/MWh,DK2,DK_2,imbalance_price,Short,2026-08-11T19:14:45Z
2026-08-11T19:03:52Z,2026-08-11T21:03:52+0200,d65ae107-0026-470c-8885-f57b4d7803f4,2026-08-10T19:45:00Z,2026-08-10T21:45:00+0200,59.78,EUR/MWh,DK2,DK_2,imbalance_price,Long,2026-08-11T19:14:45Z
2026-08-11T19:03:52Z,2026-08-11T21:03:52+0200,d65ae107-0026-470c-8885-f57b4d7803f4,2026-08-10T19:45:00Z,2026-08-10T21:45:00+0200,59.78,EUR/MWh,DK2,DK_2,imbalance_price,Short,2026-08-11T19:14:45Z
2026-08-11T19:03:52Z,2026-08-11T21:03:52+0200,d65ae107-0026-470c-8885-f57b4d7803f4,2026-08-10T20:00:00Z,2026-08-10T22:00:00+0200,70.17,EUR/MWh,DK2,DK_2,imbalance_price,Long,2026-08-11T19:14:45Z
2026-08-11T19:03:52Z,2026-08-11T21:03:52+0200,d65ae107-0026-470c-8885-f57b4d7803f4,2026-08-10T20:00:00Z,2026-08-10T22:00:00+0200,70.17,EUR/MWh,DK2,DK_2,imbalance_price,Short,2026-08-11T19:14:45Z
2026-08-11T19:03:52Z,2026-08-11T21:03:52+0200,d65ae107-0026-470c-8885-f57b4d7803f4,2026-08-10T20:15:00Z,2026-08-10T22:15:00+0200,11.01,EUR/MWh,DK2,DK_2,imbalance_price,Long,2026-08-11T19:14:45Z
2026-08-11T19:03:52Z,2026-08-11T21:03:52+0200,d65ae107-0026-470c-8885-f57b4d7803f4,2026-08-10T20:15:00Z,2026-08-10T22:15:00+0200,11.01,EUR/MWh,DK2,DK_2,imbalance_price,Short,2026-08-11T19:14:45Z
2026-08-11T19:03:52Z,2026-08-11T21:03:52+0200,d65ae107-0026-470c-8885-f57b4d7803f4,2026-08-10T20:30:00Z,2026-08-10T22:30:00+0200,134.06,EUR/MWh,DK2,DK_2,imbalance_price,Long,2026-08-11T19:14:45Z
2026-08-11T19:03:52Z,2026-08-11T21:03:52+0200,d65ae107-0026-470c-8885-f57b4d7803f4,2026-08-10T20:30:00Z,2026-08-10T22:30:00+0200,134.06,EUR/MWh,DK2,DK_2,imbalance_price,Short,2026-08-11T19:14:45Z
2026-08-11T19:03:52Z,2026-08-11T21:03:52+0200,d65ae107-0026-470c-8885-f57b4d7803f4,2026-08-10T20:45:00Z,2026-08-10T22:45:00+0200,142.58,EUR/MWh,DK2,DK_2,imbalance_price,Long,2026-08-11T19:14:45Z
2026-08-11T19:03:52Z,2026-08-11T21:03:52+0200,d65ae107-0026-470c-8885-f57b4d7803f4,2026-08-10T20:45:00Z,2026-08-10T22:45:00+0200,142.58,EUR/MWh,DK2,DK_2,imbalance_price,Short,2026-08-11T19:14:45Z
2026-08-11T19:03:52Z,2026-08-11T21:03:52+0200,d65ae107-0026-470c-8885-f57b4d7803f4,2026-08-10T21:00:00Z,2026-08-10T23:00:00+0200,401.34,EUR/MWh,DK2,DK_2,imbalance_price,Long,2026-08-11T19:14:45Z
2026-08-11T19:03:52Z,2026-08-11T21:03:52+0200,d65ae107-0026-470c-8885-f57b4d7803f4,2026-08-10T21:00:00Z,2026-08-10T23:00:00+0200,401.34,EUR/MWh,DK2,DK_2,imbalance_price,Short,2026-08-11T19:14:45Z
2026-08-11T19:03:52Z,2026-08-11T21:03:52+0200,d65ae107-0026-470c-8885-f57b4d7803f4,2026-08-10T21:15:00Z,2026-08-10T23:15:00+0200,129.99,EUR/MWh,DK2,DK_2,imbalance_price,Long,2026-08-11T19:14:45Z
2026-08-11T19:03:52Z,2026-08-11T21:03:52+0200,d65ae107-0026-470c-8885-f57b4d7803f4,2026-08-10T21:15:00Z,2026-08-10T23:15:00+0200,129.99,EUR/MWh,DK2,DK_2,imbalance_price,Short,2026-08-11T19:14:45Z
2026-08-11T19:03:52Z,2026-08-11T21:03:52+0200,d65ae107-0026-470c-8885-f57b4d7803f4,2026-08-10T21:30:00Z,2026-08-10T23:30:00+0200,321.07,EUR/MWh,DK2,DK_2,imbalance_price,Long,2026-08-11T19:14:45Z
2026-08-11T19:03:52Z,2026-08-11T21:03:52+0200,d65ae107-0026-470c-8885-f57b4d7803f4,2026-08-10T21:30:00Z,2026-08-10T23:30:00+0200,321.07,EUR/MWh,DK2,DK_2,imbalance_price,Short,2026-08-11T19:14:45Z
2026-08-11T19:03:52Z,2026-08-11T21:03:52+0200,d65ae107-0026-470c-8885-f57b4d7803f4,2026-08-10T21:45:00Z,2026-08-10T23:45:00+0200,128.69,EUR/MWh,DK2,DK_2,imbalance_price,Long,2026-08-11T19:14:45Z
2026-08-11T19:03:52Z,2026-08-11T21:03:52+0200,d65ae107-0026-470c-8885-f57b4d7803f4,2026-08-10T21:45:00Z,2026-08-10T23:45:00+0200,128.69,EUR/MWh,DK2,DK_2,imbalance_price,Short,2026-08-11T19:14:45Z
2026-08-11T19:03:52Z,2026-08-11T21:03:52+0200,d65ae107-0026-470c-8885-f57b4d7803f4,2026-08-10T22:00:00Z,2026-08-11T00:00:00+0200,18.31,EUR/MWh,DK2,DK_2,imbalance_price,Long,2026-08-11T19:14:45Z
2026-08-11T19:03:52Z,2026-08-11T21:03:52+0200,d65ae107-0026-470c-8885-f57b4d7803f4,2026-08-10T22:00:00Z,2026-08-11T00:00:00+0200,18.31,EUR/MWh,DK2,DK_2,imbalance_price,Short,2026-08-11T19:14:45Z
2026-08-11T19:03:52Z,2026-08-11T21:03:52+0200,d65ae107-0026-470c-8885-f57b4d7803f4,2026-08-10T22:15:00Z,2026-08-11T00:15:00+0200,150.61,EUR/MWh,DK2,DK_2,imbalance_price,Long,2026-08-11T19:14:45Z
2026-08-11T19:03:52Z,2026-08-11T21:03:52+0200,d65ae107-0026-470c-8885-f57b4d7803f4,2026-08-10T22:15:00Z,2026-08-11T00:15:00+0200,150.61,EUR/MWh,DK2,DK_2,imbalance_price,Short,2026-08-11T19:14:45Z
2026-08-11T19:03:52Z,2026-08-11T21:03:52+0200,d65ae107-0026-470c-8885-f57b4d7803f4,2026-08-10T22:30:00Z,2026-08-11T00:30:00+0200,115.26,EUR/MWh,DK2,DK_2,imbalance_price,Long,2026-08-11T19:14:45Z
2026-08-11T19:03:52Z,2026-08-11T21:03:52+0200,d65ae107-0026-470c-8885-f57b4d7803f4,2026-08-10T22:30:00Z,2026-08-11T00:30:00+0200,115.26,EUR/MWh,DK2,DK_2,imbalance_price,Short,2026-08-11T19:14:45Z
2026-08-11T19:03:52Z,2026-08-11T21:03:52+0200,d65ae107-0026-470c-8885-f57b4d7803f4,2026-08-10T22:45:00Z,2026-08-11T00:45:00+0200,401.34,EUR/MWh,DK2,DK_2,imbalance_price,Long,2026-08-11T19:14:45Z
2026-08-11T19:03:52Z,2026-08-11T21:03:52+0200,d65ae107-0026-470c-8885-f57b4d7803f4,2026-08-10T22:45:00Z,2026-08-11T00:45:00+0200,401.34,EUR/MWh,DK2,DK_2,imbalance_price,Short,2026-08-11T19:14:45Z
2026-08-11T19:03:52Z,2026-08-11T21:03:52+0200,d65ae107-0026-470c-8885-f57b4d7803f4,2026-08-10T23:00:00Z,2026-08-11T01:00:00+0200,112.65,EUR/MWh,DK2,DK_2,imbalance_price,Long,2026-08-11T19:14:45Z
2026-08-11T19:03:52Z,2026-08-11T21:03:52+0200,d65ae107-0026-470c-8885-f57b4d7803f4,2026-08-10T23:00:00Z,2026-08-11T01:00:00+0200,112.65,EUR/MWh,DK2,DK_2,imbalance_price,Short,2026-08-11T19:14:45Z
2026-08-11T19:03:52Z,2026-08-11T21:03:52+0200,d65ae107-0026-470c-8885-f57b4d7803f4,2026-08-10T23:15:00Z,2026-08-11T01:15:00+0200,120.99,EUR/MWh,DK2,DK_2,imbalance_price,Long,2026-08-11T19:14:45Z
2026-08-11T19:03:52Z,2026-08-11T21:03:52+0200,d65ae107-0026-470c-8885-f57b4d7803f4,2026-08-10T23:15:00Z,2026-08-11T01:15:00+0200,120.99,EUR/MWh,DK2,DK_2,imbalance_price,Short,2026-08-11T19:14:45Z
2026-08-11T19:03:52Z,2026-08-11T21:03:52+0200,d65ae107-0026-470c-8885-f57b4d7803f4,2026-08-10T23:30:00Z,2026-08-11T01:30:00+0200,120.49,EUR/MWh,DK2,DK_2,imbalance_price,Long,2026-08-11T19:14:45Z
2026-08-11T19:03:52Z,2026-08-11T21:03:52+0200,d65ae107-0026-470c-8885-f57b4d7803f4,2026-08-10T23:30:00Z,2026-08-11T01:30:00+0200,120.49,EUR/MWh,DK2,DK_2,imbalance_price,Short,2026-08-11T19:14:45Z
2026-08-11T19:03:52Z,2026-08-11T21:03:52+0200,d65ae107-0026-470c-8885-f57b4d7803f4,2026-08-10T23:45:00Z,2026-08-11T01:45:00+0200,101.84,EUR/MWh,DK2,DK_2,imbalance_price,Long,2026-08-11T19:14:45Z
2026-08-11T19:03:52Z,2026-08-11T21:03:52+0200,d65ae107-0026-470c-8885-f57b4d7803f4,2026-08-10T23:45:00Z,2026-08-11T01:45:00+0200,101.84,EUR/MWh,DK2,DK_2,imbalance_price,Short,2026-08-11T19:14:45Z
2026-08-11T19:03:52Z,2026-08-11T21:03:52+0200,d65ae107-0026-470c-8885-f57b4d7803f4,2026-08-11T00:00:00Z,2026-08-11T02:00:00+0200,106.64,EUR/MWh,DK2,DK_2,imbalance_price,Long,2026-08-11T19:14:45Z
2026-08-11T19:03:52Z,2026-08-11T21:03:52+0200,d65ae107-0026-470c-8885-f57b4d7803f4,2026-08-11T00:00:00Z,2026-08-11T02:00:00+0200,106.64,EUR/MWh,DK2,DK_2,imbalance_price,Short,2026-08-11T19:14:45Z
2026-08-11T19:03:52Z,2026-08-11T21:03:52+0200,d65ae107-0026-470c-8885-f57b4d7803f4,2026-08-11T00:15:00Z,2026-08-11T02:15:00+0200,-1.5,EUR/MWh,DK2,DK_2,imbalance_price,Long,2026-08-11T19:14:45Z
2026-08-11T19:03:52Z,2026-08-11T21:03:52+0200,d65ae107-0026-470c-8885-f57b4d7803f4,2026-08-11T00:15:00Z,2026-08-11T02:15:00+0200,-1.5,EUR/MWh,DK2,DK_2,imbalance_price,Short,2026-08-11T19:14:45Z
2026-08-11T19:03:52Z,2026-08-11T21:03:52+0200,d65ae107-0026-470c-8885-f57b4d7803f4,2026-08-11T00:30:00Z,2026-08-11T02:30:00+0200,-4.05,EUR/MWh,DK2,DK_2,imbalance_price,Long,2026-08-11T19:14:45Z
2026-08-11T19:03:52Z,2026-08-11T21:03:52+0200,d65ae107-0026-470c-8885-f57b4d7803f4,2026-08-11T00:30:00Z,2026-08-11T02:30:00+0200,-4.05,EUR/MWh,DK2,DK_2,imbalance_price,Short,2026-08-11T19:14:45Z
2026-08-11T19:03:52Z,2026-08-11T21:03:52+0200,d65ae107-0026-470c-8885-f57b4d7803f4,2026-08-11T00:45:00Z,2026-08-11T02:45:00+0200,121.88,EUR/MWh,DK2,DK_2,imbalance_price,Long,2026-08-11T19:14:45Z
2026-08-11T19:03:52Z,2026-08-11T21:03:52+0200,d65ae107-0026-470c-8885-f57b4d7803f4,2026-08-11T00:45:00Z,2026-08-11T02:45:00+0200,121.88,EUR/MWh,DK2,DK_2,imbalance_price,Short,2026-08-11T19:14:45Z
2026-08-11T19:03:52Z,2026-08-11T21:03:52+0200,d65ae107-0026-470c-8885-f57b4d7803f4,2026-08-11T01:00:00Z,2026-08-11T03:00:00+0200,101.83,EUR/MWh,DK2,DK_2,imbalance_price,Long,2026-08-11T19:14:45Z
2026-08-11T19:03:52Z,2026-08-11T21:03:52+0200,d65ae107-0026-470c-8885-f57b4d7803f4,2026-08-11T01:00:00Z,2026-08-11T03:00:00+0200,101.83,EUR/MWh,DK2,DK_2,imbalance_price,Short,2026-08-11T19:14:45Z
2026-08-11T19:03:52Z,2026-08-11T21:03:52+0200,d65ae107-0026-470c-8885-f57b4d7803f4,2026-08-11T01:15:00Z,2026-08-11T03:15:00+0200,95.3,EUR/MWh,DK2,DK_2,imbalance_price,Long,2026-08-11T19:14:45Z
2026-08-11T19:03:52Z,2026-08-11T21:03:52+0200,d65ae107-0026-470c-8885-f57b4d7803f4,2026-08-11T01:15:00Z,2026-08-11T03:15:00+0200,95.3,EUR/MWh,DK2,DK_2,imbalance_price,Short,2026-08-11T19:14:45Z
2026-08-11T19:03:52Z,2026-08-11T21:03:52+0200,d65ae107-0026-470c-8885-f57b4d7803f4,2026-08-11T01:30:00Z,2026-08-11T03:30:00+0200,145.15,EUR/MWh,DK2,DK_2,imbalance_price,Long,2026-08-11T19:14:45Z
2026-08-11T19:03:52Z,2026-08-11T21:03:52+0200,d65ae107-0026-470c-8885-f57b4d7803f4,2026-08-11T01:30:00Z,2026-08-11T03:30:00+0200,145.15,EUR/MWh,DK2,DK_2,imbalance_price,Short,2026-08-11T19:14:45Z
2026-08-11T19:03:52Z,2026-08-11T21:03:52+0200,d65ae107-0026-470c-8885-f57b4d7803f4,2026-08-11T01:45:00Z,2026-08-11T03:45:00+0200,93.51,EUR/MWh,DK2,DK_2,imbalance_price,Long,2026-08-11T19:14:45Z
2026-08-11T19:03:52Z,2026-08-11T21:03:52+0200,d65ae107-0026-470c-8885-f57b4d7803f4,2026-08-11T01:45:00Z,2026-08-11T03:45:00+0200,93.51,EUR/MWh,DK2,DK_2,imbalance_price,Short,2026-08-11T19:14:45Z
2026-08-11T19:03:52Z,2026-08-11T21:03:52+0200,d65ae107-0026-470c-8885-f57b4d7803f4,2026-08-11T02:00:00Z,2026-08-11T04:00:00+0200,267.6,EUR/MWh,DK2,DK_2,imbalance_price,Long,2026-08-11T19:14:45Z
2026-08-11T19:03:52Z,2026-08-11T21:03:52+0200,d65ae107-0026-470c-8885-f57b4d7803f4,2026-08-11T02:00:00Z,2026-08-11T04:00:00+0200,267.6,EUR/MWh,DK2,DK_2,imbalance_price,Short,2026-08-11T19:14:45Z
2026-08-11T19:03:52Z,2026-08-11T21:03:52+0200,d65ae107-0026-470c-8885-f57b4d7803f4,2026-08-11T02:15:00Z,2026-08-11T04:15:00+0200,21.19,EUR/MWh,DK2,DK_2,imbalance_price,Long,2026-08-11T19:14:45Z
2026-08-11T19:03:52Z,2026-08-11T21:03:52+0200,d65ae107-0026-470c-8885-f57b4d7803f4,2026-08-11T02:15:00Z,2026-08-11T04:15:00+0200,21.19,EUR/MWh,DK2,DK_2,imbalance_price,Short,2026-08-11T19:14:45Z
2026-08-11T19:03:52Z,2026-08-11T21:03:52+0200,d65ae107-0026-470c-8885-f57b4d7803f4,2026-08-11T02:30:00Z,2026-08-11T04:30:00+0200,96.55,EUR/MWh,DK2,DK_2,imbalance_price,Long,2026-08-11T19:14:45Z
2026-08-11T19:03:52Z,2026-08-11T21:03:52+0200,d65ae107-0026-470c-8885-f57b4d7803f4,2026-08-11T02:30:00Z,2026-08-11T04:30:00+0200,96.55,EUR/MWh,DK2,DK_2,imbalance_price,Short,2026-08-11T19:14:45Z
2026-08-11T19:03:52Z,2026-08-11T21:03:52+0200,d65ae107-0026-470c-8885-f57b4d7803f4,2026-08-11T02:45:00Z,2026-08-11T04:45:00+0200,90.12,EUR/MWh,DK2,DK_2,imbalance_price,Long,2026-08-11T19:14:45Z
2026-08-11T19:03:52Z,2026-08-11T21:03:52+0200,d65ae107-0026-470c-8885-f57b4d7803f4,2026-08-11T02:45:00Z,2026-08-11T04:45:00+0200,90.12,EUR/MWh,DK2,DK_2,imbalance_price,Short,2026-08-11T19:14:45Z
2026-08-11T19:03:52Z,2026-08-11T21:03:52+0200,d65ae107-0026-470c-8885-f57b4d7803f4,2026-08-11T03:00:00Z,2026-08-11T05:00:00+0200,109.75,EUR/MWh,DK2,DK_2,imbalance_price,Long,2026-08-11T19:14:45Z
2026-08-11T19:03:52Z,2026-08-11T21:03:52+0200,d65ae107-0026-470c-8885-f57b4d7803f4,2026-08-11T03:00:00Z,2026-08-11T05:00:00+0200,109.75,EUR/MWh,DK2,DK_2,imbalance_price,Short,2026-08-11T19:14:45Z
2026-08-11T19:03:52Z,2026-08-11T21:03:52+0200,d65ae107-0026-470c-8885-f57b4d7803f4,2026-08-11T03:15:00Z,2026-08-11T05:15:00+0200,182.01,EUR/MWh,DK2,DK_2,imbalance_price,Long,2026-08-11T19:14:45Z
2026-08-11T19:03:52Z,2026-08-11T21:03:52+0200,d65ae107-0026-470c-8885-f57b4d7803f4,2026-08-11T03:15:00Z,2026-08-11T05:15:00+0200,182.01,EUR/MWh,DK2,DK_2,imbalance_price,Short,2026-08-11T19:14:45Z
2026-08-11T19:03:52Z,2026-08-11T21:03:52+0200,d65ae107-0026-470c-8885-f57b4d7803f4,2026-08-11T03:30:00Z,2026-08-11T05:30:00+0200,401.3,EUR/MWh,DK2,DK_2,imbalance_price,Long,2026-08-11T19:14:45Z
2026-08-11T19:03:52Z,2026-08-11T21:03:52+0200,d65ae107-0026-470c-8885-f57b4d7803f4,2026-08-11T03:30:00Z,2026-08-11T05:30:00+0200,401.3,EUR/MWh,DK2,DK_2,imbalance_price,Short,2026-08-11T19:14:45Z
2026-08-11T19:03:52Z,2026-08-11T21:03:52+0200,d65ae107-0026-470c-8885-f57b4d7803f4,2026-08-11T03:45:00Z,2026-08-11T05:45:00+0200,401.35,EUR/MWh,DK2,DK_2,imbalance_price,Long,2026-08-11T19:14:45Z
2026-08-11T19:03:52Z,2026-08-11T21:03:52+0200,d65ae107-0026-470c-8885-f57b4d7803f4,2026-08-11T03:45:00Z,2026-08-11T05:45:00+0200,401.35,EUR/MWh,DK2,DK_2,imbalance_price,Short,2026-08-11T19:14:45Z
2026-08-11T19:03:52Z,2026-08-11T21:03:52+0200,d65ae107-0026-470c-8885-f57b4d7803f4,2026-08-11T04:00:00Z,2026-08-11T06:00:00+0200,128.09,EUR/MWh,DK2,DK_2,imbalance_price,Long,2026-08-11T19:14:45Z
2026-08-11T19:03:52Z,2026-08-11T21:03:52+0200,d65ae107-0026-470c-8885-f57b4d7803f4,2026-08-11T04:00:00Z,2026-08-11T06:00:00+0200,128.09,EUR/MWh,DK2,DK_2,imbalance_price,Short,2026-08-11T19:14:45Z
2026-08-11T19:03:52Z,2026-08-11T21:03:52+0200,d65ae107-0026-470c-8885-f57b4d7803f4,2026-08-11T04:15:00Z,2026-08-11T06:15:00+0200,129.81,EUR/MWh,DK2,DK_2,imbalance_price,Long,2026-08-11T19:14:45Z
2026-08-11T19:03:52Z,2026-08-11T21:03:52+0200,d65ae107-0026-470c-8885-f57b4d7803f4,2026-08-11T04:15:00Z,2026-08-11T06:15:00+0200,129.81,EUR/MWh,DK2,DK_2,imbalance_price,Short,2026-08-11T19:14:45Z
2026-08-11T19:03:52Z,2026-08-11T21:03:52+0200,d65ae107-0026-470c-8885-f57b4d7803f4,2026-08-11T04:30:00Z,2026-08-11T06:30:00+0200,131.24,EUR/MWh,DK2,DK_2,imbalance_price,Long,2026-08-11T19:14:45Z
2026-08-11T19:03:52Z,2026-08-11T21:03:52+0200,d65ae107-0026-470c-8885-f57b4d7803f4,2026-08-11T04:30:00Z,2026-08-11T06:30:00+0200,131.24,EUR/MWh,DK2,DK_2,imbalance_price,Short,2026-08-11T19:14:45Z
2026-08-11T19:03:52Z,2026-08-11T21:03:52+0200,d65ae107-0026-470c-8885-f57b4d7803f4,2026-08-11T04:45:00Z,2026-08-11T06:45:00+0200,200.67,EUR/MWh,DK2,DK_2,imbalance_price,Long,2026-08-11T19:14:45Z
2026-08-11T19:03:52Z,2026-08-11T21:03:52+0200,d65ae107-0026-470c-8885-f57b4d7803f4,2026-08-11T04:45:00Z,2026-08-11T06:45:00+0200,200.67,EUR/MWh,DK2,DK_2,imbalance_price,Short,2026-08-11T19:14:45Z
2026-08-11T19:03:52Z,2026-08-11T21:03:52+0200,d65ae107-0026-470c-8885-f57b4d7803f4,2026-08-11T05:00:00Z,2026-08-11T07:00:00+0200,345.53,EUR/MWh,DK2,DK_2,imbalance_price,Long,2026-08-11T19:14:45Z
2026-08-11T19:03:52Z,2026-08-11T21:03:52+0200,d65ae107-0026-470c-8885-f57b4d7803f4,2026-08-11T05:00:00Z,2026-08-11T07:00:00+0200,345.53,EUR/MWh,DK2,DK_2,imbalance_price,Short,2026-08-11T19:14:45Z
2026-08-11T19:03:52Z,2026-08-11T21:03:52+0200,d65ae107-0026-470c-8885-f57b4d7803f4,2026-08-11T05:15:00Z,2026-08-11T07:15:00+0200,340.37,EUR/MWh,DK2,DK_2,imbalance_price,Long,2026-08-11T19:14:45Z
2026-08-11T19:03:52Z,2026-08-11T21:03:52+0200,d65ae107-0026-470c-8885-f57b4d7803f4,2026-08-11T05:15:00Z,2026-08-11T07:15:00+0200,340.37,EUR/MWh,DK2,DK_2,imbalance_price,Short,2026-08-11T19:14:45Z
2026-08-11T19:03:52Z,2026-08-11T21:03:52+0200,d65ae107-0026-470c-8885-f57b4d7803f4,2026-08-11T05:30:00Z,2026-08-11T07:30:00+0200,534.46,EUR/MWh,DK2,DK_2,imbalance_price,Long,2026-08-11T19:14:45Z
2026-08-11T19:03:52Z,2026-08-11T21:03:52+0200,d65ae107-0026-470c-8885-f57b4d7803f4,2026-08-11T05:30:00Z,2026-08-11T07:30:00+0200,534.46,EUR/MWh,DK2,DK_2,imbalance_price,Short,2026-08-11T19:14:45Z
2026-08-11T19:03:52Z,2026-08-11T21:03:52+0200,d65ae107-0026-470c-8885-f57b4d7803f4,2026-08-11T05:45:00Z,2026-08-11T07:45:00+0200,183.0,EUR/MWh,DK2,DK_2,imbalance_price,Long,2026-08-11T19:14:45Z
2026-08-11T19:03:52Z,2026-08-11T21:03:52+0200,d65ae107-0026-470c-8885-f57b4d7803f4,2026-08-11T05:45:00Z,2026-08-11T07:45:00+0200,183.0,EUR/MWh,DK2,DK_2,imbalance_price,Short,2026-08-11T19:14:45Z
2026-08-11T19:03:52Z,2026-08-11T21:03:52+0200,d65ae107-0026-470c-8885-f57b4d7803f4,2026-08-11T06:00:00Z,2026-08-11T08:00:00+0200,137.68,EUR/MWh,DK2,DK_2,imbalance_price,Long,2026-08-11T19:14:45Z
2026-08-11T19:03:52Z,2026-08-11T21:03:52+0200,d65ae107-0026-470c-8885-f57b4d7803f4,2026-08-11T06:00:00Z,2026-08-11T08:00:00+0200,137.68,EUR/MWh,DK2,DK_2,imbalance_price,Short,2026-08-11T19:14:45Z
2026-08-11T19:03:52Z,2026-08-11T21:03:52+0200,d65ae107-0026-470c-8885-f57b4d7803f4,2026-08-11T06:15:00Z,2026-08-11T08:15:00+0200,137.07,EUR/MWh,DK2,DK_2,imbalance_price,Long,2026-08-11T19:14:45Z
2026-08-11T19:03:52Z,2026-08-11T21:03:52+0200,d65ae107-0026-470c-8885-f57b4d7803f4,2026-08-11T06:15:00Z,2026-08-11T08:15:00+0200,137.07,EUR/MWh,DK2,DK_2,imbalance_price,Short,2026-08-11T19:14:45Z
2026-08-11T19:03:52Z,2026-08-11T21:03:52+0200,d65ae107-0026-470c-8885-f57b4d7803f4,2026-08-11T06:30:00Z,2026-08-11T08:30:00+0200,-3.03,EUR/MWh,DK2,DK_2,imbalance_price,Long,2026-08-11T19:14:45Z
2026-08-11T19:03:52Z,2026-08-11T21:03:52+0200,d65ae107-0026-470c-8885-f57b4d7803f4,2026-08-11T06:30:00Z,2026-08-11T08:30:00+0200,-3.03,EUR/MWh,DK2,DK_2,imbalance_price,Short,2026-08-11T19:14:45Z
2026-08-11T19:03:52Z,2026-08-11T21:03:52+0200,d65ae107-0026-470c-8885-f57b4d7803f4,2026-08-11T06:45:00Z,2026-08-11T08:45:00+0200,116.42,EUR/MWh,DK2,DK_2,imbalance_price,Long,2026-08-11T19:14:45Z
2026-08-11T19:03:52Z,2026-08-11T21:03:52+0200,d65ae107-0026-470c-8885-f57b4d7803f4,2026-08-11T06:45:00Z,2026-08-11T08:45:00+0200,116.42,EUR/MWh,DK2,DK_2,imbalance_price,Short,2026-08-11T19:14:45Z
2026-08-11T19:03:52Z,2026-08-11T21:03:52+0200,d65ae107-0026-470c-8885-f57b4d7803f4,2026-08-11T07:00:00Z,2026-08-11T09:00:00+0200,965.83,EUR/MWh,DK2,DK_2,imbalance_price,Long,2026-08-11T19:14:45Z
2026-08-11T19:03:52Z,2026-08-11T21:03:52+0200,d65ae107-0026-470c-8885-f57b4d7803f4,2026-08-11T07:00:00Z,2026-08-11T09:00:00+0200,965.83,EUR/MWh,DK2,DK_2,imbalance_price,Short,2026-08-11T19:14:45Z
2026-08-11T19:03:52Z,2026-08-11T21:03:52+0200,d65ae107-0026-470c-8885-f57b4d7803f4,2026-08-11T07:15:00Z,2026-08-11T09:15:00+0200,401.35,EUR/MWh,DK2,DK_2,imbalance_price,Long,2026-08-11T19:14:45Z
2026-08-11T19:03:52Z,2026-08-11T21:03:52+0200,d65ae107-0026-470c-8885-f57b4d7803f4,2026-08-11T07:15:00Z,2026-08-11T09:15:00+0200,401.35,EUR/MWh,DK2,DK_2,imbalance_price,Short,2026-08-11T19:14:45Z
2026-08-11T19:03:52Z,2026-08-11T21:03:52+0200,d65ae107-0026-470c-8885-f57b4d7803f4,2026-08-11T07:30:00Z,2026-08-11T09:30:00+0200,112.0,EUR/MWh,DK2,DK_2,imbalance_price,Long,2026-08-11T19:14:45Z
2026-08-11T19:03:52Z,2026-08-11T21:03:52+0200,d65ae107-0026-470c-8885-f57b4d7803f4,2026-08-11T07:30:00Z,2026-08-11T09:30:00+0200,112.0,EUR/MWh,DK2,DK_2,imbalance_price,Short,2026-08-11T19:14:45Z
2026-08-11T19:03:52Z,2026-08-11T21:03:52+0200,d65ae107-0026-470c-8885-f57b4d7803f4,2026-08-11T07:45:00Z,2026-08-11T09:45:00+0200,78.6,EUR/MWh,DK2,DK_2,imbalance_price,Long,2026-08-11T19:14:45Z
2026-08-11T19:03:52Z,2026-08-11T21:03:52+0200,d65ae107-0026-470c-8885-f57b4d7803f4,2026-08-11T07:45:00Z,2026-08-11T09:45:00+0200,78.6,EUR/MWh,DK2,DK_2,imbalance_price,Short,2026-08-11T19:14:45Z
2026-08-11T19:03:52Z,2026-08-11T21:03:52+0200,d65ae107-0026-470c-8885-f57b4d7803f4,2026-08-11T08:00:00Z,2026-08-11T10:00:00+0200,-16.48,EUR/MWh,DK2,DK_2,imbalance_price,Long,2026-08-11T19:14:45Z
2026-08-11T19:03:52Z,2026-08-11T21:03:52+0200,d65ae107-0026-470c-8885-f57b4d7803f4,2026-08-11T08:00:00Z,2026-08-11T10:00:00+0200,-16.48,EUR/MWh,DK2,DK_2,imbalance_price,Short,2026-08-11T19:14:45Z
2026-08-11T19:03:52Z,2026-08-11T21:03:52+0200,d65ae107-0026-470c-8885-f57b4d7803f4,2026-08-11T08:15:00Z,2026-08-11T10:15:00+0200,-26.83,EUR/MWh,DK2,DK_2,imbalance_price,Long,2026-08-11T19:14:45Z
2026-08-11T19:03:52Z,2026-08-11T21:03:52+0200,d65ae107-0026-470c-8885-f57b4d7803f4,2026-08-11T08:15:00Z,2026-08-11T10:15:00+0200,-26.83,EUR/MWh,DK2,DK_2,imbalance_price,Short,2026-08-11T19:14:45Z
2026-08-11T19:03:52Z,2026-08-11T21:03:52+0200,d65ae107-0026-470c-8885-f57b4d7803f4,2026-08-11T08:30:00Z,2026-08-11T10:30:00+0200,-37.06,EUR/MWh,DK2,DK_2,imbalance_price,Long,2026-08-11T19:14:45Z
2026-08-11T19:03:52Z,2026-08-11T21:03:52+0200,d65ae107-0026-470c-8885-f57b4d7803f4,2026-08-11T08:30:00Z,2026-08-11T10:30:00+0200,-37.06,EUR/MWh,DK2,DK_2,imbalance_price,Short,2026-08-11T19:14:45Z
2026-08-11T19:03:52Z,2026-08-11T21:03:52+0200,d65ae107-0026-470c-8885-f57b4d7803f4,2026-08-11T08:45:00Z,2026-08-11T10:45:00+0200,-9.65,EUR/MWh,DK2,DK_2,imbalance_price,Long,2026-08-11T19:14:45Z
2026-08-11T19:03:52Z,2026-08-11T21:03:52+0200,d65ae107-0026-470c-8885-f57b4d7803f4,2026-08-11T08:45:00Z,2026-08-11T10:45:00+0200,-9.65,EUR/MWh,DK2,DK_2,imbalance_price,Short,2026-08-11T19:14:45Z
2026-08-11T19:03:52Z,2026-08-11T21:03:52+0200,d65ae107-0026-470c-8885-f57b4d7803f4,2026-08-11T09:00:00Z,2026-08-11T11:00:00+0200,-5.1,EUR/MWh,DK2,DK_2,imbalance_price,Long,2026-08-11T19:14:45Z
2026-08-11T19:03:52Z,2026-08-11T21:03:52+0200,d65ae107-0026-470c-8885-f57b4d7803f4,2026-08-11T09:00:00Z,2026-08-11T11:00:00+0200,-5.1,EUR/MWh,DK2,DK_2,imbalance_price,Short,2026-08-11T19:14:45Z
2026-08-11T19:03:52Z,2026-08-11T21:03:52+0200,d65ae107-0026-470c-8885-f57b4d7803f4,2026-08-11T09:15:00Z,2026-08-11T11:15:00+0200,-10.31,EUR/MWh,DK2,DK_2,imbalance_price,Long,2026-08-11T19:14:45Z
2026-08-11T19:03:52Z,2026-08-11T21:03:52+0200,d65ae107-0026-470c-8885-f57b4d7803f4,2026-08-11T09:15:00Z,2026-08-11T11:15:00+0200,-10.31,EUR/MWh,DK2,DK_2,imbalance_price,Short,2026-08-11T19:14:45Z
2026-08-11T19:03:52Z,2026-08-11T21:03:52+0200,d65ae107-0026-470c-8885-f57b4d7803f4,2026-08-11T09:30:00Z,2026-08-11T11:30:00+0200,3.26,EUR/MWh,DK2,DK_2,imbalance_price,Long,2026-08-11T19:14:45Z
2026-08-11T19:03:52Z,2026-08-11T21:03:52+0200,d65ae107-0026-470c-8885-f57b4d7803f4,2026-08-11T09:30:00Z,2026-08-11T11:30:00+0200,3.26,EUR/MWh,DK2,DK_2,imbalance_price,Short,2026-08-11T19:14:45Z
2026-08-11T19:03:52Z,2026-08-11T21:03:52+0200,d65ae107-0026-470c-8885-f57b4d7803f4,2026-08-11T09:45:00Z,2026-08-11T11:45:00+0200,1.87,EUR/MWh,DK2,DK_2,imbalance_price,Long,2026-08-11T19:14:45Z
2026-08-11T19:03:52Z,2026-08-11T21:03:52+0200,d65ae107-0026-470c-8885-f57b4d7803f4,2026-08-11T09:45:00Z,2026-08-11T11:45:00+0200,1.87,EUR/MWh,DK2,DK_2,imbalance_price,Short,2026-08-11T19:14:45Z
2026-08-11T19:03:52Z,2026-08-11T21:03:52+0200,d65ae107-0026-470c-8885-f57b4d7803f4,2026-08-11T10:00:00Z,2026-08-11T12:00:00+0200,-3.56,EUR/MWh,DK2,DK_2,imbalance_price,Long,2026-08-11T19:14:45Z
2026-08-11T19:03:52Z,2026-08-11T21:03:52+0200,d65ae107-0026-470c-8885-f57b4d7803f4,2026-08-11T10:00:00Z,2026-08-11T12:00:00+0200,-3.56,EUR/MWh,DK2,DK_2,imbalance_price,Short,2026-08-11T19:14:45Z
2026-08-11T19:03:52Z,2026-08-11T21:03:52+0200,d65ae107-0026-470c-8885-f57b4d7803f4,2026-08-11T10:15:00Z,2026-08-11T12:15:00+0200,-10.12,EUR/MWh,DK2,DK_2,imbalance_price,Long,2026-08-11T19:14:45Z
2026-08-11T19:03:52Z,2026-08-11T21:03:52+0200,d65ae107-0026-470c-8885-f57b4d7803f4,2026-08-11T10:15:00Z,2026-08-11T12:15:00+0200,-10.12,EUR/MWh,DK2,DK_2,imbalance_price,Short,2026-08-11T19:14:45Z
2026-08-11T19:03:52Z,2026-08-11T21:03:52+0200,d65ae107-0026-470c-8885-f57b4d7803f4,2026-08-11T10:30:00Z,2026-08-11T12:30:00+0200,-3.0,EUR/MWh,DK2,DK_2,imbalance_price,Long,2026-08-11T19:14:45Z
2026-08-11T19:03:52Z,2026-08-11T21:03:52+0200,d65ae107-0026-470c-8885-f57b4d7803f4,2026-08-11T10:30:00Z,2026-08-11T12:30:00+0200,-3.0,EUR/MWh,DK2,DK_2,imbalance_price,Short,2026-08-11T19:14:45Z
2026-08-11T19:03:52Z,2026-08-11T21:03:52+0200,d65ae107-0026-470c-8885-f57b4d7803f4,2026-08-11T10:45:00Z,2026-08-11T12:45:00+0200,-9.02,EUR/MWh,DK2,DK_2,imbalance_price,Long,2026-08-11T19:14:45Z
2026-08-11T19:03:52Z,2026-08-11T21:03:52+0200,d65ae107-0026-470c-8885-f57b4d7803f4,2026-08-11T10:45:00Z,2026-08-11T12:45:00+0200,-9.02,EUR/MWh,DK2,DK_2,imbalance_price,Short,2026-08-11T19:14:45Z
2026-08-11T19:03:52Z,2026-08-11T21:03:52+0200,d65ae107-0026-470c-8885-f57b4d7803f4,2026-08-11T11:00:00Z,2026-08-11T13:00:00+0200,-8.21,EUR/MWh,DK2,DK_2,imbalance_price,Long,2026-08-11T19:14:45Z
2026-08-11T19:03:52Z,2026-08-11T21:03:52+0200,d65ae107-0026-470c-8885-f57b4d7803f4,2026-08-11T11:00:00Z,2026-08-11T13:00:00+0200,-8.21,EUR/MWh,DK2,DK_2,imbalance_price,Short,2026-08-11T19:14:45Z
2026-08-11T19:03:52Z,2026-08-11T21:03:52+0200,d65ae107-0026-470c-8885-f57b4d7803f4,2026-08-11T11:15:00Z,2026-08-11T13:15:00+0200,-66.84,EUR/MWh,DK2,DK_2,imbalance_price,Long,2026-08-11T19:14:45Z
2026-08-11T19:03:52Z,2026-08-11T21:03:52+0200,d65ae107-0026-470c-8885-f57b4d7803f4,2026-08-11T11:15:00Z,2026-08-11T13:15:00+0200,-66.84,EUR/MWh,DK2,DK_2,imbalance_price,Short,2026-08-11T19:14:45Z
2026-08-11T19:03:52Z,2026-08-11T21:03:52+0200,d65ae107-0026-470c-8885-f57b4d7803f4,2026-08-11T11:30:00Z,2026-08-11T13:30:00+0200,-77.34,EUR/MWh,DK2,DK_2,imbalance_price,Long,2026-08-11T19:14:45Z
2026-08-11T19:03:52Z,2026-08-11T21:03:52+0200,d65ae107-0026-470c-8885-f57b4d7803f4,2026-08-11T11:30:00Z,2026-08-11T13:30:00+0200,-77.34,EUR/MWh,DK2,DK_2,imbalance_price,Short,2026-08-11T19:14:45Z
2026-08-11T19:03:52Z,2026-08-11T21:03:52+0200,d65ae107-0026-470c-8885-f57b4d7803f4,2026-08-11T11:45:00Z,2026-08-11T13:45:00+0200,-7.92,EUR/MWh,DK2,DK_2,imbalance_price,Long,2026-08-11T19:14:45Z
2026-08-11T19:03:52Z,2026-08-11T21:03:52+0200,d65ae107-0026-470c-8885-f57b4d7803f4,2026-08-11T11:45:00Z,2026-08-11T13:45:00+0200,-7.92,EUR/MWh,DK2,DK_2,imbalance_price,Short,2026-08-11T19:14:45Z
2026-08-11T19:03:52Z,2026-08-11T21:03:52+0200,d65ae107-0026-470c-8885-f57b4d7803f4,2026-08-11T12:00:00Z,2026-08-11T14:00:00+0200,-46.75,EUR/MWh,DK2,DK_2,imbalance_price,Long,2026-08-11T19:14:45Z
2026-08-11T19:03:52Z,2026-08-11T21:03:52+0200,d65ae107-0026-470c-8885-f57b4d7803f4,2026-08-11T12:00:00Z,2026-08-11T14:00:00+0200,-46.75,EUR/MWh,DK2,DK_2,imbalance_price,Short,2026-08-11T19:14:45Z
2026-08-11T19:03:52Z,2026-08-11T21:03:52+0200,d65ae107-0026-470c-8885-f57b4d7803f4,2026-08-11T12:15:00Z,2026-08-11T14:15:00+0200,-5.0,EUR/MWh,DK2,DK_2,imbalance_price,Long,2026-08-11T19:14:45Z
2026-08-11T19:03:52Z,2026-08-11T21:03:52+0200,d65ae107-0026-470c-8885-f57b4d7803f4,2026-08-11T12:15:00Z,2026-08-11T14:15:00+0200,-5.0,EUR/MWh,DK2,DK_2,imbalance_price,Short,2026-08-11T19:14:45Z
2026-08-11T19:03:52Z,2026-08-11T21:03:52+0200,d65ae107-0026-470c-8885-f57b4d7803f4,2026-08-11T12:30:00Z,2026-08-11T14:30:00+0200,-2.54,EUR/MWh,DK2,DK_2,imbalance_price,Long,2026-08-11T19:14:45Z
2026-08-11T19:03:52Z,2026-08-11T21:03:52+0200,d65ae107-0026-470c-8885-f57b4d7803f4,2026-08-11T12:30:00Z,2026-08-11T14:30:00+0200,-2.54,EUR/MWh,DK2,DK_2,imbalance_price,Short,2026-08-11T19:14:45Z
2026-08-11T19:03:52Z,2026-08-11T21:03:52+0200,d65ae107-0026-470c-8885-f57b4d7803f4,2026-08-11T12:45:00Z,2026-08-11T14:45:00+0200,-22.27,EUR/MWh,DK2,DK_2,imbalance_price,Long,2026-08-11T19:14:45Z
2026-08-11T19:03:52Z,2026-08-11T21:03:52+0200,d65ae107-0026-470c-8885-f57b4d7803f4,2026-08-11T12:45:00Z,2026-08-11T14:45:00+0200,-22.27,EUR/MWh,DK2,DK_2,imbalance_price,Short,2026-08-11T19:14:45Z
2026-08-11T19:03:52Z,2026-08-11T21:03:52+0200,d65ae107-0026-470c-8885-f57b4d7803f4,2026-08-11T13:00:00Z,2026-08-11T15:00:00+0200,-47.35,EUR/MWh,DK2,DK_2,imbalance_price,Long,2026-08-11T19:14:45Z
2026-08-11T19:03:52Z,2026-08-11T21:03:52+0200,d65ae107-0026-470c-8885-f57b4d7803f4,2026-08-11T13:00:00Z,2026-08-11T15:00:00+0200,-47.35,EUR/MWh,DK2,DK_2,imbalance_price,Short,2026-08-11T19:14:45Z
2026-08-11T19:03:52Z,2026-08-11T21:03:52+0200,d65ae107-0026-470c-8885-f57b4d7803f4,2026-08-11T13:15:00Z,2026-08-11T15:15:00+0200,-11.73,EUR/MWh,DK2,DK_2,imbalance_price,Long,2026-08-11T19:14:45Z
2026-08-11T19:03:52Z,2026-08-11T21:03:52+0200,d65ae107-0026-470c-8885-f57b4d7803f4,2026-08-11T13:15:00Z,2026-08-11T15:15:00+0200,-11.73,EUR/MWh,DK2,DK_2,imbalance_price,Short,2026-08-11T19:14:45Z
2026-08-11T19:03:52Z,2026-08-11T21:03:52+0200,d65ae107-0026-470c-8885-f57b4d7803f4,2026-08-11T13:30:00Z,2026-08-11T15:30:00+0200,-3.39,EUR/MWh,DK2,DK_2,imbalance_price,Long,2026-08-11T19:14:45Z
2026-08-11T19:03:52Z,2026-08-11T21:03:52+0200,d65ae107-0026-470c-8885-f57b4d7803f4,2026-08-11T13:30:00Z,2026-08-11T15:30:00+0200,-3.39,EUR/MWh,DK2,DK_2,imbalance_price,Short,2026-08-11T19:14:45Z
2026-08-11T19:03:52Z,2026-08-11T21:03:52+0200,d65ae107-0026-470c-8885-f57b4d7803f4,2026-08-11T13:45:00Z,2026-08-11T15:45:00+0200,-21.62,EUR/MWh,DK2,DK_2,imbalance_price,Long,2026-08-11T19:14:45Z
2026-08-11T19:03:52Z,2026-08-11T21:03:52+0200,d65ae107-0026-470c-8885-f57b4d7803f4,2026-08-11T13:45:00Z,2026-08-11T15:45:00+0200,-21.62,EUR/MWh,DK2,DK_2,imbalance_price,Short,2026-08-11T19:14:45Z
2026-08-11T19:03:52Z,2026-08-11T21:03:52+0200,d65ae107-0026-470c-8885-f57b4d7803f4,2026-08-11T14:00:00Z,2026-08-11T16:00:00+0200,-1.0,EUR/MWh,DK2,DK_2,imbalance_price,Long,2026-08-11T19:14:45Z
2026-08-11T19:03:52Z,2026-08-11T21:03:52+0200,d65ae107-0026-470c-8885-f57b4d7803f4,2026-08-11T14:00:00Z,2026-08-11T16:00:00+0200,-1.0,EUR/MWh,DK2,DK_2,imbalance_price,Short,2026-08-11T19:14:45Z
2026-08-11T19:03:52Z,2026-08-11T21:03:52+0200,d65ae107-0026-470c-8885-f57b4d7803f4,2026-08-11T14:15:00Z,2026-08-11T16:15:00+0200,-1.0,EUR/MWh,DK2,DK_2,imbalance_price,Long,2026-08-11T19:14:45Z
2026-08-11T19:03:52Z,2026-08-11T21:03:52+0200,d65ae107-0026-470c-8885-f57b4d7803f4,2026-08-11T14:15:00Z,2026-08-11T16:15:00+0200,-1.0,EUR/MWh,DK2,DK_2,imbalance_price,Short,2026-08-11T19:14:45Z
2026-08-11T19:03:52Z,2026-08-11T21:03:52+0200,d65ae107-0026-470c-8885-f57b4d7803f4,2026-08-11T14:30:00Z,2026-08-11T16:30:00+0200,0.0,EUR/MWh,DK2,DK_2,imbalance_price,Long,2026-08-11T19:14:45Z
2026-08-11T19:03:52Z,2026-08-11T21:03:52+0200,d65ae107-0026-470c-8885-f57b4d7803f4,2026-08-11T14:30:00Z,2026-08-11T16:30:00+0200,0.0,EUR/MWh,DK2,DK_2,imbalance_price,Short,2026-08-11T19:14:45Z
2026-08-11T19:03:52Z,2026-08-11T21:03:52+0200,d65ae107-0026-470c-8885-f57b4d7803f4,2026-08-11T14:45:00Z,2026-08-11T16:45:00+0200,6.68,EUR/MWh,DK2,DK_2,imbalance_price,Long,2026-08-11T19:14:45Z
2026-08-11T19:03:52Z,2026-08-11T21:03:52+0200,d65ae107-0026-470c-8885-f57b4d7803f4,2026-08-11T14:45:00Z,2026-08-11T16:45:00+0200,6.68,EUR/MWh,DK2,DK_2,imbalance_price,Short,2026-08-11T19:14:45Z
2026-08-11T19:03:52Z,2026-08-11T21:03:52+0200,d65ae107-0026-470c-8885-f57b4d7803f4,2026-08-11T15:00:00Z,2026-08-11T17:00:00+0200,75.87,EUR/MWh,DK2,DK_2,imbalance_price,Long,2026-08-11T19:14:45Z
2026-08-11T19:03:52Z,2026-08-11T21:03:52+0200,d65ae107-0026-470c-8885-f57b4d7803f4,2026-08-11T15:00:00Z,2026-08-11T17:00:00+0200,75.87,EUR/MWh,DK2,DK_2,imbalance_price,Short,2026-08-11T19:14:45Z
2026-08-11T19:03:52Z,2026-08-11T21:03:52+0200,d65ae107-0026-470c-8885-f57b4d7803f4,2026-08-11T15:15:00Z,2026-08-11T17:15:00+0200,101.75,EUR/MWh,DK2,DK_2,imbalance_price,Long,2026-08-11T19:14:45Z
2026-08-11T19:03:52Z,2026-08-11T21:03:52+0200,d65ae107-0026-470c-8885-f57b4d7803f4,2026-08-11T15:15:00Z,2026-08-11T17:15:00+0200,101.75,EUR/MWh,DK2,DK_2,imbalance_price,Short,2026-08-11T19:14:45Z
2026-08-11T19:03:52Z,2026-08-11T21:03:52+0200,d65ae107-0026-470c-8885-f57b4d7803f4,2026-08-11T15:30:00Z,2026-08-11T17:30:00+0200,116.61,EUR/MWh,DK2,DK_2,imbalance_price,Long,2026-08-11T19:14:45Z
2026-08-11T19:03:52Z,2026-08-11T21:03:52+0200,d65ae107-0026-470c-8885-f57b4d7803f4,2026-08-11T15:30:00Z,2026-08-11T17:30:00+0200,116.61,EUR/MWh,DK2,DK_2,imbalance_price,Short,2026-08-11T19:14:45Z
2026-08-11T19:03:52Z,2026-08-11T21:03:52+0200,d65ae107-0026-470c-8885-f57b4d7803f4,2026-08-11T15:45:00Z,2026-08-11T17:45:00+0200,137.94,EUR/MWh,DK2,DK_2,imbalance_price,Long,2026-08-11T19:14:45Z
2026-08-11T19:03:52Z,2026-08-11T21:03:52+0200,d65ae107-0026-470c-8885-f57b4d7803f4,2026-08-11T15:45:00Z,2026-08-11T17:45:00+0200,137.94,EUR/MWh,DK2,DK_2,imbalance_price,Short,2026-08-11T19:14:45Z
2026-08-11T19:03:52Z,2026-08-11T21:03:52+0200,d65ae107-0026-470c-8885-f57b4d7803f4,2026-08-11T16:00:00Z,2026-08-11T18:00:00+0200,361.26,EUR/MWh,DK2,DK_2,imbalance_price,Long,2026-08-11T19:14:45Z
2026-08-11T19:03:52Z,2026-08-11T21:03:52+0200,d65ae107-0026-470c-8885-f57b4d7803f4,2026-08-11T16:00:00Z,2026-08-11T18:00:00+0200,361.26,EUR/MWh,DK2,DK_2,imbalance_price,Short,2026-08-11T19:14:45Z
2026-08-11T19:03:52Z,2026-08-11T21:03:52+0200,d65ae107-0026-470c-8885-f57b4d7803f4,2026-08-11T16:15:00Z,2026-08-11T18:15:00+0200,143.37,EUR/MWh,DK2,DK_2,imbalance_price,Long,2026-08-11T19:14:45Z
2026-08-11T19:03:52Z,2026-08-11T21:03:52+0200,d65ae107-0026-470c-8885-f57b4d7803f4,2026-08-11T16:15:00Z,2026-08-11T18:15:00+0200,143.37,EUR/MWh,DK2,DK_2,imbalance_price,Short,2026-08-11T19:14:45Z
2026-08-11T19:03:52Z,2026-08-11T21:03:52+0200,d65ae107-0026-470c-8885-f57b4d7803f4,2026-08-11T16:30:00Z,2026-08-11T18:30:00+0200,383.9,EUR/MWh,DK2,DK_2,imbalance_price,Long,2026-08-11T19:14:45Z
2026-08-11T19:03:52Z,2026-08-11T21:03:52+0200,d65ae107-0026-470c-8885-f57b4d7803f4,2026-08-11T16:30:00Z,2026-08-11T18:30:00+0200,383.9,EUR/MWh,DK2,DK_2,imbalance_price,Short,2026-08-11T19:14:45Z
2026-08-11T19:03:52Z,2026-08-11T21:03:52+0200,d65ae107-0026-470c-8885-f57b4d7803f4,2026-08-11T16:45:00Z,2026-08-11T18:45:00+0200,241.39,EUR/MWh,DK2,DK_2,imbalance_price,Long,2026-08-11T19:14:45Z
2026-08-11T19:03:52Z,2026-08-11T21:03:52+0200,d65ae107-0026-470c-8885-f57b4d7803f4,2026-08-11T16:45:00Z,2026-08-11T18:45:00+0200,241.39,EUR/MWh,DK2,DK_2,imbalance_price,Short,2026-08-11T19:14:45Z
2026-08-11T19:03:52Z,2026-08-11T21:03:52+0200,d65ae107-0026-470c-8885-f57b4d7803f4,2026-08-11T17:00:00Z,2026-08-11T19:00:00+0200,131.44,EUR/MWh,DK2,DK_2,imbalance_price,Long,2026-08-11T19:14:45Z
2026-08-11T19:03:52Z,2026-08-11T21:03:52+0200,d65ae107-0026-470c-8885-f57b4d7803f4,2026-08-11T17:00:00Z,2026-08-11T19:00:00+0200,131.44,EUR/MWh,DK2,DK_2,imbalance_price,Short,2026-08-11T19:14:45Z
2026-08-11T19:03:52Z,2026-08-11T21:03:52+0200,d65ae107-0026-470c-8885-f57b4d7803f4,2026-08-11T17:15:00Z,2026-08-11T19:15:00+0200,136.04,EUR/MWh,DK2,DK_2,imbalance_price,Long,2026-08-11T19:14:45Z
2026-08-11T19:03:52Z,2026-08-11T21:03:52+0200,d65ae107-0026-470c-8885-f57b4d7803f4,2026-08-11T17:15:00Z,2026-08-11T19:15:00+0200,136.04,EUR/MWh,DK2,DK_2,imbalance_price,Short,2026-08-11T19:14:45Z
2026-08-11T19:03:52Z,2026-08-11T21:03:52+0200,d65ae107-0026-470c-8885-f57b4d7803f4,2026-08-11T17:30:00Z,2026-08-11T19:30:00+0200,136.88,EUR/MWh,DK2,DK_2,imbalance_price,Long,2026-08-11T19:14:45Z
2026-08-11T19:03:52Z,2026-08-11T21:03:52+0200,d65ae107-0026-470c-8885-f57b4d7803f4,2026-08-11T17:30:00Z,2026-08-11T19:30:00+0200,136.88,EUR/MWh,DK2,DK_2,imbalance_price,Short,2026-08-11T19:14:45Z
2026-08-11T19:03:52Z,2026-08-11T21:03:52+0200,d65ae107-0026-470c-8885-f57b4d7803f4,2026-08-11T17:45:00Z,2026-08-11T19:45:00+0200,207.0,EUR/MWh,DK2,DK_2,imbalance_price,Long,2026-08-11T19:14:45Z
2026-08-11T19:03:52Z,2026-08-11T21:03:52+0200,d65ae107-0026-470c-8885-f57b4d7803f4,2026-08-11T17:45:00Z,2026-08-11T19:45:00+0200,207.0,EUR/MWh,DK2,DK_2,imbalance_price,Short,2026-08-11T19:14:45Z
2026-08-11T19:03:52Z,2026-08-11T21:03:52+0200,d65ae107-0026-470c-8885-f57b4d7803f4,2026-08-11T18:00:00Z,2026-08-11T20:00:00+0200,196.96,EUR/MWh,DK2,DK_2,imbalance_price,Long,2026-08-11T19:14:45Z
2026-08-11T19:03:52Z,2026-08-11T21:03:52+0200,d65ae107-0026-470c-8885-f57b4d7803f4,2026-08-11T18:00:00Z,2026-08-11T20:00:00+0200,196.96,EUR/MWh,DK2,DK_2,imbalance_price,Short,2026-08-11T19:14:45Z
2026-08-11T19:03:52Z,2026-08-11T21:03:52+0200,d65ae107-0026-470c-8885-f57b4d7803f4,2026-08-11T18:15:00Z,2026-08-11T20:15:00+0200,203.56,EUR/MWh,DK2,DK_2,imbalance_price,Long,2026-08-11T19:14:45Z
2026-08-11T19:03:52Z,2026-08-11T21:03:52+0200,d65ae107-0026-470c-8885-f57b4d7803f4,2026-08-11T18:15:00Z,2026-08-11T20:15:00+0200,203.56,EUR/MWh,DK2,DK_2,imbalance_price,Short,2026-08-11T19:14:45Z
