collection_time_utc,collection_time_local,run_id,timestamp_utc,timestamp_local,value,unit,country,entsoe_area,variable,source,updated_at_utc
2026-09-24T04:38:50Z,2026-09-24T06:38:50+0200,3c6ea73a-8935-4563-9159-861abf60a62a,2026-09-17T05:00:00Z,2026-09-17T07:00:00+0200,3942.699,MW,NL,NL,actual_offshore_wind_generation,Wind Offshore | Actual Aggregated,2026-09-24T04:41:40Z
2026-09-24T04:38:50Z,2026-09-24T06:38:50+0200,3c6ea73a-8935-4563-9159-861abf60a62a,2026-09-17T05:00:00Z,2026-09-17T07:00:00+0200,17.952,MW,NL,NL,actual_offshore_wind_generation,Wind Offshore | Actual Consumption,2026-09-24T04:41:40Z
2026-09-24T04:38:50Z,2026-09-24T06:38:50+0200,3c6ea73a-8935-4563-9159-861abf60a62a,2026-09-17T05:15:00Z,2026-09-17T07:15:00+0200,4043.936,MW,NL,NL,actual_offshore_wind_generation,Wind Offshore | Actual Aggregated,2026-09-24T04:41:40Z
2026-09-24T04:38:50Z,2026-09-24T06:38:50+0200,3c6ea73a-8935-4563-9159-861abf60a62a,2026-09-17T05:15:00Z,2026-09-17T07:15:00+0200,17.958,MW,NL,NL,actual_offshore_wind_generation,Wind Offshore | Actual Consumption,2026-09-24T04:41:40Z
2026-09-24T04:38:50Z,2026-09-24T06:38:50+0200,3c6ea73a-8935-4563-9159-861abf60a62a,2026-09-17T05:30:00Z,2026-09-17T07:30:00+0200,4083.102,MW,NL,NL,actual_offshore_wind_generation,Wind Offshore | Actual Aggregated,2026-09-24T04:41:40Z
2026-09-24T04:38:50Z,2026-09-24T06:38:50+0200,3c6ea73a-8935-4563-9159-861abf60a62a,2026-09-17T05:30:00Z,2026-09-17T07:30:00+0200,18.346,MW,NL,NL,actual_offshore_wind_generation,Wind Offshore | Actual Consumption,2026-09-24T04:41:40Z
2026-09-24T04:38:50Z,2026-09-24T06:38:50+0200,3c6ea73a-8935-4563-9159-861abf60a62a,2026-09-17T05:45:00Z,2026-09-17T07:45:00+0200,4025.8,MW,NL,NL,actual_offshore_wind_generation,Wind Offshore | Actual Aggregated,2026-09-24T04:41:40Z
2026-09-24T04:38:50Z,2026-09-24T06:38:50+0200,3c6ea73a-8935-4563-9159-861abf60a62a,2026-09-17T05:45:00Z,2026-09-17T07:45:00+0200,16.377,MW,NL,NL,actual_offshore_wind_generation,Wind Offshore | Actual Consumption,2026-09-24T04:41:40Z
2026-09-24T04:38:50Z,2026-09-24T06:38:50+0200,3c6ea73a-8935-4563-9159-861abf60a62a,2026-09-17T06:00:00Z,2026-09-17T08:00:00+0200,3968.905,MW,NL,NL,actual_offshore_wind_generation,Wind Offshore | Actual Aggregated,2026-09-24T04:41:40Z
2026-09-24T04:38:50Z,2026-09-24T06:38:50+0200,3c6ea73a-8935-4563-9159-861abf60a62a,2026-09-17T06:00:00Z,2026-09-17T08:00:00+0200,15.255,MW,NL,NL,actual_offshore_wind_generation,Wind Offshore | Actual Consumption,2026-09-24T04:41:40Z
2026-09-24T04:38:50Z,2026-09-24T06:38:50+0200,3c6ea73a-8935-4563-9159-861abf60a62a,2026-09-17T06:15:00Z,2026-09-17T08:15:00+0200,3969.312,MW,NL,NL,actual_offshore_wind_generation,Wind Offshore | Actual Aggregated,2026-09-24T04:41:40Z
2026-09-24T04:38:50Z,2026-09-24T06:38:50+0200,3c6ea73a-8935-4563-9159-861abf60a62a,2026-09-17T06:15:00Z,2026-09-17T08:15:00+0200,18.169,MW,NL,NL,actual_offshore_wind_generation,Wind Offshore | Actual Consumption,2026-09-24T04:41:40Z
2026-09-24T04:38:50Z,2026-09-24T06:38:50+0200,3c6ea73a-8935-4563-9159-861abf60a62a,2026-09-17T06:30:00Z,2026-09-17T08:30:00+0200,3986.446,MW,NL,NL,actual_offshore_wind_generation,Wind Offshore | Actual Aggregated,2026-09-24T04:41:40Z
2026-09-24T04:38:50Z,2026-09-24T06:38:50+0200,3c6ea73a-8935-4563-9159-861abf60a62a,2026-09-17T06:30:00Z,2026-09-17T08:30:00+0200,18.839,MW,NL,NL,actual_offshore_wind_generation,Wind Offshore | Actual Consumption,2026-09-24T04:41:40Z
2026-09-24T04:38:50Z,2026-09-24T06:38:50+0200,3c6ea73a-8935-4563-9159-861abf60a62a,2026-09-17T06:45:00Z,2026-09-17T08:45:00+0200,4017.414,MW,NL,NL,actual_offshore_wind_generation,Wind Offshore | Actual Aggregated,2026-09-24T04:41:40Z
2026-09-24T04:38:50Z,2026-09-24T06:38:50+0200,3c6ea73a-8935-4563-9159-861abf60a62a,2026-09-17T06:45:00Z,2026-09-17T08:45:00+0200,18.092,MW,NL,NL,actual_offshore_wind_generation,Wind Offshore | Actual Consumption,2026-09-24T04:41:40Z
2026-09-24T04:38:50Z,2026-09-24T06:38:50+0200,3c6ea73a-8935-4563-9159-861abf60a62a,2026-09-17T07:00:00Z,2026-09-17T09:00:00+0200,4056.346,MW,NL,NL,actual_offshore_wind_generation,Wind Offshore | Actual Aggregated,2026-09-24T04:41:40Z
2026-09-24T04:38:50Z,2026-09-24T06:38:50+0200,3c6ea73a-8935-4563-9159-861abf60a62a,2026-09-17T07:00:00Z,2026-09-17T09:00:00+0200,17.909,MW,NL,NL,actual_offshore_wind_generation,Wind Offshore | Actual Consumption,2026-09-24T04:41:40Z
2026-09-24T04:38:50Z,2026-09-24T06:38:50+0200,3c6ea73a-8935-4563-9159-861abf60a62a,2026-09-17T07:15:00Z,2026-09-17T09:15:00+0200,4054.704,MW,NL,NL,actual_offshore_wind_generation,Wind Offshore | Actual Aggregated,2026-09-24T04:41:40Z
2026-09-24T04:38:50Z,2026-09-24T06:38:50+0200,3c6ea73a-8935-4563-9159-861abf60a62a,2026-09-17T07:15:00Z,2026-09-17T09:15:00+0200,18.595,MW,NL,NL,actual_offshore_wind_generation,Wind Offshore | Actual Consumption,2026-09-24T04:41:40Z
2026-09-24T04:38:50Z,2026-09-24T06:38:50+0200,3c6ea73a-8935-4563-9159-861abf60a62a,2026-09-17T07:30:00Z,2026-09-17T09:30:00+0200,3933.638,MW,NL,NL,actual_offshore_wind_generation,Wind Offshore | Actual Aggregated,2026-09-24T04:41:40Z
2026-09-24T04:38:50Z,2026-09-24T06:38:50+0200,3c6ea73a-8935-4563-9159-861abf60a62a,2026-09-17T07:30:00Z,2026-09-17T09:30:00+0200,18.843,MW,NL,NL,actual_offshore_wind_generation,Wind Offshore | Actual Consumption,2026-09-24T04:41:40Z
2026-09-24T04:38:50Z,2026-09-24T06:38:50+0200,3c6ea73a-8935-4563-9159-861abf60a62a,2026-09-17T07:45:00Z,2026-09-17T09:45:00+0200,3504.866,MW,NL,NL,actual_offshore_wind_generation,Wind Offshore | Actual Aggregated,2026-09-24T04:41:40Z
2026-09-24T04:38:50Z,2026-09-24T06:38:50+0200,3c6ea73a-8935-4563-9159-861abf60a62a,2026-09-17T07:45:00Z,2026-09-17T09:45:00+0200,17.079,MW,NL,NL,actual_offshore_wind_generation,Wind Offshore | Actual Consumption,2026-09-24T04:41:40Z
2026-09-24T04:38:50Z,2026-09-24T06:38:50+0200,3c6ea73a-8935-4563-9159-861abf60a62a,2026-09-17T08:00:00Z,2026-09-17T10:00:00+0200,3525.377,MW,NL,NL,actual_offshore_wind_generation,Wind Offshore | Actual Aggregated,2026-09-24T04:41:40Z
2026-09-24T04:38:50Z,2026-09-24T06:38:50+0200,3c6ea73a-8935-4563-9159-861abf60a62a,2026-09-17T08:00:00Z,2026-09-17T10:00:00+0200,13.341,MW,NL,NL,actual_offshore_wind_generation,Wind Offshore | Actual Consumption,2026-09-24T04:41:40Z
2026-09-24T04:38:50Z,2026-09-24T06:38:50+0200,3c6ea73a-8935-4563-9159-861abf60a62a,2026-09-17T08:15:00Z,2026-09-17T10:15:00+0200,3542.76,MW,NL,NL,actual_offshore_wind_generation,Wind Offshore | Actual Aggregated,2026-09-24T04:41:40Z
2026-09-24T04:38:50Z,2026-09-24T06:38:50+0200,3c6ea73a-8935-4563-9159-861abf60a62a,2026-09-17T08:15:00Z,2026-09-17T10:15:00+0200,17.158,MW,NL,NL,actual_offshore_wind_generation,Wind Offshore | Actual Consumption,2026-09-24T04:41:40Z
2026-09-24T04:38:50Z,2026-09-24T06:38:50+0200,3c6ea73a-8935-4563-9159-861abf60a62a,2026-09-17T08:30:00Z,2026-09-17T10:30:00+0200,3447.985,MW,NL,NL,actual_offshore_wind_generation,Wind Offshore | Actual Aggregated,2026-09-24T04:41:40Z
2026-09-24T04:38:50Z,2026-09-24T06:38:50+0200,3c6ea73a-8935-4563-9159-861abf60a62a,2026-09-17T08:30:00Z,2026-09-17T10:30:00+0200,18.667,MW,NL,NL,actual_offshore_wind_generation,Wind Offshore | Actual Consumption,2026-09-24T04:41:40Z
2026-09-24T04:38:50Z,2026-09-24T06:38:50+0200,3c6ea73a-8935-4563-9159-861abf60a62a,2026-09-17T08:45:00Z,2026-09-17T10:45:00+0200,3295.171,MW,NL,NL,actual_offshore_wind_generation,Wind Offshore | Actual Aggregated,2026-09-24T04:41:40Z
2026-09-24T04:38:50Z,2026-09-24T06:38:50+0200,3c6ea73a-8935-4563-9159-861abf60a62a,2026-09-17T08:45:00Z,2026-09-17T10:45:00+0200,7.74,MW,NL,NL,actual_offshore_wind_generation,Wind Offshore | Actual Consumption,2026-09-24T04:41:40Z
2026-09-24T04:38:50Z,2026-09-24T06:38:50+0200,3c6ea73a-8935-4563-9159-861abf60a62a,2026-09-17T09:00:00Z,2026-09-17T11:00:00+0200,3092.557,MW,NL,NL,actual_offshore_wind_generation,Wind Offshore | Actual Aggregated,2026-09-24T04:41:40Z
2026-09-24T04:38:50Z,2026-09-24T06:38:50+0200,3c6ea73a-8935-4563-9159-861abf60a62a,2026-09-17T09:00:00Z,2026-09-17T11:00:00+0200,18.35,MW,NL,NL,actual_offshore_wind_generation,Wind Offshore | Actual Consumption,2026-09-24T04:41:40Z
2026-09-24T04:38:50Z,2026-09-24T06:38:50+0200,3c6ea73a-8935-4563-9159-861abf60a62a,2026-09-17T09:15:00Z,2026-09-17T11:15:00+0200,3056.038,MW,NL,NL,actual_offshore_wind_generation,Wind Offshore | Actual Aggregated,2026-09-24T04:41:40Z
2026-09-24T04:38:50Z,2026-09-24T06:38:50+0200,3c6ea73a-8935-4563-9159-861abf60a62a,2026-09-17T09:15:00Z,2026-09-17T11:15:00+0200,10.185,MW,NL,NL,actual_offshore_wind_generation,Wind Offshore | Actual Consumption,2026-09-24T04:41:40Z
2026-09-24T04:38:50Z,2026-09-24T06:38:50+0200,3c6ea73a-8935-4563-9159-861abf60a62a,2026-09-17T09:30:00Z,2026-09-17T11:30:00+0200,2887.992,MW,NL,NL,actual_offshore_wind_generation,Wind Offshore | Actual Aggregated,2026-09-24T04:41:40Z
2026-09-24T04:38:50Z,2026-09-24T06:38:50+0200,3c6ea73a-8935-4563-9159-861abf60a62a,2026-09-17T09:30:00Z,2026-09-17T11:30:00+0200,2.034,MW,NL,NL,actual_offshore_wind_generation,Wind Offshore | Actual Consumption,2026-09-24T04:41:40Z
2026-09-24T04:38:50Z,2026-09-24T06:38:50+0200,3c6ea73a-8935-4563-9159-861abf60a62a,2026-09-17T09:45:00Z,2026-09-17T11:45:00+0200,2593.159,MW,NL,NL,actual_offshore_wind_generation,Wind Offshore | Actual Aggregated,2026-09-24T04:41:40Z
2026-09-24T04:38:50Z,2026-09-24T06:38:50+0200,3c6ea73a-8935-4563-9159-861abf60a62a,2026-09-17T09:45:00Z,2026-09-17T11:45:00+0200,2.082,MW,NL,NL,actual_offshore_wind_generation,Wind Offshore | Actual Consumption,2026-09-24T04:41:40Z
2026-09-24T04:38:50Z,2026-09-24T06:38:50+0200,3c6ea73a-8935-4563-9159-861abf60a62a,2026-09-17T10:00:00Z,2026-09-17T12:00:00+0200,3222.713,MW,NL,NL,actual_offshore_wind_generation,Wind Offshore | Actual Aggregated,2026-09-24T04:41:40Z
2026-09-24T04:38:50Z,2026-09-24T06:38:50+0200,3c6ea73a-8935-4563-9159-861abf60a62a,2026-09-17T10:00:00Z,2026-09-17T12:00:00+0200,2.018,MW,NL,NL,actual_offshore_wind_generation,Wind Offshore | Actual Consumption,2026-09-24T04:41:40Z
2026-09-24T04:38:50Z,2026-09-24T06:38:50+0200,3c6ea73a-8935-4563-9159-861abf60a62a,2026-09-17T10:15:00Z,2026-09-17T12:15:00+0200,3446.985,MW,NL,NL,actual_offshore_wind_generation,Wind Offshore | Actual Aggregated,2026-09-24T04:41:40Z
2026-09-24T04:38:50Z,2026-09-24T06:38:50+0200,3c6ea73a-8935-4563-9159-861abf60a62a,2026-09-17T10:15:00Z,2026-09-17T12:15:00+0200,2.024,MW,NL,NL,actual_offshore_wind_generation,Wind Offshore | Actual Consumption,2026-09-24T04:41:40Z
2026-09-24T04:38:50Z,2026-09-24T06:38:50+0200,3c6ea73a-8935-4563-9159-861abf60a62a,2026-09-17T10:30:00Z,2026-09-17T12:30:00+0200,3458.611,MW,NL,NL,actual_offshore_wind_generation,Wind Offshore | Actual Aggregated,2026-09-24T04:41:40Z
2026-09-24T04:38:50Z,2026-09-24T06:38:50+0200,3c6ea73a-8935-4563-9159-861abf60a62a,2026-09-17T10:30:00Z,2026-09-17T12:30:00+0200,2.013,MW,NL,NL,actual_offshore_wind_generation,Wind Offshore | Actual Consumption,2026-09-24T04:41:40Z
2026-09-24T04:38:50Z,2026-09-24T06:38:50+0200,3c6ea73a-8935-4563-9159-861abf60a62a,2026-09-17T10:45:00Z,2026-09-17T12:45:00+0200,3457.906,MW,NL,NL,actual_offshore_wind_generation,Wind Offshore | Actual Aggregated,2026-09-24T04:41:40Z
2026-09-24T04:38:50Z,2026-09-24T06:38:50+0200,3c6ea73a-8935-4563-9159-861abf60a62a,2026-09-17T10:45:00Z,2026-09-17T12:45:00+0200,2.015,MW,NL,NL,actual_offshore_wind_generation,Wind Offshore | Actual Consumption,2026-09-24T04:41:40Z
2026-09-24T04:38:50Z,2026-09-24T06:38:50+0200,3c6ea73a-8935-4563-9159-861abf60a62a,2026-09-17T11:00:00Z,2026-09-17T13:00:00+0200,3475.648,MW,NL,NL,actual_offshore_wind_generation,Wind Offshore | Actual Aggregated,2026-09-24T04:41:40Z
2026-09-24T04:38:50Z,2026-09-24T06:38:50+0200,3c6ea73a-8935-4563-9159-861abf60a62a,2026-09-17T11:00:00Z,2026-09-17T13:00:00+0200,2.024,MW,NL,NL,actual_offshore_wind_generation,Wind Offshore | Actual Consumption,2026-09-24T04:41:40Z
2026-09-24T04:38:50Z,2026-09-24T06:38:50+0200,3c6ea73a-8935-4563-9159-861abf60a62a,2026-09-17T11:15:00Z,2026-09-17T13:15:00+0200,3293.128,MW,NL,NL,actual_offshore_wind_generation,Wind Offshore | Actual Aggregated,2026-09-24T04:41:40Z
2026-09-24T04:38:50Z,2026-09-24T06:38:50+0200,3c6ea73a-8935-4563-9159-861abf60a62a,2026-09-17T11:15:00Z,2026-09-17T13:15:00+0200,2.014,MW,NL,NL,actual_offshore_wind_generation,Wind Offshore | Actual Consumption,2026-09-24T04:41:40Z
2026-09-24T04:38:50Z,2026-09-24T06:38:50+0200,3c6ea73a-8935-4563-9159-861abf60a62a,2026-09-17T11:30:00Z,2026-09-17T13:30:00+0200,3611.68,MW,NL,NL,actual_offshore_wind_generation,Wind Offshore | Actual Aggregated,2026-09-24T04:41:40Z
2026-09-24T04:38:50Z,2026-09-24T06:38:50+0200,3c6ea73a-8935-4563-9159-861abf60a62a,2026-09-17T11:30:00Z,2026-09-17T13:30:00+0200,2.039,MW,NL,NL,actual_offshore_wind_generation,Wind Offshore | Actual Consumption,2026-09-24T04:41:40Z
2026-09-24T04:38:50Z,2026-09-24T06:38:50+0200,3c6ea73a-8935-4563-9159-861abf60a62a,2026-09-17T11:45:00Z,2026-09-17T13:45:00+0200,3576.295,MW,NL,NL,actual_offshore_wind_generation,Wind Offshore | Actual Aggregated,2026-09-24T04:41:40Z
2026-09-24T04:38:50Z,2026-09-24T06:38:50+0200,3c6ea73a-8935-4563-9159-861abf60a62a,2026-09-17T11:45:00Z,2026-09-17T13:45:00+0200,2.001,MW,NL,NL,actual_offshore_wind_generation,Wind Offshore | Actual Consumption,2026-09-24T04:41:40Z
2026-09-24T04:38:50Z,2026-09-24T06:38:50+0200,3c6ea73a-8935-4563-9159-861abf60a62a,2026-09-17T12:00:00Z,2026-09-17T14:00:00+0200,3433.105,MW,NL,NL,actual_offshore_wind_generation,Wind Offshore | Actual Aggregated,2026-09-24T04:41:40Z
2026-09-24T04:38:50Z,2026-09-24T06:38:50+0200,3c6ea73a-8935-4563-9159-861abf60a62a,2026-09-17T12:00:00Z,2026-09-17T14:00:00+0200,18.627,MW,NL,NL,actual_offshore_wind_generation,Wind Offshore | Actual Consumption,2026-09-24T04:41:40Z
2026-09-24T04:38:50Z,2026-09-24T06:38:50+0200,3c6ea73a-8935-4563-9159-861abf60a62a,2026-09-17T12:15:00Z,2026-09-17T14:15:00+0200,3634.215,MW,NL,NL,actual_offshore_wind_generation,Wind Offshore | Actual Aggregated,2026-09-24T04:41:40Z
2026-09-24T04:38:50Z,2026-09-24T06:38:50+0200,3c6ea73a-8935-4563-9159-861abf60a62a,2026-09-17T12:15:00Z,2026-09-17T14:15:00+0200,13.538,MW,NL,NL,actual_offshore_wind_generation,Wind Offshore | Actual Consumption,2026-09-24T04:41:40Z
2026-09-24T04:38:50Z,2026-09-24T06:38:50+0200,3c6ea73a-8935-4563-9159-861abf60a62a,2026-09-17T12:30:00Z,2026-09-17T14:30:00+0200,3683.243,MW,NL,NL,actual_offshore_wind_generation,Wind Offshore | Actual Aggregated,2026-09-24T04:41:40Z
2026-09-24T04:38:50Z,2026-09-24T06:38:50+0200,3c6ea73a-8935-4563-9159-861abf60a62a,2026-09-17T12:30:00Z,2026-09-17T14:30:00+0200,18.871,MW,NL,NL,actual_offshore_wind_generation,Wind Offshore | Actual Consumption,2026-09-24T04:41:40Z
2026-09-24T04:38:50Z,2026-09-24T06:38:50+0200,3c6ea73a-8935-4563-9159-861abf60a62a,2026-09-17T12:45:00Z,2026-09-17T14:45:00+0200,3551.325,MW,NL,NL,actual_offshore_wind_generation,Wind Offshore | Actual Aggregated,2026-09-24T04:41:40Z
2026-09-24T04:38:50Z,2026-09-24T06:38:50+0200,3c6ea73a-8935-4563-9159-861abf60a62a,2026-09-17T12:45:00Z,2026-09-17T14:45:00+0200,9.918,MW,NL,NL,actual_offshore_wind_generation,Wind Offshore | Actual Consumption,2026-09-24T04:41:40Z
2026-09-24T04:38:50Z,2026-09-24T06:38:50+0200,3c6ea73a-8935-4563-9159-861abf60a62a,2026-09-17T13:00:00Z,2026-09-17T15:00:00+0200,3407.398,MW,NL,NL,actual_offshore_wind_generation,Wind Offshore | Actual Aggregated,2026-09-24T04:41:40Z
2026-09-24T04:38:50Z,2026-09-24T06:38:50+0200,3c6ea73a-8935-4563-9159-861abf60a62a,2026-09-17T13:00:00Z,2026-09-17T15:00:00+0200,17.934,MW,NL,NL,actual_offshore_wind_generation,Wind Offshore | Actual Consumption,2026-09-24T04:41:40Z
2026-09-24T04:38:50Z,2026-09-24T06:38:50+0200,3c6ea73a-8935-4563-9159-861abf60a62a,2026-09-17T13:15:00Z,2026-09-17T15:15:00+0200,3335.761,MW,NL,NL,actual_offshore_wind_generation,Wind Offshore | Actual Aggregated,2026-09-24T04:41:40Z
2026-09-24T04:38:50Z,2026-09-24T06:38:50+0200,3c6ea73a-8935-4563-9159-861abf60a62a,2026-09-17T13:15:00Z,2026-09-17T15:15:00+0200,14.242,MW,NL,NL,actual_offshore_wind_generation,Wind Offshore | Actual Consumption,2026-09-24T04:41:40Z
2026-09-24T04:38:50Z,2026-09-24T06:38:50+0200,3c6ea73a-8935-4563-9159-861abf60a62a,2026-09-17T13:30:00Z,2026-09-17T15:30:00+0200,3173.13,MW,NL,NL,actual_offshore_wind_generation,Wind Offshore | Actual Aggregated,2026-09-24T04:41:40Z
2026-09-24T04:38:50Z,2026-09-24T06:38:50+0200,3c6ea73a-8935-4563-9159-861abf60a62a,2026-09-17T13:30:00Z,2026-09-17T15:30:00+0200,13.611,MW,NL,NL,actual_offshore_wind_generation,Wind Offshore | Actual Consumption,2026-09-24T04:41:40Z
2026-09-24T04:38:50Z,2026-09-24T06:38:50+0200,3c6ea73a-8935-4563-9159-861abf60a62a,2026-09-17T13:45:00Z,2026-09-17T15:45:00+0200,2847.746,MW,NL,NL,actual_offshore_wind_generation,Wind Offshore | Actual Aggregated,2026-09-24T04:41:40Z
2026-09-24T04:38:50Z,2026-09-24T06:38:50+0200,3c6ea73a-8935-4563-9159-861abf60a62a,2026-09-17T13:45:00Z,2026-09-17T15:45:00+0200,10.063,MW,NL,NL,actual_offshore_wind_generation,Wind Offshore | Actual Consumption,2026-09-24T04:41:40Z
2026-09-24T04:38:50Z,2026-09-24T06:38:50+0200,3c6ea73a-8935-4563-9159-861abf60a62a,2026-09-17T14:00:00Z,2026-09-17T16:00:00+0200,2638.985,MW,NL,NL,actual_offshore_wind_generation,Wind Offshore | Actual Aggregated,2026-09-24T04:41:40Z
2026-09-24T04:38:50Z,2026-09-24T06:38:50+0200,3c6ea73a-8935-4563-9159-861abf60a62a,2026-09-17T14:00:00Z,2026-09-17T16:00:00+0200,11.381,MW,NL,NL,actual_offshore_wind_generation,Wind Offshore | Actual Consumption,2026-09-24T04:41:40Z
2026-09-24T04:38:50Z,2026-09-24T06:38:50+0200,3c6ea73a-8935-4563-9159-861abf60a62a,2026-09-17T14:15:00Z,2026-09-17T16:15:00+0200,2482.605,MW,NL,NL,actual_offshore_wind_generation,Wind Offshore | Actual Aggregated,2026-09-24T04:41:40Z
2026-09-24T04:38:50Z,2026-09-24T06:38:50+0200,3c6ea73a-8935-4563-9159-861abf60a62a,2026-09-17T14:15:00Z,2026-09-17T16:15:00+0200,7.492,MW,NL,NL,actual_offshore_wind_generation,Wind Offshore | Actual Consumption,2026-09-24T04:41:40Z
2026-09-24T04:38:50Z,2026-09-24T06:38:50+0200,3c6ea73a-8935-4563-9159-861abf60a62a,2026-09-17T14:30:00Z,2026-09-17T16:30:00+0200,2398.122,MW,NL,NL,actual_offshore_wind_generation,Wind Offshore | Actual Aggregated,2026-09-24T04:41:40Z
2026-09-24T04:38:50Z,2026-09-24T06:38:50+0200,3c6ea73a-8935-4563-9159-861abf60a62a,2026-09-17T14:30:00Z,2026-09-17T16:30:00+0200,6.066,MW,NL,NL,actual_offshore_wind_generation,Wind Offshore | Actual Consumption,2026-09-24T04:41:40Z
2026-09-24T04:38:50Z,2026-09-24T06:38:50+0200,3c6ea73a-8935-4563-9159-861abf60a62a,2026-09-17T14:45:00Z,2026-09-17T16:45:00+0200,2334.354,MW,NL,NL,actual_offshore_wind_generation,Wind Offshore | Actual Aggregated,2026-09-24T04:41:40Z
2026-09-24T04:38:50Z,2026-09-24T06:38:50+0200,3c6ea73a-8935-4563-9159-861abf60a62a,2026-09-17T14:45:00Z,2026-09-17T16:45:00+0200,7.565,MW,NL,NL,actual_offshore_wind_generation,Wind Offshore | Actual Consumption,2026-09-24T04:41:40Z
2026-09-24T04:38:50Z,2026-09-24T06:38:50+0200,3c6ea73a-8935-4563-9159-861abf60a62a,2026-09-17T15:00:00Z,2026-09-17T17:00:00+0200,2148.954,MW,NL,NL,actual_offshore_wind_generation,Wind Offshore | Actual Aggregated,2026-09-24T04:41:40Z
2026-09-24T04:38:50Z,2026-09-24T06:38:50+0200,3c6ea73a-8935-4563-9159-861abf60a62a,2026-09-17T15:00:00Z,2026-09-17T17:00:00+0200,5.357,MW,NL,NL,actual_offshore_wind_generation,Wind Offshore | Actual Consumption,2026-09-24T04:41:40Z
2026-09-24T04:38:50Z,2026-09-24T06:38:50+0200,3c6ea73a-8935-4563-9159-861abf60a62a,2026-09-17T15:15:00Z,2026-09-17T17:15:00+0200,2223.425,MW,NL,NL,actual_offshore_wind_generation,Wind Offshore | Actual Aggregated,2026-09-24T04:41:40Z
2026-09-24T04:38:50Z,2026-09-24T06:38:50+0200,3c6ea73a-8935-4563-9159-861abf60a62a,2026-09-17T15:15:00Z,2026-09-17T17:15:00+0200,10.017,MW,NL,NL,actual_offshore_wind_generation,Wind Offshore | Actual Consumption,2026-09-24T04:41:40Z
2026-09-24T04:38:50Z,2026-09-24T06:38:50+0200,3c6ea73a-8935-4563-9159-861abf60a62a,2026-09-17T15:30:00Z,2026-09-17T17:30:00+0200,2428.748,MW,NL,NL,actual_offshore_wind_generation,Wind Offshore | Actual Aggregated,2026-09-24T04:41:40Z
2026-09-24T04:38:50Z,2026-09-24T06:38:50+0200,3c6ea73a-8935-4563-9159-861abf60a62a,2026-09-17T15:30:00Z,2026-09-17T17:30:00+0200,7.293,MW,NL,NL,actual_offshore_wind_generation,Wind Offshore | Actual Consumption,2026-09-24T04:41:40Z
2026-09-24T04:38:50Z,2026-09-24T06:38:50+0200,3c6ea73a-8935-4563-9159-861abf60a62a,2026-09-17T15:45:00Z,2026-09-17T17:45:00+0200,2635.963,MW,NL,NL,actual_offshore_wind_generation,Wind Offshore | Actual Aggregated,2026-09-24T04:41:40Z
2026-09-24T04:38:50Z,2026-09-24T06:38:50+0200,3c6ea73a-8935-4563-9159-861abf60a62a,2026-09-17T15:45:00Z,2026-09-17T17:45:00+0200,4.603,MW,NL,NL,actual_offshore_wind_generation,Wind Offshore | Actual Consumption,2026-09-24T04:41:40Z
2026-09-24T04:38:50Z,2026-09-24T06:38:50+0200,3c6ea73a-8935-4563-9159-861abf60a62a,2026-09-17T16:00:00Z,2026-09-17T18:00:00+0200,2551.059,MW,NL,NL,actual_offshore_wind_generation,Wind Offshore | Actual Aggregated,2026-09-24T04:41:40Z
2026-09-24T04:38:50Z,2026-09-24T06:38:50+0200,3c6ea73a-8935-4563-9159-861abf60a62a,2026-09-17T16:00:00Z,2026-09-17T18:00:00+0200,5.369,MW,NL,NL,actual_offshore_wind_generation,Wind Offshore | Actual Consumption,2026-09-24T04:41:40Z
2026-09-24T04:38:50Z,2026-09-24T06:38:50+0200,3c6ea73a-8935-4563-9159-861abf60a62a,2026-09-17T16:15:00Z,2026-09-17T18:15:00+0200,2138.851,MW,NL,NL,actual_offshore_wind_generation,Wind Offshore | Actual Aggregated,2026-09-24T04:41:40Z
2026-09-24T04:38:50Z,2026-09-24T06:38:50+0200,3c6ea73a-8935-4563-9159-861abf60a62a,2026-09-17T16:15:00Z,2026-09-17T18:15:00+0200,4.313,MW,NL,NL,actual_offshore_wind_generation,Wind Offshore | Actual Consumption,2026-09-24T04:41:40Z
2026-09-24T04:38:50Z,2026-09-24T06:38:50+0200,3c6ea73a-8935-4563-9159-861abf60a62a,2026-09-17T16:30:00Z,2026-09-17T18:30:00+0200,2069.199,MW,NL,NL,actual_offshore_wind_generation,Wind Offshore | Actual Aggregated,2026-09-24T04:41:40Z
2026-09-24T04:38:50Z,2026-09-24T06:38:50+0200,3c6ea73a-8935-4563-9159-861abf60a62a,2026-09-17T16:30:00Z,2026-09-17T18:30:00+0200,5.405,MW,NL,NL,actual_offshore_wind_generation,Wind Offshore | Actual Consumption,2026-09-24T04:41:40Z
2026-09-24T04:38:50Z,2026-09-24T06:38:50+0200,3c6ea73a-8935-4563-9159-861abf60a62a,2026-09-17T16:45:00Z,2026-09-17T18:45:00+0200,1925.192,MW,NL,NL,actual_offshore_wind_generation,Wind Offshore | Actual Aggregated,2026-09-24T04:41:40Z
2026-09-24T04:38:50Z,2026-09-24T06:38:50+0200,3c6ea73a-8935-4563-9159-861abf60a62a,2026-09-17T16:45:00Z,2026-09-17T18:45:00+0200,7.429,MW,NL,NL,actual_offshore_wind_generation,Wind Offshore | Actual Consumption,2026-09-24T04:41:40Z
2026-09-24T04:38:50Z,2026-09-24T06:38:50+0200,3c6ea73a-8935-4563-9159-861abf60a62a,2026-09-17T17:00:00Z,2026-09-17T19:00:00+0200,1721.269,MW,NL,NL,actual_offshore_wind_generation,Wind Offshore | Actual Aggregated,2026-09-24T04:41:40Z
2026-09-24T04:38:50Z,2026-09-24T06:38:50+0200,3c6ea73a-8935-4563-9159-861abf60a62a,2026-09-17T17:00:00Z,2026-09-17T19:00:00+0200,8.489,MW,NL,NL,actual_offshore_wind_generation,Wind Offshore | Actual Consumption,2026-09-24T04:41:40Z
2026-09-24T04:38:50Z,2026-09-24T06:38:50+0200,3c6ea73a-8935-4563-9159-861abf60a62a,2026-09-17T17:15:00Z,2026-09-17T19:15:00+0200,1792.298,MW,NL,NL,actual_offshore_wind_generation,Wind Offshore | Actual Aggregated,2026-09-24T04:41:40Z
2026-09-24T04:38:50Z,2026-09-24T06:38:50+0200,3c6ea73a-8935-4563-9159-861abf60a62a,2026-09-17T17:15:00Z,2026-09-17T19:15:00+0200,6.706,MW,NL,NL,actual_offshore_wind_generation,Wind Offshore | Actual Consumption,2026-09-24T04:41:40Z
2026-09-24T04:38:50Z,2026-09-24T06:38:50+0200,3c6ea73a-8935-4563-9159-861abf60a62a,2026-09-17T17:30:00Z,2026-09-17T19:30:00+0200,1928.47,MW,NL,NL,actual_offshore_wind_generation,Wind Offshore | Actual Aggregated,2026-09-24T04:41:40Z
2026-09-24T04:38:50Z,2026-09-24T06:38:50+0200,3c6ea73a-8935-4563-9159-861abf60a62a,2026-09-17T17:30:00Z,2026-09-17T19:30:00+0200,5.033,MW,NL,NL,actual_offshore_wind_generation,Wind Offshore | Actual Consumption,2026-09-24T04:41:40Z
2026-09-24T04:38:50Z,2026-09-24T06:38:50+0200,3c6ea73a-8935-4563-9159-861abf60a62a,2026-09-17T17:45:00Z,2026-09-17T19:45:00+0200,1705.455,MW,NL,NL,actual_offshore_wind_generation,Wind Offshore | Actual Aggregated,2026-09-24T04:41:40Z
2026-09-24T04:38:50Z,2026-09-24T06:38:50+0200,3c6ea73a-8935-4563-9159-861abf60a62a,2026-09-17T17:45:00Z,2026-09-17T19:45:00+0200,4.12,MW,NL,NL,actual_offshore_wind_generation,Wind Offshore | Actual Consumption,2026-09-24T04:41:40Z
2026-09-24T04:38:50Z,2026-09-24T06:38:50+0200,3c6ea73a-8935-4563-9159-861abf60a62a,2026-09-17T18:00:00Z,2026-09-17T20:00:00+0200,1651.381,MW,NL,NL,actual_offshore_wind_generation,Wind Offshore | Actual Aggregated,2026-09-24T04:41:40Z
2026-09-24T04:38:50Z,2026-09-24T06:38:50+0200,3c6ea73a-8935-4563-9159-861abf60a62a,2026-09-17T18:00:00Z,2026-09-17T20:00:00+0200,4.848,MW,NL,NL,actual_offshore_wind_generation,Wind Offshore | Actual Consumption,2026-09-24T04:41:40Z
2026-09-24T04:38:50Z,2026-09-24T06:38:50+0200,3c6ea73a-8935-4563-9159-861abf60a62a,2026-09-17T18:15:00Z,2026-09-17T20:15:00+0200,1716.72,MW,NL,NL,actual_offshore_wind_generation,Wind Offshore | Actual Aggregated,2026-09-24T04:41:40Z
2026-09-24T04:38:50Z,2026-09-24T06:38:50+0200,3c6ea73a-8935-4563-9159-861abf60a62a,2026-09-17T18:15:00Z,2026-09-17T20:15:00+0200,4.975,MW,NL,NL,actual_offshore_wind_generation,Wind Offshore | Actual Consumption,2026-09-24T04:41:40Z
2026-09-24T04:38:50Z,2026-09-24T06:38:50+0200,3c6ea73a-8935-4563-9159-861abf60a62a,2026-09-17T18:30:00Z,2026-09-17T20:30:00+0200,1806.186,MW,NL,NL,actual_offshore_wind_generation,Wind Offshore | Actual Aggregated,2026-09-24T04:41:40Z
2026-09-24T04:38:50Z,2026-09-24T06:38:50+0200,3c6ea73a-8935-4563-9159-861abf60a62a,2026-09-17T18:30:00Z,2026-09-17T20:30:00+0200,5.467,MW,NL,NL,actual_offshore_wind_generation,Wind Offshore | Actual Consumption,2026-09-24T04:41:40Z
2026-09-24T04:38:50Z,2026-09-24T06:38:50+0200,3c6ea73a-8935-4563-9159-861abf60a62a,2026-09-17T18:45:00Z,2026-09-17T20:45:00+0200,1870.933,MW,NL,NL,actual_offshore_wind_generation,Wind Offshore | Actual Aggregated,2026-09-24T04:41:40Z
2026-09-24T04:38:50Z,2026-09-24T06:38:50+0200,3c6ea73a-8935-4563-9159-861abf60a62a,2026-09-17T18:45:00Z,2026-09-17T20:45:00+0200,3.586,MW,NL,NL,actual_offshore_wind_generation,Wind Offshore | Actual Consumption,2026-09-24T04:41:40Z
2026-09-24T04:38:50Z,2026-09-24T06:38:50+0200,3c6ea73a-8935-4563-9159-861abf60a62a,2026-09-17T19:00:00Z,2026-09-17T21:00:00+0200,1658.541,MW,NL,NL,actual_offshore_wind_generation,Wind Offshore | Actual Aggregated,2026-09-24T04:41:40Z
2026-09-24T04:38:50Z,2026-09-24T06:38:50+0200,3c6ea73a-8935-4563-9159-861abf60a62a,2026-09-17T19:00:00Z,2026-09-17T21:00:00+0200,2.592,MW,NL,NL,actual_offshore_wind_generation,Wind Offshore | Actual Consumption,2026-09-24T04:41:40Z
2026-09-24T04:38:50Z,2026-09-24T06:38:50+0200,3c6ea73a-8935-4563-9159-861abf60a62a,2026-09-17T19:15:00Z,2026-09-17T21:15:00+0200,1620.204,MW,NL,NL,actual_offshore_wind_generation,Wind Offshore | Actual Aggregated,2026-09-24T04:41:40Z
2026-09-24T04:38:50Z,2026-09-24T06:38:50+0200,3c6ea73a-8935-4563-9159-861abf60a62a,2026-09-17T19:15:00Z,2026-09-17T21:15:00+0200,2.081,MW,NL,NL,actual_offshore_wind_generation,Wind Offshore | Actual Consumption,2026-09-24T04:41:40Z
2026-09-24T04:38:50Z,2026-09-24T06:38:50+0200,3c6ea73a-8935-4563-9159-861abf60a62a,2026-09-17T19:30:00Z,2026-09-17T21:30:00+0200,1891.445,MW,NL,NL,actual_offshore_wind_generation,Wind Offshore | Actual Aggregated,2026-09-24T04:41:40Z
2026-09-24T04:38:50Z,2026-09-24T06:38:50+0200,3c6ea73a-8935-4563-9159-861abf60a62a,2026-09-17T19:30:00Z,2026-09-17T21:30:00+0200,7.96,MW,NL,NL,actual_offshore_wind_generation,Wind Offshore | Actual Consumption,2026-09-24T04:41:40Z
2026-09-24T04:38:50Z,2026-09-24T06:38:50+0200,3c6ea73a-8935-4563-9159-861abf60a62a,2026-09-17T19:45:00Z,2026-09-17T21:45:00+0200,2180.219,MW,NL,NL,actual_offshore_wind_generation,Wind Offshore | Actual Aggregated,2026-09-24T04:41:40Z
2026-09-24T04:38:50Z,2026-09-24T06:38:50+0200,3c6ea73a-8935-4563-9159-861abf60a62a,2026-09-17T19:45:00Z,2026-09-17T21:45:00+0200,11.523,MW,NL,NL,actual_offshore_wind_generation,Wind Offshore | Actual Consumption,2026-09-24T04:41:40Z
2026-09-24T04:38:50Z,2026-09-24T06:38:50+0200,3c6ea73a-8935-4563-9159-861abf60a62a,2026-09-17T20:00:00Z,2026-09-17T22:00:00+0200,2295.805,MW,NL,NL,actual_offshore_wind_generation,Wind Offshore | Actual Aggregated,2026-09-24T04:41:40Z
2026-09-24T04:38:50Z,2026-09-24T06:38:50+0200,3c6ea73a-8935-4563-9159-861abf60a62a,2026-09-17T20:00:00Z,2026-09-17T22:00:00+0200,11.851,MW,NL,NL,actual_offshore_wind_generation,Wind Offshore | Actual Consumption,2026-09-24T04:41:40Z
2026-09-24T04:38:50Z,2026-09-24T06:38:50+0200,3c6ea73a-8935-4563-9159-861abf60a62a,2026-09-17T20:15:00Z,2026-09-17T22:15:00+0200,2260.575,MW,NL,NL,actual_offshore_wind_generation,Wind Offshore | Actual Aggregated,2026-09-24T04:41:40Z
2026-09-24T04:38:50Z,2026-09-24T06:38:50+0200,3c6ea73a-8935-4563-9159-861abf60a62a,2026-09-17T20:15:00Z,2026-09-17T22:15:00+0200,9.19,MW,NL,NL,actual_offshore_wind_generation,Wind Offshore | Actual Consumption,2026-09-24T04:41:40Z
2026-09-24T04:38:50Z,2026-09-24T06:38:50+0200,3c6ea73a-8935-4563-9159-861abf60a62a,2026-09-17T20:30:00Z,2026-09-17T22:30:00+0200,2397.068,MW,NL,NL,actual_offshore_wind_generation,Wind Offshore | Actual Aggregated,2026-09-24T04:41:40Z
2026-09-24T04:38:50Z,2026-09-24T06:38:50+0200,3c6ea73a-8935-4563-9159-861abf60a62a,2026-09-17T20:30:00Z,2026-09-17T22:30:00+0200,10.185,MW,NL,NL,actual_offshore_wind_generation,Wind Offshore | Actual Consumption,2026-09-24T04:41:40Z
2026-09-24T04:38:50Z,2026-09-24T06:38:50+0200,3c6ea73a-8935-4563-9159-861abf60a62a,2026-09-17T20:45:00Z,2026-09-17T22:45:00+0200,2371.195,MW,NL,NL,actual_offshore_wind_generation,Wind Offshore | Actual Aggregated,2026-09-24T04:41:40Z
2026-09-24T04:38:50Z,2026-09-24T06:38:50+0200,3c6ea73a-8935-4563-9159-861abf60a62a,2026-09-17T20:45:00Z,2026-09-17T22:45:00+0200,8.875,MW,NL,NL,actual_offshore_wind_generation,Wind Offshore | Actual Consumption,2026-09-24T04:41:40Z
2026-09-24T04:38:50Z,2026-09-24T06:38:50+0200,3c6ea73a-8935-4563-9159-861abf60a62a,2026-09-17T21:00:00Z,2026-09-17T23:00:00+0200,2389.14,MW,NL,NL,actual_offshore_wind_generation,Wind Offshore | Actual Aggregated,2026-09-24T04:41:40Z
2026-09-24T04:38:50Z,2026-09-24T06:38:50+0200,3c6ea73a-8935-4563-9159-861abf60a62a,2026-09-17T21:00:00Z,2026-09-17T23:00:00+0200,11.231,MW,NL,NL,actual_offshore_wind_generation,Wind Offshore | Actual Consumption,2026-09-24T04:41:40Z
2026-09-24T04:38:50Z,2026-09-24T06:38:50+0200,3c6ea73a-8935-4563-9159-861abf60a62a,2026-09-17T21:15:00Z,2026-09-17T23:15:00+0200,2612.365,MW,NL,NL,actual_offshore_wind_generation,Wind Offshore | Actual Aggregated,2026-09-24T04:41:40Z
2026-09-24T04:38:50Z,2026-09-24T06:38:50+0200,3c6ea73a-8935-4563-9159-861abf60a62a,2026-09-17T21:15:00Z,2026-09-17T23:15:00+0200,6.901,MW,NL,NL,actual_offshore_wind_generation,Wind Offshore | Actual Consumption,2026-09-24T04:41:40Z
2026-09-24T04:38:50Z,2026-09-24T06:38:50+0200,3c6ea73a-8935-4563-9159-861abf60a62a,2026-09-17T21:30:00Z,2026-09-17T23:30:00+0200,2743.993,MW,NL,NL,actual_offshore_wind_generation,Wind Offshore | Actual Aggregated,2026-09-24T04:41:40Z
2026-09-24T04:38:50Z,2026-09-24T06:38:50+0200,3c6ea73a-8935-4563-9159-861abf60a62a,2026-09-17T21:30:00Z,2026-09-17T23:30:00+0200,10.554,MW,NL,NL,actual_offshore_wind_generation,Wind Offshore | Actual Consumption,2026-09-24T04:41:40Z
2026-09-24T04:38:50Z,2026-09-24T06:38:50+0200,3c6ea73a-8935-4563-9159-861abf60a62a,2026-09-17T21:45:00Z,2026-09-17T23:45:00+0200,2987.61,MW,NL,NL,actual_offshore_wind_generation,Wind Offshore | Actual Aggregated,2026-09-24T04:41:40Z
2026-09-24T04:38:50Z,2026-09-24T06:38:50+0200,3c6ea73a-8935-4563-9159-861abf60a62a,2026-09-17T21:45:00Z,2026-09-17T23:45:00+0200,10.694,MW,NL,NL,actual_offshore_wind_generation,Wind Offshore | Actual Consumption,2026-09-24T04:41:40Z
2026-09-24T04:38:50Z,2026-09-24T06:38:50+0200,3c6ea73a-8935-4563-9159-861abf60a62a,2026-09-17T22:00:00Z,2026-09-18T00:00:00+0200,3276.182,MW,NL,NL,actual_offshore_wind_generation,Wind Offshore | Actual Aggregated,2026-09-24T04:41:40Z
2026-09-24T04:38:50Z,2026-09-24T06:38:50+0200,3c6ea73a-8935-4563-9159-861abf60a62a,2026-09-17T22:00:00Z,2026-09-18T00:00:00+0200,9.772,MW,NL,NL,actual_offshore_wind_generation,Wind Offshore | Actual Consumption,2026-09-24T04:41:40Z
2026-09-24T04:38:50Z,2026-09-24T06:38:50+0200,3c6ea73a-8935-4563-9159-861abf60a62a,2026-09-17T22:15:00Z,2026-09-18T00:15:00+0200,3240.275,MW,NL,NL,actual_offshore_wind_generation,Wind Offshore | Actual Aggregated,2026-09-24T04:41:40Z
2026-09-24T04:38:50Z,2026-09-24T06:38:50+0200,3c6ea73a-8935-4563-9159-861abf60a62a,2026-09-17T22:15:00Z,2026-09-18T00:15:00+0200,15.717,MW,NL,NL,actual_offshore_wind_generation,Wind Offshore | Actual Consumption,2026-09-24T04:41:40Z
2026-09-24T04:38:50Z,2026-09-24T06:38:50+0200,3c6ea73a-8935-4563-9159-861abf60a62a,2026-09-17T22:30:00Z,2026-09-18T00:30:00+0200,3176.909,MW,NL,NL,actual_offshore_wind_generation,Wind Offshore | Actual Aggregated,2026-09-24T04:41:40Z
2026-09-24T04:38:50Z,2026-09-24T06:38:50+0200,3c6ea73a-8935-4563-9159-861abf60a62a,2026-09-17T22:30:00Z,2026-09-18T00:30:00+0200,10.094,MW,NL,NL,actual_offshore_wind_generation,Wind Offshore | Actual Consumption,2026-09-24T04:41:40Z
2026-09-24T04:38:50Z,2026-09-24T06:38:50+0200,3c6ea73a-8935-4563-9159-861abf60a62a,2026-09-17T22:45:00Z,2026-09-18T00:45:00+0200,3069.114,MW,NL,NL,actual_offshore_wind_generation,Wind Offshore | Actual Aggregated,2026-09-24T04:41:40Z
2026-09-24T04:38:50Z,2026-09-24T06:38:50+0200,3c6ea73a-8935-4563-9159-861abf60a62a,2026-09-17T22:45:00Z,2026-09-18T00:45:00+0200,13.117,MW,NL,NL,actual_offshore_wind_generation,Wind Offshore | Actual Consumption,2026-09-24T04:41:40Z
2026-09-24T04:38:50Z,2026-09-24T06:38:50+0200,3c6ea73a-8935-4563-9159-861abf60a62a,2026-09-17T23:00:00Z,2026-09-18T01:00:00+0200,3141.209,MW,NL,NL,actual_offshore_wind_generation,Wind Offshore | Actual Aggregated,2026-09-24T04:41:40Z
2026-09-24T04:38:50Z,2026-09-24T06:38:50+0200,3c6ea73a-8935-4563-9159-861abf60a62a,2026-09-17T23:00:00Z,2026-09-18T01:00:00+0200,10.214,MW,NL,NL,actual_offshore_wind_generation,Wind Offshore | Actual Consumption,2026-09-24T04:41:40Z
2026-09-24T04:38:50Z,2026-09-24T06:38:50+0200,3c6ea73a-8935-4563-9159-861abf60a62a,2026-09-17T23:15:00Z,2026-09-18T01:15:00+0200,3120.721,MW,NL,NL,actual_offshore_wind_generation,Wind Offshore | Actual Aggregated,2026-09-24T04:41:40Z
2026-09-24T04:38:50Z,2026-09-24T06:38:50+0200,3c6ea73a-8935-4563-9159-861abf60a62a,2026-09-17T23:15:00Z,2026-09-18T01:15:00+0200,7.358,MW,NL,NL,actual_offshore_wind_generation,Wind Offshore | Actual Consumption,2026-09-24T04:41:40Z
2026-09-24T04:38:50Z,2026-09-24T06:38:50+0200,3c6ea73a-8935-4563-9159-861abf60a62a,2026-09-17T23:30:00Z,2026-09-18T01:30:00+0200,3174.837,MW,NL,NL,actual_offshore_wind_generation,Wind Offshore | Actual Aggregated,2026-09-24T04:41:40Z
2026-09-24T04:38:50Z,2026-09-24T06:38:50+0200,3c6ea73a-8935-4563-9159-861abf60a62a,2026-09-17T23:30:00Z,2026-09-18T01:30:00+0200,11.859,MW,NL,NL,actual_offshore_wind_generation,Wind Offshore | Actual Consumption,2026-09-24T04:41:40Z
2026-09-24T04:38:50Z,2026-09-24T06:38:50+0200,3c6ea73a-8935-4563-9159-861abf60a62a,2026-09-17T23:45:00Z,2026-09-18T01:45:00+0200,3176.988,MW,NL,NL,actual_offshore_wind_generation,Wind Offshore | Actual Aggregated,2026-09-24T04:41:40Z
2026-09-24T04:38:50Z,2026-09-24T06:38:50+0200,3c6ea73a-8935-4563-9159-861abf60a62a,2026-09-17T23:45:00Z,2026-09-18T01:45:00+0200,11.468,MW,NL,NL,actual_offshore_wind_generation,Wind Offshore | Actual Consumption,2026-09-24T04:41:40Z
2026-09-24T04:38:50Z,2026-09-24T06:38:50+0200,3c6ea73a-8935-4563-9159-861abf60a62a,2026-09-18T00:00:00Z,2026-09-18T02:00:00+0200,3249.757,MW,NL,NL,actual_offshore_wind_generation,Wind Offshore | Actual Aggregated,2026-09-24T04:41:40Z
2026-09-24T04:38:50Z,2026-09-24T06:38:50+0200,3c6ea73a-8935-4563-9159-861abf60a62a,2026-09-18T00:00:00Z,2026-09-18T02:00:00+0200,8.516,MW,NL,NL,actual_offshore_wind_generation,Wind Offshore | Actual Consumption,2026-09-24T04:41:40Z
2026-09-24T04:38:50Z,2026-09-24T06:38:50+0200,3c6ea73a-8935-4563-9159-861abf60a62a,2026-09-18T00:15:00Z,2026-09-18T02:15:00+0200,3286.883,MW,NL,NL,actual_offshore_wind_generation,Wind Offshore | Actual Aggregated,2026-09-24T04:41:40Z
2026-09-24T04:38:50Z,2026-09-24T06:38:50+0200,3c6ea73a-8935-4563-9159-861abf60a62a,2026-09-18T00:15:00Z,2026-09-18T02:15:00+0200,9.051,MW,NL,NL,actual_offshore_wind_generation,Wind Offshore | Actual Consumption,2026-09-24T04:41:40Z
2026-09-24T04:38:50Z,2026-09-24T06:38:50+0200,3c6ea73a-8935-4563-9159-861abf60a62a,2026-09-18T00:30:00Z,2026-09-18T02:30:00+0200,3158.407,MW,NL,NL,actual_offshore_wind_generation,Wind Offshore | Actual Aggregated,2026-09-24T04:41:40Z
2026-09-24T04:38:50Z,2026-09-24T06:38:50+0200,3c6ea73a-8935-4563-9159-861abf60a62a,2026-09-18T00:30:00Z,2026-09-18T02:30:00+0200,9.261,MW,NL,NL,actual_offshore_wind_generation,Wind Offshore | Actual Consumption,2026-09-24T04:41:40Z
2026-09-24T04:38:50Z,2026-09-24T06:38:50+0200,3c6ea73a-8935-4563-9159-861abf60a62a,2026-09-18T00:45:00Z,2026-09-18T02:45:00+0200,2994.234,MW,NL,NL,actual_offshore_wind_generation,Wind Offshore | Actual Aggregated,2026-09-24T04:41:40Z
2026-09-24T04:38:50Z,2026-09-24T06:38:50+0200,3c6ea73a-8935-4563-9159-861abf60a62a,2026-09-18T00:45:00Z,2026-09-18T02:45:00+0200,8.832,MW,NL,NL,actual_offshore_wind_generation,Wind Offshore | Actual Consumption,2026-09-24T04:41:40Z
2026-09-24T04:38:50Z,2026-09-24T06:38:50+0200,3c6ea73a-8935-4563-9159-861abf60a62a,2026-09-18T01:00:00Z,2026-09-18T03:00:00+0200,2965.24,MW,NL,NL,actual_offshore_wind_generation,Wind Offshore | Actual Aggregated,2026-09-24T04:41:40Z
2026-09-24T04:38:50Z,2026-09-24T06:38:50+0200,3c6ea73a-8935-4563-9159-861abf60a62a,2026-09-18T01:00:00Z,2026-09-18T03:00:00+0200,10.744,MW,NL,NL,actual_offshore_wind_generation,Wind Offshore | Actual Consumption,2026-09-24T04:41:40Z
2026-09-24T04:38:50Z,2026-09-24T06:38:50+0200,3c6ea73a-8935-4563-9159-861abf60a62a,2026-09-18T01:15:00Z,2026-09-18T03:15:00+0200,2890.302,MW,NL,NL,actual_offshore_wind_generation,Wind Offshore | Actual Aggregated,2026-09-24T04:41:40Z
2026-09-24T04:38:50Z,2026-09-24T06:38:50+0200,3c6ea73a-8935-4563-9159-861abf60a62a,2026-09-18T01:15:00Z,2026-09-18T03:15:00+0200,5.693,MW,NL,NL,actual_offshore_wind_generation,Wind Offshore | Actual Consumption,2026-09-24T04:41:40Z
2026-09-24T04:38:50Z,2026-09-24T06:38:50+0200,3c6ea73a-8935-4563-9159-861abf60a62a,2026-09-18T01:30:00Z,2026-09-18T03:30:00+0200,2941.435,MW,NL,NL,actual_offshore_wind_generation,Wind Offshore | Actual Aggregated,2026-09-24T04:41:40Z
2026-09-24T04:38:50Z,2026-09-24T06:38:50+0200,3c6ea73a-8935-4563-9159-861abf60a62a,2026-09-18T01:30:00Z,2026-09-18T03:30:00+0200,8.864,MW,NL,NL,actual_offshore_wind_generation,Wind Offshore | Actual Consumption,2026-09-24T04:41:40Z
2026-09-24T04:38:50Z,2026-09-24T06:38:50+0200,3c6ea73a-8935-4563-9159-861abf60a62a,2026-09-18T01:45:00Z,2026-09-18T03:45:00+0200,3001.826,MW,NL,NL,actual_offshore_wind_generation,Wind Offshore | Actual Aggregated,2026-09-24T04:41:40Z
2026-09-24T04:38:50Z,2026-09-24T06:38:50+0200,3c6ea73a-8935-4563-9159-861abf60a62a,2026-09-18T01:45:00Z,2026-09-18T03:45:00+0200,8.559,MW,NL,NL,actual_offshore_wind_generation,Wind Offshore | Actual Consumption,2026-09-24T04:41:40Z
2026-09-24T04:38:50Z,2026-09-24T06:38:50+0200,3c6ea73a-8935-4563-9159-861abf60a62a,2026-09-18T02:00:00Z,2026-09-18T04:00:00+0200,2904.467,MW,NL,NL,actual_offshore_wind_generation,Wind Offshore | Actual Aggregated,2026-09-24T04:41:40Z
2026-09-24T04:38:50Z,2026-09-24T06:38:50+0200,3c6ea73a-8935-4563-9159-861abf60a62a,2026-09-18T02:00:00Z,2026-09-18T04:00:00+0200,9.206,MW,NL,NL,actual_offshore_wind_generation,Wind Offshore | Actual Consumption,2026-09-24T04:41:40Z
2026-09-24T04:38:50Z,2026-09-24T06:38:50+0200,3c6ea73a-8935-4563-9159-861abf60a62a,2026-09-18T02:15:00Z,2026-09-18T04:15:00+0200,2772.27,MW,NL,NL,actual_offshore_wind_generation,Wind Offshore | Actual Aggregated,2026-09-24T04:41:40Z
2026-09-24T04:38:50Z,2026-09-24T06:38:50+0200,3c6ea73a-8935-4563-9159-861abf60a62a,2026-09-18T02:15:00Z,2026-09-18T04:15:00+0200,5.382,MW,NL,NL,actual_offshore_wind_generation,Wind Offshore | Actual Consumption,2026-09-24T04:41:40Z
2026-09-24T04:38:50Z,2026-09-24T06:38:50+0200,3c6ea73a-8935-4563-9159-861abf60a62a,2026-09-18T02:30:00Z,2026-09-18T04:30:00+0200,2698.465,MW,NL,NL,actual_offshore_wind_generation,Wind Offshore | Actual Aggregated,2026-09-24T04:41:40Z
2026-09-24T04:38:50Z,2026-09-24T06:38:50+0200,3c6ea73a-8935-4563-9159-861abf60a62a,2026-09-18T02:30:00Z,2026-09-18T04:30:00+0200,4.494,MW,NL,NL,actual_offshore_wind_generation,Wind Offshore | Actual Consumption,2026-09-24T04:41:40Z
2026-09-24T04:38:50Z,2026-09-24T06:38:50+0200,3c6ea73a-8935-4563-9159-861abf60a62a,2026-09-18T02:45:00Z,2026-09-18T04:45:00+0200,2732.988,MW,NL,NL,actual_offshore_wind_generation,Wind Offshore | Actual Aggregated,2026-09-24T04:41:40Z
2026-09-24T04:38:50Z,2026-09-24T06:38:50+0200,3c6ea73a-8935-4563-9159-861abf60a62a,2026-09-18T02:45:00Z,2026-09-18T04:45:00+0200,3.521,MW,NL,NL,actual_offshore_wind_generation,Wind Offshore | Actual Consumption,2026-09-24T04:41:40Z
2026-09-24T04:38:50Z,2026-09-24T06:38:50+0200,3c6ea73a-8935-4563-9159-861abf60a62a,2026-09-18T03:00:00Z,2026-09-18T05:00:00+0200,2665.249,MW,NL,NL,actual_offshore_wind_generation,Wind Offshore | Actual Aggregated,2026-09-24T04:41:40Z
2026-09-24T04:38:50Z,2026-09-24T06:38:50+0200,3c6ea73a-8935-4563-9159-861abf60a62a,2026-09-18T03:00:00Z,2026-09-18T05:00:00+0200,5.568,MW,NL,NL,actual_offshore_wind_generation,Wind Offshore | Actual Consumption,2026-09-24T04:41:40Z
2026-09-24T04:38:50Z,2026-09-24T06:38:50+0200,3c6ea73a-8935-4563-9159-861abf60a62a,2026-09-18T03:15:00Z,2026-09-18T05:15:00+0200,2633.782,MW,NL,NL,actual_offshore_wind_generation,Wind Offshore | Actual Aggregated,2026-09-24T04:41:40Z
2026-09-24T04:38:50Z,2026-09-24T06:38:50+0200,3c6ea73a-8935-4563-9159-861abf60a62a,2026-09-18T03:15:00Z,2026-09-18T05:15:00+0200,3.695,MW,NL,NL,actual_offshore_wind_generation,Wind Offshore | Actual Consumption,2026-09-24T04:41:40Z
2026-09-24T04:38:50Z,2026-09-24T06:38:50+0200,3c6ea73a-8935-4563-9159-861abf60a62a,2026-09-18T03:30:00Z,2026-09-18T05:30:00+0200,2671.818,MW,NL,NL,actual_offshore_wind_generation,Wind Offshore | Actual Aggregated,2026-09-24T04:41:40Z
2026-09-24T04:38:50Z,2026-09-24T06:38:50+0200,3c6ea73a-8935-4563-9159-861abf60a62a,2026-09-18T03:30:00Z,2026-09-18T05:30:00+0200,5.037,MW,NL,NL,actual_offshore_wind_generation,Wind Offshore | Actual Consumption,2026-09-24T04:41:40Z
2026-09-24T04:38:50Z,2026-09-24T06:38:50+0200,3c6ea73a-8935-4563-9159-861abf60a62a,2026-09-18T03:45:00Z,2026-09-18T05:45:00+0200,2728.182,MW,NL,NL,actual_offshore_wind_generation,Wind Offshore | Actual Aggregated,2026-09-24T04:41:40Z
2026-09-24T04:38:50Z,2026-09-24T06:38:50+0200,3c6ea73a-8935-4563-9159-861abf60a62a,2026-09-18T03:45:00Z,2026-09-18T05:45:00+0200,4.661,MW,NL,NL,actual_offshore_wind_generation,Wind Offshore | Actual Consumption,2026-09-24T04:41:40Z
2026-09-24T04:38:50Z,2026-09-24T06:38:50+0200,3c6ea73a-8935-4563-9159-861abf60a62a,2026-09-18T04:00:00Z,2026-09-18T06:00:00+0200,2698.838,MW,NL,NL,actual_offshore_wind_generation,Wind Offshore | Actual Aggregated,2026-09-24T04:41:40Z
2026-09-24T04:38:50Z,2026-09-24T06:38:50+0200,3c6ea73a-8935-4563-9159-861abf60a62a,2026-09-18T04:00:00Z,2026-09-18T06:00:00+0200,7.713,MW,NL,NL,actual_offshore_wind_generation,Wind Offshore | Actual Consumption,2026-09-24T04:41:40Z
2026-09-24T04:38:50Z,2026-09-24T06:38:50+0200,3c6ea73a-8935-4563-9159-861abf60a62a,2026-09-18T04:15:00Z,2026-09-18T06:15:00+0200,2636.299,MW,NL,NL,actual_offshore_wind_generation,Wind Offshore | Actual Aggregated,2026-09-24T04:41:40Z
2026-09-24T04:38:50Z,2026-09-24T06:38:50+0200,3c6ea73a-8935-4563-9159-861abf60a62a,2026-09-18T04:15:00Z,2026-09-18T06:15:00+0200,7.651,MW,NL,NL,actual_offshore_wind_generation,Wind Offshore | Actual Consumption,2026-09-24T04:41:40Z
2026-09-24T04:38:50Z,2026-09-24T06:38:50+0200,3c6ea73a-8935-4563-9159-861abf60a62a,2026-09-18T04:30:00Z,2026-09-18T06:30:00+0200,2546.352,MW,NL,NL,actual_offshore_wind_generation,Wind Offshore | Actual Aggregated,2026-09-24T04:41:40Z
2026-09-24T04:38:50Z,2026-09-24T06:38:50+0200,3c6ea73a-8935-4563-9159-861abf60a62a,2026-09-18T04:30:00Z,2026-09-18T06:30:00+0200,5.888,MW,NL,NL,actual_offshore_wind_generation,Wind Offshore | Actual Consumption,2026-09-24T04:41:40Z
2026-09-24T04:38:50Z,2026-09-24T06:38:50+0200,3c6ea73a-8935-4563-9159-861abf60a62a,2026-09-18T04:45:00Z,2026-09-18T06:45:00+0200,2487.79,MW,NL,NL,actual_offshore_wind_generation,Wind Offshore | Actual Aggregated,2026-09-24T04:41:40Z
2026-09-24T04:38:50Z,2026-09-24T06:38:50+0200,3c6ea73a-8935-4563-9159-861abf60a62a,2026-09-18T04:45:00Z,2026-09-18T06:45:00+0200,8.067,MW,NL,NL,actual_offshore_wind_generation,Wind Offshore | Actual Consumption,2026-09-24T04:41:40Z
2026-09-24T04:38:50Z,2026-09-24T06:38:50+0200,3c6ea73a-8935-4563-9159-861abf60a62a,2026-09-18T05:00:00Z,2026-09-18T07:00:00+0200,2454.577,MW,NL,NL,actual_offshore_wind_generation,Wind Offshore | Actual Aggregated,2026-09-24T04:41:40Z
2026-09-24T04:38:50Z,2026-09-24T06:38:50+0200,3c6ea73a-8935-4563-9159-861abf60a62a,2026-09-18T05:00:00Z,2026-09-18T07:00:00+0200,8.401,MW,NL,NL,actual_offshore_wind_generation,Wind Offshore | Actual Consumption,2026-09-24T04:41:40Z
2026-09-24T04:38:50Z,2026-09-24T06:38:50+0200,3c6ea73a-8935-4563-9159-861abf60a62a,2026-09-18T05:15:00Z,2026-09-18T07:15:00+0200,2374.876,MW,NL,NL,actual_offshore_wind_generation,Wind Offshore | Actual Aggregated,2026-09-24T04:41:40Z
2026-09-24T04:38:50Z,2026-09-24T06:38:50+0200,3c6ea73a-8935-4563-9159-861abf60a62a,2026-09-18T05:15:00Z,2026-09-18T07:15:00+0200,5.505,MW,NL,NL,actual_offshore_wind_generation,Wind Offshore | Actual Consumption,2026-09-24T04:41:40Z
2026-09-24T04:38:50Z,2026-09-24T06:38:50+0200,3c6ea73a-8935-4563-9159-861abf60a62a,2026-09-18T05:30:00Z,2026-09-18T07:30:00+0200,2506.06,MW,NL,NL,actual_offshore_wind_generation,Wind Offshore | Actual Aggregated,2026-09-24T04:41:40Z
2026-09-24T04:38:50Z,2026-09-24T06:38:50+0200,3c6ea73a-8935-4563-9159-861abf60a62a,2026-09-18T05:30:00Z,2026-09-18T07:30:00+0200,4.116,MW,NL,NL,actual_offshore_wind_generation,Wind Offshore | Actual Consumption,2026-09-24T04:41:40Z
2026-09-24T04:38:50Z,2026-09-24T06:38:50+0200,3c6ea73a-8935-4563-9159-861abf60a62a,2026-09-18T05:45:00Z,2026-09-18T07:45:00+0200,2672.374,MW,NL,NL,actual_offshore_wind_generation,Wind Offshore | Actual Aggregated,2026-09-24T04:41:40Z
2026-09-24T04:38:50Z,2026-09-24T06:38:50+0200,3c6ea73a-8935-4563-9159-861abf60a62a,2026-09-18T05:45:00Z,2026-09-18T07:45:00+0200,6.718,MW,NL,NL,actual_offshore_wind_generation,Wind Offshore | Actual Consumption,2026-09-24T04:41:40Z
2026-09-24T04:38:50Z,2026-09-24T06:38:50+0200,3c6ea73a-8935-4563-9159-861abf60a62a,2026-09-18T06:00:00Z,2026-09-18T08:00:00+0200,2765.712,MW,NL,NL,actual_offshore_wind_generation,Wind Offshore | Actual Aggregated,2026-09-24T04:41:40Z
2026-09-24T04:38:50Z,2026-09-24T06:38:50+0200,3c6ea73a-8935-4563-9159-861abf60a62a,2026-09-18T06:00:00Z,2026-09-18T08:00:00+0200,6.127,MW,NL,NL,actual_offshore_wind_generation,Wind Offshore | Actual Consumption,2026-09-24T04:41:40Z
2026-09-24T04:38:50Z,2026-09-24T06:38:50+0200,3c6ea73a-8935-4563-9159-861abf60a62a,2026-09-18T06:15:00Z,2026-09-18T08:15:00+0200,2876.413,MW,NL,NL,actual_offshore_wind_generation,Wind Offshore | Actual Aggregated,2026-09-24T04:41:40Z
2026-09-24T04:38:50Z,2026-09-24T06:38:50+0200,3c6ea73a-8935-4563-9159-861abf60a62a,2026-09-18T06:15:00Z,2026-09-18T08:15:00+0200,7.599,MW,NL,NL,actual_offshore_wind_generation,Wind Offshore | Actual Consumption,2026-09-24T04:41:40Z
2026-09-24T04:38:50Z,2026-09-24T06:38:50+0200,3c6ea73a-8935-4563-9159-861abf60a62a,2026-09-18T06:30:00Z,2026-09-18T08:30:00+0200,2823.741,MW,NL,NL,actual_offshore_wind_generation,Wind Offshore | Actual Aggregated,2026-09-24T04:41:40Z
2026-09-24T04:38:50Z,2026-09-24T06:38:50+0200,3c6ea73a-8935-4563-9159-861abf60a62a,2026-09-18T06:30:00Z,2026-09-18T08:30:00+0200,6.48,MW,NL,NL,actual_offshore_wind_generation,Wind Offshore | Actual Consumption,2026-09-24T04:41:40Z
2026-09-24T04:38:50Z,2026-09-24T06:38:50+0200,3c6ea73a-8935-4563-9159-861abf60a62a,2026-09-18T06:45:00Z,2026-09-18T08:45:00+0200,2806.629,MW,NL,NL,actual_offshore_wind_generation,Wind Offshore | Actual Aggregated,2026-09-24T04:41:40Z
2026-09-24T04:38:50Z,2026-09-24T06:38:50+0200,3c6ea73a-8935-4563-9159-861abf60a62a,2026-09-18T06:45:00Z,2026-09-18T08:45:00+0200,5.751,MW,NL,NL,actual_offshore_wind_generation,Wind Offshore | Actual Consumption,2026-09-24T04:41:40Z
2026-09-24T04:38:50Z,2026-09-24T06:38:50+0200,3c6ea73a-8935-4563-9159-861abf60a62a,2026-09-18T07:00:00Z,2026-09-18T09:00:00+0200,2867.269,MW,NL,NL,actual_offshore_wind_generation,Wind Offshore | Actual Aggregated,2026-09-24T04:41:40Z
2026-09-24T04:38:50Z,2026-09-24T06:38:50+0200,3c6ea73a-8935-4563-9159-861abf60a62a,2026-09-18T07:00:00Z,2026-09-18T09:00:00+0200,5.629,MW,NL,NL,actual_offshore_wind_generation,Wind Offshore | Actual Consumption,2026-09-24T04:41:40Z
2026-09-24T04:38:50Z,2026-09-24T06:38:50+0200,3c6ea73a-8935-4563-9159-861abf60a62a,2026-09-18T07:15:00Z,2026-09-18T09:15:00+0200,2861.7,MW,NL,NL,actual_offshore_wind_generation,Wind Offshore | Actual Aggregated,2026-09-24T04:41:40Z
2026-09-24T04:38:50Z,2026-09-24T06:38:50+0200,3c6ea73a-8935-4563-9159-861abf60a62a,2026-09-18T07:15:00Z,2026-09-18T09:15:00+0200,7.911,MW,NL,NL,actual_offshore_wind_generation,Wind Offshore | Actual Consumption,2026-09-24T04:41:40Z
2026-09-24T04:38:50Z,2026-09-24T06:38:50+0200,3c6ea73a-8935-4563-9159-861abf60a62a,2026-09-18T07:30:00Z,2026-09-18T09:30:00+0200,2637.084,MW,NL,NL,actual_offshore_wind_generation,Wind Offshore | Actual Aggregated,2026-09-24T04:41:40Z
2026-09-24T04:38:50Z,2026-09-24T06:38:50+0200,3c6ea73a-8935-4563-9159-861abf60a62a,2026-09-18T07:30:00Z,2026-09-18T09:30:00+0200,7.254,MW,NL,NL,actual_offshore_wind_generation,Wind Offshore | Actual Consumption,2026-09-24T04:41:40Z
2026-09-24T04:38:50Z,2026-09-24T06:38:50+0200,3c6ea73a-8935-4563-9159-861abf60a62a,2026-09-18T07:45:00Z,2026-09-18T09:45:00+0200,2501.071,MW,NL,NL,actual_offshore_wind_generation,Wind Offshore | Actual Aggregated,2026-09-24T04:41:40Z
2026-09-24T04:38:50Z,2026-09-24T06:38:50+0200,3c6ea73a-8935-4563-9159-861abf60a62a,2026-09-18T07:45:00Z,2026-09-18T09:45:00+0200,8.834,MW,NL,NL,actual_offshore_wind_generation,Wind Offshore | Actual Consumption,2026-09-24T04:41:40Z
2026-09-24T04:38:50Z,2026-09-24T06:38:50+0200,3c6ea73a-8935-4563-9159-861abf60a62a,2026-09-18T08:00:00Z,2026-09-18T10:00:00+0200,2601.15,MW,NL,NL,actual_offshore_wind_generation,Wind Offshore | Actual Aggregated,2026-09-24T04:41:40Z
2026-09-24T04:38:50Z,2026-09-24T06:38:50+0200,3c6ea73a-8935-4563-9159-861abf60a62a,2026-09-18T08:00:00Z,2026-09-18T10:00:00+0200,7.098,MW,NL,NL,actual_offshore_wind_generation,Wind Offshore | Actual Consumption,2026-09-24T04:41:40Z
2026-09-24T04:38:50Z,2026-09-24T06:38:50+0200,3c6ea73a-8935-4563-9159-861abf60a62a,2026-09-18T08:15:00Z,2026-09-18T10:15:00+0200,2516.115,MW,NL,NL,actual_offshore_wind_generation,Wind Offshore | Actual Aggregated,2026-09-24T04:41:40Z
2026-09-24T04:38:50Z,2026-09-24T06:38:50+0200,3c6ea73a-8935-4563-9159-861abf60a62a,2026-09-18T08:15:00Z,2026-09-18T10:15:00+0200,6.804,MW,NL,NL,actual_offshore_wind_generation,Wind Offshore | Actual Consumption,2026-09-24T04:41:40Z
2026-09-24T04:38:50Z,2026-09-24T06:38:50+0200,3c6ea73a-8935-4563-9159-861abf60a62a,2026-09-18T08:30:00Z,2026-09-18T10:30:00+0200,2354.114,MW,NL,NL,actual_offshore_wind_generation,Wind Offshore | Actual Aggregated,2026-09-24T04:41:40Z
2026-09-24T04:38:50Z,2026-09-24T06:38:50+0200,3c6ea73a-8935-4563-9159-861abf60a62a,2026-09-18T08:30:00Z,2026-09-18T10:30:00+0200,6.472,MW,NL,NL,actual_offshore_wind_generation,Wind Offshore | Actual Consumption,2026-09-24T04:41:40Z
2026-09-24T04:38:50Z,2026-09-24T06:38:50+0200,3c6ea73a-8935-4563-9159-861abf60a62a,2026-09-18T08:45:00Z,2026-09-18T10:45:00+0200,2451.635,MW,NL,NL,actual_offshore_wind_generation,Wind Offshore | Actual Aggregated,2026-09-24T04:41:40Z
2026-09-24T04:38:50Z,2026-09-24T06:38:50+0200,3c6ea73a-8935-4563-9159-861abf60a62a,2026-09-18T08:45:00Z,2026-09-18T10:45:00+0200,6.592,MW,NL,NL,actual_offshore_wind_generation,Wind Offshore | Actual Consumption,2026-09-24T04:41:40Z
2026-09-24T04:38:50Z,2026-09-24T06:38:50+0200,3c6ea73a-8935-4563-9159-861abf60a62a,2026-09-18T09:00:00Z,2026-09-18T11:00:00+0200,2594.412,MW,NL,NL,actual_offshore_wind_generation,Wind Offshore | Actual Aggregated,2026-09-24T04:41:40Z
2026-09-24T04:38:50Z,2026-09-24T06:38:50+0200,3c6ea73a-8935-4563-9159-861abf60a62a,2026-09-18T09:00:00Z,2026-09-18T11:00:00+0200,6.444,MW,NL,NL,actual_offshore_wind_generation,Wind Offshore | Actual Consumption,2026-09-24T04:41:40Z
2026-09-24T04:38:50Z,2026-09-24T06:38:50+0200,3c6ea73a-8935-4563-9159-861abf60a62a,2026-09-18T09:15:00Z,2026-09-18T11:15:00+0200,2629.174,MW,NL,NL,actual_offshore_wind_generation,Wind Offshore | Actual Aggregated,2026-09-24T04:41:40Z
2026-09-24T04:38:50Z,2026-09-24T06:38:50+0200,3c6ea73a-8935-4563-9159-861abf60a62a,2026-09-18T09:15:00Z,2026-09-18T11:15:00+0200,6.651,MW,NL,NL,actual_offshore_wind_generation,Wind Offshore | Actual Consumption,2026-09-24T04:41:40Z
2026-09-24T04:38:50Z,2026-09-24T06:38:50+0200,3c6ea73a-8935-4563-9159-861abf60a62a,2026-09-18T09:30:00Z,2026-09-18T11:30:00+0200,2610.412,MW,NL,NL,actual_offshore_wind_generation,Wind Offshore | Actual Aggregated,2026-09-24T04:41:40Z
2026-09-24T04:38:50Z,2026-09-24T06:38:50+0200,3c6ea73a-8935-4563-9159-861abf60a62a,2026-09-18T09:30:00Z,2026-09-18T11:30:00+0200,7.86,MW,NL,NL,actual_offshore_wind_generation,Wind Offshore | Actual Consumption,2026-09-24T04:41:40Z
2026-09-24T04:38:50Z,2026-09-24T06:38:50+0200,3c6ea73a-8935-4563-9159-861abf60a62a,2026-09-18T09:45:00Z,2026-09-18T11:45:00+0200,2556.637,MW,NL,NL,actual_offshore_wind_generation,Wind Offshore | Actual Aggregated,2026-09-24T04:41:40Z
2026-09-24T04:38:50Z,2026-09-24T06:38:50+0200,3c6ea73a-8935-4563-9159-861abf60a62a,2026-09-18T09:45:00Z,2026-09-18T11:45:00+0200,7.948,MW,NL,NL,actual_offshore_wind_generation,Wind Offshore | Actual Consumption,2026-09-24T04:41:40Z
2026-09-24T04:38:50Z,2026-09-24T06:38:50+0200,3c6ea73a-8935-4563-9159-861abf60a62a,2026-09-18T10:00:00Z,2026-09-18T12:00:00+0200,2479.823,MW,NL,NL,actual_offshore_wind_generation,Wind Offshore | Actual Aggregated,2026-09-24T04:41:40Z
2026-09-24T04:38:50Z,2026-09-24T06:38:50+0200,3c6ea73a-8935-4563-9159-861abf60a62a,2026-09-18T10:00:00Z,2026-09-18T12:00:00+0200,7.383,MW,NL,NL,actual_offshore_wind_generation,Wind Offshore | Actual Consumption,2026-09-24T04:41:40Z
2026-09-24T04:38:50Z,2026-09-24T06:38:50+0200,3c6ea73a-8935-4563-9159-861abf60a62a,2026-09-18T10:15:00Z,2026-09-18T12:15:00+0200,2484.49,MW,NL,NL,actual_offshore_wind_generation,Wind Offshore | Actual Aggregated,2026-09-24T04:41:40Z
2026-09-24T04:38:50Z,2026-09-24T06:38:50+0200,3c6ea73a-8935-4563-9159-861abf60a62a,2026-09-18T10:15:00Z,2026-09-18T12:15:00+0200,7.746,MW,NL,NL,actual_offshore_wind_generation,Wind Offshore | Actual Consumption,2026-09-24T04:41:40Z
2026-09-24T04:38:50Z,2026-09-24T06:38:50+0200,3c6ea73a-8935-4563-9159-861abf60a62a,2026-09-18T10:30:00Z,2026-09-18T12:30:00+0200,2519.218,MW,NL,NL,actual_offshore_wind_generation,Wind Offshore | Actual Aggregated,2026-09-24T04:41:40Z
2026-09-24T04:38:50Z,2026-09-24T06:38:50+0200,3c6ea73a-8935-4563-9159-861abf60a62a,2026-09-18T10:30:00Z,2026-09-18T12:30:00+0200,7.204,MW,NL,NL,actual_offshore_wind_generation,Wind Offshore | Actual Consumption,2026-09-24T04:41:40Z
2026-09-24T04:38:50Z,2026-09-24T06:38:50+0200,3c6ea73a-8935-4563-9159-861abf60a62a,2026-09-18T10:45:00Z,2026-09-18T12:45:00+0200,2579.976,MW,NL,NL,actual_offshore_wind_generation,Wind Offshore | Actual Aggregated,2026-09-24T04:41:40Z
2026-09-24T04:38:50Z,2026-09-24T06:38:50+0200,3c6ea73a-8935-4563-9159-861abf60a62a,2026-09-18T10:45:00Z,2026-09-18T12:45:00+0200,8.592,MW,NL,NL,actual_offshore_wind_generation,Wind Offshore | Actual Consumption,2026-09-24T04:41:40Z
2026-09-24T04:38:50Z,2026-09-24T06:38:50+0200,3c6ea73a-8935-4563-9159-861abf60a62a,2026-09-18T11:00:00Z,2026-09-18T13:00:00+0200,2637.285,MW,NL,NL,actual_offshore_wind_generation,Wind Offshore | Actual Aggregated,2026-09-24T04:41:40Z
2026-09-24T04:38:50Z,2026-09-24T06:38:50+0200,3c6ea73a-8935-4563-9159-861abf60a62a,2026-09-18T11:00:00Z,2026-09-18T13:00:00+0200,9.325,MW,NL,NL,actual_offshore_wind_generation,Wind Offshore | Actual Consumption,2026-09-24T04:41:40Z
2026-09-24T04:38:50Z,2026-09-24T06:38:50+0200,3c6ea73a-8935-4563-9159-861abf60a62a,2026-09-18T11:15:00Z,2026-09-18T13:15:00+0200,2688.987,MW,NL,NL,actual_offshore_wind_generation,Wind Offshore | Actual Aggregated,2026-09-24T04:41:40Z
2026-09-24T04:38:50Z,2026-09-24T06:38:50+0200,3c6ea73a-8935-4563-9159-861abf60a62a,2026-09-18T11:15:00Z,2026-09-18T13:15:00+0200,8.674,MW,NL,NL,actual_offshore_wind_generation,Wind Offshore | Actual Consumption,2026-09-24T04:41:40Z
2026-09-24T04:38:50Z,2026-09-24T06:38:50+0200,3c6ea73a-8935-4563-9159-861abf60a62a,2026-09-18T11:30:00Z,2026-09-18T13:30:00+0200,2746.498,MW,NL,NL,actual_offshore_wind_generation,Wind Offshore | Actual Aggregated,2026-09-24T04:41:40Z
2026-09-24T04:38:50Z,2026-09-24T06:38:50+0200,3c6ea73a-8935-4563-9159-861abf60a62a,2026-09-18T11:30:00Z,2026-09-18T13:30:00+0200,11.313,MW,NL,NL,actual_offshore_wind_generation,Wind Offshore | Actual Consumption,2026-09-24T04:41:40Z
2026-09-24T04:38:50Z,2026-09-24T06:38:50+0200,3c6ea73a-8935-4563-9159-861abf60a62a,2026-09-18T11:45:00Z,2026-09-18T13:45:00+0200,2804.117,MW,NL,NL,actual_offshore_wind_generation,Wind Offshore | Actual Aggregated,2026-09-24T04:41:40Z
2026-09-24T04:38:50Z,2026-09-24T06:38:50+0200,3c6ea73a-8935-4563-9159-861abf60a62a,2026-09-18T11:45:00Z,2026-09-18T13:45:00+0200,9.054,MW,NL,NL,actual_offshore_wind_generation,Wind Offshore | Actual Consumption,2026-09-24T04:41:40Z
2026-09-24T04:38:50Z,2026-09-24T06:38:50+0200,3c6ea73a-8935-4563-9159-861abf60a62a,2026-09-18T12:00:00Z,2026-09-18T14:00:00+0200,2878.279,MW,NL,NL,actual_offshore_wind_generation,Wind Offshore | Actual Aggregated,2026-09-24T04:41:40Z
2026-09-24T04:38:50Z,2026-09-24T06:38:50+0200,3c6ea73a-8935-4563-9159-861abf60a62a,2026-09-18T12:00:00Z,2026-09-18T14:00:00+0200,11.656,MW,NL,NL,actual_offshore_wind_generation,Wind Offshore | Actual Consumption,2026-09-24T04:41:40Z
2026-09-24T04:38:50Z,2026-09-24T06:38:50+0200,3c6ea73a-8935-4563-9159-861abf60a62a,2026-09-18T12:15:00Z,2026-09-18T14:15:00+0200,2866.958,MW,NL,NL,actual_offshore_wind_generation,Wind Offshore | Actual Aggregated,2026-09-24T04:41:40Z
2026-09-24T04:38:50Z,2026-09-24T06:38:50+0200,3c6ea73a-8935-4563-9159-861abf60a62a,2026-09-18T12:15:00Z,2026-09-18T14:15:00+0200,7.909,MW,NL,NL,actual_offshore_wind_generation,Wind Offshore | Actual Consumption,2026-09-24T04:41:40Z
2026-09-24T04:38:50Z,2026-09-24T06:38:50+0200,3c6ea73a-8935-4563-9159-861abf60a62a,2026-09-18T12:30:00Z,2026-09-18T14:30:00+0200,2887.008,MW,NL,NL,actual_offshore_wind_generation,Wind Offshore | Actual Aggregated,2026-09-24T04:41:40Z
2026-09-24T04:38:50Z,2026-09-24T06:38:50+0200,3c6ea73a-8935-4563-9159-861abf60a62a,2026-09-18T12:30:00Z,2026-09-18T14:30:00+0200,10.124,MW,NL,NL,actual_offshore_wind_generation,Wind Offshore | Actual Consumption,2026-09-24T04:41:40Z
2026-09-24T04:38:50Z,2026-09-24T06:38:50+0200,3c6ea73a-8935-4563-9159-861abf60a62a,2026-09-18T12:45:00Z,2026-09-18T14:45:00+0200,2896.618,MW,NL,NL,actual_offshore_wind_generation,Wind Offshore | Actual Aggregated,2026-09-24T04:41:40Z
2026-09-24T04:38:50Z,2026-09-24T06:38:50+0200,3c6ea73a-8935-4563-9159-861abf60a62a,2026-09-18T12:45:00Z,2026-09-18T14:45:00+0200,8.435,MW,NL,NL,actual_offshore_wind_generation,Wind Offshore | Actual Consumption,2026-09-24T04:41:40Z
2026-09-24T04:38:50Z,2026-09-24T06:38:50+0200,3c6ea73a-8935-4563-9159-861abf60a62a,2026-09-18T13:00:00Z,2026-09-18T15:00:00+0200,2893.031,MW,NL,NL,actual_offshore_wind_generation,Wind Offshore | Actual Aggregated,2026-09-24T04:41:40Z
2026-09-24T04:38:50Z,2026-09-24T06:38:50+0200,3c6ea73a-8935-4563-9159-861abf60a62a,2026-09-18T13:00:00Z,2026-09-18T15:00:00+0200,8.057,MW,NL,NL,actual_offshore_wind_generation,Wind Offshore | Actual Consumption,2026-09-24T04:41:40Z
2026-09-24T04:38:50Z,2026-09-24T06:38:50+0200,3c6ea73a-8935-4563-9159-861abf60a62a,2026-09-18T13:15:00Z,2026-09-18T15:15:00+0200,2959.81,MW,NL,NL,actual_offshore_wind_generation,Wind Offshore | Actual Aggregated,2026-09-24T04:41:40Z
2026-09-24T04:38:50Z,2026-09-24T06:38:50+0200,3c6ea73a-8935-4563-9159-861abf60a62a,2026-09-18T13:15:00Z,2026-09-18T15:15:00+0200,9.091,MW,NL,NL,actual_offshore_wind_generation,Wind Offshore | Actual Consumption,2026-09-24T04:41:40Z
2026-09-24T04:38:50Z,2026-09-24T06:38:50+0200,3c6ea73a-8935-4563-9159-861abf60a62a,2026-09-18T13:30:00Z,2026-09-18T15:30:00+0200,2988.982,MW,NL,NL,actual_offshore_wind_generation,Wind Offshore | Actual Aggregated,2026-09-24T04:41:40Z
2026-09-24T04:38:50Z,2026-09-24T06:38:50+0200,3c6ea73a-8935-4563-9159-861abf60a62a,2026-09-18T13:30:00Z,2026-09-18T15:30:00+0200,12.042,MW,NL,NL,actual_offshore_wind_generation,Wind Offshore | Actual Consumption,2026-09-24T04:41:40Z
2026-09-24T04:38:50Z,2026-09-24T06:38:50+0200,3c6ea73a-8935-4563-9159-861abf60a62a,2026-09-18T13:45:00Z,2026-09-18T15:45:00+0200,3080.291,MW,NL,NL,actual_offshore_wind_generation,Wind Offshore | Actual Aggregated,2026-09-24T04:41:40Z
2026-09-24T04:38:50Z,2026-09-24T06:38:50+0200,3c6ea73a-8935-4563-9159-861abf60a62a,2026-09-18T13:45:00Z,2026-09-18T15:45:00+0200,15.226,MW,NL,NL,actual_offshore_wind_generation,Wind Offshore | Actual Consumption,2026-09-24T04:41:40Z
2026-09-24T04:38:50Z,2026-09-24T06:38:50+0200,3c6ea73a-8935-4563-9159-861abf60a62a,2026-09-18T14:00:00Z,2026-09-18T16:00:00+0200,3219.33,MW,NL,NL,actual_offshore_wind_generation,Wind Offshore | Actual Aggregated,2026-09-24T04:41:40Z
2026-09-24T04:38:50Z,2026-09-24T06:38:50+0200,3c6ea73a-8935-4563-9159-861abf60a62a,2026-09-18T14:00:00Z,2026-09-18T16:00:00+0200,15.012,MW,NL,NL,actual_offshore_wind_generation,Wind Offshore | Actual Consumption,2026-09-24T04:41:40Z
2026-09-24T04:38:50Z,2026-09-24T06:38:50+0200,3c6ea73a-8935-4563-9159-861abf60a62a,2026-09-18T14:15:00Z,2026-09-18T16:15:00+0200,3284.467,MW,NL,NL,actual_offshore_wind_generation,Wind Offshore | Actual Aggregated,2026-09-24T04:41:40Z
2026-09-24T04:38:50Z,2026-09-24T06:38:50+0200,3c6ea73a-8935-4563-9159-861abf60a62a,2026-09-18T14:15:00Z,2026-09-18T16:15:00+0200,12.762,MW,NL,NL,actual_offshore_wind_generation,Wind Offshore | Actual Consumption,2026-09-24T04:41:40Z
2026-09-24T04:38:50Z,2026-09-24T06:38:50+0200,3c6ea73a-8935-4563-9159-861abf60a62a,2026-09-18T14:30:00Z,2026-09-18T16:30:00+0200,3304.71,MW,NL,NL,actual_offshore_wind_generation,Wind Offshore | Actual Aggregated,2026-09-24T04:41:40Z
2026-09-24T04:38:50Z,2026-09-24T06:38:50+0200,3c6ea73a-8935-4563-9159-861abf60a62a,2026-09-18T14:30:00Z,2026-09-18T16:30:00+0200,13.171,MW,NL,NL,actual_offshore_wind_generation,Wind Offshore | Actual Consumption,2026-09-24T04:41:40Z
2026-09-24T04:38:50Z,2026-09-24T06:38:50+0200,3c6ea73a-8935-4563-9159-861abf60a62a,2026-09-18T14:45:00Z,2026-09-18T16:45:00+0200,3373.9,MW,NL,NL,actual_offshore_wind_generation,Wind Offshore | Actual Aggregated,2026-09-24T04:41:40Z
2026-09-24T04:38:50Z,2026-09-24T06:38:50+0200,3c6ea73a-8935-4563-9159-861abf60a62a,2026-09-18T14:45:00Z,2026-09-18T16:45:00+0200,13.012,MW,NL,NL,actual_offshore_wind_generation,Wind Offshore | Actual Consumption,2026-09-24T04:41:40Z
2026-09-24T04:38:50Z,2026-09-24T06:38:50+0200,3c6ea73a-8935-4563-9159-861abf60a62a,2026-09-18T15:00:00Z,2026-09-18T17:00:00+0200,3486.032,MW,NL,NL,actual_offshore_wind_generation,Wind Offshore | Actual Aggregated,2026-09-24T04:41:40Z
2026-09-24T04:38:50Z,2026-09-24T06:38:50+0200,3c6ea73a-8935-4563-9159-861abf60a62a,2026-09-18T15:00:00Z,2026-09-18T17:00:00+0200,17.978,MW,NL,NL,actual_offshore_wind_generation,Wind Offshore | Actual Consumption,2026-09-24T04:41:40Z
2026-09-24T04:38:50Z,2026-09-24T06:38:50+0200,3c6ea73a-8935-4563-9159-861abf60a62a,2026-09-18T15:15:00Z,2026-09-18T17:15:00+0200,3574.523,MW,NL,NL,actual_offshore_wind_generation,Wind Offshore | Actual Aggregated,2026-09-24T04:41:40Z
2026-09-24T04:38:50Z,2026-09-24T06:38:50+0200,3c6ea73a-8935-4563-9159-861abf60a62a,2026-09-18T15:15:00Z,2026-09-18T17:15:00+0200,18.81,MW,NL,NL,actual_offshore_wind_generation,Wind Offshore | Actual Consumption,2026-09-24T04:41:40Z
2026-09-24T04:38:50Z,2026-09-24T06:38:50+0200,3c6ea73a-8935-4563-9159-861abf60a62a,2026-09-18T15:30:00Z,2026-09-18T17:30:00+0200,3544.06,MW,NL,NL,actual_offshore_wind_generation,Wind Offshore | Actual Aggregated,2026-09-24T04:41:40Z
2026-09-24T04:38:50Z,2026-09-24T06:38:50+0200,3c6ea73a-8935-4563-9159-861abf60a62a,2026-09-18T15:30:00Z,2026-09-18T17:30:00+0200,18.731,MW,NL,NL,actual_offshore_wind_generation,Wind Offshore | Actual Consumption,2026-09-24T04:41:40Z
2026-09-24T04:38:50Z,2026-09-24T06:38:50+0200,3c6ea73a-8935-4563-9159-861abf60a62a,2026-09-18T15:45:00Z,2026-09-18T17:45:00+0200,3652.644,MW,NL,NL,actual_offshore_wind_generation,Wind Offshore | Actual Aggregated,2026-09-24T04:41:40Z
2026-09-24T04:38:50Z,2026-09-24T06:38:50+0200,3c6ea73a-8935-4563-9159-861abf60a62a,2026-09-18T15:45:00Z,2026-09-18T17:45:00+0200,18.82,MW,NL,NL,actual_offshore_wind_generation,Wind Offshore | Actual Consumption,2026-09-24T04:41:40Z
2026-09-24T04:38:50Z,2026-09-24T06:38:50+0200,3c6ea73a-8935-4563-9159-861abf60a62a,2026-09-18T16:00:00Z,2026-09-18T18:00:00+0200,3627.09,MW,NL,NL,actual_offshore_wind_generation,Wind Offshore | Actual Aggregated,2026-09-24T04:41:40Z
2026-09-24T04:38:50Z,2026-09-24T06:38:50+0200,3c6ea73a-8935-4563-9159-861abf60a62a,2026-09-18T16:00:00Z,2026-09-18T18:00:00+0200,18.792,MW,NL,NL,actual_offshore_wind_generation,Wind Offshore | Actual Consumption,2026-09-24T04:41:40Z
2026-09-24T04:38:50Z,2026-09-24T06:38:50+0200,3c6ea73a-8935-4563-9159-861abf60a62a,2026-09-18T16:15:00Z,2026-09-18T18:15:00+0200,3761.174,MW,NL,NL,actual_offshore_wind_generation,Wind Offshore | Actual Aggregated,2026-09-24T04:41:40Z
2026-09-24T04:38:50Z,2026-09-24T06:38:50+0200,3c6ea73a-8935-4563-9159-861abf60a62a,2026-09-18T16:15:00Z,2026-09-18T18:15:00+0200,18.774,MW,NL,NL,actual_offshore_wind_generation,Wind Offshore | Actual Consumption,2026-09-24T04:41:40Z
2026-09-24T04:38:50Z,2026-09-24T06:38:50+0200,3c6ea73a-8935-4563-9159-861abf60a62a,2026-09-18T16:30:00Z,2026-09-18T18:30:00+0200,3739.576,MW,NL,NL,actual_offshore_wind_generation,Wind Offshore | Actual Aggregated,2026-09-24T04:41:40Z
2026-09-24T04:38:50Z,2026-09-24T06:38:50+0200,3c6ea73a-8935-4563-9159-861abf60a62a,2026-09-18T16:30:00Z,2026-09-18T18:30:00+0200,18.734,MW,NL,NL,actual_offshore_wind_generation,Wind Offshore | Actual Consumption,2026-09-24T04:41:40Z
2026-09-24T04:38:50Z,2026-09-24T06:38:50+0200,3c6ea73a-8935-4563-9159-861abf60a62a,2026-09-18T16:45:00Z,2026-09-18T18:45:00+0200,3762.78,MW,NL,NL,actual_offshore_wind_generation,Wind Offshore | Actual Aggregated,2026-09-24T04:41:40Z
2026-09-24T04:38:50Z,2026-09-24T06:38:50+0200,3c6ea73a-8935-4563-9159-861abf60a62a,2026-09-18T16:45:00Z,2026-09-18T18:45:00+0200,18.794,MW,NL,NL,actual_offshore_wind_generation,Wind Offshore | Actual Consumption,2026-09-24T04:41:40Z
2026-09-24T04:38:50Z,2026-09-24T06:38:50+0200,3c6ea73a-8935-4563-9159-861abf60a62a,2026-09-18T17:00:00Z,2026-09-18T19:00:00+0200,3755.554,MW,NL,NL,actual_offshore_wind_generation,Wind Offshore | Actual Aggregated,2026-09-24T04:41:40Z
2026-09-24T04:38:50Z,2026-09-24T06:38:50+0200,3c6ea73a-8935-4563-9159-861abf60a62a,2026-09-18T17:00:00Z,2026-09-18T19:00:00+0200,18.773,MW,NL,NL,actual_offshore_wind_generation,Wind Offshore | Actual Consumption,2026-09-24T04:41:40Z
2026-09-24T04:38:50Z,2026-09-24T06:38:50+0200,3c6ea73a-8935-4563-9159-861abf60a62a,2026-09-18T17:15:00Z,2026-09-18T19:15:00+0200,3776.359,MW,NL,NL,actual_offshore_wind_generation,Wind Offshore | Actual Aggregated,2026-09-24T04:41:40Z
2026-09-24T04:38:50Z,2026-09-24T06:38:50+0200,3c6ea73a-8935-4563-9159-861abf60a62a,2026-09-18T17:15:00Z,2026-09-18T19:15:00+0200,18.71,MW,NL,NL,actual_offshore_wind_generation,Wind Offshore | Actual Consumption,2026-09-24T04:41:40Z
2026-09-24T04:38:50Z,2026-09-24T06:38:50+0200,3c6ea73a-8935-4563-9159-861abf60a62a,2026-09-18T17:30:00Z,2026-09-18T19:30:00+0200,3806.935,MW,NL,NL,actual_offshore_wind_generation,Wind Offshore | Actual Aggregated,2026-09-24T04:41:40Z
2026-09-24T04:38:50Z,2026-09-24T06:38:50+0200,3c6ea73a-8935-4563-9159-861abf60a62a,2026-09-18T17:30:00Z,2026-09-18T19:30:00+0200,18.739,MW,NL,NL,actual_offshore_wind_generation,Wind Offshore | Actual Consumption,2026-09-24T04:41:40Z
2026-09-24T04:38:50Z,2026-09-24T06:38:50+0200,3c6ea73a-8935-4563-9159-861abf60a62a,2026-09-18T17:45:00Z,2026-09-18T19:45:00+0200,3827.792,MW,NL,NL,actual_offshore_wind_generation,Wind Offshore | Actual Aggregated,2026-09-24T04:41:40Z
2026-09-24T04:38:50Z,2026-09-24T06:38:50+0200,3c6ea73a-8935-4563-9159-861abf60a62a,2026-09-18T17:45:00Z,2026-09-18T19:45:00+0200,18.702,MW,NL,NL,actual_offshore_wind_generation,Wind Offshore | Actual Consumption,2026-09-24T04:41:40Z
2026-09-24T04:38:50Z,2026-09-24T06:38:50+0200,3c6ea73a-8935-4563-9159-861abf60a62a,2026-09-18T18:00:00Z,2026-09-18T20:00:00+0200,3851.299,MW,NL,NL,actual_offshore_wind_generation,Wind Offshore | Actual Aggregated,2026-09-24T04:41:40Z
2026-09-24T04:38:50Z,2026-09-24T06:38:50+0200,3c6ea73a-8935-4563-9159-861abf60a62a,2026-09-18T18:00:00Z,2026-09-18T20:00:00+0200,18.727,MW,NL,NL,actual_offshore_wind_generation,Wind Offshore | Actual Consumption,2026-09-24T04:41:40Z
2026-09-24T04:38:50Z,2026-09-24T06:38:50+0200,3c6ea73a-8935-4563-9159-861abf60a62a,2026-09-18T18:15:00Z,2026-09-18T20:15:00+0200,3859.973,MW,NL,NL,actual_offshore_wind_generation,Wind Offshore | Actual Aggregated,2026-09-24T04:41:40Z
2026-09-24T04:38:50Z,2026-09-24T06:38:50+0200,3c6ea73a-8935-4563-9159-861abf60a62a,2026-09-18T18:15:00Z,2026-09-18T20:15:00+0200,18.746,MW,NL,NL,actual_offshore_wind_generation,Wind Offshore | Actual Consumption,2026-09-24T04:41:40Z
2026-09-24T04:38:50Z,2026-09-24T06:38:50+0200,3c6ea73a-8935-4563-9159-861abf60a62a,2026-09-18T18:30:00Z,2026-09-18T20:30:00+0200,3876.601,MW,NL,NL,actual_offshore_wind_generation,Wind Offshore | Actual Aggregated,2026-09-24T04:41:40Z
2026-09-24T04:38:50Z,2026-09-24T06:38:50+0200,3c6ea73a-8935-4563-9159-861abf60a62a,2026-09-18T18:30:00Z,2026-09-18T20:30:00+0200,18.774,MW,NL,NL,actual_offshore_wind_generation,Wind Offshore | Actual Consumption,2026-09-24T04:41:40Z
2026-09-24T04:38:50Z,2026-09-24T06:38:50+0200,3c6ea73a-8935-4563-9159-861abf60a62a,2026-09-18T18:45:00Z,2026-09-18T20:45:00+0200,3873.037,MW,NL,NL,actual_offshore_wind_generation,Wind Offshore | Actual Aggregated,2026-09-24T04:41:40Z
2026-09-24T04:38:50Z,2026-09-24T06:38:50+0200,3c6ea73a-8935-4563-9159-861abf60a62a,2026-09-18T18:45:00Z,2026-09-18T20:45:00+0200,18.728,MW,NL,NL,actual_offshore_wind_generation,Wind Offshore | Actual Consumption,2026-09-24T04:41:40Z
2026-09-24T04:38:50Z,2026-09-24T06:38:50+0200,3c6ea73a-8935-4563-9159-861abf60a62a,2026-09-18T19:00:00Z,2026-09-18T21:00:00+0200,3879.725,MW,NL,NL,actual_offshore_wind_generation,Wind Offshore | Actual Aggregated,2026-09-24T04:41:40Z
2026-09-24T04:38:50Z,2026-09-24T06:38:50+0200,3c6ea73a-8935-4563-9159-861abf60a62a,2026-09-18T19:00:00Z,2026-09-18T21:00:00+0200,18.79,MW,NL,NL,actual_offshore_wind_generation,Wind Offshore | Actual Consumption,2026-09-24T04:41:40Z
2026-09-24T04:38:50Z,2026-09-24T06:38:50+0200,3c6ea73a-8935-4563-9159-861abf60a62a,2026-09-18T19:15:00Z,2026-09-18T21:15:00+0200,3878.036,MW,NL,NL,actual_offshore_wind_generation,Wind Offshore | Actual Aggregated,2026-09-24T04:41:40Z
2026-09-24T04:38:50Z,2026-09-24T06:38:50+0200,3c6ea73a-8935-4563-9159-861abf60a62a,2026-09-18T19:15:00Z,2026-09-18T21:15:00+0200,18.761,MW,NL,NL,actual_offshore_wind_generation,Wind Offshore | Actual Consumption,2026-09-24T04:41:40Z
2026-09-24T04:38:50Z,2026-09-24T06:38:50+0200,3c6ea73a-8935-4563-9159-861abf60a62a,2026-09-18T19:30:00Z,2026-09-18T21:30:00+0200,3870.968,MW,NL,NL,actual_offshore_wind_generation,Wind Offshore | Actual Aggregated,2026-09-24T04:41:40Z
2026-09-24T04:38:50Z,2026-09-24T06:38:50+0200,3c6ea73a-8935-4563-9159-861abf60a62a,2026-09-18T19:30:00Z,2026-09-18T21:30:00+0200,18.804,MW,NL,NL,actual_offshore_wind_generation,Wind Offshore | Actual Consumption,2026-09-24T04:41:40Z
2026-09-24T04:38:50Z,2026-09-24T06:38:50+0200,3c6ea73a-8935-4563-9159-861abf60a62a,2026-09-18T19:45:00Z,2026-09-18T21:45:00+0200,3890.235,MW,NL,NL,actual_offshore_wind_generation,Wind Offshore | Actual Aggregated,2026-09-24T04:41:40Z
2026-09-24T04:38:50Z,2026-09-24T06:38:50+0200,3c6ea73a-8935-4563-9159-861abf60a62a,2026-09-18T19:45:00Z,2026-09-18T21:45:00+0200,18.838,MW,NL,NL,actual_offshore_wind_generation,Wind Offshore | Actual Consumption,2026-09-24T04:41:40Z
2026-09-24T04:38:50Z,2026-09-24T06:38:50+0200,3c6ea73a-8935-4563-9159-861abf60a62a,2026-09-18T20:00:00Z,2026-09-18T22:00:00+0200,3884.668,MW,NL,NL,actual_offshore_wind_generation,Wind Offshore | Actual Aggregated,2026-09-24T04:41:40Z
2026-09-24T04:38:50Z,2026-09-24T06:38:50+0200,3c6ea73a-8935-4563-9159-861abf60a62a,2026-09-18T20:00:00Z,2026-09-18T22:00:00+0200,18.803,MW,NL,NL,actual_offshore_wind_generation,Wind Offshore | Actual Consumption,2026-09-24T04:41:40Z
2026-09-24T04:38:50Z,2026-09-24T06:38:50+0200,3c6ea73a-8935-4563-9159-861abf60a62a,2026-09-18T20:15:00Z,2026-09-18T22:15:00+0200,3876.32,MW,NL,NL,actual_offshore_wind_generation,Wind Offshore | Actual Aggregated,2026-09-24T04:41:40Z
2026-09-24T04:38:50Z,2026-09-24T06:38:50+0200,3c6ea73a-8935-4563-9159-861abf60a62a,2026-09-18T20:15:00Z,2026-09-18T22:15:00+0200,18.757,MW,NL,NL,actual_offshore_wind_generation,Wind Offshore | Actual Consumption,2026-09-24T04:41:40Z
2026-09-24T04:38:50Z,2026-09-24T06:38:50+0200,3c6ea73a-8935-4563-9159-861abf60a62a,2026-09-18T20:30:00Z,2026-09-18T22:30:00+0200,3886.359,MW,NL,NL,actual_offshore_wind_generation,Wind Offshore | Actual Aggregated,2026-09-24T04:41:40Z
2026-09-24T04:38:50Z,2026-09-24T06:38:50+0200,3c6ea73a-8935-4563-9159-861abf60a62a,2026-09-18T20:30:00Z,2026-09-18T22:30:00+0200,18.823,MW,NL,NL,actual_offshore_wind_generation,Wind Offshore | Actual Consumption,2026-09-24T04:41:40Z
2026-09-24T04:38:50Z,2026-09-24T06:38:50+0200,3c6ea73a-8935-4563-9159-861abf60a62a,2026-09-18T20:45:00Z,2026-09-18T22:45:00+0200,3864.287,MW,NL,NL,actual_offshore_wind_generation,Wind Offshore | Actual Aggregated,2026-09-24T04:41:40Z
2026-09-24T04:38:50Z,2026-09-24T06:38:50+0200,3c6ea73a-8935-4563-9159-861abf60a62a,2026-09-18T20:45:00Z,2026-09-18T22:45:00+0200,18.79,MW,NL,NL,actual_offshore_wind_generation,Wind Offshore | Actual Consumption,2026-09-24T04:41:40Z
2026-09-24T04:38:50Z,2026-09-24T06:38:50+0200,3c6ea73a-8935-4563-9159-861abf60a62a,2026-09-18T21:00:00Z,2026-09-18T23:00:00+0200,3873.856,MW,NL,NL,actual_offshore_wind_generation,Wind Offshore | Actual Aggregated,2026-09-24T04:41:40Z
2026-09-24T04:38:50Z,2026-09-24T06:38:50+0200,3c6ea73a-8935-4563-9159-861abf60a62a,2026-09-18T21:00:00Z,2026-09-18T23:00:00+0200,18.835,MW,NL,NL,actual_offshore_wind_generation,Wind Offshore | Actual Consumption,2026-09-24T04:41:40Z
2026-09-24T04:38:50Z,2026-09-24T06:38:50+0200,3c6ea73a-8935-4563-9159-861abf60a62a,2026-09-18T21:15:00Z,2026-09-18T23:15:00+0200,3882.738,MW,NL,NL,actual_offshore_wind_generation,Wind Offshore | Actual Aggregated,2026-09-24T04:41:40Z
2026-09-24T04:38:50Z,2026-09-24T06:38:50+0200,3c6ea73a-8935-4563-9159-861abf60a62a,2026-09-18T21:15:00Z,2026-09-18T23:15:00+0200,18.79,MW,NL,NL,actual_offshore_wind_generation,Wind Offshore | Actual Consumption,2026-09-24T04:41:40Z
2026-09-24T04:38:50Z,2026-09-24T06:38:50+0200,3c6ea73a-8935-4563-9159-861abf60a62a,2026-09-18T21:30:00Z,2026-09-18T23:30:00+0200,3880.938,MW,NL,NL,actual_offshore_wind_generation,Wind Offshore | Actual Aggregated,2026-09-24T04:41:40Z
2026-09-24T04:38:50Z,2026-09-24T06:38:50+0200,3c6ea73a-8935-4563-9159-861abf60a62a,2026-09-18T21:30:00Z,2026-09-18T23:30:00+0200,18.773,MW,NL,NL,actual_offshore_wind_generation,Wind Offshore | Actual Consumption,2026-09-24T04:41:40Z
2026-09-24T04:38:50Z,2026-09-24T06:38:50+0200,3c6ea73a-8935-4563-9159-861abf60a62a,2026-09-18T21:45:00Z,2026-09-18T23:45:00+0200,3884.72,MW,NL,NL,actual_offshore_wind_generation,Wind Offshore | Actual Aggregated,2026-09-24T04:41:40Z
2026-09-24T04:38:50Z,2026-09-24T06:38:50+0200,3c6ea73a-8935-4563-9159-861abf60a62a,2026-09-18T21:45:00Z,2026-09-18T23:45:00+0200,17.338,MW,NL,NL,actual_offshore_wind_generation,Wind Offshore | Actual Consumption,2026-09-24T04:41:40Z
2026-09-24T04:38:50Z,2026-09-24T06:38:50+0200,3c6ea73a-8935-4563-9159-861abf60a62a,2026-09-18T22:00:00Z,2026-09-19T00:00:00+0200,3880.626,MW,NL,NL,actual_offshore_wind_generation,Wind Offshore | Actual Aggregated,2026-09-24T04:41:40Z
2026-09-24T04:38:50Z,2026-09-24T06:38:50+0200,3c6ea73a-8935-4563-9159-861abf60a62a,2026-09-18T22:00:00Z,2026-09-19T00:00:00+0200,18.79,MW,NL,NL,actual_offshore_wind_generation,Wind Offshore | Actual Consumption,2026-09-24T04:41:40Z
2026-09-24T04:38:50Z,2026-09-24T06:38:50+0200,3c6ea73a-8935-4563-9159-861abf60a62a,2026-09-18T22:15:00Z,2026-09-19T00:15:00+0200,3886.623,MW,NL,NL,actual_offshore_wind_generation,Wind Offshore | Actual Aggregated,2026-09-24T04:41:40Z
2026-09-24T04:38:50Z,2026-09-24T06:38:50+0200,3c6ea73a-8935-4563-9159-861abf60a62a,2026-09-18T22:15:00Z,2026-09-19T00:15:00+0200,18.733,MW,NL,NL,actual_offshore_wind_generation,Wind Offshore | Actual Consumption,2026-09-24T04:41:40Z
2026-09-24T04:38:50Z,2026-09-24T06:38:50+0200,3c6ea73a-8935-4563-9159-861abf60a62a,2026-09-18T22:30:00Z,2026-09-19T00:30:00+0200,3830.691,MW,NL,NL,actual_offshore_wind_generation,Wind Offshore | Actual Aggregated,2026-09-24T04:41:40Z
2026-09-24T04:38:50Z,2026-09-24T06:38:50+0200,3c6ea73a-8935-4563-9159-861abf60a62a,2026-09-18T22:30:00Z,2026-09-19T00:30:00+0200,18.723,MW,NL,NL,actual_offshore_wind_generation,Wind Offshore | Actual Consumption,2026-09-24T04:41:40Z
2026-09-24T04:38:50Z,2026-09-24T06:38:50+0200,3c6ea73a-8935-4563-9159-861abf60a62a,2026-09-18T22:45:00Z,2026-09-19T00:45:00+0200,3875.394,MW,NL,NL,actual_offshore_wind_generation,Wind Offshore | Actual Aggregated,2026-09-24T04:41:40Z
2026-09-24T04:38:50Z,2026-09-24T06:38:50+0200,3c6ea73a-8935-4563-9159-861abf60a62a,2026-09-18T22:45:00Z,2026-09-19T00:45:00+0200,18.708,MW,NL,NL,actual_offshore_wind_generation,Wind Offshore | Actual Consumption,2026-09-24T04:41:40Z
2026-09-24T04:38:50Z,2026-09-24T06:38:50+0200,3c6ea73a-8935-4563-9159-861abf60a62a,2026-09-18T23:00:00Z,2026-09-19T01:00:00+0200,3873.992,MW,NL,NL,actual_offshore_wind_generation,Wind Offshore | Actual Aggregated,2026-09-24T04:41:40Z
2026-09-24T04:38:50Z,2026-09-24T06:38:50+0200,3c6ea73a-8935-4563-9159-861abf60a62a,2026-09-18T23:00:00Z,2026-09-19T01:00:00+0200,18.783,MW,NL,NL,actual_offshore_wind_generation,Wind Offshore | Actual Consumption,2026-09-24T04:41:40Z
2026-09-24T04:38:50Z,2026-09-24T06:38:50+0200,3c6ea73a-8935-4563-9159-861abf60a62a,2026-09-18T23:15:00Z,2026-09-19T01:15:00+0200,3880.437,MW,NL,NL,actual_offshore_wind_generation,Wind Offshore | Actual Aggregated,2026-09-24T04:41:40Z
2026-09-24T04:38:50Z,2026-09-24T06:38:50+0200,3c6ea73a-8935-4563-9159-861abf60a62a,2026-09-18T23:15:00Z,2026-09-19T01:15:00+0200,18.849,MW,NL,NL,actual_offshore_wind_generation,Wind Offshore | Actual Consumption,2026-09-24T04:41:40Z
2026-09-24T04:38:50Z,2026-09-24T06:38:50+0200,3c6ea73a-8935-4563-9159-861abf60a62a,2026-09-18T23:30:00Z,2026-09-19T01:30:00+0200,3887.354,MW,NL,NL,actual_offshore_wind_generation,Wind Offshore | Actual Aggregated,2026-09-24T04:41:40Z
2026-09-24T04:38:50Z,2026-09-24T06:38:50+0200,3c6ea73a-8935-4563-9159-861abf60a62a,2026-09-18T23:30:00Z,2026-09-19T01:30:00+0200,18.706,MW,NL,NL,actual_offshore_wind_generation,Wind Offshore | Actual Consumption,2026-09-24T04:41:40Z
2026-09-24T04:38:50Z,2026-09-24T06:38:50+0200,3c6ea73a-8935-4563-9159-861abf60a62a,2026-09-18T23:45:00Z,2026-09-19T01:45:00+0200,3887.479,MW,NL,NL,actual_offshore_wind_generation,Wind Offshore | Actual Aggregated,2026-09-24T04:41:40Z
2026-09-24T04:38:50Z,2026-09-24T06:38:50+0200,3c6ea73a-8935-4563-9159-861abf60a62a,2026-09-18T23:45:00Z,2026-09-19T01:45:00+0200,18.735,MW,NL,NL,actual_offshore_wind_generation,Wind Offshore | Actual Consumption,2026-09-24T04:41:40Z
2026-09-24T04:38:50Z,2026-09-24T06:38:50+0200,3c6ea73a-8935-4563-9159-861abf60a62a,2026-09-19T00:00:00Z,2026-09-19T02:00:00+0200,3883.234,MW,NL,NL,actual_offshore_wind_generation,Wind Offshore | Actual Aggregated,2026-09-24T04:41:40Z
2026-09-24T04:38:50Z,2026-09-24T06:38:50+0200,3c6ea73a-8935-4563-9159-861abf60a62a,2026-09-19T00:00:00Z,2026-09-19T02:00:00+0200,18.732,MW,NL,NL,actual_offshore_wind_generation,Wind Offshore | Actual Consumption,2026-09-24T04:41:40Z
2026-09-24T04:38:50Z,2026-09-24T06:38:50+0200,3c6ea73a-8935-4563-9159-861abf60a62a,2026-09-19T00:15:00Z,2026-09-19T02:15:00+0200,3882.002,MW,NL,NL,actual_offshore_wind_generation,Wind Offshore | Actual Aggregated,2026-09-24T04:41:40Z
2026-09-24T04:38:50Z,2026-09-24T06:38:50+0200,3c6ea73a-8935-4563-9159-861abf60a62a,2026-09-19T00:15:00Z,2026-09-19T02:15:00+0200,18.741,MW,NL,NL,actual_offshore_wind_generation,Wind Offshore | Actual Consumption,2026-09-24T04:41:40Z
2026-09-24T04:38:50Z,2026-09-24T06:38:50+0200,3c6ea73a-8935-4563-9159-861abf60a62a,2026-09-19T00:30:00Z,2026-09-19T02:30:00+0200,3882.805,MW,NL,NL,actual_offshore_wind_generation,Wind Offshore | Actual Aggregated,2026-09-24T04:41:40Z
2026-09-24T04:38:50Z,2026-09-24T06:38:50+0200,3c6ea73a-8935-4563-9159-861abf60a62a,2026-09-19T00:30:00Z,2026-09-19T02:30:00+0200,18.715,MW,NL,NL,actual_offshore_wind_generation,Wind Offshore | Actual Consumption,2026-09-24T04:41:40Z
2026-09-24T04:38:50Z,2026-09-24T06:38:50+0200,3c6ea73a-8935-4563-9159-861abf60a62a,2026-09-19T00:45:00Z,2026-09-19T02:45:00+0200,3864.026,MW,NL,NL,actual_offshore_wind_generation,Wind Offshore | Actual Aggregated,2026-09-24T04:41:40Z
2026-09-24T04:38:50Z,2026-09-24T06:38:50+0200,3c6ea73a-8935-4563-9159-861abf60a62a,2026-09-19T00:45:00Z,2026-09-19T02:45:00+0200,18.777,MW,NL,NL,actual_offshore_wind_generation,Wind Offshore | Actual Consumption,2026-09-24T04:41:40Z
2026-09-24T04:38:50Z,2026-09-24T06:38:50+0200,3c6ea73a-8935-4563-9159-861abf60a62a,2026-09-19T01:00:00Z,2026-09-19T03:00:00+0200,3888.524,MW,NL,NL,actual_offshore_wind_generation,Wind Offshore | Actual Aggregated,2026-09-24T04:41:40Z
2026-09-24T04:38:50Z,2026-09-24T06:38:50+0200,3c6ea73a-8935-4563-9159-861abf60a62a,2026-09-19T01:00:00Z,2026-09-19T03:00:00+0200,18.731,MW,NL,NL,actual_offshore_wind_generation,Wind Offshore | Actual Consumption,2026-09-24T04:41:40Z
2026-09-24T04:38:50Z,2026-09-24T06:38:50+0200,3c6ea73a-8935-4563-9159-861abf60a62a,2026-09-19T01:15:00Z,2026-09-19T03:15:00+0200,3885.368,MW,NL,NL,actual_offshore_wind_generation,Wind Offshore | Actual Aggregated,2026-09-24T04:41:40Z
2026-09-24T04:38:50Z,2026-09-24T06:38:50+0200,3c6ea73a-8935-4563-9159-861abf60a62a,2026-09-19T01:15:00Z,2026-09-19T03:15:00+0200,18.769,MW,NL,NL,actual_offshore_wind_generation,Wind Offshore | Actual Consumption,2026-09-24T04:41:40Z
2026-09-24T04:38:50Z,2026-09-24T06:38:50+0200,3c6ea73a-8935-4563-9159-861abf60a62a,2026-09-19T01:30:00Z,2026-09-19T03:30:00+0200,3875.791,MW,NL,NL,actual_offshore_wind_generation,Wind Offshore | Actual Aggregated,2026-09-24T04:41:40Z
2026-09-24T04:38:50Z,2026-09-24T06:38:50+0200,3c6ea73a-8935-4563-9159-861abf60a62a,2026-09-19T01:30:00Z,2026-09-19T03:30:00+0200,18.808,MW,NL,NL,actual_offshore_wind_generation,Wind Offshore | Actual Consumption,2026-09-24T04:41:40Z
2026-09-24T04:38:50Z,2026-09-24T06:38:50+0200,3c6ea73a-8935-4563-9159-861abf60a62a,2026-09-19T01:45:00Z,2026-09-19T03:45:00+0200,3870.849,MW,NL,NL,actual_offshore_wind_generation,Wind Offshore | Actual Aggregated,2026-09-24T04:41:40Z
2026-09-24T04:38:50Z,2026-09-24T06:38:50+0200,3c6ea73a-8935-4563-9159-861abf60a62a,2026-09-19T01:45:00Z,2026-09-19T03:45:00+0200,18.767,MW,NL,NL,actual_offshore_wind_generation,Wind Offshore | Actual Consumption,2026-09-24T04:41:40Z
2026-09-24T04:38:50Z,2026-09-24T06:38:50+0200,3c6ea73a-8935-4563-9159-861abf60a62a,2026-09-19T02:00:00Z,2026-09-19T04:00:00+0200,3871.708,MW,NL,NL,actual_offshore_wind_generation,Wind Offshore | Actual Aggregated,2026-09-24T04:41:40Z
2026-09-24T04:38:50Z,2026-09-24T06:38:50+0200,3c6ea73a-8935-4563-9159-861abf60a62a,2026-09-19T02:00:00Z,2026-09-19T04:00:00+0200,18.798,MW,NL,NL,actual_offshore_wind_generation,Wind Offshore | Actual Consumption,2026-09-24T04:41:40Z
2026-09-24T04:38:50Z,2026-09-24T06:38:50+0200,3c6ea73a-8935-4563-9159-861abf60a62a,2026-09-19T02:15:00Z,2026-09-19T04:15:00+0200,3863.012,MW,NL,NL,actual_offshore_wind_generation,Wind Offshore | Actual Aggregated,2026-09-24T04:41:40Z
2026-09-24T04:38:50Z,2026-09-24T06:38:50+0200,3c6ea73a-8935-4563-9159-861abf60a62a,2026-09-19T02:15:00Z,2026-09-19T04:15:00+0200,18.769,MW,NL,NL,actual_offshore_wind_generation,Wind Offshore | Actual Consumption,2026-09-24T04:41:40Z
2026-09-24T04:38:50Z,2026-09-24T06:38:50+0200,3c6ea73a-8935-4563-9159-861abf60a62a,2026-09-19T02:30:00Z,2026-09-19T04:30:00+0200,3841.835,MW,NL,NL,actual_offshore_wind_generation,Wind Offshore | Actual Aggregated,2026-09-24T04:41:40Z
2026-09-24T04:38:50Z,2026-09-24T06:38:50+0200,3c6ea73a-8935-4563-9159-861abf60a62a,2026-09-19T02:30:00Z,2026-09-19T04:30:00+0200,18.72,MW,NL,NL,actual_offshore_wind_generation,Wind Offshore | Actual Consumption,2026-09-24T04:41:40Z
2026-09-24T04:38:50Z,2026-09-24T06:38:50+0200,3c6ea73a-8935-4563-9159-861abf60a62a,2026-09-19T02:45:00Z,2026-09-19T04:45:00+0200,3838.266,MW,NL,NL,actual_offshore_wind_generation,Wind Offshore | Actual Aggregated,2026-09-24T04:41:40Z
2026-09-24T04:38:50Z,2026-09-24T06:38:50+0200,3c6ea73a-8935-4563-9159-861abf60a62a,2026-09-19T02:45:00Z,2026-09-19T04:45:00+0200,18.793,MW,NL,NL,actual_offshore_wind_generation,Wind Offshore | Actual Consumption,2026-09-24T04:41:40Z
2026-09-24T04:38:50Z,2026-09-24T06:38:50+0200,3c6ea73a-8935-4563-9159-861abf60a62a,2026-09-19T03:00:00Z,2026-09-19T05:00:00+0200,3832.065,MW,NL,NL,actual_offshore_wind_generation,Wind Offshore | Actual Aggregated,2026-09-24T04:41:40Z
2026-09-24T04:38:50Z,2026-09-24T06:38:50+0200,3c6ea73a-8935-4563-9159-861abf60a62a,2026-09-19T03:00:00Z,2026-09-19T05:00:00+0200,18.743,MW,NL,NL,actual_offshore_wind_generation,Wind Offshore | Actual Consumption,2026-09-24T04:41:40Z
2026-09-24T04:38:50Z,2026-09-24T06:38:50+0200,3c6ea73a-8935-4563-9159-861abf60a62a,2026-09-19T03:15:00Z,2026-09-19T05:15:00+0200,3836.716,MW,NL,NL,actual_offshore_wind_generation,Wind Offshore | Actual Aggregated,2026-09-24T04:41:40Z
2026-09-24T04:38:50Z,2026-09-24T06:38:50+0200,3c6ea73a-8935-4563-9159-861abf60a62a,2026-09-19T03:15:00Z,2026-09-19T05:15:00+0200,18.1,MW,NL,NL,actual_offshore_wind_generation,Wind Offshore | Actual Consumption,2026-09-24T04:41:40Z
2026-09-24T04:38:50Z,2026-09-24T06:38:50+0200,3c6ea73a-8935-4563-9159-861abf60a62a,2026-09-19T03:30:00Z,2026-09-19T05:30:00+0200,3838.891,MW,NL,NL,actual_offshore_wind_generation,Wind Offshore | Actual Aggregated,2026-09-24T04:41:40Z
2026-09-24T04:38:50Z,2026-09-24T06:38:50+0200,3c6ea73a-8935-4563-9159-861abf60a62a,2026-09-19T03:30:00Z,2026-09-19T05:30:00+0200,10.197,MW,NL,NL,actual_offshore_wind_generation,Wind Offshore | Actual Consumption,2026-09-24T04:41:40Z
2026-09-24T04:38:50Z,2026-09-24T06:38:50+0200,3c6ea73a-8935-4563-9159-861abf60a62a,2026-09-19T03:45:00Z,2026-09-19T05:45:00+0200,3821.502,MW,NL,NL,actual_offshore_wind_generation,Wind Offshore | Actual Aggregated,2026-09-24T04:41:40Z
2026-09-24T04:38:50Z,2026-09-24T06:38:50+0200,3c6ea73a-8935-4563-9159-861abf60a62a,2026-09-19T03:45:00Z,2026-09-19T05:45:00+0200,13.241,MW,NL,NL,actual_offshore_wind_generation,Wind Offshore | Actual Consumption,2026-09-24T04:41:40Z
2026-09-24T04:38:50Z,2026-09-24T06:38:50+0200,3c6ea73a-8935-4563-9159-861abf60a62a,2026-09-19T04:00:00Z,2026-09-19T06:00:00+0200,3831.462,MW,NL,NL,actual_offshore_wind_generation,Wind Offshore | Actual Aggregated,2026-09-24T04:41:40Z
2026-09-24T04:38:50Z,2026-09-24T06:38:50+0200,3c6ea73a-8935-4563-9159-861abf60a62a,2026-09-19T04:00:00Z,2026-09-19T06:00:00+0200,18.794,MW,NL,NL,actual_offshore_wind_generation,Wind Offshore | Actual Consumption,2026-09-24T04:41:40Z
2026-09-24T04:38:50Z,2026-09-24T06:38:50+0200,3c6ea73a-8935-4563-9159-861abf60a62a,2026-09-19T04:15:00Z,2026-09-19T06:15:00+0200,3822.416,MW,NL,NL,actual_offshore_wind_generation,Wind Offshore | Actual Aggregated,2026-09-24T04:41:40Z
2026-09-24T04:38:50Z,2026-09-24T06:38:50+0200,3c6ea73a-8935-4563-9159-861abf60a62a,2026-09-19T04:15:00Z,2026-09-19T06:15:00+0200,18.196,MW,NL,NL,actual_offshore_wind_generation,Wind Offshore | Actual Consumption,2026-09-24T04:41:40Z
2026-09-24T04:38:50Z,2026-09-24T06:38:50+0200,3c6ea73a-8935-4563-9159-861abf60a62a,2026-09-19T04:30:00Z,2026-09-19T06:30:00+0200,3832.532,MW,NL,NL,actual_offshore_wind_generation,Wind Offshore | Actual Aggregated,2026-09-24T04:41:40Z
2026-09-24T04:38:50Z,2026-09-24T06:38:50+0200,3c6ea73a-8935-4563-9159-861abf60a62a,2026-09-19T04:30:00Z,2026-09-19T06:30:00+0200,11.904,MW,NL,NL,actual_offshore_wind_generation,Wind Offshore | Actual Consumption,2026-09-24T04:41:40Z
2026-09-24T04:38:50Z,2026-09-24T06:38:50+0200,3c6ea73a-8935-4563-9159-861abf60a62a,2026-09-19T04:45:00Z,2026-09-19T06:45:00+0200,3827.672,MW,NL,NL,actual_offshore_wind_generation,Wind Offshore | Actual Aggregated,2026-09-24T04:41:40Z
2026-09-24T04:38:50Z,2026-09-24T06:38:50+0200,3c6ea73a-8935-4563-9159-861abf60a62a,2026-09-19T04:45:00Z,2026-09-19T06:45:00+0200,18.722,MW,NL,NL,actual_offshore_wind_generation,Wind Offshore | Actual Consumption,2026-09-24T04:41:40Z
2026-09-24T04:38:50Z,2026-09-24T06:38:50+0200,3c6ea73a-8935-4563-9159-861abf60a62a,2026-09-19T05:00:00Z,2026-09-19T07:00:00+0200,3818.252,MW,NL,NL,actual_offshore_wind_generation,Wind Offshore | Actual Aggregated,2026-09-24T04:41:40Z
2026-09-24T04:38:50Z,2026-09-24T06:38:50+0200,3c6ea73a-8935-4563-9159-861abf60a62a,2026-09-19T05:00:00Z,2026-09-19T07:00:00+0200,18.732,MW,NL,NL,actual_offshore_wind_generation,Wind Offshore | Actual Consumption,2026-09-24T04:41:40Z
2026-09-24T04:38:50Z,2026-09-24T06:38:50+0200,3c6ea73a-8935-4563-9159-861abf60a62a,2026-09-19T05:15:00Z,2026-09-19T07:15:00+0200,3825.969,MW,NL,NL,actual_offshore_wind_generation,Wind Offshore | Actual Aggregated,2026-09-24T04:41:40Z
2026-09-24T04:38:50Z,2026-09-24T06:38:50+0200,3c6ea73a-8935-4563-9159-861abf60a62a,2026-09-19T05:15:00Z,2026-09-19T07:15:00+0200,18.755,MW,NL,NL,actual_offshore_wind_generation,Wind Offshore | Actual Consumption,2026-09-24T04:41:40Z
2026-09-24T04:38:50Z,2026-09-24T06:38:50+0200,3c6ea73a-8935-4563-9159-861abf60a62a,2026-09-19T05:30:00Z,2026-09-19T07:30:00+0200,3816.743,MW,NL,NL,actual_offshore_wind_generation,Wind Offshore | Actual Aggregated,2026-09-24T04:41:40Z
2026-09-24T04:38:50Z,2026-09-24T06:38:50+0200,3c6ea73a-8935-4563-9159-861abf60a62a,2026-09-19T05:30:00Z,2026-09-19T07:30:00+0200,18.749,MW,NL,NL,actual_offshore_wind_generation,Wind Offshore | Actual Consumption,2026-09-24T04:41:40Z
2026-09-24T04:38:50Z,2026-09-24T06:38:50+0200,3c6ea73a-8935-4563-9159-861abf60a62a,2026-09-19T05:45:00Z,2026-09-19T07:45:00+0200,3793.458,MW,NL,NL,actual_offshore_wind_generation,Wind Offshore | Actual Aggregated,2026-09-24T04:41:40Z
2026-09-24T04:38:50Z,2026-09-24T06:38:50+0200,3c6ea73a-8935-4563-9159-861abf60a62a,2026-09-19T05:45:00Z,2026-09-19T07:45:00+0200,18.772,MW,NL,NL,actual_offshore_wind_generation,Wind Offshore | Actual Consumption,2026-09-24T04:41:40Z
2026-09-24T04:38:50Z,2026-09-24T06:38:50+0200,3c6ea73a-8935-4563-9159-861abf60a62a,2026-09-19T06:00:00Z,2026-09-19T08:00:00+0200,3784.588,MW,NL,NL,actual_offshore_wind_generation,Wind Offshore | Actual Aggregated,2026-09-24T04:41:40Z
2026-09-24T04:38:50Z,2026-09-24T06:38:50+0200,3c6ea73a-8935-4563-9159-861abf60a62a,2026-09-19T06:00:00Z,2026-09-19T08:00:00+0200,18.731,MW,NL,NL,actual_offshore_wind_generation,Wind Offshore | Actual Consumption,2026-09-24T04:41:40Z
2026-09-24T04:38:50Z,2026-09-24T06:38:50+0200,3c6ea73a-8935-4563-9159-861abf60a62a,2026-09-19T06:15:00Z,2026-09-19T08:15:00+0200,3790.017,MW,NL,NL,actual_offshore_wind_generation,Wind Offshore | Actual Aggregated,2026-09-24T04:41:40Z
2026-09-24T04:38:50Z,2026-09-24T06:38:50+0200,3c6ea73a-8935-4563-9159-861abf60a62a,2026-09-19T06:15:00Z,2026-09-19T08:15:00+0200,18.727,MW,NL,NL,actual_offshore_wind_generation,Wind Offshore | Actual Consumption,2026-09-24T04:41:40Z
2026-09-24T04:38:50Z,2026-09-24T06:38:50+0200,3c6ea73a-8935-4563-9159-861abf60a62a,2026-09-19T06:30:00Z,2026-09-19T08:30:00+0200,3785.834,MW,NL,NL,actual_offshore_wind_generation,Wind Offshore | Actual Aggregated,2026-09-24T04:41:40Z
2026-09-24T04:38:50Z,2026-09-24T06:38:50+0200,3c6ea73a-8935-4563-9159-861abf60a62a,2026-09-19T06:30:00Z,2026-09-19T08:30:00+0200,17.811,MW,NL,NL,actual_offshore_wind_generation,Wind Offshore | Actual Consumption,2026-09-24T04:41:40Z
2026-09-24T04:38:50Z,2026-09-24T06:38:50+0200,3c6ea73a-8935-4563-9159-861abf60a62a,2026-09-19T06:45:00Z,2026-09-19T08:45:00+0200,3792.506,MW,NL,NL,actual_offshore_wind_generation,Wind Offshore | Actual Aggregated,2026-09-24T04:41:40Z
2026-09-24T04:38:50Z,2026-09-24T06:38:50+0200,3c6ea73a-8935-4563-9159-861abf60a62a,2026-09-19T06:45:00Z,2026-09-19T08:45:00+0200,17.499,MW,NL,NL,actual_offshore_wind_generation,Wind Offshore | Actual Consumption,2026-09-24T04:41:40Z
2026-09-24T04:38:50Z,2026-09-24T06:38:50+0200,3c6ea73a-8935-4563-9159-861abf60a62a,2026-09-19T07:00:00Z,2026-09-19T09:00:00+0200,3677.504,MW,NL,NL,actual_offshore_wind_generation,Wind Offshore | Actual Aggregated,2026-09-24T04:41:40Z
2026-09-24T04:38:50Z,2026-09-24T06:38:50+0200,3c6ea73a-8935-4563-9159-861abf60a62a,2026-09-19T07:00:00Z,2026-09-19T09:00:00+0200,7.508,MW,NL,NL,actual_offshore_wind_generation,Wind Offshore | Actual Consumption,2026-09-24T04:41:40Z
2026-09-24T04:38:50Z,2026-09-24T06:38:50+0200,3c6ea73a-8935-4563-9159-861abf60a62a,2026-09-19T07:15:00Z,2026-09-19T09:15:00+0200,3592.112,MW,NL,NL,actual_offshore_wind_generation,Wind Offshore | Actual Aggregated,2026-09-24T04:41:40Z
2026-09-24T04:38:50Z,2026-09-24T06:38:50+0200,3c6ea73a-8935-4563-9159-861abf60a62a,2026-09-19T07:15:00Z,2026-09-19T09:15:00+0200,1.999,MW,NL,NL,actual_offshore_wind_generation,Wind Offshore | Actual Consumption,2026-09-24T04:41:40Z
2026-09-24T04:38:50Z,2026-09-24T06:38:50+0200,3c6ea73a-8935-4563-9159-861abf60a62a,2026-09-19T07:30:00Z,2026-09-19T09:30:00+0200,3485.43,MW,NL,NL,actual_offshore_wind_generation,Wind Offshore | Actual Aggregated,2026-09-24T04:41:40Z
2026-09-24T04:38:50Z,2026-09-24T06:38:50+0200,3c6ea73a-8935-4563-9159-861abf60a62a,2026-09-19T07:30:00Z,2026-09-19T09:30:00+0200,3.349,MW,NL,NL,actual_offshore_wind_generation,Wind Offshore | Actual Consumption,2026-09-24T04:41:40Z
2026-09-24T04:38:50Z,2026-09-24T06:38:50+0200,3c6ea73a-8935-4563-9159-861abf60a62a,2026-09-19T07:45:00Z,2026-09-19T09:45:00+0200,3548.846,MW,NL,NL,actual_offshore_wind_generation,Wind Offshore | Actual Aggregated,2026-09-24T04:41:40Z
2026-09-24T04:38:50Z,2026-09-24T06:38:50+0200,3c6ea73a-8935-4563-9159-861abf60a62a,2026-09-19T07:45:00Z,2026-09-19T09:45:00+0200,18.805,MW,NL,NL,actual_offshore_wind_generation,Wind Offshore | Actual Consumption,2026-09-24T04:41:40Z
2026-09-24T04:38:50Z,2026-09-24T06:38:50+0200,3c6ea73a-8935-4563-9159-861abf60a62a,2026-09-19T08:00:00Z,2026-09-19T10:00:00+0200,3721.253,MW,NL,NL,actual_offshore_wind_generation,Wind Offshore | Actual Aggregated,2026-09-24T04:41:40Z
2026-09-24T04:38:50Z,2026-09-24T06:38:50+0200,3c6ea73a-8935-4563-9159-861abf60a62a,2026-09-19T08:00:00Z,2026-09-19T10:00:00+0200,18.762,MW,NL,NL,actual_offshore_wind_generation,Wind Offshore | Actual Consumption,2026-09-24T04:41:40Z
2026-09-24T04:38:50Z,2026-09-24T06:38:50+0200,3c6ea73a-8935-4563-9159-861abf60a62a,2026-09-19T08:15:00Z,2026-09-19T10:15:00+0200,3778.521,MW,NL,NL,actual_offshore_wind_generation,Wind Offshore | Actual Aggregated,2026-09-24T04:41:40Z
2026-09-24T04:38:50Z,2026-09-24T06:38:50+0200,3c6ea73a-8935-4563-9159-861abf60a62a,2026-09-19T08:15:00Z,2026-09-19T10:15:00+0200,18.778,MW,NL,NL,actual_offshore_wind_generation,Wind Offshore | Actual Consumption,2026-09-24T04:41:40Z
2026-09-24T04:38:50Z,2026-09-24T06:38:50+0200,3c6ea73a-8935-4563-9159-861abf60a62a,2026-09-19T08:30:00Z,2026-09-19T10:30:00+0200,3778.387,MW,NL,NL,actual_offshore_wind_generation,Wind Offshore | Actual Aggregated,2026-09-24T04:41:40Z
2026-09-24T04:38:50Z,2026-09-24T06:38:50+0200,3c6ea73a-8935-4563-9159-861abf60a62a,2026-09-19T08:30:00Z,2026-09-19T10:30:00+0200,16.265,MW,NL,NL,actual_offshore_wind_generation,Wind Offshore | Actual Consumption,2026-09-24T04:41:40Z
2026-09-24T04:38:50Z,2026-09-24T06:38:50+0200,3c6ea73a-8935-4563-9159-861abf60a62a,2026-09-19T08:45:00Z,2026-09-19T10:45:00+0200,3787.873,MW,NL,NL,actual_offshore_wind_generation,Wind Offshore | Actual Aggregated,2026-09-24T04:41:40Z
2026-09-24T04:38:50Z,2026-09-24T06:38:50+0200,3c6ea73a-8935-4563-9159-861abf60a62a,2026-09-19T08:45:00Z,2026-09-19T10:45:00+0200,18.611,MW,NL,NL,actual_offshore_wind_generation,Wind Offshore | Actual Consumption,2026-09-24T04:41:40Z
2026-09-24T04:38:50Z,2026-09-24T06:38:50+0200,3c6ea73a-8935-4563-9159-861abf60a62a,2026-09-19T09:00:00Z,2026-09-19T11:00:00+0200,3759.873,MW,NL,NL,actual_offshore_wind_generation,Wind Offshore | Actual Aggregated,2026-09-24T04:41:40Z
2026-09-24T04:38:50Z,2026-09-24T06:38:50+0200,3c6ea73a-8935-4563-9159-861abf60a62a,2026-09-19T09:00:00Z,2026-09-19T11:00:00+0200,9.792,MW,NL,NL,actual_offshore_wind_generation,Wind Offshore | Actual Consumption,2026-09-24T04:41:40Z
2026-09-24T04:38:50Z,2026-09-24T06:38:50+0200,3c6ea73a-8935-4563-9159-861abf60a62a,2026-09-19T09:15:00Z,2026-09-19T11:15:00+0200,3756.071,MW,NL,NL,actual_offshore_wind_generation,Wind Offshore | Actual Aggregated,2026-09-24T04:41:40Z
2026-09-24T04:38:50Z,2026-09-24T06:38:50+0200,3c6ea73a-8935-4563-9159-861abf60a62a,2026-09-19T09:15:00Z,2026-09-19T11:15:00+0200,14.484,MW,NL,NL,actual_offshore_wind_generation,Wind Offshore | Actual Consumption,2026-09-24T04:41:40Z
2026-09-24T04:38:50Z,2026-09-24T06:38:50+0200,3c6ea73a-8935-4563-9159-861abf60a62a,2026-09-19T09:30:00Z,2026-09-19T11:30:00+0200,3749.741,MW,NL,NL,actual_offshore_wind_generation,Wind Offshore | Actual Aggregated,2026-09-24T04:41:40Z
2026-09-24T04:38:50Z,2026-09-24T06:38:50+0200,3c6ea73a-8935-4563-9159-861abf60a62a,2026-09-19T09:30:00Z,2026-09-19T11:30:00+0200,13.896,MW,NL,NL,actual_offshore_wind_generation,Wind Offshore | Actual Consumption,2026-09-24T04:41:40Z
2026-09-24T04:38:50Z,2026-09-24T06:38:50+0200,3c6ea73a-8935-4563-9159-861abf60a62a,2026-09-19T09:45:00Z,2026-09-19T11:45:00+0200,3711.968,MW,NL,NL,actual_offshore_wind_generation,Wind Offshore | Actual Aggregated,2026-09-24T04:41:40Z
2026-09-24T04:38:50Z,2026-09-24T06:38:50+0200,3c6ea73a-8935-4563-9159-861abf60a62a,2026-09-19T09:45:00Z,2026-09-19T11:45:00+0200,13.298,MW,NL,NL,actual_offshore_wind_generation,Wind Offshore | Actual Consumption,2026-09-24T04:41:40Z
2026-09-24T04:38:50Z,2026-09-24T06:38:50+0200,3c6ea73a-8935-4563-9159-861abf60a62a,2026-09-19T10:00:00Z,2026-09-19T12:00:00+0200,3713.608,MW,NL,NL,actual_offshore_wind_generation,Wind Offshore | Actual Aggregated,2026-09-24T04:41:40Z
2026-09-24T04:38:50Z,2026-09-24T06:38:50+0200,3c6ea73a-8935-4563-9159-861abf60a62a,2026-09-19T10:00:00Z,2026-09-19T12:00:00+0200,8.089,MW,NL,NL,actual_offshore_wind_generation,Wind Offshore | Actual Consumption,2026-09-24T04:41:40Z
2026-09-24T04:38:50Z,2026-09-24T06:38:50+0200,3c6ea73a-8935-4563-9159-861abf60a62a,2026-09-19T10:15:00Z,2026-09-19T12:15:00+0200,3775.5,MW,NL,NL,actual_offshore_wind_generation,Wind Offshore | Actual Aggregated,2026-09-24T04:41:40Z
2026-09-24T04:38:50Z,2026-09-24T06:38:50+0200,3c6ea73a-8935-4563-9159-861abf60a62a,2026-09-19T10:15:00Z,2026-09-19T12:15:00+0200,18.804,MW,NL,NL,actual_offshore_wind_generation,Wind Offshore | Actual Consumption,2026-09-24T04:41:40Z
2026-09-24T04:38:50Z,2026-09-24T06:38:50+0200,3c6ea73a-8935-4563-9159-861abf60a62a,2026-09-19T10:30:00Z,2026-09-19T12:30:00+0200,3796.436,MW,NL,NL,actual_offshore_wind_generation,Wind Offshore | Actual Aggregated,2026-09-24T04:41:40Z
2026-09-24T04:38:50Z,2026-09-24T06:38:50+0200,3c6ea73a-8935-4563-9159-861abf60a62a,2026-09-19T10:30:00Z,2026-09-19T12:30:00+0200,18.799,MW,NL,NL,actual_offshore_wind_generation,Wind Offshore | Actual Consumption,2026-09-24T04:41:40Z
2026-09-24T04:38:50Z,2026-09-24T06:38:50+0200,3c6ea73a-8935-4563-9159-861abf60a62a,2026-09-19T10:45:00Z,2026-09-19T12:45:00+0200,3798.566,MW,NL,NL,actual_offshore_wind_generation,Wind Offshore | Actual Aggregated,2026-09-24T04:41:40Z
2026-09-24T04:38:50Z,2026-09-24T06:38:50+0200,3c6ea73a-8935-4563-9159-861abf60a62a,2026-09-19T10:45:00Z,2026-09-19T12:45:00+0200,18.785,MW,NL,NL,actual_offshore_wind_generation,Wind Offshore | Actual Consumption,2026-09-24T04:41:40Z
2026-09-24T04:38:50Z,2026-09-24T06:38:50+0200,3c6ea73a-8935-4563-9159-861abf60a62a,2026-09-19T11:00:00Z,2026-09-19T13:00:00+0200,3991.442,MW,NL,NL,actual_offshore_wind_generation,Wind Offshore | Actual Aggregated,2026-09-24T04:41:40Z
2026-09-24T04:38:50Z,2026-09-24T06:38:50+0200,3c6ea73a-8935-4563-9159-861abf60a62a,2026-09-19T11:00:00Z,2026-09-19T13:00:00+0200,18.842,MW,NL,NL,actual_offshore_wind_generation,Wind Offshore | Actual Consumption,2026-09-24T04:41:40Z
2026-09-24T04:38:50Z,2026-09-24T06:38:50+0200,3c6ea73a-8935-4563-9159-861abf60a62a,2026-09-19T11:15:00Z,2026-09-19T13:15:00+0200,3988.135,MW,NL,NL,actual_offshore_wind_generation,Wind Offshore | Actual Aggregated,2026-09-24T04:41:40Z
2026-09-24T04:38:50Z,2026-09-24T06:38:50+0200,3c6ea73a-8935-4563-9159-861abf60a62a,2026-09-19T11:15:00Z,2026-09-19T13:15:00+0200,18.75,MW,NL,NL,actual_offshore_wind_generation,Wind Offshore | Actual Consumption,2026-09-24T04:41:40Z
2026-09-24T04:38:50Z,2026-09-24T06:38:50+0200,3c6ea73a-8935-4563-9159-861abf60a62a,2026-09-19T11:30:00Z,2026-09-19T13:30:00+0200,3962.188,MW,NL,NL,actual_offshore_wind_generation,Wind Offshore | Actual Aggregated,2026-09-24T04:41:40Z
2026-09-24T04:38:50Z,2026-09-24T06:38:50+0200,3c6ea73a-8935-4563-9159-861abf60a62a,2026-09-19T11:30:00Z,2026-09-19T13:30:00+0200,18.716,MW,NL,NL,actual_offshore_wind_generation,Wind Offshore | Actual Consumption,2026-09-24T04:41:40Z
2026-09-24T04:38:50Z,2026-09-24T06:38:50+0200,3c6ea73a-8935-4563-9159-861abf60a62a,2026-09-19T11:45:00Z,2026-09-19T13:45:00+0200,3976.422,MW,NL,NL,actual_offshore_wind_generation,Wind Offshore | Actual Aggregated,2026-09-24T04:41:40Z
2026-09-24T04:38:50Z,2026-09-24T06:38:50+0200,3c6ea73a-8935-4563-9159-861abf60a62a,2026-09-19T11:45:00Z,2026-09-19T13:45:00+0200,18.737,MW,NL,NL,actual_offshore_wind_generation,Wind Offshore | Actual Consumption,2026-09-24T04:41:40Z
2026-09-24T04:38:50Z,2026-09-24T06:38:50+0200,3c6ea73a-8935-4563-9159-861abf60a62a,2026-09-19T12:00:00Z,2026-09-19T14:00:00+0200,3970.48,MW,NL,NL,actual_offshore_wind_generation,Wind Offshore | Actual Aggregated,2026-09-24T04:41:40Z
2026-09-24T04:38:50Z,2026-09-24T06:38:50+0200,3c6ea73a-8935-4563-9159-861abf60a62a,2026-09-19T12:00:00Z,2026-09-19T14:00:00+0200,18.782,MW,NL,NL,actual_offshore_wind_generation,Wind Offshore | Actual Consumption,2026-09-24T04:41:40Z
2026-09-24T04:38:50Z,2026-09-24T06:38:50+0200,3c6ea73a-8935-4563-9159-861abf60a62a,2026-09-19T12:15:00Z,2026-09-19T14:15:00+0200,3969.115,MW,NL,NL,actual_offshore_wind_generation,Wind Offshore | Actual Aggregated,2026-09-24T04:41:40Z
2026-09-24T04:38:50Z,2026-09-24T06:38:50+0200,3c6ea73a-8935-4563-9159-861abf60a62a,2026-09-19T12:15:00Z,2026-09-19T14:15:00+0200,18.739,MW,NL,NL,actual_offshore_wind_generation,Wind Offshore | Actual Consumption,2026-09-24T04:41:40Z
2026-09-24T04:38:50Z,2026-09-24T06:38:50+0200,3c6ea73a-8935-4563-9159-861abf60a62a,2026-09-19T12:30:00Z,2026-09-19T14:30:00+0200,3973.854,MW,NL,NL,actual_offshore_wind_generation,Wind Offshore | Actual Aggregated,2026-09-24T04:41:40Z
2026-09-24T04:38:50Z,2026-09-24T06:38:50+0200,3c6ea73a-8935-4563-9159-861abf60a62a,2026-09-19T12:30:00Z,2026-09-19T14:30:00+0200,18.792,MW,NL,NL,actual_offshore_wind_generation,Wind Offshore | Actual Consumption,2026-09-24T04:41:40Z
2026-09-24T04:38:50Z,2026-09-24T06:38:50+0200,3c6ea73a-8935-4563-9159-861abf60a62a,2026-09-19T12:45:00Z,2026-09-19T14:45:00+0200,3987.555,MW,NL,NL,actual_offshore_wind_generation,Wind Offshore | Actual Aggregated,2026-09-24T04:41:40Z
2026-09-24T04:38:50Z,2026-09-24T06:38:50+0200,3c6ea73a-8935-4563-9159-861abf60a62a,2026-09-19T12:45:00Z,2026-09-19T14:45:00+0200,18.768,MW,NL,NL,actual_offshore_wind_generation,Wind Offshore | Actual Consumption,2026-09-24T04:41:40Z
2026-09-24T04:38:50Z,2026-09-24T06:38:50+0200,3c6ea73a-8935-4563-9159-861abf60a62a,2026-09-19T13:00:00Z,2026-09-19T15:00:00+0200,3970.777,MW,NL,NL,actual_offshore_wind_generation,Wind Offshore | Actual Aggregated,2026-09-24T04:41:40Z
2026-09-24T04:38:50Z,2026-09-24T06:38:50+0200,3c6ea73a-8935-4563-9159-861abf60a62a,2026-09-19T13:00:00Z,2026-09-19T15:00:00+0200,18.765,MW,NL,NL,actual_offshore_wind_generation,Wind Offshore | Actual Consumption,2026-09-24T04:41:40Z
2026-09-24T04:38:50Z,2026-09-24T06:38:50+0200,3c6ea73a-8935-4563-9159-861abf60a62a,2026-09-19T13:15:00Z,2026-09-19T15:15:00+0200,3968.908,MW,NL,NL,actual_offshore_wind_generation,Wind Offshore | Actual Aggregated,2026-09-24T04:41:40Z
2026-09-24T04:38:50Z,2026-09-24T06:38:50+0200,3c6ea73a-8935-4563-9159-861abf60a62a,2026-09-19T13:15:00Z,2026-09-19T15:15:00+0200,18.789,MW,NL,NL,actual_offshore_wind_generation,Wind Offshore | Actual Consumption,2026-09-24T04:41:40Z
2026-09-24T04:38:50Z,2026-09-24T06:38:50+0200,3c6ea73a-8935-4563-9159-861abf60a62a,2026-09-19T13:30:00Z,2026-09-19T15:30:00+0200,3968.791,MW,NL,NL,actual_offshore_wind_generation,Wind Offshore | Actual Aggregated,2026-09-24T04:41:40Z
2026-09-24T04:38:50Z,2026-09-24T06:38:50+0200,3c6ea73a-8935-4563-9159-861abf60a62a,2026-09-19T13:30:00Z,2026-09-19T15:30:00+0200,18.811,MW,NL,NL,actual_offshore_wind_generation,Wind Offshore | Actual Consumption,2026-09-24T04:41:40Z
2026-09-24T04:38:50Z,2026-09-24T06:38:50+0200,3c6ea73a-8935-4563-9159-861abf60a62a,2026-09-19T13:45:00Z,2026-09-19T15:45:00+0200,3973.028,MW,NL,NL,actual_offshore_wind_generation,Wind Offshore | Actual Aggregated,2026-09-24T04:41:40Z
2026-09-24T04:38:50Z,2026-09-24T06:38:50+0200,3c6ea73a-8935-4563-9159-861abf60a62a,2026-09-19T13:45:00Z,2026-09-19T15:45:00+0200,18.676,MW,NL,NL,actual_offshore_wind_generation,Wind Offshore | Actual Consumption,2026-09-24T04:41:40Z
2026-09-24T04:38:50Z,2026-09-24T06:38:50+0200,3c6ea73a-8935-4563-9159-861abf60a62a,2026-09-19T14:00:00Z,2026-09-19T16:00:00+0200,3968.255,MW,NL,NL,actual_offshore_wind_generation,Wind Offshore | Actual Aggregated,2026-09-24T04:41:40Z
2026-09-24T04:38:50Z,2026-09-24T06:38:50+0200,3c6ea73a-8935-4563-9159-861abf60a62a,2026-09-19T14:00:00Z,2026-09-19T16:00:00+0200,18.771,MW,NL,NL,actual_offshore_wind_generation,Wind Offshore | Actual Consumption,2026-09-24T04:41:40Z
2026-09-24T04:38:50Z,2026-09-24T06:38:50+0200,3c6ea73a-8935-4563-9159-861abf60a62a,2026-09-19T14:15:00Z,2026-09-19T16:15:00+0200,3988.484,MW,NL,NL,actual_offshore_wind_generation,Wind Offshore | Actual Aggregated,2026-09-24T04:41:40Z
2026-09-24T04:38:50Z,2026-09-24T06:38:50+0200,3c6ea73a-8935-4563-9159-861abf60a62a,2026-09-19T14:15:00Z,2026-09-19T16:15:00+0200,18.756,MW,NL,NL,actual_offshore_wind_generation,Wind Offshore | Actual Consumption,2026-09-24T04:41:40Z
2026-09-24T04:38:50Z,2026-09-24T06:38:50+0200,3c6ea73a-8935-4563-9159-861abf60a62a,2026-09-19T14:30:00Z,2026-09-19T16:30:00+0200,3992.688,MW,NL,NL,actual_offshore_wind_generation,Wind Offshore | Actual Aggregated,2026-09-24T04:41:40Z
2026-09-24T04:38:50Z,2026-09-24T06:38:50+0200,3c6ea73a-8935-4563-9159-861abf60a62a,2026-09-19T14:30:00Z,2026-09-19T16:30:00+0200,18.578,MW,NL,NL,actual_offshore_wind_generation,Wind Offshore | Actual Consumption,2026-09-24T04:41:40Z
2026-09-24T04:38:50Z,2026-09-24T06:38:50+0200,3c6ea73a-8935-4563-9159-861abf60a62a,2026-09-19T14:45:00Z,2026-09-19T16:45:00+0200,3884.726,MW,NL,NL,actual_offshore_wind_generation,Wind Offshore | Actual Aggregated,2026-09-24T04:41:40Z
2026-09-24T04:38:50Z,2026-09-24T06:38:50+0200,3c6ea73a-8935-4563-9159-861abf60a62a,2026-09-19T14:45:00Z,2026-09-19T16:45:00+0200,12.377,MW,NL,NL,actual_offshore_wind_generation,Wind Offshore | Actual Consumption,2026-09-24T04:41:40Z
2026-09-24T04:38:50Z,2026-09-24T06:38:50+0200,3c6ea73a-8935-4563-9159-861abf60a62a,2026-09-19T15:00:00Z,2026-09-19T17:00:00+0200,3970.767,MW,NL,NL,actual_offshore_wind_generation,Wind Offshore | Actual Aggregated,2026-09-24T04:41:40Z
2026-09-24T04:38:50Z,2026-09-24T06:38:50+0200,3c6ea73a-8935-4563-9159-861abf60a62a,2026-09-19T15:00:00Z,2026-09-19T17:00:00+0200,18.747,MW,NL,NL,actual_offshore_wind_generation,Wind Offshore | Actual Consumption,2026-09-24T04:41:40Z
2026-09-24T04:38:50Z,2026-09-24T06:38:50+0200,3c6ea73a-8935-4563-9159-861abf60a62a,2026-09-19T15:15:00Z,2026-09-19T17:15:00+0200,3997.218,MW,NL,NL,actual_offshore_wind_generation,Wind Offshore | Actual Aggregated,2026-09-24T04:41:40Z
2026-09-24T04:38:50Z,2026-09-24T06:38:50+0200,3c6ea73a-8935-4563-9159-861abf60a62a,2026-09-19T15:15:00Z,2026-09-19T17:15:00+0200,18.773,MW,NL,NL,actual_offshore_wind_generation,Wind Offshore | Actual Consumption,2026-09-24T04:41:40Z
2026-09-24T04:38:50Z,2026-09-24T06:38:50+0200,3c6ea73a-8935-4563-9159-861abf60a62a,2026-09-19T15:30:00Z,2026-09-19T17:30:00+0200,4000.636,MW,NL,NL,actual_offshore_wind_generation,Wind Offshore | Actual Aggregated,2026-09-24T04:41:40Z
2026-09-24T04:38:50Z,2026-09-24T06:38:50+0200,3c6ea73a-8935-4563-9159-861abf60a62a,2026-09-19T15:30:00Z,2026-09-19T17:30:00+0200,18.825,MW,NL,NL,actual_offshore_wind_generation,Wind Offshore | Actual Consumption,2026-09-24T04:41:40Z
2026-09-24T04:38:50Z,2026-09-24T06:38:50+0200,3c6ea73a-8935-4563-9159-861abf60a62a,2026-09-19T15:45:00Z,2026-09-19T17:45:00+0200,4005.931,MW,NL,NL,actual_offshore_wind_generation,Wind Offshore | Actual Aggregated,2026-09-24T04:41:40Z
2026-09-24T04:38:50Z,2026-09-24T06:38:50+0200,3c6ea73a-8935-4563-9159-861abf60a62a,2026-09-19T15:45:00Z,2026-09-19T17:45:00+0200,18.757,MW,NL,NL,actual_offshore_wind_generation,Wind Offshore | Actual Consumption,2026-09-24T04:41:40Z
2026-09-24T04:38:50Z,2026-09-24T06:38:50+0200,3c6ea73a-8935-4563-9159-861abf60a62a,2026-09-19T16:00:00Z,2026-09-19T18:00:00+0200,4036.612,MW,NL,NL,actual_offshore_wind_generation,Wind Offshore | Actual Aggregated,2026-09-24T04:41:40Z
2026-09-24T04:38:50Z,2026-09-24T06:38:50+0200,3c6ea73a-8935-4563-9159-861abf60a62a,2026-09-19T16:00:00Z,2026-09-19T18:00:00+0200,18.721,MW,NL,NL,actual_offshore_wind_generation,Wind Offshore | Actual Consumption,2026-09-24T04:41:40Z
2026-09-24T04:38:50Z,2026-09-24T06:38:50+0200,3c6ea73a-8935-4563-9159-861abf60a62a,2026-09-19T16:15:00Z,2026-09-19T18:15:00+0200,4043.503,MW,NL,NL,actual_offshore_wind_generation,Wind Offshore | Actual Aggregated,2026-09-24T04:41:40Z
2026-09-24T04:38:50Z,2026-09-24T06:38:50+0200,3c6ea73a-8935-4563-9159-861abf60a62a,2026-09-19T16:15:00Z,2026-09-19T18:15:00+0200,18.821,MW,NL,NL,actual_offshore_wind_generation,Wind Offshore | Actual Consumption,2026-09-24T04:41:40Z
2026-09-24T04:38:50Z,2026-09-24T06:38:50+0200,3c6ea73a-8935-4563-9159-861abf60a62a,2026-09-19T16:30:00Z,2026-09-19T18:30:00+0200,4032.732,MW,NL,NL,actual_offshore_wind_generation,Wind Offshore | Actual Aggregated,2026-09-24T04:41:40Z
2026-09-24T04:38:50Z,2026-09-24T06:38:50+0200,3c6ea73a-8935-4563-9159-861abf60a62a,2026-09-19T16:30:00Z,2026-09-19T18:30:00+0200,18.815,MW,NL,NL,actual_offshore_wind_generation,Wind Offshore | Actual Consumption,2026-09-24T04:41:40Z
2026-09-24T04:38:50Z,2026-09-24T06:38:50+0200,3c6ea73a-8935-4563-9159-861abf60a62a,2026-09-19T16:45:00Z,2026-09-19T18:45:00+0200,4032.694,MW,NL,NL,actual_offshore_wind_generation,Wind Offshore | Actual Aggregated,2026-09-24T04:41:40Z
2026-09-24T04:38:50Z,2026-09-24T06:38:50+0200,3c6ea73a-8935-4563-9159-861abf60a62a,2026-09-19T16:45:00Z,2026-09-19T18:45:00+0200,18.833,MW,NL,NL,actual_offshore_wind_generation,Wind Offshore | Actual Consumption,2026-09-24T04:41:40Z
2026-09-24T04:38:50Z,2026-09-24T06:38:50+0200,3c6ea73a-8935-4563-9159-861abf60a62a,2026-09-19T17:00:00Z,2026-09-19T19:00:00+0200,3981.012,MW,NL,NL,actual_offshore_wind_generation,Wind Offshore | Actual Aggregated,2026-09-24T04:41:40Z
2026-09-24T04:38:50Z,2026-09-24T06:38:50+0200,3c6ea73a-8935-4563-9159-861abf60a62a,2026-09-19T17:00:00Z,2026-09-19T19:00:00+0200,18.847,MW,NL,NL,actual_offshore_wind_generation,Wind Offshore | Actual Consumption,2026-09-24T04:41:40Z
2026-09-24T04:38:50Z,2026-09-24T06:38:50+0200,3c6ea73a-8935-4563-9159-861abf60a62a,2026-09-19T17:15:00Z,2026-09-19T19:15:00+0200,3963.164,MW,NL,NL,actual_offshore_wind_generation,Wind Offshore | Actual Aggregated,2026-09-24T04:41:40Z
2026-09-24T04:38:50Z,2026-09-24T06:38:50+0200,3c6ea73a-8935-4563-9159-861abf60a62a,2026-09-19T17:15:00Z,2026-09-19T19:15:00+0200,18.828,MW,NL,NL,actual_offshore_wind_generation,Wind Offshore | Actual Consumption,2026-09-24T04:41:40Z
2026-09-24T04:38:50Z,2026-09-24T06:38:50+0200,3c6ea73a-8935-4563-9159-861abf60a62a,2026-09-19T17:30:00Z,2026-09-19T19:30:00+0200,3952.554,MW,NL,NL,actual_offshore_wind_generation,Wind Offshore | Actual Aggregated,2026-09-24T04:41:40Z
2026-09-24T04:38:50Z,2026-09-24T06:38:50+0200,3c6ea73a-8935-4563-9159-861abf60a62a,2026-09-19T17:30:00Z,2026-09-19T19:30:00+0200,18.745,MW,NL,NL,actual_offshore_wind_generation,Wind Offshore | Actual Consumption,2026-09-24T04:41:40Z
2026-09-24T04:38:50Z,2026-09-24T06:38:50+0200,3c6ea73a-8935-4563-9159-861abf60a62a,2026-09-19T17:45:00Z,2026-09-19T19:45:00+0200,3809.595,MW,NL,NL,actual_offshore_wind_generation,Wind Offshore | Actual Aggregated,2026-09-24T04:41:40Z
2026-09-24T04:38:50Z,2026-09-24T06:38:50+0200,3c6ea73a-8935-4563-9159-861abf60a62a,2026-09-19T17:45:00Z,2026-09-19T19:45:00+0200,18.809,MW,NL,NL,actual_offshore_wind_generation,Wind Offshore | Actual Consumption,2026-09-24T04:41:40Z
2026-09-24T04:38:50Z,2026-09-24T06:38:50+0200,3c6ea73a-8935-4563-9159-861abf60a62a,2026-09-19T18:00:00Z,2026-09-19T20:00:00+0200,3840.736,MW,NL,NL,actual_offshore_wind_generation,Wind Offshore | Actual Aggregated,2026-09-24T04:41:40Z
2026-09-24T04:38:50Z,2026-09-24T06:38:50+0200,3c6ea73a-8935-4563-9159-861abf60a62a,2026-09-19T18:00:00Z,2026-09-19T20:00:00+0200,18.737,MW,NL,NL,actual_offshore_wind_generation,Wind Offshore | Actual Consumption,2026-09-24T04:41:40Z
2026-09-24T04:38:50Z,2026-09-24T06:38:50+0200,3c6ea73a-8935-4563-9159-861abf60a62a,2026-09-19T18:15:00Z,2026-09-19T20:15:00+0200,3784.343,MW,NL,NL,actual_offshore_wind_generation,Wind Offshore | Actual Aggregated,2026-09-24T04:41:40Z
2026-09-24T04:38:50Z,2026-09-24T06:38:50+0200,3c6ea73a-8935-4563-9159-861abf60a62a,2026-09-19T18:15:00Z,2026-09-19T20:15:00+0200,18.819,MW,NL,NL,actual_offshore_wind_generation,Wind Offshore | Actual Consumption,2026-09-24T04:41:40Z
2026-09-24T04:38:50Z,2026-09-24T06:38:50+0200,3c6ea73a-8935-4563-9159-861abf60a62a,2026-09-19T18:30:00Z,2026-09-19T20:30:00+0200,3810.684,MW,NL,NL,actual_offshore_wind_generation,Wind Offshore | Actual Aggregated,2026-09-24T04:41:40Z
2026-09-24T04:38:50Z,2026-09-24T06:38:50+0200,3c6ea73a-8935-4563-9159-861abf60a62a,2026-09-19T18:30:00Z,2026-09-19T20:30:00+0200,18.848,MW,NL,NL,actual_offshore_wind_generation,Wind Offshore | Actual Consumption,2026-09-24T04:41:40Z
2026-09-24T04:38:50Z,2026-09-24T06:38:50+0200,3c6ea73a-8935-4563-9159-861abf60a62a,2026-09-19T18:45:00Z,2026-09-19T20:45:00+0200,3799.006,MW,NL,NL,actual_offshore_wind_generation,Wind Offshore | Actual Aggregated,2026-09-24T04:41:40Z
2026-09-24T04:38:50Z,2026-09-24T06:38:50+0200,3c6ea73a-8935-4563-9159-861abf60a62a,2026-09-19T18:45:00Z,2026-09-19T20:45:00+0200,18.793,MW,NL,NL,actual_offshore_wind_generation,Wind Offshore | Actual Consumption,2026-09-24T04:41:40Z
2026-09-24T04:38:50Z,2026-09-24T06:38:50+0200,3c6ea73a-8935-4563-9159-861abf60a62a,2026-09-19T19:00:00Z,2026-09-19T21:00:00+0200,3798.119,MW,NL,NL,actual_offshore_wind_generation,Wind Offshore | Actual Aggregated,2026-09-24T04:41:40Z
2026-09-24T04:38:50Z,2026-09-24T06:38:50+0200,3c6ea73a-8935-4563-9159-861abf60a62a,2026-09-19T19:00:00Z,2026-09-19T21:00:00+0200,18.757,MW,NL,NL,actual_offshore_wind_generation,Wind Offshore | Actual Consumption,2026-09-24T04:41:40Z
2026-09-24T04:38:50Z,2026-09-24T06:38:50+0200,3c6ea73a-8935-4563-9159-861abf60a62a,2026-09-19T19:15:00Z,2026-09-19T21:15:00+0200,3826.356,MW,NL,NL,actual_offshore_wind_generation,Wind Offshore | Actual Aggregated,2026-09-24T04:41:40Z
2026-09-24T04:38:50Z,2026-09-24T06:38:50+0200,3c6ea73a-8935-4563-9159-861abf60a62a,2026-09-19T19:15:00Z,2026-09-19T21:15:00+0200,18.835,MW,NL,NL,actual_offshore_wind_generation,Wind Offshore | Actual Consumption,2026-09-24T04:41:40Z
2026-09-24T04:38:50Z,2026-09-24T06:38:50+0200,3c6ea73a-8935-4563-9159-861abf60a62a,2026-09-19T19:30:00Z,2026-09-19T21:30:00+0200,3803.881,MW,NL,NL,actual_offshore_wind_generation,Wind Offshore | Actual Aggregated,2026-09-24T04:41:40Z
2026-09-24T04:38:50Z,2026-09-24T06:38:50+0200,3c6ea73a-8935-4563-9159-861abf60a62a,2026-09-19T19:30:00Z,2026-09-19T21:30:00+0200,18.771,MW,NL,NL,actual_offshore_wind_generation,Wind Offshore | Actual Consumption,2026-09-24T04:41:40Z
2026-09-24T04:38:50Z,2026-09-24T06:38:50+0200,3c6ea73a-8935-4563-9159-861abf60a62a,2026-09-19T19:45:00Z,2026-09-19T21:45:00+0200,3798.524,MW,NL,NL,actual_offshore_wind_generation,Wind Offshore | Actual Aggregated,2026-09-24T04:41:40Z
2026-09-24T04:38:50Z,2026-09-24T06:38:50+0200,3c6ea73a-8935-4563-9159-861abf60a62a,2026-09-19T19:45:00Z,2026-09-19T21:45:00+0200,18.791,MW,NL,NL,actual_offshore_wind_generation,Wind Offshore | Actual Consumption,2026-09-24T04:41:40Z
2026-09-24T04:38:50Z,2026-09-24T06:38:50+0200,3c6ea73a-8935-4563-9159-861abf60a62a,2026-09-19T20:00:00Z,2026-09-19T22:00:00+0200,3752.705,MW,NL,NL,actual_offshore_wind_generation,Wind Offshore | Actual Aggregated,2026-09-24T04:41:40Z
2026-09-24T04:38:50Z,2026-09-24T06:38:50+0200,3c6ea73a-8935-4563-9159-861abf60a62a,2026-09-19T20:00:00Z,2026-09-19T22:00:00+0200,18.768,MW,NL,NL,actual_offshore_wind_generation,Wind Offshore | Actual Consumption,2026-09-24T04:41:40Z
2026-09-24T04:38:50Z,2026-09-24T06:38:50+0200,3c6ea73a-8935-4563-9159-861abf60a62a,2026-09-19T20:15:00Z,2026-09-19T22:15:00+0200,3855.278,MW,NL,NL,actual_offshore_wind_generation,Wind Offshore | Actual Aggregated,2026-09-24T04:41:40Z
2026-09-24T04:38:50Z,2026-09-24T06:38:50+0200,3c6ea73a-8935-4563-9159-861abf60a62a,2026-09-19T20:15:00Z,2026-09-19T22:15:00+0200,18.764,MW,NL,NL,actual_offshore_wind_generation,Wind Offshore | Actual Consumption,2026-09-24T04:41:40Z
2026-09-24T04:38:50Z,2026-09-24T06:38:50+0200,3c6ea73a-8935-4563-9159-861abf60a62a,2026-09-19T20:30:00Z,2026-09-19T22:30:00+0200,3857.692,MW,NL,NL,actual_offshore_wind_generation,Wind Offshore | Actual Aggregated,2026-09-24T04:41:40Z
2026-09-24T04:38:50Z,2026-09-24T06:38:50+0200,3c6ea73a-8935-4563-9159-861abf60a62a,2026-09-19T20:30:00Z,2026-09-19T22:30:00+0200,18.77,MW,NL,NL,actual_offshore_wind_generation,Wind Offshore | Actual Consumption,2026-09-24T04:41:40Z
2026-09-24T04:38:50Z,2026-09-24T06:38:50+0200,3c6ea73a-8935-4563-9159-861abf60a62a,2026-09-19T20:45:00Z,2026-09-19T22:45:00+0200,3848.922,MW,NL,NL,actual_offshore_wind_generation,Wind Offshore | Actual Aggregated,2026-09-24T04:41:40Z
2026-09-24T04:38:50Z,2026-09-24T06:38:50+0200,3c6ea73a-8935-4563-9159-861abf60a62a,2026-09-19T20:45:00Z,2026-09-19T22:45:00+0200,18.733,MW,NL,NL,actual_offshore_wind_generation,Wind Offshore | Actual Consumption,2026-09-24T04:41:40Z
2026-09-24T04:38:50Z,2026-09-24T06:38:50+0200,3c6ea73a-8935-4563-9159-861abf60a62a,2026-09-19T21:00:00Z,2026-09-19T23:00:00+0200,3863.231,MW,NL,NL,actual_offshore_wind_generation,Wind Offshore | Actual Aggregated,2026-09-24T04:41:40Z
2026-09-24T04:38:50Z,2026-09-24T06:38:50+0200,3c6ea73a-8935-4563-9159-861abf60a62a,2026-09-19T21:00:00Z,2026-09-19T23:00:00+0200,4.359,MW,NL,NL,actual_offshore_wind_generation,Wind Offshore | Actual Consumption,2026-09-24T04:41:40Z
2026-09-24T04:38:50Z,2026-09-24T06:38:50+0200,3c6ea73a-8935-4563-9159-861abf60a62a,2026-09-19T21:15:00Z,2026-09-19T23:15:00+0200,3883.609,MW,NL,NL,actual_offshore_wind_generation,Wind Offshore | Actual Aggregated,2026-09-24T04:41:40Z
2026-09-24T04:38:50Z,2026-09-24T06:38:50+0200,3c6ea73a-8935-4563-9159-861abf60a62a,2026-09-19T21:15:00Z,2026-09-19T23:15:00+0200,7.043,MW,NL,NL,actual_offshore_wind_generation,Wind Offshore | Actual Consumption,2026-09-24T04:41:40Z
2026-09-24T04:38:50Z,2026-09-24T06:38:50+0200,3c6ea73a-8935-4563-9159-861abf60a62a,2026-09-19T21:30:00Z,2026-09-19T23:30:00+0200,3787.427,MW,NL,NL,actual_offshore_wind_generation,Wind Offshore | Actual Aggregated,2026-09-24T04:41:40Z
2026-09-24T04:38:50Z,2026-09-24T06:38:50+0200,3c6ea73a-8935-4563-9159-861abf60a62a,2026-09-19T21:30:00Z,2026-09-19T23:30:00+0200,18.824,MW,NL,NL,actual_offshore_wind_generation,Wind Offshore | Actual Consumption,2026-09-24T04:41:40Z
2026-09-24T04:38:50Z,2026-09-24T06:38:50+0200,3c6ea73a-8935-4563-9159-861abf60a62a,2026-09-19T21:45:00Z,2026-09-19T23:45:00+0200,3690.835,MW,NL,NL,actual_offshore_wind_generation,Wind Offshore | Actual Aggregated,2026-09-24T04:41:40Z
2026-09-24T04:38:50Z,2026-09-24T06:38:50+0200,3c6ea73a-8935-4563-9159-861abf60a62a,2026-09-19T21:45:00Z,2026-09-19T23:45:00+0200,18.709,MW,NL,NL,actual_offshore_wind_generation,Wind Offshore | Actual Consumption,2026-09-24T04:41:40Z
2026-09-24T04:38:50Z,2026-09-24T06:38:50+0200,3c6ea73a-8935-4563-9159-861abf60a62a,2026-09-19T22:00:00Z,2026-09-20T00:00:00+0200,3908.081,MW,NL,NL,actual_offshore_wind_generation,Wind Offshore | Actual Aggregated,2026-09-24T04:41:40Z
2026-09-24T04:38:50Z,2026-09-24T06:38:50+0200,3c6ea73a-8935-4563-9159-861abf60a62a,2026-09-19T22:00:00Z,2026-09-20T00:00:00+0200,18.697,MW,NL,NL,actual_offshore_wind_generation,Wind Offshore | Actual Consumption,2026-09-24T04:41:40Z
2026-09-24T04:38:50Z,2026-09-24T06:38:50+0200,3c6ea73a-8935-4563-9159-861abf60a62a,2026-09-19T22:15:00Z,2026-09-20T00:15:00+0200,3919.93,MW,NL,NL,actual_offshore_wind_generation,Wind Offshore | Actual Aggregated,2026-09-24T04:41:40Z
2026-09-24T04:38:50Z,2026-09-24T06:38:50+0200,3c6ea73a-8935-4563-9159-861abf60a62a,2026-09-19T22:15:00Z,2026-09-20T00:15:00+0200,18.799,MW,NL,NL,actual_offshore_wind_generation,Wind Offshore | Actual Consumption,2026-09-24T04:41:40Z
2026-09-24T04:38:50Z,2026-09-24T06:38:50+0200,3c6ea73a-8935-4563-9159-861abf60a62a,2026-09-19T22:30:00Z,2026-09-20T00:30:00+0200,3886.109,MW,NL,NL,actual_offshore_wind_generation,Wind Offshore | Actual Aggregated,2026-09-24T04:41:40Z
2026-09-24T04:38:50Z,2026-09-24T06:38:50+0200,3c6ea73a-8935-4563-9159-861abf60a62a,2026-09-19T22:30:00Z,2026-09-20T00:30:00+0200,18.827,MW,NL,NL,actual_offshore_wind_generation,Wind Offshore | Actual Consumption,2026-09-24T04:41:40Z
2026-09-24T04:38:50Z,2026-09-24T06:38:50+0200,3c6ea73a-8935-4563-9159-861abf60a62a,2026-09-19T22:45:00Z,2026-09-20T00:45:00+0200,3824.459,MW,NL,NL,actual_offshore_wind_generation,Wind Offshore | Actual Aggregated,2026-09-24T04:41:40Z
2026-09-24T04:38:50Z,2026-09-24T06:38:50+0200,3c6ea73a-8935-4563-9159-861abf60a62a,2026-09-19T22:45:00Z,2026-09-20T00:45:00+0200,18.796,MW,NL,NL,actual_offshore_wind_generation,Wind Offshore | Actual Consumption,2026-09-24T04:41:40Z
2026-09-24T04:38:50Z,2026-09-24T06:38:50+0200,3c6ea73a-8935-4563-9159-861abf60a62a,2026-09-19T23:00:00Z,2026-09-20T01:00:00+0200,3785.601,MW,NL,NL,actual_offshore_wind_generation,Wind Offshore | Actual Aggregated,2026-09-24T04:41:40Z
2026-09-24T04:38:50Z,2026-09-24T06:38:50+0200,3c6ea73a-8935-4563-9159-861abf60a62a,2026-09-19T23:00:00Z,2026-09-20T01:00:00+0200,18.78,MW,NL,NL,actual_offshore_wind_generation,Wind Offshore | Actual Consumption,2026-09-24T04:41:40Z
2026-09-24T04:38:50Z,2026-09-24T06:38:50+0200,3c6ea73a-8935-4563-9159-861abf60a62a,2026-09-19T23:15:00Z,2026-09-20T01:15:00+0200,3705.231,MW,NL,NL,actual_offshore_wind_generation,Wind Offshore | Actual Aggregated,2026-09-24T04:41:40Z
2026-09-24T04:38:50Z,2026-09-24T06:38:50+0200,3c6ea73a-8935-4563-9159-861abf60a62a,2026-09-19T23:15:00Z,2026-09-20T01:15:00+0200,18.806,MW,NL,NL,actual_offshore_wind_generation,Wind Offshore | Actual Consumption,2026-09-24T04:41:40Z
2026-09-24T04:38:50Z,2026-09-24T06:38:50+0200,3c6ea73a-8935-4563-9159-861abf60a62a,2026-09-19T23:30:00Z,2026-09-20T01:30:00+0200,3679.2,MW,NL,NL,actual_offshore_wind_generation,Wind Offshore | Actual Aggregated,2026-09-24T04:41:40Z
2026-09-24T04:38:50Z,2026-09-24T06:38:50+0200,3c6ea73a-8935-4563-9159-861abf60a62a,2026-09-19T23:30:00Z,2026-09-20T01:30:00+0200,18.77,MW,NL,NL,actual_offshore_wind_generation,Wind Offshore | Actual Consumption,2026-09-24T04:41:40Z
2026-09-24T04:38:50Z,2026-09-24T06:38:50+0200,3c6ea73a-8935-4563-9159-861abf60a62a,2026-09-19T23:45:00Z,2026-09-20T01:45:00+0200,3665.87,MW,NL,NL,actual_offshore_wind_generation,Wind Offshore | Actual Aggregated,2026-09-24T04:41:40Z
2026-09-24T04:38:50Z,2026-09-24T06:38:50+0200,3c6ea73a-8935-4563-9159-861abf60a62a,2026-09-19T23:45:00Z,2026-09-20T01:45:00+0200,18.587,MW,NL,NL,actual_offshore_wind_generation,Wind Offshore | Actual Consumption,2026-09-24T04:41:40Z
2026-09-24T04:38:50Z,2026-09-24T06:38:50+0200,3c6ea73a-8935-4563-9159-861abf60a62a,2026-09-20T00:00:00Z,2026-09-20T02:00:00+0200,3701.201,MW,NL,NL,actual_offshore_wind_generation,Wind Offshore | Actual Aggregated,2026-09-24T04:41:40Z
2026-09-24T04:38:50Z,2026-09-24T06:38:50+0200,3c6ea73a-8935-4563-9159-861abf60a62a,2026-09-20T00:00:00Z,2026-09-20T02:00:00+0200,18.188,MW,NL,NL,actual_offshore_wind_generation,Wind Offshore | Actual Consumption,2026-09-24T04:41:40Z
2026-09-24T04:38:50Z,2026-09-24T06:38:50+0200,3c6ea73a-8935-4563-9159-861abf60a62a,2026-09-20T00:15:00Z,2026-09-20T02:15:00+0200,3707.726,MW,NL,NL,actual_offshore_wind_generation,Wind Offshore | Actual Aggregated,2026-09-24T04:41:40Z
2026-09-24T04:38:50Z,2026-09-24T06:38:50+0200,3c6ea73a-8935-4563-9159-861abf60a62a,2026-09-20T00:15:00Z,2026-09-20T02:15:00+0200,17.644,MW,NL,NL,actual_offshore_wind_generation,Wind Offshore | Actual Consumption,2026-09-24T04:41:40Z
2026-09-24T04:38:50Z,2026-09-24T06:38:50+0200,3c6ea73a-8935-4563-9159-861abf60a62a,2026-09-20T00:30:00Z,2026-09-20T02:30:00+0200,3692.679,MW,NL,NL,actual_offshore_wind_generation,Wind Offshore | Actual Aggregated,2026-09-24T04:41:40Z
2026-09-24T04:38:50Z,2026-09-24T06:38:50+0200,3c6ea73a-8935-4563-9159-861abf60a62a,2026-09-20T00:30:00Z,2026-09-20T02:30:00+0200,18.159,MW,NL,NL,actual_offshore_wind_generation,Wind Offshore | Actual Consumption,2026-09-24T04:41:40Z
2026-09-24T04:38:50Z,2026-09-24T06:38:50+0200,3c6ea73a-8935-4563-9159-861abf60a62a,2026-09-20T00:45:00Z,2026-09-20T02:45:00+0200,3634.058,MW,NL,NL,actual_offshore_wind_generation,Wind Offshore | Actual Aggregated,2026-09-24T04:41:40Z
2026-09-24T04:38:50Z,2026-09-24T06:38:50+0200,3c6ea73a-8935-4563-9159-861abf60a62a,2026-09-20T00:45:00Z,2026-09-20T02:45:00+0200,16.467,MW,NL,NL,actual_offshore_wind_generation,Wind Offshore | Actual Consumption,2026-09-24T04:41:40Z
2026-09-24T04:38:50Z,2026-09-24T06:38:50+0200,3c6ea73a-8935-4563-9159-861abf60a62a,2026-09-20T01:00:00Z,2026-09-20T03:00:00+0200,3573.953,MW,NL,NL,actual_offshore_wind_generation,Wind Offshore | Actual Aggregated,2026-09-24T04:41:40Z
2026-09-24T04:38:50Z,2026-09-24T06:38:50+0200,3c6ea73a-8935-4563-9159-861abf60a62a,2026-09-20T01:00:00Z,2026-09-20T03:00:00+0200,12.088,MW,NL,NL,actual_offshore_wind_generation,Wind Offshore | Actual Consumption,2026-09-24T04:41:40Z
2026-09-24T04:38:50Z,2026-09-24T06:38:50+0200,3c6ea73a-8935-4563-9159-861abf60a62a,2026-09-20T01:15:00Z,2026-09-20T03:15:00+0200,3557.759,MW,NL,NL,actual_offshore_wind_generation,Wind Offshore | Actual Aggregated,2026-09-24T04:41:40Z
2026-09-24T04:38:50Z,2026-09-24T06:38:50+0200,3c6ea73a-8935-4563-9159-861abf60a62a,2026-09-20T01:15:00Z,2026-09-20T03:15:00+0200,15.818,MW,NL,NL,actual_offshore_wind_generation,Wind Offshore | Actual Consumption,2026-09-24T04:41:40Z
2026-09-24T04:38:50Z,2026-09-24T06:38:50+0200,3c6ea73a-8935-4563-9159-861abf60a62a,2026-09-20T01:30:00Z,2026-09-20T03:30:00+0200,3646.276,MW,NL,NL,actual_offshore_wind_generation,Wind Offshore | Actual Aggregated,2026-09-24T04:41:40Z
2026-09-24T04:38:50Z,2026-09-24T06:38:50+0200,3c6ea73a-8935-4563-9159-861abf60a62a,2026-09-20T01:30:00Z,2026-09-20T03:30:00+0200,15.433,MW,NL,NL,actual_offshore_wind_generation,Wind Offshore | Actual Consumption,2026-09-24T04:41:40Z
2026-09-24T04:38:50Z,2026-09-24T06:38:50+0200,3c6ea73a-8935-4563-9159-861abf60a62a,2026-09-20T01:45:00Z,2026-09-20T03:45:00+0200,3510.408,MW,NL,NL,actual_offshore_wind_generation,Wind Offshore | Actual Aggregated,2026-09-24T04:41:40Z
2026-09-24T04:38:50Z,2026-09-24T06:38:50+0200,3c6ea73a-8935-4563-9159-861abf60a62a,2026-09-20T01:45:00Z,2026-09-20T03:45:00+0200,13.449,MW,NL,NL,actual_offshore_wind_generation,Wind Offshore | Actual Consumption,2026-09-24T04:41:40Z
2026-09-24T04:38:50Z,2026-09-24T06:38:50+0200,3c6ea73a-8935-4563-9159-861abf60a62a,2026-09-20T02:00:00Z,2026-09-20T04:00:00+0200,3437.341,MW,NL,NL,actual_offshore_wind_generation,Wind Offshore | Actual Aggregated,2026-09-24T04:41:40Z
2026-09-24T04:38:50Z,2026-09-24T06:38:50+0200,3c6ea73a-8935-4563-9159-861abf60a62a,2026-09-20T02:00:00Z,2026-09-20T04:00:00+0200,12.281,MW,NL,NL,actual_offshore_wind_generation,Wind Offshore | Actual Consumption,2026-09-24T04:41:40Z
2026-09-24T04:38:50Z,2026-09-24T06:38:50+0200,3c6ea73a-8935-4563-9159-861abf60a62a,2026-09-20T02:15:00Z,2026-09-20T04:15:00+0200,3311.448,MW,NL,NL,actual_offshore_wind_generation,Wind Offshore | Actual Aggregated,2026-09-24T04:41:40Z
2026-09-24T04:38:50Z,2026-09-24T06:38:50+0200,3c6ea73a-8935-4563-9159-861abf60a62a,2026-09-20T02:15:00Z,2026-09-20T04:15:00+0200,11.01,MW,NL,NL,actual_offshore_wind_generation,Wind Offshore | Actual Consumption,2026-09-24T04:41:40Z
2026-09-24T04:38:50Z,2026-09-24T06:38:50+0200,3c6ea73a-8935-4563-9159-861abf60a62a,2026-09-20T02:30:00Z,2026-09-20T04:30:00+0200,3350.521,MW,NL,NL,actual_offshore_wind_generation,Wind Offshore | Actual Aggregated,2026-09-24T04:41:40Z
2026-09-24T04:38:50Z,2026-09-24T06:38:50+0200,3c6ea73a-8935-4563-9159-861abf60a62a,2026-09-20T02:30:00Z,2026-09-20T04:30:00+0200,7.555,MW,NL,NL,actual_offshore_wind_generation,Wind Offshore | Actual Consumption,2026-09-24T04:41:40Z
2026-09-24T04:38:50Z,2026-09-24T06:38:50+0200,3c6ea73a-8935-4563-9159-861abf60a62a,2026-09-20T02:45:00Z,2026-09-20T04:45:00+0200,3296.453,MW,NL,NL,actual_offshore_wind_generation,Wind Offshore | Actual Aggregated,2026-09-24T04:41:40Z
2026-09-24T04:38:50Z,2026-09-24T06:38:50+0200,3c6ea73a-8935-4563-9159-861abf60a62a,2026-09-20T02:45:00Z,2026-09-20T04:45:00+0200,8.889,MW,NL,NL,actual_offshore_wind_generation,Wind Offshore | Actual Consumption,2026-09-24T04:41:40Z
2026-09-24T04:38:50Z,2026-09-24T06:38:50+0200,3c6ea73a-8935-4563-9159-861abf60a62a,2026-09-20T03:00:00Z,2026-09-20T05:00:00+0200,3069.714,MW,NL,NL,actual_offshore_wind_generation,Wind Offshore | Actual Aggregated,2026-09-24T04:41:40Z
2026-09-24T04:38:50Z,2026-09-24T06:38:50+0200,3c6ea73a-8935-4563-9159-861abf60a62a,2026-09-20T03:00:00Z,2026-09-20T05:00:00+0200,3.604,MW,NL,NL,actual_offshore_wind_generation,Wind Offshore | Actual Consumption,2026-09-24T04:41:40Z
2026-09-24T04:38:50Z,2026-09-24T06:38:50+0200,3c6ea73a-8935-4563-9159-861abf60a62a,2026-09-20T03:15:00Z,2026-09-20T05:15:00+0200,3054.009,MW,NL,NL,actual_offshore_wind_generation,Wind Offshore | Actual Aggregated,2026-09-24T04:41:40Z
2026-09-24T04:38:50Z,2026-09-24T06:38:50+0200,3c6ea73a-8935-4563-9159-861abf60a62a,2026-09-20T03:15:00Z,2026-09-20T05:15:00+0200,5.805,MW,NL,NL,actual_offshore_wind_generation,Wind Offshore | Actual Consumption,2026-09-24T04:41:40Z
2026-09-24T04:38:50Z,2026-09-24T06:38:50+0200,3c6ea73a-8935-4563-9159-861abf60a62a,2026-09-20T03:30:00Z,2026-09-20T05:30:00+0200,3058.542,MW,NL,NL,actual_offshore_wind_generation,Wind Offshore | Actual Aggregated,2026-09-24T04:41:40Z
2026-09-24T04:38:50Z,2026-09-24T06:38:50+0200,3c6ea73a-8935-4563-9159-861abf60a62a,2026-09-20T03:30:00Z,2026-09-20T05:30:00+0200,6.687,MW,NL,NL,actual_offshore_wind_generation,Wind Offshore | Actual Consumption,2026-09-24T04:41:40Z
2026-09-24T04:38:50Z,2026-09-24T06:38:50+0200,3c6ea73a-8935-4563-9159-861abf60a62a,2026-09-20T03:45:00Z,2026-09-20T05:45:00+0200,3156.268,MW,NL,NL,actual_offshore_wind_generation,Wind Offshore | Actual Aggregated,2026-09-24T04:41:40Z
2026-09-24T04:38:50Z,2026-09-24T06:38:50+0200,3c6ea73a-8935-4563-9159-861abf60a62a,2026-09-20T03:45:00Z,2026-09-20T05:45:00+0200,7.456,MW,NL,NL,actual_offshore_wind_generation,Wind Offshore | Actual Consumption,2026-09-24T04:41:40Z
2026-09-24T04:38:50Z,2026-09-24T06:38:50+0200,3c6ea73a-8935-4563-9159-861abf60a62a,2026-09-20T04:00:00Z,2026-09-20T06:00:00+0200,3249.727,MW,NL,NL,actual_offshore_wind_generation,Wind Offshore | Actual Aggregated,2026-09-24T04:41:40Z
2026-09-24T04:38:50Z,2026-09-24T06:38:50+0200,3c6ea73a-8935-4563-9159-861abf60a62a,2026-09-20T04:00:00Z,2026-09-20T06:00:00+0200,7.461,MW,NL,NL,actual_offshore_wind_generation,Wind Offshore | Actual Consumption,2026-09-24T04:41:40Z
2026-09-24T04:38:50Z,2026-09-24T06:38:50+0200,3c6ea73a-8935-4563-9159-861abf60a62a,2026-09-20T04:15:00Z,2026-09-20T06:15:00+0200,3204.635,MW,NL,NL,actual_offshore_wind_generation,Wind Offshore | Actual Aggregated,2026-09-24T04:41:40Z
2026-09-24T04:38:50Z,2026-09-24T06:38:50+0200,3c6ea73a-8935-4563-9159-861abf60a62a,2026-09-20T04:15:00Z,2026-09-20T06:15:00+0200,7.895,MW,NL,NL,actual_offshore_wind_generation,Wind Offshore | Actual Consumption,2026-09-24T04:41:40Z
2026-09-24T04:38:50Z,2026-09-24T06:38:50+0200,3c6ea73a-8935-4563-9159-861abf60a62a,2026-09-20T04:30:00Z,2026-09-20T06:30:00+0200,3304.212,MW,NL,NL,actual_offshore_wind_generation,Wind Offshore | Actual Aggregated,2026-09-24T04:41:40Z
2026-09-24T04:38:50Z,2026-09-24T06:38:50+0200,3c6ea73a-8935-4563-9159-861abf60a62a,2026-09-20T04:30:00Z,2026-09-20T06:30:00+0200,10.932,MW,NL,NL,actual_offshore_wind_generation,Wind Offshore | Actual Consumption,2026-09-24T04:41:40Z
2026-09-24T04:38:50Z,2026-09-24T06:38:50+0200,3c6ea73a-8935-4563-9159-861abf60a62a,2026-09-20T04:45:00Z,2026-09-20T06:45:00+0200,3386.298,MW,NL,NL,actual_offshore_wind_generation,Wind Offshore | Actual Aggregated,2026-09-24T04:41:40Z
2026-09-24T04:38:50Z,2026-09-24T06:38:50+0200,3c6ea73a-8935-4563-9159-861abf60a62a,2026-09-20T04:45:00Z,2026-09-20T06:45:00+0200,10.609,MW,NL,NL,actual_offshore_wind_generation,Wind Offshore | Actual Consumption,2026-09-24T04:41:40Z
2026-09-24T04:38:50Z,2026-09-24T06:38:50+0200,3c6ea73a-8935-4563-9159-861abf60a62a,2026-09-20T05:00:00Z,2026-09-20T07:00:00+0200,3263.989,MW,NL,NL,actual_offshore_wind_generation,Wind Offshore | Actual Aggregated,2026-09-24T04:41:40Z
2026-09-24T04:38:50Z,2026-09-24T06:38:50+0200,3c6ea73a-8935-4563-9159-861abf60a62a,2026-09-20T05:00:00Z,2026-09-20T07:00:00+0200,8.311,MW,NL,NL,actual_offshore_wind_generation,Wind Offshore | Actual Consumption,2026-09-24T04:41:40Z
2026-09-24T04:38:50Z,2026-09-24T06:38:50+0200,3c6ea73a-8935-4563-9159-861abf60a62a,2026-09-20T05:15:00Z,2026-09-20T07:15:00+0200,3253.784,MW,NL,NL,actual_offshore_wind_generation,Wind Offshore | Actual Aggregated,2026-09-24T04:41:40Z
2026-09-24T04:38:50Z,2026-09-24T06:38:50+0200,3c6ea73a-8935-4563-9159-861abf60a62a,2026-09-20T05:15:00Z,2026-09-20T07:15:00+0200,8.201,MW,NL,NL,actual_offshore_wind_generation,Wind Offshore | Actual Consumption,2026-09-24T04:41:40Z
2026-09-24T04:38:50Z,2026-09-24T06:38:50+0200,3c6ea73a-8935-4563-9159-861abf60a62a,2026-09-20T05:30:00Z,2026-09-20T07:30:00+0200,3213.975,MW,NL,NL,actual_offshore_wind_generation,Wind Offshore | Actual Aggregated,2026-09-24T04:41:40Z
2026-09-24T04:38:50Z,2026-09-24T06:38:50+0200,3c6ea73a-8935-4563-9159-861abf60a62a,2026-09-20T05:30:00Z,2026-09-20T07:30:00+0200,9.713,MW,NL,NL,actual_offshore_wind_generation,Wind Offshore | Actual Consumption,2026-09-24T04:41:40Z
2026-09-24T04:38:50Z,2026-09-24T06:38:50+0200,3c6ea73a-8935-4563-9159-861abf60a62a,2026-09-20T05:45:00Z,2026-09-20T07:45:00+0200,3318.78,MW,NL,NL,actual_offshore_wind_generation,Wind Offshore | Actual Aggregated,2026-09-24T04:41:40Z
2026-09-24T04:38:50Z,2026-09-24T06:38:50+0200,3c6ea73a-8935-4563-9159-861abf60a62a,2026-09-20T05:45:00Z,2026-09-20T07:45:00+0200,12.126,MW,NL,NL,actual_offshore_wind_generation,Wind Offshore | Actual Consumption,2026-09-24T04:41:40Z
2026-09-24T04:38:50Z,2026-09-24T06:38:50+0200,3c6ea73a-8935-4563-9159-861abf60a62a,2026-09-20T06:00:00Z,2026-09-20T08:00:00+0200,3329.602,MW,NL,NL,actual_offshore_wind_generation,Wind Offshore | Actual Aggregated,2026-09-24T04:41:40Z
2026-09-24T04:38:50Z,2026-09-24T06:38:50+0200,3c6ea73a-8935-4563-9159-861abf60a62a,2026-09-20T06:00:00Z,2026-09-20T08:00:00+0200,12.679,MW,NL,NL,actual_offshore_wind_generation,Wind Offshore | Actual Consumption,2026-09-24T04:41:40Z
2026-09-24T04:38:50Z,2026-09-24T06:38:50+0200,3c6ea73a-8935-4563-9159-861abf60a62a,2026-09-20T06:15:00Z,2026-09-20T08:15:00+0200,3385.251,MW,NL,NL,actual_offshore_wind_generation,Wind Offshore | Actual Aggregated,2026-09-24T04:41:40Z
2026-09-24T04:38:50Z,2026-09-24T06:38:50+0200,3c6ea73a-8935-4563-9159-861abf60a62a,2026-09-20T06:15:00Z,2026-09-20T08:15:00+0200,10.69,MW,NL,NL,actual_offshore_wind_generation,Wind Offshore | Actual Consumption,2026-09-24T04:41:40Z
2026-09-24T04:38:50Z,2026-09-24T06:38:50+0200,3c6ea73a-8935-4563-9159-861abf60a62a,2026-09-20T06:30:00Z,2026-09-20T08:30:00+0200,3441.879,MW,NL,NL,actual_offshore_wind_generation,Wind Offshore | Actual Aggregated,2026-09-24T04:41:40Z
2026-09-24T04:38:50Z,2026-09-24T06:38:50+0200,3c6ea73a-8935-4563-9159-861abf60a62a,2026-09-20T06:30:00Z,2026-09-20T08:30:00+0200,11.086,MW,NL,NL,actual_offshore_wind_generation,Wind Offshore | Actual Consumption,2026-09-24T04:41:40Z
2026-09-24T04:38:50Z,2026-09-24T06:38:50+0200,3c6ea73a-8935-4563-9159-861abf60a62a,2026-09-20T06:45:00Z,2026-09-20T08:45:00+0200,3417.207,MW,NL,NL,actual_offshore_wind_generation,Wind Offshore | Actual Aggregated,2026-09-24T04:41:40Z
2026-09-24T04:38:50Z,2026-09-24T06:38:50+0200,3c6ea73a-8935-4563-9159-861abf60a62a,2026-09-20T06:45:00Z,2026-09-20T08:45:00+0200,9.805,MW,NL,NL,actual_offshore_wind_generation,Wind Offshore | Actual Consumption,2026-09-24T04:41:40Z
2026-09-24T04:38:50Z,2026-09-24T06:38:50+0200,3c6ea73a-8935-4563-9159-861abf60a62a,2026-09-20T07:00:00Z,2026-09-20T09:00:00+0200,3408.468,MW,NL,NL,actual_offshore_wind_generation,Wind Offshore | Actual Aggregated,2026-09-24T04:41:40Z
2026-09-24T04:38:50Z,2026-09-24T06:38:50+0200,3c6ea73a-8935-4563-9159-861abf60a62a,2026-09-20T07:00:00Z,2026-09-20T09:00:00+0200,10.133,MW,NL,NL,actual_offshore_wind_generation,Wind Offshore | Actual Consumption,2026-09-24T04:41:40Z
2026-09-24T04:38:50Z,2026-09-24T06:38:50+0200,3c6ea73a-8935-4563-9159-861abf60a62a,2026-09-20T07:15:00Z,2026-09-20T09:15:00+0200,3548.849,MW,NL,NL,actual_offshore_wind_generation,Wind Offshore | Actual Aggregated,2026-09-24T04:41:40Z
2026-09-24T04:38:50Z,2026-09-24T06:38:50+0200,3c6ea73a-8935-4563-9159-861abf60a62a,2026-09-20T07:15:00Z,2026-09-20T09:15:00+0200,6.876,MW,NL,NL,actual_offshore_wind_generation,Wind Offshore | Actual Consumption,2026-09-24T04:41:40Z
2026-09-24T04:38:50Z,2026-09-24T06:38:50+0200,3c6ea73a-8935-4563-9159-861abf60a62a,2026-09-20T07:30:00Z,2026-09-20T09:30:00+0200,3670.31,MW,NL,NL,actual_offshore_wind_generation,Wind Offshore | Actual Aggregated,2026-09-24T04:41:40Z
2026-09-24T04:38:50Z,2026-09-24T06:38:50+0200,3c6ea73a-8935-4563-9159-861abf60a62a,2026-09-20T07:30:00Z,2026-09-20T09:30:00+0200,7.572,MW,NL,NL,actual_offshore_wind_generation,Wind Offshore | Actual Consumption,2026-09-24T04:41:40Z
2026-09-24T04:38:50Z,2026-09-24T06:38:50+0200,3c6ea73a-8935-4563-9159-861abf60a62a,2026-09-20T07:45:00Z,2026-09-20T09:45:00+0200,3642.125,MW,NL,NL,actual_offshore_wind_generation,Wind Offshore | Actual Aggregated,2026-09-24T04:41:40Z
2026-09-24T04:38:50Z,2026-09-24T06:38:50+0200,3c6ea73a-8935-4563-9159-861abf60a62a,2026-09-20T07:45:00Z,2026-09-20T09:45:00+0200,12.83,MW,NL,NL,actual_offshore_wind_generation,Wind Offshore | Actual Consumption,2026-09-24T04:41:40Z
2026-09-24T04:38:50Z,2026-09-24T06:38:50+0200,3c6ea73a-8935-4563-9159-861abf60a62a,2026-09-20T08:00:00Z,2026-09-20T10:00:00+0200,3691.593,MW,NL,NL,actual_offshore_wind_generation,Wind Offshore | Actual Aggregated,2026-09-24T04:41:40Z
2026-09-24T04:38:50Z,2026-09-24T06:38:50+0200,3c6ea73a-8935-4563-9159-861abf60a62a,2026-09-20T08:00:00Z,2026-09-20T10:00:00+0200,13.266,MW,NL,NL,actual_offshore_wind_generation,Wind Offshore | Actual Consumption,2026-09-24T04:41:40Z
2026-09-24T04:38:50Z,2026-09-24T06:38:50+0200,3c6ea73a-8935-4563-9159-861abf60a62a,2026-09-20T08:15:00Z,2026-09-20T10:15:00+0200,3717.842,MW,NL,NL,actual_offshore_wind_generation,Wind Offshore | Actual Aggregated,2026-09-24T04:41:40Z
2026-09-24T04:38:50Z,2026-09-24T06:38:50+0200,3c6ea73a-8935-4563-9159-861abf60a62a,2026-09-20T08:15:00Z,2026-09-20T10:15:00+0200,7.708,MW,NL,NL,actual_offshore_wind_generation,Wind Offshore | Actual Consumption,2026-09-24T04:41:40Z
2026-09-24T04:38:50Z,2026-09-24T06:38:50+0200,3c6ea73a-8935-4563-9159-861abf60a62a,2026-09-20T08:30:00Z,2026-09-20T10:30:00+0200,3676.556,MW,NL,NL,actual_offshore_wind_generation,Wind Offshore | Actual Aggregated,2026-09-24T04:41:40Z
2026-09-24T04:38:50Z,2026-09-24T06:38:50+0200,3c6ea73a-8935-4563-9159-861abf60a62a,2026-09-20T08:30:00Z,2026-09-20T10:30:00+0200,12.456,MW,NL,NL,actual_offshore_wind_generation,Wind Offshore | Actual Consumption,2026-09-24T04:41:40Z
2026-09-24T04:38:50Z,2026-09-24T06:38:50+0200,3c6ea73a-8935-4563-9159-861abf60a62a,2026-09-20T08:45:00Z,2026-09-20T10:45:00+0200,3680.451,MW,NL,NL,actual_offshore_wind_generation,Wind Offshore | Actual Aggregated,2026-09-24T04:41:40Z
2026-09-24T04:38:50Z,2026-09-24T06:38:50+0200,3c6ea73a-8935-4563-9159-861abf60a62a,2026-09-20T08:45:00Z,2026-09-20T10:45:00+0200,16.219,MW,NL,NL,actual_offshore_wind_generation,Wind Offshore | Actual Consumption,2026-09-24T04:41:40Z
2026-09-24T04:38:50Z,2026-09-24T06:38:50+0200,3c6ea73a-8935-4563-9159-861abf60a62a,2026-09-20T09:00:00Z,2026-09-20T11:00:00+0200,3707.686,MW,NL,NL,actual_offshore_wind_generation,Wind Offshore | Actual Aggregated,2026-09-24T04:41:40Z
2026-09-24T04:38:50Z,2026-09-24T06:38:50+0200,3c6ea73a-8935-4563-9159-861abf60a62a,2026-09-20T09:00:00Z,2026-09-20T11:00:00+0200,16.747,MW,NL,NL,actual_offshore_wind_generation,Wind Offshore | Actual Consumption,2026-09-24T04:41:40Z
2026-09-24T04:38:50Z,2026-09-24T06:38:50+0200,3c6ea73a-8935-4563-9159-861abf60a62a,2026-09-20T09:15:00Z,2026-09-20T11:15:00+0200,3675.236,MW,NL,NL,actual_offshore_wind_generation,Wind Offshore | Actual Aggregated,2026-09-24T04:41:40Z
2026-09-24T04:38:50Z,2026-09-24T06:38:50+0200,3c6ea73a-8935-4563-9159-861abf60a62a,2026-09-20T09:15:00Z,2026-09-20T11:15:00+0200,11.351,MW,NL,NL,actual_offshore_wind_generation,Wind Offshore | Actual Consumption,2026-09-24T04:41:40Z
2026-09-24T04:38:50Z,2026-09-24T06:38:50+0200,3c6ea73a-8935-4563-9159-861abf60a62a,2026-09-20T09:30:00Z,2026-09-20T11:30:00+0200,3687.712,MW,NL,NL,actual_offshore_wind_generation,Wind Offshore | Actual Aggregated,2026-09-24T04:41:40Z
2026-09-24T04:38:50Z,2026-09-24T06:38:50+0200,3c6ea73a-8935-4563-9159-861abf60a62a,2026-09-20T09:30:00Z,2026-09-20T11:30:00+0200,10.644,MW,NL,NL,actual_offshore_wind_generation,Wind Offshore | Actual Consumption,2026-09-24T04:41:40Z
2026-09-24T04:38:50Z,2026-09-24T06:38:50+0200,3c6ea73a-8935-4563-9159-861abf60a62a,2026-09-20T09:45:00Z,2026-09-20T11:45:00+0200,3649.236,MW,NL,NL,actual_offshore_wind_generation,Wind Offshore | Actual Aggregated,2026-09-24T04:41:40Z
2026-09-24T04:38:50Z,2026-09-24T06:38:50+0200,3c6ea73a-8935-4563-9159-861abf60a62a,2026-09-20T09:45:00Z,2026-09-20T11:45:00+0200,10.987,MW,NL,NL,actual_offshore_wind_generation,Wind Offshore | Actual Consumption,2026-09-24T04:41:40Z
2026-09-24T04:38:50Z,2026-09-24T06:38:50+0200,3c6ea73a-8935-4563-9159-861abf60a62a,2026-09-20T10:00:00Z,2026-09-20T12:00:00+0200,3526.155,MW,NL,NL,actual_offshore_wind_generation,Wind Offshore | Actual Aggregated,2026-09-24T04:41:40Z
2026-09-24T04:38:50Z,2026-09-24T06:38:50+0200,3c6ea73a-8935-4563-9159-861abf60a62a,2026-09-20T10:00:00Z,2026-09-20T12:00:00+0200,1.985,MW,NL,NL,actual_offshore_wind_generation,Wind Offshore | Actual Consumption,2026-09-24T04:41:40Z
2026-09-24T04:38:50Z,2026-09-24T06:38:50+0200,3c6ea73a-8935-4563-9159-861abf60a62a,2026-09-20T10:15:00Z,2026-09-20T12:15:00+0200,3075.622,MW,NL,NL,actual_offshore_wind_generation,Wind Offshore | Actual Aggregated,2026-09-24T04:41:40Z
2026-09-24T04:38:50Z,2026-09-24T06:38:50+0200,3c6ea73a-8935-4563-9159-861abf60a62a,2026-09-20T10:15:00Z,2026-09-20T12:15:00+0200,1.997,MW,NL,NL,actual_offshore_wind_generation,Wind Offshore | Actual Consumption,2026-09-24T04:41:40Z
2026-09-24T04:38:50Z,2026-09-24T06:38:50+0200,3c6ea73a-8935-4563-9159-861abf60a62a,2026-09-20T10:30:00Z,2026-09-20T12:30:00+0200,3068.859,MW,NL,NL,actual_offshore_wind_generation,Wind Offshore | Actual Aggregated,2026-09-24T04:41:40Z
2026-09-24T04:38:50Z,2026-09-24T06:38:50+0200,3c6ea73a-8935-4563-9159-861abf60a62a,2026-09-20T10:30:00Z,2026-09-20T12:30:00+0200,1.997,MW,NL,NL,actual_offshore_wind_generation,Wind Offshore | Actual Consumption,2026-09-24T04:41:40Z
2026-09-24T04:38:50Z,2026-09-24T06:38:50+0200,3c6ea73a-8935-4563-9159-861abf60a62a,2026-09-20T10:45:00Z,2026-09-20T12:45:00+0200,3062.891,MW,NL,NL,actual_offshore_wind_generation,Wind Offshore | Actual Aggregated,2026-09-24T04:41:40Z
2026-09-24T04:38:50Z,2026-09-24T06:38:50+0200,3c6ea73a-8935-4563-9159-861abf60a62a,2026-09-20T10:45:00Z,2026-09-20T12:45:00+0200,1.975,MW,NL,NL,actual_offshore_wind_generation,Wind Offshore | Actual Consumption,2026-09-24T04:41:40Z
2026-09-24T04:38:50Z,2026-09-24T06:38:50+0200,3c6ea73a-8935-4563-9159-861abf60a62a,2026-09-20T11:00:00Z,2026-09-20T13:00:00+0200,3013.99,MW,NL,NL,actual_offshore_wind_generation,Wind Offshore | Actual Aggregated,2026-09-24T04:41:40Z
2026-09-24T04:38:50Z,2026-09-24T06:38:50+0200,3c6ea73a-8935-4563-9159-861abf60a62a,2026-09-20T11:00:00Z,2026-09-20T13:00:00+0200,2.636,MW,NL,NL,actual_offshore_wind_generation,Wind Offshore | Actual Consumption,2026-09-24T04:41:40Z
2026-09-24T04:38:50Z,2026-09-24T06:38:50+0200,3c6ea73a-8935-4563-9159-861abf60a62a,2026-09-20T11:15:00Z,2026-09-20T13:15:00+0200,2988.883,MW,NL,NL,actual_offshore_wind_generation,Wind Offshore | Actual Aggregated,2026-09-24T04:41:40Z
2026-09-24T04:38:50Z,2026-09-24T06:38:50+0200,3c6ea73a-8935-4563-9159-861abf60a62a,2026-09-20T11:15:00Z,2026-09-20T13:15:00+0200,2.71,MW,NL,NL,actual_offshore_wind_generation,Wind Offshore | Actual Consumption,2026-09-24T04:41:40Z
2026-09-24T04:38:50Z,2026-09-24T06:38:50+0200,3c6ea73a-8935-4563-9159-861abf60a62a,2026-09-20T11:30:00Z,2026-09-20T13:30:00+0200,2965.735,MW,NL,NL,actual_offshore_wind_generation,Wind Offshore | Actual Aggregated,2026-09-24T04:41:40Z
2026-09-24T04:38:50Z,2026-09-24T06:38:50+0200,3c6ea73a-8935-4563-9159-861abf60a62a,2026-09-20T11:30:00Z,2026-09-20T13:30:00+0200,2.777,MW,NL,NL,actual_offshore_wind_generation,Wind Offshore | Actual Consumption,2026-09-24T04:41:40Z
2026-09-24T04:38:50Z,2026-09-24T06:38:50+0200,3c6ea73a-8935-4563-9159-861abf60a62a,2026-09-20T11:45:00Z,2026-09-20T13:45:00+0200,2921.618,MW,NL,NL,actual_offshore_wind_generation,Wind Offshore | Actual Aggregated,2026-09-24T04:41:40Z
2026-09-24T04:38:50Z,2026-09-24T06:38:50+0200,3c6ea73a-8935-4563-9159-861abf60a62a,2026-09-20T11:45:00Z,2026-09-20T13:45:00+0200,2.984,MW,NL,NL,actual_offshore_wind_generation,Wind Offshore | Actual Consumption,2026-09-24T04:41:40Z
2026-09-24T04:38:50Z,2026-09-24T06:38:50+0200,3c6ea73a-8935-4563-9159-861abf60a62a,2026-09-20T12:00:00Z,2026-09-20T14:00:00+0200,2912.265,MW,NL,NL,actual_offshore_wind_generation,Wind Offshore | Actual Aggregated,2026-09-24T04:41:40Z
2026-09-24T04:38:50Z,2026-09-24T06:38:50+0200,3c6ea73a-8935-4563-9159-861abf60a62a,2026-09-20T12:00:00Z,2026-09-20T14:00:00+0200,2.592,MW,NL,NL,actual_offshore_wind_generation,Wind Offshore | Actual Consumption,2026-09-24T04:41:40Z
2026-09-24T04:38:50Z,2026-09-24T06:38:50+0200,3c6ea73a-8935-4563-9159-861abf60a62a,2026-09-20T12:15:00Z,2026-09-20T14:15:00+0200,2806.725,MW,NL,NL,actual_offshore_wind_generation,Wind Offshore | Actual Aggregated,2026-09-24T04:41:40Z
2026-09-24T04:38:50Z,2026-09-24T06:38:50+0200,3c6ea73a-8935-4563-9159-861abf60a62a,2026-09-20T12:15:00Z,2026-09-20T14:15:00+0200,2.639,MW,NL,NL,actual_offshore_wind_generation,Wind Offshore | Actual Consumption,2026-09-24T04:41:40Z
2026-09-24T04:38:50Z,2026-09-24T06:38:50+0200,3c6ea73a-8935-4563-9159-861abf60a62a,2026-09-20T12:30:00Z,2026-09-20T14:30:00+0200,2785.693,MW,NL,NL,actual_offshore_wind_generation,Wind Offshore | Actual Aggregated,2026-09-24T04:41:40Z
2026-09-24T04:38:50Z,2026-09-24T06:38:50+0200,3c6ea73a-8935-4563-9159-861abf60a62a,2026-09-20T12:30:00Z,2026-09-20T14:30:00+0200,2.323,MW,NL,NL,actual_offshore_wind_generation,Wind Offshore | Actual Consumption,2026-09-24T04:41:40Z
2026-09-24T04:38:50Z,2026-09-24T06:38:50+0200,3c6ea73a-8935-4563-9159-861abf60a62a,2026-09-20T12:45:00Z,2026-09-20T14:45:00+0200,2842.214,MW,NL,NL,actual_offshore_wind_generation,Wind Offshore | Actual Aggregated,2026-09-24T04:41:40Z
2026-09-24T04:38:50Z,2026-09-24T06:38:50+0200,3c6ea73a-8935-4563-9159-861abf60a62a,2026-09-20T12:45:00Z,2026-09-20T14:45:00+0200,2.24,MW,NL,NL,actual_offshore_wind_generation,Wind Offshore | Actual Consumption,2026-09-24T04:41:40Z
2026-09-24T04:38:50Z,2026-09-24T06:38:50+0200,3c6ea73a-8935-4563-9159-861abf60a62a,2026-09-20T13:00:00Z,2026-09-20T15:00:00+0200,2765.233,MW,NL,NL,actual_offshore_wind_generation,Wind Offshore | Actual Aggregated,2026-09-24T04:41:40Z
2026-09-24T04:38:50Z,2026-09-24T06:38:50+0200,3c6ea73a-8935-4563-9159-861abf60a62a,2026-09-20T13:00:00Z,2026-09-20T15:00:00+0200,2.636,MW,NL,NL,actual_offshore_wind_generation,Wind Offshore | Actual Consumption,2026-09-24T04:41:40Z
2026-09-24T04:38:50Z,2026-09-24T06:38:50+0200,3c6ea73a-8935-4563-9159-861abf60a62a,2026-09-20T13:15:00Z,2026-09-20T15:15:00+0200,2829.075,MW,NL,NL,actual_offshore_wind_generation,Wind Offshore | Actual Aggregated,2026-09-24T04:41:40Z
2026-09-24T04:38:50Z,2026-09-24T06:38:50+0200,3c6ea73a-8935-4563-9159-861abf60a62a,2026-09-20T13:15:00Z,2026-09-20T15:15:00+0200,2.425,MW,NL,NL,actual_offshore_wind_generation,Wind Offshore | Actual Consumption,2026-09-24T04:41:40Z
2026-09-24T04:38:50Z,2026-09-24T06:38:50+0200,3c6ea73a-8935-4563-9159-861abf60a62a,2026-09-20T13:30:00Z,2026-09-20T15:30:00+0200,2949.131,MW,NL,NL,actual_offshore_wind_generation,Wind Offshore | Actual Aggregated,2026-09-24T04:41:40Z
2026-09-24T04:38:50Z,2026-09-24T06:38:50+0200,3c6ea73a-8935-4563-9159-861abf60a62a,2026-09-20T13:30:00Z,2026-09-20T15:30:00+0200,8.124,MW,NL,NL,actual_offshore_wind_generation,Wind Offshore | Actual Consumption,2026-09-24T04:41:40Z
2026-09-24T04:38:50Z,2026-09-24T06:38:50+0200,3c6ea73a-8935-4563-9159-861abf60a62a,2026-09-20T13:45:00Z,2026-09-20T15:45:00+0200,2961.237,MW,NL,NL,actual_offshore_wind_generation,Wind Offshore | Actual Aggregated,2026-09-24T04:41:40Z
2026-09-24T04:38:50Z,2026-09-24T06:38:50+0200,3c6ea73a-8935-4563-9159-861abf60a62a,2026-09-20T13:45:00Z,2026-09-20T15:45:00+0200,4.101,MW,NL,NL,actual_offshore_wind_generation,Wind Offshore | Actual Consumption,2026-09-24T04:41:40Z
2026-09-24T04:38:50Z,2026-09-24T06:38:50+0200,3c6ea73a-8935-4563-9159-861abf60a62a,2026-09-20T14:00:00Z,2026-09-20T16:00:00+0200,3003.62,MW,NL,NL,actual_offshore_wind_generation,Wind Offshore | Actual Aggregated,2026-09-24T04:41:40Z
2026-09-24T04:38:50Z,2026-09-24T06:38:50+0200,3c6ea73a-8935-4563-9159-861abf60a62a,2026-09-20T14:00:00Z,2026-09-20T16:00:00+0200,3.537,MW,NL,NL,actual_offshore_wind_generation,Wind Offshore | Actual Consumption,2026-09-24T04:41:40Z
2026-09-24T04:38:50Z,2026-09-24T06:38:50+0200,3c6ea73a-8935-4563-9159-861abf60a62a,2026-09-20T14:15:00Z,2026-09-20T16:15:00+0200,3003.922,MW,NL,NL,actual_offshore_wind_generation,Wind Offshore | Actual Aggregated,2026-09-24T04:41:40Z
2026-09-24T04:38:50Z,2026-09-24T06:38:50+0200,3c6ea73a-8935-4563-9159-861abf60a62a,2026-09-20T14:15:00Z,2026-09-20T16:15:00+0200,4.436,MW,NL,NL,actual_offshore_wind_generation,Wind Offshore | Actual Consumption,2026-09-24T04:41:40Z
2026-09-24T04:38:50Z,2026-09-24T06:38:50+0200,3c6ea73a-8935-4563-9159-861abf60a62a,2026-09-20T14:30:00Z,2026-09-20T16:30:00+0200,2880.429,MW,NL,NL,actual_offshore_wind_generation,Wind Offshore | Actual Aggregated,2026-09-24T04:41:40Z
2026-09-24T04:38:50Z,2026-09-24T06:38:50+0200,3c6ea73a-8935-4563-9159-861abf60a62a,2026-09-20T14:30:00Z,2026-09-20T16:30:00+0200,2.834,MW,NL,NL,actual_offshore_wind_generation,Wind Offshore | Actual Consumption,2026-09-24T04:41:40Z
2026-09-24T04:38:50Z,2026-09-24T06:38:50+0200,3c6ea73a-8935-4563-9159-861abf60a62a,2026-09-20T14:45:00Z,2026-09-20T16:45:00+0200,2921.877,MW,NL,NL,actual_offshore_wind_generation,Wind Offshore | Actual Aggregated,2026-09-24T04:41:40Z
2026-09-24T04:38:50Z,2026-09-24T06:38:50+0200,3c6ea73a-8935-4563-9159-861abf60a62a,2026-09-20T14:45:00Z,2026-09-20T16:45:00+0200,3.944,MW,NL,NL,actual_offshore_wind_generation,Wind Offshore | Actual Consumption,2026-09-24T04:41:40Z
2026-09-24T04:38:50Z,2026-09-24T06:38:50+0200,3c6ea73a-8935-4563-9159-861abf60a62a,2026-09-20T15:00:00Z,2026-09-20T17:00:00+0200,2826.972,MW,NL,NL,actual_offshore_wind_generation,Wind Offshore | Actual Aggregated,2026-09-24T04:41:40Z
2026-09-24T04:38:50Z,2026-09-24T06:38:50+0200,3c6ea73a-8935-4563-9159-861abf60a62a,2026-09-20T15:00:00Z,2026-09-20T17:00:00+0200,3.143,MW,NL,NL,actual_offshore_wind_generation,Wind Offshore | Actual Consumption,2026-09-24T04:41:40Z
2026-09-24T04:38:50Z,2026-09-24T06:38:50+0200,3c6ea73a-8935-4563-9159-861abf60a62a,2026-09-20T15:15:00Z,2026-09-20T17:15:00+0200,2752.39,MW,NL,NL,actual_offshore_wind_generation,Wind Offshore | Actual Aggregated,2026-09-24T04:41:40Z
2026-09-24T04:38:50Z,2026-09-24T06:38:50+0200,3c6ea73a-8935-4563-9159-861abf60a62a,2026-09-20T15:15:00Z,2026-09-20T17:15:00+0200,2.008,MW,NL,NL,actual_offshore_wind_generation,Wind Offshore | Actual Consumption,2026-09-24T04:41:40Z
2026-09-24T04:38:50Z,2026-09-24T06:38:50+0200,3c6ea73a-8935-4563-9159-861abf60a62a,2026-09-20T15:30:00Z,2026-09-20T17:30:00+0200,2720.745,MW,NL,NL,actual_offshore_wind_generation,Wind Offshore | Actual Aggregated,2026-09-24T04:41:40Z
2026-09-24T04:38:50Z,2026-09-24T06:38:50+0200,3c6ea73a-8935-4563-9159-861abf60a62a,2026-09-20T15:30:00Z,2026-09-20T17:30:00+0200,1.945,MW,NL,NL,actual_offshore_wind_generation,Wind Offshore | Actual Consumption,2026-09-24T04:41:40Z
2026-09-24T04:38:50Z,2026-09-24T06:38:50+0200,3c6ea73a-8935-4563-9159-861abf60a62a,2026-09-20T15:45:00Z,2026-09-20T17:45:00+0200,2561.109,MW,NL,NL,actual_offshore_wind_generation,Wind Offshore | Actual Aggregated,2026-09-24T04:41:40Z
2026-09-24T04:38:50Z,2026-09-24T06:38:50+0200,3c6ea73a-8935-4563-9159-861abf60a62a,2026-09-20T15:45:00Z,2026-09-20T17:45:00+0200,1.617,MW,NL,NL,actual_offshore_wind_generation,Wind Offshore | Actual Consumption,2026-09-24T04:41:40Z
2026-09-24T04:38:50Z,2026-09-24T06:38:50+0200,3c6ea73a-8935-4563-9159-861abf60a62a,2026-09-20T16:00:00Z,2026-09-20T18:00:00+0200,2370.9,MW,NL,NL,actual_offshore_wind_generation,Wind Offshore | Actual Aggregated,2026-09-24T04:41:40Z
2026-09-24T04:38:50Z,2026-09-24T06:38:50+0200,3c6ea73a-8935-4563-9159-861abf60a62a,2026-09-20T16:00:00Z,2026-09-20T18:00:00+0200,2.142,MW,NL,NL,actual_offshore_wind_generation,Wind Offshore | Actual Consumption,2026-09-24T04:41:40Z
2026-09-24T04:38:50Z,2026-09-24T06:38:50+0200,3c6ea73a-8935-4563-9159-861abf60a62a,2026-09-20T16:15:00Z,2026-09-20T18:15:00+0200,2395.397,MW,NL,NL,actual_offshore_wind_generation,Wind Offshore | Actual Aggregated,2026-09-24T04:41:40Z
2026-09-24T04:38:50Z,2026-09-24T06:38:50+0200,3c6ea73a-8935-4563-9159-861abf60a62a,2026-09-20T16:15:00Z,2026-09-20T18:15:00+0200,1.617,MW,NL,NL,actual_offshore_wind_generation,Wind Offshore | Actual Consumption,2026-09-24T04:41:40Z
2026-09-24T04:38:50Z,2026-09-24T06:38:50+0200,3c6ea73a-8935-4563-9159-861abf60a62a,2026-09-20T16:30:00Z,2026-09-20T18:30:00+0200,2369.436,MW,NL,NL,actual_offshore_wind_generation,Wind Offshore | Actual Aggregated,2026-09-24T04:41:40Z
2026-09-24T04:38:50Z,2026-09-24T06:38:50+0200,3c6ea73a-8935-4563-9159-861abf60a62a,2026-09-20T16:30:00Z,2026-09-20T18:30:00+0200,1.992,MW,NL,NL,actual_offshore_wind_generation,Wind Offshore | Actual Consumption,2026-09-24T04:41:40Z
2026-09-24T04:38:50Z,2026-09-24T06:38:50+0200,3c6ea73a-8935-4563-9159-861abf60a62a,2026-09-20T16:45:00Z,2026-09-20T18:45:00+0200,2261.639,MW,NL,NL,actual_offshore_wind_generation,Wind Offshore | Actual Aggregated,2026-09-24T04:41:40Z
2026-09-24T04:38:50Z,2026-09-24T06:38:50+0200,3c6ea73a-8935-4563-9159-861abf60a62a,2026-09-20T16:45:00Z,2026-09-20T18:45:00+0200,1.451,MW,NL,NL,actual_offshore_wind_generation,Wind Offshore | Actual Consumption,2026-09-24T04:41:40Z
2026-09-24T04:38:50Z,2026-09-24T06:38:50+0200,3c6ea73a-8935-4563-9159-861abf60a62a,2026-09-20T17:00:00Z,2026-09-20T19:00:00+0200,2137.902,MW,NL,NL,actual_offshore_wind_generation,Wind Offshore | Actual Aggregated,2026-09-24T04:41:40Z
2026-09-24T04:38:50Z,2026-09-24T06:38:50+0200,3c6ea73a-8935-4563-9159-861abf60a62a,2026-09-20T17:00:00Z,2026-09-20T19:00:00+0200,0.917,MW,NL,NL,actual_offshore_wind_generation,Wind Offshore | Actual Consumption,2026-09-24T04:41:40Z
2026-09-24T04:38:50Z,2026-09-24T06:38:50+0200,3c6ea73a-8935-4563-9159-861abf60a62a,2026-09-20T17:15:00Z,2026-09-20T19:15:00+0200,2074.558,MW,NL,NL,actual_offshore_wind_generation,Wind Offshore | Actual Aggregated,2026-09-24T04:41:40Z
2026-09-24T04:38:50Z,2026-09-24T06:38:50+0200,3c6ea73a-8935-4563-9159-861abf60a62a,2026-09-20T17:15:00Z,2026-09-20T19:15:00+0200,1.814,MW,NL,NL,actual_offshore_wind_generation,Wind Offshore | Actual Consumption,2026-09-24T04:41:40Z
2026-09-24T04:38:50Z,2026-09-24T06:38:50+0200,3c6ea73a-8935-4563-9159-861abf60a62a,2026-09-20T17:30:00Z,2026-09-20T19:30:00+0200,2084.447,MW,NL,NL,actual_offshore_wind_generation,Wind Offshore | Actual Aggregated,2026-09-24T04:41:40Z
2026-09-24T04:38:50Z,2026-09-24T06:38:50+0200,3c6ea73a-8935-4563-9159-861abf60a62a,2026-09-20T17:30:00Z,2026-09-20T19:30:00+0200,0.924,MW,NL,NL,actual_offshore_wind_generation,Wind Offshore | Actual Consumption,2026-09-24T04:41:40Z
2026-09-24T04:38:50Z,2026-09-24T06:38:50+0200,3c6ea73a-8935-4563-9159-861abf60a62a,2026-09-20T17:45:00Z,2026-09-20T19:45:00+0200,2106.128,MW,NL,NL,actual_offshore_wind_generation,Wind Offshore | Actual Aggregated,2026-09-24T04:41:40Z
2026-09-24T04:38:50Z,2026-09-24T06:38:50+0200,3c6ea73a-8935-4563-9159-861abf60a62a,2026-09-20T17:45:00Z,2026-09-20T19:45:00+0200,0.431,MW,NL,NL,actual_offshore_wind_generation,Wind Offshore | Actual Consumption,2026-09-24T04:41:40Z
2026-09-24T04:38:50Z,2026-09-24T06:38:50+0200,3c6ea73a-8935-4563-9159-861abf60a62a,2026-09-20T18:00:00Z,2026-09-20T20:00:00+0200,2091.321,MW,NL,NL,actual_offshore_wind_generation,Wind Offshore | Actual Aggregated,2026-09-24T04:41:40Z
2026-09-24T04:38:50Z,2026-09-24T06:38:50+0200,3c6ea73a-8935-4563-9159-861abf60a62a,2026-09-20T18:00:00Z,2026-09-20T20:00:00+0200,2.477,MW,NL,NL,actual_offshore_wind_generation,Wind Offshore | Actual Consumption,2026-09-24T04:41:40Z
2026-09-24T04:38:50Z,2026-09-24T06:38:50+0200,3c6ea73a-8935-4563-9159-861abf60a62a,2026-09-20T18:15:00Z,2026-09-20T20:15:00+0200,2057.578,MW,NL,NL,actual_offshore_wind_generation,Wind Offshore | Actual Aggregated,2026-09-24T04:41:40Z
2026-09-24T04:38:50Z,2026-09-24T06:38:50+0200,3c6ea73a-8935-4563-9159-861abf60a62a,2026-09-20T18:15:00Z,2026-09-20T20:15:00+0200,3.513,MW,NL,NL,actual_offshore_wind_generation,Wind Offshore | Actual Consumption,2026-09-24T04:41:40Z
2026-09-24T04:38:50Z,2026-09-24T06:38:50+0200,3c6ea73a-8935-4563-9159-861abf60a62a,2026-09-20T18:30:00Z,2026-09-20T20:30:00+0200,1990.66,MW,NL,NL,actual_offshore_wind_generation,Wind Offshore | Actual Aggregated,2026-09-24T04:41:40Z
2026-09-24T04:38:50Z,2026-09-24T06:38:50+0200,3c6ea73a-8935-4563-9159-861abf60a62a,2026-09-20T18:30:00Z,2026-09-20T20:30:00+0200,4.882,MW,NL,NL,actual_offshore_wind_generation,Wind Offshore | Actual Consumption,2026-09-24T04:41:40Z
2026-09-24T04:38:50Z,2026-09-24T06:38:50+0200,3c6ea73a-8935-4563-9159-861abf60a62a,2026-09-20T18:45:00Z,2026-09-20T20:45:00+0200,1899.277,MW,NL,NL,actual_offshore_wind_generation,Wind Offshore | Actual Aggregated,2026-09-24T04:41:40Z
2026-09-24T04:38:50Z,2026-09-24T06:38:50+0200,3c6ea73a-8935-4563-9159-861abf60a62a,2026-09-20T18:45:00Z,2026-09-20T20:45:00+0200,4.764,MW,NL,NL,actual_offshore_wind_generation,Wind Offshore | Actual Consumption,2026-09-24T04:41:40Z
2026-09-24T04:38:50Z,2026-09-24T06:38:50+0200,3c6ea73a-8935-4563-9159-861abf60a62a,2026-09-20T19:00:00Z,2026-09-20T21:00:00+0200,1852.283,MW,NL,NL,actual_offshore_wind_generation,Wind Offshore | Actual Aggregated,2026-09-24T04:41:40Z
2026-09-24T04:38:50Z,2026-09-24T06:38:50+0200,3c6ea73a-8935-4563-9159-861abf60a62a,2026-09-20T19:00:00Z,2026-09-20T21:00:00+0200,5.482,MW,NL,NL,actual_offshore_wind_generation,Wind Offshore | Actual Consumption,2026-09-24T04:41:40Z
2026-09-24T04:38:50Z,2026-09-24T06:38:50+0200,3c6ea73a-8935-4563-9159-861abf60a62a,2026-09-20T19:15:00Z,2026-09-20T21:15:00+0200,1798.515,MW,NL,NL,actual_offshore_wind_generation,Wind Offshore | Actual Aggregated,2026-09-24T04:41:40Z
2026-09-24T04:38:50Z,2026-09-24T06:38:50+0200,3c6ea73a-8935-4563-9159-861abf60a62a,2026-09-20T19:15:00Z,2026-09-20T21:15:00+0200,7.286,MW,NL,NL,actual_offshore_wind_generation,Wind Offshore | Actual Consumption,2026-09-24T04:41:40Z
2026-09-24T04:38:50Z,2026-09-24T06:38:50+0200,3c6ea73a-8935-4563-9159-861abf60a62a,2026-09-20T19:30:00Z,2026-09-20T21:30:00+0200,1789.698,MW,NL,NL,actual_offshore_wind_generation,Wind Offshore | Actual Aggregated,2026-09-24T04:41:40Z
2026-09-24T04:38:50Z,2026-09-24T06:38:50+0200,3c6ea73a-8935-4563-9159-861abf60a62a,2026-09-20T19:30:00Z,2026-09-20T21:30:00+0200,8.561,MW,NL,NL,actual_offshore_wind_generation,Wind Offshore | Actual Consumption,2026-09-24T04:41:40Z
2026-09-24T04:38:50Z,2026-09-24T06:38:50+0200,3c6ea73a-8935-4563-9159-861abf60a62a,2026-09-20T19:45:00Z,2026-09-20T21:45:00+0200,1731.951,MW,NL,NL,actual_offshore_wind_generation,Wind Offshore | Actual Aggregated,2026-09-24T04:41:40Z
2026-09-24T04:38:50Z,2026-09-24T06:38:50+0200,3c6ea73a-8935-4563-9159-861abf60a62a,2026-09-20T19:45:00Z,2026-09-20T21:45:00+0200,8.861,MW,NL,NL,actual_offshore_wind_generation,Wind Offshore | Actual Consumption,2026-09-24T04:41:40Z
2026-09-24T04:38:50Z,2026-09-24T06:38:50+0200,3c6ea73a-8935-4563-9159-861abf60a62a,2026-09-20T20:00:00Z,2026-09-20T22:00:00+0200,1686.662,MW,NL,NL,actual_offshore_wind_generation,Wind Offshore | Actual Aggregated,2026-09-24T04:41:40Z
2026-09-24T04:38:50Z,2026-09-24T06:38:50+0200,3c6ea73a-8935-4563-9159-861abf60a62a,2026-09-20T20:00:00Z,2026-09-20T22:00:00+0200,11.391,MW,NL,NL,actual_offshore_wind_generation,Wind Offshore | Actual Consumption,2026-09-24T04:41:40Z
2026-09-24T04:38:50Z,2026-09-24T06:38:50+0200,3c6ea73a-8935-4563-9159-861abf60a62a,2026-09-20T20:15:00Z,2026-09-20T22:15:00+0200,1621.102,MW,NL,NL,actual_offshore_wind_generation,Wind Offshore | Actual Aggregated,2026-09-24T04:41:40Z
2026-09-24T04:38:50Z,2026-09-24T06:38:50+0200,3c6ea73a-8935-4563-9159-861abf60a62a,2026-09-20T20:15:00Z,2026-09-20T22:15:00+0200,10.681,MW,NL,NL,actual_offshore_wind_generation,Wind Offshore | Actual Consumption,2026-09-24T04:41:40Z
2026-09-24T04:38:50Z,2026-09-24T06:38:50+0200,3c6ea73a-8935-4563-9159-861abf60a62a,2026-09-20T20:30:00Z,2026-09-20T22:30:00+0200,1628.374,MW,NL,NL,actual_offshore_wind_generation,Wind Offshore | Actual Aggregated,2026-09-24T04:41:40Z
2026-09-24T04:38:50Z,2026-09-24T06:38:50+0200,3c6ea73a-8935-4563-9159-861abf60a62a,2026-09-20T20:30:00Z,2026-09-20T22:30:00+0200,10.575,MW,NL,NL,actual_offshore_wind_generation,Wind Offshore | Actual Consumption,2026-09-24T04:41:40Z
2026-09-24T04:38:50Z,2026-09-24T06:38:50+0200,3c6ea73a-8935-4563-9159-861abf60a62a,2026-09-20T20:45:00Z,2026-09-20T22:45:00+0200,1559.765,MW,NL,NL,actual_offshore_wind_generation,Wind Offshore | Actual Aggregated,2026-09-24T04:41:40Z
2026-09-24T04:38:50Z,2026-09-24T06:38:50+0200,3c6ea73a-8935-4563-9159-861abf60a62a,2026-09-20T20:45:00Z,2026-09-20T22:45:00+0200,10.39,MW,NL,NL,actual_offshore_wind_generation,Wind Offshore | Actual Consumption,2026-09-24T04:41:40Z
2026-09-24T04:38:50Z,2026-09-24T06:38:50+0200,3c6ea73a-8935-4563-9159-861abf60a62a,2026-09-20T21:00:00Z,2026-09-20T23:00:00+0200,1557.316,MW,NL,NL,actual_offshore_wind_generation,Wind Offshore | Actual Aggregated,2026-09-24T04:41:40Z
2026-09-24T04:38:50Z,2026-09-24T06:38:50+0200,3c6ea73a-8935-4563-9159-861abf60a62a,2026-09-20T21:00:00Z,2026-09-20T23:00:00+0200,10.539,MW,NL,NL,actual_offshore_wind_generation,Wind Offshore | Actual Consumption,2026-09-24T04:41:40Z
2026-09-24T04:38:50Z,2026-09-24T06:38:50+0200,3c6ea73a-8935-4563-9159-861abf60a62a,2026-09-20T21:15:00Z,2026-09-20T23:15:00+0200,1494.064,MW,NL,NL,actual_offshore_wind_generation,Wind Offshore | Actual Aggregated,2026-09-24T04:41:40Z
2026-09-24T04:38:50Z,2026-09-24T06:38:50+0200,3c6ea73a-8935-4563-9159-861abf60a62a,2026-09-20T21:15:00Z,2026-09-20T23:15:00+0200,9.99,MW,NL,NL,actual_offshore_wind_generation,Wind Offshore | Actual Consumption,2026-09-24T04:41:40Z
2026-09-24T04:38:50Z,2026-09-24T06:38:50+0200,3c6ea73a-8935-4563-9159-861abf60a62a,2026-09-20T21:30:00Z,2026-09-20T23:30:00+0200,1430.861,MW,NL,NL,actual_offshore_wind_generation,Wind Offshore | Actual Aggregated,2026-09-24T04:41:40Z
2026-09-24T04:38:50Z,2026-09-24T06:38:50+0200,3c6ea73a-8935-4563-9159-861abf60a62a,2026-09-20T21:30:00Z,2026-09-20T23:30:00+0200,10.327,MW,NL,NL,actual_offshore_wind_generation,Wind Offshore | Actual Consumption,2026-09-24T04:41:40Z
2026-09-24T04:38:50Z,2026-09-24T06:38:50+0200,3c6ea73a-8935-4563-9159-861abf60a62a,2026-09-20T21:45:00Z,2026-09-20T23:45:00+0200,1381.186,MW,NL,NL,actual_offshore_wind_generation,Wind Offshore | Actual Aggregated,2026-09-24T04:41:40Z
2026-09-24T04:38:50Z,2026-09-24T06:38:50+0200,3c6ea73a-8935-4563-9159-861abf60a62a,2026-09-20T21:45:00Z,2026-09-20T23:45:00+0200,8.462,MW,NL,NL,actual_offshore_wind_generation,Wind Offshore | Actual Consumption,2026-09-24T04:41:40Z
2026-09-24T04:38:50Z,2026-09-24T06:38:50+0200,3c6ea73a-8935-4563-9159-861abf60a62a,2026-09-20T22:00:00Z,2026-09-21T00:00:00+0200,1367.018,MW,NL,NL,actual_offshore_wind_generation,Wind Offshore | Actual Aggregated,2026-09-24T04:41:40Z
2026-09-24T04:38:50Z,2026-09-24T06:38:50+0200,3c6ea73a-8935-4563-9159-861abf60a62a,2026-09-20T22:00:00Z,2026-09-21T00:00:00+0200,6.645,MW,NL,NL,actual_offshore_wind_generation,Wind Offshore | Actual Consumption,2026-09-24T04:41:40Z
2026-09-24T04:38:50Z,2026-09-24T06:38:50+0200,3c6ea73a-8935-4563-9159-861abf60a62a,2026-09-20T22:15:00Z,2026-09-21T00:15:00+0200,1366.015,MW,NL,NL,actual_offshore_wind_generation,Wind Offshore | Actual Aggregated,2026-09-24T04:41:40Z
2026-09-24T04:38:50Z,2026-09-24T06:38:50+0200,3c6ea73a-8935-4563-9159-861abf60a62a,2026-09-20T22:15:00Z,2026-09-21T00:15:00+0200,5.378,MW,NL,NL,actual_offshore_wind_generation,Wind Offshore | Actual Consumption,2026-09-24T04:41:40Z
2026-09-24T04:38:50Z,2026-09-24T06:38:50+0200,3c6ea73a-8935-4563-9159-861abf60a62a,2026-09-20T22:30:00Z,2026-09-21T00:30:00+0200,1430.743,MW,NL,NL,actual_offshore_wind_generation,Wind Offshore | Actual Aggregated,2026-09-24T04:41:40Z
2026-09-24T04:38:50Z,2026-09-24T06:38:50+0200,3c6ea73a-8935-4563-9159-861abf60a62a,2026-09-20T22:30:00Z,2026-09-21T00:30:00+0200,4.508,MW,NL,NL,actual_offshore_wind_generation,Wind Offshore | Actual Consumption,2026-09-24T04:41:40Z
2026-09-24T04:38:50Z,2026-09-24T06:38:50+0200,3c6ea73a-8935-4563-9159-861abf60a62a,2026-09-20T22:45:00Z,2026-09-21T00:45:00+0200,1402.93,MW,NL,NL,actual_offshore_wind_generation,Wind Offshore | Actual Aggregated,2026-09-24T04:41:40Z
2026-09-24T04:38:50Z,2026-09-24T06:38:50+0200,3c6ea73a-8935-4563-9159-861abf60a62a,2026-09-20T22:45:00Z,2026-09-21T00:45:00+0200,3.809,MW,NL,NL,actual_offshore_wind_generation,Wind Offshore | Actual Consumption,2026-09-24T04:41:40Z
2026-09-24T04:38:50Z,2026-09-24T06:38:50+0200,3c6ea73a-8935-4563-9159-861abf60a62a,2026-09-20T23:00:00Z,2026-09-21T01:00:00+0200,1398.402,MW,NL,NL,actual_offshore_wind_generation,Wind Offshore | Actual Aggregated,2026-09-24T04:41:40Z
2026-09-24T04:38:50Z,2026-09-24T06:38:50+0200,3c6ea73a-8935-4563-9159-861abf60a62a,2026-09-20T23:00:00Z,2026-09-21T01:00:00+0200,3.568,MW,NL,NL,actual_offshore_wind_generation,Wind Offshore | Actual Consumption,2026-09-24T04:41:40Z
2026-09-24T04:38:50Z,2026-09-24T06:38:50+0200,3c6ea73a-8935-4563-9159-861abf60a62a,2026-09-20T23:15:00Z,2026-09-21T01:15:00+0200,1383.461,MW,NL,NL,actual_offshore_wind_generation,Wind Offshore | Actual Aggregated,2026-09-24T04:41:40Z
2026-09-24T04:38:50Z,2026-09-24T06:38:50+0200,3c6ea73a-8935-4563-9159-861abf60a62a,2026-09-20T23:15:00Z,2026-09-21T01:15:00+0200,4.579,MW,NL,NL,actual_offshore_wind_generation,Wind Offshore | Actual Consumption,2026-09-24T04:41:40Z
2026-09-24T04:38:50Z,2026-09-24T06:38:50+0200,3c6ea73a-8935-4563-9159-861abf60a62a,2026-09-20T23:30:00Z,2026-09-21T01:30:00+0200,1430.985,MW,NL,NL,actual_offshore_wind_generation,Wind Offshore | Actual Aggregated,2026-09-24T04:41:40Z
2026-09-24T04:38:50Z,2026-09-24T06:38:50+0200,3c6ea73a-8935-4563-9159-861abf60a62a,2026-09-20T23:30:00Z,2026-09-21T01:30:00+0200,2.806,MW,NL,NL,actual_offshore_wind_generation,Wind Offshore | Actual Consumption,2026-09-24T04:41:40Z
2026-09-24T04:38:50Z,2026-09-24T06:38:50+0200,3c6ea73a-8935-4563-9159-861abf60a62a,2026-09-20T23:45:00Z,2026-09-21T01:45:00+0200,1415.101,MW,NL,NL,actual_offshore_wind_generation,Wind Offshore | Actual Aggregated,2026-09-24T04:41:40Z
2026-09-24T04:38:50Z,2026-09-24T06:38:50+0200,3c6ea73a-8935-4563-9159-861abf60a62a,2026-09-20T23:45:00Z,2026-09-21T01:45:00+0200,1.501,MW,NL,NL,actual_offshore_wind_generation,Wind Offshore | Actual Consumption,2026-09-24T04:41:40Z
2026-09-24T04:38:50Z,2026-09-24T06:38:50+0200,3c6ea73a-8935-4563-9159-861abf60a62a,2026-09-21T00:00:00Z,2026-09-21T02:00:00+0200,1399.528,MW,NL,NL,actual_offshore_wind_generation,Wind Offshore | Actual Aggregated,2026-09-24T04:41:40Z
2026-09-24T04:38:50Z,2026-09-24T06:38:50+0200,3c6ea73a-8935-4563-9159-861abf60a62a,2026-09-21T00:00:00Z,2026-09-21T02:00:00+0200,1.223,MW,NL,NL,actual_offshore_wind_generation,Wind Offshore | Actual Consumption,2026-09-24T04:41:40Z
2026-09-24T04:38:50Z,2026-09-24T06:38:50+0200,3c6ea73a-8935-4563-9159-861abf60a62a,2026-09-21T00:15:00Z,2026-09-21T02:15:00+0200,1504.795,MW,NL,NL,actual_offshore_wind_generation,Wind Offshore | Actual Aggregated,2026-09-24T04:41:40Z
2026-09-24T04:38:50Z,2026-09-24T06:38:50+0200,3c6ea73a-8935-4563-9159-861abf60a62a,2026-09-21T00:15:00Z,2026-09-21T02:15:00+0200,4.252,MW,NL,NL,actual_offshore_wind_generation,Wind Offshore | Actual Consumption,2026-09-24T04:41:40Z
2026-09-24T04:38:50Z,2026-09-24T06:38:50+0200,3c6ea73a-8935-4563-9159-861abf60a62a,2026-09-21T00:30:00Z,2026-09-21T02:30:00+0200,1581.71,MW,NL,NL,actual_offshore_wind_generation,Wind Offshore | Actual Aggregated,2026-09-24T04:41:40Z
2026-09-24T04:38:50Z,2026-09-24T06:38:50+0200,3c6ea73a-8935-4563-9159-861abf60a62a,2026-09-21T00:30:00Z,2026-09-21T02:30:00+0200,3.589,MW,NL,NL,actual_offshore_wind_generation,Wind Offshore | Actual Consumption,2026-09-24T04:41:40Z
2026-09-24T04:38:50Z,2026-09-24T06:38:50+0200,3c6ea73a-8935-4563-9159-861abf60a62a,2026-09-21T00:45:00Z,2026-09-21T02:45:00+0200,1535.648,MW,NL,NL,actual_offshore_wind_generation,Wind Offshore | Actual Aggregated,2026-09-24T04:41:40Z
2026-09-24T04:38:50Z,2026-09-24T06:38:50+0200,3c6ea73a-8935-4563-9159-861abf60a62a,2026-09-21T00:45:00Z,2026-09-21T02:45:00+0200,3.037,MW,NL,NL,actual_offshore_wind_generation,Wind Offshore | Actual Consumption,2026-09-24T04:41:40Z
2026-09-24T04:38:50Z,2026-09-24T06:38:50+0200,3c6ea73a-8935-4563-9159-861abf60a62a,2026-09-21T01:00:00Z,2026-09-21T03:00:00+0200,1496.316,MW,NL,NL,actual_offshore_wind_generation,Wind Offshore | Actual Aggregated,2026-09-24T04:41:40Z
2026-09-24T04:38:50Z,2026-09-24T06:38:50+0200,3c6ea73a-8935-4563-9159-861abf60a62a,2026-09-21T01:00:00Z,2026-09-21T03:00:00+0200,2.444,MW,NL,NL,actual_offshore_wind_generation,Wind Offshore | Actual Consumption,2026-09-24T04:41:40Z
2026-09-24T04:38:50Z,2026-09-24T06:38:50+0200,3c6ea73a-8935-4563-9159-861abf60a62a,2026-09-21T01:15:00Z,2026-09-21T03:15:00+0200,1486.345,MW,NL,NL,actual_offshore_wind_generation,Wind Offshore | Actual Aggregated,2026-09-24T04:41:40Z
2026-09-24T04:38:50Z,2026-09-24T06:38:50+0200,3c6ea73a-8935-4563-9159-861abf60a62a,2026-09-21T01:15:00Z,2026-09-21T03:15:00+0200,1.908,MW,NL,NL,actual_offshore_wind_generation,Wind Offshore | Actual Consumption,2026-09-24T04:41:40Z
2026-09-24T04:38:50Z,2026-09-24T06:38:50+0200,3c6ea73a-8935-4563-9159-861abf60a62a,2026-09-21T01:30:00Z,2026-09-21T03:30:00+0200,1433.012,MW,NL,NL,actual_offshore_wind_generation,Wind Offshore | Actual Aggregated,2026-09-24T04:41:40Z
2026-09-24T04:38:50Z,2026-09-24T06:38:50+0200,3c6ea73a-8935-4563-9159-861abf60a62a,2026-09-21T01:30:00Z,2026-09-21T03:30:00+0200,1.6,MW,NL,NL,actual_offshore_wind_generation,Wind Offshore | Actual Consumption,2026-09-24T04:41:40Z
2026-09-24T04:38:50Z,2026-09-24T06:38:50+0200,3c6ea73a-8935-4563-9159-861abf60a62a,2026-09-21T01:45:00Z,2026-09-21T03:45:00+0200,1396.163,MW,NL,NL,actual_offshore_wind_generation,Wind Offshore | Actual Aggregated,2026-09-24T04:41:40Z
2026-09-24T04:38:50Z,2026-09-24T06:38:50+0200,3c6ea73a-8935-4563-9159-861abf60a62a,2026-09-21T01:45:00Z,2026-09-21T03:45:00+0200,1.117,MW,NL,NL,actual_offshore_wind_generation,Wind Offshore | Actual Consumption,2026-09-24T04:41:40Z
2026-09-24T04:38:50Z,2026-09-24T06:38:50+0200,3c6ea73a-8935-4563-9159-861abf60a62a,2026-09-21T02:00:00Z,2026-09-21T04:00:00+0200,1377.383,MW,NL,NL,actual_offshore_wind_generation,Wind Offshore | Actual Aggregated,2026-09-24T04:41:40Z
2026-09-24T04:38:50Z,2026-09-24T06:38:50+0200,3c6ea73a-8935-4563-9159-861abf60a62a,2026-09-21T02:00:00Z,2026-09-21T04:00:00+0200,1.029,MW,NL,NL,actual_offshore_wind_generation,Wind Offshore | Actual Consumption,2026-09-24T04:41:40Z
2026-09-24T04:38:50Z,2026-09-24T06:38:50+0200,3c6ea73a-8935-4563-9159-861abf60a62a,2026-09-21T02:15:00Z,2026-09-21T04:15:00+0200,1412.478,MW,NL,NL,actual_offshore_wind_generation,Wind Offshore | Actual Aggregated,2026-09-24T04:41:40Z
2026-09-24T04:38:50Z,2026-09-24T06:38:50+0200,3c6ea73a-8935-4563-9159-861abf60a62a,2026-09-21T02:15:00Z,2026-09-21T04:15:00+0200,1.397,MW,NL,NL,actual_offshore_wind_generation,Wind Offshore | Actual Consumption,2026-09-24T04:41:40Z
2026-09-24T04:38:50Z,2026-09-24T06:38:50+0200,3c6ea73a-8935-4563-9159-861abf60a62a,2026-09-21T02:30:00Z,2026-09-21T04:30:00+0200,1452.755,MW,NL,NL,actual_offshore_wind_generation,Wind Offshore | Actual Aggregated,2026-09-24T04:41:40Z
2026-09-24T04:38:50Z,2026-09-24T06:38:50+0200,3c6ea73a-8935-4563-9159-861abf60a62a,2026-09-21T02:30:00Z,2026-09-21T04:30:00+0200,1.284,MW,NL,NL,actual_offshore_wind_generation,Wind Offshore | Actual Consumption,2026-09-24T04:41:40Z
2026-09-24T04:38:50Z,2026-09-24T06:38:50+0200,3c6ea73a-8935-4563-9159-861abf60a62a,2026-09-21T02:45:00Z,2026-09-21T04:45:00+0200,1434.554,MW,NL,NL,actual_offshore_wind_generation,Wind Offshore | Actual Aggregated,2026-09-24T04:41:40Z
2026-09-24T04:38:50Z,2026-09-24T06:38:50+0200,3c6ea73a-8935-4563-9159-861abf60a62a,2026-09-21T02:45:00Z,2026-09-21T04:45:00+0200,1.472,MW,NL,NL,actual_offshore_wind_generation,Wind Offshore | Actual Consumption,2026-09-24T04:41:40Z
2026-09-24T04:38:50Z,2026-09-24T06:38:50+0200,3c6ea73a-8935-4563-9159-861abf60a62a,2026-09-21T03:00:00Z,2026-09-21T05:00:00+0200,1317.152,MW,NL,NL,actual_offshore_wind_generation,Wind Offshore | Actual Aggregated,2026-09-24T04:41:40Z
2026-09-24T04:38:50Z,2026-09-24T06:38:50+0200,3c6ea73a-8935-4563-9159-861abf60a62a,2026-09-21T03:00:00Z,2026-09-21T05:00:00+0200,1.547,MW,NL,NL,actual_offshore_wind_generation,Wind Offshore | Actual Consumption,2026-09-24T04:41:40Z
2026-09-24T04:38:50Z,2026-09-24T06:38:50+0200,3c6ea73a-8935-4563-9159-861abf60a62a,2026-09-21T03:15:00Z,2026-09-21T05:15:00+0200,1258.026,MW,NL,NL,actual_offshore_wind_generation,Wind Offshore | Actual Aggregated,2026-09-24T04:41:40Z
2026-09-24T04:38:50Z,2026-09-24T06:38:50+0200,3c6ea73a-8935-4563-9159-861abf60a62a,2026-09-21T03:15:00Z,2026-09-21T05:15:00+0200,1.309,MW,NL,NL,actual_offshore_wind_generation,Wind Offshore | Actual Consumption,2026-09-24T04:41:40Z
2026-09-24T04:38:50Z,2026-09-24T06:38:50+0200,3c6ea73a-8935-4563-9159-861abf60a62a,2026-09-21T03:30:00Z,2026-09-21T05:30:00+0200,1214.988,MW,NL,NL,actual_offshore_wind_generation,Wind Offshore | Actual Aggregated,2026-09-24T04:41:40Z
2026-09-24T04:38:50Z,2026-09-24T06:38:50+0200,3c6ea73a-8935-4563-9159-861abf60a62a,2026-09-21T03:30:00Z,2026-09-21T05:30:00+0200,1.505,MW,NL,NL,actual_offshore_wind_generation,Wind Offshore | Actual Consumption,2026-09-24T04:41:40Z
2026-09-24T04:38:50Z,2026-09-24T06:38:50+0200,3c6ea73a-8935-4563-9159-861abf60a62a,2026-09-21T03:45:00Z,2026-09-21T05:45:00+0200,1185.274,MW,NL,NL,actual_offshore_wind_generation,Wind Offshore | Actual Aggregated,2026-09-24T04:41:40Z
2026-09-24T04:38:50Z,2026-09-24T06:38:50+0200,3c6ea73a-8935-4563-9159-861abf60a62a,2026-09-21T03:45:00Z,2026-09-21T05:45:00+0200,2.395,MW,NL,NL,actual_offshore_wind_generation,Wind Offshore | Actual Consumption,2026-09-24T04:41:40Z
2026-09-24T04:38:50Z,2026-09-24T06:38:50+0200,3c6ea73a-8935-4563-9159-861abf60a62a,2026-09-21T04:00:00Z,2026-09-21T06:00:00+0200,1229.671,MW,NL,NL,actual_offshore_wind_generation,Wind Offshore | Actual Aggregated,2026-09-24T04:41:40Z
2026-09-24T04:38:50Z,2026-09-24T06:38:50+0200,3c6ea73a-8935-4563-9159-861abf60a62a,2026-09-21T04:00:00Z,2026-09-21T06:00:00+0200,2.39,MW,NL,NL,actual_offshore_wind_generation,Wind Offshore | Actual Consumption,2026-09-24T04:41:40Z
2026-09-24T04:38:50Z,2026-09-24T06:38:50+0200,3c6ea73a-8935-4563-9159-861abf60a62a,2026-09-21T04:15:00Z,2026-09-21T06:15:00+0200,1248.002,MW,NL,NL,actual_offshore_wind_generation,Wind Offshore | Actual Aggregated,2026-09-24T04:41:40Z
2026-09-24T04:38:50Z,2026-09-24T06:38:50+0200,3c6ea73a-8935-4563-9159-861abf60a62a,2026-09-21T04:15:00Z,2026-09-21T06:15:00+0200,1.87,MW,NL,NL,actual_offshore_wind_generation,Wind Offshore | Actual Consumption,2026-09-24T04:41:40Z
2026-09-24T04:38:50Z,2026-09-24T06:38:50+0200,3c6ea73a-8935-4563-9159-861abf60a62a,2026-09-21T04:30:00Z,2026-09-21T06:30:00+0200,1172.798,MW,NL,NL,actual_offshore_wind_generation,Wind Offshore | Actual Aggregated,2026-09-24T04:41:40Z
2026-09-24T04:38:50Z,2026-09-24T06:38:50+0200,3c6ea73a-8935-4563-9159-861abf60a62a,2026-09-21T04:30:00Z,2026-09-21T06:30:00+0200,1.861,MW,NL,NL,actual_offshore_wind_generation,Wind Offshore | Actual Consumption,2026-09-24T04:41:40Z
2026-09-24T04:38:50Z,2026-09-24T06:38:50+0200,3c6ea73a-8935-4563-9159-861abf60a62a,2026-09-21T04:45:00Z,2026-09-21T06:45:00+0200,1155.543,MW,NL,NL,actual_offshore_wind_generation,Wind Offshore | Actual Aggregated,2026-09-24T04:41:40Z
2026-09-24T04:38:50Z,2026-09-24T06:38:50+0200,3c6ea73a-8935-4563-9159-861abf60a62a,2026-09-21T04:45:00Z,2026-09-21T06:45:00+0200,1.587,MW,NL,NL,actual_offshore_wind_generation,Wind Offshore | Actual Consumption,2026-09-24T04:41:40Z
2026-09-24T04:38:50Z,2026-09-24T06:38:50+0200,3c6ea73a-8935-4563-9159-861abf60a62a,2026-09-21T05:00:00Z,2026-09-21T07:00:00+0200,1133.712,MW,NL,NL,actual_offshore_wind_generation,Wind Offshore | Actual Aggregated,2026-09-24T04:41:40Z
2026-09-24T04:38:50Z,2026-09-24T06:38:50+0200,3c6ea73a-8935-4563-9159-861abf60a62a,2026-09-21T05:00:00Z,2026-09-21T07:00:00+0200,1.287,MW,NL,NL,actual_offshore_wind_generation,Wind Offshore | Actual Consumption,2026-09-24T04:41:40Z
2026-09-24T04:38:50Z,2026-09-24T06:38:50+0200,3c6ea73a-8935-4563-9159-861abf60a62a,2026-09-21T05:15:00Z,2026-09-21T07:15:00+0200,1155.228,MW,NL,NL,actual_offshore_wind_generation,Wind Offshore | Actual Aggregated,2026-09-24T04:41:40Z
2026-09-24T04:38:50Z,2026-09-24T06:38:50+0200,3c6ea73a-8935-4563-9159-861abf60a62a,2026-09-21T05:15:00Z,2026-09-21T07:15:00+0200,2.05,MW,NL,NL,actual_offshore_wind_generation,Wind Offshore | Actual Consumption,2026-09-24T04:41:40Z
2026-09-24T04:38:50Z,2026-09-24T06:38:50+0200,3c6ea73a-8935-4563-9159-861abf60a62a,2026-09-21T05:30:00Z,2026-09-21T07:30:00+0200,1132.701,MW,NL,NL,actual_offshore_wind_generation,Wind Offshore | Actual Aggregated,2026-09-24T04:41:40Z
2026-09-24T04:38:50Z,2026-09-24T06:38:50+0200,3c6ea73a-8935-4563-9159-861abf60a62a,2026-09-21T05:30:00Z,2026-09-21T07:30:00+0200,2.084,MW,NL,NL,actual_offshore_wind_generation,Wind Offshore | Actual Consumption,2026-09-24T04:41:40Z
2026-09-24T04:38:50Z,2026-09-24T06:38:50+0200,3c6ea73a-8935-4563-9159-861abf60a62a,2026-09-21T05:45:00Z,2026-09-21T07:45:00+0200,1130.589,MW,NL,NL,actual_offshore_wind_generation,Wind Offshore | Actual Aggregated,2026-09-24T04:41:40Z
2026-09-24T04:38:50Z,2026-09-24T06:38:50+0200,3c6ea73a-8935-4563-9159-861abf60a62a,2026-09-21T05:45:00Z,2026-09-21T07:45:00+0200,2.204,MW,NL,NL,actual_offshore_wind_generation,Wind Offshore | Actual Consumption,2026-09-24T04:41:40Z
2026-09-24T04:38:50Z,2026-09-24T06:38:50+0200,3c6ea73a-8935-4563-9159-861abf60a62a,2026-09-21T06:00:00Z,2026-09-21T08:00:00+0200,1201.472,MW,NL,NL,actual_offshore_wind_generation,Wind Offshore | Actual Aggregated,2026-09-24T04:41:40Z
2026-09-24T04:38:50Z,2026-09-24T06:38:50+0200,3c6ea73a-8935-4563-9159-861abf60a62a,2026-09-21T06:00:00Z,2026-09-21T08:00:00+0200,4.237,MW,NL,NL,actual_offshore_wind_generation,Wind Offshore | Actual Consumption,2026-09-24T04:41:40Z
2026-09-24T04:38:50Z,2026-09-24T06:38:50+0200,3c6ea73a-8935-4563-9159-861abf60a62a,2026-09-21T06:15:00Z,2026-09-21T08:15:00+0200,1265.897,MW,NL,NL,actual_offshore_wind_generation,Wind Offshore | Actual Aggregated,2026-09-24T04:41:40Z
2026-09-24T04:38:50Z,2026-09-24T06:38:50+0200,3c6ea73a-8935-4563-9159-861abf60a62a,2026-09-21T06:15:00Z,2026-09-21T08:15:00+0200,3.337,MW,NL,NL,actual_offshore_wind_generation,Wind Offshore | Actual Consumption,2026-09-24T04:41:40Z
2026-09-24T04:38:50Z,2026-09-24T06:38:50+0200,3c6ea73a-8935-4563-9159-861abf60a62a,2026-09-21T06:30:00Z,2026-09-21T08:30:00+0200,1263.599,MW,NL,NL,actual_offshore_wind_generation,Wind Offshore | Actual Aggregated,2026-09-24T04:41:40Z
2026-09-24T04:38:50Z,2026-09-24T06:38:50+0200,3c6ea73a-8935-4563-9159-861abf60a62a,2026-09-21T06:30:00Z,2026-09-21T08:30:00+0200,3.171,MW,NL,NL,actual_offshore_wind_generation,Wind Offshore | Actual Consumption,2026-09-24T04:41:40Z
2026-09-24T04:38:50Z,2026-09-24T06:38:50+0200,3c6ea73a-8935-4563-9159-861abf60a62a,2026-09-21T06:45:00Z,2026-09-21T08:45:00+0200,1179.44,MW,NL,NL,actual_offshore_wind_generation,Wind Offshore | Actual Aggregated,2026-09-24T04:41:40Z
2026-09-24T04:38:50Z,2026-09-24T06:38:50+0200,3c6ea73a-8935-4563-9159-861abf60a62a,2026-09-21T06:45:00Z,2026-09-21T08:45:00+0200,2.083,MW,NL,NL,actual_offshore_wind_generation,Wind Offshore | Actual Consumption,2026-09-24T04:41:40Z
2026-09-24T04:38:50Z,2026-09-24T06:38:50+0200,3c6ea73a-8935-4563-9159-861abf60a62a,2026-09-21T07:00:00Z,2026-09-21T09:00:00+0200,1185.067,MW,NL,NL,actual_offshore_wind_generation,Wind Offshore | Actual Aggregated,2026-09-24T04:41:40Z
2026-09-24T04:38:50Z,2026-09-24T06:38:50+0200,3c6ea73a-8935-4563-9159-861abf60a62a,2026-09-21T07:00:00Z,2026-09-21T09:00:00+0200,1.301,MW,NL,NL,actual_offshore_wind_generation,Wind Offshore | Actual Consumption,2026-09-24T04:41:40Z
2026-09-24T04:38:50Z,2026-09-24T06:38:50+0200,3c6ea73a-8935-4563-9159-861abf60a62a,2026-09-21T07:15:00Z,2026-09-21T09:15:00+0200,1237.258,MW,NL,NL,actual_offshore_wind_generation,Wind Offshore | Actual Aggregated,2026-09-24T04:41:40Z
2026-09-24T04:38:50Z,2026-09-24T06:38:50+0200,3c6ea73a-8935-4563-9159-861abf60a62a,2026-09-21T07:15:00Z,2026-09-21T09:15:00+0200,0.988,MW,NL,NL,actual_offshore_wind_generation,Wind Offshore | Actual Consumption,2026-09-24T04:41:40Z
2026-09-24T04:38:50Z,2026-09-24T06:38:50+0200,3c6ea73a-8935-4563-9159-861abf60a62a,2026-09-21T07:30:00Z,2026-09-21T09:30:00+0200,1203.856,MW,NL,NL,actual_offshore_wind_generation,Wind Offshore | Actual Aggregated,2026-09-24T04:41:40Z
2026-09-24T04:38:50Z,2026-09-24T06:38:50+0200,3c6ea73a-8935-4563-9159-861abf60a62a,2026-09-21T07:30:00Z,2026-09-21T09:30:00+0200,1.235,MW,NL,NL,actual_offshore_wind_generation,Wind Offshore | Actual Consumption,2026-09-24T04:41:40Z
2026-09-24T04:38:50Z,2026-09-24T06:38:50+0200,3c6ea73a-8935-4563-9159-861abf60a62a,2026-09-21T07:45:00Z,2026-09-21T09:45:00+0200,1163.785,MW,NL,NL,actual_offshore_wind_generation,Wind Offshore | Actual Aggregated,2026-09-24T04:41:40Z
2026-09-24T04:38:50Z,2026-09-24T06:38:50+0200,3c6ea73a-8935-4563-9159-861abf60a62a,2026-09-21T07:45:00Z,2026-09-21T09:45:00+0200,0.901,MW,NL,NL,actual_offshore_wind_generation,Wind Offshore | Actual Consumption,2026-09-24T04:41:40Z
2026-09-24T04:38:50Z,2026-09-24T06:38:50+0200,3c6ea73a-8935-4563-9159-861abf60a62a,2026-09-21T08:00:00Z,2026-09-21T10:00:00+0200,969.63,MW,NL,NL,actual_offshore_wind_generation,Wind Offshore | Actual Aggregated,2026-09-24T04:41:40Z
2026-09-24T04:38:50Z,2026-09-24T06:38:50+0200,3c6ea73a-8935-4563-9159-861abf60a62a,2026-09-21T08:00:00Z,2026-09-21T10:00:00+0200,1.247,MW,NL,NL,actual_offshore_wind_generation,Wind Offshore | Actual Consumption,2026-09-24T04:41:40Z
2026-09-24T04:38:50Z,2026-09-24T06:38:50+0200,3c6ea73a-8935-4563-9159-861abf60a62a,2026-09-21T08:15:00Z,2026-09-21T10:15:00+0200,1011.408,MW,NL,NL,actual_offshore_wind_generation,Wind Offshore | Actual Aggregated,2026-09-24T04:41:40Z
2026-09-24T04:38:50Z,2026-09-24T06:38:50+0200,3c6ea73a-8935-4563-9159-861abf60a62a,2026-09-21T08:15:00Z,2026-09-21T10:15:00+0200,0.911,MW,NL,NL,actual_offshore_wind_generation,Wind Offshore | Actual Consumption,2026-09-24T04:41:40Z
2026-09-24T04:38:50Z,2026-09-24T06:38:50+0200,3c6ea73a-8935-4563-9159-861abf60a62a,2026-09-21T08:30:00Z,2026-09-21T10:30:00+0200,1046.031,MW,NL,NL,actual_offshore_wind_generation,Wind Offshore | Actual Aggregated,2026-09-24T04:41:40Z
2026-09-24T04:38:50Z,2026-09-24T06:38:50+0200,3c6ea73a-8935-4563-9159-861abf60a62a,2026-09-21T08:30:00Z,2026-09-21T10:30:00+0200,1.283,MW,NL,NL,actual_offshore_wind_generation,Wind Offshore | Actual Consumption,2026-09-24T04:41:40Z
2026-09-24T04:38:50Z,2026-09-24T06:38:50+0200,3c6ea73a-8935-4563-9159-861abf60a62a,2026-09-21T08:45:00Z,2026-09-21T10:45:00+0200,1189.526,MW,NL,NL,actual_offshore_wind_generation,Wind Offshore | Actual Aggregated,2026-09-24T04:41:40Z
2026-09-24T04:38:50Z,2026-09-24T06:38:50+0200,3c6ea73a-8935-4563-9159-861abf60a62a,2026-09-21T08:45:00Z,2026-09-21T10:45:00+0200,1.709,MW,NL,NL,actual_offshore_wind_generation,Wind Offshore | Actual Consumption,2026-09-24T04:41:40Z
2026-09-24T04:38:50Z,2026-09-24T06:38:50+0200,3c6ea73a-8935-4563-9159-861abf60a62a,2026-09-21T09:00:00Z,2026-09-21T11:00:00+0200,1175.509,MW,NL,NL,actual_offshore_wind_generation,Wind Offshore | Actual Aggregated,2026-09-24T04:41:40Z
2026-09-24T04:38:50Z,2026-09-24T06:38:50+0200,3c6ea73a-8935-4563-9159-861abf60a62a,2026-09-21T09:00:00Z,2026-09-21T11:00:00+0200,2.214,MW,NL,NL,actual_offshore_wind_generation,Wind Offshore | Actual Consumption,2026-09-24T04:41:40Z
2026-09-24T04:38:50Z,2026-09-24T06:38:50+0200,3c6ea73a-8935-4563-9159-861abf60a62a,2026-09-21T09:15:00Z,2026-09-21T11:15:00+0200,1167.801,MW,NL,NL,actual_offshore_wind_generation,Wind Offshore | Actual Aggregated,2026-09-24T04:41:40Z
2026-09-24T04:38:50Z,2026-09-24T06:38:50+0200,3c6ea73a-8935-4563-9159-861abf60a62a,2026-09-21T09:15:00Z,2026-09-21T11:15:00+0200,1.323,MW,NL,NL,actual_offshore_wind_generation,Wind Offshore | Actual Consumption,2026-09-24T04:41:40Z
2026-09-24T04:38:50Z,2026-09-24T06:38:50+0200,3c6ea73a-8935-4563-9159-861abf60a62a,2026-09-21T09:30:00Z,2026-09-21T11:30:00+0200,1056.949,MW,NL,NL,actual_offshore_wind_generation,Wind Offshore | Actual Aggregated,2026-09-24T04:41:40Z
2026-09-24T04:38:50Z,2026-09-24T06:38:50+0200,3c6ea73a-8935-4563-9159-861abf60a62a,2026-09-21T09:30:00Z,2026-09-21T11:30:00+0200,1.374,MW,NL,NL,actual_offshore_wind_generation,Wind Offshore | Actual Consumption,2026-09-24T04:41:40Z
2026-09-24T04:38:50Z,2026-09-24T06:38:50+0200,3c6ea73a-8935-4563-9159-861abf60a62a,2026-09-21T09:45:00Z,2026-09-21T11:45:00+0200,946.016,MW,NL,NL,actual_offshore_wind_generation,Wind Offshore | Actual Aggregated,2026-09-24T04:41:40Z
2026-09-24T04:38:50Z,2026-09-24T06:38:50+0200,3c6ea73a-8935-4563-9159-861abf60a62a,2026-09-21T09:45:00Z,2026-09-21T11:45:00+0200,1.419,MW,NL,NL,actual_offshore_wind_generation,Wind Offshore | Actual Consumption,2026-09-24T04:41:40Z
2026-09-24T04:38:50Z,2026-09-24T06:38:50+0200,3c6ea73a-8935-4563-9159-861abf60a62a,2026-09-21T10:00:00Z,2026-09-21T12:00:00+0200,891.361,MW,NL,NL,actual_offshore_wind_generation,Wind Offshore | Actual Aggregated,2026-09-24T04:41:40Z
2026-09-24T04:38:50Z,2026-09-24T06:38:50+0200,3c6ea73a-8935-4563-9159-861abf60a62a,2026-09-21T10:00:00Z,2026-09-21T12:00:00+0200,1.303,MW,NL,NL,actual_offshore_wind_generation,Wind Offshore | Actual Consumption,2026-09-24T04:41:40Z
2026-09-24T04:38:50Z,2026-09-24T06:38:50+0200,3c6ea73a-8935-4563-9159-861abf60a62a,2026-09-21T10:15:00Z,2026-09-21T12:15:00+0200,776.878,MW,NL,NL,actual_offshore_wind_generation,Wind Offshore | Actual Aggregated,2026-09-24T04:41:40Z
2026-09-24T04:38:50Z,2026-09-24T06:38:50+0200,3c6ea73a-8935-4563-9159-861abf60a62a,2026-09-21T10:15:00Z,2026-09-21T12:15:00+0200,1.024,MW,NL,NL,actual_offshore_wind_generation,Wind Offshore | Actual Consumption,2026-09-24T04:41:40Z
2026-09-24T04:38:50Z,2026-09-24T06:38:50+0200,3c6ea73a-8935-4563-9159-861abf60a62a,2026-09-21T10:30:00Z,2026-09-21T12:30:00+0200,679.949,MW,NL,NL,actual_offshore_wind_generation,Wind Offshore | Actual Aggregated,2026-09-24T04:41:40Z
2026-09-24T04:38:50Z,2026-09-24T06:38:50+0200,3c6ea73a-8935-4563-9159-861abf60a62a,2026-09-21T10:30:00Z,2026-09-21T12:30:00+0200,1.094,MW,NL,NL,actual_offshore_wind_generation,Wind Offshore | Actual Consumption,2026-09-24T04:41:40Z
2026-09-24T04:38:50Z,2026-09-24T06:38:50+0200,3c6ea73a-8935-4563-9159-861abf60a62a,2026-09-21T10:45:00Z,2026-09-21T12:45:00+0200,480.922,MW,NL,NL,actual_offshore_wind_generation,Wind Offshore | Actual Aggregated,2026-09-24T04:41:40Z
2026-09-24T04:38:50Z,2026-09-24T06:38:50+0200,3c6ea73a-8935-4563-9159-861abf60a62a,2026-09-21T10:45:00Z,2026-09-21T12:45:00+0200,0.998,MW,NL,NL,actual_offshore_wind_generation,Wind Offshore | Actual Consumption,2026-09-24T04:41:40Z
2026-09-24T04:38:50Z,2026-09-24T06:38:50+0200,3c6ea73a-8935-4563-9159-861abf60a62a,2026-09-21T11:00:00Z,2026-09-21T13:00:00+0200,370.441,MW,NL,NL,actual_offshore_wind_generation,Wind Offshore | Actual Aggregated,2026-09-24T04:41:40Z
2026-09-24T04:38:50Z,2026-09-24T06:38:50+0200,3c6ea73a-8935-4563-9159-861abf60a62a,2026-09-21T11:00:00Z,2026-09-21T13:00:00+0200,0.174,MW,NL,NL,actual_offshore_wind_generation,Wind Offshore | Actual Consumption,2026-09-24T04:41:40Z
2026-09-24T04:38:50Z,2026-09-24T06:38:50+0200,3c6ea73a-8935-4563-9159-861abf60a62a,2026-09-21T11:15:00Z,2026-09-21T13:15:00+0200,272.876,MW,NL,NL,actual_offshore_wind_generation,Wind Offshore | Actual Aggregated,2026-09-24T04:41:40Z
2026-09-24T04:38:50Z,2026-09-24T06:38:50+0200,3c6ea73a-8935-4563-9159-861abf60a62a,2026-09-21T11:15:00Z,2026-09-21T13:15:00+0200,1.815,MW,NL,NL,actual_offshore_wind_generation,Wind Offshore | Actual Consumption,2026-09-24T04:41:40Z
2026-09-24T04:38:50Z,2026-09-24T06:38:50+0200,3c6ea73a-8935-4563-9159-861abf60a62a,2026-09-21T11:30:00Z,2026-09-21T13:30:00+0200,278.354,MW,NL,NL,actual_offshore_wind_generation,Wind Offshore | Actual Aggregated,2026-09-24T04:41:40Z
2026-09-24T04:38:50Z,2026-09-24T06:38:50+0200,3c6ea73a-8935-4563-9159-861abf60a62a,2026-09-21T11:30:00Z,2026-09-21T13:30:00+0200,1.36,MW,NL,NL,actual_offshore_wind_generation,Wind Offshore | Actual Consumption,2026-09-24T04:41:40Z
2026-09-24T04:38:50Z,2026-09-24T06:38:50+0200,3c6ea73a-8935-4563-9159-861abf60a62a,2026-09-21T11:45:00Z,2026-09-21T13:45:00+0200,269.999,MW,NL,NL,actual_offshore_wind_generation,Wind Offshore | Actual Aggregated,2026-09-24T04:41:40Z
2026-09-24T04:38:50Z,2026-09-24T06:38:50+0200,3c6ea73a-8935-4563-9159-861abf60a62a,2026-09-21T11:45:00Z,2026-09-21T13:45:00+0200,1.808,MW,NL,NL,actual_offshore_wind_generation,Wind Offshore | Actual Consumption,2026-09-24T04:41:40Z
2026-09-24T04:38:50Z,2026-09-24T06:38:50+0200,3c6ea73a-8935-4563-9159-861abf60a62a,2026-09-21T12:00:00Z,2026-09-21T14:00:00+0200,187.419,MW,NL,NL,actual_offshore_wind_generation,Wind Offshore | Actual Aggregated,2026-09-24T04:41:40Z
2026-09-24T04:38:50Z,2026-09-24T06:38:50+0200,3c6ea73a-8935-4563-9159-861abf60a62a,2026-09-21T12:00:00Z,2026-09-21T14:00:00+0200,0.188,MW,NL,NL,actual_offshore_wind_generation,Wind Offshore | Actual Consumption,2026-09-24T04:41:40Z
2026-09-24T04:38:50Z,2026-09-24T06:38:50+0200,3c6ea73a-8935-4563-9159-861abf60a62a,2026-09-21T12:15:00Z,2026-09-21T14:15:00+0200,140.74,MW,NL,NL,actual_offshore_wind_generation,Wind Offshore | Actual Aggregated,2026-09-24T04:41:40Z
2026-09-24T04:38:50Z,2026-09-24T06:38:50+0200,3c6ea73a-8935-4563-9159-861abf60a62a,2026-09-21T12:15:00Z,2026-09-21T14:15:00+0200,1.339,MW,NL,NL,actual_offshore_wind_generation,Wind Offshore | Actual Consumption,2026-09-24T04:41:40Z
2026-09-24T04:38:50Z,2026-09-24T06:38:50+0200,3c6ea73a-8935-4563-9159-861abf60a62a,2026-09-21T12:30:00Z,2026-09-21T14:30:00+0200,153.519,MW,NL,NL,actual_offshore_wind_generation,Wind Offshore | Actual Aggregated,2026-09-24T04:41:40Z
2026-09-24T04:38:50Z,2026-09-24T06:38:50+0200,3c6ea73a-8935-4563-9159-861abf60a62a,2026-09-21T12:30:00Z,2026-09-21T14:30:00+0200,1.257,MW,NL,NL,actual_offshore_wind_generation,Wind Offshore | Actual Consumption,2026-09-24T04:41:40Z
2026-09-24T04:38:50Z,2026-09-24T06:38:50+0200,3c6ea73a-8935-4563-9159-861abf60a62a,2026-09-21T12:45:00Z,2026-09-21T14:45:00+0200,169.712,MW,NL,NL,actual_offshore_wind_generation,Wind Offshore | Actual Aggregated,2026-09-24T04:41:40Z
2026-09-24T04:38:50Z,2026-09-24T06:38:50+0200,3c6ea73a-8935-4563-9159-861abf60a62a,2026-09-21T12:45:00Z,2026-09-21T14:45:00+0200,0.462,MW,NL,NL,actual_offshore_wind_generation,Wind Offshore | Actual Consumption,2026-09-24T04:41:40Z
2026-09-24T04:38:50Z,2026-09-24T06:38:50+0200,3c6ea73a-8935-4563-9159-861abf60a62a,2026-09-21T13:00:00Z,2026-09-21T15:00:00+0200,192.712,MW,NL,NL,actual_offshore_wind_generation,Wind Offshore | Actual Aggregated,2026-09-24T04:41:40Z
2026-09-24T04:38:50Z,2026-09-24T06:38:50+0200,3c6ea73a-8935-4563-9159-861abf60a62a,2026-09-21T13:00:00Z,2026-09-21T15:00:00+0200,2.307,MW,NL,NL,actual_offshore_wind_generation,Wind Offshore | Actual Consumption,2026-09-24T04:41:40Z
2026-09-24T04:38:50Z,2026-09-24T06:38:50+0200,3c6ea73a-8935-4563-9159-861abf60a62a,2026-09-21T13:15:00Z,2026-09-21T15:15:00+0200,196.943,MW,NL,NL,actual_offshore_wind_generation,Wind Offshore | Actual Aggregated,2026-09-24T04:41:40Z
2026-09-24T04:38:50Z,2026-09-24T06:38:50+0200,3c6ea73a-8935-4563-9159-861abf60a62a,2026-09-21T13:15:00Z,2026-09-21T15:15:00+0200,6.207,MW,NL,NL,actual_offshore_wind_generation,Wind Offshore | Actual Consumption,2026-09-24T04:41:40Z
2026-09-24T04:38:50Z,2026-09-24T06:38:50+0200,3c6ea73a-8935-4563-9159-861abf60a62a,2026-09-21T13:30:00Z,2026-09-21T15:30:00+0200,206.202,MW,NL,NL,actual_offshore_wind_generation,Wind Offshore | Actual Aggregated,2026-09-24T04:41:40Z
2026-09-24T04:38:50Z,2026-09-24T06:38:50+0200,3c6ea73a-8935-4563-9159-861abf60a62a,2026-09-21T13:30:00Z,2026-09-21T15:30:00+0200,10.81,MW,NL,NL,actual_offshore_wind_generation,Wind Offshore | Actual Consumption,2026-09-24T04:41:40Z
2026-09-24T04:38:50Z,2026-09-24T06:38:50+0200,3c6ea73a-8935-4563-9159-861abf60a62a,2026-09-21T13:45:00Z,2026-09-21T15:45:00+0200,270.065,MW,NL,NL,actual_offshore_wind_generation,Wind Offshore | Actual Aggregated,2026-09-24T04:41:40Z
2026-09-24T04:38:50Z,2026-09-24T06:38:50+0200,3c6ea73a-8935-4563-9159-861abf60a62a,2026-09-21T13:45:00Z,2026-09-21T15:45:00+0200,12.394,MW,NL,NL,actual_offshore_wind_generation,Wind Offshore | Actual Consumption,2026-09-24T04:41:40Z
2026-09-24T04:38:50Z,2026-09-24T06:38:50+0200,3c6ea73a-8935-4563-9159-861abf60a62a,2026-09-21T14:00:00Z,2026-09-21T16:00:00+0200,296.071,MW,NL,NL,actual_offshore_wind_generation,Wind Offshore | Actual Aggregated,2026-09-24T04:41:40Z
2026-09-24T04:38:50Z,2026-09-24T06:38:50+0200,3c6ea73a-8935-4563-9159-861abf60a62a,2026-09-21T14:00:00Z,2026-09-21T16:00:00+0200,12.739,MW,NL,NL,actual_offshore_wind_generation,Wind Offshore | Actual Consumption,2026-09-24T04:41:40Z
2026-09-24T04:38:50Z,2026-09-24T06:38:50+0200,3c6ea73a-8935-4563-9159-861abf60a62a,2026-09-21T14:15:00Z,2026-09-21T16:15:00+0200,245.954,MW,NL,NL,actual_offshore_wind_generation,Wind Offshore | Actual Aggregated,2026-09-24T04:41:40Z
2026-09-24T04:38:50Z,2026-09-24T06:38:50+0200,3c6ea73a-8935-4563-9159-861abf60a62a,2026-09-21T14:15:00Z,2026-09-21T16:15:00+0200,12.721,MW,NL,NL,actual_offshore_wind_generation,Wind Offshore | Actual Consumption,2026-09-24T04:41:40Z
2026-09-24T04:38:50Z,2026-09-24T06:38:50+0200,3c6ea73a-8935-4563-9159-861abf60a62a,2026-09-21T14:30:00Z,2026-09-21T16:30:00+0200,342.509,MW,NL,NL,actual_offshore_wind_generation,Wind Offshore | Actual Aggregated,2026-09-24T04:41:40Z
2026-09-24T04:38:50Z,2026-09-24T06:38:50+0200,3c6ea73a-8935-4563-9159-861abf60a62a,2026-09-21T14:30:00Z,2026-09-21T16:30:00+0200,11.708,MW,NL,NL,actual_offshore_wind_generation,Wind Offshore | Actual Consumption,2026-09-24T04:41:40Z
2026-09-24T04:38:50Z,2026-09-24T06:38:50+0200,3c6ea73a-8935-4563-9159-861abf60a62a,2026-09-21T14:45:00Z,2026-09-21T16:45:00+0200,297.77,MW,NL,NL,actual_offshore_wind_generation,Wind Offshore | Actual Aggregated,2026-09-24T04:41:40Z
2026-09-24T04:38:50Z,2026-09-24T06:38:50+0200,3c6ea73a-8935-4563-9159-861abf60a62a,2026-09-21T14:45:00Z,2026-09-21T16:45:00+0200,13.618,MW,NL,NL,actual_offshore_wind_generation,Wind Offshore | Actual Consumption,2026-09-24T04:41:40Z
2026-09-24T04:38:50Z,2026-09-24T06:38:50+0200,3c6ea73a-8935-4563-9159-861abf60a62a,2026-09-21T15:00:00Z,2026-09-21T17:00:00+0200,302.489,MW,NL,NL,actual_offshore_wind_generation,Wind Offshore | Actual Aggregated,2026-09-24T04:41:40Z
2026-09-24T04:38:50Z,2026-09-24T06:38:50+0200,3c6ea73a-8935-4563-9159-861abf60a62a,2026-09-21T15:00:00Z,2026-09-21T17:00:00+0200,14.081,MW,NL,NL,actual_offshore_wind_generation,Wind Offshore | Actual Consumption,2026-09-24T04:41:40Z
2026-09-24T04:38:50Z,2026-09-24T06:38:50+0200,3c6ea73a-8935-4563-9159-861abf60a62a,2026-09-21T15:15:00Z,2026-09-21T17:15:00+0200,367.527,MW,NL,NL,actual_offshore_wind_generation,Wind Offshore | Actual Aggregated,2026-09-24T04:41:40Z
2026-09-24T04:38:50Z,2026-09-24T06:38:50+0200,3c6ea73a-8935-4563-9159-861abf60a62a,2026-09-21T15:15:00Z,2026-09-21T17:15:00+0200,12.837,MW,NL,NL,actual_offshore_wind_generation,Wind Offshore | Actual Consumption,2026-09-24T04:41:40Z
2026-09-24T04:38:50Z,2026-09-24T06:38:50+0200,3c6ea73a-8935-4563-9159-861abf60a62a,2026-09-21T15:30:00Z,2026-09-21T17:30:00+0200,352.252,MW,NL,NL,actual_offshore_wind_generation,Wind Offshore | Actual Aggregated,2026-09-24T04:41:40Z
2026-09-24T04:38:50Z,2026-09-24T06:38:50+0200,3c6ea73a-8935-4563-9159-861abf60a62a,2026-09-21T15:30:00Z,2026-09-21T17:30:00+0200,12.483,MW,NL,NL,actual_offshore_wind_generation,Wind Offshore | Actual Consumption,2026-09-24T04:41:40Z
2026-09-24T04:38:50Z,2026-09-24T06:38:50+0200,3c6ea73a-8935-4563-9159-861abf60a62a,2026-09-21T15:45:00Z,2026-09-21T17:45:00+0200,303.539,MW,NL,NL,actual_offshore_wind_generation,Wind Offshore | Actual Aggregated,2026-09-24T04:41:40Z
2026-09-24T04:38:50Z,2026-09-24T06:38:50+0200,3c6ea73a-8935-4563-9159-861abf60a62a,2026-09-21T15:45:00Z,2026-09-21T17:45:00+0200,12.799,MW,NL,NL,actual_offshore_wind_generation,Wind Offshore | Actual Consumption,2026-09-24T04:41:40Z
2026-09-24T04:38:50Z,2026-09-24T06:38:50+0200,3c6ea73a-8935-4563-9159-861abf60a62a,2026-09-21T16:00:00Z,2026-09-21T18:00:00+0200,278.403,MW,NL,NL,actual_offshore_wind_generation,Wind Offshore | Actual Aggregated,2026-09-24T04:41:40Z
2026-09-24T04:38:50Z,2026-09-24T06:38:50+0200,3c6ea73a-8935-4563-9159-861abf60a62a,2026-09-21T16:00:00Z,2026-09-21T18:00:00+0200,11.492,MW,NL,NL,actual_offshore_wind_generation,Wind Offshore | Actual Consumption,2026-09-24T04:41:40Z
2026-09-24T04:38:50Z,2026-09-24T06:38:50+0200,3c6ea73a-8935-4563-9159-861abf60a62a,2026-09-21T16:15:00Z,2026-09-21T18:15:00+0200,284.71,MW,NL,NL,actual_offshore_wind_generation,Wind Offshore | Actual Aggregated,2026-09-24T04:41:40Z
2026-09-24T04:38:50Z,2026-09-24T06:38:50+0200,3c6ea73a-8935-4563-9159-861abf60a62a,2026-09-21T16:15:00Z,2026-09-21T18:15:00+0200,11.935,MW,NL,NL,actual_offshore_wind_generation,Wind Offshore | Actual Consumption,2026-09-24T04:41:40Z
2026-09-24T04:38:50Z,2026-09-24T06:38:50+0200,3c6ea73a-8935-4563-9159-861abf60a62a,2026-09-21T16:30:00Z,2026-09-21T18:30:00+0200,319.613,MW,NL,NL,actual_offshore_wind_generation,Wind Offshore | Actual Aggregated,2026-09-24T04:41:40Z
2026-09-24T04:38:50Z,2026-09-24T06:38:50+0200,3c6ea73a-8935-4563-9159-861abf60a62a,2026-09-21T16:30:00Z,2026-09-21T18:30:00+0200,11.444,MW,NL,NL,actual_offshore_wind_generation,Wind Offshore | Actual Consumption,2026-09-24T04:41:40Z
2026-09-24T04:38:50Z,2026-09-24T06:38:50+0200,3c6ea73a-8935-4563-9159-861abf60a62a,2026-09-21T16:45:00Z,2026-09-21T18:45:00+0200,350.291,MW,NL,NL,actual_offshore_wind_generation,Wind Offshore | Actual Aggregated,2026-09-24T04:41:40Z
2026-09-24T04:38:50Z,2026-09-24T06:38:50+0200,3c6ea73a-8935-4563-9159-861abf60a62a,2026-09-21T16:45:00Z,2026-09-21T18:45:00+0200,11.643,MW,NL,NL,actual_offshore_wind_generation,Wind Offshore | Actual Consumption,2026-09-24T04:41:40Z
2026-09-24T04:38:50Z,2026-09-24T06:38:50+0200,3c6ea73a-8935-4563-9159-861abf60a62a,2026-09-21T17:00:00Z,2026-09-21T19:00:00+0200,332.073,MW,NL,NL,actual_offshore_wind_generation,Wind Offshore | Actual Aggregated,2026-09-24T04:41:40Z
2026-09-24T04:38:50Z,2026-09-24T06:38:50+0200,3c6ea73a-8935-4563-9159-861abf60a62a,2026-09-21T17:00:00Z,2026-09-21T19:00:00+0200,11.286,MW,NL,NL,actual_offshore_wind_generation,Wind Offshore | Actual Consumption,2026-09-24T04:41:40Z
2026-09-24T04:38:50Z,2026-09-24T06:38:50+0200,3c6ea73a-8935-4563-9159-861abf60a62a,2026-09-21T17:15:00Z,2026-09-21T19:15:00+0200,325.89,MW,NL,NL,actual_offshore_wind_generation,Wind Offshore | Actual Aggregated,2026-09-24T04:41:40Z
2026-09-24T04:38:50Z,2026-09-24T06:38:50+0200,3c6ea73a-8935-4563-9159-861abf60a62a,2026-09-21T17:15:00Z,2026-09-21T19:15:00+0200,11.434,MW,NL,NL,actual_offshore_wind_generation,Wind Offshore | Actual Consumption,2026-09-24T04:41:40Z
2026-09-24T04:38:50Z,2026-09-24T06:38:50+0200,3c6ea73a-8935-4563-9159-861abf60a62a,2026-09-21T17:30:00Z,2026-09-21T19:30:00+0200,318.677,MW,NL,NL,actual_offshore_wind_generation,Wind Offshore | Actual Aggregated,2026-09-24T04:41:40Z
2026-09-24T04:38:50Z,2026-09-24T06:38:50+0200,3c6ea73a-8935-4563-9159-861abf60a62a,2026-09-21T17:30:00Z,2026-09-21T19:30:00+0200,11.434,MW,NL,NL,actual_offshore_wind_generation,Wind Offshore | Actual Consumption,2026-09-24T04:41:40Z
2026-09-24T04:38:50Z,2026-09-24T06:38:50+0200,3c6ea73a-8935-4563-9159-861abf60a62a,2026-09-21T17:45:00Z,2026-09-21T19:45:00+0200,306.791,MW,NL,NL,actual_offshore_wind_generation,Wind Offshore | Actual Aggregated,2026-09-24T04:41:40Z
2026-09-24T04:38:50Z,2026-09-24T06:38:50+0200,3c6ea73a-8935-4563-9159-861abf60a62a,2026-09-21T17:45:00Z,2026-09-21T19:45:00+0200,11.184,MW,NL,NL,actual_offshore_wind_generation,Wind Offshore | Actual Consumption,2026-09-24T04:41:40Z
2026-09-24T04:38:50Z,2026-09-24T06:38:50+0200,3c6ea73a-8935-4563-9159-861abf60a62a,2026-09-21T18:00:00Z,2026-09-21T20:00:00+0200,280.288,MW,NL,NL,actual_offshore_wind_generation,Wind Offshore | Actual Aggregated,2026-09-24T04:41:40Z
2026-09-24T04:38:50Z,2026-09-24T06:38:50+0200,3c6ea73a-8935-4563-9159-861abf60a62a,2026-09-21T18:00:00Z,2026-09-21T20:00:00+0200,10.953,MW,NL,NL,actual_offshore_wind_generation,Wind Offshore | Actual Consumption,2026-09-24T04:41:40Z
2026-09-24T04:38:50Z,2026-09-24T06:38:50+0200,3c6ea73a-8935-4563-9159-861abf60a62a,2026-09-21T18:15:00Z,2026-09-21T20:15:00+0200,264.559,MW,NL,NL,actual_offshore_wind_generation,Wind Offshore | Actual Aggregated,2026-09-24T04:41:40Z
2026-09-24T04:38:50Z,2026-09-24T06:38:50+0200,3c6ea73a-8935-4563-9159-861abf60a62a,2026-09-21T18:15:00Z,2026-09-21T20:15:00+0200,10.948,MW,NL,NL,actual_offshore_wind_generation,Wind Offshore | Actual Consumption,2026-09-24T04:41:40Z
2026-09-24T04:38:50Z,2026-09-24T06:38:50+0200,3c6ea73a-8935-4563-9159-861abf60a62a,2026-09-21T18:30:00Z,2026-09-21T20:30:00+0200,243.482,MW,NL,NL,actual_offshore_wind_generation,Wind Offshore | Actual Aggregated,2026-09-24T04:41:40Z
2026-09-24T04:38:50Z,2026-09-24T06:38:50+0200,3c6ea73a-8935-4563-9159-861abf60a62a,2026-09-21T18:30:00Z,2026-09-21T20:30:00+0200,10.978,MW,NL,NL,actual_offshore_wind_generation,Wind Offshore | Actual Consumption,2026-09-24T04:41:40Z
2026-09-24T04:38:50Z,2026-09-24T06:38:50+0200,3c6ea73a-8935-4563-9159-861abf60a62a,2026-09-21T18:45:00Z,2026-09-21T20:45:00+0200,263.421,MW,NL,NL,actual_offshore_wind_generation,Wind Offshore | Actual Aggregated,2026-09-24T04:41:40Z
2026-09-24T04:38:50Z,2026-09-24T06:38:50+0200,3c6ea73a-8935-4563-9159-861abf60a62a,2026-09-21T18:45:00Z,2026-09-21T20:45:00+0200,10.947,MW,NL,NL,actual_offshore_wind_generation,Wind Offshore | Actual Consumption,2026-09-24T04:41:40Z
2026-09-24T04:38:50Z,2026-09-24T06:38:50+0200,3c6ea73a-8935-4563-9159-861abf60a62a,2026-09-21T19:00:00Z,2026-09-21T21:00:00+0200,230.563,MW,NL,NL,actual_offshore_wind_generation,Wind Offshore | Actual Aggregated,2026-09-24T04:41:40Z
2026-09-24T04:38:50Z,2026-09-24T06:38:50+0200,3c6ea73a-8935-4563-9159-861abf60a62a,2026-09-21T19:00:00Z,2026-09-21T21:00:00+0200,10.48,MW,NL,NL,actual_offshore_wind_generation,Wind Offshore | Actual Consumption,2026-09-24T04:41:40Z
2026-09-24T04:38:50Z,2026-09-24T06:38:50+0200,3c6ea73a-8935-4563-9159-861abf60a62a,2026-09-21T19:15:00Z,2026-09-21T21:15:00+0200,205.105,MW,NL,NL,actual_offshore_wind_generation,Wind Offshore | Actual Aggregated,2026-09-24T04:41:40Z
2026-09-24T04:38:50Z,2026-09-24T06:38:50+0200,3c6ea73a-8935-4563-9159-861abf60a62a,2026-09-21T19:15:00Z,2026-09-21T21:15:00+0200,12.84,MW,NL,NL,actual_offshore_wind_generation,Wind Offshore | Actual Consumption,2026-09-24T04:41:40Z
2026-09-24T04:38:50Z,2026-09-24T06:38:50+0200,3c6ea73a-8935-4563-9159-861abf60a62a,2026-09-21T19:30:00Z,2026-09-21T21:30:00+0200,248.502,MW,NL,NL,actual_offshore_wind_generation,Wind Offshore | Actual Aggregated,2026-09-24T04:41:40Z
2026-09-24T04:38:50Z,2026-09-24T06:38:50+0200,3c6ea73a-8935-4563-9159-861abf60a62a,2026-09-21T19:30:00Z,2026-09-21T21:30:00+0200,11.796,MW,NL,NL,actual_offshore_wind_generation,Wind Offshore | Actual Consumption,2026-09-24T04:41:40Z
2026-09-24T04:38:50Z,2026-09-24T06:38:50+0200,3c6ea73a-8935-4563-9159-861abf60a62a,2026-09-21T19:45:00Z,2026-09-21T21:45:00+0200,322.685,MW,NL,NL,actual_offshore_wind_generation,Wind Offshore | Actual Aggregated,2026-09-24T04:41:40Z
2026-09-24T04:38:50Z,2026-09-24T06:38:50+0200,3c6ea73a-8935-4563-9159-861abf60a62a,2026-09-21T19:45:00Z,2026-09-21T21:45:00+0200,11.243,MW,NL,NL,actual_offshore_wind_generation,Wind Offshore | Actual Consumption,2026-09-24T04:41:40Z
2026-09-24T04:38:50Z,2026-09-24T06:38:50+0200,3c6ea73a-8935-4563-9159-861abf60a62a,2026-09-21T20:00:00Z,2026-09-21T22:00:00+0200,389.34,MW,NL,NL,actual_offshore_wind_generation,Wind Offshore | Actual Aggregated,2026-09-24T04:41:40Z
2026-09-24T04:38:50Z,2026-09-24T06:38:50+0200,3c6ea73a-8935-4563-9159-861abf60a62a,2026-09-21T20:00:00Z,2026-09-21T22:00:00+0200,11.115,MW,NL,NL,actual_offshore_wind_generation,Wind Offshore | Actual Consumption,2026-09-24T04:41:40Z
2026-09-24T04:38:50Z,2026-09-24T06:38:50+0200,3c6ea73a-8935-4563-9159-861abf60a62a,2026-09-21T20:15:00Z,2026-09-21T22:15:00+0200,480.006,MW,NL,NL,actual_offshore_wind_generation,Wind Offshore | Actual Aggregated,2026-09-24T04:41:40Z
2026-09-24T04:38:50Z,2026-09-24T06:38:50+0200,3c6ea73a-8935-4563-9159-861abf60a62a,2026-09-21T20:15:00Z,2026-09-21T22:15:00+0200,10.89,MW,NL,NL,actual_offshore_wind_generation,Wind Offshore | Actual Consumption,2026-09-24T04:41:40Z
2026-09-24T04:38:50Z,2026-09-24T06:38:50+0200,3c6ea73a-8935-4563-9159-861abf60a62a,2026-09-21T20:30:00Z,2026-09-21T22:30:00+0200,504.291,MW,NL,NL,actual_offshore_wind_generation,Wind Offshore | Actual Aggregated,2026-09-24T04:41:40Z
2026-09-24T04:38:50Z,2026-09-24T06:38:50+0200,3c6ea73a-8935-4563-9159-861abf60a62a,2026-09-21T20:30:00Z,2026-09-21T22:30:00+0200,10.574,MW,NL,NL,actual_offshore_wind_generation,Wind Offshore | Actual Consumption,2026-09-24T04:41:40Z
2026-09-24T04:38:50Z,2026-09-24T06:38:50+0200,3c6ea73a-8935-4563-9159-861abf60a62a,2026-09-21T20:45:00Z,2026-09-21T22:45:00+0200,460.335,MW,NL,NL,actual_offshore_wind_generation,Wind Offshore | Actual Aggregated,2026-09-24T04:41:40Z
2026-09-24T04:38:50Z,2026-09-24T06:38:50+0200,3c6ea73a-8935-4563-9159-861abf60a62a,2026-09-21T20:45:00Z,2026-09-21T22:45:00+0200,11.321,MW,NL,NL,actual_offshore_wind_generation,Wind Offshore | Actual Consumption,2026-09-24T04:41:40Z
2026-09-24T04:38:50Z,2026-09-24T06:38:50+0200,3c6ea73a-8935-4563-9159-861abf60a62a,2026-09-21T21:00:00Z,2026-09-21T23:00:00+0200,400.756,MW,NL,NL,actual_offshore_wind_generation,Wind Offshore | Actual Aggregated,2026-09-24T04:41:40Z
2026-09-24T04:38:50Z,2026-09-24T06:38:50+0200,3c6ea73a-8935-4563-9159-861abf60a62a,2026-09-21T21:00:00Z,2026-09-21T23:00:00+0200,10.293,MW,NL,NL,actual_offshore_wind_generation,Wind Offshore | Actual Consumption,2026-09-24T04:41:40Z
2026-09-24T04:38:50Z,2026-09-24T06:38:50+0200,3c6ea73a-8935-4563-9159-861abf60a62a,2026-09-21T21:15:00Z,2026-09-21T23:15:00+0200,357.403,MW,NL,NL,actual_offshore_wind_generation,Wind Offshore | Actual Aggregated,2026-09-24T04:41:40Z
2026-09-24T04:38:50Z,2026-09-24T06:38:50+0200,3c6ea73a-8935-4563-9159-861abf60a62a,2026-09-21T21:15:00Z,2026-09-21T23:15:00+0200,9.886,MW,NL,NL,actual_offshore_wind_generation,Wind Offshore | Actual Consumption,2026-09-24T04:41:40Z
2026-09-24T04:38:50Z,2026-09-24T06:38:50+0200,3c6ea73a-8935-4563-9159-861abf60a62a,2026-09-21T21:30:00Z,2026-09-21T23:30:00+0200,348.584,MW,NL,NL,actual_offshore_wind_generation,Wind Offshore | Actual Aggregated,2026-09-24T04:41:40Z
2026-09-24T04:38:50Z,2026-09-24T06:38:50+0200,3c6ea73a-8935-4563-9159-861abf60a62a,2026-09-21T21:30:00Z,2026-09-21T23:30:00+0200,9.358,MW,NL,NL,actual_offshore_wind_generation,Wind Offshore | Actual Consumption,2026-09-24T04:41:40Z
2026-09-24T04:38:50Z,2026-09-24T06:38:50+0200,3c6ea73a-8935-4563-9159-861abf60a62a,2026-09-21T21:45:00Z,2026-09-21T23:45:00+0200,339.895,MW,NL,NL,actual_offshore_wind_generation,Wind Offshore | Actual Aggregated,2026-09-24T04:41:40Z
2026-09-24T04:38:50Z,2026-09-24T06:38:50+0200,3c6ea73a-8935-4563-9159-861abf60a62a,2026-09-21T21:45:00Z,2026-09-21T23:45:00+0200,10.053,MW,NL,NL,actual_offshore_wind_generation,Wind Offshore | Actual Consumption,2026-09-24T04:41:40Z
2026-09-24T04:38:50Z,2026-09-24T06:38:50+0200,3c6ea73a-8935-4563-9159-861abf60a62a,2026-09-21T22:00:00Z,2026-09-22T00:00:00+0200,324.346,MW,NL,NL,actual_offshore_wind_generation,Wind Offshore | Actual Aggregated,2026-09-24T04:41:40Z
2026-09-24T04:38:50Z,2026-09-24T06:38:50+0200,3c6ea73a-8935-4563-9159-861abf60a62a,2026-09-21T22:00:00Z,2026-09-22T00:00:00+0200,8.823,MW,NL,NL,actual_offshore_wind_generation,Wind Offshore | Actual Consumption,2026-09-24T04:41:40Z
2026-09-24T04:38:50Z,2026-09-24T06:38:50+0200,3c6ea73a-8935-4563-9159-861abf60a62a,2026-09-21T22:15:00Z,2026-09-22T00:15:00+0200,345.295,MW,NL,NL,actual_offshore_wind_generation,Wind Offshore | Actual Aggregated,2026-09-24T04:41:40Z
2026-09-24T04:38:50Z,2026-09-24T06:38:50+0200,3c6ea73a-8935-4563-9159-861abf60a62a,2026-09-21T22:15:00Z,2026-09-22T00:15:00+0200,11.248,MW,NL,NL,actual_offshore_wind_generation,Wind Offshore | Actual Consumption,2026-09-24T04:41:40Z
2026-09-24T04:38:50Z,2026-09-24T06:38:50+0200,3c6ea73a-8935-4563-9159-861abf60a62a,2026-09-21T22:30:00Z,2026-09-22T00:30:00+0200,354.639,MW,NL,NL,actual_offshore_wind_generation,Wind Offshore | Actual Aggregated,2026-09-24T04:41:40Z
2026-09-24T04:38:50Z,2026-09-24T06:38:50+0200,3c6ea73a-8935-4563-9159-861abf60a62a,2026-09-21T22:30:00Z,2026-09-22T00:30:00+0200,11.292,MW,NL,NL,actual_offshore_wind_generation,Wind Offshore | Actual Consumption,2026-09-24T04:41:40Z
2026-09-24T04:38:50Z,2026-09-24T06:38:50+0200,3c6ea73a-8935-4563-9159-861abf60a62a,2026-09-21T22:45:00Z,2026-09-22T00:45:00+0200,335.07,MW,NL,NL,actual_offshore_wind_generation,Wind Offshore | Actual Aggregated,2026-09-24T04:41:40Z
2026-09-24T04:38:50Z,2026-09-24T06:38:50+0200,3c6ea73a-8935-4563-9159-861abf60a62a,2026-09-21T22:45:00Z,2026-09-22T00:45:00+0200,10.681,MW,NL,NL,actual_offshore_wind_generation,Wind Offshore | Actual Consumption,2026-09-24T04:41:40Z
2026-09-24T04:38:50Z,2026-09-24T06:38:50+0200,3c6ea73a-8935-4563-9159-861abf60a62a,2026-09-21T23:00:00Z,2026-09-22T01:00:00+0200,286.072,MW,NL,NL,actual_offshore_wind_generation,Wind Offshore | Actual Aggregated,2026-09-24T04:41:40Z
2026-09-24T04:38:50Z,2026-09-24T06:38:50+0200,3c6ea73a-8935-4563-9159-861abf60a62a,2026-09-21T23:00:00Z,2026-09-22T01:00:00+0200,10.935,MW,NL,NL,actual_offshore_wind_generation,Wind Offshore | Actual Consumption,2026-09-24T04:41:40Z
2026-09-24T04:38:50Z,2026-09-24T06:38:50+0200,3c6ea73a-8935-4563-9159-861abf60a62a,2026-09-21T23:15:00Z,2026-09-22T01:15:00+0200,255.722,MW,NL,NL,actual_offshore_wind_generation,Wind Offshore | Actual Aggregated,2026-09-24T04:41:40Z
2026-09-24T04:38:50Z,2026-09-24T06:38:50+0200,3c6ea73a-8935-4563-9159-861abf60a62a,2026-09-21T23:15:00Z,2026-09-22T01:15:00+0200,10.223,MW,NL,NL,actual_offshore_wind_generation,Wind Offshore | Actual Consumption,2026-09-24T04:41:40Z
2026-09-24T04:38:50Z,2026-09-24T06:38:50+0200,3c6ea73a-8935-4563-9159-861abf60a62a,2026-09-21T23:30:00Z,2026-09-22T01:30:00+0200,212.254,MW,NL,NL,actual_offshore_wind_generation,Wind Offshore | Actual Aggregated,2026-09-24T04:41:40Z
2026-09-24T04:38:50Z,2026-09-24T06:38:50+0200,3c6ea73a-8935-4563-9159-861abf60a62a,2026-09-21T23:30:00Z,2026-09-22T01:30:00+0200,11.65,MW,NL,NL,actual_offshore_wind_generation,Wind Offshore | Actual Consumption,2026-09-24T04:41:40Z
2026-09-24T04:38:50Z,2026-09-24T06:38:50+0200,3c6ea73a-8935-4563-9159-861abf60a62a,2026-09-21T23:45:00Z,2026-09-22T01:45:00+0200,152.736,MW,NL,NL,actual_offshore_wind_generation,Wind Offshore | Actual Aggregated,2026-09-24T04:41:40Z
2026-09-24T04:38:50Z,2026-09-24T06:38:50+0200,3c6ea73a-8935-4563-9159-861abf60a62a,2026-09-21T23:45:00Z,2026-09-22T01:45:00+0200,12.021,MW,NL,NL,actual_offshore_wind_generation,Wind Offshore | Actual Consumption,2026-09-24T04:41:40Z
2026-09-24T04:38:50Z,2026-09-24T06:38:50+0200,3c6ea73a-8935-4563-9159-861abf60a62a,2026-09-22T00:00:00Z,2026-09-22T02:00:00+0200,112.187,MW,NL,NL,actual_offshore_wind_generation,Wind Offshore | Actual Aggregated,2026-09-24T04:41:40Z
2026-09-24T04:38:50Z,2026-09-24T06:38:50+0200,3c6ea73a-8935-4563-9159-861abf60a62a,2026-09-22T00:00:00Z,2026-09-22T02:00:00+0200,14.677,MW,NL,NL,actual_offshore_wind_generation,Wind Offshore | Actual Consumption,2026-09-24T04:41:40Z
2026-09-24T04:38:50Z,2026-09-24T06:38:50+0200,3c6ea73a-8935-4563-9159-861abf60a62a,2026-09-22T00:15:00Z,2026-09-22T02:15:00+0200,79.591,MW,NL,NL,actual_offshore_wind_generation,Wind Offshore | Actual Aggregated,2026-09-24T04:41:40Z
2026-09-24T04:38:50Z,2026-09-24T06:38:50+0200,3c6ea73a-8935-4563-9159-861abf60a62a,2026-09-22T00:15:00Z,2026-09-22T02:15:00+0200,16.655,MW,NL,NL,actual_offshore_wind_generation,Wind Offshore | Actual Consumption,2026-09-24T04:41:40Z
2026-09-24T04:38:50Z,2026-09-24T06:38:50+0200,3c6ea73a-8935-4563-9159-861abf60a62a,2026-09-22T00:30:00Z,2026-09-22T02:30:00+0200,69.578,MW,NL,NL,actual_offshore_wind_generation,Wind Offshore | Actual Aggregated,2026-09-24T04:41:40Z
2026-09-24T04:38:50Z,2026-09-24T06:38:50+0200,3c6ea73a-8935-4563-9159-861abf60a62a,2026-09-22T00:30:00Z,2026-09-22T02:30:00+0200,19.398,MW,NL,NL,actual_offshore_wind_generation,Wind Offshore | Actual Consumption,2026-09-24T04:41:40Z
2026-09-24T04:38:50Z,2026-09-24T06:38:50+0200,3c6ea73a-8935-4563-9159-861abf60a62a,2026-09-22T00:45:00Z,2026-09-22T02:45:00+0200,52.399,MW,NL,NL,actual_offshore_wind_generation,Wind Offshore | Actual Aggregated,2026-09-24T04:41:40Z
2026-09-24T04:38:50Z,2026-09-24T06:38:50+0200,3c6ea73a-8935-4563-9159-861abf60a62a,2026-09-22T00:45:00Z,2026-09-22T02:45:00+0200,21.243,MW,NL,NL,actual_offshore_wind_generation,Wind Offshore | Actual Consumption,2026-09-24T04:41:40Z
2026-09-24T04:38:50Z,2026-09-24T06:38:50+0200,3c6ea73a-8935-4563-9159-861abf60a62a,2026-09-22T01:00:00Z,2026-09-22T03:00:00+0200,45.601,MW,NL,NL,actual_offshore_wind_generation,Wind Offshore | Actual Aggregated,2026-09-24T04:41:40Z
2026-09-24T04:38:50Z,2026-09-24T06:38:50+0200,3c6ea73a-8935-4563-9159-861abf60a62a,2026-09-22T01:00:00Z,2026-09-22T03:00:00+0200,20.77,MW,NL,NL,actual_offshore_wind_generation,Wind Offshore | Actual Consumption,2026-09-24T04:41:40Z
2026-09-24T04:38:50Z,2026-09-24T06:38:50+0200,3c6ea73a-8935-4563-9159-861abf60a62a,2026-09-22T01:15:00Z,2026-09-22T03:15:00+0200,45.741,MW,NL,NL,actual_offshore_wind_generation,Wind Offshore | Actual Aggregated,2026-09-24T04:41:40Z
2026-09-24T04:38:50Z,2026-09-24T06:38:50+0200,3c6ea73a-8935-4563-9159-861abf60a62a,2026-09-22T01:15:00Z,2026-09-22T03:15:00+0200,20.09,MW,NL,NL,actual_offshore_wind_generation,Wind Offshore | Actual Consumption,2026-09-24T04:41:40Z
2026-09-24T04:38:50Z,2026-09-24T06:38:50+0200,3c6ea73a-8935-4563-9159-861abf60a62a,2026-09-22T01:30:00Z,2026-09-22T03:30:00+0200,55.825,MW,NL,NL,actual_offshore_wind_generation,Wind Offshore | Actual Aggregated,2026-09-24T04:41:40Z
2026-09-24T04:38:50Z,2026-09-24T06:38:50+0200,3c6ea73a-8935-4563-9159-861abf60a62a,2026-09-22T01:30:00Z,2026-09-22T03:30:00+0200,20.896,MW,NL,NL,actual_offshore_wind_generation,Wind Offshore | Actual Consumption,2026-09-24T04:41:40Z
2026-09-24T04:38:50Z,2026-09-24T06:38:50+0200,3c6ea73a-8935-4563-9159-861abf60a62a,2026-09-22T01:45:00Z,2026-09-22T03:45:00+0200,62.918,MW,NL,NL,actual_offshore_wind_generation,Wind Offshore | Actual Aggregated,2026-09-24T04:41:40Z
2026-09-24T04:38:50Z,2026-09-24T06:38:50+0200,3c6ea73a-8935-4563-9159-861abf60a62a,2026-09-22T01:45:00Z,2026-09-22T03:45:00+0200,20.564,MW,NL,NL,actual_offshore_wind_generation,Wind Offshore | Actual Consumption,2026-09-24T04:41:40Z
2026-09-24T04:38:50Z,2026-09-24T06:38:50+0200,3c6ea73a-8935-4563-9159-861abf60a62a,2026-09-22T02:00:00Z,2026-09-22T04:00:00+0200,58.719,MW,NL,NL,actual_offshore_wind_generation,Wind Offshore | Actual Aggregated,2026-09-24T04:41:40Z
2026-09-24T04:38:50Z,2026-09-24T06:38:50+0200,3c6ea73a-8935-4563-9159-861abf60a62a,2026-09-22T02:00:00Z,2026-09-22T04:00:00+0200,21.022,MW,NL,NL,actual_offshore_wind_generation,Wind Offshore | Actual Consumption,2026-09-24T04:41:40Z
2026-09-24T04:38:50Z,2026-09-24T06:38:50+0200,3c6ea73a-8935-4563-9159-861abf60a62a,2026-09-22T02:15:00Z,2026-09-22T04:15:00+0200,44.062,MW,NL,NL,actual_offshore_wind_generation,Wind Offshore | Actual Aggregated,2026-09-24T04:41:40Z
2026-09-24T04:38:50Z,2026-09-24T06:38:50+0200,3c6ea73a-8935-4563-9159-861abf60a62a,2026-09-22T02:15:00Z,2026-09-22T04:15:00+0200,21.268,MW,NL,NL,actual_offshore_wind_generation,Wind Offshore | Actual Consumption,2026-09-24T04:41:40Z
2026-09-24T04:38:50Z,2026-09-24T06:38:50+0200,3c6ea73a-8935-4563-9159-861abf60a62a,2026-09-22T02:30:00Z,2026-09-22T04:30:00+0200,33.502,MW,NL,NL,actual_offshore_wind_generation,Wind Offshore | Actual Aggregated,2026-09-24T04:41:40Z
2026-09-24T04:38:50Z,2026-09-24T06:38:50+0200,3c6ea73a-8935-4563-9159-861abf60a62a,2026-09-22T02:30:00Z,2026-09-22T04:30:00+0200,20.469,MW,NL,NL,actual_offshore_wind_generation,Wind Offshore | Actual Consumption,2026-09-24T04:41:40Z
2026-09-24T04:38:50Z,2026-09-24T06:38:50+0200,3c6ea73a-8935-4563-9159-861abf60a62a,2026-09-22T02:45:00Z,2026-09-22T04:45:00+0200,19.65,MW,NL,NL,actual_offshore_wind_generation,Wind Offshore | Actual Aggregated,2026-09-24T04:41:40Z
2026-09-24T04:38:50Z,2026-09-24T06:38:50+0200,3c6ea73a-8935-4563-9159-861abf60a62a,2026-09-22T02:45:00Z,2026-09-22T04:45:00+0200,24.286,MW,NL,NL,actual_offshore_wind_generation,Wind Offshore | Actual Consumption,2026-09-24T04:41:40Z
2026-09-24T04:38:50Z,2026-09-24T06:38:50+0200,3c6ea73a-8935-4563-9159-861abf60a62a,2026-09-22T03:00:00Z,2026-09-22T05:00:00+0200,14.88,MW,NL,NL,actual_offshore_wind_generation,Wind Offshore | Actual Aggregated,2026-09-24T04:41:40Z
2026-09-24T04:38:50Z,2026-09-24T06:38:50+0200,3c6ea73a-8935-4563-9159-861abf60a62a,2026-09-22T03:00:00Z,2026-09-22T05:00:00+0200,26.784,MW,NL,NL,actual_offshore_wind_generation,Wind Offshore | Actual Consumption,2026-09-24T04:41:40Z
2026-09-24T04:38:50Z,2026-09-24T06:38:50+0200,3c6ea73a-8935-4563-9159-861abf60a62a,2026-09-22T03:15:00Z,2026-09-22T05:15:00+0200,11.058,MW,NL,NL,actual_offshore_wind_generation,Wind Offshore | Actual Aggregated,2026-09-24T04:41:40Z
2026-09-24T04:38:50Z,2026-09-24T06:38:50+0200,3c6ea73a-8935-4563-9159-861abf60a62a,2026-09-22T03:15:00Z,2026-09-22T05:15:00+0200,26.378,MW,NL,NL,actual_offshore_wind_generation,Wind Offshore | Actual Consumption,2026-09-24T04:41:40Z
2026-09-24T04:38:50Z,2026-09-24T06:38:50+0200,3c6ea73a-8935-4563-9159-861abf60a62a,2026-09-22T03:30:00Z,2026-09-22T05:30:00+0200,7.526,MW,NL,NL,actual_offshore_wind_generation,Wind Offshore | Actual Aggregated,2026-09-24T04:41:40Z
2026-09-24T04:38:50Z,2026-09-24T06:38:50+0200,3c6ea73a-8935-4563-9159-861abf60a62a,2026-09-22T03:30:00Z,2026-09-22T05:30:00+0200,29.328,MW,NL,NL,actual_offshore_wind_generation,Wind Offshore | Actual Consumption,2026-09-24T04:41:40Z
2026-09-24T04:38:50Z,2026-09-24T06:38:50+0200,3c6ea73a-8935-4563-9159-861abf60a62a,2026-09-22T03:45:00Z,2026-09-22T05:45:00+0200,5.419,MW,NL,NL,actual_offshore_wind_generation,Wind Offshore | Actual Aggregated,2026-09-24T04:41:40Z
2026-09-24T04:38:50Z,2026-09-24T06:38:50+0200,3c6ea73a-8935-4563-9159-861abf60a62a,2026-09-22T03:45:00Z,2026-09-22T05:45:00+0200,29.473,MW,NL,NL,actual_offshore_wind_generation,Wind Offshore | Actual Consumption,2026-09-24T04:41:40Z
2026-09-24T04:38:50Z,2026-09-24T06:38:50+0200,3c6ea73a-8935-4563-9159-861abf60a62a,2026-09-22T04:00:00Z,2026-09-22T06:00:00+0200,2.524,MW,NL,NL,actual_offshore_wind_generation,Wind Offshore | Actual Aggregated,2026-09-24T04:41:40Z
2026-09-24T04:38:50Z,2026-09-24T06:38:50+0200,3c6ea73a-8935-4563-9159-861abf60a62a,2026-09-22T04:00:00Z,2026-09-22T06:00:00+0200,29.326,MW,NL,NL,actual_offshore_wind_generation,Wind Offshore | Actual Consumption,2026-09-24T04:41:40Z
2026-09-24T04:38:50Z,2026-09-24T06:38:50+0200,3c6ea73a-8935-4563-9159-861abf60a62a,2026-09-22T04:15:00Z,2026-09-22T06:15:00+0200,2.755,MW,NL,NL,actual_offshore_wind_generation,Wind Offshore | Actual Aggregated,2026-09-24T04:41:40Z
2026-09-24T04:38:50Z,2026-09-24T06:38:50+0200,3c6ea73a-8935-4563-9159-861abf60a62a,2026-09-22T04:15:00Z,2026-09-22T06:15:00+0200,27.711,MW,NL,NL,actual_offshore_wind_generation,Wind Offshore | Actual Consumption,2026-09-24T04:41:40Z
2026-09-24T04:38:50Z,2026-09-24T06:38:50+0200,3c6ea73a-8935-4563-9159-861abf60a62a,2026-09-22T04:30:00Z,2026-09-22T06:30:00+0200,9.508,MW,NL,NL,actual_offshore_wind_generation,Wind Offshore | Actual Aggregated,2026-09-24T04:41:40Z
2026-09-24T04:38:50Z,2026-09-24T06:38:50+0200,3c6ea73a-8935-4563-9159-861abf60a62a,2026-09-22T04:30:00Z,2026-09-22T06:30:00+0200,25.544,MW,NL,NL,actual_offshore_wind_generation,Wind Offshore | Actual Consumption,2026-09-24T04:41:40Z
2026-09-24T04:38:50Z,2026-09-24T06:38:50+0200,3c6ea73a-8935-4563-9159-861abf60a62a,2026-09-22T04:45:00Z,2026-09-22T06:45:00+0200,11.55,MW,NL,NL,actual_offshore_wind_generation,Wind Offshore | Actual Aggregated,2026-09-24T04:41:40Z
2026-09-24T04:38:50Z,2026-09-24T06:38:50+0200,3c6ea73a-8935-4563-9159-861abf60a62a,2026-09-22T04:45:00Z,2026-09-22T06:45:00+0200,24.128,MW,NL,NL,actual_offshore_wind_generation,Wind Offshore | Actual Consumption,2026-09-24T04:41:40Z
2026-09-24T04:38:50Z,2026-09-24T06:38:50+0200,3c6ea73a-8935-4563-9159-861abf60a62a,2026-09-22T05:00:00Z,2026-09-22T07:00:00+0200,6.962,MW,NL,NL,actual_offshore_wind_generation,Wind Offshore | Actual Aggregated,2026-09-24T04:41:40Z
2026-09-24T04:38:50Z,2026-09-24T06:38:50+0200,3c6ea73a-8935-4563-9159-861abf60a62a,2026-09-22T05:00:00Z,2026-09-22T07:00:00+0200,31.209,MW,NL,NL,actual_offshore_wind_generation,Wind Offshore | Actual Consumption,2026-09-24T04:41:40Z
2026-09-24T04:38:50Z,2026-09-24T06:38:50+0200,3c6ea73a-8935-4563-9159-861abf60a62a,2026-09-22T05:15:00Z,2026-09-22T07:15:00+0200,5.278,MW,NL,NL,actual_offshore_wind_generation,Wind Offshore | Actual Aggregated,2026-09-24T04:41:40Z
2026-09-24T04:38:50Z,2026-09-24T06:38:50+0200,3c6ea73a-8935-4563-9159-861abf60a62a,2026-09-22T05:15:00Z,2026-09-22T07:15:00+0200,35.349,MW,NL,NL,actual_offshore_wind_generation,Wind Offshore | Actual Consumption,2026-09-24T04:41:40Z
2026-09-24T04:38:50Z,2026-09-24T06:38:50+0200,3c6ea73a-8935-4563-9159-861abf60a62a,2026-09-22T05:30:00Z,2026-09-22T07:30:00+0200,3.682,MW,NL,NL,actual_offshore_wind_generation,Wind Offshore | Actual Aggregated,2026-09-24T04:41:40Z
2026-09-24T04:38:50Z,2026-09-24T06:38:50+0200,3c6ea73a-8935-4563-9159-861abf60a62a,2026-09-22T05:30:00Z,2026-09-22T07:30:00+0200,32.745,MW,NL,NL,actual_offshore_wind_generation,Wind Offshore | Actual Consumption,2026-09-24T04:41:40Z
2026-09-24T04:38:50Z,2026-09-24T06:38:50+0200,3c6ea73a-8935-4563-9159-861abf60a62a,2026-09-22T05:45:00Z,2026-09-22T07:45:00+0200,6.709,MW,NL,NL,actual_offshore_wind_generation,Wind Offshore | Actual Aggregated,2026-09-24T04:41:40Z
2026-09-24T04:38:50Z,2026-09-24T06:38:50+0200,3c6ea73a-8935-4563-9159-861abf60a62a,2026-09-22T05:45:00Z,2026-09-22T07:45:00+0200,30.241,MW,NL,NL,actual_offshore_wind_generation,Wind Offshore | Actual Consumption,2026-09-24T04:41:40Z
2026-09-24T04:38:50Z,2026-09-24T06:38:50+0200,3c6ea73a-8935-4563-9159-861abf60a62a,2026-09-22T06:00:00Z,2026-09-22T08:00:00+0200,3.803,MW,NL,NL,actual_offshore_wind_generation,Wind Offshore | Actual Aggregated,2026-09-24T04:41:40Z
2026-09-24T04:38:50Z,2026-09-24T06:38:50+0200,3c6ea73a-8935-4563-9159-861abf60a62a,2026-09-22T06:00:00Z,2026-09-22T08:00:00+0200,31.785,MW,NL,NL,actual_offshore_wind_generation,Wind Offshore | Actual Consumption,2026-09-24T04:41:40Z
2026-09-24T04:38:50Z,2026-09-24T06:38:50+0200,3c6ea73a-8935-4563-9159-861abf60a62a,2026-09-22T06:15:00Z,2026-09-22T08:15:00+0200,2.735,MW,NL,NL,actual_offshore_wind_generation,Wind Offshore | Actual Aggregated,2026-09-24T04:41:40Z
2026-09-24T04:38:50Z,2026-09-24T06:38:50+0200,3c6ea73a-8935-4563-9159-861abf60a62a,2026-09-22T06:15:00Z,2026-09-22T08:15:00+0200,33.376,MW,NL,NL,actual_offshore_wind_generation,Wind Offshore | Actual Consumption,2026-09-24T04:41:40Z
2026-09-24T04:38:50Z,2026-09-24T06:38:50+0200,3c6ea73a-8935-4563-9159-861abf60a62a,2026-09-22T06:30:00Z,2026-09-22T08:30:00+0200,4.542,MW,NL,NL,actual_offshore_wind_generation,Wind Offshore | Actual Aggregated,2026-09-24T04:41:40Z
2026-09-24T04:38:50Z,2026-09-24T06:38:50+0200,3c6ea73a-8935-4563-9159-861abf60a62a,2026-09-22T06:30:00Z,2026-09-22T08:30:00+0200,33.157,MW,NL,NL,actual_offshore_wind_generation,Wind Offshore | Actual Consumption,2026-09-24T04:41:40Z
2026-09-24T04:38:50Z,2026-09-24T06:38:50+0200,3c6ea73a-8935-4563-9159-861abf60a62a,2026-09-22T06:45:00Z,2026-09-22T08:45:00+0200,3.29,MW,NL,NL,actual_offshore_wind_generation,Wind Offshore | Actual Aggregated,2026-09-24T04:41:40Z
2026-09-24T04:38:50Z,2026-09-24T06:38:50+0200,3c6ea73a-8935-4563-9159-861abf60a62a,2026-09-22T06:45:00Z,2026-09-22T08:45:00+0200,34.403,MW,NL,NL,actual_offshore_wind_generation,Wind Offshore | Actual Consumption,2026-09-24T04:41:40Z
2026-09-24T04:38:50Z,2026-09-24T06:38:50+0200,3c6ea73a-8935-4563-9159-861abf60a62a,2026-09-22T07:00:00Z,2026-09-22T09:00:00+0200,0.913,MW,NL,NL,actual_offshore_wind_generation,Wind Offshore | Actual Aggregated,2026-09-24T04:41:40Z
2026-09-24T04:38:50Z,2026-09-24T06:38:50+0200,3c6ea73a-8935-4563-9159-861abf60a62a,2026-09-22T07:00:00Z,2026-09-22T09:00:00+0200,35.534,MW,NL,NL,actual_offshore_wind_generation,Wind Offshore | Actual Consumption,2026-09-24T04:41:40Z
2026-09-24T04:38:50Z,2026-09-24T06:38:50+0200,3c6ea73a-8935-4563-9159-861abf60a62a,2026-09-22T07:15:00Z,2026-09-22T09:15:00+0200,0.42,MW,NL,NL,actual_offshore_wind_generation,Wind Offshore | Actual Aggregated,2026-09-24T04:41:40Z
2026-09-24T04:38:50Z,2026-09-24T06:38:50+0200,3c6ea73a-8935-4563-9159-861abf60a62a,2026-09-22T07:15:00Z,2026-09-22T09:15:00+0200,37.27,MW,NL,NL,actual_offshore_wind_generation,Wind Offshore | Actual Consumption,2026-09-24T04:41:40Z
2026-09-24T04:38:50Z,2026-09-24T06:38:50+0200,3c6ea73a-8935-4563-9159-861abf60a62a,2026-09-22T07:30:00Z,2026-09-22T09:30:00+0200,0.303,MW,NL,NL,actual_offshore_wind_generation,Wind Offshore | Actual Aggregated,2026-09-24T04:41:40Z
2026-09-24T04:38:50Z,2026-09-24T06:38:50+0200,3c6ea73a-8935-4563-9159-861abf60a62a,2026-09-22T07:30:00Z,2026-09-22T09:30:00+0200,38.532,MW,NL,NL,actual_offshore_wind_generation,Wind Offshore | Actual Consumption,2026-09-24T04:41:40Z
2026-09-24T04:38:50Z,2026-09-24T06:38:50+0200,3c6ea73a-8935-4563-9159-861abf60a62a,2026-09-22T07:45:00Z,2026-09-22T09:45:00+0200,1.158,MW,NL,NL,actual_offshore_wind_generation,Wind Offshore | Actual Aggregated,2026-09-24T04:41:40Z
2026-09-24T04:38:50Z,2026-09-24T06:38:50+0200,3c6ea73a-8935-4563-9159-861abf60a62a,2026-09-22T07:45:00Z,2026-09-22T09:45:00+0200,38.662,MW,NL,NL,actual_offshore_wind_generation,Wind Offshore | Actual Consumption,2026-09-24T04:41:40Z
2026-09-24T04:38:50Z,2026-09-24T06:38:50+0200,3c6ea73a-8935-4563-9159-861abf60a62a,2026-09-22T08:00:00Z,2026-09-22T10:00:00+0200,3.637,MW,NL,NL,actual_offshore_wind_generation,Wind Offshore | Actual Aggregated,2026-09-24T04:41:40Z
2026-09-24T04:38:50Z,2026-09-24T06:38:50+0200,3c6ea73a-8935-4563-9159-861abf60a62a,2026-09-22T08:00:00Z,2026-09-22T10:00:00+0200,33.284,MW,NL,NL,actual_offshore_wind_generation,Wind Offshore | Actual Consumption,2026-09-24T04:41:40Z
2026-09-24T04:38:50Z,2026-09-24T06:38:50+0200,3c6ea73a-8935-4563-9159-861abf60a62a,2026-09-22T08:15:00Z,2026-09-22T10:15:00+0200,6.239,MW,NL,NL,actual_offshore_wind_generation,Wind Offshore | Actual Aggregated,2026-09-24T04:41:40Z
2026-09-24T04:38:50Z,2026-09-24T06:38:50+0200,3c6ea73a-8935-4563-9159-861abf60a62a,2026-09-22T08:15:00Z,2026-09-22T10:15:00+0200,30.704,MW,NL,NL,actual_offshore_wind_generation,Wind Offshore | Actual Consumption,2026-09-24T04:41:40Z
2026-09-24T04:38:50Z,2026-09-24T06:38:50+0200,3c6ea73a-8935-4563-9159-861abf60a62a,2026-09-22T08:30:00Z,2026-09-22T10:30:00+0200,8.902,MW,NL,NL,actual_offshore_wind_generation,Wind Offshore | Actual Aggregated,2026-09-24T04:41:40Z
2026-09-24T04:38:50Z,2026-09-24T06:38:50+0200,3c6ea73a-8935-4563-9159-861abf60a62a,2026-09-22T08:30:00Z,2026-09-22T10:30:00+0200,29.103,MW,NL,NL,actual_offshore_wind_generation,Wind Offshore | Actual Consumption,2026-09-24T04:41:40Z
2026-09-24T04:38:50Z,2026-09-24T06:38:50+0200,3c6ea73a-8935-4563-9159-861abf60a62a,2026-09-22T08:45:00Z,2026-09-22T10:45:00+0200,12.151,MW,NL,NL,actual_offshore_wind_generation,Wind Offshore | Actual Aggregated,2026-09-24T04:41:40Z
2026-09-24T04:38:50Z,2026-09-24T06:38:50+0200,3c6ea73a-8935-4563-9159-861abf60a62a,2026-09-22T08:45:00Z,2026-09-22T10:45:00+0200,26.685,MW,NL,NL,actual_offshore_wind_generation,Wind Offshore | Actual Consumption,2026-09-24T04:41:40Z
2026-09-24T04:38:50Z,2026-09-24T06:38:50+0200,3c6ea73a-8935-4563-9159-861abf60a62a,2026-09-22T09:00:00Z,2026-09-22T11:00:00+0200,17.875,MW,NL,NL,actual_offshore_wind_generation,Wind Offshore | Actual Aggregated,2026-09-24T04:41:40Z
2026-09-24T04:38:50Z,2026-09-24T06:38:50+0200,3c6ea73a-8935-4563-9159-861abf60a62a,2026-09-22T09:00:00Z,2026-09-22T11:00:00+0200,18.981,MW,NL,NL,actual_offshore_wind_generation,Wind Offshore | Actual Consumption,2026-09-24T04:41:40Z
2026-09-24T04:38:50Z,2026-09-24T06:38:50+0200,3c6ea73a-8935-4563-9159-861abf60a62a,2026-09-22T09:15:00Z,2026-09-22T11:15:00+0200,32.771,MW,NL,NL,actual_offshore_wind_generation,Wind Offshore | Actual Aggregated,2026-09-24T04:41:40Z
2026-09-24T04:38:50Z,2026-09-24T06:38:50+0200,3c6ea73a-8935-4563-9159-861abf60a62a,2026-09-22T09:15:00Z,2026-09-22T11:15:00+0200,16.033,MW,NL,NL,actual_offshore_wind_generation,Wind Offshore | Actual Consumption,2026-09-24T04:41:40Z
2026-09-24T04:38:50Z,2026-09-24T06:38:50+0200,3c6ea73a-8935-4563-9159-861abf60a62a,2026-09-22T09:30:00Z,2026-09-22T11:30:00+0200,33.432,MW,NL,NL,actual_offshore_wind_generation,Wind Offshore | Actual Aggregated,2026-09-24T04:41:40Z
2026-09-24T04:38:50Z,2026-09-24T06:38:50+0200,3c6ea73a-8935-4563-9159-861abf60a62a,2026-09-22T09:30:00Z,2026-09-22T11:30:00+0200,17.195,MW,NL,NL,actual_offshore_wind_generation,Wind Offshore | Actual Consumption,2026-09-24T04:41:40Z
2026-09-24T04:38:50Z,2026-09-24T06:38:50+0200,3c6ea73a-8935-4563-9159-861abf60a62a,2026-09-22T09:45:00Z,2026-09-22T11:45:00+0200,34.412,MW,NL,NL,actual_offshore_wind_generation,Wind Offshore | Actual Aggregated,2026-09-24T04:41:40Z
2026-09-24T04:38:50Z,2026-09-24T06:38:50+0200,3c6ea73a-8935-4563-9159-861abf60a62a,2026-09-22T09:45:00Z,2026-09-22T11:45:00+0200,16.351,MW,NL,NL,actual_offshore_wind_generation,Wind Offshore | Actual Consumption,2026-09-24T04:41:40Z
2026-09-24T04:38:50Z,2026-09-24T06:38:50+0200,3c6ea73a-8935-4563-9159-861abf60a62a,2026-09-22T10:00:00Z,2026-09-22T12:00:00+0200,29.953,MW,NL,NL,actual_offshore_wind_generation,Wind Offshore | Actual Aggregated,2026-09-24T04:41:40Z
2026-09-24T04:38:50Z,2026-09-24T06:38:50+0200,3c6ea73a-8935-4563-9159-861abf60a62a,2026-09-22T10:00:00Z,2026-09-22T12:00:00+0200,13.584,MW,NL,NL,actual_offshore_wind_generation,Wind Offshore | Actual Consumption,2026-09-24T04:41:40Z
2026-09-24T04:38:50Z,2026-09-24T06:38:50+0200,3c6ea73a-8935-4563-9159-861abf60a62a,2026-09-22T10:15:00Z,2026-09-22T12:15:00+0200,31.06,MW,NL,NL,actual_offshore_wind_generation,Wind Offshore | Actual Aggregated,2026-09-24T04:41:40Z
2026-09-24T04:38:50Z,2026-09-24T06:38:50+0200,3c6ea73a-8935-4563-9159-861abf60a62a,2026-09-22T10:15:00Z,2026-09-22T12:15:00+0200,11.024,MW,NL,NL,actual_offshore_wind_generation,Wind Offshore | Actual Consumption,2026-09-24T04:41:40Z
2026-09-24T04:38:50Z,2026-09-24T06:38:50+0200,3c6ea73a-8935-4563-9159-861abf60a62a,2026-09-22T10:30:00Z,2026-09-22T12:30:00+0200,40.617,MW,NL,NL,actual_offshore_wind_generation,Wind Offshore | Actual Aggregated,2026-09-24T04:41:40Z
2026-09-24T04:38:50Z,2026-09-24T06:38:50+0200,3c6ea73a-8935-4563-9159-861abf60a62a,2026-09-22T10:30:00Z,2026-09-22T12:30:00+0200,10.678,MW,NL,NL,actual_offshore_wind_generation,Wind Offshore | Actual Consumption,2026-09-24T04:41:40Z
2026-09-24T04:38:50Z,2026-09-24T06:38:50+0200,3c6ea73a-8935-4563-9159-861abf60a62a,2026-09-22T10:45:00Z,2026-09-22T12:45:00+0200,38.514,MW,NL,NL,actual_offshore_wind_generation,Wind Offshore | Actual Aggregated,2026-09-24T04:41:40Z
2026-09-24T04:38:50Z,2026-09-24T06:38:50+0200,3c6ea73a-8935-4563-9159-861abf60a62a,2026-09-22T10:45:00Z,2026-09-22T12:45:00+0200,11.769,MW,NL,NL,actual_offshore_wind_generation,Wind Offshore | Actual Consumption,2026-09-24T04:41:40Z
2026-09-24T04:38:50Z,2026-09-24T06:38:50+0200,3c6ea73a-8935-4563-9159-861abf60a62a,2026-09-22T11:00:00Z,2026-09-22T13:00:00+0200,30.307,MW,NL,NL,actual_offshore_wind_generation,Wind Offshore | Actual Aggregated,2026-09-24T04:41:40Z
2026-09-24T04:38:50Z,2026-09-24T06:38:50+0200,3c6ea73a-8935-4563-9159-861abf60a62a,2026-09-22T11:00:00Z,2026-09-22T13:00:00+0200,10.469,MW,NL,NL,actual_offshore_wind_generation,Wind Offshore | Actual Consumption,2026-09-24T04:41:40Z
2026-09-24T04:38:50Z,2026-09-24T06:38:50+0200,3c6ea73a-8935-4563-9159-861abf60a62a,2026-09-22T11:15:00Z,2026-09-22T13:15:00+0200,26.344,MW,NL,NL,actual_offshore_wind_generation,Wind Offshore | Actual Aggregated,2026-09-24T04:41:40Z
2026-09-24T04:38:50Z,2026-09-24T06:38:50+0200,3c6ea73a-8935-4563-9159-861abf60a62a,2026-09-22T11:15:00Z,2026-09-22T13:15:00+0200,12.345,MW,NL,NL,actual_offshore_wind_generation,Wind Offshore | Actual Consumption,2026-09-24T04:41:40Z
2026-09-24T04:38:50Z,2026-09-24T06:38:50+0200,3c6ea73a-8935-4563-9159-861abf60a62a,2026-09-22T11:30:00Z,2026-09-22T13:30:00+0200,33.534,MW,NL,NL,actual_offshore_wind_generation,Wind Offshore | Actual Aggregated,2026-09-24T04:41:40Z
2026-09-24T04:38:50Z,2026-09-24T06:38:50+0200,3c6ea73a-8935-4563-9159-861abf60a62a,2026-09-22T11:30:00Z,2026-09-22T13:30:00+0200,12.546,MW,NL,NL,actual_offshore_wind_generation,Wind Offshore | Actual Consumption,2026-09-24T04:41:40Z
2026-09-24T04:38:50Z,2026-09-24T06:38:50+0200,3c6ea73a-8935-4563-9159-861abf60a62a,2026-09-22T11:45:00Z,2026-09-22T13:45:00+0200,40.681,MW,NL,NL,actual_offshore_wind_generation,Wind Offshore | Actual Aggregated,2026-09-24T04:41:40Z
2026-09-24T04:38:50Z,2026-09-24T06:38:50+0200,3c6ea73a-8935-4563-9159-861abf60a62a,2026-09-22T11:45:00Z,2026-09-22T13:45:00+0200,13.485,MW,NL,NL,actual_offshore_wind_generation,Wind Offshore | Actual Consumption,2026-09-24T04:41:40Z
2026-09-24T04:38:50Z,2026-09-24T06:38:50+0200,3c6ea73a-8935-4563-9159-861abf60a62a,2026-09-22T12:00:00Z,2026-09-22T14:00:00+0200,38.945,MW,NL,NL,actual_offshore_wind_generation,Wind Offshore | Actual Aggregated,2026-09-24T04:41:40Z
2026-09-24T04:38:50Z,2026-09-24T06:38:50+0200,3c6ea73a-8935-4563-9159-861abf60a62a,2026-09-22T12:00:00Z,2026-09-22T14:00:00+0200,12.194,MW,NL,NL,actual_offshore_wind_generation,Wind Offshore | Actual Consumption,2026-09-24T04:41:40Z
2026-09-24T04:38:50Z,2026-09-24T06:38:50+0200,3c6ea73a-8935-4563-9159-861abf60a62a,2026-09-22T12:15:00Z,2026-09-22T14:15:00+0200,21.955,MW,NL,NL,actual_offshore_wind_generation,Wind Offshore | Actual Aggregated,2026-09-24T04:41:40Z
2026-09-24T04:38:50Z,2026-09-24T06:38:50+0200,3c6ea73a-8935-4563-9159-861abf60a62a,2026-09-22T12:15:00Z,2026-09-22T14:15:00+0200,13.385,MW,NL,NL,actual_offshore_wind_generation,Wind Offshore | Actual Consumption,2026-09-24T04:41:40Z
2026-09-24T04:38:50Z,2026-09-24T06:38:50+0200,3c6ea73a-8935-4563-9159-861abf60a62a,2026-09-22T12:30:00Z,2026-09-22T14:30:00+0200,12.962,MW,NL,NL,actual_offshore_wind_generation,Wind Offshore | Actual Aggregated,2026-09-24T04:41:40Z
2026-09-24T04:38:50Z,2026-09-24T06:38:50+0200,3c6ea73a-8935-4563-9159-861abf60a62a,2026-09-22T12:30:00Z,2026-09-22T14:30:00+0200,18.246,MW,NL,NL,actual_offshore_wind_generation,Wind Offshore | Actual Consumption,2026-09-24T04:41:40Z
2026-09-24T04:38:50Z,2026-09-24T06:38:50+0200,3c6ea73a-8935-4563-9159-861abf60a62a,2026-09-22T12:45:00Z,2026-09-22T14:45:00+0200,15.711,MW,NL,NL,actual_offshore_wind_generation,Wind Offshore | Actual Aggregated,2026-09-24T04:41:40Z
2026-09-24T04:38:50Z,2026-09-24T06:38:50+0200,3c6ea73a-8935-4563-9159-861abf60a62a,2026-09-22T12:45:00Z,2026-09-22T14:45:00+0200,17.853,MW,NL,NL,actual_offshore_wind_generation,Wind Offshore | Actual Consumption,2026-09-24T04:41:40Z
2026-09-24T04:38:50Z,2026-09-24T06:38:50+0200,3c6ea73a-8935-4563-9159-861abf60a62a,2026-09-22T13:00:00Z,2026-09-22T15:00:00+0200,9.496,MW,NL,NL,actual_offshore_wind_generation,Wind Offshore | Actual Aggregated,2026-09-24T04:41:40Z
2026-09-24T04:38:50Z,2026-09-24T06:38:50+0200,3c6ea73a-8935-4563-9159-861abf60a62a,2026-09-22T13:00:00Z,2026-09-22T15:00:00+0200,19.004,MW,NL,NL,actual_offshore_wind_generation,Wind Offshore | Actual Consumption,2026-09-24T04:41:40Z
2026-09-24T04:38:50Z,2026-09-24T06:38:50+0200,3c6ea73a-8935-4563-9159-861abf60a62a,2026-09-22T13:15:00Z,2026-09-22T15:15:00+0200,3.876,MW,NL,NL,actual_offshore_wind_generation,Wind Offshore | Actual Aggregated,2026-09-24T04:41:40Z
2026-09-24T04:38:50Z,2026-09-24T06:38:50+0200,3c6ea73a-8935-4563-9159-861abf60a62a,2026-09-22T13:15:00Z,2026-09-22T15:15:00+0200,21.695,MW,NL,NL,actual_offshore_wind_generation,Wind Offshore | Actual Consumption,2026-09-24T04:41:40Z
2026-09-24T04:38:50Z,2026-09-24T06:38:50+0200,3c6ea73a-8935-4563-9159-861abf60a62a,2026-09-22T13:30:00Z,2026-09-22T15:30:00+0200,2.012,MW,NL,NL,actual_offshore_wind_generation,Wind Offshore | Actual Aggregated,2026-09-24T04:41:40Z
2026-09-24T04:38:50Z,2026-09-24T06:38:50+0200,3c6ea73a-8935-4563-9159-861abf60a62a,2026-09-22T13:30:00Z,2026-09-22T15:30:00+0200,22.861,MW,NL,NL,actual_offshore_wind_generation,Wind Offshore | Actual Consumption,2026-09-24T04:41:40Z
2026-09-24T04:38:50Z,2026-09-24T06:38:50+0200,3c6ea73a-8935-4563-9159-861abf60a62a,2026-09-22T13:45:00Z,2026-09-22T15:45:00+0200,4.371,MW,NL,NL,actual_offshore_wind_generation,Wind Offshore | Actual Aggregated,2026-09-24T04:41:40Z
2026-09-24T04:38:50Z,2026-09-24T06:38:50+0200,3c6ea73a-8935-4563-9159-861abf60a62a,2026-09-22T13:45:00Z,2026-09-22T15:45:00+0200,21.985,MW,NL,NL,actual_offshore_wind_generation,Wind Offshore | Actual Consumption,2026-09-24T04:41:40Z
2026-09-24T04:38:50Z,2026-09-24T06:38:50+0200,3c6ea73a-8935-4563-9159-861abf60a62a,2026-09-22T14:00:00Z,2026-09-22T16:00:00+0200,4.103,MW,NL,NL,actual_offshore_wind_generation,Wind Offshore | Actual Aggregated,2026-09-24T04:41:40Z
2026-09-24T04:38:50Z,2026-09-24T06:38:50+0200,3c6ea73a-8935-4563-9159-861abf60a62a,2026-09-22T14:00:00Z,2026-09-22T16:00:00+0200,25.355,MW,NL,NL,actual_offshore_wind_generation,Wind Offshore | Actual Consumption,2026-09-24T04:41:40Z
2026-09-24T04:38:50Z,2026-09-24T06:38:50+0200,3c6ea73a-8935-4563-9159-861abf60a62a,2026-09-22T14:15:00Z,2026-09-22T16:15:00+0200,4.427,MW,NL,NL,actual_offshore_wind_generation,Wind Offshore | Actual Aggregated,2026-09-24T04:41:40Z
2026-09-24T04:38:50Z,2026-09-24T06:38:50+0200,3c6ea73a-8935-4563-9159-861abf60a62a,2026-09-22T14:15:00Z,2026-09-22T16:15:00+0200,23.418,MW,NL,NL,actual_offshore_wind_generation,Wind Offshore | Actual Consumption,2026-09-24T04:41:40Z
2026-09-24T04:38:50Z,2026-09-24T06:38:50+0200,3c6ea73a-8935-4563-9159-861abf60a62a,2026-09-22T14:30:00Z,2026-09-22T16:30:00+0200,6.892,MW,NL,NL,actual_offshore_wind_generation,Wind Offshore | Actual Aggregated,2026-09-24T04:41:40Z
2026-09-24T04:38:50Z,2026-09-24T06:38:50+0200,3c6ea73a-8935-4563-9159-861abf60a62a,2026-09-22T14:30:00Z,2026-09-22T16:30:00+0200,23.574,MW,NL,NL,actual_offshore_wind_generation,Wind Offshore | Actual Consumption,2026-09-24T04:41:40Z
2026-09-24T04:38:50Z,2026-09-24T06:38:50+0200,3c6ea73a-8935-4563-9159-861abf60a62a,2026-09-22T14:45:00Z,2026-09-22T16:45:00+0200,9.523,MW,NL,NL,actual_offshore_wind_generation,Wind Offshore | Actual Aggregated,2026-09-24T04:41:40Z
2026-09-24T04:38:50Z,2026-09-24T06:38:50+0200,3c6ea73a-8935-4563-9159-861abf60a62a,2026-09-22T14:45:00Z,2026-09-22T16:45:00+0200,23.435,MW,NL,NL,actual_offshore_wind_generation,Wind Offshore | Actual Consumption,2026-09-24T04:41:40Z
2026-09-24T04:38:50Z,2026-09-24T06:38:50+0200,3c6ea73a-8935-4563-9159-861abf60a62a,2026-09-22T15:00:00Z,2026-09-22T17:00:00+0200,9.354,MW,NL,NL,actual_offshore_wind_generation,Wind Offshore | Actual Aggregated,2026-09-24T04:41:40Z
2026-09-24T04:38:50Z,2026-09-24T06:38:50+0200,3c6ea73a-8935-4563-9159-861abf60a62a,2026-09-22T15:00:00Z,2026-09-22T17:00:00+0200,23.509,MW,NL,NL,actual_offshore_wind_generation,Wind Offshore | Actual Consumption,2026-09-24T04:41:40Z
2026-09-24T04:38:50Z,2026-09-24T06:38:50+0200,3c6ea73a-8935-4563-9159-861abf60a62a,2026-09-22T15:15:00Z,2026-09-22T17:15:00+0200,5.422,MW,NL,NL,actual_offshore_wind_generation,Wind Offshore | Actual Aggregated,2026-09-24T04:41:40Z
2026-09-24T04:38:50Z,2026-09-24T06:38:50+0200,3c6ea73a-8935-4563-9159-861abf60a62a,2026-09-22T15:15:00Z,2026-09-22T17:15:00+0200,27.034,MW,NL,NL,actual_offshore_wind_generation,Wind Offshore | Actual Consumption,2026-09-24T04:41:40Z
2026-09-24T04:38:50Z,2026-09-24T06:38:50+0200,3c6ea73a-8935-4563-9159-861abf60a62a,2026-09-22T15:30:00Z,2026-09-22T17:30:00+0200,3.524,MW,NL,NL,actual_offshore_wind_generation,Wind Offshore | Actual Aggregated,2026-09-24T04:41:40Z
2026-09-24T04:38:50Z,2026-09-24T06:38:50+0200,3c6ea73a-8935-4563-9159-861abf60a62a,2026-09-22T15:30:00Z,2026-09-22T17:30:00+0200,30.277,MW,NL,NL,actual_offshore_wind_generation,Wind Offshore | Actual Consumption,2026-09-24T04:41:40Z
2026-09-24T04:38:50Z,2026-09-24T06:38:50+0200,3c6ea73a-8935-4563-9159-861abf60a62a,2026-09-22T15:45:00Z,2026-09-22T17:45:00+0200,3.545,MW,NL,NL,actual_offshore_wind_generation,Wind Offshore | Actual Aggregated,2026-09-24T04:41:40Z
2026-09-24T04:38:50Z,2026-09-24T06:38:50+0200,3c6ea73a-8935-4563-9159-861abf60a62a,2026-09-22T15:45:00Z,2026-09-22T17:45:00+0200,30.653,MW,NL,NL,actual_offshore_wind_generation,Wind Offshore | Actual Consumption,2026-09-24T04:41:40Z
2026-09-24T04:38:50Z,2026-09-24T06:38:50+0200,3c6ea73a-8935-4563-9159-861abf60a62a,2026-09-22T16:00:00Z,2026-09-22T18:00:00+0200,3.574,MW,NL,NL,actual_offshore_wind_generation,Wind Offshore | Actual Aggregated,2026-09-24T04:41:40Z
2026-09-24T04:38:50Z,2026-09-24T06:38:50+0200,3c6ea73a-8935-4563-9159-861abf60a62a,2026-09-22T16:00:00Z,2026-09-22T18:00:00+0200,29.948,MW,NL,NL,actual_offshore_wind_generation,Wind Offshore | Actual Consumption,2026-09-24T04:41:40Z
2026-09-24T04:38:50Z,2026-09-24T06:38:50+0200,3c6ea73a-8935-4563-9159-861abf60a62a,2026-09-22T16:15:00Z,2026-09-22T18:15:00+0200,1.456,MW,NL,NL,actual_offshore_wind_generation,Wind Offshore | Actual Aggregated,2026-09-24T04:41:40Z
2026-09-24T04:38:50Z,2026-09-24T06:38:50+0200,3c6ea73a-8935-4563-9159-861abf60a62a,2026-09-22T16:15:00Z,2026-09-22T18:15:00+0200,33.0,MW,NL,NL,actual_offshore_wind_generation,Wind Offshore | Actual Consumption,2026-09-24T04:41:40Z
2026-09-24T04:38:50Z,2026-09-24T06:38:50+0200,3c6ea73a-8935-4563-9159-861abf60a62a,2026-09-22T16:30:00Z,2026-09-22T18:30:00+0200,2.535,MW,NL,NL,actual_offshore_wind_generation,Wind Offshore | Actual Aggregated,2026-09-24T04:41:40Z
2026-09-24T04:38:50Z,2026-09-24T06:38:50+0200,3c6ea73a-8935-4563-9159-861abf60a62a,2026-09-22T16:30:00Z,2026-09-22T18:30:00+0200,34.856,MW,NL,NL,actual_offshore_wind_generation,Wind Offshore | Actual Consumption,2026-09-24T04:41:40Z
2026-09-24T04:38:50Z,2026-09-24T06:38:50+0200,3c6ea73a-8935-4563-9159-861abf60a62a,2026-09-22T16:45:00Z,2026-09-22T18:45:00+0200,0.0,MW,NL,NL,actual_offshore_wind_generation,Wind Offshore | Actual Aggregated,2026-09-24T04:41:40Z
2026-09-24T04:38:50Z,2026-09-24T06:38:50+0200,3c6ea73a-8935-4563-9159-861abf60a62a,2026-09-22T16:45:00Z,2026-09-22T18:45:00+0200,39.329,MW,NL,NL,actual_offshore_wind_generation,Wind Offshore | Actual Consumption,2026-09-24T04:41:40Z
2026-09-24T04:38:50Z,2026-09-24T06:38:50+0200,3c6ea73a-8935-4563-9159-861abf60a62a,2026-09-22T17:00:00Z,2026-09-22T19:00:00+0200,0.0,MW,NL,NL,actual_offshore_wind_generation,Wind Offshore | Actual Aggregated,2026-09-24T04:41:40Z
2026-09-24T04:38:50Z,2026-09-24T06:38:50+0200,3c6ea73a-8935-4563-9159-861abf60a62a,2026-09-22T17:00:00Z,2026-09-22T19:00:00+0200,40.429,MW,NL,NL,actual_offshore_wind_generation,Wind Offshore | Actual Consumption,2026-09-24T04:41:40Z
2026-09-24T04:38:50Z,2026-09-24T06:38:50+0200,3c6ea73a-8935-4563-9159-861abf60a62a,2026-09-22T17:15:00Z,2026-09-22T19:15:00+0200,0.0,MW,NL,NL,actual_offshore_wind_generation,Wind Offshore | Actual Aggregated,2026-09-24T04:41:40Z
2026-09-24T04:38:50Z,2026-09-24T06:38:50+0200,3c6ea73a-8935-4563-9159-861abf60a62a,2026-09-22T17:15:00Z,2026-09-22T19:15:00+0200,40.935,MW,NL,NL,actual_offshore_wind_generation,Wind Offshore | Actual Consumption,2026-09-24T04:41:40Z
2026-09-24T04:38:50Z,2026-09-24T06:38:50+0200,3c6ea73a-8935-4563-9159-861abf60a62a,2026-09-22T17:30:00Z,2026-09-22T19:30:00+0200,0.0,MW,NL,NL,actual_offshore_wind_generation,Wind Offshore | Actual Aggregated,2026-09-24T04:41:40Z
2026-09-24T04:38:50Z,2026-09-24T06:38:50+0200,3c6ea73a-8935-4563-9159-861abf60a62a,2026-09-22T17:30:00Z,2026-09-22T19:30:00+0200,42.163,MW,NL,NL,actual_offshore_wind_generation,Wind Offshore | Actual Consumption,2026-09-24T04:41:40Z
2026-09-24T04:38:50Z,2026-09-24T06:38:50+0200,3c6ea73a-8935-4563-9159-861abf60a62a,2026-09-22T17:45:00Z,2026-09-22T19:45:00+0200,0.669,MW,NL,NL,actual_offshore_wind_generation,Wind Offshore | Actual Aggregated,2026-09-24T04:41:40Z
2026-09-24T04:38:50Z,2026-09-24T06:38:50+0200,3c6ea73a-8935-4563-9159-861abf60a62a,2026-09-22T17:45:00Z,2026-09-22T19:45:00+0200,40.487,MW,NL,NL,actual_offshore_wind_generation,Wind Offshore | Actual Consumption,2026-09-24T04:41:40Z
2026-09-24T04:38:50Z,2026-09-24T06:38:50+0200,3c6ea73a-8935-4563-9159-861abf60a62a,2026-09-22T18:00:00Z,2026-09-22T20:00:00+0200,0.517,MW,NL,NL,actual_offshore_wind_generation,Wind Offshore | Actual Aggregated,2026-09-24T04:41:40Z
2026-09-24T04:38:50Z,2026-09-24T06:38:50+0200,3c6ea73a-8935-4563-9159-861abf60a62a,2026-09-22T18:00:00Z,2026-09-22T20:00:00+0200,41.466,MW,NL,NL,actual_offshore_wind_generation,Wind Offshore | Actual Consumption,2026-09-24T04:41:40Z
2026-09-24T04:38:50Z,2026-09-24T06:38:50+0200,3c6ea73a-8935-4563-9159-861abf60a62a,2026-09-22T18:15:00Z,2026-09-22T20:15:00+0200,0.381,MW,NL,NL,actual_offshore_wind_generation,Wind Offshore | Actual Aggregated,2026-09-24T04:41:40Z
2026-09-24T04:38:50Z,2026-09-24T06:38:50+0200,3c6ea73a-8935-4563-9159-861abf60a62a,2026-09-22T18:15:00Z,2026-09-22T20:15:00+0200,40.552,MW,NL,NL,actual_offshore_wind_generation,Wind Offshore | Actual Consumption,2026-09-24T04:41:40Z
2026-09-24T04:38:50Z,2026-09-24T06:38:50+0200,3c6ea73a-8935-4563-9159-861abf60a62a,2026-09-22T18:30:00Z,2026-09-22T20:30:00+0200,0.0,MW,NL,NL,actual_offshore_wind_generation,Wind Offshore | Actual Aggregated,2026-09-24T04:41:40Z
2026-09-24T04:38:50Z,2026-09-24T06:38:50+0200,3c6ea73a-8935-4563-9159-861abf60a62a,2026-09-22T18:30:00Z,2026-09-22T20:30:00+0200,41.505,MW,NL,NL,actual_offshore_wind_generation,Wind Offshore | Actual Consumption,2026-09-24T04:41:40Z
2026-09-24T04:38:50Z,2026-09-24T06:38:50+0200,3c6ea73a-8935-4563-9159-861abf60a62a,2026-09-22T18:45:00Z,2026-09-22T20:45:00+0200,0.0,MW,NL,NL,actual_offshore_wind_generation,Wind Offshore | Actual Aggregated,2026-09-24T04:41:40Z
2026-09-24T04:38:50Z,2026-09-24T06:38:50+0200,3c6ea73a-8935-4563-9159-861abf60a62a,2026-09-22T18:45:00Z,2026-09-22T20:45:00+0200,41.061,MW,NL,NL,actual_offshore_wind_generation,Wind Offshore | Actual Consumption,2026-09-24T04:41:40Z
2026-09-24T04:38:50Z,2026-09-24T06:38:50+0200,3c6ea73a-8935-4563-9159-861abf60a62a,2026-09-22T19:00:00Z,2026-09-22T21:00:00+0200,0.0,MW,NL,NL,actual_offshore_wind_generation,Wind Offshore | Actual Aggregated,2026-09-24T04:41:40Z
2026-09-24T04:38:50Z,2026-09-24T06:38:50+0200,3c6ea73a-8935-4563-9159-861abf60a62a,2026-09-22T19:00:00Z,2026-09-22T21:00:00+0200,38.564,MW,NL,NL,actual_offshore_wind_generation,Wind Offshore | Actual Consumption,2026-09-24T04:41:40Z
2026-09-24T04:38:50Z,2026-09-24T06:38:50+0200,3c6ea73a-8935-4563-9159-861abf60a62a,2026-09-22T19:15:00Z,2026-09-22T21:15:00+0200,0.0,MW,NL,NL,actual_offshore_wind_generation,Wind Offshore | Actual Aggregated,2026-09-24T04:41:40Z
2026-09-24T04:38:50Z,2026-09-24T06:38:50+0200,3c6ea73a-8935-4563-9159-861abf60a62a,2026-09-22T19:15:00Z,2026-09-22T21:15:00+0200,42.203,MW,NL,NL,actual_offshore_wind_generation,Wind Offshore | Actual Consumption,2026-09-24T04:41:40Z
2026-09-24T04:38:50Z,2026-09-24T06:38:50+0200,3c6ea73a-8935-4563-9159-861abf60a62a,2026-09-22T19:30:00Z,2026-09-22T21:30:00+0200,0.0,MW,NL,NL,actual_offshore_wind_generation,Wind Offshore | Actual Aggregated,2026-09-24T04:41:40Z
2026-09-24T04:38:50Z,2026-09-24T06:38:50+0200,3c6ea73a-8935-4563-9159-861abf60a62a,2026-09-22T19:30:00Z,2026-09-22T21:30:00+0200,41.255,MW,NL,NL,actual_offshore_wind_generation,Wind Offshore | Actual Consumption,2026-09-24T04:41:40Z
2026-09-24T04:38:50Z,2026-09-24T06:38:50+0200,3c6ea73a-8935-4563-9159-861abf60a62a,2026-09-22T19:45:00Z,2026-09-22T21:45:00+0200,0.0,MW,NL,NL,actual_offshore_wind_generation,Wind Offshore | Actual Aggregated,2026-09-24T04:41:40Z
2026-09-24T04:38:50Z,2026-09-24T06:38:50+0200,3c6ea73a-8935-4563-9159-861abf60a62a,2026-09-22T19:45:00Z,2026-09-22T21:45:00+0200,39.908,MW,NL,NL,actual_offshore_wind_generation,Wind Offshore | Actual Consumption,2026-09-24T04:41:40Z
2026-09-24T04:38:50Z,2026-09-24T06:38:50+0200,3c6ea73a-8935-4563-9159-861abf60a62a,2026-09-22T20:00:00Z,2026-09-22T22:00:00+0200,0.0,MW,NL,NL,actual_offshore_wind_generation,Wind Offshore | Actual Aggregated,2026-09-24T04:41:40Z
2026-09-24T04:38:50Z,2026-09-24T06:38:50+0200,3c6ea73a-8935-4563-9159-861abf60a62a,2026-09-22T20:00:00Z,2026-09-22T22:00:00+0200,36.723,MW,NL,NL,actual_offshore_wind_generation,Wind Offshore | Actual Consumption,2026-09-24T04:41:40Z
2026-09-24T04:38:50Z,2026-09-24T06:38:50+0200,3c6ea73a-8935-4563-9159-861abf60a62a,2026-09-22T20:15:00Z,2026-09-22T22:15:00+0200,0.0,MW,NL,NL,actual_offshore_wind_generation,Wind Offshore | Actual Aggregated,2026-09-24T04:41:40Z
2026-09-24T04:38:50Z,2026-09-24T06:38:50+0200,3c6ea73a-8935-4563-9159-861abf60a62a,2026-09-22T20:15:00Z,2026-09-22T22:15:00+0200,37.911,MW,NL,NL,actual_offshore_wind_generation,Wind Offshore | Actual Consumption,2026-09-24T04:41:40Z
2026-09-24T04:38:50Z,2026-09-24T06:38:50+0200,3c6ea73a-8935-4563-9159-861abf60a62a,2026-09-22T20:30:00Z,2026-09-22T22:30:00+0200,0.0,MW,NL,NL,actual_offshore_wind_generation,Wind Offshore | Actual Aggregated,2026-09-24T04:41:40Z
2026-09-24T04:38:50Z,2026-09-24T06:38:50+0200,3c6ea73a-8935-4563-9159-861abf60a62a,2026-09-22T20:30:00Z,2026-09-22T22:30:00+0200,37.609,MW,NL,NL,actual_offshore_wind_generation,Wind Offshore | Actual Consumption,2026-09-24T04:41:40Z
2026-09-24T04:38:50Z,2026-09-24T06:38:50+0200,3c6ea73a-8935-4563-9159-861abf60a62a,2026-09-22T20:45:00Z,2026-09-22T22:45:00+0200,0.0,MW,NL,NL,actual_offshore_wind_generation,Wind Offshore | Actual Aggregated,2026-09-24T04:41:40Z
2026-09-24T04:38:50Z,2026-09-24T06:38:50+0200,3c6ea73a-8935-4563-9159-861abf60a62a,2026-09-22T20:45:00Z,2026-09-22T22:45:00+0200,37.239,MW,NL,NL,actual_offshore_wind_generation,Wind Offshore | Actual Consumption,2026-09-24T04:41:40Z
2026-09-24T04:38:50Z,2026-09-24T06:38:50+0200,3c6ea73a-8935-4563-9159-861abf60a62a,2026-09-22T21:00:00Z,2026-09-22T23:00:00+0200,0.0,MW,NL,NL,actual_offshore_wind_generation,Wind Offshore | Actual Aggregated,2026-09-24T04:41:40Z
2026-09-24T04:38:50Z,2026-09-24T06:38:50+0200,3c6ea73a-8935-4563-9159-861abf60a62a,2026-09-22T21:00:00Z,2026-09-22T23:00:00+0200,32.729,MW,NL,NL,actual_offshore_wind_generation,Wind Offshore | Actual Consumption,2026-09-24T04:41:40Z
2026-09-24T04:38:50Z,2026-09-24T06:38:50+0200,3c6ea73a-8935-4563-9159-861abf60a62a,2026-09-22T21:15:00Z,2026-09-22T23:15:00+0200,1.894,MW,NL,NL,actual_offshore_wind_generation,Wind Offshore | Actual Aggregated,2026-09-24T04:41:40Z
2026-09-24T04:38:50Z,2026-09-24T06:38:50+0200,3c6ea73a-8935-4563-9159-861abf60a62a,2026-09-22T21:15:00Z,2026-09-22T23:15:00+0200,30.258,MW,NL,NL,actual_offshore_wind_generation,Wind Offshore | Actual Consumption,2026-09-24T04:41:40Z
2026-09-24T04:38:50Z,2026-09-24T06:38:50+0200,3c6ea73a-8935-4563-9159-861abf60a62a,2026-09-22T21:30:00Z,2026-09-22T23:30:00+0200,9.802,MW,NL,NL,actual_offshore_wind_generation,Wind Offshore | Actual Aggregated,2026-09-24T04:41:40Z
2026-09-24T04:38:50Z,2026-09-24T06:38:50+0200,3c6ea73a-8935-4563-9159-861abf60a62a,2026-09-22T21:30:00Z,2026-09-22T23:30:00+0200,31.558,MW,NL,NL,actual_offshore_wind_generation,Wind Offshore | Actual Consumption,2026-09-24T04:41:40Z
2026-09-24T04:38:50Z,2026-09-24T06:38:50+0200,3c6ea73a-8935-4563-9159-861abf60a62a,2026-09-22T21:45:00Z,2026-09-22T23:45:00+0200,15.538,MW,NL,NL,actual_offshore_wind_generation,Wind Offshore | Actual Aggregated,2026-09-24T04:41:40Z
2026-09-24T04:38:50Z,2026-09-24T06:38:50+0200,3c6ea73a-8935-4563-9159-861abf60a62a,2026-09-22T21:45:00Z,2026-09-22T23:45:00+0200,31.338,MW,NL,NL,actual_offshore_wind_generation,Wind Offshore | Actual Consumption,2026-09-24T04:41:40Z
2026-09-24T04:38:50Z,2026-09-24T06:38:50+0200,3c6ea73a-8935-4563-9159-861abf60a62a,2026-09-22T22:00:00Z,2026-09-23T00:00:00+0200,19.381,MW,NL,NL,actual_offshore_wind_generation,Wind Offshore | Actual Aggregated,2026-09-24T04:41:40Z
2026-09-24T04:38:50Z,2026-09-24T06:38:50+0200,3c6ea73a-8935-4563-9159-861abf60a62a,2026-09-22T22:00:00Z,2026-09-23T00:00:00+0200,31.255,MW,NL,NL,actual_offshore_wind_generation,Wind Offshore | Actual Consumption,2026-09-24T04:41:40Z
2026-09-24T04:38:50Z,2026-09-24T06:38:50+0200,3c6ea73a-8935-4563-9159-861abf60a62a,2026-09-22T22:15:00Z,2026-09-23T00:15:00+0200,15.817,MW,NL,NL,actual_offshore_wind_generation,Wind Offshore | Actual Aggregated,2026-09-24T04:41:40Z
2026-09-24T04:38:50Z,2026-09-24T06:38:50+0200,3c6ea73a-8935-4563-9159-861abf60a62a,2026-09-22T22:15:00Z,2026-09-23T00:15:00+0200,30.446,MW,NL,NL,actual_offshore_wind_generation,Wind Offshore | Actual Consumption,2026-09-24T04:41:40Z
2026-09-24T04:38:50Z,2026-09-24T06:38:50+0200,3c6ea73a-8935-4563-9159-861abf60a62a,2026-09-22T22:30:00Z,2026-09-23T00:30:00+0200,14.837,MW,NL,NL,actual_offshore_wind_generation,Wind Offshore | Actual Aggregated,2026-09-24T04:41:40Z
2026-09-24T04:38:50Z,2026-09-24T06:38:50+0200,3c6ea73a-8935-4563-9159-861abf60a62a,2026-09-22T22:30:00Z,2026-09-23T00:30:00+0200,30.39,MW,NL,NL,actual_offshore_wind_generation,Wind Offshore | Actual Consumption,2026-09-24T04:41:40Z
2026-09-24T04:38:50Z,2026-09-24T06:38:50+0200,3c6ea73a-8935-4563-9159-861abf60a62a,2026-09-22T22:45:00Z,2026-09-23T00:45:00+0200,15.186,MW,NL,NL,actual_offshore_wind_generation,Wind Offshore | Actual Aggregated,2026-09-24T04:41:40Z
2026-09-24T04:38:50Z,2026-09-24T06:38:50+0200,3c6ea73a-8935-4563-9159-861abf60a62a,2026-09-22T22:45:00Z,2026-09-23T00:45:00+0200,29.508,MW,NL,NL,actual_offshore_wind_generation,Wind Offshore | Actual Consumption,2026-09-24T04:41:40Z
2026-09-24T04:38:50Z,2026-09-24T06:38:50+0200,3c6ea73a-8935-4563-9159-861abf60a62a,2026-09-22T23:00:00Z,2026-09-23T01:00:00+0200,16.022,MW,NL,NL,actual_offshore_wind_generation,Wind Offshore | Actual Aggregated,2026-09-24T04:41:40Z
2026-09-24T04:38:50Z,2026-09-24T06:38:50+0200,3c6ea73a-8935-4563-9159-861abf60a62a,2026-09-22T23:00:00Z,2026-09-23T01:00:00+0200,28.689,MW,NL,NL,actual_offshore_wind_generation,Wind Offshore | Actual Consumption,2026-09-24T04:41:40Z
2026-09-24T04:38:50Z,2026-09-24T06:38:50+0200,3c6ea73a-8935-4563-9159-861abf60a62a,2026-09-22T23:15:00Z,2026-09-23T01:15:00+0200,15.957,MW,NL,NL,actual_offshore_wind_generation,Wind Offshore | Actual Aggregated,2026-09-24T04:41:40Z
2026-09-24T04:38:50Z,2026-09-24T06:38:50+0200,3c6ea73a-8935-4563-9159-861abf60a62a,2026-09-22T23:15:00Z,2026-09-23T01:15:00+0200,27.292,MW,NL,NL,actual_offshore_wind_generation,Wind Offshore | Actual Consumption,2026-09-24T04:41:40Z
2026-09-24T04:38:50Z,2026-09-24T06:38:50+0200,3c6ea73a-8935-4563-9159-861abf60a62a,2026-09-22T23:30:00Z,2026-09-23T01:30:00+0200,18.568,MW,NL,NL,actual_offshore_wind_generation,Wind Offshore | Actual Aggregated,2026-09-24T04:41:40Z
2026-09-24T04:38:50Z,2026-09-24T06:38:50+0200,3c6ea73a-8935-4563-9159-861abf60a62a,2026-09-22T23:30:00Z,2026-09-23T01:30:00+0200,27.338,MW,NL,NL,actual_offshore_wind_generation,Wind Offshore | Actual Consumption,2026-09-24T04:41:40Z
2026-09-24T04:38:50Z,2026-09-24T06:38:50+0200,3c6ea73a-8935-4563-9159-861abf60a62a,2026-09-22T23:45:00Z,2026-09-23T01:45:00+0200,18.063,MW,NL,NL,actual_offshore_wind_generation,Wind Offshore | Actual Aggregated,2026-09-24T04:41:40Z
2026-09-24T04:38:50Z,2026-09-24T06:38:50+0200,3c6ea73a-8935-4563-9159-861abf60a62a,2026-09-22T23:45:00Z,2026-09-23T01:45:00+0200,26.793,MW,NL,NL,actual_offshore_wind_generation,Wind Offshore | Actual Consumption,2026-09-24T04:41:40Z
2026-09-24T04:38:50Z,2026-09-24T06:38:50+0200,3c6ea73a-8935-4563-9159-861abf60a62a,2026-09-23T00:00:00Z,2026-09-23T02:00:00+0200,15.199,MW,NL,NL,actual_offshore_wind_generation,Wind Offshore | Actual Aggregated,2026-09-24T04:41:40Z
2026-09-24T04:38:50Z,2026-09-24T06:38:50+0200,3c6ea73a-8935-4563-9159-861abf60a62a,2026-09-23T00:00:00Z,2026-09-23T02:00:00+0200,26.359,MW,NL,NL,actual_offshore_wind_generation,Wind Offshore | Actual Consumption,2026-09-24T04:41:40Z
2026-09-24T04:38:50Z,2026-09-24T06:38:50+0200,3c6ea73a-8935-4563-9159-861abf60a62a,2026-09-23T00:15:00Z,2026-09-23T02:15:00+0200,17.753,MW,NL,NL,actual_offshore_wind_generation,Wind Offshore | Actual Aggregated,2026-09-24T04:41:40Z
2026-09-24T04:38:50Z,2026-09-24T06:38:50+0200,3c6ea73a-8935-4563-9159-861abf60a62a,2026-09-23T00:15:00Z,2026-09-23T02:15:00+0200,25.075,MW,NL,NL,actual_offshore_wind_generation,Wind Offshore | Actual Consumption,2026-09-24T04:41:40Z
2026-09-24T04:38:50Z,2026-09-24T06:38:50+0200,3c6ea73a-8935-4563-9159-861abf60a62a,2026-09-23T00:30:00Z,2026-09-23T02:30:00+0200,23.96,MW,NL,NL,actual_offshore_wind_generation,Wind Offshore | Actual Aggregated,2026-09-24T04:41:40Z
2026-09-24T04:38:50Z,2026-09-24T06:38:50+0200,3c6ea73a-8935-4563-9159-861abf60a62a,2026-09-23T00:30:00Z,2026-09-23T02:30:00+0200,25.538,MW,NL,NL,actual_offshore_wind_generation,Wind Offshore | Actual Consumption,2026-09-24T04:41:40Z
2026-09-24T04:38:50Z,2026-09-24T06:38:50+0200,3c6ea73a-8935-4563-9159-861abf60a62a,2026-09-23T00:45:00Z,2026-09-23T02:45:00+0200,24.613,MW,NL,NL,actual_offshore_wind_generation,Wind Offshore | Actual Aggregated,2026-09-24T04:41:40Z
2026-09-24T04:38:50Z,2026-09-24T06:38:50+0200,3c6ea73a-8935-4563-9159-861abf60a62a,2026-09-23T00:45:00Z,2026-09-23T02:45:00+0200,23.444,MW,NL,NL,actual_offshore_wind_generation,Wind Offshore | Actual Consumption,2026-09-24T04:41:40Z
2026-09-24T04:38:50Z,2026-09-24T06:38:50+0200,3c6ea73a-8935-4563-9159-861abf60a62a,2026-09-23T01:00:00Z,2026-09-23T03:00:00+0200,29.396,MW,NL,NL,actual_offshore_wind_generation,Wind Offshore | Actual Aggregated,2026-09-24T04:41:40Z
2026-09-24T04:38:50Z,2026-09-24T06:38:50+0200,3c6ea73a-8935-4563-9159-861abf60a62a,2026-09-23T01:00:00Z,2026-09-23T03:00:00+0200,22.954,MW,NL,NL,actual_offshore_wind_generation,Wind Offshore | Actual Consumption,2026-09-24T04:41:40Z
2026-09-24T04:38:50Z,2026-09-24T06:38:50+0200,3c6ea73a-8935-4563-9159-861abf60a62a,2026-09-23T01:15:00Z,2026-09-23T03:15:00+0200,34.208,MW,NL,NL,actual_offshore_wind_generation,Wind Offshore | Actual Aggregated,2026-09-24T04:41:40Z
2026-09-24T04:38:50Z,2026-09-24T06:38:50+0200,3c6ea73a-8935-4563-9159-861abf60a62a,2026-09-23T01:15:00Z,2026-09-23T03:15:00+0200,20.039,MW,NL,NL,actual_offshore_wind_generation,Wind Offshore | Actual Consumption,2026-09-24T04:41:40Z
2026-09-24T04:38:50Z,2026-09-24T06:38:50+0200,3c6ea73a-8935-4563-9159-861abf60a62a,2026-09-23T01:30:00Z,2026-09-23T03:30:00+0200,38.798,MW,NL,NL,actual_offshore_wind_generation,Wind Offshore | Actual Aggregated,2026-09-24T04:41:40Z
2026-09-24T04:38:50Z,2026-09-24T06:38:50+0200,3c6ea73a-8935-4563-9159-861abf60a62a,2026-09-23T01:30:00Z,2026-09-23T03:30:00+0200,19.794,MW,NL,NL,actual_offshore_wind_generation,Wind Offshore | Actual Consumption,2026-09-24T04:41:40Z
2026-09-24T04:38:50Z,2026-09-24T06:38:50+0200,3c6ea73a-8935-4563-9159-861abf60a62a,2026-09-23T01:45:00Z,2026-09-23T03:45:00+0200,52.291,MW,NL,NL,actual_offshore_wind_generation,Wind Offshore | Actual Aggregated,2026-09-24T04:41:40Z
2026-09-24T04:38:50Z,2026-09-24T06:38:50+0200,3c6ea73a-8935-4563-9159-861abf60a62a,2026-09-23T01:45:00Z,2026-09-23T03:45:00+0200,19.246,MW,NL,NL,actual_offshore_wind_generation,Wind Offshore | Actual Consumption,2026-09-24T04:41:40Z
2026-09-24T04:38:50Z,2026-09-24T06:38:50+0200,3c6ea73a-8935-4563-9159-861abf60a62a,2026-09-23T02:00:00Z,2026-09-23T04:00:00+0200,76.283,MW,NL,NL,actual_offshore_wind_generation,Wind Offshore | Actual Aggregated,2026-09-24T04:41:40Z
2026-09-24T04:38:50Z,2026-09-24T06:38:50+0200,3c6ea73a-8935-4563-9159-861abf60a62a,2026-09-23T02:00:00Z,2026-09-23T04:00:00+0200,17.849,MW,NL,NL,actual_offshore_wind_generation,Wind Offshore | Actual Consumption,2026-09-24T04:41:40Z
2026-09-24T04:38:50Z,2026-09-24T06:38:50+0200,3c6ea73a-8935-4563-9159-861abf60a62a,2026-09-23T02:15:00Z,2026-09-23T04:15:00+0200,97.681,MW,NL,NL,actual_offshore_wind_generation,Wind Offshore | Actual Aggregated,2026-09-24T04:41:40Z
2026-09-24T04:38:50Z,2026-09-24T06:38:50+0200,3c6ea73a-8935-4563-9159-861abf60a62a,2026-09-23T02:15:00Z,2026-09-23T04:15:00+0200,18.551,MW,NL,NL,actual_offshore_wind_generation,Wind Offshore | Actual Consumption,2026-09-24T04:41:40Z
2026-09-24T04:38:50Z,2026-09-24T06:38:50+0200,3c6ea73a-8935-4563-9159-861abf60a62a,2026-09-23T02:30:00Z,2026-09-23T04:30:00+0200,99.967,MW,NL,NL,actual_offshore_wind_generation,Wind Offshore | Actual Aggregated,2026-09-24T04:41:40Z
2026-09-24T04:38:50Z,2026-09-24T06:38:50+0200,3c6ea73a-8935-4563-9159-861abf60a62a,2026-09-23T02:30:00Z,2026-09-23T04:30:00+0200,17.545,MW,NL,NL,actual_offshore_wind_generation,Wind Offshore | Actual Consumption,2026-09-24T04:41:40Z
2026-09-24T04:38:50Z,2026-09-24T06:38:50+0200,3c6ea73a-8935-4563-9159-861abf60a62a,2026-09-23T02:45:00Z,2026-09-23T04:45:00+0200,97.403,MW,NL,NL,actual_offshore_wind_generation,Wind Offshore | Actual Aggregated,2026-09-24T04:41:40Z
2026-09-24T04:38:50Z,2026-09-24T06:38:50+0200,3c6ea73a-8935-4563-9159-861abf60a62a,2026-09-23T02:45:00Z,2026-09-23T04:45:00+0200,15.151,MW,NL,NL,actual_offshore_wind_generation,Wind Offshore | Actual Consumption,2026-09-24T04:41:40Z
2026-09-24T04:38:50Z,2026-09-24T06:38:50+0200,3c6ea73a-8935-4563-9159-861abf60a62a,2026-09-23T03:00:00Z,2026-09-23T05:00:00+0200,152.626,MW,NL,NL,actual_offshore_wind_generation,Wind Offshore | Actual Aggregated,2026-09-24T04:41:40Z
2026-09-24T04:38:50Z,2026-09-24T06:38:50+0200,3c6ea73a-8935-4563-9159-861abf60a62a,2026-09-23T03:00:00Z,2026-09-23T05:00:00+0200,13.085,MW,NL,NL,actual_offshore_wind_generation,Wind Offshore | Actual Consumption,2026-09-24T04:41:40Z
2026-09-24T04:38:50Z,2026-09-24T06:38:50+0200,3c6ea73a-8935-4563-9159-861abf60a62a,2026-09-23T03:15:00Z,2026-09-23T05:15:00+0200,179.131,MW,NL,NL,actual_offshore_wind_generation,Wind Offshore | Actual Aggregated,2026-09-24T04:41:40Z
2026-09-24T04:38:50Z,2026-09-24T06:38:50+0200,3c6ea73a-8935-4563-9159-861abf60a62a,2026-09-23T03:15:00Z,2026-09-23T05:15:00+0200,5.583,MW,NL,NL,actual_offshore_wind_generation,Wind Offshore | Actual Consumption,2026-09-24T04:41:40Z
2026-09-24T04:38:50Z,2026-09-24T06:38:50+0200,3c6ea73a-8935-4563-9159-861abf60a62a,2026-09-23T03:30:00Z,2026-09-23T05:30:00+0200,186.666,MW,NL,NL,actual_offshore_wind_generation,Wind Offshore | Actual Aggregated,2026-09-24T04:41:40Z
2026-09-24T04:38:50Z,2026-09-24T06:38:50+0200,3c6ea73a-8935-4563-9159-861abf60a62a,2026-09-23T03:30:00Z,2026-09-23T05:30:00+0200,6.123,MW,NL,NL,actual_offshore_wind_generation,Wind Offshore | Actual Consumption,2026-09-24T04:41:40Z
2026-09-24T04:38:50Z,2026-09-24T06:38:50+0200,3c6ea73a-8935-4563-9159-861abf60a62a,2026-09-23T03:45:00Z,2026-09-23T05:45:00+0200,178.149,MW,NL,NL,actual_offshore_wind_generation,Wind Offshore | Actual Aggregated,2026-09-24T04:41:40Z
2026-09-24T04:38:50Z,2026-09-24T06:38:50+0200,3c6ea73a-8935-4563-9159-861abf60a62a,2026-09-23T03:45:00Z,2026-09-23T05:45:00+0200,6.034,MW,NL,NL,actual_offshore_wind_generation,Wind Offshore | Actual Consumption,2026-09-24T04:41:40Z
2026-09-24T04:38:50Z,2026-09-24T06:38:50+0200,3c6ea73a-8935-4563-9159-861abf60a62a,2026-09-23T04:00:00Z,2026-09-23T06:00:00+0200,167.387,MW,NL,NL,actual_offshore_wind_generation,Wind Offshore | Actual Aggregated,2026-09-24T04:41:40Z
2026-09-24T04:38:50Z,2026-09-24T06:38:50+0200,3c6ea73a-8935-4563-9159-861abf60a62a,2026-09-23T04:00:00Z,2026-09-23T06:00:00+0200,4.517,MW,NL,NL,actual_offshore_wind_generation,Wind Offshore | Actual Consumption,2026-09-24T04:41:40Z
2026-09-24T04:38:50Z,2026-09-24T06:38:50+0200,3c6ea73a-8935-4563-9159-861abf60a62a,2026-09-23T04:15:00Z,2026-09-23T06:15:00+0200,158.738,MW,NL,NL,actual_offshore_wind_generation,Wind Offshore | Actual Aggregated,2026-09-24T04:41:40Z
2026-09-24T04:38:50Z,2026-09-24T06:38:50+0200,3c6ea73a-8935-4563-9159-861abf60a62a,2026-09-23T04:15:00Z,2026-09-23T06:15:00+0200,1.665,MW,NL,NL,actual_offshore_wind_generation,Wind Offshore | Actual Consumption,2026-09-24T04:41:40Z
2026-09-24T04:38:50Z,2026-09-24T06:38:50+0200,3c6ea73a-8935-4563-9159-861abf60a62a,2026-09-23T04:30:00Z,2026-09-23T06:30:00+0200,160.619,MW,NL,NL,actual_offshore_wind_generation,Wind Offshore | Actual Aggregated,2026-09-24T04:41:40Z
2026-09-24T04:38:50Z,2026-09-24T06:38:50+0200,3c6ea73a-8935-4563-9159-861abf60a62a,2026-09-23T04:30:00Z,2026-09-23T06:30:00+0200,2.001,MW,NL,NL,actual_offshore_wind_generation,Wind Offshore | Actual Consumption,2026-09-24T04:41:40Z
2026-09-24T04:38:50Z,2026-09-24T06:38:50+0200,3c6ea73a-8935-4563-9159-861abf60a62a,2026-09-23T04:45:00Z,2026-09-23T06:45:00+0200,168.92,MW,NL,NL,actual_offshore_wind_generation,Wind Offshore | Actual Aggregated,2026-09-24T04:41:40Z
2026-09-24T04:38:50Z,2026-09-24T06:38:50+0200,3c6ea73a-8935-4563-9159-861abf60a62a,2026-09-23T04:45:00Z,2026-09-23T06:45:00+0200,0.812,MW,NL,NL,actual_offshore_wind_generation,Wind Offshore | Actual Consumption,2026-09-24T04:41:40Z
2026-09-24T04:38:50Z,2026-09-24T06:38:50+0200,3c6ea73a-8935-4563-9159-861abf60a62a,2026-09-23T05:00:00Z,2026-09-23T07:00:00+0200,183.504,MW,NL,NL,actual_offshore_wind_generation,Wind Offshore | Actual Aggregated,2026-09-24T04:41:40Z
2026-09-24T04:38:50Z,2026-09-24T06:38:50+0200,3c6ea73a-8935-4563-9159-861abf60a62a,2026-09-23T05:00:00Z,2026-09-23T07:00:00+0200,0.166,MW,NL,NL,actual_offshore_wind_generation,Wind Offshore | Actual Consumption,2026-09-24T04:41:40Z
2026-09-24T04:38:50Z,2026-09-24T06:38:50+0200,3c6ea73a-8935-4563-9159-861abf60a62a,2026-09-23T05:15:00Z,2026-09-23T07:15:00+0200,183.634,MW,NL,NL,actual_offshore_wind_generation,Wind Offshore | Actual Aggregated,2026-09-24T04:41:40Z
2026-09-24T04:38:50Z,2026-09-24T06:38:50+0200,3c6ea73a-8935-4563-9159-861abf60a62a,2026-09-23T05:15:00Z,2026-09-23T07:15:00+0200,0.022,MW,NL,NL,actual_offshore_wind_generation,Wind Offshore | Actual Consumption,2026-09-24T04:41:40Z
2026-09-24T04:38:50Z,2026-09-24T06:38:50+0200,3c6ea73a-8935-4563-9159-861abf60a62a,2026-09-23T05:30:00Z,2026-09-23T07:30:00+0200,191.592,MW,NL,NL,actual_offshore_wind_generation,Wind Offshore | Actual Aggregated,2026-09-24T04:41:40Z
2026-09-24T04:38:50Z,2026-09-24T06:38:50+0200,3c6ea73a-8935-4563-9159-861abf60a62a,2026-09-23T05:30:00Z,2026-09-23T07:30:00+0200,0.489,MW,NL,NL,actual_offshore_wind_generation,Wind Offshore | Actual Consumption,2026-09-24T04:41:40Z
2026-09-24T04:38:50Z,2026-09-24T06:38:50+0200,3c6ea73a-8935-4563-9159-861abf60a62a,2026-09-23T05:45:00Z,2026-09-23T07:45:00+0200,179.45,MW,NL,NL,actual_offshore_wind_generation,Wind Offshore | Actual Aggregated,2026-09-24T04:41:40Z
2026-09-24T04:38:50Z,2026-09-24T06:38:50+0200,3c6ea73a-8935-4563-9159-861abf60a62a,2026-09-23T05:45:00Z,2026-09-23T07:45:00+0200,0.121,MW,NL,NL,actual_offshore_wind_generation,Wind Offshore | Actual Consumption,2026-09-24T04:41:40Z
2026-09-24T04:38:50Z,2026-09-24T06:38:50+0200,3c6ea73a-8935-4563-9159-861abf60a62a,2026-09-23T06:00:00Z,2026-09-23T08:00:00+0200,191.432,MW,NL,NL,actual_offshore_wind_generation,Wind Offshore | Actual Aggregated,2026-09-24T04:41:40Z
2026-09-24T04:38:50Z,2026-09-24T06:38:50+0200,3c6ea73a-8935-4563-9159-861abf60a62a,2026-09-23T06:00:00Z,2026-09-23T08:00:00+0200,0.58,MW,NL,NL,actual_offshore_wind_generation,Wind Offshore | Actual Consumption,2026-09-24T04:41:40Z
2026-09-24T04:38:50Z,2026-09-24T06:38:50+0200,3c6ea73a-8935-4563-9159-861abf60a62a,2026-09-23T06:15:00Z,2026-09-23T08:15:00+0200,205.405,MW,NL,NL,actual_offshore_wind_generation,Wind Offshore | Actual Aggregated,2026-09-24T04:41:40Z
2026-09-24T04:38:50Z,2026-09-24T06:38:50+0200,3c6ea73a-8935-4563-9159-861abf60a62a,2026-09-23T06:15:00Z,2026-09-23T08:15:00+0200,0.438,MW,NL,NL,actual_offshore_wind_generation,Wind Offshore | Actual Consumption,2026-09-24T04:41:40Z
2026-09-24T04:38:50Z,2026-09-24T06:38:50+0200,3c6ea73a-8935-4563-9159-861abf60a62a,2026-09-23T06:30:00Z,2026-09-23T08:30:00+0200,240.084,MW,NL,NL,actual_offshore_wind_generation,Wind Offshore | Actual Aggregated,2026-09-24T04:41:40Z
2026-09-24T04:38:50Z,2026-09-24T06:38:50+0200,3c6ea73a-8935-4563-9159-861abf60a62a,2026-09-23T06:30:00Z,2026-09-23T08:30:00+0200,1.085,MW,NL,NL,actual_offshore_wind_generation,Wind Offshore | Actual Consumption,2026-09-24T04:41:40Z
2026-09-24T04:38:50Z,2026-09-24T06:38:50+0200,3c6ea73a-8935-4563-9159-861abf60a62a,2026-09-23T06:45:00Z,2026-09-23T08:45:00+0200,285.112,MW,NL,NL,actual_offshore_wind_generation,Wind Offshore | Actual Aggregated,2026-09-24T04:41:40Z
2026-09-24T04:38:50Z,2026-09-24T06:38:50+0200,3c6ea73a-8935-4563-9159-861abf60a62a,2026-09-23T06:45:00Z,2026-09-23T08:45:00+0200,1.048,MW,NL,NL,actual_offshore_wind_generation,Wind Offshore | Actual Consumption,2026-09-24T04:41:40Z
2026-09-24T04:38:50Z,2026-09-24T06:38:50+0200,3c6ea73a-8935-4563-9159-861abf60a62a,2026-09-23T07:00:00Z,2026-09-23T09:00:00+0200,315.716,MW,NL,NL,actual_offshore_wind_generation,Wind Offshore | Actual Aggregated,2026-09-24T04:41:40Z
2026-09-24T04:38:50Z,2026-09-24T06:38:50+0200,3c6ea73a-8935-4563-9159-861abf60a62a,2026-09-23T07:00:00Z,2026-09-23T09:00:00+0200,0.96,MW,NL,NL,actual_offshore_wind_generation,Wind Offshore | Actual Consumption,2026-09-24T04:41:40Z
2026-09-24T04:38:50Z,2026-09-24T06:38:50+0200,3c6ea73a-8935-4563-9159-861abf60a62a,2026-09-23T07:15:00Z,2026-09-23T09:15:00+0200,344.787,MW,NL,NL,actual_offshore_wind_generation,Wind Offshore | Actual Aggregated,2026-09-24T04:41:40Z
2026-09-24T04:38:50Z,2026-09-24T06:38:50+0200,3c6ea73a-8935-4563-9159-861abf60a62a,2026-09-23T07:15:00Z,2026-09-23T09:15:00+0200,1.432,MW,NL,NL,actual_offshore_wind_generation,Wind Offshore | Actual Consumption,2026-09-24T04:41:40Z
2026-09-24T04:38:50Z,2026-09-24T06:38:50+0200,3c6ea73a-8935-4563-9159-861abf60a62a,2026-09-23T07:30:00Z,2026-09-23T09:30:00+0200,396.713,MW,NL,NL,actual_offshore_wind_generation,Wind Offshore | Actual Aggregated,2026-09-24T04:41:40Z
2026-09-24T04:38:50Z,2026-09-24T06:38:50+0200,3c6ea73a-8935-4563-9159-861abf60a62a,2026-09-23T07:30:00Z,2026-09-23T09:30:00+0200,0.266,MW,NL,NL,actual_offshore_wind_generation,Wind Offshore | Actual Consumption,2026-09-24T04:41:40Z
2026-09-24T04:38:50Z,2026-09-24T06:38:50+0200,3c6ea73a-8935-4563-9159-861abf60a62a,2026-09-23T07:45:00Z,2026-09-23T09:45:00+0200,427.744,MW,NL,NL,actual_offshore_wind_generation,Wind Offshore | Actual Aggregated,2026-09-24T04:41:40Z
2026-09-24T04:38:50Z,2026-09-24T06:38:50+0200,3c6ea73a-8935-4563-9159-861abf60a62a,2026-09-23T07:45:00Z,2026-09-23T09:45:00+0200,0.0,MW,NL,NL,actual_offshore_wind_generation,Wind Offshore | Actual Consumption,2026-09-24T04:41:40Z
2026-09-24T04:38:50Z,2026-09-24T06:38:50+0200,3c6ea73a-8935-4563-9159-861abf60a62a,2026-09-23T08:00:00Z,2026-09-23T10:00:00+0200,469.439,MW,NL,NL,actual_offshore_wind_generation,Wind Offshore | Actual Aggregated,2026-09-24T04:41:40Z
2026-09-24T04:38:50Z,2026-09-24T06:38:50+0200,3c6ea73a-8935-4563-9159-861abf60a62a,2026-09-23T08:00:00Z,2026-09-23T10:00:00+0200,0.286,MW,NL,NL,actual_offshore_wind_generation,Wind Offshore | Actual Consumption,2026-09-24T04:41:40Z
2026-09-24T04:38:50Z,2026-09-24T06:38:50+0200,3c6ea73a-8935-4563-9159-861abf60a62a,2026-09-23T08:15:00Z,2026-09-23T10:15:00+0200,517.449,MW,NL,NL,actual_offshore_wind_generation,Wind Offshore | Actual Aggregated,2026-09-24T04:41:40Z
2026-09-24T04:38:50Z,2026-09-24T06:38:50+0200,3c6ea73a-8935-4563-9159-861abf60a62a,2026-09-23T08:15:00Z,2026-09-23T10:15:00+0200,0.229,MW,NL,NL,actual_offshore_wind_generation,Wind Offshore | Actual Consumption,2026-09-24T04:41:40Z
2026-09-24T04:38:50Z,2026-09-24T06:38:50+0200,3c6ea73a-8935-4563-9159-861abf60a62a,2026-09-23T08:30:00Z,2026-09-23T10:30:00+0200,519.196,MW,NL,NL,actual_offshore_wind_generation,Wind Offshore | Actual Aggregated,2026-09-24T04:41:40Z
2026-09-24T04:38:50Z,2026-09-24T06:38:50+0200,3c6ea73a-8935-4563-9159-861abf60a62a,2026-09-23T08:30:00Z,2026-09-23T10:30:00+0200,0.127,MW,NL,NL,actual_offshore_wind_generation,Wind Offshore | Actual Consumption,2026-09-24T04:41:40Z
2026-09-24T04:38:50Z,2026-09-24T06:38:50+0200,3c6ea73a-8935-4563-9159-861abf60a62a,2026-09-23T08:45:00Z,2026-09-23T10:45:00+0200,534.522,MW,NL,NL,actual_offshore_wind_generation,Wind Offshore | Actual Aggregated,2026-09-24T04:41:40Z
2026-09-24T04:38:50Z,2026-09-24T06:38:50+0200,3c6ea73a-8935-4563-9159-861abf60a62a,2026-09-23T08:45:00Z,2026-09-23T10:45:00+0200,0.166,MW,NL,NL,actual_offshore_wind_generation,Wind Offshore | Actual Consumption,2026-09-24T04:41:40Z
2026-09-24T04:38:50Z,2026-09-24T06:38:50+0200,3c6ea73a-8935-4563-9159-861abf60a62a,2026-09-23T09:00:00Z,2026-09-23T11:00:00+0200,576.594,MW,NL,NL,actual_offshore_wind_generation,Wind Offshore | Actual Aggregated,2026-09-24T04:41:40Z
2026-09-24T04:38:50Z,2026-09-24T06:38:50+0200,3c6ea73a-8935-4563-9159-861abf60a62a,2026-09-23T09:00:00Z,2026-09-23T11:00:00+0200,0.0,MW,NL,NL,actual_offshore_wind_generation,Wind Offshore | Actual Consumption,2026-09-24T04:41:40Z
2026-09-24T04:38:50Z,2026-09-24T06:38:50+0200,3c6ea73a-8935-4563-9159-861abf60a62a,2026-09-23T09:15:00Z,2026-09-23T11:15:00+0200,644.068,MW,NL,NL,actual_offshore_wind_generation,Wind Offshore | Actual Aggregated,2026-09-24T04:41:40Z
2026-09-24T04:38:50Z,2026-09-24T06:38:50+0200,3c6ea73a-8935-4563-9159-861abf60a62a,2026-09-23T09:15:00Z,2026-09-23T11:15:00+0200,0.0,MW,NL,NL,actual_offshore_wind_generation,Wind Offshore | Actual Consumption,2026-09-24T04:41:40Z
2026-09-24T04:38:50Z,2026-09-24T06:38:50+0200,3c6ea73a-8935-4563-9159-861abf60a62a,2026-09-23T09:30:00Z,2026-09-23T11:30:00+0200,602.557,MW,NL,NL,actual_offshore_wind_generation,Wind Offshore | Actual Aggregated,2026-09-24T04:41:40Z
2026-09-24T04:38:50Z,2026-09-24T06:38:50+0200,3c6ea73a-8935-4563-9159-861abf60a62a,2026-09-23T09:30:00Z,2026-09-23T11:30:00+0200,0.0,MW,NL,NL,actual_offshore_wind_generation,Wind Offshore | Actual Consumption,2026-09-24T04:41:40Z
2026-09-24T04:38:50Z,2026-09-24T06:38:50+0200,3c6ea73a-8935-4563-9159-861abf60a62a,2026-09-23T09:45:00Z,2026-09-23T11:45:00+0200,612.124,MW,NL,NL,actual_offshore_wind_generation,Wind Offshore | Actual Aggregated,2026-09-24T04:41:40Z
2026-09-24T04:38:50Z,2026-09-24T06:38:50+0200,3c6ea73a-8935-4563-9159-861abf60a62a,2026-09-23T09:45:00Z,2026-09-23T11:45:00+0200,1.044,MW,NL,NL,actual_offshore_wind_generation,Wind Offshore | Actual Consumption,2026-09-24T04:41:40Z
2026-09-24T04:38:50Z,2026-09-24T06:38:50+0200,3c6ea73a-8935-4563-9159-861abf60a62a,2026-09-23T10:00:00Z,2026-09-23T12:00:00+0200,956.339,MW,NL,NL,actual_offshore_wind_generation,Wind Offshore | Actual Aggregated,2026-09-24T04:41:40Z
2026-09-24T04:38:50Z,2026-09-24T06:38:50+0200,3c6ea73a-8935-4563-9159-861abf60a62a,2026-09-23T10:00:00Z,2026-09-23T12:00:00+0200,0.0,MW,NL,NL,actual_offshore_wind_generation,Wind Offshore | Actual Consumption,2026-09-24T04:41:40Z
2026-09-24T04:38:50Z,2026-09-24T06:38:50+0200,3c6ea73a-8935-4563-9159-861abf60a62a,2026-09-23T10:15:00Z,2026-09-23T12:15:00+0200,1050.389,MW,NL,NL,actual_offshore_wind_generation,Wind Offshore | Actual Aggregated,2026-09-24T04:41:40Z
2026-09-24T04:38:50Z,2026-09-24T06:38:50+0200,3c6ea73a-8935-4563-9159-861abf60a62a,2026-09-23T10:15:00Z,2026-09-23T12:15:00+0200,0.76,MW,NL,NL,actual_offshore_wind_generation,Wind Offshore | Actual Consumption,2026-09-24T04:41:40Z
2026-09-24T04:38:50Z,2026-09-24T06:38:50+0200,3c6ea73a-8935-4563-9159-861abf60a62a,2026-09-23T10:30:00Z,2026-09-23T12:30:00+0200,1063.011,MW,NL,NL,actual_offshore_wind_generation,Wind Offshore | Actual Aggregated,2026-09-24T04:41:40Z
2026-09-24T04:38:50Z,2026-09-24T06:38:50+0200,3c6ea73a-8935-4563-9159-861abf60a62a,2026-09-23T10:30:00Z,2026-09-23T12:30:00+0200,0.234,MW,NL,NL,actual_offshore_wind_generation,Wind Offshore | Actual Consumption,2026-09-24T04:41:40Z
2026-09-24T04:38:50Z,2026-09-24T06:38:50+0200,3c6ea73a-8935-4563-9159-861abf60a62a,2026-09-23T10:45:00Z,2026-09-23T12:45:00+0200,988.342,MW,NL,NL,actual_offshore_wind_generation,Wind Offshore | Actual Aggregated,2026-09-24T04:41:40Z
2026-09-24T04:38:50Z,2026-09-24T06:38:50+0200,3c6ea73a-8935-4563-9159-861abf60a62a,2026-09-23T10:45:00Z,2026-09-23T12:45:00+0200,0.0,MW,NL,NL,actual_offshore_wind_generation,Wind Offshore | Actual Consumption,2026-09-24T04:41:40Z
2026-09-24T04:38:50Z,2026-09-24T06:38:50+0200,3c6ea73a-8935-4563-9159-861abf60a62a,2026-09-23T11:00:00Z,2026-09-23T13:00:00+0200,880.408,MW,NL,NL,actual_offshore_wind_generation,Wind Offshore | Actual Aggregated,2026-09-24T04:41:40Z
2026-09-24T04:38:50Z,2026-09-24T06:38:50+0200,3c6ea73a-8935-4563-9159-861abf60a62a,2026-09-23T11:00:00Z,2026-09-23T13:00:00+0200,0.124,MW,NL,NL,actual_offshore_wind_generation,Wind Offshore | Actual Consumption,2026-09-24T04:41:40Z
2026-09-24T04:38:50Z,2026-09-24T06:38:50+0200,3c6ea73a-8935-4563-9159-861abf60a62a,2026-09-23T11:15:00Z,2026-09-23T13:15:00+0200,957.987,MW,NL,NL,actual_offshore_wind_generation,Wind Offshore | Actual Aggregated,2026-09-24T04:41:40Z
2026-09-24T04:38:50Z,2026-09-24T06:38:50+0200,3c6ea73a-8935-4563-9159-861abf60a62a,2026-09-23T11:15:00Z,2026-09-23T13:15:00+0200,0.611,MW,NL,NL,actual_offshore_wind_generation,Wind Offshore | Actual Consumption,2026-09-24T04:41:40Z
2026-09-24T04:38:50Z,2026-09-24T06:38:50+0200,3c6ea73a-8935-4563-9159-861abf60a62a,2026-09-23T11:30:00Z,2026-09-23T13:30:00+0200,989.59,MW,NL,NL,actual_offshore_wind_generation,Wind Offshore | Actual Aggregated,2026-09-24T04:41:40Z
2026-09-24T04:38:50Z,2026-09-24T06:38:50+0200,3c6ea73a-8935-4563-9159-861abf60a62a,2026-09-23T11:30:00Z,2026-09-23T13:30:00+0200,0.323,MW,NL,NL,actual_offshore_wind_generation,Wind Offshore | Actual Consumption,2026-09-24T04:41:40Z
2026-09-24T04:38:50Z,2026-09-24T06:38:50+0200,3c6ea73a-8935-4563-9159-861abf60a62a,2026-09-23T11:45:00Z,2026-09-23T13:45:00+0200,921.01,MW,NL,NL,actual_offshore_wind_generation,Wind Offshore | Actual Aggregated,2026-09-24T04:41:40Z
2026-09-24T04:38:50Z,2026-09-24T06:38:50+0200,3c6ea73a-8935-4563-9159-861abf60a62a,2026-09-23T11:45:00Z,2026-09-23T13:45:00+0200,0.129,MW,NL,NL,actual_offshore_wind_generation,Wind Offshore | Actual Consumption,2026-09-24T04:41:40Z
2026-09-24T04:38:50Z,2026-09-24T06:38:50+0200,3c6ea73a-8935-4563-9159-861abf60a62a,2026-09-23T12:00:00Z,2026-09-23T14:00:00+0200,854.247,MW,NL,NL,actual_offshore_wind_generation,Wind Offshore | Actual Aggregated,2026-09-24T04:41:40Z
2026-09-24T04:38:50Z,2026-09-24T06:38:50+0200,3c6ea73a-8935-4563-9159-861abf60a62a,2026-09-23T12:00:00Z,2026-09-23T14:00:00+0200,0.0,MW,NL,NL,actual_offshore_wind_generation,Wind Offshore | Actual Consumption,2026-09-24T04:41:40Z
2026-09-24T04:38:50Z,2026-09-24T06:38:50+0200,3c6ea73a-8935-4563-9159-861abf60a62a,2026-09-23T12:15:00Z,2026-09-23T14:15:00+0200,1006.837,MW,NL,NL,actual_offshore_wind_generation,Wind Offshore | Actual Aggregated,2026-09-24T04:41:40Z
2026-09-24T04:38:50Z,2026-09-24T06:38:50+0200,3c6ea73a-8935-4563-9159-861abf60a62a,2026-09-23T12:15:00Z,2026-09-23T14:15:00+0200,0.765,MW,NL,NL,actual_offshore_wind_generation,Wind Offshore | Actual Consumption,2026-09-24T04:41:40Z
2026-09-24T04:38:50Z,2026-09-24T06:38:50+0200,3c6ea73a-8935-4563-9159-861abf60a62a,2026-09-23T12:30:00Z,2026-09-23T14:30:00+0200,1053.558,MW,NL,NL,actual_offshore_wind_generation,Wind Offshore | Actual Aggregated,2026-09-24T04:41:40Z
2026-09-24T04:38:50Z,2026-09-24T06:38:50+0200,3c6ea73a-8935-4563-9159-861abf60a62a,2026-09-23T12:30:00Z,2026-09-23T14:30:00+0200,0.766,MW,NL,NL,actual_offshore_wind_generation,Wind Offshore | Actual Consumption,2026-09-24T04:41:40Z
2026-09-24T04:38:50Z,2026-09-24T06:38:50+0200,3c6ea73a-8935-4563-9159-861abf60a62a,2026-09-23T12:45:00Z,2026-09-23T14:45:00+0200,1074.178,MW,NL,NL,actual_offshore_wind_generation,Wind Offshore | Actual Aggregated,2026-09-24T04:41:40Z
2026-09-24T04:38:50Z,2026-09-24T06:38:50+0200,3c6ea73a-8935-4563-9159-861abf60a62a,2026-09-23T12:45:00Z,2026-09-23T14:45:00+0200,0.709,MW,NL,NL,actual_offshore_wind_generation,Wind Offshore | Actual Consumption,2026-09-24T04:41:40Z
2026-09-24T04:38:50Z,2026-09-24T06:38:50+0200,3c6ea73a-8935-4563-9159-861abf60a62a,2026-09-23T13:00:00Z,2026-09-23T15:00:00+0200,1088.379,MW,NL,NL,actual_offshore_wind_generation,Wind Offshore | Actual Aggregated,2026-09-24T04:41:40Z
2026-09-24T04:38:50Z,2026-09-24T06:38:50+0200,3c6ea73a-8935-4563-9159-861abf60a62a,2026-09-23T13:00:00Z,2026-09-23T15:00:00+0200,0.0,MW,NL,NL,actual_offshore_wind_generation,Wind Offshore | Actual Consumption,2026-09-24T04:41:40Z
2026-09-24T04:38:50Z,2026-09-24T06:38:50+0200,3c6ea73a-8935-4563-9159-861abf60a62a,2026-09-23T13:15:00Z,2026-09-23T15:15:00+0200,1146.187,MW,NL,NL,actual_offshore_wind_generation,Wind Offshore | Actual Aggregated,2026-09-24T04:41:40Z
2026-09-24T04:38:50Z,2026-09-24T06:38:50+0200,3c6ea73a-8935-4563-9159-861abf60a62a,2026-09-23T13:15:00Z,2026-09-23T15:15:00+0200,0.295,MW,NL,NL,actual_offshore_wind_generation,Wind Offshore | Actual Consumption,2026-09-24T04:41:40Z
2026-09-24T04:38:50Z,2026-09-24T06:38:50+0200,3c6ea73a-8935-4563-9159-861abf60a62a,2026-09-23T13:30:00Z,2026-09-23T15:30:00+0200,1208.832,MW,NL,NL,actual_offshore_wind_generation,Wind Offshore | Actual Aggregated,2026-09-24T04:41:40Z
2026-09-24T04:38:50Z,2026-09-24T06:38:50+0200,3c6ea73a-8935-4563-9159-861abf60a62a,2026-09-23T13:30:00Z,2026-09-23T15:30:00+0200,1.012,MW,NL,NL,actual_offshore_wind_generation,Wind Offshore | Actual Consumption,2026-09-24T04:41:40Z
2026-09-24T04:38:50Z,2026-09-24T06:38:50+0200,3c6ea73a-8935-4563-9159-861abf60a62a,2026-09-23T13:45:00Z,2026-09-23T15:45:00+0200,1280.382,MW,NL,NL,actual_offshore_wind_generation,Wind Offshore | Actual Aggregated,2026-09-24T04:41:40Z
2026-09-24T04:38:50Z,2026-09-24T06:38:50+0200,3c6ea73a-8935-4563-9159-861abf60a62a,2026-09-23T13:45:00Z,2026-09-23T15:45:00+0200,0.861,MW,NL,NL,actual_offshore_wind_generation,Wind Offshore | Actual Consumption,2026-09-24T04:41:40Z
2026-09-24T04:38:50Z,2026-09-24T06:38:50+0200,3c6ea73a-8935-4563-9159-861abf60a62a,2026-09-23T14:00:00Z,2026-09-23T16:00:00+0200,1422.584,MW,NL,NL,actual_offshore_wind_generation,Wind Offshore | Actual Aggregated,2026-09-24T04:41:40Z
2026-09-24T04:38:50Z,2026-09-24T06:38:50+0200,3c6ea73a-8935-4563-9159-861abf60a62a,2026-09-23T14:00:00Z,2026-09-23T16:00:00+0200,0.941,MW,NL,NL,actual_offshore_wind_generation,Wind Offshore | Actual Consumption,2026-09-24T04:41:40Z
2026-09-24T04:38:50Z,2026-09-24T06:38:50+0200,3c6ea73a-8935-4563-9159-861abf60a62a,2026-09-23T14:15:00Z,2026-09-23T16:15:00+0200,1652.652,MW,NL,NL,actual_offshore_wind_generation,Wind Offshore | Actual Aggregated,2026-09-24T04:41:40Z
2026-09-24T04:38:50Z,2026-09-24T06:38:50+0200,3c6ea73a-8935-4563-9159-861abf60a62a,2026-09-23T14:15:00Z,2026-09-23T16:15:00+0200,1.435,MW,NL,NL,actual_offshore_wind_generation,Wind Offshore | Actual Consumption,2026-09-24T04:41:40Z
2026-09-24T04:38:50Z,2026-09-24T06:38:50+0200,3c6ea73a-8935-4563-9159-861abf60a62a,2026-09-23T14:30:00Z,2026-09-23T16:30:00+0200,1782.922,MW,NL,NL,actual_offshore_wind_generation,Wind Offshore | Actual Aggregated,2026-09-24T04:41:40Z
2026-09-24T04:38:50Z,2026-09-24T06:38:50+0200,3c6ea73a-8935-4563-9159-861abf60a62a,2026-09-23T14:30:00Z,2026-09-23T16:30:00+0200,1.576,MW,NL,NL,actual_offshore_wind_generation,Wind Offshore | Actual Consumption,2026-09-24T04:41:40Z
2026-09-24T04:38:50Z,2026-09-24T06:38:50+0200,3c6ea73a-8935-4563-9159-861abf60a62a,2026-09-23T14:45:00Z,2026-09-23T16:45:00+0200,1874.573,MW,NL,NL,actual_offshore_wind_generation,Wind Offshore | Actual Aggregated,2026-09-24T04:41:40Z
2026-09-24T04:38:50Z,2026-09-24T06:38:50+0200,3c6ea73a-8935-4563-9159-861abf60a62a,2026-09-23T14:45:00Z,2026-09-23T16:45:00+0200,1.455,MW,NL,NL,actual_offshore_wind_generation,Wind Offshore | Actual Consumption,2026-09-24T04:41:40Z
2026-09-24T04:38:50Z,2026-09-24T06:38:50+0200,3c6ea73a-8935-4563-9159-861abf60a62a,2026-09-23T15:00:00Z,2026-09-23T17:00:00+0200,1659.715,MW,NL,NL,actual_offshore_wind_generation,Wind Offshore | Actual Aggregated,2026-09-24T04:41:40Z
2026-09-24T04:38:50Z,2026-09-24T06:38:50+0200,3c6ea73a-8935-4563-9159-861abf60a62a,2026-09-23T15:00:00Z,2026-09-23T17:00:00+0200,1.161,MW,NL,NL,actual_offshore_wind_generation,Wind Offshore | Actual Consumption,2026-09-24T04:41:40Z
2026-09-24T04:38:50Z,2026-09-24T06:38:50+0200,3c6ea73a-8935-4563-9159-861abf60a62a,2026-09-23T15:15:00Z,2026-09-23T17:15:00+0200,1681.77,MW,NL,NL,actual_offshore_wind_generation,Wind Offshore | Actual Aggregated,2026-09-24T04:41:40Z
2026-09-24T04:38:50Z,2026-09-24T06:38:50+0200,3c6ea73a-8935-4563-9159-861abf60a62a,2026-09-23T15:15:00Z,2026-09-23T17:15:00+0200,1.797,MW,NL,NL,actual_offshore_wind_generation,Wind Offshore | Actual Consumption,2026-09-24T04:41:40Z
2026-09-24T04:38:50Z,2026-09-24T06:38:50+0200,3c6ea73a-8935-4563-9159-861abf60a62a,2026-09-23T15:30:00Z,2026-09-23T17:30:00+0200,1788.417,MW,NL,NL,actual_offshore_wind_generation,Wind Offshore | Actual Aggregated,2026-09-24T04:41:40Z
2026-09-24T04:38:50Z,2026-09-24T06:38:50+0200,3c6ea73a-8935-4563-9159-861abf60a62a,2026-09-23T15:30:00Z,2026-09-23T17:30:00+0200,2.215,MW,NL,NL,actual_offshore_wind_generation,Wind Offshore | Actual Consumption,2026-09-24T04:41:40Z
2026-09-24T04:38:50Z,2026-09-24T06:38:50+0200,3c6ea73a-8935-4563-9159-861abf60a62a,2026-09-23T15:45:00Z,2026-09-23T17:45:00+0200,1725.357,MW,NL,NL,actual_offshore_wind_generation,Wind Offshore | Actual Aggregated,2026-09-24T04:41:40Z
2026-09-24T04:38:50Z,2026-09-24T06:38:50+0200,3c6ea73a-8935-4563-9159-861abf60a62a,2026-09-23T15:45:00Z,2026-09-23T17:45:00+0200,2.912,MW,NL,NL,actual_offshore_wind_generation,Wind Offshore | Actual Consumption,2026-09-24T04:41:40Z
2026-09-24T04:38:50Z,2026-09-24T06:38:50+0200,3c6ea73a-8935-4563-9159-861abf60a62a,2026-09-23T16:00:00Z,2026-09-23T18:00:00+0200,1414.485,MW,NL,NL,actual_offshore_wind_generation,Wind Offshore | Actual Aggregated,2026-09-24T04:41:40Z
2026-09-24T04:38:50Z,2026-09-24T06:38:50+0200,3c6ea73a-8935-4563-9159-861abf60a62a,2026-09-23T16:00:00Z,2026-09-23T18:00:00+0200,2.047,MW,NL,NL,actual_offshore_wind_generation,Wind Offshore | Actual Consumption,2026-09-24T04:41:40Z
2026-09-24T04:38:50Z,2026-09-24T06:38:50+0200,3c6ea73a-8935-4563-9159-861abf60a62a,2026-09-23T16:15:00Z,2026-09-23T18:15:00+0200,1397.113,MW,NL,NL,actual_offshore_wind_generation,Wind Offshore | Actual Aggregated,2026-09-24T04:41:40Z
2026-09-24T04:38:50Z,2026-09-24T06:38:50+0200,3c6ea73a-8935-4563-9159-861abf60a62a,2026-09-23T16:15:00Z,2026-09-23T18:15:00+0200,2.282,MW,NL,NL,actual_offshore_wind_generation,Wind Offshore | Actual Consumption,2026-09-24T04:41:40Z
2026-09-24T04:38:50Z,2026-09-24T06:38:50+0200,3c6ea73a-8935-4563-9159-861abf60a62a,2026-09-23T16:30:00Z,2026-09-23T18:30:00+0200,1474.074,MW,NL,NL,actual_offshore_wind_generation,Wind Offshore | Actual Aggregated,2026-09-24T04:41:40Z
2026-09-24T04:38:50Z,2026-09-24T06:38:50+0200,3c6ea73a-8935-4563-9159-861abf60a62a,2026-09-23T16:30:00Z,2026-09-23T18:30:00+0200,1.879,MW,NL,NL,actual_offshore_wind_generation,Wind Offshore | Actual Consumption,2026-09-24T04:41:40Z
2026-09-24T04:38:50Z,2026-09-24T06:38:50+0200,3c6ea73a-8935-4563-9159-861abf60a62a,2026-09-23T16:45:00Z,2026-09-23T18:45:00+0200,1662.27,MW,NL,NL,actual_offshore_wind_generation,Wind Offshore | Actual Aggregated,2026-09-24T04:41:40Z
2026-09-24T04:38:50Z,2026-09-24T06:38:50+0200,3c6ea73a-8935-4563-9159-861abf60a62a,2026-09-23T16:45:00Z,2026-09-23T18:45:00+0200,2.661,MW,NL,NL,actual_offshore_wind_generation,Wind Offshore | Actual Consumption,2026-09-24T04:41:40Z
2026-09-24T04:38:50Z,2026-09-24T06:38:50+0200,3c6ea73a-8935-4563-9159-861abf60a62a,2026-09-23T17:00:00Z,2026-09-23T19:00:00+0200,1799.438,MW,NL,NL,actual_offshore_wind_generation,Wind Offshore | Actual Aggregated,2026-09-24T04:41:40Z
2026-09-24T04:38:50Z,2026-09-24T06:38:50+0200,3c6ea73a-8935-4563-9159-861abf60a62a,2026-09-23T17:00:00Z,2026-09-23T19:00:00+0200,1.876,MW,NL,NL,actual_offshore_wind_generation,Wind Offshore | Actual Consumption,2026-09-24T04:41:40Z
2026-09-24T04:38:50Z,2026-09-24T06:38:50+0200,3c6ea73a-8935-4563-9159-861abf60a62a,2026-09-23T17:15:00Z,2026-09-23T19:15:00+0200,1834.125,MW,NL,NL,actual_offshore_wind_generation,Wind Offshore | Actual Aggregated,2026-09-24T04:41:40Z
2026-09-24T04:38:50Z,2026-09-24T06:38:50+0200,3c6ea73a-8935-4563-9159-861abf60a62a,2026-09-23T17:15:00Z,2026-09-23T19:15:00+0200,1.817,MW,NL,NL,actual_offshore_wind_generation,Wind Offshore | Actual Consumption,2026-09-24T04:41:40Z
2026-09-24T04:38:50Z,2026-09-24T06:38:50+0200,3c6ea73a-8935-4563-9159-861abf60a62a,2026-09-23T17:30:00Z,2026-09-23T19:30:00+0200,1912.439,MW,NL,NL,actual_offshore_wind_generation,Wind Offshore | Actual Aggregated,2026-09-24T04:41:40Z
2026-09-24T04:38:50Z,2026-09-24T06:38:50+0200,3c6ea73a-8935-4563-9159-861abf60a62a,2026-09-23T17:30:00Z,2026-09-23T19:30:00+0200,2.17,MW,NL,NL,actual_offshore_wind_generation,Wind Offshore | Actual Consumption,2026-09-24T04:41:40Z
2026-09-24T04:38:50Z,2026-09-24T06:38:50+0200,3c6ea73a-8935-4563-9159-861abf60a62a,2026-09-23T17:45:00Z,2026-09-23T19:45:00+0200,2124.374,MW,NL,NL,actual_offshore_wind_generation,Wind Offshore | Actual Aggregated,2026-09-24T04:41:40Z
2026-09-24T04:38:50Z,2026-09-24T06:38:50+0200,3c6ea73a-8935-4563-9159-861abf60a62a,2026-09-23T17:45:00Z,2026-09-23T19:45:00+0200,2.423,MW,NL,NL,actual_offshore_wind_generation,Wind Offshore | Actual Consumption,2026-09-24T04:41:40Z
2026-09-24T04:38:50Z,2026-09-24T06:38:50+0200,3c6ea73a-8935-4563-9159-861abf60a62a,2026-09-23T18:00:00Z,2026-09-23T20:00:00+0200,2235.472,MW,NL,NL,actual_offshore_wind_generation,Wind Offshore | Actual Aggregated,2026-09-24T04:41:40Z
2026-09-24T04:38:50Z,2026-09-24T06:38:50+0200,3c6ea73a-8935-4563-9159-861abf60a62a,2026-09-23T18:00:00Z,2026-09-23T20:00:00+0200,2.504,MW,NL,NL,actual_offshore_wind_generation,Wind Offshore | Actual Consumption,2026-09-24T04:41:40Z
2026-09-24T04:38:50Z,2026-09-24T06:38:50+0200,3c6ea73a-8935-4563-9159-861abf60a62a,2026-09-23T18:15:00Z,2026-09-23T20:15:00+0200,2378.338,MW,NL,NL,actual_offshore_wind_generation,Wind Offshore | Actual Aggregated,2026-09-24T04:41:40Z
2026-09-24T04:38:50Z,2026-09-24T06:38:50+0200,3c6ea73a-8935-4563-9159-861abf60a62a,2026-09-23T18:15:00Z,2026-09-23T20:15:00+0200,2.777,MW,NL,NL,actual_offshore_wind_generation,Wind Offshore | Actual Consumption,2026-09-24T04:41:40Z
2026-09-24T04:38:50Z,2026-09-24T06:38:50+0200,3c6ea73a-8935-4563-9159-861abf60a62a,2026-09-23T18:30:00Z,2026-09-23T20:30:00+0200,2431.025,MW,NL,NL,actual_offshore_wind_generation,Wind Offshore | Actual Aggregated,2026-09-24T04:41:40Z
2026-09-24T04:38:50Z,2026-09-24T06:38:50+0200,3c6ea73a-8935-4563-9159-861abf60a62a,2026-09-23T18:30:00Z,2026-09-23T20:30:00+0200,2.118,MW,NL,NL,actual_offshore_wind_generation,Wind Offshore | Actual Consumption,2026-09-24T04:41:40Z
2026-09-24T04:38:50Z,2026-09-24T06:38:50+0200,3c6ea73a-8935-4563-9159-861abf60a62a,2026-09-23T18:45:00Z,2026-09-23T20:45:00+0200,2573.963,MW,NL,NL,actual_offshore_wind_generation,Wind Offshore | Actual Aggregated,2026-09-24T04:41:40Z
2026-09-24T04:38:50Z,2026-09-24T06:38:50+0200,3c6ea73a-8935-4563-9159-861abf60a62a,2026-09-23T18:45:00Z,2026-09-23T20:45:00+0200,2.123,MW,NL,NL,actual_offshore_wind_generation,Wind Offshore | Actual Consumption,2026-09-24T04:41:40Z
2026-09-24T04:38:50Z,2026-09-24T06:38:50+0200,3c6ea73a-8935-4563-9159-861abf60a62a,2026-09-23T19:00:00Z,2026-09-23T21:00:00+0200,2744.136,MW,NL,NL,actual_offshore_wind_generation,Wind Offshore | Actual Aggregated,2026-09-24T04:41:40Z
2026-09-24T04:38:50Z,2026-09-24T06:38:50+0200,3c6ea73a-8935-4563-9159-861abf60a62a,2026-09-23T19:00:00Z,2026-09-23T21:00:00+0200,2.966,MW,NL,NL,actual_offshore_wind_generation,Wind Offshore | Actual Consumption,2026-09-24T04:41:40Z
2026-09-24T04:38:50Z,2026-09-24T06:38:50+0200,3c6ea73a-8935-4563-9159-861abf60a62a,2026-09-23T19:15:00Z,2026-09-23T21:15:00+0200,3029.953,MW,NL,NL,actual_offshore_wind_generation,Wind Offshore | Actual Aggregated,2026-09-24T04:41:40Z
2026-09-24T04:38:50Z,2026-09-24T06:38:50+0200,3c6ea73a-8935-4563-9159-861abf60a62a,2026-09-23T19:15:00Z,2026-09-23T21:15:00+0200,4.894,MW,NL,NL,actual_offshore_wind_generation,Wind Offshore | Actual Consumption,2026-09-24T04:41:40Z
2026-09-24T04:38:50Z,2026-09-24T06:38:50+0200,3c6ea73a-8935-4563-9159-861abf60a62a,2026-09-23T19:30:00Z,2026-09-23T21:30:00+0200,3195.719,MW,NL,NL,actual_offshore_wind_generation,Wind Offshore | Actual Aggregated,2026-09-24T04:41:40Z
2026-09-24T04:38:50Z,2026-09-24T06:38:50+0200,3c6ea73a-8935-4563-9159-861abf60a62a,2026-09-23T19:30:00Z,2026-09-23T21:30:00+0200,10.191,MW,NL,NL,actual_offshore_wind_generation,Wind Offshore | Actual Consumption,2026-09-24T04:41:40Z
2026-09-24T04:38:50Z,2026-09-24T06:38:50+0200,3c6ea73a-8935-4563-9159-861abf60a62a,2026-09-23T19:45:00Z,2026-09-23T21:45:00+0200,3260.423,MW,NL,NL,actual_offshore_wind_generation,Wind Offshore | Actual Aggregated,2026-09-24T04:41:40Z
2026-09-24T04:38:50Z,2026-09-24T06:38:50+0200,3c6ea73a-8935-4563-9159-861abf60a62a,2026-09-23T19:45:00Z,2026-09-23T21:45:00+0200,10.665,MW,NL,NL,actual_offshore_wind_generation,Wind Offshore | Actual Consumption,2026-09-24T04:41:40Z
2026-09-24T04:38:50Z,2026-09-24T06:38:50+0200,3c6ea73a-8935-4563-9159-861abf60a62a,2026-09-23T20:00:00Z,2026-09-23T22:00:00+0200,3325.4,MW,NL,NL,actual_offshore_wind_generation,Wind Offshore | Actual Aggregated,2026-09-24T04:41:40Z
2026-09-24T04:38:50Z,2026-09-24T06:38:50+0200,3c6ea73a-8935-4563-9159-861abf60a62a,2026-09-23T20:00:00Z,2026-09-23T22:00:00+0200,11.993,MW,NL,NL,actual_offshore_wind_generation,Wind Offshore | Actual Consumption,2026-09-24T04:41:40Z
2026-09-24T04:38:50Z,2026-09-24T06:38:50+0200,3c6ea73a-8935-4563-9159-861abf60a62a,2026-09-23T20:15:00Z,2026-09-23T22:15:00+0200,3452.974,MW,NL,NL,actual_offshore_wind_generation,Wind Offshore | Actual Aggregated,2026-09-24T04:41:40Z
2026-09-24T04:38:50Z,2026-09-24T06:38:50+0200,3c6ea73a-8935-4563-9159-861abf60a62a,2026-09-23T20:15:00Z,2026-09-23T22:15:00+0200,17.05,MW,NL,NL,actual_offshore_wind_generation,Wind Offshore | Actual Consumption,2026-09-24T04:41:40Z
2026-09-24T04:38:50Z,2026-09-24T06:38:50+0200,3c6ea73a-8935-4563-9159-861abf60a62a,2026-09-23T20:30:00Z,2026-09-23T22:30:00+0200,3494.035,MW,NL,NL,actual_offshore_wind_generation,Wind Offshore | Actual Aggregated,2026-09-24T04:41:40Z
2026-09-24T04:38:50Z,2026-09-24T06:38:50+0200,3c6ea73a-8935-4563-9159-861abf60a62a,2026-09-23T20:30:00Z,2026-09-23T22:30:00+0200,17.025,MW,NL,NL,actual_offshore_wind_generation,Wind Offshore | Actual Consumption,2026-09-24T04:41:40Z
2026-09-24T04:38:50Z,2026-09-24T06:38:50+0200,3c6ea73a-8935-4563-9159-861abf60a62a,2026-09-23T20:45:00Z,2026-09-23T22:45:00+0200,3165.992,MW,NL,NL,actual_offshore_wind_generation,Wind Offshore | Actual Aggregated,2026-09-24T04:41:40Z
2026-09-24T04:38:50Z,2026-09-24T06:38:50+0200,3c6ea73a-8935-4563-9159-861abf60a62a,2026-09-23T20:45:00Z,2026-09-23T22:45:00+0200,14.534,MW,NL,NL,actual_offshore_wind_generation,Wind Offshore | Actual Consumption,2026-09-24T04:41:40Z
2026-09-24T04:38:50Z,2026-09-24T06:38:50+0200,3c6ea73a-8935-4563-9159-861abf60a62a,2026-09-23T21:00:00Z,2026-09-23T23:00:00+0200,3116.011,MW,NL,NL,actual_offshore_wind_generation,Wind Offshore | Actual Aggregated,2026-09-24T04:41:40Z
2026-09-24T04:38:50Z,2026-09-24T06:38:50+0200,3c6ea73a-8935-4563-9159-861abf60a62a,2026-09-23T21:00:00Z,2026-09-23T23:00:00+0200,13.033,MW,NL,NL,actual_offshore_wind_generation,Wind Offshore | Actual Consumption,2026-09-24T04:41:40Z
2026-09-24T04:38:50Z,2026-09-24T06:38:50+0200,3c6ea73a-8935-4563-9159-861abf60a62a,2026-09-23T21:15:00Z,2026-09-23T23:15:00+0200,3112.453,MW,NL,NL,actual_offshore_wind_generation,Wind Offshore | Actual Aggregated,2026-09-24T04:41:40Z
2026-09-24T04:38:50Z,2026-09-24T06:38:50+0200,3c6ea73a-8935-4563-9159-861abf60a62a,2026-09-23T21:15:00Z,2026-09-23T23:15:00+0200,11.871,MW,NL,NL,actual_offshore_wind_generation,Wind Offshore | Actual Consumption,2026-09-24T04:41:40Z
2026-09-24T04:38:50Z,2026-09-24T06:38:50+0200,3c6ea73a-8935-4563-9159-861abf60a62a,2026-09-23T21:30:00Z,2026-09-23T23:30:00+0200,2928.19,MW,NL,NL,actual_offshore_wind_generation,Wind Offshore | Actual Aggregated,2026-09-24T04:41:40Z
2026-09-24T04:38:50Z,2026-09-24T06:38:50+0200,3c6ea73a-8935-4563-9159-861abf60a62a,2026-09-23T21:30:00Z,2026-09-23T23:30:00+0200,12.891,MW,NL,NL,actual_offshore_wind_generation,Wind Offshore | Actual Consumption,2026-09-24T04:41:40Z
2026-09-24T04:38:50Z,2026-09-24T06:38:50+0200,3c6ea73a-8935-4563-9159-861abf60a62a,2026-09-23T21:45:00Z,2026-09-23T23:45:00+0200,2814.341,MW,NL,NL,actual_offshore_wind_generation,Wind Offshore | Actual Aggregated,2026-09-24T04:41:40Z
2026-09-24T04:38:50Z,2026-09-24T06:38:50+0200,3c6ea73a-8935-4563-9159-861abf60a62a,2026-09-23T21:45:00Z,2026-09-23T23:45:00+0200,14.561,MW,NL,NL,actual_offshore_wind_generation,Wind Offshore | Actual Consumption,2026-09-24T04:41:40Z
2026-09-24T04:38:50Z,2026-09-24T06:38:50+0200,3c6ea73a-8935-4563-9159-861abf60a62a,2026-09-23T22:00:00Z,2026-09-24T00:00:00+0200,2941.356,MW,NL,NL,actual_offshore_wind_generation,Wind Offshore | Actual Aggregated,2026-09-24T04:41:40Z
2026-09-24T04:38:50Z,2026-09-24T06:38:50+0200,3c6ea73a-8935-4563-9159-861abf60a62a,2026-09-23T22:00:00Z,2026-09-24T00:00:00+0200,12.809,MW,NL,NL,actual_offshore_wind_generation,Wind Offshore | Actual Consumption,2026-09-24T04:41:40Z
2026-09-24T04:38:50Z,2026-09-24T06:38:50+0200,3c6ea73a-8935-4563-9159-861abf60a62a,2026-09-23T22:15:00Z,2026-09-24T00:15:00+0200,2833.945,MW,NL,NL,actual_offshore_wind_generation,Wind Offshore | Actual Aggregated,2026-09-24T04:41:40Z
2026-09-24T04:38:50Z,2026-09-24T06:38:50+0200,3c6ea73a-8935-4563-9159-861abf60a62a,2026-09-23T22:15:00Z,2026-09-24T00:15:00+0200,11.795,MW,NL,NL,actual_offshore_wind_generation,Wind Offshore | Actual Consumption,2026-09-24T04:41:40Z
2026-09-24T04:38:50Z,2026-09-24T06:38:50+0200,3c6ea73a-8935-4563-9159-861abf60a62a,2026-09-23T22:30:00Z,2026-09-24T00:30:00+0200,2826.313,MW,NL,NL,actual_offshore_wind_generation,Wind Offshore | Actual Aggregated,2026-09-24T04:41:40Z
2026-09-24T04:38:50Z,2026-09-24T06:38:50+0200,3c6ea73a-8935-4563-9159-861abf60a62a,2026-09-23T22:30:00Z,2026-09-24T00:30:00+0200,12.972,MW,NL,NL,actual_offshore_wind_generation,Wind Offshore | Actual Consumption,2026-09-24T04:41:40Z
2026-09-24T04:38:50Z,2026-09-24T06:38:50+0200,3c6ea73a-8935-4563-9159-861abf60a62a,2026-09-23T22:45:00Z,2026-09-24T00:45:00+0200,2661.195,MW,NL,NL,actual_offshore_wind_generation,Wind Offshore | Actual Aggregated,2026-09-24T04:41:40Z
2026-09-24T04:38:50Z,2026-09-24T06:38:50+0200,3c6ea73a-8935-4563-9159-861abf60a62a,2026-09-23T22:45:00Z,2026-09-24T00:45:00+0200,12.347,MW,NL,NL,actual_offshore_wind_generation,Wind Offshore | Actual Consumption,2026-09-24T04:41:40Z
2026-09-24T04:38:50Z,2026-09-24T06:38:50+0200,3c6ea73a-8935-4563-9159-861abf60a62a,2026-09-23T23:00:00Z,2026-09-24T01:00:00+0200,2551.083,MW,NL,NL,actual_offshore_wind_generation,Wind Offshore | Actual Aggregated,2026-09-24T04:41:40Z
2026-09-24T04:38:50Z,2026-09-24T06:38:50+0200,3c6ea73a-8935-4563-9159-861abf60a62a,2026-09-23T23:00:00Z,2026-09-24T01:00:00+0200,11.692,MW,NL,NL,actual_offshore_wind_generation,Wind Offshore | Actual Consumption,2026-09-24T04:41:40Z
2026-09-24T04:38:50Z,2026-09-24T06:38:50+0200,3c6ea73a-8935-4563-9159-861abf60a62a,2026-09-23T23:15:00Z,2026-09-24T01:15:00+0200,2429.901,MW,NL,NL,actual_offshore_wind_generation,Wind Offshore | Actual Aggregated,2026-09-24T04:41:40Z
2026-09-24T04:38:50Z,2026-09-24T06:38:50+0200,3c6ea73a-8935-4563-9159-861abf60a62a,2026-09-23T23:15:00Z,2026-09-24T01:15:00+0200,11.813,MW,NL,NL,actual_offshore_wind_generation,Wind Offshore | Actual Consumption,2026-09-24T04:41:40Z
2026-09-24T04:38:50Z,2026-09-24T06:38:50+0200,3c6ea73a-8935-4563-9159-861abf60a62a,2026-09-23T23:30:00Z,2026-09-24T01:30:00+0200,2237.082,MW,NL,NL,actual_offshore_wind_generation,Wind Offshore | Actual Aggregated,2026-09-24T04:41:40Z
2026-09-24T04:38:50Z,2026-09-24T06:38:50+0200,3c6ea73a-8935-4563-9159-861abf60a62a,2026-09-23T23:30:00Z,2026-09-24T01:30:00+0200,8.286,MW,NL,NL,actual_offshore_wind_generation,Wind Offshore | Actual Consumption,2026-09-24T04:41:40Z
2026-09-24T04:38:50Z,2026-09-24T06:38:50+0200,3c6ea73a-8935-4563-9159-861abf60a62a,2026-09-23T23:45:00Z,2026-09-24T01:45:00+0200,2096.089,MW,NL,NL,actual_offshore_wind_generation,Wind Offshore | Actual Aggregated,2026-09-24T04:41:40Z
2026-09-24T04:38:50Z,2026-09-24T06:38:50+0200,3c6ea73a-8935-4563-9159-861abf60a62a,2026-09-23T23:45:00Z,2026-09-24T01:45:00+0200,6.776,MW,NL,NL,actual_offshore_wind_generation,Wind Offshore | Actual Consumption,2026-09-24T04:41:40Z
2026-09-24T04:38:50Z,2026-09-24T06:38:50+0200,3c6ea73a-8935-4563-9159-861abf60a62a,2026-09-24T00:00:00Z,2026-09-24T02:00:00+0200,2098.571,MW,NL,NL,actual_offshore_wind_generation,Wind Offshore | Actual Aggregated,2026-09-24T04:41:40Z
2026-09-24T04:38:50Z,2026-09-24T06:38:50+0200,3c6ea73a-8935-4563-9159-861abf60a62a,2026-09-24T00:00:00Z,2026-09-24T02:00:00+0200,8.119,MW,NL,NL,actual_offshore_wind_generation,Wind Offshore | Actual Consumption,2026-09-24T04:41:40Z
2026-09-24T04:38:50Z,2026-09-24T06:38:50+0200,3c6ea73a-8935-4563-9159-861abf60a62a,2026-09-24T00:15:00Z,2026-09-24T02:15:00+0200,2099.321,MW,NL,NL,actual_offshore_wind_generation,Wind Offshore | Actual Aggregated,2026-09-24T04:41:40Z
2026-09-24T04:38:50Z,2026-09-24T06:38:50+0200,3c6ea73a-8935-4563-9159-861abf60a62a,2026-09-24T00:15:00Z,2026-09-24T02:15:00+0200,7.517,MW,NL,NL,actual_offshore_wind_generation,Wind Offshore | Actual Consumption,2026-09-24T04:41:40Z
2026-09-24T04:38:50Z,2026-09-24T06:38:50+0200,3c6ea73a-8935-4563-9159-861abf60a62a,2026-09-24T00:30:00Z,2026-09-24T02:30:00+0200,2131.32,MW,NL,NL,actual_offshore_wind_generation,Wind Offshore | Actual Aggregated,2026-09-24T04:41:40Z
2026-09-24T04:38:50Z,2026-09-24T06:38:50+0200,3c6ea73a-8935-4563-9159-861abf60a62a,2026-09-24T00:30:00Z,2026-09-24T02:30:00+0200,6.742,MW,NL,NL,actual_offshore_wind_generation,Wind Offshore | Actual Consumption,2026-09-24T04:41:40Z
2026-09-24T04:38:50Z,2026-09-24T06:38:50+0200,3c6ea73a-8935-4563-9159-861abf60a62a,2026-09-24T00:45:00Z,2026-09-24T02:45:00+0200,2162.391,MW,NL,NL,actual_offshore_wind_generation,Wind Offshore | Actual Aggregated,2026-09-24T04:41:40Z
2026-09-24T04:38:50Z,2026-09-24T06:38:50+0200,3c6ea73a-8935-4563-9159-861abf60a62a,2026-09-24T00:45:00Z,2026-09-24T02:45:00+0200,5.214,MW,NL,NL,actual_offshore_wind_generation,Wind Offshore | Actual Consumption,2026-09-24T04:41:40Z
2026-09-24T04:38:50Z,2026-09-24T06:38:50+0200,3c6ea73a-8935-4563-9159-861abf60a62a,2026-09-24T01:00:00Z,2026-09-24T03:00:00+0200,2218.34,MW,NL,NL,actual_offshore_wind_generation,Wind Offshore | Actual Aggregated,2026-09-24T04:41:40Z
2026-09-24T04:38:50Z,2026-09-24T06:38:50+0200,3c6ea73a-8935-4563-9159-861abf60a62a,2026-09-24T01:00:00Z,2026-09-24T03:00:00+0200,5.818,MW,NL,NL,actual_offshore_wind_generation,Wind Offshore | Actual Consumption,2026-09-24T04:41:40Z
2026-09-24T04:38:50Z,2026-09-24T06:38:50+0200,3c6ea73a-8935-4563-9159-861abf60a62a,2026-09-24T01:15:00Z,2026-09-24T03:15:00+0200,2298.771,MW,NL,NL,actual_offshore_wind_generation,Wind Offshore | Actual Aggregated,2026-09-24T04:41:40Z
2026-09-24T04:38:50Z,2026-09-24T06:38:50+0200,3c6ea73a-8935-4563-9159-861abf60a62a,2026-09-24T01:15:00Z,2026-09-24T03:15:00+0200,5.213,MW,NL,NL,actual_offshore_wind_generation,Wind Offshore | Actual Consumption,2026-09-24T04:41:40Z
2026-09-24T04:38:50Z,2026-09-24T06:38:50+0200,3c6ea73a-8935-4563-9159-861abf60a62a,2026-09-24T01:30:00Z,2026-09-24T03:30:00+0200,2182.764,MW,NL,NL,actual_offshore_wind_generation,Wind Offshore | Actual Aggregated,2026-09-24T04:41:40Z
2026-09-24T04:38:50Z,2026-09-24T06:38:50+0200,3c6ea73a-8935-4563-9159-861abf60a62a,2026-09-24T01:30:00Z,2026-09-24T03:30:00+0200,3.866,MW,NL,NL,actual_offshore_wind_generation,Wind Offshore | Actual Consumption,2026-09-24T04:41:40Z
2026-09-24T04:38:50Z,2026-09-24T06:38:50+0200,3c6ea73a-8935-4563-9159-861abf60a62a,2026-09-24T01:45:00Z,2026-09-24T03:45:00+0200,2057.334,MW,NL,NL,actual_offshore_wind_generation,Wind Offshore | Actual Aggregated,2026-09-24T04:41:40Z
2026-09-24T04:38:50Z,2026-09-24T06:38:50+0200,3c6ea73a-8935-4563-9159-861abf60a62a,2026-09-24T01:45:00Z,2026-09-24T03:45:00+0200,3.207,MW,NL,NL,actual_offshore_wind_generation,Wind Offshore | Actual Consumption,2026-09-24T04:41:40Z
2026-09-24T04:38:50Z,2026-09-24T06:38:50+0200,3c6ea73a-8935-4563-9159-861abf60a62a,2026-09-24T02:00:00Z,2026-09-24T04:00:00+0200,2014.456,MW,NL,NL,actual_offshore_wind_generation,Wind Offshore | Actual Aggregated,2026-09-24T04:41:40Z
2026-09-24T04:38:50Z,2026-09-24T06:38:50+0200,3c6ea73a-8935-4563-9159-861abf60a62a,2026-09-24T02:00:00Z,2026-09-24T04:00:00+0200,1.983,MW,NL,NL,actual_offshore_wind_generation,Wind Offshore | Actual Consumption,2026-09-24T04:41:40Z
2026-09-24T04:38:50Z,2026-09-24T06:38:50+0200,3c6ea73a-8935-4563-9159-861abf60a62a,2026-09-24T02:15:00Z,2026-09-24T04:15:00+0200,2067.073,MW,NL,NL,actual_offshore_wind_generation,Wind Offshore | Actual Aggregated,2026-09-24T04:41:40Z
2026-09-24T04:38:50Z,2026-09-24T06:38:50+0200,3c6ea73a-8935-4563-9159-861abf60a62a,2026-09-24T02:15:00Z,2026-09-24T04:15:00+0200,2.345,MW,NL,NL,actual_offshore_wind_generation,Wind Offshore | Actual Consumption,2026-09-24T04:41:40Z
2026-09-24T04:38:50Z,2026-09-24T06:38:50+0200,3c6ea73a-8935-4563-9159-861abf60a62a,2026-09-24T02:30:00Z,2026-09-24T04:30:00+0200,2035.403,MW,NL,NL,actual_offshore_wind_generation,Wind Offshore | Actual Aggregated,2026-09-24T04:41:40Z
2026-09-24T04:38:50Z,2026-09-24T06:38:50+0200,3c6ea73a-8935-4563-9159-861abf60a62a,2026-09-24T02:30:00Z,2026-09-24T04:30:00+0200,2.997,MW,NL,NL,actual_offshore_wind_generation,Wind Offshore | Actual Consumption,2026-09-24T04:41:40Z
2026-09-24T04:38:50Z,2026-09-24T06:38:50+0200,3c6ea73a-8935-4563-9159-861abf60a62a,2026-09-24T02:45:00Z,2026-09-24T04:45:00+0200,1953.729,MW,NL,NL,actual_offshore_wind_generation,Wind Offshore | Actual Aggregated,2026-09-24T04:41:40Z
2026-09-24T04:38:50Z,2026-09-24T06:38:50+0200,3c6ea73a-8935-4563-9159-861abf60a62a,2026-09-24T02:45:00Z,2026-09-24T04:45:00+0200,2.925,MW,NL,NL,actual_offshore_wind_generation,Wind Offshore | Actual Consumption,2026-09-24T04:41:40Z
2026-09-24T04:38:50Z,2026-09-24T06:38:50+0200,3c6ea73a-8935-4563-9159-861abf60a62a,2026-09-24T03:00:00Z,2026-09-24T05:00:00+0200,1927.529,MW,NL,NL,actual_offshore_wind_generation,Wind Offshore | Actual Aggregated,2026-09-24T04:41:40Z
2026-09-24T04:38:50Z,2026-09-24T06:38:50+0200,3c6ea73a-8935-4563-9159-861abf60a62a,2026-09-24T03:00:00Z,2026-09-24T05:00:00+0200,3.511,MW,NL,NL,actual_offshore_wind_generation,Wind Offshore | Actual Consumption,2026-09-24T04:41:40Z
2026-09-24T04:38:50Z,2026-09-24T06:38:50+0200,3c6ea73a-8935-4563-9159-861abf60a62a,2026-09-24T03:15:00Z,2026-09-24T05:15:00+0200,1883.653,MW,NL,NL,actual_offshore_wind_generation,Wind Offshore | Actual Aggregated,2026-09-24T04:41:40Z
2026-09-24T04:38:50Z,2026-09-24T06:38:50+0200,3c6ea73a-8935-4563-9159-861abf60a62a,2026-09-24T03:15:00Z,2026-09-24T05:15:00+0200,2.851,MW,NL,NL,actual_offshore_wind_generation,Wind Offshore | Actual Consumption,2026-09-24T04:41:40Z
2026-09-24T04:38:50Z,2026-09-24T06:38:50+0200,3c6ea73a-8935-4563-9159-861abf60a62a,2026-09-24T03:30:00Z,2026-09-24T05:30:00+0200,1842.228,MW,NL,NL,actual_offshore_wind_generation,Wind Offshore | Actual Aggregated,2026-09-24T04:41:40Z
2026-09-24T04:38:50Z,2026-09-24T06:38:50+0200,3c6ea73a-8935-4563-9159-861abf60a62a,2026-09-24T03:30:00Z,2026-09-24T05:30:00+0200,3.657,MW,NL,NL,actual_offshore_wind_generation,Wind Offshore | Actual Consumption,2026-09-24T04:41:40Z
2026-09-24T04:38:50Z,2026-09-24T06:38:50+0200,3c6ea73a-8935-4563-9159-861abf60a62a,2026-09-24T03:45:00Z,2026-09-24T05:45:00+0200,1801.017,MW,NL,NL,actual_offshore_wind_generation,Wind Offshore | Actual Aggregated,2026-09-24T04:41:40Z
2026-09-24T04:38:50Z,2026-09-24T06:38:50+0200,3c6ea73a-8935-4563-9159-861abf60a62a,2026-09-24T03:45:00Z,2026-09-24T05:45:00+0200,4.182,MW,NL,NL,actual_offshore_wind_generation,Wind Offshore | Actual Consumption,2026-09-24T04:41:40Z
