collection_time_utc,collection_time_local,run_id,timestamp_utc,timestamp_local,value,unit,country,entsoe_area,variable,source,updated_at_utc
2026-09-04T19:44:00Z,2026-09-04T21:44:00+0200,38b8bb2e-e325-47df-93a9-09dcd899994c,2026-08-28T20:00:00Z,2026-08-28T22:00:00+0200,4150.393,MW,NL,NL,actual_offshore_wind_generation,Wind Offshore | Actual Aggregated,2026-09-04T19:46:09Z
2026-09-04T19:44:00Z,2026-09-04T21:44:00+0200,38b8bb2e-e325-47df-93a9-09dcd899994c,2026-08-28T20:00:00Z,2026-08-28T22:00:00+0200,18.737,MW,NL,NL,actual_offshore_wind_generation,Wind Offshore | Actual Consumption,2026-09-04T19:46:09Z
2026-09-04T19:44:00Z,2026-09-04T21:44:00+0200,38b8bb2e-e325-47df-93a9-09dcd899994c,2026-08-28T20:15:00Z,2026-08-28T22:15:00+0200,4148.579,MW,NL,NL,actual_offshore_wind_generation,Wind Offshore | Actual Aggregated,2026-09-04T19:46:09Z
2026-09-04T19:44:00Z,2026-09-04T21:44:00+0200,38b8bb2e-e325-47df-93a9-09dcd899994c,2026-08-28T20:15:00Z,2026-08-28T22:15:00+0200,18.807,MW,NL,NL,actual_offshore_wind_generation,Wind Offshore | Actual Consumption,2026-09-04T19:46:09Z
2026-09-04T19:44:00Z,2026-09-04T21:44:00+0200,38b8bb2e-e325-47df-93a9-09dcd899994c,2026-08-28T20:30:00Z,2026-08-28T22:30:00+0200,4140.523,MW,NL,NL,actual_offshore_wind_generation,Wind Offshore | Actual Aggregated,2026-09-04T19:46:09Z
2026-09-04T19:44:00Z,2026-09-04T21:44:00+0200,38b8bb2e-e325-47df-93a9-09dcd899994c,2026-08-28T20:30:00Z,2026-08-28T22:30:00+0200,18.64,MW,NL,NL,actual_offshore_wind_generation,Wind Offshore | Actual Consumption,2026-09-04T19:46:09Z
2026-09-04T19:44:00Z,2026-09-04T21:44:00+0200,38b8bb2e-e325-47df-93a9-09dcd899994c,2026-08-28T20:45:00Z,2026-08-28T22:45:00+0200,4151.472,MW,NL,NL,actual_offshore_wind_generation,Wind Offshore | Actual Aggregated,2026-09-04T19:46:09Z
2026-09-04T19:44:00Z,2026-09-04T21:44:00+0200,38b8bb2e-e325-47df-93a9-09dcd899994c,2026-08-28T20:45:00Z,2026-08-28T22:45:00+0200,18.794,MW,NL,NL,actual_offshore_wind_generation,Wind Offshore | Actual Consumption,2026-09-04T19:46:09Z
2026-09-04T19:44:00Z,2026-09-04T21:44:00+0200,38b8bb2e-e325-47df-93a9-09dcd899994c,2026-08-28T21:00:00Z,2026-08-28T23:00:00+0200,4144.912,MW,NL,NL,actual_offshore_wind_generation,Wind Offshore | Actual Aggregated,2026-09-04T19:46:09Z
2026-09-04T19:44:00Z,2026-09-04T21:44:00+0200,38b8bb2e-e325-47df-93a9-09dcd899994c,2026-08-28T21:00:00Z,2026-08-28T23:00:00+0200,18.758,MW,NL,NL,actual_offshore_wind_generation,Wind Offshore | Actual Consumption,2026-09-04T19:46:09Z
2026-09-04T19:44:00Z,2026-09-04T21:44:00+0200,38b8bb2e-e325-47df-93a9-09dcd899994c,2026-08-28T21:15:00Z,2026-08-28T23:15:00+0200,4119.273,MW,NL,NL,actual_offshore_wind_generation,Wind Offshore | Actual Aggregated,2026-09-04T19:46:09Z
2026-09-04T19:44:00Z,2026-09-04T21:44:00+0200,38b8bb2e-e325-47df-93a9-09dcd899994c,2026-08-28T21:15:00Z,2026-08-28T23:15:00+0200,18.782,MW,NL,NL,actual_offshore_wind_generation,Wind Offshore | Actual Consumption,2026-09-04T19:46:09Z
2026-09-04T19:44:00Z,2026-09-04T21:44:00+0200,38b8bb2e-e325-47df-93a9-09dcd899994c,2026-08-28T21:30:00Z,2026-08-28T23:30:00+0200,4102.259,MW,NL,NL,actual_offshore_wind_generation,Wind Offshore | Actual Aggregated,2026-09-04T19:46:09Z
2026-09-04T19:44:00Z,2026-09-04T21:44:00+0200,38b8bb2e-e325-47df-93a9-09dcd899994c,2026-08-28T21:30:00Z,2026-08-28T23:30:00+0200,18.748,MW,NL,NL,actual_offshore_wind_generation,Wind Offshore | Actual Consumption,2026-09-04T19:46:09Z
2026-09-04T19:44:00Z,2026-09-04T21:44:00+0200,38b8bb2e-e325-47df-93a9-09dcd899994c,2026-08-28T21:45:00Z,2026-08-28T23:45:00+0200,4059.636,MW,NL,NL,actual_offshore_wind_generation,Wind Offshore | Actual Aggregated,2026-09-04T19:46:09Z
2026-09-04T19:44:00Z,2026-09-04T21:44:00+0200,38b8bb2e-e325-47df-93a9-09dcd899994c,2026-08-28T21:45:00Z,2026-08-28T23:45:00+0200,18.776,MW,NL,NL,actual_offshore_wind_generation,Wind Offshore | Actual Consumption,2026-09-04T19:46:09Z
2026-09-04T19:44:00Z,2026-09-04T21:44:00+0200,38b8bb2e-e325-47df-93a9-09dcd899994c,2026-08-28T22:00:00Z,2026-08-29T00:00:00+0200,4044.154,MW,NL,NL,actual_offshore_wind_generation,Wind Offshore | Actual Aggregated,2026-09-04T19:46:09Z
2026-09-04T19:44:00Z,2026-09-04T21:44:00+0200,38b8bb2e-e325-47df-93a9-09dcd899994c,2026-08-28T22:00:00Z,2026-08-29T00:00:00+0200,18.773,MW,NL,NL,actual_offshore_wind_generation,Wind Offshore | Actual Consumption,2026-09-04T19:46:09Z
2026-09-04T19:44:00Z,2026-09-04T21:44:00+0200,38b8bb2e-e325-47df-93a9-09dcd899994c,2026-08-28T22:15:00Z,2026-08-29T00:15:00+0200,4042.011,MW,NL,NL,actual_offshore_wind_generation,Wind Offshore | Actual Aggregated,2026-09-04T19:46:09Z
2026-09-04T19:44:00Z,2026-09-04T21:44:00+0200,38b8bb2e-e325-47df-93a9-09dcd899994c,2026-08-28T22:15:00Z,2026-08-29T00:15:00+0200,18.75,MW,NL,NL,actual_offshore_wind_generation,Wind Offshore | Actual Consumption,2026-09-04T19:46:09Z
2026-09-04T19:44:00Z,2026-09-04T21:44:00+0200,38b8bb2e-e325-47df-93a9-09dcd899994c,2026-08-28T22:30:00Z,2026-08-29T00:30:00+0200,4052.318,MW,NL,NL,actual_offshore_wind_generation,Wind Offshore | Actual Aggregated,2026-09-04T19:46:09Z
2026-09-04T19:44:00Z,2026-09-04T21:44:00+0200,38b8bb2e-e325-47df-93a9-09dcd899994c,2026-08-28T22:30:00Z,2026-08-29T00:30:00+0200,18.773,MW,NL,NL,actual_offshore_wind_generation,Wind Offshore | Actual Consumption,2026-09-04T19:46:09Z
2026-09-04T19:44:00Z,2026-09-04T21:44:00+0200,38b8bb2e-e325-47df-93a9-09dcd899994c,2026-08-28T22:45:00Z,2026-08-29T00:45:00+0200,4105.486,MW,NL,NL,actual_offshore_wind_generation,Wind Offshore | Actual Aggregated,2026-09-04T19:46:09Z
2026-09-04T19:44:00Z,2026-09-04T21:44:00+0200,38b8bb2e-e325-47df-93a9-09dcd899994c,2026-08-28T22:45:00Z,2026-08-29T00:45:00+0200,18.856,MW,NL,NL,actual_offshore_wind_generation,Wind Offshore | Actual Consumption,2026-09-04T19:46:09Z
2026-09-04T19:44:00Z,2026-09-04T21:44:00+0200,38b8bb2e-e325-47df-93a9-09dcd899994c,2026-08-28T23:00:00Z,2026-08-29T01:00:00+0200,4149.211,MW,NL,NL,actual_offshore_wind_generation,Wind Offshore | Actual Aggregated,2026-09-04T19:46:09Z
2026-09-04T19:44:00Z,2026-09-04T21:44:00+0200,38b8bb2e-e325-47df-93a9-09dcd899994c,2026-08-28T23:00:00Z,2026-08-29T01:00:00+0200,18.726,MW,NL,NL,actual_offshore_wind_generation,Wind Offshore | Actual Consumption,2026-09-04T19:46:09Z
2026-09-04T19:44:00Z,2026-09-04T21:44:00+0200,38b8bb2e-e325-47df-93a9-09dcd899994c,2026-08-28T23:15:00Z,2026-08-29T01:15:00+0200,4153.518,MW,NL,NL,actual_offshore_wind_generation,Wind Offshore | Actual Aggregated,2026-09-04T19:46:09Z
2026-09-04T19:44:00Z,2026-09-04T21:44:00+0200,38b8bb2e-e325-47df-93a9-09dcd899994c,2026-08-28T23:15:00Z,2026-08-29T01:15:00+0200,18.718,MW,NL,NL,actual_offshore_wind_generation,Wind Offshore | Actual Consumption,2026-09-04T19:46:09Z
2026-09-04T19:44:00Z,2026-09-04T21:44:00+0200,38b8bb2e-e325-47df-93a9-09dcd899994c,2026-08-28T23:30:00Z,2026-08-29T01:30:00+0200,4089.332,MW,NL,NL,actual_offshore_wind_generation,Wind Offshore | Actual Aggregated,2026-09-04T19:46:09Z
2026-09-04T19:44:00Z,2026-09-04T21:44:00+0200,38b8bb2e-e325-47df-93a9-09dcd899994c,2026-08-28T23:30:00Z,2026-08-29T01:30:00+0200,18.811,MW,NL,NL,actual_offshore_wind_generation,Wind Offshore | Actual Consumption,2026-09-04T19:46:09Z
2026-09-04T19:44:00Z,2026-09-04T21:44:00+0200,38b8bb2e-e325-47df-93a9-09dcd899994c,2026-08-28T23:45:00Z,2026-08-29T01:45:00+0200,3998.875,MW,NL,NL,actual_offshore_wind_generation,Wind Offshore | Actual Aggregated,2026-09-04T19:46:09Z
2026-09-04T19:44:00Z,2026-09-04T21:44:00+0200,38b8bb2e-e325-47df-93a9-09dcd899994c,2026-08-28T23:45:00Z,2026-08-29T01:45:00+0200,18.71,MW,NL,NL,actual_offshore_wind_generation,Wind Offshore | Actual Consumption,2026-09-04T19:46:09Z
2026-09-04T19:44:00Z,2026-09-04T21:44:00+0200,38b8bb2e-e325-47df-93a9-09dcd899994c,2026-08-29T00:00:00Z,2026-08-29T02:00:00+0200,4031.082,MW,NL,NL,actual_offshore_wind_generation,Wind Offshore | Actual Aggregated,2026-09-04T19:46:09Z
2026-09-04T19:44:00Z,2026-09-04T21:44:00+0200,38b8bb2e-e325-47df-93a9-09dcd899994c,2026-08-29T00:00:00Z,2026-08-29T02:00:00+0200,18.738,MW,NL,NL,actual_offshore_wind_generation,Wind Offshore | Actual Consumption,2026-09-04T19:46:09Z
2026-09-04T19:44:00Z,2026-09-04T21:44:00+0200,38b8bb2e-e325-47df-93a9-09dcd899994c,2026-08-29T00:15:00Z,2026-08-29T02:15:00+0200,4098.74,MW,NL,NL,actual_offshore_wind_generation,Wind Offshore | Actual Aggregated,2026-09-04T19:46:09Z
2026-09-04T19:44:00Z,2026-09-04T21:44:00+0200,38b8bb2e-e325-47df-93a9-09dcd899994c,2026-08-29T00:15:00Z,2026-08-29T02:15:00+0200,18.698,MW,NL,NL,actual_offshore_wind_generation,Wind Offshore | Actual Consumption,2026-09-04T19:46:09Z
2026-09-04T19:44:00Z,2026-09-04T21:44:00+0200,38b8bb2e-e325-47df-93a9-09dcd899994c,2026-08-29T00:30:00Z,2026-08-29T02:30:00+0200,4079.347,MW,NL,NL,actual_offshore_wind_generation,Wind Offshore | Actual Aggregated,2026-09-04T19:46:09Z
2026-09-04T19:44:00Z,2026-09-04T21:44:00+0200,38b8bb2e-e325-47df-93a9-09dcd899994c,2026-08-29T00:30:00Z,2026-08-29T02:30:00+0200,18.803,MW,NL,NL,actual_offshore_wind_generation,Wind Offshore | Actual Consumption,2026-09-04T19:46:09Z
2026-09-04T19:44:00Z,2026-09-04T21:44:00+0200,38b8bb2e-e325-47df-93a9-09dcd899994c,2026-08-29T00:45:00Z,2026-08-29T02:45:00+0200,4093.8,MW,NL,NL,actual_offshore_wind_generation,Wind Offshore | Actual Aggregated,2026-09-04T19:46:09Z
2026-09-04T19:44:00Z,2026-09-04T21:44:00+0200,38b8bb2e-e325-47df-93a9-09dcd899994c,2026-08-29T00:45:00Z,2026-08-29T02:45:00+0200,18.747,MW,NL,NL,actual_offshore_wind_generation,Wind Offshore | Actual Consumption,2026-09-04T19:46:09Z
2026-09-04T19:44:00Z,2026-09-04T21:44:00+0200,38b8bb2e-e325-47df-93a9-09dcd899994c,2026-08-29T01:00:00Z,2026-08-29T03:00:00+0200,4151.446,MW,NL,NL,actual_offshore_wind_generation,Wind Offshore | Actual Aggregated,2026-09-04T19:46:09Z
2026-09-04T19:44:00Z,2026-09-04T21:44:00+0200,38b8bb2e-e325-47df-93a9-09dcd899994c,2026-08-29T01:00:00Z,2026-08-29T03:00:00+0200,18.22,MW,NL,NL,actual_offshore_wind_generation,Wind Offshore | Actual Consumption,2026-09-04T19:46:09Z
2026-09-04T19:44:00Z,2026-09-04T21:44:00+0200,38b8bb2e-e325-47df-93a9-09dcd899994c,2026-08-29T01:15:00Z,2026-08-29T03:15:00+0200,4193.041,MW,NL,NL,actual_offshore_wind_generation,Wind Offshore | Actual Aggregated,2026-09-04T19:46:09Z
2026-09-04T19:44:00Z,2026-09-04T21:44:00+0200,38b8bb2e-e325-47df-93a9-09dcd899994c,2026-08-29T01:15:00Z,2026-08-29T03:15:00+0200,18.751,MW,NL,NL,actual_offshore_wind_generation,Wind Offshore | Actual Consumption,2026-09-04T19:46:09Z
2026-09-04T19:44:00Z,2026-09-04T21:44:00+0200,38b8bb2e-e325-47df-93a9-09dcd899994c,2026-08-29T01:30:00Z,2026-08-29T03:30:00+0200,4199.407,MW,NL,NL,actual_offshore_wind_generation,Wind Offshore | Actual Aggregated,2026-09-04T19:46:09Z
2026-09-04T19:44:00Z,2026-09-04T21:44:00+0200,38b8bb2e-e325-47df-93a9-09dcd899994c,2026-08-29T01:30:00Z,2026-08-29T03:30:00+0200,18.697,MW,NL,NL,actual_offshore_wind_generation,Wind Offshore | Actual Consumption,2026-09-04T19:46:09Z
2026-09-04T19:44:00Z,2026-09-04T21:44:00+0200,38b8bb2e-e325-47df-93a9-09dcd899994c,2026-08-29T01:45:00Z,2026-08-29T03:45:00+0200,4190.756,MW,NL,NL,actual_offshore_wind_generation,Wind Offshore | Actual Aggregated,2026-09-04T19:46:09Z
2026-09-04T19:44:00Z,2026-09-04T21:44:00+0200,38b8bb2e-e325-47df-93a9-09dcd899994c,2026-08-29T01:45:00Z,2026-08-29T03:45:00+0200,18.784,MW,NL,NL,actual_offshore_wind_generation,Wind Offshore | Actual Consumption,2026-09-04T19:46:09Z
2026-09-04T19:44:00Z,2026-09-04T21:44:00+0200,38b8bb2e-e325-47df-93a9-09dcd899994c,2026-08-29T02:00:00Z,2026-08-29T04:00:00+0200,4171.811,MW,NL,NL,actual_offshore_wind_generation,Wind Offshore | Actual Aggregated,2026-09-04T19:46:09Z
2026-09-04T19:44:00Z,2026-09-04T21:44:00+0200,38b8bb2e-e325-47df-93a9-09dcd899994c,2026-08-29T02:00:00Z,2026-08-29T04:00:00+0200,18.711,MW,NL,NL,actual_offshore_wind_generation,Wind Offshore | Actual Consumption,2026-09-04T19:46:09Z
2026-09-04T19:44:00Z,2026-09-04T21:44:00+0200,38b8bb2e-e325-47df-93a9-09dcd899994c,2026-08-29T02:15:00Z,2026-08-29T04:15:00+0200,4185.333,MW,NL,NL,actual_offshore_wind_generation,Wind Offshore | Actual Aggregated,2026-09-04T19:46:09Z
2026-09-04T19:44:00Z,2026-09-04T21:44:00+0200,38b8bb2e-e325-47df-93a9-09dcd899994c,2026-08-29T02:15:00Z,2026-08-29T04:15:00+0200,18.796,MW,NL,NL,actual_offshore_wind_generation,Wind Offshore | Actual Consumption,2026-09-04T19:46:09Z
2026-09-04T19:44:00Z,2026-09-04T21:44:00+0200,38b8bb2e-e325-47df-93a9-09dcd899994c,2026-08-29T02:30:00Z,2026-08-29T04:30:00+0200,4161.193,MW,NL,NL,actual_offshore_wind_generation,Wind Offshore | Actual Aggregated,2026-09-04T19:46:09Z
2026-09-04T19:44:00Z,2026-09-04T21:44:00+0200,38b8bb2e-e325-47df-93a9-09dcd899994c,2026-08-29T02:30:00Z,2026-08-29T04:30:00+0200,18.741,MW,NL,NL,actual_offshore_wind_generation,Wind Offshore | Actual Consumption,2026-09-04T19:46:09Z
2026-09-04T19:44:00Z,2026-09-04T21:44:00+0200,38b8bb2e-e325-47df-93a9-09dcd899994c,2026-08-29T02:45:00Z,2026-08-29T04:45:00+0200,4138.672,MW,NL,NL,actual_offshore_wind_generation,Wind Offshore | Actual Aggregated,2026-09-04T19:46:09Z
2026-09-04T19:44:00Z,2026-09-04T21:44:00+0200,38b8bb2e-e325-47df-93a9-09dcd899994c,2026-08-29T02:45:00Z,2026-08-29T04:45:00+0200,18.707,MW,NL,NL,actual_offshore_wind_generation,Wind Offshore | Actual Consumption,2026-09-04T19:46:09Z
2026-09-04T19:44:00Z,2026-09-04T21:44:00+0200,38b8bb2e-e325-47df-93a9-09dcd899994c,2026-08-29T03:00:00Z,2026-08-29T05:00:00+0200,4117.794,MW,NL,NL,actual_offshore_wind_generation,Wind Offshore | Actual Aggregated,2026-09-04T19:46:09Z
2026-09-04T19:44:00Z,2026-09-04T21:44:00+0200,38b8bb2e-e325-47df-93a9-09dcd899994c,2026-08-29T03:00:00Z,2026-08-29T05:00:00+0200,18.819,MW,NL,NL,actual_offshore_wind_generation,Wind Offshore | Actual Consumption,2026-09-04T19:46:09Z
2026-09-04T19:44:00Z,2026-09-04T21:44:00+0200,38b8bb2e-e325-47df-93a9-09dcd899994c,2026-08-29T03:15:00Z,2026-08-29T05:15:00+0200,4109.113,MW,NL,NL,actual_offshore_wind_generation,Wind Offshore | Actual Aggregated,2026-09-04T19:46:09Z
2026-09-04T19:44:00Z,2026-09-04T21:44:00+0200,38b8bb2e-e325-47df-93a9-09dcd899994c,2026-08-29T03:15:00Z,2026-08-29T05:15:00+0200,18.759,MW,NL,NL,actual_offshore_wind_generation,Wind Offshore | Actual Consumption,2026-09-04T19:46:09Z
2026-09-04T19:44:00Z,2026-09-04T21:44:00+0200,38b8bb2e-e325-47df-93a9-09dcd899994c,2026-08-29T03:30:00Z,2026-08-29T05:30:00+0200,4107.052,MW,NL,NL,actual_offshore_wind_generation,Wind Offshore | Actual Aggregated,2026-09-04T19:46:09Z
2026-09-04T19:44:00Z,2026-09-04T21:44:00+0200,38b8bb2e-e325-47df-93a9-09dcd899994c,2026-08-29T03:30:00Z,2026-08-29T05:30:00+0200,18.692,MW,NL,NL,actual_offshore_wind_generation,Wind Offshore | Actual Consumption,2026-09-04T19:46:09Z
2026-09-04T19:44:00Z,2026-09-04T21:44:00+0200,38b8bb2e-e325-47df-93a9-09dcd899994c,2026-08-29T03:45:00Z,2026-08-29T05:45:00+0200,4084.05,MW,NL,NL,actual_offshore_wind_generation,Wind Offshore | Actual Aggregated,2026-09-04T19:46:09Z
2026-09-04T19:44:00Z,2026-09-04T21:44:00+0200,38b8bb2e-e325-47df-93a9-09dcd899994c,2026-08-29T03:45:00Z,2026-08-29T05:45:00+0200,18.48,MW,NL,NL,actual_offshore_wind_generation,Wind Offshore | Actual Consumption,2026-09-04T19:46:09Z
2026-09-04T19:44:00Z,2026-09-04T21:44:00+0200,38b8bb2e-e325-47df-93a9-09dcd899994c,2026-08-29T04:00:00Z,2026-08-29T06:00:00+0200,4005.312,MW,NL,NL,actual_offshore_wind_generation,Wind Offshore | Actual Aggregated,2026-09-04T19:46:09Z
2026-09-04T19:44:00Z,2026-09-04T21:44:00+0200,38b8bb2e-e325-47df-93a9-09dcd899994c,2026-08-29T04:00:00Z,2026-08-29T06:00:00+0200,17.703,MW,NL,NL,actual_offshore_wind_generation,Wind Offshore | Actual Consumption,2026-09-04T19:46:09Z
2026-09-04T19:44:00Z,2026-09-04T21:44:00+0200,38b8bb2e-e325-47df-93a9-09dcd899994c,2026-08-29T04:15:00Z,2026-08-29T06:15:00+0200,3905.516,MW,NL,NL,actual_offshore_wind_generation,Wind Offshore | Actual Aggregated,2026-09-04T19:46:09Z
2026-09-04T19:44:00Z,2026-09-04T21:44:00+0200,38b8bb2e-e325-47df-93a9-09dcd899994c,2026-08-29T04:15:00Z,2026-08-29T06:15:00+0200,18.701,MW,NL,NL,actual_offshore_wind_generation,Wind Offshore | Actual Consumption,2026-09-04T19:46:09Z
2026-09-04T19:44:00Z,2026-09-04T21:44:00+0200,38b8bb2e-e325-47df-93a9-09dcd899994c,2026-08-29T04:30:00Z,2026-08-29T06:30:00+0200,3836.937,MW,NL,NL,actual_offshore_wind_generation,Wind Offshore | Actual Aggregated,2026-09-04T19:46:09Z
2026-09-04T19:44:00Z,2026-09-04T21:44:00+0200,38b8bb2e-e325-47df-93a9-09dcd899994c,2026-08-29T04:30:00Z,2026-08-29T06:30:00+0200,17.69,MW,NL,NL,actual_offshore_wind_generation,Wind Offshore | Actual Consumption,2026-09-04T19:46:09Z
2026-09-04T19:44:00Z,2026-09-04T21:44:00+0200,38b8bb2e-e325-47df-93a9-09dcd899994c,2026-08-29T04:45:00Z,2026-08-29T06:45:00+0200,3900.523,MW,NL,NL,actual_offshore_wind_generation,Wind Offshore | Actual Aggregated,2026-09-04T19:46:09Z
2026-09-04T19:44:00Z,2026-09-04T21:44:00+0200,38b8bb2e-e325-47df-93a9-09dcd899994c,2026-08-29T04:45:00Z,2026-08-29T06:45:00+0200,18.361,MW,NL,NL,actual_offshore_wind_generation,Wind Offshore | Actual Consumption,2026-09-04T19:46:09Z
2026-09-04T19:44:00Z,2026-09-04T21:44:00+0200,38b8bb2e-e325-47df-93a9-09dcd899994c,2026-08-29T05:00:00Z,2026-08-29T07:00:00+0200,3948.106,MW,NL,NL,actual_offshore_wind_generation,Wind Offshore | Actual Aggregated,2026-09-04T19:46:09Z
2026-09-04T19:44:00Z,2026-09-04T21:44:00+0200,38b8bb2e-e325-47df-93a9-09dcd899994c,2026-08-29T05:00:00Z,2026-08-29T07:00:00+0200,17.948,MW,NL,NL,actual_offshore_wind_generation,Wind Offshore | Actual Consumption,2026-09-04T19:46:09Z
2026-09-04T19:44:00Z,2026-09-04T21:44:00+0200,38b8bb2e-e325-47df-93a9-09dcd899994c,2026-08-29T05:15:00Z,2026-08-29T07:15:00+0200,3943.751,MW,NL,NL,actual_offshore_wind_generation,Wind Offshore | Actual Aggregated,2026-09-04T19:46:09Z
2026-09-04T19:44:00Z,2026-09-04T21:44:00+0200,38b8bb2e-e325-47df-93a9-09dcd899994c,2026-08-29T05:15:00Z,2026-08-29T07:15:00+0200,18.763,MW,NL,NL,actual_offshore_wind_generation,Wind Offshore | Actual Consumption,2026-09-04T19:46:09Z
2026-09-04T19:44:00Z,2026-09-04T21:44:00+0200,38b8bb2e-e325-47df-93a9-09dcd899994c,2026-08-29T05:30:00Z,2026-08-29T07:30:00+0200,3919.189,MW,NL,NL,actual_offshore_wind_generation,Wind Offshore | Actual Aggregated,2026-09-04T19:46:09Z
2026-09-04T19:44:00Z,2026-09-04T21:44:00+0200,38b8bb2e-e325-47df-93a9-09dcd899994c,2026-08-29T05:30:00Z,2026-08-29T07:30:00+0200,18.725,MW,NL,NL,actual_offshore_wind_generation,Wind Offshore | Actual Consumption,2026-09-04T19:46:09Z
2026-09-04T19:44:00Z,2026-09-04T21:44:00+0200,38b8bb2e-e325-47df-93a9-09dcd899994c,2026-08-29T05:45:00Z,2026-08-29T07:45:00+0200,3794.086,MW,NL,NL,actual_offshore_wind_generation,Wind Offshore | Actual Aggregated,2026-09-04T19:46:09Z
2026-09-04T19:44:00Z,2026-09-04T21:44:00+0200,38b8bb2e-e325-47df-93a9-09dcd899994c,2026-08-29T05:45:00Z,2026-08-29T07:45:00+0200,18.139,MW,NL,NL,actual_offshore_wind_generation,Wind Offshore | Actual Consumption,2026-09-04T19:46:09Z
2026-09-04T19:44:00Z,2026-09-04T21:44:00+0200,38b8bb2e-e325-47df-93a9-09dcd899994c,2026-08-29T06:00:00Z,2026-08-29T08:00:00+0200,3589.144,MW,NL,NL,actual_offshore_wind_generation,Wind Offshore | Actual Aggregated,2026-09-04T19:46:09Z
2026-09-04T19:44:00Z,2026-09-04T21:44:00+0200,38b8bb2e-e325-47df-93a9-09dcd899994c,2026-08-29T06:00:00Z,2026-08-29T08:00:00+0200,17.461,MW,NL,NL,actual_offshore_wind_generation,Wind Offshore | Actual Consumption,2026-09-04T19:46:09Z
2026-09-04T19:44:00Z,2026-09-04T21:44:00+0200,38b8bb2e-e325-47df-93a9-09dcd899994c,2026-08-29T06:15:00Z,2026-08-29T08:15:00+0200,3528.655,MW,NL,NL,actual_offshore_wind_generation,Wind Offshore | Actual Aggregated,2026-09-04T19:46:09Z
2026-09-04T19:44:00Z,2026-09-04T21:44:00+0200,38b8bb2e-e325-47df-93a9-09dcd899994c,2026-08-29T06:15:00Z,2026-08-29T08:15:00+0200,18.343,MW,NL,NL,actual_offshore_wind_generation,Wind Offshore | Actual Consumption,2026-09-04T19:46:09Z
2026-09-04T19:44:00Z,2026-09-04T21:44:00+0200,38b8bb2e-e325-47df-93a9-09dcd899994c,2026-08-29T06:30:00Z,2026-08-29T08:30:00+0200,3503.624,MW,NL,NL,actual_offshore_wind_generation,Wind Offshore | Actual Aggregated,2026-09-04T19:46:09Z
2026-09-04T19:44:00Z,2026-09-04T21:44:00+0200,38b8bb2e-e325-47df-93a9-09dcd899994c,2026-08-29T06:30:00Z,2026-08-29T08:30:00+0200,13.547,MW,NL,NL,actual_offshore_wind_generation,Wind Offshore | Actual Consumption,2026-09-04T19:46:09Z
2026-09-04T19:44:00Z,2026-09-04T21:44:00+0200,38b8bb2e-e325-47df-93a9-09dcd899994c,2026-08-29T06:45:00Z,2026-08-29T08:45:00+0200,3373.6,MW,NL,NL,actual_offshore_wind_generation,Wind Offshore | Actual Aggregated,2026-09-04T19:46:09Z
2026-09-04T19:44:00Z,2026-09-04T21:44:00+0200,38b8bb2e-e325-47df-93a9-09dcd899994c,2026-08-29T06:45:00Z,2026-08-29T08:45:00+0200,13.175,MW,NL,NL,actual_offshore_wind_generation,Wind Offshore | Actual Consumption,2026-09-04T19:46:09Z
2026-09-04T19:44:00Z,2026-09-04T21:44:00+0200,38b8bb2e-e325-47df-93a9-09dcd899994c,2026-08-29T07:00:00Z,2026-08-29T09:00:00+0200,3300.242,MW,NL,NL,actual_offshore_wind_generation,Wind Offshore | Actual Aggregated,2026-09-04T19:46:09Z
2026-09-04T19:44:00Z,2026-09-04T21:44:00+0200,38b8bb2e-e325-47df-93a9-09dcd899994c,2026-08-29T07:00:00Z,2026-08-29T09:00:00+0200,16.213,MW,NL,NL,actual_offshore_wind_generation,Wind Offshore | Actual Consumption,2026-09-04T19:46:09Z
2026-09-04T19:44:00Z,2026-09-04T21:44:00+0200,38b8bb2e-e325-47df-93a9-09dcd899994c,2026-08-29T07:15:00Z,2026-08-29T09:15:00+0200,3124.301,MW,NL,NL,actual_offshore_wind_generation,Wind Offshore | Actual Aggregated,2026-09-04T19:46:09Z
2026-09-04T19:44:00Z,2026-09-04T21:44:00+0200,38b8bb2e-e325-47df-93a9-09dcd899994c,2026-08-29T07:15:00Z,2026-08-29T09:15:00+0200,12.215,MW,NL,NL,actual_offshore_wind_generation,Wind Offshore | Actual Consumption,2026-09-04T19:46:09Z
2026-09-04T19:44:00Z,2026-09-04T21:44:00+0200,38b8bb2e-e325-47df-93a9-09dcd899994c,2026-08-29T07:30:00Z,2026-08-29T09:30:00+0200,3047.116,MW,NL,NL,actual_offshore_wind_generation,Wind Offshore | Actual Aggregated,2026-09-04T19:46:09Z
2026-09-04T19:44:00Z,2026-09-04T21:44:00+0200,38b8bb2e-e325-47df-93a9-09dcd899994c,2026-08-29T07:30:00Z,2026-08-29T09:30:00+0200,10.587,MW,NL,NL,actual_offshore_wind_generation,Wind Offshore | Actual Consumption,2026-09-04T19:46:09Z
2026-09-04T19:44:00Z,2026-09-04T21:44:00+0200,38b8bb2e-e325-47df-93a9-09dcd899994c,2026-08-29T07:45:00Z,2026-08-29T09:45:00+0200,2733.823,MW,NL,NL,actual_offshore_wind_generation,Wind Offshore | Actual Aggregated,2026-09-04T19:46:09Z
2026-09-04T19:44:00Z,2026-09-04T21:44:00+0200,38b8bb2e-e325-47df-93a9-09dcd899994c,2026-08-29T07:45:00Z,2026-08-29T09:45:00+0200,6.935,MW,NL,NL,actual_offshore_wind_generation,Wind Offshore | Actual Consumption,2026-09-04T19:46:09Z
2026-09-04T19:44:00Z,2026-09-04T21:44:00+0200,38b8bb2e-e325-47df-93a9-09dcd899994c,2026-08-29T08:00:00Z,2026-08-29T10:00:00+0200,2668.623,MW,NL,NL,actual_offshore_wind_generation,Wind Offshore | Actual Aggregated,2026-09-04T19:46:09Z
2026-09-04T19:44:00Z,2026-09-04T21:44:00+0200,38b8bb2e-e325-47df-93a9-09dcd899994c,2026-08-29T08:00:00Z,2026-08-29T10:00:00+0200,5.559,MW,NL,NL,actual_offshore_wind_generation,Wind Offshore | Actual Consumption,2026-09-04T19:46:09Z
2026-09-04T19:44:00Z,2026-09-04T21:44:00+0200,38b8bb2e-e325-47df-93a9-09dcd899994c,2026-08-29T08:15:00Z,2026-08-29T10:15:00+0200,2437.234,MW,NL,NL,actual_offshore_wind_generation,Wind Offshore | Actual Aggregated,2026-09-04T19:46:09Z
2026-09-04T19:44:00Z,2026-09-04T21:44:00+0200,38b8bb2e-e325-47df-93a9-09dcd899994c,2026-08-29T08:15:00Z,2026-08-29T10:15:00+0200,3.711,MW,NL,NL,actual_offshore_wind_generation,Wind Offshore | Actual Consumption,2026-09-04T19:46:09Z
2026-09-04T19:44:00Z,2026-09-04T21:44:00+0200,38b8bb2e-e325-47df-93a9-09dcd899994c,2026-08-29T08:30:00Z,2026-08-29T10:30:00+0200,2023.417,MW,NL,NL,actual_offshore_wind_generation,Wind Offshore | Actual Aggregated,2026-09-04T19:46:09Z
2026-09-04T19:44:00Z,2026-09-04T21:44:00+0200,38b8bb2e-e325-47df-93a9-09dcd899994c,2026-08-29T08:30:00Z,2026-08-29T10:30:00+0200,8.014,MW,NL,NL,actual_offshore_wind_generation,Wind Offshore | Actual Consumption,2026-09-04T19:46:09Z
2026-09-04T19:44:00Z,2026-09-04T21:44:00+0200,38b8bb2e-e325-47df-93a9-09dcd899994c,2026-08-29T08:45:00Z,2026-08-29T10:45:00+0200,1986.052,MW,NL,NL,actual_offshore_wind_generation,Wind Offshore | Actual Aggregated,2026-09-04T19:46:09Z
2026-09-04T19:44:00Z,2026-09-04T21:44:00+0200,38b8bb2e-e325-47df-93a9-09dcd899994c,2026-08-29T08:45:00Z,2026-08-29T10:45:00+0200,3.498,MW,NL,NL,actual_offshore_wind_generation,Wind Offshore | Actual Consumption,2026-09-04T19:46:09Z
2026-09-04T19:44:00Z,2026-09-04T21:44:00+0200,38b8bb2e-e325-47df-93a9-09dcd899994c,2026-08-29T09:00:00Z,2026-08-29T11:00:00+0200,1772.876,MW,NL,NL,actual_offshore_wind_generation,Wind Offshore | Actual Aggregated,2026-09-04T19:46:09Z
2026-09-04T19:44:00Z,2026-09-04T21:44:00+0200,38b8bb2e-e325-47df-93a9-09dcd899994c,2026-08-29T09:00:00Z,2026-08-29T11:00:00+0200,2.114,MW,NL,NL,actual_offshore_wind_generation,Wind Offshore | Actual Consumption,2026-09-04T19:46:09Z
2026-09-04T19:44:00Z,2026-09-04T21:44:00+0200,38b8bb2e-e325-47df-93a9-09dcd899994c,2026-08-29T09:15:00Z,2026-08-29T11:15:00+0200,1271.306,MW,NL,NL,actual_offshore_wind_generation,Wind Offshore | Actual Aggregated,2026-09-04T19:46:09Z
2026-09-04T19:44:00Z,2026-09-04T21:44:00+0200,38b8bb2e-e325-47df-93a9-09dcd899994c,2026-08-29T09:15:00Z,2026-08-29T11:15:00+0200,4.432,MW,NL,NL,actual_offshore_wind_generation,Wind Offshore | Actual Consumption,2026-09-04T19:46:09Z
2026-09-04T19:44:00Z,2026-09-04T21:44:00+0200,38b8bb2e-e325-47df-93a9-09dcd899994c,2026-08-29T09:30:00Z,2026-08-29T11:30:00+0200,1122.967,MW,NL,NL,actual_offshore_wind_generation,Wind Offshore | Actual Aggregated,2026-09-04T19:46:09Z
2026-09-04T19:44:00Z,2026-09-04T21:44:00+0200,38b8bb2e-e325-47df-93a9-09dcd899994c,2026-08-29T09:30:00Z,2026-08-29T11:30:00+0200,6.804,MW,NL,NL,actual_offshore_wind_generation,Wind Offshore | Actual Consumption,2026-09-04T19:46:09Z
2026-09-04T19:44:00Z,2026-09-04T21:44:00+0200,38b8bb2e-e325-47df-93a9-09dcd899994c,2026-08-29T09:45:00Z,2026-08-29T11:45:00+0200,1252.66,MW,NL,NL,actual_offshore_wind_generation,Wind Offshore | Actual Aggregated,2026-09-04T19:46:09Z
2026-09-04T19:44:00Z,2026-09-04T21:44:00+0200,38b8bb2e-e325-47df-93a9-09dcd899994c,2026-08-29T09:45:00Z,2026-08-29T11:45:00+0200,4.53,MW,NL,NL,actual_offshore_wind_generation,Wind Offshore | Actual Consumption,2026-09-04T19:46:09Z
2026-09-04T19:44:00Z,2026-09-04T21:44:00+0200,38b8bb2e-e325-47df-93a9-09dcd899994c,2026-08-29T10:00:00Z,2026-08-29T12:00:00+0200,1289.361,MW,NL,NL,actual_offshore_wind_generation,Wind Offshore | Actual Aggregated,2026-09-04T19:46:09Z
2026-09-04T19:44:00Z,2026-09-04T21:44:00+0200,38b8bb2e-e325-47df-93a9-09dcd899994c,2026-08-29T10:00:00Z,2026-08-29T12:00:00+0200,8.146,MW,NL,NL,actual_offshore_wind_generation,Wind Offshore | Actual Consumption,2026-09-04T19:46:09Z
2026-09-04T19:44:00Z,2026-09-04T21:44:00+0200,38b8bb2e-e325-47df-93a9-09dcd899994c,2026-08-29T10:15:00Z,2026-08-29T12:15:00+0200,1695.172,MW,NL,NL,actual_offshore_wind_generation,Wind Offshore | Actual Aggregated,2026-09-04T19:46:09Z
2026-09-04T19:44:00Z,2026-09-04T21:44:00+0200,38b8bb2e-e325-47df-93a9-09dcd899994c,2026-08-29T10:15:00Z,2026-08-29T12:15:00+0200,5.973,MW,NL,NL,actual_offshore_wind_generation,Wind Offshore | Actual Consumption,2026-09-04T19:46:09Z
2026-09-04T19:44:00Z,2026-09-04T21:44:00+0200,38b8bb2e-e325-47df-93a9-09dcd899994c,2026-08-29T10:30:00Z,2026-08-29T12:30:00+0200,1971.261,MW,NL,NL,actual_offshore_wind_generation,Wind Offshore | Actual Aggregated,2026-09-04T19:46:09Z
2026-09-04T19:44:00Z,2026-09-04T21:44:00+0200,38b8bb2e-e325-47df-93a9-09dcd899994c,2026-08-29T10:30:00Z,2026-08-29T12:30:00+0200,6.976,MW,NL,NL,actual_offshore_wind_generation,Wind Offshore | Actual Consumption,2026-09-04T19:46:09Z
2026-09-04T19:44:00Z,2026-09-04T21:44:00+0200,38b8bb2e-e325-47df-93a9-09dcd899994c,2026-08-29T10:45:00Z,2026-08-29T12:45:00+0200,1855.432,MW,NL,NL,actual_offshore_wind_generation,Wind Offshore | Actual Aggregated,2026-09-04T19:46:09Z
2026-09-04T19:44:00Z,2026-09-04T21:44:00+0200,38b8bb2e-e325-47df-93a9-09dcd899994c,2026-08-29T10:45:00Z,2026-08-29T12:45:00+0200,11.077,MW,NL,NL,actual_offshore_wind_generation,Wind Offshore | Actual Consumption,2026-09-04T19:46:09Z
2026-09-04T19:44:00Z,2026-09-04T21:44:00+0200,38b8bb2e-e325-47df-93a9-09dcd899994c,2026-08-29T11:00:00Z,2026-08-29T13:00:00+0200,2666.827,MW,NL,NL,actual_offshore_wind_generation,Wind Offshore | Actual Aggregated,2026-09-04T19:46:09Z
2026-09-04T19:44:00Z,2026-09-04T21:44:00+0200,38b8bb2e-e325-47df-93a9-09dcd899994c,2026-08-29T11:00:00Z,2026-08-29T13:00:00+0200,1.964,MW,NL,NL,actual_offshore_wind_generation,Wind Offshore | Actual Consumption,2026-09-04T19:46:09Z
2026-09-04T19:44:00Z,2026-09-04T21:44:00+0200,38b8bb2e-e325-47df-93a9-09dcd899994c,2026-08-29T11:15:00Z,2026-08-29T13:15:00+0200,2562.345,MW,NL,NL,actual_offshore_wind_generation,Wind Offshore | Actual Aggregated,2026-09-04T19:46:09Z
2026-09-04T19:44:00Z,2026-09-04T21:44:00+0200,38b8bb2e-e325-47df-93a9-09dcd899994c,2026-08-29T11:15:00Z,2026-08-29T13:15:00+0200,6.001,MW,NL,NL,actual_offshore_wind_generation,Wind Offshore | Actual Consumption,2026-09-04T19:46:09Z
2026-09-04T19:44:00Z,2026-09-04T21:44:00+0200,38b8bb2e-e325-47df-93a9-09dcd899994c,2026-08-29T11:30:00Z,2026-08-29T13:30:00+0200,2504.182,MW,NL,NL,actual_offshore_wind_generation,Wind Offshore | Actual Aggregated,2026-09-04T19:46:09Z
2026-09-04T19:44:00Z,2026-09-04T21:44:00+0200,38b8bb2e-e325-47df-93a9-09dcd899994c,2026-08-29T11:30:00Z,2026-08-29T13:30:00+0200,8.35,MW,NL,NL,actual_offshore_wind_generation,Wind Offshore | Actual Consumption,2026-09-04T19:46:09Z
2026-09-04T19:44:00Z,2026-09-04T21:44:00+0200,38b8bb2e-e325-47df-93a9-09dcd899994c,2026-08-29T11:45:00Z,2026-08-29T13:45:00+0200,2319.26,MW,NL,NL,actual_offshore_wind_generation,Wind Offshore | Actual Aggregated,2026-09-04T19:46:09Z
2026-09-04T19:44:00Z,2026-09-04T21:44:00+0200,38b8bb2e-e325-47df-93a9-09dcd899994c,2026-08-29T11:45:00Z,2026-08-29T13:45:00+0200,7.657,MW,NL,NL,actual_offshore_wind_generation,Wind Offshore | Actual Consumption,2026-09-04T19:46:09Z
2026-09-04T19:44:00Z,2026-09-04T21:44:00+0200,38b8bb2e-e325-47df-93a9-09dcd899994c,2026-08-29T12:00:00Z,2026-08-29T14:00:00+0200,2578.023,MW,NL,NL,actual_offshore_wind_generation,Wind Offshore | Actual Aggregated,2026-09-04T19:46:09Z
2026-09-04T19:44:00Z,2026-09-04T21:44:00+0200,38b8bb2e-e325-47df-93a9-09dcd899994c,2026-08-29T12:00:00Z,2026-08-29T14:00:00+0200,8.197,MW,NL,NL,actual_offshore_wind_generation,Wind Offshore | Actual Consumption,2026-09-04T19:46:09Z
2026-09-04T19:44:00Z,2026-09-04T21:44:00+0200,38b8bb2e-e325-47df-93a9-09dcd899994c,2026-08-29T12:15:00Z,2026-08-29T14:15:00+0200,2723.685,MW,NL,NL,actual_offshore_wind_generation,Wind Offshore | Actual Aggregated,2026-09-04T19:46:09Z
2026-09-04T19:44:00Z,2026-09-04T21:44:00+0200,38b8bb2e-e325-47df-93a9-09dcd899994c,2026-08-29T12:15:00Z,2026-08-29T14:15:00+0200,6.523,MW,NL,NL,actual_offshore_wind_generation,Wind Offshore | Actual Consumption,2026-09-04T19:46:09Z
2026-09-04T19:44:00Z,2026-09-04T21:44:00+0200,38b8bb2e-e325-47df-93a9-09dcd899994c,2026-08-29T12:30:00Z,2026-08-29T14:30:00+0200,2783.093,MW,NL,NL,actual_offshore_wind_generation,Wind Offshore | Actual Aggregated,2026-09-04T19:46:09Z
2026-09-04T19:44:00Z,2026-09-04T21:44:00+0200,38b8bb2e-e325-47df-93a9-09dcd899994c,2026-08-29T12:30:00Z,2026-08-29T14:30:00+0200,14.599,MW,NL,NL,actual_offshore_wind_generation,Wind Offshore | Actual Consumption,2026-09-04T19:46:09Z
2026-09-04T19:44:00Z,2026-09-04T21:44:00+0200,38b8bb2e-e325-47df-93a9-09dcd899994c,2026-08-29T12:45:00Z,2026-08-29T14:45:00+0200,2968.106,MW,NL,NL,actual_offshore_wind_generation,Wind Offshore | Actual Aggregated,2026-09-04T19:46:09Z
2026-09-04T19:44:00Z,2026-09-04T21:44:00+0200,38b8bb2e-e325-47df-93a9-09dcd899994c,2026-08-29T12:45:00Z,2026-08-29T14:45:00+0200,17.142,MW,NL,NL,actual_offshore_wind_generation,Wind Offshore | Actual Consumption,2026-09-04T19:46:09Z
2026-09-04T19:44:00Z,2026-09-04T21:44:00+0200,38b8bb2e-e325-47df-93a9-09dcd899994c,2026-08-29T13:00:00Z,2026-08-29T15:00:00+0200,2530.222,MW,NL,NL,actual_offshore_wind_generation,Wind Offshore | Actual Aggregated,2026-09-04T19:46:09Z
2026-09-04T19:44:00Z,2026-09-04T21:44:00+0200,38b8bb2e-e325-47df-93a9-09dcd899994c,2026-08-29T13:00:00Z,2026-08-29T15:00:00+0200,13.741,MW,NL,NL,actual_offshore_wind_generation,Wind Offshore | Actual Consumption,2026-09-04T19:46:09Z
2026-09-04T19:44:00Z,2026-09-04T21:44:00+0200,38b8bb2e-e325-47df-93a9-09dcd899994c,2026-08-29T13:15:00Z,2026-08-29T15:15:00+0200,2351.134,MW,NL,NL,actual_offshore_wind_generation,Wind Offshore | Actual Aggregated,2026-09-04T19:46:09Z
2026-09-04T19:44:00Z,2026-09-04T21:44:00+0200,38b8bb2e-e325-47df-93a9-09dcd899994c,2026-08-29T13:15:00Z,2026-08-29T15:15:00+0200,14.957,MW,NL,NL,actual_offshore_wind_generation,Wind Offshore | Actual Consumption,2026-09-04T19:46:09Z
2026-09-04T19:44:00Z,2026-09-04T21:44:00+0200,38b8bb2e-e325-47df-93a9-09dcd899994c,2026-08-29T13:30:00Z,2026-08-29T15:30:00+0200,2285.263,MW,NL,NL,actual_offshore_wind_generation,Wind Offshore | Actual Aggregated,2026-09-04T19:46:09Z
2026-09-04T19:44:00Z,2026-09-04T21:44:00+0200,38b8bb2e-e325-47df-93a9-09dcd899994c,2026-08-29T13:30:00Z,2026-08-29T15:30:00+0200,14.817,MW,NL,NL,actual_offshore_wind_generation,Wind Offshore | Actual Consumption,2026-09-04T19:46:09Z
2026-09-04T19:44:00Z,2026-09-04T21:44:00+0200,38b8bb2e-e325-47df-93a9-09dcd899994c,2026-08-29T13:45:00Z,2026-08-29T15:45:00+0200,2662.049,MW,NL,NL,actual_offshore_wind_generation,Wind Offshore | Actual Aggregated,2026-09-04T19:46:09Z
2026-09-04T19:44:00Z,2026-09-04T21:44:00+0200,38b8bb2e-e325-47df-93a9-09dcd899994c,2026-08-29T13:45:00Z,2026-08-29T15:45:00+0200,17.295,MW,NL,NL,actual_offshore_wind_generation,Wind Offshore | Actual Consumption,2026-09-04T19:46:09Z
2026-09-04T19:44:00Z,2026-09-04T21:44:00+0200,38b8bb2e-e325-47df-93a9-09dcd899994c,2026-08-29T14:00:00Z,2026-08-29T16:00:00+0200,2741.973,MW,NL,NL,actual_offshore_wind_generation,Wind Offshore | Actual Aggregated,2026-09-04T19:46:09Z
2026-09-04T19:44:00Z,2026-09-04T21:44:00+0200,38b8bb2e-e325-47df-93a9-09dcd899994c,2026-08-29T14:00:00Z,2026-08-29T16:00:00+0200,17.235,MW,NL,NL,actual_offshore_wind_generation,Wind Offshore | Actual Consumption,2026-09-04T19:46:09Z
2026-09-04T19:44:00Z,2026-09-04T21:44:00+0200,38b8bb2e-e325-47df-93a9-09dcd899994c,2026-08-29T14:15:00Z,2026-08-29T16:15:00+0200,2665.484,MW,NL,NL,actual_offshore_wind_generation,Wind Offshore | Actual Aggregated,2026-09-04T19:46:09Z
2026-09-04T19:44:00Z,2026-09-04T21:44:00+0200,38b8bb2e-e325-47df-93a9-09dcd899994c,2026-08-29T14:15:00Z,2026-08-29T16:15:00+0200,15.97,MW,NL,NL,actual_offshore_wind_generation,Wind Offshore | Actual Consumption,2026-09-04T19:46:09Z
2026-09-04T19:44:00Z,2026-09-04T21:44:00+0200,38b8bb2e-e325-47df-93a9-09dcd899994c,2026-08-29T14:30:00Z,2026-08-29T16:30:00+0200,2440.022,MW,NL,NL,actual_offshore_wind_generation,Wind Offshore | Actual Aggregated,2026-09-04T19:46:09Z
2026-09-04T19:44:00Z,2026-09-04T21:44:00+0200,38b8bb2e-e325-47df-93a9-09dcd899994c,2026-08-29T14:30:00Z,2026-08-29T16:30:00+0200,17.869,MW,NL,NL,actual_offshore_wind_generation,Wind Offshore | Actual Consumption,2026-09-04T19:46:09Z
2026-09-04T19:44:00Z,2026-09-04T21:44:00+0200,38b8bb2e-e325-47df-93a9-09dcd899994c,2026-08-29T14:45:00Z,2026-08-29T16:45:00+0200,2294.694,MW,NL,NL,actual_offshore_wind_generation,Wind Offshore | Actual Aggregated,2026-09-04T19:46:09Z
2026-09-04T19:44:00Z,2026-09-04T21:44:00+0200,38b8bb2e-e325-47df-93a9-09dcd899994c,2026-08-29T14:45:00Z,2026-08-29T16:45:00+0200,16.954,MW,NL,NL,actual_offshore_wind_generation,Wind Offshore | Actual Consumption,2026-09-04T19:46:09Z
2026-09-04T19:44:00Z,2026-09-04T21:44:00+0200,38b8bb2e-e325-47df-93a9-09dcd899994c,2026-08-29T15:00:00Z,2026-08-29T17:00:00+0200,3203.314,MW,NL,NL,actual_offshore_wind_generation,Wind Offshore | Actual Aggregated,2026-09-04T19:46:09Z
2026-09-04T19:44:00Z,2026-09-04T21:44:00+0200,38b8bb2e-e325-47df-93a9-09dcd899994c,2026-08-29T15:00:00Z,2026-08-29T17:00:00+0200,17.377,MW,NL,NL,actual_offshore_wind_generation,Wind Offshore | Actual Consumption,2026-09-04T19:46:09Z
2026-09-04T19:44:00Z,2026-09-04T21:44:00+0200,38b8bb2e-e325-47df-93a9-09dcd899994c,2026-08-29T15:15:00Z,2026-08-29T17:15:00+0200,3483.035,MW,NL,NL,actual_offshore_wind_generation,Wind Offshore | Actual Aggregated,2026-09-04T19:46:09Z
2026-09-04T19:44:00Z,2026-09-04T21:44:00+0200,38b8bb2e-e325-47df-93a9-09dcd899994c,2026-08-29T15:15:00Z,2026-08-29T17:15:00+0200,18.403,MW,NL,NL,actual_offshore_wind_generation,Wind Offshore | Actual Consumption,2026-09-04T19:46:09Z
2026-09-04T19:44:00Z,2026-09-04T21:44:00+0200,38b8bb2e-e325-47df-93a9-09dcd899994c,2026-08-29T15:30:00Z,2026-08-29T17:30:00+0200,3798.261,MW,NL,NL,actual_offshore_wind_generation,Wind Offshore | Actual Aggregated,2026-09-04T19:46:09Z
2026-09-04T19:44:00Z,2026-09-04T21:44:00+0200,38b8bb2e-e325-47df-93a9-09dcd899994c,2026-08-29T15:30:00Z,2026-08-29T17:30:00+0200,18.81,MW,NL,NL,actual_offshore_wind_generation,Wind Offshore | Actual Consumption,2026-09-04T19:46:09Z
2026-09-04T19:44:00Z,2026-09-04T21:44:00+0200,38b8bb2e-e325-47df-93a9-09dcd899994c,2026-08-29T15:45:00Z,2026-08-29T17:45:00+0200,3899.049,MW,NL,NL,actual_offshore_wind_generation,Wind Offshore | Actual Aggregated,2026-09-04T19:46:09Z
2026-09-04T19:44:00Z,2026-09-04T21:44:00+0200,38b8bb2e-e325-47df-93a9-09dcd899994c,2026-08-29T15:45:00Z,2026-08-29T17:45:00+0200,18.731,MW,NL,NL,actual_offshore_wind_generation,Wind Offshore | Actual Consumption,2026-09-04T19:46:09Z
2026-09-04T19:44:00Z,2026-09-04T21:44:00+0200,38b8bb2e-e325-47df-93a9-09dcd899994c,2026-08-29T16:00:00Z,2026-08-29T18:00:00+0200,3940.286,MW,NL,NL,actual_offshore_wind_generation,Wind Offshore | Actual Aggregated,2026-09-04T19:46:09Z
2026-09-04T19:44:00Z,2026-09-04T21:44:00+0200,38b8bb2e-e325-47df-93a9-09dcd899994c,2026-08-29T16:00:00Z,2026-08-29T18:00:00+0200,18.524,MW,NL,NL,actual_offshore_wind_generation,Wind Offshore | Actual Consumption,2026-09-04T19:46:09Z
2026-09-04T19:44:00Z,2026-09-04T21:44:00+0200,38b8bb2e-e325-47df-93a9-09dcd899994c,2026-08-29T16:15:00Z,2026-08-29T18:15:00+0200,3867.784,MW,NL,NL,actual_offshore_wind_generation,Wind Offshore | Actual Aggregated,2026-09-04T19:46:09Z
2026-09-04T19:44:00Z,2026-09-04T21:44:00+0200,38b8bb2e-e325-47df-93a9-09dcd899994c,2026-08-29T16:15:00Z,2026-08-29T18:15:00+0200,17.657,MW,NL,NL,actual_offshore_wind_generation,Wind Offshore | Actual Consumption,2026-09-04T19:46:09Z
2026-09-04T19:44:00Z,2026-09-04T21:44:00+0200,38b8bb2e-e325-47df-93a9-09dcd899994c,2026-08-29T16:30:00Z,2026-08-29T18:30:00+0200,3850.983,MW,NL,NL,actual_offshore_wind_generation,Wind Offshore | Actual Aggregated,2026-09-04T19:46:09Z
2026-09-04T19:44:00Z,2026-09-04T21:44:00+0200,38b8bb2e-e325-47df-93a9-09dcd899994c,2026-08-29T16:30:00Z,2026-08-29T18:30:00+0200,18.098,MW,NL,NL,actual_offshore_wind_generation,Wind Offshore | Actual Consumption,2026-09-04T19:46:09Z
2026-09-04T19:44:00Z,2026-09-04T21:44:00+0200,38b8bb2e-e325-47df-93a9-09dcd899994c,2026-08-29T16:45:00Z,2026-08-29T18:45:00+0200,3915.701,MW,NL,NL,actual_offshore_wind_generation,Wind Offshore | Actual Aggregated,2026-09-04T19:46:09Z
2026-09-04T19:44:00Z,2026-09-04T21:44:00+0200,38b8bb2e-e325-47df-93a9-09dcd899994c,2026-08-29T16:45:00Z,2026-08-29T18:45:00+0200,18.864,MW,NL,NL,actual_offshore_wind_generation,Wind Offshore | Actual Consumption,2026-09-04T19:46:09Z
2026-09-04T19:44:00Z,2026-09-04T21:44:00+0200,38b8bb2e-e325-47df-93a9-09dcd899994c,2026-08-29T17:00:00Z,2026-08-29T19:00:00+0200,3805.314,MW,NL,NL,actual_offshore_wind_generation,Wind Offshore | Actual Aggregated,2026-09-04T19:46:09Z
2026-09-04T19:44:00Z,2026-09-04T21:44:00+0200,38b8bb2e-e325-47df-93a9-09dcd899994c,2026-08-29T17:00:00Z,2026-08-29T19:00:00+0200,16.395,MW,NL,NL,actual_offshore_wind_generation,Wind Offshore | Actual Consumption,2026-09-04T19:46:09Z
2026-09-04T19:44:00Z,2026-09-04T21:44:00+0200,38b8bb2e-e325-47df-93a9-09dcd899994c,2026-08-29T17:15:00Z,2026-08-29T19:15:00+0200,3745.94,MW,NL,NL,actual_offshore_wind_generation,Wind Offshore | Actual Aggregated,2026-09-04T19:46:09Z
2026-09-04T19:44:00Z,2026-09-04T21:44:00+0200,38b8bb2e-e325-47df-93a9-09dcd899994c,2026-08-29T17:15:00Z,2026-08-29T19:15:00+0200,16.473,MW,NL,NL,actual_offshore_wind_generation,Wind Offshore | Actual Consumption,2026-09-04T19:46:09Z
2026-09-04T19:44:00Z,2026-09-04T21:44:00+0200,38b8bb2e-e325-47df-93a9-09dcd899994c,2026-08-29T17:30:00Z,2026-08-29T19:30:00+0200,3778.634,MW,NL,NL,actual_offshore_wind_generation,Wind Offshore | Actual Aggregated,2026-09-04T19:46:09Z
2026-09-04T19:44:00Z,2026-09-04T21:44:00+0200,38b8bb2e-e325-47df-93a9-09dcd899994c,2026-08-29T17:30:00Z,2026-08-29T19:30:00+0200,18.433,MW,NL,NL,actual_offshore_wind_generation,Wind Offshore | Actual Consumption,2026-09-04T19:46:09Z
2026-09-04T19:44:00Z,2026-09-04T21:44:00+0200,38b8bb2e-e325-47df-93a9-09dcd899994c,2026-08-29T17:45:00Z,2026-08-29T19:45:00+0200,3884.021,MW,NL,NL,actual_offshore_wind_generation,Wind Offshore | Actual Aggregated,2026-09-04T19:46:09Z
2026-09-04T19:44:00Z,2026-09-04T21:44:00+0200,38b8bb2e-e325-47df-93a9-09dcd899994c,2026-08-29T17:45:00Z,2026-08-29T19:45:00+0200,18.705,MW,NL,NL,actual_offshore_wind_generation,Wind Offshore | Actual Consumption,2026-09-04T19:46:09Z
2026-09-04T19:44:00Z,2026-09-04T21:44:00+0200,38b8bb2e-e325-47df-93a9-09dcd899994c,2026-08-29T18:00:00Z,2026-08-29T20:00:00+0200,4029.812,MW,NL,NL,actual_offshore_wind_generation,Wind Offshore | Actual Aggregated,2026-09-04T19:46:09Z
2026-09-04T19:44:00Z,2026-09-04T21:44:00+0200,38b8bb2e-e325-47df-93a9-09dcd899994c,2026-08-29T18:00:00Z,2026-08-29T20:00:00+0200,18.717,MW,NL,NL,actual_offshore_wind_generation,Wind Offshore | Actual Consumption,2026-09-04T19:46:09Z
2026-09-04T19:44:00Z,2026-09-04T21:44:00+0200,38b8bb2e-e325-47df-93a9-09dcd899994c,2026-08-29T18:15:00Z,2026-08-29T20:15:00+0200,4053.257,MW,NL,NL,actual_offshore_wind_generation,Wind Offshore | Actual Aggregated,2026-09-04T19:46:09Z
2026-09-04T19:44:00Z,2026-09-04T21:44:00+0200,38b8bb2e-e325-47df-93a9-09dcd899994c,2026-08-29T18:15:00Z,2026-08-29T20:15:00+0200,18.764,MW,NL,NL,actual_offshore_wind_generation,Wind Offshore | Actual Consumption,2026-09-04T19:46:09Z
2026-09-04T19:44:00Z,2026-09-04T21:44:00+0200,38b8bb2e-e325-47df-93a9-09dcd899994c,2026-08-29T18:30:00Z,2026-08-29T20:30:00+0200,4156.372,MW,NL,NL,actual_offshore_wind_generation,Wind Offshore | Actual Aggregated,2026-09-04T19:46:09Z
2026-09-04T19:44:00Z,2026-09-04T21:44:00+0200,38b8bb2e-e325-47df-93a9-09dcd899994c,2026-08-29T18:30:00Z,2026-08-29T20:30:00+0200,18.79,MW,NL,NL,actual_offshore_wind_generation,Wind Offshore | Actual Consumption,2026-09-04T19:46:09Z
2026-09-04T19:44:00Z,2026-09-04T21:44:00+0200,38b8bb2e-e325-47df-93a9-09dcd899994c,2026-08-29T18:45:00Z,2026-08-29T20:45:00+0200,4130.036,MW,NL,NL,actual_offshore_wind_generation,Wind Offshore | Actual Aggregated,2026-09-04T19:46:09Z
2026-09-04T19:44:00Z,2026-09-04T21:44:00+0200,38b8bb2e-e325-47df-93a9-09dcd899994c,2026-08-29T18:45:00Z,2026-08-29T20:45:00+0200,18.818,MW,NL,NL,actual_offshore_wind_generation,Wind Offshore | Actual Consumption,2026-09-04T19:46:09Z
2026-09-04T19:44:00Z,2026-09-04T21:44:00+0200,38b8bb2e-e325-47df-93a9-09dcd899994c,2026-08-29T19:00:00Z,2026-08-29T21:00:00+0200,4114.908,MW,NL,NL,actual_offshore_wind_generation,Wind Offshore | Actual Aggregated,2026-09-04T19:46:09Z
2026-09-04T19:44:00Z,2026-09-04T21:44:00+0200,38b8bb2e-e325-47df-93a9-09dcd899994c,2026-08-29T19:00:00Z,2026-08-29T21:00:00+0200,18.733,MW,NL,NL,actual_offshore_wind_generation,Wind Offshore | Actual Consumption,2026-09-04T19:46:09Z
2026-09-04T19:44:00Z,2026-09-04T21:44:00+0200,38b8bb2e-e325-47df-93a9-09dcd899994c,2026-08-29T19:15:00Z,2026-08-29T21:15:00+0200,4067.832,MW,NL,NL,actual_offshore_wind_generation,Wind Offshore | Actual Aggregated,2026-09-04T19:46:09Z
2026-09-04T19:44:00Z,2026-09-04T21:44:00+0200,38b8bb2e-e325-47df-93a9-09dcd899994c,2026-08-29T19:15:00Z,2026-08-29T21:15:00+0200,18.749,MW,NL,NL,actual_offshore_wind_generation,Wind Offshore | Actual Consumption,2026-09-04T19:46:09Z
2026-09-04T19:44:00Z,2026-09-04T21:44:00+0200,38b8bb2e-e325-47df-93a9-09dcd899994c,2026-08-29T19:30:00Z,2026-08-29T21:30:00+0200,4062.998,MW,NL,NL,actual_offshore_wind_generation,Wind Offshore | Actual Aggregated,2026-09-04T19:46:09Z
2026-09-04T19:44:00Z,2026-09-04T21:44:00+0200,38b8bb2e-e325-47df-93a9-09dcd899994c,2026-08-29T19:30:00Z,2026-08-29T21:30:00+0200,18.689,MW,NL,NL,actual_offshore_wind_generation,Wind Offshore | Actual Consumption,2026-09-04T19:46:09Z
2026-09-04T19:44:00Z,2026-09-04T21:44:00+0200,38b8bb2e-e325-47df-93a9-09dcd899994c,2026-08-29T19:45:00Z,2026-08-29T21:45:00+0200,4049.995,MW,NL,NL,actual_offshore_wind_generation,Wind Offshore | Actual Aggregated,2026-09-04T19:46:09Z
2026-09-04T19:44:00Z,2026-09-04T21:44:00+0200,38b8bb2e-e325-47df-93a9-09dcd899994c,2026-08-29T19:45:00Z,2026-08-29T21:45:00+0200,18.762,MW,NL,NL,actual_offshore_wind_generation,Wind Offshore | Actual Consumption,2026-09-04T19:46:09Z
2026-09-04T19:44:00Z,2026-09-04T21:44:00+0200,38b8bb2e-e325-47df-93a9-09dcd899994c,2026-08-29T20:00:00Z,2026-08-29T22:00:00+0200,3999.446,MW,NL,NL,actual_offshore_wind_generation,Wind Offshore | Actual Aggregated,2026-09-04T19:46:09Z
2026-09-04T19:44:00Z,2026-09-04T21:44:00+0200,38b8bb2e-e325-47df-93a9-09dcd899994c,2026-08-29T20:00:00Z,2026-08-29T22:00:00+0200,18.694,MW,NL,NL,actual_offshore_wind_generation,Wind Offshore | Actual Consumption,2026-09-04T19:46:09Z
2026-09-04T19:44:00Z,2026-09-04T21:44:00+0200,38b8bb2e-e325-47df-93a9-09dcd899994c,2026-08-29T20:15:00Z,2026-08-29T22:15:00+0200,3981.33,MW,NL,NL,actual_offshore_wind_generation,Wind Offshore | Actual Aggregated,2026-09-04T19:46:09Z
2026-09-04T19:44:00Z,2026-09-04T21:44:00+0200,38b8bb2e-e325-47df-93a9-09dcd899994c,2026-08-29T20:15:00Z,2026-08-29T22:15:00+0200,18.788,MW,NL,NL,actual_offshore_wind_generation,Wind Offshore | Actual Consumption,2026-09-04T19:46:09Z
2026-09-04T19:44:00Z,2026-09-04T21:44:00+0200,38b8bb2e-e325-47df-93a9-09dcd899994c,2026-08-29T20:30:00Z,2026-08-29T22:30:00+0200,4019.538,MW,NL,NL,actual_offshore_wind_generation,Wind Offshore | Actual Aggregated,2026-09-04T19:46:09Z
2026-09-04T19:44:00Z,2026-09-04T21:44:00+0200,38b8bb2e-e325-47df-93a9-09dcd899994c,2026-08-29T20:30:00Z,2026-08-29T22:30:00+0200,18.727,MW,NL,NL,actual_offshore_wind_generation,Wind Offshore | Actual Consumption,2026-09-04T19:46:09Z
2026-09-04T19:44:00Z,2026-09-04T21:44:00+0200,38b8bb2e-e325-47df-93a9-09dcd899994c,2026-08-29T20:45:00Z,2026-08-29T22:45:00+0200,4086.069,MW,NL,NL,actual_offshore_wind_generation,Wind Offshore | Actual Aggregated,2026-09-04T19:46:09Z
2026-09-04T19:44:00Z,2026-09-04T21:44:00+0200,38b8bb2e-e325-47df-93a9-09dcd899994c,2026-08-29T20:45:00Z,2026-08-29T22:45:00+0200,18.711,MW,NL,NL,actual_offshore_wind_generation,Wind Offshore | Actual Consumption,2026-09-04T19:46:09Z
2026-09-04T19:44:00Z,2026-09-04T21:44:00+0200,38b8bb2e-e325-47df-93a9-09dcd899994c,2026-08-29T21:00:00Z,2026-08-29T23:00:00+0200,4100.514,MW,NL,NL,actual_offshore_wind_generation,Wind Offshore | Actual Aggregated,2026-09-04T19:46:09Z
2026-09-04T19:44:00Z,2026-09-04T21:44:00+0200,38b8bb2e-e325-47df-93a9-09dcd899994c,2026-08-29T21:00:00Z,2026-08-29T23:00:00+0200,18.71,MW,NL,NL,actual_offshore_wind_generation,Wind Offshore | Actual Consumption,2026-09-04T19:46:09Z
2026-09-04T19:44:00Z,2026-09-04T21:44:00+0200,38b8bb2e-e325-47df-93a9-09dcd899994c,2026-08-29T21:15:00Z,2026-08-29T23:15:00+0200,4177.994,MW,NL,NL,actual_offshore_wind_generation,Wind Offshore | Actual Aggregated,2026-09-04T19:46:09Z
2026-09-04T19:44:00Z,2026-09-04T21:44:00+0200,38b8bb2e-e325-47df-93a9-09dcd899994c,2026-08-29T21:15:00Z,2026-08-29T23:15:00+0200,18.741,MW,NL,NL,actual_offshore_wind_generation,Wind Offshore | Actual Consumption,2026-09-04T19:46:09Z
2026-09-04T19:44:00Z,2026-09-04T21:44:00+0200,38b8bb2e-e325-47df-93a9-09dcd899994c,2026-08-29T21:30:00Z,2026-08-29T23:30:00+0200,4186.978,MW,NL,NL,actual_offshore_wind_generation,Wind Offshore | Actual Aggregated,2026-09-04T19:46:09Z
2026-09-04T19:44:00Z,2026-09-04T21:44:00+0200,38b8bb2e-e325-47df-93a9-09dcd899994c,2026-08-29T21:30:00Z,2026-08-29T23:30:00+0200,18.758,MW,NL,NL,actual_offshore_wind_generation,Wind Offshore | Actual Consumption,2026-09-04T19:46:09Z
2026-09-04T19:44:00Z,2026-09-04T21:44:00+0200,38b8bb2e-e325-47df-93a9-09dcd899994c,2026-08-29T21:45:00Z,2026-08-29T23:45:00+0200,4176.531,MW,NL,NL,actual_offshore_wind_generation,Wind Offshore | Actual Aggregated,2026-09-04T19:46:09Z
2026-09-04T19:44:00Z,2026-09-04T21:44:00+0200,38b8bb2e-e325-47df-93a9-09dcd899994c,2026-08-29T21:45:00Z,2026-08-29T23:45:00+0200,18.745,MW,NL,NL,actual_offshore_wind_generation,Wind Offshore | Actual Consumption,2026-09-04T19:46:09Z
2026-09-04T19:44:00Z,2026-09-04T21:44:00+0200,38b8bb2e-e325-47df-93a9-09dcd899994c,2026-08-29T22:00:00Z,2026-08-30T00:00:00+0200,4166.024,MW,NL,NL,actual_offshore_wind_generation,Wind Offshore | Actual Aggregated,2026-09-04T19:46:09Z
2026-09-04T19:44:00Z,2026-09-04T21:44:00+0200,38b8bb2e-e325-47df-93a9-09dcd899994c,2026-08-29T22:00:00Z,2026-08-30T00:00:00+0200,18.72,MW,NL,NL,actual_offshore_wind_generation,Wind Offshore | Actual Consumption,2026-09-04T19:46:09Z
2026-09-04T19:44:00Z,2026-09-04T21:44:00+0200,38b8bb2e-e325-47df-93a9-09dcd899994c,2026-08-29T22:15:00Z,2026-08-30T00:15:00+0200,4179.067,MW,NL,NL,actual_offshore_wind_generation,Wind Offshore | Actual Aggregated,2026-09-04T19:46:09Z
2026-09-04T19:44:00Z,2026-09-04T21:44:00+0200,38b8bb2e-e325-47df-93a9-09dcd899994c,2026-08-29T22:15:00Z,2026-08-30T00:15:00+0200,18.682,MW,NL,NL,actual_offshore_wind_generation,Wind Offshore | Actual Consumption,2026-09-04T19:46:09Z
2026-09-04T19:44:00Z,2026-09-04T21:44:00+0200,38b8bb2e-e325-47df-93a9-09dcd899994c,2026-08-29T22:30:00Z,2026-08-30T00:30:00+0200,4177.298,MW,NL,NL,actual_offshore_wind_generation,Wind Offshore | Actual Aggregated,2026-09-04T19:46:09Z
2026-09-04T19:44:00Z,2026-09-04T21:44:00+0200,38b8bb2e-e325-47df-93a9-09dcd899994c,2026-08-29T22:30:00Z,2026-08-30T00:30:00+0200,18.757,MW,NL,NL,actual_offshore_wind_generation,Wind Offshore | Actual Consumption,2026-09-04T19:46:09Z
2026-09-04T19:44:00Z,2026-09-04T21:44:00+0200,38b8bb2e-e325-47df-93a9-09dcd899994c,2026-08-29T22:45:00Z,2026-08-30T00:45:00+0200,4178.03,MW,NL,NL,actual_offshore_wind_generation,Wind Offshore | Actual Aggregated,2026-09-04T19:46:09Z
2026-09-04T19:44:00Z,2026-09-04T21:44:00+0200,38b8bb2e-e325-47df-93a9-09dcd899994c,2026-08-29T22:45:00Z,2026-08-30T00:45:00+0200,18.727,MW,NL,NL,actual_offshore_wind_generation,Wind Offshore | Actual Consumption,2026-09-04T19:46:09Z
2026-09-04T19:44:00Z,2026-09-04T21:44:00+0200,38b8bb2e-e325-47df-93a9-09dcd899994c,2026-08-29T23:00:00Z,2026-08-30T01:00:00+0200,4164.21,MW,NL,NL,actual_offshore_wind_generation,Wind Offshore | Actual Aggregated,2026-09-04T19:46:09Z
2026-09-04T19:44:00Z,2026-09-04T21:44:00+0200,38b8bb2e-e325-47df-93a9-09dcd899994c,2026-08-29T23:00:00Z,2026-08-30T01:00:00+0200,18.766,MW,NL,NL,actual_offshore_wind_generation,Wind Offshore | Actual Consumption,2026-09-04T19:46:09Z
2026-09-04T19:44:00Z,2026-09-04T21:44:00+0200,38b8bb2e-e325-47df-93a9-09dcd899994c,2026-08-29T23:15:00Z,2026-08-30T01:15:00+0200,4174.721,MW,NL,NL,actual_offshore_wind_generation,Wind Offshore | Actual Aggregated,2026-09-04T19:46:09Z
2026-09-04T19:44:00Z,2026-09-04T21:44:00+0200,38b8bb2e-e325-47df-93a9-09dcd899994c,2026-08-29T23:15:00Z,2026-08-30T01:15:00+0200,18.715,MW,NL,NL,actual_offshore_wind_generation,Wind Offshore | Actual Consumption,2026-09-04T19:46:09Z
2026-09-04T19:44:00Z,2026-09-04T21:44:00+0200,38b8bb2e-e325-47df-93a9-09dcd899994c,2026-08-29T23:30:00Z,2026-08-30T01:30:00+0200,4178.179,MW,NL,NL,actual_offshore_wind_generation,Wind Offshore | Actual Aggregated,2026-09-04T19:46:09Z
2026-09-04T19:44:00Z,2026-09-04T21:44:00+0200,38b8bb2e-e325-47df-93a9-09dcd899994c,2026-08-29T23:30:00Z,2026-08-30T01:30:00+0200,18.769,MW,NL,NL,actual_offshore_wind_generation,Wind Offshore | Actual Consumption,2026-09-04T19:46:09Z
2026-09-04T19:44:00Z,2026-09-04T21:44:00+0200,38b8bb2e-e325-47df-93a9-09dcd899994c,2026-08-29T23:45:00Z,2026-08-30T01:45:00+0200,4178.09,MW,NL,NL,actual_offshore_wind_generation,Wind Offshore | Actual Aggregated,2026-09-04T19:46:09Z
2026-09-04T19:44:00Z,2026-09-04T21:44:00+0200,38b8bb2e-e325-47df-93a9-09dcd899994c,2026-08-29T23:45:00Z,2026-08-30T01:45:00+0200,18.75,MW,NL,NL,actual_offshore_wind_generation,Wind Offshore | Actual Consumption,2026-09-04T19:46:09Z
2026-09-04T19:44:00Z,2026-09-04T21:44:00+0200,38b8bb2e-e325-47df-93a9-09dcd899994c,2026-08-30T00:00:00Z,2026-08-30T02:00:00+0200,4178.335,MW,NL,NL,actual_offshore_wind_generation,Wind Offshore | Actual Aggregated,2026-09-04T19:46:09Z
2026-09-04T19:44:00Z,2026-09-04T21:44:00+0200,38b8bb2e-e325-47df-93a9-09dcd899994c,2026-08-30T00:00:00Z,2026-08-30T02:00:00+0200,18.649,MW,NL,NL,actual_offshore_wind_generation,Wind Offshore | Actual Consumption,2026-09-04T19:46:09Z
2026-09-04T19:44:00Z,2026-09-04T21:44:00+0200,38b8bb2e-e325-47df-93a9-09dcd899994c,2026-08-30T00:15:00Z,2026-08-30T02:15:00+0200,4171.256,MW,NL,NL,actual_offshore_wind_generation,Wind Offshore | Actual Aggregated,2026-09-04T19:46:09Z
2026-09-04T19:44:00Z,2026-09-04T21:44:00+0200,38b8bb2e-e325-47df-93a9-09dcd899994c,2026-08-30T00:15:00Z,2026-08-30T02:15:00+0200,18.744,MW,NL,NL,actual_offshore_wind_generation,Wind Offshore | Actual Consumption,2026-09-04T19:46:09Z
2026-09-04T19:44:00Z,2026-09-04T21:44:00+0200,38b8bb2e-e325-47df-93a9-09dcd899994c,2026-08-30T00:30:00Z,2026-08-30T02:30:00+0200,4157.258,MW,NL,NL,actual_offshore_wind_generation,Wind Offshore | Actual Aggregated,2026-09-04T19:46:09Z
2026-09-04T19:44:00Z,2026-09-04T21:44:00+0200,38b8bb2e-e325-47df-93a9-09dcd899994c,2026-08-30T00:30:00Z,2026-08-30T02:30:00+0200,18.744,MW,NL,NL,actual_offshore_wind_generation,Wind Offshore | Actual Consumption,2026-09-04T19:46:09Z
2026-09-04T19:44:00Z,2026-09-04T21:44:00+0200,38b8bb2e-e325-47df-93a9-09dcd899994c,2026-08-30T00:45:00Z,2026-08-30T02:45:00+0200,4118.084,MW,NL,NL,actual_offshore_wind_generation,Wind Offshore | Actual Aggregated,2026-09-04T19:46:09Z
2026-09-04T19:44:00Z,2026-09-04T21:44:00+0200,38b8bb2e-e325-47df-93a9-09dcd899994c,2026-08-30T00:45:00Z,2026-08-30T02:45:00+0200,17.864,MW,NL,NL,actual_offshore_wind_generation,Wind Offshore | Actual Consumption,2026-09-04T19:46:09Z
2026-09-04T19:44:00Z,2026-09-04T21:44:00+0200,38b8bb2e-e325-47df-93a9-09dcd899994c,2026-08-30T01:00:00Z,2026-08-30T03:00:00+0200,4118.289,MW,NL,NL,actual_offshore_wind_generation,Wind Offshore | Actual Aggregated,2026-09-04T19:46:09Z
2026-09-04T19:44:00Z,2026-09-04T21:44:00+0200,38b8bb2e-e325-47df-93a9-09dcd899994c,2026-08-30T01:00:00Z,2026-08-30T03:00:00+0200,17.331,MW,NL,NL,actual_offshore_wind_generation,Wind Offshore | Actual Consumption,2026-09-04T19:46:09Z
2026-09-04T19:44:00Z,2026-09-04T21:44:00+0200,38b8bb2e-e325-47df-93a9-09dcd899994c,2026-08-30T01:15:00Z,2026-08-30T03:15:00+0200,4123.332,MW,NL,NL,actual_offshore_wind_generation,Wind Offshore | Actual Aggregated,2026-09-04T19:46:09Z
2026-09-04T19:44:00Z,2026-09-04T21:44:00+0200,38b8bb2e-e325-47df-93a9-09dcd899994c,2026-08-30T01:15:00Z,2026-08-30T03:15:00+0200,18.815,MW,NL,NL,actual_offshore_wind_generation,Wind Offshore | Actual Consumption,2026-09-04T19:46:09Z
2026-09-04T19:44:00Z,2026-09-04T21:44:00+0200,38b8bb2e-e325-47df-93a9-09dcd899994c,2026-08-30T01:30:00Z,2026-08-30T03:30:00+0200,4123.698,MW,NL,NL,actual_offshore_wind_generation,Wind Offshore | Actual Aggregated,2026-09-04T19:46:09Z
2026-09-04T19:44:00Z,2026-09-04T21:44:00+0200,38b8bb2e-e325-47df-93a9-09dcd899994c,2026-08-30T01:30:00Z,2026-08-30T03:30:00+0200,18.162,MW,NL,NL,actual_offshore_wind_generation,Wind Offshore | Actual Consumption,2026-09-04T19:46:09Z
2026-09-04T19:44:00Z,2026-09-04T21:44:00+0200,38b8bb2e-e325-47df-93a9-09dcd899994c,2026-08-30T01:45:00Z,2026-08-30T03:45:00+0200,4107.746,MW,NL,NL,actual_offshore_wind_generation,Wind Offshore | Actual Aggregated,2026-09-04T19:46:09Z
2026-09-04T19:44:00Z,2026-09-04T21:44:00+0200,38b8bb2e-e325-47df-93a9-09dcd899994c,2026-08-30T01:45:00Z,2026-08-30T03:45:00+0200,18.134,MW,NL,NL,actual_offshore_wind_generation,Wind Offshore | Actual Consumption,2026-09-04T19:46:09Z
2026-09-04T19:44:00Z,2026-09-04T21:44:00+0200,38b8bb2e-e325-47df-93a9-09dcd899994c,2026-08-30T02:00:00Z,2026-08-30T04:00:00+0200,4127.443,MW,NL,NL,actual_offshore_wind_generation,Wind Offshore | Actual Aggregated,2026-09-04T19:46:09Z
2026-09-04T19:44:00Z,2026-09-04T21:44:00+0200,38b8bb2e-e325-47df-93a9-09dcd899994c,2026-08-30T02:00:00Z,2026-08-30T04:00:00+0200,18.799,MW,NL,NL,actual_offshore_wind_generation,Wind Offshore | Actual Consumption,2026-09-04T19:46:09Z
2026-09-04T19:44:00Z,2026-09-04T21:44:00+0200,38b8bb2e-e325-47df-93a9-09dcd899994c,2026-08-30T02:15:00Z,2026-08-30T04:15:00+0200,4148.809,MW,NL,NL,actual_offshore_wind_generation,Wind Offshore | Actual Aggregated,2026-09-04T19:46:09Z
2026-09-04T19:44:00Z,2026-09-04T21:44:00+0200,38b8bb2e-e325-47df-93a9-09dcd899994c,2026-08-30T02:15:00Z,2026-08-30T04:15:00+0200,18.622,MW,NL,NL,actual_offshore_wind_generation,Wind Offshore | Actual Consumption,2026-09-04T19:46:09Z
2026-09-04T19:44:00Z,2026-09-04T21:44:00+0200,38b8bb2e-e325-47df-93a9-09dcd899994c,2026-08-30T02:30:00Z,2026-08-30T04:30:00+0200,4118.815,MW,NL,NL,actual_offshore_wind_generation,Wind Offshore | Actual Aggregated,2026-09-04T19:46:09Z
2026-09-04T19:44:00Z,2026-09-04T21:44:00+0200,38b8bb2e-e325-47df-93a9-09dcd899994c,2026-08-30T02:30:00Z,2026-08-30T04:30:00+0200,18.84,MW,NL,NL,actual_offshore_wind_generation,Wind Offshore | Actual Consumption,2026-09-04T19:46:09Z
2026-09-04T19:44:00Z,2026-09-04T21:44:00+0200,38b8bb2e-e325-47df-93a9-09dcd899994c,2026-08-30T02:45:00Z,2026-08-30T04:45:00+0200,4064.976,MW,NL,NL,actual_offshore_wind_generation,Wind Offshore | Actual Aggregated,2026-09-04T19:46:09Z
2026-09-04T19:44:00Z,2026-09-04T21:44:00+0200,38b8bb2e-e325-47df-93a9-09dcd899994c,2026-08-30T02:45:00Z,2026-08-30T04:45:00+0200,18.778,MW,NL,NL,actual_offshore_wind_generation,Wind Offshore | Actual Consumption,2026-09-04T19:46:09Z
2026-09-04T19:44:00Z,2026-09-04T21:44:00+0200,38b8bb2e-e325-47df-93a9-09dcd899994c,2026-08-30T03:00:00Z,2026-08-30T05:00:00+0200,4067.098,MW,NL,NL,actual_offshore_wind_generation,Wind Offshore | Actual Aggregated,2026-09-04T19:46:09Z
2026-09-04T19:44:00Z,2026-09-04T21:44:00+0200,38b8bb2e-e325-47df-93a9-09dcd899994c,2026-08-30T03:00:00Z,2026-08-30T05:00:00+0200,18.759,MW,NL,NL,actual_offshore_wind_generation,Wind Offshore | Actual Consumption,2026-09-04T19:46:09Z
2026-09-04T19:44:00Z,2026-09-04T21:44:00+0200,38b8bb2e-e325-47df-93a9-09dcd899994c,2026-08-30T03:15:00Z,2026-08-30T05:15:00+0200,3988.563,MW,NL,NL,actual_offshore_wind_generation,Wind Offshore | Actual Aggregated,2026-09-04T19:46:09Z
2026-09-04T19:44:00Z,2026-09-04T21:44:00+0200,38b8bb2e-e325-47df-93a9-09dcd899994c,2026-08-30T03:15:00Z,2026-08-30T05:15:00+0200,18.34,MW,NL,NL,actual_offshore_wind_generation,Wind Offshore | Actual Consumption,2026-09-04T19:46:09Z
2026-09-04T19:44:00Z,2026-09-04T21:44:00+0200,38b8bb2e-e325-47df-93a9-09dcd899994c,2026-08-30T03:30:00Z,2026-08-30T05:30:00+0200,3948.816,MW,NL,NL,actual_offshore_wind_generation,Wind Offshore | Actual Aggregated,2026-09-04T19:46:09Z
2026-09-04T19:44:00Z,2026-09-04T21:44:00+0200,38b8bb2e-e325-47df-93a9-09dcd899994c,2026-08-30T03:30:00Z,2026-08-30T05:30:00+0200,18.809,MW,NL,NL,actual_offshore_wind_generation,Wind Offshore | Actual Consumption,2026-09-04T19:46:09Z
2026-09-04T19:44:00Z,2026-09-04T21:44:00+0200,38b8bb2e-e325-47df-93a9-09dcd899994c,2026-08-30T03:45:00Z,2026-08-30T05:45:00+0200,3897.141,MW,NL,NL,actual_offshore_wind_generation,Wind Offshore | Actual Aggregated,2026-09-04T19:46:09Z
2026-09-04T19:44:00Z,2026-09-04T21:44:00+0200,38b8bb2e-e325-47df-93a9-09dcd899994c,2026-08-30T03:45:00Z,2026-08-30T05:45:00+0200,17.872,MW,NL,NL,actual_offshore_wind_generation,Wind Offshore | Actual Consumption,2026-09-04T19:46:09Z
2026-09-04T19:44:00Z,2026-09-04T21:44:00+0200,38b8bb2e-e325-47df-93a9-09dcd899994c,2026-08-30T04:00:00Z,2026-08-30T06:00:00+0200,3806.779,MW,NL,NL,actual_offshore_wind_generation,Wind Offshore | Actual Aggregated,2026-09-04T19:46:09Z
2026-09-04T19:44:00Z,2026-09-04T21:44:00+0200,38b8bb2e-e325-47df-93a9-09dcd899994c,2026-08-30T04:00:00Z,2026-08-30T06:00:00+0200,18.385,MW,NL,NL,actual_offshore_wind_generation,Wind Offshore | Actual Consumption,2026-09-04T19:46:09Z
2026-09-04T19:44:00Z,2026-09-04T21:44:00+0200,38b8bb2e-e325-47df-93a9-09dcd899994c,2026-08-30T04:15:00Z,2026-08-30T06:15:00+0200,3624.047,MW,NL,NL,actual_offshore_wind_generation,Wind Offshore | Actual Aggregated,2026-09-04T19:46:09Z
2026-09-04T19:44:00Z,2026-09-04T21:44:00+0200,38b8bb2e-e325-47df-93a9-09dcd899994c,2026-08-30T04:15:00Z,2026-08-30T06:15:00+0200,16.505,MW,NL,NL,actual_offshore_wind_generation,Wind Offshore | Actual Consumption,2026-09-04T19:46:09Z
2026-09-04T19:44:00Z,2026-09-04T21:44:00+0200,38b8bb2e-e325-47df-93a9-09dcd899994c,2026-08-30T04:30:00Z,2026-08-30T06:30:00+0200,3324.276,MW,NL,NL,actual_offshore_wind_generation,Wind Offshore | Actual Aggregated,2026-09-04T19:46:09Z
2026-09-04T19:44:00Z,2026-09-04T21:44:00+0200,38b8bb2e-e325-47df-93a9-09dcd899994c,2026-08-30T04:30:00Z,2026-08-30T06:30:00+0200,18.728,MW,NL,NL,actual_offshore_wind_generation,Wind Offshore | Actual Consumption,2026-09-04T19:46:09Z
2026-09-04T19:44:00Z,2026-09-04T21:44:00+0200,38b8bb2e-e325-47df-93a9-09dcd899994c,2026-08-30T04:45:00Z,2026-08-30T06:45:00+0200,3185.671,MW,NL,NL,actual_offshore_wind_generation,Wind Offshore | Actual Aggregated,2026-09-04T19:46:09Z
2026-09-04T19:44:00Z,2026-09-04T21:44:00+0200,38b8bb2e-e325-47df-93a9-09dcd899994c,2026-08-30T04:45:00Z,2026-08-30T06:45:00+0200,18.715,MW,NL,NL,actual_offshore_wind_generation,Wind Offshore | Actual Consumption,2026-09-04T19:46:09Z
2026-09-04T19:44:00Z,2026-09-04T21:44:00+0200,38b8bb2e-e325-47df-93a9-09dcd899994c,2026-08-30T05:00:00Z,2026-08-30T07:00:00+0200,3100.756,MW,NL,NL,actual_offshore_wind_generation,Wind Offshore | Actual Aggregated,2026-09-04T19:46:09Z
2026-09-04T19:44:00Z,2026-09-04T21:44:00+0200,38b8bb2e-e325-47df-93a9-09dcd899994c,2026-08-30T05:00:00Z,2026-08-30T07:00:00+0200,18.252,MW,NL,NL,actual_offshore_wind_generation,Wind Offshore | Actual Consumption,2026-09-04T19:46:09Z
2026-09-04T19:44:00Z,2026-09-04T21:44:00+0200,38b8bb2e-e325-47df-93a9-09dcd899994c,2026-08-30T05:15:00Z,2026-08-30T07:15:00+0200,3069.369,MW,NL,NL,actual_offshore_wind_generation,Wind Offshore | Actual Aggregated,2026-09-04T19:46:09Z
2026-09-04T19:44:00Z,2026-09-04T21:44:00+0200,38b8bb2e-e325-47df-93a9-09dcd899994c,2026-08-30T05:15:00Z,2026-08-30T07:15:00+0200,18.747,MW,NL,NL,actual_offshore_wind_generation,Wind Offshore | Actual Consumption,2026-09-04T19:46:09Z
2026-09-04T19:44:00Z,2026-09-04T21:44:00+0200,38b8bb2e-e325-47df-93a9-09dcd899994c,2026-08-30T05:30:00Z,2026-08-30T07:30:00+0200,3015.585,MW,NL,NL,actual_offshore_wind_generation,Wind Offshore | Actual Aggregated,2026-09-04T19:46:09Z
2026-09-04T19:44:00Z,2026-09-04T21:44:00+0200,38b8bb2e-e325-47df-93a9-09dcd899994c,2026-08-30T05:30:00Z,2026-08-30T07:30:00+0200,18.714,MW,NL,NL,actual_offshore_wind_generation,Wind Offshore | Actual Consumption,2026-09-04T19:46:09Z
2026-09-04T19:44:00Z,2026-09-04T21:44:00+0200,38b8bb2e-e325-47df-93a9-09dcd899994c,2026-08-30T05:45:00Z,2026-08-30T07:45:00+0200,2991.83,MW,NL,NL,actual_offshore_wind_generation,Wind Offshore | Actual Aggregated,2026-09-04T19:46:09Z
2026-09-04T19:44:00Z,2026-09-04T21:44:00+0200,38b8bb2e-e325-47df-93a9-09dcd899994c,2026-08-30T05:45:00Z,2026-08-30T07:45:00+0200,18.728,MW,NL,NL,actual_offshore_wind_generation,Wind Offshore | Actual Consumption,2026-09-04T19:46:09Z
2026-09-04T19:44:00Z,2026-09-04T21:44:00+0200,38b8bb2e-e325-47df-93a9-09dcd899994c,2026-08-30T06:00:00Z,2026-08-30T08:00:00+0200,2924.797,MW,NL,NL,actual_offshore_wind_generation,Wind Offshore | Actual Aggregated,2026-09-04T19:46:09Z
2026-09-04T19:44:00Z,2026-09-04T21:44:00+0200,38b8bb2e-e325-47df-93a9-09dcd899994c,2026-08-30T06:00:00Z,2026-08-30T08:00:00+0200,18.598,MW,NL,NL,actual_offshore_wind_generation,Wind Offshore | Actual Consumption,2026-09-04T19:46:09Z
2026-09-04T19:44:00Z,2026-09-04T21:44:00+0200,38b8bb2e-e325-47df-93a9-09dcd899994c,2026-08-30T06:15:00Z,2026-08-30T08:15:00+0200,2844.459,MW,NL,NL,actual_offshore_wind_generation,Wind Offshore | Actual Aggregated,2026-09-04T19:46:09Z
2026-09-04T19:44:00Z,2026-09-04T21:44:00+0200,38b8bb2e-e325-47df-93a9-09dcd899994c,2026-08-30T06:15:00Z,2026-08-30T08:15:00+0200,18.706,MW,NL,NL,actual_offshore_wind_generation,Wind Offshore | Actual Consumption,2026-09-04T19:46:09Z
2026-09-04T19:44:00Z,2026-09-04T21:44:00+0200,38b8bb2e-e325-47df-93a9-09dcd899994c,2026-08-30T06:30:00Z,2026-08-30T08:30:00+0200,2784.621,MW,NL,NL,actual_offshore_wind_generation,Wind Offshore | Actual Aggregated,2026-09-04T19:46:09Z
2026-09-04T19:44:00Z,2026-09-04T21:44:00+0200,38b8bb2e-e325-47df-93a9-09dcd899994c,2026-08-30T06:30:00Z,2026-08-30T08:30:00+0200,18.71,MW,NL,NL,actual_offshore_wind_generation,Wind Offshore | Actual Consumption,2026-09-04T19:46:09Z
2026-09-04T19:44:00Z,2026-09-04T21:44:00+0200,38b8bb2e-e325-47df-93a9-09dcd899994c,2026-08-30T06:45:00Z,2026-08-30T08:45:00+0200,2684.28,MW,NL,NL,actual_offshore_wind_generation,Wind Offshore | Actual Aggregated,2026-09-04T19:46:09Z
2026-09-04T19:44:00Z,2026-09-04T21:44:00+0200,38b8bb2e-e325-47df-93a9-09dcd899994c,2026-08-30T06:45:00Z,2026-08-30T08:45:00+0200,18.848,MW,NL,NL,actual_offshore_wind_generation,Wind Offshore | Actual Consumption,2026-09-04T19:46:09Z
2026-09-04T19:44:00Z,2026-09-04T21:44:00+0200,38b8bb2e-e325-47df-93a9-09dcd899994c,2026-08-30T07:00:00Z,2026-08-30T09:00:00+0200,2580.215,MW,NL,NL,actual_offshore_wind_generation,Wind Offshore | Actual Aggregated,2026-09-04T19:46:09Z
2026-09-04T19:44:00Z,2026-09-04T21:44:00+0200,38b8bb2e-e325-47df-93a9-09dcd899994c,2026-08-30T07:00:00Z,2026-08-30T09:00:00+0200,18.753,MW,NL,NL,actual_offshore_wind_generation,Wind Offshore | Actual Consumption,2026-09-04T19:46:09Z
2026-09-04T19:44:00Z,2026-09-04T21:44:00+0200,38b8bb2e-e325-47df-93a9-09dcd899994c,2026-08-30T07:15:00Z,2026-08-30T09:15:00+0200,2432.812,MW,NL,NL,actual_offshore_wind_generation,Wind Offshore | Actual Aggregated,2026-09-04T19:46:09Z
2026-09-04T19:44:00Z,2026-09-04T21:44:00+0200,38b8bb2e-e325-47df-93a9-09dcd899994c,2026-08-30T07:15:00Z,2026-08-30T09:15:00+0200,17.435,MW,NL,NL,actual_offshore_wind_generation,Wind Offshore | Actual Consumption,2026-09-04T19:46:09Z
2026-09-04T19:44:00Z,2026-09-04T21:44:00+0200,38b8bb2e-e325-47df-93a9-09dcd899994c,2026-08-30T07:30:00Z,2026-08-30T09:30:00+0200,2299.81,MW,NL,NL,actual_offshore_wind_generation,Wind Offshore | Actual Aggregated,2026-09-04T19:46:09Z
2026-09-04T19:44:00Z,2026-09-04T21:44:00+0200,38b8bb2e-e325-47df-93a9-09dcd899994c,2026-08-30T07:30:00Z,2026-08-30T09:30:00+0200,17.455,MW,NL,NL,actual_offshore_wind_generation,Wind Offshore | Actual Consumption,2026-09-04T19:46:09Z
2026-09-04T19:44:00Z,2026-09-04T21:44:00+0200,38b8bb2e-e325-47df-93a9-09dcd899994c,2026-08-30T07:45:00Z,2026-08-30T09:45:00+0200,2223.631,MW,NL,NL,actual_offshore_wind_generation,Wind Offshore | Actual Aggregated,2026-09-04T19:46:09Z
2026-09-04T19:44:00Z,2026-09-04T21:44:00+0200,38b8bb2e-e325-47df-93a9-09dcd899994c,2026-08-30T07:45:00Z,2026-08-30T09:45:00+0200,14.958,MW,NL,NL,actual_offshore_wind_generation,Wind Offshore | Actual Consumption,2026-09-04T19:46:09Z
2026-09-04T19:44:00Z,2026-09-04T21:44:00+0200,38b8bb2e-e325-47df-93a9-09dcd899994c,2026-08-30T08:00:00Z,2026-08-30T10:00:00+0200,1997.556,MW,NL,NL,actual_offshore_wind_generation,Wind Offshore | Actual Aggregated,2026-09-04T19:46:09Z
2026-09-04T19:44:00Z,2026-09-04T21:44:00+0200,38b8bb2e-e325-47df-93a9-09dcd899994c,2026-08-30T08:00:00Z,2026-08-30T10:00:00+0200,14.054,MW,NL,NL,actual_offshore_wind_generation,Wind Offshore | Actual Consumption,2026-09-04T19:46:09Z
2026-09-04T19:44:00Z,2026-09-04T21:44:00+0200,38b8bb2e-e325-47df-93a9-09dcd899994c,2026-08-30T08:15:00Z,2026-08-30T10:15:00+0200,1820.299,MW,NL,NL,actual_offshore_wind_generation,Wind Offshore | Actual Aggregated,2026-09-04T19:46:09Z
2026-09-04T19:44:00Z,2026-09-04T21:44:00+0200,38b8bb2e-e325-47df-93a9-09dcd899994c,2026-08-30T08:15:00Z,2026-08-30T10:15:00+0200,11.92,MW,NL,NL,actual_offshore_wind_generation,Wind Offshore | Actual Consumption,2026-09-04T19:46:09Z
2026-09-04T19:44:00Z,2026-09-04T21:44:00+0200,38b8bb2e-e325-47df-93a9-09dcd899994c,2026-08-30T08:30:00Z,2026-08-30T10:30:00+0200,1767.313,MW,NL,NL,actual_offshore_wind_generation,Wind Offshore | Actual Aggregated,2026-09-04T19:46:09Z
2026-09-04T19:44:00Z,2026-09-04T21:44:00+0200,38b8bb2e-e325-47df-93a9-09dcd899994c,2026-08-30T08:30:00Z,2026-08-30T10:30:00+0200,10.916,MW,NL,NL,actual_offshore_wind_generation,Wind Offshore | Actual Consumption,2026-09-04T19:46:09Z
2026-09-04T19:44:00Z,2026-09-04T21:44:00+0200,38b8bb2e-e325-47df-93a9-09dcd899994c,2026-08-30T08:45:00Z,2026-08-30T10:45:00+0200,1618.865,MW,NL,NL,actual_offshore_wind_generation,Wind Offshore | Actual Aggregated,2026-09-04T19:46:09Z
2026-09-04T19:44:00Z,2026-09-04T21:44:00+0200,38b8bb2e-e325-47df-93a9-09dcd899994c,2026-08-30T08:45:00Z,2026-08-30T10:45:00+0200,9.288,MW,NL,NL,actual_offshore_wind_generation,Wind Offshore | Actual Consumption,2026-09-04T19:46:09Z
2026-09-04T19:44:00Z,2026-09-04T21:44:00+0200,38b8bb2e-e325-47df-93a9-09dcd899994c,2026-08-30T09:00:00Z,2026-08-30T11:00:00+0200,1406.982,MW,NL,NL,actual_offshore_wind_generation,Wind Offshore | Actual Aggregated,2026-09-04T19:46:09Z
2026-09-04T19:44:00Z,2026-09-04T21:44:00+0200,38b8bb2e-e325-47df-93a9-09dcd899994c,2026-08-30T09:00:00Z,2026-08-30T11:00:00+0200,10.211,MW,NL,NL,actual_offshore_wind_generation,Wind Offshore | Actual Consumption,2026-09-04T19:46:09Z
2026-09-04T19:44:00Z,2026-09-04T21:44:00+0200,38b8bb2e-e325-47df-93a9-09dcd899994c,2026-08-30T09:15:00Z,2026-08-30T11:15:00+0200,1335.641,MW,NL,NL,actual_offshore_wind_generation,Wind Offshore | Actual Aggregated,2026-09-04T19:46:09Z
2026-09-04T19:44:00Z,2026-09-04T21:44:00+0200,38b8bb2e-e325-47df-93a9-09dcd899994c,2026-08-30T09:15:00Z,2026-08-30T11:15:00+0200,8.903,MW,NL,NL,actual_offshore_wind_generation,Wind Offshore | Actual Consumption,2026-09-04T19:46:09Z
2026-09-04T19:44:00Z,2026-09-04T21:44:00+0200,38b8bb2e-e325-47df-93a9-09dcd899994c,2026-08-30T09:30:00Z,2026-08-30T11:30:00+0200,1306.648,MW,NL,NL,actual_offshore_wind_generation,Wind Offshore | Actual Aggregated,2026-09-04T19:46:09Z
2026-09-04T19:44:00Z,2026-09-04T21:44:00+0200,38b8bb2e-e325-47df-93a9-09dcd899994c,2026-08-30T09:30:00Z,2026-08-30T11:30:00+0200,7.315,MW,NL,NL,actual_offshore_wind_generation,Wind Offshore | Actual Consumption,2026-09-04T19:46:09Z
2026-09-04T19:44:00Z,2026-09-04T21:44:00+0200,38b8bb2e-e325-47df-93a9-09dcd899994c,2026-08-30T09:45:00Z,2026-08-30T11:45:00+0200,1374.549,MW,NL,NL,actual_offshore_wind_generation,Wind Offshore | Actual Aggregated,2026-09-04T19:46:09Z
2026-09-04T19:44:00Z,2026-09-04T21:44:00+0200,38b8bb2e-e325-47df-93a9-09dcd899994c,2026-08-30T09:45:00Z,2026-08-30T11:45:00+0200,4.183,MW,NL,NL,actual_offshore_wind_generation,Wind Offshore | Actual Consumption,2026-09-04T19:46:09Z
2026-09-04T19:44:00Z,2026-09-04T21:44:00+0200,38b8bb2e-e325-47df-93a9-09dcd899994c,2026-08-30T10:00:00Z,2026-08-30T12:00:00+0200,1363.868,MW,NL,NL,actual_offshore_wind_generation,Wind Offshore | Actual Aggregated,2026-09-04T19:46:09Z
2026-09-04T19:44:00Z,2026-09-04T21:44:00+0200,38b8bb2e-e325-47df-93a9-09dcd899994c,2026-08-30T10:00:00Z,2026-08-30T12:00:00+0200,6.181,MW,NL,NL,actual_offshore_wind_generation,Wind Offshore | Actual Consumption,2026-09-04T19:46:09Z
2026-09-04T19:44:00Z,2026-09-04T21:44:00+0200,38b8bb2e-e325-47df-93a9-09dcd899994c,2026-08-30T10:15:00Z,2026-08-30T12:15:00+0200,1358.896,MW,NL,NL,actual_offshore_wind_generation,Wind Offshore | Actual Aggregated,2026-09-04T19:46:09Z
2026-09-04T19:44:00Z,2026-09-04T21:44:00+0200,38b8bb2e-e325-47df-93a9-09dcd899994c,2026-08-30T10:15:00Z,2026-08-30T12:15:00+0200,3.411,MW,NL,NL,actual_offshore_wind_generation,Wind Offshore | Actual Consumption,2026-09-04T19:46:09Z
2026-09-04T19:44:00Z,2026-09-04T21:44:00+0200,38b8bb2e-e325-47df-93a9-09dcd899994c,2026-08-30T10:30:00Z,2026-08-30T12:30:00+0200,1301.473,MW,NL,NL,actual_offshore_wind_generation,Wind Offshore | Actual Aggregated,2026-09-04T19:46:09Z
2026-09-04T19:44:00Z,2026-09-04T21:44:00+0200,38b8bb2e-e325-47df-93a9-09dcd899994c,2026-08-30T10:30:00Z,2026-08-30T12:30:00+0200,3.076,MW,NL,NL,actual_offshore_wind_generation,Wind Offshore | Actual Consumption,2026-09-04T19:46:09Z
2026-09-04T19:44:00Z,2026-09-04T21:44:00+0200,38b8bb2e-e325-47df-93a9-09dcd899994c,2026-08-30T10:45:00Z,2026-08-30T12:45:00+0200,1293.056,MW,NL,NL,actual_offshore_wind_generation,Wind Offshore | Actual Aggregated,2026-09-04T19:46:09Z
2026-09-04T19:44:00Z,2026-09-04T21:44:00+0200,38b8bb2e-e325-47df-93a9-09dcd899994c,2026-08-30T10:45:00Z,2026-08-30T12:45:00+0200,2.621,MW,NL,NL,actual_offshore_wind_generation,Wind Offshore | Actual Consumption,2026-09-04T19:46:09Z
2026-09-04T19:44:00Z,2026-09-04T21:44:00+0200,38b8bb2e-e325-47df-93a9-09dcd899994c,2026-08-30T11:00:00Z,2026-08-30T13:00:00+0200,1273.172,MW,NL,NL,actual_offshore_wind_generation,Wind Offshore | Actual Aggregated,2026-09-04T19:46:09Z
2026-09-04T19:44:00Z,2026-09-04T21:44:00+0200,38b8bb2e-e325-47df-93a9-09dcd899994c,2026-08-30T11:00:00Z,2026-08-30T13:00:00+0200,2.05,MW,NL,NL,actual_offshore_wind_generation,Wind Offshore | Actual Consumption,2026-09-04T19:46:09Z
2026-09-04T19:44:00Z,2026-09-04T21:44:00+0200,38b8bb2e-e325-47df-93a9-09dcd899994c,2026-08-30T11:15:00Z,2026-08-30T13:15:00+0200,1162.563,MW,NL,NL,actual_offshore_wind_generation,Wind Offshore | Actual Aggregated,2026-09-04T19:46:09Z
2026-09-04T19:44:00Z,2026-09-04T21:44:00+0200,38b8bb2e-e325-47df-93a9-09dcd899994c,2026-08-30T11:15:00Z,2026-08-30T13:15:00+0200,1.699,MW,NL,NL,actual_offshore_wind_generation,Wind Offshore | Actual Consumption,2026-09-04T19:46:09Z
2026-09-04T19:44:00Z,2026-09-04T21:44:00+0200,38b8bb2e-e325-47df-93a9-09dcd899994c,2026-08-30T11:30:00Z,2026-08-30T13:30:00+0200,1117.159,MW,NL,NL,actual_offshore_wind_generation,Wind Offshore | Actual Aggregated,2026-09-04T19:46:09Z
2026-09-04T19:44:00Z,2026-09-04T21:44:00+0200,38b8bb2e-e325-47df-93a9-09dcd899994c,2026-08-30T11:30:00Z,2026-08-30T13:30:00+0200,1.456,MW,NL,NL,actual_offshore_wind_generation,Wind Offshore | Actual Consumption,2026-09-04T19:46:09Z
2026-09-04T19:44:00Z,2026-09-04T21:44:00+0200,38b8bb2e-e325-47df-93a9-09dcd899994c,2026-08-30T11:45:00Z,2026-08-30T13:45:00+0200,1082.863,MW,NL,NL,actual_offshore_wind_generation,Wind Offshore | Actual Aggregated,2026-09-04T19:46:09Z
2026-09-04T19:44:00Z,2026-09-04T21:44:00+0200,38b8bb2e-e325-47df-93a9-09dcd899994c,2026-08-30T11:45:00Z,2026-08-30T13:45:00+0200,1.629,MW,NL,NL,actual_offshore_wind_generation,Wind Offshore | Actual Consumption,2026-09-04T19:46:09Z
2026-09-04T19:44:00Z,2026-09-04T21:44:00+0200,38b8bb2e-e325-47df-93a9-09dcd899994c,2026-08-30T12:00:00Z,2026-08-30T14:00:00+0200,1107.9,MW,NL,NL,actual_offshore_wind_generation,Wind Offshore | Actual Aggregated,2026-09-04T19:46:09Z
2026-09-04T19:44:00Z,2026-09-04T21:44:00+0200,38b8bb2e-e325-47df-93a9-09dcd899994c,2026-08-30T12:00:00Z,2026-08-30T14:00:00+0200,1.977,MW,NL,NL,actual_offshore_wind_generation,Wind Offshore | Actual Consumption,2026-09-04T19:46:09Z
2026-09-04T19:44:00Z,2026-09-04T21:44:00+0200,38b8bb2e-e325-47df-93a9-09dcd899994c,2026-08-30T12:15:00Z,2026-08-30T14:15:00+0200,1151.433,MW,NL,NL,actual_offshore_wind_generation,Wind Offshore | Actual Aggregated,2026-09-04T19:46:09Z
2026-09-04T19:44:00Z,2026-09-04T21:44:00+0200,38b8bb2e-e325-47df-93a9-09dcd899994c,2026-08-30T12:15:00Z,2026-08-30T14:15:00+0200,1.555,MW,NL,NL,actual_offshore_wind_generation,Wind Offshore | Actual Consumption,2026-09-04T19:46:09Z
2026-09-04T19:44:00Z,2026-09-04T21:44:00+0200,38b8bb2e-e325-47df-93a9-09dcd899994c,2026-08-30T12:30:00Z,2026-08-30T14:30:00+0200,1236.499,MW,NL,NL,actual_offshore_wind_generation,Wind Offshore | Actual Aggregated,2026-09-04T19:46:09Z
2026-09-04T19:44:00Z,2026-09-04T21:44:00+0200,38b8bb2e-e325-47df-93a9-09dcd899994c,2026-08-30T12:30:00Z,2026-08-30T14:30:00+0200,2.519,MW,NL,NL,actual_offshore_wind_generation,Wind Offshore | Actual Consumption,2026-09-04T19:46:09Z
2026-09-04T19:44:00Z,2026-09-04T21:44:00+0200,38b8bb2e-e325-47df-93a9-09dcd899994c,2026-08-30T12:45:00Z,2026-08-30T14:45:00+0200,1314.507,MW,NL,NL,actual_offshore_wind_generation,Wind Offshore | Actual Aggregated,2026-09-04T19:46:09Z
2026-09-04T19:44:00Z,2026-09-04T21:44:00+0200,38b8bb2e-e325-47df-93a9-09dcd899994c,2026-08-30T12:45:00Z,2026-08-30T14:45:00+0200,3.164,MW,NL,NL,actual_offshore_wind_generation,Wind Offshore | Actual Consumption,2026-09-04T19:46:09Z
2026-09-04T19:44:00Z,2026-09-04T21:44:00+0200,38b8bb2e-e325-47df-93a9-09dcd899994c,2026-08-30T13:00:00Z,2026-08-30T15:00:00+0200,1355.486,MW,NL,NL,actual_offshore_wind_generation,Wind Offshore | Actual Aggregated,2026-09-04T19:46:09Z
2026-09-04T19:44:00Z,2026-09-04T21:44:00+0200,38b8bb2e-e325-47df-93a9-09dcd899994c,2026-08-30T13:00:00Z,2026-08-30T15:00:00+0200,3.115,MW,NL,NL,actual_offshore_wind_generation,Wind Offshore | Actual Consumption,2026-09-04T19:46:09Z
2026-09-04T19:44:00Z,2026-09-04T21:44:00+0200,38b8bb2e-e325-47df-93a9-09dcd899994c,2026-08-30T13:15:00Z,2026-08-30T15:15:00+0200,1469.003,MW,NL,NL,actual_offshore_wind_generation,Wind Offshore | Actual Aggregated,2026-09-04T19:46:09Z
2026-09-04T19:44:00Z,2026-09-04T21:44:00+0200,38b8bb2e-e325-47df-93a9-09dcd899994c,2026-08-30T13:15:00Z,2026-08-30T15:15:00+0200,4.112,MW,NL,NL,actual_offshore_wind_generation,Wind Offshore | Actual Consumption,2026-09-04T19:46:09Z
2026-09-04T19:44:00Z,2026-09-04T21:44:00+0200,38b8bb2e-e325-47df-93a9-09dcd899994c,2026-08-30T13:30:00Z,2026-08-30T15:30:00+0200,1530.658,MW,NL,NL,actual_offshore_wind_generation,Wind Offshore | Actual Aggregated,2026-09-04T19:46:09Z
2026-09-04T19:44:00Z,2026-09-04T21:44:00+0200,38b8bb2e-e325-47df-93a9-09dcd899994c,2026-08-30T13:30:00Z,2026-08-30T15:30:00+0200,4.417,MW,NL,NL,actual_offshore_wind_generation,Wind Offshore | Actual Consumption,2026-09-04T19:46:09Z
2026-09-04T19:44:00Z,2026-09-04T21:44:00+0200,38b8bb2e-e325-47df-93a9-09dcd899994c,2026-08-30T13:45:00Z,2026-08-30T15:45:00+0200,1525.326,MW,NL,NL,actual_offshore_wind_generation,Wind Offshore | Actual Aggregated,2026-09-04T19:46:09Z
2026-09-04T19:44:00Z,2026-09-04T21:44:00+0200,38b8bb2e-e325-47df-93a9-09dcd899994c,2026-08-30T13:45:00Z,2026-08-30T15:45:00+0200,3.291,MW,NL,NL,actual_offshore_wind_generation,Wind Offshore | Actual Consumption,2026-09-04T19:46:09Z
2026-09-04T19:44:00Z,2026-09-04T21:44:00+0200,38b8bb2e-e325-47df-93a9-09dcd899994c,2026-08-30T14:00:00Z,2026-08-30T16:00:00+0200,1466.27,MW,NL,NL,actual_offshore_wind_generation,Wind Offshore | Actual Aggregated,2026-09-04T19:46:09Z
2026-09-04T19:44:00Z,2026-09-04T21:44:00+0200,38b8bb2e-e325-47df-93a9-09dcd899994c,2026-08-30T14:00:00Z,2026-08-30T16:00:00+0200,4.265,MW,NL,NL,actual_offshore_wind_generation,Wind Offshore | Actual Consumption,2026-09-04T19:46:09Z
2026-09-04T19:44:00Z,2026-09-04T21:44:00+0200,38b8bb2e-e325-47df-93a9-09dcd899994c,2026-08-30T14:15:00Z,2026-08-30T16:15:00+0200,1544.622,MW,NL,NL,actual_offshore_wind_generation,Wind Offshore | Actual Aggregated,2026-09-04T19:46:09Z
2026-09-04T19:44:00Z,2026-09-04T21:44:00+0200,38b8bb2e-e325-47df-93a9-09dcd899994c,2026-08-30T14:15:00Z,2026-08-30T16:15:00+0200,3.093,MW,NL,NL,actual_offshore_wind_generation,Wind Offshore | Actual Consumption,2026-09-04T19:46:09Z
2026-09-04T19:44:00Z,2026-09-04T21:44:00+0200,38b8bb2e-e325-47df-93a9-09dcd899994c,2026-08-30T14:30:00Z,2026-08-30T16:30:00+0200,1549.867,MW,NL,NL,actual_offshore_wind_generation,Wind Offshore | Actual Aggregated,2026-09-04T19:46:09Z
2026-09-04T19:44:00Z,2026-09-04T21:44:00+0200,38b8bb2e-e325-47df-93a9-09dcd899994c,2026-08-30T14:30:00Z,2026-08-30T16:30:00+0200,1.802,MW,NL,NL,actual_offshore_wind_generation,Wind Offshore | Actual Consumption,2026-09-04T19:46:09Z
2026-09-04T19:44:00Z,2026-09-04T21:44:00+0200,38b8bb2e-e325-47df-93a9-09dcd899994c,2026-08-30T14:45:00Z,2026-08-30T16:45:00+0200,1696.72,MW,NL,NL,actual_offshore_wind_generation,Wind Offshore | Actual Aggregated,2026-09-04T19:46:09Z
2026-09-04T19:44:00Z,2026-09-04T21:44:00+0200,38b8bb2e-e325-47df-93a9-09dcd899994c,2026-08-30T14:45:00Z,2026-08-30T16:45:00+0200,2.393,MW,NL,NL,actual_offshore_wind_generation,Wind Offshore | Actual Consumption,2026-09-04T19:46:09Z
2026-09-04T19:44:00Z,2026-09-04T21:44:00+0200,38b8bb2e-e325-47df-93a9-09dcd899994c,2026-08-30T15:00:00Z,2026-08-30T17:00:00+0200,1644.129,MW,NL,NL,actual_offshore_wind_generation,Wind Offshore | Actual Aggregated,2026-09-04T19:46:09Z
2026-09-04T19:44:00Z,2026-09-04T21:44:00+0200,38b8bb2e-e325-47df-93a9-09dcd899994c,2026-08-30T15:00:00Z,2026-08-30T17:00:00+0200,3.625,MW,NL,NL,actual_offshore_wind_generation,Wind Offshore | Actual Consumption,2026-09-04T19:46:09Z
2026-09-04T19:44:00Z,2026-09-04T21:44:00+0200,38b8bb2e-e325-47df-93a9-09dcd899994c,2026-08-30T15:15:00Z,2026-08-30T17:15:00+0200,1665.178,MW,NL,NL,actual_offshore_wind_generation,Wind Offshore | Actual Aggregated,2026-09-04T19:46:09Z
2026-09-04T19:44:00Z,2026-09-04T21:44:00+0200,38b8bb2e-e325-47df-93a9-09dcd899994c,2026-08-30T15:15:00Z,2026-08-30T17:15:00+0200,3.418,MW,NL,NL,actual_offshore_wind_generation,Wind Offshore | Actual Consumption,2026-09-04T19:46:09Z
2026-09-04T19:44:00Z,2026-09-04T21:44:00+0200,38b8bb2e-e325-47df-93a9-09dcd899994c,2026-08-30T15:30:00Z,2026-08-30T17:30:00+0200,1724.083,MW,NL,NL,actual_offshore_wind_generation,Wind Offshore | Actual Aggregated,2026-09-04T19:46:09Z
2026-09-04T19:44:00Z,2026-09-04T21:44:00+0200,38b8bb2e-e325-47df-93a9-09dcd899994c,2026-08-30T15:30:00Z,2026-08-30T17:30:00+0200,4.482,MW,NL,NL,actual_offshore_wind_generation,Wind Offshore | Actual Consumption,2026-09-04T19:46:09Z
2026-09-04T19:44:00Z,2026-09-04T21:44:00+0200,38b8bb2e-e325-47df-93a9-09dcd899994c,2026-08-30T15:45:00Z,2026-08-30T17:45:00+0200,1773.127,MW,NL,NL,actual_offshore_wind_generation,Wind Offshore | Actual Aggregated,2026-09-04T19:46:09Z
2026-09-04T19:44:00Z,2026-09-04T21:44:00+0200,38b8bb2e-e325-47df-93a9-09dcd899994c,2026-08-30T15:45:00Z,2026-08-30T17:45:00+0200,5.436,MW,NL,NL,actual_offshore_wind_generation,Wind Offshore | Actual Consumption,2026-09-04T19:46:09Z
2026-09-04T19:44:00Z,2026-09-04T21:44:00+0200,38b8bb2e-e325-47df-93a9-09dcd899994c,2026-08-30T16:00:00Z,2026-08-30T18:00:00+0200,1437.691,MW,NL,NL,actual_offshore_wind_generation,Wind Offshore | Actual Aggregated,2026-09-04T19:46:09Z
2026-09-04T19:44:00Z,2026-09-04T21:44:00+0200,38b8bb2e-e325-47df-93a9-09dcd899994c,2026-08-30T16:00:00Z,2026-08-30T18:00:00+0200,3.894,MW,NL,NL,actual_offshore_wind_generation,Wind Offshore | Actual Consumption,2026-09-04T19:46:09Z
2026-09-04T19:44:00Z,2026-09-04T21:44:00+0200,38b8bb2e-e325-47df-93a9-09dcd899994c,2026-08-30T16:15:00Z,2026-08-30T18:15:00+0200,1426.904,MW,NL,NL,actual_offshore_wind_generation,Wind Offshore | Actual Aggregated,2026-09-04T19:46:09Z
2026-09-04T19:44:00Z,2026-09-04T21:44:00+0200,38b8bb2e-e325-47df-93a9-09dcd899994c,2026-08-30T16:15:00Z,2026-08-30T18:15:00+0200,3.522,MW,NL,NL,actual_offshore_wind_generation,Wind Offshore | Actual Consumption,2026-09-04T19:46:09Z
2026-09-04T19:44:00Z,2026-09-04T21:44:00+0200,38b8bb2e-e325-47df-93a9-09dcd899994c,2026-08-30T16:30:00Z,2026-08-30T18:30:00+0200,1218.948,MW,NL,NL,actual_offshore_wind_generation,Wind Offshore | Actual Aggregated,2026-09-04T19:46:09Z
2026-09-04T19:44:00Z,2026-09-04T21:44:00+0200,38b8bb2e-e325-47df-93a9-09dcd899994c,2026-08-30T16:30:00Z,2026-08-30T18:30:00+0200,3.227,MW,NL,NL,actual_offshore_wind_generation,Wind Offshore | Actual Consumption,2026-09-04T19:46:09Z
2026-09-04T19:44:00Z,2026-09-04T21:44:00+0200,38b8bb2e-e325-47df-93a9-09dcd899994c,2026-08-30T16:45:00Z,2026-08-30T18:45:00+0200,1084.106,MW,NL,NL,actual_offshore_wind_generation,Wind Offshore | Actual Aggregated,2026-09-04T19:46:09Z
2026-09-04T19:44:00Z,2026-09-04T21:44:00+0200,38b8bb2e-e325-47df-93a9-09dcd899994c,2026-08-30T16:45:00Z,2026-08-30T18:45:00+0200,5.383,MW,NL,NL,actual_offshore_wind_generation,Wind Offshore | Actual Consumption,2026-09-04T19:46:09Z
2026-09-04T19:44:00Z,2026-09-04T21:44:00+0200,38b8bb2e-e325-47df-93a9-09dcd899994c,2026-08-30T17:00:00Z,2026-08-30T19:00:00+0200,1047.462,MW,NL,NL,actual_offshore_wind_generation,Wind Offshore | Actual Aggregated,2026-09-04T19:46:09Z
2026-09-04T19:44:00Z,2026-09-04T21:44:00+0200,38b8bb2e-e325-47df-93a9-09dcd899994c,2026-08-30T17:00:00Z,2026-08-30T19:00:00+0200,4.598,MW,NL,NL,actual_offshore_wind_generation,Wind Offshore | Actual Consumption,2026-09-04T19:46:09Z
2026-09-04T19:44:00Z,2026-09-04T21:44:00+0200,38b8bb2e-e325-47df-93a9-09dcd899994c,2026-08-30T17:15:00Z,2026-08-30T19:15:00+0200,1138.612,MW,NL,NL,actual_offshore_wind_generation,Wind Offshore | Actual Aggregated,2026-09-04T19:46:09Z
2026-09-04T19:44:00Z,2026-09-04T21:44:00+0200,38b8bb2e-e325-47df-93a9-09dcd899994c,2026-08-30T17:15:00Z,2026-08-30T19:15:00+0200,3.989,MW,NL,NL,actual_offshore_wind_generation,Wind Offshore | Actual Consumption,2026-09-04T19:46:09Z
2026-09-04T19:44:00Z,2026-09-04T21:44:00+0200,38b8bb2e-e325-47df-93a9-09dcd899994c,2026-08-30T17:30:00Z,2026-08-30T19:30:00+0200,1293.842,MW,NL,NL,actual_offshore_wind_generation,Wind Offshore | Actual Aggregated,2026-09-04T19:46:09Z
2026-09-04T19:44:00Z,2026-09-04T21:44:00+0200,38b8bb2e-e325-47df-93a9-09dcd899994c,2026-08-30T17:30:00Z,2026-08-30T19:30:00+0200,5.652,MW,NL,NL,actual_offshore_wind_generation,Wind Offshore | Actual Consumption,2026-09-04T19:46:09Z
2026-09-04T19:44:00Z,2026-09-04T21:44:00+0200,38b8bb2e-e325-47df-93a9-09dcd899994c,2026-08-30T17:45:00Z,2026-08-30T19:45:00+0200,1282.99,MW,NL,NL,actual_offshore_wind_generation,Wind Offshore | Actual Aggregated,2026-09-04T19:46:09Z
2026-09-04T19:44:00Z,2026-09-04T21:44:00+0200,38b8bb2e-e325-47df-93a9-09dcd899994c,2026-08-30T17:45:00Z,2026-08-30T19:45:00+0200,7.517,MW,NL,NL,actual_offshore_wind_generation,Wind Offshore | Actual Consumption,2026-09-04T19:46:09Z
2026-09-04T19:44:00Z,2026-09-04T21:44:00+0200,38b8bb2e-e325-47df-93a9-09dcd899994c,2026-08-30T18:00:00Z,2026-08-30T20:00:00+0200,1216.488,MW,NL,NL,actual_offshore_wind_generation,Wind Offshore | Actual Aggregated,2026-09-04T19:46:09Z
2026-09-04T19:44:00Z,2026-09-04T21:44:00+0200,38b8bb2e-e325-47df-93a9-09dcd899994c,2026-08-30T18:00:00Z,2026-08-30T20:00:00+0200,8.743,MW,NL,NL,actual_offshore_wind_generation,Wind Offshore | Actual Consumption,2026-09-04T19:46:09Z
2026-09-04T19:44:00Z,2026-09-04T21:44:00+0200,38b8bb2e-e325-47df-93a9-09dcd899994c,2026-08-30T18:15:00Z,2026-08-30T20:15:00+0200,1133.988,MW,NL,NL,actual_offshore_wind_generation,Wind Offshore | Actual Aggregated,2026-09-04T19:46:09Z
2026-09-04T19:44:00Z,2026-09-04T21:44:00+0200,38b8bb2e-e325-47df-93a9-09dcd899994c,2026-08-30T18:15:00Z,2026-08-30T20:15:00+0200,6.833,MW,NL,NL,actual_offshore_wind_generation,Wind Offshore | Actual Consumption,2026-09-04T19:46:09Z
2026-09-04T19:44:00Z,2026-09-04T21:44:00+0200,38b8bb2e-e325-47df-93a9-09dcd899994c,2026-08-30T18:30:00Z,2026-08-30T20:30:00+0200,1072.316,MW,NL,NL,actual_offshore_wind_generation,Wind Offshore | Actual Aggregated,2026-09-04T19:46:09Z
2026-09-04T19:44:00Z,2026-09-04T21:44:00+0200,38b8bb2e-e325-47df-93a9-09dcd899994c,2026-08-30T18:30:00Z,2026-08-30T20:30:00+0200,7.174,MW,NL,NL,actual_offshore_wind_generation,Wind Offshore | Actual Consumption,2026-09-04T19:46:09Z
2026-09-04T19:44:00Z,2026-09-04T21:44:00+0200,38b8bb2e-e325-47df-93a9-09dcd899994c,2026-08-30T18:45:00Z,2026-08-30T20:45:00+0200,971.009,MW,NL,NL,actual_offshore_wind_generation,Wind Offshore | Actual Aggregated,2026-09-04T19:46:09Z
2026-09-04T19:44:00Z,2026-09-04T21:44:00+0200,38b8bb2e-e325-47df-93a9-09dcd899994c,2026-08-30T18:45:00Z,2026-08-30T20:45:00+0200,5.725,MW,NL,NL,actual_offshore_wind_generation,Wind Offshore | Actual Consumption,2026-09-04T19:46:09Z
2026-09-04T19:44:00Z,2026-09-04T21:44:00+0200,38b8bb2e-e325-47df-93a9-09dcd899994c,2026-08-30T19:00:00Z,2026-08-30T21:00:00+0200,969.062,MW,NL,NL,actual_offshore_wind_generation,Wind Offshore | Actual Aggregated,2026-09-04T19:46:09Z
2026-09-04T19:44:00Z,2026-09-04T21:44:00+0200,38b8bb2e-e325-47df-93a9-09dcd899994c,2026-08-30T19:00:00Z,2026-08-30T21:00:00+0200,5.35,MW,NL,NL,actual_offshore_wind_generation,Wind Offshore | Actual Consumption,2026-09-04T19:46:09Z
2026-09-04T19:44:00Z,2026-09-04T21:44:00+0200,38b8bb2e-e325-47df-93a9-09dcd899994c,2026-08-30T19:15:00Z,2026-08-30T21:15:00+0200,1025.073,MW,NL,NL,actual_offshore_wind_generation,Wind Offshore | Actual Aggregated,2026-09-04T19:46:09Z
2026-09-04T19:44:00Z,2026-09-04T21:44:00+0200,38b8bb2e-e325-47df-93a9-09dcd899994c,2026-08-30T19:15:00Z,2026-08-30T21:15:00+0200,7.148,MW,NL,NL,actual_offshore_wind_generation,Wind Offshore | Actual Consumption,2026-09-04T19:46:09Z
2026-09-04T19:44:00Z,2026-09-04T21:44:00+0200,38b8bb2e-e325-47df-93a9-09dcd899994c,2026-08-30T19:30:00Z,2026-08-30T21:30:00+0200,1167.383,MW,NL,NL,actual_offshore_wind_generation,Wind Offshore | Actual Aggregated,2026-09-04T19:46:09Z
2026-09-04T19:44:00Z,2026-09-04T21:44:00+0200,38b8bb2e-e325-47df-93a9-09dcd899994c,2026-08-30T19:30:00Z,2026-08-30T21:30:00+0200,5.558,MW,NL,NL,actual_offshore_wind_generation,Wind Offshore | Actual Consumption,2026-09-04T19:46:09Z
2026-09-04T19:44:00Z,2026-09-04T21:44:00+0200,38b8bb2e-e325-47df-93a9-09dcd899994c,2026-08-30T19:45:00Z,2026-08-30T21:45:00+0200,1363.738,MW,NL,NL,actual_offshore_wind_generation,Wind Offshore | Actual Aggregated,2026-09-04T19:46:09Z
2026-09-04T19:44:00Z,2026-09-04T21:44:00+0200,38b8bb2e-e325-47df-93a9-09dcd899994c,2026-08-30T19:45:00Z,2026-08-30T21:45:00+0200,4.378,MW,NL,NL,actual_offshore_wind_generation,Wind Offshore | Actual Consumption,2026-09-04T19:46:09Z
2026-09-04T19:44:00Z,2026-09-04T21:44:00+0200,38b8bb2e-e325-47df-93a9-09dcd899994c,2026-08-30T20:00:00Z,2026-08-30T22:00:00+0200,1474.976,MW,NL,NL,actual_offshore_wind_generation,Wind Offshore | Actual Aggregated,2026-09-04T19:46:09Z
2026-09-04T19:44:00Z,2026-09-04T21:44:00+0200,38b8bb2e-e325-47df-93a9-09dcd899994c,2026-08-30T20:00:00Z,2026-08-30T22:00:00+0200,3.88,MW,NL,NL,actual_offshore_wind_generation,Wind Offshore | Actual Consumption,2026-09-04T19:46:09Z
2026-09-04T19:44:00Z,2026-09-04T21:44:00+0200,38b8bb2e-e325-47df-93a9-09dcd899994c,2026-08-30T20:15:00Z,2026-08-30T22:15:00+0200,1601.05,MW,NL,NL,actual_offshore_wind_generation,Wind Offshore | Actual Aggregated,2026-09-04T19:46:09Z
2026-09-04T19:44:00Z,2026-09-04T21:44:00+0200,38b8bb2e-e325-47df-93a9-09dcd899994c,2026-08-30T20:15:00Z,2026-08-30T22:15:00+0200,4.776,MW,NL,NL,actual_offshore_wind_generation,Wind Offshore | Actual Consumption,2026-09-04T19:46:09Z
2026-09-04T19:44:00Z,2026-09-04T21:44:00+0200,38b8bb2e-e325-47df-93a9-09dcd899994c,2026-08-30T20:30:00Z,2026-08-30T22:30:00+0200,1869.754,MW,NL,NL,actual_offshore_wind_generation,Wind Offshore | Actual Aggregated,2026-09-04T19:46:09Z
2026-09-04T19:44:00Z,2026-09-04T21:44:00+0200,38b8bb2e-e325-47df-93a9-09dcd899994c,2026-08-30T20:30:00Z,2026-08-30T22:30:00+0200,8.988,MW,NL,NL,actual_offshore_wind_generation,Wind Offshore | Actual Consumption,2026-09-04T19:46:09Z
2026-09-04T19:44:00Z,2026-09-04T21:44:00+0200,38b8bb2e-e325-47df-93a9-09dcd899994c,2026-08-30T20:45:00Z,2026-08-30T22:45:00+0200,2004.695,MW,NL,NL,actual_offshore_wind_generation,Wind Offshore | Actual Aggregated,2026-09-04T19:46:09Z
2026-09-04T19:44:00Z,2026-09-04T21:44:00+0200,38b8bb2e-e325-47df-93a9-09dcd899994c,2026-08-30T20:45:00Z,2026-08-30T22:45:00+0200,9.342,MW,NL,NL,actual_offshore_wind_generation,Wind Offshore | Actual Consumption,2026-09-04T19:46:09Z
2026-09-04T19:44:00Z,2026-09-04T21:44:00+0200,38b8bb2e-e325-47df-93a9-09dcd899994c,2026-08-30T21:00:00Z,2026-08-30T23:00:00+0200,2046.102,MW,NL,NL,actual_offshore_wind_generation,Wind Offshore | Actual Aggregated,2026-09-04T19:46:09Z
2026-09-04T19:44:00Z,2026-09-04T21:44:00+0200,38b8bb2e-e325-47df-93a9-09dcd899994c,2026-08-30T21:00:00Z,2026-08-30T23:00:00+0200,9.44,MW,NL,NL,actual_offshore_wind_generation,Wind Offshore | Actual Consumption,2026-09-04T19:46:09Z
2026-09-04T19:44:00Z,2026-09-04T21:44:00+0200,38b8bb2e-e325-47df-93a9-09dcd899994c,2026-08-30T21:15:00Z,2026-08-30T23:15:00+0200,2016.177,MW,NL,NL,actual_offshore_wind_generation,Wind Offshore | Actual Aggregated,2026-09-04T19:46:09Z
2026-09-04T19:44:00Z,2026-09-04T21:44:00+0200,38b8bb2e-e325-47df-93a9-09dcd899994c,2026-08-30T21:15:00Z,2026-08-30T23:15:00+0200,12.121,MW,NL,NL,actual_offshore_wind_generation,Wind Offshore | Actual Consumption,2026-09-04T19:46:09Z
2026-09-04T19:44:00Z,2026-09-04T21:44:00+0200,38b8bb2e-e325-47df-93a9-09dcd899994c,2026-08-30T21:30:00Z,2026-08-30T23:30:00+0200,1970.499,MW,NL,NL,actual_offshore_wind_generation,Wind Offshore | Actual Aggregated,2026-09-04T19:46:09Z
2026-09-04T19:44:00Z,2026-09-04T21:44:00+0200,38b8bb2e-e325-47df-93a9-09dcd899994c,2026-08-30T21:30:00Z,2026-08-30T23:30:00+0200,7.588,MW,NL,NL,actual_offshore_wind_generation,Wind Offshore | Actual Consumption,2026-09-04T19:46:09Z
2026-09-04T19:44:00Z,2026-09-04T21:44:00+0200,38b8bb2e-e325-47df-93a9-09dcd899994c,2026-08-30T21:45:00Z,2026-08-30T23:45:00+0200,1769.798,MW,NL,NL,actual_offshore_wind_generation,Wind Offshore | Actual Aggregated,2026-09-04T19:46:09Z
2026-09-04T19:44:00Z,2026-09-04T21:44:00+0200,38b8bb2e-e325-47df-93a9-09dcd899994c,2026-08-30T21:45:00Z,2026-08-30T23:45:00+0200,6.383,MW,NL,NL,actual_offshore_wind_generation,Wind Offshore | Actual Consumption,2026-09-04T19:46:09Z
2026-09-04T19:44:00Z,2026-09-04T21:44:00+0200,38b8bb2e-e325-47df-93a9-09dcd899994c,2026-08-30T22:00:00Z,2026-08-31T00:00:00+0200,1661.952,MW,NL,NL,actual_offshore_wind_generation,Wind Offshore | Actual Aggregated,2026-09-04T19:46:09Z
2026-09-04T19:44:00Z,2026-09-04T21:44:00+0200,38b8bb2e-e325-47df-93a9-09dcd899994c,2026-08-30T22:00:00Z,2026-08-31T00:00:00+0200,5.204,MW,NL,NL,actual_offshore_wind_generation,Wind Offshore | Actual Consumption,2026-09-04T19:46:09Z
2026-09-04T19:44:00Z,2026-09-04T21:44:00+0200,38b8bb2e-e325-47df-93a9-09dcd899994c,2026-08-30T22:15:00Z,2026-08-31T00:15:00+0200,1806.47,MW,NL,NL,actual_offshore_wind_generation,Wind Offshore | Actual Aggregated,2026-09-04T19:46:09Z
2026-09-04T19:44:00Z,2026-09-04T21:44:00+0200,38b8bb2e-e325-47df-93a9-09dcd899994c,2026-08-30T22:15:00Z,2026-08-31T00:15:00+0200,7.138,MW,NL,NL,actual_offshore_wind_generation,Wind Offshore | Actual Consumption,2026-09-04T19:46:09Z
2026-09-04T19:44:00Z,2026-09-04T21:44:00+0200,38b8bb2e-e325-47df-93a9-09dcd899994c,2026-08-30T22:30:00Z,2026-08-31T00:30:00+0200,1917.263,MW,NL,NL,actual_offshore_wind_generation,Wind Offshore | Actual Aggregated,2026-09-04T19:46:09Z
2026-09-04T19:44:00Z,2026-09-04T21:44:00+0200,38b8bb2e-e325-47df-93a9-09dcd899994c,2026-08-30T22:30:00Z,2026-08-31T00:30:00+0200,6.788,MW,NL,NL,actual_offshore_wind_generation,Wind Offshore | Actual Consumption,2026-09-04T19:46:09Z
2026-09-04T19:44:00Z,2026-09-04T21:44:00+0200,38b8bb2e-e325-47df-93a9-09dcd899994c,2026-08-30T22:45:00Z,2026-08-31T00:45:00+0200,2100.238,MW,NL,NL,actual_offshore_wind_generation,Wind Offshore | Actual Aggregated,2026-09-04T19:46:09Z
2026-09-04T19:44:00Z,2026-09-04T21:44:00+0200,38b8bb2e-e325-47df-93a9-09dcd899994c,2026-08-30T22:45:00Z,2026-08-31T00:45:00+0200,6.471,MW,NL,NL,actual_offshore_wind_generation,Wind Offshore | Actual Consumption,2026-09-04T19:46:09Z
2026-09-04T19:44:00Z,2026-09-04T21:44:00+0200,38b8bb2e-e325-47df-93a9-09dcd899994c,2026-08-30T23:00:00Z,2026-08-31T01:00:00+0200,2254.041,MW,NL,NL,actual_offshore_wind_generation,Wind Offshore | Actual Aggregated,2026-09-04T19:46:09Z
2026-09-04T19:44:00Z,2026-09-04T21:44:00+0200,38b8bb2e-e325-47df-93a9-09dcd899994c,2026-08-30T23:00:00Z,2026-08-31T01:00:00+0200,7.949,MW,NL,NL,actual_offshore_wind_generation,Wind Offshore | Actual Consumption,2026-09-04T19:46:09Z
2026-09-04T19:44:00Z,2026-09-04T21:44:00+0200,38b8bb2e-e325-47df-93a9-09dcd899994c,2026-08-30T23:15:00Z,2026-08-31T01:15:00+0200,2397.962,MW,NL,NL,actual_offshore_wind_generation,Wind Offshore | Actual Aggregated,2026-09-04T19:46:09Z
2026-09-04T19:44:00Z,2026-09-04T21:44:00+0200,38b8bb2e-e325-47df-93a9-09dcd899994c,2026-08-30T23:15:00Z,2026-08-31T01:15:00+0200,9.75,MW,NL,NL,actual_offshore_wind_generation,Wind Offshore | Actual Consumption,2026-09-04T19:46:09Z
2026-09-04T19:44:00Z,2026-09-04T21:44:00+0200,38b8bb2e-e325-47df-93a9-09dcd899994c,2026-08-30T23:30:00Z,2026-08-31T01:30:00+0200,2419.434,MW,NL,NL,actual_offshore_wind_generation,Wind Offshore | Actual Aggregated,2026-09-04T19:46:09Z
2026-09-04T19:44:00Z,2026-09-04T21:44:00+0200,38b8bb2e-e325-47df-93a9-09dcd899994c,2026-08-30T23:30:00Z,2026-08-31T01:30:00+0200,7.807,MW,NL,NL,actual_offshore_wind_generation,Wind Offshore | Actual Consumption,2026-09-04T19:46:09Z
2026-09-04T19:44:00Z,2026-09-04T21:44:00+0200,38b8bb2e-e325-47df-93a9-09dcd899994c,2026-08-30T23:45:00Z,2026-08-31T01:45:00+0200,2475.786,MW,NL,NL,actual_offshore_wind_generation,Wind Offshore | Actual Aggregated,2026-09-04T19:46:09Z
2026-09-04T19:44:00Z,2026-09-04T21:44:00+0200,38b8bb2e-e325-47df-93a9-09dcd899994c,2026-08-30T23:45:00Z,2026-08-31T01:45:00+0200,11.878,MW,NL,NL,actual_offshore_wind_generation,Wind Offshore | Actual Consumption,2026-09-04T19:46:09Z
2026-09-04T19:44:00Z,2026-09-04T21:44:00+0200,38b8bb2e-e325-47df-93a9-09dcd899994c,2026-08-31T00:00:00Z,2026-08-31T02:00:00+0200,2588.081,MW,NL,NL,actual_offshore_wind_generation,Wind Offshore | Actual Aggregated,2026-09-04T19:46:09Z
2026-09-04T19:44:00Z,2026-09-04T21:44:00+0200,38b8bb2e-e325-47df-93a9-09dcd899994c,2026-08-31T00:00:00Z,2026-08-31T02:00:00+0200,15.542,MW,NL,NL,actual_offshore_wind_generation,Wind Offshore | Actual Consumption,2026-09-04T19:46:09Z
2026-09-04T19:44:00Z,2026-09-04T21:44:00+0200,38b8bb2e-e325-47df-93a9-09dcd899994c,2026-08-31T00:15:00Z,2026-08-31T02:15:00+0200,2658.155,MW,NL,NL,actual_offshore_wind_generation,Wind Offshore | Actual Aggregated,2026-09-04T19:46:09Z
2026-09-04T19:44:00Z,2026-09-04T21:44:00+0200,38b8bb2e-e325-47df-93a9-09dcd899994c,2026-08-31T00:15:00Z,2026-08-31T02:15:00+0200,13.466,MW,NL,NL,actual_offshore_wind_generation,Wind Offshore | Actual Consumption,2026-09-04T19:46:09Z
2026-09-04T19:44:00Z,2026-09-04T21:44:00+0200,38b8bb2e-e325-47df-93a9-09dcd899994c,2026-08-31T00:30:00Z,2026-08-31T02:30:00+0200,2719.363,MW,NL,NL,actual_offshore_wind_generation,Wind Offshore | Actual Aggregated,2026-09-04T19:46:09Z
2026-09-04T19:44:00Z,2026-09-04T21:44:00+0200,38b8bb2e-e325-47df-93a9-09dcd899994c,2026-08-31T00:30:00Z,2026-08-31T02:30:00+0200,12.885,MW,NL,NL,actual_offshore_wind_generation,Wind Offshore | Actual Consumption,2026-09-04T19:46:09Z
2026-09-04T19:44:00Z,2026-09-04T21:44:00+0200,38b8bb2e-e325-47df-93a9-09dcd899994c,2026-08-31T00:45:00Z,2026-08-31T02:45:00+0200,3148.227,MW,NL,NL,actual_offshore_wind_generation,Wind Offshore | Actual Aggregated,2026-09-04T19:46:09Z
2026-09-04T19:44:00Z,2026-09-04T21:44:00+0200,38b8bb2e-e325-47df-93a9-09dcd899994c,2026-08-31T00:45:00Z,2026-08-31T02:45:00+0200,13.311,MW,NL,NL,actual_offshore_wind_generation,Wind Offshore | Actual Consumption,2026-09-04T19:46:09Z
2026-09-04T19:44:00Z,2026-09-04T21:44:00+0200,38b8bb2e-e325-47df-93a9-09dcd899994c,2026-08-31T01:00:00Z,2026-08-31T03:00:00+0200,3328.291,MW,NL,NL,actual_offshore_wind_generation,Wind Offshore | Actual Aggregated,2026-09-04T19:46:09Z
2026-09-04T19:44:00Z,2026-09-04T21:44:00+0200,38b8bb2e-e325-47df-93a9-09dcd899994c,2026-08-31T01:00:00Z,2026-08-31T03:00:00+0200,12.581,MW,NL,NL,actual_offshore_wind_generation,Wind Offshore | Actual Consumption,2026-09-04T19:46:09Z
2026-09-04T19:44:00Z,2026-09-04T21:44:00+0200,38b8bb2e-e325-47df-93a9-09dcd899994c,2026-08-31T01:15:00Z,2026-08-31T03:15:00+0200,3231.496,MW,NL,NL,actual_offshore_wind_generation,Wind Offshore | Actual Aggregated,2026-09-04T19:46:09Z
2026-09-04T19:44:00Z,2026-09-04T21:44:00+0200,38b8bb2e-e325-47df-93a9-09dcd899994c,2026-08-31T01:15:00Z,2026-08-31T03:15:00+0200,10.538,MW,NL,NL,actual_offshore_wind_generation,Wind Offshore | Actual Consumption,2026-09-04T19:46:09Z
2026-09-04T19:44:00Z,2026-09-04T21:44:00+0200,38b8bb2e-e325-47df-93a9-09dcd899994c,2026-08-31T01:30:00Z,2026-08-31T03:30:00+0200,3365.532,MW,NL,NL,actual_offshore_wind_generation,Wind Offshore | Actual Aggregated,2026-09-04T19:46:09Z
2026-09-04T19:44:00Z,2026-09-04T21:44:00+0200,38b8bb2e-e325-47df-93a9-09dcd899994c,2026-08-31T01:30:00Z,2026-08-31T03:30:00+0200,15.635,MW,NL,NL,actual_offshore_wind_generation,Wind Offshore | Actual Consumption,2026-09-04T19:46:09Z
2026-09-04T19:44:00Z,2026-09-04T21:44:00+0200,38b8bb2e-e325-47df-93a9-09dcd899994c,2026-08-31T01:45:00Z,2026-08-31T03:45:00+0200,3366.813,MW,NL,NL,actual_offshore_wind_generation,Wind Offshore | Actual Aggregated,2026-09-04T19:46:09Z
2026-09-04T19:44:00Z,2026-09-04T21:44:00+0200,38b8bb2e-e325-47df-93a9-09dcd899994c,2026-08-31T01:45:00Z,2026-08-31T03:45:00+0200,10.758,MW,NL,NL,actual_offshore_wind_generation,Wind Offshore | Actual Consumption,2026-09-04T19:46:09Z
2026-09-04T19:44:00Z,2026-09-04T21:44:00+0200,38b8bb2e-e325-47df-93a9-09dcd899994c,2026-08-31T02:00:00Z,2026-08-31T04:00:00+0200,3362.412,MW,NL,NL,actual_offshore_wind_generation,Wind Offshore | Actual Aggregated,2026-09-04T19:46:09Z
2026-09-04T19:44:00Z,2026-09-04T21:44:00+0200,38b8bb2e-e325-47df-93a9-09dcd899994c,2026-08-31T02:00:00Z,2026-08-31T04:00:00+0200,9.459,MW,NL,NL,actual_offshore_wind_generation,Wind Offshore | Actual Consumption,2026-09-04T19:46:09Z
2026-09-04T19:44:00Z,2026-09-04T21:44:00+0200,38b8bb2e-e325-47df-93a9-09dcd899994c,2026-08-31T02:15:00Z,2026-08-31T04:15:00+0200,3397.537,MW,NL,NL,actual_offshore_wind_generation,Wind Offshore | Actual Aggregated,2026-09-04T19:46:09Z
2026-09-04T19:44:00Z,2026-09-04T21:44:00+0200,38b8bb2e-e325-47df-93a9-09dcd899994c,2026-08-31T02:15:00Z,2026-08-31T04:15:00+0200,8.955,MW,NL,NL,actual_offshore_wind_generation,Wind Offshore | Actual Consumption,2026-09-04T19:46:09Z
2026-09-04T19:44:00Z,2026-09-04T21:44:00+0200,38b8bb2e-e325-47df-93a9-09dcd899994c,2026-08-31T02:30:00Z,2026-08-31T04:30:00+0200,3589.208,MW,NL,NL,actual_offshore_wind_generation,Wind Offshore | Actual Aggregated,2026-09-04T19:46:09Z
2026-09-04T19:44:00Z,2026-09-04T21:44:00+0200,38b8bb2e-e325-47df-93a9-09dcd899994c,2026-08-31T02:30:00Z,2026-08-31T04:30:00+0200,14.765,MW,NL,NL,actual_offshore_wind_generation,Wind Offshore | Actual Consumption,2026-09-04T19:46:09Z
2026-09-04T19:44:00Z,2026-09-04T21:44:00+0200,38b8bb2e-e325-47df-93a9-09dcd899994c,2026-08-31T02:45:00Z,2026-08-31T04:45:00+0200,3621.498,MW,NL,NL,actual_offshore_wind_generation,Wind Offshore | Actual Aggregated,2026-09-04T19:46:09Z
2026-09-04T19:44:00Z,2026-09-04T21:44:00+0200,38b8bb2e-e325-47df-93a9-09dcd899994c,2026-08-31T02:45:00Z,2026-08-31T04:45:00+0200,15.112,MW,NL,NL,actual_offshore_wind_generation,Wind Offshore | Actual Consumption,2026-09-04T19:46:09Z
2026-09-04T19:44:00Z,2026-09-04T21:44:00+0200,38b8bb2e-e325-47df-93a9-09dcd899994c,2026-08-31T03:00:00Z,2026-08-31T05:00:00+0200,3593.686,MW,NL,NL,actual_offshore_wind_generation,Wind Offshore | Actual Aggregated,2026-09-04T19:46:09Z
2026-09-04T19:44:00Z,2026-09-04T21:44:00+0200,38b8bb2e-e325-47df-93a9-09dcd899994c,2026-08-31T03:00:00Z,2026-08-31T05:00:00+0200,14.756,MW,NL,NL,actual_offshore_wind_generation,Wind Offshore | Actual Consumption,2026-09-04T19:46:09Z
2026-09-04T19:44:00Z,2026-09-04T21:44:00+0200,38b8bb2e-e325-47df-93a9-09dcd899994c,2026-08-31T03:15:00Z,2026-08-31T05:15:00+0200,3685.214,MW,NL,NL,actual_offshore_wind_generation,Wind Offshore | Actual Aggregated,2026-09-04T19:46:09Z
2026-09-04T19:44:00Z,2026-09-04T21:44:00+0200,38b8bb2e-e325-47df-93a9-09dcd899994c,2026-08-31T03:15:00Z,2026-08-31T05:15:00+0200,15.054,MW,NL,NL,actual_offshore_wind_generation,Wind Offshore | Actual Consumption,2026-09-04T19:46:09Z
2026-09-04T19:44:00Z,2026-09-04T21:44:00+0200,38b8bb2e-e325-47df-93a9-09dcd899994c,2026-08-31T03:30:00Z,2026-08-31T05:30:00+0200,3641.734,MW,NL,NL,actual_offshore_wind_generation,Wind Offshore | Actual Aggregated,2026-09-04T19:46:09Z
2026-09-04T19:44:00Z,2026-09-04T21:44:00+0200,38b8bb2e-e325-47df-93a9-09dcd899994c,2026-08-31T03:30:00Z,2026-08-31T05:30:00+0200,18.778,MW,NL,NL,actual_offshore_wind_generation,Wind Offshore | Actual Consumption,2026-09-04T19:46:09Z
2026-09-04T19:44:00Z,2026-09-04T21:44:00+0200,38b8bb2e-e325-47df-93a9-09dcd899994c,2026-08-31T03:45:00Z,2026-08-31T05:45:00+0200,3538.094,MW,NL,NL,actual_offshore_wind_generation,Wind Offshore | Actual Aggregated,2026-09-04T19:46:09Z
2026-09-04T19:44:00Z,2026-09-04T21:44:00+0200,38b8bb2e-e325-47df-93a9-09dcd899994c,2026-08-31T03:45:00Z,2026-08-31T05:45:00+0200,18.73,MW,NL,NL,actual_offshore_wind_generation,Wind Offshore | Actual Consumption,2026-09-04T19:46:09Z
2026-09-04T19:44:00Z,2026-09-04T21:44:00+0200,38b8bb2e-e325-47df-93a9-09dcd899994c,2026-08-31T04:00:00Z,2026-08-31T06:00:00+0200,3394.688,MW,NL,NL,actual_offshore_wind_generation,Wind Offshore | Actual Aggregated,2026-09-04T19:46:09Z
2026-09-04T19:44:00Z,2026-09-04T21:44:00+0200,38b8bb2e-e325-47df-93a9-09dcd899994c,2026-08-31T04:00:00Z,2026-08-31T06:00:00+0200,18.79,MW,NL,NL,actual_offshore_wind_generation,Wind Offshore | Actual Consumption,2026-09-04T19:46:09Z
2026-09-04T19:44:00Z,2026-09-04T21:44:00+0200,38b8bb2e-e325-47df-93a9-09dcd899994c,2026-08-31T04:15:00Z,2026-08-31T06:15:00+0200,3610.266,MW,NL,NL,actual_offshore_wind_generation,Wind Offshore | Actual Aggregated,2026-09-04T19:46:09Z
2026-09-04T19:44:00Z,2026-09-04T21:44:00+0200,38b8bb2e-e325-47df-93a9-09dcd899994c,2026-08-31T04:15:00Z,2026-08-31T06:15:00+0200,18.584,MW,NL,NL,actual_offshore_wind_generation,Wind Offshore | Actual Consumption,2026-09-04T19:46:09Z
2026-09-04T19:44:00Z,2026-09-04T21:44:00+0200,38b8bb2e-e325-47df-93a9-09dcd899994c,2026-08-31T04:30:00Z,2026-08-31T06:30:00+0200,3726.98,MW,NL,NL,actual_offshore_wind_generation,Wind Offshore | Actual Aggregated,2026-09-04T19:46:09Z
2026-09-04T19:44:00Z,2026-09-04T21:44:00+0200,38b8bb2e-e325-47df-93a9-09dcd899994c,2026-08-31T04:30:00Z,2026-08-31T06:30:00+0200,18.75,MW,NL,NL,actual_offshore_wind_generation,Wind Offshore | Actual Consumption,2026-09-04T19:46:09Z
2026-09-04T19:44:00Z,2026-09-04T21:44:00+0200,38b8bb2e-e325-47df-93a9-09dcd899994c,2026-08-31T04:45:00Z,2026-08-31T06:45:00+0200,3723.375,MW,NL,NL,actual_offshore_wind_generation,Wind Offshore | Actual Aggregated,2026-09-04T19:46:09Z
2026-09-04T19:44:00Z,2026-09-04T21:44:00+0200,38b8bb2e-e325-47df-93a9-09dcd899994c,2026-08-31T04:45:00Z,2026-08-31T06:45:00+0200,18.49,MW,NL,NL,actual_offshore_wind_generation,Wind Offshore | Actual Consumption,2026-09-04T19:46:09Z
2026-09-04T19:44:00Z,2026-09-04T21:44:00+0200,38b8bb2e-e325-47df-93a9-09dcd899994c,2026-08-31T05:00:00Z,2026-08-31T07:00:00+0200,3857.061,MW,NL,NL,actual_offshore_wind_generation,Wind Offshore | Actual Aggregated,2026-09-04T19:46:09Z
2026-09-04T19:44:00Z,2026-09-04T21:44:00+0200,38b8bb2e-e325-47df-93a9-09dcd899994c,2026-08-31T05:00:00Z,2026-08-31T07:00:00+0200,17.963,MW,NL,NL,actual_offshore_wind_generation,Wind Offshore | Actual Consumption,2026-09-04T19:46:09Z
2026-09-04T19:44:00Z,2026-09-04T21:44:00+0200,38b8bb2e-e325-47df-93a9-09dcd899994c,2026-08-31T05:15:00Z,2026-08-31T07:15:00+0200,3756.228,MW,NL,NL,actual_offshore_wind_generation,Wind Offshore | Actual Aggregated,2026-09-04T19:46:09Z
2026-09-04T19:44:00Z,2026-09-04T21:44:00+0200,38b8bb2e-e325-47df-93a9-09dcd899994c,2026-08-31T05:15:00Z,2026-08-31T07:15:00+0200,17.382,MW,NL,NL,actual_offshore_wind_generation,Wind Offshore | Actual Consumption,2026-09-04T19:46:09Z
2026-09-04T19:44:00Z,2026-09-04T21:44:00+0200,38b8bb2e-e325-47df-93a9-09dcd899994c,2026-08-31T05:30:00Z,2026-08-31T07:30:00+0200,3474.316,MW,NL,NL,actual_offshore_wind_generation,Wind Offshore | Actual Aggregated,2026-09-04T19:46:09Z
2026-09-04T19:44:00Z,2026-09-04T21:44:00+0200,38b8bb2e-e325-47df-93a9-09dcd899994c,2026-08-31T05:30:00Z,2026-08-31T07:30:00+0200,15.596,MW,NL,NL,actual_offshore_wind_generation,Wind Offshore | Actual Consumption,2026-09-04T19:46:09Z
2026-09-04T19:44:00Z,2026-09-04T21:44:00+0200,38b8bb2e-e325-47df-93a9-09dcd899994c,2026-08-31T05:45:00Z,2026-08-31T07:45:00+0200,3420.983,MW,NL,NL,actual_offshore_wind_generation,Wind Offshore | Actual Aggregated,2026-09-04T19:46:09Z
2026-09-04T19:44:00Z,2026-09-04T21:44:00+0200,38b8bb2e-e325-47df-93a9-09dcd899994c,2026-08-31T05:45:00Z,2026-08-31T07:45:00+0200,15.786,MW,NL,NL,actual_offshore_wind_generation,Wind Offshore | Actual Consumption,2026-09-04T19:46:09Z
2026-09-04T19:44:00Z,2026-09-04T21:44:00+0200,38b8bb2e-e325-47df-93a9-09dcd899994c,2026-08-31T06:00:00Z,2026-08-31T08:00:00+0200,3622.706,MW,NL,NL,actual_offshore_wind_generation,Wind Offshore | Actual Aggregated,2026-09-04T19:46:09Z
2026-09-04T19:44:00Z,2026-09-04T21:44:00+0200,38b8bb2e-e325-47df-93a9-09dcd899994c,2026-08-31T06:00:00Z,2026-08-31T08:00:00+0200,18.709,MW,NL,NL,actual_offshore_wind_generation,Wind Offshore | Actual Consumption,2026-09-04T19:46:09Z
2026-09-04T19:44:00Z,2026-09-04T21:44:00+0200,38b8bb2e-e325-47df-93a9-09dcd899994c,2026-08-31T06:15:00Z,2026-08-31T08:15:00+0200,3823.124,MW,NL,NL,actual_offshore_wind_generation,Wind Offshore | Actual Aggregated,2026-09-04T19:46:09Z
2026-09-04T19:44:00Z,2026-09-04T21:44:00+0200,38b8bb2e-e325-47df-93a9-09dcd899994c,2026-08-31T06:15:00Z,2026-08-31T08:15:00+0200,18.698,MW,NL,NL,actual_offshore_wind_generation,Wind Offshore | Actual Consumption,2026-09-04T19:46:09Z
2026-09-04T19:44:00Z,2026-09-04T21:44:00+0200,38b8bb2e-e325-47df-93a9-09dcd899994c,2026-08-31T06:30:00Z,2026-08-31T08:30:00+0200,3964.841,MW,NL,NL,actual_offshore_wind_generation,Wind Offshore | Actual Aggregated,2026-09-04T19:46:09Z
2026-09-04T19:44:00Z,2026-09-04T21:44:00+0200,38b8bb2e-e325-47df-93a9-09dcd899994c,2026-08-31T06:30:00Z,2026-08-31T08:30:00+0200,18.767,MW,NL,NL,actual_offshore_wind_generation,Wind Offshore | Actual Consumption,2026-09-04T19:46:09Z
2026-09-04T19:44:00Z,2026-09-04T21:44:00+0200,38b8bb2e-e325-47df-93a9-09dcd899994c,2026-08-31T06:45:00Z,2026-08-31T08:45:00+0200,3944.003,MW,NL,NL,actual_offshore_wind_generation,Wind Offshore | Actual Aggregated,2026-09-04T19:46:09Z
2026-09-04T19:44:00Z,2026-09-04T21:44:00+0200,38b8bb2e-e325-47df-93a9-09dcd899994c,2026-08-31T06:45:00Z,2026-08-31T08:45:00+0200,18.68,MW,NL,NL,actual_offshore_wind_generation,Wind Offshore | Actual Consumption,2026-09-04T19:46:09Z
2026-09-04T19:44:00Z,2026-09-04T21:44:00+0200,38b8bb2e-e325-47df-93a9-09dcd899994c,2026-08-31T07:00:00Z,2026-08-31T09:00:00+0200,3912.225,MW,NL,NL,actual_offshore_wind_generation,Wind Offshore | Actual Aggregated,2026-09-04T19:46:09Z
2026-09-04T19:44:00Z,2026-09-04T21:44:00+0200,38b8bb2e-e325-47df-93a9-09dcd899994c,2026-08-31T07:00:00Z,2026-08-31T09:00:00+0200,18.704,MW,NL,NL,actual_offshore_wind_generation,Wind Offshore | Actual Consumption,2026-09-04T19:46:09Z
2026-09-04T19:44:00Z,2026-09-04T21:44:00+0200,38b8bb2e-e325-47df-93a9-09dcd899994c,2026-08-31T07:15:00Z,2026-08-31T09:15:00+0200,4055.01,MW,NL,NL,actual_offshore_wind_generation,Wind Offshore | Actual Aggregated,2026-09-04T19:46:09Z
2026-09-04T19:44:00Z,2026-09-04T21:44:00+0200,38b8bb2e-e325-47df-93a9-09dcd899994c,2026-08-31T07:15:00Z,2026-08-31T09:15:00+0200,18.752,MW,NL,NL,actual_offshore_wind_generation,Wind Offshore | Actual Consumption,2026-09-04T19:46:09Z
2026-09-04T19:44:00Z,2026-09-04T21:44:00+0200,38b8bb2e-e325-47df-93a9-09dcd899994c,2026-08-31T07:30:00Z,2026-08-31T09:30:00+0200,4031.724,MW,NL,NL,actual_offshore_wind_generation,Wind Offshore | Actual Aggregated,2026-09-04T19:46:09Z
2026-09-04T19:44:00Z,2026-09-04T21:44:00+0200,38b8bb2e-e325-47df-93a9-09dcd899994c,2026-08-31T07:30:00Z,2026-08-31T09:30:00+0200,18.735,MW,NL,NL,actual_offshore_wind_generation,Wind Offshore | Actual Consumption,2026-09-04T19:46:09Z
2026-09-04T19:44:00Z,2026-09-04T21:44:00+0200,38b8bb2e-e325-47df-93a9-09dcd899994c,2026-08-31T07:45:00Z,2026-08-31T09:45:00+0200,3912.533,MW,NL,NL,actual_offshore_wind_generation,Wind Offshore | Actual Aggregated,2026-09-04T19:46:09Z
2026-09-04T19:44:00Z,2026-09-04T21:44:00+0200,38b8bb2e-e325-47df-93a9-09dcd899994c,2026-08-31T07:45:00Z,2026-08-31T09:45:00+0200,18.715,MW,NL,NL,actual_offshore_wind_generation,Wind Offshore | Actual Consumption,2026-09-04T19:46:09Z
2026-09-04T19:44:00Z,2026-09-04T21:44:00+0200,38b8bb2e-e325-47df-93a9-09dcd899994c,2026-08-31T08:00:00Z,2026-08-31T10:00:00+0200,3985.341,MW,NL,NL,actual_offshore_wind_generation,Wind Offshore | Actual Aggregated,2026-09-04T19:46:09Z
2026-09-04T19:44:00Z,2026-09-04T21:44:00+0200,38b8bb2e-e325-47df-93a9-09dcd899994c,2026-08-31T08:00:00Z,2026-08-31T10:00:00+0200,17.09,MW,NL,NL,actual_offshore_wind_generation,Wind Offshore | Actual Consumption,2026-09-04T19:46:09Z
2026-09-04T19:44:00Z,2026-09-04T21:44:00+0200,38b8bb2e-e325-47df-93a9-09dcd899994c,2026-08-31T08:15:00Z,2026-08-31T10:15:00+0200,3882.736,MW,NL,NL,actual_offshore_wind_generation,Wind Offshore | Actual Aggregated,2026-09-04T19:46:09Z
2026-09-04T19:44:00Z,2026-09-04T21:44:00+0200,38b8bb2e-e325-47df-93a9-09dcd899994c,2026-08-31T08:15:00Z,2026-08-31T10:15:00+0200,15.092,MW,NL,NL,actual_offshore_wind_generation,Wind Offshore | Actual Consumption,2026-09-04T19:46:09Z
2026-09-04T19:44:00Z,2026-09-04T21:44:00+0200,38b8bb2e-e325-47df-93a9-09dcd899994c,2026-08-31T08:30:00Z,2026-08-31T10:30:00+0200,3372.596,MW,NL,NL,actual_offshore_wind_generation,Wind Offshore | Actual Aggregated,2026-09-04T19:46:09Z
2026-09-04T19:44:00Z,2026-09-04T21:44:00+0200,38b8bb2e-e325-47df-93a9-09dcd899994c,2026-08-31T08:30:00Z,2026-08-31T10:30:00+0200,12.427,MW,NL,NL,actual_offshore_wind_generation,Wind Offshore | Actual Consumption,2026-09-04T19:46:09Z
2026-09-04T19:44:00Z,2026-09-04T21:44:00+0200,38b8bb2e-e325-47df-93a9-09dcd899994c,2026-08-31T08:45:00Z,2026-08-31T10:45:00+0200,3091.176,MW,NL,NL,actual_offshore_wind_generation,Wind Offshore | Actual Aggregated,2026-09-04T19:46:09Z
2026-09-04T19:44:00Z,2026-09-04T21:44:00+0200,38b8bb2e-e325-47df-93a9-09dcd899994c,2026-08-31T08:45:00Z,2026-08-31T10:45:00+0200,18.125,MW,NL,NL,actual_offshore_wind_generation,Wind Offshore | Actual Consumption,2026-09-04T19:46:09Z
2026-09-04T19:44:00Z,2026-09-04T21:44:00+0200,38b8bb2e-e325-47df-93a9-09dcd899994c,2026-08-31T09:00:00Z,2026-08-31T11:00:00+0200,3033.488,MW,NL,NL,actual_offshore_wind_generation,Wind Offshore | Actual Aggregated,2026-09-04T19:46:09Z
2026-09-04T19:44:00Z,2026-09-04T21:44:00+0200,38b8bb2e-e325-47df-93a9-09dcd899994c,2026-08-31T09:00:00Z,2026-08-31T11:00:00+0200,16.928,MW,NL,NL,actual_offshore_wind_generation,Wind Offshore | Actual Consumption,2026-09-04T19:46:09Z
2026-09-04T19:44:00Z,2026-09-04T21:44:00+0200,38b8bb2e-e325-47df-93a9-09dcd899994c,2026-08-31T09:15:00Z,2026-08-31T11:15:00+0200,2888.96,MW,NL,NL,actual_offshore_wind_generation,Wind Offshore | Actual Aggregated,2026-09-04T19:46:09Z
2026-09-04T19:44:00Z,2026-09-04T21:44:00+0200,38b8bb2e-e325-47df-93a9-09dcd899994c,2026-08-31T09:15:00Z,2026-08-31T11:15:00+0200,1.985,MW,NL,NL,actual_offshore_wind_generation,Wind Offshore | Actual Consumption,2026-09-04T19:46:09Z
2026-09-04T19:44:00Z,2026-09-04T21:44:00+0200,38b8bb2e-e325-47df-93a9-09dcd899994c,2026-08-31T09:30:00Z,2026-08-31T11:30:00+0200,2772.754,MW,NL,NL,actual_offshore_wind_generation,Wind Offshore | Actual Aggregated,2026-09-04T19:46:09Z
2026-09-04T19:44:00Z,2026-09-04T21:44:00+0200,38b8bb2e-e325-47df-93a9-09dcd899994c,2026-08-31T09:30:00Z,2026-08-31T11:30:00+0200,1.985,MW,NL,NL,actual_offshore_wind_generation,Wind Offshore | Actual Consumption,2026-09-04T19:46:09Z
2026-09-04T19:44:00Z,2026-09-04T21:44:00+0200,38b8bb2e-e325-47df-93a9-09dcd899994c,2026-08-31T09:45:00Z,2026-08-31T11:45:00+0200,3011.752,MW,NL,NL,actual_offshore_wind_generation,Wind Offshore | Actual Aggregated,2026-09-04T19:46:09Z
2026-09-04T19:44:00Z,2026-09-04T21:44:00+0200,38b8bb2e-e325-47df-93a9-09dcd899994c,2026-08-31T09:45:00Z,2026-08-31T11:45:00+0200,1.99,MW,NL,NL,actual_offshore_wind_generation,Wind Offshore | Actual Consumption,2026-09-04T19:46:09Z
2026-09-04T19:44:00Z,2026-09-04T21:44:00+0200,38b8bb2e-e325-47df-93a9-09dcd899994c,2026-08-31T10:00:00Z,2026-08-31T12:00:00+0200,3139.211,MW,NL,NL,actual_offshore_wind_generation,Wind Offshore | Actual Aggregated,2026-09-04T19:46:09Z
2026-09-04T19:44:00Z,2026-09-04T21:44:00+0200,38b8bb2e-e325-47df-93a9-09dcd899994c,2026-08-31T10:00:00Z,2026-08-31T12:00:00+0200,7.182,MW,NL,NL,actual_offshore_wind_generation,Wind Offshore | Actual Consumption,2026-09-04T19:46:09Z
2026-09-04T19:44:00Z,2026-09-04T21:44:00+0200,38b8bb2e-e325-47df-93a9-09dcd899994c,2026-08-31T10:15:00Z,2026-08-31T12:15:00+0200,3133.139,MW,NL,NL,actual_offshore_wind_generation,Wind Offshore | Actual Aggregated,2026-09-04T19:46:09Z
2026-09-04T19:44:00Z,2026-09-04T21:44:00+0200,38b8bb2e-e325-47df-93a9-09dcd899994c,2026-08-31T10:15:00Z,2026-08-31T12:15:00+0200,2.04,MW,NL,NL,actual_offshore_wind_generation,Wind Offshore | Actual Consumption,2026-09-04T19:46:09Z
2026-09-04T19:44:00Z,2026-09-04T21:44:00+0200,38b8bb2e-e325-47df-93a9-09dcd899994c,2026-08-31T10:30:00Z,2026-08-31T12:30:00+0200,3204.332,MW,NL,NL,actual_offshore_wind_generation,Wind Offshore | Actual Aggregated,2026-09-04T19:46:09Z
2026-09-04T19:44:00Z,2026-09-04T21:44:00+0200,38b8bb2e-e325-47df-93a9-09dcd899994c,2026-08-31T10:30:00Z,2026-08-31T12:30:00+0200,1.995,MW,NL,NL,actual_offshore_wind_generation,Wind Offshore | Actual Consumption,2026-09-04T19:46:09Z
2026-09-04T19:44:00Z,2026-09-04T21:44:00+0200,38b8bb2e-e325-47df-93a9-09dcd899994c,2026-08-31T10:45:00Z,2026-08-31T12:45:00+0200,3306.752,MW,NL,NL,actual_offshore_wind_generation,Wind Offshore | Actual Aggregated,2026-09-04T19:46:09Z
2026-09-04T19:44:00Z,2026-09-04T21:44:00+0200,38b8bb2e-e325-47df-93a9-09dcd899994c,2026-08-31T10:45:00Z,2026-08-31T12:45:00+0200,1.991,MW,NL,NL,actual_offshore_wind_generation,Wind Offshore | Actual Consumption,2026-09-04T19:46:09Z
2026-09-04T19:44:00Z,2026-09-04T21:44:00+0200,38b8bb2e-e325-47df-93a9-09dcd899994c,2026-08-31T11:00:00Z,2026-08-31T13:00:00+0200,3389.599,MW,NL,NL,actual_offshore_wind_generation,Wind Offshore | Actual Aggregated,2026-09-04T19:46:09Z
2026-09-04T19:44:00Z,2026-09-04T21:44:00+0200,38b8bb2e-e325-47df-93a9-09dcd899994c,2026-08-31T11:00:00Z,2026-08-31T13:00:00+0200,7.917,MW,NL,NL,actual_offshore_wind_generation,Wind Offshore | Actual Consumption,2026-09-04T19:46:09Z
2026-09-04T19:44:00Z,2026-09-04T21:44:00+0200,38b8bb2e-e325-47df-93a9-09dcd899994c,2026-08-31T11:15:00Z,2026-08-31T13:15:00+0200,3348.729,MW,NL,NL,actual_offshore_wind_generation,Wind Offshore | Actual Aggregated,2026-09-04T19:46:09Z
2026-09-04T19:44:00Z,2026-09-04T21:44:00+0200,38b8bb2e-e325-47df-93a9-09dcd899994c,2026-08-31T11:15:00Z,2026-08-31T13:15:00+0200,17.074,MW,NL,NL,actual_offshore_wind_generation,Wind Offshore | Actual Consumption,2026-09-04T19:46:09Z
2026-09-04T19:44:00Z,2026-09-04T21:44:00+0200,38b8bb2e-e325-47df-93a9-09dcd899994c,2026-08-31T11:30:00Z,2026-08-31T13:30:00+0200,3342.393,MW,NL,NL,actual_offshore_wind_generation,Wind Offshore | Actual Aggregated,2026-09-04T19:46:09Z
2026-09-04T19:44:00Z,2026-09-04T21:44:00+0200,38b8bb2e-e325-47df-93a9-09dcd899994c,2026-08-31T11:30:00Z,2026-08-31T13:30:00+0200,15.917,MW,NL,NL,actual_offshore_wind_generation,Wind Offshore | Actual Consumption,2026-09-04T19:46:09Z
2026-09-04T19:44:00Z,2026-09-04T21:44:00+0200,38b8bb2e-e325-47df-93a9-09dcd899994c,2026-08-31T11:45:00Z,2026-08-31T13:45:00+0200,3353.646,MW,NL,NL,actual_offshore_wind_generation,Wind Offshore | Actual Aggregated,2026-09-04T19:46:09Z
2026-09-04T19:44:00Z,2026-09-04T21:44:00+0200,38b8bb2e-e325-47df-93a9-09dcd899994c,2026-08-31T11:45:00Z,2026-08-31T13:45:00+0200,7.885,MW,NL,NL,actual_offshore_wind_generation,Wind Offshore | Actual Consumption,2026-09-04T19:46:09Z
2026-09-04T19:44:00Z,2026-09-04T21:44:00+0200,38b8bb2e-e325-47df-93a9-09dcd899994c,2026-08-31T12:00:00Z,2026-08-31T14:00:00+0200,3621.474,MW,NL,NL,actual_offshore_wind_generation,Wind Offshore | Actual Aggregated,2026-09-04T19:46:09Z
2026-09-04T19:44:00Z,2026-09-04T21:44:00+0200,38b8bb2e-e325-47df-93a9-09dcd899994c,2026-08-31T12:00:00Z,2026-08-31T14:00:00+0200,12.814,MW,NL,NL,actual_offshore_wind_generation,Wind Offshore | Actual Consumption,2026-09-04T19:46:09Z
2026-09-04T19:44:00Z,2026-09-04T21:44:00+0200,38b8bb2e-e325-47df-93a9-09dcd899994c,2026-08-31T12:15:00Z,2026-08-31T14:15:00+0200,3402.038,MW,NL,NL,actual_offshore_wind_generation,Wind Offshore | Actual Aggregated,2026-09-04T19:46:09Z
2026-09-04T19:44:00Z,2026-09-04T21:44:00+0200,38b8bb2e-e325-47df-93a9-09dcd899994c,2026-08-31T12:15:00Z,2026-08-31T14:15:00+0200,13.52,MW,NL,NL,actual_offshore_wind_generation,Wind Offshore | Actual Consumption,2026-09-04T19:46:09Z
2026-09-04T19:44:00Z,2026-09-04T21:44:00+0200,38b8bb2e-e325-47df-93a9-09dcd899994c,2026-08-31T12:30:00Z,2026-08-31T14:30:00+0200,3459.342,MW,NL,NL,actual_offshore_wind_generation,Wind Offshore | Actual Aggregated,2026-09-04T19:46:09Z
2026-09-04T19:44:00Z,2026-09-04T21:44:00+0200,38b8bb2e-e325-47df-93a9-09dcd899994c,2026-08-31T12:30:00Z,2026-08-31T14:30:00+0200,13.283,MW,NL,NL,actual_offshore_wind_generation,Wind Offshore | Actual Consumption,2026-09-04T19:46:09Z
2026-09-04T19:44:00Z,2026-09-04T21:44:00+0200,38b8bb2e-e325-47df-93a9-09dcd899994c,2026-08-31T12:45:00Z,2026-08-31T14:45:00+0200,3626.624,MW,NL,NL,actual_offshore_wind_generation,Wind Offshore | Actual Aggregated,2026-09-04T19:46:09Z
2026-09-04T19:44:00Z,2026-09-04T21:44:00+0200,38b8bb2e-e325-47df-93a9-09dcd899994c,2026-08-31T12:45:00Z,2026-08-31T14:45:00+0200,4.057,MW,NL,NL,actual_offshore_wind_generation,Wind Offshore | Actual Consumption,2026-09-04T19:46:09Z
2026-09-04T19:44:00Z,2026-09-04T21:44:00+0200,38b8bb2e-e325-47df-93a9-09dcd899994c,2026-08-31T13:00:00Z,2026-08-31T15:00:00+0200,3426.467,MW,NL,NL,actual_offshore_wind_generation,Wind Offshore | Actual Aggregated,2026-09-04T19:46:09Z
2026-09-04T19:44:00Z,2026-09-04T21:44:00+0200,38b8bb2e-e325-47df-93a9-09dcd899994c,2026-08-31T13:00:00Z,2026-08-31T15:00:00+0200,7.568,MW,NL,NL,actual_offshore_wind_generation,Wind Offshore | Actual Consumption,2026-09-04T19:46:09Z
2026-09-04T19:44:00Z,2026-09-04T21:44:00+0200,38b8bb2e-e325-47df-93a9-09dcd899994c,2026-08-31T13:15:00Z,2026-08-31T15:15:00+0200,3498.222,MW,NL,NL,actual_offshore_wind_generation,Wind Offshore | Actual Aggregated,2026-09-04T19:46:09Z
2026-09-04T19:44:00Z,2026-09-04T21:44:00+0200,38b8bb2e-e325-47df-93a9-09dcd899994c,2026-08-31T13:15:00Z,2026-08-31T15:15:00+0200,3.175,MW,NL,NL,actual_offshore_wind_generation,Wind Offshore | Actual Consumption,2026-09-04T19:46:09Z
2026-09-04T19:44:00Z,2026-09-04T21:44:00+0200,38b8bb2e-e325-47df-93a9-09dcd899994c,2026-08-31T13:30:00Z,2026-08-31T15:30:00+0200,3458.82,MW,NL,NL,actual_offshore_wind_generation,Wind Offshore | Actual Aggregated,2026-09-04T19:46:09Z
2026-09-04T19:44:00Z,2026-09-04T21:44:00+0200,38b8bb2e-e325-47df-93a9-09dcd899994c,2026-08-31T13:30:00Z,2026-08-31T15:30:00+0200,20.82,MW,NL,NL,actual_offshore_wind_generation,Wind Offshore | Actual Consumption,2026-09-04T19:46:09Z
2026-09-04T19:44:00Z,2026-09-04T21:44:00+0200,38b8bb2e-e325-47df-93a9-09dcd899994c,2026-08-31T13:45:00Z,2026-08-31T15:45:00+0200,3597.625,MW,NL,NL,actual_offshore_wind_generation,Wind Offshore | Actual Aggregated,2026-09-04T19:46:09Z
2026-09-04T19:44:00Z,2026-09-04T21:44:00+0200,38b8bb2e-e325-47df-93a9-09dcd899994c,2026-08-31T13:45:00Z,2026-08-31T15:45:00+0200,17.807,MW,NL,NL,actual_offshore_wind_generation,Wind Offshore | Actual Consumption,2026-09-04T19:46:09Z
2026-09-04T19:44:00Z,2026-09-04T21:44:00+0200,38b8bb2e-e325-47df-93a9-09dcd899994c,2026-08-31T14:00:00Z,2026-08-31T16:00:00+0200,3583.18,MW,NL,NL,actual_offshore_wind_generation,Wind Offshore | Actual Aggregated,2026-09-04T19:46:09Z
2026-09-04T19:44:00Z,2026-09-04T21:44:00+0200,38b8bb2e-e325-47df-93a9-09dcd899994c,2026-08-31T14:00:00Z,2026-08-31T16:00:00+0200,7.23,MW,NL,NL,actual_offshore_wind_generation,Wind Offshore | Actual Consumption,2026-09-04T19:46:09Z
2026-09-04T19:44:00Z,2026-09-04T21:44:00+0200,38b8bb2e-e325-47df-93a9-09dcd899994c,2026-08-31T14:15:00Z,2026-08-31T16:15:00+0200,3508.268,MW,NL,NL,actual_offshore_wind_generation,Wind Offshore | Actual Aggregated,2026-09-04T19:46:09Z
2026-09-04T19:44:00Z,2026-09-04T21:44:00+0200,38b8bb2e-e325-47df-93a9-09dcd899994c,2026-08-31T14:15:00Z,2026-08-31T16:15:00+0200,8.129,MW,NL,NL,actual_offshore_wind_generation,Wind Offshore | Actual Consumption,2026-09-04T19:46:09Z
2026-09-04T19:44:00Z,2026-09-04T21:44:00+0200,38b8bb2e-e325-47df-93a9-09dcd899994c,2026-08-31T14:30:00Z,2026-08-31T16:30:00+0200,3422.181,MW,NL,NL,actual_offshore_wind_generation,Wind Offshore | Actual Aggregated,2026-09-04T19:46:09Z
2026-09-04T19:44:00Z,2026-09-04T21:44:00+0200,38b8bb2e-e325-47df-93a9-09dcd899994c,2026-08-31T14:30:00Z,2026-08-31T16:30:00+0200,13.384,MW,NL,NL,actual_offshore_wind_generation,Wind Offshore | Actual Consumption,2026-09-04T19:46:09Z
2026-09-04T19:44:00Z,2026-09-04T21:44:00+0200,38b8bb2e-e325-47df-93a9-09dcd899994c,2026-08-31T14:45:00Z,2026-08-31T16:45:00+0200,3405.729,MW,NL,NL,actual_offshore_wind_generation,Wind Offshore | Actual Aggregated,2026-09-04T19:46:09Z
2026-09-04T19:44:00Z,2026-09-04T21:44:00+0200,38b8bb2e-e325-47df-93a9-09dcd899994c,2026-08-31T14:45:00Z,2026-08-31T16:45:00+0200,4.665,MW,NL,NL,actual_offshore_wind_generation,Wind Offshore | Actual Consumption,2026-09-04T19:46:09Z
2026-09-04T19:44:00Z,2026-09-04T21:44:00+0200,38b8bb2e-e325-47df-93a9-09dcd899994c,2026-08-31T15:00:00Z,2026-08-31T17:00:00+0200,3314.149,MW,NL,NL,actual_offshore_wind_generation,Wind Offshore | Actual Aggregated,2026-09-04T19:46:09Z
2026-09-04T19:44:00Z,2026-09-04T21:44:00+0200,38b8bb2e-e325-47df-93a9-09dcd899994c,2026-08-31T15:00:00Z,2026-08-31T17:00:00+0200,9.63,MW,NL,NL,actual_offshore_wind_generation,Wind Offshore | Actual Consumption,2026-09-04T19:46:09Z
2026-09-04T19:44:00Z,2026-09-04T21:44:00+0200,38b8bb2e-e325-47df-93a9-09dcd899994c,2026-08-31T15:15:00Z,2026-08-31T17:15:00+0200,3301.916,MW,NL,NL,actual_offshore_wind_generation,Wind Offshore | Actual Aggregated,2026-09-04T19:46:09Z
2026-09-04T19:44:00Z,2026-09-04T21:44:00+0200,38b8bb2e-e325-47df-93a9-09dcd899994c,2026-08-31T15:15:00Z,2026-08-31T17:15:00+0200,11.815,MW,NL,NL,actual_offshore_wind_generation,Wind Offshore | Actual Consumption,2026-09-04T19:46:09Z
2026-09-04T19:44:00Z,2026-09-04T21:44:00+0200,38b8bb2e-e325-47df-93a9-09dcd899994c,2026-08-31T15:30:00Z,2026-08-31T17:30:00+0200,3169.085,MW,NL,NL,actual_offshore_wind_generation,Wind Offshore | Actual Aggregated,2026-09-04T19:46:09Z
2026-09-04T19:44:00Z,2026-09-04T21:44:00+0200,38b8bb2e-e325-47df-93a9-09dcd899994c,2026-08-31T15:30:00Z,2026-08-31T17:30:00+0200,10.517,MW,NL,NL,actual_offshore_wind_generation,Wind Offshore | Actual Consumption,2026-09-04T19:46:09Z
2026-09-04T19:44:00Z,2026-09-04T21:44:00+0200,38b8bb2e-e325-47df-93a9-09dcd899994c,2026-08-31T15:45:00Z,2026-08-31T17:45:00+0200,3027.375,MW,NL,NL,actual_offshore_wind_generation,Wind Offshore | Actual Aggregated,2026-09-04T19:46:09Z
2026-09-04T19:44:00Z,2026-09-04T21:44:00+0200,38b8bb2e-e325-47df-93a9-09dcd899994c,2026-08-31T15:45:00Z,2026-08-31T17:45:00+0200,10.963,MW,NL,NL,actual_offshore_wind_generation,Wind Offshore | Actual Consumption,2026-09-04T19:46:09Z
2026-09-04T19:44:00Z,2026-09-04T21:44:00+0200,38b8bb2e-e325-47df-93a9-09dcd899994c,2026-08-31T16:00:00Z,2026-08-31T18:00:00+0200,3083.635,MW,NL,NL,actual_offshore_wind_generation,Wind Offshore | Actual Aggregated,2026-09-04T19:46:09Z
2026-09-04T19:44:00Z,2026-09-04T21:44:00+0200,38b8bb2e-e325-47df-93a9-09dcd899994c,2026-08-31T16:00:00Z,2026-08-31T18:00:00+0200,8.571,MW,NL,NL,actual_offshore_wind_generation,Wind Offshore | Actual Consumption,2026-09-04T19:46:09Z
2026-09-04T19:44:00Z,2026-09-04T21:44:00+0200,38b8bb2e-e325-47df-93a9-09dcd899994c,2026-08-31T16:15:00Z,2026-08-31T18:15:00+0200,2993.22,MW,NL,NL,actual_offshore_wind_generation,Wind Offshore | Actual Aggregated,2026-09-04T19:46:09Z
2026-09-04T19:44:00Z,2026-09-04T21:44:00+0200,38b8bb2e-e325-47df-93a9-09dcd899994c,2026-08-31T16:15:00Z,2026-08-31T18:15:00+0200,8.029,MW,NL,NL,actual_offshore_wind_generation,Wind Offshore | Actual Consumption,2026-09-04T19:46:09Z
2026-09-04T19:44:00Z,2026-09-04T21:44:00+0200,38b8bb2e-e325-47df-93a9-09dcd899994c,2026-08-31T16:30:00Z,2026-08-31T18:30:00+0200,2921.807,MW,NL,NL,actual_offshore_wind_generation,Wind Offshore | Actual Aggregated,2026-09-04T19:46:09Z
2026-09-04T19:44:00Z,2026-09-04T21:44:00+0200,38b8bb2e-e325-47df-93a9-09dcd899994c,2026-08-31T16:30:00Z,2026-08-31T18:30:00+0200,7.279,MW,NL,NL,actual_offshore_wind_generation,Wind Offshore | Actual Consumption,2026-09-04T19:46:09Z
2026-09-04T19:44:00Z,2026-09-04T21:44:00+0200,38b8bb2e-e325-47df-93a9-09dcd899994c,2026-08-31T16:45:00Z,2026-08-31T18:45:00+0200,2873.497,MW,NL,NL,actual_offshore_wind_generation,Wind Offshore | Actual Aggregated,2026-09-04T19:46:09Z
2026-09-04T19:44:00Z,2026-09-04T21:44:00+0200,38b8bb2e-e325-47df-93a9-09dcd899994c,2026-08-31T16:45:00Z,2026-08-31T18:45:00+0200,7.405,MW,NL,NL,actual_offshore_wind_generation,Wind Offshore | Actual Consumption,2026-09-04T19:46:09Z
2026-09-04T19:44:00Z,2026-09-04T21:44:00+0200,38b8bb2e-e325-47df-93a9-09dcd899994c,2026-08-31T17:00:00Z,2026-08-31T19:00:00+0200,2786.471,MW,NL,NL,actual_offshore_wind_generation,Wind Offshore | Actual Aggregated,2026-09-04T19:46:09Z
2026-09-04T19:44:00Z,2026-09-04T21:44:00+0200,38b8bb2e-e325-47df-93a9-09dcd899994c,2026-08-31T17:00:00Z,2026-08-31T19:00:00+0200,6.823,MW,NL,NL,actual_offshore_wind_generation,Wind Offshore | Actual Consumption,2026-09-04T19:46:09Z
2026-09-04T19:44:00Z,2026-09-04T21:44:00+0200,38b8bb2e-e325-47df-93a9-09dcd899994c,2026-08-31T17:15:00Z,2026-08-31T19:15:00+0200,2743.911,MW,NL,NL,actual_offshore_wind_generation,Wind Offshore | Actual Aggregated,2026-09-04T19:46:09Z
2026-09-04T19:44:00Z,2026-09-04T21:44:00+0200,38b8bb2e-e325-47df-93a9-09dcd899994c,2026-08-31T17:15:00Z,2026-08-31T19:15:00+0200,7.172,MW,NL,NL,actual_offshore_wind_generation,Wind Offshore | Actual Consumption,2026-09-04T19:46:09Z
2026-09-04T19:44:00Z,2026-09-04T21:44:00+0200,38b8bb2e-e325-47df-93a9-09dcd899994c,2026-08-31T17:30:00Z,2026-08-31T19:30:00+0200,2662.372,MW,NL,NL,actual_offshore_wind_generation,Wind Offshore | Actual Aggregated,2026-09-04T19:46:09Z
2026-09-04T19:44:00Z,2026-09-04T21:44:00+0200,38b8bb2e-e325-47df-93a9-09dcd899994c,2026-08-31T17:30:00Z,2026-08-31T19:30:00+0200,5.524,MW,NL,NL,actual_offshore_wind_generation,Wind Offshore | Actual Consumption,2026-09-04T19:46:09Z
2026-09-04T19:44:00Z,2026-09-04T21:44:00+0200,38b8bb2e-e325-47df-93a9-09dcd899994c,2026-08-31T17:45:00Z,2026-08-31T19:45:00+0200,2469.229,MW,NL,NL,actual_offshore_wind_generation,Wind Offshore | Actual Aggregated,2026-09-04T19:46:09Z
2026-09-04T19:44:00Z,2026-09-04T21:44:00+0200,38b8bb2e-e325-47df-93a9-09dcd899994c,2026-08-31T17:45:00Z,2026-08-31T19:45:00+0200,5.394,MW,NL,NL,actual_offshore_wind_generation,Wind Offshore | Actual Consumption,2026-09-04T19:46:09Z
2026-09-04T19:44:00Z,2026-09-04T21:44:00+0200,38b8bb2e-e325-47df-93a9-09dcd899994c,2026-08-31T18:00:00Z,2026-08-31T20:00:00+0200,2390.019,MW,NL,NL,actual_offshore_wind_generation,Wind Offshore | Actual Aggregated,2026-09-04T19:46:09Z
2026-09-04T19:44:00Z,2026-09-04T21:44:00+0200,38b8bb2e-e325-47df-93a9-09dcd899994c,2026-08-31T18:00:00Z,2026-08-31T20:00:00+0200,6.95,MW,NL,NL,actual_offshore_wind_generation,Wind Offshore | Actual Consumption,2026-09-04T19:46:09Z
2026-09-04T19:44:00Z,2026-09-04T21:44:00+0200,38b8bb2e-e325-47df-93a9-09dcd899994c,2026-08-31T18:15:00Z,2026-08-31T20:15:00+0200,2289.602,MW,NL,NL,actual_offshore_wind_generation,Wind Offshore | Actual Aggregated,2026-09-04T19:46:09Z
2026-09-04T19:44:00Z,2026-09-04T21:44:00+0200,38b8bb2e-e325-47df-93a9-09dcd899994c,2026-08-31T18:15:00Z,2026-08-31T20:15:00+0200,7.104,MW,NL,NL,actual_offshore_wind_generation,Wind Offshore | Actual Consumption,2026-09-04T19:46:09Z
2026-09-04T19:44:00Z,2026-09-04T21:44:00+0200,38b8bb2e-e325-47df-93a9-09dcd899994c,2026-08-31T18:30:00Z,2026-08-31T20:30:00+0200,2062.686,MW,NL,NL,actual_offshore_wind_generation,Wind Offshore | Actual Aggregated,2026-09-04T19:46:09Z
2026-09-04T19:44:00Z,2026-09-04T21:44:00+0200,38b8bb2e-e325-47df-93a9-09dcd899994c,2026-08-31T18:30:00Z,2026-08-31T20:30:00+0200,6.505,MW,NL,NL,actual_offshore_wind_generation,Wind Offshore | Actual Consumption,2026-09-04T19:46:09Z
2026-09-04T19:44:00Z,2026-09-04T21:44:00+0200,38b8bb2e-e325-47df-93a9-09dcd899994c,2026-08-31T18:45:00Z,2026-08-31T20:45:00+0200,1895.176,MW,NL,NL,actual_offshore_wind_generation,Wind Offshore | Actual Aggregated,2026-09-04T19:46:09Z
2026-09-04T19:44:00Z,2026-09-04T21:44:00+0200,38b8bb2e-e325-47df-93a9-09dcd899994c,2026-08-31T18:45:00Z,2026-08-31T20:45:00+0200,6.78,MW,NL,NL,actual_offshore_wind_generation,Wind Offshore | Actual Consumption,2026-09-04T19:46:09Z
2026-09-04T19:44:00Z,2026-09-04T21:44:00+0200,38b8bb2e-e325-47df-93a9-09dcd899994c,2026-08-31T19:00:00Z,2026-08-31T21:00:00+0200,1624.864,MW,NL,NL,actual_offshore_wind_generation,Wind Offshore | Actual Aggregated,2026-09-04T19:46:09Z
2026-09-04T19:44:00Z,2026-09-04T21:44:00+0200,38b8bb2e-e325-47df-93a9-09dcd899994c,2026-08-31T19:00:00Z,2026-08-31T21:00:00+0200,7.246,MW,NL,NL,actual_offshore_wind_generation,Wind Offshore | Actual Consumption,2026-09-04T19:46:09Z
2026-09-04T19:44:00Z,2026-09-04T21:44:00+0200,38b8bb2e-e325-47df-93a9-09dcd899994c,2026-08-31T19:15:00Z,2026-08-31T21:15:00+0200,1456.457,MW,NL,NL,actual_offshore_wind_generation,Wind Offshore | Actual Aggregated,2026-09-04T19:46:09Z
2026-09-04T19:44:00Z,2026-09-04T21:44:00+0200,38b8bb2e-e325-47df-93a9-09dcd899994c,2026-08-31T19:15:00Z,2026-08-31T21:15:00+0200,6.252,MW,NL,NL,actual_offshore_wind_generation,Wind Offshore | Actual Consumption,2026-09-04T19:46:09Z
2026-09-04T19:44:00Z,2026-09-04T21:44:00+0200,38b8bb2e-e325-47df-93a9-09dcd899994c,2026-08-31T19:30:00Z,2026-08-31T21:30:00+0200,1308.078,MW,NL,NL,actual_offshore_wind_generation,Wind Offshore | Actual Aggregated,2026-09-04T19:46:09Z
2026-09-04T19:44:00Z,2026-09-04T21:44:00+0200,38b8bb2e-e325-47df-93a9-09dcd899994c,2026-08-31T19:30:00Z,2026-08-31T21:30:00+0200,6.445,MW,NL,NL,actual_offshore_wind_generation,Wind Offshore | Actual Consumption,2026-09-04T19:46:09Z
2026-09-04T19:44:00Z,2026-09-04T21:44:00+0200,38b8bb2e-e325-47df-93a9-09dcd899994c,2026-08-31T19:45:00Z,2026-08-31T21:45:00+0200,1219.791,MW,NL,NL,actual_offshore_wind_generation,Wind Offshore | Actual Aggregated,2026-09-04T19:46:09Z
2026-09-04T19:44:00Z,2026-09-04T21:44:00+0200,38b8bb2e-e325-47df-93a9-09dcd899994c,2026-08-31T19:45:00Z,2026-08-31T21:45:00+0200,6.124,MW,NL,NL,actual_offshore_wind_generation,Wind Offshore | Actual Consumption,2026-09-04T19:46:09Z
2026-09-04T19:44:00Z,2026-09-04T21:44:00+0200,38b8bb2e-e325-47df-93a9-09dcd899994c,2026-08-31T20:00:00Z,2026-08-31T22:00:00+0200,1186.549,MW,NL,NL,actual_offshore_wind_generation,Wind Offshore | Actual Aggregated,2026-09-04T19:46:09Z
2026-09-04T19:44:00Z,2026-09-04T21:44:00+0200,38b8bb2e-e325-47df-93a9-09dcd899994c,2026-08-31T20:00:00Z,2026-08-31T22:00:00+0200,6.685,MW,NL,NL,actual_offshore_wind_generation,Wind Offshore | Actual Consumption,2026-09-04T19:46:09Z
2026-09-04T19:44:00Z,2026-09-04T21:44:00+0200,38b8bb2e-e325-47df-93a9-09dcd899994c,2026-08-31T20:15:00Z,2026-08-31T22:15:00+0200,1277.709,MW,NL,NL,actual_offshore_wind_generation,Wind Offshore | Actual Aggregated,2026-09-04T19:46:09Z
2026-09-04T19:44:00Z,2026-09-04T21:44:00+0200,38b8bb2e-e325-47df-93a9-09dcd899994c,2026-08-31T20:15:00Z,2026-08-31T22:15:00+0200,8.611,MW,NL,NL,actual_offshore_wind_generation,Wind Offshore | Actual Consumption,2026-09-04T19:46:09Z
2026-09-04T19:44:00Z,2026-09-04T21:44:00+0200,38b8bb2e-e325-47df-93a9-09dcd899994c,2026-08-31T20:30:00Z,2026-08-31T22:30:00+0200,1423.439,MW,NL,NL,actual_offshore_wind_generation,Wind Offshore | Actual Aggregated,2026-09-04T19:46:09Z
2026-09-04T19:44:00Z,2026-09-04T21:44:00+0200,38b8bb2e-e325-47df-93a9-09dcd899994c,2026-08-31T20:30:00Z,2026-08-31T22:30:00+0200,6.885,MW,NL,NL,actual_offshore_wind_generation,Wind Offshore | Actual Consumption,2026-09-04T19:46:09Z
2026-09-04T19:44:00Z,2026-09-04T21:44:00+0200,38b8bb2e-e325-47df-93a9-09dcd899994c,2026-08-31T20:45:00Z,2026-08-31T22:45:00+0200,1287.26,MW,NL,NL,actual_offshore_wind_generation,Wind Offshore | Actual Aggregated,2026-09-04T19:46:09Z
2026-09-04T19:44:00Z,2026-09-04T21:44:00+0200,38b8bb2e-e325-47df-93a9-09dcd899994c,2026-08-31T20:45:00Z,2026-08-31T22:45:00+0200,5.871,MW,NL,NL,actual_offshore_wind_generation,Wind Offshore | Actual Consumption,2026-09-04T19:46:09Z
2026-09-04T19:44:00Z,2026-09-04T21:44:00+0200,38b8bb2e-e325-47df-93a9-09dcd899994c,2026-08-31T21:00:00Z,2026-08-31T23:00:00+0200,1122.243,MW,NL,NL,actual_offshore_wind_generation,Wind Offshore | Actual Aggregated,2026-09-04T19:46:09Z
2026-09-04T19:44:00Z,2026-09-04T21:44:00+0200,38b8bb2e-e325-47df-93a9-09dcd899994c,2026-08-31T21:00:00Z,2026-08-31T23:00:00+0200,3.577,MW,NL,NL,actual_offshore_wind_generation,Wind Offshore | Actual Consumption,2026-09-04T19:46:09Z
2026-09-04T19:44:00Z,2026-09-04T21:44:00+0200,38b8bb2e-e325-47df-93a9-09dcd899994c,2026-08-31T21:15:00Z,2026-08-31T23:15:00+0200,1111.86,MW,NL,NL,actual_offshore_wind_generation,Wind Offshore | Actual Aggregated,2026-09-04T19:46:09Z
2026-09-04T19:44:00Z,2026-09-04T21:44:00+0200,38b8bb2e-e325-47df-93a9-09dcd899994c,2026-08-31T21:15:00Z,2026-08-31T23:15:00+0200,3.139,MW,NL,NL,actual_offshore_wind_generation,Wind Offshore | Actual Consumption,2026-09-04T19:46:09Z
2026-09-04T19:44:00Z,2026-09-04T21:44:00+0200,38b8bb2e-e325-47df-93a9-09dcd899994c,2026-08-31T21:30:00Z,2026-08-31T23:30:00+0200,1176.211,MW,NL,NL,actual_offshore_wind_generation,Wind Offshore | Actual Aggregated,2026-09-04T19:46:09Z
2026-09-04T19:44:00Z,2026-09-04T21:44:00+0200,38b8bb2e-e325-47df-93a9-09dcd899994c,2026-08-31T21:30:00Z,2026-08-31T23:30:00+0200,1.63,MW,NL,NL,actual_offshore_wind_generation,Wind Offshore | Actual Consumption,2026-09-04T19:46:09Z
2026-09-04T19:44:00Z,2026-09-04T21:44:00+0200,38b8bb2e-e325-47df-93a9-09dcd899994c,2026-08-31T21:45:00Z,2026-08-31T23:45:00+0200,1269.826,MW,NL,NL,actual_offshore_wind_generation,Wind Offshore | Actual Aggregated,2026-09-04T19:46:09Z
2026-09-04T19:44:00Z,2026-09-04T21:44:00+0200,38b8bb2e-e325-47df-93a9-09dcd899994c,2026-08-31T21:45:00Z,2026-08-31T23:45:00+0200,2.935,MW,NL,NL,actual_offshore_wind_generation,Wind Offshore | Actual Consumption,2026-09-04T19:46:09Z
2026-09-04T19:44:00Z,2026-09-04T21:44:00+0200,38b8bb2e-e325-47df-93a9-09dcd899994c,2026-08-31T22:00:00Z,2026-09-01T00:00:00+0200,1423.278,MW,NL,NL,actual_offshore_wind_generation,Wind Offshore | Actual Aggregated,2026-09-04T19:46:09Z
2026-09-04T19:44:00Z,2026-09-04T21:44:00+0200,38b8bb2e-e325-47df-93a9-09dcd899994c,2026-08-31T22:00:00Z,2026-09-01T00:00:00+0200,1.348,MW,NL,NL,actual_offshore_wind_generation,Wind Offshore | Actual Consumption,2026-09-04T19:46:09Z
2026-09-04T19:44:00Z,2026-09-04T21:44:00+0200,38b8bb2e-e325-47df-93a9-09dcd899994c,2026-08-31T22:15:00Z,2026-09-01T00:15:00+0200,1510.644,MW,NL,NL,actual_offshore_wind_generation,Wind Offshore | Actual Aggregated,2026-09-04T19:46:09Z
2026-09-04T19:44:00Z,2026-09-04T21:44:00+0200,38b8bb2e-e325-47df-93a9-09dcd899994c,2026-08-31T22:15:00Z,2026-09-01T00:15:00+0200,2.165,MW,NL,NL,actual_offshore_wind_generation,Wind Offshore | Actual Consumption,2026-09-04T19:46:09Z
2026-09-04T19:44:00Z,2026-09-04T21:44:00+0200,38b8bb2e-e325-47df-93a9-09dcd899994c,2026-08-31T22:30:00Z,2026-09-01T00:30:00+0200,1489.163,MW,NL,NL,actual_offshore_wind_generation,Wind Offshore | Actual Aggregated,2026-09-04T19:46:09Z
2026-09-04T19:44:00Z,2026-09-04T21:44:00+0200,38b8bb2e-e325-47df-93a9-09dcd899994c,2026-08-31T22:30:00Z,2026-09-01T00:30:00+0200,2.033,MW,NL,NL,actual_offshore_wind_generation,Wind Offshore | Actual Consumption,2026-09-04T19:46:09Z
2026-09-04T19:44:00Z,2026-09-04T21:44:00+0200,38b8bb2e-e325-47df-93a9-09dcd899994c,2026-08-31T22:45:00Z,2026-09-01T00:45:00+0200,1626.738,MW,NL,NL,actual_offshore_wind_generation,Wind Offshore | Actual Aggregated,2026-09-04T19:46:09Z
2026-09-04T19:44:00Z,2026-09-04T21:44:00+0200,38b8bb2e-e325-47df-93a9-09dcd899994c,2026-08-31T22:45:00Z,2026-09-01T00:45:00+0200,2.253,MW,NL,NL,actual_offshore_wind_generation,Wind Offshore | Actual Consumption,2026-09-04T19:46:09Z
2026-09-04T19:44:00Z,2026-09-04T21:44:00+0200,38b8bb2e-e325-47df-93a9-09dcd899994c,2026-08-31T23:00:00Z,2026-09-01T01:00:00+0200,1732.59,MW,NL,NL,actual_offshore_wind_generation,Wind Offshore | Actual Aggregated,2026-09-04T19:46:09Z
2026-09-04T19:44:00Z,2026-09-04T21:44:00+0200,38b8bb2e-e325-47df-93a9-09dcd899994c,2026-08-31T23:00:00Z,2026-09-01T01:00:00+0200,4.177,MW,NL,NL,actual_offshore_wind_generation,Wind Offshore | Actual Consumption,2026-09-04T19:46:09Z
2026-09-04T19:44:00Z,2026-09-04T21:44:00+0200,38b8bb2e-e325-47df-93a9-09dcd899994c,2026-08-31T23:15:00Z,2026-09-01T01:15:00+0200,1827.604,MW,NL,NL,actual_offshore_wind_generation,Wind Offshore | Actual Aggregated,2026-09-04T19:46:09Z
2026-09-04T19:44:00Z,2026-09-04T21:44:00+0200,38b8bb2e-e325-47df-93a9-09dcd899994c,2026-08-31T23:15:00Z,2026-09-01T01:15:00+0200,6.115,MW,NL,NL,actual_offshore_wind_generation,Wind Offshore | Actual Consumption,2026-09-04T19:46:09Z
2026-09-04T19:44:00Z,2026-09-04T21:44:00+0200,38b8bb2e-e325-47df-93a9-09dcd899994c,2026-08-31T23:30:00Z,2026-09-01T01:30:00+0200,1955.945,MW,NL,NL,actual_offshore_wind_generation,Wind Offshore | Actual Aggregated,2026-09-04T19:46:09Z
2026-09-04T19:44:00Z,2026-09-04T21:44:00+0200,38b8bb2e-e325-47df-93a9-09dcd899994c,2026-08-31T23:30:00Z,2026-09-01T01:30:00+0200,7.14,MW,NL,NL,actual_offshore_wind_generation,Wind Offshore | Actual Consumption,2026-09-04T19:46:09Z
2026-09-04T19:44:00Z,2026-09-04T21:44:00+0200,38b8bb2e-e325-47df-93a9-09dcd899994c,2026-08-31T23:45:00Z,2026-09-01T01:45:00+0200,2087.192,MW,NL,NL,actual_offshore_wind_generation,Wind Offshore | Actual Aggregated,2026-09-04T19:46:09Z
2026-09-04T19:44:00Z,2026-09-04T21:44:00+0200,38b8bb2e-e325-47df-93a9-09dcd899994c,2026-08-31T23:45:00Z,2026-09-01T01:45:00+0200,8.643,MW,NL,NL,actual_offshore_wind_generation,Wind Offshore | Actual Consumption,2026-09-04T19:46:09Z
2026-09-04T19:44:00Z,2026-09-04T21:44:00+0200,38b8bb2e-e325-47df-93a9-09dcd899994c,2026-09-01T00:00:00Z,2026-09-01T02:00:00+0200,2124.473,MW,NL,NL,actual_offshore_wind_generation,Wind Offshore | Actual Aggregated,2026-09-04T19:46:09Z
2026-09-04T19:44:00Z,2026-09-04T21:44:00+0200,38b8bb2e-e325-47df-93a9-09dcd899994c,2026-09-01T00:00:00Z,2026-09-01T02:00:00+0200,7.985,MW,NL,NL,actual_offshore_wind_generation,Wind Offshore | Actual Consumption,2026-09-04T19:46:09Z
2026-09-04T19:44:00Z,2026-09-04T21:44:00+0200,38b8bb2e-e325-47df-93a9-09dcd899994c,2026-09-01T00:15:00Z,2026-09-01T02:15:00+0200,2113.41,MW,NL,NL,actual_offshore_wind_generation,Wind Offshore | Actual Aggregated,2026-09-04T19:46:09Z
2026-09-04T19:44:00Z,2026-09-04T21:44:00+0200,38b8bb2e-e325-47df-93a9-09dcd899994c,2026-09-01T00:15:00Z,2026-09-01T02:15:00+0200,7.339,MW,NL,NL,actual_offshore_wind_generation,Wind Offshore | Actual Consumption,2026-09-04T19:46:09Z
2026-09-04T19:44:00Z,2026-09-04T21:44:00+0200,38b8bb2e-e325-47df-93a9-09dcd899994c,2026-09-01T00:30:00Z,2026-09-01T02:30:00+0200,1933.314,MW,NL,NL,actual_offshore_wind_generation,Wind Offshore | Actual Aggregated,2026-09-04T19:46:09Z
2026-09-04T19:44:00Z,2026-09-04T21:44:00+0200,38b8bb2e-e325-47df-93a9-09dcd899994c,2026-09-01T00:30:00Z,2026-09-01T02:30:00+0200,6.725,MW,NL,NL,actual_offshore_wind_generation,Wind Offshore | Actual Consumption,2026-09-04T19:46:09Z
2026-09-04T19:44:00Z,2026-09-04T21:44:00+0200,38b8bb2e-e325-47df-93a9-09dcd899994c,2026-09-01T00:45:00Z,2026-09-01T02:45:00+0200,1850.819,MW,NL,NL,actual_offshore_wind_generation,Wind Offshore | Actual Aggregated,2026-09-04T19:46:09Z
2026-09-04T19:44:00Z,2026-09-04T21:44:00+0200,38b8bb2e-e325-47df-93a9-09dcd899994c,2026-09-01T00:45:00Z,2026-09-01T02:45:00+0200,7.397,MW,NL,NL,actual_offshore_wind_generation,Wind Offshore | Actual Consumption,2026-09-04T19:46:09Z
2026-09-04T19:44:00Z,2026-09-04T21:44:00+0200,38b8bb2e-e325-47df-93a9-09dcd899994c,2026-09-01T01:00:00Z,2026-09-01T03:00:00+0200,1726.325,MW,NL,NL,actual_offshore_wind_generation,Wind Offshore | Actual Aggregated,2026-09-04T19:46:09Z
2026-09-04T19:44:00Z,2026-09-04T21:44:00+0200,38b8bb2e-e325-47df-93a9-09dcd899994c,2026-09-01T01:00:00Z,2026-09-01T03:00:00+0200,6.192,MW,NL,NL,actual_offshore_wind_generation,Wind Offshore | Actual Consumption,2026-09-04T19:46:09Z
2026-09-04T19:44:00Z,2026-09-04T21:44:00+0200,38b8bb2e-e325-47df-93a9-09dcd899994c,2026-09-01T01:15:00Z,2026-09-01T03:15:00+0200,1570.577,MW,NL,NL,actual_offshore_wind_generation,Wind Offshore | Actual Aggregated,2026-09-04T19:46:09Z
2026-09-04T19:44:00Z,2026-09-04T21:44:00+0200,38b8bb2e-e325-47df-93a9-09dcd899994c,2026-09-01T01:15:00Z,2026-09-01T03:15:00+0200,5.747,MW,NL,NL,actual_offshore_wind_generation,Wind Offshore | Actual Consumption,2026-09-04T19:46:09Z
2026-09-04T19:44:00Z,2026-09-04T21:44:00+0200,38b8bb2e-e325-47df-93a9-09dcd899994c,2026-09-01T01:30:00Z,2026-09-01T03:30:00+0200,1539.339,MW,NL,NL,actual_offshore_wind_generation,Wind Offshore | Actual Aggregated,2026-09-04T19:46:09Z
2026-09-04T19:44:00Z,2026-09-04T21:44:00+0200,38b8bb2e-e325-47df-93a9-09dcd899994c,2026-09-01T01:30:00Z,2026-09-01T03:30:00+0200,5.179,MW,NL,NL,actual_offshore_wind_generation,Wind Offshore | Actual Consumption,2026-09-04T19:46:09Z
2026-09-04T19:44:00Z,2026-09-04T21:44:00+0200,38b8bb2e-e325-47df-93a9-09dcd899994c,2026-09-01T01:45:00Z,2026-09-01T03:45:00+0200,1571.139,MW,NL,NL,actual_offshore_wind_generation,Wind Offshore | Actual Aggregated,2026-09-04T19:46:09Z
2026-09-04T19:44:00Z,2026-09-04T21:44:00+0200,38b8bb2e-e325-47df-93a9-09dcd899994c,2026-09-01T01:45:00Z,2026-09-01T03:45:00+0200,4.974,MW,NL,NL,actual_offshore_wind_generation,Wind Offshore | Actual Consumption,2026-09-04T19:46:09Z
2026-09-04T19:44:00Z,2026-09-04T21:44:00+0200,38b8bb2e-e325-47df-93a9-09dcd899994c,2026-09-01T02:00:00Z,2026-09-01T04:00:00+0200,1491.892,MW,NL,NL,actual_offshore_wind_generation,Wind Offshore | Actual Aggregated,2026-09-04T19:46:09Z
2026-09-04T19:44:00Z,2026-09-04T21:44:00+0200,38b8bb2e-e325-47df-93a9-09dcd899994c,2026-09-01T02:00:00Z,2026-09-01T04:00:00+0200,4.749,MW,NL,NL,actual_offshore_wind_generation,Wind Offshore | Actual Consumption,2026-09-04T19:46:09Z
2026-09-04T19:44:00Z,2026-09-04T21:44:00+0200,38b8bb2e-e325-47df-93a9-09dcd899994c,2026-09-01T02:15:00Z,2026-09-01T04:15:00+0200,1306.566,MW,NL,NL,actual_offshore_wind_generation,Wind Offshore | Actual Aggregated,2026-09-04T19:46:09Z
2026-09-04T19:44:00Z,2026-09-04T21:44:00+0200,38b8bb2e-e325-47df-93a9-09dcd899994c,2026-09-01T02:15:00Z,2026-09-01T04:15:00+0200,4.829,MW,NL,NL,actual_offshore_wind_generation,Wind Offshore | Actual Consumption,2026-09-04T19:46:09Z
2026-09-04T19:44:00Z,2026-09-04T21:44:00+0200,38b8bb2e-e325-47df-93a9-09dcd899994c,2026-09-01T02:30:00Z,2026-09-01T04:30:00+0200,1229.461,MW,NL,NL,actual_offshore_wind_generation,Wind Offshore | Actual Aggregated,2026-09-04T19:46:09Z
2026-09-04T19:44:00Z,2026-09-04T21:44:00+0200,38b8bb2e-e325-47df-93a9-09dcd899994c,2026-09-01T02:30:00Z,2026-09-01T04:30:00+0200,4.317,MW,NL,NL,actual_offshore_wind_generation,Wind Offshore | Actual Consumption,2026-09-04T19:46:09Z
2026-09-04T19:44:00Z,2026-09-04T21:44:00+0200,38b8bb2e-e325-47df-93a9-09dcd899994c,2026-09-01T02:45:00Z,2026-09-01T04:45:00+0200,1299.909,MW,NL,NL,actual_offshore_wind_generation,Wind Offshore | Actual Aggregated,2026-09-04T19:46:09Z
2026-09-04T19:44:00Z,2026-09-04T21:44:00+0200,38b8bb2e-e325-47df-93a9-09dcd899994c,2026-09-01T02:45:00Z,2026-09-01T04:45:00+0200,3.659,MW,NL,NL,actual_offshore_wind_generation,Wind Offshore | Actual Consumption,2026-09-04T19:46:09Z
2026-09-04T19:44:00Z,2026-09-04T21:44:00+0200,38b8bb2e-e325-47df-93a9-09dcd899994c,2026-09-01T03:00:00Z,2026-09-01T05:00:00+0200,1410.02,MW,NL,NL,actual_offshore_wind_generation,Wind Offshore | Actual Aggregated,2026-09-04T19:46:09Z
2026-09-04T19:44:00Z,2026-09-04T21:44:00+0200,38b8bb2e-e325-47df-93a9-09dcd899994c,2026-09-01T03:00:00Z,2026-09-01T05:00:00+0200,3.232,MW,NL,NL,actual_offshore_wind_generation,Wind Offshore | Actual Consumption,2026-09-04T19:46:09Z
2026-09-04T19:44:00Z,2026-09-04T21:44:00+0200,38b8bb2e-e325-47df-93a9-09dcd899994c,2026-09-01T03:15:00Z,2026-09-01T05:15:00+0200,1557.388,MW,NL,NL,actual_offshore_wind_generation,Wind Offshore | Actual Aggregated,2026-09-04T19:46:09Z
2026-09-04T19:44:00Z,2026-09-04T21:44:00+0200,38b8bb2e-e325-47df-93a9-09dcd899994c,2026-09-01T03:15:00Z,2026-09-01T05:15:00+0200,4.211,MW,NL,NL,actual_offshore_wind_generation,Wind Offshore | Actual Consumption,2026-09-04T19:46:09Z
2026-09-04T19:44:00Z,2026-09-04T21:44:00+0200,38b8bb2e-e325-47df-93a9-09dcd899994c,2026-09-01T03:30:00Z,2026-09-01T05:30:00+0200,1686.341,MW,NL,NL,actual_offshore_wind_generation,Wind Offshore | Actual Aggregated,2026-09-04T19:46:09Z
2026-09-04T19:44:00Z,2026-09-04T21:44:00+0200,38b8bb2e-e325-47df-93a9-09dcd899994c,2026-09-01T03:30:00Z,2026-09-01T05:30:00+0200,4.997,MW,NL,NL,actual_offshore_wind_generation,Wind Offshore | Actual Consumption,2026-09-04T19:46:09Z
2026-09-04T19:44:00Z,2026-09-04T21:44:00+0200,38b8bb2e-e325-47df-93a9-09dcd899994c,2026-09-01T03:45:00Z,2026-09-01T05:45:00+0200,1625.317,MW,NL,NL,actual_offshore_wind_generation,Wind Offshore | Actual Aggregated,2026-09-04T19:46:09Z
2026-09-04T19:44:00Z,2026-09-04T21:44:00+0200,38b8bb2e-e325-47df-93a9-09dcd899994c,2026-09-01T03:45:00Z,2026-09-01T05:45:00+0200,3.967,MW,NL,NL,actual_offshore_wind_generation,Wind Offshore | Actual Consumption,2026-09-04T19:46:09Z
2026-09-04T19:44:00Z,2026-09-04T21:44:00+0200,38b8bb2e-e325-47df-93a9-09dcd899994c,2026-09-01T04:00:00Z,2026-09-01T06:00:00+0200,1609.368,MW,NL,NL,actual_offshore_wind_generation,Wind Offshore | Actual Aggregated,2026-09-04T19:46:09Z
2026-09-04T19:44:00Z,2026-09-04T21:44:00+0200,38b8bb2e-e325-47df-93a9-09dcd899994c,2026-09-01T04:00:00Z,2026-09-01T06:00:00+0200,4.672,MW,NL,NL,actual_offshore_wind_generation,Wind Offshore | Actual Consumption,2026-09-04T19:46:09Z
2026-09-04T19:44:00Z,2026-09-04T21:44:00+0200,38b8bb2e-e325-47df-93a9-09dcd899994c,2026-09-01T04:15:00Z,2026-09-01T06:15:00+0200,1552.344,MW,NL,NL,actual_offshore_wind_generation,Wind Offshore | Actual Aggregated,2026-09-04T19:46:09Z
2026-09-04T19:44:00Z,2026-09-04T21:44:00+0200,38b8bb2e-e325-47df-93a9-09dcd899994c,2026-09-01T04:15:00Z,2026-09-01T06:15:00+0200,2.919,MW,NL,NL,actual_offshore_wind_generation,Wind Offshore | Actual Consumption,2026-09-04T19:46:09Z
2026-09-04T19:44:00Z,2026-09-04T21:44:00+0200,38b8bb2e-e325-47df-93a9-09dcd899994c,2026-09-01T04:30:00Z,2026-09-01T06:30:00+0200,1486.706,MW,NL,NL,actual_offshore_wind_generation,Wind Offshore | Actual Aggregated,2026-09-04T19:46:09Z
2026-09-04T19:44:00Z,2026-09-04T21:44:00+0200,38b8bb2e-e325-47df-93a9-09dcd899994c,2026-09-01T04:30:00Z,2026-09-01T06:30:00+0200,3.529,MW,NL,NL,actual_offshore_wind_generation,Wind Offshore | Actual Consumption,2026-09-04T19:46:09Z
2026-09-04T19:44:00Z,2026-09-04T21:44:00+0200,38b8bb2e-e325-47df-93a9-09dcd899994c,2026-09-01T04:45:00Z,2026-09-01T06:45:00+0200,1468.475,MW,NL,NL,actual_offshore_wind_generation,Wind Offshore | Actual Aggregated,2026-09-04T19:46:09Z
2026-09-04T19:44:00Z,2026-09-04T21:44:00+0200,38b8bb2e-e325-47df-93a9-09dcd899994c,2026-09-01T04:45:00Z,2026-09-01T06:45:00+0200,4.107,MW,NL,NL,actual_offshore_wind_generation,Wind Offshore | Actual Consumption,2026-09-04T19:46:09Z
2026-09-04T19:44:00Z,2026-09-04T21:44:00+0200,38b8bb2e-e325-47df-93a9-09dcd899994c,2026-09-01T05:00:00Z,2026-09-01T07:00:00+0200,1452.361,MW,NL,NL,actual_offshore_wind_generation,Wind Offshore | Actual Aggregated,2026-09-04T19:46:09Z
2026-09-04T19:44:00Z,2026-09-04T21:44:00+0200,38b8bb2e-e325-47df-93a9-09dcd899994c,2026-09-01T05:00:00Z,2026-09-01T07:00:00+0200,2.496,MW,NL,NL,actual_offshore_wind_generation,Wind Offshore | Actual Consumption,2026-09-04T19:46:09Z
2026-09-04T19:44:00Z,2026-09-04T21:44:00+0200,38b8bb2e-e325-47df-93a9-09dcd899994c,2026-09-01T05:15:00Z,2026-09-01T07:15:00+0200,1418.495,MW,NL,NL,actual_offshore_wind_generation,Wind Offshore | Actual Aggregated,2026-09-04T19:46:09Z
2026-09-04T19:44:00Z,2026-09-04T21:44:00+0200,38b8bb2e-e325-47df-93a9-09dcd899994c,2026-09-01T05:15:00Z,2026-09-01T07:15:00+0200,3.294,MW,NL,NL,actual_offshore_wind_generation,Wind Offshore | Actual Consumption,2026-09-04T19:46:09Z
2026-09-04T19:44:00Z,2026-09-04T21:44:00+0200,38b8bb2e-e325-47df-93a9-09dcd899994c,2026-09-01T05:30:00Z,2026-09-01T07:30:00+0200,1351.509,MW,NL,NL,actual_offshore_wind_generation,Wind Offshore | Actual Aggregated,2026-09-04T19:46:09Z
2026-09-04T19:44:00Z,2026-09-04T21:44:00+0200,38b8bb2e-e325-47df-93a9-09dcd899994c,2026-09-01T05:30:00Z,2026-09-01T07:30:00+0200,2.414,MW,NL,NL,actual_offshore_wind_generation,Wind Offshore | Actual Consumption,2026-09-04T19:46:09Z
2026-09-04T19:44:00Z,2026-09-04T21:44:00+0200,38b8bb2e-e325-47df-93a9-09dcd899994c,2026-09-01T05:45:00Z,2026-09-01T07:45:00+0200,1248.014,MW,NL,NL,actual_offshore_wind_generation,Wind Offshore | Actual Aggregated,2026-09-04T19:46:09Z
2026-09-04T19:44:00Z,2026-09-04T21:44:00+0200,38b8bb2e-e325-47df-93a9-09dcd899994c,2026-09-01T05:45:00Z,2026-09-01T07:45:00+0200,1.497,MW,NL,NL,actual_offshore_wind_generation,Wind Offshore | Actual Consumption,2026-09-04T19:46:09Z
2026-09-04T19:44:00Z,2026-09-04T21:44:00+0200,38b8bb2e-e325-47df-93a9-09dcd899994c,2026-09-01T06:00:00Z,2026-09-01T08:00:00+0200,1252.502,MW,NL,NL,actual_offshore_wind_generation,Wind Offshore | Actual Aggregated,2026-09-04T19:46:09Z
2026-09-04T19:44:00Z,2026-09-04T21:44:00+0200,38b8bb2e-e325-47df-93a9-09dcd899994c,2026-09-01T06:00:00Z,2026-09-01T08:00:00+0200,1.38,MW,NL,NL,actual_offshore_wind_generation,Wind Offshore | Actual Consumption,2026-09-04T19:46:09Z
2026-09-04T19:44:00Z,2026-09-04T21:44:00+0200,38b8bb2e-e325-47df-93a9-09dcd899994c,2026-09-01T06:15:00Z,2026-09-01T08:15:00+0200,1364.772,MW,NL,NL,actual_offshore_wind_generation,Wind Offshore | Actual Aggregated,2026-09-04T19:46:09Z
2026-09-04T19:44:00Z,2026-09-04T21:44:00+0200,38b8bb2e-e325-47df-93a9-09dcd899994c,2026-09-01T06:15:00Z,2026-09-01T08:15:00+0200,1.425,MW,NL,NL,actual_offshore_wind_generation,Wind Offshore | Actual Consumption,2026-09-04T19:46:09Z
2026-09-04T19:44:00Z,2026-09-04T21:44:00+0200,38b8bb2e-e325-47df-93a9-09dcd899994c,2026-09-01T06:30:00Z,2026-09-01T08:30:00+0200,1465.347,MW,NL,NL,actual_offshore_wind_generation,Wind Offshore | Actual Aggregated,2026-09-04T19:46:09Z
2026-09-04T19:44:00Z,2026-09-04T21:44:00+0200,38b8bb2e-e325-47df-93a9-09dcd899994c,2026-09-01T06:30:00Z,2026-09-01T08:30:00+0200,1.683,MW,NL,NL,actual_offshore_wind_generation,Wind Offshore | Actual Consumption,2026-09-04T19:46:09Z
2026-09-04T19:44:00Z,2026-09-04T21:44:00+0200,38b8bb2e-e325-47df-93a9-09dcd899994c,2026-09-01T06:45:00Z,2026-09-01T08:45:00+0200,1523.435,MW,NL,NL,actual_offshore_wind_generation,Wind Offshore | Actual Aggregated,2026-09-04T19:46:09Z
2026-09-04T19:44:00Z,2026-09-04T21:44:00+0200,38b8bb2e-e325-47df-93a9-09dcd899994c,2026-09-01T06:45:00Z,2026-09-01T08:45:00+0200,1.944,MW,NL,NL,actual_offshore_wind_generation,Wind Offshore | Actual Consumption,2026-09-04T19:46:09Z
2026-09-04T19:44:00Z,2026-09-04T21:44:00+0200,38b8bb2e-e325-47df-93a9-09dcd899994c,2026-09-01T07:00:00Z,2026-09-01T09:00:00+0200,1533.689,MW,NL,NL,actual_offshore_wind_generation,Wind Offshore | Actual Aggregated,2026-09-04T19:46:09Z
2026-09-04T19:44:00Z,2026-09-04T21:44:00+0200,38b8bb2e-e325-47df-93a9-09dcd899994c,2026-09-01T07:00:00Z,2026-09-01T09:00:00+0200,1.866,MW,NL,NL,actual_offshore_wind_generation,Wind Offshore | Actual Consumption,2026-09-04T19:46:09Z
2026-09-04T19:44:00Z,2026-09-04T21:44:00+0200,38b8bb2e-e325-47df-93a9-09dcd899994c,2026-09-01T07:15:00Z,2026-09-01T09:15:00+0200,1567.352,MW,NL,NL,actual_offshore_wind_generation,Wind Offshore | Actual Aggregated,2026-09-04T19:46:09Z
2026-09-04T19:44:00Z,2026-09-04T21:44:00+0200,38b8bb2e-e325-47df-93a9-09dcd899994c,2026-09-01T07:15:00Z,2026-09-01T09:15:00+0200,1.645,MW,NL,NL,actual_offshore_wind_generation,Wind Offshore | Actual Consumption,2026-09-04T19:46:09Z
2026-09-04T19:44:00Z,2026-09-04T21:44:00+0200,38b8bb2e-e325-47df-93a9-09dcd899994c,2026-09-01T07:30:00Z,2026-09-01T09:30:00+0200,1592.686,MW,NL,NL,actual_offshore_wind_generation,Wind Offshore | Actual Aggregated,2026-09-04T19:46:09Z
2026-09-04T19:44:00Z,2026-09-04T21:44:00+0200,38b8bb2e-e325-47df-93a9-09dcd899994c,2026-09-01T07:30:00Z,2026-09-01T09:30:00+0200,1.056,MW,NL,NL,actual_offshore_wind_generation,Wind Offshore | Actual Consumption,2026-09-04T19:46:09Z
2026-09-04T19:44:00Z,2026-09-04T21:44:00+0200,38b8bb2e-e325-47df-93a9-09dcd899994c,2026-09-01T07:45:00Z,2026-09-01T09:45:00+0200,1587.585,MW,NL,NL,actual_offshore_wind_generation,Wind Offshore | Actual Aggregated,2026-09-04T19:46:09Z
2026-09-04T19:44:00Z,2026-09-04T21:44:00+0200,38b8bb2e-e325-47df-93a9-09dcd899994c,2026-09-01T07:45:00Z,2026-09-01T09:45:00+0200,1.133,MW,NL,NL,actual_offshore_wind_generation,Wind Offshore | Actual Consumption,2026-09-04T19:46:09Z
2026-09-04T19:44:00Z,2026-09-04T21:44:00+0200,38b8bb2e-e325-47df-93a9-09dcd899994c,2026-09-01T08:00:00Z,2026-09-01T10:00:00+0200,1295.56,MW,NL,NL,actual_offshore_wind_generation,Wind Offshore | Actual Aggregated,2026-09-04T19:46:09Z
2026-09-04T19:44:00Z,2026-09-04T21:44:00+0200,38b8bb2e-e325-47df-93a9-09dcd899994c,2026-09-01T08:00:00Z,2026-09-01T10:00:00+0200,1.136,MW,NL,NL,actual_offshore_wind_generation,Wind Offshore | Actual Consumption,2026-09-04T19:46:09Z
2026-09-04T19:44:00Z,2026-09-04T21:44:00+0200,38b8bb2e-e325-47df-93a9-09dcd899994c,2026-09-01T08:15:00Z,2026-09-01T10:15:00+0200,1345.194,MW,NL,NL,actual_offshore_wind_generation,Wind Offshore | Actual Aggregated,2026-09-04T19:46:09Z
2026-09-04T19:44:00Z,2026-09-04T21:44:00+0200,38b8bb2e-e325-47df-93a9-09dcd899994c,2026-09-01T08:15:00Z,2026-09-01T10:15:00+0200,1.433,MW,NL,NL,actual_offshore_wind_generation,Wind Offshore | Actual Consumption,2026-09-04T19:46:09Z
2026-09-04T19:44:00Z,2026-09-04T21:44:00+0200,38b8bb2e-e325-47df-93a9-09dcd899994c,2026-09-01T08:30:00Z,2026-09-01T10:30:00+0200,1402.085,MW,NL,NL,actual_offshore_wind_generation,Wind Offshore | Actual Aggregated,2026-09-04T19:46:09Z
2026-09-04T19:44:00Z,2026-09-04T21:44:00+0200,38b8bb2e-e325-47df-93a9-09dcd899994c,2026-09-01T08:30:00Z,2026-09-01T10:30:00+0200,1.376,MW,NL,NL,actual_offshore_wind_generation,Wind Offshore | Actual Consumption,2026-09-04T19:46:09Z
2026-09-04T19:44:00Z,2026-09-04T21:44:00+0200,38b8bb2e-e325-47df-93a9-09dcd899994c,2026-09-01T08:45:00Z,2026-09-01T10:45:00+0200,1422.988,MW,NL,NL,actual_offshore_wind_generation,Wind Offshore | Actual Aggregated,2026-09-04T19:46:09Z
2026-09-04T19:44:00Z,2026-09-04T21:44:00+0200,38b8bb2e-e325-47df-93a9-09dcd899994c,2026-09-01T08:45:00Z,2026-09-01T10:45:00+0200,1.26,MW,NL,NL,actual_offshore_wind_generation,Wind Offshore | Actual Consumption,2026-09-04T19:46:09Z
2026-09-04T19:44:00Z,2026-09-04T21:44:00+0200,38b8bb2e-e325-47df-93a9-09dcd899994c,2026-09-01T09:00:00Z,2026-09-01T11:00:00+0200,1383.695,MW,NL,NL,actual_offshore_wind_generation,Wind Offshore | Actual Aggregated,2026-09-04T19:46:09Z
2026-09-04T19:44:00Z,2026-09-04T21:44:00+0200,38b8bb2e-e325-47df-93a9-09dcd899994c,2026-09-01T09:00:00Z,2026-09-01T11:00:00+0200,1.442,MW,NL,NL,actual_offshore_wind_generation,Wind Offshore | Actual Consumption,2026-09-04T19:46:09Z
2026-09-04T19:44:00Z,2026-09-04T21:44:00+0200,38b8bb2e-e325-47df-93a9-09dcd899994c,2026-09-01T09:15:00Z,2026-09-01T11:15:00+0200,1326.952,MW,NL,NL,actual_offshore_wind_generation,Wind Offshore | Actual Aggregated,2026-09-04T19:46:09Z
2026-09-04T19:44:00Z,2026-09-04T21:44:00+0200,38b8bb2e-e325-47df-93a9-09dcd899994c,2026-09-01T09:15:00Z,2026-09-01T11:15:00+0200,1.887,MW,NL,NL,actual_offshore_wind_generation,Wind Offshore | Actual Consumption,2026-09-04T19:46:09Z
2026-09-04T19:44:00Z,2026-09-04T21:44:00+0200,38b8bb2e-e325-47df-93a9-09dcd899994c,2026-09-01T09:30:00Z,2026-09-01T11:30:00+0200,1252.716,MW,NL,NL,actual_offshore_wind_generation,Wind Offshore | Actual Aggregated,2026-09-04T19:46:09Z
2026-09-04T19:44:00Z,2026-09-04T21:44:00+0200,38b8bb2e-e325-47df-93a9-09dcd899994c,2026-09-01T09:30:00Z,2026-09-01T11:30:00+0200,1.922,MW,NL,NL,actual_offshore_wind_generation,Wind Offshore | Actual Consumption,2026-09-04T19:46:09Z
2026-09-04T19:44:00Z,2026-09-04T21:44:00+0200,38b8bb2e-e325-47df-93a9-09dcd899994c,2026-09-01T09:45:00Z,2026-09-01T11:45:00+0200,1127.76,MW,NL,NL,actual_offshore_wind_generation,Wind Offshore | Actual Aggregated,2026-09-04T19:46:09Z
2026-09-04T19:44:00Z,2026-09-04T21:44:00+0200,38b8bb2e-e325-47df-93a9-09dcd899994c,2026-09-01T09:45:00Z,2026-09-01T11:45:00+0200,1.509,MW,NL,NL,actual_offshore_wind_generation,Wind Offshore | Actual Consumption,2026-09-04T19:46:09Z
2026-09-04T19:44:00Z,2026-09-04T21:44:00+0200,38b8bb2e-e325-47df-93a9-09dcd899994c,2026-09-01T10:00:00Z,2026-09-01T12:00:00+0200,970.222,MW,NL,NL,actual_offshore_wind_generation,Wind Offshore | Actual Aggregated,2026-09-04T19:46:09Z
2026-09-04T19:44:00Z,2026-09-04T21:44:00+0200,38b8bb2e-e325-47df-93a9-09dcd899994c,2026-09-01T10:00:00Z,2026-09-01T12:00:00+0200,1.62,MW,NL,NL,actual_offshore_wind_generation,Wind Offshore | Actual Consumption,2026-09-04T19:46:09Z
2026-09-04T19:44:00Z,2026-09-04T21:44:00+0200,38b8bb2e-e325-47df-93a9-09dcd899994c,2026-09-01T10:15:00Z,2026-09-01T12:15:00+0200,861.245,MW,NL,NL,actual_offshore_wind_generation,Wind Offshore | Actual Aggregated,2026-09-04T19:46:09Z
2026-09-04T19:44:00Z,2026-09-04T21:44:00+0200,38b8bb2e-e325-47df-93a9-09dcd899994c,2026-09-01T10:15:00Z,2026-09-01T12:15:00+0200,1.5,MW,NL,NL,actual_offshore_wind_generation,Wind Offshore | Actual Consumption,2026-09-04T19:46:09Z
2026-09-04T19:44:00Z,2026-09-04T21:44:00+0200,38b8bb2e-e325-47df-93a9-09dcd899994c,2026-09-01T10:30:00Z,2026-09-01T12:30:00+0200,754.896,MW,NL,NL,actual_offshore_wind_generation,Wind Offshore | Actual Aggregated,2026-09-04T19:46:09Z
2026-09-04T19:44:00Z,2026-09-04T21:44:00+0200,38b8bb2e-e325-47df-93a9-09dcd899994c,2026-09-01T10:30:00Z,2026-09-01T12:30:00+0200,1.505,MW,NL,NL,actual_offshore_wind_generation,Wind Offshore | Actual Consumption,2026-09-04T19:46:09Z
2026-09-04T19:44:00Z,2026-09-04T21:44:00+0200,38b8bb2e-e325-47df-93a9-09dcd899994c,2026-09-01T10:45:00Z,2026-09-01T12:45:00+0200,1027.407,MW,NL,NL,actual_offshore_wind_generation,Wind Offshore | Actual Aggregated,2026-09-04T19:46:09Z
2026-09-04T19:44:00Z,2026-09-04T21:44:00+0200,38b8bb2e-e325-47df-93a9-09dcd899994c,2026-09-01T10:45:00Z,2026-09-01T12:45:00+0200,2.423,MW,NL,NL,actual_offshore_wind_generation,Wind Offshore | Actual Consumption,2026-09-04T19:46:09Z
2026-09-04T19:44:00Z,2026-09-04T21:44:00+0200,38b8bb2e-e325-47df-93a9-09dcd899994c,2026-09-01T11:00:00Z,2026-09-01T13:00:00+0200,988.594,MW,NL,NL,actual_offshore_wind_generation,Wind Offshore | Actual Aggregated,2026-09-04T19:46:09Z
2026-09-04T19:44:00Z,2026-09-04T21:44:00+0200,38b8bb2e-e325-47df-93a9-09dcd899994c,2026-09-01T11:00:00Z,2026-09-01T13:00:00+0200,1.664,MW,NL,NL,actual_offshore_wind_generation,Wind Offshore | Actual Consumption,2026-09-04T19:46:09Z
2026-09-04T19:44:00Z,2026-09-04T21:44:00+0200,38b8bb2e-e325-47df-93a9-09dcd899994c,2026-09-01T11:15:00Z,2026-09-01T13:15:00+0200,996.452,MW,NL,NL,actual_offshore_wind_generation,Wind Offshore | Actual Aggregated,2026-09-04T19:46:09Z
2026-09-04T19:44:00Z,2026-09-04T21:44:00+0200,38b8bb2e-e325-47df-93a9-09dcd899994c,2026-09-01T11:15:00Z,2026-09-01T13:15:00+0200,1.775,MW,NL,NL,actual_offshore_wind_generation,Wind Offshore | Actual Consumption,2026-09-04T19:46:09Z
2026-09-04T19:44:00Z,2026-09-04T21:44:00+0200,38b8bb2e-e325-47df-93a9-09dcd899994c,2026-09-01T11:30:00Z,2026-09-01T13:30:00+0200,875.449,MW,NL,NL,actual_offshore_wind_generation,Wind Offshore | Actual Aggregated,2026-09-04T19:46:09Z
2026-09-04T19:44:00Z,2026-09-04T21:44:00+0200,38b8bb2e-e325-47df-93a9-09dcd899994c,2026-09-01T11:30:00Z,2026-09-01T13:30:00+0200,1.979,MW,NL,NL,actual_offshore_wind_generation,Wind Offshore | Actual Consumption,2026-09-04T19:46:09Z
2026-09-04T19:44:00Z,2026-09-04T21:44:00+0200,38b8bb2e-e325-47df-93a9-09dcd899994c,2026-09-01T11:45:00Z,2026-09-01T13:45:00+0200,748.662,MW,NL,NL,actual_offshore_wind_generation,Wind Offshore | Actual Aggregated,2026-09-04T19:46:09Z
2026-09-04T19:44:00Z,2026-09-04T21:44:00+0200,38b8bb2e-e325-47df-93a9-09dcd899994c,2026-09-01T11:45:00Z,2026-09-01T13:45:00+0200,1.54,MW,NL,NL,actual_offshore_wind_generation,Wind Offshore | Actual Consumption,2026-09-04T19:46:09Z
2026-09-04T19:44:00Z,2026-09-04T21:44:00+0200,38b8bb2e-e325-47df-93a9-09dcd899994c,2026-09-01T12:00:00Z,2026-09-01T14:00:00+0200,603.868,MW,NL,NL,actual_offshore_wind_generation,Wind Offshore | Actual Aggregated,2026-09-04T19:46:09Z
2026-09-04T19:44:00Z,2026-09-04T21:44:00+0200,38b8bb2e-e325-47df-93a9-09dcd899994c,2026-09-01T12:00:00Z,2026-09-01T14:00:00+0200,1.976,MW,NL,NL,actual_offshore_wind_generation,Wind Offshore | Actual Consumption,2026-09-04T19:46:09Z
2026-09-04T19:44:00Z,2026-09-04T21:44:00+0200,38b8bb2e-e325-47df-93a9-09dcd899994c,2026-09-01T12:15:00Z,2026-09-01T14:15:00+0200,523.956,MW,NL,NL,actual_offshore_wind_generation,Wind Offshore | Actual Aggregated,2026-09-04T19:46:09Z
2026-09-04T19:44:00Z,2026-09-04T21:44:00+0200,38b8bb2e-e325-47df-93a9-09dcd899994c,2026-09-01T12:15:00Z,2026-09-01T14:15:00+0200,1.309,MW,NL,NL,actual_offshore_wind_generation,Wind Offshore | Actual Consumption,2026-09-04T19:46:09Z
2026-09-04T19:44:00Z,2026-09-04T21:44:00+0200,38b8bb2e-e325-47df-93a9-09dcd899994c,2026-09-01T12:30:00Z,2026-09-01T14:30:00+0200,470.64,MW,NL,NL,actual_offshore_wind_generation,Wind Offshore | Actual Aggregated,2026-09-04T19:46:09Z
2026-09-04T19:44:00Z,2026-09-04T21:44:00+0200,38b8bb2e-e325-47df-93a9-09dcd899994c,2026-09-01T12:30:00Z,2026-09-01T14:30:00+0200,1.689,MW,NL,NL,actual_offshore_wind_generation,Wind Offshore | Actual Consumption,2026-09-04T19:46:09Z
2026-09-04T19:44:00Z,2026-09-04T21:44:00+0200,38b8bb2e-e325-47df-93a9-09dcd899994c,2026-09-01T12:45:00Z,2026-09-01T14:45:00+0200,503.872,MW,NL,NL,actual_offshore_wind_generation,Wind Offshore | Actual Aggregated,2026-09-04T19:46:09Z
2026-09-04T19:44:00Z,2026-09-04T21:44:00+0200,38b8bb2e-e325-47df-93a9-09dcd899994c,2026-09-01T12:45:00Z,2026-09-01T14:45:00+0200,2.106,MW,NL,NL,actual_offshore_wind_generation,Wind Offshore | Actual Consumption,2026-09-04T19:46:09Z
2026-09-04T19:44:00Z,2026-09-04T21:44:00+0200,38b8bb2e-e325-47df-93a9-09dcd899994c,2026-09-01T13:00:00Z,2026-09-01T15:00:00+0200,512.927,MW,NL,NL,actual_offshore_wind_generation,Wind Offshore | Actual Aggregated,2026-09-04T19:46:09Z
2026-09-04T19:44:00Z,2026-09-04T21:44:00+0200,38b8bb2e-e325-47df-93a9-09dcd899994c,2026-09-01T13:00:00Z,2026-09-01T15:00:00+0200,1.647,MW,NL,NL,actual_offshore_wind_generation,Wind Offshore | Actual Consumption,2026-09-04T19:46:09Z
2026-09-04T19:44:00Z,2026-09-04T21:44:00+0200,38b8bb2e-e325-47df-93a9-09dcd899994c,2026-09-01T13:15:00Z,2026-09-01T15:15:00+0200,501.578,MW,NL,NL,actual_offshore_wind_generation,Wind Offshore | Actual Aggregated,2026-09-04T19:46:09Z
2026-09-04T19:44:00Z,2026-09-04T21:44:00+0200,38b8bb2e-e325-47df-93a9-09dcd899994c,2026-09-01T13:15:00Z,2026-09-01T15:15:00+0200,2.576,MW,NL,NL,actual_offshore_wind_generation,Wind Offshore | Actual Consumption,2026-09-04T19:46:09Z
2026-09-04T19:44:00Z,2026-09-04T21:44:00+0200,38b8bb2e-e325-47df-93a9-09dcd899994c,2026-09-01T13:30:00Z,2026-09-01T15:30:00+0200,451.91,MW,NL,NL,actual_offshore_wind_generation,Wind Offshore | Actual Aggregated,2026-09-04T19:46:09Z
2026-09-04T19:44:00Z,2026-09-04T21:44:00+0200,38b8bb2e-e325-47df-93a9-09dcd899994c,2026-09-01T13:30:00Z,2026-09-01T15:30:00+0200,1.789,MW,NL,NL,actual_offshore_wind_generation,Wind Offshore | Actual Consumption,2026-09-04T19:46:09Z
2026-09-04T19:44:00Z,2026-09-04T21:44:00+0200,38b8bb2e-e325-47df-93a9-09dcd899994c,2026-09-01T13:45:00Z,2026-09-01T15:45:00+0200,408.018,MW,NL,NL,actual_offshore_wind_generation,Wind Offshore | Actual Aggregated,2026-09-04T19:46:09Z
2026-09-04T19:44:00Z,2026-09-04T21:44:00+0200,38b8bb2e-e325-47df-93a9-09dcd899994c,2026-09-01T13:45:00Z,2026-09-01T15:45:00+0200,2.0,MW,NL,NL,actual_offshore_wind_generation,Wind Offshore | Actual Consumption,2026-09-04T19:46:09Z
2026-09-04T19:44:00Z,2026-09-04T21:44:00+0200,38b8bb2e-e325-47df-93a9-09dcd899994c,2026-09-01T14:00:00Z,2026-09-01T16:00:00+0200,486.006,MW,NL,NL,actual_offshore_wind_generation,Wind Offshore | Actual Aggregated,2026-09-04T19:46:09Z
2026-09-04T19:44:00Z,2026-09-04T21:44:00+0200,38b8bb2e-e325-47df-93a9-09dcd899994c,2026-09-01T14:00:00Z,2026-09-01T16:00:00+0200,1.967,MW,NL,NL,actual_offshore_wind_generation,Wind Offshore | Actual Consumption,2026-09-04T19:46:09Z
2026-09-04T19:44:00Z,2026-09-04T21:44:00+0200,38b8bb2e-e325-47df-93a9-09dcd899994c,2026-09-01T14:15:00Z,2026-09-01T16:15:00+0200,486.12,MW,NL,NL,actual_offshore_wind_generation,Wind Offshore | Actual Aggregated,2026-09-04T19:46:09Z
2026-09-04T19:44:00Z,2026-09-04T21:44:00+0200,38b8bb2e-e325-47df-93a9-09dcd899994c,2026-09-01T14:15:00Z,2026-09-01T16:15:00+0200,1.989,MW,NL,NL,actual_offshore_wind_generation,Wind Offshore | Actual Consumption,2026-09-04T19:46:09Z
2026-09-04T19:44:00Z,2026-09-04T21:44:00+0200,38b8bb2e-e325-47df-93a9-09dcd899994c,2026-09-01T14:30:00Z,2026-09-01T16:30:00+0200,521.884,MW,NL,NL,actual_offshore_wind_generation,Wind Offshore | Actual Aggregated,2026-09-04T19:46:09Z
2026-09-04T19:44:00Z,2026-09-04T21:44:00+0200,38b8bb2e-e325-47df-93a9-09dcd899994c,2026-09-01T14:30:00Z,2026-09-01T16:30:00+0200,1.977,MW,NL,NL,actual_offshore_wind_generation,Wind Offshore | Actual Consumption,2026-09-04T19:46:09Z
2026-09-04T19:44:00Z,2026-09-04T21:44:00+0200,38b8bb2e-e325-47df-93a9-09dcd899994c,2026-09-01T14:45:00Z,2026-09-01T16:45:00+0200,551.341,MW,NL,NL,actual_offshore_wind_generation,Wind Offshore | Actual Aggregated,2026-09-04T19:46:09Z
2026-09-04T19:44:00Z,2026-09-04T21:44:00+0200,38b8bb2e-e325-47df-93a9-09dcd899994c,2026-09-01T14:45:00Z,2026-09-01T16:45:00+0200,2.471,MW,NL,NL,actual_offshore_wind_generation,Wind Offshore | Actual Consumption,2026-09-04T19:46:09Z
2026-09-04T19:44:00Z,2026-09-04T21:44:00+0200,38b8bb2e-e325-47df-93a9-09dcd899994c,2026-09-01T15:00:00Z,2026-09-01T17:00:00+0200,573.325,MW,NL,NL,actual_offshore_wind_generation,Wind Offshore | Actual Aggregated,2026-09-04T19:46:09Z
2026-09-04T19:44:00Z,2026-09-04T21:44:00+0200,38b8bb2e-e325-47df-93a9-09dcd899994c,2026-09-01T15:00:00Z,2026-09-01T17:00:00+0200,2.128,MW,NL,NL,actual_offshore_wind_generation,Wind Offshore | Actual Consumption,2026-09-04T19:46:09Z
2026-09-04T19:44:00Z,2026-09-04T21:44:00+0200,38b8bb2e-e325-47df-93a9-09dcd899994c,2026-09-01T15:15:00Z,2026-09-01T17:15:00+0200,613.175,MW,NL,NL,actual_offshore_wind_generation,Wind Offshore | Actual Aggregated,2026-09-04T19:46:09Z
2026-09-04T19:44:00Z,2026-09-04T21:44:00+0200,38b8bb2e-e325-47df-93a9-09dcd899994c,2026-09-01T15:15:00Z,2026-09-01T17:15:00+0200,2.327,MW,NL,NL,actual_offshore_wind_generation,Wind Offshore | Actual Consumption,2026-09-04T19:46:09Z
2026-09-04T19:44:00Z,2026-09-04T21:44:00+0200,38b8bb2e-e325-47df-93a9-09dcd899994c,2026-09-01T15:30:00Z,2026-09-01T17:30:00+0200,704.452,MW,NL,NL,actual_offshore_wind_generation,Wind Offshore | Actual Aggregated,2026-09-04T19:46:09Z
2026-09-04T19:44:00Z,2026-09-04T21:44:00+0200,38b8bb2e-e325-47df-93a9-09dcd899994c,2026-09-01T15:30:00Z,2026-09-01T17:30:00+0200,2.368,MW,NL,NL,actual_offshore_wind_generation,Wind Offshore | Actual Consumption,2026-09-04T19:46:09Z
2026-09-04T19:44:00Z,2026-09-04T21:44:00+0200,38b8bb2e-e325-47df-93a9-09dcd899994c,2026-09-01T15:45:00Z,2026-09-01T17:45:00+0200,750.986,MW,NL,NL,actual_offshore_wind_generation,Wind Offshore | Actual Aggregated,2026-09-04T19:46:09Z
2026-09-04T19:44:00Z,2026-09-04T21:44:00+0200,38b8bb2e-e325-47df-93a9-09dcd899994c,2026-09-01T15:45:00Z,2026-09-01T17:45:00+0200,2.856,MW,NL,NL,actual_offshore_wind_generation,Wind Offshore | Actual Consumption,2026-09-04T19:46:09Z
2026-09-04T19:44:00Z,2026-09-04T21:44:00+0200,38b8bb2e-e325-47df-93a9-09dcd899994c,2026-09-01T16:00:00Z,2026-09-01T18:00:00+0200,1021.898,MW,NL,NL,actual_offshore_wind_generation,Wind Offshore | Actual Aggregated,2026-09-04T19:46:09Z
2026-09-04T19:44:00Z,2026-09-04T21:44:00+0200,38b8bb2e-e325-47df-93a9-09dcd899994c,2026-09-01T16:00:00Z,2026-09-01T18:00:00+0200,2.57,MW,NL,NL,actual_offshore_wind_generation,Wind Offshore | Actual Consumption,2026-09-04T19:46:09Z
2026-09-04T19:44:00Z,2026-09-04T21:44:00+0200,38b8bb2e-e325-47df-93a9-09dcd899994c,2026-09-01T16:15:00Z,2026-09-01T18:15:00+0200,1194.454,MW,NL,NL,actual_offshore_wind_generation,Wind Offshore | Actual Aggregated,2026-09-04T19:46:09Z
2026-09-04T19:44:00Z,2026-09-04T21:44:00+0200,38b8bb2e-e325-47df-93a9-09dcd899994c,2026-09-01T16:15:00Z,2026-09-01T18:15:00+0200,3.598,MW,NL,NL,actual_offshore_wind_generation,Wind Offshore | Actual Consumption,2026-09-04T19:46:09Z
2026-09-04T19:44:00Z,2026-09-04T21:44:00+0200,38b8bb2e-e325-47df-93a9-09dcd899994c,2026-09-01T16:30:00Z,2026-09-01T18:30:00+0200,1171.729,MW,NL,NL,actual_offshore_wind_generation,Wind Offshore | Actual Aggregated,2026-09-04T19:46:09Z
2026-09-04T19:44:00Z,2026-09-04T21:44:00+0200,38b8bb2e-e325-47df-93a9-09dcd899994c,2026-09-01T16:30:00Z,2026-09-01T18:30:00+0200,3.087,MW,NL,NL,actual_offshore_wind_generation,Wind Offshore | Actual Consumption,2026-09-04T19:46:09Z
2026-09-04T19:44:00Z,2026-09-04T21:44:00+0200,38b8bb2e-e325-47df-93a9-09dcd899994c,2026-09-01T16:45:00Z,2026-09-01T18:45:00+0200,1126.715,MW,NL,NL,actual_offshore_wind_generation,Wind Offshore | Actual Aggregated,2026-09-04T19:46:09Z
2026-09-04T19:44:00Z,2026-09-04T21:44:00+0200,38b8bb2e-e325-47df-93a9-09dcd899994c,2026-09-01T16:45:00Z,2026-09-01T18:45:00+0200,3.224,MW,NL,NL,actual_offshore_wind_generation,Wind Offshore | Actual Consumption,2026-09-04T19:46:09Z
2026-09-04T19:44:00Z,2026-09-04T21:44:00+0200,38b8bb2e-e325-47df-93a9-09dcd899994c,2026-09-01T17:00:00Z,2026-09-01T19:00:00+0200,1047.129,MW,NL,NL,actual_offshore_wind_generation,Wind Offshore | Actual Aggregated,2026-09-04T19:46:09Z
2026-09-04T19:44:00Z,2026-09-04T21:44:00+0200,38b8bb2e-e325-47df-93a9-09dcd899994c,2026-09-01T17:00:00Z,2026-09-01T19:00:00+0200,3.368,MW,NL,NL,actual_offshore_wind_generation,Wind Offshore | Actual Consumption,2026-09-04T19:46:09Z
2026-09-04T19:44:00Z,2026-09-04T21:44:00+0200,38b8bb2e-e325-47df-93a9-09dcd899994c,2026-09-01T17:15:00Z,2026-09-01T19:15:00+0200,965.046,MW,NL,NL,actual_offshore_wind_generation,Wind Offshore | Actual Aggregated,2026-09-04T19:46:09Z
2026-09-04T19:44:00Z,2026-09-04T21:44:00+0200,38b8bb2e-e325-47df-93a9-09dcd899994c,2026-09-01T17:15:00Z,2026-09-01T19:15:00+0200,3.429,MW,NL,NL,actual_offshore_wind_generation,Wind Offshore | Actual Consumption,2026-09-04T19:46:09Z
2026-09-04T19:44:00Z,2026-09-04T21:44:00+0200,38b8bb2e-e325-47df-93a9-09dcd899994c,2026-09-01T17:30:00Z,2026-09-01T19:30:00+0200,917.517,MW,NL,NL,actual_offshore_wind_generation,Wind Offshore | Actual Aggregated,2026-09-04T19:46:09Z
2026-09-04T19:44:00Z,2026-09-04T21:44:00+0200,38b8bb2e-e325-47df-93a9-09dcd899994c,2026-09-01T17:30:00Z,2026-09-01T19:30:00+0200,3.982,MW,NL,NL,actual_offshore_wind_generation,Wind Offshore | Actual Consumption,2026-09-04T19:46:09Z
2026-09-04T19:44:00Z,2026-09-04T21:44:00+0200,38b8bb2e-e325-47df-93a9-09dcd899994c,2026-09-01T17:45:00Z,2026-09-01T19:45:00+0200,937.785,MW,NL,NL,actual_offshore_wind_generation,Wind Offshore | Actual Aggregated,2026-09-04T19:46:09Z
2026-09-04T19:44:00Z,2026-09-04T21:44:00+0200,38b8bb2e-e325-47df-93a9-09dcd899994c,2026-09-01T17:45:00Z,2026-09-01T19:45:00+0200,3.593,MW,NL,NL,actual_offshore_wind_generation,Wind Offshore | Actual Consumption,2026-09-04T19:46:09Z
2026-09-04T19:44:00Z,2026-09-04T21:44:00+0200,38b8bb2e-e325-47df-93a9-09dcd899994c,2026-09-01T18:00:00Z,2026-09-01T20:00:00+0200,897.988,MW,NL,NL,actual_offshore_wind_generation,Wind Offshore | Actual Aggregated,2026-09-04T19:46:09Z
2026-09-04T19:44:00Z,2026-09-04T21:44:00+0200,38b8bb2e-e325-47df-93a9-09dcd899994c,2026-09-01T18:00:00Z,2026-09-01T20:00:00+0200,3.349,MW,NL,NL,actual_offshore_wind_generation,Wind Offshore | Actual Consumption,2026-09-04T19:46:09Z
2026-09-04T19:44:00Z,2026-09-04T21:44:00+0200,38b8bb2e-e325-47df-93a9-09dcd899994c,2026-09-01T18:15:00Z,2026-09-01T20:15:00+0200,938.776,MW,NL,NL,actual_offshore_wind_generation,Wind Offshore | Actual Aggregated,2026-09-04T19:46:09Z
2026-09-04T19:44:00Z,2026-09-04T21:44:00+0200,38b8bb2e-e325-47df-93a9-09dcd899994c,2026-09-01T18:15:00Z,2026-09-01T20:15:00+0200,3.918,MW,NL,NL,actual_offshore_wind_generation,Wind Offshore | Actual Consumption,2026-09-04T19:46:09Z
2026-09-04T19:44:00Z,2026-09-04T21:44:00+0200,38b8bb2e-e325-47df-93a9-09dcd899994c,2026-09-01T18:30:00Z,2026-09-01T20:30:00+0200,981.411,MW,NL,NL,actual_offshore_wind_generation,Wind Offshore | Actual Aggregated,2026-09-04T19:46:09Z
2026-09-04T19:44:00Z,2026-09-04T21:44:00+0200,38b8bb2e-e325-47df-93a9-09dcd899994c,2026-09-01T18:30:00Z,2026-09-01T20:30:00+0200,5.049,MW,NL,NL,actual_offshore_wind_generation,Wind Offshore | Actual Consumption,2026-09-04T19:46:09Z
2026-09-04T19:44:00Z,2026-09-04T21:44:00+0200,38b8bb2e-e325-47df-93a9-09dcd899994c,2026-09-01T18:45:00Z,2026-09-01T20:45:00+0200,1126.673,MW,NL,NL,actual_offshore_wind_generation,Wind Offshore | Actual Aggregated,2026-09-04T19:46:09Z
2026-09-04T19:44:00Z,2026-09-04T21:44:00+0200,38b8bb2e-e325-47df-93a9-09dcd899994c,2026-09-01T18:45:00Z,2026-09-01T20:45:00+0200,4.244,MW,NL,NL,actual_offshore_wind_generation,Wind Offshore | Actual Consumption,2026-09-04T19:46:09Z
2026-09-04T19:44:00Z,2026-09-04T21:44:00+0200,38b8bb2e-e325-47df-93a9-09dcd899994c,2026-09-01T19:00:00Z,2026-09-01T21:00:00+0200,1245.872,MW,NL,NL,actual_offshore_wind_generation,Wind Offshore | Actual Aggregated,2026-09-04T19:46:09Z
2026-09-04T19:44:00Z,2026-09-04T21:44:00+0200,38b8bb2e-e325-47df-93a9-09dcd899994c,2026-09-01T19:00:00Z,2026-09-01T21:00:00+0200,5.483,MW,NL,NL,actual_offshore_wind_generation,Wind Offshore | Actual Consumption,2026-09-04T19:46:09Z
2026-09-04T19:44:00Z,2026-09-04T21:44:00+0200,38b8bb2e-e325-47df-93a9-09dcd899994c,2026-09-01T19:15:00Z,2026-09-01T21:15:00+0200,1290.808,MW,NL,NL,actual_offshore_wind_generation,Wind Offshore | Actual Aggregated,2026-09-04T19:46:09Z
2026-09-04T19:44:00Z,2026-09-04T21:44:00+0200,38b8bb2e-e325-47df-93a9-09dcd899994c,2026-09-01T19:15:00Z,2026-09-01T21:15:00+0200,7.632,MW,NL,NL,actual_offshore_wind_generation,Wind Offshore | Actual Consumption,2026-09-04T19:46:09Z
2026-09-04T19:44:00Z,2026-09-04T21:44:00+0200,38b8bb2e-e325-47df-93a9-09dcd899994c,2026-09-01T19:30:00Z,2026-09-01T21:30:00+0200,1280.309,MW,NL,NL,actual_offshore_wind_generation,Wind Offshore | Actual Aggregated,2026-09-04T19:46:09Z
2026-09-04T19:44:00Z,2026-09-04T21:44:00+0200,38b8bb2e-e325-47df-93a9-09dcd899994c,2026-09-01T19:30:00Z,2026-09-01T21:30:00+0200,5.884,MW,NL,NL,actual_offshore_wind_generation,Wind Offshore | Actual Consumption,2026-09-04T19:46:09Z
2026-09-04T19:44:00Z,2026-09-04T21:44:00+0200,38b8bb2e-e325-47df-93a9-09dcd899994c,2026-09-01T19:45:00Z,2026-09-01T21:45:00+0200,1411.348,MW,NL,NL,actual_offshore_wind_generation,Wind Offshore | Actual Aggregated,2026-09-04T19:46:09Z
2026-09-04T19:44:00Z,2026-09-04T21:44:00+0200,38b8bb2e-e325-47df-93a9-09dcd899994c,2026-09-01T19:45:00Z,2026-09-01T21:45:00+0200,7.227,MW,NL,NL,actual_offshore_wind_generation,Wind Offshore | Actual Consumption,2026-09-04T19:46:09Z
2026-09-04T19:44:00Z,2026-09-04T21:44:00+0200,38b8bb2e-e325-47df-93a9-09dcd899994c,2026-09-01T20:00:00Z,2026-09-01T22:00:00+0200,1433.924,MW,NL,NL,actual_offshore_wind_generation,Wind Offshore | Actual Aggregated,2026-09-04T19:46:09Z
2026-09-04T19:44:00Z,2026-09-04T21:44:00+0200,38b8bb2e-e325-47df-93a9-09dcd899994c,2026-09-01T20:00:00Z,2026-09-01T22:00:00+0200,6.076,MW,NL,NL,actual_offshore_wind_generation,Wind Offshore | Actual Consumption,2026-09-04T19:46:09Z
2026-09-04T19:44:00Z,2026-09-04T21:44:00+0200,38b8bb2e-e325-47df-93a9-09dcd899994c,2026-09-01T20:15:00Z,2026-09-01T22:15:00+0200,1266.556,MW,NL,NL,actual_offshore_wind_generation,Wind Offshore | Actual Aggregated,2026-09-04T19:46:09Z
2026-09-04T19:44:00Z,2026-09-04T21:44:00+0200,38b8bb2e-e325-47df-93a9-09dcd899994c,2026-09-01T20:15:00Z,2026-09-01T22:15:00+0200,5.755,MW,NL,NL,actual_offshore_wind_generation,Wind Offshore | Actual Consumption,2026-09-04T19:46:09Z
2026-09-04T19:44:00Z,2026-09-04T21:44:00+0200,38b8bb2e-e325-47df-93a9-09dcd899994c,2026-09-01T20:30:00Z,2026-09-01T22:30:00+0200,1282.629,MW,NL,NL,actual_offshore_wind_generation,Wind Offshore | Actual Aggregated,2026-09-04T19:46:09Z
2026-09-04T19:44:00Z,2026-09-04T21:44:00+0200,38b8bb2e-e325-47df-93a9-09dcd899994c,2026-09-01T20:30:00Z,2026-09-01T22:30:00+0200,6.132,MW,NL,NL,actual_offshore_wind_generation,Wind Offshore | Actual Consumption,2026-09-04T19:46:09Z
2026-09-04T19:44:00Z,2026-09-04T21:44:00+0200,38b8bb2e-e325-47df-93a9-09dcd899994c,2026-09-01T20:45:00Z,2026-09-01T22:45:00+0200,1236.357,MW,NL,NL,actual_offshore_wind_generation,Wind Offshore | Actual Aggregated,2026-09-04T19:46:09Z
2026-09-04T19:44:00Z,2026-09-04T21:44:00+0200,38b8bb2e-e325-47df-93a9-09dcd899994c,2026-09-01T20:45:00Z,2026-09-01T22:45:00+0200,5.47,MW,NL,NL,actual_offshore_wind_generation,Wind Offshore | Actual Consumption,2026-09-04T19:46:09Z
2026-09-04T19:44:00Z,2026-09-04T21:44:00+0200,38b8bb2e-e325-47df-93a9-09dcd899994c,2026-09-01T21:00:00Z,2026-09-01T23:00:00+0200,1294.75,MW,NL,NL,actual_offshore_wind_generation,Wind Offshore | Actual Aggregated,2026-09-04T19:46:09Z
2026-09-04T19:44:00Z,2026-09-04T21:44:00+0200,38b8bb2e-e325-47df-93a9-09dcd899994c,2026-09-01T21:00:00Z,2026-09-01T23:00:00+0200,5.253,MW,NL,NL,actual_offshore_wind_generation,Wind Offshore | Actual Consumption,2026-09-04T19:46:09Z
2026-09-04T19:44:00Z,2026-09-04T21:44:00+0200,38b8bb2e-e325-47df-93a9-09dcd899994c,2026-09-01T21:15:00Z,2026-09-01T23:15:00+0200,1370.911,MW,NL,NL,actual_offshore_wind_generation,Wind Offshore | Actual Aggregated,2026-09-04T19:46:09Z
2026-09-04T19:44:00Z,2026-09-04T21:44:00+0200,38b8bb2e-e325-47df-93a9-09dcd899994c,2026-09-01T21:15:00Z,2026-09-01T23:15:00+0200,6.497,MW,NL,NL,actual_offshore_wind_generation,Wind Offshore | Actual Consumption,2026-09-04T19:46:09Z
2026-09-04T19:44:00Z,2026-09-04T21:44:00+0200,38b8bb2e-e325-47df-93a9-09dcd899994c,2026-09-01T21:30:00Z,2026-09-01T23:30:00+0200,1426.361,MW,NL,NL,actual_offshore_wind_generation,Wind Offshore | Actual Aggregated,2026-09-04T19:46:09Z
2026-09-04T19:44:00Z,2026-09-04T21:44:00+0200,38b8bb2e-e325-47df-93a9-09dcd899994c,2026-09-01T21:30:00Z,2026-09-01T23:30:00+0200,8.17,MW,NL,NL,actual_offshore_wind_generation,Wind Offshore | Actual Consumption,2026-09-04T19:46:09Z
2026-09-04T19:44:00Z,2026-09-04T21:44:00+0200,38b8bb2e-e325-47df-93a9-09dcd899994c,2026-09-01T21:45:00Z,2026-09-01T23:45:00+0200,1442.149,MW,NL,NL,actual_offshore_wind_generation,Wind Offshore | Actual Aggregated,2026-09-04T19:46:09Z
2026-09-04T19:44:00Z,2026-09-04T21:44:00+0200,38b8bb2e-e325-47df-93a9-09dcd899994c,2026-09-01T21:45:00Z,2026-09-01T23:45:00+0200,6.602,MW,NL,NL,actual_offshore_wind_generation,Wind Offshore | Actual Consumption,2026-09-04T19:46:09Z
2026-09-04T19:44:00Z,2026-09-04T21:44:00+0200,38b8bb2e-e325-47df-93a9-09dcd899994c,2026-09-01T22:00:00Z,2026-09-02T00:00:00+0200,1431.819,MW,NL,NL,actual_offshore_wind_generation,Wind Offshore | Actual Aggregated,2026-09-04T19:46:09Z
2026-09-04T19:44:00Z,2026-09-04T21:44:00+0200,38b8bb2e-e325-47df-93a9-09dcd899994c,2026-09-01T22:00:00Z,2026-09-02T00:00:00+0200,5.754,MW,NL,NL,actual_offshore_wind_generation,Wind Offshore | Actual Consumption,2026-09-04T19:46:09Z
2026-09-04T19:44:00Z,2026-09-04T21:44:00+0200,38b8bb2e-e325-47df-93a9-09dcd899994c,2026-09-01T22:15:00Z,2026-09-02T00:15:00+0200,1477.392,MW,NL,NL,actual_offshore_wind_generation,Wind Offshore | Actual Aggregated,2026-09-04T19:46:09Z
2026-09-04T19:44:00Z,2026-09-04T21:44:00+0200,38b8bb2e-e325-47df-93a9-09dcd899994c,2026-09-01T22:15:00Z,2026-09-02T00:15:00+0200,5.595,MW,NL,NL,actual_offshore_wind_generation,Wind Offshore | Actual Consumption,2026-09-04T19:46:09Z
2026-09-04T19:44:00Z,2026-09-04T21:44:00+0200,38b8bb2e-e325-47df-93a9-09dcd899994c,2026-09-01T22:30:00Z,2026-09-02T00:30:00+0200,1580.43,MW,NL,NL,actual_offshore_wind_generation,Wind Offshore | Actual Aggregated,2026-09-04T19:46:09Z
2026-09-04T19:44:00Z,2026-09-04T21:44:00+0200,38b8bb2e-e325-47df-93a9-09dcd899994c,2026-09-01T22:30:00Z,2026-09-02T00:30:00+0200,6.594,MW,NL,NL,actual_offshore_wind_generation,Wind Offshore | Actual Consumption,2026-09-04T19:46:09Z
2026-09-04T19:44:00Z,2026-09-04T21:44:00+0200,38b8bb2e-e325-47df-93a9-09dcd899994c,2026-09-01T22:45:00Z,2026-09-02T00:45:00+0200,1585.525,MW,NL,NL,actual_offshore_wind_generation,Wind Offshore | Actual Aggregated,2026-09-04T19:46:09Z
2026-09-04T19:44:00Z,2026-09-04T21:44:00+0200,38b8bb2e-e325-47df-93a9-09dcd899994c,2026-09-01T22:45:00Z,2026-09-02T00:45:00+0200,4.462,MW,NL,NL,actual_offshore_wind_generation,Wind Offshore | Actual Consumption,2026-09-04T19:46:09Z
2026-09-04T19:44:00Z,2026-09-04T21:44:00+0200,38b8bb2e-e325-47df-93a9-09dcd899994c,2026-09-01T23:00:00Z,2026-09-02T01:00:00+0200,1488.552,MW,NL,NL,actual_offshore_wind_generation,Wind Offshore | Actual Aggregated,2026-09-04T19:46:09Z
2026-09-04T19:44:00Z,2026-09-04T21:44:00+0200,38b8bb2e-e325-47df-93a9-09dcd899994c,2026-09-01T23:00:00Z,2026-09-02T01:00:00+0200,4.323,MW,NL,NL,actual_offshore_wind_generation,Wind Offshore | Actual Consumption,2026-09-04T19:46:09Z
2026-09-04T19:44:00Z,2026-09-04T21:44:00+0200,38b8bb2e-e325-47df-93a9-09dcd899994c,2026-09-01T23:15:00Z,2026-09-02T01:15:00+0200,1504.211,MW,NL,NL,actual_offshore_wind_generation,Wind Offshore | Actual Aggregated,2026-09-04T19:46:09Z
2026-09-04T19:44:00Z,2026-09-04T21:44:00+0200,38b8bb2e-e325-47df-93a9-09dcd899994c,2026-09-01T23:15:00Z,2026-09-02T01:15:00+0200,3.658,MW,NL,NL,actual_offshore_wind_generation,Wind Offshore | Actual Consumption,2026-09-04T19:46:09Z
2026-09-04T19:44:00Z,2026-09-04T21:44:00+0200,38b8bb2e-e325-47df-93a9-09dcd899994c,2026-09-01T23:30:00Z,2026-09-02T01:30:00+0200,1512.619,MW,NL,NL,actual_offshore_wind_generation,Wind Offshore | Actual Aggregated,2026-09-04T19:46:09Z
2026-09-04T19:44:00Z,2026-09-04T21:44:00+0200,38b8bb2e-e325-47df-93a9-09dcd899994c,2026-09-01T23:30:00Z,2026-09-02T01:30:00+0200,3.379,MW,NL,NL,actual_offshore_wind_generation,Wind Offshore | Actual Consumption,2026-09-04T19:46:09Z
2026-09-04T19:44:00Z,2026-09-04T21:44:00+0200,38b8bb2e-e325-47df-93a9-09dcd899994c,2026-09-01T23:45:00Z,2026-09-02T01:45:00+0200,1500.088,MW,NL,NL,actual_offshore_wind_generation,Wind Offshore | Actual Aggregated,2026-09-04T19:46:09Z
2026-09-04T19:44:00Z,2026-09-04T21:44:00+0200,38b8bb2e-e325-47df-93a9-09dcd899994c,2026-09-01T23:45:00Z,2026-09-02T01:45:00+0200,3.655,MW,NL,NL,actual_offshore_wind_generation,Wind Offshore | Actual Consumption,2026-09-04T19:46:09Z
2026-09-04T19:44:00Z,2026-09-04T21:44:00+0200,38b8bb2e-e325-47df-93a9-09dcd899994c,2026-09-02T00:00:00Z,2026-09-02T02:00:00+0200,1456.873,MW,NL,NL,actual_offshore_wind_generation,Wind Offshore | Actual Aggregated,2026-09-04T19:46:09Z
2026-09-04T19:44:00Z,2026-09-04T21:44:00+0200,38b8bb2e-e325-47df-93a9-09dcd899994c,2026-09-02T00:00:00Z,2026-09-02T02:00:00+0200,3.246,MW,NL,NL,actual_offshore_wind_generation,Wind Offshore | Actual Consumption,2026-09-04T19:46:09Z
2026-09-04T19:44:00Z,2026-09-04T21:44:00+0200,38b8bb2e-e325-47df-93a9-09dcd899994c,2026-09-02T00:15:00Z,2026-09-02T02:15:00+0200,1429.06,MW,NL,NL,actual_offshore_wind_generation,Wind Offshore | Actual Aggregated,2026-09-04T19:46:09Z
2026-09-04T19:44:00Z,2026-09-04T21:44:00+0200,38b8bb2e-e325-47df-93a9-09dcd899994c,2026-09-02T00:15:00Z,2026-09-02T02:15:00+0200,3.224,MW,NL,NL,actual_offshore_wind_generation,Wind Offshore | Actual Consumption,2026-09-04T19:46:09Z
2026-09-04T19:44:00Z,2026-09-04T21:44:00+0200,38b8bb2e-e325-47df-93a9-09dcd899994c,2026-09-02T00:30:00Z,2026-09-02T02:30:00+0200,1427.922,MW,NL,NL,actual_offshore_wind_generation,Wind Offshore | Actual Aggregated,2026-09-04T19:46:09Z
2026-09-04T19:44:00Z,2026-09-04T21:44:00+0200,38b8bb2e-e325-47df-93a9-09dcd899994c,2026-09-02T00:30:00Z,2026-09-02T02:30:00+0200,2.548,MW,NL,NL,actual_offshore_wind_generation,Wind Offshore | Actual Consumption,2026-09-04T19:46:09Z
2026-09-04T19:44:00Z,2026-09-04T21:44:00+0200,38b8bb2e-e325-47df-93a9-09dcd899994c,2026-09-02T00:45:00Z,2026-09-02T02:45:00+0200,1402.577,MW,NL,NL,actual_offshore_wind_generation,Wind Offshore | Actual Aggregated,2026-09-04T19:46:09Z
2026-09-04T19:44:00Z,2026-09-04T21:44:00+0200,38b8bb2e-e325-47df-93a9-09dcd899994c,2026-09-02T00:45:00Z,2026-09-02T02:45:00+0200,2.721,MW,NL,NL,actual_offshore_wind_generation,Wind Offshore | Actual Consumption,2026-09-04T19:46:09Z
2026-09-04T19:44:00Z,2026-09-04T21:44:00+0200,38b8bb2e-e325-47df-93a9-09dcd899994c,2026-09-02T01:00:00Z,2026-09-02T03:00:00+0200,1324.452,MW,NL,NL,actual_offshore_wind_generation,Wind Offshore | Actual Aggregated,2026-09-04T19:46:09Z
2026-09-04T19:44:00Z,2026-09-04T21:44:00+0200,38b8bb2e-e325-47df-93a9-09dcd899994c,2026-09-02T01:00:00Z,2026-09-02T03:00:00+0200,1.98,MW,NL,NL,actual_offshore_wind_generation,Wind Offshore | Actual Consumption,2026-09-04T19:46:09Z
2026-09-04T19:44:00Z,2026-09-04T21:44:00+0200,38b8bb2e-e325-47df-93a9-09dcd899994c,2026-09-02T01:15:00Z,2026-09-02T03:15:00+0200,1257.394,MW,NL,NL,actual_offshore_wind_generation,Wind Offshore | Actual Aggregated,2026-09-04T19:46:09Z
2026-09-04T19:44:00Z,2026-09-04T21:44:00+0200,38b8bb2e-e325-47df-93a9-09dcd899994c,2026-09-02T01:15:00Z,2026-09-02T03:15:00+0200,2.34,MW,NL,NL,actual_offshore_wind_generation,Wind Offshore | Actual Consumption,2026-09-04T19:46:09Z
2026-09-04T19:44:00Z,2026-09-04T21:44:00+0200,38b8bb2e-e325-47df-93a9-09dcd899994c,2026-09-02T01:30:00Z,2026-09-02T03:30:00+0200,1256.319,MW,NL,NL,actual_offshore_wind_generation,Wind Offshore | Actual Aggregated,2026-09-04T19:46:09Z
2026-09-04T19:44:00Z,2026-09-04T21:44:00+0200,38b8bb2e-e325-47df-93a9-09dcd899994c,2026-09-02T01:30:00Z,2026-09-02T03:30:00+0200,2.007,MW,NL,NL,actual_offshore_wind_generation,Wind Offshore | Actual Consumption,2026-09-04T19:46:09Z
2026-09-04T19:44:00Z,2026-09-04T21:44:00+0200,38b8bb2e-e325-47df-93a9-09dcd899994c,2026-09-02T01:45:00Z,2026-09-02T03:45:00+0200,1232.777,MW,NL,NL,actual_offshore_wind_generation,Wind Offshore | Actual Aggregated,2026-09-04T19:46:09Z
2026-09-04T19:44:00Z,2026-09-04T21:44:00+0200,38b8bb2e-e325-47df-93a9-09dcd899994c,2026-09-02T01:45:00Z,2026-09-02T03:45:00+0200,2.004,MW,NL,NL,actual_offshore_wind_generation,Wind Offshore | Actual Consumption,2026-09-04T19:46:09Z
2026-09-04T19:44:00Z,2026-09-04T21:44:00+0200,38b8bb2e-e325-47df-93a9-09dcd899994c,2026-09-02T02:00:00Z,2026-09-02T04:00:00+0200,1180.903,MW,NL,NL,actual_offshore_wind_generation,Wind Offshore | Actual Aggregated,2026-09-04T19:46:09Z
2026-09-04T19:44:00Z,2026-09-04T21:44:00+0200,38b8bb2e-e325-47df-93a9-09dcd899994c,2026-09-02T02:00:00Z,2026-09-02T04:00:00+0200,1.468,MW,NL,NL,actual_offshore_wind_generation,Wind Offshore | Actual Consumption,2026-09-04T19:46:09Z
2026-09-04T19:44:00Z,2026-09-04T21:44:00+0200,38b8bb2e-e325-47df-93a9-09dcd899994c,2026-09-02T02:15:00Z,2026-09-02T04:15:00+0200,1108.876,MW,NL,NL,actual_offshore_wind_generation,Wind Offshore | Actual Aggregated,2026-09-04T19:46:09Z
2026-09-04T19:44:00Z,2026-09-04T21:44:00+0200,38b8bb2e-e325-47df-93a9-09dcd899994c,2026-09-02T02:15:00Z,2026-09-02T04:15:00+0200,1.401,MW,NL,NL,actual_offshore_wind_generation,Wind Offshore | Actual Consumption,2026-09-04T19:46:09Z
2026-09-04T19:44:00Z,2026-09-04T21:44:00+0200,38b8bb2e-e325-47df-93a9-09dcd899994c,2026-09-02T02:30:00Z,2026-09-02T04:30:00+0200,1066.196,MW,NL,NL,actual_offshore_wind_generation,Wind Offshore | Actual Aggregated,2026-09-04T19:46:09Z
2026-09-04T19:44:00Z,2026-09-04T21:44:00+0200,38b8bb2e-e325-47df-93a9-09dcd899994c,2026-09-02T02:30:00Z,2026-09-02T04:30:00+0200,1.414,MW,NL,NL,actual_offshore_wind_generation,Wind Offshore | Actual Consumption,2026-09-04T19:46:09Z
2026-09-04T19:44:00Z,2026-09-04T21:44:00+0200,38b8bb2e-e325-47df-93a9-09dcd899994c,2026-09-02T02:45:00Z,2026-09-02T04:45:00+0200,1059.032,MW,NL,NL,actual_offshore_wind_generation,Wind Offshore | Actual Aggregated,2026-09-04T19:46:09Z
2026-09-04T19:44:00Z,2026-09-04T21:44:00+0200,38b8bb2e-e325-47df-93a9-09dcd899994c,2026-09-02T02:45:00Z,2026-09-02T04:45:00+0200,1.427,MW,NL,NL,actual_offshore_wind_generation,Wind Offshore | Actual Consumption,2026-09-04T19:46:09Z
2026-09-04T19:44:00Z,2026-09-04T21:44:00+0200,38b8bb2e-e325-47df-93a9-09dcd899994c,2026-09-02T03:00:00Z,2026-09-02T05:00:00+0200,1030.985,MW,NL,NL,actual_offshore_wind_generation,Wind Offshore | Actual Aggregated,2026-09-04T19:46:09Z
2026-09-04T19:44:00Z,2026-09-04T21:44:00+0200,38b8bb2e-e325-47df-93a9-09dcd899994c,2026-09-02T03:00:00Z,2026-09-02T05:00:00+0200,1.302,MW,NL,NL,actual_offshore_wind_generation,Wind Offshore | Actual Consumption,2026-09-04T19:46:09Z
2026-09-04T19:44:00Z,2026-09-04T21:44:00+0200,38b8bb2e-e325-47df-93a9-09dcd899994c,2026-09-02T03:15:00Z,2026-09-02T05:15:00+0200,948.971,MW,NL,NL,actual_offshore_wind_generation,Wind Offshore | Actual Aggregated,2026-09-04T19:46:09Z
2026-09-04T19:44:00Z,2026-09-04T21:44:00+0200,38b8bb2e-e325-47df-93a9-09dcd899994c,2026-09-02T03:15:00Z,2026-09-02T05:15:00+0200,1.546,MW,NL,NL,actual_offshore_wind_generation,Wind Offshore | Actual Consumption,2026-09-04T19:46:09Z
2026-09-04T19:44:00Z,2026-09-04T21:44:00+0200,38b8bb2e-e325-47df-93a9-09dcd899994c,2026-09-02T03:30:00Z,2026-09-02T05:30:00+0200,894.936,MW,NL,NL,actual_offshore_wind_generation,Wind Offshore | Actual Aggregated,2026-09-04T19:46:09Z
2026-09-04T19:44:00Z,2026-09-04T21:44:00+0200,38b8bb2e-e325-47df-93a9-09dcd899994c,2026-09-02T03:30:00Z,2026-09-02T05:30:00+0200,1.647,MW,NL,NL,actual_offshore_wind_generation,Wind Offshore | Actual Consumption,2026-09-04T19:46:09Z
2026-09-04T19:44:00Z,2026-09-04T21:44:00+0200,38b8bb2e-e325-47df-93a9-09dcd899994c,2026-09-02T03:45:00Z,2026-09-02T05:45:00+0200,817.8,MW,NL,NL,actual_offshore_wind_generation,Wind Offshore | Actual Aggregated,2026-09-04T19:46:09Z
2026-09-04T19:44:00Z,2026-09-04T21:44:00+0200,38b8bb2e-e325-47df-93a9-09dcd899994c,2026-09-02T03:45:00Z,2026-09-02T05:45:00+0200,1.76,MW,NL,NL,actual_offshore_wind_generation,Wind Offshore | Actual Consumption,2026-09-04T19:46:09Z
2026-09-04T19:44:00Z,2026-09-04T21:44:00+0200,38b8bb2e-e325-47df-93a9-09dcd899994c,2026-09-02T04:00:00Z,2026-09-02T06:00:00+0200,751.567,MW,NL,NL,actual_offshore_wind_generation,Wind Offshore | Actual Aggregated,2026-09-04T19:46:09Z
2026-09-04T19:44:00Z,2026-09-04T21:44:00+0200,38b8bb2e-e325-47df-93a9-09dcd899994c,2026-09-02T04:00:00Z,2026-09-02T06:00:00+0200,1.209,MW,NL,NL,actual_offshore_wind_generation,Wind Offshore | Actual Consumption,2026-09-04T19:46:09Z
2026-09-04T19:44:00Z,2026-09-04T21:44:00+0200,38b8bb2e-e325-47df-93a9-09dcd899994c,2026-09-02T04:15:00Z,2026-09-02T06:15:00+0200,669.938,MW,NL,NL,actual_offshore_wind_generation,Wind Offshore | Actual Aggregated,2026-09-04T19:46:09Z
2026-09-04T19:44:00Z,2026-09-04T21:44:00+0200,38b8bb2e-e325-47df-93a9-09dcd899994c,2026-09-02T04:15:00Z,2026-09-02T06:15:00+0200,1.329,MW,NL,NL,actual_offshore_wind_generation,Wind Offshore | Actual Consumption,2026-09-04T19:46:09Z
2026-09-04T19:44:00Z,2026-09-04T21:44:00+0200,38b8bb2e-e325-47df-93a9-09dcd899994c,2026-09-02T04:30:00Z,2026-09-02T06:30:00+0200,592.463,MW,NL,NL,actual_offshore_wind_generation,Wind Offshore | Actual Aggregated,2026-09-04T19:46:09Z
2026-09-04T19:44:00Z,2026-09-04T21:44:00+0200,38b8bb2e-e325-47df-93a9-09dcd899994c,2026-09-02T04:30:00Z,2026-09-02T06:30:00+0200,1.212,MW,NL,NL,actual_offshore_wind_generation,Wind Offshore | Actual Consumption,2026-09-04T19:46:09Z
2026-09-04T19:44:00Z,2026-09-04T21:44:00+0200,38b8bb2e-e325-47df-93a9-09dcd899994c,2026-09-02T04:45:00Z,2026-09-02T06:45:00+0200,528.618,MW,NL,NL,actual_offshore_wind_generation,Wind Offshore | Actual Aggregated,2026-09-04T19:46:09Z
2026-09-04T19:44:00Z,2026-09-04T21:44:00+0200,38b8bb2e-e325-47df-93a9-09dcd899994c,2026-09-02T04:45:00Z,2026-09-02T06:45:00+0200,0.105,MW,NL,NL,actual_offshore_wind_generation,Wind Offshore | Actual Consumption,2026-09-04T19:46:09Z
2026-09-04T19:44:00Z,2026-09-04T21:44:00+0200,38b8bb2e-e325-47df-93a9-09dcd899994c,2026-09-02T05:00:00Z,2026-09-02T07:00:00+0200,533.342,MW,NL,NL,actual_offshore_wind_generation,Wind Offshore | Actual Aggregated,2026-09-04T19:46:09Z
2026-09-04T19:44:00Z,2026-09-04T21:44:00+0200,38b8bb2e-e325-47df-93a9-09dcd899994c,2026-09-02T05:00:00Z,2026-09-02T07:00:00+0200,0.613,MW,NL,NL,actual_offshore_wind_generation,Wind Offshore | Actual Consumption,2026-09-04T19:46:09Z
2026-09-04T19:44:00Z,2026-09-04T21:44:00+0200,38b8bb2e-e325-47df-93a9-09dcd899994c,2026-09-02T05:15:00Z,2026-09-02T07:15:00+0200,528.183,MW,NL,NL,actual_offshore_wind_generation,Wind Offshore | Actual Aggregated,2026-09-04T19:46:09Z
2026-09-04T19:44:00Z,2026-09-04T21:44:00+0200,38b8bb2e-e325-47df-93a9-09dcd899994c,2026-09-02T05:15:00Z,2026-09-02T07:15:00+0200,0.516,MW,NL,NL,actual_offshore_wind_generation,Wind Offshore | Actual Consumption,2026-09-04T19:46:09Z
2026-09-04T19:44:00Z,2026-09-04T21:44:00+0200,38b8bb2e-e325-47df-93a9-09dcd899994c,2026-09-02T05:30:00Z,2026-09-02T07:30:00+0200,533.838,MW,NL,NL,actual_offshore_wind_generation,Wind Offshore | Actual Aggregated,2026-09-04T19:46:09Z
2026-09-04T19:44:00Z,2026-09-04T21:44:00+0200,38b8bb2e-e325-47df-93a9-09dcd899994c,2026-09-02T05:30:00Z,2026-09-02T07:30:00+0200,0.0,MW,NL,NL,actual_offshore_wind_generation,Wind Offshore | Actual Consumption,2026-09-04T19:46:09Z
2026-09-04T19:44:00Z,2026-09-04T21:44:00+0200,38b8bb2e-e325-47df-93a9-09dcd899994c,2026-09-02T05:45:00Z,2026-09-02T07:45:00+0200,630.645,MW,NL,NL,actual_offshore_wind_generation,Wind Offshore | Actual Aggregated,2026-09-04T19:46:09Z
2026-09-04T19:44:00Z,2026-09-04T21:44:00+0200,38b8bb2e-e325-47df-93a9-09dcd899994c,2026-09-02T05:45:00Z,2026-09-02T07:45:00+0200,0.0,MW,NL,NL,actual_offshore_wind_generation,Wind Offshore | Actual Consumption,2026-09-04T19:46:09Z
2026-09-04T19:44:00Z,2026-09-04T21:44:00+0200,38b8bb2e-e325-47df-93a9-09dcd899994c,2026-09-02T06:00:00Z,2026-09-02T08:00:00+0200,709.47,MW,NL,NL,actual_offshore_wind_generation,Wind Offshore | Actual Aggregated,2026-09-04T19:46:09Z
2026-09-04T19:44:00Z,2026-09-04T21:44:00+0200,38b8bb2e-e325-47df-93a9-09dcd899994c,2026-09-02T06:00:00Z,2026-09-02T08:00:00+0200,1.144,MW,NL,NL,actual_offshore_wind_generation,Wind Offshore | Actual Consumption,2026-09-04T19:46:09Z
2026-09-04T19:44:00Z,2026-09-04T21:44:00+0200,38b8bb2e-e325-47df-93a9-09dcd899994c,2026-09-02T06:15:00Z,2026-09-02T08:15:00+0200,769.981,MW,NL,NL,actual_offshore_wind_generation,Wind Offshore | Actual Aggregated,2026-09-04T19:46:09Z
2026-09-04T19:44:00Z,2026-09-04T21:44:00+0200,38b8bb2e-e325-47df-93a9-09dcd899994c,2026-09-02T06:15:00Z,2026-09-02T08:15:00+0200,1.445,MW,NL,NL,actual_offshore_wind_generation,Wind Offshore | Actual Consumption,2026-09-04T19:46:09Z
2026-09-04T19:44:00Z,2026-09-04T21:44:00+0200,38b8bb2e-e325-47df-93a9-09dcd899994c,2026-09-02T06:30:00Z,2026-09-02T08:30:00+0200,878.158,MW,NL,NL,actual_offshore_wind_generation,Wind Offshore | Actual Aggregated,2026-09-04T19:46:09Z
2026-09-04T19:44:00Z,2026-09-04T21:44:00+0200,38b8bb2e-e325-47df-93a9-09dcd899994c,2026-09-02T06:30:00Z,2026-09-02T08:30:00+0200,2.097,MW,NL,NL,actual_offshore_wind_generation,Wind Offshore | Actual Consumption,2026-09-04T19:46:09Z
2026-09-04T19:44:00Z,2026-09-04T21:44:00+0200,38b8bb2e-e325-47df-93a9-09dcd899994c,2026-09-02T06:45:00Z,2026-09-02T08:45:00+0200,886.182,MW,NL,NL,actual_offshore_wind_generation,Wind Offshore | Actual Aggregated,2026-09-04T19:46:09Z
2026-09-04T19:44:00Z,2026-09-04T21:44:00+0200,38b8bb2e-e325-47df-93a9-09dcd899994c,2026-09-02T06:45:00Z,2026-09-02T08:45:00+0200,2.647,MW,NL,NL,actual_offshore_wind_generation,Wind Offshore | Actual Consumption,2026-09-04T19:46:09Z
2026-09-04T19:44:00Z,2026-09-04T21:44:00+0200,38b8bb2e-e325-47df-93a9-09dcd899994c,2026-09-02T07:00:00Z,2026-09-02T09:00:00+0200,845.309,MW,NL,NL,actual_offshore_wind_generation,Wind Offshore | Actual Aggregated,2026-09-04T19:46:09Z
2026-09-04T19:44:00Z,2026-09-04T21:44:00+0200,38b8bb2e-e325-47df-93a9-09dcd899994c,2026-09-02T07:00:00Z,2026-09-02T09:00:00+0200,3.822,MW,NL,NL,actual_offshore_wind_generation,Wind Offshore | Actual Consumption,2026-09-04T19:46:09Z
2026-09-04T19:44:00Z,2026-09-04T21:44:00+0200,38b8bb2e-e325-47df-93a9-09dcd899994c,2026-09-02T07:15:00Z,2026-09-02T09:15:00+0200,779.925,MW,NL,NL,actual_offshore_wind_generation,Wind Offshore | Actual Aggregated,2026-09-04T19:46:09Z
2026-09-04T19:44:00Z,2026-09-04T21:44:00+0200,38b8bb2e-e325-47df-93a9-09dcd899994c,2026-09-02T07:15:00Z,2026-09-02T09:15:00+0200,2.952,MW,NL,NL,actual_offshore_wind_generation,Wind Offshore | Actual Consumption,2026-09-04T19:46:09Z
2026-09-04T19:44:00Z,2026-09-04T21:44:00+0200,38b8bb2e-e325-47df-93a9-09dcd899994c,2026-09-02T07:30:00Z,2026-09-02T09:30:00+0200,716.912,MW,NL,NL,actual_offshore_wind_generation,Wind Offshore | Actual Aggregated,2026-09-04T19:46:09Z
2026-09-04T19:44:00Z,2026-09-04T21:44:00+0200,38b8bb2e-e325-47df-93a9-09dcd899994c,2026-09-02T07:30:00Z,2026-09-02T09:30:00+0200,1.662,MW,NL,NL,actual_offshore_wind_generation,Wind Offshore | Actual Consumption,2026-09-04T19:46:09Z
2026-09-04T19:44:00Z,2026-09-04T21:44:00+0200,38b8bb2e-e325-47df-93a9-09dcd899994c,2026-09-02T07:45:00Z,2026-09-02T09:45:00+0200,663.231,MW,NL,NL,actual_offshore_wind_generation,Wind Offshore | Actual Aggregated,2026-09-04T19:46:09Z
2026-09-04T19:44:00Z,2026-09-04T21:44:00+0200,38b8bb2e-e325-47df-93a9-09dcd899994c,2026-09-02T07:45:00Z,2026-09-02T09:45:00+0200,1.2,MW,NL,NL,actual_offshore_wind_generation,Wind Offshore | Actual Consumption,2026-09-04T19:46:09Z
2026-09-04T19:44:00Z,2026-09-04T21:44:00+0200,38b8bb2e-e325-47df-93a9-09dcd899994c,2026-09-02T08:00:00Z,2026-09-02T10:00:00+0200,680.594,MW,NL,NL,actual_offshore_wind_generation,Wind Offshore | Actual Aggregated,2026-09-04T19:46:09Z
2026-09-04T19:44:00Z,2026-09-04T21:44:00+0200,38b8bb2e-e325-47df-93a9-09dcd899994c,2026-09-02T08:00:00Z,2026-09-02T10:00:00+0200,1.287,MW,NL,NL,actual_offshore_wind_generation,Wind Offshore | Actual Consumption,2026-09-04T19:46:09Z
2026-09-04T19:44:00Z,2026-09-04T21:44:00+0200,38b8bb2e-e325-47df-93a9-09dcd899994c,2026-09-02T08:15:00Z,2026-09-02T10:15:00+0200,659.278,MW,NL,NL,actual_offshore_wind_generation,Wind Offshore | Actual Aggregated,2026-09-04T19:46:09Z
2026-09-04T19:44:00Z,2026-09-04T21:44:00+0200,38b8bb2e-e325-47df-93a9-09dcd899994c,2026-09-02T08:15:00Z,2026-09-02T10:15:00+0200,0.902,MW,NL,NL,actual_offshore_wind_generation,Wind Offshore | Actual Consumption,2026-09-04T19:46:09Z
2026-09-04T19:44:00Z,2026-09-04T21:44:00+0200,38b8bb2e-e325-47df-93a9-09dcd899994c,2026-09-02T08:30:00Z,2026-09-02T10:30:00+0200,665.825,MW,NL,NL,actual_offshore_wind_generation,Wind Offshore | Actual Aggregated,2026-09-04T19:46:09Z
2026-09-04T19:44:00Z,2026-09-04T21:44:00+0200,38b8bb2e-e325-47df-93a9-09dcd899994c,2026-09-02T08:30:00Z,2026-09-02T10:30:00+0200,1.275,MW,NL,NL,actual_offshore_wind_generation,Wind Offshore | Actual Consumption,2026-09-04T19:46:09Z
2026-09-04T19:44:00Z,2026-09-04T21:44:00+0200,38b8bb2e-e325-47df-93a9-09dcd899994c,2026-09-02T08:45:00Z,2026-09-02T10:45:00+0200,656.974,MW,NL,NL,actual_offshore_wind_generation,Wind Offshore | Actual Aggregated,2026-09-04T19:46:09Z
2026-09-04T19:44:00Z,2026-09-04T21:44:00+0200,38b8bb2e-e325-47df-93a9-09dcd899994c,2026-09-02T08:45:00Z,2026-09-02T10:45:00+0200,1.075,MW,NL,NL,actual_offshore_wind_generation,Wind Offshore | Actual Consumption,2026-09-04T19:46:09Z
2026-09-04T19:44:00Z,2026-09-04T21:44:00+0200,38b8bb2e-e325-47df-93a9-09dcd899994c,2026-09-02T09:00:00Z,2026-09-02T11:00:00+0200,743.435,MW,NL,NL,actual_offshore_wind_generation,Wind Offshore | Actual Aggregated,2026-09-04T19:46:09Z
2026-09-04T19:44:00Z,2026-09-04T21:44:00+0200,38b8bb2e-e325-47df-93a9-09dcd899994c,2026-09-02T09:00:00Z,2026-09-02T11:00:00+0200,1.159,MW,NL,NL,actual_offshore_wind_generation,Wind Offshore | Actual Consumption,2026-09-04T19:46:09Z
2026-09-04T19:44:00Z,2026-09-04T21:44:00+0200,38b8bb2e-e325-47df-93a9-09dcd899994c,2026-09-02T09:15:00Z,2026-09-02T11:15:00+0200,812.153,MW,NL,NL,actual_offshore_wind_generation,Wind Offshore | Actual Aggregated,2026-09-04T19:46:09Z
2026-09-04T19:44:00Z,2026-09-04T21:44:00+0200,38b8bb2e-e325-47df-93a9-09dcd899994c,2026-09-02T09:15:00Z,2026-09-02T11:15:00+0200,1.123,MW,NL,NL,actual_offshore_wind_generation,Wind Offshore | Actual Consumption,2026-09-04T19:46:09Z
2026-09-04T19:44:00Z,2026-09-04T21:44:00+0200,38b8bb2e-e325-47df-93a9-09dcd899994c,2026-09-02T09:30:00Z,2026-09-02T11:30:00+0200,816.652,MW,NL,NL,actual_offshore_wind_generation,Wind Offshore | Actual Aggregated,2026-09-04T19:46:09Z
2026-09-04T19:44:00Z,2026-09-04T21:44:00+0200,38b8bb2e-e325-47df-93a9-09dcd899994c,2026-09-02T09:30:00Z,2026-09-02T11:30:00+0200,1.008,MW,NL,NL,actual_offshore_wind_generation,Wind Offshore | Actual Consumption,2026-09-04T19:46:09Z
2026-09-04T19:44:00Z,2026-09-04T21:44:00+0200,38b8bb2e-e325-47df-93a9-09dcd899994c,2026-09-02T09:45:00Z,2026-09-02T11:45:00+0200,856.78,MW,NL,NL,actual_offshore_wind_generation,Wind Offshore | Actual Aggregated,2026-09-04T19:46:09Z
2026-09-04T19:44:00Z,2026-09-04T21:44:00+0200,38b8bb2e-e325-47df-93a9-09dcd899994c,2026-09-02T09:45:00Z,2026-09-02T11:45:00+0200,1.119,MW,NL,NL,actual_offshore_wind_generation,Wind Offshore | Actual Consumption,2026-09-04T19:46:09Z
2026-09-04T19:44:00Z,2026-09-04T21:44:00+0200,38b8bb2e-e325-47df-93a9-09dcd899994c,2026-09-02T10:00:00Z,2026-09-02T12:00:00+0200,872.066,MW,NL,NL,actual_offshore_wind_generation,Wind Offshore | Actual Aggregated,2026-09-04T19:46:09Z
2026-09-04T19:44:00Z,2026-09-04T21:44:00+0200,38b8bb2e-e325-47df-93a9-09dcd899994c,2026-09-02T10:00:00Z,2026-09-02T12:00:00+0200,1.242,MW,NL,NL,actual_offshore_wind_generation,Wind Offshore | Actual Consumption,2026-09-04T19:46:09Z
2026-09-04T19:44:00Z,2026-09-04T21:44:00+0200,38b8bb2e-e325-47df-93a9-09dcd899994c,2026-09-02T10:15:00Z,2026-09-02T12:15:00+0200,914.695,MW,NL,NL,actual_offshore_wind_generation,Wind Offshore | Actual Aggregated,2026-09-04T19:46:09Z
2026-09-04T19:44:00Z,2026-09-04T21:44:00+0200,38b8bb2e-e325-47df-93a9-09dcd899994c,2026-09-02T10:15:00Z,2026-09-02T12:15:00+0200,1.238,MW,NL,NL,actual_offshore_wind_generation,Wind Offshore | Actual Consumption,2026-09-04T19:46:09Z
2026-09-04T19:44:00Z,2026-09-04T21:44:00+0200,38b8bb2e-e325-47df-93a9-09dcd899994c,2026-09-02T10:30:00Z,2026-09-02T12:30:00+0200,925.095,MW,NL,NL,actual_offshore_wind_generation,Wind Offshore | Actual Aggregated,2026-09-04T19:46:09Z
2026-09-04T19:44:00Z,2026-09-04T21:44:00+0200,38b8bb2e-e325-47df-93a9-09dcd899994c,2026-09-02T10:30:00Z,2026-09-02T12:30:00+0200,1.644,MW,NL,NL,actual_offshore_wind_generation,Wind Offshore | Actual Consumption,2026-09-04T19:46:09Z
2026-09-04T19:44:00Z,2026-09-04T21:44:00+0200,38b8bb2e-e325-47df-93a9-09dcd899994c,2026-09-02T10:45:00Z,2026-09-02T12:45:00+0200,1028.267,MW,NL,NL,actual_offshore_wind_generation,Wind Offshore | Actual Aggregated,2026-09-04T19:46:09Z
2026-09-04T19:44:00Z,2026-09-04T21:44:00+0200,38b8bb2e-e325-47df-93a9-09dcd899994c,2026-09-02T10:45:00Z,2026-09-02T12:45:00+0200,1.216,MW,NL,NL,actual_offshore_wind_generation,Wind Offshore | Actual Consumption,2026-09-04T19:46:09Z
2026-09-04T19:44:00Z,2026-09-04T21:44:00+0200,38b8bb2e-e325-47df-93a9-09dcd899994c,2026-09-02T11:00:00Z,2026-09-02T13:00:00+0200,1066.748,MW,NL,NL,actual_offshore_wind_generation,Wind Offshore | Actual Aggregated,2026-09-04T19:46:09Z
2026-09-04T19:44:00Z,2026-09-04T21:44:00+0200,38b8bb2e-e325-47df-93a9-09dcd899994c,2026-09-02T11:00:00Z,2026-09-02T13:00:00+0200,1.231,MW,NL,NL,actual_offshore_wind_generation,Wind Offshore | Actual Consumption,2026-09-04T19:46:09Z
2026-09-04T19:44:00Z,2026-09-04T21:44:00+0200,38b8bb2e-e325-47df-93a9-09dcd899994c,2026-09-02T11:15:00Z,2026-09-02T13:15:00+0200,1010.062,MW,NL,NL,actual_offshore_wind_generation,Wind Offshore | Actual Aggregated,2026-09-04T19:46:09Z
2026-09-04T19:44:00Z,2026-09-04T21:44:00+0200,38b8bb2e-e325-47df-93a9-09dcd899994c,2026-09-02T11:15:00Z,2026-09-02T13:15:00+0200,1.78,MW,NL,NL,actual_offshore_wind_generation,Wind Offshore | Actual Consumption,2026-09-04T19:46:09Z
2026-09-04T19:44:00Z,2026-09-04T21:44:00+0200,38b8bb2e-e325-47df-93a9-09dcd899994c,2026-09-02T11:30:00Z,2026-09-02T13:30:00+0200,997.792,MW,NL,NL,actual_offshore_wind_generation,Wind Offshore | Actual Aggregated,2026-09-04T19:46:09Z
2026-09-04T19:44:00Z,2026-09-04T21:44:00+0200,38b8bb2e-e325-47df-93a9-09dcd899994c,2026-09-02T11:30:00Z,2026-09-02T13:30:00+0200,1.277,MW,NL,NL,actual_offshore_wind_generation,Wind Offshore | Actual Consumption,2026-09-04T19:46:09Z
2026-09-04T19:44:00Z,2026-09-04T21:44:00+0200,38b8bb2e-e325-47df-93a9-09dcd899994c,2026-09-02T11:45:00Z,2026-09-02T13:45:00+0200,1018.301,MW,NL,NL,actual_offshore_wind_generation,Wind Offshore | Actual Aggregated,2026-09-04T19:46:09Z
2026-09-04T19:44:00Z,2026-09-04T21:44:00+0200,38b8bb2e-e325-47df-93a9-09dcd899994c,2026-09-02T11:45:00Z,2026-09-02T13:45:00+0200,2.011,MW,NL,NL,actual_offshore_wind_generation,Wind Offshore | Actual Consumption,2026-09-04T19:46:09Z
2026-09-04T19:44:00Z,2026-09-04T21:44:00+0200,38b8bb2e-e325-47df-93a9-09dcd899994c,2026-09-02T12:00:00Z,2026-09-02T14:00:00+0200,1074.751,MW,NL,NL,actual_offshore_wind_generation,Wind Offshore | Actual Aggregated,2026-09-04T19:46:09Z
2026-09-04T19:44:00Z,2026-09-04T21:44:00+0200,38b8bb2e-e325-47df-93a9-09dcd899994c,2026-09-02T12:00:00Z,2026-09-02T14:00:00+0200,2.269,MW,NL,NL,actual_offshore_wind_generation,Wind Offshore | Actual Consumption,2026-09-04T19:46:09Z
2026-09-04T19:44:00Z,2026-09-04T21:44:00+0200,38b8bb2e-e325-47df-93a9-09dcd899994c,2026-09-02T12:15:00Z,2026-09-02T14:15:00+0200,1045.869,MW,NL,NL,actual_offshore_wind_generation,Wind Offshore | Actual Aggregated,2026-09-04T19:46:09Z
2026-09-04T19:44:00Z,2026-09-04T21:44:00+0200,38b8bb2e-e325-47df-93a9-09dcd899994c,2026-09-02T12:15:00Z,2026-09-02T14:15:00+0200,3.86,MW,NL,NL,actual_offshore_wind_generation,Wind Offshore | Actual Consumption,2026-09-04T19:46:09Z
2026-09-04T19:44:00Z,2026-09-04T21:44:00+0200,38b8bb2e-e325-47df-93a9-09dcd899994c,2026-09-02T12:30:00Z,2026-09-02T14:30:00+0200,1056.212,MW,NL,NL,actual_offshore_wind_generation,Wind Offshore | Actual Aggregated,2026-09-04T19:46:09Z
2026-09-04T19:44:00Z,2026-09-04T21:44:00+0200,38b8bb2e-e325-47df-93a9-09dcd899994c,2026-09-02T12:30:00Z,2026-09-02T14:30:00+0200,4.678,MW,NL,NL,actual_offshore_wind_generation,Wind Offshore | Actual Consumption,2026-09-04T19:46:09Z
2026-09-04T19:44:00Z,2026-09-04T21:44:00+0200,38b8bb2e-e325-47df-93a9-09dcd899994c,2026-09-02T12:45:00Z,2026-09-02T14:45:00+0200,1138.807,MW,NL,NL,actual_offshore_wind_generation,Wind Offshore | Actual Aggregated,2026-09-04T19:46:09Z
2026-09-04T19:44:00Z,2026-09-04T21:44:00+0200,38b8bb2e-e325-47df-93a9-09dcd899994c,2026-09-02T12:45:00Z,2026-09-02T14:45:00+0200,3.089,MW,NL,NL,actual_offshore_wind_generation,Wind Offshore | Actual Consumption,2026-09-04T19:46:09Z
2026-09-04T19:44:00Z,2026-09-04T21:44:00+0200,38b8bb2e-e325-47df-93a9-09dcd899994c,2026-09-02T13:00:00Z,2026-09-02T15:00:00+0200,1085.494,MW,NL,NL,actual_offshore_wind_generation,Wind Offshore | Actual Aggregated,2026-09-04T19:46:09Z
2026-09-04T19:44:00Z,2026-09-04T21:44:00+0200,38b8bb2e-e325-47df-93a9-09dcd899994c,2026-09-02T13:00:00Z,2026-09-02T15:00:00+0200,2.971,MW,NL,NL,actual_offshore_wind_generation,Wind Offshore | Actual Consumption,2026-09-04T19:46:09Z
2026-09-04T19:44:00Z,2026-09-04T21:44:00+0200,38b8bb2e-e325-47df-93a9-09dcd899994c,2026-09-02T13:15:00Z,2026-09-02T15:15:00+0200,1332.346,MW,NL,NL,actual_offshore_wind_generation,Wind Offshore | Actual Aggregated,2026-09-04T19:46:09Z
2026-09-04T19:44:00Z,2026-09-04T21:44:00+0200,38b8bb2e-e325-47df-93a9-09dcd899994c,2026-09-02T13:15:00Z,2026-09-02T15:15:00+0200,5.704,MW,NL,NL,actual_offshore_wind_generation,Wind Offshore | Actual Consumption,2026-09-04T19:46:09Z
2026-09-04T19:44:00Z,2026-09-04T21:44:00+0200,38b8bb2e-e325-47df-93a9-09dcd899994c,2026-09-02T13:30:00Z,2026-09-02T15:30:00+0200,1697.549,MW,NL,NL,actual_offshore_wind_generation,Wind Offshore | Actual Aggregated,2026-09-04T19:46:09Z
2026-09-04T19:44:00Z,2026-09-04T21:44:00+0200,38b8bb2e-e325-47df-93a9-09dcd899994c,2026-09-02T13:30:00Z,2026-09-02T15:30:00+0200,7.749,MW,NL,NL,actual_offshore_wind_generation,Wind Offshore | Actual Consumption,2026-09-04T19:46:09Z
2026-09-04T19:44:00Z,2026-09-04T21:44:00+0200,38b8bb2e-e325-47df-93a9-09dcd899994c,2026-09-02T13:45:00Z,2026-09-02T15:45:00+0200,1831.176,MW,NL,NL,actual_offshore_wind_generation,Wind Offshore | Actual Aggregated,2026-09-04T19:46:09Z
2026-09-04T19:44:00Z,2026-09-04T21:44:00+0200,38b8bb2e-e325-47df-93a9-09dcd899994c,2026-09-02T13:45:00Z,2026-09-02T15:45:00+0200,7.948,MW,NL,NL,actual_offshore_wind_generation,Wind Offshore | Actual Consumption,2026-09-04T19:46:09Z
2026-09-04T19:44:00Z,2026-09-04T21:44:00+0200,38b8bb2e-e325-47df-93a9-09dcd899994c,2026-09-02T14:00:00Z,2026-09-02T16:00:00+0200,2014.454,MW,NL,NL,actual_offshore_wind_generation,Wind Offshore | Actual Aggregated,2026-09-04T19:46:09Z
2026-09-04T19:44:00Z,2026-09-04T21:44:00+0200,38b8bb2e-e325-47df-93a9-09dcd899994c,2026-09-02T14:00:00Z,2026-09-02T16:00:00+0200,8.948,MW,NL,NL,actual_offshore_wind_generation,Wind Offshore | Actual Consumption,2026-09-04T19:46:09Z
2026-09-04T19:44:00Z,2026-09-04T21:44:00+0200,38b8bb2e-e325-47df-93a9-09dcd899994c,2026-09-02T14:15:00Z,2026-09-02T16:15:00+0200,2229.937,MW,NL,NL,actual_offshore_wind_generation,Wind Offshore | Actual Aggregated,2026-09-04T19:46:09Z
2026-09-04T19:44:00Z,2026-09-04T21:44:00+0200,38b8bb2e-e325-47df-93a9-09dcd899994c,2026-09-02T14:15:00Z,2026-09-02T16:15:00+0200,11.314,MW,NL,NL,actual_offshore_wind_generation,Wind Offshore | Actual Consumption,2026-09-04T19:46:09Z
2026-09-04T19:44:00Z,2026-09-04T21:44:00+0200,38b8bb2e-e325-47df-93a9-09dcd899994c,2026-09-02T14:30:00Z,2026-09-02T16:30:00+0200,2421.728,MW,NL,NL,actual_offshore_wind_generation,Wind Offshore | Actual Aggregated,2026-09-04T19:46:09Z
2026-09-04T19:44:00Z,2026-09-04T21:44:00+0200,38b8bb2e-e325-47df-93a9-09dcd899994c,2026-09-02T14:30:00Z,2026-09-02T16:30:00+0200,14.289,MW,NL,NL,actual_offshore_wind_generation,Wind Offshore | Actual Consumption,2026-09-04T19:46:09Z
2026-09-04T19:44:00Z,2026-09-04T21:44:00+0200,38b8bb2e-e325-47df-93a9-09dcd899994c,2026-09-02T14:45:00Z,2026-09-02T16:45:00+0200,2393.891,MW,NL,NL,actual_offshore_wind_generation,Wind Offshore | Actual Aggregated,2026-09-04T19:46:09Z
2026-09-04T19:44:00Z,2026-09-04T21:44:00+0200,38b8bb2e-e325-47df-93a9-09dcd899994c,2026-09-02T14:45:00Z,2026-09-02T16:45:00+0200,14.226,MW,NL,NL,actual_offshore_wind_generation,Wind Offshore | Actual Consumption,2026-09-04T19:46:09Z
2026-09-04T19:44:00Z,2026-09-04T21:44:00+0200,38b8bb2e-e325-47df-93a9-09dcd899994c,2026-09-02T15:00:00Z,2026-09-02T17:00:00+0200,2277.906,MW,NL,NL,actual_offshore_wind_generation,Wind Offshore | Actual Aggregated,2026-09-04T19:46:09Z
2026-09-04T19:44:00Z,2026-09-04T21:44:00+0200,38b8bb2e-e325-47df-93a9-09dcd899994c,2026-09-02T15:00:00Z,2026-09-02T17:00:00+0200,15.289,MW,NL,NL,actual_offshore_wind_generation,Wind Offshore | Actual Consumption,2026-09-04T19:46:09Z
2026-09-04T19:44:00Z,2026-09-04T21:44:00+0200,38b8bb2e-e325-47df-93a9-09dcd899994c,2026-09-02T15:15:00Z,2026-09-02T17:15:00+0200,2342.674,MW,NL,NL,actual_offshore_wind_generation,Wind Offshore | Actual Aggregated,2026-09-04T19:46:09Z
2026-09-04T19:44:00Z,2026-09-04T21:44:00+0200,38b8bb2e-e325-47df-93a9-09dcd899994c,2026-09-02T15:15:00Z,2026-09-02T17:15:00+0200,15.193,MW,NL,NL,actual_offshore_wind_generation,Wind Offshore | Actual Consumption,2026-09-04T19:46:09Z
2026-09-04T19:44:00Z,2026-09-04T21:44:00+0200,38b8bb2e-e325-47df-93a9-09dcd899994c,2026-09-02T15:30:00Z,2026-09-02T17:30:00+0200,2345.955,MW,NL,NL,actual_offshore_wind_generation,Wind Offshore | Actual Aggregated,2026-09-04T19:46:09Z
2026-09-04T19:44:00Z,2026-09-04T21:44:00+0200,38b8bb2e-e325-47df-93a9-09dcd899994c,2026-09-02T15:30:00Z,2026-09-02T17:30:00+0200,12.287,MW,NL,NL,actual_offshore_wind_generation,Wind Offshore | Actual Consumption,2026-09-04T19:46:09Z
2026-09-04T19:44:00Z,2026-09-04T21:44:00+0200,38b8bb2e-e325-47df-93a9-09dcd899994c,2026-09-02T15:45:00Z,2026-09-02T17:45:00+0200,2190.851,MW,NL,NL,actual_offshore_wind_generation,Wind Offshore | Actual Aggregated,2026-09-04T19:46:09Z
2026-09-04T19:44:00Z,2026-09-04T21:44:00+0200,38b8bb2e-e325-47df-93a9-09dcd899994c,2026-09-02T15:45:00Z,2026-09-02T17:45:00+0200,10.84,MW,NL,NL,actual_offshore_wind_generation,Wind Offshore | Actual Consumption,2026-09-04T19:46:09Z
2026-09-04T19:44:00Z,2026-09-04T21:44:00+0200,38b8bb2e-e325-47df-93a9-09dcd899994c,2026-09-02T16:00:00Z,2026-09-02T18:00:00+0200,2199.52,MW,NL,NL,actual_offshore_wind_generation,Wind Offshore | Actual Aggregated,2026-09-04T19:46:09Z
2026-09-04T19:44:00Z,2026-09-04T21:44:00+0200,38b8bb2e-e325-47df-93a9-09dcd899994c,2026-09-02T16:00:00Z,2026-09-02T18:00:00+0200,11.62,MW,NL,NL,actual_offshore_wind_generation,Wind Offshore | Actual Consumption,2026-09-04T19:46:09Z
2026-09-04T19:44:00Z,2026-09-04T21:44:00+0200,38b8bb2e-e325-47df-93a9-09dcd899994c,2026-09-02T16:15:00Z,2026-09-02T18:15:00+0200,2559.093,MW,NL,NL,actual_offshore_wind_generation,Wind Offshore | Actual Aggregated,2026-09-04T19:46:09Z
2026-09-04T19:44:00Z,2026-09-04T21:44:00+0200,38b8bb2e-e325-47df-93a9-09dcd899994c,2026-09-02T16:15:00Z,2026-09-02T18:15:00+0200,13.147,MW,NL,NL,actual_offshore_wind_generation,Wind Offshore | Actual Consumption,2026-09-04T19:46:09Z
2026-09-04T19:44:00Z,2026-09-04T21:44:00+0200,38b8bb2e-e325-47df-93a9-09dcd899994c,2026-09-02T16:30:00Z,2026-09-02T18:30:00+0200,2965.414,MW,NL,NL,actual_offshore_wind_generation,Wind Offshore | Actual Aggregated,2026-09-04T19:46:09Z
2026-09-04T19:44:00Z,2026-09-04T21:44:00+0200,38b8bb2e-e325-47df-93a9-09dcd899994c,2026-09-02T16:30:00Z,2026-09-02T18:30:00+0200,15.461,MW,NL,NL,actual_offshore_wind_generation,Wind Offshore | Actual Consumption,2026-09-04T19:46:09Z
2026-09-04T19:44:00Z,2026-09-04T21:44:00+0200,38b8bb2e-e325-47df-93a9-09dcd899994c,2026-09-02T16:45:00Z,2026-09-02T18:45:00+0200,3122.538,MW,NL,NL,actual_offshore_wind_generation,Wind Offshore | Actual Aggregated,2026-09-04T19:46:09Z
2026-09-04T19:44:00Z,2026-09-04T21:44:00+0200,38b8bb2e-e325-47df-93a9-09dcd899994c,2026-09-02T16:45:00Z,2026-09-02T18:45:00+0200,17.905,MW,NL,NL,actual_offshore_wind_generation,Wind Offshore | Actual Consumption,2026-09-04T19:46:09Z
2026-09-04T19:44:00Z,2026-09-04T21:44:00+0200,38b8bb2e-e325-47df-93a9-09dcd899994c,2026-09-02T17:00:00Z,2026-09-02T19:00:00+0200,2951.083,MW,NL,NL,actual_offshore_wind_generation,Wind Offshore | Actual Aggregated,2026-09-04T19:46:09Z
2026-09-04T19:44:00Z,2026-09-04T21:44:00+0200,38b8bb2e-e325-47df-93a9-09dcd899994c,2026-09-02T17:00:00Z,2026-09-02T19:00:00+0200,18.434,MW,NL,NL,actual_offshore_wind_generation,Wind Offshore | Actual Consumption,2026-09-04T19:46:09Z
2026-09-04T19:44:00Z,2026-09-04T21:44:00+0200,38b8bb2e-e325-47df-93a9-09dcd899994c,2026-09-02T17:15:00Z,2026-09-02T19:15:00+0200,3068.43,MW,NL,NL,actual_offshore_wind_generation,Wind Offshore | Actual Aggregated,2026-09-04T19:46:09Z
2026-09-04T19:44:00Z,2026-09-04T21:44:00+0200,38b8bb2e-e325-47df-93a9-09dcd899994c,2026-09-02T17:15:00Z,2026-09-02T19:15:00+0200,17.916,MW,NL,NL,actual_offshore_wind_generation,Wind Offshore | Actual Consumption,2026-09-04T19:46:09Z
2026-09-04T19:44:00Z,2026-09-04T21:44:00+0200,38b8bb2e-e325-47df-93a9-09dcd899994c,2026-09-02T17:30:00Z,2026-09-02T19:30:00+0200,3231.679,MW,NL,NL,actual_offshore_wind_generation,Wind Offshore | Actual Aggregated,2026-09-04T19:46:09Z
2026-09-04T19:44:00Z,2026-09-04T21:44:00+0200,38b8bb2e-e325-47df-93a9-09dcd899994c,2026-09-02T17:30:00Z,2026-09-02T19:30:00+0200,18.256,MW,NL,NL,actual_offshore_wind_generation,Wind Offshore | Actual Consumption,2026-09-04T19:46:09Z
2026-09-04T19:44:00Z,2026-09-04T21:44:00+0200,38b8bb2e-e325-47df-93a9-09dcd899994c,2026-09-02T17:45:00Z,2026-09-02T19:45:00+0200,3419.732,MW,NL,NL,actual_offshore_wind_generation,Wind Offshore | Actual Aggregated,2026-09-04T19:46:09Z
2026-09-04T19:44:00Z,2026-09-04T21:44:00+0200,38b8bb2e-e325-47df-93a9-09dcd899994c,2026-09-02T17:45:00Z,2026-09-02T19:45:00+0200,18.42,MW,NL,NL,actual_offshore_wind_generation,Wind Offshore | Actual Consumption,2026-09-04T19:46:09Z
2026-09-04T19:44:00Z,2026-09-04T21:44:00+0200,38b8bb2e-e325-47df-93a9-09dcd899994c,2026-09-02T18:00:00Z,2026-09-02T20:00:00+0200,3593.043,MW,NL,NL,actual_offshore_wind_generation,Wind Offshore | Actual Aggregated,2026-09-04T19:46:09Z
2026-09-04T19:44:00Z,2026-09-04T21:44:00+0200,38b8bb2e-e325-47df-93a9-09dcd899994c,2026-09-02T18:00:00Z,2026-09-02T20:00:00+0200,18.497,MW,NL,NL,actual_offshore_wind_generation,Wind Offshore | Actual Consumption,2026-09-04T19:46:09Z
2026-09-04T19:44:00Z,2026-09-04T21:44:00+0200,38b8bb2e-e325-47df-93a9-09dcd899994c,2026-09-02T18:15:00Z,2026-09-02T20:15:00+0200,3607.042,MW,NL,NL,actual_offshore_wind_generation,Wind Offshore | Actual Aggregated,2026-09-04T19:46:09Z
2026-09-04T19:44:00Z,2026-09-04T21:44:00+0200,38b8bb2e-e325-47df-93a9-09dcd899994c,2026-09-02T18:15:00Z,2026-09-02T20:15:00+0200,18.759,MW,NL,NL,actual_offshore_wind_generation,Wind Offshore | Actual Consumption,2026-09-04T19:46:09Z
2026-09-04T19:44:00Z,2026-09-04T21:44:00+0200,38b8bb2e-e325-47df-93a9-09dcd899994c,2026-09-02T18:30:00Z,2026-09-02T20:30:00+0200,3650.33,MW,NL,NL,actual_offshore_wind_generation,Wind Offshore | Actual Aggregated,2026-09-04T19:46:09Z
2026-09-04T19:44:00Z,2026-09-04T21:44:00+0200,38b8bb2e-e325-47df-93a9-09dcd899994c,2026-09-02T18:30:00Z,2026-09-02T20:30:00+0200,18.476,MW,NL,NL,actual_offshore_wind_generation,Wind Offshore | Actual Consumption,2026-09-04T19:46:09Z
2026-09-04T19:44:00Z,2026-09-04T21:44:00+0200,38b8bb2e-e325-47df-93a9-09dcd899994c,2026-09-02T18:45:00Z,2026-09-02T20:45:00+0200,3760.127,MW,NL,NL,actual_offshore_wind_generation,Wind Offshore | Actual Aggregated,2026-09-04T19:46:09Z
2026-09-04T19:44:00Z,2026-09-04T21:44:00+0200,38b8bb2e-e325-47df-93a9-09dcd899994c,2026-09-02T18:45:00Z,2026-09-02T20:45:00+0200,18.156,MW,NL,NL,actual_offshore_wind_generation,Wind Offshore | Actual Consumption,2026-09-04T19:46:09Z
2026-09-04T19:44:00Z,2026-09-04T21:44:00+0200,38b8bb2e-e325-47df-93a9-09dcd899994c,2026-09-02T19:00:00Z,2026-09-02T21:00:00+0200,3829.48,MW,NL,NL,actual_offshore_wind_generation,Wind Offshore | Actual Aggregated,2026-09-04T19:46:09Z
2026-09-04T19:44:00Z,2026-09-04T21:44:00+0200,38b8bb2e-e325-47df-93a9-09dcd899994c,2026-09-02T19:00:00Z,2026-09-02T21:00:00+0200,18.763,MW,NL,NL,actual_offshore_wind_generation,Wind Offshore | Actual Consumption,2026-09-04T19:46:09Z
2026-09-04T19:44:00Z,2026-09-04T21:44:00+0200,38b8bb2e-e325-47df-93a9-09dcd899994c,2026-09-02T19:15:00Z,2026-09-02T21:15:00+0200,3894.247,MW,NL,NL,actual_offshore_wind_generation,Wind Offshore | Actual Aggregated,2026-09-04T19:46:09Z
2026-09-04T19:44:00Z,2026-09-04T21:44:00+0200,38b8bb2e-e325-47df-93a9-09dcd899994c,2026-09-02T19:15:00Z,2026-09-02T21:15:00+0200,17.994,MW,NL,NL,actual_offshore_wind_generation,Wind Offshore | Actual Consumption,2026-09-04T19:46:09Z
2026-09-04T19:44:00Z,2026-09-04T21:44:00+0200,38b8bb2e-e325-47df-93a9-09dcd899994c,2026-09-02T19:30:00Z,2026-09-02T21:30:00+0200,3872.445,MW,NL,NL,actual_offshore_wind_generation,Wind Offshore | Actual Aggregated,2026-09-04T19:46:09Z
2026-09-04T19:44:00Z,2026-09-04T21:44:00+0200,38b8bb2e-e325-47df-93a9-09dcd899994c,2026-09-02T19:30:00Z,2026-09-02T21:30:00+0200,15.895,MW,NL,NL,actual_offshore_wind_generation,Wind Offshore | Actual Consumption,2026-09-04T19:46:09Z
2026-09-04T19:44:00Z,2026-09-04T21:44:00+0200,38b8bb2e-e325-47df-93a9-09dcd899994c,2026-09-02T19:45:00Z,2026-09-02T21:45:00+0200,3855.736,MW,NL,NL,actual_offshore_wind_generation,Wind Offshore | Actual Aggregated,2026-09-04T19:46:09Z
2026-09-04T19:44:00Z,2026-09-04T21:44:00+0200,38b8bb2e-e325-47df-93a9-09dcd899994c,2026-09-02T19:45:00Z,2026-09-02T21:45:00+0200,18.317,MW,NL,NL,actual_offshore_wind_generation,Wind Offshore | Actual Consumption,2026-09-04T19:46:09Z
2026-09-04T19:44:00Z,2026-09-04T21:44:00+0200,38b8bb2e-e325-47df-93a9-09dcd899994c,2026-09-02T20:00:00Z,2026-09-02T22:00:00+0200,3889.738,MW,NL,NL,actual_offshore_wind_generation,Wind Offshore | Actual Aggregated,2026-09-04T19:46:09Z
2026-09-04T19:44:00Z,2026-09-04T21:44:00+0200,38b8bb2e-e325-47df-93a9-09dcd899994c,2026-09-02T20:00:00Z,2026-09-02T22:00:00+0200,18.763,MW,NL,NL,actual_offshore_wind_generation,Wind Offshore | Actual Consumption,2026-09-04T19:46:09Z
2026-09-04T19:44:00Z,2026-09-04T21:44:00+0200,38b8bb2e-e325-47df-93a9-09dcd899994c,2026-09-02T20:15:00Z,2026-09-02T22:15:00+0200,3756.692,MW,NL,NL,actual_offshore_wind_generation,Wind Offshore | Actual Aggregated,2026-09-04T19:46:09Z
2026-09-04T19:44:00Z,2026-09-04T21:44:00+0200,38b8bb2e-e325-47df-93a9-09dcd899994c,2026-09-02T20:15:00Z,2026-09-02T22:15:00+0200,18.755,MW,NL,NL,actual_offshore_wind_generation,Wind Offshore | Actual Consumption,2026-09-04T19:46:09Z
2026-09-04T19:44:00Z,2026-09-04T21:44:00+0200,38b8bb2e-e325-47df-93a9-09dcd899994c,2026-09-02T20:30:00Z,2026-09-02T22:30:00+0200,3730.604,MW,NL,NL,actual_offshore_wind_generation,Wind Offshore | Actual Aggregated,2026-09-04T19:46:09Z
2026-09-04T19:44:00Z,2026-09-04T21:44:00+0200,38b8bb2e-e325-47df-93a9-09dcd899994c,2026-09-02T20:30:00Z,2026-09-02T22:30:00+0200,18.758,MW,NL,NL,actual_offshore_wind_generation,Wind Offshore | Actual Consumption,2026-09-04T19:46:09Z
2026-09-04T19:44:00Z,2026-09-04T21:44:00+0200,38b8bb2e-e325-47df-93a9-09dcd899994c,2026-09-02T20:45:00Z,2026-09-02T22:45:00+0200,3965.764,MW,NL,NL,actual_offshore_wind_generation,Wind Offshore | Actual Aggregated,2026-09-04T19:46:09Z
2026-09-04T19:44:00Z,2026-09-04T21:44:00+0200,38b8bb2e-e325-47df-93a9-09dcd899994c,2026-09-02T20:45:00Z,2026-09-02T22:45:00+0200,18.724,MW,NL,NL,actual_offshore_wind_generation,Wind Offshore | Actual Consumption,2026-09-04T19:46:09Z
2026-09-04T19:44:00Z,2026-09-04T21:44:00+0200,38b8bb2e-e325-47df-93a9-09dcd899994c,2026-09-02T21:00:00Z,2026-09-02T23:00:00+0200,4087.672,MW,NL,NL,actual_offshore_wind_generation,Wind Offshore | Actual Aggregated,2026-09-04T19:46:09Z
2026-09-04T19:44:00Z,2026-09-04T21:44:00+0200,38b8bb2e-e325-47df-93a9-09dcd899994c,2026-09-02T21:00:00Z,2026-09-02T23:00:00+0200,18.728,MW,NL,NL,actual_offshore_wind_generation,Wind Offshore | Actual Consumption,2026-09-04T19:46:09Z
2026-09-04T19:44:00Z,2026-09-04T21:44:00+0200,38b8bb2e-e325-47df-93a9-09dcd899994c,2026-09-02T21:15:00Z,2026-09-02T23:15:00+0200,4041.136,MW,NL,NL,actual_offshore_wind_generation,Wind Offshore | Actual Aggregated,2026-09-04T19:46:09Z
2026-09-04T19:44:00Z,2026-09-04T21:44:00+0200,38b8bb2e-e325-47df-93a9-09dcd899994c,2026-09-02T21:15:00Z,2026-09-02T23:15:00+0200,18.848,MW,NL,NL,actual_offshore_wind_generation,Wind Offshore | Actual Consumption,2026-09-04T19:46:09Z
2026-09-04T19:44:00Z,2026-09-04T21:44:00+0200,38b8bb2e-e325-47df-93a9-09dcd899994c,2026-09-02T21:30:00Z,2026-09-02T23:30:00+0200,4069.824,MW,NL,NL,actual_offshore_wind_generation,Wind Offshore | Actual Aggregated,2026-09-04T19:46:09Z
2026-09-04T19:44:00Z,2026-09-04T21:44:00+0200,38b8bb2e-e325-47df-93a9-09dcd899994c,2026-09-02T21:30:00Z,2026-09-02T23:30:00+0200,18.774,MW,NL,NL,actual_offshore_wind_generation,Wind Offshore | Actual Consumption,2026-09-04T19:46:09Z
2026-09-04T19:44:00Z,2026-09-04T21:44:00+0200,38b8bb2e-e325-47df-93a9-09dcd899994c,2026-09-02T21:45:00Z,2026-09-02T23:45:00+0200,4124.903,MW,NL,NL,actual_offshore_wind_generation,Wind Offshore | Actual Aggregated,2026-09-04T19:46:09Z
2026-09-04T19:44:00Z,2026-09-04T21:44:00+0200,38b8bb2e-e325-47df-93a9-09dcd899994c,2026-09-02T21:45:00Z,2026-09-02T23:45:00+0200,18.592,MW,NL,NL,actual_offshore_wind_generation,Wind Offshore | Actual Consumption,2026-09-04T19:46:09Z
2026-09-04T19:44:00Z,2026-09-04T21:44:00+0200,38b8bb2e-e325-47df-93a9-09dcd899994c,2026-09-02T22:00:00Z,2026-09-03T00:00:00+0200,4156.812,MW,NL,NL,actual_offshore_wind_generation,Wind Offshore | Actual Aggregated,2026-09-04T19:46:09Z
2026-09-04T19:44:00Z,2026-09-04T21:44:00+0200,38b8bb2e-e325-47df-93a9-09dcd899994c,2026-09-02T22:00:00Z,2026-09-03T00:00:00+0200,18.352,MW,NL,NL,actual_offshore_wind_generation,Wind Offshore | Actual Consumption,2026-09-04T19:46:09Z
2026-09-04T19:44:00Z,2026-09-04T21:44:00+0200,38b8bb2e-e325-47df-93a9-09dcd899994c,2026-09-02T22:15:00Z,2026-09-03T00:15:00+0200,4171.414,MW,NL,NL,actual_offshore_wind_generation,Wind Offshore | Actual Aggregated,2026-09-04T19:46:09Z
2026-09-04T19:44:00Z,2026-09-04T21:44:00+0200,38b8bb2e-e325-47df-93a9-09dcd899994c,2026-09-02T22:15:00Z,2026-09-03T00:15:00+0200,18.592,MW,NL,NL,actual_offshore_wind_generation,Wind Offshore | Actual Consumption,2026-09-04T19:46:09Z
2026-09-04T19:44:00Z,2026-09-04T21:44:00+0200,38b8bb2e-e325-47df-93a9-09dcd899994c,2026-09-02T22:30:00Z,2026-09-03T00:30:00+0200,4159.137,MW,NL,NL,actual_offshore_wind_generation,Wind Offshore | Actual Aggregated,2026-09-04T19:46:09Z
2026-09-04T19:44:00Z,2026-09-04T21:44:00+0200,38b8bb2e-e325-47df-93a9-09dcd899994c,2026-09-02T22:30:00Z,2026-09-03T00:30:00+0200,18.757,MW,NL,NL,actual_offshore_wind_generation,Wind Offshore | Actual Consumption,2026-09-04T19:46:09Z
2026-09-04T19:44:00Z,2026-09-04T21:44:00+0200,38b8bb2e-e325-47df-93a9-09dcd899994c,2026-09-02T22:45:00Z,2026-09-03T00:45:00+0200,4121.435,MW,NL,NL,actual_offshore_wind_generation,Wind Offshore | Actual Aggregated,2026-09-04T19:46:09Z
2026-09-04T19:44:00Z,2026-09-04T21:44:00+0200,38b8bb2e-e325-47df-93a9-09dcd899994c,2026-09-02T22:45:00Z,2026-09-03T00:45:00+0200,18.711,MW,NL,NL,actual_offshore_wind_generation,Wind Offshore | Actual Consumption,2026-09-04T19:46:09Z
2026-09-04T19:44:00Z,2026-09-04T21:44:00+0200,38b8bb2e-e325-47df-93a9-09dcd899994c,2026-09-02T23:00:00Z,2026-09-03T01:00:00+0200,4141.67,MW,NL,NL,actual_offshore_wind_generation,Wind Offshore | Actual Aggregated,2026-09-04T19:46:09Z
2026-09-04T19:44:00Z,2026-09-04T21:44:00+0200,38b8bb2e-e325-47df-93a9-09dcd899994c,2026-09-02T23:00:00Z,2026-09-03T01:00:00+0200,18.777,MW,NL,NL,actual_offshore_wind_generation,Wind Offshore | Actual Consumption,2026-09-04T19:46:09Z
2026-09-04T19:44:00Z,2026-09-04T21:44:00+0200,38b8bb2e-e325-47df-93a9-09dcd899994c,2026-09-02T23:15:00Z,2026-09-03T01:15:00+0200,4175.209,MW,NL,NL,actual_offshore_wind_generation,Wind Offshore | Actual Aggregated,2026-09-04T19:46:09Z
2026-09-04T19:44:00Z,2026-09-04T21:44:00+0200,38b8bb2e-e325-47df-93a9-09dcd899994c,2026-09-02T23:15:00Z,2026-09-03T01:15:00+0200,18.743,MW,NL,NL,actual_offshore_wind_generation,Wind Offshore | Actual Consumption,2026-09-04T19:46:09Z
2026-09-04T19:44:00Z,2026-09-04T21:44:00+0200,38b8bb2e-e325-47df-93a9-09dcd899994c,2026-09-02T23:30:00Z,2026-09-03T01:30:00+0200,4173.146,MW,NL,NL,actual_offshore_wind_generation,Wind Offshore | Actual Aggregated,2026-09-04T19:46:09Z
2026-09-04T19:44:00Z,2026-09-04T21:44:00+0200,38b8bb2e-e325-47df-93a9-09dcd899994c,2026-09-02T23:30:00Z,2026-09-03T01:30:00+0200,18.77,MW,NL,NL,actual_offshore_wind_generation,Wind Offshore | Actual Consumption,2026-09-04T19:46:09Z
2026-09-04T19:44:00Z,2026-09-04T21:44:00+0200,38b8bb2e-e325-47df-93a9-09dcd899994c,2026-09-02T23:45:00Z,2026-09-03T01:45:00+0200,4179.816,MW,NL,NL,actual_offshore_wind_generation,Wind Offshore | Actual Aggregated,2026-09-04T19:46:09Z
2026-09-04T19:44:00Z,2026-09-04T21:44:00+0200,38b8bb2e-e325-47df-93a9-09dcd899994c,2026-09-02T23:45:00Z,2026-09-03T01:45:00+0200,18.827,MW,NL,NL,actual_offshore_wind_generation,Wind Offshore | Actual Consumption,2026-09-04T19:46:09Z
2026-09-04T19:44:00Z,2026-09-04T21:44:00+0200,38b8bb2e-e325-47df-93a9-09dcd899994c,2026-09-03T00:00:00Z,2026-09-03T02:00:00+0200,4180.878,MW,NL,NL,actual_offshore_wind_generation,Wind Offshore | Actual Aggregated,2026-09-04T19:46:09Z
2026-09-04T19:44:00Z,2026-09-04T21:44:00+0200,38b8bb2e-e325-47df-93a9-09dcd899994c,2026-09-03T00:00:00Z,2026-09-03T02:00:00+0200,18.283,MW,NL,NL,actual_offshore_wind_generation,Wind Offshore | Actual Consumption,2026-09-04T19:46:09Z
2026-09-04T19:44:00Z,2026-09-04T21:44:00+0200,38b8bb2e-e325-47df-93a9-09dcd899994c,2026-09-03T00:15:00Z,2026-09-03T02:15:00+0200,4132.371,MW,NL,NL,actual_offshore_wind_generation,Wind Offshore | Actual Aggregated,2026-09-04T19:46:09Z
2026-09-04T19:44:00Z,2026-09-04T21:44:00+0200,38b8bb2e-e325-47df-93a9-09dcd899994c,2026-09-03T00:15:00Z,2026-09-03T02:15:00+0200,18.687,MW,NL,NL,actual_offshore_wind_generation,Wind Offshore | Actual Consumption,2026-09-04T19:46:09Z
2026-09-04T19:44:00Z,2026-09-04T21:44:00+0200,38b8bb2e-e325-47df-93a9-09dcd899994c,2026-09-03T00:30:00Z,2026-09-03T02:30:00+0200,4101.162,MW,NL,NL,actual_offshore_wind_generation,Wind Offshore | Actual Aggregated,2026-09-04T19:46:09Z
2026-09-04T19:44:00Z,2026-09-04T21:44:00+0200,38b8bb2e-e325-47df-93a9-09dcd899994c,2026-09-03T00:30:00Z,2026-09-03T02:30:00+0200,18.07,MW,NL,NL,actual_offshore_wind_generation,Wind Offshore | Actual Consumption,2026-09-04T19:46:09Z
2026-09-04T19:44:00Z,2026-09-04T21:44:00+0200,38b8bb2e-e325-47df-93a9-09dcd899994c,2026-09-03T00:45:00Z,2026-09-03T02:45:00+0200,4102.112,MW,NL,NL,actual_offshore_wind_generation,Wind Offshore | Actual Aggregated,2026-09-04T19:46:09Z
2026-09-04T19:44:00Z,2026-09-04T21:44:00+0200,38b8bb2e-e325-47df-93a9-09dcd899994c,2026-09-03T00:45:00Z,2026-09-03T02:45:00+0200,17.509,MW,NL,NL,actual_offshore_wind_generation,Wind Offshore | Actual Consumption,2026-09-04T19:46:09Z
2026-09-04T19:44:00Z,2026-09-04T21:44:00+0200,38b8bb2e-e325-47df-93a9-09dcd899994c,2026-09-03T01:00:00Z,2026-09-03T03:00:00+0200,4073.742,MW,NL,NL,actual_offshore_wind_generation,Wind Offshore | Actual Aggregated,2026-09-04T19:46:09Z
2026-09-04T19:44:00Z,2026-09-04T21:44:00+0200,38b8bb2e-e325-47df-93a9-09dcd899994c,2026-09-03T01:00:00Z,2026-09-03T03:00:00+0200,18.347,MW,NL,NL,actual_offshore_wind_generation,Wind Offshore | Actual Consumption,2026-09-04T19:46:09Z
2026-09-04T19:44:00Z,2026-09-04T21:44:00+0200,38b8bb2e-e325-47df-93a9-09dcd899994c,2026-09-03T01:15:00Z,2026-09-03T03:15:00+0200,4079.044,MW,NL,NL,actual_offshore_wind_generation,Wind Offshore | Actual Aggregated,2026-09-04T19:46:09Z
2026-09-04T19:44:00Z,2026-09-04T21:44:00+0200,38b8bb2e-e325-47df-93a9-09dcd899994c,2026-09-03T01:15:00Z,2026-09-03T03:15:00+0200,16.796,MW,NL,NL,actual_offshore_wind_generation,Wind Offshore | Actual Consumption,2026-09-04T19:46:09Z
2026-09-04T19:44:00Z,2026-09-04T21:44:00+0200,38b8bb2e-e325-47df-93a9-09dcd899994c,2026-09-03T01:30:00Z,2026-09-03T03:30:00+0200,4032.923,MW,NL,NL,actual_offshore_wind_generation,Wind Offshore | Actual Aggregated,2026-09-04T19:46:09Z
2026-09-04T19:44:00Z,2026-09-04T21:44:00+0200,38b8bb2e-e325-47df-93a9-09dcd899994c,2026-09-03T01:30:00Z,2026-09-03T03:30:00+0200,17.321,MW,NL,NL,actual_offshore_wind_generation,Wind Offshore | Actual Consumption,2026-09-04T19:46:09Z
2026-09-04T19:44:00Z,2026-09-04T21:44:00+0200,38b8bb2e-e325-47df-93a9-09dcd899994c,2026-09-03T01:45:00Z,2026-09-03T03:45:00+0200,4045.549,MW,NL,NL,actual_offshore_wind_generation,Wind Offshore | Actual Aggregated,2026-09-04T19:46:09Z
2026-09-04T19:44:00Z,2026-09-04T21:44:00+0200,38b8bb2e-e325-47df-93a9-09dcd899994c,2026-09-03T01:45:00Z,2026-09-03T03:45:00+0200,18.317,MW,NL,NL,actual_offshore_wind_generation,Wind Offshore | Actual Consumption,2026-09-04T19:46:09Z
2026-09-04T19:44:00Z,2026-09-04T21:44:00+0200,38b8bb2e-e325-47df-93a9-09dcd899994c,2026-09-03T02:00:00Z,2026-09-03T04:00:00+0200,4033.329,MW,NL,NL,actual_offshore_wind_generation,Wind Offshore | Actual Aggregated,2026-09-04T19:46:09Z
2026-09-04T19:44:00Z,2026-09-04T21:44:00+0200,38b8bb2e-e325-47df-93a9-09dcd899994c,2026-09-03T02:00:00Z,2026-09-03T04:00:00+0200,17.521,MW,NL,NL,actual_offshore_wind_generation,Wind Offshore | Actual Consumption,2026-09-04T19:46:09Z
2026-09-04T19:44:00Z,2026-09-04T21:44:00+0200,38b8bb2e-e325-47df-93a9-09dcd899994c,2026-09-03T02:15:00Z,2026-09-03T04:15:00+0200,4005.62,MW,NL,NL,actual_offshore_wind_generation,Wind Offshore | Actual Aggregated,2026-09-04T19:46:09Z
2026-09-04T19:44:00Z,2026-09-04T21:44:00+0200,38b8bb2e-e325-47df-93a9-09dcd899994c,2026-09-03T02:15:00Z,2026-09-03T04:15:00+0200,18.208,MW,NL,NL,actual_offshore_wind_generation,Wind Offshore | Actual Consumption,2026-09-04T19:46:09Z
2026-09-04T19:44:00Z,2026-09-04T21:44:00+0200,38b8bb2e-e325-47df-93a9-09dcd899994c,2026-09-03T02:30:00Z,2026-09-03T04:30:00+0200,4054.477,MW,NL,NL,actual_offshore_wind_generation,Wind Offshore | Actual Aggregated,2026-09-04T19:46:09Z
2026-09-04T19:44:00Z,2026-09-04T21:44:00+0200,38b8bb2e-e325-47df-93a9-09dcd899994c,2026-09-03T02:30:00Z,2026-09-03T04:30:00+0200,18.644,MW,NL,NL,actual_offshore_wind_generation,Wind Offshore | Actual Consumption,2026-09-04T19:46:09Z
2026-09-04T19:44:00Z,2026-09-04T21:44:00+0200,38b8bb2e-e325-47df-93a9-09dcd899994c,2026-09-03T02:45:00Z,2026-09-03T04:45:00+0200,4079.731,MW,NL,NL,actual_offshore_wind_generation,Wind Offshore | Actual Aggregated,2026-09-04T19:46:09Z
2026-09-04T19:44:00Z,2026-09-04T21:44:00+0200,38b8bb2e-e325-47df-93a9-09dcd899994c,2026-09-03T02:45:00Z,2026-09-03T04:45:00+0200,18.16,MW,NL,NL,actual_offshore_wind_generation,Wind Offshore | Actual Consumption,2026-09-04T19:46:09Z
2026-09-04T19:44:00Z,2026-09-04T21:44:00+0200,38b8bb2e-e325-47df-93a9-09dcd899994c,2026-09-03T03:00:00Z,2026-09-03T05:00:00+0200,4052.696,MW,NL,NL,actual_offshore_wind_generation,Wind Offshore | Actual Aggregated,2026-09-04T19:46:09Z
2026-09-04T19:44:00Z,2026-09-04T21:44:00+0200,38b8bb2e-e325-47df-93a9-09dcd899994c,2026-09-03T03:00:00Z,2026-09-03T05:00:00+0200,18.195,MW,NL,NL,actual_offshore_wind_generation,Wind Offshore | Actual Consumption,2026-09-04T19:46:09Z
2026-09-04T19:44:00Z,2026-09-04T21:44:00+0200,38b8bb2e-e325-47df-93a9-09dcd899994c,2026-09-03T03:15:00Z,2026-09-03T05:15:00+0200,3987.896,MW,NL,NL,actual_offshore_wind_generation,Wind Offshore | Actual Aggregated,2026-09-04T19:46:09Z
2026-09-04T19:44:00Z,2026-09-04T21:44:00+0200,38b8bb2e-e325-47df-93a9-09dcd899994c,2026-09-03T03:15:00Z,2026-09-03T05:15:00+0200,17.621,MW,NL,NL,actual_offshore_wind_generation,Wind Offshore | Actual Consumption,2026-09-04T19:46:09Z
2026-09-04T19:44:00Z,2026-09-04T21:44:00+0200,38b8bb2e-e325-47df-93a9-09dcd899994c,2026-09-03T03:30:00Z,2026-09-03T05:30:00+0200,4017.658,MW,NL,NL,actual_offshore_wind_generation,Wind Offshore | Actual Aggregated,2026-09-04T19:46:09Z
2026-09-04T19:44:00Z,2026-09-04T21:44:00+0200,38b8bb2e-e325-47df-93a9-09dcd899994c,2026-09-03T03:30:00Z,2026-09-03T05:30:00+0200,18.437,MW,NL,NL,actual_offshore_wind_generation,Wind Offshore | Actual Consumption,2026-09-04T19:46:09Z
2026-09-04T19:44:00Z,2026-09-04T21:44:00+0200,38b8bb2e-e325-47df-93a9-09dcd899994c,2026-09-03T03:45:00Z,2026-09-03T05:45:00+0200,3992.823,MW,NL,NL,actual_offshore_wind_generation,Wind Offshore | Actual Aggregated,2026-09-04T19:46:09Z
2026-09-04T19:44:00Z,2026-09-04T21:44:00+0200,38b8bb2e-e325-47df-93a9-09dcd899994c,2026-09-03T03:45:00Z,2026-09-03T05:45:00+0200,18.722,MW,NL,NL,actual_offshore_wind_generation,Wind Offshore | Actual Consumption,2026-09-04T19:46:09Z
2026-09-04T19:44:00Z,2026-09-04T21:44:00+0200,38b8bb2e-e325-47df-93a9-09dcd899994c,2026-09-03T04:00:00Z,2026-09-03T06:00:00+0200,3990.88,MW,NL,NL,actual_offshore_wind_generation,Wind Offshore | Actual Aggregated,2026-09-04T19:46:09Z
2026-09-04T19:44:00Z,2026-09-04T21:44:00+0200,38b8bb2e-e325-47df-93a9-09dcd899994c,2026-09-03T04:00:00Z,2026-09-03T06:00:00+0200,18.314,MW,NL,NL,actual_offshore_wind_generation,Wind Offshore | Actual Consumption,2026-09-04T19:46:09Z
2026-09-04T19:44:00Z,2026-09-04T21:44:00+0200,38b8bb2e-e325-47df-93a9-09dcd899994c,2026-09-03T04:15:00Z,2026-09-03T06:15:00+0200,4032.912,MW,NL,NL,actual_offshore_wind_generation,Wind Offshore | Actual Aggregated,2026-09-04T19:46:09Z
2026-09-04T19:44:00Z,2026-09-04T21:44:00+0200,38b8bb2e-e325-47df-93a9-09dcd899994c,2026-09-03T04:15:00Z,2026-09-03T06:15:00+0200,18.226,MW,NL,NL,actual_offshore_wind_generation,Wind Offshore | Actual Consumption,2026-09-04T19:46:09Z
2026-09-04T19:44:00Z,2026-09-04T21:44:00+0200,38b8bb2e-e325-47df-93a9-09dcd899994c,2026-09-03T04:30:00Z,2026-09-03T06:30:00+0200,4056.824,MW,NL,NL,actual_offshore_wind_generation,Wind Offshore | Actual Aggregated,2026-09-04T19:46:09Z
2026-09-04T19:44:00Z,2026-09-04T21:44:00+0200,38b8bb2e-e325-47df-93a9-09dcd899994c,2026-09-03T04:30:00Z,2026-09-03T06:30:00+0200,17.848,MW,NL,NL,actual_offshore_wind_generation,Wind Offshore | Actual Consumption,2026-09-04T19:46:09Z
2026-09-04T19:44:00Z,2026-09-04T21:44:00+0200,38b8bb2e-e325-47df-93a9-09dcd899994c,2026-09-03T04:45:00Z,2026-09-03T06:45:00+0200,4044.634,MW,NL,NL,actual_offshore_wind_generation,Wind Offshore | Actual Aggregated,2026-09-04T19:46:09Z
2026-09-04T19:44:00Z,2026-09-04T21:44:00+0200,38b8bb2e-e325-47df-93a9-09dcd899994c,2026-09-03T04:45:00Z,2026-09-03T06:45:00+0200,16.6,MW,NL,NL,actual_offshore_wind_generation,Wind Offshore | Actual Consumption,2026-09-04T19:46:09Z
2026-09-04T19:44:00Z,2026-09-04T21:44:00+0200,38b8bb2e-e325-47df-93a9-09dcd899994c,2026-09-03T05:00:00Z,2026-09-03T07:00:00+0200,4056.48,MW,NL,NL,actual_offshore_wind_generation,Wind Offshore | Actual Aggregated,2026-09-04T19:46:09Z
2026-09-04T19:44:00Z,2026-09-04T21:44:00+0200,38b8bb2e-e325-47df-93a9-09dcd899994c,2026-09-03T05:00:00Z,2026-09-03T07:00:00+0200,18.642,MW,NL,NL,actual_offshore_wind_generation,Wind Offshore | Actual Consumption,2026-09-04T19:46:09Z
2026-09-04T19:44:00Z,2026-09-04T21:44:00+0200,38b8bb2e-e325-47df-93a9-09dcd899994c,2026-09-03T05:15:00Z,2026-09-03T07:15:00+0200,4043.52,MW,NL,NL,actual_offshore_wind_generation,Wind Offshore | Actual Aggregated,2026-09-04T19:46:09Z
2026-09-04T19:44:00Z,2026-09-04T21:44:00+0200,38b8bb2e-e325-47df-93a9-09dcd899994c,2026-09-03T05:15:00Z,2026-09-03T07:15:00+0200,18.462,MW,NL,NL,actual_offshore_wind_generation,Wind Offshore | Actual Consumption,2026-09-04T19:46:09Z
2026-09-04T19:44:00Z,2026-09-04T21:44:00+0200,38b8bb2e-e325-47df-93a9-09dcd899994c,2026-09-03T05:30:00Z,2026-09-03T07:30:00+0200,4028.956,MW,NL,NL,actual_offshore_wind_generation,Wind Offshore | Actual Aggregated,2026-09-04T19:46:09Z
2026-09-04T19:44:00Z,2026-09-04T21:44:00+0200,38b8bb2e-e325-47df-93a9-09dcd899994c,2026-09-03T05:30:00Z,2026-09-03T07:30:00+0200,18.782,MW,NL,NL,actual_offshore_wind_generation,Wind Offshore | Actual Consumption,2026-09-04T19:46:09Z
2026-09-04T19:44:00Z,2026-09-04T21:44:00+0200,38b8bb2e-e325-47df-93a9-09dcd899994c,2026-09-03T05:45:00Z,2026-09-03T07:45:00+0200,4069.61,MW,NL,NL,actual_offshore_wind_generation,Wind Offshore | Actual Aggregated,2026-09-04T19:46:09Z
2026-09-04T19:44:00Z,2026-09-04T21:44:00+0200,38b8bb2e-e325-47df-93a9-09dcd899994c,2026-09-03T05:45:00Z,2026-09-03T07:45:00+0200,18.562,MW,NL,NL,actual_offshore_wind_generation,Wind Offshore | Actual Consumption,2026-09-04T19:46:09Z
2026-09-04T19:44:00Z,2026-09-04T21:44:00+0200,38b8bb2e-e325-47df-93a9-09dcd899994c,2026-09-03T06:00:00Z,2026-09-03T08:00:00+0200,4041.417,MW,NL,NL,actual_offshore_wind_generation,Wind Offshore | Actual Aggregated,2026-09-04T19:46:09Z
2026-09-04T19:44:00Z,2026-09-04T21:44:00+0200,38b8bb2e-e325-47df-93a9-09dcd899994c,2026-09-03T06:00:00Z,2026-09-03T08:00:00+0200,18.178,MW,NL,NL,actual_offshore_wind_generation,Wind Offshore | Actual Consumption,2026-09-04T19:46:09Z
2026-09-04T19:44:00Z,2026-09-04T21:44:00+0200,38b8bb2e-e325-47df-93a9-09dcd899994c,2026-09-03T06:15:00Z,2026-09-03T08:15:00+0200,4009.272,MW,NL,NL,actual_offshore_wind_generation,Wind Offshore | Actual Aggregated,2026-09-04T19:46:09Z
2026-09-04T19:44:00Z,2026-09-04T21:44:00+0200,38b8bb2e-e325-47df-93a9-09dcd899994c,2026-09-03T06:15:00Z,2026-09-03T08:15:00+0200,15.537,MW,NL,NL,actual_offshore_wind_generation,Wind Offshore | Actual Consumption,2026-09-04T19:46:09Z
2026-09-04T19:44:00Z,2026-09-04T21:44:00+0200,38b8bb2e-e325-47df-93a9-09dcd899994c,2026-09-03T06:30:00Z,2026-09-03T08:30:00+0200,3965.481,MW,NL,NL,actual_offshore_wind_generation,Wind Offshore | Actual Aggregated,2026-09-04T19:46:09Z
2026-09-04T19:44:00Z,2026-09-04T21:44:00+0200,38b8bb2e-e325-47df-93a9-09dcd899994c,2026-09-03T06:30:00Z,2026-09-03T08:30:00+0200,16.654,MW,NL,NL,actual_offshore_wind_generation,Wind Offshore | Actual Consumption,2026-09-04T19:46:09Z
2026-09-04T19:44:00Z,2026-09-04T21:44:00+0200,38b8bb2e-e325-47df-93a9-09dcd899994c,2026-09-03T06:45:00Z,2026-09-03T08:45:00+0200,3930.019,MW,NL,NL,actual_offshore_wind_generation,Wind Offshore | Actual Aggregated,2026-09-04T19:46:09Z
2026-09-04T19:44:00Z,2026-09-04T21:44:00+0200,38b8bb2e-e325-47df-93a9-09dcd899994c,2026-09-03T06:45:00Z,2026-09-03T08:45:00+0200,14.465,MW,NL,NL,actual_offshore_wind_generation,Wind Offshore | Actual Consumption,2026-09-04T19:46:09Z
2026-09-04T19:44:00Z,2026-09-04T21:44:00+0200,38b8bb2e-e325-47df-93a9-09dcd899994c,2026-09-03T07:00:00Z,2026-09-03T09:00:00+0200,3975.908,MW,NL,NL,actual_offshore_wind_generation,Wind Offshore | Actual Aggregated,2026-09-04T19:46:09Z
2026-09-04T19:44:00Z,2026-09-04T21:44:00+0200,38b8bb2e-e325-47df-93a9-09dcd899994c,2026-09-03T07:00:00Z,2026-09-03T09:00:00+0200,15.888,MW,NL,NL,actual_offshore_wind_generation,Wind Offshore | Actual Consumption,2026-09-04T19:46:09Z
2026-09-04T19:44:00Z,2026-09-04T21:44:00+0200,38b8bb2e-e325-47df-93a9-09dcd899994c,2026-09-03T07:15:00Z,2026-09-03T09:15:00+0200,4053.68,MW,NL,NL,actual_offshore_wind_generation,Wind Offshore | Actual Aggregated,2026-09-04T19:46:09Z
2026-09-04T19:44:00Z,2026-09-04T21:44:00+0200,38b8bb2e-e325-47df-93a9-09dcd899994c,2026-09-03T07:15:00Z,2026-09-03T09:15:00+0200,16.552,MW,NL,NL,actual_offshore_wind_generation,Wind Offshore | Actual Consumption,2026-09-04T19:46:09Z
2026-09-04T19:44:00Z,2026-09-04T21:44:00+0200,38b8bb2e-e325-47df-93a9-09dcd899994c,2026-09-03T07:30:00Z,2026-09-03T09:30:00+0200,4081.702,MW,NL,NL,actual_offshore_wind_generation,Wind Offshore | Actual Aggregated,2026-09-04T19:46:09Z
2026-09-04T19:44:00Z,2026-09-04T21:44:00+0200,38b8bb2e-e325-47df-93a9-09dcd899994c,2026-09-03T07:30:00Z,2026-09-03T09:30:00+0200,17.697,MW,NL,NL,actual_offshore_wind_generation,Wind Offshore | Actual Consumption,2026-09-04T19:46:09Z
2026-09-04T19:44:00Z,2026-09-04T21:44:00+0200,38b8bb2e-e325-47df-93a9-09dcd899994c,2026-09-03T07:45:00Z,2026-09-03T09:45:00+0200,4076.924,MW,NL,NL,actual_offshore_wind_generation,Wind Offshore | Actual Aggregated,2026-09-04T19:46:09Z
2026-09-04T19:44:00Z,2026-09-04T21:44:00+0200,38b8bb2e-e325-47df-93a9-09dcd899994c,2026-09-03T07:45:00Z,2026-09-03T09:45:00+0200,18.545,MW,NL,NL,actual_offshore_wind_generation,Wind Offshore | Actual Consumption,2026-09-04T19:46:09Z
2026-09-04T19:44:00Z,2026-09-04T21:44:00+0200,38b8bb2e-e325-47df-93a9-09dcd899994c,2026-09-03T08:00:00Z,2026-09-03T10:00:00+0200,4039.962,MW,NL,NL,actual_offshore_wind_generation,Wind Offshore | Actual Aggregated,2026-09-04T19:46:09Z
2026-09-04T19:44:00Z,2026-09-04T21:44:00+0200,38b8bb2e-e325-47df-93a9-09dcd899994c,2026-09-03T08:00:00Z,2026-09-03T10:00:00+0200,17.604,MW,NL,NL,actual_offshore_wind_generation,Wind Offshore | Actual Consumption,2026-09-04T19:46:09Z
2026-09-04T19:44:00Z,2026-09-04T21:44:00+0200,38b8bb2e-e325-47df-93a9-09dcd899994c,2026-09-03T08:15:00Z,2026-09-03T10:15:00+0200,3898.088,MW,NL,NL,actual_offshore_wind_generation,Wind Offshore | Actual Aggregated,2026-09-04T19:46:09Z
2026-09-04T19:44:00Z,2026-09-04T21:44:00+0200,38b8bb2e-e325-47df-93a9-09dcd899994c,2026-09-03T08:15:00Z,2026-09-03T10:15:00+0200,18.674,MW,NL,NL,actual_offshore_wind_generation,Wind Offshore | Actual Consumption,2026-09-04T19:46:09Z
2026-09-04T19:44:00Z,2026-09-04T21:44:00+0200,38b8bb2e-e325-47df-93a9-09dcd899994c,2026-09-03T08:30:00Z,2026-09-03T10:30:00+0200,3893.198,MW,NL,NL,actual_offshore_wind_generation,Wind Offshore | Actual Aggregated,2026-09-04T19:46:09Z
2026-09-04T19:44:00Z,2026-09-04T21:44:00+0200,38b8bb2e-e325-47df-93a9-09dcd899994c,2026-09-03T08:30:00Z,2026-09-03T10:30:00+0200,18.715,MW,NL,NL,actual_offshore_wind_generation,Wind Offshore | Actual Consumption,2026-09-04T19:46:09Z
2026-09-04T19:44:00Z,2026-09-04T21:44:00+0200,38b8bb2e-e325-47df-93a9-09dcd899994c,2026-09-03T08:45:00Z,2026-09-03T10:45:00+0200,3900.126,MW,NL,NL,actual_offshore_wind_generation,Wind Offshore | Actual Aggregated,2026-09-04T19:46:09Z
2026-09-04T19:44:00Z,2026-09-04T21:44:00+0200,38b8bb2e-e325-47df-93a9-09dcd899994c,2026-09-03T08:45:00Z,2026-09-03T10:45:00+0200,18.663,MW,NL,NL,actual_offshore_wind_generation,Wind Offshore | Actual Consumption,2026-09-04T19:46:09Z
2026-09-04T19:44:00Z,2026-09-04T21:44:00+0200,38b8bb2e-e325-47df-93a9-09dcd899994c,2026-09-03T09:00:00Z,2026-09-03T11:00:00+0200,3905.169,MW,NL,NL,actual_offshore_wind_generation,Wind Offshore | Actual Aggregated,2026-09-04T19:46:09Z
2026-09-04T19:44:00Z,2026-09-04T21:44:00+0200,38b8bb2e-e325-47df-93a9-09dcd899994c,2026-09-03T09:00:00Z,2026-09-03T11:00:00+0200,17.967,MW,NL,NL,actual_offshore_wind_generation,Wind Offshore | Actual Consumption,2026-09-04T19:46:09Z
2026-09-04T19:44:00Z,2026-09-04T21:44:00+0200,38b8bb2e-e325-47df-93a9-09dcd899994c,2026-09-03T09:15:00Z,2026-09-03T11:15:00+0200,3887.368,MW,NL,NL,actual_offshore_wind_generation,Wind Offshore | Actual Aggregated,2026-09-04T19:46:09Z
2026-09-04T19:44:00Z,2026-09-04T21:44:00+0200,38b8bb2e-e325-47df-93a9-09dcd899994c,2026-09-03T09:15:00Z,2026-09-03T11:15:00+0200,18.81,MW,NL,NL,actual_offshore_wind_generation,Wind Offshore | Actual Consumption,2026-09-04T19:46:09Z
2026-09-04T19:44:00Z,2026-09-04T21:44:00+0200,38b8bb2e-e325-47df-93a9-09dcd899994c,2026-09-03T09:30:00Z,2026-09-03T11:30:00+0200,3878.712,MW,NL,NL,actual_offshore_wind_generation,Wind Offshore | Actual Aggregated,2026-09-04T19:46:09Z
2026-09-04T19:44:00Z,2026-09-04T21:44:00+0200,38b8bb2e-e325-47df-93a9-09dcd899994c,2026-09-03T09:30:00Z,2026-09-03T11:30:00+0200,17.687,MW,NL,NL,actual_offshore_wind_generation,Wind Offshore | Actual Consumption,2026-09-04T19:46:09Z
2026-09-04T19:44:00Z,2026-09-04T21:44:00+0200,38b8bb2e-e325-47df-93a9-09dcd899994c,2026-09-03T09:45:00Z,2026-09-03T11:45:00+0200,3851.039,MW,NL,NL,actual_offshore_wind_generation,Wind Offshore | Actual Aggregated,2026-09-04T19:46:09Z
2026-09-04T19:44:00Z,2026-09-04T21:44:00+0200,38b8bb2e-e325-47df-93a9-09dcd899994c,2026-09-03T09:45:00Z,2026-09-03T11:45:00+0200,17.956,MW,NL,NL,actual_offshore_wind_generation,Wind Offshore | Actual Consumption,2026-09-04T19:46:09Z
2026-09-04T19:44:00Z,2026-09-04T21:44:00+0200,38b8bb2e-e325-47df-93a9-09dcd899994c,2026-09-03T10:00:00Z,2026-09-03T12:00:00+0200,3829.443,MW,NL,NL,actual_offshore_wind_generation,Wind Offshore | Actual Aggregated,2026-09-04T19:46:09Z
2026-09-04T19:44:00Z,2026-09-04T21:44:00+0200,38b8bb2e-e325-47df-93a9-09dcd899994c,2026-09-03T10:00:00Z,2026-09-03T12:00:00+0200,18.548,MW,NL,NL,actual_offshore_wind_generation,Wind Offshore | Actual Consumption,2026-09-04T19:46:09Z
2026-09-04T19:44:00Z,2026-09-04T21:44:00+0200,38b8bb2e-e325-47df-93a9-09dcd899994c,2026-09-03T10:15:00Z,2026-09-03T12:15:00+0200,3742.122,MW,NL,NL,actual_offshore_wind_generation,Wind Offshore | Actual Aggregated,2026-09-04T19:46:09Z
2026-09-04T19:44:00Z,2026-09-04T21:44:00+0200,38b8bb2e-e325-47df-93a9-09dcd899994c,2026-09-03T10:15:00Z,2026-09-03T12:15:00+0200,12.433,MW,NL,NL,actual_offshore_wind_generation,Wind Offshore | Actual Consumption,2026-09-04T19:46:09Z
2026-09-04T19:44:00Z,2026-09-04T21:44:00+0200,38b8bb2e-e325-47df-93a9-09dcd899994c,2026-09-03T10:30:00Z,2026-09-03T12:30:00+0200,3585.291,MW,NL,NL,actual_offshore_wind_generation,Wind Offshore | Actual Aggregated,2026-09-04T19:46:09Z
2026-09-04T19:44:00Z,2026-09-04T21:44:00+0200,38b8bb2e-e325-47df-93a9-09dcd899994c,2026-09-03T10:30:00Z,2026-09-03T12:30:00+0200,14.943,MW,NL,NL,actual_offshore_wind_generation,Wind Offshore | Actual Consumption,2026-09-04T19:46:09Z
2026-09-04T19:44:00Z,2026-09-04T21:44:00+0200,38b8bb2e-e325-47df-93a9-09dcd899994c,2026-09-03T10:45:00Z,2026-09-03T12:45:00+0200,3439.15,MW,NL,NL,actual_offshore_wind_generation,Wind Offshore | Actual Aggregated,2026-09-04T19:46:09Z
2026-09-04T19:44:00Z,2026-09-04T21:44:00+0200,38b8bb2e-e325-47df-93a9-09dcd899994c,2026-09-03T10:45:00Z,2026-09-03T12:45:00+0200,7.493,MW,NL,NL,actual_offshore_wind_generation,Wind Offshore | Actual Consumption,2026-09-04T19:46:09Z
2026-09-04T19:44:00Z,2026-09-04T21:44:00+0200,38b8bb2e-e325-47df-93a9-09dcd899994c,2026-09-03T11:00:00Z,2026-09-03T13:00:00+0200,3255.872,MW,NL,NL,actual_offshore_wind_generation,Wind Offshore | Actual Aggregated,2026-09-04T19:46:09Z
2026-09-04T19:44:00Z,2026-09-04T21:44:00+0200,38b8bb2e-e325-47df-93a9-09dcd899994c,2026-09-03T11:00:00Z,2026-09-03T13:00:00+0200,12.417,MW,NL,NL,actual_offshore_wind_generation,Wind Offshore | Actual Consumption,2026-09-04T19:46:09Z
2026-09-04T19:44:00Z,2026-09-04T21:44:00+0200,38b8bb2e-e325-47df-93a9-09dcd899994c,2026-09-03T11:15:00Z,2026-09-03T13:15:00+0200,3277.028,MW,NL,NL,actual_offshore_wind_generation,Wind Offshore | Actual Aggregated,2026-09-04T19:46:09Z
2026-09-04T19:44:00Z,2026-09-04T21:44:00+0200,38b8bb2e-e325-47df-93a9-09dcd899994c,2026-09-03T11:15:00Z,2026-09-03T13:15:00+0200,12.769,MW,NL,NL,actual_offshore_wind_generation,Wind Offshore | Actual Consumption,2026-09-04T19:46:09Z
2026-09-04T19:44:00Z,2026-09-04T21:44:00+0200,38b8bb2e-e325-47df-93a9-09dcd899994c,2026-09-03T11:30:00Z,2026-09-03T13:30:00+0200,3040.913,MW,NL,NL,actual_offshore_wind_generation,Wind Offshore | Actual Aggregated,2026-09-04T19:46:09Z
2026-09-04T19:44:00Z,2026-09-04T21:44:00+0200,38b8bb2e-e325-47df-93a9-09dcd899994c,2026-09-03T11:30:00Z,2026-09-03T13:30:00+0200,4.316,MW,NL,NL,actual_offshore_wind_generation,Wind Offshore | Actual Consumption,2026-09-04T19:46:09Z
2026-09-04T19:44:00Z,2026-09-04T21:44:00+0200,38b8bb2e-e325-47df-93a9-09dcd899994c,2026-09-03T11:45:00Z,2026-09-03T13:45:00+0200,2864.711,MW,NL,NL,actual_offshore_wind_generation,Wind Offshore | Actual Aggregated,2026-09-04T19:46:09Z
2026-09-04T19:44:00Z,2026-09-04T21:44:00+0200,38b8bb2e-e325-47df-93a9-09dcd899994c,2026-09-03T11:45:00Z,2026-09-03T13:45:00+0200,13.373,MW,NL,NL,actual_offshore_wind_generation,Wind Offshore | Actual Consumption,2026-09-04T19:46:09Z
2026-09-04T19:44:00Z,2026-09-04T21:44:00+0200,38b8bb2e-e325-47df-93a9-09dcd899994c,2026-09-03T12:00:00Z,2026-09-03T14:00:00+0200,3155.777,MW,NL,NL,actual_offshore_wind_generation,Wind Offshore | Actual Aggregated,2026-09-04T19:46:09Z
2026-09-04T19:44:00Z,2026-09-04T21:44:00+0200,38b8bb2e-e325-47df-93a9-09dcd899994c,2026-09-03T12:00:00Z,2026-09-03T14:00:00+0200,9.598,MW,NL,NL,actual_offshore_wind_generation,Wind Offshore | Actual Consumption,2026-09-04T19:46:09Z
2026-09-04T19:44:00Z,2026-09-04T21:44:00+0200,38b8bb2e-e325-47df-93a9-09dcd899994c,2026-09-03T12:15:00Z,2026-09-03T14:15:00+0200,3189.242,MW,NL,NL,actual_offshore_wind_generation,Wind Offshore | Actual Aggregated,2026-09-04T19:46:09Z
2026-09-04T19:44:00Z,2026-09-04T21:44:00+0200,38b8bb2e-e325-47df-93a9-09dcd899994c,2026-09-03T12:15:00Z,2026-09-03T14:15:00+0200,11.715,MW,NL,NL,actual_offshore_wind_generation,Wind Offshore | Actual Consumption,2026-09-04T19:46:09Z
2026-09-04T19:44:00Z,2026-09-04T21:44:00+0200,38b8bb2e-e325-47df-93a9-09dcd899994c,2026-09-03T12:30:00Z,2026-09-03T14:30:00+0200,3207.194,MW,NL,NL,actual_offshore_wind_generation,Wind Offshore | Actual Aggregated,2026-09-04T19:46:09Z
2026-09-04T19:44:00Z,2026-09-04T21:44:00+0200,38b8bb2e-e325-47df-93a9-09dcd899994c,2026-09-03T12:30:00Z,2026-09-03T14:30:00+0200,12.521,MW,NL,NL,actual_offshore_wind_generation,Wind Offshore | Actual Consumption,2026-09-04T19:46:09Z
2026-09-04T19:44:00Z,2026-09-04T21:44:00+0200,38b8bb2e-e325-47df-93a9-09dcd899994c,2026-09-03T12:45:00Z,2026-09-03T14:45:00+0200,3138.306,MW,NL,NL,actual_offshore_wind_generation,Wind Offshore | Actual Aggregated,2026-09-04T19:46:09Z
2026-09-04T19:44:00Z,2026-09-04T21:44:00+0200,38b8bb2e-e325-47df-93a9-09dcd899994c,2026-09-03T12:45:00Z,2026-09-03T14:45:00+0200,14.037,MW,NL,NL,actual_offshore_wind_generation,Wind Offshore | Actual Consumption,2026-09-04T19:46:09Z
2026-09-04T19:44:00Z,2026-09-04T21:44:00+0200,38b8bb2e-e325-47df-93a9-09dcd899994c,2026-09-03T13:00:00Z,2026-09-03T15:00:00+0200,3099.785,MW,NL,NL,actual_offshore_wind_generation,Wind Offshore | Actual Aggregated,2026-09-04T19:46:09Z
2026-09-04T19:44:00Z,2026-09-04T21:44:00+0200,38b8bb2e-e325-47df-93a9-09dcd899994c,2026-09-03T13:00:00Z,2026-09-03T15:00:00+0200,15.52,MW,NL,NL,actual_offshore_wind_generation,Wind Offshore | Actual Consumption,2026-09-04T19:46:09Z
2026-09-04T19:44:00Z,2026-09-04T21:44:00+0200,38b8bb2e-e325-47df-93a9-09dcd899994c,2026-09-03T13:15:00Z,2026-09-03T15:15:00+0200,2994.595,MW,NL,NL,actual_offshore_wind_generation,Wind Offshore | Actual Aggregated,2026-09-04T19:46:09Z
2026-09-04T19:44:00Z,2026-09-04T21:44:00+0200,38b8bb2e-e325-47df-93a9-09dcd899994c,2026-09-03T13:15:00Z,2026-09-03T15:15:00+0200,16.536,MW,NL,NL,actual_offshore_wind_generation,Wind Offshore | Actual Consumption,2026-09-04T19:46:09Z
2026-09-04T19:44:00Z,2026-09-04T21:44:00+0200,38b8bb2e-e325-47df-93a9-09dcd899994c,2026-09-03T13:30:00Z,2026-09-03T15:30:00+0200,2894.53,MW,NL,NL,actual_offshore_wind_generation,Wind Offshore | Actual Aggregated,2026-09-04T19:46:09Z
2026-09-04T19:44:00Z,2026-09-04T21:44:00+0200,38b8bb2e-e325-47df-93a9-09dcd899994c,2026-09-03T13:30:00Z,2026-09-03T15:30:00+0200,15.838,MW,NL,NL,actual_offshore_wind_generation,Wind Offshore | Actual Consumption,2026-09-04T19:46:09Z
2026-09-04T19:44:00Z,2026-09-04T21:44:00+0200,38b8bb2e-e325-47df-93a9-09dcd899994c,2026-09-03T13:45:00Z,2026-09-03T15:45:00+0200,2886.608,MW,NL,NL,actual_offshore_wind_generation,Wind Offshore | Actual Aggregated,2026-09-04T19:46:09Z
2026-09-04T19:44:00Z,2026-09-04T21:44:00+0200,38b8bb2e-e325-47df-93a9-09dcd899994c,2026-09-03T13:45:00Z,2026-09-03T15:45:00+0200,17.994,MW,NL,NL,actual_offshore_wind_generation,Wind Offshore | Actual Consumption,2026-09-04T19:46:09Z
2026-09-04T19:44:00Z,2026-09-04T21:44:00+0200,38b8bb2e-e325-47df-93a9-09dcd899994c,2026-09-03T14:00:00Z,2026-09-03T16:00:00+0200,2902.644,MW,NL,NL,actual_offshore_wind_generation,Wind Offshore | Actual Aggregated,2026-09-04T19:46:09Z
2026-09-04T19:44:00Z,2026-09-04T21:44:00+0200,38b8bb2e-e325-47df-93a9-09dcd899994c,2026-09-03T14:00:00Z,2026-09-03T16:00:00+0200,14.899,MW,NL,NL,actual_offshore_wind_generation,Wind Offshore | Actual Consumption,2026-09-04T19:46:09Z
2026-09-04T19:44:00Z,2026-09-04T21:44:00+0200,38b8bb2e-e325-47df-93a9-09dcd899994c,2026-09-03T14:15:00Z,2026-09-03T16:15:00+0200,2837.691,MW,NL,NL,actual_offshore_wind_generation,Wind Offshore | Actual Aggregated,2026-09-04T19:46:09Z
2026-09-04T19:44:00Z,2026-09-04T21:44:00+0200,38b8bb2e-e325-47df-93a9-09dcd899994c,2026-09-03T14:15:00Z,2026-09-03T16:15:00+0200,14.977,MW,NL,NL,actual_offshore_wind_generation,Wind Offshore | Actual Consumption,2026-09-04T19:46:09Z
2026-09-04T19:44:00Z,2026-09-04T21:44:00+0200,38b8bb2e-e325-47df-93a9-09dcd899994c,2026-09-03T14:30:00Z,2026-09-03T16:30:00+0200,2795.99,MW,NL,NL,actual_offshore_wind_generation,Wind Offshore | Actual Aggregated,2026-09-04T19:46:09Z
2026-09-04T19:44:00Z,2026-09-04T21:44:00+0200,38b8bb2e-e325-47df-93a9-09dcd899994c,2026-09-03T14:30:00Z,2026-09-03T16:30:00+0200,6.223,MW,NL,NL,actual_offshore_wind_generation,Wind Offshore | Actual Consumption,2026-09-04T19:46:09Z
2026-09-04T19:44:00Z,2026-09-04T21:44:00+0200,38b8bb2e-e325-47df-93a9-09dcd899994c,2026-09-03T14:45:00Z,2026-09-03T16:45:00+0200,2744.392,MW,NL,NL,actual_offshore_wind_generation,Wind Offshore | Actual Aggregated,2026-09-04T19:46:09Z
2026-09-04T19:44:00Z,2026-09-04T21:44:00+0200,38b8bb2e-e325-47df-93a9-09dcd899994c,2026-09-03T14:45:00Z,2026-09-03T16:45:00+0200,14.746,MW,NL,NL,actual_offshore_wind_generation,Wind Offshore | Actual Consumption,2026-09-04T19:46:09Z
2026-09-04T19:44:00Z,2026-09-04T21:44:00+0200,38b8bb2e-e325-47df-93a9-09dcd899994c,2026-09-03T15:00:00Z,2026-09-03T17:00:00+0200,2633.668,MW,NL,NL,actual_offshore_wind_generation,Wind Offshore | Actual Aggregated,2026-09-04T19:46:09Z
2026-09-04T19:44:00Z,2026-09-04T21:44:00+0200,38b8bb2e-e325-47df-93a9-09dcd899994c,2026-09-03T15:00:00Z,2026-09-03T17:00:00+0200,15.462,MW,NL,NL,actual_offshore_wind_generation,Wind Offshore | Actual Consumption,2026-09-04T19:46:09Z
2026-09-04T19:44:00Z,2026-09-04T21:44:00+0200,38b8bb2e-e325-47df-93a9-09dcd899994c,2026-09-03T15:15:00Z,2026-09-03T17:15:00+0200,2759.952,MW,NL,NL,actual_offshore_wind_generation,Wind Offshore | Actual Aggregated,2026-09-04T19:46:09Z
2026-09-04T19:44:00Z,2026-09-04T21:44:00+0200,38b8bb2e-e325-47df-93a9-09dcd899994c,2026-09-03T15:15:00Z,2026-09-03T17:15:00+0200,17.072,MW,NL,NL,actual_offshore_wind_generation,Wind Offshore | Actual Consumption,2026-09-04T19:46:09Z
2026-09-04T19:44:00Z,2026-09-04T21:44:00+0200,38b8bb2e-e325-47df-93a9-09dcd899994c,2026-09-03T15:30:00Z,2026-09-03T17:30:00+0200,2948.935,MW,NL,NL,actual_offshore_wind_generation,Wind Offshore | Actual Aggregated,2026-09-04T19:46:09Z
2026-09-04T19:44:00Z,2026-09-04T21:44:00+0200,38b8bb2e-e325-47df-93a9-09dcd899994c,2026-09-03T15:30:00Z,2026-09-03T17:30:00+0200,18.103,MW,NL,NL,actual_offshore_wind_generation,Wind Offshore | Actual Consumption,2026-09-04T19:46:09Z
2026-09-04T19:44:00Z,2026-09-04T21:44:00+0200,38b8bb2e-e325-47df-93a9-09dcd899994c,2026-09-03T15:45:00Z,2026-09-03T17:45:00+0200,3123.822,MW,NL,NL,actual_offshore_wind_generation,Wind Offshore | Actual Aggregated,2026-09-04T19:46:09Z
2026-09-04T19:44:00Z,2026-09-04T21:44:00+0200,38b8bb2e-e325-47df-93a9-09dcd899994c,2026-09-03T15:45:00Z,2026-09-03T17:45:00+0200,18.794,MW,NL,NL,actual_offshore_wind_generation,Wind Offshore | Actual Consumption,2026-09-04T19:46:09Z
2026-09-04T19:44:00Z,2026-09-04T21:44:00+0200,38b8bb2e-e325-47df-93a9-09dcd899994c,2026-09-03T16:00:00Z,2026-09-03T18:00:00+0200,2939.788,MW,NL,NL,actual_offshore_wind_generation,Wind Offshore | Actual Aggregated,2026-09-04T19:46:09Z
2026-09-04T19:44:00Z,2026-09-04T21:44:00+0200,38b8bb2e-e325-47df-93a9-09dcd899994c,2026-09-03T16:00:00Z,2026-09-03T18:00:00+0200,18.729,MW,NL,NL,actual_offshore_wind_generation,Wind Offshore | Actual Consumption,2026-09-04T19:46:09Z
2026-09-04T19:44:00Z,2026-09-04T21:44:00+0200,38b8bb2e-e325-47df-93a9-09dcd899994c,2026-09-03T16:15:00Z,2026-09-03T18:15:00+0200,2907.174,MW,NL,NL,actual_offshore_wind_generation,Wind Offshore | Actual Aggregated,2026-09-04T19:46:09Z
2026-09-04T19:44:00Z,2026-09-04T21:44:00+0200,38b8bb2e-e325-47df-93a9-09dcd899994c,2026-09-03T16:15:00Z,2026-09-03T18:15:00+0200,18.801,MW,NL,NL,actual_offshore_wind_generation,Wind Offshore | Actual Consumption,2026-09-04T19:46:09Z
2026-09-04T19:44:00Z,2026-09-04T21:44:00+0200,38b8bb2e-e325-47df-93a9-09dcd899994c,2026-09-03T16:30:00Z,2026-09-03T18:30:00+0200,2912.793,MW,NL,NL,actual_offshore_wind_generation,Wind Offshore | Actual Aggregated,2026-09-04T19:46:09Z
2026-09-04T19:44:00Z,2026-09-04T21:44:00+0200,38b8bb2e-e325-47df-93a9-09dcd899994c,2026-09-03T16:30:00Z,2026-09-03T18:30:00+0200,18.798,MW,NL,NL,actual_offshore_wind_generation,Wind Offshore | Actual Consumption,2026-09-04T19:46:09Z
2026-09-04T19:44:00Z,2026-09-04T21:44:00+0200,38b8bb2e-e325-47df-93a9-09dcd899994c,2026-09-03T16:45:00Z,2026-09-03T18:45:00+0200,2951.896,MW,NL,NL,actual_offshore_wind_generation,Wind Offshore | Actual Aggregated,2026-09-04T19:46:09Z
2026-09-04T19:44:00Z,2026-09-04T21:44:00+0200,38b8bb2e-e325-47df-93a9-09dcd899994c,2026-09-03T16:45:00Z,2026-09-03T18:45:00+0200,18.704,MW,NL,NL,actual_offshore_wind_generation,Wind Offshore | Actual Consumption,2026-09-04T19:46:09Z
2026-09-04T19:44:00Z,2026-09-04T21:44:00+0200,38b8bb2e-e325-47df-93a9-09dcd899994c,2026-09-03T17:00:00Z,2026-09-03T19:00:00+0200,2824.195,MW,NL,NL,actual_offshore_wind_generation,Wind Offshore | Actual Aggregated,2026-09-04T19:46:09Z
2026-09-04T19:44:00Z,2026-09-04T21:44:00+0200,38b8bb2e-e325-47df-93a9-09dcd899994c,2026-09-03T17:00:00Z,2026-09-03T19:00:00+0200,18.757,MW,NL,NL,actual_offshore_wind_generation,Wind Offshore | Actual Consumption,2026-09-04T19:46:09Z
2026-09-04T19:44:00Z,2026-09-04T21:44:00+0200,38b8bb2e-e325-47df-93a9-09dcd899994c,2026-09-03T17:15:00Z,2026-09-03T19:15:00+0200,2734.409,MW,NL,NL,actual_offshore_wind_generation,Wind Offshore | Actual Aggregated,2026-09-04T19:46:09Z
2026-09-04T19:44:00Z,2026-09-04T21:44:00+0200,38b8bb2e-e325-47df-93a9-09dcd899994c,2026-09-03T17:15:00Z,2026-09-03T19:15:00+0200,18.787,MW,NL,NL,actual_offshore_wind_generation,Wind Offshore | Actual Consumption,2026-09-04T19:46:09Z
2026-09-04T19:44:00Z,2026-09-04T21:44:00+0200,38b8bb2e-e325-47df-93a9-09dcd899994c,2026-09-03T17:30:00Z,2026-09-03T19:30:00+0200,2760.975,MW,NL,NL,actual_offshore_wind_generation,Wind Offshore | Actual Aggregated,2026-09-04T19:46:09Z
2026-09-04T19:44:00Z,2026-09-04T21:44:00+0200,38b8bb2e-e325-47df-93a9-09dcd899994c,2026-09-03T17:30:00Z,2026-09-03T19:30:00+0200,18.755,MW,NL,NL,actual_offshore_wind_generation,Wind Offshore | Actual Consumption,2026-09-04T19:46:09Z
2026-09-04T19:44:00Z,2026-09-04T21:44:00+0200,38b8bb2e-e325-47df-93a9-09dcd899994c,2026-09-03T17:45:00Z,2026-09-03T19:45:00+0200,2758.439,MW,NL,NL,actual_offshore_wind_generation,Wind Offshore | Actual Aggregated,2026-09-04T19:46:09Z
2026-09-04T19:44:00Z,2026-09-04T21:44:00+0200,38b8bb2e-e325-47df-93a9-09dcd899994c,2026-09-03T17:45:00Z,2026-09-03T19:45:00+0200,18.75,MW,NL,NL,actual_offshore_wind_generation,Wind Offshore | Actual Consumption,2026-09-04T19:46:09Z
2026-09-04T19:44:00Z,2026-09-04T21:44:00+0200,38b8bb2e-e325-47df-93a9-09dcd899994c,2026-09-03T18:00:00Z,2026-09-03T20:00:00+0200,2927.724,MW,NL,NL,actual_offshore_wind_generation,Wind Offshore | Actual Aggregated,2026-09-04T19:46:09Z
2026-09-04T19:44:00Z,2026-09-04T21:44:00+0200,38b8bb2e-e325-47df-93a9-09dcd899994c,2026-09-03T18:00:00Z,2026-09-03T20:00:00+0200,18.837,MW,NL,NL,actual_offshore_wind_generation,Wind Offshore | Actual Consumption,2026-09-04T19:46:09Z
2026-09-04T19:44:00Z,2026-09-04T21:44:00+0200,38b8bb2e-e325-47df-93a9-09dcd899994c,2026-09-03T18:15:00Z,2026-09-03T20:15:00+0200,3106.362,MW,NL,NL,actual_offshore_wind_generation,Wind Offshore | Actual Aggregated,2026-09-04T19:46:09Z
2026-09-04T19:44:00Z,2026-09-04T21:44:00+0200,38b8bb2e-e325-47df-93a9-09dcd899994c,2026-09-03T18:15:00Z,2026-09-03T20:15:00+0200,18.743,MW,NL,NL,actual_offshore_wind_generation,Wind Offshore | Actual Consumption,2026-09-04T19:46:09Z
2026-09-04T19:44:00Z,2026-09-04T21:44:00+0200,38b8bb2e-e325-47df-93a9-09dcd899994c,2026-09-03T18:30:00Z,2026-09-03T20:30:00+0200,3241.091,MW,NL,NL,actual_offshore_wind_generation,Wind Offshore | Actual Aggregated,2026-09-04T19:46:09Z
2026-09-04T19:44:00Z,2026-09-04T21:44:00+0200,38b8bb2e-e325-47df-93a9-09dcd899994c,2026-09-03T18:30:00Z,2026-09-03T20:30:00+0200,18.775,MW,NL,NL,actual_offshore_wind_generation,Wind Offshore | Actual Consumption,2026-09-04T19:46:09Z
2026-09-04T19:44:00Z,2026-09-04T21:44:00+0200,38b8bb2e-e325-47df-93a9-09dcd899994c,2026-09-03T18:45:00Z,2026-09-03T20:45:00+0200,3360.012,MW,NL,NL,actual_offshore_wind_generation,Wind Offshore | Actual Aggregated,2026-09-04T19:46:09Z
2026-09-04T19:44:00Z,2026-09-04T21:44:00+0200,38b8bb2e-e325-47df-93a9-09dcd899994c,2026-09-03T18:45:00Z,2026-09-03T20:45:00+0200,18.804,MW,NL,NL,actual_offshore_wind_generation,Wind Offshore | Actual Consumption,2026-09-04T19:46:09Z
2026-09-04T19:44:00Z,2026-09-04T21:44:00+0200,38b8bb2e-e325-47df-93a9-09dcd899994c,2026-09-03T19:00:00Z,2026-09-03T21:00:00+0200,3441.351,MW,NL,NL,actual_offshore_wind_generation,Wind Offshore | Actual Aggregated,2026-09-04T19:46:09Z
2026-09-04T19:44:00Z,2026-09-04T21:44:00+0200,38b8bb2e-e325-47df-93a9-09dcd899994c,2026-09-03T19:00:00Z,2026-09-03T21:00:00+0200,18.684,MW,NL,NL,actual_offshore_wind_generation,Wind Offshore | Actual Consumption,2026-09-04T19:46:09Z
2026-09-04T19:44:00Z,2026-09-04T21:44:00+0200,38b8bb2e-e325-47df-93a9-09dcd899994c,2026-09-03T19:15:00Z,2026-09-03T21:15:00+0200,3462.199,MW,NL,NL,actual_offshore_wind_generation,Wind Offshore | Actual Aggregated,2026-09-04T19:46:09Z
2026-09-04T19:44:00Z,2026-09-04T21:44:00+0200,38b8bb2e-e325-47df-93a9-09dcd899994c,2026-09-03T19:15:00Z,2026-09-03T21:15:00+0200,18.738,MW,NL,NL,actual_offshore_wind_generation,Wind Offshore | Actual Consumption,2026-09-04T19:46:09Z
2026-09-04T19:44:00Z,2026-09-04T21:44:00+0200,38b8bb2e-e325-47df-93a9-09dcd899994c,2026-09-03T19:30:00Z,2026-09-03T21:30:00+0200,3555.624,MW,NL,NL,actual_offshore_wind_generation,Wind Offshore | Actual Aggregated,2026-09-04T19:46:09Z
2026-09-04T19:44:00Z,2026-09-04T21:44:00+0200,38b8bb2e-e325-47df-93a9-09dcd899994c,2026-09-03T19:30:00Z,2026-09-03T21:30:00+0200,18.756,MW,NL,NL,actual_offshore_wind_generation,Wind Offshore | Actual Consumption,2026-09-04T19:46:09Z
2026-09-04T19:44:00Z,2026-09-04T21:44:00+0200,38b8bb2e-e325-47df-93a9-09dcd899994c,2026-09-03T19:45:00Z,2026-09-03T21:45:00+0200,3632.012,MW,NL,NL,actual_offshore_wind_generation,Wind Offshore | Actual Aggregated,2026-09-04T19:46:09Z
2026-09-04T19:44:00Z,2026-09-04T21:44:00+0200,38b8bb2e-e325-47df-93a9-09dcd899994c,2026-09-03T19:45:00Z,2026-09-03T21:45:00+0200,18.791,MW,NL,NL,actual_offshore_wind_generation,Wind Offshore | Actual Consumption,2026-09-04T19:46:09Z
2026-09-04T19:44:00Z,2026-09-04T21:44:00+0200,38b8bb2e-e325-47df-93a9-09dcd899994c,2026-09-03T20:00:00Z,2026-09-03T22:00:00+0200,3720.137,MW,NL,NL,actual_offshore_wind_generation,Wind Offshore | Actual Aggregated,2026-09-04T19:46:09Z
2026-09-04T19:44:00Z,2026-09-04T21:44:00+0200,38b8bb2e-e325-47df-93a9-09dcd899994c,2026-09-03T20:00:00Z,2026-09-03T22:00:00+0200,18.813,MW,NL,NL,actual_offshore_wind_generation,Wind Offshore | Actual Consumption,2026-09-04T19:46:09Z
2026-09-04T19:44:00Z,2026-09-04T21:44:00+0200,38b8bb2e-e325-47df-93a9-09dcd899994c,2026-09-03T20:15:00Z,2026-09-03T22:15:00+0200,3772.405,MW,NL,NL,actual_offshore_wind_generation,Wind Offshore | Actual Aggregated,2026-09-04T19:46:09Z
2026-09-04T19:44:00Z,2026-09-04T21:44:00+0200,38b8bb2e-e325-47df-93a9-09dcd899994c,2026-09-03T20:15:00Z,2026-09-03T22:15:00+0200,18.715,MW,NL,NL,actual_offshore_wind_generation,Wind Offshore | Actual Consumption,2026-09-04T19:46:09Z
2026-09-04T19:44:00Z,2026-09-04T21:44:00+0200,38b8bb2e-e325-47df-93a9-09dcd899994c,2026-09-03T20:30:00Z,2026-09-03T22:30:00+0200,3831.281,MW,NL,NL,actual_offshore_wind_generation,Wind Offshore | Actual Aggregated,2026-09-04T19:46:09Z
2026-09-04T19:44:00Z,2026-09-04T21:44:00+0200,38b8bb2e-e325-47df-93a9-09dcd899994c,2026-09-03T20:30:00Z,2026-09-03T22:30:00+0200,18.747,MW,NL,NL,actual_offshore_wind_generation,Wind Offshore | Actual Consumption,2026-09-04T19:46:09Z
2026-09-04T19:44:00Z,2026-09-04T21:44:00+0200,38b8bb2e-e325-47df-93a9-09dcd899994c,2026-09-03T20:45:00Z,2026-09-03T22:45:00+0200,3931.213,MW,NL,NL,actual_offshore_wind_generation,Wind Offshore | Actual Aggregated,2026-09-04T19:46:09Z
2026-09-04T19:44:00Z,2026-09-04T21:44:00+0200,38b8bb2e-e325-47df-93a9-09dcd899994c,2026-09-03T20:45:00Z,2026-09-03T22:45:00+0200,18.766,MW,NL,NL,actual_offshore_wind_generation,Wind Offshore | Actual Consumption,2026-09-04T19:46:09Z
2026-09-04T19:44:00Z,2026-09-04T21:44:00+0200,38b8bb2e-e325-47df-93a9-09dcd899994c,2026-09-03T21:00:00Z,2026-09-03T23:00:00+0200,4010.859,MW,NL,NL,actual_offshore_wind_generation,Wind Offshore | Actual Aggregated,2026-09-04T19:46:09Z
2026-09-04T19:44:00Z,2026-09-04T21:44:00+0200,38b8bb2e-e325-47df-93a9-09dcd899994c,2026-09-03T21:00:00Z,2026-09-03T23:00:00+0200,18.714,MW,NL,NL,actual_offshore_wind_generation,Wind Offshore | Actual Consumption,2026-09-04T19:46:09Z
2026-09-04T19:44:00Z,2026-09-04T21:44:00+0200,38b8bb2e-e325-47df-93a9-09dcd899994c,2026-09-03T21:15:00Z,2026-09-03T23:15:00+0200,4094.137,MW,NL,NL,actual_offshore_wind_generation,Wind Offshore | Actual Aggregated,2026-09-04T19:46:09Z
2026-09-04T19:44:00Z,2026-09-04T21:44:00+0200,38b8bb2e-e325-47df-93a9-09dcd899994c,2026-09-03T21:15:00Z,2026-09-03T23:15:00+0200,18.752,MW,NL,NL,actual_offshore_wind_generation,Wind Offshore | Actual Consumption,2026-09-04T19:46:09Z
2026-09-04T19:44:00Z,2026-09-04T21:44:00+0200,38b8bb2e-e325-47df-93a9-09dcd899994c,2026-09-03T21:30:00Z,2026-09-03T23:30:00+0200,4070.492,MW,NL,NL,actual_offshore_wind_generation,Wind Offshore | Actual Aggregated,2026-09-04T19:46:09Z
2026-09-04T19:44:00Z,2026-09-04T21:44:00+0200,38b8bb2e-e325-47df-93a9-09dcd899994c,2026-09-03T21:30:00Z,2026-09-03T23:30:00+0200,18.764,MW,NL,NL,actual_offshore_wind_generation,Wind Offshore | Actual Consumption,2026-09-04T19:46:09Z
2026-09-04T19:44:00Z,2026-09-04T21:44:00+0200,38b8bb2e-e325-47df-93a9-09dcd899994c,2026-09-03T21:45:00Z,2026-09-03T23:45:00+0200,3993.375,MW,NL,NL,actual_offshore_wind_generation,Wind Offshore | Actual Aggregated,2026-09-04T19:46:09Z
2026-09-04T19:44:00Z,2026-09-04T21:44:00+0200,38b8bb2e-e325-47df-93a9-09dcd899994c,2026-09-03T21:45:00Z,2026-09-03T23:45:00+0200,18.725,MW,NL,NL,actual_offshore_wind_generation,Wind Offshore | Actual Consumption,2026-09-04T19:46:09Z
2026-09-04T19:44:00Z,2026-09-04T21:44:00+0200,38b8bb2e-e325-47df-93a9-09dcd899994c,2026-09-03T22:00:00Z,2026-09-04T00:00:00+0200,3958.916,MW,NL,NL,actual_offshore_wind_generation,Wind Offshore | Actual Aggregated,2026-09-04T19:46:09Z
2026-09-04T19:44:00Z,2026-09-04T21:44:00+0200,38b8bb2e-e325-47df-93a9-09dcd899994c,2026-09-03T22:00:00Z,2026-09-04T00:00:00+0200,18.731,MW,NL,NL,actual_offshore_wind_generation,Wind Offshore | Actual Consumption,2026-09-04T19:46:09Z
2026-09-04T19:44:00Z,2026-09-04T21:44:00+0200,38b8bb2e-e325-47df-93a9-09dcd899994c,2026-09-03T22:15:00Z,2026-09-04T00:15:00+0200,3918.797,MW,NL,NL,actual_offshore_wind_generation,Wind Offshore | Actual Aggregated,2026-09-04T19:46:09Z
2026-09-04T19:44:00Z,2026-09-04T21:44:00+0200,38b8bb2e-e325-47df-93a9-09dcd899994c,2026-09-03T22:15:00Z,2026-09-04T00:15:00+0200,18.75,MW,NL,NL,actual_offshore_wind_generation,Wind Offshore | Actual Consumption,2026-09-04T19:46:09Z
2026-09-04T19:44:00Z,2026-09-04T21:44:00+0200,38b8bb2e-e325-47df-93a9-09dcd899994c,2026-09-03T22:30:00Z,2026-09-04T00:30:00+0200,3894.695,MW,NL,NL,actual_offshore_wind_generation,Wind Offshore | Actual Aggregated,2026-09-04T19:46:09Z
2026-09-04T19:44:00Z,2026-09-04T21:44:00+0200,38b8bb2e-e325-47df-93a9-09dcd899994c,2026-09-03T22:30:00Z,2026-09-04T00:30:00+0200,18.827,MW,NL,NL,actual_offshore_wind_generation,Wind Offshore | Actual Consumption,2026-09-04T19:46:09Z
2026-09-04T19:44:00Z,2026-09-04T21:44:00+0200,38b8bb2e-e325-47df-93a9-09dcd899994c,2026-09-03T22:45:00Z,2026-09-04T00:45:00+0200,3884.133,MW,NL,NL,actual_offshore_wind_generation,Wind Offshore | Actual Aggregated,2026-09-04T19:46:09Z
2026-09-04T19:44:00Z,2026-09-04T21:44:00+0200,38b8bb2e-e325-47df-93a9-09dcd899994c,2026-09-03T22:45:00Z,2026-09-04T00:45:00+0200,18.742,MW,NL,NL,actual_offshore_wind_generation,Wind Offshore | Actual Consumption,2026-09-04T19:46:09Z
2026-09-04T19:44:00Z,2026-09-04T21:44:00+0200,38b8bb2e-e325-47df-93a9-09dcd899994c,2026-09-03T23:00:00Z,2026-09-04T01:00:00+0200,3899.183,MW,NL,NL,actual_offshore_wind_generation,Wind Offshore | Actual Aggregated,2026-09-04T19:46:09Z
2026-09-04T19:44:00Z,2026-09-04T21:44:00+0200,38b8bb2e-e325-47df-93a9-09dcd899994c,2026-09-03T23:00:00Z,2026-09-04T01:00:00+0200,18.744,MW,NL,NL,actual_offshore_wind_generation,Wind Offshore | Actual Consumption,2026-09-04T19:46:09Z
2026-09-04T19:44:00Z,2026-09-04T21:44:00+0200,38b8bb2e-e325-47df-93a9-09dcd899994c,2026-09-03T23:15:00Z,2026-09-04T01:15:00+0200,3883.124,MW,NL,NL,actual_offshore_wind_generation,Wind Offshore | Actual Aggregated,2026-09-04T19:46:09Z
2026-09-04T19:44:00Z,2026-09-04T21:44:00+0200,38b8bb2e-e325-47df-93a9-09dcd899994c,2026-09-03T23:15:00Z,2026-09-04T01:15:00+0200,18.75,MW,NL,NL,actual_offshore_wind_generation,Wind Offshore | Actual Consumption,2026-09-04T19:46:09Z
2026-09-04T19:44:00Z,2026-09-04T21:44:00+0200,38b8bb2e-e325-47df-93a9-09dcd899994c,2026-09-03T23:30:00Z,2026-09-04T01:30:00+0200,3878.898,MW,NL,NL,actual_offshore_wind_generation,Wind Offshore | Actual Aggregated,2026-09-04T19:46:09Z
2026-09-04T19:44:00Z,2026-09-04T21:44:00+0200,38b8bb2e-e325-47df-93a9-09dcd899994c,2026-09-03T23:30:00Z,2026-09-04T01:30:00+0200,18.767,MW,NL,NL,actual_offshore_wind_generation,Wind Offshore | Actual Consumption,2026-09-04T19:46:09Z
2026-09-04T19:44:00Z,2026-09-04T21:44:00+0200,38b8bb2e-e325-47df-93a9-09dcd899994c,2026-09-03T23:45:00Z,2026-09-04T01:45:00+0200,3898.045,MW,NL,NL,actual_offshore_wind_generation,Wind Offshore | Actual Aggregated,2026-09-04T19:46:09Z
2026-09-04T19:44:00Z,2026-09-04T21:44:00+0200,38b8bb2e-e325-47df-93a9-09dcd899994c,2026-09-03T23:45:00Z,2026-09-04T01:45:00+0200,18.773,MW,NL,NL,actual_offshore_wind_generation,Wind Offshore | Actual Consumption,2026-09-04T19:46:09Z
2026-09-04T19:44:00Z,2026-09-04T21:44:00+0200,38b8bb2e-e325-47df-93a9-09dcd899994c,2026-09-04T00:00:00Z,2026-09-04T02:00:00+0200,3926.104,MW,NL,NL,actual_offshore_wind_generation,Wind Offshore | Actual Aggregated,2026-09-04T19:46:09Z
2026-09-04T19:44:00Z,2026-09-04T21:44:00+0200,38b8bb2e-e325-47df-93a9-09dcd899994c,2026-09-04T00:00:00Z,2026-09-04T02:00:00+0200,18.755,MW,NL,NL,actual_offshore_wind_generation,Wind Offshore | Actual Consumption,2026-09-04T19:46:09Z
2026-09-04T19:44:00Z,2026-09-04T21:44:00+0200,38b8bb2e-e325-47df-93a9-09dcd899994c,2026-09-04T00:15:00Z,2026-09-04T02:15:00+0200,3976.23,MW,NL,NL,actual_offshore_wind_generation,Wind Offshore | Actual Aggregated,2026-09-04T19:46:09Z
2026-09-04T19:44:00Z,2026-09-04T21:44:00+0200,38b8bb2e-e325-47df-93a9-09dcd899994c,2026-09-04T00:15:00Z,2026-09-04T02:15:00+0200,18.81,MW,NL,NL,actual_offshore_wind_generation,Wind Offshore | Actual Consumption,2026-09-04T19:46:09Z
2026-09-04T19:44:00Z,2026-09-04T21:44:00+0200,38b8bb2e-e325-47df-93a9-09dcd899994c,2026-09-04T00:30:00Z,2026-09-04T02:30:00+0200,4072.257,MW,NL,NL,actual_offshore_wind_generation,Wind Offshore | Actual Aggregated,2026-09-04T19:46:09Z
2026-09-04T19:44:00Z,2026-09-04T21:44:00+0200,38b8bb2e-e325-47df-93a9-09dcd899994c,2026-09-04T00:30:00Z,2026-09-04T02:30:00+0200,18.825,MW,NL,NL,actual_offshore_wind_generation,Wind Offshore | Actual Consumption,2026-09-04T19:46:09Z
2026-09-04T19:44:00Z,2026-09-04T21:44:00+0200,38b8bb2e-e325-47df-93a9-09dcd899994c,2026-09-04T00:45:00Z,2026-09-04T02:45:00+0200,4102.125,MW,NL,NL,actual_offshore_wind_generation,Wind Offshore | Actual Aggregated,2026-09-04T19:46:09Z
2026-09-04T19:44:00Z,2026-09-04T21:44:00+0200,38b8bb2e-e325-47df-93a9-09dcd899994c,2026-09-04T00:45:00Z,2026-09-04T02:45:00+0200,18.829,MW,NL,NL,actual_offshore_wind_generation,Wind Offshore | Actual Consumption,2026-09-04T19:46:09Z
2026-09-04T19:44:00Z,2026-09-04T21:44:00+0200,38b8bb2e-e325-47df-93a9-09dcd899994c,2026-09-04T01:00:00Z,2026-09-04T03:00:00+0200,4092.636,MW,NL,NL,actual_offshore_wind_generation,Wind Offshore | Actual Aggregated,2026-09-04T19:46:09Z
2026-09-04T19:44:00Z,2026-09-04T21:44:00+0200,38b8bb2e-e325-47df-93a9-09dcd899994c,2026-09-04T01:00:00Z,2026-09-04T03:00:00+0200,18.778,MW,NL,NL,actual_offshore_wind_generation,Wind Offshore | Actual Consumption,2026-09-04T19:46:09Z
2026-09-04T19:44:00Z,2026-09-04T21:44:00+0200,38b8bb2e-e325-47df-93a9-09dcd899994c,2026-09-04T01:15:00Z,2026-09-04T03:15:00+0200,4096.267,MW,NL,NL,actual_offshore_wind_generation,Wind Offshore | Actual Aggregated,2026-09-04T19:46:09Z
2026-09-04T19:44:00Z,2026-09-04T21:44:00+0200,38b8bb2e-e325-47df-93a9-09dcd899994c,2026-09-04T01:15:00Z,2026-09-04T03:15:00+0200,18.805,MW,NL,NL,actual_offshore_wind_generation,Wind Offshore | Actual Consumption,2026-09-04T19:46:09Z
2026-09-04T19:44:00Z,2026-09-04T21:44:00+0200,38b8bb2e-e325-47df-93a9-09dcd899994c,2026-09-04T01:30:00Z,2026-09-04T03:30:00+0200,4102.908,MW,NL,NL,actual_offshore_wind_generation,Wind Offshore | Actual Aggregated,2026-09-04T19:46:09Z
2026-09-04T19:44:00Z,2026-09-04T21:44:00+0200,38b8bb2e-e325-47df-93a9-09dcd899994c,2026-09-04T01:30:00Z,2026-09-04T03:30:00+0200,18.787,MW,NL,NL,actual_offshore_wind_generation,Wind Offshore | Actual Consumption,2026-09-04T19:46:09Z
2026-09-04T19:44:00Z,2026-09-04T21:44:00+0200,38b8bb2e-e325-47df-93a9-09dcd899994c,2026-09-04T01:45:00Z,2026-09-04T03:45:00+0200,4102.819,MW,NL,NL,actual_offshore_wind_generation,Wind Offshore | Actual Aggregated,2026-09-04T19:46:09Z
2026-09-04T19:44:00Z,2026-09-04T21:44:00+0200,38b8bb2e-e325-47df-93a9-09dcd899994c,2026-09-04T01:45:00Z,2026-09-04T03:45:00+0200,18.731,MW,NL,NL,actual_offshore_wind_generation,Wind Offshore | Actual Consumption,2026-09-04T19:46:09Z
2026-09-04T19:44:00Z,2026-09-04T21:44:00+0200,38b8bb2e-e325-47df-93a9-09dcd899994c,2026-09-04T02:00:00Z,2026-09-04T04:00:00+0200,4110.354,MW,NL,NL,actual_offshore_wind_generation,Wind Offshore | Actual Aggregated,2026-09-04T19:46:09Z
2026-09-04T19:44:00Z,2026-09-04T21:44:00+0200,38b8bb2e-e325-47df-93a9-09dcd899994c,2026-09-04T02:00:00Z,2026-09-04T04:00:00+0200,18.778,MW,NL,NL,actual_offshore_wind_generation,Wind Offshore | Actual Consumption,2026-09-04T19:46:09Z
2026-09-04T19:44:00Z,2026-09-04T21:44:00+0200,38b8bb2e-e325-47df-93a9-09dcd899994c,2026-09-04T02:15:00Z,2026-09-04T04:15:00+0200,4108.265,MW,NL,NL,actual_offshore_wind_generation,Wind Offshore | Actual Aggregated,2026-09-04T19:46:09Z
2026-09-04T19:44:00Z,2026-09-04T21:44:00+0200,38b8bb2e-e325-47df-93a9-09dcd899994c,2026-09-04T02:15:00Z,2026-09-04T04:15:00+0200,18.786,MW,NL,NL,actual_offshore_wind_generation,Wind Offshore | Actual Consumption,2026-09-04T19:46:09Z
2026-09-04T19:44:00Z,2026-09-04T21:44:00+0200,38b8bb2e-e325-47df-93a9-09dcd899994c,2026-09-04T02:30:00Z,2026-09-04T04:30:00+0200,4112.886,MW,NL,NL,actual_offshore_wind_generation,Wind Offshore | Actual Aggregated,2026-09-04T19:46:09Z
2026-09-04T19:44:00Z,2026-09-04T21:44:00+0200,38b8bb2e-e325-47df-93a9-09dcd899994c,2026-09-04T02:30:00Z,2026-09-04T04:30:00+0200,18.814,MW,NL,NL,actual_offshore_wind_generation,Wind Offshore | Actual Consumption,2026-09-04T19:46:09Z
2026-09-04T19:44:00Z,2026-09-04T21:44:00+0200,38b8bb2e-e325-47df-93a9-09dcd899994c,2026-09-04T02:45:00Z,2026-09-04T04:45:00+0200,4124.458,MW,NL,NL,actual_offshore_wind_generation,Wind Offshore | Actual Aggregated,2026-09-04T19:46:09Z
2026-09-04T19:44:00Z,2026-09-04T21:44:00+0200,38b8bb2e-e325-47df-93a9-09dcd899994c,2026-09-04T02:45:00Z,2026-09-04T04:45:00+0200,18.735,MW,NL,NL,actual_offshore_wind_generation,Wind Offshore | Actual Consumption,2026-09-04T19:46:09Z
2026-09-04T19:44:00Z,2026-09-04T21:44:00+0200,38b8bb2e-e325-47df-93a9-09dcd899994c,2026-09-04T03:00:00Z,2026-09-04T05:00:00+0200,4109.692,MW,NL,NL,actual_offshore_wind_generation,Wind Offshore | Actual Aggregated,2026-09-04T19:46:09Z
2026-09-04T19:44:00Z,2026-09-04T21:44:00+0200,38b8bb2e-e325-47df-93a9-09dcd899994c,2026-09-04T03:00:00Z,2026-09-04T05:00:00+0200,18.745,MW,NL,NL,actual_offshore_wind_generation,Wind Offshore | Actual Consumption,2026-09-04T19:46:09Z
2026-09-04T19:44:00Z,2026-09-04T21:44:00+0200,38b8bb2e-e325-47df-93a9-09dcd899994c,2026-09-04T03:15:00Z,2026-09-04T05:15:00+0200,4118.848,MW,NL,NL,actual_offshore_wind_generation,Wind Offshore | Actual Aggregated,2026-09-04T19:46:09Z
2026-09-04T19:44:00Z,2026-09-04T21:44:00+0200,38b8bb2e-e325-47df-93a9-09dcd899994c,2026-09-04T03:15:00Z,2026-09-04T05:15:00+0200,18.792,MW,NL,NL,actual_offshore_wind_generation,Wind Offshore | Actual Consumption,2026-09-04T19:46:09Z
2026-09-04T19:44:00Z,2026-09-04T21:44:00+0200,38b8bb2e-e325-47df-93a9-09dcd899994c,2026-09-04T03:30:00Z,2026-09-04T05:30:00+0200,4119.658,MW,NL,NL,actual_offshore_wind_generation,Wind Offshore | Actual Aggregated,2026-09-04T19:46:09Z
2026-09-04T19:44:00Z,2026-09-04T21:44:00+0200,38b8bb2e-e325-47df-93a9-09dcd899994c,2026-09-04T03:30:00Z,2026-09-04T05:30:00+0200,18.687,MW,NL,NL,actual_offshore_wind_generation,Wind Offshore | Actual Consumption,2026-09-04T19:46:09Z
2026-09-04T19:44:00Z,2026-09-04T21:44:00+0200,38b8bb2e-e325-47df-93a9-09dcd899994c,2026-09-04T03:45:00Z,2026-09-04T05:45:00+0200,4116.536,MW,NL,NL,actual_offshore_wind_generation,Wind Offshore | Actual Aggregated,2026-09-04T19:46:09Z
2026-09-04T19:44:00Z,2026-09-04T21:44:00+0200,38b8bb2e-e325-47df-93a9-09dcd899994c,2026-09-04T03:45:00Z,2026-09-04T05:45:00+0200,18.709,MW,NL,NL,actual_offshore_wind_generation,Wind Offshore | Actual Consumption,2026-09-04T19:46:09Z
2026-09-04T19:44:00Z,2026-09-04T21:44:00+0200,38b8bb2e-e325-47df-93a9-09dcd899994c,2026-09-04T04:00:00Z,2026-09-04T06:00:00+0200,4118.2,MW,NL,NL,actual_offshore_wind_generation,Wind Offshore | Actual Aggregated,2026-09-04T19:46:09Z
2026-09-04T19:44:00Z,2026-09-04T21:44:00+0200,38b8bb2e-e325-47df-93a9-09dcd899994c,2026-09-04T04:00:00Z,2026-09-04T06:00:00+0200,18.712,MW,NL,NL,actual_offshore_wind_generation,Wind Offshore | Actual Consumption,2026-09-04T19:46:09Z
2026-09-04T19:44:00Z,2026-09-04T21:44:00+0200,38b8bb2e-e325-47df-93a9-09dcd899994c,2026-09-04T04:15:00Z,2026-09-04T06:15:00+0200,4110.116,MW,NL,NL,actual_offshore_wind_generation,Wind Offshore | Actual Aggregated,2026-09-04T19:46:09Z
2026-09-04T19:44:00Z,2026-09-04T21:44:00+0200,38b8bb2e-e325-47df-93a9-09dcd899994c,2026-09-04T04:15:00Z,2026-09-04T06:15:00+0200,18.767,MW,NL,NL,actual_offshore_wind_generation,Wind Offshore | Actual Consumption,2026-09-04T19:46:09Z
2026-09-04T19:44:00Z,2026-09-04T21:44:00+0200,38b8bb2e-e325-47df-93a9-09dcd899994c,2026-09-04T04:30:00Z,2026-09-04T06:30:00+0200,4019.711,MW,NL,NL,actual_offshore_wind_generation,Wind Offshore | Actual Aggregated,2026-09-04T19:46:09Z
2026-09-04T19:44:00Z,2026-09-04T21:44:00+0200,38b8bb2e-e325-47df-93a9-09dcd899994c,2026-09-04T04:30:00Z,2026-09-04T06:30:00+0200,18.73,MW,NL,NL,actual_offshore_wind_generation,Wind Offshore | Actual Consumption,2026-09-04T19:46:09Z
2026-09-04T19:44:00Z,2026-09-04T21:44:00+0200,38b8bb2e-e325-47df-93a9-09dcd899994c,2026-09-04T04:45:00Z,2026-09-04T06:45:00+0200,4027.136,MW,NL,NL,actual_offshore_wind_generation,Wind Offshore | Actual Aggregated,2026-09-04T19:46:09Z
2026-09-04T19:44:00Z,2026-09-04T21:44:00+0200,38b8bb2e-e325-47df-93a9-09dcd899994c,2026-09-04T04:45:00Z,2026-09-04T06:45:00+0200,18.755,MW,NL,NL,actual_offshore_wind_generation,Wind Offshore | Actual Consumption,2026-09-04T19:46:09Z
2026-09-04T19:44:00Z,2026-09-04T21:44:00+0200,38b8bb2e-e325-47df-93a9-09dcd899994c,2026-09-04T05:00:00Z,2026-09-04T07:00:00+0200,4062.676,MW,NL,NL,actual_offshore_wind_generation,Wind Offshore | Actual Aggregated,2026-09-04T19:46:09Z
2026-09-04T19:44:00Z,2026-09-04T21:44:00+0200,38b8bb2e-e325-47df-93a9-09dcd899994c,2026-09-04T05:00:00Z,2026-09-04T07:00:00+0200,18.721,MW,NL,NL,actual_offshore_wind_generation,Wind Offshore | Actual Consumption,2026-09-04T19:46:09Z
2026-09-04T19:44:00Z,2026-09-04T21:44:00+0200,38b8bb2e-e325-47df-93a9-09dcd899994c,2026-09-04T05:15:00Z,2026-09-04T07:15:00+0200,4031.199,MW,NL,NL,actual_offshore_wind_generation,Wind Offshore | Actual Aggregated,2026-09-04T19:46:09Z
2026-09-04T19:44:00Z,2026-09-04T21:44:00+0200,38b8bb2e-e325-47df-93a9-09dcd899994c,2026-09-04T05:15:00Z,2026-09-04T07:15:00+0200,18.837,MW,NL,NL,actual_offshore_wind_generation,Wind Offshore | Actual Consumption,2026-09-04T19:46:09Z
2026-09-04T19:44:00Z,2026-09-04T21:44:00+0200,38b8bb2e-e325-47df-93a9-09dcd899994c,2026-09-04T05:30:00Z,2026-09-04T07:30:00+0200,4060.812,MW,NL,NL,actual_offshore_wind_generation,Wind Offshore | Actual Aggregated,2026-09-04T19:46:09Z
2026-09-04T19:44:00Z,2026-09-04T21:44:00+0200,38b8bb2e-e325-47df-93a9-09dcd899994c,2026-09-04T05:30:00Z,2026-09-04T07:30:00+0200,18.718,MW,NL,NL,actual_offshore_wind_generation,Wind Offshore | Actual Consumption,2026-09-04T19:46:09Z
2026-09-04T19:44:00Z,2026-09-04T21:44:00+0200,38b8bb2e-e325-47df-93a9-09dcd899994c,2026-09-04T05:45:00Z,2026-09-04T07:45:00+0200,4071.463,MW,NL,NL,actual_offshore_wind_generation,Wind Offshore | Actual Aggregated,2026-09-04T19:46:09Z
2026-09-04T19:44:00Z,2026-09-04T21:44:00+0200,38b8bb2e-e325-47df-93a9-09dcd899994c,2026-09-04T05:45:00Z,2026-09-04T07:45:00+0200,18.739,MW,NL,NL,actual_offshore_wind_generation,Wind Offshore | Actual Consumption,2026-09-04T19:46:09Z
2026-09-04T19:44:00Z,2026-09-04T21:44:00+0200,38b8bb2e-e325-47df-93a9-09dcd899994c,2026-09-04T06:00:00Z,2026-09-04T08:00:00+0200,4070.262,MW,NL,NL,actual_offshore_wind_generation,Wind Offshore | Actual Aggregated,2026-09-04T19:46:09Z
2026-09-04T19:44:00Z,2026-09-04T21:44:00+0200,38b8bb2e-e325-47df-93a9-09dcd899994c,2026-09-04T06:00:00Z,2026-09-04T08:00:00+0200,18.731,MW,NL,NL,actual_offshore_wind_generation,Wind Offshore | Actual Consumption,2026-09-04T19:46:09Z
2026-09-04T19:44:00Z,2026-09-04T21:44:00+0200,38b8bb2e-e325-47df-93a9-09dcd899994c,2026-09-04T06:15:00Z,2026-09-04T08:15:00+0200,4067.511,MW,NL,NL,actual_offshore_wind_generation,Wind Offshore | Actual Aggregated,2026-09-04T19:46:09Z
2026-09-04T19:44:00Z,2026-09-04T21:44:00+0200,38b8bb2e-e325-47df-93a9-09dcd899994c,2026-09-04T06:15:00Z,2026-09-04T08:15:00+0200,18.754,MW,NL,NL,actual_offshore_wind_generation,Wind Offshore | Actual Consumption,2026-09-04T19:46:09Z
2026-09-04T19:44:00Z,2026-09-04T21:44:00+0200,38b8bb2e-e325-47df-93a9-09dcd899994c,2026-09-04T06:30:00Z,2026-09-04T08:30:00+0200,4023.588,MW,NL,NL,actual_offshore_wind_generation,Wind Offshore | Actual Aggregated,2026-09-04T19:46:09Z
2026-09-04T19:44:00Z,2026-09-04T21:44:00+0200,38b8bb2e-e325-47df-93a9-09dcd899994c,2026-09-04T06:30:00Z,2026-09-04T08:30:00+0200,18.701,MW,NL,NL,actual_offshore_wind_generation,Wind Offshore | Actual Consumption,2026-09-04T19:46:09Z
2026-09-04T19:44:00Z,2026-09-04T21:44:00+0200,38b8bb2e-e325-47df-93a9-09dcd899994c,2026-09-04T06:45:00Z,2026-09-04T08:45:00+0200,4009.043,MW,NL,NL,actual_offshore_wind_generation,Wind Offshore | Actual Aggregated,2026-09-04T19:46:09Z
2026-09-04T19:44:00Z,2026-09-04T21:44:00+0200,38b8bb2e-e325-47df-93a9-09dcd899994c,2026-09-04T06:45:00Z,2026-09-04T08:45:00+0200,18.768,MW,NL,NL,actual_offshore_wind_generation,Wind Offshore | Actual Consumption,2026-09-04T19:46:09Z
2026-09-04T19:44:00Z,2026-09-04T21:44:00+0200,38b8bb2e-e325-47df-93a9-09dcd899994c,2026-09-04T07:00:00Z,2026-09-04T09:00:00+0200,3944.436,MW,NL,NL,actual_offshore_wind_generation,Wind Offshore | Actual Aggregated,2026-09-04T19:46:09Z
2026-09-04T19:44:00Z,2026-09-04T21:44:00+0200,38b8bb2e-e325-47df-93a9-09dcd899994c,2026-09-04T07:00:00Z,2026-09-04T09:00:00+0200,18.754,MW,NL,NL,actual_offshore_wind_generation,Wind Offshore | Actual Consumption,2026-09-04T19:46:09Z
2026-09-04T19:44:00Z,2026-09-04T21:44:00+0200,38b8bb2e-e325-47df-93a9-09dcd899994c,2026-09-04T07:15:00Z,2026-09-04T09:15:00+0200,3919.954,MW,NL,NL,actual_offshore_wind_generation,Wind Offshore | Actual Aggregated,2026-09-04T19:46:09Z
2026-09-04T19:44:00Z,2026-09-04T21:44:00+0200,38b8bb2e-e325-47df-93a9-09dcd899994c,2026-09-04T07:15:00Z,2026-09-04T09:15:00+0200,18.719,MW,NL,NL,actual_offshore_wind_generation,Wind Offshore | Actual Consumption,2026-09-04T19:46:09Z
2026-09-04T19:44:00Z,2026-09-04T21:44:00+0200,38b8bb2e-e325-47df-93a9-09dcd899994c,2026-09-04T07:30:00Z,2026-09-04T09:30:00+0200,3871.42,MW,NL,NL,actual_offshore_wind_generation,Wind Offshore | Actual Aggregated,2026-09-04T19:46:09Z
2026-09-04T19:44:00Z,2026-09-04T21:44:00+0200,38b8bb2e-e325-47df-93a9-09dcd899994c,2026-09-04T07:30:00Z,2026-09-04T09:30:00+0200,18.789,MW,NL,NL,actual_offshore_wind_generation,Wind Offshore | Actual Consumption,2026-09-04T19:46:09Z
2026-09-04T19:44:00Z,2026-09-04T21:44:00+0200,38b8bb2e-e325-47df-93a9-09dcd899994c,2026-09-04T07:45:00Z,2026-09-04T09:45:00+0200,3837.697,MW,NL,NL,actual_offshore_wind_generation,Wind Offshore | Actual Aggregated,2026-09-04T19:46:09Z
2026-09-04T19:44:00Z,2026-09-04T21:44:00+0200,38b8bb2e-e325-47df-93a9-09dcd899994c,2026-09-04T07:45:00Z,2026-09-04T09:45:00+0200,18.795,MW,NL,NL,actual_offshore_wind_generation,Wind Offshore | Actual Consumption,2026-09-04T19:46:09Z
2026-09-04T19:44:00Z,2026-09-04T21:44:00+0200,38b8bb2e-e325-47df-93a9-09dcd899994c,2026-09-04T08:00:00Z,2026-09-04T10:00:00+0200,3800.238,MW,NL,NL,actual_offshore_wind_generation,Wind Offshore | Actual Aggregated,2026-09-04T19:46:09Z
2026-09-04T19:44:00Z,2026-09-04T21:44:00+0200,38b8bb2e-e325-47df-93a9-09dcd899994c,2026-09-04T08:00:00Z,2026-09-04T10:00:00+0200,18.767,MW,NL,NL,actual_offshore_wind_generation,Wind Offshore | Actual Consumption,2026-09-04T19:46:09Z
2026-09-04T19:44:00Z,2026-09-04T21:44:00+0200,38b8bb2e-e325-47df-93a9-09dcd899994c,2026-09-04T08:15:00Z,2026-09-04T10:15:00+0200,3742.084,MW,NL,NL,actual_offshore_wind_generation,Wind Offshore | Actual Aggregated,2026-09-04T19:46:09Z
2026-09-04T19:44:00Z,2026-09-04T21:44:00+0200,38b8bb2e-e325-47df-93a9-09dcd899994c,2026-09-04T08:15:00Z,2026-09-04T10:15:00+0200,18.763,MW,NL,NL,actual_offshore_wind_generation,Wind Offshore | Actual Consumption,2026-09-04T19:46:09Z
2026-09-04T19:44:00Z,2026-09-04T21:44:00+0200,38b8bb2e-e325-47df-93a9-09dcd899994c,2026-09-04T08:30:00Z,2026-09-04T10:30:00+0200,3624.393,MW,NL,NL,actual_offshore_wind_generation,Wind Offshore | Actual Aggregated,2026-09-04T19:46:09Z
2026-09-04T19:44:00Z,2026-09-04T21:44:00+0200,38b8bb2e-e325-47df-93a9-09dcd899994c,2026-09-04T08:30:00Z,2026-09-04T10:30:00+0200,18.656,MW,NL,NL,actual_offshore_wind_generation,Wind Offshore | Actual Consumption,2026-09-04T19:46:09Z
2026-09-04T19:44:00Z,2026-09-04T21:44:00+0200,38b8bb2e-e325-47df-93a9-09dcd899994c,2026-09-04T08:45:00Z,2026-09-04T10:45:00+0200,3358.009,MW,NL,NL,actual_offshore_wind_generation,Wind Offshore | Actual Aggregated,2026-09-04T19:46:09Z
2026-09-04T19:44:00Z,2026-09-04T21:44:00+0200,38b8bb2e-e325-47df-93a9-09dcd899994c,2026-09-04T08:45:00Z,2026-09-04T10:45:00+0200,18.71,MW,NL,NL,actual_offshore_wind_generation,Wind Offshore | Actual Consumption,2026-09-04T19:46:09Z
2026-09-04T19:44:00Z,2026-09-04T21:44:00+0200,38b8bb2e-e325-47df-93a9-09dcd899994c,2026-09-04T09:00:00Z,2026-09-04T11:00:00+0200,3359.54,MW,NL,NL,actual_offshore_wind_generation,Wind Offshore | Actual Aggregated,2026-09-04T19:46:09Z
2026-09-04T19:44:00Z,2026-09-04T21:44:00+0200,38b8bb2e-e325-47df-93a9-09dcd899994c,2026-09-04T09:00:00Z,2026-09-04T11:00:00+0200,18.75,MW,NL,NL,actual_offshore_wind_generation,Wind Offshore | Actual Consumption,2026-09-04T19:46:09Z
2026-09-04T19:44:00Z,2026-09-04T21:44:00+0200,38b8bb2e-e325-47df-93a9-09dcd899994c,2026-09-04T09:15:00Z,2026-09-04T11:15:00+0200,3591.657,MW,NL,NL,actual_offshore_wind_generation,Wind Offshore | Actual Aggregated,2026-09-04T19:46:09Z
2026-09-04T19:44:00Z,2026-09-04T21:44:00+0200,38b8bb2e-e325-47df-93a9-09dcd899994c,2026-09-04T09:15:00Z,2026-09-04T11:15:00+0200,18.718,MW,NL,NL,actual_offshore_wind_generation,Wind Offshore | Actual Consumption,2026-09-04T19:46:09Z
2026-09-04T19:44:00Z,2026-09-04T21:44:00+0200,38b8bb2e-e325-47df-93a9-09dcd899994c,2026-09-04T09:30:00Z,2026-09-04T11:30:00+0200,3465.035,MW,NL,NL,actual_offshore_wind_generation,Wind Offshore | Actual Aggregated,2026-09-04T19:46:09Z
2026-09-04T19:44:00Z,2026-09-04T21:44:00+0200,38b8bb2e-e325-47df-93a9-09dcd899994c,2026-09-04T09:30:00Z,2026-09-04T11:30:00+0200,18.673,MW,NL,NL,actual_offshore_wind_generation,Wind Offshore | Actual Consumption,2026-09-04T19:46:09Z
2026-09-04T19:44:00Z,2026-09-04T21:44:00+0200,38b8bb2e-e325-47df-93a9-09dcd899994c,2026-09-04T09:45:00Z,2026-09-04T11:45:00+0200,3226.773,MW,NL,NL,actual_offshore_wind_generation,Wind Offshore | Actual Aggregated,2026-09-04T19:46:09Z
2026-09-04T19:44:00Z,2026-09-04T21:44:00+0200,38b8bb2e-e325-47df-93a9-09dcd899994c,2026-09-04T09:45:00Z,2026-09-04T11:45:00+0200,14.025,MW,NL,NL,actual_offshore_wind_generation,Wind Offshore | Actual Consumption,2026-09-04T19:46:09Z
2026-09-04T19:44:00Z,2026-09-04T21:44:00+0200,38b8bb2e-e325-47df-93a9-09dcd899994c,2026-09-04T10:00:00Z,2026-09-04T12:00:00+0200,3413.041,MW,NL,NL,actual_offshore_wind_generation,Wind Offshore | Actual Aggregated,2026-09-04T19:46:09Z
2026-09-04T19:44:00Z,2026-09-04T21:44:00+0200,38b8bb2e-e325-47df-93a9-09dcd899994c,2026-09-04T10:00:00Z,2026-09-04T12:00:00+0200,17.483,MW,NL,NL,actual_offshore_wind_generation,Wind Offshore | Actual Consumption,2026-09-04T19:46:09Z
2026-09-04T19:44:00Z,2026-09-04T21:44:00+0200,38b8bb2e-e325-47df-93a9-09dcd899994c,2026-09-04T10:15:00Z,2026-09-04T12:15:00+0200,3573.832,MW,NL,NL,actual_offshore_wind_generation,Wind Offshore | Actual Aggregated,2026-09-04T19:46:09Z
2026-09-04T19:44:00Z,2026-09-04T21:44:00+0200,38b8bb2e-e325-47df-93a9-09dcd899994c,2026-09-04T10:15:00Z,2026-09-04T12:15:00+0200,17.83,MW,NL,NL,actual_offshore_wind_generation,Wind Offshore | Actual Consumption,2026-09-04T19:46:09Z
2026-09-04T19:44:00Z,2026-09-04T21:44:00+0200,38b8bb2e-e325-47df-93a9-09dcd899994c,2026-09-04T10:30:00Z,2026-09-04T12:30:00+0200,3706.582,MW,NL,NL,actual_offshore_wind_generation,Wind Offshore | Actual Aggregated,2026-09-04T19:46:09Z
2026-09-04T19:44:00Z,2026-09-04T21:44:00+0200,38b8bb2e-e325-47df-93a9-09dcd899994c,2026-09-04T10:30:00Z,2026-09-04T12:30:00+0200,18.788,MW,NL,NL,actual_offshore_wind_generation,Wind Offshore | Actual Consumption,2026-09-04T19:46:09Z
2026-09-04T19:44:00Z,2026-09-04T21:44:00+0200,38b8bb2e-e325-47df-93a9-09dcd899994c,2026-09-04T10:45:00Z,2026-09-04T12:45:00+0200,3816.165,MW,NL,NL,actual_offshore_wind_generation,Wind Offshore | Actual Aggregated,2026-09-04T19:46:09Z
2026-09-04T19:44:00Z,2026-09-04T21:44:00+0200,38b8bb2e-e325-47df-93a9-09dcd899994c,2026-09-04T10:45:00Z,2026-09-04T12:45:00+0200,13.343,MW,NL,NL,actual_offshore_wind_generation,Wind Offshore | Actual Consumption,2026-09-04T19:46:09Z
2026-09-04T19:44:00Z,2026-09-04T21:44:00+0200,38b8bb2e-e325-47df-93a9-09dcd899994c,2026-09-04T11:00:00Z,2026-09-04T13:00:00+0200,3855.699,MW,NL,NL,actual_offshore_wind_generation,Wind Offshore | Actual Aggregated,2026-09-04T19:46:09Z
2026-09-04T19:44:00Z,2026-09-04T21:44:00+0200,38b8bb2e-e325-47df-93a9-09dcd899994c,2026-09-04T11:00:00Z,2026-09-04T13:00:00+0200,10.34,MW,NL,NL,actual_offshore_wind_generation,Wind Offshore | Actual Consumption,2026-09-04T19:46:09Z
2026-09-04T19:44:00Z,2026-09-04T21:44:00+0200,38b8bb2e-e325-47df-93a9-09dcd899994c,2026-09-04T11:15:00Z,2026-09-04T13:15:00+0200,3810.487,MW,NL,NL,actual_offshore_wind_generation,Wind Offshore | Actual Aggregated,2026-09-04T19:46:09Z
2026-09-04T19:44:00Z,2026-09-04T21:44:00+0200,38b8bb2e-e325-47df-93a9-09dcd899994c,2026-09-04T11:15:00Z,2026-09-04T13:15:00+0200,9.142,MW,NL,NL,actual_offshore_wind_generation,Wind Offshore | Actual Consumption,2026-09-04T19:46:09Z
2026-09-04T19:44:00Z,2026-09-04T21:44:00+0200,38b8bb2e-e325-47df-93a9-09dcd899994c,2026-09-04T11:30:00Z,2026-09-04T13:30:00+0200,3910.025,MW,NL,NL,actual_offshore_wind_generation,Wind Offshore | Actual Aggregated,2026-09-04T19:46:09Z
2026-09-04T19:44:00Z,2026-09-04T21:44:00+0200,38b8bb2e-e325-47df-93a9-09dcd899994c,2026-09-04T11:30:00Z,2026-09-04T13:30:00+0200,11.282,MW,NL,NL,actual_offshore_wind_generation,Wind Offshore | Actual Consumption,2026-09-04T19:46:09Z
2026-09-04T19:44:00Z,2026-09-04T21:44:00+0200,38b8bb2e-e325-47df-93a9-09dcd899994c,2026-09-04T11:45:00Z,2026-09-04T13:45:00+0200,3887.986,MW,NL,NL,actual_offshore_wind_generation,Wind Offshore | Actual Aggregated,2026-09-04T19:46:09Z
2026-09-04T19:44:00Z,2026-09-04T21:44:00+0200,38b8bb2e-e325-47df-93a9-09dcd899994c,2026-09-04T11:45:00Z,2026-09-04T13:45:00+0200,16.892,MW,NL,NL,actual_offshore_wind_generation,Wind Offshore | Actual Consumption,2026-09-04T19:46:09Z
2026-09-04T19:44:00Z,2026-09-04T21:44:00+0200,38b8bb2e-e325-47df-93a9-09dcd899994c,2026-09-04T12:00:00Z,2026-09-04T14:00:00+0200,3801.5,MW,NL,NL,actual_offshore_wind_generation,Wind Offshore | Actual Aggregated,2026-09-04T19:46:09Z
2026-09-04T19:44:00Z,2026-09-04T21:44:00+0200,38b8bb2e-e325-47df-93a9-09dcd899994c,2026-09-04T12:00:00Z,2026-09-04T14:00:00+0200,13.061,MW,NL,NL,actual_offshore_wind_generation,Wind Offshore | Actual Consumption,2026-09-04T19:46:09Z
2026-09-04T19:44:00Z,2026-09-04T21:44:00+0200,38b8bb2e-e325-47df-93a9-09dcd899994c,2026-09-04T12:15:00Z,2026-09-04T14:15:00+0200,3654.757,MW,NL,NL,actual_offshore_wind_generation,Wind Offshore | Actual Aggregated,2026-09-04T19:46:09Z
2026-09-04T19:44:00Z,2026-09-04T21:44:00+0200,38b8bb2e-e325-47df-93a9-09dcd899994c,2026-09-04T12:15:00Z,2026-09-04T14:15:00+0200,9.752,MW,NL,NL,actual_offshore_wind_generation,Wind Offshore | Actual Consumption,2026-09-04T19:46:09Z
2026-09-04T19:44:00Z,2026-09-04T21:44:00+0200,38b8bb2e-e325-47df-93a9-09dcd899994c,2026-09-04T12:30:00Z,2026-09-04T14:30:00+0200,3605.439,MW,NL,NL,actual_offshore_wind_generation,Wind Offshore | Actual Aggregated,2026-09-04T19:46:09Z
2026-09-04T19:44:00Z,2026-09-04T21:44:00+0200,38b8bb2e-e325-47df-93a9-09dcd899994c,2026-09-04T12:30:00Z,2026-09-04T14:30:00+0200,4.413,MW,NL,NL,actual_offshore_wind_generation,Wind Offshore | Actual Consumption,2026-09-04T19:46:09Z
2026-09-04T19:44:00Z,2026-09-04T21:44:00+0200,38b8bb2e-e325-47df-93a9-09dcd899994c,2026-09-04T12:45:00Z,2026-09-04T14:45:00+0200,3642.001,MW,NL,NL,actual_offshore_wind_generation,Wind Offshore | Actual Aggregated,2026-09-04T19:46:09Z
2026-09-04T19:44:00Z,2026-09-04T21:44:00+0200,38b8bb2e-e325-47df-93a9-09dcd899994c,2026-09-04T12:45:00Z,2026-09-04T14:45:00+0200,6.852,MW,NL,NL,actual_offshore_wind_generation,Wind Offshore | Actual Consumption,2026-09-04T19:46:09Z
2026-09-04T19:44:00Z,2026-09-04T21:44:00+0200,38b8bb2e-e325-47df-93a9-09dcd899994c,2026-09-04T13:00:00Z,2026-09-04T15:00:00+0200,3710.379,MW,NL,NL,actual_offshore_wind_generation,Wind Offshore | Actual Aggregated,2026-09-04T19:46:09Z
2026-09-04T19:44:00Z,2026-09-04T21:44:00+0200,38b8bb2e-e325-47df-93a9-09dcd899994c,2026-09-04T13:00:00Z,2026-09-04T15:00:00+0200,13.005,MW,NL,NL,actual_offshore_wind_generation,Wind Offshore | Actual Consumption,2026-09-04T19:46:09Z
2026-09-04T19:44:00Z,2026-09-04T21:44:00+0200,38b8bb2e-e325-47df-93a9-09dcd899994c,2026-09-04T13:15:00Z,2026-09-04T15:15:00+0200,3784.059,MW,NL,NL,actual_offshore_wind_generation,Wind Offshore | Actual Aggregated,2026-09-04T19:46:09Z
2026-09-04T19:44:00Z,2026-09-04T21:44:00+0200,38b8bb2e-e325-47df-93a9-09dcd899994c,2026-09-04T13:15:00Z,2026-09-04T15:15:00+0200,13.133,MW,NL,NL,actual_offshore_wind_generation,Wind Offshore | Actual Consumption,2026-09-04T19:46:09Z
2026-09-04T19:44:00Z,2026-09-04T21:44:00+0200,38b8bb2e-e325-47df-93a9-09dcd899994c,2026-09-04T13:30:00Z,2026-09-04T15:30:00+0200,3804.164,MW,NL,NL,actual_offshore_wind_generation,Wind Offshore | Actual Aggregated,2026-09-04T19:46:09Z
2026-09-04T19:44:00Z,2026-09-04T21:44:00+0200,38b8bb2e-e325-47df-93a9-09dcd899994c,2026-09-04T13:30:00Z,2026-09-04T15:30:00+0200,5.251,MW,NL,NL,actual_offshore_wind_generation,Wind Offshore | Actual Consumption,2026-09-04T19:46:09Z
2026-09-04T19:44:00Z,2026-09-04T21:44:00+0200,38b8bb2e-e325-47df-93a9-09dcd899994c,2026-09-04T13:45:00Z,2026-09-04T15:45:00+0200,3809.582,MW,NL,NL,actual_offshore_wind_generation,Wind Offshore | Actual Aggregated,2026-09-04T19:46:09Z
2026-09-04T19:44:00Z,2026-09-04T21:44:00+0200,38b8bb2e-e325-47df-93a9-09dcd899994c,2026-09-04T13:45:00Z,2026-09-04T15:45:00+0200,6.903,MW,NL,NL,actual_offshore_wind_generation,Wind Offshore | Actual Consumption,2026-09-04T19:46:09Z
2026-09-04T19:44:00Z,2026-09-04T21:44:00+0200,38b8bb2e-e325-47df-93a9-09dcd899994c,2026-09-04T14:00:00Z,2026-09-04T16:00:00+0200,3874.593,MW,NL,NL,actual_offshore_wind_generation,Wind Offshore | Actual Aggregated,2026-09-04T19:46:09Z
2026-09-04T19:44:00Z,2026-09-04T21:44:00+0200,38b8bb2e-e325-47df-93a9-09dcd899994c,2026-09-04T14:00:00Z,2026-09-04T16:00:00+0200,17.908,MW,NL,NL,actual_offshore_wind_generation,Wind Offshore | Actual Consumption,2026-09-04T19:46:09Z
2026-09-04T19:44:00Z,2026-09-04T21:44:00+0200,38b8bb2e-e325-47df-93a9-09dcd899994c,2026-09-04T14:15:00Z,2026-09-04T16:15:00+0200,3820.391,MW,NL,NL,actual_offshore_wind_generation,Wind Offshore | Actual Aggregated,2026-09-04T19:46:09Z
2026-09-04T19:44:00Z,2026-09-04T21:44:00+0200,38b8bb2e-e325-47df-93a9-09dcd899994c,2026-09-04T14:15:00Z,2026-09-04T16:15:00+0200,10.374,MW,NL,NL,actual_offshore_wind_generation,Wind Offshore | Actual Consumption,2026-09-04T19:46:09Z
2026-09-04T19:44:00Z,2026-09-04T21:44:00+0200,38b8bb2e-e325-47df-93a9-09dcd899994c,2026-09-04T14:30:00Z,2026-09-04T16:30:00+0200,3360.436,MW,NL,NL,actual_offshore_wind_generation,Wind Offshore | Actual Aggregated,2026-09-04T19:46:09Z
2026-09-04T19:44:00Z,2026-09-04T21:44:00+0200,38b8bb2e-e325-47df-93a9-09dcd899994c,2026-09-04T14:30:00Z,2026-09-04T16:30:00+0200,8.601,MW,NL,NL,actual_offshore_wind_generation,Wind Offshore | Actual Consumption,2026-09-04T19:46:09Z
2026-09-04T19:44:00Z,2026-09-04T21:44:00+0200,38b8bb2e-e325-47df-93a9-09dcd899994c,2026-09-04T14:45:00Z,2026-09-04T16:45:00+0200,3566.326,MW,NL,NL,actual_offshore_wind_generation,Wind Offshore | Actual Aggregated,2026-09-04T19:46:09Z
2026-09-04T19:44:00Z,2026-09-04T21:44:00+0200,38b8bb2e-e325-47df-93a9-09dcd899994c,2026-09-04T14:45:00Z,2026-09-04T16:45:00+0200,7.433,MW,NL,NL,actual_offshore_wind_generation,Wind Offshore | Actual Consumption,2026-09-04T19:46:09Z
2026-09-04T19:44:00Z,2026-09-04T21:44:00+0200,38b8bb2e-e325-47df-93a9-09dcd899994c,2026-09-04T15:00:00Z,2026-09-04T17:00:00+0200,3066.649,MW,NL,NL,actual_offshore_wind_generation,Wind Offshore | Actual Aggregated,2026-09-04T19:46:09Z
2026-09-04T19:44:00Z,2026-09-04T21:44:00+0200,38b8bb2e-e325-47df-93a9-09dcd899994c,2026-09-04T15:00:00Z,2026-09-04T17:00:00+0200,3.716,MW,NL,NL,actual_offshore_wind_generation,Wind Offshore | Actual Consumption,2026-09-04T19:46:09Z
2026-09-04T19:44:00Z,2026-09-04T21:44:00+0200,38b8bb2e-e325-47df-93a9-09dcd899994c,2026-09-04T15:15:00Z,2026-09-04T17:15:00+0200,3511.6,MW,NL,NL,actual_offshore_wind_generation,Wind Offshore | Actual Aggregated,2026-09-04T19:46:09Z
2026-09-04T19:44:00Z,2026-09-04T21:44:00+0200,38b8bb2e-e325-47df-93a9-09dcd899994c,2026-09-04T15:15:00Z,2026-09-04T17:15:00+0200,6.498,MW,NL,NL,actual_offshore_wind_generation,Wind Offshore | Actual Consumption,2026-09-04T19:46:09Z
2026-09-04T19:44:00Z,2026-09-04T21:44:00+0200,38b8bb2e-e325-47df-93a9-09dcd899994c,2026-09-04T15:30:00Z,2026-09-04T17:30:00+0200,3888.835,MW,NL,NL,actual_offshore_wind_generation,Wind Offshore | Actual Aggregated,2026-09-04T19:46:09Z
2026-09-04T19:44:00Z,2026-09-04T21:44:00+0200,38b8bb2e-e325-47df-93a9-09dcd899994c,2026-09-04T15:30:00Z,2026-09-04T17:30:00+0200,18.578,MW,NL,NL,actual_offshore_wind_generation,Wind Offshore | Actual Consumption,2026-09-04T19:46:09Z
2026-09-04T19:44:00Z,2026-09-04T21:44:00+0200,38b8bb2e-e325-47df-93a9-09dcd899994c,2026-09-04T15:45:00Z,2026-09-04T17:45:00+0200,3917.047,MW,NL,NL,actual_offshore_wind_generation,Wind Offshore | Actual Aggregated,2026-09-04T19:46:09Z
2026-09-04T19:44:00Z,2026-09-04T21:44:00+0200,38b8bb2e-e325-47df-93a9-09dcd899994c,2026-09-04T15:45:00Z,2026-09-04T17:45:00+0200,18.441,MW,NL,NL,actual_offshore_wind_generation,Wind Offshore | Actual Consumption,2026-09-04T19:46:09Z
2026-09-04T19:44:00Z,2026-09-04T21:44:00+0200,38b8bb2e-e325-47df-93a9-09dcd899994c,2026-09-04T16:00:00Z,2026-09-04T18:00:00+0200,3892.289,MW,NL,NL,actual_offshore_wind_generation,Wind Offshore | Actual Aggregated,2026-09-04T19:46:09Z
2026-09-04T19:44:00Z,2026-09-04T21:44:00+0200,38b8bb2e-e325-47df-93a9-09dcd899994c,2026-09-04T16:00:00Z,2026-09-04T18:00:00+0200,15.784,MW,NL,NL,actual_offshore_wind_generation,Wind Offshore | Actual Consumption,2026-09-04T19:46:09Z
2026-09-04T19:44:00Z,2026-09-04T21:44:00+0200,38b8bb2e-e325-47df-93a9-09dcd899994c,2026-09-04T16:15:00Z,2026-09-04T18:15:00+0200,3905.969,MW,NL,NL,actual_offshore_wind_generation,Wind Offshore | Actual Aggregated,2026-09-04T19:46:09Z
2026-09-04T19:44:00Z,2026-09-04T21:44:00+0200,38b8bb2e-e325-47df-93a9-09dcd899994c,2026-09-04T16:15:00Z,2026-09-04T18:15:00+0200,17.356,MW,NL,NL,actual_offshore_wind_generation,Wind Offshore | Actual Consumption,2026-09-04T19:46:09Z
2026-09-04T19:44:00Z,2026-09-04T21:44:00+0200,38b8bb2e-e325-47df-93a9-09dcd899994c,2026-09-04T16:30:00Z,2026-09-04T18:30:00+0200,3891.604,MW,NL,NL,actual_offshore_wind_generation,Wind Offshore | Actual Aggregated,2026-09-04T19:46:09Z
2026-09-04T19:44:00Z,2026-09-04T21:44:00+0200,38b8bb2e-e325-47df-93a9-09dcd899994c,2026-09-04T16:30:00Z,2026-09-04T18:30:00+0200,16.351,MW,NL,NL,actual_offshore_wind_generation,Wind Offshore | Actual Consumption,2026-09-04T19:46:09Z
2026-09-04T19:44:00Z,2026-09-04T21:44:00+0200,38b8bb2e-e325-47df-93a9-09dcd899994c,2026-09-04T16:45:00Z,2026-09-04T18:45:00+0200,3918.365,MW,NL,NL,actual_offshore_wind_generation,Wind Offshore | Actual Aggregated,2026-09-04T19:46:09Z
2026-09-04T19:44:00Z,2026-09-04T21:44:00+0200,38b8bb2e-e325-47df-93a9-09dcd899994c,2026-09-04T16:45:00Z,2026-09-04T18:45:00+0200,16.347,MW,NL,NL,actual_offshore_wind_generation,Wind Offshore | Actual Consumption,2026-09-04T19:46:09Z
2026-09-04T19:44:00Z,2026-09-04T21:44:00+0200,38b8bb2e-e325-47df-93a9-09dcd899994c,2026-09-04T17:00:00Z,2026-09-04T19:00:00+0200,3952.606,MW,NL,NL,actual_offshore_wind_generation,Wind Offshore | Actual Aggregated,2026-09-04T19:46:09Z
2026-09-04T19:44:00Z,2026-09-04T21:44:00+0200,38b8bb2e-e325-47df-93a9-09dcd899994c,2026-09-04T17:00:00Z,2026-09-04T19:00:00+0200,18.149,MW,NL,NL,actual_offshore_wind_generation,Wind Offshore | Actual Consumption,2026-09-04T19:46:09Z
2026-09-04T19:44:00Z,2026-09-04T21:44:00+0200,38b8bb2e-e325-47df-93a9-09dcd899994c,2026-09-04T17:15:00Z,2026-09-04T19:15:00+0200,3987.444,MW,NL,NL,actual_offshore_wind_generation,Wind Offshore | Actual Aggregated,2026-09-04T19:46:09Z
2026-09-04T19:44:00Z,2026-09-04T21:44:00+0200,38b8bb2e-e325-47df-93a9-09dcd899994c,2026-09-04T17:15:00Z,2026-09-04T19:15:00+0200,18.541,MW,NL,NL,actual_offshore_wind_generation,Wind Offshore | Actual Consumption,2026-09-04T19:46:09Z
2026-09-04T19:44:00Z,2026-09-04T21:44:00+0200,38b8bb2e-e325-47df-93a9-09dcd899994c,2026-09-04T17:30:00Z,2026-09-04T19:30:00+0200,3899.16,MW,NL,NL,actual_offshore_wind_generation,Wind Offshore | Actual Aggregated,2026-09-04T19:46:09Z
2026-09-04T19:44:00Z,2026-09-04T21:44:00+0200,38b8bb2e-e325-47df-93a9-09dcd899994c,2026-09-04T17:30:00Z,2026-09-04T19:30:00+0200,16.585,MW,NL,NL,actual_offshore_wind_generation,Wind Offshore | Actual Consumption,2026-09-04T19:46:09Z
2026-09-04T19:44:00Z,2026-09-04T21:44:00+0200,38b8bb2e-e325-47df-93a9-09dcd899994c,2026-09-04T17:45:00Z,2026-09-04T19:45:00+0200,3750.883,MW,NL,NL,actual_offshore_wind_generation,Wind Offshore | Actual Aggregated,2026-09-04T19:46:09Z
2026-09-04T19:44:00Z,2026-09-04T21:44:00+0200,38b8bb2e-e325-47df-93a9-09dcd899994c,2026-09-04T17:45:00Z,2026-09-04T19:45:00+0200,18.601,MW,NL,NL,actual_offshore_wind_generation,Wind Offshore | Actual Consumption,2026-09-04T19:46:09Z
2026-09-04T19:44:00Z,2026-09-04T21:44:00+0200,38b8bb2e-e325-47df-93a9-09dcd899994c,2026-09-04T18:00:00Z,2026-09-04T20:00:00+0200,3763.031,MW,NL,NL,actual_offshore_wind_generation,Wind Offshore | Actual Aggregated,2026-09-04T19:46:09Z
2026-09-04T19:44:00Z,2026-09-04T21:44:00+0200,38b8bb2e-e325-47df-93a9-09dcd899994c,2026-09-04T18:00:00Z,2026-09-04T20:00:00+0200,18.856,MW,NL,NL,actual_offshore_wind_generation,Wind Offshore | Actual Consumption,2026-09-04T19:46:09Z
2026-09-04T19:44:00Z,2026-09-04T21:44:00+0200,38b8bb2e-e325-47df-93a9-09dcd899994c,2026-09-04T18:15:00Z,2026-09-04T20:15:00+0200,3854.141,MW,NL,NL,actual_offshore_wind_generation,Wind Offshore | Actual Aggregated,2026-09-04T19:46:09Z
2026-09-04T19:44:00Z,2026-09-04T21:44:00+0200,38b8bb2e-e325-47df-93a9-09dcd899994c,2026-09-04T18:15:00Z,2026-09-04T20:15:00+0200,17.872,MW,NL,NL,actual_offshore_wind_generation,Wind Offshore | Actual Consumption,2026-09-04T19:46:09Z
2026-09-04T19:44:00Z,2026-09-04T21:44:00+0200,38b8bb2e-e325-47df-93a9-09dcd899994c,2026-09-04T18:30:00Z,2026-09-04T20:30:00+0200,3878.033,MW,NL,NL,actual_offshore_wind_generation,Wind Offshore | Actual Aggregated,2026-09-04T19:46:09Z
2026-09-04T19:44:00Z,2026-09-04T21:44:00+0200,38b8bb2e-e325-47df-93a9-09dcd899994c,2026-09-04T18:30:00Z,2026-09-04T20:30:00+0200,18.148,MW,NL,NL,actual_offshore_wind_generation,Wind Offshore | Actual Consumption,2026-09-04T19:46:09Z
2026-09-04T19:44:00Z,2026-09-04T21:44:00+0200,38b8bb2e-e325-47df-93a9-09dcd899994c,2026-09-04T18:45:00Z,2026-09-04T20:45:00+0200,3798.426,MW,NL,NL,actual_offshore_wind_generation,Wind Offshore | Actual Aggregated,2026-09-04T19:46:09Z
2026-09-04T19:44:00Z,2026-09-04T21:44:00+0200,38b8bb2e-e325-47df-93a9-09dcd899994c,2026-09-04T18:45:00Z,2026-09-04T20:45:00+0200,15.968,MW,NL,NL,actual_offshore_wind_generation,Wind Offshore | Actual Consumption,2026-09-04T19:46:09Z
