collection_time_utc,collection_time_local,run_id,timestamp_utc,timestamp_local,value,unit,country,entsoe_area,variable,source,updated_at_utc
2026-08-23T19:28:52Z,2026-08-23T21:28:52+0200,4d5ff379-624b-468c-8e0f-14ae085ed6a5,2026-07-23T20:00:00Z,2026-07-23T22:00:00+0200,566.52002,MW,FR,FR,forecast_offshore_wind_generation,Wind Offshore,2026-08-23T19:31:05Z
2026-08-23T19:28:52Z,2026-08-23T21:28:52+0200,4d5ff379-624b-468c-8e0f-14ae085ed6a5,2026-07-23T20:15:00Z,2026-07-23T22:15:00+0200,551.60999,MW,FR,FR,forecast_offshore_wind_generation,Wind Offshore,2026-08-23T19:31:05Z
2026-08-23T19:28:52Z,2026-08-23T21:28:52+0200,4d5ff379-624b-468c-8e0f-14ae085ed6a5,2026-07-23T20:30:00Z,2026-07-23T22:30:00+0200,536.69,MW,FR,FR,forecast_offshore_wind_generation,Wind Offshore,2026-08-23T19:31:05Z
2026-08-23T19:28:52Z,2026-08-23T21:28:52+0200,4d5ff379-624b-468c-8e0f-14ae085ed6a5,2026-07-23T20:45:00Z,2026-07-23T22:45:00+0200,521.75,MW,FR,FR,forecast_offshore_wind_generation,Wind Offshore,2026-08-23T19:31:05Z
2026-08-23T19:28:52Z,2026-08-23T21:28:52+0200,4d5ff379-624b-468c-8e0f-14ae085ed6a5,2026-07-23T21:00:00Z,2026-07-23T23:00:00+0200,506.82001,MW,FR,FR,forecast_offshore_wind_generation,Wind Offshore,2026-08-23T19:31:05Z
2026-08-23T19:28:52Z,2026-08-23T21:28:52+0200,4d5ff379-624b-468c-8e0f-14ae085ed6a5,2026-07-23T21:15:00Z,2026-07-23T23:15:00+0200,548.17999,MW,FR,FR,forecast_offshore_wind_generation,Wind Offshore,2026-08-23T19:31:05Z
2026-08-23T19:28:52Z,2026-08-23T21:28:52+0200,4d5ff379-624b-468c-8e0f-14ae085ed6a5,2026-07-23T21:30:00Z,2026-07-23T23:30:00+0200,589.53003,MW,FR,FR,forecast_offshore_wind_generation,Wind Offshore,2026-08-23T19:31:05Z
2026-08-23T19:28:52Z,2026-08-23T21:28:52+0200,4d5ff379-624b-468c-8e0f-14ae085ed6a5,2026-07-23T21:45:00Z,2026-07-23T23:45:00+0200,630.85999,MW,FR,FR,forecast_offshore_wind_generation,Wind Offshore,2026-08-23T19:31:05Z
2026-08-23T19:28:52Z,2026-08-23T21:28:52+0200,4d5ff379-624b-468c-8e0f-14ae085ed6a5,2026-07-23T22:00:00Z,2026-07-24T00:00:00+0200,689.05005,MW,FR,FR,forecast_offshore_wind_generation,Wind Offshore,2026-08-23T19:31:05Z
2026-08-23T19:28:52Z,2026-08-23T21:28:52+0200,4d5ff379-624b-468c-8e0f-14ae085ed6a5,2026-07-23T22:15:00Z,2026-07-24T00:15:00+0200,711.93994,MW,FR,FR,forecast_offshore_wind_generation,Wind Offshore,2026-08-23T19:31:05Z
2026-08-23T19:28:52Z,2026-08-23T21:28:52+0200,4d5ff379-624b-468c-8e0f-14ae085ed6a5,2026-07-23T22:30:00Z,2026-07-24T00:30:00+0200,734.83002,MW,FR,FR,forecast_offshore_wind_generation,Wind Offshore,2026-08-23T19:31:05Z
2026-08-23T19:28:52Z,2026-08-23T21:28:52+0200,4d5ff379-624b-468c-8e0f-14ae085ed6a5,2026-07-23T22:45:00Z,2026-07-24T00:45:00+0200,757.65002,MW,FR,FR,forecast_offshore_wind_generation,Wind Offshore,2026-08-23T19:31:05Z
2026-08-23T19:28:52Z,2026-08-23T21:28:52+0200,4d5ff379-624b-468c-8e0f-14ae085ed6a5,2026-07-23T23:00:00Z,2026-07-24T01:00:00+0200,780.47003,MW,FR,FR,forecast_offshore_wind_generation,Wind Offshore,2026-08-23T19:31:05Z
2026-08-23T19:28:52Z,2026-08-23T21:28:52+0200,4d5ff379-624b-468c-8e0f-14ae085ed6a5,2026-07-23T23:15:00Z,2026-07-24T01:15:00+0200,774.53003,MW,FR,FR,forecast_offshore_wind_generation,Wind Offshore,2026-08-23T19:31:05Z
2026-08-23T19:28:52Z,2026-08-23T21:28:52+0200,4d5ff379-624b-468c-8e0f-14ae085ed6a5,2026-07-23T23:30:00Z,2026-07-24T01:30:00+0200,768.57001,MW,FR,FR,forecast_offshore_wind_generation,Wind Offshore,2026-08-23T19:31:05Z
2026-08-23T19:28:52Z,2026-08-23T21:28:52+0200,4d5ff379-624b-468c-8e0f-14ae085ed6a5,2026-07-23T23:45:00Z,2026-07-24T01:45:00+0200,762.58997,MW,FR,FR,forecast_offshore_wind_generation,Wind Offshore,2026-08-23T19:31:05Z
2026-08-23T19:28:52Z,2026-08-23T21:28:52+0200,4d5ff379-624b-468c-8e0f-14ae085ed6a5,2026-07-24T00:00:00Z,2026-07-24T02:00:00+0200,756.62,MW,FR,FR,forecast_offshore_wind_generation,Wind Offshore,2026-08-23T19:31:05Z
2026-08-23T19:28:52Z,2026-08-23T21:28:52+0200,4d5ff379-624b-468c-8e0f-14ae085ed6a5,2026-07-24T00:15:00Z,2026-07-24T02:15:00+0200,753.76996,MW,FR,FR,forecast_offshore_wind_generation,Wind Offshore,2026-08-23T19:31:05Z
2026-08-23T19:28:52Z,2026-08-23T21:28:52+0200,4d5ff379-624b-468c-8e0f-14ae085ed6a5,2026-07-24T00:30:00Z,2026-07-24T02:30:00+0200,750.93005,MW,FR,FR,forecast_offshore_wind_generation,Wind Offshore,2026-08-23T19:31:05Z
2026-08-23T19:28:52Z,2026-08-23T21:28:52+0200,4d5ff379-624b-468c-8e0f-14ae085ed6a5,2026-07-24T00:45:00Z,2026-07-24T02:45:00+0200,748.09998,MW,FR,FR,forecast_offshore_wind_generation,Wind Offshore,2026-08-23T19:31:05Z
2026-08-23T19:28:52Z,2026-08-23T21:28:52+0200,4d5ff379-624b-468c-8e0f-14ae085ed6a5,2026-07-24T01:00:00Z,2026-07-24T03:00:00+0200,745.23999,MW,FR,FR,forecast_offshore_wind_generation,Wind Offshore,2026-08-23T19:31:05Z
2026-08-23T19:28:52Z,2026-08-23T21:28:52+0200,4d5ff379-624b-468c-8e0f-14ae085ed6a5,2026-07-24T01:15:00Z,2026-07-24T03:15:00+0200,723.71002,MW,FR,FR,forecast_offshore_wind_generation,Wind Offshore,2026-08-23T19:31:05Z
2026-08-23T19:28:52Z,2026-08-23T21:28:52+0200,4d5ff379-624b-468c-8e0f-14ae085ed6a5,2026-07-24T01:30:00Z,2026-07-24T03:30:00+0200,702.19,MW,FR,FR,forecast_offshore_wind_generation,Wind Offshore,2026-08-23T19:31:05Z
2026-08-23T19:28:52Z,2026-08-23T21:28:52+0200,4d5ff379-624b-468c-8e0f-14ae085ed6a5,2026-07-24T01:45:00Z,2026-07-24T03:45:00+0200,680.66003,MW,FR,FR,forecast_offshore_wind_generation,Wind Offshore,2026-08-23T19:31:05Z
2026-08-23T19:28:52Z,2026-08-23T21:28:52+0200,4d5ff379-624b-468c-8e0f-14ae085ed6a5,2026-07-24T02:00:00Z,2026-07-24T04:00:00+0200,659.14001,MW,FR,FR,forecast_offshore_wind_generation,Wind Offshore,2026-08-23T19:31:05Z
2026-08-23T19:28:52Z,2026-08-23T21:28:52+0200,4d5ff379-624b-468c-8e0f-14ae085ed6a5,2026-07-24T02:15:00Z,2026-07-24T04:15:00+0200,636.45001,MW,FR,FR,forecast_offshore_wind_generation,Wind Offshore,2026-08-23T19:31:05Z
2026-08-23T19:28:52Z,2026-08-23T21:28:52+0200,4d5ff379-624b-468c-8e0f-14ae085ed6a5,2026-07-24T02:30:00Z,2026-07-24T04:30:00+0200,613.76001,MW,FR,FR,forecast_offshore_wind_generation,Wind Offshore,2026-08-23T19:31:05Z
2026-08-23T19:28:52Z,2026-08-23T21:28:52+0200,4d5ff379-624b-468c-8e0f-14ae085ed6a5,2026-07-24T02:45:00Z,2026-07-24T04:45:00+0200,591.07001,MW,FR,FR,forecast_offshore_wind_generation,Wind Offshore,2026-08-23T19:31:05Z
2026-08-23T19:28:52Z,2026-08-23T21:28:52+0200,4d5ff379-624b-468c-8e0f-14ae085ed6a5,2026-07-24T03:00:00Z,2026-07-24T05:00:00+0200,568.38,MW,FR,FR,forecast_offshore_wind_generation,Wind Offshore,2026-08-23T19:31:05Z
2026-08-23T19:28:52Z,2026-08-23T21:28:52+0200,4d5ff379-624b-468c-8e0f-14ae085ed6a5,2026-07-24T03:15:00Z,2026-07-24T05:15:00+0200,559.42999,MW,FR,FR,forecast_offshore_wind_generation,Wind Offshore,2026-08-23T19:31:05Z
2026-08-23T19:28:52Z,2026-08-23T21:28:52+0200,4d5ff379-624b-468c-8e0f-14ae085ed6a5,2026-07-24T03:30:00Z,2026-07-24T05:30:00+0200,550.5,MW,FR,FR,forecast_offshore_wind_generation,Wind Offshore,2026-08-23T19:31:05Z
2026-08-23T19:28:52Z,2026-08-23T21:28:52+0200,4d5ff379-624b-468c-8e0f-14ae085ed6a5,2026-07-24T03:45:00Z,2026-07-24T05:45:00+0200,541.55005,MW,FR,FR,forecast_offshore_wind_generation,Wind Offshore,2026-08-23T19:31:05Z
2026-08-23T19:28:52Z,2026-08-23T21:28:52+0200,4d5ff379-624b-468c-8e0f-14ae085ed6a5,2026-07-24T04:00:00Z,2026-07-24T06:00:00+0200,532.57996,MW,FR,FR,forecast_offshore_wind_generation,Wind Offshore,2026-08-23T19:31:05Z
2026-08-23T19:28:52Z,2026-08-23T21:28:52+0200,4d5ff379-624b-468c-8e0f-14ae085ed6a5,2026-07-24T04:15:00Z,2026-07-24T06:15:00+0200,515.10004,MW,FR,FR,forecast_offshore_wind_generation,Wind Offshore,2026-08-23T19:31:05Z
2026-08-23T19:28:52Z,2026-08-23T21:28:52+0200,4d5ff379-624b-468c-8e0f-14ae085ed6a5,2026-07-24T04:30:00Z,2026-07-24T06:30:00+0200,497.60999,MW,FR,FR,forecast_offshore_wind_generation,Wind Offshore,2026-08-23T19:31:05Z
2026-08-23T19:28:52Z,2026-08-23T21:28:52+0200,4d5ff379-624b-468c-8e0f-14ae085ed6a5,2026-07-24T04:45:00Z,2026-07-24T06:45:00+0200,480.11002,MW,FR,FR,forecast_offshore_wind_generation,Wind Offshore,2026-08-23T19:31:05Z
2026-08-23T19:28:52Z,2026-08-23T21:28:52+0200,4d5ff379-624b-468c-8e0f-14ae085ed6a5,2026-07-24T05:00:00Z,2026-07-24T07:00:00+0200,462.62003,MW,FR,FR,forecast_offshore_wind_generation,Wind Offshore,2026-08-23T19:31:05Z
2026-08-23T19:28:52Z,2026-08-23T21:28:52+0200,4d5ff379-624b-468c-8e0f-14ae085ed6a5,2026-07-24T05:15:00Z,2026-07-24T07:15:00+0200,451.75,MW,FR,FR,forecast_offshore_wind_generation,Wind Offshore,2026-08-23T19:31:05Z
2026-08-23T19:28:52Z,2026-08-23T21:28:52+0200,4d5ff379-624b-468c-8e0f-14ae085ed6a5,2026-07-24T05:30:00Z,2026-07-24T07:30:00+0200,440.89001,MW,FR,FR,forecast_offshore_wind_generation,Wind Offshore,2026-08-23T19:31:05Z
2026-08-23T19:28:52Z,2026-08-23T21:28:52+0200,4d5ff379-624b-468c-8e0f-14ae085ed6a5,2026-07-24T05:45:00Z,2026-07-24T07:45:00+0200,430.03,MW,FR,FR,forecast_offshore_wind_generation,Wind Offshore,2026-08-23T19:31:05Z
2026-08-23T19:28:52Z,2026-08-23T21:28:52+0200,4d5ff379-624b-468c-8e0f-14ae085ed6a5,2026-07-24T06:00:00Z,2026-07-24T08:00:00+0200,419.16,MW,FR,FR,forecast_offshore_wind_generation,Wind Offshore,2026-08-23T19:31:05Z
2026-08-23T19:28:52Z,2026-08-23T21:28:52+0200,4d5ff379-624b-468c-8e0f-14ae085ed6a5,2026-07-24T06:15:00Z,2026-07-24T08:15:00+0200,401.31,MW,FR,FR,forecast_offshore_wind_generation,Wind Offshore,2026-08-23T19:31:05Z
2026-08-23T19:28:52Z,2026-08-23T21:28:52+0200,4d5ff379-624b-468c-8e0f-14ae085ed6a5,2026-07-24T06:30:00Z,2026-07-24T08:30:00+0200,383.48004,MW,FR,FR,forecast_offshore_wind_generation,Wind Offshore,2026-08-23T19:31:05Z
2026-08-23T19:28:52Z,2026-08-23T21:28:52+0200,4d5ff379-624b-468c-8e0f-14ae085ed6a5,2026-07-24T06:45:00Z,2026-07-24T08:45:00+0200,365.60999,MW,FR,FR,forecast_offshore_wind_generation,Wind Offshore,2026-08-23T19:31:05Z
2026-08-23T19:28:52Z,2026-08-23T21:28:52+0200,4d5ff379-624b-468c-8e0f-14ae085ed6a5,2026-07-24T07:00:00Z,2026-07-24T09:00:00+0200,347.73999,MW,FR,FR,forecast_offshore_wind_generation,Wind Offshore,2026-08-23T19:31:05Z
2026-08-23T19:28:52Z,2026-08-23T21:28:52+0200,4d5ff379-624b-468c-8e0f-14ae085ed6a5,2026-07-24T07:15:00Z,2026-07-24T09:15:00+0200,334.16998,MW,FR,FR,forecast_offshore_wind_generation,Wind Offshore,2026-08-23T19:31:05Z
2026-08-23T19:28:52Z,2026-08-23T21:28:52+0200,4d5ff379-624b-468c-8e0f-14ae085ed6a5,2026-07-24T07:30:00Z,2026-07-24T09:30:00+0200,320.60999,MW,FR,FR,forecast_offshore_wind_generation,Wind Offshore,2026-08-23T19:31:05Z
2026-08-23T19:28:52Z,2026-08-23T21:28:52+0200,4d5ff379-624b-468c-8e0f-14ae085ed6a5,2026-07-24T07:45:00Z,2026-07-24T09:45:00+0200,307.03,MW,FR,FR,forecast_offshore_wind_generation,Wind Offshore,2026-08-23T19:31:05Z
2026-08-23T19:28:52Z,2026-08-23T21:28:52+0200,4d5ff379-624b-468c-8e0f-14ae085ed6a5,2026-07-24T08:00:00Z,2026-07-24T10:00:00+0200,293.44,MW,FR,FR,forecast_offshore_wind_generation,Wind Offshore,2026-08-23T19:31:05Z
2026-08-23T19:28:52Z,2026-08-23T21:28:52+0200,4d5ff379-624b-468c-8e0f-14ae085ed6a5,2026-07-24T08:15:00Z,2026-07-24T10:15:00+0200,276.60999,MW,FR,FR,forecast_offshore_wind_generation,Wind Offshore,2026-08-23T19:31:05Z
2026-08-23T19:28:52Z,2026-08-23T21:28:52+0200,4d5ff379-624b-468c-8e0f-14ae085ed6a5,2026-07-24T08:30:00Z,2026-07-24T10:30:00+0200,259.76001,MW,FR,FR,forecast_offshore_wind_generation,Wind Offshore,2026-08-23T19:31:05Z
2026-08-23T19:28:52Z,2026-08-23T21:28:52+0200,4d5ff379-624b-468c-8e0f-14ae085ed6a5,2026-07-24T08:45:00Z,2026-07-24T10:45:00+0200,242.92999,MW,FR,FR,forecast_offshore_wind_generation,Wind Offshore,2026-08-23T19:31:05Z
2026-08-23T19:28:52Z,2026-08-23T21:28:52+0200,4d5ff379-624b-468c-8e0f-14ae085ed6a5,2026-07-24T09:00:00Z,2026-07-24T11:00:00+0200,226.08,MW,FR,FR,forecast_offshore_wind_generation,Wind Offshore,2026-08-23T19:31:05Z
2026-08-23T19:28:52Z,2026-08-23T21:28:52+0200,4d5ff379-624b-468c-8e0f-14ae085ed6a5,2026-07-24T09:15:00Z,2026-07-24T11:15:00+0200,218.16,MW,FR,FR,forecast_offshore_wind_generation,Wind Offshore,2026-08-23T19:31:05Z
2026-08-23T19:28:52Z,2026-08-23T21:28:52+0200,4d5ff379-624b-468c-8e0f-14ae085ed6a5,2026-07-24T09:30:00Z,2026-07-24T11:30:00+0200,210.26999,MW,FR,FR,forecast_offshore_wind_generation,Wind Offshore,2026-08-23T19:31:05Z
2026-08-23T19:28:52Z,2026-08-23T21:28:52+0200,4d5ff379-624b-468c-8e0f-14ae085ed6a5,2026-07-24T09:45:00Z,2026-07-24T11:45:00+0200,202.35001,MW,FR,FR,forecast_offshore_wind_generation,Wind Offshore,2026-08-23T19:31:05Z
2026-08-23T19:28:52Z,2026-08-23T21:28:52+0200,4d5ff379-624b-468c-8e0f-14ae085ed6a5,2026-07-24T10:00:00Z,2026-07-24T12:00:00+0200,194.46001,MW,FR,FR,forecast_offshore_wind_generation,Wind Offshore,2026-08-23T19:31:05Z
2026-08-23T19:28:52Z,2026-08-23T21:28:52+0200,4d5ff379-624b-468c-8e0f-14ae085ed6a5,2026-07-24T10:15:00Z,2026-07-24T12:15:00+0200,194.5,MW,FR,FR,forecast_offshore_wind_generation,Wind Offshore,2026-08-23T19:31:05Z
2026-08-23T19:28:52Z,2026-08-23T21:28:52+0200,4d5ff379-624b-468c-8e0f-14ae085ed6a5,2026-07-24T10:30:00Z,2026-07-24T12:30:00+0200,194.54999,MW,FR,FR,forecast_offshore_wind_generation,Wind Offshore,2026-08-23T19:31:05Z
2026-08-23T19:28:52Z,2026-08-23T21:28:52+0200,4d5ff379-624b-468c-8e0f-14ae085ed6a5,2026-07-24T10:45:00Z,2026-07-24T12:45:00+0200,194.61,MW,FR,FR,forecast_offshore_wind_generation,Wind Offshore,2026-08-23T19:31:05Z
2026-08-23T19:28:52Z,2026-08-23T21:28:52+0200,4d5ff379-624b-468c-8e0f-14ae085ed6a5,2026-07-24T11:00:00Z,2026-07-24T13:00:00+0200,194.66,MW,FR,FR,forecast_offshore_wind_generation,Wind Offshore,2026-08-23T19:31:05Z
2026-08-23T19:28:52Z,2026-08-23T21:28:52+0200,4d5ff379-624b-468c-8e0f-14ae085ed6a5,2026-07-24T11:15:00Z,2026-07-24T13:15:00+0200,199.32001,MW,FR,FR,forecast_offshore_wind_generation,Wind Offshore,2026-08-23T19:31:05Z
2026-08-23T19:28:52Z,2026-08-23T21:28:52+0200,4d5ff379-624b-468c-8e0f-14ae085ed6a5,2026-07-24T11:30:00Z,2026-07-24T13:30:00+0200,203.97,MW,FR,FR,forecast_offshore_wind_generation,Wind Offshore,2026-08-23T19:31:05Z
2026-08-23T19:28:52Z,2026-08-23T21:28:52+0200,4d5ff379-624b-468c-8e0f-14ae085ed6a5,2026-07-24T11:45:00Z,2026-07-24T13:45:00+0200,208.61,MW,FR,FR,forecast_offshore_wind_generation,Wind Offshore,2026-08-23T19:31:05Z
2026-08-23T19:28:52Z,2026-08-23T21:28:52+0200,4d5ff379-624b-468c-8e0f-14ae085ed6a5,2026-07-24T12:00:00Z,2026-07-24T14:00:00+0200,213.26999,MW,FR,FR,forecast_offshore_wind_generation,Wind Offshore,2026-08-23T19:31:05Z
2026-08-23T19:28:52Z,2026-08-23T21:28:52+0200,4d5ff379-624b-468c-8e0f-14ae085ed6a5,2026-07-24T12:15:00Z,2026-07-24T14:15:00+0200,225.25,MW,FR,FR,forecast_offshore_wind_generation,Wind Offshore,2026-08-23T19:31:05Z
2026-08-23T19:28:52Z,2026-08-23T21:28:52+0200,4d5ff379-624b-468c-8e0f-14ae085ed6a5,2026-07-24T12:30:00Z,2026-07-24T14:30:00+0200,237.21001,MW,FR,FR,forecast_offshore_wind_generation,Wind Offshore,2026-08-23T19:31:05Z
2026-08-23T19:28:52Z,2026-08-23T21:28:52+0200,4d5ff379-624b-468c-8e0f-14ae085ed6a5,2026-07-24T12:45:00Z,2026-07-24T14:45:00+0200,249.19,MW,FR,FR,forecast_offshore_wind_generation,Wind Offshore,2026-08-23T19:31:05Z
2026-08-23T19:28:52Z,2026-08-23T21:28:52+0200,4d5ff379-624b-468c-8e0f-14ae085ed6a5,2026-07-24T13:00:00Z,2026-07-24T15:00:00+0200,261.17001,MW,FR,FR,forecast_offshore_wind_generation,Wind Offshore,2026-08-23T19:31:05Z
2026-08-23T19:28:52Z,2026-08-23T21:28:52+0200,4d5ff379-624b-468c-8e0f-14ae085ed6a5,2026-07-24T13:15:00Z,2026-07-24T15:15:00+0200,272.11002,MW,FR,FR,forecast_offshore_wind_generation,Wind Offshore,2026-08-23T19:31:05Z
2026-08-23T19:28:52Z,2026-08-23T21:28:52+0200,4d5ff379-624b-468c-8e0f-14ae085ed6a5,2026-07-24T13:30:00Z,2026-07-24T15:30:00+0200,283.06,MW,FR,FR,forecast_offshore_wind_generation,Wind Offshore,2026-08-23T19:31:05Z
2026-08-23T19:28:52Z,2026-08-23T21:28:52+0200,4d5ff379-624b-468c-8e0f-14ae085ed6a5,2026-07-24T13:45:00Z,2026-07-24T15:45:00+0200,294.01001,MW,FR,FR,forecast_offshore_wind_generation,Wind Offshore,2026-08-23T19:31:05Z
2026-08-23T19:28:52Z,2026-08-23T21:28:52+0200,4d5ff379-624b-468c-8e0f-14ae085ed6a5,2026-07-24T14:00:00Z,2026-07-24T16:00:00+0200,304.96002,MW,FR,FR,forecast_offshore_wind_generation,Wind Offshore,2026-08-23T19:31:05Z
2026-08-23T19:28:52Z,2026-08-23T21:28:52+0200,4d5ff379-624b-468c-8e0f-14ae085ed6a5,2026-07-24T14:15:00Z,2026-07-24T16:15:00+0200,316.62,MW,FR,FR,forecast_offshore_wind_generation,Wind Offshore,2026-08-23T19:31:05Z
2026-08-23T19:28:52Z,2026-08-23T21:28:52+0200,4d5ff379-624b-468c-8e0f-14ae085ed6a5,2026-07-24T14:30:00Z,2026-07-24T16:30:00+0200,328.26999,MW,FR,FR,forecast_offshore_wind_generation,Wind Offshore,2026-08-23T19:31:05Z
2026-08-23T19:28:52Z,2026-08-23T21:28:52+0200,4d5ff379-624b-468c-8e0f-14ae085ed6a5,2026-07-24T14:45:00Z,2026-07-24T16:45:00+0200,339.95001,MW,FR,FR,forecast_offshore_wind_generation,Wind Offshore,2026-08-23T19:31:05Z
2026-08-23T19:28:52Z,2026-08-23T21:28:52+0200,4d5ff379-624b-468c-8e0f-14ae085ed6a5,2026-07-24T15:00:00Z,2026-07-24T17:00:00+0200,351.59998,MW,FR,FR,forecast_offshore_wind_generation,Wind Offshore,2026-08-23T19:31:05Z
2026-08-23T19:28:52Z,2026-08-23T21:28:52+0200,4d5ff379-624b-468c-8e0f-14ae085ed6a5,2026-07-24T15:15:00Z,2026-07-24T17:15:00+0200,378.89996,MW,FR,FR,forecast_offshore_wind_generation,Wind Offshore,2026-08-23T19:31:05Z
2026-08-23T19:28:52Z,2026-08-23T21:28:52+0200,4d5ff379-624b-468c-8e0f-14ae085ed6a5,2026-07-24T15:30:00Z,2026-07-24T17:30:00+0200,406.16998,MW,FR,FR,forecast_offshore_wind_generation,Wind Offshore,2026-08-23T19:31:05Z
2026-08-23T19:28:52Z,2026-08-23T21:28:52+0200,4d5ff379-624b-468c-8e0f-14ae085ed6a5,2026-07-24T15:45:00Z,2026-07-24T17:45:00+0200,433.47003,MW,FR,FR,forecast_offshore_wind_generation,Wind Offshore,2026-08-23T19:31:05Z
2026-08-23T19:28:52Z,2026-08-23T21:28:52+0200,4d5ff379-624b-468c-8e0f-14ae085ed6a5,2026-07-24T16:00:00Z,2026-07-24T18:00:00+0200,460.79001,MW,FR,FR,forecast_offshore_wind_generation,Wind Offshore,2026-08-23T19:31:05Z
2026-08-23T19:28:52Z,2026-08-23T21:28:52+0200,4d5ff379-624b-468c-8e0f-14ae085ed6a5,2026-07-24T16:15:00Z,2026-07-24T18:15:00+0200,539.64001,MW,FR,FR,forecast_offshore_wind_generation,Wind Offshore,2026-08-23T19:31:05Z
2026-08-23T19:28:52Z,2026-08-23T21:28:52+0200,4d5ff379-624b-468c-8e0f-14ae085ed6a5,2026-07-24T16:30:00Z,2026-07-24T18:30:00+0200,618.48999,MW,FR,FR,forecast_offshore_wind_generation,Wind Offshore,2026-08-23T19:31:05Z
2026-08-23T19:28:52Z,2026-08-23T21:28:52+0200,4d5ff379-624b-468c-8e0f-14ae085ed6a5,2026-07-24T16:45:00Z,2026-07-24T18:45:00+0200,697.38,MW,FR,FR,forecast_offshore_wind_generation,Wind Offshore,2026-08-23T19:31:05Z
2026-08-23T19:28:52Z,2026-08-23T21:28:52+0200,4d5ff379-624b-468c-8e0f-14ae085ed6a5,2026-07-24T17:00:00Z,2026-07-24T19:00:00+0200,776.25006,MW,FR,FR,forecast_offshore_wind_generation,Wind Offshore,2026-08-23T19:31:05Z
2026-08-23T19:28:52Z,2026-08-23T21:28:52+0200,4d5ff379-624b-468c-8e0f-14ae085ed6a5,2026-07-24T17:15:00Z,2026-07-24T19:15:00+0200,819.62,MW,FR,FR,forecast_offshore_wind_generation,Wind Offshore,2026-08-23T19:31:05Z
2026-08-23T19:28:52Z,2026-08-23T21:28:52+0200,4d5ff379-624b-468c-8e0f-14ae085ed6a5,2026-07-24T17:30:00Z,2026-07-24T19:30:00+0200,862.97992,MW,FR,FR,forecast_offshore_wind_generation,Wind Offshore,2026-08-23T19:31:05Z
2026-08-23T19:28:52Z,2026-08-23T21:28:52+0200,4d5ff379-624b-468c-8e0f-14ae085ed6a5,2026-07-24T17:45:00Z,2026-07-24T19:45:00+0200,906.37,MW,FR,FR,forecast_offshore_wind_generation,Wind Offshore,2026-08-23T19:31:05Z
2026-08-23T19:28:52Z,2026-08-23T21:28:52+0200,4d5ff379-624b-468c-8e0f-14ae085ed6a5,2026-07-24T18:00:00Z,2026-07-24T20:00:00+0200,949.75,MW,FR,FR,forecast_offshore_wind_generation,Wind Offshore,2026-08-23T19:31:05Z
2026-08-23T19:28:52Z,2026-08-23T21:28:52+0200,4d5ff379-624b-468c-8e0f-14ae085ed6a5,2026-07-24T18:15:00Z,2026-07-24T20:15:00+0200,919.07007,MW,FR,FR,forecast_offshore_wind_generation,Wind Offshore,2026-08-23T19:31:05Z
2026-08-23T19:28:52Z,2026-08-23T21:28:52+0200,4d5ff379-624b-468c-8e0f-14ae085ed6a5,2026-07-24T18:30:00Z,2026-07-24T20:30:00+0200,888.39001,MW,FR,FR,forecast_offshore_wind_generation,Wind Offshore,2026-08-23T19:31:05Z
2026-08-23T19:28:52Z,2026-08-23T21:28:52+0200,4d5ff379-624b-468c-8e0f-14ae085ed6a5,2026-07-24T18:45:00Z,2026-07-24T20:45:00+0200,857.70996,MW,FR,FR,forecast_offshore_wind_generation,Wind Offshore,2026-08-23T19:31:05Z
2026-08-23T19:28:52Z,2026-08-23T21:28:52+0200,4d5ff379-624b-468c-8e0f-14ae085ed6a5,2026-07-24T19:00:00Z,2026-07-24T21:00:00+0200,827.02002,MW,FR,FR,forecast_offshore_wind_generation,Wind Offshore,2026-08-23T19:31:05Z
2026-08-23T19:28:52Z,2026-08-23T21:28:52+0200,4d5ff379-624b-468c-8e0f-14ae085ed6a5,2026-07-24T19:15:00Z,2026-07-24T21:15:00+0200,811.70001,MW,FR,FR,forecast_offshore_wind_generation,Wind Offshore,2026-08-23T19:31:05Z
2026-08-23T19:28:52Z,2026-08-23T21:28:52+0200,4d5ff379-624b-468c-8e0f-14ae085ed6a5,2026-07-24T19:30:00Z,2026-07-24T21:30:00+0200,796.38,MW,FR,FR,forecast_offshore_wind_generation,Wind Offshore,2026-08-23T19:31:05Z
2026-08-23T19:28:52Z,2026-08-23T21:28:52+0200,4d5ff379-624b-468c-8e0f-14ae085ed6a5,2026-07-24T19:45:00Z,2026-07-24T21:45:00+0200,781.04999,MW,FR,FR,forecast_offshore_wind_generation,Wind Offshore,2026-08-23T19:31:05Z
2026-08-23T19:28:52Z,2026-08-23T21:28:52+0200,4d5ff379-624b-468c-8e0f-14ae085ed6a5,2026-07-24T20:00:00Z,2026-07-24T22:00:00+0200,765.72003,MW,FR,FR,forecast_offshore_wind_generation,Wind Offshore,2026-08-23T19:31:05Z
2026-08-23T19:28:52Z,2026-08-23T21:28:52+0200,4d5ff379-624b-468c-8e0f-14ae085ed6a5,2026-07-24T20:15:00Z,2026-07-24T22:15:00+0200,781.69995,MW,FR,FR,forecast_offshore_wind_generation,Wind Offshore,2026-08-23T19:31:05Z
2026-08-23T19:28:52Z,2026-08-23T21:28:52+0200,4d5ff379-624b-468c-8e0f-14ae085ed6a5,2026-07-24T20:30:00Z,2026-07-24T22:30:00+0200,797.67999,MW,FR,FR,forecast_offshore_wind_generation,Wind Offshore,2026-08-23T19:31:05Z
2026-08-23T19:28:52Z,2026-08-23T21:28:52+0200,4d5ff379-624b-468c-8e0f-14ae085ed6a5,2026-07-24T20:45:00Z,2026-07-24T22:45:00+0200,813.63,MW,FR,FR,forecast_offshore_wind_generation,Wind Offshore,2026-08-23T19:31:05Z
2026-08-23T19:28:52Z,2026-08-23T21:28:52+0200,4d5ff379-624b-468c-8e0f-14ae085ed6a5,2026-07-24T21:00:00Z,2026-07-24T23:00:00+0200,829.57996,MW,FR,FR,forecast_offshore_wind_generation,Wind Offshore,2026-08-23T19:31:05Z
2026-08-23T19:28:52Z,2026-08-23T21:28:52+0200,4d5ff379-624b-468c-8e0f-14ae085ed6a5,2026-07-24T21:15:00Z,2026-07-24T23:15:00+0200,827.12,MW,FR,FR,forecast_offshore_wind_generation,Wind Offshore,2026-08-23T19:31:05Z
2026-08-23T19:28:52Z,2026-08-23T21:28:52+0200,4d5ff379-624b-468c-8e0f-14ae085ed6a5,2026-07-24T21:30:00Z,2026-07-24T23:30:00+0200,824.66998,MW,FR,FR,forecast_offshore_wind_generation,Wind Offshore,2026-08-23T19:31:05Z
2026-08-23T19:28:52Z,2026-08-23T21:28:52+0200,4d5ff379-624b-468c-8e0f-14ae085ed6a5,2026-07-24T21:45:00Z,2026-07-24T23:45:00+0200,822.20001,MW,FR,FR,forecast_offshore_wind_generation,Wind Offshore,2026-08-23T19:31:05Z
2026-08-23T19:28:52Z,2026-08-23T21:28:52+0200,4d5ff379-624b-468c-8e0f-14ae085ed6a5,2026-07-24T22:00:00Z,2026-07-25T00:00:00+0200,932.92999,MW,FR,FR,forecast_offshore_wind_generation,Wind Offshore,2026-08-23T19:31:05Z
2026-08-23T19:28:52Z,2026-08-23T21:28:52+0200,4d5ff379-624b-468c-8e0f-14ae085ed6a5,2026-07-24T22:15:00Z,2026-07-25T00:15:00+0200,926.59998,MW,FR,FR,forecast_offshore_wind_generation,Wind Offshore,2026-08-23T19:31:05Z
2026-08-23T19:28:52Z,2026-08-23T21:28:52+0200,4d5ff379-624b-468c-8e0f-14ae085ed6a5,2026-07-24T22:30:00Z,2026-07-25T00:30:00+0200,920.27997,MW,FR,FR,forecast_offshore_wind_generation,Wind Offshore,2026-08-23T19:31:05Z
2026-08-23T19:28:52Z,2026-08-23T21:28:52+0200,4d5ff379-624b-468c-8e0f-14ae085ed6a5,2026-07-24T22:45:00Z,2026-07-25T00:45:00+0200,913.89001,MW,FR,FR,forecast_offshore_wind_generation,Wind Offshore,2026-08-23T19:31:05Z
2026-08-23T19:28:52Z,2026-08-23T21:28:52+0200,4d5ff379-624b-468c-8e0f-14ae085ed6a5,2026-07-24T23:00:00Z,2026-07-25T01:00:00+0200,907.51001,MW,FR,FR,forecast_offshore_wind_generation,Wind Offshore,2026-08-23T19:31:05Z
2026-08-23T19:28:52Z,2026-08-23T21:28:52+0200,4d5ff379-624b-468c-8e0f-14ae085ed6a5,2026-07-24T23:15:00Z,2026-07-25T01:15:00+0200,887.38,MW,FR,FR,forecast_offshore_wind_generation,Wind Offshore,2026-08-23T19:31:05Z
2026-08-23T19:28:52Z,2026-08-23T21:28:52+0200,4d5ff379-624b-468c-8e0f-14ae085ed6a5,2026-07-24T23:30:00Z,2026-07-25T01:30:00+0200,867.25,MW,FR,FR,forecast_offshore_wind_generation,Wind Offshore,2026-08-23T19:31:05Z
2026-08-23T19:28:52Z,2026-08-23T21:28:52+0200,4d5ff379-624b-468c-8e0f-14ae085ed6a5,2026-07-24T23:45:00Z,2026-07-25T01:45:00+0200,847.08997,MW,FR,FR,forecast_offshore_wind_generation,Wind Offshore,2026-08-23T19:31:05Z
2026-08-23T19:28:52Z,2026-08-23T21:28:52+0200,4d5ff379-624b-468c-8e0f-14ae085ed6a5,2026-07-25T00:00:00Z,2026-07-25T02:00:00+0200,826.94995,MW,FR,FR,forecast_offshore_wind_generation,Wind Offshore,2026-08-23T19:31:05Z
2026-08-23T19:28:52Z,2026-08-23T21:28:52+0200,4d5ff379-624b-468c-8e0f-14ae085ed6a5,2026-07-25T00:15:00Z,2026-07-25T02:15:00+0200,803.12,MW,FR,FR,forecast_offshore_wind_generation,Wind Offshore,2026-08-23T19:31:05Z
2026-08-23T19:28:52Z,2026-08-23T21:28:52+0200,4d5ff379-624b-468c-8e0f-14ae085ed6a5,2026-07-25T00:30:00Z,2026-07-25T02:30:00+0200,779.29993,MW,FR,FR,forecast_offshore_wind_generation,Wind Offshore,2026-08-23T19:31:05Z
2026-08-23T19:28:52Z,2026-08-23T21:28:52+0200,4d5ff379-624b-468c-8e0f-14ae085ed6a5,2026-07-25T00:45:00Z,2026-07-25T02:45:00+0200,755.47998,MW,FR,FR,forecast_offshore_wind_generation,Wind Offshore,2026-08-23T19:31:05Z
2026-08-23T19:28:52Z,2026-08-23T21:28:52+0200,4d5ff379-624b-468c-8e0f-14ae085ed6a5,2026-07-25T01:00:00Z,2026-07-25T03:00:00+0200,731.68005,MW,FR,FR,forecast_offshore_wind_generation,Wind Offshore,2026-08-23T19:31:05Z
2026-08-23T19:28:52Z,2026-08-23T21:28:52+0200,4d5ff379-624b-468c-8e0f-14ae085ed6a5,2026-07-25T01:15:00Z,2026-07-25T03:15:00+0200,703.14001,MW,FR,FR,forecast_offshore_wind_generation,Wind Offshore,2026-08-23T19:31:05Z
2026-08-23T19:28:52Z,2026-08-23T21:28:52+0200,4d5ff379-624b-468c-8e0f-14ae085ed6a5,2026-07-25T01:30:00Z,2026-07-25T03:30:00+0200,674.62,MW,FR,FR,forecast_offshore_wind_generation,Wind Offshore,2026-08-23T19:31:05Z
2026-08-23T19:28:52Z,2026-08-23T21:28:52+0200,4d5ff379-624b-468c-8e0f-14ae085ed6a5,2026-07-25T01:45:00Z,2026-07-25T03:45:00+0200,646.09998,MW,FR,FR,forecast_offshore_wind_generation,Wind Offshore,2026-08-23T19:31:05Z
2026-08-23T19:28:52Z,2026-08-23T21:28:52+0200,4d5ff379-624b-468c-8e0f-14ae085ed6a5,2026-07-25T02:00:00Z,2026-07-25T04:00:00+0200,617.58002,MW,FR,FR,forecast_offshore_wind_generation,Wind Offshore,2026-08-23T19:31:05Z
2026-08-23T19:28:52Z,2026-08-23T21:28:52+0200,4d5ff379-624b-468c-8e0f-14ae085ed6a5,2026-07-25T02:15:00Z,2026-07-25T04:15:00+0200,584.49994,MW,FR,FR,forecast_offshore_wind_generation,Wind Offshore,2026-08-23T19:31:05Z
2026-08-23T19:28:52Z,2026-08-23T21:28:52+0200,4d5ff379-624b-468c-8e0f-14ae085ed6a5,2026-07-25T02:30:00Z,2026-07-25T04:30:00+0200,551.40997,MW,FR,FR,forecast_offshore_wind_generation,Wind Offshore,2026-08-23T19:31:05Z
2026-08-23T19:28:52Z,2026-08-23T21:28:52+0200,4d5ff379-624b-468c-8e0f-14ae085ed6a5,2026-07-25T02:45:00Z,2026-07-25T04:45:00+0200,518.33002,MW,FR,FR,forecast_offshore_wind_generation,Wind Offshore,2026-08-23T19:31:05Z
2026-08-23T19:28:52Z,2026-08-23T21:28:52+0200,4d5ff379-624b-468c-8e0f-14ae085ed6a5,2026-07-25T03:00:00Z,2026-07-25T05:00:00+0200,485.23999,MW,FR,FR,forecast_offshore_wind_generation,Wind Offshore,2026-08-23T19:31:05Z
2026-08-23T19:28:52Z,2026-08-23T21:28:52+0200,4d5ff379-624b-468c-8e0f-14ae085ed6a5,2026-07-25T03:15:00Z,2026-07-25T05:15:00+0200,481.28003,MW,FR,FR,forecast_offshore_wind_generation,Wind Offshore,2026-08-23T19:31:05Z
2026-08-23T19:28:52Z,2026-08-23T21:28:52+0200,4d5ff379-624b-468c-8e0f-14ae085ed6a5,2026-07-25T03:30:00Z,2026-07-25T05:30:00+0200,477.32001,MW,FR,FR,forecast_offshore_wind_generation,Wind Offshore,2026-08-23T19:31:05Z
2026-08-23T19:28:52Z,2026-08-23T21:28:52+0200,4d5ff379-624b-468c-8e0f-14ae085ed6a5,2026-07-25T03:45:00Z,2026-07-25T05:45:00+0200,473.34,MW,FR,FR,forecast_offshore_wind_generation,Wind Offshore,2026-08-23T19:31:05Z
2026-08-23T19:28:52Z,2026-08-23T21:28:52+0200,4d5ff379-624b-468c-8e0f-14ae085ed6a5,2026-07-25T04:00:00Z,2026-07-25T06:00:00+0200,469.35999,MW,FR,FR,forecast_offshore_wind_generation,Wind Offshore,2026-08-23T19:31:05Z
2026-08-23T19:28:52Z,2026-08-23T21:28:52+0200,4d5ff379-624b-468c-8e0f-14ae085ed6a5,2026-07-25T04:15:00Z,2026-07-25T06:15:00+0200,470.16998,MW,FR,FR,forecast_offshore_wind_generation,Wind Offshore,2026-08-23T19:31:05Z
2026-08-23T19:28:52Z,2026-08-23T21:28:52+0200,4d5ff379-624b-468c-8e0f-14ae085ed6a5,2026-07-25T04:30:00Z,2026-07-25T06:30:00+0200,470.98999,MW,FR,FR,forecast_offshore_wind_generation,Wind Offshore,2026-08-23T19:31:05Z
2026-08-23T19:28:52Z,2026-08-23T21:28:52+0200,4d5ff379-624b-468c-8e0f-14ae085ed6a5,2026-07-25T04:45:00Z,2026-07-25T06:45:00+0200,471.80997,MW,FR,FR,forecast_offshore_wind_generation,Wind Offshore,2026-08-23T19:31:05Z
2026-08-23T19:28:52Z,2026-08-23T21:28:52+0200,4d5ff379-624b-468c-8e0f-14ae085ed6a5,2026-07-25T05:00:00Z,2026-07-25T07:00:00+0200,472.60004,MW,FR,FR,forecast_offshore_wind_generation,Wind Offshore,2026-08-23T19:31:05Z
2026-08-23T19:28:52Z,2026-08-23T21:28:52+0200,4d5ff379-624b-468c-8e0f-14ae085ed6a5,2026-07-25T05:15:00Z,2026-07-25T07:15:00+0200,465.09,MW,FR,FR,forecast_offshore_wind_generation,Wind Offshore,2026-08-23T19:31:05Z
2026-08-23T19:28:52Z,2026-08-23T21:28:52+0200,4d5ff379-624b-468c-8e0f-14ae085ed6a5,2026-07-25T05:30:00Z,2026-07-25T07:30:00+0200,457.58002,MW,FR,FR,forecast_offshore_wind_generation,Wind Offshore,2026-08-23T19:31:05Z
2026-08-23T19:28:52Z,2026-08-23T21:28:52+0200,4d5ff379-624b-468c-8e0f-14ae085ed6a5,2026-07-25T05:45:00Z,2026-07-25T07:45:00+0200,450.04999,MW,FR,FR,forecast_offshore_wind_generation,Wind Offshore,2026-08-23T19:31:05Z
2026-08-23T19:28:52Z,2026-08-23T21:28:52+0200,4d5ff379-624b-468c-8e0f-14ae085ed6a5,2026-07-25T06:00:00Z,2026-07-25T08:00:00+0200,442.53998,MW,FR,FR,forecast_offshore_wind_generation,Wind Offshore,2026-08-23T19:31:05Z
2026-08-23T19:28:52Z,2026-08-23T21:28:52+0200,4d5ff379-624b-468c-8e0f-14ae085ed6a5,2026-07-25T06:15:00Z,2026-07-25T08:15:00+0200,435.13,MW,FR,FR,forecast_offshore_wind_generation,Wind Offshore,2026-08-23T19:31:05Z
2026-08-23T19:28:52Z,2026-08-23T21:28:52+0200,4d5ff379-624b-468c-8e0f-14ae085ed6a5,2026-07-25T06:30:00Z,2026-07-25T08:30:00+0200,427.70999,MW,FR,FR,forecast_offshore_wind_generation,Wind Offshore,2026-08-23T19:31:05Z
2026-08-23T19:28:52Z,2026-08-23T21:28:52+0200,4d5ff379-624b-468c-8e0f-14ae085ed6a5,2026-07-25T06:45:00Z,2026-07-25T08:45:00+0200,420.29999,MW,FR,FR,forecast_offshore_wind_generation,Wind Offshore,2026-08-23T19:31:05Z
2026-08-23T19:28:52Z,2026-08-23T21:28:52+0200,4d5ff379-624b-468c-8e0f-14ae085ed6a5,2026-07-25T07:00:00Z,2026-07-25T09:00:00+0200,412.88,MW,FR,FR,forecast_offshore_wind_generation,Wind Offshore,2026-08-23T19:31:05Z
2026-08-23T19:28:52Z,2026-08-23T21:28:52+0200,4d5ff379-624b-468c-8e0f-14ae085ed6a5,2026-07-25T07:15:00Z,2026-07-25T09:15:00+0200,416.22003,MW,FR,FR,forecast_offshore_wind_generation,Wind Offshore,2026-08-23T19:31:05Z
2026-08-23T19:28:52Z,2026-08-23T21:28:52+0200,4d5ff379-624b-468c-8e0f-14ae085ed6a5,2026-07-25T07:30:00Z,2026-07-25T09:30:00+0200,419.57001,MW,FR,FR,forecast_offshore_wind_generation,Wind Offshore,2026-08-23T19:31:05Z
2026-08-23T19:28:52Z,2026-08-23T21:28:52+0200,4d5ff379-624b-468c-8e0f-14ae085ed6a5,2026-07-25T07:45:00Z,2026-07-25T09:45:00+0200,422.90997,MW,FR,FR,forecast_offshore_wind_generation,Wind Offshore,2026-08-23T19:31:05Z
2026-08-23T19:28:52Z,2026-08-23T21:28:52+0200,4d5ff379-624b-468c-8e0f-14ae085ed6a5,2026-07-25T08:00:00Z,2026-07-25T10:00:00+0200,426.23999,MW,FR,FR,forecast_offshore_wind_generation,Wind Offshore,2026-08-23T19:31:05Z
2026-08-23T19:28:52Z,2026-08-23T21:28:52+0200,4d5ff379-624b-468c-8e0f-14ae085ed6a5,2026-07-25T08:15:00Z,2026-07-25T10:15:00+0200,432.38,MW,FR,FR,forecast_offshore_wind_generation,Wind Offshore,2026-08-23T19:31:05Z
2026-08-23T19:28:52Z,2026-08-23T21:28:52+0200,4d5ff379-624b-468c-8e0f-14ae085ed6a5,2026-07-25T08:30:00Z,2026-07-25T10:30:00+0200,438.51001,MW,FR,FR,forecast_offshore_wind_generation,Wind Offshore,2026-08-23T19:31:05Z
2026-08-23T19:28:52Z,2026-08-23T21:28:52+0200,4d5ff379-624b-468c-8e0f-14ae085ed6a5,2026-07-25T08:45:00Z,2026-07-25T10:45:00+0200,444.63,MW,FR,FR,forecast_offshore_wind_generation,Wind Offshore,2026-08-23T19:31:05Z
2026-08-23T19:28:52Z,2026-08-23T21:28:52+0200,4d5ff379-624b-468c-8e0f-14ae085ed6a5,2026-07-25T09:00:00Z,2026-07-25T11:00:00+0200,450.76999,MW,FR,FR,forecast_offshore_wind_generation,Wind Offshore,2026-08-23T19:31:05Z
2026-08-23T19:28:52Z,2026-08-23T21:28:52+0200,4d5ff379-624b-468c-8e0f-14ae085ed6a5,2026-07-25T09:15:00Z,2026-07-25T11:15:00+0200,472.57004,MW,FR,FR,forecast_offshore_wind_generation,Wind Offshore,2026-08-23T19:31:05Z
2026-08-23T19:28:52Z,2026-08-23T21:28:52+0200,4d5ff379-624b-468c-8e0f-14ae085ed6a5,2026-07-25T09:30:00Z,2026-07-25T11:30:00+0200,494.35001,MW,FR,FR,forecast_offshore_wind_generation,Wind Offshore,2026-08-23T19:31:05Z
2026-08-23T19:28:52Z,2026-08-23T21:28:52+0200,4d5ff379-624b-468c-8e0f-14ae085ed6a5,2026-07-25T09:45:00Z,2026-07-25T11:45:00+0200,516.14001,MW,FR,FR,forecast_offshore_wind_generation,Wind Offshore,2026-08-23T19:31:05Z
2026-08-23T19:28:52Z,2026-08-23T21:28:52+0200,4d5ff379-624b-468c-8e0f-14ae085ed6a5,2026-07-25T10:00:00Z,2026-07-25T12:00:00+0200,537.93994,MW,FR,FR,forecast_offshore_wind_generation,Wind Offshore,2026-08-23T19:31:05Z
2026-08-23T19:28:52Z,2026-08-23T21:28:52+0200,4d5ff379-624b-468c-8e0f-14ae085ed6a5,2026-07-25T10:15:00Z,2026-07-25T12:15:00+0200,580.07996,MW,FR,FR,forecast_offshore_wind_generation,Wind Offshore,2026-08-23T19:31:05Z
2026-08-23T19:28:52Z,2026-08-23T21:28:52+0200,4d5ff379-624b-468c-8e0f-14ae085ed6a5,2026-07-25T10:30:00Z,2026-07-25T12:30:00+0200,622.23004,MW,FR,FR,forecast_offshore_wind_generation,Wind Offshore,2026-08-23T19:31:05Z
2026-08-23T19:28:52Z,2026-08-23T21:28:52+0200,4d5ff379-624b-468c-8e0f-14ae085ed6a5,2026-07-25T10:45:00Z,2026-07-25T12:45:00+0200,664.39001,MW,FR,FR,forecast_offshore_wind_generation,Wind Offshore,2026-08-23T19:31:05Z
2026-08-23T19:28:52Z,2026-08-23T21:28:52+0200,4d5ff379-624b-468c-8e0f-14ae085ed6a5,2026-07-25T11:00:00Z,2026-07-25T13:00:00+0200,706.55005,MW,FR,FR,forecast_offshore_wind_generation,Wind Offshore,2026-08-23T19:31:05Z
2026-08-23T19:28:52Z,2026-08-23T21:28:52+0200,4d5ff379-624b-468c-8e0f-14ae085ed6a5,2026-07-25T11:15:00Z,2026-07-25T13:15:00+0200,738.89001,MW,FR,FR,forecast_offshore_wind_generation,Wind Offshore,2026-08-23T19:31:05Z
2026-08-23T19:28:52Z,2026-08-23T21:28:52+0200,4d5ff379-624b-468c-8e0f-14ae085ed6a5,2026-07-25T11:30:00Z,2026-07-25T13:30:00+0200,771.21997,MW,FR,FR,forecast_offshore_wind_generation,Wind Offshore,2026-08-23T19:31:05Z
2026-08-23T19:28:52Z,2026-08-23T21:28:52+0200,4d5ff379-624b-468c-8e0f-14ae085ed6a5,2026-07-25T11:45:00Z,2026-07-25T13:45:00+0200,803.54993,MW,FR,FR,forecast_offshore_wind_generation,Wind Offshore,2026-08-23T19:31:05Z
2026-08-23T19:28:52Z,2026-08-23T21:28:52+0200,4d5ff379-624b-468c-8e0f-14ae085ed6a5,2026-07-25T12:00:00Z,2026-07-25T14:00:00+0200,835.89001,MW,FR,FR,forecast_offshore_wind_generation,Wind Offshore,2026-08-23T19:31:05Z
2026-08-23T19:28:52Z,2026-08-23T21:28:52+0200,4d5ff379-624b-468c-8e0f-14ae085ed6a5,2026-07-25T12:15:00Z,2026-07-25T14:15:00+0200,860.96997,MW,FR,FR,forecast_offshore_wind_generation,Wind Offshore,2026-08-23T19:31:05Z
2026-08-23T19:28:52Z,2026-08-23T21:28:52+0200,4d5ff379-624b-468c-8e0f-14ae085ed6a5,2026-07-25T12:30:00Z,2026-07-25T14:30:00+0200,886.02997,MW,FR,FR,forecast_offshore_wind_generation,Wind Offshore,2026-08-23T19:31:05Z
2026-08-23T19:28:52Z,2026-08-23T21:28:52+0200,4d5ff379-624b-468c-8e0f-14ae085ed6a5,2026-07-25T12:45:00Z,2026-07-25T14:45:00+0200,911.08002,MW,FR,FR,forecast_offshore_wind_generation,Wind Offshore,2026-08-23T19:31:05Z
2026-08-23T19:28:52Z,2026-08-23T21:28:52+0200,4d5ff379-624b-468c-8e0f-14ae085ed6a5,2026-07-25T13:00:00Z,2026-07-25T15:00:00+0200,936.14996,MW,FR,FR,forecast_offshore_wind_generation,Wind Offshore,2026-08-23T19:31:05Z
2026-08-23T19:28:52Z,2026-08-23T21:28:52+0200,4d5ff379-624b-468c-8e0f-14ae085ed6a5,2026-07-25T13:15:00Z,2026-07-25T15:15:00+0200,972.10004,MW,FR,FR,forecast_offshore_wind_generation,Wind Offshore,2026-08-23T19:31:05Z
2026-08-23T19:28:52Z,2026-08-23T21:28:52+0200,4d5ff379-624b-468c-8e0f-14ae085ed6a5,2026-07-25T13:30:00Z,2026-07-25T15:30:00+0200,1008.06006,MW,FR,FR,forecast_offshore_wind_generation,Wind Offshore,2026-08-23T19:31:05Z
2026-08-23T19:28:52Z,2026-08-23T21:28:52+0200,4d5ff379-624b-468c-8e0f-14ae085ed6a5,2026-07-25T13:45:00Z,2026-07-25T15:45:00+0200,1044.02002,MW,FR,FR,forecast_offshore_wind_generation,Wind Offshore,2026-08-23T19:31:05Z
2026-08-23T19:28:52Z,2026-08-23T21:28:52+0200,4d5ff379-624b-468c-8e0f-14ae085ed6a5,2026-07-25T14:00:00Z,2026-07-25T16:00:00+0200,1079.98999,MW,FR,FR,forecast_offshore_wind_generation,Wind Offshore,2026-08-23T19:31:05Z
2026-08-23T19:28:52Z,2026-08-23T21:28:52+0200,4d5ff379-624b-468c-8e0f-14ae085ed6a5,2026-07-25T14:15:00Z,2026-07-25T16:15:00+0200,1100.45996,MW,FR,FR,forecast_offshore_wind_generation,Wind Offshore,2026-08-23T19:31:05Z
2026-08-23T19:28:52Z,2026-08-23T21:28:52+0200,4d5ff379-624b-468c-8e0f-14ae085ed6a5,2026-07-25T14:30:00Z,2026-07-25T16:30:00+0200,1120.93994,MW,FR,FR,forecast_offshore_wind_generation,Wind Offshore,2026-08-23T19:31:05Z
2026-08-23T19:28:52Z,2026-08-23T21:28:52+0200,4d5ff379-624b-468c-8e0f-14ae085ed6a5,2026-07-25T14:45:00Z,2026-07-25T16:45:00+0200,1141.43005,MW,FR,FR,forecast_offshore_wind_generation,Wind Offshore,2026-08-23T19:31:05Z
2026-08-23T19:28:52Z,2026-08-23T21:28:52+0200,4d5ff379-624b-468c-8e0f-14ae085ed6a5,2026-07-25T15:00:00Z,2026-07-25T17:00:00+0200,1161.94006,MW,FR,FR,forecast_offshore_wind_generation,Wind Offshore,2026-08-23T19:31:05Z
2026-08-23T19:28:52Z,2026-08-23T21:28:52+0200,4d5ff379-624b-468c-8e0f-14ae085ed6a5,2026-07-25T15:15:00Z,2026-07-25T17:15:00+0200,1179.00989,MW,FR,FR,forecast_offshore_wind_generation,Wind Offshore,2026-08-23T19:31:05Z
2026-08-23T19:28:52Z,2026-08-23T21:28:52+0200,4d5ff379-624b-468c-8e0f-14ae085ed6a5,2026-07-25T15:30:00Z,2026-07-25T17:30:00+0200,1196.10999,MW,FR,FR,forecast_offshore_wind_generation,Wind Offshore,2026-08-23T19:31:05Z
2026-08-23T19:28:52Z,2026-08-23T21:28:52+0200,4d5ff379-624b-468c-8e0f-14ae085ed6a5,2026-07-25T15:45:00Z,2026-07-25T17:45:00+0200,1213.21997,MW,FR,FR,forecast_offshore_wind_generation,Wind Offshore,2026-08-23T19:31:05Z
2026-08-23T19:28:52Z,2026-08-23T21:28:52+0200,4d5ff379-624b-468c-8e0f-14ae085ed6a5,2026-07-25T16:00:00Z,2026-07-25T18:00:00+0200,1230.32007,MW,FR,FR,forecast_offshore_wind_generation,Wind Offshore,2026-08-23T19:31:05Z
2026-08-23T19:28:52Z,2026-08-23T21:28:52+0200,4d5ff379-624b-468c-8e0f-14ae085ed6a5,2026-07-25T16:15:00Z,2026-07-25T18:15:00+0200,1245.59998,MW,FR,FR,forecast_offshore_wind_generation,Wind Offshore,2026-08-23T19:31:05Z
2026-08-23T19:28:52Z,2026-08-23T21:28:52+0200,4d5ff379-624b-468c-8e0f-14ae085ed6a5,2026-07-25T16:30:00Z,2026-07-25T18:30:00+0200,1260.88,MW,FR,FR,forecast_offshore_wind_generation,Wind Offshore,2026-08-23T19:31:05Z
2026-08-23T19:28:52Z,2026-08-23T21:28:52+0200,4d5ff379-624b-468c-8e0f-14ae085ed6a5,2026-07-25T16:45:00Z,2026-07-25T18:45:00+0200,1276.16003,MW,FR,FR,forecast_offshore_wind_generation,Wind Offshore,2026-08-23T19:31:05Z
2026-08-23T19:28:52Z,2026-08-23T21:28:52+0200,4d5ff379-624b-468c-8e0f-14ae085ed6a5,2026-07-25T17:00:00Z,2026-07-25T19:00:00+0200,1291.44995,MW,FR,FR,forecast_offshore_wind_generation,Wind Offshore,2026-08-23T19:31:05Z
2026-08-23T19:28:52Z,2026-08-23T21:28:52+0200,4d5ff379-624b-468c-8e0f-14ae085ed6a5,2026-07-25T17:15:00Z,2026-07-25T19:15:00+0200,1307.55005,MW,FR,FR,forecast_offshore_wind_generation,Wind Offshore,2026-08-23T19:31:05Z
2026-08-23T19:28:52Z,2026-08-23T21:28:52+0200,4d5ff379-624b-468c-8e0f-14ae085ed6a5,2026-07-25T17:30:00Z,2026-07-25T19:30:00+0200,1323.63989,MW,FR,FR,forecast_offshore_wind_generation,Wind Offshore,2026-08-23T19:31:05Z
2026-08-23T19:28:52Z,2026-08-23T21:28:52+0200,4d5ff379-624b-468c-8e0f-14ae085ed6a5,2026-07-25T17:45:00Z,2026-07-25T19:45:00+0200,1339.72998,MW,FR,FR,forecast_offshore_wind_generation,Wind Offshore,2026-08-23T19:31:05Z
2026-08-23T19:28:52Z,2026-08-23T21:28:52+0200,4d5ff379-624b-468c-8e0f-14ae085ed6a5,2026-07-25T18:00:00Z,2026-07-25T20:00:00+0200,1355.83008,MW,FR,FR,forecast_offshore_wind_generation,Wind Offshore,2026-08-23T19:31:05Z
2026-08-23T19:28:52Z,2026-08-23T21:28:52+0200,4d5ff379-624b-468c-8e0f-14ae085ed6a5,2026-07-25T18:15:00Z,2026-07-25T20:15:00+0200,1361.56995,MW,FR,FR,forecast_offshore_wind_generation,Wind Offshore,2026-08-23T19:31:05Z
2026-08-23T19:28:52Z,2026-08-23T21:28:52+0200,4d5ff379-624b-468c-8e0f-14ae085ed6a5,2026-07-25T18:30:00Z,2026-07-25T20:30:00+0200,1367.32007,MW,FR,FR,forecast_offshore_wind_generation,Wind Offshore,2026-08-23T19:31:05Z
2026-08-23T19:28:52Z,2026-08-23T21:28:52+0200,4d5ff379-624b-468c-8e0f-14ae085ed6a5,2026-07-25T18:45:00Z,2026-07-25T20:45:00+0200,1373.08008,MW,FR,FR,forecast_offshore_wind_generation,Wind Offshore,2026-08-23T19:31:05Z
2026-08-23T19:28:52Z,2026-08-23T21:28:52+0200,4d5ff379-624b-468c-8e0f-14ae085ed6a5,2026-07-25T19:00:00Z,2026-07-25T21:00:00+0200,1378.81006,MW,FR,FR,forecast_offshore_wind_generation,Wind Offshore,2026-08-23T19:31:05Z
2026-08-23T19:28:52Z,2026-08-23T21:28:52+0200,4d5ff379-624b-468c-8e0f-14ae085ed6a5,2026-07-25T19:15:00Z,2026-07-25T21:15:00+0200,1392.31006,MW,FR,FR,forecast_offshore_wind_generation,Wind Offshore,2026-08-23T19:31:05Z
2026-08-23T19:28:52Z,2026-08-23T21:28:52+0200,4d5ff379-624b-468c-8e0f-14ae085ed6a5,2026-07-25T19:30:00Z,2026-07-25T21:30:00+0200,1405.79004,MW,FR,FR,forecast_offshore_wind_generation,Wind Offshore,2026-08-23T19:31:05Z
2026-08-23T19:28:52Z,2026-08-23T21:28:52+0200,4d5ff379-624b-468c-8e0f-14ae085ed6a5,2026-07-25T19:45:00Z,2026-07-25T21:45:00+0200,1419.27002,MW,FR,FR,forecast_offshore_wind_generation,Wind Offshore,2026-08-23T19:31:05Z
2026-08-23T19:28:52Z,2026-08-23T21:28:52+0200,4d5ff379-624b-468c-8e0f-14ae085ed6a5,2026-07-25T20:00:00Z,2026-07-25T22:00:00+0200,1432.76001,MW,FR,FR,forecast_offshore_wind_generation,Wind Offshore,2026-08-23T19:31:05Z
2026-08-23T19:28:52Z,2026-08-23T21:28:52+0200,4d5ff379-624b-468c-8e0f-14ae085ed6a5,2026-07-25T20:15:00Z,2026-07-25T22:15:00+0200,1427.96008,MW,FR,FR,forecast_offshore_wind_generation,Wind Offshore,2026-08-23T19:31:05Z
2026-08-23T19:28:52Z,2026-08-23T21:28:52+0200,4d5ff379-624b-468c-8e0f-14ae085ed6a5,2026-07-25T20:30:00Z,2026-07-25T22:30:00+0200,1423.16003,MW,FR,FR,forecast_offshore_wind_generation,Wind Offshore,2026-08-23T19:31:05Z
2026-08-23T19:28:52Z,2026-08-23T21:28:52+0200,4d5ff379-624b-468c-8e0f-14ae085ed6a5,2026-07-25T20:45:00Z,2026-07-25T22:45:00+0200,1418.34998,MW,FR,FR,forecast_offshore_wind_generation,Wind Offshore,2026-08-23T19:31:05Z
2026-08-23T19:28:52Z,2026-08-23T21:28:52+0200,4d5ff379-624b-468c-8e0f-14ae085ed6a5,2026-07-25T21:00:00Z,2026-07-25T23:00:00+0200,1413.55005,MW,FR,FR,forecast_offshore_wind_generation,Wind Offshore,2026-08-23T19:31:05Z
2026-08-23T19:28:52Z,2026-08-23T21:28:52+0200,4d5ff379-624b-468c-8e0f-14ae085ed6a5,2026-07-25T21:15:00Z,2026-07-25T23:15:00+0200,1351.8501,MW,FR,FR,forecast_offshore_wind_generation,Wind Offshore,2026-08-23T19:31:05Z
2026-08-23T19:28:52Z,2026-08-23T21:28:52+0200,4d5ff379-624b-468c-8e0f-14ae085ed6a5,2026-07-25T21:30:00Z,2026-07-25T23:30:00+0200,1290.15002,MW,FR,FR,forecast_offshore_wind_generation,Wind Offshore,2026-08-23T19:31:05Z
2026-08-23T19:28:52Z,2026-08-23T21:28:52+0200,4d5ff379-624b-468c-8e0f-14ae085ed6a5,2026-07-25T21:45:00Z,2026-07-25T23:45:00+0200,1228.43005,MW,FR,FR,forecast_offshore_wind_generation,Wind Offshore,2026-08-23T19:31:05Z
2026-08-23T19:28:52Z,2026-08-23T21:28:52+0200,4d5ff379-624b-468c-8e0f-14ae085ed6a5,2026-07-25T22:00:00Z,2026-07-26T00:00:00+0200,1244.81006,MW,FR,FR,forecast_offshore_wind_generation,Wind Offshore,2026-08-23T19:31:05Z
2026-08-23T19:28:52Z,2026-08-23T21:28:52+0200,4d5ff379-624b-468c-8e0f-14ae085ed6a5,2026-07-25T22:15:00Z,2026-07-26T00:15:00+0200,1216.95996,MW,FR,FR,forecast_offshore_wind_generation,Wind Offshore,2026-08-23T19:31:05Z
2026-08-23T19:28:52Z,2026-08-23T21:28:52+0200,4d5ff379-624b-468c-8e0f-14ae085ed6a5,2026-07-25T22:30:00Z,2026-07-26T00:30:00+0200,1189.08008,MW,FR,FR,forecast_offshore_wind_generation,Wind Offshore,2026-08-23T19:31:05Z
2026-08-23T19:28:52Z,2026-08-23T21:28:52+0200,4d5ff379-624b-468c-8e0f-14ae085ed6a5,2026-07-25T22:45:00Z,2026-07-26T00:45:00+0200,1161.22998,MW,FR,FR,forecast_offshore_wind_generation,Wind Offshore,2026-08-23T19:31:05Z
2026-08-23T19:28:52Z,2026-08-23T21:28:52+0200,4d5ff379-624b-468c-8e0f-14ae085ed6a5,2026-07-25T23:00:00Z,2026-07-26T01:00:00+0200,1133.39001,MW,FR,FR,forecast_offshore_wind_generation,Wind Offshore,2026-08-23T19:31:05Z
2026-08-23T19:28:52Z,2026-08-23T21:28:52+0200,4d5ff379-624b-468c-8e0f-14ae085ed6a5,2026-07-25T23:15:00Z,2026-07-26T01:15:00+0200,1110.41992,MW,FR,FR,forecast_offshore_wind_generation,Wind Offshore,2026-08-23T19:31:05Z
2026-08-23T19:28:52Z,2026-08-23T21:28:52+0200,4d5ff379-624b-468c-8e0f-14ae085ed6a5,2026-07-25T23:30:00Z,2026-07-26T01:30:00+0200,1087.44006,MW,FR,FR,forecast_offshore_wind_generation,Wind Offshore,2026-08-23T19:31:05Z
2026-08-23T19:28:52Z,2026-08-23T21:28:52+0200,4d5ff379-624b-468c-8e0f-14ae085ed6a5,2026-07-25T23:45:00Z,2026-07-26T01:45:00+0200,1064.48999,MW,FR,FR,forecast_offshore_wind_generation,Wind Offshore,2026-08-23T19:31:05Z
2026-08-23T19:28:52Z,2026-08-23T21:28:52+0200,4d5ff379-624b-468c-8e0f-14ae085ed6a5,2026-07-26T00:00:00Z,2026-07-26T02:00:00+0200,1041.52002,MW,FR,FR,forecast_offshore_wind_generation,Wind Offshore,2026-08-23T19:31:05Z
2026-08-23T19:28:52Z,2026-08-23T21:28:52+0200,4d5ff379-624b-468c-8e0f-14ae085ed6a5,2026-07-26T00:15:00Z,2026-07-26T02:15:00+0200,1024.33997,MW,FR,FR,forecast_offshore_wind_generation,Wind Offshore,2026-08-23T19:31:05Z
2026-08-23T19:28:52Z,2026-08-23T21:28:52+0200,4d5ff379-624b-468c-8e0f-14ae085ed6a5,2026-07-26T00:30:00Z,2026-07-26T02:30:00+0200,1007.12,MW,FR,FR,forecast_offshore_wind_generation,Wind Offshore,2026-08-23T19:31:05Z
2026-08-23T19:28:52Z,2026-08-23T21:28:52+0200,4d5ff379-624b-468c-8e0f-14ae085ed6a5,2026-07-26T00:45:00Z,2026-07-26T02:45:00+0200,989.92004,MW,FR,FR,forecast_offshore_wind_generation,Wind Offshore,2026-08-23T19:31:05Z
2026-08-23T19:28:52Z,2026-08-23T21:28:52+0200,4d5ff379-624b-468c-8e0f-14ae085ed6a5,2026-07-26T01:00:00Z,2026-07-26T03:00:00+0200,972.70996,MW,FR,FR,forecast_offshore_wind_generation,Wind Offshore,2026-08-23T19:31:05Z
2026-08-23T19:28:52Z,2026-08-23T21:28:52+0200,4d5ff379-624b-468c-8e0f-14ae085ed6a5,2026-07-26T01:15:00Z,2026-07-26T03:15:00+0200,973.19995,MW,FR,FR,forecast_offshore_wind_generation,Wind Offshore,2026-08-23T19:31:05Z
2026-08-23T19:28:52Z,2026-08-23T21:28:52+0200,4d5ff379-624b-468c-8e0f-14ae085ed6a5,2026-07-26T01:30:00Z,2026-07-26T03:30:00+0200,973.70996,MW,FR,FR,forecast_offshore_wind_generation,Wind Offshore,2026-08-23T19:31:05Z
2026-08-23T19:28:52Z,2026-08-23T21:28:52+0200,4d5ff379-624b-468c-8e0f-14ae085ed6a5,2026-07-26T01:45:00Z,2026-07-26T03:45:00+0200,974.19995,MW,FR,FR,forecast_offshore_wind_generation,Wind Offshore,2026-08-23T19:31:05Z
2026-08-23T19:28:52Z,2026-08-23T21:28:52+0200,4d5ff379-624b-468c-8e0f-14ae085ed6a5,2026-07-26T02:00:00Z,2026-07-26T04:00:00+0200,974.71002,MW,FR,FR,forecast_offshore_wind_generation,Wind Offshore,2026-08-23T19:31:05Z
2026-08-23T19:28:52Z,2026-08-23T21:28:52+0200,4d5ff379-624b-468c-8e0f-14ae085ed6a5,2026-07-26T02:15:00Z,2026-07-26T04:15:00+0200,998.77002,MW,FR,FR,forecast_offshore_wind_generation,Wind Offshore,2026-08-23T19:31:05Z
2026-08-23T19:28:52Z,2026-08-23T21:28:52+0200,4d5ff379-624b-468c-8e0f-14ae085ed6a5,2026-07-26T02:30:00Z,2026-07-26T04:30:00+0200,1022.82996,MW,FR,FR,forecast_offshore_wind_generation,Wind Offshore,2026-08-23T19:31:05Z
2026-08-23T19:28:52Z,2026-08-23T21:28:52+0200,4d5ff379-624b-468c-8e0f-14ae085ed6a5,2026-07-26T02:45:00Z,2026-07-26T04:45:00+0200,1046.90002,MW,FR,FR,forecast_offshore_wind_generation,Wind Offshore,2026-08-23T19:31:05Z
2026-08-23T19:28:52Z,2026-08-23T21:28:52+0200,4d5ff379-624b-468c-8e0f-14ae085ed6a5,2026-07-26T03:00:00Z,2026-07-26T05:00:00+0200,1070.97998,MW,FR,FR,forecast_offshore_wind_generation,Wind Offshore,2026-08-23T19:31:05Z
2026-08-23T19:28:52Z,2026-08-23T21:28:52+0200,4d5ff379-624b-468c-8e0f-14ae085ed6a5,2026-07-26T03:15:00Z,2026-07-26T05:15:00+0200,1074.68994,MW,FR,FR,forecast_offshore_wind_generation,Wind Offshore,2026-08-23T19:31:05Z
2026-08-23T19:28:52Z,2026-08-23T21:28:52+0200,4d5ff379-624b-468c-8e0f-14ae085ed6a5,2026-07-26T03:30:00Z,2026-07-26T05:30:00+0200,1078.41003,MW,FR,FR,forecast_offshore_wind_generation,Wind Offshore,2026-08-23T19:31:05Z
2026-08-23T19:28:52Z,2026-08-23T21:28:52+0200,4d5ff379-624b-468c-8e0f-14ae085ed6a5,2026-07-26T03:45:00Z,2026-07-26T05:45:00+0200,1082.12,MW,FR,FR,forecast_offshore_wind_generation,Wind Offshore,2026-08-23T19:31:05Z
2026-08-23T19:28:52Z,2026-08-23T21:28:52+0200,4d5ff379-624b-468c-8e0f-14ae085ed6a5,2026-07-26T04:00:00Z,2026-07-26T06:00:00+0200,1085.84998,MW,FR,FR,forecast_offshore_wind_generation,Wind Offshore,2026-08-23T19:31:05Z
2026-08-23T19:28:52Z,2026-08-23T21:28:52+0200,4d5ff379-624b-468c-8e0f-14ae085ed6a5,2026-07-26T04:15:00Z,2026-07-26T06:15:00+0200,1051.55005,MW,FR,FR,forecast_offshore_wind_generation,Wind Offshore,2026-08-23T19:31:05Z
2026-08-23T19:28:52Z,2026-08-23T21:28:52+0200,4d5ff379-624b-468c-8e0f-14ae085ed6a5,2026-07-26T04:30:00Z,2026-07-26T06:30:00+0200,1017.26001,MW,FR,FR,forecast_offshore_wind_generation,Wind Offshore,2026-08-23T19:31:05Z
2026-08-23T19:28:52Z,2026-08-23T21:28:52+0200,4d5ff379-624b-468c-8e0f-14ae085ed6a5,2026-07-26T04:45:00Z,2026-07-26T06:45:00+0200,982.97998,MW,FR,FR,forecast_offshore_wind_generation,Wind Offshore,2026-08-23T19:31:05Z
2026-08-23T19:28:52Z,2026-08-23T21:28:52+0200,4d5ff379-624b-468c-8e0f-14ae085ed6a5,2026-07-26T05:00:00Z,2026-07-26T07:00:00+0200,948.67993,MW,FR,FR,forecast_offshore_wind_generation,Wind Offshore,2026-08-23T19:31:05Z
2026-08-23T19:28:52Z,2026-08-23T21:28:52+0200,4d5ff379-624b-468c-8e0f-14ae085ed6a5,2026-07-26T05:15:00Z,2026-07-26T07:15:00+0200,966.16003,MW,FR,FR,forecast_offshore_wind_generation,Wind Offshore,2026-08-23T19:31:05Z
2026-08-23T19:28:52Z,2026-08-23T21:28:52+0200,4d5ff379-624b-468c-8e0f-14ae085ed6a5,2026-07-26T05:30:00Z,2026-07-26T07:30:00+0200,983.62,MW,FR,FR,forecast_offshore_wind_generation,Wind Offshore,2026-08-23T19:31:05Z
2026-08-23T19:28:52Z,2026-08-23T21:28:52+0200,4d5ff379-624b-468c-8e0f-14ae085ed6a5,2026-07-26T05:45:00Z,2026-07-26T07:45:00+0200,1001.09003,MW,FR,FR,forecast_offshore_wind_generation,Wind Offshore,2026-08-23T19:31:05Z
2026-08-23T19:28:52Z,2026-08-23T21:28:52+0200,4d5ff379-624b-468c-8e0f-14ae085ed6a5,2026-07-26T06:00:00Z,2026-07-26T08:00:00+0200,1018.55994,MW,FR,FR,forecast_offshore_wind_generation,Wind Offshore,2026-08-23T19:31:05Z
2026-08-23T19:28:52Z,2026-08-23T21:28:52+0200,4d5ff379-624b-468c-8e0f-14ae085ed6a5,2026-07-26T06:15:00Z,2026-07-26T08:15:00+0200,1029.54004,MW,FR,FR,forecast_offshore_wind_generation,Wind Offshore,2026-08-23T19:31:05Z
2026-08-23T19:28:52Z,2026-08-23T21:28:52+0200,4d5ff379-624b-468c-8e0f-14ae085ed6a5,2026-07-26T06:30:00Z,2026-07-26T08:30:00+0200,1040.51001,MW,FR,FR,forecast_offshore_wind_generation,Wind Offshore,2026-08-23T19:31:05Z
2026-08-23T19:28:52Z,2026-08-23T21:28:52+0200,4d5ff379-624b-468c-8e0f-14ae085ed6a5,2026-07-26T06:45:00Z,2026-07-26T08:45:00+0200,1051.47998,MW,FR,FR,forecast_offshore_wind_generation,Wind Offshore,2026-08-23T19:31:05Z
2026-08-23T19:28:52Z,2026-08-23T21:28:52+0200,4d5ff379-624b-468c-8e0f-14ae085ed6a5,2026-07-26T07:00:00Z,2026-07-26T09:00:00+0200,1062.46997,MW,FR,FR,forecast_offshore_wind_generation,Wind Offshore,2026-08-23T19:31:05Z
2026-08-23T19:28:52Z,2026-08-23T21:28:52+0200,4d5ff379-624b-468c-8e0f-14ae085ed6a5,2026-07-26T07:15:00Z,2026-07-26T09:15:00+0200,1054.42993,MW,FR,FR,forecast_offshore_wind_generation,Wind Offshore,2026-08-23T19:31:05Z
2026-08-23T19:28:52Z,2026-08-23T21:28:52+0200,4d5ff379-624b-468c-8e0f-14ae085ed6a5,2026-07-26T07:30:00Z,2026-07-26T09:30:00+0200,1046.37,MW,FR,FR,forecast_offshore_wind_generation,Wind Offshore,2026-08-23T19:31:05Z
2026-08-23T19:28:52Z,2026-08-23T21:28:52+0200,4d5ff379-624b-468c-8e0f-14ae085ed6a5,2026-07-26T07:45:00Z,2026-07-26T09:45:00+0200,111.97,MW,FR,FR,forecast_offshore_wind_generation,Wind Offshore,2026-08-23T19:31:05Z
2026-08-23T19:28:52Z,2026-08-23T21:28:52+0200,4d5ff379-624b-468c-8e0f-14ae085ed6a5,2026-07-26T08:00:00Z,2026-07-26T10:00:00+0200,112.86,MW,FR,FR,forecast_offshore_wind_generation,Wind Offshore,2026-08-23T19:31:05Z
2026-08-23T19:28:52Z,2026-08-23T21:28:52+0200,4d5ff379-624b-468c-8e0f-14ae085ed6a5,2026-07-26T08:15:00Z,2026-07-26T10:15:00+0200,113.21,MW,FR,FR,forecast_offshore_wind_generation,Wind Offshore,2026-08-23T19:31:05Z
2026-08-23T19:28:52Z,2026-08-23T21:28:52+0200,4d5ff379-624b-468c-8e0f-14ae085ed6a5,2026-07-26T08:30:00Z,2026-07-26T10:30:00+0200,113.55,MW,FR,FR,forecast_offshore_wind_generation,Wind Offshore,2026-08-23T19:31:05Z
2026-08-23T19:28:52Z,2026-08-23T21:28:52+0200,4d5ff379-624b-468c-8e0f-14ae085ed6a5,2026-07-26T08:45:00Z,2026-07-26T10:45:00+0200,113.9,MW,FR,FR,forecast_offshore_wind_generation,Wind Offshore,2026-08-23T19:31:05Z
2026-08-23T19:28:52Z,2026-08-23T21:28:52+0200,4d5ff379-624b-468c-8e0f-14ae085ed6a5,2026-07-26T09:00:00Z,2026-07-26T11:00:00+0200,114.24,MW,FR,FR,forecast_offshore_wind_generation,Wind Offshore,2026-08-23T19:31:05Z
2026-08-23T19:28:52Z,2026-08-23T21:28:52+0200,4d5ff379-624b-468c-8e0f-14ae085ed6a5,2026-07-26T09:15:00Z,2026-07-26T11:15:00+0200,1066.98999,MW,FR,FR,forecast_offshore_wind_generation,Wind Offshore,2026-08-23T19:31:05Z
2026-08-23T19:28:52Z,2026-08-23T21:28:52+0200,4d5ff379-624b-468c-8e0f-14ae085ed6a5,2026-07-26T09:30:00Z,2026-07-26T11:30:00+0200,116.18,MW,FR,FR,forecast_offshore_wind_generation,Wind Offshore,2026-08-23T19:31:05Z
2026-08-23T19:28:52Z,2026-08-23T21:28:52+0200,4d5ff379-624b-468c-8e0f-14ae085ed6a5,2026-07-26T09:45:00Z,2026-07-26T11:45:00+0200,117.15,MW,FR,FR,forecast_offshore_wind_generation,Wind Offshore,2026-08-23T19:31:05Z
2026-08-23T19:28:52Z,2026-08-23T21:28:52+0200,4d5ff379-624b-468c-8e0f-14ae085ed6a5,2026-07-26T10:00:00Z,2026-07-26T12:00:00+0200,118.12,MW,FR,FR,forecast_offshore_wind_generation,Wind Offshore,2026-08-23T19:31:05Z
2026-08-23T19:28:52Z,2026-08-23T21:28:52+0200,4d5ff379-624b-468c-8e0f-14ae085ed6a5,2026-07-26T10:15:00Z,2026-07-26T12:15:00+0200,1092.45007,MW,FR,FR,forecast_offshore_wind_generation,Wind Offshore,2026-08-23T19:31:05Z
2026-08-23T19:28:52Z,2026-08-23T21:28:52+0200,4d5ff379-624b-468c-8e0f-14ae085ed6a5,2026-07-26T10:30:00Z,2026-07-26T12:30:00+0200,1101.35999,MW,FR,FR,forecast_offshore_wind_generation,Wind Offshore,2026-08-23T19:31:05Z
2026-08-23T19:28:52Z,2026-08-23T21:28:52+0200,4d5ff379-624b-468c-8e0f-14ae085ed6a5,2026-07-26T10:45:00Z,2026-07-26T12:45:00+0200,118.34,MW,FR,FR,forecast_offshore_wind_generation,Wind Offshore,2026-08-23T19:31:05Z
2026-08-23T19:28:52Z,2026-08-23T21:28:52+0200,4d5ff379-624b-468c-8e0f-14ae085ed6a5,2026-07-26T11:00:00Z,2026-07-26T13:00:00+0200,118.42,MW,FR,FR,forecast_offshore_wind_generation,Wind Offshore,2026-08-23T19:31:05Z
2026-08-23T19:28:52Z,2026-08-23T21:28:52+0200,4d5ff379-624b-468c-8e0f-14ae085ed6a5,2026-07-26T11:15:00Z,2026-07-26T13:15:00+0200,118.66,MW,FR,FR,forecast_offshore_wind_generation,Wind Offshore,2026-08-23T19:31:05Z
2026-08-23T19:28:52Z,2026-08-23T21:28:52+0200,4d5ff379-624b-468c-8e0f-14ae085ed6a5,2026-07-26T11:30:00Z,2026-07-26T13:30:00+0200,118.91,MW,FR,FR,forecast_offshore_wind_generation,Wind Offshore,2026-08-23T19:31:05Z
2026-08-23T19:28:52Z,2026-08-23T21:28:52+0200,4d5ff379-624b-468c-8e0f-14ae085ed6a5,2026-07-26T11:45:00Z,2026-07-26T13:45:00+0200,119.15,MW,FR,FR,forecast_offshore_wind_generation,Wind Offshore,2026-08-23T19:31:05Z
2026-08-23T19:28:52Z,2026-08-23T21:28:52+0200,4d5ff379-624b-468c-8e0f-14ae085ed6a5,2026-07-26T12:00:00Z,2026-07-26T14:00:00+0200,119.4,MW,FR,FR,forecast_offshore_wind_generation,Wind Offshore,2026-08-23T19:31:05Z
2026-08-23T19:28:52Z,2026-08-23T21:28:52+0200,4d5ff379-624b-468c-8e0f-14ae085ed6a5,2026-07-26T12:15:00Z,2026-07-26T14:15:00+0200,119.66,MW,FR,FR,forecast_offshore_wind_generation,Wind Offshore,2026-08-23T19:31:05Z
2026-08-23T19:28:52Z,2026-08-23T21:28:52+0200,4d5ff379-624b-468c-8e0f-14ae085ed6a5,2026-07-26T12:30:00Z,2026-07-26T14:30:00+0200,119.92,MW,FR,FR,forecast_offshore_wind_generation,Wind Offshore,2026-08-23T19:31:05Z
2026-08-23T19:28:52Z,2026-08-23T21:28:52+0200,4d5ff379-624b-468c-8e0f-14ae085ed6a5,2026-07-26T12:45:00Z,2026-07-26T14:45:00+0200,120.18,MW,FR,FR,forecast_offshore_wind_generation,Wind Offshore,2026-08-23T19:31:05Z
2026-08-23T19:28:52Z,2026-08-23T21:28:52+0200,4d5ff379-624b-468c-8e0f-14ae085ed6a5,2026-07-26T13:00:00Z,2026-07-26T15:00:00+0200,120.45,MW,FR,FR,forecast_offshore_wind_generation,Wind Offshore,2026-08-23T19:31:05Z
2026-08-23T19:28:52Z,2026-08-23T21:28:52+0200,4d5ff379-624b-468c-8e0f-14ae085ed6a5,2026-07-26T13:15:00Z,2026-07-26T15:15:00+0200,120.64,MW,FR,FR,forecast_offshore_wind_generation,Wind Offshore,2026-08-23T19:31:05Z
2026-08-23T19:28:52Z,2026-08-23T21:28:52+0200,4d5ff379-624b-468c-8e0f-14ae085ed6a5,2026-07-26T13:30:00Z,2026-07-26T15:30:00+0200,120.83,MW,FR,FR,forecast_offshore_wind_generation,Wind Offshore,2026-08-23T19:31:05Z
2026-08-23T19:28:52Z,2026-08-23T21:28:52+0200,4d5ff379-624b-468c-8e0f-14ae085ed6a5,2026-07-26T13:45:00Z,2026-07-26T15:45:00+0200,121.01,MW,FR,FR,forecast_offshore_wind_generation,Wind Offshore,2026-08-23T19:31:05Z
2026-08-23T19:28:52Z,2026-08-23T21:28:52+0200,4d5ff379-624b-468c-8e0f-14ae085ed6a5,2026-07-26T14:00:00Z,2026-07-26T16:00:00+0200,121.19,MW,FR,FR,forecast_offshore_wind_generation,Wind Offshore,2026-08-23T19:31:05Z
2026-08-23T19:28:52Z,2026-08-23T21:28:52+0200,4d5ff379-624b-468c-8e0f-14ae085ed6a5,2026-07-26T14:15:00Z,2026-07-26T16:15:00+0200,121.18,MW,FR,FR,forecast_offshore_wind_generation,Wind Offshore,2026-08-23T19:31:05Z
2026-08-23T19:28:52Z,2026-08-23T21:28:52+0200,4d5ff379-624b-468c-8e0f-14ae085ed6a5,2026-07-26T14:30:00Z,2026-07-26T16:30:00+0200,121.16,MW,FR,FR,forecast_offshore_wind_generation,Wind Offshore,2026-08-23T19:31:05Z
2026-08-23T19:28:52Z,2026-08-23T21:28:52+0200,4d5ff379-624b-468c-8e0f-14ae085ed6a5,2026-07-26T14:45:00Z,2026-07-26T16:45:00+0200,121.13,MW,FR,FR,forecast_offshore_wind_generation,Wind Offshore,2026-08-23T19:31:05Z
2026-08-23T19:28:52Z,2026-08-23T21:28:52+0200,4d5ff379-624b-468c-8e0f-14ae085ed6a5,2026-07-26T15:00:00Z,2026-07-26T17:00:00+0200,121.1,MW,FR,FR,forecast_offshore_wind_generation,Wind Offshore,2026-08-23T19:31:05Z
2026-08-23T19:28:52Z,2026-08-23T21:28:52+0200,4d5ff379-624b-468c-8e0f-14ae085ed6a5,2026-07-26T15:15:00Z,2026-07-26T17:15:00+0200,120.95,MW,FR,FR,forecast_offshore_wind_generation,Wind Offshore,2026-08-23T19:31:05Z
2026-08-23T19:28:52Z,2026-08-23T21:28:52+0200,4d5ff379-624b-468c-8e0f-14ae085ed6a5,2026-07-26T15:30:00Z,2026-07-26T17:30:00+0200,120.79,MW,FR,FR,forecast_offshore_wind_generation,Wind Offshore,2026-08-23T19:31:05Z
2026-08-23T19:28:52Z,2026-08-23T21:28:52+0200,4d5ff379-624b-468c-8e0f-14ae085ed6a5,2026-07-26T15:45:00Z,2026-07-26T17:45:00+0200,120.63,MW,FR,FR,forecast_offshore_wind_generation,Wind Offshore,2026-08-23T19:31:05Z
2026-08-23T19:28:52Z,2026-08-23T21:28:52+0200,4d5ff379-624b-468c-8e0f-14ae085ed6a5,2026-07-26T16:00:00Z,2026-07-26T18:00:00+0200,120.47,MW,FR,FR,forecast_offshore_wind_generation,Wind Offshore,2026-08-23T19:31:05Z
2026-08-23T19:28:52Z,2026-08-23T21:28:52+0200,4d5ff379-624b-468c-8e0f-14ae085ed6a5,2026-07-26T16:15:00Z,2026-07-26T18:15:00+0200,1524.63989,MW,FR,FR,forecast_offshore_wind_generation,Wind Offshore,2026-08-23T19:31:05Z
2026-08-23T19:28:52Z,2026-08-23T21:28:52+0200,4d5ff379-624b-468c-8e0f-14ae085ed6a5,2026-07-26T16:30:00Z,2026-07-26T18:30:00+0200,1520.66992,MW,FR,FR,forecast_offshore_wind_generation,Wind Offshore,2026-08-23T19:31:05Z
2026-08-23T19:28:52Z,2026-08-23T21:28:52+0200,4d5ff379-624b-468c-8e0f-14ae085ed6a5,2026-07-26T16:45:00Z,2026-07-26T18:45:00+0200,1516.72009,MW,FR,FR,forecast_offshore_wind_generation,Wind Offshore,2026-08-23T19:31:05Z
2026-08-23T19:28:52Z,2026-08-23T21:28:52+0200,4d5ff379-624b-468c-8e0f-14ae085ed6a5,2026-07-26T17:00:00Z,2026-07-26T19:00:00+0200,1512.75,MW,FR,FR,forecast_offshore_wind_generation,Wind Offshore,2026-08-23T19:31:05Z
2026-08-23T19:28:52Z,2026-08-23T21:28:52+0200,4d5ff379-624b-468c-8e0f-14ae085ed6a5,2026-07-26T17:15:00Z,2026-07-26T19:15:00+0200,1508.40991,MW,FR,FR,forecast_offshore_wind_generation,Wind Offshore,2026-08-23T19:31:05Z
2026-08-23T19:28:52Z,2026-08-23T21:28:52+0200,4d5ff379-624b-468c-8e0f-14ae085ed6a5,2026-07-26T17:30:00Z,2026-07-26T19:30:00+0200,1504.05994,MW,FR,FR,forecast_offshore_wind_generation,Wind Offshore,2026-08-23T19:31:05Z
2026-08-23T19:28:52Z,2026-08-23T21:28:52+0200,4d5ff379-624b-468c-8e0f-14ae085ed6a5,2026-07-26T17:45:00Z,2026-07-26T19:45:00+0200,1499.7301,MW,FR,FR,forecast_offshore_wind_generation,Wind Offshore,2026-08-23T19:31:05Z
2026-08-23T19:28:52Z,2026-08-23T21:28:52+0200,4d5ff379-624b-468c-8e0f-14ae085ed6a5,2026-07-26T18:00:00Z,2026-07-26T20:00:00+0200,1495.30994,MW,FR,FR,forecast_offshore_wind_generation,Wind Offshore,2026-08-23T19:31:05Z
2026-08-23T19:28:52Z,2026-08-23T21:28:52+0200,4d5ff379-624b-468c-8e0f-14ae085ed6a5,2026-07-26T18:15:00Z,2026-07-26T20:15:00+0200,1523.59998,MW,FR,FR,forecast_offshore_wind_generation,Wind Offshore,2026-08-23T19:31:05Z
2026-08-23T19:28:52Z,2026-08-23T21:28:52+0200,4d5ff379-624b-468c-8e0f-14ae085ed6a5,2026-07-26T18:30:00Z,2026-07-26T20:30:00+0200,1551.84998,MW,FR,FR,forecast_offshore_wind_generation,Wind Offshore,2026-08-23T19:31:05Z
2026-08-23T19:28:52Z,2026-08-23T21:28:52+0200,4d5ff379-624b-468c-8e0f-14ae085ed6a5,2026-07-26T18:45:00Z,2026-07-26T20:45:00+0200,1580.11011,MW,FR,FR,forecast_offshore_wind_generation,Wind Offshore,2026-08-23T19:31:05Z
2026-08-23T19:28:52Z,2026-08-23T21:28:52+0200,4d5ff379-624b-468c-8e0f-14ae085ed6a5,2026-07-26T19:00:00Z,2026-07-26T21:00:00+0200,1608.36011,MW,FR,FR,forecast_offshore_wind_generation,Wind Offshore,2026-08-23T19:31:05Z
2026-08-23T19:28:52Z,2026-08-23T21:28:52+0200,4d5ff379-624b-468c-8e0f-14ae085ed6a5,2026-07-26T19:15:00Z,2026-07-26T21:15:00+0200,1585.02002,MW,FR,FR,forecast_offshore_wind_generation,Wind Offshore,2026-08-23T19:31:05Z
2026-08-23T19:28:52Z,2026-08-23T21:28:52+0200,4d5ff379-624b-468c-8e0f-14ae085ed6a5,2026-07-26T19:30:00Z,2026-07-26T21:30:00+0200,1561.67004,MW,FR,FR,forecast_offshore_wind_generation,Wind Offshore,2026-08-23T19:31:05Z
2026-08-23T19:28:52Z,2026-08-23T21:28:52+0200,4d5ff379-624b-468c-8e0f-14ae085ed6a5,2026-07-26T19:45:00Z,2026-07-26T21:45:00+0200,1538.32007,MW,FR,FR,forecast_offshore_wind_generation,Wind Offshore,2026-08-23T19:31:05Z
2026-08-23T19:28:52Z,2026-08-23T21:28:52+0200,4d5ff379-624b-468c-8e0f-14ae085ed6a5,2026-07-26T20:00:00Z,2026-07-26T22:00:00+0200,1514.97998,MW,FR,FR,forecast_offshore_wind_generation,Wind Offshore,2026-08-23T19:31:05Z
2026-08-23T19:28:52Z,2026-08-23T21:28:52+0200,4d5ff379-624b-468c-8e0f-14ae085ed6a5,2026-07-26T20:15:00Z,2026-07-26T22:15:00+0200,1474.03003,MW,FR,FR,forecast_offshore_wind_generation,Wind Offshore,2026-08-23T19:31:05Z
2026-08-23T19:28:52Z,2026-08-23T21:28:52+0200,4d5ff379-624b-468c-8e0f-14ae085ed6a5,2026-07-26T20:30:00Z,2026-07-26T22:30:00+0200,1433.05994,MW,FR,FR,forecast_offshore_wind_generation,Wind Offshore,2026-08-23T19:31:05Z
2026-08-23T19:28:52Z,2026-08-23T21:28:52+0200,4d5ff379-624b-468c-8e0f-14ae085ed6a5,2026-07-26T20:45:00Z,2026-07-26T22:45:00+0200,1392.1001,MW,FR,FR,forecast_offshore_wind_generation,Wind Offshore,2026-08-23T19:31:05Z
2026-08-23T19:28:52Z,2026-08-23T21:28:52+0200,4d5ff379-624b-468c-8e0f-14ae085ed6a5,2026-07-26T21:00:00Z,2026-07-26T23:00:00+0200,1351.14001,MW,FR,FR,forecast_offshore_wind_generation,Wind Offshore,2026-08-23T19:31:05Z
2026-08-23T19:28:52Z,2026-08-23T21:28:52+0200,4d5ff379-624b-468c-8e0f-14ae085ed6a5,2026-07-26T21:15:00Z,2026-07-26T23:15:00+0200,1301.05005,MW,FR,FR,forecast_offshore_wind_generation,Wind Offshore,2026-08-23T19:31:05Z
2026-08-23T19:28:52Z,2026-08-23T21:28:52+0200,4d5ff379-624b-468c-8e0f-14ae085ed6a5,2026-07-26T21:30:00Z,2026-07-26T23:30:00+0200,1250.97998,MW,FR,FR,forecast_offshore_wind_generation,Wind Offshore,2026-08-23T19:31:05Z
2026-08-23T19:28:52Z,2026-08-23T21:28:52+0200,4d5ff379-624b-468c-8e0f-14ae085ed6a5,2026-07-26T21:45:00Z,2026-07-26T23:45:00+0200,1200.89001,MW,FR,FR,forecast_offshore_wind_generation,Wind Offshore,2026-08-23T19:31:05Z
2026-08-23T19:28:52Z,2026-08-23T21:28:52+0200,4d5ff379-624b-468c-8e0f-14ae085ed6a5,2026-07-26T22:00:00Z,2026-07-27T00:00:00+0200,1076.78992,MW,FR,FR,forecast_offshore_wind_generation,Wind Offshore,2026-08-23T19:31:05Z
2026-08-23T19:28:52Z,2026-08-23T21:28:52+0200,4d5ff379-624b-468c-8e0f-14ae085ed6a5,2026-07-26T22:15:00Z,2026-07-27T00:15:00+0200,1026.22998,MW,FR,FR,forecast_offshore_wind_generation,Wind Offshore,2026-08-23T19:31:05Z
2026-08-23T19:28:52Z,2026-08-23T21:28:52+0200,4d5ff379-624b-468c-8e0f-14ae085ed6a5,2026-07-26T22:30:00Z,2026-07-27T00:30:00+0200,975.68005,MW,FR,FR,forecast_offshore_wind_generation,Wind Offshore,2026-08-23T19:31:05Z
2026-08-23T19:28:52Z,2026-08-23T21:28:52+0200,4d5ff379-624b-468c-8e0f-14ae085ed6a5,2026-07-26T22:45:00Z,2026-07-27T00:45:00+0200,925.13,MW,FR,FR,forecast_offshore_wind_generation,Wind Offshore,2026-08-23T19:31:05Z
2026-08-23T19:28:52Z,2026-08-23T21:28:52+0200,4d5ff379-624b-468c-8e0f-14ae085ed6a5,2026-07-26T23:00:00Z,2026-07-27T01:00:00+0200,874.58002,MW,FR,FR,forecast_offshore_wind_generation,Wind Offshore,2026-08-23T19:31:05Z
2026-08-23T19:28:52Z,2026-08-23T21:28:52+0200,4d5ff379-624b-468c-8e0f-14ae085ed6a5,2026-07-26T23:15:00Z,2026-07-27T01:15:00+0200,843.78003,MW,FR,FR,forecast_offshore_wind_generation,Wind Offshore,2026-08-23T19:31:05Z
2026-08-23T19:28:52Z,2026-08-23T21:28:52+0200,4d5ff379-624b-468c-8e0f-14ae085ed6a5,2026-07-26T23:30:00Z,2026-07-27T01:30:00+0200,812.98999,MW,FR,FR,forecast_offshore_wind_generation,Wind Offshore,2026-08-23T19:31:05Z
2026-08-23T19:28:52Z,2026-08-23T21:28:52+0200,4d5ff379-624b-468c-8e0f-14ae085ed6a5,2026-07-26T23:45:00Z,2026-07-27T01:45:00+0200,782.21008,MW,FR,FR,forecast_offshore_wind_generation,Wind Offshore,2026-08-23T19:31:05Z
2026-08-23T19:28:52Z,2026-08-23T21:28:52+0200,4d5ff379-624b-468c-8e0f-14ae085ed6a5,2026-07-27T00:00:00Z,2026-07-27T02:00:00+0200,751.41998,MW,FR,FR,forecast_offshore_wind_generation,Wind Offshore,2026-08-23T19:31:05Z
2026-08-23T19:28:52Z,2026-08-23T21:28:52+0200,4d5ff379-624b-468c-8e0f-14ae085ed6a5,2026-07-27T00:15:00Z,2026-07-27T02:15:00+0200,741.27991,MW,FR,FR,forecast_offshore_wind_generation,Wind Offshore,2026-08-23T19:31:05Z
2026-08-23T19:28:52Z,2026-08-23T21:28:52+0200,4d5ff379-624b-468c-8e0f-14ae085ed6a5,2026-07-27T00:30:00Z,2026-07-27T02:30:00+0200,731.13,MW,FR,FR,forecast_offshore_wind_generation,Wind Offshore,2026-08-23T19:31:05Z
2026-08-23T19:28:52Z,2026-08-23T21:28:52+0200,4d5ff379-624b-468c-8e0f-14ae085ed6a5,2026-07-27T00:45:00Z,2026-07-27T02:45:00+0200,720.98999,MW,FR,FR,forecast_offshore_wind_generation,Wind Offshore,2026-08-23T19:31:05Z
2026-08-23T19:28:52Z,2026-08-23T21:28:52+0200,4d5ff379-624b-468c-8e0f-14ae085ed6a5,2026-07-27T01:00:00Z,2026-07-27T03:00:00+0200,710.84998,MW,FR,FR,forecast_offshore_wind_generation,Wind Offshore,2026-08-23T19:31:05Z
2026-08-23T19:28:52Z,2026-08-23T21:28:52+0200,4d5ff379-624b-468c-8e0f-14ae085ed6a5,2026-07-27T01:15:00Z,2026-07-27T03:15:00+0200,704.64996,MW,FR,FR,forecast_offshore_wind_generation,Wind Offshore,2026-08-23T19:31:05Z
2026-08-23T19:28:52Z,2026-08-23T21:28:52+0200,4d5ff379-624b-468c-8e0f-14ae085ed6a5,2026-07-27T01:30:00Z,2026-07-27T03:30:00+0200,698.44,MW,FR,FR,forecast_offshore_wind_generation,Wind Offshore,2026-08-23T19:31:05Z
2026-08-23T19:28:52Z,2026-08-23T21:28:52+0200,4d5ff379-624b-468c-8e0f-14ae085ed6a5,2026-07-27T01:45:00Z,2026-07-27T03:45:00+0200,692.23999,MW,FR,FR,forecast_offshore_wind_generation,Wind Offshore,2026-08-23T19:31:05Z
2026-08-23T19:28:52Z,2026-08-23T21:28:52+0200,4d5ff379-624b-468c-8e0f-14ae085ed6a5,2026-07-27T02:00:00Z,2026-07-27T04:00:00+0200,686.03998,MW,FR,FR,forecast_offshore_wind_generation,Wind Offshore,2026-08-23T19:31:05Z
2026-08-23T19:28:52Z,2026-08-23T21:28:52+0200,4d5ff379-624b-468c-8e0f-14ae085ed6a5,2026-07-27T02:15:00Z,2026-07-27T04:15:00+0200,658.94,MW,FR,FR,forecast_offshore_wind_generation,Wind Offshore,2026-08-23T19:31:05Z
2026-08-23T19:28:52Z,2026-08-23T21:28:52+0200,4d5ff379-624b-468c-8e0f-14ae085ed6a5,2026-07-27T02:30:00Z,2026-07-27T04:30:00+0200,631.84998,MW,FR,FR,forecast_offshore_wind_generation,Wind Offshore,2026-08-23T19:31:05Z
2026-08-23T19:28:52Z,2026-08-23T21:28:52+0200,4d5ff379-624b-468c-8e0f-14ae085ed6a5,2026-07-27T02:45:00Z,2026-07-27T04:45:00+0200,604.76001,MW,FR,FR,forecast_offshore_wind_generation,Wind Offshore,2026-08-23T19:31:05Z
2026-08-23T19:28:52Z,2026-08-23T21:28:52+0200,4d5ff379-624b-468c-8e0f-14ae085ed6a5,2026-07-27T03:00:00Z,2026-07-27T05:00:00+0200,577.65997,MW,FR,FR,forecast_offshore_wind_generation,Wind Offshore,2026-08-23T19:31:05Z
2026-08-23T19:28:52Z,2026-08-23T21:28:52+0200,4d5ff379-624b-468c-8e0f-14ae085ed6a5,2026-07-27T03:15:00Z,2026-07-27T05:15:00+0200,549.39996,MW,FR,FR,forecast_offshore_wind_generation,Wind Offshore,2026-08-23T19:31:05Z
2026-08-23T19:28:52Z,2026-08-23T21:28:52+0200,4d5ff379-624b-468c-8e0f-14ae085ed6a5,2026-07-27T03:30:00Z,2026-07-27T05:30:00+0200,521.14996,MW,FR,FR,forecast_offshore_wind_generation,Wind Offshore,2026-08-23T19:31:05Z
2026-08-23T19:28:52Z,2026-08-23T21:28:52+0200,4d5ff379-624b-468c-8e0f-14ae085ed6a5,2026-07-27T03:45:00Z,2026-07-27T05:45:00+0200,492.89996,MW,FR,FR,forecast_offshore_wind_generation,Wind Offshore,2026-08-23T19:31:05Z
2026-08-23T19:28:52Z,2026-08-23T21:28:52+0200,4d5ff379-624b-468c-8e0f-14ae085ed6a5,2026-07-27T04:00:00Z,2026-07-27T06:00:00+0200,464.62,MW,FR,FR,forecast_offshore_wind_generation,Wind Offshore,2026-08-23T19:31:05Z
2026-08-23T19:28:52Z,2026-08-23T21:28:52+0200,4d5ff379-624b-468c-8e0f-14ae085ed6a5,2026-07-27T04:15:00Z,2026-07-27T06:15:00+0200,442.10001,MW,FR,FR,forecast_offshore_wind_generation,Wind Offshore,2026-08-23T19:31:05Z
2026-08-23T19:28:52Z,2026-08-23T21:28:52+0200,4d5ff379-624b-468c-8e0f-14ae085ed6a5,2026-07-27T04:30:00Z,2026-07-27T06:30:00+0200,419.56,MW,FR,FR,forecast_offshore_wind_generation,Wind Offshore,2026-08-23T19:31:05Z
2026-08-23T19:28:52Z,2026-08-23T21:28:52+0200,4d5ff379-624b-468c-8e0f-14ae085ed6a5,2026-07-27T04:45:00Z,2026-07-27T06:45:00+0200,397.04001,MW,FR,FR,forecast_offshore_wind_generation,Wind Offshore,2026-08-23T19:31:05Z
2026-08-23T19:28:52Z,2026-08-23T21:28:52+0200,4d5ff379-624b-468c-8e0f-14ae085ed6a5,2026-07-27T05:00:00Z,2026-07-27T07:00:00+0200,374.5,MW,FR,FR,forecast_offshore_wind_generation,Wind Offshore,2026-08-23T19:31:05Z
2026-08-23T19:28:52Z,2026-08-23T21:28:52+0200,4d5ff379-624b-468c-8e0f-14ae085ed6a5,2026-07-27T05:15:00Z,2026-07-27T07:15:00+0200,364.17999,MW,FR,FR,forecast_offshore_wind_generation,Wind Offshore,2026-08-23T19:31:05Z
2026-08-23T19:28:52Z,2026-08-23T21:28:52+0200,4d5ff379-624b-468c-8e0f-14ae085ed6a5,2026-07-27T05:30:00Z,2026-07-27T07:30:00+0200,353.84003,MW,FR,FR,forecast_offshore_wind_generation,Wind Offshore,2026-08-23T19:31:05Z
2026-08-23T19:28:52Z,2026-08-23T21:28:52+0200,4d5ff379-624b-468c-8e0f-14ae085ed6a5,2026-07-27T05:45:00Z,2026-07-27T07:45:00+0200,343.5,MW,FR,FR,forecast_offshore_wind_generation,Wind Offshore,2026-08-23T19:31:05Z
2026-08-23T19:28:52Z,2026-08-23T21:28:52+0200,4d5ff379-624b-468c-8e0f-14ae085ed6a5,2026-07-27T06:00:00Z,2026-07-27T08:00:00+0200,333.17001,MW,FR,FR,forecast_offshore_wind_generation,Wind Offshore,2026-08-23T19:31:05Z
2026-08-23T19:28:52Z,2026-08-23T21:28:52+0200,4d5ff379-624b-468c-8e0f-14ae085ed6a5,2026-07-27T06:15:00Z,2026-07-27T08:15:00+0200,330.06,MW,FR,FR,forecast_offshore_wind_generation,Wind Offshore,2026-08-23T19:31:05Z
2026-08-23T19:28:52Z,2026-08-23T21:28:52+0200,4d5ff379-624b-468c-8e0f-14ae085ed6a5,2026-07-27T06:30:00Z,2026-07-27T08:30:00+0200,326.96997,MW,FR,FR,forecast_offshore_wind_generation,Wind Offshore,2026-08-23T19:31:05Z
2026-08-23T19:28:52Z,2026-08-23T21:28:52+0200,4d5ff379-624b-468c-8e0f-14ae085ed6a5,2026-07-27T06:45:00Z,2026-07-27T08:45:00+0200,323.87,MW,FR,FR,forecast_offshore_wind_generation,Wind Offshore,2026-08-23T19:31:05Z
2026-08-23T19:28:52Z,2026-08-23T21:28:52+0200,4d5ff379-624b-468c-8e0f-14ae085ed6a5,2026-07-27T07:00:00Z,2026-07-27T09:00:00+0200,320.77002,MW,FR,FR,forecast_offshore_wind_generation,Wind Offshore,2026-08-23T19:31:05Z
2026-08-23T19:28:52Z,2026-08-23T21:28:52+0200,4d5ff379-624b-468c-8e0f-14ae085ed6a5,2026-07-27T07:15:00Z,2026-07-27T09:15:00+0200,309.48001,MW,FR,FR,forecast_offshore_wind_generation,Wind Offshore,2026-08-23T19:31:05Z
2026-08-23T19:28:52Z,2026-08-23T21:28:52+0200,4d5ff379-624b-468c-8e0f-14ae085ed6a5,2026-07-27T07:30:00Z,2026-07-27T09:30:00+0200,298.17999,MW,FR,FR,forecast_offshore_wind_generation,Wind Offshore,2026-08-23T19:31:05Z
2026-08-23T19:28:52Z,2026-08-23T21:28:52+0200,4d5ff379-624b-468c-8e0f-14ae085ed6a5,2026-07-27T07:45:00Z,2026-07-27T09:45:00+0200,286.88,MW,FR,FR,forecast_offshore_wind_generation,Wind Offshore,2026-08-23T19:31:05Z
2026-08-23T19:28:52Z,2026-08-23T21:28:52+0200,4d5ff379-624b-468c-8e0f-14ae085ed6a5,2026-07-27T08:00:00Z,2026-07-27T10:00:00+0200,275.58997,MW,FR,FR,forecast_offshore_wind_generation,Wind Offshore,2026-08-23T19:31:05Z
2026-08-23T19:28:52Z,2026-08-23T21:28:52+0200,4d5ff379-624b-468c-8e0f-14ae085ed6a5,2026-07-27T08:15:00Z,2026-07-27T10:15:00+0200,257.17999,MW,FR,FR,forecast_offshore_wind_generation,Wind Offshore,2026-08-23T19:31:05Z
2026-08-23T19:28:52Z,2026-08-23T21:28:52+0200,4d5ff379-624b-468c-8e0f-14ae085ed6a5,2026-07-27T08:30:00Z,2026-07-27T10:30:00+0200,238.73999,MW,FR,FR,forecast_offshore_wind_generation,Wind Offshore,2026-08-23T19:31:05Z
2026-08-23T19:28:52Z,2026-08-23T21:28:52+0200,4d5ff379-624b-468c-8e0f-14ae085ed6a5,2026-07-27T08:45:00Z,2026-07-27T10:45:00+0200,220.32001,MW,FR,FR,forecast_offshore_wind_generation,Wind Offshore,2026-08-23T19:31:05Z
2026-08-23T19:28:52Z,2026-08-23T21:28:52+0200,4d5ff379-624b-468c-8e0f-14ae085ed6a5,2026-07-27T09:00:00Z,2026-07-27T11:00:00+0200,201.89,MW,FR,FR,forecast_offshore_wind_generation,Wind Offshore,2026-08-23T19:31:05Z
2026-08-23T19:28:52Z,2026-08-23T21:28:52+0200,4d5ff379-624b-468c-8e0f-14ae085ed6a5,2026-07-27T09:15:00Z,2026-07-27T11:15:00+0200,192.01999,MW,FR,FR,forecast_offshore_wind_generation,Wind Offshore,2026-08-23T19:31:05Z
2026-08-23T19:28:52Z,2026-08-23T21:28:52+0200,4d5ff379-624b-468c-8e0f-14ae085ed6a5,2026-07-27T09:30:00Z,2026-07-27T11:30:00+0200,182.17999,MW,FR,FR,forecast_offshore_wind_generation,Wind Offshore,2026-08-23T19:31:05Z
2026-08-23T19:28:52Z,2026-08-23T21:28:52+0200,4d5ff379-624b-468c-8e0f-14ae085ed6a5,2026-07-27T09:45:00Z,2026-07-27T11:45:00+0200,172.32001,MW,FR,FR,forecast_offshore_wind_generation,Wind Offshore,2026-08-23T19:31:05Z
2026-08-23T19:28:52Z,2026-08-23T21:28:52+0200,4d5ff379-624b-468c-8e0f-14ae085ed6a5,2026-07-27T10:00:00Z,2026-07-27T12:00:00+0200,162.47,MW,FR,FR,forecast_offshore_wind_generation,Wind Offshore,2026-08-23T19:31:05Z
2026-08-23T19:28:52Z,2026-08-23T21:28:52+0200,4d5ff379-624b-468c-8e0f-14ae085ed6a5,2026-07-27T10:15:00Z,2026-07-27T12:15:00+0200,155.43001,MW,FR,FR,forecast_offshore_wind_generation,Wind Offshore,2026-08-23T19:31:05Z
2026-08-23T19:28:52Z,2026-08-23T21:28:52+0200,4d5ff379-624b-468c-8e0f-14ae085ed6a5,2026-07-27T10:30:00Z,2026-07-27T12:30:00+0200,148.37999,MW,FR,FR,forecast_offshore_wind_generation,Wind Offshore,2026-08-23T19:31:05Z
2026-08-23T19:28:52Z,2026-08-23T21:28:52+0200,4d5ff379-624b-468c-8e0f-14ae085ed6a5,2026-07-27T10:45:00Z,2026-07-27T12:45:00+0200,141.32001,MW,FR,FR,forecast_offshore_wind_generation,Wind Offshore,2026-08-23T19:31:05Z
2026-08-23T19:28:52Z,2026-08-23T21:28:52+0200,4d5ff379-624b-468c-8e0f-14ae085ed6a5,2026-07-27T11:00:00Z,2026-07-27T13:00:00+0200,134.29001,MW,FR,FR,forecast_offshore_wind_generation,Wind Offshore,2026-08-23T19:31:05Z
2026-08-23T19:28:52Z,2026-08-23T21:28:52+0200,4d5ff379-624b-468c-8e0f-14ae085ed6a5,2026-07-27T11:15:00Z,2026-07-27T13:15:00+0200,139.42,MW,FR,FR,forecast_offshore_wind_generation,Wind Offshore,2026-08-23T19:31:05Z
2026-08-23T19:28:52Z,2026-08-23T21:28:52+0200,4d5ff379-624b-468c-8e0f-14ae085ed6a5,2026-07-27T11:30:00Z,2026-07-27T13:30:00+0200,144.59,MW,FR,FR,forecast_offshore_wind_generation,Wind Offshore,2026-08-23T19:31:05Z
2026-08-23T19:28:52Z,2026-08-23T21:28:52+0200,4d5ff379-624b-468c-8e0f-14ae085ed6a5,2026-07-27T11:45:00Z,2026-07-27T13:45:00+0200,149.74001,MW,FR,FR,forecast_offshore_wind_generation,Wind Offshore,2026-08-23T19:31:05Z
2026-08-23T19:28:52Z,2026-08-23T21:28:52+0200,4d5ff379-624b-468c-8e0f-14ae085ed6a5,2026-07-27T12:00:00Z,2026-07-27T14:00:00+0200,154.90001,MW,FR,FR,forecast_offshore_wind_generation,Wind Offshore,2026-08-23T19:31:05Z
2026-08-23T19:28:52Z,2026-08-23T21:28:52+0200,4d5ff379-624b-468c-8e0f-14ae085ed6a5,2026-07-27T12:15:00Z,2026-07-27T14:15:00+0200,172.8,MW,FR,FR,forecast_offshore_wind_generation,Wind Offshore,2026-08-23T19:31:05Z
2026-08-23T19:28:52Z,2026-08-23T21:28:52+0200,4d5ff379-624b-468c-8e0f-14ae085ed6a5,2026-07-27T12:30:00Z,2026-07-27T14:30:00+0200,190.72,MW,FR,FR,forecast_offshore_wind_generation,Wind Offshore,2026-08-23T19:31:05Z
2026-08-23T19:28:52Z,2026-08-23T21:28:52+0200,4d5ff379-624b-468c-8e0f-14ae085ed6a5,2026-07-27T12:45:00Z,2026-07-27T14:45:00+0200,208.63,MW,FR,FR,forecast_offshore_wind_generation,Wind Offshore,2026-08-23T19:31:05Z
2026-08-23T19:28:52Z,2026-08-23T21:28:52+0200,4d5ff379-624b-468c-8e0f-14ae085ed6a5,2026-07-27T13:00:00Z,2026-07-27T15:00:00+0200,226.55,MW,FR,FR,forecast_offshore_wind_generation,Wind Offshore,2026-08-23T19:31:05Z
2026-08-23T19:28:52Z,2026-08-23T21:28:52+0200,4d5ff379-624b-468c-8e0f-14ae085ed6a5,2026-07-27T13:15:00Z,2026-07-27T15:15:00+0200,231.41,MW,FR,FR,forecast_offshore_wind_generation,Wind Offshore,2026-08-23T19:31:05Z
2026-08-23T19:28:52Z,2026-08-23T21:28:52+0200,4d5ff379-624b-468c-8e0f-14ae085ed6a5,2026-07-27T13:30:00Z,2026-07-27T15:30:00+0200,236.27998,MW,FR,FR,forecast_offshore_wind_generation,Wind Offshore,2026-08-23T19:31:05Z
2026-08-23T19:28:52Z,2026-08-23T21:28:52+0200,4d5ff379-624b-468c-8e0f-14ae085ed6a5,2026-07-27T13:45:00Z,2026-07-27T15:45:00+0200,241.14001,MW,FR,FR,forecast_offshore_wind_generation,Wind Offshore,2026-08-23T19:31:05Z
2026-08-23T19:28:52Z,2026-08-23T21:28:52+0200,4d5ff379-624b-468c-8e0f-14ae085ed6a5,2026-07-27T14:00:00Z,2026-07-27T16:00:00+0200,245.99998,MW,FR,FR,forecast_offshore_wind_generation,Wind Offshore,2026-08-23T19:31:05Z
2026-08-23T19:28:52Z,2026-08-23T21:28:52+0200,4d5ff379-624b-468c-8e0f-14ae085ed6a5,2026-07-27T14:15:00Z,2026-07-27T16:15:00+0200,246.81999,MW,FR,FR,forecast_offshore_wind_generation,Wind Offshore,2026-08-23T19:31:05Z
2026-08-23T19:28:52Z,2026-08-23T21:28:52+0200,4d5ff379-624b-468c-8e0f-14ae085ed6a5,2026-07-27T14:30:00Z,2026-07-27T16:30:00+0200,247.64,MW,FR,FR,forecast_offshore_wind_generation,Wind Offshore,2026-08-23T19:31:05Z
2026-08-23T19:28:52Z,2026-08-23T21:28:52+0200,4d5ff379-624b-468c-8e0f-14ae085ed6a5,2026-07-27T14:45:00Z,2026-07-27T16:45:00+0200,248.45999,MW,FR,FR,forecast_offshore_wind_generation,Wind Offshore,2026-08-23T19:31:05Z
2026-08-23T19:28:52Z,2026-08-23T21:28:52+0200,4d5ff379-624b-468c-8e0f-14ae085ed6a5,2026-07-27T15:00:00Z,2026-07-27T17:00:00+0200,249.26999,MW,FR,FR,forecast_offshore_wind_generation,Wind Offshore,2026-08-23T19:31:05Z
2026-08-23T19:28:52Z,2026-08-23T21:28:52+0200,4d5ff379-624b-468c-8e0f-14ae085ed6a5,2026-07-27T15:15:00Z,2026-07-27T17:15:00+0200,257.34,MW,FR,FR,forecast_offshore_wind_generation,Wind Offshore,2026-08-23T19:31:05Z
2026-08-23T19:28:52Z,2026-08-23T21:28:52+0200,4d5ff379-624b-468c-8e0f-14ae085ed6a5,2026-07-27T15:30:00Z,2026-07-27T17:30:00+0200,265.39999,MW,FR,FR,forecast_offshore_wind_generation,Wind Offshore,2026-08-23T19:31:05Z
2026-08-23T19:28:52Z,2026-08-23T21:28:52+0200,4d5ff379-624b-468c-8e0f-14ae085ed6a5,2026-07-27T15:45:00Z,2026-07-27T17:45:00+0200,273.47,MW,FR,FR,forecast_offshore_wind_generation,Wind Offshore,2026-08-23T19:31:05Z
2026-08-23T19:28:52Z,2026-08-23T21:28:52+0200,4d5ff379-624b-468c-8e0f-14ae085ed6a5,2026-07-27T16:00:00Z,2026-07-27T18:00:00+0200,281.53998,MW,FR,FR,forecast_offshore_wind_generation,Wind Offshore,2026-08-23T19:31:05Z
2026-08-23T19:28:52Z,2026-08-23T21:28:52+0200,4d5ff379-624b-468c-8e0f-14ae085ed6a5,2026-07-27T16:15:00Z,2026-07-27T18:15:00+0200,291.60001,MW,FR,FR,forecast_offshore_wind_generation,Wind Offshore,2026-08-23T19:31:05Z
2026-08-23T19:28:52Z,2026-08-23T21:28:52+0200,4d5ff379-624b-468c-8e0f-14ae085ed6a5,2026-07-27T16:30:00Z,2026-07-27T18:30:00+0200,301.66998,MW,FR,FR,forecast_offshore_wind_generation,Wind Offshore,2026-08-23T19:31:05Z
2026-08-23T19:28:52Z,2026-08-23T21:28:52+0200,4d5ff379-624b-468c-8e0f-14ae085ed6a5,2026-07-27T16:45:00Z,2026-07-27T18:45:00+0200,311.72998,MW,FR,FR,forecast_offshore_wind_generation,Wind Offshore,2026-08-23T19:31:05Z
2026-08-23T19:28:52Z,2026-08-23T21:28:52+0200,4d5ff379-624b-468c-8e0f-14ae085ed6a5,2026-07-27T17:00:00Z,2026-07-27T19:00:00+0200,321.79999,MW,FR,FR,forecast_offshore_wind_generation,Wind Offshore,2026-08-23T19:31:05Z
2026-08-23T19:28:52Z,2026-08-23T21:28:52+0200,4d5ff379-624b-468c-8e0f-14ae085ed6a5,2026-07-27T17:15:00Z,2026-07-27T19:15:00+0200,326.95001,MW,FR,FR,forecast_offshore_wind_generation,Wind Offshore,2026-08-23T19:31:05Z
2026-08-23T19:28:52Z,2026-08-23T21:28:52+0200,4d5ff379-624b-468c-8e0f-14ae085ed6a5,2026-07-27T17:30:00Z,2026-07-27T19:30:00+0200,332.10999,MW,FR,FR,forecast_offshore_wind_generation,Wind Offshore,2026-08-23T19:31:05Z
2026-08-23T19:28:52Z,2026-08-23T21:28:52+0200,4d5ff379-624b-468c-8e0f-14ae085ed6a5,2026-07-27T17:45:00Z,2026-07-27T19:45:00+0200,337.25,MW,FR,FR,forecast_offshore_wind_generation,Wind Offshore,2026-08-23T19:31:05Z
2026-08-23T19:28:52Z,2026-08-23T21:28:52+0200,4d5ff379-624b-468c-8e0f-14ae085ed6a5,2026-07-27T18:00:00Z,2026-07-27T20:00:00+0200,342.41,MW,FR,FR,forecast_offshore_wind_generation,Wind Offshore,2026-08-23T19:31:05Z
2026-08-23T19:28:52Z,2026-08-23T21:28:52+0200,4d5ff379-624b-468c-8e0f-14ae085ed6a5,2026-07-27T18:15:00Z,2026-07-27T20:15:00+0200,338.29999,MW,FR,FR,forecast_offshore_wind_generation,Wind Offshore,2026-08-23T19:31:05Z
2026-08-23T19:28:52Z,2026-08-23T21:28:52+0200,4d5ff379-624b-468c-8e0f-14ae085ed6a5,2026-07-27T18:30:00Z,2026-07-27T20:30:00+0200,334.22,MW,FR,FR,forecast_offshore_wind_generation,Wind Offshore,2026-08-23T19:31:05Z
2026-08-23T19:28:52Z,2026-08-23T21:28:52+0200,4d5ff379-624b-468c-8e0f-14ae085ed6a5,2026-07-27T18:45:00Z,2026-07-27T20:45:00+0200,330.10999,MW,FR,FR,forecast_offshore_wind_generation,Wind Offshore,2026-08-23T19:31:05Z
2026-08-23T19:28:52Z,2026-08-23T21:28:52+0200,4d5ff379-624b-468c-8e0f-14ae085ed6a5,2026-07-27T19:00:00Z,2026-07-27T21:00:00+0200,326.04001,MW,FR,FR,forecast_offshore_wind_generation,Wind Offshore,2026-08-23T19:31:05Z
2026-08-23T19:28:52Z,2026-08-23T21:28:52+0200,4d5ff379-624b-468c-8e0f-14ae085ed6a5,2026-07-27T19:15:00Z,2026-07-27T21:15:00+0200,323.26996,MW,FR,FR,forecast_offshore_wind_generation,Wind Offshore,2026-08-23T19:31:05Z
2026-08-23T19:28:52Z,2026-08-23T21:28:52+0200,4d5ff379-624b-468c-8e0f-14ae085ed6a5,2026-07-27T19:30:00Z,2026-07-27T21:30:00+0200,320.50998,MW,FR,FR,forecast_offshore_wind_generation,Wind Offshore,2026-08-23T19:31:05Z
2026-08-23T19:28:52Z,2026-08-23T21:28:52+0200,4d5ff379-624b-468c-8e0f-14ae085ed6a5,2026-07-27T19:45:00Z,2026-07-27T21:45:00+0200,317.76001,MW,FR,FR,forecast_offshore_wind_generation,Wind Offshore,2026-08-23T19:31:05Z
2026-08-23T19:28:52Z,2026-08-23T21:28:52+0200,4d5ff379-624b-468c-8e0f-14ae085ed6a5,2026-07-27T20:00:00Z,2026-07-27T22:00:00+0200,315.0,MW,FR,FR,forecast_offshore_wind_generation,Wind Offshore,2026-08-23T19:31:05Z
2026-08-23T19:28:52Z,2026-08-23T21:28:52+0200,4d5ff379-624b-468c-8e0f-14ae085ed6a5,2026-07-27T20:15:00Z,2026-07-27T22:15:00+0200,301.28998,MW,FR,FR,forecast_offshore_wind_generation,Wind Offshore,2026-08-23T19:31:05Z
2026-08-23T19:28:52Z,2026-08-23T21:28:52+0200,4d5ff379-624b-468c-8e0f-14ae085ed6a5,2026-07-27T20:30:00Z,2026-07-27T22:30:00+0200,287.58002,MW,FR,FR,forecast_offshore_wind_generation,Wind Offshore,2026-08-23T19:31:05Z
2026-08-23T19:28:52Z,2026-08-23T21:28:52+0200,4d5ff379-624b-468c-8e0f-14ae085ed6a5,2026-07-27T20:45:00Z,2026-07-27T22:45:00+0200,273.88,MW,FR,FR,forecast_offshore_wind_generation,Wind Offshore,2026-08-23T19:31:05Z
2026-08-23T19:28:52Z,2026-08-23T21:28:52+0200,4d5ff379-624b-468c-8e0f-14ae085ed6a5,2026-07-27T21:00:00Z,2026-07-27T23:00:00+0200,260.14999,MW,FR,FR,forecast_offshore_wind_generation,Wind Offshore,2026-08-23T19:31:05Z
2026-08-23T19:28:52Z,2026-08-23T21:28:52+0200,4d5ff379-624b-468c-8e0f-14ae085ed6a5,2026-07-27T21:15:00Z,2026-07-27T23:15:00+0200,261.05002,MW,FR,FR,forecast_offshore_wind_generation,Wind Offshore,2026-08-23T19:31:05Z
2026-08-23T19:28:52Z,2026-08-23T21:28:52+0200,4d5ff379-624b-468c-8e0f-14ae085ed6a5,2026-07-27T21:30:00Z,2026-07-27T23:30:00+0200,261.95001,MW,FR,FR,forecast_offshore_wind_generation,Wind Offshore,2026-08-23T19:31:05Z
2026-08-23T19:28:52Z,2026-08-23T21:28:52+0200,4d5ff379-624b-468c-8e0f-14ae085ed6a5,2026-07-27T21:45:00Z,2026-07-27T23:45:00+0200,262.84,MW,FR,FR,forecast_offshore_wind_generation,Wind Offshore,2026-08-23T19:31:05Z
2026-08-23T19:28:52Z,2026-08-23T21:28:52+0200,4d5ff379-624b-468c-8e0f-14ae085ed6a5,2026-07-27T22:00:00Z,2026-07-28T00:00:00+0200,401.52997,MW,FR,FR,forecast_offshore_wind_generation,Wind Offshore,2026-08-23T19:31:05Z
2026-08-23T19:28:52Z,2026-08-23T21:28:52+0200,4d5ff379-624b-468c-8e0f-14ae085ed6a5,2026-07-27T22:15:00Z,2026-07-28T00:15:00+0200,420.10001,MW,FR,FR,forecast_offshore_wind_generation,Wind Offshore,2026-08-23T19:31:05Z
2026-08-23T19:28:52Z,2026-08-23T21:28:52+0200,4d5ff379-624b-468c-8e0f-14ae085ed6a5,2026-07-27T22:30:00Z,2026-07-28T00:30:00+0200,438.66998,MW,FR,FR,forecast_offshore_wind_generation,Wind Offshore,2026-08-23T19:31:05Z
2026-08-23T19:28:52Z,2026-08-23T21:28:52+0200,4d5ff379-624b-468c-8e0f-14ae085ed6a5,2026-07-27T22:45:00Z,2026-07-28T00:45:00+0200,457.22998,MW,FR,FR,forecast_offshore_wind_generation,Wind Offshore,2026-08-23T19:31:05Z
2026-08-23T19:28:52Z,2026-08-23T21:28:52+0200,4d5ff379-624b-468c-8e0f-14ae085ed6a5,2026-07-27T23:00:00Z,2026-07-28T01:00:00+0200,475.79001,MW,FR,FR,forecast_offshore_wind_generation,Wind Offshore,2026-08-23T19:31:05Z
2026-08-23T19:28:52Z,2026-08-23T21:28:52+0200,4d5ff379-624b-468c-8e0f-14ae085ed6a5,2026-07-27T23:15:00Z,2026-07-28T01:15:00+0200,481.67999,MW,FR,FR,forecast_offshore_wind_generation,Wind Offshore,2026-08-23T19:31:05Z
2026-08-23T19:28:52Z,2026-08-23T21:28:52+0200,4d5ff379-624b-468c-8e0f-14ae085ed6a5,2026-07-27T23:30:00Z,2026-07-28T01:30:00+0200,487.57001,MW,FR,FR,forecast_offshore_wind_generation,Wind Offshore,2026-08-23T19:31:05Z
2026-08-23T19:28:52Z,2026-08-23T21:28:52+0200,4d5ff379-624b-468c-8e0f-14ae085ed6a5,2026-07-27T23:45:00Z,2026-07-28T01:45:00+0200,493.45999,MW,FR,FR,forecast_offshore_wind_generation,Wind Offshore,2026-08-23T19:31:05Z
2026-08-23T19:28:52Z,2026-08-23T21:28:52+0200,4d5ff379-624b-468c-8e0f-14ae085ed6a5,2026-07-28T00:00:00Z,2026-07-28T02:00:00+0200,499.35999,MW,FR,FR,forecast_offshore_wind_generation,Wind Offshore,2026-08-23T19:31:05Z
2026-08-23T19:28:52Z,2026-08-23T21:28:52+0200,4d5ff379-624b-468c-8e0f-14ae085ed6a5,2026-07-28T00:15:00Z,2026-07-28T02:15:00+0200,484.29999,MW,FR,FR,forecast_offshore_wind_generation,Wind Offshore,2026-08-23T19:31:05Z
2026-08-23T19:28:52Z,2026-08-23T21:28:52+0200,4d5ff379-624b-468c-8e0f-14ae085ed6a5,2026-07-28T00:30:00Z,2026-07-28T02:30:00+0200,469.25,MW,FR,FR,forecast_offshore_wind_generation,Wind Offshore,2026-08-23T19:31:05Z
2026-08-23T19:28:52Z,2026-08-23T21:28:52+0200,4d5ff379-624b-468c-8e0f-14ae085ed6a5,2026-07-28T00:45:00Z,2026-07-28T02:45:00+0200,454.18002,MW,FR,FR,forecast_offshore_wind_generation,Wind Offshore,2026-08-23T19:31:05Z
2026-08-23T19:28:52Z,2026-08-23T21:28:52+0200,4d5ff379-624b-468c-8e0f-14ae085ed6a5,2026-07-28T01:00:00Z,2026-07-28T03:00:00+0200,439.14001,MW,FR,FR,forecast_offshore_wind_generation,Wind Offshore,2026-08-23T19:31:05Z
2026-08-23T19:28:52Z,2026-08-23T21:28:52+0200,4d5ff379-624b-468c-8e0f-14ae085ed6a5,2026-07-28T01:15:00Z,2026-07-28T03:15:00+0200,414.54001,MW,FR,FR,forecast_offshore_wind_generation,Wind Offshore,2026-08-23T19:31:05Z
2026-08-23T19:28:52Z,2026-08-23T21:28:52+0200,4d5ff379-624b-468c-8e0f-14ae085ed6a5,2026-07-28T01:30:00Z,2026-07-28T03:30:00+0200,389.95001,MW,FR,FR,forecast_offshore_wind_generation,Wind Offshore,2026-08-23T19:31:05Z
2026-08-23T19:28:52Z,2026-08-23T21:28:52+0200,4d5ff379-624b-468c-8e0f-14ae085ed6a5,2026-07-28T01:45:00Z,2026-07-28T03:45:00+0200,365.36002,MW,FR,FR,forecast_offshore_wind_generation,Wind Offshore,2026-08-23T19:31:05Z
2026-08-23T19:28:52Z,2026-08-23T21:28:52+0200,4d5ff379-624b-468c-8e0f-14ae085ed6a5,2026-07-28T02:00:00Z,2026-07-28T04:00:00+0200,340.84,MW,FR,FR,forecast_offshore_wind_generation,Wind Offshore,2026-08-23T19:31:05Z
2026-08-23T19:28:52Z,2026-08-23T21:28:52+0200,4d5ff379-624b-468c-8e0f-14ae085ed6a5,2026-07-28T02:15:00Z,2026-07-28T04:15:00+0200,339.23996,MW,FR,FR,forecast_offshore_wind_generation,Wind Offshore,2026-08-23T19:31:05Z
2026-08-23T19:28:52Z,2026-08-23T21:28:52+0200,4d5ff379-624b-468c-8e0f-14ae085ed6a5,2026-07-28T02:30:00Z,2026-07-28T04:30:00+0200,337.66,MW,FR,FR,forecast_offshore_wind_generation,Wind Offshore,2026-08-23T19:31:05Z
2026-08-23T19:28:52Z,2026-08-23T21:28:52+0200,4d5ff379-624b-468c-8e0f-14ae085ed6a5,2026-07-28T02:45:00Z,2026-07-28T04:45:00+0200,336.05002,MW,FR,FR,forecast_offshore_wind_generation,Wind Offshore,2026-08-23T19:31:05Z
2026-08-23T19:28:52Z,2026-08-23T21:28:52+0200,4d5ff379-624b-468c-8e0f-14ae085ed6a5,2026-07-28T03:00:00Z,2026-07-28T05:00:00+0200,334.45001,MW,FR,FR,forecast_offshore_wind_generation,Wind Offshore,2026-08-23T19:31:05Z
2026-08-23T19:28:52Z,2026-08-23T21:28:52+0200,4d5ff379-624b-468c-8e0f-14ae085ed6a5,2026-07-28T03:15:00Z,2026-07-28T05:15:00+0200,338.89001,MW,FR,FR,forecast_offshore_wind_generation,Wind Offshore,2026-08-23T19:31:05Z
2026-08-23T19:28:52Z,2026-08-23T21:28:52+0200,4d5ff379-624b-468c-8e0f-14ae085ed6a5,2026-07-28T03:30:00Z,2026-07-28T05:30:00+0200,343.58997,MW,FR,FR,forecast_offshore_wind_generation,Wind Offshore,2026-08-23T19:31:05Z
2026-08-23T19:28:52Z,2026-08-23T21:28:52+0200,4d5ff379-624b-468c-8e0f-14ae085ed6a5,2026-07-28T03:45:00Z,2026-07-28T05:45:00+0200,348.37,MW,FR,FR,forecast_offshore_wind_generation,Wind Offshore,2026-08-23T19:31:05Z
2026-08-23T19:28:52Z,2026-08-23T21:28:52+0200,4d5ff379-624b-468c-8e0f-14ae085ed6a5,2026-07-28T04:00:00Z,2026-07-28T06:00:00+0200,353.13998,MW,FR,FR,forecast_offshore_wind_generation,Wind Offshore,2026-08-23T19:31:05Z
2026-08-23T19:28:52Z,2026-08-23T21:28:52+0200,4d5ff379-624b-468c-8e0f-14ae085ed6a5,2026-07-28T04:15:00Z,2026-07-28T06:15:00+0200,358.08002,MW,FR,FR,forecast_offshore_wind_generation,Wind Offshore,2026-08-23T19:31:05Z
2026-08-23T19:28:52Z,2026-08-23T21:28:52+0200,4d5ff379-624b-468c-8e0f-14ae085ed6a5,2026-07-28T04:30:00Z,2026-07-28T06:30:00+0200,363.01001,MW,FR,FR,forecast_offshore_wind_generation,Wind Offshore,2026-08-23T19:31:05Z
2026-08-23T19:28:52Z,2026-08-23T21:28:52+0200,4d5ff379-624b-468c-8e0f-14ae085ed6a5,2026-07-28T04:45:00Z,2026-07-28T06:45:00+0200,367.96002,MW,FR,FR,forecast_offshore_wind_generation,Wind Offshore,2026-08-23T19:31:05Z
2026-08-23T19:28:52Z,2026-08-23T21:28:52+0200,4d5ff379-624b-468c-8e0f-14ae085ed6a5,2026-07-28T05:00:00Z,2026-07-28T07:00:00+0200,372.90997,MW,FR,FR,forecast_offshore_wind_generation,Wind Offshore,2026-08-23T19:31:05Z
2026-08-23T19:28:52Z,2026-08-23T21:28:52+0200,4d5ff379-624b-468c-8e0f-14ae085ed6a5,2026-07-28T05:15:00Z,2026-07-28T07:15:00+0200,345.42999,MW,FR,FR,forecast_offshore_wind_generation,Wind Offshore,2026-08-23T19:31:05Z
2026-08-23T19:28:52Z,2026-08-23T21:28:52+0200,4d5ff379-624b-468c-8e0f-14ae085ed6a5,2026-07-28T05:30:00Z,2026-07-28T07:30:00+0200,317.93997,MW,FR,FR,forecast_offshore_wind_generation,Wind Offshore,2026-08-23T19:31:05Z
2026-08-23T19:28:52Z,2026-08-23T21:28:52+0200,4d5ff379-624b-468c-8e0f-14ae085ed6a5,2026-07-28T05:45:00Z,2026-07-28T07:45:00+0200,290.48999,MW,FR,FR,forecast_offshore_wind_generation,Wind Offshore,2026-08-23T19:31:05Z
2026-08-23T19:28:52Z,2026-08-23T21:28:52+0200,4d5ff379-624b-468c-8e0f-14ae085ed6a5,2026-07-28T06:00:00Z,2026-07-28T08:00:00+0200,263.0,MW,FR,FR,forecast_offshore_wind_generation,Wind Offshore,2026-08-23T19:31:05Z
2026-08-23T19:28:52Z,2026-08-23T21:28:52+0200,4d5ff379-624b-468c-8e0f-14ae085ed6a5,2026-07-28T06:15:00Z,2026-07-28T08:15:00+0200,254.40999,MW,FR,FR,forecast_offshore_wind_generation,Wind Offshore,2026-08-23T19:31:05Z
2026-08-23T19:28:52Z,2026-08-23T21:28:52+0200,4d5ff379-624b-468c-8e0f-14ae085ed6a5,2026-07-28T06:30:00Z,2026-07-28T08:30:00+0200,245.83,MW,FR,FR,forecast_offshore_wind_generation,Wind Offshore,2026-08-23T19:31:05Z
2026-08-23T19:28:52Z,2026-08-23T21:28:52+0200,4d5ff379-624b-468c-8e0f-14ae085ed6a5,2026-07-28T06:45:00Z,2026-07-28T08:45:00+0200,237.24001,MW,FR,FR,forecast_offshore_wind_generation,Wind Offshore,2026-08-23T19:31:05Z
2026-08-23T19:28:52Z,2026-08-23T21:28:52+0200,4d5ff379-624b-468c-8e0f-14ae085ed6a5,2026-07-28T07:00:00Z,2026-07-28T09:00:00+0200,228.65001,MW,FR,FR,forecast_offshore_wind_generation,Wind Offshore,2026-08-23T19:31:05Z
2026-08-23T19:28:52Z,2026-08-23T21:28:52+0200,4d5ff379-624b-468c-8e0f-14ae085ed6a5,2026-07-28T07:15:00Z,2026-07-28T09:15:00+0200,218.86,MW,FR,FR,forecast_offshore_wind_generation,Wind Offshore,2026-08-23T19:31:05Z
2026-08-23T19:28:52Z,2026-08-23T21:28:52+0200,4d5ff379-624b-468c-8e0f-14ae085ed6a5,2026-07-28T07:30:00Z,2026-07-28T09:30:00+0200,209.06,MW,FR,FR,forecast_offshore_wind_generation,Wind Offshore,2026-08-23T19:31:05Z
2026-08-23T19:28:52Z,2026-08-23T21:28:52+0200,4d5ff379-624b-468c-8e0f-14ae085ed6a5,2026-07-28T07:45:00Z,2026-07-28T09:45:00+0200,199.25,MW,FR,FR,forecast_offshore_wind_generation,Wind Offshore,2026-08-23T19:31:05Z
2026-08-23T19:28:52Z,2026-08-23T21:28:52+0200,4d5ff379-624b-468c-8e0f-14ae085ed6a5,2026-07-28T08:00:00Z,2026-07-28T10:00:00+0200,189.45,MW,FR,FR,forecast_offshore_wind_generation,Wind Offshore,2026-08-23T19:31:05Z
2026-08-23T19:28:52Z,2026-08-23T21:28:52+0200,4d5ff379-624b-468c-8e0f-14ae085ed6a5,2026-07-28T08:15:00Z,2026-07-28T10:15:00+0200,176.32001,MW,FR,FR,forecast_offshore_wind_generation,Wind Offshore,2026-08-23T19:31:05Z
2026-08-23T19:28:52Z,2026-08-23T21:28:52+0200,4d5ff379-624b-468c-8e0f-14ae085ed6a5,2026-07-28T08:30:00Z,2026-07-28T10:30:00+0200,163.15999,MW,FR,FR,forecast_offshore_wind_generation,Wind Offshore,2026-08-23T19:31:05Z
2026-08-23T19:28:52Z,2026-08-23T21:28:52+0200,4d5ff379-624b-468c-8e0f-14ae085ed6a5,2026-07-28T08:45:00Z,2026-07-28T10:45:00+0200,150.05,MW,FR,FR,forecast_offshore_wind_generation,Wind Offshore,2026-08-23T19:31:05Z
2026-08-23T19:28:52Z,2026-08-23T21:28:52+0200,4d5ff379-624b-468c-8e0f-14ae085ed6a5,2026-07-28T09:00:00Z,2026-07-28T11:00:00+0200,136.91,MW,FR,FR,forecast_offshore_wind_generation,Wind Offshore,2026-08-23T19:31:05Z
2026-08-23T19:28:52Z,2026-08-23T21:28:52+0200,4d5ff379-624b-468c-8e0f-14ae085ed6a5,2026-07-28T09:15:00Z,2026-07-28T11:15:00+0200,126.07001,MW,FR,FR,forecast_offshore_wind_generation,Wind Offshore,2026-08-23T19:31:05Z
2026-08-23T19:28:52Z,2026-08-23T21:28:52+0200,4d5ff379-624b-468c-8e0f-14ae085ed6a5,2026-07-28T09:30:00Z,2026-07-28T11:30:00+0200,115.24001,MW,FR,FR,forecast_offshore_wind_generation,Wind Offshore,2026-08-23T19:31:05Z
2026-08-23T19:28:52Z,2026-08-23T21:28:52+0200,4d5ff379-624b-468c-8e0f-14ae085ed6a5,2026-07-28T09:45:00Z,2026-07-28T11:45:00+0200,104.39,MW,FR,FR,forecast_offshore_wind_generation,Wind Offshore,2026-08-23T19:31:05Z
2026-08-23T19:28:52Z,2026-08-23T21:28:52+0200,4d5ff379-624b-468c-8e0f-14ae085ed6a5,2026-07-28T10:00:00Z,2026-07-28T12:00:00+0200,93.57,MW,FR,FR,forecast_offshore_wind_generation,Wind Offshore,2026-08-23T19:31:05Z
2026-08-23T19:28:52Z,2026-08-23T21:28:52+0200,4d5ff379-624b-468c-8e0f-14ae085ed6a5,2026-07-28T10:15:00Z,2026-07-28T12:15:00+0200,87.84,MW,FR,FR,forecast_offshore_wind_generation,Wind Offshore,2026-08-23T19:31:05Z
2026-08-23T19:28:52Z,2026-08-23T21:28:52+0200,4d5ff379-624b-468c-8e0f-14ae085ed6a5,2026-07-28T10:30:00Z,2026-07-28T12:30:00+0200,82.12,MW,FR,FR,forecast_offshore_wind_generation,Wind Offshore,2026-08-23T19:31:05Z
2026-08-23T19:28:52Z,2026-08-23T21:28:52+0200,4d5ff379-624b-468c-8e0f-14ae085ed6a5,2026-07-28T10:45:00Z,2026-07-28T12:45:00+0200,76.38,MW,FR,FR,forecast_offshore_wind_generation,Wind Offshore,2026-08-23T19:31:05Z
2026-08-23T19:28:52Z,2026-08-23T21:28:52+0200,4d5ff379-624b-468c-8e0f-14ae085ed6a5,2026-07-28T11:00:00Z,2026-07-28T13:00:00+0200,70.66,MW,FR,FR,forecast_offshore_wind_generation,Wind Offshore,2026-08-23T19:31:05Z
2026-08-23T19:28:52Z,2026-08-23T21:28:52+0200,4d5ff379-624b-468c-8e0f-14ae085ed6a5,2026-07-28T11:15:00Z,2026-07-28T13:15:00+0200,70.37,MW,FR,FR,forecast_offshore_wind_generation,Wind Offshore,2026-08-23T19:31:05Z
2026-08-23T19:28:52Z,2026-08-23T21:28:52+0200,4d5ff379-624b-468c-8e0f-14ae085ed6a5,2026-07-28T11:30:00Z,2026-07-28T13:30:00+0200,70.08,MW,FR,FR,forecast_offshore_wind_generation,Wind Offshore,2026-08-23T19:31:05Z
2026-08-23T19:28:52Z,2026-08-23T21:28:52+0200,4d5ff379-624b-468c-8e0f-14ae085ed6a5,2026-07-28T11:45:00Z,2026-07-28T13:45:00+0200,69.78,MW,FR,FR,forecast_offshore_wind_generation,Wind Offshore,2026-08-23T19:31:05Z
2026-08-23T19:28:52Z,2026-08-23T21:28:52+0200,4d5ff379-624b-468c-8e0f-14ae085ed6a5,2026-07-28T12:00:00Z,2026-07-28T14:00:00+0200,69.5,MW,FR,FR,forecast_offshore_wind_generation,Wind Offshore,2026-08-23T19:31:05Z
2026-08-23T19:28:52Z,2026-08-23T21:28:52+0200,4d5ff379-624b-468c-8e0f-14ae085ed6a5,2026-07-28T12:15:00Z,2026-07-28T14:15:00+0200,69.63,MW,FR,FR,forecast_offshore_wind_generation,Wind Offshore,2026-08-23T19:31:05Z
2026-08-23T19:28:52Z,2026-08-23T21:28:52+0200,4d5ff379-624b-468c-8e0f-14ae085ed6a5,2026-07-28T12:30:00Z,2026-07-28T14:30:00+0200,69.75,MW,FR,FR,forecast_offshore_wind_generation,Wind Offshore,2026-08-23T19:31:05Z
2026-08-23T19:28:52Z,2026-08-23T21:28:52+0200,4d5ff379-624b-468c-8e0f-14ae085ed6a5,2026-07-28T12:45:00Z,2026-07-28T14:45:00+0200,69.86,MW,FR,FR,forecast_offshore_wind_generation,Wind Offshore,2026-08-23T19:31:05Z
2026-08-23T19:28:52Z,2026-08-23T21:28:52+0200,4d5ff379-624b-468c-8e0f-14ae085ed6a5,2026-07-28T13:00:00Z,2026-07-28T15:00:00+0200,69.98,MW,FR,FR,forecast_offshore_wind_generation,Wind Offshore,2026-08-23T19:31:05Z
2026-08-23T19:28:52Z,2026-08-23T21:28:52+0200,4d5ff379-624b-468c-8e0f-14ae085ed6a5,2026-07-28T13:15:00Z,2026-07-28T15:15:00+0200,72.04,MW,FR,FR,forecast_offshore_wind_generation,Wind Offshore,2026-08-23T19:31:05Z
2026-08-23T19:28:52Z,2026-08-23T21:28:52+0200,4d5ff379-624b-468c-8e0f-14ae085ed6a5,2026-07-28T13:30:00Z,2026-07-28T15:30:00+0200,74.11,MW,FR,FR,forecast_offshore_wind_generation,Wind Offshore,2026-08-23T19:31:05Z
2026-08-23T19:28:52Z,2026-08-23T21:28:52+0200,4d5ff379-624b-468c-8e0f-14ae085ed6a5,2026-07-28T13:45:00Z,2026-07-28T15:45:00+0200,76.17,MW,FR,FR,forecast_offshore_wind_generation,Wind Offshore,2026-08-23T19:31:05Z
2026-08-23T19:28:52Z,2026-08-23T21:28:52+0200,4d5ff379-624b-468c-8e0f-14ae085ed6a5,2026-07-28T14:00:00Z,2026-07-28T16:00:00+0200,78.24,MW,FR,FR,forecast_offshore_wind_generation,Wind Offshore,2026-08-23T19:31:05Z
2026-08-23T19:28:52Z,2026-08-23T21:28:52+0200,4d5ff379-624b-468c-8e0f-14ae085ed6a5,2026-07-28T14:15:00Z,2026-07-28T16:15:00+0200,91.18999,MW,FR,FR,forecast_offshore_wind_generation,Wind Offshore,2026-08-23T19:31:05Z
2026-08-23T19:28:52Z,2026-08-23T21:28:52+0200,4d5ff379-624b-468c-8e0f-14ae085ed6a5,2026-07-28T14:30:00Z,2026-07-28T16:30:00+0200,104.13,MW,FR,FR,forecast_offshore_wind_generation,Wind Offshore,2026-08-23T19:31:05Z
2026-08-23T19:28:52Z,2026-08-23T21:28:52+0200,4d5ff379-624b-468c-8e0f-14ae085ed6a5,2026-07-28T14:45:00Z,2026-07-28T16:45:00+0200,117.07,MW,FR,FR,forecast_offshore_wind_generation,Wind Offshore,2026-08-23T19:31:05Z
2026-08-23T19:28:52Z,2026-08-23T21:28:52+0200,4d5ff379-624b-468c-8e0f-14ae085ed6a5,2026-07-28T15:00:00Z,2026-07-28T17:00:00+0200,130.00999,MW,FR,FR,forecast_offshore_wind_generation,Wind Offshore,2026-08-23T19:31:05Z
2026-08-23T19:28:52Z,2026-08-23T21:28:52+0200,4d5ff379-624b-468c-8e0f-14ae085ed6a5,2026-07-28T15:15:00Z,2026-07-28T17:15:00+0200,133.10001,MW,FR,FR,forecast_offshore_wind_generation,Wind Offshore,2026-08-23T19:31:05Z
2026-08-23T19:28:52Z,2026-08-23T21:28:52+0200,4d5ff379-624b-468c-8e0f-14ae085ed6a5,2026-07-28T15:30:00Z,2026-07-28T17:30:00+0200,136.19,MW,FR,FR,forecast_offshore_wind_generation,Wind Offshore,2026-08-23T19:31:05Z
2026-08-23T19:28:52Z,2026-08-23T21:28:52+0200,4d5ff379-624b-468c-8e0f-14ae085ed6a5,2026-07-28T15:45:00Z,2026-07-28T17:45:00+0200,139.28,MW,FR,FR,forecast_offshore_wind_generation,Wind Offshore,2026-08-23T19:31:05Z
2026-08-23T19:28:52Z,2026-08-23T21:28:52+0200,4d5ff379-624b-468c-8e0f-14ae085ed6a5,2026-07-28T16:00:00Z,2026-07-28T18:00:00+0200,142.36,MW,FR,FR,forecast_offshore_wind_generation,Wind Offshore,2026-08-23T19:31:05Z
2026-08-23T19:28:52Z,2026-08-23T21:28:52+0200,4d5ff379-624b-468c-8e0f-14ae085ed6a5,2026-07-28T16:15:00Z,2026-07-28T18:15:00+0200,142.14,MW,FR,FR,forecast_offshore_wind_generation,Wind Offshore,2026-08-23T19:31:05Z
2026-08-23T19:28:52Z,2026-08-23T21:28:52+0200,4d5ff379-624b-468c-8e0f-14ae085ed6a5,2026-07-28T16:30:00Z,2026-07-28T18:30:00+0200,141.90999,MW,FR,FR,forecast_offshore_wind_generation,Wind Offshore,2026-08-23T19:31:05Z
2026-08-23T19:28:52Z,2026-08-23T21:28:52+0200,4d5ff379-624b-468c-8e0f-14ae085ed6a5,2026-07-28T16:45:00Z,2026-07-28T18:45:00+0200,141.67999,MW,FR,FR,forecast_offshore_wind_generation,Wind Offshore,2026-08-23T19:31:05Z
2026-08-23T19:28:52Z,2026-08-23T21:28:52+0200,4d5ff379-624b-468c-8e0f-14ae085ed6a5,2026-07-28T17:00:00Z,2026-07-28T19:00:00+0200,141.46001,MW,FR,FR,forecast_offshore_wind_generation,Wind Offshore,2026-08-23T19:31:05Z
2026-08-23T19:28:52Z,2026-08-23T21:28:52+0200,4d5ff379-624b-468c-8e0f-14ae085ed6a5,2026-07-28T17:15:00Z,2026-07-28T19:15:00+0200,139.07001,MW,FR,FR,forecast_offshore_wind_generation,Wind Offshore,2026-08-23T19:31:05Z
2026-08-23T19:28:52Z,2026-08-23T21:28:52+0200,4d5ff379-624b-468c-8e0f-14ae085ed6a5,2026-07-28T17:30:00Z,2026-07-28T19:30:00+0200,136.67999,MW,FR,FR,forecast_offshore_wind_generation,Wind Offshore,2026-08-23T19:31:05Z
2026-08-23T19:28:52Z,2026-08-23T21:28:52+0200,4d5ff379-624b-468c-8e0f-14ae085ed6a5,2026-07-28T17:45:00Z,2026-07-28T19:45:00+0200,134.28999,MW,FR,FR,forecast_offshore_wind_generation,Wind Offshore,2026-08-23T19:31:05Z
2026-08-23T19:28:52Z,2026-08-23T21:28:52+0200,4d5ff379-624b-468c-8e0f-14ae085ed6a5,2026-07-28T18:00:00Z,2026-07-28T20:00:00+0200,131.91,MW,FR,FR,forecast_offshore_wind_generation,Wind Offshore,2026-08-23T19:31:05Z
2026-08-23T19:28:52Z,2026-08-23T21:28:52+0200,4d5ff379-624b-468c-8e0f-14ae085ed6a5,2026-07-28T18:15:00Z,2026-07-28T20:15:00+0200,128.34,MW,FR,FR,forecast_offshore_wind_generation,Wind Offshore,2026-08-23T19:31:05Z
2026-08-23T19:28:52Z,2026-08-23T21:28:52+0200,4d5ff379-624b-468c-8e0f-14ae085ed6a5,2026-07-28T18:30:00Z,2026-07-28T20:30:00+0200,124.77,MW,FR,FR,forecast_offshore_wind_generation,Wind Offshore,2026-08-23T19:31:05Z
2026-08-23T19:28:52Z,2026-08-23T21:28:52+0200,4d5ff379-624b-468c-8e0f-14ae085ed6a5,2026-07-28T18:45:00Z,2026-07-28T20:45:00+0200,121.19,MW,FR,FR,forecast_offshore_wind_generation,Wind Offshore,2026-08-23T19:31:05Z
2026-08-23T19:28:52Z,2026-08-23T21:28:52+0200,4d5ff379-624b-468c-8e0f-14ae085ed6a5,2026-07-28T19:00:00Z,2026-07-28T21:00:00+0200,117.63,MW,FR,FR,forecast_offshore_wind_generation,Wind Offshore,2026-08-23T19:31:05Z
2026-08-23T19:28:52Z,2026-08-23T21:28:52+0200,4d5ff379-624b-468c-8e0f-14ae085ed6a5,2026-07-28T19:15:00Z,2026-07-28T21:15:00+0200,116.14,MW,FR,FR,forecast_offshore_wind_generation,Wind Offshore,2026-08-23T19:31:05Z
2026-08-23T19:28:52Z,2026-08-23T21:28:52+0200,4d5ff379-624b-468c-8e0f-14ae085ed6a5,2026-07-28T19:30:00Z,2026-07-28T21:30:00+0200,114.66,MW,FR,FR,forecast_offshore_wind_generation,Wind Offshore,2026-08-23T19:31:05Z
2026-08-23T19:28:52Z,2026-08-23T21:28:52+0200,4d5ff379-624b-468c-8e0f-14ae085ed6a5,2026-07-28T19:45:00Z,2026-07-28T21:45:00+0200,113.17,MW,FR,FR,forecast_offshore_wind_generation,Wind Offshore,2026-08-23T19:31:05Z
2026-08-23T19:28:52Z,2026-08-23T21:28:52+0200,4d5ff379-624b-468c-8e0f-14ae085ed6a5,2026-07-28T20:00:00Z,2026-07-28T22:00:00+0200,111.67,MW,FR,FR,forecast_offshore_wind_generation,Wind Offshore,2026-08-23T19:31:05Z
2026-08-23T19:28:52Z,2026-08-23T21:28:52+0200,4d5ff379-624b-468c-8e0f-14ae085ed6a5,2026-07-28T20:15:00Z,2026-07-28T22:15:00+0200,120.74,MW,FR,FR,forecast_offshore_wind_generation,Wind Offshore,2026-08-23T19:31:05Z
2026-08-23T19:28:52Z,2026-08-23T21:28:52+0200,4d5ff379-624b-468c-8e0f-14ae085ed6a5,2026-07-28T20:30:00Z,2026-07-28T22:30:00+0200,129.8,MW,FR,FR,forecast_offshore_wind_generation,Wind Offshore,2026-08-23T19:31:05Z
2026-08-23T19:28:52Z,2026-08-23T21:28:52+0200,4d5ff379-624b-468c-8e0f-14ae085ed6a5,2026-07-28T20:45:00Z,2026-07-28T22:45:00+0200,138.85001,MW,FR,FR,forecast_offshore_wind_generation,Wind Offshore,2026-08-23T19:31:05Z
2026-08-23T19:28:52Z,2026-08-23T21:28:52+0200,4d5ff379-624b-468c-8e0f-14ae085ed6a5,2026-07-28T21:00:00Z,2026-07-28T23:00:00+0200,147.92999,MW,FR,FR,forecast_offshore_wind_generation,Wind Offshore,2026-08-23T19:31:05Z
2026-08-23T19:28:52Z,2026-08-23T21:28:52+0200,4d5ff379-624b-468c-8e0f-14ae085ed6a5,2026-07-28T21:15:00Z,2026-07-28T23:15:00+0200,151.12999,MW,FR,FR,forecast_offshore_wind_generation,Wind Offshore,2026-08-23T19:31:05Z
2026-08-23T19:28:52Z,2026-08-23T21:28:52+0200,4d5ff379-624b-468c-8e0f-14ae085ed6a5,2026-07-28T21:30:00Z,2026-07-28T23:30:00+0200,154.34999,MW,FR,FR,forecast_offshore_wind_generation,Wind Offshore,2026-08-23T19:31:05Z
2026-08-23T19:28:52Z,2026-08-23T21:28:52+0200,4d5ff379-624b-468c-8e0f-14ae085ed6a5,2026-07-28T21:45:00Z,2026-07-28T23:45:00+0200,157.57001,MW,FR,FR,forecast_offshore_wind_generation,Wind Offshore,2026-08-23T19:31:05Z
2026-08-23T19:28:52Z,2026-08-23T21:28:52+0200,4d5ff379-624b-468c-8e0f-14ae085ed6a5,2026-07-28T22:00:00Z,2026-07-29T00:00:00+0200,162.45999,MW,FR,FR,forecast_offshore_wind_generation,Wind Offshore,2026-08-23T19:31:05Z
2026-08-23T19:28:52Z,2026-08-23T21:28:52+0200,4d5ff379-624b-468c-8e0f-14ae085ed6a5,2026-07-28T22:15:00Z,2026-07-29T00:15:00+0200,159.91,MW,FR,FR,forecast_offshore_wind_generation,Wind Offshore,2026-08-23T19:31:05Z
2026-08-23T19:28:52Z,2026-08-23T21:28:52+0200,4d5ff379-624b-468c-8e0f-14ae085ed6a5,2026-07-28T22:30:00Z,2026-07-29T00:30:00+0200,157.38,MW,FR,FR,forecast_offshore_wind_generation,Wind Offshore,2026-08-23T19:31:05Z
2026-08-23T19:28:52Z,2026-08-23T21:28:52+0200,4d5ff379-624b-468c-8e0f-14ae085ed6a5,2026-07-28T22:45:00Z,2026-07-29T00:45:00+0200,154.84,MW,FR,FR,forecast_offshore_wind_generation,Wind Offshore,2026-08-23T19:31:05Z
2026-08-23T19:28:52Z,2026-08-23T21:28:52+0200,4d5ff379-624b-468c-8e0f-14ae085ed6a5,2026-07-28T23:00:00Z,2026-07-29T01:00:00+0200,152.28999,MW,FR,FR,forecast_offshore_wind_generation,Wind Offshore,2026-08-23T19:31:05Z
2026-08-23T19:28:52Z,2026-08-23T21:28:52+0200,4d5ff379-624b-468c-8e0f-14ae085ed6a5,2026-07-28T23:15:00Z,2026-07-29T01:15:00+0200,148.52,MW,FR,FR,forecast_offshore_wind_generation,Wind Offshore,2026-08-23T19:31:05Z
2026-08-23T19:28:52Z,2026-08-23T21:28:52+0200,4d5ff379-624b-468c-8e0f-14ae085ed6a5,2026-07-28T23:30:00Z,2026-07-29T01:30:00+0200,144.75,MW,FR,FR,forecast_offshore_wind_generation,Wind Offshore,2026-08-23T19:31:05Z
2026-08-23T19:28:52Z,2026-08-23T21:28:52+0200,4d5ff379-624b-468c-8e0f-14ae085ed6a5,2026-07-28T23:45:00Z,2026-07-29T01:45:00+0200,140.98,MW,FR,FR,forecast_offshore_wind_generation,Wind Offshore,2026-08-23T19:31:05Z
2026-08-23T19:28:52Z,2026-08-23T21:28:52+0200,4d5ff379-624b-468c-8e0f-14ae085ed6a5,2026-07-29T00:00:00Z,2026-07-29T02:00:00+0200,137.19,MW,FR,FR,forecast_offshore_wind_generation,Wind Offshore,2026-08-23T19:31:05Z
2026-08-23T19:28:52Z,2026-08-23T21:28:52+0200,4d5ff379-624b-468c-8e0f-14ae085ed6a5,2026-07-29T00:15:00Z,2026-07-29T02:15:00+0200,133.34,MW,FR,FR,forecast_offshore_wind_generation,Wind Offshore,2026-08-23T19:31:05Z
2026-08-23T19:28:52Z,2026-08-23T21:28:52+0200,4d5ff379-624b-468c-8e0f-14ae085ed6a5,2026-07-29T00:30:00Z,2026-07-29T02:30:00+0200,129.47,MW,FR,FR,forecast_offshore_wind_generation,Wind Offshore,2026-08-23T19:31:05Z
2026-08-23T19:28:52Z,2026-08-23T21:28:52+0200,4d5ff379-624b-468c-8e0f-14ae085ed6a5,2026-07-29T00:45:00Z,2026-07-29T02:45:00+0200,125.62,MW,FR,FR,forecast_offshore_wind_generation,Wind Offshore,2026-08-23T19:31:05Z
2026-08-23T19:28:52Z,2026-08-23T21:28:52+0200,4d5ff379-624b-468c-8e0f-14ae085ed6a5,2026-07-29T01:00:00Z,2026-07-29T03:00:00+0200,121.75,MW,FR,FR,forecast_offshore_wind_generation,Wind Offshore,2026-08-23T19:31:05Z
2026-08-23T19:28:52Z,2026-08-23T21:28:52+0200,4d5ff379-624b-468c-8e0f-14ae085ed6a5,2026-07-29T01:15:00Z,2026-07-29T03:15:00+0200,130.81,MW,FR,FR,forecast_offshore_wind_generation,Wind Offshore,2026-08-23T19:31:05Z
2026-08-23T19:28:52Z,2026-08-23T21:28:52+0200,4d5ff379-624b-468c-8e0f-14ae085ed6a5,2026-07-29T01:30:00Z,2026-07-29T03:30:00+0200,139.85001,MW,FR,FR,forecast_offshore_wind_generation,Wind Offshore,2026-08-23T19:31:05Z
2026-08-23T19:28:52Z,2026-08-23T21:28:52+0200,4d5ff379-624b-468c-8e0f-14ae085ed6a5,2026-07-29T01:45:00Z,2026-07-29T03:45:00+0200,148.89999,MW,FR,FR,forecast_offshore_wind_generation,Wind Offshore,2026-08-23T19:31:05Z
2026-08-23T19:28:52Z,2026-08-23T21:28:52+0200,4d5ff379-624b-468c-8e0f-14ae085ed6a5,2026-07-29T02:00:00Z,2026-07-29T04:00:00+0200,157.94,MW,FR,FR,forecast_offshore_wind_generation,Wind Offshore,2026-08-23T19:31:05Z
2026-08-23T19:28:52Z,2026-08-23T21:28:52+0200,4d5ff379-624b-468c-8e0f-14ae085ed6a5,2026-07-29T02:15:00Z,2026-07-29T04:15:00+0200,150.64999,MW,FR,FR,forecast_offshore_wind_generation,Wind Offshore,2026-08-23T19:31:05Z
2026-08-23T19:28:52Z,2026-08-23T21:28:52+0200,4d5ff379-624b-468c-8e0f-14ae085ed6a5,2026-07-29T02:30:00Z,2026-07-29T04:30:00+0200,143.33,MW,FR,FR,forecast_offshore_wind_generation,Wind Offshore,2026-08-23T19:31:05Z
2026-08-23T19:28:52Z,2026-08-23T21:28:52+0200,4d5ff379-624b-468c-8e0f-14ae085ed6a5,2026-07-29T02:45:00Z,2026-07-29T04:45:00+0200,136.03,MW,FR,FR,forecast_offshore_wind_generation,Wind Offshore,2026-08-23T19:31:05Z
2026-08-23T19:28:52Z,2026-08-23T21:28:52+0200,4d5ff379-624b-468c-8e0f-14ae085ed6a5,2026-07-29T03:00:00Z,2026-07-29T05:00:00+0200,128.71001,MW,FR,FR,forecast_offshore_wind_generation,Wind Offshore,2026-08-23T19:31:05Z
2026-08-23T19:28:52Z,2026-08-23T21:28:52+0200,4d5ff379-624b-468c-8e0f-14ae085ed6a5,2026-07-29T03:15:00Z,2026-07-29T05:15:00+0200,125.99,MW,FR,FR,forecast_offshore_wind_generation,Wind Offshore,2026-08-23T19:31:05Z
2026-08-23T19:28:52Z,2026-08-23T21:28:52+0200,4d5ff379-624b-468c-8e0f-14ae085ed6a5,2026-07-29T03:30:00Z,2026-07-29T05:30:00+0200,123.25999,MW,FR,FR,forecast_offshore_wind_generation,Wind Offshore,2026-08-23T19:31:05Z
2026-08-23T19:28:52Z,2026-08-23T21:28:52+0200,4d5ff379-624b-468c-8e0f-14ae085ed6a5,2026-07-29T03:45:00Z,2026-07-29T05:45:00+0200,120.53,MW,FR,FR,forecast_offshore_wind_generation,Wind Offshore,2026-08-23T19:31:05Z
2026-08-23T19:28:52Z,2026-08-23T21:28:52+0200,4d5ff379-624b-468c-8e0f-14ae085ed6a5,2026-07-29T04:00:00Z,2026-07-29T06:00:00+0200,117.8,MW,FR,FR,forecast_offshore_wind_generation,Wind Offshore,2026-08-23T19:31:05Z
2026-08-23T19:28:52Z,2026-08-23T21:28:52+0200,4d5ff379-624b-468c-8e0f-14ae085ed6a5,2026-07-29T04:15:00Z,2026-07-29T06:15:00+0200,114.32,MW,FR,FR,forecast_offshore_wind_generation,Wind Offshore,2026-08-23T19:31:05Z
2026-08-23T19:28:52Z,2026-08-23T21:28:52+0200,4d5ff379-624b-468c-8e0f-14ae085ed6a5,2026-07-29T04:30:00Z,2026-07-29T06:30:00+0200,110.84,MW,FR,FR,forecast_offshore_wind_generation,Wind Offshore,2026-08-23T19:31:05Z
2026-08-23T19:28:52Z,2026-08-23T21:28:52+0200,4d5ff379-624b-468c-8e0f-14ae085ed6a5,2026-07-29T04:45:00Z,2026-07-29T06:45:00+0200,107.34,MW,FR,FR,forecast_offshore_wind_generation,Wind Offshore,2026-08-23T19:31:05Z
2026-08-23T19:28:52Z,2026-08-23T21:28:52+0200,4d5ff379-624b-468c-8e0f-14ae085ed6a5,2026-07-29T05:00:00Z,2026-07-29T07:00:00+0200,103.85001,MW,FR,FR,forecast_offshore_wind_generation,Wind Offshore,2026-08-23T19:31:05Z
2026-08-23T19:28:52Z,2026-08-23T21:28:52+0200,4d5ff379-624b-468c-8e0f-14ae085ed6a5,2026-07-29T05:15:00Z,2026-07-29T07:15:00+0200,102.6,MW,FR,FR,forecast_offshore_wind_generation,Wind Offshore,2026-08-23T19:31:05Z
2026-08-23T19:28:52Z,2026-08-23T21:28:52+0200,4d5ff379-624b-468c-8e0f-14ae085ed6a5,2026-07-29T05:30:00Z,2026-07-29T07:30:00+0200,101.33,MW,FR,FR,forecast_offshore_wind_generation,Wind Offshore,2026-08-23T19:31:05Z
2026-08-23T19:28:52Z,2026-08-23T21:28:52+0200,4d5ff379-624b-468c-8e0f-14ae085ed6a5,2026-07-29T05:45:00Z,2026-07-29T07:45:00+0200,100.05,MW,FR,FR,forecast_offshore_wind_generation,Wind Offshore,2026-08-23T19:31:05Z
2026-08-23T19:28:52Z,2026-08-23T21:28:52+0200,4d5ff379-624b-468c-8e0f-14ae085ed6a5,2026-07-29T06:00:00Z,2026-07-29T08:00:00+0200,98.8,MW,FR,FR,forecast_offshore_wind_generation,Wind Offshore,2026-08-23T19:31:05Z
2026-08-23T19:28:52Z,2026-08-23T21:28:52+0200,4d5ff379-624b-468c-8e0f-14ae085ed6a5,2026-07-29T06:15:00Z,2026-07-29T08:15:00+0200,95.06999,MW,FR,FR,forecast_offshore_wind_generation,Wind Offshore,2026-08-23T19:31:05Z
2026-08-23T19:28:52Z,2026-08-23T21:28:52+0200,4d5ff379-624b-468c-8e0f-14ae085ed6a5,2026-07-29T06:30:00Z,2026-07-29T08:30:00+0200,91.36,MW,FR,FR,forecast_offshore_wind_generation,Wind Offshore,2026-08-23T19:31:05Z
2026-08-23T19:28:52Z,2026-08-23T21:28:52+0200,4d5ff379-624b-468c-8e0f-14ae085ed6a5,2026-07-29T06:45:00Z,2026-07-29T08:45:00+0200,87.64,MW,FR,FR,forecast_offshore_wind_generation,Wind Offshore,2026-08-23T19:31:05Z
2026-08-23T19:28:52Z,2026-08-23T21:28:52+0200,4d5ff379-624b-468c-8e0f-14ae085ed6a5,2026-07-29T07:00:00Z,2026-07-29T09:00:00+0200,83.93,MW,FR,FR,forecast_offshore_wind_generation,Wind Offshore,2026-08-23T19:31:05Z
2026-08-23T19:28:52Z,2026-08-23T21:28:52+0200,4d5ff379-624b-468c-8e0f-14ae085ed6a5,2026-07-29T07:15:00Z,2026-07-29T09:15:00+0200,80.69,MW,FR,FR,forecast_offshore_wind_generation,Wind Offshore,2026-08-23T19:31:05Z
2026-08-23T19:28:52Z,2026-08-23T21:28:52+0200,4d5ff379-624b-468c-8e0f-14ae085ed6a5,2026-07-29T07:30:00Z,2026-07-29T09:30:00+0200,77.45,MW,FR,FR,forecast_offshore_wind_generation,Wind Offshore,2026-08-23T19:31:05Z
2026-08-23T19:28:52Z,2026-08-23T21:28:52+0200,4d5ff379-624b-468c-8e0f-14ae085ed6a5,2026-07-29T07:45:00Z,2026-07-29T09:45:00+0200,74.21,MW,FR,FR,forecast_offshore_wind_generation,Wind Offshore,2026-08-23T19:31:05Z
2026-08-23T19:28:52Z,2026-08-23T21:28:52+0200,4d5ff379-624b-468c-8e0f-14ae085ed6a5,2026-07-29T08:00:00Z,2026-07-29T10:00:00+0200,70.97,MW,FR,FR,forecast_offshore_wind_generation,Wind Offshore,2026-08-23T19:31:05Z
2026-08-23T19:28:52Z,2026-08-23T21:28:52+0200,4d5ff379-624b-468c-8e0f-14ae085ed6a5,2026-07-29T08:15:00Z,2026-07-29T10:15:00+0200,68.75001,MW,FR,FR,forecast_offshore_wind_generation,Wind Offshore,2026-08-23T19:31:05Z
2026-08-23T19:28:52Z,2026-08-23T21:28:52+0200,4d5ff379-624b-468c-8e0f-14ae085ed6a5,2026-07-29T08:30:00Z,2026-07-29T10:30:00+0200,66.56,MW,FR,FR,forecast_offshore_wind_generation,Wind Offshore,2026-08-23T19:31:05Z
2026-08-23T19:28:52Z,2026-08-23T21:28:52+0200,4d5ff379-624b-468c-8e0f-14ae085ed6a5,2026-07-29T08:45:00Z,2026-07-29T10:45:00+0200,64.36,MW,FR,FR,forecast_offshore_wind_generation,Wind Offshore,2026-08-23T19:31:05Z
2026-08-23T19:28:52Z,2026-08-23T21:28:52+0200,4d5ff379-624b-468c-8e0f-14ae085ed6a5,2026-07-29T09:00:00Z,2026-07-29T11:00:00+0200,62.16,MW,FR,FR,forecast_offshore_wind_generation,Wind Offshore,2026-08-23T19:31:05Z
2026-08-23T19:28:52Z,2026-08-23T21:28:52+0200,4d5ff379-624b-468c-8e0f-14ae085ed6a5,2026-07-29T09:15:00Z,2026-07-29T11:15:00+0200,64.84,MW,FR,FR,forecast_offshore_wind_generation,Wind Offshore,2026-08-23T19:31:05Z
2026-08-23T19:28:52Z,2026-08-23T21:28:52+0200,4d5ff379-624b-468c-8e0f-14ae085ed6a5,2026-07-29T09:30:00Z,2026-07-29T11:30:00+0200,67.5,MW,FR,FR,forecast_offshore_wind_generation,Wind Offshore,2026-08-23T19:31:05Z
2026-08-23T19:28:52Z,2026-08-23T21:28:52+0200,4d5ff379-624b-468c-8e0f-14ae085ed6a5,2026-07-29T09:45:00Z,2026-07-29T11:45:00+0200,70.17,MW,FR,FR,forecast_offshore_wind_generation,Wind Offshore,2026-08-23T19:31:05Z
2026-08-23T19:28:52Z,2026-08-23T21:28:52+0200,4d5ff379-624b-468c-8e0f-14ae085ed6a5,2026-07-29T10:00:00Z,2026-07-29T12:00:00+0200,72.84,MW,FR,FR,forecast_offshore_wind_generation,Wind Offshore,2026-08-23T19:31:05Z
2026-08-23T19:28:52Z,2026-08-23T21:28:52+0200,4d5ff379-624b-468c-8e0f-14ae085ed6a5,2026-07-29T10:15:00Z,2026-07-29T12:15:00+0200,80.57001,MW,FR,FR,forecast_offshore_wind_generation,Wind Offshore,2026-08-23T19:31:05Z
2026-08-23T19:28:52Z,2026-08-23T21:28:52+0200,4d5ff379-624b-468c-8e0f-14ae085ed6a5,2026-07-29T10:30:00Z,2026-07-29T12:30:00+0200,88.3,MW,FR,FR,forecast_offshore_wind_generation,Wind Offshore,2026-08-23T19:31:05Z
2026-08-23T19:28:52Z,2026-08-23T21:28:52+0200,4d5ff379-624b-468c-8e0f-14ae085ed6a5,2026-07-29T10:45:00Z,2026-07-29T12:45:00+0200,96.05,MW,FR,FR,forecast_offshore_wind_generation,Wind Offshore,2026-08-23T19:31:05Z
2026-08-23T19:28:52Z,2026-08-23T21:28:52+0200,4d5ff379-624b-468c-8e0f-14ae085ed6a5,2026-07-29T11:00:00Z,2026-07-29T13:00:00+0200,103.81,MW,FR,FR,forecast_offshore_wind_generation,Wind Offshore,2026-08-23T19:31:05Z
2026-08-23T19:28:52Z,2026-08-23T21:28:52+0200,4d5ff379-624b-468c-8e0f-14ae085ed6a5,2026-07-29T11:15:00Z,2026-07-29T13:15:00+0200,117.06,MW,FR,FR,forecast_offshore_wind_generation,Wind Offshore,2026-08-23T19:31:05Z
2026-08-23T19:28:52Z,2026-08-23T21:28:52+0200,4d5ff379-624b-468c-8e0f-14ae085ed6a5,2026-07-29T11:30:00Z,2026-07-29T13:30:00+0200,130.31999,MW,FR,FR,forecast_offshore_wind_generation,Wind Offshore,2026-08-23T19:31:05Z
2026-08-23T19:28:52Z,2026-08-23T21:28:52+0200,4d5ff379-624b-468c-8e0f-14ae085ed6a5,2026-07-29T11:45:00Z,2026-07-29T13:45:00+0200,143.57002,MW,FR,FR,forecast_offshore_wind_generation,Wind Offshore,2026-08-23T19:31:05Z
2026-08-23T19:28:52Z,2026-08-23T21:28:52+0200,4d5ff379-624b-468c-8e0f-14ae085ed6a5,2026-07-29T12:00:00Z,2026-07-29T14:00:00+0200,156.81,MW,FR,FR,forecast_offshore_wind_generation,Wind Offshore,2026-08-23T19:31:05Z
2026-08-23T19:28:52Z,2026-08-23T21:28:52+0200,4d5ff379-624b-468c-8e0f-14ae085ed6a5,2026-07-29T12:15:00Z,2026-07-29T14:15:00+0200,176.63998,MW,FR,FR,forecast_offshore_wind_generation,Wind Offshore,2026-08-23T19:31:05Z
2026-08-23T19:28:52Z,2026-08-23T21:28:52+0200,4d5ff379-624b-468c-8e0f-14ae085ed6a5,2026-07-29T12:30:00Z,2026-07-29T14:30:00+0200,196.45001,MW,FR,FR,forecast_offshore_wind_generation,Wind Offshore,2026-08-23T19:31:05Z
2026-08-23T19:28:52Z,2026-08-23T21:28:52+0200,4d5ff379-624b-468c-8e0f-14ae085ed6a5,2026-07-29T12:45:00Z,2026-07-29T14:45:00+0200,216.26001,MW,FR,FR,forecast_offshore_wind_generation,Wind Offshore,2026-08-23T19:31:05Z
2026-08-23T19:28:52Z,2026-08-23T21:28:52+0200,4d5ff379-624b-468c-8e0f-14ae085ed6a5,2026-07-29T13:00:00Z,2026-07-29T15:00:00+0200,236.07001,MW,FR,FR,forecast_offshore_wind_generation,Wind Offshore,2026-08-23T19:31:05Z
2026-08-23T19:28:52Z,2026-08-23T21:28:52+0200,4d5ff379-624b-468c-8e0f-14ae085ed6a5,2026-07-29T13:15:00Z,2026-07-29T15:15:00+0200,247.87001,MW,FR,FR,forecast_offshore_wind_generation,Wind Offshore,2026-08-23T19:31:05Z
2026-08-23T19:28:52Z,2026-08-23T21:28:52+0200,4d5ff379-624b-468c-8e0f-14ae085ed6a5,2026-07-29T13:30:00Z,2026-07-29T15:30:00+0200,259.66998,MW,FR,FR,forecast_offshore_wind_generation,Wind Offshore,2026-08-23T19:31:05Z
2026-08-23T19:28:52Z,2026-08-23T21:28:52+0200,4d5ff379-624b-468c-8e0f-14ae085ed6a5,2026-07-29T13:45:00Z,2026-07-29T15:45:00+0200,271.46002,MW,FR,FR,forecast_offshore_wind_generation,Wind Offshore,2026-08-23T19:31:05Z
2026-08-23T19:28:52Z,2026-08-23T21:28:52+0200,4d5ff379-624b-468c-8e0f-14ae085ed6a5,2026-07-29T14:00:00Z,2026-07-29T16:00:00+0200,283.25,MW,FR,FR,forecast_offshore_wind_generation,Wind Offshore,2026-08-23T19:31:05Z
2026-08-23T19:28:52Z,2026-08-23T21:28:52+0200,4d5ff379-624b-468c-8e0f-14ae085ed6a5,2026-07-29T14:15:00Z,2026-07-29T16:15:00+0200,282.02002,MW,FR,FR,forecast_offshore_wind_generation,Wind Offshore,2026-08-23T19:31:05Z
2026-08-23T19:28:52Z,2026-08-23T21:28:52+0200,4d5ff379-624b-468c-8e0f-14ae085ed6a5,2026-07-29T14:30:00Z,2026-07-29T16:30:00+0200,280.78998,MW,FR,FR,forecast_offshore_wind_generation,Wind Offshore,2026-08-23T19:31:05Z
2026-08-23T19:28:52Z,2026-08-23T21:28:52+0200,4d5ff379-624b-468c-8e0f-14ae085ed6a5,2026-07-29T14:45:00Z,2026-07-29T16:45:00+0200,279.56,MW,FR,FR,forecast_offshore_wind_generation,Wind Offshore,2026-08-23T19:31:05Z
2026-08-23T19:28:52Z,2026-08-23T21:28:52+0200,4d5ff379-624b-468c-8e0f-14ae085ed6a5,2026-07-29T15:00:00Z,2026-07-29T17:00:00+0200,278.33002,MW,FR,FR,forecast_offshore_wind_generation,Wind Offshore,2026-08-23T19:31:05Z
2026-08-23T19:28:52Z,2026-08-23T21:28:52+0200,4d5ff379-624b-468c-8e0f-14ae085ed6a5,2026-07-29T15:15:00Z,2026-07-29T17:15:00+0200,284.5,MW,FR,FR,forecast_offshore_wind_generation,Wind Offshore,2026-08-23T19:31:05Z
2026-08-23T19:28:52Z,2026-08-23T21:28:52+0200,4d5ff379-624b-468c-8e0f-14ae085ed6a5,2026-07-29T15:30:00Z,2026-07-29T17:30:00+0200,290.67001,MW,FR,FR,forecast_offshore_wind_generation,Wind Offshore,2026-08-23T19:31:05Z
2026-08-23T19:28:52Z,2026-08-23T21:28:52+0200,4d5ff379-624b-468c-8e0f-14ae085ed6a5,2026-07-29T15:45:00Z,2026-07-29T17:45:00+0200,296.84003,MW,FR,FR,forecast_offshore_wind_generation,Wind Offshore,2026-08-23T19:31:05Z
2026-08-23T19:28:52Z,2026-08-23T21:28:52+0200,4d5ff379-624b-468c-8e0f-14ae085ed6a5,2026-07-29T16:00:00Z,2026-07-29T18:00:00+0200,303.0,MW,FR,FR,forecast_offshore_wind_generation,Wind Offshore,2026-08-23T19:31:05Z
2026-08-23T19:28:52Z,2026-08-23T21:28:52+0200,4d5ff379-624b-468c-8e0f-14ae085ed6a5,2026-07-29T16:15:00Z,2026-07-29T18:15:00+0200,306.35999,MW,FR,FR,forecast_offshore_wind_generation,Wind Offshore,2026-08-23T19:31:05Z
2026-08-23T19:28:52Z,2026-08-23T21:28:52+0200,4d5ff379-624b-468c-8e0f-14ae085ed6a5,2026-07-29T16:30:00Z,2026-07-29T18:30:00+0200,309.72998,MW,FR,FR,forecast_offshore_wind_generation,Wind Offshore,2026-08-23T19:31:05Z
2026-08-23T19:28:52Z,2026-08-23T21:28:52+0200,4d5ff379-624b-468c-8e0f-14ae085ed6a5,2026-07-29T16:45:00Z,2026-07-29T18:45:00+0200,313.10999,MW,FR,FR,forecast_offshore_wind_generation,Wind Offshore,2026-08-23T19:31:05Z
2026-08-23T19:28:52Z,2026-08-23T21:28:52+0200,4d5ff379-624b-468c-8e0f-14ae085ed6a5,2026-07-29T17:00:00Z,2026-07-29T19:00:00+0200,316.47998,MW,FR,FR,forecast_offshore_wind_generation,Wind Offshore,2026-08-23T19:31:05Z
2026-08-23T19:28:52Z,2026-08-23T21:28:52+0200,4d5ff379-624b-468c-8e0f-14ae085ed6a5,2026-07-29T17:15:00Z,2026-07-29T19:15:00+0200,308.42001,MW,FR,FR,forecast_offshore_wind_generation,Wind Offshore,2026-08-23T19:31:05Z
2026-08-23T19:28:52Z,2026-08-23T21:28:52+0200,4d5ff379-624b-468c-8e0f-14ae085ed6a5,2026-07-29T17:30:00Z,2026-07-29T19:30:00+0200,300.37,MW,FR,FR,forecast_offshore_wind_generation,Wind Offshore,2026-08-23T19:31:05Z
2026-08-23T19:28:52Z,2026-08-23T21:28:52+0200,4d5ff379-624b-468c-8e0f-14ae085ed6a5,2026-07-29T17:45:00Z,2026-07-29T19:45:00+0200,292.32999,MW,FR,FR,forecast_offshore_wind_generation,Wind Offshore,2026-08-23T19:31:05Z
2026-08-23T19:28:52Z,2026-08-23T21:28:52+0200,4d5ff379-624b-468c-8e0f-14ae085ed6a5,2026-07-29T18:00:00Z,2026-07-29T20:00:00+0200,284.27002,MW,FR,FR,forecast_offshore_wind_generation,Wind Offshore,2026-08-23T19:31:05Z
2026-08-23T19:28:52Z,2026-08-23T21:28:52+0200,4d5ff379-624b-468c-8e0f-14ae085ed6a5,2026-07-29T18:15:00Z,2026-07-29T20:15:00+0200,279.70001,MW,FR,FR,forecast_offshore_wind_generation,Wind Offshore,2026-08-23T19:31:05Z
2026-08-23T19:28:52Z,2026-08-23T21:28:52+0200,4d5ff379-624b-468c-8e0f-14ae085ed6a5,2026-07-29T18:30:00Z,2026-07-29T20:30:00+0200,275.13,MW,FR,FR,forecast_offshore_wind_generation,Wind Offshore,2026-08-23T19:31:05Z
2026-08-23T19:28:52Z,2026-08-23T21:28:52+0200,4d5ff379-624b-468c-8e0f-14ae085ed6a5,2026-07-29T18:45:00Z,2026-07-29T20:45:00+0200,270.54001,MW,FR,FR,forecast_offshore_wind_generation,Wind Offshore,2026-08-23T19:31:05Z
2026-08-23T19:28:52Z,2026-08-23T21:28:52+0200,4d5ff379-624b-468c-8e0f-14ae085ed6a5,2026-07-29T19:00:00Z,2026-07-29T21:00:00+0200,265.97,MW,FR,FR,forecast_offshore_wind_generation,Wind Offshore,2026-08-23T19:31:05Z
2026-08-23T19:28:52Z,2026-08-23T21:28:52+0200,4d5ff379-624b-468c-8e0f-14ae085ed6a5,2026-07-29T19:15:00Z,2026-07-29T21:15:00+0200,268.56,MW,FR,FR,forecast_offshore_wind_generation,Wind Offshore,2026-08-23T19:31:05Z
2026-08-23T19:28:52Z,2026-08-23T21:28:52+0200,4d5ff379-624b-468c-8e0f-14ae085ed6a5,2026-07-29T19:30:00Z,2026-07-29T21:30:00+0200,271.14999,MW,FR,FR,forecast_offshore_wind_generation,Wind Offshore,2026-08-23T19:31:05Z
2026-08-23T19:28:52Z,2026-08-23T21:28:52+0200,4d5ff379-624b-468c-8e0f-14ae085ed6a5,2026-07-29T19:45:00Z,2026-07-29T21:45:00+0200,273.73999,MW,FR,FR,forecast_offshore_wind_generation,Wind Offshore,2026-08-23T19:31:05Z
2026-08-23T19:28:52Z,2026-08-23T21:28:52+0200,4d5ff379-624b-468c-8e0f-14ae085ed6a5,2026-07-29T20:00:00Z,2026-07-29T22:00:00+0200,276.33002,MW,FR,FR,forecast_offshore_wind_generation,Wind Offshore,2026-08-23T19:31:05Z
2026-08-23T19:28:52Z,2026-08-23T21:28:52+0200,4d5ff379-624b-468c-8e0f-14ae085ed6a5,2026-07-29T20:15:00Z,2026-07-29T22:15:00+0200,286.64001,MW,FR,FR,forecast_offshore_wind_generation,Wind Offshore,2026-08-23T19:31:05Z
2026-08-23T19:28:52Z,2026-08-23T21:28:52+0200,4d5ff379-624b-468c-8e0f-14ae085ed6a5,2026-07-29T20:30:00Z,2026-07-29T22:30:00+0200,296.97,MW,FR,FR,forecast_offshore_wind_generation,Wind Offshore,2026-08-23T19:31:05Z
2026-08-23T19:28:52Z,2026-08-23T21:28:52+0200,4d5ff379-624b-468c-8e0f-14ae085ed6a5,2026-07-29T20:45:00Z,2026-07-29T22:45:00+0200,307.28003,MW,FR,FR,forecast_offshore_wind_generation,Wind Offshore,2026-08-23T19:31:05Z
2026-08-23T19:28:52Z,2026-08-23T21:28:52+0200,4d5ff379-624b-468c-8e0f-14ae085ed6a5,2026-07-29T21:00:00Z,2026-07-29T23:00:00+0200,317.60001,MW,FR,FR,forecast_offshore_wind_generation,Wind Offshore,2026-08-23T19:31:05Z
2026-08-23T19:28:52Z,2026-08-23T21:28:52+0200,4d5ff379-624b-468c-8e0f-14ae085ed6a5,2026-07-29T21:15:00Z,2026-07-29T23:15:00+0200,314.84003,MW,FR,FR,forecast_offshore_wind_generation,Wind Offshore,2026-08-23T19:31:05Z
2026-08-23T19:28:52Z,2026-08-23T21:28:52+0200,4d5ff379-624b-468c-8e0f-14ae085ed6a5,2026-07-29T21:30:00Z,2026-07-29T23:30:00+0200,312.09,MW,FR,FR,forecast_offshore_wind_generation,Wind Offshore,2026-08-23T19:31:05Z
2026-08-23T19:28:52Z,2026-08-23T21:28:52+0200,4d5ff379-624b-468c-8e0f-14ae085ed6a5,2026-07-29T21:45:00Z,2026-07-29T23:45:00+0200,309.35999,MW,FR,FR,forecast_offshore_wind_generation,Wind Offshore,2026-08-23T19:31:05Z
2026-08-23T19:28:52Z,2026-08-23T21:28:52+0200,4d5ff379-624b-468c-8e0f-14ae085ed6a5,2026-07-29T22:00:00Z,2026-07-30T00:00:00+0200,284.59,MW,FR,FR,forecast_offshore_wind_generation,Wind Offshore,2026-08-23T19:31:05Z
2026-08-23T19:28:52Z,2026-08-23T21:28:52+0200,4d5ff379-624b-468c-8e0f-14ae085ed6a5,2026-07-29T22:15:00Z,2026-07-30T00:15:00+0200,296.15997,MW,FR,FR,forecast_offshore_wind_generation,Wind Offshore,2026-08-23T19:31:05Z
2026-08-23T19:28:52Z,2026-08-23T21:28:52+0200,4d5ff379-624b-468c-8e0f-14ae085ed6a5,2026-07-29T22:30:00Z,2026-07-30T00:30:00+0200,307.73999,MW,FR,FR,forecast_offshore_wind_generation,Wind Offshore,2026-08-23T19:31:05Z
2026-08-23T19:28:52Z,2026-08-23T21:28:52+0200,4d5ff379-624b-468c-8e0f-14ae085ed6a5,2026-07-29T22:45:00Z,2026-07-30T00:45:00+0200,319.26001,MW,FR,FR,forecast_offshore_wind_generation,Wind Offshore,2026-08-23T19:31:05Z
2026-08-23T19:28:52Z,2026-08-23T21:28:52+0200,4d5ff379-624b-468c-8e0f-14ae085ed6a5,2026-07-29T23:00:00Z,2026-07-30T01:00:00+0200,330.75998,MW,FR,FR,forecast_offshore_wind_generation,Wind Offshore,2026-08-23T19:31:05Z
2026-08-23T19:28:52Z,2026-08-23T21:28:52+0200,4d5ff379-624b-468c-8e0f-14ae085ed6a5,2026-07-29T23:15:00Z,2026-07-30T01:15:00+0200,332.63998,MW,FR,FR,forecast_offshore_wind_generation,Wind Offshore,2026-08-23T19:31:05Z
2026-08-23T19:28:52Z,2026-08-23T21:28:52+0200,4d5ff379-624b-468c-8e0f-14ae085ed6a5,2026-07-29T23:30:00Z,2026-07-30T01:30:00+0200,334.48999,MW,FR,FR,forecast_offshore_wind_generation,Wind Offshore,2026-08-23T19:31:05Z
2026-08-23T19:28:52Z,2026-08-23T21:28:52+0200,4d5ff379-624b-468c-8e0f-14ae085ed6a5,2026-07-29T23:45:00Z,2026-07-30T01:45:00+0200,336.34,MW,FR,FR,forecast_offshore_wind_generation,Wind Offshore,2026-08-23T19:31:05Z
2026-08-23T19:28:52Z,2026-08-23T21:28:52+0200,4d5ff379-624b-468c-8e0f-14ae085ed6a5,2026-07-30T00:00:00Z,2026-07-30T02:00:00+0200,338.19,MW,FR,FR,forecast_offshore_wind_generation,Wind Offshore,2026-08-23T19:31:05Z
2026-08-23T19:28:52Z,2026-08-23T21:28:52+0200,4d5ff379-624b-468c-8e0f-14ae085ed6a5,2026-07-30T00:15:00Z,2026-07-30T02:15:00+0200,330.72998,MW,FR,FR,forecast_offshore_wind_generation,Wind Offshore,2026-08-23T19:31:05Z
2026-08-23T19:28:52Z,2026-08-23T21:28:52+0200,4d5ff379-624b-468c-8e0f-14ae085ed6a5,2026-07-30T00:30:00Z,2026-07-30T02:30:00+0200,323.26999,MW,FR,FR,forecast_offshore_wind_generation,Wind Offshore,2026-08-23T19:31:05Z
2026-08-23T19:28:52Z,2026-08-23T21:28:52+0200,4d5ff379-624b-468c-8e0f-14ae085ed6a5,2026-07-30T00:45:00Z,2026-07-30T02:45:00+0200,315.82001,MW,FR,FR,forecast_offshore_wind_generation,Wind Offshore,2026-08-23T19:31:05Z
2026-08-23T19:28:52Z,2026-08-23T21:28:52+0200,4d5ff379-624b-468c-8e0f-14ae085ed6a5,2026-07-30T01:00:00Z,2026-07-30T03:00:00+0200,308.38,MW,FR,FR,forecast_offshore_wind_generation,Wind Offshore,2026-08-23T19:31:05Z
2026-08-23T19:28:52Z,2026-08-23T21:28:52+0200,4d5ff379-624b-468c-8e0f-14ae085ed6a5,2026-07-30T01:15:00Z,2026-07-30T03:15:00+0200,311.91,MW,FR,FR,forecast_offshore_wind_generation,Wind Offshore,2026-08-23T19:31:05Z
2026-08-23T19:28:52Z,2026-08-23T21:28:52+0200,4d5ff379-624b-468c-8e0f-14ae085ed6a5,2026-07-30T01:30:00Z,2026-07-30T03:30:00+0200,315.45001,MW,FR,FR,forecast_offshore_wind_generation,Wind Offshore,2026-08-23T19:31:05Z
2026-08-23T19:28:52Z,2026-08-23T21:28:52+0200,4d5ff379-624b-468c-8e0f-14ae085ed6a5,2026-07-30T01:45:00Z,2026-07-30T03:45:00+0200,318.98001,MW,FR,FR,forecast_offshore_wind_generation,Wind Offshore,2026-08-23T19:31:05Z
2026-08-23T19:28:52Z,2026-08-23T21:28:52+0200,4d5ff379-624b-468c-8e0f-14ae085ed6a5,2026-07-30T02:00:00Z,2026-07-30T04:00:00+0200,322.53,MW,FR,FR,forecast_offshore_wind_generation,Wind Offshore,2026-08-23T19:31:05Z
2026-08-23T19:28:52Z,2026-08-23T21:28:52+0200,4d5ff379-624b-468c-8e0f-14ae085ed6a5,2026-07-30T02:15:00Z,2026-07-30T04:15:00+0200,300.38998,MW,FR,FR,forecast_offshore_wind_generation,Wind Offshore,2026-08-23T19:31:05Z
2026-08-23T19:28:52Z,2026-08-23T21:28:52+0200,4d5ff379-624b-468c-8e0f-14ae085ed6a5,2026-07-30T02:30:00Z,2026-07-30T04:30:00+0200,278.26999,MW,FR,FR,forecast_offshore_wind_generation,Wind Offshore,2026-08-23T19:31:05Z
2026-08-23T19:28:52Z,2026-08-23T21:28:52+0200,4d5ff379-624b-468c-8e0f-14ae085ed6a5,2026-07-30T02:45:00Z,2026-07-30T04:45:00+0200,256.14999,MW,FR,FR,forecast_offshore_wind_generation,Wind Offshore,2026-08-23T19:31:05Z
2026-08-23T19:28:52Z,2026-08-23T21:28:52+0200,4d5ff379-624b-468c-8e0f-14ae085ed6a5,2026-07-30T03:00:00Z,2026-07-30T05:00:00+0200,234.02,MW,FR,FR,forecast_offshore_wind_generation,Wind Offshore,2026-08-23T19:31:05Z
2026-08-23T19:28:52Z,2026-08-23T21:28:52+0200,4d5ff379-624b-468c-8e0f-14ae085ed6a5,2026-07-30T03:15:00Z,2026-07-30T05:15:00+0200,233.48001,MW,FR,FR,forecast_offshore_wind_generation,Wind Offshore,2026-08-23T19:31:05Z
2026-08-23T19:28:52Z,2026-08-23T21:28:52+0200,4d5ff379-624b-468c-8e0f-14ae085ed6a5,2026-07-30T03:30:00Z,2026-07-30T05:30:00+0200,232.92,MW,FR,FR,forecast_offshore_wind_generation,Wind Offshore,2026-08-23T19:31:05Z
2026-08-23T19:28:52Z,2026-08-23T21:28:52+0200,4d5ff379-624b-468c-8e0f-14ae085ed6a5,2026-07-30T03:45:00Z,2026-07-30T05:45:00+0200,232.34,MW,FR,FR,forecast_offshore_wind_generation,Wind Offshore,2026-08-23T19:31:05Z
2026-08-23T19:28:52Z,2026-08-23T21:28:52+0200,4d5ff379-624b-468c-8e0f-14ae085ed6a5,2026-07-30T04:00:00Z,2026-07-30T06:00:00+0200,231.8,MW,FR,FR,forecast_offshore_wind_generation,Wind Offshore,2026-08-23T19:31:05Z
2026-08-23T19:28:52Z,2026-08-23T21:28:52+0200,4d5ff379-624b-468c-8e0f-14ae085ed6a5,2026-07-30T04:15:00Z,2026-07-30T06:15:00+0200,211.53,MW,FR,FR,forecast_offshore_wind_generation,Wind Offshore,2026-08-23T19:31:05Z
2026-08-23T19:28:52Z,2026-08-23T21:28:52+0200,4d5ff379-624b-468c-8e0f-14ae085ed6a5,2026-07-30T04:30:00Z,2026-07-30T06:30:00+0200,191.28,MW,FR,FR,forecast_offshore_wind_generation,Wind Offshore,2026-08-23T19:31:05Z
2026-08-23T19:28:52Z,2026-08-23T21:28:52+0200,4d5ff379-624b-468c-8e0f-14ae085ed6a5,2026-07-30T04:45:00Z,2026-07-30T06:45:00+0200,171.01001,MW,FR,FR,forecast_offshore_wind_generation,Wind Offshore,2026-08-23T19:31:05Z
2026-08-23T19:28:52Z,2026-08-23T21:28:52+0200,4d5ff379-624b-468c-8e0f-14ae085ed6a5,2026-07-30T05:00:00Z,2026-07-30T07:00:00+0200,150.73,MW,FR,FR,forecast_offshore_wind_generation,Wind Offshore,2026-08-23T19:31:05Z
2026-08-23T19:28:52Z,2026-08-23T21:28:52+0200,4d5ff379-624b-468c-8e0f-14ae085ed6a5,2026-07-30T05:15:00Z,2026-07-30T07:15:00+0200,154.54001,MW,FR,FR,forecast_offshore_wind_generation,Wind Offshore,2026-08-23T19:31:05Z
2026-08-23T19:28:52Z,2026-08-23T21:28:52+0200,4d5ff379-624b-468c-8e0f-14ae085ed6a5,2026-07-30T05:30:00Z,2026-07-30T07:30:00+0200,158.33,MW,FR,FR,forecast_offshore_wind_generation,Wind Offshore,2026-08-23T19:31:05Z
2026-08-23T19:28:52Z,2026-08-23T21:28:52+0200,4d5ff379-624b-468c-8e0f-14ae085ed6a5,2026-07-30T05:45:00Z,2026-07-30T07:45:00+0200,162.12,MW,FR,FR,forecast_offshore_wind_generation,Wind Offshore,2026-08-23T19:31:05Z
2026-08-23T19:28:52Z,2026-08-23T21:28:52+0200,4d5ff379-624b-468c-8e0f-14ae085ed6a5,2026-07-30T06:00:00Z,2026-07-30T08:00:00+0200,165.89,MW,FR,FR,forecast_offshore_wind_generation,Wind Offshore,2026-08-23T19:31:05Z
2026-08-23T19:28:52Z,2026-08-23T21:28:52+0200,4d5ff379-624b-468c-8e0f-14ae085ed6a5,2026-07-30T06:15:00Z,2026-07-30T08:15:00+0200,165.8,MW,FR,FR,forecast_offshore_wind_generation,Wind Offshore,2026-08-23T19:31:05Z
2026-08-23T19:28:52Z,2026-08-23T21:28:52+0200,4d5ff379-624b-468c-8e0f-14ae085ed6a5,2026-07-30T06:30:00Z,2026-07-30T08:30:00+0200,165.7,MW,FR,FR,forecast_offshore_wind_generation,Wind Offshore,2026-08-23T19:31:05Z
2026-08-23T19:28:52Z,2026-08-23T21:28:52+0200,4d5ff379-624b-468c-8e0f-14ae085ed6a5,2026-07-30T06:45:00Z,2026-07-30T08:45:00+0200,165.62,MW,FR,FR,forecast_offshore_wind_generation,Wind Offshore,2026-08-23T19:31:05Z
2026-08-23T19:28:52Z,2026-08-23T21:28:52+0200,4d5ff379-624b-468c-8e0f-14ae085ed6a5,2026-07-30T07:00:00Z,2026-07-30T09:00:00+0200,165.50999,MW,FR,FR,forecast_offshore_wind_generation,Wind Offshore,2026-08-23T19:31:05Z
2026-08-23T19:28:52Z,2026-08-23T21:28:52+0200,4d5ff379-624b-468c-8e0f-14ae085ed6a5,2026-07-30T07:15:00Z,2026-07-30T09:15:00+0200,161.82001,MW,FR,FR,forecast_offshore_wind_generation,Wind Offshore,2026-08-23T19:31:05Z
2026-08-23T19:28:52Z,2026-08-23T21:28:52+0200,4d5ff379-624b-468c-8e0f-14ae085ed6a5,2026-07-30T07:30:00Z,2026-07-30T09:30:00+0200,158.14,MW,FR,FR,forecast_offshore_wind_generation,Wind Offshore,2026-08-23T19:31:05Z
2026-08-23T19:28:52Z,2026-08-23T21:28:52+0200,4d5ff379-624b-468c-8e0f-14ae085ed6a5,2026-07-30T07:45:00Z,2026-07-30T09:45:00+0200,154.45,MW,FR,FR,forecast_offshore_wind_generation,Wind Offshore,2026-08-23T19:31:05Z
2026-08-23T19:28:52Z,2026-08-23T21:28:52+0200,4d5ff379-624b-468c-8e0f-14ae085ed6a5,2026-07-30T08:00:00Z,2026-07-30T10:00:00+0200,150.75999,MW,FR,FR,forecast_offshore_wind_generation,Wind Offshore,2026-08-23T19:31:05Z
2026-08-23T19:28:52Z,2026-08-23T21:28:52+0200,4d5ff379-624b-468c-8e0f-14ae085ed6a5,2026-07-30T08:15:00Z,2026-07-30T10:15:00+0200,152.23,MW,FR,FR,forecast_offshore_wind_generation,Wind Offshore,2026-08-23T19:31:05Z
2026-08-23T19:28:52Z,2026-08-23T21:28:52+0200,4d5ff379-624b-468c-8e0f-14ae085ed6a5,2026-07-30T08:30:00Z,2026-07-30T10:30:00+0200,153.7,MW,FR,FR,forecast_offshore_wind_generation,Wind Offshore,2026-08-23T19:31:05Z
2026-08-23T19:28:52Z,2026-08-23T21:28:52+0200,4d5ff379-624b-468c-8e0f-14ae085ed6a5,2026-07-30T08:45:00Z,2026-07-30T10:45:00+0200,155.17,MW,FR,FR,forecast_offshore_wind_generation,Wind Offshore,2026-08-23T19:31:05Z
2026-08-23T19:28:52Z,2026-08-23T21:28:52+0200,4d5ff379-624b-468c-8e0f-14ae085ed6a5,2026-07-30T09:00:00Z,2026-07-30T11:00:00+0200,156.63,MW,FR,FR,forecast_offshore_wind_generation,Wind Offshore,2026-08-23T19:31:05Z
2026-08-23T19:28:52Z,2026-08-23T21:28:52+0200,4d5ff379-624b-468c-8e0f-14ae085ed6a5,2026-07-30T09:15:00Z,2026-07-30T11:15:00+0200,159.41,MW,FR,FR,forecast_offshore_wind_generation,Wind Offshore,2026-08-23T19:31:05Z
2026-08-23T19:28:52Z,2026-08-23T21:28:52+0200,4d5ff379-624b-468c-8e0f-14ae085ed6a5,2026-07-30T09:30:00Z,2026-07-30T11:30:00+0200,162.17,MW,FR,FR,forecast_offshore_wind_generation,Wind Offshore,2026-08-23T19:31:05Z
2026-08-23T19:28:52Z,2026-08-23T21:28:52+0200,4d5ff379-624b-468c-8e0f-14ae085ed6a5,2026-07-30T09:45:00Z,2026-07-30T11:45:00+0200,164.94,MW,FR,FR,forecast_offshore_wind_generation,Wind Offshore,2026-08-23T19:31:05Z
2026-08-23T19:28:52Z,2026-08-23T21:28:52+0200,4d5ff379-624b-468c-8e0f-14ae085ed6a5,2026-07-30T10:00:00Z,2026-07-30T12:00:00+0200,167.7,MW,FR,FR,forecast_offshore_wind_generation,Wind Offshore,2026-08-23T19:31:05Z
2026-08-23T19:28:52Z,2026-08-23T21:28:52+0200,4d5ff379-624b-468c-8e0f-14ae085ed6a5,2026-07-30T10:15:00Z,2026-07-30T12:15:00+0200,164.60001,MW,FR,FR,forecast_offshore_wind_generation,Wind Offshore,2026-08-23T19:31:05Z
2026-08-23T19:28:52Z,2026-08-23T21:28:52+0200,4d5ff379-624b-468c-8e0f-14ae085ed6a5,2026-07-30T10:30:00Z,2026-07-30T12:30:00+0200,161.5,MW,FR,FR,forecast_offshore_wind_generation,Wind Offshore,2026-08-23T19:31:05Z
2026-08-23T19:28:52Z,2026-08-23T21:28:52+0200,4d5ff379-624b-468c-8e0f-14ae085ed6a5,2026-07-30T10:45:00Z,2026-07-30T12:45:00+0200,158.40001,MW,FR,FR,forecast_offshore_wind_generation,Wind Offshore,2026-08-23T19:31:05Z
2026-08-23T19:28:52Z,2026-08-23T21:28:52+0200,4d5ff379-624b-468c-8e0f-14ae085ed6a5,2026-07-30T11:00:00Z,2026-07-30T13:00:00+0200,155.31,MW,FR,FR,forecast_offshore_wind_generation,Wind Offshore,2026-08-23T19:31:05Z
2026-08-23T19:28:52Z,2026-08-23T21:28:52+0200,4d5ff379-624b-468c-8e0f-14ae085ed6a5,2026-07-30T11:15:00Z,2026-07-30T13:15:00+0200,161.34,MW,FR,FR,forecast_offshore_wind_generation,Wind Offshore,2026-08-23T19:31:05Z
2026-08-23T19:28:52Z,2026-08-23T21:28:52+0200,4d5ff379-624b-468c-8e0f-14ae085ed6a5,2026-07-30T11:30:00Z,2026-07-30T13:30:00+0200,167.37999,MW,FR,FR,forecast_offshore_wind_generation,Wind Offshore,2026-08-23T19:31:05Z
2026-08-23T19:28:52Z,2026-08-23T21:28:52+0200,4d5ff379-624b-468c-8e0f-14ae085ed6a5,2026-07-30T11:45:00Z,2026-07-30T13:45:00+0200,173.42,MW,FR,FR,forecast_offshore_wind_generation,Wind Offshore,2026-08-23T19:31:05Z
2026-08-23T19:28:52Z,2026-08-23T21:28:52+0200,4d5ff379-624b-468c-8e0f-14ae085ed6a5,2026-07-30T12:00:00Z,2026-07-30T14:00:00+0200,179.47,MW,FR,FR,forecast_offshore_wind_generation,Wind Offshore,2026-08-23T19:31:05Z
2026-08-23T19:28:52Z,2026-08-23T21:28:52+0200,4d5ff379-624b-468c-8e0f-14ae085ed6a5,2026-07-30T12:15:00Z,2026-07-30T14:15:00+0200,190.0,MW,FR,FR,forecast_offshore_wind_generation,Wind Offshore,2026-08-23T19:31:05Z
2026-08-23T19:28:52Z,2026-08-23T21:28:52+0200,4d5ff379-624b-468c-8e0f-14ae085ed6a5,2026-07-30T12:30:00Z,2026-07-30T14:30:00+0200,200.53999,MW,FR,FR,forecast_offshore_wind_generation,Wind Offshore,2026-08-23T19:31:05Z
2026-08-23T19:28:52Z,2026-08-23T21:28:52+0200,4d5ff379-624b-468c-8e0f-14ae085ed6a5,2026-07-30T12:45:00Z,2026-07-30T14:45:00+0200,211.06999,MW,FR,FR,forecast_offshore_wind_generation,Wind Offshore,2026-08-23T19:31:05Z
2026-08-23T19:28:52Z,2026-08-23T21:28:52+0200,4d5ff379-624b-468c-8e0f-14ae085ed6a5,2026-07-30T13:00:00Z,2026-07-30T15:00:00+0200,221.62,MW,FR,FR,forecast_offshore_wind_generation,Wind Offshore,2026-08-23T19:31:05Z
2026-08-23T19:28:52Z,2026-08-23T21:28:52+0200,4d5ff379-624b-468c-8e0f-14ae085ed6a5,2026-07-30T13:15:00Z,2026-07-30T15:15:00+0200,249.45001,MW,FR,FR,forecast_offshore_wind_generation,Wind Offshore,2026-08-23T19:31:05Z
2026-08-23T19:28:52Z,2026-08-23T21:28:52+0200,4d5ff379-624b-468c-8e0f-14ae085ed6a5,2026-07-30T13:30:00Z,2026-07-30T15:30:00+0200,277.29001,MW,FR,FR,forecast_offshore_wind_generation,Wind Offshore,2026-08-23T19:31:05Z
2026-08-23T19:28:52Z,2026-08-23T21:28:52+0200,4d5ff379-624b-468c-8e0f-14ae085ed6a5,2026-07-30T13:45:00Z,2026-07-30T15:45:00+0200,305.12,MW,FR,FR,forecast_offshore_wind_generation,Wind Offshore,2026-08-23T19:31:05Z
2026-08-23T19:28:52Z,2026-08-23T21:28:52+0200,4d5ff379-624b-468c-8e0f-14ae085ed6a5,2026-07-30T14:00:00Z,2026-07-30T16:00:00+0200,332.96997,MW,FR,FR,forecast_offshore_wind_generation,Wind Offshore,2026-08-23T19:31:05Z
2026-08-23T19:28:52Z,2026-08-23T21:28:52+0200,4d5ff379-624b-468c-8e0f-14ae085ed6a5,2026-07-30T14:15:00Z,2026-07-30T16:15:00+0200,348.69,MW,FR,FR,forecast_offshore_wind_generation,Wind Offshore,2026-08-23T19:31:05Z
2026-08-23T19:28:52Z,2026-08-23T21:28:52+0200,4d5ff379-624b-468c-8e0f-14ae085ed6a5,2026-07-30T14:30:00Z,2026-07-30T16:30:00+0200,364.41998,MW,FR,FR,forecast_offshore_wind_generation,Wind Offshore,2026-08-23T19:31:05Z
2026-08-23T19:28:52Z,2026-08-23T21:28:52+0200,4d5ff379-624b-468c-8e0f-14ae085ed6a5,2026-07-30T14:45:00Z,2026-07-30T16:45:00+0200,380.17999,MW,FR,FR,forecast_offshore_wind_generation,Wind Offshore,2026-08-23T19:31:05Z
2026-08-23T19:28:52Z,2026-08-23T21:28:52+0200,4d5ff379-624b-468c-8e0f-14ae085ed6a5,2026-07-30T15:00:00Z,2026-07-30T17:00:00+0200,395.90997,MW,FR,FR,forecast_offshore_wind_generation,Wind Offshore,2026-08-23T19:31:05Z
2026-08-23T19:28:52Z,2026-08-23T21:28:52+0200,4d5ff379-624b-468c-8e0f-14ae085ed6a5,2026-07-30T15:15:00Z,2026-07-30T17:15:00+0200,395.67999,MW,FR,FR,forecast_offshore_wind_generation,Wind Offshore,2026-08-23T19:31:05Z
2026-08-23T19:28:52Z,2026-08-23T21:28:52+0200,4d5ff379-624b-468c-8e0f-14ae085ed6a5,2026-07-30T15:30:00Z,2026-07-30T17:30:00+0200,395.44998,MW,FR,FR,forecast_offshore_wind_generation,Wind Offshore,2026-08-23T19:31:05Z
2026-08-23T19:28:52Z,2026-08-23T21:28:52+0200,4d5ff379-624b-468c-8e0f-14ae085ed6a5,2026-07-30T15:45:00Z,2026-07-30T17:45:00+0200,395.23001,MW,FR,FR,forecast_offshore_wind_generation,Wind Offshore,2026-08-23T19:31:05Z
2026-08-23T19:28:52Z,2026-08-23T21:28:52+0200,4d5ff379-624b-468c-8e0f-14ae085ed6a5,2026-07-30T16:00:00Z,2026-07-30T18:00:00+0200,395.01999,MW,FR,FR,forecast_offshore_wind_generation,Wind Offshore,2026-08-23T19:31:05Z
2026-08-23T19:28:52Z,2026-08-23T21:28:52+0200,4d5ff379-624b-468c-8e0f-14ae085ed6a5,2026-07-30T16:15:00Z,2026-07-30T18:15:00+0200,408.76999,MW,FR,FR,forecast_offshore_wind_generation,Wind Offshore,2026-08-23T19:31:05Z
2026-08-23T19:28:52Z,2026-08-23T21:28:52+0200,4d5ff379-624b-468c-8e0f-14ae085ed6a5,2026-07-30T16:30:00Z,2026-07-30T18:30:00+0200,422.53998,MW,FR,FR,forecast_offshore_wind_generation,Wind Offshore,2026-08-23T19:31:05Z
2026-08-23T19:28:52Z,2026-08-23T21:28:52+0200,4d5ff379-624b-468c-8e0f-14ae085ed6a5,2026-07-30T16:45:00Z,2026-07-30T18:45:00+0200,436.29999,MW,FR,FR,forecast_offshore_wind_generation,Wind Offshore,2026-08-23T19:31:05Z
2026-08-23T19:28:52Z,2026-08-23T21:28:52+0200,4d5ff379-624b-468c-8e0f-14ae085ed6a5,2026-07-30T17:00:00Z,2026-07-30T19:00:00+0200,450.07004,MW,FR,FR,forecast_offshore_wind_generation,Wind Offshore,2026-08-23T19:31:05Z
2026-08-23T19:28:52Z,2026-08-23T21:28:52+0200,4d5ff379-624b-468c-8e0f-14ae085ed6a5,2026-07-30T17:15:00Z,2026-07-30T19:15:00+0200,460.63,MW,FR,FR,forecast_offshore_wind_generation,Wind Offshore,2026-08-23T19:31:05Z
2026-08-23T19:28:52Z,2026-08-23T21:28:52+0200,4d5ff379-624b-468c-8e0f-14ae085ed6a5,2026-07-30T17:30:00Z,2026-07-30T19:30:00+0200,471.18002,MW,FR,FR,forecast_offshore_wind_generation,Wind Offshore,2026-08-23T19:31:05Z
2026-08-23T19:28:52Z,2026-08-23T21:28:52+0200,4d5ff379-624b-468c-8e0f-14ae085ed6a5,2026-07-30T17:45:00Z,2026-07-30T19:45:00+0200,481.73999,MW,FR,FR,forecast_offshore_wind_generation,Wind Offshore,2026-08-23T19:31:05Z
2026-08-23T19:28:52Z,2026-08-23T21:28:52+0200,4d5ff379-624b-468c-8e0f-14ae085ed6a5,2026-07-30T18:00:00Z,2026-07-30T20:00:00+0200,492.29999,MW,FR,FR,forecast_offshore_wind_generation,Wind Offshore,2026-08-23T19:31:05Z
2026-08-23T19:28:52Z,2026-08-23T21:28:52+0200,4d5ff379-624b-468c-8e0f-14ae085ed6a5,2026-07-30T18:15:00Z,2026-07-30T20:15:00+0200,487.57999,MW,FR,FR,forecast_offshore_wind_generation,Wind Offshore,2026-08-23T19:31:05Z
2026-08-23T19:28:52Z,2026-08-23T21:28:52+0200,4d5ff379-624b-468c-8e0f-14ae085ed6a5,2026-07-30T18:30:00Z,2026-07-30T20:30:00+0200,482.84,MW,FR,FR,forecast_offshore_wind_generation,Wind Offshore,2026-08-23T19:31:05Z
2026-08-23T19:28:52Z,2026-08-23T21:28:52+0200,4d5ff379-624b-468c-8e0f-14ae085ed6a5,2026-07-30T18:45:00Z,2026-07-30T20:45:00+0200,478.10999,MW,FR,FR,forecast_offshore_wind_generation,Wind Offshore,2026-08-23T19:31:05Z
2026-08-23T19:28:52Z,2026-08-23T21:28:52+0200,4d5ff379-624b-468c-8e0f-14ae085ed6a5,2026-07-30T19:00:00Z,2026-07-30T21:00:00+0200,473.35999,MW,FR,FR,forecast_offshore_wind_generation,Wind Offshore,2026-08-23T19:31:05Z
2026-08-23T19:28:52Z,2026-08-23T21:28:52+0200,4d5ff379-624b-468c-8e0f-14ae085ed6a5,2026-07-30T19:15:00Z,2026-07-30T21:15:00+0200,485.40002,MW,FR,FR,forecast_offshore_wind_generation,Wind Offshore,2026-08-23T19:31:05Z
2026-08-23T19:28:52Z,2026-08-23T21:28:52+0200,4d5ff379-624b-468c-8e0f-14ae085ed6a5,2026-07-30T19:30:00Z,2026-07-30T21:30:00+0200,497.42999,MW,FR,FR,forecast_offshore_wind_generation,Wind Offshore,2026-08-23T19:31:05Z
2026-08-23T19:28:52Z,2026-08-23T21:28:52+0200,4d5ff379-624b-468c-8e0f-14ae085ed6a5,2026-07-30T19:45:00Z,2026-07-30T21:45:00+0200,509.46997,MW,FR,FR,forecast_offshore_wind_generation,Wind Offshore,2026-08-23T19:31:05Z
2026-08-23T19:28:52Z,2026-08-23T21:28:52+0200,4d5ff379-624b-468c-8e0f-14ae085ed6a5,2026-07-30T20:00:00Z,2026-07-30T22:00:00+0200,521.48999,MW,FR,FR,forecast_offshore_wind_generation,Wind Offshore,2026-08-23T19:31:05Z
2026-08-23T19:28:52Z,2026-08-23T21:28:52+0200,4d5ff379-624b-468c-8e0f-14ae085ed6a5,2026-07-30T20:15:00Z,2026-07-30T22:15:00+0200,539.15002,MW,FR,FR,forecast_offshore_wind_generation,Wind Offshore,2026-08-23T19:31:05Z
2026-08-23T19:28:52Z,2026-08-23T21:28:52+0200,4d5ff379-624b-468c-8e0f-14ae085ed6a5,2026-07-30T20:30:00Z,2026-07-30T22:30:00+0200,556.82001,MW,FR,FR,forecast_offshore_wind_generation,Wind Offshore,2026-08-23T19:31:05Z
2026-08-23T19:28:52Z,2026-08-23T21:28:52+0200,4d5ff379-624b-468c-8e0f-14ae085ed6a5,2026-07-30T20:45:00Z,2026-07-30T22:45:00+0200,574.44995,MW,FR,FR,forecast_offshore_wind_generation,Wind Offshore,2026-08-23T19:31:05Z
2026-08-23T19:28:52Z,2026-08-23T21:28:52+0200,4d5ff379-624b-468c-8e0f-14ae085ed6a5,2026-07-30T21:00:00Z,2026-07-30T23:00:00+0200,592.10004,MW,FR,FR,forecast_offshore_wind_generation,Wind Offshore,2026-08-23T19:31:05Z
2026-08-23T19:28:52Z,2026-08-23T21:28:52+0200,4d5ff379-624b-468c-8e0f-14ae085ed6a5,2026-07-30T21:15:00Z,2026-07-30T23:15:00+0200,606.82001,MW,FR,FR,forecast_offshore_wind_generation,Wind Offshore,2026-08-23T19:31:05Z
2026-08-23T19:28:52Z,2026-08-23T21:28:52+0200,4d5ff379-624b-468c-8e0f-14ae085ed6a5,2026-07-30T21:30:00Z,2026-07-30T23:30:00+0200,621.54004,MW,FR,FR,forecast_offshore_wind_generation,Wind Offshore,2026-08-23T19:31:05Z
2026-08-23T19:28:52Z,2026-08-23T21:28:52+0200,4d5ff379-624b-468c-8e0f-14ae085ed6a5,2026-07-30T21:45:00Z,2026-07-30T23:45:00+0200,636.23993,MW,FR,FR,forecast_offshore_wind_generation,Wind Offshore,2026-08-23T19:31:05Z
2026-08-23T19:28:52Z,2026-08-23T21:28:52+0200,4d5ff379-624b-468c-8e0f-14ae085ed6a5,2026-07-30T22:00:00Z,2026-07-31T00:00:00+0200,411.58002,MW,FR,FR,forecast_offshore_wind_generation,Wind Offshore,2026-08-23T19:31:05Z
2026-08-23T19:28:52Z,2026-08-23T21:28:52+0200,4d5ff379-624b-468c-8e0f-14ae085ed6a5,2026-07-30T22:15:00Z,2026-07-31T00:15:00+0200,416.94,MW,FR,FR,forecast_offshore_wind_generation,Wind Offshore,2026-08-23T19:31:05Z
2026-08-23T19:28:52Z,2026-08-23T21:28:52+0200,4d5ff379-624b-468c-8e0f-14ae085ed6a5,2026-07-30T22:30:00Z,2026-07-31T00:30:00+0200,422.27002,MW,FR,FR,forecast_offshore_wind_generation,Wind Offshore,2026-08-23T19:31:05Z
2026-08-23T19:28:52Z,2026-08-23T21:28:52+0200,4d5ff379-624b-468c-8e0f-14ae085ed6a5,2026-07-30T22:45:00Z,2026-07-31T00:45:00+0200,427.39001,MW,FR,FR,forecast_offshore_wind_generation,Wind Offshore,2026-08-23T19:31:05Z
2026-08-23T19:28:52Z,2026-08-23T21:28:52+0200,4d5ff379-624b-468c-8e0f-14ae085ed6a5,2026-07-30T23:00:00Z,2026-07-31T01:00:00+0200,432.53,MW,FR,FR,forecast_offshore_wind_generation,Wind Offshore,2026-08-23T19:31:05Z
2026-08-23T19:28:52Z,2026-08-23T21:28:52+0200,4d5ff379-624b-468c-8e0f-14ae085ed6a5,2026-07-30T23:15:00Z,2026-07-31T01:15:00+0200,417.78,MW,FR,FR,forecast_offshore_wind_generation,Wind Offshore,2026-08-23T19:31:05Z
2026-08-23T19:28:52Z,2026-08-23T21:28:52+0200,4d5ff379-624b-468c-8e0f-14ae085ed6a5,2026-07-30T23:30:00Z,2026-07-31T01:30:00+0200,403.04001,MW,FR,FR,forecast_offshore_wind_generation,Wind Offshore,2026-08-23T19:31:05Z
2026-08-23T19:28:52Z,2026-08-23T21:28:52+0200,4d5ff379-624b-468c-8e0f-14ae085ed6a5,2026-07-30T23:45:00Z,2026-07-31T01:45:00+0200,388.21997,MW,FR,FR,forecast_offshore_wind_generation,Wind Offshore,2026-08-23T19:31:05Z
2026-08-23T19:28:52Z,2026-08-23T21:28:52+0200,4d5ff379-624b-468c-8e0f-14ae085ed6a5,2026-07-31T00:00:00Z,2026-07-31T02:00:00+0200,373.41,MW,FR,FR,forecast_offshore_wind_generation,Wind Offshore,2026-08-23T19:31:05Z
2026-08-23T19:28:52Z,2026-08-23T21:28:52+0200,4d5ff379-624b-468c-8e0f-14ae085ed6a5,2026-07-31T00:15:00Z,2026-07-31T02:15:00+0200,363.42001,MW,FR,FR,forecast_offshore_wind_generation,Wind Offshore,2026-08-23T19:31:05Z
2026-08-23T19:28:52Z,2026-08-23T21:28:52+0200,4d5ff379-624b-468c-8e0f-14ae085ed6a5,2026-07-31T00:30:00Z,2026-07-31T02:30:00+0200,353.44,MW,FR,FR,forecast_offshore_wind_generation,Wind Offshore,2026-08-23T19:31:05Z
2026-08-23T19:28:52Z,2026-08-23T21:28:52+0200,4d5ff379-624b-468c-8e0f-14ae085ed6a5,2026-07-31T00:45:00Z,2026-07-31T02:45:00+0200,343.46002,MW,FR,FR,forecast_offshore_wind_generation,Wind Offshore,2026-08-23T19:31:05Z
2026-08-23T19:28:52Z,2026-08-23T21:28:52+0200,4d5ff379-624b-468c-8e0f-14ae085ed6a5,2026-07-31T01:00:00Z,2026-07-31T03:00:00+0200,333.47998,MW,FR,FR,forecast_offshore_wind_generation,Wind Offshore,2026-08-23T19:31:05Z
2026-08-23T19:28:52Z,2026-08-23T21:28:52+0200,4d5ff379-624b-468c-8e0f-14ae085ed6a5,2026-07-31T01:15:00Z,2026-07-31T03:15:00+0200,327.04999,MW,FR,FR,forecast_offshore_wind_generation,Wind Offshore,2026-08-23T19:31:05Z
2026-08-23T19:28:52Z,2026-08-23T21:28:52+0200,4d5ff379-624b-468c-8e0f-14ae085ed6a5,2026-07-31T01:30:00Z,2026-07-31T03:30:00+0200,320.62,MW,FR,FR,forecast_offshore_wind_generation,Wind Offshore,2026-08-23T19:31:05Z
2026-08-23T19:28:52Z,2026-08-23T21:28:52+0200,4d5ff379-624b-468c-8e0f-14ae085ed6a5,2026-07-31T01:45:00Z,2026-07-31T03:45:00+0200,314.19998,MW,FR,FR,forecast_offshore_wind_generation,Wind Offshore,2026-08-23T19:31:05Z
2026-08-23T19:28:52Z,2026-08-23T21:28:52+0200,4d5ff379-624b-468c-8e0f-14ae085ed6a5,2026-07-31T02:00:00Z,2026-07-31T04:00:00+0200,307.76999,MW,FR,FR,forecast_offshore_wind_generation,Wind Offshore,2026-08-23T19:31:05Z
2026-08-23T19:28:52Z,2026-08-23T21:28:52+0200,4d5ff379-624b-468c-8e0f-14ae085ed6a5,2026-07-31T02:15:00Z,2026-07-31T04:15:00+0200,305.67001,MW,FR,FR,forecast_offshore_wind_generation,Wind Offshore,2026-08-23T19:31:05Z
2026-08-23T19:28:52Z,2026-08-23T21:28:52+0200,4d5ff379-624b-468c-8e0f-14ae085ed6a5,2026-07-31T02:30:00Z,2026-07-31T04:30:00+0200,303.61002,MW,FR,FR,forecast_offshore_wind_generation,Wind Offshore,2026-08-23T19:31:05Z
2026-08-23T19:28:52Z,2026-08-23T21:28:52+0200,4d5ff379-624b-468c-8e0f-14ae085ed6a5,2026-07-31T02:45:00Z,2026-07-31T04:45:00+0200,301.51001,MW,FR,FR,forecast_offshore_wind_generation,Wind Offshore,2026-08-23T19:31:05Z
2026-08-23T19:28:52Z,2026-08-23T21:28:52+0200,4d5ff379-624b-468c-8e0f-14ae085ed6a5,2026-07-31T03:00:00Z,2026-07-31T05:00:00+0200,299.42001,MW,FR,FR,forecast_offshore_wind_generation,Wind Offshore,2026-08-23T19:31:05Z
2026-08-23T19:28:52Z,2026-08-23T21:28:52+0200,4d5ff379-624b-468c-8e0f-14ae085ed6a5,2026-07-31T03:15:00Z,2026-07-31T05:15:00+0200,297.80002,MW,FR,FR,forecast_offshore_wind_generation,Wind Offshore,2026-08-23T19:31:05Z
2026-08-23T19:28:52Z,2026-08-23T21:28:52+0200,4d5ff379-624b-468c-8e0f-14ae085ed6a5,2026-07-31T03:30:00Z,2026-07-31T05:30:00+0200,296.16998,MW,FR,FR,forecast_offshore_wind_generation,Wind Offshore,2026-08-23T19:31:05Z
2026-08-23T19:28:52Z,2026-08-23T21:28:52+0200,4d5ff379-624b-468c-8e0f-14ae085ed6a5,2026-07-31T03:45:00Z,2026-07-31T05:45:00+0200,294.48999,MW,FR,FR,forecast_offshore_wind_generation,Wind Offshore,2026-08-23T19:31:05Z
2026-08-23T19:28:52Z,2026-08-23T21:28:52+0200,4d5ff379-624b-468c-8e0f-14ae085ed6a5,2026-07-31T04:00:00Z,2026-07-31T06:00:00+0200,292.82001,MW,FR,FR,forecast_offshore_wind_generation,Wind Offshore,2026-08-23T19:31:05Z
2026-08-23T19:28:52Z,2026-08-23T21:28:52+0200,4d5ff379-624b-468c-8e0f-14ae085ed6a5,2026-07-31T04:15:00Z,2026-07-31T06:15:00+0200,302.89001,MW,FR,FR,forecast_offshore_wind_generation,Wind Offshore,2026-08-23T19:31:05Z
2026-08-23T19:28:52Z,2026-08-23T21:28:52+0200,4d5ff379-624b-468c-8e0f-14ae085ed6a5,2026-07-31T04:30:00Z,2026-07-31T06:30:00+0200,312.98001,MW,FR,FR,forecast_offshore_wind_generation,Wind Offshore,2026-08-23T19:31:05Z
2026-08-23T19:28:52Z,2026-08-23T21:28:52+0200,4d5ff379-624b-468c-8e0f-14ae085ed6a5,2026-07-31T04:45:00Z,2026-07-31T06:45:00+0200,323.0,MW,FR,FR,forecast_offshore_wind_generation,Wind Offshore,2026-08-23T19:31:05Z
2026-08-23T19:28:52Z,2026-08-23T21:28:52+0200,4d5ff379-624b-468c-8e0f-14ae085ed6a5,2026-07-31T05:00:00Z,2026-07-31T07:00:00+0200,333.02002,MW,FR,FR,forecast_offshore_wind_generation,Wind Offshore,2026-08-23T19:31:05Z
2026-08-23T19:28:52Z,2026-08-23T21:28:52+0200,4d5ff379-624b-468c-8e0f-14ae085ed6a5,2026-07-31T05:15:00Z,2026-07-31T07:15:00+0200,333.25998,MW,FR,FR,forecast_offshore_wind_generation,Wind Offshore,2026-08-23T19:31:05Z
2026-08-23T19:28:52Z,2026-08-23T21:28:52+0200,4d5ff379-624b-468c-8e0f-14ae085ed6a5,2026-07-31T05:30:00Z,2026-07-31T07:30:00+0200,333.48999,MW,FR,FR,forecast_offshore_wind_generation,Wind Offshore,2026-08-23T19:31:05Z
2026-08-23T19:28:52Z,2026-08-23T21:28:52+0200,4d5ff379-624b-468c-8e0f-14ae085ed6a5,2026-07-31T05:45:00Z,2026-07-31T07:45:00+0200,333.67999,MW,FR,FR,forecast_offshore_wind_generation,Wind Offshore,2026-08-23T19:31:05Z
2026-08-23T19:28:52Z,2026-08-23T21:28:52+0200,4d5ff379-624b-468c-8e0f-14ae085ed6a5,2026-07-31T06:00:00Z,2026-07-31T08:00:00+0200,333.86002,MW,FR,FR,forecast_offshore_wind_generation,Wind Offshore,2026-08-23T19:31:05Z
2026-08-23T19:28:52Z,2026-08-23T21:28:52+0200,4d5ff379-624b-468c-8e0f-14ae085ed6a5,2026-07-31T06:15:00Z,2026-07-31T08:15:00+0200,293.39001,MW,FR,FR,forecast_offshore_wind_generation,Wind Offshore,2026-08-23T19:31:05Z
2026-08-23T19:28:52Z,2026-08-23T21:28:52+0200,4d5ff379-624b-468c-8e0f-14ae085ed6a5,2026-07-31T06:30:00Z,2026-07-31T08:30:00+0200,252.91,MW,FR,FR,forecast_offshore_wind_generation,Wind Offshore,2026-08-23T19:31:05Z
2026-08-23T19:28:52Z,2026-08-23T21:28:52+0200,4d5ff379-624b-468c-8e0f-14ae085ed6a5,2026-07-31T06:45:00Z,2026-07-31T08:45:00+0200,212.41,MW,FR,FR,forecast_offshore_wind_generation,Wind Offshore,2026-08-23T19:31:05Z
2026-08-23T19:28:52Z,2026-08-23T21:28:52+0200,4d5ff379-624b-468c-8e0f-14ae085ed6a5,2026-07-31T07:00:00Z,2026-07-31T09:00:00+0200,171.90001,MW,FR,FR,forecast_offshore_wind_generation,Wind Offshore,2026-08-23T19:31:05Z
2026-08-23T19:28:52Z,2026-08-23T21:28:52+0200,4d5ff379-624b-468c-8e0f-14ae085ed6a5,2026-07-31T07:15:00Z,2026-07-31T09:15:00+0200,172.33002,MW,FR,FR,forecast_offshore_wind_generation,Wind Offshore,2026-08-23T19:31:05Z
2026-08-23T19:28:52Z,2026-08-23T21:28:52+0200,4d5ff379-624b-468c-8e0f-14ae085ed6a5,2026-07-31T07:30:00Z,2026-07-31T09:30:00+0200,172.77,MW,FR,FR,forecast_offshore_wind_generation,Wind Offshore,2026-08-23T19:31:05Z
2026-08-23T19:28:52Z,2026-08-23T21:28:52+0200,4d5ff379-624b-468c-8e0f-14ae085ed6a5,2026-07-31T07:45:00Z,2026-07-31T09:45:00+0200,173.17001,MW,FR,FR,forecast_offshore_wind_generation,Wind Offshore,2026-08-23T19:31:05Z
2026-08-23T19:28:52Z,2026-08-23T21:28:52+0200,4d5ff379-624b-468c-8e0f-14ae085ed6a5,2026-07-31T08:00:00Z,2026-07-31T10:00:00+0200,173.60001,MW,FR,FR,forecast_offshore_wind_generation,Wind Offshore,2026-08-23T19:31:05Z
2026-08-23T19:28:52Z,2026-08-23T21:28:52+0200,4d5ff379-624b-468c-8e0f-14ae085ed6a5,2026-07-31T08:15:00Z,2026-07-31T10:15:00+0200,189.37,MW,FR,FR,forecast_offshore_wind_generation,Wind Offshore,2026-08-23T19:31:05Z
2026-08-23T19:28:52Z,2026-08-23T21:28:52+0200,4d5ff379-624b-468c-8e0f-14ae085ed6a5,2026-07-31T08:30:00Z,2026-07-31T10:30:00+0200,205.14,MW,FR,FR,forecast_offshore_wind_generation,Wind Offshore,2026-08-23T19:31:05Z
2026-08-23T19:28:52Z,2026-08-23T21:28:52+0200,4d5ff379-624b-468c-8e0f-14ae085ed6a5,2026-07-31T08:45:00Z,2026-07-31T10:45:00+0200,220.90001,MW,FR,FR,forecast_offshore_wind_generation,Wind Offshore,2026-08-23T19:31:05Z
2026-08-23T19:28:52Z,2026-08-23T21:28:52+0200,4d5ff379-624b-468c-8e0f-14ae085ed6a5,2026-07-31T09:00:00Z,2026-07-31T11:00:00+0200,236.65001,MW,FR,FR,forecast_offshore_wind_generation,Wind Offshore,2026-08-23T19:31:05Z
2026-08-23T19:28:52Z,2026-08-23T21:28:52+0200,4d5ff379-624b-468c-8e0f-14ae085ed6a5,2026-07-31T09:15:00Z,2026-07-31T11:15:00+0200,242.95999,MW,FR,FR,forecast_offshore_wind_generation,Wind Offshore,2026-08-23T19:31:05Z
2026-08-23T19:28:52Z,2026-08-23T21:28:52+0200,4d5ff379-624b-468c-8e0f-14ae085ed6a5,2026-07-31T09:30:00Z,2026-07-31T11:30:00+0200,249.29001,MW,FR,FR,forecast_offshore_wind_generation,Wind Offshore,2026-08-23T19:31:05Z
2026-08-23T19:28:52Z,2026-08-23T21:28:52+0200,4d5ff379-624b-468c-8e0f-14ae085ed6a5,2026-07-31T09:45:00Z,2026-07-31T11:45:00+0200,255.62003,MW,FR,FR,forecast_offshore_wind_generation,Wind Offshore,2026-08-23T19:31:05Z
2026-08-23T19:28:52Z,2026-08-23T21:28:52+0200,4d5ff379-624b-468c-8e0f-14ae085ed6a5,2026-07-31T10:00:00Z,2026-07-31T12:00:00+0200,261.93002,MW,FR,FR,forecast_offshore_wind_generation,Wind Offshore,2026-08-23T19:31:05Z
2026-08-23T19:28:52Z,2026-08-23T21:28:52+0200,4d5ff379-624b-468c-8e0f-14ae085ed6a5,2026-07-31T10:15:00Z,2026-07-31T12:15:00+0200,260.84998,MW,FR,FR,forecast_offshore_wind_generation,Wind Offshore,2026-08-23T19:31:05Z
2026-08-23T19:28:52Z,2026-08-23T21:28:52+0200,4d5ff379-624b-468c-8e0f-14ae085ed6a5,2026-07-31T10:30:00Z,2026-07-31T12:30:00+0200,259.77002,MW,FR,FR,forecast_offshore_wind_generation,Wind Offshore,2026-08-23T19:31:05Z
2026-08-23T19:28:52Z,2026-08-23T21:28:52+0200,4d5ff379-624b-468c-8e0f-14ae085ed6a5,2026-07-31T10:45:00Z,2026-07-31T12:45:00+0200,258.69,MW,FR,FR,forecast_offshore_wind_generation,Wind Offshore,2026-08-23T19:31:05Z
2026-08-23T19:28:52Z,2026-08-23T21:28:52+0200,4d5ff379-624b-468c-8e0f-14ae085ed6a5,2026-07-31T11:00:00Z,2026-07-31T13:00:00+0200,257.60999,MW,FR,FR,forecast_offshore_wind_generation,Wind Offshore,2026-08-23T19:31:05Z
2026-08-23T19:28:52Z,2026-08-23T21:28:52+0200,4d5ff379-624b-468c-8e0f-14ae085ed6a5,2026-07-31T11:15:00Z,2026-07-31T13:15:00+0200,254.22,MW,FR,FR,forecast_offshore_wind_generation,Wind Offshore,2026-08-23T19:31:05Z
2026-08-23T19:28:52Z,2026-08-23T21:28:52+0200,4d5ff379-624b-468c-8e0f-14ae085ed6a5,2026-07-31T11:30:00Z,2026-07-31T13:30:00+0200,250.79999,MW,FR,FR,forecast_offshore_wind_generation,Wind Offshore,2026-08-23T19:31:05Z
2026-08-23T19:28:52Z,2026-08-23T21:28:52+0200,4d5ff379-624b-468c-8e0f-14ae085ed6a5,2026-07-31T11:45:00Z,2026-07-31T13:45:00+0200,247.40001,MW,FR,FR,forecast_offshore_wind_generation,Wind Offshore,2026-08-23T19:31:05Z
2026-08-23T19:28:52Z,2026-08-23T21:28:52+0200,4d5ff379-624b-468c-8e0f-14ae085ed6a5,2026-07-31T12:00:00Z,2026-07-31T14:00:00+0200,243.98,MW,FR,FR,forecast_offshore_wind_generation,Wind Offshore,2026-08-23T19:31:05Z
2026-08-23T19:28:52Z,2026-08-23T21:28:52+0200,4d5ff379-624b-468c-8e0f-14ae085ed6a5,2026-07-31T12:15:00Z,2026-07-31T14:15:00+0200,258.23999,MW,FR,FR,forecast_offshore_wind_generation,Wind Offshore,2026-08-23T19:31:05Z
2026-08-23T19:28:52Z,2026-08-23T21:28:52+0200,4d5ff379-624b-468c-8e0f-14ae085ed6a5,2026-07-31T12:30:00Z,2026-07-31T14:30:00+0200,272.48999,MW,FR,FR,forecast_offshore_wind_generation,Wind Offshore,2026-08-23T19:31:05Z
2026-08-23T19:28:52Z,2026-08-23T21:28:52+0200,4d5ff379-624b-468c-8e0f-14ae085ed6a5,2026-07-31T12:45:00Z,2026-07-31T14:45:00+0200,286.75,MW,FR,FR,forecast_offshore_wind_generation,Wind Offshore,2026-08-23T19:31:05Z
2026-08-23T19:28:52Z,2026-08-23T21:28:52+0200,4d5ff379-624b-468c-8e0f-14ae085ed6a5,2026-07-31T13:00:00Z,2026-07-31T15:00:00+0200,301.0,MW,FR,FR,forecast_offshore_wind_generation,Wind Offshore,2026-08-23T19:31:05Z
2026-08-23T19:28:52Z,2026-08-23T21:28:52+0200,4d5ff379-624b-468c-8e0f-14ae085ed6a5,2026-07-31T13:15:00Z,2026-07-31T15:15:00+0200,309.97998,MW,FR,FR,forecast_offshore_wind_generation,Wind Offshore,2026-08-23T19:31:05Z
2026-08-23T19:28:52Z,2026-08-23T21:28:52+0200,4d5ff379-624b-468c-8e0f-14ae085ed6a5,2026-07-31T13:30:00Z,2026-07-31T15:30:00+0200,318.97,MW,FR,FR,forecast_offshore_wind_generation,Wind Offshore,2026-08-23T19:31:05Z
2026-08-23T19:28:52Z,2026-08-23T21:28:52+0200,4d5ff379-624b-468c-8e0f-14ae085ed6a5,2026-07-31T13:45:00Z,2026-07-31T15:45:00+0200,327.96997,MW,FR,FR,forecast_offshore_wind_generation,Wind Offshore,2026-08-23T19:31:05Z
2026-08-23T19:28:52Z,2026-08-23T21:28:52+0200,4d5ff379-624b-468c-8e0f-14ae085ed6a5,2026-07-31T14:00:00Z,2026-07-31T16:00:00+0200,336.98999,MW,FR,FR,forecast_offshore_wind_generation,Wind Offshore,2026-08-23T19:31:05Z
2026-08-23T19:28:52Z,2026-08-23T21:28:52+0200,4d5ff379-624b-468c-8e0f-14ae085ed6a5,2026-07-31T14:15:00Z,2026-07-31T16:15:00+0200,354.16,MW,FR,FR,forecast_offshore_wind_generation,Wind Offshore,2026-08-23T19:31:05Z
2026-08-23T19:28:52Z,2026-08-23T21:28:52+0200,4d5ff379-624b-468c-8e0f-14ae085ed6a5,2026-07-31T14:30:00Z,2026-07-31T16:30:00+0200,371.31,MW,FR,FR,forecast_offshore_wind_generation,Wind Offshore,2026-08-23T19:31:05Z
2026-08-23T19:28:52Z,2026-08-23T21:28:52+0200,4d5ff379-624b-468c-8e0f-14ae085ed6a5,2026-07-31T14:45:00Z,2026-07-31T16:45:00+0200,388.51999,MW,FR,FR,forecast_offshore_wind_generation,Wind Offshore,2026-08-23T19:31:05Z
2026-08-23T19:28:52Z,2026-08-23T21:28:52+0200,4d5ff379-624b-468c-8e0f-14ae085ed6a5,2026-07-31T15:00:00Z,2026-07-31T17:00:00+0200,405.71002,MW,FR,FR,forecast_offshore_wind_generation,Wind Offshore,2026-08-23T19:31:05Z
2026-08-23T19:28:52Z,2026-08-23T21:28:52+0200,4d5ff379-624b-468c-8e0f-14ae085ed6a5,2026-07-31T15:15:00Z,2026-07-31T17:15:00+0200,424.09,MW,FR,FR,forecast_offshore_wind_generation,Wind Offshore,2026-08-23T19:31:05Z
2026-08-23T19:28:52Z,2026-08-23T21:28:52+0200,4d5ff379-624b-468c-8e0f-14ae085ed6a5,2026-07-31T15:30:00Z,2026-07-31T17:30:00+0200,442.46997,MW,FR,FR,forecast_offshore_wind_generation,Wind Offshore,2026-08-23T19:31:05Z
2026-08-23T19:28:52Z,2026-08-23T21:28:52+0200,4d5ff379-624b-468c-8e0f-14ae085ed6a5,2026-07-31T15:45:00Z,2026-07-31T17:45:00+0200,460.89005,MW,FR,FR,forecast_offshore_wind_generation,Wind Offshore,2026-08-23T19:31:05Z
2026-08-23T19:28:52Z,2026-08-23T21:28:52+0200,4d5ff379-624b-468c-8e0f-14ae085ed6a5,2026-07-31T16:00:00Z,2026-07-31T18:00:00+0200,479.29999,MW,FR,FR,forecast_offshore_wind_generation,Wind Offshore,2026-08-23T19:31:05Z
2026-08-23T19:28:52Z,2026-08-23T21:28:52+0200,4d5ff379-624b-468c-8e0f-14ae085ed6a5,2026-07-31T16:15:00Z,2026-07-31T18:15:00+0200,480.74997,MW,FR,FR,forecast_offshore_wind_generation,Wind Offshore,2026-08-23T19:31:05Z
2026-08-23T19:28:52Z,2026-08-23T21:28:52+0200,4d5ff379-624b-468c-8e0f-14ae085ed6a5,2026-07-31T16:30:00Z,2026-07-31T18:30:00+0200,482.20001,MW,FR,FR,forecast_offshore_wind_generation,Wind Offshore,2026-08-23T19:31:05Z
2026-08-23T19:28:52Z,2026-08-23T21:28:52+0200,4d5ff379-624b-468c-8e0f-14ae085ed6a5,2026-07-31T16:45:00Z,2026-07-31T18:45:00+0200,483.68997,MW,FR,FR,forecast_offshore_wind_generation,Wind Offshore,2026-08-23T19:31:05Z
2026-08-23T19:28:52Z,2026-08-23T21:28:52+0200,4d5ff379-624b-468c-8e0f-14ae085ed6a5,2026-07-31T17:00:00Z,2026-07-31T19:00:00+0200,485.18002,MW,FR,FR,forecast_offshore_wind_generation,Wind Offshore,2026-08-23T19:31:05Z
2026-08-23T19:28:52Z,2026-08-23T21:28:52+0200,4d5ff379-624b-468c-8e0f-14ae085ed6a5,2026-07-31T17:15:00Z,2026-07-31T19:15:00+0200,485.78003,MW,FR,FR,forecast_offshore_wind_generation,Wind Offshore,2026-08-23T19:31:05Z
2026-08-23T19:28:52Z,2026-08-23T21:28:52+0200,4d5ff379-624b-468c-8e0f-14ae085ed6a5,2026-07-31T17:30:00Z,2026-07-31T19:30:00+0200,486.38,MW,FR,FR,forecast_offshore_wind_generation,Wind Offshore,2026-08-23T19:31:05Z
2026-08-23T19:28:52Z,2026-08-23T21:28:52+0200,4d5ff379-624b-468c-8e0f-14ae085ed6a5,2026-07-31T17:45:00Z,2026-07-31T19:45:00+0200,487.03998,MW,FR,FR,forecast_offshore_wind_generation,Wind Offshore,2026-08-23T19:31:05Z
2026-08-23T19:28:52Z,2026-08-23T21:28:52+0200,4d5ff379-624b-468c-8e0f-14ae085ed6a5,2026-07-31T18:00:00Z,2026-07-31T20:00:00+0200,487.66998,MW,FR,FR,forecast_offshore_wind_generation,Wind Offshore,2026-08-23T19:31:05Z
2026-08-23T19:28:52Z,2026-08-23T21:28:52+0200,4d5ff379-624b-468c-8e0f-14ae085ed6a5,2026-07-31T18:15:00Z,2026-07-31T20:15:00+0200,493.90997,MW,FR,FR,forecast_offshore_wind_generation,Wind Offshore,2026-08-23T19:31:05Z
2026-08-23T19:28:52Z,2026-08-23T21:28:52+0200,4d5ff379-624b-468c-8e0f-14ae085ed6a5,2026-07-31T18:30:00Z,2026-07-31T20:30:00+0200,500.15002,MW,FR,FR,forecast_offshore_wind_generation,Wind Offshore,2026-08-23T19:31:05Z
2026-08-23T19:28:52Z,2026-08-23T21:28:52+0200,4d5ff379-624b-468c-8e0f-14ae085ed6a5,2026-07-31T18:45:00Z,2026-07-31T20:45:00+0200,506.35999,MW,FR,FR,forecast_offshore_wind_generation,Wind Offshore,2026-08-23T19:31:05Z
2026-08-23T19:28:52Z,2026-08-23T21:28:52+0200,4d5ff379-624b-468c-8e0f-14ae085ed6a5,2026-07-31T19:00:00Z,2026-07-31T21:00:00+0200,512.56,MW,FR,FR,forecast_offshore_wind_generation,Wind Offshore,2026-08-23T19:31:05Z
2026-08-23T19:28:52Z,2026-08-23T21:28:52+0200,4d5ff379-624b-468c-8e0f-14ae085ed6a5,2026-07-31T19:15:00Z,2026-07-31T21:15:00+0200,496.64996,MW,FR,FR,forecast_offshore_wind_generation,Wind Offshore,2026-08-23T19:31:05Z
2026-08-23T19:28:52Z,2026-08-23T21:28:52+0200,4d5ff379-624b-468c-8e0f-14ae085ed6a5,2026-07-31T19:30:00Z,2026-07-31T21:30:00+0200,480.72998,MW,FR,FR,forecast_offshore_wind_generation,Wind Offshore,2026-08-23T19:31:05Z
2026-08-23T19:28:52Z,2026-08-23T21:28:52+0200,4d5ff379-624b-468c-8e0f-14ae085ed6a5,2026-07-31T19:45:00Z,2026-07-31T21:45:00+0200,464.80002,MW,FR,FR,forecast_offshore_wind_generation,Wind Offshore,2026-08-23T19:31:05Z
2026-08-23T19:28:52Z,2026-08-23T21:28:52+0200,4d5ff379-624b-468c-8e0f-14ae085ed6a5,2026-07-31T20:00:00Z,2026-07-31T22:00:00+0200,448.87,MW,FR,FR,forecast_offshore_wind_generation,Wind Offshore,2026-08-23T19:31:05Z
2026-08-23T19:28:52Z,2026-08-23T21:28:52+0200,4d5ff379-624b-468c-8e0f-14ae085ed6a5,2026-07-31T20:15:00Z,2026-07-31T22:15:00+0200,473.91,MW,FR,FR,forecast_offshore_wind_generation,Wind Offshore,2026-08-23T19:31:05Z
2026-08-23T19:28:52Z,2026-08-23T21:28:52+0200,4d5ff379-624b-468c-8e0f-14ae085ed6a5,2026-07-31T20:30:00Z,2026-07-31T22:30:00+0200,498.95001,MW,FR,FR,forecast_offshore_wind_generation,Wind Offshore,2026-08-23T19:31:05Z
2026-08-23T19:28:52Z,2026-08-23T21:28:52+0200,4d5ff379-624b-468c-8e0f-14ae085ed6a5,2026-07-31T20:45:00Z,2026-07-31T22:45:00+0200,523.94995,MW,FR,FR,forecast_offshore_wind_generation,Wind Offshore,2026-08-23T19:31:05Z
2026-08-23T19:28:52Z,2026-08-23T21:28:52+0200,4d5ff379-624b-468c-8e0f-14ae085ed6a5,2026-07-31T21:00:00Z,2026-07-31T23:00:00+0200,548.91003,MW,FR,FR,forecast_offshore_wind_generation,Wind Offshore,2026-08-23T19:31:05Z
2026-08-23T19:28:52Z,2026-08-23T21:28:52+0200,4d5ff379-624b-468c-8e0f-14ae085ed6a5,2026-07-31T21:15:00Z,2026-07-31T23:15:00+0200,571.17004,MW,FR,FR,forecast_offshore_wind_generation,Wind Offshore,2026-08-23T19:31:05Z
2026-08-23T19:28:52Z,2026-08-23T21:28:52+0200,4d5ff379-624b-468c-8e0f-14ae085ed6a5,2026-07-31T21:30:00Z,2026-07-31T23:30:00+0200,593.42999,MW,FR,FR,forecast_offshore_wind_generation,Wind Offshore,2026-08-23T19:31:05Z
2026-08-23T19:28:52Z,2026-08-23T21:28:52+0200,4d5ff379-624b-468c-8e0f-14ae085ed6a5,2026-07-31T21:45:00Z,2026-07-31T23:45:00+0200,615.64001,MW,FR,FR,forecast_offshore_wind_generation,Wind Offshore,2026-08-23T19:31:05Z
2026-08-23T19:28:52Z,2026-08-23T21:28:52+0200,4d5ff379-624b-468c-8e0f-14ae085ed6a5,2026-07-31T22:00:00Z,2026-08-01T00:00:00+0200,790.45996,MW,FR,FR,forecast_offshore_wind_generation,Wind Offshore,2026-08-23T19:31:05Z
2026-08-23T19:28:52Z,2026-08-23T21:28:52+0200,4d5ff379-624b-468c-8e0f-14ae085ed6a5,2026-07-31T22:15:00Z,2026-08-01T00:15:00+0200,776.47998,MW,FR,FR,forecast_offshore_wind_generation,Wind Offshore,2026-08-23T19:31:05Z
2026-08-23T19:28:52Z,2026-08-23T21:28:52+0200,4d5ff379-624b-468c-8e0f-14ae085ed6a5,2026-07-31T22:30:00Z,2026-08-01T00:30:00+0200,762.52002,MW,FR,FR,forecast_offshore_wind_generation,Wind Offshore,2026-08-23T19:31:05Z
2026-08-23T19:28:52Z,2026-08-23T21:28:52+0200,4d5ff379-624b-468c-8e0f-14ae085ed6a5,2026-07-31T22:45:00Z,2026-08-01T00:45:00+0200,748.53003,MW,FR,FR,forecast_offshore_wind_generation,Wind Offshore,2026-08-23T19:31:05Z
2026-08-23T19:28:52Z,2026-08-23T21:28:52+0200,4d5ff379-624b-468c-8e0f-14ae085ed6a5,2026-07-31T23:00:00Z,2026-08-01T01:00:00+0200,734.55005,MW,FR,FR,forecast_offshore_wind_generation,Wind Offshore,2026-08-23T19:31:05Z
2026-08-23T19:28:52Z,2026-08-23T21:28:52+0200,4d5ff379-624b-468c-8e0f-14ae085ed6a5,2026-07-31T23:15:00Z,2026-08-01T01:15:00+0200,712.35004,MW,FR,FR,forecast_offshore_wind_generation,Wind Offshore,2026-08-23T19:31:05Z
2026-08-23T19:28:52Z,2026-08-23T21:28:52+0200,4d5ff379-624b-468c-8e0f-14ae085ed6a5,2026-07-31T23:30:00Z,2026-08-01T01:30:00+0200,690.14001,MW,FR,FR,forecast_offshore_wind_generation,Wind Offshore,2026-08-23T19:31:05Z
2026-08-23T19:28:52Z,2026-08-23T21:28:52+0200,4d5ff379-624b-468c-8e0f-14ae085ed6a5,2026-07-31T23:45:00Z,2026-08-01T01:45:00+0200,667.92004,MW,FR,FR,forecast_offshore_wind_generation,Wind Offshore,2026-08-23T19:31:05Z
2026-08-23T19:28:52Z,2026-08-23T21:28:52+0200,4d5ff379-624b-468c-8e0f-14ae085ed6a5,2026-08-01T00:00:00Z,2026-08-01T02:00:00+0200,645.73004,MW,FR,FR,forecast_offshore_wind_generation,Wind Offshore,2026-08-23T19:31:05Z
2026-08-23T19:28:52Z,2026-08-23T21:28:52+0200,4d5ff379-624b-468c-8e0f-14ae085ed6a5,2026-08-01T00:15:00Z,2026-08-01T02:15:00+0200,639.33002,MW,FR,FR,forecast_offshore_wind_generation,Wind Offshore,2026-08-23T19:31:05Z
2026-08-23T19:28:52Z,2026-08-23T21:28:52+0200,4d5ff379-624b-468c-8e0f-14ae085ed6a5,2026-08-01T00:30:00Z,2026-08-01T02:30:00+0200,632.91998,MW,FR,FR,forecast_offshore_wind_generation,Wind Offshore,2026-08-23T19:31:05Z
2026-08-23T19:28:52Z,2026-08-23T21:28:52+0200,4d5ff379-624b-468c-8e0f-14ae085ed6a5,2026-08-01T00:45:00Z,2026-08-01T02:45:00+0200,626.53003,MW,FR,FR,forecast_offshore_wind_generation,Wind Offshore,2026-08-23T19:31:05Z
2026-08-23T19:28:52Z,2026-08-23T21:28:52+0200,4d5ff379-624b-468c-8e0f-14ae085ed6a5,2026-08-01T01:00:00Z,2026-08-01T03:00:00+0200,620.13,MW,FR,FR,forecast_offshore_wind_generation,Wind Offshore,2026-08-23T19:31:05Z
2026-08-23T19:28:52Z,2026-08-23T21:28:52+0200,4d5ff379-624b-468c-8e0f-14ae085ed6a5,2026-08-01T01:15:00Z,2026-08-01T03:15:00+0200,606.48004,MW,FR,FR,forecast_offshore_wind_generation,Wind Offshore,2026-08-23T19:31:05Z
2026-08-23T19:28:52Z,2026-08-23T21:28:52+0200,4d5ff379-624b-468c-8e0f-14ae085ed6a5,2026-08-01T01:30:00Z,2026-08-01T03:30:00+0200,592.84003,MW,FR,FR,forecast_offshore_wind_generation,Wind Offshore,2026-08-23T19:31:05Z
2026-08-23T19:28:52Z,2026-08-23T21:28:52+0200,4d5ff379-624b-468c-8e0f-14ae085ed6a5,2026-08-01T01:45:00Z,2026-08-01T03:45:00+0200,579.18005,MW,FR,FR,forecast_offshore_wind_generation,Wind Offshore,2026-08-23T19:31:05Z
2026-08-23T19:28:52Z,2026-08-23T21:28:52+0200,4d5ff379-624b-468c-8e0f-14ae085ed6a5,2026-08-01T02:00:00Z,2026-08-01T04:00:00+0200,565.53003,MW,FR,FR,forecast_offshore_wind_generation,Wind Offshore,2026-08-23T19:31:05Z
2026-08-23T19:28:52Z,2026-08-23T21:28:52+0200,4d5ff379-624b-468c-8e0f-14ae085ed6a5,2026-08-01T02:15:00Z,2026-08-01T04:15:00+0200,557.02002,MW,FR,FR,forecast_offshore_wind_generation,Wind Offshore,2026-08-23T19:31:05Z
2026-08-23T19:28:52Z,2026-08-23T21:28:52+0200,4d5ff379-624b-468c-8e0f-14ae085ed6a5,2026-08-01T02:30:00Z,2026-08-01T04:30:00+0200,548.52002,MW,FR,FR,forecast_offshore_wind_generation,Wind Offshore,2026-08-23T19:31:05Z
2026-08-23T19:28:52Z,2026-08-23T21:28:52+0200,4d5ff379-624b-468c-8e0f-14ae085ed6a5,2026-08-01T02:45:00Z,2026-08-01T04:45:00+0200,540.01001,MW,FR,FR,forecast_offshore_wind_generation,Wind Offshore,2026-08-23T19:31:05Z
2026-08-23T19:28:52Z,2026-08-23T21:28:52+0200,4d5ff379-624b-468c-8e0f-14ae085ed6a5,2026-08-01T03:00:00Z,2026-08-01T05:00:00+0200,531.51001,MW,FR,FR,forecast_offshore_wind_generation,Wind Offshore,2026-08-23T19:31:05Z
2026-08-23T19:28:52Z,2026-08-23T21:28:52+0200,4d5ff379-624b-468c-8e0f-14ae085ed6a5,2026-08-01T03:15:00Z,2026-08-01T05:15:00+0200,529.65002,MW,FR,FR,forecast_offshore_wind_generation,Wind Offshore,2026-08-23T19:31:05Z
2026-08-23T19:28:52Z,2026-08-23T21:28:52+0200,4d5ff379-624b-468c-8e0f-14ae085ed6a5,2026-08-01T03:30:00Z,2026-08-01T05:30:00+0200,527.79004,MW,FR,FR,forecast_offshore_wind_generation,Wind Offshore,2026-08-23T19:31:05Z
2026-08-23T19:28:52Z,2026-08-23T21:28:52+0200,4d5ff379-624b-468c-8e0f-14ae085ed6a5,2026-08-01T03:45:00Z,2026-08-01T05:45:00+0200,525.92999,MW,FR,FR,forecast_offshore_wind_generation,Wind Offshore,2026-08-23T19:31:05Z
2026-08-23T19:28:52Z,2026-08-23T21:28:52+0200,4d5ff379-624b-468c-8e0f-14ae085ed6a5,2026-08-01T04:00:00Z,2026-08-01T06:00:00+0200,524.06995,MW,FR,FR,forecast_offshore_wind_generation,Wind Offshore,2026-08-23T19:31:05Z
2026-08-23T19:28:52Z,2026-08-23T21:28:52+0200,4d5ff379-624b-468c-8e0f-14ae085ed6a5,2026-08-01T04:15:00Z,2026-08-01T06:15:00+0200,508.97998,MW,FR,FR,forecast_offshore_wind_generation,Wind Offshore,2026-08-23T19:31:05Z
2026-08-23T19:28:52Z,2026-08-23T21:28:52+0200,4d5ff379-624b-468c-8e0f-14ae085ed6a5,2026-08-01T04:30:00Z,2026-08-01T06:30:00+0200,493.87003,MW,FR,FR,forecast_offshore_wind_generation,Wind Offshore,2026-08-23T19:31:05Z
2026-08-23T19:28:52Z,2026-08-23T21:28:52+0200,4d5ff379-624b-468c-8e0f-14ae085ed6a5,2026-08-01T04:45:00Z,2026-08-01T06:45:00+0200,478.82001,MW,FR,FR,forecast_offshore_wind_generation,Wind Offshore,2026-08-23T19:31:05Z
2026-08-23T19:28:52Z,2026-08-23T21:28:52+0200,4d5ff379-624b-468c-8e0f-14ae085ed6a5,2026-08-01T05:00:00Z,2026-08-01T07:00:00+0200,463.82004,MW,FR,FR,forecast_offshore_wind_generation,Wind Offshore,2026-08-23T19:31:05Z
2026-08-23T19:28:52Z,2026-08-23T21:28:52+0200,4d5ff379-624b-468c-8e0f-14ae085ed6a5,2026-08-01T05:15:00Z,2026-08-01T07:15:00+0200,444.16003,MW,FR,FR,forecast_offshore_wind_generation,Wind Offshore,2026-08-23T19:31:05Z
2026-08-23T19:28:52Z,2026-08-23T21:28:52+0200,4d5ff379-624b-468c-8e0f-14ae085ed6a5,2026-08-01T05:30:00Z,2026-08-01T07:30:00+0200,424.48999,MW,FR,FR,forecast_offshore_wind_generation,Wind Offshore,2026-08-23T19:31:05Z
2026-08-23T19:28:52Z,2026-08-23T21:28:52+0200,4d5ff379-624b-468c-8e0f-14ae085ed6a5,2026-08-01T05:45:00Z,2026-08-01T07:45:00+0200,404.84003,MW,FR,FR,forecast_offshore_wind_generation,Wind Offshore,2026-08-23T19:31:05Z
2026-08-23T19:28:52Z,2026-08-23T21:28:52+0200,4d5ff379-624b-468c-8e0f-14ae085ed6a5,2026-08-01T06:00:00Z,2026-08-01T08:00:00+0200,385.17001,MW,FR,FR,forecast_offshore_wind_generation,Wind Offshore,2026-08-23T19:31:05Z
2026-08-23T19:28:52Z,2026-08-23T21:28:52+0200,4d5ff379-624b-468c-8e0f-14ae085ed6a5,2026-08-01T06:15:00Z,2026-08-01T08:15:00+0200,370.39999,MW,FR,FR,forecast_offshore_wind_generation,Wind Offshore,2026-08-23T19:31:05Z
2026-08-23T19:28:52Z,2026-08-23T21:28:52+0200,4d5ff379-624b-468c-8e0f-14ae085ed6a5,2026-08-01T06:30:00Z,2026-08-01T08:30:00+0200,355.64001,MW,FR,FR,forecast_offshore_wind_generation,Wind Offshore,2026-08-23T19:31:05Z
2026-08-23T19:28:52Z,2026-08-23T21:28:52+0200,4d5ff379-624b-468c-8e0f-14ae085ed6a5,2026-08-01T06:45:00Z,2026-08-01T08:45:00+0200,340.87,MW,FR,FR,forecast_offshore_wind_generation,Wind Offshore,2026-08-23T19:31:05Z
2026-08-23T19:28:52Z,2026-08-23T21:28:52+0200,4d5ff379-624b-468c-8e0f-14ae085ed6a5,2026-08-01T07:00:00Z,2026-08-01T09:00:00+0200,326.08997,MW,FR,FR,forecast_offshore_wind_generation,Wind Offshore,2026-08-23T19:31:05Z
2026-08-23T19:28:52Z,2026-08-23T21:28:52+0200,4d5ff379-624b-468c-8e0f-14ae085ed6a5,2026-08-01T07:15:00Z,2026-08-01T09:15:00+0200,319.87,MW,FR,FR,forecast_offshore_wind_generation,Wind Offshore,2026-08-23T19:31:05Z
2026-08-23T19:28:52Z,2026-08-23T21:28:52+0200,4d5ff379-624b-468c-8e0f-14ae085ed6a5,2026-08-01T07:30:00Z,2026-08-01T09:30:00+0200,313.66,MW,FR,FR,forecast_offshore_wind_generation,Wind Offshore,2026-08-23T19:31:05Z
2026-08-23T19:28:52Z,2026-08-23T21:28:52+0200,4d5ff379-624b-468c-8e0f-14ae085ed6a5,2026-08-01T07:45:00Z,2026-08-01T09:45:00+0200,307.44,MW,FR,FR,forecast_offshore_wind_generation,Wind Offshore,2026-08-23T19:31:05Z
2026-08-23T19:28:52Z,2026-08-23T21:28:52+0200,4d5ff379-624b-468c-8e0f-14ae085ed6a5,2026-08-01T08:00:00Z,2026-08-01T10:00:00+0200,301.22,MW,FR,FR,forecast_offshore_wind_generation,Wind Offshore,2026-08-23T19:31:05Z
2026-08-23T19:28:52Z,2026-08-23T21:28:52+0200,4d5ff379-624b-468c-8e0f-14ae085ed6a5,2026-08-01T08:15:00Z,2026-08-01T10:15:00+0200,298.06,MW,FR,FR,forecast_offshore_wind_generation,Wind Offshore,2026-08-23T19:31:05Z
2026-08-23T19:28:52Z,2026-08-23T21:28:52+0200,4d5ff379-624b-468c-8e0f-14ae085ed6a5,2026-08-01T08:30:00Z,2026-08-01T10:30:00+0200,294.89999,MW,FR,FR,forecast_offshore_wind_generation,Wind Offshore,2026-08-23T19:31:05Z
2026-08-23T19:28:52Z,2026-08-23T21:28:52+0200,4d5ff379-624b-468c-8e0f-14ae085ed6a5,2026-08-01T08:45:00Z,2026-08-01T10:45:00+0200,291.73999,MW,FR,FR,forecast_offshore_wind_generation,Wind Offshore,2026-08-23T19:31:05Z
2026-08-23T19:28:52Z,2026-08-23T21:28:52+0200,4d5ff379-624b-468c-8e0f-14ae085ed6a5,2026-08-01T09:00:00Z,2026-08-01T11:00:00+0200,288.57001,MW,FR,FR,forecast_offshore_wind_generation,Wind Offshore,2026-08-23T19:31:05Z
2026-08-23T19:28:52Z,2026-08-23T21:28:52+0200,4d5ff379-624b-468c-8e0f-14ae085ed6a5,2026-08-01T09:15:00Z,2026-08-01T11:15:00+0200,280.56998,MW,FR,FR,forecast_offshore_wind_generation,Wind Offshore,2026-08-23T19:31:05Z
2026-08-23T19:28:52Z,2026-08-23T21:28:52+0200,4d5ff379-624b-468c-8e0f-14ae085ed6a5,2026-08-01T09:30:00Z,2026-08-01T11:30:00+0200,272.57001,MW,FR,FR,forecast_offshore_wind_generation,Wind Offshore,2026-08-23T19:31:05Z
2026-08-23T19:28:52Z,2026-08-23T21:28:52+0200,4d5ff379-624b-468c-8e0f-14ae085ed6a5,2026-08-01T09:45:00Z,2026-08-01T11:45:00+0200,264.57001,MW,FR,FR,forecast_offshore_wind_generation,Wind Offshore,2026-08-23T19:31:05Z
2026-08-23T19:28:52Z,2026-08-23T21:28:52+0200,4d5ff379-624b-468c-8e0f-14ae085ed6a5,2026-08-01T10:00:00Z,2026-08-01T12:00:00+0200,256.57001,MW,FR,FR,forecast_offshore_wind_generation,Wind Offshore,2026-08-23T19:31:05Z
2026-08-23T19:28:52Z,2026-08-23T21:28:52+0200,4d5ff379-624b-468c-8e0f-14ae085ed6a5,2026-08-01T10:15:00Z,2026-08-01T12:15:00+0200,244.02002,MW,FR,FR,forecast_offshore_wind_generation,Wind Offshore,2026-08-23T19:31:05Z
2026-08-23T19:28:52Z,2026-08-23T21:28:52+0200,4d5ff379-624b-468c-8e0f-14ae085ed6a5,2026-08-01T10:30:00Z,2026-08-01T12:30:00+0200,231.47,MW,FR,FR,forecast_offshore_wind_generation,Wind Offshore,2026-08-23T19:31:05Z
2026-08-23T19:28:52Z,2026-08-23T21:28:52+0200,4d5ff379-624b-468c-8e0f-14ae085ed6a5,2026-08-01T10:45:00Z,2026-08-01T12:45:00+0200,218.92001,MW,FR,FR,forecast_offshore_wind_generation,Wind Offshore,2026-08-23T19:31:05Z
2026-08-23T19:28:52Z,2026-08-23T21:28:52+0200,4d5ff379-624b-468c-8e0f-14ae085ed6a5,2026-08-01T11:00:00Z,2026-08-01T13:00:00+0200,206.37999,MW,FR,FR,forecast_offshore_wind_generation,Wind Offshore,2026-08-23T19:31:05Z
2026-08-23T19:28:52Z,2026-08-23T21:28:52+0200,4d5ff379-624b-468c-8e0f-14ae085ed6a5,2026-08-01T11:15:00Z,2026-08-01T13:15:00+0200,202.78,MW,FR,FR,forecast_offshore_wind_generation,Wind Offshore,2026-08-23T19:31:05Z
2026-08-23T19:28:52Z,2026-08-23T21:28:52+0200,4d5ff379-624b-468c-8e0f-14ae085ed6a5,2026-08-01T11:30:00Z,2026-08-01T13:30:00+0200,199.17998,MW,FR,FR,forecast_offshore_wind_generation,Wind Offshore,2026-08-23T19:31:05Z
2026-08-23T19:28:52Z,2026-08-23T21:28:52+0200,4d5ff379-624b-468c-8e0f-14ae085ed6a5,2026-08-01T11:45:00Z,2026-08-01T13:45:00+0200,195.58002,MW,FR,FR,forecast_offshore_wind_generation,Wind Offshore,2026-08-23T19:31:05Z
2026-08-23T19:28:52Z,2026-08-23T21:28:52+0200,4d5ff379-624b-468c-8e0f-14ae085ed6a5,2026-08-01T12:00:00Z,2026-08-01T14:00:00+0200,191.99001,MW,FR,FR,forecast_offshore_wind_generation,Wind Offshore,2026-08-23T19:31:05Z
2026-08-23T19:28:52Z,2026-08-23T21:28:52+0200,4d5ff379-624b-468c-8e0f-14ae085ed6a5,2026-08-01T12:15:00Z,2026-08-01T14:15:00+0200,193.95999,MW,FR,FR,forecast_offshore_wind_generation,Wind Offshore,2026-08-23T19:31:05Z
2026-08-23T19:28:52Z,2026-08-23T21:28:52+0200,4d5ff379-624b-468c-8e0f-14ae085ed6a5,2026-08-01T12:30:00Z,2026-08-01T14:30:00+0200,195.91,MW,FR,FR,forecast_offshore_wind_generation,Wind Offshore,2026-08-23T19:31:05Z
2026-08-23T19:28:52Z,2026-08-23T21:28:52+0200,4d5ff379-624b-468c-8e0f-14ae085ed6a5,2026-08-01T12:45:00Z,2026-08-01T14:45:00+0200,197.88,MW,FR,FR,forecast_offshore_wind_generation,Wind Offshore,2026-08-23T19:31:05Z
2026-08-23T19:28:52Z,2026-08-23T21:28:52+0200,4d5ff379-624b-468c-8e0f-14ae085ed6a5,2026-08-01T13:00:00Z,2026-08-01T15:00:00+0200,199.84999,MW,FR,FR,forecast_offshore_wind_generation,Wind Offshore,2026-08-23T19:31:05Z
2026-08-23T19:28:52Z,2026-08-23T21:28:52+0200,4d5ff379-624b-468c-8e0f-14ae085ed6a5,2026-08-01T13:15:00Z,2026-08-01T15:15:00+0200,199.20999,MW,FR,FR,forecast_offshore_wind_generation,Wind Offshore,2026-08-23T19:31:05Z
2026-08-23T19:28:52Z,2026-08-23T21:28:52+0200,4d5ff379-624b-468c-8e0f-14ae085ed6a5,2026-08-01T13:30:00Z,2026-08-01T15:30:00+0200,198.59,MW,FR,FR,forecast_offshore_wind_generation,Wind Offshore,2026-08-23T19:31:05Z
2026-08-23T19:28:52Z,2026-08-23T21:28:52+0200,4d5ff379-624b-468c-8e0f-14ae085ed6a5,2026-08-01T13:45:00Z,2026-08-01T15:45:00+0200,197.97,MW,FR,FR,forecast_offshore_wind_generation,Wind Offshore,2026-08-23T19:31:05Z
2026-08-23T19:28:52Z,2026-08-23T21:28:52+0200,4d5ff379-624b-468c-8e0f-14ae085ed6a5,2026-08-01T14:00:00Z,2026-08-01T16:00:00+0200,197.34001,MW,FR,FR,forecast_offshore_wind_generation,Wind Offshore,2026-08-23T19:31:05Z
2026-08-23T19:28:52Z,2026-08-23T21:28:52+0200,4d5ff379-624b-468c-8e0f-14ae085ed6a5,2026-08-01T14:15:00Z,2026-08-01T16:15:00+0200,202.55,MW,FR,FR,forecast_offshore_wind_generation,Wind Offshore,2026-08-23T19:31:05Z
2026-08-23T19:28:52Z,2026-08-23T21:28:52+0200,4d5ff379-624b-468c-8e0f-14ae085ed6a5,2026-08-01T14:30:00Z,2026-08-01T16:30:00+0200,207.77,MW,FR,FR,forecast_offshore_wind_generation,Wind Offshore,2026-08-23T19:31:05Z
2026-08-23T19:28:52Z,2026-08-23T21:28:52+0200,4d5ff379-624b-468c-8e0f-14ae085ed6a5,2026-08-01T14:45:00Z,2026-08-01T16:45:00+0200,212.98001,MW,FR,FR,forecast_offshore_wind_generation,Wind Offshore,2026-08-23T19:31:05Z
2026-08-23T19:28:52Z,2026-08-23T21:28:52+0200,4d5ff379-624b-468c-8e0f-14ae085ed6a5,2026-08-01T15:00:00Z,2026-08-01T17:00:00+0200,218.17999,MW,FR,FR,forecast_offshore_wind_generation,Wind Offshore,2026-08-23T19:31:05Z
2026-08-23T19:28:52Z,2026-08-23T21:28:52+0200,4d5ff379-624b-468c-8e0f-14ae085ed6a5,2026-08-01T15:15:00Z,2026-08-01T17:15:00+0200,226.11,MW,FR,FR,forecast_offshore_wind_generation,Wind Offshore,2026-08-23T19:31:05Z
2026-08-23T19:28:52Z,2026-08-23T21:28:52+0200,4d5ff379-624b-468c-8e0f-14ae085ed6a5,2026-08-01T15:30:00Z,2026-08-01T17:30:00+0200,234.02,MW,FR,FR,forecast_offshore_wind_generation,Wind Offshore,2026-08-23T19:31:05Z
2026-08-23T19:28:52Z,2026-08-23T21:28:52+0200,4d5ff379-624b-468c-8e0f-14ae085ed6a5,2026-08-01T15:45:00Z,2026-08-01T17:45:00+0200,241.95999,MW,FR,FR,forecast_offshore_wind_generation,Wind Offshore,2026-08-23T19:31:05Z
2026-08-23T19:28:52Z,2026-08-23T21:28:52+0200,4d5ff379-624b-468c-8e0f-14ae085ed6a5,2026-08-01T16:00:00Z,2026-08-01T18:00:00+0200,249.85999,MW,FR,FR,forecast_offshore_wind_generation,Wind Offshore,2026-08-23T19:31:05Z
2026-08-23T19:28:52Z,2026-08-23T21:28:52+0200,4d5ff379-624b-468c-8e0f-14ae085ed6a5,2026-08-01T16:15:00Z,2026-08-01T18:15:00+0200,261.07001,MW,FR,FR,forecast_offshore_wind_generation,Wind Offshore,2026-08-23T19:31:05Z
2026-08-23T19:28:52Z,2026-08-23T21:28:52+0200,4d5ff379-624b-468c-8e0f-14ae085ed6a5,2026-08-01T16:30:00Z,2026-08-01T18:30:00+0200,272.28,MW,FR,FR,forecast_offshore_wind_generation,Wind Offshore,2026-08-23T19:31:05Z
2026-08-23T19:28:52Z,2026-08-23T21:28:52+0200,4d5ff379-624b-468c-8e0f-14ae085ed6a5,2026-08-01T16:45:00Z,2026-08-01T18:45:00+0200,283.47998,MW,FR,FR,forecast_offshore_wind_generation,Wind Offshore,2026-08-23T19:31:05Z
2026-08-23T19:28:52Z,2026-08-23T21:28:52+0200,4d5ff379-624b-468c-8e0f-14ae085ed6a5,2026-08-01T17:00:00Z,2026-08-01T19:00:00+0200,294.67999,MW,FR,FR,forecast_offshore_wind_generation,Wind Offshore,2026-08-23T19:31:05Z
2026-08-23T19:28:52Z,2026-08-23T21:28:52+0200,4d5ff379-624b-468c-8e0f-14ae085ed6a5,2026-08-01T17:15:00Z,2026-08-01T19:15:00+0200,311.67001,MW,FR,FR,forecast_offshore_wind_generation,Wind Offshore,2026-08-23T19:31:05Z
2026-08-23T19:28:52Z,2026-08-23T21:28:52+0200,4d5ff379-624b-468c-8e0f-14ae085ed6a5,2026-08-01T17:30:00Z,2026-08-01T19:30:00+0200,328.67001,MW,FR,FR,forecast_offshore_wind_generation,Wind Offshore,2026-08-23T19:31:05Z
2026-08-23T19:28:52Z,2026-08-23T21:28:52+0200,4d5ff379-624b-468c-8e0f-14ae085ed6a5,2026-08-01T17:45:00Z,2026-08-01T19:45:00+0200,345.66998,MW,FR,FR,forecast_offshore_wind_generation,Wind Offshore,2026-08-23T19:31:05Z
2026-08-23T19:28:52Z,2026-08-23T21:28:52+0200,4d5ff379-624b-468c-8e0f-14ae085ed6a5,2026-08-01T18:00:00Z,2026-08-01T20:00:00+0200,362.66998,MW,FR,FR,forecast_offshore_wind_generation,Wind Offshore,2026-08-23T19:31:05Z
2026-08-23T19:28:52Z,2026-08-23T21:28:52+0200,4d5ff379-624b-468c-8e0f-14ae085ed6a5,2026-08-01T18:15:00Z,2026-08-01T20:15:00+0200,374.70999,MW,FR,FR,forecast_offshore_wind_generation,Wind Offshore,2026-08-23T19:31:05Z
2026-08-23T19:28:52Z,2026-08-23T21:28:52+0200,4d5ff379-624b-468c-8e0f-14ae085ed6a5,2026-08-01T18:30:00Z,2026-08-01T20:30:00+0200,386.76001,MW,FR,FR,forecast_offshore_wind_generation,Wind Offshore,2026-08-23T19:31:05Z
2026-08-23T19:28:52Z,2026-08-23T21:28:52+0200,4d5ff379-624b-468c-8e0f-14ae085ed6a5,2026-08-01T18:45:00Z,2026-08-01T20:45:00+0200,398.81,MW,FR,FR,forecast_offshore_wind_generation,Wind Offshore,2026-08-23T19:31:05Z
2026-08-23T19:28:52Z,2026-08-23T21:28:52+0200,4d5ff379-624b-468c-8e0f-14ae085ed6a5,2026-08-01T19:00:00Z,2026-08-01T21:00:00+0200,410.86002,MW,FR,FR,forecast_offshore_wind_generation,Wind Offshore,2026-08-23T19:31:05Z
2026-08-23T19:28:52Z,2026-08-23T21:28:52+0200,4d5ff379-624b-468c-8e0f-14ae085ed6a5,2026-08-01T19:15:00Z,2026-08-01T21:15:00+0200,405.34998,MW,FR,FR,forecast_offshore_wind_generation,Wind Offshore,2026-08-23T19:31:05Z
2026-08-23T19:28:52Z,2026-08-23T21:28:52+0200,4d5ff379-624b-468c-8e0f-14ae085ed6a5,2026-08-01T19:30:00Z,2026-08-01T21:30:00+0200,399.85999,MW,FR,FR,forecast_offshore_wind_generation,Wind Offshore,2026-08-23T19:31:05Z
2026-08-23T19:28:52Z,2026-08-23T21:28:52+0200,4d5ff379-624b-468c-8e0f-14ae085ed6a5,2026-08-01T19:45:00Z,2026-08-01T21:45:00+0200,394.34,MW,FR,FR,forecast_offshore_wind_generation,Wind Offshore,2026-08-23T19:31:05Z
2026-08-23T19:28:52Z,2026-08-23T21:28:52+0200,4d5ff379-624b-468c-8e0f-14ae085ed6a5,2026-08-01T20:00:00Z,2026-08-01T22:00:00+0200,388.83002,MW,FR,FR,forecast_offshore_wind_generation,Wind Offshore,2026-08-23T19:31:05Z
2026-08-23T19:28:52Z,2026-08-23T21:28:52+0200,4d5ff379-624b-468c-8e0f-14ae085ed6a5,2026-08-01T20:15:00Z,2026-08-01T22:15:00+0200,439.34,MW,FR,FR,forecast_offshore_wind_generation,Wind Offshore,2026-08-23T19:31:05Z
2026-08-23T19:28:52Z,2026-08-23T21:28:52+0200,4d5ff379-624b-468c-8e0f-14ae085ed6a5,2026-08-01T20:30:00Z,2026-08-01T22:30:00+0200,489.84998,MW,FR,FR,forecast_offshore_wind_generation,Wind Offshore,2026-08-23T19:31:05Z
2026-08-23T19:28:52Z,2026-08-23T21:28:52+0200,4d5ff379-624b-468c-8e0f-14ae085ed6a5,2026-08-01T20:45:00Z,2026-08-01T22:45:00+0200,540.33997,MW,FR,FR,forecast_offshore_wind_generation,Wind Offshore,2026-08-23T19:31:05Z
2026-08-23T19:28:52Z,2026-08-23T21:28:52+0200,4d5ff379-624b-468c-8e0f-14ae085ed6a5,2026-08-01T21:00:00Z,2026-08-01T23:00:00+0200,590.82996,MW,FR,FR,forecast_offshore_wind_generation,Wind Offshore,2026-08-23T19:31:05Z
2026-08-23T19:28:52Z,2026-08-23T21:28:52+0200,4d5ff379-624b-468c-8e0f-14ae085ed6a5,2026-08-01T21:15:00Z,2026-08-01T23:15:00+0200,627.77002,MW,FR,FR,forecast_offshore_wind_generation,Wind Offshore,2026-08-23T19:31:05Z
2026-08-23T19:28:52Z,2026-08-23T21:28:52+0200,4d5ff379-624b-468c-8e0f-14ae085ed6a5,2026-08-01T21:30:00Z,2026-08-01T23:30:00+0200,664.73004,MW,FR,FR,forecast_offshore_wind_generation,Wind Offshore,2026-08-23T19:31:05Z
2026-08-23T19:28:52Z,2026-08-23T21:28:52+0200,4d5ff379-624b-468c-8e0f-14ae085ed6a5,2026-08-01T21:45:00Z,2026-08-01T23:45:00+0200,701.67999,MW,FR,FR,forecast_offshore_wind_generation,Wind Offshore,2026-08-23T19:31:05Z
2026-08-23T19:28:52Z,2026-08-23T21:28:52+0200,4d5ff379-624b-468c-8e0f-14ae085ed6a5,2026-08-01T22:00:00Z,2026-08-02T00:00:00+0200,723.66998,MW,FR,FR,forecast_offshore_wind_generation,Wind Offshore,2026-08-23T19:31:05Z
2026-08-23T19:28:52Z,2026-08-23T21:28:52+0200,4d5ff379-624b-468c-8e0f-14ae085ed6a5,2026-08-01T22:15:00Z,2026-08-02T00:15:00+0200,715.65002,MW,FR,FR,forecast_offshore_wind_generation,Wind Offshore,2026-08-23T19:31:05Z
2026-08-23T19:28:52Z,2026-08-23T21:28:52+0200,4d5ff379-624b-468c-8e0f-14ae085ed6a5,2026-08-01T22:30:00Z,2026-08-02T00:30:00+0200,707.60999,MW,FR,FR,forecast_offshore_wind_generation,Wind Offshore,2026-08-23T19:31:05Z
2026-08-23T19:28:52Z,2026-08-23T21:28:52+0200,4d5ff379-624b-468c-8e0f-14ae085ed6a5,2026-08-01T22:45:00Z,2026-08-02T00:45:00+0200,699.57001,MW,FR,FR,forecast_offshore_wind_generation,Wind Offshore,2026-08-23T19:31:05Z
2026-08-23T19:28:52Z,2026-08-23T21:28:52+0200,4d5ff379-624b-468c-8e0f-14ae085ed6a5,2026-08-01T23:00:00Z,2026-08-02T01:00:00+0200,691.56,MW,FR,FR,forecast_offshore_wind_generation,Wind Offshore,2026-08-23T19:31:05Z
2026-08-23T19:28:52Z,2026-08-23T21:28:52+0200,4d5ff379-624b-468c-8e0f-14ae085ed6a5,2026-08-01T23:15:00Z,2026-08-02T01:15:00+0200,686.10999,MW,FR,FR,forecast_offshore_wind_generation,Wind Offshore,2026-08-23T19:31:05Z
2026-08-23T19:28:52Z,2026-08-23T21:28:52+0200,4d5ff379-624b-468c-8e0f-14ae085ed6a5,2026-08-01T23:30:00Z,2026-08-02T01:30:00+0200,680.68994,MW,FR,FR,forecast_offshore_wind_generation,Wind Offshore,2026-08-23T19:31:05Z
2026-08-23T19:28:52Z,2026-08-23T21:28:52+0200,4d5ff379-624b-468c-8e0f-14ae085ed6a5,2026-08-01T23:45:00Z,2026-08-02T01:45:00+0200,675.25,MW,FR,FR,forecast_offshore_wind_generation,Wind Offshore,2026-08-23T19:31:05Z
2026-08-23T19:28:52Z,2026-08-23T21:28:52+0200,4d5ff379-624b-468c-8e0f-14ae085ed6a5,2026-08-02T00:00:00Z,2026-08-02T02:00:00+0200,669.81006,MW,FR,FR,forecast_offshore_wind_generation,Wind Offshore,2026-08-23T19:31:05Z
2026-08-23T19:28:52Z,2026-08-23T21:28:52+0200,4d5ff379-624b-468c-8e0f-14ae085ed6a5,2026-08-02T00:15:00Z,2026-08-02T02:15:00+0200,646.53998,MW,FR,FR,forecast_offshore_wind_generation,Wind Offshore,2026-08-23T19:31:05Z
2026-08-23T19:28:52Z,2026-08-23T21:28:52+0200,4d5ff379-624b-468c-8e0f-14ae085ed6a5,2026-08-02T00:30:00Z,2026-08-02T02:30:00+0200,623.30005,MW,FR,FR,forecast_offshore_wind_generation,Wind Offshore,2026-08-23T19:31:05Z
2026-08-23T19:28:52Z,2026-08-23T21:28:52+0200,4d5ff379-624b-468c-8e0f-14ae085ed6a5,2026-08-02T00:45:00Z,2026-08-02T02:45:00+0200,600.02002,MW,FR,FR,forecast_offshore_wind_generation,Wind Offshore,2026-08-23T19:31:05Z
2026-08-23T19:28:52Z,2026-08-23T21:28:52+0200,4d5ff379-624b-468c-8e0f-14ae085ed6a5,2026-08-02T01:00:00Z,2026-08-02T03:00:00+0200,576.95996,MW,FR,FR,forecast_offshore_wind_generation,Wind Offshore,2026-08-23T19:31:05Z
2026-08-23T19:28:52Z,2026-08-23T21:28:52+0200,4d5ff379-624b-468c-8e0f-14ae085ed6a5,2026-08-02T01:15:00Z,2026-08-02T03:15:00+0200,569.17004,MW,FR,FR,forecast_offshore_wind_generation,Wind Offshore,2026-08-23T19:31:05Z
2026-08-23T19:28:52Z,2026-08-23T21:28:52+0200,4d5ff379-624b-468c-8e0f-14ae085ed6a5,2026-08-02T01:30:00Z,2026-08-02T03:30:00+0200,561.37,MW,FR,FR,forecast_offshore_wind_generation,Wind Offshore,2026-08-23T19:31:05Z
2026-08-23T19:28:52Z,2026-08-23T21:28:52+0200,4d5ff379-624b-468c-8e0f-14ae085ed6a5,2026-08-02T01:45:00Z,2026-08-02T03:45:00+0200,553.57996,MW,FR,FR,forecast_offshore_wind_generation,Wind Offshore,2026-08-23T19:31:05Z
2026-08-23T19:28:52Z,2026-08-23T21:28:52+0200,4d5ff379-624b-468c-8e0f-14ae085ed6a5,2026-08-02T02:00:00Z,2026-08-02T04:00:00+0200,545.78998,MW,FR,FR,forecast_offshore_wind_generation,Wind Offshore,2026-08-23T19:31:05Z
2026-08-23T19:28:52Z,2026-08-23T21:28:52+0200,4d5ff379-624b-468c-8e0f-14ae085ed6a5,2026-08-02T02:15:00Z,2026-08-02T04:15:00+0200,538.03003,MW,FR,FR,forecast_offshore_wind_generation,Wind Offshore,2026-08-23T19:31:05Z
2026-08-23T19:28:52Z,2026-08-23T21:28:52+0200,4d5ff379-624b-468c-8e0f-14ae085ed6a5,2026-08-02T02:30:00Z,2026-08-02T04:30:00+0200,530.28003,MW,FR,FR,forecast_offshore_wind_generation,Wind Offshore,2026-08-23T19:31:05Z
2026-08-23T19:28:52Z,2026-08-23T21:28:52+0200,4d5ff379-624b-468c-8e0f-14ae085ed6a5,2026-08-02T02:45:00Z,2026-08-02T04:45:00+0200,522.54999,MW,FR,FR,forecast_offshore_wind_generation,Wind Offshore,2026-08-23T19:31:05Z
2026-08-23T19:28:52Z,2026-08-23T21:28:52+0200,4d5ff379-624b-468c-8e0f-14ae085ed6a5,2026-08-02T03:00:00Z,2026-08-02T05:00:00+0200,514.78003,MW,FR,FR,forecast_offshore_wind_generation,Wind Offshore,2026-08-23T19:31:05Z
2026-08-23T19:28:52Z,2026-08-23T21:28:52+0200,4d5ff379-624b-468c-8e0f-14ae085ed6a5,2026-08-02T03:15:00Z,2026-08-02T05:15:00+0200,504.31,MW,FR,FR,forecast_offshore_wind_generation,Wind Offshore,2026-08-23T19:31:05Z
2026-08-23T19:28:52Z,2026-08-23T21:28:52+0200,4d5ff379-624b-468c-8e0f-14ae085ed6a5,2026-08-02T03:30:00Z,2026-08-02T05:30:00+0200,493.97998,MW,FR,FR,forecast_offshore_wind_generation,Wind Offshore,2026-08-23T19:31:05Z
2026-08-23T19:28:52Z,2026-08-23T21:28:52+0200,4d5ff379-624b-468c-8e0f-14ae085ed6a5,2026-08-02T03:45:00Z,2026-08-02T05:45:00+0200,483.70001,MW,FR,FR,forecast_offshore_wind_generation,Wind Offshore,2026-08-23T19:31:05Z
2026-08-23T19:28:52Z,2026-08-23T21:28:52+0200,4d5ff379-624b-468c-8e0f-14ae085ed6a5,2026-08-02T04:00:00Z,2026-08-02T06:00:00+0200,473.44,MW,FR,FR,forecast_offshore_wind_generation,Wind Offshore,2026-08-23T19:31:05Z
2026-08-23T19:28:52Z,2026-08-23T21:28:52+0200,4d5ff379-624b-468c-8e0f-14ae085ed6a5,2026-08-02T04:15:00Z,2026-08-02T06:15:00+0200,461.66998,MW,FR,FR,forecast_offshore_wind_generation,Wind Offshore,2026-08-23T19:31:05Z
2026-08-23T19:28:52Z,2026-08-23T21:28:52+0200,4d5ff379-624b-468c-8e0f-14ae085ed6a5,2026-08-02T04:30:00Z,2026-08-02T06:30:00+0200,449.90997,MW,FR,FR,forecast_offshore_wind_generation,Wind Offshore,2026-08-23T19:31:05Z
2026-08-23T19:28:52Z,2026-08-23T21:28:52+0200,4d5ff379-624b-468c-8e0f-14ae085ed6a5,2026-08-02T04:45:00Z,2026-08-02T06:45:00+0200,438.15002,MW,FR,FR,forecast_offshore_wind_generation,Wind Offshore,2026-08-23T19:31:05Z
2026-08-23T19:28:52Z,2026-08-23T21:28:52+0200,4d5ff379-624b-468c-8e0f-14ae085ed6a5,2026-08-02T05:00:00Z,2026-08-02T07:00:00+0200,426.39999,MW,FR,FR,forecast_offshore_wind_generation,Wind Offshore,2026-08-23T19:31:05Z
2026-08-23T19:28:52Z,2026-08-23T21:28:52+0200,4d5ff379-624b-468c-8e0f-14ae085ed6a5,2026-08-02T05:15:00Z,2026-08-02T07:15:00+0200,416.22,MW,FR,FR,forecast_offshore_wind_generation,Wind Offshore,2026-08-23T19:31:05Z
2026-08-23T19:28:52Z,2026-08-23T21:28:52+0200,4d5ff379-624b-468c-8e0f-14ae085ed6a5,2026-08-02T05:30:00Z,2026-08-02T07:30:00+0200,406.01001,MW,FR,FR,forecast_offshore_wind_generation,Wind Offshore,2026-08-23T19:31:05Z
2026-08-23T19:28:52Z,2026-08-23T21:28:52+0200,4d5ff379-624b-468c-8e0f-14ae085ed6a5,2026-08-02T05:45:00Z,2026-08-02T07:45:00+0200,395.83002,MW,FR,FR,forecast_offshore_wind_generation,Wind Offshore,2026-08-23T19:31:05Z
2026-08-23T19:28:52Z,2026-08-23T21:28:52+0200,4d5ff379-624b-468c-8e0f-14ae085ed6a5,2026-08-02T06:00:00Z,2026-08-02T08:00:00+0200,385.64001,MW,FR,FR,forecast_offshore_wind_generation,Wind Offshore,2026-08-23T19:31:05Z
2026-08-23T19:28:52Z,2026-08-23T21:28:52+0200,4d5ff379-624b-468c-8e0f-14ae085ed6a5,2026-08-02T06:15:00Z,2026-08-02T08:15:00+0200,377.97,MW,FR,FR,forecast_offshore_wind_generation,Wind Offshore,2026-08-23T19:31:05Z
2026-08-23T19:28:52Z,2026-08-23T21:28:52+0200,4d5ff379-624b-468c-8e0f-14ae085ed6a5,2026-08-02T06:30:00Z,2026-08-02T08:30:00+0200,370.31,MW,FR,FR,forecast_offshore_wind_generation,Wind Offshore,2026-08-23T19:31:05Z
2026-08-23T19:28:52Z,2026-08-23T21:28:52+0200,4d5ff379-624b-468c-8e0f-14ae085ed6a5,2026-08-02T06:45:00Z,2026-08-02T08:45:00+0200,362.63,MW,FR,FR,forecast_offshore_wind_generation,Wind Offshore,2026-08-23T19:31:05Z
2026-08-23T19:28:52Z,2026-08-23T21:28:52+0200,4d5ff379-624b-468c-8e0f-14ae085ed6a5,2026-08-02T07:00:00Z,2026-08-02T09:00:00+0200,354.97,MW,FR,FR,forecast_offshore_wind_generation,Wind Offshore,2026-08-23T19:31:05Z
2026-08-23T19:28:52Z,2026-08-23T21:28:52+0200,4d5ff379-624b-468c-8e0f-14ae085ed6a5,2026-08-02T07:15:00Z,2026-08-02T09:15:00+0200,335.25998,MW,FR,FR,forecast_offshore_wind_generation,Wind Offshore,2026-08-23T19:31:05Z
2026-08-23T19:28:52Z,2026-08-23T21:28:52+0200,4d5ff379-624b-468c-8e0f-14ae085ed6a5,2026-08-02T07:30:00Z,2026-08-02T09:30:00+0200,315.57001,MW,FR,FR,forecast_offshore_wind_generation,Wind Offshore,2026-08-23T19:31:05Z
2026-08-23T19:28:52Z,2026-08-23T21:28:52+0200,4d5ff379-624b-468c-8e0f-14ae085ed6a5,2026-08-02T07:45:00Z,2026-08-02T09:45:00+0200,295.87,MW,FR,FR,forecast_offshore_wind_generation,Wind Offshore,2026-08-23T19:31:05Z
2026-08-23T19:28:52Z,2026-08-23T21:28:52+0200,4d5ff379-624b-468c-8e0f-14ae085ed6a5,2026-08-02T08:00:00Z,2026-08-02T10:00:00+0200,276.17001,MW,FR,FR,forecast_offshore_wind_generation,Wind Offshore,2026-08-23T19:31:05Z
2026-08-23T19:28:52Z,2026-08-23T21:28:52+0200,4d5ff379-624b-468c-8e0f-14ae085ed6a5,2026-08-02T08:15:00Z,2026-08-02T10:15:00+0200,263.98999,MW,FR,FR,forecast_offshore_wind_generation,Wind Offshore,2026-08-23T19:31:05Z
2026-08-23T19:28:52Z,2026-08-23T21:28:52+0200,4d5ff379-624b-468c-8e0f-14ae085ed6a5,2026-08-02T08:30:00Z,2026-08-02T10:30:00+0200,251.82001,MW,FR,FR,forecast_offshore_wind_generation,Wind Offshore,2026-08-23T19:31:05Z
2026-08-23T19:28:52Z,2026-08-23T21:28:52+0200,4d5ff379-624b-468c-8e0f-14ae085ed6a5,2026-08-02T08:45:00Z,2026-08-02T10:45:00+0200,239.62001,MW,FR,FR,forecast_offshore_wind_generation,Wind Offshore,2026-08-23T19:31:05Z
2026-08-23T19:28:52Z,2026-08-23T21:28:52+0200,4d5ff379-624b-468c-8e0f-14ae085ed6a5,2026-08-02T09:00:00Z,2026-08-02T11:00:00+0200,227.43999,MW,FR,FR,forecast_offshore_wind_generation,Wind Offshore,2026-08-23T19:31:05Z
2026-08-23T19:28:52Z,2026-08-23T21:28:52+0200,4d5ff379-624b-468c-8e0f-14ae085ed6a5,2026-08-02T09:15:00Z,2026-08-02T11:15:00+0200,219.96999,MW,FR,FR,forecast_offshore_wind_generation,Wind Offshore,2026-08-23T19:31:05Z
2026-08-23T19:28:52Z,2026-08-23T21:28:52+0200,4d5ff379-624b-468c-8e0f-14ae085ed6a5,2026-08-02T09:30:00Z,2026-08-02T11:30:00+0200,212.5,MW,FR,FR,forecast_offshore_wind_generation,Wind Offshore,2026-08-23T19:31:05Z
2026-08-23T19:28:52Z,2026-08-23T21:28:52+0200,4d5ff379-624b-468c-8e0f-14ae085ed6a5,2026-08-02T09:45:00Z,2026-08-02T11:45:00+0200,205.03,MW,FR,FR,forecast_offshore_wind_generation,Wind Offshore,2026-08-23T19:31:05Z
2026-08-23T19:28:52Z,2026-08-23T21:28:52+0200,4d5ff379-624b-468c-8e0f-14ae085ed6a5,2026-08-02T10:00:00Z,2026-08-02T12:00:00+0200,197.56999,MW,FR,FR,forecast_offshore_wind_generation,Wind Offshore,2026-08-23T19:31:05Z
2026-08-23T19:28:52Z,2026-08-23T21:28:52+0200,4d5ff379-624b-468c-8e0f-14ae085ed6a5,2026-08-02T10:15:00Z,2026-08-02T12:15:00+0200,100.21,MW,FR,FR,forecast_offshore_wind_generation,Wind Offshore,2026-08-23T19:31:05Z
2026-08-23T19:28:52Z,2026-08-23T21:28:52+0200,4d5ff379-624b-468c-8e0f-14ae085ed6a5,2026-08-02T10:30:00Z,2026-08-02T12:30:00+0200,100.25,MW,FR,FR,forecast_offshore_wind_generation,Wind Offshore,2026-08-23T19:31:05Z
2026-08-23T19:28:52Z,2026-08-23T21:28:52+0200,4d5ff379-624b-468c-8e0f-14ae085ed6a5,2026-08-02T10:45:00Z,2026-08-02T12:45:00+0200,98.44,MW,FR,FR,forecast_offshore_wind_generation,Wind Offshore,2026-08-23T19:31:05Z
2026-08-23T19:28:52Z,2026-08-23T21:28:52+0200,4d5ff379-624b-468c-8e0f-14ae085ed6a5,2026-08-02T11:00:00Z,2026-08-02T13:00:00+0200,95.07,MW,FR,FR,forecast_offshore_wind_generation,Wind Offshore,2026-08-23T19:31:05Z
2026-08-23T19:28:52Z,2026-08-23T21:28:52+0200,4d5ff379-624b-468c-8e0f-14ae085ed6a5,2026-08-02T11:15:00Z,2026-08-02T13:15:00+0200,93.24001,MW,FR,FR,forecast_offshore_wind_generation,Wind Offshore,2026-08-23T19:31:05Z
2026-08-23T19:28:52Z,2026-08-23T21:28:52+0200,4d5ff379-624b-468c-8e0f-14ae085ed6a5,2026-08-02T11:30:00Z,2026-08-02T13:30:00+0200,90.77,MW,FR,FR,forecast_offshore_wind_generation,Wind Offshore,2026-08-23T19:31:05Z
2026-08-23T19:28:52Z,2026-08-23T21:28:52+0200,4d5ff379-624b-468c-8e0f-14ae085ed6a5,2026-08-02T11:45:00Z,2026-08-02T13:45:00+0200,88.11,MW,FR,FR,forecast_offshore_wind_generation,Wind Offshore,2026-08-23T19:31:05Z
2026-08-23T19:28:52Z,2026-08-23T21:28:52+0200,4d5ff379-624b-468c-8e0f-14ae085ed6a5,2026-08-02T12:00:00Z,2026-08-02T14:00:00+0200,85.45,MW,FR,FR,forecast_offshore_wind_generation,Wind Offshore,2026-08-23T19:31:05Z
2026-08-23T19:28:52Z,2026-08-23T21:28:52+0200,4d5ff379-624b-468c-8e0f-14ae085ed6a5,2026-08-02T12:15:00Z,2026-08-02T14:15:00+0200,84.88,MW,FR,FR,forecast_offshore_wind_generation,Wind Offshore,2026-08-23T19:31:05Z
2026-08-23T19:28:52Z,2026-08-23T21:28:52+0200,4d5ff379-624b-468c-8e0f-14ae085ed6a5,2026-08-02T12:30:00Z,2026-08-02T14:30:00+0200,84.31,MW,FR,FR,forecast_offshore_wind_generation,Wind Offshore,2026-08-23T19:31:05Z
2026-08-23T19:28:52Z,2026-08-23T21:28:52+0200,4d5ff379-624b-468c-8e0f-14ae085ed6a5,2026-08-02T12:45:00Z,2026-08-02T14:45:00+0200,83.74,MW,FR,FR,forecast_offshore_wind_generation,Wind Offshore,2026-08-23T19:31:05Z
2026-08-23T19:28:52Z,2026-08-23T21:28:52+0200,4d5ff379-624b-468c-8e0f-14ae085ed6a5,2026-08-02T13:00:00Z,2026-08-02T15:00:00+0200,83.17999,MW,FR,FR,forecast_offshore_wind_generation,Wind Offshore,2026-08-23T19:31:05Z
2026-08-23T19:28:52Z,2026-08-23T21:28:52+0200,4d5ff379-624b-468c-8e0f-14ae085ed6a5,2026-08-02T13:15:00Z,2026-08-02T15:15:00+0200,255.8,MW,FR,FR,forecast_offshore_wind_generation,Wind Offshore,2026-08-23T19:31:05Z
2026-08-23T19:28:52Z,2026-08-23T21:28:52+0200,4d5ff379-624b-468c-8e0f-14ae085ed6a5,2026-08-02T13:30:00Z,2026-08-02T15:30:00+0200,272.01999,MW,FR,FR,forecast_offshore_wind_generation,Wind Offshore,2026-08-23T19:31:05Z
2026-08-23T19:28:52Z,2026-08-23T21:28:52+0200,4d5ff379-624b-468c-8e0f-14ae085ed6a5,2026-08-02T13:45:00Z,2026-08-02T15:45:00+0200,288.25998,MW,FR,FR,forecast_offshore_wind_generation,Wind Offshore,2026-08-23T19:31:05Z
2026-08-23T19:28:52Z,2026-08-23T21:28:52+0200,4d5ff379-624b-468c-8e0f-14ae085ed6a5,2026-08-02T14:00:00Z,2026-08-02T16:00:00+0200,304.48999,MW,FR,FR,forecast_offshore_wind_generation,Wind Offshore,2026-08-23T19:31:05Z
2026-08-23T19:28:52Z,2026-08-23T21:28:52+0200,4d5ff379-624b-468c-8e0f-14ae085ed6a5,2026-08-02T14:15:00Z,2026-08-02T16:15:00+0200,326.07001,MW,FR,FR,forecast_offshore_wind_generation,Wind Offshore,2026-08-23T19:31:05Z
2026-08-23T19:28:52Z,2026-08-23T21:28:52+0200,4d5ff379-624b-468c-8e0f-14ae085ed6a5,2026-08-02T14:30:00Z,2026-08-02T16:30:00+0200,347.65002,MW,FR,FR,forecast_offshore_wind_generation,Wind Offshore,2026-08-23T19:31:05Z
2026-08-23T19:28:52Z,2026-08-23T21:28:52+0200,4d5ff379-624b-468c-8e0f-14ae085ed6a5,2026-08-02T14:45:00Z,2026-08-02T16:45:00+0200,369.22,MW,FR,FR,forecast_offshore_wind_generation,Wind Offshore,2026-08-23T19:31:05Z
2026-08-23T19:28:52Z,2026-08-23T21:28:52+0200,4d5ff379-624b-468c-8e0f-14ae085ed6a5,2026-08-02T15:00:00Z,2026-08-02T17:00:00+0200,390.80002,MW,FR,FR,forecast_offshore_wind_generation,Wind Offshore,2026-08-23T19:31:05Z
2026-08-23T19:28:52Z,2026-08-23T21:28:52+0200,4d5ff379-624b-468c-8e0f-14ae085ed6a5,2026-08-02T15:15:00Z,2026-08-02T17:15:00+0200,418.26001,MW,FR,FR,forecast_offshore_wind_generation,Wind Offshore,2026-08-23T19:31:05Z
2026-08-23T19:28:52Z,2026-08-23T21:28:52+0200,4d5ff379-624b-468c-8e0f-14ae085ed6a5,2026-08-02T15:30:00Z,2026-08-02T17:30:00+0200,445.72,MW,FR,FR,forecast_offshore_wind_generation,Wind Offshore,2026-08-23T19:31:05Z
2026-08-23T19:28:52Z,2026-08-23T21:28:52+0200,4d5ff379-624b-468c-8e0f-14ae085ed6a5,2026-08-02T15:45:00Z,2026-08-02T17:45:00+0200,473.16998,MW,FR,FR,forecast_offshore_wind_generation,Wind Offshore,2026-08-23T19:31:05Z
2026-08-23T19:28:52Z,2026-08-23T21:28:52+0200,4d5ff379-624b-468c-8e0f-14ae085ed6a5,2026-08-02T16:00:00Z,2026-08-02T18:00:00+0200,500.64001,MW,FR,FR,forecast_offshore_wind_generation,Wind Offshore,2026-08-23T19:31:05Z
2026-08-23T19:28:52Z,2026-08-23T21:28:52+0200,4d5ff379-624b-468c-8e0f-14ae085ed6a5,2026-08-02T16:15:00Z,2026-08-02T18:15:00+0200,517.20001,MW,FR,FR,forecast_offshore_wind_generation,Wind Offshore,2026-08-23T19:31:05Z
2026-08-23T19:28:52Z,2026-08-23T21:28:52+0200,4d5ff379-624b-468c-8e0f-14ae085ed6a5,2026-08-02T16:30:00Z,2026-08-02T18:30:00+0200,533.77002,MW,FR,FR,forecast_offshore_wind_generation,Wind Offshore,2026-08-23T19:31:05Z
2026-08-23T19:28:52Z,2026-08-23T21:28:52+0200,4d5ff379-624b-468c-8e0f-14ae085ed6a5,2026-08-02T16:45:00Z,2026-08-02T18:45:00+0200,550.34003,MW,FR,FR,forecast_offshore_wind_generation,Wind Offshore,2026-08-23T19:31:05Z
2026-08-23T19:28:52Z,2026-08-23T21:28:52+0200,4d5ff379-624b-468c-8e0f-14ae085ed6a5,2026-08-02T17:00:00Z,2026-08-02T19:00:00+0200,566.91003,MW,FR,FR,forecast_offshore_wind_generation,Wind Offshore,2026-08-23T19:31:05Z
2026-08-23T19:28:52Z,2026-08-23T21:28:52+0200,4d5ff379-624b-468c-8e0f-14ae085ed6a5,2026-08-02T17:15:00Z,2026-08-02T19:15:00+0200,572.57996,MW,FR,FR,forecast_offshore_wind_generation,Wind Offshore,2026-08-23T19:31:05Z
2026-08-23T19:28:52Z,2026-08-23T21:28:52+0200,4d5ff379-624b-468c-8e0f-14ae085ed6a5,2026-08-02T17:30:00Z,2026-08-02T19:30:00+0200,578.27997,MW,FR,FR,forecast_offshore_wind_generation,Wind Offshore,2026-08-23T19:31:05Z
2026-08-23T19:28:52Z,2026-08-23T21:28:52+0200,4d5ff379-624b-468c-8e0f-14ae085ed6a5,2026-08-02T17:45:00Z,2026-08-02T19:45:00+0200,583.97003,MW,FR,FR,forecast_offshore_wind_generation,Wind Offshore,2026-08-23T19:31:05Z
2026-08-23T19:28:52Z,2026-08-23T21:28:52+0200,4d5ff379-624b-468c-8e0f-14ae085ed6a5,2026-08-02T18:00:00Z,2026-08-02T20:00:00+0200,589.64001,MW,FR,FR,forecast_offshore_wind_generation,Wind Offshore,2026-08-23T19:31:05Z
2026-08-23T19:28:52Z,2026-08-23T21:28:52+0200,4d5ff379-624b-468c-8e0f-14ae085ed6a5,2026-08-02T18:15:00Z,2026-08-02T20:15:00+0200,596.15002,MW,FR,FR,forecast_offshore_wind_generation,Wind Offshore,2026-08-23T19:31:05Z
2026-08-23T19:28:52Z,2026-08-23T21:28:52+0200,4d5ff379-624b-468c-8e0f-14ae085ed6a5,2026-08-02T18:30:00Z,2026-08-02T20:30:00+0200,602.66003,MW,FR,FR,forecast_offshore_wind_generation,Wind Offshore,2026-08-23T19:31:05Z
2026-08-23T19:28:52Z,2026-08-23T21:28:52+0200,4d5ff379-624b-468c-8e0f-14ae085ed6a5,2026-08-02T18:45:00Z,2026-08-02T20:45:00+0200,609.16998,MW,FR,FR,forecast_offshore_wind_generation,Wind Offshore,2026-08-23T19:31:05Z
2026-08-23T19:28:52Z,2026-08-23T21:28:52+0200,4d5ff379-624b-468c-8e0f-14ae085ed6a5,2026-08-02T19:00:00Z,2026-08-02T21:00:00+0200,615.69,MW,FR,FR,forecast_offshore_wind_generation,Wind Offshore,2026-08-23T19:31:05Z
2026-08-23T19:28:52Z,2026-08-23T21:28:52+0200,4d5ff379-624b-468c-8e0f-14ae085ed6a5,2026-08-02T19:15:00Z,2026-08-02T21:15:00+0200,635.14001,MW,FR,FR,forecast_offshore_wind_generation,Wind Offshore,2026-08-23T19:31:05Z
2026-08-23T19:28:52Z,2026-08-23T21:28:52+0200,4d5ff379-624b-468c-8e0f-14ae085ed6a5,2026-08-02T19:30:00Z,2026-08-02T21:30:00+0200,654.57001,MW,FR,FR,forecast_offshore_wind_generation,Wind Offshore,2026-08-23T19:31:05Z
2026-08-23T19:28:52Z,2026-08-23T21:28:52+0200,4d5ff379-624b-468c-8e0f-14ae085ed6a5,2026-08-02T19:45:00Z,2026-08-02T21:45:00+0200,674.02997,MW,FR,FR,forecast_offshore_wind_generation,Wind Offshore,2026-08-23T19:31:05Z
2026-08-23T19:28:52Z,2026-08-23T21:28:52+0200,4d5ff379-624b-468c-8e0f-14ae085ed6a5,2026-08-02T20:00:00Z,2026-08-02T22:00:00+0200,693.45996,MW,FR,FR,forecast_offshore_wind_generation,Wind Offshore,2026-08-23T19:31:05Z
2026-08-23T19:28:52Z,2026-08-23T21:28:52+0200,4d5ff379-624b-468c-8e0f-14ae085ed6a5,2026-08-02T20:15:00Z,2026-08-02T22:15:00+0200,690.62006,MW,FR,FR,forecast_offshore_wind_generation,Wind Offshore,2026-08-23T19:31:05Z
2026-08-23T19:28:52Z,2026-08-23T21:28:52+0200,4d5ff379-624b-468c-8e0f-14ae085ed6a5,2026-08-02T20:30:00Z,2026-08-02T22:30:00+0200,687.79004,MW,FR,FR,forecast_offshore_wind_generation,Wind Offshore,2026-08-23T19:31:05Z
2026-08-23T19:28:52Z,2026-08-23T21:28:52+0200,4d5ff379-624b-468c-8e0f-14ae085ed6a5,2026-08-02T20:45:00Z,2026-08-02T22:45:00+0200,684.94995,MW,FR,FR,forecast_offshore_wind_generation,Wind Offshore,2026-08-23T19:31:05Z
2026-08-23T19:28:52Z,2026-08-23T21:28:52+0200,4d5ff379-624b-468c-8e0f-14ae085ed6a5,2026-08-02T21:00:00Z,2026-08-02T23:00:00+0200,682.11005,MW,FR,FR,forecast_offshore_wind_generation,Wind Offshore,2026-08-23T19:31:05Z
2026-08-23T19:28:52Z,2026-08-23T21:28:52+0200,4d5ff379-624b-468c-8e0f-14ae085ed6a5,2026-08-02T21:15:00Z,2026-08-02T23:15:00+0200,671.88,MW,FR,FR,forecast_offshore_wind_generation,Wind Offshore,2026-08-23T19:31:05Z
2026-08-23T19:28:52Z,2026-08-23T21:28:52+0200,4d5ff379-624b-468c-8e0f-14ae085ed6a5,2026-08-02T21:30:00Z,2026-08-02T23:30:00+0200,661.65002,MW,FR,FR,forecast_offshore_wind_generation,Wind Offshore,2026-08-23T19:31:05Z
2026-08-23T19:28:52Z,2026-08-23T21:28:52+0200,4d5ff379-624b-468c-8e0f-14ae085ed6a5,2026-08-02T21:45:00Z,2026-08-02T23:45:00+0200,651.41998,MW,FR,FR,forecast_offshore_wind_generation,Wind Offshore,2026-08-23T19:31:05Z
2026-08-23T19:28:52Z,2026-08-23T21:28:52+0200,4d5ff379-624b-468c-8e0f-14ae085ed6a5,2026-08-02T22:00:00Z,2026-08-03T00:00:00+0200,594.31,MW,FR,FR,forecast_offshore_wind_generation,Wind Offshore,2026-08-23T19:31:05Z
2026-08-23T19:28:52Z,2026-08-23T21:28:52+0200,4d5ff379-624b-468c-8e0f-14ae085ed6a5,2026-08-02T22:15:00Z,2026-08-03T00:15:00+0200,584.06995,MW,FR,FR,forecast_offshore_wind_generation,Wind Offshore,2026-08-23T19:31:05Z
2026-08-23T19:28:52Z,2026-08-23T21:28:52+0200,4d5ff379-624b-468c-8e0f-14ae085ed6a5,2026-08-02T22:30:00Z,2026-08-03T00:30:00+0200,573.83997,MW,FR,FR,forecast_offshore_wind_generation,Wind Offshore,2026-08-23T19:31:05Z
2026-08-23T19:28:52Z,2026-08-23T21:28:52+0200,4d5ff379-624b-468c-8e0f-14ae085ed6a5,2026-08-02T22:45:00Z,2026-08-03T00:45:00+0200,563.53003,MW,FR,FR,forecast_offshore_wind_generation,Wind Offshore,2026-08-23T19:31:05Z
2026-08-23T19:28:52Z,2026-08-23T21:28:52+0200,4d5ff379-624b-468c-8e0f-14ae085ed6a5,2026-08-02T23:00:00Z,2026-08-03T01:00:00+0200,553.22998,MW,FR,FR,forecast_offshore_wind_generation,Wind Offshore,2026-08-23T19:31:05Z
2026-08-23T19:28:52Z,2026-08-23T21:28:52+0200,4d5ff379-624b-468c-8e0f-14ae085ed6a5,2026-08-02T23:15:00Z,2026-08-03T01:15:00+0200,530.38,MW,FR,FR,forecast_offshore_wind_generation,Wind Offshore,2026-08-23T19:31:05Z
2026-08-23T19:28:52Z,2026-08-23T21:28:52+0200,4d5ff379-624b-468c-8e0f-14ae085ed6a5,2026-08-02T23:30:00Z,2026-08-03T01:30:00+0200,507.51001,MW,FR,FR,forecast_offshore_wind_generation,Wind Offshore,2026-08-23T19:31:05Z
2026-08-23T19:28:52Z,2026-08-23T21:28:52+0200,4d5ff379-624b-468c-8e0f-14ae085ed6a5,2026-08-02T23:45:00Z,2026-08-03T01:45:00+0200,484.63004,MW,FR,FR,forecast_offshore_wind_generation,Wind Offshore,2026-08-23T19:31:05Z
2026-08-23T19:28:52Z,2026-08-23T21:28:52+0200,4d5ff379-624b-468c-8e0f-14ae085ed6a5,2026-08-03T00:00:00Z,2026-08-03T02:00:00+0200,461.73999,MW,FR,FR,forecast_offshore_wind_generation,Wind Offshore,2026-08-23T19:31:05Z
2026-08-23T19:28:52Z,2026-08-23T21:28:52+0200,4d5ff379-624b-468c-8e0f-14ae085ed6a5,2026-08-03T00:15:00Z,2026-08-03T02:15:00+0200,440.39999,MW,FR,FR,forecast_offshore_wind_generation,Wind Offshore,2026-08-23T19:31:05Z
2026-08-23T19:28:52Z,2026-08-23T21:28:52+0200,4d5ff379-624b-468c-8e0f-14ae085ed6a5,2026-08-03T00:30:00Z,2026-08-03T02:30:00+0200,419.06,MW,FR,FR,forecast_offshore_wind_generation,Wind Offshore,2026-08-23T19:31:05Z
2026-08-23T19:28:52Z,2026-08-23T21:28:52+0200,4d5ff379-624b-468c-8e0f-14ae085ed6a5,2026-08-03T00:45:00Z,2026-08-03T02:45:00+0200,397.71002,MW,FR,FR,forecast_offshore_wind_generation,Wind Offshore,2026-08-23T19:31:05Z
2026-08-23T19:28:52Z,2026-08-23T21:28:52+0200,4d5ff379-624b-468c-8e0f-14ae085ed6a5,2026-08-03T01:00:00Z,2026-08-03T03:00:00+0200,376.37,MW,FR,FR,forecast_offshore_wind_generation,Wind Offshore,2026-08-23T19:31:05Z
2026-08-23T19:28:52Z,2026-08-23T21:28:52+0200,4d5ff379-624b-468c-8e0f-14ae085ed6a5,2026-08-03T01:15:00Z,2026-08-03T03:15:00+0200,344.78998,MW,FR,FR,forecast_offshore_wind_generation,Wind Offshore,2026-08-23T19:31:05Z
2026-08-23T19:28:52Z,2026-08-23T21:28:52+0200,4d5ff379-624b-468c-8e0f-14ae085ed6a5,2026-08-03T01:30:00Z,2026-08-03T03:30:00+0200,313.20001,MW,FR,FR,forecast_offshore_wind_generation,Wind Offshore,2026-08-23T19:31:05Z
2026-08-23T19:28:52Z,2026-08-23T21:28:52+0200,4d5ff379-624b-468c-8e0f-14ae085ed6a5,2026-08-03T01:45:00Z,2026-08-03T03:45:00+0200,281.63,MW,FR,FR,forecast_offshore_wind_generation,Wind Offshore,2026-08-23T19:31:05Z
2026-08-23T19:28:52Z,2026-08-23T21:28:52+0200,4d5ff379-624b-468c-8e0f-14ae085ed6a5,2026-08-03T02:00:00Z,2026-08-03T04:00:00+0200,250.06,MW,FR,FR,forecast_offshore_wind_generation,Wind Offshore,2026-08-23T19:31:05Z
2026-08-23T19:28:52Z,2026-08-23T21:28:52+0200,4d5ff379-624b-468c-8e0f-14ae085ed6a5,2026-08-03T02:15:00Z,2026-08-03T04:15:00+0200,223.84001,MW,FR,FR,forecast_offshore_wind_generation,Wind Offshore,2026-08-23T19:31:05Z
2026-08-23T19:28:52Z,2026-08-23T21:28:52+0200,4d5ff379-624b-468c-8e0f-14ae085ed6a5,2026-08-03T02:30:00Z,2026-08-03T04:30:00+0200,197.60001,MW,FR,FR,forecast_offshore_wind_generation,Wind Offshore,2026-08-23T19:31:05Z
2026-08-23T19:28:52Z,2026-08-23T21:28:52+0200,4d5ff379-624b-468c-8e0f-14ae085ed6a5,2026-08-03T02:45:00Z,2026-08-03T04:45:00+0200,171.38,MW,FR,FR,forecast_offshore_wind_generation,Wind Offshore,2026-08-23T19:31:05Z
2026-08-23T19:28:52Z,2026-08-23T21:28:52+0200,4d5ff379-624b-468c-8e0f-14ae085ed6a5,2026-08-03T03:00:00Z,2026-08-03T05:00:00+0200,145.16,MW,FR,FR,forecast_offshore_wind_generation,Wind Offshore,2026-08-23T19:31:05Z
2026-08-23T19:28:52Z,2026-08-23T21:28:52+0200,4d5ff379-624b-468c-8e0f-14ae085ed6a5,2026-08-03T03:15:00Z,2026-08-03T05:15:00+0200,136.5,MW,FR,FR,forecast_offshore_wind_generation,Wind Offshore,2026-08-23T19:31:05Z
2026-08-23T19:28:52Z,2026-08-23T21:28:52+0200,4d5ff379-624b-468c-8e0f-14ae085ed6a5,2026-08-03T03:30:00Z,2026-08-03T05:30:00+0200,127.85999,MW,FR,FR,forecast_offshore_wind_generation,Wind Offshore,2026-08-23T19:31:05Z
2026-08-23T19:28:52Z,2026-08-23T21:28:52+0200,4d5ff379-624b-468c-8e0f-14ae085ed6a5,2026-08-03T03:45:00Z,2026-08-03T05:45:00+0200,119.18,MW,FR,FR,forecast_offshore_wind_generation,Wind Offshore,2026-08-23T19:31:05Z
2026-08-23T19:28:52Z,2026-08-23T21:28:52+0200,4d5ff379-624b-468c-8e0f-14ae085ed6a5,2026-08-03T04:00:00Z,2026-08-03T06:00:00+0200,110.50999,MW,FR,FR,forecast_offshore_wind_generation,Wind Offshore,2026-08-23T19:31:05Z
2026-08-23T19:28:52Z,2026-08-23T21:28:52+0200,4d5ff379-624b-468c-8e0f-14ae085ed6a5,2026-08-03T04:15:00Z,2026-08-03T06:15:00+0200,107.7,MW,FR,FR,forecast_offshore_wind_generation,Wind Offshore,2026-08-23T19:31:05Z
2026-08-23T19:28:52Z,2026-08-23T21:28:52+0200,4d5ff379-624b-468c-8e0f-14ae085ed6a5,2026-08-03T04:30:00Z,2026-08-03T06:30:00+0200,104.89999,MW,FR,FR,forecast_offshore_wind_generation,Wind Offshore,2026-08-23T19:31:05Z
2026-08-23T19:28:52Z,2026-08-23T21:28:52+0200,4d5ff379-624b-468c-8e0f-14ae085ed6a5,2026-08-03T04:45:00Z,2026-08-03T06:45:00+0200,102.08,MW,FR,FR,forecast_offshore_wind_generation,Wind Offshore,2026-08-23T19:31:05Z
2026-08-23T19:28:52Z,2026-08-23T21:28:52+0200,4d5ff379-624b-468c-8e0f-14ae085ed6a5,2026-08-03T05:00:00Z,2026-08-03T07:00:00+0200,99.28,MW,FR,FR,forecast_offshore_wind_generation,Wind Offshore,2026-08-23T19:31:05Z
2026-08-23T19:28:52Z,2026-08-23T21:28:52+0200,4d5ff379-624b-468c-8e0f-14ae085ed6a5,2026-08-03T05:15:00Z,2026-08-03T07:15:00+0200,95.05,MW,FR,FR,forecast_offshore_wind_generation,Wind Offshore,2026-08-23T19:31:05Z
2026-08-23T19:28:52Z,2026-08-23T21:28:52+0200,4d5ff379-624b-468c-8e0f-14ae085ed6a5,2026-08-03T05:30:00Z,2026-08-03T07:30:00+0200,90.81001,MW,FR,FR,forecast_offshore_wind_generation,Wind Offshore,2026-08-23T19:31:05Z
2026-08-23T19:28:52Z,2026-08-23T21:28:52+0200,4d5ff379-624b-468c-8e0f-14ae085ed6a5,2026-08-03T05:45:00Z,2026-08-03T07:45:00+0200,86.56001,MW,FR,FR,forecast_offshore_wind_generation,Wind Offshore,2026-08-23T19:31:05Z
2026-08-23T19:28:52Z,2026-08-23T21:28:52+0200,4d5ff379-624b-468c-8e0f-14ae085ed6a5,2026-08-03T06:00:00Z,2026-08-03T08:00:00+0200,82.30999,MW,FR,FR,forecast_offshore_wind_generation,Wind Offshore,2026-08-23T19:31:05Z
2026-08-23T19:28:52Z,2026-08-23T21:28:52+0200,4d5ff379-624b-468c-8e0f-14ae085ed6a5,2026-08-03T06:15:00Z,2026-08-03T08:15:00+0200,83.75,MW,FR,FR,forecast_offshore_wind_generation,Wind Offshore,2026-08-23T19:31:05Z
2026-08-23T19:28:52Z,2026-08-23T21:28:52+0200,4d5ff379-624b-468c-8e0f-14ae085ed6a5,2026-08-03T06:30:00Z,2026-08-03T08:30:00+0200,85.2,MW,FR,FR,forecast_offshore_wind_generation,Wind Offshore,2026-08-23T19:31:05Z
2026-08-23T19:28:52Z,2026-08-23T21:28:52+0200,4d5ff379-624b-468c-8e0f-14ae085ed6a5,2026-08-03T06:45:00Z,2026-08-03T08:45:00+0200,86.63,MW,FR,FR,forecast_offshore_wind_generation,Wind Offshore,2026-08-23T19:31:05Z
2026-08-23T19:28:52Z,2026-08-23T21:28:52+0200,4d5ff379-624b-468c-8e0f-14ae085ed6a5,2026-08-03T07:00:00Z,2026-08-03T09:00:00+0200,88.03,MW,FR,FR,forecast_offshore_wind_generation,Wind Offshore,2026-08-23T19:31:05Z
2026-08-23T19:28:52Z,2026-08-23T21:28:52+0200,4d5ff379-624b-468c-8e0f-14ae085ed6a5,2026-08-03T07:15:00Z,2026-08-03T09:15:00+0200,92.76,MW,FR,FR,forecast_offshore_wind_generation,Wind Offshore,2026-08-23T19:31:05Z
2026-08-23T19:28:52Z,2026-08-23T21:28:52+0200,4d5ff379-624b-468c-8e0f-14ae085ed6a5,2026-08-03T07:30:00Z,2026-08-03T09:30:00+0200,97.50999,MW,FR,FR,forecast_offshore_wind_generation,Wind Offshore,2026-08-23T19:31:05Z
2026-08-23T19:28:52Z,2026-08-23T21:28:52+0200,4d5ff379-624b-468c-8e0f-14ae085ed6a5,2026-08-03T07:45:00Z,2026-08-03T09:45:00+0200,102.23,MW,FR,FR,forecast_offshore_wind_generation,Wind Offshore,2026-08-23T19:31:05Z
2026-08-23T19:28:52Z,2026-08-23T21:28:52+0200,4d5ff379-624b-468c-8e0f-14ae085ed6a5,2026-08-03T08:00:00Z,2026-08-03T10:00:00+0200,106.94,MW,FR,FR,forecast_offshore_wind_generation,Wind Offshore,2026-08-23T19:31:05Z
2026-08-23T19:28:52Z,2026-08-23T21:28:52+0200,4d5ff379-624b-468c-8e0f-14ae085ed6a5,2026-08-03T08:15:00Z,2026-08-03T10:15:00+0200,105.05,MW,FR,FR,forecast_offshore_wind_generation,Wind Offshore,2026-08-23T19:31:05Z
2026-08-23T19:28:52Z,2026-08-23T21:28:52+0200,4d5ff379-624b-468c-8e0f-14ae085ed6a5,2026-08-03T08:30:00Z,2026-08-03T10:30:00+0200,103.17001,MW,FR,FR,forecast_offshore_wind_generation,Wind Offshore,2026-08-23T19:31:05Z
2026-08-23T19:28:52Z,2026-08-23T21:28:52+0200,4d5ff379-624b-468c-8e0f-14ae085ed6a5,2026-08-03T08:45:00Z,2026-08-03T10:45:00+0200,101.27,MW,FR,FR,forecast_offshore_wind_generation,Wind Offshore,2026-08-23T19:31:05Z
2026-08-23T19:28:52Z,2026-08-23T21:28:52+0200,4d5ff379-624b-468c-8e0f-14ae085ed6a5,2026-08-03T09:00:00Z,2026-08-03T11:00:00+0200,99.37,MW,FR,FR,forecast_offshore_wind_generation,Wind Offshore,2026-08-23T19:31:05Z
2026-08-23T19:28:52Z,2026-08-23T21:28:52+0200,4d5ff379-624b-468c-8e0f-14ae085ed6a5,2026-08-03T09:15:00Z,2026-08-03T11:15:00+0200,125.43,MW,FR,FR,forecast_offshore_wind_generation,Wind Offshore,2026-08-23T19:31:05Z
2026-08-23T19:28:52Z,2026-08-23T21:28:52+0200,4d5ff379-624b-468c-8e0f-14ae085ed6a5,2026-08-03T09:30:00Z,2026-08-03T11:30:00+0200,151.47,MW,FR,FR,forecast_offshore_wind_generation,Wind Offshore,2026-08-23T19:31:05Z
2026-08-23T19:28:52Z,2026-08-23T21:28:52+0200,4d5ff379-624b-468c-8e0f-14ae085ed6a5,2026-08-03T09:45:00Z,2026-08-03T11:45:00+0200,177.53,MW,FR,FR,forecast_offshore_wind_generation,Wind Offshore,2026-08-23T19:31:05Z
2026-08-23T19:28:52Z,2026-08-23T21:28:52+0200,4d5ff379-624b-468c-8e0f-14ae085ed6a5,2026-08-03T10:00:00Z,2026-08-03T12:00:00+0200,203.57001,MW,FR,FR,forecast_offshore_wind_generation,Wind Offshore,2026-08-23T19:31:05Z
2026-08-23T19:28:52Z,2026-08-23T21:28:52+0200,4d5ff379-624b-468c-8e0f-14ae085ed6a5,2026-08-03T10:15:00Z,2026-08-03T12:15:00+0200,247.96999,MW,FR,FR,forecast_offshore_wind_generation,Wind Offshore,2026-08-23T19:31:05Z
2026-08-23T19:28:52Z,2026-08-23T21:28:52+0200,4d5ff379-624b-468c-8e0f-14ae085ed6a5,2026-08-03T10:30:00Z,2026-08-03T12:30:00+0200,292.38,MW,FR,FR,forecast_offshore_wind_generation,Wind Offshore,2026-08-23T19:31:05Z
2026-08-23T19:28:52Z,2026-08-23T21:28:52+0200,4d5ff379-624b-468c-8e0f-14ae085ed6a5,2026-08-03T10:45:00Z,2026-08-03T12:45:00+0200,336.77002,MW,FR,FR,forecast_offshore_wind_generation,Wind Offshore,2026-08-23T19:31:05Z
2026-08-23T19:28:52Z,2026-08-23T21:28:52+0200,4d5ff379-624b-468c-8e0f-14ae085ed6a5,2026-08-03T11:00:00Z,2026-08-03T13:00:00+0200,381.17999,MW,FR,FR,forecast_offshore_wind_generation,Wind Offshore,2026-08-23T19:31:05Z
2026-08-23T19:28:52Z,2026-08-23T21:28:52+0200,4d5ff379-624b-468c-8e0f-14ae085ed6a5,2026-08-03T11:15:00Z,2026-08-03T13:15:00+0200,370.73999,MW,FR,FR,forecast_offshore_wind_generation,Wind Offshore,2026-08-23T19:31:05Z
2026-08-23T19:28:52Z,2026-08-23T21:28:52+0200,4d5ff379-624b-468c-8e0f-14ae085ed6a5,2026-08-03T11:30:00Z,2026-08-03T13:30:00+0200,360.31,MW,FR,FR,forecast_offshore_wind_generation,Wind Offshore,2026-08-23T19:31:05Z
2026-08-23T19:28:52Z,2026-08-23T21:28:52+0200,4d5ff379-624b-468c-8e0f-14ae085ed6a5,2026-08-03T11:45:00Z,2026-08-03T13:45:00+0200,349.89001,MW,FR,FR,forecast_offshore_wind_generation,Wind Offshore,2026-08-23T19:31:05Z
2026-08-23T19:28:52Z,2026-08-23T21:28:52+0200,4d5ff379-624b-468c-8e0f-14ae085ed6a5,2026-08-03T12:00:00Z,2026-08-03T14:00:00+0200,339.45001,MW,FR,FR,forecast_offshore_wind_generation,Wind Offshore,2026-08-23T19:31:05Z
2026-08-23T19:28:52Z,2026-08-23T21:28:52+0200,4d5ff379-624b-468c-8e0f-14ae085ed6a5,2026-08-03T12:15:00Z,2026-08-03T14:15:00+0200,360.66998,MW,FR,FR,forecast_offshore_wind_generation,Wind Offshore,2026-08-23T19:31:05Z
2026-08-23T19:28:52Z,2026-08-23T21:28:52+0200,4d5ff379-624b-468c-8e0f-14ae085ed6a5,2026-08-03T12:30:00Z,2026-08-03T14:30:00+0200,381.90002,MW,FR,FR,forecast_offshore_wind_generation,Wind Offshore,2026-08-23T19:31:05Z
2026-08-23T19:28:52Z,2026-08-23T21:28:52+0200,4d5ff379-624b-468c-8e0f-14ae085ed6a5,2026-08-03T12:45:00Z,2026-08-03T14:45:00+0200,403.12,MW,FR,FR,forecast_offshore_wind_generation,Wind Offshore,2026-08-23T19:31:05Z
2026-08-23T19:28:52Z,2026-08-23T21:28:52+0200,4d5ff379-624b-468c-8e0f-14ae085ed6a5,2026-08-03T13:00:00Z,2026-08-03T15:00:00+0200,424.34998,MW,FR,FR,forecast_offshore_wind_generation,Wind Offshore,2026-08-23T19:31:05Z
2026-08-23T19:28:52Z,2026-08-23T21:28:52+0200,4d5ff379-624b-468c-8e0f-14ae085ed6a5,2026-08-03T13:15:00Z,2026-08-03T15:15:00+0200,435.84998,MW,FR,FR,forecast_offshore_wind_generation,Wind Offshore,2026-08-23T19:31:05Z
2026-08-23T19:28:52Z,2026-08-23T21:28:52+0200,4d5ff379-624b-468c-8e0f-14ae085ed6a5,2026-08-03T13:30:00Z,2026-08-03T15:30:00+0200,447.37997,MW,FR,FR,forecast_offshore_wind_generation,Wind Offshore,2026-08-23T19:31:05Z
2026-08-23T19:28:52Z,2026-08-23T21:28:52+0200,4d5ff379-624b-468c-8e0f-14ae085ed6a5,2026-08-03T13:45:00Z,2026-08-03T15:45:00+0200,458.90002,MW,FR,FR,forecast_offshore_wind_generation,Wind Offshore,2026-08-23T19:31:05Z
2026-08-23T19:28:52Z,2026-08-23T21:28:52+0200,4d5ff379-624b-468c-8e0f-14ae085ed6a5,2026-08-03T14:00:00Z,2026-08-03T16:00:00+0200,470.42999,MW,FR,FR,forecast_offshore_wind_generation,Wind Offshore,2026-08-23T19:31:05Z
2026-08-23T19:28:52Z,2026-08-23T21:28:52+0200,4d5ff379-624b-468c-8e0f-14ae085ed6a5,2026-08-03T14:15:00Z,2026-08-03T16:15:00+0200,460.25998,MW,FR,FR,forecast_offshore_wind_generation,Wind Offshore,2026-08-23T19:31:05Z
2026-08-23T19:28:52Z,2026-08-23T21:28:52+0200,4d5ff379-624b-468c-8e0f-14ae085ed6a5,2026-08-03T14:30:00Z,2026-08-03T16:30:00+0200,450.09,MW,FR,FR,forecast_offshore_wind_generation,Wind Offshore,2026-08-23T19:31:05Z
2026-08-23T19:28:52Z,2026-08-23T21:28:52+0200,4d5ff379-624b-468c-8e0f-14ae085ed6a5,2026-08-03T14:45:00Z,2026-08-03T16:45:00+0200,439.92999,MW,FR,FR,forecast_offshore_wind_generation,Wind Offshore,2026-08-23T19:31:05Z
2026-08-23T19:28:52Z,2026-08-23T21:28:52+0200,4d5ff379-624b-468c-8e0f-14ae085ed6a5,2026-08-03T15:00:00Z,2026-08-03T17:00:00+0200,429.75998,MW,FR,FR,forecast_offshore_wind_generation,Wind Offshore,2026-08-23T19:31:05Z
2026-08-23T19:28:52Z,2026-08-23T21:28:52+0200,4d5ff379-624b-468c-8e0f-14ae085ed6a5,2026-08-03T15:15:00Z,2026-08-03T17:15:00+0200,421.53,MW,FR,FR,forecast_offshore_wind_generation,Wind Offshore,2026-08-23T19:31:05Z
2026-08-23T19:28:52Z,2026-08-23T21:28:52+0200,4d5ff379-624b-468c-8e0f-14ae085ed6a5,2026-08-03T15:30:00Z,2026-08-03T17:30:00+0200,413.27002,MW,FR,FR,forecast_offshore_wind_generation,Wind Offshore,2026-08-23T19:31:05Z
2026-08-23T19:28:52Z,2026-08-23T21:28:52+0200,4d5ff379-624b-468c-8e0f-14ae085ed6a5,2026-08-03T15:45:00Z,2026-08-03T17:45:00+0200,405.03003,MW,FR,FR,forecast_offshore_wind_generation,Wind Offshore,2026-08-23T19:31:05Z
2026-08-23T19:28:52Z,2026-08-23T21:28:52+0200,4d5ff379-624b-468c-8e0f-14ae085ed6a5,2026-08-03T16:00:00Z,2026-08-03T18:00:00+0200,396.79999,MW,FR,FR,forecast_offshore_wind_generation,Wind Offshore,2026-08-23T19:31:05Z
2026-08-23T19:28:52Z,2026-08-23T21:28:52+0200,4d5ff379-624b-468c-8e0f-14ae085ed6a5,2026-08-03T16:15:00Z,2026-08-03T18:15:00+0200,384.41,MW,FR,FR,forecast_offshore_wind_generation,Wind Offshore,2026-08-23T19:31:05Z
2026-08-23T19:28:52Z,2026-08-23T21:28:52+0200,4d5ff379-624b-468c-8e0f-14ae085ed6a5,2026-08-03T16:30:00Z,2026-08-03T18:30:00+0200,372.04001,MW,FR,FR,forecast_offshore_wind_generation,Wind Offshore,2026-08-23T19:31:05Z
2026-08-23T19:28:52Z,2026-08-23T21:28:52+0200,4d5ff379-624b-468c-8e0f-14ae085ed6a5,2026-08-03T16:45:00Z,2026-08-03T18:45:00+0200,359.67001,MW,FR,FR,forecast_offshore_wind_generation,Wind Offshore,2026-08-23T19:31:05Z
2026-08-23T19:28:52Z,2026-08-23T21:28:52+0200,4d5ff379-624b-468c-8e0f-14ae085ed6a5,2026-08-03T17:00:00Z,2026-08-03T19:00:00+0200,347.29001,MW,FR,FR,forecast_offshore_wind_generation,Wind Offshore,2026-08-23T19:31:05Z
2026-08-23T19:28:52Z,2026-08-23T21:28:52+0200,4d5ff379-624b-468c-8e0f-14ae085ed6a5,2026-08-03T17:15:00Z,2026-08-03T19:15:00+0200,341.54001,MW,FR,FR,forecast_offshore_wind_generation,Wind Offshore,2026-08-23T19:31:05Z
2026-08-23T19:28:52Z,2026-08-23T21:28:52+0200,4d5ff379-624b-468c-8e0f-14ae085ed6a5,2026-08-03T17:30:00Z,2026-08-03T19:30:00+0200,335.76999,MW,FR,FR,forecast_offshore_wind_generation,Wind Offshore,2026-08-23T19:31:05Z
2026-08-23T19:28:52Z,2026-08-23T21:28:52+0200,4d5ff379-624b-468c-8e0f-14ae085ed6a5,2026-08-03T17:45:00Z,2026-08-03T19:45:00+0200,330.01004,MW,FR,FR,forecast_offshore_wind_generation,Wind Offshore,2026-08-23T19:31:05Z
2026-08-23T19:28:52Z,2026-08-23T21:28:52+0200,4d5ff379-624b-468c-8e0f-14ae085ed6a5,2026-08-03T18:00:00Z,2026-08-03T20:00:00+0200,324.25998,MW,FR,FR,forecast_offshore_wind_generation,Wind Offshore,2026-08-23T19:31:05Z
2026-08-23T19:28:52Z,2026-08-23T21:28:52+0200,4d5ff379-624b-468c-8e0f-14ae085ed6a5,2026-08-03T18:15:00Z,2026-08-03T20:15:00+0200,334.27002,MW,FR,FR,forecast_offshore_wind_generation,Wind Offshore,2026-08-23T19:31:05Z
2026-08-23T19:28:52Z,2026-08-23T21:28:52+0200,4d5ff379-624b-468c-8e0f-14ae085ed6a5,2026-08-03T18:30:00Z,2026-08-03T20:30:00+0200,344.28003,MW,FR,FR,forecast_offshore_wind_generation,Wind Offshore,2026-08-23T19:31:05Z
2026-08-23T19:28:52Z,2026-08-23T21:28:52+0200,4d5ff379-624b-468c-8e0f-14ae085ed6a5,2026-08-03T18:45:00Z,2026-08-03T20:45:00+0200,354.31,MW,FR,FR,forecast_offshore_wind_generation,Wind Offshore,2026-08-23T19:31:05Z
2026-08-23T19:28:52Z,2026-08-23T21:28:52+0200,4d5ff379-624b-468c-8e0f-14ae085ed6a5,2026-08-03T19:00:00Z,2026-08-03T21:00:00+0200,364.29999,MW,FR,FR,forecast_offshore_wind_generation,Wind Offshore,2026-08-23T19:31:05Z
2026-08-23T19:28:52Z,2026-08-23T21:28:52+0200,4d5ff379-624b-468c-8e0f-14ae085ed6a5,2026-08-03T19:15:00Z,2026-08-03T21:15:00+0200,381.30002,MW,FR,FR,forecast_offshore_wind_generation,Wind Offshore,2026-08-23T19:31:05Z
2026-08-23T19:28:52Z,2026-08-23T21:28:52+0200,4d5ff379-624b-468c-8e0f-14ae085ed6a5,2026-08-03T19:30:00Z,2026-08-03T21:30:00+0200,398.29999,MW,FR,FR,forecast_offshore_wind_generation,Wind Offshore,2026-08-23T19:31:05Z
2026-08-23T19:28:52Z,2026-08-23T21:28:52+0200,4d5ff379-624b-468c-8e0f-14ae085ed6a5,2026-08-03T19:45:00Z,2026-08-03T21:45:00+0200,415.26999,MW,FR,FR,forecast_offshore_wind_generation,Wind Offshore,2026-08-23T19:31:05Z
2026-08-23T19:28:52Z,2026-08-23T21:28:52+0200,4d5ff379-624b-468c-8e0f-14ae085ed6a5,2026-08-03T20:00:00Z,2026-08-03T22:00:00+0200,432.25003,MW,FR,FR,forecast_offshore_wind_generation,Wind Offshore,2026-08-23T19:31:05Z
2026-08-23T19:28:52Z,2026-08-23T21:28:52+0200,4d5ff379-624b-468c-8e0f-14ae085ed6a5,2026-08-03T20:15:00Z,2026-08-03T22:15:00+0200,416.05002,MW,FR,FR,forecast_offshore_wind_generation,Wind Offshore,2026-08-23T19:31:05Z
2026-08-23T19:28:52Z,2026-08-23T21:28:52+0200,4d5ff379-624b-468c-8e0f-14ae085ed6a5,2026-08-03T20:30:00Z,2026-08-03T22:30:00+0200,399.82999,MW,FR,FR,forecast_offshore_wind_generation,Wind Offshore,2026-08-23T19:31:05Z
2026-08-23T19:28:52Z,2026-08-23T21:28:52+0200,4d5ff379-624b-468c-8e0f-14ae085ed6a5,2026-08-03T20:45:00Z,2026-08-03T22:45:00+0200,383.60001,MW,FR,FR,forecast_offshore_wind_generation,Wind Offshore,2026-08-23T19:31:05Z
2026-08-23T19:28:52Z,2026-08-23T21:28:52+0200,4d5ff379-624b-468c-8e0f-14ae085ed6a5,2026-08-03T21:00:00Z,2026-08-03T23:00:00+0200,367.36002,MW,FR,FR,forecast_offshore_wind_generation,Wind Offshore,2026-08-23T19:31:05Z
2026-08-23T19:28:52Z,2026-08-23T21:28:52+0200,4d5ff379-624b-468c-8e0f-14ae085ed6a5,2026-08-03T21:15:00Z,2026-08-03T23:15:00+0200,340.82001,MW,FR,FR,forecast_offshore_wind_generation,Wind Offshore,2026-08-23T19:31:05Z
2026-08-23T19:28:52Z,2026-08-23T21:28:52+0200,4d5ff379-624b-468c-8e0f-14ae085ed6a5,2026-08-03T21:30:00Z,2026-08-03T23:30:00+0200,314.29001,MW,FR,FR,forecast_offshore_wind_generation,Wind Offshore,2026-08-23T19:31:05Z
2026-08-23T19:28:52Z,2026-08-23T21:28:52+0200,4d5ff379-624b-468c-8e0f-14ae085ed6a5,2026-08-03T21:45:00Z,2026-08-03T23:45:00+0200,287.73001,MW,FR,FR,forecast_offshore_wind_generation,Wind Offshore,2026-08-23T19:31:05Z
2026-08-23T19:28:52Z,2026-08-23T21:28:52+0200,4d5ff379-624b-468c-8e0f-14ae085ed6a5,2026-08-03T22:00:00Z,2026-08-04T00:00:00+0200,225.67999,MW,FR,FR,forecast_offshore_wind_generation,Wind Offshore,2026-08-23T19:31:05Z
2026-08-23T19:28:52Z,2026-08-23T21:28:52+0200,4d5ff379-624b-468c-8e0f-14ae085ed6a5,2026-08-03T22:15:00Z,2026-08-04T00:15:00+0200,270.50998,MW,FR,FR,forecast_offshore_wind_generation,Wind Offshore,2026-08-23T19:31:05Z
2026-08-23T19:28:52Z,2026-08-23T21:28:52+0200,4d5ff379-624b-468c-8e0f-14ae085ed6a5,2026-08-03T22:30:00Z,2026-08-04T00:30:00+0200,315.32001,MW,FR,FR,forecast_offshore_wind_generation,Wind Offshore,2026-08-23T19:31:05Z
2026-08-23T19:28:52Z,2026-08-23T21:28:52+0200,4d5ff379-624b-468c-8e0f-14ae085ed6a5,2026-08-03T22:45:00Z,2026-08-04T00:45:00+0200,360.14001,MW,FR,FR,forecast_offshore_wind_generation,Wind Offshore,2026-08-23T19:31:05Z
2026-08-23T19:28:52Z,2026-08-23T21:28:52+0200,4d5ff379-624b-468c-8e0f-14ae085ed6a5,2026-08-03T23:00:00Z,2026-08-04T01:00:00+0200,404.95001,MW,FR,FR,forecast_offshore_wind_generation,Wind Offshore,2026-08-23T19:31:05Z
2026-08-23T19:28:52Z,2026-08-23T21:28:52+0200,4d5ff379-624b-468c-8e0f-14ae085ed6a5,2026-08-03T23:15:00Z,2026-08-04T01:15:00+0200,452.26999,MW,FR,FR,forecast_offshore_wind_generation,Wind Offshore,2026-08-23T19:31:05Z
2026-08-23T19:28:52Z,2026-08-23T21:28:52+0200,4d5ff379-624b-468c-8e0f-14ae085ed6a5,2026-08-03T23:30:00Z,2026-08-04T01:30:00+0200,499.57001,MW,FR,FR,forecast_offshore_wind_generation,Wind Offshore,2026-08-23T19:31:05Z
2026-08-23T19:28:52Z,2026-08-23T21:28:52+0200,4d5ff379-624b-468c-8e0f-14ae085ed6a5,2026-08-03T23:45:00Z,2026-08-04T01:45:00+0200,546.87,MW,FR,FR,forecast_offshore_wind_generation,Wind Offshore,2026-08-23T19:31:05Z
2026-08-23T19:28:52Z,2026-08-23T21:28:52+0200,4d5ff379-624b-468c-8e0f-14ae085ed6a5,2026-08-04T00:00:00Z,2026-08-04T02:00:00+0200,594.17999,MW,FR,FR,forecast_offshore_wind_generation,Wind Offshore,2026-08-23T19:31:05Z
2026-08-23T19:28:52Z,2026-08-23T21:28:52+0200,4d5ff379-624b-468c-8e0f-14ae085ed6a5,2026-08-04T00:15:00Z,2026-08-04T02:15:00+0200,549.29999,MW,FR,FR,forecast_offshore_wind_generation,Wind Offshore,2026-08-23T19:31:05Z
2026-08-23T19:28:52Z,2026-08-23T21:28:52+0200,4d5ff379-624b-468c-8e0f-14ae085ed6a5,2026-08-04T00:30:00Z,2026-08-04T02:30:00+0200,504.41998,MW,FR,FR,forecast_offshore_wind_generation,Wind Offshore,2026-08-23T19:31:05Z
2026-08-23T19:28:52Z,2026-08-23T21:28:52+0200,4d5ff379-624b-468c-8e0f-14ae085ed6a5,2026-08-04T00:45:00Z,2026-08-04T02:45:00+0200,459.52997,MW,FR,FR,forecast_offshore_wind_generation,Wind Offshore,2026-08-23T19:31:05Z
2026-08-23T19:28:52Z,2026-08-23T21:28:52+0200,4d5ff379-624b-468c-8e0f-14ae085ed6a5,2026-08-04T01:00:00Z,2026-08-04T03:00:00+0200,414.66,MW,FR,FR,forecast_offshore_wind_generation,Wind Offshore,2026-08-23T19:31:05Z
2026-08-23T19:28:52Z,2026-08-23T21:28:52+0200,4d5ff379-624b-468c-8e0f-14ae085ed6a5,2026-08-04T01:15:00Z,2026-08-04T03:15:00+0200,370.04001,MW,FR,FR,forecast_offshore_wind_generation,Wind Offshore,2026-08-23T19:31:05Z
2026-08-23T19:28:52Z,2026-08-23T21:28:52+0200,4d5ff379-624b-468c-8e0f-14ae085ed6a5,2026-08-04T01:30:00Z,2026-08-04T03:30:00+0200,325.43002,MW,FR,FR,forecast_offshore_wind_generation,Wind Offshore,2026-08-23T19:31:05Z
2026-08-23T19:28:52Z,2026-08-23T21:28:52+0200,4d5ff379-624b-468c-8e0f-14ae085ed6a5,2026-08-04T01:45:00Z,2026-08-04T03:45:00+0200,280.81,MW,FR,FR,forecast_offshore_wind_generation,Wind Offshore,2026-08-23T19:31:05Z
2026-08-23T19:28:52Z,2026-08-23T21:28:52+0200,4d5ff379-624b-468c-8e0f-14ae085ed6a5,2026-08-04T02:00:00Z,2026-08-04T04:00:00+0200,236.17999,MW,FR,FR,forecast_offshore_wind_generation,Wind Offshore,2026-08-23T19:31:05Z
2026-08-23T19:28:52Z,2026-08-23T21:28:52+0200,4d5ff379-624b-468c-8e0f-14ae085ed6a5,2026-08-04T02:15:00Z,2026-08-04T04:15:00+0200,224.72,MW,FR,FR,forecast_offshore_wind_generation,Wind Offshore,2026-08-23T19:31:05Z
2026-08-23T19:28:52Z,2026-08-23T21:28:52+0200,4d5ff379-624b-468c-8e0f-14ae085ed6a5,2026-08-04T02:30:00Z,2026-08-04T04:30:00+0200,213.24001,MW,FR,FR,forecast_offshore_wind_generation,Wind Offshore,2026-08-23T19:31:05Z
2026-08-23T19:28:52Z,2026-08-23T21:28:52+0200,4d5ff379-624b-468c-8e0f-14ae085ed6a5,2026-08-04T02:45:00Z,2026-08-04T04:45:00+0200,201.78,MW,FR,FR,forecast_offshore_wind_generation,Wind Offshore,2026-08-23T19:31:05Z
2026-08-23T19:28:52Z,2026-08-23T21:28:52+0200,4d5ff379-624b-468c-8e0f-14ae085ed6a5,2026-08-04T03:00:00Z,2026-08-04T05:00:00+0200,190.32001,MW,FR,FR,forecast_offshore_wind_generation,Wind Offshore,2026-08-23T19:31:05Z
2026-08-23T19:28:52Z,2026-08-23T21:28:52+0200,4d5ff379-624b-468c-8e0f-14ae085ed6a5,2026-08-04T03:15:00Z,2026-08-04T05:15:00+0200,196.73001,MW,FR,FR,forecast_offshore_wind_generation,Wind Offshore,2026-08-23T19:31:05Z
2026-08-23T19:28:52Z,2026-08-23T21:28:52+0200,4d5ff379-624b-468c-8e0f-14ae085ed6a5,2026-08-04T03:30:00Z,2026-08-04T05:30:00+0200,203.16,MW,FR,FR,forecast_offshore_wind_generation,Wind Offshore,2026-08-23T19:31:05Z
2026-08-23T19:28:52Z,2026-08-23T21:28:52+0200,4d5ff379-624b-468c-8e0f-14ae085ed6a5,2026-08-04T03:45:00Z,2026-08-04T05:45:00+0200,209.59001,MW,FR,FR,forecast_offshore_wind_generation,Wind Offshore,2026-08-23T19:31:05Z
2026-08-23T19:28:52Z,2026-08-23T21:28:52+0200,4d5ff379-624b-468c-8e0f-14ae085ed6a5,2026-08-04T04:00:00Z,2026-08-04T06:00:00+0200,216.01001,MW,FR,FR,forecast_offshore_wind_generation,Wind Offshore,2026-08-23T19:31:05Z
2026-08-23T19:28:52Z,2026-08-23T21:28:52+0200,4d5ff379-624b-468c-8e0f-14ae085ed6a5,2026-08-04T04:15:00Z,2026-08-04T06:15:00+0200,218.17,MW,FR,FR,forecast_offshore_wind_generation,Wind Offshore,2026-08-23T19:31:05Z
2026-08-23T19:28:52Z,2026-08-23T21:28:52+0200,4d5ff379-624b-468c-8e0f-14ae085ed6a5,2026-08-04T04:30:00Z,2026-08-04T06:30:00+0200,220.32001,MW,FR,FR,forecast_offshore_wind_generation,Wind Offshore,2026-08-23T19:31:05Z
2026-08-23T19:28:52Z,2026-08-23T21:28:52+0200,4d5ff379-624b-468c-8e0f-14ae085ed6a5,2026-08-04T04:45:00Z,2026-08-04T06:45:00+0200,222.49001,MW,FR,FR,forecast_offshore_wind_generation,Wind Offshore,2026-08-23T19:31:05Z
2026-08-23T19:28:52Z,2026-08-23T21:28:52+0200,4d5ff379-624b-468c-8e0f-14ae085ed6a5,2026-08-04T05:00:00Z,2026-08-04T07:00:00+0200,224.63998,MW,FR,FR,forecast_offshore_wind_generation,Wind Offshore,2026-08-23T19:31:05Z
2026-08-23T19:28:52Z,2026-08-23T21:28:52+0200,4d5ff379-624b-468c-8e0f-14ae085ed6a5,2026-08-04T05:15:00Z,2026-08-04T07:15:00+0200,239.09,MW,FR,FR,forecast_offshore_wind_generation,Wind Offshore,2026-08-23T19:31:05Z
2026-08-23T19:28:52Z,2026-08-23T21:28:52+0200,4d5ff379-624b-468c-8e0f-14ae085ed6a5,2026-08-04T05:30:00Z,2026-08-04T07:30:00+0200,253.57001,MW,FR,FR,forecast_offshore_wind_generation,Wind Offshore,2026-08-23T19:31:05Z
2026-08-23T19:28:52Z,2026-08-23T21:28:52+0200,4d5ff379-624b-468c-8e0f-14ae085ed6a5,2026-08-04T05:45:00Z,2026-08-04T07:45:00+0200,268.01001,MW,FR,FR,forecast_offshore_wind_generation,Wind Offshore,2026-08-23T19:31:05Z
2026-08-23T19:28:52Z,2026-08-23T21:28:52+0200,4d5ff379-624b-468c-8e0f-14ae085ed6a5,2026-08-04T06:00:00Z,2026-08-04T08:00:00+0200,282.48001,MW,FR,FR,forecast_offshore_wind_generation,Wind Offshore,2026-08-23T19:31:05Z
2026-08-23T19:28:52Z,2026-08-23T21:28:52+0200,4d5ff379-624b-468c-8e0f-14ae085ed6a5,2026-08-04T06:15:00Z,2026-08-04T08:15:00+0200,310.46002,MW,FR,FR,forecast_offshore_wind_generation,Wind Offshore,2026-08-23T19:31:05Z
2026-08-23T19:28:52Z,2026-08-23T21:28:52+0200,4d5ff379-624b-468c-8e0f-14ae085ed6a5,2026-08-04T06:30:00Z,2026-08-04T08:30:00+0200,338.42999,MW,FR,FR,forecast_offshore_wind_generation,Wind Offshore,2026-08-23T19:31:05Z
2026-08-23T19:28:52Z,2026-08-23T21:28:52+0200,4d5ff379-624b-468c-8e0f-14ae085ed6a5,2026-08-04T06:45:00Z,2026-08-04T08:45:00+0200,366.38998,MW,FR,FR,forecast_offshore_wind_generation,Wind Offshore,2026-08-23T19:31:05Z
2026-08-23T19:28:52Z,2026-08-23T21:28:52+0200,4d5ff379-624b-468c-8e0f-14ae085ed6a5,2026-08-04T07:00:00Z,2026-08-04T09:00:00+0200,394.37,MW,FR,FR,forecast_offshore_wind_generation,Wind Offshore,2026-08-23T19:31:05Z
2026-08-23T19:28:52Z,2026-08-23T21:28:52+0200,4d5ff379-624b-468c-8e0f-14ae085ed6a5,2026-08-04T07:15:00Z,2026-08-04T09:15:00+0200,411.62,MW,FR,FR,forecast_offshore_wind_generation,Wind Offshore,2026-08-23T19:31:05Z
2026-08-23T19:28:52Z,2026-08-23T21:28:52+0200,4d5ff379-624b-468c-8e0f-14ae085ed6a5,2026-08-04T07:30:00Z,2026-08-04T09:30:00+0200,428.91,MW,FR,FR,forecast_offshore_wind_generation,Wind Offshore,2026-08-23T19:31:05Z
2026-08-23T19:28:52Z,2026-08-23T21:28:52+0200,4d5ff379-624b-468c-8e0f-14ae085ed6a5,2026-08-04T07:45:00Z,2026-08-04T09:45:00+0200,446.17001,MW,FR,FR,forecast_offshore_wind_generation,Wind Offshore,2026-08-23T19:31:05Z
2026-08-23T19:28:52Z,2026-08-23T21:28:52+0200,4d5ff379-624b-468c-8e0f-14ae085ed6a5,2026-08-04T08:00:00Z,2026-08-04T10:00:00+0200,463.44,MW,FR,FR,forecast_offshore_wind_generation,Wind Offshore,2026-08-23T19:31:05Z
2026-08-23T19:28:52Z,2026-08-23T21:28:52+0200,4d5ff379-624b-468c-8e0f-14ae085ed6a5,2026-08-04T08:15:00Z,2026-08-04T10:15:00+0200,489.51996,MW,FR,FR,forecast_offshore_wind_generation,Wind Offshore,2026-08-23T19:31:05Z
2026-08-23T19:28:52Z,2026-08-23T21:28:52+0200,4d5ff379-624b-468c-8e0f-14ae085ed6a5,2026-08-04T08:30:00Z,2026-08-04T10:30:00+0200,515.60004,MW,FR,FR,forecast_offshore_wind_generation,Wind Offshore,2026-08-23T19:31:05Z
2026-08-23T19:28:52Z,2026-08-23T21:28:52+0200,4d5ff379-624b-468c-8e0f-14ae085ed6a5,2026-08-04T08:45:00Z,2026-08-04T10:45:00+0200,541.67999,MW,FR,FR,forecast_offshore_wind_generation,Wind Offshore,2026-08-23T19:31:05Z
2026-08-23T19:28:52Z,2026-08-23T21:28:52+0200,4d5ff379-624b-468c-8e0f-14ae085ed6a5,2026-08-04T09:00:00Z,2026-08-04T11:00:00+0200,567.75995,MW,FR,FR,forecast_offshore_wind_generation,Wind Offshore,2026-08-23T19:31:05Z
2026-08-23T19:28:52Z,2026-08-23T21:28:52+0200,4d5ff379-624b-468c-8e0f-14ae085ed6a5,2026-08-04T09:15:00Z,2026-08-04T11:15:00+0200,544.55005,MW,FR,FR,forecast_offshore_wind_generation,Wind Offshore,2026-08-23T19:31:05Z
2026-08-23T19:28:52Z,2026-08-23T21:28:52+0200,4d5ff379-624b-468c-8e0f-14ae085ed6a5,2026-08-04T09:30:00Z,2026-08-04T11:30:00+0200,521.34998,MW,FR,FR,forecast_offshore_wind_generation,Wind Offshore,2026-08-23T19:31:05Z
2026-08-23T19:28:52Z,2026-08-23T21:28:52+0200,4d5ff379-624b-468c-8e0f-14ae085ed6a5,2026-08-04T09:45:00Z,2026-08-04T11:45:00+0200,498.13,MW,FR,FR,forecast_offshore_wind_generation,Wind Offshore,2026-08-23T19:31:05Z
2026-08-23T19:28:52Z,2026-08-23T21:28:52+0200,4d5ff379-624b-468c-8e0f-14ae085ed6a5,2026-08-04T10:00:00Z,2026-08-04T12:00:00+0200,474.92999,MW,FR,FR,forecast_offshore_wind_generation,Wind Offshore,2026-08-23T19:31:05Z
2026-08-23T19:28:52Z,2026-08-23T21:28:52+0200,4d5ff379-624b-468c-8e0f-14ae085ed6a5,2026-08-04T10:15:00Z,2026-08-04T12:15:00+0200,470.20999,MW,FR,FR,forecast_offshore_wind_generation,Wind Offshore,2026-08-23T19:31:05Z
2026-08-23T19:28:52Z,2026-08-23T21:28:52+0200,4d5ff379-624b-468c-8e0f-14ae085ed6a5,2026-08-04T10:30:00Z,2026-08-04T12:30:00+0200,465.48999,MW,FR,FR,forecast_offshore_wind_generation,Wind Offshore,2026-08-23T19:31:05Z
2026-08-23T19:28:52Z,2026-08-23T21:28:52+0200,4d5ff379-624b-468c-8e0f-14ae085ed6a5,2026-08-04T10:45:00Z,2026-08-04T12:45:00+0200,460.75998,MW,FR,FR,forecast_offshore_wind_generation,Wind Offshore,2026-08-23T19:31:05Z
2026-08-23T19:28:52Z,2026-08-23T21:28:52+0200,4d5ff379-624b-468c-8e0f-14ae085ed6a5,2026-08-04T11:00:00Z,2026-08-04T13:00:00+0200,456.04999,MW,FR,FR,forecast_offshore_wind_generation,Wind Offshore,2026-08-23T19:31:05Z
2026-08-23T19:28:52Z,2026-08-23T21:28:52+0200,4d5ff379-624b-468c-8e0f-14ae085ed6a5,2026-08-04T11:15:00Z,2026-08-04T13:15:00+0200,456.57001,MW,FR,FR,forecast_offshore_wind_generation,Wind Offshore,2026-08-23T19:31:05Z
2026-08-23T19:28:52Z,2026-08-23T21:28:52+0200,4d5ff379-624b-468c-8e0f-14ae085ed6a5,2026-08-04T11:30:00Z,2026-08-04T13:30:00+0200,457.09,MW,FR,FR,forecast_offshore_wind_generation,Wind Offshore,2026-08-23T19:31:05Z
2026-08-23T19:28:52Z,2026-08-23T21:28:52+0200,4d5ff379-624b-468c-8e0f-14ae085ed6a5,2026-08-04T11:45:00Z,2026-08-04T13:45:00+0200,457.60999,MW,FR,FR,forecast_offshore_wind_generation,Wind Offshore,2026-08-23T19:31:05Z
2026-08-23T19:28:52Z,2026-08-23T21:28:52+0200,4d5ff379-624b-468c-8e0f-14ae085ed6a5,2026-08-04T12:00:00Z,2026-08-04T14:00:00+0200,458.13998,MW,FR,FR,forecast_offshore_wind_generation,Wind Offshore,2026-08-23T19:31:05Z
2026-08-23T19:28:52Z,2026-08-23T21:28:52+0200,4d5ff379-624b-468c-8e0f-14ae085ed6a5,2026-08-04T12:15:00Z,2026-08-04T14:15:00+0200,447.62,MW,FR,FR,forecast_offshore_wind_generation,Wind Offshore,2026-08-23T19:31:05Z
2026-08-23T19:28:52Z,2026-08-23T21:28:52+0200,4d5ff379-624b-468c-8e0f-14ae085ed6a5,2026-08-04T12:30:00Z,2026-08-04T14:30:00+0200,437.08002,MW,FR,FR,forecast_offshore_wind_generation,Wind Offshore,2026-08-23T19:31:05Z
2026-08-23T19:28:52Z,2026-08-23T21:28:52+0200,4d5ff379-624b-468c-8e0f-14ae085ed6a5,2026-08-04T12:45:00Z,2026-08-04T14:45:00+0200,426.54999,MW,FR,FR,forecast_offshore_wind_generation,Wind Offshore,2026-08-23T19:31:05Z
2026-08-23T19:28:52Z,2026-08-23T21:28:52+0200,4d5ff379-624b-468c-8e0f-14ae085ed6a5,2026-08-04T13:00:00Z,2026-08-04T15:00:00+0200,416.03,MW,FR,FR,forecast_offshore_wind_generation,Wind Offshore,2026-08-23T19:31:05Z
2026-08-23T19:28:52Z,2026-08-23T21:28:52+0200,4d5ff379-624b-468c-8e0f-14ae085ed6a5,2026-08-04T13:15:00Z,2026-08-04T15:15:00+0200,416.92999,MW,FR,FR,forecast_offshore_wind_generation,Wind Offshore,2026-08-23T19:31:05Z
2026-08-23T19:28:52Z,2026-08-23T21:28:52+0200,4d5ff379-624b-468c-8e0f-14ae085ed6a5,2026-08-04T13:30:00Z,2026-08-04T15:30:00+0200,417.81998,MW,FR,FR,forecast_offshore_wind_generation,Wind Offshore,2026-08-23T19:31:05Z
2026-08-23T19:28:52Z,2026-08-23T21:28:52+0200,4d5ff379-624b-468c-8e0f-14ae085ed6a5,2026-08-04T13:45:00Z,2026-08-04T15:45:00+0200,418.73001,MW,FR,FR,forecast_offshore_wind_generation,Wind Offshore,2026-08-23T19:31:05Z
2026-08-23T19:28:52Z,2026-08-23T21:28:52+0200,4d5ff379-624b-468c-8e0f-14ae085ed6a5,2026-08-04T14:00:00Z,2026-08-04T16:00:00+0200,419.63,MW,FR,FR,forecast_offshore_wind_generation,Wind Offshore,2026-08-23T19:31:05Z
2026-08-23T19:28:52Z,2026-08-23T21:28:52+0200,4d5ff379-624b-468c-8e0f-14ae085ed6a5,2026-08-04T14:15:00Z,2026-08-04T16:15:00+0200,437.37003,MW,FR,FR,forecast_offshore_wind_generation,Wind Offshore,2026-08-23T19:31:05Z
2026-08-23T19:28:52Z,2026-08-23T21:28:52+0200,4d5ff379-624b-468c-8e0f-14ae085ed6a5,2026-08-04T14:30:00Z,2026-08-04T16:30:00+0200,455.10999,MW,FR,FR,forecast_offshore_wind_generation,Wind Offshore,2026-08-23T19:31:05Z
2026-08-23T19:28:52Z,2026-08-23T21:28:52+0200,4d5ff379-624b-468c-8e0f-14ae085ed6a5,2026-08-04T14:45:00Z,2026-08-04T16:45:00+0200,472.86996,MW,FR,FR,forecast_offshore_wind_generation,Wind Offshore,2026-08-23T19:31:05Z
2026-08-23T19:28:52Z,2026-08-23T21:28:52+0200,4d5ff379-624b-468c-8e0f-14ae085ed6a5,2026-08-04T15:00:00Z,2026-08-04T17:00:00+0200,490.62003,MW,FR,FR,forecast_offshore_wind_generation,Wind Offshore,2026-08-23T19:31:05Z
2026-08-23T19:28:52Z,2026-08-23T21:28:52+0200,4d5ff379-624b-468c-8e0f-14ae085ed6a5,2026-08-04T15:15:00Z,2026-08-04T17:15:00+0200,484.95999,MW,FR,FR,forecast_offshore_wind_generation,Wind Offshore,2026-08-23T19:31:05Z
2026-08-23T19:28:52Z,2026-08-23T21:28:52+0200,4d5ff379-624b-468c-8e0f-14ae085ed6a5,2026-08-04T15:30:00Z,2026-08-04T17:30:00+0200,479.32001,MW,FR,FR,forecast_offshore_wind_generation,Wind Offshore,2026-08-23T19:31:05Z
2026-08-23T19:28:52Z,2026-08-23T21:28:52+0200,4d5ff379-624b-468c-8e0f-14ae085ed6a5,2026-08-04T15:45:00Z,2026-08-04T17:45:00+0200,473.68002,MW,FR,FR,forecast_offshore_wind_generation,Wind Offshore,2026-08-23T19:31:05Z
2026-08-23T19:28:52Z,2026-08-23T21:28:52+0200,4d5ff379-624b-468c-8e0f-14ae085ed6a5,2026-08-04T16:00:00Z,2026-08-04T18:00:00+0200,468.03998,MW,FR,FR,forecast_offshore_wind_generation,Wind Offshore,2026-08-23T19:31:05Z
2026-08-23T19:28:52Z,2026-08-23T21:28:52+0200,4d5ff379-624b-468c-8e0f-14ae085ed6a5,2026-08-04T16:15:00Z,2026-08-04T18:15:00+0200,461.31998,MW,FR,FR,forecast_offshore_wind_generation,Wind Offshore,2026-08-23T19:31:05Z
2026-08-23T19:28:52Z,2026-08-23T21:28:52+0200,4d5ff379-624b-468c-8e0f-14ae085ed6a5,2026-08-04T16:30:00Z,2026-08-04T18:30:00+0200,454.63,MW,FR,FR,forecast_offshore_wind_generation,Wind Offshore,2026-08-23T19:31:05Z
2026-08-23T19:28:52Z,2026-08-23T21:28:52+0200,4d5ff379-624b-468c-8e0f-14ae085ed6a5,2026-08-04T16:45:00Z,2026-08-04T18:45:00+0200,447.91998,MW,FR,FR,forecast_offshore_wind_generation,Wind Offshore,2026-08-23T19:31:05Z
2026-08-23T19:28:52Z,2026-08-23T21:28:52+0200,4d5ff379-624b-468c-8e0f-14ae085ed6a5,2026-08-04T17:00:00Z,2026-08-04T19:00:00+0200,441.20999,MW,FR,FR,forecast_offshore_wind_generation,Wind Offshore,2026-08-23T19:31:05Z
2026-08-23T19:28:52Z,2026-08-23T21:28:52+0200,4d5ff379-624b-468c-8e0f-14ae085ed6a5,2026-08-04T17:15:00Z,2026-08-04T19:15:00+0200,428.12,MW,FR,FR,forecast_offshore_wind_generation,Wind Offshore,2026-08-23T19:31:05Z
2026-08-23T19:28:52Z,2026-08-23T21:28:52+0200,4d5ff379-624b-468c-8e0f-14ae085ed6a5,2026-08-04T17:30:00Z,2026-08-04T19:30:00+0200,415.03,MW,FR,FR,forecast_offshore_wind_generation,Wind Offshore,2026-08-23T19:31:05Z
2026-08-23T19:28:52Z,2026-08-23T21:28:52+0200,4d5ff379-624b-468c-8e0f-14ae085ed6a5,2026-08-04T17:45:00Z,2026-08-04T19:45:00+0200,401.95001,MW,FR,FR,forecast_offshore_wind_generation,Wind Offshore,2026-08-23T19:31:05Z
2026-08-23T19:28:52Z,2026-08-23T21:28:52+0200,4d5ff379-624b-468c-8e0f-14ae085ed6a5,2026-08-04T18:00:00Z,2026-08-04T20:00:00+0200,388.85999,MW,FR,FR,forecast_offshore_wind_generation,Wind Offshore,2026-08-23T19:31:05Z
2026-08-23T19:28:52Z,2026-08-23T21:28:52+0200,4d5ff379-624b-468c-8e0f-14ae085ed6a5,2026-08-04T18:15:00Z,2026-08-04T20:15:00+0200,378.54001,MW,FR,FR,forecast_offshore_wind_generation,Wind Offshore,2026-08-23T19:31:05Z
2026-08-23T19:28:52Z,2026-08-23T21:28:52+0200,4d5ff379-624b-468c-8e0f-14ae085ed6a5,2026-08-04T18:30:00Z,2026-08-04T20:30:00+0200,368.22,MW,FR,FR,forecast_offshore_wind_generation,Wind Offshore,2026-08-23T19:31:05Z
2026-08-23T19:28:52Z,2026-08-23T21:28:52+0200,4d5ff379-624b-468c-8e0f-14ae085ed6a5,2026-08-04T18:45:00Z,2026-08-04T20:45:00+0200,357.91,MW,FR,FR,forecast_offshore_wind_generation,Wind Offshore,2026-08-23T19:31:05Z
2026-08-23T19:28:52Z,2026-08-23T21:28:52+0200,4d5ff379-624b-468c-8e0f-14ae085ed6a5,2026-08-04T19:00:00Z,2026-08-04T21:00:00+0200,347.59,MW,FR,FR,forecast_offshore_wind_generation,Wind Offshore,2026-08-23T19:31:05Z
2026-08-23T19:28:52Z,2026-08-23T21:28:52+0200,4d5ff379-624b-468c-8e0f-14ae085ed6a5,2026-08-04T19:15:00Z,2026-08-04T21:15:00+0200,351.41,MW,FR,FR,forecast_offshore_wind_generation,Wind Offshore,2026-08-23T19:31:05Z
2026-08-23T19:28:52Z,2026-08-23T21:28:52+0200,4d5ff379-624b-468c-8e0f-14ae085ed6a5,2026-08-04T19:30:00Z,2026-08-04T21:30:00+0200,355.21997,MW,FR,FR,forecast_offshore_wind_generation,Wind Offshore,2026-08-23T19:31:05Z
2026-08-23T19:28:52Z,2026-08-23T21:28:52+0200,4d5ff379-624b-468c-8e0f-14ae085ed6a5,2026-08-04T19:45:00Z,2026-08-04T21:45:00+0200,359.03,MW,FR,FR,forecast_offshore_wind_generation,Wind Offshore,2026-08-23T19:31:05Z
2026-08-23T19:28:52Z,2026-08-23T21:28:52+0200,4d5ff379-624b-468c-8e0f-14ae085ed6a5,2026-08-04T20:00:00Z,2026-08-04T22:00:00+0200,362.84,MW,FR,FR,forecast_offshore_wind_generation,Wind Offshore,2026-08-23T19:31:05Z
2026-08-23T19:28:52Z,2026-08-23T21:28:52+0200,4d5ff379-624b-468c-8e0f-14ae085ed6a5,2026-08-04T20:15:00Z,2026-08-04T22:15:00+0200,383.58002,MW,FR,FR,forecast_offshore_wind_generation,Wind Offshore,2026-08-23T19:31:05Z
2026-08-23T19:28:52Z,2026-08-23T21:28:52+0200,4d5ff379-624b-468c-8e0f-14ae085ed6a5,2026-08-04T20:30:00Z,2026-08-04T22:30:00+0200,404.31,MW,FR,FR,forecast_offshore_wind_generation,Wind Offshore,2026-08-23T19:31:05Z
2026-08-23T19:28:52Z,2026-08-23T21:28:52+0200,4d5ff379-624b-468c-8e0f-14ae085ed6a5,2026-08-04T20:45:00Z,2026-08-04T22:45:00+0200,425.04999,MW,FR,FR,forecast_offshore_wind_generation,Wind Offshore,2026-08-23T19:31:05Z
2026-08-23T19:28:52Z,2026-08-23T21:28:52+0200,4d5ff379-624b-468c-8e0f-14ae085ed6a5,2026-08-04T21:00:00Z,2026-08-04T23:00:00+0200,445.79001,MW,FR,FR,forecast_offshore_wind_generation,Wind Offshore,2026-08-23T19:31:05Z
2026-08-23T19:28:52Z,2026-08-23T21:28:52+0200,4d5ff379-624b-468c-8e0f-14ae085ed6a5,2026-08-04T21:15:00Z,2026-08-04T23:15:00+0200,474.76001,MW,FR,FR,forecast_offshore_wind_generation,Wind Offshore,2026-08-23T19:31:05Z
2026-08-23T19:28:52Z,2026-08-23T21:28:52+0200,4d5ff379-624b-468c-8e0f-14ae085ed6a5,2026-08-04T21:30:00Z,2026-08-04T23:30:00+0200,503.73999,MW,FR,FR,forecast_offshore_wind_generation,Wind Offshore,2026-08-23T19:31:05Z
2026-08-23T19:28:52Z,2026-08-23T21:28:52+0200,4d5ff379-624b-468c-8e0f-14ae085ed6a5,2026-08-04T21:45:00Z,2026-08-04T23:45:00+0200,532.70996,MW,FR,FR,forecast_offshore_wind_generation,Wind Offshore,2026-08-23T19:31:05Z
2026-08-23T19:28:52Z,2026-08-23T21:28:52+0200,4d5ff379-624b-468c-8e0f-14ae085ed6a5,2026-08-04T22:00:00Z,2026-08-05T00:00:00+0200,532.14001,MW,FR,FR,forecast_offshore_wind_generation,Wind Offshore,2026-08-23T19:31:05Z
2026-08-23T19:28:52Z,2026-08-23T21:28:52+0200,4d5ff379-624b-468c-8e0f-14ae085ed6a5,2026-08-04T22:15:00Z,2026-08-05T00:15:00+0200,529.0,MW,FR,FR,forecast_offshore_wind_generation,Wind Offshore,2026-08-23T19:31:05Z
2026-08-23T19:28:52Z,2026-08-23T21:28:52+0200,4d5ff379-624b-468c-8e0f-14ae085ed6a5,2026-08-04T22:30:00Z,2026-08-05T00:30:00+0200,525.83997,MW,FR,FR,forecast_offshore_wind_generation,Wind Offshore,2026-08-23T19:31:05Z
2026-08-23T19:28:52Z,2026-08-23T21:28:52+0200,4d5ff379-624b-468c-8e0f-14ae085ed6a5,2026-08-04T22:45:00Z,2026-08-05T00:45:00+0200,522.47998,MW,FR,FR,forecast_offshore_wind_generation,Wind Offshore,2026-08-23T19:31:05Z
2026-08-23T19:28:52Z,2026-08-23T21:28:52+0200,4d5ff379-624b-468c-8e0f-14ae085ed6a5,2026-08-04T23:00:00Z,2026-08-05T01:00:00+0200,519.14001,MW,FR,FR,forecast_offshore_wind_generation,Wind Offshore,2026-08-23T19:31:05Z
2026-08-23T19:28:52Z,2026-08-23T21:28:52+0200,4d5ff379-624b-468c-8e0f-14ae085ed6a5,2026-08-04T23:15:00Z,2026-08-05T01:15:00+0200,525.83002,MW,FR,FR,forecast_offshore_wind_generation,Wind Offshore,2026-08-23T19:31:05Z
2026-08-23T19:28:52Z,2026-08-23T21:28:52+0200,4d5ff379-624b-468c-8e0f-14ae085ed6a5,2026-08-04T23:30:00Z,2026-08-05T01:30:00+0200,532.53998,MW,FR,FR,forecast_offshore_wind_generation,Wind Offshore,2026-08-23T19:31:05Z
2026-08-23T19:28:52Z,2026-08-23T21:28:52+0200,4d5ff379-624b-468c-8e0f-14ae085ed6a5,2026-08-04T23:45:00Z,2026-08-05T01:45:00+0200,539.17999,MW,FR,FR,forecast_offshore_wind_generation,Wind Offshore,2026-08-23T19:31:05Z
2026-08-23T19:28:52Z,2026-08-23T21:28:52+0200,4d5ff379-624b-468c-8e0f-14ae085ed6a5,2026-08-05T00:00:00Z,2026-08-05T02:00:00+0200,545.83002,MW,FR,FR,forecast_offshore_wind_generation,Wind Offshore,2026-08-23T19:31:05Z
2026-08-23T19:28:52Z,2026-08-23T21:28:52+0200,4d5ff379-624b-468c-8e0f-14ae085ed6a5,2026-08-05T00:15:00Z,2026-08-05T02:15:00+0200,546.54004,MW,FR,FR,forecast_offshore_wind_generation,Wind Offshore,2026-08-23T19:31:05Z
2026-08-23T19:28:52Z,2026-08-23T21:28:52+0200,4d5ff379-624b-468c-8e0f-14ae085ed6a5,2026-08-05T00:30:00Z,2026-08-05T02:30:00+0200,547.27002,MW,FR,FR,forecast_offshore_wind_generation,Wind Offshore,2026-08-23T19:31:05Z
2026-08-23T19:28:52Z,2026-08-23T21:28:52+0200,4d5ff379-624b-468c-8e0f-14ae085ed6a5,2026-08-05T00:45:00Z,2026-08-05T02:45:00+0200,548.01001,MW,FR,FR,forecast_offshore_wind_generation,Wind Offshore,2026-08-23T19:31:05Z
2026-08-23T19:28:52Z,2026-08-23T21:28:52+0200,4d5ff379-624b-468c-8e0f-14ae085ed6a5,2026-08-05T01:00:00Z,2026-08-05T03:00:00+0200,548.73999,MW,FR,FR,forecast_offshore_wind_generation,Wind Offshore,2026-08-23T19:31:05Z
2026-08-23T19:28:52Z,2026-08-23T21:28:52+0200,4d5ff379-624b-468c-8e0f-14ae085ed6a5,2026-08-05T01:15:00Z,2026-08-05T03:15:00+0200,568.90002,MW,FR,FR,forecast_offshore_wind_generation,Wind Offshore,2026-08-23T19:31:05Z
2026-08-23T19:28:52Z,2026-08-23T21:28:52+0200,4d5ff379-624b-468c-8e0f-14ae085ed6a5,2026-08-05T01:30:00Z,2026-08-05T03:30:00+0200,589.08002,MW,FR,FR,forecast_offshore_wind_generation,Wind Offshore,2026-08-23T19:31:05Z
2026-08-23T19:28:52Z,2026-08-23T21:28:52+0200,4d5ff379-624b-468c-8e0f-14ae085ed6a5,2026-08-05T01:45:00Z,2026-08-05T03:45:00+0200,609.26001,MW,FR,FR,forecast_offshore_wind_generation,Wind Offshore,2026-08-23T19:31:05Z
2026-08-23T19:28:52Z,2026-08-23T21:28:52+0200,4d5ff379-624b-468c-8e0f-14ae085ed6a5,2026-08-05T02:00:00Z,2026-08-05T04:00:00+0200,629.42999,MW,FR,FR,forecast_offshore_wind_generation,Wind Offshore,2026-08-23T19:31:05Z
2026-08-23T19:28:52Z,2026-08-23T21:28:52+0200,4d5ff379-624b-468c-8e0f-14ae085ed6a5,2026-08-05T02:15:00Z,2026-08-05T04:15:00+0200,611.19,MW,FR,FR,forecast_offshore_wind_generation,Wind Offshore,2026-08-23T19:31:05Z
2026-08-23T19:28:52Z,2026-08-23T21:28:52+0200,4d5ff379-624b-468c-8e0f-14ae085ed6a5,2026-08-05T02:30:00Z,2026-08-05T04:30:00+0200,592.94,MW,FR,FR,forecast_offshore_wind_generation,Wind Offshore,2026-08-23T19:31:05Z
2026-08-23T19:28:52Z,2026-08-23T21:28:52+0200,4d5ff379-624b-468c-8e0f-14ae085ed6a5,2026-08-05T02:45:00Z,2026-08-05T04:45:00+0200,574.69995,MW,FR,FR,forecast_offshore_wind_generation,Wind Offshore,2026-08-23T19:31:05Z
2026-08-23T19:28:52Z,2026-08-23T21:28:52+0200,4d5ff379-624b-468c-8e0f-14ae085ed6a5,2026-08-05T03:00:00Z,2026-08-05T05:00:00+0200,556.44,MW,FR,FR,forecast_offshore_wind_generation,Wind Offshore,2026-08-23T19:31:05Z
2026-08-23T19:28:52Z,2026-08-23T21:28:52+0200,4d5ff379-624b-468c-8e0f-14ae085ed6a5,2026-08-05T03:15:00Z,2026-08-05T05:15:00+0200,561.0,MW,FR,FR,forecast_offshore_wind_generation,Wind Offshore,2026-08-23T19:31:05Z
2026-08-23T19:28:52Z,2026-08-23T21:28:52+0200,4d5ff379-624b-468c-8e0f-14ae085ed6a5,2026-08-05T03:30:00Z,2026-08-05T05:30:00+0200,565.56,MW,FR,FR,forecast_offshore_wind_generation,Wind Offshore,2026-08-23T19:31:05Z
2026-08-23T19:28:52Z,2026-08-23T21:28:52+0200,4d5ff379-624b-468c-8e0f-14ae085ed6a5,2026-08-05T03:45:00Z,2026-08-05T05:45:00+0200,570.06,MW,FR,FR,forecast_offshore_wind_generation,Wind Offshore,2026-08-23T19:31:05Z
2026-08-23T19:28:52Z,2026-08-23T21:28:52+0200,4d5ff379-624b-468c-8e0f-14ae085ed6a5,2026-08-05T04:00:00Z,2026-08-05T06:00:00+0200,574.57001,MW,FR,FR,forecast_offshore_wind_generation,Wind Offshore,2026-08-23T19:31:05Z
2026-08-23T19:28:52Z,2026-08-23T21:28:52+0200,4d5ff379-624b-468c-8e0f-14ae085ed6a5,2026-08-05T04:15:00Z,2026-08-05T06:15:00+0200,585.46997,MW,FR,FR,forecast_offshore_wind_generation,Wind Offshore,2026-08-23T19:31:05Z
2026-08-23T19:28:52Z,2026-08-23T21:28:52+0200,4d5ff379-624b-468c-8e0f-14ae085ed6a5,2026-08-05T04:30:00Z,2026-08-05T06:30:00+0200,596.35999,MW,FR,FR,forecast_offshore_wind_generation,Wind Offshore,2026-08-23T19:31:05Z
2026-08-23T19:28:52Z,2026-08-23T21:28:52+0200,4d5ff379-624b-468c-8e0f-14ae085ed6a5,2026-08-05T04:45:00Z,2026-08-05T06:45:00+0200,607.20001,MW,FR,FR,forecast_offshore_wind_generation,Wind Offshore,2026-08-23T19:31:05Z
2026-08-23T19:28:52Z,2026-08-23T21:28:52+0200,4d5ff379-624b-468c-8e0f-14ae085ed6a5,2026-08-05T05:00:00Z,2026-08-05T07:00:00+0200,618.02997,MW,FR,FR,forecast_offshore_wind_generation,Wind Offshore,2026-08-23T19:31:05Z
2026-08-23T19:28:52Z,2026-08-23T21:28:52+0200,4d5ff379-624b-468c-8e0f-14ae085ed6a5,2026-08-05T05:15:00Z,2026-08-05T07:15:00+0200,619.02002,MW,FR,FR,forecast_offshore_wind_generation,Wind Offshore,2026-08-23T19:31:05Z
2026-08-23T19:28:52Z,2026-08-23T21:28:52+0200,4d5ff379-624b-468c-8e0f-14ae085ed6a5,2026-08-05T05:30:00Z,2026-08-05T07:30:00+0200,620.0,MW,FR,FR,forecast_offshore_wind_generation,Wind Offshore,2026-08-23T19:31:05Z
2026-08-23T19:28:52Z,2026-08-23T21:28:52+0200,4d5ff379-624b-468c-8e0f-14ae085ed6a5,2026-08-05T05:45:00Z,2026-08-05T07:45:00+0200,620.95001,MW,FR,FR,forecast_offshore_wind_generation,Wind Offshore,2026-08-23T19:31:05Z
2026-08-23T19:28:52Z,2026-08-23T21:28:52+0200,4d5ff379-624b-468c-8e0f-14ae085ed6a5,2026-08-05T06:00:00Z,2026-08-05T08:00:00+0200,621.89001,MW,FR,FR,forecast_offshore_wind_generation,Wind Offshore,2026-08-23T19:31:05Z
2026-08-23T19:28:52Z,2026-08-23T21:28:52+0200,4d5ff379-624b-468c-8e0f-14ae085ed6a5,2026-08-05T06:15:00Z,2026-08-05T08:15:00+0200,622.39001,MW,FR,FR,forecast_offshore_wind_generation,Wind Offshore,2026-08-23T19:31:05Z
2026-08-23T19:28:52Z,2026-08-23T21:28:52+0200,4d5ff379-624b-468c-8e0f-14ae085ed6a5,2026-08-05T06:30:00Z,2026-08-05T08:30:00+0200,622.89996,MW,FR,FR,forecast_offshore_wind_generation,Wind Offshore,2026-08-23T19:31:05Z
2026-08-23T19:28:52Z,2026-08-23T21:28:52+0200,4d5ff379-624b-468c-8e0f-14ae085ed6a5,2026-08-05T06:45:00Z,2026-08-05T08:45:00+0200,623.37,MW,FR,FR,forecast_offshore_wind_generation,Wind Offshore,2026-08-23T19:31:05Z
2026-08-23T19:28:52Z,2026-08-23T21:28:52+0200,4d5ff379-624b-468c-8e0f-14ae085ed6a5,2026-08-05T07:00:00Z,2026-08-05T09:00:00+0200,623.83997,MW,FR,FR,forecast_offshore_wind_generation,Wind Offshore,2026-08-23T19:31:05Z
2026-08-23T19:28:52Z,2026-08-23T21:28:52+0200,4d5ff379-624b-468c-8e0f-14ae085ed6a5,2026-08-05T07:15:00Z,2026-08-05T09:15:00+0200,611.22998,MW,FR,FR,forecast_offshore_wind_generation,Wind Offshore,2026-08-23T19:31:05Z
2026-08-23T19:28:52Z,2026-08-23T21:28:52+0200,4d5ff379-624b-468c-8e0f-14ae085ed6a5,2026-08-05T07:30:00Z,2026-08-05T09:30:00+0200,598.64001,MW,FR,FR,forecast_offshore_wind_generation,Wind Offshore,2026-08-23T19:31:05Z
2026-08-23T19:28:52Z,2026-08-23T21:28:52+0200,4d5ff379-624b-468c-8e0f-14ae085ed6a5,2026-08-05T07:45:00Z,2026-08-05T09:45:00+0200,586.01007,MW,FR,FR,forecast_offshore_wind_generation,Wind Offshore,2026-08-23T19:31:05Z
2026-08-23T19:28:52Z,2026-08-23T21:28:52+0200,4d5ff379-624b-468c-8e0f-14ae085ed6a5,2026-08-05T08:00:00Z,2026-08-05T10:00:00+0200,573.39001,MW,FR,FR,forecast_offshore_wind_generation,Wind Offshore,2026-08-23T19:31:05Z
2026-08-23T19:28:52Z,2026-08-23T21:28:52+0200,4d5ff379-624b-468c-8e0f-14ae085ed6a5,2026-08-05T08:15:00Z,2026-08-05T10:15:00+0200,565.72003,MW,FR,FR,forecast_offshore_wind_generation,Wind Offshore,2026-08-23T19:31:05Z
2026-08-23T19:28:52Z,2026-08-23T21:28:52+0200,4d5ff379-624b-468c-8e0f-14ae085ed6a5,2026-08-05T08:30:00Z,2026-08-05T10:30:00+0200,558.02997,MW,FR,FR,forecast_offshore_wind_generation,Wind Offshore,2026-08-23T19:31:05Z
2026-08-23T19:28:52Z,2026-08-23T21:28:52+0200,4d5ff379-624b-468c-8e0f-14ae085ed6a5,2026-08-05T08:45:00Z,2026-08-05T10:45:00+0200,550.33997,MW,FR,FR,forecast_offshore_wind_generation,Wind Offshore,2026-08-23T19:31:05Z
2026-08-23T19:28:52Z,2026-08-23T21:28:52+0200,4d5ff379-624b-468c-8e0f-14ae085ed6a5,2026-08-05T09:00:00Z,2026-08-05T11:00:00+0200,542.65002,MW,FR,FR,forecast_offshore_wind_generation,Wind Offshore,2026-08-23T19:31:05Z
2026-08-23T19:28:52Z,2026-08-23T21:28:52+0200,4d5ff379-624b-468c-8e0f-14ae085ed6a5,2026-08-05T09:15:00Z,2026-08-05T11:15:00+0200,533.89001,MW,FR,FR,forecast_offshore_wind_generation,Wind Offshore,2026-08-23T19:31:05Z
2026-08-23T19:28:52Z,2026-08-23T21:28:52+0200,4d5ff379-624b-468c-8e0f-14ae085ed6a5,2026-08-05T09:30:00Z,2026-08-05T11:30:00+0200,525.15002,MW,FR,FR,forecast_offshore_wind_generation,Wind Offshore,2026-08-23T19:31:05Z
2026-08-23T19:28:52Z,2026-08-23T21:28:52+0200,4d5ff379-624b-468c-8e0f-14ae085ed6a5,2026-08-05T09:45:00Z,2026-08-05T11:45:00+0200,516.39001,MW,FR,FR,forecast_offshore_wind_generation,Wind Offshore,2026-08-23T19:31:05Z
2026-08-23T19:28:52Z,2026-08-23T21:28:52+0200,4d5ff379-624b-468c-8e0f-14ae085ed6a5,2026-08-05T10:00:00Z,2026-08-05T12:00:00+0200,507.65002,MW,FR,FR,forecast_offshore_wind_generation,Wind Offshore,2026-08-23T19:31:05Z
2026-08-23T19:28:52Z,2026-08-23T21:28:52+0200,4d5ff379-624b-468c-8e0f-14ae085ed6a5,2026-08-05T10:15:00Z,2026-08-05T12:15:00+0200,498.46997,MW,FR,FR,forecast_offshore_wind_generation,Wind Offshore,2026-08-23T19:31:05Z
2026-08-23T19:28:52Z,2026-08-23T21:28:52+0200,4d5ff379-624b-468c-8e0f-14ae085ed6a5,2026-08-05T10:30:00Z,2026-08-05T12:30:00+0200,489.30002,MW,FR,FR,forecast_offshore_wind_generation,Wind Offshore,2026-08-23T19:31:05Z
2026-08-23T19:28:52Z,2026-08-23T21:28:52+0200,4d5ff379-624b-468c-8e0f-14ae085ed6a5,2026-08-05T10:45:00Z,2026-08-05T12:45:00+0200,480.12003,MW,FR,FR,forecast_offshore_wind_generation,Wind Offshore,2026-08-23T19:31:05Z
2026-08-23T19:28:52Z,2026-08-23T21:28:52+0200,4d5ff379-624b-468c-8e0f-14ae085ed6a5,2026-08-05T11:00:00Z,2026-08-05T13:00:00+0200,470.96002,MW,FR,FR,forecast_offshore_wind_generation,Wind Offshore,2026-08-23T19:31:05Z
2026-08-23T19:28:52Z,2026-08-23T21:28:52+0200,4d5ff379-624b-468c-8e0f-14ae085ed6a5,2026-08-05T11:15:00Z,2026-08-05T13:15:00+0200,468.98999,MW,FR,FR,forecast_offshore_wind_generation,Wind Offshore,2026-08-23T19:31:05Z
2026-08-23T19:28:52Z,2026-08-23T21:28:52+0200,4d5ff379-624b-468c-8e0f-14ae085ed6a5,2026-08-05T11:30:00Z,2026-08-05T13:30:00+0200,467.01001,MW,FR,FR,forecast_offshore_wind_generation,Wind Offshore,2026-08-23T19:31:05Z
2026-08-23T19:28:52Z,2026-08-23T21:28:52+0200,4d5ff379-624b-468c-8e0f-14ae085ed6a5,2026-08-05T11:45:00Z,2026-08-05T13:45:00+0200,465.03,MW,FR,FR,forecast_offshore_wind_generation,Wind Offshore,2026-08-23T19:31:05Z
2026-08-23T19:28:52Z,2026-08-23T21:28:52+0200,4d5ff379-624b-468c-8e0f-14ae085ed6a5,2026-08-05T12:00:00Z,2026-08-05T14:00:00+0200,463.04004,MW,FR,FR,forecast_offshore_wind_generation,Wind Offshore,2026-08-23T19:31:05Z
2026-08-23T19:28:52Z,2026-08-23T21:28:52+0200,4d5ff379-624b-468c-8e0f-14ae085ed6a5,2026-08-05T12:15:00Z,2026-08-05T14:15:00+0200,474.20001,MW,FR,FR,forecast_offshore_wind_generation,Wind Offshore,2026-08-23T19:31:05Z
2026-08-23T19:28:52Z,2026-08-23T21:28:52+0200,4d5ff379-624b-468c-8e0f-14ae085ed6a5,2026-08-05T12:30:00Z,2026-08-05T14:30:00+0200,485.34998,MW,FR,FR,forecast_offshore_wind_generation,Wind Offshore,2026-08-23T19:31:05Z
2026-08-23T19:28:52Z,2026-08-23T21:28:52+0200,4d5ff379-624b-468c-8e0f-14ae085ed6a5,2026-08-05T12:45:00Z,2026-08-05T14:45:00+0200,496.52002,MW,FR,FR,forecast_offshore_wind_generation,Wind Offshore,2026-08-23T19:31:05Z
2026-08-23T19:28:52Z,2026-08-23T21:28:52+0200,4d5ff379-624b-468c-8e0f-14ae085ed6a5,2026-08-05T13:00:00Z,2026-08-05T15:00:00+0200,507.68002,MW,FR,FR,forecast_offshore_wind_generation,Wind Offshore,2026-08-23T19:31:05Z
2026-08-23T19:28:52Z,2026-08-23T21:28:52+0200,4d5ff379-624b-468c-8e0f-14ae085ed6a5,2026-08-05T13:15:00Z,2026-08-05T15:15:00+0200,517.89996,MW,FR,FR,forecast_offshore_wind_generation,Wind Offshore,2026-08-23T19:31:05Z
2026-08-23T19:28:52Z,2026-08-23T21:28:52+0200,4d5ff379-624b-468c-8e0f-14ae085ed6a5,2026-08-05T13:30:00Z,2026-08-05T15:30:00+0200,528.10999,MW,FR,FR,forecast_offshore_wind_generation,Wind Offshore,2026-08-23T19:31:05Z
2026-08-23T19:28:52Z,2026-08-23T21:28:52+0200,4d5ff379-624b-468c-8e0f-14ae085ed6a5,2026-08-05T13:45:00Z,2026-08-05T15:45:00+0200,538.35999,MW,FR,FR,forecast_offshore_wind_generation,Wind Offshore,2026-08-23T19:31:05Z
2026-08-23T19:28:52Z,2026-08-23T21:28:52+0200,4d5ff379-624b-468c-8e0f-14ae085ed6a5,2026-08-05T14:00:00Z,2026-08-05T16:00:00+0200,548.60004,MW,FR,FR,forecast_offshore_wind_generation,Wind Offshore,2026-08-23T19:31:05Z
2026-08-23T19:28:52Z,2026-08-23T21:28:52+0200,4d5ff379-624b-468c-8e0f-14ae085ed6a5,2026-08-05T14:15:00Z,2026-08-05T16:15:00+0200,566.28003,MW,FR,FR,forecast_offshore_wind_generation,Wind Offshore,2026-08-23T19:31:05Z
2026-08-23T19:28:52Z,2026-08-23T21:28:52+0200,4d5ff379-624b-468c-8e0f-14ae085ed6a5,2026-08-05T14:30:00Z,2026-08-05T16:30:00+0200,583.95996,MW,FR,FR,forecast_offshore_wind_generation,Wind Offshore,2026-08-23T19:31:05Z
2026-08-23T19:28:52Z,2026-08-23T21:28:52+0200,4d5ff379-624b-468c-8e0f-14ae085ed6a5,2026-08-05T14:45:00Z,2026-08-05T16:45:00+0200,601.66003,MW,FR,FR,forecast_offshore_wind_generation,Wind Offshore,2026-08-23T19:31:05Z
2026-08-23T19:28:52Z,2026-08-23T21:28:52+0200,4d5ff379-624b-468c-8e0f-14ae085ed6a5,2026-08-05T15:00:00Z,2026-08-05T17:00:00+0200,619.37,MW,FR,FR,forecast_offshore_wind_generation,Wind Offshore,2026-08-23T19:31:05Z
2026-08-23T19:28:52Z,2026-08-23T21:28:52+0200,4d5ff379-624b-468c-8e0f-14ae085ed6a5,2026-08-05T15:15:00Z,2026-08-05T17:15:00+0200,645.31,MW,FR,FR,forecast_offshore_wind_generation,Wind Offshore,2026-08-23T19:31:05Z
2026-08-23T19:28:52Z,2026-08-23T21:28:52+0200,4d5ff379-624b-468c-8e0f-14ae085ed6a5,2026-08-05T15:30:00Z,2026-08-05T17:30:00+0200,671.22998,MW,FR,FR,forecast_offshore_wind_generation,Wind Offshore,2026-08-23T19:31:05Z
2026-08-23T19:28:52Z,2026-08-23T21:28:52+0200,4d5ff379-624b-468c-8e0f-14ae085ed6a5,2026-08-05T15:45:00Z,2026-08-05T17:45:00+0200,697.20996,MW,FR,FR,forecast_offshore_wind_generation,Wind Offshore,2026-08-23T19:31:05Z
2026-08-23T19:28:52Z,2026-08-23T21:28:52+0200,4d5ff379-624b-468c-8e0f-14ae085ed6a5,2026-08-05T16:00:00Z,2026-08-05T18:00:00+0200,723.17999,MW,FR,FR,forecast_offshore_wind_generation,Wind Offshore,2026-08-23T19:31:05Z
2026-08-23T19:28:52Z,2026-08-23T21:28:52+0200,4d5ff379-624b-468c-8e0f-14ae085ed6a5,2026-08-05T16:15:00Z,2026-08-05T18:15:00+0200,760.91003,MW,FR,FR,forecast_offshore_wind_generation,Wind Offshore,2026-08-23T19:31:05Z
2026-08-23T19:28:52Z,2026-08-23T21:28:52+0200,4d5ff379-624b-468c-8e0f-14ae085ed6a5,2026-08-05T16:30:00Z,2026-08-05T18:30:00+0200,798.64001,MW,FR,FR,forecast_offshore_wind_generation,Wind Offshore,2026-08-23T19:31:05Z
2026-08-23T19:28:52Z,2026-08-23T21:28:52+0200,4d5ff379-624b-468c-8e0f-14ae085ed6a5,2026-08-05T16:45:00Z,2026-08-05T18:45:00+0200,836.42004,MW,FR,FR,forecast_offshore_wind_generation,Wind Offshore,2026-08-23T19:31:05Z
2026-08-23T19:28:52Z,2026-08-23T21:28:52+0200,4d5ff379-624b-468c-8e0f-14ae085ed6a5,2026-08-05T17:00:00Z,2026-08-05T19:00:00+0200,874.16998,MW,FR,FR,forecast_offshore_wind_generation,Wind Offshore,2026-08-23T19:31:05Z
2026-08-23T19:28:52Z,2026-08-23T21:28:52+0200,4d5ff379-624b-468c-8e0f-14ae085ed6a5,2026-08-05T17:15:00Z,2026-08-05T19:15:00+0200,906.98004,MW,FR,FR,forecast_offshore_wind_generation,Wind Offshore,2026-08-23T19:31:05Z
2026-08-23T19:28:52Z,2026-08-23T21:28:52+0200,4d5ff379-624b-468c-8e0f-14ae085ed6a5,2026-08-05T17:30:00Z,2026-08-05T19:30:00+0200,939.80005,MW,FR,FR,forecast_offshore_wind_generation,Wind Offshore,2026-08-23T19:31:05Z
2026-08-23T19:28:52Z,2026-08-23T21:28:52+0200,4d5ff379-624b-468c-8e0f-14ae085ed6a5,2026-08-05T17:45:00Z,2026-08-05T19:45:00+0200,972.63,MW,FR,FR,forecast_offshore_wind_generation,Wind Offshore,2026-08-23T19:31:05Z
2026-08-23T19:28:52Z,2026-08-23T21:28:52+0200,4d5ff379-624b-468c-8e0f-14ae085ed6a5,2026-08-05T18:00:00Z,2026-08-05T20:00:00+0200,1005.47003,MW,FR,FR,forecast_offshore_wind_generation,Wind Offshore,2026-08-23T19:31:05Z
2026-08-23T19:28:52Z,2026-08-23T21:28:52+0200,4d5ff379-624b-468c-8e0f-14ae085ed6a5,2026-08-05T18:15:00Z,2026-08-05T20:15:00+0200,1034.82007,MW,FR,FR,forecast_offshore_wind_generation,Wind Offshore,2026-08-23T19:31:05Z
2026-08-23T19:28:52Z,2026-08-23T21:28:52+0200,4d5ff379-624b-468c-8e0f-14ae085ed6a5,2026-08-05T18:30:00Z,2026-08-05T20:30:00+0200,1064.16992,MW,FR,FR,forecast_offshore_wind_generation,Wind Offshore,2026-08-23T19:31:05Z
2026-08-23T19:28:52Z,2026-08-23T21:28:52+0200,4d5ff379-624b-468c-8e0f-14ae085ed6a5,2026-08-05T18:45:00Z,2026-08-05T20:45:00+0200,1093.47998,MW,FR,FR,forecast_offshore_wind_generation,Wind Offshore,2026-08-23T19:31:05Z
2026-08-23T19:28:52Z,2026-08-23T21:28:52+0200,4d5ff379-624b-468c-8e0f-14ae085ed6a5,2026-08-05T19:00:00Z,2026-08-05T21:00:00+0200,1122.80994,MW,FR,FR,forecast_offshore_wind_generation,Wind Offshore,2026-08-23T19:31:05Z
2026-08-23T19:28:52Z,2026-08-23T21:28:52+0200,4d5ff379-624b-468c-8e0f-14ae085ed6a5,2026-08-05T19:15:00Z,2026-08-05T21:15:00+0200,1126.95996,MW,FR,FR,forecast_offshore_wind_generation,Wind Offshore,2026-08-23T19:31:05Z
2026-08-23T19:28:52Z,2026-08-23T21:28:52+0200,4d5ff379-624b-468c-8e0f-14ae085ed6a5,2026-08-05T19:30:00Z,2026-08-05T21:30:00+0200,1131.12,MW,FR,FR,forecast_offshore_wind_generation,Wind Offshore,2026-08-23T19:31:05Z
2026-08-23T19:28:52Z,2026-08-23T21:28:52+0200,4d5ff379-624b-468c-8e0f-14ae085ed6a5,2026-08-05T19:45:00Z,2026-08-05T21:45:00+0200,1135.26001,MW,FR,FR,forecast_offshore_wind_generation,Wind Offshore,2026-08-23T19:31:05Z
2026-08-23T19:28:52Z,2026-08-23T21:28:52+0200,4d5ff379-624b-468c-8e0f-14ae085ed6a5,2026-08-05T20:00:00Z,2026-08-05T22:00:00+0200,1139.40002,MW,FR,FR,forecast_offshore_wind_generation,Wind Offshore,2026-08-23T19:31:05Z
2026-08-23T19:28:52Z,2026-08-23T21:28:52+0200,4d5ff379-624b-468c-8e0f-14ae085ed6a5,2026-08-05T20:15:00Z,2026-08-05T22:15:00+0200,1135.30994,MW,FR,FR,forecast_offshore_wind_generation,Wind Offshore,2026-08-23T19:31:05Z
2026-08-23T19:28:52Z,2026-08-23T21:28:52+0200,4d5ff379-624b-468c-8e0f-14ae085ed6a5,2026-08-05T20:30:00Z,2026-08-05T22:30:00+0200,1131.22998,MW,FR,FR,forecast_offshore_wind_generation,Wind Offshore,2026-08-23T19:31:05Z
2026-08-23T19:28:52Z,2026-08-23T21:28:52+0200,4d5ff379-624b-468c-8e0f-14ae085ed6a5,2026-08-05T20:45:00Z,2026-08-05T22:45:00+0200,1127.09009,MW,FR,FR,forecast_offshore_wind_generation,Wind Offshore,2026-08-23T19:31:05Z
2026-08-23T19:28:52Z,2026-08-23T21:28:52+0200,4d5ff379-624b-468c-8e0f-14ae085ed6a5,2026-08-05T21:00:00Z,2026-08-05T23:00:00+0200,1122.96997,MW,FR,FR,forecast_offshore_wind_generation,Wind Offshore,2026-08-23T19:31:05Z
2026-08-23T19:28:52Z,2026-08-23T21:28:52+0200,4d5ff379-624b-468c-8e0f-14ae085ed6a5,2026-08-05T21:15:00Z,2026-08-05T23:15:00+0200,1108.38,MW,FR,FR,forecast_offshore_wind_generation,Wind Offshore,2026-08-23T19:31:05Z
2026-08-23T19:28:52Z,2026-08-23T21:28:52+0200,4d5ff379-624b-468c-8e0f-14ae085ed6a5,2026-08-05T21:30:00Z,2026-08-05T23:30:00+0200,1093.80005,MW,FR,FR,forecast_offshore_wind_generation,Wind Offshore,2026-08-23T19:31:05Z
2026-08-23T19:28:52Z,2026-08-23T21:28:52+0200,4d5ff379-624b-468c-8e0f-14ae085ed6a5,2026-08-05T21:45:00Z,2026-08-05T23:45:00+0200,1079.19006,MW,FR,FR,forecast_offshore_wind_generation,Wind Offshore,2026-08-23T19:31:05Z
2026-08-23T19:28:52Z,2026-08-23T21:28:52+0200,4d5ff379-624b-468c-8e0f-14ae085ed6a5,2026-08-05T22:00:00Z,2026-08-06T00:00:00+0200,964.56,MW,FR,FR,forecast_offshore_wind_generation,Wind Offshore,2026-08-23T19:31:05Z
2026-08-23T19:28:52Z,2026-08-23T21:28:52+0200,4d5ff379-624b-468c-8e0f-14ae085ed6a5,2026-08-05T22:15:00Z,2026-08-06T00:15:00+0200,927.18005,MW,FR,FR,forecast_offshore_wind_generation,Wind Offshore,2026-08-23T19:31:05Z
2026-08-23T19:28:52Z,2026-08-23T21:28:52+0200,4d5ff379-624b-468c-8e0f-14ae085ed6a5,2026-08-05T22:30:00Z,2026-08-06T00:30:00+0200,889.79999,MW,FR,FR,forecast_offshore_wind_generation,Wind Offshore,2026-08-23T19:31:05Z
2026-08-23T19:28:52Z,2026-08-23T21:28:52+0200,4d5ff379-624b-468c-8e0f-14ae085ed6a5,2026-08-05T22:45:00Z,2026-08-06T00:45:00+0200,852.58002,MW,FR,FR,forecast_offshore_wind_generation,Wind Offshore,2026-08-23T19:31:05Z
2026-08-23T19:28:52Z,2026-08-23T21:28:52+0200,4d5ff379-624b-468c-8e0f-14ae085ed6a5,2026-08-05T23:00:00Z,2026-08-06T01:00:00+0200,815.37006,MW,FR,FR,forecast_offshore_wind_generation,Wind Offshore,2026-08-23T19:31:05Z
2026-08-23T19:28:52Z,2026-08-23T21:28:52+0200,4d5ff379-624b-468c-8e0f-14ae085ed6a5,2026-08-05T23:15:00Z,2026-08-06T01:15:00+0200,794.16998,MW,FR,FR,forecast_offshore_wind_generation,Wind Offshore,2026-08-23T19:31:05Z
2026-08-23T19:28:52Z,2026-08-23T21:28:52+0200,4d5ff379-624b-468c-8e0f-14ae085ed6a5,2026-08-05T23:30:00Z,2026-08-06T01:30:00+0200,773.0,MW,FR,FR,forecast_offshore_wind_generation,Wind Offshore,2026-08-23T19:31:05Z
2026-08-23T19:28:52Z,2026-08-23T21:28:52+0200,4d5ff379-624b-468c-8e0f-14ae085ed6a5,2026-08-05T23:45:00Z,2026-08-06T01:45:00+0200,751.88,MW,FR,FR,forecast_offshore_wind_generation,Wind Offshore,2026-08-23T19:31:05Z
2026-08-23T19:28:52Z,2026-08-23T21:28:52+0200,4d5ff379-624b-468c-8e0f-14ae085ed6a5,2026-08-06T00:00:00Z,2026-08-06T02:00:00+0200,730.73999,MW,FR,FR,forecast_offshore_wind_generation,Wind Offshore,2026-08-23T19:31:05Z
2026-08-23T19:28:52Z,2026-08-23T21:28:52+0200,4d5ff379-624b-468c-8e0f-14ae085ed6a5,2026-08-06T00:15:00Z,2026-08-06T02:15:00+0200,710.38,MW,FR,FR,forecast_offshore_wind_generation,Wind Offshore,2026-08-23T19:31:05Z
2026-08-23T19:28:52Z,2026-08-23T21:28:52+0200,4d5ff379-624b-468c-8e0f-14ae085ed6a5,2026-08-06T00:30:00Z,2026-08-06T02:30:00+0200,690.0,MW,FR,FR,forecast_offshore_wind_generation,Wind Offshore,2026-08-23T19:31:05Z
2026-08-23T19:28:52Z,2026-08-23T21:28:52+0200,4d5ff379-624b-468c-8e0f-14ae085ed6a5,2026-08-06T00:45:00Z,2026-08-06T02:45:00+0200,669.62,MW,FR,FR,forecast_offshore_wind_generation,Wind Offshore,2026-08-23T19:31:05Z
2026-08-23T19:28:52Z,2026-08-23T21:28:52+0200,4d5ff379-624b-468c-8e0f-14ae085ed6a5,2026-08-06T01:00:00Z,2026-08-06T03:00:00+0200,649.22998,MW,FR,FR,forecast_offshore_wind_generation,Wind Offshore,2026-08-23T19:31:05Z
2026-08-23T19:28:52Z,2026-08-23T21:28:52+0200,4d5ff379-624b-468c-8e0f-14ae085ed6a5,2026-08-06T01:15:00Z,2026-08-06T03:15:00+0200,636.35999,MW,FR,FR,forecast_offshore_wind_generation,Wind Offshore,2026-08-23T19:31:05Z
2026-08-23T19:28:52Z,2026-08-23T21:28:52+0200,4d5ff379-624b-468c-8e0f-14ae085ed6a5,2026-08-06T01:30:00Z,2026-08-06T03:30:00+0200,623.5,MW,FR,FR,forecast_offshore_wind_generation,Wind Offshore,2026-08-23T19:31:05Z
2026-08-23T19:28:52Z,2026-08-23T21:28:52+0200,4d5ff379-624b-468c-8e0f-14ae085ed6a5,2026-08-06T01:45:00Z,2026-08-06T03:45:00+0200,610.62,MW,FR,FR,forecast_offshore_wind_generation,Wind Offshore,2026-08-23T19:31:05Z
2026-08-23T19:28:52Z,2026-08-23T21:28:52+0200,4d5ff379-624b-468c-8e0f-14ae085ed6a5,2026-08-06T02:00:00Z,2026-08-06T04:00:00+0200,597.73999,MW,FR,FR,forecast_offshore_wind_generation,Wind Offshore,2026-08-23T19:31:05Z
2026-08-23T19:28:52Z,2026-08-23T21:28:52+0200,4d5ff379-624b-468c-8e0f-14ae085ed6a5,2026-08-06T02:15:00Z,2026-08-06T04:15:00+0200,573.58997,MW,FR,FR,forecast_offshore_wind_generation,Wind Offshore,2026-08-23T19:31:05Z
2026-08-23T19:28:52Z,2026-08-23T21:28:52+0200,4d5ff379-624b-468c-8e0f-14ae085ed6a5,2026-08-06T02:30:00Z,2026-08-06T04:30:00+0200,549.45001,MW,FR,FR,forecast_offshore_wind_generation,Wind Offshore,2026-08-23T19:31:05Z
2026-08-23T19:28:52Z,2026-08-23T21:28:52+0200,4d5ff379-624b-468c-8e0f-14ae085ed6a5,2026-08-06T02:45:00Z,2026-08-06T04:45:00+0200,525.29004,MW,FR,FR,forecast_offshore_wind_generation,Wind Offshore,2026-08-23T19:31:05Z
2026-08-23T19:28:52Z,2026-08-23T21:28:52+0200,4d5ff379-624b-468c-8e0f-14ae085ed6a5,2026-08-06T03:00:00Z,2026-08-06T05:00:00+0200,501.16,MW,FR,FR,forecast_offshore_wind_generation,Wind Offshore,2026-08-23T19:31:05Z
2026-08-23T19:28:52Z,2026-08-23T21:28:52+0200,4d5ff379-624b-468c-8e0f-14ae085ed6a5,2026-08-06T03:15:00Z,2026-08-06T05:15:00+0200,486.25,MW,FR,FR,forecast_offshore_wind_generation,Wind Offshore,2026-08-23T19:31:05Z
2026-08-23T19:28:52Z,2026-08-23T21:28:52+0200,4d5ff379-624b-468c-8e0f-14ae085ed6a5,2026-08-06T03:30:00Z,2026-08-06T05:30:00+0200,471.36002,MW,FR,FR,forecast_offshore_wind_generation,Wind Offshore,2026-08-23T19:31:05Z
2026-08-23T19:28:52Z,2026-08-23T21:28:52+0200,4d5ff379-624b-468c-8e0f-14ae085ed6a5,2026-08-06T03:45:00Z,2026-08-06T05:45:00+0200,456.5,MW,FR,FR,forecast_offshore_wind_generation,Wind Offshore,2026-08-23T19:31:05Z
2026-08-23T19:28:52Z,2026-08-23T21:28:52+0200,4d5ff379-624b-468c-8e0f-14ae085ed6a5,2026-08-06T04:00:00Z,2026-08-06T06:00:00+0200,441.64999,MW,FR,FR,forecast_offshore_wind_generation,Wind Offshore,2026-08-23T19:31:05Z
2026-08-23T19:28:52Z,2026-08-23T21:28:52+0200,4d5ff379-624b-468c-8e0f-14ae085ed6a5,2026-08-06T04:15:00Z,2026-08-06T06:15:00+0200,432.82001,MW,FR,FR,forecast_offshore_wind_generation,Wind Offshore,2026-08-23T19:31:05Z
2026-08-23T19:28:52Z,2026-08-23T21:28:52+0200,4d5ff379-624b-468c-8e0f-14ae085ed6a5,2026-08-06T04:30:00Z,2026-08-06T06:30:00+0200,423.97,MW,FR,FR,forecast_offshore_wind_generation,Wind Offshore,2026-08-23T19:31:05Z
2026-08-23T19:28:52Z,2026-08-23T21:28:52+0200,4d5ff379-624b-468c-8e0f-14ae085ed6a5,2026-08-06T04:45:00Z,2026-08-06T06:45:00+0200,415.17999,MW,FR,FR,forecast_offshore_wind_generation,Wind Offshore,2026-08-23T19:31:05Z
2026-08-23T19:28:52Z,2026-08-23T21:28:52+0200,4d5ff379-624b-468c-8e0f-14ae085ed6a5,2026-08-06T05:00:00Z,2026-08-06T07:00:00+0200,406.39999,MW,FR,FR,forecast_offshore_wind_generation,Wind Offshore,2026-08-23T19:31:05Z
2026-08-23T19:28:52Z,2026-08-23T21:28:52+0200,4d5ff379-624b-468c-8e0f-14ae085ed6a5,2026-08-06T05:15:00Z,2026-08-06T07:15:00+0200,397.62,MW,FR,FR,forecast_offshore_wind_generation,Wind Offshore,2026-08-23T19:31:05Z
2026-08-23T19:28:52Z,2026-08-23T21:28:52+0200,4d5ff379-624b-468c-8e0f-14ae085ed6a5,2026-08-06T05:30:00Z,2026-08-06T07:30:00+0200,388.85001,MW,FR,FR,forecast_offshore_wind_generation,Wind Offshore,2026-08-23T19:31:05Z
2026-08-23T19:28:52Z,2026-08-23T21:28:52+0200,4d5ff379-624b-468c-8e0f-14ae085ed6a5,2026-08-06T05:45:00Z,2026-08-06T07:45:00+0200,380.13,MW,FR,FR,forecast_offshore_wind_generation,Wind Offshore,2026-08-23T19:31:05Z
2026-08-23T19:28:52Z,2026-08-23T21:28:52+0200,4d5ff379-624b-468c-8e0f-14ae085ed6a5,2026-08-06T06:00:00Z,2026-08-06T08:00:00+0200,371.40002,MW,FR,FR,forecast_offshore_wind_generation,Wind Offshore,2026-08-23T19:31:05Z
2026-08-23T19:28:52Z,2026-08-23T21:28:52+0200,4d5ff379-624b-468c-8e0f-14ae085ed6a5,2026-08-06T06:15:00Z,2026-08-06T08:15:00+0200,360.62003,MW,FR,FR,forecast_offshore_wind_generation,Wind Offshore,2026-08-23T19:31:05Z
2026-08-23T19:28:52Z,2026-08-23T21:28:52+0200,4d5ff379-624b-468c-8e0f-14ae085ed6a5,2026-08-06T06:30:00Z,2026-08-06T08:30:00+0200,349.87,MW,FR,FR,forecast_offshore_wind_generation,Wind Offshore,2026-08-23T19:31:05Z
2026-08-23T19:28:52Z,2026-08-23T21:28:52+0200,4d5ff379-624b-468c-8e0f-14ae085ed6a5,2026-08-06T06:45:00Z,2026-08-06T08:45:00+0200,339.10001,MW,FR,FR,forecast_offshore_wind_generation,Wind Offshore,2026-08-23T19:31:05Z
2026-08-23T19:28:52Z,2026-08-23T21:28:52+0200,4d5ff379-624b-468c-8e0f-14ae085ed6a5,2026-08-06T07:00:00Z,2026-08-06T09:00:00+0200,328.36002,MW,FR,FR,forecast_offshore_wind_generation,Wind Offshore,2026-08-23T19:31:05Z
2026-08-23T19:28:52Z,2026-08-23T21:28:52+0200,4d5ff379-624b-468c-8e0f-14ae085ed6a5,2026-08-06T07:15:00Z,2026-08-06T09:15:00+0200,315.06,MW,FR,FR,forecast_offshore_wind_generation,Wind Offshore,2026-08-23T19:31:05Z
2026-08-23T19:28:52Z,2026-08-23T21:28:52+0200,4d5ff379-624b-468c-8e0f-14ae085ed6a5,2026-08-06T07:30:00Z,2026-08-06T09:30:00+0200,301.76999,MW,FR,FR,forecast_offshore_wind_generation,Wind Offshore,2026-08-23T19:31:05Z
2026-08-23T19:28:52Z,2026-08-23T21:28:52+0200,4d5ff379-624b-468c-8e0f-14ae085ed6a5,2026-08-06T07:45:00Z,2026-08-06T09:45:00+0200,288.46002,MW,FR,FR,forecast_offshore_wind_generation,Wind Offshore,2026-08-23T19:31:05Z
2026-08-23T19:28:52Z,2026-08-23T21:28:52+0200,4d5ff379-624b-468c-8e0f-14ae085ed6a5,2026-08-06T08:00:00Z,2026-08-06T10:00:00+0200,275.17999,MW,FR,FR,forecast_offshore_wind_generation,Wind Offshore,2026-08-23T19:31:05Z
2026-08-23T19:28:52Z,2026-08-23T21:28:52+0200,4d5ff379-624b-468c-8e0f-14ae085ed6a5,2026-08-06T08:15:00Z,2026-08-06T10:15:00+0200,266.17999,MW,FR,FR,forecast_offshore_wind_generation,Wind Offshore,2026-08-23T19:31:05Z
2026-08-23T19:28:52Z,2026-08-23T21:28:52+0200,4d5ff379-624b-468c-8e0f-14ae085ed6a5,2026-08-06T08:30:00Z,2026-08-06T10:30:00+0200,257.17999,MW,FR,FR,forecast_offshore_wind_generation,Wind Offshore,2026-08-23T19:31:05Z
2026-08-23T19:28:52Z,2026-08-23T21:28:52+0200,4d5ff379-624b-468c-8e0f-14ae085ed6a5,2026-08-06T08:45:00Z,2026-08-06T10:45:00+0200,248.17999,MW,FR,FR,forecast_offshore_wind_generation,Wind Offshore,2026-08-23T19:31:05Z
2026-08-23T19:28:52Z,2026-08-23T21:28:52+0200,4d5ff379-624b-468c-8e0f-14ae085ed6a5,2026-08-06T09:00:00Z,2026-08-06T11:00:00+0200,239.22,MW,FR,FR,forecast_offshore_wind_generation,Wind Offshore,2026-08-23T19:31:05Z
2026-08-23T19:28:52Z,2026-08-23T21:28:52+0200,4d5ff379-624b-468c-8e0f-14ae085ed6a5,2026-08-06T09:15:00Z,2026-08-06T11:15:00+0200,236.29001,MW,FR,FR,forecast_offshore_wind_generation,Wind Offshore,2026-08-23T19:31:05Z
2026-08-23T19:28:52Z,2026-08-23T21:28:52+0200,4d5ff379-624b-468c-8e0f-14ae085ed6a5,2026-08-06T09:30:00Z,2026-08-06T11:30:00+0200,233.38,MW,FR,FR,forecast_offshore_wind_generation,Wind Offshore,2026-08-23T19:31:05Z
2026-08-23T19:28:52Z,2026-08-23T21:28:52+0200,4d5ff379-624b-468c-8e0f-14ae085ed6a5,2026-08-06T09:45:00Z,2026-08-06T11:45:00+0200,230.47,MW,FR,FR,forecast_offshore_wind_generation,Wind Offshore,2026-08-23T19:31:05Z
2026-08-23T19:28:52Z,2026-08-23T21:28:52+0200,4d5ff379-624b-468c-8e0f-14ae085ed6a5,2026-08-06T10:00:00Z,2026-08-06T12:00:00+0200,227.54001,MW,FR,FR,forecast_offshore_wind_generation,Wind Offshore,2026-08-23T19:31:05Z
2026-08-23T19:28:52Z,2026-08-23T21:28:52+0200,4d5ff379-624b-468c-8e0f-14ae085ed6a5,2026-08-06T10:15:00Z,2026-08-06T12:15:00+0200,226.26001,MW,FR,FR,forecast_offshore_wind_generation,Wind Offshore,2026-08-23T19:31:05Z
2026-08-23T19:28:52Z,2026-08-23T21:28:52+0200,4d5ff379-624b-468c-8e0f-14ae085ed6a5,2026-08-06T10:30:00Z,2026-08-06T12:30:00+0200,224.98001,MW,FR,FR,forecast_offshore_wind_generation,Wind Offshore,2026-08-23T19:31:05Z
2026-08-23T19:28:52Z,2026-08-23T21:28:52+0200,4d5ff379-624b-468c-8e0f-14ae085ed6a5,2026-08-06T10:45:00Z,2026-08-06T12:45:00+0200,223.70001,MW,FR,FR,forecast_offshore_wind_generation,Wind Offshore,2026-08-23T19:31:05Z
2026-08-23T19:28:52Z,2026-08-23T21:28:52+0200,4d5ff379-624b-468c-8e0f-14ae085ed6a5,2026-08-06T11:00:00Z,2026-08-06T13:00:00+0200,222.39999,MW,FR,FR,forecast_offshore_wind_generation,Wind Offshore,2026-08-23T19:31:05Z
2026-08-23T19:28:52Z,2026-08-23T21:28:52+0200,4d5ff379-624b-468c-8e0f-14ae085ed6a5,2026-08-06T11:15:00Z,2026-08-06T13:15:00+0200,224.5,MW,FR,FR,forecast_offshore_wind_generation,Wind Offshore,2026-08-23T19:31:05Z
2026-08-23T19:28:52Z,2026-08-23T21:28:52+0200,4d5ff379-624b-468c-8e0f-14ae085ed6a5,2026-08-06T11:30:00Z,2026-08-06T13:30:00+0200,226.59,MW,FR,FR,forecast_offshore_wind_generation,Wind Offshore,2026-08-23T19:31:05Z
2026-08-23T19:28:52Z,2026-08-23T21:28:52+0200,4d5ff379-624b-468c-8e0f-14ae085ed6a5,2026-08-06T11:45:00Z,2026-08-06T13:45:00+0200,228.70001,MW,FR,FR,forecast_offshore_wind_generation,Wind Offshore,2026-08-23T19:31:05Z
2026-08-23T19:28:52Z,2026-08-23T21:28:52+0200,4d5ff379-624b-468c-8e0f-14ae085ed6a5,2026-08-06T12:00:00Z,2026-08-06T14:00:00+0200,230.82001,MW,FR,FR,forecast_offshore_wind_generation,Wind Offshore,2026-08-23T19:31:05Z
2026-08-23T19:28:52Z,2026-08-23T21:28:52+0200,4d5ff379-624b-468c-8e0f-14ae085ed6a5,2026-08-06T12:15:00Z,2026-08-06T14:15:00+0200,241.59001,MW,FR,FR,forecast_offshore_wind_generation,Wind Offshore,2026-08-23T19:31:05Z
2026-08-23T19:28:52Z,2026-08-23T21:28:52+0200,4d5ff379-624b-468c-8e0f-14ae085ed6a5,2026-08-06T12:30:00Z,2026-08-06T14:30:00+0200,252.37,MW,FR,FR,forecast_offshore_wind_generation,Wind Offshore,2026-08-23T19:31:05Z
2026-08-23T19:28:52Z,2026-08-23T21:28:52+0200,4d5ff379-624b-468c-8e0f-14ae085ed6a5,2026-08-06T12:45:00Z,2026-08-06T14:45:00+0200,263.16,MW,FR,FR,forecast_offshore_wind_generation,Wind Offshore,2026-08-23T19:31:05Z
2026-08-23T19:28:52Z,2026-08-23T21:28:52+0200,4d5ff379-624b-468c-8e0f-14ae085ed6a5,2026-08-06T13:00:00Z,2026-08-06T15:00:00+0200,273.93997,MW,FR,FR,forecast_offshore_wind_generation,Wind Offshore,2026-08-23T19:31:05Z
2026-08-23T19:28:52Z,2026-08-23T21:28:52+0200,4d5ff379-624b-468c-8e0f-14ae085ed6a5,2026-08-06T13:15:00Z,2026-08-06T15:15:00+0200,295.79999,MW,FR,FR,forecast_offshore_wind_generation,Wind Offshore,2026-08-23T19:31:05Z
2026-08-23T19:28:52Z,2026-08-23T21:28:52+0200,4d5ff379-624b-468c-8e0f-14ae085ed6a5,2026-08-06T13:30:00Z,2026-08-06T15:30:00+0200,317.66,MW,FR,FR,forecast_offshore_wind_generation,Wind Offshore,2026-08-23T19:31:05Z
2026-08-23T19:28:52Z,2026-08-23T21:28:52+0200,4d5ff379-624b-468c-8e0f-14ae085ed6a5,2026-08-06T13:45:00Z,2026-08-06T15:45:00+0200,339.48999,MW,FR,FR,forecast_offshore_wind_generation,Wind Offshore,2026-08-23T19:31:05Z
2026-08-23T19:28:52Z,2026-08-23T21:28:52+0200,4d5ff379-624b-468c-8e0f-14ae085ed6a5,2026-08-06T14:00:00Z,2026-08-06T16:00:00+0200,361.33002,MW,FR,FR,forecast_offshore_wind_generation,Wind Offshore,2026-08-23T19:31:05Z
2026-08-23T19:28:52Z,2026-08-23T21:28:52+0200,4d5ff379-624b-468c-8e0f-14ae085ed6a5,2026-08-06T14:15:00Z,2026-08-06T16:15:00+0200,390.79999,MW,FR,FR,forecast_offshore_wind_generation,Wind Offshore,2026-08-23T19:31:05Z
2026-08-23T19:28:52Z,2026-08-23T21:28:52+0200,4d5ff379-624b-468c-8e0f-14ae085ed6a5,2026-08-06T14:30:00Z,2026-08-06T16:30:00+0200,420.27002,MW,FR,FR,forecast_offshore_wind_generation,Wind Offshore,2026-08-23T19:31:05Z
2026-08-23T19:28:52Z,2026-08-23T21:28:52+0200,4d5ff379-624b-468c-8e0f-14ae085ed6a5,2026-08-06T14:45:00Z,2026-08-06T16:45:00+0200,449.70001,MW,FR,FR,forecast_offshore_wind_generation,Wind Offshore,2026-08-23T19:31:05Z
2026-08-23T19:28:52Z,2026-08-23T21:28:52+0200,4d5ff379-624b-468c-8e0f-14ae085ed6a5,2026-08-06T15:00:00Z,2026-08-06T17:00:00+0200,479.13998,MW,FR,FR,forecast_offshore_wind_generation,Wind Offshore,2026-08-23T19:31:05Z
2026-08-23T19:28:52Z,2026-08-23T21:28:52+0200,4d5ff379-624b-468c-8e0f-14ae085ed6a5,2026-08-06T15:15:00Z,2026-08-06T17:15:00+0200,494.51001,MW,FR,FR,forecast_offshore_wind_generation,Wind Offshore,2026-08-23T19:31:05Z
2026-08-23T19:28:52Z,2026-08-23T21:28:52+0200,4d5ff379-624b-468c-8e0f-14ae085ed6a5,2026-08-06T15:30:00Z,2026-08-06T17:30:00+0200,509.89996,MW,FR,FR,forecast_offshore_wind_generation,Wind Offshore,2026-08-23T19:31:05Z
2026-08-23T19:28:52Z,2026-08-23T21:28:52+0200,4d5ff379-624b-468c-8e0f-14ae085ed6a5,2026-08-06T15:45:00Z,2026-08-06T17:45:00+0200,525.22998,MW,FR,FR,forecast_offshore_wind_generation,Wind Offshore,2026-08-23T19:31:05Z
2026-08-23T19:28:52Z,2026-08-23T21:28:52+0200,4d5ff379-624b-468c-8e0f-14ae085ed6a5,2026-08-06T16:00:00Z,2026-08-06T18:00:00+0200,540.58002,MW,FR,FR,forecast_offshore_wind_generation,Wind Offshore,2026-08-23T19:31:05Z
2026-08-23T19:28:52Z,2026-08-23T21:28:52+0200,4d5ff379-624b-468c-8e0f-14ae085ed6a5,2026-08-06T16:15:00Z,2026-08-06T18:15:00+0200,556.17004,MW,FR,FR,forecast_offshore_wind_generation,Wind Offshore,2026-08-23T19:31:05Z
2026-08-23T19:28:52Z,2026-08-23T21:28:52+0200,4d5ff379-624b-468c-8e0f-14ae085ed6a5,2026-08-06T16:30:00Z,2026-08-06T18:30:00+0200,571.73999,MW,FR,FR,forecast_offshore_wind_generation,Wind Offshore,2026-08-23T19:31:05Z
2026-08-23T19:28:52Z,2026-08-23T21:28:52+0200,4d5ff379-624b-468c-8e0f-14ae085ed6a5,2026-08-06T16:45:00Z,2026-08-06T18:45:00+0200,587.30005,MW,FR,FR,forecast_offshore_wind_generation,Wind Offshore,2026-08-23T19:31:05Z
2026-08-23T19:28:52Z,2026-08-23T21:28:52+0200,4d5ff379-624b-468c-8e0f-14ae085ed6a5,2026-08-06T17:00:00Z,2026-08-06T19:00:00+0200,602.87,MW,FR,FR,forecast_offshore_wind_generation,Wind Offshore,2026-08-23T19:31:05Z
2026-08-23T19:28:52Z,2026-08-23T21:28:52+0200,4d5ff379-624b-468c-8e0f-14ae085ed6a5,2026-08-06T17:15:00Z,2026-08-06T19:15:00+0200,604.04999,MW,FR,FR,forecast_offshore_wind_generation,Wind Offshore,2026-08-23T19:31:05Z
2026-08-23T19:28:52Z,2026-08-23T21:28:52+0200,4d5ff379-624b-468c-8e0f-14ae085ed6a5,2026-08-06T17:30:00Z,2026-08-06T19:30:00+0200,605.26001,MW,FR,FR,forecast_offshore_wind_generation,Wind Offshore,2026-08-23T19:31:05Z
2026-08-23T19:28:52Z,2026-08-23T21:28:52+0200,4d5ff379-624b-468c-8e0f-14ae085ed6a5,2026-08-06T17:45:00Z,2026-08-06T19:45:00+0200,606.41003,MW,FR,FR,forecast_offshore_wind_generation,Wind Offshore,2026-08-23T19:31:05Z
2026-08-23T19:28:52Z,2026-08-23T21:28:52+0200,4d5ff379-624b-468c-8e0f-14ae085ed6a5,2026-08-06T18:00:00Z,2026-08-06T20:00:00+0200,607.59998,MW,FR,FR,forecast_offshore_wind_generation,Wind Offshore,2026-08-23T19:31:05Z
2026-08-23T19:28:52Z,2026-08-23T21:28:52+0200,4d5ff379-624b-468c-8e0f-14ae085ed6a5,2026-08-06T18:15:00Z,2026-08-06T20:15:00+0200,602.46002,MW,FR,FR,forecast_offshore_wind_generation,Wind Offshore,2026-08-23T19:31:05Z
2026-08-23T19:28:52Z,2026-08-23T21:28:52+0200,4d5ff379-624b-468c-8e0f-14ae085ed6a5,2026-08-06T18:30:00Z,2026-08-06T20:30:00+0200,597.33002,MW,FR,FR,forecast_offshore_wind_generation,Wind Offshore,2026-08-23T19:31:05Z
2026-08-23T19:28:52Z,2026-08-23T21:28:52+0200,4d5ff379-624b-468c-8e0f-14ae085ed6a5,2026-08-06T18:45:00Z,2026-08-06T20:45:00+0200,592.21002,MW,FR,FR,forecast_offshore_wind_generation,Wind Offshore,2026-08-23T19:31:05Z
2026-08-23T19:28:52Z,2026-08-23T21:28:52+0200,4d5ff379-624b-468c-8e0f-14ae085ed6a5,2026-08-06T19:00:00Z,2026-08-06T21:00:00+0200,587.10999,MW,FR,FR,forecast_offshore_wind_generation,Wind Offshore,2026-08-23T19:31:05Z
2026-08-23T19:28:52Z,2026-08-23T21:28:52+0200,4d5ff379-624b-468c-8e0f-14ae085ed6a5,2026-08-06T19:15:00Z,2026-08-06T21:15:00+0200,583.20001,MW,FR,FR,forecast_offshore_wind_generation,Wind Offshore,2026-08-23T19:31:05Z
2026-08-23T19:28:52Z,2026-08-23T21:28:52+0200,4d5ff379-624b-468c-8e0f-14ae085ed6a5,2026-08-06T19:30:00Z,2026-08-06T21:30:00+0200,579.28998,MW,FR,FR,forecast_offshore_wind_generation,Wind Offshore,2026-08-23T19:31:05Z
2026-08-23T19:28:52Z,2026-08-23T21:28:52+0200,4d5ff379-624b-468c-8e0f-14ae085ed6a5,2026-08-06T19:45:00Z,2026-08-06T21:45:00+0200,575.40997,MW,FR,FR,forecast_offshore_wind_generation,Wind Offshore,2026-08-23T19:31:05Z
2026-08-23T19:28:52Z,2026-08-23T21:28:52+0200,4d5ff379-624b-468c-8e0f-14ae085ed6a5,2026-08-06T20:00:00Z,2026-08-06T22:00:00+0200,571.51001,MW,FR,FR,forecast_offshore_wind_generation,Wind Offshore,2026-08-23T19:31:05Z
2026-08-23T19:28:52Z,2026-08-23T21:28:52+0200,4d5ff379-624b-468c-8e0f-14ae085ed6a5,2026-08-06T20:15:00Z,2026-08-06T22:15:00+0200,549.87,MW,FR,FR,forecast_offshore_wind_generation,Wind Offshore,2026-08-23T19:31:05Z
2026-08-23T19:28:52Z,2026-08-23T21:28:52+0200,4d5ff379-624b-468c-8e0f-14ae085ed6a5,2026-08-06T20:30:00Z,2026-08-06T22:30:00+0200,528.21997,MW,FR,FR,forecast_offshore_wind_generation,Wind Offshore,2026-08-23T19:31:05Z
2026-08-23T19:28:52Z,2026-08-23T21:28:52+0200,4d5ff379-624b-468c-8e0f-14ae085ed6a5,2026-08-06T20:45:00Z,2026-08-06T22:45:00+0200,506.60001,MW,FR,FR,forecast_offshore_wind_generation,Wind Offshore,2026-08-23T19:31:05Z
2026-08-23T19:28:52Z,2026-08-23T21:28:52+0200,4d5ff379-624b-468c-8e0f-14ae085ed6a5,2026-08-06T21:00:00Z,2026-08-06T23:00:00+0200,484.99002,MW,FR,FR,forecast_offshore_wind_generation,Wind Offshore,2026-08-23T19:31:05Z
2026-08-23T19:28:52Z,2026-08-23T21:28:52+0200,4d5ff379-624b-468c-8e0f-14ae085ed6a5,2026-08-06T21:15:00Z,2026-08-06T23:15:00+0200,511.74002,MW,FR,FR,forecast_offshore_wind_generation,Wind Offshore,2026-08-23T19:31:05Z
2026-08-23T19:28:52Z,2026-08-23T21:28:52+0200,4d5ff379-624b-468c-8e0f-14ae085ed6a5,2026-08-06T21:30:00Z,2026-08-06T23:30:00+0200,538.46997,MW,FR,FR,forecast_offshore_wind_generation,Wind Offshore,2026-08-23T19:31:05Z
2026-08-23T19:28:52Z,2026-08-23T21:28:52+0200,4d5ff379-624b-468c-8e0f-14ae085ed6a5,2026-08-06T21:45:00Z,2026-08-06T23:45:00+0200,565.22998,MW,FR,FR,forecast_offshore_wind_generation,Wind Offshore,2026-08-23T19:31:05Z
2026-08-23T19:28:52Z,2026-08-23T21:28:52+0200,4d5ff379-624b-468c-8e0f-14ae085ed6a5,2026-08-06T22:00:00Z,2026-08-07T00:00:00+0200,710.55005,MW,FR,FR,forecast_offshore_wind_generation,Wind Offshore,2026-08-23T19:31:05Z
2026-08-23T19:28:52Z,2026-08-23T21:28:52+0200,4d5ff379-624b-468c-8e0f-14ae085ed6a5,2026-08-06T22:15:00Z,2026-08-07T00:15:00+0200,717.02002,MW,FR,FR,forecast_offshore_wind_generation,Wind Offshore,2026-08-23T19:31:05Z
2026-08-23T19:28:52Z,2026-08-23T21:28:52+0200,4d5ff379-624b-468c-8e0f-14ae085ed6a5,2026-08-06T22:30:00Z,2026-08-07T00:30:00+0200,723.48999,MW,FR,FR,forecast_offshore_wind_generation,Wind Offshore,2026-08-23T19:31:05Z
2026-08-23T19:28:52Z,2026-08-23T21:28:52+0200,4d5ff379-624b-468c-8e0f-14ae085ed6a5,2026-08-06T22:45:00Z,2026-08-07T00:45:00+0200,729.81995,MW,FR,FR,forecast_offshore_wind_generation,Wind Offshore,2026-08-23T19:31:05Z
2026-08-23T19:28:52Z,2026-08-23T21:28:52+0200,4d5ff379-624b-468c-8e0f-14ae085ed6a5,2026-08-06T23:00:00Z,2026-08-07T01:00:00+0200,736.14001,MW,FR,FR,forecast_offshore_wind_generation,Wind Offshore,2026-08-23T19:31:05Z
2026-08-23T19:28:52Z,2026-08-23T21:28:52+0200,4d5ff379-624b-468c-8e0f-14ae085ed6a5,2026-08-06T23:15:00Z,2026-08-07T01:15:00+0200,715.46002,MW,FR,FR,forecast_offshore_wind_generation,Wind Offshore,2026-08-23T19:31:05Z
2026-08-23T19:28:52Z,2026-08-23T21:28:52+0200,4d5ff379-624b-468c-8e0f-14ae085ed6a5,2026-08-06T23:30:00Z,2026-08-07T01:30:00+0200,694.79999,MW,FR,FR,forecast_offshore_wind_generation,Wind Offshore,2026-08-23T19:31:05Z
2026-08-23T19:28:52Z,2026-08-23T21:28:52+0200,4d5ff379-624b-468c-8e0f-14ae085ed6a5,2026-08-06T23:45:00Z,2026-08-07T01:45:00+0200,674.09998,MW,FR,FR,forecast_offshore_wind_generation,Wind Offshore,2026-08-23T19:31:05Z
2026-08-23T19:28:52Z,2026-08-23T21:28:52+0200,4d5ff379-624b-468c-8e0f-14ae085ed6a5,2026-08-07T00:00:00Z,2026-08-07T02:00:00+0200,653.38,MW,FR,FR,forecast_offshore_wind_generation,Wind Offshore,2026-08-23T19:31:05Z
2026-08-23T19:28:52Z,2026-08-23T21:28:52+0200,4d5ff379-624b-468c-8e0f-14ae085ed6a5,2026-08-07T00:15:00Z,2026-08-07T02:15:00+0200,645.02008,MW,FR,FR,forecast_offshore_wind_generation,Wind Offshore,2026-08-23T19:31:05Z
2026-08-23T19:28:52Z,2026-08-23T21:28:52+0200,4d5ff379-624b-468c-8e0f-14ae085ed6a5,2026-08-07T00:30:00Z,2026-08-07T02:30:00+0200,636.65997,MW,FR,FR,forecast_offshore_wind_generation,Wind Offshore,2026-08-23T19:31:05Z
2026-08-23T19:28:52Z,2026-08-23T21:28:52+0200,4d5ff379-624b-468c-8e0f-14ae085ed6a5,2026-08-07T00:45:00Z,2026-08-07T02:45:00+0200,628.31995,MW,FR,FR,forecast_offshore_wind_generation,Wind Offshore,2026-08-23T19:31:05Z
2026-08-23T19:28:52Z,2026-08-23T21:28:52+0200,4d5ff379-624b-468c-8e0f-14ae085ed6a5,2026-08-07T01:00:00Z,2026-08-07T03:00:00+0200,619.96002,MW,FR,FR,forecast_offshore_wind_generation,Wind Offshore,2026-08-23T19:31:05Z
2026-08-23T19:28:52Z,2026-08-23T21:28:52+0200,4d5ff379-624b-468c-8e0f-14ae085ed6a5,2026-08-07T01:15:00Z,2026-08-07T03:15:00+0200,623.96997,MW,FR,FR,forecast_offshore_wind_generation,Wind Offshore,2026-08-23T19:31:05Z
2026-08-23T19:28:52Z,2026-08-23T21:28:52+0200,4d5ff379-624b-468c-8e0f-14ae085ed6a5,2026-08-07T01:30:00Z,2026-08-07T03:30:00+0200,627.95001,MW,FR,FR,forecast_offshore_wind_generation,Wind Offshore,2026-08-23T19:31:05Z
2026-08-23T19:28:52Z,2026-08-23T21:28:52+0200,4d5ff379-624b-468c-8e0f-14ae085ed6a5,2026-08-07T01:45:00Z,2026-08-07T03:45:00+0200,631.95007,MW,FR,FR,forecast_offshore_wind_generation,Wind Offshore,2026-08-23T19:31:05Z
2026-08-23T19:28:52Z,2026-08-23T21:28:52+0200,4d5ff379-624b-468c-8e0f-14ae085ed6a5,2026-08-07T02:00:00Z,2026-08-07T04:00:00+0200,635.95001,MW,FR,FR,forecast_offshore_wind_generation,Wind Offshore,2026-08-23T19:31:05Z
2026-08-23T19:28:52Z,2026-08-23T21:28:52+0200,4d5ff379-624b-468c-8e0f-14ae085ed6a5,2026-08-07T02:15:00Z,2026-08-07T04:15:00+0200,616.89996,MW,FR,FR,forecast_offshore_wind_generation,Wind Offshore,2026-08-23T19:31:05Z
2026-08-23T19:28:52Z,2026-08-23T21:28:52+0200,4d5ff379-624b-468c-8e0f-14ae085ed6a5,2026-08-07T02:30:00Z,2026-08-07T04:30:00+0200,597.84998,MW,FR,FR,forecast_offshore_wind_generation,Wind Offshore,2026-08-23T19:31:05Z
2026-08-23T19:28:52Z,2026-08-23T21:28:52+0200,4d5ff379-624b-468c-8e0f-14ae085ed6a5,2026-08-07T02:45:00Z,2026-08-07T04:45:00+0200,578.78998,MW,FR,FR,forecast_offshore_wind_generation,Wind Offshore,2026-08-23T19:31:05Z
2026-08-23T19:28:52Z,2026-08-23T21:28:52+0200,4d5ff379-624b-468c-8e0f-14ae085ed6a5,2026-08-07T03:00:00Z,2026-08-07T05:00:00+0200,559.72003,MW,FR,FR,forecast_offshore_wind_generation,Wind Offshore,2026-08-23T19:31:05Z
2026-08-23T19:28:52Z,2026-08-23T21:28:52+0200,4d5ff379-624b-468c-8e0f-14ae085ed6a5,2026-08-07T03:15:00Z,2026-08-07T05:15:00+0200,543.58002,MW,FR,FR,forecast_offshore_wind_generation,Wind Offshore,2026-08-23T19:31:05Z
2026-08-23T19:28:52Z,2026-08-23T21:28:52+0200,4d5ff379-624b-468c-8e0f-14ae085ed6a5,2026-08-07T03:30:00Z,2026-08-07T05:30:00+0200,527.41003,MW,FR,FR,forecast_offshore_wind_generation,Wind Offshore,2026-08-23T19:31:05Z
2026-08-23T19:28:52Z,2026-08-23T21:28:52+0200,4d5ff379-624b-468c-8e0f-14ae085ed6a5,2026-08-07T03:45:00Z,2026-08-07T05:45:00+0200,511.20999,MW,FR,FR,forecast_offshore_wind_generation,Wind Offshore,2026-08-23T19:31:05Z
2026-08-23T19:28:52Z,2026-08-23T21:28:52+0200,4d5ff379-624b-468c-8e0f-14ae085ed6a5,2026-08-07T04:00:00Z,2026-08-07T06:00:00+0200,495.01001,MW,FR,FR,forecast_offshore_wind_generation,Wind Offshore,2026-08-23T19:31:05Z
2026-08-23T19:28:52Z,2026-08-23T21:28:52+0200,4d5ff379-624b-468c-8e0f-14ae085ed6a5,2026-08-07T04:15:00Z,2026-08-07T06:15:00+0200,483.98999,MW,FR,FR,forecast_offshore_wind_generation,Wind Offshore,2026-08-23T19:31:05Z
2026-08-23T19:28:52Z,2026-08-23T21:28:52+0200,4d5ff379-624b-468c-8e0f-14ae085ed6a5,2026-08-07T04:30:00Z,2026-08-07T06:30:00+0200,472.97003,MW,FR,FR,forecast_offshore_wind_generation,Wind Offshore,2026-08-23T19:31:05Z
2026-08-23T19:28:52Z,2026-08-23T21:28:52+0200,4d5ff379-624b-468c-8e0f-14ae085ed6a5,2026-08-07T04:45:00Z,2026-08-07T06:45:00+0200,461.90997,MW,FR,FR,forecast_offshore_wind_generation,Wind Offshore,2026-08-23T19:31:05Z
2026-08-23T19:28:52Z,2026-08-23T21:28:52+0200,4d5ff379-624b-468c-8e0f-14ae085ed6a5,2026-08-07T05:00:00Z,2026-08-07T07:00:00+0200,450.84,MW,FR,FR,forecast_offshore_wind_generation,Wind Offshore,2026-08-23T19:31:05Z
2026-08-23T19:28:52Z,2026-08-23T21:28:52+0200,4d5ff379-624b-468c-8e0f-14ae085ed6a5,2026-08-07T05:15:00Z,2026-08-07T07:15:00+0200,440.84998,MW,FR,FR,forecast_offshore_wind_generation,Wind Offshore,2026-08-23T19:31:05Z
2026-08-23T19:28:52Z,2026-08-23T21:28:52+0200,4d5ff379-624b-468c-8e0f-14ae085ed6a5,2026-08-07T05:30:00Z,2026-08-07T07:30:00+0200,430.85999,MW,FR,FR,forecast_offshore_wind_generation,Wind Offshore,2026-08-23T19:31:05Z
2026-08-23T19:28:52Z,2026-08-23T21:28:52+0200,4d5ff379-624b-468c-8e0f-14ae085ed6a5,2026-08-07T05:45:00Z,2026-08-07T07:45:00+0200,420.85001,MW,FR,FR,forecast_offshore_wind_generation,Wind Offshore,2026-08-23T19:31:05Z
2026-08-23T19:28:52Z,2026-08-23T21:28:52+0200,4d5ff379-624b-468c-8e0f-14ae085ed6a5,2026-08-07T06:00:00Z,2026-08-07T08:00:00+0200,410.82001,MW,FR,FR,forecast_offshore_wind_generation,Wind Offshore,2026-08-23T19:31:05Z
2026-08-23T19:28:52Z,2026-08-23T21:28:52+0200,4d5ff379-624b-468c-8e0f-14ae085ed6a5,2026-08-07T06:15:00Z,2026-08-07T08:15:00+0200,398.84,MW,FR,FR,forecast_offshore_wind_generation,Wind Offshore,2026-08-23T19:31:05Z
2026-08-23T19:28:52Z,2026-08-23T21:28:52+0200,4d5ff379-624b-468c-8e0f-14ae085ed6a5,2026-08-07T06:30:00Z,2026-08-07T08:30:00+0200,386.85999,MW,FR,FR,forecast_offshore_wind_generation,Wind Offshore,2026-08-23T19:31:05Z
2026-08-23T19:28:52Z,2026-08-23T21:28:52+0200,4d5ff379-624b-468c-8e0f-14ae085ed6a5,2026-08-07T06:45:00Z,2026-08-07T08:45:00+0200,374.86996,MW,FR,FR,forecast_offshore_wind_generation,Wind Offshore,2026-08-23T19:31:05Z
2026-08-23T19:28:52Z,2026-08-23T21:28:52+0200,4d5ff379-624b-468c-8e0f-14ae085ed6a5,2026-08-07T07:00:00Z,2026-08-07T09:00:00+0200,362.85001,MW,FR,FR,forecast_offshore_wind_generation,Wind Offshore,2026-08-23T19:31:05Z
2026-08-23T19:28:52Z,2026-08-23T21:28:52+0200,4d5ff379-624b-468c-8e0f-14ae085ed6a5,2026-08-07T07:15:00Z,2026-08-07T09:15:00+0200,352.10999,MW,FR,FR,forecast_offshore_wind_generation,Wind Offshore,2026-08-23T19:31:05Z
2026-08-23T19:28:52Z,2026-08-23T21:28:52+0200,4d5ff379-624b-468c-8e0f-14ae085ed6a5,2026-08-07T07:30:00Z,2026-08-07T09:30:00+0200,341.37,MW,FR,FR,forecast_offshore_wind_generation,Wind Offshore,2026-08-23T19:31:05Z
2026-08-23T19:28:52Z,2026-08-23T21:28:52+0200,4d5ff379-624b-468c-8e0f-14ae085ed6a5,2026-08-07T07:45:00Z,2026-08-07T09:45:00+0200,330.58997,MW,FR,FR,forecast_offshore_wind_generation,Wind Offshore,2026-08-23T19:31:05Z
2026-08-23T19:28:52Z,2026-08-23T21:28:52+0200,4d5ff379-624b-468c-8e0f-14ae085ed6a5,2026-08-07T08:00:00Z,2026-08-07T10:00:00+0200,319.84003,MW,FR,FR,forecast_offshore_wind_generation,Wind Offshore,2026-08-23T19:31:05Z
2026-08-23T19:28:52Z,2026-08-23T21:28:52+0200,4d5ff379-624b-468c-8e0f-14ae085ed6a5,2026-08-07T08:15:00Z,2026-08-07T10:15:00+0200,300.44003,MW,FR,FR,forecast_offshore_wind_generation,Wind Offshore,2026-08-23T19:31:05Z
2026-08-23T19:28:52Z,2026-08-23T21:28:52+0200,4d5ff379-624b-468c-8e0f-14ae085ed6a5,2026-08-07T08:30:00Z,2026-08-07T10:30:00+0200,281.03998,MW,FR,FR,forecast_offshore_wind_generation,Wind Offshore,2026-08-23T19:31:05Z
2026-08-23T19:28:52Z,2026-08-23T21:28:52+0200,4d5ff379-624b-468c-8e0f-14ae085ed6a5,2026-08-07T08:45:00Z,2026-08-07T10:45:00+0200,261.62003,MW,FR,FR,forecast_offshore_wind_generation,Wind Offshore,2026-08-23T19:31:05Z
2026-08-23T19:28:52Z,2026-08-23T21:28:52+0200,4d5ff379-624b-468c-8e0f-14ae085ed6a5,2026-08-07T09:00:00Z,2026-08-07T11:00:00+0200,242.20999,MW,FR,FR,forecast_offshore_wind_generation,Wind Offshore,2026-08-23T19:31:05Z
2026-08-23T19:28:52Z,2026-08-23T21:28:52+0200,4d5ff379-624b-468c-8e0f-14ae085ed6a5,2026-08-07T09:15:00Z,2026-08-07T11:15:00+0200,232.12,MW,FR,FR,forecast_offshore_wind_generation,Wind Offshore,2026-08-23T19:31:05Z
2026-08-23T19:28:52Z,2026-08-23T21:28:52+0200,4d5ff379-624b-468c-8e0f-14ae085ed6a5,2026-08-07T09:30:00Z,2026-08-07T11:30:00+0200,222.01001,MW,FR,FR,forecast_offshore_wind_generation,Wind Offshore,2026-08-23T19:31:05Z
2026-08-23T19:28:52Z,2026-08-23T21:28:52+0200,4d5ff379-624b-468c-8e0f-14ae085ed6a5,2026-08-07T09:45:00Z,2026-08-07T11:45:00+0200,211.92001,MW,FR,FR,forecast_offshore_wind_generation,Wind Offshore,2026-08-23T19:31:05Z
2026-08-23T19:28:52Z,2026-08-23T21:28:52+0200,4d5ff379-624b-468c-8e0f-14ae085ed6a5,2026-08-07T10:00:00Z,2026-08-07T12:00:00+0200,201.81,MW,FR,FR,forecast_offshore_wind_generation,Wind Offshore,2026-08-23T19:31:05Z
2026-08-23T19:28:52Z,2026-08-23T21:28:52+0200,4d5ff379-624b-468c-8e0f-14ae085ed6a5,2026-08-07T10:15:00Z,2026-08-07T12:15:00+0200,190.48,MW,FR,FR,forecast_offshore_wind_generation,Wind Offshore,2026-08-23T19:31:05Z
2026-08-23T19:28:52Z,2026-08-23T21:28:52+0200,4d5ff379-624b-468c-8e0f-14ae085ed6a5,2026-08-07T10:30:00Z,2026-08-07T12:30:00+0200,179.15001,MW,FR,FR,forecast_offshore_wind_generation,Wind Offshore,2026-08-23T19:31:05Z
2026-08-23T19:28:52Z,2026-08-23T21:28:52+0200,4d5ff379-624b-468c-8e0f-14ae085ed6a5,2026-08-07T10:45:00Z,2026-08-07T12:45:00+0200,167.83,MW,FR,FR,forecast_offshore_wind_generation,Wind Offshore,2026-08-23T19:31:05Z
2026-08-23T19:28:52Z,2026-08-23T21:28:52+0200,4d5ff379-624b-468c-8e0f-14ae085ed6a5,2026-08-07T11:00:00Z,2026-08-07T13:00:00+0200,156.50999,MW,FR,FR,forecast_offshore_wind_generation,Wind Offshore,2026-08-23T19:31:05Z
2026-08-23T19:28:52Z,2026-08-23T21:28:52+0200,4d5ff379-624b-468c-8e0f-14ae085ed6a5,2026-08-07T11:15:00Z,2026-08-07T13:15:00+0200,153.60001,MW,FR,FR,forecast_offshore_wind_generation,Wind Offshore,2026-08-23T19:31:05Z
2026-08-23T19:28:52Z,2026-08-23T21:28:52+0200,4d5ff379-624b-468c-8e0f-14ae085ed6a5,2026-08-07T11:30:00Z,2026-08-07T13:30:00+0200,150.68001,MW,FR,FR,forecast_offshore_wind_generation,Wind Offshore,2026-08-23T19:31:05Z
2026-08-23T19:28:52Z,2026-08-23T21:28:52+0200,4d5ff379-624b-468c-8e0f-14ae085ed6a5,2026-08-07T11:45:00Z,2026-08-07T13:45:00+0200,147.76999,MW,FR,FR,forecast_offshore_wind_generation,Wind Offshore,2026-08-23T19:31:05Z
2026-08-23T19:28:52Z,2026-08-23T21:28:52+0200,4d5ff379-624b-468c-8e0f-14ae085ed6a5,2026-08-07T12:00:00Z,2026-08-07T14:00:00+0200,144.84999,MW,FR,FR,forecast_offshore_wind_generation,Wind Offshore,2026-08-23T19:31:05Z
2026-08-23T19:28:52Z,2026-08-23T21:28:52+0200,4d5ff379-624b-468c-8e0f-14ae085ed6a5,2026-08-07T12:15:00Z,2026-08-07T14:15:00+0200,153.67999,MW,FR,FR,forecast_offshore_wind_generation,Wind Offshore,2026-08-23T19:31:05Z
2026-08-23T19:28:52Z,2026-08-23T21:28:52+0200,4d5ff379-624b-468c-8e0f-14ae085ed6a5,2026-08-07T12:30:00Z,2026-08-07T14:30:00+0200,162.5,MW,FR,FR,forecast_offshore_wind_generation,Wind Offshore,2026-08-23T19:31:05Z
2026-08-23T19:28:52Z,2026-08-23T21:28:52+0200,4d5ff379-624b-468c-8e0f-14ae085ed6a5,2026-08-07T12:45:00Z,2026-08-07T14:45:00+0200,171.33,MW,FR,FR,forecast_offshore_wind_generation,Wind Offshore,2026-08-23T19:31:05Z
2026-08-23T19:28:52Z,2026-08-23T21:28:52+0200,4d5ff379-624b-468c-8e0f-14ae085ed6a5,2026-08-07T13:00:00Z,2026-08-07T15:00:00+0200,180.15999,MW,FR,FR,forecast_offshore_wind_generation,Wind Offshore,2026-08-23T19:31:05Z
2026-08-23T19:28:52Z,2026-08-23T21:28:52+0200,4d5ff379-624b-468c-8e0f-14ae085ed6a5,2026-08-07T13:15:00Z,2026-08-07T15:15:00+0200,193.70999,MW,FR,FR,forecast_offshore_wind_generation,Wind Offshore,2026-08-23T19:31:05Z
2026-08-23T19:28:52Z,2026-08-23T21:28:52+0200,4d5ff379-624b-468c-8e0f-14ae085ed6a5,2026-08-07T13:30:00Z,2026-08-07T15:30:00+0200,207.25,MW,FR,FR,forecast_offshore_wind_generation,Wind Offshore,2026-08-23T19:31:05Z
2026-08-23T19:28:52Z,2026-08-23T21:28:52+0200,4d5ff379-624b-468c-8e0f-14ae085ed6a5,2026-08-07T13:45:00Z,2026-08-07T15:45:00+0200,220.82001,MW,FR,FR,forecast_offshore_wind_generation,Wind Offshore,2026-08-23T19:31:05Z
2026-08-23T19:28:52Z,2026-08-23T21:28:52+0200,4d5ff379-624b-468c-8e0f-14ae085ed6a5,2026-08-07T14:00:00Z,2026-08-07T16:00:00+0200,234.39999,MW,FR,FR,forecast_offshore_wind_generation,Wind Offshore,2026-08-23T19:31:05Z
2026-08-23T19:28:52Z,2026-08-23T21:28:52+0200,4d5ff379-624b-468c-8e0f-14ae085ed6a5,2026-08-07T14:15:00Z,2026-08-07T16:15:00+0200,237.37001,MW,FR,FR,forecast_offshore_wind_generation,Wind Offshore,2026-08-23T19:31:05Z
2026-08-23T19:28:52Z,2026-08-23T21:28:52+0200,4d5ff379-624b-468c-8e0f-14ae085ed6a5,2026-08-07T14:30:00Z,2026-08-07T16:30:00+0200,240.34,MW,FR,FR,forecast_offshore_wind_generation,Wind Offshore,2026-08-23T19:31:05Z
2026-08-23T19:28:52Z,2026-08-23T21:28:52+0200,4d5ff379-624b-468c-8e0f-14ae085ed6a5,2026-08-07T14:45:00Z,2026-08-07T16:45:00+0200,243.34,MW,FR,FR,forecast_offshore_wind_generation,Wind Offshore,2026-08-23T19:31:05Z
2026-08-23T19:28:52Z,2026-08-23T21:28:52+0200,4d5ff379-624b-468c-8e0f-14ae085ed6a5,2026-08-07T15:00:00Z,2026-08-07T17:00:00+0200,246.34999,MW,FR,FR,forecast_offshore_wind_generation,Wind Offshore,2026-08-23T19:31:05Z
2026-08-23T19:28:52Z,2026-08-23T21:28:52+0200,4d5ff379-624b-468c-8e0f-14ae085ed6a5,2026-08-07T15:15:00Z,2026-08-07T17:15:00+0200,249.97998,MW,FR,FR,forecast_offshore_wind_generation,Wind Offshore,2026-08-23T19:31:05Z
2026-08-23T19:28:52Z,2026-08-23T21:28:52+0200,4d5ff379-624b-468c-8e0f-14ae085ed6a5,2026-08-07T15:30:00Z,2026-08-07T17:30:00+0200,253.58,MW,FR,FR,forecast_offshore_wind_generation,Wind Offshore,2026-08-23T19:31:05Z
2026-08-23T19:28:52Z,2026-08-23T21:28:52+0200,4d5ff379-624b-468c-8e0f-14ae085ed6a5,2026-08-07T15:45:00Z,2026-08-07T17:45:00+0200,257.22998,MW,FR,FR,forecast_offshore_wind_generation,Wind Offshore,2026-08-23T19:31:05Z
2026-08-23T19:28:52Z,2026-08-23T21:28:52+0200,4d5ff379-624b-468c-8e0f-14ae085ed6a5,2026-08-07T16:00:00Z,2026-08-07T18:00:00+0200,260.88,MW,FR,FR,forecast_offshore_wind_generation,Wind Offshore,2026-08-23T19:31:05Z
2026-08-23T19:28:52Z,2026-08-23T21:28:52+0200,4d5ff379-624b-468c-8e0f-14ae085ed6a5,2026-08-07T16:15:00Z,2026-08-07T18:15:00+0200,268.20001,MW,FR,FR,forecast_offshore_wind_generation,Wind Offshore,2026-08-23T19:31:05Z
2026-08-23T19:28:52Z,2026-08-23T21:28:52+0200,4d5ff379-624b-468c-8e0f-14ae085ed6a5,2026-08-07T16:30:00Z,2026-08-07T18:30:00+0200,275.51999,MW,FR,FR,forecast_offshore_wind_generation,Wind Offshore,2026-08-23T19:31:05Z
2026-08-23T19:28:52Z,2026-08-23T21:28:52+0200,4d5ff379-624b-468c-8e0f-14ae085ed6a5,2026-08-07T16:45:00Z,2026-08-07T18:45:00+0200,282.86002,MW,FR,FR,forecast_offshore_wind_generation,Wind Offshore,2026-08-23T19:31:05Z
2026-08-23T19:28:52Z,2026-08-23T21:28:52+0200,4d5ff379-624b-468c-8e0f-14ae085ed6a5,2026-08-07T17:00:00Z,2026-08-07T19:00:00+0200,290.20001,MW,FR,FR,forecast_offshore_wind_generation,Wind Offshore,2026-08-23T19:31:05Z
2026-08-23T19:28:52Z,2026-08-23T21:28:52+0200,4d5ff379-624b-468c-8e0f-14ae085ed6a5,2026-08-07T17:15:00Z,2026-08-07T19:15:00+0200,298.63,MW,FR,FR,forecast_offshore_wind_generation,Wind Offshore,2026-08-23T19:31:05Z
2026-08-23T19:28:52Z,2026-08-23T21:28:52+0200,4d5ff379-624b-468c-8e0f-14ae085ed6a5,2026-08-07T17:30:00Z,2026-08-07T19:30:00+0200,307.06998,MW,FR,FR,forecast_offshore_wind_generation,Wind Offshore,2026-08-23T19:31:05Z
2026-08-23T19:28:52Z,2026-08-23T21:28:52+0200,4d5ff379-624b-468c-8e0f-14ae085ed6a5,2026-08-07T17:45:00Z,2026-08-07T19:45:00+0200,315.54999,MW,FR,FR,forecast_offshore_wind_generation,Wind Offshore,2026-08-23T19:31:05Z
2026-08-23T19:28:52Z,2026-08-23T21:28:52+0200,4d5ff379-624b-468c-8e0f-14ae085ed6a5,2026-08-07T18:00:00Z,2026-08-07T20:00:00+0200,324.01996,MW,FR,FR,forecast_offshore_wind_generation,Wind Offshore,2026-08-23T19:31:05Z
2026-08-23T19:28:52Z,2026-08-23T21:28:52+0200,4d5ff379-624b-468c-8e0f-14ae085ed6a5,2026-08-07T18:15:00Z,2026-08-07T20:15:00+0200,345.03,MW,FR,FR,forecast_offshore_wind_generation,Wind Offshore,2026-08-23T19:31:05Z
2026-08-23T19:28:52Z,2026-08-23T21:28:52+0200,4d5ff379-624b-468c-8e0f-14ae085ed6a5,2026-08-07T18:30:00Z,2026-08-07T20:30:00+0200,366.06,MW,FR,FR,forecast_offshore_wind_generation,Wind Offshore,2026-08-23T19:31:05Z
2026-08-23T19:28:52Z,2026-08-23T21:28:52+0200,4d5ff379-624b-468c-8e0f-14ae085ed6a5,2026-08-07T18:45:00Z,2026-08-07T20:45:00+0200,387.07001,MW,FR,FR,forecast_offshore_wind_generation,Wind Offshore,2026-08-23T19:31:05Z
2026-08-23T19:28:52Z,2026-08-23T21:28:52+0200,4d5ff379-624b-468c-8e0f-14ae085ed6a5,2026-08-07T19:00:00Z,2026-08-07T21:00:00+0200,408.08002,MW,FR,FR,forecast_offshore_wind_generation,Wind Offshore,2026-08-23T19:31:05Z
2026-08-23T19:28:52Z,2026-08-23T21:28:52+0200,4d5ff379-624b-468c-8e0f-14ae085ed6a5,2026-08-07T19:15:00Z,2026-08-07T21:15:00+0200,408.19,MW,FR,FR,forecast_offshore_wind_generation,Wind Offshore,2026-08-23T19:31:05Z
2026-08-23T19:28:52Z,2026-08-23T21:28:52+0200,4d5ff379-624b-468c-8e0f-14ae085ed6a5,2026-08-07T19:30:00Z,2026-08-07T21:30:00+0200,408.30002,MW,FR,FR,forecast_offshore_wind_generation,Wind Offshore,2026-08-23T19:31:05Z
2026-08-23T19:28:52Z,2026-08-23T21:28:52+0200,4d5ff379-624b-468c-8e0f-14ae085ed6a5,2026-08-07T19:45:00Z,2026-08-07T21:45:00+0200,408.39999,MW,FR,FR,forecast_offshore_wind_generation,Wind Offshore,2026-08-23T19:31:05Z
2026-08-23T19:28:52Z,2026-08-23T21:28:52+0200,4d5ff379-624b-468c-8e0f-14ae085ed6a5,2026-08-07T20:00:00Z,2026-08-07T22:00:00+0200,408.50998,MW,FR,FR,forecast_offshore_wind_generation,Wind Offshore,2026-08-23T19:31:05Z
2026-08-23T19:28:52Z,2026-08-23T21:28:52+0200,4d5ff379-624b-468c-8e0f-14ae085ed6a5,2026-08-07T20:15:00Z,2026-08-07T22:15:00+0200,412.47003,MW,FR,FR,forecast_offshore_wind_generation,Wind Offshore,2026-08-23T19:31:05Z
2026-08-23T19:28:52Z,2026-08-23T21:28:52+0200,4d5ff379-624b-468c-8e0f-14ae085ed6a5,2026-08-07T20:30:00Z,2026-08-07T22:30:00+0200,416.42001,MW,FR,FR,forecast_offshore_wind_generation,Wind Offshore,2026-08-23T19:31:05Z
2026-08-23T19:28:52Z,2026-08-23T21:28:52+0200,4d5ff379-624b-468c-8e0f-14ae085ed6a5,2026-08-07T20:45:00Z,2026-08-07T22:45:00+0200,420.34,MW,FR,FR,forecast_offshore_wind_generation,Wind Offshore,2026-08-23T19:31:05Z
2026-08-23T19:28:52Z,2026-08-23T21:28:52+0200,4d5ff379-624b-468c-8e0f-14ae085ed6a5,2026-08-07T21:00:00Z,2026-08-07T23:00:00+0200,424.25,MW,FR,FR,forecast_offshore_wind_generation,Wind Offshore,2026-08-23T19:31:05Z
2026-08-23T19:28:52Z,2026-08-23T21:28:52+0200,4d5ff379-624b-468c-8e0f-14ae085ed6a5,2026-08-07T21:15:00Z,2026-08-07T23:15:00+0200,441.38998,MW,FR,FR,forecast_offshore_wind_generation,Wind Offshore,2026-08-23T19:31:05Z
2026-08-23T19:28:52Z,2026-08-23T21:28:52+0200,4d5ff379-624b-468c-8e0f-14ae085ed6a5,2026-08-07T21:30:00Z,2026-08-07T23:30:00+0200,458.5,MW,FR,FR,forecast_offshore_wind_generation,Wind Offshore,2026-08-23T19:31:05Z
2026-08-23T19:28:52Z,2026-08-23T21:28:52+0200,4d5ff379-624b-468c-8e0f-14ae085ed6a5,2026-08-07T21:45:00Z,2026-08-07T23:45:00+0200,475.60999,MW,FR,FR,forecast_offshore_wind_generation,Wind Offshore,2026-08-23T19:31:05Z
2026-08-23T19:28:52Z,2026-08-23T21:28:52+0200,4d5ff379-624b-468c-8e0f-14ae085ed6a5,2026-08-07T22:00:00Z,2026-08-08T00:00:00+0200,490.02002,MW,FR,FR,forecast_offshore_wind_generation,Wind Offshore,2026-08-23T19:31:05Z
2026-08-23T19:28:52Z,2026-08-23T21:28:52+0200,4d5ff379-624b-468c-8e0f-14ae085ed6a5,2026-08-07T22:15:00Z,2026-08-08T00:15:00+0200,519.97003,MW,FR,FR,forecast_offshore_wind_generation,Wind Offshore,2026-08-23T19:31:05Z
2026-08-23T19:28:52Z,2026-08-23T21:28:52+0200,4d5ff379-624b-468c-8e0f-14ae085ed6a5,2026-08-07T22:30:00Z,2026-08-08T00:30:00+0200,549.91998,MW,FR,FR,forecast_offshore_wind_generation,Wind Offshore,2026-08-23T19:31:05Z
2026-08-23T19:28:52Z,2026-08-23T21:28:52+0200,4d5ff379-624b-468c-8e0f-14ae085ed6a5,2026-08-07T22:45:00Z,2026-08-08T00:45:00+0200,579.87,MW,FR,FR,forecast_offshore_wind_generation,Wind Offshore,2026-08-23T19:31:05Z
2026-08-23T19:28:52Z,2026-08-23T21:28:52+0200,4d5ff379-624b-468c-8e0f-14ae085ed6a5,2026-08-07T23:00:00Z,2026-08-08T01:00:00+0200,609.81,MW,FR,FR,forecast_offshore_wind_generation,Wind Offshore,2026-08-23T19:31:05Z
2026-08-23T19:28:52Z,2026-08-23T21:28:52+0200,4d5ff379-624b-468c-8e0f-14ae085ed6a5,2026-08-07T23:15:00Z,2026-08-08T01:15:00+0200,623.30994,MW,FR,FR,forecast_offshore_wind_generation,Wind Offshore,2026-08-23T19:31:05Z
2026-08-23T19:28:52Z,2026-08-23T21:28:52+0200,4d5ff379-624b-468c-8e0f-14ae085ed6a5,2026-08-07T23:30:00Z,2026-08-08T01:30:00+0200,636.80005,MW,FR,FR,forecast_offshore_wind_generation,Wind Offshore,2026-08-23T19:31:05Z
2026-08-23T19:28:52Z,2026-08-23T21:28:52+0200,4d5ff379-624b-468c-8e0f-14ae085ed6a5,2026-08-07T23:45:00Z,2026-08-08T01:45:00+0200,650.27002,MW,FR,FR,forecast_offshore_wind_generation,Wind Offshore,2026-08-23T19:31:05Z
2026-08-23T19:28:52Z,2026-08-23T21:28:52+0200,4d5ff379-624b-468c-8e0f-14ae085ed6a5,2026-08-08T00:00:00Z,2026-08-08T02:00:00+0200,663.76001,MW,FR,FR,forecast_offshore_wind_generation,Wind Offshore,2026-08-23T19:31:05Z
2026-08-23T19:28:52Z,2026-08-23T21:28:52+0200,4d5ff379-624b-468c-8e0f-14ae085ed6a5,2026-08-08T00:15:00Z,2026-08-08T02:15:00+0200,642.09998,MW,FR,FR,forecast_offshore_wind_generation,Wind Offshore,2026-08-23T19:31:05Z
2026-08-23T19:28:52Z,2026-08-23T21:28:52+0200,4d5ff379-624b-468c-8e0f-14ae085ed6a5,2026-08-08T00:30:00Z,2026-08-08T02:30:00+0200,620.46002,MW,FR,FR,forecast_offshore_wind_generation,Wind Offshore,2026-08-23T19:31:05Z
2026-08-23T19:28:52Z,2026-08-23T21:28:52+0200,4d5ff379-624b-468c-8e0f-14ae085ed6a5,2026-08-08T00:45:00Z,2026-08-08T02:45:00+0200,598.78998,MW,FR,FR,forecast_offshore_wind_generation,Wind Offshore,2026-08-23T19:31:05Z
2026-08-23T19:28:52Z,2026-08-23T21:28:52+0200,4d5ff379-624b-468c-8e0f-14ae085ed6a5,2026-08-08T01:00:00Z,2026-08-08T03:00:00+0200,577.13,MW,FR,FR,forecast_offshore_wind_generation,Wind Offshore,2026-08-23T19:31:05Z
2026-08-23T19:28:52Z,2026-08-23T21:28:52+0200,4d5ff379-624b-468c-8e0f-14ae085ed6a5,2026-08-08T01:15:00Z,2026-08-08T03:15:00+0200,568.01001,MW,FR,FR,forecast_offshore_wind_generation,Wind Offshore,2026-08-23T19:31:05Z
2026-08-23T19:28:52Z,2026-08-23T21:28:52+0200,4d5ff379-624b-468c-8e0f-14ae085ed6a5,2026-08-08T01:30:00Z,2026-08-08T03:30:00+0200,558.89996,MW,FR,FR,forecast_offshore_wind_generation,Wind Offshore,2026-08-23T19:31:05Z
2026-08-23T19:28:52Z,2026-08-23T21:28:52+0200,4d5ff379-624b-468c-8e0f-14ae085ed6a5,2026-08-08T01:45:00Z,2026-08-08T03:45:00+0200,549.79999,MW,FR,FR,forecast_offshore_wind_generation,Wind Offshore,2026-08-23T19:31:05Z
2026-08-23T19:28:52Z,2026-08-23T21:28:52+0200,4d5ff379-624b-468c-8e0f-14ae085ed6a5,2026-08-08T02:00:00Z,2026-08-08T04:00:00+0200,540.69006,MW,FR,FR,forecast_offshore_wind_generation,Wind Offshore,2026-08-23T19:31:05Z
2026-08-23T19:28:52Z,2026-08-23T21:28:52+0200,4d5ff379-624b-468c-8e0f-14ae085ed6a5,2026-08-08T02:15:00Z,2026-08-08T04:15:00+0200,522.26001,MW,FR,FR,forecast_offshore_wind_generation,Wind Offshore,2026-08-23T19:31:05Z
2026-08-23T19:28:52Z,2026-08-23T21:28:52+0200,4d5ff379-624b-468c-8e0f-14ae085ed6a5,2026-08-08T02:30:00Z,2026-08-08T04:30:00+0200,503.84,MW,FR,FR,forecast_offshore_wind_generation,Wind Offshore,2026-08-23T19:31:05Z
2026-08-23T19:28:52Z,2026-08-23T21:28:52+0200,4d5ff379-624b-468c-8e0f-14ae085ed6a5,2026-08-08T02:45:00Z,2026-08-08T04:45:00+0200,485.42001,MW,FR,FR,forecast_offshore_wind_generation,Wind Offshore,2026-08-23T19:31:05Z
2026-08-23T19:28:52Z,2026-08-23T21:28:52+0200,4d5ff379-624b-468c-8e0f-14ae085ed6a5,2026-08-08T03:00:00Z,2026-08-08T05:00:00+0200,467.0,MW,FR,FR,forecast_offshore_wind_generation,Wind Offshore,2026-08-23T19:31:05Z
2026-08-23T19:28:52Z,2026-08-23T21:28:52+0200,4d5ff379-624b-468c-8e0f-14ae085ed6a5,2026-08-08T03:15:00Z,2026-08-08T05:15:00+0200,451.51996,MW,FR,FR,forecast_offshore_wind_generation,Wind Offshore,2026-08-23T19:31:05Z
2026-08-23T19:28:52Z,2026-08-23T21:28:52+0200,4d5ff379-624b-468c-8e0f-14ae085ed6a5,2026-08-08T03:30:00Z,2026-08-08T05:30:00+0200,436.02002,MW,FR,FR,forecast_offshore_wind_generation,Wind Offshore,2026-08-23T19:31:05Z
2026-08-23T19:28:52Z,2026-08-23T21:28:52+0200,4d5ff379-624b-468c-8e0f-14ae085ed6a5,2026-08-08T03:45:00Z,2026-08-08T05:45:00+0200,420.51999,MW,FR,FR,forecast_offshore_wind_generation,Wind Offshore,2026-08-23T19:31:05Z
2026-08-23T19:28:52Z,2026-08-23T21:28:52+0200,4d5ff379-624b-468c-8e0f-14ae085ed6a5,2026-08-08T04:00:00Z,2026-08-08T06:00:00+0200,405.02997,MW,FR,FR,forecast_offshore_wind_generation,Wind Offshore,2026-08-23T19:31:05Z
2026-08-23T19:28:52Z,2026-08-23T21:28:52+0200,4d5ff379-624b-468c-8e0f-14ae085ed6a5,2026-08-08T04:15:00Z,2026-08-08T06:15:00+0200,386.87003,MW,FR,FR,forecast_offshore_wind_generation,Wind Offshore,2026-08-23T19:31:05Z
2026-08-23T19:28:52Z,2026-08-23T21:28:52+0200,4d5ff379-624b-468c-8e0f-14ae085ed6a5,2026-08-08T04:30:00Z,2026-08-08T06:30:00+0200,368.69,MW,FR,FR,forecast_offshore_wind_generation,Wind Offshore,2026-08-23T19:31:05Z
2026-08-23T19:28:52Z,2026-08-23T21:28:52+0200,4d5ff379-624b-468c-8e0f-14ae085ed6a5,2026-08-08T04:45:00Z,2026-08-08T06:45:00+0200,350.53,MW,FR,FR,forecast_offshore_wind_generation,Wind Offshore,2026-08-23T19:31:05Z
2026-08-23T19:28:52Z,2026-08-23T21:28:52+0200,4d5ff379-624b-468c-8e0f-14ae085ed6a5,2026-08-08T05:00:00Z,2026-08-08T07:00:00+0200,332.35001,MW,FR,FR,forecast_offshore_wind_generation,Wind Offshore,2026-08-23T19:31:05Z
2026-08-23T19:28:52Z,2026-08-23T21:28:52+0200,4d5ff379-624b-468c-8e0f-14ae085ed6a5,2026-08-08T05:15:00Z,2026-08-08T07:15:00+0200,333.51001,MW,FR,FR,forecast_offshore_wind_generation,Wind Offshore,2026-08-23T19:31:05Z
2026-08-23T19:28:52Z,2026-08-23T21:28:52+0200,4d5ff379-624b-468c-8e0f-14ae085ed6a5,2026-08-08T05:30:00Z,2026-08-08T07:30:00+0200,334.67001,MW,FR,FR,forecast_offshore_wind_generation,Wind Offshore,2026-08-23T19:31:05Z
2026-08-23T19:28:52Z,2026-08-23T21:28:52+0200,4d5ff379-624b-468c-8e0f-14ae085ed6a5,2026-08-08T05:45:00Z,2026-08-08T07:45:00+0200,335.82001,MW,FR,FR,forecast_offshore_wind_generation,Wind Offshore,2026-08-23T19:31:05Z
2026-08-23T19:28:52Z,2026-08-23T21:28:52+0200,4d5ff379-624b-468c-8e0f-14ae085ed6a5,2026-08-08T06:00:00Z,2026-08-08T08:00:00+0200,336.96997,MW,FR,FR,forecast_offshore_wind_generation,Wind Offshore,2026-08-23T19:31:05Z
2026-08-23T19:28:52Z,2026-08-23T21:28:52+0200,4d5ff379-624b-468c-8e0f-14ae085ed6a5,2026-08-08T06:15:00Z,2026-08-08T08:15:00+0200,323.35999,MW,FR,FR,forecast_offshore_wind_generation,Wind Offshore,2026-08-23T19:31:05Z
2026-08-23T19:28:52Z,2026-08-23T21:28:52+0200,4d5ff379-624b-468c-8e0f-14ae085ed6a5,2026-08-08T06:30:00Z,2026-08-08T08:30:00+0200,309.73001,MW,FR,FR,forecast_offshore_wind_generation,Wind Offshore,2026-08-23T19:31:05Z
2026-08-23T19:28:52Z,2026-08-23T21:28:52+0200,4d5ff379-624b-468c-8e0f-14ae085ed6a5,2026-08-08T06:45:00Z,2026-08-08T08:45:00+0200,296.10999,MW,FR,FR,forecast_offshore_wind_generation,Wind Offshore,2026-08-23T19:31:05Z
2026-08-23T19:28:52Z,2026-08-23T21:28:52+0200,4d5ff379-624b-468c-8e0f-14ae085ed6a5,2026-08-08T07:00:00Z,2026-08-08T09:00:00+0200,282.48999,MW,FR,FR,forecast_offshore_wind_generation,Wind Offshore,2026-08-23T19:31:05Z
2026-08-23T19:28:52Z,2026-08-23T21:28:52+0200,4d5ff379-624b-468c-8e0f-14ae085ed6a5,2026-08-08T07:15:00Z,2026-08-08T09:15:00+0200,268.01999,MW,FR,FR,forecast_offshore_wind_generation,Wind Offshore,2026-08-23T19:31:05Z
2026-08-23T19:28:52Z,2026-08-23T21:28:52+0200,4d5ff379-624b-468c-8e0f-14ae085ed6a5,2026-08-08T07:30:00Z,2026-08-08T09:30:00+0200,253.53999,MW,FR,FR,forecast_offshore_wind_generation,Wind Offshore,2026-08-23T19:31:05Z
2026-08-23T19:28:52Z,2026-08-23T21:28:52+0200,4d5ff379-624b-468c-8e0f-14ae085ed6a5,2026-08-08T07:45:00Z,2026-08-08T09:45:00+0200,239.09,MW,FR,FR,forecast_offshore_wind_generation,Wind Offshore,2026-08-23T19:31:05Z
2026-08-23T19:28:52Z,2026-08-23T21:28:52+0200,4d5ff379-624b-468c-8e0f-14ae085ed6a5,2026-08-08T08:00:00Z,2026-08-08T10:00:00+0200,224.61,MW,FR,FR,forecast_offshore_wind_generation,Wind Offshore,2026-08-23T19:31:05Z
2026-08-23T19:28:52Z,2026-08-23T21:28:52+0200,4d5ff379-624b-468c-8e0f-14ae085ed6a5,2026-08-08T08:15:00Z,2026-08-08T10:15:00+0200,216.29001,MW,FR,FR,forecast_offshore_wind_generation,Wind Offshore,2026-08-23T19:31:05Z
2026-08-23T19:28:52Z,2026-08-23T21:28:52+0200,4d5ff379-624b-468c-8e0f-14ae085ed6a5,2026-08-08T08:30:00Z,2026-08-08T10:30:00+0200,207.94,MW,FR,FR,forecast_offshore_wind_generation,Wind Offshore,2026-08-23T19:31:05Z
2026-08-23T19:28:52Z,2026-08-23T21:28:52+0200,4d5ff379-624b-468c-8e0f-14ae085ed6a5,2026-08-08T08:45:00Z,2026-08-08T10:45:00+0200,199.59999,MW,FR,FR,forecast_offshore_wind_generation,Wind Offshore,2026-08-23T19:31:05Z
2026-08-23T19:28:52Z,2026-08-23T21:28:52+0200,4d5ff379-624b-468c-8e0f-14ae085ed6a5,2026-08-08T09:00:00Z,2026-08-08T11:00:00+0200,191.25999,MW,FR,FR,forecast_offshore_wind_generation,Wind Offshore,2026-08-23T19:31:05Z
2026-08-23T19:28:52Z,2026-08-23T21:28:52+0200,4d5ff379-624b-468c-8e0f-14ae085ed6a5,2026-08-08T09:15:00Z,2026-08-08T11:15:00+0200,180.25999,MW,FR,FR,forecast_offshore_wind_generation,Wind Offshore,2026-08-23T19:31:05Z
2026-08-23T19:28:52Z,2026-08-23T21:28:52+0200,4d5ff379-624b-468c-8e0f-14ae085ed6a5,2026-08-08T09:30:00Z,2026-08-08T11:30:00+0200,169.26001,MW,FR,FR,forecast_offshore_wind_generation,Wind Offshore,2026-08-23T19:31:05Z
2026-08-23T19:28:52Z,2026-08-23T21:28:52+0200,4d5ff379-624b-468c-8e0f-14ae085ed6a5,2026-08-08T09:45:00Z,2026-08-08T11:45:00+0200,158.25999,MW,FR,FR,forecast_offshore_wind_generation,Wind Offshore,2026-08-23T19:31:05Z
2026-08-23T19:28:52Z,2026-08-23T21:28:52+0200,4d5ff379-624b-468c-8e0f-14ae085ed6a5,2026-08-08T10:00:00Z,2026-08-08T12:00:00+0200,94.61,MW,FR,FR,forecast_offshore_wind_generation,Wind Offshore,2026-08-23T19:31:05Z
2026-08-23T19:28:52Z,2026-08-23T21:28:52+0200,4d5ff379-624b-468c-8e0f-14ae085ed6a5,2026-08-08T10:15:00Z,2026-08-08T12:15:00+0200,94.63,MW,FR,FR,forecast_offshore_wind_generation,Wind Offshore,2026-08-23T19:31:05Z
2026-08-23T19:28:52Z,2026-08-23T21:28:52+0200,4d5ff379-624b-468c-8e0f-14ae085ed6a5,2026-08-08T10:30:00Z,2026-08-08T12:30:00+0200,94.31,MW,FR,FR,forecast_offshore_wind_generation,Wind Offshore,2026-08-23T19:31:05Z
2026-08-23T19:28:52Z,2026-08-23T21:28:52+0200,4d5ff379-624b-468c-8e0f-14ae085ed6a5,2026-08-08T10:45:00Z,2026-08-08T12:45:00+0200,90.97,MW,FR,FR,forecast_offshore_wind_generation,Wind Offshore,2026-08-23T19:31:05Z
2026-08-23T19:28:52Z,2026-08-23T21:28:52+0200,4d5ff379-624b-468c-8e0f-14ae085ed6a5,2026-08-08T11:00:00Z,2026-08-08T13:00:00+0200,87.22,MW,FR,FR,forecast_offshore_wind_generation,Wind Offshore,2026-08-23T19:31:05Z
2026-08-23T19:28:52Z,2026-08-23T21:28:52+0200,4d5ff379-624b-468c-8e0f-14ae085ed6a5,2026-08-08T11:15:00Z,2026-08-08T13:15:00+0200,87.17,MW,FR,FR,forecast_offshore_wind_generation,Wind Offshore,2026-08-23T19:31:05Z
2026-08-23T19:28:52Z,2026-08-23T21:28:52+0200,4d5ff379-624b-468c-8e0f-14ae085ed6a5,2026-08-08T11:30:00Z,2026-08-08T13:30:00+0200,86.45,MW,FR,FR,forecast_offshore_wind_generation,Wind Offshore,2026-08-23T19:31:05Z
2026-08-23T19:28:52Z,2026-08-23T21:28:52+0200,4d5ff379-624b-468c-8e0f-14ae085ed6a5,2026-08-08T11:45:00Z,2026-08-08T13:45:00+0200,85.72,MW,FR,FR,forecast_offshore_wind_generation,Wind Offshore,2026-08-23T19:31:05Z
2026-08-23T19:28:52Z,2026-08-23T21:28:52+0200,4d5ff379-624b-468c-8e0f-14ae085ed6a5,2026-08-08T12:00:00Z,2026-08-08T14:00:00+0200,84.89999,MW,FR,FR,forecast_offshore_wind_generation,Wind Offshore,2026-08-23T19:31:05Z
2026-08-23T19:28:52Z,2026-08-23T21:28:52+0200,4d5ff379-624b-468c-8e0f-14ae085ed6a5,2026-08-08T12:15:00Z,2026-08-08T14:15:00+0200,81.67,MW,FR,FR,forecast_offshore_wind_generation,Wind Offshore,2026-08-23T19:31:05Z
2026-08-23T19:28:52Z,2026-08-23T21:28:52+0200,4d5ff379-624b-468c-8e0f-14ae085ed6a5,2026-08-08T12:30:00Z,2026-08-08T14:30:00+0200,78.39,MW,FR,FR,forecast_offshore_wind_generation,Wind Offshore,2026-08-23T19:31:05Z
2026-08-23T19:28:52Z,2026-08-23T21:28:52+0200,4d5ff379-624b-468c-8e0f-14ae085ed6a5,2026-08-08T12:45:00Z,2026-08-08T14:45:00+0200,75.1,MW,FR,FR,forecast_offshore_wind_generation,Wind Offshore,2026-08-23T19:31:05Z
2026-08-23T19:28:52Z,2026-08-23T21:28:52+0200,4d5ff379-624b-468c-8e0f-14ae085ed6a5,2026-08-08T13:00:00Z,2026-08-08T15:00:00+0200,71.81,MW,FR,FR,forecast_offshore_wind_generation,Wind Offshore,2026-08-23T19:31:05Z
2026-08-23T19:28:52Z,2026-08-23T21:28:52+0200,4d5ff379-624b-468c-8e0f-14ae085ed6a5,2026-08-08T13:15:00Z,2026-08-08T15:15:00+0200,70.33,MW,FR,FR,forecast_offshore_wind_generation,Wind Offshore,2026-08-23T19:31:05Z
2026-08-23T19:28:52Z,2026-08-23T21:28:52+0200,4d5ff379-624b-468c-8e0f-14ae085ed6a5,2026-08-08T13:30:00Z,2026-08-08T15:30:00+0200,137.14999,MW,FR,FR,forecast_offshore_wind_generation,Wind Offshore,2026-08-23T19:31:05Z
2026-08-23T19:28:52Z,2026-08-23T21:28:52+0200,4d5ff379-624b-468c-8e0f-14ae085ed6a5,2026-08-08T13:45:00Z,2026-08-08T15:45:00+0200,136.33,MW,FR,FR,forecast_offshore_wind_generation,Wind Offshore,2026-08-23T19:31:05Z
2026-08-23T19:28:52Z,2026-08-23T21:28:52+0200,4d5ff379-624b-468c-8e0f-14ae085ed6a5,2026-08-08T14:00:00Z,2026-08-08T16:00:00+0200,135.52,MW,FR,FR,forecast_offshore_wind_generation,Wind Offshore,2026-08-23T19:31:05Z
2026-08-23T19:28:52Z,2026-08-23T21:28:52+0200,4d5ff379-624b-468c-8e0f-14ae085ed6a5,2026-08-08T14:15:00Z,2026-08-08T16:15:00+0200,138.04001,MW,FR,FR,forecast_offshore_wind_generation,Wind Offshore,2026-08-23T19:31:05Z
2026-08-23T19:28:52Z,2026-08-23T21:28:52+0200,4d5ff379-624b-468c-8e0f-14ae085ed6a5,2026-08-08T14:30:00Z,2026-08-08T16:30:00+0200,140.56999,MW,FR,FR,forecast_offshore_wind_generation,Wind Offshore,2026-08-23T19:31:05Z
2026-08-23T19:28:52Z,2026-08-23T21:28:52+0200,4d5ff379-624b-468c-8e0f-14ae085ed6a5,2026-08-08T14:45:00Z,2026-08-08T16:45:00+0200,143.08,MW,FR,FR,forecast_offshore_wind_generation,Wind Offshore,2026-08-23T19:31:05Z
2026-08-23T19:28:52Z,2026-08-23T21:28:52+0200,4d5ff379-624b-468c-8e0f-14ae085ed6a5,2026-08-08T15:00:00Z,2026-08-08T17:00:00+0200,145.61,MW,FR,FR,forecast_offshore_wind_generation,Wind Offshore,2026-08-23T19:31:05Z
2026-08-23T19:28:52Z,2026-08-23T21:28:52+0200,4d5ff379-624b-468c-8e0f-14ae085ed6a5,2026-08-08T15:15:00Z,2026-08-08T17:15:00+0200,153.09999,MW,FR,FR,forecast_offshore_wind_generation,Wind Offshore,2026-08-23T19:31:05Z
2026-08-23T19:28:52Z,2026-08-23T21:28:52+0200,4d5ff379-624b-468c-8e0f-14ae085ed6a5,2026-08-08T15:30:00Z,2026-08-08T17:30:00+0200,160.60001,MW,FR,FR,forecast_offshore_wind_generation,Wind Offshore,2026-08-23T19:31:05Z
2026-08-23T19:28:52Z,2026-08-23T21:28:52+0200,4d5ff379-624b-468c-8e0f-14ae085ed6a5,2026-08-08T15:45:00Z,2026-08-08T17:45:00+0200,168.09,MW,FR,FR,forecast_offshore_wind_generation,Wind Offshore,2026-08-23T19:31:05Z
2026-08-23T19:28:52Z,2026-08-23T21:28:52+0200,4d5ff379-624b-468c-8e0f-14ae085ed6a5,2026-08-08T16:00:00Z,2026-08-08T18:00:00+0200,175.58,MW,FR,FR,forecast_offshore_wind_generation,Wind Offshore,2026-08-23T19:31:05Z
2026-08-23T19:28:52Z,2026-08-23T21:28:52+0200,4d5ff379-624b-468c-8e0f-14ae085ed6a5,2026-08-08T16:15:00Z,2026-08-08T18:15:00+0200,179.57999,MW,FR,FR,forecast_offshore_wind_generation,Wind Offshore,2026-08-23T19:31:05Z
2026-08-23T19:28:52Z,2026-08-23T21:28:52+0200,4d5ff379-624b-468c-8e0f-14ae085ed6a5,2026-08-08T16:30:00Z,2026-08-08T18:30:00+0200,183.57001,MW,FR,FR,forecast_offshore_wind_generation,Wind Offshore,2026-08-23T19:31:05Z
2026-08-23T19:28:52Z,2026-08-23T21:28:52+0200,4d5ff379-624b-468c-8e0f-14ae085ed6a5,2026-08-08T16:45:00Z,2026-08-08T18:45:00+0200,187.58,MW,FR,FR,forecast_offshore_wind_generation,Wind Offshore,2026-08-23T19:31:05Z
2026-08-23T19:28:52Z,2026-08-23T21:28:52+0200,4d5ff379-624b-468c-8e0f-14ae085ed6a5,2026-08-08T17:00:00Z,2026-08-08T19:00:00+0200,191.57001,MW,FR,FR,forecast_offshore_wind_generation,Wind Offshore,2026-08-23T19:31:05Z
2026-08-23T19:28:52Z,2026-08-23T21:28:52+0200,4d5ff379-624b-468c-8e0f-14ae085ed6a5,2026-08-08T17:15:00Z,2026-08-08T19:15:00+0200,199.46001,MW,FR,FR,forecast_offshore_wind_generation,Wind Offshore,2026-08-23T19:31:05Z
2026-08-23T19:28:52Z,2026-08-23T21:28:52+0200,4d5ff379-624b-468c-8e0f-14ae085ed6a5,2026-08-08T17:30:00Z,2026-08-08T19:30:00+0200,207.34,MW,FR,FR,forecast_offshore_wind_generation,Wind Offshore,2026-08-23T19:31:05Z
2026-08-23T19:28:52Z,2026-08-23T21:28:52+0200,4d5ff379-624b-468c-8e0f-14ae085ed6a5,2026-08-08T17:45:00Z,2026-08-08T19:45:00+0200,215.25,MW,FR,FR,forecast_offshore_wind_generation,Wind Offshore,2026-08-23T19:31:05Z
2026-08-23T19:28:52Z,2026-08-23T21:28:52+0200,4d5ff379-624b-468c-8e0f-14ae085ed6a5,2026-08-08T18:00:00Z,2026-08-08T20:00:00+0200,223.13,MW,FR,FR,forecast_offshore_wind_generation,Wind Offshore,2026-08-23T19:31:05Z
2026-08-23T19:28:52Z,2026-08-23T21:28:52+0200,4d5ff379-624b-468c-8e0f-14ae085ed6a5,2026-08-08T18:15:00Z,2026-08-08T20:15:00+0200,226.76001,MW,FR,FR,forecast_offshore_wind_generation,Wind Offshore,2026-08-23T19:31:05Z
2026-08-23T19:28:52Z,2026-08-23T21:28:52+0200,4d5ff379-624b-468c-8e0f-14ae085ed6a5,2026-08-08T18:30:00Z,2026-08-08T20:30:00+0200,230.37,MW,FR,FR,forecast_offshore_wind_generation,Wind Offshore,2026-08-23T19:31:05Z
2026-08-23T19:28:52Z,2026-08-23T21:28:52+0200,4d5ff379-624b-468c-8e0f-14ae085ed6a5,2026-08-08T18:45:00Z,2026-08-08T20:45:00+0200,234.0,MW,FR,FR,forecast_offshore_wind_generation,Wind Offshore,2026-08-23T19:31:05Z
2026-08-23T19:28:52Z,2026-08-23T21:28:52+0200,4d5ff379-624b-468c-8e0f-14ae085ed6a5,2026-08-08T19:00:00Z,2026-08-08T21:00:00+0200,237.62999,MW,FR,FR,forecast_offshore_wind_generation,Wind Offshore,2026-08-23T19:31:05Z
2026-08-23T19:28:52Z,2026-08-23T21:28:52+0200,4d5ff379-624b-468c-8e0f-14ae085ed6a5,2026-08-08T19:15:00Z,2026-08-08T21:15:00+0200,246.69,MW,FR,FR,forecast_offshore_wind_generation,Wind Offshore,2026-08-23T19:31:05Z
2026-08-23T19:28:52Z,2026-08-23T21:28:52+0200,4d5ff379-624b-468c-8e0f-14ae085ed6a5,2026-08-08T19:30:00Z,2026-08-08T21:30:00+0200,255.74001,MW,FR,FR,forecast_offshore_wind_generation,Wind Offshore,2026-08-23T19:31:05Z
2026-08-23T19:28:52Z,2026-08-23T21:28:52+0200,4d5ff379-624b-468c-8e0f-14ae085ed6a5,2026-08-08T19:45:00Z,2026-08-08T21:45:00+0200,264.79999,MW,FR,FR,forecast_offshore_wind_generation,Wind Offshore,2026-08-23T19:31:05Z
2026-08-23T19:28:52Z,2026-08-23T21:28:52+0200,4d5ff379-624b-468c-8e0f-14ae085ed6a5,2026-08-08T20:00:00Z,2026-08-08T22:00:00+0200,273.88,MW,FR,FR,forecast_offshore_wind_generation,Wind Offshore,2026-08-23T19:31:05Z
2026-08-23T19:28:52Z,2026-08-23T21:28:52+0200,4d5ff379-624b-468c-8e0f-14ae085ed6a5,2026-08-08T20:15:00Z,2026-08-08T22:15:00+0200,287.01999,MW,FR,FR,forecast_offshore_wind_generation,Wind Offshore,2026-08-23T19:31:05Z
2026-08-23T19:28:52Z,2026-08-23T21:28:52+0200,4d5ff379-624b-468c-8e0f-14ae085ed6a5,2026-08-08T20:30:00Z,2026-08-08T22:30:00+0200,300.13998,MW,FR,FR,forecast_offshore_wind_generation,Wind Offshore,2026-08-23T19:31:05Z
2026-08-23T19:28:52Z,2026-08-23T21:28:52+0200,4d5ff379-624b-468c-8e0f-14ae085ed6a5,2026-08-08T20:45:00Z,2026-08-08T22:45:00+0200,313.29999,MW,FR,FR,forecast_offshore_wind_generation,Wind Offshore,2026-08-23T19:31:05Z
2026-08-23T19:28:52Z,2026-08-23T21:28:52+0200,4d5ff379-624b-468c-8e0f-14ae085ed6a5,2026-08-08T21:00:00Z,2026-08-08T23:00:00+0200,326.41998,MW,FR,FR,forecast_offshore_wind_generation,Wind Offshore,2026-08-23T19:31:05Z
2026-08-23T19:28:52Z,2026-08-23T21:28:52+0200,4d5ff379-624b-468c-8e0f-14ae085ed6a5,2026-08-08T21:15:00Z,2026-08-08T23:15:00+0200,327.35001,MW,FR,FR,forecast_offshore_wind_generation,Wind Offshore,2026-08-23T19:31:05Z
2026-08-23T19:28:52Z,2026-08-23T21:28:52+0200,4d5ff379-624b-468c-8e0f-14ae085ed6a5,2026-08-08T21:30:00Z,2026-08-08T23:30:00+0200,328.27002,MW,FR,FR,forecast_offshore_wind_generation,Wind Offshore,2026-08-23T19:31:05Z
2026-08-23T19:28:52Z,2026-08-23T21:28:52+0200,4d5ff379-624b-468c-8e0f-14ae085ed6a5,2026-08-08T21:45:00Z,2026-08-08T23:45:00+0200,329.19,MW,FR,FR,forecast_offshore_wind_generation,Wind Offshore,2026-08-23T19:31:05Z
2026-08-23T19:28:52Z,2026-08-23T21:28:52+0200,4d5ff379-624b-468c-8e0f-14ae085ed6a5,2026-08-08T22:00:00Z,2026-08-09T00:00:00+0200,395.64999,MW,FR,FR,forecast_offshore_wind_generation,Wind Offshore,2026-08-23T19:31:05Z
2026-08-23T19:28:52Z,2026-08-23T21:28:52+0200,4d5ff379-624b-468c-8e0f-14ae085ed6a5,2026-08-08T22:15:00Z,2026-08-09T00:15:00+0200,382.71002,MW,FR,FR,forecast_offshore_wind_generation,Wind Offshore,2026-08-23T19:31:05Z
2026-08-23T19:28:52Z,2026-08-23T21:28:52+0200,4d5ff379-624b-468c-8e0f-14ae085ed6a5,2026-08-08T22:30:00Z,2026-08-09T00:30:00+0200,369.79999,MW,FR,FR,forecast_offshore_wind_generation,Wind Offshore,2026-08-23T19:31:05Z
2026-08-23T19:28:52Z,2026-08-23T21:28:52+0200,4d5ff379-624b-468c-8e0f-14ae085ed6a5,2026-08-08T22:45:00Z,2026-08-09T00:45:00+0200,356.88,MW,FR,FR,forecast_offshore_wind_generation,Wind Offshore,2026-08-23T19:31:05Z
2026-08-23T19:28:52Z,2026-08-23T21:28:52+0200,4d5ff379-624b-468c-8e0f-14ae085ed6a5,2026-08-08T23:00:00Z,2026-08-09T01:00:00+0200,343.95001,MW,FR,FR,forecast_offshore_wind_generation,Wind Offshore,2026-08-23T19:31:05Z
2026-08-23T19:28:52Z,2026-08-23T21:28:52+0200,4d5ff379-624b-468c-8e0f-14ae085ed6a5,2026-08-08T23:15:00Z,2026-08-09T01:15:00+0200,305.14999,MW,FR,FR,forecast_offshore_wind_generation,Wind Offshore,2026-08-23T19:31:05Z
2026-08-23T19:28:52Z,2026-08-23T21:28:52+0200,4d5ff379-624b-468c-8e0f-14ae085ed6a5,2026-08-08T23:30:00Z,2026-08-09T01:30:00+0200,266.35001,MW,FR,FR,forecast_offshore_wind_generation,Wind Offshore,2026-08-23T19:31:05Z
2026-08-23T19:28:52Z,2026-08-23T21:28:52+0200,4d5ff379-624b-468c-8e0f-14ae085ed6a5,2026-08-08T23:45:00Z,2026-08-09T01:45:00+0200,227.54001,MW,FR,FR,forecast_offshore_wind_generation,Wind Offshore,2026-08-23T19:31:05Z
2026-08-23T19:28:52Z,2026-08-23T21:28:52+0200,4d5ff379-624b-468c-8e0f-14ae085ed6a5,2026-08-09T00:00:00Z,2026-08-09T02:00:00+0200,188.75,MW,FR,FR,forecast_offshore_wind_generation,Wind Offshore,2026-08-23T19:31:05Z
2026-08-23T19:28:52Z,2026-08-23T21:28:52+0200,4d5ff379-624b-468c-8e0f-14ae085ed6a5,2026-08-09T00:15:00Z,2026-08-09T02:15:00+0200,173.39999,MW,FR,FR,forecast_offshore_wind_generation,Wind Offshore,2026-08-23T19:31:05Z
2026-08-23T19:28:52Z,2026-08-23T21:28:52+0200,4d5ff379-624b-468c-8e0f-14ae085ed6a5,2026-08-09T00:30:00Z,2026-08-09T02:30:00+0200,158.03,MW,FR,FR,forecast_offshore_wind_generation,Wind Offshore,2026-08-23T19:31:05Z
2026-08-23T19:28:52Z,2026-08-23T21:28:52+0200,4d5ff379-624b-468c-8e0f-14ae085ed6a5,2026-08-09T00:45:00Z,2026-08-09T02:45:00+0200,142.67,MW,FR,FR,forecast_offshore_wind_generation,Wind Offshore,2026-08-23T19:31:05Z
2026-08-23T19:28:52Z,2026-08-23T21:28:52+0200,4d5ff379-624b-468c-8e0f-14ae085ed6a5,2026-08-09T01:00:00Z,2026-08-09T03:00:00+0200,127.31,MW,FR,FR,forecast_offshore_wind_generation,Wind Offshore,2026-08-23T19:31:05Z
2026-08-23T19:28:52Z,2026-08-23T21:28:52+0200,4d5ff379-624b-468c-8e0f-14ae085ed6a5,2026-08-09T01:15:00Z,2026-08-09T03:15:00+0200,137.92,MW,FR,FR,forecast_offshore_wind_generation,Wind Offshore,2026-08-23T19:31:05Z
2026-08-23T19:28:52Z,2026-08-23T21:28:52+0200,4d5ff379-624b-468c-8e0f-14ae085ed6a5,2026-08-09T01:30:00Z,2026-08-09T03:30:00+0200,148.5,MW,FR,FR,forecast_offshore_wind_generation,Wind Offshore,2026-08-23T19:31:05Z
2026-08-23T19:28:52Z,2026-08-23T21:28:52+0200,4d5ff379-624b-468c-8e0f-14ae085ed6a5,2026-08-09T01:45:00Z,2026-08-09T03:45:00+0200,159.10001,MW,FR,FR,forecast_offshore_wind_generation,Wind Offshore,2026-08-23T19:31:05Z
2026-08-23T19:28:52Z,2026-08-23T21:28:52+0200,4d5ff379-624b-468c-8e0f-14ae085ed6a5,2026-08-09T02:00:00Z,2026-08-09T04:00:00+0200,169.70999,MW,FR,FR,forecast_offshore_wind_generation,Wind Offshore,2026-08-23T19:31:05Z
2026-08-23T19:28:52Z,2026-08-23T21:28:52+0200,4d5ff379-624b-468c-8e0f-14ae085ed6a5,2026-08-09T02:15:00Z,2026-08-09T04:15:00+0200,171.95,MW,FR,FR,forecast_offshore_wind_generation,Wind Offshore,2026-08-23T19:31:05Z
2026-08-23T19:28:52Z,2026-08-23T21:28:52+0200,4d5ff379-624b-468c-8e0f-14ae085ed6a5,2026-08-09T02:30:00Z,2026-08-09T04:30:00+0200,174.2,MW,FR,FR,forecast_offshore_wind_generation,Wind Offshore,2026-08-23T19:31:05Z
2026-08-23T19:28:52Z,2026-08-23T21:28:52+0200,4d5ff379-624b-468c-8e0f-14ae085ed6a5,2026-08-09T02:45:00Z,2026-08-09T04:45:00+0200,176.44,MW,FR,FR,forecast_offshore_wind_generation,Wind Offshore,2026-08-23T19:31:05Z
2026-08-23T19:28:52Z,2026-08-23T21:28:52+0200,4d5ff379-624b-468c-8e0f-14ae085ed6a5,2026-08-09T03:00:00Z,2026-08-09T05:00:00+0200,178.69,MW,FR,FR,forecast_offshore_wind_generation,Wind Offshore,2026-08-23T19:31:05Z
2026-08-23T19:28:52Z,2026-08-23T21:28:52+0200,4d5ff379-624b-468c-8e0f-14ae085ed6a5,2026-08-09T03:15:00Z,2026-08-09T05:15:00+0200,195.48,MW,FR,FR,forecast_offshore_wind_generation,Wind Offshore,2026-08-23T19:31:05Z
2026-08-23T19:28:52Z,2026-08-23T21:28:52+0200,4d5ff379-624b-468c-8e0f-14ae085ed6a5,2026-08-09T03:30:00Z,2026-08-09T05:30:00+0200,212.26999,MW,FR,FR,forecast_offshore_wind_generation,Wind Offshore,2026-08-23T19:31:05Z
2026-08-23T19:28:52Z,2026-08-23T21:28:52+0200,4d5ff379-624b-468c-8e0f-14ae085ed6a5,2026-08-09T03:45:00Z,2026-08-09T05:45:00+0200,229.06,MW,FR,FR,forecast_offshore_wind_generation,Wind Offshore,2026-08-23T19:31:05Z
2026-08-23T19:28:52Z,2026-08-23T21:28:52+0200,4d5ff379-624b-468c-8e0f-14ae085ed6a5,2026-08-09T04:00:00Z,2026-08-09T06:00:00+0200,245.85001,MW,FR,FR,forecast_offshore_wind_generation,Wind Offshore,2026-08-23T19:31:05Z
2026-08-23T19:28:52Z,2026-08-23T21:28:52+0200,4d5ff379-624b-468c-8e0f-14ae085ed6a5,2026-08-09T04:15:00Z,2026-08-09T06:15:00+0200,238.74001,MW,FR,FR,forecast_offshore_wind_generation,Wind Offshore,2026-08-23T19:31:05Z
2026-08-23T19:28:52Z,2026-08-23T21:28:52+0200,4d5ff379-624b-468c-8e0f-14ae085ed6a5,2026-08-09T04:30:00Z,2026-08-09T06:30:00+0200,231.66,MW,FR,FR,forecast_offshore_wind_generation,Wind Offshore,2026-08-23T19:31:05Z
2026-08-23T19:28:52Z,2026-08-23T21:28:52+0200,4d5ff379-624b-468c-8e0f-14ae085ed6a5,2026-08-09T04:45:00Z,2026-08-09T06:45:00+0200,224.55,MW,FR,FR,forecast_offshore_wind_generation,Wind Offshore,2026-08-23T19:31:05Z
2026-08-23T19:28:52Z,2026-08-23T21:28:52+0200,4d5ff379-624b-468c-8e0f-14ae085ed6a5,2026-08-09T05:00:00Z,2026-08-09T07:00:00+0200,217.45,MW,FR,FR,forecast_offshore_wind_generation,Wind Offshore,2026-08-23T19:31:05Z
2026-08-23T19:28:52Z,2026-08-23T21:28:52+0200,4d5ff379-624b-468c-8e0f-14ae085ed6a5,2026-08-09T05:15:00Z,2026-08-09T07:15:00+0200,220.28,MW,FR,FR,forecast_offshore_wind_generation,Wind Offshore,2026-08-23T19:31:05Z
2026-08-23T19:28:52Z,2026-08-23T21:28:52+0200,4d5ff379-624b-468c-8e0f-14ae085ed6a5,2026-08-09T05:30:00Z,2026-08-09T07:30:00+0200,223.12,MW,FR,FR,forecast_offshore_wind_generation,Wind Offshore,2026-08-23T19:31:05Z
2026-08-23T19:28:52Z,2026-08-23T21:28:52+0200,4d5ff379-624b-468c-8e0f-14ae085ed6a5,2026-08-09T05:45:00Z,2026-08-09T07:45:00+0200,225.97,MW,FR,FR,forecast_offshore_wind_generation,Wind Offshore,2026-08-23T19:31:05Z
2026-08-23T19:28:52Z,2026-08-23T21:28:52+0200,4d5ff379-624b-468c-8e0f-14ae085ed6a5,2026-08-09T06:00:00Z,2026-08-09T08:00:00+0200,228.81,MW,FR,FR,forecast_offshore_wind_generation,Wind Offshore,2026-08-23T19:31:05Z
2026-08-23T19:28:52Z,2026-08-23T21:28:52+0200,4d5ff379-624b-468c-8e0f-14ae085ed6a5,2026-08-09T06:15:00Z,2026-08-09T08:15:00+0200,205.21999,MW,FR,FR,forecast_offshore_wind_generation,Wind Offshore,2026-08-23T19:31:05Z
2026-08-23T19:28:52Z,2026-08-23T21:28:52+0200,4d5ff379-624b-468c-8e0f-14ae085ed6a5,2026-08-09T06:30:00Z,2026-08-09T08:30:00+0200,181.64001,MW,FR,FR,forecast_offshore_wind_generation,Wind Offshore,2026-08-23T19:31:05Z
2026-08-23T19:28:52Z,2026-08-23T21:28:52+0200,4d5ff379-624b-468c-8e0f-14ae085ed6a5,2026-08-09T06:45:00Z,2026-08-09T08:45:00+0200,158.05,MW,FR,FR,forecast_offshore_wind_generation,Wind Offshore,2026-08-23T19:31:05Z
2026-08-23T19:28:52Z,2026-08-23T21:28:52+0200,4d5ff379-624b-468c-8e0f-14ae085ed6a5,2026-08-09T07:00:00Z,2026-08-09T09:00:00+0200,134.48,MW,FR,FR,forecast_offshore_wind_generation,Wind Offshore,2026-08-23T19:31:05Z
2026-08-23T19:28:52Z,2026-08-23T21:28:52+0200,4d5ff379-624b-468c-8e0f-14ae085ed6a5,2026-08-09T07:15:00Z,2026-08-09T09:15:00+0200,139.77,MW,FR,FR,forecast_offshore_wind_generation,Wind Offshore,2026-08-23T19:31:05Z
2026-08-23T19:28:52Z,2026-08-23T21:28:52+0200,4d5ff379-624b-468c-8e0f-14ae085ed6a5,2026-08-09T07:30:00Z,2026-08-09T09:30:00+0200,145.09,MW,FR,FR,forecast_offshore_wind_generation,Wind Offshore,2026-08-23T19:31:05Z
2026-08-23T19:28:52Z,2026-08-23T21:28:52+0200,4d5ff379-624b-468c-8e0f-14ae085ed6a5,2026-08-09T07:45:00Z,2026-08-09T09:45:00+0200,150.40001,MW,FR,FR,forecast_offshore_wind_generation,Wind Offshore,2026-08-23T19:31:05Z
2026-08-23T19:28:52Z,2026-08-23T21:28:52+0200,4d5ff379-624b-468c-8e0f-14ae085ed6a5,2026-08-09T08:00:00Z,2026-08-09T10:00:00+0200,155.70999,MW,FR,FR,forecast_offshore_wind_generation,Wind Offshore,2026-08-23T19:31:05Z
2026-08-23T19:28:52Z,2026-08-23T21:28:52+0200,4d5ff379-624b-468c-8e0f-14ae085ed6a5,2026-08-09T08:15:00Z,2026-08-09T10:15:00+0200,155.17999,MW,FR,FR,forecast_offshore_wind_generation,Wind Offshore,2026-08-23T19:31:05Z
2026-08-23T19:28:52Z,2026-08-23T21:28:52+0200,4d5ff379-624b-468c-8e0f-14ae085ed6a5,2026-08-09T08:30:00Z,2026-08-09T10:30:00+0200,154.66,MW,FR,FR,forecast_offshore_wind_generation,Wind Offshore,2026-08-23T19:31:05Z
2026-08-23T19:28:52Z,2026-08-23T21:28:52+0200,4d5ff379-624b-468c-8e0f-14ae085ed6a5,2026-08-09T08:45:00Z,2026-08-09T10:45:00+0200,154.13,MW,FR,FR,forecast_offshore_wind_generation,Wind Offshore,2026-08-23T19:31:05Z
2026-08-23T19:28:52Z,2026-08-23T21:28:52+0200,4d5ff379-624b-468c-8e0f-14ae085ed6a5,2026-08-09T09:00:00Z,2026-08-09T11:00:00+0200,153.61,MW,FR,FR,forecast_offshore_wind_generation,Wind Offshore,2026-08-23T19:31:05Z
2026-08-23T19:28:52Z,2026-08-23T21:28:52+0200,4d5ff379-624b-468c-8e0f-14ae085ed6a5,2026-08-09T09:15:00Z,2026-08-09T11:15:00+0200,148.36,MW,FR,FR,forecast_offshore_wind_generation,Wind Offshore,2026-08-23T19:31:05Z
2026-08-23T19:28:52Z,2026-08-23T21:28:52+0200,4d5ff379-624b-468c-8e0f-14ae085ed6a5,2026-08-09T09:30:00Z,2026-08-09T11:30:00+0200,143.11002,MW,FR,FR,forecast_offshore_wind_generation,Wind Offshore,2026-08-23T19:31:05Z
2026-08-23T19:28:52Z,2026-08-23T21:28:52+0200,4d5ff379-624b-468c-8e0f-14ae085ed6a5,2026-08-09T09:45:00Z,2026-08-09T11:45:00+0200,137.86,MW,FR,FR,forecast_offshore_wind_generation,Wind Offshore,2026-08-23T19:31:05Z
2026-08-23T19:28:52Z,2026-08-23T21:28:52+0200,4d5ff379-624b-468c-8e0f-14ae085ed6a5,2026-08-09T10:00:00Z,2026-08-09T12:00:00+0200,132.59999,MW,FR,FR,forecast_offshore_wind_generation,Wind Offshore,2026-08-23T19:31:05Z
2026-08-23T19:28:52Z,2026-08-23T21:28:52+0200,4d5ff379-624b-468c-8e0f-14ae085ed6a5,2026-08-09T10:15:00Z,2026-08-09T12:15:00+0200,141.5,MW,FR,FR,forecast_offshore_wind_generation,Wind Offshore,2026-08-23T19:31:05Z
2026-08-23T19:28:52Z,2026-08-23T21:28:52+0200,4d5ff379-624b-468c-8e0f-14ae085ed6a5,2026-08-09T10:30:00Z,2026-08-09T12:30:00+0200,150.39,MW,FR,FR,forecast_offshore_wind_generation,Wind Offshore,2026-08-23T19:31:05Z
2026-08-23T19:28:52Z,2026-08-23T21:28:52+0200,4d5ff379-624b-468c-8e0f-14ae085ed6a5,2026-08-09T10:45:00Z,2026-08-09T12:45:00+0200,159.29001,MW,FR,FR,forecast_offshore_wind_generation,Wind Offshore,2026-08-23T19:31:05Z
2026-08-23T19:28:52Z,2026-08-23T21:28:52+0200,4d5ff379-624b-468c-8e0f-14ae085ed6a5,2026-08-09T11:00:00Z,2026-08-09T13:00:00+0200,168.19,MW,FR,FR,forecast_offshore_wind_generation,Wind Offshore,2026-08-23T19:31:05Z
2026-08-23T19:28:52Z,2026-08-23T21:28:52+0200,4d5ff379-624b-468c-8e0f-14ae085ed6a5,2026-08-09T11:15:00Z,2026-08-09T13:15:00+0200,193.40001,MW,FR,FR,forecast_offshore_wind_generation,Wind Offshore,2026-08-23T19:31:05Z
2026-08-23T19:28:52Z,2026-08-23T21:28:52+0200,4d5ff379-624b-468c-8e0f-14ae085ed6a5,2026-08-09T11:30:00Z,2026-08-09T13:30:00+0200,75.78,MW,FR,FR,forecast_offshore_wind_generation,Wind Offshore,2026-08-23T19:31:05Z
2026-08-23T19:28:52Z,2026-08-23T21:28:52+0200,4d5ff379-624b-468c-8e0f-14ae085ed6a5,2026-08-09T11:45:00Z,2026-08-09T13:45:00+0200,76.72,MW,FR,FR,forecast_offshore_wind_generation,Wind Offshore,2026-08-23T19:31:05Z
2026-08-23T19:28:52Z,2026-08-23T21:28:52+0200,4d5ff379-624b-468c-8e0f-14ae085ed6a5,2026-08-09T12:00:00Z,2026-08-09T14:00:00+0200,77.68,MW,FR,FR,forecast_offshore_wind_generation,Wind Offshore,2026-08-23T19:31:05Z
2026-08-23T19:28:52Z,2026-08-23T21:28:52+0200,4d5ff379-624b-468c-8e0f-14ae085ed6a5,2026-08-09T12:15:00Z,2026-08-09T14:15:00+0200,288.44998,MW,FR,FR,forecast_offshore_wind_generation,Wind Offshore,2026-08-23T19:31:05Z
2026-08-23T19:28:52Z,2026-08-23T21:28:52+0200,4d5ff379-624b-468c-8e0f-14ae085ed6a5,2026-08-09T12:30:00Z,2026-08-09T14:30:00+0200,307.81,MW,FR,FR,forecast_offshore_wind_generation,Wind Offshore,2026-08-23T19:31:05Z
2026-08-23T19:28:52Z,2026-08-23T21:28:52+0200,4d5ff379-624b-468c-8e0f-14ae085ed6a5,2026-08-09T12:45:00Z,2026-08-09T14:45:00+0200,327.16,MW,FR,FR,forecast_offshore_wind_generation,Wind Offshore,2026-08-23T19:31:05Z
2026-08-23T19:28:52Z,2026-08-23T21:28:52+0200,4d5ff379-624b-468c-8e0f-14ae085ed6a5,2026-08-09T13:00:00Z,2026-08-09T15:00:00+0200,346.52002,MW,FR,FR,forecast_offshore_wind_generation,Wind Offshore,2026-08-23T19:31:05Z
2026-08-23T19:28:52Z,2026-08-23T21:28:52+0200,4d5ff379-624b-468c-8e0f-14ae085ed6a5,2026-08-09T13:15:00Z,2026-08-09T15:15:00+0200,366.48001,MW,FR,FR,forecast_offshore_wind_generation,Wind Offshore,2026-08-23T19:31:05Z
2026-08-23T19:28:52Z,2026-08-23T21:28:52+0200,4d5ff379-624b-468c-8e0f-14ae085ed6a5,2026-08-09T13:30:00Z,2026-08-09T15:30:00+0200,386.46997,MW,FR,FR,forecast_offshore_wind_generation,Wind Offshore,2026-08-23T19:31:05Z
2026-08-23T19:28:52Z,2026-08-23T21:28:52+0200,4d5ff379-624b-468c-8e0f-14ae085ed6a5,2026-08-09T13:45:00Z,2026-08-09T15:45:00+0200,406.44998,MW,FR,FR,forecast_offshore_wind_generation,Wind Offshore,2026-08-23T19:31:05Z
2026-08-23T19:28:52Z,2026-08-23T21:28:52+0200,4d5ff379-624b-468c-8e0f-14ae085ed6a5,2026-08-09T14:00:00Z,2026-08-09T16:00:00+0200,426.41,MW,FR,FR,forecast_offshore_wind_generation,Wind Offshore,2026-08-23T19:31:05Z
2026-08-23T19:28:52Z,2026-08-23T21:28:52+0200,4d5ff379-624b-468c-8e0f-14ae085ed6a5,2026-08-09T14:15:00Z,2026-08-09T16:15:00+0200,443.37,MW,FR,FR,forecast_offshore_wind_generation,Wind Offshore,2026-08-23T19:31:05Z
2026-08-23T19:28:52Z,2026-08-23T21:28:52+0200,4d5ff379-624b-468c-8e0f-14ae085ed6a5,2026-08-09T14:30:00Z,2026-08-09T16:30:00+0200,460.32996,MW,FR,FR,forecast_offshore_wind_generation,Wind Offshore,2026-08-23T19:31:05Z
2026-08-23T19:28:52Z,2026-08-23T21:28:52+0200,4d5ff379-624b-468c-8e0f-14ae085ed6a5,2026-08-09T14:45:00Z,2026-08-09T16:45:00+0200,477.28,MW,FR,FR,forecast_offshore_wind_generation,Wind Offshore,2026-08-23T19:31:05Z
2026-08-23T19:28:52Z,2026-08-23T21:28:52+0200,4d5ff379-624b-468c-8e0f-14ae085ed6a5,2026-08-09T15:00:00Z,2026-08-09T17:00:00+0200,494.25,MW,FR,FR,forecast_offshore_wind_generation,Wind Offshore,2026-08-23T19:31:05Z
2026-08-23T19:28:52Z,2026-08-23T21:28:52+0200,4d5ff379-624b-468c-8e0f-14ae085ed6a5,2026-08-09T15:15:00Z,2026-08-09T17:15:00+0200,513.78003,MW,FR,FR,forecast_offshore_wind_generation,Wind Offshore,2026-08-23T19:31:05Z
2026-08-23T19:28:52Z,2026-08-23T21:28:52+0200,4d5ff379-624b-468c-8e0f-14ae085ed6a5,2026-08-09T15:30:00Z,2026-08-09T17:30:00+0200,533.28998,MW,FR,FR,forecast_offshore_wind_generation,Wind Offshore,2026-08-23T19:31:05Z
2026-08-23T19:28:52Z,2026-08-23T21:28:52+0200,4d5ff379-624b-468c-8e0f-14ae085ed6a5,2026-08-09T15:45:00Z,2026-08-09T17:45:00+0200,552.82996,MW,FR,FR,forecast_offshore_wind_generation,Wind Offshore,2026-08-23T19:31:05Z
2026-08-23T19:28:52Z,2026-08-23T21:28:52+0200,4d5ff379-624b-468c-8e0f-14ae085ed6a5,2026-08-09T16:00:00Z,2026-08-09T18:00:00+0200,572.36005,MW,FR,FR,forecast_offshore_wind_generation,Wind Offshore,2026-08-23T19:31:05Z
2026-08-23T19:28:52Z,2026-08-23T21:28:52+0200,4d5ff379-624b-468c-8e0f-14ae085ed6a5,2026-08-09T16:15:00Z,2026-08-09T18:15:00+0200,570.75,MW,FR,FR,forecast_offshore_wind_generation,Wind Offshore,2026-08-23T19:31:05Z
2026-08-23T19:28:52Z,2026-08-23T21:28:52+0200,4d5ff379-624b-468c-8e0f-14ae085ed6a5,2026-08-09T16:30:00Z,2026-08-09T18:30:00+0200,569.14001,MW,FR,FR,forecast_offshore_wind_generation,Wind Offshore,2026-08-23T19:31:05Z
2026-08-23T19:28:52Z,2026-08-23T21:28:52+0200,4d5ff379-624b-468c-8e0f-14ae085ed6a5,2026-08-09T16:45:00Z,2026-08-09T18:45:00+0200,567.52002,MW,FR,FR,forecast_offshore_wind_generation,Wind Offshore,2026-08-23T19:31:05Z
2026-08-23T19:28:52Z,2026-08-23T21:28:52+0200,4d5ff379-624b-468c-8e0f-14ae085ed6a5,2026-08-09T17:00:00Z,2026-08-09T19:00:00+0200,565.92004,MW,FR,FR,forecast_offshore_wind_generation,Wind Offshore,2026-08-23T19:31:05Z
2026-08-23T19:28:52Z,2026-08-23T21:28:52+0200,4d5ff379-624b-468c-8e0f-14ae085ed6a5,2026-08-09T17:15:00Z,2026-08-09T19:15:00+0200,574.34998,MW,FR,FR,forecast_offshore_wind_generation,Wind Offshore,2026-08-23T19:31:05Z
2026-08-23T19:28:52Z,2026-08-23T21:28:52+0200,4d5ff379-624b-468c-8e0f-14ae085ed6a5,2026-08-09T17:30:00Z,2026-08-09T19:30:00+0200,582.82001,MW,FR,FR,forecast_offshore_wind_generation,Wind Offshore,2026-08-23T19:31:05Z
2026-08-23T19:28:52Z,2026-08-23T21:28:52+0200,4d5ff379-624b-468c-8e0f-14ae085ed6a5,2026-08-09T17:45:00Z,2026-08-09T19:45:00+0200,591.25,MW,FR,FR,forecast_offshore_wind_generation,Wind Offshore,2026-08-23T19:31:05Z
2026-08-23T19:28:52Z,2026-08-23T21:28:52+0200,4d5ff379-624b-468c-8e0f-14ae085ed6a5,2026-08-09T18:00:00Z,2026-08-09T20:00:00+0200,599.69,MW,FR,FR,forecast_offshore_wind_generation,Wind Offshore,2026-08-23T19:31:05Z
2026-08-23T19:28:52Z,2026-08-23T21:28:52+0200,4d5ff379-624b-468c-8e0f-14ae085ed6a5,2026-08-09T18:15:00Z,2026-08-09T20:15:00+0200,615.76996,MW,FR,FR,forecast_offshore_wind_generation,Wind Offshore,2026-08-23T19:31:05Z
2026-08-23T19:28:52Z,2026-08-23T21:28:52+0200,4d5ff379-624b-468c-8e0f-14ae085ed6a5,2026-08-09T18:30:00Z,2026-08-09T20:30:00+0200,631.84998,MW,FR,FR,forecast_offshore_wind_generation,Wind Offshore,2026-08-23T19:31:05Z
2026-08-23T19:28:52Z,2026-08-23T21:28:52+0200,4d5ff379-624b-468c-8e0f-14ae085ed6a5,2026-08-09T18:45:00Z,2026-08-09T20:45:00+0200,647.91998,MW,FR,FR,forecast_offshore_wind_generation,Wind Offshore,2026-08-23T19:31:05Z
2026-08-23T19:28:52Z,2026-08-23T21:28:52+0200,4d5ff379-624b-468c-8e0f-14ae085ed6a5,2026-08-09T19:00:00Z,2026-08-09T21:00:00+0200,663.98999,MW,FR,FR,forecast_offshore_wind_generation,Wind Offshore,2026-08-23T19:31:05Z
2026-08-23T19:28:52Z,2026-08-23T21:28:52+0200,4d5ff379-624b-468c-8e0f-14ae085ed6a5,2026-08-09T19:15:00Z,2026-08-09T21:15:00+0200,645.01001,MW,FR,FR,forecast_offshore_wind_generation,Wind Offshore,2026-08-23T19:31:05Z
2026-08-23T19:28:52Z,2026-08-23T21:28:52+0200,4d5ff379-624b-468c-8e0f-14ae085ed6a5,2026-08-09T19:30:00Z,2026-08-09T21:30:00+0200,626.02002,MW,FR,FR,forecast_offshore_wind_generation,Wind Offshore,2026-08-23T19:31:05Z
2026-08-23T19:28:52Z,2026-08-23T21:28:52+0200,4d5ff379-624b-468c-8e0f-14ae085ed6a5,2026-08-09T19:45:00Z,2026-08-09T21:45:00+0200,607.04004,MW,FR,FR,forecast_offshore_wind_generation,Wind Offshore,2026-08-23T19:31:05Z
2026-08-23T19:28:52Z,2026-08-23T21:28:52+0200,4d5ff379-624b-468c-8e0f-14ae085ed6a5,2026-08-09T20:00:00Z,2026-08-09T22:00:00+0200,588.05994,MW,FR,FR,forecast_offshore_wind_generation,Wind Offshore,2026-08-23T19:31:05Z
2026-08-23T19:28:52Z,2026-08-23T21:28:52+0200,4d5ff379-624b-468c-8e0f-14ae085ed6a5,2026-08-09T20:15:00Z,2026-08-09T22:15:00+0200,594.54004,MW,FR,FR,forecast_offshore_wind_generation,Wind Offshore,2026-08-23T19:31:05Z
2026-08-23T19:28:52Z,2026-08-23T21:28:52+0200,4d5ff379-624b-468c-8e0f-14ae085ed6a5,2026-08-09T20:30:00Z,2026-08-09T22:30:00+0200,601.02997,MW,FR,FR,forecast_offshore_wind_generation,Wind Offshore,2026-08-23T19:31:05Z
2026-08-23T19:28:52Z,2026-08-23T21:28:52+0200,4d5ff379-624b-468c-8e0f-14ae085ed6a5,2026-08-09T20:45:00Z,2026-08-09T22:45:00+0200,607.51001,MW,FR,FR,forecast_offshore_wind_generation,Wind Offshore,2026-08-23T19:31:05Z
2026-08-23T19:28:52Z,2026-08-23T21:28:52+0200,4d5ff379-624b-468c-8e0f-14ae085ed6a5,2026-08-09T21:00:00Z,2026-08-09T23:00:00+0200,613.99994,MW,FR,FR,forecast_offshore_wind_generation,Wind Offshore,2026-08-23T19:31:05Z
2026-08-23T19:28:52Z,2026-08-23T21:28:52+0200,4d5ff379-624b-468c-8e0f-14ae085ed6a5,2026-08-09T21:15:00Z,2026-08-09T23:15:00+0200,629.64001,MW,FR,FR,forecast_offshore_wind_generation,Wind Offshore,2026-08-23T19:31:05Z
2026-08-23T19:28:52Z,2026-08-23T21:28:52+0200,4d5ff379-624b-468c-8e0f-14ae085ed6a5,2026-08-09T21:30:00Z,2026-08-09T23:30:00+0200,645.26001,MW,FR,FR,forecast_offshore_wind_generation,Wind Offshore,2026-08-23T19:31:05Z
2026-08-23T19:28:52Z,2026-08-23T21:28:52+0200,4d5ff379-624b-468c-8e0f-14ae085ed6a5,2026-08-09T21:45:00Z,2026-08-09T23:45:00+0200,660.89001,MW,FR,FR,forecast_offshore_wind_generation,Wind Offshore,2026-08-23T19:31:05Z
2026-08-23T19:28:52Z,2026-08-23T21:28:52+0200,4d5ff379-624b-468c-8e0f-14ae085ed6a5,2026-08-09T22:00:00Z,2026-08-10T00:00:00+0200,690.71002,MW,FR,FR,forecast_offshore_wind_generation,Wind Offshore,2026-08-23T19:31:05Z
2026-08-23T19:28:52Z,2026-08-23T21:28:52+0200,4d5ff379-624b-468c-8e0f-14ae085ed6a5,2026-08-09T22:15:00Z,2026-08-10T00:15:00+0200,699.00995,MW,FR,FR,forecast_offshore_wind_generation,Wind Offshore,2026-08-23T19:31:05Z
2026-08-23T19:28:52Z,2026-08-23T21:28:52+0200,4d5ff379-624b-468c-8e0f-14ae085ed6a5,2026-08-09T22:30:00Z,2026-08-10T00:30:00+0200,707.29999,MW,FR,FR,forecast_offshore_wind_generation,Wind Offshore,2026-08-23T19:31:05Z
2026-08-23T19:28:52Z,2026-08-23T21:28:52+0200,4d5ff379-624b-468c-8e0f-14ae085ed6a5,2026-08-09T22:45:00Z,2026-08-10T00:45:00+0200,715.60004,MW,FR,FR,forecast_offshore_wind_generation,Wind Offshore,2026-08-23T19:31:05Z
2026-08-23T19:28:52Z,2026-08-23T21:28:52+0200,4d5ff379-624b-468c-8e0f-14ae085ed6a5,2026-08-09T23:00:00Z,2026-08-10T01:00:00+0200,723.90002,MW,FR,FR,forecast_offshore_wind_generation,Wind Offshore,2026-08-23T19:31:05Z
2026-08-23T19:28:52Z,2026-08-23T21:28:52+0200,4d5ff379-624b-468c-8e0f-14ae085ed6a5,2026-08-09T23:15:00Z,2026-08-10T01:15:00+0200,713.38,MW,FR,FR,forecast_offshore_wind_generation,Wind Offshore,2026-08-23T19:31:05Z
2026-08-23T19:28:52Z,2026-08-23T21:28:52+0200,4d5ff379-624b-468c-8e0f-14ae085ed6a5,2026-08-09T23:30:00Z,2026-08-10T01:30:00+0200,702.87006,MW,FR,FR,forecast_offshore_wind_generation,Wind Offshore,2026-08-23T19:31:05Z
2026-08-23T19:28:52Z,2026-08-23T21:28:52+0200,4d5ff379-624b-468c-8e0f-14ae085ed6a5,2026-08-09T23:45:00Z,2026-08-10T01:45:00+0200,692.36005,MW,FR,FR,forecast_offshore_wind_generation,Wind Offshore,2026-08-23T19:31:05Z
2026-08-23T19:28:52Z,2026-08-23T21:28:52+0200,4d5ff379-624b-468c-8e0f-14ae085ed6a5,2026-08-10T00:00:00Z,2026-08-10T02:00:00+0200,681.85004,MW,FR,FR,forecast_offshore_wind_generation,Wind Offshore,2026-08-23T19:31:05Z
2026-08-23T19:28:52Z,2026-08-23T21:28:52+0200,4d5ff379-624b-468c-8e0f-14ae085ed6a5,2026-08-10T00:15:00Z,2026-08-10T02:15:00+0200,639.70001,MW,FR,FR,forecast_offshore_wind_generation,Wind Offshore,2026-08-23T19:31:05Z
2026-08-23T19:28:52Z,2026-08-23T21:28:52+0200,4d5ff379-624b-468c-8e0f-14ae085ed6a5,2026-08-10T00:30:00Z,2026-08-10T02:30:00+0200,597.53003,MW,FR,FR,forecast_offshore_wind_generation,Wind Offshore,2026-08-23T19:31:05Z
2026-08-23T19:28:52Z,2026-08-23T21:28:52+0200,4d5ff379-624b-468c-8e0f-14ae085ed6a5,2026-08-10T00:45:00Z,2026-08-10T02:45:00+0200,555.39001,MW,FR,FR,forecast_offshore_wind_generation,Wind Offshore,2026-08-23T19:31:05Z
2026-08-23T19:28:52Z,2026-08-23T21:28:52+0200,4d5ff379-624b-468c-8e0f-14ae085ed6a5,2026-08-10T01:00:00Z,2026-08-10T03:00:00+0200,513.23999,MW,FR,FR,forecast_offshore_wind_generation,Wind Offshore,2026-08-23T19:31:05Z
2026-08-23T19:28:52Z,2026-08-23T21:28:52+0200,4d5ff379-624b-468c-8e0f-14ae085ed6a5,2026-08-10T01:15:00Z,2026-08-10T03:15:00+0200,484.76001,MW,FR,FR,forecast_offshore_wind_generation,Wind Offshore,2026-08-23T19:31:05Z
2026-08-23T19:28:52Z,2026-08-23T21:28:52+0200,4d5ff379-624b-468c-8e0f-14ae085ed6a5,2026-08-10T01:30:00Z,2026-08-10T03:30:00+0200,456.28998,MW,FR,FR,forecast_offshore_wind_generation,Wind Offshore,2026-08-23T19:31:05Z
2026-08-23T19:28:52Z,2026-08-23T21:28:52+0200,4d5ff379-624b-468c-8e0f-14ae085ed6a5,2026-08-10T01:45:00Z,2026-08-10T03:45:00+0200,427.82004,MW,FR,FR,forecast_offshore_wind_generation,Wind Offshore,2026-08-23T19:31:05Z
2026-08-23T19:28:52Z,2026-08-23T21:28:52+0200,4d5ff379-624b-468c-8e0f-14ae085ed6a5,2026-08-10T02:00:00Z,2026-08-10T04:00:00+0200,399.34998,MW,FR,FR,forecast_offshore_wind_generation,Wind Offshore,2026-08-23T19:31:05Z
2026-08-23T19:28:52Z,2026-08-23T21:28:52+0200,4d5ff379-624b-468c-8e0f-14ae085ed6a5,2026-08-10T02:15:00Z,2026-08-10T04:15:00+0200,383.19,MW,FR,FR,forecast_offshore_wind_generation,Wind Offshore,2026-08-23T19:31:05Z
2026-08-23T19:28:52Z,2026-08-23T21:28:52+0200,4d5ff379-624b-468c-8e0f-14ae085ed6a5,2026-08-10T02:30:00Z,2026-08-10T04:30:00+0200,367.01999,MW,FR,FR,forecast_offshore_wind_generation,Wind Offshore,2026-08-23T19:31:05Z
2026-08-23T19:28:52Z,2026-08-23T21:28:52+0200,4d5ff379-624b-468c-8e0f-14ae085ed6a5,2026-08-10T02:45:00Z,2026-08-10T04:45:00+0200,350.84998,MW,FR,FR,forecast_offshore_wind_generation,Wind Offshore,2026-08-23T19:31:05Z
2026-08-23T19:28:52Z,2026-08-23T21:28:52+0200,4d5ff379-624b-468c-8e0f-14ae085ed6a5,2026-08-10T03:00:00Z,2026-08-10T05:00:00+0200,334.70001,MW,FR,FR,forecast_offshore_wind_generation,Wind Offshore,2026-08-23T19:31:05Z
2026-08-23T19:28:52Z,2026-08-23T21:28:52+0200,4d5ff379-624b-468c-8e0f-14ae085ed6a5,2026-08-10T03:15:00Z,2026-08-10T05:15:00+0200,332.85001,MW,FR,FR,forecast_offshore_wind_generation,Wind Offshore,2026-08-23T19:31:05Z
2026-08-23T19:28:52Z,2026-08-23T21:28:52+0200,4d5ff379-624b-468c-8e0f-14ae085ed6a5,2026-08-10T03:30:00Z,2026-08-10T05:30:00+0200,331.01001,MW,FR,FR,forecast_offshore_wind_generation,Wind Offshore,2026-08-23T19:31:05Z
2026-08-23T19:28:52Z,2026-08-23T21:28:52+0200,4d5ff379-624b-468c-8e0f-14ae085ed6a5,2026-08-10T03:45:00Z,2026-08-10T05:45:00+0200,329.14999,MW,FR,FR,forecast_offshore_wind_generation,Wind Offshore,2026-08-23T19:31:05Z
2026-08-23T19:28:52Z,2026-08-23T21:28:52+0200,4d5ff379-624b-468c-8e0f-14ae085ed6a5,2026-08-10T04:00:00Z,2026-08-10T06:00:00+0200,327.30002,MW,FR,FR,forecast_offshore_wind_generation,Wind Offshore,2026-08-23T19:31:05Z
2026-08-23T19:28:52Z,2026-08-23T21:28:52+0200,4d5ff379-624b-468c-8e0f-14ae085ed6a5,2026-08-10T04:15:00Z,2026-08-10T06:15:00+0200,328.53003,MW,FR,FR,forecast_offshore_wind_generation,Wind Offshore,2026-08-23T19:31:05Z
2026-08-23T19:28:52Z,2026-08-23T21:28:52+0200,4d5ff379-624b-468c-8e0f-14ae085ed6a5,2026-08-10T04:30:00Z,2026-08-10T06:30:00+0200,329.78003,MW,FR,FR,forecast_offshore_wind_generation,Wind Offshore,2026-08-23T19:31:05Z
2026-08-23T19:28:52Z,2026-08-23T21:28:52+0200,4d5ff379-624b-468c-8e0f-14ae085ed6a5,2026-08-10T04:45:00Z,2026-08-10T06:45:00+0200,331.0,MW,FR,FR,forecast_offshore_wind_generation,Wind Offshore,2026-08-23T19:31:05Z
2026-08-23T19:28:52Z,2026-08-23T21:28:52+0200,4d5ff379-624b-468c-8e0f-14ae085ed6a5,2026-08-10T05:00:00Z,2026-08-10T07:00:00+0200,332.23999,MW,FR,FR,forecast_offshore_wind_generation,Wind Offshore,2026-08-23T19:31:05Z
2026-08-23T19:28:52Z,2026-08-23T21:28:52+0200,4d5ff379-624b-468c-8e0f-14ae085ed6a5,2026-08-10T05:15:00Z,2026-08-10T07:15:00+0200,332.60001,MW,FR,FR,forecast_offshore_wind_generation,Wind Offshore,2026-08-23T19:31:05Z
2026-08-23T19:28:52Z,2026-08-23T21:28:52+0200,4d5ff379-624b-468c-8e0f-14ae085ed6a5,2026-08-10T05:30:00Z,2026-08-10T07:30:00+0200,332.98001,MW,FR,FR,forecast_offshore_wind_generation,Wind Offshore,2026-08-23T19:31:05Z
2026-08-23T19:28:52Z,2026-08-23T21:28:52+0200,4d5ff379-624b-468c-8e0f-14ae085ed6a5,2026-08-10T05:45:00Z,2026-08-10T07:45:00+0200,333.36002,MW,FR,FR,forecast_offshore_wind_generation,Wind Offshore,2026-08-23T19:31:05Z
2026-08-23T19:28:52Z,2026-08-23T21:28:52+0200,4d5ff379-624b-468c-8e0f-14ae085ed6a5,2026-08-10T06:00:00Z,2026-08-10T08:00:00+0200,333.73999,MW,FR,FR,forecast_offshore_wind_generation,Wind Offshore,2026-08-23T19:31:05Z
2026-08-23T19:28:52Z,2026-08-23T21:28:52+0200,4d5ff379-624b-468c-8e0f-14ae085ed6a5,2026-08-10T06:15:00Z,2026-08-10T08:15:00+0200,321.33002,MW,FR,FR,forecast_offshore_wind_generation,Wind Offshore,2026-08-23T19:31:05Z
2026-08-23T19:28:52Z,2026-08-23T21:28:52+0200,4d5ff379-624b-468c-8e0f-14ae085ed6a5,2026-08-10T06:30:00Z,2026-08-10T08:30:00+0200,308.91,MW,FR,FR,forecast_offshore_wind_generation,Wind Offshore,2026-08-23T19:31:05Z
2026-08-23T19:28:52Z,2026-08-23T21:28:52+0200,4d5ff379-624b-468c-8e0f-14ae085ed6a5,2026-08-10T06:45:00Z,2026-08-10T08:45:00+0200,296.5,MW,FR,FR,forecast_offshore_wind_generation,Wind Offshore,2026-08-23T19:31:05Z
2026-08-23T19:28:52Z,2026-08-23T21:28:52+0200,4d5ff379-624b-468c-8e0f-14ae085ed6a5,2026-08-10T07:00:00Z,2026-08-10T09:00:00+0200,284.10001,MW,FR,FR,forecast_offshore_wind_generation,Wind Offshore,2026-08-23T19:31:05Z
2026-08-23T19:28:52Z,2026-08-23T21:28:52+0200,4d5ff379-624b-468c-8e0f-14ae085ed6a5,2026-08-10T07:15:00Z,2026-08-10T09:15:00+0200,255.47,MW,FR,FR,forecast_offshore_wind_generation,Wind Offshore,2026-08-23T19:31:05Z
2026-08-23T19:28:52Z,2026-08-23T21:28:52+0200,4d5ff379-624b-468c-8e0f-14ae085ed6a5,2026-08-10T07:30:00Z,2026-08-10T09:30:00+0200,226.83002,MW,FR,FR,forecast_offshore_wind_generation,Wind Offshore,2026-08-23T19:31:05Z
2026-08-23T19:28:52Z,2026-08-23T21:28:52+0200,4d5ff379-624b-468c-8e0f-14ae085ed6a5,2026-08-10T07:45:00Z,2026-08-10T09:45:00+0200,198.2,MW,FR,FR,forecast_offshore_wind_generation,Wind Offshore,2026-08-23T19:31:05Z
2026-08-23T19:28:52Z,2026-08-23T21:28:52+0200,4d5ff379-624b-468c-8e0f-14ae085ed6a5,2026-08-10T08:00:00Z,2026-08-10T10:00:00+0200,169.58,MW,FR,FR,forecast_offshore_wind_generation,Wind Offshore,2026-08-23T19:31:05Z
2026-08-23T19:28:52Z,2026-08-23T21:28:52+0200,4d5ff379-624b-468c-8e0f-14ae085ed6a5,2026-08-10T08:15:00Z,2026-08-10T10:15:00+0200,159.67,MW,FR,FR,forecast_offshore_wind_generation,Wind Offshore,2026-08-23T19:31:05Z
2026-08-23T19:28:52Z,2026-08-23T21:28:52+0200,4d5ff379-624b-468c-8e0f-14ae085ed6a5,2026-08-10T08:30:00Z,2026-08-10T10:30:00+0200,149.76999,MW,FR,FR,forecast_offshore_wind_generation,Wind Offshore,2026-08-23T19:31:05Z
2026-08-23T19:28:52Z,2026-08-23T21:28:52+0200,4d5ff379-624b-468c-8e0f-14ae085ed6a5,2026-08-10T08:45:00Z,2026-08-10T10:45:00+0200,139.86,MW,FR,FR,forecast_offshore_wind_generation,Wind Offshore,2026-08-23T19:31:05Z
2026-08-23T19:28:52Z,2026-08-23T21:28:52+0200,4d5ff379-624b-468c-8e0f-14ae085ed6a5,2026-08-10T09:00:00Z,2026-08-10T11:00:00+0200,129.95001,MW,FR,FR,forecast_offshore_wind_generation,Wind Offshore,2026-08-23T19:31:05Z
2026-08-23T19:28:52Z,2026-08-23T21:28:52+0200,4d5ff379-624b-468c-8e0f-14ae085ed6a5,2026-08-10T09:15:00Z,2026-08-10T11:15:00+0200,134.09,MW,FR,FR,forecast_offshore_wind_generation,Wind Offshore,2026-08-23T19:31:05Z
2026-08-23T19:28:52Z,2026-08-23T21:28:52+0200,4d5ff379-624b-468c-8e0f-14ae085ed6a5,2026-08-10T09:30:00Z,2026-08-10T11:30:00+0200,138.22,MW,FR,FR,forecast_offshore_wind_generation,Wind Offshore,2026-08-23T19:31:05Z
2026-08-23T19:28:52Z,2026-08-23T21:28:52+0200,4d5ff379-624b-468c-8e0f-14ae085ed6a5,2026-08-10T09:45:00Z,2026-08-10T11:45:00+0200,142.36,MW,FR,FR,forecast_offshore_wind_generation,Wind Offshore,2026-08-23T19:31:05Z
2026-08-23T19:28:52Z,2026-08-23T21:28:52+0200,4d5ff379-624b-468c-8e0f-14ae085ed6a5,2026-08-10T10:00:00Z,2026-08-10T12:00:00+0200,146.5,MW,FR,FR,forecast_offshore_wind_generation,Wind Offshore,2026-08-23T19:31:05Z
2026-08-23T19:28:52Z,2026-08-23T21:28:52+0200,4d5ff379-624b-468c-8e0f-14ae085ed6a5,2026-08-10T10:15:00Z,2026-08-10T12:15:00+0200,144.61,MW,FR,FR,forecast_offshore_wind_generation,Wind Offshore,2026-08-23T19:31:05Z
2026-08-23T19:28:52Z,2026-08-23T21:28:52+0200,4d5ff379-624b-468c-8e0f-14ae085ed6a5,2026-08-10T10:30:00Z,2026-08-10T12:30:00+0200,142.72,MW,FR,FR,forecast_offshore_wind_generation,Wind Offshore,2026-08-23T19:31:05Z
2026-08-23T19:28:52Z,2026-08-23T21:28:52+0200,4d5ff379-624b-468c-8e0f-14ae085ed6a5,2026-08-10T10:45:00Z,2026-08-10T12:45:00+0200,140.86,MW,FR,FR,forecast_offshore_wind_generation,Wind Offshore,2026-08-23T19:31:05Z
2026-08-23T19:28:52Z,2026-08-23T21:28:52+0200,4d5ff379-624b-468c-8e0f-14ae085ed6a5,2026-08-10T11:00:00Z,2026-08-10T13:00:00+0200,139.08,MW,FR,FR,forecast_offshore_wind_generation,Wind Offshore,2026-08-23T19:31:05Z
2026-08-23T19:28:52Z,2026-08-23T21:28:52+0200,4d5ff379-624b-468c-8e0f-14ae085ed6a5,2026-08-10T11:15:00Z,2026-08-10T13:15:00+0200,143.51001,MW,FR,FR,forecast_offshore_wind_generation,Wind Offshore,2026-08-23T19:31:05Z
2026-08-23T19:28:52Z,2026-08-23T21:28:52+0200,4d5ff379-624b-468c-8e0f-14ae085ed6a5,2026-08-10T11:30:00Z,2026-08-10T13:30:00+0200,147.94,MW,FR,FR,forecast_offshore_wind_generation,Wind Offshore,2026-08-23T19:31:05Z
2026-08-23T19:28:52Z,2026-08-23T21:28:52+0200,4d5ff379-624b-468c-8e0f-14ae085ed6a5,2026-08-10T11:45:00Z,2026-08-10T13:45:00+0200,152.38,MW,FR,FR,forecast_offshore_wind_generation,Wind Offshore,2026-08-23T19:31:05Z
2026-08-23T19:28:52Z,2026-08-23T21:28:52+0200,4d5ff379-624b-468c-8e0f-14ae085ed6a5,2026-08-10T12:00:00Z,2026-08-10T14:00:00+0200,156.80002,MW,FR,FR,forecast_offshore_wind_generation,Wind Offshore,2026-08-23T19:31:05Z
2026-08-23T19:28:52Z,2026-08-23T21:28:52+0200,4d5ff379-624b-468c-8e0f-14ae085ed6a5,2026-08-10T12:15:00Z,2026-08-10T14:15:00+0200,163.85001,MW,FR,FR,forecast_offshore_wind_generation,Wind Offshore,2026-08-23T19:31:05Z
2026-08-23T19:28:52Z,2026-08-23T21:28:52+0200,4d5ff379-624b-468c-8e0f-14ae085ed6a5,2026-08-10T12:30:00Z,2026-08-10T14:30:00+0200,170.89001,MW,FR,FR,forecast_offshore_wind_generation,Wind Offshore,2026-08-23T19:31:05Z
2026-08-23T19:28:52Z,2026-08-23T21:28:52+0200,4d5ff379-624b-468c-8e0f-14ae085ed6a5,2026-08-10T12:45:00Z,2026-08-10T14:45:00+0200,177.93001,MW,FR,FR,forecast_offshore_wind_generation,Wind Offshore,2026-08-23T19:31:05Z
2026-08-23T19:28:52Z,2026-08-23T21:28:52+0200,4d5ff379-624b-468c-8e0f-14ae085ed6a5,2026-08-10T13:00:00Z,2026-08-10T15:00:00+0200,184.95999,MW,FR,FR,forecast_offshore_wind_generation,Wind Offshore,2026-08-23T19:31:05Z
2026-08-23T19:28:52Z,2026-08-23T21:28:52+0200,4d5ff379-624b-468c-8e0f-14ae085ed6a5,2026-08-10T13:15:00Z,2026-08-10T15:15:00+0200,191.95999,MW,FR,FR,forecast_offshore_wind_generation,Wind Offshore,2026-08-23T19:31:05Z
2026-08-23T19:28:52Z,2026-08-23T21:28:52+0200,4d5ff379-624b-468c-8e0f-14ae085ed6a5,2026-08-10T13:30:00Z,2026-08-10T15:30:00+0200,198.96999,MW,FR,FR,forecast_offshore_wind_generation,Wind Offshore,2026-08-23T19:31:05Z
2026-08-23T19:28:52Z,2026-08-23T21:28:52+0200,4d5ff379-624b-468c-8e0f-14ae085ed6a5,2026-08-10T13:45:00Z,2026-08-10T15:45:00+0200,205.97,MW,FR,FR,forecast_offshore_wind_generation,Wind Offshore,2026-08-23T19:31:05Z
2026-08-23T19:28:52Z,2026-08-23T21:28:52+0200,4d5ff379-624b-468c-8e0f-14ae085ed6a5,2026-08-10T14:00:00Z,2026-08-10T16:00:00+0200,212.98001,MW,FR,FR,forecast_offshore_wind_generation,Wind Offshore,2026-08-23T19:31:05Z
2026-08-23T19:28:52Z,2026-08-23T21:28:52+0200,4d5ff379-624b-468c-8e0f-14ae085ed6a5,2026-08-10T14:15:00Z,2026-08-10T16:15:00+0200,228.72,MW,FR,FR,forecast_offshore_wind_generation,Wind Offshore,2026-08-23T19:31:05Z
2026-08-23T19:28:52Z,2026-08-23T21:28:52+0200,4d5ff379-624b-468c-8e0f-14ae085ed6a5,2026-08-10T14:30:00Z,2026-08-10T16:30:00+0200,244.47,MW,FR,FR,forecast_offshore_wind_generation,Wind Offshore,2026-08-23T19:31:05Z
2026-08-23T19:28:52Z,2026-08-23T21:28:52+0200,4d5ff379-624b-468c-8e0f-14ae085ed6a5,2026-08-10T14:45:00Z,2026-08-10T16:45:00+0200,260.23001,MW,FR,FR,forecast_offshore_wind_generation,Wind Offshore,2026-08-23T19:31:05Z
2026-08-23T19:28:52Z,2026-08-23T21:28:52+0200,4d5ff379-624b-468c-8e0f-14ae085ed6a5,2026-08-10T15:00:00Z,2026-08-10T17:00:00+0200,275.96002,MW,FR,FR,forecast_offshore_wind_generation,Wind Offshore,2026-08-23T19:31:05Z
2026-08-23T19:28:52Z,2026-08-23T21:28:52+0200,4d5ff379-624b-468c-8e0f-14ae085ed6a5,2026-08-10T15:15:00Z,2026-08-10T17:15:00+0200,301.66,MW,FR,FR,forecast_offshore_wind_generation,Wind Offshore,2026-08-23T19:31:05Z
2026-08-23T19:28:52Z,2026-08-23T21:28:52+0200,4d5ff379-624b-468c-8e0f-14ae085ed6a5,2026-08-10T15:30:00Z,2026-08-10T17:30:00+0200,327.34998,MW,FR,FR,forecast_offshore_wind_generation,Wind Offshore,2026-08-23T19:31:05Z
2026-08-23T19:28:52Z,2026-08-23T21:28:52+0200,4d5ff379-624b-468c-8e0f-14ae085ed6a5,2026-08-10T15:45:00Z,2026-08-10T17:45:00+0200,353.03,MW,FR,FR,forecast_offshore_wind_generation,Wind Offshore,2026-08-23T19:31:05Z
2026-08-23T19:28:52Z,2026-08-23T21:28:52+0200,4d5ff379-624b-468c-8e0f-14ae085ed6a5,2026-08-10T16:00:00Z,2026-08-10T18:00:00+0200,378.72,MW,FR,FR,forecast_offshore_wind_generation,Wind Offshore,2026-08-23T19:31:05Z
2026-08-23T19:28:52Z,2026-08-23T21:28:52+0200,4d5ff379-624b-468c-8e0f-14ae085ed6a5,2026-08-10T16:15:00Z,2026-08-10T18:15:00+0200,397.89996,MW,FR,FR,forecast_offshore_wind_generation,Wind Offshore,2026-08-23T19:31:05Z
2026-08-23T19:28:52Z,2026-08-23T21:28:52+0200,4d5ff379-624b-468c-8e0f-14ae085ed6a5,2026-08-10T16:30:00Z,2026-08-10T18:30:00+0200,417.07001,MW,FR,FR,forecast_offshore_wind_generation,Wind Offshore,2026-08-23T19:31:05Z
2026-08-23T19:28:52Z,2026-08-23T21:28:52+0200,4d5ff379-624b-468c-8e0f-14ae085ed6a5,2026-08-10T16:45:00Z,2026-08-10T18:45:00+0200,436.24002,MW,FR,FR,forecast_offshore_wind_generation,Wind Offshore,2026-08-23T19:31:05Z
2026-08-23T19:28:52Z,2026-08-23T21:28:52+0200,4d5ff379-624b-468c-8e0f-14ae085ed6a5,2026-08-10T17:00:00Z,2026-08-10T19:00:00+0200,455.41,MW,FR,FR,forecast_offshore_wind_generation,Wind Offshore,2026-08-23T19:31:05Z
2026-08-23T19:28:52Z,2026-08-23T21:28:52+0200,4d5ff379-624b-468c-8e0f-14ae085ed6a5,2026-08-10T17:15:00Z,2026-08-10T19:15:00+0200,461.87,MW,FR,FR,forecast_offshore_wind_generation,Wind Offshore,2026-08-23T19:31:05Z
2026-08-23T19:28:52Z,2026-08-23T21:28:52+0200,4d5ff379-624b-468c-8e0f-14ae085ed6a5,2026-08-10T17:30:00Z,2026-08-10T19:30:00+0200,468.34,MW,FR,FR,forecast_offshore_wind_generation,Wind Offshore,2026-08-23T19:31:05Z
2026-08-23T19:28:52Z,2026-08-23T21:28:52+0200,4d5ff379-624b-468c-8e0f-14ae085ed6a5,2026-08-10T17:45:00Z,2026-08-10T19:45:00+0200,474.89001,MW,FR,FR,forecast_offshore_wind_generation,Wind Offshore,2026-08-23T19:31:05Z
2026-08-23T19:28:52Z,2026-08-23T21:28:52+0200,4d5ff379-624b-468c-8e0f-14ae085ed6a5,2026-08-10T18:00:00Z,2026-08-10T20:00:00+0200,481.54001,MW,FR,FR,forecast_offshore_wind_generation,Wind Offshore,2026-08-23T19:31:05Z
2026-08-23T19:28:52Z,2026-08-23T21:28:52+0200,4d5ff379-624b-468c-8e0f-14ae085ed6a5,2026-08-10T18:15:00Z,2026-08-10T20:15:00+0200,498.96002,MW,FR,FR,forecast_offshore_wind_generation,Wind Offshore,2026-08-23T19:31:05Z
2026-08-23T19:28:52Z,2026-08-23T21:28:52+0200,4d5ff379-624b-468c-8e0f-14ae085ed6a5,2026-08-10T18:30:00Z,2026-08-10T20:30:00+0200,516.37,MW,FR,FR,forecast_offshore_wind_generation,Wind Offshore,2026-08-23T19:31:05Z
2026-08-23T19:28:52Z,2026-08-23T21:28:52+0200,4d5ff379-624b-468c-8e0f-14ae085ed6a5,2026-08-10T18:45:00Z,2026-08-10T20:45:00+0200,533.94006,MW,FR,FR,forecast_offshore_wind_generation,Wind Offshore,2026-08-23T19:31:05Z
2026-08-23T19:28:52Z,2026-08-23T21:28:52+0200,4d5ff379-624b-468c-8e0f-14ae085ed6a5,2026-08-10T19:00:00Z,2026-08-10T21:00:00+0200,551.51001,MW,FR,FR,forecast_offshore_wind_generation,Wind Offshore,2026-08-23T19:31:05Z
2026-08-23T19:28:52Z,2026-08-23T21:28:52+0200,4d5ff379-624b-468c-8e0f-14ae085ed6a5,2026-08-10T19:15:00Z,2026-08-10T21:15:00+0200,576.54999,MW,FR,FR,forecast_offshore_wind_generation,Wind Offshore,2026-08-23T19:31:05Z
2026-08-23T19:28:52Z,2026-08-23T21:28:52+0200,4d5ff379-624b-468c-8e0f-14ae085ed6a5,2026-08-10T19:30:00Z,2026-08-10T21:30:00+0200,601.58002,MW,FR,FR,forecast_offshore_wind_generation,Wind Offshore,2026-08-23T19:31:05Z
2026-08-23T19:28:52Z,2026-08-23T21:28:52+0200,4d5ff379-624b-468c-8e0f-14ae085ed6a5,2026-08-10T19:45:00Z,2026-08-10T21:45:00+0200,626.63,MW,FR,FR,forecast_offshore_wind_generation,Wind Offshore,2026-08-23T19:31:05Z
2026-08-23T19:28:52Z,2026-08-23T21:28:52+0200,4d5ff379-624b-468c-8e0f-14ae085ed6a5,2026-08-10T20:00:00Z,2026-08-10T22:00:00+0200,651.66998,MW,FR,FR,forecast_offshore_wind_generation,Wind Offshore,2026-08-23T19:31:05Z
2026-08-23T19:28:52Z,2026-08-23T21:28:52+0200,4d5ff379-624b-468c-8e0f-14ae085ed6a5,2026-08-10T20:15:00Z,2026-08-10T22:15:00+0200,690.26001,MW,FR,FR,forecast_offshore_wind_generation,Wind Offshore,2026-08-23T19:31:05Z
2026-08-23T19:28:52Z,2026-08-23T21:28:52+0200,4d5ff379-624b-468c-8e0f-14ae085ed6a5,2026-08-10T20:30:00Z,2026-08-10T22:30:00+0200,728.84998,MW,FR,FR,forecast_offshore_wind_generation,Wind Offshore,2026-08-23T19:31:05Z
2026-08-23T19:28:52Z,2026-08-23T21:28:52+0200,4d5ff379-624b-468c-8e0f-14ae085ed6a5,2026-08-10T20:45:00Z,2026-08-10T22:45:00+0200,767.45001,MW,FR,FR,forecast_offshore_wind_generation,Wind Offshore,2026-08-23T19:31:05Z
2026-08-23T19:28:52Z,2026-08-23T21:28:52+0200,4d5ff379-624b-468c-8e0f-14ae085ed6a5,2026-08-10T21:00:00Z,2026-08-10T23:00:00+0200,806.04999,MW,FR,FR,forecast_offshore_wind_generation,Wind Offshore,2026-08-23T19:31:05Z
2026-08-23T19:28:52Z,2026-08-23T21:28:52+0200,4d5ff379-624b-468c-8e0f-14ae085ed6a5,2026-08-10T21:15:00Z,2026-08-10T23:15:00+0200,825.84998,MW,FR,FR,forecast_offshore_wind_generation,Wind Offshore,2026-08-23T19:31:05Z
2026-08-23T19:28:52Z,2026-08-23T21:28:52+0200,4d5ff379-624b-468c-8e0f-14ae085ed6a5,2026-08-10T21:30:00Z,2026-08-10T23:30:00+0200,845.62994,MW,FR,FR,forecast_offshore_wind_generation,Wind Offshore,2026-08-23T19:31:05Z
2026-08-23T19:28:52Z,2026-08-23T21:28:52+0200,4d5ff379-624b-468c-8e0f-14ae085ed6a5,2026-08-10T21:45:00Z,2026-08-10T23:45:00+0200,865.42004,MW,FR,FR,forecast_offshore_wind_generation,Wind Offshore,2026-08-23T19:31:05Z
2026-08-23T19:28:52Z,2026-08-23T21:28:52+0200,4d5ff379-624b-468c-8e0f-14ae085ed6a5,2026-08-10T22:00:00Z,2026-08-11T00:00:00+0200,894.22998,MW,FR,FR,forecast_offshore_wind_generation,Wind Offshore,2026-08-23T19:31:05Z
2026-08-23T19:28:52Z,2026-08-23T21:28:52+0200,4d5ff379-624b-468c-8e0f-14ae085ed6a5,2026-08-10T22:15:00Z,2026-08-11T00:15:00+0200,893.35999,MW,FR,FR,forecast_offshore_wind_generation,Wind Offshore,2026-08-23T19:31:05Z
2026-08-23T19:28:52Z,2026-08-23T21:28:52+0200,4d5ff379-624b-468c-8e0f-14ae085ed6a5,2026-08-10T22:30:00Z,2026-08-11T00:30:00+0200,892.48999,MW,FR,FR,forecast_offshore_wind_generation,Wind Offshore,2026-08-23T19:31:05Z
2026-08-23T19:28:52Z,2026-08-23T21:28:52+0200,4d5ff379-624b-468c-8e0f-14ae085ed6a5,2026-08-10T22:45:00Z,2026-08-11T00:45:00+0200,891.62,MW,FR,FR,forecast_offshore_wind_generation,Wind Offshore,2026-08-23T19:31:05Z
2026-08-23T19:28:52Z,2026-08-23T21:28:52+0200,4d5ff379-624b-468c-8e0f-14ae085ed6a5,2026-08-10T23:00:00Z,2026-08-11T01:00:00+0200,890.74005,MW,FR,FR,forecast_offshore_wind_generation,Wind Offshore,2026-08-23T19:31:05Z
2026-08-23T19:28:52Z,2026-08-23T21:28:52+0200,4d5ff379-624b-468c-8e0f-14ae085ed6a5,2026-08-10T23:15:00Z,2026-08-11T01:15:00+0200,884.94006,MW,FR,FR,forecast_offshore_wind_generation,Wind Offshore,2026-08-23T19:31:05Z
2026-08-23T19:28:52Z,2026-08-23T21:28:52+0200,4d5ff379-624b-468c-8e0f-14ae085ed6a5,2026-08-10T23:30:00Z,2026-08-11T01:30:00+0200,879.13995,MW,FR,FR,forecast_offshore_wind_generation,Wind Offshore,2026-08-23T19:31:05Z
2026-08-23T19:28:52Z,2026-08-23T21:28:52+0200,4d5ff379-624b-468c-8e0f-14ae085ed6a5,2026-08-10T23:45:00Z,2026-08-11T01:45:00+0200,873.33008,MW,FR,FR,forecast_offshore_wind_generation,Wind Offshore,2026-08-23T19:31:05Z
2026-08-23T19:28:52Z,2026-08-23T21:28:52+0200,4d5ff379-624b-468c-8e0f-14ae085ed6a5,2026-08-11T00:00:00Z,2026-08-11T02:00:00+0200,867.53003,MW,FR,FR,forecast_offshore_wind_generation,Wind Offshore,2026-08-23T19:31:05Z
2026-08-23T19:28:52Z,2026-08-23T21:28:52+0200,4d5ff379-624b-468c-8e0f-14ae085ed6a5,2026-08-11T00:15:00Z,2026-08-11T02:15:00+0200,860.70007,MW,FR,FR,forecast_offshore_wind_generation,Wind Offshore,2026-08-23T19:31:05Z
2026-08-23T19:28:52Z,2026-08-23T21:28:52+0200,4d5ff379-624b-468c-8e0f-14ae085ed6a5,2026-08-11T00:30:00Z,2026-08-11T02:30:00+0200,853.88995,MW,FR,FR,forecast_offshore_wind_generation,Wind Offshore,2026-08-23T19:31:05Z
2026-08-23T19:28:52Z,2026-08-23T21:28:52+0200,4d5ff379-624b-468c-8e0f-14ae085ed6a5,2026-08-11T00:45:00Z,2026-08-11T02:45:00+0200,847.07001,MW,FR,FR,forecast_offshore_wind_generation,Wind Offshore,2026-08-23T19:31:05Z
2026-08-23T19:28:52Z,2026-08-23T21:28:52+0200,4d5ff379-624b-468c-8e0f-14ae085ed6a5,2026-08-11T01:00:00Z,2026-08-11T03:00:00+0200,840.25,MW,FR,FR,forecast_offshore_wind_generation,Wind Offshore,2026-08-23T19:31:05Z
2026-08-23T19:28:52Z,2026-08-23T21:28:52+0200,4d5ff379-624b-468c-8e0f-14ae085ed6a5,2026-08-11T01:15:00Z,2026-08-11T03:15:00+0200,850.04004,MW,FR,FR,forecast_offshore_wind_generation,Wind Offshore,2026-08-23T19:31:05Z
2026-08-23T19:28:52Z,2026-08-23T21:28:52+0200,4d5ff379-624b-468c-8e0f-14ae085ed6a5,2026-08-11T01:30:00Z,2026-08-11T03:30:00+0200,859.84998,MW,FR,FR,forecast_offshore_wind_generation,Wind Offshore,2026-08-23T19:31:05Z
2026-08-23T19:28:52Z,2026-08-23T21:28:52+0200,4d5ff379-624b-468c-8e0f-14ae085ed6a5,2026-08-11T01:45:00Z,2026-08-11T03:45:00+0200,869.64001,MW,FR,FR,forecast_offshore_wind_generation,Wind Offshore,2026-08-23T19:31:05Z
2026-08-23T19:28:52Z,2026-08-23T21:28:52+0200,4d5ff379-624b-468c-8e0f-14ae085ed6a5,2026-08-11T02:00:00Z,2026-08-11T04:00:00+0200,879.43005,MW,FR,FR,forecast_offshore_wind_generation,Wind Offshore,2026-08-23T19:31:05Z
2026-08-23T19:28:52Z,2026-08-23T21:28:52+0200,4d5ff379-624b-468c-8e0f-14ae085ed6a5,2026-08-11T02:15:00Z,2026-08-11T04:15:00+0200,883.09003,MW,FR,FR,forecast_offshore_wind_generation,Wind Offshore,2026-08-23T19:31:05Z
2026-08-23T19:28:52Z,2026-08-23T21:28:52+0200,4d5ff379-624b-468c-8e0f-14ae085ed6a5,2026-08-11T02:30:00Z,2026-08-11T04:30:00+0200,886.76001,MW,FR,FR,forecast_offshore_wind_generation,Wind Offshore,2026-08-23T19:31:05Z
2026-08-23T19:28:52Z,2026-08-23T21:28:52+0200,4d5ff379-624b-468c-8e0f-14ae085ed6a5,2026-08-11T02:45:00Z,2026-08-11T04:45:00+0200,890.41003,MW,FR,FR,forecast_offshore_wind_generation,Wind Offshore,2026-08-23T19:31:05Z
2026-08-23T19:28:52Z,2026-08-23T21:28:52+0200,4d5ff379-624b-468c-8e0f-14ae085ed6a5,2026-08-11T03:00:00Z,2026-08-11T05:00:00+0200,894.07007,MW,FR,FR,forecast_offshore_wind_generation,Wind Offshore,2026-08-23T19:31:05Z
2026-08-23T19:28:52Z,2026-08-23T21:28:52+0200,4d5ff379-624b-468c-8e0f-14ae085ed6a5,2026-08-11T03:15:00Z,2026-08-11T05:15:00+0200,896.39001,MW,FR,FR,forecast_offshore_wind_generation,Wind Offshore,2026-08-23T19:31:05Z
2026-08-23T19:28:52Z,2026-08-23T21:28:52+0200,4d5ff379-624b-468c-8e0f-14ae085ed6a5,2026-08-11T03:30:00Z,2026-08-11T05:30:00+0200,898.75,MW,FR,FR,forecast_offshore_wind_generation,Wind Offshore,2026-08-23T19:31:05Z
2026-08-23T19:28:52Z,2026-08-23T21:28:52+0200,4d5ff379-624b-468c-8e0f-14ae085ed6a5,2026-08-11T03:45:00Z,2026-08-11T05:45:00+0200,901.09998,MW,FR,FR,forecast_offshore_wind_generation,Wind Offshore,2026-08-23T19:31:05Z
2026-08-23T19:28:52Z,2026-08-23T21:28:52+0200,4d5ff379-624b-468c-8e0f-14ae085ed6a5,2026-08-11T04:00:00Z,2026-08-11T06:00:00+0200,903.45996,MW,FR,FR,forecast_offshore_wind_generation,Wind Offshore,2026-08-23T19:31:05Z
2026-08-23T19:28:52Z,2026-08-23T21:28:52+0200,4d5ff379-624b-468c-8e0f-14ae085ed6a5,2026-08-11T04:15:00Z,2026-08-11T06:15:00+0200,904.95001,MW,FR,FR,forecast_offshore_wind_generation,Wind Offshore,2026-08-23T19:31:05Z
2026-08-23T19:28:52Z,2026-08-23T21:28:52+0200,4d5ff379-624b-468c-8e0f-14ae085ed6a5,2026-08-11T04:30:00Z,2026-08-11T06:30:00+0200,906.46997,MW,FR,FR,forecast_offshore_wind_generation,Wind Offshore,2026-08-23T19:31:05Z
2026-08-23T19:28:52Z,2026-08-23T21:28:52+0200,4d5ff379-624b-468c-8e0f-14ae085ed6a5,2026-08-11T04:45:00Z,2026-08-11T06:45:00+0200,907.96997,MW,FR,FR,forecast_offshore_wind_generation,Wind Offshore,2026-08-23T19:31:05Z
2026-08-23T19:28:52Z,2026-08-23T21:28:52+0200,4d5ff379-624b-468c-8e0f-14ae085ed6a5,2026-08-11T05:00:00Z,2026-08-11T07:00:00+0200,909.46002,MW,FR,FR,forecast_offshore_wind_generation,Wind Offshore,2026-08-23T19:31:05Z
2026-08-23T19:28:52Z,2026-08-23T21:28:52+0200,4d5ff379-624b-468c-8e0f-14ae085ed6a5,2026-08-11T05:15:00Z,2026-08-11T07:15:00+0200,884.08997,MW,FR,FR,forecast_offshore_wind_generation,Wind Offshore,2026-08-23T19:31:05Z
2026-08-23T19:28:52Z,2026-08-23T21:28:52+0200,4d5ff379-624b-468c-8e0f-14ae085ed6a5,2026-08-11T05:30:00Z,2026-08-11T07:30:00+0200,858.71002,MW,FR,FR,forecast_offshore_wind_generation,Wind Offshore,2026-08-23T19:31:05Z
2026-08-23T19:28:52Z,2026-08-23T21:28:52+0200,4d5ff379-624b-468c-8e0f-14ae085ed6a5,2026-08-11T05:45:00Z,2026-08-11T07:45:00+0200,833.32996,MW,FR,FR,forecast_offshore_wind_generation,Wind Offshore,2026-08-23T19:31:05Z
2026-08-23T19:28:52Z,2026-08-23T21:28:52+0200,4d5ff379-624b-468c-8e0f-14ae085ed6a5,2026-08-11T06:00:00Z,2026-08-11T08:00:00+0200,807.94,MW,FR,FR,forecast_offshore_wind_generation,Wind Offshore,2026-08-23T19:31:05Z
2026-08-23T19:28:52Z,2026-08-23T21:28:52+0200,4d5ff379-624b-468c-8e0f-14ae085ed6a5,2026-08-11T06:15:00Z,2026-08-11T08:15:00+0200,788.41003,MW,FR,FR,forecast_offshore_wind_generation,Wind Offshore,2026-08-23T19:31:05Z
2026-08-23T19:28:52Z,2026-08-23T21:28:52+0200,4d5ff379-624b-468c-8e0f-14ae085ed6a5,2026-08-11T06:30:00Z,2026-08-11T08:30:00+0200,768.84998,MW,FR,FR,forecast_offshore_wind_generation,Wind Offshore,2026-08-23T19:31:05Z
2026-08-23T19:28:52Z,2026-08-23T21:28:52+0200,4d5ff379-624b-468c-8e0f-14ae085ed6a5,2026-08-11T06:45:00Z,2026-08-11T08:45:00+0200,749.30005,MW,FR,FR,forecast_offshore_wind_generation,Wind Offshore,2026-08-23T19:31:05Z
2026-08-23T19:28:52Z,2026-08-23T21:28:52+0200,4d5ff379-624b-468c-8e0f-14ae085ed6a5,2026-08-11T07:00:00Z,2026-08-11T09:00:00+0200,729.76001,MW,FR,FR,forecast_offshore_wind_generation,Wind Offshore,2026-08-23T19:31:05Z
2026-08-23T19:28:52Z,2026-08-23T21:28:52+0200,4d5ff379-624b-468c-8e0f-14ae085ed6a5,2026-08-11T07:15:00Z,2026-08-11T09:15:00+0200,691.82996,MW,FR,FR,forecast_offshore_wind_generation,Wind Offshore,2026-08-23T19:31:05Z
2026-08-23T19:28:52Z,2026-08-23T21:28:52+0200,4d5ff379-624b-468c-8e0f-14ae085ed6a5,2026-08-11T07:30:00Z,2026-08-11T09:30:00+0200,653.90002,MW,FR,FR,forecast_offshore_wind_generation,Wind Offshore,2026-08-23T19:31:05Z
2026-08-23T19:28:52Z,2026-08-23T21:28:52+0200,4d5ff379-624b-468c-8e0f-14ae085ed6a5,2026-08-11T07:45:00Z,2026-08-11T09:45:00+0200,615.97998,MW,FR,FR,forecast_offshore_wind_generation,Wind Offshore,2026-08-23T19:31:05Z
2026-08-23T19:28:52Z,2026-08-23T21:28:52+0200,4d5ff379-624b-468c-8e0f-14ae085ed6a5,2026-08-11T08:00:00Z,2026-08-11T10:00:00+0200,578.04999,MW,FR,FR,forecast_offshore_wind_generation,Wind Offshore,2026-08-23T19:31:05Z
2026-08-23T19:28:52Z,2026-08-23T21:28:52+0200,4d5ff379-624b-468c-8e0f-14ae085ed6a5,2026-08-11T08:15:00Z,2026-08-11T10:15:00+0200,537.20001,MW,FR,FR,forecast_offshore_wind_generation,Wind Offshore,2026-08-23T19:31:05Z
2026-08-23T19:28:52Z,2026-08-23T21:28:52+0200,4d5ff379-624b-468c-8e0f-14ae085ed6a5,2026-08-11T08:30:00Z,2026-08-11T10:30:00+0200,496.35001,MW,FR,FR,forecast_offshore_wind_generation,Wind Offshore,2026-08-23T19:31:05Z
2026-08-23T19:28:52Z,2026-08-23T21:28:52+0200,4d5ff379-624b-468c-8e0f-14ae085ed6a5,2026-08-11T08:45:00Z,2026-08-11T10:45:00+0200,455.51001,MW,FR,FR,forecast_offshore_wind_generation,Wind Offshore,2026-08-23T19:31:05Z
2026-08-23T19:28:52Z,2026-08-23T21:28:52+0200,4d5ff379-624b-468c-8e0f-14ae085ed6a5,2026-08-11T09:00:00Z,2026-08-11T11:00:00+0200,414.66,MW,FR,FR,forecast_offshore_wind_generation,Wind Offshore,2026-08-23T19:31:05Z
2026-08-23T19:28:52Z,2026-08-23T21:28:52+0200,4d5ff379-624b-468c-8e0f-14ae085ed6a5,2026-08-11T09:15:00Z,2026-08-11T11:15:00+0200,397.17996,MW,FR,FR,forecast_offshore_wind_generation,Wind Offshore,2026-08-23T19:31:05Z
2026-08-23T19:28:52Z,2026-08-23T21:28:52+0200,4d5ff379-624b-468c-8e0f-14ae085ed6a5,2026-08-11T09:30:00Z,2026-08-11T11:30:00+0200,379.70001,MW,FR,FR,forecast_offshore_wind_generation,Wind Offshore,2026-08-23T19:31:05Z
2026-08-23T19:28:52Z,2026-08-23T21:28:52+0200,4d5ff379-624b-468c-8e0f-14ae085ed6a5,2026-08-11T09:45:00Z,2026-08-11T11:45:00+0200,362.23004,MW,FR,FR,forecast_offshore_wind_generation,Wind Offshore,2026-08-23T19:31:05Z
2026-08-23T19:28:52Z,2026-08-23T21:28:52+0200,4d5ff379-624b-468c-8e0f-14ae085ed6a5,2026-08-11T10:00:00Z,2026-08-11T12:00:00+0200,344.75,MW,FR,FR,forecast_offshore_wind_generation,Wind Offshore,2026-08-23T19:31:05Z
2026-08-23T19:28:52Z,2026-08-23T21:28:52+0200,4d5ff379-624b-468c-8e0f-14ae085ed6a5,2026-08-11T10:15:00Z,2026-08-11T12:15:00+0200,342.40997,MW,FR,FR,forecast_offshore_wind_generation,Wind Offshore,2026-08-23T19:31:05Z
2026-08-23T19:28:52Z,2026-08-23T21:28:52+0200,4d5ff379-624b-468c-8e0f-14ae085ed6a5,2026-08-11T10:30:00Z,2026-08-11T12:30:00+0200,340.07001,MW,FR,FR,forecast_offshore_wind_generation,Wind Offshore,2026-08-23T19:31:05Z
2026-08-23T19:28:52Z,2026-08-23T21:28:52+0200,4d5ff379-624b-468c-8e0f-14ae085ed6a5,2026-08-11T10:45:00Z,2026-08-11T12:45:00+0200,337.70999,MW,FR,FR,forecast_offshore_wind_generation,Wind Offshore,2026-08-23T19:31:05Z
2026-08-23T19:28:52Z,2026-08-23T21:28:52+0200,4d5ff379-624b-468c-8e0f-14ae085ed6a5,2026-08-11T11:00:00Z,2026-08-11T13:00:00+0200,335.37,MW,FR,FR,forecast_offshore_wind_generation,Wind Offshore,2026-08-23T19:31:05Z
2026-08-23T19:28:52Z,2026-08-23T21:28:52+0200,4d5ff379-624b-468c-8e0f-14ae085ed6a5,2026-08-11T11:15:00Z,2026-08-11T13:15:00+0200,337.98999,MW,FR,FR,forecast_offshore_wind_generation,Wind Offshore,2026-08-23T19:31:05Z
2026-08-23T19:28:52Z,2026-08-23T21:28:52+0200,4d5ff379-624b-468c-8e0f-14ae085ed6a5,2026-08-11T11:30:00Z,2026-08-11T13:30:00+0200,340.59003,MW,FR,FR,forecast_offshore_wind_generation,Wind Offshore,2026-08-23T19:31:05Z
2026-08-23T19:28:52Z,2026-08-23T21:28:52+0200,4d5ff379-624b-468c-8e0f-14ae085ed6a5,2026-08-11T11:45:00Z,2026-08-11T13:45:00+0200,343.20999,MW,FR,FR,forecast_offshore_wind_generation,Wind Offshore,2026-08-23T19:31:05Z
2026-08-23T19:28:52Z,2026-08-23T21:28:52+0200,4d5ff379-624b-468c-8e0f-14ae085ed6a5,2026-08-11T12:00:00Z,2026-08-11T14:00:00+0200,345.83002,MW,FR,FR,forecast_offshore_wind_generation,Wind Offshore,2026-08-23T19:31:05Z
2026-08-23T19:28:52Z,2026-08-23T21:28:52+0200,4d5ff379-624b-468c-8e0f-14ae085ed6a5,2026-08-11T12:15:00Z,2026-08-11T14:15:00+0200,349.99997,MW,FR,FR,forecast_offshore_wind_generation,Wind Offshore,2026-08-23T19:31:05Z
2026-08-23T19:28:52Z,2026-08-23T21:28:52+0200,4d5ff379-624b-468c-8e0f-14ae085ed6a5,2026-08-11T12:30:00Z,2026-08-11T14:30:00+0200,354.16998,MW,FR,FR,forecast_offshore_wind_generation,Wind Offshore,2026-08-23T19:31:05Z
2026-08-23T19:28:52Z,2026-08-23T21:28:52+0200,4d5ff379-624b-468c-8e0f-14ae085ed6a5,2026-08-11T12:45:00Z,2026-08-11T14:45:00+0200,358.34,MW,FR,FR,forecast_offshore_wind_generation,Wind Offshore,2026-08-23T19:31:05Z
2026-08-23T19:28:52Z,2026-08-23T21:28:52+0200,4d5ff379-624b-468c-8e0f-14ae085ed6a5,2026-08-11T13:00:00Z,2026-08-11T15:00:00+0200,362.51999,MW,FR,FR,forecast_offshore_wind_generation,Wind Offshore,2026-08-23T19:31:05Z
2026-08-23T19:28:52Z,2026-08-23T21:28:52+0200,4d5ff379-624b-468c-8e0f-14ae085ed6a5,2026-08-11T13:15:00Z,2026-08-11T15:15:00+0200,373.38,MW,FR,FR,forecast_offshore_wind_generation,Wind Offshore,2026-08-23T19:31:05Z
2026-08-23T19:28:52Z,2026-08-23T21:28:52+0200,4d5ff379-624b-468c-8e0f-14ae085ed6a5,2026-08-11T13:30:00Z,2026-08-11T15:30:00+0200,384.24997,MW,FR,FR,forecast_offshore_wind_generation,Wind Offshore,2026-08-23T19:31:05Z
2026-08-23T19:28:52Z,2026-08-23T21:28:52+0200,4d5ff379-624b-468c-8e0f-14ae085ed6a5,2026-08-11T13:45:00Z,2026-08-11T15:45:00+0200,395.10999,MW,FR,FR,forecast_offshore_wind_generation,Wind Offshore,2026-08-23T19:31:05Z
2026-08-23T19:28:52Z,2026-08-23T21:28:52+0200,4d5ff379-624b-468c-8e0f-14ae085ed6a5,2026-08-11T14:00:00Z,2026-08-11T16:00:00+0200,405.96002,MW,FR,FR,forecast_offshore_wind_generation,Wind Offshore,2026-08-23T19:31:05Z
2026-08-23T19:28:52Z,2026-08-23T21:28:52+0200,4d5ff379-624b-468c-8e0f-14ae085ed6a5,2026-08-11T14:15:00Z,2026-08-11T16:15:00+0200,419.91998,MW,FR,FR,forecast_offshore_wind_generation,Wind Offshore,2026-08-23T19:31:05Z
2026-08-23T19:28:52Z,2026-08-23T21:28:52+0200,4d5ff379-624b-468c-8e0f-14ae085ed6a5,2026-08-11T14:30:00Z,2026-08-11T16:30:00+0200,433.85999,MW,FR,FR,forecast_offshore_wind_generation,Wind Offshore,2026-08-23T19:31:05Z
2026-08-23T19:28:52Z,2026-08-23T21:28:52+0200,4d5ff379-624b-468c-8e0f-14ae085ed6a5,2026-08-11T14:45:00Z,2026-08-11T16:45:00+0200,447.81,MW,FR,FR,forecast_offshore_wind_generation,Wind Offshore,2026-08-23T19:31:05Z
2026-08-23T19:28:52Z,2026-08-23T21:28:52+0200,4d5ff379-624b-468c-8e0f-14ae085ed6a5,2026-08-11T15:00:00Z,2026-08-11T17:00:00+0200,461.74997,MW,FR,FR,forecast_offshore_wind_generation,Wind Offshore,2026-08-23T19:31:05Z
2026-08-23T19:28:52Z,2026-08-23T21:28:52+0200,4d5ff379-624b-468c-8e0f-14ae085ed6a5,2026-08-11T15:15:00Z,2026-08-11T17:15:00+0200,479.06,MW,FR,FR,forecast_offshore_wind_generation,Wind Offshore,2026-08-23T19:31:05Z
2026-08-23T19:28:52Z,2026-08-23T21:28:52+0200,4d5ff379-624b-468c-8e0f-14ae085ed6a5,2026-08-11T15:30:00Z,2026-08-11T17:30:00+0200,496.36002,MW,FR,FR,forecast_offshore_wind_generation,Wind Offshore,2026-08-23T19:31:05Z
2026-08-23T19:28:52Z,2026-08-23T21:28:52+0200,4d5ff379-624b-468c-8e0f-14ae085ed6a5,2026-08-11T15:45:00Z,2026-08-11T17:45:00+0200,513.64996,MW,FR,FR,forecast_offshore_wind_generation,Wind Offshore,2026-08-23T19:31:05Z
2026-08-23T19:28:52Z,2026-08-23T21:28:52+0200,4d5ff379-624b-468c-8e0f-14ae085ed6a5,2026-08-11T16:00:00Z,2026-08-11T18:00:00+0200,530.96002,MW,FR,FR,forecast_offshore_wind_generation,Wind Offshore,2026-08-23T19:31:05Z
2026-08-23T19:28:52Z,2026-08-23T21:28:52+0200,4d5ff379-624b-468c-8e0f-14ae085ed6a5,2026-08-11T16:15:00Z,2026-08-11T18:15:00+0200,544.75,MW,FR,FR,forecast_offshore_wind_generation,Wind Offshore,2026-08-23T19:31:05Z
2026-08-23T19:28:52Z,2026-08-23T21:28:52+0200,4d5ff379-624b-468c-8e0f-14ae085ed6a5,2026-08-11T16:30:00Z,2026-08-11T18:30:00+0200,558.53003,MW,FR,FR,forecast_offshore_wind_generation,Wind Offshore,2026-08-23T19:31:05Z
2026-08-23T19:28:52Z,2026-08-23T21:28:52+0200,4d5ff379-624b-468c-8e0f-14ae085ed6a5,2026-08-11T16:45:00Z,2026-08-11T18:45:00+0200,572.32001,MW,FR,FR,forecast_offshore_wind_generation,Wind Offshore,2026-08-23T19:31:05Z
2026-08-23T19:28:52Z,2026-08-23T21:28:52+0200,4d5ff379-624b-468c-8e0f-14ae085ed6a5,2026-08-11T17:00:00Z,2026-08-11T19:00:00+0200,586.09998,MW,FR,FR,forecast_offshore_wind_generation,Wind Offshore,2026-08-23T19:31:05Z
2026-08-23T19:28:52Z,2026-08-23T21:28:52+0200,4d5ff379-624b-468c-8e0f-14ae085ed6a5,2026-08-11T17:15:00Z,2026-08-11T19:15:00+0200,598.31,MW,FR,FR,forecast_offshore_wind_generation,Wind Offshore,2026-08-23T19:31:05Z
2026-08-23T19:28:52Z,2026-08-23T21:28:52+0200,4d5ff379-624b-468c-8e0f-14ae085ed6a5,2026-08-11T17:30:00Z,2026-08-11T19:30:00+0200,610.53003,MW,FR,FR,forecast_offshore_wind_generation,Wind Offshore,2026-08-23T19:31:05Z
2026-08-23T19:28:52Z,2026-08-23T21:28:52+0200,4d5ff379-624b-468c-8e0f-14ae085ed6a5,2026-08-11T17:45:00Z,2026-08-11T19:45:00+0200,622.73004,MW,FR,FR,forecast_offshore_wind_generation,Wind Offshore,2026-08-23T19:31:05Z
2026-08-23T19:28:52Z,2026-08-23T21:28:52+0200,4d5ff379-624b-468c-8e0f-14ae085ed6a5,2026-08-11T18:00:00Z,2026-08-11T20:00:00+0200,634.95001,MW,FR,FR,forecast_offshore_wind_generation,Wind Offshore,2026-08-23T19:31:05Z
2026-08-23T19:28:52Z,2026-08-23T21:28:52+0200,4d5ff379-624b-468c-8e0f-14ae085ed6a5,2026-08-11T18:15:00Z,2026-08-11T20:15:00+0200,668.21002,MW,FR,FR,forecast_offshore_wind_generation,Wind Offshore,2026-08-23T19:31:05Z
2026-08-23T19:28:52Z,2026-08-23T21:28:52+0200,4d5ff379-624b-468c-8e0f-14ae085ed6a5,2026-08-11T18:30:00Z,2026-08-11T20:30:00+0200,701.47003,MW,FR,FR,forecast_offshore_wind_generation,Wind Offshore,2026-08-23T19:31:05Z
2026-08-23T19:28:52Z,2026-08-23T21:28:52+0200,4d5ff379-624b-468c-8e0f-14ae085ed6a5,2026-08-11T18:45:00Z,2026-08-11T20:45:00+0200,734.71997,MW,FR,FR,forecast_offshore_wind_generation,Wind Offshore,2026-08-23T19:31:05Z
2026-08-23T19:28:52Z,2026-08-23T21:28:52+0200,4d5ff379-624b-468c-8e0f-14ae085ed6a5,2026-08-11T19:00:00Z,2026-08-11T21:00:00+0200,767.98999,MW,FR,FR,forecast_offshore_wind_generation,Wind Offshore,2026-08-23T19:31:05Z
2026-08-23T19:28:52Z,2026-08-23T21:28:52+0200,4d5ff379-624b-468c-8e0f-14ae085ed6a5,2026-08-11T19:15:00Z,2026-08-11T21:15:00+0200,778.72998,MW,FR,FR,forecast_offshore_wind_generation,Wind Offshore,2026-08-23T19:31:05Z
2026-08-23T19:28:52Z,2026-08-23T21:28:52+0200,4d5ff379-624b-468c-8e0f-14ae085ed6a5,2026-08-11T19:30:00Z,2026-08-11T21:30:00+0200,789.47003,MW,FR,FR,forecast_offshore_wind_generation,Wind Offshore,2026-08-23T19:31:05Z
2026-08-23T19:28:52Z,2026-08-23T21:28:52+0200,4d5ff379-624b-468c-8e0f-14ae085ed6a5,2026-08-11T19:45:00Z,2026-08-11T21:45:00+0200,800.20996,MW,FR,FR,forecast_offshore_wind_generation,Wind Offshore,2026-08-23T19:31:05Z
2026-08-23T19:28:52Z,2026-08-23T21:28:52+0200,4d5ff379-624b-468c-8e0f-14ae085ed6a5,2026-08-11T20:00:00Z,2026-08-11T22:00:00+0200,810.94995,MW,FR,FR,forecast_offshore_wind_generation,Wind Offshore,2026-08-23T19:31:05Z
2026-08-23T19:28:52Z,2026-08-23T21:28:52+0200,4d5ff379-624b-468c-8e0f-14ae085ed6a5,2026-08-11T20:15:00Z,2026-08-11T22:15:00+0200,827.34998,MW,FR,FR,forecast_offshore_wind_generation,Wind Offshore,2026-08-23T19:31:05Z
2026-08-23T19:28:52Z,2026-08-23T21:28:52+0200,4d5ff379-624b-468c-8e0f-14ae085ed6a5,2026-08-11T20:30:00Z,2026-08-11T22:30:00+0200,843.76001,MW,FR,FR,forecast_offshore_wind_generation,Wind Offshore,2026-08-23T19:31:05Z
2026-08-23T19:28:52Z,2026-08-23T21:28:52+0200,4d5ff379-624b-468c-8e0f-14ae085ed6a5,2026-08-11T20:45:00Z,2026-08-11T22:45:00+0200,860.15002,MW,FR,FR,forecast_offshore_wind_generation,Wind Offshore,2026-08-23T19:31:05Z
2026-08-23T19:28:52Z,2026-08-23T21:28:52+0200,4d5ff379-624b-468c-8e0f-14ae085ed6a5,2026-08-11T21:00:00Z,2026-08-11T23:00:00+0200,876.53992,MW,FR,FR,forecast_offshore_wind_generation,Wind Offshore,2026-08-23T19:31:05Z
2026-08-23T19:28:52Z,2026-08-23T21:28:52+0200,4d5ff379-624b-468c-8e0f-14ae085ed6a5,2026-08-11T21:15:00Z,2026-08-11T23:15:00+0200,871.06,MW,FR,FR,forecast_offshore_wind_generation,Wind Offshore,2026-08-23T19:31:05Z
2026-08-23T19:28:52Z,2026-08-23T21:28:52+0200,4d5ff379-624b-468c-8e0f-14ae085ed6a5,2026-08-11T21:30:00Z,2026-08-11T23:30:00+0200,865.57001,MW,FR,FR,forecast_offshore_wind_generation,Wind Offshore,2026-08-23T19:31:05Z
2026-08-23T19:28:52Z,2026-08-23T21:28:52+0200,4d5ff379-624b-468c-8e0f-14ae085ed6a5,2026-08-11T21:45:00Z,2026-08-11T23:45:00+0200,860.07007,MW,FR,FR,forecast_offshore_wind_generation,Wind Offshore,2026-08-23T19:31:05Z
2026-08-23T19:28:52Z,2026-08-23T21:28:52+0200,4d5ff379-624b-468c-8e0f-14ae085ed6a5,2026-08-11T22:00:00Z,2026-08-12T00:00:00+0200,1032.84998,MW,FR,FR,forecast_offshore_wind_generation,Wind Offshore,2026-08-23T19:31:05Z
2026-08-23T19:28:52Z,2026-08-23T21:28:52+0200,4d5ff379-624b-468c-8e0f-14ae085ed6a5,2026-08-11T22:15:00Z,2026-08-12T00:15:00+0200,1055.59998,MW,FR,FR,forecast_offshore_wind_generation,Wind Offshore,2026-08-23T19:31:05Z
2026-08-23T19:28:52Z,2026-08-23T21:28:52+0200,4d5ff379-624b-468c-8e0f-14ae085ed6a5,2026-08-11T22:30:00Z,2026-08-12T00:30:00+0200,1078.32996,MW,FR,FR,forecast_offshore_wind_generation,Wind Offshore,2026-08-23T19:31:05Z
2026-08-23T19:28:52Z,2026-08-23T21:28:52+0200,4d5ff379-624b-468c-8e0f-14ae085ed6a5,2026-08-11T22:45:00Z,2026-08-12T00:45:00+0200,1101.08997,MW,FR,FR,forecast_offshore_wind_generation,Wind Offshore,2026-08-23T19:31:05Z
2026-08-23T19:28:52Z,2026-08-23T21:28:52+0200,4d5ff379-624b-468c-8e0f-14ae085ed6a5,2026-08-11T23:00:00Z,2026-08-12T01:00:00+0200,1123.83008,MW,FR,FR,forecast_offshore_wind_generation,Wind Offshore,2026-08-23T19:31:05Z
2026-08-23T19:28:52Z,2026-08-23T21:28:52+0200,4d5ff379-624b-468c-8e0f-14ae085ed6a5,2026-08-11T23:15:00Z,2026-08-12T01:15:00+0200,1112.53003,MW,FR,FR,forecast_offshore_wind_generation,Wind Offshore,2026-08-23T19:31:05Z
2026-08-23T19:28:52Z,2026-08-23T21:28:52+0200,4d5ff379-624b-468c-8e0f-14ae085ed6a5,2026-08-11T23:30:00Z,2026-08-12T01:30:00+0200,1101.21997,MW,FR,FR,forecast_offshore_wind_generation,Wind Offshore,2026-08-23T19:31:05Z
2026-08-23T19:28:52Z,2026-08-23T21:28:52+0200,4d5ff379-624b-468c-8e0f-14ae085ed6a5,2026-08-11T23:45:00Z,2026-08-12T01:45:00+0200,1089.91003,MW,FR,FR,forecast_offshore_wind_generation,Wind Offshore,2026-08-23T19:31:05Z
2026-08-23T19:28:52Z,2026-08-23T21:28:52+0200,4d5ff379-624b-468c-8e0f-14ae085ed6a5,2026-08-12T00:00:00Z,2026-08-12T02:00:00+0200,1078.6001,MW,FR,FR,forecast_offshore_wind_generation,Wind Offshore,2026-08-23T19:31:05Z
2026-08-23T19:28:52Z,2026-08-23T21:28:52+0200,4d5ff379-624b-468c-8e0f-14ae085ed6a5,2026-08-12T00:15:00Z,2026-08-12T02:15:00+0200,1045.30005,MW,FR,FR,forecast_offshore_wind_generation,Wind Offshore,2026-08-23T19:31:05Z
2026-08-23T19:28:52Z,2026-08-23T21:28:52+0200,4d5ff379-624b-468c-8e0f-14ae085ed6a5,2026-08-12T00:30:00Z,2026-08-12T02:30:00+0200,1012.01001,MW,FR,FR,forecast_offshore_wind_generation,Wind Offshore,2026-08-23T19:31:05Z
2026-08-23T19:28:52Z,2026-08-23T21:28:52+0200,4d5ff379-624b-468c-8e0f-14ae085ed6a5,2026-08-12T00:45:00Z,2026-08-12T02:45:00+0200,978.70996,MW,FR,FR,forecast_offshore_wind_generation,Wind Offshore,2026-08-23T19:31:05Z
2026-08-23T19:28:52Z,2026-08-23T21:28:52+0200,4d5ff379-624b-468c-8e0f-14ae085ed6a5,2026-08-12T01:00:00Z,2026-08-12T03:00:00+0200,945.41003,MW,FR,FR,forecast_offshore_wind_generation,Wind Offshore,2026-08-23T19:31:05Z
2026-08-23T19:28:52Z,2026-08-23T21:28:52+0200,4d5ff379-624b-468c-8e0f-14ae085ed6a5,2026-08-12T01:15:00Z,2026-08-12T03:15:00+0200,911.38,MW,FR,FR,forecast_offshore_wind_generation,Wind Offshore,2026-08-23T19:31:05Z
2026-08-23T19:28:52Z,2026-08-23T21:28:52+0200,4d5ff379-624b-468c-8e0f-14ae085ed6a5,2026-08-12T01:30:00Z,2026-08-12T03:30:00+0200,877.31995,MW,FR,FR,forecast_offshore_wind_generation,Wind Offshore,2026-08-23T19:31:05Z
2026-08-23T19:28:52Z,2026-08-23T21:28:52+0200,4d5ff379-624b-468c-8e0f-14ae085ed6a5,2026-08-12T01:45:00Z,2026-08-12T03:45:00+0200,843.26996,MW,FR,FR,forecast_offshore_wind_generation,Wind Offshore,2026-08-23T19:31:05Z
2026-08-23T19:28:52Z,2026-08-23T21:28:52+0200,4d5ff379-624b-468c-8e0f-14ae085ed6a5,2026-08-12T02:00:00Z,2026-08-12T04:00:00+0200,809.22998,MW,FR,FR,forecast_offshore_wind_generation,Wind Offshore,2026-08-23T19:31:05Z
2026-08-23T19:28:52Z,2026-08-23T21:28:52+0200,4d5ff379-624b-468c-8e0f-14ae085ed6a5,2026-08-12T02:15:00Z,2026-08-12T04:15:00+0200,784.16003,MW,FR,FR,forecast_offshore_wind_generation,Wind Offshore,2026-08-23T19:31:05Z
2026-08-23T19:28:52Z,2026-08-23T21:28:52+0200,4d5ff379-624b-468c-8e0f-14ae085ed6a5,2026-08-12T02:30:00Z,2026-08-12T04:30:00+0200,759.08997,MW,FR,FR,forecast_offshore_wind_generation,Wind Offshore,2026-08-23T19:31:05Z
2026-08-23T19:28:52Z,2026-08-23T21:28:52+0200,4d5ff379-624b-468c-8e0f-14ae085ed6a5,2026-08-12T02:45:00Z,2026-08-12T04:45:00+0200,734.04004,MW,FR,FR,forecast_offshore_wind_generation,Wind Offshore,2026-08-23T19:31:05Z
2026-08-23T19:28:52Z,2026-08-23T21:28:52+0200,4d5ff379-624b-468c-8e0f-14ae085ed6a5,2026-08-12T03:00:00Z,2026-08-12T05:00:00+0200,708.97003,MW,FR,FR,forecast_offshore_wind_generation,Wind Offshore,2026-08-23T19:31:05Z
2026-08-23T19:28:52Z,2026-08-23T21:28:52+0200,4d5ff379-624b-468c-8e0f-14ae085ed6a5,2026-08-12T03:15:00Z,2026-08-12T05:15:00+0200,675.13,MW,FR,FR,forecast_offshore_wind_generation,Wind Offshore,2026-08-23T19:31:05Z
2026-08-23T19:28:52Z,2026-08-23T21:28:52+0200,4d5ff379-624b-468c-8e0f-14ae085ed6a5,2026-08-12T03:30:00Z,2026-08-12T05:30:00+0200,641.29999,MW,FR,FR,forecast_offshore_wind_generation,Wind Offshore,2026-08-23T19:31:05Z
2026-08-23T19:28:52Z,2026-08-23T21:28:52+0200,4d5ff379-624b-468c-8e0f-14ae085ed6a5,2026-08-12T03:45:00Z,2026-08-12T05:45:00+0200,607.45001,MW,FR,FR,forecast_offshore_wind_generation,Wind Offshore,2026-08-23T19:31:05Z
2026-08-23T19:28:52Z,2026-08-23T21:28:52+0200,4d5ff379-624b-468c-8e0f-14ae085ed6a5,2026-08-12T04:00:00Z,2026-08-12T06:00:00+0200,573.60999,MW,FR,FR,forecast_offshore_wind_generation,Wind Offshore,2026-08-23T19:31:05Z
2026-08-23T19:28:52Z,2026-08-23T21:28:52+0200,4d5ff379-624b-468c-8e0f-14ae085ed6a5,2026-08-12T04:15:00Z,2026-08-12T06:15:00+0200,542.09998,MW,FR,FR,forecast_offshore_wind_generation,Wind Offshore,2026-08-23T19:31:05Z
2026-08-23T19:28:52Z,2026-08-23T21:28:52+0200,4d5ff379-624b-468c-8e0f-14ae085ed6a5,2026-08-12T04:30:00Z,2026-08-12T06:30:00+0200,510.61002,MW,FR,FR,forecast_offshore_wind_generation,Wind Offshore,2026-08-23T19:31:05Z
2026-08-23T19:28:52Z,2026-08-23T21:28:52+0200,4d5ff379-624b-468c-8e0f-14ae085ed6a5,2026-08-12T04:45:00Z,2026-08-12T06:45:00+0200,479.08997,MW,FR,FR,forecast_offshore_wind_generation,Wind Offshore,2026-08-23T19:31:05Z
2026-08-23T19:28:52Z,2026-08-23T21:28:52+0200,4d5ff379-624b-468c-8e0f-14ae085ed6a5,2026-08-12T05:00:00Z,2026-08-12T07:00:00+0200,447.59,MW,FR,FR,forecast_offshore_wind_generation,Wind Offshore,2026-08-23T19:31:05Z
2026-08-23T19:28:52Z,2026-08-23T21:28:52+0200,4d5ff379-624b-468c-8e0f-14ae085ed6a5,2026-08-12T05:15:00Z,2026-08-12T07:15:00+0200,426.31,MW,FR,FR,forecast_offshore_wind_generation,Wind Offshore,2026-08-23T19:31:05Z
2026-08-23T19:28:52Z,2026-08-23T21:28:52+0200,4d5ff379-624b-468c-8e0f-14ae085ed6a5,2026-08-12T05:30:00Z,2026-08-12T07:30:00+0200,405.0,MW,FR,FR,forecast_offshore_wind_generation,Wind Offshore,2026-08-23T19:31:05Z
2026-08-23T19:28:52Z,2026-08-23T21:28:52+0200,4d5ff379-624b-468c-8e0f-14ae085ed6a5,2026-08-12T05:45:00Z,2026-08-12T07:45:00+0200,383.71997,MW,FR,FR,forecast_offshore_wind_generation,Wind Offshore,2026-08-23T19:31:05Z
2026-08-23T19:28:52Z,2026-08-23T21:28:52+0200,4d5ff379-624b-468c-8e0f-14ae085ed6a5,2026-08-12T06:00:00Z,2026-08-12T08:00:00+0200,362.41998,MW,FR,FR,forecast_offshore_wind_generation,Wind Offshore,2026-08-23T19:31:05Z
2026-08-23T19:28:52Z,2026-08-23T21:28:52+0200,4d5ff379-624b-468c-8e0f-14ae085ed6a5,2026-08-12T06:15:00Z,2026-08-12T08:15:00+0200,345.67999,MW,FR,FR,forecast_offshore_wind_generation,Wind Offshore,2026-08-23T19:31:05Z
2026-08-23T19:28:52Z,2026-08-23T21:28:52+0200,4d5ff379-624b-468c-8e0f-14ae085ed6a5,2026-08-12T06:30:00Z,2026-08-12T08:30:00+0200,328.94,MW,FR,FR,forecast_offshore_wind_generation,Wind Offshore,2026-08-23T19:31:05Z
2026-08-23T19:28:52Z,2026-08-23T21:28:52+0200,4d5ff379-624b-468c-8e0f-14ae085ed6a5,2026-08-12T06:45:00Z,2026-08-12T08:45:00+0200,312.18002,MW,FR,FR,forecast_offshore_wind_generation,Wind Offshore,2026-08-23T19:31:05Z
2026-08-23T19:28:52Z,2026-08-23T21:28:52+0200,4d5ff379-624b-468c-8e0f-14ae085ed6a5,2026-08-12T07:00:00Z,2026-08-12T09:00:00+0200,295.42999,MW,FR,FR,forecast_offshore_wind_generation,Wind Offshore,2026-08-23T19:31:05Z
2026-08-23T19:28:52Z,2026-08-23T21:28:52+0200,4d5ff379-624b-468c-8e0f-14ae085ed6a5,2026-08-12T07:15:00Z,2026-08-12T09:15:00+0200,288.22,MW,FR,FR,forecast_offshore_wind_generation,Wind Offshore,2026-08-23T19:31:05Z
2026-08-23T19:28:52Z,2026-08-23T21:28:52+0200,4d5ff379-624b-468c-8e0f-14ae085ed6a5,2026-08-12T07:30:00Z,2026-08-12T09:30:00+0200,281.0,MW,FR,FR,forecast_offshore_wind_generation,Wind Offshore,2026-08-23T19:31:05Z
2026-08-23T19:28:52Z,2026-08-23T21:28:52+0200,4d5ff379-624b-468c-8e0f-14ae085ed6a5,2026-08-12T07:45:00Z,2026-08-12T09:45:00+0200,273.81,MW,FR,FR,forecast_offshore_wind_generation,Wind Offshore,2026-08-23T19:31:05Z
2026-08-23T19:28:52Z,2026-08-23T21:28:52+0200,4d5ff379-624b-468c-8e0f-14ae085ed6a5,2026-08-12T08:00:00Z,2026-08-12T10:00:00+0200,266.59003,MW,FR,FR,forecast_offshore_wind_generation,Wind Offshore,2026-08-23T19:31:05Z
2026-08-23T19:28:52Z,2026-08-23T21:28:52+0200,4d5ff379-624b-468c-8e0f-14ae085ed6a5,2026-08-12T08:15:00Z,2026-08-12T10:15:00+0200,259.80002,MW,FR,FR,forecast_offshore_wind_generation,Wind Offshore,2026-08-23T19:31:05Z
2026-08-23T19:28:52Z,2026-08-23T21:28:52+0200,4d5ff379-624b-468c-8e0f-14ae085ed6a5,2026-08-12T08:30:00Z,2026-08-12T10:30:00+0200,253.03,MW,FR,FR,forecast_offshore_wind_generation,Wind Offshore,2026-08-23T19:31:05Z
2026-08-23T19:28:52Z,2026-08-23T21:28:52+0200,4d5ff379-624b-468c-8e0f-14ae085ed6a5,2026-08-12T08:45:00Z,2026-08-12T10:45:00+0200,246.24001,MW,FR,FR,forecast_offshore_wind_generation,Wind Offshore,2026-08-23T19:31:05Z
2026-08-23T19:28:52Z,2026-08-23T21:28:52+0200,4d5ff379-624b-468c-8e0f-14ae085ed6a5,2026-08-12T09:00:00Z,2026-08-12T11:00:00+0200,239.45999,MW,FR,FR,forecast_offshore_wind_generation,Wind Offshore,2026-08-23T19:31:05Z
2026-08-23T19:28:52Z,2026-08-23T21:28:52+0200,4d5ff379-624b-468c-8e0f-14ae085ed6a5,2026-08-12T09:15:00Z,2026-08-12T11:15:00+0200,228.57001,MW,FR,FR,forecast_offshore_wind_generation,Wind Offshore,2026-08-23T19:31:05Z
2026-08-23T19:28:52Z,2026-08-23T21:28:52+0200,4d5ff379-624b-468c-8e0f-14ae085ed6a5,2026-08-12T09:30:00Z,2026-08-12T11:30:00+0200,217.69,MW,FR,FR,forecast_offshore_wind_generation,Wind Offshore,2026-08-23T19:31:05Z
2026-08-23T19:28:52Z,2026-08-23T21:28:52+0200,4d5ff379-624b-468c-8e0f-14ae085ed6a5,2026-08-12T09:45:00Z,2026-08-12T11:45:00+0200,206.8,MW,FR,FR,forecast_offshore_wind_generation,Wind Offshore,2026-08-23T19:31:05Z
2026-08-23T19:28:52Z,2026-08-23T21:28:52+0200,4d5ff379-624b-468c-8e0f-14ae085ed6a5,2026-08-12T10:00:00Z,2026-08-12T12:00:00+0200,195.91,MW,FR,FR,forecast_offshore_wind_generation,Wind Offshore,2026-08-23T19:31:05Z
2026-08-23T19:28:52Z,2026-08-23T21:28:52+0200,4d5ff379-624b-468c-8e0f-14ae085ed6a5,2026-08-12T10:15:00Z,2026-08-12T12:15:00+0200,187.03,MW,FR,FR,forecast_offshore_wind_generation,Wind Offshore,2026-08-23T19:31:05Z
2026-08-23T19:28:52Z,2026-08-23T21:28:52+0200,4d5ff379-624b-468c-8e0f-14ae085ed6a5,2026-08-12T10:30:00Z,2026-08-12T12:30:00+0200,178.11002,MW,FR,FR,forecast_offshore_wind_generation,Wind Offshore,2026-08-23T19:31:05Z
2026-08-23T19:28:52Z,2026-08-23T21:28:52+0200,4d5ff379-624b-468c-8e0f-14ae085ed6a5,2026-08-12T10:45:00Z,2026-08-12T12:45:00+0200,169.22,MW,FR,FR,forecast_offshore_wind_generation,Wind Offshore,2026-08-23T19:31:05Z
2026-08-23T19:28:52Z,2026-08-23T21:28:52+0200,4d5ff379-624b-468c-8e0f-14ae085ed6a5,2026-08-12T11:00:00Z,2026-08-12T13:00:00+0200,160.31,MW,FR,FR,forecast_offshore_wind_generation,Wind Offshore,2026-08-23T19:31:05Z
2026-08-23T19:28:52Z,2026-08-23T21:28:52+0200,4d5ff379-624b-468c-8e0f-14ae085ed6a5,2026-08-12T11:15:00Z,2026-08-12T13:15:00+0200,162.33,MW,FR,FR,forecast_offshore_wind_generation,Wind Offshore,2026-08-23T19:31:05Z
2026-08-23T19:28:52Z,2026-08-23T21:28:52+0200,4d5ff379-624b-468c-8e0f-14ae085ed6a5,2026-08-12T11:30:00Z,2026-08-12T13:30:00+0200,164.32999,MW,FR,FR,forecast_offshore_wind_generation,Wind Offshore,2026-08-23T19:31:05Z
2026-08-23T19:28:52Z,2026-08-23T21:28:52+0200,4d5ff379-624b-468c-8e0f-14ae085ed6a5,2026-08-12T11:45:00Z,2026-08-12T13:45:00+0200,166.34001,MW,FR,FR,forecast_offshore_wind_generation,Wind Offshore,2026-08-23T19:31:05Z
2026-08-23T19:28:52Z,2026-08-23T21:28:52+0200,4d5ff379-624b-468c-8e0f-14ae085ed6a5,2026-08-12T12:00:00Z,2026-08-12T14:00:00+0200,168.33,MW,FR,FR,forecast_offshore_wind_generation,Wind Offshore,2026-08-23T19:31:05Z
2026-08-23T19:28:52Z,2026-08-23T21:28:52+0200,4d5ff379-624b-468c-8e0f-14ae085ed6a5,2026-08-12T12:15:00Z,2026-08-12T14:15:00+0200,176.33,MW,FR,FR,forecast_offshore_wind_generation,Wind Offshore,2026-08-23T19:31:05Z
2026-08-23T19:28:52Z,2026-08-23T21:28:52+0200,4d5ff379-624b-468c-8e0f-14ae085ed6a5,2026-08-12T12:30:00Z,2026-08-12T14:30:00+0200,184.31,MW,FR,FR,forecast_offshore_wind_generation,Wind Offshore,2026-08-23T19:31:05Z
2026-08-23T19:28:52Z,2026-08-23T21:28:52+0200,4d5ff379-624b-468c-8e0f-14ae085ed6a5,2026-08-12T12:45:00Z,2026-08-12T14:45:00+0200,192.3,MW,FR,FR,forecast_offshore_wind_generation,Wind Offshore,2026-08-23T19:31:05Z
2026-08-23T19:28:52Z,2026-08-23T21:28:52+0200,4d5ff379-624b-468c-8e0f-14ae085ed6a5,2026-08-12T13:00:00Z,2026-08-12T15:00:00+0200,200.25999,MW,FR,FR,forecast_offshore_wind_generation,Wind Offshore,2026-08-23T19:31:05Z
2026-08-23T19:28:52Z,2026-08-23T21:28:52+0200,4d5ff379-624b-468c-8e0f-14ae085ed6a5,2026-08-12T13:15:00Z,2026-08-12T15:15:00+0200,211.37997,MW,FR,FR,forecast_offshore_wind_generation,Wind Offshore,2026-08-23T19:31:05Z
2026-08-23T19:28:52Z,2026-08-23T21:28:52+0200,4d5ff379-624b-468c-8e0f-14ae085ed6a5,2026-08-12T13:30:00Z,2026-08-12T15:30:00+0200,222.49001,MW,FR,FR,forecast_offshore_wind_generation,Wind Offshore,2026-08-23T19:31:05Z
2026-08-23T19:28:52Z,2026-08-23T21:28:52+0200,4d5ff379-624b-468c-8e0f-14ae085ed6a5,2026-08-12T13:45:00Z,2026-08-12T15:45:00+0200,233.60001,MW,FR,FR,forecast_offshore_wind_generation,Wind Offshore,2026-08-23T19:31:05Z
2026-08-23T19:28:52Z,2026-08-23T21:28:52+0200,4d5ff379-624b-468c-8e0f-14ae085ed6a5,2026-08-12T14:00:00Z,2026-08-12T16:00:00+0200,244.71999,MW,FR,FR,forecast_offshore_wind_generation,Wind Offshore,2026-08-23T19:31:05Z
2026-08-23T19:28:52Z,2026-08-23T21:28:52+0200,4d5ff379-624b-468c-8e0f-14ae085ed6a5,2026-08-12T14:15:00Z,2026-08-12T16:15:00+0200,256.35001,MW,FR,FR,forecast_offshore_wind_generation,Wind Offshore,2026-08-23T19:31:05Z
2026-08-23T19:28:52Z,2026-08-23T21:28:52+0200,4d5ff379-624b-468c-8e0f-14ae085ed6a5,2026-08-12T14:30:00Z,2026-08-12T16:30:00+0200,267.95999,MW,FR,FR,forecast_offshore_wind_generation,Wind Offshore,2026-08-23T19:31:05Z
2026-08-23T19:28:52Z,2026-08-23T21:28:52+0200,4d5ff379-624b-468c-8e0f-14ae085ed6a5,2026-08-12T14:45:00Z,2026-08-12T16:45:00+0200,279.59,MW,FR,FR,forecast_offshore_wind_generation,Wind Offshore,2026-08-23T19:31:05Z
2026-08-23T19:28:52Z,2026-08-23T21:28:52+0200,4d5ff379-624b-468c-8e0f-14ae085ed6a5,2026-08-12T15:00:00Z,2026-08-12T17:00:00+0200,291.20999,MW,FR,FR,forecast_offshore_wind_generation,Wind Offshore,2026-08-23T19:31:05Z
2026-08-23T19:28:52Z,2026-08-23T21:28:52+0200,4d5ff379-624b-468c-8e0f-14ae085ed6a5,2026-08-12T15:15:00Z,2026-08-12T17:15:00+0200,317.09998,MW,FR,FR,forecast_offshore_wind_generation,Wind Offshore,2026-08-23T19:31:05Z
2026-08-23T19:28:52Z,2026-08-23T21:28:52+0200,4d5ff379-624b-468c-8e0f-14ae085ed6a5,2026-08-12T15:30:00Z,2026-08-12T17:30:00+0200,342.97003,MW,FR,FR,forecast_offshore_wind_generation,Wind Offshore,2026-08-23T19:31:05Z
2026-08-23T19:28:52Z,2026-08-23T21:28:52+0200,4d5ff379-624b-468c-8e0f-14ae085ed6a5,2026-08-12T15:45:00Z,2026-08-12T17:45:00+0200,368.85999,MW,FR,FR,forecast_offshore_wind_generation,Wind Offshore,2026-08-23T19:31:05Z
2026-08-23T19:28:52Z,2026-08-23T21:28:52+0200,4d5ff379-624b-468c-8e0f-14ae085ed6a5,2026-08-12T16:00:00Z,2026-08-12T18:00:00+0200,394.75,MW,FR,FR,forecast_offshore_wind_generation,Wind Offshore,2026-08-23T19:31:05Z
2026-08-23T19:28:52Z,2026-08-23T21:28:52+0200,4d5ff379-624b-468c-8e0f-14ae085ed6a5,2026-08-12T16:15:00Z,2026-08-12T18:15:00+0200,434.29001,MW,FR,FR,forecast_offshore_wind_generation,Wind Offshore,2026-08-23T19:31:05Z
2026-08-23T19:28:52Z,2026-08-23T21:28:52+0200,4d5ff379-624b-468c-8e0f-14ae085ed6a5,2026-08-12T16:30:00Z,2026-08-12T18:30:00+0200,473.85001,MW,FR,FR,forecast_offshore_wind_generation,Wind Offshore,2026-08-23T19:31:05Z
2026-08-23T19:28:52Z,2026-08-23T21:28:52+0200,4d5ff379-624b-468c-8e0f-14ae085ed6a5,2026-08-12T16:45:00Z,2026-08-12T18:45:00+0200,513.40997,MW,FR,FR,forecast_offshore_wind_generation,Wind Offshore,2026-08-23T19:31:05Z
2026-08-23T19:28:52Z,2026-08-23T21:28:52+0200,4d5ff379-624b-468c-8e0f-14ae085ed6a5,2026-08-12T17:00:00Z,2026-08-12T19:00:00+0200,552.95996,MW,FR,FR,forecast_offshore_wind_generation,Wind Offshore,2026-08-23T19:31:05Z
2026-08-23T19:28:52Z,2026-08-23T21:28:52+0200,4d5ff379-624b-468c-8e0f-14ae085ed6a5,2026-08-12T17:15:00Z,2026-08-12T19:15:00+0200,577.46997,MW,FR,FR,forecast_offshore_wind_generation,Wind Offshore,2026-08-23T19:31:05Z
2026-08-23T19:28:52Z,2026-08-23T21:28:52+0200,4d5ff379-624b-468c-8e0f-14ae085ed6a5,2026-08-12T17:30:00Z,2026-08-12T19:30:00+0200,601.95996,MW,FR,FR,forecast_offshore_wind_generation,Wind Offshore,2026-08-23T19:31:05Z
2026-08-23T19:28:52Z,2026-08-23T21:28:52+0200,4d5ff379-624b-468c-8e0f-14ae085ed6a5,2026-08-12T17:45:00Z,2026-08-12T19:45:00+0200,626.46997,MW,FR,FR,forecast_offshore_wind_generation,Wind Offshore,2026-08-23T19:31:05Z
2026-08-23T19:28:52Z,2026-08-23T21:28:52+0200,4d5ff379-624b-468c-8e0f-14ae085ed6a5,2026-08-12T18:00:00Z,2026-08-12T20:00:00+0200,650.97998,MW,FR,FR,forecast_offshore_wind_generation,Wind Offshore,2026-08-23T19:31:05Z
2026-08-23T19:28:52Z,2026-08-23T21:28:52+0200,4d5ff379-624b-468c-8e0f-14ae085ed6a5,2026-08-12T18:15:00Z,2026-08-12T20:15:00+0200,655.23999,MW,FR,FR,forecast_offshore_wind_generation,Wind Offshore,2026-08-23T19:31:05Z
2026-08-23T19:28:52Z,2026-08-23T21:28:52+0200,4d5ff379-624b-468c-8e0f-14ae085ed6a5,2026-08-12T18:30:00Z,2026-08-12T20:30:00+0200,659.5,MW,FR,FR,forecast_offshore_wind_generation,Wind Offshore,2026-08-23T19:31:05Z
2026-08-23T19:28:52Z,2026-08-23T21:28:52+0200,4d5ff379-624b-468c-8e0f-14ae085ed6a5,2026-08-12T18:45:00Z,2026-08-12T20:45:00+0200,663.73999,MW,FR,FR,forecast_offshore_wind_generation,Wind Offshore,2026-08-23T19:31:05Z
2026-08-23T19:28:52Z,2026-08-23T21:28:52+0200,4d5ff379-624b-468c-8e0f-14ae085ed6a5,2026-08-12T19:00:00Z,2026-08-12T21:00:00+0200,668.0,MW,FR,FR,forecast_offshore_wind_generation,Wind Offshore,2026-08-23T19:31:05Z
2026-08-23T19:28:52Z,2026-08-23T21:28:52+0200,4d5ff379-624b-468c-8e0f-14ae085ed6a5,2026-08-12T19:15:00Z,2026-08-12T21:15:00+0200,657.49005,MW,FR,FR,forecast_offshore_wind_generation,Wind Offshore,2026-08-23T19:31:05Z
2026-08-23T19:28:52Z,2026-08-23T21:28:52+0200,4d5ff379-624b-468c-8e0f-14ae085ed6a5,2026-08-12T19:30:00Z,2026-08-12T21:30:00+0200,646.9801,MW,FR,FR,forecast_offshore_wind_generation,Wind Offshore,2026-08-23T19:31:05Z
2026-08-23T19:28:52Z,2026-08-23T21:28:52+0200,4d5ff379-624b-468c-8e0f-14ae085ed6a5,2026-08-12T19:45:00Z,2026-08-12T21:45:00+0200,636.45996,MW,FR,FR,forecast_offshore_wind_generation,Wind Offshore,2026-08-23T19:31:05Z
2026-08-23T19:28:52Z,2026-08-23T21:28:52+0200,4d5ff379-624b-468c-8e0f-14ae085ed6a5,2026-08-12T20:00:00Z,2026-08-12T22:00:00+0200,625.94995,MW,FR,FR,forecast_offshore_wind_generation,Wind Offshore,2026-08-23T19:31:05Z
2026-08-23T19:28:52Z,2026-08-23T21:28:52+0200,4d5ff379-624b-468c-8e0f-14ae085ed6a5,2026-08-12T20:15:00Z,2026-08-12T22:15:00+0200,614.23999,MW,FR,FR,forecast_offshore_wind_generation,Wind Offshore,2026-08-23T19:31:05Z
2026-08-23T19:28:52Z,2026-08-23T21:28:52+0200,4d5ff379-624b-468c-8e0f-14ae085ed6a5,2026-08-12T20:30:00Z,2026-08-12T22:30:00+0200,602.52002,MW,FR,FR,forecast_offshore_wind_generation,Wind Offshore,2026-08-23T19:31:05Z
2026-08-23T19:28:52Z,2026-08-23T21:28:52+0200,4d5ff379-624b-468c-8e0f-14ae085ed6a5,2026-08-12T20:45:00Z,2026-08-12T22:45:00+0200,590.79004,MW,FR,FR,forecast_offshore_wind_generation,Wind Offshore,2026-08-23T19:31:05Z
2026-08-23T19:28:52Z,2026-08-23T21:28:52+0200,4d5ff379-624b-468c-8e0f-14ae085ed6a5,2026-08-12T21:00:00Z,2026-08-12T23:00:00+0200,579.08002,MW,FR,FR,forecast_offshore_wind_generation,Wind Offshore,2026-08-23T19:31:05Z
2026-08-23T19:28:52Z,2026-08-23T21:28:52+0200,4d5ff379-624b-468c-8e0f-14ae085ed6a5,2026-08-12T21:15:00Z,2026-08-12T23:15:00+0200,557.40002,MW,FR,FR,forecast_offshore_wind_generation,Wind Offshore,2026-08-23T19:31:05Z
2026-08-23T19:28:52Z,2026-08-23T21:28:52+0200,4d5ff379-624b-468c-8e0f-14ae085ed6a5,2026-08-12T21:30:00Z,2026-08-12T23:30:00+0200,535.73999,MW,FR,FR,forecast_offshore_wind_generation,Wind Offshore,2026-08-23T19:31:05Z
2026-08-23T19:28:52Z,2026-08-23T21:28:52+0200,4d5ff379-624b-468c-8e0f-14ae085ed6a5,2026-08-12T21:45:00Z,2026-08-12T23:45:00+0200,514.07001,MW,FR,FR,forecast_offshore_wind_generation,Wind Offshore,2026-08-23T19:31:05Z
2026-08-23T19:28:52Z,2026-08-23T21:28:52+0200,4d5ff379-624b-468c-8e0f-14ae085ed6a5,2026-08-12T22:00:00Z,2026-08-13T00:00:00+0200,556.07001,MW,FR,FR,forecast_offshore_wind_generation,Wind Offshore,2026-08-23T19:31:05Z
2026-08-23T19:28:52Z,2026-08-23T21:28:52+0200,4d5ff379-624b-468c-8e0f-14ae085ed6a5,2026-08-12T22:15:00Z,2026-08-13T00:15:00+0200,519.35999,MW,FR,FR,forecast_offshore_wind_generation,Wind Offshore,2026-08-23T19:31:05Z
2026-08-23T19:28:52Z,2026-08-23T21:28:52+0200,4d5ff379-624b-468c-8e0f-14ae085ed6a5,2026-08-12T22:30:00Z,2026-08-13T00:30:00+0200,482.67001,MW,FR,FR,forecast_offshore_wind_generation,Wind Offshore,2026-08-23T19:31:05Z
2026-08-23T19:28:52Z,2026-08-23T21:28:52+0200,4d5ff379-624b-468c-8e0f-14ae085ed6a5,2026-08-12T22:45:00Z,2026-08-13T00:45:00+0200,445.88998,MW,FR,FR,forecast_offshore_wind_generation,Wind Offshore,2026-08-23T19:31:05Z
2026-08-23T19:28:52Z,2026-08-23T21:28:52+0200,4d5ff379-624b-468c-8e0f-14ae085ed6a5,2026-08-12T23:00:00Z,2026-08-13T01:00:00+0200,409.15997,MW,FR,FR,forecast_offshore_wind_generation,Wind Offshore,2026-08-23T19:31:05Z
2026-08-23T19:28:52Z,2026-08-23T21:28:52+0200,4d5ff379-624b-468c-8e0f-14ae085ed6a5,2026-08-12T23:15:00Z,2026-08-13T01:15:00+0200,381.94,MW,FR,FR,forecast_offshore_wind_generation,Wind Offshore,2026-08-23T19:31:05Z
2026-08-23T19:28:52Z,2026-08-23T21:28:52+0200,4d5ff379-624b-468c-8e0f-14ae085ed6a5,2026-08-12T23:30:00Z,2026-08-13T01:30:00+0200,354.75,MW,FR,FR,forecast_offshore_wind_generation,Wind Offshore,2026-08-23T19:31:05Z
2026-08-23T19:28:52Z,2026-08-23T21:28:52+0200,4d5ff379-624b-468c-8e0f-14ae085ed6a5,2026-08-12T23:45:00Z,2026-08-13T01:45:00+0200,327.52002,MW,FR,FR,forecast_offshore_wind_generation,Wind Offshore,2026-08-23T19:31:05Z
2026-08-23T19:28:52Z,2026-08-23T21:28:52+0200,4d5ff379-624b-468c-8e0f-14ae085ed6a5,2026-08-13T00:00:00Z,2026-08-13T02:00:00+0200,300.29999,MW,FR,FR,forecast_offshore_wind_generation,Wind Offshore,2026-08-23T19:31:05Z
2026-08-23T19:28:52Z,2026-08-23T21:28:52+0200,4d5ff379-624b-468c-8e0f-14ae085ed6a5,2026-08-13T00:15:00Z,2026-08-13T02:15:00+0200,282.92999,MW,FR,FR,forecast_offshore_wind_generation,Wind Offshore,2026-08-23T19:31:05Z
2026-08-23T19:28:52Z,2026-08-23T21:28:52+0200,4d5ff379-624b-468c-8e0f-14ae085ed6a5,2026-08-13T00:30:00Z,2026-08-13T02:30:00+0200,265.56998,MW,FR,FR,forecast_offshore_wind_generation,Wind Offshore,2026-08-23T19:31:05Z
2026-08-23T19:28:52Z,2026-08-23T21:28:52+0200,4d5ff379-624b-468c-8e0f-14ae085ed6a5,2026-08-13T00:45:00Z,2026-08-13T02:45:00+0200,248.19998,MW,FR,FR,forecast_offshore_wind_generation,Wind Offshore,2026-08-23T19:31:05Z
2026-08-23T19:28:52Z,2026-08-23T21:28:52+0200,4d5ff379-624b-468c-8e0f-14ae085ed6a5,2026-08-13T01:00:00Z,2026-08-13T03:00:00+0200,230.83,MW,FR,FR,forecast_offshore_wind_generation,Wind Offshore,2026-08-23T19:31:05Z
2026-08-23T19:28:52Z,2026-08-23T21:28:52+0200,4d5ff379-624b-468c-8e0f-14ae085ed6a5,2026-08-13T01:15:00Z,2026-08-13T03:15:00+0200,216.42001,MW,FR,FR,forecast_offshore_wind_generation,Wind Offshore,2026-08-23T19:31:05Z
2026-08-23T19:28:52Z,2026-08-23T21:28:52+0200,4d5ff379-624b-468c-8e0f-14ae085ed6a5,2026-08-13T01:30:00Z,2026-08-13T03:30:00+0200,202.02,MW,FR,FR,forecast_offshore_wind_generation,Wind Offshore,2026-08-23T19:31:05Z
2026-08-23T19:28:52Z,2026-08-23T21:28:52+0200,4d5ff379-624b-468c-8e0f-14ae085ed6a5,2026-08-13T01:45:00Z,2026-08-13T03:45:00+0200,187.60001,MW,FR,FR,forecast_offshore_wind_generation,Wind Offshore,2026-08-23T19:31:05Z
2026-08-23T19:28:52Z,2026-08-23T21:28:52+0200,4d5ff379-624b-468c-8e0f-14ae085ed6a5,2026-08-13T02:00:00Z,2026-08-13T04:00:00+0200,173.22,MW,FR,FR,forecast_offshore_wind_generation,Wind Offshore,2026-08-23T19:31:05Z
2026-08-23T19:28:52Z,2026-08-23T21:28:52+0200,4d5ff379-624b-468c-8e0f-14ae085ed6a5,2026-08-13T02:15:00Z,2026-08-13T04:15:00+0200,162.44,MW,FR,FR,forecast_offshore_wind_generation,Wind Offshore,2026-08-23T19:31:05Z
2026-08-23T19:28:52Z,2026-08-23T21:28:52+0200,4d5ff379-624b-468c-8e0f-14ae085ed6a5,2026-08-13T02:30:00Z,2026-08-13T04:30:00+0200,151.66,MW,FR,FR,forecast_offshore_wind_generation,Wind Offshore,2026-08-23T19:31:05Z
2026-08-23T19:28:52Z,2026-08-23T21:28:52+0200,4d5ff379-624b-468c-8e0f-14ae085ed6a5,2026-08-13T02:45:00Z,2026-08-13T04:45:00+0200,140.89001,MW,FR,FR,forecast_offshore_wind_generation,Wind Offshore,2026-08-23T19:31:05Z
2026-08-23T19:28:52Z,2026-08-23T21:28:52+0200,4d5ff379-624b-468c-8e0f-14ae085ed6a5,2026-08-13T03:00:00Z,2026-08-13T05:00:00+0200,130.12,MW,FR,FR,forecast_offshore_wind_generation,Wind Offshore,2026-08-23T19:31:05Z
2026-08-23T19:28:52Z,2026-08-23T21:28:52+0200,4d5ff379-624b-468c-8e0f-14ae085ed6a5,2026-08-13T03:15:00Z,2026-08-13T05:15:00+0200,124.99001,MW,FR,FR,forecast_offshore_wind_generation,Wind Offshore,2026-08-23T19:31:05Z
2026-08-23T19:28:52Z,2026-08-23T21:28:52+0200,4d5ff379-624b-468c-8e0f-14ae085ed6a5,2026-08-13T03:30:00Z,2026-08-13T05:30:00+0200,119.85001,MW,FR,FR,forecast_offshore_wind_generation,Wind Offshore,2026-08-23T19:31:05Z
2026-08-23T19:28:52Z,2026-08-23T21:28:52+0200,4d5ff379-624b-468c-8e0f-14ae085ed6a5,2026-08-13T03:45:00Z,2026-08-13T05:45:00+0200,114.93,MW,FR,FR,forecast_offshore_wind_generation,Wind Offshore,2026-08-23T19:31:05Z
2026-08-23T19:28:52Z,2026-08-23T21:28:52+0200,4d5ff379-624b-468c-8e0f-14ae085ed6a5,2026-08-13T04:00:00Z,2026-08-13T06:00:00+0200,110.35,MW,FR,FR,forecast_offshore_wind_generation,Wind Offshore,2026-08-23T19:31:05Z
2026-08-23T19:28:52Z,2026-08-23T21:28:52+0200,4d5ff379-624b-468c-8e0f-14ae085ed6a5,2026-08-13T04:15:00Z,2026-08-13T06:15:00+0200,101.52,MW,FR,FR,forecast_offshore_wind_generation,Wind Offshore,2026-08-23T19:31:05Z
2026-08-23T19:28:52Z,2026-08-23T21:28:52+0200,4d5ff379-624b-468c-8e0f-14ae085ed6a5,2026-08-13T04:30:00Z,2026-08-13T06:30:00+0200,92.7,MW,FR,FR,forecast_offshore_wind_generation,Wind Offshore,2026-08-23T19:31:05Z
2026-08-23T19:28:52Z,2026-08-23T21:28:52+0200,4d5ff379-624b-468c-8e0f-14ae085ed6a5,2026-08-13T04:45:00Z,2026-08-13T06:45:00+0200,83.86,MW,FR,FR,forecast_offshore_wind_generation,Wind Offshore,2026-08-23T19:31:05Z
2026-08-23T19:28:52Z,2026-08-23T21:28:52+0200,4d5ff379-624b-468c-8e0f-14ae085ed6a5,2026-08-13T05:00:00Z,2026-08-13T07:00:00+0200,75.04,MW,FR,FR,forecast_offshore_wind_generation,Wind Offshore,2026-08-23T19:31:05Z
2026-08-23T19:28:52Z,2026-08-23T21:28:52+0200,4d5ff379-624b-468c-8e0f-14ae085ed6a5,2026-08-13T05:15:00Z,2026-08-13T07:15:00+0200,68.41,MW,FR,FR,forecast_offshore_wind_generation,Wind Offshore,2026-08-23T19:31:05Z
2026-08-23T19:28:52Z,2026-08-23T21:28:52+0200,4d5ff379-624b-468c-8e0f-14ae085ed6a5,2026-08-13T05:30:00Z,2026-08-13T07:30:00+0200,61.79,MW,FR,FR,forecast_offshore_wind_generation,Wind Offshore,2026-08-23T19:31:05Z
2026-08-23T19:28:52Z,2026-08-23T21:28:52+0200,4d5ff379-624b-468c-8e0f-14ae085ed6a5,2026-08-13T05:45:00Z,2026-08-13T07:45:00+0200,55.17,MW,FR,FR,forecast_offshore_wind_generation,Wind Offshore,2026-08-23T19:31:05Z
2026-08-23T19:28:52Z,2026-08-23T21:28:52+0200,4d5ff379-624b-468c-8e0f-14ae085ed6a5,2026-08-13T06:00:00Z,2026-08-13T08:00:00+0200,48.68,MW,FR,FR,forecast_offshore_wind_generation,Wind Offshore,2026-08-23T19:31:05Z
2026-08-23T19:28:52Z,2026-08-23T21:28:52+0200,4d5ff379-624b-468c-8e0f-14ae085ed6a5,2026-08-13T06:15:00Z,2026-08-13T08:15:00+0200,45.22001,MW,FR,FR,forecast_offshore_wind_generation,Wind Offshore,2026-08-23T19:31:05Z
2026-08-23T19:28:52Z,2026-08-23T21:28:52+0200,4d5ff379-624b-468c-8e0f-14ae085ed6a5,2026-08-13T06:30:00Z,2026-08-13T08:30:00+0200,41.74,MW,FR,FR,forecast_offshore_wind_generation,Wind Offshore,2026-08-23T19:31:05Z
2026-08-23T19:28:52Z,2026-08-23T21:28:52+0200,4d5ff379-624b-468c-8e0f-14ae085ed6a5,2026-08-13T06:45:00Z,2026-08-13T08:45:00+0200,38.26,MW,FR,FR,forecast_offshore_wind_generation,Wind Offshore,2026-08-23T19:31:05Z
2026-08-23T19:28:52Z,2026-08-23T21:28:52+0200,4d5ff379-624b-468c-8e0f-14ae085ed6a5,2026-08-13T07:00:00Z,2026-08-13T09:00:00+0200,34.78,MW,FR,FR,forecast_offshore_wind_generation,Wind Offshore,2026-08-23T19:31:05Z
2026-08-23T19:28:52Z,2026-08-23T21:28:52+0200,4d5ff379-624b-468c-8e0f-14ae085ed6a5,2026-08-13T07:15:00Z,2026-08-13T09:15:00+0200,33.06,MW,FR,FR,forecast_offshore_wind_generation,Wind Offshore,2026-08-23T19:31:05Z
2026-08-23T19:28:52Z,2026-08-23T21:28:52+0200,4d5ff379-624b-468c-8e0f-14ae085ed6a5,2026-08-13T07:30:00Z,2026-08-13T09:30:00+0200,31.35,MW,FR,FR,forecast_offshore_wind_generation,Wind Offshore,2026-08-23T19:31:05Z
2026-08-23T19:28:52Z,2026-08-23T21:28:52+0200,4d5ff379-624b-468c-8e0f-14ae085ed6a5,2026-08-13T07:45:00Z,2026-08-13T09:45:00+0200,29.81,MW,FR,FR,forecast_offshore_wind_generation,Wind Offshore,2026-08-23T19:31:05Z
2026-08-23T19:28:52Z,2026-08-23T21:28:52+0200,4d5ff379-624b-468c-8e0f-14ae085ed6a5,2026-08-13T08:00:00Z,2026-08-13T10:00:00+0200,28.3,MW,FR,FR,forecast_offshore_wind_generation,Wind Offshore,2026-08-23T19:31:05Z
2026-08-23T19:28:52Z,2026-08-23T21:28:52+0200,4d5ff379-624b-468c-8e0f-14ae085ed6a5,2026-08-13T08:15:00Z,2026-08-13T10:15:00+0200,29.29,MW,FR,FR,forecast_offshore_wind_generation,Wind Offshore,2026-08-23T19:31:05Z
2026-08-23T19:28:52Z,2026-08-23T21:28:52+0200,4d5ff379-624b-468c-8e0f-14ae085ed6a5,2026-08-13T08:30:00Z,2026-08-13T10:30:00+0200,30.67,MW,FR,FR,forecast_offshore_wind_generation,Wind Offshore,2026-08-23T19:31:05Z
2026-08-23T19:28:52Z,2026-08-23T21:28:52+0200,4d5ff379-624b-468c-8e0f-14ae085ed6a5,2026-08-13T08:45:00Z,2026-08-13T10:45:00+0200,32.07,MW,FR,FR,forecast_offshore_wind_generation,Wind Offshore,2026-08-23T19:31:05Z
2026-08-23T19:28:52Z,2026-08-23T21:28:52+0200,4d5ff379-624b-468c-8e0f-14ae085ed6a5,2026-08-13T09:00:00Z,2026-08-13T11:00:00+0200,33.45,MW,FR,FR,forecast_offshore_wind_generation,Wind Offshore,2026-08-23T19:31:05Z
2026-08-23T19:28:52Z,2026-08-23T21:28:52+0200,4d5ff379-624b-468c-8e0f-14ae085ed6a5,2026-08-13T09:15:00Z,2026-08-13T11:15:00+0200,37.63,MW,FR,FR,forecast_offshore_wind_generation,Wind Offshore,2026-08-23T19:31:05Z
2026-08-23T19:28:52Z,2026-08-23T21:28:52+0200,4d5ff379-624b-468c-8e0f-14ae085ed6a5,2026-08-13T09:30:00Z,2026-08-13T11:30:00+0200,41.85,MW,FR,FR,forecast_offshore_wind_generation,Wind Offshore,2026-08-23T19:31:05Z
2026-08-23T19:28:52Z,2026-08-23T21:28:52+0200,4d5ff379-624b-468c-8e0f-14ae085ed6a5,2026-08-13T09:45:00Z,2026-08-13T11:45:00+0200,46.06,MW,FR,FR,forecast_offshore_wind_generation,Wind Offshore,2026-08-23T19:31:05Z
2026-08-23T19:28:52Z,2026-08-23T21:28:52+0200,4d5ff379-624b-468c-8e0f-14ae085ed6a5,2026-08-13T10:00:00Z,2026-08-13T12:00:00+0200,50.27,MW,FR,FR,forecast_offshore_wind_generation,Wind Offshore,2026-08-23T19:31:05Z
2026-08-23T19:28:52Z,2026-08-23T21:28:52+0200,4d5ff379-624b-468c-8e0f-14ae085ed6a5,2026-08-13T10:15:00Z,2026-08-13T12:15:00+0200,58.0,MW,FR,FR,forecast_offshore_wind_generation,Wind Offshore,2026-08-23T19:31:05Z
2026-08-23T19:28:52Z,2026-08-23T21:28:52+0200,4d5ff379-624b-468c-8e0f-14ae085ed6a5,2026-08-13T10:30:00Z,2026-08-13T12:30:00+0200,65.7,MW,FR,FR,forecast_offshore_wind_generation,Wind Offshore,2026-08-23T19:31:05Z
2026-08-23T19:28:52Z,2026-08-23T21:28:52+0200,4d5ff379-624b-468c-8e0f-14ae085ed6a5,2026-08-13T10:45:00Z,2026-08-13T12:45:00+0200,73.42,MW,FR,FR,forecast_offshore_wind_generation,Wind Offshore,2026-08-23T19:31:05Z
2026-08-23T19:28:52Z,2026-08-23T21:28:52+0200,4d5ff379-624b-468c-8e0f-14ae085ed6a5,2026-08-13T11:00:00Z,2026-08-13T13:00:00+0200,81.14,MW,FR,FR,forecast_offshore_wind_generation,Wind Offshore,2026-08-23T19:31:05Z
2026-08-23T19:28:52Z,2026-08-23T21:28:52+0200,4d5ff379-624b-468c-8e0f-14ae085ed6a5,2026-08-13T11:15:00Z,2026-08-13T13:15:00+0200,92.23,MW,FR,FR,forecast_offshore_wind_generation,Wind Offshore,2026-08-23T19:31:05Z
2026-08-23T19:28:52Z,2026-08-23T21:28:52+0200,4d5ff379-624b-468c-8e0f-14ae085ed6a5,2026-08-13T11:30:00Z,2026-08-13T13:30:00+0200,103.33,MW,FR,FR,forecast_offshore_wind_generation,Wind Offshore,2026-08-23T19:31:05Z
2026-08-23T19:28:52Z,2026-08-23T21:28:52+0200,4d5ff379-624b-468c-8e0f-14ae085ed6a5,2026-08-13T11:45:00Z,2026-08-13T13:45:00+0200,114.41,MW,FR,FR,forecast_offshore_wind_generation,Wind Offshore,2026-08-23T19:31:05Z
2026-08-23T19:28:52Z,2026-08-23T21:28:52+0200,4d5ff379-624b-468c-8e0f-14ae085ed6a5,2026-08-13T12:00:00Z,2026-08-13T14:00:00+0200,125.52,MW,FR,FR,forecast_offshore_wind_generation,Wind Offshore,2026-08-23T19:31:05Z
2026-08-23T19:28:52Z,2026-08-23T21:28:52+0200,4d5ff379-624b-468c-8e0f-14ae085ed6a5,2026-08-13T12:15:00Z,2026-08-13T14:15:00+0200,145.5,MW,FR,FR,forecast_offshore_wind_generation,Wind Offshore,2026-08-23T19:31:05Z
2026-08-23T19:28:52Z,2026-08-23T21:28:52+0200,4d5ff379-624b-468c-8e0f-14ae085ed6a5,2026-08-13T12:30:00Z,2026-08-13T14:30:00+0200,165.47998,MW,FR,FR,forecast_offshore_wind_generation,Wind Offshore,2026-08-23T19:31:05Z
2026-08-23T19:28:52Z,2026-08-23T21:28:52+0200,4d5ff379-624b-468c-8e0f-14ae085ed6a5,2026-08-13T12:45:00Z,2026-08-13T14:45:00+0200,185.46001,MW,FR,FR,forecast_offshore_wind_generation,Wind Offshore,2026-08-23T19:31:05Z
2026-08-23T19:28:52Z,2026-08-23T21:28:52+0200,4d5ff379-624b-468c-8e0f-14ae085ed6a5,2026-08-13T13:00:00Z,2026-08-13T15:00:00+0200,205.44,MW,FR,FR,forecast_offshore_wind_generation,Wind Offshore,2026-08-23T19:31:05Z
2026-08-23T19:28:52Z,2026-08-23T21:28:52+0200,4d5ff379-624b-468c-8e0f-14ae085ed6a5,2026-08-13T13:15:00Z,2026-08-13T15:15:00+0200,219.2,MW,FR,FR,forecast_offshore_wind_generation,Wind Offshore,2026-08-23T19:31:05Z
2026-08-23T19:28:52Z,2026-08-23T21:28:52+0200,4d5ff379-624b-468c-8e0f-14ae085ed6a5,2026-08-13T13:30:00Z,2026-08-13T15:30:00+0200,232.92999,MW,FR,FR,forecast_offshore_wind_generation,Wind Offshore,2026-08-23T19:31:05Z
2026-08-23T19:28:52Z,2026-08-23T21:28:52+0200,4d5ff379-624b-468c-8e0f-14ae085ed6a5,2026-08-13T13:45:00Z,2026-08-13T15:45:00+0200,246.7,MW,FR,FR,forecast_offshore_wind_generation,Wind Offshore,2026-08-23T19:31:05Z
2026-08-23T19:28:52Z,2026-08-23T21:28:52+0200,4d5ff379-624b-468c-8e0f-14ae085ed6a5,2026-08-13T14:00:00Z,2026-08-13T16:00:00+0200,260.44,MW,FR,FR,forecast_offshore_wind_generation,Wind Offshore,2026-08-23T19:31:05Z
2026-08-23T19:28:52Z,2026-08-23T21:28:52+0200,4d5ff379-624b-468c-8e0f-14ae085ed6a5,2026-08-13T14:15:00Z,2026-08-13T16:15:00+0200,260.70001,MW,FR,FR,forecast_offshore_wind_generation,Wind Offshore,2026-08-23T19:31:05Z
2026-08-23T19:28:52Z,2026-08-23T21:28:52+0200,4d5ff379-624b-468c-8e0f-14ae085ed6a5,2026-08-13T14:30:00Z,2026-08-13T16:30:00+0200,260.96002,MW,FR,FR,forecast_offshore_wind_generation,Wind Offshore,2026-08-23T19:31:05Z
2026-08-23T19:28:52Z,2026-08-23T21:28:52+0200,4d5ff379-624b-468c-8e0f-14ae085ed6a5,2026-08-13T14:45:00Z,2026-08-13T16:45:00+0200,261.23999,MW,FR,FR,forecast_offshore_wind_generation,Wind Offshore,2026-08-23T19:31:05Z
2026-08-23T19:28:52Z,2026-08-23T21:28:52+0200,4d5ff379-624b-468c-8e0f-14ae085ed6a5,2026-08-13T15:00:00Z,2026-08-13T17:00:00+0200,261.48999,MW,FR,FR,forecast_offshore_wind_generation,Wind Offshore,2026-08-23T19:31:05Z
2026-08-23T19:28:52Z,2026-08-23T21:28:52+0200,4d5ff379-624b-468c-8e0f-14ae085ed6a5,2026-08-13T15:15:00Z,2026-08-13T17:15:00+0200,272.01999,MW,FR,FR,forecast_offshore_wind_generation,Wind Offshore,2026-08-23T19:31:05Z
2026-08-23T19:28:52Z,2026-08-23T21:28:52+0200,4d5ff379-624b-468c-8e0f-14ae085ed6a5,2026-08-13T15:30:00Z,2026-08-13T17:30:00+0200,282.52002,MW,FR,FR,forecast_offshore_wind_generation,Wind Offshore,2026-08-23T19:31:05Z
2026-08-23T19:28:52Z,2026-08-23T21:28:52+0200,4d5ff379-624b-468c-8e0f-14ae085ed6a5,2026-08-13T15:45:00Z,2026-08-13T17:45:00+0200,293.04999,MW,FR,FR,forecast_offshore_wind_generation,Wind Offshore,2026-08-23T19:31:05Z
2026-08-23T19:28:52Z,2026-08-23T21:28:52+0200,4d5ff379-624b-468c-8e0f-14ae085ed6a5,2026-08-13T16:00:00Z,2026-08-13T18:00:00+0200,303.56998,MW,FR,FR,forecast_offshore_wind_generation,Wind Offshore,2026-08-23T19:31:05Z
2026-08-23T19:28:52Z,2026-08-23T21:28:52+0200,4d5ff379-624b-468c-8e0f-14ae085ed6a5,2026-08-13T16:15:00Z,2026-08-13T18:15:00+0200,336.14001,MW,FR,FR,forecast_offshore_wind_generation,Wind Offshore,2026-08-23T19:31:05Z
2026-08-23T19:28:52Z,2026-08-23T21:28:52+0200,4d5ff379-624b-468c-8e0f-14ae085ed6a5,2026-08-13T16:30:00Z,2026-08-13T18:30:00+0200,368.71002,MW,FR,FR,forecast_offshore_wind_generation,Wind Offshore,2026-08-23T19:31:05Z
2026-08-23T19:28:52Z,2026-08-23T21:28:52+0200,4d5ff379-624b-468c-8e0f-14ae085ed6a5,2026-08-13T16:45:00Z,2026-08-13T18:45:00+0200,401.26999,MW,FR,FR,forecast_offshore_wind_generation,Wind Offshore,2026-08-23T19:31:05Z
2026-08-23T19:28:52Z,2026-08-23T21:28:52+0200,4d5ff379-624b-468c-8e0f-14ae085ed6a5,2026-08-13T17:00:00Z,2026-08-13T19:00:00+0200,433.85001,MW,FR,FR,forecast_offshore_wind_generation,Wind Offshore,2026-08-23T19:31:05Z
2026-08-23T19:28:52Z,2026-08-23T21:28:52+0200,4d5ff379-624b-468c-8e0f-14ae085ed6a5,2026-08-13T17:15:00Z,2026-08-13T19:15:00+0200,470.00998,MW,FR,FR,forecast_offshore_wind_generation,Wind Offshore,2026-08-23T19:31:05Z
2026-08-23T19:28:52Z,2026-08-23T21:28:52+0200,4d5ff379-624b-468c-8e0f-14ae085ed6a5,2026-08-13T17:30:00Z,2026-08-13T19:30:00+0200,506.19,MW,FR,FR,forecast_offshore_wind_generation,Wind Offshore,2026-08-23T19:31:05Z
2026-08-23T19:28:52Z,2026-08-23T21:28:52+0200,4d5ff379-624b-468c-8e0f-14ae085ed6a5,2026-08-13T17:45:00Z,2026-08-13T19:45:00+0200,542.37,MW,FR,FR,forecast_offshore_wind_generation,Wind Offshore,2026-08-23T19:31:05Z
2026-08-23T19:28:52Z,2026-08-23T21:28:52+0200,4d5ff379-624b-468c-8e0f-14ae085ed6a5,2026-08-13T18:00:00Z,2026-08-13T20:00:00+0200,578.55005,MW,FR,FR,forecast_offshore_wind_generation,Wind Offshore,2026-08-23T19:31:05Z
2026-08-23T19:28:52Z,2026-08-23T21:28:52+0200,4d5ff379-624b-468c-8e0f-14ae085ed6a5,2026-08-13T18:15:00Z,2026-08-13T20:15:00+0200,582.04999,MW,FR,FR,forecast_offshore_wind_generation,Wind Offshore,2026-08-23T19:31:05Z
2026-08-23T19:28:52Z,2026-08-23T21:28:52+0200,4d5ff379-624b-468c-8e0f-14ae085ed6a5,2026-08-13T18:30:00Z,2026-08-13T20:30:00+0200,585.54999,MW,FR,FR,forecast_offshore_wind_generation,Wind Offshore,2026-08-23T19:31:05Z
2026-08-23T19:28:52Z,2026-08-23T21:28:52+0200,4d5ff379-624b-468c-8e0f-14ae085ed6a5,2026-08-13T18:45:00Z,2026-08-13T20:45:00+0200,589.04004,MW,FR,FR,forecast_offshore_wind_generation,Wind Offshore,2026-08-23T19:31:05Z
2026-08-23T19:28:52Z,2026-08-23T21:28:52+0200,4d5ff379-624b-468c-8e0f-14ae085ed6a5,2026-08-13T19:00:00Z,2026-08-13T21:00:00+0200,592.52997,MW,FR,FR,forecast_offshore_wind_generation,Wind Offshore,2026-08-23T19:31:05Z
2026-08-23T19:28:52Z,2026-08-23T21:28:52+0200,4d5ff379-624b-468c-8e0f-14ae085ed6a5,2026-08-13T19:15:00Z,2026-08-13T21:15:00+0200,580.97998,MW,FR,FR,forecast_offshore_wind_generation,Wind Offshore,2026-08-23T19:31:05Z
2026-08-23T19:28:52Z,2026-08-23T21:28:52+0200,4d5ff379-624b-468c-8e0f-14ae085ed6a5,2026-08-13T19:30:00Z,2026-08-13T21:30:00+0200,569.45001,MW,FR,FR,forecast_offshore_wind_generation,Wind Offshore,2026-08-23T19:31:05Z
2026-08-23T19:28:52Z,2026-08-23T21:28:52+0200,4d5ff379-624b-468c-8e0f-14ae085ed6a5,2026-08-13T19:45:00Z,2026-08-13T21:45:00+0200,557.90997,MW,FR,FR,forecast_offshore_wind_generation,Wind Offshore,2026-08-23T19:31:05Z
2026-08-23T19:28:52Z,2026-08-23T21:28:52+0200,4d5ff379-624b-468c-8e0f-14ae085ed6a5,2026-08-13T20:00:00Z,2026-08-13T22:00:00+0200,546.37,MW,FR,FR,forecast_offshore_wind_generation,Wind Offshore,2026-08-23T19:31:05Z
2026-08-23T19:28:52Z,2026-08-23T21:28:52+0200,4d5ff379-624b-468c-8e0f-14ae085ed6a5,2026-08-13T20:15:00Z,2026-08-13T22:15:00+0200,543.72003,MW,FR,FR,forecast_offshore_wind_generation,Wind Offshore,2026-08-23T19:31:05Z
2026-08-23T19:28:52Z,2026-08-23T21:28:52+0200,4d5ff379-624b-468c-8e0f-14ae085ed6a5,2026-08-13T20:30:00Z,2026-08-13T22:30:00+0200,541.07001,MW,FR,FR,forecast_offshore_wind_generation,Wind Offshore,2026-08-23T19:31:05Z
2026-08-23T19:28:52Z,2026-08-23T21:28:52+0200,4d5ff379-624b-468c-8e0f-14ae085ed6a5,2026-08-13T20:45:00Z,2026-08-13T22:45:00+0200,538.40997,MW,FR,FR,forecast_offshore_wind_generation,Wind Offshore,2026-08-23T19:31:05Z
2026-08-23T19:28:52Z,2026-08-23T21:28:52+0200,4d5ff379-624b-468c-8e0f-14ae085ed6a5,2026-08-13T21:00:00Z,2026-08-13T23:00:00+0200,535.72998,MW,FR,FR,forecast_offshore_wind_generation,Wind Offshore,2026-08-23T19:31:05Z
2026-08-23T19:28:52Z,2026-08-23T21:28:52+0200,4d5ff379-624b-468c-8e0f-14ae085ed6a5,2026-08-13T21:15:00Z,2026-08-13T23:15:00+0200,521.22998,MW,FR,FR,forecast_offshore_wind_generation,Wind Offshore,2026-08-23T19:31:05Z
2026-08-23T19:28:52Z,2026-08-23T21:28:52+0200,4d5ff379-624b-468c-8e0f-14ae085ed6a5,2026-08-13T21:30:00Z,2026-08-13T23:30:00+0200,506.72,MW,FR,FR,forecast_offshore_wind_generation,Wind Offshore,2026-08-23T19:31:05Z
2026-08-23T19:28:52Z,2026-08-23T21:28:52+0200,4d5ff379-624b-468c-8e0f-14ae085ed6a5,2026-08-13T21:45:00Z,2026-08-13T23:45:00+0200,492.20001,MW,FR,FR,forecast_offshore_wind_generation,Wind Offshore,2026-08-23T19:31:05Z
2026-08-23T19:28:52Z,2026-08-23T21:28:52+0200,4d5ff379-624b-468c-8e0f-14ae085ed6a5,2026-08-13T22:00:00Z,2026-08-14T00:00:00+0200,420.5,MW,FR,FR,forecast_offshore_wind_generation,Wind Offshore,2026-08-23T19:31:05Z
2026-08-23T19:28:52Z,2026-08-23T21:28:52+0200,4d5ff379-624b-468c-8e0f-14ae085ed6a5,2026-08-13T22:15:00Z,2026-08-14T00:15:00+0200,444.40002,MW,FR,FR,forecast_offshore_wind_generation,Wind Offshore,2026-08-23T19:31:05Z
2026-08-23T19:28:52Z,2026-08-23T21:28:52+0200,4d5ff379-624b-468c-8e0f-14ae085ed6a5,2026-08-13T22:30:00Z,2026-08-14T00:30:00+0200,468.30002,MW,FR,FR,forecast_offshore_wind_generation,Wind Offshore,2026-08-23T19:31:05Z
2026-08-23T19:28:52Z,2026-08-23T21:28:52+0200,4d5ff379-624b-468c-8e0f-14ae085ed6a5,2026-08-13T22:45:00Z,2026-08-14T00:45:00+0200,492.20001,MW,FR,FR,forecast_offshore_wind_generation,Wind Offshore,2026-08-23T19:31:05Z
2026-08-23T19:28:52Z,2026-08-23T21:28:52+0200,4d5ff379-624b-468c-8e0f-14ae085ed6a5,2026-08-13T23:00:00Z,2026-08-14T01:00:00+0200,516.08997,MW,FR,FR,forecast_offshore_wind_generation,Wind Offshore,2026-08-23T19:31:05Z
2026-08-23T19:28:52Z,2026-08-23T21:28:52+0200,4d5ff379-624b-468c-8e0f-14ae085ed6a5,2026-08-13T23:15:00Z,2026-08-14T01:15:00+0200,509.98999,MW,FR,FR,forecast_offshore_wind_generation,Wind Offshore,2026-08-23T19:31:05Z
2026-08-23T19:28:52Z,2026-08-23T21:28:52+0200,4d5ff379-624b-468c-8e0f-14ae085ed6a5,2026-08-13T23:30:00Z,2026-08-14T01:30:00+0200,503.90002,MW,FR,FR,forecast_offshore_wind_generation,Wind Offshore,2026-08-23T19:31:05Z
2026-08-23T19:28:52Z,2026-08-23T21:28:52+0200,4d5ff379-624b-468c-8e0f-14ae085ed6a5,2026-08-13T23:45:00Z,2026-08-14T01:45:00+0200,497.79999,MW,FR,FR,forecast_offshore_wind_generation,Wind Offshore,2026-08-23T19:31:05Z
2026-08-23T19:28:52Z,2026-08-23T21:28:52+0200,4d5ff379-624b-468c-8e0f-14ae085ed6a5,2026-08-14T00:00:00Z,2026-08-14T02:00:00+0200,491.74002,MW,FR,FR,forecast_offshore_wind_generation,Wind Offshore,2026-08-23T19:31:05Z
2026-08-23T19:28:52Z,2026-08-23T21:28:52+0200,4d5ff379-624b-468c-8e0f-14ae085ed6a5,2026-08-14T00:15:00Z,2026-08-14T02:15:00+0200,479.37,MW,FR,FR,forecast_offshore_wind_generation,Wind Offshore,2026-08-23T19:31:05Z
2026-08-23T19:28:52Z,2026-08-23T21:28:52+0200,4d5ff379-624b-468c-8e0f-14ae085ed6a5,2026-08-14T00:30:00Z,2026-08-14T02:30:00+0200,467.02002,MW,FR,FR,forecast_offshore_wind_generation,Wind Offshore,2026-08-23T19:31:05Z
2026-08-23T19:28:52Z,2026-08-23T21:28:52+0200,4d5ff379-624b-468c-8e0f-14ae085ed6a5,2026-08-14T00:45:00Z,2026-08-14T02:45:00+0200,454.67999,MW,FR,FR,forecast_offshore_wind_generation,Wind Offshore,2026-08-23T19:31:05Z
2026-08-23T19:28:52Z,2026-08-23T21:28:52+0200,4d5ff379-624b-468c-8e0f-14ae085ed6a5,2026-08-14T01:00:00Z,2026-08-14T03:00:00+0200,442.34,MW,FR,FR,forecast_offshore_wind_generation,Wind Offshore,2026-08-23T19:31:05Z
2026-08-23T19:28:52Z,2026-08-23T21:28:52+0200,4d5ff379-624b-468c-8e0f-14ae085ed6a5,2026-08-14T01:15:00Z,2026-08-14T03:15:00+0200,431.69,MW,FR,FR,forecast_offshore_wind_generation,Wind Offshore,2026-08-23T19:31:05Z
2026-08-23T19:28:52Z,2026-08-23T21:28:52+0200,4d5ff379-624b-468c-8e0f-14ae085ed6a5,2026-08-14T01:30:00Z,2026-08-14T03:30:00+0200,421.04001,MW,FR,FR,forecast_offshore_wind_generation,Wind Offshore,2026-08-23T19:31:05Z
2026-08-23T19:28:52Z,2026-08-23T21:28:52+0200,4d5ff379-624b-468c-8e0f-14ae085ed6a5,2026-08-14T01:45:00Z,2026-08-14T03:45:00+0200,410.39001,MW,FR,FR,forecast_offshore_wind_generation,Wind Offshore,2026-08-23T19:31:05Z
2026-08-23T19:28:52Z,2026-08-23T21:28:52+0200,4d5ff379-624b-468c-8e0f-14ae085ed6a5,2026-08-14T02:00:00Z,2026-08-14T04:00:00+0200,399.73999,MW,FR,FR,forecast_offshore_wind_generation,Wind Offshore,2026-08-23T19:31:05Z
2026-08-23T19:28:52Z,2026-08-23T21:28:52+0200,4d5ff379-624b-468c-8e0f-14ae085ed6a5,2026-08-14T02:15:00Z,2026-08-14T04:15:00+0200,388.89999,MW,FR,FR,forecast_offshore_wind_generation,Wind Offshore,2026-08-23T19:31:05Z
2026-08-23T19:28:52Z,2026-08-23T21:28:52+0200,4d5ff379-624b-468c-8e0f-14ae085ed6a5,2026-08-14T02:30:00Z,2026-08-14T04:30:00+0200,378.07001,MW,FR,FR,forecast_offshore_wind_generation,Wind Offshore,2026-08-23T19:31:05Z
2026-08-23T19:28:52Z,2026-08-23T21:28:52+0200,4d5ff379-624b-468c-8e0f-14ae085ed6a5,2026-08-14T02:45:00Z,2026-08-14T04:45:00+0200,367.25003,MW,FR,FR,forecast_offshore_wind_generation,Wind Offshore,2026-08-23T19:31:05Z
2026-08-23T19:28:52Z,2026-08-23T21:28:52+0200,4d5ff379-624b-468c-8e0f-14ae085ed6a5,2026-08-14T03:00:00Z,2026-08-14T05:00:00+0200,356.41,MW,FR,FR,forecast_offshore_wind_generation,Wind Offshore,2026-08-23T19:31:05Z
2026-08-23T19:28:52Z,2026-08-23T21:28:52+0200,4d5ff379-624b-468c-8e0f-14ae085ed6a5,2026-08-14T03:15:00Z,2026-08-14T05:15:00+0200,345.09,MW,FR,FR,forecast_offshore_wind_generation,Wind Offshore,2026-08-23T19:31:05Z
2026-08-23T19:28:52Z,2026-08-23T21:28:52+0200,4d5ff379-624b-468c-8e0f-14ae085ed6a5,2026-08-14T03:30:00Z,2026-08-14T05:30:00+0200,333.77002,MW,FR,FR,forecast_offshore_wind_generation,Wind Offshore,2026-08-23T19:31:05Z
2026-08-23T19:28:52Z,2026-08-23T21:28:52+0200,4d5ff379-624b-468c-8e0f-14ae085ed6a5,2026-08-14T03:45:00Z,2026-08-14T05:45:00+0200,322.45001,MW,FR,FR,forecast_offshore_wind_generation,Wind Offshore,2026-08-23T19:31:05Z
2026-08-23T19:28:52Z,2026-08-23T21:28:52+0200,4d5ff379-624b-468c-8e0f-14ae085ed6a5,2026-08-14T04:00:00Z,2026-08-14T06:00:00+0200,311.12,MW,FR,FR,forecast_offshore_wind_generation,Wind Offshore,2026-08-23T19:31:05Z
2026-08-23T19:28:52Z,2026-08-23T21:28:52+0200,4d5ff379-624b-468c-8e0f-14ae085ed6a5,2026-08-14T04:15:00Z,2026-08-14T06:15:00+0200,304.53,MW,FR,FR,forecast_offshore_wind_generation,Wind Offshore,2026-08-23T19:31:05Z
2026-08-23T19:28:52Z,2026-08-23T21:28:52+0200,4d5ff379-624b-468c-8e0f-14ae085ed6a5,2026-08-14T04:30:00Z,2026-08-14T06:30:00+0200,297.95001,MW,FR,FR,forecast_offshore_wind_generation,Wind Offshore,2026-08-23T19:31:05Z
2026-08-23T19:28:52Z,2026-08-23T21:28:52+0200,4d5ff379-624b-468c-8e0f-14ae085ed6a5,2026-08-14T04:45:00Z,2026-08-14T06:45:00+0200,291.37,MW,FR,FR,forecast_offshore_wind_generation,Wind Offshore,2026-08-23T19:31:05Z
2026-08-23T19:28:52Z,2026-08-23T21:28:52+0200,4d5ff379-624b-468c-8e0f-14ae085ed6a5,2026-08-14T05:00:00Z,2026-08-14T07:00:00+0200,284.76999,MW,FR,FR,forecast_offshore_wind_generation,Wind Offshore,2026-08-23T19:31:05Z
2026-08-23T19:28:52Z,2026-08-23T21:28:52+0200,4d5ff379-624b-468c-8e0f-14ae085ed6a5,2026-08-14T05:15:00Z,2026-08-14T07:15:00+0200,292.84,MW,FR,FR,forecast_offshore_wind_generation,Wind Offshore,2026-08-23T19:31:05Z
2026-08-23T19:28:52Z,2026-08-23T21:28:52+0200,4d5ff379-624b-468c-8e0f-14ae085ed6a5,2026-08-14T05:30:00Z,2026-08-14T07:30:00+0200,300.89996,MW,FR,FR,forecast_offshore_wind_generation,Wind Offshore,2026-08-23T19:31:05Z
2026-08-23T19:28:52Z,2026-08-23T21:28:52+0200,4d5ff379-624b-468c-8e0f-14ae085ed6a5,2026-08-14T05:45:00Z,2026-08-14T07:45:00+0200,308.95999,MW,FR,FR,forecast_offshore_wind_generation,Wind Offshore,2026-08-23T19:31:05Z
2026-08-23T19:28:52Z,2026-08-23T21:28:52+0200,4d5ff379-624b-468c-8e0f-14ae085ed6a5,2026-08-14T06:00:00Z,2026-08-14T08:00:00+0200,317.01999,MW,FR,FR,forecast_offshore_wind_generation,Wind Offshore,2026-08-23T19:31:05Z
2026-08-23T19:28:52Z,2026-08-23T21:28:52+0200,4d5ff379-624b-468c-8e0f-14ae085ed6a5,2026-08-14T06:15:00Z,2026-08-14T08:15:00+0200,325.64999,MW,FR,FR,forecast_offshore_wind_generation,Wind Offshore,2026-08-23T19:31:05Z
2026-08-23T19:28:52Z,2026-08-23T21:28:52+0200,4d5ff379-624b-468c-8e0f-14ae085ed6a5,2026-08-14T06:30:00Z,2026-08-14T08:30:00+0200,334.29001,MW,FR,FR,forecast_offshore_wind_generation,Wind Offshore,2026-08-23T19:31:05Z
2026-08-23T19:28:52Z,2026-08-23T21:28:52+0200,4d5ff379-624b-468c-8e0f-14ae085ed6a5,2026-08-14T06:45:00Z,2026-08-14T08:45:00+0200,342.91998,MW,FR,FR,forecast_offshore_wind_generation,Wind Offshore,2026-08-23T19:31:05Z
2026-08-23T19:28:52Z,2026-08-23T21:28:52+0200,4d5ff379-624b-468c-8e0f-14ae085ed6a5,2026-08-14T07:00:00Z,2026-08-14T09:00:00+0200,351.53998,MW,FR,FR,forecast_offshore_wind_generation,Wind Offshore,2026-08-23T19:31:05Z
2026-08-23T19:28:52Z,2026-08-23T21:28:52+0200,4d5ff379-624b-468c-8e0f-14ae085ed6a5,2026-08-14T07:15:00Z,2026-08-14T09:15:00+0200,346.37,MW,FR,FR,forecast_offshore_wind_generation,Wind Offshore,2026-08-23T19:31:05Z
2026-08-23T19:28:52Z,2026-08-23T21:28:52+0200,4d5ff379-624b-468c-8e0f-14ae085ed6a5,2026-08-14T07:30:00Z,2026-08-14T09:30:00+0200,341.21002,MW,FR,FR,forecast_offshore_wind_generation,Wind Offshore,2026-08-23T19:31:05Z
2026-08-23T19:28:52Z,2026-08-23T21:28:52+0200,4d5ff379-624b-468c-8e0f-14ae085ed6a5,2026-08-14T07:45:00Z,2026-08-14T09:45:00+0200,336.03,MW,FR,FR,forecast_offshore_wind_generation,Wind Offshore,2026-08-23T19:31:05Z
2026-08-23T19:28:52Z,2026-08-23T21:28:52+0200,4d5ff379-624b-468c-8e0f-14ae085ed6a5,2026-08-14T08:00:00Z,2026-08-14T10:00:00+0200,330.85999,MW,FR,FR,forecast_offshore_wind_generation,Wind Offshore,2026-08-23T19:31:05Z
2026-08-23T19:28:52Z,2026-08-23T21:28:52+0200,4d5ff379-624b-468c-8e0f-14ae085ed6a5,2026-08-14T08:15:00Z,2026-08-14T10:15:00+0200,311.92001,MW,FR,FR,forecast_offshore_wind_generation,Wind Offshore,2026-08-23T19:31:05Z
2026-08-23T19:28:52Z,2026-08-23T21:28:52+0200,4d5ff379-624b-468c-8e0f-14ae085ed6a5,2026-08-14T08:30:00Z,2026-08-14T10:30:00+0200,293.0,MW,FR,FR,forecast_offshore_wind_generation,Wind Offshore,2026-08-23T19:31:05Z
2026-08-23T19:28:52Z,2026-08-23T21:28:52+0200,4d5ff379-624b-468c-8e0f-14ae085ed6a5,2026-08-14T08:45:00Z,2026-08-14T10:45:00+0200,274.06,MW,FR,FR,forecast_offshore_wind_generation,Wind Offshore,2026-08-23T19:31:05Z
2026-08-23T19:28:52Z,2026-08-23T21:28:52+0200,4d5ff379-624b-468c-8e0f-14ae085ed6a5,2026-08-14T09:00:00Z,2026-08-14T11:00:00+0200,255.14,MW,FR,FR,forecast_offshore_wind_generation,Wind Offshore,2026-08-23T19:31:05Z
2026-08-23T19:28:52Z,2026-08-23T21:28:52+0200,4d5ff379-624b-468c-8e0f-14ae085ed6a5,2026-08-14T09:15:00Z,2026-08-14T11:15:00+0200,244.59,MW,FR,FR,forecast_offshore_wind_generation,Wind Offshore,2026-08-23T19:31:05Z
2026-08-23T19:28:52Z,2026-08-23T21:28:52+0200,4d5ff379-624b-468c-8e0f-14ae085ed6a5,2026-08-14T09:30:00Z,2026-08-14T11:30:00+0200,234.07001,MW,FR,FR,forecast_offshore_wind_generation,Wind Offshore,2026-08-23T19:31:05Z
2026-08-23T19:28:52Z,2026-08-23T21:28:52+0200,4d5ff379-624b-468c-8e0f-14ae085ed6a5,2026-08-14T09:45:00Z,2026-08-14T11:45:00+0200,223.52002,MW,FR,FR,forecast_offshore_wind_generation,Wind Offshore,2026-08-23T19:31:05Z
2026-08-23T19:28:52Z,2026-08-23T21:28:52+0200,4d5ff379-624b-468c-8e0f-14ae085ed6a5,2026-08-14T10:00:00Z,2026-08-14T12:00:00+0200,212.98999,MW,FR,FR,forecast_offshore_wind_generation,Wind Offshore,2026-08-23T19:31:05Z
2026-08-23T19:28:52Z,2026-08-23T21:28:52+0200,4d5ff379-624b-468c-8e0f-14ae085ed6a5,2026-08-14T10:15:00Z,2026-08-14T12:15:00+0200,205.78,MW,FR,FR,forecast_offshore_wind_generation,Wind Offshore,2026-08-23T19:31:05Z
2026-08-23T19:28:52Z,2026-08-23T21:28:52+0200,4d5ff379-624b-468c-8e0f-14ae085ed6a5,2026-08-14T10:30:00Z,2026-08-14T12:30:00+0200,198.56,MW,FR,FR,forecast_offshore_wind_generation,Wind Offshore,2026-08-23T19:31:05Z
2026-08-23T19:28:52Z,2026-08-23T21:28:52+0200,4d5ff379-624b-468c-8e0f-14ae085ed6a5,2026-08-14T10:45:00Z,2026-08-14T12:45:00+0200,191.35001,MW,FR,FR,forecast_offshore_wind_generation,Wind Offshore,2026-08-23T19:31:05Z
2026-08-23T19:28:52Z,2026-08-23T21:28:52+0200,4d5ff379-624b-468c-8e0f-14ae085ed6a5,2026-08-14T11:00:00Z,2026-08-14T13:00:00+0200,184.14001,MW,FR,FR,forecast_offshore_wind_generation,Wind Offshore,2026-08-23T19:31:05Z
2026-08-23T19:28:52Z,2026-08-23T21:28:52+0200,4d5ff379-624b-468c-8e0f-14ae085ed6a5,2026-08-14T11:15:00Z,2026-08-14T13:15:00+0200,186.14999,MW,FR,FR,forecast_offshore_wind_generation,Wind Offshore,2026-08-23T19:31:05Z
2026-08-23T19:28:52Z,2026-08-23T21:28:52+0200,4d5ff379-624b-468c-8e0f-14ae085ed6a5,2026-08-14T11:30:00Z,2026-08-14T13:30:00+0200,188.14999,MW,FR,FR,forecast_offshore_wind_generation,Wind Offshore,2026-08-23T19:31:05Z
2026-08-23T19:28:52Z,2026-08-23T21:28:52+0200,4d5ff379-624b-468c-8e0f-14ae085ed6a5,2026-08-14T11:45:00Z,2026-08-14T13:45:00+0200,190.16,MW,FR,FR,forecast_offshore_wind_generation,Wind Offshore,2026-08-23T19:31:05Z
2026-08-23T19:28:52Z,2026-08-23T21:28:52+0200,4d5ff379-624b-468c-8e0f-14ae085ed6a5,2026-08-14T12:00:00Z,2026-08-14T14:00:00+0200,192.17,MW,FR,FR,forecast_offshore_wind_generation,Wind Offshore,2026-08-23T19:31:05Z
2026-08-23T19:28:52Z,2026-08-23T21:28:52+0200,4d5ff379-624b-468c-8e0f-14ae085ed6a5,2026-08-14T12:15:00Z,2026-08-14T14:15:00+0200,213.25,MW,FR,FR,forecast_offshore_wind_generation,Wind Offshore,2026-08-23T19:31:05Z
2026-08-23T19:28:52Z,2026-08-23T21:28:52+0200,4d5ff379-624b-468c-8e0f-14ae085ed6a5,2026-08-14T12:30:00Z,2026-08-14T14:30:00+0200,234.34999,MW,FR,FR,forecast_offshore_wind_generation,Wind Offshore,2026-08-23T19:31:05Z
2026-08-23T19:28:52Z,2026-08-23T21:28:52+0200,4d5ff379-624b-468c-8e0f-14ae085ed6a5,2026-08-14T12:45:00Z,2026-08-14T14:45:00+0200,255.45001,MW,FR,FR,forecast_offshore_wind_generation,Wind Offshore,2026-08-23T19:31:05Z
2026-08-23T19:28:52Z,2026-08-23T21:28:52+0200,4d5ff379-624b-468c-8e0f-14ae085ed6a5,2026-08-14T13:00:00Z,2026-08-14T15:00:00+0200,276.54001,MW,FR,FR,forecast_offshore_wind_generation,Wind Offshore,2026-08-23T19:31:05Z
2026-08-23T19:28:52Z,2026-08-23T21:28:52+0200,4d5ff379-624b-468c-8e0f-14ae085ed6a5,2026-08-14T13:15:00Z,2026-08-14T15:15:00+0200,297.5,MW,FR,FR,forecast_offshore_wind_generation,Wind Offshore,2026-08-23T19:31:05Z
2026-08-23T19:28:52Z,2026-08-23T21:28:52+0200,4d5ff379-624b-468c-8e0f-14ae085ed6a5,2026-08-14T13:30:00Z,2026-08-14T15:30:00+0200,318.44998,MW,FR,FR,forecast_offshore_wind_generation,Wind Offshore,2026-08-23T19:31:05Z
2026-08-23T19:28:52Z,2026-08-23T21:28:52+0200,4d5ff379-624b-468c-8e0f-14ae085ed6a5,2026-08-14T13:45:00Z,2026-08-14T15:45:00+0200,339.38998,MW,FR,FR,forecast_offshore_wind_generation,Wind Offshore,2026-08-23T19:31:05Z
2026-08-23T19:28:52Z,2026-08-23T21:28:52+0200,4d5ff379-624b-468c-8e0f-14ae085ed6a5,2026-08-14T14:00:00Z,2026-08-14T16:00:00+0200,360.35001,MW,FR,FR,forecast_offshore_wind_generation,Wind Offshore,2026-08-23T19:31:05Z
2026-08-23T19:28:52Z,2026-08-23T21:28:52+0200,4d5ff379-624b-468c-8e0f-14ae085ed6a5,2026-08-14T14:15:00Z,2026-08-14T16:15:00+0200,385.29999,MW,FR,FR,forecast_offshore_wind_generation,Wind Offshore,2026-08-23T19:31:05Z
2026-08-23T19:28:52Z,2026-08-23T21:28:52+0200,4d5ff379-624b-468c-8e0f-14ae085ed6a5,2026-08-14T14:30:00Z,2026-08-14T16:30:00+0200,410.23999,MW,FR,FR,forecast_offshore_wind_generation,Wind Offshore,2026-08-23T19:31:05Z
2026-08-23T19:28:52Z,2026-08-23T21:28:52+0200,4d5ff379-624b-468c-8e0f-14ae085ed6a5,2026-08-14T14:45:00Z,2026-08-14T16:45:00+0200,435.16998,MW,FR,FR,forecast_offshore_wind_generation,Wind Offshore,2026-08-23T19:31:05Z
2026-08-23T19:28:52Z,2026-08-23T21:28:52+0200,4d5ff379-624b-468c-8e0f-14ae085ed6a5,2026-08-14T15:00:00Z,2026-08-14T17:00:00+0200,460.13,MW,FR,FR,forecast_offshore_wind_generation,Wind Offshore,2026-08-23T19:31:05Z
2026-08-23T19:28:52Z,2026-08-23T21:28:52+0200,4d5ff379-624b-468c-8e0f-14ae085ed6a5,2026-08-14T15:15:00Z,2026-08-14T17:15:00+0200,502.33997,MW,FR,FR,forecast_offshore_wind_generation,Wind Offshore,2026-08-23T19:31:05Z
2026-08-23T19:28:52Z,2026-08-23T21:28:52+0200,4d5ff379-624b-468c-8e0f-14ae085ed6a5,2026-08-14T15:30:00Z,2026-08-14T17:30:00+0200,544.54004,MW,FR,FR,forecast_offshore_wind_generation,Wind Offshore,2026-08-23T19:31:05Z
2026-08-23T19:28:52Z,2026-08-23T21:28:52+0200,4d5ff379-624b-468c-8e0f-14ae085ed6a5,2026-08-14T15:45:00Z,2026-08-14T17:45:00+0200,586.73999,MW,FR,FR,forecast_offshore_wind_generation,Wind Offshore,2026-08-23T19:31:05Z
2026-08-23T19:28:52Z,2026-08-23T21:28:52+0200,4d5ff379-624b-468c-8e0f-14ae085ed6a5,2026-08-14T16:00:00Z,2026-08-14T18:00:00+0200,628.94006,MW,FR,FR,forecast_offshore_wind_generation,Wind Offshore,2026-08-23T19:31:05Z
2026-08-23T19:28:52Z,2026-08-23T21:28:52+0200,4d5ff379-624b-468c-8e0f-14ae085ed6a5,2026-08-14T16:15:00Z,2026-08-14T18:15:00+0200,651.27002,MW,FR,FR,forecast_offshore_wind_generation,Wind Offshore,2026-08-23T19:31:05Z
2026-08-23T19:28:52Z,2026-08-23T21:28:52+0200,4d5ff379-624b-468c-8e0f-14ae085ed6a5,2026-08-14T16:30:00Z,2026-08-14T18:30:00+0200,673.57001,MW,FR,FR,forecast_offshore_wind_generation,Wind Offshore,2026-08-23T19:31:05Z
2026-08-23T19:28:52Z,2026-08-23T21:28:52+0200,4d5ff379-624b-468c-8e0f-14ae085ed6a5,2026-08-14T16:45:00Z,2026-08-14T18:45:00+0200,695.91003,MW,FR,FR,forecast_offshore_wind_generation,Wind Offshore,2026-08-23T19:31:05Z
2026-08-23T19:28:52Z,2026-08-23T21:28:52+0200,4d5ff379-624b-468c-8e0f-14ae085ed6a5,2026-08-14T17:00:00Z,2026-08-14T19:00:00+0200,718.20996,MW,FR,FR,forecast_offshore_wind_generation,Wind Offshore,2026-08-23T19:31:05Z
2026-08-23T19:28:52Z,2026-08-23T21:28:52+0200,4d5ff379-624b-468c-8e0f-14ae085ed6a5,2026-08-14T17:15:00Z,2026-08-14T19:15:00+0200,663.77002,MW,FR,FR,forecast_offshore_wind_generation,Wind Offshore,2026-08-23T19:31:05Z
2026-08-23T19:28:52Z,2026-08-23T21:28:52+0200,4d5ff379-624b-468c-8e0f-14ae085ed6a5,2026-08-14T17:30:00Z,2026-08-14T19:30:00+0200,609.33002,MW,FR,FR,forecast_offshore_wind_generation,Wind Offshore,2026-08-23T19:31:05Z
2026-08-23T19:28:52Z,2026-08-23T21:28:52+0200,4d5ff379-624b-468c-8e0f-14ae085ed6a5,2026-08-14T17:45:00Z,2026-08-14T19:45:00+0200,554.88,MW,FR,FR,forecast_offshore_wind_generation,Wind Offshore,2026-08-23T19:31:05Z
2026-08-23T19:28:52Z,2026-08-23T21:28:52+0200,4d5ff379-624b-468c-8e0f-14ae085ed6a5,2026-08-14T18:00:00Z,2026-08-14T20:00:00+0200,500.44,MW,FR,FR,forecast_offshore_wind_generation,Wind Offshore,2026-08-23T19:31:05Z
2026-08-23T19:28:52Z,2026-08-23T21:28:52+0200,4d5ff379-624b-468c-8e0f-14ae085ed6a5,2026-08-14T18:15:00Z,2026-08-14T20:15:00+0200,450.96002,MW,FR,FR,forecast_offshore_wind_generation,Wind Offshore,2026-08-23T19:31:05Z
2026-08-23T19:28:52Z,2026-08-23T21:28:52+0200,4d5ff379-624b-468c-8e0f-14ae085ed6a5,2026-08-14T18:30:00Z,2026-08-14T20:30:00+0200,401.47,MW,FR,FR,forecast_offshore_wind_generation,Wind Offshore,2026-08-23T19:31:05Z
2026-08-23T19:28:52Z,2026-08-23T21:28:52+0200,4d5ff379-624b-468c-8e0f-14ae085ed6a5,2026-08-14T18:45:00Z,2026-08-14T20:45:00+0200,351.97,MW,FR,FR,forecast_offshore_wind_generation,Wind Offshore,2026-08-23T19:31:05Z
2026-08-23T19:28:52Z,2026-08-23T21:28:52+0200,4d5ff379-624b-468c-8e0f-14ae085ed6a5,2026-08-14T19:00:00Z,2026-08-14T21:00:00+0200,302.48001,MW,FR,FR,forecast_offshore_wind_generation,Wind Offshore,2026-08-23T19:31:05Z
2026-08-23T19:28:52Z,2026-08-23T21:28:52+0200,4d5ff379-624b-468c-8e0f-14ae085ed6a5,2026-08-14T19:15:00Z,2026-08-14T21:15:00+0200,368.16,MW,FR,FR,forecast_offshore_wind_generation,Wind Offshore,2026-08-23T19:31:05Z
2026-08-23T19:28:52Z,2026-08-23T21:28:52+0200,4d5ff379-624b-468c-8e0f-14ae085ed6a5,2026-08-14T19:30:00Z,2026-08-14T21:30:00+0200,433.83997,MW,FR,FR,forecast_offshore_wind_generation,Wind Offshore,2026-08-23T19:31:05Z
2026-08-23T19:28:52Z,2026-08-23T21:28:52+0200,4d5ff379-624b-468c-8e0f-14ae085ed6a5,2026-08-14T19:45:00Z,2026-08-14T21:45:00+0200,499.53,MW,FR,FR,forecast_offshore_wind_generation,Wind Offshore,2026-08-23T19:31:05Z
2026-08-23T19:28:52Z,2026-08-23T21:28:52+0200,4d5ff379-624b-468c-8e0f-14ae085ed6a5,2026-08-14T20:00:00Z,2026-08-14T22:00:00+0200,565.21008,MW,FR,FR,forecast_offshore_wind_generation,Wind Offshore,2026-08-23T19:31:05Z
2026-08-23T19:28:52Z,2026-08-23T21:28:52+0200,4d5ff379-624b-468c-8e0f-14ae085ed6a5,2026-08-14T20:15:00Z,2026-08-14T22:15:00+0200,627.57996,MW,FR,FR,forecast_offshore_wind_generation,Wind Offshore,2026-08-23T19:31:05Z
2026-08-23T19:28:52Z,2026-08-23T21:28:52+0200,4d5ff379-624b-468c-8e0f-14ae085ed6a5,2026-08-14T20:30:00Z,2026-08-14T22:30:00+0200,689.97003,MW,FR,FR,forecast_offshore_wind_generation,Wind Offshore,2026-08-23T19:31:05Z
2026-08-23T19:28:52Z,2026-08-23T21:28:52+0200,4d5ff379-624b-468c-8e0f-14ae085ed6a5,2026-08-14T20:45:00Z,2026-08-14T22:45:00+0200,752.34003,MW,FR,FR,forecast_offshore_wind_generation,Wind Offshore,2026-08-23T19:31:05Z
2026-08-23T19:28:52Z,2026-08-23T21:28:52+0200,4d5ff379-624b-468c-8e0f-14ae085ed6a5,2026-08-14T21:00:00Z,2026-08-14T23:00:00+0200,814.70996,MW,FR,FR,forecast_offshore_wind_generation,Wind Offshore,2026-08-23T19:31:05Z
2026-08-23T19:28:52Z,2026-08-23T21:28:52+0200,4d5ff379-624b-468c-8e0f-14ae085ed6a5,2026-08-14T21:15:00Z,2026-08-14T23:15:00+0200,818.84003,MW,FR,FR,forecast_offshore_wind_generation,Wind Offshore,2026-08-23T19:31:05Z
2026-08-23T19:28:52Z,2026-08-23T21:28:52+0200,4d5ff379-624b-468c-8e0f-14ae085ed6a5,2026-08-14T21:30:00Z,2026-08-14T23:30:00+0200,822.95996,MW,FR,FR,forecast_offshore_wind_generation,Wind Offshore,2026-08-23T19:31:05Z
2026-08-23T19:28:52Z,2026-08-23T21:28:52+0200,4d5ff379-624b-468c-8e0f-14ae085ed6a5,2026-08-14T21:45:00Z,2026-08-14T23:45:00+0200,827.07007,MW,FR,FR,forecast_offshore_wind_generation,Wind Offshore,2026-08-23T19:31:05Z
2026-08-23T19:28:52Z,2026-08-23T21:28:52+0200,4d5ff379-624b-468c-8e0f-14ae085ed6a5,2026-08-14T22:00:00Z,2026-08-15T00:00:00+0200,730.5,MW,FR,FR,forecast_offshore_wind_generation,Wind Offshore,2026-08-23T19:31:05Z
2026-08-23T19:28:52Z,2026-08-23T21:28:52+0200,4d5ff379-624b-468c-8e0f-14ae085ed6a5,2026-08-14T22:15:00Z,2026-08-15T00:15:00+0200,737.64001,MW,FR,FR,forecast_offshore_wind_generation,Wind Offshore,2026-08-23T19:31:05Z
2026-08-23T19:28:52Z,2026-08-23T21:28:52+0200,4d5ff379-624b-468c-8e0f-14ae085ed6a5,2026-08-14T22:30:00Z,2026-08-15T00:30:00+0200,744.78998,MW,FR,FR,forecast_offshore_wind_generation,Wind Offshore,2026-08-23T19:31:05Z
2026-08-23T19:28:52Z,2026-08-23T21:28:52+0200,4d5ff379-624b-468c-8e0f-14ae085ed6a5,2026-08-14T22:45:00Z,2026-08-15T00:45:00+0200,751.87,MW,FR,FR,forecast_offshore_wind_generation,Wind Offshore,2026-08-23T19:31:05Z
2026-08-23T19:28:52Z,2026-08-23T21:28:52+0200,4d5ff379-624b-468c-8e0f-14ae085ed6a5,2026-08-14T23:00:00Z,2026-08-15T01:00:00+0200,758.94,MW,FR,FR,forecast_offshore_wind_generation,Wind Offshore,2026-08-23T19:31:05Z
2026-08-23T19:28:52Z,2026-08-23T21:28:52+0200,4d5ff379-624b-468c-8e0f-14ae085ed6a5,2026-08-14T23:15:00Z,2026-08-15T01:15:00+0200,753.62,MW,FR,FR,forecast_offshore_wind_generation,Wind Offshore,2026-08-23T19:31:05Z
2026-08-23T19:28:52Z,2026-08-23T21:28:52+0200,4d5ff379-624b-468c-8e0f-14ae085ed6a5,2026-08-14T23:30:00Z,2026-08-15T01:30:00+0200,748.31006,MW,FR,FR,forecast_offshore_wind_generation,Wind Offshore,2026-08-23T19:31:05Z
2026-08-23T19:28:52Z,2026-08-23T21:28:52+0200,4d5ff379-624b-468c-8e0f-14ae085ed6a5,2026-08-14T23:45:00Z,2026-08-15T01:45:00+0200,742.94995,MW,FR,FR,forecast_offshore_wind_generation,Wind Offshore,2026-08-23T19:31:05Z
2026-08-23T19:28:52Z,2026-08-23T21:28:52+0200,4d5ff379-624b-468c-8e0f-14ae085ed6a5,2026-08-15T00:00:00Z,2026-08-15T02:00:00+0200,737.63,MW,FR,FR,forecast_offshore_wind_generation,Wind Offshore,2026-08-23T19:31:05Z
2026-08-23T19:28:52Z,2026-08-23T21:28:52+0200,4d5ff379-624b-468c-8e0f-14ae085ed6a5,2026-08-15T00:15:00Z,2026-08-15T02:15:00+0200,722.33002,MW,FR,FR,forecast_offshore_wind_generation,Wind Offshore,2026-08-23T19:31:05Z
2026-08-23T19:28:52Z,2026-08-23T21:28:52+0200,4d5ff379-624b-468c-8e0f-14ae085ed6a5,2026-08-15T00:30:00Z,2026-08-15T02:30:00+0200,707.04999,MW,FR,FR,forecast_offshore_wind_generation,Wind Offshore,2026-08-23T19:31:05Z
2026-08-23T19:28:52Z,2026-08-23T21:28:52+0200,4d5ff379-624b-468c-8e0f-14ae085ed6a5,2026-08-15T00:45:00Z,2026-08-15T02:45:00+0200,691.76001,MW,FR,FR,forecast_offshore_wind_generation,Wind Offshore,2026-08-23T19:31:05Z
2026-08-23T19:28:52Z,2026-08-23T21:28:52+0200,4d5ff379-624b-468c-8e0f-14ae085ed6a5,2026-08-15T01:00:00Z,2026-08-15T03:00:00+0200,676.48004,MW,FR,FR,forecast_offshore_wind_generation,Wind Offshore,2026-08-23T19:31:05Z
2026-08-23T19:28:52Z,2026-08-23T21:28:52+0200,4d5ff379-624b-468c-8e0f-14ae085ed6a5,2026-08-15T01:15:00Z,2026-08-15T03:15:00+0200,652.77002,MW,FR,FR,forecast_offshore_wind_generation,Wind Offshore,2026-08-23T19:31:05Z
2026-08-23T19:28:52Z,2026-08-23T21:28:52+0200,4d5ff379-624b-468c-8e0f-14ae085ed6a5,2026-08-15T01:30:00Z,2026-08-15T03:30:00+0200,629.05005,MW,FR,FR,forecast_offshore_wind_generation,Wind Offshore,2026-08-23T19:31:05Z
2026-08-23T19:28:52Z,2026-08-23T21:28:52+0200,4d5ff379-624b-468c-8e0f-14ae085ed6a5,2026-08-15T01:45:00Z,2026-08-15T03:45:00+0200,605.34003,MW,FR,FR,forecast_offshore_wind_generation,Wind Offshore,2026-08-23T19:31:05Z
2026-08-23T19:28:52Z,2026-08-23T21:28:52+0200,4d5ff379-624b-468c-8e0f-14ae085ed6a5,2026-08-15T02:00:00Z,2026-08-15T04:00:00+0200,581.63995,MW,FR,FR,forecast_offshore_wind_generation,Wind Offshore,2026-08-23T19:31:05Z
2026-08-23T19:28:52Z,2026-08-23T21:28:52+0200,4d5ff379-624b-468c-8e0f-14ae085ed6a5,2026-08-15T02:15:00Z,2026-08-15T04:15:00+0200,586.83002,MW,FR,FR,forecast_offshore_wind_generation,Wind Offshore,2026-08-23T19:31:05Z
2026-08-23T19:28:52Z,2026-08-23T21:28:52+0200,4d5ff379-624b-468c-8e0f-14ae085ed6a5,2026-08-15T02:30:00Z,2026-08-15T04:30:00+0200,592.02002,MW,FR,FR,forecast_offshore_wind_generation,Wind Offshore,2026-08-23T19:31:05Z
2026-08-23T19:28:52Z,2026-08-23T21:28:52+0200,4d5ff379-624b-468c-8e0f-14ae085ed6a5,2026-08-15T02:45:00Z,2026-08-15T04:45:00+0200,597.20001,MW,FR,FR,forecast_offshore_wind_generation,Wind Offshore,2026-08-23T19:31:05Z
2026-08-23T19:28:52Z,2026-08-23T21:28:52+0200,4d5ff379-624b-468c-8e0f-14ae085ed6a5,2026-08-15T03:00:00Z,2026-08-15T05:00:00+0200,602.39001,MW,FR,FR,forecast_offshore_wind_generation,Wind Offshore,2026-08-23T19:31:05Z
2026-08-23T19:28:52Z,2026-08-23T21:28:52+0200,4d5ff379-624b-468c-8e0f-14ae085ed6a5,2026-08-15T03:15:00Z,2026-08-15T05:15:00+0200,585.20996,MW,FR,FR,forecast_offshore_wind_generation,Wind Offshore,2026-08-23T19:31:05Z
2026-08-23T19:28:52Z,2026-08-23T21:28:52+0200,4d5ff379-624b-468c-8e0f-14ae085ed6a5,2026-08-15T03:30:00Z,2026-08-15T05:30:00+0200,568.02002,MW,FR,FR,forecast_offshore_wind_generation,Wind Offshore,2026-08-23T19:31:05Z
2026-08-23T19:28:52Z,2026-08-23T21:28:52+0200,4d5ff379-624b-468c-8e0f-14ae085ed6a5,2026-08-15T03:45:00Z,2026-08-15T05:45:00+0200,550.81995,MW,FR,FR,forecast_offshore_wind_generation,Wind Offshore,2026-08-23T19:31:05Z
2026-08-23T19:28:52Z,2026-08-23T21:28:52+0200,4d5ff379-624b-468c-8e0f-14ae085ed6a5,2026-08-15T04:00:00Z,2026-08-15T06:00:00+0200,533.62,MW,FR,FR,forecast_offshore_wind_generation,Wind Offshore,2026-08-23T19:31:05Z
2026-08-23T19:28:52Z,2026-08-23T21:28:52+0200,4d5ff379-624b-468c-8e0f-14ae085ed6a5,2026-08-15T04:15:00Z,2026-08-15T06:15:00+0200,516.37,MW,FR,FR,forecast_offshore_wind_generation,Wind Offshore,2026-08-23T19:31:05Z
2026-08-23T19:28:52Z,2026-08-23T21:28:52+0200,4d5ff379-624b-468c-8e0f-14ae085ed6a5,2026-08-15T04:30:00Z,2026-08-15T06:30:00+0200,499.10999,MW,FR,FR,forecast_offshore_wind_generation,Wind Offshore,2026-08-23T19:31:05Z
2026-08-23T19:28:52Z,2026-08-23T21:28:52+0200,4d5ff379-624b-468c-8e0f-14ae085ed6a5,2026-08-15T04:45:00Z,2026-08-15T06:45:00+0200,481.85001,MW,FR,FR,forecast_offshore_wind_generation,Wind Offshore,2026-08-23T19:31:05Z
2026-08-23T19:28:52Z,2026-08-23T21:28:52+0200,4d5ff379-624b-468c-8e0f-14ae085ed6a5,2026-08-15T05:00:00Z,2026-08-15T07:00:00+0200,464.57004,MW,FR,FR,forecast_offshore_wind_generation,Wind Offshore,2026-08-23T19:31:05Z
2026-08-23T19:28:52Z,2026-08-23T21:28:52+0200,4d5ff379-624b-468c-8e0f-14ae085ed6a5,2026-08-15T05:15:00Z,2026-08-15T07:15:00+0200,443.85999,MW,FR,FR,forecast_offshore_wind_generation,Wind Offshore,2026-08-23T19:31:05Z
2026-08-23T19:28:52Z,2026-08-23T21:28:52+0200,4d5ff379-624b-468c-8e0f-14ae085ed6a5,2026-08-15T05:30:00Z,2026-08-15T07:30:00+0200,423.13,MW,FR,FR,forecast_offshore_wind_generation,Wind Offshore,2026-08-23T19:31:05Z
2026-08-23T19:28:52Z,2026-08-23T21:28:52+0200,4d5ff379-624b-468c-8e0f-14ae085ed6a5,2026-08-15T05:45:00Z,2026-08-15T07:45:00+0200,402.39001,MW,FR,FR,forecast_offshore_wind_generation,Wind Offshore,2026-08-23T19:31:05Z
2026-08-23T19:28:52Z,2026-08-23T21:28:52+0200,4d5ff379-624b-468c-8e0f-14ae085ed6a5,2026-08-15T06:00:00Z,2026-08-15T08:00:00+0200,381.65002,MW,FR,FR,forecast_offshore_wind_generation,Wind Offshore,2026-08-23T19:31:05Z
2026-08-23T19:28:52Z,2026-08-23T21:28:52+0200,4d5ff379-624b-468c-8e0f-14ae085ed6a5,2026-08-15T06:15:00Z,2026-08-15T08:15:00+0200,375.19003,MW,FR,FR,forecast_offshore_wind_generation,Wind Offshore,2026-08-23T19:31:05Z
2026-08-23T19:28:52Z,2026-08-23T21:28:52+0200,4d5ff379-624b-468c-8e0f-14ae085ed6a5,2026-08-15T06:30:00Z,2026-08-15T08:30:00+0200,368.72003,MW,FR,FR,forecast_offshore_wind_generation,Wind Offshore,2026-08-23T19:31:05Z
2026-08-23T19:28:52Z,2026-08-23T21:28:52+0200,4d5ff379-624b-468c-8e0f-14ae085ed6a5,2026-08-15T06:45:00Z,2026-08-15T08:45:00+0200,362.24002,MW,FR,FR,forecast_offshore_wind_generation,Wind Offshore,2026-08-23T19:31:05Z
2026-08-23T19:28:52Z,2026-08-23T21:28:52+0200,4d5ff379-624b-468c-8e0f-14ae085ed6a5,2026-08-15T07:00:00Z,2026-08-15T09:00:00+0200,355.76001,MW,FR,FR,forecast_offshore_wind_generation,Wind Offshore,2026-08-23T19:31:05Z
2026-08-23T19:28:52Z,2026-08-23T21:28:52+0200,4d5ff379-624b-468c-8e0f-14ae085ed6a5,2026-08-15T07:15:00Z,2026-08-15T09:15:00+0200,341.96002,MW,FR,FR,forecast_offshore_wind_generation,Wind Offshore,2026-08-23T19:31:05Z
2026-08-23T19:28:52Z,2026-08-23T21:28:52+0200,4d5ff379-624b-468c-8e0f-14ae085ed6a5,2026-08-15T07:30:00Z,2026-08-15T09:30:00+0200,328.15997,MW,FR,FR,forecast_offshore_wind_generation,Wind Offshore,2026-08-23T19:31:05Z
2026-08-23T19:28:52Z,2026-08-23T21:28:52+0200,4d5ff379-624b-468c-8e0f-14ae085ed6a5,2026-08-15T07:45:00Z,2026-08-15T09:45:00+0200,314.34,MW,FR,FR,forecast_offshore_wind_generation,Wind Offshore,2026-08-23T19:31:05Z
2026-08-23T19:28:52Z,2026-08-23T21:28:52+0200,4d5ff379-624b-468c-8e0f-14ae085ed6a5,2026-08-15T08:00:00Z,2026-08-15T10:00:00+0200,300.53,MW,FR,FR,forecast_offshore_wind_generation,Wind Offshore,2026-08-23T19:31:05Z
2026-08-23T19:28:52Z,2026-08-23T21:28:52+0200,4d5ff379-624b-468c-8e0f-14ae085ed6a5,2026-08-15T08:15:00Z,2026-08-15T10:15:00+0200,303.23001,MW,FR,FR,forecast_offshore_wind_generation,Wind Offshore,2026-08-23T19:31:05Z
2026-08-23T19:28:52Z,2026-08-23T21:28:52+0200,4d5ff379-624b-468c-8e0f-14ae085ed6a5,2026-08-15T08:30:00Z,2026-08-15T10:30:00+0200,305.92001,MW,FR,FR,forecast_offshore_wind_generation,Wind Offshore,2026-08-23T19:31:05Z
2026-08-23T19:28:52Z,2026-08-23T21:28:52+0200,4d5ff379-624b-468c-8e0f-14ae085ed6a5,2026-08-15T08:45:00Z,2026-08-15T10:45:00+0200,308.60999,MW,FR,FR,forecast_offshore_wind_generation,Wind Offshore,2026-08-23T19:31:05Z
2026-08-23T19:28:52Z,2026-08-23T21:28:52+0200,4d5ff379-624b-468c-8e0f-14ae085ed6a5,2026-08-15T09:00:00Z,2026-08-15T11:00:00+0200,311.29999,MW,FR,FR,forecast_offshore_wind_generation,Wind Offshore,2026-08-23T19:31:05Z
2026-08-23T19:28:52Z,2026-08-23T21:28:52+0200,4d5ff379-624b-468c-8e0f-14ae085ed6a5,2026-08-15T09:15:00Z,2026-08-15T11:15:00+0200,303.56998,MW,FR,FR,forecast_offshore_wind_generation,Wind Offshore,2026-08-23T19:31:05Z
2026-08-23T19:28:52Z,2026-08-23T21:28:52+0200,4d5ff379-624b-468c-8e0f-14ae085ed6a5,2026-08-15T09:30:00Z,2026-08-15T11:30:00+0200,295.85001,MW,FR,FR,forecast_offshore_wind_generation,Wind Offshore,2026-08-23T19:31:05Z
2026-08-23T19:28:52Z,2026-08-23T21:28:52+0200,4d5ff379-624b-468c-8e0f-14ae085ed6a5,2026-08-15T09:45:00Z,2026-08-15T11:45:00+0200,288.12,MW,FR,FR,forecast_offshore_wind_generation,Wind Offshore,2026-08-23T19:31:05Z
2026-08-23T19:28:52Z,2026-08-23T21:28:52+0200,4d5ff379-624b-468c-8e0f-14ae085ed6a5,2026-08-15T10:00:00Z,2026-08-15T12:00:00+0200,280.39999,MW,FR,FR,forecast_offshore_wind_generation,Wind Offshore,2026-08-23T19:31:05Z
2026-08-23T19:28:52Z,2026-08-23T21:28:52+0200,4d5ff379-624b-468c-8e0f-14ae085ed6a5,2026-08-15T10:15:00Z,2026-08-15T12:15:00+0200,278.28003,MW,FR,FR,forecast_offshore_wind_generation,Wind Offshore,2026-08-23T19:31:05Z
2026-08-23T19:28:52Z,2026-08-23T21:28:52+0200,4d5ff379-624b-468c-8e0f-14ae085ed6a5,2026-08-15T10:30:00Z,2026-08-15T12:30:00+0200,276.17999,MW,FR,FR,forecast_offshore_wind_generation,Wind Offshore,2026-08-23T19:31:05Z
2026-08-23T19:28:52Z,2026-08-23T21:28:52+0200,4d5ff379-624b-468c-8e0f-14ae085ed6a5,2026-08-15T10:45:00Z,2026-08-15T12:45:00+0200,274.06,MW,FR,FR,forecast_offshore_wind_generation,Wind Offshore,2026-08-23T19:31:05Z
2026-08-23T19:28:52Z,2026-08-23T21:28:52+0200,4d5ff379-624b-468c-8e0f-14ae085ed6a5,2026-08-15T11:00:00Z,2026-08-15T13:00:00+0200,271.94,MW,FR,FR,forecast_offshore_wind_generation,Wind Offshore,2026-08-23T19:31:05Z
2026-08-23T19:28:52Z,2026-08-23T21:28:52+0200,4d5ff379-624b-468c-8e0f-14ae085ed6a5,2026-08-15T11:15:00Z,2026-08-15T13:15:00+0200,267.25,MW,FR,FR,forecast_offshore_wind_generation,Wind Offshore,2026-08-23T19:31:05Z
2026-08-23T19:28:52Z,2026-08-23T21:28:52+0200,4d5ff379-624b-468c-8e0f-14ae085ed6a5,2026-08-15T11:30:00Z,2026-08-15T13:30:00+0200,262.53,MW,FR,FR,forecast_offshore_wind_generation,Wind Offshore,2026-08-23T19:31:05Z
2026-08-23T19:28:52Z,2026-08-23T21:28:52+0200,4d5ff379-624b-468c-8e0f-14ae085ed6a5,2026-08-15T11:45:00Z,2026-08-15T13:45:00+0200,257.84,MW,FR,FR,forecast_offshore_wind_generation,Wind Offshore,2026-08-23T19:31:05Z
2026-08-23T19:28:52Z,2026-08-23T21:28:52+0200,4d5ff379-624b-468c-8e0f-14ae085ed6a5,2026-08-15T12:00:00Z,2026-08-15T14:00:00+0200,253.13,MW,FR,FR,forecast_offshore_wind_generation,Wind Offshore,2026-08-23T19:31:05Z
2026-08-23T19:28:52Z,2026-08-23T21:28:52+0200,4d5ff379-624b-468c-8e0f-14ae085ed6a5,2026-08-15T12:15:00Z,2026-08-15T14:15:00+0200,242.96001,MW,FR,FR,forecast_offshore_wind_generation,Wind Offshore,2026-08-23T19:31:05Z
2026-08-23T19:28:52Z,2026-08-23T21:28:52+0200,4d5ff379-624b-468c-8e0f-14ae085ed6a5,2026-08-15T12:30:00Z,2026-08-15T14:30:00+0200,232.78,MW,FR,FR,forecast_offshore_wind_generation,Wind Offshore,2026-08-23T19:31:05Z
2026-08-23T19:28:52Z,2026-08-23T21:28:52+0200,4d5ff379-624b-468c-8e0f-14ae085ed6a5,2026-08-15T12:45:00Z,2026-08-15T14:45:00+0200,222.60001,MW,FR,FR,forecast_offshore_wind_generation,Wind Offshore,2026-08-23T19:31:05Z
2026-08-23T19:28:52Z,2026-08-23T21:28:52+0200,4d5ff379-624b-468c-8e0f-14ae085ed6a5,2026-08-15T13:00:00Z,2026-08-15T15:00:00+0200,212.44,MW,FR,FR,forecast_offshore_wind_generation,Wind Offshore,2026-08-23T19:31:05Z
2026-08-23T19:28:52Z,2026-08-23T21:28:52+0200,4d5ff379-624b-468c-8e0f-14ae085ed6a5,2026-08-15T13:15:00Z,2026-08-15T15:15:00+0200,203.79001,MW,FR,FR,forecast_offshore_wind_generation,Wind Offshore,2026-08-23T19:31:05Z
2026-08-23T19:28:52Z,2026-08-23T21:28:52+0200,4d5ff379-624b-468c-8e0f-14ae085ed6a5,2026-08-15T13:30:00Z,2026-08-15T15:30:00+0200,195.14999,MW,FR,FR,forecast_offshore_wind_generation,Wind Offshore,2026-08-23T19:31:05Z
2026-08-23T19:28:52Z,2026-08-23T21:28:52+0200,4d5ff379-624b-468c-8e0f-14ae085ed6a5,2026-08-15T13:45:00Z,2026-08-15T15:45:00+0200,186.53,MW,FR,FR,forecast_offshore_wind_generation,Wind Offshore,2026-08-23T19:31:05Z
2026-08-23T19:28:52Z,2026-08-23T21:28:52+0200,4d5ff379-624b-468c-8e0f-14ae085ed6a5,2026-08-15T14:00:00Z,2026-08-15T16:00:00+0200,177.87999,MW,FR,FR,forecast_offshore_wind_generation,Wind Offshore,2026-08-23T19:31:05Z
2026-08-23T19:28:52Z,2026-08-23T21:28:52+0200,4d5ff379-624b-468c-8e0f-14ae085ed6a5,2026-08-15T14:15:00Z,2026-08-15T16:15:00+0200,209.36002,MW,FR,FR,forecast_offshore_wind_generation,Wind Offshore,2026-08-23T19:31:05Z
2026-08-23T19:28:52Z,2026-08-23T21:28:52+0200,4d5ff379-624b-468c-8e0f-14ae085ed6a5,2026-08-15T14:30:00Z,2026-08-15T16:30:00+0200,240.85001,MW,FR,FR,forecast_offshore_wind_generation,Wind Offshore,2026-08-23T19:31:05Z
2026-08-23T19:28:52Z,2026-08-23T21:28:52+0200,4d5ff379-624b-468c-8e0f-14ae085ed6a5,2026-08-15T14:45:00Z,2026-08-15T16:45:00+0200,272.32999,MW,FR,FR,forecast_offshore_wind_generation,Wind Offshore,2026-08-23T19:31:05Z
2026-08-23T19:28:52Z,2026-08-23T21:28:52+0200,4d5ff379-624b-468c-8e0f-14ae085ed6a5,2026-08-15T15:00:00Z,2026-08-15T17:00:00+0200,303.82001,MW,FR,FR,forecast_offshore_wind_generation,Wind Offshore,2026-08-23T19:31:05Z
2026-08-23T19:28:52Z,2026-08-23T21:28:52+0200,4d5ff379-624b-468c-8e0f-14ae085ed6a5,2026-08-15T15:15:00Z,2026-08-15T17:15:00+0200,348.05997,MW,FR,FR,forecast_offshore_wind_generation,Wind Offshore,2026-08-23T19:31:05Z
2026-08-23T19:28:52Z,2026-08-23T21:28:52+0200,4d5ff379-624b-468c-8e0f-14ae085ed6a5,2026-08-15T15:30:00Z,2026-08-15T17:30:00+0200,392.28,MW,FR,FR,forecast_offshore_wind_generation,Wind Offshore,2026-08-23T19:31:05Z
2026-08-23T19:28:52Z,2026-08-23T21:28:52+0200,4d5ff379-624b-468c-8e0f-14ae085ed6a5,2026-08-15T15:45:00Z,2026-08-15T17:45:00+0200,436.52002,MW,FR,FR,forecast_offshore_wind_generation,Wind Offshore,2026-08-23T19:31:05Z
2026-08-23T19:28:52Z,2026-08-23T21:28:52+0200,4d5ff379-624b-468c-8e0f-14ae085ed6a5,2026-08-15T16:00:00Z,2026-08-15T18:00:00+0200,480.76001,MW,FR,FR,forecast_offshore_wind_generation,Wind Offshore,2026-08-23T19:31:05Z
2026-08-23T19:28:52Z,2026-08-23T21:28:52+0200,4d5ff379-624b-468c-8e0f-14ae085ed6a5,2026-08-15T16:15:00Z,2026-08-15T18:15:00+0200,510.33002,MW,FR,FR,forecast_offshore_wind_generation,Wind Offshore,2026-08-23T19:31:05Z
2026-08-23T19:28:52Z,2026-08-23T21:28:52+0200,4d5ff379-624b-468c-8e0f-14ae085ed6a5,2026-08-15T16:30:00Z,2026-08-15T18:30:00+0200,539.90997,MW,FR,FR,forecast_offshore_wind_generation,Wind Offshore,2026-08-23T19:31:05Z
2026-08-23T19:28:52Z,2026-08-23T21:28:52+0200,4d5ff379-624b-468c-8e0f-14ae085ed6a5,2026-08-15T16:45:00Z,2026-08-15T18:45:00+0200,569.48999,MW,FR,FR,forecast_offshore_wind_generation,Wind Offshore,2026-08-23T19:31:05Z
2026-08-23T19:28:52Z,2026-08-23T21:28:52+0200,4d5ff379-624b-468c-8e0f-14ae085ed6a5,2026-08-15T17:00:00Z,2026-08-15T19:00:00+0200,599.04999,MW,FR,FR,forecast_offshore_wind_generation,Wind Offshore,2026-08-23T19:31:05Z
2026-08-23T19:28:52Z,2026-08-23T21:28:52+0200,4d5ff379-624b-468c-8e0f-14ae085ed6a5,2026-08-15T17:15:00Z,2026-08-15T19:15:00+0200,582.65002,MW,FR,FR,forecast_offshore_wind_generation,Wind Offshore,2026-08-23T19:31:05Z
2026-08-23T19:28:52Z,2026-08-23T21:28:52+0200,4d5ff379-624b-468c-8e0f-14ae085ed6a5,2026-08-15T17:30:00Z,2026-08-15T19:30:00+0200,566.21997,MW,FR,FR,forecast_offshore_wind_generation,Wind Offshore,2026-08-23T19:31:05Z
2026-08-23T19:28:52Z,2026-08-23T21:28:52+0200,4d5ff379-624b-468c-8e0f-14ae085ed6a5,2026-08-15T17:45:00Z,2026-08-15T19:45:00+0200,549.81,MW,FR,FR,forecast_offshore_wind_generation,Wind Offshore,2026-08-23T19:31:05Z
2026-08-23T19:28:52Z,2026-08-23T21:28:52+0200,4d5ff379-624b-468c-8e0f-14ae085ed6a5,2026-08-15T18:00:00Z,2026-08-15T20:00:00+0200,533.40997,MW,FR,FR,forecast_offshore_wind_generation,Wind Offshore,2026-08-23T19:31:05Z
2026-08-23T19:28:52Z,2026-08-23T21:28:52+0200,4d5ff379-624b-468c-8e0f-14ae085ed6a5,2026-08-15T18:15:00Z,2026-08-15T20:15:00+0200,575.13995,MW,FR,FR,forecast_offshore_wind_generation,Wind Offshore,2026-08-23T19:31:05Z
2026-08-23T19:28:52Z,2026-08-23T21:28:52+0200,4d5ff379-624b-468c-8e0f-14ae085ed6a5,2026-08-15T18:30:00Z,2026-08-15T20:30:00+0200,616.88995,MW,FR,FR,forecast_offshore_wind_generation,Wind Offshore,2026-08-23T19:31:05Z
2026-08-23T19:28:52Z,2026-08-23T21:28:52+0200,4d5ff379-624b-468c-8e0f-14ae085ed6a5,2026-08-15T18:45:00Z,2026-08-15T20:45:00+0200,658.60999,MW,FR,FR,forecast_offshore_wind_generation,Wind Offshore,2026-08-23T19:31:05Z
2026-08-23T19:28:52Z,2026-08-23T21:28:52+0200,4d5ff379-624b-468c-8e0f-14ae085ed6a5,2026-08-15T19:00:00Z,2026-08-15T21:00:00+0200,700.35999,MW,FR,FR,forecast_offshore_wind_generation,Wind Offshore,2026-08-23T19:31:05Z
2026-08-23T19:28:52Z,2026-08-23T21:28:52+0200,4d5ff379-624b-468c-8e0f-14ae085ed6a5,2026-08-15T19:15:00Z,2026-08-15T21:15:00+0200,704.98999,MW,FR,FR,forecast_offshore_wind_generation,Wind Offshore,2026-08-23T19:31:05Z
2026-08-23T19:28:52Z,2026-08-23T21:28:52+0200,4d5ff379-624b-468c-8e0f-14ae085ed6a5,2026-08-15T19:30:00Z,2026-08-15T21:30:00+0200,709.63,MW,FR,FR,forecast_offshore_wind_generation,Wind Offshore,2026-08-23T19:31:05Z
2026-08-23T19:28:52Z,2026-08-23T21:28:52+0200,4d5ff379-624b-468c-8e0f-14ae085ed6a5,2026-08-15T19:45:00Z,2026-08-15T21:45:00+0200,714.27002,MW,FR,FR,forecast_offshore_wind_generation,Wind Offshore,2026-08-23T19:31:05Z
2026-08-23T19:28:52Z,2026-08-23T21:28:52+0200,4d5ff379-624b-468c-8e0f-14ae085ed6a5,2026-08-15T20:00:00Z,2026-08-15T22:00:00+0200,718.91003,MW,FR,FR,forecast_offshore_wind_generation,Wind Offshore,2026-08-23T19:31:05Z
2026-08-23T19:28:52Z,2026-08-23T21:28:52+0200,4d5ff379-624b-468c-8e0f-14ae085ed6a5,2026-08-15T20:15:00Z,2026-08-15T22:15:00+0200,776.95001,MW,FR,FR,forecast_offshore_wind_generation,Wind Offshore,2026-08-23T19:31:05Z
2026-08-23T19:28:52Z,2026-08-23T21:28:52+0200,4d5ff379-624b-468c-8e0f-14ae085ed6a5,2026-08-15T20:30:00Z,2026-08-15T22:30:00+0200,834.97998,MW,FR,FR,forecast_offshore_wind_generation,Wind Offshore,2026-08-23T19:31:05Z
2026-08-23T19:28:52Z,2026-08-23T21:28:52+0200,4d5ff379-624b-468c-8e0f-14ae085ed6a5,2026-08-15T20:45:00Z,2026-08-15T22:45:00+0200,893.01001,MW,FR,FR,forecast_offshore_wind_generation,Wind Offshore,2026-08-23T19:31:05Z
2026-08-23T19:28:52Z,2026-08-23T21:28:52+0200,4d5ff379-624b-468c-8e0f-14ae085ed6a5,2026-08-15T21:00:00Z,2026-08-15T23:00:00+0200,951.03992,MW,FR,FR,forecast_offshore_wind_generation,Wind Offshore,2026-08-23T19:31:05Z
2026-08-23T19:28:52Z,2026-08-23T21:28:52+0200,4d5ff379-624b-468c-8e0f-14ae085ed6a5,2026-08-15T21:15:00Z,2026-08-15T23:15:00+0200,921.83997,MW,FR,FR,forecast_offshore_wind_generation,Wind Offshore,2026-08-23T19:31:05Z
2026-08-23T19:28:52Z,2026-08-23T21:28:52+0200,4d5ff379-624b-468c-8e0f-14ae085ed6a5,2026-08-15T21:30:00Z,2026-08-15T23:30:00+0200,892.66003,MW,FR,FR,forecast_offshore_wind_generation,Wind Offshore,2026-08-23T19:31:05Z
2026-08-23T19:28:52Z,2026-08-23T21:28:52+0200,4d5ff379-624b-468c-8e0f-14ae085ed6a5,2026-08-15T21:45:00Z,2026-08-15T23:45:00+0200,863.45001,MW,FR,FR,forecast_offshore_wind_generation,Wind Offshore,2026-08-23T19:31:05Z
2026-08-23T19:28:52Z,2026-08-23T21:28:52+0200,4d5ff379-624b-468c-8e0f-14ae085ed6a5,2026-08-15T22:00:00Z,2026-08-16T00:00:00+0200,528.02002,MW,FR,FR,forecast_offshore_wind_generation,Wind Offshore,2026-08-23T19:31:05Z
2026-08-23T19:28:52Z,2026-08-23T21:28:52+0200,4d5ff379-624b-468c-8e0f-14ae085ed6a5,2026-08-15T22:15:00Z,2026-08-16T00:15:00+0200,544.42999,MW,FR,FR,forecast_offshore_wind_generation,Wind Offshore,2026-08-23T19:31:05Z
2026-08-23T19:28:52Z,2026-08-23T21:28:52+0200,4d5ff379-624b-468c-8e0f-14ae085ed6a5,2026-08-15T22:30:00Z,2026-08-16T00:30:00+0200,560.84998,MW,FR,FR,forecast_offshore_wind_generation,Wind Offshore,2026-08-23T19:31:05Z
2026-08-23T19:28:52Z,2026-08-23T21:28:52+0200,4d5ff379-624b-468c-8e0f-14ae085ed6a5,2026-08-15T22:45:00Z,2026-08-16T00:45:00+0200,577.12,MW,FR,FR,forecast_offshore_wind_generation,Wind Offshore,2026-08-23T19:31:05Z
2026-08-23T19:28:52Z,2026-08-23T21:28:52+0200,4d5ff379-624b-468c-8e0f-14ae085ed6a5,2026-08-15T23:00:00Z,2026-08-16T01:00:00+0200,593.38,MW,FR,FR,forecast_offshore_wind_generation,Wind Offshore,2026-08-23T19:31:05Z
2026-08-23T19:28:52Z,2026-08-23T21:28:52+0200,4d5ff379-624b-468c-8e0f-14ae085ed6a5,2026-08-15T23:15:00Z,2026-08-16T01:15:00+0200,574.30994,MW,FR,FR,forecast_offshore_wind_generation,Wind Offshore,2026-08-23T19:31:05Z
2026-08-23T19:28:52Z,2026-08-23T21:28:52+0200,4d5ff379-624b-468c-8e0f-14ae085ed6a5,2026-08-15T23:30:00Z,2026-08-16T01:30:00+0200,555.22998,MW,FR,FR,forecast_offshore_wind_generation,Wind Offshore,2026-08-23T19:31:05Z
2026-08-23T19:28:52Z,2026-08-23T21:28:52+0200,4d5ff379-624b-468c-8e0f-14ae085ed6a5,2026-08-15T23:45:00Z,2026-08-16T01:45:00+0200,536.09003,MW,FR,FR,forecast_offshore_wind_generation,Wind Offshore,2026-08-23T19:31:05Z
2026-08-23T19:28:52Z,2026-08-23T21:28:52+0200,4d5ff379-624b-468c-8e0f-14ae085ed6a5,2026-08-16T00:00:00Z,2026-08-16T02:00:00+0200,516.96997,MW,FR,FR,forecast_offshore_wind_generation,Wind Offshore,2026-08-23T19:31:05Z
2026-08-23T19:28:52Z,2026-08-23T21:28:52+0200,4d5ff379-624b-468c-8e0f-14ae085ed6a5,2026-08-16T00:15:00Z,2026-08-16T02:15:00+0200,499.17996,MW,FR,FR,forecast_offshore_wind_generation,Wind Offshore,2026-08-23T19:31:05Z
2026-08-23T19:28:52Z,2026-08-23T21:28:52+0200,4d5ff379-624b-468c-8e0f-14ae085ed6a5,2026-08-16T00:30:00Z,2026-08-16T02:30:00+0200,481.42004,MW,FR,FR,forecast_offshore_wind_generation,Wind Offshore,2026-08-23T19:31:05Z
2026-08-23T19:28:52Z,2026-08-23T21:28:52+0200,4d5ff379-624b-468c-8e0f-14ae085ed6a5,2026-08-16T00:45:00Z,2026-08-16T02:45:00+0200,463.64001,MW,FR,FR,forecast_offshore_wind_generation,Wind Offshore,2026-08-23T19:31:05Z
2026-08-23T19:28:52Z,2026-08-23T21:28:52+0200,4d5ff379-624b-468c-8e0f-14ae085ed6a5,2026-08-16T01:00:00Z,2026-08-16T03:00:00+0200,445.87,MW,FR,FR,forecast_offshore_wind_generation,Wind Offshore,2026-08-23T19:31:05Z
2026-08-23T19:28:52Z,2026-08-23T21:28:52+0200,4d5ff379-624b-468c-8e0f-14ae085ed6a5,2026-08-16T01:15:00Z,2026-08-16T03:15:00+0200,434.64001,MW,FR,FR,forecast_offshore_wind_generation,Wind Offshore,2026-08-23T19:31:05Z
2026-08-23T19:28:52Z,2026-08-23T21:28:52+0200,4d5ff379-624b-468c-8e0f-14ae085ed6a5,2026-08-16T01:30:00Z,2026-08-16T03:30:00+0200,423.42001,MW,FR,FR,forecast_offshore_wind_generation,Wind Offshore,2026-08-23T19:31:05Z
2026-08-23T19:28:52Z,2026-08-23T21:28:52+0200,4d5ff379-624b-468c-8e0f-14ae085ed6a5,2026-08-16T01:45:00Z,2026-08-16T03:45:00+0200,412.20001,MW,FR,FR,forecast_offshore_wind_generation,Wind Offshore,2026-08-23T19:31:05Z
2026-08-23T19:28:52Z,2026-08-23T21:28:52+0200,4d5ff379-624b-468c-8e0f-14ae085ed6a5,2026-08-16T02:00:00Z,2026-08-16T04:00:00+0200,400.97,MW,FR,FR,forecast_offshore_wind_generation,Wind Offshore,2026-08-23T19:31:05Z
2026-08-23T19:28:52Z,2026-08-23T21:28:52+0200,4d5ff379-624b-468c-8e0f-14ae085ed6a5,2026-08-16T02:15:00Z,2026-08-16T04:15:00+0200,386.47998,MW,FR,FR,forecast_offshore_wind_generation,Wind Offshore,2026-08-23T19:31:05Z
2026-08-23T19:28:52Z,2026-08-23T21:28:52+0200,4d5ff379-624b-468c-8e0f-14ae085ed6a5,2026-08-16T02:30:00Z,2026-08-16T04:30:00+0200,371.99002,MW,FR,FR,forecast_offshore_wind_generation,Wind Offshore,2026-08-23T19:31:05Z
2026-08-23T19:28:52Z,2026-08-23T21:28:52+0200,4d5ff379-624b-468c-8e0f-14ae085ed6a5,2026-08-16T02:45:00Z,2026-08-16T04:45:00+0200,357.50003,MW,FR,FR,forecast_offshore_wind_generation,Wind Offshore,2026-08-23T19:31:05Z
2026-08-23T19:28:52Z,2026-08-23T21:28:52+0200,4d5ff379-624b-468c-8e0f-14ae085ed6a5,2026-08-16T03:00:00Z,2026-08-16T05:00:00+0200,343.0,MW,FR,FR,forecast_offshore_wind_generation,Wind Offshore,2026-08-23T19:31:05Z
2026-08-23T19:28:52Z,2026-08-23T21:28:52+0200,4d5ff379-624b-468c-8e0f-14ae085ed6a5,2026-08-16T03:15:00Z,2026-08-16T05:15:00+0200,330.23999,MW,FR,FR,forecast_offshore_wind_generation,Wind Offshore,2026-08-23T19:31:05Z
2026-08-23T19:28:52Z,2026-08-23T21:28:52+0200,4d5ff379-624b-468c-8e0f-14ae085ed6a5,2026-08-16T03:30:00Z,2026-08-16T05:30:00+0200,317.47,MW,FR,FR,forecast_offshore_wind_generation,Wind Offshore,2026-08-23T19:31:05Z
2026-08-23T19:28:52Z,2026-08-23T21:28:52+0200,4d5ff379-624b-468c-8e0f-14ae085ed6a5,2026-08-16T03:45:00Z,2026-08-16T05:45:00+0200,304.66003,MW,FR,FR,forecast_offshore_wind_generation,Wind Offshore,2026-08-23T19:31:05Z
2026-08-23T19:28:52Z,2026-08-23T21:28:52+0200,4d5ff379-624b-468c-8e0f-14ae085ed6a5,2026-08-16T04:00:00Z,2026-08-16T06:00:00+0200,291.84998,MW,FR,FR,forecast_offshore_wind_generation,Wind Offshore,2026-08-23T19:31:05Z
2026-08-23T19:28:52Z,2026-08-23T21:28:52+0200,4d5ff379-624b-468c-8e0f-14ae085ed6a5,2026-08-16T04:15:00Z,2026-08-16T06:15:00+0200,277.95001,MW,FR,FR,forecast_offshore_wind_generation,Wind Offshore,2026-08-23T19:31:05Z
2026-08-23T19:28:52Z,2026-08-23T21:28:52+0200,4d5ff379-624b-468c-8e0f-14ae085ed6a5,2026-08-16T04:30:00Z,2026-08-16T06:30:00+0200,264.04001,MW,FR,FR,forecast_offshore_wind_generation,Wind Offshore,2026-08-23T19:31:05Z
2026-08-23T19:28:52Z,2026-08-23T21:28:52+0200,4d5ff379-624b-468c-8e0f-14ae085ed6a5,2026-08-16T04:45:00Z,2026-08-16T06:45:00+0200,250.10001,MW,FR,FR,forecast_offshore_wind_generation,Wind Offshore,2026-08-23T19:31:05Z
2026-08-23T19:28:52Z,2026-08-23T21:28:52+0200,4d5ff379-624b-468c-8e0f-14ae085ed6a5,2026-08-16T05:00:00Z,2026-08-16T07:00:00+0200,236.15001,MW,FR,FR,forecast_offshore_wind_generation,Wind Offshore,2026-08-23T19:31:05Z
2026-08-23T19:28:52Z,2026-08-23T21:28:52+0200,4d5ff379-624b-468c-8e0f-14ae085ed6a5,2026-08-16T05:15:00Z,2026-08-16T07:15:00+0200,226.10001,MW,FR,FR,forecast_offshore_wind_generation,Wind Offshore,2026-08-23T19:31:05Z
2026-08-23T19:28:52Z,2026-08-23T21:28:52+0200,4d5ff379-624b-468c-8e0f-14ae085ed6a5,2026-08-16T05:30:00Z,2026-08-16T07:30:00+0200,216.04001,MW,FR,FR,forecast_offshore_wind_generation,Wind Offshore,2026-08-23T19:31:05Z
2026-08-23T19:28:52Z,2026-08-23T21:28:52+0200,4d5ff379-624b-468c-8e0f-14ae085ed6a5,2026-08-16T05:45:00Z,2026-08-16T07:45:00+0200,205.95001,MW,FR,FR,forecast_offshore_wind_generation,Wind Offshore,2026-08-23T19:31:05Z
2026-08-23T19:28:52Z,2026-08-23T21:28:52+0200,4d5ff379-624b-468c-8e0f-14ae085ed6a5,2026-08-16T06:00:00Z,2026-08-16T08:00:00+0200,195.86,MW,FR,FR,forecast_offshore_wind_generation,Wind Offshore,2026-08-23T19:31:05Z
2026-08-23T19:28:52Z,2026-08-23T21:28:52+0200,4d5ff379-624b-468c-8e0f-14ae085ed6a5,2026-08-16T06:15:00Z,2026-08-16T08:15:00+0200,189.17,MW,FR,FR,forecast_offshore_wind_generation,Wind Offshore,2026-08-23T19:31:05Z
2026-08-23T19:28:52Z,2026-08-23T21:28:52+0200,4d5ff379-624b-468c-8e0f-14ae085ed6a5,2026-08-16T06:30:00Z,2026-08-16T08:30:00+0200,182.47,MW,FR,FR,forecast_offshore_wind_generation,Wind Offshore,2026-08-23T19:31:05Z
2026-08-23T19:28:52Z,2026-08-23T21:28:52+0200,4d5ff379-624b-468c-8e0f-14ae085ed6a5,2026-08-16T06:45:00Z,2026-08-16T08:45:00+0200,175.75,MW,FR,FR,forecast_offshore_wind_generation,Wind Offshore,2026-08-23T19:31:05Z
2026-08-23T19:28:52Z,2026-08-23T21:28:52+0200,4d5ff379-624b-468c-8e0f-14ae085ed6a5,2026-08-16T07:00:00Z,2026-08-16T09:00:00+0200,169.03999,MW,FR,FR,forecast_offshore_wind_generation,Wind Offshore,2026-08-23T19:31:05Z
2026-08-23T19:28:52Z,2026-08-23T21:28:52+0200,4d5ff379-624b-468c-8e0f-14ae085ed6a5,2026-08-16T07:15:00Z,2026-08-16T09:15:00+0200,167.88998,MW,FR,FR,forecast_offshore_wind_generation,Wind Offshore,2026-08-23T19:31:05Z
2026-08-23T19:28:52Z,2026-08-23T21:28:52+0200,4d5ff379-624b-468c-8e0f-14ae085ed6a5,2026-08-16T07:30:00Z,2026-08-16T09:30:00+0200,166.72,MW,FR,FR,forecast_offshore_wind_generation,Wind Offshore,2026-08-23T19:31:05Z
2026-08-23T19:28:52Z,2026-08-23T21:28:52+0200,4d5ff379-624b-468c-8e0f-14ae085ed6a5,2026-08-16T07:45:00Z,2026-08-16T09:45:00+0200,165.55,MW,FR,FR,forecast_offshore_wind_generation,Wind Offshore,2026-08-23T19:31:05Z
2026-08-23T19:28:52Z,2026-08-23T21:28:52+0200,4d5ff379-624b-468c-8e0f-14ae085ed6a5,2026-08-16T08:00:00Z,2026-08-16T10:00:00+0200,164.38,MW,FR,FR,forecast_offshore_wind_generation,Wind Offshore,2026-08-23T19:31:05Z
2026-08-23T19:28:52Z,2026-08-23T21:28:52+0200,4d5ff379-624b-468c-8e0f-14ae085ed6a5,2026-08-16T08:15:00Z,2026-08-16T10:15:00+0200,163.0,MW,FR,FR,forecast_offshore_wind_generation,Wind Offshore,2026-08-23T19:31:05Z
2026-08-23T19:28:52Z,2026-08-23T21:28:52+0200,4d5ff379-624b-468c-8e0f-14ae085ed6a5,2026-08-16T08:30:00Z,2026-08-16T10:30:00+0200,161.60001,MW,FR,FR,forecast_offshore_wind_generation,Wind Offshore,2026-08-23T19:31:05Z
2026-08-23T19:28:52Z,2026-08-23T21:28:52+0200,4d5ff379-624b-468c-8e0f-14ae085ed6a5,2026-08-16T08:45:00Z,2026-08-16T10:45:00+0200,160.19,MW,FR,FR,forecast_offshore_wind_generation,Wind Offshore,2026-08-23T19:31:05Z
2026-08-23T19:28:52Z,2026-08-23T21:28:52+0200,4d5ff379-624b-468c-8e0f-14ae085ed6a5,2026-08-16T09:00:00Z,2026-08-16T11:00:00+0200,158.81,MW,FR,FR,forecast_offshore_wind_generation,Wind Offshore,2026-08-23T19:31:05Z
2026-08-23T19:28:52Z,2026-08-23T21:28:52+0200,4d5ff379-624b-468c-8e0f-14ae085ed6a5,2026-08-16T09:15:00Z,2026-08-16T11:15:00+0200,160.84,MW,FR,FR,forecast_offshore_wind_generation,Wind Offshore,2026-08-23T19:31:05Z
2026-08-23T19:28:52Z,2026-08-23T21:28:52+0200,4d5ff379-624b-468c-8e0f-14ae085ed6a5,2026-08-16T09:30:00Z,2026-08-16T11:30:00+0200,162.89001,MW,FR,FR,forecast_offshore_wind_generation,Wind Offshore,2026-08-23T19:31:05Z
2026-08-23T19:28:52Z,2026-08-23T21:28:52+0200,4d5ff379-624b-468c-8e0f-14ae085ed6a5,2026-08-16T09:45:00Z,2026-08-16T11:45:00+0200,164.94,MW,FR,FR,forecast_offshore_wind_generation,Wind Offshore,2026-08-23T19:31:05Z
2026-08-23T19:28:52Z,2026-08-23T21:28:52+0200,4d5ff379-624b-468c-8e0f-14ae085ed6a5,2026-08-16T10:00:00Z,2026-08-16T12:00:00+0200,166.99001,MW,FR,FR,forecast_offshore_wind_generation,Wind Offshore,2026-08-23T19:31:05Z
2026-08-23T19:28:52Z,2026-08-23T21:28:52+0200,4d5ff379-624b-468c-8e0f-14ae085ed6a5,2026-08-16T10:15:00Z,2026-08-16T12:15:00+0200,178.84,MW,FR,FR,forecast_offshore_wind_generation,Wind Offshore,2026-08-23T19:31:05Z
2026-08-23T19:28:52Z,2026-08-23T21:28:52+0200,4d5ff379-624b-468c-8e0f-14ae085ed6a5,2026-08-16T10:30:00Z,2026-08-16T12:30:00+0200,190.69002,MW,FR,FR,forecast_offshore_wind_generation,Wind Offshore,2026-08-23T19:31:05Z
2026-08-23T19:28:52Z,2026-08-23T21:28:52+0200,4d5ff379-624b-468c-8e0f-14ae085ed6a5,2026-08-16T10:45:00Z,2026-08-16T12:45:00+0200,202.54999,MW,FR,FR,forecast_offshore_wind_generation,Wind Offshore,2026-08-23T19:31:05Z
2026-08-23T19:28:52Z,2026-08-23T21:28:52+0200,4d5ff379-624b-468c-8e0f-14ae085ed6a5,2026-08-16T11:00:00Z,2026-08-16T13:00:00+0200,214.39,MW,FR,FR,forecast_offshore_wind_generation,Wind Offshore,2026-08-23T19:31:05Z
2026-08-23T19:28:52Z,2026-08-23T21:28:52+0200,4d5ff379-624b-468c-8e0f-14ae085ed6a5,2026-08-16T11:15:00Z,2026-08-16T13:15:00+0200,230.42,MW,FR,FR,forecast_offshore_wind_generation,Wind Offshore,2026-08-23T19:31:05Z
2026-08-23T19:28:52Z,2026-08-23T21:28:52+0200,4d5ff379-624b-468c-8e0f-14ae085ed6a5,2026-08-16T11:30:00Z,2026-08-16T13:30:00+0200,246.46001,MW,FR,FR,forecast_offshore_wind_generation,Wind Offshore,2026-08-23T19:31:05Z
2026-08-23T19:28:52Z,2026-08-23T21:28:52+0200,4d5ff379-624b-468c-8e0f-14ae085ed6a5,2026-08-16T11:45:00Z,2026-08-16T13:45:00+0200,262.47998,MW,FR,FR,forecast_offshore_wind_generation,Wind Offshore,2026-08-23T19:31:05Z
2026-08-23T19:28:52Z,2026-08-23T21:28:52+0200,4d5ff379-624b-468c-8e0f-14ae085ed6a5,2026-08-16T12:00:00Z,2026-08-16T14:00:00+0200,278.52002,MW,FR,FR,forecast_offshore_wind_generation,Wind Offshore,2026-08-23T19:31:05Z
2026-08-23T19:28:52Z,2026-08-23T21:28:52+0200,4d5ff379-624b-468c-8e0f-14ae085ed6a5,2026-08-16T12:15:00Z,2026-08-16T14:15:00+0200,299.29001,MW,FR,FR,forecast_offshore_wind_generation,Wind Offshore,2026-08-23T19:31:05Z
2026-08-23T19:28:52Z,2026-08-23T21:28:52+0200,4d5ff379-624b-468c-8e0f-14ae085ed6a5,2026-08-16T12:30:00Z,2026-08-16T14:30:00+0200,320.07001,MW,FR,FR,forecast_offshore_wind_generation,Wind Offshore,2026-08-23T19:31:05Z
2026-08-23T19:28:52Z,2026-08-23T21:28:52+0200,4d5ff379-624b-468c-8e0f-14ae085ed6a5,2026-08-16T12:45:00Z,2026-08-16T14:45:00+0200,340.83002,MW,FR,FR,forecast_offshore_wind_generation,Wind Offshore,2026-08-23T19:31:05Z
2026-08-23T19:28:52Z,2026-08-23T21:28:52+0200,4d5ff379-624b-468c-8e0f-14ae085ed6a5,2026-08-16T13:00:00Z,2026-08-16T15:00:00+0200,361.61002,MW,FR,FR,forecast_offshore_wind_generation,Wind Offshore,2026-08-23T19:31:05Z
2026-08-23T19:28:52Z,2026-08-23T21:28:52+0200,4d5ff379-624b-468c-8e0f-14ae085ed6a5,2026-08-16T13:15:00Z,2026-08-16T15:15:00+0200,391.69,MW,FR,FR,forecast_offshore_wind_generation,Wind Offshore,2026-08-23T19:31:05Z
2026-08-23T19:28:52Z,2026-08-23T21:28:52+0200,4d5ff379-624b-468c-8e0f-14ae085ed6a5,2026-08-16T13:30:00Z,2026-08-16T15:30:00+0200,421.78,MW,FR,FR,forecast_offshore_wind_generation,Wind Offshore,2026-08-23T19:31:05Z
2026-08-23T19:28:52Z,2026-08-23T21:28:52+0200,4d5ff379-624b-468c-8e0f-14ae085ed6a5,2026-08-16T13:45:00Z,2026-08-16T15:45:00+0200,451.91,MW,FR,FR,forecast_offshore_wind_generation,Wind Offshore,2026-08-23T19:31:05Z
2026-08-23T19:28:52Z,2026-08-23T21:28:52+0200,4d5ff379-624b-468c-8e0f-14ae085ed6a5,2026-08-16T14:00:00Z,2026-08-16T16:00:00+0200,482.01999,MW,FR,FR,forecast_offshore_wind_generation,Wind Offshore,2026-08-23T19:31:05Z
2026-08-23T19:28:52Z,2026-08-23T21:28:52+0200,4d5ff379-624b-468c-8e0f-14ae085ed6a5,2026-08-16T14:15:00Z,2026-08-16T16:15:00+0200,488.38,MW,FR,FR,forecast_offshore_wind_generation,Wind Offshore,2026-08-23T19:31:05Z
2026-08-23T19:28:52Z,2026-08-23T21:28:52+0200,4d5ff379-624b-468c-8e0f-14ae085ed6a5,2026-08-16T14:30:00Z,2026-08-16T16:30:00+0200,494.75,MW,FR,FR,forecast_offshore_wind_generation,Wind Offshore,2026-08-23T19:31:05Z
2026-08-23T19:28:52Z,2026-08-23T21:28:52+0200,4d5ff379-624b-468c-8e0f-14ae085ed6a5,2026-08-16T14:45:00Z,2026-08-16T16:45:00+0200,501.13,MW,FR,FR,forecast_offshore_wind_generation,Wind Offshore,2026-08-23T19:31:05Z
2026-08-23T19:28:52Z,2026-08-23T21:28:52+0200,4d5ff379-624b-468c-8e0f-14ae085ed6a5,2026-08-16T15:00:00Z,2026-08-16T17:00:00+0200,507.53,MW,FR,FR,forecast_offshore_wind_generation,Wind Offshore,2026-08-23T19:31:05Z
2026-08-23T19:28:52Z,2026-08-23T21:28:52+0200,4d5ff379-624b-468c-8e0f-14ae085ed6a5,2026-08-16T15:15:00Z,2026-08-16T17:15:00+0200,532.64001,MW,FR,FR,forecast_offshore_wind_generation,Wind Offshore,2026-08-23T19:31:05Z
2026-08-23T19:28:52Z,2026-08-23T21:28:52+0200,4d5ff379-624b-468c-8e0f-14ae085ed6a5,2026-08-16T15:30:00Z,2026-08-16T17:30:00+0200,557.75,MW,FR,FR,forecast_offshore_wind_generation,Wind Offshore,2026-08-23T19:31:05Z
2026-08-23T19:28:52Z,2026-08-23T21:28:52+0200,4d5ff379-624b-468c-8e0f-14ae085ed6a5,2026-08-16T15:45:00Z,2026-08-16T17:45:00+0200,582.90002,MW,FR,FR,forecast_offshore_wind_generation,Wind Offshore,2026-08-23T19:31:05Z
2026-08-23T19:28:52Z,2026-08-23T21:28:52+0200,4d5ff379-624b-468c-8e0f-14ae085ed6a5,2026-08-16T16:00:00Z,2026-08-16T18:00:00+0200,608.01996,MW,FR,FR,forecast_offshore_wind_generation,Wind Offshore,2026-08-23T19:31:05Z
2026-08-23T19:28:52Z,2026-08-23T21:28:52+0200,4d5ff379-624b-468c-8e0f-14ae085ed6a5,2026-08-16T16:15:00Z,2026-08-16T18:15:00+0200,644.94995,MW,FR,FR,forecast_offshore_wind_generation,Wind Offshore,2026-08-23T19:31:05Z
2026-08-23T19:28:52Z,2026-08-23T21:28:52+0200,4d5ff379-624b-468c-8e0f-14ae085ed6a5,2026-08-16T16:30:00Z,2026-08-16T18:30:00+0200,681.88,MW,FR,FR,forecast_offshore_wind_generation,Wind Offshore,2026-08-23T19:31:05Z
2026-08-23T19:28:52Z,2026-08-23T21:28:52+0200,4d5ff379-624b-468c-8e0f-14ae085ed6a5,2026-08-16T16:45:00Z,2026-08-16T18:45:00+0200,718.82996,MW,FR,FR,forecast_offshore_wind_generation,Wind Offshore,2026-08-23T19:31:05Z
2026-08-23T19:28:52Z,2026-08-23T21:28:52+0200,4d5ff379-624b-468c-8e0f-14ae085ed6a5,2026-08-16T17:00:00Z,2026-08-16T19:00:00+0200,755.78003,MW,FR,FR,forecast_offshore_wind_generation,Wind Offshore,2026-08-23T19:31:05Z
2026-08-23T19:28:52Z,2026-08-23T21:28:52+0200,4d5ff379-624b-468c-8e0f-14ae085ed6a5,2026-08-16T17:15:00Z,2026-08-16T19:15:00+0200,734.73999,MW,FR,FR,forecast_offshore_wind_generation,Wind Offshore,2026-08-23T19:31:05Z
2026-08-23T19:28:52Z,2026-08-23T21:28:52+0200,4d5ff379-624b-468c-8e0f-14ae085ed6a5,2026-08-16T17:30:00Z,2026-08-16T19:30:00+0200,713.66003,MW,FR,FR,forecast_offshore_wind_generation,Wind Offshore,2026-08-23T19:31:05Z
2026-08-23T19:28:52Z,2026-08-23T21:28:52+0200,4d5ff379-624b-468c-8e0f-14ae085ed6a5,2026-08-16T17:45:00Z,2026-08-16T19:45:00+0200,692.63,MW,FR,FR,forecast_offshore_wind_generation,Wind Offshore,2026-08-23T19:31:05Z
2026-08-23T19:28:52Z,2026-08-23T21:28:52+0200,4d5ff379-624b-468c-8e0f-14ae085ed6a5,2026-08-16T18:00:00Z,2026-08-16T20:00:00+0200,671.58997,MW,FR,FR,forecast_offshore_wind_generation,Wind Offshore,2026-08-23T19:31:05Z
2026-08-23T19:28:52Z,2026-08-23T21:28:52+0200,4d5ff379-624b-468c-8e0f-14ae085ed6a5,2026-08-16T18:15:00Z,2026-08-16T20:15:00+0200,670.28998,MW,FR,FR,forecast_offshore_wind_generation,Wind Offshore,2026-08-23T19:31:05Z
2026-08-23T19:28:52Z,2026-08-23T21:28:52+0200,4d5ff379-624b-468c-8e0f-14ae085ed6a5,2026-08-16T18:30:00Z,2026-08-16T20:30:00+0200,668.99005,MW,FR,FR,forecast_offshore_wind_generation,Wind Offshore,2026-08-23T19:31:05Z
2026-08-23T19:28:52Z,2026-08-23T21:28:52+0200,4d5ff379-624b-468c-8e0f-14ae085ed6a5,2026-08-16T18:45:00Z,2026-08-16T20:45:00+0200,667.66998,MW,FR,FR,forecast_offshore_wind_generation,Wind Offshore,2026-08-23T19:31:05Z
2026-08-23T19:28:52Z,2026-08-23T21:28:52+0200,4d5ff379-624b-468c-8e0f-14ae085ed6a5,2026-08-16T19:00:00Z,2026-08-16T21:00:00+0200,666.35999,MW,FR,FR,forecast_offshore_wind_generation,Wind Offshore,2026-08-23T19:31:05Z
2026-08-23T19:28:52Z,2026-08-23T21:28:52+0200,4d5ff379-624b-468c-8e0f-14ae085ed6a5,2026-08-16T19:15:00Z,2026-08-16T21:15:00+0200,628.46002,MW,FR,FR,forecast_offshore_wind_generation,Wind Offshore,2026-08-23T19:31:05Z
2026-08-23T19:28:52Z,2026-08-23T21:28:52+0200,4d5ff379-624b-468c-8e0f-14ae085ed6a5,2026-08-16T19:30:00Z,2026-08-16T21:30:00+0200,590.56,MW,FR,FR,forecast_offshore_wind_generation,Wind Offshore,2026-08-23T19:31:05Z
2026-08-23T19:28:52Z,2026-08-23T21:28:52+0200,4d5ff379-624b-468c-8e0f-14ae085ed6a5,2026-08-16T19:45:00Z,2026-08-16T21:45:00+0200,552.66003,MW,FR,FR,forecast_offshore_wind_generation,Wind Offshore,2026-08-23T19:31:05Z
2026-08-23T19:28:52Z,2026-08-23T21:28:52+0200,4d5ff379-624b-468c-8e0f-14ae085ed6a5,2026-08-16T20:00:00Z,2026-08-16T22:00:00+0200,514.75,MW,FR,FR,forecast_offshore_wind_generation,Wind Offshore,2026-08-23T19:31:05Z
2026-08-23T19:28:52Z,2026-08-23T21:28:52+0200,4d5ff379-624b-468c-8e0f-14ae085ed6a5,2026-08-16T20:15:00Z,2026-08-16T22:15:00+0200,497.83002,MW,FR,FR,forecast_offshore_wind_generation,Wind Offshore,2026-08-23T19:31:05Z
2026-08-23T19:28:52Z,2026-08-23T21:28:52+0200,4d5ff379-624b-468c-8e0f-14ae085ed6a5,2026-08-16T20:30:00Z,2026-08-16T22:30:00+0200,480.88,MW,FR,FR,forecast_offshore_wind_generation,Wind Offshore,2026-08-23T19:31:05Z
2026-08-23T19:28:52Z,2026-08-23T21:28:52+0200,4d5ff379-624b-468c-8e0f-14ae085ed6a5,2026-08-16T20:45:00Z,2026-08-16T22:45:00+0200,463.92001,MW,FR,FR,forecast_offshore_wind_generation,Wind Offshore,2026-08-23T19:31:05Z
2026-08-23T19:28:52Z,2026-08-23T21:28:52+0200,4d5ff379-624b-468c-8e0f-14ae085ed6a5,2026-08-16T21:00:00Z,2026-08-16T23:00:00+0200,446.96002,MW,FR,FR,forecast_offshore_wind_generation,Wind Offshore,2026-08-23T19:31:05Z
2026-08-23T19:28:52Z,2026-08-23T21:28:52+0200,4d5ff379-624b-468c-8e0f-14ae085ed6a5,2026-08-16T21:15:00Z,2026-08-16T23:15:00+0200,454.84,MW,FR,FR,forecast_offshore_wind_generation,Wind Offshore,2026-08-23T19:31:05Z
2026-08-23T19:28:52Z,2026-08-23T21:28:52+0200,4d5ff379-624b-468c-8e0f-14ae085ed6a5,2026-08-16T21:30:00Z,2026-08-16T23:30:00+0200,462.69,MW,FR,FR,forecast_offshore_wind_generation,Wind Offshore,2026-08-23T19:31:05Z
2026-08-23T19:28:52Z,2026-08-23T21:28:52+0200,4d5ff379-624b-468c-8e0f-14ae085ed6a5,2026-08-16T21:45:00Z,2026-08-16T23:45:00+0200,470.54999,MW,FR,FR,forecast_offshore_wind_generation,Wind Offshore,2026-08-23T19:31:05Z
2026-08-23T19:28:52Z,2026-08-23T21:28:52+0200,4d5ff379-624b-468c-8e0f-14ae085ed6a5,2026-08-16T22:00:00Z,2026-08-17T00:00:00+0200,357.50998,MW,FR,FR,forecast_offshore_wind_generation,Wind Offshore,2026-08-23T19:31:05Z
2026-08-23T19:28:52Z,2026-08-23T21:28:52+0200,4d5ff379-624b-468c-8e0f-14ae085ed6a5,2026-08-16T22:15:00Z,2026-08-17T00:15:00+0200,361.98999,MW,FR,FR,forecast_offshore_wind_generation,Wind Offshore,2026-08-23T19:31:05Z
2026-08-23T19:28:52Z,2026-08-23T21:28:52+0200,4d5ff379-624b-468c-8e0f-14ae085ed6a5,2026-08-16T22:30:00Z,2026-08-17T00:30:00+0200,366.46002,MW,FR,FR,forecast_offshore_wind_generation,Wind Offshore,2026-08-23T19:31:05Z
2026-08-23T19:28:52Z,2026-08-23T21:28:52+0200,4d5ff379-624b-468c-8e0f-14ae085ed6a5,2026-08-16T22:45:00Z,2026-08-17T00:45:00+0200,370.70001,MW,FR,FR,forecast_offshore_wind_generation,Wind Offshore,2026-08-23T19:31:05Z
2026-08-23T19:28:52Z,2026-08-23T21:28:52+0200,4d5ff379-624b-468c-8e0f-14ae085ed6a5,2026-08-16T23:00:00Z,2026-08-17T01:00:00+0200,374.92999,MW,FR,FR,forecast_offshore_wind_generation,Wind Offshore,2026-08-23T19:31:05Z
2026-08-23T19:28:52Z,2026-08-23T21:28:52+0200,4d5ff379-624b-468c-8e0f-14ae085ed6a5,2026-08-16T23:15:00Z,2026-08-17T01:15:00+0200,396.41,MW,FR,FR,forecast_offshore_wind_generation,Wind Offshore,2026-08-23T19:31:05Z
2026-08-23T19:28:52Z,2026-08-23T21:28:52+0200,4d5ff379-624b-468c-8e0f-14ae085ed6a5,2026-08-16T23:30:00Z,2026-08-17T01:30:00+0200,417.87,MW,FR,FR,forecast_offshore_wind_generation,Wind Offshore,2026-08-23T19:31:05Z
2026-08-23T19:28:52Z,2026-08-23T21:28:52+0200,4d5ff379-624b-468c-8e0f-14ae085ed6a5,2026-08-16T23:45:00Z,2026-08-17T01:45:00+0200,439.27002,MW,FR,FR,forecast_offshore_wind_generation,Wind Offshore,2026-08-23T19:31:05Z
2026-08-23T19:28:52Z,2026-08-23T21:28:52+0200,4d5ff379-624b-468c-8e0f-14ae085ed6a5,2026-08-17T00:00:00Z,2026-08-17T02:00:00+0200,460.66998,MW,FR,FR,forecast_offshore_wind_generation,Wind Offshore,2026-08-23T19:31:05Z
2026-08-23T19:28:52Z,2026-08-23T21:28:52+0200,4d5ff379-624b-468c-8e0f-14ae085ed6a5,2026-08-17T00:15:00Z,2026-08-17T02:15:00+0200,455.77002,MW,FR,FR,forecast_offshore_wind_generation,Wind Offshore,2026-08-23T19:31:05Z
2026-08-23T19:28:52Z,2026-08-23T21:28:52+0200,4d5ff379-624b-468c-8e0f-14ae085ed6a5,2026-08-17T00:30:00Z,2026-08-17T02:30:00+0200,450.86002,MW,FR,FR,forecast_offshore_wind_generation,Wind Offshore,2026-08-23T19:31:05Z
2026-08-23T19:28:52Z,2026-08-23T21:28:52+0200,4d5ff379-624b-468c-8e0f-14ae085ed6a5,2026-08-17T00:45:00Z,2026-08-17T02:45:00+0200,445.97998,MW,FR,FR,forecast_offshore_wind_generation,Wind Offshore,2026-08-23T19:31:05Z
2026-08-23T19:28:52Z,2026-08-23T21:28:52+0200,4d5ff379-624b-468c-8e0f-14ae085ed6a5,2026-08-17T01:00:00Z,2026-08-17T03:00:00+0200,441.09,MW,FR,FR,forecast_offshore_wind_generation,Wind Offshore,2026-08-23T19:31:05Z
2026-08-23T19:28:52Z,2026-08-23T21:28:52+0200,4d5ff379-624b-468c-8e0f-14ae085ed6a5,2026-08-17T01:15:00Z,2026-08-17T03:15:00+0200,417.44998,MW,FR,FR,forecast_offshore_wind_generation,Wind Offshore,2026-08-23T19:31:05Z
2026-08-23T19:28:52Z,2026-08-23T21:28:52+0200,4d5ff379-624b-468c-8e0f-14ae085ed6a5,2026-08-17T01:30:00Z,2026-08-17T03:30:00+0200,393.81,MW,FR,FR,forecast_offshore_wind_generation,Wind Offshore,2026-08-23T19:31:05Z
2026-08-23T19:28:52Z,2026-08-23T21:28:52+0200,4d5ff379-624b-468c-8e0f-14ae085ed6a5,2026-08-17T01:45:00Z,2026-08-17T03:45:00+0200,370.20001,MW,FR,FR,forecast_offshore_wind_generation,Wind Offshore,2026-08-23T19:31:05Z
2026-08-23T19:28:52Z,2026-08-23T21:28:52+0200,4d5ff379-624b-468c-8e0f-14ae085ed6a5,2026-08-17T02:00:00Z,2026-08-17T04:00:00+0200,346.56003,MW,FR,FR,forecast_offshore_wind_generation,Wind Offshore,2026-08-23T19:31:05Z
2026-08-23T19:28:52Z,2026-08-23T21:28:52+0200,4d5ff379-624b-468c-8e0f-14ae085ed6a5,2026-08-17T02:15:00Z,2026-08-17T04:15:00+0200,327.83002,MW,FR,FR,forecast_offshore_wind_generation,Wind Offshore,2026-08-23T19:31:05Z
2026-08-23T19:28:52Z,2026-08-23T21:28:52+0200,4d5ff379-624b-468c-8e0f-14ae085ed6a5,2026-08-17T02:30:00Z,2026-08-17T04:30:00+0200,309.09,MW,FR,FR,forecast_offshore_wind_generation,Wind Offshore,2026-08-23T19:31:05Z
2026-08-23T19:28:52Z,2026-08-23T21:28:52+0200,4d5ff379-624b-468c-8e0f-14ae085ed6a5,2026-08-17T02:45:00Z,2026-08-17T04:45:00+0200,290.36002,MW,FR,FR,forecast_offshore_wind_generation,Wind Offshore,2026-08-23T19:31:05Z
2026-08-23T19:28:52Z,2026-08-23T21:28:52+0200,4d5ff379-624b-468c-8e0f-14ae085ed6a5,2026-08-17T03:00:00Z,2026-08-17T05:00:00+0200,271.62,MW,FR,FR,forecast_offshore_wind_generation,Wind Offshore,2026-08-23T19:31:05Z
2026-08-23T19:28:52Z,2026-08-23T21:28:52+0200,4d5ff379-624b-468c-8e0f-14ae085ed6a5,2026-08-17T03:15:00Z,2026-08-17T05:15:00+0200,273.67999,MW,FR,FR,forecast_offshore_wind_generation,Wind Offshore,2026-08-23T19:31:05Z
2026-08-23T19:28:52Z,2026-08-23T21:28:52+0200,4d5ff379-624b-468c-8e0f-14ae085ed6a5,2026-08-17T03:30:00Z,2026-08-17T05:30:00+0200,275.76999,MW,FR,FR,forecast_offshore_wind_generation,Wind Offshore,2026-08-23T19:31:05Z
2026-08-23T19:28:52Z,2026-08-23T21:28:52+0200,4d5ff379-624b-468c-8e0f-14ae085ed6a5,2026-08-17T03:45:00Z,2026-08-17T05:45:00+0200,277.76999,MW,FR,FR,forecast_offshore_wind_generation,Wind Offshore,2026-08-23T19:31:05Z
2026-08-23T19:28:52Z,2026-08-23T21:28:52+0200,4d5ff379-624b-468c-8e0f-14ae085ed6a5,2026-08-17T04:00:00Z,2026-08-17T06:00:00+0200,279.76001,MW,FR,FR,forecast_offshore_wind_generation,Wind Offshore,2026-08-23T19:31:05Z
2026-08-23T19:28:52Z,2026-08-23T21:28:52+0200,4d5ff379-624b-468c-8e0f-14ae085ed6a5,2026-08-17T04:15:00Z,2026-08-17T06:15:00+0200,277.14001,MW,FR,FR,forecast_offshore_wind_generation,Wind Offshore,2026-08-23T19:31:05Z
2026-08-23T19:28:52Z,2026-08-23T21:28:52+0200,4d5ff379-624b-468c-8e0f-14ae085ed6a5,2026-08-17T04:30:00Z,2026-08-17T06:30:00+0200,274.5,MW,FR,FR,forecast_offshore_wind_generation,Wind Offshore,2026-08-23T19:31:05Z
2026-08-23T19:28:52Z,2026-08-23T21:28:52+0200,4d5ff379-624b-468c-8e0f-14ae085ed6a5,2026-08-17T04:45:00Z,2026-08-17T06:45:00+0200,271.81,MW,FR,FR,forecast_offshore_wind_generation,Wind Offshore,2026-08-23T19:31:05Z
2026-08-23T19:28:52Z,2026-08-23T21:28:52+0200,4d5ff379-624b-468c-8e0f-14ae085ed6a5,2026-08-17T05:00:00Z,2026-08-17T07:00:00+0200,269.12,MW,FR,FR,forecast_offshore_wind_generation,Wind Offshore,2026-08-23T19:31:05Z
2026-08-23T19:28:52Z,2026-08-23T21:28:52+0200,4d5ff379-624b-468c-8e0f-14ae085ed6a5,2026-08-17T05:15:00Z,2026-08-17T07:15:00+0200,283.88,MW,FR,FR,forecast_offshore_wind_generation,Wind Offshore,2026-08-23T19:31:05Z
2026-08-23T19:28:52Z,2026-08-23T21:28:52+0200,4d5ff379-624b-468c-8e0f-14ae085ed6a5,2026-08-17T05:30:00Z,2026-08-17T07:30:00+0200,298.66,MW,FR,FR,forecast_offshore_wind_generation,Wind Offshore,2026-08-23T19:31:05Z
2026-08-23T19:28:52Z,2026-08-23T21:28:52+0200,4d5ff379-624b-468c-8e0f-14ae085ed6a5,2026-08-17T05:45:00Z,2026-08-17T07:45:00+0200,313.38,MW,FR,FR,forecast_offshore_wind_generation,Wind Offshore,2026-08-23T19:31:05Z
2026-08-23T19:28:52Z,2026-08-23T21:28:52+0200,4d5ff379-624b-468c-8e0f-14ae085ed6a5,2026-08-17T06:00:00Z,2026-08-17T08:00:00+0200,328.09,MW,FR,FR,forecast_offshore_wind_generation,Wind Offshore,2026-08-23T19:31:05Z
2026-08-23T19:28:52Z,2026-08-23T21:28:52+0200,4d5ff379-624b-468c-8e0f-14ae085ed6a5,2026-08-17T06:15:00Z,2026-08-17T08:15:00+0200,324.31,MW,FR,FR,forecast_offshore_wind_generation,Wind Offshore,2026-08-23T19:31:05Z
2026-08-23T19:28:52Z,2026-08-23T21:28:52+0200,4d5ff379-624b-468c-8e0f-14ae085ed6a5,2026-08-17T06:30:00Z,2026-08-17T08:30:00+0200,320.54999,MW,FR,FR,forecast_offshore_wind_generation,Wind Offshore,2026-08-23T19:31:05Z
2026-08-23T19:28:52Z,2026-08-23T21:28:52+0200,4d5ff379-624b-468c-8e0f-14ae085ed6a5,2026-08-17T06:45:00Z,2026-08-17T08:45:00+0200,316.75,MW,FR,FR,forecast_offshore_wind_generation,Wind Offshore,2026-08-23T19:31:05Z
2026-08-23T19:28:52Z,2026-08-23T21:28:52+0200,4d5ff379-624b-468c-8e0f-14ae085ed6a5,2026-08-17T07:00:00Z,2026-08-17T09:00:00+0200,312.92999,MW,FR,FR,forecast_offshore_wind_generation,Wind Offshore,2026-08-23T19:31:05Z
2026-08-23T19:28:52Z,2026-08-23T21:28:52+0200,4d5ff379-624b-468c-8e0f-14ae085ed6a5,2026-08-17T07:15:00Z,2026-08-17T09:15:00+0200,311.42001,MW,FR,FR,forecast_offshore_wind_generation,Wind Offshore,2026-08-23T19:31:05Z
2026-08-23T19:28:52Z,2026-08-23T21:28:52+0200,4d5ff379-624b-468c-8e0f-14ae085ed6a5,2026-08-17T07:30:00Z,2026-08-17T09:30:00+0200,309.91,MW,FR,FR,forecast_offshore_wind_generation,Wind Offshore,2026-08-23T19:31:05Z
2026-08-23T19:28:52Z,2026-08-23T21:28:52+0200,4d5ff379-624b-468c-8e0f-14ae085ed6a5,2026-08-17T07:45:00Z,2026-08-17T09:45:00+0200,308.37997,MW,FR,FR,forecast_offshore_wind_generation,Wind Offshore,2026-08-23T19:31:05Z
2026-08-23T19:28:52Z,2026-08-23T21:28:52+0200,4d5ff379-624b-468c-8e0f-14ae085ed6a5,2026-08-17T08:00:00Z,2026-08-17T10:00:00+0200,306.82999,MW,FR,FR,forecast_offshore_wind_generation,Wind Offshore,2026-08-23T19:31:05Z
2026-08-23T19:28:52Z,2026-08-23T21:28:52+0200,4d5ff379-624b-468c-8e0f-14ae085ed6a5,2026-08-17T08:15:00Z,2026-08-17T10:15:00+0200,292.90002,MW,FR,FR,forecast_offshore_wind_generation,Wind Offshore,2026-08-23T19:31:05Z
2026-08-23T19:28:52Z,2026-08-23T21:28:52+0200,4d5ff379-624b-468c-8e0f-14ae085ed6a5,2026-08-17T08:30:00Z,2026-08-17T10:30:00+0200,278.97003,MW,FR,FR,forecast_offshore_wind_generation,Wind Offshore,2026-08-23T19:31:05Z
2026-08-23T19:28:52Z,2026-08-23T21:28:52+0200,4d5ff379-624b-468c-8e0f-14ae085ed6a5,2026-08-17T08:45:00Z,2026-08-17T10:45:00+0200,265.02002,MW,FR,FR,forecast_offshore_wind_generation,Wind Offshore,2026-08-23T19:31:05Z
2026-08-23T19:28:52Z,2026-08-23T21:28:52+0200,4d5ff379-624b-468c-8e0f-14ae085ed6a5,2026-08-17T09:00:00Z,2026-08-17T11:00:00+0200,251.06999,MW,FR,FR,forecast_offshore_wind_generation,Wind Offshore,2026-08-23T19:31:05Z
2026-08-23T19:28:52Z,2026-08-23T21:28:52+0200,4d5ff379-624b-468c-8e0f-14ae085ed6a5,2026-08-17T09:15:00Z,2026-08-17T11:15:00+0200,244.95999,MW,FR,FR,forecast_offshore_wind_generation,Wind Offshore,2026-08-23T19:31:05Z
2026-08-23T19:28:52Z,2026-08-23T21:28:52+0200,4d5ff379-624b-468c-8e0f-14ae085ed6a5,2026-08-17T09:30:00Z,2026-08-17T11:30:00+0200,238.85001,MW,FR,FR,forecast_offshore_wind_generation,Wind Offshore,2026-08-23T19:31:05Z
2026-08-23T19:28:52Z,2026-08-23T21:28:52+0200,4d5ff379-624b-468c-8e0f-14ae085ed6a5,2026-08-17T09:45:00Z,2026-08-17T11:45:00+0200,232.72,MW,FR,FR,forecast_offshore_wind_generation,Wind Offshore,2026-08-23T19:31:05Z
2026-08-23T19:28:52Z,2026-08-23T21:28:52+0200,4d5ff379-624b-468c-8e0f-14ae085ed6a5,2026-08-17T10:00:00Z,2026-08-17T12:00:00+0200,226.61,MW,FR,FR,forecast_offshore_wind_generation,Wind Offshore,2026-08-23T19:31:05Z
2026-08-23T19:28:52Z,2026-08-23T21:28:52+0200,4d5ff379-624b-468c-8e0f-14ae085ed6a5,2026-08-17T10:15:00Z,2026-08-17T12:15:00+0200,233.75,MW,FR,FR,forecast_offshore_wind_generation,Wind Offshore,2026-08-23T19:31:05Z
2026-08-23T19:28:52Z,2026-08-23T21:28:52+0200,4d5ff379-624b-468c-8e0f-14ae085ed6a5,2026-08-17T10:30:00Z,2026-08-17T12:30:00+0200,240.90002,MW,FR,FR,forecast_offshore_wind_generation,Wind Offshore,2026-08-23T19:31:05Z
2026-08-23T19:28:52Z,2026-08-23T21:28:52+0200,4d5ff379-624b-468c-8e0f-14ae085ed6a5,2026-08-17T10:45:00Z,2026-08-17T12:45:00+0200,248.03999,MW,FR,FR,forecast_offshore_wind_generation,Wind Offshore,2026-08-23T19:31:05Z
2026-08-23T19:28:52Z,2026-08-23T21:28:52+0200,4d5ff379-624b-468c-8e0f-14ae085ed6a5,2026-08-17T11:00:00Z,2026-08-17T13:00:00+0200,255.18999,MW,FR,FR,forecast_offshore_wind_generation,Wind Offshore,2026-08-23T19:31:05Z
2026-08-23T19:28:52Z,2026-08-23T21:28:52+0200,4d5ff379-624b-468c-8e0f-14ae085ed6a5,2026-08-17T11:15:00Z,2026-08-17T13:15:00+0200,280.13,MW,FR,FR,forecast_offshore_wind_generation,Wind Offshore,2026-08-23T19:31:05Z
2026-08-23T19:28:52Z,2026-08-23T21:28:52+0200,4d5ff379-624b-468c-8e0f-14ae085ed6a5,2026-08-17T11:30:00Z,2026-08-17T13:30:00+0200,305.07999,MW,FR,FR,forecast_offshore_wind_generation,Wind Offshore,2026-08-23T19:31:05Z
2026-08-23T19:28:52Z,2026-08-23T21:28:52+0200,4d5ff379-624b-468c-8e0f-14ae085ed6a5,2026-08-17T11:45:00Z,2026-08-17T13:45:00+0200,330.02002,MW,FR,FR,forecast_offshore_wind_generation,Wind Offshore,2026-08-23T19:31:05Z
2026-08-23T19:28:52Z,2026-08-23T21:28:52+0200,4d5ff379-624b-468c-8e0f-14ae085ed6a5,2026-08-17T12:00:00Z,2026-08-17T14:00:00+0200,354.94003,MW,FR,FR,forecast_offshore_wind_generation,Wind Offshore,2026-08-23T19:31:05Z
2026-08-23T19:28:52Z,2026-08-23T21:28:52+0200,4d5ff379-624b-468c-8e0f-14ae085ed6a5,2026-08-17T12:15:00Z,2026-08-17T14:15:00+0200,367.03,MW,FR,FR,forecast_offshore_wind_generation,Wind Offshore,2026-08-23T19:31:05Z
2026-08-23T19:28:52Z,2026-08-23T21:28:52+0200,4d5ff379-624b-468c-8e0f-14ae085ed6a5,2026-08-17T12:30:00Z,2026-08-17T14:30:00+0200,379.10001,MW,FR,FR,forecast_offshore_wind_generation,Wind Offshore,2026-08-23T19:31:05Z
2026-08-23T19:28:52Z,2026-08-23T21:28:52+0200,4d5ff379-624b-468c-8e0f-14ae085ed6a5,2026-08-17T12:45:00Z,2026-08-17T14:45:00+0200,391.18997,MW,FR,FR,forecast_offshore_wind_generation,Wind Offshore,2026-08-23T19:31:05Z
2026-08-23T19:28:52Z,2026-08-23T21:28:52+0200,4d5ff379-624b-468c-8e0f-14ae085ed6a5,2026-08-17T13:00:00Z,2026-08-17T15:00:00+0200,403.26999,MW,FR,FR,forecast_offshore_wind_generation,Wind Offshore,2026-08-23T19:31:05Z
2026-08-23T19:28:52Z,2026-08-23T21:28:52+0200,4d5ff379-624b-468c-8e0f-14ae085ed6a5,2026-08-17T13:15:00Z,2026-08-17T15:15:00+0200,414.47003,MW,FR,FR,forecast_offshore_wind_generation,Wind Offshore,2026-08-23T19:31:05Z
2026-08-23T19:28:52Z,2026-08-23T21:28:52+0200,4d5ff379-624b-468c-8e0f-14ae085ed6a5,2026-08-17T13:30:00Z,2026-08-17T15:30:00+0200,425.66,MW,FR,FR,forecast_offshore_wind_generation,Wind Offshore,2026-08-23T19:31:05Z
2026-08-23T19:28:52Z,2026-08-23T21:28:52+0200,4d5ff379-624b-468c-8e0f-14ae085ed6a5,2026-08-17T13:45:00Z,2026-08-17T15:45:00+0200,436.89001,MW,FR,FR,forecast_offshore_wind_generation,Wind Offshore,2026-08-23T19:31:05Z
2026-08-23T19:28:52Z,2026-08-23T21:28:52+0200,4d5ff379-624b-468c-8e0f-14ae085ed6a5,2026-08-17T14:00:00Z,2026-08-17T16:00:00+0200,448.14999,MW,FR,FR,forecast_offshore_wind_generation,Wind Offshore,2026-08-23T19:31:05Z
2026-08-23T19:28:52Z,2026-08-23T21:28:52+0200,4d5ff379-624b-468c-8e0f-14ae085ed6a5,2026-08-17T14:15:00Z,2026-08-17T16:15:00+0200,452.95999,MW,FR,FR,forecast_offshore_wind_generation,Wind Offshore,2026-08-23T19:31:05Z
2026-08-23T19:28:52Z,2026-08-23T21:28:52+0200,4d5ff379-624b-468c-8e0f-14ae085ed6a5,2026-08-17T14:30:00Z,2026-08-17T16:30:00+0200,457.75998,MW,FR,FR,forecast_offshore_wind_generation,Wind Offshore,2026-08-23T19:31:05Z
2026-08-23T19:28:52Z,2026-08-23T21:28:52+0200,4d5ff379-624b-468c-8e0f-14ae085ed6a5,2026-08-17T14:45:00Z,2026-08-17T16:45:00+0200,462.60999,MW,FR,FR,forecast_offshore_wind_generation,Wind Offshore,2026-08-23T19:31:05Z
2026-08-23T19:28:52Z,2026-08-23T21:28:52+0200,4d5ff379-624b-468c-8e0f-14ae085ed6a5,2026-08-17T15:00:00Z,2026-08-17T17:00:00+0200,467.45001,MW,FR,FR,forecast_offshore_wind_generation,Wind Offshore,2026-08-23T19:31:05Z
2026-08-23T19:28:52Z,2026-08-23T21:28:52+0200,4d5ff379-624b-468c-8e0f-14ae085ed6a5,2026-08-17T15:15:00Z,2026-08-17T17:15:00+0200,527.84998,MW,FR,FR,forecast_offshore_wind_generation,Wind Offshore,2026-08-23T19:31:05Z
2026-08-23T19:28:52Z,2026-08-23T21:28:52+0200,4d5ff379-624b-468c-8e0f-14ae085ed6a5,2026-08-17T15:30:00Z,2026-08-17T17:30:00+0200,588.23999,MW,FR,FR,forecast_offshore_wind_generation,Wind Offshore,2026-08-23T19:31:05Z
2026-08-23T19:28:52Z,2026-08-23T21:28:52+0200,4d5ff379-624b-468c-8e0f-14ae085ed6a5,2026-08-17T15:45:00Z,2026-08-17T17:45:00+0200,648.68994,MW,FR,FR,forecast_offshore_wind_generation,Wind Offshore,2026-08-23T19:31:05Z
2026-08-23T19:28:52Z,2026-08-23T21:28:52+0200,4d5ff379-624b-468c-8e0f-14ae085ed6a5,2026-08-17T16:00:00Z,2026-08-17T18:00:00+0200,709.13,MW,FR,FR,forecast_offshore_wind_generation,Wind Offshore,2026-08-23T19:31:05Z
2026-08-23T19:28:52Z,2026-08-23T21:28:52+0200,4d5ff379-624b-468c-8e0f-14ae085ed6a5,2026-08-17T16:15:00Z,2026-08-17T18:15:00+0200,728.66003,MW,FR,FR,forecast_offshore_wind_generation,Wind Offshore,2026-08-23T19:31:05Z
2026-08-23T19:28:52Z,2026-08-23T21:28:52+0200,4d5ff379-624b-468c-8e0f-14ae085ed6a5,2026-08-17T16:30:00Z,2026-08-17T18:30:00+0200,748.19,MW,FR,FR,forecast_offshore_wind_generation,Wind Offshore,2026-08-23T19:31:05Z
2026-08-23T19:28:52Z,2026-08-23T21:28:52+0200,4d5ff379-624b-468c-8e0f-14ae085ed6a5,2026-08-17T16:45:00Z,2026-08-17T18:45:00+0200,767.75,MW,FR,FR,forecast_offshore_wind_generation,Wind Offshore,2026-08-23T19:31:05Z
2026-08-23T19:28:52Z,2026-08-23T21:28:52+0200,4d5ff379-624b-468c-8e0f-14ae085ed6a5,2026-08-17T17:00:00Z,2026-08-17T19:00:00+0200,787.32001,MW,FR,FR,forecast_offshore_wind_generation,Wind Offshore,2026-08-23T19:31:05Z
2026-08-23T19:28:52Z,2026-08-23T21:28:52+0200,4d5ff379-624b-468c-8e0f-14ae085ed6a5,2026-08-17T17:15:00Z,2026-08-17T19:15:00+0200,789.69,MW,FR,FR,forecast_offshore_wind_generation,Wind Offshore,2026-08-23T19:31:05Z
2026-08-23T19:28:52Z,2026-08-23T21:28:52+0200,4d5ff379-624b-468c-8e0f-14ae085ed6a5,2026-08-17T17:30:00Z,2026-08-17T19:30:00+0200,792.03003,MW,FR,FR,forecast_offshore_wind_generation,Wind Offshore,2026-08-23T19:31:05Z
2026-08-23T19:28:52Z,2026-08-23T21:28:52+0200,4d5ff379-624b-468c-8e0f-14ae085ed6a5,2026-08-17T17:45:00Z,2026-08-17T19:45:00+0200,794.41998,MW,FR,FR,forecast_offshore_wind_generation,Wind Offshore,2026-08-23T19:31:05Z
2026-08-23T19:28:52Z,2026-08-23T21:28:52+0200,4d5ff379-624b-468c-8e0f-14ae085ed6a5,2026-08-17T18:00:00Z,2026-08-17T20:00:00+0200,796.83002,MW,FR,FR,forecast_offshore_wind_generation,Wind Offshore,2026-08-23T19:31:05Z
2026-08-23T19:28:52Z,2026-08-23T21:28:52+0200,4d5ff379-624b-468c-8e0f-14ae085ed6a5,2026-08-17T18:15:00Z,2026-08-17T20:15:00+0200,807.97998,MW,FR,FR,forecast_offshore_wind_generation,Wind Offshore,2026-08-23T19:31:05Z
2026-08-23T19:28:52Z,2026-08-23T21:28:52+0200,4d5ff379-624b-468c-8e0f-14ae085ed6a5,2026-08-17T18:30:00Z,2026-08-17T20:30:00+0200,819.1601,MW,FR,FR,forecast_offshore_wind_generation,Wind Offshore,2026-08-23T19:31:05Z
2026-08-23T19:28:52Z,2026-08-23T21:28:52+0200,4d5ff379-624b-468c-8e0f-14ae085ed6a5,2026-08-17T18:45:00Z,2026-08-17T20:45:00+0200,830.29999,MW,FR,FR,forecast_offshore_wind_generation,Wind Offshore,2026-08-23T19:31:05Z
2026-08-23T19:28:52Z,2026-08-23T21:28:52+0200,4d5ff379-624b-468c-8e0f-14ae085ed6a5,2026-08-17T19:00:00Z,2026-08-17T21:00:00+0200,841.41003,MW,FR,FR,forecast_offshore_wind_generation,Wind Offshore,2026-08-23T19:31:05Z
2026-08-23T19:28:52Z,2026-08-23T21:28:52+0200,4d5ff379-624b-468c-8e0f-14ae085ed6a5,2026-08-17T19:15:00Z,2026-08-17T21:15:00+0200,887.82001,MW,FR,FR,forecast_offshore_wind_generation,Wind Offshore,2026-08-23T19:31:05Z
2026-08-23T19:28:52Z,2026-08-23T21:28:52+0200,4d5ff379-624b-468c-8e0f-14ae085ed6a5,2026-08-17T19:30:00Z,2026-08-17T21:30:00+0200,934.22998,MW,FR,FR,forecast_offshore_wind_generation,Wind Offshore,2026-08-23T19:31:05Z
2026-08-23T19:28:52Z,2026-08-23T21:28:52+0200,4d5ff379-624b-468c-8e0f-14ae085ed6a5,2026-08-17T19:45:00Z,2026-08-17T21:45:00+0200,980.59998,MW,FR,FR,forecast_offshore_wind_generation,Wind Offshore,2026-08-23T19:31:05Z
2026-08-23T19:28:52Z,2026-08-23T21:28:52+0200,4d5ff379-624b-468c-8e0f-14ae085ed6a5,2026-08-17T20:00:00Z,2026-08-17T22:00:00+0200,1026.96997,MW,FR,FR,forecast_offshore_wind_generation,Wind Offshore,2026-08-23T19:31:05Z
2026-08-23T19:28:52Z,2026-08-23T21:28:52+0200,4d5ff379-624b-468c-8e0f-14ae085ed6a5,2026-08-17T20:15:00Z,2026-08-17T22:15:00+0200,1044.19995,MW,FR,FR,forecast_offshore_wind_generation,Wind Offshore,2026-08-23T19:31:05Z
2026-08-23T19:28:52Z,2026-08-23T21:28:52+0200,4d5ff379-624b-468c-8e0f-14ae085ed6a5,2026-08-17T20:30:00Z,2026-08-17T22:30:00+0200,1061.42004,MW,FR,FR,forecast_offshore_wind_generation,Wind Offshore,2026-08-23T19:31:05Z
2026-08-23T19:28:52Z,2026-08-23T21:28:52+0200,4d5ff379-624b-468c-8e0f-14ae085ed6a5,2026-08-17T20:45:00Z,2026-08-17T22:45:00+0200,1078.58997,MW,FR,FR,forecast_offshore_wind_generation,Wind Offshore,2026-08-23T19:31:05Z
2026-08-23T19:28:52Z,2026-08-23T21:28:52+0200,4d5ff379-624b-468c-8e0f-14ae085ed6a5,2026-08-17T21:00:00Z,2026-08-17T23:00:00+0200,1095.75,MW,FR,FR,forecast_offshore_wind_generation,Wind Offshore,2026-08-23T19:31:05Z
2026-08-23T19:28:52Z,2026-08-23T21:28:52+0200,4d5ff379-624b-468c-8e0f-14ae085ed6a5,2026-08-17T21:15:00Z,2026-08-17T23:15:00+0200,1087.05005,MW,FR,FR,forecast_offshore_wind_generation,Wind Offshore,2026-08-23T19:31:05Z
2026-08-23T19:28:52Z,2026-08-23T21:28:52+0200,4d5ff379-624b-468c-8e0f-14ae085ed6a5,2026-08-17T21:30:00Z,2026-08-17T23:30:00+0200,1078.34998,MW,FR,FR,forecast_offshore_wind_generation,Wind Offshore,2026-08-23T19:31:05Z
2026-08-23T19:28:52Z,2026-08-23T21:28:52+0200,4d5ff379-624b-468c-8e0f-14ae085ed6a5,2026-08-17T21:45:00Z,2026-08-17T23:45:00+0200,1069.61011,MW,FR,FR,forecast_offshore_wind_generation,Wind Offshore,2026-08-23T19:31:05Z
2026-08-23T19:28:52Z,2026-08-23T21:28:52+0200,4d5ff379-624b-468c-8e0f-14ae085ed6a5,2026-08-17T22:00:00Z,2026-08-18T00:00:00+0200,1223.34998,MW,FR,FR,forecast_offshore_wind_generation,Wind Offshore,2026-08-23T19:31:05Z
2026-08-23T19:28:52Z,2026-08-23T21:28:52+0200,4d5ff379-624b-468c-8e0f-14ae085ed6a5,2026-08-17T22:15:00Z,2026-08-18T00:15:00+0200,1186.21997,MW,FR,FR,forecast_offshore_wind_generation,Wind Offshore,2026-08-23T19:31:05Z
2026-08-23T19:28:52Z,2026-08-23T21:28:52+0200,4d5ff379-624b-468c-8e0f-14ae085ed6a5,2026-08-17T22:30:00Z,2026-08-18T00:30:00+0200,1149.07007,MW,FR,FR,forecast_offshore_wind_generation,Wind Offshore,2026-08-23T19:31:05Z
2026-08-23T19:28:52Z,2026-08-23T21:28:52+0200,4d5ff379-624b-468c-8e0f-14ae085ed6a5,2026-08-17T22:45:00Z,2026-08-18T00:45:00+0200,1111.93994,MW,FR,FR,forecast_offshore_wind_generation,Wind Offshore,2026-08-23T19:31:05Z
2026-08-23T19:28:52Z,2026-08-23T21:28:52+0200,4d5ff379-624b-468c-8e0f-14ae085ed6a5,2026-08-17T23:00:00Z,2026-08-18T01:00:00+0200,1074.81006,MW,FR,FR,forecast_offshore_wind_generation,Wind Offshore,2026-08-23T19:31:05Z
2026-08-23T19:28:52Z,2026-08-23T21:28:52+0200,4d5ff379-624b-468c-8e0f-14ae085ed6a5,2026-08-17T23:15:00Z,2026-08-18T01:15:00+0200,1025.84998,MW,FR,FR,forecast_offshore_wind_generation,Wind Offshore,2026-08-23T19:31:05Z
2026-08-23T19:28:52Z,2026-08-23T21:28:52+0200,4d5ff379-624b-468c-8e0f-14ae085ed6a5,2026-08-17T23:30:00Z,2026-08-18T01:30:00+0200,976.89001,MW,FR,FR,forecast_offshore_wind_generation,Wind Offshore,2026-08-23T19:31:05Z
2026-08-23T19:28:52Z,2026-08-23T21:28:52+0200,4d5ff379-624b-468c-8e0f-14ae085ed6a5,2026-08-17T23:45:00Z,2026-08-18T01:45:00+0200,927.93005,MW,FR,FR,forecast_offshore_wind_generation,Wind Offshore,2026-08-23T19:31:05Z
2026-08-23T19:28:52Z,2026-08-23T21:28:52+0200,4d5ff379-624b-468c-8e0f-14ae085ed6a5,2026-08-18T00:00:00Z,2026-08-18T02:00:00+0200,878.97998,MW,FR,FR,forecast_offshore_wind_generation,Wind Offshore,2026-08-23T19:31:05Z
2026-08-23T19:28:52Z,2026-08-23T21:28:52+0200,4d5ff379-624b-468c-8e0f-14ae085ed6a5,2026-08-18T00:15:00Z,2026-08-18T02:15:00+0200,807.02002,MW,FR,FR,forecast_offshore_wind_generation,Wind Offshore,2026-08-23T19:31:05Z
2026-08-23T19:28:52Z,2026-08-23T21:28:52+0200,4d5ff379-624b-468c-8e0f-14ae085ed6a5,2026-08-18T00:30:00Z,2026-08-18T02:30:00+0200,735.06,MW,FR,FR,forecast_offshore_wind_generation,Wind Offshore,2026-08-23T19:31:05Z
2026-08-23T19:28:52Z,2026-08-23T21:28:52+0200,4d5ff379-624b-468c-8e0f-14ae085ed6a5,2026-08-18T00:45:00Z,2026-08-18T02:45:00+0200,663.10999,MW,FR,FR,forecast_offshore_wind_generation,Wind Offshore,2026-08-23T19:31:05Z
2026-08-23T19:28:52Z,2026-08-23T21:28:52+0200,4d5ff379-624b-468c-8e0f-14ae085ed6a5,2026-08-18T01:00:00Z,2026-08-18T03:00:00+0200,591.17004,MW,FR,FR,forecast_offshore_wind_generation,Wind Offshore,2026-08-23T19:31:05Z
2026-08-23T19:28:52Z,2026-08-23T21:28:52+0200,4d5ff379-624b-468c-8e0f-14ae085ed6a5,2026-08-18T01:15:00Z,2026-08-18T03:15:00+0200,578.88995,MW,FR,FR,forecast_offshore_wind_generation,Wind Offshore,2026-08-23T19:31:05Z
2026-08-23T19:28:52Z,2026-08-23T21:28:52+0200,4d5ff379-624b-468c-8e0f-14ae085ed6a5,2026-08-18T01:30:00Z,2026-08-18T03:30:00+0200,566.62,MW,FR,FR,forecast_offshore_wind_generation,Wind Offshore,2026-08-23T19:31:05Z
2026-08-23T19:28:52Z,2026-08-23T21:28:52+0200,4d5ff379-624b-468c-8e0f-14ae085ed6a5,2026-08-18T01:45:00Z,2026-08-18T03:45:00+0200,554.33002,MW,FR,FR,forecast_offshore_wind_generation,Wind Offshore,2026-08-23T19:31:05Z
2026-08-23T19:28:52Z,2026-08-23T21:28:52+0200,4d5ff379-624b-468c-8e0f-14ae085ed6a5,2026-08-18T02:00:00Z,2026-08-18T04:00:00+0200,542.06,MW,FR,FR,forecast_offshore_wind_generation,Wind Offshore,2026-08-23T19:31:05Z
2026-08-23T19:28:52Z,2026-08-23T21:28:52+0200,4d5ff379-624b-468c-8e0f-14ae085ed6a5,2026-08-18T02:15:00Z,2026-08-18T04:15:00+0200,537.15002,MW,FR,FR,forecast_offshore_wind_generation,Wind Offshore,2026-08-23T19:31:05Z
2026-08-23T19:28:52Z,2026-08-23T21:28:52+0200,4d5ff379-624b-468c-8e0f-14ae085ed6a5,2026-08-18T02:30:00Z,2026-08-18T04:30:00+0200,532.21997,MW,FR,FR,forecast_offshore_wind_generation,Wind Offshore,2026-08-23T19:31:05Z
2026-08-23T19:28:52Z,2026-08-23T21:28:52+0200,4d5ff379-624b-468c-8e0f-14ae085ed6a5,2026-08-18T02:45:00Z,2026-08-18T04:45:00+0200,527.29999,MW,FR,FR,forecast_offshore_wind_generation,Wind Offshore,2026-08-23T19:31:05Z
2026-08-23T19:28:52Z,2026-08-23T21:28:52+0200,4d5ff379-624b-468c-8e0f-14ae085ed6a5,2026-08-18T03:00:00Z,2026-08-18T05:00:00+0200,522.39001,MW,FR,FR,forecast_offshore_wind_generation,Wind Offshore,2026-08-23T19:31:05Z
2026-08-23T19:28:52Z,2026-08-23T21:28:52+0200,4d5ff379-624b-468c-8e0f-14ae085ed6a5,2026-08-18T03:15:00Z,2026-08-18T05:15:00+0200,529.60999,MW,FR,FR,forecast_offshore_wind_generation,Wind Offshore,2026-08-23T19:31:05Z
2026-08-23T19:28:52Z,2026-08-23T21:28:52+0200,4d5ff379-624b-468c-8e0f-14ae085ed6a5,2026-08-18T03:30:00Z,2026-08-18T05:30:00+0200,536.82996,MW,FR,FR,forecast_offshore_wind_generation,Wind Offshore,2026-08-23T19:31:05Z
2026-08-23T19:28:52Z,2026-08-23T21:28:52+0200,4d5ff379-624b-468c-8e0f-14ae085ed6a5,2026-08-18T03:45:00Z,2026-08-18T05:45:00+0200,544.04999,MW,FR,FR,forecast_offshore_wind_generation,Wind Offshore,2026-08-23T19:31:05Z
2026-08-23T19:28:52Z,2026-08-23T21:28:52+0200,4d5ff379-624b-468c-8e0f-14ae085ed6a5,2026-08-18T04:00:00Z,2026-08-18T06:00:00+0200,551.29004,MW,FR,FR,forecast_offshore_wind_generation,Wind Offshore,2026-08-23T19:31:05Z
2026-08-23T19:28:52Z,2026-08-23T21:28:52+0200,4d5ff379-624b-468c-8e0f-14ae085ed6a5,2026-08-18T04:15:00Z,2026-08-18T06:15:00+0200,545.75,MW,FR,FR,forecast_offshore_wind_generation,Wind Offshore,2026-08-23T19:31:05Z
2026-08-23T19:28:52Z,2026-08-23T21:28:52+0200,4d5ff379-624b-468c-8e0f-14ae085ed6a5,2026-08-18T04:30:00Z,2026-08-18T06:30:00+0200,540.20001,MW,FR,FR,forecast_offshore_wind_generation,Wind Offshore,2026-08-23T19:31:05Z
2026-08-23T19:28:52Z,2026-08-23T21:28:52+0200,4d5ff379-624b-468c-8e0f-14ae085ed6a5,2026-08-18T04:45:00Z,2026-08-18T06:45:00+0200,534.66998,MW,FR,FR,forecast_offshore_wind_generation,Wind Offshore,2026-08-23T19:31:05Z
2026-08-23T19:28:52Z,2026-08-23T21:28:52+0200,4d5ff379-624b-468c-8e0f-14ae085ed6a5,2026-08-18T05:00:00Z,2026-08-18T07:00:00+0200,529.13,MW,FR,FR,forecast_offshore_wind_generation,Wind Offshore,2026-08-23T19:31:05Z
2026-08-23T19:28:52Z,2026-08-23T21:28:52+0200,4d5ff379-624b-468c-8e0f-14ae085ed6a5,2026-08-18T05:15:00Z,2026-08-18T07:15:00+0200,522.79999,MW,FR,FR,forecast_offshore_wind_generation,Wind Offshore,2026-08-23T19:31:05Z
2026-08-23T19:28:52Z,2026-08-23T21:28:52+0200,4d5ff379-624b-468c-8e0f-14ae085ed6a5,2026-08-18T05:30:00Z,2026-08-18T07:30:00+0200,516.45001,MW,FR,FR,forecast_offshore_wind_generation,Wind Offshore,2026-08-23T19:31:05Z
2026-08-23T19:28:52Z,2026-08-23T21:28:52+0200,4d5ff379-624b-468c-8e0f-14ae085ed6a5,2026-08-18T05:45:00Z,2026-08-18T07:45:00+0200,510.10999,MW,FR,FR,forecast_offshore_wind_generation,Wind Offshore,2026-08-23T19:31:05Z
2026-08-23T19:28:52Z,2026-08-23T21:28:52+0200,4d5ff379-624b-468c-8e0f-14ae085ed6a5,2026-08-18T06:00:00Z,2026-08-18T08:00:00+0200,503.77002,MW,FR,FR,forecast_offshore_wind_generation,Wind Offshore,2026-08-23T19:31:05Z
2026-08-23T19:28:52Z,2026-08-23T21:28:52+0200,4d5ff379-624b-468c-8e0f-14ae085ed6a5,2026-08-18T06:15:00Z,2026-08-18T08:15:00+0200,488.85999,MW,FR,FR,forecast_offshore_wind_generation,Wind Offshore,2026-08-23T19:31:05Z
2026-08-23T19:28:52Z,2026-08-23T21:28:52+0200,4d5ff379-624b-468c-8e0f-14ae085ed6a5,2026-08-18T06:30:00Z,2026-08-18T08:30:00+0200,473.94,MW,FR,FR,forecast_offshore_wind_generation,Wind Offshore,2026-08-23T19:31:05Z
2026-08-23T19:28:52Z,2026-08-23T21:28:52+0200,4d5ff379-624b-468c-8e0f-14ae085ed6a5,2026-08-18T06:45:00Z,2026-08-18T08:45:00+0200,459.03,MW,FR,FR,forecast_offshore_wind_generation,Wind Offshore,2026-08-23T19:31:05Z
2026-08-23T19:28:52Z,2026-08-23T21:28:52+0200,4d5ff379-624b-468c-8e0f-14ae085ed6a5,2026-08-18T07:00:00Z,2026-08-18T09:00:00+0200,444.11002,MW,FR,FR,forecast_offshore_wind_generation,Wind Offshore,2026-08-23T19:31:05Z
2026-08-23T19:28:52Z,2026-08-23T21:28:52+0200,4d5ff379-624b-468c-8e0f-14ae085ed6a5,2026-08-18T07:15:00Z,2026-08-18T09:15:00+0200,446.29999,MW,FR,FR,forecast_offshore_wind_generation,Wind Offshore,2026-08-23T19:31:05Z
2026-08-23T19:28:52Z,2026-08-23T21:28:52+0200,4d5ff379-624b-468c-8e0f-14ae085ed6a5,2026-08-18T07:30:00Z,2026-08-18T09:30:00+0200,448.48999,MW,FR,FR,forecast_offshore_wind_generation,Wind Offshore,2026-08-23T19:31:05Z
2026-08-23T19:28:52Z,2026-08-23T21:28:52+0200,4d5ff379-624b-468c-8e0f-14ae085ed6a5,2026-08-18T07:45:00Z,2026-08-18T09:45:00+0200,450.69998,MW,FR,FR,forecast_offshore_wind_generation,Wind Offshore,2026-08-23T19:31:05Z
2026-08-23T19:28:52Z,2026-08-23T21:28:52+0200,4d5ff379-624b-468c-8e0f-14ae085ed6a5,2026-08-18T08:00:00Z,2026-08-18T10:00:00+0200,452.89001,MW,FR,FR,forecast_offshore_wind_generation,Wind Offshore,2026-08-23T19:31:05Z
2026-08-23T19:28:52Z,2026-08-23T21:28:52+0200,4d5ff379-624b-468c-8e0f-14ae085ed6a5,2026-08-18T08:15:00Z,2026-08-18T10:15:00+0200,475.01001,MW,FR,FR,forecast_offshore_wind_generation,Wind Offshore,2026-08-23T19:31:05Z
2026-08-23T19:28:52Z,2026-08-23T21:28:52+0200,4d5ff379-624b-468c-8e0f-14ae085ed6a5,2026-08-18T08:30:00Z,2026-08-18T10:30:00+0200,497.13,MW,FR,FR,forecast_offshore_wind_generation,Wind Offshore,2026-08-23T19:31:05Z
2026-08-23T19:28:52Z,2026-08-23T21:28:52+0200,4d5ff379-624b-468c-8e0f-14ae085ed6a5,2026-08-18T08:45:00Z,2026-08-18T10:45:00+0200,519.27002,MW,FR,FR,forecast_offshore_wind_generation,Wind Offshore,2026-08-23T19:31:05Z
2026-08-23T19:28:52Z,2026-08-23T21:28:52+0200,4d5ff379-624b-468c-8e0f-14ae085ed6a5,2026-08-18T09:00:00Z,2026-08-18T11:00:00+0200,541.39001,MW,FR,FR,forecast_offshore_wind_generation,Wind Offshore,2026-08-23T19:31:05Z
2026-08-23T19:28:52Z,2026-08-23T21:28:52+0200,4d5ff379-624b-468c-8e0f-14ae085ed6a5,2026-08-18T09:15:00Z,2026-08-18T11:15:00+0200,552.20001,MW,FR,FR,forecast_offshore_wind_generation,Wind Offshore,2026-08-23T19:31:05Z
2026-08-23T19:28:52Z,2026-08-23T21:28:52+0200,4d5ff379-624b-468c-8e0f-14ae085ed6a5,2026-08-18T09:30:00Z,2026-08-18T11:30:00+0200,563.0,MW,FR,FR,forecast_offshore_wind_generation,Wind Offshore,2026-08-23T19:31:05Z
2026-08-23T19:28:52Z,2026-08-23T21:28:52+0200,4d5ff379-624b-468c-8e0f-14ae085ed6a5,2026-08-18T09:45:00Z,2026-08-18T11:45:00+0200,573.79999,MW,FR,FR,forecast_offshore_wind_generation,Wind Offshore,2026-08-23T19:31:05Z
2026-08-23T19:28:52Z,2026-08-23T21:28:52+0200,4d5ff379-624b-468c-8e0f-14ae085ed6a5,2026-08-18T10:00:00Z,2026-08-18T12:00:00+0200,584.62,MW,FR,FR,forecast_offshore_wind_generation,Wind Offshore,2026-08-23T19:31:05Z
2026-08-23T19:28:52Z,2026-08-23T21:28:52+0200,4d5ff379-624b-468c-8e0f-14ae085ed6a5,2026-08-18T10:15:00Z,2026-08-18T12:15:00+0200,594.65997,MW,FR,FR,forecast_offshore_wind_generation,Wind Offshore,2026-08-23T19:31:05Z
2026-08-23T19:28:52Z,2026-08-23T21:28:52+0200,4d5ff379-624b-468c-8e0f-14ae085ed6a5,2026-08-18T10:30:00Z,2026-08-18T12:30:00+0200,604.70001,MW,FR,FR,forecast_offshore_wind_generation,Wind Offshore,2026-08-23T19:31:05Z
2026-08-23T19:28:52Z,2026-08-23T21:28:52+0200,4d5ff379-624b-468c-8e0f-14ae085ed6a5,2026-08-18T10:45:00Z,2026-08-18T12:45:00+0200,614.72998,MW,FR,FR,forecast_offshore_wind_generation,Wind Offshore,2026-08-23T19:31:05Z
2026-08-23T19:28:52Z,2026-08-23T21:28:52+0200,4d5ff379-624b-468c-8e0f-14ae085ed6a5,2026-08-18T11:00:00Z,2026-08-18T13:00:00+0200,624.77002,MW,FR,FR,forecast_offshore_wind_generation,Wind Offshore,2026-08-23T19:31:05Z
2026-08-23T19:28:52Z,2026-08-23T21:28:52+0200,4d5ff379-624b-468c-8e0f-14ae085ed6a5,2026-08-18T11:15:00Z,2026-08-18T13:15:00+0200,632.72998,MW,FR,FR,forecast_offshore_wind_generation,Wind Offshore,2026-08-23T19:31:05Z
2026-08-23T19:28:52Z,2026-08-23T21:28:52+0200,4d5ff379-624b-468c-8e0f-14ae085ed6a5,2026-08-18T11:30:00Z,2026-08-18T13:30:00+0200,640.68994,MW,FR,FR,forecast_offshore_wind_generation,Wind Offshore,2026-08-23T19:31:05Z
2026-08-23T19:28:52Z,2026-08-23T21:28:52+0200,4d5ff379-624b-468c-8e0f-14ae085ed6a5,2026-08-18T11:45:00Z,2026-08-18T13:45:00+0200,648.65997,MW,FR,FR,forecast_offshore_wind_generation,Wind Offshore,2026-08-23T19:31:05Z
2026-08-23T19:28:52Z,2026-08-23T21:28:52+0200,4d5ff379-624b-468c-8e0f-14ae085ed6a5,2026-08-18T12:00:00Z,2026-08-18T14:00:00+0200,656.64001,MW,FR,FR,forecast_offshore_wind_generation,Wind Offshore,2026-08-23T19:31:05Z
2026-08-23T19:28:52Z,2026-08-23T21:28:52+0200,4d5ff379-624b-468c-8e0f-14ae085ed6a5,2026-08-18T12:15:00Z,2026-08-18T14:15:00+0200,662.47998,MW,FR,FR,forecast_offshore_wind_generation,Wind Offshore,2026-08-23T19:31:05Z
2026-08-23T19:28:52Z,2026-08-23T21:28:52+0200,4d5ff379-624b-468c-8e0f-14ae085ed6a5,2026-08-18T12:30:00Z,2026-08-18T14:30:00+0200,668.34003,MW,FR,FR,forecast_offshore_wind_generation,Wind Offshore,2026-08-23T19:31:05Z
2026-08-23T19:28:52Z,2026-08-23T21:28:52+0200,4d5ff379-624b-468c-8e0f-14ae085ed6a5,2026-08-18T12:45:00Z,2026-08-18T14:45:00+0200,674.21002,MW,FR,FR,forecast_offshore_wind_generation,Wind Offshore,2026-08-23T19:31:05Z
2026-08-23T19:28:52Z,2026-08-23T21:28:52+0200,4d5ff379-624b-468c-8e0f-14ae085ed6a5,2026-08-18T13:00:00Z,2026-08-18T15:00:00+0200,680.07001,MW,FR,FR,forecast_offshore_wind_generation,Wind Offshore,2026-08-23T19:31:05Z
2026-08-23T19:28:52Z,2026-08-23T21:28:52+0200,4d5ff379-624b-468c-8e0f-14ae085ed6a5,2026-08-18T13:15:00Z,2026-08-18T15:15:00+0200,694.62,MW,FR,FR,forecast_offshore_wind_generation,Wind Offshore,2026-08-23T19:31:05Z
2026-08-23T19:28:52Z,2026-08-23T21:28:52+0200,4d5ff379-624b-468c-8e0f-14ae085ed6a5,2026-08-18T13:30:00Z,2026-08-18T15:30:00+0200,709.15997,MW,FR,FR,forecast_offshore_wind_generation,Wind Offshore,2026-08-23T19:31:05Z
2026-08-23T19:28:52Z,2026-08-23T21:28:52+0200,4d5ff379-624b-468c-8e0f-14ae085ed6a5,2026-08-18T13:45:00Z,2026-08-18T15:45:00+0200,723.70996,MW,FR,FR,forecast_offshore_wind_generation,Wind Offshore,2026-08-23T19:31:05Z
2026-08-23T19:28:52Z,2026-08-23T21:28:52+0200,4d5ff379-624b-468c-8e0f-14ae085ed6a5,2026-08-18T14:00:00Z,2026-08-18T16:00:00+0200,738.22998,MW,FR,FR,forecast_offshore_wind_generation,Wind Offshore,2026-08-23T19:31:05Z
2026-08-23T19:28:52Z,2026-08-23T21:28:52+0200,4d5ff379-624b-468c-8e0f-14ae085ed6a5,2026-08-18T14:15:00Z,2026-08-18T16:15:00+0200,771.32001,MW,FR,FR,forecast_offshore_wind_generation,Wind Offshore,2026-08-23T19:31:05Z
2026-08-23T19:28:52Z,2026-08-23T21:28:52+0200,4d5ff379-624b-468c-8e0f-14ae085ed6a5,2026-08-18T14:30:00Z,2026-08-18T16:30:00+0200,804.41003,MW,FR,FR,forecast_offshore_wind_generation,Wind Offshore,2026-08-23T19:31:05Z
2026-08-23T19:28:52Z,2026-08-23T21:28:52+0200,4d5ff379-624b-468c-8e0f-14ae085ed6a5,2026-08-18T14:45:00Z,2026-08-18T16:45:00+0200,837.51007,MW,FR,FR,forecast_offshore_wind_generation,Wind Offshore,2026-08-23T19:31:05Z
2026-08-23T19:28:52Z,2026-08-23T21:28:52+0200,4d5ff379-624b-468c-8e0f-14ae085ed6a5,2026-08-18T15:00:00Z,2026-08-18T17:00:00+0200,870.57007,MW,FR,FR,forecast_offshore_wind_generation,Wind Offshore,2026-08-23T19:31:05Z
2026-08-23T19:28:52Z,2026-08-23T21:28:52+0200,4d5ff379-624b-468c-8e0f-14ae085ed6a5,2026-08-18T15:15:00Z,2026-08-18T17:15:00+0200,891.62006,MW,FR,FR,forecast_offshore_wind_generation,Wind Offshore,2026-08-23T19:31:05Z
2026-08-23T19:28:52Z,2026-08-23T21:28:52+0200,4d5ff379-624b-468c-8e0f-14ae085ed6a5,2026-08-18T15:30:00Z,2026-08-18T17:30:00+0200,912.64001,MW,FR,FR,forecast_offshore_wind_generation,Wind Offshore,2026-08-23T19:31:05Z
2026-08-23T19:28:52Z,2026-08-23T21:28:52+0200,4d5ff379-624b-468c-8e0f-14ae085ed6a5,2026-08-18T15:45:00Z,2026-08-18T17:45:00+0200,933.67993,MW,FR,FR,forecast_offshore_wind_generation,Wind Offshore,2026-08-23T19:31:05Z
2026-08-23T19:28:52Z,2026-08-23T21:28:52+0200,4d5ff379-624b-468c-8e0f-14ae085ed6a5,2026-08-18T16:00:00Z,2026-08-18T18:00:00+0200,954.71002,MW,FR,FR,forecast_offshore_wind_generation,Wind Offshore,2026-08-23T19:31:05Z
2026-08-23T19:28:52Z,2026-08-23T21:28:52+0200,4d5ff379-624b-468c-8e0f-14ae085ed6a5,2026-08-18T16:15:00Z,2026-08-18T18:15:00+0200,960.72998,MW,FR,FR,forecast_offshore_wind_generation,Wind Offshore,2026-08-23T19:31:05Z
2026-08-23T19:28:52Z,2026-08-23T21:28:52+0200,4d5ff379-624b-468c-8e0f-14ae085ed6a5,2026-08-18T16:30:00Z,2026-08-18T18:30:00+0200,966.73999,MW,FR,FR,forecast_offshore_wind_generation,Wind Offshore,2026-08-23T19:31:05Z
2026-08-23T19:28:52Z,2026-08-23T21:28:52+0200,4d5ff379-624b-468c-8e0f-14ae085ed6a5,2026-08-18T16:45:00Z,2026-08-18T18:45:00+0200,972.75,MW,FR,FR,forecast_offshore_wind_generation,Wind Offshore,2026-08-23T19:31:05Z
2026-08-23T19:28:52Z,2026-08-23T21:28:52+0200,4d5ff379-624b-468c-8e0f-14ae085ed6a5,2026-08-18T17:00:00Z,2026-08-18T19:00:00+0200,978.78998,MW,FR,FR,forecast_offshore_wind_generation,Wind Offshore,2026-08-23T19:31:05Z
2026-08-23T19:28:52Z,2026-08-23T21:28:52+0200,4d5ff379-624b-468c-8e0f-14ae085ed6a5,2026-08-18T17:15:00Z,2026-08-18T19:15:00+0200,967.76001,MW,FR,FR,forecast_offshore_wind_generation,Wind Offshore,2026-08-23T19:31:05Z
2026-08-23T19:28:52Z,2026-08-23T21:28:52+0200,4d5ff379-624b-468c-8e0f-14ae085ed6a5,2026-08-18T17:30:00Z,2026-08-18T19:30:00+0200,956.72998,MW,FR,FR,forecast_offshore_wind_generation,Wind Offshore,2026-08-23T19:31:05Z
2026-08-23T19:28:52Z,2026-08-23T21:28:52+0200,4d5ff379-624b-468c-8e0f-14ae085ed6a5,2026-08-18T17:45:00Z,2026-08-18T19:45:00+0200,945.70996,MW,FR,FR,forecast_offshore_wind_generation,Wind Offshore,2026-08-23T19:31:05Z
2026-08-23T19:28:52Z,2026-08-23T21:28:52+0200,4d5ff379-624b-468c-8e0f-14ae085ed6a5,2026-08-18T18:00:00Z,2026-08-18T20:00:00+0200,934.66998,MW,FR,FR,forecast_offshore_wind_generation,Wind Offshore,2026-08-23T19:31:05Z
2026-08-23T19:28:52Z,2026-08-23T21:28:52+0200,4d5ff379-624b-468c-8e0f-14ae085ed6a5,2026-08-18T18:15:00Z,2026-08-18T20:15:00+0200,907.89001,MW,FR,FR,forecast_offshore_wind_generation,Wind Offshore,2026-08-23T19:31:05Z
2026-08-23T19:28:52Z,2026-08-23T21:28:52+0200,4d5ff379-624b-468c-8e0f-14ae085ed6a5,2026-08-18T18:30:00Z,2026-08-18T20:30:00+0200,881.08997,MW,FR,FR,forecast_offshore_wind_generation,Wind Offshore,2026-08-23T19:31:05Z
2026-08-23T19:28:52Z,2026-08-23T21:28:52+0200,4d5ff379-624b-468c-8e0f-14ae085ed6a5,2026-08-18T18:45:00Z,2026-08-18T20:45:00+0200,854.27002,MW,FR,FR,forecast_offshore_wind_generation,Wind Offshore,2026-08-23T19:31:05Z
2026-08-23T19:28:52Z,2026-08-23T21:28:52+0200,4d5ff379-624b-468c-8e0f-14ae085ed6a5,2026-08-18T19:00:00Z,2026-08-18T21:00:00+0200,827.47998,MW,FR,FR,forecast_offshore_wind_generation,Wind Offshore,2026-08-23T19:31:05Z
2026-08-23T19:28:52Z,2026-08-23T21:28:52+0200,4d5ff379-624b-468c-8e0f-14ae085ed6a5,2026-08-18T19:15:00Z,2026-08-18T21:15:00+0200,805.57007,MW,FR,FR,forecast_offshore_wind_generation,Wind Offshore,2026-08-23T19:31:05Z
2026-08-23T19:28:52Z,2026-08-23T21:28:52+0200,4d5ff379-624b-468c-8e0f-14ae085ed6a5,2026-08-18T19:30:00Z,2026-08-18T21:30:00+0200,783.67999,MW,FR,FR,forecast_offshore_wind_generation,Wind Offshore,2026-08-23T19:31:05Z
2026-08-23T19:28:52Z,2026-08-23T21:28:52+0200,4d5ff379-624b-468c-8e0f-14ae085ed6a5,2026-08-18T19:45:00Z,2026-08-18T21:45:00+0200,761.76001,MW,FR,FR,forecast_offshore_wind_generation,Wind Offshore,2026-08-23T19:31:05Z
2026-08-23T19:28:52Z,2026-08-23T21:28:52+0200,4d5ff379-624b-468c-8e0f-14ae085ed6a5,2026-08-18T20:00:00Z,2026-08-18T22:00:00+0200,739.86005,MW,FR,FR,forecast_offshore_wind_generation,Wind Offshore,2026-08-23T19:31:05Z
2026-08-23T19:28:52Z,2026-08-23T21:28:52+0200,4d5ff379-624b-468c-8e0f-14ae085ed6a5,2026-08-18T20:15:00Z,2026-08-18T22:15:00+0200,732.14001,MW,FR,FR,forecast_offshore_wind_generation,Wind Offshore,2026-08-23T19:31:05Z
2026-08-23T19:28:52Z,2026-08-23T21:28:52+0200,4d5ff379-624b-468c-8e0f-14ae085ed6a5,2026-08-18T20:30:00Z,2026-08-18T22:30:00+0200,724.42999,MW,FR,FR,forecast_offshore_wind_generation,Wind Offshore,2026-08-23T19:31:05Z
2026-08-23T19:28:52Z,2026-08-23T21:28:52+0200,4d5ff379-624b-468c-8e0f-14ae085ed6a5,2026-08-18T20:45:00Z,2026-08-18T22:45:00+0200,716.72003,MW,FR,FR,forecast_offshore_wind_generation,Wind Offshore,2026-08-23T19:31:05Z
2026-08-23T19:28:52Z,2026-08-23T21:28:52+0200,4d5ff379-624b-468c-8e0f-14ae085ed6a5,2026-08-18T21:00:00Z,2026-08-18T23:00:00+0200,709.01001,MW,FR,FR,forecast_offshore_wind_generation,Wind Offshore,2026-08-23T19:31:05Z
2026-08-23T19:28:52Z,2026-08-23T21:28:52+0200,4d5ff379-624b-468c-8e0f-14ae085ed6a5,2026-08-18T21:15:00Z,2026-08-18T23:15:00+0200,706.75,MW,FR,FR,forecast_offshore_wind_generation,Wind Offshore,2026-08-23T19:31:05Z
2026-08-23T19:28:52Z,2026-08-23T21:28:52+0200,4d5ff379-624b-468c-8e0f-14ae085ed6a5,2026-08-18T21:30:00Z,2026-08-18T23:30:00+0200,704.5,MW,FR,FR,forecast_offshore_wind_generation,Wind Offshore,2026-08-23T19:31:05Z
2026-08-23T19:28:52Z,2026-08-23T21:28:52+0200,4d5ff379-624b-468c-8e0f-14ae085ed6a5,2026-08-18T21:45:00Z,2026-08-18T23:45:00+0200,702.25,MW,FR,FR,forecast_offshore_wind_generation,Wind Offshore,2026-08-23T19:31:05Z
2026-08-23T19:28:52Z,2026-08-23T21:28:52+0200,4d5ff379-624b-468c-8e0f-14ae085ed6a5,2026-08-18T22:00:00Z,2026-08-19T00:00:00+0200,551.78003,MW,FR,FR,forecast_offshore_wind_generation,Wind Offshore,2026-08-23T19:31:05Z
2026-08-23T19:28:52Z,2026-08-23T21:28:52+0200,4d5ff379-624b-468c-8e0f-14ae085ed6a5,2026-08-18T22:15:00Z,2026-08-19T00:15:00+0200,545.06995,MW,FR,FR,forecast_offshore_wind_generation,Wind Offshore,2026-08-23T19:31:05Z
2026-08-23T19:28:52Z,2026-08-23T21:28:52+0200,4d5ff379-624b-468c-8e0f-14ae085ed6a5,2026-08-18T22:30:00Z,2026-08-19T00:30:00+0200,538.33002,MW,FR,FR,forecast_offshore_wind_generation,Wind Offshore,2026-08-23T19:31:05Z
2026-08-23T19:28:52Z,2026-08-23T21:28:52+0200,4d5ff379-624b-468c-8e0f-14ae085ed6a5,2026-08-18T22:45:00Z,2026-08-19T00:45:00+0200,531.73999,MW,FR,FR,forecast_offshore_wind_generation,Wind Offshore,2026-08-23T19:31:05Z
2026-08-23T19:28:52Z,2026-08-23T21:28:52+0200,4d5ff379-624b-468c-8e0f-14ae085ed6a5,2026-08-18T23:00:00Z,2026-08-19T01:00:00+0200,525.14001,MW,FR,FR,forecast_offshore_wind_generation,Wind Offshore,2026-08-23T19:31:05Z
2026-08-23T19:28:52Z,2026-08-23T21:28:52+0200,4d5ff379-624b-468c-8e0f-14ae085ed6a5,2026-08-18T23:15:00Z,2026-08-19T01:15:00+0200,538.48999,MW,FR,FR,forecast_offshore_wind_generation,Wind Offshore,2026-08-23T19:31:05Z
2026-08-23T19:28:52Z,2026-08-23T21:28:52+0200,4d5ff379-624b-468c-8e0f-14ae085ed6a5,2026-08-18T23:30:00Z,2026-08-19T01:30:00+0200,551.83997,MW,FR,FR,forecast_offshore_wind_generation,Wind Offshore,2026-08-23T19:31:05Z
2026-08-23T19:28:52Z,2026-08-23T21:28:52+0200,4d5ff379-624b-468c-8e0f-14ae085ed6a5,2026-08-18T23:45:00Z,2026-08-19T01:45:00+0200,565.22998,MW,FR,FR,forecast_offshore_wind_generation,Wind Offshore,2026-08-23T19:31:05Z
2026-08-23T19:28:52Z,2026-08-23T21:28:52+0200,4d5ff379-624b-468c-8e0f-14ae085ed6a5,2026-08-19T00:00:00Z,2026-08-19T02:00:00+0200,578.63,MW,FR,FR,forecast_offshore_wind_generation,Wind Offshore,2026-08-23T19:31:05Z
2026-08-23T19:28:52Z,2026-08-23T21:28:52+0200,4d5ff379-624b-468c-8e0f-14ae085ed6a5,2026-08-19T00:15:00Z,2026-08-19T02:15:00+0200,572.42999,MW,FR,FR,forecast_offshore_wind_generation,Wind Offshore,2026-08-23T19:31:05Z
2026-08-23T19:28:52Z,2026-08-23T21:28:52+0200,4d5ff379-624b-468c-8e0f-14ae085ed6a5,2026-08-19T00:30:00Z,2026-08-19T02:30:00+0200,566.22003,MW,FR,FR,forecast_offshore_wind_generation,Wind Offshore,2026-08-23T19:31:05Z
2026-08-23T19:28:52Z,2026-08-23T21:28:52+0200,4d5ff379-624b-468c-8e0f-14ae085ed6a5,2026-08-19T00:45:00Z,2026-08-19T02:45:00+0200,560.01001,MW,FR,FR,forecast_offshore_wind_generation,Wind Offshore,2026-08-23T19:31:05Z
2026-08-23T19:28:52Z,2026-08-23T21:28:52+0200,4d5ff379-624b-468c-8e0f-14ae085ed6a5,2026-08-19T01:00:00Z,2026-08-19T03:00:00+0200,553.82001,MW,FR,FR,forecast_offshore_wind_generation,Wind Offshore,2026-08-23T19:31:05Z
2026-08-23T19:28:52Z,2026-08-23T21:28:52+0200,4d5ff379-624b-468c-8e0f-14ae085ed6a5,2026-08-19T01:15:00Z,2026-08-19T03:15:00+0200,538.69,MW,FR,FR,forecast_offshore_wind_generation,Wind Offshore,2026-08-23T19:31:05Z
2026-08-23T19:28:52Z,2026-08-23T21:28:52+0200,4d5ff379-624b-468c-8e0f-14ae085ed6a5,2026-08-19T01:30:00Z,2026-08-19T03:30:00+0200,523.58002,MW,FR,FR,forecast_offshore_wind_generation,Wind Offshore,2026-08-23T19:31:05Z
2026-08-23T19:28:52Z,2026-08-23T21:28:52+0200,4d5ff379-624b-468c-8e0f-14ae085ed6a5,2026-08-19T01:45:00Z,2026-08-19T03:45:00+0200,508.47003,MW,FR,FR,forecast_offshore_wind_generation,Wind Offshore,2026-08-23T19:31:05Z
2026-08-23T19:28:52Z,2026-08-23T21:28:52+0200,4d5ff379-624b-468c-8e0f-14ae085ed6a5,2026-08-19T02:00:00Z,2026-08-19T04:00:00+0200,493.34,MW,FR,FR,forecast_offshore_wind_generation,Wind Offshore,2026-08-23T19:31:05Z
2026-08-23T19:28:52Z,2026-08-23T21:28:52+0200,4d5ff379-624b-468c-8e0f-14ae085ed6a5,2026-08-19T02:15:00Z,2026-08-19T04:15:00+0200,481.16998,MW,FR,FR,forecast_offshore_wind_generation,Wind Offshore,2026-08-23T19:31:05Z
2026-08-23T19:28:52Z,2026-08-23T21:28:52+0200,4d5ff379-624b-468c-8e0f-14ae085ed6a5,2026-08-19T02:30:00Z,2026-08-19T04:30:00+0200,468.98001,MW,FR,FR,forecast_offshore_wind_generation,Wind Offshore,2026-08-23T19:31:05Z
2026-08-23T19:28:52Z,2026-08-23T21:28:52+0200,4d5ff379-624b-468c-8e0f-14ae085ed6a5,2026-08-19T02:45:00Z,2026-08-19T04:45:00+0200,456.79001,MW,FR,FR,forecast_offshore_wind_generation,Wind Offshore,2026-08-23T19:31:05Z
2026-08-23T19:28:52Z,2026-08-23T21:28:52+0200,4d5ff379-624b-468c-8e0f-14ae085ed6a5,2026-08-19T03:00:00Z,2026-08-19T05:00:00+0200,444.60999,MW,FR,FR,forecast_offshore_wind_generation,Wind Offshore,2026-08-23T19:31:05Z
2026-08-23T19:28:52Z,2026-08-23T21:28:52+0200,4d5ff379-624b-468c-8e0f-14ae085ed6a5,2026-08-19T03:15:00Z,2026-08-19T05:15:00+0200,429.78998,MW,FR,FR,forecast_offshore_wind_generation,Wind Offshore,2026-08-23T19:31:05Z
2026-08-23T19:28:52Z,2026-08-23T21:28:52+0200,4d5ff379-624b-468c-8e0f-14ae085ed6a5,2026-08-19T03:30:00Z,2026-08-19T05:30:00+0200,414.95999,MW,FR,FR,forecast_offshore_wind_generation,Wind Offshore,2026-08-23T19:31:05Z
2026-08-23T19:28:52Z,2026-08-23T21:28:52+0200,4d5ff379-624b-468c-8e0f-14ae085ed6a5,2026-08-19T03:45:00Z,2026-08-19T05:45:00+0200,400.16,MW,FR,FR,forecast_offshore_wind_generation,Wind Offshore,2026-08-23T19:31:05Z
2026-08-23T19:28:52Z,2026-08-23T21:28:52+0200,4d5ff379-624b-468c-8e0f-14ae085ed6a5,2026-08-19T04:00:00Z,2026-08-19T06:00:00+0200,385.38,MW,FR,FR,forecast_offshore_wind_generation,Wind Offshore,2026-08-23T19:31:05Z
2026-08-23T19:28:52Z,2026-08-23T21:28:52+0200,4d5ff379-624b-468c-8e0f-14ae085ed6a5,2026-08-19T04:15:00Z,2026-08-19T06:15:00+0200,392.51001,MW,FR,FR,forecast_offshore_wind_generation,Wind Offshore,2026-08-23T19:31:05Z
2026-08-23T19:28:52Z,2026-08-23T21:28:52+0200,4d5ff379-624b-468c-8e0f-14ae085ed6a5,2026-08-19T04:30:00Z,2026-08-19T06:30:00+0200,399.67001,MW,FR,FR,forecast_offshore_wind_generation,Wind Offshore,2026-08-23T19:31:05Z
2026-08-23T19:28:52Z,2026-08-23T21:28:52+0200,4d5ff379-624b-468c-8e0f-14ae085ed6a5,2026-08-19T04:45:00Z,2026-08-19T06:45:00+0200,406.85001,MW,FR,FR,forecast_offshore_wind_generation,Wind Offshore,2026-08-23T19:31:05Z
2026-08-23T19:28:52Z,2026-08-23T21:28:52+0200,4d5ff379-624b-468c-8e0f-14ae085ed6a5,2026-08-19T05:00:00Z,2026-08-19T07:00:00+0200,414.03003,MW,FR,FR,forecast_offshore_wind_generation,Wind Offshore,2026-08-23T19:31:05Z
2026-08-23T19:28:52Z,2026-08-23T21:28:52+0200,4d5ff379-624b-468c-8e0f-14ae085ed6a5,2026-08-19T05:15:00Z,2026-08-19T07:15:00+0200,420.98001,MW,FR,FR,forecast_offshore_wind_generation,Wind Offshore,2026-08-23T19:31:05Z
2026-08-23T19:28:52Z,2026-08-23T21:28:52+0200,4d5ff379-624b-468c-8e0f-14ae085ed6a5,2026-08-19T05:30:00Z,2026-08-19T07:30:00+0200,427.91998,MW,FR,FR,forecast_offshore_wind_generation,Wind Offshore,2026-08-23T19:31:05Z
2026-08-23T19:28:52Z,2026-08-23T21:28:52+0200,4d5ff379-624b-468c-8e0f-14ae085ed6a5,2026-08-19T05:45:00Z,2026-08-19T07:45:00+0200,434.90002,MW,FR,FR,forecast_offshore_wind_generation,Wind Offshore,2026-08-23T19:31:05Z
2026-08-23T19:28:52Z,2026-08-23T21:28:52+0200,4d5ff379-624b-468c-8e0f-14ae085ed6a5,2026-08-19T06:00:00Z,2026-08-19T08:00:00+0200,441.90002,MW,FR,FR,forecast_offshore_wind_generation,Wind Offshore,2026-08-23T19:31:05Z
2026-08-23T19:28:52Z,2026-08-23T21:28:52+0200,4d5ff379-624b-468c-8e0f-14ae085ed6a5,2026-08-19T06:15:00Z,2026-08-19T08:15:00+0200,451.92999,MW,FR,FR,forecast_offshore_wind_generation,Wind Offshore,2026-08-23T19:31:05Z
2026-08-23T19:28:52Z,2026-08-23T21:28:52+0200,4d5ff379-624b-468c-8e0f-14ae085ed6a5,2026-08-19T06:30:00Z,2026-08-19T08:30:00+0200,461.95001,MW,FR,FR,forecast_offshore_wind_generation,Wind Offshore,2026-08-23T19:31:05Z
2026-08-23T19:28:52Z,2026-08-23T21:28:52+0200,4d5ff379-624b-468c-8e0f-14ae085ed6a5,2026-08-19T06:45:00Z,2026-08-19T08:45:00+0200,472.0,MW,FR,FR,forecast_offshore_wind_generation,Wind Offshore,2026-08-23T19:31:05Z
2026-08-23T19:28:52Z,2026-08-23T21:28:52+0200,4d5ff379-624b-468c-8e0f-14ae085ed6a5,2026-08-19T07:00:00Z,2026-08-19T09:00:00+0200,482.04999,MW,FR,FR,forecast_offshore_wind_generation,Wind Offshore,2026-08-23T19:31:05Z
2026-08-23T19:28:52Z,2026-08-23T21:28:52+0200,4d5ff379-624b-468c-8e0f-14ae085ed6a5,2026-08-19T07:15:00Z,2026-08-19T09:15:00+0200,486.29001,MW,FR,FR,forecast_offshore_wind_generation,Wind Offshore,2026-08-23T19:31:05Z
2026-08-23T19:28:52Z,2026-08-23T21:28:52+0200,4d5ff379-624b-468c-8e0f-14ae085ed6a5,2026-08-19T07:30:00Z,2026-08-19T09:30:00+0200,490.54999,MW,FR,FR,forecast_offshore_wind_generation,Wind Offshore,2026-08-23T19:31:05Z
2026-08-23T19:28:52Z,2026-08-23T21:28:52+0200,4d5ff379-624b-468c-8e0f-14ae085ed6a5,2026-08-19T07:45:00Z,2026-08-19T09:45:00+0200,494.80997,MW,FR,FR,forecast_offshore_wind_generation,Wind Offshore,2026-08-23T19:31:05Z
2026-08-23T19:28:52Z,2026-08-23T21:28:52+0200,4d5ff379-624b-468c-8e0f-14ae085ed6a5,2026-08-19T08:00:00Z,2026-08-19T10:00:00+0200,499.06,MW,FR,FR,forecast_offshore_wind_generation,Wind Offshore,2026-08-23T19:31:05Z
2026-08-23T19:28:52Z,2026-08-23T21:28:52+0200,4d5ff379-624b-468c-8e0f-14ae085ed6a5,2026-08-19T08:15:00Z,2026-08-19T10:15:00+0200,509.97,MW,FR,FR,forecast_offshore_wind_generation,Wind Offshore,2026-08-23T19:31:05Z
2026-08-23T19:28:52Z,2026-08-23T21:28:52+0200,4d5ff379-624b-468c-8e0f-14ae085ed6a5,2026-08-19T08:30:00Z,2026-08-19T10:30:00+0200,520.84998,MW,FR,FR,forecast_offshore_wind_generation,Wind Offshore,2026-08-23T19:31:05Z
2026-08-23T19:28:52Z,2026-08-23T21:28:52+0200,4d5ff379-624b-468c-8e0f-14ae085ed6a5,2026-08-19T08:45:00Z,2026-08-19T10:45:00+0200,531.76001,MW,FR,FR,forecast_offshore_wind_generation,Wind Offshore,2026-08-23T19:31:05Z
2026-08-23T19:28:52Z,2026-08-23T21:28:52+0200,4d5ff379-624b-468c-8e0f-14ae085ed6a5,2026-08-19T09:00:00Z,2026-08-19T11:00:00+0200,542.66998,MW,FR,FR,forecast_offshore_wind_generation,Wind Offshore,2026-08-23T19:31:05Z
2026-08-23T19:28:52Z,2026-08-23T21:28:52+0200,4d5ff379-624b-468c-8e0f-14ae085ed6a5,2026-08-19T09:15:00Z,2026-08-19T11:15:00+0200,547.70001,MW,FR,FR,forecast_offshore_wind_generation,Wind Offshore,2026-08-23T19:31:05Z
2026-08-23T19:28:52Z,2026-08-23T21:28:52+0200,4d5ff379-624b-468c-8e0f-14ae085ed6a5,2026-08-19T09:30:00Z,2026-08-19T11:30:00+0200,552.72998,MW,FR,FR,forecast_offshore_wind_generation,Wind Offshore,2026-08-23T19:31:05Z
2026-08-23T19:28:52Z,2026-08-23T21:28:52+0200,4d5ff379-624b-468c-8e0f-14ae085ed6a5,2026-08-19T09:45:00Z,2026-08-19T11:45:00+0200,557.77997,MW,FR,FR,forecast_offshore_wind_generation,Wind Offshore,2026-08-23T19:31:05Z
2026-08-23T19:28:52Z,2026-08-23T21:28:52+0200,4d5ff379-624b-468c-8e0f-14ae085ed6a5,2026-08-19T10:00:00Z,2026-08-19T12:00:00+0200,562.82001,MW,FR,FR,forecast_offshore_wind_generation,Wind Offshore,2026-08-23T19:31:05Z
2026-08-23T19:28:52Z,2026-08-23T21:28:52+0200,4d5ff379-624b-468c-8e0f-14ae085ed6a5,2026-08-19T10:15:00Z,2026-08-19T12:15:00+0200,558.08002,MW,FR,FR,forecast_offshore_wind_generation,Wind Offshore,2026-08-23T19:31:05Z
2026-08-23T19:28:52Z,2026-08-23T21:28:52+0200,4d5ff379-624b-468c-8e0f-14ae085ed6a5,2026-08-19T10:30:00Z,2026-08-19T12:30:00+0200,553.34003,MW,FR,FR,forecast_offshore_wind_generation,Wind Offshore,2026-08-23T19:31:05Z
2026-08-23T19:28:52Z,2026-08-23T21:28:52+0200,4d5ff379-624b-468c-8e0f-14ae085ed6a5,2026-08-19T10:45:00Z,2026-08-19T12:45:00+0200,548.60999,MW,FR,FR,forecast_offshore_wind_generation,Wind Offshore,2026-08-23T19:31:05Z
2026-08-23T19:28:52Z,2026-08-23T21:28:52+0200,4d5ff379-624b-468c-8e0f-14ae085ed6a5,2026-08-19T11:00:00Z,2026-08-19T13:00:00+0200,543.87,MW,FR,FR,forecast_offshore_wind_generation,Wind Offshore,2026-08-23T19:31:05Z
2026-08-23T19:28:52Z,2026-08-23T21:28:52+0200,4d5ff379-624b-468c-8e0f-14ae085ed6a5,2026-08-19T11:15:00Z,2026-08-19T13:15:00+0200,549.90002,MW,FR,FR,forecast_offshore_wind_generation,Wind Offshore,2026-08-23T19:31:05Z
2026-08-23T19:28:52Z,2026-08-23T21:28:52+0200,4d5ff379-624b-468c-8e0f-14ae085ed6a5,2026-08-19T11:30:00Z,2026-08-19T13:30:00+0200,555.93994,MW,FR,FR,forecast_offshore_wind_generation,Wind Offshore,2026-08-23T19:31:05Z
2026-08-23T19:28:52Z,2026-08-23T21:28:52+0200,4d5ff379-624b-468c-8e0f-14ae085ed6a5,2026-08-19T11:45:00Z,2026-08-19T13:45:00+0200,561.97003,MW,FR,FR,forecast_offshore_wind_generation,Wind Offshore,2026-08-23T19:31:05Z
2026-08-23T19:28:52Z,2026-08-23T21:28:52+0200,4d5ff379-624b-468c-8e0f-14ae085ed6a5,2026-08-19T12:00:00Z,2026-08-19T14:00:00+0200,568.03003,MW,FR,FR,forecast_offshore_wind_generation,Wind Offshore,2026-08-23T19:31:05Z
2026-08-23T19:28:52Z,2026-08-23T21:28:52+0200,4d5ff379-624b-468c-8e0f-14ae085ed6a5,2026-08-19T12:15:00Z,2026-08-19T14:15:00+0200,598.51001,MW,FR,FR,forecast_offshore_wind_generation,Wind Offshore,2026-08-23T19:31:05Z
2026-08-23T19:28:52Z,2026-08-23T21:28:52+0200,4d5ff379-624b-468c-8e0f-14ae085ed6a5,2026-08-19T12:30:00Z,2026-08-19T14:30:00+0200,628.98999,MW,FR,FR,forecast_offshore_wind_generation,Wind Offshore,2026-08-23T19:31:05Z
2026-08-23T19:28:52Z,2026-08-23T21:28:52+0200,4d5ff379-624b-468c-8e0f-14ae085ed6a5,2026-08-19T12:45:00Z,2026-08-19T14:45:00+0200,659.45996,MW,FR,FR,forecast_offshore_wind_generation,Wind Offshore,2026-08-23T19:31:05Z
2026-08-23T19:28:52Z,2026-08-23T21:28:52+0200,4d5ff379-624b-468c-8e0f-14ae085ed6a5,2026-08-19T13:00:00Z,2026-08-19T15:00:00+0200,689.95996,MW,FR,FR,forecast_offshore_wind_generation,Wind Offshore,2026-08-23T19:31:05Z
2026-08-23T19:28:52Z,2026-08-23T21:28:52+0200,4d5ff379-624b-468c-8e0f-14ae085ed6a5,2026-08-19T13:15:00Z,2026-08-19T15:15:00+0200,719.38,MW,FR,FR,forecast_offshore_wind_generation,Wind Offshore,2026-08-23T19:31:05Z
2026-08-23T19:28:52Z,2026-08-23T21:28:52+0200,4d5ff379-624b-468c-8e0f-14ae085ed6a5,2026-08-19T13:30:00Z,2026-08-19T15:30:00+0200,748.81995,MW,FR,FR,forecast_offshore_wind_generation,Wind Offshore,2026-08-23T19:31:05Z
2026-08-23T19:28:52Z,2026-08-23T21:28:52+0200,4d5ff379-624b-468c-8e0f-14ae085ed6a5,2026-08-19T13:45:00Z,2026-08-19T15:45:00+0200,778.22998,MW,FR,FR,forecast_offshore_wind_generation,Wind Offshore,2026-08-23T19:31:05Z
2026-08-23T19:28:52Z,2026-08-23T21:28:52+0200,4d5ff379-624b-468c-8e0f-14ae085ed6a5,2026-08-19T14:00:00Z,2026-08-19T16:00:00+0200,807.63,MW,FR,FR,forecast_offshore_wind_generation,Wind Offshore,2026-08-23T19:31:05Z
2026-08-23T19:28:52Z,2026-08-23T21:28:52+0200,4d5ff379-624b-468c-8e0f-14ae085ed6a5,2026-08-19T14:15:00Z,2026-08-19T16:15:00+0200,831.25,MW,FR,FR,forecast_offshore_wind_generation,Wind Offshore,2026-08-23T19:31:05Z
2026-08-23T19:28:52Z,2026-08-23T21:28:52+0200,4d5ff379-624b-468c-8e0f-14ae085ed6a5,2026-08-19T14:30:00Z,2026-08-19T16:30:00+0200,854.83002,MW,FR,FR,forecast_offshore_wind_generation,Wind Offshore,2026-08-23T19:31:05Z
2026-08-23T19:28:52Z,2026-08-23T21:28:52+0200,4d5ff379-624b-468c-8e0f-14ae085ed6a5,2026-08-19T14:45:00Z,2026-08-19T16:45:00+0200,878.41003,MW,FR,FR,forecast_offshore_wind_generation,Wind Offshore,2026-08-23T19:31:05Z
2026-08-23T19:28:52Z,2026-08-23T21:28:52+0200,4d5ff379-624b-468c-8e0f-14ae085ed6a5,2026-08-19T15:00:00Z,2026-08-19T17:00:00+0200,901.97998,MW,FR,FR,forecast_offshore_wind_generation,Wind Offshore,2026-08-23T19:31:05Z
2026-08-23T19:28:52Z,2026-08-23T21:28:52+0200,4d5ff379-624b-468c-8e0f-14ae085ed6a5,2026-08-19T15:15:00Z,2026-08-19T17:15:00+0200,934.25,MW,FR,FR,forecast_offshore_wind_generation,Wind Offshore,2026-08-23T19:31:05Z
2026-08-23T19:28:52Z,2026-08-23T21:28:52+0200,4d5ff379-624b-468c-8e0f-14ae085ed6a5,2026-08-19T15:30:00Z,2026-08-19T17:30:00+0200,966.51001,MW,FR,FR,forecast_offshore_wind_generation,Wind Offshore,2026-08-23T19:31:05Z
2026-08-23T19:28:52Z,2026-08-23T21:28:52+0200,4d5ff379-624b-468c-8e0f-14ae085ed6a5,2026-08-19T15:45:00Z,2026-08-19T17:45:00+0200,998.75989,MW,FR,FR,forecast_offshore_wind_generation,Wind Offshore,2026-08-23T19:31:05Z
2026-08-23T19:28:52Z,2026-08-23T21:28:52+0200,4d5ff379-624b-468c-8e0f-14ae085ed6a5,2026-08-19T16:00:00Z,2026-08-19T18:00:00+0200,1030.98999,MW,FR,FR,forecast_offshore_wind_generation,Wind Offshore,2026-08-23T19:31:05Z
2026-08-23T19:28:52Z,2026-08-23T21:28:52+0200,4d5ff379-624b-468c-8e0f-14ae085ed6a5,2026-08-19T16:15:00Z,2026-08-19T18:15:00+0200,1031.04993,MW,FR,FR,forecast_offshore_wind_generation,Wind Offshore,2026-08-23T19:31:05Z
2026-08-23T19:28:52Z,2026-08-23T21:28:52+0200,4d5ff379-624b-468c-8e0f-14ae085ed6a5,2026-08-19T16:30:00Z,2026-08-19T18:30:00+0200,1031.08997,MW,FR,FR,forecast_offshore_wind_generation,Wind Offshore,2026-08-23T19:31:05Z
2026-08-23T19:28:52Z,2026-08-23T21:28:52+0200,4d5ff379-624b-468c-8e0f-14ae085ed6a5,2026-08-19T16:45:00Z,2026-08-19T18:45:00+0200,1031.12988,MW,FR,FR,forecast_offshore_wind_generation,Wind Offshore,2026-08-23T19:31:05Z
2026-08-23T19:28:52Z,2026-08-23T21:28:52+0200,4d5ff379-624b-468c-8e0f-14ae085ed6a5,2026-08-19T17:00:00Z,2026-08-19T19:00:00+0200,1031.13989,MW,FR,FR,forecast_offshore_wind_generation,Wind Offshore,2026-08-23T19:31:05Z
2026-08-23T19:28:52Z,2026-08-23T21:28:52+0200,4d5ff379-624b-468c-8e0f-14ae085ed6a5,2026-08-19T17:15:00Z,2026-08-19T19:15:00+0200,1038.28003,MW,FR,FR,forecast_offshore_wind_generation,Wind Offshore,2026-08-23T19:31:05Z
2026-08-23T19:28:52Z,2026-08-23T21:28:52+0200,4d5ff379-624b-468c-8e0f-14ae085ed6a5,2026-08-19T17:30:00Z,2026-08-19T19:30:00+0200,1045.39001,MW,FR,FR,forecast_offshore_wind_generation,Wind Offshore,2026-08-23T19:31:05Z
2026-08-23T19:28:52Z,2026-08-23T21:28:52+0200,4d5ff379-624b-468c-8e0f-14ae085ed6a5,2026-08-19T17:45:00Z,2026-08-19T19:45:00+0200,1052.48999,MW,FR,FR,forecast_offshore_wind_generation,Wind Offshore,2026-08-23T19:31:05Z
2026-08-23T19:28:52Z,2026-08-23T21:28:52+0200,4d5ff379-624b-468c-8e0f-14ae085ed6a5,2026-08-19T18:00:00Z,2026-08-19T20:00:00+0200,1059.59009,MW,FR,FR,forecast_offshore_wind_generation,Wind Offshore,2026-08-23T19:31:05Z
2026-08-23T19:28:52Z,2026-08-23T21:28:52+0200,4d5ff379-624b-468c-8e0f-14ae085ed6a5,2026-08-19T18:15:00Z,2026-08-19T20:15:00+0200,1033.15002,MW,FR,FR,forecast_offshore_wind_generation,Wind Offshore,2026-08-23T19:31:05Z
2026-08-23T19:28:52Z,2026-08-23T21:28:52+0200,4d5ff379-624b-468c-8e0f-14ae085ed6a5,2026-08-19T18:30:00Z,2026-08-19T20:30:00+0200,1006.70007,MW,FR,FR,forecast_offshore_wind_generation,Wind Offshore,2026-08-23T19:31:05Z
2026-08-23T19:28:52Z,2026-08-23T21:28:52+0200,4d5ff379-624b-468c-8e0f-14ae085ed6a5,2026-08-19T18:45:00Z,2026-08-19T20:45:00+0200,980.28003,MW,FR,FR,forecast_offshore_wind_generation,Wind Offshore,2026-08-23T19:31:05Z
2026-08-23T19:28:52Z,2026-08-23T21:28:52+0200,4d5ff379-624b-468c-8e0f-14ae085ed6a5,2026-08-19T19:00:00Z,2026-08-19T21:00:00+0200,953.83997,MW,FR,FR,forecast_offshore_wind_generation,Wind Offshore,2026-08-23T19:31:05Z
2026-08-23T19:28:52Z,2026-08-23T21:28:52+0200,4d5ff379-624b-468c-8e0f-14ae085ed6a5,2026-08-19T19:15:00Z,2026-08-19T21:15:00+0200,963.42999,MW,FR,FR,forecast_offshore_wind_generation,Wind Offshore,2026-08-23T19:31:05Z
2026-08-23T19:28:52Z,2026-08-23T21:28:52+0200,4d5ff379-624b-468c-8e0f-14ae085ed6a5,2026-08-19T19:30:00Z,2026-08-19T21:30:00+0200,973.01007,MW,FR,FR,forecast_offshore_wind_generation,Wind Offshore,2026-08-23T19:31:05Z
2026-08-23T19:28:52Z,2026-08-23T21:28:52+0200,4d5ff379-624b-468c-8e0f-14ae085ed6a5,2026-08-19T19:45:00Z,2026-08-19T21:45:00+0200,982.60999,MW,FR,FR,forecast_offshore_wind_generation,Wind Offshore,2026-08-23T19:31:05Z
2026-08-23T19:28:52Z,2026-08-23T21:28:52+0200,4d5ff379-624b-468c-8e0f-14ae085ed6a5,2026-08-19T20:00:00Z,2026-08-19T22:00:00+0200,992.20996,MW,FR,FR,forecast_offshore_wind_generation,Wind Offshore,2026-08-23T19:31:05Z
2026-08-23T19:28:52Z,2026-08-23T21:28:52+0200,4d5ff379-624b-468c-8e0f-14ae085ed6a5,2026-08-19T20:15:00Z,2026-08-19T22:15:00+0200,1016.22998,MW,FR,FR,forecast_offshore_wind_generation,Wind Offshore,2026-08-23T19:31:05Z
2026-08-23T19:28:52Z,2026-08-23T21:28:52+0200,4d5ff379-624b-468c-8e0f-14ae085ed6a5,2026-08-19T20:30:00Z,2026-08-19T22:30:00+0200,1040.22998,MW,FR,FR,forecast_offshore_wind_generation,Wind Offshore,2026-08-23T19:31:05Z
2026-08-23T19:28:52Z,2026-08-23T21:28:52+0200,4d5ff379-624b-468c-8e0f-14ae085ed6a5,2026-08-19T20:45:00Z,2026-08-19T22:45:00+0200,1064.28003,MW,FR,FR,forecast_offshore_wind_generation,Wind Offshore,2026-08-23T19:31:05Z
2026-08-23T19:28:52Z,2026-08-23T21:28:52+0200,4d5ff379-624b-468c-8e0f-14ae085ed6a5,2026-08-19T21:00:00Z,2026-08-19T23:00:00+0200,1088.34009,MW,FR,FR,forecast_offshore_wind_generation,Wind Offshore,2026-08-23T19:31:05Z
2026-08-23T19:28:52Z,2026-08-23T21:28:52+0200,4d5ff379-624b-468c-8e0f-14ae085ed6a5,2026-08-19T21:15:00Z,2026-08-19T23:15:00+0200,1089.07007,MW,FR,FR,forecast_offshore_wind_generation,Wind Offshore,2026-08-23T19:31:05Z
2026-08-23T19:28:52Z,2026-08-23T21:28:52+0200,4d5ff379-624b-468c-8e0f-14ae085ed6a5,2026-08-19T21:30:00Z,2026-08-19T23:30:00+0200,1089.78992,MW,FR,FR,forecast_offshore_wind_generation,Wind Offshore,2026-08-23T19:31:05Z
2026-08-23T19:28:52Z,2026-08-23T21:28:52+0200,4d5ff379-624b-468c-8e0f-14ae085ed6a5,2026-08-19T21:45:00Z,2026-08-19T23:45:00+0200,1090.53003,MW,FR,FR,forecast_offshore_wind_generation,Wind Offshore,2026-08-23T19:31:05Z
2026-08-23T19:28:52Z,2026-08-23T21:28:52+0200,4d5ff379-624b-468c-8e0f-14ae085ed6a5,2026-08-19T22:00:00Z,2026-08-20T00:00:00+0200,945.72998,MW,FR,FR,forecast_offshore_wind_generation,Wind Offshore,2026-08-23T19:31:05Z
2026-08-23T19:28:52Z,2026-08-23T21:28:52+0200,4d5ff379-624b-468c-8e0f-14ae085ed6a5,2026-08-19T22:15:00Z,2026-08-20T00:15:00+0200,927.19006,MW,FR,FR,forecast_offshore_wind_generation,Wind Offshore,2026-08-23T19:31:05Z
2026-08-23T19:28:52Z,2026-08-23T21:28:52+0200,4d5ff379-624b-468c-8e0f-14ae085ed6a5,2026-08-19T22:30:00Z,2026-08-20T00:30:00+0200,908.62994,MW,FR,FR,forecast_offshore_wind_generation,Wind Offshore,2026-08-23T19:31:05Z
2026-08-23T19:28:52Z,2026-08-23T21:28:52+0200,4d5ff379-624b-468c-8e0f-14ae085ed6a5,2026-08-19T22:45:00Z,2026-08-20T00:45:00+0200,889.08997,MW,FR,FR,forecast_offshore_wind_generation,Wind Offshore,2026-08-23T19:31:05Z
2026-08-23T19:28:52Z,2026-08-23T21:28:52+0200,4d5ff379-624b-468c-8e0f-14ae085ed6a5,2026-08-19T23:00:00Z,2026-08-20T01:00:00+0200,869.56995,MW,FR,FR,forecast_offshore_wind_generation,Wind Offshore,2026-08-23T19:31:05Z
2026-08-23T19:28:52Z,2026-08-23T21:28:52+0200,4d5ff379-624b-468c-8e0f-14ae085ed6a5,2026-08-19T23:15:00Z,2026-08-20T01:15:00+0200,851.54004,MW,FR,FR,forecast_offshore_wind_generation,Wind Offshore,2026-08-23T19:31:05Z
2026-08-23T19:28:52Z,2026-08-23T21:28:52+0200,4d5ff379-624b-468c-8e0f-14ae085ed6a5,2026-08-19T23:30:00Z,2026-08-20T01:30:00+0200,833.54999,MW,FR,FR,forecast_offshore_wind_generation,Wind Offshore,2026-08-23T19:31:05Z
2026-08-23T19:28:52Z,2026-08-23T21:28:52+0200,4d5ff379-624b-468c-8e0f-14ae085ed6a5,2026-08-19T23:45:00Z,2026-08-20T01:45:00+0200,815.17004,MW,FR,FR,forecast_offshore_wind_generation,Wind Offshore,2026-08-23T19:31:05Z
2026-08-23T19:28:52Z,2026-08-23T21:28:52+0200,4d5ff379-624b-468c-8e0f-14ae085ed6a5,2026-08-20T00:00:00Z,2026-08-20T02:00:00+0200,796.85004,MW,FR,FR,forecast_offshore_wind_generation,Wind Offshore,2026-08-23T19:31:05Z
2026-08-23T19:28:52Z,2026-08-23T21:28:52+0200,4d5ff379-624b-468c-8e0f-14ae085ed6a5,2026-08-20T00:15:00Z,2026-08-20T02:15:00+0200,817.81,MW,FR,FR,forecast_offshore_wind_generation,Wind Offshore,2026-08-23T19:31:05Z
2026-08-23T19:28:52Z,2026-08-23T21:28:52+0200,4d5ff379-624b-468c-8e0f-14ae085ed6a5,2026-08-20T00:30:00Z,2026-08-20T02:30:00+0200,838.78003,MW,FR,FR,forecast_offshore_wind_generation,Wind Offshore,2026-08-23T19:31:05Z
2026-08-23T19:28:52Z,2026-08-23T21:28:52+0200,4d5ff379-624b-468c-8e0f-14ae085ed6a5,2026-08-20T00:45:00Z,2026-08-20T02:45:00+0200,859.78003,MW,FR,FR,forecast_offshore_wind_generation,Wind Offshore,2026-08-23T19:31:05Z
2026-08-23T19:28:52Z,2026-08-23T21:28:52+0200,4d5ff379-624b-468c-8e0f-14ae085ed6a5,2026-08-20T01:00:00Z,2026-08-20T03:00:00+0200,880.77002,MW,FR,FR,forecast_offshore_wind_generation,Wind Offshore,2026-08-23T19:31:05Z
2026-08-23T19:28:52Z,2026-08-23T21:28:52+0200,4d5ff379-624b-468c-8e0f-14ae085ed6a5,2026-08-20T01:15:00Z,2026-08-20T03:15:00+0200,877.40002,MW,FR,FR,forecast_offshore_wind_generation,Wind Offshore,2026-08-23T19:31:05Z
2026-08-23T19:28:52Z,2026-08-23T21:28:52+0200,4d5ff379-624b-468c-8e0f-14ae085ed6a5,2026-08-20T01:30:00Z,2026-08-20T03:30:00+0200,874.02997,MW,FR,FR,forecast_offshore_wind_generation,Wind Offshore,2026-08-23T19:31:05Z
2026-08-23T19:28:52Z,2026-08-23T21:28:52+0200,4d5ff379-624b-468c-8e0f-14ae085ed6a5,2026-08-20T01:45:00Z,2026-08-20T03:45:00+0200,870.69006,MW,FR,FR,forecast_offshore_wind_generation,Wind Offshore,2026-08-23T19:31:05Z
2026-08-23T19:28:52Z,2026-08-23T21:28:52+0200,4d5ff379-624b-468c-8e0f-14ae085ed6a5,2026-08-20T02:00:00Z,2026-08-20T04:00:00+0200,867.33997,MW,FR,FR,forecast_offshore_wind_generation,Wind Offshore,2026-08-23T19:31:05Z
2026-08-23T19:28:52Z,2026-08-23T21:28:52+0200,4d5ff379-624b-468c-8e0f-14ae085ed6a5,2026-08-20T02:15:00Z,2026-08-20T04:15:00+0200,880.13,MW,FR,FR,forecast_offshore_wind_generation,Wind Offshore,2026-08-23T19:31:05Z
2026-08-23T19:28:52Z,2026-08-23T21:28:52+0200,4d5ff379-624b-468c-8e0f-14ae085ed6a5,2026-08-20T02:30:00Z,2026-08-20T04:30:00+0200,892.94,MW,FR,FR,forecast_offshore_wind_generation,Wind Offshore,2026-08-23T19:31:05Z
2026-08-23T19:28:52Z,2026-08-23T21:28:52+0200,4d5ff379-624b-468c-8e0f-14ae085ed6a5,2026-08-20T02:45:00Z,2026-08-20T04:45:00+0200,905.68994,MW,FR,FR,forecast_offshore_wind_generation,Wind Offshore,2026-08-23T19:31:05Z
2026-08-23T19:28:52Z,2026-08-23T21:28:52+0200,4d5ff379-624b-468c-8e0f-14ae085ed6a5,2026-08-20T03:00:00Z,2026-08-20T05:00:00+0200,918.46002,MW,FR,FR,forecast_offshore_wind_generation,Wind Offshore,2026-08-23T19:31:05Z
2026-08-23T19:28:52Z,2026-08-23T21:28:52+0200,4d5ff379-624b-468c-8e0f-14ae085ed6a5,2026-08-20T03:15:00Z,2026-08-20T05:15:00+0200,925.40997,MW,FR,FR,forecast_offshore_wind_generation,Wind Offshore,2026-08-23T19:31:05Z
2026-08-23T19:28:52Z,2026-08-23T21:28:52+0200,4d5ff379-624b-468c-8e0f-14ae085ed6a5,2026-08-20T03:30:00Z,2026-08-20T05:30:00+0200,932.37,MW,FR,FR,forecast_offshore_wind_generation,Wind Offshore,2026-08-23T19:31:05Z
2026-08-23T19:28:52Z,2026-08-23T21:28:52+0200,4d5ff379-624b-468c-8e0f-14ae085ed6a5,2026-08-20T03:45:00Z,2026-08-20T05:45:00+0200,939.02002,MW,FR,FR,forecast_offshore_wind_generation,Wind Offshore,2026-08-23T19:31:05Z
2026-08-23T19:28:52Z,2026-08-23T21:28:52+0200,4d5ff379-624b-468c-8e0f-14ae085ed6a5,2026-08-20T04:00:00Z,2026-08-20T06:00:00+0200,945.68994,MW,FR,FR,forecast_offshore_wind_generation,Wind Offshore,2026-08-23T19:31:05Z
2026-08-23T19:28:52Z,2026-08-23T21:28:52+0200,4d5ff379-624b-468c-8e0f-14ae085ed6a5,2026-08-20T04:15:00Z,2026-08-20T06:15:00+0200,947.52002,MW,FR,FR,forecast_offshore_wind_generation,Wind Offshore,2026-08-23T19:31:05Z
2026-08-23T19:28:52Z,2026-08-23T21:28:52+0200,4d5ff379-624b-468c-8e0f-14ae085ed6a5,2026-08-20T04:30:00Z,2026-08-20T06:30:00+0200,949.39001,MW,FR,FR,forecast_offshore_wind_generation,Wind Offshore,2026-08-23T19:31:05Z
2026-08-23T19:28:52Z,2026-08-23T21:28:52+0200,4d5ff379-624b-468c-8e0f-14ae085ed6a5,2026-08-20T04:45:00Z,2026-08-20T06:45:00+0200,950.92999,MW,FR,FR,forecast_offshore_wind_generation,Wind Offshore,2026-08-23T19:31:05Z
2026-08-23T19:28:52Z,2026-08-23T21:28:52+0200,4d5ff379-624b-468c-8e0f-14ae085ed6a5,2026-08-20T05:00:00Z,2026-08-20T07:00:00+0200,952.45996,MW,FR,FR,forecast_offshore_wind_generation,Wind Offshore,2026-08-23T19:31:05Z
2026-08-23T19:28:52Z,2026-08-23T21:28:52+0200,4d5ff379-624b-468c-8e0f-14ae085ed6a5,2026-08-20T05:15:00Z,2026-08-20T07:15:00+0200,948.40002,MW,FR,FR,forecast_offshore_wind_generation,Wind Offshore,2026-08-23T19:31:05Z
2026-08-23T19:28:52Z,2026-08-23T21:28:52+0200,4d5ff379-624b-468c-8e0f-14ae085ed6a5,2026-08-20T05:30:00Z,2026-08-20T07:30:00+0200,944.35004,MW,FR,FR,forecast_offshore_wind_generation,Wind Offshore,2026-08-23T19:31:05Z
2026-08-23T19:28:52Z,2026-08-23T21:28:52+0200,4d5ff379-624b-468c-8e0f-14ae085ed6a5,2026-08-20T05:45:00Z,2026-08-20T07:45:00+0200,940.01001,MW,FR,FR,forecast_offshore_wind_generation,Wind Offshore,2026-08-23T19:31:05Z
2026-08-23T19:28:52Z,2026-08-23T21:28:52+0200,4d5ff379-624b-468c-8e0f-14ae085ed6a5,2026-08-20T06:00:00Z,2026-08-20T08:00:00+0200,935.67999,MW,FR,FR,forecast_offshore_wind_generation,Wind Offshore,2026-08-23T19:31:05Z
2026-08-23T19:28:52Z,2026-08-23T21:28:52+0200,4d5ff379-624b-468c-8e0f-14ae085ed6a5,2026-08-20T06:15:00Z,2026-08-20T08:15:00+0200,923.67999,MW,FR,FR,forecast_offshore_wind_generation,Wind Offshore,2026-08-23T19:31:05Z
2026-08-23T19:28:52Z,2026-08-23T21:28:52+0200,4d5ff379-624b-468c-8e0f-14ae085ed6a5,2026-08-20T06:30:00Z,2026-08-20T08:30:00+0200,911.69995,MW,FR,FR,forecast_offshore_wind_generation,Wind Offshore,2026-08-23T19:31:05Z
2026-08-23T19:28:52Z,2026-08-23T21:28:52+0200,4d5ff379-624b-468c-8e0f-14ae085ed6a5,2026-08-20T06:45:00Z,2026-08-20T08:45:00+0200,899.53003,MW,FR,FR,forecast_offshore_wind_generation,Wind Offshore,2026-08-23T19:31:05Z
2026-08-23T19:28:52Z,2026-08-23T21:28:52+0200,4d5ff379-624b-468c-8e0f-14ae085ed6a5,2026-08-20T07:00:00Z,2026-08-20T09:00:00+0200,887.37,MW,FR,FR,forecast_offshore_wind_generation,Wind Offshore,2026-08-23T19:31:05Z
2026-08-23T19:28:52Z,2026-08-23T21:28:52+0200,4d5ff379-624b-468c-8e0f-14ae085ed6a5,2026-08-20T07:15:00Z,2026-08-20T09:15:00+0200,865.33002,MW,FR,FR,forecast_offshore_wind_generation,Wind Offshore,2026-08-23T19:31:05Z
2026-08-23T19:28:52Z,2026-08-23T21:28:52+0200,4d5ff379-624b-468c-8e0f-14ae085ed6a5,2026-08-20T07:30:00Z,2026-08-20T09:30:00+0200,843.28998,MW,FR,FR,forecast_offshore_wind_generation,Wind Offshore,2026-08-23T19:31:05Z
2026-08-23T19:28:52Z,2026-08-23T21:28:52+0200,4d5ff379-624b-468c-8e0f-14ae085ed6a5,2026-08-20T07:45:00Z,2026-08-20T09:45:00+0200,821.14001,MW,FR,FR,forecast_offshore_wind_generation,Wind Offshore,2026-08-23T19:31:05Z
2026-08-23T19:28:52Z,2026-08-23T21:28:52+0200,4d5ff379-624b-468c-8e0f-14ae085ed6a5,2026-08-20T08:00:00Z,2026-08-20T10:00:00+0200,799.0,MW,FR,FR,forecast_offshore_wind_generation,Wind Offshore,2026-08-23T19:31:05Z
2026-08-23T19:28:52Z,2026-08-23T21:28:52+0200,4d5ff379-624b-468c-8e0f-14ae085ed6a5,2026-08-20T08:15:00Z,2026-08-20T10:15:00+0200,796.94,MW,FR,FR,forecast_offshore_wind_generation,Wind Offshore,2026-08-23T19:31:05Z
2026-08-23T19:28:52Z,2026-08-23T21:28:52+0200,4d5ff379-624b-468c-8e0f-14ae085ed6a5,2026-08-20T08:30:00Z,2026-08-20T10:30:00+0200,794.85999,MW,FR,FR,forecast_offshore_wind_generation,Wind Offshore,2026-08-23T19:31:05Z
2026-08-23T19:28:52Z,2026-08-23T21:28:52+0200,4d5ff379-624b-468c-8e0f-14ae085ed6a5,2026-08-20T08:45:00Z,2026-08-20T10:45:00+0200,792.70996,MW,FR,FR,forecast_offshore_wind_generation,Wind Offshore,2026-08-23T19:31:05Z
2026-08-23T19:28:52Z,2026-08-23T21:28:52+0200,4d5ff379-624b-468c-8e0f-14ae085ed6a5,2026-08-20T09:00:00Z,2026-08-20T11:00:00+0200,790.55005,MW,FR,FR,forecast_offshore_wind_generation,Wind Offshore,2026-08-23T19:31:05Z
2026-08-23T19:28:52Z,2026-08-23T21:28:52+0200,4d5ff379-624b-468c-8e0f-14ae085ed6a5,2026-08-20T09:15:00Z,2026-08-20T11:15:00+0200,793.08997,MW,FR,FR,forecast_offshore_wind_generation,Wind Offshore,2026-08-23T19:31:05Z
2026-08-23T19:28:52Z,2026-08-23T21:28:52+0200,4d5ff379-624b-468c-8e0f-14ae085ed6a5,2026-08-20T09:30:00Z,2026-08-20T11:30:00+0200,795.63,MW,FR,FR,forecast_offshore_wind_generation,Wind Offshore,2026-08-23T19:31:05Z
2026-08-23T19:28:52Z,2026-08-23T21:28:52+0200,4d5ff379-624b-468c-8e0f-14ae085ed6a5,2026-08-20T09:45:00Z,2026-08-20T11:45:00+0200,798.13,MW,FR,FR,forecast_offshore_wind_generation,Wind Offshore,2026-08-23T19:31:05Z
2026-08-23T19:28:52Z,2026-08-23T21:28:52+0200,4d5ff379-624b-468c-8e0f-14ae085ed6a5,2026-08-20T10:00:00Z,2026-08-20T12:00:00+0200,800.65002,MW,FR,FR,forecast_offshore_wind_generation,Wind Offshore,2026-08-23T19:31:05Z
2026-08-23T19:28:52Z,2026-08-23T21:28:52+0200,4d5ff379-624b-468c-8e0f-14ae085ed6a5,2026-08-20T10:15:00Z,2026-08-20T12:15:00+0200,804.00995,MW,FR,FR,forecast_offshore_wind_generation,Wind Offshore,2026-08-23T19:31:05Z
2026-08-23T19:28:52Z,2026-08-23T21:28:52+0200,4d5ff379-624b-468c-8e0f-14ae085ed6a5,2026-08-20T10:30:00Z,2026-08-20T12:30:00+0200,807.35004,MW,FR,FR,forecast_offshore_wind_generation,Wind Offshore,2026-08-23T19:31:05Z
2026-08-23T19:28:52Z,2026-08-23T21:28:52+0200,4d5ff379-624b-468c-8e0f-14ae085ed6a5,2026-08-20T10:45:00Z,2026-08-20T12:45:00+0200,810.71997,MW,FR,FR,forecast_offshore_wind_generation,Wind Offshore,2026-08-23T19:31:05Z
2026-08-23T19:28:52Z,2026-08-23T21:28:52+0200,4d5ff379-624b-468c-8e0f-14ae085ed6a5,2026-08-20T11:00:00Z,2026-08-20T13:00:00+0200,814.10999,MW,FR,FR,forecast_offshore_wind_generation,Wind Offshore,2026-08-23T19:31:05Z
2026-08-23T19:28:52Z,2026-08-23T21:28:52+0200,4d5ff379-624b-468c-8e0f-14ae085ed6a5,2026-08-20T11:15:00Z,2026-08-20T13:15:00+0200,816.14001,MW,FR,FR,forecast_offshore_wind_generation,Wind Offshore,2026-08-23T19:31:05Z
2026-08-23T19:28:52Z,2026-08-23T21:28:52+0200,4d5ff379-624b-468c-8e0f-14ae085ed6a5,2026-08-20T11:30:00Z,2026-08-20T13:30:00+0200,818.17999,MW,FR,FR,forecast_offshore_wind_generation,Wind Offshore,2026-08-23T19:31:05Z
2026-08-23T19:28:52Z,2026-08-23T21:28:52+0200,4d5ff379-624b-468c-8e0f-14ae085ed6a5,2026-08-20T11:45:00Z,2026-08-20T13:45:00+0200,820.16998,MW,FR,FR,forecast_offshore_wind_generation,Wind Offshore,2026-08-23T19:31:05Z
2026-08-23T19:28:52Z,2026-08-23T21:28:52+0200,4d5ff379-624b-468c-8e0f-14ae085ed6a5,2026-08-20T12:00:00Z,2026-08-20T14:00:00+0200,822.15002,MW,FR,FR,forecast_offshore_wind_generation,Wind Offshore,2026-08-23T19:31:05Z
2026-08-23T19:28:52Z,2026-08-23T21:28:52+0200,4d5ff379-624b-468c-8e0f-14ae085ed6a5,2026-08-20T12:15:00Z,2026-08-20T14:15:00+0200,831.56995,MW,FR,FR,forecast_offshore_wind_generation,Wind Offshore,2026-08-23T19:31:05Z
2026-08-23T19:28:52Z,2026-08-23T21:28:52+0200,4d5ff379-624b-468c-8e0f-14ae085ed6a5,2026-08-20T12:30:00Z,2026-08-20T14:30:00+0200,840.98999,MW,FR,FR,forecast_offshore_wind_generation,Wind Offshore,2026-08-23T19:31:05Z
2026-08-23T19:28:52Z,2026-08-23T21:28:52+0200,4d5ff379-624b-468c-8e0f-14ae085ed6a5,2026-08-20T12:45:00Z,2026-08-20T14:45:00+0200,850.42004,MW,FR,FR,forecast_offshore_wind_generation,Wind Offshore,2026-08-23T19:31:05Z
2026-08-23T19:28:52Z,2026-08-23T21:28:52+0200,4d5ff379-624b-468c-8e0f-14ae085ed6a5,2026-08-20T13:00:00Z,2026-08-20T15:00:00+0200,859.82996,MW,FR,FR,forecast_offshore_wind_generation,Wind Offshore,2026-08-23T19:31:05Z
2026-08-23T19:28:52Z,2026-08-23T21:28:52+0200,4d5ff379-624b-468c-8e0f-14ae085ed6a5,2026-08-20T13:15:00Z,2026-08-20T15:15:00+0200,878.27002,MW,FR,FR,forecast_offshore_wind_generation,Wind Offshore,2026-08-23T19:31:05Z
2026-08-23T19:28:52Z,2026-08-23T21:28:52+0200,4d5ff379-624b-468c-8e0f-14ae085ed6a5,2026-08-20T13:30:00Z,2026-08-20T15:30:00+0200,896.69995,MW,FR,FR,forecast_offshore_wind_generation,Wind Offshore,2026-08-23T19:31:05Z
2026-08-23T19:28:52Z,2026-08-23T21:28:52+0200,4d5ff379-624b-468c-8e0f-14ae085ed6a5,2026-08-20T13:45:00Z,2026-08-20T15:45:00+0200,915.32996,MW,FR,FR,forecast_offshore_wind_generation,Wind Offshore,2026-08-23T19:31:05Z
2026-08-23T19:28:52Z,2026-08-23T21:28:52+0200,4d5ff379-624b-468c-8e0f-14ae085ed6a5,2026-08-20T14:00:00Z,2026-08-20T16:00:00+0200,933.93994,MW,FR,FR,forecast_offshore_wind_generation,Wind Offshore,2026-08-23T19:31:05Z
2026-08-23T19:28:52Z,2026-08-23T21:28:52+0200,4d5ff379-624b-468c-8e0f-14ae085ed6a5,2026-08-20T14:15:00Z,2026-08-20T16:15:00+0200,932.93994,MW,FR,FR,forecast_offshore_wind_generation,Wind Offshore,2026-08-23T19:31:05Z
2026-08-23T19:28:52Z,2026-08-23T21:28:52+0200,4d5ff379-624b-468c-8e0f-14ae085ed6a5,2026-08-20T14:30:00Z,2026-08-20T16:30:00+0200,931.92999,MW,FR,FR,forecast_offshore_wind_generation,Wind Offshore,2026-08-23T19:31:05Z
2026-08-23T19:28:52Z,2026-08-23T21:28:52+0200,4d5ff379-624b-468c-8e0f-14ae085ed6a5,2026-08-20T14:45:00Z,2026-08-20T16:45:00+0200,931.13989,MW,FR,FR,forecast_offshore_wind_generation,Wind Offshore,2026-08-23T19:31:05Z
2026-08-23T19:28:52Z,2026-08-23T21:28:52+0200,4d5ff379-624b-468c-8e0f-14ae085ed6a5,2026-08-20T15:00:00Z,2026-08-20T17:00:00+0200,930.33997,MW,FR,FR,forecast_offshore_wind_generation,Wind Offshore,2026-08-23T19:31:05Z
2026-08-23T19:28:52Z,2026-08-23T21:28:52+0200,4d5ff379-624b-468c-8e0f-14ae085ed6a5,2026-08-20T15:15:00Z,2026-08-20T17:15:00+0200,937.10999,MW,FR,FR,forecast_offshore_wind_generation,Wind Offshore,2026-08-23T19:31:05Z
2026-08-23T19:28:52Z,2026-08-23T21:28:52+0200,4d5ff379-624b-468c-8e0f-14ae085ed6a5,2026-08-20T15:30:00Z,2026-08-20T17:30:00+0200,943.88,MW,FR,FR,forecast_offshore_wind_generation,Wind Offshore,2026-08-23T19:31:05Z
2026-08-23T19:28:52Z,2026-08-23T21:28:52+0200,4d5ff379-624b-468c-8e0f-14ae085ed6a5,2026-08-20T15:45:00Z,2026-08-20T17:45:00+0200,950.87,MW,FR,FR,forecast_offshore_wind_generation,Wind Offshore,2026-08-23T19:31:05Z
2026-08-23T19:28:52Z,2026-08-23T21:28:52+0200,4d5ff379-624b-468c-8e0f-14ae085ed6a5,2026-08-20T16:00:00Z,2026-08-20T18:00:00+0200,957.86005,MW,FR,FR,forecast_offshore_wind_generation,Wind Offshore,2026-08-23T19:31:05Z
2026-08-23T19:28:52Z,2026-08-23T21:28:52+0200,4d5ff379-624b-468c-8e0f-14ae085ed6a5,2026-08-20T16:15:00Z,2026-08-20T18:15:00+0200,976.13,MW,FR,FR,forecast_offshore_wind_generation,Wind Offshore,2026-08-23T19:31:05Z
2026-08-23T19:28:52Z,2026-08-23T21:28:52+0200,4d5ff379-624b-468c-8e0f-14ae085ed6a5,2026-08-20T16:30:00Z,2026-08-20T18:30:00+0200,994.40002,MW,FR,FR,forecast_offshore_wind_generation,Wind Offshore,2026-08-23T19:31:05Z
2026-08-23T19:28:52Z,2026-08-23T21:28:52+0200,4d5ff379-624b-468c-8e0f-14ae085ed6a5,2026-08-20T16:45:00Z,2026-08-20T18:45:00+0200,1012.82996,MW,FR,FR,forecast_offshore_wind_generation,Wind Offshore,2026-08-23T19:31:05Z
2026-08-23T19:28:52Z,2026-08-23T21:28:52+0200,4d5ff379-624b-468c-8e0f-14ae085ed6a5,2026-08-20T17:00:00Z,2026-08-20T19:00:00+0200,1031.28003,MW,FR,FR,forecast_offshore_wind_generation,Wind Offshore,2026-08-23T19:31:05Z
2026-08-23T19:28:52Z,2026-08-23T21:28:52+0200,4d5ff379-624b-468c-8e0f-14ae085ed6a5,2026-08-20T17:15:00Z,2026-08-20T19:15:00+0200,1032.42004,MW,FR,FR,forecast_offshore_wind_generation,Wind Offshore,2026-08-23T19:31:05Z
2026-08-23T19:28:52Z,2026-08-23T21:28:52+0200,4d5ff379-624b-468c-8e0f-14ae085ed6a5,2026-08-20T17:30:00Z,2026-08-20T19:30:00+0200,1033.57007,MW,FR,FR,forecast_offshore_wind_generation,Wind Offshore,2026-08-23T19:31:05Z
2026-08-23T19:28:52Z,2026-08-23T21:28:52+0200,4d5ff379-624b-468c-8e0f-14ae085ed6a5,2026-08-20T17:45:00Z,2026-08-20T19:45:00+0200,1034.93005,MW,FR,FR,forecast_offshore_wind_generation,Wind Offshore,2026-08-23T19:31:05Z
2026-08-23T19:28:52Z,2026-08-23T21:28:52+0200,4d5ff379-624b-468c-8e0f-14ae085ed6a5,2026-08-20T18:00:00Z,2026-08-20T20:00:00+0200,1036.29004,MW,FR,FR,forecast_offshore_wind_generation,Wind Offshore,2026-08-23T19:31:05Z
2026-08-23T19:28:52Z,2026-08-23T21:28:52+0200,4d5ff379-624b-468c-8e0f-14ae085ed6a5,2026-08-20T18:15:00Z,2026-08-20T20:15:00+0200,1023.38,MW,FR,FR,forecast_offshore_wind_generation,Wind Offshore,2026-08-23T19:31:05Z
2026-08-23T19:28:52Z,2026-08-23T21:28:52+0200,4d5ff379-624b-468c-8e0f-14ae085ed6a5,2026-08-20T18:30:00Z,2026-08-20T20:30:00+0200,1010.47003,MW,FR,FR,forecast_offshore_wind_generation,Wind Offshore,2026-08-23T19:31:05Z
2026-08-23T19:28:52Z,2026-08-23T21:28:52+0200,4d5ff379-624b-468c-8e0f-14ae085ed6a5,2026-08-20T18:45:00Z,2026-08-20T20:45:00+0200,997.44995,MW,FR,FR,forecast_offshore_wind_generation,Wind Offshore,2026-08-23T19:31:05Z
2026-08-23T19:28:52Z,2026-08-23T21:28:52+0200,4d5ff379-624b-468c-8e0f-14ae085ed6a5,2026-08-20T19:00:00Z,2026-08-20T21:00:00+0200,984.42999,MW,FR,FR,forecast_offshore_wind_generation,Wind Offshore,2026-08-23T19:31:05Z
2026-08-23T19:28:52Z,2026-08-23T21:28:52+0200,4d5ff379-624b-468c-8e0f-14ae085ed6a5,2026-08-20T19:15:00Z,2026-08-20T21:15:00+0200,957.53998,MW,FR,FR,forecast_offshore_wind_generation,Wind Offshore,2026-08-23T19:31:05Z
2026-08-23T19:28:52Z,2026-08-23T21:28:52+0200,4d5ff379-624b-468c-8e0f-14ae085ed6a5,2026-08-20T19:30:00Z,2026-08-20T21:30:00+0200,930.66998,MW,FR,FR,forecast_offshore_wind_generation,Wind Offshore,2026-08-23T19:31:05Z
2026-08-23T19:28:52Z,2026-08-23T21:28:52+0200,4d5ff379-624b-468c-8e0f-14ae085ed6a5,2026-08-20T19:45:00Z,2026-08-20T21:45:00+0200,903.67999,MW,FR,FR,forecast_offshore_wind_generation,Wind Offshore,2026-08-23T19:31:05Z
2026-08-23T19:28:52Z,2026-08-23T21:28:52+0200,4d5ff379-624b-468c-8e0f-14ae085ed6a5,2026-08-20T20:00:00Z,2026-08-20T22:00:00+0200,876.70001,MW,FR,FR,forecast_offshore_wind_generation,Wind Offshore,2026-08-23T19:31:05Z
2026-08-23T19:28:52Z,2026-08-23T21:28:52+0200,4d5ff379-624b-468c-8e0f-14ae085ed6a5,2026-08-20T20:15:00Z,2026-08-20T22:15:00+0200,852.08002,MW,FR,FR,forecast_offshore_wind_generation,Wind Offshore,2026-08-23T19:31:05Z
2026-08-23T19:28:52Z,2026-08-23T21:28:52+0200,4d5ff379-624b-468c-8e0f-14ae085ed6a5,2026-08-20T20:30:00Z,2026-08-20T22:30:00+0200,827.46002,MW,FR,FR,forecast_offshore_wind_generation,Wind Offshore,2026-08-23T19:31:05Z
2026-08-23T19:28:52Z,2026-08-23T21:28:52+0200,4d5ff379-624b-468c-8e0f-14ae085ed6a5,2026-08-20T20:45:00Z,2026-08-20T22:45:00+0200,802.58997,MW,FR,FR,forecast_offshore_wind_generation,Wind Offshore,2026-08-23T19:31:05Z
2026-08-23T19:28:52Z,2026-08-23T21:28:52+0200,4d5ff379-624b-468c-8e0f-14ae085ed6a5,2026-08-20T21:00:00Z,2026-08-20T23:00:00+0200,777.71002,MW,FR,FR,forecast_offshore_wind_generation,Wind Offshore,2026-08-23T19:31:05Z
2026-08-23T19:28:52Z,2026-08-23T21:28:52+0200,4d5ff379-624b-468c-8e0f-14ae085ed6a5,2026-08-20T21:15:00Z,2026-08-20T23:15:00+0200,760.73999,MW,FR,FR,forecast_offshore_wind_generation,Wind Offshore,2026-08-23T19:31:05Z
2026-08-23T19:28:52Z,2026-08-23T21:28:52+0200,4d5ff379-624b-468c-8e0f-14ae085ed6a5,2026-08-20T21:30:00Z,2026-08-20T23:30:00+0200,743.77997,MW,FR,FR,forecast_offshore_wind_generation,Wind Offshore,2026-08-23T19:31:05Z
2026-08-23T19:28:52Z,2026-08-23T21:28:52+0200,4d5ff379-624b-468c-8e0f-14ae085ed6a5,2026-08-20T21:45:00Z,2026-08-20T23:45:00+0200,726.60004,MW,FR,FR,forecast_offshore_wind_generation,Wind Offshore,2026-08-23T19:31:05Z
2026-08-23T19:28:52Z,2026-08-23T21:28:52+0200,4d5ff379-624b-468c-8e0f-14ae085ed6a5,2026-08-20T22:00:00Z,2026-08-21T00:00:00+0200,699.42999,MW,FR,FR,forecast_offshore_wind_generation,Wind Offshore,2026-08-23T19:31:05Z
2026-08-23T19:28:52Z,2026-08-23T21:28:52+0200,4d5ff379-624b-468c-8e0f-14ae085ed6a5,2026-08-20T22:15:00Z,2026-08-21T00:15:00+0200,673.35999,MW,FR,FR,forecast_offshore_wind_generation,Wind Offshore,2026-08-23T19:31:05Z
2026-08-23T19:28:52Z,2026-08-23T21:28:52+0200,4d5ff379-624b-468c-8e0f-14ae085ed6a5,2026-08-20T22:30:00Z,2026-08-21T00:30:00+0200,647.29004,MW,FR,FR,forecast_offshore_wind_generation,Wind Offshore,2026-08-23T19:31:05Z
2026-08-23T19:28:52Z,2026-08-23T21:28:52+0200,4d5ff379-624b-468c-8e0f-14ae085ed6a5,2026-08-20T22:45:00Z,2026-08-21T00:45:00+0200,621.12,MW,FR,FR,forecast_offshore_wind_generation,Wind Offshore,2026-08-23T19:31:05Z
2026-08-23T19:28:52Z,2026-08-23T21:28:52+0200,4d5ff379-624b-468c-8e0f-14ae085ed6a5,2026-08-20T23:00:00Z,2026-08-21T01:00:00+0200,594.97003,MW,FR,FR,forecast_offshore_wind_generation,Wind Offshore,2026-08-23T19:31:05Z
2026-08-23T19:28:52Z,2026-08-23T21:28:52+0200,4d5ff379-624b-468c-8e0f-14ae085ed6a5,2026-08-20T23:15:00Z,2026-08-21T01:15:00+0200,581.0,MW,FR,FR,forecast_offshore_wind_generation,Wind Offshore,2026-08-23T19:31:05Z
2026-08-23T19:28:52Z,2026-08-23T21:28:52+0200,4d5ff379-624b-468c-8e0f-14ae085ed6a5,2026-08-20T23:30:00Z,2026-08-21T01:30:00+0200,567.02002,MW,FR,FR,forecast_offshore_wind_generation,Wind Offshore,2026-08-23T19:31:05Z
2026-08-23T19:28:52Z,2026-08-23T21:28:52+0200,4d5ff379-624b-468c-8e0f-14ae085ed6a5,2026-08-20T23:45:00Z,2026-08-21T01:45:00+0200,553.03003,MW,FR,FR,forecast_offshore_wind_generation,Wind Offshore,2026-08-23T19:31:05Z
2026-08-23T19:28:52Z,2026-08-23T21:28:52+0200,4d5ff379-624b-468c-8e0f-14ae085ed6a5,2026-08-21T00:00:00Z,2026-08-21T02:00:00+0200,539.04004,MW,FR,FR,forecast_offshore_wind_generation,Wind Offshore,2026-08-23T19:31:05Z
2026-08-23T19:28:52Z,2026-08-23T21:28:52+0200,4d5ff379-624b-468c-8e0f-14ae085ed6a5,2026-08-21T00:15:00Z,2026-08-21T02:15:00+0200,513.82001,MW,FR,FR,forecast_offshore_wind_generation,Wind Offshore,2026-08-23T19:31:05Z
2026-08-23T19:28:52Z,2026-08-23T21:28:52+0200,4d5ff379-624b-468c-8e0f-14ae085ed6a5,2026-08-21T00:30:00Z,2026-08-21T02:30:00+0200,488.61002,MW,FR,FR,forecast_offshore_wind_generation,Wind Offshore,2026-08-23T19:31:05Z
2026-08-23T19:28:52Z,2026-08-23T21:28:52+0200,4d5ff379-624b-468c-8e0f-14ae085ed6a5,2026-08-21T00:45:00Z,2026-08-21T02:45:00+0200,463.42999,MW,FR,FR,forecast_offshore_wind_generation,Wind Offshore,2026-08-23T19:31:05Z
2026-08-23T19:28:52Z,2026-08-23T21:28:52+0200,4d5ff379-624b-468c-8e0f-14ae085ed6a5,2026-08-21T01:00:00Z,2026-08-21T03:00:00+0200,438.21002,MW,FR,FR,forecast_offshore_wind_generation,Wind Offshore,2026-08-23T19:31:05Z
2026-08-23T19:28:52Z,2026-08-23T21:28:52+0200,4d5ff379-624b-468c-8e0f-14ae085ed6a5,2026-08-21T01:15:00Z,2026-08-21T03:15:00+0200,417.21002,MW,FR,FR,forecast_offshore_wind_generation,Wind Offshore,2026-08-23T19:31:05Z
2026-08-23T19:28:52Z,2026-08-23T21:28:52+0200,4d5ff379-624b-468c-8e0f-14ae085ed6a5,2026-08-21T01:30:00Z,2026-08-21T03:30:00+0200,396.19,MW,FR,FR,forecast_offshore_wind_generation,Wind Offshore,2026-08-23T19:31:05Z
2026-08-23T19:28:52Z,2026-08-23T21:28:52+0200,4d5ff379-624b-468c-8e0f-14ae085ed6a5,2026-08-21T01:45:00Z,2026-08-21T03:45:00+0200,375.20001,MW,FR,FR,forecast_offshore_wind_generation,Wind Offshore,2026-08-23T19:31:05Z
2026-08-23T19:28:52Z,2026-08-23T21:28:52+0200,4d5ff379-624b-468c-8e0f-14ae085ed6a5,2026-08-21T02:00:00Z,2026-08-21T04:00:00+0200,354.17996,MW,FR,FR,forecast_offshore_wind_generation,Wind Offshore,2026-08-23T19:31:05Z
2026-08-23T19:28:52Z,2026-08-23T21:28:52+0200,4d5ff379-624b-468c-8e0f-14ae085ed6a5,2026-08-21T02:15:00Z,2026-08-21T04:15:00+0200,339.51001,MW,FR,FR,forecast_offshore_wind_generation,Wind Offshore,2026-08-23T19:31:05Z
2026-08-23T19:28:52Z,2026-08-23T21:28:52+0200,4d5ff379-624b-468c-8e0f-14ae085ed6a5,2026-08-21T02:30:00Z,2026-08-21T04:30:00+0200,324.82001,MW,FR,FR,forecast_offshore_wind_generation,Wind Offshore,2026-08-23T19:31:05Z
2026-08-23T19:28:52Z,2026-08-23T21:28:52+0200,4d5ff379-624b-468c-8e0f-14ae085ed6a5,2026-08-21T02:45:00Z,2026-08-21T04:45:00+0200,310.12,MW,FR,FR,forecast_offshore_wind_generation,Wind Offshore,2026-08-23T19:31:05Z
2026-08-23T19:28:52Z,2026-08-23T21:28:52+0200,4d5ff379-624b-468c-8e0f-14ae085ed6a5,2026-08-21T03:00:00Z,2026-08-21T05:00:00+0200,295.44,MW,FR,FR,forecast_offshore_wind_generation,Wind Offshore,2026-08-23T19:31:05Z
2026-08-23T19:28:52Z,2026-08-23T21:28:52+0200,4d5ff379-624b-468c-8e0f-14ae085ed6a5,2026-08-21T03:15:00Z,2026-08-21T05:15:00+0200,295.35999,MW,FR,FR,forecast_offshore_wind_generation,Wind Offshore,2026-08-23T19:31:05Z
2026-08-23T19:28:52Z,2026-08-23T21:28:52+0200,4d5ff379-624b-468c-8e0f-14ae085ed6a5,2026-08-21T03:30:00Z,2026-08-21T05:30:00+0200,295.26999,MW,FR,FR,forecast_offshore_wind_generation,Wind Offshore,2026-08-23T19:31:05Z
2026-08-23T19:28:52Z,2026-08-23T21:28:52+0200,4d5ff379-624b-468c-8e0f-14ae085ed6a5,2026-08-21T03:45:00Z,2026-08-21T05:45:00+0200,295.17001,MW,FR,FR,forecast_offshore_wind_generation,Wind Offshore,2026-08-23T19:31:05Z
2026-08-23T19:28:52Z,2026-08-23T21:28:52+0200,4d5ff379-624b-468c-8e0f-14ae085ed6a5,2026-08-21T04:00:00Z,2026-08-21T06:00:00+0200,295.04999,MW,FR,FR,forecast_offshore_wind_generation,Wind Offshore,2026-08-23T19:31:05Z
2026-08-23T19:28:52Z,2026-08-23T21:28:52+0200,4d5ff379-624b-468c-8e0f-14ae085ed6a5,2026-08-21T04:15:00Z,2026-08-21T06:15:00+0200,290.96002,MW,FR,FR,forecast_offshore_wind_generation,Wind Offshore,2026-08-23T19:31:05Z
2026-08-23T19:28:52Z,2026-08-23T21:28:52+0200,4d5ff379-624b-468c-8e0f-14ae085ed6a5,2026-08-21T04:30:00Z,2026-08-21T06:30:00+0200,286.87997,MW,FR,FR,forecast_offshore_wind_generation,Wind Offshore,2026-08-23T19:31:05Z
2026-08-23T19:28:52Z,2026-08-23T21:28:52+0200,4d5ff379-624b-468c-8e0f-14ae085ed6a5,2026-08-21T04:45:00Z,2026-08-21T06:45:00+0200,282.76999,MW,FR,FR,forecast_offshore_wind_generation,Wind Offshore,2026-08-23T19:31:05Z
2026-08-23T19:28:52Z,2026-08-23T21:28:52+0200,4d5ff379-624b-468c-8e0f-14ae085ed6a5,2026-08-21T05:00:00Z,2026-08-21T07:00:00+0200,278.64999,MW,FR,FR,forecast_offshore_wind_generation,Wind Offshore,2026-08-23T19:31:05Z
2026-08-23T19:28:52Z,2026-08-23T21:28:52+0200,4d5ff379-624b-468c-8e0f-14ae085ed6a5,2026-08-21T05:15:00Z,2026-08-21T07:15:00+0200,274.60999,MW,FR,FR,forecast_offshore_wind_generation,Wind Offshore,2026-08-23T19:31:05Z
2026-08-23T19:28:52Z,2026-08-23T21:28:52+0200,4d5ff379-624b-468c-8e0f-14ae085ed6a5,2026-08-21T05:30:00Z,2026-08-21T07:30:00+0200,270.57001,MW,FR,FR,forecast_offshore_wind_generation,Wind Offshore,2026-08-23T19:31:05Z
2026-08-23T19:28:52Z,2026-08-23T21:28:52+0200,4d5ff379-624b-468c-8e0f-14ae085ed6a5,2026-08-21T05:45:00Z,2026-08-21T07:45:00+0200,266.48999,MW,FR,FR,forecast_offshore_wind_generation,Wind Offshore,2026-08-23T19:31:05Z
2026-08-23T19:28:52Z,2026-08-23T21:28:52+0200,4d5ff379-624b-468c-8e0f-14ae085ed6a5,2026-08-21T06:00:00Z,2026-08-21T08:00:00+0200,262.42001,MW,FR,FR,forecast_offshore_wind_generation,Wind Offshore,2026-08-23T19:31:05Z
2026-08-23T19:28:52Z,2026-08-23T21:28:52+0200,4d5ff379-624b-468c-8e0f-14ae085ed6a5,2026-08-21T06:15:00Z,2026-08-21T08:15:00+0200,254.27,MW,FR,FR,forecast_offshore_wind_generation,Wind Offshore,2026-08-23T19:31:05Z
2026-08-23T19:28:52Z,2026-08-23T21:28:52+0200,4d5ff379-624b-468c-8e0f-14ae085ed6a5,2026-08-21T06:30:00Z,2026-08-21T08:30:00+0200,246.13998,MW,FR,FR,forecast_offshore_wind_generation,Wind Offshore,2026-08-23T19:31:05Z
2026-08-23T19:28:52Z,2026-08-23T21:28:52+0200,4d5ff379-624b-468c-8e0f-14ae085ed6a5,2026-08-21T06:45:00Z,2026-08-21T08:45:00+0200,238.00999,MW,FR,FR,forecast_offshore_wind_generation,Wind Offshore,2026-08-23T19:31:05Z
2026-08-23T19:28:52Z,2026-08-23T21:28:52+0200,4d5ff379-624b-468c-8e0f-14ae085ed6a5,2026-08-21T07:00:00Z,2026-08-21T09:00:00+0200,229.87,MW,FR,FR,forecast_offshore_wind_generation,Wind Offshore,2026-08-23T19:31:05Z
2026-08-23T19:28:52Z,2026-08-23T21:28:52+0200,4d5ff379-624b-468c-8e0f-14ae085ed6a5,2026-08-21T07:15:00Z,2026-08-21T09:15:00+0200,213.81999,MW,FR,FR,forecast_offshore_wind_generation,Wind Offshore,2026-08-23T19:31:05Z
2026-08-23T19:28:52Z,2026-08-23T21:28:52+0200,4d5ff379-624b-468c-8e0f-14ae085ed6a5,2026-08-21T07:30:00Z,2026-08-21T09:30:00+0200,197.75999,MW,FR,FR,forecast_offshore_wind_generation,Wind Offshore,2026-08-23T19:31:05Z
2026-08-23T19:28:52Z,2026-08-23T21:28:52+0200,4d5ff379-624b-468c-8e0f-14ae085ed6a5,2026-08-21T07:45:00Z,2026-08-21T09:45:00+0200,181.71001,MW,FR,FR,forecast_offshore_wind_generation,Wind Offshore,2026-08-23T19:31:05Z
2026-08-23T19:28:52Z,2026-08-23T21:28:52+0200,4d5ff379-624b-468c-8e0f-14ae085ed6a5,2026-08-21T08:00:00Z,2026-08-21T10:00:00+0200,165.64999,MW,FR,FR,forecast_offshore_wind_generation,Wind Offshore,2026-08-23T19:31:05Z
2026-08-23T19:28:52Z,2026-08-23T21:28:52+0200,4d5ff379-624b-468c-8e0f-14ae085ed6a5,2026-08-21T08:15:00Z,2026-08-21T10:15:00+0200,179.39,MW,FR,FR,forecast_offshore_wind_generation,Wind Offshore,2026-08-23T19:31:05Z
2026-08-23T19:28:52Z,2026-08-23T21:28:52+0200,4d5ff379-624b-468c-8e0f-14ae085ed6a5,2026-08-21T08:30:00Z,2026-08-21T10:30:00+0200,193.14,MW,FR,FR,forecast_offshore_wind_generation,Wind Offshore,2026-08-23T19:31:05Z
2026-08-23T19:28:52Z,2026-08-23T21:28:52+0200,4d5ff379-624b-468c-8e0f-14ae085ed6a5,2026-08-21T08:45:00Z,2026-08-21T10:45:00+0200,206.86002,MW,FR,FR,forecast_offshore_wind_generation,Wind Offshore,2026-08-23T19:31:05Z
2026-08-23T19:28:52Z,2026-08-23T21:28:52+0200,4d5ff379-624b-468c-8e0f-14ae085ed6a5,2026-08-21T09:00:00Z,2026-08-21T11:00:00+0200,220.60001,MW,FR,FR,forecast_offshore_wind_generation,Wind Offshore,2026-08-23T19:31:05Z
2026-08-23T19:28:52Z,2026-08-23T21:28:52+0200,4d5ff379-624b-468c-8e0f-14ae085ed6a5,2026-08-21T09:15:00Z,2026-08-21T11:15:00+0200,205.99001,MW,FR,FR,forecast_offshore_wind_generation,Wind Offshore,2026-08-23T19:31:05Z
2026-08-23T19:28:52Z,2026-08-23T21:28:52+0200,4d5ff379-624b-468c-8e0f-14ae085ed6a5,2026-08-21T09:30:00Z,2026-08-21T11:30:00+0200,191.39,MW,FR,FR,forecast_offshore_wind_generation,Wind Offshore,2026-08-23T19:31:05Z
2026-08-23T19:28:52Z,2026-08-23T21:28:52+0200,4d5ff379-624b-468c-8e0f-14ae085ed6a5,2026-08-21T09:45:00Z,2026-08-21T11:45:00+0200,176.78,MW,FR,FR,forecast_offshore_wind_generation,Wind Offshore,2026-08-23T19:31:05Z
2026-08-23T19:28:52Z,2026-08-23T21:28:52+0200,4d5ff379-624b-468c-8e0f-14ae085ed6a5,2026-08-21T10:00:00Z,2026-08-21T12:00:00+0200,162.18001,MW,FR,FR,forecast_offshore_wind_generation,Wind Offshore,2026-08-23T19:31:05Z
2026-08-23T19:28:52Z,2026-08-23T21:28:52+0200,4d5ff379-624b-468c-8e0f-14ae085ed6a5,2026-08-21T10:15:00Z,2026-08-21T12:15:00+0200,171.68999,MW,FR,FR,forecast_offshore_wind_generation,Wind Offshore,2026-08-23T19:31:05Z
2026-08-23T19:28:52Z,2026-08-23T21:28:52+0200,4d5ff379-624b-468c-8e0f-14ae085ed6a5,2026-08-21T10:30:00Z,2026-08-21T12:30:00+0200,181.19,MW,FR,FR,forecast_offshore_wind_generation,Wind Offshore,2026-08-23T19:31:05Z
2026-08-23T19:28:52Z,2026-08-23T21:28:52+0200,4d5ff379-624b-468c-8e0f-14ae085ed6a5,2026-08-21T10:45:00Z,2026-08-21T12:45:00+0200,190.69002,MW,FR,FR,forecast_offshore_wind_generation,Wind Offshore,2026-08-23T19:31:05Z
2026-08-23T19:28:52Z,2026-08-23T21:28:52+0200,4d5ff379-624b-468c-8e0f-14ae085ed6a5,2026-08-21T11:00:00Z,2026-08-21T13:00:00+0200,200.20001,MW,FR,FR,forecast_offshore_wind_generation,Wind Offshore,2026-08-23T19:31:05Z
2026-08-23T19:28:52Z,2026-08-23T21:28:52+0200,4d5ff379-624b-468c-8e0f-14ae085ed6a5,2026-08-21T11:15:00Z,2026-08-21T13:15:00+0200,202.52,MW,FR,FR,forecast_offshore_wind_generation,Wind Offshore,2026-08-23T19:31:05Z
2026-08-23T19:28:52Z,2026-08-23T21:28:52+0200,4d5ff379-624b-468c-8e0f-14ae085ed6a5,2026-08-21T11:30:00Z,2026-08-21T13:30:00+0200,204.81999,MW,FR,FR,forecast_offshore_wind_generation,Wind Offshore,2026-08-23T19:31:05Z
2026-08-23T19:28:52Z,2026-08-23T21:28:52+0200,4d5ff379-624b-468c-8e0f-14ae085ed6a5,2026-08-21T11:45:00Z,2026-08-21T13:45:00+0200,207.14,MW,FR,FR,forecast_offshore_wind_generation,Wind Offshore,2026-08-23T19:31:05Z
2026-08-23T19:28:52Z,2026-08-23T21:28:52+0200,4d5ff379-624b-468c-8e0f-14ae085ed6a5,2026-08-21T12:00:00Z,2026-08-21T14:00:00+0200,209.45,MW,FR,FR,forecast_offshore_wind_generation,Wind Offshore,2026-08-23T19:31:05Z
2026-08-23T19:28:52Z,2026-08-23T21:28:52+0200,4d5ff379-624b-468c-8e0f-14ae085ed6a5,2026-08-21T12:15:00Z,2026-08-21T14:15:00+0200,238.75999,MW,FR,FR,forecast_offshore_wind_generation,Wind Offshore,2026-08-23T19:31:05Z
2026-08-23T19:28:52Z,2026-08-23T21:28:52+0200,4d5ff379-624b-468c-8e0f-14ae085ed6a5,2026-08-21T12:30:00Z,2026-08-21T14:30:00+0200,268.03998,MW,FR,FR,forecast_offshore_wind_generation,Wind Offshore,2026-08-23T19:31:05Z
2026-08-23T19:28:52Z,2026-08-23T21:28:52+0200,4d5ff379-624b-468c-8e0f-14ae085ed6a5,2026-08-21T12:45:00Z,2026-08-21T14:45:00+0200,297.32001,MW,FR,FR,forecast_offshore_wind_generation,Wind Offshore,2026-08-23T19:31:05Z
2026-08-23T19:28:52Z,2026-08-23T21:28:52+0200,4d5ff379-624b-468c-8e0f-14ae085ed6a5,2026-08-21T13:00:00Z,2026-08-21T15:00:00+0200,326.63,MW,FR,FR,forecast_offshore_wind_generation,Wind Offshore,2026-08-23T19:31:05Z
2026-08-23T19:28:52Z,2026-08-23T21:28:52+0200,4d5ff379-624b-468c-8e0f-14ae085ed6a5,2026-08-21T13:15:00Z,2026-08-21T15:15:00+0200,360.40002,MW,FR,FR,forecast_offshore_wind_generation,Wind Offshore,2026-08-23T19:31:05Z
2026-08-23T19:28:52Z,2026-08-23T21:28:52+0200,4d5ff379-624b-468c-8e0f-14ae085ed6a5,2026-08-21T13:30:00Z,2026-08-21T15:30:00+0200,394.18997,MW,FR,FR,forecast_offshore_wind_generation,Wind Offshore,2026-08-23T19:31:05Z
2026-08-23T19:28:52Z,2026-08-23T21:28:52+0200,4d5ff379-624b-468c-8e0f-14ae085ed6a5,2026-08-21T13:45:00Z,2026-08-21T15:45:00+0200,427.98999,MW,FR,FR,forecast_offshore_wind_generation,Wind Offshore,2026-08-23T19:31:05Z
2026-08-23T19:28:52Z,2026-08-23T21:28:52+0200,4d5ff379-624b-468c-8e0f-14ae085ed6a5,2026-08-21T14:00:00Z,2026-08-21T16:00:00+0200,461.79004,MW,FR,FR,forecast_offshore_wind_generation,Wind Offshore,2026-08-23T19:31:05Z
2026-08-23T19:28:52Z,2026-08-23T21:28:52+0200,4d5ff379-624b-468c-8e0f-14ae085ed6a5,2026-08-21T14:15:00Z,2026-08-21T16:15:00+0200,478.90997,MW,FR,FR,forecast_offshore_wind_generation,Wind Offshore,2026-08-23T19:31:05Z
2026-08-23T19:28:52Z,2026-08-23T21:28:52+0200,4d5ff379-624b-468c-8e0f-14ae085ed6a5,2026-08-21T14:30:00Z,2026-08-21T16:30:00+0200,496.06003,MW,FR,FR,forecast_offshore_wind_generation,Wind Offshore,2026-08-23T19:31:05Z
2026-08-23T19:28:52Z,2026-08-23T21:28:52+0200,4d5ff379-624b-468c-8e0f-14ae085ed6a5,2026-08-21T14:45:00Z,2026-08-21T16:45:00+0200,513.19,MW,FR,FR,forecast_offshore_wind_generation,Wind Offshore,2026-08-23T19:31:05Z
2026-08-23T19:28:52Z,2026-08-23T21:28:52+0200,4d5ff379-624b-468c-8e0f-14ae085ed6a5,2026-08-21T15:00:00Z,2026-08-21T17:00:00+0200,530.34003,MW,FR,FR,forecast_offshore_wind_generation,Wind Offshore,2026-08-23T19:31:05Z
2026-08-23T19:28:52Z,2026-08-23T21:28:52+0200,4d5ff379-624b-468c-8e0f-14ae085ed6a5,2026-08-21T15:15:00Z,2026-08-21T17:15:00+0200,530.79004,MW,FR,FR,forecast_offshore_wind_generation,Wind Offshore,2026-08-23T19:31:05Z
2026-08-23T19:28:52Z,2026-08-23T21:28:52+0200,4d5ff379-624b-468c-8e0f-14ae085ed6a5,2026-08-21T15:30:00Z,2026-08-21T17:30:00+0200,531.22998,MW,FR,FR,forecast_offshore_wind_generation,Wind Offshore,2026-08-23T19:31:05Z
2026-08-23T19:28:52Z,2026-08-23T21:28:52+0200,4d5ff379-624b-468c-8e0f-14ae085ed6a5,2026-08-21T15:45:00Z,2026-08-21T17:45:00+0200,531.70996,MW,FR,FR,forecast_offshore_wind_generation,Wind Offshore,2026-08-23T19:31:05Z
2026-08-23T19:28:52Z,2026-08-23T21:28:52+0200,4d5ff379-624b-468c-8e0f-14ae085ed6a5,2026-08-21T16:00:00Z,2026-08-21T18:00:00+0200,532.16998,MW,FR,FR,forecast_offshore_wind_generation,Wind Offshore,2026-08-23T19:31:05Z
2026-08-23T19:28:52Z,2026-08-23T21:28:52+0200,4d5ff379-624b-468c-8e0f-14ae085ed6a5,2026-08-21T16:15:00Z,2026-08-21T18:15:00+0200,534.34998,MW,FR,FR,forecast_offshore_wind_generation,Wind Offshore,2026-08-23T19:31:05Z
2026-08-23T19:28:52Z,2026-08-23T21:28:52+0200,4d5ff379-624b-468c-8e0f-14ae085ed6a5,2026-08-21T16:30:00Z,2026-08-21T18:30:00+0200,536.51001,MW,FR,FR,forecast_offshore_wind_generation,Wind Offshore,2026-08-23T19:31:05Z
2026-08-23T19:28:52Z,2026-08-23T21:28:52+0200,4d5ff379-624b-468c-8e0f-14ae085ed6a5,2026-08-21T16:45:00Z,2026-08-21T18:45:00+0200,538.70001,MW,FR,FR,forecast_offshore_wind_generation,Wind Offshore,2026-08-23T19:31:05Z
2026-08-23T19:28:52Z,2026-08-23T21:28:52+0200,4d5ff379-624b-468c-8e0f-14ae085ed6a5,2026-08-21T17:00:00Z,2026-08-21T19:00:00+0200,540.85999,MW,FR,FR,forecast_offshore_wind_generation,Wind Offshore,2026-08-23T19:31:05Z
2026-08-23T19:28:52Z,2026-08-23T21:28:52+0200,4d5ff379-624b-468c-8e0f-14ae085ed6a5,2026-08-21T17:15:00Z,2026-08-21T19:15:00+0200,526.75,MW,FR,FR,forecast_offshore_wind_generation,Wind Offshore,2026-08-23T19:31:05Z
2026-08-23T19:28:52Z,2026-08-23T21:28:52+0200,4d5ff379-624b-468c-8e0f-14ae085ed6a5,2026-08-21T17:30:00Z,2026-08-21T19:30:00+0200,512.58997,MW,FR,FR,forecast_offshore_wind_generation,Wind Offshore,2026-08-23T19:31:05Z
2026-08-23T19:28:52Z,2026-08-23T21:28:52+0200,4d5ff379-624b-468c-8e0f-14ae085ed6a5,2026-08-21T17:45:00Z,2026-08-21T19:45:00+0200,498.45999,MW,FR,FR,forecast_offshore_wind_generation,Wind Offshore,2026-08-23T19:31:05Z
2026-08-23T19:28:52Z,2026-08-23T21:28:52+0200,4d5ff379-624b-468c-8e0f-14ae085ed6a5,2026-08-21T18:00:00Z,2026-08-21T20:00:00+0200,484.33997,MW,FR,FR,forecast_offshore_wind_generation,Wind Offshore,2026-08-23T19:31:05Z
2026-08-23T19:28:52Z,2026-08-23T21:28:52+0200,4d5ff379-624b-468c-8e0f-14ae085ed6a5,2026-08-21T18:15:00Z,2026-08-21T20:15:00+0200,469.87,MW,FR,FR,forecast_offshore_wind_generation,Wind Offshore,2026-08-23T19:31:05Z
2026-08-23T19:28:52Z,2026-08-23T21:28:52+0200,4d5ff379-624b-468c-8e0f-14ae085ed6a5,2026-08-21T18:30:00Z,2026-08-21T20:30:00+0200,455.39001,MW,FR,FR,forecast_offshore_wind_generation,Wind Offshore,2026-08-23T19:31:05Z
2026-08-23T19:28:52Z,2026-08-23T21:28:52+0200,4d5ff379-624b-468c-8e0f-14ae085ed6a5,2026-08-21T18:45:00Z,2026-08-21T20:45:00+0200,440.89996,MW,FR,FR,forecast_offshore_wind_generation,Wind Offshore,2026-08-23T19:31:05Z
2026-08-23T19:28:52Z,2026-08-23T21:28:52+0200,4d5ff379-624b-468c-8e0f-14ae085ed6a5,2026-08-21T19:00:00Z,2026-08-21T21:00:00+0200,426.42001,MW,FR,FR,forecast_offshore_wind_generation,Wind Offshore,2026-08-23T19:31:05Z
2026-08-23T19:28:52Z,2026-08-23T21:28:52+0200,4d5ff379-624b-468c-8e0f-14ae085ed6a5,2026-08-21T19:15:00Z,2026-08-21T21:15:00+0200,402.17999,MW,FR,FR,forecast_offshore_wind_generation,Wind Offshore,2026-08-23T19:31:05Z
2026-08-23T19:28:52Z,2026-08-23T21:28:52+0200,4d5ff379-624b-468c-8e0f-14ae085ed6a5,2026-08-21T19:30:00Z,2026-08-21T21:30:00+0200,377.96002,MW,FR,FR,forecast_offshore_wind_generation,Wind Offshore,2026-08-23T19:31:05Z
2026-08-23T19:28:52Z,2026-08-23T21:28:52+0200,4d5ff379-624b-468c-8e0f-14ae085ed6a5,2026-08-21T19:45:00Z,2026-08-21T21:45:00+0200,353.72,MW,FR,FR,forecast_offshore_wind_generation,Wind Offshore,2026-08-23T19:31:05Z
2026-08-23T19:28:52Z,2026-08-23T21:28:52+0200,4d5ff379-624b-468c-8e0f-14ae085ed6a5,2026-08-21T20:00:00Z,2026-08-21T22:00:00+0200,329.47,MW,FR,FR,forecast_offshore_wind_generation,Wind Offshore,2026-08-23T19:31:05Z
2026-08-23T19:28:52Z,2026-08-23T21:28:52+0200,4d5ff379-624b-468c-8e0f-14ae085ed6a5,2026-08-21T20:15:00Z,2026-08-21T22:15:00+0200,312.60999,MW,FR,FR,forecast_offshore_wind_generation,Wind Offshore,2026-08-23T19:31:05Z
2026-08-23T19:28:52Z,2026-08-23T21:28:52+0200,4d5ff379-624b-468c-8e0f-14ae085ed6a5,2026-08-21T20:30:00Z,2026-08-21T22:30:00+0200,295.76001,MW,FR,FR,forecast_offshore_wind_generation,Wind Offshore,2026-08-23T19:31:05Z
2026-08-23T19:28:52Z,2026-08-23T21:28:52+0200,4d5ff379-624b-468c-8e0f-14ae085ed6a5,2026-08-21T20:45:00Z,2026-08-21T22:45:00+0200,278.88,MW,FR,FR,forecast_offshore_wind_generation,Wind Offshore,2026-08-23T19:31:05Z
2026-08-23T19:28:52Z,2026-08-23T21:28:52+0200,4d5ff379-624b-468c-8e0f-14ae085ed6a5,2026-08-21T21:00:00Z,2026-08-21T23:00:00+0200,262.01001,MW,FR,FR,forecast_offshore_wind_generation,Wind Offshore,2026-08-23T19:31:05Z
2026-08-23T19:28:52Z,2026-08-23T21:28:52+0200,4d5ff379-624b-468c-8e0f-14ae085ed6a5,2026-08-21T21:15:00Z,2026-08-21T23:15:00+0200,250.87999,MW,FR,FR,forecast_offshore_wind_generation,Wind Offshore,2026-08-23T19:31:05Z
2026-08-23T19:28:52Z,2026-08-23T21:28:52+0200,4d5ff379-624b-468c-8e0f-14ae085ed6a5,2026-08-21T21:30:00Z,2026-08-21T23:30:00+0200,239.75,MW,FR,FR,forecast_offshore_wind_generation,Wind Offshore,2026-08-23T19:31:05Z
2026-08-23T19:28:52Z,2026-08-23T21:28:52+0200,4d5ff379-624b-468c-8e0f-14ae085ed6a5,2026-08-21T21:45:00Z,2026-08-21T23:45:00+0200,228.63,MW,FR,FR,forecast_offshore_wind_generation,Wind Offshore,2026-08-23T19:31:05Z
2026-08-23T19:28:52Z,2026-08-23T21:28:52+0200,4d5ff379-624b-468c-8e0f-14ae085ed6a5,2026-08-21T22:00:00Z,2026-08-22T00:00:00+0200,186.88,MW,FR,FR,forecast_offshore_wind_generation,Wind Offshore,2026-08-23T19:31:05Z
2026-08-23T19:28:52Z,2026-08-23T21:28:52+0200,4d5ff379-624b-468c-8e0f-14ae085ed6a5,2026-08-21T22:15:00Z,2026-08-22T00:15:00+0200,192.29001,MW,FR,FR,forecast_offshore_wind_generation,Wind Offshore,2026-08-23T19:31:05Z
2026-08-23T19:28:52Z,2026-08-23T21:28:52+0200,4d5ff379-624b-468c-8e0f-14ae085ed6a5,2026-08-21T22:30:00Z,2026-08-22T00:30:00+0200,197.72,MW,FR,FR,forecast_offshore_wind_generation,Wind Offshore,2026-08-23T19:31:05Z
2026-08-23T19:28:52Z,2026-08-23T21:28:52+0200,4d5ff379-624b-468c-8e0f-14ae085ed6a5,2026-08-21T22:45:00Z,2026-08-22T00:45:00+0200,202.92999,MW,FR,FR,forecast_offshore_wind_generation,Wind Offshore,2026-08-23T19:31:05Z
2026-08-23T19:28:52Z,2026-08-23T21:28:52+0200,4d5ff379-624b-468c-8e0f-14ae085ed6a5,2026-08-21T23:00:00Z,2026-08-22T01:00:00+0200,208.14999,MW,FR,FR,forecast_offshore_wind_generation,Wind Offshore,2026-08-23T19:31:05Z
2026-08-23T19:28:52Z,2026-08-23T21:28:52+0200,4d5ff379-624b-468c-8e0f-14ae085ed6a5,2026-08-21T23:15:00Z,2026-08-22T01:15:00+0200,212.06999,MW,FR,FR,forecast_offshore_wind_generation,Wind Offshore,2026-08-23T19:31:05Z
2026-08-23T19:28:52Z,2026-08-23T21:28:52+0200,4d5ff379-624b-468c-8e0f-14ae085ed6a5,2026-08-21T23:30:00Z,2026-08-22T01:30:00+0200,215.99001,MW,FR,FR,forecast_offshore_wind_generation,Wind Offshore,2026-08-23T19:31:05Z
2026-08-23T19:28:52Z,2026-08-23T21:28:52+0200,4d5ff379-624b-468c-8e0f-14ae085ed6a5,2026-08-21T23:45:00Z,2026-08-22T01:45:00+0200,219.84,MW,FR,FR,forecast_offshore_wind_generation,Wind Offshore,2026-08-23T19:31:05Z
2026-08-23T19:28:52Z,2026-08-23T21:28:52+0200,4d5ff379-624b-468c-8e0f-14ae085ed6a5,2026-08-22T00:00:00Z,2026-08-22T02:00:00+0200,223.68001,MW,FR,FR,forecast_offshore_wind_generation,Wind Offshore,2026-08-23T19:31:05Z
2026-08-23T19:28:52Z,2026-08-23T21:28:52+0200,4d5ff379-624b-468c-8e0f-14ae085ed6a5,2026-08-22T00:15:00Z,2026-08-22T02:15:00+0200,222.89,MW,FR,FR,forecast_offshore_wind_generation,Wind Offshore,2026-08-23T19:31:05Z
2026-08-23T19:28:52Z,2026-08-23T21:28:52+0200,4d5ff379-624b-468c-8e0f-14ae085ed6a5,2026-08-22T00:30:00Z,2026-08-22T02:30:00+0200,222.11002,MW,FR,FR,forecast_offshore_wind_generation,Wind Offshore,2026-08-23T19:31:05Z
2026-08-23T19:28:52Z,2026-08-23T21:28:52+0200,4d5ff379-624b-468c-8e0f-14ae085ed6a5,2026-08-22T00:45:00Z,2026-08-22T02:45:00+0200,221.34,MW,FR,FR,forecast_offshore_wind_generation,Wind Offshore,2026-08-23T19:31:05Z
2026-08-23T19:28:52Z,2026-08-23T21:28:52+0200,4d5ff379-624b-468c-8e0f-14ae085ed6a5,2026-08-22T01:00:00Z,2026-08-22T03:00:00+0200,220.56,MW,FR,FR,forecast_offshore_wind_generation,Wind Offshore,2026-08-23T19:31:05Z
2026-08-23T19:28:52Z,2026-08-23T21:28:52+0200,4d5ff379-624b-468c-8e0f-14ae085ed6a5,2026-08-22T01:15:00Z,2026-08-22T03:15:00+0200,205.20999,MW,FR,FR,forecast_offshore_wind_generation,Wind Offshore,2026-08-23T19:31:05Z
2026-08-23T19:28:52Z,2026-08-23T21:28:52+0200,4d5ff379-624b-468c-8e0f-14ae085ed6a5,2026-08-22T01:30:00Z,2026-08-22T03:30:00+0200,189.86,MW,FR,FR,forecast_offshore_wind_generation,Wind Offshore,2026-08-23T19:31:05Z
2026-08-23T19:28:52Z,2026-08-23T21:28:52+0200,4d5ff379-624b-468c-8e0f-14ae085ed6a5,2026-08-22T01:45:00Z,2026-08-22T03:45:00+0200,174.53,MW,FR,FR,forecast_offshore_wind_generation,Wind Offshore,2026-08-23T19:31:05Z
2026-08-23T19:28:52Z,2026-08-23T21:28:52+0200,4d5ff379-624b-468c-8e0f-14ae085ed6a5,2026-08-22T02:00:00Z,2026-08-22T04:00:00+0200,159.17999,MW,FR,FR,forecast_offshore_wind_generation,Wind Offshore,2026-08-23T19:31:05Z
2026-08-23T19:28:52Z,2026-08-23T21:28:52+0200,4d5ff379-624b-468c-8e0f-14ae085ed6a5,2026-08-22T02:15:00Z,2026-08-22T04:15:00+0200,152.33,MW,FR,FR,forecast_offshore_wind_generation,Wind Offshore,2026-08-23T19:31:05Z
2026-08-23T19:28:52Z,2026-08-23T21:28:52+0200,4d5ff379-624b-468c-8e0f-14ae085ed6a5,2026-08-22T02:30:00Z,2026-08-22T04:30:00+0200,145.45999,MW,FR,FR,forecast_offshore_wind_generation,Wind Offshore,2026-08-23T19:31:05Z
2026-08-23T19:28:52Z,2026-08-23T21:28:52+0200,4d5ff379-624b-468c-8e0f-14ae085ed6a5,2026-08-22T02:45:00Z,2026-08-22T04:45:00+0200,138.61,MW,FR,FR,forecast_offshore_wind_generation,Wind Offshore,2026-08-23T19:31:05Z
2026-08-23T19:28:52Z,2026-08-23T21:28:52+0200,4d5ff379-624b-468c-8e0f-14ae085ed6a5,2026-08-22T03:00:00Z,2026-08-22T05:00:00+0200,131.76999,MW,FR,FR,forecast_offshore_wind_generation,Wind Offshore,2026-08-23T19:31:05Z
2026-08-23T19:28:52Z,2026-08-23T21:28:52+0200,4d5ff379-624b-468c-8e0f-14ae085ed6a5,2026-08-22T03:15:00Z,2026-08-22T05:15:00+0200,136.92,MW,FR,FR,forecast_offshore_wind_generation,Wind Offshore,2026-08-23T19:31:05Z
2026-08-23T19:28:52Z,2026-08-23T21:28:52+0200,4d5ff379-624b-468c-8e0f-14ae085ed6a5,2026-08-22T03:30:00Z,2026-08-22T05:30:00+0200,142.09,MW,FR,FR,forecast_offshore_wind_generation,Wind Offshore,2026-08-23T19:31:05Z
2026-08-23T19:28:52Z,2026-08-23T21:28:52+0200,4d5ff379-624b-468c-8e0f-14ae085ed6a5,2026-08-22T03:45:00Z,2026-08-22T05:45:00+0200,147.20999,MW,FR,FR,forecast_offshore_wind_generation,Wind Offshore,2026-08-23T19:31:05Z
2026-08-23T19:28:52Z,2026-08-23T21:28:52+0200,4d5ff379-624b-468c-8e0f-14ae085ed6a5,2026-08-22T04:00:00Z,2026-08-22T06:00:00+0200,152.32001,MW,FR,FR,forecast_offshore_wind_generation,Wind Offshore,2026-08-23T19:31:05Z
2026-08-23T19:28:52Z,2026-08-23T21:28:52+0200,4d5ff379-624b-468c-8e0f-14ae085ed6a5,2026-08-22T04:15:00Z,2026-08-22T06:15:00+0200,149.29001,MW,FR,FR,forecast_offshore_wind_generation,Wind Offshore,2026-08-23T19:31:05Z
2026-08-23T19:28:52Z,2026-08-23T21:28:52+0200,4d5ff379-624b-468c-8e0f-14ae085ed6a5,2026-08-22T04:30:00Z,2026-08-22T06:30:00+0200,146.26001,MW,FR,FR,forecast_offshore_wind_generation,Wind Offshore,2026-08-23T19:31:05Z
2026-08-23T19:28:52Z,2026-08-23T21:28:52+0200,4d5ff379-624b-468c-8e0f-14ae085ed6a5,2026-08-22T04:45:00Z,2026-08-22T06:45:00+0200,143.16,MW,FR,FR,forecast_offshore_wind_generation,Wind Offshore,2026-08-23T19:31:05Z
2026-08-23T19:28:52Z,2026-08-23T21:28:52+0200,4d5ff379-624b-468c-8e0f-14ae085ed6a5,2026-08-22T05:00:00Z,2026-08-22T07:00:00+0200,140.06999,MW,FR,FR,forecast_offshore_wind_generation,Wind Offshore,2026-08-23T19:31:05Z
2026-08-23T19:28:52Z,2026-08-23T21:28:52+0200,4d5ff379-624b-468c-8e0f-14ae085ed6a5,2026-08-22T05:15:00Z,2026-08-22T07:15:00+0200,141.77,MW,FR,FR,forecast_offshore_wind_generation,Wind Offshore,2026-08-23T19:31:05Z
2026-08-23T19:28:52Z,2026-08-23T21:28:52+0200,4d5ff379-624b-468c-8e0f-14ae085ed6a5,2026-08-22T05:30:00Z,2026-08-22T07:30:00+0200,143.48999,MW,FR,FR,forecast_offshore_wind_generation,Wind Offshore,2026-08-23T19:31:05Z
2026-08-23T19:28:52Z,2026-08-23T21:28:52+0200,4d5ff379-624b-468c-8e0f-14ae085ed6a5,2026-08-22T05:45:00Z,2026-08-22T07:45:00+0200,145.14999,MW,FR,FR,forecast_offshore_wind_generation,Wind Offshore,2026-08-23T19:31:05Z
2026-08-23T19:28:52Z,2026-08-23T21:28:52+0200,4d5ff379-624b-468c-8e0f-14ae085ed6a5,2026-08-22T06:00:00Z,2026-08-22T08:00:00+0200,146.81,MW,FR,FR,forecast_offshore_wind_generation,Wind Offshore,2026-08-23T19:31:05Z
2026-08-23T19:28:52Z,2026-08-23T21:28:52+0200,4d5ff379-624b-468c-8e0f-14ae085ed6a5,2026-08-22T06:15:00Z,2026-08-22T08:15:00+0200,157.28,MW,FR,FR,forecast_offshore_wind_generation,Wind Offshore,2026-08-23T19:31:05Z
2026-08-23T19:28:52Z,2026-08-23T21:28:52+0200,4d5ff379-624b-468c-8e0f-14ae085ed6a5,2026-08-22T06:30:00Z,2026-08-22T08:30:00+0200,167.73,MW,FR,FR,forecast_offshore_wind_generation,Wind Offshore,2026-08-23T19:31:05Z
2026-08-23T19:28:52Z,2026-08-23T21:28:52+0200,4d5ff379-624b-468c-8e0f-14ae085ed6a5,2026-08-22T06:45:00Z,2026-08-22T08:45:00+0200,178.17001,MW,FR,FR,forecast_offshore_wind_generation,Wind Offshore,2026-08-23T19:31:05Z
2026-08-23T19:28:52Z,2026-08-23T21:28:52+0200,4d5ff379-624b-468c-8e0f-14ae085ed6a5,2026-08-22T07:00:00Z,2026-08-22T09:00:00+0200,188.59999,MW,FR,FR,forecast_offshore_wind_generation,Wind Offshore,2026-08-23T19:31:05Z
2026-08-23T19:28:52Z,2026-08-23T21:28:52+0200,4d5ff379-624b-468c-8e0f-14ae085ed6a5,2026-08-22T07:15:00Z,2026-08-22T09:15:00+0200,189.54999,MW,FR,FR,forecast_offshore_wind_generation,Wind Offshore,2026-08-23T19:31:05Z
2026-08-23T19:28:52Z,2026-08-23T21:28:52+0200,4d5ff379-624b-468c-8e0f-14ae085ed6a5,2026-08-22T07:30:00Z,2026-08-22T09:30:00+0200,190.49001,MW,FR,FR,forecast_offshore_wind_generation,Wind Offshore,2026-08-23T19:31:05Z
2026-08-23T19:28:52Z,2026-08-23T21:28:52+0200,4d5ff379-624b-468c-8e0f-14ae085ed6a5,2026-08-22T07:45:00Z,2026-08-22T09:45:00+0200,191.42999,MW,FR,FR,forecast_offshore_wind_generation,Wind Offshore,2026-08-23T19:31:05Z
2026-08-23T19:28:52Z,2026-08-23T21:28:52+0200,4d5ff379-624b-468c-8e0f-14ae085ed6a5,2026-08-22T08:00:00Z,2026-08-22T10:00:00+0200,192.34,MW,FR,FR,forecast_offshore_wind_generation,Wind Offshore,2026-08-23T19:31:05Z
2026-08-23T19:28:52Z,2026-08-23T21:28:52+0200,4d5ff379-624b-468c-8e0f-14ae085ed6a5,2026-08-22T08:15:00Z,2026-08-22T10:15:00+0200,190.53001,MW,FR,FR,forecast_offshore_wind_generation,Wind Offshore,2026-08-23T19:31:05Z
2026-08-23T19:28:52Z,2026-08-23T21:28:52+0200,4d5ff379-624b-468c-8e0f-14ae085ed6a5,2026-08-22T08:30:00Z,2026-08-22T10:30:00+0200,188.73001,MW,FR,FR,forecast_offshore_wind_generation,Wind Offshore,2026-08-23T19:31:05Z
2026-08-23T19:28:52Z,2026-08-23T21:28:52+0200,4d5ff379-624b-468c-8e0f-14ae085ed6a5,2026-08-22T08:45:00Z,2026-08-22T10:45:00+0200,186.90999,MW,FR,FR,forecast_offshore_wind_generation,Wind Offshore,2026-08-23T19:31:05Z
2026-08-23T19:28:52Z,2026-08-23T21:28:52+0200,4d5ff379-624b-468c-8e0f-14ae085ed6a5,2026-08-22T09:00:00Z,2026-08-22T11:00:00+0200,185.09,MW,FR,FR,forecast_offshore_wind_generation,Wind Offshore,2026-08-23T19:31:05Z
2026-08-23T19:28:52Z,2026-08-23T21:28:52+0200,4d5ff379-624b-468c-8e0f-14ae085ed6a5,2026-08-22T09:15:00Z,2026-08-22T11:15:00+0200,184.23999,MW,FR,FR,forecast_offshore_wind_generation,Wind Offshore,2026-08-23T19:31:05Z
2026-08-23T19:28:52Z,2026-08-23T21:28:52+0200,4d5ff379-624b-468c-8e0f-14ae085ed6a5,2026-08-22T09:30:00Z,2026-08-22T11:30:00+0200,183.41,MW,FR,FR,forecast_offshore_wind_generation,Wind Offshore,2026-08-23T19:31:05Z
2026-08-23T19:28:52Z,2026-08-23T21:28:52+0200,4d5ff379-624b-468c-8e0f-14ae085ed6a5,2026-08-22T09:45:00Z,2026-08-22T11:45:00+0200,182.56,MW,FR,FR,forecast_offshore_wind_generation,Wind Offshore,2026-08-23T19:31:05Z
2026-08-23T19:28:52Z,2026-08-23T21:28:52+0200,4d5ff379-624b-468c-8e0f-14ae085ed6a5,2026-08-22T10:00:00Z,2026-08-22T12:00:00+0200,181.7,MW,FR,FR,forecast_offshore_wind_generation,Wind Offshore,2026-08-23T19:31:05Z
2026-08-23T19:28:52Z,2026-08-23T21:28:52+0200,4d5ff379-624b-468c-8e0f-14ae085ed6a5,2026-08-22T10:15:00Z,2026-08-22T12:15:00+0200,178.14999,MW,FR,FR,forecast_offshore_wind_generation,Wind Offshore,2026-08-23T19:31:05Z
2026-08-23T19:28:52Z,2026-08-23T21:28:52+0200,4d5ff379-624b-468c-8e0f-14ae085ed6a5,2026-08-22T10:30:00Z,2026-08-22T12:30:00+0200,174.58998,MW,FR,FR,forecast_offshore_wind_generation,Wind Offshore,2026-08-23T19:31:05Z
2026-08-23T19:28:52Z,2026-08-23T21:28:52+0200,4d5ff379-624b-468c-8e0f-14ae085ed6a5,2026-08-22T10:45:00Z,2026-08-22T12:45:00+0200,171.02002,MW,FR,FR,forecast_offshore_wind_generation,Wind Offshore,2026-08-23T19:31:05Z
2026-08-23T19:28:52Z,2026-08-23T21:28:52+0200,4d5ff379-624b-468c-8e0f-14ae085ed6a5,2026-08-22T11:00:00Z,2026-08-22T13:00:00+0200,167.45999,MW,FR,FR,forecast_offshore_wind_generation,Wind Offshore,2026-08-23T19:31:05Z
2026-08-23T19:28:52Z,2026-08-23T21:28:52+0200,4d5ff379-624b-468c-8e0f-14ae085ed6a5,2026-08-22T11:15:00Z,2026-08-22T13:15:00+0200,162.89,MW,FR,FR,forecast_offshore_wind_generation,Wind Offshore,2026-08-23T19:31:05Z
2026-08-23T19:28:52Z,2026-08-23T21:28:52+0200,4d5ff379-624b-468c-8e0f-14ae085ed6a5,2026-08-22T11:30:00Z,2026-08-22T13:30:00+0200,158.33,MW,FR,FR,forecast_offshore_wind_generation,Wind Offshore,2026-08-23T19:31:05Z
2026-08-23T19:28:52Z,2026-08-23T21:28:52+0200,4d5ff379-624b-468c-8e0f-14ae085ed6a5,2026-08-22T11:45:00Z,2026-08-22T13:45:00+0200,153.77,MW,FR,FR,forecast_offshore_wind_generation,Wind Offshore,2026-08-23T19:31:05Z
2026-08-23T19:28:52Z,2026-08-23T21:28:52+0200,4d5ff379-624b-468c-8e0f-14ae085ed6a5,2026-08-22T12:00:00Z,2026-08-22T14:00:00+0200,149.20001,MW,FR,FR,forecast_offshore_wind_generation,Wind Offshore,2026-08-23T19:31:05Z
2026-08-23T19:28:52Z,2026-08-23T21:28:52+0200,4d5ff379-624b-468c-8e0f-14ae085ed6a5,2026-08-22T12:15:00Z,2026-08-22T14:15:00+0200,151.83998,MW,FR,FR,forecast_offshore_wind_generation,Wind Offshore,2026-08-23T19:31:05Z
2026-08-23T19:28:52Z,2026-08-23T21:28:52+0200,4d5ff379-624b-468c-8e0f-14ae085ed6a5,2026-08-22T12:30:00Z,2026-08-22T14:30:00+0200,154.45,MW,FR,FR,forecast_offshore_wind_generation,Wind Offshore,2026-08-23T19:31:05Z
2026-08-23T19:28:52Z,2026-08-23T21:28:52+0200,4d5ff379-624b-468c-8e0f-14ae085ed6a5,2026-08-22T12:45:00Z,2026-08-22T14:45:00+0200,157.09,MW,FR,FR,forecast_offshore_wind_generation,Wind Offshore,2026-08-23T19:31:05Z
2026-08-23T19:28:52Z,2026-08-23T21:28:52+0200,4d5ff379-624b-468c-8e0f-14ae085ed6a5,2026-08-22T13:00:00Z,2026-08-22T15:00:00+0200,159.71001,MW,FR,FR,forecast_offshore_wind_generation,Wind Offshore,2026-08-23T19:31:05Z
2026-08-23T19:28:52Z,2026-08-23T21:28:52+0200,4d5ff379-624b-468c-8e0f-14ae085ed6a5,2026-08-22T13:15:00Z,2026-08-22T15:15:00+0200,159.33,MW,FR,FR,forecast_offshore_wind_generation,Wind Offshore,2026-08-23T19:31:05Z
2026-08-23T19:28:52Z,2026-08-23T21:28:52+0200,4d5ff379-624b-468c-8e0f-14ae085ed6a5,2026-08-22T13:30:00Z,2026-08-22T15:30:00+0200,158.94,MW,FR,FR,forecast_offshore_wind_generation,Wind Offshore,2026-08-23T19:31:05Z
2026-08-23T19:28:52Z,2026-08-23T21:28:52+0200,4d5ff379-624b-468c-8e0f-14ae085ed6a5,2026-08-22T13:45:00Z,2026-08-22T15:45:00+0200,158.58,MW,FR,FR,forecast_offshore_wind_generation,Wind Offshore,2026-08-23T19:31:05Z
2026-08-23T19:28:52Z,2026-08-23T21:28:52+0200,4d5ff379-624b-468c-8e0f-14ae085ed6a5,2026-08-22T14:00:00Z,2026-08-22T16:00:00+0200,158.23001,MW,FR,FR,forecast_offshore_wind_generation,Wind Offshore,2026-08-23T19:31:05Z
2026-08-23T19:28:52Z,2026-08-23T21:28:52+0200,4d5ff379-624b-468c-8e0f-14ae085ed6a5,2026-08-22T14:15:00Z,2026-08-22T16:15:00+0200,168.7,MW,FR,FR,forecast_offshore_wind_generation,Wind Offshore,2026-08-23T19:31:05Z
2026-08-23T19:28:52Z,2026-08-23T21:28:52+0200,4d5ff379-624b-468c-8e0f-14ae085ed6a5,2026-08-22T14:30:00Z,2026-08-22T16:30:00+0200,179.17,MW,FR,FR,forecast_offshore_wind_generation,Wind Offshore,2026-08-23T19:31:05Z
2026-08-23T19:28:52Z,2026-08-23T21:28:52+0200,4d5ff379-624b-468c-8e0f-14ae085ed6a5,2026-08-22T14:45:00Z,2026-08-22T16:45:00+0200,189.68001,MW,FR,FR,forecast_offshore_wind_generation,Wind Offshore,2026-08-23T19:31:05Z
2026-08-23T19:28:52Z,2026-08-23T21:28:52+0200,4d5ff379-624b-468c-8e0f-14ae085ed6a5,2026-08-22T15:00:00Z,2026-08-22T17:00:00+0200,200.20999,MW,FR,FR,forecast_offshore_wind_generation,Wind Offshore,2026-08-23T19:31:05Z
2026-08-23T19:28:52Z,2026-08-23T21:28:52+0200,4d5ff379-624b-468c-8e0f-14ae085ed6a5,2026-08-22T15:15:00Z,2026-08-22T17:15:00+0200,221.2,MW,FR,FR,forecast_offshore_wind_generation,Wind Offshore,2026-08-23T19:31:05Z
2026-08-23T19:28:52Z,2026-08-23T21:28:52+0200,4d5ff379-624b-468c-8e0f-14ae085ed6a5,2026-08-22T15:30:00Z,2026-08-22T17:30:00+0200,242.19,MW,FR,FR,forecast_offshore_wind_generation,Wind Offshore,2026-08-23T19:31:05Z
2026-08-23T19:28:52Z,2026-08-23T21:28:52+0200,4d5ff379-624b-468c-8e0f-14ae085ed6a5,2026-08-22T15:45:00Z,2026-08-22T17:45:00+0200,263.22,MW,FR,FR,forecast_offshore_wind_generation,Wind Offshore,2026-08-23T19:31:05Z
2026-08-23T19:28:52Z,2026-08-23T21:28:52+0200,4d5ff379-624b-468c-8e0f-14ae085ed6a5,2026-08-22T16:00:00Z,2026-08-22T18:00:00+0200,284.25,MW,FR,FR,forecast_offshore_wind_generation,Wind Offshore,2026-08-23T19:31:05Z
2026-08-23T19:28:52Z,2026-08-23T21:28:52+0200,4d5ff379-624b-468c-8e0f-14ae085ed6a5,2026-08-22T16:15:00Z,2026-08-22T18:15:00+0200,306.28003,MW,FR,FR,forecast_offshore_wind_generation,Wind Offshore,2026-08-23T19:31:05Z
2026-08-23T19:28:52Z,2026-08-23T21:28:52+0200,4d5ff379-624b-468c-8e0f-14ae085ed6a5,2026-08-22T16:30:00Z,2026-08-22T18:30:00+0200,328.32001,MW,FR,FR,forecast_offshore_wind_generation,Wind Offshore,2026-08-23T19:31:05Z
2026-08-23T19:28:52Z,2026-08-23T21:28:52+0200,4d5ff379-624b-468c-8e0f-14ae085ed6a5,2026-08-22T16:45:00Z,2026-08-22T18:45:00+0200,350.37,MW,FR,FR,forecast_offshore_wind_generation,Wind Offshore,2026-08-23T19:31:05Z
2026-08-23T19:28:52Z,2026-08-23T21:28:52+0200,4d5ff379-624b-468c-8e0f-14ae085ed6a5,2026-08-22T17:00:00Z,2026-08-22T19:00:00+0200,372.45001,MW,FR,FR,forecast_offshore_wind_generation,Wind Offshore,2026-08-23T19:31:05Z
2026-08-23T19:28:52Z,2026-08-23T21:28:52+0200,4d5ff379-624b-468c-8e0f-14ae085ed6a5,2026-08-22T17:15:00Z,2026-08-22T19:15:00+0200,415.10001,MW,FR,FR,forecast_offshore_wind_generation,Wind Offshore,2026-08-23T19:31:05Z
2026-08-23T19:28:52Z,2026-08-23T21:28:52+0200,4d5ff379-624b-468c-8e0f-14ae085ed6a5,2026-08-22T17:30:00Z,2026-08-22T19:30:00+0200,457.75003,MW,FR,FR,forecast_offshore_wind_generation,Wind Offshore,2026-08-23T19:31:05Z
2026-08-23T19:28:52Z,2026-08-23T21:28:52+0200,4d5ff379-624b-468c-8e0f-14ae085ed6a5,2026-08-22T17:45:00Z,2026-08-22T19:45:00+0200,500.42001,MW,FR,FR,forecast_offshore_wind_generation,Wind Offshore,2026-08-23T19:31:05Z
2026-08-23T19:28:52Z,2026-08-23T21:28:52+0200,4d5ff379-624b-468c-8e0f-14ae085ed6a5,2026-08-22T18:00:00Z,2026-08-22T20:00:00+0200,543.12006,MW,FR,FR,forecast_offshore_wind_generation,Wind Offshore,2026-08-23T19:31:05Z
2026-08-23T19:28:52Z,2026-08-23T21:28:52+0200,4d5ff379-624b-468c-8e0f-14ae085ed6a5,2026-08-22T18:15:00Z,2026-08-22T20:15:00+0200,569.44,MW,FR,FR,forecast_offshore_wind_generation,Wind Offshore,2026-08-23T19:31:05Z
2026-08-23T19:28:52Z,2026-08-23T21:28:52+0200,4d5ff379-624b-468c-8e0f-14ae085ed6a5,2026-08-22T18:30:00Z,2026-08-22T20:30:00+0200,595.77997,MW,FR,FR,forecast_offshore_wind_generation,Wind Offshore,2026-08-23T19:31:05Z
2026-08-23T19:28:52Z,2026-08-23T21:28:52+0200,4d5ff379-624b-468c-8e0f-14ae085ed6a5,2026-08-22T18:45:00Z,2026-08-22T20:45:00+0200,622.07001,MW,FR,FR,forecast_offshore_wind_generation,Wind Offshore,2026-08-23T19:31:05Z
2026-08-23T19:28:52Z,2026-08-23T21:28:52+0200,4d5ff379-624b-468c-8e0f-14ae085ed6a5,2026-08-22T19:00:00Z,2026-08-22T21:00:00+0200,648.38,MW,FR,FR,forecast_offshore_wind_generation,Wind Offshore,2026-08-23T19:31:05Z
2026-08-23T19:28:52Z,2026-08-23T21:28:52+0200,4d5ff379-624b-468c-8e0f-14ae085ed6a5,2026-08-22T19:15:00Z,2026-08-22T21:15:00+0200,657.14001,MW,FR,FR,forecast_offshore_wind_generation,Wind Offshore,2026-08-23T19:31:05Z
2026-08-23T19:28:52Z,2026-08-23T21:28:52+0200,4d5ff379-624b-468c-8e0f-14ae085ed6a5,2026-08-22T19:30:00Z,2026-08-22T21:30:00+0200,665.88995,MW,FR,FR,forecast_offshore_wind_generation,Wind Offshore,2026-08-23T19:31:05Z
2026-08-23T19:28:52Z,2026-08-23T21:28:52+0200,4d5ff379-624b-468c-8e0f-14ae085ed6a5,2026-08-22T19:45:00Z,2026-08-22T21:45:00+0200,674.63,MW,FR,FR,forecast_offshore_wind_generation,Wind Offshore,2026-08-23T19:31:05Z
2026-08-23T19:28:52Z,2026-08-23T21:28:52+0200,4d5ff379-624b-468c-8e0f-14ae085ed6a5,2026-08-22T20:00:00Z,2026-08-22T22:00:00+0200,683.34998,MW,FR,FR,forecast_offshore_wind_generation,Wind Offshore,2026-08-23T19:31:05Z
2026-08-23T19:28:52Z,2026-08-23T21:28:52+0200,4d5ff379-624b-468c-8e0f-14ae085ed6a5,2026-08-22T20:15:00Z,2026-08-22T22:15:00+0200,668.86005,MW,FR,FR,forecast_offshore_wind_generation,Wind Offshore,2026-08-23T19:31:05Z
2026-08-23T19:28:52Z,2026-08-23T21:28:52+0200,4d5ff379-624b-468c-8e0f-14ae085ed6a5,2026-08-22T20:30:00Z,2026-08-22T22:30:00+0200,654.38,MW,FR,FR,forecast_offshore_wind_generation,Wind Offshore,2026-08-23T19:31:05Z
2026-08-23T19:28:52Z,2026-08-23T21:28:52+0200,4d5ff379-624b-468c-8e0f-14ae085ed6a5,2026-08-22T20:45:00Z,2026-08-22T22:45:00+0200,639.84998,MW,FR,FR,forecast_offshore_wind_generation,Wind Offshore,2026-08-23T19:31:05Z
2026-08-23T19:28:52Z,2026-08-23T21:28:52+0200,4d5ff379-624b-468c-8e0f-14ae085ed6a5,2026-08-22T21:00:00Z,2026-08-22T23:00:00+0200,625.31,MW,FR,FR,forecast_offshore_wind_generation,Wind Offshore,2026-08-23T19:31:05Z
2026-08-23T19:28:52Z,2026-08-23T21:28:52+0200,4d5ff379-624b-468c-8e0f-14ae085ed6a5,2026-08-22T21:15:00Z,2026-08-22T23:15:00+0200,625.18005,MW,FR,FR,forecast_offshore_wind_generation,Wind Offshore,2026-08-23T19:31:05Z
2026-08-23T19:28:52Z,2026-08-23T21:28:52+0200,4d5ff379-624b-468c-8e0f-14ae085ed6a5,2026-08-22T21:30:00Z,2026-08-22T23:30:00+0200,625.06006,MW,FR,FR,forecast_offshore_wind_generation,Wind Offshore,2026-08-23T19:31:05Z
2026-08-23T19:28:52Z,2026-08-23T21:28:52+0200,4d5ff379-624b-468c-8e0f-14ae085ed6a5,2026-08-22T21:45:00Z,2026-08-22T23:45:00+0200,624.90997,MW,FR,FR,forecast_offshore_wind_generation,Wind Offshore,2026-08-23T19:31:05Z
2026-08-23T19:28:52Z,2026-08-23T21:28:52+0200,4d5ff379-624b-468c-8e0f-14ae085ed6a5,2026-08-22T22:00:00Z,2026-08-23T00:00:00+0200,627.28998,MW,FR,FR,forecast_offshore_wind_generation,Wind Offshore,2026-08-23T19:31:05Z
2026-08-23T19:28:52Z,2026-08-23T21:28:52+0200,4d5ff379-624b-468c-8e0f-14ae085ed6a5,2026-08-22T22:15:00Z,2026-08-23T00:15:00+0200,639.40002,MW,FR,FR,forecast_offshore_wind_generation,Wind Offshore,2026-08-23T19:31:05Z
2026-08-23T19:28:52Z,2026-08-23T21:28:52+0200,4d5ff379-624b-468c-8e0f-14ae085ed6a5,2026-08-22T22:30:00Z,2026-08-23T00:30:00+0200,651.51001,MW,FR,FR,forecast_offshore_wind_generation,Wind Offshore,2026-08-23T19:31:05Z
2026-08-23T19:28:52Z,2026-08-23T21:28:52+0200,4d5ff379-624b-468c-8e0f-14ae085ed6a5,2026-08-22T22:45:00Z,2026-08-23T00:45:00+0200,663.53998,MW,FR,FR,forecast_offshore_wind_generation,Wind Offshore,2026-08-23T19:31:05Z
2026-08-23T19:28:52Z,2026-08-23T21:28:52+0200,4d5ff379-624b-468c-8e0f-14ae085ed6a5,2026-08-22T23:00:00Z,2026-08-23T01:00:00+0200,675.53998,MW,FR,FR,forecast_offshore_wind_generation,Wind Offshore,2026-08-23T19:31:05Z
2026-08-23T19:28:52Z,2026-08-23T21:28:52+0200,4d5ff379-624b-468c-8e0f-14ae085ed6a5,2026-08-22T23:15:00Z,2026-08-23T01:15:00+0200,700.63,MW,FR,FR,forecast_offshore_wind_generation,Wind Offshore,2026-08-23T19:31:05Z
2026-08-23T19:28:52Z,2026-08-23T21:28:52+0200,4d5ff379-624b-468c-8e0f-14ae085ed6a5,2026-08-22T23:30:00Z,2026-08-23T01:30:00+0200,725.75,MW,FR,FR,forecast_offshore_wind_generation,Wind Offshore,2026-08-23T19:31:05Z
2026-08-23T19:28:52Z,2026-08-23T21:28:52+0200,4d5ff379-624b-468c-8e0f-14ae085ed6a5,2026-08-22T23:45:00Z,2026-08-23T01:45:00+0200,750.81006,MW,FR,FR,forecast_offshore_wind_generation,Wind Offshore,2026-08-23T19:31:05Z
2026-08-23T19:28:52Z,2026-08-23T21:28:52+0200,4d5ff379-624b-468c-8e0f-14ae085ed6a5,2026-08-23T00:00:00Z,2026-08-23T02:00:00+0200,775.87,MW,FR,FR,forecast_offshore_wind_generation,Wind Offshore,2026-08-23T19:31:05Z
2026-08-23T19:28:52Z,2026-08-23T21:28:52+0200,4d5ff379-624b-468c-8e0f-14ae085ed6a5,2026-08-23T00:15:00Z,2026-08-23T02:15:00+0200,801.0,MW,FR,FR,forecast_offshore_wind_generation,Wind Offshore,2026-08-23T19:31:05Z
2026-08-23T19:28:52Z,2026-08-23T21:28:52+0200,4d5ff379-624b-468c-8e0f-14ae085ed6a5,2026-08-23T00:30:00Z,2026-08-23T02:30:00+0200,826.13,MW,FR,FR,forecast_offshore_wind_generation,Wind Offshore,2026-08-23T19:31:05Z
2026-08-23T19:28:52Z,2026-08-23T21:28:52+0200,4d5ff379-624b-468c-8e0f-14ae085ed6a5,2026-08-23T00:45:00Z,2026-08-23T02:45:00+0200,851.27002,MW,FR,FR,forecast_offshore_wind_generation,Wind Offshore,2026-08-23T19:31:05Z
2026-08-23T19:28:52Z,2026-08-23T21:28:52+0200,4d5ff379-624b-468c-8e0f-14ae085ed6a5,2026-08-23T01:00:00Z,2026-08-23T03:00:00+0200,876.40002,MW,FR,FR,forecast_offshore_wind_generation,Wind Offshore,2026-08-23T19:31:05Z
2026-08-23T19:28:52Z,2026-08-23T21:28:52+0200,4d5ff379-624b-468c-8e0f-14ae085ed6a5,2026-08-23T01:15:00Z,2026-08-23T03:15:00+0200,885.35999,MW,FR,FR,forecast_offshore_wind_generation,Wind Offshore,2026-08-23T19:31:05Z
2026-08-23T19:28:52Z,2026-08-23T21:28:52+0200,4d5ff379-624b-468c-8e0f-14ae085ed6a5,2026-08-23T01:30:00Z,2026-08-23T03:30:00+0200,894.29004,MW,FR,FR,forecast_offshore_wind_generation,Wind Offshore,2026-08-23T19:31:05Z
2026-08-23T19:28:52Z,2026-08-23T21:28:52+0200,4d5ff379-624b-468c-8e0f-14ae085ed6a5,2026-08-23T01:45:00Z,2026-08-23T03:45:00+0200,903.24005,MW,FR,FR,forecast_offshore_wind_generation,Wind Offshore,2026-08-23T19:31:05Z
2026-08-23T19:28:52Z,2026-08-23T21:28:52+0200,4d5ff379-624b-468c-8e0f-14ae085ed6a5,2026-08-23T02:00:00Z,2026-08-23T04:00:00+0200,912.18005,MW,FR,FR,forecast_offshore_wind_generation,Wind Offshore,2026-08-23T19:31:05Z
2026-08-23T19:28:52Z,2026-08-23T21:28:52+0200,4d5ff379-624b-468c-8e0f-14ae085ed6a5,2026-08-23T02:15:00Z,2026-08-23T04:15:00+0200,917.85004,MW,FR,FR,forecast_offshore_wind_generation,Wind Offshore,2026-08-23T19:31:05Z
2026-08-23T19:28:52Z,2026-08-23T21:28:52+0200,4d5ff379-624b-468c-8e0f-14ae085ed6a5,2026-08-23T02:30:00Z,2026-08-23T04:30:00+0200,923.49994,MW,FR,FR,forecast_offshore_wind_generation,Wind Offshore,2026-08-23T19:31:05Z
2026-08-23T19:28:52Z,2026-08-23T21:28:52+0200,4d5ff379-624b-468c-8e0f-14ae085ed6a5,2026-08-23T02:45:00Z,2026-08-23T04:45:00+0200,929.13995,MW,FR,FR,forecast_offshore_wind_generation,Wind Offshore,2026-08-23T19:31:05Z
2026-08-23T19:28:52Z,2026-08-23T21:28:52+0200,4d5ff379-624b-468c-8e0f-14ae085ed6a5,2026-08-23T03:00:00Z,2026-08-23T05:00:00+0200,934.80005,MW,FR,FR,forecast_offshore_wind_generation,Wind Offshore,2026-08-23T19:31:05Z
2026-08-23T19:28:52Z,2026-08-23T21:28:52+0200,4d5ff379-624b-468c-8e0f-14ae085ed6a5,2026-08-23T03:15:00Z,2026-08-23T05:15:00+0200,928.47998,MW,FR,FR,forecast_offshore_wind_generation,Wind Offshore,2026-08-23T19:31:05Z
2026-08-23T19:28:52Z,2026-08-23T21:28:52+0200,4d5ff379-624b-468c-8e0f-14ae085ed6a5,2026-08-23T03:30:00Z,2026-08-23T05:30:00+0200,922.17999,MW,FR,FR,forecast_offshore_wind_generation,Wind Offshore,2026-08-23T19:31:05Z
2026-08-23T19:28:52Z,2026-08-23T21:28:52+0200,4d5ff379-624b-468c-8e0f-14ae085ed6a5,2026-08-23T03:45:00Z,2026-08-23T05:45:00+0200,915.83002,MW,FR,FR,forecast_offshore_wind_generation,Wind Offshore,2026-08-23T19:31:05Z
2026-08-23T19:28:52Z,2026-08-23T21:28:52+0200,4d5ff379-624b-468c-8e0f-14ae085ed6a5,2026-08-23T04:00:00Z,2026-08-23T06:00:00+0200,909.47998,MW,FR,FR,forecast_offshore_wind_generation,Wind Offshore,2026-08-23T19:31:05Z
2026-08-23T19:28:52Z,2026-08-23T21:28:52+0200,4d5ff379-624b-468c-8e0f-14ae085ed6a5,2026-08-23T04:15:00Z,2026-08-23T06:15:00+0200,908.83002,MW,FR,FR,forecast_offshore_wind_generation,Wind Offshore,2026-08-23T19:31:05Z
2026-08-23T19:28:52Z,2026-08-23T21:28:52+0200,4d5ff379-624b-468c-8e0f-14ae085ed6a5,2026-08-23T04:30:00Z,2026-08-23T06:30:00+0200,908.15997,MW,FR,FR,forecast_offshore_wind_generation,Wind Offshore,2026-08-23T19:31:05Z
2026-08-23T19:28:52Z,2026-08-23T21:28:52+0200,4d5ff379-624b-468c-8e0f-14ae085ed6a5,2026-08-23T04:45:00Z,2026-08-23T06:45:00+0200,907.46997,MW,FR,FR,forecast_offshore_wind_generation,Wind Offshore,2026-08-23T19:31:05Z
2026-08-23T19:28:52Z,2026-08-23T21:28:52+0200,4d5ff379-624b-468c-8e0f-14ae085ed6a5,2026-08-23T05:00:00Z,2026-08-23T07:00:00+0200,906.77002,MW,FR,FR,forecast_offshore_wind_generation,Wind Offshore,2026-08-23T19:31:05Z
2026-08-23T19:28:52Z,2026-08-23T21:28:52+0200,4d5ff379-624b-468c-8e0f-14ae085ed6a5,2026-08-23T05:15:00Z,2026-08-23T07:15:00+0200,911.48004,MW,FR,FR,forecast_offshore_wind_generation,Wind Offshore,2026-08-23T19:31:05Z
2026-08-23T19:28:52Z,2026-08-23T21:28:52+0200,4d5ff379-624b-468c-8e0f-14ae085ed6a5,2026-08-23T05:30:00Z,2026-08-23T07:30:00+0200,916.18994,MW,FR,FR,forecast_offshore_wind_generation,Wind Offshore,2026-08-23T19:31:05Z
2026-08-23T19:28:52Z,2026-08-23T21:28:52+0200,4d5ff379-624b-468c-8e0f-14ae085ed6a5,2026-08-23T05:45:00Z,2026-08-23T07:45:00+0200,920.87,MW,FR,FR,forecast_offshore_wind_generation,Wind Offshore,2026-08-23T19:31:05Z
2026-08-23T19:28:52Z,2026-08-23T21:28:52+0200,4d5ff379-624b-468c-8e0f-14ae085ed6a5,2026-08-23T06:00:00Z,2026-08-23T08:00:00+0200,925.53998,MW,FR,FR,forecast_offshore_wind_generation,Wind Offshore,2026-08-23T19:31:05Z
2026-08-23T19:28:52Z,2026-08-23T21:28:52+0200,4d5ff379-624b-468c-8e0f-14ae085ed6a5,2026-08-23T06:15:00Z,2026-08-23T08:15:00+0200,931.10999,MW,FR,FR,forecast_offshore_wind_generation,Wind Offshore,2026-08-23T19:31:05Z
2026-08-23T19:28:52Z,2026-08-23T21:28:52+0200,4d5ff379-624b-468c-8e0f-14ae085ed6a5,2026-08-23T06:30:00Z,2026-08-23T08:30:00+0200,936.67999,MW,FR,FR,forecast_offshore_wind_generation,Wind Offshore,2026-08-23T19:31:05Z
2026-08-23T19:28:52Z,2026-08-23T21:28:52+0200,4d5ff379-624b-468c-8e0f-14ae085ed6a5,2026-08-23T06:45:00Z,2026-08-23T08:45:00+0200,942.22998,MW,FR,FR,forecast_offshore_wind_generation,Wind Offshore,2026-08-23T19:31:05Z
2026-08-23T19:28:52Z,2026-08-23T21:28:52+0200,4d5ff379-624b-468c-8e0f-14ae085ed6a5,2026-08-23T07:00:00Z,2026-08-23T09:00:00+0200,947.77997,MW,FR,FR,forecast_offshore_wind_generation,Wind Offshore,2026-08-23T19:31:05Z
2026-08-23T19:28:52Z,2026-08-23T21:28:52+0200,4d5ff379-624b-468c-8e0f-14ae085ed6a5,2026-08-23T07:15:00Z,2026-08-23T09:15:00+0200,931.0,MW,FR,FR,forecast_offshore_wind_generation,Wind Offshore,2026-08-23T19:31:05Z
2026-08-23T19:28:52Z,2026-08-23T21:28:52+0200,4d5ff379-624b-468c-8e0f-14ae085ed6a5,2026-08-23T07:30:00Z,2026-08-23T09:30:00+0200,914.19006,MW,FR,FR,forecast_offshore_wind_generation,Wind Offshore,2026-08-23T19:31:05Z
2026-08-23T19:28:52Z,2026-08-23T21:28:52+0200,4d5ff379-624b-468c-8e0f-14ae085ed6a5,2026-08-23T07:45:00Z,2026-08-23T09:45:00+0200,897.42004,MW,FR,FR,forecast_offshore_wind_generation,Wind Offshore,2026-08-23T19:31:05Z
2026-08-23T19:28:52Z,2026-08-23T21:28:52+0200,4d5ff379-624b-468c-8e0f-14ae085ed6a5,2026-08-23T08:00:00Z,2026-08-23T10:00:00+0200,880.60999,MW,FR,FR,forecast_offshore_wind_generation,Wind Offshore,2026-08-23T19:31:05Z
2026-08-23T19:28:52Z,2026-08-23T21:28:52+0200,4d5ff379-624b-468c-8e0f-14ae085ed6a5,2026-08-23T08:15:00Z,2026-08-23T10:15:00+0200,851.62,MW,FR,FR,forecast_offshore_wind_generation,Wind Offshore,2026-08-23T19:31:05Z
2026-08-23T19:28:52Z,2026-08-23T21:28:52+0200,4d5ff379-624b-468c-8e0f-14ae085ed6a5,2026-08-23T08:30:00Z,2026-08-23T10:30:00+0200,97.23,MW,FR,FR,forecast_offshore_wind_generation,Wind Offshore,2026-08-23T19:31:05Z
2026-08-23T19:28:52Z,2026-08-23T21:28:52+0200,4d5ff379-624b-468c-8e0f-14ae085ed6a5,2026-08-23T08:45:00Z,2026-08-23T10:45:00+0200,96.9,MW,FR,FR,forecast_offshore_wind_generation,Wind Offshore,2026-08-23T19:31:05Z
2026-08-23T19:28:52Z,2026-08-23T21:28:52+0200,4d5ff379-624b-468c-8e0f-14ae085ed6a5,2026-08-23T09:00:00Z,2026-08-23T11:00:00+0200,96.57,MW,FR,FR,forecast_offshore_wind_generation,Wind Offshore,2026-08-23T19:31:05Z
2026-08-23T19:28:52Z,2026-08-23T21:28:52+0200,4d5ff379-624b-468c-8e0f-14ae085ed6a5,2026-08-23T09:15:00Z,2026-08-23T11:15:00+0200,96.48,MW,FR,FR,forecast_offshore_wind_generation,Wind Offshore,2026-08-23T19:31:05Z
2026-08-23T19:28:52Z,2026-08-23T21:28:52+0200,4d5ff379-624b-468c-8e0f-14ae085ed6a5,2026-08-23T09:30:00Z,2026-08-23T11:30:00+0200,96.39,MW,FR,FR,forecast_offshore_wind_generation,Wind Offshore,2026-08-23T19:31:05Z
2026-08-23T19:28:52Z,2026-08-23T21:28:52+0200,4d5ff379-624b-468c-8e0f-14ae085ed6a5,2026-08-23T09:45:00Z,2026-08-23T11:45:00+0200,96.3,MW,FR,FR,forecast_offshore_wind_generation,Wind Offshore,2026-08-23T19:31:05Z
2026-08-23T19:28:52Z,2026-08-23T21:28:52+0200,4d5ff379-624b-468c-8e0f-14ae085ed6a5,2026-08-23T10:00:00Z,2026-08-23T12:00:00+0200,96.21,MW,FR,FR,forecast_offshore_wind_generation,Wind Offshore,2026-08-23T19:31:05Z
2026-08-23T19:28:52Z,2026-08-23T21:28:52+0200,4d5ff379-624b-468c-8e0f-14ae085ed6a5,2026-08-23T10:15:00Z,2026-08-23T12:15:00+0200,96.36,MW,FR,FR,forecast_offshore_wind_generation,Wind Offshore,2026-08-23T19:31:05Z
2026-08-23T19:28:52Z,2026-08-23T21:28:52+0200,4d5ff379-624b-468c-8e0f-14ae085ed6a5,2026-08-23T10:30:00Z,2026-08-23T12:30:00+0200,96.51,MW,FR,FR,forecast_offshore_wind_generation,Wind Offshore,2026-08-23T19:31:05Z
2026-08-23T19:28:52Z,2026-08-23T21:28:52+0200,4d5ff379-624b-468c-8e0f-14ae085ed6a5,2026-08-23T10:45:00Z,2026-08-23T12:45:00+0200,96.66,MW,FR,FR,forecast_offshore_wind_generation,Wind Offshore,2026-08-23T19:31:05Z
2026-08-23T19:28:52Z,2026-08-23T21:28:52+0200,4d5ff379-624b-468c-8e0f-14ae085ed6a5,2026-08-23T11:00:00Z,2026-08-23T13:00:00+0200,96.8,MW,FR,FR,forecast_offshore_wind_generation,Wind Offshore,2026-08-23T19:31:05Z
2026-08-23T19:28:52Z,2026-08-23T21:28:52+0200,4d5ff379-624b-468c-8e0f-14ae085ed6a5,2026-08-23T11:15:00Z,2026-08-23T13:15:00+0200,97.18,MW,FR,FR,forecast_offshore_wind_generation,Wind Offshore,2026-08-23T19:31:05Z
2026-08-23T19:28:52Z,2026-08-23T21:28:52+0200,4d5ff379-624b-468c-8e0f-14ae085ed6a5,2026-08-23T11:30:00Z,2026-08-23T13:30:00+0200,97.56,MW,FR,FR,forecast_offshore_wind_generation,Wind Offshore,2026-08-23T19:31:05Z
2026-08-23T19:28:52Z,2026-08-23T21:28:52+0200,4d5ff379-624b-468c-8e0f-14ae085ed6a5,2026-08-23T11:45:00Z,2026-08-23T13:45:00+0200,97.93,MW,FR,FR,forecast_offshore_wind_generation,Wind Offshore,2026-08-23T19:31:05Z
2026-08-23T19:28:52Z,2026-08-23T21:28:52+0200,4d5ff379-624b-468c-8e0f-14ae085ed6a5,2026-08-23T12:00:00Z,2026-08-23T14:00:00+0200,98.31,MW,FR,FR,forecast_offshore_wind_generation,Wind Offshore,2026-08-23T19:31:05Z
2026-08-23T19:28:52Z,2026-08-23T21:28:52+0200,4d5ff379-624b-468c-8e0f-14ae085ed6a5,2026-08-23T12:15:00Z,2026-08-23T14:15:00+0200,98.51,MW,FR,FR,forecast_offshore_wind_generation,Wind Offshore,2026-08-23T19:31:05Z
2026-08-23T19:28:52Z,2026-08-23T21:28:52+0200,4d5ff379-624b-468c-8e0f-14ae085ed6a5,2026-08-23T12:30:00Z,2026-08-23T14:30:00+0200,98.71,MW,FR,FR,forecast_offshore_wind_generation,Wind Offshore,2026-08-23T19:31:05Z
2026-08-23T19:28:52Z,2026-08-23T21:28:52+0200,4d5ff379-624b-468c-8e0f-14ae085ed6a5,2026-08-23T12:45:00Z,2026-08-23T14:45:00+0200,98.9,MW,FR,FR,forecast_offshore_wind_generation,Wind Offshore,2026-08-23T19:31:05Z
2026-08-23T19:28:52Z,2026-08-23T21:28:52+0200,4d5ff379-624b-468c-8e0f-14ae085ed6a5,2026-08-23T13:00:00Z,2026-08-23T15:00:00+0200,99.1,MW,FR,FR,forecast_offshore_wind_generation,Wind Offshore,2026-08-23T19:31:05Z
2026-08-23T19:28:52Z,2026-08-23T21:28:52+0200,4d5ff379-624b-468c-8e0f-14ae085ed6a5,2026-08-23T13:15:00Z,2026-08-23T15:15:00+0200,99.13,MW,FR,FR,forecast_offshore_wind_generation,Wind Offshore,2026-08-23T19:31:05Z
2026-08-23T19:28:52Z,2026-08-23T21:28:52+0200,4d5ff379-624b-468c-8e0f-14ae085ed6a5,2026-08-23T13:30:00Z,2026-08-23T15:30:00+0200,99.15,MW,FR,FR,forecast_offshore_wind_generation,Wind Offshore,2026-08-23T19:31:05Z
2026-08-23T19:28:52Z,2026-08-23T21:28:52+0200,4d5ff379-624b-468c-8e0f-14ae085ed6a5,2026-08-23T13:45:00Z,2026-08-23T15:45:00+0200,99.17,MW,FR,FR,forecast_offshore_wind_generation,Wind Offshore,2026-08-23T19:31:05Z
2026-08-23T19:28:52Z,2026-08-23T21:28:52+0200,4d5ff379-624b-468c-8e0f-14ae085ed6a5,2026-08-23T14:00:00Z,2026-08-23T16:00:00+0200,99.19,MW,FR,FR,forecast_offshore_wind_generation,Wind Offshore,2026-08-23T19:31:05Z
2026-08-23T19:28:52Z,2026-08-23T21:28:52+0200,4d5ff379-624b-468c-8e0f-14ae085ed6a5,2026-08-23T14:15:00Z,2026-08-23T16:15:00+0200,1031.93005,MW,FR,FR,forecast_offshore_wind_generation,Wind Offshore,2026-08-23T19:31:05Z
2026-08-23T19:28:52Z,2026-08-23T21:28:52+0200,4d5ff379-624b-468c-8e0f-14ae085ed6a5,2026-08-23T14:30:00Z,2026-08-23T16:30:00+0200,1059.88,MW,FR,FR,forecast_offshore_wind_generation,Wind Offshore,2026-08-23T19:31:05Z
2026-08-23T19:28:52Z,2026-08-23T21:28:52+0200,4d5ff379-624b-468c-8e0f-14ae085ed6a5,2026-08-23T14:45:00Z,2026-08-23T16:45:00+0200,1087.82007,MW,FR,FR,forecast_offshore_wind_generation,Wind Offshore,2026-08-23T19:31:05Z
2026-08-23T19:28:52Z,2026-08-23T21:28:52+0200,4d5ff379-624b-468c-8e0f-14ae085ed6a5,2026-08-23T15:00:00Z,2026-08-23T17:00:00+0200,1115.77002,MW,FR,FR,forecast_offshore_wind_generation,Wind Offshore,2026-08-23T19:31:05Z
2026-08-23T19:28:52Z,2026-08-23T21:28:52+0200,4d5ff379-624b-468c-8e0f-14ae085ed6a5,2026-08-23T15:15:00Z,2026-08-23T17:15:00+0200,1136.9801,MW,FR,FR,forecast_offshore_wind_generation,Wind Offshore,2026-08-23T19:31:05Z
2026-08-23T19:28:52Z,2026-08-23T21:28:52+0200,4d5ff379-624b-468c-8e0f-14ae085ed6a5,2026-08-23T15:30:00Z,2026-08-23T17:30:00+0200,1158.19006,MW,FR,FR,forecast_offshore_wind_generation,Wind Offshore,2026-08-23T19:31:05Z
2026-08-23T19:28:52Z,2026-08-23T21:28:52+0200,4d5ff379-624b-468c-8e0f-14ae085ed6a5,2026-08-23T15:45:00Z,2026-08-23T17:45:00+0200,1179.40002,MW,FR,FR,forecast_offshore_wind_generation,Wind Offshore,2026-08-23T19:31:05Z
2026-08-23T19:28:52Z,2026-08-23T21:28:52+0200,4d5ff379-624b-468c-8e0f-14ae085ed6a5,2026-08-23T16:00:00Z,2026-08-23T18:00:00+0200,1200.62,MW,FR,FR,forecast_offshore_wind_generation,Wind Offshore,2026-08-23T19:31:05Z
2026-08-23T19:28:52Z,2026-08-23T21:28:52+0200,4d5ff379-624b-468c-8e0f-14ae085ed6a5,2026-08-23T16:15:00Z,2026-08-23T18:15:00+0200,1219.61011,MW,FR,FR,forecast_offshore_wind_generation,Wind Offshore,2026-08-23T19:31:05Z
2026-08-23T19:28:52Z,2026-08-23T21:28:52+0200,4d5ff379-624b-468c-8e0f-14ae085ed6a5,2026-08-23T16:30:00Z,2026-08-23T18:30:00+0200,1238.57007,MW,FR,FR,forecast_offshore_wind_generation,Wind Offshore,2026-08-23T19:31:05Z
2026-08-23T19:28:52Z,2026-08-23T21:28:52+0200,4d5ff379-624b-468c-8e0f-14ae085ed6a5,2026-08-23T16:45:00Z,2026-08-23T18:45:00+0200,1257.58008,MW,FR,FR,forecast_offshore_wind_generation,Wind Offshore,2026-08-23T19:31:05Z
2026-08-23T19:28:52Z,2026-08-23T21:28:52+0200,4d5ff379-624b-468c-8e0f-14ae085ed6a5,2026-08-23T17:00:00Z,2026-08-23T19:00:00+0200,1276.56006,MW,FR,FR,forecast_offshore_wind_generation,Wind Offshore,2026-08-23T19:31:05Z
2026-08-23T19:28:52Z,2026-08-23T21:28:52+0200,4d5ff379-624b-468c-8e0f-14ae085ed6a5,2026-08-23T17:15:00Z,2026-08-23T19:15:00+0200,1290.21997,MW,FR,FR,forecast_offshore_wind_generation,Wind Offshore,2026-08-23T19:31:05Z
2026-08-23T19:28:52Z,2026-08-23T21:28:52+0200,4d5ff379-624b-468c-8e0f-14ae085ed6a5,2026-08-23T17:30:00Z,2026-08-23T19:30:00+0200,1303.92004,MW,FR,FR,forecast_offshore_wind_generation,Wind Offshore,2026-08-23T19:31:05Z
2026-08-23T19:28:52Z,2026-08-23T21:28:52+0200,4d5ff379-624b-468c-8e0f-14ae085ed6a5,2026-08-23T17:45:00Z,2026-08-23T19:45:00+0200,1317.60999,MW,FR,FR,forecast_offshore_wind_generation,Wind Offshore,2026-08-23T19:31:05Z
2026-08-23T19:28:52Z,2026-08-23T21:28:52+0200,4d5ff379-624b-468c-8e0f-14ae085ed6a5,2026-08-23T18:00:00Z,2026-08-23T20:00:00+0200,1331.29004,MW,FR,FR,forecast_offshore_wind_generation,Wind Offshore,2026-08-23T19:31:05Z
2026-08-23T19:28:52Z,2026-08-23T21:28:52+0200,4d5ff379-624b-468c-8e0f-14ae085ed6a5,2026-08-23T18:15:00Z,2026-08-23T20:15:00+0200,1329.47998,MW,FR,FR,forecast_offshore_wind_generation,Wind Offshore,2026-08-23T19:31:05Z
2026-08-23T19:28:52Z,2026-08-23T21:28:52+0200,4d5ff379-624b-468c-8e0f-14ae085ed6a5,2026-08-23T18:30:00Z,2026-08-23T20:30:00+0200,1327.65991,MW,FR,FR,forecast_offshore_wind_generation,Wind Offshore,2026-08-23T19:31:05Z
2026-08-23T19:28:52Z,2026-08-23T21:28:52+0200,4d5ff379-624b-468c-8e0f-14ae085ed6a5,2026-08-23T18:45:00Z,2026-08-23T20:45:00+0200,1325.83997,MW,FR,FR,forecast_offshore_wind_generation,Wind Offshore,2026-08-23T19:31:05Z
2026-08-23T19:28:52Z,2026-08-23T21:28:52+0200,4d5ff379-624b-468c-8e0f-14ae085ed6a5,2026-08-23T19:00:00Z,2026-08-23T21:00:00+0200,1324.00989,MW,FR,FR,forecast_offshore_wind_generation,Wind Offshore,2026-08-23T19:31:05Z
2026-08-23T19:28:52Z,2026-08-23T21:28:52+0200,4d5ff379-624b-468c-8e0f-14ae085ed6a5,2026-08-23T19:15:00Z,2026-08-23T21:15:00+0200,1338.32007,MW,FR,FR,forecast_offshore_wind_generation,Wind Offshore,2026-08-23T19:31:05Z
2026-08-23T19:28:52Z,2026-08-23T21:28:52+0200,4d5ff379-624b-468c-8e0f-14ae085ed6a5,2026-08-23T19:30:00Z,2026-08-23T21:30:00+0200,1352.60999,MW,FR,FR,forecast_offshore_wind_generation,Wind Offshore,2026-08-23T19:31:05Z
2026-08-23T19:28:52Z,2026-08-23T21:28:52+0200,4d5ff379-624b-468c-8e0f-14ae085ed6a5,2026-08-23T19:45:00Z,2026-08-23T21:45:00+0200,1366.90991,MW,FR,FR,forecast_offshore_wind_generation,Wind Offshore,2026-08-23T19:31:05Z
