collection_time_utc,collection_time_local,run_id,timestamp_utc,timestamp_local,value,unit,country,entsoe_area,variable,source,updated_at_utc
2026-08-27T00:55:09Z,2026-08-27T02:55:09+0200,9e257938-0a8b-4b8b-95d2-ab80972bdbbd,2026-07-27T01:00:00Z,2026-07-27T03:00:00+0200,0.083,MW,DE,DE_LU,actual_solar_generation,Solar,2026-08-27T00:57:27Z
2026-08-27T00:55:09Z,2026-08-27T02:55:09+0200,9e257938-0a8b-4b8b-95d2-ab80972bdbbd,2026-07-27T01:15:00Z,2026-07-27T03:15:00+0200,0.077,MW,DE,DE_LU,actual_solar_generation,Solar,2026-08-27T00:57:27Z
2026-08-27T00:55:09Z,2026-08-27T02:55:09+0200,9e257938-0a8b-4b8b-95d2-ab80972bdbbd,2026-07-27T01:30:00Z,2026-07-27T03:30:00+0200,0.07,MW,DE,DE_LU,actual_solar_generation,Solar,2026-08-27T00:57:27Z
2026-08-27T00:55:09Z,2026-08-27T02:55:09+0200,9e257938-0a8b-4b8b-95d2-ab80972bdbbd,2026-07-27T01:45:00Z,2026-07-27T03:45:00+0200,0.067,MW,DE,DE_LU,actual_solar_generation,Solar,2026-08-27T00:57:27Z
2026-08-27T00:55:09Z,2026-08-27T02:55:09+0200,9e257938-0a8b-4b8b-95d2-ab80972bdbbd,2026-07-27T02:00:00Z,2026-07-27T04:00:00+0200,0.073,MW,DE,DE_LU,actual_solar_generation,Solar,2026-08-27T00:57:27Z
2026-08-27T00:55:09Z,2026-08-27T02:55:09+0200,9e257938-0a8b-4b8b-95d2-ab80972bdbbd,2026-07-27T02:15:00Z,2026-07-27T04:15:00+0200,0.07,MW,DE,DE_LU,actual_solar_generation,Solar,2026-08-27T00:57:27Z
2026-08-27T00:55:09Z,2026-08-27T02:55:09+0200,9e257938-0a8b-4b8b-95d2-ab80972bdbbd,2026-07-27T02:30:00Z,2026-07-27T04:30:00+0200,0.066,MW,DE,DE_LU,actual_solar_generation,Solar,2026-08-27T00:57:27Z
2026-08-27T00:55:09Z,2026-08-27T02:55:09+0200,9e257938-0a8b-4b8b-95d2-ab80972bdbbd,2026-07-27T02:45:00Z,2026-07-27T04:45:00+0200,0.066,MW,DE,DE_LU,actual_solar_generation,Solar,2026-08-27T00:57:27Z
2026-08-27T00:55:09Z,2026-08-27T02:55:09+0200,9e257938-0a8b-4b8b-95d2-ab80972bdbbd,2026-07-27T03:00:00Z,2026-07-27T05:00:00+0200,0.422,MW,DE,DE_LU,actual_solar_generation,Solar,2026-08-27T00:57:27Z
2026-08-27T00:55:09Z,2026-08-27T02:55:09+0200,9e257938-0a8b-4b8b-95d2-ab80972bdbbd,2026-07-27T03:15:00Z,2026-07-27T05:15:00+0200,2.44,MW,DE,DE_LU,actual_solar_generation,Solar,2026-08-27T00:57:27Z
2026-08-27T00:55:09Z,2026-08-27T02:55:09+0200,9e257938-0a8b-4b8b-95d2-ab80972bdbbd,2026-07-27T03:30:00Z,2026-07-27T05:30:00+0200,27.04,MW,DE,DE_LU,actual_solar_generation,Solar,2026-08-27T00:57:27Z
2026-08-27T00:55:09Z,2026-08-27T02:55:09+0200,9e257938-0a8b-4b8b-95d2-ab80972bdbbd,2026-07-27T03:45:00Z,2026-07-27T05:45:00+0200,159.245,MW,DE,DE_LU,actual_solar_generation,Solar,2026-08-27T00:57:27Z
2026-08-27T00:55:09Z,2026-08-27T02:55:09+0200,9e257938-0a8b-4b8b-95d2-ab80972bdbbd,2026-07-27T04:00:00Z,2026-07-27T06:00:00+0200,551.756,MW,DE,DE_LU,actual_solar_generation,Solar,2026-08-27T00:57:27Z
2026-08-27T00:55:09Z,2026-08-27T02:55:09+0200,9e257938-0a8b-4b8b-95d2-ab80972bdbbd,2026-07-27T04:15:00Z,2026-07-27T06:15:00+0200,1178.923,MW,DE,DE_LU,actual_solar_generation,Solar,2026-08-27T00:57:27Z
2026-08-27T00:55:09Z,2026-08-27T02:55:09+0200,9e257938-0a8b-4b8b-95d2-ab80972bdbbd,2026-07-27T04:30:00Z,2026-07-27T06:30:00+0200,1985.058,MW,DE,DE_LU,actual_solar_generation,Solar,2026-08-27T00:57:27Z
2026-08-27T00:55:09Z,2026-08-27T02:55:09+0200,9e257938-0a8b-4b8b-95d2-ab80972bdbbd,2026-07-27T04:45:00Z,2026-07-27T06:45:00+0200,2941.745,MW,DE,DE_LU,actual_solar_generation,Solar,2026-08-27T00:57:27Z
2026-08-27T00:55:09Z,2026-08-27T02:55:09+0200,9e257938-0a8b-4b8b-95d2-ab80972bdbbd,2026-07-27T05:00:00Z,2026-07-27T07:00:00+0200,4111.882,MW,DE,DE_LU,actual_solar_generation,Solar,2026-08-27T00:57:27Z
2026-08-27T00:55:09Z,2026-08-27T02:55:09+0200,9e257938-0a8b-4b8b-95d2-ab80972bdbbd,2026-07-27T05:15:00Z,2026-07-27T07:15:00+0200,5502.667,MW,DE,DE_LU,actual_solar_generation,Solar,2026-08-27T00:57:27Z
2026-08-27T00:55:09Z,2026-08-27T02:55:09+0200,9e257938-0a8b-4b8b-95d2-ab80972bdbbd,2026-07-27T05:30:00Z,2026-07-27T07:30:00+0200,7203.925,MW,DE,DE_LU,actual_solar_generation,Solar,2026-08-27T00:57:27Z
2026-08-27T00:55:09Z,2026-08-27T02:55:09+0200,9e257938-0a8b-4b8b-95d2-ab80972bdbbd,2026-07-27T05:45:00Z,2026-07-27T07:45:00+0200,8955.809,MW,DE,DE_LU,actual_solar_generation,Solar,2026-08-27T00:57:27Z
2026-08-27T00:55:09Z,2026-08-27T02:55:09+0200,9e257938-0a8b-4b8b-95d2-ab80972bdbbd,2026-07-27T06:00:00Z,2026-07-27T08:00:00+0200,10611.218,MW,DE,DE_LU,actual_solar_generation,Solar,2026-08-27T00:57:27Z
2026-08-27T00:55:09Z,2026-08-27T02:55:09+0200,9e257938-0a8b-4b8b-95d2-ab80972bdbbd,2026-07-27T06:15:00Z,2026-07-27T08:15:00+0200,12479.976,MW,DE,DE_LU,actual_solar_generation,Solar,2026-08-27T00:57:27Z
2026-08-27T00:55:09Z,2026-08-27T02:55:09+0200,9e257938-0a8b-4b8b-95d2-ab80972bdbbd,2026-07-27T06:30:00Z,2026-07-27T08:30:00+0200,14222.003,MW,DE,DE_LU,actual_solar_generation,Solar,2026-08-27T00:57:27Z
2026-08-27T00:55:09Z,2026-08-27T02:55:09+0200,9e257938-0a8b-4b8b-95d2-ab80972bdbbd,2026-07-27T06:45:00Z,2026-07-27T08:45:00+0200,16272.736,MW,DE,DE_LU,actual_solar_generation,Solar,2026-08-27T00:57:27Z
2026-08-27T00:55:09Z,2026-08-27T02:55:09+0200,9e257938-0a8b-4b8b-95d2-ab80972bdbbd,2026-07-27T07:00:00Z,2026-07-27T09:00:00+0200,18508.58,MW,DE,DE_LU,actual_solar_generation,Solar,2026-08-27T00:57:27Z
2026-08-27T00:55:09Z,2026-08-27T02:55:09+0200,9e257938-0a8b-4b8b-95d2-ab80972bdbbd,2026-07-27T07:15:00Z,2026-07-27T09:15:00+0200,20694.91,MW,DE,DE_LU,actual_solar_generation,Solar,2026-08-27T00:57:27Z
2026-08-27T00:55:09Z,2026-08-27T02:55:09+0200,9e257938-0a8b-4b8b-95d2-ab80972bdbbd,2026-07-27T07:30:00Z,2026-07-27T09:30:00+0200,23088.943,MW,DE,DE_LU,actual_solar_generation,Solar,2026-08-27T00:57:27Z
2026-08-27T00:55:09Z,2026-08-27T02:55:09+0200,9e257938-0a8b-4b8b-95d2-ab80972bdbbd,2026-07-27T07:45:00Z,2026-07-27T09:45:00+0200,25002.661,MW,DE,DE_LU,actual_solar_generation,Solar,2026-08-27T00:57:27Z
2026-08-27T00:55:09Z,2026-08-27T02:55:09+0200,9e257938-0a8b-4b8b-95d2-ab80972bdbbd,2026-07-27T08:00:00Z,2026-07-27T10:00:00+0200,27157.528,MW,DE,DE_LU,actual_solar_generation,Solar,2026-08-27T00:57:27Z
2026-08-27T00:55:09Z,2026-08-27T02:55:09+0200,9e257938-0a8b-4b8b-95d2-ab80972bdbbd,2026-07-27T08:15:00Z,2026-07-27T10:15:00+0200,28950.784,MW,DE,DE_LU,actual_solar_generation,Solar,2026-08-27T00:57:27Z
2026-08-27T00:55:09Z,2026-08-27T02:55:09+0200,9e257938-0a8b-4b8b-95d2-ab80972bdbbd,2026-07-27T08:30:00Z,2026-07-27T10:30:00+0200,30592.728,MW,DE,DE_LU,actual_solar_generation,Solar,2026-08-27T00:57:27Z
2026-08-27T00:55:09Z,2026-08-27T02:55:09+0200,9e257938-0a8b-4b8b-95d2-ab80972bdbbd,2026-07-27T08:45:00Z,2026-07-27T10:45:00+0200,32179.257,MW,DE,DE_LU,actual_solar_generation,Solar,2026-08-27T00:57:27Z
2026-08-27T00:55:09Z,2026-08-27T02:55:09+0200,9e257938-0a8b-4b8b-95d2-ab80972bdbbd,2026-07-27T09:00:00Z,2026-07-27T11:00:00+0200,33208.659,MW,DE,DE_LU,actual_solar_generation,Solar,2026-08-27T00:57:27Z
2026-08-27T00:55:09Z,2026-08-27T02:55:09+0200,9e257938-0a8b-4b8b-95d2-ab80972bdbbd,2026-07-27T09:15:00Z,2026-07-27T11:15:00+0200,34213.97,MW,DE,DE_LU,actual_solar_generation,Solar,2026-08-27T00:57:27Z
2026-08-27T00:55:09Z,2026-08-27T02:55:09+0200,9e257938-0a8b-4b8b-95d2-ab80972bdbbd,2026-07-27T09:30:00Z,2026-07-27T11:30:00+0200,34946.186,MW,DE,DE_LU,actual_solar_generation,Solar,2026-08-27T00:57:27Z
2026-08-27T00:55:09Z,2026-08-27T02:55:09+0200,9e257938-0a8b-4b8b-95d2-ab80972bdbbd,2026-07-27T09:45:00Z,2026-07-27T11:45:00+0200,35754.06,MW,DE,DE_LU,actual_solar_generation,Solar,2026-08-27T00:57:27Z
2026-08-27T00:55:09Z,2026-08-27T02:55:09+0200,9e257938-0a8b-4b8b-95d2-ab80972bdbbd,2026-07-27T10:00:00Z,2026-07-27T12:00:00+0200,36367.929,MW,DE,DE_LU,actual_solar_generation,Solar,2026-08-27T00:57:27Z
2026-08-27T00:55:09Z,2026-08-27T02:55:09+0200,9e257938-0a8b-4b8b-95d2-ab80972bdbbd,2026-07-27T10:15:00Z,2026-07-27T12:15:00+0200,36540.058,MW,DE,DE_LU,actual_solar_generation,Solar,2026-08-27T00:57:27Z
2026-08-27T00:55:09Z,2026-08-27T02:55:09+0200,9e257938-0a8b-4b8b-95d2-ab80972bdbbd,2026-07-27T10:30:00Z,2026-07-27T12:30:00+0200,37045.719,MW,DE,DE_LU,actual_solar_generation,Solar,2026-08-27T00:57:27Z
2026-08-27T00:55:09Z,2026-08-27T02:55:09+0200,9e257938-0a8b-4b8b-95d2-ab80972bdbbd,2026-07-27T10:45:00Z,2026-07-27T12:45:00+0200,37038.882,MW,DE,DE_LU,actual_solar_generation,Solar,2026-08-27T00:57:27Z
2026-08-27T00:55:09Z,2026-08-27T02:55:09+0200,9e257938-0a8b-4b8b-95d2-ab80972bdbbd,2026-07-27T11:00:00Z,2026-07-27T13:00:00+0200,36843.85,MW,DE,DE_LU,actual_solar_generation,Solar,2026-08-27T00:57:27Z
2026-08-27T00:55:09Z,2026-08-27T02:55:09+0200,9e257938-0a8b-4b8b-95d2-ab80972bdbbd,2026-07-27T11:15:00Z,2026-07-27T13:15:00+0200,36560.423,MW,DE,DE_LU,actual_solar_generation,Solar,2026-08-27T00:57:27Z
2026-08-27T00:55:09Z,2026-08-27T02:55:09+0200,9e257938-0a8b-4b8b-95d2-ab80972bdbbd,2026-07-27T11:30:00Z,2026-07-27T13:30:00+0200,36399.586,MW,DE,DE_LU,actual_solar_generation,Solar,2026-08-27T00:57:27Z
2026-08-27T00:55:09Z,2026-08-27T02:55:09+0200,9e257938-0a8b-4b8b-95d2-ab80972bdbbd,2026-07-27T11:45:00Z,2026-07-27T13:45:00+0200,36319.684,MW,DE,DE_LU,actual_solar_generation,Solar,2026-08-27T00:57:27Z
2026-08-27T00:55:09Z,2026-08-27T02:55:09+0200,9e257938-0a8b-4b8b-95d2-ab80972bdbbd,2026-07-27T12:00:00Z,2026-07-27T14:00:00+0200,36137.273,MW,DE,DE_LU,actual_solar_generation,Solar,2026-08-27T00:57:27Z
2026-08-27T00:55:09Z,2026-08-27T02:55:09+0200,9e257938-0a8b-4b8b-95d2-ab80972bdbbd,2026-07-27T12:15:00Z,2026-07-27T14:15:00+0200,35516.97,MW,DE,DE_LU,actual_solar_generation,Solar,2026-08-27T00:57:27Z
2026-08-27T00:55:09Z,2026-08-27T02:55:09+0200,9e257938-0a8b-4b8b-95d2-ab80972bdbbd,2026-07-27T12:30:00Z,2026-07-27T14:30:00+0200,35092.886,MW,DE,DE_LU,actual_solar_generation,Solar,2026-08-27T00:57:27Z
2026-08-27T00:55:09Z,2026-08-27T02:55:09+0200,9e257938-0a8b-4b8b-95d2-ab80972bdbbd,2026-07-27T12:45:00Z,2026-07-27T14:45:00+0200,34593.399,MW,DE,DE_LU,actual_solar_generation,Solar,2026-08-27T00:57:27Z
2026-08-27T00:55:09Z,2026-08-27T02:55:09+0200,9e257938-0a8b-4b8b-95d2-ab80972bdbbd,2026-07-27T13:00:00Z,2026-07-27T15:00:00+0200,34225.551,MW,DE,DE_LU,actual_solar_generation,Solar,2026-08-27T00:57:27Z
2026-08-27T00:55:09Z,2026-08-27T02:55:09+0200,9e257938-0a8b-4b8b-95d2-ab80972bdbbd,2026-07-27T13:15:00Z,2026-07-27T15:15:00+0200,33706.224,MW,DE,DE_LU,actual_solar_generation,Solar,2026-08-27T00:57:27Z
2026-08-27T00:55:09Z,2026-08-27T02:55:09+0200,9e257938-0a8b-4b8b-95d2-ab80972bdbbd,2026-07-27T13:30:00Z,2026-07-27T15:30:00+0200,32472.821,MW,DE,DE_LU,actual_solar_generation,Solar,2026-08-27T00:57:27Z
2026-08-27T00:55:09Z,2026-08-27T02:55:09+0200,9e257938-0a8b-4b8b-95d2-ab80972bdbbd,2026-07-27T13:45:00Z,2026-07-27T15:45:00+0200,31443.249,MW,DE,DE_LU,actual_solar_generation,Solar,2026-08-27T00:57:27Z
2026-08-27T00:55:09Z,2026-08-27T02:55:09+0200,9e257938-0a8b-4b8b-95d2-ab80972bdbbd,2026-07-27T14:00:00Z,2026-07-27T16:00:00+0200,30674.479,MW,DE,DE_LU,actual_solar_generation,Solar,2026-08-27T00:57:27Z
2026-08-27T00:55:09Z,2026-08-27T02:55:09+0200,9e257938-0a8b-4b8b-95d2-ab80972bdbbd,2026-07-27T14:15:00Z,2026-07-27T16:15:00+0200,29529.097,MW,DE,DE_LU,actual_solar_generation,Solar,2026-08-27T00:57:27Z
2026-08-27T00:55:09Z,2026-08-27T02:55:09+0200,9e257938-0a8b-4b8b-95d2-ab80972bdbbd,2026-07-27T14:30:00Z,2026-07-27T16:30:00+0200,27894.695,MW,DE,DE_LU,actual_solar_generation,Solar,2026-08-27T00:57:27Z
2026-08-27T00:55:09Z,2026-08-27T02:55:09+0200,9e257938-0a8b-4b8b-95d2-ab80972bdbbd,2026-07-27T14:45:00Z,2026-07-27T16:45:00+0200,26634.237,MW,DE,DE_LU,actual_solar_generation,Solar,2026-08-27T00:57:27Z
2026-08-27T00:55:09Z,2026-08-27T02:55:09+0200,9e257938-0a8b-4b8b-95d2-ab80972bdbbd,2026-07-27T15:00:00Z,2026-07-27T17:00:00+0200,24979.027,MW,DE,DE_LU,actual_solar_generation,Solar,2026-08-27T00:57:27Z
2026-08-27T00:55:09Z,2026-08-27T02:55:09+0200,9e257938-0a8b-4b8b-95d2-ab80972bdbbd,2026-07-27T15:15:00Z,2026-07-27T17:15:00+0200,23353.539,MW,DE,DE_LU,actual_solar_generation,Solar,2026-08-27T00:57:27Z
2026-08-27T00:55:09Z,2026-08-27T02:55:09+0200,9e257938-0a8b-4b8b-95d2-ab80972bdbbd,2026-07-27T15:30:00Z,2026-07-27T17:30:00+0200,21340.849,MW,DE,DE_LU,actual_solar_generation,Solar,2026-08-27T00:57:27Z
2026-08-27T00:55:09Z,2026-08-27T02:55:09+0200,9e257938-0a8b-4b8b-95d2-ab80972bdbbd,2026-07-27T15:45:00Z,2026-07-27T17:45:00+0200,19835.468,MW,DE,DE_LU,actual_solar_generation,Solar,2026-08-27T00:57:27Z
2026-08-27T00:55:09Z,2026-08-27T02:55:09+0200,9e257938-0a8b-4b8b-95d2-ab80972bdbbd,2026-07-27T16:00:00Z,2026-07-27T18:00:00+0200,17949.01,MW,DE,DE_LU,actual_solar_generation,Solar,2026-08-27T00:57:27Z
2026-08-27T00:55:09Z,2026-08-27T02:55:09+0200,9e257938-0a8b-4b8b-95d2-ab80972bdbbd,2026-07-27T16:15:00Z,2026-07-27T18:15:00+0200,15897.925,MW,DE,DE_LU,actual_solar_generation,Solar,2026-08-27T00:57:27Z
2026-08-27T00:55:09Z,2026-08-27T02:55:09+0200,9e257938-0a8b-4b8b-95d2-ab80972bdbbd,2026-07-27T16:30:00Z,2026-07-27T18:30:00+0200,13680.234,MW,DE,DE_LU,actual_solar_generation,Solar,2026-08-27T00:57:27Z
2026-08-27T00:55:09Z,2026-08-27T02:55:09+0200,9e257938-0a8b-4b8b-95d2-ab80972bdbbd,2026-07-27T16:45:00Z,2026-07-27T18:45:00+0200,11555.992,MW,DE,DE_LU,actual_solar_generation,Solar,2026-08-27T00:57:27Z
2026-08-27T00:55:09Z,2026-08-27T02:55:09+0200,9e257938-0a8b-4b8b-95d2-ab80972bdbbd,2026-07-27T17:00:00Z,2026-07-27T19:00:00+0200,9590.766,MW,DE,DE_LU,actual_solar_generation,Solar,2026-08-27T00:57:27Z
2026-08-27T00:55:09Z,2026-08-27T02:55:09+0200,9e257938-0a8b-4b8b-95d2-ab80972bdbbd,2026-07-27T17:15:00Z,2026-07-27T19:15:00+0200,7726.281,MW,DE,DE_LU,actual_solar_generation,Solar,2026-08-27T00:57:27Z
2026-08-27T00:55:09Z,2026-08-27T02:55:09+0200,9e257938-0a8b-4b8b-95d2-ab80972bdbbd,2026-07-27T17:30:00Z,2026-07-27T19:30:00+0200,5963.573,MW,DE,DE_LU,actual_solar_generation,Solar,2026-08-27T00:57:27Z
2026-08-27T00:55:09Z,2026-08-27T02:55:09+0200,9e257938-0a8b-4b8b-95d2-ab80972bdbbd,2026-07-27T17:45:00Z,2026-07-27T19:45:00+0200,4352.697,MW,DE,DE_LU,actual_solar_generation,Solar,2026-08-27T00:57:27Z
2026-08-27T00:55:09Z,2026-08-27T02:55:09+0200,9e257938-0a8b-4b8b-95d2-ab80972bdbbd,2026-07-27T18:00:00Z,2026-07-27T20:00:00+0200,2977.213,MW,DE,DE_LU,actual_solar_generation,Solar,2026-08-27T00:57:27Z
2026-08-27T00:55:09Z,2026-08-27T02:55:09+0200,9e257938-0a8b-4b8b-95d2-ab80972bdbbd,2026-07-27T18:15:00Z,2026-07-27T20:15:00+0200,1879.504,MW,DE,DE_LU,actual_solar_generation,Solar,2026-08-27T00:57:27Z
2026-08-27T00:55:09Z,2026-08-27T02:55:09+0200,9e257938-0a8b-4b8b-95d2-ab80972bdbbd,2026-07-27T18:30:00Z,2026-07-27T20:30:00+0200,1027.373,MW,DE,DE_LU,actual_solar_generation,Solar,2026-08-27T00:57:27Z
2026-08-27T00:55:09Z,2026-08-27T02:55:09+0200,9e257938-0a8b-4b8b-95d2-ab80972bdbbd,2026-07-27T18:45:00Z,2026-07-27T20:45:00+0200,437.507,MW,DE,DE_LU,actual_solar_generation,Solar,2026-08-27T00:57:27Z
2026-08-27T00:55:09Z,2026-08-27T02:55:09+0200,9e257938-0a8b-4b8b-95d2-ab80972bdbbd,2026-07-27T19:00:00Z,2026-07-27T21:00:00+0200,132.766,MW,DE,DE_LU,actual_solar_generation,Solar,2026-08-27T00:57:27Z
2026-08-27T00:55:09Z,2026-08-27T02:55:09+0200,9e257938-0a8b-4b8b-95d2-ab80972bdbbd,2026-07-27T19:15:00Z,2026-07-27T21:15:00+0200,24.351,MW,DE,DE_LU,actual_solar_generation,Solar,2026-08-27T00:57:27Z
2026-08-27T00:55:09Z,2026-08-27T02:55:09+0200,9e257938-0a8b-4b8b-95d2-ab80972bdbbd,2026-07-27T19:30:00Z,2026-07-27T21:30:00+0200,2.177,MW,DE,DE_LU,actual_solar_generation,Solar,2026-08-27T00:57:27Z
2026-08-27T00:55:09Z,2026-08-27T02:55:09+0200,9e257938-0a8b-4b8b-95d2-ab80972bdbbd,2026-07-27T19:45:00Z,2026-07-27T21:45:00+0200,0.626,MW,DE,DE_LU,actual_solar_generation,Solar,2026-08-27T00:57:27Z
2026-08-27T00:55:09Z,2026-08-27T02:55:09+0200,9e257938-0a8b-4b8b-95d2-ab80972bdbbd,2026-07-27T20:00:00Z,2026-07-27T22:00:00+0200,0.28,MW,DE,DE_LU,actual_solar_generation,Solar,2026-08-27T00:57:27Z
2026-08-27T00:55:09Z,2026-08-27T02:55:09+0200,9e257938-0a8b-4b8b-95d2-ab80972bdbbd,2026-07-27T20:15:00Z,2026-07-27T22:15:00+0200,0.245,MW,DE,DE_LU,actual_solar_generation,Solar,2026-08-27T00:57:27Z
2026-08-27T00:55:09Z,2026-08-27T02:55:09+0200,9e257938-0a8b-4b8b-95d2-ab80972bdbbd,2026-07-27T20:30:00Z,2026-07-27T22:30:00+0200,0.237,MW,DE,DE_LU,actual_solar_generation,Solar,2026-08-27T00:57:27Z
2026-08-27T00:55:09Z,2026-08-27T02:55:09+0200,9e257938-0a8b-4b8b-95d2-ab80972bdbbd,2026-07-27T20:45:00Z,2026-07-27T22:45:00+0200,0.211,MW,DE,DE_LU,actual_solar_generation,Solar,2026-08-27T00:57:27Z
2026-08-27T00:55:09Z,2026-08-27T02:55:09+0200,9e257938-0a8b-4b8b-95d2-ab80972bdbbd,2026-07-27T21:00:00Z,2026-07-27T23:00:00+0200,0.213,MW,DE,DE_LU,actual_solar_generation,Solar,2026-08-27T00:57:27Z
2026-08-27T00:55:09Z,2026-08-27T02:55:09+0200,9e257938-0a8b-4b8b-95d2-ab80972bdbbd,2026-07-27T21:15:00Z,2026-07-27T23:15:00+0200,0.194,MW,DE,DE_LU,actual_solar_generation,Solar,2026-08-27T00:57:27Z
2026-08-27T00:55:09Z,2026-08-27T02:55:09+0200,9e257938-0a8b-4b8b-95d2-ab80972bdbbd,2026-07-27T21:30:00Z,2026-07-27T23:30:00+0200,0.168,MW,DE,DE_LU,actual_solar_generation,Solar,2026-08-27T00:57:27Z
2026-08-27T00:55:09Z,2026-08-27T02:55:09+0200,9e257938-0a8b-4b8b-95d2-ab80972bdbbd,2026-07-27T21:45:00Z,2026-07-27T23:45:00+0200,0.162,MW,DE,DE_LU,actual_solar_generation,Solar,2026-08-27T00:57:27Z
2026-08-27T00:55:09Z,2026-08-27T02:55:09+0200,9e257938-0a8b-4b8b-95d2-ab80972bdbbd,2026-07-27T22:00:00Z,2026-07-28T00:00:00+0200,0.179,MW,DE,DE_LU,actual_solar_generation,Solar,2026-08-27T00:57:27Z
2026-08-27T00:55:09Z,2026-08-27T02:55:09+0200,9e257938-0a8b-4b8b-95d2-ab80972bdbbd,2026-07-27T22:15:00Z,2026-07-28T00:15:00+0200,0.151,MW,DE,DE_LU,actual_solar_generation,Solar,2026-08-27T00:57:27Z
2026-08-27T00:55:09Z,2026-08-27T02:55:09+0200,9e257938-0a8b-4b8b-95d2-ab80972bdbbd,2026-07-27T22:30:00Z,2026-07-28T00:30:00+0200,0.132,MW,DE,DE_LU,actual_solar_generation,Solar,2026-08-27T00:57:27Z
2026-08-27T00:55:09Z,2026-08-27T02:55:09+0200,9e257938-0a8b-4b8b-95d2-ab80972bdbbd,2026-07-27T22:45:00Z,2026-07-28T00:45:00+0200,0.096,MW,DE,DE_LU,actual_solar_generation,Solar,2026-08-27T00:57:27Z
2026-08-27T00:55:09Z,2026-08-27T02:55:09+0200,9e257938-0a8b-4b8b-95d2-ab80972bdbbd,2026-07-27T23:00:00Z,2026-07-28T01:00:00+0200,0.107,MW,DE,DE_LU,actual_solar_generation,Solar,2026-08-27T00:57:27Z
2026-08-27T00:55:09Z,2026-08-27T02:55:09+0200,9e257938-0a8b-4b8b-95d2-ab80972bdbbd,2026-07-27T23:15:00Z,2026-07-28T01:15:00+0200,0.101,MW,DE,DE_LU,actual_solar_generation,Solar,2026-08-27T00:57:27Z
2026-08-27T00:55:09Z,2026-08-27T02:55:09+0200,9e257938-0a8b-4b8b-95d2-ab80972bdbbd,2026-07-27T23:30:00Z,2026-07-28T01:30:00+0200,0.096,MW,DE,DE_LU,actual_solar_generation,Solar,2026-08-27T00:57:27Z
2026-08-27T00:55:09Z,2026-08-27T02:55:09+0200,9e257938-0a8b-4b8b-95d2-ab80972bdbbd,2026-07-27T23:45:00Z,2026-07-28T01:45:00+0200,0.101,MW,DE,DE_LU,actual_solar_generation,Solar,2026-08-27T00:57:27Z
2026-08-27T00:55:09Z,2026-08-27T02:55:09+0200,9e257938-0a8b-4b8b-95d2-ab80972bdbbd,2026-07-28T00:00:00Z,2026-07-28T02:00:00+0200,0.098,MW,DE,DE_LU,actual_solar_generation,Solar,2026-08-27T00:57:27Z
2026-08-27T00:55:09Z,2026-08-27T02:55:09+0200,9e257938-0a8b-4b8b-95d2-ab80972bdbbd,2026-07-28T00:15:00Z,2026-07-28T02:15:00+0200,0.097,MW,DE,DE_LU,actual_solar_generation,Solar,2026-08-27T00:57:27Z
2026-08-27T00:55:09Z,2026-08-27T02:55:09+0200,9e257938-0a8b-4b8b-95d2-ab80972bdbbd,2026-07-28T00:30:00Z,2026-07-28T02:30:00+0200,0.083,MW,DE,DE_LU,actual_solar_generation,Solar,2026-08-27T00:57:27Z
2026-08-27T00:55:09Z,2026-08-27T02:55:09+0200,9e257938-0a8b-4b8b-95d2-ab80972bdbbd,2026-07-28T00:45:00Z,2026-07-28T02:45:00+0200,0.089,MW,DE,DE_LU,actual_solar_generation,Solar,2026-08-27T00:57:27Z
2026-08-27T00:55:09Z,2026-08-27T02:55:09+0200,9e257938-0a8b-4b8b-95d2-ab80972bdbbd,2026-07-28T01:00:00Z,2026-07-28T03:00:00+0200,0.084,MW,DE,DE_LU,actual_solar_generation,Solar,2026-08-27T00:57:27Z
2026-08-27T00:55:09Z,2026-08-27T02:55:09+0200,9e257938-0a8b-4b8b-95d2-ab80972bdbbd,2026-07-28T01:15:00Z,2026-07-28T03:15:00+0200,0.083,MW,DE,DE_LU,actual_solar_generation,Solar,2026-08-27T00:57:27Z
2026-08-27T00:55:09Z,2026-08-27T02:55:09+0200,9e257938-0a8b-4b8b-95d2-ab80972bdbbd,2026-07-28T01:30:00Z,2026-07-28T03:30:00+0200,0.08,MW,DE,DE_LU,actual_solar_generation,Solar,2026-08-27T00:57:27Z
2026-08-27T00:55:09Z,2026-08-27T02:55:09+0200,9e257938-0a8b-4b8b-95d2-ab80972bdbbd,2026-07-28T01:45:00Z,2026-07-28T03:45:00+0200,0.074,MW,DE,DE_LU,actual_solar_generation,Solar,2026-08-27T00:57:27Z
2026-08-27T00:55:09Z,2026-08-27T02:55:09+0200,9e257938-0a8b-4b8b-95d2-ab80972bdbbd,2026-07-28T02:00:00Z,2026-07-28T04:00:00+0200,0.079,MW,DE,DE_LU,actual_solar_generation,Solar,2026-08-27T00:57:27Z
2026-08-27T00:55:09Z,2026-08-27T02:55:09+0200,9e257938-0a8b-4b8b-95d2-ab80972bdbbd,2026-07-28T02:15:00Z,2026-07-28T04:15:00+0200,0.077,MW,DE,DE_LU,actual_solar_generation,Solar,2026-08-27T00:57:27Z
2026-08-27T00:55:09Z,2026-08-27T02:55:09+0200,9e257938-0a8b-4b8b-95d2-ab80972bdbbd,2026-07-28T02:30:00Z,2026-07-28T04:30:00+0200,0.079,MW,DE,DE_LU,actual_solar_generation,Solar,2026-08-27T00:57:27Z
2026-08-27T00:55:09Z,2026-08-27T02:55:09+0200,9e257938-0a8b-4b8b-95d2-ab80972bdbbd,2026-07-28T02:45:00Z,2026-07-28T04:45:00+0200,0.078,MW,DE,DE_LU,actual_solar_generation,Solar,2026-08-27T00:57:27Z
2026-08-27T00:55:09Z,2026-08-27T02:55:09+0200,9e257938-0a8b-4b8b-95d2-ab80972bdbbd,2026-07-28T03:00:00Z,2026-07-28T05:00:00+0200,0.982,MW,DE,DE_LU,actual_solar_generation,Solar,2026-08-27T00:57:27Z
2026-08-27T00:55:09Z,2026-08-27T02:55:09+0200,9e257938-0a8b-4b8b-95d2-ab80972bdbbd,2026-07-28T03:15:00Z,2026-07-28T05:15:00+0200,10.699,MW,DE,DE_LU,actual_solar_generation,Solar,2026-08-27T00:57:27Z
2026-08-27T00:55:09Z,2026-08-27T02:55:09+0200,9e257938-0a8b-4b8b-95d2-ab80972bdbbd,2026-07-28T03:30:00Z,2026-07-28T05:30:00+0200,70.282,MW,DE,DE_LU,actual_solar_generation,Solar,2026-08-27T00:57:27Z
2026-08-27T00:55:09Z,2026-08-27T02:55:09+0200,9e257938-0a8b-4b8b-95d2-ab80972bdbbd,2026-07-28T03:45:00Z,2026-07-28T05:45:00+0200,305.275,MW,DE,DE_LU,actual_solar_generation,Solar,2026-08-27T00:57:27Z
2026-08-27T00:55:09Z,2026-08-27T02:55:09+0200,9e257938-0a8b-4b8b-95d2-ab80972bdbbd,2026-07-28T04:00:00Z,2026-07-28T06:00:00+0200,1020.162,MW,DE,DE_LU,actual_solar_generation,Solar,2026-08-27T00:57:27Z
2026-08-27T00:55:09Z,2026-08-27T02:55:09+0200,9e257938-0a8b-4b8b-95d2-ab80972bdbbd,2026-07-28T04:15:00Z,2026-07-28T06:15:00+0200,2063.073,MW,DE,DE_LU,actual_solar_generation,Solar,2026-08-27T00:57:27Z
2026-08-27T00:55:09Z,2026-08-27T02:55:09+0200,9e257938-0a8b-4b8b-95d2-ab80972bdbbd,2026-07-28T04:30:00Z,2026-07-28T06:30:00+0200,3365.174,MW,DE,DE_LU,actual_solar_generation,Solar,2026-08-27T00:57:27Z
2026-08-27T00:55:09Z,2026-08-27T02:55:09+0200,9e257938-0a8b-4b8b-95d2-ab80972bdbbd,2026-07-28T04:45:00Z,2026-07-28T06:45:00+0200,4978.345,MW,DE,DE_LU,actual_solar_generation,Solar,2026-08-27T00:57:27Z
2026-08-27T00:55:09Z,2026-08-27T02:55:09+0200,9e257938-0a8b-4b8b-95d2-ab80972bdbbd,2026-07-28T05:00:00Z,2026-07-28T07:00:00+0200,7057.344,MW,DE,DE_LU,actual_solar_generation,Solar,2026-08-27T00:57:27Z
2026-08-27T00:55:09Z,2026-08-27T02:55:09+0200,9e257938-0a8b-4b8b-95d2-ab80972bdbbd,2026-07-28T05:15:00Z,2026-07-28T07:15:00+0200,9395.137,MW,DE,DE_LU,actual_solar_generation,Solar,2026-08-27T00:57:27Z
2026-08-27T00:55:09Z,2026-08-27T02:55:09+0200,9e257938-0a8b-4b8b-95d2-ab80972bdbbd,2026-07-28T05:30:00Z,2026-07-28T07:30:00+0200,12148.201,MW,DE,DE_LU,actual_solar_generation,Solar,2026-08-27T00:57:27Z
2026-08-27T00:55:09Z,2026-08-27T02:55:09+0200,9e257938-0a8b-4b8b-95d2-ab80972bdbbd,2026-07-28T05:45:00Z,2026-07-28T07:45:00+0200,15158.322,MW,DE,DE_LU,actual_solar_generation,Solar,2026-08-27T00:57:27Z
2026-08-27T00:55:09Z,2026-08-27T02:55:09+0200,9e257938-0a8b-4b8b-95d2-ab80972bdbbd,2026-07-28T06:00:00Z,2026-07-28T08:00:00+0200,18306.322,MW,DE,DE_LU,actual_solar_generation,Solar,2026-08-27T00:57:27Z
2026-08-27T00:55:09Z,2026-08-27T02:55:09+0200,9e257938-0a8b-4b8b-95d2-ab80972bdbbd,2026-07-28T06:15:00Z,2026-07-28T08:15:00+0200,21464.605,MW,DE,DE_LU,actual_solar_generation,Solar,2026-08-27T00:57:27Z
2026-08-27T00:55:09Z,2026-08-27T02:55:09+0200,9e257938-0a8b-4b8b-95d2-ab80972bdbbd,2026-07-28T06:30:00Z,2026-07-28T08:30:00+0200,24756.431,MW,DE,DE_LU,actual_solar_generation,Solar,2026-08-27T00:57:27Z
2026-08-27T00:55:09Z,2026-08-27T02:55:09+0200,9e257938-0a8b-4b8b-95d2-ab80972bdbbd,2026-07-28T06:45:00Z,2026-07-28T08:45:00+0200,27971.682,MW,DE,DE_LU,actual_solar_generation,Solar,2026-08-27T00:57:27Z
2026-08-27T00:55:09Z,2026-08-27T02:55:09+0200,9e257938-0a8b-4b8b-95d2-ab80972bdbbd,2026-07-28T07:00:00Z,2026-07-28T09:00:00+0200,31148.1,MW,DE,DE_LU,actual_solar_generation,Solar,2026-08-27T00:57:27Z
2026-08-27T00:55:09Z,2026-08-27T02:55:09+0200,9e257938-0a8b-4b8b-95d2-ab80972bdbbd,2026-07-28T07:15:00Z,2026-07-28T09:15:00+0200,34112.105,MW,DE,DE_LU,actual_solar_generation,Solar,2026-08-27T00:57:27Z
2026-08-27T00:55:09Z,2026-08-27T02:55:09+0200,9e257938-0a8b-4b8b-95d2-ab80972bdbbd,2026-07-28T07:30:00Z,2026-07-28T09:30:00+0200,36782.481,MW,DE,DE_LU,actual_solar_generation,Solar,2026-08-27T00:57:27Z
2026-08-27T00:55:09Z,2026-08-27T02:55:09+0200,9e257938-0a8b-4b8b-95d2-ab80972bdbbd,2026-07-28T07:45:00Z,2026-07-28T09:45:00+0200,39184.105,MW,DE,DE_LU,actual_solar_generation,Solar,2026-08-27T00:57:27Z
2026-08-27T00:55:09Z,2026-08-27T02:55:09+0200,9e257938-0a8b-4b8b-95d2-ab80972bdbbd,2026-07-28T08:00:00Z,2026-07-28T10:00:00+0200,41025.147,MW,DE,DE_LU,actual_solar_generation,Solar,2026-08-27T00:57:27Z
2026-08-27T00:55:09Z,2026-08-27T02:55:09+0200,9e257938-0a8b-4b8b-95d2-ab80972bdbbd,2026-07-28T08:15:00Z,2026-07-28T10:15:00+0200,42869.016,MW,DE,DE_LU,actual_solar_generation,Solar,2026-08-27T00:57:27Z
2026-08-27T00:55:09Z,2026-08-27T02:55:09+0200,9e257938-0a8b-4b8b-95d2-ab80972bdbbd,2026-07-28T08:30:00Z,2026-07-28T10:30:00+0200,44807.694,MW,DE,DE_LU,actual_solar_generation,Solar,2026-08-27T00:57:27Z
2026-08-27T00:55:09Z,2026-08-27T02:55:09+0200,9e257938-0a8b-4b8b-95d2-ab80972bdbbd,2026-07-28T08:45:00Z,2026-07-28T10:45:00+0200,46294.505,MW,DE,DE_LU,actual_solar_generation,Solar,2026-08-27T00:57:27Z
2026-08-27T00:55:09Z,2026-08-27T02:55:09+0200,9e257938-0a8b-4b8b-95d2-ab80972bdbbd,2026-07-28T09:00:00Z,2026-07-28T11:00:00+0200,47703.863,MW,DE,DE_LU,actual_solar_generation,Solar,2026-08-27T00:57:27Z
2026-08-27T00:55:09Z,2026-08-27T02:55:09+0200,9e257938-0a8b-4b8b-95d2-ab80972bdbbd,2026-07-28T09:15:00Z,2026-07-28T11:15:00+0200,48726.767,MW,DE,DE_LU,actual_solar_generation,Solar,2026-08-27T00:57:27Z
2026-08-27T00:55:09Z,2026-08-27T02:55:09+0200,9e257938-0a8b-4b8b-95d2-ab80972bdbbd,2026-07-28T09:30:00Z,2026-07-28T11:30:00+0200,50163.197,MW,DE,DE_LU,actual_solar_generation,Solar,2026-08-27T00:57:27Z
2026-08-27T00:55:09Z,2026-08-27T02:55:09+0200,9e257938-0a8b-4b8b-95d2-ab80972bdbbd,2026-07-28T09:45:00Z,2026-07-28T11:45:00+0200,50691.659,MW,DE,DE_LU,actual_solar_generation,Solar,2026-08-27T00:57:27Z
2026-08-27T00:55:09Z,2026-08-27T02:55:09+0200,9e257938-0a8b-4b8b-95d2-ab80972bdbbd,2026-07-28T10:00:00Z,2026-07-28T12:00:00+0200,49435.522,MW,DE,DE_LU,actual_solar_generation,Solar,2026-08-27T00:57:27Z
2026-08-27T00:55:09Z,2026-08-27T02:55:09+0200,9e257938-0a8b-4b8b-95d2-ab80972bdbbd,2026-07-28T10:15:00Z,2026-07-28T12:15:00+0200,49613.147,MW,DE,DE_LU,actual_solar_generation,Solar,2026-08-27T00:57:27Z
2026-08-27T00:55:09Z,2026-08-27T02:55:09+0200,9e257938-0a8b-4b8b-95d2-ab80972bdbbd,2026-07-28T10:30:00Z,2026-07-28T12:30:00+0200,49531.279,MW,DE,DE_LU,actual_solar_generation,Solar,2026-08-27T00:57:27Z
2026-08-27T00:55:09Z,2026-08-27T02:55:09+0200,9e257938-0a8b-4b8b-95d2-ab80972bdbbd,2026-07-28T10:45:00Z,2026-07-28T12:45:00+0200,49632.304,MW,DE,DE_LU,actual_solar_generation,Solar,2026-08-27T00:57:27Z
2026-08-27T00:55:09Z,2026-08-27T02:55:09+0200,9e257938-0a8b-4b8b-95d2-ab80972bdbbd,2026-07-28T11:00:00Z,2026-07-28T13:00:00+0200,50066.804,MW,DE,DE_LU,actual_solar_generation,Solar,2026-08-27T00:57:27Z
2026-08-27T00:55:09Z,2026-08-27T02:55:09+0200,9e257938-0a8b-4b8b-95d2-ab80972bdbbd,2026-07-28T11:15:00Z,2026-07-28T13:15:00+0200,50240.435,MW,DE,DE_LU,actual_solar_generation,Solar,2026-08-27T00:57:27Z
2026-08-27T00:55:09Z,2026-08-27T02:55:09+0200,9e257938-0a8b-4b8b-95d2-ab80972bdbbd,2026-07-28T11:30:00Z,2026-07-28T13:30:00+0200,50132.937,MW,DE,DE_LU,actual_solar_generation,Solar,2026-08-27T00:57:27Z
2026-08-27T00:55:09Z,2026-08-27T02:55:09+0200,9e257938-0a8b-4b8b-95d2-ab80972bdbbd,2026-07-28T11:45:00Z,2026-07-28T13:45:00+0200,49991.159,MW,DE,DE_LU,actual_solar_generation,Solar,2026-08-27T00:57:27Z
2026-08-27T00:55:09Z,2026-08-27T02:55:09+0200,9e257938-0a8b-4b8b-95d2-ab80972bdbbd,2026-07-28T12:00:00Z,2026-07-28T14:00:00+0200,49769.241,MW,DE,DE_LU,actual_solar_generation,Solar,2026-08-27T00:57:27Z
2026-08-27T00:55:09Z,2026-08-27T02:55:09+0200,9e257938-0a8b-4b8b-95d2-ab80972bdbbd,2026-07-28T12:15:00Z,2026-07-28T14:15:00+0200,49156.132,MW,DE,DE_LU,actual_solar_generation,Solar,2026-08-27T00:57:27Z
2026-08-27T00:55:09Z,2026-08-27T02:55:09+0200,9e257938-0a8b-4b8b-95d2-ab80972bdbbd,2026-07-28T12:30:00Z,2026-07-28T14:30:00+0200,49688.606,MW,DE,DE_LU,actual_solar_generation,Solar,2026-08-27T00:57:27Z
2026-08-27T00:55:09Z,2026-08-27T02:55:09+0200,9e257938-0a8b-4b8b-95d2-ab80972bdbbd,2026-07-28T12:45:00Z,2026-07-28T14:45:00+0200,49159.391,MW,DE,DE_LU,actual_solar_generation,Solar,2026-08-27T00:57:27Z
2026-08-27T00:55:09Z,2026-08-27T02:55:09+0200,9e257938-0a8b-4b8b-95d2-ab80972bdbbd,2026-07-28T13:00:00Z,2026-07-28T15:00:00+0200,48981.963,MW,DE,DE_LU,actual_solar_generation,Solar,2026-08-27T00:57:27Z
2026-08-27T00:55:09Z,2026-08-27T02:55:09+0200,9e257938-0a8b-4b8b-95d2-ab80972bdbbd,2026-07-28T13:15:00Z,2026-07-28T15:15:00+0200,48009.851,MW,DE,DE_LU,actual_solar_generation,Solar,2026-08-27T00:57:27Z
2026-08-27T00:55:09Z,2026-08-27T02:55:09+0200,9e257938-0a8b-4b8b-95d2-ab80972bdbbd,2026-07-28T13:30:00Z,2026-07-28T15:30:00+0200,46764.41,MW,DE,DE_LU,actual_solar_generation,Solar,2026-08-27T00:57:27Z
2026-08-27T00:55:09Z,2026-08-27T02:55:09+0200,9e257938-0a8b-4b8b-95d2-ab80972bdbbd,2026-07-28T13:45:00Z,2026-07-28T15:45:00+0200,45133.283,MW,DE,DE_LU,actual_solar_generation,Solar,2026-08-27T00:57:27Z
2026-08-27T00:55:09Z,2026-08-27T02:55:09+0200,9e257938-0a8b-4b8b-95d2-ab80972bdbbd,2026-07-28T14:00:00Z,2026-07-28T16:00:00+0200,44469.75,MW,DE,DE_LU,actual_solar_generation,Solar,2026-08-27T00:57:27Z
2026-08-27T00:55:09Z,2026-08-27T02:55:09+0200,9e257938-0a8b-4b8b-95d2-ab80972bdbbd,2026-07-28T14:15:00Z,2026-07-28T16:15:00+0200,42595.149,MW,DE,DE_LU,actual_solar_generation,Solar,2026-08-27T00:57:27Z
2026-08-27T00:55:09Z,2026-08-27T02:55:09+0200,9e257938-0a8b-4b8b-95d2-ab80972bdbbd,2026-07-28T14:30:00Z,2026-07-28T16:30:00+0200,41382.979,MW,DE,DE_LU,actual_solar_generation,Solar,2026-08-27T00:57:27Z
2026-08-27T00:55:09Z,2026-08-27T02:55:09+0200,9e257938-0a8b-4b8b-95d2-ab80972bdbbd,2026-07-28T14:45:00Z,2026-07-28T16:45:00+0200,38918.428,MW,DE,DE_LU,actual_solar_generation,Solar,2026-08-27T00:57:27Z
2026-08-27T00:55:09Z,2026-08-27T02:55:09+0200,9e257938-0a8b-4b8b-95d2-ab80972bdbbd,2026-07-28T15:00:00Z,2026-07-28T17:00:00+0200,36679.463,MW,DE,DE_LU,actual_solar_generation,Solar,2026-08-27T00:57:27Z
2026-08-27T00:55:09Z,2026-08-27T02:55:09+0200,9e257938-0a8b-4b8b-95d2-ab80972bdbbd,2026-07-28T15:15:00Z,2026-07-28T17:15:00+0200,34214.119,MW,DE,DE_LU,actual_solar_generation,Solar,2026-08-27T00:57:27Z
2026-08-27T00:55:09Z,2026-08-27T02:55:09+0200,9e257938-0a8b-4b8b-95d2-ab80972bdbbd,2026-07-28T15:30:00Z,2026-07-28T17:30:00+0200,31170.822,MW,DE,DE_LU,actual_solar_generation,Solar,2026-08-27T00:57:27Z
2026-08-27T00:55:09Z,2026-08-27T02:55:09+0200,9e257938-0a8b-4b8b-95d2-ab80972bdbbd,2026-07-28T15:45:00Z,2026-07-28T17:45:00+0200,28134.978,MW,DE,DE_LU,actual_solar_generation,Solar,2026-08-27T00:57:27Z
2026-08-27T00:55:09Z,2026-08-27T02:55:09+0200,9e257938-0a8b-4b8b-95d2-ab80972bdbbd,2026-07-28T16:00:00Z,2026-07-28T18:00:00+0200,25009.273,MW,DE,DE_LU,actual_solar_generation,Solar,2026-08-27T00:57:27Z
2026-08-27T00:55:09Z,2026-08-27T02:55:09+0200,9e257938-0a8b-4b8b-95d2-ab80972bdbbd,2026-07-28T16:15:00Z,2026-07-28T18:15:00+0200,21734.335,MW,DE,DE_LU,actual_solar_generation,Solar,2026-08-27T00:57:27Z
2026-08-27T00:55:09Z,2026-08-27T02:55:09+0200,9e257938-0a8b-4b8b-95d2-ab80972bdbbd,2026-07-28T16:30:00Z,2026-07-28T18:30:00+0200,18388.059,MW,DE,DE_LU,actual_solar_generation,Solar,2026-08-27T00:57:27Z
2026-08-27T00:55:09Z,2026-08-27T02:55:09+0200,9e257938-0a8b-4b8b-95d2-ab80972bdbbd,2026-07-28T16:45:00Z,2026-07-28T18:45:00+0200,15142.238,MW,DE,DE_LU,actual_solar_generation,Solar,2026-08-27T00:57:27Z
2026-08-27T00:55:09Z,2026-08-27T02:55:09+0200,9e257938-0a8b-4b8b-95d2-ab80972bdbbd,2026-07-28T17:00:00Z,2026-07-28T19:00:00+0200,12130.61,MW,DE,DE_LU,actual_solar_generation,Solar,2026-08-27T00:57:27Z
2026-08-27T00:55:09Z,2026-08-27T02:55:09+0200,9e257938-0a8b-4b8b-95d2-ab80972bdbbd,2026-07-28T17:15:00Z,2026-07-28T19:15:00+0200,9357.508,MW,DE,DE_LU,actual_solar_generation,Solar,2026-08-27T00:57:27Z
2026-08-27T00:55:09Z,2026-08-27T02:55:09+0200,9e257938-0a8b-4b8b-95d2-ab80972bdbbd,2026-07-28T17:30:00Z,2026-07-28T19:30:00+0200,6940.811,MW,DE,DE_LU,actual_solar_generation,Solar,2026-08-27T00:57:27Z
2026-08-27T00:55:09Z,2026-08-27T02:55:09+0200,9e257938-0a8b-4b8b-95d2-ab80972bdbbd,2026-07-28T17:45:00Z,2026-07-28T19:45:00+0200,4894.437,MW,DE,DE_LU,actual_solar_generation,Solar,2026-08-27T00:57:27Z
2026-08-27T00:55:09Z,2026-08-27T02:55:09+0200,9e257938-0a8b-4b8b-95d2-ab80972bdbbd,2026-07-28T18:00:00Z,2026-07-28T20:00:00+0200,3233.321,MW,DE,DE_LU,actual_solar_generation,Solar,2026-08-27T00:57:27Z
2026-08-27T00:55:09Z,2026-08-27T02:55:09+0200,9e257938-0a8b-4b8b-95d2-ab80972bdbbd,2026-07-28T18:15:00Z,2026-07-28T20:15:00+0200,1982.856,MW,DE,DE_LU,actual_solar_generation,Solar,2026-08-27T00:57:27Z
2026-08-27T00:55:09Z,2026-08-27T02:55:09+0200,9e257938-0a8b-4b8b-95d2-ab80972bdbbd,2026-07-28T18:30:00Z,2026-07-28T20:30:00+0200,1013.264,MW,DE,DE_LU,actual_solar_generation,Solar,2026-08-27T00:57:27Z
2026-08-27T00:55:09Z,2026-08-27T02:55:09+0200,9e257938-0a8b-4b8b-95d2-ab80972bdbbd,2026-07-28T18:45:00Z,2026-07-28T20:45:00+0200,401.566,MW,DE,DE_LU,actual_solar_generation,Solar,2026-08-27T00:57:27Z
2026-08-27T00:55:09Z,2026-08-27T02:55:09+0200,9e257938-0a8b-4b8b-95d2-ab80972bdbbd,2026-07-28T19:00:00Z,2026-07-28T21:00:00+0200,108.43,MW,DE,DE_LU,actual_solar_generation,Solar,2026-08-27T00:57:27Z
2026-08-27T00:55:09Z,2026-08-27T02:55:09+0200,9e257938-0a8b-4b8b-95d2-ab80972bdbbd,2026-07-28T19:15:00Z,2026-07-28T21:15:00+0200,20.448,MW,DE,DE_LU,actual_solar_generation,Solar,2026-08-27T00:57:27Z
2026-08-27T00:55:09Z,2026-08-27T02:55:09+0200,9e257938-0a8b-4b8b-95d2-ab80972bdbbd,2026-07-28T19:30:00Z,2026-07-28T21:30:00+0200,3.58,MW,DE,DE_LU,actual_solar_generation,Solar,2026-08-27T00:57:27Z
2026-08-27T00:55:09Z,2026-08-27T02:55:09+0200,9e257938-0a8b-4b8b-95d2-ab80972bdbbd,2026-07-28T19:45:00Z,2026-07-28T21:45:00+0200,0.526,MW,DE,DE_LU,actual_solar_generation,Solar,2026-08-27T00:57:27Z
2026-08-27T00:55:09Z,2026-08-27T02:55:09+0200,9e257938-0a8b-4b8b-95d2-ab80972bdbbd,2026-07-28T20:00:00Z,2026-07-28T22:00:00+0200,0.264,MW,DE,DE_LU,actual_solar_generation,Solar,2026-08-27T00:57:27Z
2026-08-27T00:55:09Z,2026-08-27T02:55:09+0200,9e257938-0a8b-4b8b-95d2-ab80972bdbbd,2026-07-28T20:15:00Z,2026-07-28T22:15:00+0200,0.238,MW,DE,DE_LU,actual_solar_generation,Solar,2026-08-27T00:57:27Z
2026-08-27T00:55:09Z,2026-08-27T02:55:09+0200,9e257938-0a8b-4b8b-95d2-ab80972bdbbd,2026-07-28T20:30:00Z,2026-07-28T22:30:00+0200,0.226,MW,DE,DE_LU,actual_solar_generation,Solar,2026-08-27T00:57:27Z
2026-08-27T00:55:09Z,2026-08-27T02:55:09+0200,9e257938-0a8b-4b8b-95d2-ab80972bdbbd,2026-07-28T20:45:00Z,2026-07-28T22:45:00+0200,0.208,MW,DE,DE_LU,actual_solar_generation,Solar,2026-08-27T00:57:27Z
2026-08-27T00:55:09Z,2026-08-27T02:55:09+0200,9e257938-0a8b-4b8b-95d2-ab80972bdbbd,2026-07-28T21:00:00Z,2026-07-28T23:00:00+0200,0.221,MW,DE,DE_LU,actual_solar_generation,Solar,2026-08-27T00:57:27Z
2026-08-27T00:55:09Z,2026-08-27T02:55:09+0200,9e257938-0a8b-4b8b-95d2-ab80972bdbbd,2026-07-28T21:15:00Z,2026-07-28T23:15:00+0200,0.198,MW,DE,DE_LU,actual_solar_generation,Solar,2026-08-27T00:57:27Z
2026-08-27T00:55:09Z,2026-08-27T02:55:09+0200,9e257938-0a8b-4b8b-95d2-ab80972bdbbd,2026-07-28T21:30:00Z,2026-07-28T23:30:00+0200,0.169,MW,DE,DE_LU,actual_solar_generation,Solar,2026-08-27T00:57:27Z
2026-08-27T00:55:09Z,2026-08-27T02:55:09+0200,9e257938-0a8b-4b8b-95d2-ab80972bdbbd,2026-07-28T21:45:00Z,2026-07-28T23:45:00+0200,0.153,MW,DE,DE_LU,actual_solar_generation,Solar,2026-08-27T00:57:27Z
2026-08-27T00:55:09Z,2026-08-27T02:55:09+0200,9e257938-0a8b-4b8b-95d2-ab80972bdbbd,2026-07-28T22:00:00Z,2026-07-29T00:00:00+0200,0.174,MW,DE,DE_LU,actual_solar_generation,Solar,2026-08-27T00:57:27Z
2026-08-27T00:55:09Z,2026-08-27T02:55:09+0200,9e257938-0a8b-4b8b-95d2-ab80972bdbbd,2026-07-28T22:15:00Z,2026-07-29T00:15:00+0200,0.148,MW,DE,DE_LU,actual_solar_generation,Solar,2026-08-27T00:57:27Z
2026-08-27T00:55:09Z,2026-08-27T02:55:09+0200,9e257938-0a8b-4b8b-95d2-ab80972bdbbd,2026-07-28T22:30:00Z,2026-07-29T00:30:00+0200,0.132,MW,DE,DE_LU,actual_solar_generation,Solar,2026-08-27T00:57:27Z
2026-08-27T00:55:09Z,2026-08-27T02:55:09+0200,9e257938-0a8b-4b8b-95d2-ab80972bdbbd,2026-07-28T22:45:00Z,2026-07-29T00:45:00+0200,0.121,MW,DE,DE_LU,actual_solar_generation,Solar,2026-08-27T00:57:27Z
2026-08-27T00:55:09Z,2026-08-27T02:55:09+0200,9e257938-0a8b-4b8b-95d2-ab80972bdbbd,2026-07-28T23:00:00Z,2026-07-29T01:00:00+0200,0.11,MW,DE,DE_LU,actual_solar_generation,Solar,2026-08-27T00:57:27Z
2026-08-27T00:55:09Z,2026-08-27T02:55:09+0200,9e257938-0a8b-4b8b-95d2-ab80972bdbbd,2026-07-28T23:15:00Z,2026-07-29T01:15:00+0200,0.102,MW,DE,DE_LU,actual_solar_generation,Solar,2026-08-27T00:57:27Z
2026-08-27T00:55:09Z,2026-08-27T02:55:09+0200,9e257938-0a8b-4b8b-95d2-ab80972bdbbd,2026-07-28T23:30:00Z,2026-07-29T01:30:00+0200,0.095,MW,DE,DE_LU,actual_solar_generation,Solar,2026-08-27T00:57:27Z
2026-08-27T00:55:09Z,2026-08-27T02:55:09+0200,9e257938-0a8b-4b8b-95d2-ab80972bdbbd,2026-07-28T23:45:00Z,2026-07-29T01:45:00+0200,0.095,MW,DE,DE_LU,actual_solar_generation,Solar,2026-08-27T00:57:27Z
2026-08-27T00:55:09Z,2026-08-27T02:55:09+0200,9e257938-0a8b-4b8b-95d2-ab80972bdbbd,2026-07-29T00:00:00Z,2026-07-29T02:00:00+0200,0.088,MW,DE,DE_LU,actual_solar_generation,Solar,2026-08-27T00:57:27Z
2026-08-27T00:55:09Z,2026-08-27T02:55:09+0200,9e257938-0a8b-4b8b-95d2-ab80972bdbbd,2026-07-29T00:15:00Z,2026-07-29T02:15:00+0200,0.082,MW,DE,DE_LU,actual_solar_generation,Solar,2026-08-27T00:57:27Z
2026-08-27T00:55:09Z,2026-08-27T02:55:09+0200,9e257938-0a8b-4b8b-95d2-ab80972bdbbd,2026-07-29T00:30:00Z,2026-07-29T02:30:00+0200,0.088,MW,DE,DE_LU,actual_solar_generation,Solar,2026-08-27T00:57:27Z
2026-08-27T00:55:09Z,2026-08-27T02:55:09+0200,9e257938-0a8b-4b8b-95d2-ab80972bdbbd,2026-07-29T00:45:00Z,2026-07-29T02:45:00+0200,0.095,MW,DE,DE_LU,actual_solar_generation,Solar,2026-08-27T00:57:27Z
2026-08-27T00:55:09Z,2026-08-27T02:55:09+0200,9e257938-0a8b-4b8b-95d2-ab80972bdbbd,2026-07-29T01:00:00Z,2026-07-29T03:00:00+0200,0.098,MW,DE,DE_LU,actual_solar_generation,Solar,2026-08-27T00:57:27Z
2026-08-27T00:55:09Z,2026-08-27T02:55:09+0200,9e257938-0a8b-4b8b-95d2-ab80972bdbbd,2026-07-29T01:15:00Z,2026-07-29T03:15:00+0200,0.101,MW,DE,DE_LU,actual_solar_generation,Solar,2026-08-27T00:57:27Z
2026-08-27T00:55:09Z,2026-08-27T02:55:09+0200,9e257938-0a8b-4b8b-95d2-ab80972bdbbd,2026-07-29T01:30:00Z,2026-07-29T03:30:00+0200,0.103,MW,DE,DE_LU,actual_solar_generation,Solar,2026-08-27T00:57:27Z
2026-08-27T00:55:09Z,2026-08-27T02:55:09+0200,9e257938-0a8b-4b8b-95d2-ab80972bdbbd,2026-07-29T01:45:00Z,2026-07-29T03:45:00+0200,0.098,MW,DE,DE_LU,actual_solar_generation,Solar,2026-08-27T00:57:27Z
2026-08-27T00:55:09Z,2026-08-27T02:55:09+0200,9e257938-0a8b-4b8b-95d2-ab80972bdbbd,2026-07-29T02:00:00Z,2026-07-29T04:00:00+0200,0.088,MW,DE,DE_LU,actual_solar_generation,Solar,2026-08-27T00:57:27Z
2026-08-27T00:55:09Z,2026-08-27T02:55:09+0200,9e257938-0a8b-4b8b-95d2-ab80972bdbbd,2026-07-29T02:15:00Z,2026-07-29T04:15:00+0200,0.073,MW,DE,DE_LU,actual_solar_generation,Solar,2026-08-27T00:57:27Z
2026-08-27T00:55:09Z,2026-08-27T02:55:09+0200,9e257938-0a8b-4b8b-95d2-ab80972bdbbd,2026-07-29T02:30:00Z,2026-07-29T04:30:00+0200,0.077,MW,DE,DE_LU,actual_solar_generation,Solar,2026-08-27T00:57:27Z
2026-08-27T00:55:09Z,2026-08-27T02:55:09+0200,9e257938-0a8b-4b8b-95d2-ab80972bdbbd,2026-07-29T02:45:00Z,2026-07-29T04:45:00+0200,0.082,MW,DE,DE_LU,actual_solar_generation,Solar,2026-08-27T00:57:27Z
2026-08-27T00:55:09Z,2026-08-27T02:55:09+0200,9e257938-0a8b-4b8b-95d2-ab80972bdbbd,2026-07-29T03:00:00Z,2026-07-29T05:00:00+0200,0.414,MW,DE,DE_LU,actual_solar_generation,Solar,2026-08-27T00:57:27Z
2026-08-27T00:55:09Z,2026-08-27T02:55:09+0200,9e257938-0a8b-4b8b-95d2-ab80972bdbbd,2026-07-29T03:15:00Z,2026-07-29T05:15:00+0200,4.906,MW,DE,DE_LU,actual_solar_generation,Solar,2026-08-27T00:57:27Z
2026-08-27T00:55:09Z,2026-08-27T02:55:09+0200,9e257938-0a8b-4b8b-95d2-ab80972bdbbd,2026-07-29T03:30:00Z,2026-07-29T05:30:00+0200,44.662,MW,DE,DE_LU,actual_solar_generation,Solar,2026-08-27T00:57:27Z
2026-08-27T00:55:09Z,2026-08-27T02:55:09+0200,9e257938-0a8b-4b8b-95d2-ab80972bdbbd,2026-07-29T03:45:00Z,2026-07-29T05:45:00+0200,247.452,MW,DE,DE_LU,actual_solar_generation,Solar,2026-08-27T00:57:27Z
2026-08-27T00:55:09Z,2026-08-27T02:55:09+0200,9e257938-0a8b-4b8b-95d2-ab80972bdbbd,2026-07-29T04:00:00Z,2026-07-29T06:00:00+0200,889.969,MW,DE,DE_LU,actual_solar_generation,Solar,2026-08-27T00:57:27Z
2026-08-27T00:55:09Z,2026-08-27T02:55:09+0200,9e257938-0a8b-4b8b-95d2-ab80972bdbbd,2026-07-29T04:15:00Z,2026-07-29T06:15:00+0200,1874.417,MW,DE,DE_LU,actual_solar_generation,Solar,2026-08-27T00:57:27Z
2026-08-27T00:55:09Z,2026-08-27T02:55:09+0200,9e257938-0a8b-4b8b-95d2-ab80972bdbbd,2026-07-29T04:30:00Z,2026-07-29T06:30:00+0200,3129.211,MW,DE,DE_LU,actual_solar_generation,Solar,2026-08-27T00:57:27Z
2026-08-27T00:55:09Z,2026-08-27T02:55:09+0200,9e257938-0a8b-4b8b-95d2-ab80972bdbbd,2026-07-29T04:45:00Z,2026-07-29T06:45:00+0200,4662.956,MW,DE,DE_LU,actual_solar_generation,Solar,2026-08-27T00:57:27Z
2026-08-27T00:55:09Z,2026-08-27T02:55:09+0200,9e257938-0a8b-4b8b-95d2-ab80972bdbbd,2026-07-29T05:00:00Z,2026-07-29T07:00:00+0200,6541.454,MW,DE,DE_LU,actual_solar_generation,Solar,2026-08-27T00:57:27Z
2026-08-27T00:55:09Z,2026-08-27T02:55:09+0200,9e257938-0a8b-4b8b-95d2-ab80972bdbbd,2026-07-29T05:15:00Z,2026-07-29T07:15:00+0200,8879.471,MW,DE,DE_LU,actual_solar_generation,Solar,2026-08-27T00:57:27Z
2026-08-27T00:55:09Z,2026-08-27T02:55:09+0200,9e257938-0a8b-4b8b-95d2-ab80972bdbbd,2026-07-29T05:30:00Z,2026-07-29T07:30:00+0200,11528.525,MW,DE,DE_LU,actual_solar_generation,Solar,2026-08-27T00:57:27Z
2026-08-27T00:55:09Z,2026-08-27T02:55:09+0200,9e257938-0a8b-4b8b-95d2-ab80972bdbbd,2026-07-29T05:45:00Z,2026-07-29T07:45:00+0200,14567.137,MW,DE,DE_LU,actual_solar_generation,Solar,2026-08-27T00:57:27Z
2026-08-27T00:55:09Z,2026-08-27T02:55:09+0200,9e257938-0a8b-4b8b-95d2-ab80972bdbbd,2026-07-29T06:00:00Z,2026-07-29T08:00:00+0200,17836.32,MW,DE,DE_LU,actual_solar_generation,Solar,2026-08-27T00:57:27Z
2026-08-27T00:55:09Z,2026-08-27T02:55:09+0200,9e257938-0a8b-4b8b-95d2-ab80972bdbbd,2026-07-29T06:15:00Z,2026-07-29T08:15:00+0200,21150.052,MW,DE,DE_LU,actual_solar_generation,Solar,2026-08-27T00:57:27Z
2026-08-27T00:55:09Z,2026-08-27T02:55:09+0200,9e257938-0a8b-4b8b-95d2-ab80972bdbbd,2026-07-29T06:30:00Z,2026-07-29T08:30:00+0200,24622.133,MW,DE,DE_LU,actual_solar_generation,Solar,2026-08-27T00:57:27Z
2026-08-27T00:55:09Z,2026-08-27T02:55:09+0200,9e257938-0a8b-4b8b-95d2-ab80972bdbbd,2026-07-29T06:45:00Z,2026-07-29T08:45:00+0200,27873.119,MW,DE,DE_LU,actual_solar_generation,Solar,2026-08-27T00:57:27Z
2026-08-27T00:55:09Z,2026-08-27T02:55:09+0200,9e257938-0a8b-4b8b-95d2-ab80972bdbbd,2026-07-29T07:00:00Z,2026-07-29T09:00:00+0200,31012.487,MW,DE,DE_LU,actual_solar_generation,Solar,2026-08-27T00:57:27Z
2026-08-27T00:55:09Z,2026-08-27T02:55:09+0200,9e257938-0a8b-4b8b-95d2-ab80972bdbbd,2026-07-29T07:15:00Z,2026-07-29T09:15:00+0200,34326.92,MW,DE,DE_LU,actual_solar_generation,Solar,2026-08-27T00:57:27Z
2026-08-27T00:55:09Z,2026-08-27T02:55:09+0200,9e257938-0a8b-4b8b-95d2-ab80972bdbbd,2026-07-29T07:30:00Z,2026-07-29T09:30:00+0200,36995.048,MW,DE,DE_LU,actual_solar_generation,Solar,2026-08-27T00:57:27Z
2026-08-27T00:55:09Z,2026-08-27T02:55:09+0200,9e257938-0a8b-4b8b-95d2-ab80972bdbbd,2026-07-29T07:45:00Z,2026-07-29T09:45:00+0200,39762.492,MW,DE,DE_LU,actual_solar_generation,Solar,2026-08-27T00:57:27Z
2026-08-27T00:55:09Z,2026-08-27T02:55:09+0200,9e257938-0a8b-4b8b-95d2-ab80972bdbbd,2026-07-29T08:00:00Z,2026-07-29T10:00:00+0200,42235.257,MW,DE,DE_LU,actual_solar_generation,Solar,2026-08-27T00:57:27Z
2026-08-27T00:55:09Z,2026-08-27T02:55:09+0200,9e257938-0a8b-4b8b-95d2-ab80972bdbbd,2026-07-29T08:15:00Z,2026-07-29T10:15:00+0200,44627.317,MW,DE,DE_LU,actual_solar_generation,Solar,2026-08-27T00:57:27Z
2026-08-27T00:55:09Z,2026-08-27T02:55:09+0200,9e257938-0a8b-4b8b-95d2-ab80972bdbbd,2026-07-29T08:30:00Z,2026-07-29T10:30:00+0200,46700.051,MW,DE,DE_LU,actual_solar_generation,Solar,2026-08-27T00:57:27Z
2026-08-27T00:55:09Z,2026-08-27T02:55:09+0200,9e257938-0a8b-4b8b-95d2-ab80972bdbbd,2026-07-29T08:45:00Z,2026-07-29T10:45:00+0200,48279.618,MW,DE,DE_LU,actual_solar_generation,Solar,2026-08-27T00:57:27Z
2026-08-27T00:55:09Z,2026-08-27T02:55:09+0200,9e257938-0a8b-4b8b-95d2-ab80972bdbbd,2026-07-29T09:00:00Z,2026-07-29T11:00:00+0200,49979.237,MW,DE,DE_LU,actual_solar_generation,Solar,2026-08-27T00:57:27Z
2026-08-27T00:55:09Z,2026-08-27T02:55:09+0200,9e257938-0a8b-4b8b-95d2-ab80972bdbbd,2026-07-29T09:15:00Z,2026-07-29T11:15:00+0200,51666.209,MW,DE,DE_LU,actual_solar_generation,Solar,2026-08-27T00:57:27Z
2026-08-27T00:55:09Z,2026-08-27T02:55:09+0200,9e257938-0a8b-4b8b-95d2-ab80972bdbbd,2026-07-29T09:30:00Z,2026-07-29T11:30:00+0200,53255.992,MW,DE,DE_LU,actual_solar_generation,Solar,2026-08-27T00:57:27Z
2026-08-27T00:55:09Z,2026-08-27T02:55:09+0200,9e257938-0a8b-4b8b-95d2-ab80972bdbbd,2026-07-29T09:45:00Z,2026-07-29T11:45:00+0200,54261.667,MW,DE,DE_LU,actual_solar_generation,Solar,2026-08-27T00:57:27Z
2026-08-27T00:55:09Z,2026-08-27T02:55:09+0200,9e257938-0a8b-4b8b-95d2-ab80972bdbbd,2026-07-29T10:00:00Z,2026-07-29T12:00:00+0200,54213.644,MW,DE,DE_LU,actual_solar_generation,Solar,2026-08-27T00:57:27Z
2026-08-27T00:55:09Z,2026-08-27T02:55:09+0200,9e257938-0a8b-4b8b-95d2-ab80972bdbbd,2026-07-29T10:15:00Z,2026-07-29T12:15:00+0200,54493.659,MW,DE,DE_LU,actual_solar_generation,Solar,2026-08-27T00:57:27Z
2026-08-27T00:55:09Z,2026-08-27T02:55:09+0200,9e257938-0a8b-4b8b-95d2-ab80972bdbbd,2026-07-29T10:30:00Z,2026-07-29T12:30:00+0200,54704.402,MW,DE,DE_LU,actual_solar_generation,Solar,2026-08-27T00:57:27Z
2026-08-27T00:55:09Z,2026-08-27T02:55:09+0200,9e257938-0a8b-4b8b-95d2-ab80972bdbbd,2026-07-29T10:45:00Z,2026-07-29T12:45:00+0200,55088.519,MW,DE,DE_LU,actual_solar_generation,Solar,2026-08-27T00:57:27Z
2026-08-27T00:55:09Z,2026-08-27T02:55:09+0200,9e257938-0a8b-4b8b-95d2-ab80972bdbbd,2026-07-29T11:00:00Z,2026-07-29T13:00:00+0200,54192.678,MW,DE,DE_LU,actual_solar_generation,Solar,2026-08-27T00:57:27Z
2026-08-27T00:55:09Z,2026-08-27T02:55:09+0200,9e257938-0a8b-4b8b-95d2-ab80972bdbbd,2026-07-29T11:15:00Z,2026-07-29T13:15:00+0200,54290.672,MW,DE,DE_LU,actual_solar_generation,Solar,2026-08-27T00:57:27Z
2026-08-27T00:55:09Z,2026-08-27T02:55:09+0200,9e257938-0a8b-4b8b-95d2-ab80972bdbbd,2026-07-29T11:30:00Z,2026-07-29T13:30:00+0200,54388.661,MW,DE,DE_LU,actual_solar_generation,Solar,2026-08-27T00:57:27Z
2026-08-27T00:55:09Z,2026-08-27T02:55:09+0200,9e257938-0a8b-4b8b-95d2-ab80972bdbbd,2026-07-29T11:45:00Z,2026-07-29T13:45:00+0200,54272.647,MW,DE,DE_LU,actual_solar_generation,Solar,2026-08-27T00:57:27Z
2026-08-27T00:55:09Z,2026-08-27T02:55:09+0200,9e257938-0a8b-4b8b-95d2-ab80972bdbbd,2026-07-29T12:00:00Z,2026-07-29T14:00:00+0200,54048.517,MW,DE,DE_LU,actual_solar_generation,Solar,2026-08-27T00:57:27Z
2026-08-27T00:55:09Z,2026-08-27T02:55:09+0200,9e257938-0a8b-4b8b-95d2-ab80972bdbbd,2026-07-29T12:15:00Z,2026-07-29T14:15:00+0200,53564.531,MW,DE,DE_LU,actual_solar_generation,Solar,2026-08-27T00:57:27Z
2026-08-27T00:55:09Z,2026-08-27T02:55:09+0200,9e257938-0a8b-4b8b-95d2-ab80972bdbbd,2026-07-29T12:30:00Z,2026-07-29T14:30:00+0200,52846.28,MW,DE,DE_LU,actual_solar_generation,Solar,2026-08-27T00:57:27Z
2026-08-27T00:55:09Z,2026-08-27T02:55:09+0200,9e257938-0a8b-4b8b-95d2-ab80972bdbbd,2026-07-29T12:45:00Z,2026-07-29T14:45:00+0200,52979.166,MW,DE,DE_LU,actual_solar_generation,Solar,2026-08-27T00:57:27Z
2026-08-27T00:55:09Z,2026-08-27T02:55:09+0200,9e257938-0a8b-4b8b-95d2-ab80972bdbbd,2026-07-29T13:00:00Z,2026-07-29T15:00:00+0200,52599.638,MW,DE,DE_LU,actual_solar_generation,Solar,2026-08-27T00:57:27Z
2026-08-27T00:55:09Z,2026-08-27T02:55:09+0200,9e257938-0a8b-4b8b-95d2-ab80972bdbbd,2026-07-29T13:15:00Z,2026-07-29T15:15:00+0200,51457.389,MW,DE,DE_LU,actual_solar_generation,Solar,2026-08-27T00:57:27Z
2026-08-27T00:55:09Z,2026-08-27T02:55:09+0200,9e257938-0a8b-4b8b-95d2-ab80972bdbbd,2026-07-29T13:30:00Z,2026-07-29T15:30:00+0200,49783.088,MW,DE,DE_LU,actual_solar_generation,Solar,2026-08-27T00:57:27Z
2026-08-27T00:55:09Z,2026-08-27T02:55:09+0200,9e257938-0a8b-4b8b-95d2-ab80972bdbbd,2026-07-29T13:45:00Z,2026-07-29T15:45:00+0200,47926.359,MW,DE,DE_LU,actual_solar_generation,Solar,2026-08-27T00:57:27Z
2026-08-27T00:55:09Z,2026-08-27T02:55:09+0200,9e257938-0a8b-4b8b-95d2-ab80972bdbbd,2026-07-29T14:00:00Z,2026-07-29T16:00:00+0200,46416.737,MW,DE,DE_LU,actual_solar_generation,Solar,2026-08-27T00:57:27Z
2026-08-27T00:55:09Z,2026-08-27T02:55:09+0200,9e257938-0a8b-4b8b-95d2-ab80972bdbbd,2026-07-29T14:15:00Z,2026-07-29T16:15:00+0200,44329.206,MW,DE,DE_LU,actual_solar_generation,Solar,2026-08-27T00:57:27Z
2026-08-27T00:55:09Z,2026-08-27T02:55:09+0200,9e257938-0a8b-4b8b-95d2-ab80972bdbbd,2026-07-29T14:30:00Z,2026-07-29T16:30:00+0200,42225.134,MW,DE,DE_LU,actual_solar_generation,Solar,2026-08-27T00:57:27Z
2026-08-27T00:55:09Z,2026-08-27T02:55:09+0200,9e257938-0a8b-4b8b-95d2-ab80972bdbbd,2026-07-29T14:45:00Z,2026-07-29T16:45:00+0200,39827.893,MW,DE,DE_LU,actual_solar_generation,Solar,2026-08-27T00:57:27Z
2026-08-27T00:55:09Z,2026-08-27T02:55:09+0200,9e257938-0a8b-4b8b-95d2-ab80972bdbbd,2026-07-29T15:00:00Z,2026-07-29T17:00:00+0200,37150.47,MW,DE,DE_LU,actual_solar_generation,Solar,2026-08-27T00:57:27Z
2026-08-27T00:55:09Z,2026-08-27T02:55:09+0200,9e257938-0a8b-4b8b-95d2-ab80972bdbbd,2026-07-29T15:15:00Z,2026-07-29T17:15:00+0200,34104.336,MW,DE,DE_LU,actual_solar_generation,Solar,2026-08-27T00:57:27Z
2026-08-27T00:55:09Z,2026-08-27T02:55:09+0200,9e257938-0a8b-4b8b-95d2-ab80972bdbbd,2026-07-29T15:30:00Z,2026-07-29T17:30:00+0200,30925.841,MW,DE,DE_LU,actual_solar_generation,Solar,2026-08-27T00:57:27Z
2026-08-27T00:55:09Z,2026-08-27T02:55:09+0200,9e257938-0a8b-4b8b-95d2-ab80972bdbbd,2026-07-29T15:45:00Z,2026-07-29T17:45:00+0200,27662.965,MW,DE,DE_LU,actual_solar_generation,Solar,2026-08-27T00:57:27Z
2026-08-27T00:55:09Z,2026-08-27T02:55:09+0200,9e257938-0a8b-4b8b-95d2-ab80972bdbbd,2026-07-29T16:00:00Z,2026-07-29T18:00:00+0200,24509.049,MW,DE,DE_LU,actual_solar_generation,Solar,2026-08-27T00:57:27Z
2026-08-27T00:55:09Z,2026-08-27T02:55:09+0200,9e257938-0a8b-4b8b-95d2-ab80972bdbbd,2026-07-29T16:15:00Z,2026-07-29T18:15:00+0200,21349.284,MW,DE,DE_LU,actual_solar_generation,Solar,2026-08-27T00:57:27Z
2026-08-27T00:55:09Z,2026-08-27T02:55:09+0200,9e257938-0a8b-4b8b-95d2-ab80972bdbbd,2026-07-29T16:30:00Z,2026-07-29T18:30:00+0200,17706.925,MW,DE,DE_LU,actual_solar_generation,Solar,2026-08-27T00:57:27Z
2026-08-27T00:55:09Z,2026-08-27T02:55:09+0200,9e257938-0a8b-4b8b-95d2-ab80972bdbbd,2026-07-29T16:45:00Z,2026-07-29T18:45:00+0200,14743.67,MW,DE,DE_LU,actual_solar_generation,Solar,2026-08-27T00:57:27Z
2026-08-27T00:55:09Z,2026-08-27T02:55:09+0200,9e257938-0a8b-4b8b-95d2-ab80972bdbbd,2026-07-29T17:00:00Z,2026-07-29T19:00:00+0200,11797.173,MW,DE,DE_LU,actual_solar_generation,Solar,2026-08-27T00:57:27Z
2026-08-27T00:55:09Z,2026-08-27T02:55:09+0200,9e257938-0a8b-4b8b-95d2-ab80972bdbbd,2026-07-29T17:15:00Z,2026-07-29T19:15:00+0200,9097.217,MW,DE,DE_LU,actual_solar_generation,Solar,2026-08-27T00:57:27Z
2026-08-27T00:55:09Z,2026-08-27T02:55:09+0200,9e257938-0a8b-4b8b-95d2-ab80972bdbbd,2026-07-29T17:30:00Z,2026-07-29T19:30:00+0200,6764.369,MW,DE,DE_LU,actual_solar_generation,Solar,2026-08-27T00:57:27Z
2026-08-27T00:55:09Z,2026-08-27T02:55:09+0200,9e257938-0a8b-4b8b-95d2-ab80972bdbbd,2026-07-29T17:45:00Z,2026-07-29T19:45:00+0200,4820.228,MW,DE,DE_LU,actual_solar_generation,Solar,2026-08-27T00:57:27Z
2026-08-27T00:55:09Z,2026-08-27T02:55:09+0200,9e257938-0a8b-4b8b-95d2-ab80972bdbbd,2026-07-29T18:00:00Z,2026-07-29T20:00:00+0200,3255.621,MW,DE,DE_LU,actual_solar_generation,Solar,2026-08-27T00:57:27Z
2026-08-27T00:55:09Z,2026-08-27T02:55:09+0200,9e257938-0a8b-4b8b-95d2-ab80972bdbbd,2026-07-29T18:15:00Z,2026-07-29T20:15:00+0200,2006.909,MW,DE,DE_LU,actual_solar_generation,Solar,2026-08-27T00:57:27Z
2026-08-27T00:55:09Z,2026-08-27T02:55:09+0200,9e257938-0a8b-4b8b-95d2-ab80972bdbbd,2026-07-29T18:30:00Z,2026-07-29T20:30:00+0200,1035.689,MW,DE,DE_LU,actual_solar_generation,Solar,2026-08-27T00:57:27Z
2026-08-27T00:55:09Z,2026-08-27T02:55:09+0200,9e257938-0a8b-4b8b-95d2-ab80972bdbbd,2026-07-29T18:45:00Z,2026-07-29T20:45:00+0200,400.729,MW,DE,DE_LU,actual_solar_generation,Solar,2026-08-27T00:57:27Z
2026-08-27T00:55:09Z,2026-08-27T02:55:09+0200,9e257938-0a8b-4b8b-95d2-ab80972bdbbd,2026-07-29T19:00:00Z,2026-07-29T21:00:00+0200,111.692,MW,DE,DE_LU,actual_solar_generation,Solar,2026-08-27T00:57:27Z
2026-08-27T00:55:09Z,2026-08-27T02:55:09+0200,9e257938-0a8b-4b8b-95d2-ab80972bdbbd,2026-07-29T19:15:00Z,2026-07-29T21:15:00+0200,22.321,MW,DE,DE_LU,actual_solar_generation,Solar,2026-08-27T00:57:27Z
2026-08-27T00:55:09Z,2026-08-27T02:55:09+0200,9e257938-0a8b-4b8b-95d2-ab80972bdbbd,2026-07-29T19:30:00Z,2026-07-29T21:30:00+0200,8.875,MW,DE,DE_LU,actual_solar_generation,Solar,2026-08-27T00:57:27Z
2026-08-27T00:55:09Z,2026-08-27T02:55:09+0200,9e257938-0a8b-4b8b-95d2-ab80972bdbbd,2026-07-29T19:45:00Z,2026-07-29T21:45:00+0200,0.644,MW,DE,DE_LU,actual_solar_generation,Solar,2026-08-27T00:57:27Z
2026-08-27T00:55:09Z,2026-08-27T02:55:09+0200,9e257938-0a8b-4b8b-95d2-ab80972bdbbd,2026-07-29T20:00:00Z,2026-07-29T22:00:00+0200,0.219,MW,DE,DE_LU,actual_solar_generation,Solar,2026-08-27T00:57:27Z
2026-08-27T00:55:09Z,2026-08-27T02:55:09+0200,9e257938-0a8b-4b8b-95d2-ab80972bdbbd,2026-07-29T20:15:00Z,2026-07-29T22:15:00+0200,0.239,MW,DE,DE_LU,actual_solar_generation,Solar,2026-08-27T00:57:27Z
2026-08-27T00:55:09Z,2026-08-27T02:55:09+0200,9e257938-0a8b-4b8b-95d2-ab80972bdbbd,2026-07-29T20:30:00Z,2026-07-29T22:30:00+0200,0.229,MW,DE,DE_LU,actual_solar_generation,Solar,2026-08-27T00:57:27Z
2026-08-27T00:55:09Z,2026-08-27T02:55:09+0200,9e257938-0a8b-4b8b-95d2-ab80972bdbbd,2026-07-29T20:45:00Z,2026-07-29T22:45:00+0200,0.193,MW,DE,DE_LU,actual_solar_generation,Solar,2026-08-27T00:57:27Z
2026-08-27T00:55:09Z,2026-08-27T02:55:09+0200,9e257938-0a8b-4b8b-95d2-ab80972bdbbd,2026-07-29T21:00:00Z,2026-07-29T23:00:00+0200,0.187,MW,DE,DE_LU,actual_solar_generation,Solar,2026-08-27T00:57:27Z
2026-08-27T00:55:09Z,2026-08-27T02:55:09+0200,9e257938-0a8b-4b8b-95d2-ab80972bdbbd,2026-07-29T21:15:00Z,2026-07-29T23:15:00+0200,0.177,MW,DE,DE_LU,actual_solar_generation,Solar,2026-08-27T00:57:27Z
2026-08-27T00:55:09Z,2026-08-27T02:55:09+0200,9e257938-0a8b-4b8b-95d2-ab80972bdbbd,2026-07-29T21:30:00Z,2026-07-29T23:30:00+0200,0.163,MW,DE,DE_LU,actual_solar_generation,Solar,2026-08-27T00:57:27Z
2026-08-27T00:55:09Z,2026-08-27T02:55:09+0200,9e257938-0a8b-4b8b-95d2-ab80972bdbbd,2026-07-29T21:45:00Z,2026-07-29T23:45:00+0200,0.152,MW,DE,DE_LU,actual_solar_generation,Solar,2026-08-27T00:57:27Z
2026-08-27T00:55:09Z,2026-08-27T02:55:09+0200,9e257938-0a8b-4b8b-95d2-ab80972bdbbd,2026-07-29T22:00:00Z,2026-07-30T00:00:00+0200,0.139,MW,DE,DE_LU,actual_solar_generation,Solar,2026-08-27T00:57:27Z
2026-08-27T00:55:09Z,2026-08-27T02:55:09+0200,9e257938-0a8b-4b8b-95d2-ab80972bdbbd,2026-07-29T22:15:00Z,2026-07-30T00:15:00+0200,0.134,MW,DE,DE_LU,actual_solar_generation,Solar,2026-08-27T00:57:27Z
2026-08-27T00:55:09Z,2026-08-27T02:55:09+0200,9e257938-0a8b-4b8b-95d2-ab80972bdbbd,2026-07-29T22:30:00Z,2026-07-30T00:30:00+0200,0.118,MW,DE,DE_LU,actual_solar_generation,Solar,2026-08-27T00:57:27Z
2026-08-27T00:55:09Z,2026-08-27T02:55:09+0200,9e257938-0a8b-4b8b-95d2-ab80972bdbbd,2026-07-29T22:45:00Z,2026-07-30T00:45:00+0200,0.116,MW,DE,DE_LU,actual_solar_generation,Solar,2026-08-27T00:57:27Z
2026-08-27T00:55:09Z,2026-08-27T02:55:09+0200,9e257938-0a8b-4b8b-95d2-ab80972bdbbd,2026-07-29T23:00:00Z,2026-07-30T01:00:00+0200,0.107,MW,DE,DE_LU,actual_solar_generation,Solar,2026-08-27T00:57:27Z
2026-08-27T00:55:09Z,2026-08-27T02:55:09+0200,9e257938-0a8b-4b8b-95d2-ab80972bdbbd,2026-07-29T23:15:00Z,2026-07-30T01:15:00+0200,0.098,MW,DE,DE_LU,actual_solar_generation,Solar,2026-08-27T00:57:27Z
2026-08-27T00:55:09Z,2026-08-27T02:55:09+0200,9e257938-0a8b-4b8b-95d2-ab80972bdbbd,2026-07-29T23:30:00Z,2026-07-30T01:30:00+0200,0.088,MW,DE,DE_LU,actual_solar_generation,Solar,2026-08-27T00:57:27Z
2026-08-27T00:55:09Z,2026-08-27T02:55:09+0200,9e257938-0a8b-4b8b-95d2-ab80972bdbbd,2026-07-29T23:45:00Z,2026-07-30T01:45:00+0200,0.095,MW,DE,DE_LU,actual_solar_generation,Solar,2026-08-27T00:57:27Z
2026-08-27T00:55:09Z,2026-08-27T02:55:09+0200,9e257938-0a8b-4b8b-95d2-ab80972bdbbd,2026-07-30T00:00:00Z,2026-07-30T02:00:00+0200,0.095,MW,DE,DE_LU,actual_solar_generation,Solar,2026-08-27T00:57:27Z
2026-08-27T00:55:09Z,2026-08-27T02:55:09+0200,9e257938-0a8b-4b8b-95d2-ab80972bdbbd,2026-07-30T00:15:00Z,2026-07-30T02:15:00+0200,0.087,MW,DE,DE_LU,actual_solar_generation,Solar,2026-08-27T00:57:27Z
2026-08-27T00:55:09Z,2026-08-27T02:55:09+0200,9e257938-0a8b-4b8b-95d2-ab80972bdbbd,2026-07-30T00:30:00Z,2026-07-30T02:30:00+0200,0.08,MW,DE,DE_LU,actual_solar_generation,Solar,2026-08-27T00:57:27Z
2026-08-27T00:55:09Z,2026-08-27T02:55:09+0200,9e257938-0a8b-4b8b-95d2-ab80972bdbbd,2026-07-30T00:45:00Z,2026-07-30T02:45:00+0200,0.077,MW,DE,DE_LU,actual_solar_generation,Solar,2026-08-27T00:57:27Z
2026-08-27T00:55:09Z,2026-08-27T02:55:09+0200,9e257938-0a8b-4b8b-95d2-ab80972bdbbd,2026-07-30T01:00:00Z,2026-07-30T03:00:00+0200,0.087,MW,DE,DE_LU,actual_solar_generation,Solar,2026-08-27T00:57:27Z
2026-08-27T00:55:09Z,2026-08-27T02:55:09+0200,9e257938-0a8b-4b8b-95d2-ab80972bdbbd,2026-07-30T01:15:00Z,2026-07-30T03:15:00+0200,0.073,MW,DE,DE_LU,actual_solar_generation,Solar,2026-08-27T00:57:27Z
2026-08-27T00:55:09Z,2026-08-27T02:55:09+0200,9e257938-0a8b-4b8b-95d2-ab80972bdbbd,2026-07-30T01:30:00Z,2026-07-30T03:30:00+0200,0.069,MW,DE,DE_LU,actual_solar_generation,Solar,2026-08-27T00:57:27Z
2026-08-27T00:55:09Z,2026-08-27T02:55:09+0200,9e257938-0a8b-4b8b-95d2-ab80972bdbbd,2026-07-30T01:45:00Z,2026-07-30T03:45:00+0200,0.074,MW,DE,DE_LU,actual_solar_generation,Solar,2026-08-27T00:57:27Z
2026-08-27T00:55:09Z,2026-08-27T02:55:09+0200,9e257938-0a8b-4b8b-95d2-ab80972bdbbd,2026-07-30T02:00:00Z,2026-07-30T04:00:00+0200,0.084,MW,DE,DE_LU,actual_solar_generation,Solar,2026-08-27T00:57:27Z
2026-08-27T00:55:09Z,2026-08-27T02:55:09+0200,9e257938-0a8b-4b8b-95d2-ab80972bdbbd,2026-07-30T02:15:00Z,2026-07-30T04:15:00+0200,0.076,MW,DE,DE_LU,actual_solar_generation,Solar,2026-08-27T00:57:27Z
2026-08-27T00:55:09Z,2026-08-27T02:55:09+0200,9e257938-0a8b-4b8b-95d2-ab80972bdbbd,2026-07-30T02:30:00Z,2026-07-30T04:30:00+0200,0.077,MW,DE,DE_LU,actual_solar_generation,Solar,2026-08-27T00:57:27Z
2026-08-27T00:55:09Z,2026-08-27T02:55:09+0200,9e257938-0a8b-4b8b-95d2-ab80972bdbbd,2026-07-30T02:45:00Z,2026-07-30T04:45:00+0200,0.077,MW,DE,DE_LU,actual_solar_generation,Solar,2026-08-27T00:57:27Z
2026-08-27T00:55:09Z,2026-08-27T02:55:09+0200,9e257938-0a8b-4b8b-95d2-ab80972bdbbd,2026-07-30T03:00:00Z,2026-07-30T05:00:00+0200,0.644,MW,DE,DE_LU,actual_solar_generation,Solar,2026-08-27T00:57:27Z
2026-08-27T00:55:09Z,2026-08-27T02:55:09+0200,9e257938-0a8b-4b8b-95d2-ab80972bdbbd,2026-07-30T03:15:00Z,2026-07-30T05:15:00+0200,7.629,MW,DE,DE_LU,actual_solar_generation,Solar,2026-08-27T00:57:27Z
2026-08-27T00:55:09Z,2026-08-27T02:55:09+0200,9e257938-0a8b-4b8b-95d2-ab80972bdbbd,2026-07-30T03:30:00Z,2026-07-30T05:30:00+0200,59.144,MW,DE,DE_LU,actual_solar_generation,Solar,2026-08-27T00:57:27Z
2026-08-27T00:55:09Z,2026-08-27T02:55:09+0200,9e257938-0a8b-4b8b-95d2-ab80972bdbbd,2026-07-30T03:45:00Z,2026-07-30T05:45:00+0200,252.782,MW,DE,DE_LU,actual_solar_generation,Solar,2026-08-27T00:57:27Z
2026-08-27T00:55:09Z,2026-08-27T02:55:09+0200,9e257938-0a8b-4b8b-95d2-ab80972bdbbd,2026-07-30T04:00:00Z,2026-07-30T06:00:00+0200,870.61,MW,DE,DE_LU,actual_solar_generation,Solar,2026-08-27T00:57:27Z
2026-08-27T00:55:09Z,2026-08-27T02:55:09+0200,9e257938-0a8b-4b8b-95d2-ab80972bdbbd,2026-07-30T04:15:00Z,2026-07-30T06:15:00+0200,1867.75,MW,DE,DE_LU,actual_solar_generation,Solar,2026-08-27T00:57:27Z
2026-08-27T00:55:09Z,2026-08-27T02:55:09+0200,9e257938-0a8b-4b8b-95d2-ab80972bdbbd,2026-07-30T04:30:00Z,2026-07-30T06:30:00+0200,3109.665,MW,DE,DE_LU,actual_solar_generation,Solar,2026-08-27T00:57:27Z
2026-08-27T00:55:09Z,2026-08-27T02:55:09+0200,9e257938-0a8b-4b8b-95d2-ab80972bdbbd,2026-07-30T04:45:00Z,2026-07-30T06:45:00+0200,4628.281,MW,DE,DE_LU,actual_solar_generation,Solar,2026-08-27T00:57:27Z
2026-08-27T00:55:09Z,2026-08-27T02:55:09+0200,9e257938-0a8b-4b8b-95d2-ab80972bdbbd,2026-07-30T05:00:00Z,2026-07-30T07:00:00+0200,6506.16,MW,DE,DE_LU,actual_solar_generation,Solar,2026-08-27T00:57:27Z
2026-08-27T00:55:09Z,2026-08-27T02:55:09+0200,9e257938-0a8b-4b8b-95d2-ab80972bdbbd,2026-07-30T05:15:00Z,2026-07-30T07:15:00+0200,8760.521,MW,DE,DE_LU,actual_solar_generation,Solar,2026-08-27T00:57:27Z
2026-08-27T00:55:09Z,2026-08-27T02:55:09+0200,9e257938-0a8b-4b8b-95d2-ab80972bdbbd,2026-07-30T05:30:00Z,2026-07-30T07:30:00+0200,11318.738,MW,DE,DE_LU,actual_solar_generation,Solar,2026-08-27T00:57:27Z
2026-08-27T00:55:09Z,2026-08-27T02:55:09+0200,9e257938-0a8b-4b8b-95d2-ab80972bdbbd,2026-07-30T05:45:00Z,2026-07-30T07:45:00+0200,14239.642,MW,DE,DE_LU,actual_solar_generation,Solar,2026-08-27T00:57:27Z
2026-08-27T00:55:09Z,2026-08-27T02:55:09+0200,9e257938-0a8b-4b8b-95d2-ab80972bdbbd,2026-07-30T06:00:00Z,2026-07-30T08:00:00+0200,17377.668,MW,DE,DE_LU,actual_solar_generation,Solar,2026-08-27T00:57:27Z
2026-08-27T00:55:09Z,2026-08-27T02:55:09+0200,9e257938-0a8b-4b8b-95d2-ab80972bdbbd,2026-07-30T06:15:00Z,2026-07-30T08:15:00+0200,20624.482,MW,DE,DE_LU,actual_solar_generation,Solar,2026-08-27T00:57:27Z
2026-08-27T00:55:09Z,2026-08-27T02:55:09+0200,9e257938-0a8b-4b8b-95d2-ab80972bdbbd,2026-07-30T06:30:00Z,2026-07-30T08:30:00+0200,23869.05,MW,DE,DE_LU,actual_solar_generation,Solar,2026-08-27T00:57:27Z
2026-08-27T00:55:09Z,2026-08-27T02:55:09+0200,9e257938-0a8b-4b8b-95d2-ab80972bdbbd,2026-07-30T06:45:00Z,2026-07-30T08:45:00+0200,27001.645,MW,DE,DE_LU,actual_solar_generation,Solar,2026-08-27T00:57:27Z
2026-08-27T00:55:09Z,2026-08-27T02:55:09+0200,9e257938-0a8b-4b8b-95d2-ab80972bdbbd,2026-07-30T07:00:00Z,2026-07-30T09:00:00+0200,30060.699,MW,DE,DE_LU,actual_solar_generation,Solar,2026-08-27T00:57:27Z
2026-08-27T00:55:09Z,2026-08-27T02:55:09+0200,9e257938-0a8b-4b8b-95d2-ab80972bdbbd,2026-07-30T07:15:00Z,2026-07-30T09:15:00+0200,33133.984,MW,DE,DE_LU,actual_solar_generation,Solar,2026-08-27T00:57:27Z
2026-08-27T00:55:09Z,2026-08-27T02:55:09+0200,9e257938-0a8b-4b8b-95d2-ab80972bdbbd,2026-07-30T07:30:00Z,2026-07-30T09:30:00+0200,35944.962,MW,DE,DE_LU,actual_solar_generation,Solar,2026-08-27T00:57:27Z
2026-08-27T00:55:09Z,2026-08-27T02:55:09+0200,9e257938-0a8b-4b8b-95d2-ab80972bdbbd,2026-07-30T07:45:00Z,2026-07-30T09:45:00+0200,38663.697,MW,DE,DE_LU,actual_solar_generation,Solar,2026-08-27T00:57:27Z
2026-08-27T00:55:09Z,2026-08-27T02:55:09+0200,9e257938-0a8b-4b8b-95d2-ab80972bdbbd,2026-07-30T08:00:00Z,2026-07-30T10:00:00+0200,41389.438,MW,DE,DE_LU,actual_solar_generation,Solar,2026-08-27T00:57:27Z
2026-08-27T00:55:09Z,2026-08-27T02:55:09+0200,9e257938-0a8b-4b8b-95d2-ab80972bdbbd,2026-07-30T08:15:00Z,2026-07-30T10:15:00+0200,43815.424,MW,DE,DE_LU,actual_solar_generation,Solar,2026-08-27T00:57:27Z
2026-08-27T00:55:09Z,2026-08-27T02:55:09+0200,9e257938-0a8b-4b8b-95d2-ab80972bdbbd,2026-07-30T08:30:00Z,2026-07-30T10:30:00+0200,46018.807,MW,DE,DE_LU,actual_solar_generation,Solar,2026-08-27T00:57:27Z
2026-08-27T00:55:09Z,2026-08-27T02:55:09+0200,9e257938-0a8b-4b8b-95d2-ab80972bdbbd,2026-07-30T08:45:00Z,2026-07-30T10:45:00+0200,47939.529,MW,DE,DE_LU,actual_solar_generation,Solar,2026-08-27T00:57:27Z
2026-08-27T00:55:09Z,2026-08-27T02:55:09+0200,9e257938-0a8b-4b8b-95d2-ab80972bdbbd,2026-07-30T09:00:00Z,2026-07-30T11:00:00+0200,49634.998,MW,DE,DE_LU,actual_solar_generation,Solar,2026-08-27T00:57:27Z
2026-08-27T00:55:09Z,2026-08-27T02:55:09+0200,9e257938-0a8b-4b8b-95d2-ab80972bdbbd,2026-07-30T09:15:00Z,2026-07-30T11:15:00+0200,51017.038,MW,DE,DE_LU,actual_solar_generation,Solar,2026-08-27T00:57:27Z
2026-08-27T00:55:09Z,2026-08-27T02:55:09+0200,9e257938-0a8b-4b8b-95d2-ab80972bdbbd,2026-07-30T09:30:00Z,2026-07-30T11:30:00+0200,52220.228,MW,DE,DE_LU,actual_solar_generation,Solar,2026-08-27T00:57:27Z
2026-08-27T00:55:09Z,2026-08-27T02:55:09+0200,9e257938-0a8b-4b8b-95d2-ab80972bdbbd,2026-07-30T09:45:00Z,2026-07-30T11:45:00+0200,53063.145,MW,DE,DE_LU,actual_solar_generation,Solar,2026-08-27T00:57:27Z
2026-08-27T00:55:09Z,2026-08-27T02:55:09+0200,9e257938-0a8b-4b8b-95d2-ab80972bdbbd,2026-07-30T10:00:00Z,2026-07-30T12:00:00+0200,53568.226,MW,DE,DE_LU,actual_solar_generation,Solar,2026-08-27T00:57:27Z
2026-08-27T00:55:09Z,2026-08-27T02:55:09+0200,9e257938-0a8b-4b8b-95d2-ab80972bdbbd,2026-07-30T10:15:00Z,2026-07-30T12:15:00+0200,53930.571,MW,DE,DE_LU,actual_solar_generation,Solar,2026-08-27T00:57:27Z
2026-08-27T00:55:09Z,2026-08-27T02:55:09+0200,9e257938-0a8b-4b8b-95d2-ab80972bdbbd,2026-07-30T10:30:00Z,2026-07-30T12:30:00+0200,53711.42,MW,DE,DE_LU,actual_solar_generation,Solar,2026-08-27T00:57:27Z
2026-08-27T00:55:09Z,2026-08-27T02:55:09+0200,9e257938-0a8b-4b8b-95d2-ab80972bdbbd,2026-07-30T10:45:00Z,2026-07-30T12:45:00+0200,53286.931,MW,DE,DE_LU,actual_solar_generation,Solar,2026-08-27T00:57:27Z
2026-08-27T00:55:09Z,2026-08-27T02:55:09+0200,9e257938-0a8b-4b8b-95d2-ab80972bdbbd,2026-07-30T11:00:00Z,2026-07-30T13:00:00+0200,52959.138,MW,DE,DE_LU,actual_solar_generation,Solar,2026-08-27T00:57:27Z
2026-08-27T00:55:09Z,2026-08-27T02:55:09+0200,9e257938-0a8b-4b8b-95d2-ab80972bdbbd,2026-07-30T11:15:00Z,2026-07-30T13:15:00+0200,52125.417,MW,DE,DE_LU,actual_solar_generation,Solar,2026-08-27T00:57:27Z
2026-08-27T00:55:09Z,2026-08-27T02:55:09+0200,9e257938-0a8b-4b8b-95d2-ab80972bdbbd,2026-07-30T11:30:00Z,2026-07-30T13:30:00+0200,51293.259,MW,DE,DE_LU,actual_solar_generation,Solar,2026-08-27T00:57:27Z
2026-08-27T00:55:09Z,2026-08-27T02:55:09+0200,9e257938-0a8b-4b8b-95d2-ab80972bdbbd,2026-07-30T11:45:00Z,2026-07-30T13:45:00+0200,50327.663,MW,DE,DE_LU,actual_solar_generation,Solar,2026-08-27T00:57:27Z
2026-08-27T00:55:09Z,2026-08-27T02:55:09+0200,9e257938-0a8b-4b8b-95d2-ab80972bdbbd,2026-07-30T12:00:00Z,2026-07-30T14:00:00+0200,49434.189,MW,DE,DE_LU,actual_solar_generation,Solar,2026-08-27T00:57:27Z
2026-08-27T00:55:09Z,2026-08-27T02:55:09+0200,9e257938-0a8b-4b8b-95d2-ab80972bdbbd,2026-07-30T12:15:00Z,2026-07-30T14:15:00+0200,48140.166,MW,DE,DE_LU,actual_solar_generation,Solar,2026-08-27T00:57:27Z
2026-08-27T00:55:09Z,2026-08-27T02:55:09+0200,9e257938-0a8b-4b8b-95d2-ab80972bdbbd,2026-07-30T12:30:00Z,2026-07-30T14:30:00+0200,46395.008,MW,DE,DE_LU,actual_solar_generation,Solar,2026-08-27T00:57:27Z
2026-08-27T00:55:09Z,2026-08-27T02:55:09+0200,9e257938-0a8b-4b8b-95d2-ab80972bdbbd,2026-07-30T12:45:00Z,2026-07-30T14:45:00+0200,44502.918,MW,DE,DE_LU,actual_solar_generation,Solar,2026-08-27T00:57:27Z
2026-08-27T00:55:09Z,2026-08-27T02:55:09+0200,9e257938-0a8b-4b8b-95d2-ab80972bdbbd,2026-07-30T13:00:00Z,2026-07-30T15:00:00+0200,42455.9,MW,DE,DE_LU,actual_solar_generation,Solar,2026-08-27T00:57:27Z
2026-08-27T00:55:09Z,2026-08-27T02:55:09+0200,9e257938-0a8b-4b8b-95d2-ab80972bdbbd,2026-07-30T13:15:00Z,2026-07-30T15:15:00+0200,40255.683,MW,DE,DE_LU,actual_solar_generation,Solar,2026-08-27T00:57:27Z
2026-08-27T00:55:09Z,2026-08-27T02:55:09+0200,9e257938-0a8b-4b8b-95d2-ab80972bdbbd,2026-07-30T13:30:00Z,2026-07-30T15:30:00+0200,37973.473,MW,DE,DE_LU,actual_solar_generation,Solar,2026-08-27T00:57:27Z
2026-08-27T00:55:09Z,2026-08-27T02:55:09+0200,9e257938-0a8b-4b8b-95d2-ab80972bdbbd,2026-07-30T13:45:00Z,2026-07-30T15:45:00+0200,35560.023,MW,DE,DE_LU,actual_solar_generation,Solar,2026-08-27T00:57:27Z
2026-08-27T00:55:09Z,2026-08-27T02:55:09+0200,9e257938-0a8b-4b8b-95d2-ab80972bdbbd,2026-07-30T14:00:00Z,2026-07-30T16:00:00+0200,33177.262,MW,DE,DE_LU,actual_solar_generation,Solar,2026-08-27T00:57:27Z
2026-08-27T00:55:09Z,2026-08-27T02:55:09+0200,9e257938-0a8b-4b8b-95d2-ab80972bdbbd,2026-07-30T14:15:00Z,2026-07-30T16:15:00+0200,30456.542,MW,DE,DE_LU,actual_solar_generation,Solar,2026-08-27T00:57:27Z
2026-08-27T00:55:09Z,2026-08-27T02:55:09+0200,9e257938-0a8b-4b8b-95d2-ab80972bdbbd,2026-07-30T14:30:00Z,2026-07-30T16:30:00+0200,27806.361,MW,DE,DE_LU,actual_solar_generation,Solar,2026-08-27T00:57:27Z
2026-08-27T00:55:09Z,2026-08-27T02:55:09+0200,9e257938-0a8b-4b8b-95d2-ab80972bdbbd,2026-07-30T14:45:00Z,2026-07-30T16:45:00+0200,25463.702,MW,DE,DE_LU,actual_solar_generation,Solar,2026-08-27T00:57:27Z
2026-08-27T00:55:09Z,2026-08-27T02:55:09+0200,9e257938-0a8b-4b8b-95d2-ab80972bdbbd,2026-07-30T15:00:00Z,2026-07-30T17:00:00+0200,23230.644,MW,DE,DE_LU,actual_solar_generation,Solar,2026-08-27T00:57:27Z
2026-08-27T00:55:09Z,2026-08-27T02:55:09+0200,9e257938-0a8b-4b8b-95d2-ab80972bdbbd,2026-07-30T15:15:00Z,2026-07-30T17:15:00+0200,20985.867,MW,DE,DE_LU,actual_solar_generation,Solar,2026-08-27T00:57:27Z
2026-08-27T00:55:09Z,2026-08-27T02:55:09+0200,9e257938-0a8b-4b8b-95d2-ab80972bdbbd,2026-07-30T15:30:00Z,2026-07-30T17:30:00+0200,18607.569,MW,DE,DE_LU,actual_solar_generation,Solar,2026-08-27T00:57:27Z
2026-08-27T00:55:09Z,2026-08-27T02:55:09+0200,9e257938-0a8b-4b8b-95d2-ab80972bdbbd,2026-07-30T15:45:00Z,2026-07-30T17:45:00+0200,16188.832,MW,DE,DE_LU,actual_solar_generation,Solar,2026-08-27T00:57:27Z
2026-08-27T00:55:09Z,2026-08-27T02:55:09+0200,9e257938-0a8b-4b8b-95d2-ab80972bdbbd,2026-07-30T16:00:00Z,2026-07-30T18:00:00+0200,13848.732,MW,DE,DE_LU,actual_solar_generation,Solar,2026-08-27T00:57:27Z
2026-08-27T00:55:09Z,2026-08-27T02:55:09+0200,9e257938-0a8b-4b8b-95d2-ab80972bdbbd,2026-07-30T16:15:00Z,2026-07-30T18:15:00+0200,11737.084,MW,DE,DE_LU,actual_solar_generation,Solar,2026-08-27T00:57:27Z
2026-08-27T00:55:09Z,2026-08-27T02:55:09+0200,9e257938-0a8b-4b8b-95d2-ab80972bdbbd,2026-07-30T16:30:00Z,2026-07-30T18:30:00+0200,9915.513,MW,DE,DE_LU,actual_solar_generation,Solar,2026-08-27T00:57:27Z
2026-08-27T00:55:09Z,2026-08-27T02:55:09+0200,9e257938-0a8b-4b8b-95d2-ab80972bdbbd,2026-07-30T16:45:00Z,2026-07-30T18:45:00+0200,8237.77,MW,DE,DE_LU,actual_solar_generation,Solar,2026-08-27T00:57:27Z
2026-08-27T00:55:09Z,2026-08-27T02:55:09+0200,9e257938-0a8b-4b8b-95d2-ab80972bdbbd,2026-07-30T17:00:00Z,2026-07-30T19:00:00+0200,6665.26,MW,DE,DE_LU,actual_solar_generation,Solar,2026-08-27T00:57:27Z
2026-08-27T00:55:09Z,2026-08-27T02:55:09+0200,9e257938-0a8b-4b8b-95d2-ab80972bdbbd,2026-07-30T17:15:00Z,2026-07-30T19:15:00+0200,5200.911,MW,DE,DE_LU,actual_solar_generation,Solar,2026-08-27T00:57:27Z
2026-08-27T00:55:09Z,2026-08-27T02:55:09+0200,9e257938-0a8b-4b8b-95d2-ab80972bdbbd,2026-07-30T17:30:00Z,2026-07-30T19:30:00+0200,3998.618,MW,DE,DE_LU,actual_solar_generation,Solar,2026-08-27T00:57:27Z
2026-08-27T00:55:09Z,2026-08-27T02:55:09+0200,9e257938-0a8b-4b8b-95d2-ab80972bdbbd,2026-07-30T17:45:00Z,2026-07-30T19:45:00+0200,2910.464,MW,DE,DE_LU,actual_solar_generation,Solar,2026-08-27T00:57:27Z
2026-08-27T00:55:09Z,2026-08-27T02:55:09+0200,9e257938-0a8b-4b8b-95d2-ab80972bdbbd,2026-07-30T18:00:00Z,2026-07-30T20:00:00+0200,1962.714,MW,DE,DE_LU,actual_solar_generation,Solar,2026-08-27T00:57:27Z
2026-08-27T00:55:09Z,2026-08-27T02:55:09+0200,9e257938-0a8b-4b8b-95d2-ab80972bdbbd,2026-07-30T18:15:00Z,2026-07-30T20:15:00+0200,1209.237,MW,DE,DE_LU,actual_solar_generation,Solar,2026-08-27T00:57:27Z
2026-08-27T00:55:09Z,2026-08-27T02:55:09+0200,9e257938-0a8b-4b8b-95d2-ab80972bdbbd,2026-07-30T18:30:00Z,2026-07-30T20:30:00+0200,657.631,MW,DE,DE_LU,actual_solar_generation,Solar,2026-08-27T00:57:27Z
2026-08-27T00:55:09Z,2026-08-27T02:55:09+0200,9e257938-0a8b-4b8b-95d2-ab80972bdbbd,2026-07-30T18:45:00Z,2026-07-30T20:45:00+0200,279.482,MW,DE,DE_LU,actual_solar_generation,Solar,2026-08-27T00:57:27Z
2026-08-27T00:55:09Z,2026-08-27T02:55:09+0200,9e257938-0a8b-4b8b-95d2-ab80972bdbbd,2026-07-30T19:00:00Z,2026-07-30T21:00:00+0200,101.517,MW,DE,DE_LU,actual_solar_generation,Solar,2026-08-27T00:57:27Z
2026-08-27T00:55:09Z,2026-08-27T02:55:09+0200,9e257938-0a8b-4b8b-95d2-ab80972bdbbd,2026-07-30T19:15:00Z,2026-07-30T21:15:00+0200,21.728,MW,DE,DE_LU,actual_solar_generation,Solar,2026-08-27T00:57:27Z
2026-08-27T00:55:09Z,2026-08-27T02:55:09+0200,9e257938-0a8b-4b8b-95d2-ab80972bdbbd,2026-07-30T19:30:00Z,2026-07-30T21:30:00+0200,6.049,MW,DE,DE_LU,actual_solar_generation,Solar,2026-08-27T00:57:27Z
2026-08-27T00:55:09Z,2026-08-27T02:55:09+0200,9e257938-0a8b-4b8b-95d2-ab80972bdbbd,2026-07-30T19:45:00Z,2026-07-30T21:45:00+0200,0.473,MW,DE,DE_LU,actual_solar_generation,Solar,2026-08-27T00:57:27Z
2026-08-27T00:55:09Z,2026-08-27T02:55:09+0200,9e257938-0a8b-4b8b-95d2-ab80972bdbbd,2026-07-30T20:00:00Z,2026-07-30T22:00:00+0200,0.237,MW,DE,DE_LU,actual_solar_generation,Solar,2026-08-27T00:57:27Z
2026-08-27T00:55:09Z,2026-08-27T02:55:09+0200,9e257938-0a8b-4b8b-95d2-ab80972bdbbd,2026-07-30T20:15:00Z,2026-07-30T22:15:00+0200,0.22,MW,DE,DE_LU,actual_solar_generation,Solar,2026-08-27T00:57:27Z
2026-08-27T00:55:09Z,2026-08-27T02:55:09+0200,9e257938-0a8b-4b8b-95d2-ab80972bdbbd,2026-07-30T20:30:00Z,2026-07-30T22:30:00+0200,0.201,MW,DE,DE_LU,actual_solar_generation,Solar,2026-08-27T00:57:27Z
2026-08-27T00:55:09Z,2026-08-27T02:55:09+0200,9e257938-0a8b-4b8b-95d2-ab80972bdbbd,2026-07-30T20:45:00Z,2026-07-30T22:45:00+0200,0.196,MW,DE,DE_LU,actual_solar_generation,Solar,2026-08-27T00:57:27Z
2026-08-27T00:55:09Z,2026-08-27T02:55:09+0200,9e257938-0a8b-4b8b-95d2-ab80972bdbbd,2026-07-30T21:00:00Z,2026-07-30T23:00:00+0200,0.198,MW,DE,DE_LU,actual_solar_generation,Solar,2026-08-27T00:57:27Z
2026-08-27T00:55:09Z,2026-08-27T02:55:09+0200,9e257938-0a8b-4b8b-95d2-ab80972bdbbd,2026-07-30T21:15:00Z,2026-07-30T23:15:00+0200,0.165,MW,DE,DE_LU,actual_solar_generation,Solar,2026-08-27T00:57:27Z
2026-08-27T00:55:09Z,2026-08-27T02:55:09+0200,9e257938-0a8b-4b8b-95d2-ab80972bdbbd,2026-07-30T21:30:00Z,2026-07-30T23:30:00+0200,0.152,MW,DE,DE_LU,actual_solar_generation,Solar,2026-08-27T00:57:27Z
2026-08-27T00:55:09Z,2026-08-27T02:55:09+0200,9e257938-0a8b-4b8b-95d2-ab80972bdbbd,2026-07-30T21:45:00Z,2026-07-30T23:45:00+0200,0.141,MW,DE,DE_LU,actual_solar_generation,Solar,2026-08-27T00:57:27Z
2026-08-27T00:55:09Z,2026-08-27T02:55:09+0200,9e257938-0a8b-4b8b-95d2-ab80972bdbbd,2026-07-30T22:00:00Z,2026-07-31T00:00:00+0200,0.139,MW,DE,DE_LU,actual_solar_generation,Solar,2026-08-27T00:57:27Z
2026-08-27T00:55:09Z,2026-08-27T02:55:09+0200,9e257938-0a8b-4b8b-95d2-ab80972bdbbd,2026-07-30T22:15:00Z,2026-07-31T00:15:00+0200,0.128,MW,DE,DE_LU,actual_solar_generation,Solar,2026-08-27T00:57:27Z
2026-08-27T00:55:09Z,2026-08-27T02:55:09+0200,9e257938-0a8b-4b8b-95d2-ab80972bdbbd,2026-07-30T22:30:00Z,2026-07-31T00:30:00+0200,0.122,MW,DE,DE_LU,actual_solar_generation,Solar,2026-08-27T00:57:27Z
2026-08-27T00:55:09Z,2026-08-27T02:55:09+0200,9e257938-0a8b-4b8b-95d2-ab80972bdbbd,2026-07-30T22:45:00Z,2026-07-31T00:45:00+0200,0.112,MW,DE,DE_LU,actual_solar_generation,Solar,2026-08-27T00:57:27Z
2026-08-27T00:55:09Z,2026-08-27T02:55:09+0200,9e257938-0a8b-4b8b-95d2-ab80972bdbbd,2026-07-30T23:00:00Z,2026-07-31T01:00:00+0200,0.103,MW,DE,DE_LU,actual_solar_generation,Solar,2026-08-27T00:57:27Z
2026-08-27T00:55:09Z,2026-08-27T02:55:09+0200,9e257938-0a8b-4b8b-95d2-ab80972bdbbd,2026-07-30T23:15:00Z,2026-07-31T01:15:00+0200,0.102,MW,DE,DE_LU,actual_solar_generation,Solar,2026-08-27T00:57:27Z
2026-08-27T00:55:09Z,2026-08-27T02:55:09+0200,9e257938-0a8b-4b8b-95d2-ab80972bdbbd,2026-07-30T23:30:00Z,2026-07-31T01:30:00+0200,0.094,MW,DE,DE_LU,actual_solar_generation,Solar,2026-08-27T00:57:27Z
2026-08-27T00:55:09Z,2026-08-27T02:55:09+0200,9e257938-0a8b-4b8b-95d2-ab80972bdbbd,2026-07-30T23:45:00Z,2026-07-31T01:45:00+0200,0.096,MW,DE,DE_LU,actual_solar_generation,Solar,2026-08-27T00:57:27Z
2026-08-27T00:55:09Z,2026-08-27T02:55:09+0200,9e257938-0a8b-4b8b-95d2-ab80972bdbbd,2026-07-31T00:00:00Z,2026-07-31T02:00:00+0200,0.093,MW,DE,DE_LU,actual_solar_generation,Solar,2026-08-27T00:57:27Z
2026-08-27T00:55:09Z,2026-08-27T02:55:09+0200,9e257938-0a8b-4b8b-95d2-ab80972bdbbd,2026-07-31T00:15:00Z,2026-07-31T02:15:00+0200,0.096,MW,DE,DE_LU,actual_solar_generation,Solar,2026-08-27T00:57:27Z
2026-08-27T00:55:09Z,2026-08-27T02:55:09+0200,9e257938-0a8b-4b8b-95d2-ab80972bdbbd,2026-07-31T00:30:00Z,2026-07-31T02:30:00+0200,0.091,MW,DE,DE_LU,actual_solar_generation,Solar,2026-08-27T00:57:27Z
2026-08-27T00:55:09Z,2026-08-27T02:55:09+0200,9e257938-0a8b-4b8b-95d2-ab80972bdbbd,2026-07-31T00:45:00Z,2026-07-31T02:45:00+0200,0.084,MW,DE,DE_LU,actual_solar_generation,Solar,2026-08-27T00:57:27Z
2026-08-27T00:55:09Z,2026-08-27T02:55:09+0200,9e257938-0a8b-4b8b-95d2-ab80972bdbbd,2026-07-31T01:00:00Z,2026-07-31T03:00:00+0200,0.088,MW,DE,DE_LU,actual_solar_generation,Solar,2026-08-27T00:57:27Z
2026-08-27T00:55:09Z,2026-08-27T02:55:09+0200,9e257938-0a8b-4b8b-95d2-ab80972bdbbd,2026-07-31T01:15:00Z,2026-07-31T03:15:00+0200,0.093,MW,DE,DE_LU,actual_solar_generation,Solar,2026-08-27T00:57:27Z
2026-08-27T00:55:09Z,2026-08-27T02:55:09+0200,9e257938-0a8b-4b8b-95d2-ab80972bdbbd,2026-07-31T01:30:00Z,2026-07-31T03:30:00+0200,0.081,MW,DE,DE_LU,actual_solar_generation,Solar,2026-08-27T00:57:27Z
2026-08-27T00:55:09Z,2026-08-27T02:55:09+0200,9e257938-0a8b-4b8b-95d2-ab80972bdbbd,2026-07-31T01:45:00Z,2026-07-31T03:45:00+0200,0.079,MW,DE,DE_LU,actual_solar_generation,Solar,2026-08-27T00:57:27Z
2026-08-27T00:55:09Z,2026-08-27T02:55:09+0200,9e257938-0a8b-4b8b-95d2-ab80972bdbbd,2026-07-31T02:00:00Z,2026-07-31T04:00:00+0200,0.07,MW,DE,DE_LU,actual_solar_generation,Solar,2026-08-27T00:57:27Z
2026-08-27T00:55:09Z,2026-08-27T02:55:09+0200,9e257938-0a8b-4b8b-95d2-ab80972bdbbd,2026-07-31T02:15:00Z,2026-07-31T04:15:00+0200,0.069,MW,DE,DE_LU,actual_solar_generation,Solar,2026-08-27T00:57:27Z
2026-08-27T00:55:09Z,2026-08-27T02:55:09+0200,9e257938-0a8b-4b8b-95d2-ab80972bdbbd,2026-07-31T02:30:00Z,2026-07-31T04:30:00+0200,0.062,MW,DE,DE_LU,actual_solar_generation,Solar,2026-08-27T00:57:27Z
2026-08-27T00:55:09Z,2026-08-27T02:55:09+0200,9e257938-0a8b-4b8b-95d2-ab80972bdbbd,2026-07-31T02:45:00Z,2026-07-31T04:45:00+0200,0.063,MW,DE,DE_LU,actual_solar_generation,Solar,2026-08-27T00:57:27Z
2026-08-27T00:55:09Z,2026-08-27T02:55:09+0200,9e257938-0a8b-4b8b-95d2-ab80972bdbbd,2026-07-31T03:00:00Z,2026-07-31T05:00:00+0200,0.123,MW,DE,DE_LU,actual_solar_generation,Solar,2026-08-27T00:57:27Z
2026-08-27T00:55:09Z,2026-08-27T02:55:09+0200,9e257938-0a8b-4b8b-95d2-ab80972bdbbd,2026-07-31T03:15:00Z,2026-07-31T05:15:00+0200,2.702,MW,DE,DE_LU,actual_solar_generation,Solar,2026-08-27T00:57:27Z
2026-08-27T00:55:09Z,2026-08-27T02:55:09+0200,9e257938-0a8b-4b8b-95d2-ab80972bdbbd,2026-07-31T03:30:00Z,2026-07-31T05:30:00+0200,37.421,MW,DE,DE_LU,actual_solar_generation,Solar,2026-08-27T00:57:27Z
2026-08-27T00:55:09Z,2026-08-27T02:55:09+0200,9e257938-0a8b-4b8b-95d2-ab80972bdbbd,2026-07-31T03:45:00Z,2026-07-31T05:45:00+0200,226.064,MW,DE,DE_LU,actual_solar_generation,Solar,2026-08-27T00:57:27Z
2026-08-27T00:55:09Z,2026-08-27T02:55:09+0200,9e257938-0a8b-4b8b-95d2-ab80972bdbbd,2026-07-31T04:00:00Z,2026-07-31T06:00:00+0200,762.881,MW,DE,DE_LU,actual_solar_generation,Solar,2026-08-27T00:57:27Z
2026-08-27T00:55:09Z,2026-08-27T02:55:09+0200,9e257938-0a8b-4b8b-95d2-ab80972bdbbd,2026-07-31T04:15:00Z,2026-07-31T06:15:00+0200,1611.168,MW,DE,DE_LU,actual_solar_generation,Solar,2026-08-27T00:57:27Z
2026-08-27T00:55:09Z,2026-08-27T02:55:09+0200,9e257938-0a8b-4b8b-95d2-ab80972bdbbd,2026-07-31T04:30:00Z,2026-07-31T06:30:00+0200,2689.409,MW,DE,DE_LU,actual_solar_generation,Solar,2026-08-27T00:57:27Z
2026-08-27T00:55:09Z,2026-08-27T02:55:09+0200,9e257938-0a8b-4b8b-95d2-ab80972bdbbd,2026-07-31T04:45:00Z,2026-07-31T06:45:00+0200,3994.802,MW,DE,DE_LU,actual_solar_generation,Solar,2026-08-27T00:57:27Z
2026-08-27T00:55:09Z,2026-08-27T02:55:09+0200,9e257938-0a8b-4b8b-95d2-ab80972bdbbd,2026-07-31T05:00:00Z,2026-07-31T07:00:00+0200,5591.304,MW,DE,DE_LU,actual_solar_generation,Solar,2026-08-27T00:57:27Z
2026-08-27T00:55:09Z,2026-08-27T02:55:09+0200,9e257938-0a8b-4b8b-95d2-ab80972bdbbd,2026-07-31T05:15:00Z,2026-07-31T07:15:00+0200,7478.006,MW,DE,DE_LU,actual_solar_generation,Solar,2026-08-27T00:57:27Z
2026-08-27T00:55:09Z,2026-08-27T02:55:09+0200,9e257938-0a8b-4b8b-95d2-ab80972bdbbd,2026-07-31T05:30:00Z,2026-07-31T07:30:00+0200,9575.484,MW,DE,DE_LU,actual_solar_generation,Solar,2026-08-27T00:57:27Z
2026-08-27T00:55:09Z,2026-08-27T02:55:09+0200,9e257938-0a8b-4b8b-95d2-ab80972bdbbd,2026-07-31T05:45:00Z,2026-07-31T07:45:00+0200,11770.042,MW,DE,DE_LU,actual_solar_generation,Solar,2026-08-27T00:57:27Z
2026-08-27T00:55:09Z,2026-08-27T02:55:09+0200,9e257938-0a8b-4b8b-95d2-ab80972bdbbd,2026-07-31T06:00:00Z,2026-07-31T08:00:00+0200,14155.473,MW,DE,DE_LU,actual_solar_generation,Solar,2026-08-27T00:57:27Z
2026-08-27T00:55:09Z,2026-08-27T02:55:09+0200,9e257938-0a8b-4b8b-95d2-ab80972bdbbd,2026-07-31T06:15:00Z,2026-07-31T08:15:00+0200,16578.73,MW,DE,DE_LU,actual_solar_generation,Solar,2026-08-27T00:57:27Z
2026-08-27T00:55:09Z,2026-08-27T02:55:09+0200,9e257938-0a8b-4b8b-95d2-ab80972bdbbd,2026-07-31T06:30:00Z,2026-07-31T08:30:00+0200,19267.567,MW,DE,DE_LU,actual_solar_generation,Solar,2026-08-27T00:57:27Z
2026-08-27T00:55:09Z,2026-08-27T02:55:09+0200,9e257938-0a8b-4b8b-95d2-ab80972bdbbd,2026-07-31T06:45:00Z,2026-07-31T08:45:00+0200,22053.504,MW,DE,DE_LU,actual_solar_generation,Solar,2026-08-27T00:57:27Z
2026-08-27T00:55:09Z,2026-08-27T02:55:09+0200,9e257938-0a8b-4b8b-95d2-ab80972bdbbd,2026-07-31T07:00:00Z,2026-07-31T09:00:00+0200,24758.626,MW,DE,DE_LU,actual_solar_generation,Solar,2026-08-27T00:57:27Z
2026-08-27T00:55:09Z,2026-08-27T02:55:09+0200,9e257938-0a8b-4b8b-95d2-ab80972bdbbd,2026-07-31T07:15:00Z,2026-07-31T09:15:00+0200,27416.124,MW,DE,DE_LU,actual_solar_generation,Solar,2026-08-27T00:57:27Z
2026-08-27T00:55:09Z,2026-08-27T02:55:09+0200,9e257938-0a8b-4b8b-95d2-ab80972bdbbd,2026-07-31T07:30:00Z,2026-07-31T09:30:00+0200,29952.692,MW,DE,DE_LU,actual_solar_generation,Solar,2026-08-27T00:57:27Z
2026-08-27T00:55:09Z,2026-08-27T02:55:09+0200,9e257938-0a8b-4b8b-95d2-ab80972bdbbd,2026-07-31T07:45:00Z,2026-07-31T09:45:00+0200,32362.302,MW,DE,DE_LU,actual_solar_generation,Solar,2026-08-27T00:57:27Z
2026-08-27T00:55:09Z,2026-08-27T02:55:09+0200,9e257938-0a8b-4b8b-95d2-ab80972bdbbd,2026-07-31T08:00:00Z,2026-07-31T10:00:00+0200,34833.612,MW,DE,DE_LU,actual_solar_generation,Solar,2026-08-27T00:57:27Z
2026-08-27T00:55:09Z,2026-08-27T02:55:09+0200,9e257938-0a8b-4b8b-95d2-ab80972bdbbd,2026-07-31T08:15:00Z,2026-07-31T10:15:00+0200,37059.035,MW,DE,DE_LU,actual_solar_generation,Solar,2026-08-27T00:57:27Z
2026-08-27T00:55:09Z,2026-08-27T02:55:09+0200,9e257938-0a8b-4b8b-95d2-ab80972bdbbd,2026-07-31T08:30:00Z,2026-07-31T10:30:00+0200,39260.808,MW,DE,DE_LU,actual_solar_generation,Solar,2026-08-27T00:57:27Z
2026-08-27T00:55:09Z,2026-08-27T02:55:09+0200,9e257938-0a8b-4b8b-95d2-ab80972bdbbd,2026-07-31T08:45:00Z,2026-07-31T10:45:00+0200,41105.228,MW,DE,DE_LU,actual_solar_generation,Solar,2026-08-27T00:57:27Z
2026-08-27T00:55:09Z,2026-08-27T02:55:09+0200,9e257938-0a8b-4b8b-95d2-ab80972bdbbd,2026-07-31T09:00:00Z,2026-07-31T11:00:00+0200,42668.735,MW,DE,DE_LU,actual_solar_generation,Solar,2026-08-27T00:57:27Z
2026-08-27T00:55:09Z,2026-08-27T02:55:09+0200,9e257938-0a8b-4b8b-95d2-ab80972bdbbd,2026-07-31T09:15:00Z,2026-07-31T11:15:00+0200,44515.557,MW,DE,DE_LU,actual_solar_generation,Solar,2026-08-27T00:57:27Z
2026-08-27T00:55:09Z,2026-08-27T02:55:09+0200,9e257938-0a8b-4b8b-95d2-ab80972bdbbd,2026-07-31T09:30:00Z,2026-07-31T11:30:00+0200,45916.87,MW,DE,DE_LU,actual_solar_generation,Solar,2026-08-27T00:57:27Z
2026-08-27T00:55:09Z,2026-08-27T02:55:09+0200,9e257938-0a8b-4b8b-95d2-ab80972bdbbd,2026-07-31T09:45:00Z,2026-07-31T11:45:00+0200,46887.256,MW,DE,DE_LU,actual_solar_generation,Solar,2026-08-27T00:57:27Z
2026-08-27T00:55:09Z,2026-08-27T02:55:09+0200,9e257938-0a8b-4b8b-95d2-ab80972bdbbd,2026-07-31T10:00:00Z,2026-07-31T12:00:00+0200,47495.207,MW,DE,DE_LU,actual_solar_generation,Solar,2026-08-27T00:57:27Z
2026-08-27T00:55:09Z,2026-08-27T02:55:09+0200,9e257938-0a8b-4b8b-95d2-ab80972bdbbd,2026-07-31T10:15:00Z,2026-07-31T12:15:00+0200,48037.549,MW,DE,DE_LU,actual_solar_generation,Solar,2026-08-27T00:57:27Z
2026-08-27T00:55:09Z,2026-08-27T02:55:09+0200,9e257938-0a8b-4b8b-95d2-ab80972bdbbd,2026-07-31T10:30:00Z,2026-07-31T12:30:00+0200,48153.265,MW,DE,DE_LU,actual_solar_generation,Solar,2026-08-27T00:57:27Z
2026-08-27T00:55:09Z,2026-08-27T02:55:09+0200,9e257938-0a8b-4b8b-95d2-ab80972bdbbd,2026-07-31T10:45:00Z,2026-07-31T12:45:00+0200,47874.664,MW,DE,DE_LU,actual_solar_generation,Solar,2026-08-27T00:57:27Z
2026-08-27T00:55:09Z,2026-08-27T02:55:09+0200,9e257938-0a8b-4b8b-95d2-ab80972bdbbd,2026-07-31T11:00:00Z,2026-07-31T13:00:00+0200,47648.809,MW,DE,DE_LU,actual_solar_generation,Solar,2026-08-27T00:57:27Z
2026-08-27T00:55:09Z,2026-08-27T02:55:09+0200,9e257938-0a8b-4b8b-95d2-ab80972bdbbd,2026-07-31T11:15:00Z,2026-07-31T13:15:00+0200,46855.864,MW,DE,DE_LU,actual_solar_generation,Solar,2026-08-27T00:57:27Z
2026-08-27T00:55:09Z,2026-08-27T02:55:09+0200,9e257938-0a8b-4b8b-95d2-ab80972bdbbd,2026-07-31T11:30:00Z,2026-07-31T13:30:00+0200,46047.977,MW,DE,DE_LU,actual_solar_generation,Solar,2026-08-27T00:57:27Z
2026-08-27T00:55:09Z,2026-08-27T02:55:09+0200,9e257938-0a8b-4b8b-95d2-ab80972bdbbd,2026-07-31T11:45:00Z,2026-07-31T13:45:00+0200,45136.809,MW,DE,DE_LU,actual_solar_generation,Solar,2026-08-27T00:57:27Z
2026-08-27T00:55:09Z,2026-08-27T02:55:09+0200,9e257938-0a8b-4b8b-95d2-ab80972bdbbd,2026-07-31T12:00:00Z,2026-07-31T14:00:00+0200,44050.504,MW,DE,DE_LU,actual_solar_generation,Solar,2026-08-27T00:57:27Z
2026-08-27T00:55:09Z,2026-08-27T02:55:09+0200,9e257938-0a8b-4b8b-95d2-ab80972bdbbd,2026-07-31T12:15:00Z,2026-07-31T14:15:00+0200,43073.485,MW,DE,DE_LU,actual_solar_generation,Solar,2026-08-27T00:57:27Z
2026-08-27T00:55:09Z,2026-08-27T02:55:09+0200,9e257938-0a8b-4b8b-95d2-ab80972bdbbd,2026-07-31T12:30:00Z,2026-07-31T14:30:00+0200,41752.193,MW,DE,DE_LU,actual_solar_generation,Solar,2026-08-27T00:57:27Z
2026-08-27T00:55:09Z,2026-08-27T02:55:09+0200,9e257938-0a8b-4b8b-95d2-ab80972bdbbd,2026-07-31T12:45:00Z,2026-07-31T14:45:00+0200,40181.154,MW,DE,DE_LU,actual_solar_generation,Solar,2026-08-27T00:57:27Z
2026-08-27T00:55:09Z,2026-08-27T02:55:09+0200,9e257938-0a8b-4b8b-95d2-ab80972bdbbd,2026-07-31T13:00:00Z,2026-07-31T15:00:00+0200,38241.037,MW,DE,DE_LU,actual_solar_generation,Solar,2026-08-27T00:57:27Z
2026-08-27T00:55:09Z,2026-08-27T02:55:09+0200,9e257938-0a8b-4b8b-95d2-ab80972bdbbd,2026-07-31T13:15:00Z,2026-07-31T15:15:00+0200,36006.119,MW,DE,DE_LU,actual_solar_generation,Solar,2026-08-27T00:57:27Z
2026-08-27T00:55:09Z,2026-08-27T02:55:09+0200,9e257938-0a8b-4b8b-95d2-ab80972bdbbd,2026-07-31T13:30:00Z,2026-07-31T15:30:00+0200,34114.538,MW,DE,DE_LU,actual_solar_generation,Solar,2026-08-27T00:57:27Z
2026-08-27T00:55:09Z,2026-08-27T02:55:09+0200,9e257938-0a8b-4b8b-95d2-ab80972bdbbd,2026-07-31T13:45:00Z,2026-07-31T15:45:00+0200,32046.474,MW,DE,DE_LU,actual_solar_generation,Solar,2026-08-27T00:57:27Z
2026-08-27T00:55:09Z,2026-08-27T02:55:09+0200,9e257938-0a8b-4b8b-95d2-ab80972bdbbd,2026-07-31T14:00:00Z,2026-07-31T16:00:00+0200,30124.503,MW,DE,DE_LU,actual_solar_generation,Solar,2026-08-27T00:57:27Z
2026-08-27T00:55:09Z,2026-08-27T02:55:09+0200,9e257938-0a8b-4b8b-95d2-ab80972bdbbd,2026-07-31T14:15:00Z,2026-07-31T16:15:00+0200,28084.371,MW,DE,DE_LU,actual_solar_generation,Solar,2026-08-27T00:57:27Z
2026-08-27T00:55:09Z,2026-08-27T02:55:09+0200,9e257938-0a8b-4b8b-95d2-ab80972bdbbd,2026-07-31T14:30:00Z,2026-07-31T16:30:00+0200,26094.996,MW,DE,DE_LU,actual_solar_generation,Solar,2026-08-27T00:57:27Z
2026-08-27T00:55:09Z,2026-08-27T02:55:09+0200,9e257938-0a8b-4b8b-95d2-ab80972bdbbd,2026-07-31T14:45:00Z,2026-07-31T16:45:00+0200,24029.338,MW,DE,DE_LU,actual_solar_generation,Solar,2026-08-27T00:57:27Z
2026-08-27T00:55:09Z,2026-08-27T02:55:09+0200,9e257938-0a8b-4b8b-95d2-ab80972bdbbd,2026-07-31T15:00:00Z,2026-07-31T17:00:00+0200,22188.084,MW,DE,DE_LU,actual_solar_generation,Solar,2026-08-27T00:57:27Z
2026-08-27T00:55:09Z,2026-08-27T02:55:09+0200,9e257938-0a8b-4b8b-95d2-ab80972bdbbd,2026-07-31T15:15:00Z,2026-07-31T17:15:00+0200,19964.082,MW,DE,DE_LU,actual_solar_generation,Solar,2026-08-27T00:57:27Z
2026-08-27T00:55:09Z,2026-08-27T02:55:09+0200,9e257938-0a8b-4b8b-95d2-ab80972bdbbd,2026-07-31T15:30:00Z,2026-07-31T17:30:00+0200,17823.297,MW,DE,DE_LU,actual_solar_generation,Solar,2026-08-27T00:57:27Z
2026-08-27T00:55:09Z,2026-08-27T02:55:09+0200,9e257938-0a8b-4b8b-95d2-ab80972bdbbd,2026-07-31T15:45:00Z,2026-07-31T17:45:00+0200,15709.65,MW,DE,DE_LU,actual_solar_generation,Solar,2026-08-27T00:57:27Z
2026-08-27T00:55:09Z,2026-08-27T02:55:09+0200,9e257938-0a8b-4b8b-95d2-ab80972bdbbd,2026-07-31T16:00:00Z,2026-07-31T18:00:00+0200,13701.353,MW,DE,DE_LU,actual_solar_generation,Solar,2026-08-27T00:57:27Z
2026-08-27T00:55:09Z,2026-08-27T02:55:09+0200,9e257938-0a8b-4b8b-95d2-ab80972bdbbd,2026-07-31T16:15:00Z,2026-07-31T18:15:00+0200,11762.951,MW,DE,DE_LU,actual_solar_generation,Solar,2026-08-27T00:57:27Z
2026-08-27T00:55:09Z,2026-08-27T02:55:09+0200,9e257938-0a8b-4b8b-95d2-ab80972bdbbd,2026-07-31T16:30:00Z,2026-07-31T18:30:00+0200,10089.994,MW,DE,DE_LU,actual_solar_generation,Solar,2026-08-27T00:57:27Z
2026-08-27T00:55:09Z,2026-08-27T02:55:09+0200,9e257938-0a8b-4b8b-95d2-ab80972bdbbd,2026-07-31T16:45:00Z,2026-07-31T18:45:00+0200,8528.918,MW,DE,DE_LU,actual_solar_generation,Solar,2026-08-27T00:57:27Z
2026-08-27T00:55:09Z,2026-08-27T02:55:09+0200,9e257938-0a8b-4b8b-95d2-ab80972bdbbd,2026-07-31T17:00:00Z,2026-07-31T19:00:00+0200,6962.478,MW,DE,DE_LU,actual_solar_generation,Solar,2026-08-27T00:57:27Z
2026-08-27T00:55:09Z,2026-08-27T02:55:09+0200,9e257938-0a8b-4b8b-95d2-ab80972bdbbd,2026-07-31T17:15:00Z,2026-07-31T19:15:00+0200,5455.7,MW,DE,DE_LU,actual_solar_generation,Solar,2026-08-27T00:57:27Z
2026-08-27T00:55:09Z,2026-08-27T02:55:09+0200,9e257938-0a8b-4b8b-95d2-ab80972bdbbd,2026-07-31T17:30:00Z,2026-07-31T19:30:00+0200,4121.194,MW,DE,DE_LU,actual_solar_generation,Solar,2026-08-27T00:57:27Z
2026-08-27T00:55:09Z,2026-08-27T02:55:09+0200,9e257938-0a8b-4b8b-95d2-ab80972bdbbd,2026-07-31T17:45:00Z,2026-07-31T19:45:00+0200,3004.749,MW,DE,DE_LU,actual_solar_generation,Solar,2026-08-27T00:57:27Z
2026-08-27T00:55:09Z,2026-08-27T02:55:09+0200,9e257938-0a8b-4b8b-95d2-ab80972bdbbd,2026-07-31T18:00:00Z,2026-07-31T20:00:00+0200,2073.455,MW,DE,DE_LU,actual_solar_generation,Solar,2026-08-27T00:57:27Z
2026-08-27T00:55:09Z,2026-08-27T02:55:09+0200,9e257938-0a8b-4b8b-95d2-ab80972bdbbd,2026-07-31T18:15:00Z,2026-07-31T20:15:00+0200,1314.819,MW,DE,DE_LU,actual_solar_generation,Solar,2026-08-27T00:57:27Z
2026-08-27T00:55:09Z,2026-08-27T02:55:09+0200,9e257938-0a8b-4b8b-95d2-ab80972bdbbd,2026-07-31T18:30:00Z,2026-07-31T20:30:00+0200,690.974,MW,DE,DE_LU,actual_solar_generation,Solar,2026-08-27T00:57:27Z
2026-08-27T00:55:09Z,2026-08-27T02:55:09+0200,9e257938-0a8b-4b8b-95d2-ab80972bdbbd,2026-07-31T18:45:00Z,2026-07-31T20:45:00+0200,280.047,MW,DE,DE_LU,actual_solar_generation,Solar,2026-08-27T00:57:27Z
2026-08-27T00:55:09Z,2026-08-27T02:55:09+0200,9e257938-0a8b-4b8b-95d2-ab80972bdbbd,2026-07-31T19:00:00Z,2026-07-31T21:00:00+0200,89.08,MW,DE,DE_LU,actual_solar_generation,Solar,2026-08-27T00:57:27Z
2026-08-27T00:55:09Z,2026-08-27T02:55:09+0200,9e257938-0a8b-4b8b-95d2-ab80972bdbbd,2026-07-31T19:15:00Z,2026-07-31T21:15:00+0200,19.303,MW,DE,DE_LU,actual_solar_generation,Solar,2026-08-27T00:57:27Z
2026-08-27T00:55:09Z,2026-08-27T02:55:09+0200,9e257938-0a8b-4b8b-95d2-ab80972bdbbd,2026-07-31T19:30:00Z,2026-07-31T21:30:00+0200,5.416,MW,DE,DE_LU,actual_solar_generation,Solar,2026-08-27T00:57:27Z
2026-08-27T00:55:09Z,2026-08-27T02:55:09+0200,9e257938-0a8b-4b8b-95d2-ab80972bdbbd,2026-07-31T19:45:00Z,2026-07-31T21:45:00+0200,0.312,MW,DE,DE_LU,actual_solar_generation,Solar,2026-08-27T00:57:27Z
2026-08-27T00:55:09Z,2026-08-27T02:55:09+0200,9e257938-0a8b-4b8b-95d2-ab80972bdbbd,2026-07-31T20:00:00Z,2026-07-31T22:00:00+0200,0.272,MW,DE,DE_LU,actual_solar_generation,Solar,2026-08-27T00:57:27Z
2026-08-27T00:55:09Z,2026-08-27T02:55:09+0200,9e257938-0a8b-4b8b-95d2-ab80972bdbbd,2026-07-31T20:15:00Z,2026-07-31T22:15:00+0200,0.253,MW,DE,DE_LU,actual_solar_generation,Solar,2026-08-27T00:57:27Z
2026-08-27T00:55:09Z,2026-08-27T02:55:09+0200,9e257938-0a8b-4b8b-95d2-ab80972bdbbd,2026-07-31T20:30:00Z,2026-07-31T22:30:00+0200,0.194,MW,DE,DE_LU,actual_solar_generation,Solar,2026-08-27T00:57:27Z
2026-08-27T00:55:09Z,2026-08-27T02:55:09+0200,9e257938-0a8b-4b8b-95d2-ab80972bdbbd,2026-07-31T20:45:00Z,2026-07-31T22:45:00+0200,0.162,MW,DE,DE_LU,actual_solar_generation,Solar,2026-08-27T00:57:27Z
2026-08-27T00:55:09Z,2026-08-27T02:55:09+0200,9e257938-0a8b-4b8b-95d2-ab80972bdbbd,2026-07-31T21:00:00Z,2026-07-31T23:00:00+0200,0.168,MW,DE,DE_LU,actual_solar_generation,Solar,2026-08-27T00:57:27Z
2026-08-27T00:55:09Z,2026-08-27T02:55:09+0200,9e257938-0a8b-4b8b-95d2-ab80972bdbbd,2026-07-31T21:15:00Z,2026-07-31T23:15:00+0200,0.154,MW,DE,DE_LU,actual_solar_generation,Solar,2026-08-27T00:57:27Z
2026-08-27T00:55:09Z,2026-08-27T02:55:09+0200,9e257938-0a8b-4b8b-95d2-ab80972bdbbd,2026-07-31T21:30:00Z,2026-07-31T23:30:00+0200,0.141,MW,DE,DE_LU,actual_solar_generation,Solar,2026-08-27T00:57:27Z
2026-08-27T00:55:09Z,2026-08-27T02:55:09+0200,9e257938-0a8b-4b8b-95d2-ab80972bdbbd,2026-07-31T21:45:00Z,2026-07-31T23:45:00+0200,0.135,MW,DE,DE_LU,actual_solar_generation,Solar,2026-08-27T00:57:27Z
2026-08-27T00:55:09Z,2026-08-27T02:55:09+0200,9e257938-0a8b-4b8b-95d2-ab80972bdbbd,2026-07-31T22:00:00Z,2026-08-01T00:00:00+0200,0.115,MW,DE,DE_LU,actual_solar_generation,Solar,2026-08-27T00:57:27Z
2026-08-27T00:55:09Z,2026-08-27T02:55:09+0200,9e257938-0a8b-4b8b-95d2-ab80972bdbbd,2026-07-31T22:15:00Z,2026-08-01T00:15:00+0200,0.11,MW,DE,DE_LU,actual_solar_generation,Solar,2026-08-27T00:57:27Z
2026-08-27T00:55:09Z,2026-08-27T02:55:09+0200,9e257938-0a8b-4b8b-95d2-ab80972bdbbd,2026-07-31T22:30:00Z,2026-08-01T00:30:00+0200,0.09,MW,DE,DE_LU,actual_solar_generation,Solar,2026-08-27T00:57:27Z
2026-08-27T00:55:09Z,2026-08-27T02:55:09+0200,9e257938-0a8b-4b8b-95d2-ab80972bdbbd,2026-07-31T22:45:00Z,2026-08-01T00:45:00+0200,0.089,MW,DE,DE_LU,actual_solar_generation,Solar,2026-08-27T00:57:27Z
2026-08-27T00:55:09Z,2026-08-27T02:55:09+0200,9e257938-0a8b-4b8b-95d2-ab80972bdbbd,2026-07-31T23:00:00Z,2026-08-01T01:00:00+0200,0.089,MW,DE,DE_LU,actual_solar_generation,Solar,2026-08-27T00:57:27Z
2026-08-27T00:55:09Z,2026-08-27T02:55:09+0200,9e257938-0a8b-4b8b-95d2-ab80972bdbbd,2026-07-31T23:15:00Z,2026-08-01T01:15:00+0200,0.111,MW,DE,DE_LU,actual_solar_generation,Solar,2026-08-27T00:57:27Z
2026-08-27T00:55:09Z,2026-08-27T02:55:09+0200,9e257938-0a8b-4b8b-95d2-ab80972bdbbd,2026-07-31T23:30:00Z,2026-08-01T01:30:00+0200,0.105,MW,DE,DE_LU,actual_solar_generation,Solar,2026-08-27T00:57:27Z
2026-08-27T00:55:09Z,2026-08-27T02:55:09+0200,9e257938-0a8b-4b8b-95d2-ab80972bdbbd,2026-07-31T23:45:00Z,2026-08-01T01:45:00+0200,0.096,MW,DE,DE_LU,actual_solar_generation,Solar,2026-08-27T00:57:27Z
2026-08-27T00:55:09Z,2026-08-27T02:55:09+0200,9e257938-0a8b-4b8b-95d2-ab80972bdbbd,2026-08-01T00:00:00Z,2026-08-01T02:00:00+0200,0.093,MW,DE,DE_LU,actual_solar_generation,Solar,2026-08-27T00:57:27Z
2026-08-27T00:55:09Z,2026-08-27T02:55:09+0200,9e257938-0a8b-4b8b-95d2-ab80972bdbbd,2026-08-01T00:15:00Z,2026-08-01T02:15:00+0200,0.092,MW,DE,DE_LU,actual_solar_generation,Solar,2026-08-27T00:57:27Z
2026-08-27T00:55:09Z,2026-08-27T02:55:09+0200,9e257938-0a8b-4b8b-95d2-ab80972bdbbd,2026-08-01T00:30:00Z,2026-08-01T02:30:00+0200,0.082,MW,DE,DE_LU,actual_solar_generation,Solar,2026-08-27T00:57:27Z
2026-08-27T00:55:09Z,2026-08-27T02:55:09+0200,9e257938-0a8b-4b8b-95d2-ab80972bdbbd,2026-08-01T00:45:00Z,2026-08-01T02:45:00+0200,0.072,MW,DE,DE_LU,actual_solar_generation,Solar,2026-08-27T00:57:27Z
2026-08-27T00:55:09Z,2026-08-27T02:55:09+0200,9e257938-0a8b-4b8b-95d2-ab80972bdbbd,2026-08-01T01:00:00Z,2026-08-01T03:00:00+0200,0.07,MW,DE,DE_LU,actual_solar_generation,Solar,2026-08-27T00:57:27Z
2026-08-27T00:55:09Z,2026-08-27T02:55:09+0200,9e257938-0a8b-4b8b-95d2-ab80972bdbbd,2026-08-01T01:15:00Z,2026-08-01T03:15:00+0200,0.063,MW,DE,DE_LU,actual_solar_generation,Solar,2026-08-27T00:57:27Z
2026-08-27T00:55:09Z,2026-08-27T02:55:09+0200,9e257938-0a8b-4b8b-95d2-ab80972bdbbd,2026-08-01T01:30:00Z,2026-08-01T03:30:00+0200,0.066,MW,DE,DE_LU,actual_solar_generation,Solar,2026-08-27T00:57:27Z
2026-08-27T00:55:09Z,2026-08-27T02:55:09+0200,9e257938-0a8b-4b8b-95d2-ab80972bdbbd,2026-08-01T01:45:00Z,2026-08-01T03:45:00+0200,0.058,MW,DE,DE_LU,actual_solar_generation,Solar,2026-08-27T00:57:27Z
2026-08-27T00:55:09Z,2026-08-27T02:55:09+0200,9e257938-0a8b-4b8b-95d2-ab80972bdbbd,2026-08-01T02:00:00Z,2026-08-01T04:00:00+0200,0.057,MW,DE,DE_LU,actual_solar_generation,Solar,2026-08-27T00:57:27Z
2026-08-27T00:55:09Z,2026-08-27T02:55:09+0200,9e257938-0a8b-4b8b-95d2-ab80972bdbbd,2026-08-01T02:15:00Z,2026-08-01T04:15:00+0200,0.057,MW,DE,DE_LU,actual_solar_generation,Solar,2026-08-27T00:57:27Z
2026-08-27T00:55:09Z,2026-08-27T02:55:09+0200,9e257938-0a8b-4b8b-95d2-ab80972bdbbd,2026-08-01T02:30:00Z,2026-08-01T04:30:00+0200,0.061,MW,DE,DE_LU,actual_solar_generation,Solar,2026-08-27T00:57:27Z
2026-08-27T00:55:09Z,2026-08-27T02:55:09+0200,9e257938-0a8b-4b8b-95d2-ab80972bdbbd,2026-08-01T02:45:00Z,2026-08-01T04:45:00+0200,0.059,MW,DE,DE_LU,actual_solar_generation,Solar,2026-08-27T00:57:27Z
2026-08-27T00:55:09Z,2026-08-27T02:55:09+0200,9e257938-0a8b-4b8b-95d2-ab80972bdbbd,2026-08-01T03:00:00Z,2026-08-01T05:00:00+0200,0.089,MW,DE,DE_LU,actual_solar_generation,Solar,2026-08-27T00:57:27Z
2026-08-27T00:55:09Z,2026-08-27T02:55:09+0200,9e257938-0a8b-4b8b-95d2-ab80972bdbbd,2026-08-01T03:15:00Z,2026-08-01T05:15:00+0200,1.912,MW,DE,DE_LU,actual_solar_generation,Solar,2026-08-27T00:57:27Z
2026-08-27T00:55:09Z,2026-08-27T02:55:09+0200,9e257938-0a8b-4b8b-95d2-ab80972bdbbd,2026-08-01T03:30:00Z,2026-08-01T05:30:00+0200,17.116,MW,DE,DE_LU,actual_solar_generation,Solar,2026-08-27T00:57:27Z
2026-08-27T00:55:09Z,2026-08-27T02:55:09+0200,9e257938-0a8b-4b8b-95d2-ab80972bdbbd,2026-08-01T03:45:00Z,2026-08-01T05:45:00+0200,116.37,MW,DE,DE_LU,actual_solar_generation,Solar,2026-08-27T00:57:27Z
2026-08-27T00:55:09Z,2026-08-27T02:55:09+0200,9e257938-0a8b-4b8b-95d2-ab80972bdbbd,2026-08-01T04:00:00Z,2026-08-01T06:00:00+0200,435.689,MW,DE,DE_LU,actual_solar_generation,Solar,2026-08-27T00:57:27Z
2026-08-27T00:55:09Z,2026-08-27T02:55:09+0200,9e257938-0a8b-4b8b-95d2-ab80972bdbbd,2026-08-01T04:15:00Z,2026-08-01T06:15:00+0200,969.779,MW,DE,DE_LU,actual_solar_generation,Solar,2026-08-27T00:57:27Z
2026-08-27T00:55:09Z,2026-08-27T02:55:09+0200,9e257938-0a8b-4b8b-95d2-ab80972bdbbd,2026-08-01T04:30:00Z,2026-08-01T06:30:00+0200,1614.667,MW,DE,DE_LU,actual_solar_generation,Solar,2026-08-27T00:57:27Z
2026-08-27T00:55:09Z,2026-08-27T02:55:09+0200,9e257938-0a8b-4b8b-95d2-ab80972bdbbd,2026-08-01T04:45:00Z,2026-08-01T06:45:00+0200,2393.319,MW,DE,DE_LU,actual_solar_generation,Solar,2026-08-27T00:57:27Z
2026-08-27T00:55:09Z,2026-08-27T02:55:09+0200,9e257938-0a8b-4b8b-95d2-ab80972bdbbd,2026-08-01T05:00:00Z,2026-08-01T07:00:00+0200,3321.303,MW,DE,DE_LU,actual_solar_generation,Solar,2026-08-27T00:57:27Z
2026-08-27T00:55:09Z,2026-08-27T02:55:09+0200,9e257938-0a8b-4b8b-95d2-ab80972bdbbd,2026-08-01T05:15:00Z,2026-08-01T07:15:00+0200,4321.296,MW,DE,DE_LU,actual_solar_generation,Solar,2026-08-27T00:57:27Z
2026-08-27T00:55:09Z,2026-08-27T02:55:09+0200,9e257938-0a8b-4b8b-95d2-ab80972bdbbd,2026-08-01T05:30:00Z,2026-08-01T07:30:00+0200,5497.864,MW,DE,DE_LU,actual_solar_generation,Solar,2026-08-27T00:57:27Z
2026-08-27T00:55:09Z,2026-08-27T02:55:09+0200,9e257938-0a8b-4b8b-95d2-ab80972bdbbd,2026-08-01T05:45:00Z,2026-08-01T07:45:00+0200,6818.824,MW,DE,DE_LU,actual_solar_generation,Solar,2026-08-27T00:57:27Z
2026-08-27T00:55:09Z,2026-08-27T02:55:09+0200,9e257938-0a8b-4b8b-95d2-ab80972bdbbd,2026-08-01T06:00:00Z,2026-08-01T08:00:00+0200,8324.956,MW,DE,DE_LU,actual_solar_generation,Solar,2026-08-27T00:57:27Z
2026-08-27T00:55:09Z,2026-08-27T02:55:09+0200,9e257938-0a8b-4b8b-95d2-ab80972bdbbd,2026-08-01T06:15:00Z,2026-08-01T08:15:00+0200,9995.332,MW,DE,DE_LU,actual_solar_generation,Solar,2026-08-27T00:57:27Z
2026-08-27T00:55:09Z,2026-08-27T02:55:09+0200,9e257938-0a8b-4b8b-95d2-ab80972bdbbd,2026-08-01T06:30:00Z,2026-08-01T08:30:00+0200,11820.459,MW,DE,DE_LU,actual_solar_generation,Solar,2026-08-27T00:57:27Z
2026-08-27T00:55:09Z,2026-08-27T02:55:09+0200,9e257938-0a8b-4b8b-95d2-ab80972bdbbd,2026-08-01T06:45:00Z,2026-08-01T08:45:00+0200,13802.339,MW,DE,DE_LU,actual_solar_generation,Solar,2026-08-27T00:57:27Z
2026-08-27T00:55:09Z,2026-08-27T02:55:09+0200,9e257938-0a8b-4b8b-95d2-ab80972bdbbd,2026-08-01T07:00:00Z,2026-08-01T09:00:00+0200,15658.068,MW,DE,DE_LU,actual_solar_generation,Solar,2026-08-27T00:57:27Z
2026-08-27T00:55:09Z,2026-08-27T02:55:09+0200,9e257938-0a8b-4b8b-95d2-ab80972bdbbd,2026-08-01T07:15:00Z,2026-08-01T09:15:00+0200,17789.854,MW,DE,DE_LU,actual_solar_generation,Solar,2026-08-27T00:57:27Z
2026-08-27T00:55:09Z,2026-08-27T02:55:09+0200,9e257938-0a8b-4b8b-95d2-ab80972bdbbd,2026-08-01T07:30:00Z,2026-08-01T09:30:00+0200,19854.35,MW,DE,DE_LU,actual_solar_generation,Solar,2026-08-27T00:57:27Z
2026-08-27T00:55:09Z,2026-08-27T02:55:09+0200,9e257938-0a8b-4b8b-95d2-ab80972bdbbd,2026-08-01T07:45:00Z,2026-08-01T09:45:00+0200,22185.312,MW,DE,DE_LU,actual_solar_generation,Solar,2026-08-27T00:57:27Z
2026-08-27T00:55:09Z,2026-08-27T02:55:09+0200,9e257938-0a8b-4b8b-95d2-ab80972bdbbd,2026-08-01T08:00:00Z,2026-08-01T10:00:00+0200,24536.853,MW,DE,DE_LU,actual_solar_generation,Solar,2026-08-27T00:57:27Z
2026-08-27T00:55:09Z,2026-08-27T02:55:09+0200,9e257938-0a8b-4b8b-95d2-ab80972bdbbd,2026-08-01T08:15:00Z,2026-08-01T10:15:00+0200,26619.159,MW,DE,DE_LU,actual_solar_generation,Solar,2026-08-27T00:57:27Z
2026-08-27T00:55:09Z,2026-08-27T02:55:09+0200,9e257938-0a8b-4b8b-95d2-ab80972bdbbd,2026-08-01T08:30:00Z,2026-08-01T10:30:00+0200,28813.653,MW,DE,DE_LU,actual_solar_generation,Solar,2026-08-27T00:57:27Z
2026-08-27T00:55:09Z,2026-08-27T02:55:09+0200,9e257938-0a8b-4b8b-95d2-ab80972bdbbd,2026-08-01T08:45:00Z,2026-08-01T10:45:00+0200,30745.098,MW,DE,DE_LU,actual_solar_generation,Solar,2026-08-27T00:57:27Z
2026-08-27T00:55:09Z,2026-08-27T02:55:09+0200,9e257938-0a8b-4b8b-95d2-ab80972bdbbd,2026-08-01T09:00:00Z,2026-08-01T11:00:00+0200,32419.764,MW,DE,DE_LU,actual_solar_generation,Solar,2026-08-27T00:57:27Z
2026-08-27T00:55:09Z,2026-08-27T02:55:09+0200,9e257938-0a8b-4b8b-95d2-ab80972bdbbd,2026-08-01T09:15:00Z,2026-08-01T11:15:00+0200,34215.265,MW,DE,DE_LU,actual_solar_generation,Solar,2026-08-27T00:57:27Z
2026-08-27T00:55:09Z,2026-08-27T02:55:09+0200,9e257938-0a8b-4b8b-95d2-ab80972bdbbd,2026-08-01T09:30:00Z,2026-08-01T11:30:00+0200,35477.245,MW,DE,DE_LU,actual_solar_generation,Solar,2026-08-27T00:57:27Z
2026-08-27T00:55:09Z,2026-08-27T02:55:09+0200,9e257938-0a8b-4b8b-95d2-ab80972bdbbd,2026-08-01T09:45:00Z,2026-08-01T11:45:00+0200,36715.63,MW,DE,DE_LU,actual_solar_generation,Solar,2026-08-27T00:57:27Z
2026-08-27T00:55:09Z,2026-08-27T02:55:09+0200,9e257938-0a8b-4b8b-95d2-ab80972bdbbd,2026-08-01T10:00:00Z,2026-08-01T12:00:00+0200,37777.039,MW,DE,DE_LU,actual_solar_generation,Solar,2026-08-27T00:57:27Z
2026-08-27T00:55:09Z,2026-08-27T02:55:09+0200,9e257938-0a8b-4b8b-95d2-ab80972bdbbd,2026-08-01T10:15:00Z,2026-08-01T12:15:00+0200,38614.003,MW,DE,DE_LU,actual_solar_generation,Solar,2026-08-27T00:57:27Z
2026-08-27T00:55:09Z,2026-08-27T02:55:09+0200,9e257938-0a8b-4b8b-95d2-ab80972bdbbd,2026-08-01T10:30:00Z,2026-08-01T12:30:00+0200,39433.145,MW,DE,DE_LU,actual_solar_generation,Solar,2026-08-27T00:57:27Z
2026-08-27T00:55:09Z,2026-08-27T02:55:09+0200,9e257938-0a8b-4b8b-95d2-ab80972bdbbd,2026-08-01T10:45:00Z,2026-08-01T12:45:00+0200,39822.875,MW,DE,DE_LU,actual_solar_generation,Solar,2026-08-27T00:57:27Z
2026-08-27T00:55:09Z,2026-08-27T02:55:09+0200,9e257938-0a8b-4b8b-95d2-ab80972bdbbd,2026-08-01T11:00:00Z,2026-08-01T13:00:00+0200,40311.344,MW,DE,DE_LU,actual_solar_generation,Solar,2026-08-27T00:57:27Z
2026-08-27T00:55:09Z,2026-08-27T02:55:09+0200,9e257938-0a8b-4b8b-95d2-ab80972bdbbd,2026-08-01T11:15:00Z,2026-08-01T13:15:00+0200,40660.134,MW,DE,DE_LU,actual_solar_generation,Solar,2026-08-27T00:57:27Z
2026-08-27T00:55:09Z,2026-08-27T02:55:09+0200,9e257938-0a8b-4b8b-95d2-ab80972bdbbd,2026-08-01T11:30:00Z,2026-08-01T13:30:00+0200,41278.781,MW,DE,DE_LU,actual_solar_generation,Solar,2026-08-27T00:57:27Z
2026-08-27T00:55:09Z,2026-08-27T02:55:09+0200,9e257938-0a8b-4b8b-95d2-ab80972bdbbd,2026-08-01T11:45:00Z,2026-08-01T13:45:00+0200,41527.581,MW,DE,DE_LU,actual_solar_generation,Solar,2026-08-27T00:57:27Z
2026-08-27T00:55:09Z,2026-08-27T02:55:09+0200,9e257938-0a8b-4b8b-95d2-ab80972bdbbd,2026-08-01T12:00:00Z,2026-08-01T14:00:00+0200,40980.269,MW,DE,DE_LU,actual_solar_generation,Solar,2026-08-27T00:57:27Z
2026-08-27T00:55:09Z,2026-08-27T02:55:09+0200,9e257938-0a8b-4b8b-95d2-ab80972bdbbd,2026-08-01T12:15:00Z,2026-08-01T14:15:00+0200,41240.498,MW,DE,DE_LU,actual_solar_generation,Solar,2026-08-27T00:57:27Z
2026-08-27T00:55:09Z,2026-08-27T02:55:09+0200,9e257938-0a8b-4b8b-95d2-ab80972bdbbd,2026-08-01T12:30:00Z,2026-08-01T14:30:00+0200,40879.434,MW,DE,DE_LU,actual_solar_generation,Solar,2026-08-27T00:57:27Z
2026-08-27T00:55:09Z,2026-08-27T02:55:09+0200,9e257938-0a8b-4b8b-95d2-ab80972bdbbd,2026-08-01T12:45:00Z,2026-08-01T14:45:00+0200,40552.74,MW,DE,DE_LU,actual_solar_generation,Solar,2026-08-27T00:57:27Z
2026-08-27T00:55:09Z,2026-08-27T02:55:09+0200,9e257938-0a8b-4b8b-95d2-ab80972bdbbd,2026-08-01T13:00:00Z,2026-08-01T15:00:00+0200,40082.317,MW,DE,DE_LU,actual_solar_generation,Solar,2026-08-27T00:57:27Z
2026-08-27T00:55:09Z,2026-08-27T02:55:09+0200,9e257938-0a8b-4b8b-95d2-ab80972bdbbd,2026-08-01T13:15:00Z,2026-08-01T15:15:00+0200,39765.652,MW,DE,DE_LU,actual_solar_generation,Solar,2026-08-27T00:57:27Z
2026-08-27T00:55:09Z,2026-08-27T02:55:09+0200,9e257938-0a8b-4b8b-95d2-ab80972bdbbd,2026-08-01T13:30:00Z,2026-08-01T15:30:00+0200,38720.814,MW,DE,DE_LU,actual_solar_generation,Solar,2026-08-27T00:57:27Z
2026-08-27T00:55:09Z,2026-08-27T02:55:09+0200,9e257938-0a8b-4b8b-95d2-ab80972bdbbd,2026-08-01T13:45:00Z,2026-08-01T15:45:00+0200,37381.52,MW,DE,DE_LU,actual_solar_generation,Solar,2026-08-27T00:57:27Z
2026-08-27T00:55:09Z,2026-08-27T02:55:09+0200,9e257938-0a8b-4b8b-95d2-ab80972bdbbd,2026-08-01T14:00:00Z,2026-08-01T16:00:00+0200,36492.443,MW,DE,DE_LU,actual_solar_generation,Solar,2026-08-27T00:57:27Z
2026-08-27T00:55:09Z,2026-08-27T02:55:09+0200,9e257938-0a8b-4b8b-95d2-ab80972bdbbd,2026-08-01T14:15:00Z,2026-08-01T16:15:00+0200,35474.696,MW,DE,DE_LU,actual_solar_generation,Solar,2026-08-27T00:57:27Z
2026-08-27T00:55:09Z,2026-08-27T02:55:09+0200,9e257938-0a8b-4b8b-95d2-ab80972bdbbd,2026-08-01T14:30:00Z,2026-08-01T16:30:00+0200,34181.871,MW,DE,DE_LU,actual_solar_generation,Solar,2026-08-27T00:57:27Z
2026-08-27T00:55:09Z,2026-08-27T02:55:09+0200,9e257938-0a8b-4b8b-95d2-ab80972bdbbd,2026-08-01T14:45:00Z,2026-08-01T16:45:00+0200,32483.326,MW,DE,DE_LU,actual_solar_generation,Solar,2026-08-27T00:57:27Z
2026-08-27T00:55:09Z,2026-08-27T02:55:09+0200,9e257938-0a8b-4b8b-95d2-ab80972bdbbd,2026-08-01T15:00:00Z,2026-08-01T17:00:00+0200,30636.349,MW,DE,DE_LU,actual_solar_generation,Solar,2026-08-27T00:57:27Z
2026-08-27T00:55:09Z,2026-08-27T02:55:09+0200,9e257938-0a8b-4b8b-95d2-ab80972bdbbd,2026-08-01T15:15:00Z,2026-08-01T17:15:00+0200,28397.137,MW,DE,DE_LU,actual_solar_generation,Solar,2026-08-27T00:57:27Z
2026-08-27T00:55:09Z,2026-08-27T02:55:09+0200,9e257938-0a8b-4b8b-95d2-ab80972bdbbd,2026-08-01T15:30:00Z,2026-08-01T17:30:00+0200,26080.249,MW,DE,DE_LU,actual_solar_generation,Solar,2026-08-27T00:57:27Z
2026-08-27T00:55:09Z,2026-08-27T02:55:09+0200,9e257938-0a8b-4b8b-95d2-ab80972bdbbd,2026-08-01T15:45:00Z,2026-08-01T17:45:00+0200,23606.503,MW,DE,DE_LU,actual_solar_generation,Solar,2026-08-27T00:57:27Z
2026-08-27T00:55:09Z,2026-08-27T02:55:09+0200,9e257938-0a8b-4b8b-95d2-ab80972bdbbd,2026-08-01T16:00:00Z,2026-08-01T18:00:00+0200,21160.128,MW,DE,DE_LU,actual_solar_generation,Solar,2026-08-27T00:57:27Z
2026-08-27T00:55:09Z,2026-08-27T02:55:09+0200,9e257938-0a8b-4b8b-95d2-ab80972bdbbd,2026-08-01T16:15:00Z,2026-08-01T18:15:00+0200,18482.452,MW,DE,DE_LU,actual_solar_generation,Solar,2026-08-27T00:57:27Z
2026-08-27T00:55:09Z,2026-08-27T02:55:09+0200,9e257938-0a8b-4b8b-95d2-ab80972bdbbd,2026-08-01T16:30:00Z,2026-08-01T18:30:00+0200,15756.357,MW,DE,DE_LU,actual_solar_generation,Solar,2026-08-27T00:57:27Z
2026-08-27T00:55:09Z,2026-08-27T02:55:09+0200,9e257938-0a8b-4b8b-95d2-ab80972bdbbd,2026-08-01T16:45:00Z,2026-08-01T18:45:00+0200,13206.132,MW,DE,DE_LU,actual_solar_generation,Solar,2026-08-27T00:57:27Z
2026-08-27T00:55:09Z,2026-08-27T02:55:09+0200,9e257938-0a8b-4b8b-95d2-ab80972bdbbd,2026-08-01T17:00:00Z,2026-08-01T19:00:00+0200,10667.738,MW,DE,DE_LU,actual_solar_generation,Solar,2026-08-27T00:57:27Z
2026-08-27T00:55:09Z,2026-08-27T02:55:09+0200,9e257938-0a8b-4b8b-95d2-ab80972bdbbd,2026-08-01T17:15:00Z,2026-08-01T19:15:00+0200,8255.318,MW,DE,DE_LU,actual_solar_generation,Solar,2026-08-27T00:57:27Z
2026-08-27T00:55:09Z,2026-08-27T02:55:09+0200,9e257938-0a8b-4b8b-95d2-ab80972bdbbd,2026-08-01T17:30:00Z,2026-08-01T19:30:00+0200,6171.865,MW,DE,DE_LU,actual_solar_generation,Solar,2026-08-27T00:57:27Z
2026-08-27T00:55:09Z,2026-08-27T02:55:09+0200,9e257938-0a8b-4b8b-95d2-ab80972bdbbd,2026-08-01T17:45:00Z,2026-08-01T19:45:00+0200,4329.8,MW,DE,DE_LU,actual_solar_generation,Solar,2026-08-27T00:57:27Z
2026-08-27T00:55:09Z,2026-08-27T02:55:09+0200,9e257938-0a8b-4b8b-95d2-ab80972bdbbd,2026-08-01T18:00:00Z,2026-08-01T20:00:00+0200,2841.333,MW,DE,DE_LU,actual_solar_generation,Solar,2026-08-27T00:57:27Z
2026-08-27T00:55:09Z,2026-08-27T02:55:09+0200,9e257938-0a8b-4b8b-95d2-ab80972bdbbd,2026-08-01T18:15:00Z,2026-08-01T20:15:00+0200,1667.024,MW,DE,DE_LU,actual_solar_generation,Solar,2026-08-27T00:57:27Z
2026-08-27T00:55:09Z,2026-08-27T02:55:09+0200,9e257938-0a8b-4b8b-95d2-ab80972bdbbd,2026-08-01T18:30:00Z,2026-08-01T20:30:00+0200,804.005,MW,DE,DE_LU,actual_solar_generation,Solar,2026-08-27T00:57:27Z
2026-08-27T00:55:09Z,2026-08-27T02:55:09+0200,9e257938-0a8b-4b8b-95d2-ab80972bdbbd,2026-08-01T18:45:00Z,2026-08-01T20:45:00+0200,307.172,MW,DE,DE_LU,actual_solar_generation,Solar,2026-08-27T00:57:27Z
2026-08-27T00:55:09Z,2026-08-27T02:55:09+0200,9e257938-0a8b-4b8b-95d2-ab80972bdbbd,2026-08-01T19:00:00Z,2026-08-01T21:00:00+0200,88.334,MW,DE,DE_LU,actual_solar_generation,Solar,2026-08-27T00:57:27Z
2026-08-27T00:55:09Z,2026-08-27T02:55:09+0200,9e257938-0a8b-4b8b-95d2-ab80972bdbbd,2026-08-01T19:15:00Z,2026-08-01T21:15:00+0200,13.854,MW,DE,DE_LU,actual_solar_generation,Solar,2026-08-27T00:57:27Z
2026-08-27T00:55:09Z,2026-08-27T02:55:09+0200,9e257938-0a8b-4b8b-95d2-ab80972bdbbd,2026-08-01T19:30:00Z,2026-08-01T21:30:00+0200,4.743,MW,DE,DE_LU,actual_solar_generation,Solar,2026-08-27T00:57:27Z
2026-08-27T00:55:09Z,2026-08-27T02:55:09+0200,9e257938-0a8b-4b8b-95d2-ab80972bdbbd,2026-08-01T19:45:00Z,2026-08-01T21:45:00+0200,0.281,MW,DE,DE_LU,actual_solar_generation,Solar,2026-08-27T00:57:27Z
2026-08-27T00:55:09Z,2026-08-27T02:55:09+0200,9e257938-0a8b-4b8b-95d2-ab80972bdbbd,2026-08-01T20:00:00Z,2026-08-01T22:00:00+0200,0.338,MW,DE,DE_LU,actual_solar_generation,Solar,2026-08-27T00:57:27Z
2026-08-27T00:55:09Z,2026-08-27T02:55:09+0200,9e257938-0a8b-4b8b-95d2-ab80972bdbbd,2026-08-01T20:15:00Z,2026-08-01T22:15:00+0200,0.266,MW,DE,DE_LU,actual_solar_generation,Solar,2026-08-27T00:57:27Z
2026-08-27T00:55:09Z,2026-08-27T02:55:09+0200,9e257938-0a8b-4b8b-95d2-ab80972bdbbd,2026-08-01T20:30:00Z,2026-08-01T22:30:00+0200,0.241,MW,DE,DE_LU,actual_solar_generation,Solar,2026-08-27T00:57:27Z
2026-08-27T00:55:09Z,2026-08-27T02:55:09+0200,9e257938-0a8b-4b8b-95d2-ab80972bdbbd,2026-08-01T20:45:00Z,2026-08-01T22:45:00+0200,0.208,MW,DE,DE_LU,actual_solar_generation,Solar,2026-08-27T00:57:27Z
2026-08-27T00:55:09Z,2026-08-27T02:55:09+0200,9e257938-0a8b-4b8b-95d2-ab80972bdbbd,2026-08-01T21:00:00Z,2026-08-01T23:00:00+0200,0.222,MW,DE,DE_LU,actual_solar_generation,Solar,2026-08-27T00:57:27Z
2026-08-27T00:55:09Z,2026-08-27T02:55:09+0200,9e257938-0a8b-4b8b-95d2-ab80972bdbbd,2026-08-01T21:15:00Z,2026-08-01T23:15:00+0200,0.204,MW,DE,DE_LU,actual_solar_generation,Solar,2026-08-27T00:57:27Z
2026-08-27T00:55:09Z,2026-08-27T02:55:09+0200,9e257938-0a8b-4b8b-95d2-ab80972bdbbd,2026-08-01T21:30:00Z,2026-08-01T23:30:00+0200,0.187,MW,DE,DE_LU,actual_solar_generation,Solar,2026-08-27T00:57:27Z
2026-08-27T00:55:09Z,2026-08-27T02:55:09+0200,9e257938-0a8b-4b8b-95d2-ab80972bdbbd,2026-08-01T21:45:00Z,2026-08-01T23:45:00+0200,0.155,MW,DE,DE_LU,actual_solar_generation,Solar,2026-08-27T00:57:27Z
2026-08-27T00:55:09Z,2026-08-27T02:55:09+0200,9e257938-0a8b-4b8b-95d2-ab80972bdbbd,2026-08-01T22:00:00Z,2026-08-02T00:00:00+0200,0.18,MW,DE,DE_LU,actual_solar_generation,Solar,2026-08-27T00:57:27Z
2026-08-27T00:55:09Z,2026-08-27T02:55:09+0200,9e257938-0a8b-4b8b-95d2-ab80972bdbbd,2026-08-01T22:15:00Z,2026-08-02T00:15:00+0200,0.137,MW,DE,DE_LU,actual_solar_generation,Solar,2026-08-27T00:57:27Z
2026-08-27T00:55:09Z,2026-08-27T02:55:09+0200,9e257938-0a8b-4b8b-95d2-ab80972bdbbd,2026-08-01T22:30:00Z,2026-08-02T00:30:00+0200,0.114,MW,DE,DE_LU,actual_solar_generation,Solar,2026-08-27T00:57:27Z
2026-08-27T00:55:09Z,2026-08-27T02:55:09+0200,9e257938-0a8b-4b8b-95d2-ab80972bdbbd,2026-08-01T22:45:00Z,2026-08-02T00:45:00+0200,0.109,MW,DE,DE_LU,actual_solar_generation,Solar,2026-08-27T00:57:27Z
2026-08-27T00:55:09Z,2026-08-27T02:55:09+0200,9e257938-0a8b-4b8b-95d2-ab80972bdbbd,2026-08-01T23:00:00Z,2026-08-02T01:00:00+0200,0.111,MW,DE,DE_LU,actual_solar_generation,Solar,2026-08-27T00:57:27Z
2026-08-27T00:55:09Z,2026-08-27T02:55:09+0200,9e257938-0a8b-4b8b-95d2-ab80972bdbbd,2026-08-01T23:15:00Z,2026-08-02T01:15:00+0200,0.111,MW,DE,DE_LU,actual_solar_generation,Solar,2026-08-27T00:57:27Z
2026-08-27T00:55:09Z,2026-08-27T02:55:09+0200,9e257938-0a8b-4b8b-95d2-ab80972bdbbd,2026-08-01T23:30:00Z,2026-08-02T01:30:00+0200,0.12,MW,DE,DE_LU,actual_solar_generation,Solar,2026-08-27T00:57:27Z
2026-08-27T00:55:09Z,2026-08-27T02:55:09+0200,9e257938-0a8b-4b8b-95d2-ab80972bdbbd,2026-08-01T23:45:00Z,2026-08-02T01:45:00+0200,0.11,MW,DE,DE_LU,actual_solar_generation,Solar,2026-08-27T00:57:27Z
2026-08-27T00:55:09Z,2026-08-27T02:55:09+0200,9e257938-0a8b-4b8b-95d2-ab80972bdbbd,2026-08-02T00:00:00Z,2026-08-02T02:00:00+0200,0.104,MW,DE,DE_LU,actual_solar_generation,Solar,2026-08-27T00:57:27Z
2026-08-27T00:55:09Z,2026-08-27T02:55:09+0200,9e257938-0a8b-4b8b-95d2-ab80972bdbbd,2026-08-02T00:15:00Z,2026-08-02T02:15:00+0200,0.1,MW,DE,DE_LU,actual_solar_generation,Solar,2026-08-27T00:57:27Z
2026-08-27T00:55:09Z,2026-08-27T02:55:09+0200,9e257938-0a8b-4b8b-95d2-ab80972bdbbd,2026-08-02T00:30:00Z,2026-08-02T02:30:00+0200,0.092,MW,DE,DE_LU,actual_solar_generation,Solar,2026-08-27T00:57:27Z
2026-08-27T00:55:09Z,2026-08-27T02:55:09+0200,9e257938-0a8b-4b8b-95d2-ab80972bdbbd,2026-08-02T00:45:00Z,2026-08-02T02:45:00+0200,0.095,MW,DE,DE_LU,actual_solar_generation,Solar,2026-08-27T00:57:27Z
2026-08-27T00:55:09Z,2026-08-27T02:55:09+0200,9e257938-0a8b-4b8b-95d2-ab80972bdbbd,2026-08-02T01:00:00Z,2026-08-02T03:00:00+0200,0.09,MW,DE,DE_LU,actual_solar_generation,Solar,2026-08-27T00:57:27Z
2026-08-27T00:55:09Z,2026-08-27T02:55:09+0200,9e257938-0a8b-4b8b-95d2-ab80972bdbbd,2026-08-02T01:15:00Z,2026-08-02T03:15:00+0200,0.078,MW,DE,DE_LU,actual_solar_generation,Solar,2026-08-27T00:57:27Z
2026-08-27T00:55:09Z,2026-08-27T02:55:09+0200,9e257938-0a8b-4b8b-95d2-ab80972bdbbd,2026-08-02T01:30:00Z,2026-08-02T03:30:00+0200,0.076,MW,DE,DE_LU,actual_solar_generation,Solar,2026-08-27T00:57:27Z
2026-08-27T00:55:09Z,2026-08-27T02:55:09+0200,9e257938-0a8b-4b8b-95d2-ab80972bdbbd,2026-08-02T01:45:00Z,2026-08-02T03:45:00+0200,0.075,MW,DE,DE_LU,actual_solar_generation,Solar,2026-08-27T00:57:27Z
2026-08-27T00:55:09Z,2026-08-27T02:55:09+0200,9e257938-0a8b-4b8b-95d2-ab80972bdbbd,2026-08-02T02:00:00Z,2026-08-02T04:00:00+0200,0.083,MW,DE,DE_LU,actual_solar_generation,Solar,2026-08-27T00:57:27Z
2026-08-27T00:55:09Z,2026-08-27T02:55:09+0200,9e257938-0a8b-4b8b-95d2-ab80972bdbbd,2026-08-02T02:15:00Z,2026-08-02T04:15:00+0200,0.069,MW,DE,DE_LU,actual_solar_generation,Solar,2026-08-27T00:57:27Z
2026-08-27T00:55:09Z,2026-08-27T02:55:09+0200,9e257938-0a8b-4b8b-95d2-ab80972bdbbd,2026-08-02T02:30:00Z,2026-08-02T04:30:00+0200,0.067,MW,DE,DE_LU,actual_solar_generation,Solar,2026-08-27T00:57:27Z
2026-08-27T00:55:09Z,2026-08-27T02:55:09+0200,9e257938-0a8b-4b8b-95d2-ab80972bdbbd,2026-08-02T02:45:00Z,2026-08-02T04:45:00+0200,0.072,MW,DE,DE_LU,actual_solar_generation,Solar,2026-08-27T00:57:27Z
2026-08-27T00:55:09Z,2026-08-27T02:55:09+0200,9e257938-0a8b-4b8b-95d2-ab80972bdbbd,2026-08-02T03:00:00Z,2026-08-02T05:00:00+0200,0.215,MW,DE,DE_LU,actual_solar_generation,Solar,2026-08-27T00:57:27Z
2026-08-27T00:55:09Z,2026-08-27T02:55:09+0200,9e257938-0a8b-4b8b-95d2-ab80972bdbbd,2026-08-02T03:15:00Z,2026-08-02T05:15:00+0200,4.672,MW,DE,DE_LU,actual_solar_generation,Solar,2026-08-27T00:57:27Z
2026-08-27T00:55:09Z,2026-08-27T02:55:09+0200,9e257938-0a8b-4b8b-95d2-ab80972bdbbd,2026-08-02T03:30:00Z,2026-08-02T05:30:00+0200,34.011,MW,DE,DE_LU,actual_solar_generation,Solar,2026-08-27T00:57:27Z
2026-08-27T00:55:09Z,2026-08-27T02:55:09+0200,9e257938-0a8b-4b8b-95d2-ab80972bdbbd,2026-08-02T03:45:00Z,2026-08-02T05:45:00+0200,183.982,MW,DE,DE_LU,actual_solar_generation,Solar,2026-08-27T00:57:27Z
2026-08-27T00:55:09Z,2026-08-27T02:55:09+0200,9e257938-0a8b-4b8b-95d2-ab80972bdbbd,2026-08-02T04:00:00Z,2026-08-02T06:00:00+0200,662.316,MW,DE,DE_LU,actual_solar_generation,Solar,2026-08-27T00:57:27Z
2026-08-27T00:55:09Z,2026-08-27T02:55:09+0200,9e257938-0a8b-4b8b-95d2-ab80972bdbbd,2026-08-02T04:15:00Z,2026-08-02T06:15:00+0200,1568.967,MW,DE,DE_LU,actual_solar_generation,Solar,2026-08-27T00:57:27Z
2026-08-27T00:55:09Z,2026-08-27T02:55:09+0200,9e257938-0a8b-4b8b-95d2-ab80972bdbbd,2026-08-02T04:30:00Z,2026-08-02T06:30:00+0200,2715.982,MW,DE,DE_LU,actual_solar_generation,Solar,2026-08-27T00:57:27Z
2026-08-27T00:55:09Z,2026-08-27T02:55:09+0200,9e257938-0a8b-4b8b-95d2-ab80972bdbbd,2026-08-02T04:45:00Z,2026-08-02T06:45:00+0200,4114.95,MW,DE,DE_LU,actual_solar_generation,Solar,2026-08-27T00:57:27Z
2026-08-27T00:55:09Z,2026-08-27T02:55:09+0200,9e257938-0a8b-4b8b-95d2-ab80972bdbbd,2026-08-02T05:00:00Z,2026-08-02T07:00:00+0200,5839.295,MW,DE,DE_LU,actual_solar_generation,Solar,2026-08-27T00:57:27Z
2026-08-27T00:55:09Z,2026-08-27T02:55:09+0200,9e257938-0a8b-4b8b-95d2-ab80972bdbbd,2026-08-02T05:15:00Z,2026-08-02T07:15:00+0200,7945.276,MW,DE,DE_LU,actual_solar_generation,Solar,2026-08-27T00:57:27Z
2026-08-27T00:55:09Z,2026-08-27T02:55:09+0200,9e257938-0a8b-4b8b-95d2-ab80972bdbbd,2026-08-02T05:30:00Z,2026-08-02T07:30:00+0200,10391.471,MW,DE,DE_LU,actual_solar_generation,Solar,2026-08-27T00:57:27Z
2026-08-27T00:55:09Z,2026-08-27T02:55:09+0200,9e257938-0a8b-4b8b-95d2-ab80972bdbbd,2026-08-02T05:45:00Z,2026-08-02T07:45:00+0200,13139.483,MW,DE,DE_LU,actual_solar_generation,Solar,2026-08-27T00:57:27Z
2026-08-27T00:55:09Z,2026-08-27T02:55:09+0200,9e257938-0a8b-4b8b-95d2-ab80972bdbbd,2026-08-02T06:00:00Z,2026-08-02T08:00:00+0200,16186.498,MW,DE,DE_LU,actual_solar_generation,Solar,2026-08-27T00:57:27Z
2026-08-27T00:55:09Z,2026-08-27T02:55:09+0200,9e257938-0a8b-4b8b-95d2-ab80972bdbbd,2026-08-02T06:15:00Z,2026-08-02T08:15:00+0200,19476.879,MW,DE,DE_LU,actual_solar_generation,Solar,2026-08-27T00:57:27Z
2026-08-27T00:55:09Z,2026-08-27T02:55:09+0200,9e257938-0a8b-4b8b-95d2-ab80972bdbbd,2026-08-02T06:30:00Z,2026-08-02T08:30:00+0200,22848.326,MW,DE,DE_LU,actual_solar_generation,Solar,2026-08-27T00:57:27Z
2026-08-27T00:55:09Z,2026-08-27T02:55:09+0200,9e257938-0a8b-4b8b-95d2-ab80972bdbbd,2026-08-02T06:45:00Z,2026-08-02T08:45:00+0200,26434.952,MW,DE,DE_LU,actual_solar_generation,Solar,2026-08-27T00:57:27Z
2026-08-27T00:55:09Z,2026-08-27T02:55:09+0200,9e257938-0a8b-4b8b-95d2-ab80972bdbbd,2026-08-02T07:00:00Z,2026-08-02T09:00:00+0200,30027.338,MW,DE,DE_LU,actual_solar_generation,Solar,2026-08-27T00:57:27Z
2026-08-27T00:55:09Z,2026-08-27T02:55:09+0200,9e257938-0a8b-4b8b-95d2-ab80972bdbbd,2026-08-02T07:15:00Z,2026-08-02T09:15:00+0200,33528.187,MW,DE,DE_LU,actual_solar_generation,Solar,2026-08-27T00:57:27Z
2026-08-27T00:55:09Z,2026-08-27T02:55:09+0200,9e257938-0a8b-4b8b-95d2-ab80972bdbbd,2026-08-02T07:30:00Z,2026-08-02T09:30:00+0200,35933.056,MW,DE,DE_LU,actual_solar_generation,Solar,2026-08-27T00:57:27Z
2026-08-27T00:55:09Z,2026-08-27T02:55:09+0200,9e257938-0a8b-4b8b-95d2-ab80972bdbbd,2026-08-02T07:45:00Z,2026-08-02T09:45:00+0200,38711.151,MW,DE,DE_LU,actual_solar_generation,Solar,2026-08-27T00:57:27Z
2026-08-27T00:55:09Z,2026-08-27T02:55:09+0200,9e257938-0a8b-4b8b-95d2-ab80972bdbbd,2026-08-02T08:00:00Z,2026-08-02T10:00:00+0200,41031.507,MW,DE,DE_LU,actual_solar_generation,Solar,2026-08-27T00:57:27Z
2026-08-27T00:55:09Z,2026-08-27T02:55:09+0200,9e257938-0a8b-4b8b-95d2-ab80972bdbbd,2026-08-02T08:15:00Z,2026-08-02T10:15:00+0200,43040.67,MW,DE,DE_LU,actual_solar_generation,Solar,2026-08-27T00:57:27Z
2026-08-27T00:55:09Z,2026-08-27T02:55:09+0200,9e257938-0a8b-4b8b-95d2-ab80972bdbbd,2026-08-02T08:30:00Z,2026-08-02T10:30:00+0200,43842.646,MW,DE,DE_LU,actual_solar_generation,Solar,2026-08-27T00:57:27Z
2026-08-27T00:55:09Z,2026-08-27T02:55:09+0200,9e257938-0a8b-4b8b-95d2-ab80972bdbbd,2026-08-02T08:45:00Z,2026-08-02T10:45:00+0200,45572.592,MW,DE,DE_LU,actual_solar_generation,Solar,2026-08-27T00:57:27Z
2026-08-27T00:55:09Z,2026-08-27T02:55:09+0200,9e257938-0a8b-4b8b-95d2-ab80972bdbbd,2026-08-02T09:00:00Z,2026-08-02T11:00:00+0200,46344.69,MW,DE,DE_LU,actual_solar_generation,Solar,2026-08-27T00:57:27Z
2026-08-27T00:55:09Z,2026-08-27T02:55:09+0200,9e257938-0a8b-4b8b-95d2-ab80972bdbbd,2026-08-02T09:15:00Z,2026-08-02T11:15:00+0200,47491.826,MW,DE,DE_LU,actual_solar_generation,Solar,2026-08-27T00:57:27Z
2026-08-27T00:55:09Z,2026-08-27T02:55:09+0200,9e257938-0a8b-4b8b-95d2-ab80972bdbbd,2026-08-02T09:30:00Z,2026-08-02T11:30:00+0200,48496.621,MW,DE,DE_LU,actual_solar_generation,Solar,2026-08-27T00:57:27Z
2026-08-27T00:55:09Z,2026-08-27T02:55:09+0200,9e257938-0a8b-4b8b-95d2-ab80972bdbbd,2026-08-02T09:45:00Z,2026-08-02T11:45:00+0200,49538.674,MW,DE,DE_LU,actual_solar_generation,Solar,2026-08-27T00:57:27Z
2026-08-27T00:55:09Z,2026-08-27T02:55:09+0200,9e257938-0a8b-4b8b-95d2-ab80972bdbbd,2026-08-02T10:00:00Z,2026-08-02T12:00:00+0200,49800.828,MW,DE,DE_LU,actual_solar_generation,Solar,2026-08-27T00:57:27Z
2026-08-27T00:55:09Z,2026-08-27T02:55:09+0200,9e257938-0a8b-4b8b-95d2-ab80972bdbbd,2026-08-02T10:15:00Z,2026-08-02T12:15:00+0200,50403.846,MW,DE,DE_LU,actual_solar_generation,Solar,2026-08-27T00:57:27Z
2026-08-27T00:55:09Z,2026-08-27T02:55:09+0200,9e257938-0a8b-4b8b-95d2-ab80972bdbbd,2026-08-02T10:30:00Z,2026-08-02T12:30:00+0200,50844.309,MW,DE,DE_LU,actual_solar_generation,Solar,2026-08-27T00:57:27Z
2026-08-27T00:55:09Z,2026-08-27T02:55:09+0200,9e257938-0a8b-4b8b-95d2-ab80972bdbbd,2026-08-02T10:45:00Z,2026-08-02T12:45:00+0200,51084.343,MW,DE,DE_LU,actual_solar_generation,Solar,2026-08-27T00:57:27Z
2026-08-27T00:55:09Z,2026-08-27T02:55:09+0200,9e257938-0a8b-4b8b-95d2-ab80972bdbbd,2026-08-02T11:00:00Z,2026-08-02T13:00:00+0200,50738.351,MW,DE,DE_LU,actual_solar_generation,Solar,2026-08-27T00:57:27Z
2026-08-27T00:55:09Z,2026-08-27T02:55:09+0200,9e257938-0a8b-4b8b-95d2-ab80972bdbbd,2026-08-02T11:15:00Z,2026-08-02T13:15:00+0200,50783.456,MW,DE,DE_LU,actual_solar_generation,Solar,2026-08-27T00:57:27Z
2026-08-27T00:55:09Z,2026-08-27T02:55:09+0200,9e257938-0a8b-4b8b-95d2-ab80972bdbbd,2026-08-02T11:30:00Z,2026-08-02T13:30:00+0200,50497.368,MW,DE,DE_LU,actual_solar_generation,Solar,2026-08-27T00:57:27Z
2026-08-27T00:55:09Z,2026-08-27T02:55:09+0200,9e257938-0a8b-4b8b-95d2-ab80972bdbbd,2026-08-02T11:45:00Z,2026-08-02T13:45:00+0200,50295.755,MW,DE,DE_LU,actual_solar_generation,Solar,2026-08-27T00:57:27Z
2026-08-27T00:55:09Z,2026-08-27T02:55:09+0200,9e257938-0a8b-4b8b-95d2-ab80972bdbbd,2026-08-02T12:00:00Z,2026-08-02T14:00:00+0200,50059.766,MW,DE,DE_LU,actual_solar_generation,Solar,2026-08-27T00:57:27Z
2026-08-27T00:55:09Z,2026-08-27T02:55:09+0200,9e257938-0a8b-4b8b-95d2-ab80972bdbbd,2026-08-02T12:15:00Z,2026-08-02T14:15:00+0200,49709.77,MW,DE,DE_LU,actual_solar_generation,Solar,2026-08-27T00:57:27Z
2026-08-27T00:55:09Z,2026-08-27T02:55:09+0200,9e257938-0a8b-4b8b-95d2-ab80972bdbbd,2026-08-02T12:30:00Z,2026-08-02T14:30:00+0200,48831.461,MW,DE,DE_LU,actual_solar_generation,Solar,2026-08-27T00:57:27Z
2026-08-27T00:55:09Z,2026-08-27T02:55:09+0200,9e257938-0a8b-4b8b-95d2-ab80972bdbbd,2026-08-02T12:45:00Z,2026-08-02T14:45:00+0200,48067.874,MW,DE,DE_LU,actual_solar_generation,Solar,2026-08-27T00:57:27Z
2026-08-27T00:55:09Z,2026-08-27T02:55:09+0200,9e257938-0a8b-4b8b-95d2-ab80972bdbbd,2026-08-02T13:00:00Z,2026-08-02T15:00:00+0200,47077.76,MW,DE,DE_LU,actual_solar_generation,Solar,2026-08-27T00:57:27Z
2026-08-27T00:55:09Z,2026-08-27T02:55:09+0200,9e257938-0a8b-4b8b-95d2-ab80972bdbbd,2026-08-02T13:15:00Z,2026-08-02T15:15:00+0200,45854.128,MW,DE,DE_LU,actual_solar_generation,Solar,2026-08-27T00:57:27Z
2026-08-27T00:55:09Z,2026-08-27T02:55:09+0200,9e257938-0a8b-4b8b-95d2-ab80972bdbbd,2026-08-02T13:30:00Z,2026-08-02T15:30:00+0200,44314.071,MW,DE,DE_LU,actual_solar_generation,Solar,2026-08-27T00:57:27Z
2026-08-27T00:55:09Z,2026-08-27T02:55:09+0200,9e257938-0a8b-4b8b-95d2-ab80972bdbbd,2026-08-02T13:45:00Z,2026-08-02T15:45:00+0200,42828.815,MW,DE,DE_LU,actual_solar_generation,Solar,2026-08-27T00:57:27Z
2026-08-27T00:55:09Z,2026-08-27T02:55:09+0200,9e257938-0a8b-4b8b-95d2-ab80972bdbbd,2026-08-02T14:00:00Z,2026-08-02T16:00:00+0200,41369.151,MW,DE,DE_LU,actual_solar_generation,Solar,2026-08-27T00:57:27Z
2026-08-27T00:55:09Z,2026-08-27T02:55:09+0200,9e257938-0a8b-4b8b-95d2-ab80972bdbbd,2026-08-02T14:15:00Z,2026-08-02T16:15:00+0200,40482.766,MW,DE,DE_LU,actual_solar_generation,Solar,2026-08-27T00:57:27Z
2026-08-27T00:55:09Z,2026-08-27T02:55:09+0200,9e257938-0a8b-4b8b-95d2-ab80972bdbbd,2026-08-02T14:30:00Z,2026-08-02T16:30:00+0200,39844.404,MW,DE,DE_LU,actual_solar_generation,Solar,2026-08-27T00:57:27Z
2026-08-27T00:55:09Z,2026-08-27T02:55:09+0200,9e257938-0a8b-4b8b-95d2-ab80972bdbbd,2026-08-02T14:45:00Z,2026-08-02T16:45:00+0200,38155.232,MW,DE,DE_LU,actual_solar_generation,Solar,2026-08-27T00:57:27Z
2026-08-27T00:55:09Z,2026-08-27T02:55:09+0200,9e257938-0a8b-4b8b-95d2-ab80972bdbbd,2026-08-02T15:00:00Z,2026-08-02T17:00:00+0200,35619.915,MW,DE,DE_LU,actual_solar_generation,Solar,2026-08-27T00:57:27Z
2026-08-27T00:55:09Z,2026-08-27T02:55:09+0200,9e257938-0a8b-4b8b-95d2-ab80972bdbbd,2026-08-02T15:15:00Z,2026-08-02T17:15:00+0200,33342.268,MW,DE,DE_LU,actual_solar_generation,Solar,2026-08-27T00:57:27Z
2026-08-27T00:55:09Z,2026-08-27T02:55:09+0200,9e257938-0a8b-4b8b-95d2-ab80972bdbbd,2026-08-02T15:30:00Z,2026-08-02T17:30:00+0200,29983.629,MW,DE,DE_LU,actual_solar_generation,Solar,2026-08-27T00:57:27Z
2026-08-27T00:55:09Z,2026-08-27T02:55:09+0200,9e257938-0a8b-4b8b-95d2-ab80972bdbbd,2026-08-02T15:45:00Z,2026-08-02T17:45:00+0200,27296.33,MW,DE,DE_LU,actual_solar_generation,Solar,2026-08-27T00:57:27Z
2026-08-27T00:55:09Z,2026-08-27T02:55:09+0200,9e257938-0a8b-4b8b-95d2-ab80972bdbbd,2026-08-02T16:00:00Z,2026-08-02T18:00:00+0200,24107.548,MW,DE,DE_LU,actual_solar_generation,Solar,2026-08-27T00:57:27Z
2026-08-27T00:55:09Z,2026-08-27T02:55:09+0200,9e257938-0a8b-4b8b-95d2-ab80972bdbbd,2026-08-02T16:15:00Z,2026-08-02T18:15:00+0200,20842.549,MW,DE,DE_LU,actual_solar_generation,Solar,2026-08-27T00:57:27Z
2026-08-27T00:55:09Z,2026-08-27T02:55:09+0200,9e257938-0a8b-4b8b-95d2-ab80972bdbbd,2026-08-02T16:30:00Z,2026-08-02T18:30:00+0200,17577.251,MW,DE,DE_LU,actual_solar_generation,Solar,2026-08-27T00:57:27Z
2026-08-27T00:55:09Z,2026-08-27T02:55:09+0200,9e257938-0a8b-4b8b-95d2-ab80972bdbbd,2026-08-02T16:45:00Z,2026-08-02T18:45:00+0200,14398.949,MW,DE,DE_LU,actual_solar_generation,Solar,2026-08-27T00:57:27Z
2026-08-27T00:55:09Z,2026-08-27T02:55:09+0200,9e257938-0a8b-4b8b-95d2-ab80972bdbbd,2026-08-02T17:00:00Z,2026-08-02T19:00:00+0200,11487.704,MW,DE,DE_LU,actual_solar_generation,Solar,2026-08-27T00:57:27Z
2026-08-27T00:55:09Z,2026-08-27T02:55:09+0200,9e257938-0a8b-4b8b-95d2-ab80972bdbbd,2026-08-02T17:15:00Z,2026-08-02T19:15:00+0200,8855.894,MW,DE,DE_LU,actual_solar_generation,Solar,2026-08-27T00:57:27Z
2026-08-27T00:55:09Z,2026-08-27T02:55:09+0200,9e257938-0a8b-4b8b-95d2-ab80972bdbbd,2026-08-02T17:30:00Z,2026-08-02T19:30:00+0200,6557.028,MW,DE,DE_LU,actual_solar_generation,Solar,2026-08-27T00:57:27Z
2026-08-27T00:55:09Z,2026-08-27T02:55:09+0200,9e257938-0a8b-4b8b-95d2-ab80972bdbbd,2026-08-02T17:45:00Z,2026-08-02T19:45:00+0200,4618.152,MW,DE,DE_LU,actual_solar_generation,Solar,2026-08-27T00:57:27Z
2026-08-27T00:55:09Z,2026-08-27T02:55:09+0200,9e257938-0a8b-4b8b-95d2-ab80972bdbbd,2026-08-02T18:00:00Z,2026-08-02T20:00:00+0200,3085.111,MW,DE,DE_LU,actual_solar_generation,Solar,2026-08-27T00:57:27Z
2026-08-27T00:55:09Z,2026-08-27T02:55:09+0200,9e257938-0a8b-4b8b-95d2-ab80972bdbbd,2026-08-02T18:15:00Z,2026-08-02T20:15:00+0200,1803.588,MW,DE,DE_LU,actual_solar_generation,Solar,2026-08-27T00:57:27Z
2026-08-27T00:55:09Z,2026-08-27T02:55:09+0200,9e257938-0a8b-4b8b-95d2-ab80972bdbbd,2026-08-02T18:30:00Z,2026-08-02T20:30:00+0200,831.529,MW,DE,DE_LU,actual_solar_generation,Solar,2026-08-27T00:57:27Z
2026-08-27T00:55:09Z,2026-08-27T02:55:09+0200,9e257938-0a8b-4b8b-95d2-ab80972bdbbd,2026-08-02T18:45:00Z,2026-08-02T20:45:00+0200,235.779,MW,DE,DE_LU,actual_solar_generation,Solar,2026-08-27T00:57:27Z
2026-08-27T00:55:09Z,2026-08-27T02:55:09+0200,9e257938-0a8b-4b8b-95d2-ab80972bdbbd,2026-08-02T19:00:00Z,2026-08-02T21:00:00+0200,49.78,MW,DE,DE_LU,actual_solar_generation,Solar,2026-08-27T00:57:27Z
2026-08-27T00:55:09Z,2026-08-27T02:55:09+0200,9e257938-0a8b-4b8b-95d2-ab80972bdbbd,2026-08-02T19:15:00Z,2026-08-02T21:15:00+0200,6.664,MW,DE,DE_LU,actual_solar_generation,Solar,2026-08-27T00:57:27Z
2026-08-27T00:55:09Z,2026-08-27T02:55:09+0200,9e257938-0a8b-4b8b-95d2-ab80972bdbbd,2026-08-02T19:30:00Z,2026-08-02T21:30:00+0200,2.706,MW,DE,DE_LU,actual_solar_generation,Solar,2026-08-27T00:57:27Z
2026-08-27T00:55:09Z,2026-08-27T02:55:09+0200,9e257938-0a8b-4b8b-95d2-ab80972bdbbd,2026-08-02T19:45:00Z,2026-08-02T21:45:00+0200,0.276,MW,DE,DE_LU,actual_solar_generation,Solar,2026-08-27T00:57:27Z
2026-08-27T00:55:09Z,2026-08-27T02:55:09+0200,9e257938-0a8b-4b8b-95d2-ab80972bdbbd,2026-08-02T20:00:00Z,2026-08-02T22:00:00+0200,0.274,MW,DE,DE_LU,actual_solar_generation,Solar,2026-08-27T00:57:27Z
2026-08-27T00:55:09Z,2026-08-27T02:55:09+0200,9e257938-0a8b-4b8b-95d2-ab80972bdbbd,2026-08-02T20:15:00Z,2026-08-02T22:15:00+0200,0.257,MW,DE,DE_LU,actual_solar_generation,Solar,2026-08-27T00:57:27Z
2026-08-27T00:55:09Z,2026-08-27T02:55:09+0200,9e257938-0a8b-4b8b-95d2-ab80972bdbbd,2026-08-02T20:30:00Z,2026-08-02T22:30:00+0200,0.238,MW,DE,DE_LU,actual_solar_generation,Solar,2026-08-27T00:57:27Z
2026-08-27T00:55:09Z,2026-08-27T02:55:09+0200,9e257938-0a8b-4b8b-95d2-ab80972bdbbd,2026-08-02T20:45:00Z,2026-08-02T22:45:00+0200,0.209,MW,DE,DE_LU,actual_solar_generation,Solar,2026-08-27T00:57:27Z
2026-08-27T00:55:09Z,2026-08-27T02:55:09+0200,9e257938-0a8b-4b8b-95d2-ab80972bdbbd,2026-08-02T21:00:00Z,2026-08-02T23:00:00+0200,0.215,MW,DE,DE_LU,actual_solar_generation,Solar,2026-08-27T00:57:27Z
2026-08-27T00:55:09Z,2026-08-27T02:55:09+0200,9e257938-0a8b-4b8b-95d2-ab80972bdbbd,2026-08-02T21:15:00Z,2026-08-02T23:15:00+0200,0.206,MW,DE,DE_LU,actual_solar_generation,Solar,2026-08-27T00:57:27Z
2026-08-27T00:55:09Z,2026-08-27T02:55:09+0200,9e257938-0a8b-4b8b-95d2-ab80972bdbbd,2026-08-02T21:30:00Z,2026-08-02T23:30:00+0200,0.185,MW,DE,DE_LU,actual_solar_generation,Solar,2026-08-27T00:57:27Z
2026-08-27T00:55:09Z,2026-08-27T02:55:09+0200,9e257938-0a8b-4b8b-95d2-ab80972bdbbd,2026-08-02T21:45:00Z,2026-08-02T23:45:00+0200,0.157,MW,DE,DE_LU,actual_solar_generation,Solar,2026-08-27T00:57:27Z
2026-08-27T00:55:09Z,2026-08-27T02:55:09+0200,9e257938-0a8b-4b8b-95d2-ab80972bdbbd,2026-08-02T22:00:00Z,2026-08-03T00:00:00+0200,0.142,MW,DE,DE_LU,actual_solar_generation,Solar,2026-08-27T00:57:27Z
2026-08-27T00:55:09Z,2026-08-27T02:55:09+0200,9e257938-0a8b-4b8b-95d2-ab80972bdbbd,2026-08-02T22:15:00Z,2026-08-03T00:15:00+0200,0.136,MW,DE,DE_LU,actual_solar_generation,Solar,2026-08-27T00:57:27Z
2026-08-27T00:55:09Z,2026-08-27T02:55:09+0200,9e257938-0a8b-4b8b-95d2-ab80972bdbbd,2026-08-02T22:30:00Z,2026-08-03T00:30:00+0200,0.134,MW,DE,DE_LU,actual_solar_generation,Solar,2026-08-27T00:57:27Z
2026-08-27T00:55:09Z,2026-08-27T02:55:09+0200,9e257938-0a8b-4b8b-95d2-ab80972bdbbd,2026-08-02T22:45:00Z,2026-08-03T00:45:00+0200,0.11,MW,DE,DE_LU,actual_solar_generation,Solar,2026-08-27T00:57:27Z
2026-08-27T00:55:09Z,2026-08-27T02:55:09+0200,9e257938-0a8b-4b8b-95d2-ab80972bdbbd,2026-08-02T23:00:00Z,2026-08-03T01:00:00+0200,0.115,MW,DE,DE_LU,actual_solar_generation,Solar,2026-08-27T00:57:27Z
2026-08-27T00:55:09Z,2026-08-27T02:55:09+0200,9e257938-0a8b-4b8b-95d2-ab80972bdbbd,2026-08-02T23:15:00Z,2026-08-03T01:15:00+0200,0.125,MW,DE,DE_LU,actual_solar_generation,Solar,2026-08-27T00:57:27Z
2026-08-27T00:55:09Z,2026-08-27T02:55:09+0200,9e257938-0a8b-4b8b-95d2-ab80972bdbbd,2026-08-02T23:30:00Z,2026-08-03T01:30:00+0200,0.111,MW,DE,DE_LU,actual_solar_generation,Solar,2026-08-27T00:57:27Z
2026-08-27T00:55:09Z,2026-08-27T02:55:09+0200,9e257938-0a8b-4b8b-95d2-ab80972bdbbd,2026-08-02T23:45:00Z,2026-08-03T01:45:00+0200,0.11,MW,DE,DE_LU,actual_solar_generation,Solar,2026-08-27T00:57:27Z
2026-08-27T00:55:09Z,2026-08-27T02:55:09+0200,9e257938-0a8b-4b8b-95d2-ab80972bdbbd,2026-08-03T00:00:00Z,2026-08-03T02:00:00+0200,0.111,MW,DE,DE_LU,actual_solar_generation,Solar,2026-08-27T00:57:27Z
2026-08-27T00:55:09Z,2026-08-27T02:55:09+0200,9e257938-0a8b-4b8b-95d2-ab80972bdbbd,2026-08-03T00:15:00Z,2026-08-03T02:15:00+0200,0.11,MW,DE,DE_LU,actual_solar_generation,Solar,2026-08-27T00:57:27Z
2026-08-27T00:55:09Z,2026-08-27T02:55:09+0200,9e257938-0a8b-4b8b-95d2-ab80972bdbbd,2026-08-03T00:30:00Z,2026-08-03T02:30:00+0200,0.101,MW,DE,DE_LU,actual_solar_generation,Solar,2026-08-27T00:57:27Z
2026-08-27T00:55:09Z,2026-08-27T02:55:09+0200,9e257938-0a8b-4b8b-95d2-ab80972bdbbd,2026-08-03T00:45:00Z,2026-08-03T02:45:00+0200,0.084,MW,DE,DE_LU,actual_solar_generation,Solar,2026-08-27T00:57:27Z
2026-08-27T00:55:09Z,2026-08-27T02:55:09+0200,9e257938-0a8b-4b8b-95d2-ab80972bdbbd,2026-08-03T01:00:00Z,2026-08-03T03:00:00+0200,0.083,MW,DE,DE_LU,actual_solar_generation,Solar,2026-08-27T00:57:27Z
2026-08-27T00:55:09Z,2026-08-27T02:55:09+0200,9e257938-0a8b-4b8b-95d2-ab80972bdbbd,2026-08-03T01:15:00Z,2026-08-03T03:15:00+0200,0.082,MW,DE,DE_LU,actual_solar_generation,Solar,2026-08-27T00:57:27Z
2026-08-27T00:55:09Z,2026-08-27T02:55:09+0200,9e257938-0a8b-4b8b-95d2-ab80972bdbbd,2026-08-03T01:30:00Z,2026-08-03T03:30:00+0200,0.081,MW,DE,DE_LU,actual_solar_generation,Solar,2026-08-27T00:57:27Z
2026-08-27T00:55:09Z,2026-08-27T02:55:09+0200,9e257938-0a8b-4b8b-95d2-ab80972bdbbd,2026-08-03T01:45:00Z,2026-08-03T03:45:00+0200,0.079,MW,DE,DE_LU,actual_solar_generation,Solar,2026-08-27T00:57:27Z
2026-08-27T00:55:09Z,2026-08-27T02:55:09+0200,9e257938-0a8b-4b8b-95d2-ab80972bdbbd,2026-08-03T02:00:00Z,2026-08-03T04:00:00+0200,0.079,MW,DE,DE_LU,actual_solar_generation,Solar,2026-08-27T00:57:27Z
2026-08-27T00:55:09Z,2026-08-27T02:55:09+0200,9e257938-0a8b-4b8b-95d2-ab80972bdbbd,2026-08-03T02:15:00Z,2026-08-03T04:15:00+0200,0.068,MW,DE,DE_LU,actual_solar_generation,Solar,2026-08-27T00:57:27Z
2026-08-27T00:55:09Z,2026-08-27T02:55:09+0200,9e257938-0a8b-4b8b-95d2-ab80972bdbbd,2026-08-03T02:30:00Z,2026-08-03T04:30:00+0200,0.069,MW,DE,DE_LU,actual_solar_generation,Solar,2026-08-27T00:57:27Z
2026-08-27T00:55:09Z,2026-08-27T02:55:09+0200,9e257938-0a8b-4b8b-95d2-ab80972bdbbd,2026-08-03T02:45:00Z,2026-08-03T04:45:00+0200,0.071,MW,DE,DE_LU,actual_solar_generation,Solar,2026-08-27T00:57:27Z
2026-08-27T00:55:09Z,2026-08-27T02:55:09+0200,9e257938-0a8b-4b8b-95d2-ab80972bdbbd,2026-08-03T03:00:00Z,2026-08-03T05:00:00+0200,0.091,MW,DE,DE_LU,actual_solar_generation,Solar,2026-08-27T00:57:27Z
2026-08-27T00:55:09Z,2026-08-27T02:55:09+0200,9e257938-0a8b-4b8b-95d2-ab80972bdbbd,2026-08-03T03:15:00Z,2026-08-03T05:15:00+0200,2.595,MW,DE,DE_LU,actual_solar_generation,Solar,2026-08-27T00:57:27Z
2026-08-27T00:55:09Z,2026-08-27T02:55:09+0200,9e257938-0a8b-4b8b-95d2-ab80972bdbbd,2026-08-03T03:30:00Z,2026-08-03T05:30:00+0200,28.93,MW,DE,DE_LU,actual_solar_generation,Solar,2026-08-27T00:57:27Z
2026-08-27T00:55:09Z,2026-08-27T02:55:09+0200,9e257938-0a8b-4b8b-95d2-ab80972bdbbd,2026-08-03T03:45:00Z,2026-08-03T05:45:00+0200,181.971,MW,DE,DE_LU,actual_solar_generation,Solar,2026-08-27T00:57:27Z
2026-08-27T00:55:09Z,2026-08-27T02:55:09+0200,9e257938-0a8b-4b8b-95d2-ab80972bdbbd,2026-08-03T04:00:00Z,2026-08-03T06:00:00+0200,646.872,MW,DE,DE_LU,actual_solar_generation,Solar,2026-08-27T00:57:27Z
2026-08-27T00:55:09Z,2026-08-27T02:55:09+0200,9e257938-0a8b-4b8b-95d2-ab80972bdbbd,2026-08-03T04:15:00Z,2026-08-03T06:15:00+0200,1600.474,MW,DE,DE_LU,actual_solar_generation,Solar,2026-08-27T00:57:27Z
2026-08-27T00:55:09Z,2026-08-27T02:55:09+0200,9e257938-0a8b-4b8b-95d2-ab80972bdbbd,2026-08-03T04:30:00Z,2026-08-03T06:30:00+0200,2757.517,MW,DE,DE_LU,actual_solar_generation,Solar,2026-08-27T00:57:27Z
2026-08-27T00:55:09Z,2026-08-27T02:55:09+0200,9e257938-0a8b-4b8b-95d2-ab80972bdbbd,2026-08-03T04:45:00Z,2026-08-03T06:45:00+0200,4194.114,MW,DE,DE_LU,actual_solar_generation,Solar,2026-08-27T00:57:27Z
2026-08-27T00:55:09Z,2026-08-27T02:55:09+0200,9e257938-0a8b-4b8b-95d2-ab80972bdbbd,2026-08-03T05:00:00Z,2026-08-03T07:00:00+0200,5933.947,MW,DE,DE_LU,actual_solar_generation,Solar,2026-08-27T00:57:27Z
2026-08-27T00:55:09Z,2026-08-27T02:55:09+0200,9e257938-0a8b-4b8b-95d2-ab80972bdbbd,2026-08-03T05:15:00Z,2026-08-03T07:15:00+0200,8010.799,MW,DE,DE_LU,actual_solar_generation,Solar,2026-08-27T00:57:27Z
2026-08-27T00:55:09Z,2026-08-27T02:55:09+0200,9e257938-0a8b-4b8b-95d2-ab80972bdbbd,2026-08-03T05:30:00Z,2026-08-03T07:30:00+0200,10500.412,MW,DE,DE_LU,actual_solar_generation,Solar,2026-08-27T00:57:27Z
2026-08-27T00:55:09Z,2026-08-27T02:55:09+0200,9e257938-0a8b-4b8b-95d2-ab80972bdbbd,2026-08-03T05:45:00Z,2026-08-03T07:45:00+0200,13317.55,MW,DE,DE_LU,actual_solar_generation,Solar,2026-08-27T00:57:27Z
2026-08-27T00:55:09Z,2026-08-27T02:55:09+0200,9e257938-0a8b-4b8b-95d2-ab80972bdbbd,2026-08-03T06:00:00Z,2026-08-03T08:00:00+0200,16334.507,MW,DE,DE_LU,actual_solar_generation,Solar,2026-08-27T00:57:27Z
2026-08-27T00:55:09Z,2026-08-27T02:55:09+0200,9e257938-0a8b-4b8b-95d2-ab80972bdbbd,2026-08-03T06:15:00Z,2026-08-03T08:15:00+0200,19448.084,MW,DE,DE_LU,actual_solar_generation,Solar,2026-08-27T00:57:27Z
2026-08-27T00:55:09Z,2026-08-27T02:55:09+0200,9e257938-0a8b-4b8b-95d2-ab80972bdbbd,2026-08-03T06:30:00Z,2026-08-03T08:30:00+0200,22578.957,MW,DE,DE_LU,actual_solar_generation,Solar,2026-08-27T00:57:27Z
2026-08-27T00:55:09Z,2026-08-27T02:55:09+0200,9e257938-0a8b-4b8b-95d2-ab80972bdbbd,2026-08-03T06:45:00Z,2026-08-03T08:45:00+0200,25701.431,MW,DE,DE_LU,actual_solar_generation,Solar,2026-08-27T00:57:27Z
2026-08-27T00:55:09Z,2026-08-27T02:55:09+0200,9e257938-0a8b-4b8b-95d2-ab80972bdbbd,2026-08-03T07:00:00Z,2026-08-03T09:00:00+0200,28833.854,MW,DE,DE_LU,actual_solar_generation,Solar,2026-08-27T00:57:27Z
2026-08-27T00:55:09Z,2026-08-27T02:55:09+0200,9e257938-0a8b-4b8b-95d2-ab80972bdbbd,2026-08-03T07:15:00Z,2026-08-03T09:15:00+0200,31733.93,MW,DE,DE_LU,actual_solar_generation,Solar,2026-08-27T00:57:27Z
2026-08-27T00:55:09Z,2026-08-27T02:55:09+0200,9e257938-0a8b-4b8b-95d2-ab80972bdbbd,2026-08-03T07:30:00Z,2026-08-03T09:30:00+0200,34704.569,MW,DE,DE_LU,actual_solar_generation,Solar,2026-08-27T00:57:27Z
2026-08-27T00:55:09Z,2026-08-27T02:55:09+0200,9e257938-0a8b-4b8b-95d2-ab80972bdbbd,2026-08-03T07:45:00Z,2026-08-03T09:45:00+0200,37366.032,MW,DE,DE_LU,actual_solar_generation,Solar,2026-08-27T00:57:27Z
2026-08-27T00:55:09Z,2026-08-27T02:55:09+0200,9e257938-0a8b-4b8b-95d2-ab80972bdbbd,2026-08-03T08:00:00Z,2026-08-03T10:00:00+0200,39752.185,MW,DE,DE_LU,actual_solar_generation,Solar,2026-08-27T00:57:27Z
2026-08-27T00:55:09Z,2026-08-27T02:55:09+0200,9e257938-0a8b-4b8b-95d2-ab80972bdbbd,2026-08-03T08:15:00Z,2026-08-03T10:15:00+0200,42120.368,MW,DE,DE_LU,actual_solar_generation,Solar,2026-08-27T00:57:27Z
2026-08-27T00:55:09Z,2026-08-27T02:55:09+0200,9e257938-0a8b-4b8b-95d2-ab80972bdbbd,2026-08-03T08:30:00Z,2026-08-03T10:30:00+0200,44085.002,MW,DE,DE_LU,actual_solar_generation,Solar,2026-08-27T00:57:27Z
2026-08-27T00:55:09Z,2026-08-27T02:55:09+0200,9e257938-0a8b-4b8b-95d2-ab80972bdbbd,2026-08-03T08:45:00Z,2026-08-03T10:45:00+0200,46262.758,MW,DE,DE_LU,actual_solar_generation,Solar,2026-08-27T00:57:27Z
2026-08-27T00:55:09Z,2026-08-27T02:55:09+0200,9e257938-0a8b-4b8b-95d2-ab80972bdbbd,2026-08-03T09:00:00Z,2026-08-03T11:00:00+0200,48133.889,MW,DE,DE_LU,actual_solar_generation,Solar,2026-08-27T00:57:27Z
2026-08-27T00:55:09Z,2026-08-27T02:55:09+0200,9e257938-0a8b-4b8b-95d2-ab80972bdbbd,2026-08-03T09:15:00Z,2026-08-03T11:15:00+0200,49769.018,MW,DE,DE_LU,actual_solar_generation,Solar,2026-08-27T00:57:27Z
2026-08-27T00:55:09Z,2026-08-27T02:55:09+0200,9e257938-0a8b-4b8b-95d2-ab80972bdbbd,2026-08-03T09:30:00Z,2026-08-03T11:30:00+0200,51100.248,MW,DE,DE_LU,actual_solar_generation,Solar,2026-08-27T00:57:27Z
2026-08-27T00:55:09Z,2026-08-27T02:55:09+0200,9e257938-0a8b-4b8b-95d2-ab80972bdbbd,2026-08-03T09:45:00Z,2026-08-03T11:45:00+0200,51955.76,MW,DE,DE_LU,actual_solar_generation,Solar,2026-08-27T00:57:27Z
2026-08-27T00:55:09Z,2026-08-27T02:55:09+0200,9e257938-0a8b-4b8b-95d2-ab80972bdbbd,2026-08-03T10:00:00Z,2026-08-03T12:00:00+0200,52697.527,MW,DE,DE_LU,actual_solar_generation,Solar,2026-08-27T00:57:27Z
2026-08-27T00:55:09Z,2026-08-27T02:55:09+0200,9e257938-0a8b-4b8b-95d2-ab80972bdbbd,2026-08-03T10:15:00Z,2026-08-03T12:15:00+0200,53358.786,MW,DE,DE_LU,actual_solar_generation,Solar,2026-08-27T00:57:27Z
2026-08-27T00:55:09Z,2026-08-27T02:55:09+0200,9e257938-0a8b-4b8b-95d2-ab80972bdbbd,2026-08-03T10:30:00Z,2026-08-03T12:30:00+0200,53566.764,MW,DE,DE_LU,actual_solar_generation,Solar,2026-08-27T00:57:27Z
2026-08-27T00:55:09Z,2026-08-27T02:55:09+0200,9e257938-0a8b-4b8b-95d2-ab80972bdbbd,2026-08-03T10:45:00Z,2026-08-03T12:45:00+0200,53782.797,MW,DE,DE_LU,actual_solar_generation,Solar,2026-08-27T00:57:27Z
2026-08-27T00:55:09Z,2026-08-27T02:55:09+0200,9e257938-0a8b-4b8b-95d2-ab80972bdbbd,2026-08-03T11:00:00Z,2026-08-03T13:00:00+0200,54032.179,MW,DE,DE_LU,actual_solar_generation,Solar,2026-08-27T00:57:27Z
2026-08-27T00:55:09Z,2026-08-27T02:55:09+0200,9e257938-0a8b-4b8b-95d2-ab80972bdbbd,2026-08-03T11:15:00Z,2026-08-03T13:15:00+0200,53876.483,MW,DE,DE_LU,actual_solar_generation,Solar,2026-08-27T00:57:27Z
2026-08-27T00:55:09Z,2026-08-27T02:55:09+0200,9e257938-0a8b-4b8b-95d2-ab80972bdbbd,2026-08-03T11:30:00Z,2026-08-03T13:30:00+0200,53597.517,MW,DE,DE_LU,actual_solar_generation,Solar,2026-08-27T00:57:27Z
2026-08-27T00:55:09Z,2026-08-27T02:55:09+0200,9e257938-0a8b-4b8b-95d2-ab80972bdbbd,2026-08-03T11:45:00Z,2026-08-03T13:45:00+0200,53091.823,MW,DE,DE_LU,actual_solar_generation,Solar,2026-08-27T00:57:27Z
2026-08-27T00:55:09Z,2026-08-27T02:55:09+0200,9e257938-0a8b-4b8b-95d2-ab80972bdbbd,2026-08-03T12:00:00Z,2026-08-03T14:00:00+0200,52333.499,MW,DE,DE_LU,actual_solar_generation,Solar,2026-08-27T00:57:27Z
2026-08-27T00:55:09Z,2026-08-27T02:55:09+0200,9e257938-0a8b-4b8b-95d2-ab80972bdbbd,2026-08-03T12:15:00Z,2026-08-03T14:15:00+0200,51381.407,MW,DE,DE_LU,actual_solar_generation,Solar,2026-08-27T00:57:27Z
2026-08-27T00:55:09Z,2026-08-27T02:55:09+0200,9e257938-0a8b-4b8b-95d2-ab80972bdbbd,2026-08-03T12:30:00Z,2026-08-03T14:30:00+0200,50280.336,MW,DE,DE_LU,actual_solar_generation,Solar,2026-08-27T00:57:27Z
2026-08-27T00:55:09Z,2026-08-27T02:55:09+0200,9e257938-0a8b-4b8b-95d2-ab80972bdbbd,2026-08-03T12:45:00Z,2026-08-03T14:45:00+0200,48974.43,MW,DE,DE_LU,actual_solar_generation,Solar,2026-08-27T00:57:27Z
2026-08-27T00:55:09Z,2026-08-27T02:55:09+0200,9e257938-0a8b-4b8b-95d2-ab80972bdbbd,2026-08-03T13:00:00Z,2026-08-03T15:00:00+0200,47760.633,MW,DE,DE_LU,actual_solar_generation,Solar,2026-08-27T00:57:27Z
2026-08-27T00:55:09Z,2026-08-27T02:55:09+0200,9e257938-0a8b-4b8b-95d2-ab80972bdbbd,2026-08-03T13:15:00Z,2026-08-03T15:15:00+0200,46392.347,MW,DE,DE_LU,actual_solar_generation,Solar,2026-08-27T00:57:27Z
2026-08-27T00:55:09Z,2026-08-27T02:55:09+0200,9e257938-0a8b-4b8b-95d2-ab80972bdbbd,2026-08-03T13:30:00Z,2026-08-03T15:30:00+0200,44815.369,MW,DE,DE_LU,actual_solar_generation,Solar,2026-08-27T00:57:27Z
2026-08-27T00:55:09Z,2026-08-27T02:55:09+0200,9e257938-0a8b-4b8b-95d2-ab80972bdbbd,2026-08-03T13:45:00Z,2026-08-03T15:45:00+0200,42729.58,MW,DE,DE_LU,actual_solar_generation,Solar,2026-08-27T00:57:27Z
2026-08-27T00:55:09Z,2026-08-27T02:55:09+0200,9e257938-0a8b-4b8b-95d2-ab80972bdbbd,2026-08-03T14:00:00Z,2026-08-03T16:00:00+0200,40587.467,MW,DE,DE_LU,actual_solar_generation,Solar,2026-08-27T00:57:27Z
2026-08-27T00:55:09Z,2026-08-27T02:55:09+0200,9e257938-0a8b-4b8b-95d2-ab80972bdbbd,2026-08-03T14:15:00Z,2026-08-03T16:15:00+0200,38425.698,MW,DE,DE_LU,actual_solar_generation,Solar,2026-08-27T00:57:27Z
2026-08-27T00:55:09Z,2026-08-27T02:55:09+0200,9e257938-0a8b-4b8b-95d2-ab80972bdbbd,2026-08-03T14:30:00Z,2026-08-03T16:30:00+0200,35940.066,MW,DE,DE_LU,actual_solar_generation,Solar,2026-08-27T00:57:27Z
2026-08-27T00:55:09Z,2026-08-27T02:55:09+0200,9e257938-0a8b-4b8b-95d2-ab80972bdbbd,2026-08-03T14:45:00Z,2026-08-03T16:45:00+0200,33644.341,MW,DE,DE_LU,actual_solar_generation,Solar,2026-08-27T00:57:27Z
2026-08-27T00:55:09Z,2026-08-27T02:55:09+0200,9e257938-0a8b-4b8b-95d2-ab80972bdbbd,2026-08-03T15:00:00Z,2026-08-03T17:00:00+0200,31034.977,MW,DE,DE_LU,actual_solar_generation,Solar,2026-08-27T00:57:27Z
2026-08-27T00:55:09Z,2026-08-27T02:55:09+0200,9e257938-0a8b-4b8b-95d2-ab80972bdbbd,2026-08-03T15:15:00Z,2026-08-03T17:15:00+0200,28043.886,MW,DE,DE_LU,actual_solar_generation,Solar,2026-08-27T00:57:27Z
2026-08-27T00:55:09Z,2026-08-27T02:55:09+0200,9e257938-0a8b-4b8b-95d2-ab80972bdbbd,2026-08-03T15:30:00Z,2026-08-03T17:30:00+0200,25222.414,MW,DE,DE_LU,actual_solar_generation,Solar,2026-08-27T00:57:27Z
2026-08-27T00:55:09Z,2026-08-27T02:55:09+0200,9e257938-0a8b-4b8b-95d2-ab80972bdbbd,2026-08-03T15:45:00Z,2026-08-03T17:45:00+0200,22128.289,MW,DE,DE_LU,actual_solar_generation,Solar,2026-08-27T00:57:27Z
2026-08-27T00:55:09Z,2026-08-27T02:55:09+0200,9e257938-0a8b-4b8b-95d2-ab80972bdbbd,2026-08-03T16:00:00Z,2026-08-03T18:00:00+0200,19131.435,MW,DE,DE_LU,actual_solar_generation,Solar,2026-08-27T00:57:27Z
2026-08-27T00:55:09Z,2026-08-27T02:55:09+0200,9e257938-0a8b-4b8b-95d2-ab80972bdbbd,2026-08-03T16:15:00Z,2026-08-03T18:15:00+0200,16218.853,MW,DE,DE_LU,actual_solar_generation,Solar,2026-08-27T00:57:27Z
2026-08-27T00:55:09Z,2026-08-27T02:55:09+0200,9e257938-0a8b-4b8b-95d2-ab80972bdbbd,2026-08-03T16:30:00Z,2026-08-03T18:30:00+0200,13464.749,MW,DE,DE_LU,actual_solar_generation,Solar,2026-08-27T00:57:27Z
2026-08-27T00:55:09Z,2026-08-27T02:55:09+0200,9e257938-0a8b-4b8b-95d2-ab80972bdbbd,2026-08-03T16:45:00Z,2026-08-03T18:45:00+0200,10890.188,MW,DE,DE_LU,actual_solar_generation,Solar,2026-08-27T00:57:27Z
2026-08-27T00:55:09Z,2026-08-27T02:55:09+0200,9e257938-0a8b-4b8b-95d2-ab80972bdbbd,2026-08-03T17:00:00Z,2026-08-03T19:00:00+0200,8616.971,MW,DE,DE_LU,actual_solar_generation,Solar,2026-08-27T00:57:27Z
2026-08-27T00:55:09Z,2026-08-27T02:55:09+0200,9e257938-0a8b-4b8b-95d2-ab80972bdbbd,2026-08-03T17:15:00Z,2026-08-03T19:15:00+0200,6529.594,MW,DE,DE_LU,actual_solar_generation,Solar,2026-08-27T00:57:27Z
2026-08-27T00:55:09Z,2026-08-27T02:55:09+0200,9e257938-0a8b-4b8b-95d2-ab80972bdbbd,2026-08-03T17:30:00Z,2026-08-03T19:30:00+0200,4716.882,MW,DE,DE_LU,actual_solar_generation,Solar,2026-08-27T00:57:27Z
2026-08-27T00:55:09Z,2026-08-27T02:55:09+0200,9e257938-0a8b-4b8b-95d2-ab80972bdbbd,2026-08-03T17:45:00Z,2026-08-03T19:45:00+0200,3293.48,MW,DE,DE_LU,actual_solar_generation,Solar,2026-08-27T00:57:27Z
2026-08-27T00:55:09Z,2026-08-27T02:55:09+0200,9e257938-0a8b-4b8b-95d2-ab80972bdbbd,2026-08-03T18:00:00Z,2026-08-03T20:00:00+0200,2161.982,MW,DE,DE_LU,actual_solar_generation,Solar,2026-08-27T00:57:27Z
2026-08-27T00:55:09Z,2026-08-27T02:55:09+0200,9e257938-0a8b-4b8b-95d2-ab80972bdbbd,2026-08-03T18:15:00Z,2026-08-03T20:15:00+0200,1267.901,MW,DE,DE_LU,actual_solar_generation,Solar,2026-08-27T00:57:27Z
2026-08-27T00:55:09Z,2026-08-27T02:55:09+0200,9e257938-0a8b-4b8b-95d2-ab80972bdbbd,2026-08-03T18:30:00Z,2026-08-03T20:30:00+0200,585.896,MW,DE,DE_LU,actual_solar_generation,Solar,2026-08-27T00:57:27Z
2026-08-27T00:55:09Z,2026-08-27T02:55:09+0200,9e257938-0a8b-4b8b-95d2-ab80972bdbbd,2026-08-03T18:45:00Z,2026-08-03T20:45:00+0200,182.091,MW,DE,DE_LU,actual_solar_generation,Solar,2026-08-27T00:57:27Z
2026-08-27T00:55:09Z,2026-08-27T02:55:09+0200,9e257938-0a8b-4b8b-95d2-ab80972bdbbd,2026-08-03T19:00:00Z,2026-08-03T21:00:00+0200,43.792,MW,DE,DE_LU,actual_solar_generation,Solar,2026-08-27T00:57:27Z
2026-08-27T00:55:09Z,2026-08-27T02:55:09+0200,9e257938-0a8b-4b8b-95d2-ab80972bdbbd,2026-08-03T19:15:00Z,2026-08-03T21:15:00+0200,3.893,MW,DE,DE_LU,actual_solar_generation,Solar,2026-08-27T00:57:27Z
2026-08-27T00:55:09Z,2026-08-27T02:55:09+0200,9e257938-0a8b-4b8b-95d2-ab80972bdbbd,2026-08-03T19:30:00Z,2026-08-03T21:30:00+0200,1.447,MW,DE,DE_LU,actual_solar_generation,Solar,2026-08-27T00:57:27Z
2026-08-27T00:55:09Z,2026-08-27T02:55:09+0200,9e257938-0a8b-4b8b-95d2-ab80972bdbbd,2026-08-03T19:45:00Z,2026-08-03T21:45:00+0200,0.229,MW,DE,DE_LU,actual_solar_generation,Solar,2026-08-27T00:57:27Z
2026-08-27T00:55:09Z,2026-08-27T02:55:09+0200,9e257938-0a8b-4b8b-95d2-ab80972bdbbd,2026-08-03T20:00:00Z,2026-08-03T22:00:00+0200,0.197,MW,DE,DE_LU,actual_solar_generation,Solar,2026-08-27T00:57:27Z
2026-08-27T00:55:09Z,2026-08-27T02:55:09+0200,9e257938-0a8b-4b8b-95d2-ab80972bdbbd,2026-08-03T20:15:00Z,2026-08-03T22:15:00+0200,0.187,MW,DE,DE_LU,actual_solar_generation,Solar,2026-08-27T00:57:27Z
2026-08-27T00:55:09Z,2026-08-27T02:55:09+0200,9e257938-0a8b-4b8b-95d2-ab80972bdbbd,2026-08-03T20:30:00Z,2026-08-03T22:30:00+0200,0.174,MW,DE,DE_LU,actual_solar_generation,Solar,2026-08-27T00:57:27Z
2026-08-27T00:55:09Z,2026-08-27T02:55:09+0200,9e257938-0a8b-4b8b-95d2-ab80972bdbbd,2026-08-03T20:45:00Z,2026-08-03T22:45:00+0200,0.164,MW,DE,DE_LU,actual_solar_generation,Solar,2026-08-27T00:57:27Z
2026-08-27T00:55:09Z,2026-08-27T02:55:09+0200,9e257938-0a8b-4b8b-95d2-ab80972bdbbd,2026-08-03T21:00:00Z,2026-08-03T23:00:00+0200,0.157,MW,DE,DE_LU,actual_solar_generation,Solar,2026-08-27T00:57:27Z
2026-08-27T00:55:09Z,2026-08-27T02:55:09+0200,9e257938-0a8b-4b8b-95d2-ab80972bdbbd,2026-08-03T21:15:00Z,2026-08-03T23:15:00+0200,0.136,MW,DE,DE_LU,actual_solar_generation,Solar,2026-08-27T00:57:27Z
2026-08-27T00:55:09Z,2026-08-27T02:55:09+0200,9e257938-0a8b-4b8b-95d2-ab80972bdbbd,2026-08-03T21:30:00Z,2026-08-03T23:30:00+0200,0.129,MW,DE,DE_LU,actual_solar_generation,Solar,2026-08-27T00:57:27Z
2026-08-27T00:55:09Z,2026-08-27T02:55:09+0200,9e257938-0a8b-4b8b-95d2-ab80972bdbbd,2026-08-03T21:45:00Z,2026-08-03T23:45:00+0200,0.122,MW,DE,DE_LU,actual_solar_generation,Solar,2026-08-27T00:57:27Z
2026-08-27T00:55:09Z,2026-08-27T02:55:09+0200,9e257938-0a8b-4b8b-95d2-ab80972bdbbd,2026-08-03T22:00:00Z,2026-08-04T00:00:00+0200,0.169,MW,DE,DE_LU,actual_solar_generation,Solar,2026-08-27T00:57:27Z
2026-08-27T00:55:09Z,2026-08-27T02:55:09+0200,9e257938-0a8b-4b8b-95d2-ab80972bdbbd,2026-08-03T22:15:00Z,2026-08-04T00:15:00+0200,0.148,MW,DE,DE_LU,actual_solar_generation,Solar,2026-08-27T00:57:27Z
2026-08-27T00:55:09Z,2026-08-27T02:55:09+0200,9e257938-0a8b-4b8b-95d2-ab80972bdbbd,2026-08-03T22:30:00Z,2026-08-04T00:30:00+0200,0.134,MW,DE,DE_LU,actual_solar_generation,Solar,2026-08-27T00:57:27Z
2026-08-27T00:55:09Z,2026-08-27T02:55:09+0200,9e257938-0a8b-4b8b-95d2-ab80972bdbbd,2026-08-03T22:45:00Z,2026-08-04T00:45:00+0200,0.134,MW,DE,DE_LU,actual_solar_generation,Solar,2026-08-27T00:57:27Z
2026-08-27T00:55:09Z,2026-08-27T02:55:09+0200,9e257938-0a8b-4b8b-95d2-ab80972bdbbd,2026-08-03T23:00:00Z,2026-08-04T01:00:00+0200,0.126,MW,DE,DE_LU,actual_solar_generation,Solar,2026-08-27T00:57:27Z
2026-08-27T00:55:09Z,2026-08-27T02:55:09+0200,9e257938-0a8b-4b8b-95d2-ab80972bdbbd,2026-08-03T23:15:00Z,2026-08-04T01:15:00+0200,0.132,MW,DE,DE_LU,actual_solar_generation,Solar,2026-08-27T00:57:27Z
2026-08-27T00:55:09Z,2026-08-27T02:55:09+0200,9e257938-0a8b-4b8b-95d2-ab80972bdbbd,2026-08-03T23:30:00Z,2026-08-04T01:30:00+0200,0.139,MW,DE,DE_LU,actual_solar_generation,Solar,2026-08-27T00:57:27Z
2026-08-27T00:55:09Z,2026-08-27T02:55:09+0200,9e257938-0a8b-4b8b-95d2-ab80972bdbbd,2026-08-03T23:45:00Z,2026-08-04T01:45:00+0200,0.13,MW,DE,DE_LU,actual_solar_generation,Solar,2026-08-27T00:57:27Z
2026-08-27T00:55:09Z,2026-08-27T02:55:09+0200,9e257938-0a8b-4b8b-95d2-ab80972bdbbd,2026-08-04T00:00:00Z,2026-08-04T02:00:00+0200,0.118,MW,DE,DE_LU,actual_solar_generation,Solar,2026-08-27T00:57:27Z
2026-08-27T00:55:09Z,2026-08-27T02:55:09+0200,9e257938-0a8b-4b8b-95d2-ab80972bdbbd,2026-08-04T00:15:00Z,2026-08-04T02:15:00+0200,0.114,MW,DE,DE_LU,actual_solar_generation,Solar,2026-08-27T00:57:27Z
2026-08-27T00:55:09Z,2026-08-27T02:55:09+0200,9e257938-0a8b-4b8b-95d2-ab80972bdbbd,2026-08-04T00:30:00Z,2026-08-04T02:30:00+0200,0.118,MW,DE,DE_LU,actual_solar_generation,Solar,2026-08-27T00:57:27Z
2026-08-27T00:55:09Z,2026-08-27T02:55:09+0200,9e257938-0a8b-4b8b-95d2-ab80972bdbbd,2026-08-04T00:45:00Z,2026-08-04T02:45:00+0200,0.135,MW,DE,DE_LU,actual_solar_generation,Solar,2026-08-27T00:57:27Z
2026-08-27T00:55:09Z,2026-08-27T02:55:09+0200,9e257938-0a8b-4b8b-95d2-ab80972bdbbd,2026-08-04T01:00:00Z,2026-08-04T03:00:00+0200,0.137,MW,DE,DE_LU,actual_solar_generation,Solar,2026-08-27T00:57:27Z
2026-08-27T00:55:09Z,2026-08-27T02:55:09+0200,9e257938-0a8b-4b8b-95d2-ab80972bdbbd,2026-08-04T01:15:00Z,2026-08-04T03:15:00+0200,0.127,MW,DE,DE_LU,actual_solar_generation,Solar,2026-08-27T00:57:27Z
2026-08-27T00:55:09Z,2026-08-27T02:55:09+0200,9e257938-0a8b-4b8b-95d2-ab80972bdbbd,2026-08-04T01:30:00Z,2026-08-04T03:30:00+0200,0.111,MW,DE,DE_LU,actual_solar_generation,Solar,2026-08-27T00:57:27Z
2026-08-27T00:55:09Z,2026-08-27T02:55:09+0200,9e257938-0a8b-4b8b-95d2-ab80972bdbbd,2026-08-04T01:45:00Z,2026-08-04T03:45:00+0200,0.116,MW,DE,DE_LU,actual_solar_generation,Solar,2026-08-27T00:57:27Z
2026-08-27T00:55:09Z,2026-08-27T02:55:09+0200,9e257938-0a8b-4b8b-95d2-ab80972bdbbd,2026-08-04T02:00:00Z,2026-08-04T04:00:00+0200,0.112,MW,DE,DE_LU,actual_solar_generation,Solar,2026-08-27T00:57:27Z
2026-08-27T00:55:09Z,2026-08-27T02:55:09+0200,9e257938-0a8b-4b8b-95d2-ab80972bdbbd,2026-08-04T02:15:00Z,2026-08-04T04:15:00+0200,0.109,MW,DE,DE_LU,actual_solar_generation,Solar,2026-08-27T00:57:27Z
2026-08-27T00:55:09Z,2026-08-27T02:55:09+0200,9e257938-0a8b-4b8b-95d2-ab80972bdbbd,2026-08-04T02:30:00Z,2026-08-04T04:30:00+0200,0.105,MW,DE,DE_LU,actual_solar_generation,Solar,2026-08-27T00:57:27Z
2026-08-27T00:55:09Z,2026-08-27T02:55:09+0200,9e257938-0a8b-4b8b-95d2-ab80972bdbbd,2026-08-04T02:45:00Z,2026-08-04T04:45:00+0200,0.102,MW,DE,DE_LU,actual_solar_generation,Solar,2026-08-27T00:57:27Z
2026-08-27T00:55:09Z,2026-08-27T02:55:09+0200,9e257938-0a8b-4b8b-95d2-ab80972bdbbd,2026-08-04T03:00:00Z,2026-08-04T05:00:00+0200,0.116,MW,DE,DE_LU,actual_solar_generation,Solar,2026-08-27T00:57:27Z
2026-08-27T00:55:09Z,2026-08-27T02:55:09+0200,9e257938-0a8b-4b8b-95d2-ab80972bdbbd,2026-08-04T03:15:00Z,2026-08-04T05:15:00+0200,3.022,MW,DE,DE_LU,actual_solar_generation,Solar,2026-08-27T00:57:27Z
2026-08-27T00:55:09Z,2026-08-27T02:55:09+0200,9e257938-0a8b-4b8b-95d2-ab80972bdbbd,2026-08-04T03:30:00Z,2026-08-04T05:30:00+0200,25.06,MW,DE,DE_LU,actual_solar_generation,Solar,2026-08-27T00:57:27Z
2026-08-27T00:55:09Z,2026-08-27T02:55:09+0200,9e257938-0a8b-4b8b-95d2-ab80972bdbbd,2026-08-04T03:45:00Z,2026-08-04T05:45:00+0200,169.536,MW,DE,DE_LU,actual_solar_generation,Solar,2026-08-27T00:57:27Z
2026-08-27T00:55:09Z,2026-08-27T02:55:09+0200,9e257938-0a8b-4b8b-95d2-ab80972bdbbd,2026-08-04T04:00:00Z,2026-08-04T06:00:00+0200,499.339,MW,DE,DE_LU,actual_solar_generation,Solar,2026-08-27T00:57:27Z
2026-08-27T00:55:09Z,2026-08-27T02:55:09+0200,9e257938-0a8b-4b8b-95d2-ab80972bdbbd,2026-08-04T04:15:00Z,2026-08-04T06:15:00+0200,1182.475,MW,DE,DE_LU,actual_solar_generation,Solar,2026-08-27T00:57:27Z
2026-08-27T00:55:09Z,2026-08-27T02:55:09+0200,9e257938-0a8b-4b8b-95d2-ab80972bdbbd,2026-08-04T04:30:00Z,2026-08-04T06:30:00+0200,2083.49,MW,DE,DE_LU,actual_solar_generation,Solar,2026-08-27T00:57:27Z
2026-08-27T00:55:09Z,2026-08-27T02:55:09+0200,9e257938-0a8b-4b8b-95d2-ab80972bdbbd,2026-08-04T04:45:00Z,2026-08-04T06:45:00+0200,3198.353,MW,DE,DE_LU,actual_solar_generation,Solar,2026-08-27T00:57:27Z
2026-08-27T00:55:09Z,2026-08-27T02:55:09+0200,9e257938-0a8b-4b8b-95d2-ab80972bdbbd,2026-08-04T05:00:00Z,2026-08-04T07:00:00+0200,4477.809,MW,DE,DE_LU,actual_solar_generation,Solar,2026-08-27T00:57:27Z
2026-08-27T00:55:09Z,2026-08-27T02:55:09+0200,9e257938-0a8b-4b8b-95d2-ab80972bdbbd,2026-08-04T05:15:00Z,2026-08-04T07:15:00+0200,6027.494,MW,DE,DE_LU,actual_solar_generation,Solar,2026-08-27T00:57:27Z
2026-08-27T00:55:09Z,2026-08-27T02:55:09+0200,9e257938-0a8b-4b8b-95d2-ab80972bdbbd,2026-08-04T05:30:00Z,2026-08-04T07:30:00+0200,7899.548,MW,DE,DE_LU,actual_solar_generation,Solar,2026-08-27T00:57:27Z
2026-08-27T00:55:09Z,2026-08-27T02:55:09+0200,9e257938-0a8b-4b8b-95d2-ab80972bdbbd,2026-08-04T05:45:00Z,2026-08-04T07:45:00+0200,10068.102,MW,DE,DE_LU,actual_solar_generation,Solar,2026-08-27T00:57:27Z
2026-08-27T00:55:09Z,2026-08-27T02:55:09+0200,9e257938-0a8b-4b8b-95d2-ab80972bdbbd,2026-08-04T06:00:00Z,2026-08-04T08:00:00+0200,12333.485,MW,DE,DE_LU,actual_solar_generation,Solar,2026-08-27T00:57:27Z
2026-08-27T00:55:09Z,2026-08-27T02:55:09+0200,9e257938-0a8b-4b8b-95d2-ab80972bdbbd,2026-08-04T06:15:00Z,2026-08-04T08:15:00+0200,14524.562,MW,DE,DE_LU,actual_solar_generation,Solar,2026-08-27T00:57:27Z
2026-08-27T00:55:09Z,2026-08-27T02:55:09+0200,9e257938-0a8b-4b8b-95d2-ab80972bdbbd,2026-08-04T06:30:00Z,2026-08-04T08:30:00+0200,17100.614,MW,DE,DE_LU,actual_solar_generation,Solar,2026-08-27T00:57:27Z
2026-08-27T00:55:09Z,2026-08-27T02:55:09+0200,9e257938-0a8b-4b8b-95d2-ab80972bdbbd,2026-08-04T06:45:00Z,2026-08-04T08:45:00+0200,19543.271,MW,DE,DE_LU,actual_solar_generation,Solar,2026-08-27T00:57:27Z
2026-08-27T00:55:09Z,2026-08-27T02:55:09+0200,9e257938-0a8b-4b8b-95d2-ab80972bdbbd,2026-08-04T07:00:00Z,2026-08-04T09:00:00+0200,22002.905,MW,DE,DE_LU,actual_solar_generation,Solar,2026-08-27T00:57:27Z
2026-08-27T00:55:09Z,2026-08-27T02:55:09+0200,9e257938-0a8b-4b8b-95d2-ab80972bdbbd,2026-08-04T07:15:00Z,2026-08-04T09:15:00+0200,24576.1,MW,DE,DE_LU,actual_solar_generation,Solar,2026-08-27T00:57:27Z
2026-08-27T00:55:09Z,2026-08-27T02:55:09+0200,9e257938-0a8b-4b8b-95d2-ab80972bdbbd,2026-08-04T07:30:00Z,2026-08-04T09:30:00+0200,27200.856,MW,DE,DE_LU,actual_solar_generation,Solar,2026-08-27T00:57:27Z
2026-08-27T00:55:09Z,2026-08-27T02:55:09+0200,9e257938-0a8b-4b8b-95d2-ab80972bdbbd,2026-08-04T07:45:00Z,2026-08-04T09:45:00+0200,29748.698,MW,DE,DE_LU,actual_solar_generation,Solar,2026-08-27T00:57:27Z
2026-08-27T00:55:09Z,2026-08-27T02:55:09+0200,9e257938-0a8b-4b8b-95d2-ab80972bdbbd,2026-08-04T08:00:00Z,2026-08-04T10:00:00+0200,32393.301,MW,DE,DE_LU,actual_solar_generation,Solar,2026-08-27T00:57:27Z
2026-08-27T00:55:09Z,2026-08-27T02:55:09+0200,9e257938-0a8b-4b8b-95d2-ab80972bdbbd,2026-08-04T08:15:00Z,2026-08-04T10:15:00+0200,34668.612,MW,DE,DE_LU,actual_solar_generation,Solar,2026-08-27T00:57:27Z
2026-08-27T00:55:09Z,2026-08-27T02:55:09+0200,9e257938-0a8b-4b8b-95d2-ab80972bdbbd,2026-08-04T08:30:00Z,2026-08-04T10:30:00+0200,37187.913,MW,DE,DE_LU,actual_solar_generation,Solar,2026-08-27T00:57:27Z
2026-08-27T00:55:09Z,2026-08-27T02:55:09+0200,9e257938-0a8b-4b8b-95d2-ab80972bdbbd,2026-08-04T08:45:00Z,2026-08-04T10:45:00+0200,39528.399,MW,DE,DE_LU,actual_solar_generation,Solar,2026-08-27T00:57:27Z
2026-08-27T00:55:09Z,2026-08-27T02:55:09+0200,9e257938-0a8b-4b8b-95d2-ab80972bdbbd,2026-08-04T09:00:00Z,2026-08-04T11:00:00+0200,41740.282,MW,DE,DE_LU,actual_solar_generation,Solar,2026-08-27T00:57:27Z
2026-08-27T00:55:09Z,2026-08-27T02:55:09+0200,9e257938-0a8b-4b8b-95d2-ab80972bdbbd,2026-08-04T09:15:00Z,2026-08-04T11:15:00+0200,43899.013,MW,DE,DE_LU,actual_solar_generation,Solar,2026-08-27T00:57:27Z
2026-08-27T00:55:09Z,2026-08-27T02:55:09+0200,9e257938-0a8b-4b8b-95d2-ab80972bdbbd,2026-08-04T09:30:00Z,2026-08-04T11:30:00+0200,45910.558,MW,DE,DE_LU,actual_solar_generation,Solar,2026-08-27T00:57:27Z
2026-08-27T00:55:09Z,2026-08-27T02:55:09+0200,9e257938-0a8b-4b8b-95d2-ab80972bdbbd,2026-08-04T09:45:00Z,2026-08-04T11:45:00+0200,47182.608,MW,DE,DE_LU,actual_solar_generation,Solar,2026-08-27T00:57:27Z
2026-08-27T00:55:09Z,2026-08-27T02:55:09+0200,9e257938-0a8b-4b8b-95d2-ab80972bdbbd,2026-08-04T10:00:00Z,2026-08-04T12:00:00+0200,48259.15,MW,DE,DE_LU,actual_solar_generation,Solar,2026-08-27T00:57:27Z
2026-08-27T00:55:09Z,2026-08-27T02:55:09+0200,9e257938-0a8b-4b8b-95d2-ab80972bdbbd,2026-08-04T10:15:00Z,2026-08-04T12:15:00+0200,49018.547,MW,DE,DE_LU,actual_solar_generation,Solar,2026-08-27T00:57:27Z
2026-08-27T00:55:09Z,2026-08-27T02:55:09+0200,9e257938-0a8b-4b8b-95d2-ab80972bdbbd,2026-08-04T10:30:00Z,2026-08-04T12:30:00+0200,49960.88,MW,DE,DE_LU,actual_solar_generation,Solar,2026-08-27T00:57:27Z
2026-08-27T00:55:09Z,2026-08-27T02:55:09+0200,9e257938-0a8b-4b8b-95d2-ab80972bdbbd,2026-08-04T10:45:00Z,2026-08-04T12:45:00+0200,50456.393,MW,DE,DE_LU,actual_solar_generation,Solar,2026-08-27T00:57:27Z
2026-08-27T00:55:09Z,2026-08-27T02:55:09+0200,9e257938-0a8b-4b8b-95d2-ab80972bdbbd,2026-08-04T11:00:00Z,2026-08-04T13:00:00+0200,51048.461,MW,DE,DE_LU,actual_solar_generation,Solar,2026-08-27T00:57:27Z
2026-08-27T00:55:09Z,2026-08-27T02:55:09+0200,9e257938-0a8b-4b8b-95d2-ab80972bdbbd,2026-08-04T11:15:00Z,2026-08-04T13:15:00+0200,51163.419,MW,DE,DE_LU,actual_solar_generation,Solar,2026-08-27T00:57:27Z
2026-08-27T00:55:09Z,2026-08-27T02:55:09+0200,9e257938-0a8b-4b8b-95d2-ab80972bdbbd,2026-08-04T11:30:00Z,2026-08-04T13:30:00+0200,51163.677,MW,DE,DE_LU,actual_solar_generation,Solar,2026-08-27T00:57:27Z
2026-08-27T00:55:09Z,2026-08-27T02:55:09+0200,9e257938-0a8b-4b8b-95d2-ab80972bdbbd,2026-08-04T11:45:00Z,2026-08-04T13:45:00+0200,51372.265,MW,DE,DE_LU,actual_solar_generation,Solar,2026-08-27T00:57:27Z
2026-08-27T00:55:09Z,2026-08-27T02:55:09+0200,9e257938-0a8b-4b8b-95d2-ab80972bdbbd,2026-08-04T12:00:00Z,2026-08-04T14:00:00+0200,51348.174,MW,DE,DE_LU,actual_solar_generation,Solar,2026-08-27T00:57:27Z
2026-08-27T00:55:09Z,2026-08-27T02:55:09+0200,9e257938-0a8b-4b8b-95d2-ab80972bdbbd,2026-08-04T12:15:00Z,2026-08-04T14:15:00+0200,50558.882,MW,DE,DE_LU,actual_solar_generation,Solar,2026-08-27T00:57:27Z
2026-08-27T00:55:09Z,2026-08-27T02:55:09+0200,9e257938-0a8b-4b8b-95d2-ab80972bdbbd,2026-08-04T12:30:00Z,2026-08-04T14:30:00+0200,49660.739,MW,DE,DE_LU,actual_solar_generation,Solar,2026-08-27T00:57:27Z
2026-08-27T00:55:09Z,2026-08-27T02:55:09+0200,9e257938-0a8b-4b8b-95d2-ab80972bdbbd,2026-08-04T12:45:00Z,2026-08-04T14:45:00+0200,48518.442,MW,DE,DE_LU,actual_solar_generation,Solar,2026-08-27T00:57:27Z
2026-08-27T00:55:09Z,2026-08-27T02:55:09+0200,9e257938-0a8b-4b8b-95d2-ab80972bdbbd,2026-08-04T13:00:00Z,2026-08-04T15:00:00+0200,47223.137,MW,DE,DE_LU,actual_solar_generation,Solar,2026-08-27T00:57:27Z
2026-08-27T00:55:09Z,2026-08-27T02:55:09+0200,9e257938-0a8b-4b8b-95d2-ab80972bdbbd,2026-08-04T13:15:00Z,2026-08-04T15:15:00+0200,45602.704,MW,DE,DE_LU,actual_solar_generation,Solar,2026-08-27T00:57:27Z
2026-08-27T00:55:09Z,2026-08-27T02:55:09+0200,9e257938-0a8b-4b8b-95d2-ab80972bdbbd,2026-08-04T13:30:00Z,2026-08-04T15:30:00+0200,43810.716,MW,DE,DE_LU,actual_solar_generation,Solar,2026-08-27T00:57:27Z
2026-08-27T00:55:09Z,2026-08-27T02:55:09+0200,9e257938-0a8b-4b8b-95d2-ab80972bdbbd,2026-08-04T13:45:00Z,2026-08-04T15:45:00+0200,41852.658,MW,DE,DE_LU,actual_solar_generation,Solar,2026-08-27T00:57:27Z
2026-08-27T00:55:09Z,2026-08-27T02:55:09+0200,9e257938-0a8b-4b8b-95d2-ab80972bdbbd,2026-08-04T14:00:00Z,2026-08-04T16:00:00+0200,39616.934,MW,DE,DE_LU,actual_solar_generation,Solar,2026-08-27T00:57:27Z
2026-08-27T00:55:09Z,2026-08-27T02:55:09+0200,9e257938-0a8b-4b8b-95d2-ab80972bdbbd,2026-08-04T14:15:00Z,2026-08-04T16:15:00+0200,37318.869,MW,DE,DE_LU,actual_solar_generation,Solar,2026-08-27T00:57:27Z
2026-08-27T00:55:09Z,2026-08-27T02:55:09+0200,9e257938-0a8b-4b8b-95d2-ab80972bdbbd,2026-08-04T14:30:00Z,2026-08-04T16:30:00+0200,34649.575,MW,DE,DE_LU,actual_solar_generation,Solar,2026-08-27T00:57:27Z
2026-08-27T00:55:09Z,2026-08-27T02:55:09+0200,9e257938-0a8b-4b8b-95d2-ab80972bdbbd,2026-08-04T14:45:00Z,2026-08-04T16:45:00+0200,32206.762,MW,DE,DE_LU,actual_solar_generation,Solar,2026-08-27T00:57:27Z
2026-08-27T00:55:09Z,2026-08-27T02:55:09+0200,9e257938-0a8b-4b8b-95d2-ab80972bdbbd,2026-08-04T15:00:00Z,2026-08-04T17:00:00+0200,29704.714,MW,DE,DE_LU,actual_solar_generation,Solar,2026-08-27T00:57:27Z
2026-08-27T00:55:09Z,2026-08-27T02:55:09+0200,9e257938-0a8b-4b8b-95d2-ab80972bdbbd,2026-08-04T15:15:00Z,2026-08-04T17:15:00+0200,27194.392,MW,DE,DE_LU,actual_solar_generation,Solar,2026-08-27T00:57:27Z
2026-08-27T00:55:09Z,2026-08-27T02:55:09+0200,9e257938-0a8b-4b8b-95d2-ab80972bdbbd,2026-08-04T15:30:00Z,2026-08-04T17:30:00+0200,24521.045,MW,DE,DE_LU,actual_solar_generation,Solar,2026-08-27T00:57:27Z
2026-08-27T00:55:09Z,2026-08-27T02:55:09+0200,9e257938-0a8b-4b8b-95d2-ab80972bdbbd,2026-08-04T15:45:00Z,2026-08-04T17:45:00+0200,21757.411,MW,DE,DE_LU,actual_solar_generation,Solar,2026-08-27T00:57:27Z
2026-08-27T00:55:09Z,2026-08-27T02:55:09+0200,9e257938-0a8b-4b8b-95d2-ab80972bdbbd,2026-08-04T16:00:00Z,2026-08-04T18:00:00+0200,18955.543,MW,DE,DE_LU,actual_solar_generation,Solar,2026-08-27T00:57:27Z
2026-08-27T00:55:09Z,2026-08-27T02:55:09+0200,9e257938-0a8b-4b8b-95d2-ab80972bdbbd,2026-08-04T16:15:00Z,2026-08-04T18:15:00+0200,16118.713,MW,DE,DE_LU,actual_solar_generation,Solar,2026-08-27T00:57:27Z
2026-08-27T00:55:09Z,2026-08-27T02:55:09+0200,9e257938-0a8b-4b8b-95d2-ab80972bdbbd,2026-08-04T16:30:00Z,2026-08-04T18:30:00+0200,13332.49,MW,DE,DE_LU,actual_solar_generation,Solar,2026-08-27T00:57:27Z
2026-08-27T00:55:09Z,2026-08-27T02:55:09+0200,9e257938-0a8b-4b8b-95d2-ab80972bdbbd,2026-08-04T16:45:00Z,2026-08-04T18:45:00+0200,10732.844,MW,DE,DE_LU,actual_solar_generation,Solar,2026-08-27T00:57:27Z
2026-08-27T00:55:09Z,2026-08-27T02:55:09+0200,9e257938-0a8b-4b8b-95d2-ab80972bdbbd,2026-08-04T17:00:00Z,2026-08-04T19:00:00+0200,8326.688,MW,DE,DE_LU,actual_solar_generation,Solar,2026-08-27T00:57:27Z
2026-08-27T00:55:09Z,2026-08-27T02:55:09+0200,9e257938-0a8b-4b8b-95d2-ab80972bdbbd,2026-08-04T17:15:00Z,2026-08-04T19:15:00+0200,6258.457,MW,DE,DE_LU,actual_solar_generation,Solar,2026-08-27T00:57:27Z
2026-08-27T00:55:09Z,2026-08-27T02:55:09+0200,9e257938-0a8b-4b8b-95d2-ab80972bdbbd,2026-08-04T17:30:00Z,2026-08-04T19:30:00+0200,4480.514,MW,DE,DE_LU,actual_solar_generation,Solar,2026-08-27T00:57:27Z
2026-08-27T00:55:09Z,2026-08-27T02:55:09+0200,9e257938-0a8b-4b8b-95d2-ab80972bdbbd,2026-08-04T17:45:00Z,2026-08-04T19:45:00+0200,3120.203,MW,DE,DE_LU,actual_solar_generation,Solar,2026-08-27T00:57:27Z
2026-08-27T00:55:09Z,2026-08-27T02:55:09+0200,9e257938-0a8b-4b8b-95d2-ab80972bdbbd,2026-08-04T18:00:00Z,2026-08-04T20:00:00+0200,2029.364,MW,DE,DE_LU,actual_solar_generation,Solar,2026-08-27T00:57:27Z
2026-08-27T00:55:09Z,2026-08-27T02:55:09+0200,9e257938-0a8b-4b8b-95d2-ab80972bdbbd,2026-08-04T18:15:00Z,2026-08-04T20:15:00+0200,1171.077,MW,DE,DE_LU,actual_solar_generation,Solar,2026-08-27T00:57:27Z
2026-08-27T00:55:09Z,2026-08-27T02:55:09+0200,9e257938-0a8b-4b8b-95d2-ab80972bdbbd,2026-08-04T18:30:00Z,2026-08-04T20:30:00+0200,545.429,MW,DE,DE_LU,actual_solar_generation,Solar,2026-08-27T00:57:27Z
2026-08-27T00:55:09Z,2026-08-27T02:55:09+0200,9e257938-0a8b-4b8b-95d2-ab80972bdbbd,2026-08-04T18:45:00Z,2026-08-04T20:45:00+0200,157.54,MW,DE,DE_LU,actual_solar_generation,Solar,2026-08-27T00:57:27Z
2026-08-27T00:55:09Z,2026-08-27T02:55:09+0200,9e257938-0a8b-4b8b-95d2-ab80972bdbbd,2026-08-04T19:00:00Z,2026-08-04T21:00:00+0200,19.689,MW,DE,DE_LU,actual_solar_generation,Solar,2026-08-27T00:57:27Z
2026-08-27T00:55:09Z,2026-08-27T02:55:09+0200,9e257938-0a8b-4b8b-95d2-ab80972bdbbd,2026-08-04T19:15:00Z,2026-08-04T21:15:00+0200,3.331,MW,DE,DE_LU,actual_solar_generation,Solar,2026-08-27T00:57:27Z
2026-08-27T00:55:09Z,2026-08-27T02:55:09+0200,9e257938-0a8b-4b8b-95d2-ab80972bdbbd,2026-08-04T19:30:00Z,2026-08-04T21:30:00+0200,0.566,MW,DE,DE_LU,actual_solar_generation,Solar,2026-08-27T00:57:27Z
2026-08-27T00:55:09Z,2026-08-27T02:55:09+0200,9e257938-0a8b-4b8b-95d2-ab80972bdbbd,2026-08-04T19:45:00Z,2026-08-04T21:45:00+0200,0.238,MW,DE,DE_LU,actual_solar_generation,Solar,2026-08-27T00:57:27Z
2026-08-27T00:55:09Z,2026-08-27T02:55:09+0200,9e257938-0a8b-4b8b-95d2-ab80972bdbbd,2026-08-04T20:00:00Z,2026-08-04T22:00:00+0200,0.219,MW,DE,DE_LU,actual_solar_generation,Solar,2026-08-27T00:57:27Z
2026-08-27T00:55:09Z,2026-08-27T02:55:09+0200,9e257938-0a8b-4b8b-95d2-ab80972bdbbd,2026-08-04T20:15:00Z,2026-08-04T22:15:00+0200,0.2,MW,DE,DE_LU,actual_solar_generation,Solar,2026-08-27T00:57:27Z
2026-08-27T00:55:09Z,2026-08-27T02:55:09+0200,9e257938-0a8b-4b8b-95d2-ab80972bdbbd,2026-08-04T20:30:00Z,2026-08-04T22:30:00+0200,0.212,MW,DE,DE_LU,actual_solar_generation,Solar,2026-08-27T00:57:27Z
2026-08-27T00:55:09Z,2026-08-27T02:55:09+0200,9e257938-0a8b-4b8b-95d2-ab80972bdbbd,2026-08-04T20:45:00Z,2026-08-04T22:45:00+0200,0.185,MW,DE,DE_LU,actual_solar_generation,Solar,2026-08-27T00:57:27Z
2026-08-27T00:55:09Z,2026-08-27T02:55:09+0200,9e257938-0a8b-4b8b-95d2-ab80972bdbbd,2026-08-04T21:00:00Z,2026-08-04T23:00:00+0200,0.176,MW,DE,DE_LU,actual_solar_generation,Solar,2026-08-27T00:57:27Z
2026-08-27T00:55:09Z,2026-08-27T02:55:09+0200,9e257938-0a8b-4b8b-95d2-ab80972bdbbd,2026-08-04T21:15:00Z,2026-08-04T23:15:00+0200,0.161,MW,DE,DE_LU,actual_solar_generation,Solar,2026-08-27T00:57:27Z
2026-08-27T00:55:09Z,2026-08-27T02:55:09+0200,9e257938-0a8b-4b8b-95d2-ab80972bdbbd,2026-08-04T21:30:00Z,2026-08-04T23:30:00+0200,0.157,MW,DE,DE_LU,actual_solar_generation,Solar,2026-08-27T00:57:27Z
2026-08-27T00:55:09Z,2026-08-27T02:55:09+0200,9e257938-0a8b-4b8b-95d2-ab80972bdbbd,2026-08-04T21:45:00Z,2026-08-04T23:45:00+0200,0.116,MW,DE,DE_LU,actual_solar_generation,Solar,2026-08-27T00:57:27Z
2026-08-27T00:55:09Z,2026-08-27T02:55:09+0200,9e257938-0a8b-4b8b-95d2-ab80972bdbbd,2026-08-04T22:00:00Z,2026-08-05T00:00:00+0200,0.11,MW,DE,DE_LU,actual_solar_generation,Solar,2026-08-27T00:57:27Z
2026-08-27T00:55:09Z,2026-08-27T02:55:09+0200,9e257938-0a8b-4b8b-95d2-ab80972bdbbd,2026-08-04T22:15:00Z,2026-08-05T00:15:00+0200,0.109,MW,DE,DE_LU,actual_solar_generation,Solar,2026-08-27T00:57:27Z
2026-08-27T00:55:09Z,2026-08-27T02:55:09+0200,9e257938-0a8b-4b8b-95d2-ab80972bdbbd,2026-08-04T22:30:00Z,2026-08-05T00:30:00+0200,0.103,MW,DE,DE_LU,actual_solar_generation,Solar,2026-08-27T00:57:27Z
2026-08-27T00:55:09Z,2026-08-27T02:55:09+0200,9e257938-0a8b-4b8b-95d2-ab80972bdbbd,2026-08-04T22:45:00Z,2026-08-05T00:45:00+0200,0.11,MW,DE,DE_LU,actual_solar_generation,Solar,2026-08-27T00:57:27Z
2026-08-27T00:55:09Z,2026-08-27T02:55:09+0200,9e257938-0a8b-4b8b-95d2-ab80972bdbbd,2026-08-04T23:00:00Z,2026-08-05T01:00:00+0200,0.1,MW,DE,DE_LU,actual_solar_generation,Solar,2026-08-27T00:57:27Z
2026-08-27T00:55:09Z,2026-08-27T02:55:09+0200,9e257938-0a8b-4b8b-95d2-ab80972bdbbd,2026-08-04T23:15:00Z,2026-08-05T01:15:00+0200,0.092,MW,DE,DE_LU,actual_solar_generation,Solar,2026-08-27T00:57:27Z
2026-08-27T00:55:09Z,2026-08-27T02:55:09+0200,9e257938-0a8b-4b8b-95d2-ab80972bdbbd,2026-08-04T23:30:00Z,2026-08-05T01:30:00+0200,0.082,MW,DE,DE_LU,actual_solar_generation,Solar,2026-08-27T00:57:27Z
2026-08-27T00:55:09Z,2026-08-27T02:55:09+0200,9e257938-0a8b-4b8b-95d2-ab80972bdbbd,2026-08-04T23:45:00Z,2026-08-05T01:45:00+0200,0.084,MW,DE,DE_LU,actual_solar_generation,Solar,2026-08-27T00:57:27Z
2026-08-27T00:55:09Z,2026-08-27T02:55:09+0200,9e257938-0a8b-4b8b-95d2-ab80972bdbbd,2026-08-05T00:00:00Z,2026-08-05T02:00:00+0200,0.08,MW,DE,DE_LU,actual_solar_generation,Solar,2026-08-27T00:57:27Z
2026-08-27T00:55:09Z,2026-08-27T02:55:09+0200,9e257938-0a8b-4b8b-95d2-ab80972bdbbd,2026-08-05T00:15:00Z,2026-08-05T02:15:00+0200,0.079,MW,DE,DE_LU,actual_solar_generation,Solar,2026-08-27T00:57:27Z
2026-08-27T00:55:09Z,2026-08-27T02:55:09+0200,9e257938-0a8b-4b8b-95d2-ab80972bdbbd,2026-08-05T00:30:00Z,2026-08-05T02:30:00+0200,0.063,MW,DE,DE_LU,actual_solar_generation,Solar,2026-08-27T00:57:27Z
2026-08-27T00:55:09Z,2026-08-27T02:55:09+0200,9e257938-0a8b-4b8b-95d2-ab80972bdbbd,2026-08-05T00:45:00Z,2026-08-05T02:45:00+0200,0.061,MW,DE,DE_LU,actual_solar_generation,Solar,2026-08-27T00:57:27Z
2026-08-27T00:55:09Z,2026-08-27T02:55:09+0200,9e257938-0a8b-4b8b-95d2-ab80972bdbbd,2026-08-05T01:00:00Z,2026-08-05T03:00:00+0200,0.061,MW,DE,DE_LU,actual_solar_generation,Solar,2026-08-27T00:57:27Z
2026-08-27T00:55:09Z,2026-08-27T02:55:09+0200,9e257938-0a8b-4b8b-95d2-ab80972bdbbd,2026-08-05T01:15:00Z,2026-08-05T03:15:00+0200,0.058,MW,DE,DE_LU,actual_solar_generation,Solar,2026-08-27T00:57:27Z
2026-08-27T00:55:09Z,2026-08-27T02:55:09+0200,9e257938-0a8b-4b8b-95d2-ab80972bdbbd,2026-08-05T01:30:00Z,2026-08-05T03:30:00+0200,0.054,MW,DE,DE_LU,actual_solar_generation,Solar,2026-08-27T00:57:27Z
2026-08-27T00:55:09Z,2026-08-27T02:55:09+0200,9e257938-0a8b-4b8b-95d2-ab80972bdbbd,2026-08-05T01:45:00Z,2026-08-05T03:45:00+0200,0.062,MW,DE,DE_LU,actual_solar_generation,Solar,2026-08-27T00:57:27Z
2026-08-27T00:55:09Z,2026-08-27T02:55:09+0200,9e257938-0a8b-4b8b-95d2-ab80972bdbbd,2026-08-05T02:00:00Z,2026-08-05T04:00:00+0200,0.05,MW,DE,DE_LU,actual_solar_generation,Solar,2026-08-27T00:57:27Z
2026-08-27T00:55:09Z,2026-08-27T02:55:09+0200,9e257938-0a8b-4b8b-95d2-ab80972bdbbd,2026-08-05T02:15:00Z,2026-08-05T04:15:00+0200,0.048,MW,DE,DE_LU,actual_solar_generation,Solar,2026-08-27T00:57:27Z
2026-08-27T00:55:09Z,2026-08-27T02:55:09+0200,9e257938-0a8b-4b8b-95d2-ab80972bdbbd,2026-08-05T02:30:00Z,2026-08-05T04:30:00+0200,0.054,MW,DE,DE_LU,actual_solar_generation,Solar,2026-08-27T00:57:27Z
2026-08-27T00:55:09Z,2026-08-27T02:55:09+0200,9e257938-0a8b-4b8b-95d2-ab80972bdbbd,2026-08-05T02:45:00Z,2026-08-05T04:45:00+0200,0.058,MW,DE,DE_LU,actual_solar_generation,Solar,2026-08-27T00:57:27Z
2026-08-27T00:55:09Z,2026-08-27T02:55:09+0200,9e257938-0a8b-4b8b-95d2-ab80972bdbbd,2026-08-05T03:00:00Z,2026-08-05T05:00:00+0200,0.059,MW,DE,DE_LU,actual_solar_generation,Solar,2026-08-27T00:57:27Z
2026-08-27T00:55:09Z,2026-08-27T02:55:09+0200,9e257938-0a8b-4b8b-95d2-ab80972bdbbd,2026-08-05T03:15:00Z,2026-08-05T05:15:00+0200,2.125,MW,DE,DE_LU,actual_solar_generation,Solar,2026-08-27T00:57:27Z
2026-08-27T00:55:09Z,2026-08-27T02:55:09+0200,9e257938-0a8b-4b8b-95d2-ab80972bdbbd,2026-08-05T03:30:00Z,2026-08-05T05:30:00+0200,26.461,MW,DE,DE_LU,actual_solar_generation,Solar,2026-08-27T00:57:27Z
2026-08-27T00:55:09Z,2026-08-27T02:55:09+0200,9e257938-0a8b-4b8b-95d2-ab80972bdbbd,2026-08-05T03:45:00Z,2026-08-05T05:45:00+0200,130.748,MW,DE,DE_LU,actual_solar_generation,Solar,2026-08-27T00:57:27Z
2026-08-27T00:55:09Z,2026-08-27T02:55:09+0200,9e257938-0a8b-4b8b-95d2-ab80972bdbbd,2026-08-05T04:00:00Z,2026-08-05T06:00:00+0200,339.026,MW,DE,DE_LU,actual_solar_generation,Solar,2026-08-27T00:57:27Z
2026-08-27T00:55:09Z,2026-08-27T02:55:09+0200,9e257938-0a8b-4b8b-95d2-ab80972bdbbd,2026-08-05T04:15:00Z,2026-08-05T06:15:00+0200,950.339,MW,DE,DE_LU,actual_solar_generation,Solar,2026-08-27T00:57:27Z
2026-08-27T00:55:09Z,2026-08-27T02:55:09+0200,9e257938-0a8b-4b8b-95d2-ab80972bdbbd,2026-08-05T04:30:00Z,2026-08-05T06:30:00+0200,1788.106,MW,DE,DE_LU,actual_solar_generation,Solar,2026-08-27T00:57:27Z
2026-08-27T00:55:09Z,2026-08-27T02:55:09+0200,9e257938-0a8b-4b8b-95d2-ab80972bdbbd,2026-08-05T04:45:00Z,2026-08-05T06:45:00+0200,2931.722,MW,DE,DE_LU,actual_solar_generation,Solar,2026-08-27T00:57:27Z
2026-08-27T00:55:09Z,2026-08-27T02:55:09+0200,9e257938-0a8b-4b8b-95d2-ab80972bdbbd,2026-08-05T05:00:00Z,2026-08-05T07:00:00+0200,4409.129,MW,DE,DE_LU,actual_solar_generation,Solar,2026-08-27T00:57:27Z
2026-08-27T00:55:09Z,2026-08-27T02:55:09+0200,9e257938-0a8b-4b8b-95d2-ab80972bdbbd,2026-08-05T05:15:00Z,2026-08-05T07:15:00+0200,6226.739,MW,DE,DE_LU,actual_solar_generation,Solar,2026-08-27T00:57:27Z
2026-08-27T00:55:09Z,2026-08-27T02:55:09+0200,9e257938-0a8b-4b8b-95d2-ab80972bdbbd,2026-08-05T05:30:00Z,2026-08-05T07:30:00+0200,8321.532,MW,DE,DE_LU,actual_solar_generation,Solar,2026-08-27T00:57:27Z
2026-08-27T00:55:09Z,2026-08-27T02:55:09+0200,9e257938-0a8b-4b8b-95d2-ab80972bdbbd,2026-08-05T05:45:00Z,2026-08-05T07:45:00+0200,10764.206,MW,DE,DE_LU,actual_solar_generation,Solar,2026-08-27T00:57:27Z
2026-08-27T00:55:09Z,2026-08-27T02:55:09+0200,9e257938-0a8b-4b8b-95d2-ab80972bdbbd,2026-08-05T06:00:00Z,2026-08-05T08:00:00+0200,13502.448,MW,DE,DE_LU,actual_solar_generation,Solar,2026-08-27T00:57:27Z
2026-08-27T00:55:09Z,2026-08-27T02:55:09+0200,9e257938-0a8b-4b8b-95d2-ab80972bdbbd,2026-08-05T06:15:00Z,2026-08-05T08:15:00+0200,16377.193,MW,DE,DE_LU,actual_solar_generation,Solar,2026-08-27T00:57:27Z
2026-08-27T00:55:09Z,2026-08-27T02:55:09+0200,9e257938-0a8b-4b8b-95d2-ab80972bdbbd,2026-08-05T06:30:00Z,2026-08-05T08:30:00+0200,19359.094,MW,DE,DE_LU,actual_solar_generation,Solar,2026-08-27T00:57:27Z
2026-08-27T00:55:09Z,2026-08-27T02:55:09+0200,9e257938-0a8b-4b8b-95d2-ab80972bdbbd,2026-08-05T06:45:00Z,2026-08-05T08:45:00+0200,22415.166,MW,DE,DE_LU,actual_solar_generation,Solar,2026-08-27T00:57:27Z
2026-08-27T00:55:09Z,2026-08-27T02:55:09+0200,9e257938-0a8b-4b8b-95d2-ab80972bdbbd,2026-08-05T07:00:00Z,2026-08-05T09:00:00+0200,25537.783,MW,DE,DE_LU,actual_solar_generation,Solar,2026-08-27T00:57:27Z
2026-08-27T00:55:09Z,2026-08-27T02:55:09+0200,9e257938-0a8b-4b8b-95d2-ab80972bdbbd,2026-08-05T07:15:00Z,2026-08-05T09:15:00+0200,28668.562,MW,DE,DE_LU,actual_solar_generation,Solar,2026-08-27T00:57:27Z
2026-08-27T00:55:09Z,2026-08-27T02:55:09+0200,9e257938-0a8b-4b8b-95d2-ab80972bdbbd,2026-08-05T07:30:00Z,2026-08-05T09:30:00+0200,31555.043,MW,DE,DE_LU,actual_solar_generation,Solar,2026-08-27T00:57:27Z
2026-08-27T00:55:09Z,2026-08-27T02:55:09+0200,9e257938-0a8b-4b8b-95d2-ab80972bdbbd,2026-08-05T07:45:00Z,2026-08-05T09:45:00+0200,34241.309,MW,DE,DE_LU,actual_solar_generation,Solar,2026-08-27T00:57:27Z
2026-08-27T00:55:09Z,2026-08-27T02:55:09+0200,9e257938-0a8b-4b8b-95d2-ab80972bdbbd,2026-08-05T08:00:00Z,2026-08-05T10:00:00+0200,36903.413,MW,DE,DE_LU,actual_solar_generation,Solar,2026-08-27T00:57:27Z
2026-08-27T00:55:09Z,2026-08-27T02:55:09+0200,9e257938-0a8b-4b8b-95d2-ab80972bdbbd,2026-08-05T08:15:00Z,2026-08-05T10:15:00+0200,39465.107,MW,DE,DE_LU,actual_solar_generation,Solar,2026-08-27T00:57:27Z
2026-08-27T00:55:09Z,2026-08-27T02:55:09+0200,9e257938-0a8b-4b8b-95d2-ab80972bdbbd,2026-08-05T08:30:00Z,2026-08-05T10:30:00+0200,41543.766,MW,DE,DE_LU,actual_solar_generation,Solar,2026-08-27T00:57:27Z
2026-08-27T00:55:09Z,2026-08-27T02:55:09+0200,9e257938-0a8b-4b8b-95d2-ab80972bdbbd,2026-08-05T08:45:00Z,2026-08-05T10:45:00+0200,43254.583,MW,DE,DE_LU,actual_solar_generation,Solar,2026-08-27T00:57:27Z
2026-08-27T00:55:09Z,2026-08-27T02:55:09+0200,9e257938-0a8b-4b8b-95d2-ab80972bdbbd,2026-08-05T09:00:00Z,2026-08-05T11:00:00+0200,44988.785,MW,DE,DE_LU,actual_solar_generation,Solar,2026-08-27T00:57:27Z
2026-08-27T00:55:09Z,2026-08-27T02:55:09+0200,9e257938-0a8b-4b8b-95d2-ab80972bdbbd,2026-08-05T09:15:00Z,2026-08-05T11:15:00+0200,46335.654,MW,DE,DE_LU,actual_solar_generation,Solar,2026-08-27T00:57:27Z
2026-08-27T00:55:09Z,2026-08-27T02:55:09+0200,9e257938-0a8b-4b8b-95d2-ab80972bdbbd,2026-08-05T09:30:00Z,2026-08-05T11:30:00+0200,47249.988,MW,DE,DE_LU,actual_solar_generation,Solar,2026-08-27T00:57:27Z
2026-08-27T00:55:09Z,2026-08-27T02:55:09+0200,9e257938-0a8b-4b8b-95d2-ab80972bdbbd,2026-08-05T09:45:00Z,2026-08-05T11:45:00+0200,47899.659,MW,DE,DE_LU,actual_solar_generation,Solar,2026-08-27T00:57:27Z
2026-08-27T00:55:09Z,2026-08-27T02:55:09+0200,9e257938-0a8b-4b8b-95d2-ab80972bdbbd,2026-08-05T10:00:00Z,2026-08-05T12:00:00+0200,47910.329,MW,DE,DE_LU,actual_solar_generation,Solar,2026-08-27T00:57:27Z
2026-08-27T00:55:09Z,2026-08-27T02:55:09+0200,9e257938-0a8b-4b8b-95d2-ab80972bdbbd,2026-08-05T10:15:00Z,2026-08-05T12:15:00+0200,47380.66,MW,DE,DE_LU,actual_solar_generation,Solar,2026-08-27T00:57:27Z
2026-08-27T00:55:09Z,2026-08-27T02:55:09+0200,9e257938-0a8b-4b8b-95d2-ab80972bdbbd,2026-08-05T10:30:00Z,2026-08-05T12:30:00+0200,47581.501,MW,DE,DE_LU,actual_solar_generation,Solar,2026-08-27T00:57:27Z
2026-08-27T00:55:09Z,2026-08-27T02:55:09+0200,9e257938-0a8b-4b8b-95d2-ab80972bdbbd,2026-08-05T10:45:00Z,2026-08-05T12:45:00+0200,47558.877,MW,DE,DE_LU,actual_solar_generation,Solar,2026-08-27T00:57:27Z
2026-08-27T00:55:09Z,2026-08-27T02:55:09+0200,9e257938-0a8b-4b8b-95d2-ab80972bdbbd,2026-08-05T11:00:00Z,2026-08-05T13:00:00+0200,46288.215,MW,DE,DE_LU,actual_solar_generation,Solar,2026-08-27T00:57:27Z
2026-08-27T00:55:09Z,2026-08-27T02:55:09+0200,9e257938-0a8b-4b8b-95d2-ab80972bdbbd,2026-08-05T11:15:00Z,2026-08-05T13:15:00+0200,45754.508,MW,DE,DE_LU,actual_solar_generation,Solar,2026-08-27T00:57:27Z
2026-08-27T00:55:09Z,2026-08-27T02:55:09+0200,9e257938-0a8b-4b8b-95d2-ab80972bdbbd,2026-08-05T11:30:00Z,2026-08-05T13:30:00+0200,45606.039,MW,DE,DE_LU,actual_solar_generation,Solar,2026-08-27T00:57:27Z
2026-08-27T00:55:09Z,2026-08-27T02:55:09+0200,9e257938-0a8b-4b8b-95d2-ab80972bdbbd,2026-08-05T11:45:00Z,2026-08-05T13:45:00+0200,45328.458,MW,DE,DE_LU,actual_solar_generation,Solar,2026-08-27T00:57:27Z
2026-08-27T00:55:09Z,2026-08-27T02:55:09+0200,9e257938-0a8b-4b8b-95d2-ab80972bdbbd,2026-08-05T12:00:00Z,2026-08-05T14:00:00+0200,44878.015,MW,DE,DE_LU,actual_solar_generation,Solar,2026-08-27T00:57:27Z
2026-08-27T00:55:09Z,2026-08-27T02:55:09+0200,9e257938-0a8b-4b8b-95d2-ab80972bdbbd,2026-08-05T12:15:00Z,2026-08-05T14:15:00+0200,44407.533,MW,DE,DE_LU,actual_solar_generation,Solar,2026-08-27T00:57:27Z
2026-08-27T00:55:09Z,2026-08-27T02:55:09+0200,9e257938-0a8b-4b8b-95d2-ab80972bdbbd,2026-08-05T12:30:00Z,2026-08-05T14:30:00+0200,43781.185,MW,DE,DE_LU,actual_solar_generation,Solar,2026-08-27T00:57:27Z
2026-08-27T00:55:09Z,2026-08-27T02:55:09+0200,9e257938-0a8b-4b8b-95d2-ab80972bdbbd,2026-08-05T12:45:00Z,2026-08-05T14:45:00+0200,43006.336,MW,DE,DE_LU,actual_solar_generation,Solar,2026-08-27T00:57:27Z
2026-08-27T00:55:09Z,2026-08-27T02:55:09+0200,9e257938-0a8b-4b8b-95d2-ab80972bdbbd,2026-08-05T13:00:00Z,2026-08-05T15:00:00+0200,41655.887,MW,DE,DE_LU,actual_solar_generation,Solar,2026-08-27T00:57:27Z
2026-08-27T00:55:09Z,2026-08-27T02:55:09+0200,9e257938-0a8b-4b8b-95d2-ab80972bdbbd,2026-08-05T13:15:00Z,2026-08-05T15:15:00+0200,40523.558,MW,DE,DE_LU,actual_solar_generation,Solar,2026-08-27T00:57:27Z
2026-08-27T00:55:09Z,2026-08-27T02:55:09+0200,9e257938-0a8b-4b8b-95d2-ab80972bdbbd,2026-08-05T13:30:00Z,2026-08-05T15:30:00+0200,39987.868,MW,DE,DE_LU,actual_solar_generation,Solar,2026-08-27T00:57:27Z
2026-08-27T00:55:09Z,2026-08-27T02:55:09+0200,9e257938-0a8b-4b8b-95d2-ab80972bdbbd,2026-08-05T13:45:00Z,2026-08-05T15:45:00+0200,38687.175,MW,DE,DE_LU,actual_solar_generation,Solar,2026-08-27T00:57:27Z
2026-08-27T00:55:09Z,2026-08-27T02:55:09+0200,9e257938-0a8b-4b8b-95d2-ab80972bdbbd,2026-08-05T14:00:00Z,2026-08-05T16:00:00+0200,37386.523,MW,DE,DE_LU,actual_solar_generation,Solar,2026-08-27T00:57:27Z
2026-08-27T00:55:09Z,2026-08-27T02:55:09+0200,9e257938-0a8b-4b8b-95d2-ab80972bdbbd,2026-08-05T14:15:00Z,2026-08-05T16:15:00+0200,35535.115,MW,DE,DE_LU,actual_solar_generation,Solar,2026-08-27T00:57:27Z
2026-08-27T00:55:09Z,2026-08-27T02:55:09+0200,9e257938-0a8b-4b8b-95d2-ab80972bdbbd,2026-08-05T14:30:00Z,2026-08-05T16:30:00+0200,33579.225,MW,DE,DE_LU,actual_solar_generation,Solar,2026-08-27T00:57:27Z
2026-08-27T00:55:09Z,2026-08-27T02:55:09+0200,9e257938-0a8b-4b8b-95d2-ab80972bdbbd,2026-08-05T14:45:00Z,2026-08-05T16:45:00+0200,31027.886,MW,DE,DE_LU,actual_solar_generation,Solar,2026-08-27T00:57:27Z
2026-08-27T00:55:09Z,2026-08-27T02:55:09+0200,9e257938-0a8b-4b8b-95d2-ab80972bdbbd,2026-08-05T15:00:00Z,2026-08-05T17:00:00+0200,29438.153,MW,DE,DE_LU,actual_solar_generation,Solar,2026-08-27T00:57:27Z
2026-08-27T00:55:09Z,2026-08-27T02:55:09+0200,9e257938-0a8b-4b8b-95d2-ab80972bdbbd,2026-08-05T15:15:00Z,2026-08-05T17:15:00+0200,27195.368,MW,DE,DE_LU,actual_solar_generation,Solar,2026-08-27T00:57:27Z
2026-08-27T00:55:09Z,2026-08-27T02:55:09+0200,9e257938-0a8b-4b8b-95d2-ab80972bdbbd,2026-08-05T15:30:00Z,2026-08-05T17:30:00+0200,24560.35,MW,DE,DE_LU,actual_solar_generation,Solar,2026-08-27T00:57:27Z
2026-08-27T00:55:09Z,2026-08-27T02:55:09+0200,9e257938-0a8b-4b8b-95d2-ab80972bdbbd,2026-08-05T15:45:00Z,2026-08-05T17:45:00+0200,22161.224,MW,DE,DE_LU,actual_solar_generation,Solar,2026-08-27T00:57:27Z
2026-08-27T00:55:09Z,2026-08-27T02:55:09+0200,9e257938-0a8b-4b8b-95d2-ab80972bdbbd,2026-08-05T16:00:00Z,2026-08-05T18:00:00+0200,19619.475,MW,DE,DE_LU,actual_solar_generation,Solar,2026-08-27T00:57:27Z
2026-08-27T00:55:09Z,2026-08-27T02:55:09+0200,9e257938-0a8b-4b8b-95d2-ab80972bdbbd,2026-08-05T16:15:00Z,2026-08-05T18:15:00+0200,16946.992,MW,DE,DE_LU,actual_solar_generation,Solar,2026-08-27T00:57:27Z
2026-08-27T00:55:09Z,2026-08-27T02:55:09+0200,9e257938-0a8b-4b8b-95d2-ab80972bdbbd,2026-08-05T16:30:00Z,2026-08-05T18:30:00+0200,14078.261,MW,DE,DE_LU,actual_solar_generation,Solar,2026-08-27T00:57:27Z
2026-08-27T00:55:09Z,2026-08-27T02:55:09+0200,9e257938-0a8b-4b8b-95d2-ab80972bdbbd,2026-08-05T16:45:00Z,2026-08-05T18:45:00+0200,11498.736,MW,DE,DE_LU,actual_solar_generation,Solar,2026-08-27T00:57:27Z
2026-08-27T00:55:09Z,2026-08-27T02:55:09+0200,9e257938-0a8b-4b8b-95d2-ab80972bdbbd,2026-08-05T17:00:00Z,2026-08-05T19:00:00+0200,9146.506,MW,DE,DE_LU,actual_solar_generation,Solar,2026-08-27T00:57:27Z
2026-08-27T00:55:09Z,2026-08-27T02:55:09+0200,9e257938-0a8b-4b8b-95d2-ab80972bdbbd,2026-08-05T17:15:00Z,2026-08-05T19:15:00+0200,7083.967,MW,DE,DE_LU,actual_solar_generation,Solar,2026-08-27T00:57:27Z
2026-08-27T00:55:09Z,2026-08-27T02:55:09+0200,9e257938-0a8b-4b8b-95d2-ab80972bdbbd,2026-08-05T17:30:00Z,2026-08-05T19:30:00+0200,5194.931,MW,DE,DE_LU,actual_solar_generation,Solar,2026-08-27T00:57:27Z
2026-08-27T00:55:09Z,2026-08-27T02:55:09+0200,9e257938-0a8b-4b8b-95d2-ab80972bdbbd,2026-08-05T17:45:00Z,2026-08-05T19:45:00+0200,3561.856,MW,DE,DE_LU,actual_solar_generation,Solar,2026-08-27T00:57:27Z
2026-08-27T00:55:09Z,2026-08-27T02:55:09+0200,9e257938-0a8b-4b8b-95d2-ab80972bdbbd,2026-08-05T18:00:00Z,2026-08-05T20:00:00+0200,2293.098,MW,DE,DE_LU,actual_solar_generation,Solar,2026-08-27T00:57:27Z
2026-08-27T00:55:09Z,2026-08-27T02:55:09+0200,9e257938-0a8b-4b8b-95d2-ab80972bdbbd,2026-08-05T18:15:00Z,2026-08-05T20:15:00+0200,1292.023,MW,DE,DE_LU,actual_solar_generation,Solar,2026-08-27T00:57:27Z
2026-08-27T00:55:09Z,2026-08-27T02:55:09+0200,9e257938-0a8b-4b8b-95d2-ab80972bdbbd,2026-08-05T18:30:00Z,2026-08-05T20:30:00+0200,558.611,MW,DE,DE_LU,actual_solar_generation,Solar,2026-08-27T00:57:27Z
2026-08-27T00:55:09Z,2026-08-27T02:55:09+0200,9e257938-0a8b-4b8b-95d2-ab80972bdbbd,2026-08-05T18:45:00Z,2026-08-05T20:45:00+0200,155.12,MW,DE,DE_LU,actual_solar_generation,Solar,2026-08-27T00:57:27Z
2026-08-27T00:55:09Z,2026-08-27T02:55:09+0200,9e257938-0a8b-4b8b-95d2-ab80972bdbbd,2026-08-05T19:00:00Z,2026-08-05T21:00:00+0200,31.622,MW,DE,DE_LU,actual_solar_generation,Solar,2026-08-27T00:57:27Z
2026-08-27T00:55:09Z,2026-08-27T02:55:09+0200,9e257938-0a8b-4b8b-95d2-ab80972bdbbd,2026-08-05T19:15:00Z,2026-08-05T21:15:00+0200,3.388,MW,DE,DE_LU,actual_solar_generation,Solar,2026-08-27T00:57:27Z
2026-08-27T00:55:09Z,2026-08-27T02:55:09+0200,9e257938-0a8b-4b8b-95d2-ab80972bdbbd,2026-08-05T19:30:00Z,2026-08-05T21:30:00+0200,0.648,MW,DE,DE_LU,actual_solar_generation,Solar,2026-08-27T00:57:27Z
2026-08-27T00:55:09Z,2026-08-27T02:55:09+0200,9e257938-0a8b-4b8b-95d2-ab80972bdbbd,2026-08-05T19:45:00Z,2026-08-05T21:45:00+0200,0.314,MW,DE,DE_LU,actual_solar_generation,Solar,2026-08-27T00:57:27Z
2026-08-27T00:55:09Z,2026-08-27T02:55:09+0200,9e257938-0a8b-4b8b-95d2-ab80972bdbbd,2026-08-05T20:00:00Z,2026-08-05T22:00:00+0200,0.302,MW,DE,DE_LU,actual_solar_generation,Solar,2026-08-27T00:57:27Z
2026-08-27T00:55:09Z,2026-08-27T02:55:09+0200,9e257938-0a8b-4b8b-95d2-ab80972bdbbd,2026-08-05T20:15:00Z,2026-08-05T22:15:00+0200,0.237,MW,DE,DE_LU,actual_solar_generation,Solar,2026-08-27T00:57:27Z
2026-08-27T00:55:09Z,2026-08-27T02:55:09+0200,9e257938-0a8b-4b8b-95d2-ab80972bdbbd,2026-08-05T20:30:00Z,2026-08-05T22:30:00+0200,0.202,MW,DE,DE_LU,actual_solar_generation,Solar,2026-08-27T00:57:27Z
2026-08-27T00:55:09Z,2026-08-27T02:55:09+0200,9e257938-0a8b-4b8b-95d2-ab80972bdbbd,2026-08-05T20:45:00Z,2026-08-05T22:45:00+0200,0.188,MW,DE,DE_LU,actual_solar_generation,Solar,2026-08-27T00:57:27Z
2026-08-27T00:55:09Z,2026-08-27T02:55:09+0200,9e257938-0a8b-4b8b-95d2-ab80972bdbbd,2026-08-05T21:00:00Z,2026-08-05T23:00:00+0200,0.196,MW,DE,DE_LU,actual_solar_generation,Solar,2026-08-27T00:57:27Z
2026-08-27T00:55:09Z,2026-08-27T02:55:09+0200,9e257938-0a8b-4b8b-95d2-ab80972bdbbd,2026-08-05T21:15:00Z,2026-08-05T23:15:00+0200,0.175,MW,DE,DE_LU,actual_solar_generation,Solar,2026-08-27T00:57:27Z
2026-08-27T00:55:09Z,2026-08-27T02:55:09+0200,9e257938-0a8b-4b8b-95d2-ab80972bdbbd,2026-08-05T21:30:00Z,2026-08-05T23:30:00+0200,0.163,MW,DE,DE_LU,actual_solar_generation,Solar,2026-08-27T00:57:27Z
2026-08-27T00:55:09Z,2026-08-27T02:55:09+0200,9e257938-0a8b-4b8b-95d2-ab80972bdbbd,2026-08-05T21:45:00Z,2026-08-05T23:45:00+0200,0.146,MW,DE,DE_LU,actual_solar_generation,Solar,2026-08-27T00:57:27Z
2026-08-27T00:55:09Z,2026-08-27T02:55:09+0200,9e257938-0a8b-4b8b-95d2-ab80972bdbbd,2026-08-05T22:00:00Z,2026-08-06T00:00:00+0200,0.145,MW,DE,DE_LU,actual_solar_generation,Solar,2026-08-27T00:57:27Z
2026-08-27T00:55:09Z,2026-08-27T02:55:09+0200,9e257938-0a8b-4b8b-95d2-ab80972bdbbd,2026-08-05T22:15:00Z,2026-08-06T00:15:00+0200,0.119,MW,DE,DE_LU,actual_solar_generation,Solar,2026-08-27T00:57:27Z
2026-08-27T00:55:09Z,2026-08-27T02:55:09+0200,9e257938-0a8b-4b8b-95d2-ab80972bdbbd,2026-08-05T22:30:00Z,2026-08-06T00:30:00+0200,0.115,MW,DE,DE_LU,actual_solar_generation,Solar,2026-08-27T00:57:27Z
2026-08-27T00:55:09Z,2026-08-27T02:55:09+0200,9e257938-0a8b-4b8b-95d2-ab80972bdbbd,2026-08-05T22:45:00Z,2026-08-06T00:45:00+0200,0.121,MW,DE,DE_LU,actual_solar_generation,Solar,2026-08-27T00:57:27Z
2026-08-27T00:55:09Z,2026-08-27T02:55:09+0200,9e257938-0a8b-4b8b-95d2-ab80972bdbbd,2026-08-05T23:00:00Z,2026-08-06T01:00:00+0200,0.12,MW,DE,DE_LU,actual_solar_generation,Solar,2026-08-27T00:57:27Z
2026-08-27T00:55:09Z,2026-08-27T02:55:09+0200,9e257938-0a8b-4b8b-95d2-ab80972bdbbd,2026-08-05T23:15:00Z,2026-08-06T01:15:00+0200,0.112,MW,DE,DE_LU,actual_solar_generation,Solar,2026-08-27T00:57:27Z
2026-08-27T00:55:09Z,2026-08-27T02:55:09+0200,9e257938-0a8b-4b8b-95d2-ab80972bdbbd,2026-08-05T23:30:00Z,2026-08-06T01:30:00+0200,0.093,MW,DE,DE_LU,actual_solar_generation,Solar,2026-08-27T00:57:27Z
2026-08-27T00:55:09Z,2026-08-27T02:55:09+0200,9e257938-0a8b-4b8b-95d2-ab80972bdbbd,2026-08-05T23:45:00Z,2026-08-06T01:45:00+0200,0.077,MW,DE,DE_LU,actual_solar_generation,Solar,2026-08-27T00:57:27Z
2026-08-27T00:55:09Z,2026-08-27T02:55:09+0200,9e257938-0a8b-4b8b-95d2-ab80972bdbbd,2026-08-06T00:00:00Z,2026-08-06T02:00:00+0200,0.077,MW,DE,DE_LU,actual_solar_generation,Solar,2026-08-27T00:57:27Z
2026-08-27T00:55:09Z,2026-08-27T02:55:09+0200,9e257938-0a8b-4b8b-95d2-ab80972bdbbd,2026-08-06T00:15:00Z,2026-08-06T02:15:00+0200,0.091,MW,DE,DE_LU,actual_solar_generation,Solar,2026-08-27T00:57:27Z
2026-08-27T00:55:09Z,2026-08-27T02:55:09+0200,9e257938-0a8b-4b8b-95d2-ab80972bdbbd,2026-08-06T00:30:00Z,2026-08-06T02:30:00+0200,0.08,MW,DE,DE_LU,actual_solar_generation,Solar,2026-08-27T00:57:27Z
2026-08-27T00:55:09Z,2026-08-27T02:55:09+0200,9e257938-0a8b-4b8b-95d2-ab80972bdbbd,2026-08-06T00:45:00Z,2026-08-06T02:45:00+0200,0.069,MW,DE,DE_LU,actual_solar_generation,Solar,2026-08-27T00:57:27Z
2026-08-27T00:55:09Z,2026-08-27T02:55:09+0200,9e257938-0a8b-4b8b-95d2-ab80972bdbbd,2026-08-06T01:00:00Z,2026-08-06T03:00:00+0200,0.066,MW,DE,DE_LU,actual_solar_generation,Solar,2026-08-27T00:57:27Z
2026-08-27T00:55:09Z,2026-08-27T02:55:09+0200,9e257938-0a8b-4b8b-95d2-ab80972bdbbd,2026-08-06T01:15:00Z,2026-08-06T03:15:00+0200,0.072,MW,DE,DE_LU,actual_solar_generation,Solar,2026-08-27T00:57:27Z
2026-08-27T00:55:09Z,2026-08-27T02:55:09+0200,9e257938-0a8b-4b8b-95d2-ab80972bdbbd,2026-08-06T01:30:00Z,2026-08-06T03:30:00+0200,0.069,MW,DE,DE_LU,actual_solar_generation,Solar,2026-08-27T00:57:27Z
2026-08-27T00:55:09Z,2026-08-27T02:55:09+0200,9e257938-0a8b-4b8b-95d2-ab80972bdbbd,2026-08-06T01:45:00Z,2026-08-06T03:45:00+0200,0.069,MW,DE,DE_LU,actual_solar_generation,Solar,2026-08-27T00:57:27Z
2026-08-27T00:55:09Z,2026-08-27T02:55:09+0200,9e257938-0a8b-4b8b-95d2-ab80972bdbbd,2026-08-06T02:00:00Z,2026-08-06T04:00:00+0200,0.055,MW,DE,DE_LU,actual_solar_generation,Solar,2026-08-27T00:57:27Z
2026-08-27T00:55:09Z,2026-08-27T02:55:09+0200,9e257938-0a8b-4b8b-95d2-ab80972bdbbd,2026-08-06T02:15:00Z,2026-08-06T04:15:00+0200,0.063,MW,DE,DE_LU,actual_solar_generation,Solar,2026-08-27T00:57:27Z
2026-08-27T00:55:09Z,2026-08-27T02:55:09+0200,9e257938-0a8b-4b8b-95d2-ab80972bdbbd,2026-08-06T02:30:00Z,2026-08-06T04:30:00+0200,0.057,MW,DE,DE_LU,actual_solar_generation,Solar,2026-08-27T00:57:27Z
2026-08-27T00:55:09Z,2026-08-27T02:55:09+0200,9e257938-0a8b-4b8b-95d2-ab80972bdbbd,2026-08-06T02:45:00Z,2026-08-06T04:45:00+0200,0.062,MW,DE,DE_LU,actual_solar_generation,Solar,2026-08-27T00:57:27Z
2026-08-27T00:55:09Z,2026-08-27T02:55:09+0200,9e257938-0a8b-4b8b-95d2-ab80972bdbbd,2026-08-06T03:00:00Z,2026-08-06T05:00:00+0200,0.056,MW,DE,DE_LU,actual_solar_generation,Solar,2026-08-27T00:57:27Z
2026-08-27T00:55:09Z,2026-08-27T02:55:09+0200,9e257938-0a8b-4b8b-95d2-ab80972bdbbd,2026-08-06T03:15:00Z,2026-08-06T05:15:00+0200,0.203,MW,DE,DE_LU,actual_solar_generation,Solar,2026-08-27T00:57:27Z
2026-08-27T00:55:09Z,2026-08-27T02:55:09+0200,9e257938-0a8b-4b8b-95d2-ab80972bdbbd,2026-08-06T03:30:00Z,2026-08-06T05:30:00+0200,6.89,MW,DE,DE_LU,actual_solar_generation,Solar,2026-08-27T00:57:27Z
2026-08-27T00:55:09Z,2026-08-27T02:55:09+0200,9e257938-0a8b-4b8b-95d2-ab80972bdbbd,2026-08-06T03:45:00Z,2026-08-06T05:45:00+0200,69.034,MW,DE,DE_LU,actual_solar_generation,Solar,2026-08-27T00:57:27Z
2026-08-27T00:55:09Z,2026-08-27T02:55:09+0200,9e257938-0a8b-4b8b-95d2-ab80972bdbbd,2026-08-06T04:00:00Z,2026-08-06T06:00:00+0200,316.482,MW,DE,DE_LU,actual_solar_generation,Solar,2026-08-27T00:57:27Z
2026-08-27T00:55:09Z,2026-08-27T02:55:09+0200,9e257938-0a8b-4b8b-95d2-ab80972bdbbd,2026-08-06T04:15:00Z,2026-08-06T06:15:00+0200,1015.497,MW,DE,DE_LU,actual_solar_generation,Solar,2026-08-27T00:57:27Z
2026-08-27T00:55:09Z,2026-08-27T02:55:09+0200,9e257938-0a8b-4b8b-95d2-ab80972bdbbd,2026-08-06T04:30:00Z,2026-08-06T06:30:00+0200,2057.637,MW,DE,DE_LU,actual_solar_generation,Solar,2026-08-27T00:57:27Z
2026-08-27T00:55:09Z,2026-08-27T02:55:09+0200,9e257938-0a8b-4b8b-95d2-ab80972bdbbd,2026-08-06T04:45:00Z,2026-08-06T06:45:00+0200,3353.261,MW,DE,DE_LU,actual_solar_generation,Solar,2026-08-27T00:57:27Z
2026-08-27T00:55:09Z,2026-08-27T02:55:09+0200,9e257938-0a8b-4b8b-95d2-ab80972bdbbd,2026-08-06T05:00:00Z,2026-08-06T07:00:00+0200,4949.504,MW,DE,DE_LU,actual_solar_generation,Solar,2026-08-27T00:57:27Z
2026-08-27T00:55:09Z,2026-08-27T02:55:09+0200,9e257938-0a8b-4b8b-95d2-ab80972bdbbd,2026-08-06T05:15:00Z,2026-08-06T07:15:00+0200,6870.147,MW,DE,DE_LU,actual_solar_generation,Solar,2026-08-27T00:57:27Z
2026-08-27T00:55:09Z,2026-08-27T02:55:09+0200,9e257938-0a8b-4b8b-95d2-ab80972bdbbd,2026-08-06T05:30:00Z,2026-08-06T07:30:00+0200,9162.238,MW,DE,DE_LU,actual_solar_generation,Solar,2026-08-27T00:57:27Z
2026-08-27T00:55:09Z,2026-08-27T02:55:09+0200,9e257938-0a8b-4b8b-95d2-ab80972bdbbd,2026-08-06T05:45:00Z,2026-08-06T07:45:00+0200,11789.312,MW,DE,DE_LU,actual_solar_generation,Solar,2026-08-27T00:57:27Z
2026-08-27T00:55:09Z,2026-08-27T02:55:09+0200,9e257938-0a8b-4b8b-95d2-ab80972bdbbd,2026-08-06T06:00:00Z,2026-08-06T08:00:00+0200,14658.145,MW,DE,DE_LU,actual_solar_generation,Solar,2026-08-27T00:57:27Z
2026-08-27T00:55:09Z,2026-08-27T02:55:09+0200,9e257938-0a8b-4b8b-95d2-ab80972bdbbd,2026-08-06T06:15:00Z,2026-08-06T08:15:00+0200,17717.376,MW,DE,DE_LU,actual_solar_generation,Solar,2026-08-27T00:57:27Z
2026-08-27T00:55:09Z,2026-08-27T02:55:09+0200,9e257938-0a8b-4b8b-95d2-ab80972bdbbd,2026-08-06T06:30:00Z,2026-08-06T08:30:00+0200,20822.277,MW,DE,DE_LU,actual_solar_generation,Solar,2026-08-27T00:57:27Z
2026-08-27T00:55:09Z,2026-08-27T02:55:09+0200,9e257938-0a8b-4b8b-95d2-ab80972bdbbd,2026-08-06T06:45:00Z,2026-08-06T08:45:00+0200,24051.726,MW,DE,DE_LU,actual_solar_generation,Solar,2026-08-27T00:57:27Z
2026-08-27T00:55:09Z,2026-08-27T02:55:09+0200,9e257938-0a8b-4b8b-95d2-ab80972bdbbd,2026-08-06T07:00:00Z,2026-08-06T09:00:00+0200,27058.581,MW,DE,DE_LU,actual_solar_generation,Solar,2026-08-27T00:57:27Z
2026-08-27T00:55:09Z,2026-08-27T02:55:09+0200,9e257938-0a8b-4b8b-95d2-ab80972bdbbd,2026-08-06T07:15:00Z,2026-08-06T09:15:00+0200,29739.38,MW,DE,DE_LU,actual_solar_generation,Solar,2026-08-27T00:57:27Z
2026-08-27T00:55:09Z,2026-08-27T02:55:09+0200,9e257938-0a8b-4b8b-95d2-ab80972bdbbd,2026-08-06T07:30:00Z,2026-08-06T09:30:00+0200,32574.008,MW,DE,DE_LU,actual_solar_generation,Solar,2026-08-27T00:57:27Z
2026-08-27T00:55:09Z,2026-08-27T02:55:09+0200,9e257938-0a8b-4b8b-95d2-ab80972bdbbd,2026-08-06T07:45:00Z,2026-08-06T09:45:00+0200,35106.115,MW,DE,DE_LU,actual_solar_generation,Solar,2026-08-27T00:57:27Z
2026-08-27T00:55:09Z,2026-08-27T02:55:09+0200,9e257938-0a8b-4b8b-95d2-ab80972bdbbd,2026-08-06T08:00:00Z,2026-08-06T10:00:00+0200,37095.654,MW,DE,DE_LU,actual_solar_generation,Solar,2026-08-27T00:57:27Z
2026-08-27T00:55:09Z,2026-08-27T02:55:09+0200,9e257938-0a8b-4b8b-95d2-ab80972bdbbd,2026-08-06T08:15:00Z,2026-08-06T10:15:00+0200,38608.277,MW,DE,DE_LU,actual_solar_generation,Solar,2026-08-27T00:57:27Z
2026-08-27T00:55:09Z,2026-08-27T02:55:09+0200,9e257938-0a8b-4b8b-95d2-ab80972bdbbd,2026-08-06T08:30:00Z,2026-08-06T10:30:00+0200,40210.264,MW,DE,DE_LU,actual_solar_generation,Solar,2026-08-27T00:57:27Z
2026-08-27T00:55:09Z,2026-08-27T02:55:09+0200,9e257938-0a8b-4b8b-95d2-ab80972bdbbd,2026-08-06T08:45:00Z,2026-08-06T10:45:00+0200,41108.436,MW,DE,DE_LU,actual_solar_generation,Solar,2026-08-27T00:57:27Z
2026-08-27T00:55:09Z,2026-08-27T02:55:09+0200,9e257938-0a8b-4b8b-95d2-ab80972bdbbd,2026-08-06T09:00:00Z,2026-08-06T11:00:00+0200,41525.069,MW,DE,DE_LU,actual_solar_generation,Solar,2026-08-27T00:57:27Z
2026-08-27T00:55:09Z,2026-08-27T02:55:09+0200,9e257938-0a8b-4b8b-95d2-ab80972bdbbd,2026-08-06T09:15:00Z,2026-08-06T11:15:00+0200,41979.965,MW,DE,DE_LU,actual_solar_generation,Solar,2026-08-27T00:57:27Z
2026-08-27T00:55:09Z,2026-08-27T02:55:09+0200,9e257938-0a8b-4b8b-95d2-ab80972bdbbd,2026-08-06T09:30:00Z,2026-08-06T11:30:00+0200,41319.173,MW,DE,DE_LU,actual_solar_generation,Solar,2026-08-27T00:57:27Z
2026-08-27T00:55:09Z,2026-08-27T02:55:09+0200,9e257938-0a8b-4b8b-95d2-ab80972bdbbd,2026-08-06T09:45:00Z,2026-08-06T11:45:00+0200,41354.667,MW,DE,DE_LU,actual_solar_generation,Solar,2026-08-27T00:57:27Z
2026-08-27T00:55:09Z,2026-08-27T02:55:09+0200,9e257938-0a8b-4b8b-95d2-ab80972bdbbd,2026-08-06T10:00:00Z,2026-08-06T12:00:00+0200,41427.719,MW,DE,DE_LU,actual_solar_generation,Solar,2026-08-27T00:57:27Z
2026-08-27T00:55:09Z,2026-08-27T02:55:09+0200,9e257938-0a8b-4b8b-95d2-ab80972bdbbd,2026-08-06T10:15:00Z,2026-08-06T12:15:00+0200,41305.175,MW,DE,DE_LU,actual_solar_generation,Solar,2026-08-27T00:57:27Z
2026-08-27T00:55:09Z,2026-08-27T02:55:09+0200,9e257938-0a8b-4b8b-95d2-ab80972bdbbd,2026-08-06T10:30:00Z,2026-08-06T12:30:00+0200,41391.127,MW,DE,DE_LU,actual_solar_generation,Solar,2026-08-27T00:57:27Z
2026-08-27T00:55:09Z,2026-08-27T02:55:09+0200,9e257938-0a8b-4b8b-95d2-ab80972bdbbd,2026-08-06T10:45:00Z,2026-08-06T12:45:00+0200,41277.696,MW,DE,DE_LU,actual_solar_generation,Solar,2026-08-27T00:57:27Z
2026-08-27T00:55:09Z,2026-08-27T02:55:09+0200,9e257938-0a8b-4b8b-95d2-ab80972bdbbd,2026-08-06T11:00:00Z,2026-08-06T13:00:00+0200,40750.704,MW,DE,DE_LU,actual_solar_generation,Solar,2026-08-27T00:57:27Z
2026-08-27T00:55:09Z,2026-08-27T02:55:09+0200,9e257938-0a8b-4b8b-95d2-ab80972bdbbd,2026-08-06T11:15:00Z,2026-08-06T13:15:00+0200,40695.095,MW,DE,DE_LU,actual_solar_generation,Solar,2026-08-27T00:57:27Z
2026-08-27T00:55:09Z,2026-08-27T02:55:09+0200,9e257938-0a8b-4b8b-95d2-ab80972bdbbd,2026-08-06T11:30:00Z,2026-08-06T13:30:00+0200,40041.869,MW,DE,DE_LU,actual_solar_generation,Solar,2026-08-27T00:57:27Z
2026-08-27T00:55:09Z,2026-08-27T02:55:09+0200,9e257938-0a8b-4b8b-95d2-ab80972bdbbd,2026-08-06T11:45:00Z,2026-08-06T13:45:00+0200,39649.23,MW,DE,DE_LU,actual_solar_generation,Solar,2026-08-27T00:57:27Z
2026-08-27T00:55:09Z,2026-08-27T02:55:09+0200,9e257938-0a8b-4b8b-95d2-ab80972bdbbd,2026-08-06T12:00:00Z,2026-08-06T14:00:00+0200,39598.449,MW,DE,DE_LU,actual_solar_generation,Solar,2026-08-27T00:57:27Z
2026-08-27T00:55:09Z,2026-08-27T02:55:09+0200,9e257938-0a8b-4b8b-95d2-ab80972bdbbd,2026-08-06T12:15:00Z,2026-08-06T14:15:00+0200,39261.959,MW,DE,DE_LU,actual_solar_generation,Solar,2026-08-27T00:57:27Z
2026-08-27T00:55:09Z,2026-08-27T02:55:09+0200,9e257938-0a8b-4b8b-95d2-ab80972bdbbd,2026-08-06T12:30:00Z,2026-08-06T14:30:00+0200,38680.518,MW,DE,DE_LU,actual_solar_generation,Solar,2026-08-27T00:57:27Z
2026-08-27T00:55:09Z,2026-08-27T02:55:09+0200,9e257938-0a8b-4b8b-95d2-ab80972bdbbd,2026-08-06T12:45:00Z,2026-08-06T14:45:00+0200,37605.299,MW,DE,DE_LU,actual_solar_generation,Solar,2026-08-27T00:57:27Z
2026-08-27T00:55:09Z,2026-08-27T02:55:09+0200,9e257938-0a8b-4b8b-95d2-ab80972bdbbd,2026-08-06T13:00:00Z,2026-08-06T15:00:00+0200,36734.946,MW,DE,DE_LU,actual_solar_generation,Solar,2026-08-27T00:57:27Z
2026-08-27T00:55:09Z,2026-08-27T02:55:09+0200,9e257938-0a8b-4b8b-95d2-ab80972bdbbd,2026-08-06T13:15:00Z,2026-08-06T15:15:00+0200,35772.22,MW,DE,DE_LU,actual_solar_generation,Solar,2026-08-27T00:57:27Z
2026-08-27T00:55:09Z,2026-08-27T02:55:09+0200,9e257938-0a8b-4b8b-95d2-ab80972bdbbd,2026-08-06T13:30:00Z,2026-08-06T15:30:00+0200,34239.987,MW,DE,DE_LU,actual_solar_generation,Solar,2026-08-27T00:57:27Z
2026-08-27T00:55:09Z,2026-08-27T02:55:09+0200,9e257938-0a8b-4b8b-95d2-ab80972bdbbd,2026-08-06T13:45:00Z,2026-08-06T15:45:00+0200,33515.957,MW,DE,DE_LU,actual_solar_generation,Solar,2026-08-27T00:57:27Z
2026-08-27T00:55:09Z,2026-08-27T02:55:09+0200,9e257938-0a8b-4b8b-95d2-ab80972bdbbd,2026-08-06T14:00:00Z,2026-08-06T16:00:00+0200,32677.619,MW,DE,DE_LU,actual_solar_generation,Solar,2026-08-27T00:57:27Z
2026-08-27T00:55:09Z,2026-08-27T02:55:09+0200,9e257938-0a8b-4b8b-95d2-ab80972bdbbd,2026-08-06T14:15:00Z,2026-08-06T16:15:00+0200,30874.456,MW,DE,DE_LU,actual_solar_generation,Solar,2026-08-27T00:57:27Z
2026-08-27T00:55:09Z,2026-08-27T02:55:09+0200,9e257938-0a8b-4b8b-95d2-ab80972bdbbd,2026-08-06T14:30:00Z,2026-08-06T16:30:00+0200,30376.719,MW,DE,DE_LU,actual_solar_generation,Solar,2026-08-27T00:57:27Z
2026-08-27T00:55:09Z,2026-08-27T02:55:09+0200,9e257938-0a8b-4b8b-95d2-ab80972bdbbd,2026-08-06T14:45:00Z,2026-08-06T16:45:00+0200,28533.017,MW,DE,DE_LU,actual_solar_generation,Solar,2026-08-27T00:57:27Z
2026-08-27T00:55:09Z,2026-08-27T02:55:09+0200,9e257938-0a8b-4b8b-95d2-ab80972bdbbd,2026-08-06T15:00:00Z,2026-08-06T17:00:00+0200,26663.423,MW,DE,DE_LU,actual_solar_generation,Solar,2026-08-27T00:57:27Z
2026-08-27T00:55:09Z,2026-08-27T02:55:09+0200,9e257938-0a8b-4b8b-95d2-ab80972bdbbd,2026-08-06T15:15:00Z,2026-08-06T17:15:00+0200,24398.685,MW,DE,DE_LU,actual_solar_generation,Solar,2026-08-27T00:57:27Z
2026-08-27T00:55:09Z,2026-08-27T02:55:09+0200,9e257938-0a8b-4b8b-95d2-ab80972bdbbd,2026-08-06T15:30:00Z,2026-08-06T17:30:00+0200,22458.742,MW,DE,DE_LU,actual_solar_generation,Solar,2026-08-27T00:57:27Z
2026-08-27T00:55:09Z,2026-08-27T02:55:09+0200,9e257938-0a8b-4b8b-95d2-ab80972bdbbd,2026-08-06T15:45:00Z,2026-08-06T17:45:00+0200,20258.119,MW,DE,DE_LU,actual_solar_generation,Solar,2026-08-27T00:57:27Z
2026-08-27T00:55:09Z,2026-08-27T02:55:09+0200,9e257938-0a8b-4b8b-95d2-ab80972bdbbd,2026-08-06T16:00:00Z,2026-08-06T18:00:00+0200,17875.332,MW,DE,DE_LU,actual_solar_generation,Solar,2026-08-27T00:57:27Z
2026-08-27T00:55:09Z,2026-08-27T02:55:09+0200,9e257938-0a8b-4b8b-95d2-ab80972bdbbd,2026-08-06T16:15:00Z,2026-08-06T18:15:00+0200,15660.472,MW,DE,DE_LU,actual_solar_generation,Solar,2026-08-27T00:57:27Z
2026-08-27T00:55:09Z,2026-08-27T02:55:09+0200,9e257938-0a8b-4b8b-95d2-ab80972bdbbd,2026-08-06T16:30:00Z,2026-08-06T18:30:00+0200,13229.582,MW,DE,DE_LU,actual_solar_generation,Solar,2026-08-27T00:57:27Z
2026-08-27T00:55:09Z,2026-08-27T02:55:09+0200,9e257938-0a8b-4b8b-95d2-ab80972bdbbd,2026-08-06T16:45:00Z,2026-08-06T18:45:00+0200,11000.508,MW,DE,DE_LU,actual_solar_generation,Solar,2026-08-27T00:57:27Z
2026-08-27T00:55:09Z,2026-08-27T02:55:09+0200,9e257938-0a8b-4b8b-95d2-ab80972bdbbd,2026-08-06T17:00:00Z,2026-08-06T19:00:00+0200,8876.533,MW,DE,DE_LU,actual_solar_generation,Solar,2026-08-27T00:57:27Z
2026-08-27T00:55:09Z,2026-08-27T02:55:09+0200,9e257938-0a8b-4b8b-95d2-ab80972bdbbd,2026-08-06T17:15:00Z,2026-08-06T19:15:00+0200,6812.567,MW,DE,DE_LU,actual_solar_generation,Solar,2026-08-27T00:57:27Z
2026-08-27T00:55:09Z,2026-08-27T02:55:09+0200,9e257938-0a8b-4b8b-95d2-ab80972bdbbd,2026-08-06T17:30:00Z,2026-08-06T19:30:00+0200,5015.51,MW,DE,DE_LU,actual_solar_generation,Solar,2026-08-27T00:57:27Z
2026-08-27T00:55:09Z,2026-08-27T02:55:09+0200,9e257938-0a8b-4b8b-95d2-ab80972bdbbd,2026-08-06T17:45:00Z,2026-08-06T19:45:00+0200,3536.073,MW,DE,DE_LU,actual_solar_generation,Solar,2026-08-27T00:57:27Z
2026-08-27T00:55:09Z,2026-08-27T02:55:09+0200,9e257938-0a8b-4b8b-95d2-ab80972bdbbd,2026-08-06T18:00:00Z,2026-08-06T20:00:00+0200,2268.81,MW,DE,DE_LU,actual_solar_generation,Solar,2026-08-27T00:57:27Z
2026-08-27T00:55:09Z,2026-08-27T02:55:09+0200,9e257938-0a8b-4b8b-95d2-ab80972bdbbd,2026-08-06T18:15:00Z,2026-08-06T20:15:00+0200,1250.016,MW,DE,DE_LU,actual_solar_generation,Solar,2026-08-27T00:57:27Z
2026-08-27T00:55:09Z,2026-08-27T02:55:09+0200,9e257938-0a8b-4b8b-95d2-ab80972bdbbd,2026-08-06T18:30:00Z,2026-08-06T20:30:00+0200,526.709,MW,DE,DE_LU,actual_solar_generation,Solar,2026-08-27T00:57:27Z
2026-08-27T00:55:09Z,2026-08-27T02:55:09+0200,9e257938-0a8b-4b8b-95d2-ab80972bdbbd,2026-08-06T18:45:00Z,2026-08-06T20:45:00+0200,163.549,MW,DE,DE_LU,actual_solar_generation,Solar,2026-08-27T00:57:27Z
2026-08-27T00:55:09Z,2026-08-27T02:55:09+0200,9e257938-0a8b-4b8b-95d2-ab80972bdbbd,2026-08-06T19:00:00Z,2026-08-06T21:00:00+0200,25.871,MW,DE,DE_LU,actual_solar_generation,Solar,2026-08-27T00:57:27Z
2026-08-27T00:55:09Z,2026-08-27T02:55:09+0200,9e257938-0a8b-4b8b-95d2-ab80972bdbbd,2026-08-06T19:15:00Z,2026-08-06T21:15:00+0200,3.87,MW,DE,DE_LU,actual_solar_generation,Solar,2026-08-27T00:57:27Z
2026-08-27T00:55:09Z,2026-08-27T02:55:09+0200,9e257938-0a8b-4b8b-95d2-ab80972bdbbd,2026-08-06T19:30:00Z,2026-08-06T21:30:00+0200,0.431,MW,DE,DE_LU,actual_solar_generation,Solar,2026-08-27T00:57:27Z
2026-08-27T00:55:09Z,2026-08-27T02:55:09+0200,9e257938-0a8b-4b8b-95d2-ab80972bdbbd,2026-08-06T19:45:00Z,2026-08-06T21:45:00+0200,0.248,MW,DE,DE_LU,actual_solar_generation,Solar,2026-08-27T00:57:27Z
2026-08-27T00:55:09Z,2026-08-27T02:55:09+0200,9e257938-0a8b-4b8b-95d2-ab80972bdbbd,2026-08-06T20:00:00Z,2026-08-06T22:00:00+0200,0.306,MW,DE,DE_LU,actual_solar_generation,Solar,2026-08-27T00:57:27Z
2026-08-27T00:55:09Z,2026-08-27T02:55:09+0200,9e257938-0a8b-4b8b-95d2-ab80972bdbbd,2026-08-06T20:15:00Z,2026-08-06T22:15:00+0200,0.287,MW,DE,DE_LU,actual_solar_generation,Solar,2026-08-27T00:57:27Z
2026-08-27T00:55:09Z,2026-08-27T02:55:09+0200,9e257938-0a8b-4b8b-95d2-ab80972bdbbd,2026-08-06T20:30:00Z,2026-08-06T22:30:00+0200,0.286,MW,DE,DE_LU,actual_solar_generation,Solar,2026-08-27T00:57:27Z
2026-08-27T00:55:09Z,2026-08-27T02:55:09+0200,9e257938-0a8b-4b8b-95d2-ab80972bdbbd,2026-08-06T20:45:00Z,2026-08-06T22:45:00+0200,0.226,MW,DE,DE_LU,actual_solar_generation,Solar,2026-08-27T00:57:27Z
2026-08-27T00:55:09Z,2026-08-27T02:55:09+0200,9e257938-0a8b-4b8b-95d2-ab80972bdbbd,2026-08-06T21:00:00Z,2026-08-06T23:00:00+0200,0.227,MW,DE,DE_LU,actual_solar_generation,Solar,2026-08-27T00:57:27Z
2026-08-27T00:55:09Z,2026-08-27T02:55:09+0200,9e257938-0a8b-4b8b-95d2-ab80972bdbbd,2026-08-06T21:15:00Z,2026-08-06T23:15:00+0200,0.177,MW,DE,DE_LU,actual_solar_generation,Solar,2026-08-27T00:57:27Z
2026-08-27T00:55:09Z,2026-08-27T02:55:09+0200,9e257938-0a8b-4b8b-95d2-ab80972bdbbd,2026-08-06T21:30:00Z,2026-08-06T23:30:00+0200,0.164,MW,DE,DE_LU,actual_solar_generation,Solar,2026-08-27T00:57:27Z
2026-08-27T00:55:09Z,2026-08-27T02:55:09+0200,9e257938-0a8b-4b8b-95d2-ab80972bdbbd,2026-08-06T21:45:00Z,2026-08-06T23:45:00+0200,0.149,MW,DE,DE_LU,actual_solar_generation,Solar,2026-08-27T00:57:27Z
2026-08-27T00:55:09Z,2026-08-27T02:55:09+0200,9e257938-0a8b-4b8b-95d2-ab80972bdbbd,2026-08-06T22:00:00Z,2026-08-07T00:00:00+0200,0.154,MW,DE,DE_LU,actual_solar_generation,Solar,2026-08-27T00:57:27Z
2026-08-27T00:55:09Z,2026-08-27T02:55:09+0200,9e257938-0a8b-4b8b-95d2-ab80972bdbbd,2026-08-06T22:15:00Z,2026-08-07T00:15:00+0200,0.148,MW,DE,DE_LU,actual_solar_generation,Solar,2026-08-27T00:57:27Z
2026-08-27T00:55:09Z,2026-08-27T02:55:09+0200,9e257938-0a8b-4b8b-95d2-ab80972bdbbd,2026-08-06T22:30:00Z,2026-08-07T00:30:00+0200,0.149,MW,DE,DE_LU,actual_solar_generation,Solar,2026-08-27T00:57:27Z
2026-08-27T00:55:09Z,2026-08-27T02:55:09+0200,9e257938-0a8b-4b8b-95d2-ab80972bdbbd,2026-08-06T22:45:00Z,2026-08-07T00:45:00+0200,0.138,MW,DE,DE_LU,actual_solar_generation,Solar,2026-08-27T00:57:27Z
2026-08-27T00:55:09Z,2026-08-27T02:55:09+0200,9e257938-0a8b-4b8b-95d2-ab80972bdbbd,2026-08-06T23:00:00Z,2026-08-07T01:00:00+0200,0.125,MW,DE,DE_LU,actual_solar_generation,Solar,2026-08-27T00:57:27Z
2026-08-27T00:55:09Z,2026-08-27T02:55:09+0200,9e257938-0a8b-4b8b-95d2-ab80972bdbbd,2026-08-06T23:15:00Z,2026-08-07T01:15:00+0200,0.115,MW,DE,DE_LU,actual_solar_generation,Solar,2026-08-27T00:57:27Z
2026-08-27T00:55:09Z,2026-08-27T02:55:09+0200,9e257938-0a8b-4b8b-95d2-ab80972bdbbd,2026-08-06T23:30:00Z,2026-08-07T01:30:00+0200,0.125,MW,DE,DE_LU,actual_solar_generation,Solar,2026-08-27T00:57:27Z
2026-08-27T00:55:09Z,2026-08-27T02:55:09+0200,9e257938-0a8b-4b8b-95d2-ab80972bdbbd,2026-08-06T23:45:00Z,2026-08-07T01:45:00+0200,0.118,MW,DE,DE_LU,actual_solar_generation,Solar,2026-08-27T00:57:27Z
2026-08-27T00:55:09Z,2026-08-27T02:55:09+0200,9e257938-0a8b-4b8b-95d2-ab80972bdbbd,2026-08-07T00:00:00Z,2026-08-07T02:00:00+0200,0.107,MW,DE,DE_LU,actual_solar_generation,Solar,2026-08-27T00:57:27Z
2026-08-27T00:55:09Z,2026-08-27T02:55:09+0200,9e257938-0a8b-4b8b-95d2-ab80972bdbbd,2026-08-07T00:15:00Z,2026-08-07T02:15:00+0200,0.098,MW,DE,DE_LU,actual_solar_generation,Solar,2026-08-27T00:57:27Z
2026-08-27T00:55:09Z,2026-08-27T02:55:09+0200,9e257938-0a8b-4b8b-95d2-ab80972bdbbd,2026-08-07T00:30:00Z,2026-08-07T02:30:00+0200,0.101,MW,DE,DE_LU,actual_solar_generation,Solar,2026-08-27T00:57:27Z
2026-08-27T00:55:09Z,2026-08-27T02:55:09+0200,9e257938-0a8b-4b8b-95d2-ab80972bdbbd,2026-08-07T00:45:00Z,2026-08-07T02:45:00+0200,0.097,MW,DE,DE_LU,actual_solar_generation,Solar,2026-08-27T00:57:27Z
2026-08-27T00:55:09Z,2026-08-27T02:55:09+0200,9e257938-0a8b-4b8b-95d2-ab80972bdbbd,2026-08-07T01:00:00Z,2026-08-07T03:00:00+0200,0.099,MW,DE,DE_LU,actual_solar_generation,Solar,2026-08-27T00:57:27Z
2026-08-27T00:55:09Z,2026-08-27T02:55:09+0200,9e257938-0a8b-4b8b-95d2-ab80972bdbbd,2026-08-07T01:15:00Z,2026-08-07T03:15:00+0200,0.107,MW,DE,DE_LU,actual_solar_generation,Solar,2026-08-27T00:57:27Z
2026-08-27T00:55:09Z,2026-08-27T02:55:09+0200,9e257938-0a8b-4b8b-95d2-ab80972bdbbd,2026-08-07T01:30:00Z,2026-08-07T03:30:00+0200,0.107,MW,DE,DE_LU,actual_solar_generation,Solar,2026-08-27T00:57:27Z
2026-08-27T00:55:09Z,2026-08-27T02:55:09+0200,9e257938-0a8b-4b8b-95d2-ab80972bdbbd,2026-08-07T01:45:00Z,2026-08-07T03:45:00+0200,0.101,MW,DE,DE_LU,actual_solar_generation,Solar,2026-08-27T00:57:27Z
2026-08-27T00:55:09Z,2026-08-27T02:55:09+0200,9e257938-0a8b-4b8b-95d2-ab80972bdbbd,2026-08-07T02:00:00Z,2026-08-07T04:00:00+0200,0.087,MW,DE,DE_LU,actual_solar_generation,Solar,2026-08-27T00:57:27Z
2026-08-27T00:55:09Z,2026-08-27T02:55:09+0200,9e257938-0a8b-4b8b-95d2-ab80972bdbbd,2026-08-07T02:15:00Z,2026-08-07T04:15:00+0200,0.077,MW,DE,DE_LU,actual_solar_generation,Solar,2026-08-27T00:57:27Z
2026-08-27T00:55:09Z,2026-08-27T02:55:09+0200,9e257938-0a8b-4b8b-95d2-ab80972bdbbd,2026-08-07T02:30:00Z,2026-08-07T04:30:00+0200,0.089,MW,DE,DE_LU,actual_solar_generation,Solar,2026-08-27T00:57:27Z
2026-08-27T00:55:09Z,2026-08-27T02:55:09+0200,9e257938-0a8b-4b8b-95d2-ab80972bdbbd,2026-08-07T02:45:00Z,2026-08-07T04:45:00+0200,0.081,MW,DE,DE_LU,actual_solar_generation,Solar,2026-08-27T00:57:27Z
2026-08-27T00:55:09Z,2026-08-27T02:55:09+0200,9e257938-0a8b-4b8b-95d2-ab80972bdbbd,2026-08-07T03:00:00Z,2026-08-07T05:00:00+0200,0.071,MW,DE,DE_LU,actual_solar_generation,Solar,2026-08-27T00:57:27Z
2026-08-27T00:55:09Z,2026-08-27T02:55:09+0200,9e257938-0a8b-4b8b-95d2-ab80972bdbbd,2026-08-07T03:15:00Z,2026-08-07T05:15:00+0200,0.29,MW,DE,DE_LU,actual_solar_generation,Solar,2026-08-27T00:57:27Z
2026-08-27T00:55:09Z,2026-08-27T02:55:09+0200,9e257938-0a8b-4b8b-95d2-ab80972bdbbd,2026-08-07T03:30:00Z,2026-08-07T05:30:00+0200,6.618,MW,DE,DE_LU,actual_solar_generation,Solar,2026-08-27T00:57:27Z
2026-08-27T00:55:09Z,2026-08-27T02:55:09+0200,9e257938-0a8b-4b8b-95d2-ab80972bdbbd,2026-08-07T03:45:00Z,2026-08-07T05:45:00+0200,69.114,MW,DE,DE_LU,actual_solar_generation,Solar,2026-08-27T00:57:27Z
2026-08-27T00:55:09Z,2026-08-27T02:55:09+0200,9e257938-0a8b-4b8b-95d2-ab80972bdbbd,2026-08-07T04:00:00Z,2026-08-07T06:00:00+0200,321.486,MW,DE,DE_LU,actual_solar_generation,Solar,2026-08-27T00:57:27Z
2026-08-27T00:55:09Z,2026-08-27T02:55:09+0200,9e257938-0a8b-4b8b-95d2-ab80972bdbbd,2026-08-07T04:15:00Z,2026-08-07T06:15:00+0200,1023.868,MW,DE,DE_LU,actual_solar_generation,Solar,2026-08-27T00:57:27Z
2026-08-27T00:55:09Z,2026-08-27T02:55:09+0200,9e257938-0a8b-4b8b-95d2-ab80972bdbbd,2026-08-07T04:30:00Z,2026-08-07T06:30:00+0200,2041.366,MW,DE,DE_LU,actual_solar_generation,Solar,2026-08-27T00:57:27Z
2026-08-27T00:55:09Z,2026-08-27T02:55:09+0200,9e257938-0a8b-4b8b-95d2-ab80972bdbbd,2026-08-07T04:45:00Z,2026-08-07T06:45:00+0200,3328.609,MW,DE,DE_LU,actual_solar_generation,Solar,2026-08-27T00:57:27Z
2026-08-27T00:55:09Z,2026-08-27T02:55:09+0200,9e257938-0a8b-4b8b-95d2-ab80972bdbbd,2026-08-07T05:00:00Z,2026-08-07T07:00:00+0200,4894.436,MW,DE,DE_LU,actual_solar_generation,Solar,2026-08-27T00:57:27Z
2026-08-27T00:55:09Z,2026-08-27T02:55:09+0200,9e257938-0a8b-4b8b-95d2-ab80972bdbbd,2026-08-07T05:15:00Z,2026-08-07T07:15:00+0200,6835.157,MW,DE,DE_LU,actual_solar_generation,Solar,2026-08-27T00:57:27Z
2026-08-27T00:55:09Z,2026-08-27T02:55:09+0200,9e257938-0a8b-4b8b-95d2-ab80972bdbbd,2026-08-07T05:30:00Z,2026-08-07T07:30:00+0200,9143.353,MW,DE,DE_LU,actual_solar_generation,Solar,2026-08-27T00:57:27Z
2026-08-27T00:55:09Z,2026-08-27T02:55:09+0200,9e257938-0a8b-4b8b-95d2-ab80972bdbbd,2026-08-07T05:45:00Z,2026-08-07T07:45:00+0200,11659.79,MW,DE,DE_LU,actual_solar_generation,Solar,2026-08-27T00:57:27Z
2026-08-27T00:55:09Z,2026-08-27T02:55:09+0200,9e257938-0a8b-4b8b-95d2-ab80972bdbbd,2026-08-07T06:00:00Z,2026-08-07T08:00:00+0200,14448.687,MW,DE,DE_LU,actual_solar_generation,Solar,2026-08-27T00:57:27Z
2026-08-27T00:55:09Z,2026-08-27T02:55:09+0200,9e257938-0a8b-4b8b-95d2-ab80972bdbbd,2026-08-07T06:15:00Z,2026-08-07T08:15:00+0200,17342.246,MW,DE,DE_LU,actual_solar_generation,Solar,2026-08-27T00:57:27Z
2026-08-27T00:55:09Z,2026-08-27T02:55:09+0200,9e257938-0a8b-4b8b-95d2-ab80972bdbbd,2026-08-07T06:30:00Z,2026-08-07T08:30:00+0200,20337.926,MW,DE,DE_LU,actual_solar_generation,Solar,2026-08-27T00:57:27Z
2026-08-27T00:55:09Z,2026-08-27T02:55:09+0200,9e257938-0a8b-4b8b-95d2-ab80972bdbbd,2026-08-07T06:45:00Z,2026-08-07T08:45:00+0200,23302.192,MW,DE,DE_LU,actual_solar_generation,Solar,2026-08-27T00:57:27Z
2026-08-27T00:55:09Z,2026-08-27T02:55:09+0200,9e257938-0a8b-4b8b-95d2-ab80972bdbbd,2026-08-07T07:00:00Z,2026-08-07T09:00:00+0200,26286.361,MW,DE,DE_LU,actual_solar_generation,Solar,2026-08-27T00:57:27Z
2026-08-27T00:55:09Z,2026-08-27T02:55:09+0200,9e257938-0a8b-4b8b-95d2-ab80972bdbbd,2026-08-07T07:15:00Z,2026-08-07T09:15:00+0200,29179.638,MW,DE,DE_LU,actual_solar_generation,Solar,2026-08-27T00:57:27Z
2026-08-27T00:55:09Z,2026-08-27T02:55:09+0200,9e257938-0a8b-4b8b-95d2-ab80972bdbbd,2026-08-07T07:30:00Z,2026-08-07T09:30:00+0200,31992.069,MW,DE,DE_LU,actual_solar_generation,Solar,2026-08-27T00:57:27Z
2026-08-27T00:55:09Z,2026-08-27T02:55:09+0200,9e257938-0a8b-4b8b-95d2-ab80972bdbbd,2026-08-07T07:45:00Z,2026-08-07T09:45:00+0200,34476.902,MW,DE,DE_LU,actual_solar_generation,Solar,2026-08-27T00:57:27Z
2026-08-27T00:55:09Z,2026-08-27T02:55:09+0200,9e257938-0a8b-4b8b-95d2-ab80972bdbbd,2026-08-07T08:00:00Z,2026-08-07T10:00:00+0200,36643.963,MW,DE,DE_LU,actual_solar_generation,Solar,2026-08-27T00:57:27Z
2026-08-27T00:55:09Z,2026-08-27T02:55:09+0200,9e257938-0a8b-4b8b-95d2-ab80972bdbbd,2026-08-07T08:15:00Z,2026-08-07T10:15:00+0200,38349.724,MW,DE,DE_LU,actual_solar_generation,Solar,2026-08-27T00:57:27Z
2026-08-27T00:55:09Z,2026-08-27T02:55:09+0200,9e257938-0a8b-4b8b-95d2-ab80972bdbbd,2026-08-07T08:30:00Z,2026-08-07T10:30:00+0200,39734.6,MW,DE,DE_LU,actual_solar_generation,Solar,2026-08-27T00:57:27Z
2026-08-27T00:55:09Z,2026-08-27T02:55:09+0200,9e257938-0a8b-4b8b-95d2-ab80972bdbbd,2026-08-07T08:45:00Z,2026-08-07T10:45:00+0200,41028.269,MW,DE,DE_LU,actual_solar_generation,Solar,2026-08-27T00:57:27Z
2026-08-27T00:55:09Z,2026-08-27T02:55:09+0200,9e257938-0a8b-4b8b-95d2-ab80972bdbbd,2026-08-07T09:00:00Z,2026-08-07T11:00:00+0200,42449.149,MW,DE,DE_LU,actual_solar_generation,Solar,2026-08-27T00:57:27Z
2026-08-27T00:55:09Z,2026-08-27T02:55:09+0200,9e257938-0a8b-4b8b-95d2-ab80972bdbbd,2026-08-07T09:15:00Z,2026-08-07T11:15:00+0200,43503.482,MW,DE,DE_LU,actual_solar_generation,Solar,2026-08-27T00:57:27Z
2026-08-27T00:55:09Z,2026-08-27T02:55:09+0200,9e257938-0a8b-4b8b-95d2-ab80972bdbbd,2026-08-07T09:30:00Z,2026-08-07T11:30:00+0200,44322.116,MW,DE,DE_LU,actual_solar_generation,Solar,2026-08-27T00:57:27Z
2026-08-27T00:55:09Z,2026-08-27T02:55:09+0200,9e257938-0a8b-4b8b-95d2-ab80972bdbbd,2026-08-07T09:45:00Z,2026-08-07T11:45:00+0200,44870.086,MW,DE,DE_LU,actual_solar_generation,Solar,2026-08-27T00:57:27Z
2026-08-27T00:55:09Z,2026-08-27T02:55:09+0200,9e257938-0a8b-4b8b-95d2-ab80972bdbbd,2026-08-07T10:00:00Z,2026-08-07T12:00:00+0200,45200.163,MW,DE,DE_LU,actual_solar_generation,Solar,2026-08-27T00:57:27Z
2026-08-27T00:55:09Z,2026-08-27T02:55:09+0200,9e257938-0a8b-4b8b-95d2-ab80972bdbbd,2026-08-07T10:15:00Z,2026-08-07T12:15:00+0200,45635.485,MW,DE,DE_LU,actual_solar_generation,Solar,2026-08-27T00:57:27Z
2026-08-27T00:55:09Z,2026-08-27T02:55:09+0200,9e257938-0a8b-4b8b-95d2-ab80972bdbbd,2026-08-07T10:30:00Z,2026-08-07T12:30:00+0200,45815.085,MW,DE,DE_LU,actual_solar_generation,Solar,2026-08-27T00:57:27Z
2026-08-27T00:55:09Z,2026-08-27T02:55:09+0200,9e257938-0a8b-4b8b-95d2-ab80972bdbbd,2026-08-07T10:45:00Z,2026-08-07T12:45:00+0200,45952.503,MW,DE,DE_LU,actual_solar_generation,Solar,2026-08-27T00:57:27Z
2026-08-27T00:55:09Z,2026-08-27T02:55:09+0200,9e257938-0a8b-4b8b-95d2-ab80972bdbbd,2026-08-07T11:00:00Z,2026-08-07T13:00:00+0200,46063.86,MW,DE,DE_LU,actual_solar_generation,Solar,2026-08-27T00:57:27Z
2026-08-27T00:55:09Z,2026-08-27T02:55:09+0200,9e257938-0a8b-4b8b-95d2-ab80972bdbbd,2026-08-07T11:15:00Z,2026-08-07T13:15:00+0200,46032.445,MW,DE,DE_LU,actual_solar_generation,Solar,2026-08-27T00:57:27Z
2026-08-27T00:55:09Z,2026-08-27T02:55:09+0200,9e257938-0a8b-4b8b-95d2-ab80972bdbbd,2026-08-07T11:30:00Z,2026-08-07T13:30:00+0200,45992.487,MW,DE,DE_LU,actual_solar_generation,Solar,2026-08-27T00:57:27Z
2026-08-27T00:55:09Z,2026-08-27T02:55:09+0200,9e257938-0a8b-4b8b-95d2-ab80972bdbbd,2026-08-07T11:45:00Z,2026-08-07T13:45:00+0200,45509.316,MW,DE,DE_LU,actual_solar_generation,Solar,2026-08-27T00:57:27Z
2026-08-27T00:55:09Z,2026-08-27T02:55:09+0200,9e257938-0a8b-4b8b-95d2-ab80972bdbbd,2026-08-07T12:00:00Z,2026-08-07T14:00:00+0200,45165.942,MW,DE,DE_LU,actual_solar_generation,Solar,2026-08-27T00:57:27Z
2026-08-27T00:55:09Z,2026-08-27T02:55:09+0200,9e257938-0a8b-4b8b-95d2-ab80972bdbbd,2026-08-07T12:15:00Z,2026-08-07T14:15:00+0200,44607.194,MW,DE,DE_LU,actual_solar_generation,Solar,2026-08-27T00:57:27Z
2026-08-27T00:55:09Z,2026-08-27T02:55:09+0200,9e257938-0a8b-4b8b-95d2-ab80972bdbbd,2026-08-07T12:30:00Z,2026-08-07T14:30:00+0200,44053.138,MW,DE,DE_LU,actual_solar_generation,Solar,2026-08-27T00:57:27Z
2026-08-27T00:55:09Z,2026-08-27T02:55:09+0200,9e257938-0a8b-4b8b-95d2-ab80972bdbbd,2026-08-07T12:45:00Z,2026-08-07T14:45:00+0200,43335.759,MW,DE,DE_LU,actual_solar_generation,Solar,2026-08-27T00:57:27Z
2026-08-27T00:55:09Z,2026-08-27T02:55:09+0200,9e257938-0a8b-4b8b-95d2-ab80972bdbbd,2026-08-07T13:00:00Z,2026-08-07T15:00:00+0200,42482.061,MW,DE,DE_LU,actual_solar_generation,Solar,2026-08-27T00:57:27Z
2026-08-27T00:55:09Z,2026-08-27T02:55:09+0200,9e257938-0a8b-4b8b-95d2-ab80972bdbbd,2026-08-07T13:15:00Z,2026-08-07T15:15:00+0200,41251.196,MW,DE,DE_LU,actual_solar_generation,Solar,2026-08-27T00:57:27Z
2026-08-27T00:55:09Z,2026-08-27T02:55:09+0200,9e257938-0a8b-4b8b-95d2-ab80972bdbbd,2026-08-07T13:30:00Z,2026-08-07T15:30:00+0200,39892.686,MW,DE,DE_LU,actual_solar_generation,Solar,2026-08-27T00:57:27Z
2026-08-27T00:55:09Z,2026-08-27T02:55:09+0200,9e257938-0a8b-4b8b-95d2-ab80972bdbbd,2026-08-07T13:45:00Z,2026-08-07T15:45:00+0200,38590.178,MW,DE,DE_LU,actual_solar_generation,Solar,2026-08-27T00:57:27Z
2026-08-27T00:55:09Z,2026-08-27T02:55:09+0200,9e257938-0a8b-4b8b-95d2-ab80972bdbbd,2026-08-07T14:00:00Z,2026-08-07T16:00:00+0200,36687.374,MW,DE,DE_LU,actual_solar_generation,Solar,2026-08-27T00:57:27Z
2026-08-27T00:55:09Z,2026-08-27T02:55:09+0200,9e257938-0a8b-4b8b-95d2-ab80972bdbbd,2026-08-07T14:15:00Z,2026-08-07T16:15:00+0200,35161.162,MW,DE,DE_LU,actual_solar_generation,Solar,2026-08-27T00:57:27Z
2026-08-27T00:55:09Z,2026-08-27T02:55:09+0200,9e257938-0a8b-4b8b-95d2-ab80972bdbbd,2026-08-07T14:30:00Z,2026-08-07T16:30:00+0200,33346.74,MW,DE,DE_LU,actual_solar_generation,Solar,2026-08-27T00:57:27Z
2026-08-27T00:55:09Z,2026-08-27T02:55:09+0200,9e257938-0a8b-4b8b-95d2-ab80972bdbbd,2026-08-07T14:45:00Z,2026-08-07T16:45:00+0200,31127.56,MW,DE,DE_LU,actual_solar_generation,Solar,2026-08-27T00:57:27Z
2026-08-27T00:55:09Z,2026-08-27T02:55:09+0200,9e257938-0a8b-4b8b-95d2-ab80972bdbbd,2026-08-07T15:00:00Z,2026-08-07T17:00:00+0200,28815.023,MW,DE,DE_LU,actual_solar_generation,Solar,2026-08-27T00:57:27Z
2026-08-27T00:55:09Z,2026-08-27T02:55:09+0200,9e257938-0a8b-4b8b-95d2-ab80972bdbbd,2026-08-07T15:15:00Z,2026-08-07T17:15:00+0200,26594.421,MW,DE,DE_LU,actual_solar_generation,Solar,2026-08-27T00:57:27Z
2026-08-27T00:55:09Z,2026-08-27T02:55:09+0200,9e257938-0a8b-4b8b-95d2-ab80972bdbbd,2026-08-07T15:30:00Z,2026-08-07T17:30:00+0200,24180.486,MW,DE,DE_LU,actual_solar_generation,Solar,2026-08-27T00:57:27Z
2026-08-27T00:55:09Z,2026-08-27T02:55:09+0200,9e257938-0a8b-4b8b-95d2-ab80972bdbbd,2026-08-07T15:45:00Z,2026-08-07T17:45:00+0200,21855.498,MW,DE,DE_LU,actual_solar_generation,Solar,2026-08-27T00:57:27Z
2026-08-27T00:55:09Z,2026-08-27T02:55:09+0200,9e257938-0a8b-4b8b-95d2-ab80972bdbbd,2026-08-07T16:00:00Z,2026-08-07T18:00:00+0200,19250.021,MW,DE,DE_LU,actual_solar_generation,Solar,2026-08-27T00:57:27Z
2026-08-27T00:55:09Z,2026-08-27T02:55:09+0200,9e257938-0a8b-4b8b-95d2-ab80972bdbbd,2026-08-07T16:15:00Z,2026-08-07T18:15:00+0200,16766.273,MW,DE,DE_LU,actual_solar_generation,Solar,2026-08-27T00:57:27Z
2026-08-27T00:55:09Z,2026-08-27T02:55:09+0200,9e257938-0a8b-4b8b-95d2-ab80972bdbbd,2026-08-07T16:30:00Z,2026-08-07T18:30:00+0200,14316.139,MW,DE,DE_LU,actual_solar_generation,Solar,2026-08-27T00:57:27Z
2026-08-27T00:55:09Z,2026-08-27T02:55:09+0200,9e257938-0a8b-4b8b-95d2-ab80972bdbbd,2026-08-07T16:45:00Z,2026-08-07T18:45:00+0200,11837.309,MW,DE,DE_LU,actual_solar_generation,Solar,2026-08-27T00:57:27Z
2026-08-27T00:55:09Z,2026-08-27T02:55:09+0200,9e257938-0a8b-4b8b-95d2-ab80972bdbbd,2026-08-07T17:00:00Z,2026-08-07T19:00:00+0200,9374.819,MW,DE,DE_LU,actual_solar_generation,Solar,2026-08-27T00:57:27Z
2026-08-27T00:55:09Z,2026-08-27T02:55:09+0200,9e257938-0a8b-4b8b-95d2-ab80972bdbbd,2026-08-07T17:15:00Z,2026-08-07T19:15:00+0200,7094.981,MW,DE,DE_LU,actual_solar_generation,Solar,2026-08-27T00:57:27Z
2026-08-27T00:55:09Z,2026-08-27T02:55:09+0200,9e257938-0a8b-4b8b-95d2-ab80972bdbbd,2026-08-07T17:30:00Z,2026-08-07T19:30:00+0200,5124.543,MW,DE,DE_LU,actual_solar_generation,Solar,2026-08-27T00:57:27Z
2026-08-27T00:55:09Z,2026-08-27T02:55:09+0200,9e257938-0a8b-4b8b-95d2-ab80972bdbbd,2026-08-07T17:45:00Z,2026-08-07T19:45:00+0200,3483.202,MW,DE,DE_LU,actual_solar_generation,Solar,2026-08-27T00:57:27Z
2026-08-27T00:55:09Z,2026-08-27T02:55:09+0200,9e257938-0a8b-4b8b-95d2-ab80972bdbbd,2026-08-07T18:00:00Z,2026-08-07T20:00:00+0200,2178.056,MW,DE,DE_LU,actual_solar_generation,Solar,2026-08-27T00:57:27Z
2026-08-27T00:55:09Z,2026-08-27T02:55:09+0200,9e257938-0a8b-4b8b-95d2-ab80972bdbbd,2026-08-07T18:15:00Z,2026-08-07T20:15:00+0200,1181.645,MW,DE,DE_LU,actual_solar_generation,Solar,2026-08-27T00:57:27Z
2026-08-27T00:55:09Z,2026-08-27T02:55:09+0200,9e257938-0a8b-4b8b-95d2-ab80972bdbbd,2026-08-07T18:30:00Z,2026-08-07T20:30:00+0200,465.157,MW,DE,DE_LU,actual_solar_generation,Solar,2026-08-27T00:57:27Z
2026-08-27T00:55:09Z,2026-08-27T02:55:09+0200,9e257938-0a8b-4b8b-95d2-ab80972bdbbd,2026-08-07T18:45:00Z,2026-08-07T20:45:00+0200,126.964,MW,DE,DE_LU,actual_solar_generation,Solar,2026-08-27T00:57:27Z
2026-08-27T00:55:09Z,2026-08-27T02:55:09+0200,9e257938-0a8b-4b8b-95d2-ab80972bdbbd,2026-08-07T19:00:00Z,2026-08-07T21:00:00+0200,15.659,MW,DE,DE_LU,actual_solar_generation,Solar,2026-08-27T00:57:27Z
2026-08-27T00:55:09Z,2026-08-27T02:55:09+0200,9e257938-0a8b-4b8b-95d2-ab80972bdbbd,2026-08-07T19:15:00Z,2026-08-07T21:15:00+0200,3.331,MW,DE,DE_LU,actual_solar_generation,Solar,2026-08-27T00:57:27Z
2026-08-27T00:55:09Z,2026-08-27T02:55:09+0200,9e257938-0a8b-4b8b-95d2-ab80972bdbbd,2026-08-07T19:30:00Z,2026-08-07T21:30:00+0200,0.312,MW,DE,DE_LU,actual_solar_generation,Solar,2026-08-27T00:57:27Z
2026-08-27T00:55:09Z,2026-08-27T02:55:09+0200,9e257938-0a8b-4b8b-95d2-ab80972bdbbd,2026-08-07T19:45:00Z,2026-08-07T21:45:00+0200,0.255,MW,DE,DE_LU,actual_solar_generation,Solar,2026-08-27T00:57:27Z
2026-08-27T00:55:09Z,2026-08-27T02:55:09+0200,9e257938-0a8b-4b8b-95d2-ab80972bdbbd,2026-08-07T20:00:00Z,2026-08-07T22:00:00+0200,0.248,MW,DE,DE_LU,actual_solar_generation,Solar,2026-08-27T00:57:27Z
2026-08-27T00:55:09Z,2026-08-27T02:55:09+0200,9e257938-0a8b-4b8b-95d2-ab80972bdbbd,2026-08-07T20:15:00Z,2026-08-07T22:15:00+0200,0.24,MW,DE,DE_LU,actual_solar_generation,Solar,2026-08-27T00:57:27Z
2026-08-27T00:55:09Z,2026-08-27T02:55:09+0200,9e257938-0a8b-4b8b-95d2-ab80972bdbbd,2026-08-07T20:30:00Z,2026-08-07T22:30:00+0200,0.224,MW,DE,DE_LU,actual_solar_generation,Solar,2026-08-27T00:57:27Z
2026-08-27T00:55:09Z,2026-08-27T02:55:09+0200,9e257938-0a8b-4b8b-95d2-ab80972bdbbd,2026-08-07T20:45:00Z,2026-08-07T22:45:00+0200,0.197,MW,DE,DE_LU,actual_solar_generation,Solar,2026-08-27T00:57:27Z
2026-08-27T00:55:09Z,2026-08-27T02:55:09+0200,9e257938-0a8b-4b8b-95d2-ab80972bdbbd,2026-08-07T21:00:00Z,2026-08-07T23:00:00+0200,0.19,MW,DE,DE_LU,actual_solar_generation,Solar,2026-08-27T00:57:27Z
2026-08-27T00:55:09Z,2026-08-27T02:55:09+0200,9e257938-0a8b-4b8b-95d2-ab80972bdbbd,2026-08-07T21:15:00Z,2026-08-07T23:15:00+0200,0.194,MW,DE,DE_LU,actual_solar_generation,Solar,2026-08-27T00:57:27Z
2026-08-27T00:55:09Z,2026-08-27T02:55:09+0200,9e257938-0a8b-4b8b-95d2-ab80972bdbbd,2026-08-07T21:30:00Z,2026-08-07T23:30:00+0200,0.185,MW,DE,DE_LU,actual_solar_generation,Solar,2026-08-27T00:57:27Z
2026-08-27T00:55:09Z,2026-08-27T02:55:09+0200,9e257938-0a8b-4b8b-95d2-ab80972bdbbd,2026-08-07T21:45:00Z,2026-08-07T23:45:00+0200,0.169,MW,DE,DE_LU,actual_solar_generation,Solar,2026-08-27T00:57:27Z
2026-08-27T00:55:09Z,2026-08-27T02:55:09+0200,9e257938-0a8b-4b8b-95d2-ab80972bdbbd,2026-08-07T22:00:00Z,2026-08-08T00:00:00+0200,0.166,MW,DE,DE_LU,actual_solar_generation,Solar,2026-08-27T00:57:27Z
2026-08-27T00:55:09Z,2026-08-27T02:55:09+0200,9e257938-0a8b-4b8b-95d2-ab80972bdbbd,2026-08-07T22:15:00Z,2026-08-08T00:15:00+0200,0.146,MW,DE,DE_LU,actual_solar_generation,Solar,2026-08-27T00:57:27Z
2026-08-27T00:55:09Z,2026-08-27T02:55:09+0200,9e257938-0a8b-4b8b-95d2-ab80972bdbbd,2026-08-07T22:30:00Z,2026-08-08T00:30:00+0200,0.135,MW,DE,DE_LU,actual_solar_generation,Solar,2026-08-27T00:57:27Z
2026-08-27T00:55:09Z,2026-08-27T02:55:09+0200,9e257938-0a8b-4b8b-95d2-ab80972bdbbd,2026-08-07T22:45:00Z,2026-08-08T00:45:00+0200,0.119,MW,DE,DE_LU,actual_solar_generation,Solar,2026-08-27T00:57:27Z
2026-08-27T00:55:09Z,2026-08-27T02:55:09+0200,9e257938-0a8b-4b8b-95d2-ab80972bdbbd,2026-08-07T23:00:00Z,2026-08-08T01:00:00+0200,0.11,MW,DE,DE_LU,actual_solar_generation,Solar,2026-08-27T00:57:27Z
2026-08-27T00:55:09Z,2026-08-27T02:55:09+0200,9e257938-0a8b-4b8b-95d2-ab80972bdbbd,2026-08-07T23:15:00Z,2026-08-08T01:15:00+0200,0.109,MW,DE,DE_LU,actual_solar_generation,Solar,2026-08-27T00:57:27Z
2026-08-27T00:55:09Z,2026-08-27T02:55:09+0200,9e257938-0a8b-4b8b-95d2-ab80972bdbbd,2026-08-07T23:30:00Z,2026-08-08T01:30:00+0200,0.111,MW,DE,DE_LU,actual_solar_generation,Solar,2026-08-27T00:57:27Z
2026-08-27T00:55:09Z,2026-08-27T02:55:09+0200,9e257938-0a8b-4b8b-95d2-ab80972bdbbd,2026-08-07T23:45:00Z,2026-08-08T01:45:00+0200,0.108,MW,DE,DE_LU,actual_solar_generation,Solar,2026-08-27T00:57:27Z
2026-08-27T00:55:09Z,2026-08-27T02:55:09+0200,9e257938-0a8b-4b8b-95d2-ab80972bdbbd,2026-08-08T00:00:00Z,2026-08-08T02:00:00+0200,0.112,MW,DE,DE_LU,actual_solar_generation,Solar,2026-08-27T00:57:27Z
2026-08-27T00:55:09Z,2026-08-27T02:55:09+0200,9e257938-0a8b-4b8b-95d2-ab80972bdbbd,2026-08-08T00:15:00Z,2026-08-08T02:15:00+0200,0.106,MW,DE,DE_LU,actual_solar_generation,Solar,2026-08-27T00:57:27Z
2026-08-27T00:55:09Z,2026-08-27T02:55:09+0200,9e257938-0a8b-4b8b-95d2-ab80972bdbbd,2026-08-08T00:30:00Z,2026-08-08T02:30:00+0200,0.098,MW,DE,DE_LU,actual_solar_generation,Solar,2026-08-27T00:57:27Z
2026-08-27T00:55:09Z,2026-08-27T02:55:09+0200,9e257938-0a8b-4b8b-95d2-ab80972bdbbd,2026-08-08T00:45:00Z,2026-08-08T02:45:00+0200,0.098,MW,DE,DE_LU,actual_solar_generation,Solar,2026-08-27T00:57:27Z
2026-08-27T00:55:09Z,2026-08-27T02:55:09+0200,9e257938-0a8b-4b8b-95d2-ab80972bdbbd,2026-08-08T01:00:00Z,2026-08-08T03:00:00+0200,0.094,MW,DE,DE_LU,actual_solar_generation,Solar,2026-08-27T00:57:27Z
2026-08-27T00:55:09Z,2026-08-27T02:55:09+0200,9e257938-0a8b-4b8b-95d2-ab80972bdbbd,2026-08-08T01:15:00Z,2026-08-08T03:15:00+0200,0.077,MW,DE,DE_LU,actual_solar_generation,Solar,2026-08-27T00:57:27Z
2026-08-27T00:55:09Z,2026-08-27T02:55:09+0200,9e257938-0a8b-4b8b-95d2-ab80972bdbbd,2026-08-08T01:30:00Z,2026-08-08T03:30:00+0200,0.081,MW,DE,DE_LU,actual_solar_generation,Solar,2026-08-27T00:57:27Z
2026-08-27T00:55:09Z,2026-08-27T02:55:09+0200,9e257938-0a8b-4b8b-95d2-ab80972bdbbd,2026-08-08T01:45:00Z,2026-08-08T03:45:00+0200,0.068,MW,DE,DE_LU,actual_solar_generation,Solar,2026-08-27T00:57:27Z
2026-08-27T00:55:09Z,2026-08-27T02:55:09+0200,9e257938-0a8b-4b8b-95d2-ab80972bdbbd,2026-08-08T02:00:00Z,2026-08-08T04:00:00+0200,0.067,MW,DE,DE_LU,actual_solar_generation,Solar,2026-08-27T00:57:27Z
2026-08-27T00:55:09Z,2026-08-27T02:55:09+0200,9e257938-0a8b-4b8b-95d2-ab80972bdbbd,2026-08-08T02:15:00Z,2026-08-08T04:15:00+0200,0.065,MW,DE,DE_LU,actual_solar_generation,Solar,2026-08-27T00:57:27Z
2026-08-27T00:55:09Z,2026-08-27T02:55:09+0200,9e257938-0a8b-4b8b-95d2-ab80972bdbbd,2026-08-08T02:30:00Z,2026-08-08T04:30:00+0200,0.061,MW,DE,DE_LU,actual_solar_generation,Solar,2026-08-27T00:57:27Z
2026-08-27T00:55:09Z,2026-08-27T02:55:09+0200,9e257938-0a8b-4b8b-95d2-ab80972bdbbd,2026-08-08T02:45:00Z,2026-08-08T04:45:00+0200,0.065,MW,DE,DE_LU,actual_solar_generation,Solar,2026-08-27T00:57:27Z
2026-08-27T00:55:09Z,2026-08-27T02:55:09+0200,9e257938-0a8b-4b8b-95d2-ab80972bdbbd,2026-08-08T03:00:00Z,2026-08-08T05:00:00+0200,0.073,MW,DE,DE_LU,actual_solar_generation,Solar,2026-08-27T00:57:27Z
2026-08-27T00:55:09Z,2026-08-27T02:55:09+0200,9e257938-0a8b-4b8b-95d2-ab80972bdbbd,2026-08-08T03:15:00Z,2026-08-08T05:15:00+0200,0.497,MW,DE,DE_LU,actual_solar_generation,Solar,2026-08-27T00:57:27Z
2026-08-27T00:55:09Z,2026-08-27T02:55:09+0200,9e257938-0a8b-4b8b-95d2-ab80972bdbbd,2026-08-08T03:30:00Z,2026-08-08T05:30:00+0200,8.14,MW,DE,DE_LU,actual_solar_generation,Solar,2026-08-27T00:57:27Z
2026-08-27T00:55:09Z,2026-08-27T02:55:09+0200,9e257938-0a8b-4b8b-95d2-ab80972bdbbd,2026-08-08T03:45:00Z,2026-08-08T05:45:00+0200,74.252,MW,DE,DE_LU,actual_solar_generation,Solar,2026-08-27T00:57:27Z
2026-08-27T00:55:09Z,2026-08-27T02:55:09+0200,9e257938-0a8b-4b8b-95d2-ab80972bdbbd,2026-08-08T04:00:00Z,2026-08-08T06:00:00+0200,342.099,MW,DE,DE_LU,actual_solar_generation,Solar,2026-08-27T00:57:27Z
2026-08-27T00:55:09Z,2026-08-27T02:55:09+0200,9e257938-0a8b-4b8b-95d2-ab80972bdbbd,2026-08-08T04:15:00Z,2026-08-08T06:15:00+0200,1162.077,MW,DE,DE_LU,actual_solar_generation,Solar,2026-08-27T00:57:27Z
2026-08-27T00:55:09Z,2026-08-27T02:55:09+0200,9e257938-0a8b-4b8b-95d2-ab80972bdbbd,2026-08-08T04:30:00Z,2026-08-08T06:30:00+0200,2345.97,MW,DE,DE_LU,actual_solar_generation,Solar,2026-08-27T00:57:27Z
2026-08-27T00:55:09Z,2026-08-27T02:55:09+0200,9e257938-0a8b-4b8b-95d2-ab80972bdbbd,2026-08-08T04:45:00Z,2026-08-08T06:45:00+0200,3879.475,MW,DE,DE_LU,actual_solar_generation,Solar,2026-08-27T00:57:27Z
2026-08-27T00:55:09Z,2026-08-27T02:55:09+0200,9e257938-0a8b-4b8b-95d2-ab80972bdbbd,2026-08-08T05:00:00Z,2026-08-08T07:00:00+0200,5864.202,MW,DE,DE_LU,actual_solar_generation,Solar,2026-08-27T00:57:27Z
2026-08-27T00:55:09Z,2026-08-27T02:55:09+0200,9e257938-0a8b-4b8b-95d2-ab80972bdbbd,2026-08-08T05:15:00Z,2026-08-08T07:15:00+0200,8309.662,MW,DE,DE_LU,actual_solar_generation,Solar,2026-08-27T00:57:27Z
2026-08-27T00:55:09Z,2026-08-27T02:55:09+0200,9e257938-0a8b-4b8b-95d2-ab80972bdbbd,2026-08-08T05:30:00Z,2026-08-08T07:30:00+0200,11096.676,MW,DE,DE_LU,actual_solar_generation,Solar,2026-08-27T00:57:27Z
2026-08-27T00:55:09Z,2026-08-27T02:55:09+0200,9e257938-0a8b-4b8b-95d2-ab80972bdbbd,2026-08-08T05:45:00Z,2026-08-08T07:45:00+0200,14302.97,MW,DE,DE_LU,actual_solar_generation,Solar,2026-08-27T00:57:27Z
2026-08-27T00:55:09Z,2026-08-27T02:55:09+0200,9e257938-0a8b-4b8b-95d2-ab80972bdbbd,2026-08-08T06:00:00Z,2026-08-08T08:00:00+0200,17792.343,MW,DE,DE_LU,actual_solar_generation,Solar,2026-08-27T00:57:27Z
2026-08-27T00:55:09Z,2026-08-27T02:55:09+0200,9e257938-0a8b-4b8b-95d2-ab80972bdbbd,2026-08-08T06:15:00Z,2026-08-08T08:15:00+0200,21474.403,MW,DE,DE_LU,actual_solar_generation,Solar,2026-08-27T00:57:27Z
2026-08-27T00:55:09Z,2026-08-27T02:55:09+0200,9e257938-0a8b-4b8b-95d2-ab80972bdbbd,2026-08-08T06:30:00Z,2026-08-08T08:30:00+0200,25159.086,MW,DE,DE_LU,actual_solar_generation,Solar,2026-08-27T00:57:27Z
2026-08-27T00:55:09Z,2026-08-27T02:55:09+0200,9e257938-0a8b-4b8b-95d2-ab80972bdbbd,2026-08-08T06:45:00Z,2026-08-08T08:45:00+0200,28769.592,MW,DE,DE_LU,actual_solar_generation,Solar,2026-08-27T00:57:27Z
2026-08-27T00:55:09Z,2026-08-27T02:55:09+0200,9e257938-0a8b-4b8b-95d2-ab80972bdbbd,2026-08-08T07:00:00Z,2026-08-08T09:00:00+0200,32245.096,MW,DE,DE_LU,actual_solar_generation,Solar,2026-08-27T00:57:27Z
2026-08-27T00:55:09Z,2026-08-27T02:55:09+0200,9e257938-0a8b-4b8b-95d2-ab80972bdbbd,2026-08-08T07:15:00Z,2026-08-08T09:15:00+0200,35645.9,MW,DE,DE_LU,actual_solar_generation,Solar,2026-08-27T00:57:27Z
2026-08-27T00:55:09Z,2026-08-27T02:55:09+0200,9e257938-0a8b-4b8b-95d2-ab80972bdbbd,2026-08-08T07:30:00Z,2026-08-08T09:30:00+0200,38708.14,MW,DE,DE_LU,actual_solar_generation,Solar,2026-08-27T00:57:27Z
2026-08-27T00:55:09Z,2026-08-27T02:55:09+0200,9e257938-0a8b-4b8b-95d2-ab80972bdbbd,2026-08-08T07:45:00Z,2026-08-08T09:45:00+0200,41363.851,MW,DE,DE_LU,actual_solar_generation,Solar,2026-08-27T00:57:27Z
2026-08-27T00:55:09Z,2026-08-27T02:55:09+0200,9e257938-0a8b-4b8b-95d2-ab80972bdbbd,2026-08-08T08:00:00Z,2026-08-08T10:00:00+0200,43999.789,MW,DE,DE_LU,actual_solar_generation,Solar,2026-08-27T00:57:27Z
2026-08-27T00:55:09Z,2026-08-27T02:55:09+0200,9e257938-0a8b-4b8b-95d2-ab80972bdbbd,2026-08-08T08:15:00Z,2026-08-08T10:15:00+0200,46133.768,MW,DE,DE_LU,actual_solar_generation,Solar,2026-08-27T00:57:27Z
2026-08-27T00:55:09Z,2026-08-27T02:55:09+0200,9e257938-0a8b-4b8b-95d2-ab80972bdbbd,2026-08-08T08:30:00Z,2026-08-08T10:30:00+0200,47219.794,MW,DE,DE_LU,actual_solar_generation,Solar,2026-08-27T00:57:27Z
2026-08-27T00:55:09Z,2026-08-27T02:55:09+0200,9e257938-0a8b-4b8b-95d2-ab80972bdbbd,2026-08-08T08:45:00Z,2026-08-08T10:45:00+0200,47461.134,MW,DE,DE_LU,actual_solar_generation,Solar,2026-08-27T00:57:27Z
2026-08-27T00:55:09Z,2026-08-27T02:55:09+0200,9e257938-0a8b-4b8b-95d2-ab80972bdbbd,2026-08-08T09:00:00Z,2026-08-08T11:00:00+0200,48000.514,MW,DE,DE_LU,actual_solar_generation,Solar,2026-08-27T00:57:27Z
2026-08-27T00:55:09Z,2026-08-27T02:55:09+0200,9e257938-0a8b-4b8b-95d2-ab80972bdbbd,2026-08-08T09:15:00Z,2026-08-08T11:15:00+0200,49468.048,MW,DE,DE_LU,actual_solar_generation,Solar,2026-08-27T00:57:27Z
2026-08-27T00:55:09Z,2026-08-27T02:55:09+0200,9e257938-0a8b-4b8b-95d2-ab80972bdbbd,2026-08-08T09:30:00Z,2026-08-08T11:30:00+0200,50497.921,MW,DE,DE_LU,actual_solar_generation,Solar,2026-08-27T00:57:27Z
2026-08-27T00:55:09Z,2026-08-27T02:55:09+0200,9e257938-0a8b-4b8b-95d2-ab80972bdbbd,2026-08-08T09:45:00Z,2026-08-08T11:45:00+0200,51258.002,MW,DE,DE_LU,actual_solar_generation,Solar,2026-08-27T00:57:27Z
2026-08-27T00:55:09Z,2026-08-27T02:55:09+0200,9e257938-0a8b-4b8b-95d2-ab80972bdbbd,2026-08-08T10:00:00Z,2026-08-08T12:00:00+0200,51264.276,MW,DE,DE_LU,actual_solar_generation,Solar,2026-08-27T00:57:27Z
2026-08-27T00:55:09Z,2026-08-27T02:55:09+0200,9e257938-0a8b-4b8b-95d2-ab80972bdbbd,2026-08-08T10:15:00Z,2026-08-08T12:15:00+0200,51602.295,MW,DE,DE_LU,actual_solar_generation,Solar,2026-08-27T00:57:27Z
2026-08-27T00:55:09Z,2026-08-27T02:55:09+0200,9e257938-0a8b-4b8b-95d2-ab80972bdbbd,2026-08-08T10:30:00Z,2026-08-08T12:30:00+0200,51763.462,MW,DE,DE_LU,actual_solar_generation,Solar,2026-08-27T00:57:27Z
2026-08-27T00:55:09Z,2026-08-27T02:55:09+0200,9e257938-0a8b-4b8b-95d2-ab80972bdbbd,2026-08-08T10:45:00Z,2026-08-08T12:45:00+0200,51789.694,MW,DE,DE_LU,actual_solar_generation,Solar,2026-08-27T00:57:27Z
2026-08-27T00:55:09Z,2026-08-27T02:55:09+0200,9e257938-0a8b-4b8b-95d2-ab80972bdbbd,2026-08-08T11:00:00Z,2026-08-08T13:00:00+0200,51696.262,MW,DE,DE_LU,actual_solar_generation,Solar,2026-08-27T00:57:27Z
2026-08-27T00:55:09Z,2026-08-27T02:55:09+0200,9e257938-0a8b-4b8b-95d2-ab80972bdbbd,2026-08-08T11:15:00Z,2026-08-08T13:15:00+0200,51852.583,MW,DE,DE_LU,actual_solar_generation,Solar,2026-08-27T00:57:27Z
2026-08-27T00:55:09Z,2026-08-27T02:55:09+0200,9e257938-0a8b-4b8b-95d2-ab80972bdbbd,2026-08-08T11:30:00Z,2026-08-08T13:30:00+0200,51664.486,MW,DE,DE_LU,actual_solar_generation,Solar,2026-08-27T00:57:27Z
2026-08-27T00:55:09Z,2026-08-27T02:55:09+0200,9e257938-0a8b-4b8b-95d2-ab80972bdbbd,2026-08-08T11:45:00Z,2026-08-08T13:45:00+0200,51086.152,MW,DE,DE_LU,actual_solar_generation,Solar,2026-08-27T00:57:27Z
2026-08-27T00:55:09Z,2026-08-27T02:55:09+0200,9e257938-0a8b-4b8b-95d2-ab80972bdbbd,2026-08-08T12:00:00Z,2026-08-08T14:00:00+0200,50488.254,MW,DE,DE_LU,actual_solar_generation,Solar,2026-08-27T00:57:27Z
2026-08-27T00:55:09Z,2026-08-27T02:55:09+0200,9e257938-0a8b-4b8b-95d2-ab80972bdbbd,2026-08-08T12:15:00Z,2026-08-08T14:15:00+0200,49674.744,MW,DE,DE_LU,actual_solar_generation,Solar,2026-08-27T00:57:27Z
2026-08-27T00:55:09Z,2026-08-27T02:55:09+0200,9e257938-0a8b-4b8b-95d2-ab80972bdbbd,2026-08-08T12:30:00Z,2026-08-08T14:30:00+0200,49597.904,MW,DE,DE_LU,actual_solar_generation,Solar,2026-08-27T00:57:27Z
2026-08-27T00:55:09Z,2026-08-27T02:55:09+0200,9e257938-0a8b-4b8b-95d2-ab80972bdbbd,2026-08-08T12:45:00Z,2026-08-08T14:45:00+0200,48813.251,MW,DE,DE_LU,actual_solar_generation,Solar,2026-08-27T00:57:27Z
2026-08-27T00:55:09Z,2026-08-27T02:55:09+0200,9e257938-0a8b-4b8b-95d2-ab80972bdbbd,2026-08-08T13:00:00Z,2026-08-08T15:00:00+0200,48304.044,MW,DE,DE_LU,actual_solar_generation,Solar,2026-08-27T00:57:27Z
2026-08-27T00:55:09Z,2026-08-27T02:55:09+0200,9e257938-0a8b-4b8b-95d2-ab80972bdbbd,2026-08-08T13:15:00Z,2026-08-08T15:15:00+0200,47055.973,MW,DE,DE_LU,actual_solar_generation,Solar,2026-08-27T00:57:27Z
2026-08-27T00:55:09Z,2026-08-27T02:55:09+0200,9e257938-0a8b-4b8b-95d2-ab80972bdbbd,2026-08-08T13:30:00Z,2026-08-08T15:30:00+0200,45715.028,MW,DE,DE_LU,actual_solar_generation,Solar,2026-08-27T00:57:27Z
2026-08-27T00:55:09Z,2026-08-27T02:55:09+0200,9e257938-0a8b-4b8b-95d2-ab80972bdbbd,2026-08-08T13:45:00Z,2026-08-08T15:45:00+0200,44519.821,MW,DE,DE_LU,actual_solar_generation,Solar,2026-08-27T00:57:27Z
2026-08-27T00:55:09Z,2026-08-27T02:55:09+0200,9e257938-0a8b-4b8b-95d2-ab80972bdbbd,2026-08-08T14:00:00Z,2026-08-08T16:00:00+0200,43250.126,MW,DE,DE_LU,actual_solar_generation,Solar,2026-08-27T00:57:27Z
2026-08-27T00:55:09Z,2026-08-27T02:55:09+0200,9e257938-0a8b-4b8b-95d2-ab80972bdbbd,2026-08-08T14:15:00Z,2026-08-08T16:15:00+0200,42086.605,MW,DE,DE_LU,actual_solar_generation,Solar,2026-08-27T00:57:27Z
2026-08-27T00:55:09Z,2026-08-27T02:55:09+0200,9e257938-0a8b-4b8b-95d2-ab80972bdbbd,2026-08-08T14:30:00Z,2026-08-08T16:30:00+0200,39019.703,MW,DE,DE_LU,actual_solar_generation,Solar,2026-08-27T00:57:27Z
2026-08-27T00:55:09Z,2026-08-27T02:55:09+0200,9e257938-0a8b-4b8b-95d2-ab80972bdbbd,2026-08-08T14:45:00Z,2026-08-08T16:45:00+0200,38023.084,MW,DE,DE_LU,actual_solar_generation,Solar,2026-08-27T00:57:27Z
2026-08-27T00:55:09Z,2026-08-27T02:55:09+0200,9e257938-0a8b-4b8b-95d2-ab80972bdbbd,2026-08-08T15:00:00Z,2026-08-08T17:00:00+0200,37416.029,MW,DE,DE_LU,actual_solar_generation,Solar,2026-08-27T00:57:27Z
2026-08-27T00:55:09Z,2026-08-27T02:55:09+0200,9e257938-0a8b-4b8b-95d2-ab80972bdbbd,2026-08-08T15:15:00Z,2026-08-08T17:15:00+0200,34583.752,MW,DE,DE_LU,actual_solar_generation,Solar,2026-08-27T00:57:27Z
2026-08-27T00:55:09Z,2026-08-27T02:55:09+0200,9e257938-0a8b-4b8b-95d2-ab80972bdbbd,2026-08-08T15:30:00Z,2026-08-08T17:30:00+0200,31367.7,MW,DE,DE_LU,actual_solar_generation,Solar,2026-08-27T00:57:27Z
2026-08-27T00:55:09Z,2026-08-27T02:55:09+0200,9e257938-0a8b-4b8b-95d2-ab80972bdbbd,2026-08-08T15:45:00Z,2026-08-08T17:45:00+0200,27919.454,MW,DE,DE_LU,actual_solar_generation,Solar,2026-08-27T00:57:27Z
2026-08-27T00:55:09Z,2026-08-27T02:55:09+0200,9e257938-0a8b-4b8b-95d2-ab80972bdbbd,2026-08-08T16:00:00Z,2026-08-08T18:00:00+0200,24302.823,MW,DE,DE_LU,actual_solar_generation,Solar,2026-08-27T00:57:27Z
2026-08-27T00:55:09Z,2026-08-27T02:55:09+0200,9e257938-0a8b-4b8b-95d2-ab80972bdbbd,2026-08-08T16:15:00Z,2026-08-08T18:15:00+0200,20718.364,MW,DE,DE_LU,actual_solar_generation,Solar,2026-08-27T00:57:27Z
2026-08-27T00:55:09Z,2026-08-27T02:55:09+0200,9e257938-0a8b-4b8b-95d2-ab80972bdbbd,2026-08-08T16:30:00Z,2026-08-08T18:30:00+0200,17168.814,MW,DE,DE_LU,actual_solar_generation,Solar,2026-08-27T00:57:27Z
2026-08-27T00:55:09Z,2026-08-27T02:55:09+0200,9e257938-0a8b-4b8b-95d2-ab80972bdbbd,2026-08-08T16:45:00Z,2026-08-08T18:45:00+0200,13806.383,MW,DE,DE_LU,actual_solar_generation,Solar,2026-08-27T00:57:27Z
2026-08-27T00:55:09Z,2026-08-27T02:55:09+0200,9e257938-0a8b-4b8b-95d2-ab80972bdbbd,2026-08-08T17:00:00Z,2026-08-08T19:00:00+0200,10753.608,MW,DE,DE_LU,actual_solar_generation,Solar,2026-08-27T00:57:27Z
2026-08-27T00:55:09Z,2026-08-27T02:55:09+0200,9e257938-0a8b-4b8b-95d2-ab80972bdbbd,2026-08-08T17:15:00Z,2026-08-08T19:15:00+0200,7978.97,MW,DE,DE_LU,actual_solar_generation,Solar,2026-08-27T00:57:27Z
2026-08-27T00:55:09Z,2026-08-27T02:55:09+0200,9e257938-0a8b-4b8b-95d2-ab80972bdbbd,2026-08-08T17:30:00Z,2026-08-08T19:30:00+0200,5583.183,MW,DE,DE_LU,actual_solar_generation,Solar,2026-08-27T00:57:27Z
2026-08-27T00:55:09Z,2026-08-27T02:55:09+0200,9e257938-0a8b-4b8b-95d2-ab80972bdbbd,2026-08-08T17:45:00Z,2026-08-08T19:45:00+0200,3664.453,MW,DE,DE_LU,actual_solar_generation,Solar,2026-08-27T00:57:27Z
2026-08-27T00:55:09Z,2026-08-27T02:55:09+0200,9e257938-0a8b-4b8b-95d2-ab80972bdbbd,2026-08-08T18:00:00Z,2026-08-08T20:00:00+0200,2188.049,MW,DE,DE_LU,actual_solar_generation,Solar,2026-08-27T00:57:27Z
2026-08-27T00:55:09Z,2026-08-27T02:55:09+0200,9e257938-0a8b-4b8b-95d2-ab80972bdbbd,2026-08-08T18:15:00Z,2026-08-08T20:15:00+0200,1067.19,MW,DE,DE_LU,actual_solar_generation,Solar,2026-08-27T00:57:27Z
2026-08-27T00:55:09Z,2026-08-27T02:55:09+0200,9e257938-0a8b-4b8b-95d2-ab80972bdbbd,2026-08-08T18:30:00Z,2026-08-08T20:30:00+0200,383.467,MW,DE,DE_LU,actual_solar_generation,Solar,2026-08-27T00:57:27Z
2026-08-27T00:55:09Z,2026-08-27T02:55:09+0200,9e257938-0a8b-4b8b-95d2-ab80972bdbbd,2026-08-08T18:45:00Z,2026-08-08T20:45:00+0200,85.46,MW,DE,DE_LU,actual_solar_generation,Solar,2026-08-27T00:57:27Z
2026-08-27T00:55:09Z,2026-08-27T02:55:09+0200,9e257938-0a8b-4b8b-95d2-ab80972bdbbd,2026-08-08T19:00:00Z,2026-08-08T21:00:00+0200,8.736,MW,DE,DE_LU,actual_solar_generation,Solar,2026-08-27T00:57:27Z
2026-08-27T00:55:09Z,2026-08-27T02:55:09+0200,9e257938-0a8b-4b8b-95d2-ab80972bdbbd,2026-08-08T19:15:00Z,2026-08-08T21:15:00+0200,1.844,MW,DE,DE_LU,actual_solar_generation,Solar,2026-08-27T00:57:27Z
2026-08-27T00:55:09Z,2026-08-27T02:55:09+0200,9e257938-0a8b-4b8b-95d2-ab80972bdbbd,2026-08-08T19:30:00Z,2026-08-08T21:30:00+0200,0.306,MW,DE,DE_LU,actual_solar_generation,Solar,2026-08-27T00:57:27Z
2026-08-27T00:55:09Z,2026-08-27T02:55:09+0200,9e257938-0a8b-4b8b-95d2-ab80972bdbbd,2026-08-08T19:45:00Z,2026-08-08T21:45:00+0200,0.263,MW,DE,DE_LU,actual_solar_generation,Solar,2026-08-27T00:57:27Z
2026-08-27T00:55:09Z,2026-08-27T02:55:09+0200,9e257938-0a8b-4b8b-95d2-ab80972bdbbd,2026-08-08T20:00:00Z,2026-08-08T22:00:00+0200,0.3,MW,DE,DE_LU,actual_solar_generation,Solar,2026-08-27T00:57:27Z
2026-08-27T00:55:09Z,2026-08-27T02:55:09+0200,9e257938-0a8b-4b8b-95d2-ab80972bdbbd,2026-08-08T20:15:00Z,2026-08-08T22:15:00+0200,0.25,MW,DE,DE_LU,actual_solar_generation,Solar,2026-08-27T00:57:27Z
2026-08-27T00:55:09Z,2026-08-27T02:55:09+0200,9e257938-0a8b-4b8b-95d2-ab80972bdbbd,2026-08-08T20:30:00Z,2026-08-08T22:30:00+0200,0.235,MW,DE,DE_LU,actual_solar_generation,Solar,2026-08-27T00:57:27Z
2026-08-27T00:55:09Z,2026-08-27T02:55:09+0200,9e257938-0a8b-4b8b-95d2-ab80972bdbbd,2026-08-08T20:45:00Z,2026-08-08T22:45:00+0200,0.224,MW,DE,DE_LU,actual_solar_generation,Solar,2026-08-27T00:57:27Z
2026-08-27T00:55:09Z,2026-08-27T02:55:09+0200,9e257938-0a8b-4b8b-95d2-ab80972bdbbd,2026-08-08T21:00:00Z,2026-08-08T23:00:00+0200,0.208,MW,DE,DE_LU,actual_solar_generation,Solar,2026-08-27T00:57:27Z
2026-08-27T00:55:09Z,2026-08-27T02:55:09+0200,9e257938-0a8b-4b8b-95d2-ab80972bdbbd,2026-08-08T21:15:00Z,2026-08-08T23:15:00+0200,0.2,MW,DE,DE_LU,actual_solar_generation,Solar,2026-08-27T00:57:27Z
2026-08-27T00:55:09Z,2026-08-27T02:55:09+0200,9e257938-0a8b-4b8b-95d2-ab80972bdbbd,2026-08-08T21:30:00Z,2026-08-08T23:30:00+0200,0.188,MW,DE,DE_LU,actual_solar_generation,Solar,2026-08-27T00:57:27Z
2026-08-27T00:55:09Z,2026-08-27T02:55:09+0200,9e257938-0a8b-4b8b-95d2-ab80972bdbbd,2026-08-08T21:45:00Z,2026-08-08T23:45:00+0200,0.156,MW,DE,DE_LU,actual_solar_generation,Solar,2026-08-27T00:57:27Z
2026-08-27T00:55:09Z,2026-08-27T02:55:09+0200,9e257938-0a8b-4b8b-95d2-ab80972bdbbd,2026-08-08T22:00:00Z,2026-08-09T00:00:00+0200,0.163,MW,DE,DE_LU,actual_solar_generation,Solar,2026-08-27T00:57:27Z
2026-08-27T00:55:09Z,2026-08-27T02:55:09+0200,9e257938-0a8b-4b8b-95d2-ab80972bdbbd,2026-08-08T22:15:00Z,2026-08-09T00:15:00+0200,0.153,MW,DE,DE_LU,actual_solar_generation,Solar,2026-08-27T00:57:27Z
2026-08-27T00:55:09Z,2026-08-27T02:55:09+0200,9e257938-0a8b-4b8b-95d2-ab80972bdbbd,2026-08-08T22:30:00Z,2026-08-09T00:30:00+0200,0.138,MW,DE,DE_LU,actual_solar_generation,Solar,2026-08-27T00:57:27Z
2026-08-27T00:55:09Z,2026-08-27T02:55:09+0200,9e257938-0a8b-4b8b-95d2-ab80972bdbbd,2026-08-08T22:45:00Z,2026-08-09T00:45:00+0200,0.127,MW,DE,DE_LU,actual_solar_generation,Solar,2026-08-27T00:57:27Z
2026-08-27T00:55:09Z,2026-08-27T02:55:09+0200,9e257938-0a8b-4b8b-95d2-ab80972bdbbd,2026-08-08T23:00:00Z,2026-08-09T01:00:00+0200,0.119,MW,DE,DE_LU,actual_solar_generation,Solar,2026-08-27T00:57:27Z
2026-08-27T00:55:09Z,2026-08-27T02:55:09+0200,9e257938-0a8b-4b8b-95d2-ab80972bdbbd,2026-08-08T23:15:00Z,2026-08-09T01:15:00+0200,0.111,MW,DE,DE_LU,actual_solar_generation,Solar,2026-08-27T00:57:27Z
2026-08-27T00:55:09Z,2026-08-27T02:55:09+0200,9e257938-0a8b-4b8b-95d2-ab80972bdbbd,2026-08-08T23:30:00Z,2026-08-09T01:30:00+0200,0.109,MW,DE,DE_LU,actual_solar_generation,Solar,2026-08-27T00:57:27Z
2026-08-27T00:55:09Z,2026-08-27T02:55:09+0200,9e257938-0a8b-4b8b-95d2-ab80972bdbbd,2026-08-08T23:45:00Z,2026-08-09T01:45:00+0200,0.103,MW,DE,DE_LU,actual_solar_generation,Solar,2026-08-27T00:57:27Z
2026-08-27T00:55:09Z,2026-08-27T02:55:09+0200,9e257938-0a8b-4b8b-95d2-ab80972bdbbd,2026-08-09T00:00:00Z,2026-08-09T02:00:00+0200,0.111,MW,DE,DE_LU,actual_solar_generation,Solar,2026-08-27T00:57:27Z
2026-08-27T00:55:09Z,2026-08-27T02:55:09+0200,9e257938-0a8b-4b8b-95d2-ab80972bdbbd,2026-08-09T00:15:00Z,2026-08-09T02:15:00+0200,0.111,MW,DE,DE_LU,actual_solar_generation,Solar,2026-08-27T00:57:27Z
2026-08-27T00:55:09Z,2026-08-27T02:55:09+0200,9e257938-0a8b-4b8b-95d2-ab80972bdbbd,2026-08-09T00:30:00Z,2026-08-09T02:30:00+0200,0.106,MW,DE,DE_LU,actual_solar_generation,Solar,2026-08-27T00:57:27Z
2026-08-27T00:55:09Z,2026-08-27T02:55:09+0200,9e257938-0a8b-4b8b-95d2-ab80972bdbbd,2026-08-09T00:45:00Z,2026-08-09T02:45:00+0200,0.091,MW,DE,DE_LU,actual_solar_generation,Solar,2026-08-27T00:57:27Z
2026-08-27T00:55:09Z,2026-08-27T02:55:09+0200,9e257938-0a8b-4b8b-95d2-ab80972bdbbd,2026-08-09T01:00:00Z,2026-08-09T03:00:00+0200,0.085,MW,DE,DE_LU,actual_solar_generation,Solar,2026-08-27T00:57:27Z
2026-08-27T00:55:09Z,2026-08-27T02:55:09+0200,9e257938-0a8b-4b8b-95d2-ab80972bdbbd,2026-08-09T01:15:00Z,2026-08-09T03:15:00+0200,0.077,MW,DE,DE_LU,actual_solar_generation,Solar,2026-08-27T00:57:27Z
2026-08-27T00:55:09Z,2026-08-27T02:55:09+0200,9e257938-0a8b-4b8b-95d2-ab80972bdbbd,2026-08-09T01:30:00Z,2026-08-09T03:30:00+0200,0.073,MW,DE,DE_LU,actual_solar_generation,Solar,2026-08-27T00:57:27Z
2026-08-27T00:55:09Z,2026-08-27T02:55:09+0200,9e257938-0a8b-4b8b-95d2-ab80972bdbbd,2026-08-09T01:45:00Z,2026-08-09T03:45:00+0200,0.087,MW,DE,DE_LU,actual_solar_generation,Solar,2026-08-27T00:57:27Z
2026-08-27T00:55:09Z,2026-08-27T02:55:09+0200,9e257938-0a8b-4b8b-95d2-ab80972bdbbd,2026-08-09T02:00:00Z,2026-08-09T04:00:00+0200,0.088,MW,DE,DE_LU,actual_solar_generation,Solar,2026-08-27T00:57:27Z
2026-08-27T00:55:09Z,2026-08-27T02:55:09+0200,9e257938-0a8b-4b8b-95d2-ab80972bdbbd,2026-08-09T02:15:00Z,2026-08-09T04:15:00+0200,0.077,MW,DE,DE_LU,actual_solar_generation,Solar,2026-08-27T00:57:27Z
2026-08-27T00:55:09Z,2026-08-27T02:55:09+0200,9e257938-0a8b-4b8b-95d2-ab80972bdbbd,2026-08-09T02:30:00Z,2026-08-09T04:30:00+0200,0.07,MW,DE,DE_LU,actual_solar_generation,Solar,2026-08-27T00:57:27Z
2026-08-27T00:55:09Z,2026-08-27T02:55:09+0200,9e257938-0a8b-4b8b-95d2-ab80972bdbbd,2026-08-09T02:45:00Z,2026-08-09T04:45:00+0200,0.062,MW,DE,DE_LU,actual_solar_generation,Solar,2026-08-27T00:57:27Z
2026-08-27T00:55:09Z,2026-08-27T02:55:09+0200,9e257938-0a8b-4b8b-95d2-ab80972bdbbd,2026-08-09T03:00:00Z,2026-08-09T05:00:00+0200,0.067,MW,DE,DE_LU,actual_solar_generation,Solar,2026-08-27T00:57:27Z
2026-08-27T00:55:09Z,2026-08-27T02:55:09+0200,9e257938-0a8b-4b8b-95d2-ab80972bdbbd,2026-08-09T03:15:00Z,2026-08-09T05:15:00+0200,0.293,MW,DE,DE_LU,actual_solar_generation,Solar,2026-08-27T00:57:27Z
2026-08-27T00:55:09Z,2026-08-27T02:55:09+0200,9e257938-0a8b-4b8b-95d2-ab80972bdbbd,2026-08-09T03:30:00Z,2026-08-09T05:30:00+0200,7.354,MW,DE,DE_LU,actual_solar_generation,Solar,2026-08-27T00:57:27Z
2026-08-27T00:55:09Z,2026-08-27T02:55:09+0200,9e257938-0a8b-4b8b-95d2-ab80972bdbbd,2026-08-09T03:45:00Z,2026-08-09T05:45:00+0200,65.753,MW,DE,DE_LU,actual_solar_generation,Solar,2026-08-27T00:57:27Z
2026-08-27T00:55:09Z,2026-08-27T02:55:09+0200,9e257938-0a8b-4b8b-95d2-ab80972bdbbd,2026-08-09T04:00:00Z,2026-08-09T06:00:00+0200,313.644,MW,DE,DE_LU,actual_solar_generation,Solar,2026-08-27T00:57:27Z
2026-08-27T00:55:09Z,2026-08-27T02:55:09+0200,9e257938-0a8b-4b8b-95d2-ab80972bdbbd,2026-08-09T04:15:00Z,2026-08-09T06:15:00+0200,1079.544,MW,DE,DE_LU,actual_solar_generation,Solar,2026-08-27T00:57:27Z
2026-08-27T00:55:09Z,2026-08-27T02:55:09+0200,9e257938-0a8b-4b8b-95d2-ab80972bdbbd,2026-08-09T04:30:00Z,2026-08-09T06:30:00+0200,2267.746,MW,DE,DE_LU,actual_solar_generation,Solar,2026-08-27T00:57:27Z
2026-08-27T00:55:09Z,2026-08-27T02:55:09+0200,9e257938-0a8b-4b8b-95d2-ab80972bdbbd,2026-08-09T04:45:00Z,2026-08-09T06:45:00+0200,3723.977,MW,DE,DE_LU,actual_solar_generation,Solar,2026-08-27T00:57:27Z
2026-08-27T00:55:09Z,2026-08-27T02:55:09+0200,9e257938-0a8b-4b8b-95d2-ab80972bdbbd,2026-08-09T05:00:00Z,2026-08-09T07:00:00+0200,5607.149,MW,DE,DE_LU,actual_solar_generation,Solar,2026-08-27T00:57:27Z
2026-08-27T00:55:09Z,2026-08-27T02:55:09+0200,9e257938-0a8b-4b8b-95d2-ab80972bdbbd,2026-08-09T05:15:00Z,2026-08-09T07:15:00+0200,7960.597,MW,DE,DE_LU,actual_solar_generation,Solar,2026-08-27T00:57:27Z
2026-08-27T00:55:09Z,2026-08-27T02:55:09+0200,9e257938-0a8b-4b8b-95d2-ab80972bdbbd,2026-08-09T05:30:00Z,2026-08-09T07:30:00+0200,10698.742,MW,DE,DE_LU,actual_solar_generation,Solar,2026-08-27T00:57:27Z
2026-08-27T00:55:09Z,2026-08-27T02:55:09+0200,9e257938-0a8b-4b8b-95d2-ab80972bdbbd,2026-08-09T05:45:00Z,2026-08-09T07:45:00+0200,13771.758,MW,DE,DE_LU,actual_solar_generation,Solar,2026-08-27T00:57:27Z
2026-08-27T00:55:09Z,2026-08-27T02:55:09+0200,9e257938-0a8b-4b8b-95d2-ab80972bdbbd,2026-08-09T06:00:00Z,2026-08-09T08:00:00+0200,17018.093,MW,DE,DE_LU,actual_solar_generation,Solar,2026-08-27T00:57:27Z
2026-08-27T00:55:09Z,2026-08-27T02:55:09+0200,9e257938-0a8b-4b8b-95d2-ab80972bdbbd,2026-08-09T06:15:00Z,2026-08-09T08:15:00+0200,20388.894,MW,DE,DE_LU,actual_solar_generation,Solar,2026-08-27T00:57:27Z
2026-08-27T00:55:09Z,2026-08-27T02:55:09+0200,9e257938-0a8b-4b8b-95d2-ab80972bdbbd,2026-08-09T06:30:00Z,2026-08-09T08:30:00+0200,23813.234,MW,DE,DE_LU,actual_solar_generation,Solar,2026-08-27T00:57:27Z
2026-08-27T00:55:09Z,2026-08-27T02:55:09+0200,9e257938-0a8b-4b8b-95d2-ab80972bdbbd,2026-08-09T06:45:00Z,2026-08-09T08:45:00+0200,27251.072,MW,DE,DE_LU,actual_solar_generation,Solar,2026-08-27T00:57:27Z
2026-08-27T00:55:09Z,2026-08-27T02:55:09+0200,9e257938-0a8b-4b8b-95d2-ab80972bdbbd,2026-08-09T07:00:00Z,2026-08-09T09:00:00+0200,30641.375,MW,DE,DE_LU,actual_solar_generation,Solar,2026-08-27T00:57:27Z
2026-08-27T00:55:09Z,2026-08-27T02:55:09+0200,9e257938-0a8b-4b8b-95d2-ab80972bdbbd,2026-08-09T07:15:00Z,2026-08-09T09:15:00+0200,33845.076,MW,DE,DE_LU,actual_solar_generation,Solar,2026-08-27T00:57:27Z
2026-08-27T00:55:09Z,2026-08-27T02:55:09+0200,9e257938-0a8b-4b8b-95d2-ab80972bdbbd,2026-08-09T07:30:00Z,2026-08-09T09:30:00+0200,36743.257,MW,DE,DE_LU,actual_solar_generation,Solar,2026-08-27T00:57:27Z
2026-08-27T00:55:09Z,2026-08-27T02:55:09+0200,9e257938-0a8b-4b8b-95d2-ab80972bdbbd,2026-08-09T07:45:00Z,2026-08-09T09:45:00+0200,39408.419,MW,DE,DE_LU,actual_solar_generation,Solar,2026-08-27T00:57:27Z
2026-08-27T00:55:09Z,2026-08-27T02:55:09+0200,9e257938-0a8b-4b8b-95d2-ab80972bdbbd,2026-08-09T08:00:00Z,2026-08-09T10:00:00+0200,41864.972,MW,DE,DE_LU,actual_solar_generation,Solar,2026-08-27T00:57:27Z
2026-08-27T00:55:09Z,2026-08-27T02:55:09+0200,9e257938-0a8b-4b8b-95d2-ab80972bdbbd,2026-08-09T08:15:00Z,2026-08-09T10:15:00+0200,44024.299,MW,DE,DE_LU,actual_solar_generation,Solar,2026-08-27T00:57:27Z
2026-08-27T00:55:09Z,2026-08-27T02:55:09+0200,9e257938-0a8b-4b8b-95d2-ab80972bdbbd,2026-08-09T08:30:00Z,2026-08-09T10:30:00+0200,44438.231,MW,DE,DE_LU,actual_solar_generation,Solar,2026-08-27T00:57:27Z
2026-08-27T00:55:09Z,2026-08-27T02:55:09+0200,9e257938-0a8b-4b8b-95d2-ab80972bdbbd,2026-08-09T08:45:00Z,2026-08-09T10:45:00+0200,45669.887,MW,DE,DE_LU,actual_solar_generation,Solar,2026-08-27T00:57:27Z
2026-08-27T00:55:09Z,2026-08-27T02:55:09+0200,9e257938-0a8b-4b8b-95d2-ab80972bdbbd,2026-08-09T09:00:00Z,2026-08-09T11:00:00+0200,46438.543,MW,DE,DE_LU,actual_solar_generation,Solar,2026-08-27T00:57:27Z
2026-08-27T00:55:09Z,2026-08-27T02:55:09+0200,9e257938-0a8b-4b8b-95d2-ab80972bdbbd,2026-08-09T09:15:00Z,2026-08-09T11:15:00+0200,47321.755,MW,DE,DE_LU,actual_solar_generation,Solar,2026-08-27T00:57:27Z
2026-08-27T00:55:09Z,2026-08-27T02:55:09+0200,9e257938-0a8b-4b8b-95d2-ab80972bdbbd,2026-08-09T09:30:00Z,2026-08-09T11:30:00+0200,48453.37,MW,DE,DE_LU,actual_solar_generation,Solar,2026-08-27T00:57:27Z
2026-08-27T00:55:09Z,2026-08-27T02:55:09+0200,9e257938-0a8b-4b8b-95d2-ab80972bdbbd,2026-08-09T09:45:00Z,2026-08-09T11:45:00+0200,49200.489,MW,DE,DE_LU,actual_solar_generation,Solar,2026-08-27T00:57:27Z
2026-08-27T00:55:09Z,2026-08-27T02:55:09+0200,9e257938-0a8b-4b8b-95d2-ab80972bdbbd,2026-08-09T10:00:00Z,2026-08-09T12:00:00+0200,49504.361,MW,DE,DE_LU,actual_solar_generation,Solar,2026-08-27T00:57:27Z
2026-08-27T00:55:09Z,2026-08-27T02:55:09+0200,9e257938-0a8b-4b8b-95d2-ab80972bdbbd,2026-08-09T10:15:00Z,2026-08-09T12:15:00+0200,49769.535,MW,DE,DE_LU,actual_solar_generation,Solar,2026-08-27T00:57:27Z
2026-08-27T00:55:09Z,2026-08-27T02:55:09+0200,9e257938-0a8b-4b8b-95d2-ab80972bdbbd,2026-08-09T10:30:00Z,2026-08-09T12:30:00+0200,50178.87,MW,DE,DE_LU,actual_solar_generation,Solar,2026-08-27T00:57:27Z
2026-08-27T00:55:09Z,2026-08-27T02:55:09+0200,9e257938-0a8b-4b8b-95d2-ab80972bdbbd,2026-08-09T10:45:00Z,2026-08-09T12:45:00+0200,50227.473,MW,DE,DE_LU,actual_solar_generation,Solar,2026-08-27T00:57:27Z
2026-08-27T00:55:09Z,2026-08-27T02:55:09+0200,9e257938-0a8b-4b8b-95d2-ab80972bdbbd,2026-08-09T11:00:00Z,2026-08-09T13:00:00+0200,49649.4,MW,DE,DE_LU,actual_solar_generation,Solar,2026-08-27T00:57:27Z
2026-08-27T00:55:09Z,2026-08-27T02:55:09+0200,9e257938-0a8b-4b8b-95d2-ab80972bdbbd,2026-08-09T11:15:00Z,2026-08-09T13:15:00+0200,49199.352,MW,DE,DE_LU,actual_solar_generation,Solar,2026-08-27T00:57:27Z
2026-08-27T00:55:09Z,2026-08-27T02:55:09+0200,9e257938-0a8b-4b8b-95d2-ab80972bdbbd,2026-08-09T11:30:00Z,2026-08-09T13:30:00+0200,48512.102,MW,DE,DE_LU,actual_solar_generation,Solar,2026-08-27T00:57:27Z
2026-08-27T00:55:09Z,2026-08-27T02:55:09+0200,9e257938-0a8b-4b8b-95d2-ab80972bdbbd,2026-08-09T11:45:00Z,2026-08-09T13:45:00+0200,47679.841,MW,DE,DE_LU,actual_solar_generation,Solar,2026-08-27T00:57:27Z
2026-08-27T00:55:09Z,2026-08-27T02:55:09+0200,9e257938-0a8b-4b8b-95d2-ab80972bdbbd,2026-08-09T12:00:00Z,2026-08-09T14:00:00+0200,47463.851,MW,DE,DE_LU,actual_solar_generation,Solar,2026-08-27T00:57:27Z
2026-08-27T00:55:09Z,2026-08-27T02:55:09+0200,9e257938-0a8b-4b8b-95d2-ab80972bdbbd,2026-08-09T12:15:00Z,2026-08-09T14:15:00+0200,46324.948,MW,DE,DE_LU,actual_solar_generation,Solar,2026-08-27T00:57:27Z
2026-08-27T00:55:09Z,2026-08-27T02:55:09+0200,9e257938-0a8b-4b8b-95d2-ab80972bdbbd,2026-08-09T12:30:00Z,2026-08-09T14:30:00+0200,44792.698,MW,DE,DE_LU,actual_solar_generation,Solar,2026-08-27T00:57:27Z
2026-08-27T00:55:09Z,2026-08-27T02:55:09+0200,9e257938-0a8b-4b8b-95d2-ab80972bdbbd,2026-08-09T12:45:00Z,2026-08-09T14:45:00+0200,43510.966,MW,DE,DE_LU,actual_solar_generation,Solar,2026-08-27T00:57:27Z
2026-08-27T00:55:09Z,2026-08-27T02:55:09+0200,9e257938-0a8b-4b8b-95d2-ab80972bdbbd,2026-08-09T13:00:00Z,2026-08-09T15:00:00+0200,42210.131,MW,DE,DE_LU,actual_solar_generation,Solar,2026-08-27T00:57:27Z
2026-08-27T00:55:09Z,2026-08-27T02:55:09+0200,9e257938-0a8b-4b8b-95d2-ab80972bdbbd,2026-08-09T13:15:00Z,2026-08-09T15:15:00+0200,40223.502,MW,DE,DE_LU,actual_solar_generation,Solar,2026-08-27T00:57:27Z
2026-08-27T00:55:09Z,2026-08-27T02:55:09+0200,9e257938-0a8b-4b8b-95d2-ab80972bdbbd,2026-08-09T13:30:00Z,2026-08-09T15:30:00+0200,38315.862,MW,DE,DE_LU,actual_solar_generation,Solar,2026-08-27T00:57:27Z
2026-08-27T00:55:09Z,2026-08-27T02:55:09+0200,9e257938-0a8b-4b8b-95d2-ab80972bdbbd,2026-08-09T13:45:00Z,2026-08-09T15:45:00+0200,35983.397,MW,DE,DE_LU,actual_solar_generation,Solar,2026-08-27T00:57:27Z
2026-08-27T00:55:09Z,2026-08-27T02:55:09+0200,9e257938-0a8b-4b8b-95d2-ab80972bdbbd,2026-08-09T14:00:00Z,2026-08-09T16:00:00+0200,35197.078,MW,DE,DE_LU,actual_solar_generation,Solar,2026-08-27T00:57:27Z
2026-08-27T00:55:09Z,2026-08-27T02:55:09+0200,9e257938-0a8b-4b8b-95d2-ab80972bdbbd,2026-08-09T14:15:00Z,2026-08-09T16:15:00+0200,32771.91,MW,DE,DE_LU,actual_solar_generation,Solar,2026-08-27T00:57:27Z
2026-08-27T00:55:09Z,2026-08-27T02:55:09+0200,9e257938-0a8b-4b8b-95d2-ab80972bdbbd,2026-08-09T14:30:00Z,2026-08-09T16:30:00+0200,31405.028,MW,DE,DE_LU,actual_solar_generation,Solar,2026-08-27T00:57:27Z
2026-08-27T00:55:09Z,2026-08-27T02:55:09+0200,9e257938-0a8b-4b8b-95d2-ab80972bdbbd,2026-08-09T14:45:00Z,2026-08-09T16:45:00+0200,29215.759,MW,DE,DE_LU,actual_solar_generation,Solar,2026-08-27T00:57:27Z
2026-08-27T00:55:09Z,2026-08-27T02:55:09+0200,9e257938-0a8b-4b8b-95d2-ab80972bdbbd,2026-08-09T15:00:00Z,2026-08-09T17:00:00+0200,27303.14,MW,DE,DE_LU,actual_solar_generation,Solar,2026-08-27T00:57:27Z
2026-08-27T00:55:09Z,2026-08-27T02:55:09+0200,9e257938-0a8b-4b8b-95d2-ab80972bdbbd,2026-08-09T15:15:00Z,2026-08-09T17:15:00+0200,24836.252,MW,DE,DE_LU,actual_solar_generation,Solar,2026-08-27T00:57:27Z
2026-08-27T00:55:09Z,2026-08-27T02:55:09+0200,9e257938-0a8b-4b8b-95d2-ab80972bdbbd,2026-08-09T15:30:00Z,2026-08-09T17:30:00+0200,22161.162,MW,DE,DE_LU,actual_solar_generation,Solar,2026-08-27T00:57:27Z
2026-08-27T00:55:09Z,2026-08-27T02:55:09+0200,9e257938-0a8b-4b8b-95d2-ab80972bdbbd,2026-08-09T15:45:00Z,2026-08-09T17:45:00+0200,19583.567,MW,DE,DE_LU,actual_solar_generation,Solar,2026-08-27T00:57:27Z
2026-08-27T00:55:09Z,2026-08-27T02:55:09+0200,9e257938-0a8b-4b8b-95d2-ab80972bdbbd,2026-08-09T16:00:00Z,2026-08-09T18:00:00+0200,16713.299,MW,DE,DE_LU,actual_solar_generation,Solar,2026-08-27T00:57:27Z
2026-08-27T00:55:09Z,2026-08-27T02:55:09+0200,9e257938-0a8b-4b8b-95d2-ab80972bdbbd,2026-08-09T16:15:00Z,2026-08-09T18:15:00+0200,13713.504,MW,DE,DE_LU,actual_solar_generation,Solar,2026-08-27T00:57:27Z
2026-08-27T00:55:09Z,2026-08-27T02:55:09+0200,9e257938-0a8b-4b8b-95d2-ab80972bdbbd,2026-08-09T16:30:00Z,2026-08-09T18:30:00+0200,11034.104,MW,DE,DE_LU,actual_solar_generation,Solar,2026-08-27T00:57:27Z
2026-08-27T00:55:09Z,2026-08-27T02:55:09+0200,9e257938-0a8b-4b8b-95d2-ab80972bdbbd,2026-08-09T16:45:00Z,2026-08-09T18:45:00+0200,8826.019,MW,DE,DE_LU,actual_solar_generation,Solar,2026-08-27T00:57:27Z
2026-08-27T00:55:09Z,2026-08-27T02:55:09+0200,9e257938-0a8b-4b8b-95d2-ab80972bdbbd,2026-08-09T17:00:00Z,2026-08-09T19:00:00+0200,6893.615,MW,DE,DE_LU,actual_solar_generation,Solar,2026-08-27T00:57:27Z
2026-08-27T00:55:09Z,2026-08-27T02:55:09+0200,9e257938-0a8b-4b8b-95d2-ab80972bdbbd,2026-08-09T17:15:00Z,2026-08-09T19:15:00+0200,5213.695,MW,DE,DE_LU,actual_solar_generation,Solar,2026-08-27T00:57:27Z
2026-08-27T00:55:09Z,2026-08-27T02:55:09+0200,9e257938-0a8b-4b8b-95d2-ab80972bdbbd,2026-08-09T17:30:00Z,2026-08-09T19:30:00+0200,3736.709,MW,DE,DE_LU,actual_solar_generation,Solar,2026-08-27T00:57:27Z
2026-08-27T00:55:09Z,2026-08-27T02:55:09+0200,9e257938-0a8b-4b8b-95d2-ab80972bdbbd,2026-08-09T17:45:00Z,2026-08-09T19:45:00+0200,2500.982,MW,DE,DE_LU,actual_solar_generation,Solar,2026-08-27T00:57:27Z
2026-08-27T00:55:09Z,2026-08-27T02:55:09+0200,9e257938-0a8b-4b8b-95d2-ab80972bdbbd,2026-08-09T18:00:00Z,2026-08-09T20:00:00+0200,1494.226,MW,DE,DE_LU,actual_solar_generation,Solar,2026-08-27T00:57:27Z
2026-08-27T00:55:09Z,2026-08-27T02:55:09+0200,9e257938-0a8b-4b8b-95d2-ab80972bdbbd,2026-08-09T18:15:00Z,2026-08-09T20:15:00+0200,711.568,MW,DE,DE_LU,actual_solar_generation,Solar,2026-08-27T00:57:27Z
2026-08-27T00:55:09Z,2026-08-27T02:55:09+0200,9e257938-0a8b-4b8b-95d2-ab80972bdbbd,2026-08-09T18:30:00Z,2026-08-09T20:30:00+0200,220.258,MW,DE,DE_LU,actual_solar_generation,Solar,2026-08-27T00:57:27Z
2026-08-27T00:55:09Z,2026-08-27T02:55:09+0200,9e257938-0a8b-4b8b-95d2-ab80972bdbbd,2026-08-09T18:45:00Z,2026-08-09T20:45:00+0200,46.041,MW,DE,DE_LU,actual_solar_generation,Solar,2026-08-27T00:57:27Z
2026-08-27T00:55:09Z,2026-08-27T02:55:09+0200,9e257938-0a8b-4b8b-95d2-ab80972bdbbd,2026-08-09T19:00:00Z,2026-08-09T21:00:00+0200,5.111,MW,DE,DE_LU,actual_solar_generation,Solar,2026-08-27T00:57:27Z
2026-08-27T00:55:09Z,2026-08-27T02:55:09+0200,9e257938-0a8b-4b8b-95d2-ab80972bdbbd,2026-08-09T19:15:00Z,2026-08-09T21:15:00+0200,1.556,MW,DE,DE_LU,actual_solar_generation,Solar,2026-08-27T00:57:27Z
2026-08-27T00:55:09Z,2026-08-27T02:55:09+0200,9e257938-0a8b-4b8b-95d2-ab80972bdbbd,2026-08-09T19:30:00Z,2026-08-09T21:30:00+0200,0.265,MW,DE,DE_LU,actual_solar_generation,Solar,2026-08-27T00:57:27Z
2026-08-27T00:55:09Z,2026-08-27T02:55:09+0200,9e257938-0a8b-4b8b-95d2-ab80972bdbbd,2026-08-09T19:45:00Z,2026-08-09T21:45:00+0200,0.235,MW,DE,DE_LU,actual_solar_generation,Solar,2026-08-27T00:57:27Z
2026-08-27T00:55:09Z,2026-08-27T02:55:09+0200,9e257938-0a8b-4b8b-95d2-ab80972bdbbd,2026-08-09T20:00:00Z,2026-08-09T22:00:00+0200,0.228,MW,DE,DE_LU,actual_solar_generation,Solar,2026-08-27T00:57:27Z
2026-08-27T00:55:09Z,2026-08-27T02:55:09+0200,9e257938-0a8b-4b8b-95d2-ab80972bdbbd,2026-08-09T20:15:00Z,2026-08-09T22:15:00+0200,0.224,MW,DE,DE_LU,actual_solar_generation,Solar,2026-08-27T00:57:27Z
2026-08-27T00:55:09Z,2026-08-27T02:55:09+0200,9e257938-0a8b-4b8b-95d2-ab80972bdbbd,2026-08-09T20:30:00Z,2026-08-09T22:30:00+0200,0.209,MW,DE,DE_LU,actual_solar_generation,Solar,2026-08-27T00:57:27Z
2026-08-27T00:55:09Z,2026-08-27T02:55:09+0200,9e257938-0a8b-4b8b-95d2-ab80972bdbbd,2026-08-09T20:45:00Z,2026-08-09T22:45:00+0200,0.204,MW,DE,DE_LU,actual_solar_generation,Solar,2026-08-27T00:57:27Z
2026-08-27T00:55:09Z,2026-08-27T02:55:09+0200,9e257938-0a8b-4b8b-95d2-ab80972bdbbd,2026-08-09T21:00:00Z,2026-08-09T23:00:00+0200,0.187,MW,DE,DE_LU,actual_solar_generation,Solar,2026-08-27T00:57:27Z
2026-08-27T00:55:09Z,2026-08-27T02:55:09+0200,9e257938-0a8b-4b8b-95d2-ab80972bdbbd,2026-08-09T21:15:00Z,2026-08-09T23:15:00+0200,0.17,MW,DE,DE_LU,actual_solar_generation,Solar,2026-08-27T00:57:27Z
2026-08-27T00:55:09Z,2026-08-27T02:55:09+0200,9e257938-0a8b-4b8b-95d2-ab80972bdbbd,2026-08-09T21:30:00Z,2026-08-09T23:30:00+0200,0.153,MW,DE,DE_LU,actual_solar_generation,Solar,2026-08-27T00:57:27Z
2026-08-27T00:55:09Z,2026-08-27T02:55:09+0200,9e257938-0a8b-4b8b-95d2-ab80972bdbbd,2026-08-09T21:45:00Z,2026-08-09T23:45:00+0200,0.154,MW,DE,DE_LU,actual_solar_generation,Solar,2026-08-27T00:57:27Z
2026-08-27T00:55:09Z,2026-08-27T02:55:09+0200,9e257938-0a8b-4b8b-95d2-ab80972bdbbd,2026-08-09T22:00:00Z,2026-08-10T00:00:00+0200,0.159,MW,DE,DE_LU,actual_solar_generation,Solar,2026-08-27T00:57:27Z
2026-08-27T00:55:09Z,2026-08-27T02:55:09+0200,9e257938-0a8b-4b8b-95d2-ab80972bdbbd,2026-08-09T22:15:00Z,2026-08-10T00:15:00+0200,0.141,MW,DE,DE_LU,actual_solar_generation,Solar,2026-08-27T00:57:27Z
2026-08-27T00:55:09Z,2026-08-27T02:55:09+0200,9e257938-0a8b-4b8b-95d2-ab80972bdbbd,2026-08-09T22:30:00Z,2026-08-10T00:30:00+0200,0.118,MW,DE,DE_LU,actual_solar_generation,Solar,2026-08-27T00:57:27Z
2026-08-27T00:55:09Z,2026-08-27T02:55:09+0200,9e257938-0a8b-4b8b-95d2-ab80972bdbbd,2026-08-09T22:45:00Z,2026-08-10T00:45:00+0200,0.119,MW,DE,DE_LU,actual_solar_generation,Solar,2026-08-27T00:57:27Z
2026-08-27T00:55:09Z,2026-08-27T02:55:09+0200,9e257938-0a8b-4b8b-95d2-ab80972bdbbd,2026-08-09T23:00:00Z,2026-08-10T01:00:00+0200,0.118,MW,DE,DE_LU,actual_solar_generation,Solar,2026-08-27T00:57:27Z
2026-08-27T00:55:09Z,2026-08-27T02:55:09+0200,9e257938-0a8b-4b8b-95d2-ab80972bdbbd,2026-08-09T23:15:00Z,2026-08-10T01:15:00+0200,0.117,MW,DE,DE_LU,actual_solar_generation,Solar,2026-08-27T00:57:27Z
2026-08-27T00:55:09Z,2026-08-27T02:55:09+0200,9e257938-0a8b-4b8b-95d2-ab80972bdbbd,2026-08-09T23:30:00Z,2026-08-10T01:30:00+0200,0.105,MW,DE,DE_LU,actual_solar_generation,Solar,2026-08-27T00:57:27Z
2026-08-27T00:55:09Z,2026-08-27T02:55:09+0200,9e257938-0a8b-4b8b-95d2-ab80972bdbbd,2026-08-09T23:45:00Z,2026-08-10T01:45:00+0200,0.101,MW,DE,DE_LU,actual_solar_generation,Solar,2026-08-27T00:57:27Z
2026-08-27T00:55:09Z,2026-08-27T02:55:09+0200,9e257938-0a8b-4b8b-95d2-ab80972bdbbd,2026-08-10T00:00:00Z,2026-08-10T02:00:00+0200,0.099,MW,DE,DE_LU,actual_solar_generation,Solar,2026-08-27T00:57:27Z
2026-08-27T00:55:09Z,2026-08-27T02:55:09+0200,9e257938-0a8b-4b8b-95d2-ab80972bdbbd,2026-08-10T00:15:00Z,2026-08-10T02:15:00+0200,0.094,MW,DE,DE_LU,actual_solar_generation,Solar,2026-08-27T00:57:27Z
2026-08-27T00:55:09Z,2026-08-27T02:55:09+0200,9e257938-0a8b-4b8b-95d2-ab80972bdbbd,2026-08-10T00:30:00Z,2026-08-10T02:30:00+0200,0.082,MW,DE,DE_LU,actual_solar_generation,Solar,2026-08-27T00:57:27Z
2026-08-27T00:55:09Z,2026-08-27T02:55:09+0200,9e257938-0a8b-4b8b-95d2-ab80972bdbbd,2026-08-10T00:45:00Z,2026-08-10T02:45:00+0200,0.078,MW,DE,DE_LU,actual_solar_generation,Solar,2026-08-27T00:57:27Z
2026-08-27T00:55:09Z,2026-08-27T02:55:09+0200,9e257938-0a8b-4b8b-95d2-ab80972bdbbd,2026-08-10T01:00:00Z,2026-08-10T03:00:00+0200,0.085,MW,DE,DE_LU,actual_solar_generation,Solar,2026-08-27T00:57:27Z
2026-08-27T00:55:09Z,2026-08-27T02:55:09+0200,9e257938-0a8b-4b8b-95d2-ab80972bdbbd,2026-08-10T01:15:00Z,2026-08-10T03:15:00+0200,0.083,MW,DE,DE_LU,actual_solar_generation,Solar,2026-08-27T00:57:27Z
2026-08-27T00:55:09Z,2026-08-27T02:55:09+0200,9e257938-0a8b-4b8b-95d2-ab80972bdbbd,2026-08-10T01:30:00Z,2026-08-10T03:30:00+0200,0.069,MW,DE,DE_LU,actual_solar_generation,Solar,2026-08-27T00:57:27Z
2026-08-27T00:55:09Z,2026-08-27T02:55:09+0200,9e257938-0a8b-4b8b-95d2-ab80972bdbbd,2026-08-10T01:45:00Z,2026-08-10T03:45:00+0200,0.065,MW,DE,DE_LU,actual_solar_generation,Solar,2026-08-27T00:57:27Z
2026-08-27T00:55:09Z,2026-08-27T02:55:09+0200,9e257938-0a8b-4b8b-95d2-ab80972bdbbd,2026-08-10T02:00:00Z,2026-08-10T04:00:00+0200,0.067,MW,DE,DE_LU,actual_solar_generation,Solar,2026-08-27T00:57:27Z
2026-08-27T00:55:09Z,2026-08-27T02:55:09+0200,9e257938-0a8b-4b8b-95d2-ab80972bdbbd,2026-08-10T02:15:00Z,2026-08-10T04:15:00+0200,0.074,MW,DE,DE_LU,actual_solar_generation,Solar,2026-08-27T00:57:27Z
2026-08-27T00:55:09Z,2026-08-27T02:55:09+0200,9e257938-0a8b-4b8b-95d2-ab80972bdbbd,2026-08-10T02:30:00Z,2026-08-10T04:30:00+0200,0.073,MW,DE,DE_LU,actual_solar_generation,Solar,2026-08-27T00:57:27Z
2026-08-27T00:55:09Z,2026-08-27T02:55:09+0200,9e257938-0a8b-4b8b-95d2-ab80972bdbbd,2026-08-10T02:45:00Z,2026-08-10T04:45:00+0200,0.067,MW,DE,DE_LU,actual_solar_generation,Solar,2026-08-27T00:57:27Z
2026-08-27T00:55:09Z,2026-08-27T02:55:09+0200,9e257938-0a8b-4b8b-95d2-ab80972bdbbd,2026-08-10T03:00:00Z,2026-08-10T05:00:00+0200,0.064,MW,DE,DE_LU,actual_solar_generation,Solar,2026-08-27T00:57:27Z
2026-08-27T00:55:09Z,2026-08-27T02:55:09+0200,9e257938-0a8b-4b8b-95d2-ab80972bdbbd,2026-08-10T03:15:00Z,2026-08-10T05:15:00+0200,0.095,MW,DE,DE_LU,actual_solar_generation,Solar,2026-08-27T00:57:27Z
2026-08-27T00:55:09Z,2026-08-27T02:55:09+0200,9e257938-0a8b-4b8b-95d2-ab80972bdbbd,2026-08-10T03:30:00Z,2026-08-10T05:30:00+0200,1.18,MW,DE,DE_LU,actual_solar_generation,Solar,2026-08-27T00:57:27Z
2026-08-27T00:55:09Z,2026-08-27T02:55:09+0200,9e257938-0a8b-4b8b-95d2-ab80972bdbbd,2026-08-10T03:45:00Z,2026-08-10T05:45:00+0200,13.034,MW,DE,DE_LU,actual_solar_generation,Solar,2026-08-27T00:57:27Z
2026-08-27T00:55:09Z,2026-08-27T02:55:09+0200,9e257938-0a8b-4b8b-95d2-ab80972bdbbd,2026-08-10T04:00:00Z,2026-08-10T06:00:00+0200,132.883,MW,DE,DE_LU,actual_solar_generation,Solar,2026-08-27T00:57:27Z
2026-08-27T00:55:09Z,2026-08-27T02:55:09+0200,9e257938-0a8b-4b8b-95d2-ab80972bdbbd,2026-08-10T04:15:00Z,2026-08-10T06:15:00+0200,682.733,MW,DE,DE_LU,actual_solar_generation,Solar,2026-08-27T00:57:27Z
2026-08-27T00:55:09Z,2026-08-27T02:55:09+0200,9e257938-0a8b-4b8b-95d2-ab80972bdbbd,2026-08-10T04:30:00Z,2026-08-10T06:30:00+0200,1653.49,MW,DE,DE_LU,actual_solar_generation,Solar,2026-08-27T00:57:27Z
2026-08-27T00:55:09Z,2026-08-27T02:55:09+0200,9e257938-0a8b-4b8b-95d2-ab80972bdbbd,2026-08-10T04:45:00Z,2026-08-10T06:45:00+0200,2850.102,MW,DE,DE_LU,actual_solar_generation,Solar,2026-08-27T00:57:27Z
2026-08-27T00:55:09Z,2026-08-27T02:55:09+0200,9e257938-0a8b-4b8b-95d2-ab80972bdbbd,2026-08-10T05:00:00Z,2026-08-10T07:00:00+0200,4378.236,MW,DE,DE_LU,actual_solar_generation,Solar,2026-08-27T00:57:27Z
2026-08-27T00:55:09Z,2026-08-27T02:55:09+0200,9e257938-0a8b-4b8b-95d2-ab80972bdbbd,2026-08-10T05:15:00Z,2026-08-10T07:15:00+0200,6213.809,MW,DE,DE_LU,actual_solar_generation,Solar,2026-08-27T00:57:27Z
2026-08-27T00:55:09Z,2026-08-27T02:55:09+0200,9e257938-0a8b-4b8b-95d2-ab80972bdbbd,2026-08-10T05:30:00Z,2026-08-10T07:30:00+0200,8448.182,MW,DE,DE_LU,actual_solar_generation,Solar,2026-08-27T00:57:27Z
2026-08-27T00:55:09Z,2026-08-27T02:55:09+0200,9e257938-0a8b-4b8b-95d2-ab80972bdbbd,2026-08-10T05:45:00Z,2026-08-10T07:45:00+0200,11074.915,MW,DE,DE_LU,actual_solar_generation,Solar,2026-08-27T00:57:27Z
2026-08-27T00:55:09Z,2026-08-27T02:55:09+0200,9e257938-0a8b-4b8b-95d2-ab80972bdbbd,2026-08-10T06:00:00Z,2026-08-10T08:00:00+0200,13751.229,MW,DE,DE_LU,actual_solar_generation,Solar,2026-08-27T00:57:27Z
2026-08-27T00:55:09Z,2026-08-27T02:55:09+0200,9e257938-0a8b-4b8b-95d2-ab80972bdbbd,2026-08-10T06:15:00Z,2026-08-10T08:15:00+0200,16773.33,MW,DE,DE_LU,actual_solar_generation,Solar,2026-08-27T00:57:27Z
2026-08-27T00:55:09Z,2026-08-27T02:55:09+0200,9e257938-0a8b-4b8b-95d2-ab80972bdbbd,2026-08-10T06:30:00Z,2026-08-10T08:30:00+0200,19827.811,MW,DE,DE_LU,actual_solar_generation,Solar,2026-08-27T00:57:27Z
2026-08-27T00:55:09Z,2026-08-27T02:55:09+0200,9e257938-0a8b-4b8b-95d2-ab80972bdbbd,2026-08-10T06:45:00Z,2026-08-10T08:45:00+0200,23017.809,MW,DE,DE_LU,actual_solar_generation,Solar,2026-08-27T00:57:27Z
2026-08-27T00:55:09Z,2026-08-27T02:55:09+0200,9e257938-0a8b-4b8b-95d2-ab80972bdbbd,2026-08-10T07:00:00Z,2026-08-10T09:00:00+0200,25964.064,MW,DE,DE_LU,actual_solar_generation,Solar,2026-08-27T00:57:27Z
2026-08-27T00:55:09Z,2026-08-27T02:55:09+0200,9e257938-0a8b-4b8b-95d2-ab80972bdbbd,2026-08-10T07:15:00Z,2026-08-10T09:15:00+0200,28867.524,MW,DE,DE_LU,actual_solar_generation,Solar,2026-08-27T00:57:27Z
2026-08-27T00:55:09Z,2026-08-27T02:55:09+0200,9e257938-0a8b-4b8b-95d2-ab80972bdbbd,2026-08-10T07:30:00Z,2026-08-10T09:30:00+0200,31452.279,MW,DE,DE_LU,actual_solar_generation,Solar,2026-08-27T00:57:27Z
2026-08-27T00:55:09Z,2026-08-27T02:55:09+0200,9e257938-0a8b-4b8b-95d2-ab80972bdbbd,2026-08-10T07:45:00Z,2026-08-10T09:45:00+0200,33958.418,MW,DE,DE_LU,actual_solar_generation,Solar,2026-08-27T00:57:27Z
2026-08-27T00:55:09Z,2026-08-27T02:55:09+0200,9e257938-0a8b-4b8b-95d2-ab80972bdbbd,2026-08-10T08:00:00Z,2026-08-10T10:00:00+0200,36390.717,MW,DE,DE_LU,actual_solar_generation,Solar,2026-08-27T00:57:27Z
2026-08-27T00:55:09Z,2026-08-27T02:55:09+0200,9e257938-0a8b-4b8b-95d2-ab80972bdbbd,2026-08-10T08:15:00Z,2026-08-10T10:15:00+0200,38741.872,MW,DE,DE_LU,actual_solar_generation,Solar,2026-08-27T00:57:27Z
2026-08-27T00:55:09Z,2026-08-27T02:55:09+0200,9e257938-0a8b-4b8b-95d2-ab80972bdbbd,2026-08-10T08:30:00Z,2026-08-10T10:30:00+0200,41087.425,MW,DE,DE_LU,actual_solar_generation,Solar,2026-08-27T00:57:27Z
2026-08-27T00:55:09Z,2026-08-27T02:55:09+0200,9e257938-0a8b-4b8b-95d2-ab80972bdbbd,2026-08-10T08:45:00Z,2026-08-10T10:45:00+0200,42843.608,MW,DE,DE_LU,actual_solar_generation,Solar,2026-08-27T00:57:27Z
2026-08-27T00:55:09Z,2026-08-27T02:55:09+0200,9e257938-0a8b-4b8b-95d2-ab80972bdbbd,2026-08-10T09:00:00Z,2026-08-10T11:00:00+0200,44207.252,MW,DE,DE_LU,actual_solar_generation,Solar,2026-08-27T00:57:27Z
2026-08-27T00:55:09Z,2026-08-27T02:55:09+0200,9e257938-0a8b-4b8b-95d2-ab80972bdbbd,2026-08-10T09:15:00Z,2026-08-10T11:15:00+0200,45439.515,MW,DE,DE_LU,actual_solar_generation,Solar,2026-08-27T00:57:27Z
2026-08-27T00:55:09Z,2026-08-27T02:55:09+0200,9e257938-0a8b-4b8b-95d2-ab80972bdbbd,2026-08-10T09:30:00Z,2026-08-10T11:30:00+0200,46426.393,MW,DE,DE_LU,actual_solar_generation,Solar,2026-08-27T00:57:27Z
2026-08-27T00:55:09Z,2026-08-27T02:55:09+0200,9e257938-0a8b-4b8b-95d2-ab80972bdbbd,2026-08-10T09:45:00Z,2026-08-10T11:45:00+0200,47470.445,MW,DE,DE_LU,actual_solar_generation,Solar,2026-08-27T00:57:27Z
2026-08-27T00:55:09Z,2026-08-27T02:55:09+0200,9e257938-0a8b-4b8b-95d2-ab80972bdbbd,2026-08-10T10:00:00Z,2026-08-10T12:00:00+0200,47984.551,MW,DE,DE_LU,actual_solar_generation,Solar,2026-08-27T00:57:27Z
2026-08-27T00:55:09Z,2026-08-27T02:55:09+0200,9e257938-0a8b-4b8b-95d2-ab80972bdbbd,2026-08-10T10:15:00Z,2026-08-10T12:15:00+0200,48199.19,MW,DE,DE_LU,actual_solar_generation,Solar,2026-08-27T00:57:27Z
2026-08-27T00:55:09Z,2026-08-27T02:55:09+0200,9e257938-0a8b-4b8b-95d2-ab80972bdbbd,2026-08-10T10:30:00Z,2026-08-10T12:30:00+0200,48011.568,MW,DE,DE_LU,actual_solar_generation,Solar,2026-08-27T00:57:27Z
2026-08-27T00:55:09Z,2026-08-27T02:55:09+0200,9e257938-0a8b-4b8b-95d2-ab80972bdbbd,2026-08-10T10:45:00Z,2026-08-10T12:45:00+0200,47541.014,MW,DE,DE_LU,actual_solar_generation,Solar,2026-08-27T00:57:27Z
2026-08-27T00:55:09Z,2026-08-27T02:55:09+0200,9e257938-0a8b-4b8b-95d2-ab80972bdbbd,2026-08-10T11:00:00Z,2026-08-10T13:00:00+0200,47051.276,MW,DE,DE_LU,actual_solar_generation,Solar,2026-08-27T00:57:27Z
2026-08-27T00:55:09Z,2026-08-27T02:55:09+0200,9e257938-0a8b-4b8b-95d2-ab80972bdbbd,2026-08-10T11:15:00Z,2026-08-10T13:15:00+0200,46262.202,MW,DE,DE_LU,actual_solar_generation,Solar,2026-08-27T00:57:27Z
2026-08-27T00:55:09Z,2026-08-27T02:55:09+0200,9e257938-0a8b-4b8b-95d2-ab80972bdbbd,2026-08-10T11:30:00Z,2026-08-10T13:30:00+0200,45428.383,MW,DE,DE_LU,actual_solar_generation,Solar,2026-08-27T00:57:27Z
2026-08-27T00:55:09Z,2026-08-27T02:55:09+0200,9e257938-0a8b-4b8b-95d2-ab80972bdbbd,2026-08-10T11:45:00Z,2026-08-10T13:45:00+0200,44252.931,MW,DE,DE_LU,actual_solar_generation,Solar,2026-08-27T00:57:27Z
2026-08-27T00:55:09Z,2026-08-27T02:55:09+0200,9e257938-0a8b-4b8b-95d2-ab80972bdbbd,2026-08-10T12:00:00Z,2026-08-10T14:00:00+0200,42933.878,MW,DE,DE_LU,actual_solar_generation,Solar,2026-08-27T00:57:27Z
2026-08-27T00:55:09Z,2026-08-27T02:55:09+0200,9e257938-0a8b-4b8b-95d2-ab80972bdbbd,2026-08-10T12:15:00Z,2026-08-10T14:15:00+0200,41514.211,MW,DE,DE_LU,actual_solar_generation,Solar,2026-08-27T00:57:27Z
2026-08-27T00:55:09Z,2026-08-27T02:55:09+0200,9e257938-0a8b-4b8b-95d2-ab80972bdbbd,2026-08-10T12:30:00Z,2026-08-10T14:30:00+0200,39955.413,MW,DE,DE_LU,actual_solar_generation,Solar,2026-08-27T00:57:27Z
2026-08-27T00:55:09Z,2026-08-27T02:55:09+0200,9e257938-0a8b-4b8b-95d2-ab80972bdbbd,2026-08-10T12:45:00Z,2026-08-10T14:45:00+0200,38522.039,MW,DE,DE_LU,actual_solar_generation,Solar,2026-08-27T00:57:27Z
2026-08-27T00:55:09Z,2026-08-27T02:55:09+0200,9e257938-0a8b-4b8b-95d2-ab80972bdbbd,2026-08-10T13:00:00Z,2026-08-10T15:00:00+0200,37273.755,MW,DE,DE_LU,actual_solar_generation,Solar,2026-08-27T00:57:27Z
2026-08-27T00:55:09Z,2026-08-27T02:55:09+0200,9e257938-0a8b-4b8b-95d2-ab80972bdbbd,2026-08-10T13:15:00Z,2026-08-10T15:15:00+0200,36369.38,MW,DE,DE_LU,actual_solar_generation,Solar,2026-08-27T00:57:27Z
2026-08-27T00:55:09Z,2026-08-27T02:55:09+0200,9e257938-0a8b-4b8b-95d2-ab80972bdbbd,2026-08-10T13:30:00Z,2026-08-10T15:30:00+0200,34987.456,MW,DE,DE_LU,actual_solar_generation,Solar,2026-08-27T00:57:27Z
2026-08-27T00:55:09Z,2026-08-27T02:55:09+0200,9e257938-0a8b-4b8b-95d2-ab80972bdbbd,2026-08-10T13:45:00Z,2026-08-10T15:45:00+0200,33913.446,MW,DE,DE_LU,actual_solar_generation,Solar,2026-08-27T00:57:27Z
2026-08-27T00:55:09Z,2026-08-27T02:55:09+0200,9e257938-0a8b-4b8b-95d2-ab80972bdbbd,2026-08-10T14:00:00Z,2026-08-10T16:00:00+0200,32446.559,MW,DE,DE_LU,actual_solar_generation,Solar,2026-08-27T00:57:27Z
2026-08-27T00:55:09Z,2026-08-27T02:55:09+0200,9e257938-0a8b-4b8b-95d2-ab80972bdbbd,2026-08-10T14:15:00Z,2026-08-10T16:15:00+0200,30873.76,MW,DE,DE_LU,actual_solar_generation,Solar,2026-08-27T00:57:27Z
2026-08-27T00:55:09Z,2026-08-27T02:55:09+0200,9e257938-0a8b-4b8b-95d2-ab80972bdbbd,2026-08-10T14:30:00Z,2026-08-10T16:30:00+0200,29119.865,MW,DE,DE_LU,actual_solar_generation,Solar,2026-08-27T00:57:27Z
2026-08-27T00:55:09Z,2026-08-27T02:55:09+0200,9e257938-0a8b-4b8b-95d2-ab80972bdbbd,2026-08-10T14:45:00Z,2026-08-10T16:45:00+0200,27486.756,MW,DE,DE_LU,actual_solar_generation,Solar,2026-08-27T00:57:27Z
2026-08-27T00:55:09Z,2026-08-27T02:55:09+0200,9e257938-0a8b-4b8b-95d2-ab80972bdbbd,2026-08-10T15:00:00Z,2026-08-10T17:00:00+0200,25456.613,MW,DE,DE_LU,actual_solar_generation,Solar,2026-08-27T00:57:27Z
2026-08-27T00:55:09Z,2026-08-27T02:55:09+0200,9e257938-0a8b-4b8b-95d2-ab80972bdbbd,2026-08-10T15:15:00Z,2026-08-10T17:15:00+0200,23470.994,MW,DE,DE_LU,actual_solar_generation,Solar,2026-08-27T00:57:27Z
2026-08-27T00:55:09Z,2026-08-27T02:55:09+0200,9e257938-0a8b-4b8b-95d2-ab80972bdbbd,2026-08-10T15:30:00Z,2026-08-10T17:30:00+0200,21317.133,MW,DE,DE_LU,actual_solar_generation,Solar,2026-08-27T00:57:27Z
2026-08-27T00:55:09Z,2026-08-27T02:55:09+0200,9e257938-0a8b-4b8b-95d2-ab80972bdbbd,2026-08-10T15:45:00Z,2026-08-10T17:45:00+0200,19220.673,MW,DE,DE_LU,actual_solar_generation,Solar,2026-08-27T00:57:27Z
2026-08-27T00:55:09Z,2026-08-27T02:55:09+0200,9e257938-0a8b-4b8b-95d2-ab80972bdbbd,2026-08-10T16:00:00Z,2026-08-10T18:00:00+0200,17035.258,MW,DE,DE_LU,actual_solar_generation,Solar,2026-08-27T00:57:27Z
2026-08-27T00:55:09Z,2026-08-27T02:55:09+0200,9e257938-0a8b-4b8b-95d2-ab80972bdbbd,2026-08-10T16:15:00Z,2026-08-10T18:15:00+0200,14846.111,MW,DE,DE_LU,actual_solar_generation,Solar,2026-08-27T00:57:27Z
2026-08-27T00:55:09Z,2026-08-27T02:55:09+0200,9e257938-0a8b-4b8b-95d2-ab80972bdbbd,2026-08-10T16:30:00Z,2026-08-10T18:30:00+0200,12505.986,MW,DE,DE_LU,actual_solar_generation,Solar,2026-08-27T00:57:27Z
2026-08-27T00:55:09Z,2026-08-27T02:55:09+0200,9e257938-0a8b-4b8b-95d2-ab80972bdbbd,2026-08-10T16:45:00Z,2026-08-10T18:45:00+0200,10213.752,MW,DE,DE_LU,actual_solar_generation,Solar,2026-08-27T00:57:27Z
2026-08-27T00:55:09Z,2026-08-27T02:55:09+0200,9e257938-0a8b-4b8b-95d2-ab80972bdbbd,2026-08-10T17:00:00Z,2026-08-10T19:00:00+0200,8075.004,MW,DE,DE_LU,actual_solar_generation,Solar,2026-08-27T00:57:27Z
2026-08-27T00:55:09Z,2026-08-27T02:55:09+0200,9e257938-0a8b-4b8b-95d2-ab80972bdbbd,2026-08-10T17:15:00Z,2026-08-10T19:15:00+0200,6078.884,MW,DE,DE_LU,actual_solar_generation,Solar,2026-08-27T00:57:27Z
2026-08-27T00:55:09Z,2026-08-27T02:55:09+0200,9e257938-0a8b-4b8b-95d2-ab80972bdbbd,2026-08-10T17:30:00Z,2026-08-10T19:30:00+0200,4353.67,MW,DE,DE_LU,actual_solar_generation,Solar,2026-08-27T00:57:27Z
2026-08-27T00:55:09Z,2026-08-27T02:55:09+0200,9e257938-0a8b-4b8b-95d2-ab80972bdbbd,2026-08-10T17:45:00Z,2026-08-10T19:45:00+0200,2932.396,MW,DE,DE_LU,actual_solar_generation,Solar,2026-08-27T00:57:27Z
2026-08-27T00:55:09Z,2026-08-27T02:55:09+0200,9e257938-0a8b-4b8b-95d2-ab80972bdbbd,2026-08-10T18:00:00Z,2026-08-10T20:00:00+0200,1748.757,MW,DE,DE_LU,actual_solar_generation,Solar,2026-08-27T00:57:27Z
2026-08-27T00:55:09Z,2026-08-27T02:55:09+0200,9e257938-0a8b-4b8b-95d2-ab80972bdbbd,2026-08-10T18:15:00Z,2026-08-10T20:15:00+0200,848.492,MW,DE,DE_LU,actual_solar_generation,Solar,2026-08-27T00:57:27Z
2026-08-27T00:55:09Z,2026-08-27T02:55:09+0200,9e257938-0a8b-4b8b-95d2-ab80972bdbbd,2026-08-10T18:30:00Z,2026-08-10T20:30:00+0200,289.943,MW,DE,DE_LU,actual_solar_generation,Solar,2026-08-27T00:57:27Z
2026-08-27T00:55:09Z,2026-08-27T02:55:09+0200,9e257938-0a8b-4b8b-95d2-ab80972bdbbd,2026-08-10T18:45:00Z,2026-08-10T20:45:00+0200,67.529,MW,DE,DE_LU,actual_solar_generation,Solar,2026-08-27T00:57:27Z
2026-08-27T00:55:09Z,2026-08-27T02:55:09+0200,9e257938-0a8b-4b8b-95d2-ab80972bdbbd,2026-08-10T19:00:00Z,2026-08-10T21:00:00+0200,5.232,MW,DE,DE_LU,actual_solar_generation,Solar,2026-08-27T00:57:27Z
2026-08-27T00:55:09Z,2026-08-27T02:55:09+0200,9e257938-0a8b-4b8b-95d2-ab80972bdbbd,2026-08-10T19:15:00Z,2026-08-10T21:15:00+0200,1.269,MW,DE,DE_LU,actual_solar_generation,Solar,2026-08-27T00:57:27Z
2026-08-27T00:55:09Z,2026-08-27T02:55:09+0200,9e257938-0a8b-4b8b-95d2-ab80972bdbbd,2026-08-10T19:30:00Z,2026-08-10T21:30:00+0200,0.392,MW,DE,DE_LU,actual_solar_generation,Solar,2026-08-27T00:57:27Z
2026-08-27T00:55:09Z,2026-08-27T02:55:09+0200,9e257938-0a8b-4b8b-95d2-ab80972bdbbd,2026-08-10T19:45:00Z,2026-08-10T21:45:00+0200,0.299,MW,DE,DE_LU,actual_solar_generation,Solar,2026-08-27T00:57:27Z
2026-08-27T00:55:09Z,2026-08-27T02:55:09+0200,9e257938-0a8b-4b8b-95d2-ab80972bdbbd,2026-08-10T20:00:00Z,2026-08-10T22:00:00+0200,0.287,MW,DE,DE_LU,actual_solar_generation,Solar,2026-08-27T00:57:27Z
2026-08-27T00:55:09Z,2026-08-27T02:55:09+0200,9e257938-0a8b-4b8b-95d2-ab80972bdbbd,2026-08-10T20:15:00Z,2026-08-10T22:15:00+0200,0.23,MW,DE,DE_LU,actual_solar_generation,Solar,2026-08-27T00:57:27Z
2026-08-27T00:55:09Z,2026-08-27T02:55:09+0200,9e257938-0a8b-4b8b-95d2-ab80972bdbbd,2026-08-10T20:30:00Z,2026-08-10T22:30:00+0200,0.221,MW,DE,DE_LU,actual_solar_generation,Solar,2026-08-27T00:57:27Z
2026-08-27T00:55:09Z,2026-08-27T02:55:09+0200,9e257938-0a8b-4b8b-95d2-ab80972bdbbd,2026-08-10T20:45:00Z,2026-08-10T22:45:00+0200,0.199,MW,DE,DE_LU,actual_solar_generation,Solar,2026-08-27T00:57:27Z
2026-08-27T00:55:09Z,2026-08-27T02:55:09+0200,9e257938-0a8b-4b8b-95d2-ab80972bdbbd,2026-08-10T21:00:00Z,2026-08-10T23:00:00+0200,0.192,MW,DE,DE_LU,actual_solar_generation,Solar,2026-08-27T00:57:27Z
2026-08-27T00:55:09Z,2026-08-27T02:55:09+0200,9e257938-0a8b-4b8b-95d2-ab80972bdbbd,2026-08-10T21:15:00Z,2026-08-10T23:15:00+0200,0.201,MW,DE,DE_LU,actual_solar_generation,Solar,2026-08-27T00:57:27Z
2026-08-27T00:55:09Z,2026-08-27T02:55:09+0200,9e257938-0a8b-4b8b-95d2-ab80972bdbbd,2026-08-10T21:30:00Z,2026-08-10T23:30:00+0200,0.171,MW,DE,DE_LU,actual_solar_generation,Solar,2026-08-27T00:57:27Z
2026-08-27T00:55:09Z,2026-08-27T02:55:09+0200,9e257938-0a8b-4b8b-95d2-ab80972bdbbd,2026-08-10T21:45:00Z,2026-08-10T23:45:00+0200,0.146,MW,DE,DE_LU,actual_solar_generation,Solar,2026-08-27T00:57:27Z
2026-08-27T00:55:09Z,2026-08-27T02:55:09+0200,9e257938-0a8b-4b8b-95d2-ab80972bdbbd,2026-08-10T22:00:00Z,2026-08-11T00:00:00+0200,0.156,MW,DE,DE_LU,actual_solar_generation,Solar,2026-08-27T00:57:27Z
2026-08-27T00:55:09Z,2026-08-27T02:55:09+0200,9e257938-0a8b-4b8b-95d2-ab80972bdbbd,2026-08-10T22:15:00Z,2026-08-11T00:15:00+0200,0.151,MW,DE,DE_LU,actual_solar_generation,Solar,2026-08-27T00:57:27Z
2026-08-27T00:55:09Z,2026-08-27T02:55:09+0200,9e257938-0a8b-4b8b-95d2-ab80972bdbbd,2026-08-10T22:30:00Z,2026-08-11T00:30:00+0200,0.149,MW,DE,DE_LU,actual_solar_generation,Solar,2026-08-27T00:57:27Z
2026-08-27T00:55:09Z,2026-08-27T02:55:09+0200,9e257938-0a8b-4b8b-95d2-ab80972bdbbd,2026-08-10T22:45:00Z,2026-08-11T00:45:00+0200,0.138,MW,DE,DE_LU,actual_solar_generation,Solar,2026-08-27T00:57:27Z
2026-08-27T00:55:09Z,2026-08-27T02:55:09+0200,9e257938-0a8b-4b8b-95d2-ab80972bdbbd,2026-08-10T23:00:00Z,2026-08-11T01:00:00+0200,0.113,MW,DE,DE_LU,actual_solar_generation,Solar,2026-08-27T00:57:27Z
2026-08-27T00:55:09Z,2026-08-27T02:55:09+0200,9e257938-0a8b-4b8b-95d2-ab80972bdbbd,2026-08-10T23:15:00Z,2026-08-11T01:15:00+0200,0.111,MW,DE,DE_LU,actual_solar_generation,Solar,2026-08-27T00:57:27Z
2026-08-27T00:55:09Z,2026-08-27T02:55:09+0200,9e257938-0a8b-4b8b-95d2-ab80972bdbbd,2026-08-10T23:30:00Z,2026-08-11T01:30:00+0200,0.114,MW,DE,DE_LU,actual_solar_generation,Solar,2026-08-27T00:57:27Z
2026-08-27T00:55:09Z,2026-08-27T02:55:09+0200,9e257938-0a8b-4b8b-95d2-ab80972bdbbd,2026-08-10T23:45:00Z,2026-08-11T01:45:00+0200,0.107,MW,DE,DE_LU,actual_solar_generation,Solar,2026-08-27T00:57:27Z
2026-08-27T00:55:09Z,2026-08-27T02:55:09+0200,9e257938-0a8b-4b8b-95d2-ab80972bdbbd,2026-08-11T00:00:00Z,2026-08-11T02:00:00+0200,0.107,MW,DE,DE_LU,actual_solar_generation,Solar,2026-08-27T00:57:27Z
2026-08-27T00:55:09Z,2026-08-27T02:55:09+0200,9e257938-0a8b-4b8b-95d2-ab80972bdbbd,2026-08-11T00:15:00Z,2026-08-11T02:15:00+0200,0.112,MW,DE,DE_LU,actual_solar_generation,Solar,2026-08-27T00:57:27Z
2026-08-27T00:55:09Z,2026-08-27T02:55:09+0200,9e257938-0a8b-4b8b-95d2-ab80972bdbbd,2026-08-11T00:30:00Z,2026-08-11T02:30:00+0200,0.098,MW,DE,DE_LU,actual_solar_generation,Solar,2026-08-27T00:57:27Z
2026-08-27T00:55:09Z,2026-08-27T02:55:09+0200,9e257938-0a8b-4b8b-95d2-ab80972bdbbd,2026-08-11T00:45:00Z,2026-08-11T02:45:00+0200,0.103,MW,DE,DE_LU,actual_solar_generation,Solar,2026-08-27T00:57:27Z
2026-08-27T00:55:09Z,2026-08-27T02:55:09+0200,9e257938-0a8b-4b8b-95d2-ab80972bdbbd,2026-08-11T01:00:00Z,2026-08-11T03:00:00+0200,0.089,MW,DE,DE_LU,actual_solar_generation,Solar,2026-08-27T00:57:27Z
2026-08-27T00:55:09Z,2026-08-27T02:55:09+0200,9e257938-0a8b-4b8b-95d2-ab80972bdbbd,2026-08-11T01:15:00Z,2026-08-11T03:15:00+0200,0.086,MW,DE,DE_LU,actual_solar_generation,Solar,2026-08-27T00:57:27Z
2026-08-27T00:55:09Z,2026-08-27T02:55:09+0200,9e257938-0a8b-4b8b-95d2-ab80972bdbbd,2026-08-11T01:30:00Z,2026-08-11T03:30:00+0200,0.088,MW,DE,DE_LU,actual_solar_generation,Solar,2026-08-27T00:57:27Z
2026-08-27T00:55:09Z,2026-08-27T02:55:09+0200,9e257938-0a8b-4b8b-95d2-ab80972bdbbd,2026-08-11T01:45:00Z,2026-08-11T03:45:00+0200,0.081,MW,DE,DE_LU,actual_solar_generation,Solar,2026-08-27T00:57:27Z
2026-08-27T00:55:09Z,2026-08-27T02:55:09+0200,9e257938-0a8b-4b8b-95d2-ab80972bdbbd,2026-08-11T02:00:00Z,2026-08-11T04:00:00+0200,0.07,MW,DE,DE_LU,actual_solar_generation,Solar,2026-08-27T00:57:27Z
2026-08-27T00:55:09Z,2026-08-27T02:55:09+0200,9e257938-0a8b-4b8b-95d2-ab80972bdbbd,2026-08-11T02:15:00Z,2026-08-11T04:15:00+0200,0.065,MW,DE,DE_LU,actual_solar_generation,Solar,2026-08-27T00:57:27Z
2026-08-27T00:55:09Z,2026-08-27T02:55:09+0200,9e257938-0a8b-4b8b-95d2-ab80972bdbbd,2026-08-11T02:30:00Z,2026-08-11T04:30:00+0200,0.066,MW,DE,DE_LU,actual_solar_generation,Solar,2026-08-27T00:57:27Z
2026-08-27T00:55:09Z,2026-08-27T02:55:09+0200,9e257938-0a8b-4b8b-95d2-ab80972bdbbd,2026-08-11T02:45:00Z,2026-08-11T04:45:00+0200,0.071,MW,DE,DE_LU,actual_solar_generation,Solar,2026-08-27T00:57:27Z
2026-08-27T00:55:09Z,2026-08-27T02:55:09+0200,9e257938-0a8b-4b8b-95d2-ab80972bdbbd,2026-08-11T03:00:00Z,2026-08-11T05:00:00+0200,0.066,MW,DE,DE_LU,actual_solar_generation,Solar,2026-08-27T00:57:27Z
2026-08-27T00:55:09Z,2026-08-27T02:55:09+0200,9e257938-0a8b-4b8b-95d2-ab80972bdbbd,2026-08-11T03:15:00Z,2026-08-11T05:15:00+0200,0.084,MW,DE,DE_LU,actual_solar_generation,Solar,2026-08-27T00:57:27Z
2026-08-27T00:55:09Z,2026-08-27T02:55:09+0200,9e257938-0a8b-4b8b-95d2-ab80972bdbbd,2026-08-11T03:30:00Z,2026-08-11T05:30:00+0200,3.37,MW,DE,DE_LU,actual_solar_generation,Solar,2026-08-27T00:57:27Z
2026-08-27T00:55:09Z,2026-08-27T02:55:09+0200,9e257938-0a8b-4b8b-95d2-ab80972bdbbd,2026-08-11T03:45:00Z,2026-08-11T05:45:00+0200,33.787,MW,DE,DE_LU,actual_solar_generation,Solar,2026-08-27T00:57:27Z
2026-08-27T00:55:09Z,2026-08-27T02:55:09+0200,9e257938-0a8b-4b8b-95d2-ab80972bdbbd,2026-08-11T04:00:00Z,2026-08-11T06:00:00+0200,210.361,MW,DE,DE_LU,actual_solar_generation,Solar,2026-08-27T00:57:27Z
2026-08-27T00:55:09Z,2026-08-27T02:55:09+0200,9e257938-0a8b-4b8b-95d2-ab80972bdbbd,2026-08-11T04:15:00Z,2026-08-11T06:15:00+0200,836.242,MW,DE,DE_LU,actual_solar_generation,Solar,2026-08-27T00:57:27Z
2026-08-27T00:55:09Z,2026-08-27T02:55:09+0200,9e257938-0a8b-4b8b-95d2-ab80972bdbbd,2026-08-11T04:30:00Z,2026-08-11T06:30:00+0200,1906.31,MW,DE,DE_LU,actual_solar_generation,Solar,2026-08-27T00:57:27Z
2026-08-27T00:55:09Z,2026-08-27T02:55:09+0200,9e257938-0a8b-4b8b-95d2-ab80972bdbbd,2026-08-11T04:45:00Z,2026-08-11T06:45:00+0200,3262.849,MW,DE,DE_LU,actual_solar_generation,Solar,2026-08-27T00:57:27Z
2026-08-27T00:55:09Z,2026-08-27T02:55:09+0200,9e257938-0a8b-4b8b-95d2-ab80972bdbbd,2026-08-11T05:00:00Z,2026-08-11T07:00:00+0200,4976.362,MW,DE,DE_LU,actual_solar_generation,Solar,2026-08-27T00:57:27Z
2026-08-27T00:55:09Z,2026-08-27T02:55:09+0200,9e257938-0a8b-4b8b-95d2-ab80972bdbbd,2026-08-11T05:15:00Z,2026-08-11T07:15:00+0200,7175.657,MW,DE,DE_LU,actual_solar_generation,Solar,2026-08-27T00:57:27Z
2026-08-27T00:55:09Z,2026-08-27T02:55:09+0200,9e257938-0a8b-4b8b-95d2-ab80972bdbbd,2026-08-11T05:30:00Z,2026-08-11T07:30:00+0200,9814.018,MW,DE,DE_LU,actual_solar_generation,Solar,2026-08-27T00:57:27Z
2026-08-27T00:55:09Z,2026-08-27T02:55:09+0200,9e257938-0a8b-4b8b-95d2-ab80972bdbbd,2026-08-11T05:45:00Z,2026-08-11T07:45:00+0200,12791.936,MW,DE,DE_LU,actual_solar_generation,Solar,2026-08-27T00:57:27Z
2026-08-27T00:55:09Z,2026-08-27T02:55:09+0200,9e257938-0a8b-4b8b-95d2-ab80972bdbbd,2026-08-11T06:00:00Z,2026-08-11T08:00:00+0200,15986.854,MW,DE,DE_LU,actual_solar_generation,Solar,2026-08-27T00:57:27Z
2026-08-27T00:55:09Z,2026-08-27T02:55:09+0200,9e257938-0a8b-4b8b-95d2-ab80972bdbbd,2026-08-11T06:15:00Z,2026-08-11T08:15:00+0200,19381.795,MW,DE,DE_LU,actual_solar_generation,Solar,2026-08-27T00:57:27Z
2026-08-27T00:55:09Z,2026-08-27T02:55:09+0200,9e257938-0a8b-4b8b-95d2-ab80972bdbbd,2026-08-11T06:30:00Z,2026-08-11T08:30:00+0200,22729.062,MW,DE,DE_LU,actual_solar_generation,Solar,2026-08-27T00:57:27Z
2026-08-27T00:55:09Z,2026-08-27T02:55:09+0200,9e257938-0a8b-4b8b-95d2-ab80972bdbbd,2026-08-11T06:45:00Z,2026-08-11T08:45:00+0200,25937.406,MW,DE,DE_LU,actual_solar_generation,Solar,2026-08-27T00:57:27Z
2026-08-27T00:55:09Z,2026-08-27T02:55:09+0200,9e257938-0a8b-4b8b-95d2-ab80972bdbbd,2026-08-11T07:00:00Z,2026-08-11T09:00:00+0200,29256.228,MW,DE,DE_LU,actual_solar_generation,Solar,2026-08-27T00:57:27Z
2026-08-27T00:55:09Z,2026-08-27T02:55:09+0200,9e257938-0a8b-4b8b-95d2-ab80972bdbbd,2026-08-11T07:15:00Z,2026-08-11T09:15:00+0200,32253.201,MW,DE,DE_LU,actual_solar_generation,Solar,2026-08-27T00:57:27Z
2026-08-27T00:55:09Z,2026-08-27T02:55:09+0200,9e257938-0a8b-4b8b-95d2-ab80972bdbbd,2026-08-11T07:30:00Z,2026-08-11T09:30:00+0200,35346.817,MW,DE,DE_LU,actual_solar_generation,Solar,2026-08-27T00:57:27Z
2026-08-27T00:55:09Z,2026-08-27T02:55:09+0200,9e257938-0a8b-4b8b-95d2-ab80972bdbbd,2026-08-11T07:45:00Z,2026-08-11T09:45:00+0200,37969.952,MW,DE,DE_LU,actual_solar_generation,Solar,2026-08-27T00:57:27Z
2026-08-27T00:55:09Z,2026-08-27T02:55:09+0200,9e257938-0a8b-4b8b-95d2-ab80972bdbbd,2026-08-11T08:00:00Z,2026-08-11T10:00:00+0200,40647.018,MW,DE,DE_LU,actual_solar_generation,Solar,2026-08-27T00:57:27Z
2026-08-27T00:55:09Z,2026-08-27T02:55:09+0200,9e257938-0a8b-4b8b-95d2-ab80972bdbbd,2026-08-11T08:15:00Z,2026-08-11T10:15:00+0200,42877.09,MW,DE,DE_LU,actual_solar_generation,Solar,2026-08-27T00:57:27Z
2026-08-27T00:55:09Z,2026-08-27T02:55:09+0200,9e257938-0a8b-4b8b-95d2-ab80972bdbbd,2026-08-11T08:30:00Z,2026-08-11T10:30:00+0200,44541.62,MW,DE,DE_LU,actual_solar_generation,Solar,2026-08-27T00:57:27Z
2026-08-27T00:55:09Z,2026-08-27T02:55:09+0200,9e257938-0a8b-4b8b-95d2-ab80972bdbbd,2026-08-11T08:45:00Z,2026-08-11T10:45:00+0200,46514.75,MW,DE,DE_LU,actual_solar_generation,Solar,2026-08-27T00:57:27Z
2026-08-27T00:55:09Z,2026-08-27T02:55:09+0200,9e257938-0a8b-4b8b-95d2-ab80972bdbbd,2026-08-11T09:00:00Z,2026-08-11T11:00:00+0200,48326.716,MW,DE,DE_LU,actual_solar_generation,Solar,2026-08-27T00:57:27Z
2026-08-27T00:55:09Z,2026-08-27T02:55:09+0200,9e257938-0a8b-4b8b-95d2-ab80972bdbbd,2026-08-11T09:15:00Z,2026-08-11T11:15:00+0200,49722.151,MW,DE,DE_LU,actual_solar_generation,Solar,2026-08-27T00:57:27Z
2026-08-27T00:55:09Z,2026-08-27T02:55:09+0200,9e257938-0a8b-4b8b-95d2-ab80972bdbbd,2026-08-11T09:30:00Z,2026-08-11T11:30:00+0200,50849.867,MW,DE,DE_LU,actual_solar_generation,Solar,2026-08-27T00:57:27Z
2026-08-27T00:55:09Z,2026-08-27T02:55:09+0200,9e257938-0a8b-4b8b-95d2-ab80972bdbbd,2026-08-11T09:45:00Z,2026-08-11T11:45:00+0200,51900.716,MW,DE,DE_LU,actual_solar_generation,Solar,2026-08-27T00:57:27Z
2026-08-27T00:55:09Z,2026-08-27T02:55:09+0200,9e257938-0a8b-4b8b-95d2-ab80972bdbbd,2026-08-11T10:00:00Z,2026-08-11T12:00:00+0200,52461.257,MW,DE,DE_LU,actual_solar_generation,Solar,2026-08-27T00:57:27Z
2026-08-27T00:55:09Z,2026-08-27T02:55:09+0200,9e257938-0a8b-4b8b-95d2-ab80972bdbbd,2026-08-11T10:15:00Z,2026-08-11T12:15:00+0200,52858.5,MW,DE,DE_LU,actual_solar_generation,Solar,2026-08-27T00:57:27Z
2026-08-27T00:55:09Z,2026-08-27T02:55:09+0200,9e257938-0a8b-4b8b-95d2-ab80972bdbbd,2026-08-11T10:30:00Z,2026-08-11T12:30:00+0200,53140.374,MW,DE,DE_LU,actual_solar_generation,Solar,2026-08-27T00:57:27Z
2026-08-27T00:55:09Z,2026-08-27T02:55:09+0200,9e257938-0a8b-4b8b-95d2-ab80972bdbbd,2026-08-11T10:45:00Z,2026-08-11T12:45:00+0200,52625.147,MW,DE,DE_LU,actual_solar_generation,Solar,2026-08-27T00:57:27Z
2026-08-27T00:55:09Z,2026-08-27T02:55:09+0200,9e257938-0a8b-4b8b-95d2-ab80972bdbbd,2026-08-11T11:00:00Z,2026-08-11T13:00:00+0200,51543.982,MW,DE,DE_LU,actual_solar_generation,Solar,2026-08-27T00:57:27Z
2026-08-27T00:55:09Z,2026-08-27T02:55:09+0200,9e257938-0a8b-4b8b-95d2-ab80972bdbbd,2026-08-11T11:15:00Z,2026-08-11T13:15:00+0200,51865.85,MW,DE,DE_LU,actual_solar_generation,Solar,2026-08-27T00:57:27Z
2026-08-27T00:55:09Z,2026-08-27T02:55:09+0200,9e257938-0a8b-4b8b-95d2-ab80972bdbbd,2026-08-11T11:30:00Z,2026-08-11T13:30:00+0200,51722.303,MW,DE,DE_LU,actual_solar_generation,Solar,2026-08-27T00:57:27Z
2026-08-27T00:55:09Z,2026-08-27T02:55:09+0200,9e257938-0a8b-4b8b-95d2-ab80972bdbbd,2026-08-11T11:45:00Z,2026-08-11T13:45:00+0200,51530.2,MW,DE,DE_LU,actual_solar_generation,Solar,2026-08-27T00:57:27Z
2026-08-27T00:55:09Z,2026-08-27T02:55:09+0200,9e257938-0a8b-4b8b-95d2-ab80972bdbbd,2026-08-11T12:00:00Z,2026-08-11T14:00:00+0200,51421.914,MW,DE,DE_LU,actual_solar_generation,Solar,2026-08-27T00:57:27Z
2026-08-27T00:55:09Z,2026-08-27T02:55:09+0200,9e257938-0a8b-4b8b-95d2-ab80972bdbbd,2026-08-11T12:15:00Z,2026-08-11T14:15:00+0200,50763.992,MW,DE,DE_LU,actual_solar_generation,Solar,2026-08-27T00:57:27Z
2026-08-27T00:55:09Z,2026-08-27T02:55:09+0200,9e257938-0a8b-4b8b-95d2-ab80972bdbbd,2026-08-11T12:30:00Z,2026-08-11T14:30:00+0200,50194.04,MW,DE,DE_LU,actual_solar_generation,Solar,2026-08-27T00:57:27Z
2026-08-27T00:55:09Z,2026-08-27T02:55:09+0200,9e257938-0a8b-4b8b-95d2-ab80972bdbbd,2026-08-11T12:45:00Z,2026-08-11T14:45:00+0200,49229.515,MW,DE,DE_LU,actual_solar_generation,Solar,2026-08-27T00:57:27Z
2026-08-27T00:55:09Z,2026-08-27T02:55:09+0200,9e257938-0a8b-4b8b-95d2-ab80972bdbbd,2026-08-11T13:00:00Z,2026-08-11T15:00:00+0200,50409.24,MW,DE,DE_LU,actual_solar_generation,Solar,2026-08-27T00:57:27Z
2026-08-27T00:55:09Z,2026-08-27T02:55:09+0200,9e257938-0a8b-4b8b-95d2-ab80972bdbbd,2026-08-11T13:15:00Z,2026-08-11T15:15:00+0200,49783.059,MW,DE,DE_LU,actual_solar_generation,Solar,2026-08-27T00:57:27Z
2026-08-27T00:55:09Z,2026-08-27T02:55:09+0200,9e257938-0a8b-4b8b-95d2-ab80972bdbbd,2026-08-11T13:30:00Z,2026-08-11T15:30:00+0200,47905.518,MW,DE,DE_LU,actual_solar_generation,Solar,2026-08-27T00:57:27Z
2026-08-27T00:55:09Z,2026-08-27T02:55:09+0200,9e257938-0a8b-4b8b-95d2-ab80972bdbbd,2026-08-11T13:45:00Z,2026-08-11T15:45:00+0200,46761.453,MW,DE,DE_LU,actual_solar_generation,Solar,2026-08-27T00:57:27Z
2026-08-27T00:55:09Z,2026-08-27T02:55:09+0200,9e257938-0a8b-4b8b-95d2-ab80972bdbbd,2026-08-11T14:00:00Z,2026-08-11T16:00:00+0200,45008.037,MW,DE,DE_LU,actual_solar_generation,Solar,2026-08-27T00:57:27Z
2026-08-27T00:55:09Z,2026-08-27T02:55:09+0200,9e257938-0a8b-4b8b-95d2-ab80972bdbbd,2026-08-11T14:15:00Z,2026-08-11T16:15:00+0200,42657.073,MW,DE,DE_LU,actual_solar_generation,Solar,2026-08-27T00:57:27Z
2026-08-27T00:55:09Z,2026-08-27T02:55:09+0200,9e257938-0a8b-4b8b-95d2-ab80972bdbbd,2026-08-11T14:30:00Z,2026-08-11T16:30:00+0200,40189.354,MW,DE,DE_LU,actual_solar_generation,Solar,2026-08-27T00:57:27Z
2026-08-27T00:55:09Z,2026-08-27T02:55:09+0200,9e257938-0a8b-4b8b-95d2-ab80972bdbbd,2026-08-11T14:45:00Z,2026-08-11T16:45:00+0200,38096.088,MW,DE,DE_LU,actual_solar_generation,Solar,2026-08-27T00:57:27Z
2026-08-27T00:55:09Z,2026-08-27T02:55:09+0200,9e257938-0a8b-4b8b-95d2-ab80972bdbbd,2026-08-11T15:00:00Z,2026-08-11T17:00:00+0200,35725.666,MW,DE,DE_LU,actual_solar_generation,Solar,2026-08-27T00:57:27Z
2026-08-27T00:55:09Z,2026-08-27T02:55:09+0200,9e257938-0a8b-4b8b-95d2-ab80972bdbbd,2026-08-11T15:15:00Z,2026-08-11T17:15:00+0200,32904.656,MW,DE,DE_LU,actual_solar_generation,Solar,2026-08-27T00:57:27Z
2026-08-27T00:55:09Z,2026-08-27T02:55:09+0200,9e257938-0a8b-4b8b-95d2-ab80972bdbbd,2026-08-11T15:30:00Z,2026-08-11T17:30:00+0200,29655.688,MW,DE,DE_LU,actual_solar_generation,Solar,2026-08-27T00:57:27Z
2026-08-27T00:55:09Z,2026-08-27T02:55:09+0200,9e257938-0a8b-4b8b-95d2-ab80972bdbbd,2026-08-11T15:45:00Z,2026-08-11T17:45:00+0200,26421.677,MW,DE,DE_LU,actual_solar_generation,Solar,2026-08-27T00:57:27Z
2026-08-27T00:55:09Z,2026-08-27T02:55:09+0200,9e257938-0a8b-4b8b-95d2-ab80972bdbbd,2026-08-11T16:00:00Z,2026-08-11T18:00:00+0200,23053.219,MW,DE,DE_LU,actual_solar_generation,Solar,2026-08-27T00:57:27Z
2026-08-27T00:55:09Z,2026-08-27T02:55:09+0200,9e257938-0a8b-4b8b-95d2-ab80972bdbbd,2026-08-11T16:15:00Z,2026-08-11T18:15:00+0200,19646.821,MW,DE,DE_LU,actual_solar_generation,Solar,2026-08-27T00:57:27Z
2026-08-27T00:55:09Z,2026-08-27T02:55:09+0200,9e257938-0a8b-4b8b-95d2-ab80972bdbbd,2026-08-11T16:30:00Z,2026-08-11T18:30:00+0200,16255.427,MW,DE,DE_LU,actual_solar_generation,Solar,2026-08-27T00:57:27Z
2026-08-27T00:55:09Z,2026-08-27T02:55:09+0200,9e257938-0a8b-4b8b-95d2-ab80972bdbbd,2026-08-11T16:45:00Z,2026-08-11T18:45:00+0200,12943.266,MW,DE,DE_LU,actual_solar_generation,Solar,2026-08-27T00:57:27Z
2026-08-27T00:55:09Z,2026-08-27T02:55:09+0200,9e257938-0a8b-4b8b-95d2-ab80972bdbbd,2026-08-11T17:00:00Z,2026-08-11T19:00:00+0200,9972.908,MW,DE,DE_LU,actual_solar_generation,Solar,2026-08-27T00:57:27Z
2026-08-27T00:55:09Z,2026-08-27T02:55:09+0200,9e257938-0a8b-4b8b-95d2-ab80972bdbbd,2026-08-11T17:15:00Z,2026-08-11T19:15:00+0200,7289.85,MW,DE,DE_LU,actual_solar_generation,Solar,2026-08-27T00:57:27Z
2026-08-27T00:55:09Z,2026-08-27T02:55:09+0200,9e257938-0a8b-4b8b-95d2-ab80972bdbbd,2026-08-11T17:30:00Z,2026-08-11T19:30:00+0200,5030.183,MW,DE,DE_LU,actual_solar_generation,Solar,2026-08-27T00:57:27Z
2026-08-27T00:55:09Z,2026-08-27T02:55:09+0200,9e257938-0a8b-4b8b-95d2-ab80972bdbbd,2026-08-11T17:45:00Z,2026-08-11T19:45:00+0200,3232.419,MW,DE,DE_LU,actual_solar_generation,Solar,2026-08-27T00:57:27Z
2026-08-27T00:55:09Z,2026-08-27T02:55:09+0200,9e257938-0a8b-4b8b-95d2-ab80972bdbbd,2026-08-11T18:00:00Z,2026-08-11T20:00:00+0200,1869.739,MW,DE,DE_LU,actual_solar_generation,Solar,2026-08-27T00:57:27Z
2026-08-27T00:55:09Z,2026-08-27T02:55:09+0200,9e257938-0a8b-4b8b-95d2-ab80972bdbbd,2026-08-11T18:15:00Z,2026-08-11T20:15:00+0200,847.661,MW,DE,DE_LU,actual_solar_generation,Solar,2026-08-27T00:57:27Z
2026-08-27T00:55:09Z,2026-08-27T02:55:09+0200,9e257938-0a8b-4b8b-95d2-ab80972bdbbd,2026-08-11T18:30:00Z,2026-08-11T20:30:00+0200,261.791,MW,DE,DE_LU,actual_solar_generation,Solar,2026-08-27T00:57:27Z
2026-08-27T00:55:09Z,2026-08-27T02:55:09+0200,9e257938-0a8b-4b8b-95d2-ab80972bdbbd,2026-08-11T18:45:00Z,2026-08-11T20:45:00+0200,51.118,MW,DE,DE_LU,actual_solar_generation,Solar,2026-08-27T00:57:27Z
2026-08-27T00:55:09Z,2026-08-27T02:55:09+0200,9e257938-0a8b-4b8b-95d2-ab80972bdbbd,2026-08-11T19:00:00Z,2026-08-11T21:00:00+0200,4.197,MW,DE,DE_LU,actual_solar_generation,Solar,2026-08-27T00:57:27Z
2026-08-27T00:55:09Z,2026-08-27T02:55:09+0200,9e257938-0a8b-4b8b-95d2-ab80972bdbbd,2026-08-11T19:15:00Z,2026-08-11T21:15:00+0200,0.701,MW,DE,DE_LU,actual_solar_generation,Solar,2026-08-27T00:57:27Z
2026-08-27T00:55:09Z,2026-08-27T02:55:09+0200,9e257938-0a8b-4b8b-95d2-ab80972bdbbd,2026-08-11T19:30:00Z,2026-08-11T21:30:00+0200,0.296,MW,DE,DE_LU,actual_solar_generation,Solar,2026-08-27T00:57:27Z
2026-08-27T00:55:09Z,2026-08-27T02:55:09+0200,9e257938-0a8b-4b8b-95d2-ab80972bdbbd,2026-08-11T19:45:00Z,2026-08-11T21:45:00+0200,0.262,MW,DE,DE_LU,actual_solar_generation,Solar,2026-08-27T00:57:27Z
2026-08-27T00:55:09Z,2026-08-27T02:55:09+0200,9e257938-0a8b-4b8b-95d2-ab80972bdbbd,2026-08-11T20:00:00Z,2026-08-11T22:00:00+0200,0.263,MW,DE,DE_LU,actual_solar_generation,Solar,2026-08-27T00:57:27Z
2026-08-27T00:55:09Z,2026-08-27T02:55:09+0200,9e257938-0a8b-4b8b-95d2-ab80972bdbbd,2026-08-11T20:15:00Z,2026-08-11T22:15:00+0200,0.257,MW,DE,DE_LU,actual_solar_generation,Solar,2026-08-27T00:57:27Z
2026-08-27T00:55:09Z,2026-08-27T02:55:09+0200,9e257938-0a8b-4b8b-95d2-ab80972bdbbd,2026-08-11T20:30:00Z,2026-08-11T22:30:00+0200,0.244,MW,DE,DE_LU,actual_solar_generation,Solar,2026-08-27T00:57:27Z
2026-08-27T00:55:09Z,2026-08-27T02:55:09+0200,9e257938-0a8b-4b8b-95d2-ab80972bdbbd,2026-08-11T20:45:00Z,2026-08-11T22:45:00+0200,0.207,MW,DE,DE_LU,actual_solar_generation,Solar,2026-08-27T00:57:27Z
2026-08-27T00:55:09Z,2026-08-27T02:55:09+0200,9e257938-0a8b-4b8b-95d2-ab80972bdbbd,2026-08-11T21:00:00Z,2026-08-11T23:00:00+0200,0.206,MW,DE,DE_LU,actual_solar_generation,Solar,2026-08-27T00:57:27Z
2026-08-27T00:55:09Z,2026-08-27T02:55:09+0200,9e257938-0a8b-4b8b-95d2-ab80972bdbbd,2026-08-11T21:15:00Z,2026-08-11T23:15:00+0200,0.192,MW,DE,DE_LU,actual_solar_generation,Solar,2026-08-27T00:57:27Z
2026-08-27T00:55:09Z,2026-08-27T02:55:09+0200,9e257938-0a8b-4b8b-95d2-ab80972bdbbd,2026-08-11T21:30:00Z,2026-08-11T23:30:00+0200,0.17,MW,DE,DE_LU,actual_solar_generation,Solar,2026-08-27T00:57:27Z
2026-08-27T00:55:09Z,2026-08-27T02:55:09+0200,9e257938-0a8b-4b8b-95d2-ab80972bdbbd,2026-08-11T21:45:00Z,2026-08-11T23:45:00+0200,0.157,MW,DE,DE_LU,actual_solar_generation,Solar,2026-08-27T00:57:27Z
2026-08-27T00:55:09Z,2026-08-27T02:55:09+0200,9e257938-0a8b-4b8b-95d2-ab80972bdbbd,2026-08-11T22:00:00Z,2026-08-12T00:00:00+0200,0.143,MW,DE,DE_LU,actual_solar_generation,Solar,2026-08-27T00:57:27Z
2026-08-27T00:55:09Z,2026-08-27T02:55:09+0200,9e257938-0a8b-4b8b-95d2-ab80972bdbbd,2026-08-11T22:15:00Z,2026-08-12T00:15:00+0200,0.13,MW,DE,DE_LU,actual_solar_generation,Solar,2026-08-27T00:57:27Z
2026-08-27T00:55:09Z,2026-08-27T02:55:09+0200,9e257938-0a8b-4b8b-95d2-ab80972bdbbd,2026-08-11T22:30:00Z,2026-08-12T00:30:00+0200,0.13,MW,DE,DE_LU,actual_solar_generation,Solar,2026-08-27T00:57:27Z
2026-08-27T00:55:09Z,2026-08-27T02:55:09+0200,9e257938-0a8b-4b8b-95d2-ab80972bdbbd,2026-08-11T22:45:00Z,2026-08-12T00:45:00+0200,0.127,MW,DE,DE_LU,actual_solar_generation,Solar,2026-08-27T00:57:27Z
2026-08-27T00:55:09Z,2026-08-27T02:55:09+0200,9e257938-0a8b-4b8b-95d2-ab80972bdbbd,2026-08-11T23:00:00Z,2026-08-12T01:00:00+0200,0.132,MW,DE,DE_LU,actual_solar_generation,Solar,2026-08-27T00:57:27Z
2026-08-27T00:55:09Z,2026-08-27T02:55:09+0200,9e257938-0a8b-4b8b-95d2-ab80972bdbbd,2026-08-11T23:15:00Z,2026-08-12T01:15:00+0200,0.109,MW,DE,DE_LU,actual_solar_generation,Solar,2026-08-27T00:57:27Z
2026-08-27T00:55:09Z,2026-08-27T02:55:09+0200,9e257938-0a8b-4b8b-95d2-ab80972bdbbd,2026-08-11T23:30:00Z,2026-08-12T01:30:00+0200,0.096,MW,DE,DE_LU,actual_solar_generation,Solar,2026-08-27T00:57:27Z
2026-08-27T00:55:09Z,2026-08-27T02:55:09+0200,9e257938-0a8b-4b8b-95d2-ab80972bdbbd,2026-08-11T23:45:00Z,2026-08-12T01:45:00+0200,0.099,MW,DE,DE_LU,actual_solar_generation,Solar,2026-08-27T00:57:27Z
2026-08-27T00:55:09Z,2026-08-27T02:55:09+0200,9e257938-0a8b-4b8b-95d2-ab80972bdbbd,2026-08-12T00:00:00Z,2026-08-12T02:00:00+0200,0.092,MW,DE,DE_LU,actual_solar_generation,Solar,2026-08-27T00:57:27Z
2026-08-27T00:55:09Z,2026-08-27T02:55:09+0200,9e257938-0a8b-4b8b-95d2-ab80972bdbbd,2026-08-12T00:15:00Z,2026-08-12T02:15:00+0200,0.086,MW,DE,DE_LU,actual_solar_generation,Solar,2026-08-27T00:57:27Z
2026-08-27T00:55:09Z,2026-08-27T02:55:09+0200,9e257938-0a8b-4b8b-95d2-ab80972bdbbd,2026-08-12T00:30:00Z,2026-08-12T02:30:00+0200,0.078,MW,DE,DE_LU,actual_solar_generation,Solar,2026-08-27T00:57:27Z
2026-08-27T00:55:09Z,2026-08-27T02:55:09+0200,9e257938-0a8b-4b8b-95d2-ab80972bdbbd,2026-08-12T00:45:00Z,2026-08-12T02:45:00+0200,0.077,MW,DE,DE_LU,actual_solar_generation,Solar,2026-08-27T00:57:27Z
2026-08-27T00:55:09Z,2026-08-27T02:55:09+0200,9e257938-0a8b-4b8b-95d2-ab80972bdbbd,2026-08-12T01:00:00Z,2026-08-12T03:00:00+0200,0.079,MW,DE,DE_LU,actual_solar_generation,Solar,2026-08-27T00:57:27Z
2026-08-27T00:55:09Z,2026-08-27T02:55:09+0200,9e257938-0a8b-4b8b-95d2-ab80972bdbbd,2026-08-12T01:15:00Z,2026-08-12T03:15:00+0200,0.073,MW,DE,DE_LU,actual_solar_generation,Solar,2026-08-27T00:57:27Z
2026-08-27T00:55:09Z,2026-08-27T02:55:09+0200,9e257938-0a8b-4b8b-95d2-ab80972bdbbd,2026-08-12T01:30:00Z,2026-08-12T03:30:00+0200,0.073,MW,DE,DE_LU,actual_solar_generation,Solar,2026-08-27T00:57:27Z
2026-08-27T00:55:09Z,2026-08-27T02:55:09+0200,9e257938-0a8b-4b8b-95d2-ab80972bdbbd,2026-08-12T01:45:00Z,2026-08-12T03:45:00+0200,0.077,MW,DE,DE_LU,actual_solar_generation,Solar,2026-08-27T00:57:27Z
2026-08-27T00:55:09Z,2026-08-27T02:55:09+0200,9e257938-0a8b-4b8b-95d2-ab80972bdbbd,2026-08-12T02:00:00Z,2026-08-12T04:00:00+0200,0.082,MW,DE,DE_LU,actual_solar_generation,Solar,2026-08-27T00:57:27Z
2026-08-27T00:55:09Z,2026-08-27T02:55:09+0200,9e257938-0a8b-4b8b-95d2-ab80972bdbbd,2026-08-12T02:15:00Z,2026-08-12T04:15:00+0200,0.084,MW,DE,DE_LU,actual_solar_generation,Solar,2026-08-27T00:57:27Z
2026-08-27T00:55:09Z,2026-08-27T02:55:09+0200,9e257938-0a8b-4b8b-95d2-ab80972bdbbd,2026-08-12T02:30:00Z,2026-08-12T04:30:00+0200,0.083,MW,DE,DE_LU,actual_solar_generation,Solar,2026-08-27T00:57:27Z
2026-08-27T00:55:09Z,2026-08-27T02:55:09+0200,9e257938-0a8b-4b8b-95d2-ab80972bdbbd,2026-08-12T02:45:00Z,2026-08-12T04:45:00+0200,0.075,MW,DE,DE_LU,actual_solar_generation,Solar,2026-08-27T00:57:27Z
2026-08-27T00:55:09Z,2026-08-27T02:55:09+0200,9e257938-0a8b-4b8b-95d2-ab80972bdbbd,2026-08-12T03:00:00Z,2026-08-12T05:00:00+0200,0.073,MW,DE,DE_LU,actual_solar_generation,Solar,2026-08-27T00:57:27Z
2026-08-27T00:55:09Z,2026-08-27T02:55:09+0200,9e257938-0a8b-4b8b-95d2-ab80972bdbbd,2026-08-12T03:15:00Z,2026-08-12T05:15:00+0200,0.066,MW,DE,DE_LU,actual_solar_generation,Solar,2026-08-27T00:57:27Z
2026-08-27T00:55:09Z,2026-08-27T02:55:09+0200,9e257938-0a8b-4b8b-95d2-ab80972bdbbd,2026-08-12T03:30:00Z,2026-08-12T05:30:00+0200,2.126,MW,DE,DE_LU,actual_solar_generation,Solar,2026-08-27T00:57:27Z
2026-08-27T00:55:09Z,2026-08-27T02:55:09+0200,9e257938-0a8b-4b8b-95d2-ab80972bdbbd,2026-08-12T03:45:00Z,2026-08-12T05:45:00+0200,28.727,MW,DE,DE_LU,actual_solar_generation,Solar,2026-08-27T00:57:27Z
2026-08-27T00:55:09Z,2026-08-27T02:55:09+0200,9e257938-0a8b-4b8b-95d2-ab80972bdbbd,2026-08-12T04:00:00Z,2026-08-12T06:00:00+0200,197.867,MW,DE,DE_LU,actual_solar_generation,Solar,2026-08-27T00:57:27Z
2026-08-27T00:55:09Z,2026-08-27T02:55:09+0200,9e257938-0a8b-4b8b-95d2-ab80972bdbbd,2026-08-12T04:15:00Z,2026-08-12T06:15:00+0200,782.932,MW,DE,DE_LU,actual_solar_generation,Solar,2026-08-27T00:57:27Z
2026-08-27T00:55:09Z,2026-08-27T02:55:09+0200,9e257938-0a8b-4b8b-95d2-ab80972bdbbd,2026-08-12T04:30:00Z,2026-08-12T06:30:00+0200,1912.448,MW,DE,DE_LU,actual_solar_generation,Solar,2026-08-27T00:57:27Z
2026-08-27T00:55:09Z,2026-08-27T02:55:09+0200,9e257938-0a8b-4b8b-95d2-ab80972bdbbd,2026-08-12T04:45:00Z,2026-08-12T06:45:00+0200,3343.409,MW,DE,DE_LU,actual_solar_generation,Solar,2026-08-27T00:57:27Z
2026-08-27T00:55:09Z,2026-08-27T02:55:09+0200,9e257938-0a8b-4b8b-95d2-ab80972bdbbd,2026-08-12T05:00:00Z,2026-08-12T07:00:00+0200,5202.618,MW,DE,DE_LU,actual_solar_generation,Solar,2026-08-27T00:57:27Z
2026-08-27T00:55:09Z,2026-08-27T02:55:09+0200,9e257938-0a8b-4b8b-95d2-ab80972bdbbd,2026-08-12T05:15:00Z,2026-08-12T07:15:00+0200,7532.0,MW,DE,DE_LU,actual_solar_generation,Solar,2026-08-27T00:57:27Z
2026-08-27T00:55:09Z,2026-08-27T02:55:09+0200,9e257938-0a8b-4b8b-95d2-ab80972bdbbd,2026-08-12T05:30:00Z,2026-08-12T07:30:00+0200,10269.07,MW,DE,DE_LU,actual_solar_generation,Solar,2026-08-27T00:57:27Z
2026-08-27T00:55:09Z,2026-08-27T02:55:09+0200,9e257938-0a8b-4b8b-95d2-ab80972bdbbd,2026-08-12T05:45:00Z,2026-08-12T07:45:00+0200,13449.284,MW,DE,DE_LU,actual_solar_generation,Solar,2026-08-27T00:57:27Z
2026-08-27T00:55:09Z,2026-08-27T02:55:09+0200,9e257938-0a8b-4b8b-95d2-ab80972bdbbd,2026-08-12T06:00:00Z,2026-08-12T08:00:00+0200,16891.17,MW,DE,DE_LU,actual_solar_generation,Solar,2026-08-27T00:57:27Z
2026-08-27T00:55:09Z,2026-08-27T02:55:09+0200,9e257938-0a8b-4b8b-95d2-ab80972bdbbd,2026-08-12T06:15:00Z,2026-08-12T08:15:00+0200,20516.281,MW,DE,DE_LU,actual_solar_generation,Solar,2026-08-27T00:57:27Z
2026-08-27T00:55:09Z,2026-08-27T02:55:09+0200,9e257938-0a8b-4b8b-95d2-ab80972bdbbd,2026-08-12T06:30:00Z,2026-08-12T08:30:00+0200,24212.384,MW,DE,DE_LU,actual_solar_generation,Solar,2026-08-27T00:57:27Z
2026-08-27T00:55:09Z,2026-08-27T02:55:09+0200,9e257938-0a8b-4b8b-95d2-ab80972bdbbd,2026-08-12T06:45:00Z,2026-08-12T08:45:00+0200,27811.123,MW,DE,DE_LU,actual_solar_generation,Solar,2026-08-27T00:57:27Z
2026-08-27T00:55:09Z,2026-08-27T02:55:09+0200,9e257938-0a8b-4b8b-95d2-ab80972bdbbd,2026-08-12T07:00:00Z,2026-08-12T09:00:00+0200,31227.183,MW,DE,DE_LU,actual_solar_generation,Solar,2026-08-27T00:57:27Z
2026-08-27T00:55:09Z,2026-08-27T02:55:09+0200,9e257938-0a8b-4b8b-95d2-ab80972bdbbd,2026-08-12T07:15:00Z,2026-08-12T09:15:00+0200,34578.789,MW,DE,DE_LU,actual_solar_generation,Solar,2026-08-27T00:57:27Z
2026-08-27T00:55:09Z,2026-08-27T02:55:09+0200,9e257938-0a8b-4b8b-95d2-ab80972bdbbd,2026-08-12T07:30:00Z,2026-08-12T09:30:00+0200,37837.642,MW,DE,DE_LU,actual_solar_generation,Solar,2026-08-27T00:57:27Z
2026-08-27T00:55:09Z,2026-08-27T02:55:09+0200,9e257938-0a8b-4b8b-95d2-ab80972bdbbd,2026-08-12T07:45:00Z,2026-08-12T09:45:00+0200,40994.908,MW,DE,DE_LU,actual_solar_generation,Solar,2026-08-27T00:57:27Z
2026-08-27T00:55:09Z,2026-08-27T02:55:09+0200,9e257938-0a8b-4b8b-95d2-ab80972bdbbd,2026-08-12T08:00:00Z,2026-08-12T10:00:00+0200,43197.962,MW,DE,DE_LU,actual_solar_generation,Solar,2026-08-27T00:57:27Z
2026-08-27T00:55:09Z,2026-08-27T02:55:09+0200,9e257938-0a8b-4b8b-95d2-ab80972bdbbd,2026-08-12T08:15:00Z,2026-08-12T10:15:00+0200,45614.552,MW,DE,DE_LU,actual_solar_generation,Solar,2026-08-27T00:57:27Z
2026-08-27T00:55:09Z,2026-08-27T02:55:09+0200,9e257938-0a8b-4b8b-95d2-ab80972bdbbd,2026-08-12T08:30:00Z,2026-08-12T10:30:00+0200,47938.503,MW,DE,DE_LU,actual_solar_generation,Solar,2026-08-27T00:57:27Z
2026-08-27T00:55:09Z,2026-08-27T02:55:09+0200,9e257938-0a8b-4b8b-95d2-ab80972bdbbd,2026-08-12T08:45:00Z,2026-08-12T10:45:00+0200,50080.042,MW,DE,DE_LU,actual_solar_generation,Solar,2026-08-27T00:57:27Z
2026-08-27T00:55:09Z,2026-08-27T02:55:09+0200,9e257938-0a8b-4b8b-95d2-ab80972bdbbd,2026-08-12T09:00:00Z,2026-08-12T11:00:00+0200,52305.916,MW,DE,DE_LU,actual_solar_generation,Solar,2026-08-27T00:57:27Z
2026-08-27T00:55:09Z,2026-08-27T02:55:09+0200,9e257938-0a8b-4b8b-95d2-ab80972bdbbd,2026-08-12T09:15:00Z,2026-08-12T11:15:00+0200,53592.589,MW,DE,DE_LU,actual_solar_generation,Solar,2026-08-27T00:57:27Z
2026-08-27T00:55:09Z,2026-08-27T02:55:09+0200,9e257938-0a8b-4b8b-95d2-ab80972bdbbd,2026-08-12T09:30:00Z,2026-08-12T11:30:00+0200,55011.096,MW,DE,DE_LU,actual_solar_generation,Solar,2026-08-27T00:57:27Z
2026-08-27T00:55:09Z,2026-08-27T02:55:09+0200,9e257938-0a8b-4b8b-95d2-ab80972bdbbd,2026-08-12T09:45:00Z,2026-08-12T11:45:00+0200,56225.716,MW,DE,DE_LU,actual_solar_generation,Solar,2026-08-27T00:57:27Z
2026-08-27T00:55:09Z,2026-08-27T02:55:09+0200,9e257938-0a8b-4b8b-95d2-ab80972bdbbd,2026-08-12T10:00:00Z,2026-08-12T12:00:00+0200,56278.804,MW,DE,DE_LU,actual_solar_generation,Solar,2026-08-27T00:57:27Z
2026-08-27T00:55:09Z,2026-08-27T02:55:09+0200,9e257938-0a8b-4b8b-95d2-ab80972bdbbd,2026-08-12T10:15:00Z,2026-08-12T12:15:00+0200,57025.939,MW,DE,DE_LU,actual_solar_generation,Solar,2026-08-27T00:57:27Z
2026-08-27T00:55:09Z,2026-08-27T02:55:09+0200,9e257938-0a8b-4b8b-95d2-ab80972bdbbd,2026-08-12T10:30:00Z,2026-08-12T12:30:00+0200,57684.162,MW,DE,DE_LU,actual_solar_generation,Solar,2026-08-27T00:57:27Z
2026-08-27T00:55:09Z,2026-08-27T02:55:09+0200,9e257938-0a8b-4b8b-95d2-ab80972bdbbd,2026-08-12T10:45:00Z,2026-08-12T12:45:00+0200,58049.651,MW,DE,DE_LU,actual_solar_generation,Solar,2026-08-27T00:57:27Z
2026-08-27T00:55:09Z,2026-08-27T02:55:09+0200,9e257938-0a8b-4b8b-95d2-ab80972bdbbd,2026-08-12T11:00:00Z,2026-08-12T13:00:00+0200,58066.273,MW,DE,DE_LU,actual_solar_generation,Solar,2026-08-27T00:57:27Z
2026-08-27T00:55:09Z,2026-08-27T02:55:09+0200,9e257938-0a8b-4b8b-95d2-ab80972bdbbd,2026-08-12T11:15:00Z,2026-08-12T13:15:00+0200,58081.034,MW,DE,DE_LU,actual_solar_generation,Solar,2026-08-27T00:57:27Z
2026-08-27T00:55:09Z,2026-08-27T02:55:09+0200,9e257938-0a8b-4b8b-95d2-ab80972bdbbd,2026-08-12T11:30:00Z,2026-08-12T13:30:00+0200,58337.48,MW,DE,DE_LU,actual_solar_generation,Solar,2026-08-27T00:57:27Z
2026-08-27T00:55:09Z,2026-08-27T02:55:09+0200,9e257938-0a8b-4b8b-95d2-ab80972bdbbd,2026-08-12T11:45:00Z,2026-08-12T13:45:00+0200,57929.567,MW,DE,DE_LU,actual_solar_generation,Solar,2026-08-27T00:57:27Z
2026-08-27T00:55:09Z,2026-08-27T02:55:09+0200,9e257938-0a8b-4b8b-95d2-ab80972bdbbd,2026-08-12T12:00:00Z,2026-08-12T14:00:00+0200,58196.353,MW,DE,DE_LU,actual_solar_generation,Solar,2026-08-27T00:57:27Z
2026-08-27T00:55:09Z,2026-08-27T02:55:09+0200,9e257938-0a8b-4b8b-95d2-ab80972bdbbd,2026-08-12T12:15:00Z,2026-08-12T14:15:00+0200,57576.435,MW,DE,DE_LU,actual_solar_generation,Solar,2026-08-27T00:57:27Z
2026-08-27T00:55:09Z,2026-08-27T02:55:09+0200,9e257938-0a8b-4b8b-95d2-ab80972bdbbd,2026-08-12T12:30:00Z,2026-08-12T14:30:00+0200,56536.096,MW,DE,DE_LU,actual_solar_generation,Solar,2026-08-27T00:57:27Z
2026-08-27T00:55:09Z,2026-08-27T02:55:09+0200,9e257938-0a8b-4b8b-95d2-ab80972bdbbd,2026-08-12T12:45:00Z,2026-08-12T14:45:00+0200,55405.031,MW,DE,DE_LU,actual_solar_generation,Solar,2026-08-27T00:57:27Z
2026-08-27T00:55:09Z,2026-08-27T02:55:09+0200,9e257938-0a8b-4b8b-95d2-ab80972bdbbd,2026-08-12T13:00:00Z,2026-08-12T15:00:00+0200,54530.878,MW,DE,DE_LU,actual_solar_generation,Solar,2026-08-27T00:57:27Z
2026-08-27T00:55:09Z,2026-08-27T02:55:09+0200,9e257938-0a8b-4b8b-95d2-ab80972bdbbd,2026-08-12T13:15:00Z,2026-08-12T15:15:00+0200,53120.963,MW,DE,DE_LU,actual_solar_generation,Solar,2026-08-27T00:57:27Z
2026-08-27T00:55:09Z,2026-08-27T02:55:09+0200,9e257938-0a8b-4b8b-95d2-ab80972bdbbd,2026-08-12T13:30:00Z,2026-08-12T15:30:00+0200,51518.794,MW,DE,DE_LU,actual_solar_generation,Solar,2026-08-27T00:57:27Z
2026-08-27T00:55:09Z,2026-08-27T02:55:09+0200,9e257938-0a8b-4b8b-95d2-ab80972bdbbd,2026-08-12T13:45:00Z,2026-08-12T15:45:00+0200,49534.316,MW,DE,DE_LU,actual_solar_generation,Solar,2026-08-27T00:57:27Z
2026-08-27T00:55:09Z,2026-08-27T02:55:09+0200,9e257938-0a8b-4b8b-95d2-ab80972bdbbd,2026-08-12T14:00:00Z,2026-08-12T16:00:00+0200,47359.329,MW,DE,DE_LU,actual_solar_generation,Solar,2026-08-27T00:57:27Z
2026-08-27T00:55:09Z,2026-08-27T02:55:09+0200,9e257938-0a8b-4b8b-95d2-ab80972bdbbd,2026-08-12T14:15:00Z,2026-08-12T16:15:00+0200,45055.61,MW,DE,DE_LU,actual_solar_generation,Solar,2026-08-27T00:57:27Z
2026-08-27T00:55:09Z,2026-08-27T02:55:09+0200,9e257938-0a8b-4b8b-95d2-ab80972bdbbd,2026-08-12T14:30:00Z,2026-08-12T16:30:00+0200,42423.821,MW,DE,DE_LU,actual_solar_generation,Solar,2026-08-27T00:57:27Z
2026-08-27T00:55:09Z,2026-08-27T02:55:09+0200,9e257938-0a8b-4b8b-95d2-ab80972bdbbd,2026-08-12T14:45:00Z,2026-08-12T16:45:00+0200,39774.303,MW,DE,DE_LU,actual_solar_generation,Solar,2026-08-27T00:57:27Z
2026-08-27T00:55:09Z,2026-08-27T02:55:09+0200,9e257938-0a8b-4b8b-95d2-ab80972bdbbd,2026-08-12T15:00:00Z,2026-08-12T17:00:00+0200,36787.653,MW,DE,DE_LU,actual_solar_generation,Solar,2026-08-27T00:57:27Z
2026-08-27T00:55:09Z,2026-08-27T02:55:09+0200,9e257938-0a8b-4b8b-95d2-ab80972bdbbd,2026-08-12T15:15:00Z,2026-08-12T17:15:00+0200,33744.572,MW,DE,DE_LU,actual_solar_generation,Solar,2026-08-27T00:57:27Z
2026-08-27T00:55:09Z,2026-08-27T02:55:09+0200,9e257938-0a8b-4b8b-95d2-ab80972bdbbd,2026-08-12T15:30:00Z,2026-08-12T17:30:00+0200,30398.403,MW,DE,DE_LU,actual_solar_generation,Solar,2026-08-27T00:57:27Z
2026-08-27T00:55:09Z,2026-08-27T02:55:09+0200,9e257938-0a8b-4b8b-95d2-ab80972bdbbd,2026-08-12T15:45:00Z,2026-08-12T17:45:00+0200,26942.565,MW,DE,DE_LU,actual_solar_generation,Solar,2026-08-27T00:57:27Z
2026-08-27T00:55:09Z,2026-08-27T02:55:09+0200,9e257938-0a8b-4b8b-95d2-ab80972bdbbd,2026-08-12T16:00:00Z,2026-08-12T18:00:00+0200,23308.273,MW,DE,DE_LU,actual_solar_generation,Solar,2026-08-27T00:57:27Z
2026-08-27T00:55:09Z,2026-08-27T02:55:09+0200,9e257938-0a8b-4b8b-95d2-ab80972bdbbd,2026-08-12T16:15:00Z,2026-08-12T18:15:00+0200,19648.233,MW,DE,DE_LU,actual_solar_generation,Solar,2026-08-27T00:57:27Z
2026-08-27T00:55:09Z,2026-08-27T02:55:09+0200,9e257938-0a8b-4b8b-95d2-ab80972bdbbd,2026-08-12T16:30:00Z,2026-08-12T18:30:00+0200,16117.965,MW,DE,DE_LU,actual_solar_generation,Solar,2026-08-27T00:57:27Z
2026-08-27T00:55:09Z,2026-08-27T02:55:09+0200,9e257938-0a8b-4b8b-95d2-ab80972bdbbd,2026-08-12T16:45:00Z,2026-08-12T18:45:00+0200,12807.347,MW,DE,DE_LU,actual_solar_generation,Solar,2026-08-27T00:57:27Z
2026-08-27T00:55:09Z,2026-08-27T02:55:09+0200,9e257938-0a8b-4b8b-95d2-ab80972bdbbd,2026-08-12T17:00:00Z,2026-08-12T19:00:00+0200,9736.966,MW,DE,DE_LU,actual_solar_generation,Solar,2026-08-27T00:57:27Z
2026-08-27T00:55:09Z,2026-08-27T02:55:09+0200,9e257938-0a8b-4b8b-95d2-ab80972bdbbd,2026-08-12T17:15:00Z,2026-08-12T19:15:00+0200,6737.053,MW,DE,DE_LU,actual_solar_generation,Solar,2026-08-27T00:57:27Z
2026-08-27T00:55:09Z,2026-08-27T02:55:09+0200,9e257938-0a8b-4b8b-95d2-ab80972bdbbd,2026-08-12T17:30:00Z,2026-08-12T19:30:00+0200,3412.872,MW,DE,DE_LU,actual_solar_generation,Solar,2026-08-27T00:57:27Z
2026-08-27T00:55:09Z,2026-08-27T02:55:09+0200,9e257938-0a8b-4b8b-95d2-ab80972bdbbd,2026-08-12T17:45:00Z,2026-08-12T19:45:00+0200,1064.511,MW,DE,DE_LU,actual_solar_generation,Solar,2026-08-27T00:57:27Z
2026-08-27T00:55:09Z,2026-08-27T02:55:09+0200,9e257938-0a8b-4b8b-95d2-ab80972bdbbd,2026-08-12T18:00:00Z,2026-08-12T20:00:00+0200,125.929,MW,DE,DE_LU,actual_solar_generation,Solar,2026-08-27T00:57:27Z
2026-08-27T00:55:09Z,2026-08-27T02:55:09+0200,9e257938-0a8b-4b8b-95d2-ab80972bdbbd,2026-08-12T18:15:00Z,2026-08-12T20:15:00+0200,84.892,MW,DE,DE_LU,actual_solar_generation,Solar,2026-08-27T00:57:27Z
2026-08-27T00:55:09Z,2026-08-27T02:55:09+0200,9e257938-0a8b-4b8b-95d2-ab80972bdbbd,2026-08-12T18:30:00Z,2026-08-12T20:30:00+0200,73.385,MW,DE,DE_LU,actual_solar_generation,Solar,2026-08-27T00:57:27Z
2026-08-27T00:55:09Z,2026-08-27T02:55:09+0200,9e257938-0a8b-4b8b-95d2-ab80972bdbbd,2026-08-12T18:45:00Z,2026-08-12T20:45:00+0200,25.521,MW,DE,DE_LU,actual_solar_generation,Solar,2026-08-27T00:57:27Z
2026-08-27T00:55:09Z,2026-08-27T02:55:09+0200,9e257938-0a8b-4b8b-95d2-ab80972bdbbd,2026-08-12T19:00:00Z,2026-08-12T21:00:00+0200,2.254,MW,DE,DE_LU,actual_solar_generation,Solar,2026-08-27T00:57:27Z
2026-08-27T00:55:09Z,2026-08-27T02:55:09+0200,9e257938-0a8b-4b8b-95d2-ab80972bdbbd,2026-08-12T19:15:00Z,2026-08-12T21:15:00+0200,0.437,MW,DE,DE_LU,actual_solar_generation,Solar,2026-08-27T00:57:27Z
2026-08-27T00:55:09Z,2026-08-27T02:55:09+0200,9e257938-0a8b-4b8b-95d2-ab80972bdbbd,2026-08-12T19:30:00Z,2026-08-12T21:30:00+0200,0.275,MW,DE,DE_LU,actual_solar_generation,Solar,2026-08-27T00:57:27Z
2026-08-27T00:55:09Z,2026-08-27T02:55:09+0200,9e257938-0a8b-4b8b-95d2-ab80972bdbbd,2026-08-12T19:45:00Z,2026-08-12T21:45:00+0200,0.241,MW,DE,DE_LU,actual_solar_generation,Solar,2026-08-27T00:57:27Z
2026-08-27T00:55:09Z,2026-08-27T02:55:09+0200,9e257938-0a8b-4b8b-95d2-ab80972bdbbd,2026-08-12T20:00:00Z,2026-08-12T22:00:00+0200,0.222,MW,DE,DE_LU,actual_solar_generation,Solar,2026-08-27T00:57:27Z
2026-08-27T00:55:09Z,2026-08-27T02:55:09+0200,9e257938-0a8b-4b8b-95d2-ab80972bdbbd,2026-08-12T20:15:00Z,2026-08-12T22:15:00+0200,0.218,MW,DE,DE_LU,actual_solar_generation,Solar,2026-08-27T00:57:27Z
2026-08-27T00:55:09Z,2026-08-27T02:55:09+0200,9e257938-0a8b-4b8b-95d2-ab80972bdbbd,2026-08-12T20:30:00Z,2026-08-12T22:30:00+0200,0.204,MW,DE,DE_LU,actual_solar_generation,Solar,2026-08-27T00:57:27Z
2026-08-27T00:55:09Z,2026-08-27T02:55:09+0200,9e257938-0a8b-4b8b-95d2-ab80972bdbbd,2026-08-12T20:45:00Z,2026-08-12T22:45:00+0200,0.191,MW,DE,DE_LU,actual_solar_generation,Solar,2026-08-27T00:57:27Z
2026-08-27T00:55:09Z,2026-08-27T02:55:09+0200,9e257938-0a8b-4b8b-95d2-ab80972bdbbd,2026-08-12T21:00:00Z,2026-08-12T23:00:00+0200,0.203,MW,DE,DE_LU,actual_solar_generation,Solar,2026-08-27T00:57:27Z
2026-08-27T00:55:09Z,2026-08-27T02:55:09+0200,9e257938-0a8b-4b8b-95d2-ab80972bdbbd,2026-08-12T21:15:00Z,2026-08-12T23:15:00+0200,0.178,MW,DE,DE_LU,actual_solar_generation,Solar,2026-08-27T00:57:27Z
2026-08-27T00:55:09Z,2026-08-27T02:55:09+0200,9e257938-0a8b-4b8b-95d2-ab80972bdbbd,2026-08-12T21:30:00Z,2026-08-12T23:30:00+0200,0.159,MW,DE,DE_LU,actual_solar_generation,Solar,2026-08-27T00:57:27Z
2026-08-27T00:55:09Z,2026-08-27T02:55:09+0200,9e257938-0a8b-4b8b-95d2-ab80972bdbbd,2026-08-12T21:45:00Z,2026-08-12T23:45:00+0200,0.151,MW,DE,DE_LU,actual_solar_generation,Solar,2026-08-27T00:57:27Z
2026-08-27T00:55:09Z,2026-08-27T02:55:09+0200,9e257938-0a8b-4b8b-95d2-ab80972bdbbd,2026-08-12T22:00:00Z,2026-08-13T00:00:00+0200,0.127,MW,DE,DE_LU,actual_solar_generation,Solar,2026-08-27T00:57:27Z
2026-08-27T00:55:09Z,2026-08-27T02:55:09+0200,9e257938-0a8b-4b8b-95d2-ab80972bdbbd,2026-08-12T22:15:00Z,2026-08-13T00:15:00+0200,0.12,MW,DE,DE_LU,actual_solar_generation,Solar,2026-08-27T00:57:27Z
2026-08-27T00:55:09Z,2026-08-27T02:55:09+0200,9e257938-0a8b-4b8b-95d2-ab80972bdbbd,2026-08-12T22:30:00Z,2026-08-13T00:30:00+0200,0.108,MW,DE,DE_LU,actual_solar_generation,Solar,2026-08-27T00:57:27Z
2026-08-27T00:55:09Z,2026-08-27T02:55:09+0200,9e257938-0a8b-4b8b-95d2-ab80972bdbbd,2026-08-12T22:45:00Z,2026-08-13T00:45:00+0200,0.097,MW,DE,DE_LU,actual_solar_generation,Solar,2026-08-27T00:57:27Z
2026-08-27T00:55:09Z,2026-08-27T02:55:09+0200,9e257938-0a8b-4b8b-95d2-ab80972bdbbd,2026-08-12T23:00:00Z,2026-08-13T01:00:00+0200,0.099,MW,DE,DE_LU,actual_solar_generation,Solar,2026-08-27T00:57:27Z
2026-08-27T00:55:09Z,2026-08-27T02:55:09+0200,9e257938-0a8b-4b8b-95d2-ab80972bdbbd,2026-08-12T23:15:00Z,2026-08-13T01:15:00+0200,0.089,MW,DE,DE_LU,actual_solar_generation,Solar,2026-08-27T00:57:27Z
2026-08-27T00:55:09Z,2026-08-27T02:55:09+0200,9e257938-0a8b-4b8b-95d2-ab80972bdbbd,2026-08-12T23:30:00Z,2026-08-13T01:30:00+0200,0.086,MW,DE,DE_LU,actual_solar_generation,Solar,2026-08-27T00:57:27Z
2026-08-27T00:55:09Z,2026-08-27T02:55:09+0200,9e257938-0a8b-4b8b-95d2-ab80972bdbbd,2026-08-12T23:45:00Z,2026-08-13T01:45:00+0200,0.081,MW,DE,DE_LU,actual_solar_generation,Solar,2026-08-27T00:57:27Z
2026-08-27T00:55:09Z,2026-08-27T02:55:09+0200,9e257938-0a8b-4b8b-95d2-ab80972bdbbd,2026-08-13T00:00:00Z,2026-08-13T02:00:00+0200,0.08,MW,DE,DE_LU,actual_solar_generation,Solar,2026-08-27T00:57:27Z
2026-08-27T00:55:09Z,2026-08-27T02:55:09+0200,9e257938-0a8b-4b8b-95d2-ab80972bdbbd,2026-08-13T00:15:00Z,2026-08-13T02:15:00+0200,0.079,MW,DE,DE_LU,actual_solar_generation,Solar,2026-08-27T00:57:27Z
2026-08-27T00:55:09Z,2026-08-27T02:55:09+0200,9e257938-0a8b-4b8b-95d2-ab80972bdbbd,2026-08-13T00:30:00Z,2026-08-13T02:30:00+0200,0.071,MW,DE,DE_LU,actual_solar_generation,Solar,2026-08-27T00:57:27Z
2026-08-27T00:55:09Z,2026-08-27T02:55:09+0200,9e257938-0a8b-4b8b-95d2-ab80972bdbbd,2026-08-13T00:45:00Z,2026-08-13T02:45:00+0200,0.071,MW,DE,DE_LU,actual_solar_generation,Solar,2026-08-27T00:57:27Z
2026-08-27T00:55:09Z,2026-08-27T02:55:09+0200,9e257938-0a8b-4b8b-95d2-ab80972bdbbd,2026-08-13T01:00:00Z,2026-08-13T03:00:00+0200,0.075,MW,DE,DE_LU,actual_solar_generation,Solar,2026-08-27T00:57:27Z
2026-08-27T00:55:09Z,2026-08-27T02:55:09+0200,9e257938-0a8b-4b8b-95d2-ab80972bdbbd,2026-08-13T01:15:00Z,2026-08-13T03:15:00+0200,0.072,MW,DE,DE_LU,actual_solar_generation,Solar,2026-08-27T00:57:27Z
2026-08-27T00:55:09Z,2026-08-27T02:55:09+0200,9e257938-0a8b-4b8b-95d2-ab80972bdbbd,2026-08-13T01:30:00Z,2026-08-13T03:30:00+0200,0.057,MW,DE,DE_LU,actual_solar_generation,Solar,2026-08-27T00:57:27Z
2026-08-27T00:55:09Z,2026-08-27T02:55:09+0200,9e257938-0a8b-4b8b-95d2-ab80972bdbbd,2026-08-13T01:45:00Z,2026-08-13T03:45:00+0200,0.057,MW,DE,DE_LU,actual_solar_generation,Solar,2026-08-27T00:57:27Z
2026-08-27T00:55:09Z,2026-08-27T02:55:09+0200,9e257938-0a8b-4b8b-95d2-ab80972bdbbd,2026-08-13T02:00:00Z,2026-08-13T04:00:00+0200,0.059,MW,DE,DE_LU,actual_solar_generation,Solar,2026-08-27T00:57:27Z
2026-08-27T00:55:09Z,2026-08-27T02:55:09+0200,9e257938-0a8b-4b8b-95d2-ab80972bdbbd,2026-08-13T02:15:00Z,2026-08-13T04:15:00+0200,0.061,MW,DE,DE_LU,actual_solar_generation,Solar,2026-08-27T00:57:27Z
2026-08-27T00:55:09Z,2026-08-27T02:55:09+0200,9e257938-0a8b-4b8b-95d2-ab80972bdbbd,2026-08-13T02:30:00Z,2026-08-13T04:30:00+0200,0.067,MW,DE,DE_LU,actual_solar_generation,Solar,2026-08-27T00:57:27Z
2026-08-27T00:55:09Z,2026-08-27T02:55:09+0200,9e257938-0a8b-4b8b-95d2-ab80972bdbbd,2026-08-13T02:45:00Z,2026-08-13T04:45:00+0200,0.059,MW,DE,DE_LU,actual_solar_generation,Solar,2026-08-27T00:57:27Z
2026-08-27T00:55:09Z,2026-08-27T02:55:09+0200,9e257938-0a8b-4b8b-95d2-ab80972bdbbd,2026-08-13T03:00:00Z,2026-08-13T05:00:00+0200,0.058,MW,DE,DE_LU,actual_solar_generation,Solar,2026-08-27T00:57:27Z
2026-08-27T00:55:09Z,2026-08-27T02:55:09+0200,9e257938-0a8b-4b8b-95d2-ab80972bdbbd,2026-08-13T03:15:00Z,2026-08-13T05:15:00+0200,0.061,MW,DE,DE_LU,actual_solar_generation,Solar,2026-08-27T00:57:27Z
2026-08-27T00:55:09Z,2026-08-27T02:55:09+0200,9e257938-0a8b-4b8b-95d2-ab80972bdbbd,2026-08-13T03:30:00Z,2026-08-13T05:30:00+0200,0.82,MW,DE,DE_LU,actual_solar_generation,Solar,2026-08-27T00:57:27Z
2026-08-27T00:55:09Z,2026-08-27T02:55:09+0200,9e257938-0a8b-4b8b-95d2-ab80972bdbbd,2026-08-13T03:45:00Z,2026-08-13T05:45:00+0200,17.419,MW,DE,DE_LU,actual_solar_generation,Solar,2026-08-27T00:57:27Z
2026-08-27T00:55:09Z,2026-08-27T02:55:09+0200,9e257938-0a8b-4b8b-95d2-ab80972bdbbd,2026-08-13T04:00:00Z,2026-08-13T06:00:00+0200,152.67,MW,DE,DE_LU,actual_solar_generation,Solar,2026-08-27T00:57:27Z
2026-08-27T00:55:09Z,2026-08-27T02:55:09+0200,9e257938-0a8b-4b8b-95d2-ab80972bdbbd,2026-08-13T04:15:00Z,2026-08-13T06:15:00+0200,656.447,MW,DE,DE_LU,actual_solar_generation,Solar,2026-08-27T00:57:27Z
2026-08-27T00:55:09Z,2026-08-27T02:55:09+0200,9e257938-0a8b-4b8b-95d2-ab80972bdbbd,2026-08-13T04:30:00Z,2026-08-13T06:30:00+0200,1755.676,MW,DE,DE_LU,actual_solar_generation,Solar,2026-08-27T00:57:27Z
2026-08-27T00:55:09Z,2026-08-27T02:55:09+0200,9e257938-0a8b-4b8b-95d2-ab80972bdbbd,2026-08-13T04:45:00Z,2026-08-13T06:45:00+0200,3157.324,MW,DE,DE_LU,actual_solar_generation,Solar,2026-08-27T00:57:27Z
2026-08-27T00:55:09Z,2026-08-27T02:55:09+0200,9e257938-0a8b-4b8b-95d2-ab80972bdbbd,2026-08-13T05:00:00Z,2026-08-13T07:00:00+0200,5019.067,MW,DE,DE_LU,actual_solar_generation,Solar,2026-08-27T00:57:27Z
2026-08-27T00:55:09Z,2026-08-27T02:55:09+0200,9e257938-0a8b-4b8b-95d2-ab80972bdbbd,2026-08-13T05:15:00Z,2026-08-13T07:15:00+0200,7368.896,MW,DE,DE_LU,actual_solar_generation,Solar,2026-08-27T00:57:27Z
2026-08-27T00:55:09Z,2026-08-27T02:55:09+0200,9e257938-0a8b-4b8b-95d2-ab80972bdbbd,2026-08-13T05:30:00Z,2026-08-13T07:30:00+0200,10101.218,MW,DE,DE_LU,actual_solar_generation,Solar,2026-08-27T00:57:27Z
2026-08-27T00:55:09Z,2026-08-27T02:55:09+0200,9e257938-0a8b-4b8b-95d2-ab80972bdbbd,2026-08-13T05:45:00Z,2026-08-13T07:45:00+0200,13141.913,MW,DE,DE_LU,actual_solar_generation,Solar,2026-08-27T00:57:27Z
2026-08-27T00:55:09Z,2026-08-27T02:55:09+0200,9e257938-0a8b-4b8b-95d2-ab80972bdbbd,2026-08-13T06:00:00Z,2026-08-13T08:00:00+0200,16476.003,MW,DE,DE_LU,actual_solar_generation,Solar,2026-08-27T00:57:27Z
2026-08-27T00:55:09Z,2026-08-27T02:55:09+0200,9e257938-0a8b-4b8b-95d2-ab80972bdbbd,2026-08-13T06:15:00Z,2026-08-13T08:15:00+0200,20072.674,MW,DE,DE_LU,actual_solar_generation,Solar,2026-08-27T00:57:27Z
2026-08-27T00:55:09Z,2026-08-27T02:55:09+0200,9e257938-0a8b-4b8b-95d2-ab80972bdbbd,2026-08-13T06:30:00Z,2026-08-13T08:30:00+0200,23705.771,MW,DE,DE_LU,actual_solar_generation,Solar,2026-08-27T00:57:27Z
2026-08-27T00:55:09Z,2026-08-27T02:55:09+0200,9e257938-0a8b-4b8b-95d2-ab80972bdbbd,2026-08-13T06:45:00Z,2026-08-13T08:45:00+0200,27361.096,MW,DE,DE_LU,actual_solar_generation,Solar,2026-08-27T00:57:27Z
2026-08-27T00:55:09Z,2026-08-27T02:55:09+0200,9e257938-0a8b-4b8b-95d2-ab80972bdbbd,2026-08-13T07:00:00Z,2026-08-13T09:00:00+0200,30679.272,MW,DE,DE_LU,actual_solar_generation,Solar,2026-08-27T00:57:27Z
2026-08-27T00:55:09Z,2026-08-27T02:55:09+0200,9e257938-0a8b-4b8b-95d2-ab80972bdbbd,2026-08-13T07:15:00Z,2026-08-13T09:15:00+0200,33984.156,MW,DE,DE_LU,actual_solar_generation,Solar,2026-08-27T00:57:27Z
2026-08-27T00:55:09Z,2026-08-27T02:55:09+0200,9e257938-0a8b-4b8b-95d2-ab80972bdbbd,2026-08-13T07:30:00Z,2026-08-13T09:30:00+0200,36920.311,MW,DE,DE_LU,actual_solar_generation,Solar,2026-08-27T00:57:27Z
2026-08-27T00:55:09Z,2026-08-27T02:55:09+0200,9e257938-0a8b-4b8b-95d2-ab80972bdbbd,2026-08-13T07:45:00Z,2026-08-13T09:45:00+0200,39883.444,MW,DE,DE_LU,actual_solar_generation,Solar,2026-08-27T00:57:27Z
2026-08-27T00:55:09Z,2026-08-27T02:55:09+0200,9e257938-0a8b-4b8b-95d2-ab80972bdbbd,2026-08-13T08:00:00Z,2026-08-13T10:00:00+0200,42716.696,MW,DE,DE_LU,actual_solar_generation,Solar,2026-08-27T00:57:27Z
2026-08-27T00:55:09Z,2026-08-27T02:55:09+0200,9e257938-0a8b-4b8b-95d2-ab80972bdbbd,2026-08-13T08:15:00Z,2026-08-13T10:15:00+0200,45225.067,MW,DE,DE_LU,actual_solar_generation,Solar,2026-08-27T00:57:27Z
2026-08-27T00:55:09Z,2026-08-27T02:55:09+0200,9e257938-0a8b-4b8b-95d2-ab80972bdbbd,2026-08-13T08:30:00Z,2026-08-13T10:30:00+0200,47605.7,MW,DE,DE_LU,actual_solar_generation,Solar,2026-08-27T00:57:27Z
2026-08-27T00:55:09Z,2026-08-27T02:55:09+0200,9e257938-0a8b-4b8b-95d2-ab80972bdbbd,2026-08-13T08:45:00Z,2026-08-13T10:45:00+0200,49843.061,MW,DE,DE_LU,actual_solar_generation,Solar,2026-08-27T00:57:27Z
2026-08-27T00:55:09Z,2026-08-27T02:55:09+0200,9e257938-0a8b-4b8b-95d2-ab80972bdbbd,2026-08-13T09:00:00Z,2026-08-13T11:00:00+0200,51605.954,MW,DE,DE_LU,actual_solar_generation,Solar,2026-08-27T00:57:27Z
2026-08-27T00:55:09Z,2026-08-27T02:55:09+0200,9e257938-0a8b-4b8b-95d2-ab80972bdbbd,2026-08-13T09:15:00Z,2026-08-13T11:15:00+0200,53207.123,MW,DE,DE_LU,actual_solar_generation,Solar,2026-08-27T00:57:27Z
2026-08-27T00:55:09Z,2026-08-27T02:55:09+0200,9e257938-0a8b-4b8b-95d2-ab80972bdbbd,2026-08-13T09:30:00Z,2026-08-13T11:30:00+0200,54707.487,MW,DE,DE_LU,actual_solar_generation,Solar,2026-08-27T00:57:27Z
2026-08-27T00:55:09Z,2026-08-27T02:55:09+0200,9e257938-0a8b-4b8b-95d2-ab80972bdbbd,2026-08-13T09:45:00Z,2026-08-13T11:45:00+0200,55958.229,MW,DE,DE_LU,actual_solar_generation,Solar,2026-08-27T00:57:27Z
2026-08-27T00:55:09Z,2026-08-27T02:55:09+0200,9e257938-0a8b-4b8b-95d2-ab80972bdbbd,2026-08-13T10:00:00Z,2026-08-13T12:00:00+0200,56908.52,MW,DE,DE_LU,actual_solar_generation,Solar,2026-08-27T00:57:27Z
2026-08-27T00:55:09Z,2026-08-27T02:55:09+0200,9e257938-0a8b-4b8b-95d2-ab80972bdbbd,2026-08-13T10:15:00Z,2026-08-13T12:15:00+0200,57852.134,MW,DE,DE_LU,actual_solar_generation,Solar,2026-08-27T00:57:27Z
2026-08-27T00:55:09Z,2026-08-27T02:55:09+0200,9e257938-0a8b-4b8b-95d2-ab80972bdbbd,2026-08-13T10:30:00Z,2026-08-13T12:30:00+0200,58395.533,MW,DE,DE_LU,actual_solar_generation,Solar,2026-08-27T00:57:27Z
2026-08-27T00:55:09Z,2026-08-27T02:55:09+0200,9e257938-0a8b-4b8b-95d2-ab80972bdbbd,2026-08-13T10:45:00Z,2026-08-13T12:45:00+0200,58626.007,MW,DE,DE_LU,actual_solar_generation,Solar,2026-08-27T00:57:27Z
2026-08-27T00:55:09Z,2026-08-27T02:55:09+0200,9e257938-0a8b-4b8b-95d2-ab80972bdbbd,2026-08-13T11:00:00Z,2026-08-13T13:00:00+0200,58810.055,MW,DE,DE_LU,actual_solar_generation,Solar,2026-08-27T00:57:27Z
2026-08-27T00:55:09Z,2026-08-27T02:55:09+0200,9e257938-0a8b-4b8b-95d2-ab80972bdbbd,2026-08-13T11:15:00Z,2026-08-13T13:15:00+0200,57872.141,MW,DE,DE_LU,actual_solar_generation,Solar,2026-08-27T00:57:27Z
2026-08-27T00:55:09Z,2026-08-27T02:55:09+0200,9e257938-0a8b-4b8b-95d2-ab80972bdbbd,2026-08-13T11:30:00Z,2026-08-13T13:30:00+0200,58395.997,MW,DE,DE_LU,actual_solar_generation,Solar,2026-08-27T00:57:27Z
2026-08-27T00:55:09Z,2026-08-27T02:55:09+0200,9e257938-0a8b-4b8b-95d2-ab80972bdbbd,2026-08-13T11:45:00Z,2026-08-13T13:45:00+0200,58362.311,MW,DE,DE_LU,actual_solar_generation,Solar,2026-08-27T00:57:27Z
2026-08-27T00:55:09Z,2026-08-27T02:55:09+0200,9e257938-0a8b-4b8b-95d2-ab80972bdbbd,2026-08-13T12:00:00Z,2026-08-13T14:00:00+0200,57603.492,MW,DE,DE_LU,actual_solar_generation,Solar,2026-08-27T00:57:27Z
2026-08-27T00:55:09Z,2026-08-27T02:55:09+0200,9e257938-0a8b-4b8b-95d2-ab80972bdbbd,2026-08-13T12:15:00Z,2026-08-13T14:15:00+0200,57399.318,MW,DE,DE_LU,actual_solar_generation,Solar,2026-08-27T00:57:27Z
2026-08-27T00:55:09Z,2026-08-27T02:55:09+0200,9e257938-0a8b-4b8b-95d2-ab80972bdbbd,2026-08-13T12:30:00Z,2026-08-13T14:30:00+0200,56494.566,MW,DE,DE_LU,actual_solar_generation,Solar,2026-08-27T00:57:27Z
2026-08-27T00:55:09Z,2026-08-27T02:55:09+0200,9e257938-0a8b-4b8b-95d2-ab80972bdbbd,2026-08-13T12:45:00Z,2026-08-13T14:45:00+0200,55375.794,MW,DE,DE_LU,actual_solar_generation,Solar,2026-08-27T00:57:27Z
2026-08-27T00:55:09Z,2026-08-27T02:55:09+0200,9e257938-0a8b-4b8b-95d2-ab80972bdbbd,2026-08-13T13:00:00Z,2026-08-13T15:00:00+0200,54035.927,MW,DE,DE_LU,actual_solar_generation,Solar,2026-08-27T00:57:27Z
2026-08-27T00:55:09Z,2026-08-27T02:55:09+0200,9e257938-0a8b-4b8b-95d2-ab80972bdbbd,2026-08-13T13:15:00Z,2026-08-13T15:15:00+0200,52504.345,MW,DE,DE_LU,actual_solar_generation,Solar,2026-08-27T00:57:27Z
2026-08-27T00:55:09Z,2026-08-27T02:55:09+0200,9e257938-0a8b-4b8b-95d2-ab80972bdbbd,2026-08-13T13:30:00Z,2026-08-13T15:30:00+0200,50763.52,MW,DE,DE_LU,actual_solar_generation,Solar,2026-08-27T00:57:27Z
2026-08-27T00:55:09Z,2026-08-27T02:55:09+0200,9e257938-0a8b-4b8b-95d2-ab80972bdbbd,2026-08-13T13:45:00Z,2026-08-13T15:45:00+0200,48837.328,MW,DE,DE_LU,actual_solar_generation,Solar,2026-08-27T00:57:27Z
2026-08-27T00:55:09Z,2026-08-27T02:55:09+0200,9e257938-0a8b-4b8b-95d2-ab80972bdbbd,2026-08-13T14:00:00Z,2026-08-13T16:00:00+0200,46990.972,MW,DE,DE_LU,actual_solar_generation,Solar,2026-08-27T00:57:27Z
2026-08-27T00:55:09Z,2026-08-27T02:55:09+0200,9e257938-0a8b-4b8b-95d2-ab80972bdbbd,2026-08-13T14:15:00Z,2026-08-13T16:15:00+0200,44647.28,MW,DE,DE_LU,actual_solar_generation,Solar,2026-08-27T00:57:27Z
2026-08-27T00:55:09Z,2026-08-27T02:55:09+0200,9e257938-0a8b-4b8b-95d2-ab80972bdbbd,2026-08-13T14:30:00Z,2026-08-13T16:30:00+0200,42048.367,MW,DE,DE_LU,actual_solar_generation,Solar,2026-08-27T00:57:27Z
2026-08-27T00:55:09Z,2026-08-27T02:55:09+0200,9e257938-0a8b-4b8b-95d2-ab80972bdbbd,2026-08-13T14:45:00Z,2026-08-13T16:45:00+0200,39285.871,MW,DE,DE_LU,actual_solar_generation,Solar,2026-08-27T00:57:27Z
2026-08-27T00:55:09Z,2026-08-27T02:55:09+0200,9e257938-0a8b-4b8b-95d2-ab80972bdbbd,2026-08-13T15:00:00Z,2026-08-13T17:00:00+0200,36382.498,MW,DE,DE_LU,actual_solar_generation,Solar,2026-08-27T00:57:27Z
2026-08-27T00:55:09Z,2026-08-27T02:55:09+0200,9e257938-0a8b-4b8b-95d2-ab80972bdbbd,2026-08-13T15:15:00Z,2026-08-13T17:15:00+0200,33263.179,MW,DE,DE_LU,actual_solar_generation,Solar,2026-08-27T00:57:27Z
2026-08-27T00:55:09Z,2026-08-27T02:55:09+0200,9e257938-0a8b-4b8b-95d2-ab80972bdbbd,2026-08-13T15:30:00Z,2026-08-13T17:30:00+0200,29962.287,MW,DE,DE_LU,actual_solar_generation,Solar,2026-08-27T00:57:27Z
2026-08-27T00:55:09Z,2026-08-27T02:55:09+0200,9e257938-0a8b-4b8b-95d2-ab80972bdbbd,2026-08-13T15:45:00Z,2026-08-13T17:45:00+0200,26436.619,MW,DE,DE_LU,actual_solar_generation,Solar,2026-08-27T00:57:27Z
2026-08-27T00:55:09Z,2026-08-27T02:55:09+0200,9e257938-0a8b-4b8b-95d2-ab80972bdbbd,2026-08-13T16:00:00Z,2026-08-13T18:00:00+0200,22887.454,MW,DE,DE_LU,actual_solar_generation,Solar,2026-08-27T00:57:27Z
2026-08-27T00:55:09Z,2026-08-27T02:55:09+0200,9e257938-0a8b-4b8b-95d2-ab80972bdbbd,2026-08-13T16:15:00Z,2026-08-13T18:15:00+0200,19271.029,MW,DE,DE_LU,actual_solar_generation,Solar,2026-08-27T00:57:27Z
2026-08-27T00:55:09Z,2026-08-27T02:55:09+0200,9e257938-0a8b-4b8b-95d2-ab80972bdbbd,2026-08-13T16:30:00Z,2026-08-13T18:30:00+0200,15741.456,MW,DE,DE_LU,actual_solar_generation,Solar,2026-08-27T00:57:27Z
2026-08-27T00:55:09Z,2026-08-27T02:55:09+0200,9e257938-0a8b-4b8b-95d2-ab80972bdbbd,2026-08-13T16:45:00Z,2026-08-13T18:45:00+0200,12430.28,MW,DE,DE_LU,actual_solar_generation,Solar,2026-08-27T00:57:27Z
2026-08-27T00:55:09Z,2026-08-27T02:55:09+0200,9e257938-0a8b-4b8b-95d2-ab80972bdbbd,2026-08-13T17:00:00Z,2026-08-13T19:00:00+0200,9434.946,MW,DE,DE_LU,actual_solar_generation,Solar,2026-08-27T00:57:27Z
2026-08-27T00:55:09Z,2026-08-27T02:55:09+0200,9e257938-0a8b-4b8b-95d2-ab80972bdbbd,2026-08-13T17:15:00Z,2026-08-13T19:15:00+0200,6814.995,MW,DE,DE_LU,actual_solar_generation,Solar,2026-08-27T00:57:27Z
2026-08-27T00:55:09Z,2026-08-27T02:55:09+0200,9e257938-0a8b-4b8b-95d2-ab80972bdbbd,2026-08-13T17:30:00Z,2026-08-13T19:30:00+0200,4579.421,MW,DE,DE_LU,actual_solar_generation,Solar,2026-08-27T00:57:27Z
2026-08-27T00:55:09Z,2026-08-27T02:55:09+0200,9e257938-0a8b-4b8b-95d2-ab80972bdbbd,2026-08-13T17:45:00Z,2026-08-13T19:45:00+0200,2847.213,MW,DE,DE_LU,actual_solar_generation,Solar,2026-08-27T00:57:27Z
2026-08-27T00:55:09Z,2026-08-27T02:55:09+0200,9e257938-0a8b-4b8b-95d2-ab80972bdbbd,2026-08-13T18:00:00Z,2026-08-13T20:00:00+0200,1517.98,MW,DE,DE_LU,actual_solar_generation,Solar,2026-08-27T00:57:27Z
2026-08-27T00:55:09Z,2026-08-27T02:55:09+0200,9e257938-0a8b-4b8b-95d2-ab80972bdbbd,2026-08-13T18:15:00Z,2026-08-13T20:15:00+0200,620.721,MW,DE,DE_LU,actual_solar_generation,Solar,2026-08-27T00:57:27Z
2026-08-27T00:55:09Z,2026-08-27T02:55:09+0200,9e257938-0a8b-4b8b-95d2-ab80972bdbbd,2026-08-13T18:30:00Z,2026-08-13T20:30:00+0200,168.864,MW,DE,DE_LU,actual_solar_generation,Solar,2026-08-27T00:57:27Z
2026-08-27T00:55:09Z,2026-08-27T02:55:09+0200,9e257938-0a8b-4b8b-95d2-ab80972bdbbd,2026-08-13T18:45:00Z,2026-08-13T20:45:00+0200,30.448,MW,DE,DE_LU,actual_solar_generation,Solar,2026-08-27T00:57:27Z
2026-08-27T00:55:09Z,2026-08-27T02:55:09+0200,9e257938-0a8b-4b8b-95d2-ab80972bdbbd,2026-08-13T19:00:00Z,2026-08-13T21:00:00+0200,1.764,MW,DE,DE_LU,actual_solar_generation,Solar,2026-08-27T00:57:27Z
2026-08-27T00:55:09Z,2026-08-27T02:55:09+0200,9e257938-0a8b-4b8b-95d2-ab80972bdbbd,2026-08-13T19:15:00Z,2026-08-13T21:15:00+0200,0.314,MW,DE,DE_LU,actual_solar_generation,Solar,2026-08-27T00:57:27Z
2026-08-27T00:55:09Z,2026-08-27T02:55:09+0200,9e257938-0a8b-4b8b-95d2-ab80972bdbbd,2026-08-13T19:30:00Z,2026-08-13T21:30:00+0200,0.229,MW,DE,DE_LU,actual_solar_generation,Solar,2026-08-27T00:57:27Z
2026-08-27T00:55:09Z,2026-08-27T02:55:09+0200,9e257938-0a8b-4b8b-95d2-ab80972bdbbd,2026-08-13T19:45:00Z,2026-08-13T21:45:00+0200,0.21,MW,DE,DE_LU,actual_solar_generation,Solar,2026-08-27T00:57:27Z
2026-08-27T00:55:09Z,2026-08-27T02:55:09+0200,9e257938-0a8b-4b8b-95d2-ab80972bdbbd,2026-08-13T20:00:00Z,2026-08-13T22:00:00+0200,0.215,MW,DE,DE_LU,actual_solar_generation,Solar,2026-08-27T00:57:27Z
2026-08-27T00:55:09Z,2026-08-27T02:55:09+0200,9e257938-0a8b-4b8b-95d2-ab80972bdbbd,2026-08-13T20:15:00Z,2026-08-13T22:15:00+0200,0.196,MW,DE,DE_LU,actual_solar_generation,Solar,2026-08-27T00:57:27Z
2026-08-27T00:55:09Z,2026-08-27T02:55:09+0200,9e257938-0a8b-4b8b-95d2-ab80972bdbbd,2026-08-13T20:30:00Z,2026-08-13T22:30:00+0200,0.19,MW,DE,DE_LU,actual_solar_generation,Solar,2026-08-27T00:57:27Z
2026-08-27T00:55:09Z,2026-08-27T02:55:09+0200,9e257938-0a8b-4b8b-95d2-ab80972bdbbd,2026-08-13T20:45:00Z,2026-08-13T22:45:00+0200,0.185,MW,DE,DE_LU,actual_solar_generation,Solar,2026-08-27T00:57:27Z
2026-08-27T00:55:09Z,2026-08-27T02:55:09+0200,9e257938-0a8b-4b8b-95d2-ab80972bdbbd,2026-08-13T21:00:00Z,2026-08-13T23:00:00+0200,0.192,MW,DE,DE_LU,actual_solar_generation,Solar,2026-08-27T00:57:27Z
2026-08-27T00:55:09Z,2026-08-27T02:55:09+0200,9e257938-0a8b-4b8b-95d2-ab80972bdbbd,2026-08-13T21:15:00Z,2026-08-13T23:15:00+0200,0.191,MW,DE,DE_LU,actual_solar_generation,Solar,2026-08-27T00:57:27Z
2026-08-27T00:55:09Z,2026-08-27T02:55:09+0200,9e257938-0a8b-4b8b-95d2-ab80972bdbbd,2026-08-13T21:30:00Z,2026-08-13T23:30:00+0200,0.161,MW,DE,DE_LU,actual_solar_generation,Solar,2026-08-27T00:57:27Z
2026-08-27T00:55:09Z,2026-08-27T02:55:09+0200,9e257938-0a8b-4b8b-95d2-ab80972bdbbd,2026-08-13T21:45:00Z,2026-08-13T23:45:00+0200,0.158,MW,DE,DE_LU,actual_solar_generation,Solar,2026-08-27T00:57:27Z
2026-08-27T00:55:09Z,2026-08-27T02:55:09+0200,9e257938-0a8b-4b8b-95d2-ab80972bdbbd,2026-08-13T22:00:00Z,2026-08-14T00:00:00+0200,0.167,MW,DE,DE_LU,actual_solar_generation,Solar,2026-08-27T00:57:27Z
2026-08-27T00:55:09Z,2026-08-27T02:55:09+0200,9e257938-0a8b-4b8b-95d2-ab80972bdbbd,2026-08-13T22:15:00Z,2026-08-14T00:15:00+0200,0.154,MW,DE,DE_LU,actual_solar_generation,Solar,2026-08-27T00:57:27Z
2026-08-27T00:55:09Z,2026-08-27T02:55:09+0200,9e257938-0a8b-4b8b-95d2-ab80972bdbbd,2026-08-13T22:30:00Z,2026-08-14T00:30:00+0200,0.135,MW,DE,DE_LU,actual_solar_generation,Solar,2026-08-27T00:57:27Z
2026-08-27T00:55:09Z,2026-08-27T02:55:09+0200,9e257938-0a8b-4b8b-95d2-ab80972bdbbd,2026-08-13T22:45:00Z,2026-08-14T00:45:00+0200,0.118,MW,DE,DE_LU,actual_solar_generation,Solar,2026-08-27T00:57:27Z
2026-08-27T00:55:09Z,2026-08-27T02:55:09+0200,9e257938-0a8b-4b8b-95d2-ab80972bdbbd,2026-08-13T23:00:00Z,2026-08-14T01:00:00+0200,0.12,MW,DE,DE_LU,actual_solar_generation,Solar,2026-08-27T00:57:27Z
2026-08-27T00:55:09Z,2026-08-27T02:55:09+0200,9e257938-0a8b-4b8b-95d2-ab80972bdbbd,2026-08-13T23:15:00Z,2026-08-14T01:15:00+0200,0.125,MW,DE,DE_LU,actual_solar_generation,Solar,2026-08-27T00:57:27Z
2026-08-27T00:55:09Z,2026-08-27T02:55:09+0200,9e257938-0a8b-4b8b-95d2-ab80972bdbbd,2026-08-13T23:30:00Z,2026-08-14T01:30:00+0200,0.117,MW,DE,DE_LU,actual_solar_generation,Solar,2026-08-27T00:57:27Z
2026-08-27T00:55:09Z,2026-08-27T02:55:09+0200,9e257938-0a8b-4b8b-95d2-ab80972bdbbd,2026-08-13T23:45:00Z,2026-08-14T01:45:00+0200,0.108,MW,DE,DE_LU,actual_solar_generation,Solar,2026-08-27T00:57:27Z
2026-08-27T00:55:09Z,2026-08-27T02:55:09+0200,9e257938-0a8b-4b8b-95d2-ab80972bdbbd,2026-08-14T00:00:00Z,2026-08-14T02:00:00+0200,0.114,MW,DE,DE_LU,actual_solar_generation,Solar,2026-08-27T00:57:27Z
2026-08-27T00:55:09Z,2026-08-27T02:55:09+0200,9e257938-0a8b-4b8b-95d2-ab80972bdbbd,2026-08-14T00:15:00Z,2026-08-14T02:15:00+0200,0.101,MW,DE,DE_LU,actual_solar_generation,Solar,2026-08-27T00:57:27Z
2026-08-27T00:55:09Z,2026-08-27T02:55:09+0200,9e257938-0a8b-4b8b-95d2-ab80972bdbbd,2026-08-14T00:30:00Z,2026-08-14T02:30:00+0200,0.089,MW,DE,DE_LU,actual_solar_generation,Solar,2026-08-27T00:57:27Z
2026-08-27T00:55:09Z,2026-08-27T02:55:09+0200,9e257938-0a8b-4b8b-95d2-ab80972bdbbd,2026-08-14T00:45:00Z,2026-08-14T02:45:00+0200,0.078,MW,DE,DE_LU,actual_solar_generation,Solar,2026-08-27T00:57:27Z
2026-08-27T00:55:09Z,2026-08-27T02:55:09+0200,9e257938-0a8b-4b8b-95d2-ab80972bdbbd,2026-08-14T01:00:00Z,2026-08-14T03:00:00+0200,0.087,MW,DE,DE_LU,actual_solar_generation,Solar,2026-08-27T00:57:27Z
2026-08-27T00:55:09Z,2026-08-27T02:55:09+0200,9e257938-0a8b-4b8b-95d2-ab80972bdbbd,2026-08-14T01:15:00Z,2026-08-14T03:15:00+0200,0.088,MW,DE,DE_LU,actual_solar_generation,Solar,2026-08-27T00:57:27Z
2026-08-27T00:55:09Z,2026-08-27T02:55:09+0200,9e257938-0a8b-4b8b-95d2-ab80972bdbbd,2026-08-14T01:30:00Z,2026-08-14T03:30:00+0200,0.093,MW,DE,DE_LU,actual_solar_generation,Solar,2026-08-27T00:57:27Z
2026-08-27T00:55:09Z,2026-08-27T02:55:09+0200,9e257938-0a8b-4b8b-95d2-ab80972bdbbd,2026-08-14T01:45:00Z,2026-08-14T03:45:00+0200,0.084,MW,DE,DE_LU,actual_solar_generation,Solar,2026-08-27T00:57:27Z
2026-08-27T00:55:09Z,2026-08-27T02:55:09+0200,9e257938-0a8b-4b8b-95d2-ab80972bdbbd,2026-08-14T02:00:00Z,2026-08-14T04:00:00+0200,0.075,MW,DE,DE_LU,actual_solar_generation,Solar,2026-08-27T00:57:27Z
2026-08-27T00:55:09Z,2026-08-27T02:55:09+0200,9e257938-0a8b-4b8b-95d2-ab80972bdbbd,2026-08-14T02:15:00Z,2026-08-14T04:15:00+0200,0.081,MW,DE,DE_LU,actual_solar_generation,Solar,2026-08-27T00:57:27Z
2026-08-27T00:55:09Z,2026-08-27T02:55:09+0200,9e257938-0a8b-4b8b-95d2-ab80972bdbbd,2026-08-14T02:30:00Z,2026-08-14T04:30:00+0200,0.068,MW,DE,DE_LU,actual_solar_generation,Solar,2026-08-27T00:57:27Z
2026-08-27T00:55:09Z,2026-08-27T02:55:09+0200,9e257938-0a8b-4b8b-95d2-ab80972bdbbd,2026-08-14T02:45:00Z,2026-08-14T04:45:00+0200,0.064,MW,DE,DE_LU,actual_solar_generation,Solar,2026-08-27T00:57:27Z
2026-08-27T00:55:09Z,2026-08-27T02:55:09+0200,9e257938-0a8b-4b8b-95d2-ab80972bdbbd,2026-08-14T03:00:00Z,2026-08-14T05:00:00+0200,0.065,MW,DE,DE_LU,actual_solar_generation,Solar,2026-08-27T00:57:27Z
2026-08-27T00:55:09Z,2026-08-27T02:55:09+0200,9e257938-0a8b-4b8b-95d2-ab80972bdbbd,2026-08-14T03:15:00Z,2026-08-14T05:15:00+0200,0.068,MW,DE,DE_LU,actual_solar_generation,Solar,2026-08-27T00:57:27Z
2026-08-27T00:55:09Z,2026-08-27T02:55:09+0200,9e257938-0a8b-4b8b-95d2-ab80972bdbbd,2026-08-14T03:30:00Z,2026-08-14T05:30:00+0200,0.78,MW,DE,DE_LU,actual_solar_generation,Solar,2026-08-27T00:57:27Z
2026-08-27T00:55:09Z,2026-08-27T02:55:09+0200,9e257938-0a8b-4b8b-95d2-ab80972bdbbd,2026-08-14T03:45:00Z,2026-08-14T05:45:00+0200,15.644,MW,DE,DE_LU,actual_solar_generation,Solar,2026-08-27T00:57:27Z
2026-08-27T00:55:09Z,2026-08-27T02:55:09+0200,9e257938-0a8b-4b8b-95d2-ab80972bdbbd,2026-08-14T04:00:00Z,2026-08-14T06:00:00+0200,129.887,MW,DE,DE_LU,actual_solar_generation,Solar,2026-08-27T00:57:27Z
2026-08-27T00:55:09Z,2026-08-27T02:55:09+0200,9e257938-0a8b-4b8b-95d2-ab80972bdbbd,2026-08-14T04:15:00Z,2026-08-14T06:15:00+0200,606.791,MW,DE,DE_LU,actual_solar_generation,Solar,2026-08-27T00:57:27Z
2026-08-27T00:55:09Z,2026-08-27T02:55:09+0200,9e257938-0a8b-4b8b-95d2-ab80972bdbbd,2026-08-14T04:30:00Z,2026-08-14T06:30:00+0200,1635.429,MW,DE,DE_LU,actual_solar_generation,Solar,2026-08-27T00:57:27Z
2026-08-27T00:55:09Z,2026-08-27T02:55:09+0200,9e257938-0a8b-4b8b-95d2-ab80972bdbbd,2026-08-14T04:45:00Z,2026-08-14T06:45:00+0200,3001.034,MW,DE,DE_LU,actual_solar_generation,Solar,2026-08-27T00:57:27Z
2026-08-27T00:55:09Z,2026-08-27T02:55:09+0200,9e257938-0a8b-4b8b-95d2-ab80972bdbbd,2026-08-14T05:00:00Z,2026-08-14T07:00:00+0200,4775.932,MW,DE,DE_LU,actual_solar_generation,Solar,2026-08-27T00:57:27Z
2026-08-27T00:55:09Z,2026-08-27T02:55:09+0200,9e257938-0a8b-4b8b-95d2-ab80972bdbbd,2026-08-14T05:15:00Z,2026-08-14T07:15:00+0200,7106.623,MW,DE,DE_LU,actual_solar_generation,Solar,2026-08-27T00:57:27Z
2026-08-27T00:55:09Z,2026-08-27T02:55:09+0200,9e257938-0a8b-4b8b-95d2-ab80972bdbbd,2026-08-14T05:30:00Z,2026-08-14T07:30:00+0200,9850.641,MW,DE,DE_LU,actual_solar_generation,Solar,2026-08-27T00:57:27Z
2026-08-27T00:55:09Z,2026-08-27T02:55:09+0200,9e257938-0a8b-4b8b-95d2-ab80972bdbbd,2026-08-14T05:45:00Z,2026-08-14T07:45:00+0200,12936.285,MW,DE,DE_LU,actual_solar_generation,Solar,2026-08-27T00:57:27Z
2026-08-27T00:55:09Z,2026-08-27T02:55:09+0200,9e257938-0a8b-4b8b-95d2-ab80972bdbbd,2026-08-14T06:00:00Z,2026-08-14T08:00:00+0200,16283.753,MW,DE,DE_LU,actual_solar_generation,Solar,2026-08-27T00:57:27Z
2026-08-27T00:55:09Z,2026-08-27T02:55:09+0200,9e257938-0a8b-4b8b-95d2-ab80972bdbbd,2026-08-14T06:15:00Z,2026-08-14T08:15:00+0200,19798.135,MW,DE,DE_LU,actual_solar_generation,Solar,2026-08-27T00:57:27Z
2026-08-27T00:55:09Z,2026-08-27T02:55:09+0200,9e257938-0a8b-4b8b-95d2-ab80972bdbbd,2026-08-14T06:30:00Z,2026-08-14T08:30:00+0200,23446.438,MW,DE,DE_LU,actual_solar_generation,Solar,2026-08-27T00:57:27Z
2026-08-27T00:55:09Z,2026-08-27T02:55:09+0200,9e257938-0a8b-4b8b-95d2-ab80972bdbbd,2026-08-14T06:45:00Z,2026-08-14T08:45:00+0200,27081.768,MW,DE,DE_LU,actual_solar_generation,Solar,2026-08-27T00:57:27Z
2026-08-27T00:55:09Z,2026-08-27T02:55:09+0200,9e257938-0a8b-4b8b-95d2-ab80972bdbbd,2026-08-14T07:00:00Z,2026-08-14T09:00:00+0200,30332.362,MW,DE,DE_LU,actual_solar_generation,Solar,2026-08-27T00:57:27Z
2026-08-27T00:55:09Z,2026-08-27T02:55:09+0200,9e257938-0a8b-4b8b-95d2-ab80972bdbbd,2026-08-14T07:15:00Z,2026-08-14T09:15:00+0200,33480.071,MW,DE,DE_LU,actual_solar_generation,Solar,2026-08-27T00:57:27Z
2026-08-27T00:55:09Z,2026-08-27T02:55:09+0200,9e257938-0a8b-4b8b-95d2-ab80972bdbbd,2026-08-14T07:30:00Z,2026-08-14T09:30:00+0200,36448.388,MW,DE,DE_LU,actual_solar_generation,Solar,2026-08-27T00:57:27Z
2026-08-27T00:55:09Z,2026-08-27T02:55:09+0200,9e257938-0a8b-4b8b-95d2-ab80972bdbbd,2026-08-14T07:45:00Z,2026-08-14T09:45:00+0200,39272.064,MW,DE,DE_LU,actual_solar_generation,Solar,2026-08-27T00:57:27Z
2026-08-27T00:55:09Z,2026-08-27T02:55:09+0200,9e257938-0a8b-4b8b-95d2-ab80972bdbbd,2026-08-14T08:00:00Z,2026-08-14T10:00:00+0200,41774.807,MW,DE,DE_LU,actual_solar_generation,Solar,2026-08-27T00:57:27Z
2026-08-27T00:55:09Z,2026-08-27T02:55:09+0200,9e257938-0a8b-4b8b-95d2-ab80972bdbbd,2026-08-14T08:15:00Z,2026-08-14T10:15:00+0200,44183.538,MW,DE,DE_LU,actual_solar_generation,Solar,2026-08-27T00:57:27Z
2026-08-27T00:55:09Z,2026-08-27T02:55:09+0200,9e257938-0a8b-4b8b-95d2-ab80972bdbbd,2026-08-14T08:30:00Z,2026-08-14T10:30:00+0200,46188.265,MW,DE,DE_LU,actual_solar_generation,Solar,2026-08-27T00:57:27Z
2026-08-27T00:55:09Z,2026-08-27T02:55:09+0200,9e257938-0a8b-4b8b-95d2-ab80972bdbbd,2026-08-14T08:45:00Z,2026-08-14T10:45:00+0200,48262.613,MW,DE,DE_LU,actual_solar_generation,Solar,2026-08-27T00:57:27Z
2026-08-27T00:55:09Z,2026-08-27T02:55:09+0200,9e257938-0a8b-4b8b-95d2-ab80972bdbbd,2026-08-14T09:00:00Z,2026-08-14T11:00:00+0200,49966.884,MW,DE,DE_LU,actual_solar_generation,Solar,2026-08-27T00:57:27Z
2026-08-27T00:55:09Z,2026-08-27T02:55:09+0200,9e257938-0a8b-4b8b-95d2-ab80972bdbbd,2026-08-14T09:15:00Z,2026-08-14T11:15:00+0200,51626.131,MW,DE,DE_LU,actual_solar_generation,Solar,2026-08-27T00:57:27Z
2026-08-27T00:55:09Z,2026-08-27T02:55:09+0200,9e257938-0a8b-4b8b-95d2-ab80972bdbbd,2026-08-14T09:30:00Z,2026-08-14T11:30:00+0200,53106.425,MW,DE,DE_LU,actual_solar_generation,Solar,2026-08-27T00:57:27Z
2026-08-27T00:55:09Z,2026-08-27T02:55:09+0200,9e257938-0a8b-4b8b-95d2-ab80972bdbbd,2026-08-14T09:45:00Z,2026-08-14T11:45:00+0200,54278.619,MW,DE,DE_LU,actual_solar_generation,Solar,2026-08-27T00:57:27Z
2026-08-27T00:55:09Z,2026-08-27T02:55:09+0200,9e257938-0a8b-4b8b-95d2-ab80972bdbbd,2026-08-14T10:00:00Z,2026-08-14T12:00:00+0200,55173.846,MW,DE,DE_LU,actual_solar_generation,Solar,2026-08-27T00:57:27Z
2026-08-27T00:55:09Z,2026-08-27T02:55:09+0200,9e257938-0a8b-4b8b-95d2-ab80972bdbbd,2026-08-14T10:15:00Z,2026-08-14T12:15:00+0200,56061.984,MW,DE,DE_LU,actual_solar_generation,Solar,2026-08-27T00:57:27Z
2026-08-27T00:55:09Z,2026-08-27T02:55:09+0200,9e257938-0a8b-4b8b-95d2-ab80972bdbbd,2026-08-14T10:30:00Z,2026-08-14T12:30:00+0200,57058.757,MW,DE,DE_LU,actual_solar_generation,Solar,2026-08-27T00:57:27Z
2026-08-27T00:55:09Z,2026-08-27T02:55:09+0200,9e257938-0a8b-4b8b-95d2-ab80972bdbbd,2026-08-14T10:45:00Z,2026-08-14T12:45:00+0200,57398.496,MW,DE,DE_LU,actual_solar_generation,Solar,2026-08-27T00:57:27Z
2026-08-27T00:55:09Z,2026-08-27T02:55:09+0200,9e257938-0a8b-4b8b-95d2-ab80972bdbbd,2026-08-14T11:00:00Z,2026-08-14T13:00:00+0200,57554.493,MW,DE,DE_LU,actual_solar_generation,Solar,2026-08-27T00:57:27Z
2026-08-27T00:55:09Z,2026-08-27T02:55:09+0200,9e257938-0a8b-4b8b-95d2-ab80972bdbbd,2026-08-14T11:15:00Z,2026-08-14T13:15:00+0200,57694.08,MW,DE,DE_LU,actual_solar_generation,Solar,2026-08-27T00:57:27Z
2026-08-27T00:55:09Z,2026-08-27T02:55:09+0200,9e257938-0a8b-4b8b-95d2-ab80972bdbbd,2026-08-14T11:30:00Z,2026-08-14T13:30:00+0200,57626.627,MW,DE,DE_LU,actual_solar_generation,Solar,2026-08-27T00:57:27Z
2026-08-27T00:55:09Z,2026-08-27T02:55:09+0200,9e257938-0a8b-4b8b-95d2-ab80972bdbbd,2026-08-14T11:45:00Z,2026-08-14T13:45:00+0200,57320.102,MW,DE,DE_LU,actual_solar_generation,Solar,2026-08-27T00:57:27Z
2026-08-27T00:55:09Z,2026-08-27T02:55:09+0200,9e257938-0a8b-4b8b-95d2-ab80972bdbbd,2026-08-14T12:00:00Z,2026-08-14T14:00:00+0200,56676.208,MW,DE,DE_LU,actual_solar_generation,Solar,2026-08-27T00:57:27Z
2026-08-27T00:55:09Z,2026-08-27T02:55:09+0200,9e257938-0a8b-4b8b-95d2-ab80972bdbbd,2026-08-14T12:15:00Z,2026-08-14T14:15:00+0200,55949.973,MW,DE,DE_LU,actual_solar_generation,Solar,2026-08-27T00:57:27Z
2026-08-27T00:55:09Z,2026-08-27T02:55:09+0200,9e257938-0a8b-4b8b-95d2-ab80972bdbbd,2026-08-14T12:30:00Z,2026-08-14T14:30:00+0200,54965.242,MW,DE,DE_LU,actual_solar_generation,Solar,2026-08-27T00:57:27Z
2026-08-27T00:55:09Z,2026-08-27T02:55:09+0200,9e257938-0a8b-4b8b-95d2-ab80972bdbbd,2026-08-14T12:45:00Z,2026-08-14T14:45:00+0200,53880.79,MW,DE,DE_LU,actual_solar_generation,Solar,2026-08-27T00:57:27Z
2026-08-27T00:55:09Z,2026-08-27T02:55:09+0200,9e257938-0a8b-4b8b-95d2-ab80972bdbbd,2026-08-14T13:00:00Z,2026-08-14T15:00:00+0200,52501.147,MW,DE,DE_LU,actual_solar_generation,Solar,2026-08-27T00:57:27Z
2026-08-27T00:55:09Z,2026-08-27T02:55:09+0200,9e257938-0a8b-4b8b-95d2-ab80972bdbbd,2026-08-14T13:15:00Z,2026-08-14T15:15:00+0200,50852.986,MW,DE,DE_LU,actual_solar_generation,Solar,2026-08-27T00:57:27Z
2026-08-27T00:55:09Z,2026-08-27T02:55:09+0200,9e257938-0a8b-4b8b-95d2-ab80972bdbbd,2026-08-14T13:30:00Z,2026-08-14T15:30:00+0200,49078.428,MW,DE,DE_LU,actual_solar_generation,Solar,2026-08-27T00:57:27Z
2026-08-27T00:55:09Z,2026-08-27T02:55:09+0200,9e257938-0a8b-4b8b-95d2-ab80972bdbbd,2026-08-14T13:45:00Z,2026-08-14T15:45:00+0200,47031.225,MW,DE,DE_LU,actual_solar_generation,Solar,2026-08-27T00:57:27Z
2026-08-27T00:55:09Z,2026-08-27T02:55:09+0200,9e257938-0a8b-4b8b-95d2-ab80972bdbbd,2026-08-14T14:00:00Z,2026-08-14T16:00:00+0200,45078.78,MW,DE,DE_LU,actual_solar_generation,Solar,2026-08-27T00:57:27Z
2026-08-27T00:55:09Z,2026-08-27T02:55:09+0200,9e257938-0a8b-4b8b-95d2-ab80972bdbbd,2026-08-14T14:15:00Z,2026-08-14T16:15:00+0200,42821.227,MW,DE,DE_LU,actual_solar_generation,Solar,2026-08-27T00:57:27Z
2026-08-27T00:55:09Z,2026-08-27T02:55:09+0200,9e257938-0a8b-4b8b-95d2-ab80972bdbbd,2026-08-14T14:30:00Z,2026-08-14T16:30:00+0200,40228.303,MW,DE,DE_LU,actual_solar_generation,Solar,2026-08-27T00:57:27Z
2026-08-27T00:55:09Z,2026-08-27T02:55:09+0200,9e257938-0a8b-4b8b-95d2-ab80972bdbbd,2026-08-14T14:45:00Z,2026-08-14T16:45:00+0200,37482.0,MW,DE,DE_LU,actual_solar_generation,Solar,2026-08-27T00:57:27Z
2026-08-27T00:55:09Z,2026-08-27T02:55:09+0200,9e257938-0a8b-4b8b-95d2-ab80972bdbbd,2026-08-14T15:00:00Z,2026-08-14T17:00:00+0200,34831.912,MW,DE,DE_LU,actual_solar_generation,Solar,2026-08-27T00:57:27Z
2026-08-27T00:55:09Z,2026-08-27T02:55:09+0200,9e257938-0a8b-4b8b-95d2-ab80972bdbbd,2026-08-14T15:15:00Z,2026-08-14T17:15:00+0200,31874.853,MW,DE,DE_LU,actual_solar_generation,Solar,2026-08-27T00:57:27Z
2026-08-27T00:55:09Z,2026-08-27T02:55:09+0200,9e257938-0a8b-4b8b-95d2-ab80972bdbbd,2026-08-14T15:30:00Z,2026-08-14T17:30:00+0200,28741.686,MW,DE,DE_LU,actual_solar_generation,Solar,2026-08-27T00:57:27Z
2026-08-27T00:55:09Z,2026-08-27T02:55:09+0200,9e257938-0a8b-4b8b-95d2-ab80972bdbbd,2026-08-14T15:45:00Z,2026-08-14T17:45:00+0200,25396.416,MW,DE,DE_LU,actual_solar_generation,Solar,2026-08-27T00:57:27Z
2026-08-27T00:55:09Z,2026-08-27T02:55:09+0200,9e257938-0a8b-4b8b-95d2-ab80972bdbbd,2026-08-14T16:00:00Z,2026-08-14T18:00:00+0200,21902.721,MW,DE,DE_LU,actual_solar_generation,Solar,2026-08-27T00:57:27Z
2026-08-27T00:55:09Z,2026-08-27T02:55:09+0200,9e257938-0a8b-4b8b-95d2-ab80972bdbbd,2026-08-14T16:15:00Z,2026-08-14T18:15:00+0200,18369.892,MW,DE,DE_LU,actual_solar_generation,Solar,2026-08-27T00:57:27Z
2026-08-27T00:55:09Z,2026-08-27T02:55:09+0200,9e257938-0a8b-4b8b-95d2-ab80972bdbbd,2026-08-14T16:30:00Z,2026-08-14T18:30:00+0200,14999.762,MW,DE,DE_LU,actual_solar_generation,Solar,2026-08-27T00:57:27Z
2026-08-27T00:55:09Z,2026-08-27T02:55:09+0200,9e257938-0a8b-4b8b-95d2-ab80972bdbbd,2026-08-14T16:45:00Z,2026-08-14T18:45:00+0200,11711.797,MW,DE,DE_LU,actual_solar_generation,Solar,2026-08-27T00:57:27Z
2026-08-27T00:55:09Z,2026-08-27T02:55:09+0200,9e257938-0a8b-4b8b-95d2-ab80972bdbbd,2026-08-14T17:00:00Z,2026-08-14T19:00:00+0200,8752.012,MW,DE,DE_LU,actual_solar_generation,Solar,2026-08-27T00:57:27Z
2026-08-27T00:55:09Z,2026-08-27T02:55:09+0200,9e257938-0a8b-4b8b-95d2-ab80972bdbbd,2026-08-14T17:15:00Z,2026-08-14T19:15:00+0200,6232.504,MW,DE,DE_LU,actual_solar_generation,Solar,2026-08-27T00:57:27Z
2026-08-27T00:55:09Z,2026-08-27T02:55:09+0200,9e257938-0a8b-4b8b-95d2-ab80972bdbbd,2026-08-14T17:30:00Z,2026-08-14T19:30:00+0200,4154.796,MW,DE,DE_LU,actual_solar_generation,Solar,2026-08-27T00:57:27Z
2026-08-27T00:55:09Z,2026-08-27T02:55:09+0200,9e257938-0a8b-4b8b-95d2-ab80972bdbbd,2026-08-14T17:45:00Z,2026-08-14T19:45:00+0200,2547.064,MW,DE,DE_LU,actual_solar_generation,Solar,2026-08-27T00:57:27Z
2026-08-27T00:55:09Z,2026-08-27T02:55:09+0200,9e257938-0a8b-4b8b-95d2-ab80972bdbbd,2026-08-14T18:00:00Z,2026-08-14T20:00:00+0200,1323.884,MW,DE,DE_LU,actual_solar_generation,Solar,2026-08-27T00:57:27Z
2026-08-27T00:55:09Z,2026-08-27T02:55:09+0200,9e257938-0a8b-4b8b-95d2-ab80972bdbbd,2026-08-14T18:15:00Z,2026-08-14T20:15:00+0200,518.947,MW,DE,DE_LU,actual_solar_generation,Solar,2026-08-27T00:57:27Z
2026-08-27T00:55:09Z,2026-08-27T02:55:09+0200,9e257938-0a8b-4b8b-95d2-ab80972bdbbd,2026-08-14T18:30:00Z,2026-08-14T20:30:00+0200,132.132,MW,DE,DE_LU,actual_solar_generation,Solar,2026-08-27T00:57:27Z
2026-08-27T00:55:09Z,2026-08-27T02:55:09+0200,9e257938-0a8b-4b8b-95d2-ab80972bdbbd,2026-08-14T18:45:00Z,2026-08-14T20:45:00+0200,18.215,MW,DE,DE_LU,actual_solar_generation,Solar,2026-08-27T00:57:27Z
2026-08-27T00:55:09Z,2026-08-27T02:55:09+0200,9e257938-0a8b-4b8b-95d2-ab80972bdbbd,2026-08-14T19:00:00Z,2026-08-14T21:00:00+0200,1.534,MW,DE,DE_LU,actual_solar_generation,Solar,2026-08-27T00:57:27Z
2026-08-27T00:55:09Z,2026-08-27T02:55:09+0200,9e257938-0a8b-4b8b-95d2-ab80972bdbbd,2026-08-14T19:15:00Z,2026-08-14T21:15:00+0200,0.318,MW,DE,DE_LU,actual_solar_generation,Solar,2026-08-27T00:57:27Z
2026-08-27T00:55:09Z,2026-08-27T02:55:09+0200,9e257938-0a8b-4b8b-95d2-ab80972bdbbd,2026-08-14T19:30:00Z,2026-08-14T21:30:00+0200,0.26,MW,DE,DE_LU,actual_solar_generation,Solar,2026-08-27T00:57:27Z
2026-08-27T00:55:09Z,2026-08-27T02:55:09+0200,9e257938-0a8b-4b8b-95d2-ab80972bdbbd,2026-08-14T19:45:00Z,2026-08-14T21:45:00+0200,0.253,MW,DE,DE_LU,actual_solar_generation,Solar,2026-08-27T00:57:27Z
2026-08-27T00:55:09Z,2026-08-27T02:55:09+0200,9e257938-0a8b-4b8b-95d2-ab80972bdbbd,2026-08-14T20:00:00Z,2026-08-14T22:00:00+0200,0.226,MW,DE,DE_LU,actual_solar_generation,Solar,2026-08-27T00:57:27Z
2026-08-27T00:55:09Z,2026-08-27T02:55:09+0200,9e257938-0a8b-4b8b-95d2-ab80972bdbbd,2026-08-14T20:15:00Z,2026-08-14T22:15:00+0200,0.207,MW,DE,DE_LU,actual_solar_generation,Solar,2026-08-27T00:57:27Z
2026-08-27T00:55:09Z,2026-08-27T02:55:09+0200,9e257938-0a8b-4b8b-95d2-ab80972bdbbd,2026-08-14T20:30:00Z,2026-08-14T22:30:00+0200,0.202,MW,DE,DE_LU,actual_solar_generation,Solar,2026-08-27T00:57:27Z
2026-08-27T00:55:09Z,2026-08-27T02:55:09+0200,9e257938-0a8b-4b8b-95d2-ab80972bdbbd,2026-08-14T20:45:00Z,2026-08-14T22:45:00+0200,0.184,MW,DE,DE_LU,actual_solar_generation,Solar,2026-08-27T00:57:27Z
2026-08-27T00:55:09Z,2026-08-27T02:55:09+0200,9e257938-0a8b-4b8b-95d2-ab80972bdbbd,2026-08-14T21:00:00Z,2026-08-14T23:00:00+0200,0.203,MW,DE,DE_LU,actual_solar_generation,Solar,2026-08-27T00:57:27Z
2026-08-27T00:55:09Z,2026-08-27T02:55:09+0200,9e257938-0a8b-4b8b-95d2-ab80972bdbbd,2026-08-14T21:15:00Z,2026-08-14T23:15:00+0200,0.176,MW,DE,DE_LU,actual_solar_generation,Solar,2026-08-27T00:57:27Z
2026-08-27T00:55:09Z,2026-08-27T02:55:09+0200,9e257938-0a8b-4b8b-95d2-ab80972bdbbd,2026-08-14T21:30:00Z,2026-08-14T23:30:00+0200,0.166,MW,DE,DE_LU,actual_solar_generation,Solar,2026-08-27T00:57:27Z
2026-08-27T00:55:09Z,2026-08-27T02:55:09+0200,9e257938-0a8b-4b8b-95d2-ab80972bdbbd,2026-08-14T21:45:00Z,2026-08-14T23:45:00+0200,0.152,MW,DE,DE_LU,actual_solar_generation,Solar,2026-08-27T00:57:27Z
2026-08-27T00:55:09Z,2026-08-27T02:55:09+0200,9e257938-0a8b-4b8b-95d2-ab80972bdbbd,2026-08-14T22:00:00Z,2026-08-15T00:00:00+0200,0.14,MW,DE,DE_LU,actual_solar_generation,Solar,2026-08-27T00:57:27Z
2026-08-27T00:55:09Z,2026-08-27T02:55:09+0200,9e257938-0a8b-4b8b-95d2-ab80972bdbbd,2026-08-14T22:15:00Z,2026-08-15T00:15:00+0200,0.131,MW,DE,DE_LU,actual_solar_generation,Solar,2026-08-27T00:57:27Z
2026-08-27T00:55:09Z,2026-08-27T02:55:09+0200,9e257938-0a8b-4b8b-95d2-ab80972bdbbd,2026-08-14T22:30:00Z,2026-08-15T00:30:00+0200,0.123,MW,DE,DE_LU,actual_solar_generation,Solar,2026-08-27T00:57:27Z
2026-08-27T00:55:09Z,2026-08-27T02:55:09+0200,9e257938-0a8b-4b8b-95d2-ab80972bdbbd,2026-08-14T22:45:00Z,2026-08-15T00:45:00+0200,0.122,MW,DE,DE_LU,actual_solar_generation,Solar,2026-08-27T00:57:27Z
2026-08-27T00:55:09Z,2026-08-27T02:55:09+0200,9e257938-0a8b-4b8b-95d2-ab80972bdbbd,2026-08-14T23:00:00Z,2026-08-15T01:00:00+0200,0.116,MW,DE,DE_LU,actual_solar_generation,Solar,2026-08-27T00:57:27Z
2026-08-27T00:55:09Z,2026-08-27T02:55:09+0200,9e257938-0a8b-4b8b-95d2-ab80972bdbbd,2026-08-14T23:15:00Z,2026-08-15T01:15:00+0200,0.106,MW,DE,DE_LU,actual_solar_generation,Solar,2026-08-27T00:57:27Z
2026-08-27T00:55:09Z,2026-08-27T02:55:09+0200,9e257938-0a8b-4b8b-95d2-ab80972bdbbd,2026-08-14T23:30:00Z,2026-08-15T01:30:00+0200,0.097,MW,DE,DE_LU,actual_solar_generation,Solar,2026-08-27T00:57:27Z
2026-08-27T00:55:09Z,2026-08-27T02:55:09+0200,9e257938-0a8b-4b8b-95d2-ab80972bdbbd,2026-08-14T23:45:00Z,2026-08-15T01:45:00+0200,0.107,MW,DE,DE_LU,actual_solar_generation,Solar,2026-08-27T00:57:27Z
2026-08-27T00:55:09Z,2026-08-27T02:55:09+0200,9e257938-0a8b-4b8b-95d2-ab80972bdbbd,2026-08-15T00:00:00Z,2026-08-15T02:00:00+0200,0.107,MW,DE,DE_LU,actual_solar_generation,Solar,2026-08-27T00:57:27Z
2026-08-27T00:55:09Z,2026-08-27T02:55:09+0200,9e257938-0a8b-4b8b-95d2-ab80972bdbbd,2026-08-15T00:15:00Z,2026-08-15T02:15:00+0200,0.099,MW,DE,DE_LU,actual_solar_generation,Solar,2026-08-27T00:57:27Z
2026-08-27T00:55:09Z,2026-08-27T02:55:09+0200,9e257938-0a8b-4b8b-95d2-ab80972bdbbd,2026-08-15T00:30:00Z,2026-08-15T02:30:00+0200,0.092,MW,DE,DE_LU,actual_solar_generation,Solar,2026-08-27T00:57:27Z
2026-08-27T00:55:09Z,2026-08-27T02:55:09+0200,9e257938-0a8b-4b8b-95d2-ab80972bdbbd,2026-08-15T00:45:00Z,2026-08-15T02:45:00+0200,0.096,MW,DE,DE_LU,actual_solar_generation,Solar,2026-08-27T00:57:27Z
2026-08-27T00:55:09Z,2026-08-27T02:55:09+0200,9e257938-0a8b-4b8b-95d2-ab80972bdbbd,2026-08-15T01:00:00Z,2026-08-15T03:00:00+0200,0.087,MW,DE,DE_LU,actual_solar_generation,Solar,2026-08-27T00:57:27Z
2026-08-27T00:55:09Z,2026-08-27T02:55:09+0200,9e257938-0a8b-4b8b-95d2-ab80972bdbbd,2026-08-15T01:15:00Z,2026-08-15T03:15:00+0200,0.077,MW,DE,DE_LU,actual_solar_generation,Solar,2026-08-27T00:57:27Z
2026-08-27T00:55:09Z,2026-08-27T02:55:09+0200,9e257938-0a8b-4b8b-95d2-ab80972bdbbd,2026-08-15T01:30:00Z,2026-08-15T03:30:00+0200,0.071,MW,DE,DE_LU,actual_solar_generation,Solar,2026-08-27T00:57:27Z
2026-08-27T00:55:09Z,2026-08-27T02:55:09+0200,9e257938-0a8b-4b8b-95d2-ab80972bdbbd,2026-08-15T01:45:00Z,2026-08-15T03:45:00+0200,0.063,MW,DE,DE_LU,actual_solar_generation,Solar,2026-08-27T00:57:27Z
2026-08-27T00:55:09Z,2026-08-27T02:55:09+0200,9e257938-0a8b-4b8b-95d2-ab80972bdbbd,2026-08-15T02:00:00Z,2026-08-15T04:00:00+0200,0.071,MW,DE,DE_LU,actual_solar_generation,Solar,2026-08-27T00:57:27Z
2026-08-27T00:55:09Z,2026-08-27T02:55:09+0200,9e257938-0a8b-4b8b-95d2-ab80972bdbbd,2026-08-15T02:15:00Z,2026-08-15T04:15:00+0200,0.069,MW,DE,DE_LU,actual_solar_generation,Solar,2026-08-27T00:57:27Z
2026-08-27T00:55:09Z,2026-08-27T02:55:09+0200,9e257938-0a8b-4b8b-95d2-ab80972bdbbd,2026-08-15T02:30:00Z,2026-08-15T04:30:00+0200,0.071,MW,DE,DE_LU,actual_solar_generation,Solar,2026-08-27T00:57:27Z
2026-08-27T00:55:09Z,2026-08-27T02:55:09+0200,9e257938-0a8b-4b8b-95d2-ab80972bdbbd,2026-08-15T02:45:00Z,2026-08-15T04:45:00+0200,0.068,MW,DE,DE_LU,actual_solar_generation,Solar,2026-08-27T00:57:27Z
2026-08-27T00:55:09Z,2026-08-27T02:55:09+0200,9e257938-0a8b-4b8b-95d2-ab80972bdbbd,2026-08-15T03:00:00Z,2026-08-15T05:00:00+0200,0.07,MW,DE,DE_LU,actual_solar_generation,Solar,2026-08-27T00:57:27Z
2026-08-27T00:55:09Z,2026-08-27T02:55:09+0200,9e257938-0a8b-4b8b-95d2-ab80972bdbbd,2026-08-15T03:15:00Z,2026-08-15T05:15:00+0200,0.064,MW,DE,DE_LU,actual_solar_generation,Solar,2026-08-27T00:57:27Z
2026-08-27T00:55:09Z,2026-08-27T02:55:09+0200,9e257938-0a8b-4b8b-95d2-ab80972bdbbd,2026-08-15T03:30:00Z,2026-08-15T05:30:00+0200,0.831,MW,DE,DE_LU,actual_solar_generation,Solar,2026-08-27T00:57:27Z
2026-08-27T00:55:09Z,2026-08-27T02:55:09+0200,9e257938-0a8b-4b8b-95d2-ab80972bdbbd,2026-08-15T03:45:00Z,2026-08-15T05:45:00+0200,9.578,MW,DE,DE_LU,actual_solar_generation,Solar,2026-08-27T00:57:27Z
2026-08-27T00:55:09Z,2026-08-27T02:55:09+0200,9e257938-0a8b-4b8b-95d2-ab80972bdbbd,2026-08-15T04:00:00Z,2026-08-15T06:00:00+0200,97.615,MW,DE,DE_LU,actual_solar_generation,Solar,2026-08-27T00:57:27Z
2026-08-27T00:55:09Z,2026-08-27T02:55:09+0200,9e257938-0a8b-4b8b-95d2-ab80972bdbbd,2026-08-15T04:15:00Z,2026-08-15T06:15:00+0200,529.311,MW,DE,DE_LU,actual_solar_generation,Solar,2026-08-27T00:57:27Z
2026-08-27T00:55:09Z,2026-08-27T02:55:09+0200,9e257938-0a8b-4b8b-95d2-ab80972bdbbd,2026-08-15T04:30:00Z,2026-08-15T06:30:00+0200,1561.708,MW,DE,DE_LU,actual_solar_generation,Solar,2026-08-27T00:57:27Z
2026-08-27T00:55:09Z,2026-08-27T02:55:09+0200,9e257938-0a8b-4b8b-95d2-ab80972bdbbd,2026-08-15T04:45:00Z,2026-08-15T06:45:00+0200,2858.86,MW,DE,DE_LU,actual_solar_generation,Solar,2026-08-27T00:57:27Z
2026-08-27T00:55:09Z,2026-08-27T02:55:09+0200,9e257938-0a8b-4b8b-95d2-ab80972bdbbd,2026-08-15T05:00:00Z,2026-08-15T07:00:00+0200,4515.127,MW,DE,DE_LU,actual_solar_generation,Solar,2026-08-27T00:57:27Z
2026-08-27T00:55:09Z,2026-08-27T02:55:09+0200,9e257938-0a8b-4b8b-95d2-ab80972bdbbd,2026-08-15T05:15:00Z,2026-08-15T07:15:00+0200,6656.227,MW,DE,DE_LU,actual_solar_generation,Solar,2026-08-27T00:57:27Z
2026-08-27T00:55:09Z,2026-08-27T02:55:09+0200,9e257938-0a8b-4b8b-95d2-ab80972bdbbd,2026-08-15T05:30:00Z,2026-08-15T07:30:00+0200,9150.406,MW,DE,DE_LU,actual_solar_generation,Solar,2026-08-27T00:57:27Z
2026-08-27T00:55:09Z,2026-08-27T02:55:09+0200,9e257938-0a8b-4b8b-95d2-ab80972bdbbd,2026-08-15T05:45:00Z,2026-08-15T07:45:00+0200,11992.868,MW,DE,DE_LU,actual_solar_generation,Solar,2026-08-27T00:57:27Z
2026-08-27T00:55:09Z,2026-08-27T02:55:09+0200,9e257938-0a8b-4b8b-95d2-ab80972bdbbd,2026-08-15T06:00:00Z,2026-08-15T08:00:00+0200,15018.188,MW,DE,DE_LU,actual_solar_generation,Solar,2026-08-27T00:57:27Z
2026-08-27T00:55:09Z,2026-08-27T02:55:09+0200,9e257938-0a8b-4b8b-95d2-ab80972bdbbd,2026-08-15T06:15:00Z,2026-08-15T08:15:00+0200,18104.796,MW,DE,DE_LU,actual_solar_generation,Solar,2026-08-27T00:57:27Z
2026-08-27T00:55:09Z,2026-08-27T02:55:09+0200,9e257938-0a8b-4b8b-95d2-ab80972bdbbd,2026-08-15T06:30:00Z,2026-08-15T08:30:00+0200,21172.011,MW,DE,DE_LU,actual_solar_generation,Solar,2026-08-27T00:57:27Z
2026-08-27T00:55:09Z,2026-08-27T02:55:09+0200,9e257938-0a8b-4b8b-95d2-ab80972bdbbd,2026-08-15T06:45:00Z,2026-08-15T08:45:00+0200,24174.515,MW,DE,DE_LU,actual_solar_generation,Solar,2026-08-27T00:57:27Z
2026-08-27T00:55:09Z,2026-08-27T02:55:09+0200,9e257938-0a8b-4b8b-95d2-ab80972bdbbd,2026-08-15T07:00:00Z,2026-08-15T09:00:00+0200,26431.403,MW,DE,DE_LU,actual_solar_generation,Solar,2026-08-27T00:57:27Z
2026-08-27T00:55:09Z,2026-08-27T02:55:09+0200,9e257938-0a8b-4b8b-95d2-ab80972bdbbd,2026-08-15T07:15:00Z,2026-08-15T09:15:00+0200,28626.549,MW,DE,DE_LU,actual_solar_generation,Solar,2026-08-27T00:57:27Z
2026-08-27T00:55:09Z,2026-08-27T02:55:09+0200,9e257938-0a8b-4b8b-95d2-ab80972bdbbd,2026-08-15T07:30:00Z,2026-08-15T09:30:00+0200,31189.459,MW,DE,DE_LU,actual_solar_generation,Solar,2026-08-27T00:57:27Z
2026-08-27T00:55:09Z,2026-08-27T02:55:09+0200,9e257938-0a8b-4b8b-95d2-ab80972bdbbd,2026-08-15T07:45:00Z,2026-08-15T09:45:00+0200,33366.666,MW,DE,DE_LU,actual_solar_generation,Solar,2026-08-27T00:57:27Z
2026-08-27T00:55:09Z,2026-08-27T02:55:09+0200,9e257938-0a8b-4b8b-95d2-ab80972bdbbd,2026-08-15T08:00:00Z,2026-08-15T10:00:00+0200,35571.741,MW,DE,DE_LU,actual_solar_generation,Solar,2026-08-27T00:57:27Z
2026-08-27T00:55:09Z,2026-08-27T02:55:09+0200,9e257938-0a8b-4b8b-95d2-ab80972bdbbd,2026-08-15T08:15:00Z,2026-08-15T10:15:00+0200,37676.684,MW,DE,DE_LU,actual_solar_generation,Solar,2026-08-27T00:57:27Z
2026-08-27T00:55:09Z,2026-08-27T02:55:09+0200,9e257938-0a8b-4b8b-95d2-ab80972bdbbd,2026-08-15T08:30:00Z,2026-08-15T10:30:00+0200,39600.824,MW,DE,DE_LU,actual_solar_generation,Solar,2026-08-27T00:57:27Z
2026-08-27T00:55:09Z,2026-08-27T02:55:09+0200,9e257938-0a8b-4b8b-95d2-ab80972bdbbd,2026-08-15T08:45:00Z,2026-08-15T10:45:00+0200,41201.097,MW,DE,DE_LU,actual_solar_generation,Solar,2026-08-27T00:57:27Z
2026-08-27T00:55:09Z,2026-08-27T02:55:09+0200,9e257938-0a8b-4b8b-95d2-ab80972bdbbd,2026-08-15T09:00:00Z,2026-08-15T11:00:00+0200,41644.202,MW,DE,DE_LU,actual_solar_generation,Solar,2026-08-27T00:57:27Z
2026-08-27T00:55:09Z,2026-08-27T02:55:09+0200,9e257938-0a8b-4b8b-95d2-ab80972bdbbd,2026-08-15T09:15:00Z,2026-08-15T11:15:00+0200,42843.279,MW,DE,DE_LU,actual_solar_generation,Solar,2026-08-27T00:57:27Z
2026-08-27T00:55:09Z,2026-08-27T02:55:09+0200,9e257938-0a8b-4b8b-95d2-ab80972bdbbd,2026-08-15T09:30:00Z,2026-08-15T11:30:00+0200,44058.852,MW,DE,DE_LU,actual_solar_generation,Solar,2026-08-27T00:57:27Z
2026-08-27T00:55:09Z,2026-08-27T02:55:09+0200,9e257938-0a8b-4b8b-95d2-ab80972bdbbd,2026-08-15T09:45:00Z,2026-08-15T11:45:00+0200,45043.075,MW,DE,DE_LU,actual_solar_generation,Solar,2026-08-27T00:57:27Z
2026-08-27T00:55:09Z,2026-08-27T02:55:09+0200,9e257938-0a8b-4b8b-95d2-ab80972bdbbd,2026-08-15T10:00:00Z,2026-08-15T12:00:00+0200,45639.988,MW,DE,DE_LU,actual_solar_generation,Solar,2026-08-27T00:57:27Z
2026-08-27T00:55:09Z,2026-08-27T02:55:09+0200,9e257938-0a8b-4b8b-95d2-ab80972bdbbd,2026-08-15T10:15:00Z,2026-08-15T12:15:00+0200,45855.498,MW,DE,DE_LU,actual_solar_generation,Solar,2026-08-27T00:57:27Z
2026-08-27T00:55:09Z,2026-08-27T02:55:09+0200,9e257938-0a8b-4b8b-95d2-ab80972bdbbd,2026-08-15T10:30:00Z,2026-08-15T12:30:00+0200,46090.819,MW,DE,DE_LU,actual_solar_generation,Solar,2026-08-27T00:57:27Z
2026-08-27T00:55:09Z,2026-08-27T02:55:09+0200,9e257938-0a8b-4b8b-95d2-ab80972bdbbd,2026-08-15T10:45:00Z,2026-08-15T12:45:00+0200,46085.618,MW,DE,DE_LU,actual_solar_generation,Solar,2026-08-27T00:57:27Z
2026-08-27T00:55:09Z,2026-08-27T02:55:09+0200,9e257938-0a8b-4b8b-95d2-ab80972bdbbd,2026-08-15T11:00:00Z,2026-08-15T13:00:00+0200,45953.524,MW,DE,DE_LU,actual_solar_generation,Solar,2026-08-27T00:57:27Z
2026-08-27T00:55:09Z,2026-08-27T02:55:09+0200,9e257938-0a8b-4b8b-95d2-ab80972bdbbd,2026-08-15T11:15:00Z,2026-08-15T13:15:00+0200,45673.251,MW,DE,DE_LU,actual_solar_generation,Solar,2026-08-27T00:57:27Z
2026-08-27T00:55:09Z,2026-08-27T02:55:09+0200,9e257938-0a8b-4b8b-95d2-ab80972bdbbd,2026-08-15T11:30:00Z,2026-08-15T13:30:00+0200,45286.957,MW,DE,DE_LU,actual_solar_generation,Solar,2026-08-27T00:57:27Z
2026-08-27T00:55:09Z,2026-08-27T02:55:09+0200,9e257938-0a8b-4b8b-95d2-ab80972bdbbd,2026-08-15T11:45:00Z,2026-08-15T13:45:00+0200,44753.977,MW,DE,DE_LU,actual_solar_generation,Solar,2026-08-27T00:57:27Z
2026-08-27T00:55:09Z,2026-08-27T02:55:09+0200,9e257938-0a8b-4b8b-95d2-ab80972bdbbd,2026-08-15T12:00:00Z,2026-08-15T14:00:00+0200,44234.82,MW,DE,DE_LU,actual_solar_generation,Solar,2026-08-27T00:57:27Z
2026-08-27T00:55:09Z,2026-08-27T02:55:09+0200,9e257938-0a8b-4b8b-95d2-ab80972bdbbd,2026-08-15T12:15:00Z,2026-08-15T14:15:00+0200,43386.872,MW,DE,DE_LU,actual_solar_generation,Solar,2026-08-27T00:57:27Z
2026-08-27T00:55:09Z,2026-08-27T02:55:09+0200,9e257938-0a8b-4b8b-95d2-ab80972bdbbd,2026-08-15T12:30:00Z,2026-08-15T14:30:00+0200,41908.603,MW,DE,DE_LU,actual_solar_generation,Solar,2026-08-27T00:57:27Z
2026-08-27T00:55:09Z,2026-08-27T02:55:09+0200,9e257938-0a8b-4b8b-95d2-ab80972bdbbd,2026-08-15T12:45:00Z,2026-08-15T14:45:00+0200,40284.325,MW,DE,DE_LU,actual_solar_generation,Solar,2026-08-27T00:57:27Z
2026-08-27T00:55:09Z,2026-08-27T02:55:09+0200,9e257938-0a8b-4b8b-95d2-ab80972bdbbd,2026-08-15T13:00:00Z,2026-08-15T15:00:00+0200,38891.589,MW,DE,DE_LU,actual_solar_generation,Solar,2026-08-27T00:57:27Z
2026-08-27T00:55:09Z,2026-08-27T02:55:09+0200,9e257938-0a8b-4b8b-95d2-ab80972bdbbd,2026-08-15T13:15:00Z,2026-08-15T15:15:00+0200,37182.59,MW,DE,DE_LU,actual_solar_generation,Solar,2026-08-27T00:57:27Z
2026-08-27T00:55:09Z,2026-08-27T02:55:09+0200,9e257938-0a8b-4b8b-95d2-ab80972bdbbd,2026-08-15T13:30:00Z,2026-08-15T15:30:00+0200,35407.543,MW,DE,DE_LU,actual_solar_generation,Solar,2026-08-27T00:57:27Z
2026-08-27T00:55:09Z,2026-08-27T02:55:09+0200,9e257938-0a8b-4b8b-95d2-ab80972bdbbd,2026-08-15T13:45:00Z,2026-08-15T15:45:00+0200,33507.429,MW,DE,DE_LU,actual_solar_generation,Solar,2026-08-27T00:57:27Z
2026-08-27T00:55:09Z,2026-08-27T02:55:09+0200,9e257938-0a8b-4b8b-95d2-ab80972bdbbd,2026-08-15T14:00:00Z,2026-08-15T16:00:00+0200,31833.711,MW,DE,DE_LU,actual_solar_generation,Solar,2026-08-27T00:57:27Z
2026-08-27T00:55:09Z,2026-08-27T02:55:09+0200,9e257938-0a8b-4b8b-95d2-ab80972bdbbd,2026-08-15T14:15:00Z,2026-08-15T16:15:00+0200,29883.573,MW,DE,DE_LU,actual_solar_generation,Solar,2026-08-27T00:57:27Z
2026-08-27T00:55:09Z,2026-08-27T02:55:09+0200,9e257938-0a8b-4b8b-95d2-ab80972bdbbd,2026-08-15T14:30:00Z,2026-08-15T16:30:00+0200,27938.342,MW,DE,DE_LU,actual_solar_generation,Solar,2026-08-27T00:57:27Z
2026-08-27T00:55:09Z,2026-08-27T02:55:09+0200,9e257938-0a8b-4b8b-95d2-ab80972bdbbd,2026-08-15T14:45:00Z,2026-08-15T16:45:00+0200,26063.623,MW,DE,DE_LU,actual_solar_generation,Solar,2026-08-27T00:57:27Z
2026-08-27T00:55:09Z,2026-08-27T02:55:09+0200,9e257938-0a8b-4b8b-95d2-ab80972bdbbd,2026-08-15T15:00:00Z,2026-08-15T17:00:00+0200,23899.888,MW,DE,DE_LU,actual_solar_generation,Solar,2026-08-27T00:57:27Z
2026-08-27T00:55:09Z,2026-08-27T02:55:09+0200,9e257938-0a8b-4b8b-95d2-ab80972bdbbd,2026-08-15T15:15:00Z,2026-08-15T17:15:00+0200,21673.755,MW,DE,DE_LU,actual_solar_generation,Solar,2026-08-27T00:57:27Z
2026-08-27T00:55:09Z,2026-08-27T02:55:09+0200,9e257938-0a8b-4b8b-95d2-ab80972bdbbd,2026-08-15T15:30:00Z,2026-08-15T17:30:00+0200,19348.05,MW,DE,DE_LU,actual_solar_generation,Solar,2026-08-27T00:57:27Z
2026-08-27T00:55:09Z,2026-08-27T02:55:09+0200,9e257938-0a8b-4b8b-95d2-ab80972bdbbd,2026-08-15T15:45:00Z,2026-08-15T17:45:00+0200,16944.056,MW,DE,DE_LU,actual_solar_generation,Solar,2026-08-27T00:57:27Z
2026-08-27T00:55:09Z,2026-08-27T02:55:09+0200,9e257938-0a8b-4b8b-95d2-ab80972bdbbd,2026-08-15T16:00:00Z,2026-08-15T18:00:00+0200,14541.692,MW,DE,DE_LU,actual_solar_generation,Solar,2026-08-27T00:57:27Z
2026-08-27T00:55:09Z,2026-08-27T02:55:09+0200,9e257938-0a8b-4b8b-95d2-ab80972bdbbd,2026-08-15T16:15:00Z,2026-08-15T18:15:00+0200,12408.407,MW,DE,DE_LU,actual_solar_generation,Solar,2026-08-27T00:57:27Z
2026-08-27T00:55:09Z,2026-08-27T02:55:09+0200,9e257938-0a8b-4b8b-95d2-ab80972bdbbd,2026-08-15T16:30:00Z,2026-08-15T18:30:00+0200,10120.247,MW,DE,DE_LU,actual_solar_generation,Solar,2026-08-27T00:57:27Z
2026-08-27T00:55:09Z,2026-08-27T02:55:09+0200,9e257938-0a8b-4b8b-95d2-ab80972bdbbd,2026-08-15T16:45:00Z,2026-08-15T18:45:00+0200,7784.388,MW,DE,DE_LU,actual_solar_generation,Solar,2026-08-27T00:57:27Z
2026-08-27T00:55:09Z,2026-08-27T02:55:09+0200,9e257938-0a8b-4b8b-95d2-ab80972bdbbd,2026-08-15T17:00:00Z,2026-08-15T19:00:00+0200,5724.15,MW,DE,DE_LU,actual_solar_generation,Solar,2026-08-27T00:57:27Z
2026-08-27T00:55:09Z,2026-08-27T02:55:09+0200,9e257938-0a8b-4b8b-95d2-ab80972bdbbd,2026-08-15T17:15:00Z,2026-08-15T19:15:00+0200,3952.798,MW,DE,DE_LU,actual_solar_generation,Solar,2026-08-27T00:57:27Z
2026-08-27T00:55:09Z,2026-08-27T02:55:09+0200,9e257938-0a8b-4b8b-95d2-ab80972bdbbd,2026-08-15T17:30:00Z,2026-08-15T19:30:00+0200,2571.116,MW,DE,DE_LU,actual_solar_generation,Solar,2026-08-27T00:57:27Z
2026-08-27T00:55:09Z,2026-08-27T02:55:09+0200,9e257938-0a8b-4b8b-95d2-ab80972bdbbd,2026-08-15T17:45:00Z,2026-08-15T19:45:00+0200,1500.351,MW,DE,DE_LU,actual_solar_generation,Solar,2026-08-27T00:57:27Z
2026-08-27T00:55:09Z,2026-08-27T02:55:09+0200,9e257938-0a8b-4b8b-95d2-ab80972bdbbd,2026-08-15T18:00:00Z,2026-08-15T20:00:00+0200,726.225,MW,DE,DE_LU,actual_solar_generation,Solar,2026-08-27T00:57:27Z
2026-08-27T00:55:09Z,2026-08-27T02:55:09+0200,9e257938-0a8b-4b8b-95d2-ab80972bdbbd,2026-08-15T18:15:00Z,2026-08-15T20:15:00+0200,251.668,MW,DE,DE_LU,actual_solar_generation,Solar,2026-08-27T00:57:27Z
2026-08-27T00:55:09Z,2026-08-27T02:55:09+0200,9e257938-0a8b-4b8b-95d2-ab80972bdbbd,2026-08-15T18:30:00Z,2026-08-15T20:30:00+0200,67.851,MW,DE,DE_LU,actual_solar_generation,Solar,2026-08-27T00:57:27Z
2026-08-27T00:55:09Z,2026-08-27T02:55:09+0200,9e257938-0a8b-4b8b-95d2-ab80972bdbbd,2026-08-15T18:45:00Z,2026-08-15T20:45:00+0200,10.481,MW,DE,DE_LU,actual_solar_generation,Solar,2026-08-27T00:57:27Z
2026-08-27T00:55:09Z,2026-08-27T02:55:09+0200,9e257938-0a8b-4b8b-95d2-ab80972bdbbd,2026-08-15T19:00:00Z,2026-08-15T21:00:00+0200,1.213,MW,DE,DE_LU,actual_solar_generation,Solar,2026-08-27T00:57:27Z
2026-08-27T00:55:09Z,2026-08-27T02:55:09+0200,9e257938-0a8b-4b8b-95d2-ab80972bdbbd,2026-08-15T19:15:00Z,2026-08-15T21:15:00+0200,0.276,MW,DE,DE_LU,actual_solar_generation,Solar,2026-08-27T00:57:27Z
2026-08-27T00:55:09Z,2026-08-27T02:55:09+0200,9e257938-0a8b-4b8b-95d2-ab80972bdbbd,2026-08-15T19:30:00Z,2026-08-15T21:30:00+0200,0.256,MW,DE,DE_LU,actual_solar_generation,Solar,2026-08-27T00:57:27Z
2026-08-27T00:55:09Z,2026-08-27T02:55:09+0200,9e257938-0a8b-4b8b-95d2-ab80972bdbbd,2026-08-15T19:45:00Z,2026-08-15T21:45:00+0200,0.232,MW,DE,DE_LU,actual_solar_generation,Solar,2026-08-27T00:57:27Z
2026-08-27T00:55:09Z,2026-08-27T02:55:09+0200,9e257938-0a8b-4b8b-95d2-ab80972bdbbd,2026-08-15T20:00:00Z,2026-08-15T22:00:00+0200,0.244,MW,DE,DE_LU,actual_solar_generation,Solar,2026-08-27T00:57:27Z
2026-08-27T00:55:09Z,2026-08-27T02:55:09+0200,9e257938-0a8b-4b8b-95d2-ab80972bdbbd,2026-08-15T20:15:00Z,2026-08-15T22:15:00+0200,0.197,MW,DE,DE_LU,actual_solar_generation,Solar,2026-08-27T00:57:27Z
2026-08-27T00:55:09Z,2026-08-27T02:55:09+0200,9e257938-0a8b-4b8b-95d2-ab80972bdbbd,2026-08-15T20:30:00Z,2026-08-15T22:30:00+0200,0.209,MW,DE,DE_LU,actual_solar_generation,Solar,2026-08-27T00:57:27Z
2026-08-27T00:55:09Z,2026-08-27T02:55:09+0200,9e257938-0a8b-4b8b-95d2-ab80972bdbbd,2026-08-15T20:45:00Z,2026-08-15T22:45:00+0200,0.189,MW,DE,DE_LU,actual_solar_generation,Solar,2026-08-27T00:57:27Z
2026-08-27T00:55:09Z,2026-08-27T02:55:09+0200,9e257938-0a8b-4b8b-95d2-ab80972bdbbd,2026-08-15T21:00:00Z,2026-08-15T23:00:00+0200,0.196,MW,DE,DE_LU,actual_solar_generation,Solar,2026-08-27T00:57:27Z
2026-08-27T00:55:09Z,2026-08-27T02:55:09+0200,9e257938-0a8b-4b8b-95d2-ab80972bdbbd,2026-08-15T21:15:00Z,2026-08-15T23:15:00+0200,0.176,MW,DE,DE_LU,actual_solar_generation,Solar,2026-08-27T00:57:27Z
2026-08-27T00:55:09Z,2026-08-27T02:55:09+0200,9e257938-0a8b-4b8b-95d2-ab80972bdbbd,2026-08-15T21:30:00Z,2026-08-15T23:30:00+0200,0.167,MW,DE,DE_LU,actual_solar_generation,Solar,2026-08-27T00:57:27Z
2026-08-27T00:55:09Z,2026-08-27T02:55:09+0200,9e257938-0a8b-4b8b-95d2-ab80972bdbbd,2026-08-15T21:45:00Z,2026-08-15T23:45:00+0200,0.155,MW,DE,DE_LU,actual_solar_generation,Solar,2026-08-27T00:57:27Z
2026-08-27T00:55:09Z,2026-08-27T02:55:09+0200,9e257938-0a8b-4b8b-95d2-ab80972bdbbd,2026-08-15T22:00:00Z,2026-08-16T00:00:00+0200,0.159,MW,DE,DE_LU,actual_solar_generation,Solar,2026-08-27T00:57:27Z
2026-08-27T00:55:09Z,2026-08-27T02:55:09+0200,9e257938-0a8b-4b8b-95d2-ab80972bdbbd,2026-08-15T22:15:00Z,2026-08-16T00:15:00+0200,0.142,MW,DE,DE_LU,actual_solar_generation,Solar,2026-08-27T00:57:27Z
2026-08-27T00:55:09Z,2026-08-27T02:55:09+0200,9e257938-0a8b-4b8b-95d2-ab80972bdbbd,2026-08-15T22:30:00Z,2026-08-16T00:30:00+0200,0.122,MW,DE,DE_LU,actual_solar_generation,Solar,2026-08-27T00:57:27Z
2026-08-27T00:55:09Z,2026-08-27T02:55:09+0200,9e257938-0a8b-4b8b-95d2-ab80972bdbbd,2026-08-15T22:45:00Z,2026-08-16T00:45:00+0200,0.123,MW,DE,DE_LU,actual_solar_generation,Solar,2026-08-27T00:57:27Z
2026-08-27T00:55:09Z,2026-08-27T02:55:09+0200,9e257938-0a8b-4b8b-95d2-ab80972bdbbd,2026-08-15T23:00:00Z,2026-08-16T01:00:00+0200,0.123,MW,DE,DE_LU,actual_solar_generation,Solar,2026-08-27T00:57:27Z
2026-08-27T00:55:09Z,2026-08-27T02:55:09+0200,9e257938-0a8b-4b8b-95d2-ab80972bdbbd,2026-08-15T23:15:00Z,2026-08-16T01:15:00+0200,0.102,MW,DE,DE_LU,actual_solar_generation,Solar,2026-08-27T00:57:27Z
2026-08-27T00:55:09Z,2026-08-27T02:55:09+0200,9e257938-0a8b-4b8b-95d2-ab80972bdbbd,2026-08-15T23:30:00Z,2026-08-16T01:30:00+0200,0.109,MW,DE,DE_LU,actual_solar_generation,Solar,2026-08-27T00:57:27Z
2026-08-27T00:55:09Z,2026-08-27T02:55:09+0200,9e257938-0a8b-4b8b-95d2-ab80972bdbbd,2026-08-15T23:45:00Z,2026-08-16T01:45:00+0200,0.1,MW,DE,DE_LU,actual_solar_generation,Solar,2026-08-27T00:57:27Z
2026-08-27T00:55:09Z,2026-08-27T02:55:09+0200,9e257938-0a8b-4b8b-95d2-ab80972bdbbd,2026-08-16T00:00:00Z,2026-08-16T02:00:00+0200,0.09,MW,DE,DE_LU,actual_solar_generation,Solar,2026-08-27T00:57:27Z
2026-08-27T00:55:09Z,2026-08-27T02:55:09+0200,9e257938-0a8b-4b8b-95d2-ab80972bdbbd,2026-08-16T00:15:00Z,2026-08-16T02:15:00+0200,0.096,MW,DE,DE_LU,actual_solar_generation,Solar,2026-08-27T00:57:27Z
2026-08-27T00:55:09Z,2026-08-27T02:55:09+0200,9e257938-0a8b-4b8b-95d2-ab80972bdbbd,2026-08-16T00:30:00Z,2026-08-16T02:30:00+0200,0.082,MW,DE,DE_LU,actual_solar_generation,Solar,2026-08-27T00:57:27Z
2026-08-27T00:55:09Z,2026-08-27T02:55:09+0200,9e257938-0a8b-4b8b-95d2-ab80972bdbbd,2026-08-16T00:45:00Z,2026-08-16T02:45:00+0200,0.082,MW,DE,DE_LU,actual_solar_generation,Solar,2026-08-27T00:57:27Z
2026-08-27T00:55:09Z,2026-08-27T02:55:09+0200,9e257938-0a8b-4b8b-95d2-ab80972bdbbd,2026-08-16T01:00:00Z,2026-08-16T03:00:00+0200,0.09,MW,DE,DE_LU,actual_solar_generation,Solar,2026-08-27T00:57:27Z
2026-08-27T00:55:09Z,2026-08-27T02:55:09+0200,9e257938-0a8b-4b8b-95d2-ab80972bdbbd,2026-08-16T01:15:00Z,2026-08-16T03:15:00+0200,0.079,MW,DE,DE_LU,actual_solar_generation,Solar,2026-08-27T00:57:27Z
2026-08-27T00:55:09Z,2026-08-27T02:55:09+0200,9e257938-0a8b-4b8b-95d2-ab80972bdbbd,2026-08-16T01:30:00Z,2026-08-16T03:30:00+0200,0.074,MW,DE,DE_LU,actual_solar_generation,Solar,2026-08-27T00:57:27Z
2026-08-27T00:55:09Z,2026-08-27T02:55:09+0200,9e257938-0a8b-4b8b-95d2-ab80972bdbbd,2026-08-16T01:45:00Z,2026-08-16T03:45:00+0200,0.07,MW,DE,DE_LU,actual_solar_generation,Solar,2026-08-27T00:57:27Z
2026-08-27T00:55:09Z,2026-08-27T02:55:09+0200,9e257938-0a8b-4b8b-95d2-ab80972bdbbd,2026-08-16T02:00:00Z,2026-08-16T04:00:00+0200,0.084,MW,DE,DE_LU,actual_solar_generation,Solar,2026-08-27T00:57:27Z
2026-08-27T00:55:09Z,2026-08-27T02:55:09+0200,9e257938-0a8b-4b8b-95d2-ab80972bdbbd,2026-08-16T02:15:00Z,2026-08-16T04:15:00+0200,0.08,MW,DE,DE_LU,actual_solar_generation,Solar,2026-08-27T00:57:27Z
2026-08-27T00:55:09Z,2026-08-27T02:55:09+0200,9e257938-0a8b-4b8b-95d2-ab80972bdbbd,2026-08-16T02:30:00Z,2026-08-16T04:30:00+0200,0.079,MW,DE,DE_LU,actual_solar_generation,Solar,2026-08-27T00:57:27Z
2026-08-27T00:55:09Z,2026-08-27T02:55:09+0200,9e257938-0a8b-4b8b-95d2-ab80972bdbbd,2026-08-16T02:45:00Z,2026-08-16T04:45:00+0200,0.078,MW,DE,DE_LU,actual_solar_generation,Solar,2026-08-27T00:57:27Z
2026-08-27T00:55:09Z,2026-08-27T02:55:09+0200,9e257938-0a8b-4b8b-95d2-ab80972bdbbd,2026-08-16T03:00:00Z,2026-08-16T05:00:00+0200,0.078,MW,DE,DE_LU,actual_solar_generation,Solar,2026-08-27T00:57:27Z
2026-08-27T00:55:09Z,2026-08-27T02:55:09+0200,9e257938-0a8b-4b8b-95d2-ab80972bdbbd,2026-08-16T03:15:00Z,2026-08-16T05:15:00+0200,0.067,MW,DE,DE_LU,actual_solar_generation,Solar,2026-08-27T00:57:27Z
2026-08-27T00:55:09Z,2026-08-27T02:55:09+0200,9e257938-0a8b-4b8b-95d2-ab80972bdbbd,2026-08-16T03:30:00Z,2026-08-16T05:30:00+0200,0.188,MW,DE,DE_LU,actual_solar_generation,Solar,2026-08-27T00:57:27Z
2026-08-27T00:55:09Z,2026-08-27T02:55:09+0200,9e257938-0a8b-4b8b-95d2-ab80972bdbbd,2026-08-16T03:45:00Z,2026-08-16T05:45:00+0200,1.583,MW,DE,DE_LU,actual_solar_generation,Solar,2026-08-27T00:57:27Z
2026-08-27T00:55:09Z,2026-08-27T02:55:09+0200,9e257938-0a8b-4b8b-95d2-ab80972bdbbd,2026-08-16T04:00:00Z,2026-08-16T06:00:00+0200,25.994,MW,DE,DE_LU,actual_solar_generation,Solar,2026-08-27T00:57:27Z
2026-08-27T00:55:09Z,2026-08-27T02:55:09+0200,9e257938-0a8b-4b8b-95d2-ab80972bdbbd,2026-08-16T04:15:00Z,2026-08-16T06:15:00+0200,194.659,MW,DE,DE_LU,actual_solar_generation,Solar,2026-08-27T00:57:27Z
2026-08-27T00:55:09Z,2026-08-27T02:55:09+0200,9e257938-0a8b-4b8b-95d2-ab80972bdbbd,2026-08-16T04:30:00Z,2026-08-16T06:30:00+0200,615.531,MW,DE,DE_LU,actual_solar_generation,Solar,2026-08-27T00:57:27Z
2026-08-27T00:55:09Z,2026-08-27T02:55:09+0200,9e257938-0a8b-4b8b-95d2-ab80972bdbbd,2026-08-16T04:45:00Z,2026-08-16T06:45:00+0200,1304.226,MW,DE,DE_LU,actual_solar_generation,Solar,2026-08-27T00:57:27Z
2026-08-27T00:55:09Z,2026-08-27T02:55:09+0200,9e257938-0a8b-4b8b-95d2-ab80972bdbbd,2026-08-16T05:00:00Z,2026-08-16T07:00:00+0200,2197.973,MW,DE,DE_LU,actual_solar_generation,Solar,2026-08-27T00:57:27Z
2026-08-27T00:55:09Z,2026-08-27T02:55:09+0200,9e257938-0a8b-4b8b-95d2-ab80972bdbbd,2026-08-16T05:15:00Z,2026-08-16T07:15:00+0200,3247.918,MW,DE,DE_LU,actual_solar_generation,Solar,2026-08-27T00:57:27Z
2026-08-27T00:55:09Z,2026-08-27T02:55:09+0200,9e257938-0a8b-4b8b-95d2-ab80972bdbbd,2026-08-16T05:30:00Z,2026-08-16T07:30:00+0200,4572.324,MW,DE,DE_LU,actual_solar_generation,Solar,2026-08-27T00:57:27Z
2026-08-27T00:55:09Z,2026-08-27T02:55:09+0200,9e257938-0a8b-4b8b-95d2-ab80972bdbbd,2026-08-16T05:45:00Z,2026-08-16T07:45:00+0200,6135.151,MW,DE,DE_LU,actual_solar_generation,Solar,2026-08-27T00:57:27Z
2026-08-27T00:55:09Z,2026-08-27T02:55:09+0200,9e257938-0a8b-4b8b-95d2-ab80972bdbbd,2026-08-16T06:00:00Z,2026-08-16T08:00:00+0200,7896.298,MW,DE,DE_LU,actual_solar_generation,Solar,2026-08-27T00:57:27Z
2026-08-27T00:55:09Z,2026-08-27T02:55:09+0200,9e257938-0a8b-4b8b-95d2-ab80972bdbbd,2026-08-16T06:15:00Z,2026-08-16T08:15:00+0200,9910.351,MW,DE,DE_LU,actual_solar_generation,Solar,2026-08-27T00:57:27Z
2026-08-27T00:55:09Z,2026-08-27T02:55:09+0200,9e257938-0a8b-4b8b-95d2-ab80972bdbbd,2026-08-16T06:30:00Z,2026-08-16T08:30:00+0200,12293.192,MW,DE,DE_LU,actual_solar_generation,Solar,2026-08-27T00:57:27Z
2026-08-27T00:55:09Z,2026-08-27T02:55:09+0200,9e257938-0a8b-4b8b-95d2-ab80972bdbbd,2026-08-16T06:45:00Z,2026-08-16T08:45:00+0200,14988.033,MW,DE,DE_LU,actual_solar_generation,Solar,2026-08-27T00:57:27Z
2026-08-27T00:55:09Z,2026-08-27T02:55:09+0200,9e257938-0a8b-4b8b-95d2-ab80972bdbbd,2026-08-16T07:00:00Z,2026-08-16T09:00:00+0200,17827.056,MW,DE,DE_LU,actual_solar_generation,Solar,2026-08-27T00:57:27Z
2026-08-27T00:55:09Z,2026-08-27T02:55:09+0200,9e257938-0a8b-4b8b-95d2-ab80972bdbbd,2026-08-16T07:15:00Z,2026-08-16T09:15:00+0200,20820.521,MW,DE,DE_LU,actual_solar_generation,Solar,2026-08-27T00:57:27Z
2026-08-27T00:55:09Z,2026-08-27T02:55:09+0200,9e257938-0a8b-4b8b-95d2-ab80972bdbbd,2026-08-16T07:30:00Z,2026-08-16T09:30:00+0200,23710.416,MW,DE,DE_LU,actual_solar_generation,Solar,2026-08-27T00:57:27Z
2026-08-27T00:55:09Z,2026-08-27T02:55:09+0200,9e257938-0a8b-4b8b-95d2-ab80972bdbbd,2026-08-16T07:45:00Z,2026-08-16T09:45:00+0200,26530.591,MW,DE,DE_LU,actual_solar_generation,Solar,2026-08-27T00:57:27Z
2026-08-27T00:55:09Z,2026-08-27T02:55:09+0200,9e257938-0a8b-4b8b-95d2-ab80972bdbbd,2026-08-16T08:00:00Z,2026-08-16T10:00:00+0200,29377.517,MW,DE,DE_LU,actual_solar_generation,Solar,2026-08-27T00:57:27Z
2026-08-27T00:55:09Z,2026-08-27T02:55:09+0200,9e257938-0a8b-4b8b-95d2-ab80972bdbbd,2026-08-16T08:15:00Z,2026-08-16T10:15:00+0200,31791.142,MW,DE,DE_LU,actual_solar_generation,Solar,2026-08-27T00:57:27Z
2026-08-27T00:55:09Z,2026-08-27T02:55:09+0200,9e257938-0a8b-4b8b-95d2-ab80972bdbbd,2026-08-16T08:30:00Z,2026-08-16T10:30:00+0200,33742.768,MW,DE,DE_LU,actual_solar_generation,Solar,2026-08-27T00:57:27Z
2026-08-27T00:55:09Z,2026-08-27T02:55:09+0200,9e257938-0a8b-4b8b-95d2-ab80972bdbbd,2026-08-16T08:45:00Z,2026-08-16T10:45:00+0200,35846.205,MW,DE,DE_LU,actual_solar_generation,Solar,2026-08-27T00:57:27Z
2026-08-27T00:55:09Z,2026-08-27T02:55:09+0200,9e257938-0a8b-4b8b-95d2-ab80972bdbbd,2026-08-16T09:00:00Z,2026-08-16T11:00:00+0200,38337.347,MW,DE,DE_LU,actual_solar_generation,Solar,2026-08-27T00:57:27Z
2026-08-27T00:55:09Z,2026-08-27T02:55:09+0200,9e257938-0a8b-4b8b-95d2-ab80972bdbbd,2026-08-16T09:15:00Z,2026-08-16T11:15:00+0200,40339.909,MW,DE,DE_LU,actual_solar_generation,Solar,2026-08-27T00:57:27Z
2026-08-27T00:55:09Z,2026-08-27T02:55:09+0200,9e257938-0a8b-4b8b-95d2-ab80972bdbbd,2026-08-16T09:30:00Z,2026-08-16T11:30:00+0200,41793.32,MW,DE,DE_LU,actual_solar_generation,Solar,2026-08-27T00:57:27Z
2026-08-27T00:55:09Z,2026-08-27T02:55:09+0200,9e257938-0a8b-4b8b-95d2-ab80972bdbbd,2026-08-16T09:45:00Z,2026-08-16T11:45:00+0200,42906.996,MW,DE,DE_LU,actual_solar_generation,Solar,2026-08-27T00:57:27Z
2026-08-27T00:55:09Z,2026-08-27T02:55:09+0200,9e257938-0a8b-4b8b-95d2-ab80972bdbbd,2026-08-16T10:00:00Z,2026-08-16T12:00:00+0200,43897.978,MW,DE,DE_LU,actual_solar_generation,Solar,2026-08-27T00:57:27Z
2026-08-27T00:55:09Z,2026-08-27T02:55:09+0200,9e257938-0a8b-4b8b-95d2-ab80972bdbbd,2026-08-16T10:15:00Z,2026-08-16T12:15:00+0200,44501.492,MW,DE,DE_LU,actual_solar_generation,Solar,2026-08-27T00:57:27Z
2026-08-27T00:55:09Z,2026-08-27T02:55:09+0200,9e257938-0a8b-4b8b-95d2-ab80972bdbbd,2026-08-16T10:30:00Z,2026-08-16T12:30:00+0200,44672.981,MW,DE,DE_LU,actual_solar_generation,Solar,2026-08-27T00:57:27Z
2026-08-27T00:55:09Z,2026-08-27T02:55:09+0200,9e257938-0a8b-4b8b-95d2-ab80972bdbbd,2026-08-16T10:45:00Z,2026-08-16T12:45:00+0200,44806.179,MW,DE,DE_LU,actual_solar_generation,Solar,2026-08-27T00:57:27Z
2026-08-27T00:55:09Z,2026-08-27T02:55:09+0200,9e257938-0a8b-4b8b-95d2-ab80972bdbbd,2026-08-16T11:00:00Z,2026-08-16T13:00:00+0200,44315.863,MW,DE,DE_LU,actual_solar_generation,Solar,2026-08-27T00:57:27Z
2026-08-27T00:55:09Z,2026-08-27T02:55:09+0200,9e257938-0a8b-4b8b-95d2-ab80972bdbbd,2026-08-16T11:15:00Z,2026-08-16T13:15:00+0200,44349.825,MW,DE,DE_LU,actual_solar_generation,Solar,2026-08-27T00:57:27Z
2026-08-27T00:55:09Z,2026-08-27T02:55:09+0200,9e257938-0a8b-4b8b-95d2-ab80972bdbbd,2026-08-16T11:30:00Z,2026-08-16T13:30:00+0200,43999.54,MW,DE,DE_LU,actual_solar_generation,Solar,2026-08-27T00:57:27Z
2026-08-27T00:55:09Z,2026-08-27T02:55:09+0200,9e257938-0a8b-4b8b-95d2-ab80972bdbbd,2026-08-16T11:45:00Z,2026-08-16T13:45:00+0200,43253.556,MW,DE,DE_LU,actual_solar_generation,Solar,2026-08-27T00:57:27Z
2026-08-27T00:55:09Z,2026-08-27T02:55:09+0200,9e257938-0a8b-4b8b-95d2-ab80972bdbbd,2026-08-16T12:00:00Z,2026-08-16T14:00:00+0200,43823.271,MW,DE,DE_LU,actual_solar_generation,Solar,2026-08-27T00:57:27Z
2026-08-27T00:55:09Z,2026-08-27T02:55:09+0200,9e257938-0a8b-4b8b-95d2-ab80972bdbbd,2026-08-16T12:15:00Z,2026-08-16T14:15:00+0200,43606.058,MW,DE,DE_LU,actual_solar_generation,Solar,2026-08-27T00:57:27Z
2026-08-27T00:55:09Z,2026-08-27T02:55:09+0200,9e257938-0a8b-4b8b-95d2-ab80972bdbbd,2026-08-16T12:30:00Z,2026-08-16T14:30:00+0200,42615.164,MW,DE,DE_LU,actual_solar_generation,Solar,2026-08-27T00:57:27Z
2026-08-27T00:55:09Z,2026-08-27T02:55:09+0200,9e257938-0a8b-4b8b-95d2-ab80972bdbbd,2026-08-16T12:45:00Z,2026-08-16T14:45:00+0200,41596.858,MW,DE,DE_LU,actual_solar_generation,Solar,2026-08-27T00:57:27Z
2026-08-27T00:55:09Z,2026-08-27T02:55:09+0200,9e257938-0a8b-4b8b-95d2-ab80972bdbbd,2026-08-16T13:00:00Z,2026-08-16T15:00:00+0200,41139.618,MW,DE,DE_LU,actual_solar_generation,Solar,2026-08-27T00:57:27Z
2026-08-27T00:55:09Z,2026-08-27T02:55:09+0200,9e257938-0a8b-4b8b-95d2-ab80972bdbbd,2026-08-16T13:15:00Z,2026-08-16T15:15:00+0200,40216.866,MW,DE,DE_LU,actual_solar_generation,Solar,2026-08-27T00:57:27Z
2026-08-27T00:55:09Z,2026-08-27T02:55:09+0200,9e257938-0a8b-4b8b-95d2-ab80972bdbbd,2026-08-16T13:30:00Z,2026-08-16T15:30:00+0200,38530.51,MW,DE,DE_LU,actual_solar_generation,Solar,2026-08-27T00:57:27Z
2026-08-27T00:55:09Z,2026-08-27T02:55:09+0200,9e257938-0a8b-4b8b-95d2-ab80972bdbbd,2026-08-16T13:45:00Z,2026-08-16T15:45:00+0200,36487.895,MW,DE,DE_LU,actual_solar_generation,Solar,2026-08-27T00:57:27Z
2026-08-27T00:55:09Z,2026-08-27T02:55:09+0200,9e257938-0a8b-4b8b-95d2-ab80972bdbbd,2026-08-16T14:00:00Z,2026-08-16T16:00:00+0200,34421.691,MW,DE,DE_LU,actual_solar_generation,Solar,2026-08-27T00:57:27Z
2026-08-27T00:55:09Z,2026-08-27T02:55:09+0200,9e257938-0a8b-4b8b-95d2-ab80972bdbbd,2026-08-16T14:15:00Z,2026-08-16T16:15:00+0200,32003.41,MW,DE,DE_LU,actual_solar_generation,Solar,2026-08-27T00:57:27Z
2026-08-27T00:55:09Z,2026-08-27T02:55:09+0200,9e257938-0a8b-4b8b-95d2-ab80972bdbbd,2026-08-16T14:30:00Z,2026-08-16T16:30:00+0200,29719.254,MW,DE,DE_LU,actual_solar_generation,Solar,2026-08-27T00:57:27Z
2026-08-27T00:55:09Z,2026-08-27T02:55:09+0200,9e257938-0a8b-4b8b-95d2-ab80972bdbbd,2026-08-16T14:45:00Z,2026-08-16T16:45:00+0200,27166.025,MW,DE,DE_LU,actual_solar_generation,Solar,2026-08-27T00:57:27Z
2026-08-27T00:55:09Z,2026-08-27T02:55:09+0200,9e257938-0a8b-4b8b-95d2-ab80972bdbbd,2026-08-16T15:00:00Z,2026-08-16T17:00:00+0200,24261.077,MW,DE,DE_LU,actual_solar_generation,Solar,2026-08-27T00:57:27Z
2026-08-27T00:55:09Z,2026-08-27T02:55:09+0200,9e257938-0a8b-4b8b-95d2-ab80972bdbbd,2026-08-16T15:15:00Z,2026-08-16T17:15:00+0200,21461.764,MW,DE,DE_LU,actual_solar_generation,Solar,2026-08-27T00:57:27Z
2026-08-27T00:55:09Z,2026-08-27T02:55:09+0200,9e257938-0a8b-4b8b-95d2-ab80972bdbbd,2026-08-16T15:30:00Z,2026-08-16T17:30:00+0200,18853.404,MW,DE,DE_LU,actual_solar_generation,Solar,2026-08-27T00:57:27Z
2026-08-27T00:55:09Z,2026-08-27T02:55:09+0200,9e257938-0a8b-4b8b-95d2-ab80972bdbbd,2026-08-16T15:45:00Z,2026-08-16T17:45:00+0200,16083.335,MW,DE,DE_LU,actual_solar_generation,Solar,2026-08-27T00:57:27Z
2026-08-27T00:55:09Z,2026-08-27T02:55:09+0200,9e257938-0a8b-4b8b-95d2-ab80972bdbbd,2026-08-16T16:00:00Z,2026-08-16T18:00:00+0200,13406.474,MW,DE,DE_LU,actual_solar_generation,Solar,2026-08-27T00:57:27Z
2026-08-27T00:55:09Z,2026-08-27T02:55:09+0200,9e257938-0a8b-4b8b-95d2-ab80972bdbbd,2026-08-16T16:15:00Z,2026-08-16T18:15:00+0200,10826.182,MW,DE,DE_LU,actual_solar_generation,Solar,2026-08-27T00:57:27Z
2026-08-27T00:55:09Z,2026-08-27T02:55:09+0200,9e257938-0a8b-4b8b-95d2-ab80972bdbbd,2026-08-16T16:30:00Z,2026-08-16T18:30:00+0200,8694.39,MW,DE,DE_LU,actual_solar_generation,Solar,2026-08-27T00:57:27Z
2026-08-27T00:55:09Z,2026-08-27T02:55:09+0200,9e257938-0a8b-4b8b-95d2-ab80972bdbbd,2026-08-16T16:45:00Z,2026-08-16T18:45:00+0200,6897.25,MW,DE,DE_LU,actual_solar_generation,Solar,2026-08-27T00:57:27Z
2026-08-27T00:55:09Z,2026-08-27T02:55:09+0200,9e257938-0a8b-4b8b-95d2-ab80972bdbbd,2026-08-16T17:00:00Z,2026-08-16T19:00:00+0200,5270.402,MW,DE,DE_LU,actual_solar_generation,Solar,2026-08-27T00:57:27Z
2026-08-27T00:55:09Z,2026-08-27T02:55:09+0200,9e257938-0a8b-4b8b-95d2-ab80972bdbbd,2026-08-16T17:15:00Z,2026-08-16T19:15:00+0200,3902.107,MW,DE,DE_LU,actual_solar_generation,Solar,2026-08-27T00:57:27Z
2026-08-27T00:55:09Z,2026-08-27T02:55:09+0200,9e257938-0a8b-4b8b-95d2-ab80972bdbbd,2026-08-16T17:30:00Z,2026-08-16T19:30:00+0200,2667.033,MW,DE,DE_LU,actual_solar_generation,Solar,2026-08-27T00:57:27Z
2026-08-27T00:55:09Z,2026-08-27T02:55:09+0200,9e257938-0a8b-4b8b-95d2-ab80972bdbbd,2026-08-16T17:45:00Z,2026-08-16T19:45:00+0200,1662.377,MW,DE,DE_LU,actual_solar_generation,Solar,2026-08-27T00:57:27Z
2026-08-27T00:55:09Z,2026-08-27T02:55:09+0200,9e257938-0a8b-4b8b-95d2-ab80972bdbbd,2026-08-16T18:00:00Z,2026-08-16T20:00:00+0200,870.325,MW,DE,DE_LU,actual_solar_generation,Solar,2026-08-27T00:57:27Z
2026-08-27T00:55:09Z,2026-08-27T02:55:09+0200,9e257938-0a8b-4b8b-95d2-ab80972bdbbd,2026-08-16T18:15:00Z,2026-08-16T20:15:00+0200,315.996,MW,DE,DE_LU,actual_solar_generation,Solar,2026-08-27T00:57:27Z
2026-08-27T00:55:09Z,2026-08-27T02:55:09+0200,9e257938-0a8b-4b8b-95d2-ab80972bdbbd,2026-08-16T18:30:00Z,2026-08-16T20:30:00+0200,69.619,MW,DE,DE_LU,actual_solar_generation,Solar,2026-08-27T00:57:27Z
2026-08-27T00:55:09Z,2026-08-27T02:55:09+0200,9e257938-0a8b-4b8b-95d2-ab80972bdbbd,2026-08-16T18:45:00Z,2026-08-16T20:45:00+0200,5.936,MW,DE,DE_LU,actual_solar_generation,Solar,2026-08-27T00:57:27Z
2026-08-27T00:55:09Z,2026-08-27T02:55:09+0200,9e257938-0a8b-4b8b-95d2-ab80972bdbbd,2026-08-16T19:00:00Z,2026-08-16T21:00:00+0200,1.323,MW,DE,DE_LU,actual_solar_generation,Solar,2026-08-27T00:57:27Z
2026-08-27T00:55:09Z,2026-08-27T02:55:09+0200,9e257938-0a8b-4b8b-95d2-ab80972bdbbd,2026-08-16T19:15:00Z,2026-08-16T21:15:00+0200,0.278,MW,DE,DE_LU,actual_solar_generation,Solar,2026-08-27T00:57:27Z
2026-08-27T00:55:09Z,2026-08-27T02:55:09+0200,9e257938-0a8b-4b8b-95d2-ab80972bdbbd,2026-08-16T19:30:00Z,2026-08-16T21:30:00+0200,0.252,MW,DE,DE_LU,actual_solar_generation,Solar,2026-08-27T00:57:27Z
2026-08-27T00:55:09Z,2026-08-27T02:55:09+0200,9e257938-0a8b-4b8b-95d2-ab80972bdbbd,2026-08-16T19:45:00Z,2026-08-16T21:45:00+0200,0.223,MW,DE,DE_LU,actual_solar_generation,Solar,2026-08-27T00:57:27Z
2026-08-27T00:55:09Z,2026-08-27T02:55:09+0200,9e257938-0a8b-4b8b-95d2-ab80972bdbbd,2026-08-16T20:00:00Z,2026-08-16T22:00:00+0200,0.248,MW,DE,DE_LU,actual_solar_generation,Solar,2026-08-27T00:57:27Z
2026-08-27T00:55:09Z,2026-08-27T02:55:09+0200,9e257938-0a8b-4b8b-95d2-ab80972bdbbd,2026-08-16T20:15:00Z,2026-08-16T22:15:00+0200,0.21,MW,DE,DE_LU,actual_solar_generation,Solar,2026-08-27T00:57:27Z
2026-08-27T00:55:09Z,2026-08-27T02:55:09+0200,9e257938-0a8b-4b8b-95d2-ab80972bdbbd,2026-08-16T20:30:00Z,2026-08-16T22:30:00+0200,0.183,MW,DE,DE_LU,actual_solar_generation,Solar,2026-08-27T00:57:27Z
2026-08-27T00:55:09Z,2026-08-27T02:55:09+0200,9e257938-0a8b-4b8b-95d2-ab80972bdbbd,2026-08-16T20:45:00Z,2026-08-16T22:45:00+0200,0.181,MW,DE,DE_LU,actual_solar_generation,Solar,2026-08-27T00:57:27Z
2026-08-27T00:55:09Z,2026-08-27T02:55:09+0200,9e257938-0a8b-4b8b-95d2-ab80972bdbbd,2026-08-16T21:00:00Z,2026-08-16T23:00:00+0200,0.194,MW,DE,DE_LU,actual_solar_generation,Solar,2026-08-27T00:57:27Z
2026-08-27T00:55:09Z,2026-08-27T02:55:09+0200,9e257938-0a8b-4b8b-95d2-ab80972bdbbd,2026-08-16T21:15:00Z,2026-08-16T23:15:00+0200,0.161,MW,DE,DE_LU,actual_solar_generation,Solar,2026-08-27T00:57:27Z
2026-08-27T00:55:09Z,2026-08-27T02:55:09+0200,9e257938-0a8b-4b8b-95d2-ab80972bdbbd,2026-08-16T21:30:00Z,2026-08-16T23:30:00+0200,0.15,MW,DE,DE_LU,actual_solar_generation,Solar,2026-08-27T00:57:27Z
2026-08-27T00:55:09Z,2026-08-27T02:55:09+0200,9e257938-0a8b-4b8b-95d2-ab80972bdbbd,2026-08-16T21:45:00Z,2026-08-16T23:45:00+0200,0.147,MW,DE,DE_LU,actual_solar_generation,Solar,2026-08-27T00:57:27Z
2026-08-27T00:55:09Z,2026-08-27T02:55:09+0200,9e257938-0a8b-4b8b-95d2-ab80972bdbbd,2026-08-16T22:00:00Z,2026-08-17T00:00:00+0200,0.142,MW,DE,DE_LU,actual_solar_generation,Solar,2026-08-27T00:57:27Z
2026-08-27T00:55:09Z,2026-08-27T02:55:09+0200,9e257938-0a8b-4b8b-95d2-ab80972bdbbd,2026-08-16T22:15:00Z,2026-08-17T00:15:00+0200,0.13,MW,DE,DE_LU,actual_solar_generation,Solar,2026-08-27T00:57:27Z
2026-08-27T00:55:09Z,2026-08-27T02:55:09+0200,9e257938-0a8b-4b8b-95d2-ab80972bdbbd,2026-08-16T22:30:00Z,2026-08-17T00:30:00+0200,0.132,MW,DE,DE_LU,actual_solar_generation,Solar,2026-08-27T00:57:27Z
2026-08-27T00:55:09Z,2026-08-27T02:55:09+0200,9e257938-0a8b-4b8b-95d2-ab80972bdbbd,2026-08-16T22:45:00Z,2026-08-17T00:45:00+0200,0.117,MW,DE,DE_LU,actual_solar_generation,Solar,2026-08-27T00:57:27Z
2026-08-27T00:55:09Z,2026-08-27T02:55:09+0200,9e257938-0a8b-4b8b-95d2-ab80972bdbbd,2026-08-16T23:00:00Z,2026-08-17T01:00:00+0200,0.125,MW,DE,DE_LU,actual_solar_generation,Solar,2026-08-27T00:57:27Z
2026-08-27T00:55:09Z,2026-08-27T02:55:09+0200,9e257938-0a8b-4b8b-95d2-ab80972bdbbd,2026-08-16T23:15:00Z,2026-08-17T01:15:00+0200,0.112,MW,DE,DE_LU,actual_solar_generation,Solar,2026-08-27T00:57:27Z
2026-08-27T00:55:09Z,2026-08-27T02:55:09+0200,9e257938-0a8b-4b8b-95d2-ab80972bdbbd,2026-08-16T23:30:00Z,2026-08-17T01:30:00+0200,0.097,MW,DE,DE_LU,actual_solar_generation,Solar,2026-08-27T00:57:27Z
2026-08-27T00:55:09Z,2026-08-27T02:55:09+0200,9e257938-0a8b-4b8b-95d2-ab80972bdbbd,2026-08-16T23:45:00Z,2026-08-17T01:45:00+0200,0.103,MW,DE,DE_LU,actual_solar_generation,Solar,2026-08-27T00:57:27Z
2026-08-27T00:55:09Z,2026-08-27T02:55:09+0200,9e257938-0a8b-4b8b-95d2-ab80972bdbbd,2026-08-17T00:00:00Z,2026-08-17T02:00:00+0200,0.107,MW,DE,DE_LU,actual_solar_generation,Solar,2026-08-27T00:57:27Z
2026-08-27T00:55:09Z,2026-08-27T02:55:09+0200,9e257938-0a8b-4b8b-95d2-ab80972bdbbd,2026-08-17T00:15:00Z,2026-08-17T02:15:00+0200,0.098,MW,DE,DE_LU,actual_solar_generation,Solar,2026-08-27T00:57:27Z
2026-08-27T00:55:09Z,2026-08-27T02:55:09+0200,9e257938-0a8b-4b8b-95d2-ab80972bdbbd,2026-08-17T00:30:00Z,2026-08-17T02:30:00+0200,0.093,MW,DE,DE_LU,actual_solar_generation,Solar,2026-08-27T00:57:27Z
2026-08-27T00:55:09Z,2026-08-27T02:55:09+0200,9e257938-0a8b-4b8b-95d2-ab80972bdbbd,2026-08-17T00:45:00Z,2026-08-17T02:45:00+0200,0.083,MW,DE,DE_LU,actual_solar_generation,Solar,2026-08-27T00:57:27Z
2026-08-27T00:55:09Z,2026-08-27T02:55:09+0200,9e257938-0a8b-4b8b-95d2-ab80972bdbbd,2026-08-17T01:00:00Z,2026-08-17T03:00:00+0200,0.082,MW,DE,DE_LU,actual_solar_generation,Solar,2026-08-27T00:57:27Z
2026-08-27T00:55:09Z,2026-08-27T02:55:09+0200,9e257938-0a8b-4b8b-95d2-ab80972bdbbd,2026-08-17T01:15:00Z,2026-08-17T03:15:00+0200,0.081,MW,DE,DE_LU,actual_solar_generation,Solar,2026-08-27T00:57:27Z
2026-08-27T00:55:09Z,2026-08-27T02:55:09+0200,9e257938-0a8b-4b8b-95d2-ab80972bdbbd,2026-08-17T01:30:00Z,2026-08-17T03:30:00+0200,0.077,MW,DE,DE_LU,actual_solar_generation,Solar,2026-08-27T00:57:27Z
2026-08-27T00:55:09Z,2026-08-27T02:55:09+0200,9e257938-0a8b-4b8b-95d2-ab80972bdbbd,2026-08-17T01:45:00Z,2026-08-17T03:45:00+0200,0.084,MW,DE,DE_LU,actual_solar_generation,Solar,2026-08-27T00:57:27Z
2026-08-27T00:55:09Z,2026-08-27T02:55:09+0200,9e257938-0a8b-4b8b-95d2-ab80972bdbbd,2026-08-17T02:00:00Z,2026-08-17T04:00:00+0200,0.078,MW,DE,DE_LU,actual_solar_generation,Solar,2026-08-27T00:57:27Z
2026-08-27T00:55:09Z,2026-08-27T02:55:09+0200,9e257938-0a8b-4b8b-95d2-ab80972bdbbd,2026-08-17T02:15:00Z,2026-08-17T04:15:00+0200,0.072,MW,DE,DE_LU,actual_solar_generation,Solar,2026-08-27T00:57:27Z
2026-08-27T00:55:09Z,2026-08-27T02:55:09+0200,9e257938-0a8b-4b8b-95d2-ab80972bdbbd,2026-08-17T02:30:00Z,2026-08-17T04:30:00+0200,0.062,MW,DE,DE_LU,actual_solar_generation,Solar,2026-08-27T00:57:27Z
2026-08-27T00:55:09Z,2026-08-27T02:55:09+0200,9e257938-0a8b-4b8b-95d2-ab80972bdbbd,2026-08-17T02:45:00Z,2026-08-17T04:45:00+0200,0.067,MW,DE,DE_LU,actual_solar_generation,Solar,2026-08-27T00:57:27Z
2026-08-27T00:55:09Z,2026-08-27T02:55:09+0200,9e257938-0a8b-4b8b-95d2-ab80972bdbbd,2026-08-17T03:00:00Z,2026-08-17T05:00:00+0200,0.068,MW,DE,DE_LU,actual_solar_generation,Solar,2026-08-27T00:57:27Z
2026-08-27T00:55:09Z,2026-08-27T02:55:09+0200,9e257938-0a8b-4b8b-95d2-ab80972bdbbd,2026-08-17T03:15:00Z,2026-08-17T05:15:00+0200,0.08,MW,DE,DE_LU,actual_solar_generation,Solar,2026-08-27T00:57:27Z
2026-08-27T00:55:09Z,2026-08-27T02:55:09+0200,9e257938-0a8b-4b8b-95d2-ab80972bdbbd,2026-08-17T03:30:00Z,2026-08-17T05:30:00+0200,0.127,MW,DE,DE_LU,actual_solar_generation,Solar,2026-08-27T00:57:27Z
2026-08-27T00:55:09Z,2026-08-27T02:55:09+0200,9e257938-0a8b-4b8b-95d2-ab80972bdbbd,2026-08-17T03:45:00Z,2026-08-17T05:45:00+0200,3.344,MW,DE,DE_LU,actual_solar_generation,Solar,2026-08-27T00:57:27Z
2026-08-27T00:55:09Z,2026-08-27T02:55:09+0200,9e257938-0a8b-4b8b-95d2-ab80972bdbbd,2026-08-17T04:00:00Z,2026-08-17T06:00:00+0200,46.989,MW,DE,DE_LU,actual_solar_generation,Solar,2026-08-27T00:57:27Z
2026-08-27T00:55:09Z,2026-08-27T02:55:09+0200,9e257938-0a8b-4b8b-95d2-ab80972bdbbd,2026-08-17T04:15:00Z,2026-08-17T06:15:00+0200,293.036,MW,DE,DE_LU,actual_solar_generation,Solar,2026-08-27T00:57:27Z
2026-08-27T00:55:09Z,2026-08-27T02:55:09+0200,9e257938-0a8b-4b8b-95d2-ab80972bdbbd,2026-08-17T04:30:00Z,2026-08-17T06:30:00+0200,1005.74,MW,DE,DE_LU,actual_solar_generation,Solar,2026-08-27T00:57:27Z
2026-08-27T00:55:09Z,2026-08-27T02:55:09+0200,9e257938-0a8b-4b8b-95d2-ab80972bdbbd,2026-08-17T04:45:00Z,2026-08-17T06:45:00+0200,1890.86,MW,DE,DE_LU,actual_solar_generation,Solar,2026-08-27T00:57:27Z
2026-08-27T00:55:09Z,2026-08-27T02:55:09+0200,9e257938-0a8b-4b8b-95d2-ab80972bdbbd,2026-08-17T05:00:00Z,2026-08-17T07:00:00+0200,2926.324,MW,DE,DE_LU,actual_solar_generation,Solar,2026-08-27T00:57:27Z
2026-08-27T00:55:09Z,2026-08-27T02:55:09+0200,9e257938-0a8b-4b8b-95d2-ab80972bdbbd,2026-08-17T05:15:00Z,2026-08-17T07:15:00+0200,4073.241,MW,DE,DE_LU,actual_solar_generation,Solar,2026-08-27T00:57:27Z
2026-08-27T00:55:09Z,2026-08-27T02:55:09+0200,9e257938-0a8b-4b8b-95d2-ab80972bdbbd,2026-08-17T05:30:00Z,2026-08-17T07:30:00+0200,5326.252,MW,DE,DE_LU,actual_solar_generation,Solar,2026-08-27T00:57:27Z
2026-08-27T00:55:09Z,2026-08-27T02:55:09+0200,9e257938-0a8b-4b8b-95d2-ab80972bdbbd,2026-08-17T05:45:00Z,2026-08-17T07:45:00+0200,6558.062,MW,DE,DE_LU,actual_solar_generation,Solar,2026-08-27T00:57:27Z
2026-08-27T00:55:09Z,2026-08-27T02:55:09+0200,9e257938-0a8b-4b8b-95d2-ab80972bdbbd,2026-08-17T06:00:00Z,2026-08-17T08:00:00+0200,7843.838,MW,DE,DE_LU,actual_solar_generation,Solar,2026-08-27T00:57:27Z
2026-08-27T00:55:09Z,2026-08-27T02:55:09+0200,9e257938-0a8b-4b8b-95d2-ab80972bdbbd,2026-08-17T06:15:00Z,2026-08-17T08:15:00+0200,9121.317,MW,DE,DE_LU,actual_solar_generation,Solar,2026-08-27T00:57:27Z
2026-08-27T00:55:09Z,2026-08-27T02:55:09+0200,9e257938-0a8b-4b8b-95d2-ab80972bdbbd,2026-08-17T06:30:00Z,2026-08-17T08:30:00+0200,10300.365,MW,DE,DE_LU,actual_solar_generation,Solar,2026-08-27T00:57:27Z
2026-08-27T00:55:09Z,2026-08-27T02:55:09+0200,9e257938-0a8b-4b8b-95d2-ab80972bdbbd,2026-08-17T06:45:00Z,2026-08-17T08:45:00+0200,11370.579,MW,DE,DE_LU,actual_solar_generation,Solar,2026-08-27T00:57:27Z
2026-08-27T00:55:09Z,2026-08-27T02:55:09+0200,9e257938-0a8b-4b8b-95d2-ab80972bdbbd,2026-08-17T07:00:00Z,2026-08-17T09:00:00+0200,12267.156,MW,DE,DE_LU,actual_solar_generation,Solar,2026-08-27T00:57:27Z
2026-08-27T00:55:09Z,2026-08-27T02:55:09+0200,9e257938-0a8b-4b8b-95d2-ab80972bdbbd,2026-08-17T07:15:00Z,2026-08-17T09:15:00+0200,13098.295,MW,DE,DE_LU,actual_solar_generation,Solar,2026-08-27T00:57:27Z
2026-08-27T00:55:09Z,2026-08-27T02:55:09+0200,9e257938-0a8b-4b8b-95d2-ab80972bdbbd,2026-08-17T07:30:00Z,2026-08-17T09:30:00+0200,13881.565,MW,DE,DE_LU,actual_solar_generation,Solar,2026-08-27T00:57:27Z
2026-08-27T00:55:09Z,2026-08-27T02:55:09+0200,9e257938-0a8b-4b8b-95d2-ab80972bdbbd,2026-08-17T07:45:00Z,2026-08-17T09:45:00+0200,14662.797,MW,DE,DE_LU,actual_solar_generation,Solar,2026-08-27T00:57:27Z
2026-08-27T00:55:09Z,2026-08-27T02:55:09+0200,9e257938-0a8b-4b8b-95d2-ab80972bdbbd,2026-08-17T08:00:00Z,2026-08-17T10:00:00+0200,15442.561,MW,DE,DE_LU,actual_solar_generation,Solar,2026-08-27T00:57:27Z
2026-08-27T00:55:09Z,2026-08-27T02:55:09+0200,9e257938-0a8b-4b8b-95d2-ab80972bdbbd,2026-08-17T08:15:00Z,2026-08-17T10:15:00+0200,15724.582,MW,DE,DE_LU,actual_solar_generation,Solar,2026-08-27T00:57:27Z
2026-08-27T00:55:09Z,2026-08-27T02:55:09+0200,9e257938-0a8b-4b8b-95d2-ab80972bdbbd,2026-08-17T08:30:00Z,2026-08-17T10:30:00+0200,16224.85,MW,DE,DE_LU,actual_solar_generation,Solar,2026-08-27T00:57:27Z
2026-08-27T00:55:09Z,2026-08-27T02:55:09+0200,9e257938-0a8b-4b8b-95d2-ab80972bdbbd,2026-08-17T08:45:00Z,2026-08-17T10:45:00+0200,16884.316,MW,DE,DE_LU,actual_solar_generation,Solar,2026-08-27T00:57:27Z
2026-08-27T00:55:09Z,2026-08-27T02:55:09+0200,9e257938-0a8b-4b8b-95d2-ab80972bdbbd,2026-08-17T09:00:00Z,2026-08-17T11:00:00+0200,17568.017,MW,DE,DE_LU,actual_solar_generation,Solar,2026-08-27T00:57:27Z
2026-08-27T00:55:09Z,2026-08-27T02:55:09+0200,9e257938-0a8b-4b8b-95d2-ab80972bdbbd,2026-08-17T09:15:00Z,2026-08-17T11:15:00+0200,18535.729,MW,DE,DE_LU,actual_solar_generation,Solar,2026-08-27T00:57:27Z
2026-08-27T00:55:09Z,2026-08-27T02:55:09+0200,9e257938-0a8b-4b8b-95d2-ab80972bdbbd,2026-08-17T09:30:00Z,2026-08-17T11:30:00+0200,19224.486,MW,DE,DE_LU,actual_solar_generation,Solar,2026-08-27T00:57:27Z
2026-08-27T00:55:09Z,2026-08-27T02:55:09+0200,9e257938-0a8b-4b8b-95d2-ab80972bdbbd,2026-08-17T09:45:00Z,2026-08-17T11:45:00+0200,19664.824,MW,DE,DE_LU,actual_solar_generation,Solar,2026-08-27T00:57:27Z
2026-08-27T00:55:09Z,2026-08-27T02:55:09+0200,9e257938-0a8b-4b8b-95d2-ab80972bdbbd,2026-08-17T10:00:00Z,2026-08-17T12:00:00+0200,20508.893,MW,DE,DE_LU,actual_solar_generation,Solar,2026-08-27T00:57:27Z
2026-08-27T00:55:09Z,2026-08-27T02:55:09+0200,9e257938-0a8b-4b8b-95d2-ab80972bdbbd,2026-08-17T10:15:00Z,2026-08-17T12:15:00+0200,21456.175,MW,DE,DE_LU,actual_solar_generation,Solar,2026-08-27T00:57:27Z
2026-08-27T00:55:09Z,2026-08-27T02:55:09+0200,9e257938-0a8b-4b8b-95d2-ab80972bdbbd,2026-08-17T10:30:00Z,2026-08-17T12:30:00+0200,22021.134,MW,DE,DE_LU,actual_solar_generation,Solar,2026-08-27T00:57:27Z
2026-08-27T00:55:09Z,2026-08-27T02:55:09+0200,9e257938-0a8b-4b8b-95d2-ab80972bdbbd,2026-08-17T10:45:00Z,2026-08-17T12:45:00+0200,22105.892,MW,DE,DE_LU,actual_solar_generation,Solar,2026-08-27T00:57:27Z
2026-08-27T00:55:09Z,2026-08-27T02:55:09+0200,9e257938-0a8b-4b8b-95d2-ab80972bdbbd,2026-08-17T11:00:00Z,2026-08-17T13:00:00+0200,22112.791,MW,DE,DE_LU,actual_solar_generation,Solar,2026-08-27T00:57:27Z
2026-08-27T00:55:09Z,2026-08-27T02:55:09+0200,9e257938-0a8b-4b8b-95d2-ab80972bdbbd,2026-08-17T11:15:00Z,2026-08-17T13:15:00+0200,22187.027,MW,DE,DE_LU,actual_solar_generation,Solar,2026-08-27T00:57:27Z
2026-08-27T00:55:09Z,2026-08-27T02:55:09+0200,9e257938-0a8b-4b8b-95d2-ab80972bdbbd,2026-08-17T11:30:00Z,2026-08-17T13:30:00+0200,22023.494,MW,DE,DE_LU,actual_solar_generation,Solar,2026-08-27T00:57:27Z
2026-08-27T00:55:09Z,2026-08-27T02:55:09+0200,9e257938-0a8b-4b8b-95d2-ab80972bdbbd,2026-08-17T11:45:00Z,2026-08-17T13:45:00+0200,22352.422,MW,DE,DE_LU,actual_solar_generation,Solar,2026-08-27T00:57:27Z
2026-08-27T00:55:09Z,2026-08-27T02:55:09+0200,9e257938-0a8b-4b8b-95d2-ab80972bdbbd,2026-08-17T12:00:00Z,2026-08-17T14:00:00+0200,22437.091,MW,DE,DE_LU,actual_solar_generation,Solar,2026-08-27T00:57:27Z
2026-08-27T00:55:09Z,2026-08-27T02:55:09+0200,9e257938-0a8b-4b8b-95d2-ab80972bdbbd,2026-08-17T12:15:00Z,2026-08-17T14:15:00+0200,22487.639,MW,DE,DE_LU,actual_solar_generation,Solar,2026-08-27T00:57:27Z
2026-08-27T00:55:09Z,2026-08-27T02:55:09+0200,9e257938-0a8b-4b8b-95d2-ab80972bdbbd,2026-08-17T12:30:00Z,2026-08-17T14:30:00+0200,22468.417,MW,DE,DE_LU,actual_solar_generation,Solar,2026-08-27T00:57:27Z
2026-08-27T00:55:09Z,2026-08-27T02:55:09+0200,9e257938-0a8b-4b8b-95d2-ab80972bdbbd,2026-08-17T12:45:00Z,2026-08-17T14:45:00+0200,22366.731,MW,DE,DE_LU,actual_solar_generation,Solar,2026-08-27T00:57:27Z
2026-08-27T00:55:09Z,2026-08-27T02:55:09+0200,9e257938-0a8b-4b8b-95d2-ab80972bdbbd,2026-08-17T13:00:00Z,2026-08-17T15:00:00+0200,22626.363,MW,DE,DE_LU,actual_solar_generation,Solar,2026-08-27T00:57:27Z
2026-08-27T00:55:09Z,2026-08-27T02:55:09+0200,9e257938-0a8b-4b8b-95d2-ab80972bdbbd,2026-08-17T13:15:00Z,2026-08-17T15:15:00+0200,22506.434,MW,DE,DE_LU,actual_solar_generation,Solar,2026-08-27T00:57:27Z
2026-08-27T00:55:09Z,2026-08-27T02:55:09+0200,9e257938-0a8b-4b8b-95d2-ab80972bdbbd,2026-08-17T13:30:00Z,2026-08-17T15:30:00+0200,21941.221,MW,DE,DE_LU,actual_solar_generation,Solar,2026-08-27T00:57:27Z
2026-08-27T00:55:09Z,2026-08-27T02:55:09+0200,9e257938-0a8b-4b8b-95d2-ab80972bdbbd,2026-08-17T13:45:00Z,2026-08-17T15:45:00+0200,21278.179,MW,DE,DE_LU,actual_solar_generation,Solar,2026-08-27T00:57:27Z
2026-08-27T00:55:09Z,2026-08-27T02:55:09+0200,9e257938-0a8b-4b8b-95d2-ab80972bdbbd,2026-08-17T14:00:00Z,2026-08-17T16:00:00+0200,20407.975,MW,DE,DE_LU,actual_solar_generation,Solar,2026-08-27T00:57:27Z
2026-08-27T00:55:09Z,2026-08-27T02:55:09+0200,9e257938-0a8b-4b8b-95d2-ab80972bdbbd,2026-08-17T14:15:00Z,2026-08-17T16:15:00+0200,19739.439,MW,DE,DE_LU,actual_solar_generation,Solar,2026-08-27T00:57:27Z
2026-08-27T00:55:09Z,2026-08-27T02:55:09+0200,9e257938-0a8b-4b8b-95d2-ab80972bdbbd,2026-08-17T14:30:00Z,2026-08-17T16:30:00+0200,19357.314,MW,DE,DE_LU,actual_solar_generation,Solar,2026-08-27T00:57:27Z
2026-08-27T00:55:09Z,2026-08-27T02:55:09+0200,9e257938-0a8b-4b8b-95d2-ab80972bdbbd,2026-08-17T14:45:00Z,2026-08-17T16:45:00+0200,18446.927,MW,DE,DE_LU,actual_solar_generation,Solar,2026-08-27T00:57:27Z
2026-08-27T00:55:09Z,2026-08-27T02:55:09+0200,9e257938-0a8b-4b8b-95d2-ab80972bdbbd,2026-08-17T15:00:00Z,2026-08-17T17:00:00+0200,17209.765,MW,DE,DE_LU,actual_solar_generation,Solar,2026-08-27T00:57:27Z
2026-08-27T00:55:09Z,2026-08-27T02:55:09+0200,9e257938-0a8b-4b8b-95d2-ab80972bdbbd,2026-08-17T15:15:00Z,2026-08-17T17:15:00+0200,16045.299,MW,DE,DE_LU,actual_solar_generation,Solar,2026-08-27T00:57:27Z
2026-08-27T00:55:09Z,2026-08-27T02:55:09+0200,9e257938-0a8b-4b8b-95d2-ab80972bdbbd,2026-08-17T15:30:00Z,2026-08-17T17:30:00+0200,14471.926,MW,DE,DE_LU,actual_solar_generation,Solar,2026-08-27T00:57:27Z
2026-08-27T00:55:09Z,2026-08-27T02:55:09+0200,9e257938-0a8b-4b8b-95d2-ab80972bdbbd,2026-08-17T15:45:00Z,2026-08-17T17:45:00+0200,12803.192,MW,DE,DE_LU,actual_solar_generation,Solar,2026-08-27T00:57:27Z
2026-08-27T00:55:09Z,2026-08-27T02:55:09+0200,9e257938-0a8b-4b8b-95d2-ab80972bdbbd,2026-08-17T16:00:00Z,2026-08-17T18:00:00+0200,11043.658,MW,DE,DE_LU,actual_solar_generation,Solar,2026-08-27T00:57:27Z
2026-08-27T00:55:09Z,2026-08-27T02:55:09+0200,9e257938-0a8b-4b8b-95d2-ab80972bdbbd,2026-08-17T16:15:00Z,2026-08-17T18:15:00+0200,9205.315,MW,DE,DE_LU,actual_solar_generation,Solar,2026-08-27T00:57:27Z
2026-08-27T00:55:09Z,2026-08-27T02:55:09+0200,9e257938-0a8b-4b8b-95d2-ab80972bdbbd,2026-08-17T16:30:00Z,2026-08-17T18:30:00+0200,7426.983,MW,DE,DE_LU,actual_solar_generation,Solar,2026-08-27T00:57:27Z
2026-08-27T00:55:09Z,2026-08-27T02:55:09+0200,9e257938-0a8b-4b8b-95d2-ab80972bdbbd,2026-08-17T16:45:00Z,2026-08-17T18:45:00+0200,5796.188,MW,DE,DE_LU,actual_solar_generation,Solar,2026-08-27T00:57:27Z
2026-08-27T00:55:09Z,2026-08-27T02:55:09+0200,9e257938-0a8b-4b8b-95d2-ab80972bdbbd,2026-08-17T17:00:00Z,2026-08-17T19:00:00+0200,4384.743,MW,DE,DE_LU,actual_solar_generation,Solar,2026-08-27T00:57:27Z
2026-08-27T00:55:09Z,2026-08-27T02:55:09+0200,9e257938-0a8b-4b8b-95d2-ab80972bdbbd,2026-08-17T17:15:00Z,2026-08-17T19:15:00+0200,3159.891,MW,DE,DE_LU,actual_solar_generation,Solar,2026-08-27T00:57:27Z
2026-08-27T00:55:09Z,2026-08-27T02:55:09+0200,9e257938-0a8b-4b8b-95d2-ab80972bdbbd,2026-08-17T17:30:00Z,2026-08-17T19:30:00+0200,2066.75,MW,DE,DE_LU,actual_solar_generation,Solar,2026-08-27T00:57:27Z
2026-08-27T00:55:09Z,2026-08-27T02:55:09+0200,9e257938-0a8b-4b8b-95d2-ab80972bdbbd,2026-08-17T17:45:00Z,2026-08-17T19:45:00+0200,1198.664,MW,DE,DE_LU,actual_solar_generation,Solar,2026-08-27T00:57:27Z
2026-08-27T00:55:09Z,2026-08-27T02:55:09+0200,9e257938-0a8b-4b8b-95d2-ab80972bdbbd,2026-08-17T18:00:00Z,2026-08-17T20:00:00+0200,534.796,MW,DE,DE_LU,actual_solar_generation,Solar,2026-08-27T00:57:27Z
2026-08-27T00:55:09Z,2026-08-27T02:55:09+0200,9e257938-0a8b-4b8b-95d2-ab80972bdbbd,2026-08-17T18:15:00Z,2026-08-17T20:15:00+0200,152.212,MW,DE,DE_LU,actual_solar_generation,Solar,2026-08-27T00:57:27Z
2026-08-27T00:55:09Z,2026-08-27T02:55:09+0200,9e257938-0a8b-4b8b-95d2-ab80972bdbbd,2026-08-17T18:30:00Z,2026-08-17T20:30:00+0200,29.148,MW,DE,DE_LU,actual_solar_generation,Solar,2026-08-27T00:57:27Z
2026-08-27T00:55:09Z,2026-08-27T02:55:09+0200,9e257938-0a8b-4b8b-95d2-ab80972bdbbd,2026-08-17T18:45:00Z,2026-08-17T20:45:00+0200,2.663,MW,DE,DE_LU,actual_solar_generation,Solar,2026-08-27T00:57:27Z
2026-08-27T00:55:09Z,2026-08-27T02:55:09+0200,9e257938-0a8b-4b8b-95d2-ab80972bdbbd,2026-08-17T19:00:00Z,2026-08-17T21:00:00+0200,0.868,MW,DE,DE_LU,actual_solar_generation,Solar,2026-08-27T00:57:27Z
2026-08-27T00:55:09Z,2026-08-27T02:55:09+0200,9e257938-0a8b-4b8b-95d2-ab80972bdbbd,2026-08-17T19:15:00Z,2026-08-17T21:15:00+0200,0.352,MW,DE,DE_LU,actual_solar_generation,Solar,2026-08-27T00:57:27Z
2026-08-27T00:55:09Z,2026-08-27T02:55:09+0200,9e257938-0a8b-4b8b-95d2-ab80972bdbbd,2026-08-17T19:30:00Z,2026-08-17T21:30:00+0200,0.249,MW,DE,DE_LU,actual_solar_generation,Solar,2026-08-27T00:57:27Z
2026-08-27T00:55:09Z,2026-08-27T02:55:09+0200,9e257938-0a8b-4b8b-95d2-ab80972bdbbd,2026-08-17T19:45:00Z,2026-08-17T21:45:00+0200,0.19,MW,DE,DE_LU,actual_solar_generation,Solar,2026-08-27T00:57:27Z
2026-08-27T00:55:09Z,2026-08-27T02:55:09+0200,9e257938-0a8b-4b8b-95d2-ab80972bdbbd,2026-08-17T20:00:00Z,2026-08-17T22:00:00+0200,0.196,MW,DE,DE_LU,actual_solar_generation,Solar,2026-08-27T00:57:27Z
2026-08-27T00:55:09Z,2026-08-27T02:55:09+0200,9e257938-0a8b-4b8b-95d2-ab80972bdbbd,2026-08-17T20:15:00Z,2026-08-17T22:15:00+0200,0.182,MW,DE,DE_LU,actual_solar_generation,Solar,2026-08-27T00:57:27Z
2026-08-27T00:55:09Z,2026-08-27T02:55:09+0200,9e257938-0a8b-4b8b-95d2-ab80972bdbbd,2026-08-17T20:30:00Z,2026-08-17T22:30:00+0200,0.17,MW,DE,DE_LU,actual_solar_generation,Solar,2026-08-27T00:57:27Z
2026-08-27T00:55:09Z,2026-08-27T02:55:09+0200,9e257938-0a8b-4b8b-95d2-ab80972bdbbd,2026-08-17T20:45:00Z,2026-08-17T22:45:00+0200,0.156,MW,DE,DE_LU,actual_solar_generation,Solar,2026-08-27T00:57:27Z
2026-08-27T00:55:09Z,2026-08-27T02:55:09+0200,9e257938-0a8b-4b8b-95d2-ab80972bdbbd,2026-08-17T21:00:00Z,2026-08-17T23:00:00+0200,0.162,MW,DE,DE_LU,actual_solar_generation,Solar,2026-08-27T00:57:27Z
2026-08-27T00:55:09Z,2026-08-27T02:55:09+0200,9e257938-0a8b-4b8b-95d2-ab80972bdbbd,2026-08-17T21:15:00Z,2026-08-17T23:15:00+0200,0.135,MW,DE,DE_LU,actual_solar_generation,Solar,2026-08-27T00:57:27Z
2026-08-27T00:55:09Z,2026-08-27T02:55:09+0200,9e257938-0a8b-4b8b-95d2-ab80972bdbbd,2026-08-17T21:30:00Z,2026-08-17T23:30:00+0200,0.125,MW,DE,DE_LU,actual_solar_generation,Solar,2026-08-27T00:57:27Z
2026-08-27T00:55:09Z,2026-08-27T02:55:09+0200,9e257938-0a8b-4b8b-95d2-ab80972bdbbd,2026-08-17T21:45:00Z,2026-08-17T23:45:00+0200,0.122,MW,DE,DE_LU,actual_solar_generation,Solar,2026-08-27T00:57:27Z
2026-08-27T00:55:09Z,2026-08-27T02:55:09+0200,9e257938-0a8b-4b8b-95d2-ab80972bdbbd,2026-08-17T22:00:00Z,2026-08-18T00:00:00+0200,0.127,MW,DE,DE_LU,actual_solar_generation,Solar,2026-08-27T00:57:27Z
2026-08-27T00:55:09Z,2026-08-27T02:55:09+0200,9e257938-0a8b-4b8b-95d2-ab80972bdbbd,2026-08-17T22:15:00Z,2026-08-18T00:15:00+0200,0.107,MW,DE,DE_LU,actual_solar_generation,Solar,2026-08-27T00:57:27Z
2026-08-27T00:55:09Z,2026-08-27T02:55:09+0200,9e257938-0a8b-4b8b-95d2-ab80972bdbbd,2026-08-17T22:30:00Z,2026-08-18T00:30:00+0200,0.106,MW,DE,DE_LU,actual_solar_generation,Solar,2026-08-27T00:57:27Z
2026-08-27T00:55:09Z,2026-08-27T02:55:09+0200,9e257938-0a8b-4b8b-95d2-ab80972bdbbd,2026-08-17T22:45:00Z,2026-08-18T00:45:00+0200,0.111,MW,DE,DE_LU,actual_solar_generation,Solar,2026-08-27T00:57:27Z
2026-08-27T00:55:09Z,2026-08-27T02:55:09+0200,9e257938-0a8b-4b8b-95d2-ab80972bdbbd,2026-08-17T23:00:00Z,2026-08-18T01:00:00+0200,0.104,MW,DE,DE_LU,actual_solar_generation,Solar,2026-08-27T00:57:27Z
2026-08-27T00:55:09Z,2026-08-27T02:55:09+0200,9e257938-0a8b-4b8b-95d2-ab80972bdbbd,2026-08-17T23:15:00Z,2026-08-18T01:15:00+0200,0.115,MW,DE,DE_LU,actual_solar_generation,Solar,2026-08-27T00:57:27Z
2026-08-27T00:55:09Z,2026-08-27T02:55:09+0200,9e257938-0a8b-4b8b-95d2-ab80972bdbbd,2026-08-17T23:30:00Z,2026-08-18T01:30:00+0200,0.106,MW,DE,DE_LU,actual_solar_generation,Solar,2026-08-27T00:57:27Z
2026-08-27T00:55:09Z,2026-08-27T02:55:09+0200,9e257938-0a8b-4b8b-95d2-ab80972bdbbd,2026-08-17T23:45:00Z,2026-08-18T01:45:00+0200,0.099,MW,DE,DE_LU,actual_solar_generation,Solar,2026-08-27T00:57:27Z
2026-08-27T00:55:09Z,2026-08-27T02:55:09+0200,9e257938-0a8b-4b8b-95d2-ab80972bdbbd,2026-08-18T00:00:00Z,2026-08-18T02:00:00+0200,0.083,MW,DE,DE_LU,actual_solar_generation,Solar,2026-08-27T00:57:27Z
2026-08-27T00:55:09Z,2026-08-27T02:55:09+0200,9e257938-0a8b-4b8b-95d2-ab80972bdbbd,2026-08-18T00:15:00Z,2026-08-18T02:15:00+0200,0.082,MW,DE,DE_LU,actual_solar_generation,Solar,2026-08-27T00:57:27Z
2026-08-27T00:55:09Z,2026-08-27T02:55:09+0200,9e257938-0a8b-4b8b-95d2-ab80972bdbbd,2026-08-18T00:30:00Z,2026-08-18T02:30:00+0200,0.087,MW,DE,DE_LU,actual_solar_generation,Solar,2026-08-27T00:57:27Z
2026-08-27T00:55:09Z,2026-08-27T02:55:09+0200,9e257938-0a8b-4b8b-95d2-ab80972bdbbd,2026-08-18T00:45:00Z,2026-08-18T02:45:00+0200,0.081,MW,DE,DE_LU,actual_solar_generation,Solar,2026-08-27T00:57:27Z
2026-08-27T00:55:09Z,2026-08-27T02:55:09+0200,9e257938-0a8b-4b8b-95d2-ab80972bdbbd,2026-08-18T01:00:00Z,2026-08-18T03:00:00+0200,0.078,MW,DE,DE_LU,actual_solar_generation,Solar,2026-08-27T00:57:27Z
2026-08-27T00:55:09Z,2026-08-27T02:55:09+0200,9e257938-0a8b-4b8b-95d2-ab80972bdbbd,2026-08-18T01:15:00Z,2026-08-18T03:15:00+0200,0.073,MW,DE,DE_LU,actual_solar_generation,Solar,2026-08-27T00:57:27Z
2026-08-27T00:55:09Z,2026-08-27T02:55:09+0200,9e257938-0a8b-4b8b-95d2-ab80972bdbbd,2026-08-18T01:30:00Z,2026-08-18T03:30:00+0200,0.078,MW,DE,DE_LU,actual_solar_generation,Solar,2026-08-27T00:57:27Z
2026-08-27T00:55:09Z,2026-08-27T02:55:09+0200,9e257938-0a8b-4b8b-95d2-ab80972bdbbd,2026-08-18T01:45:00Z,2026-08-18T03:45:00+0200,0.073,MW,DE,DE_LU,actual_solar_generation,Solar,2026-08-27T00:57:27Z
2026-08-27T00:55:09Z,2026-08-27T02:55:09+0200,9e257938-0a8b-4b8b-95d2-ab80972bdbbd,2026-08-18T02:00:00Z,2026-08-18T04:00:00+0200,0.07,MW,DE,DE_LU,actual_solar_generation,Solar,2026-08-27T00:57:27Z
2026-08-27T00:55:09Z,2026-08-27T02:55:09+0200,9e257938-0a8b-4b8b-95d2-ab80972bdbbd,2026-08-18T02:15:00Z,2026-08-18T04:15:00+0200,0.067,MW,DE,DE_LU,actual_solar_generation,Solar,2026-08-27T00:57:27Z
2026-08-27T00:55:09Z,2026-08-27T02:55:09+0200,9e257938-0a8b-4b8b-95d2-ab80972bdbbd,2026-08-18T02:30:00Z,2026-08-18T04:30:00+0200,0.066,MW,DE,DE_LU,actual_solar_generation,Solar,2026-08-27T00:57:27Z
2026-08-27T00:55:09Z,2026-08-27T02:55:09+0200,9e257938-0a8b-4b8b-95d2-ab80972bdbbd,2026-08-18T02:45:00Z,2026-08-18T04:45:00+0200,0.061,MW,DE,DE_LU,actual_solar_generation,Solar,2026-08-27T00:57:27Z
2026-08-27T00:55:09Z,2026-08-27T02:55:09+0200,9e257938-0a8b-4b8b-95d2-ab80972bdbbd,2026-08-18T03:00:00Z,2026-08-18T05:00:00+0200,0.059,MW,DE,DE_LU,actual_solar_generation,Solar,2026-08-27T00:57:27Z
2026-08-27T00:55:09Z,2026-08-27T02:55:09+0200,9e257938-0a8b-4b8b-95d2-ab80972bdbbd,2026-08-18T03:15:00Z,2026-08-18T05:15:00+0200,0.068,MW,DE,DE_LU,actual_solar_generation,Solar,2026-08-27T00:57:27Z
2026-08-27T00:55:09Z,2026-08-27T02:55:09+0200,9e257938-0a8b-4b8b-95d2-ab80972bdbbd,2026-08-18T03:30:00Z,2026-08-18T05:30:00+0200,0.237,MW,DE,DE_LU,actual_solar_generation,Solar,2026-08-27T00:57:27Z
2026-08-27T00:55:09Z,2026-08-27T02:55:09+0200,9e257938-0a8b-4b8b-95d2-ab80972bdbbd,2026-08-18T03:45:00Z,2026-08-18T05:45:00+0200,4.345,MW,DE,DE_LU,actual_solar_generation,Solar,2026-08-27T00:57:27Z
2026-08-27T00:55:09Z,2026-08-27T02:55:09+0200,9e257938-0a8b-4b8b-95d2-ab80972bdbbd,2026-08-18T04:00:00Z,2026-08-18T06:00:00+0200,54.487,MW,DE,DE_LU,actual_solar_generation,Solar,2026-08-27T00:57:27Z
2026-08-27T00:55:09Z,2026-08-27T02:55:09+0200,9e257938-0a8b-4b8b-95d2-ab80972bdbbd,2026-08-18T04:15:00Z,2026-08-18T06:15:00+0200,298.038,MW,DE,DE_LU,actual_solar_generation,Solar,2026-08-27T00:57:27Z
2026-08-27T00:55:09Z,2026-08-27T02:55:09+0200,9e257938-0a8b-4b8b-95d2-ab80972bdbbd,2026-08-18T04:30:00Z,2026-08-18T06:30:00+0200,686.814,MW,DE,DE_LU,actual_solar_generation,Solar,2026-08-27T00:57:27Z
2026-08-27T00:55:09Z,2026-08-27T02:55:09+0200,9e257938-0a8b-4b8b-95d2-ab80972bdbbd,2026-08-18T04:45:00Z,2026-08-18T06:45:00+0200,1345.1,MW,DE,DE_LU,actual_solar_generation,Solar,2026-08-27T00:57:27Z
2026-08-27T00:55:09Z,2026-08-27T02:55:09+0200,9e257938-0a8b-4b8b-95d2-ab80972bdbbd,2026-08-18T05:00:00Z,2026-08-18T07:00:00+0200,2148.621,MW,DE,DE_LU,actual_solar_generation,Solar,2026-08-27T00:57:27Z
2026-08-27T00:55:09Z,2026-08-27T02:55:09+0200,9e257938-0a8b-4b8b-95d2-ab80972bdbbd,2026-08-18T05:15:00Z,2026-08-18T07:15:00+0200,3040.593,MW,DE,DE_LU,actual_solar_generation,Solar,2026-08-27T00:57:27Z
2026-08-27T00:55:09Z,2026-08-27T02:55:09+0200,9e257938-0a8b-4b8b-95d2-ab80972bdbbd,2026-08-18T05:30:00Z,2026-08-18T07:30:00+0200,3932.322,MW,DE,DE_LU,actual_solar_generation,Solar,2026-08-27T00:57:27Z
2026-08-27T00:55:09Z,2026-08-27T02:55:09+0200,9e257938-0a8b-4b8b-95d2-ab80972bdbbd,2026-08-18T05:45:00Z,2026-08-18T07:45:00+0200,4892.048,MW,DE,DE_LU,actual_solar_generation,Solar,2026-08-27T00:57:27Z
2026-08-27T00:55:09Z,2026-08-27T02:55:09+0200,9e257938-0a8b-4b8b-95d2-ab80972bdbbd,2026-08-18T06:00:00Z,2026-08-18T08:00:00+0200,5970.433,MW,DE,DE_LU,actual_solar_generation,Solar,2026-08-27T00:57:27Z
2026-08-27T00:55:09Z,2026-08-27T02:55:09+0200,9e257938-0a8b-4b8b-95d2-ab80972bdbbd,2026-08-18T06:15:00Z,2026-08-18T08:15:00+0200,7023.044,MW,DE,DE_LU,actual_solar_generation,Solar,2026-08-27T00:57:27Z
2026-08-27T00:55:09Z,2026-08-27T02:55:09+0200,9e257938-0a8b-4b8b-95d2-ab80972bdbbd,2026-08-18T06:30:00Z,2026-08-18T08:30:00+0200,7962.345,MW,DE,DE_LU,actual_solar_generation,Solar,2026-08-27T00:57:27Z
2026-08-27T00:55:09Z,2026-08-27T02:55:09+0200,9e257938-0a8b-4b8b-95d2-ab80972bdbbd,2026-08-18T06:45:00Z,2026-08-18T08:45:00+0200,8984.267,MW,DE,DE_LU,actual_solar_generation,Solar,2026-08-27T00:57:27Z
2026-08-27T00:55:09Z,2026-08-27T02:55:09+0200,9e257938-0a8b-4b8b-95d2-ab80972bdbbd,2026-08-18T07:00:00Z,2026-08-18T09:00:00+0200,10001.876,MW,DE,DE_LU,actual_solar_generation,Solar,2026-08-27T00:57:27Z
2026-08-27T00:55:09Z,2026-08-27T02:55:09+0200,9e257938-0a8b-4b8b-95d2-ab80972bdbbd,2026-08-18T07:15:00Z,2026-08-18T09:15:00+0200,11022.62,MW,DE,DE_LU,actual_solar_generation,Solar,2026-08-27T00:57:27Z
2026-08-27T00:55:09Z,2026-08-27T02:55:09+0200,9e257938-0a8b-4b8b-95d2-ab80972bdbbd,2026-08-18T07:30:00Z,2026-08-18T09:30:00+0200,12054.949,MW,DE,DE_LU,actual_solar_generation,Solar,2026-08-27T00:57:27Z
2026-08-27T00:55:09Z,2026-08-27T02:55:09+0200,9e257938-0a8b-4b8b-95d2-ab80972bdbbd,2026-08-18T07:45:00Z,2026-08-18T09:45:00+0200,12779.705,MW,DE,DE_LU,actual_solar_generation,Solar,2026-08-27T00:57:27Z
2026-08-27T00:55:09Z,2026-08-27T02:55:09+0200,9e257938-0a8b-4b8b-95d2-ab80972bdbbd,2026-08-18T08:00:00Z,2026-08-18T10:00:00+0200,13306.145,MW,DE,DE_LU,actual_solar_generation,Solar,2026-08-27T00:57:27Z
2026-08-27T00:55:09Z,2026-08-27T02:55:09+0200,9e257938-0a8b-4b8b-95d2-ab80972bdbbd,2026-08-18T08:15:00Z,2026-08-18T10:15:00+0200,14002.863,MW,DE,DE_LU,actual_solar_generation,Solar,2026-08-27T00:57:27Z
2026-08-27T00:55:09Z,2026-08-27T02:55:09+0200,9e257938-0a8b-4b8b-95d2-ab80972bdbbd,2026-08-18T08:30:00Z,2026-08-18T10:30:00+0200,14385.343,MW,DE,DE_LU,actual_solar_generation,Solar,2026-08-27T00:57:27Z
2026-08-27T00:55:09Z,2026-08-27T02:55:09+0200,9e257938-0a8b-4b8b-95d2-ab80972bdbbd,2026-08-18T08:45:00Z,2026-08-18T10:45:00+0200,14728.587,MW,DE,DE_LU,actual_solar_generation,Solar,2026-08-27T00:57:27Z
2026-08-27T00:55:09Z,2026-08-27T02:55:09+0200,9e257938-0a8b-4b8b-95d2-ab80972bdbbd,2026-08-18T09:00:00Z,2026-08-18T11:00:00+0200,15591.083,MW,DE,DE_LU,actual_solar_generation,Solar,2026-08-27T00:57:27Z
2026-08-27T00:55:09Z,2026-08-27T02:55:09+0200,9e257938-0a8b-4b8b-95d2-ab80972bdbbd,2026-08-18T09:15:00Z,2026-08-18T11:15:00+0200,16082.598,MW,DE,DE_LU,actual_solar_generation,Solar,2026-08-27T00:57:27Z
2026-08-27T00:55:09Z,2026-08-27T02:55:09+0200,9e257938-0a8b-4b8b-95d2-ab80972bdbbd,2026-08-18T09:30:00Z,2026-08-18T11:30:00+0200,16753.124,MW,DE,DE_LU,actual_solar_generation,Solar,2026-08-27T00:57:27Z
2026-08-27T00:55:09Z,2026-08-27T02:55:09+0200,9e257938-0a8b-4b8b-95d2-ab80972bdbbd,2026-08-18T09:45:00Z,2026-08-18T11:45:00+0200,17637.444,MW,DE,DE_LU,actual_solar_generation,Solar,2026-08-27T00:57:27Z
2026-08-27T00:55:09Z,2026-08-27T02:55:09+0200,9e257938-0a8b-4b8b-95d2-ab80972bdbbd,2026-08-18T10:00:00Z,2026-08-18T12:00:00+0200,18556.389,MW,DE,DE_LU,actual_solar_generation,Solar,2026-08-27T00:57:27Z
2026-08-27T00:55:09Z,2026-08-27T02:55:09+0200,9e257938-0a8b-4b8b-95d2-ab80972bdbbd,2026-08-18T10:15:00Z,2026-08-18T12:15:00+0200,19153.063,MW,DE,DE_LU,actual_solar_generation,Solar,2026-08-27T00:57:27Z
2026-08-27T00:55:09Z,2026-08-27T02:55:09+0200,9e257938-0a8b-4b8b-95d2-ab80972bdbbd,2026-08-18T10:30:00Z,2026-08-18T12:30:00+0200,19649.991,MW,DE,DE_LU,actual_solar_generation,Solar,2026-08-27T00:57:27Z
2026-08-27T00:55:09Z,2026-08-27T02:55:09+0200,9e257938-0a8b-4b8b-95d2-ab80972bdbbd,2026-08-18T10:45:00Z,2026-08-18T12:45:00+0200,19818.061,MW,DE,DE_LU,actual_solar_generation,Solar,2026-08-27T00:57:27Z
2026-08-27T00:55:09Z,2026-08-27T02:55:09+0200,9e257938-0a8b-4b8b-95d2-ab80972bdbbd,2026-08-18T11:00:00Z,2026-08-18T13:00:00+0200,19972.735,MW,DE,DE_LU,actual_solar_generation,Solar,2026-08-27T00:57:27Z
2026-08-27T00:55:09Z,2026-08-27T02:55:09+0200,9e257938-0a8b-4b8b-95d2-ab80972bdbbd,2026-08-18T11:15:00Z,2026-08-18T13:15:00+0200,19863.871,MW,DE,DE_LU,actual_solar_generation,Solar,2026-08-27T00:57:27Z
2026-08-27T00:55:09Z,2026-08-27T02:55:09+0200,9e257938-0a8b-4b8b-95d2-ab80972bdbbd,2026-08-18T11:30:00Z,2026-08-18T13:30:00+0200,19476.983,MW,DE,DE_LU,actual_solar_generation,Solar,2026-08-27T00:57:27Z
2026-08-27T00:55:09Z,2026-08-27T02:55:09+0200,9e257938-0a8b-4b8b-95d2-ab80972bdbbd,2026-08-18T11:45:00Z,2026-08-18T13:45:00+0200,18968.583,MW,DE,DE_LU,actual_solar_generation,Solar,2026-08-27T00:57:27Z
2026-08-27T00:55:09Z,2026-08-27T02:55:09+0200,9e257938-0a8b-4b8b-95d2-ab80972bdbbd,2026-08-18T12:00:00Z,2026-08-18T14:00:00+0200,18650.536,MW,DE,DE_LU,actual_solar_generation,Solar,2026-08-27T00:57:27Z
2026-08-27T00:55:09Z,2026-08-27T02:55:09+0200,9e257938-0a8b-4b8b-95d2-ab80972bdbbd,2026-08-18T12:15:00Z,2026-08-18T14:15:00+0200,18684.546,MW,DE,DE_LU,actual_solar_generation,Solar,2026-08-27T00:57:27Z
2026-08-27T00:55:09Z,2026-08-27T02:55:09+0200,9e257938-0a8b-4b8b-95d2-ab80972bdbbd,2026-08-18T12:30:00Z,2026-08-18T14:30:00+0200,18462.859,MW,DE,DE_LU,actual_solar_generation,Solar,2026-08-27T00:57:27Z
2026-08-27T00:55:09Z,2026-08-27T02:55:09+0200,9e257938-0a8b-4b8b-95d2-ab80972bdbbd,2026-08-18T12:45:00Z,2026-08-18T14:45:00+0200,18108.011,MW,DE,DE_LU,actual_solar_generation,Solar,2026-08-27T00:57:27Z
2026-08-27T00:55:09Z,2026-08-27T02:55:09+0200,9e257938-0a8b-4b8b-95d2-ab80972bdbbd,2026-08-18T13:00:00Z,2026-08-18T15:00:00+0200,17681.184,MW,DE,DE_LU,actual_solar_generation,Solar,2026-08-27T00:57:27Z
2026-08-27T00:55:09Z,2026-08-27T02:55:09+0200,9e257938-0a8b-4b8b-95d2-ab80972bdbbd,2026-08-18T13:15:00Z,2026-08-18T15:15:00+0200,17279.217,MW,DE,DE_LU,actual_solar_generation,Solar,2026-08-27T00:57:27Z
2026-08-27T00:55:09Z,2026-08-27T02:55:09+0200,9e257938-0a8b-4b8b-95d2-ab80972bdbbd,2026-08-18T13:30:00Z,2026-08-18T15:30:00+0200,16453.679,MW,DE,DE_LU,actual_solar_generation,Solar,2026-08-27T00:57:27Z
2026-08-27T00:55:09Z,2026-08-27T02:55:09+0200,9e257938-0a8b-4b8b-95d2-ab80972bdbbd,2026-08-18T13:45:00Z,2026-08-18T15:45:00+0200,15547.316,MW,DE,DE_LU,actual_solar_generation,Solar,2026-08-27T00:57:27Z
2026-08-27T00:55:09Z,2026-08-27T02:55:09+0200,9e257938-0a8b-4b8b-95d2-ab80972bdbbd,2026-08-18T14:00:00Z,2026-08-18T16:00:00+0200,14378.931,MW,DE,DE_LU,actual_solar_generation,Solar,2026-08-27T00:57:27Z
2026-08-27T00:55:09Z,2026-08-27T02:55:09+0200,9e257938-0a8b-4b8b-95d2-ab80972bdbbd,2026-08-18T14:15:00Z,2026-08-18T16:15:00+0200,13098.803,MW,DE,DE_LU,actual_solar_generation,Solar,2026-08-27T00:57:27Z
2026-08-27T00:55:09Z,2026-08-27T02:55:09+0200,9e257938-0a8b-4b8b-95d2-ab80972bdbbd,2026-08-18T14:30:00Z,2026-08-18T16:30:00+0200,11840.132,MW,DE,DE_LU,actual_solar_generation,Solar,2026-08-27T00:57:27Z
2026-08-27T00:55:09Z,2026-08-27T02:55:09+0200,9e257938-0a8b-4b8b-95d2-ab80972bdbbd,2026-08-18T14:45:00Z,2026-08-18T16:45:00+0200,10509.644,MW,DE,DE_LU,actual_solar_generation,Solar,2026-08-27T00:57:27Z
2026-08-27T00:55:09Z,2026-08-27T02:55:09+0200,9e257938-0a8b-4b8b-95d2-ab80972bdbbd,2026-08-18T15:00:00Z,2026-08-18T17:00:00+0200,9192.97,MW,DE,DE_LU,actual_solar_generation,Solar,2026-08-27T00:57:27Z
2026-08-27T00:55:09Z,2026-08-27T02:55:09+0200,9e257938-0a8b-4b8b-95d2-ab80972bdbbd,2026-08-18T15:15:00Z,2026-08-18T17:15:00+0200,7886.748,MW,DE,DE_LU,actual_solar_generation,Solar,2026-08-27T00:57:27Z
2026-08-27T00:55:09Z,2026-08-27T02:55:09+0200,9e257938-0a8b-4b8b-95d2-ab80972bdbbd,2026-08-18T15:30:00Z,2026-08-18T17:30:00+0200,6793.153,MW,DE,DE_LU,actual_solar_generation,Solar,2026-08-27T00:57:27Z
2026-08-27T00:55:09Z,2026-08-27T02:55:09+0200,9e257938-0a8b-4b8b-95d2-ab80972bdbbd,2026-08-18T15:45:00Z,2026-08-18T17:45:00+0200,5769.584,MW,DE,DE_LU,actual_solar_generation,Solar,2026-08-27T00:57:27Z
2026-08-27T00:55:09Z,2026-08-27T02:55:09+0200,9e257938-0a8b-4b8b-95d2-ab80972bdbbd,2026-08-18T16:00:00Z,2026-08-18T18:00:00+0200,4796.071,MW,DE,DE_LU,actual_solar_generation,Solar,2026-08-27T00:57:27Z
2026-08-27T00:55:09Z,2026-08-27T02:55:09+0200,9e257938-0a8b-4b8b-95d2-ab80972bdbbd,2026-08-18T16:15:00Z,2026-08-18T18:15:00+0200,3928.882,MW,DE,DE_LU,actual_solar_generation,Solar,2026-08-27T00:57:27Z
2026-08-27T00:55:09Z,2026-08-27T02:55:09+0200,9e257938-0a8b-4b8b-95d2-ab80972bdbbd,2026-08-18T16:30:00Z,2026-08-18T18:30:00+0200,3181.432,MW,DE,DE_LU,actual_solar_generation,Solar,2026-08-27T00:57:27Z
2026-08-27T00:55:09Z,2026-08-27T02:55:09+0200,9e257938-0a8b-4b8b-95d2-ab80972bdbbd,2026-08-18T16:45:00Z,2026-08-18T18:45:00+0200,2506.096,MW,DE,DE_LU,actual_solar_generation,Solar,2026-08-27T00:57:27Z
2026-08-27T00:55:09Z,2026-08-27T02:55:09+0200,9e257938-0a8b-4b8b-95d2-ab80972bdbbd,2026-08-18T17:00:00Z,2026-08-18T19:00:00+0200,1920.454,MW,DE,DE_LU,actual_solar_generation,Solar,2026-08-27T00:57:27Z
2026-08-27T00:55:09Z,2026-08-27T02:55:09+0200,9e257938-0a8b-4b8b-95d2-ab80972bdbbd,2026-08-18T17:15:00Z,2026-08-18T19:15:00+0200,1371.299,MW,DE,DE_LU,actual_solar_generation,Solar,2026-08-27T00:57:27Z
2026-08-27T00:55:09Z,2026-08-27T02:55:09+0200,9e257938-0a8b-4b8b-95d2-ab80972bdbbd,2026-08-18T17:30:00Z,2026-08-18T19:30:00+0200,912.728,MW,DE,DE_LU,actual_solar_generation,Solar,2026-08-27T00:57:27Z
2026-08-27T00:55:09Z,2026-08-27T02:55:09+0200,9e257938-0a8b-4b8b-95d2-ab80972bdbbd,2026-08-18T17:45:00Z,2026-08-18T19:45:00+0200,509.702,MW,DE,DE_LU,actual_solar_generation,Solar,2026-08-27T00:57:27Z
2026-08-27T00:55:09Z,2026-08-27T02:55:09+0200,9e257938-0a8b-4b8b-95d2-ab80972bdbbd,2026-08-18T18:00:00Z,2026-08-18T20:00:00+0200,226.278,MW,DE,DE_LU,actual_solar_generation,Solar,2026-08-27T00:57:27Z
2026-08-27T00:55:09Z,2026-08-27T02:55:09+0200,9e257938-0a8b-4b8b-95d2-ab80972bdbbd,2026-08-18T18:15:00Z,2026-08-18T20:15:00+0200,69.369,MW,DE,DE_LU,actual_solar_generation,Solar,2026-08-27T00:57:27Z
2026-08-27T00:55:09Z,2026-08-27T02:55:09+0200,9e257938-0a8b-4b8b-95d2-ab80972bdbbd,2026-08-18T18:30:00Z,2026-08-18T20:30:00+0200,13.811,MW,DE,DE_LU,actual_solar_generation,Solar,2026-08-27T00:57:27Z
2026-08-27T00:55:09Z,2026-08-27T02:55:09+0200,9e257938-0a8b-4b8b-95d2-ab80972bdbbd,2026-08-18T18:45:00Z,2026-08-18T20:45:00+0200,1.277,MW,DE,DE_LU,actual_solar_generation,Solar,2026-08-27T00:57:27Z
2026-08-27T00:55:09Z,2026-08-27T02:55:09+0200,9e257938-0a8b-4b8b-95d2-ab80972bdbbd,2026-08-18T19:00:00Z,2026-08-18T21:00:00+0200,0.429,MW,DE,DE_LU,actual_solar_generation,Solar,2026-08-27T00:57:27Z
2026-08-27T00:55:09Z,2026-08-27T02:55:09+0200,9e257938-0a8b-4b8b-95d2-ab80972bdbbd,2026-08-18T19:15:00Z,2026-08-18T21:15:00+0200,0.223,MW,DE,DE_LU,actual_solar_generation,Solar,2026-08-27T00:57:27Z
2026-08-27T00:55:09Z,2026-08-27T02:55:09+0200,9e257938-0a8b-4b8b-95d2-ab80972bdbbd,2026-08-18T19:30:00Z,2026-08-18T21:30:00+0200,0.164,MW,DE,DE_LU,actual_solar_generation,Solar,2026-08-27T00:57:27Z
2026-08-27T00:55:09Z,2026-08-27T02:55:09+0200,9e257938-0a8b-4b8b-95d2-ab80972bdbbd,2026-08-18T19:45:00Z,2026-08-18T21:45:00+0200,0.145,MW,DE,DE_LU,actual_solar_generation,Solar,2026-08-27T00:57:27Z
2026-08-27T00:55:09Z,2026-08-27T02:55:09+0200,9e257938-0a8b-4b8b-95d2-ab80972bdbbd,2026-08-18T20:00:00Z,2026-08-18T22:00:00+0200,0.145,MW,DE,DE_LU,actual_solar_generation,Solar,2026-08-27T00:57:27Z
2026-08-27T00:55:09Z,2026-08-27T02:55:09+0200,9e257938-0a8b-4b8b-95d2-ab80972bdbbd,2026-08-18T20:15:00Z,2026-08-18T22:15:00+0200,0.145,MW,DE,DE_LU,actual_solar_generation,Solar,2026-08-27T00:57:27Z
2026-08-27T00:55:09Z,2026-08-27T02:55:09+0200,9e257938-0a8b-4b8b-95d2-ab80972bdbbd,2026-08-18T20:30:00Z,2026-08-18T22:30:00+0200,0.128,MW,DE,DE_LU,actual_solar_generation,Solar,2026-08-27T00:57:27Z
2026-08-27T00:55:09Z,2026-08-27T02:55:09+0200,9e257938-0a8b-4b8b-95d2-ab80972bdbbd,2026-08-18T20:45:00Z,2026-08-18T22:45:00+0200,0.139,MW,DE,DE_LU,actual_solar_generation,Solar,2026-08-27T00:57:27Z
2026-08-27T00:55:09Z,2026-08-27T02:55:09+0200,9e257938-0a8b-4b8b-95d2-ab80972bdbbd,2026-08-18T21:00:00Z,2026-08-18T23:00:00+0200,0.13,MW,DE,DE_LU,actual_solar_generation,Solar,2026-08-27T00:57:27Z
2026-08-27T00:55:09Z,2026-08-27T02:55:09+0200,9e257938-0a8b-4b8b-95d2-ab80972bdbbd,2026-08-18T21:15:00Z,2026-08-18T23:15:00+0200,0.114,MW,DE,DE_LU,actual_solar_generation,Solar,2026-08-27T00:57:27Z
2026-08-27T00:55:09Z,2026-08-27T02:55:09+0200,9e257938-0a8b-4b8b-95d2-ab80972bdbbd,2026-08-18T21:30:00Z,2026-08-18T23:30:00+0200,0.103,MW,DE,DE_LU,actual_solar_generation,Solar,2026-08-27T00:57:27Z
2026-08-27T00:55:09Z,2026-08-27T02:55:09+0200,9e257938-0a8b-4b8b-95d2-ab80972bdbbd,2026-08-18T21:45:00Z,2026-08-18T23:45:00+0200,0.093,MW,DE,DE_LU,actual_solar_generation,Solar,2026-08-27T00:57:27Z
2026-08-27T00:55:09Z,2026-08-27T02:55:09+0200,9e257938-0a8b-4b8b-95d2-ab80972bdbbd,2026-08-18T22:00:00Z,2026-08-19T00:00:00+0200,0.099,MW,DE,DE_LU,actual_solar_generation,Solar,2026-08-27T00:57:27Z
2026-08-27T00:55:09Z,2026-08-27T02:55:09+0200,9e257938-0a8b-4b8b-95d2-ab80972bdbbd,2026-08-18T22:15:00Z,2026-08-19T00:15:00+0200,0.088,MW,DE,DE_LU,actual_solar_generation,Solar,2026-08-27T00:57:27Z
2026-08-27T00:55:09Z,2026-08-27T02:55:09+0200,9e257938-0a8b-4b8b-95d2-ab80972bdbbd,2026-08-18T22:30:00Z,2026-08-19T00:30:00+0200,0.078,MW,DE,DE_LU,actual_solar_generation,Solar,2026-08-27T00:57:27Z
2026-08-27T00:55:09Z,2026-08-27T02:55:09+0200,9e257938-0a8b-4b8b-95d2-ab80972bdbbd,2026-08-18T22:45:00Z,2026-08-19T00:45:00+0200,0.091,MW,DE,DE_LU,actual_solar_generation,Solar,2026-08-27T00:57:27Z
2026-08-27T00:55:09Z,2026-08-27T02:55:09+0200,9e257938-0a8b-4b8b-95d2-ab80972bdbbd,2026-08-18T23:00:00Z,2026-08-19T01:00:00+0200,0.085,MW,DE,DE_LU,actual_solar_generation,Solar,2026-08-27T00:57:27Z
2026-08-27T00:55:09Z,2026-08-27T02:55:09+0200,9e257938-0a8b-4b8b-95d2-ab80972bdbbd,2026-08-18T23:15:00Z,2026-08-19T01:15:00+0200,0.066,MW,DE,DE_LU,actual_solar_generation,Solar,2026-08-27T00:57:27Z
2026-08-27T00:55:09Z,2026-08-27T02:55:09+0200,9e257938-0a8b-4b8b-95d2-ab80972bdbbd,2026-08-18T23:30:00Z,2026-08-19T01:30:00+0200,0.068,MW,DE,DE_LU,actual_solar_generation,Solar,2026-08-27T00:57:27Z
2026-08-27T00:55:09Z,2026-08-27T02:55:09+0200,9e257938-0a8b-4b8b-95d2-ab80972bdbbd,2026-08-18T23:45:00Z,2026-08-19T01:45:00+0200,0.067,MW,DE,DE_LU,actual_solar_generation,Solar,2026-08-27T00:57:27Z
2026-08-27T00:55:09Z,2026-08-27T02:55:09+0200,9e257938-0a8b-4b8b-95d2-ab80972bdbbd,2026-08-19T00:00:00Z,2026-08-19T02:00:00+0200,0.066,MW,DE,DE_LU,actual_solar_generation,Solar,2026-08-27T00:57:27Z
2026-08-27T00:55:09Z,2026-08-27T02:55:09+0200,9e257938-0a8b-4b8b-95d2-ab80972bdbbd,2026-08-19T00:15:00Z,2026-08-19T02:15:00+0200,0.063,MW,DE,DE_LU,actual_solar_generation,Solar,2026-08-27T00:57:27Z
2026-08-27T00:55:09Z,2026-08-27T02:55:09+0200,9e257938-0a8b-4b8b-95d2-ab80972bdbbd,2026-08-19T00:30:00Z,2026-08-19T02:30:00+0200,0.056,MW,DE,DE_LU,actual_solar_generation,Solar,2026-08-27T00:57:27Z
2026-08-27T00:55:09Z,2026-08-27T02:55:09+0200,9e257938-0a8b-4b8b-95d2-ab80972bdbbd,2026-08-19T00:45:00Z,2026-08-19T02:45:00+0200,0.059,MW,DE,DE_LU,actual_solar_generation,Solar,2026-08-27T00:57:27Z
2026-08-27T00:55:09Z,2026-08-27T02:55:09+0200,9e257938-0a8b-4b8b-95d2-ab80972bdbbd,2026-08-19T01:00:00Z,2026-08-19T03:00:00+0200,0.065,MW,DE,DE_LU,actual_solar_generation,Solar,2026-08-27T00:57:27Z
2026-08-27T00:55:09Z,2026-08-27T02:55:09+0200,9e257938-0a8b-4b8b-95d2-ab80972bdbbd,2026-08-19T01:15:00Z,2026-08-19T03:15:00+0200,0.059,MW,DE,DE_LU,actual_solar_generation,Solar,2026-08-27T00:57:27Z
2026-08-27T00:55:09Z,2026-08-27T02:55:09+0200,9e257938-0a8b-4b8b-95d2-ab80972bdbbd,2026-08-19T01:30:00Z,2026-08-19T03:30:00+0200,0.049,MW,DE,DE_LU,actual_solar_generation,Solar,2026-08-27T00:57:27Z
2026-08-27T00:55:09Z,2026-08-27T02:55:09+0200,9e257938-0a8b-4b8b-95d2-ab80972bdbbd,2026-08-19T01:45:00Z,2026-08-19T03:45:00+0200,0.05,MW,DE,DE_LU,actual_solar_generation,Solar,2026-08-27T00:57:27Z
2026-08-27T00:55:09Z,2026-08-27T02:55:09+0200,9e257938-0a8b-4b8b-95d2-ab80972bdbbd,2026-08-19T02:00:00Z,2026-08-19T04:00:00+0200,0.06,MW,DE,DE_LU,actual_solar_generation,Solar,2026-08-27T00:57:27Z
2026-08-27T00:55:09Z,2026-08-27T02:55:09+0200,9e257938-0a8b-4b8b-95d2-ab80972bdbbd,2026-08-19T02:15:00Z,2026-08-19T04:15:00+0200,0.056,MW,DE,DE_LU,actual_solar_generation,Solar,2026-08-27T00:57:27Z
2026-08-27T00:55:09Z,2026-08-27T02:55:09+0200,9e257938-0a8b-4b8b-95d2-ab80972bdbbd,2026-08-19T02:30:00Z,2026-08-19T04:30:00+0200,0.049,MW,DE,DE_LU,actual_solar_generation,Solar,2026-08-27T00:57:27Z
2026-08-27T00:55:09Z,2026-08-27T02:55:09+0200,9e257938-0a8b-4b8b-95d2-ab80972bdbbd,2026-08-19T02:45:00Z,2026-08-19T04:45:00+0200,0.053,MW,DE,DE_LU,actual_solar_generation,Solar,2026-08-27T00:57:27Z
2026-08-27T00:55:09Z,2026-08-27T02:55:09+0200,9e257938-0a8b-4b8b-95d2-ab80972bdbbd,2026-08-19T03:00:00Z,2026-08-19T05:00:00+0200,0.051,MW,DE,DE_LU,actual_solar_generation,Solar,2026-08-27T00:57:27Z
2026-08-27T00:55:09Z,2026-08-27T02:55:09+0200,9e257938-0a8b-4b8b-95d2-ab80972bdbbd,2026-08-19T03:15:00Z,2026-08-19T05:15:00+0200,0.049,MW,DE,DE_LU,actual_solar_generation,Solar,2026-08-27T00:57:27Z
2026-08-27T00:55:09Z,2026-08-27T02:55:09+0200,9e257938-0a8b-4b8b-95d2-ab80972bdbbd,2026-08-19T03:30:00Z,2026-08-19T05:30:00+0200,0.252,MW,DE,DE_LU,actual_solar_generation,Solar,2026-08-27T00:57:27Z
2026-08-27T00:55:09Z,2026-08-27T02:55:09+0200,9e257938-0a8b-4b8b-95d2-ab80972bdbbd,2026-08-19T03:45:00Z,2026-08-19T05:45:00+0200,2.08,MW,DE,DE_LU,actual_solar_generation,Solar,2026-08-27T00:57:27Z
2026-08-27T00:55:09Z,2026-08-27T02:55:09+0200,9e257938-0a8b-4b8b-95d2-ab80972bdbbd,2026-08-19T04:00:00Z,2026-08-19T06:00:00+0200,23.232,MW,DE,DE_LU,actual_solar_generation,Solar,2026-08-27T00:57:27Z
2026-08-27T00:55:09Z,2026-08-27T02:55:09+0200,9e257938-0a8b-4b8b-95d2-ab80972bdbbd,2026-08-19T04:15:00Z,2026-08-19T06:15:00+0200,147.468,MW,DE,DE_LU,actual_solar_generation,Solar,2026-08-27T00:57:27Z
2026-08-27T00:55:09Z,2026-08-27T02:55:09+0200,9e257938-0a8b-4b8b-95d2-ab80972bdbbd,2026-08-19T04:30:00Z,2026-08-19T06:30:00+0200,420.846,MW,DE,DE_LU,actual_solar_generation,Solar,2026-08-27T00:57:27Z
2026-08-27T00:55:09Z,2026-08-27T02:55:09+0200,9e257938-0a8b-4b8b-95d2-ab80972bdbbd,2026-08-19T04:45:00Z,2026-08-19T06:45:00+0200,995.826,MW,DE,DE_LU,actual_solar_generation,Solar,2026-08-27T00:57:27Z
2026-08-27T00:55:09Z,2026-08-27T02:55:09+0200,9e257938-0a8b-4b8b-95d2-ab80972bdbbd,2026-08-19T05:00:00Z,2026-08-19T07:00:00+0200,1788.943,MW,DE,DE_LU,actual_solar_generation,Solar,2026-08-27T00:57:27Z
2026-08-27T00:55:09Z,2026-08-27T02:55:09+0200,9e257938-0a8b-4b8b-95d2-ab80972bdbbd,2026-08-19T05:15:00Z,2026-08-19T07:15:00+0200,2802.571,MW,DE,DE_LU,actual_solar_generation,Solar,2026-08-27T00:57:27Z
2026-08-27T00:55:09Z,2026-08-27T02:55:09+0200,9e257938-0a8b-4b8b-95d2-ab80972bdbbd,2026-08-19T05:30:00Z,2026-08-19T07:30:00+0200,4052.095,MW,DE,DE_LU,actual_solar_generation,Solar,2026-08-27T00:57:27Z
2026-08-27T00:55:09Z,2026-08-27T02:55:09+0200,9e257938-0a8b-4b8b-95d2-ab80972bdbbd,2026-08-19T05:45:00Z,2026-08-19T07:45:00+0200,5476.116,MW,DE,DE_LU,actual_solar_generation,Solar,2026-08-27T00:57:27Z
2026-08-27T00:55:09Z,2026-08-27T02:55:09+0200,9e257938-0a8b-4b8b-95d2-ab80972bdbbd,2026-08-19T06:00:00Z,2026-08-19T08:00:00+0200,7046.258,MW,DE,DE_LU,actual_solar_generation,Solar,2026-08-27T00:57:27Z
2026-08-27T00:55:09Z,2026-08-27T02:55:09+0200,9e257938-0a8b-4b8b-95d2-ab80972bdbbd,2026-08-19T06:15:00Z,2026-08-19T08:15:00+0200,8785.833,MW,DE,DE_LU,actual_solar_generation,Solar,2026-08-27T00:57:27Z
2026-08-27T00:55:09Z,2026-08-27T02:55:09+0200,9e257938-0a8b-4b8b-95d2-ab80972bdbbd,2026-08-19T06:30:00Z,2026-08-19T08:30:00+0200,10513.024,MW,DE,DE_LU,actual_solar_generation,Solar,2026-08-27T00:57:27Z
2026-08-27T00:55:09Z,2026-08-27T02:55:09+0200,9e257938-0a8b-4b8b-95d2-ab80972bdbbd,2026-08-19T06:45:00Z,2026-08-19T08:45:00+0200,12290.0,MW,DE,DE_LU,actual_solar_generation,Solar,2026-08-27T00:57:27Z
2026-08-27T00:55:09Z,2026-08-27T02:55:09+0200,9e257938-0a8b-4b8b-95d2-ab80972bdbbd,2026-08-19T07:00:00Z,2026-08-19T09:00:00+0200,14127.552,MW,DE,DE_LU,actual_solar_generation,Solar,2026-08-27T00:57:27Z
2026-08-27T00:55:09Z,2026-08-27T02:55:09+0200,9e257938-0a8b-4b8b-95d2-ab80972bdbbd,2026-08-19T07:15:00Z,2026-08-19T09:15:00+0200,16076.695,MW,DE,DE_LU,actual_solar_generation,Solar,2026-08-27T00:57:27Z
2026-08-27T00:55:09Z,2026-08-27T02:55:09+0200,9e257938-0a8b-4b8b-95d2-ab80972bdbbd,2026-08-19T07:30:00Z,2026-08-19T09:30:00+0200,17716.398,MW,DE,DE_LU,actual_solar_generation,Solar,2026-08-27T00:57:27Z
2026-08-27T00:55:09Z,2026-08-27T02:55:09+0200,9e257938-0a8b-4b8b-95d2-ab80972bdbbd,2026-08-19T07:45:00Z,2026-08-19T09:45:00+0200,19019.38,MW,DE,DE_LU,actual_solar_generation,Solar,2026-08-27T00:57:27Z
2026-08-27T00:55:09Z,2026-08-27T02:55:09+0200,9e257938-0a8b-4b8b-95d2-ab80972bdbbd,2026-08-19T08:00:00Z,2026-08-19T10:00:00+0200,20370.005,MW,DE,DE_LU,actual_solar_generation,Solar,2026-08-27T00:57:27Z
2026-08-27T00:55:09Z,2026-08-27T02:55:09+0200,9e257938-0a8b-4b8b-95d2-ab80972bdbbd,2026-08-19T08:15:00Z,2026-08-19T10:15:00+0200,21796.787,MW,DE,DE_LU,actual_solar_generation,Solar,2026-08-27T00:57:27Z
2026-08-27T00:55:09Z,2026-08-27T02:55:09+0200,9e257938-0a8b-4b8b-95d2-ab80972bdbbd,2026-08-19T08:30:00Z,2026-08-19T10:30:00+0200,22848.725,MW,DE,DE_LU,actual_solar_generation,Solar,2026-08-27T00:57:27Z
2026-08-27T00:55:09Z,2026-08-27T02:55:09+0200,9e257938-0a8b-4b8b-95d2-ab80972bdbbd,2026-08-19T08:45:00Z,2026-08-19T10:45:00+0200,23719.375,MW,DE,DE_LU,actual_solar_generation,Solar,2026-08-27T00:57:27Z
2026-08-27T00:55:09Z,2026-08-27T02:55:09+0200,9e257938-0a8b-4b8b-95d2-ab80972bdbbd,2026-08-19T09:00:00Z,2026-08-19T11:00:00+0200,24370.028,MW,DE,DE_LU,actual_solar_generation,Solar,2026-08-27T00:57:27Z
2026-08-27T00:55:09Z,2026-08-27T02:55:09+0200,9e257938-0a8b-4b8b-95d2-ab80972bdbbd,2026-08-19T09:15:00Z,2026-08-19T11:15:00+0200,25139.146,MW,DE,DE_LU,actual_solar_generation,Solar,2026-08-27T00:57:27Z
2026-08-27T00:55:09Z,2026-08-27T02:55:09+0200,9e257938-0a8b-4b8b-95d2-ab80972bdbbd,2026-08-19T09:30:00Z,2026-08-19T11:30:00+0200,25886.701,MW,DE,DE_LU,actual_solar_generation,Solar,2026-08-27T00:57:27Z
2026-08-27T00:55:09Z,2026-08-27T02:55:09+0200,9e257938-0a8b-4b8b-95d2-ab80972bdbbd,2026-08-19T09:45:00Z,2026-08-19T11:45:00+0200,26528.936,MW,DE,DE_LU,actual_solar_generation,Solar,2026-08-27T00:57:27Z
2026-08-27T00:55:09Z,2026-08-27T02:55:09+0200,9e257938-0a8b-4b8b-95d2-ab80972bdbbd,2026-08-19T10:00:00Z,2026-08-19T12:00:00+0200,27153.045,MW,DE,DE_LU,actual_solar_generation,Solar,2026-08-27T00:57:27Z
2026-08-27T00:55:09Z,2026-08-27T02:55:09+0200,9e257938-0a8b-4b8b-95d2-ab80972bdbbd,2026-08-19T10:15:00Z,2026-08-19T12:15:00+0200,28097.288,MW,DE,DE_LU,actual_solar_generation,Solar,2026-08-27T00:57:27Z
2026-08-27T00:55:09Z,2026-08-27T02:55:09+0200,9e257938-0a8b-4b8b-95d2-ab80972bdbbd,2026-08-19T10:30:00Z,2026-08-19T12:30:00+0200,29103.633,MW,DE,DE_LU,actual_solar_generation,Solar,2026-08-27T00:57:27Z
2026-08-27T00:55:09Z,2026-08-27T02:55:09+0200,9e257938-0a8b-4b8b-95d2-ab80972bdbbd,2026-08-19T10:45:00Z,2026-08-19T12:45:00+0200,29597.789,MW,DE,DE_LU,actual_solar_generation,Solar,2026-08-27T00:57:27Z
2026-08-27T00:55:09Z,2026-08-27T02:55:09+0200,9e257938-0a8b-4b8b-95d2-ab80972bdbbd,2026-08-19T11:00:00Z,2026-08-19T13:00:00+0200,30263.316,MW,DE,DE_LU,actual_solar_generation,Solar,2026-08-27T00:57:27Z
2026-08-27T00:55:09Z,2026-08-27T02:55:09+0200,9e257938-0a8b-4b8b-95d2-ab80972bdbbd,2026-08-19T11:15:00Z,2026-08-19T13:15:00+0200,30129.309,MW,DE,DE_LU,actual_solar_generation,Solar,2026-08-27T00:57:27Z
2026-08-27T00:55:09Z,2026-08-27T02:55:09+0200,9e257938-0a8b-4b8b-95d2-ab80972bdbbd,2026-08-19T11:30:00Z,2026-08-19T13:30:00+0200,30080.894,MW,DE,DE_LU,actual_solar_generation,Solar,2026-08-27T00:57:27Z
2026-08-27T00:55:09Z,2026-08-27T02:55:09+0200,9e257938-0a8b-4b8b-95d2-ab80972bdbbd,2026-08-19T11:45:00Z,2026-08-19T13:45:00+0200,29953.376,MW,DE,DE_LU,actual_solar_generation,Solar,2026-08-27T00:57:27Z
2026-08-27T00:55:09Z,2026-08-27T02:55:09+0200,9e257938-0a8b-4b8b-95d2-ab80972bdbbd,2026-08-19T12:00:00Z,2026-08-19T14:00:00+0200,30102.945,MW,DE,DE_LU,actual_solar_generation,Solar,2026-08-27T00:57:27Z
2026-08-27T00:55:09Z,2026-08-27T02:55:09+0200,9e257938-0a8b-4b8b-95d2-ab80972bdbbd,2026-08-19T12:15:00Z,2026-08-19T14:15:00+0200,29876.511,MW,DE,DE_LU,actual_solar_generation,Solar,2026-08-27T00:57:27Z
2026-08-27T00:55:09Z,2026-08-27T02:55:09+0200,9e257938-0a8b-4b8b-95d2-ab80972bdbbd,2026-08-19T12:30:00Z,2026-08-19T14:30:00+0200,29623.865,MW,DE,DE_LU,actual_solar_generation,Solar,2026-08-27T00:57:27Z
2026-08-27T00:55:09Z,2026-08-27T02:55:09+0200,9e257938-0a8b-4b8b-95d2-ab80972bdbbd,2026-08-19T12:45:00Z,2026-08-19T14:45:00+0200,29391.813,MW,DE,DE_LU,actual_solar_generation,Solar,2026-08-27T00:57:27Z
2026-08-27T00:55:09Z,2026-08-27T02:55:09+0200,9e257938-0a8b-4b8b-95d2-ab80972bdbbd,2026-08-19T13:00:00Z,2026-08-19T15:00:00+0200,29015.456,MW,DE,DE_LU,actual_solar_generation,Solar,2026-08-27T00:57:27Z
2026-08-27T00:55:09Z,2026-08-27T02:55:09+0200,9e257938-0a8b-4b8b-95d2-ab80972bdbbd,2026-08-19T13:15:00Z,2026-08-19T15:15:00+0200,28298.904,MW,DE,DE_LU,actual_solar_generation,Solar,2026-08-27T00:57:27Z
2026-08-27T00:55:09Z,2026-08-27T02:55:09+0200,9e257938-0a8b-4b8b-95d2-ab80972bdbbd,2026-08-19T13:30:00Z,2026-08-19T15:30:00+0200,27491.747,MW,DE,DE_LU,actual_solar_generation,Solar,2026-08-27T00:57:27Z
2026-08-27T00:55:09Z,2026-08-27T02:55:09+0200,9e257938-0a8b-4b8b-95d2-ab80972bdbbd,2026-08-19T13:45:00Z,2026-08-19T15:45:00+0200,26348.46,MW,DE,DE_LU,actual_solar_generation,Solar,2026-08-27T00:57:27Z
2026-08-27T00:55:09Z,2026-08-27T02:55:09+0200,9e257938-0a8b-4b8b-95d2-ab80972bdbbd,2026-08-19T14:00:00Z,2026-08-19T16:00:00+0200,25327.921,MW,DE,DE_LU,actual_solar_generation,Solar,2026-08-27T00:57:27Z
2026-08-27T00:55:09Z,2026-08-27T02:55:09+0200,9e257938-0a8b-4b8b-95d2-ab80972bdbbd,2026-08-19T14:15:00Z,2026-08-19T16:15:00+0200,24223.942,MW,DE,DE_LU,actual_solar_generation,Solar,2026-08-27T00:57:27Z
2026-08-27T00:55:09Z,2026-08-27T02:55:09+0200,9e257938-0a8b-4b8b-95d2-ab80972bdbbd,2026-08-19T14:30:00Z,2026-08-19T16:30:00+0200,22916.461,MW,DE,DE_LU,actual_solar_generation,Solar,2026-08-27T00:57:27Z
2026-08-27T00:55:09Z,2026-08-27T02:55:09+0200,9e257938-0a8b-4b8b-95d2-ab80972bdbbd,2026-08-19T14:45:00Z,2026-08-19T16:45:00+0200,21344.797,MW,DE,DE_LU,actual_solar_generation,Solar,2026-08-27T00:57:27Z
2026-08-27T00:55:09Z,2026-08-27T02:55:09+0200,9e257938-0a8b-4b8b-95d2-ab80972bdbbd,2026-08-19T15:00:00Z,2026-08-19T17:00:00+0200,19762.458,MW,DE,DE_LU,actual_solar_generation,Solar,2026-08-27T00:57:27Z
2026-08-27T00:55:09Z,2026-08-27T02:55:09+0200,9e257938-0a8b-4b8b-95d2-ab80972bdbbd,2026-08-19T15:15:00Z,2026-08-19T17:15:00+0200,17796.998,MW,DE,DE_LU,actual_solar_generation,Solar,2026-08-27T00:57:27Z
2026-08-27T00:55:09Z,2026-08-27T02:55:09+0200,9e257938-0a8b-4b8b-95d2-ab80972bdbbd,2026-08-19T15:30:00Z,2026-08-19T17:30:00+0200,15805.957,MW,DE,DE_LU,actual_solar_generation,Solar,2026-08-27T00:57:27Z
2026-08-27T00:55:09Z,2026-08-27T02:55:09+0200,9e257938-0a8b-4b8b-95d2-ab80972bdbbd,2026-08-19T15:45:00Z,2026-08-19T17:45:00+0200,14112.852,MW,DE,DE_LU,actual_solar_generation,Solar,2026-08-27T00:57:27Z
2026-08-27T00:55:09Z,2026-08-27T02:55:09+0200,9e257938-0a8b-4b8b-95d2-ab80972bdbbd,2026-08-19T16:00:00Z,2026-08-19T18:00:00+0200,12188.059,MW,DE,DE_LU,actual_solar_generation,Solar,2026-08-27T00:57:27Z
2026-08-27T00:55:09Z,2026-08-27T02:55:09+0200,9e257938-0a8b-4b8b-95d2-ab80972bdbbd,2026-08-19T16:15:00Z,2026-08-19T18:15:00+0200,10106.952,MW,DE,DE_LU,actual_solar_generation,Solar,2026-08-27T00:57:27Z
2026-08-27T00:55:09Z,2026-08-27T02:55:09+0200,9e257938-0a8b-4b8b-95d2-ab80972bdbbd,2026-08-19T16:30:00Z,2026-08-19T18:30:00+0200,8005.601,MW,DE,DE_LU,actual_solar_generation,Solar,2026-08-27T00:57:27Z
2026-08-27T00:55:09Z,2026-08-27T02:55:09+0200,9e257938-0a8b-4b8b-95d2-ab80972bdbbd,2026-08-19T16:45:00Z,2026-08-19T18:45:00+0200,6135.389,MW,DE,DE_LU,actual_solar_generation,Solar,2026-08-27T00:57:27Z
2026-08-27T00:55:09Z,2026-08-27T02:55:09+0200,9e257938-0a8b-4b8b-95d2-ab80972bdbbd,2026-08-19T17:00:00Z,2026-08-19T19:00:00+0200,4483.97,MW,DE,DE_LU,actual_solar_generation,Solar,2026-08-27T00:57:27Z
2026-08-27T00:55:09Z,2026-08-27T02:55:09+0200,9e257938-0a8b-4b8b-95d2-ab80972bdbbd,2026-08-19T17:15:00Z,2026-08-19T19:15:00+0200,3062.746,MW,DE,DE_LU,actual_solar_generation,Solar,2026-08-27T00:57:27Z
2026-08-27T00:55:09Z,2026-08-27T02:55:09+0200,9e257938-0a8b-4b8b-95d2-ab80972bdbbd,2026-08-19T17:30:00Z,2026-08-19T19:30:00+0200,1928.898,MW,DE,DE_LU,actual_solar_generation,Solar,2026-08-27T00:57:27Z
2026-08-27T00:55:09Z,2026-08-27T02:55:09+0200,9e257938-0a8b-4b8b-95d2-ab80972bdbbd,2026-08-19T17:45:00Z,2026-08-19T19:45:00+0200,1062.472,MW,DE,DE_LU,actual_solar_generation,Solar,2026-08-27T00:57:27Z
2026-08-27T00:55:09Z,2026-08-27T02:55:09+0200,9e257938-0a8b-4b8b-95d2-ab80972bdbbd,2026-08-19T18:00:00Z,2026-08-19T20:00:00+0200,438.879,MW,DE,DE_LU,actual_solar_generation,Solar,2026-08-27T00:57:27Z
2026-08-27T00:55:09Z,2026-08-27T02:55:09+0200,9e257938-0a8b-4b8b-95d2-ab80972bdbbd,2026-08-19T18:15:00Z,2026-08-19T20:15:00+0200,135.528,MW,DE,DE_LU,actual_solar_generation,Solar,2026-08-27T00:57:27Z
2026-08-27T00:55:09Z,2026-08-27T02:55:09+0200,9e257938-0a8b-4b8b-95d2-ab80972bdbbd,2026-08-19T18:30:00Z,2026-08-19T20:30:00+0200,55.571,MW,DE,DE_LU,actual_solar_generation,Solar,2026-08-27T00:57:27Z
2026-08-27T00:55:09Z,2026-08-27T02:55:09+0200,9e257938-0a8b-4b8b-95d2-ab80972bdbbd,2026-08-19T18:45:00Z,2026-08-19T20:45:00+0200,5.357,MW,DE,DE_LU,actual_solar_generation,Solar,2026-08-27T00:57:27Z
2026-08-27T00:55:09Z,2026-08-27T02:55:09+0200,9e257938-0a8b-4b8b-95d2-ab80972bdbbd,2026-08-19T19:00:00Z,2026-08-19T21:00:00+0200,0.433,MW,DE,DE_LU,actual_solar_generation,Solar,2026-08-27T00:57:27Z
2026-08-27T00:55:09Z,2026-08-27T02:55:09+0200,9e257938-0a8b-4b8b-95d2-ab80972bdbbd,2026-08-19T19:15:00Z,2026-08-19T21:15:00+0200,0.299,MW,DE,DE_LU,actual_solar_generation,Solar,2026-08-27T00:57:27Z
2026-08-27T00:55:09Z,2026-08-27T02:55:09+0200,9e257938-0a8b-4b8b-95d2-ab80972bdbbd,2026-08-19T19:30:00Z,2026-08-19T21:30:00+0200,0.253,MW,DE,DE_LU,actual_solar_generation,Solar,2026-08-27T00:57:27Z
2026-08-27T00:55:09Z,2026-08-27T02:55:09+0200,9e257938-0a8b-4b8b-95d2-ab80972bdbbd,2026-08-19T19:45:00Z,2026-08-19T21:45:00+0200,0.207,MW,DE,DE_LU,actual_solar_generation,Solar,2026-08-27T00:57:27Z
2026-08-27T00:55:09Z,2026-08-27T02:55:09+0200,9e257938-0a8b-4b8b-95d2-ab80972bdbbd,2026-08-19T20:00:00Z,2026-08-19T22:00:00+0200,0.207,MW,DE,DE_LU,actual_solar_generation,Solar,2026-08-27T00:57:27Z
2026-08-27T00:55:09Z,2026-08-27T02:55:09+0200,9e257938-0a8b-4b8b-95d2-ab80972bdbbd,2026-08-19T20:15:00Z,2026-08-19T22:15:00+0200,0.191,MW,DE,DE_LU,actual_solar_generation,Solar,2026-08-27T00:57:27Z
2026-08-27T00:55:09Z,2026-08-27T02:55:09+0200,9e257938-0a8b-4b8b-95d2-ab80972bdbbd,2026-08-19T20:30:00Z,2026-08-19T22:30:00+0200,0.188,MW,DE,DE_LU,actual_solar_generation,Solar,2026-08-27T00:57:27Z
2026-08-27T00:55:09Z,2026-08-27T02:55:09+0200,9e257938-0a8b-4b8b-95d2-ab80972bdbbd,2026-08-19T20:45:00Z,2026-08-19T22:45:00+0200,0.155,MW,DE,DE_LU,actual_solar_generation,Solar,2026-08-27T00:57:27Z
2026-08-27T00:55:09Z,2026-08-27T02:55:09+0200,9e257938-0a8b-4b8b-95d2-ab80972bdbbd,2026-08-19T21:00:00Z,2026-08-19T23:00:00+0200,0.17,MW,DE,DE_LU,actual_solar_generation,Solar,2026-08-27T00:57:27Z
2026-08-27T00:55:09Z,2026-08-27T02:55:09+0200,9e257938-0a8b-4b8b-95d2-ab80972bdbbd,2026-08-19T21:15:00Z,2026-08-19T23:15:00+0200,0.152,MW,DE,DE_LU,actual_solar_generation,Solar,2026-08-27T00:57:27Z
2026-08-27T00:55:09Z,2026-08-27T02:55:09+0200,9e257938-0a8b-4b8b-95d2-ab80972bdbbd,2026-08-19T21:30:00Z,2026-08-19T23:30:00+0200,0.148,MW,DE,DE_LU,actual_solar_generation,Solar,2026-08-27T00:57:27Z
2026-08-27T00:55:09Z,2026-08-27T02:55:09+0200,9e257938-0a8b-4b8b-95d2-ab80972bdbbd,2026-08-19T21:45:00Z,2026-08-19T23:45:00+0200,0.133,MW,DE,DE_LU,actual_solar_generation,Solar,2026-08-27T00:57:27Z
2026-08-27T00:55:09Z,2026-08-27T02:55:09+0200,9e257938-0a8b-4b8b-95d2-ab80972bdbbd,2026-08-19T22:00:00Z,2026-08-20T00:00:00+0200,0.123,MW,DE,DE_LU,actual_solar_generation,Solar,2026-08-27T00:57:27Z
2026-08-27T00:55:09Z,2026-08-27T02:55:09+0200,9e257938-0a8b-4b8b-95d2-ab80972bdbbd,2026-08-19T22:15:00Z,2026-08-20T00:15:00+0200,0.112,MW,DE,DE_LU,actual_solar_generation,Solar,2026-08-27T00:57:27Z
2026-08-27T00:55:09Z,2026-08-27T02:55:09+0200,9e257938-0a8b-4b8b-95d2-ab80972bdbbd,2026-08-19T22:30:00Z,2026-08-20T00:30:00+0200,0.111,MW,DE,DE_LU,actual_solar_generation,Solar,2026-08-27T00:57:27Z
2026-08-27T00:55:09Z,2026-08-27T02:55:09+0200,9e257938-0a8b-4b8b-95d2-ab80972bdbbd,2026-08-19T22:45:00Z,2026-08-20T00:45:00+0200,0.117,MW,DE,DE_LU,actual_solar_generation,Solar,2026-08-27T00:57:27Z
2026-08-27T00:55:09Z,2026-08-27T02:55:09+0200,9e257938-0a8b-4b8b-95d2-ab80972bdbbd,2026-08-19T23:00:00Z,2026-08-20T01:00:00+0200,0.097,MW,DE,DE_LU,actual_solar_generation,Solar,2026-08-27T00:57:27Z
2026-08-27T00:55:09Z,2026-08-27T02:55:09+0200,9e257938-0a8b-4b8b-95d2-ab80972bdbbd,2026-08-19T23:15:00Z,2026-08-20T01:15:00+0200,0.09,MW,DE,DE_LU,actual_solar_generation,Solar,2026-08-27T00:57:27Z
2026-08-27T00:55:09Z,2026-08-27T02:55:09+0200,9e257938-0a8b-4b8b-95d2-ab80972bdbbd,2026-08-19T23:30:00Z,2026-08-20T01:30:00+0200,0.095,MW,DE,DE_LU,actual_solar_generation,Solar,2026-08-27T00:57:27Z
2026-08-27T00:55:09Z,2026-08-27T02:55:09+0200,9e257938-0a8b-4b8b-95d2-ab80972bdbbd,2026-08-19T23:45:00Z,2026-08-20T01:45:00+0200,0.087,MW,DE,DE_LU,actual_solar_generation,Solar,2026-08-27T00:57:27Z
2026-08-27T00:55:09Z,2026-08-27T02:55:09+0200,9e257938-0a8b-4b8b-95d2-ab80972bdbbd,2026-08-20T00:00:00Z,2026-08-20T02:00:00+0200,0.08,MW,DE,DE_LU,actual_solar_generation,Solar,2026-08-27T00:57:27Z
2026-08-27T00:55:09Z,2026-08-27T02:55:09+0200,9e257938-0a8b-4b8b-95d2-ab80972bdbbd,2026-08-20T00:15:00Z,2026-08-20T02:15:00+0200,0.084,MW,DE,DE_LU,actual_solar_generation,Solar,2026-08-27T00:57:27Z
2026-08-27T00:55:09Z,2026-08-27T02:55:09+0200,9e257938-0a8b-4b8b-95d2-ab80972bdbbd,2026-08-20T00:30:00Z,2026-08-20T02:30:00+0200,0.073,MW,DE,DE_LU,actual_solar_generation,Solar,2026-08-27T00:57:27Z
2026-08-27T00:55:09Z,2026-08-27T02:55:09+0200,9e257938-0a8b-4b8b-95d2-ab80972bdbbd,2026-08-20T00:45:00Z,2026-08-20T02:45:00+0200,0.069,MW,DE,DE_LU,actual_solar_generation,Solar,2026-08-27T00:57:27Z
2026-08-27T00:55:09Z,2026-08-27T02:55:09+0200,9e257938-0a8b-4b8b-95d2-ab80972bdbbd,2026-08-20T01:00:00Z,2026-08-20T03:00:00+0200,0.062,MW,DE,DE_LU,actual_solar_generation,Solar,2026-08-27T00:57:27Z
2026-08-27T00:55:09Z,2026-08-27T02:55:09+0200,9e257938-0a8b-4b8b-95d2-ab80972bdbbd,2026-08-20T01:15:00Z,2026-08-20T03:15:00+0200,0.065,MW,DE,DE_LU,actual_solar_generation,Solar,2026-08-27T00:57:27Z
2026-08-27T00:55:09Z,2026-08-27T02:55:09+0200,9e257938-0a8b-4b8b-95d2-ab80972bdbbd,2026-08-20T01:30:00Z,2026-08-20T03:30:00+0200,0.068,MW,DE,DE_LU,actual_solar_generation,Solar,2026-08-27T00:57:27Z
2026-08-27T00:55:09Z,2026-08-27T02:55:09+0200,9e257938-0a8b-4b8b-95d2-ab80972bdbbd,2026-08-20T01:45:00Z,2026-08-20T03:45:00+0200,0.067,MW,DE,DE_LU,actual_solar_generation,Solar,2026-08-27T00:57:27Z
2026-08-27T00:55:09Z,2026-08-27T02:55:09+0200,9e257938-0a8b-4b8b-95d2-ab80972bdbbd,2026-08-20T02:00:00Z,2026-08-20T04:00:00+0200,0.062,MW,DE,DE_LU,actual_solar_generation,Solar,2026-08-27T00:57:27Z
2026-08-27T00:55:09Z,2026-08-27T02:55:09+0200,9e257938-0a8b-4b8b-95d2-ab80972bdbbd,2026-08-20T02:15:00Z,2026-08-20T04:15:00+0200,0.058,MW,DE,DE_LU,actual_solar_generation,Solar,2026-08-27T00:57:27Z
2026-08-27T00:55:09Z,2026-08-27T02:55:09+0200,9e257938-0a8b-4b8b-95d2-ab80972bdbbd,2026-08-20T02:30:00Z,2026-08-20T04:30:00+0200,0.065,MW,DE,DE_LU,actual_solar_generation,Solar,2026-08-27T00:57:27Z
2026-08-27T00:55:09Z,2026-08-27T02:55:09+0200,9e257938-0a8b-4b8b-95d2-ab80972bdbbd,2026-08-20T02:45:00Z,2026-08-20T04:45:00+0200,0.066,MW,DE,DE_LU,actual_solar_generation,Solar,2026-08-27T00:57:27Z
2026-08-27T00:55:09Z,2026-08-27T02:55:09+0200,9e257938-0a8b-4b8b-95d2-ab80972bdbbd,2026-08-20T03:00:00Z,2026-08-20T05:00:00+0200,0.069,MW,DE,DE_LU,actual_solar_generation,Solar,2026-08-27T00:57:27Z
2026-08-27T00:55:09Z,2026-08-27T02:55:09+0200,9e257938-0a8b-4b8b-95d2-ab80972bdbbd,2026-08-20T03:15:00Z,2026-08-20T05:15:00+0200,0.061,MW,DE,DE_LU,actual_solar_generation,Solar,2026-08-27T00:57:27Z
2026-08-27T00:55:09Z,2026-08-27T02:55:09+0200,9e257938-0a8b-4b8b-95d2-ab80972bdbbd,2026-08-20T03:30:00Z,2026-08-20T05:30:00+0200,0.07,MW,DE,DE_LU,actual_solar_generation,Solar,2026-08-27T00:57:27Z
2026-08-27T00:55:09Z,2026-08-27T02:55:09+0200,9e257938-0a8b-4b8b-95d2-ab80972bdbbd,2026-08-20T03:45:00Z,2026-08-20T05:45:00+0200,1.125,MW,DE,DE_LU,actual_solar_generation,Solar,2026-08-27T00:57:27Z
2026-08-27T00:55:09Z,2026-08-27T02:55:09+0200,9e257938-0a8b-4b8b-95d2-ab80972bdbbd,2026-08-20T04:00:00Z,2026-08-20T06:00:00+0200,17.397,MW,DE,DE_LU,actual_solar_generation,Solar,2026-08-27T00:57:27Z
2026-08-27T00:55:09Z,2026-08-27T02:55:09+0200,9e257938-0a8b-4b8b-95d2-ab80972bdbbd,2026-08-20T04:15:00Z,2026-08-20T06:15:00+0200,135.081,MW,DE,DE_LU,actual_solar_generation,Solar,2026-08-27T00:57:27Z
2026-08-27T00:55:09Z,2026-08-27T02:55:09+0200,9e257938-0a8b-4b8b-95d2-ab80972bdbbd,2026-08-20T04:30:00Z,2026-08-20T06:30:00+0200,629.748,MW,DE,DE_LU,actual_solar_generation,Solar,2026-08-27T00:57:27Z
2026-08-27T00:55:09Z,2026-08-27T02:55:09+0200,9e257938-0a8b-4b8b-95d2-ab80972bdbbd,2026-08-20T04:45:00Z,2026-08-20T06:45:00+0200,1484.851,MW,DE,DE_LU,actual_solar_generation,Solar,2026-08-27T00:57:27Z
2026-08-27T00:55:09Z,2026-08-27T02:55:09+0200,9e257938-0a8b-4b8b-95d2-ab80972bdbbd,2026-08-20T05:00:00Z,2026-08-20T07:00:00+0200,2591.76,MW,DE,DE_LU,actual_solar_generation,Solar,2026-08-27T00:57:27Z
2026-08-27T00:55:09Z,2026-08-27T02:55:09+0200,9e257938-0a8b-4b8b-95d2-ab80972bdbbd,2026-08-20T05:15:00Z,2026-08-20T07:15:00+0200,3907.443,MW,DE,DE_LU,actual_solar_generation,Solar,2026-08-27T00:57:27Z
2026-08-27T00:55:09Z,2026-08-27T02:55:09+0200,9e257938-0a8b-4b8b-95d2-ab80972bdbbd,2026-08-20T05:30:00Z,2026-08-20T07:30:00+0200,5489.337,MW,DE,DE_LU,actual_solar_generation,Solar,2026-08-27T00:57:27Z
2026-08-27T00:55:09Z,2026-08-27T02:55:09+0200,9e257938-0a8b-4b8b-95d2-ab80972bdbbd,2026-08-20T05:45:00Z,2026-08-20T07:45:00+0200,7416.794,MW,DE,DE_LU,actual_solar_generation,Solar,2026-08-27T00:57:27Z
2026-08-27T00:55:09Z,2026-08-27T02:55:09+0200,9e257938-0a8b-4b8b-95d2-ab80972bdbbd,2026-08-20T06:00:00Z,2026-08-20T08:00:00+0200,9617.164,MW,DE,DE_LU,actual_solar_generation,Solar,2026-08-27T00:57:27Z
2026-08-27T00:55:09Z,2026-08-27T02:55:09+0200,9e257938-0a8b-4b8b-95d2-ab80972bdbbd,2026-08-20T06:15:00Z,2026-08-20T08:15:00+0200,12020.815,MW,DE,DE_LU,actual_solar_generation,Solar,2026-08-27T00:57:27Z
2026-08-27T00:55:09Z,2026-08-27T02:55:09+0200,9e257938-0a8b-4b8b-95d2-ab80972bdbbd,2026-08-20T06:30:00Z,2026-08-20T08:30:00+0200,14478.374,MW,DE,DE_LU,actual_solar_generation,Solar,2026-08-27T00:57:27Z
2026-08-27T00:55:09Z,2026-08-27T02:55:09+0200,9e257938-0a8b-4b8b-95d2-ab80972bdbbd,2026-08-20T06:45:00Z,2026-08-20T08:45:00+0200,16974.835,MW,DE,DE_LU,actual_solar_generation,Solar,2026-08-27T00:57:27Z
2026-08-27T00:55:09Z,2026-08-27T02:55:09+0200,9e257938-0a8b-4b8b-95d2-ab80972bdbbd,2026-08-20T07:00:00Z,2026-08-20T09:00:00+0200,19531.251,MW,DE,DE_LU,actual_solar_generation,Solar,2026-08-27T00:57:27Z
2026-08-27T00:55:09Z,2026-08-27T02:55:09+0200,9e257938-0a8b-4b8b-95d2-ab80972bdbbd,2026-08-20T07:15:00Z,2026-08-20T09:15:00+0200,21949.479,MW,DE,DE_LU,actual_solar_generation,Solar,2026-08-27T00:57:27Z
2026-08-27T00:55:09Z,2026-08-27T02:55:09+0200,9e257938-0a8b-4b8b-95d2-ab80972bdbbd,2026-08-20T07:30:00Z,2026-08-20T09:30:00+0200,24207.235,MW,DE,DE_LU,actual_solar_generation,Solar,2026-08-27T00:57:27Z
2026-08-27T00:55:09Z,2026-08-27T02:55:09+0200,9e257938-0a8b-4b8b-95d2-ab80972bdbbd,2026-08-20T07:45:00Z,2026-08-20T09:45:00+0200,26250.061,MW,DE,DE_LU,actual_solar_generation,Solar,2026-08-27T00:57:27Z
2026-08-27T00:55:09Z,2026-08-27T02:55:09+0200,9e257938-0a8b-4b8b-95d2-ab80972bdbbd,2026-08-20T08:00:00Z,2026-08-20T10:00:00+0200,28465.088,MW,DE,DE_LU,actual_solar_generation,Solar,2026-08-27T00:57:27Z
2026-08-27T00:55:09Z,2026-08-27T02:55:09+0200,9e257938-0a8b-4b8b-95d2-ab80972bdbbd,2026-08-20T08:15:00Z,2026-08-20T10:15:00+0200,30628.145,MW,DE,DE_LU,actual_solar_generation,Solar,2026-08-27T00:57:27Z
2026-08-27T00:55:09Z,2026-08-27T02:55:09+0200,9e257938-0a8b-4b8b-95d2-ab80972bdbbd,2026-08-20T08:30:00Z,2026-08-20T10:30:00+0200,32413.153,MW,DE,DE_LU,actual_solar_generation,Solar,2026-08-27T00:57:27Z
2026-08-27T00:55:09Z,2026-08-27T02:55:09+0200,9e257938-0a8b-4b8b-95d2-ab80972bdbbd,2026-08-20T08:45:00Z,2026-08-20T10:45:00+0200,34409.052,MW,DE,DE_LU,actual_solar_generation,Solar,2026-08-27T00:57:27Z
2026-08-27T00:55:09Z,2026-08-27T02:55:09+0200,9e257938-0a8b-4b8b-95d2-ab80972bdbbd,2026-08-20T09:00:00Z,2026-08-20T11:00:00+0200,36587.069,MW,DE,DE_LU,actual_solar_generation,Solar,2026-08-27T00:57:27Z
2026-08-27T00:55:09Z,2026-08-27T02:55:09+0200,9e257938-0a8b-4b8b-95d2-ab80972bdbbd,2026-08-20T09:15:00Z,2026-08-20T11:15:00+0200,38036.879,MW,DE,DE_LU,actual_solar_generation,Solar,2026-08-27T00:57:27Z
2026-08-27T00:55:09Z,2026-08-27T02:55:09+0200,9e257938-0a8b-4b8b-95d2-ab80972bdbbd,2026-08-20T09:30:00Z,2026-08-20T11:30:00+0200,38791.862,MW,DE,DE_LU,actual_solar_generation,Solar,2026-08-27T00:57:27Z
2026-08-27T00:55:09Z,2026-08-27T02:55:09+0200,9e257938-0a8b-4b8b-95d2-ab80972bdbbd,2026-08-20T09:45:00Z,2026-08-20T11:45:00+0200,39529.628,MW,DE,DE_LU,actual_solar_generation,Solar,2026-08-27T00:57:27Z
2026-08-27T00:55:09Z,2026-08-27T02:55:09+0200,9e257938-0a8b-4b8b-95d2-ab80972bdbbd,2026-08-20T10:00:00Z,2026-08-20T12:00:00+0200,39785.985,MW,DE,DE_LU,actual_solar_generation,Solar,2026-08-27T00:57:27Z
2026-08-27T00:55:09Z,2026-08-27T02:55:09+0200,9e257938-0a8b-4b8b-95d2-ab80972bdbbd,2026-08-20T10:15:00Z,2026-08-20T12:15:00+0200,40246.703,MW,DE,DE_LU,actual_solar_generation,Solar,2026-08-27T00:57:27Z
2026-08-27T00:55:09Z,2026-08-27T02:55:09+0200,9e257938-0a8b-4b8b-95d2-ab80972bdbbd,2026-08-20T10:30:00Z,2026-08-20T12:30:00+0200,40206.928,MW,DE,DE_LU,actual_solar_generation,Solar,2026-08-27T00:57:27Z
2026-08-27T00:55:09Z,2026-08-27T02:55:09+0200,9e257938-0a8b-4b8b-95d2-ab80972bdbbd,2026-08-20T10:45:00Z,2026-08-20T12:45:00+0200,40343.324,MW,DE,DE_LU,actual_solar_generation,Solar,2026-08-27T00:57:27Z
2026-08-27T00:55:09Z,2026-08-27T02:55:09+0200,9e257938-0a8b-4b8b-95d2-ab80972bdbbd,2026-08-20T11:00:00Z,2026-08-20T13:00:00+0200,39799.579,MW,DE,DE_LU,actual_solar_generation,Solar,2026-08-27T00:57:27Z
2026-08-27T00:55:09Z,2026-08-27T02:55:09+0200,9e257938-0a8b-4b8b-95d2-ab80972bdbbd,2026-08-20T11:15:00Z,2026-08-20T13:15:00+0200,39472.305,MW,DE,DE_LU,actual_solar_generation,Solar,2026-08-27T00:57:27Z
2026-08-27T00:55:09Z,2026-08-27T02:55:09+0200,9e257938-0a8b-4b8b-95d2-ab80972bdbbd,2026-08-20T11:30:00Z,2026-08-20T13:30:00+0200,38972.301,MW,DE,DE_LU,actual_solar_generation,Solar,2026-08-27T00:57:27Z
2026-08-27T00:55:09Z,2026-08-27T02:55:09+0200,9e257938-0a8b-4b8b-95d2-ab80972bdbbd,2026-08-20T11:45:00Z,2026-08-20T13:45:00+0200,39170.678,MW,DE,DE_LU,actual_solar_generation,Solar,2026-08-27T00:57:27Z
2026-08-27T00:55:09Z,2026-08-27T02:55:09+0200,9e257938-0a8b-4b8b-95d2-ab80972bdbbd,2026-08-20T12:00:00Z,2026-08-20T14:00:00+0200,38593.134,MW,DE,DE_LU,actual_solar_generation,Solar,2026-08-27T00:57:27Z
2026-08-27T00:55:09Z,2026-08-27T02:55:09+0200,9e257938-0a8b-4b8b-95d2-ab80972bdbbd,2026-08-20T12:15:00Z,2026-08-20T14:15:00+0200,38289.051,MW,DE,DE_LU,actual_solar_generation,Solar,2026-08-27T00:57:27Z
2026-08-27T00:55:09Z,2026-08-27T02:55:09+0200,9e257938-0a8b-4b8b-95d2-ab80972bdbbd,2026-08-20T12:30:00Z,2026-08-20T14:30:00+0200,37922.335,MW,DE,DE_LU,actual_solar_generation,Solar,2026-08-27T00:57:27Z
2026-08-27T00:55:09Z,2026-08-27T02:55:09+0200,9e257938-0a8b-4b8b-95d2-ab80972bdbbd,2026-08-20T12:45:00Z,2026-08-20T14:45:00+0200,37435.0,MW,DE,DE_LU,actual_solar_generation,Solar,2026-08-27T00:57:27Z
2026-08-27T00:55:09Z,2026-08-27T02:55:09+0200,9e257938-0a8b-4b8b-95d2-ab80972bdbbd,2026-08-20T13:00:00Z,2026-08-20T15:00:00+0200,36301.257,MW,DE,DE_LU,actual_solar_generation,Solar,2026-08-27T00:57:27Z
2026-08-27T00:55:09Z,2026-08-27T02:55:09+0200,9e257938-0a8b-4b8b-95d2-ab80972bdbbd,2026-08-20T13:15:00Z,2026-08-20T15:15:00+0200,34942.949,MW,DE,DE_LU,actual_solar_generation,Solar,2026-08-27T00:57:27Z
2026-08-27T00:55:09Z,2026-08-27T02:55:09+0200,9e257938-0a8b-4b8b-95d2-ab80972bdbbd,2026-08-20T13:30:00Z,2026-08-20T15:30:00+0200,33436.031,MW,DE,DE_LU,actual_solar_generation,Solar,2026-08-27T00:57:27Z
2026-08-27T00:55:09Z,2026-08-27T02:55:09+0200,9e257938-0a8b-4b8b-95d2-ab80972bdbbd,2026-08-20T13:45:00Z,2026-08-20T15:45:00+0200,32132.27,MW,DE,DE_LU,actual_solar_generation,Solar,2026-08-27T00:57:27Z
2026-08-27T00:55:09Z,2026-08-27T02:55:09+0200,9e257938-0a8b-4b8b-95d2-ab80972bdbbd,2026-08-20T14:00:00Z,2026-08-20T16:00:00+0200,30577.797,MW,DE,DE_LU,actual_solar_generation,Solar,2026-08-27T00:57:27Z
2026-08-27T00:55:09Z,2026-08-27T02:55:09+0200,9e257938-0a8b-4b8b-95d2-ab80972bdbbd,2026-08-20T14:15:00Z,2026-08-20T16:15:00+0200,28597.803,MW,DE,DE_LU,actual_solar_generation,Solar,2026-08-27T00:57:27Z
2026-08-27T00:55:09Z,2026-08-27T02:55:09+0200,9e257938-0a8b-4b8b-95d2-ab80972bdbbd,2026-08-20T14:30:00Z,2026-08-20T16:30:00+0200,26666.536,MW,DE,DE_LU,actual_solar_generation,Solar,2026-08-27T00:57:27Z
2026-08-27T00:55:09Z,2026-08-27T02:55:09+0200,9e257938-0a8b-4b8b-95d2-ab80972bdbbd,2026-08-20T14:45:00Z,2026-08-20T16:45:00+0200,24691.071,MW,DE,DE_LU,actual_solar_generation,Solar,2026-08-27T00:57:27Z
2026-08-27T00:55:09Z,2026-08-27T02:55:09+0200,9e257938-0a8b-4b8b-95d2-ab80972bdbbd,2026-08-20T15:00:00Z,2026-08-20T17:00:00+0200,22566.955,MW,DE,DE_LU,actual_solar_generation,Solar,2026-08-27T00:57:27Z
2026-08-27T00:55:09Z,2026-08-27T02:55:09+0200,9e257938-0a8b-4b8b-95d2-ab80972bdbbd,2026-08-20T15:15:00Z,2026-08-20T17:15:00+0200,20386.696,MW,DE,DE_LU,actual_solar_generation,Solar,2026-08-27T00:57:27Z
2026-08-27T00:55:09Z,2026-08-27T02:55:09+0200,9e257938-0a8b-4b8b-95d2-ab80972bdbbd,2026-08-20T15:30:00Z,2026-08-20T17:30:00+0200,18441.437,MW,DE,DE_LU,actual_solar_generation,Solar,2026-08-27T00:57:27Z
2026-08-27T00:55:09Z,2026-08-27T02:55:09+0200,9e257938-0a8b-4b8b-95d2-ab80972bdbbd,2026-08-20T15:45:00Z,2026-08-20T17:45:00+0200,15925.485,MW,DE,DE_LU,actual_solar_generation,Solar,2026-08-27T00:57:27Z
2026-08-27T00:55:09Z,2026-08-27T02:55:09+0200,9e257938-0a8b-4b8b-95d2-ab80972bdbbd,2026-08-20T16:00:00Z,2026-08-20T18:00:00+0200,13520.489,MW,DE,DE_LU,actual_solar_generation,Solar,2026-08-27T00:57:27Z
2026-08-27T00:55:09Z,2026-08-27T02:55:09+0200,9e257938-0a8b-4b8b-95d2-ab80972bdbbd,2026-08-20T16:15:00Z,2026-08-20T18:15:00+0200,11342.645,MW,DE,DE_LU,actual_solar_generation,Solar,2026-08-27T00:57:27Z
2026-08-27T00:55:09Z,2026-08-27T02:55:09+0200,9e257938-0a8b-4b8b-95d2-ab80972bdbbd,2026-08-20T16:30:00Z,2026-08-20T18:30:00+0200,9285.41,MW,DE,DE_LU,actual_solar_generation,Solar,2026-08-27T00:57:27Z
2026-08-27T00:55:09Z,2026-08-27T02:55:09+0200,9e257938-0a8b-4b8b-95d2-ab80972bdbbd,2026-08-20T16:45:00Z,2026-08-20T18:45:00+0200,7274.323,MW,DE,DE_LU,actual_solar_generation,Solar,2026-08-27T00:57:27Z
2026-08-27T00:55:09Z,2026-08-27T02:55:09+0200,9e257938-0a8b-4b8b-95d2-ab80972bdbbd,2026-08-20T17:00:00Z,2026-08-20T19:00:00+0200,5438.985,MW,DE,DE_LU,actual_solar_generation,Solar,2026-08-27T00:57:27Z
2026-08-27T00:55:09Z,2026-08-27T02:55:09+0200,9e257938-0a8b-4b8b-95d2-ab80972bdbbd,2026-08-20T17:15:00Z,2026-08-20T19:15:00+0200,3885.625,MW,DE,DE_LU,actual_solar_generation,Solar,2026-08-27T00:57:27Z
2026-08-27T00:55:09Z,2026-08-27T02:55:09+0200,9e257938-0a8b-4b8b-95d2-ab80972bdbbd,2026-08-20T17:30:00Z,2026-08-20T19:30:00+0200,2567.714,MW,DE,DE_LU,actual_solar_generation,Solar,2026-08-27T00:57:27Z
2026-08-27T00:55:09Z,2026-08-27T02:55:09+0200,9e257938-0a8b-4b8b-95d2-ab80972bdbbd,2026-08-20T17:45:00Z,2026-08-20T19:45:00+0200,1501.056,MW,DE,DE_LU,actual_solar_generation,Solar,2026-08-27T00:57:27Z
2026-08-27T00:55:09Z,2026-08-27T02:55:09+0200,9e257938-0a8b-4b8b-95d2-ab80972bdbbd,2026-08-20T18:00:00Z,2026-08-20T20:00:00+0200,696.983,MW,DE,DE_LU,actual_solar_generation,Solar,2026-08-27T00:57:27Z
2026-08-27T00:55:09Z,2026-08-27T02:55:09+0200,9e257938-0a8b-4b8b-95d2-ab80972bdbbd,2026-08-20T18:15:00Z,2026-08-20T20:15:00+0200,206.481,MW,DE,DE_LU,actual_solar_generation,Solar,2026-08-27T00:57:27Z
2026-08-27T00:55:09Z,2026-08-27T02:55:09+0200,9e257938-0a8b-4b8b-95d2-ab80972bdbbd,2026-08-20T18:30:00Z,2026-08-20T20:30:00+0200,23.76,MW,DE,DE_LU,actual_solar_generation,Solar,2026-08-27T00:57:27Z
2026-08-27T00:55:09Z,2026-08-27T02:55:09+0200,9e257938-0a8b-4b8b-95d2-ab80972bdbbd,2026-08-20T18:45:00Z,2026-08-20T20:45:00+0200,1.271,MW,DE,DE_LU,actual_solar_generation,Solar,2026-08-27T00:57:27Z
2026-08-27T00:55:09Z,2026-08-27T02:55:09+0200,9e257938-0a8b-4b8b-95d2-ab80972bdbbd,2026-08-20T19:00:00Z,2026-08-20T21:00:00+0200,0.34,MW,DE,DE_LU,actual_solar_generation,Solar,2026-08-27T00:57:27Z
2026-08-27T00:55:09Z,2026-08-27T02:55:09+0200,9e257938-0a8b-4b8b-95d2-ab80972bdbbd,2026-08-20T19:15:00Z,2026-08-20T21:15:00+0200,0.271,MW,DE,DE_LU,actual_solar_generation,Solar,2026-08-27T00:57:27Z
2026-08-27T00:55:09Z,2026-08-27T02:55:09+0200,9e257938-0a8b-4b8b-95d2-ab80972bdbbd,2026-08-20T19:30:00Z,2026-08-20T21:30:00+0200,0.257,MW,DE,DE_LU,actual_solar_generation,Solar,2026-08-27T00:57:27Z
2026-08-27T00:55:09Z,2026-08-27T02:55:09+0200,9e257938-0a8b-4b8b-95d2-ab80972bdbbd,2026-08-20T19:45:00Z,2026-08-20T21:45:00+0200,0.211,MW,DE,DE_LU,actual_solar_generation,Solar,2026-08-27T00:57:27Z
2026-08-27T00:55:09Z,2026-08-27T02:55:09+0200,9e257938-0a8b-4b8b-95d2-ab80972bdbbd,2026-08-20T20:00:00Z,2026-08-20T22:00:00+0200,0.198,MW,DE,DE_LU,actual_solar_generation,Solar,2026-08-27T00:57:27Z
2026-08-27T00:55:09Z,2026-08-27T02:55:09+0200,9e257938-0a8b-4b8b-95d2-ab80972bdbbd,2026-08-20T20:15:00Z,2026-08-20T22:15:00+0200,0.181,MW,DE,DE_LU,actual_solar_generation,Solar,2026-08-27T00:57:27Z
2026-08-27T00:55:09Z,2026-08-27T02:55:09+0200,9e257938-0a8b-4b8b-95d2-ab80972bdbbd,2026-08-20T20:30:00Z,2026-08-20T22:30:00+0200,0.194,MW,DE,DE_LU,actual_solar_generation,Solar,2026-08-27T00:57:27Z
2026-08-27T00:55:09Z,2026-08-27T02:55:09+0200,9e257938-0a8b-4b8b-95d2-ab80972bdbbd,2026-08-20T20:45:00Z,2026-08-20T22:45:00+0200,0.203,MW,DE,DE_LU,actual_solar_generation,Solar,2026-08-27T00:57:27Z
2026-08-27T00:55:09Z,2026-08-27T02:55:09+0200,9e257938-0a8b-4b8b-95d2-ab80972bdbbd,2026-08-20T21:00:00Z,2026-08-20T23:00:00+0200,0.194,MW,DE,DE_LU,actual_solar_generation,Solar,2026-08-27T00:57:27Z
2026-08-27T00:55:09Z,2026-08-27T02:55:09+0200,9e257938-0a8b-4b8b-95d2-ab80972bdbbd,2026-08-20T21:15:00Z,2026-08-20T23:15:00+0200,0.158,MW,DE,DE_LU,actual_solar_generation,Solar,2026-08-27T00:57:27Z
2026-08-27T00:55:09Z,2026-08-27T02:55:09+0200,9e257938-0a8b-4b8b-95d2-ab80972bdbbd,2026-08-20T21:30:00Z,2026-08-20T23:30:00+0200,0.137,MW,DE,DE_LU,actual_solar_generation,Solar,2026-08-27T00:57:27Z
2026-08-27T00:55:09Z,2026-08-27T02:55:09+0200,9e257938-0a8b-4b8b-95d2-ab80972bdbbd,2026-08-20T21:45:00Z,2026-08-20T23:45:00+0200,0.13,MW,DE,DE_LU,actual_solar_generation,Solar,2026-08-27T00:57:27Z
2026-08-27T00:55:09Z,2026-08-27T02:55:09+0200,9e257938-0a8b-4b8b-95d2-ab80972bdbbd,2026-08-20T22:00:00Z,2026-08-21T00:00:00+0200,0.138,MW,DE,DE_LU,actual_solar_generation,Solar,2026-08-27T00:57:27Z
2026-08-27T00:55:09Z,2026-08-27T02:55:09+0200,9e257938-0a8b-4b8b-95d2-ab80972bdbbd,2026-08-20T22:15:00Z,2026-08-21T00:15:00+0200,0.121,MW,DE,DE_LU,actual_solar_generation,Solar,2026-08-27T00:57:27Z
2026-08-27T00:55:09Z,2026-08-27T02:55:09+0200,9e257938-0a8b-4b8b-95d2-ab80972bdbbd,2026-08-20T22:30:00Z,2026-08-21T00:30:00+0200,0.115,MW,DE,DE_LU,actual_solar_generation,Solar,2026-08-27T00:57:27Z
2026-08-27T00:55:09Z,2026-08-27T02:55:09+0200,9e257938-0a8b-4b8b-95d2-ab80972bdbbd,2026-08-20T22:45:00Z,2026-08-21T00:45:00+0200,0.105,MW,DE,DE_LU,actual_solar_generation,Solar,2026-08-27T00:57:27Z
2026-08-27T00:55:09Z,2026-08-27T02:55:09+0200,9e257938-0a8b-4b8b-95d2-ab80972bdbbd,2026-08-20T23:00:00Z,2026-08-21T01:00:00+0200,0.102,MW,DE,DE_LU,actual_solar_generation,Solar,2026-08-27T00:57:27Z
2026-08-27T00:55:09Z,2026-08-27T02:55:09+0200,9e257938-0a8b-4b8b-95d2-ab80972bdbbd,2026-08-20T23:15:00Z,2026-08-21T01:15:00+0200,0.098,MW,DE,DE_LU,actual_solar_generation,Solar,2026-08-27T00:57:27Z
2026-08-27T00:55:09Z,2026-08-27T02:55:09+0200,9e257938-0a8b-4b8b-95d2-ab80972bdbbd,2026-08-20T23:30:00Z,2026-08-21T01:30:00+0200,0.111,MW,DE,DE_LU,actual_solar_generation,Solar,2026-08-27T00:57:27Z
2026-08-27T00:55:09Z,2026-08-27T02:55:09+0200,9e257938-0a8b-4b8b-95d2-ab80972bdbbd,2026-08-20T23:45:00Z,2026-08-21T01:45:00+0200,0.122,MW,DE,DE_LU,actual_solar_generation,Solar,2026-08-27T00:57:27Z
2026-08-27T00:55:09Z,2026-08-27T02:55:09+0200,9e257938-0a8b-4b8b-95d2-ab80972bdbbd,2026-08-21T00:00:00Z,2026-08-21T02:00:00+0200,0.102,MW,DE,DE_LU,actual_solar_generation,Solar,2026-08-27T00:57:27Z
2026-08-27T00:55:09Z,2026-08-27T02:55:09+0200,9e257938-0a8b-4b8b-95d2-ab80972bdbbd,2026-08-21T00:15:00Z,2026-08-21T02:15:00+0200,0.092,MW,DE,DE_LU,actual_solar_generation,Solar,2026-08-27T00:57:27Z
2026-08-27T00:55:09Z,2026-08-27T02:55:09+0200,9e257938-0a8b-4b8b-95d2-ab80972bdbbd,2026-08-21T00:30:00Z,2026-08-21T02:30:00+0200,0.093,MW,DE,DE_LU,actual_solar_generation,Solar,2026-08-27T00:57:27Z
2026-08-27T00:55:09Z,2026-08-27T02:55:09+0200,9e257938-0a8b-4b8b-95d2-ab80972bdbbd,2026-08-21T00:45:00Z,2026-08-21T02:45:00+0200,0.085,MW,DE,DE_LU,actual_solar_generation,Solar,2026-08-27T00:57:27Z
2026-08-27T00:55:09Z,2026-08-27T02:55:09+0200,9e257938-0a8b-4b8b-95d2-ab80972bdbbd,2026-08-21T01:00:00Z,2026-08-21T03:00:00+0200,0.079,MW,DE,DE_LU,actual_solar_generation,Solar,2026-08-27T00:57:27Z
2026-08-27T00:55:09Z,2026-08-27T02:55:09+0200,9e257938-0a8b-4b8b-95d2-ab80972bdbbd,2026-08-21T01:15:00Z,2026-08-21T03:15:00+0200,0.086,MW,DE,DE_LU,actual_solar_generation,Solar,2026-08-27T00:57:27Z
2026-08-27T00:55:09Z,2026-08-27T02:55:09+0200,9e257938-0a8b-4b8b-95d2-ab80972bdbbd,2026-08-21T01:30:00Z,2026-08-21T03:30:00+0200,0.074,MW,DE,DE_LU,actual_solar_generation,Solar,2026-08-27T00:57:27Z
2026-08-27T00:55:09Z,2026-08-27T02:55:09+0200,9e257938-0a8b-4b8b-95d2-ab80972bdbbd,2026-08-21T01:45:00Z,2026-08-21T03:45:00+0200,0.074,MW,DE,DE_LU,actual_solar_generation,Solar,2026-08-27T00:57:27Z
2026-08-27T00:55:09Z,2026-08-27T02:55:09+0200,9e257938-0a8b-4b8b-95d2-ab80972bdbbd,2026-08-21T02:00:00Z,2026-08-21T04:00:00+0200,0.073,MW,DE,DE_LU,actual_solar_generation,Solar,2026-08-27T00:57:27Z
2026-08-27T00:55:09Z,2026-08-27T02:55:09+0200,9e257938-0a8b-4b8b-95d2-ab80972bdbbd,2026-08-21T02:15:00Z,2026-08-21T04:15:00+0200,0.084,MW,DE,DE_LU,actual_solar_generation,Solar,2026-08-27T00:57:27Z
2026-08-27T00:55:09Z,2026-08-27T02:55:09+0200,9e257938-0a8b-4b8b-95d2-ab80972bdbbd,2026-08-21T02:30:00Z,2026-08-21T04:30:00+0200,0.077,MW,DE,DE_LU,actual_solar_generation,Solar,2026-08-27T00:57:27Z
2026-08-27T00:55:09Z,2026-08-27T02:55:09+0200,9e257938-0a8b-4b8b-95d2-ab80972bdbbd,2026-08-21T02:45:00Z,2026-08-21T04:45:00+0200,0.076,MW,DE,DE_LU,actual_solar_generation,Solar,2026-08-27T00:57:27Z
2026-08-27T00:55:09Z,2026-08-27T02:55:09+0200,9e257938-0a8b-4b8b-95d2-ab80972bdbbd,2026-08-21T03:00:00Z,2026-08-21T05:00:00+0200,0.073,MW,DE,DE_LU,actual_solar_generation,Solar,2026-08-27T00:57:27Z
2026-08-27T00:55:09Z,2026-08-27T02:55:09+0200,9e257938-0a8b-4b8b-95d2-ab80972bdbbd,2026-08-21T03:15:00Z,2026-08-21T05:15:00+0200,0.073,MW,DE,DE_LU,actual_solar_generation,Solar,2026-08-27T00:57:27Z
2026-08-27T00:55:09Z,2026-08-27T02:55:09+0200,9e257938-0a8b-4b8b-95d2-ab80972bdbbd,2026-08-21T03:30:00Z,2026-08-21T05:30:00+0200,0.069,MW,DE,DE_LU,actual_solar_generation,Solar,2026-08-27T00:57:27Z
2026-08-27T00:55:09Z,2026-08-27T02:55:09+0200,9e257938-0a8b-4b8b-95d2-ab80972bdbbd,2026-08-21T03:45:00Z,2026-08-21T05:45:00+0200,1.204,MW,DE,DE_LU,actual_solar_generation,Solar,2026-08-27T00:57:27Z
2026-08-27T00:55:09Z,2026-08-27T02:55:09+0200,9e257938-0a8b-4b8b-95d2-ab80972bdbbd,2026-08-21T04:00:00Z,2026-08-21T06:00:00+0200,29.776,MW,DE,DE_LU,actual_solar_generation,Solar,2026-08-27T00:57:27Z
2026-08-27T00:55:09Z,2026-08-27T02:55:09+0200,9e257938-0a8b-4b8b-95d2-ab80972bdbbd,2026-08-21T04:15:00Z,2026-08-21T06:15:00+0200,236.367,MW,DE,DE_LU,actual_solar_generation,Solar,2026-08-27T00:57:27Z
2026-08-27T00:55:09Z,2026-08-27T02:55:09+0200,9e257938-0a8b-4b8b-95d2-ab80972bdbbd,2026-08-21T04:30:00Z,2026-08-21T06:30:00+0200,929.664,MW,DE,DE_LU,actual_solar_generation,Solar,2026-08-27T00:57:27Z
2026-08-27T00:55:09Z,2026-08-27T02:55:09+0200,9e257938-0a8b-4b8b-95d2-ab80972bdbbd,2026-08-21T04:45:00Z,2026-08-21T06:45:00+0200,1979.238,MW,DE,DE_LU,actual_solar_generation,Solar,2026-08-27T00:57:27Z
2026-08-27T00:55:09Z,2026-08-27T02:55:09+0200,9e257938-0a8b-4b8b-95d2-ab80972bdbbd,2026-08-21T05:00:00Z,2026-08-21T07:00:00+0200,3349.902,MW,DE,DE_LU,actual_solar_generation,Solar,2026-08-27T00:57:27Z
2026-08-27T00:55:09Z,2026-08-27T02:55:09+0200,9e257938-0a8b-4b8b-95d2-ab80972bdbbd,2026-08-21T05:15:00Z,2026-08-21T07:15:00+0200,5058.766,MW,DE,DE_LU,actual_solar_generation,Solar,2026-08-27T00:57:27Z
2026-08-27T00:55:09Z,2026-08-27T02:55:09+0200,9e257938-0a8b-4b8b-95d2-ab80972bdbbd,2026-08-21T05:30:00Z,2026-08-21T07:30:00+0200,7054.4,MW,DE,DE_LU,actual_solar_generation,Solar,2026-08-27T00:57:27Z
2026-08-27T00:55:09Z,2026-08-27T02:55:09+0200,9e257938-0a8b-4b8b-95d2-ab80972bdbbd,2026-08-21T05:45:00Z,2026-08-21T07:45:00+0200,9410.623,MW,DE,DE_LU,actual_solar_generation,Solar,2026-08-27T00:57:27Z
2026-08-27T00:55:09Z,2026-08-27T02:55:09+0200,9e257938-0a8b-4b8b-95d2-ab80972bdbbd,2026-08-21T06:00:00Z,2026-08-21T08:00:00+0200,12004.672,MW,DE,DE_LU,actual_solar_generation,Solar,2026-08-27T00:57:27Z
2026-08-27T00:55:09Z,2026-08-27T02:55:09+0200,9e257938-0a8b-4b8b-95d2-ab80972bdbbd,2026-08-21T06:15:00Z,2026-08-21T08:15:00+0200,14583.508,MW,DE,DE_LU,actual_solar_generation,Solar,2026-08-27T00:57:27Z
2026-08-27T00:55:09Z,2026-08-27T02:55:09+0200,9e257938-0a8b-4b8b-95d2-ab80972bdbbd,2026-08-21T06:30:00Z,2026-08-21T08:30:00+0200,17175.623,MW,DE,DE_LU,actual_solar_generation,Solar,2026-08-27T00:57:27Z
2026-08-27T00:55:09Z,2026-08-27T02:55:09+0200,9e257938-0a8b-4b8b-95d2-ab80972bdbbd,2026-08-21T06:45:00Z,2026-08-21T08:45:00+0200,19514.42,MW,DE,DE_LU,actual_solar_generation,Solar,2026-08-27T00:57:27Z
2026-08-27T00:55:09Z,2026-08-27T02:55:09+0200,9e257938-0a8b-4b8b-95d2-ab80972bdbbd,2026-08-21T07:00:00Z,2026-08-21T09:00:00+0200,21565.67,MW,DE,DE_LU,actual_solar_generation,Solar,2026-08-27T00:57:27Z
2026-08-27T00:55:09Z,2026-08-27T02:55:09+0200,9e257938-0a8b-4b8b-95d2-ab80972bdbbd,2026-08-21T07:15:00Z,2026-08-21T09:15:00+0200,23384.03,MW,DE,DE_LU,actual_solar_generation,Solar,2026-08-27T00:57:27Z
2026-08-27T00:55:09Z,2026-08-27T02:55:09+0200,9e257938-0a8b-4b8b-95d2-ab80972bdbbd,2026-08-21T07:30:00Z,2026-08-21T09:30:00+0200,25055.934,MW,DE,DE_LU,actual_solar_generation,Solar,2026-08-27T00:57:27Z
2026-08-27T00:55:09Z,2026-08-27T02:55:09+0200,9e257938-0a8b-4b8b-95d2-ab80972bdbbd,2026-08-21T07:45:00Z,2026-08-21T09:45:00+0200,26604.334,MW,DE,DE_LU,actual_solar_generation,Solar,2026-08-27T00:57:27Z
2026-08-27T00:55:09Z,2026-08-27T02:55:09+0200,9e257938-0a8b-4b8b-95d2-ab80972bdbbd,2026-08-21T08:00:00Z,2026-08-21T10:00:00+0200,28110.067,MW,DE,DE_LU,actual_solar_generation,Solar,2026-08-27T00:57:27Z
2026-08-27T00:55:09Z,2026-08-27T02:55:09+0200,9e257938-0a8b-4b8b-95d2-ab80972bdbbd,2026-08-21T08:15:00Z,2026-08-21T10:15:00+0200,28958.695,MW,DE,DE_LU,actual_solar_generation,Solar,2026-08-27T00:57:27Z
2026-08-27T00:55:09Z,2026-08-27T02:55:09+0200,9e257938-0a8b-4b8b-95d2-ab80972bdbbd,2026-08-21T08:30:00Z,2026-08-21T10:30:00+0200,29755.18,MW,DE,DE_LU,actual_solar_generation,Solar,2026-08-27T00:57:27Z
2026-08-27T00:55:09Z,2026-08-27T02:55:09+0200,9e257938-0a8b-4b8b-95d2-ab80972bdbbd,2026-08-21T08:45:00Z,2026-08-21T10:45:00+0200,30419.05,MW,DE,DE_LU,actual_solar_generation,Solar,2026-08-27T00:57:27Z
2026-08-27T00:55:09Z,2026-08-27T02:55:09+0200,9e257938-0a8b-4b8b-95d2-ab80972bdbbd,2026-08-21T09:00:00Z,2026-08-21T11:00:00+0200,30920.781,MW,DE,DE_LU,actual_solar_generation,Solar,2026-08-27T00:57:27Z
2026-08-27T00:55:09Z,2026-08-27T02:55:09+0200,9e257938-0a8b-4b8b-95d2-ab80972bdbbd,2026-08-21T09:15:00Z,2026-08-21T11:15:00+0200,31377.99,MW,DE,DE_LU,actual_solar_generation,Solar,2026-08-27T00:57:27Z
2026-08-27T00:55:09Z,2026-08-27T02:55:09+0200,9e257938-0a8b-4b8b-95d2-ab80972bdbbd,2026-08-21T09:30:00Z,2026-08-21T11:30:00+0200,31705.938,MW,DE,DE_LU,actual_solar_generation,Solar,2026-08-27T00:57:27Z
2026-08-27T00:55:09Z,2026-08-27T02:55:09+0200,9e257938-0a8b-4b8b-95d2-ab80972bdbbd,2026-08-21T09:45:00Z,2026-08-21T11:45:00+0200,31957.417,MW,DE,DE_LU,actual_solar_generation,Solar,2026-08-27T00:57:27Z
2026-08-27T00:55:09Z,2026-08-27T02:55:09+0200,9e257938-0a8b-4b8b-95d2-ab80972bdbbd,2026-08-21T10:00:00Z,2026-08-21T12:00:00+0200,32003.373,MW,DE,DE_LU,actual_solar_generation,Solar,2026-08-27T00:57:27Z
2026-08-27T00:55:09Z,2026-08-27T02:55:09+0200,9e257938-0a8b-4b8b-95d2-ab80972bdbbd,2026-08-21T10:15:00Z,2026-08-21T12:15:00+0200,31629.575,MW,DE,DE_LU,actual_solar_generation,Solar,2026-08-27T00:57:27Z
2026-08-27T00:55:09Z,2026-08-27T02:55:09+0200,9e257938-0a8b-4b8b-95d2-ab80972bdbbd,2026-08-21T10:30:00Z,2026-08-21T12:30:00+0200,31151.224,MW,DE,DE_LU,actual_solar_generation,Solar,2026-08-27T00:57:27Z
2026-08-27T00:55:09Z,2026-08-27T02:55:09+0200,9e257938-0a8b-4b8b-95d2-ab80972bdbbd,2026-08-21T10:45:00Z,2026-08-21T12:45:00+0200,30662.911,MW,DE,DE_LU,actual_solar_generation,Solar,2026-08-27T00:57:27Z
2026-08-27T00:55:09Z,2026-08-27T02:55:09+0200,9e257938-0a8b-4b8b-95d2-ab80972bdbbd,2026-08-21T11:00:00Z,2026-08-21T13:00:00+0200,29901.427,MW,DE,DE_LU,actual_solar_generation,Solar,2026-08-27T00:57:27Z
2026-08-27T00:55:09Z,2026-08-27T02:55:09+0200,9e257938-0a8b-4b8b-95d2-ab80972bdbbd,2026-08-21T11:15:00Z,2026-08-21T13:15:00+0200,29161.275,MW,DE,DE_LU,actual_solar_generation,Solar,2026-08-27T00:57:27Z
2026-08-27T00:55:09Z,2026-08-27T02:55:09+0200,9e257938-0a8b-4b8b-95d2-ab80972bdbbd,2026-08-21T11:30:00Z,2026-08-21T13:30:00+0200,28060.049,MW,DE,DE_LU,actual_solar_generation,Solar,2026-08-27T00:57:27Z
2026-08-27T00:55:09Z,2026-08-27T02:55:09+0200,9e257938-0a8b-4b8b-95d2-ab80972bdbbd,2026-08-21T11:45:00Z,2026-08-21T13:45:00+0200,27068.053,MW,DE,DE_LU,actual_solar_generation,Solar,2026-08-27T00:57:27Z
2026-08-27T00:55:09Z,2026-08-27T02:55:09+0200,9e257938-0a8b-4b8b-95d2-ab80972bdbbd,2026-08-21T12:00:00Z,2026-08-21T14:00:00+0200,25776.903,MW,DE,DE_LU,actual_solar_generation,Solar,2026-08-27T00:57:27Z
2026-08-27T00:55:09Z,2026-08-27T02:55:09+0200,9e257938-0a8b-4b8b-95d2-ab80972bdbbd,2026-08-21T12:15:00Z,2026-08-21T14:15:00+0200,24282.245,MW,DE,DE_LU,actual_solar_generation,Solar,2026-08-27T00:57:27Z
2026-08-27T00:55:09Z,2026-08-27T02:55:09+0200,9e257938-0a8b-4b8b-95d2-ab80972bdbbd,2026-08-21T12:30:00Z,2026-08-21T14:30:00+0200,22523.317,MW,DE,DE_LU,actual_solar_generation,Solar,2026-08-27T00:57:27Z
2026-08-27T00:55:09Z,2026-08-27T02:55:09+0200,9e257938-0a8b-4b8b-95d2-ab80972bdbbd,2026-08-21T12:45:00Z,2026-08-21T14:45:00+0200,21092.244,MW,DE,DE_LU,actual_solar_generation,Solar,2026-08-27T00:57:27Z
2026-08-27T00:55:09Z,2026-08-27T02:55:09+0200,9e257938-0a8b-4b8b-95d2-ab80972bdbbd,2026-08-21T13:00:00Z,2026-08-21T15:00:00+0200,19686.023,MW,DE,DE_LU,actual_solar_generation,Solar,2026-08-27T00:57:27Z
2026-08-27T00:55:09Z,2026-08-27T02:55:09+0200,9e257938-0a8b-4b8b-95d2-ab80972bdbbd,2026-08-21T13:15:00Z,2026-08-21T15:15:00+0200,18259.01,MW,DE,DE_LU,actual_solar_generation,Solar,2026-08-27T00:57:27Z
2026-08-27T00:55:09Z,2026-08-27T02:55:09+0200,9e257938-0a8b-4b8b-95d2-ab80972bdbbd,2026-08-21T13:30:00Z,2026-08-21T15:30:00+0200,17080.054,MW,DE,DE_LU,actual_solar_generation,Solar,2026-08-27T00:57:27Z
2026-08-27T00:55:09Z,2026-08-27T02:55:09+0200,9e257938-0a8b-4b8b-95d2-ab80972bdbbd,2026-08-21T13:45:00Z,2026-08-21T15:45:00+0200,15817.92,MW,DE,DE_LU,actual_solar_generation,Solar,2026-08-27T00:57:27Z
2026-08-27T00:55:09Z,2026-08-27T02:55:09+0200,9e257938-0a8b-4b8b-95d2-ab80972bdbbd,2026-08-21T14:00:00Z,2026-08-21T16:00:00+0200,14688.687,MW,DE,DE_LU,actual_solar_generation,Solar,2026-08-27T00:57:27Z
2026-08-27T00:55:09Z,2026-08-27T02:55:09+0200,9e257938-0a8b-4b8b-95d2-ab80972bdbbd,2026-08-21T14:15:00Z,2026-08-21T16:15:00+0200,13580.826,MW,DE,DE_LU,actual_solar_generation,Solar,2026-08-27T00:57:27Z
2026-08-27T00:55:09Z,2026-08-27T02:55:09+0200,9e257938-0a8b-4b8b-95d2-ab80972bdbbd,2026-08-21T14:30:00Z,2026-08-21T16:30:00+0200,12491.861,MW,DE,DE_LU,actual_solar_generation,Solar,2026-08-27T00:57:27Z
2026-08-27T00:55:09Z,2026-08-27T02:55:09+0200,9e257938-0a8b-4b8b-95d2-ab80972bdbbd,2026-08-21T14:45:00Z,2026-08-21T16:45:00+0200,11369.814,MW,DE,DE_LU,actual_solar_generation,Solar,2026-08-27T00:57:27Z
2026-08-27T00:55:09Z,2026-08-27T02:55:09+0200,9e257938-0a8b-4b8b-95d2-ab80972bdbbd,2026-08-21T15:00:00Z,2026-08-21T17:00:00+0200,10155.484,MW,DE,DE_LU,actual_solar_generation,Solar,2026-08-27T00:57:27Z
2026-08-27T00:55:09Z,2026-08-27T02:55:09+0200,9e257938-0a8b-4b8b-95d2-ab80972bdbbd,2026-08-21T15:15:00Z,2026-08-21T17:15:00+0200,8927.945,MW,DE,DE_LU,actual_solar_generation,Solar,2026-08-27T00:57:27Z
2026-08-27T00:55:09Z,2026-08-27T02:55:09+0200,9e257938-0a8b-4b8b-95d2-ab80972bdbbd,2026-08-21T15:30:00Z,2026-08-21T17:30:00+0200,7805.592,MW,DE,DE_LU,actual_solar_generation,Solar,2026-08-27T00:57:27Z
2026-08-27T00:55:09Z,2026-08-27T02:55:09+0200,9e257938-0a8b-4b8b-95d2-ab80972bdbbd,2026-08-21T15:45:00Z,2026-08-21T17:45:00+0200,6796.094,MW,DE,DE_LU,actual_solar_generation,Solar,2026-08-27T00:57:27Z
2026-08-27T00:55:09Z,2026-08-27T02:55:09+0200,9e257938-0a8b-4b8b-95d2-ab80972bdbbd,2026-08-21T16:00:00Z,2026-08-21T18:00:00+0200,5932.284,MW,DE,DE_LU,actual_solar_generation,Solar,2026-08-27T00:57:27Z
2026-08-27T00:55:09Z,2026-08-27T02:55:09+0200,9e257938-0a8b-4b8b-95d2-ab80972bdbbd,2026-08-21T16:15:00Z,2026-08-21T18:15:00+0200,5036.041,MW,DE,DE_LU,actual_solar_generation,Solar,2026-08-27T00:57:27Z
2026-08-27T00:55:09Z,2026-08-27T02:55:09+0200,9e257938-0a8b-4b8b-95d2-ab80972bdbbd,2026-08-21T16:30:00Z,2026-08-21T18:30:00+0200,4186.203,MW,DE,DE_LU,actual_solar_generation,Solar,2026-08-27T00:57:27Z
2026-08-27T00:55:09Z,2026-08-27T02:55:09+0200,9e257938-0a8b-4b8b-95d2-ab80972bdbbd,2026-08-21T16:45:00Z,2026-08-21T18:45:00+0200,3415.655,MW,DE,DE_LU,actual_solar_generation,Solar,2026-08-27T00:57:27Z
2026-08-27T00:55:09Z,2026-08-27T02:55:09+0200,9e257938-0a8b-4b8b-95d2-ab80972bdbbd,2026-08-21T17:00:00Z,2026-08-21T19:00:00+0200,2625.476,MW,DE,DE_LU,actual_solar_generation,Solar,2026-08-27T00:57:27Z
2026-08-27T00:55:09Z,2026-08-27T02:55:09+0200,9e257938-0a8b-4b8b-95d2-ab80972bdbbd,2026-08-21T17:15:00Z,2026-08-21T19:15:00+0200,1907.567,MW,DE,DE_LU,actual_solar_generation,Solar,2026-08-27T00:57:27Z
2026-08-27T00:55:09Z,2026-08-27T02:55:09+0200,9e257938-0a8b-4b8b-95d2-ab80972bdbbd,2026-08-21T17:30:00Z,2026-08-21T19:30:00+0200,1266.348,MW,DE,DE_LU,actual_solar_generation,Solar,2026-08-27T00:57:27Z
2026-08-27T00:55:09Z,2026-08-27T02:55:09+0200,9e257938-0a8b-4b8b-95d2-ab80972bdbbd,2026-08-21T17:45:00Z,2026-08-21T19:45:00+0200,752.924,MW,DE,DE_LU,actual_solar_generation,Solar,2026-08-27T00:57:27Z
2026-08-27T00:55:09Z,2026-08-27T02:55:09+0200,9e257938-0a8b-4b8b-95d2-ab80972bdbbd,2026-08-21T18:00:00Z,2026-08-21T20:00:00+0200,366.308,MW,DE,DE_LU,actual_solar_generation,Solar,2026-08-27T00:57:27Z
2026-08-27T00:55:09Z,2026-08-27T02:55:09+0200,9e257938-0a8b-4b8b-95d2-ab80972bdbbd,2026-08-21T18:15:00Z,2026-08-21T20:15:00+0200,115.969,MW,DE,DE_LU,actual_solar_generation,Solar,2026-08-27T00:57:27Z
2026-08-27T00:55:09Z,2026-08-27T02:55:09+0200,9e257938-0a8b-4b8b-95d2-ab80972bdbbd,2026-08-21T18:30:00Z,2026-08-21T20:30:00+0200,21.079,MW,DE,DE_LU,actual_solar_generation,Solar,2026-08-27T00:57:27Z
2026-08-27T00:55:09Z,2026-08-27T02:55:09+0200,9e257938-0a8b-4b8b-95d2-ab80972bdbbd,2026-08-21T18:45:00Z,2026-08-21T20:45:00+0200,1.714,MW,DE,DE_LU,actual_solar_generation,Solar,2026-08-27T00:57:27Z
2026-08-27T00:55:09Z,2026-08-27T02:55:09+0200,9e257938-0a8b-4b8b-95d2-ab80972bdbbd,2026-08-21T19:00:00Z,2026-08-21T21:00:00+0200,0.291,MW,DE,DE_LU,actual_solar_generation,Solar,2026-08-27T00:57:27Z
2026-08-27T00:55:09Z,2026-08-27T02:55:09+0200,9e257938-0a8b-4b8b-95d2-ab80972bdbbd,2026-08-21T19:15:00Z,2026-08-21T21:15:00+0200,0.211,MW,DE,DE_LU,actual_solar_generation,Solar,2026-08-27T00:57:27Z
2026-08-27T00:55:09Z,2026-08-27T02:55:09+0200,9e257938-0a8b-4b8b-95d2-ab80972bdbbd,2026-08-21T19:30:00Z,2026-08-21T21:30:00+0200,0.201,MW,DE,DE_LU,actual_solar_generation,Solar,2026-08-27T00:57:27Z
2026-08-27T00:55:09Z,2026-08-27T02:55:09+0200,9e257938-0a8b-4b8b-95d2-ab80972bdbbd,2026-08-21T19:45:00Z,2026-08-21T21:45:00+0200,0.175,MW,DE,DE_LU,actual_solar_generation,Solar,2026-08-27T00:57:27Z
2026-08-27T00:55:09Z,2026-08-27T02:55:09+0200,9e257938-0a8b-4b8b-95d2-ab80972bdbbd,2026-08-21T20:00:00Z,2026-08-21T22:00:00+0200,0.163,MW,DE,DE_LU,actual_solar_generation,Solar,2026-08-27T00:57:27Z
2026-08-27T00:55:09Z,2026-08-27T02:55:09+0200,9e257938-0a8b-4b8b-95d2-ab80972bdbbd,2026-08-21T20:15:00Z,2026-08-21T22:15:00+0200,0.161,MW,DE,DE_LU,actual_solar_generation,Solar,2026-08-27T00:57:27Z
2026-08-27T00:55:09Z,2026-08-27T02:55:09+0200,9e257938-0a8b-4b8b-95d2-ab80972bdbbd,2026-08-21T20:30:00Z,2026-08-21T22:30:00+0200,0.16,MW,DE,DE_LU,actual_solar_generation,Solar,2026-08-27T00:57:27Z
2026-08-27T00:55:09Z,2026-08-27T02:55:09+0200,9e257938-0a8b-4b8b-95d2-ab80972bdbbd,2026-08-21T20:45:00Z,2026-08-21T22:45:00+0200,0.145,MW,DE,DE_LU,actual_solar_generation,Solar,2026-08-27T00:57:27Z
2026-08-27T00:55:09Z,2026-08-27T02:55:09+0200,9e257938-0a8b-4b8b-95d2-ab80972bdbbd,2026-08-21T21:00:00Z,2026-08-21T23:00:00+0200,0.149,MW,DE,DE_LU,actual_solar_generation,Solar,2026-08-27T00:57:27Z
2026-08-27T00:55:09Z,2026-08-27T02:55:09+0200,9e257938-0a8b-4b8b-95d2-ab80972bdbbd,2026-08-21T21:15:00Z,2026-08-21T23:15:00+0200,0.131,MW,DE,DE_LU,actual_solar_generation,Solar,2026-08-27T00:57:27Z
2026-08-27T00:55:09Z,2026-08-27T02:55:09+0200,9e257938-0a8b-4b8b-95d2-ab80972bdbbd,2026-08-21T21:30:00Z,2026-08-21T23:30:00+0200,0.118,MW,DE,DE_LU,actual_solar_generation,Solar,2026-08-27T00:57:27Z
2026-08-27T00:55:09Z,2026-08-27T02:55:09+0200,9e257938-0a8b-4b8b-95d2-ab80972bdbbd,2026-08-21T21:45:00Z,2026-08-21T23:45:00+0200,0.124,MW,DE,DE_LU,actual_solar_generation,Solar,2026-08-27T00:57:27Z
2026-08-27T00:55:09Z,2026-08-27T02:55:09+0200,9e257938-0a8b-4b8b-95d2-ab80972bdbbd,2026-08-21T22:00:00Z,2026-08-22T00:00:00+0200,0.102,MW,DE,DE_LU,actual_solar_generation,Solar,2026-08-27T00:57:27Z
2026-08-27T00:55:09Z,2026-08-27T02:55:09+0200,9e257938-0a8b-4b8b-95d2-ab80972bdbbd,2026-08-21T22:15:00Z,2026-08-22T00:15:00+0200,0.105,MW,DE,DE_LU,actual_solar_generation,Solar,2026-08-27T00:57:27Z
2026-08-27T00:55:09Z,2026-08-27T02:55:09+0200,9e257938-0a8b-4b8b-95d2-ab80972bdbbd,2026-08-21T22:30:00Z,2026-08-22T00:30:00+0200,0.096,MW,DE,DE_LU,actual_solar_generation,Solar,2026-08-27T00:57:27Z
2026-08-27T00:55:09Z,2026-08-27T02:55:09+0200,9e257938-0a8b-4b8b-95d2-ab80972bdbbd,2026-08-21T22:45:00Z,2026-08-22T00:45:00+0200,0.086,MW,DE,DE_LU,actual_solar_generation,Solar,2026-08-27T00:57:27Z
2026-08-27T00:55:09Z,2026-08-27T02:55:09+0200,9e257938-0a8b-4b8b-95d2-ab80972bdbbd,2026-08-21T23:00:00Z,2026-08-22T01:00:00+0200,0.087,MW,DE,DE_LU,actual_solar_generation,Solar,2026-08-27T00:57:27Z
2026-08-27T00:55:09Z,2026-08-27T02:55:09+0200,9e257938-0a8b-4b8b-95d2-ab80972bdbbd,2026-08-21T23:15:00Z,2026-08-22T01:15:00+0200,0.092,MW,DE,DE_LU,actual_solar_generation,Solar,2026-08-27T00:57:27Z
2026-08-27T00:55:09Z,2026-08-27T02:55:09+0200,9e257938-0a8b-4b8b-95d2-ab80972bdbbd,2026-08-21T23:30:00Z,2026-08-22T01:30:00+0200,0.092,MW,DE,DE_LU,actual_solar_generation,Solar,2026-08-27T00:57:27Z
2026-08-27T00:55:09Z,2026-08-27T02:55:09+0200,9e257938-0a8b-4b8b-95d2-ab80972bdbbd,2026-08-21T23:45:00Z,2026-08-22T01:45:00+0200,0.08,MW,DE,DE_LU,actual_solar_generation,Solar,2026-08-27T00:57:27Z
2026-08-27T00:55:09Z,2026-08-27T02:55:09+0200,9e257938-0a8b-4b8b-95d2-ab80972bdbbd,2026-08-22T00:00:00Z,2026-08-22T02:00:00+0200,0.076,MW,DE,DE_LU,actual_solar_generation,Solar,2026-08-27T00:57:27Z
2026-08-27T00:55:09Z,2026-08-27T02:55:09+0200,9e257938-0a8b-4b8b-95d2-ab80972bdbbd,2026-08-22T00:15:00Z,2026-08-22T02:15:00+0200,0.078,MW,DE,DE_LU,actual_solar_generation,Solar,2026-08-27T00:57:27Z
2026-08-27T00:55:09Z,2026-08-27T02:55:09+0200,9e257938-0a8b-4b8b-95d2-ab80972bdbbd,2026-08-22T00:30:00Z,2026-08-22T02:30:00+0200,0.078,MW,DE,DE_LU,actual_solar_generation,Solar,2026-08-27T00:57:27Z
2026-08-27T00:55:09Z,2026-08-27T02:55:09+0200,9e257938-0a8b-4b8b-95d2-ab80972bdbbd,2026-08-22T00:45:00Z,2026-08-22T02:45:00+0200,0.083,MW,DE,DE_LU,actual_solar_generation,Solar,2026-08-27T00:57:27Z
2026-08-27T00:55:09Z,2026-08-27T02:55:09+0200,9e257938-0a8b-4b8b-95d2-ab80972bdbbd,2026-08-22T01:00:00Z,2026-08-22T03:00:00+0200,0.079,MW,DE,DE_LU,actual_solar_generation,Solar,2026-08-27T00:57:27Z
2026-08-27T00:55:09Z,2026-08-27T02:55:09+0200,9e257938-0a8b-4b8b-95d2-ab80972bdbbd,2026-08-22T01:15:00Z,2026-08-22T03:15:00+0200,0.076,MW,DE,DE_LU,actual_solar_generation,Solar,2026-08-27T00:57:27Z
2026-08-27T00:55:09Z,2026-08-27T02:55:09+0200,9e257938-0a8b-4b8b-95d2-ab80972bdbbd,2026-08-22T01:30:00Z,2026-08-22T03:30:00+0200,0.073,MW,DE,DE_LU,actual_solar_generation,Solar,2026-08-27T00:57:27Z
2026-08-27T00:55:09Z,2026-08-27T02:55:09+0200,9e257938-0a8b-4b8b-95d2-ab80972bdbbd,2026-08-22T01:45:00Z,2026-08-22T03:45:00+0200,0.076,MW,DE,DE_LU,actual_solar_generation,Solar,2026-08-27T00:57:27Z
2026-08-27T00:55:09Z,2026-08-27T02:55:09+0200,9e257938-0a8b-4b8b-95d2-ab80972bdbbd,2026-08-22T02:00:00Z,2026-08-22T04:00:00+0200,0.075,MW,DE,DE_LU,actual_solar_generation,Solar,2026-08-27T00:57:27Z
2026-08-27T00:55:09Z,2026-08-27T02:55:09+0200,9e257938-0a8b-4b8b-95d2-ab80972bdbbd,2026-08-22T02:15:00Z,2026-08-22T04:15:00+0200,0.072,MW,DE,DE_LU,actual_solar_generation,Solar,2026-08-27T00:57:27Z
2026-08-27T00:55:09Z,2026-08-27T02:55:09+0200,9e257938-0a8b-4b8b-95d2-ab80972bdbbd,2026-08-22T02:30:00Z,2026-08-22T04:30:00+0200,0.059,MW,DE,DE_LU,actual_solar_generation,Solar,2026-08-27T00:57:27Z
2026-08-27T00:55:09Z,2026-08-27T02:55:09+0200,9e257938-0a8b-4b8b-95d2-ab80972bdbbd,2026-08-22T02:45:00Z,2026-08-22T04:45:00+0200,0.064,MW,DE,DE_LU,actual_solar_generation,Solar,2026-08-27T00:57:27Z
2026-08-27T00:55:09Z,2026-08-27T02:55:09+0200,9e257938-0a8b-4b8b-95d2-ab80972bdbbd,2026-08-22T03:00:00Z,2026-08-22T05:00:00+0200,0.072,MW,DE,DE_LU,actual_solar_generation,Solar,2026-08-27T00:57:27Z
2026-08-27T00:55:09Z,2026-08-27T02:55:09+0200,9e257938-0a8b-4b8b-95d2-ab80972bdbbd,2026-08-22T03:15:00Z,2026-08-22T05:15:00+0200,0.069,MW,DE,DE_LU,actual_solar_generation,Solar,2026-08-27T00:57:27Z
2026-08-27T00:55:09Z,2026-08-27T02:55:09+0200,9e257938-0a8b-4b8b-95d2-ab80972bdbbd,2026-08-22T03:30:00Z,2026-08-22T05:30:00+0200,0.057,MW,DE,DE_LU,actual_solar_generation,Solar,2026-08-27T00:57:27Z
2026-08-27T00:55:09Z,2026-08-27T02:55:09+0200,9e257938-0a8b-4b8b-95d2-ab80972bdbbd,2026-08-22T03:45:00Z,2026-08-22T05:45:00+0200,0.217,MW,DE,DE_LU,actual_solar_generation,Solar,2026-08-27T00:57:27Z
2026-08-27T00:55:09Z,2026-08-27T02:55:09+0200,9e257938-0a8b-4b8b-95d2-ab80972bdbbd,2026-08-22T04:00:00Z,2026-08-22T06:00:00+0200,6.826,MW,DE,DE_LU,actual_solar_generation,Solar,2026-08-27T00:57:27Z
2026-08-27T00:55:09Z,2026-08-27T02:55:09+0200,9e257938-0a8b-4b8b-95d2-ab80972bdbbd,2026-08-22T04:15:00Z,2026-08-22T06:15:00+0200,91.173,MW,DE,DE_LU,actual_solar_generation,Solar,2026-08-27T00:57:27Z
2026-08-27T00:55:09Z,2026-08-27T02:55:09+0200,9e257938-0a8b-4b8b-95d2-ab80972bdbbd,2026-08-22T04:30:00Z,2026-08-22T06:30:00+0200,461.168,MW,DE,DE_LU,actual_solar_generation,Solar,2026-08-27T00:57:27Z
2026-08-27T00:55:09Z,2026-08-27T02:55:09+0200,9e257938-0a8b-4b8b-95d2-ab80972bdbbd,2026-08-22T04:45:00Z,2026-08-22T06:45:00+0200,1171.692,MW,DE,DE_LU,actual_solar_generation,Solar,2026-08-27T00:57:27Z
2026-08-27T00:55:09Z,2026-08-27T02:55:09+0200,9e257938-0a8b-4b8b-95d2-ab80972bdbbd,2026-08-22T05:00:00Z,2026-08-22T07:00:00+0200,2117.36,MW,DE,DE_LU,actual_solar_generation,Solar,2026-08-27T00:57:27Z
2026-08-27T00:55:09Z,2026-08-27T02:55:09+0200,9e257938-0a8b-4b8b-95d2-ab80972bdbbd,2026-08-22T05:15:00Z,2026-08-22T07:15:00+0200,3340.466,MW,DE,DE_LU,actual_solar_generation,Solar,2026-08-27T00:57:27Z
2026-08-27T00:55:09Z,2026-08-27T02:55:09+0200,9e257938-0a8b-4b8b-95d2-ab80972bdbbd,2026-08-22T05:30:00Z,2026-08-22T07:30:00+0200,4723.705,MW,DE,DE_LU,actual_solar_generation,Solar,2026-08-27T00:57:27Z
2026-08-27T00:55:09Z,2026-08-27T02:55:09+0200,9e257938-0a8b-4b8b-95d2-ab80972bdbbd,2026-08-22T05:45:00Z,2026-08-22T07:45:00+0200,6416.174,MW,DE,DE_LU,actual_solar_generation,Solar,2026-08-27T00:57:27Z
2026-08-27T00:55:09Z,2026-08-27T02:55:09+0200,9e257938-0a8b-4b8b-95d2-ab80972bdbbd,2026-08-22T06:00:00Z,2026-08-22T08:00:00+0200,8344.587,MW,DE,DE_LU,actual_solar_generation,Solar,2026-08-27T00:57:27Z
2026-08-27T00:55:09Z,2026-08-27T02:55:09+0200,9e257938-0a8b-4b8b-95d2-ab80972bdbbd,2026-08-22T06:15:00Z,2026-08-22T08:15:00+0200,10366.254,MW,DE,DE_LU,actual_solar_generation,Solar,2026-08-27T00:57:27Z
2026-08-27T00:55:09Z,2026-08-27T02:55:09+0200,9e257938-0a8b-4b8b-95d2-ab80972bdbbd,2026-08-22T06:30:00Z,2026-08-22T08:30:00+0200,12511.182,MW,DE,DE_LU,actual_solar_generation,Solar,2026-08-27T00:57:27Z
2026-08-27T00:55:09Z,2026-08-27T02:55:09+0200,9e257938-0a8b-4b8b-95d2-ab80972bdbbd,2026-08-22T06:45:00Z,2026-08-22T08:45:00+0200,14790.467,MW,DE,DE_LU,actual_solar_generation,Solar,2026-08-27T00:57:27Z
2026-08-27T00:55:09Z,2026-08-27T02:55:09+0200,9e257938-0a8b-4b8b-95d2-ab80972bdbbd,2026-08-22T07:00:00Z,2026-08-22T09:00:00+0200,17104.363,MW,DE,DE_LU,actual_solar_generation,Solar,2026-08-27T00:57:27Z
2026-08-27T00:55:09Z,2026-08-27T02:55:09+0200,9e257938-0a8b-4b8b-95d2-ab80972bdbbd,2026-08-22T07:15:00Z,2026-08-22T09:15:00+0200,19439.925,MW,DE,DE_LU,actual_solar_generation,Solar,2026-08-27T00:57:27Z
2026-08-27T00:55:09Z,2026-08-27T02:55:09+0200,9e257938-0a8b-4b8b-95d2-ab80972bdbbd,2026-08-22T07:30:00Z,2026-08-22T09:30:00+0200,22018.865,MW,DE,DE_LU,actual_solar_generation,Solar,2026-08-27T00:57:27Z
2026-08-27T00:55:09Z,2026-08-27T02:55:09+0200,9e257938-0a8b-4b8b-95d2-ab80972bdbbd,2026-08-22T07:45:00Z,2026-08-22T09:45:00+0200,23980.873,MW,DE,DE_LU,actual_solar_generation,Solar,2026-08-27T00:57:27Z
2026-08-27T00:55:09Z,2026-08-27T02:55:09+0200,9e257938-0a8b-4b8b-95d2-ab80972bdbbd,2026-08-22T08:00:00Z,2026-08-22T10:00:00+0200,25850.773,MW,DE,DE_LU,actual_solar_generation,Solar,2026-08-27T00:57:27Z
2026-08-27T00:55:09Z,2026-08-27T02:55:09+0200,9e257938-0a8b-4b8b-95d2-ab80972bdbbd,2026-08-22T08:15:00Z,2026-08-22T10:15:00+0200,27396.453,MW,DE,DE_LU,actual_solar_generation,Solar,2026-08-27T00:57:27Z
2026-08-27T00:55:09Z,2026-08-27T02:55:09+0200,9e257938-0a8b-4b8b-95d2-ab80972bdbbd,2026-08-22T08:30:00Z,2026-08-22T10:30:00+0200,28523.778,MW,DE,DE_LU,actual_solar_generation,Solar,2026-08-27T00:57:27Z
2026-08-27T00:55:09Z,2026-08-27T02:55:09+0200,9e257938-0a8b-4b8b-95d2-ab80972bdbbd,2026-08-22T08:45:00Z,2026-08-22T10:45:00+0200,29479.375,MW,DE,DE_LU,actual_solar_generation,Solar,2026-08-27T00:57:27Z
2026-08-27T00:55:09Z,2026-08-27T02:55:09+0200,9e257938-0a8b-4b8b-95d2-ab80972bdbbd,2026-08-22T09:00:00Z,2026-08-22T11:00:00+0200,30264.301,MW,DE,DE_LU,actual_solar_generation,Solar,2026-08-27T00:57:27Z
2026-08-27T00:55:09Z,2026-08-27T02:55:09+0200,9e257938-0a8b-4b8b-95d2-ab80972bdbbd,2026-08-22T09:15:00Z,2026-08-22T11:15:00+0200,31338.524,MW,DE,DE_LU,actual_solar_generation,Solar,2026-08-27T00:57:27Z
2026-08-27T00:55:09Z,2026-08-27T02:55:09+0200,9e257938-0a8b-4b8b-95d2-ab80972bdbbd,2026-08-22T09:30:00Z,2026-08-22T11:30:00+0200,32480.546,MW,DE,DE_LU,actual_solar_generation,Solar,2026-08-27T00:57:27Z
2026-08-27T00:55:09Z,2026-08-27T02:55:09+0200,9e257938-0a8b-4b8b-95d2-ab80972bdbbd,2026-08-22T09:45:00Z,2026-08-22T11:45:00+0200,33603.699,MW,DE,DE_LU,actual_solar_generation,Solar,2026-08-27T00:57:27Z
2026-08-27T00:55:09Z,2026-08-27T02:55:09+0200,9e257938-0a8b-4b8b-95d2-ab80972bdbbd,2026-08-22T10:00:00Z,2026-08-22T12:00:00+0200,34268.347,MW,DE,DE_LU,actual_solar_generation,Solar,2026-08-27T00:57:27Z
2026-08-27T00:55:09Z,2026-08-27T02:55:09+0200,9e257938-0a8b-4b8b-95d2-ab80972bdbbd,2026-08-22T10:15:00Z,2026-08-22T12:15:00+0200,34801.397,MW,DE,DE_LU,actual_solar_generation,Solar,2026-08-27T00:57:27Z
2026-08-27T00:55:09Z,2026-08-27T02:55:09+0200,9e257938-0a8b-4b8b-95d2-ab80972bdbbd,2026-08-22T10:30:00Z,2026-08-22T12:30:00+0200,35538.945,MW,DE,DE_LU,actual_solar_generation,Solar,2026-08-27T00:57:27Z
2026-08-27T00:55:09Z,2026-08-27T02:55:09+0200,9e257938-0a8b-4b8b-95d2-ab80972bdbbd,2026-08-22T10:45:00Z,2026-08-22T12:45:00+0200,35602.755,MW,DE,DE_LU,actual_solar_generation,Solar,2026-08-27T00:57:27Z
2026-08-27T00:55:09Z,2026-08-27T02:55:09+0200,9e257938-0a8b-4b8b-95d2-ab80972bdbbd,2026-08-22T11:00:00Z,2026-08-22T13:00:00+0200,35084.127,MW,DE,DE_LU,actual_solar_generation,Solar,2026-08-27T00:57:27Z
2026-08-27T00:55:09Z,2026-08-27T02:55:09+0200,9e257938-0a8b-4b8b-95d2-ab80972bdbbd,2026-08-22T11:15:00Z,2026-08-22T13:15:00+0200,36047.34,MW,DE,DE_LU,actual_solar_generation,Solar,2026-08-27T00:57:27Z
2026-08-27T00:55:09Z,2026-08-27T02:55:09+0200,9e257938-0a8b-4b8b-95d2-ab80972bdbbd,2026-08-22T11:30:00Z,2026-08-22T13:30:00+0200,34998.183,MW,DE,DE_LU,actual_solar_generation,Solar,2026-08-27T00:57:27Z
2026-08-27T00:55:09Z,2026-08-27T02:55:09+0200,9e257938-0a8b-4b8b-95d2-ab80972bdbbd,2026-08-22T11:45:00Z,2026-08-22T13:45:00+0200,34963.037,MW,DE,DE_LU,actual_solar_generation,Solar,2026-08-27T00:57:27Z
2026-08-27T00:55:09Z,2026-08-27T02:55:09+0200,9e257938-0a8b-4b8b-95d2-ab80972bdbbd,2026-08-22T12:00:00Z,2026-08-22T14:00:00+0200,35137.09,MW,DE,DE_LU,actual_solar_generation,Solar,2026-08-27T00:57:27Z
2026-08-27T00:55:09Z,2026-08-27T02:55:09+0200,9e257938-0a8b-4b8b-95d2-ab80972bdbbd,2026-08-22T12:15:00Z,2026-08-22T14:15:00+0200,34965.622,MW,DE,DE_LU,actual_solar_generation,Solar,2026-08-27T00:57:27Z
2026-08-27T00:55:09Z,2026-08-27T02:55:09+0200,9e257938-0a8b-4b8b-95d2-ab80972bdbbd,2026-08-22T12:30:00Z,2026-08-22T14:30:00+0200,34616.608,MW,DE,DE_LU,actual_solar_generation,Solar,2026-08-27T00:57:27Z
2026-08-27T00:55:09Z,2026-08-27T02:55:09+0200,9e257938-0a8b-4b8b-95d2-ab80972bdbbd,2026-08-22T12:45:00Z,2026-08-22T14:45:00+0200,34037.863,MW,DE,DE_LU,actual_solar_generation,Solar,2026-08-27T00:57:27Z
2026-08-27T00:55:09Z,2026-08-27T02:55:09+0200,9e257938-0a8b-4b8b-95d2-ab80972bdbbd,2026-08-22T13:00:00Z,2026-08-22T15:00:00+0200,33021.529,MW,DE,DE_LU,actual_solar_generation,Solar,2026-08-27T00:57:27Z
2026-08-27T00:55:09Z,2026-08-27T02:55:09+0200,9e257938-0a8b-4b8b-95d2-ab80972bdbbd,2026-08-22T13:15:00Z,2026-08-22T15:15:00+0200,32316.743,MW,DE,DE_LU,actual_solar_generation,Solar,2026-08-27T00:57:27Z
2026-08-27T00:55:09Z,2026-08-27T02:55:09+0200,9e257938-0a8b-4b8b-95d2-ab80972bdbbd,2026-08-22T13:30:00Z,2026-08-22T15:30:00+0200,31551.832,MW,DE,DE_LU,actual_solar_generation,Solar,2026-08-27T00:57:27Z
2026-08-27T00:55:09Z,2026-08-27T02:55:09+0200,9e257938-0a8b-4b8b-95d2-ab80972bdbbd,2026-08-22T13:45:00Z,2026-08-22T15:45:00+0200,30627.27,MW,DE,DE_LU,actual_solar_generation,Solar,2026-08-27T00:57:27Z
2026-08-27T00:55:09Z,2026-08-27T02:55:09+0200,9e257938-0a8b-4b8b-95d2-ab80972bdbbd,2026-08-22T14:00:00Z,2026-08-22T16:00:00+0200,29667.608,MW,DE,DE_LU,actual_solar_generation,Solar,2026-08-27T00:57:27Z
2026-08-27T00:55:09Z,2026-08-27T02:55:09+0200,9e257938-0a8b-4b8b-95d2-ab80972bdbbd,2026-08-22T14:15:00Z,2026-08-22T16:15:00+0200,29507.369,MW,DE,DE_LU,actual_solar_generation,Solar,2026-08-27T00:57:27Z
2026-08-27T00:55:09Z,2026-08-27T02:55:09+0200,9e257938-0a8b-4b8b-95d2-ab80972bdbbd,2026-08-22T14:30:00Z,2026-08-22T16:30:00+0200,28112.663,MW,DE,DE_LU,actual_solar_generation,Solar,2026-08-27T00:57:27Z
2026-08-27T00:55:09Z,2026-08-27T02:55:09+0200,9e257938-0a8b-4b8b-95d2-ab80972bdbbd,2026-08-22T14:45:00Z,2026-08-22T16:45:00+0200,25678.31,MW,DE,DE_LU,actual_solar_generation,Solar,2026-08-27T00:57:27Z
2026-08-27T00:55:09Z,2026-08-27T02:55:09+0200,9e257938-0a8b-4b8b-95d2-ab80972bdbbd,2026-08-22T15:00:00Z,2026-08-22T17:00:00+0200,24351.585,MW,DE,DE_LU,actual_solar_generation,Solar,2026-08-27T00:57:27Z
2026-08-27T00:55:09Z,2026-08-27T02:55:09+0200,9e257938-0a8b-4b8b-95d2-ab80972bdbbd,2026-08-22T15:15:00Z,2026-08-22T17:15:00+0200,22236.991,MW,DE,DE_LU,actual_solar_generation,Solar,2026-08-27T00:57:27Z
2026-08-27T00:55:09Z,2026-08-27T02:55:09+0200,9e257938-0a8b-4b8b-95d2-ab80972bdbbd,2026-08-22T15:30:00Z,2026-08-22T17:30:00+0200,20639.186,MW,DE,DE_LU,actual_solar_generation,Solar,2026-08-27T00:57:27Z
2026-08-27T00:55:09Z,2026-08-27T02:55:09+0200,9e257938-0a8b-4b8b-95d2-ab80972bdbbd,2026-08-22T15:45:00Z,2026-08-22T17:45:00+0200,18533.063,MW,DE,DE_LU,actual_solar_generation,Solar,2026-08-27T00:57:27Z
2026-08-27T00:55:09Z,2026-08-27T02:55:09+0200,9e257938-0a8b-4b8b-95d2-ab80972bdbbd,2026-08-22T16:00:00Z,2026-08-22T18:00:00+0200,16205.356,MW,DE,DE_LU,actual_solar_generation,Solar,2026-08-27T00:57:27Z
2026-08-27T00:55:09Z,2026-08-27T02:55:09+0200,9e257938-0a8b-4b8b-95d2-ab80972bdbbd,2026-08-22T16:15:00Z,2026-08-22T18:15:00+0200,13741.744,MW,DE,DE_LU,actual_solar_generation,Solar,2026-08-27T00:57:27Z
2026-08-27T00:55:09Z,2026-08-27T02:55:09+0200,9e257938-0a8b-4b8b-95d2-ab80972bdbbd,2026-08-22T16:30:00Z,2026-08-22T18:30:00+0200,11027.49,MW,DE,DE_LU,actual_solar_generation,Solar,2026-08-27T00:57:27Z
2026-08-27T00:55:09Z,2026-08-27T02:55:09+0200,9e257938-0a8b-4b8b-95d2-ab80972bdbbd,2026-08-22T16:45:00Z,2026-08-22T18:45:00+0200,8566.761,MW,DE,DE_LU,actual_solar_generation,Solar,2026-08-27T00:57:27Z
2026-08-27T00:55:09Z,2026-08-27T02:55:09+0200,9e257938-0a8b-4b8b-95d2-ab80972bdbbd,2026-08-22T17:00:00Z,2026-08-22T19:00:00+0200,6261.467,MW,DE,DE_LU,actual_solar_generation,Solar,2026-08-27T00:57:27Z
2026-08-27T00:55:09Z,2026-08-27T02:55:09+0200,9e257938-0a8b-4b8b-95d2-ab80972bdbbd,2026-08-22T17:15:00Z,2026-08-22T19:15:00+0200,4258.872,MW,DE,DE_LU,actual_solar_generation,Solar,2026-08-27T00:57:27Z
2026-08-27T00:55:09Z,2026-08-27T02:55:09+0200,9e257938-0a8b-4b8b-95d2-ab80972bdbbd,2026-08-22T17:30:00Z,2026-08-22T19:30:00+0200,2619.969,MW,DE,DE_LU,actual_solar_generation,Solar,2026-08-27T00:57:27Z
2026-08-27T00:55:09Z,2026-08-27T02:55:09+0200,9e257938-0a8b-4b8b-95d2-ab80972bdbbd,2026-08-22T17:45:00Z,2026-08-22T19:45:00+0200,1407.345,MW,DE,DE_LU,actual_solar_generation,Solar,2026-08-27T00:57:27Z
2026-08-27T00:55:09Z,2026-08-27T02:55:09+0200,9e257938-0a8b-4b8b-95d2-ab80972bdbbd,2026-08-22T18:00:00Z,2026-08-22T20:00:00+0200,543.543,MW,DE,DE_LU,actual_solar_generation,Solar,2026-08-27T00:57:27Z
2026-08-27T00:55:09Z,2026-08-27T02:55:09+0200,9e257938-0a8b-4b8b-95d2-ab80972bdbbd,2026-08-22T18:15:00Z,2026-08-22T20:15:00+0200,125.999,MW,DE,DE_LU,actual_solar_generation,Solar,2026-08-27T00:57:27Z
2026-08-27T00:55:09Z,2026-08-27T02:55:09+0200,9e257938-0a8b-4b8b-95d2-ab80972bdbbd,2026-08-22T18:30:00Z,2026-08-22T20:30:00+0200,14.654,MW,DE,DE_LU,actual_solar_generation,Solar,2026-08-27T00:57:27Z
2026-08-27T00:55:09Z,2026-08-27T02:55:09+0200,9e257938-0a8b-4b8b-95d2-ab80972bdbbd,2026-08-22T18:45:00Z,2026-08-22T20:45:00+0200,1.154,MW,DE,DE_LU,actual_solar_generation,Solar,2026-08-27T00:57:27Z
2026-08-27T00:55:09Z,2026-08-27T02:55:09+0200,9e257938-0a8b-4b8b-95d2-ab80972bdbbd,2026-08-22T19:00:00Z,2026-08-22T21:00:00+0200,0.336,MW,DE,DE_LU,actual_solar_generation,Solar,2026-08-27T00:57:27Z
2026-08-27T00:55:09Z,2026-08-27T02:55:09+0200,9e257938-0a8b-4b8b-95d2-ab80972bdbbd,2026-08-22T19:15:00Z,2026-08-22T21:15:00+0200,0.307,MW,DE,DE_LU,actual_solar_generation,Solar,2026-08-27T00:57:27Z
2026-08-27T00:55:09Z,2026-08-27T02:55:09+0200,9e257938-0a8b-4b8b-95d2-ab80972bdbbd,2026-08-22T19:30:00Z,2026-08-22T21:30:00+0200,0.266,MW,DE,DE_LU,actual_solar_generation,Solar,2026-08-27T00:57:27Z
2026-08-27T00:55:09Z,2026-08-27T02:55:09+0200,9e257938-0a8b-4b8b-95d2-ab80972bdbbd,2026-08-22T19:45:00Z,2026-08-22T21:45:00+0200,0.246,MW,DE,DE_LU,actual_solar_generation,Solar,2026-08-27T00:57:27Z
2026-08-27T00:55:09Z,2026-08-27T02:55:09+0200,9e257938-0a8b-4b8b-95d2-ab80972bdbbd,2026-08-22T20:00:00Z,2026-08-22T22:00:00+0200,0.265,MW,DE,DE_LU,actual_solar_generation,Solar,2026-08-27T00:57:27Z
2026-08-27T00:55:09Z,2026-08-27T02:55:09+0200,9e257938-0a8b-4b8b-95d2-ab80972bdbbd,2026-08-22T20:15:00Z,2026-08-22T22:15:00+0200,0.228,MW,DE,DE_LU,actual_solar_generation,Solar,2026-08-27T00:57:27Z
2026-08-27T00:55:09Z,2026-08-27T02:55:09+0200,9e257938-0a8b-4b8b-95d2-ab80972bdbbd,2026-08-22T20:30:00Z,2026-08-22T22:30:00+0200,0.187,MW,DE,DE_LU,actual_solar_generation,Solar,2026-08-27T00:57:27Z
2026-08-27T00:55:09Z,2026-08-27T02:55:09+0200,9e257938-0a8b-4b8b-95d2-ab80972bdbbd,2026-08-22T20:45:00Z,2026-08-22T22:45:00+0200,0.183,MW,DE,DE_LU,actual_solar_generation,Solar,2026-08-27T00:57:27Z
2026-08-27T00:55:09Z,2026-08-27T02:55:09+0200,9e257938-0a8b-4b8b-95d2-ab80972bdbbd,2026-08-22T21:00:00Z,2026-08-22T23:00:00+0200,0.191,MW,DE,DE_LU,actual_solar_generation,Solar,2026-08-27T00:57:27Z
2026-08-27T00:55:09Z,2026-08-27T02:55:09+0200,9e257938-0a8b-4b8b-95d2-ab80972bdbbd,2026-08-22T21:15:00Z,2026-08-22T23:15:00+0200,0.169,MW,DE,DE_LU,actual_solar_generation,Solar,2026-08-27T00:57:27Z
2026-08-27T00:55:09Z,2026-08-27T02:55:09+0200,9e257938-0a8b-4b8b-95d2-ab80972bdbbd,2026-08-22T21:30:00Z,2026-08-22T23:30:00+0200,0.156,MW,DE,DE_LU,actual_solar_generation,Solar,2026-08-27T00:57:27Z
2026-08-27T00:55:09Z,2026-08-27T02:55:09+0200,9e257938-0a8b-4b8b-95d2-ab80972bdbbd,2026-08-22T21:45:00Z,2026-08-22T23:45:00+0200,0.145,MW,DE,DE_LU,actual_solar_generation,Solar,2026-08-27T00:57:27Z
2026-08-27T00:55:09Z,2026-08-27T02:55:09+0200,9e257938-0a8b-4b8b-95d2-ab80972bdbbd,2026-08-22T22:00:00Z,2026-08-23T00:00:00+0200,0.127,MW,DE,DE_LU,actual_solar_generation,Solar,2026-08-27T00:57:27Z
2026-08-27T00:55:09Z,2026-08-27T02:55:09+0200,9e257938-0a8b-4b8b-95d2-ab80972bdbbd,2026-08-22T22:15:00Z,2026-08-23T00:15:00+0200,0.113,MW,DE,DE_LU,actual_solar_generation,Solar,2026-08-27T00:57:27Z
2026-08-27T00:55:09Z,2026-08-27T02:55:09+0200,9e257938-0a8b-4b8b-95d2-ab80972bdbbd,2026-08-22T22:30:00Z,2026-08-23T00:30:00+0200,0.117,MW,DE,DE_LU,actual_solar_generation,Solar,2026-08-27T00:57:27Z
2026-08-27T00:55:09Z,2026-08-27T02:55:09+0200,9e257938-0a8b-4b8b-95d2-ab80972bdbbd,2026-08-22T22:45:00Z,2026-08-23T00:45:00+0200,0.104,MW,DE,DE_LU,actual_solar_generation,Solar,2026-08-27T00:57:27Z
2026-08-27T00:55:09Z,2026-08-27T02:55:09+0200,9e257938-0a8b-4b8b-95d2-ab80972bdbbd,2026-08-22T23:00:00Z,2026-08-23T01:00:00+0200,0.109,MW,DE,DE_LU,actual_solar_generation,Solar,2026-08-27T00:57:27Z
2026-08-27T00:55:09Z,2026-08-27T02:55:09+0200,9e257938-0a8b-4b8b-95d2-ab80972bdbbd,2026-08-22T23:15:00Z,2026-08-23T01:15:00+0200,0.102,MW,DE,DE_LU,actual_solar_generation,Solar,2026-08-27T00:57:27Z
2026-08-27T00:55:09Z,2026-08-27T02:55:09+0200,9e257938-0a8b-4b8b-95d2-ab80972bdbbd,2026-08-22T23:30:00Z,2026-08-23T01:30:00+0200,0.094,MW,DE,DE_LU,actual_solar_generation,Solar,2026-08-27T00:57:27Z
2026-08-27T00:55:09Z,2026-08-27T02:55:09+0200,9e257938-0a8b-4b8b-95d2-ab80972bdbbd,2026-08-22T23:45:00Z,2026-08-23T01:45:00+0200,0.099,MW,DE,DE_LU,actual_solar_generation,Solar,2026-08-27T00:57:27Z
2026-08-27T00:55:09Z,2026-08-27T02:55:09+0200,9e257938-0a8b-4b8b-95d2-ab80972bdbbd,2026-08-23T00:00:00Z,2026-08-23T02:00:00+0200,0.085,MW,DE,DE_LU,actual_solar_generation,Solar,2026-08-27T00:57:27Z
2026-08-27T00:55:09Z,2026-08-27T02:55:09+0200,9e257938-0a8b-4b8b-95d2-ab80972bdbbd,2026-08-23T00:15:00Z,2026-08-23T02:15:00+0200,0.078,MW,DE,DE_LU,actual_solar_generation,Solar,2026-08-27T00:57:27Z
2026-08-27T00:55:09Z,2026-08-27T02:55:09+0200,9e257938-0a8b-4b8b-95d2-ab80972bdbbd,2026-08-23T00:30:00Z,2026-08-23T02:30:00+0200,0.071,MW,DE,DE_LU,actual_solar_generation,Solar,2026-08-27T00:57:27Z
2026-08-27T00:55:09Z,2026-08-27T02:55:09+0200,9e257938-0a8b-4b8b-95d2-ab80972bdbbd,2026-08-23T00:45:00Z,2026-08-23T02:45:00+0200,0.07,MW,DE,DE_LU,actual_solar_generation,Solar,2026-08-27T00:57:27Z
2026-08-27T00:55:09Z,2026-08-27T02:55:09+0200,9e257938-0a8b-4b8b-95d2-ab80972bdbbd,2026-08-23T01:00:00Z,2026-08-23T03:00:00+0200,0.073,MW,DE,DE_LU,actual_solar_generation,Solar,2026-08-27T00:57:27Z
2026-08-27T00:55:09Z,2026-08-27T02:55:09+0200,9e257938-0a8b-4b8b-95d2-ab80972bdbbd,2026-08-23T01:15:00Z,2026-08-23T03:15:00+0200,0.071,MW,DE,DE_LU,actual_solar_generation,Solar,2026-08-27T00:57:27Z
2026-08-27T00:55:09Z,2026-08-27T02:55:09+0200,9e257938-0a8b-4b8b-95d2-ab80972bdbbd,2026-08-23T01:30:00Z,2026-08-23T03:30:00+0200,0.071,MW,DE,DE_LU,actual_solar_generation,Solar,2026-08-27T00:57:27Z
2026-08-27T00:55:09Z,2026-08-27T02:55:09+0200,9e257938-0a8b-4b8b-95d2-ab80972bdbbd,2026-08-23T01:45:00Z,2026-08-23T03:45:00+0200,0.07,MW,DE,DE_LU,actual_solar_generation,Solar,2026-08-27T00:57:27Z
2026-08-27T00:55:09Z,2026-08-27T02:55:09+0200,9e257938-0a8b-4b8b-95d2-ab80972bdbbd,2026-08-23T02:00:00Z,2026-08-23T04:00:00+0200,0.07,MW,DE,DE_LU,actual_solar_generation,Solar,2026-08-27T00:57:27Z
2026-08-27T00:55:09Z,2026-08-27T02:55:09+0200,9e257938-0a8b-4b8b-95d2-ab80972bdbbd,2026-08-23T02:15:00Z,2026-08-23T04:15:00+0200,0.067,MW,DE,DE_LU,actual_solar_generation,Solar,2026-08-27T00:57:27Z
2026-08-27T00:55:09Z,2026-08-27T02:55:09+0200,9e257938-0a8b-4b8b-95d2-ab80972bdbbd,2026-08-23T02:30:00Z,2026-08-23T04:30:00+0200,0.075,MW,DE,DE_LU,actual_solar_generation,Solar,2026-08-27T00:57:27Z
2026-08-27T00:55:09Z,2026-08-27T02:55:09+0200,9e257938-0a8b-4b8b-95d2-ab80972bdbbd,2026-08-23T02:45:00Z,2026-08-23T04:45:00+0200,0.064,MW,DE,DE_LU,actual_solar_generation,Solar,2026-08-27T00:57:27Z
2026-08-27T00:55:09Z,2026-08-27T02:55:09+0200,9e257938-0a8b-4b8b-95d2-ab80972bdbbd,2026-08-23T03:00:00Z,2026-08-23T05:00:00+0200,0.058,MW,DE,DE_LU,actual_solar_generation,Solar,2026-08-27T00:57:27Z
2026-08-27T00:55:09Z,2026-08-27T02:55:09+0200,9e257938-0a8b-4b8b-95d2-ab80972bdbbd,2026-08-23T03:15:00Z,2026-08-23T05:15:00+0200,0.062,MW,DE,DE_LU,actual_solar_generation,Solar,2026-08-27T00:57:27Z
2026-08-27T00:55:09Z,2026-08-27T02:55:09+0200,9e257938-0a8b-4b8b-95d2-ab80972bdbbd,2026-08-23T03:30:00Z,2026-08-23T05:30:00+0200,0.068,MW,DE,DE_LU,actual_solar_generation,Solar,2026-08-27T00:57:27Z
2026-08-27T00:55:09Z,2026-08-27T02:55:09+0200,9e257938-0a8b-4b8b-95d2-ab80972bdbbd,2026-08-23T03:45:00Z,2026-08-23T05:45:00+0200,0.502,MW,DE,DE_LU,actual_solar_generation,Solar,2026-08-27T00:57:27Z
2026-08-27T00:55:09Z,2026-08-27T02:55:09+0200,9e257938-0a8b-4b8b-95d2-ab80972bdbbd,2026-08-23T04:00:00Z,2026-08-23T06:00:00+0200,12.09,MW,DE,DE_LU,actual_solar_generation,Solar,2026-08-27T00:57:27Z
2026-08-27T00:55:09Z,2026-08-27T02:55:09+0200,9e257938-0a8b-4b8b-95d2-ab80972bdbbd,2026-08-23T04:15:00Z,2026-08-23T06:15:00+0200,126.007,MW,DE,DE_LU,actual_solar_generation,Solar,2026-08-27T00:57:27Z
2026-08-27T00:55:09Z,2026-08-27T02:55:09+0200,9e257938-0a8b-4b8b-95d2-ab80972bdbbd,2026-08-23T04:30:00Z,2026-08-23T06:30:00+0200,630.445,MW,DE,DE_LU,actual_solar_generation,Solar,2026-08-27T00:57:27Z
2026-08-27T00:55:09Z,2026-08-27T02:55:09+0200,9e257938-0a8b-4b8b-95d2-ab80972bdbbd,2026-08-23T04:45:00Z,2026-08-23T06:45:00+0200,1693.186,MW,DE,DE_LU,actual_solar_generation,Solar,2026-08-27T00:57:27Z
2026-08-27T00:55:09Z,2026-08-27T02:55:09+0200,9e257938-0a8b-4b8b-95d2-ab80972bdbbd,2026-08-23T05:00:00Z,2026-08-23T07:00:00+0200,3046.946,MW,DE,DE_LU,actual_solar_generation,Solar,2026-08-27T00:57:27Z
2026-08-27T00:55:09Z,2026-08-27T02:55:09+0200,9e257938-0a8b-4b8b-95d2-ab80972bdbbd,2026-08-23T05:15:00Z,2026-08-23T07:15:00+0200,4747.975,MW,DE,DE_LU,actual_solar_generation,Solar,2026-08-27T00:57:27Z
2026-08-27T00:55:09Z,2026-08-27T02:55:09+0200,9e257938-0a8b-4b8b-95d2-ab80972bdbbd,2026-08-23T05:30:00Z,2026-08-23T07:30:00+0200,6893.079,MW,DE,DE_LU,actual_solar_generation,Solar,2026-08-27T00:57:27Z
2026-08-27T00:55:09Z,2026-08-27T02:55:09+0200,9e257938-0a8b-4b8b-95d2-ab80972bdbbd,2026-08-23T05:45:00Z,2026-08-23T07:45:00+0200,9337.38,MW,DE,DE_LU,actual_solar_generation,Solar,2026-08-27T00:57:27Z
2026-08-27T00:55:09Z,2026-08-27T02:55:09+0200,9e257938-0a8b-4b8b-95d2-ab80972bdbbd,2026-08-23T06:00:00Z,2026-08-23T08:00:00+0200,12039.337,MW,DE,DE_LU,actual_solar_generation,Solar,2026-08-27T00:57:27Z
2026-08-27T00:55:09Z,2026-08-27T02:55:09+0200,9e257938-0a8b-4b8b-95d2-ab80972bdbbd,2026-08-23T06:15:00Z,2026-08-23T08:15:00+0200,14954.934,MW,DE,DE_LU,actual_solar_generation,Solar,2026-08-27T00:57:27Z
2026-08-27T00:55:09Z,2026-08-27T02:55:09+0200,9e257938-0a8b-4b8b-95d2-ab80972bdbbd,2026-08-23T06:30:00Z,2026-08-23T08:30:00+0200,17984.857,MW,DE,DE_LU,actual_solar_generation,Solar,2026-08-27T00:57:27Z
2026-08-27T00:55:09Z,2026-08-27T02:55:09+0200,9e257938-0a8b-4b8b-95d2-ab80972bdbbd,2026-08-23T06:45:00Z,2026-08-23T08:45:00+0200,21019.258,MW,DE,DE_LU,actual_solar_generation,Solar,2026-08-27T00:57:27Z
2026-08-27T00:55:09Z,2026-08-27T02:55:09+0200,9e257938-0a8b-4b8b-95d2-ab80972bdbbd,2026-08-23T07:00:00Z,2026-08-23T09:00:00+0200,24009.389,MW,DE,DE_LU,actual_solar_generation,Solar,2026-08-27T00:57:27Z
2026-08-27T00:55:09Z,2026-08-27T02:55:09+0200,9e257938-0a8b-4b8b-95d2-ab80972bdbbd,2026-08-23T07:15:00Z,2026-08-23T09:15:00+0200,26852.381,MW,DE,DE_LU,actual_solar_generation,Solar,2026-08-27T00:57:27Z
2026-08-27T00:55:09Z,2026-08-27T02:55:09+0200,9e257938-0a8b-4b8b-95d2-ab80972bdbbd,2026-08-23T07:30:00Z,2026-08-23T09:30:00+0200,28440.745,MW,DE,DE_LU,actual_solar_generation,Solar,2026-08-27T00:57:27Z
2026-08-27T00:55:09Z,2026-08-27T02:55:09+0200,9e257938-0a8b-4b8b-95d2-ab80972bdbbd,2026-08-23T07:45:00Z,2026-08-23T09:45:00+0200,30842.127,MW,DE,DE_LU,actual_solar_generation,Solar,2026-08-27T00:57:27Z
2026-08-27T00:55:09Z,2026-08-27T02:55:09+0200,9e257938-0a8b-4b8b-95d2-ab80972bdbbd,2026-08-23T08:00:00Z,2026-08-23T10:00:00+0200,32036.628,MW,DE,DE_LU,actual_solar_generation,Solar,2026-08-27T00:57:27Z
2026-08-27T00:55:09Z,2026-08-27T02:55:09+0200,9e257938-0a8b-4b8b-95d2-ab80972bdbbd,2026-08-23T08:15:00Z,2026-08-23T10:15:00+0200,33728.844,MW,DE,DE_LU,actual_solar_generation,Solar,2026-08-27T00:57:27Z
2026-08-27T00:55:09Z,2026-08-27T02:55:09+0200,9e257938-0a8b-4b8b-95d2-ab80972bdbbd,2026-08-23T08:30:00Z,2026-08-23T10:30:00+0200,35183.025,MW,DE,DE_LU,actual_solar_generation,Solar,2026-08-27T00:57:27Z
2026-08-27T00:55:09Z,2026-08-27T02:55:09+0200,9e257938-0a8b-4b8b-95d2-ab80972bdbbd,2026-08-23T08:45:00Z,2026-08-23T10:45:00+0200,36361.461,MW,DE,DE_LU,actual_solar_generation,Solar,2026-08-27T00:57:27Z
2026-08-27T00:55:09Z,2026-08-27T02:55:09+0200,9e257938-0a8b-4b8b-95d2-ab80972bdbbd,2026-08-23T09:00:00Z,2026-08-23T11:00:00+0200,37161.145,MW,DE,DE_LU,actual_solar_generation,Solar,2026-08-27T00:57:27Z
2026-08-27T00:55:09Z,2026-08-27T02:55:09+0200,9e257938-0a8b-4b8b-95d2-ab80972bdbbd,2026-08-23T09:15:00Z,2026-08-23T11:15:00+0200,37680.963,MW,DE,DE_LU,actual_solar_generation,Solar,2026-08-27T00:57:27Z
2026-08-27T00:55:09Z,2026-08-27T02:55:09+0200,9e257938-0a8b-4b8b-95d2-ab80972bdbbd,2026-08-23T09:30:00Z,2026-08-23T11:30:00+0200,37813.41,MW,DE,DE_LU,actual_solar_generation,Solar,2026-08-27T00:57:27Z
2026-08-27T00:55:09Z,2026-08-27T02:55:09+0200,9e257938-0a8b-4b8b-95d2-ab80972bdbbd,2026-08-23T09:45:00Z,2026-08-23T11:45:00+0200,38079.436,MW,DE,DE_LU,actual_solar_generation,Solar,2026-08-27T00:57:27Z
2026-08-27T00:55:09Z,2026-08-27T02:55:09+0200,9e257938-0a8b-4b8b-95d2-ab80972bdbbd,2026-08-23T10:00:00Z,2026-08-23T12:00:00+0200,38128.655,MW,DE,DE_LU,actual_solar_generation,Solar,2026-08-27T00:57:27Z
2026-08-27T00:55:09Z,2026-08-27T02:55:09+0200,9e257938-0a8b-4b8b-95d2-ab80972bdbbd,2026-08-23T10:15:00Z,2026-08-23T12:15:00+0200,38497.713,MW,DE,DE_LU,actual_solar_generation,Solar,2026-08-27T00:57:27Z
2026-08-27T00:55:09Z,2026-08-27T02:55:09+0200,9e257938-0a8b-4b8b-95d2-ab80972bdbbd,2026-08-23T10:30:00Z,2026-08-23T12:30:00+0200,38501.025,MW,DE,DE_LU,actual_solar_generation,Solar,2026-08-27T00:57:27Z
2026-08-27T00:55:09Z,2026-08-27T02:55:09+0200,9e257938-0a8b-4b8b-95d2-ab80972bdbbd,2026-08-23T10:45:00Z,2026-08-23T12:45:00+0200,38269.654,MW,DE,DE_LU,actual_solar_generation,Solar,2026-08-27T00:57:27Z
2026-08-27T00:55:09Z,2026-08-27T02:55:09+0200,9e257938-0a8b-4b8b-95d2-ab80972bdbbd,2026-08-23T11:00:00Z,2026-08-23T13:00:00+0200,39118.197,MW,DE,DE_LU,actual_solar_generation,Solar,2026-08-27T00:57:27Z
2026-08-27T00:55:09Z,2026-08-27T02:55:09+0200,9e257938-0a8b-4b8b-95d2-ab80972bdbbd,2026-08-23T11:15:00Z,2026-08-23T13:15:00+0200,38887.071,MW,DE,DE_LU,actual_solar_generation,Solar,2026-08-27T00:57:27Z
2026-08-27T00:55:09Z,2026-08-27T02:55:09+0200,9e257938-0a8b-4b8b-95d2-ab80972bdbbd,2026-08-23T11:30:00Z,2026-08-23T13:30:00+0200,38253.441,MW,DE,DE_LU,actual_solar_generation,Solar,2026-08-27T00:57:27Z
2026-08-27T00:55:09Z,2026-08-27T02:55:09+0200,9e257938-0a8b-4b8b-95d2-ab80972bdbbd,2026-08-23T11:45:00Z,2026-08-23T13:45:00+0200,38226.566,MW,DE,DE_LU,actual_solar_generation,Solar,2026-08-27T00:57:27Z
2026-08-27T00:55:09Z,2026-08-27T02:55:09+0200,9e257938-0a8b-4b8b-95d2-ab80972bdbbd,2026-08-23T12:00:00Z,2026-08-23T14:00:00+0200,37699.252,MW,DE,DE_LU,actual_solar_generation,Solar,2026-08-27T00:57:27Z
2026-08-27T00:55:09Z,2026-08-27T02:55:09+0200,9e257938-0a8b-4b8b-95d2-ab80972bdbbd,2026-08-23T12:15:00Z,2026-08-23T14:15:00+0200,37404.14,MW,DE,DE_LU,actual_solar_generation,Solar,2026-08-27T00:57:27Z
2026-08-27T00:55:09Z,2026-08-27T02:55:09+0200,9e257938-0a8b-4b8b-95d2-ab80972bdbbd,2026-08-23T12:30:00Z,2026-08-23T14:30:00+0200,37060.771,MW,DE,DE_LU,actual_solar_generation,Solar,2026-08-27T00:57:27Z
2026-08-27T00:55:09Z,2026-08-27T02:55:09+0200,9e257938-0a8b-4b8b-95d2-ab80972bdbbd,2026-08-23T12:45:00Z,2026-08-23T14:45:00+0200,36428.41,MW,DE,DE_LU,actual_solar_generation,Solar,2026-08-27T00:57:27Z
2026-08-27T00:55:09Z,2026-08-27T02:55:09+0200,9e257938-0a8b-4b8b-95d2-ab80972bdbbd,2026-08-23T13:00:00Z,2026-08-23T15:00:00+0200,36758.087,MW,DE,DE_LU,actual_solar_generation,Solar,2026-08-27T00:57:27Z
2026-08-27T00:55:09Z,2026-08-27T02:55:09+0200,9e257938-0a8b-4b8b-95d2-ab80972bdbbd,2026-08-23T13:15:00Z,2026-08-23T15:15:00+0200,35715.511,MW,DE,DE_LU,actual_solar_generation,Solar,2026-08-27T00:57:27Z
2026-08-27T00:55:09Z,2026-08-27T02:55:09+0200,9e257938-0a8b-4b8b-95d2-ab80972bdbbd,2026-08-23T13:30:00Z,2026-08-23T15:30:00+0200,34428.302,MW,DE,DE_LU,actual_solar_generation,Solar,2026-08-27T00:57:27Z
2026-08-27T00:55:09Z,2026-08-27T02:55:09+0200,9e257938-0a8b-4b8b-95d2-ab80972bdbbd,2026-08-23T13:45:00Z,2026-08-23T15:45:00+0200,32978.821,MW,DE,DE_LU,actual_solar_generation,Solar,2026-08-27T00:57:27Z
2026-08-27T00:55:09Z,2026-08-27T02:55:09+0200,9e257938-0a8b-4b8b-95d2-ab80972bdbbd,2026-08-23T14:00:00Z,2026-08-23T16:00:00+0200,31727.002,MW,DE,DE_LU,actual_solar_generation,Solar,2026-08-27T00:57:27Z
2026-08-27T00:55:09Z,2026-08-27T02:55:09+0200,9e257938-0a8b-4b8b-95d2-ab80972bdbbd,2026-08-23T14:15:00Z,2026-08-23T16:15:00+0200,30372.122,MW,DE,DE_LU,actual_solar_generation,Solar,2026-08-27T00:57:27Z
2026-08-27T00:55:09Z,2026-08-27T02:55:09+0200,9e257938-0a8b-4b8b-95d2-ab80972bdbbd,2026-08-23T14:30:00Z,2026-08-23T16:30:00+0200,28848.18,MW,DE,DE_LU,actual_solar_generation,Solar,2026-08-27T00:57:27Z
2026-08-27T00:55:09Z,2026-08-27T02:55:09+0200,9e257938-0a8b-4b8b-95d2-ab80972bdbbd,2026-08-23T14:45:00Z,2026-08-23T16:45:00+0200,28893.319,MW,DE,DE_LU,actual_solar_generation,Solar,2026-08-27T00:57:27Z
2026-08-27T00:55:09Z,2026-08-27T02:55:09+0200,9e257938-0a8b-4b8b-95d2-ab80972bdbbd,2026-08-23T15:00:00Z,2026-08-23T17:00:00+0200,27867.142,MW,DE,DE_LU,actual_solar_generation,Solar,2026-08-27T00:57:27Z
2026-08-27T00:55:09Z,2026-08-27T02:55:09+0200,9e257938-0a8b-4b8b-95d2-ab80972bdbbd,2026-08-23T15:15:00Z,2026-08-23T17:15:00+0200,25265.89,MW,DE,DE_LU,actual_solar_generation,Solar,2026-08-27T00:57:27Z
2026-08-27T00:55:09Z,2026-08-27T02:55:09+0200,9e257938-0a8b-4b8b-95d2-ab80972bdbbd,2026-08-23T15:30:00Z,2026-08-23T17:30:00+0200,22904.307,MW,DE,DE_LU,actual_solar_generation,Solar,2026-08-27T00:57:27Z
2026-08-27T00:55:09Z,2026-08-27T02:55:09+0200,9e257938-0a8b-4b8b-95d2-ab80972bdbbd,2026-08-23T15:45:00Z,2026-08-23T17:45:00+0200,20161.737,MW,DE,DE_LU,actual_solar_generation,Solar,2026-08-27T00:57:27Z
2026-08-27T00:55:09Z,2026-08-27T02:55:09+0200,9e257938-0a8b-4b8b-95d2-ab80972bdbbd,2026-08-23T16:00:00Z,2026-08-23T18:00:00+0200,17252.647,MW,DE,DE_LU,actual_solar_generation,Solar,2026-08-27T00:57:27Z
2026-08-27T00:55:09Z,2026-08-27T02:55:09+0200,9e257938-0a8b-4b8b-95d2-ab80972bdbbd,2026-08-23T16:15:00Z,2026-08-23T18:15:00+0200,14361.791,MW,DE,DE_LU,actual_solar_generation,Solar,2026-08-27T00:57:27Z
2026-08-27T00:55:09Z,2026-08-27T02:55:09+0200,9e257938-0a8b-4b8b-95d2-ab80972bdbbd,2026-08-23T16:30:00Z,2026-08-23T18:30:00+0200,11524.602,MW,DE,DE_LU,actual_solar_generation,Solar,2026-08-27T00:57:27Z
2026-08-27T00:55:09Z,2026-08-27T02:55:09+0200,9e257938-0a8b-4b8b-95d2-ab80972bdbbd,2026-08-23T16:45:00Z,2026-08-23T18:45:00+0200,8731.393,MW,DE,DE_LU,actual_solar_generation,Solar,2026-08-27T00:57:27Z
2026-08-27T00:55:09Z,2026-08-27T02:55:09+0200,9e257938-0a8b-4b8b-95d2-ab80972bdbbd,2026-08-23T17:00:00Z,2026-08-23T19:00:00+0200,6284.909,MW,DE,DE_LU,actual_solar_generation,Solar,2026-08-27T00:57:27Z
2026-08-27T00:55:09Z,2026-08-27T02:55:09+0200,9e257938-0a8b-4b8b-95d2-ab80972bdbbd,2026-08-23T17:15:00Z,2026-08-23T19:15:00+0200,4172.006,MW,DE,DE_LU,actual_solar_generation,Solar,2026-08-27T00:57:27Z
2026-08-27T00:55:09Z,2026-08-27T02:55:09+0200,9e257938-0a8b-4b8b-95d2-ab80972bdbbd,2026-08-23T17:30:00Z,2026-08-23T19:30:00+0200,2516.816,MW,DE,DE_LU,actual_solar_generation,Solar,2026-08-27T00:57:27Z
2026-08-27T00:55:09Z,2026-08-27T02:55:09+0200,9e257938-0a8b-4b8b-95d2-ab80972bdbbd,2026-08-23T17:45:00Z,2026-08-23T19:45:00+0200,1309.45,MW,DE,DE_LU,actual_solar_generation,Solar,2026-08-27T00:57:27Z
2026-08-27T00:55:09Z,2026-08-27T02:55:09+0200,9e257938-0a8b-4b8b-95d2-ab80972bdbbd,2026-08-23T18:00:00Z,2026-08-23T20:00:00+0200,451.144,MW,DE,DE_LU,actual_solar_generation,Solar,2026-08-27T00:57:27Z
2026-08-27T00:55:09Z,2026-08-27T02:55:09+0200,9e257938-0a8b-4b8b-95d2-ab80972bdbbd,2026-08-23T18:15:00Z,2026-08-23T20:15:00+0200,95.65,MW,DE,DE_LU,actual_solar_generation,Solar,2026-08-27T00:57:27Z
2026-08-27T00:55:09Z,2026-08-27T02:55:09+0200,9e257938-0a8b-4b8b-95d2-ab80972bdbbd,2026-08-23T18:30:00Z,2026-08-23T20:30:00+0200,7.946,MW,DE,DE_LU,actual_solar_generation,Solar,2026-08-27T00:57:27Z
2026-08-27T00:55:09Z,2026-08-27T02:55:09+0200,9e257938-0a8b-4b8b-95d2-ab80972bdbbd,2026-08-23T18:45:00Z,2026-08-23T20:45:00+0200,1.042,MW,DE,DE_LU,actual_solar_generation,Solar,2026-08-27T00:57:27Z
2026-08-27T00:55:09Z,2026-08-27T02:55:09+0200,9e257938-0a8b-4b8b-95d2-ab80972bdbbd,2026-08-23T19:00:00Z,2026-08-23T21:00:00+0200,0.269,MW,DE,DE_LU,actual_solar_generation,Solar,2026-08-27T00:57:27Z
2026-08-27T00:55:09Z,2026-08-27T02:55:09+0200,9e257938-0a8b-4b8b-95d2-ab80972bdbbd,2026-08-23T19:15:00Z,2026-08-23T21:15:00+0200,0.249,MW,DE,DE_LU,actual_solar_generation,Solar,2026-08-27T00:57:27Z
2026-08-27T00:55:09Z,2026-08-27T02:55:09+0200,9e257938-0a8b-4b8b-95d2-ab80972bdbbd,2026-08-23T19:30:00Z,2026-08-23T21:30:00+0200,0.238,MW,DE,DE_LU,actual_solar_generation,Solar,2026-08-27T00:57:27Z
2026-08-27T00:55:09Z,2026-08-27T02:55:09+0200,9e257938-0a8b-4b8b-95d2-ab80972bdbbd,2026-08-23T19:45:00Z,2026-08-23T21:45:00+0200,0.234,MW,DE,DE_LU,actual_solar_generation,Solar,2026-08-27T00:57:27Z
2026-08-27T00:55:09Z,2026-08-27T02:55:09+0200,9e257938-0a8b-4b8b-95d2-ab80972bdbbd,2026-08-23T20:00:00Z,2026-08-23T22:00:00+0200,0.226,MW,DE,DE_LU,actual_solar_generation,Solar,2026-08-27T00:57:27Z
2026-08-27T00:55:09Z,2026-08-27T02:55:09+0200,9e257938-0a8b-4b8b-95d2-ab80972bdbbd,2026-08-23T20:15:00Z,2026-08-23T22:15:00+0200,0.205,MW,DE,DE_LU,actual_solar_generation,Solar,2026-08-27T00:57:27Z
2026-08-27T00:55:09Z,2026-08-27T02:55:09+0200,9e257938-0a8b-4b8b-95d2-ab80972bdbbd,2026-08-23T20:30:00Z,2026-08-23T22:30:00+0200,0.2,MW,DE,DE_LU,actual_solar_generation,Solar,2026-08-27T00:57:27Z
2026-08-27T00:55:09Z,2026-08-27T02:55:09+0200,9e257938-0a8b-4b8b-95d2-ab80972bdbbd,2026-08-23T20:45:00Z,2026-08-23T22:45:00+0200,0.194,MW,DE,DE_LU,actual_solar_generation,Solar,2026-08-27T00:57:27Z
2026-08-27T00:55:09Z,2026-08-27T02:55:09+0200,9e257938-0a8b-4b8b-95d2-ab80972bdbbd,2026-08-23T21:00:00Z,2026-08-23T23:00:00+0200,0.197,MW,DE,DE_LU,actual_solar_generation,Solar,2026-08-27T00:57:27Z
2026-08-27T00:55:09Z,2026-08-27T02:55:09+0200,9e257938-0a8b-4b8b-95d2-ab80972bdbbd,2026-08-23T21:15:00Z,2026-08-23T23:15:00+0200,0.171,MW,DE,DE_LU,actual_solar_generation,Solar,2026-08-27T00:57:27Z
2026-08-27T00:55:09Z,2026-08-27T02:55:09+0200,9e257938-0a8b-4b8b-95d2-ab80972bdbbd,2026-08-23T21:30:00Z,2026-08-23T23:30:00+0200,0.161,MW,DE,DE_LU,actual_solar_generation,Solar,2026-08-27T00:57:27Z
2026-08-27T00:55:09Z,2026-08-27T02:55:09+0200,9e257938-0a8b-4b8b-95d2-ab80972bdbbd,2026-08-23T21:45:00Z,2026-08-23T23:45:00+0200,0.157,MW,DE,DE_LU,actual_solar_generation,Solar,2026-08-27T00:57:27Z
2026-08-27T00:55:09Z,2026-08-27T02:55:09+0200,9e257938-0a8b-4b8b-95d2-ab80972bdbbd,2026-08-23T22:00:00Z,2026-08-24T00:00:00+0200,0.135,MW,DE,DE_LU,actual_solar_generation,Solar,2026-08-27T00:57:27Z
2026-08-27T00:55:09Z,2026-08-27T02:55:09+0200,9e257938-0a8b-4b8b-95d2-ab80972bdbbd,2026-08-23T22:15:00Z,2026-08-24T00:15:00+0200,0.128,MW,DE,DE_LU,actual_solar_generation,Solar,2026-08-27T00:57:27Z
2026-08-27T00:55:09Z,2026-08-27T02:55:09+0200,9e257938-0a8b-4b8b-95d2-ab80972bdbbd,2026-08-23T22:30:00Z,2026-08-24T00:30:00+0200,0.112,MW,DE,DE_LU,actual_solar_generation,Solar,2026-08-27T00:57:27Z
2026-08-27T00:55:09Z,2026-08-27T02:55:09+0200,9e257938-0a8b-4b8b-95d2-ab80972bdbbd,2026-08-23T22:45:00Z,2026-08-24T00:45:00+0200,0.112,MW,DE,DE_LU,actual_solar_generation,Solar,2026-08-27T00:57:27Z
2026-08-27T00:55:09Z,2026-08-27T02:55:09+0200,9e257938-0a8b-4b8b-95d2-ab80972bdbbd,2026-08-23T23:00:00Z,2026-08-24T01:00:00+0200,0.111,MW,DE,DE_LU,actual_solar_generation,Solar,2026-08-27T00:57:27Z
2026-08-27T00:55:09Z,2026-08-27T02:55:09+0200,9e257938-0a8b-4b8b-95d2-ab80972bdbbd,2026-08-23T23:15:00Z,2026-08-24T01:15:00+0200,0.123,MW,DE,DE_LU,actual_solar_generation,Solar,2026-08-27T00:57:27Z
2026-08-27T00:55:09Z,2026-08-27T02:55:09+0200,9e257938-0a8b-4b8b-95d2-ab80972bdbbd,2026-08-23T23:30:00Z,2026-08-24T01:30:00+0200,0.127,MW,DE,DE_LU,actual_solar_generation,Solar,2026-08-27T00:57:27Z
2026-08-27T00:55:09Z,2026-08-27T02:55:09+0200,9e257938-0a8b-4b8b-95d2-ab80972bdbbd,2026-08-23T23:45:00Z,2026-08-24T01:45:00+0200,0.113,MW,DE,DE_LU,actual_solar_generation,Solar,2026-08-27T00:57:27Z
2026-08-27T00:55:09Z,2026-08-27T02:55:09+0200,9e257938-0a8b-4b8b-95d2-ab80972bdbbd,2026-08-24T00:00:00Z,2026-08-24T02:00:00+0200,0.104,MW,DE,DE_LU,actual_solar_generation,Solar,2026-08-27T00:57:27Z
2026-08-27T00:55:09Z,2026-08-27T02:55:09+0200,9e257938-0a8b-4b8b-95d2-ab80972bdbbd,2026-08-24T00:15:00Z,2026-08-24T02:15:00+0200,0.096,MW,DE,DE_LU,actual_solar_generation,Solar,2026-08-27T00:57:27Z
2026-08-27T00:55:09Z,2026-08-27T02:55:09+0200,9e257938-0a8b-4b8b-95d2-ab80972bdbbd,2026-08-24T00:30:00Z,2026-08-24T02:30:00+0200,0.088,MW,DE,DE_LU,actual_solar_generation,Solar,2026-08-27T00:57:27Z
2026-08-27T00:55:09Z,2026-08-27T02:55:09+0200,9e257938-0a8b-4b8b-95d2-ab80972bdbbd,2026-08-24T00:45:00Z,2026-08-24T02:45:00+0200,0.078,MW,DE,DE_LU,actual_solar_generation,Solar,2026-08-27T00:57:27Z
2026-08-27T00:55:09Z,2026-08-27T02:55:09+0200,9e257938-0a8b-4b8b-95d2-ab80972bdbbd,2026-08-24T01:00:00Z,2026-08-24T03:00:00+0200,0.078,MW,DE,DE_LU,actual_solar_generation,Solar,2026-08-27T00:57:27Z
2026-08-27T00:55:09Z,2026-08-27T02:55:09+0200,9e257938-0a8b-4b8b-95d2-ab80972bdbbd,2026-08-24T01:15:00Z,2026-08-24T03:15:00+0200,0.078,MW,DE,DE_LU,actual_solar_generation,Solar,2026-08-27T00:57:27Z
2026-08-27T00:55:09Z,2026-08-27T02:55:09+0200,9e257938-0a8b-4b8b-95d2-ab80972bdbbd,2026-08-24T01:30:00Z,2026-08-24T03:30:00+0200,0.068,MW,DE,DE_LU,actual_solar_generation,Solar,2026-08-27T00:57:27Z
2026-08-27T00:55:09Z,2026-08-27T02:55:09+0200,9e257938-0a8b-4b8b-95d2-ab80972bdbbd,2026-08-24T01:45:00Z,2026-08-24T03:45:00+0200,0.069,MW,DE,DE_LU,actual_solar_generation,Solar,2026-08-27T00:57:27Z
2026-08-27T00:55:09Z,2026-08-27T02:55:09+0200,9e257938-0a8b-4b8b-95d2-ab80972bdbbd,2026-08-24T02:00:00Z,2026-08-24T04:00:00+0200,0.068,MW,DE,DE_LU,actual_solar_generation,Solar,2026-08-27T00:57:27Z
2026-08-27T00:55:09Z,2026-08-27T02:55:09+0200,9e257938-0a8b-4b8b-95d2-ab80972bdbbd,2026-08-24T02:15:00Z,2026-08-24T04:15:00+0200,0.065,MW,DE,DE_LU,actual_solar_generation,Solar,2026-08-27T00:57:27Z
2026-08-27T00:55:09Z,2026-08-27T02:55:09+0200,9e257938-0a8b-4b8b-95d2-ab80972bdbbd,2026-08-24T02:30:00Z,2026-08-24T04:30:00+0200,0.057,MW,DE,DE_LU,actual_solar_generation,Solar,2026-08-27T00:57:27Z
2026-08-27T00:55:09Z,2026-08-27T02:55:09+0200,9e257938-0a8b-4b8b-95d2-ab80972bdbbd,2026-08-24T02:45:00Z,2026-08-24T04:45:00+0200,0.059,MW,DE,DE_LU,actual_solar_generation,Solar,2026-08-27T00:57:27Z
2026-08-27T00:55:09Z,2026-08-27T02:55:09+0200,9e257938-0a8b-4b8b-95d2-ab80972bdbbd,2026-08-24T03:00:00Z,2026-08-24T05:00:00+0200,0.071,MW,DE,DE_LU,actual_solar_generation,Solar,2026-08-27T00:57:27Z
2026-08-27T00:55:09Z,2026-08-27T02:55:09+0200,9e257938-0a8b-4b8b-95d2-ab80972bdbbd,2026-08-24T03:15:00Z,2026-08-24T05:15:00+0200,0.065,MW,DE,DE_LU,actual_solar_generation,Solar,2026-08-27T00:57:27Z
2026-08-27T00:55:09Z,2026-08-27T02:55:09+0200,9e257938-0a8b-4b8b-95d2-ab80972bdbbd,2026-08-24T03:30:00Z,2026-08-24T05:30:00+0200,0.072,MW,DE,DE_LU,actual_solar_generation,Solar,2026-08-27T00:57:27Z
2026-08-27T00:55:09Z,2026-08-27T02:55:09+0200,9e257938-0a8b-4b8b-95d2-ab80972bdbbd,2026-08-24T03:45:00Z,2026-08-24T05:45:00+0200,0.311,MW,DE,DE_LU,actual_solar_generation,Solar,2026-08-27T00:57:27Z
2026-08-27T00:55:09Z,2026-08-27T02:55:09+0200,9e257938-0a8b-4b8b-95d2-ab80972bdbbd,2026-08-24T04:00:00Z,2026-08-24T06:00:00+0200,8.523,MW,DE,DE_LU,actual_solar_generation,Solar,2026-08-27T00:57:27Z
2026-08-27T00:55:09Z,2026-08-27T02:55:09+0200,9e257938-0a8b-4b8b-95d2-ab80972bdbbd,2026-08-24T04:15:00Z,2026-08-24T06:15:00+0200,95.174,MW,DE,DE_LU,actual_solar_generation,Solar,2026-08-27T00:57:27Z
2026-08-27T00:55:09Z,2026-08-27T02:55:09+0200,9e257938-0a8b-4b8b-95d2-ab80972bdbbd,2026-08-24T04:30:00Z,2026-08-24T06:30:00+0200,580.759,MW,DE,DE_LU,actual_solar_generation,Solar,2026-08-27T00:57:27Z
2026-08-27T00:55:09Z,2026-08-27T02:55:09+0200,9e257938-0a8b-4b8b-95d2-ab80972bdbbd,2026-08-24T04:45:00Z,2026-08-24T06:45:00+0200,1777.848,MW,DE,DE_LU,actual_solar_generation,Solar,2026-08-27T00:57:27Z
2026-08-27T00:55:09Z,2026-08-27T02:55:09+0200,9e257938-0a8b-4b8b-95d2-ab80972bdbbd,2026-08-24T05:00:00Z,2026-08-24T07:00:00+0200,3150.045,MW,DE,DE_LU,actual_solar_generation,Solar,2026-08-27T00:57:27Z
2026-08-27T00:55:09Z,2026-08-27T02:55:09+0200,9e257938-0a8b-4b8b-95d2-ab80972bdbbd,2026-08-24T05:15:00Z,2026-08-24T07:15:00+0200,5040.081,MW,DE,DE_LU,actual_solar_generation,Solar,2026-08-27T00:57:27Z
2026-08-27T00:55:09Z,2026-08-27T02:55:09+0200,9e257938-0a8b-4b8b-95d2-ab80972bdbbd,2026-08-24T05:30:00Z,2026-08-24T07:30:00+0200,7352.244,MW,DE,DE_LU,actual_solar_generation,Solar,2026-08-27T00:57:27Z
2026-08-27T00:55:09Z,2026-08-27T02:55:09+0200,9e257938-0a8b-4b8b-95d2-ab80972bdbbd,2026-08-24T05:45:00Z,2026-08-24T07:45:00+0200,10009.363,MW,DE,DE_LU,actual_solar_generation,Solar,2026-08-27T00:57:27Z
2026-08-27T00:55:09Z,2026-08-27T02:55:09+0200,9e257938-0a8b-4b8b-95d2-ab80972bdbbd,2026-08-24T06:00:00Z,2026-08-24T08:00:00+0200,12911.316,MW,DE,DE_LU,actual_solar_generation,Solar,2026-08-27T00:57:27Z
2026-08-27T00:55:09Z,2026-08-27T02:55:09+0200,9e257938-0a8b-4b8b-95d2-ab80972bdbbd,2026-08-24T06:15:00Z,2026-08-24T08:15:00+0200,16073.061,MW,DE,DE_LU,actual_solar_generation,Solar,2026-08-27T00:57:27Z
2026-08-27T00:55:09Z,2026-08-27T02:55:09+0200,9e257938-0a8b-4b8b-95d2-ab80972bdbbd,2026-08-24T06:30:00Z,2026-08-24T08:30:00+0200,19391.006,MW,DE,DE_LU,actual_solar_generation,Solar,2026-08-27T00:57:27Z
2026-08-27T00:55:09Z,2026-08-27T02:55:09+0200,9e257938-0a8b-4b8b-95d2-ab80972bdbbd,2026-08-24T06:45:00Z,2026-08-24T08:45:00+0200,22576.697,MW,DE,DE_LU,actual_solar_generation,Solar,2026-08-27T00:57:27Z
2026-08-27T00:55:09Z,2026-08-27T02:55:09+0200,9e257938-0a8b-4b8b-95d2-ab80972bdbbd,2026-08-24T07:00:00Z,2026-08-24T09:00:00+0200,25742.657,MW,DE,DE_LU,actual_solar_generation,Solar,2026-08-27T00:57:27Z
2026-08-27T00:55:09Z,2026-08-27T02:55:09+0200,9e257938-0a8b-4b8b-95d2-ab80972bdbbd,2026-08-24T07:15:00Z,2026-08-24T09:15:00+0200,28928.856,MW,DE,DE_LU,actual_solar_generation,Solar,2026-08-27T00:57:27Z
2026-08-27T00:55:09Z,2026-08-27T02:55:09+0200,9e257938-0a8b-4b8b-95d2-ab80972bdbbd,2026-08-24T07:30:00Z,2026-08-24T09:30:00+0200,31914.068,MW,DE,DE_LU,actual_solar_generation,Solar,2026-08-27T00:57:27Z
2026-08-27T00:55:09Z,2026-08-27T02:55:09+0200,9e257938-0a8b-4b8b-95d2-ab80972bdbbd,2026-08-24T07:45:00Z,2026-08-24T09:45:00+0200,34540.899,MW,DE,DE_LU,actual_solar_generation,Solar,2026-08-27T00:57:27Z
2026-08-27T00:55:09Z,2026-08-27T02:55:09+0200,9e257938-0a8b-4b8b-95d2-ab80972bdbbd,2026-08-24T08:00:00Z,2026-08-24T10:00:00+0200,36633.804,MW,DE,DE_LU,actual_solar_generation,Solar,2026-08-27T00:57:27Z
2026-08-27T00:55:09Z,2026-08-27T02:55:09+0200,9e257938-0a8b-4b8b-95d2-ab80972bdbbd,2026-08-24T08:15:00Z,2026-08-24T10:15:00+0200,38258.588,MW,DE,DE_LU,actual_solar_generation,Solar,2026-08-27T00:57:27Z
2026-08-27T00:55:09Z,2026-08-27T02:55:09+0200,9e257938-0a8b-4b8b-95d2-ab80972bdbbd,2026-08-24T08:30:00Z,2026-08-24T10:30:00+0200,39424.609,MW,DE,DE_LU,actual_solar_generation,Solar,2026-08-27T00:57:27Z
2026-08-27T00:55:09Z,2026-08-27T02:55:09+0200,9e257938-0a8b-4b8b-95d2-ab80972bdbbd,2026-08-24T08:45:00Z,2026-08-24T10:45:00+0200,40445.718,MW,DE,DE_LU,actual_solar_generation,Solar,2026-08-27T00:57:27Z
2026-08-27T00:55:09Z,2026-08-27T02:55:09+0200,9e257938-0a8b-4b8b-95d2-ab80972bdbbd,2026-08-24T09:00:00Z,2026-08-24T11:00:00+0200,41227.215,MW,DE,DE_LU,actual_solar_generation,Solar,2026-08-27T00:57:27Z
2026-08-27T00:55:09Z,2026-08-27T02:55:09+0200,9e257938-0a8b-4b8b-95d2-ab80972bdbbd,2026-08-24T09:15:00Z,2026-08-24T11:15:00+0200,42101.669,MW,DE,DE_LU,actual_solar_generation,Solar,2026-08-27T00:57:27Z
2026-08-27T00:55:09Z,2026-08-27T02:55:09+0200,9e257938-0a8b-4b8b-95d2-ab80972bdbbd,2026-08-24T09:30:00Z,2026-08-24T11:30:00+0200,42899.375,MW,DE,DE_LU,actual_solar_generation,Solar,2026-08-27T00:57:27Z
2026-08-27T00:55:09Z,2026-08-27T02:55:09+0200,9e257938-0a8b-4b8b-95d2-ab80972bdbbd,2026-08-24T09:45:00Z,2026-08-24T11:45:00+0200,43827.503,MW,DE,DE_LU,actual_solar_generation,Solar,2026-08-27T00:57:27Z
2026-08-27T00:55:09Z,2026-08-27T02:55:09+0200,9e257938-0a8b-4b8b-95d2-ab80972bdbbd,2026-08-24T10:00:00Z,2026-08-24T12:00:00+0200,44535.086,MW,DE,DE_LU,actual_solar_generation,Solar,2026-08-27T00:57:27Z
2026-08-27T00:55:09Z,2026-08-27T02:55:09+0200,9e257938-0a8b-4b8b-95d2-ab80972bdbbd,2026-08-24T10:15:00Z,2026-08-24T12:15:00+0200,45141.276,MW,DE,DE_LU,actual_solar_generation,Solar,2026-08-27T00:57:27Z
2026-08-27T00:55:09Z,2026-08-27T02:55:09+0200,9e257938-0a8b-4b8b-95d2-ab80972bdbbd,2026-08-24T10:30:00Z,2026-08-24T12:30:00+0200,45729.17,MW,DE,DE_LU,actual_solar_generation,Solar,2026-08-27T00:57:27Z
2026-08-27T00:55:09Z,2026-08-27T02:55:09+0200,9e257938-0a8b-4b8b-95d2-ab80972bdbbd,2026-08-24T10:45:00Z,2026-08-24T12:45:00+0200,45822.689,MW,DE,DE_LU,actual_solar_generation,Solar,2026-08-27T00:57:27Z
2026-08-27T00:55:09Z,2026-08-27T02:55:09+0200,9e257938-0a8b-4b8b-95d2-ab80972bdbbd,2026-08-24T11:00:00Z,2026-08-24T13:00:00+0200,45557.028,MW,DE,DE_LU,actual_solar_generation,Solar,2026-08-27T00:57:27Z
2026-08-27T00:55:09Z,2026-08-27T02:55:09+0200,9e257938-0a8b-4b8b-95d2-ab80972bdbbd,2026-08-24T11:15:00Z,2026-08-24T13:15:00+0200,45524.567,MW,DE,DE_LU,actual_solar_generation,Solar,2026-08-27T00:57:27Z
2026-08-27T00:55:09Z,2026-08-27T02:55:09+0200,9e257938-0a8b-4b8b-95d2-ab80972bdbbd,2026-08-24T11:30:00Z,2026-08-24T13:30:00+0200,45157.618,MW,DE,DE_LU,actual_solar_generation,Solar,2026-08-27T00:57:27Z
2026-08-27T00:55:09Z,2026-08-27T02:55:09+0200,9e257938-0a8b-4b8b-95d2-ab80972bdbbd,2026-08-24T11:45:00Z,2026-08-24T13:45:00+0200,44762.32,MW,DE,DE_LU,actual_solar_generation,Solar,2026-08-27T00:57:27Z
2026-08-27T00:55:09Z,2026-08-27T02:55:09+0200,9e257938-0a8b-4b8b-95d2-ab80972bdbbd,2026-08-24T12:00:00Z,2026-08-24T14:00:00+0200,44376.891,MW,DE,DE_LU,actual_solar_generation,Solar,2026-08-27T00:57:27Z
2026-08-27T00:55:09Z,2026-08-27T02:55:09+0200,9e257938-0a8b-4b8b-95d2-ab80972bdbbd,2026-08-24T12:15:00Z,2026-08-24T14:15:00+0200,43768.268,MW,DE,DE_LU,actual_solar_generation,Solar,2026-08-27T00:57:27Z
2026-08-27T00:55:09Z,2026-08-27T02:55:09+0200,9e257938-0a8b-4b8b-95d2-ab80972bdbbd,2026-08-24T12:30:00Z,2026-08-24T14:30:00+0200,43046.365,MW,DE,DE_LU,actual_solar_generation,Solar,2026-08-27T00:57:27Z
2026-08-27T00:55:09Z,2026-08-27T02:55:09+0200,9e257938-0a8b-4b8b-95d2-ab80972bdbbd,2026-08-24T12:45:00Z,2026-08-24T14:45:00+0200,42529.513,MW,DE,DE_LU,actual_solar_generation,Solar,2026-08-27T00:57:27Z
2026-08-27T00:55:09Z,2026-08-27T02:55:09+0200,9e257938-0a8b-4b8b-95d2-ab80972bdbbd,2026-08-24T13:00:00Z,2026-08-24T15:00:00+0200,41427.345,MW,DE,DE_LU,actual_solar_generation,Solar,2026-08-27T00:57:27Z
2026-08-27T00:55:09Z,2026-08-27T02:55:09+0200,9e257938-0a8b-4b8b-95d2-ab80972bdbbd,2026-08-24T13:15:00Z,2026-08-24T15:15:00+0200,40247.208,MW,DE,DE_LU,actual_solar_generation,Solar,2026-08-27T00:57:27Z
2026-08-27T00:55:09Z,2026-08-27T02:55:09+0200,9e257938-0a8b-4b8b-95d2-ab80972bdbbd,2026-08-24T13:30:00Z,2026-08-24T15:30:00+0200,38817.573,MW,DE,DE_LU,actual_solar_generation,Solar,2026-08-27T00:57:27Z
2026-08-27T00:55:09Z,2026-08-27T02:55:09+0200,9e257938-0a8b-4b8b-95d2-ab80972bdbbd,2026-08-24T13:45:00Z,2026-08-24T15:45:00+0200,37144.497,MW,DE,DE_LU,actual_solar_generation,Solar,2026-08-27T00:57:27Z
2026-08-27T00:55:09Z,2026-08-27T02:55:09+0200,9e257938-0a8b-4b8b-95d2-ab80972bdbbd,2026-08-24T14:00:00Z,2026-08-24T16:00:00+0200,35212.975,MW,DE,DE_LU,actual_solar_generation,Solar,2026-08-27T00:57:27Z
2026-08-27T00:55:09Z,2026-08-27T02:55:09+0200,9e257938-0a8b-4b8b-95d2-ab80972bdbbd,2026-08-24T14:15:00Z,2026-08-24T16:15:00+0200,32884.252,MW,DE,DE_LU,actual_solar_generation,Solar,2026-08-27T00:57:27Z
2026-08-27T00:55:09Z,2026-08-27T02:55:09+0200,9e257938-0a8b-4b8b-95d2-ab80972bdbbd,2026-08-24T14:30:00Z,2026-08-24T16:30:00+0200,30603.36,MW,DE,DE_LU,actual_solar_generation,Solar,2026-08-27T00:57:27Z
2026-08-27T00:55:09Z,2026-08-27T02:55:09+0200,9e257938-0a8b-4b8b-95d2-ab80972bdbbd,2026-08-24T14:45:00Z,2026-08-24T16:45:00+0200,27927.819,MW,DE,DE_LU,actual_solar_generation,Solar,2026-08-27T00:57:27Z
2026-08-27T00:55:09Z,2026-08-27T02:55:09+0200,9e257938-0a8b-4b8b-95d2-ab80972bdbbd,2026-08-24T15:00:00Z,2026-08-24T17:00:00+0200,25252.981,MW,DE,DE_LU,actual_solar_generation,Solar,2026-08-27T00:57:27Z
2026-08-27T00:55:09Z,2026-08-27T02:55:09+0200,9e257938-0a8b-4b8b-95d2-ab80972bdbbd,2026-08-24T15:15:00Z,2026-08-24T17:15:00+0200,22363.468,MW,DE,DE_LU,actual_solar_generation,Solar,2026-08-27T00:57:27Z
2026-08-27T00:55:09Z,2026-08-27T02:55:09+0200,9e257938-0a8b-4b8b-95d2-ab80972bdbbd,2026-08-24T15:30:00Z,2026-08-24T17:30:00+0200,19606.701,MW,DE,DE_LU,actual_solar_generation,Solar,2026-08-27T00:57:27Z
2026-08-27T00:55:09Z,2026-08-27T02:55:09+0200,9e257938-0a8b-4b8b-95d2-ab80972bdbbd,2026-08-24T15:45:00Z,2026-08-24T17:45:00+0200,16835.077,MW,DE,DE_LU,actual_solar_generation,Solar,2026-08-27T00:57:27Z
2026-08-27T00:55:09Z,2026-08-27T02:55:09+0200,9e257938-0a8b-4b8b-95d2-ab80972bdbbd,2026-08-24T16:00:00Z,2026-08-24T18:00:00+0200,14228.223,MW,DE,DE_LU,actual_solar_generation,Solar,2026-08-27T00:57:27Z
2026-08-27T00:55:09Z,2026-08-27T02:55:09+0200,9e257938-0a8b-4b8b-95d2-ab80972bdbbd,2026-08-24T16:15:00Z,2026-08-24T18:15:00+0200,11528.358,MW,DE,DE_LU,actual_solar_generation,Solar,2026-08-27T00:57:27Z
2026-08-27T00:55:09Z,2026-08-27T02:55:09+0200,9e257938-0a8b-4b8b-95d2-ab80972bdbbd,2026-08-24T16:30:00Z,2026-08-24T18:30:00+0200,9139.754,MW,DE,DE_LU,actual_solar_generation,Solar,2026-08-27T00:57:27Z
2026-08-27T00:55:09Z,2026-08-27T02:55:09+0200,9e257938-0a8b-4b8b-95d2-ab80972bdbbd,2026-08-24T16:45:00Z,2026-08-24T18:45:00+0200,6898.137,MW,DE,DE_LU,actual_solar_generation,Solar,2026-08-27T00:57:27Z
2026-08-27T00:55:09Z,2026-08-27T02:55:09+0200,9e257938-0a8b-4b8b-95d2-ab80972bdbbd,2026-08-24T17:00:00Z,2026-08-24T19:00:00+0200,4922.107,MW,DE,DE_LU,actual_solar_generation,Solar,2026-08-27T00:57:27Z
2026-08-27T00:55:09Z,2026-08-27T02:55:09+0200,9e257938-0a8b-4b8b-95d2-ab80972bdbbd,2026-08-24T17:15:00Z,2026-08-24T19:15:00+0200,3238.422,MW,DE,DE_LU,actual_solar_generation,Solar,2026-08-27T00:57:27Z
2026-08-27T00:55:09Z,2026-08-27T02:55:09+0200,9e257938-0a8b-4b8b-95d2-ab80972bdbbd,2026-08-24T17:30:00Z,2026-08-24T19:30:00+0200,1937.15,MW,DE,DE_LU,actual_solar_generation,Solar,2026-08-27T00:57:27Z
2026-08-27T00:55:09Z,2026-08-27T02:55:09+0200,9e257938-0a8b-4b8b-95d2-ab80972bdbbd,2026-08-24T17:45:00Z,2026-08-24T19:45:00+0200,976.582,MW,DE,DE_LU,actual_solar_generation,Solar,2026-08-27T00:57:27Z
2026-08-27T00:55:09Z,2026-08-27T02:55:09+0200,9e257938-0a8b-4b8b-95d2-ab80972bdbbd,2026-08-24T18:00:00Z,2026-08-24T20:00:00+0200,389.977,MW,DE,DE_LU,actual_solar_generation,Solar,2026-08-27T00:57:27Z
2026-08-27T00:55:09Z,2026-08-27T02:55:09+0200,9e257938-0a8b-4b8b-95d2-ab80972bdbbd,2026-08-24T18:15:00Z,2026-08-24T20:15:00+0200,105.384,MW,DE,DE_LU,actual_solar_generation,Solar,2026-08-27T00:57:27Z
2026-08-27T00:55:09Z,2026-08-27T02:55:09+0200,9e257938-0a8b-4b8b-95d2-ab80972bdbbd,2026-08-24T18:30:00Z,2026-08-24T20:30:00+0200,7.643,MW,DE,DE_LU,actual_solar_generation,Solar,2026-08-27T00:57:27Z
2026-08-27T00:55:09Z,2026-08-27T02:55:09+0200,9e257938-0a8b-4b8b-95d2-ab80972bdbbd,2026-08-24T18:45:00Z,2026-08-24T20:45:00+0200,1.117,MW,DE,DE_LU,actual_solar_generation,Solar,2026-08-27T00:57:27Z
2026-08-27T00:55:09Z,2026-08-27T02:55:09+0200,9e257938-0a8b-4b8b-95d2-ab80972bdbbd,2026-08-24T19:00:00Z,2026-08-24T21:00:00+0200,0.494,MW,DE,DE_LU,actual_solar_generation,Solar,2026-08-27T00:57:27Z
2026-08-27T00:55:09Z,2026-08-27T02:55:09+0200,9e257938-0a8b-4b8b-95d2-ab80972bdbbd,2026-08-24T19:15:00Z,2026-08-24T21:15:00+0200,0.273,MW,DE,DE_LU,actual_solar_generation,Solar,2026-08-27T00:57:27Z
2026-08-27T00:55:09Z,2026-08-27T02:55:09+0200,9e257938-0a8b-4b8b-95d2-ab80972bdbbd,2026-08-24T19:30:00Z,2026-08-24T21:30:00+0200,0.191,MW,DE,DE_LU,actual_solar_generation,Solar,2026-08-27T00:57:27Z
2026-08-27T00:55:09Z,2026-08-27T02:55:09+0200,9e257938-0a8b-4b8b-95d2-ab80972bdbbd,2026-08-24T19:45:00Z,2026-08-24T21:45:00+0200,0.164,MW,DE,DE_LU,actual_solar_generation,Solar,2026-08-27T00:57:27Z
2026-08-27T00:55:09Z,2026-08-27T02:55:09+0200,9e257938-0a8b-4b8b-95d2-ab80972bdbbd,2026-08-24T20:00:00Z,2026-08-24T22:00:00+0200,0.152,MW,DE,DE_LU,actual_solar_generation,Solar,2026-08-27T00:57:27Z
2026-08-27T00:55:09Z,2026-08-27T02:55:09+0200,9e257938-0a8b-4b8b-95d2-ab80972bdbbd,2026-08-24T20:15:00Z,2026-08-24T22:15:00+0200,0.144,MW,DE,DE_LU,actual_solar_generation,Solar,2026-08-27T00:57:27Z
2026-08-27T00:55:09Z,2026-08-27T02:55:09+0200,9e257938-0a8b-4b8b-95d2-ab80972bdbbd,2026-08-24T20:30:00Z,2026-08-24T22:30:00+0200,0.138,MW,DE,DE_LU,actual_solar_generation,Solar,2026-08-27T00:57:27Z
2026-08-27T00:55:09Z,2026-08-27T02:55:09+0200,9e257938-0a8b-4b8b-95d2-ab80972bdbbd,2026-08-24T20:45:00Z,2026-08-24T22:45:00+0200,0.128,MW,DE,DE_LU,actual_solar_generation,Solar,2026-08-27T00:57:27Z
2026-08-27T00:55:09Z,2026-08-27T02:55:09+0200,9e257938-0a8b-4b8b-95d2-ab80972bdbbd,2026-08-24T21:00:00Z,2026-08-24T23:00:00+0200,0.14,MW,DE,DE_LU,actual_solar_generation,Solar,2026-08-27T00:57:27Z
2026-08-27T00:55:09Z,2026-08-27T02:55:09+0200,9e257938-0a8b-4b8b-95d2-ab80972bdbbd,2026-08-24T21:15:00Z,2026-08-24T23:15:00+0200,0.133,MW,DE,DE_LU,actual_solar_generation,Solar,2026-08-27T00:57:27Z
2026-08-27T00:55:09Z,2026-08-27T02:55:09+0200,9e257938-0a8b-4b8b-95d2-ab80972bdbbd,2026-08-24T21:30:00Z,2026-08-24T23:30:00+0200,0.122,MW,DE,DE_LU,actual_solar_generation,Solar,2026-08-27T00:57:27Z
2026-08-27T00:55:09Z,2026-08-27T02:55:09+0200,9e257938-0a8b-4b8b-95d2-ab80972bdbbd,2026-08-24T21:45:00Z,2026-08-24T23:45:00+0200,0.108,MW,DE,DE_LU,actual_solar_generation,Solar,2026-08-27T00:57:27Z
2026-08-27T00:55:09Z,2026-08-27T02:55:09+0200,9e257938-0a8b-4b8b-95d2-ab80972bdbbd,2026-08-24T22:00:00Z,2026-08-25T00:00:00+0200,0.098,MW,DE,DE_LU,actual_solar_generation,Solar,2026-08-27T00:57:27Z
2026-08-27T00:55:09Z,2026-08-27T02:55:09+0200,9e257938-0a8b-4b8b-95d2-ab80972bdbbd,2026-08-24T22:15:00Z,2026-08-25T00:15:00+0200,0.089,MW,DE,DE_LU,actual_solar_generation,Solar,2026-08-27T00:57:27Z
2026-08-27T00:55:09Z,2026-08-27T02:55:09+0200,9e257938-0a8b-4b8b-95d2-ab80972bdbbd,2026-08-24T22:30:00Z,2026-08-25T00:30:00+0200,0.084,MW,DE,DE_LU,actual_solar_generation,Solar,2026-08-27T00:57:27Z
2026-08-27T00:55:09Z,2026-08-27T02:55:09+0200,9e257938-0a8b-4b8b-95d2-ab80972bdbbd,2026-08-24T22:45:00Z,2026-08-25T00:45:00+0200,0.081,MW,DE,DE_LU,actual_solar_generation,Solar,2026-08-27T00:57:27Z
2026-08-27T00:55:09Z,2026-08-27T02:55:09+0200,9e257938-0a8b-4b8b-95d2-ab80972bdbbd,2026-08-24T23:00:00Z,2026-08-25T01:00:00+0200,0.073,MW,DE,DE_LU,actual_solar_generation,Solar,2026-08-27T00:57:27Z
2026-08-27T00:55:09Z,2026-08-27T02:55:09+0200,9e257938-0a8b-4b8b-95d2-ab80972bdbbd,2026-08-24T23:15:00Z,2026-08-25T01:15:00+0200,0.078,MW,DE,DE_LU,actual_solar_generation,Solar,2026-08-27T00:57:27Z
2026-08-27T00:55:09Z,2026-08-27T02:55:09+0200,9e257938-0a8b-4b8b-95d2-ab80972bdbbd,2026-08-24T23:30:00Z,2026-08-25T01:30:00+0200,0.067,MW,DE,DE_LU,actual_solar_generation,Solar,2026-08-27T00:57:27Z
2026-08-27T00:55:09Z,2026-08-27T02:55:09+0200,9e257938-0a8b-4b8b-95d2-ab80972bdbbd,2026-08-24T23:45:00Z,2026-08-25T01:45:00+0200,0.064,MW,DE,DE_LU,actual_solar_generation,Solar,2026-08-27T00:57:27Z
2026-08-27T00:55:09Z,2026-08-27T02:55:09+0200,9e257938-0a8b-4b8b-95d2-ab80972bdbbd,2026-08-25T00:00:00Z,2026-08-25T02:00:00+0200,0.065,MW,DE,DE_LU,actual_solar_generation,Solar,2026-08-27T00:57:27Z
2026-08-27T00:55:09Z,2026-08-27T02:55:09+0200,9e257938-0a8b-4b8b-95d2-ab80972bdbbd,2026-08-25T00:15:00Z,2026-08-25T02:15:00+0200,0.06,MW,DE,DE_LU,actual_solar_generation,Solar,2026-08-27T00:57:27Z
2026-08-27T00:55:09Z,2026-08-27T02:55:09+0200,9e257938-0a8b-4b8b-95d2-ab80972bdbbd,2026-08-25T00:30:00Z,2026-08-25T02:30:00+0200,0.058,MW,DE,DE_LU,actual_solar_generation,Solar,2026-08-27T00:57:27Z
2026-08-27T00:55:09Z,2026-08-27T02:55:09+0200,9e257938-0a8b-4b8b-95d2-ab80972bdbbd,2026-08-25T00:45:00Z,2026-08-25T02:45:00+0200,0.057,MW,DE,DE_LU,actual_solar_generation,Solar,2026-08-27T00:57:27Z
2026-08-27T00:55:09Z,2026-08-27T02:55:09+0200,9e257938-0a8b-4b8b-95d2-ab80972bdbbd,2026-08-25T01:00:00Z,2026-08-25T03:00:00+0200,0.056,MW,DE,DE_LU,actual_solar_generation,Solar,2026-08-27T00:57:27Z
2026-08-27T00:55:09Z,2026-08-27T02:55:09+0200,9e257938-0a8b-4b8b-95d2-ab80972bdbbd,2026-08-25T01:15:00Z,2026-08-25T03:15:00+0200,0.056,MW,DE,DE_LU,actual_solar_generation,Solar,2026-08-27T00:57:27Z
2026-08-27T00:55:09Z,2026-08-27T02:55:09+0200,9e257938-0a8b-4b8b-95d2-ab80972bdbbd,2026-08-25T01:30:00Z,2026-08-25T03:30:00+0200,0.053,MW,DE,DE_LU,actual_solar_generation,Solar,2026-08-27T00:57:27Z
2026-08-27T00:55:09Z,2026-08-27T02:55:09+0200,9e257938-0a8b-4b8b-95d2-ab80972bdbbd,2026-08-25T01:45:00Z,2026-08-25T03:45:00+0200,0.049,MW,DE,DE_LU,actual_solar_generation,Solar,2026-08-27T00:57:27Z
2026-08-27T00:55:09Z,2026-08-27T02:55:09+0200,9e257938-0a8b-4b8b-95d2-ab80972bdbbd,2026-08-25T02:00:00Z,2026-08-25T04:00:00+0200,0.046,MW,DE,DE_LU,actual_solar_generation,Solar,2026-08-27T00:57:27Z
2026-08-27T00:55:09Z,2026-08-27T02:55:09+0200,9e257938-0a8b-4b8b-95d2-ab80972bdbbd,2026-08-25T02:15:00Z,2026-08-25T04:15:00+0200,0.043,MW,DE,DE_LU,actual_solar_generation,Solar,2026-08-27T00:57:27Z
2026-08-27T00:55:09Z,2026-08-27T02:55:09+0200,9e257938-0a8b-4b8b-95d2-ab80972bdbbd,2026-08-25T02:30:00Z,2026-08-25T04:30:00+0200,0.043,MW,DE,DE_LU,actual_solar_generation,Solar,2026-08-27T00:57:27Z
2026-08-27T00:55:09Z,2026-08-27T02:55:09+0200,9e257938-0a8b-4b8b-95d2-ab80972bdbbd,2026-08-25T02:45:00Z,2026-08-25T04:45:00+0200,0.054,MW,DE,DE_LU,actual_solar_generation,Solar,2026-08-27T00:57:27Z
2026-08-27T00:55:09Z,2026-08-27T02:55:09+0200,9e257938-0a8b-4b8b-95d2-ab80972bdbbd,2026-08-25T03:00:00Z,2026-08-25T05:00:00+0200,0.053,MW,DE,DE_LU,actual_solar_generation,Solar,2026-08-27T00:57:27Z
2026-08-27T00:55:09Z,2026-08-27T02:55:09+0200,9e257938-0a8b-4b8b-95d2-ab80972bdbbd,2026-08-25T03:15:00Z,2026-08-25T05:15:00+0200,0.047,MW,DE,DE_LU,actual_solar_generation,Solar,2026-08-27T00:57:27Z
2026-08-27T00:55:09Z,2026-08-27T02:55:09+0200,9e257938-0a8b-4b8b-95d2-ab80972bdbbd,2026-08-25T03:30:00Z,2026-08-25T05:30:00+0200,0.051,MW,DE,DE_LU,actual_solar_generation,Solar,2026-08-27T00:57:27Z
2026-08-27T00:55:09Z,2026-08-27T02:55:09+0200,9e257938-0a8b-4b8b-95d2-ab80972bdbbd,2026-08-25T03:45:00Z,2026-08-25T05:45:00+0200,0.39,MW,DE,DE_LU,actual_solar_generation,Solar,2026-08-27T00:57:27Z
2026-08-27T00:55:09Z,2026-08-27T02:55:09+0200,9e257938-0a8b-4b8b-95d2-ab80972bdbbd,2026-08-25T04:00:00Z,2026-08-25T06:00:00+0200,11.401,MW,DE,DE_LU,actual_solar_generation,Solar,2026-08-27T00:57:27Z
2026-08-27T00:55:09Z,2026-08-27T02:55:09+0200,9e257938-0a8b-4b8b-95d2-ab80972bdbbd,2026-08-25T04:15:00Z,2026-08-25T06:15:00+0200,110.847,MW,DE,DE_LU,actual_solar_generation,Solar,2026-08-27T00:57:27Z
2026-08-27T00:55:09Z,2026-08-27T02:55:09+0200,9e257938-0a8b-4b8b-95d2-ab80972bdbbd,2026-08-25T04:30:00Z,2026-08-25T06:30:00+0200,622.047,MW,DE,DE_LU,actual_solar_generation,Solar,2026-08-27T00:57:27Z
2026-08-27T00:55:09Z,2026-08-27T02:55:09+0200,9e257938-0a8b-4b8b-95d2-ab80972bdbbd,2026-08-25T04:45:00Z,2026-08-25T06:45:00+0200,1591.201,MW,DE,DE_LU,actual_solar_generation,Solar,2026-08-27T00:57:27Z
2026-08-27T00:55:09Z,2026-08-27T02:55:09+0200,9e257938-0a8b-4b8b-95d2-ab80972bdbbd,2026-08-25T05:00:00Z,2026-08-25T07:00:00+0200,2709.391,MW,DE,DE_LU,actual_solar_generation,Solar,2026-08-27T00:57:27Z
2026-08-27T00:55:09Z,2026-08-27T02:55:09+0200,9e257938-0a8b-4b8b-95d2-ab80972bdbbd,2026-08-25T05:15:00Z,2026-08-25T07:15:00+0200,4134.722,MW,DE,DE_LU,actual_solar_generation,Solar,2026-08-27T00:57:27Z
2026-08-27T00:55:09Z,2026-08-27T02:55:09+0200,9e257938-0a8b-4b8b-95d2-ab80972bdbbd,2026-08-25T05:30:00Z,2026-08-25T07:30:00+0200,5886.688,MW,DE,DE_LU,actual_solar_generation,Solar,2026-08-27T00:57:27Z
2026-08-27T00:55:09Z,2026-08-27T02:55:09+0200,9e257938-0a8b-4b8b-95d2-ab80972bdbbd,2026-08-25T05:45:00Z,2026-08-25T07:45:00+0200,7923.68,MW,DE,DE_LU,actual_solar_generation,Solar,2026-08-27T00:57:27Z
2026-08-27T00:55:09Z,2026-08-27T02:55:09+0200,9e257938-0a8b-4b8b-95d2-ab80972bdbbd,2026-08-25T06:00:00Z,2026-08-25T08:00:00+0200,10073.516,MW,DE,DE_LU,actual_solar_generation,Solar,2026-08-27T00:57:27Z
2026-08-27T00:55:09Z,2026-08-27T02:55:09+0200,9e257938-0a8b-4b8b-95d2-ab80972bdbbd,2026-08-25T06:15:00Z,2026-08-25T08:15:00+0200,12351.816,MW,DE,DE_LU,actual_solar_generation,Solar,2026-08-27T00:57:27Z
2026-08-27T00:55:09Z,2026-08-27T02:55:09+0200,9e257938-0a8b-4b8b-95d2-ab80972bdbbd,2026-08-25T06:30:00Z,2026-08-25T08:30:00+0200,14600.459,MW,DE,DE_LU,actual_solar_generation,Solar,2026-08-27T00:57:27Z
2026-08-27T00:55:09Z,2026-08-27T02:55:09+0200,9e257938-0a8b-4b8b-95d2-ab80972bdbbd,2026-08-25T06:45:00Z,2026-08-25T08:45:00+0200,16816.329,MW,DE,DE_LU,actual_solar_generation,Solar,2026-08-27T00:57:27Z
2026-08-27T00:55:09Z,2026-08-27T02:55:09+0200,9e257938-0a8b-4b8b-95d2-ab80972bdbbd,2026-08-25T07:00:00Z,2026-08-25T09:00:00+0200,19053.36,MW,DE,DE_LU,actual_solar_generation,Solar,2026-08-27T00:57:27Z
2026-08-27T00:55:09Z,2026-08-27T02:55:09+0200,9e257938-0a8b-4b8b-95d2-ab80972bdbbd,2026-08-25T07:15:00Z,2026-08-25T09:15:00+0200,21216.795,MW,DE,DE_LU,actual_solar_generation,Solar,2026-08-27T00:57:27Z
2026-08-27T00:55:09Z,2026-08-27T02:55:09+0200,9e257938-0a8b-4b8b-95d2-ab80972bdbbd,2026-08-25T07:30:00Z,2026-08-25T09:30:00+0200,23336.645,MW,DE,DE_LU,actual_solar_generation,Solar,2026-08-27T00:57:27Z
2026-08-27T00:55:09Z,2026-08-27T02:55:09+0200,9e257938-0a8b-4b8b-95d2-ab80972bdbbd,2026-08-25T07:45:00Z,2026-08-25T09:45:00+0200,25348.198,MW,DE,DE_LU,actual_solar_generation,Solar,2026-08-27T00:57:27Z
2026-08-27T00:55:09Z,2026-08-27T02:55:09+0200,9e257938-0a8b-4b8b-95d2-ab80972bdbbd,2026-08-25T08:00:00Z,2026-08-25T10:00:00+0200,27090.084,MW,DE,DE_LU,actual_solar_generation,Solar,2026-08-27T00:57:27Z
2026-08-27T00:55:09Z,2026-08-27T02:55:09+0200,9e257938-0a8b-4b8b-95d2-ab80972bdbbd,2026-08-25T08:15:00Z,2026-08-25T10:15:00+0200,28709.598,MW,DE,DE_LU,actual_solar_generation,Solar,2026-08-27T00:57:27Z
2026-08-27T00:55:09Z,2026-08-27T02:55:09+0200,9e257938-0a8b-4b8b-95d2-ab80972bdbbd,2026-08-25T08:30:00Z,2026-08-25T10:30:00+0200,29927.248,MW,DE,DE_LU,actual_solar_generation,Solar,2026-08-27T00:57:27Z
2026-08-27T00:55:09Z,2026-08-27T02:55:09+0200,9e257938-0a8b-4b8b-95d2-ab80972bdbbd,2026-08-25T08:45:00Z,2026-08-25T10:45:00+0200,30964.86,MW,DE,DE_LU,actual_solar_generation,Solar,2026-08-27T00:57:27Z
2026-08-27T00:55:09Z,2026-08-27T02:55:09+0200,9e257938-0a8b-4b8b-95d2-ab80972bdbbd,2026-08-25T09:00:00Z,2026-08-25T11:00:00+0200,31769.447,MW,DE,DE_LU,actual_solar_generation,Solar,2026-08-27T00:57:27Z
2026-08-27T00:55:09Z,2026-08-27T02:55:09+0200,9e257938-0a8b-4b8b-95d2-ab80972bdbbd,2026-08-25T09:15:00Z,2026-08-25T11:15:00+0200,32155.15,MW,DE,DE_LU,actual_solar_generation,Solar,2026-08-27T00:57:27Z
2026-08-27T00:55:09Z,2026-08-27T02:55:09+0200,9e257938-0a8b-4b8b-95d2-ab80972bdbbd,2026-08-25T09:30:00Z,2026-08-25T11:30:00+0200,32649.366,MW,DE,DE_LU,actual_solar_generation,Solar,2026-08-27T00:57:27Z
2026-08-27T00:55:09Z,2026-08-27T02:55:09+0200,9e257938-0a8b-4b8b-95d2-ab80972bdbbd,2026-08-25T09:45:00Z,2026-08-25T11:45:00+0200,33052.048,MW,DE,DE_LU,actual_solar_generation,Solar,2026-08-27T00:57:27Z
2026-08-27T00:55:09Z,2026-08-27T02:55:09+0200,9e257938-0a8b-4b8b-95d2-ab80972bdbbd,2026-08-25T10:00:00Z,2026-08-25T12:00:00+0200,33688.636,MW,DE,DE_LU,actual_solar_generation,Solar,2026-08-27T00:57:27Z
2026-08-27T00:55:09Z,2026-08-27T02:55:09+0200,9e257938-0a8b-4b8b-95d2-ab80972bdbbd,2026-08-25T10:15:00Z,2026-08-25T12:15:00+0200,34149.596,MW,DE,DE_LU,actual_solar_generation,Solar,2026-08-27T00:57:27Z
2026-08-27T00:55:09Z,2026-08-27T02:55:09+0200,9e257938-0a8b-4b8b-95d2-ab80972bdbbd,2026-08-25T10:30:00Z,2026-08-25T12:30:00+0200,34557.947,MW,DE,DE_LU,actual_solar_generation,Solar,2026-08-27T00:57:27Z
2026-08-27T00:55:09Z,2026-08-27T02:55:09+0200,9e257938-0a8b-4b8b-95d2-ab80972bdbbd,2026-08-25T10:45:00Z,2026-08-25T12:45:00+0200,34663.253,MW,DE,DE_LU,actual_solar_generation,Solar,2026-08-27T00:57:27Z
2026-08-27T00:55:09Z,2026-08-27T02:55:09+0200,9e257938-0a8b-4b8b-95d2-ab80972bdbbd,2026-08-25T11:00:00Z,2026-08-25T13:00:00+0200,34544.896,MW,DE,DE_LU,actual_solar_generation,Solar,2026-08-27T00:57:27Z
2026-08-27T00:55:09Z,2026-08-27T02:55:09+0200,9e257938-0a8b-4b8b-95d2-ab80972bdbbd,2026-08-25T11:15:00Z,2026-08-25T13:15:00+0200,34237.084,MW,DE,DE_LU,actual_solar_generation,Solar,2026-08-27T00:57:27Z
2026-08-27T00:55:09Z,2026-08-27T02:55:09+0200,9e257938-0a8b-4b8b-95d2-ab80972bdbbd,2026-08-25T11:30:00Z,2026-08-25T13:30:00+0200,34074.623,MW,DE,DE_LU,actual_solar_generation,Solar,2026-08-27T00:57:27Z
2026-08-27T00:55:09Z,2026-08-27T02:55:09+0200,9e257938-0a8b-4b8b-95d2-ab80972bdbbd,2026-08-25T11:45:00Z,2026-08-25T13:45:00+0200,33571.503,MW,DE,DE_LU,actual_solar_generation,Solar,2026-08-27T00:57:27Z
2026-08-27T00:55:09Z,2026-08-27T02:55:09+0200,9e257938-0a8b-4b8b-95d2-ab80972bdbbd,2026-08-25T12:00:00Z,2026-08-25T14:00:00+0200,33379.005,MW,DE,DE_LU,actual_solar_generation,Solar,2026-08-27T00:57:27Z
2026-08-27T00:55:09Z,2026-08-27T02:55:09+0200,9e257938-0a8b-4b8b-95d2-ab80972bdbbd,2026-08-25T12:15:00Z,2026-08-25T14:15:00+0200,32709.495,MW,DE,DE_LU,actual_solar_generation,Solar,2026-08-27T00:57:27Z
2026-08-27T00:55:09Z,2026-08-27T02:55:09+0200,9e257938-0a8b-4b8b-95d2-ab80972bdbbd,2026-08-25T12:30:00Z,2026-08-25T14:30:00+0200,31927.722,MW,DE,DE_LU,actual_solar_generation,Solar,2026-08-27T00:57:27Z
2026-08-27T00:55:09Z,2026-08-27T02:55:09+0200,9e257938-0a8b-4b8b-95d2-ab80972bdbbd,2026-08-25T12:45:00Z,2026-08-25T14:45:00+0200,31124.043,MW,DE,DE_LU,actual_solar_generation,Solar,2026-08-27T00:57:27Z
2026-08-27T00:55:09Z,2026-08-27T02:55:09+0200,9e257938-0a8b-4b8b-95d2-ab80972bdbbd,2026-08-25T13:00:00Z,2026-08-25T15:00:00+0200,29774.948,MW,DE,DE_LU,actual_solar_generation,Solar,2026-08-27T00:57:27Z
2026-08-27T00:55:09Z,2026-08-27T02:55:09+0200,9e257938-0a8b-4b8b-95d2-ab80972bdbbd,2026-08-25T13:15:00Z,2026-08-25T15:15:00+0200,28388.007,MW,DE,DE_LU,actual_solar_generation,Solar,2026-08-27T00:57:27Z
2026-08-27T00:55:09Z,2026-08-27T02:55:09+0200,9e257938-0a8b-4b8b-95d2-ab80972bdbbd,2026-08-25T13:30:00Z,2026-08-25T15:30:00+0200,27370.02,MW,DE,DE_LU,actual_solar_generation,Solar,2026-08-27T00:57:27Z
2026-08-27T00:55:09Z,2026-08-27T02:55:09+0200,9e257938-0a8b-4b8b-95d2-ab80972bdbbd,2026-08-25T13:45:00Z,2026-08-25T15:45:00+0200,26022.722,MW,DE,DE_LU,actual_solar_generation,Solar,2026-08-27T00:57:27Z
2026-08-27T00:55:09Z,2026-08-27T02:55:09+0200,9e257938-0a8b-4b8b-95d2-ab80972bdbbd,2026-08-25T14:00:00Z,2026-08-25T16:00:00+0200,24689.959,MW,DE,DE_LU,actual_solar_generation,Solar,2026-08-27T00:57:27Z
2026-08-27T00:55:09Z,2026-08-27T02:55:09+0200,9e257938-0a8b-4b8b-95d2-ab80972bdbbd,2026-08-25T14:15:00Z,2026-08-25T16:15:00+0200,22854.709,MW,DE,DE_LU,actual_solar_generation,Solar,2026-08-27T00:57:27Z
2026-08-27T00:55:09Z,2026-08-27T02:55:09+0200,9e257938-0a8b-4b8b-95d2-ab80972bdbbd,2026-08-25T14:30:00Z,2026-08-25T16:30:00+0200,21111.584,MW,DE,DE_LU,actual_solar_generation,Solar,2026-08-27T00:57:27Z
2026-08-27T00:55:09Z,2026-08-27T02:55:09+0200,9e257938-0a8b-4b8b-95d2-ab80972bdbbd,2026-08-25T14:45:00Z,2026-08-25T16:45:00+0200,19226.908,MW,DE,DE_LU,actual_solar_generation,Solar,2026-08-27T00:57:27Z
2026-08-27T00:55:09Z,2026-08-27T02:55:09+0200,9e257938-0a8b-4b8b-95d2-ab80972bdbbd,2026-08-25T15:00:00Z,2026-08-25T17:00:00+0200,17500.523,MW,DE,DE_LU,actual_solar_generation,Solar,2026-08-27T00:57:27Z
2026-08-27T00:55:09Z,2026-08-27T02:55:09+0200,9e257938-0a8b-4b8b-95d2-ab80972bdbbd,2026-08-25T15:15:00Z,2026-08-25T17:15:00+0200,15481.509,MW,DE,DE_LU,actual_solar_generation,Solar,2026-08-27T00:57:27Z
2026-08-27T00:55:09Z,2026-08-27T02:55:09+0200,9e257938-0a8b-4b8b-95d2-ab80972bdbbd,2026-08-25T15:30:00Z,2026-08-25T17:30:00+0200,13444.965,MW,DE,DE_LU,actual_solar_generation,Solar,2026-08-27T00:57:27Z
2026-08-27T00:55:09Z,2026-08-27T02:55:09+0200,9e257938-0a8b-4b8b-95d2-ab80972bdbbd,2026-08-25T15:45:00Z,2026-08-25T17:45:00+0200,11515.529,MW,DE,DE_LU,actual_solar_generation,Solar,2026-08-27T00:57:27Z
2026-08-27T00:55:09Z,2026-08-27T02:55:09+0200,9e257938-0a8b-4b8b-95d2-ab80972bdbbd,2026-08-25T16:00:00Z,2026-08-25T18:00:00+0200,9639.159,MW,DE,DE_LU,actual_solar_generation,Solar,2026-08-27T00:57:27Z
2026-08-27T00:55:09Z,2026-08-27T02:55:09+0200,9e257938-0a8b-4b8b-95d2-ab80972bdbbd,2026-08-25T16:15:00Z,2026-08-25T18:15:00+0200,7811.859,MW,DE,DE_LU,actual_solar_generation,Solar,2026-08-27T00:57:27Z
2026-08-27T00:55:09Z,2026-08-27T02:55:09+0200,9e257938-0a8b-4b8b-95d2-ab80972bdbbd,2026-08-25T16:30:00Z,2026-08-25T18:30:00+0200,6131.239,MW,DE,DE_LU,actual_solar_generation,Solar,2026-08-27T00:57:27Z
2026-08-27T00:55:09Z,2026-08-27T02:55:09+0200,9e257938-0a8b-4b8b-95d2-ab80972bdbbd,2026-08-25T16:45:00Z,2026-08-25T18:45:00+0200,4649.713,MW,DE,DE_LU,actual_solar_generation,Solar,2026-08-27T00:57:27Z
2026-08-27T00:55:09Z,2026-08-27T02:55:09+0200,9e257938-0a8b-4b8b-95d2-ab80972bdbbd,2026-08-25T17:00:00Z,2026-08-25T19:00:00+0200,3332.993,MW,DE,DE_LU,actual_solar_generation,Solar,2026-08-27T00:57:27Z
2026-08-27T00:55:09Z,2026-08-27T02:55:09+0200,9e257938-0a8b-4b8b-95d2-ab80972bdbbd,2026-08-25T17:15:00Z,2026-08-25T19:15:00+0200,2208.193,MW,DE,DE_LU,actual_solar_generation,Solar,2026-08-27T00:57:27Z
2026-08-27T00:55:09Z,2026-08-27T02:55:09+0200,9e257938-0a8b-4b8b-95d2-ab80972bdbbd,2026-08-25T17:30:00Z,2026-08-25T19:30:00+0200,1315.772,MW,DE,DE_LU,actual_solar_generation,Solar,2026-08-27T00:57:27Z
2026-08-27T00:55:09Z,2026-08-27T02:55:09+0200,9e257938-0a8b-4b8b-95d2-ab80972bdbbd,2026-08-25T17:45:00Z,2026-08-25T19:45:00+0200,632.027,MW,DE,DE_LU,actual_solar_generation,Solar,2026-08-27T00:57:27Z
2026-08-27T00:55:09Z,2026-08-27T02:55:09+0200,9e257938-0a8b-4b8b-95d2-ab80972bdbbd,2026-08-25T18:00:00Z,2026-08-25T20:00:00+0200,241.575,MW,DE,DE_LU,actual_solar_generation,Solar,2026-08-27T00:57:27Z
2026-08-27T00:55:09Z,2026-08-27T02:55:09+0200,9e257938-0a8b-4b8b-95d2-ab80972bdbbd,2026-08-25T18:15:00Z,2026-08-25T20:15:00+0200,78.539,MW,DE,DE_LU,actual_solar_generation,Solar,2026-08-27T00:57:27Z
2026-08-27T00:55:09Z,2026-08-27T02:55:09+0200,9e257938-0a8b-4b8b-95d2-ab80972bdbbd,2026-08-25T18:30:00Z,2026-08-25T20:30:00+0200,7.833,MW,DE,DE_LU,actual_solar_generation,Solar,2026-08-27T00:57:27Z
2026-08-27T00:55:09Z,2026-08-27T02:55:09+0200,9e257938-0a8b-4b8b-95d2-ab80972bdbbd,2026-08-25T18:45:00Z,2026-08-25T20:45:00+0200,1.16,MW,DE,DE_LU,actual_solar_generation,Solar,2026-08-27T00:57:27Z
2026-08-27T00:55:09Z,2026-08-27T02:55:09+0200,9e257938-0a8b-4b8b-95d2-ab80972bdbbd,2026-08-25T19:00:00Z,2026-08-25T21:00:00+0200,0.498,MW,DE,DE_LU,actual_solar_generation,Solar,2026-08-27T00:57:27Z
2026-08-27T00:55:09Z,2026-08-27T02:55:09+0200,9e257938-0a8b-4b8b-95d2-ab80972bdbbd,2026-08-25T19:15:00Z,2026-08-25T21:15:00+0200,0.22,MW,DE,DE_LU,actual_solar_generation,Solar,2026-08-27T00:57:27Z
2026-08-27T00:55:09Z,2026-08-27T02:55:09+0200,9e257938-0a8b-4b8b-95d2-ab80972bdbbd,2026-08-25T19:30:00Z,2026-08-25T21:30:00+0200,0.116,MW,DE,DE_LU,actual_solar_generation,Solar,2026-08-27T00:57:27Z
2026-08-27T00:55:09Z,2026-08-27T02:55:09+0200,9e257938-0a8b-4b8b-95d2-ab80972bdbbd,2026-08-25T19:45:00Z,2026-08-25T21:45:00+0200,0.116,MW,DE,DE_LU,actual_solar_generation,Solar,2026-08-27T00:57:27Z
2026-08-27T00:55:09Z,2026-08-27T02:55:09+0200,9e257938-0a8b-4b8b-95d2-ab80972bdbbd,2026-08-25T20:00:00Z,2026-08-25T22:00:00+0200,0.104,MW,DE,DE_LU,actual_solar_generation,Solar,2026-08-27T00:57:27Z
2026-08-27T00:55:09Z,2026-08-27T02:55:09+0200,9e257938-0a8b-4b8b-95d2-ab80972bdbbd,2026-08-25T20:15:00Z,2026-08-25T22:15:00+0200,0.094,MW,DE,DE_LU,actual_solar_generation,Solar,2026-08-27T00:57:27Z
2026-08-27T00:55:09Z,2026-08-27T02:55:09+0200,9e257938-0a8b-4b8b-95d2-ab80972bdbbd,2026-08-25T20:30:00Z,2026-08-25T22:30:00+0200,0.096,MW,DE,DE_LU,actual_solar_generation,Solar,2026-08-27T00:57:27Z
2026-08-27T00:55:09Z,2026-08-27T02:55:09+0200,9e257938-0a8b-4b8b-95d2-ab80972bdbbd,2026-08-25T20:45:00Z,2026-08-25T22:45:00+0200,0.086,MW,DE,DE_LU,actual_solar_generation,Solar,2026-08-27T00:57:27Z
2026-08-27T00:55:09Z,2026-08-27T02:55:09+0200,9e257938-0a8b-4b8b-95d2-ab80972bdbbd,2026-08-25T21:00:00Z,2026-08-25T23:00:00+0200,0.094,MW,DE,DE_LU,actual_solar_generation,Solar,2026-08-27T00:57:27Z
2026-08-27T00:55:09Z,2026-08-27T02:55:09+0200,9e257938-0a8b-4b8b-95d2-ab80972bdbbd,2026-08-25T21:15:00Z,2026-08-25T23:15:00+0200,0.079,MW,DE,DE_LU,actual_solar_generation,Solar,2026-08-27T00:57:27Z
2026-08-27T00:55:09Z,2026-08-27T02:55:09+0200,9e257938-0a8b-4b8b-95d2-ab80972bdbbd,2026-08-25T21:30:00Z,2026-08-25T23:30:00+0200,0.071,MW,DE,DE_LU,actual_solar_generation,Solar,2026-08-27T00:57:27Z
2026-08-27T00:55:09Z,2026-08-27T02:55:09+0200,9e257938-0a8b-4b8b-95d2-ab80972bdbbd,2026-08-25T21:45:00Z,2026-08-25T23:45:00+0200,0.068,MW,DE,DE_LU,actual_solar_generation,Solar,2026-08-27T00:57:27Z
2026-08-27T00:55:09Z,2026-08-27T02:55:09+0200,9e257938-0a8b-4b8b-95d2-ab80972bdbbd,2026-08-25T22:00:00Z,2026-08-26T00:00:00+0200,0.0,MW,DE,DE_LU,actual_solar_generation,Solar,2026-08-27T00:57:27Z
2026-08-27T00:55:09Z,2026-08-27T02:55:09+0200,9e257938-0a8b-4b8b-95d2-ab80972bdbbd,2026-08-25T22:15:00Z,2026-08-26T00:15:00+0200,0.0,MW,DE,DE_LU,actual_solar_generation,Solar,2026-08-27T00:57:27Z
2026-08-27T00:55:09Z,2026-08-27T02:55:09+0200,9e257938-0a8b-4b8b-95d2-ab80972bdbbd,2026-08-25T22:30:00Z,2026-08-26T00:30:00+0200,0.0,MW,DE,DE_LU,actual_solar_generation,Solar,2026-08-27T00:57:27Z
2026-08-27T00:55:09Z,2026-08-27T02:55:09+0200,9e257938-0a8b-4b8b-95d2-ab80972bdbbd,2026-08-25T22:45:00Z,2026-08-26T00:45:00+0200,0.0,MW,DE,DE_LU,actual_solar_generation,Solar,2026-08-27T00:57:27Z
2026-08-27T00:55:09Z,2026-08-27T02:55:09+0200,9e257938-0a8b-4b8b-95d2-ab80972bdbbd,2026-08-25T23:00:00Z,2026-08-26T01:00:00+0200,0.0,MW,DE,DE_LU,actual_solar_generation,Solar,2026-08-27T00:57:27Z
2026-08-27T00:55:09Z,2026-08-27T02:55:09+0200,9e257938-0a8b-4b8b-95d2-ab80972bdbbd,2026-08-25T23:15:00Z,2026-08-26T01:15:00+0200,0.0,MW,DE,DE_LU,actual_solar_generation,Solar,2026-08-27T00:57:27Z
2026-08-27T00:55:09Z,2026-08-27T02:55:09+0200,9e257938-0a8b-4b8b-95d2-ab80972bdbbd,2026-08-25T23:30:00Z,2026-08-26T01:30:00+0200,0.002,MW,DE,DE_LU,actual_solar_generation,Solar,2026-08-27T00:57:27Z
2026-08-27T00:55:09Z,2026-08-27T02:55:09+0200,9e257938-0a8b-4b8b-95d2-ab80972bdbbd,2026-08-25T23:45:00Z,2026-08-26T01:45:00+0200,0.002,MW,DE,DE_LU,actual_solar_generation,Solar,2026-08-27T00:57:27Z
2026-08-27T00:55:09Z,2026-08-27T02:55:09+0200,9e257938-0a8b-4b8b-95d2-ab80972bdbbd,2026-08-26T00:00:00Z,2026-08-26T02:00:00+0200,0.0,MW,DE,DE_LU,actual_solar_generation,Solar,2026-08-27T00:57:27Z
2026-08-27T00:55:09Z,2026-08-27T02:55:09+0200,9e257938-0a8b-4b8b-95d2-ab80972bdbbd,2026-08-26T00:15:00Z,2026-08-26T02:15:00+0200,0.0,MW,DE,DE_LU,actual_solar_generation,Solar,2026-08-27T00:57:27Z
2026-08-27T00:55:09Z,2026-08-27T02:55:09+0200,9e257938-0a8b-4b8b-95d2-ab80972bdbbd,2026-08-26T00:30:00Z,2026-08-26T02:30:00+0200,0.0,MW,DE,DE_LU,actual_solar_generation,Solar,2026-08-27T00:57:27Z
2026-08-27T00:55:09Z,2026-08-27T02:55:09+0200,9e257938-0a8b-4b8b-95d2-ab80972bdbbd,2026-08-26T00:45:00Z,2026-08-26T02:45:00+0200,0.0,MW,DE,DE_LU,actual_solar_generation,Solar,2026-08-27T00:57:27Z
2026-08-27T00:55:09Z,2026-08-27T02:55:09+0200,9e257938-0a8b-4b8b-95d2-ab80972bdbbd,2026-08-26T01:00:00Z,2026-08-26T03:00:00+0200,0.0,MW,DE,DE_LU,actual_solar_generation,Solar,2026-08-27T00:57:27Z
2026-08-27T00:55:09Z,2026-08-27T02:55:09+0200,9e257938-0a8b-4b8b-95d2-ab80972bdbbd,2026-08-26T01:15:00Z,2026-08-26T03:15:00+0200,0.003,MW,DE,DE_LU,actual_solar_generation,Solar,2026-08-27T00:57:27Z
2026-08-27T00:55:09Z,2026-08-27T02:55:09+0200,9e257938-0a8b-4b8b-95d2-ab80972bdbbd,2026-08-26T01:30:00Z,2026-08-26T03:30:00+0200,0.0,MW,DE,DE_LU,actual_solar_generation,Solar,2026-08-27T00:57:27Z
2026-08-27T00:55:09Z,2026-08-27T02:55:09+0200,9e257938-0a8b-4b8b-95d2-ab80972bdbbd,2026-08-26T01:45:00Z,2026-08-26T03:45:00+0200,0.0,MW,DE,DE_LU,actual_solar_generation,Solar,2026-08-27T00:57:27Z
2026-08-27T00:55:09Z,2026-08-27T02:55:09+0200,9e257938-0a8b-4b8b-95d2-ab80972bdbbd,2026-08-26T02:00:00Z,2026-08-26T04:00:00+0200,0.0,MW,DE,DE_LU,actual_solar_generation,Solar,2026-08-27T00:57:27Z
2026-08-27T00:55:09Z,2026-08-27T02:55:09+0200,9e257938-0a8b-4b8b-95d2-ab80972bdbbd,2026-08-26T02:15:00Z,2026-08-26T04:15:00+0200,0.0,MW,DE,DE_LU,actual_solar_generation,Solar,2026-08-27T00:57:27Z
2026-08-27T00:55:09Z,2026-08-27T02:55:09+0200,9e257938-0a8b-4b8b-95d2-ab80972bdbbd,2026-08-26T02:30:00Z,2026-08-26T04:30:00+0200,0.0,MW,DE,DE_LU,actual_solar_generation,Solar,2026-08-27T00:57:27Z
2026-08-27T00:55:09Z,2026-08-27T02:55:09+0200,9e257938-0a8b-4b8b-95d2-ab80972bdbbd,2026-08-26T02:45:00Z,2026-08-26T04:45:00+0200,0.002,MW,DE,DE_LU,actual_solar_generation,Solar,2026-08-27T00:57:27Z
2026-08-27T00:55:09Z,2026-08-27T02:55:09+0200,9e257938-0a8b-4b8b-95d2-ab80972bdbbd,2026-08-26T03:00:00Z,2026-08-26T05:00:00+0200,0.0,MW,DE,DE_LU,actual_solar_generation,Solar,2026-08-27T00:57:27Z
2026-08-27T00:55:09Z,2026-08-27T02:55:09+0200,9e257938-0a8b-4b8b-95d2-ab80972bdbbd,2026-08-26T03:15:00Z,2026-08-26T05:15:00+0200,0.001,MW,DE,DE_LU,actual_solar_generation,Solar,2026-08-27T00:57:27Z
2026-08-27T00:55:09Z,2026-08-27T02:55:09+0200,9e257938-0a8b-4b8b-95d2-ab80972bdbbd,2026-08-26T03:30:00Z,2026-08-26T05:30:00+0200,0.0,MW,DE,DE_LU,actual_solar_generation,Solar,2026-08-27T00:57:27Z
2026-08-27T00:55:09Z,2026-08-27T02:55:09+0200,9e257938-0a8b-4b8b-95d2-ab80972bdbbd,2026-08-26T03:45:00Z,2026-08-26T05:45:00+0200,1.17,MW,DE,DE_LU,actual_solar_generation,Solar,2026-08-27T00:57:27Z
2026-08-27T00:55:09Z,2026-08-27T02:55:09+0200,9e257938-0a8b-4b8b-95d2-ab80972bdbbd,2026-08-26T04:00:00Z,2026-08-26T06:00:00+0200,15.384,MW,DE,DE_LU,actual_solar_generation,Solar,2026-08-27T00:57:27Z
2026-08-27T00:55:09Z,2026-08-27T02:55:09+0200,9e257938-0a8b-4b8b-95d2-ab80972bdbbd,2026-08-26T04:15:00Z,2026-08-26T06:15:00+0200,85.419,MW,DE,DE_LU,actual_solar_generation,Solar,2026-08-27T00:57:27Z
2026-08-27T00:55:09Z,2026-08-27T02:55:09+0200,9e257938-0a8b-4b8b-95d2-ab80972bdbbd,2026-08-26T04:30:00Z,2026-08-26T06:30:00+0200,357.235,MW,DE,DE_LU,actual_solar_generation,Solar,2026-08-27T00:57:27Z
2026-08-27T00:55:09Z,2026-08-27T02:55:09+0200,9e257938-0a8b-4b8b-95d2-ab80972bdbbd,2026-08-26T04:45:00Z,2026-08-26T06:45:00+0200,1031.804,MW,DE,DE_LU,actual_solar_generation,Solar,2026-08-27T00:57:27Z
2026-08-27T00:55:09Z,2026-08-27T02:55:09+0200,9e257938-0a8b-4b8b-95d2-ab80972bdbbd,2026-08-26T05:00:00Z,2026-08-26T07:00:00+0200,1970.361,MW,DE,DE_LU,actual_solar_generation,Solar,2026-08-27T00:57:27Z
2026-08-27T00:55:09Z,2026-08-27T02:55:09+0200,9e257938-0a8b-4b8b-95d2-ab80972bdbbd,2026-08-26T05:15:00Z,2026-08-26T07:15:00+0200,3092.104,MW,DE,DE_LU,actual_solar_generation,Solar,2026-08-27T00:57:27Z
2026-08-27T00:55:09Z,2026-08-27T02:55:09+0200,9e257938-0a8b-4b8b-95d2-ab80972bdbbd,2026-08-26T05:30:00Z,2026-08-26T07:30:00+0200,4404.663,MW,DE,DE_LU,actual_solar_generation,Solar,2026-08-27T00:57:27Z
2026-08-27T00:55:09Z,2026-08-27T02:55:09+0200,9e257938-0a8b-4b8b-95d2-ab80972bdbbd,2026-08-26T05:45:00Z,2026-08-26T07:45:00+0200,5967.013,MW,DE,DE_LU,actual_solar_generation,Solar,2026-08-27T00:57:27Z
2026-08-27T00:55:09Z,2026-08-27T02:55:09+0200,9e257938-0a8b-4b8b-95d2-ab80972bdbbd,2026-08-26T06:00:00Z,2026-08-26T08:00:00+0200,7741.399,MW,DE,DE_LU,actual_solar_generation,Solar,2026-08-27T00:57:27Z
2026-08-27T00:55:09Z,2026-08-27T02:55:09+0200,9e257938-0a8b-4b8b-95d2-ab80972bdbbd,2026-08-26T06:15:00Z,2026-08-26T08:15:00+0200,9535.41,MW,DE,DE_LU,actual_solar_generation,Solar,2026-08-27T00:57:27Z
2026-08-27T00:55:09Z,2026-08-27T02:55:09+0200,9e257938-0a8b-4b8b-95d2-ab80972bdbbd,2026-08-26T06:30:00Z,2026-08-26T08:30:00+0200,11577.468,MW,DE,DE_LU,actual_solar_generation,Solar,2026-08-27T00:57:27Z
2026-08-27T00:55:09Z,2026-08-27T02:55:09+0200,9e257938-0a8b-4b8b-95d2-ab80972bdbbd,2026-08-26T06:45:00Z,2026-08-26T08:45:00+0200,13915.249,MW,DE,DE_LU,actual_solar_generation,Solar,2026-08-27T00:57:27Z
2026-08-27T00:55:09Z,2026-08-27T02:55:09+0200,9e257938-0a8b-4b8b-95d2-ab80972bdbbd,2026-08-26T07:00:00Z,2026-08-26T09:00:00+0200,16140.551,MW,DE,DE_LU,actual_solar_generation,Solar,2026-08-27T00:57:27Z
2026-08-27T00:55:09Z,2026-08-27T02:55:09+0200,9e257938-0a8b-4b8b-95d2-ab80972bdbbd,2026-08-26T07:15:00Z,2026-08-26T09:15:00+0200,18470.631,MW,DE,DE_LU,actual_solar_generation,Solar,2026-08-27T00:57:27Z
2026-08-27T00:55:09Z,2026-08-27T02:55:09+0200,9e257938-0a8b-4b8b-95d2-ab80972bdbbd,2026-08-26T07:30:00Z,2026-08-26T09:30:00+0200,20878.178,MW,DE,DE_LU,actual_solar_generation,Solar,2026-08-27T00:57:27Z
2026-08-27T00:55:09Z,2026-08-27T02:55:09+0200,9e257938-0a8b-4b8b-95d2-ab80972bdbbd,2026-08-26T07:45:00Z,2026-08-26T09:45:00+0200,23409.35,MW,DE,DE_LU,actual_solar_generation,Solar,2026-08-27T00:57:27Z
2026-08-27T00:55:09Z,2026-08-27T02:55:09+0200,9e257938-0a8b-4b8b-95d2-ab80972bdbbd,2026-08-26T08:00:00Z,2026-08-26T10:00:00+0200,25797.819,MW,DE,DE_LU,actual_solar_generation,Solar,2026-08-27T00:57:27Z
2026-08-27T00:55:09Z,2026-08-27T02:55:09+0200,9e257938-0a8b-4b8b-95d2-ab80972bdbbd,2026-08-26T08:15:00Z,2026-08-26T10:15:00+0200,28185.954,MW,DE,DE_LU,actual_solar_generation,Solar,2026-08-27T00:57:27Z
2026-08-27T00:55:09Z,2026-08-27T02:55:09+0200,9e257938-0a8b-4b8b-95d2-ab80972bdbbd,2026-08-26T08:30:00Z,2026-08-26T10:30:00+0200,30538.814,MW,DE,DE_LU,actual_solar_generation,Solar,2026-08-27T00:57:27Z
2026-08-27T00:55:09Z,2026-08-27T02:55:09+0200,9e257938-0a8b-4b8b-95d2-ab80972bdbbd,2026-08-26T08:45:00Z,2026-08-26T10:45:00+0200,32490.726,MW,DE,DE_LU,actual_solar_generation,Solar,2026-08-27T00:57:27Z
2026-08-27T00:55:09Z,2026-08-27T02:55:09+0200,9e257938-0a8b-4b8b-95d2-ab80972bdbbd,2026-08-26T09:00:00Z,2026-08-26T11:00:00+0200,34420.54,MW,DE,DE_LU,actual_solar_generation,Solar,2026-08-27T00:57:27Z
2026-08-27T00:55:09Z,2026-08-27T02:55:09+0200,9e257938-0a8b-4b8b-95d2-ab80972bdbbd,2026-08-26T09:15:00Z,2026-08-26T11:15:00+0200,36238.449,MW,DE,DE_LU,actual_solar_generation,Solar,2026-08-27T00:57:27Z
2026-08-27T00:55:09Z,2026-08-27T02:55:09+0200,9e257938-0a8b-4b8b-95d2-ab80972bdbbd,2026-08-26T09:30:00Z,2026-08-26T11:30:00+0200,37513.675,MW,DE,DE_LU,actual_solar_generation,Solar,2026-08-27T00:57:27Z
2026-08-27T00:55:09Z,2026-08-27T02:55:09+0200,9e257938-0a8b-4b8b-95d2-ab80972bdbbd,2026-08-26T09:45:00Z,2026-08-26T11:45:00+0200,38632.055,MW,DE,DE_LU,actual_solar_generation,Solar,2026-08-27T00:57:27Z
2026-08-27T00:55:09Z,2026-08-27T02:55:09+0200,9e257938-0a8b-4b8b-95d2-ab80972bdbbd,2026-08-26T10:00:00Z,2026-08-26T12:00:00+0200,39559.447,MW,DE,DE_LU,actual_solar_generation,Solar,2026-08-27T00:57:27Z
2026-08-27T00:55:09Z,2026-08-27T02:55:09+0200,9e257938-0a8b-4b8b-95d2-ab80972bdbbd,2026-08-26T10:15:00Z,2026-08-26T12:15:00+0200,40256.451,MW,DE,DE_LU,actual_solar_generation,Solar,2026-08-27T00:57:27Z
2026-08-27T00:55:09Z,2026-08-27T02:55:09+0200,9e257938-0a8b-4b8b-95d2-ab80972bdbbd,2026-08-26T10:30:00Z,2026-08-26T12:30:00+0200,40746.55,MW,DE,DE_LU,actual_solar_generation,Solar,2026-08-27T00:57:27Z
2026-08-27T00:55:09Z,2026-08-27T02:55:09+0200,9e257938-0a8b-4b8b-95d2-ab80972bdbbd,2026-08-26T10:45:00Z,2026-08-26T12:45:00+0200,40990.486,MW,DE,DE_LU,actual_solar_generation,Solar,2026-08-27T00:57:27Z
2026-08-27T00:55:09Z,2026-08-27T02:55:09+0200,9e257938-0a8b-4b8b-95d2-ab80972bdbbd,2026-08-26T11:00:00Z,2026-08-26T13:00:00+0200,41192.325,MW,DE,DE_LU,actual_solar_generation,Solar,2026-08-27T00:57:27Z
2026-08-27T00:55:09Z,2026-08-27T02:55:09+0200,9e257938-0a8b-4b8b-95d2-ab80972bdbbd,2026-08-26T11:15:00Z,2026-08-26T13:15:00+0200,41063.651,MW,DE,DE_LU,actual_solar_generation,Solar,2026-08-27T00:57:27Z
2026-08-27T00:55:09Z,2026-08-27T02:55:09+0200,9e257938-0a8b-4b8b-95d2-ab80972bdbbd,2026-08-26T11:30:00Z,2026-08-26T13:30:00+0200,41014.788,MW,DE,DE_LU,actual_solar_generation,Solar,2026-08-27T00:57:27Z
2026-08-27T00:55:09Z,2026-08-27T02:55:09+0200,9e257938-0a8b-4b8b-95d2-ab80972bdbbd,2026-08-26T11:45:00Z,2026-08-26T13:45:00+0200,40707.829,MW,DE,DE_LU,actual_solar_generation,Solar,2026-08-27T00:57:27Z
2026-08-27T00:55:09Z,2026-08-27T02:55:09+0200,9e257938-0a8b-4b8b-95d2-ab80972bdbbd,2026-08-26T12:00:00Z,2026-08-26T14:00:00+0200,40400.995,MW,DE,DE_LU,actual_solar_generation,Solar,2026-08-27T00:57:27Z
2026-08-27T00:55:09Z,2026-08-27T02:55:09+0200,9e257938-0a8b-4b8b-95d2-ab80972bdbbd,2026-08-26T12:15:00Z,2026-08-26T14:15:00+0200,39871.651,MW,DE,DE_LU,actual_solar_generation,Solar,2026-08-27T00:57:27Z
2026-08-27T00:55:09Z,2026-08-27T02:55:09+0200,9e257938-0a8b-4b8b-95d2-ab80972bdbbd,2026-08-26T12:30:00Z,2026-08-26T14:30:00+0200,39403.752,MW,DE,DE_LU,actual_solar_generation,Solar,2026-08-27T00:57:27Z
2026-08-27T00:55:09Z,2026-08-27T02:55:09+0200,9e257938-0a8b-4b8b-95d2-ab80972bdbbd,2026-08-26T12:45:00Z,2026-08-26T14:45:00+0200,38571.122,MW,DE,DE_LU,actual_solar_generation,Solar,2026-08-27T00:57:27Z
2026-08-27T00:55:09Z,2026-08-27T02:55:09+0200,9e257938-0a8b-4b8b-95d2-ab80972bdbbd,2026-08-26T13:00:00Z,2026-08-26T15:00:00+0200,37782.166,MW,DE,DE_LU,actual_solar_generation,Solar,2026-08-27T00:57:27Z
2026-08-27T00:55:09Z,2026-08-27T02:55:09+0200,9e257938-0a8b-4b8b-95d2-ab80972bdbbd,2026-08-26T13:15:00Z,2026-08-26T15:15:00+0200,36558.162,MW,DE,DE_LU,actual_solar_generation,Solar,2026-08-27T00:57:27Z
2026-08-27T00:55:09Z,2026-08-27T02:55:09+0200,9e257938-0a8b-4b8b-95d2-ab80972bdbbd,2026-08-26T13:30:00Z,2026-08-26T15:30:00+0200,35131.312,MW,DE,DE_LU,actual_solar_generation,Solar,2026-08-27T00:57:27Z
2026-08-27T00:55:09Z,2026-08-27T02:55:09+0200,9e257938-0a8b-4b8b-95d2-ab80972bdbbd,2026-08-26T13:45:00Z,2026-08-26T15:45:00+0200,33482.972,MW,DE,DE_LU,actual_solar_generation,Solar,2026-08-27T00:57:27Z
2026-08-27T00:55:09Z,2026-08-27T02:55:09+0200,9e257938-0a8b-4b8b-95d2-ab80972bdbbd,2026-08-26T14:00:00Z,2026-08-26T16:00:00+0200,31856.036,MW,DE,DE_LU,actual_solar_generation,Solar,2026-08-27T00:57:27Z
2026-08-27T00:55:09Z,2026-08-27T02:55:09+0200,9e257938-0a8b-4b8b-95d2-ab80972bdbbd,2026-08-26T14:15:00Z,2026-08-26T16:15:00+0200,30439.633,MW,DE,DE_LU,actual_solar_generation,Solar,2026-08-27T00:57:27Z
2026-08-27T00:55:09Z,2026-08-27T02:55:09+0200,9e257938-0a8b-4b8b-95d2-ab80972bdbbd,2026-08-26T14:30:00Z,2026-08-26T16:30:00+0200,28690.297,MW,DE,DE_LU,actual_solar_generation,Solar,2026-08-27T00:57:27Z
2026-08-27T00:55:09Z,2026-08-27T02:55:09+0200,9e257938-0a8b-4b8b-95d2-ab80972bdbbd,2026-08-26T14:45:00Z,2026-08-26T16:45:00+0200,26725.765,MW,DE,DE_LU,actual_solar_generation,Solar,2026-08-27T00:57:27Z
2026-08-27T00:55:09Z,2026-08-27T02:55:09+0200,9e257938-0a8b-4b8b-95d2-ab80972bdbbd,2026-08-26T15:00:00Z,2026-08-26T17:00:00+0200,24527.614,MW,DE,DE_LU,actual_solar_generation,Solar,2026-08-27T00:57:27Z
2026-08-27T00:55:09Z,2026-08-27T02:55:09+0200,9e257938-0a8b-4b8b-95d2-ab80972bdbbd,2026-08-26T15:15:00Z,2026-08-26T17:15:00+0200,22180.363,MW,DE,DE_LU,actual_solar_generation,Solar,2026-08-27T00:57:27Z
2026-08-27T00:55:09Z,2026-08-27T02:55:09+0200,9e257938-0a8b-4b8b-95d2-ab80972bdbbd,2026-08-26T15:30:00Z,2026-08-26T17:30:00+0200,19800.126,MW,DE,DE_LU,actual_solar_generation,Solar,2026-08-27T00:57:27Z
2026-08-27T00:55:09Z,2026-08-27T02:55:09+0200,9e257938-0a8b-4b8b-95d2-ab80972bdbbd,2026-08-26T15:45:00Z,2026-08-26T17:45:00+0200,17254.277,MW,DE,DE_LU,actual_solar_generation,Solar,2026-08-27T00:57:27Z
2026-08-27T00:55:09Z,2026-08-27T02:55:09+0200,9e257938-0a8b-4b8b-95d2-ab80972bdbbd,2026-08-26T16:00:00Z,2026-08-26T18:00:00+0200,14557.726,MW,DE,DE_LU,actual_solar_generation,Solar,2026-08-27T00:57:27Z
2026-08-27T00:55:09Z,2026-08-27T02:55:09+0200,9e257938-0a8b-4b8b-95d2-ab80972bdbbd,2026-08-26T16:15:00Z,2026-08-26T18:15:00+0200,11763.881,MW,DE,DE_LU,actual_solar_generation,Solar,2026-08-27T00:57:27Z
2026-08-27T00:55:09Z,2026-08-27T02:55:09+0200,9e257938-0a8b-4b8b-95d2-ab80972bdbbd,2026-08-26T16:30:00Z,2026-08-26T18:30:00+0200,9206.581,MW,DE,DE_LU,actual_solar_generation,Solar,2026-08-27T00:57:27Z
2026-08-27T00:55:09Z,2026-08-27T02:55:09+0200,9e257938-0a8b-4b8b-95d2-ab80972bdbbd,2026-08-26T16:45:00Z,2026-08-26T18:45:00+0200,6899.385,MW,DE,DE_LU,actual_solar_generation,Solar,2026-08-27T00:57:27Z
2026-08-27T00:55:09Z,2026-08-27T02:55:09+0200,9e257938-0a8b-4b8b-95d2-ab80972bdbbd,2026-08-26T17:00:00Z,2026-08-26T19:00:00+0200,4810.485,MW,DE,DE_LU,actual_solar_generation,Solar,2026-08-27T00:57:27Z
2026-08-27T00:55:09Z,2026-08-27T02:55:09+0200,9e257938-0a8b-4b8b-95d2-ab80972bdbbd,2026-08-26T17:15:00Z,2026-08-26T19:15:00+0200,3102.824,MW,DE,DE_LU,actual_solar_generation,Solar,2026-08-27T00:57:27Z
2026-08-27T00:55:09Z,2026-08-27T02:55:09+0200,9e257938-0a8b-4b8b-95d2-ab80972bdbbd,2026-08-26T17:30:00Z,2026-08-26T19:30:00+0200,1752.661,MW,DE,DE_LU,actual_solar_generation,Solar,2026-08-27T00:57:27Z
2026-08-27T00:55:09Z,2026-08-27T02:55:09+0200,9e257938-0a8b-4b8b-95d2-ab80972bdbbd,2026-08-26T17:45:00Z,2026-08-26T19:45:00+0200,773.736,MW,DE,DE_LU,actual_solar_generation,Solar,2026-08-27T00:57:27Z
2026-08-27T00:55:09Z,2026-08-27T02:55:09+0200,9e257938-0a8b-4b8b-95d2-ab80972bdbbd,2026-08-26T18:00:00Z,2026-08-26T20:00:00+0200,218.248,MW,DE,DE_LU,actual_solar_generation,Solar,2026-08-27T00:57:27Z
2026-08-27T00:55:09Z,2026-08-27T02:55:09+0200,9e257938-0a8b-4b8b-95d2-ab80972bdbbd,2026-08-26T18:15:00Z,2026-08-26T20:15:00+0200,40.211,MW,DE,DE_LU,actual_solar_generation,Solar,2026-08-27T00:57:27Z
2026-08-27T00:55:09Z,2026-08-27T02:55:09+0200,9e257938-0a8b-4b8b-95d2-ab80972bdbbd,2026-08-26T18:30:00Z,2026-08-26T20:30:00+0200,1.916,MW,DE,DE_LU,actual_solar_generation,Solar,2026-08-27T00:57:27Z
2026-08-27T00:55:09Z,2026-08-27T02:55:09+0200,9e257938-0a8b-4b8b-95d2-ab80972bdbbd,2026-08-26T18:45:00Z,2026-08-26T20:45:00+0200,0.026,MW,DE,DE_LU,actual_solar_generation,Solar,2026-08-27T00:57:27Z
2026-08-27T00:55:09Z,2026-08-27T02:55:09+0200,9e257938-0a8b-4b8b-95d2-ab80972bdbbd,2026-08-26T19:00:00Z,2026-08-26T21:00:00+0200,0.0,MW,DE,DE_LU,actual_solar_generation,Solar,2026-08-27T00:57:27Z
2026-08-27T00:55:09Z,2026-08-27T02:55:09+0200,9e257938-0a8b-4b8b-95d2-ab80972bdbbd,2026-08-26T19:15:00Z,2026-08-26T21:15:00+0200,0.0,MW,DE,DE_LU,actual_solar_generation,Solar,2026-08-27T00:57:27Z
2026-08-27T00:55:09Z,2026-08-27T02:55:09+0200,9e257938-0a8b-4b8b-95d2-ab80972bdbbd,2026-08-26T19:30:00Z,2026-08-26T21:30:00+0200,0.0,MW,DE,DE_LU,actual_solar_generation,Solar,2026-08-27T00:57:27Z
2026-08-27T00:55:09Z,2026-08-27T02:55:09+0200,9e257938-0a8b-4b8b-95d2-ab80972bdbbd,2026-08-26T19:45:00Z,2026-08-26T21:45:00+0200,0.001,MW,DE,DE_LU,actual_solar_generation,Solar,2026-08-27T00:57:27Z
2026-08-27T00:55:09Z,2026-08-27T02:55:09+0200,9e257938-0a8b-4b8b-95d2-ab80972bdbbd,2026-08-26T20:00:00Z,2026-08-26T22:00:00+0200,0.0,MW,DE,DE_LU,actual_solar_generation,Solar,2026-08-27T00:57:27Z
2026-08-27T00:55:09Z,2026-08-27T02:55:09+0200,9e257938-0a8b-4b8b-95d2-ab80972bdbbd,2026-08-26T20:15:00Z,2026-08-26T22:15:00+0200,0.0,MW,DE,DE_LU,actual_solar_generation,Solar,2026-08-27T00:57:27Z
2026-08-27T00:55:09Z,2026-08-27T02:55:09+0200,9e257938-0a8b-4b8b-95d2-ab80972bdbbd,2026-08-26T20:30:00Z,2026-08-26T22:30:00+0200,0.0,MW,DE,DE_LU,actual_solar_generation,Solar,2026-08-27T00:57:27Z
2026-08-27T00:55:09Z,2026-08-27T02:55:09+0200,9e257938-0a8b-4b8b-95d2-ab80972bdbbd,2026-08-26T20:45:00Z,2026-08-26T22:45:00+0200,0.0,MW,DE,DE_LU,actual_solar_generation,Solar,2026-08-27T00:57:27Z
2026-08-27T00:55:09Z,2026-08-27T02:55:09+0200,9e257938-0a8b-4b8b-95d2-ab80972bdbbd,2026-08-26T21:00:00Z,2026-08-26T23:00:00+0200,0.0,MW,DE,DE_LU,actual_solar_generation,Solar,2026-08-27T00:57:27Z
2026-08-27T00:55:09Z,2026-08-27T02:55:09+0200,9e257938-0a8b-4b8b-95d2-ab80972bdbbd,2026-08-26T21:15:00Z,2026-08-26T23:15:00+0200,0.0,MW,DE,DE_LU,actual_solar_generation,Solar,2026-08-27T00:57:27Z
2026-08-27T00:55:09Z,2026-08-27T02:55:09+0200,9e257938-0a8b-4b8b-95d2-ab80972bdbbd,2026-08-26T21:30:00Z,2026-08-26T23:30:00+0200,0.0,MW,DE,DE_LU,actual_solar_generation,Solar,2026-08-27T00:57:27Z
2026-08-27T00:55:09Z,2026-08-27T02:55:09+0200,9e257938-0a8b-4b8b-95d2-ab80972bdbbd,2026-08-26T21:45:00Z,2026-08-26T23:45:00+0200,0.001,MW,DE,DE_LU,actual_solar_generation,Solar,2026-08-27T00:57:27Z
2026-08-27T00:55:09Z,2026-08-27T02:55:09+0200,9e257938-0a8b-4b8b-95d2-ab80972bdbbd,2026-08-26T22:00:00Z,2026-08-27T00:00:00+0200,0.0,MW,DE,DE_LU,actual_solar_generation,Solar,2026-08-27T00:57:27Z
2026-08-27T00:55:09Z,2026-08-27T02:55:09+0200,9e257938-0a8b-4b8b-95d2-ab80972bdbbd,2026-08-26T22:15:00Z,2026-08-27T00:15:00+0200,0.0,MW,DE,DE_LU,actual_solar_generation,Solar,2026-08-27T00:57:27Z
2026-08-27T00:55:09Z,2026-08-27T02:55:09+0200,9e257938-0a8b-4b8b-95d2-ab80972bdbbd,2026-08-26T22:30:00Z,2026-08-27T00:30:00+0200,0.002,MW,DE,DE_LU,actual_solar_generation,Solar,2026-08-27T00:57:27Z
2026-08-27T00:55:09Z,2026-08-27T02:55:09+0200,9e257938-0a8b-4b8b-95d2-ab80972bdbbd,2026-08-26T22:45:00Z,2026-08-27T00:45:00+0200,0.0,MW,DE,DE_LU,actual_solar_generation,Solar,2026-08-27T00:57:27Z
2026-08-27T00:55:09Z,2026-08-27T02:55:09+0200,9e257938-0a8b-4b8b-95d2-ab80972bdbbd,2026-08-26T23:00:00Z,2026-08-27T01:00:00+0200,0.0,MW,DE,DE_LU,actual_solar_generation,Solar,2026-08-27T00:57:27Z
2026-08-27T00:55:09Z,2026-08-27T02:55:09+0200,9e257938-0a8b-4b8b-95d2-ab80972bdbbd,2026-08-26T23:15:00Z,2026-08-27T01:15:00+0200,0.0,MW,DE,DE_LU,actual_solar_generation,Solar,2026-08-27T00:57:27Z
2026-08-27T00:55:09Z,2026-08-27T02:55:09+0200,9e257938-0a8b-4b8b-95d2-ab80972bdbbd,2026-08-26T23:30:00Z,2026-08-27T01:30:00+0200,0.0,MW,DE,DE_LU,actual_solar_generation,Solar,2026-08-27T00:57:27Z
2026-08-27T00:55:09Z,2026-08-27T02:55:09+0200,9e257938-0a8b-4b8b-95d2-ab80972bdbbd,2026-08-26T23:45:00Z,2026-08-27T01:45:00+0200,0.001,MW,DE,DE_LU,actual_solar_generation,Solar,2026-08-27T00:57:27Z
2026-08-27T00:55:09Z,2026-08-27T02:55:09+0200,9e257938-0a8b-4b8b-95d2-ab80972bdbbd,2026-08-27T00:00:00Z,2026-08-27T02:00:00+0200,0.003,MW,DE,DE_LU,actual_solar_generation,Solar,2026-08-27T00:57:27Z
2026-08-27T00:55:09Z,2026-08-27T02:55:09+0200,9e257938-0a8b-4b8b-95d2-ab80972bdbbd,2026-08-27T00:15:00Z,2026-08-27T02:15:00+0200,0.001,MW,DE,DE_LU,actual_solar_generation,Solar,2026-08-27T00:57:27Z
