collection_time_utc,collection_time_local,run_id,timestamp_utc,timestamp_local,value,unit,country,entsoe_area,variable,source,updated_at_utc
2026-08-09T15:48:21Z,2026-08-09T17:48:21+0200,d1ee186b-63c3-474e-8770-b1ce1a43e356,2026-07-09T16:00:00Z,2026-07-09T18:00:00+0200,55123.76,MW,FR,FR,actual_load,Actual Load,2026-08-09T15:49:09Z
2026-08-09T15:48:21Z,2026-08-09T17:48:21+0200,d1ee186b-63c3-474e-8770-b1ce1a43e356,2026-07-09T16:15:00Z,2026-07-09T18:15:00+0200,55467.58,MW,FR,FR,actual_load,Actual Load,2026-08-09T15:49:09Z
2026-08-09T15:48:21Z,2026-08-09T17:48:21+0200,d1ee186b-63c3-474e-8770-b1ce1a43e356,2026-07-09T16:30:00Z,2026-07-09T18:30:00+0200,55746.23,MW,FR,FR,actual_load,Actual Load,2026-08-09T15:49:09Z
2026-08-09T15:48:21Z,2026-08-09T17:48:21+0200,d1ee186b-63c3-474e-8770-b1ce1a43e356,2026-07-09T16:45:00Z,2026-07-09T18:45:00+0200,56296.41,MW,FR,FR,actual_load,Actual Load,2026-08-09T15:49:09Z
2026-08-09T15:48:21Z,2026-08-09T17:48:21+0200,d1ee186b-63c3-474e-8770-b1ce1a43e356,2026-07-09T17:00:00Z,2026-07-09T19:00:00+0200,56273.55,MW,FR,FR,actual_load,Actual Load,2026-08-09T15:49:09Z
2026-08-09T15:48:21Z,2026-08-09T17:48:21+0200,d1ee186b-63c3-474e-8770-b1ce1a43e356,2026-07-09T17:15:00Z,2026-07-09T19:15:00+0200,56133.98,MW,FR,FR,actual_load,Actual Load,2026-08-09T15:49:09Z
2026-08-09T15:48:21Z,2026-08-09T17:48:21+0200,d1ee186b-63c3-474e-8770-b1ce1a43e356,2026-07-09T17:30:00Z,2026-07-09T19:30:00+0200,55865.21,MW,FR,FR,actual_load,Actual Load,2026-08-09T15:49:09Z
2026-08-09T15:48:21Z,2026-08-09T17:48:21+0200,d1ee186b-63c3-474e-8770-b1ce1a43e356,2026-07-09T17:45:00Z,2026-07-09T19:45:00+0200,55423.52,MW,FR,FR,actual_load,Actual Load,2026-08-09T15:49:09Z
2026-08-09T15:48:21Z,2026-08-09T17:48:21+0200,d1ee186b-63c3-474e-8770-b1ce1a43e356,2026-07-09T18:00:00Z,2026-07-09T20:00:00+0200,54536.88,MW,FR,FR,actual_load,Actual Load,2026-08-09T15:49:09Z
2026-08-09T15:48:21Z,2026-08-09T17:48:21+0200,d1ee186b-63c3-474e-8770-b1ce1a43e356,2026-07-09T18:15:00Z,2026-07-09T20:15:00+0200,53903.38,MW,FR,FR,actual_load,Actual Load,2026-08-09T15:49:09Z
2026-08-09T15:48:21Z,2026-08-09T17:48:21+0200,d1ee186b-63c3-474e-8770-b1ce1a43e356,2026-07-09T18:30:00Z,2026-07-09T20:30:00+0200,53323.8,MW,FR,FR,actual_load,Actual Load,2026-08-09T15:49:09Z
2026-08-09T15:48:21Z,2026-08-09T17:48:21+0200,d1ee186b-63c3-474e-8770-b1ce1a43e356,2026-07-09T18:45:00Z,2026-07-09T20:45:00+0200,52741.16,MW,FR,FR,actual_load,Actual Load,2026-08-09T15:49:09Z
2026-08-09T15:48:21Z,2026-08-09T17:48:21+0200,d1ee186b-63c3-474e-8770-b1ce1a43e356,2026-07-09T19:00:00Z,2026-07-09T21:00:00+0200,52642.61,MW,FR,FR,actual_load,Actual Load,2026-08-09T15:49:09Z
2026-08-09T15:48:21Z,2026-08-09T17:48:21+0200,d1ee186b-63c3-474e-8770-b1ce1a43e356,2026-07-09T19:15:00Z,2026-07-09T21:15:00+0200,52153.93,MW,FR,FR,actual_load,Actual Load,2026-08-09T15:49:09Z
2026-08-09T15:48:21Z,2026-08-09T17:48:21+0200,d1ee186b-63c3-474e-8770-b1ce1a43e356,2026-07-09T19:30:00Z,2026-07-09T21:30:00+0200,51733.46,MW,FR,FR,actual_load,Actual Load,2026-08-09T15:49:09Z
2026-08-09T15:48:21Z,2026-08-09T17:48:21+0200,d1ee186b-63c3-474e-8770-b1ce1a43e356,2026-07-09T19:45:00Z,2026-07-09T21:45:00+0200,51370.87,MW,FR,FR,actual_load,Actual Load,2026-08-09T15:49:09Z
2026-08-09T15:48:21Z,2026-08-09T17:48:21+0200,d1ee186b-63c3-474e-8770-b1ce1a43e356,2026-07-09T20:00:00Z,2026-07-09T22:00:00+0200,52219.35,MW,FR,FR,actual_load,Actual Load,2026-08-09T15:49:09Z
2026-08-09T15:48:21Z,2026-08-09T17:48:21+0200,d1ee186b-63c3-474e-8770-b1ce1a43e356,2026-07-09T20:15:00Z,2026-07-09T22:15:00+0200,51682.37,MW,FR,FR,actual_load,Actual Load,2026-08-09T15:49:09Z
2026-08-09T15:48:21Z,2026-08-09T17:48:21+0200,d1ee186b-63c3-474e-8770-b1ce1a43e356,2026-07-09T20:30:00Z,2026-07-09T22:30:00+0200,52522.98,MW,FR,FR,actual_load,Actual Load,2026-08-09T15:49:09Z
2026-08-09T15:48:21Z,2026-08-09T17:48:21+0200,d1ee186b-63c3-474e-8770-b1ce1a43e356,2026-07-09T20:45:00Z,2026-07-09T22:45:00+0200,51832.32,MW,FR,FR,actual_load,Actual Load,2026-08-09T15:49:09Z
2026-08-09T15:48:21Z,2026-08-09T17:48:21+0200,d1ee186b-63c3-474e-8770-b1ce1a43e356,2026-07-09T21:00:00Z,2026-07-09T23:00:00+0200,51754.51,MW,FR,FR,actual_load,Actual Load,2026-08-09T15:49:09Z
2026-08-09T15:48:21Z,2026-08-09T17:48:21+0200,d1ee186b-63c3-474e-8770-b1ce1a43e356,2026-07-09T21:15:00Z,2026-07-09T23:15:00+0200,50573.93,MW,FR,FR,actual_load,Actual Load,2026-08-09T15:49:09Z
2026-08-09T15:48:21Z,2026-08-09T17:48:21+0200,d1ee186b-63c3-474e-8770-b1ce1a43e356,2026-07-09T21:30:00Z,2026-07-09T23:30:00+0200,50635.12,MW,FR,FR,actual_load,Actual Load,2026-08-09T15:49:09Z
2026-08-09T15:48:21Z,2026-08-09T17:48:21+0200,d1ee186b-63c3-474e-8770-b1ce1a43e356,2026-07-09T21:45:00Z,2026-07-09T23:45:00+0200,49412.2,MW,FR,FR,actual_load,Actual Load,2026-08-09T15:49:09Z
2026-08-09T15:48:21Z,2026-08-09T17:48:21+0200,d1ee186b-63c3-474e-8770-b1ce1a43e356,2026-07-09T22:00:00Z,2026-07-10T00:00:00+0200,48958.22,MW,FR,FR,actual_load,Actual Load,2026-08-09T15:49:09Z
2026-08-09T15:48:21Z,2026-08-09T17:48:21+0200,d1ee186b-63c3-474e-8770-b1ce1a43e356,2026-07-09T22:15:00Z,2026-07-10T00:15:00+0200,47921.17,MW,FR,FR,actual_load,Actual Load,2026-08-09T15:49:09Z
2026-08-09T15:48:21Z,2026-08-09T17:48:21+0200,d1ee186b-63c3-474e-8770-b1ce1a43e356,2026-07-09T22:30:00Z,2026-07-10T00:30:00+0200,46796.47,MW,FR,FR,actual_load,Actual Load,2026-08-09T15:49:09Z
2026-08-09T15:48:21Z,2026-08-09T17:48:21+0200,d1ee186b-63c3-474e-8770-b1ce1a43e356,2026-07-09T22:45:00Z,2026-07-10T00:45:00+0200,45756.73,MW,FR,FR,actual_load,Actual Load,2026-08-09T15:49:09Z
2026-08-09T15:48:21Z,2026-08-09T17:48:21+0200,d1ee186b-63c3-474e-8770-b1ce1a43e356,2026-07-09T23:00:00Z,2026-07-10T01:00:00+0200,45887.94,MW,FR,FR,actual_load,Actual Load,2026-08-09T15:49:09Z
2026-08-09T15:48:21Z,2026-08-09T17:48:21+0200,d1ee186b-63c3-474e-8770-b1ce1a43e356,2026-07-09T23:15:00Z,2026-07-10T01:15:00+0200,45281.61,MW,FR,FR,actual_load,Actual Load,2026-08-09T15:49:09Z
2026-08-09T15:48:21Z,2026-08-09T17:48:21+0200,d1ee186b-63c3-474e-8770-b1ce1a43e356,2026-07-09T23:30:00Z,2026-07-10T01:30:00+0200,44994.35,MW,FR,FR,actual_load,Actual Load,2026-08-09T15:49:09Z
2026-08-09T15:48:21Z,2026-08-09T17:48:21+0200,d1ee186b-63c3-474e-8770-b1ce1a43e356,2026-07-09T23:45:00Z,2026-07-10T01:45:00+0200,44038.78,MW,FR,FR,actual_load,Actual Load,2026-08-09T15:49:09Z
2026-08-09T15:48:21Z,2026-08-09T17:48:21+0200,d1ee186b-63c3-474e-8770-b1ce1a43e356,2026-07-10T00:00:00Z,2026-07-10T02:00:00+0200,43793.79,MW,FR,FR,actual_load,Actual Load,2026-08-09T15:49:09Z
2026-08-09T15:48:21Z,2026-08-09T17:48:21+0200,d1ee186b-63c3-474e-8770-b1ce1a43e356,2026-07-10T00:15:00Z,2026-07-10T02:15:00+0200,42815.61,MW,FR,FR,actual_load,Actual Load,2026-08-09T15:49:09Z
2026-08-09T15:48:21Z,2026-08-09T17:48:21+0200,d1ee186b-63c3-474e-8770-b1ce1a43e356,2026-07-10T00:30:00Z,2026-07-10T02:30:00+0200,42066.87,MW,FR,FR,actual_load,Actual Load,2026-08-09T15:49:09Z
2026-08-09T15:48:21Z,2026-08-09T17:48:21+0200,d1ee186b-63c3-474e-8770-b1ce1a43e356,2026-07-10T00:45:00Z,2026-07-10T02:45:00+0200,41629.24,MW,FR,FR,actual_load,Actual Load,2026-08-09T15:49:09Z
2026-08-09T15:48:21Z,2026-08-09T17:48:21+0200,d1ee186b-63c3-474e-8770-b1ce1a43e356,2026-07-10T01:00:00Z,2026-07-10T03:00:00+0200,41196.07,MW,FR,FR,actual_load,Actual Load,2026-08-09T15:49:09Z
2026-08-09T15:48:21Z,2026-08-09T17:48:21+0200,d1ee186b-63c3-474e-8770-b1ce1a43e356,2026-07-10T01:15:00Z,2026-07-10T03:15:00+0200,40736.98,MW,FR,FR,actual_load,Actual Load,2026-08-09T15:49:09Z
2026-08-09T15:48:21Z,2026-08-09T17:48:21+0200,d1ee186b-63c3-474e-8770-b1ce1a43e356,2026-07-10T01:30:00Z,2026-07-10T03:30:00+0200,40539.54,MW,FR,FR,actual_load,Actual Load,2026-08-09T15:49:09Z
2026-08-09T15:48:21Z,2026-08-09T17:48:21+0200,d1ee186b-63c3-474e-8770-b1ce1a43e356,2026-07-10T01:45:00Z,2026-07-10T03:45:00+0200,40363.25,MW,FR,FR,actual_load,Actual Load,2026-08-09T15:49:09Z
2026-08-09T15:48:21Z,2026-08-09T17:48:21+0200,d1ee186b-63c3-474e-8770-b1ce1a43e356,2026-07-10T02:00:00Z,2026-07-10T04:00:00+0200,40342.21,MW,FR,FR,actual_load,Actual Load,2026-08-09T15:49:09Z
2026-08-09T15:48:21Z,2026-08-09T17:48:21+0200,d1ee186b-63c3-474e-8770-b1ce1a43e356,2026-07-10T02:15:00Z,2026-07-10T04:15:00+0200,40128.06,MW,FR,FR,actual_load,Actual Load,2026-08-09T15:49:09Z
2026-08-09T15:48:21Z,2026-08-09T17:48:21+0200,d1ee186b-63c3-474e-8770-b1ce1a43e356,2026-07-10T02:30:00Z,2026-07-10T04:30:00+0200,39902.73,MW,FR,FR,actual_load,Actual Load,2026-08-09T15:49:09Z
2026-08-09T15:48:21Z,2026-08-09T17:48:21+0200,d1ee186b-63c3-474e-8770-b1ce1a43e356,2026-07-10T02:45:00Z,2026-07-10T04:45:00+0200,39976.58,MW,FR,FR,actual_load,Actual Load,2026-08-09T15:49:09Z
2026-08-09T15:48:21Z,2026-08-09T17:48:21+0200,d1ee186b-63c3-474e-8770-b1ce1a43e356,2026-07-10T03:00:00Z,2026-07-10T05:00:00+0200,40602.97,MW,FR,FR,actual_load,Actual Load,2026-08-09T15:49:09Z
2026-08-09T15:48:21Z,2026-08-09T17:48:21+0200,d1ee186b-63c3-474e-8770-b1ce1a43e356,2026-07-10T03:15:00Z,2026-07-10T05:15:00+0200,40874.3,MW,FR,FR,actual_load,Actual Load,2026-08-09T15:49:09Z
2026-08-09T15:48:21Z,2026-08-09T17:48:21+0200,d1ee186b-63c3-474e-8770-b1ce1a43e356,2026-07-10T03:30:00Z,2026-07-10T05:30:00+0200,41111.18,MW,FR,FR,actual_load,Actual Load,2026-08-09T15:49:09Z
2026-08-09T15:48:21Z,2026-08-09T17:48:21+0200,d1ee186b-63c3-474e-8770-b1ce1a43e356,2026-07-10T03:45:00Z,2026-07-10T05:45:00+0200,41588.18,MW,FR,FR,actual_load,Actual Load,2026-08-09T15:49:09Z
2026-08-09T15:48:21Z,2026-08-09T17:48:21+0200,d1ee186b-63c3-474e-8770-b1ce1a43e356,2026-07-10T04:00:00Z,2026-07-10T06:00:00+0200,42402.27,MW,FR,FR,actual_load,Actual Load,2026-08-09T15:49:09Z
2026-08-09T15:48:21Z,2026-08-09T17:48:21+0200,d1ee186b-63c3-474e-8770-b1ce1a43e356,2026-07-10T04:15:00Z,2026-07-10T06:15:00+0200,43041.57,MW,FR,FR,actual_load,Actual Load,2026-08-09T15:49:09Z
2026-08-09T15:48:21Z,2026-08-09T17:48:21+0200,d1ee186b-63c3-474e-8770-b1ce1a43e356,2026-07-10T04:30:00Z,2026-07-10T06:30:00+0200,43326.17,MW,FR,FR,actual_load,Actual Load,2026-08-09T15:49:09Z
2026-08-09T15:48:21Z,2026-08-09T17:48:21+0200,d1ee186b-63c3-474e-8770-b1ce1a43e356,2026-07-10T04:45:00Z,2026-07-10T06:45:00+0200,43943.57,MW,FR,FR,actual_load,Actual Load,2026-08-09T15:49:09Z
2026-08-09T15:48:21Z,2026-08-09T17:48:21+0200,d1ee186b-63c3-474e-8770-b1ce1a43e356,2026-07-10T05:00:00Z,2026-07-10T07:00:00+0200,44793.22,MW,FR,FR,actual_load,Actual Load,2026-08-09T15:49:09Z
2026-08-09T15:48:21Z,2026-08-09T17:48:21+0200,d1ee186b-63c3-474e-8770-b1ce1a43e356,2026-07-10T05:15:00Z,2026-07-10T07:15:00+0200,45650.61,MW,FR,FR,actual_load,Actual Load,2026-08-09T15:49:09Z
2026-08-09T15:48:21Z,2026-08-09T17:48:21+0200,d1ee186b-63c3-474e-8770-b1ce1a43e356,2026-07-10T05:30:00Z,2026-07-10T07:30:00+0200,46152.13,MW,FR,FR,actual_load,Actual Load,2026-08-09T15:49:09Z
2026-08-09T15:48:21Z,2026-08-09T17:48:21+0200,d1ee186b-63c3-474e-8770-b1ce1a43e356,2026-07-10T05:45:00Z,2026-07-10T07:45:00+0200,47049.65,MW,FR,FR,actual_load,Actual Load,2026-08-09T15:49:09Z
2026-08-09T15:48:21Z,2026-08-09T17:48:21+0200,d1ee186b-63c3-474e-8770-b1ce1a43e356,2026-07-10T06:00:00Z,2026-07-10T08:00:00+0200,47750.62,MW,FR,FR,actual_load,Actual Load,2026-08-09T15:49:09Z
2026-08-09T15:48:21Z,2026-08-09T17:48:21+0200,d1ee186b-63c3-474e-8770-b1ce1a43e356,2026-07-10T06:15:00Z,2026-07-10T08:15:00+0200,48353.7,MW,FR,FR,actual_load,Actual Load,2026-08-09T15:49:09Z
2026-08-09T15:48:21Z,2026-08-09T17:48:21+0200,d1ee186b-63c3-474e-8770-b1ce1a43e356,2026-07-10T06:30:00Z,2026-07-10T08:30:00+0200,48718.34,MW,FR,FR,actual_load,Actual Load,2026-08-09T15:49:09Z
2026-08-09T15:48:21Z,2026-08-09T17:48:21+0200,d1ee186b-63c3-474e-8770-b1ce1a43e356,2026-07-10T06:45:00Z,2026-07-10T08:45:00+0200,49551.97,MW,FR,FR,actual_load,Actual Load,2026-08-09T15:49:09Z
2026-08-09T15:48:21Z,2026-08-09T17:48:21+0200,d1ee186b-63c3-474e-8770-b1ce1a43e356,2026-07-10T07:00:00Z,2026-07-10T09:00:00+0200,50438.85,MW,FR,FR,actual_load,Actual Load,2026-08-09T15:49:09Z
2026-08-09T15:48:21Z,2026-08-09T17:48:21+0200,d1ee186b-63c3-474e-8770-b1ce1a43e356,2026-07-10T07:15:00Z,2026-07-10T09:15:00+0200,50928.16,MW,FR,FR,actual_load,Actual Load,2026-08-09T15:49:09Z
2026-08-09T15:48:21Z,2026-08-09T17:48:21+0200,d1ee186b-63c3-474e-8770-b1ce1a43e356,2026-07-10T07:30:00Z,2026-07-10T09:30:00+0200,51352.27,MW,FR,FR,actual_load,Actual Load,2026-08-09T15:49:09Z
2026-08-09T15:48:21Z,2026-08-09T17:48:21+0200,d1ee186b-63c3-474e-8770-b1ce1a43e356,2026-07-10T07:45:00Z,2026-07-10T09:45:00+0200,51945.56,MW,FR,FR,actual_load,Actual Load,2026-08-09T15:49:09Z
2026-08-09T15:48:21Z,2026-08-09T17:48:21+0200,d1ee186b-63c3-474e-8770-b1ce1a43e356,2026-07-10T08:00:00Z,2026-07-10T10:00:00+0200,52641.38,MW,FR,FR,actual_load,Actual Load,2026-08-09T15:49:09Z
2026-08-09T15:48:21Z,2026-08-09T17:48:21+0200,d1ee186b-63c3-474e-8770-b1ce1a43e356,2026-07-10T08:15:00Z,2026-07-10T10:15:00+0200,52628.81,MW,FR,FR,actual_load,Actual Load,2026-08-09T15:49:09Z
2026-08-09T15:48:21Z,2026-08-09T17:48:21+0200,d1ee186b-63c3-474e-8770-b1ce1a43e356,2026-07-10T08:30:00Z,2026-07-10T10:30:00+0200,52972.62,MW,FR,FR,actual_load,Actual Load,2026-08-09T15:49:09Z
2026-08-09T15:48:21Z,2026-08-09T17:48:21+0200,d1ee186b-63c3-474e-8770-b1ce1a43e356,2026-07-10T08:45:00Z,2026-07-10T10:45:00+0200,53639.13,MW,FR,FR,actual_load,Actual Load,2026-08-09T15:49:09Z
2026-08-09T15:48:21Z,2026-08-09T17:48:21+0200,d1ee186b-63c3-474e-8770-b1ce1a43e356,2026-07-10T09:00:00Z,2026-07-10T11:00:00+0200,54114.2,MW,FR,FR,actual_load,Actual Load,2026-08-09T15:49:09Z
2026-08-09T15:48:21Z,2026-08-09T17:48:21+0200,d1ee186b-63c3-474e-8770-b1ce1a43e356,2026-07-10T09:15:00Z,2026-07-10T11:15:00+0200,54502.35,MW,FR,FR,actual_load,Actual Load,2026-08-09T15:49:09Z
2026-08-09T15:48:21Z,2026-08-09T17:48:21+0200,d1ee186b-63c3-474e-8770-b1ce1a43e356,2026-07-10T09:30:00Z,2026-07-10T11:30:00+0200,54625.04,MW,FR,FR,actual_load,Actual Load,2026-08-09T15:49:09Z
2026-08-09T15:48:21Z,2026-08-09T17:48:21+0200,d1ee186b-63c3-474e-8770-b1ce1a43e356,2026-07-10T09:45:00Z,2026-07-10T11:45:00+0200,54623.91,MW,FR,FR,actual_load,Actual Load,2026-08-09T15:49:09Z
2026-08-09T15:48:21Z,2026-08-09T17:48:21+0200,d1ee186b-63c3-474e-8770-b1ce1a43e356,2026-07-10T10:00:00Z,2026-07-10T12:00:00+0200,55074.94,MW,FR,FR,actual_load,Actual Load,2026-08-09T15:49:09Z
2026-08-09T15:48:21Z,2026-08-09T17:48:21+0200,d1ee186b-63c3-474e-8770-b1ce1a43e356,2026-07-10T10:15:00Z,2026-07-10T12:15:00+0200,55346.92,MW,FR,FR,actual_load,Actual Load,2026-08-09T15:49:09Z
2026-08-09T15:48:21Z,2026-08-09T17:48:21+0200,d1ee186b-63c3-474e-8770-b1ce1a43e356,2026-07-10T10:30:00Z,2026-07-10T12:30:00+0200,55892.8,MW,FR,FR,actual_load,Actual Load,2026-08-09T15:49:09Z
2026-08-09T15:48:21Z,2026-08-09T17:48:21+0200,d1ee186b-63c3-474e-8770-b1ce1a43e356,2026-07-10T10:45:00Z,2026-07-10T12:45:00+0200,55611.83,MW,FR,FR,actual_load,Actual Load,2026-08-09T15:49:09Z
2026-08-09T15:48:21Z,2026-08-09T17:48:21+0200,d1ee186b-63c3-474e-8770-b1ce1a43e356,2026-07-10T11:00:00Z,2026-07-10T13:00:00+0200,55116.38,MW,FR,FR,actual_load,Actual Load,2026-08-09T15:49:09Z
2026-08-09T15:48:21Z,2026-08-09T17:48:21+0200,d1ee186b-63c3-474e-8770-b1ce1a43e356,2026-07-10T11:15:00Z,2026-07-10T13:15:00+0200,54894.3,MW,FR,FR,actual_load,Actual Load,2026-08-09T15:49:09Z
2026-08-09T15:48:21Z,2026-08-09T17:48:21+0200,d1ee186b-63c3-474e-8770-b1ce1a43e356,2026-07-10T11:30:00Z,2026-07-10T13:30:00+0200,55260.99,MW,FR,FR,actual_load,Actual Load,2026-08-09T15:49:09Z
2026-08-09T15:48:21Z,2026-08-09T17:48:21+0200,d1ee186b-63c3-474e-8770-b1ce1a43e356,2026-07-10T11:45:00Z,2026-07-10T13:45:00+0200,55638.09,MW,FR,FR,actual_load,Actual Load,2026-08-09T15:49:09Z
2026-08-09T15:48:21Z,2026-08-09T17:48:21+0200,d1ee186b-63c3-474e-8770-b1ce1a43e356,2026-07-10T12:00:00Z,2026-07-10T14:00:00+0200,56725.53,MW,FR,FR,actual_load,Actual Load,2026-08-09T15:49:09Z
2026-08-09T15:48:21Z,2026-08-09T17:48:21+0200,d1ee186b-63c3-474e-8770-b1ce1a43e356,2026-07-10T12:15:00Z,2026-07-10T14:15:00+0200,56604.26,MW,FR,FR,actual_load,Actual Load,2026-08-09T15:49:09Z
2026-08-09T15:48:21Z,2026-08-09T17:48:21+0200,d1ee186b-63c3-474e-8770-b1ce1a43e356,2026-07-10T12:30:00Z,2026-07-10T14:30:00+0200,56724.03,MW,FR,FR,actual_load,Actual Load,2026-08-09T15:49:09Z
2026-08-09T15:48:21Z,2026-08-09T17:48:21+0200,d1ee186b-63c3-474e-8770-b1ce1a43e356,2026-07-10T12:45:00Z,2026-07-10T14:45:00+0200,56408.66,MW,FR,FR,actual_load,Actual Load,2026-08-09T15:49:09Z
2026-08-09T15:48:21Z,2026-08-09T17:48:21+0200,d1ee186b-63c3-474e-8770-b1ce1a43e356,2026-07-10T13:00:00Z,2026-07-10T15:00:00+0200,56417.2,MW,FR,FR,actual_load,Actual Load,2026-08-09T15:49:09Z
2026-08-09T15:48:21Z,2026-08-09T17:48:21+0200,d1ee186b-63c3-474e-8770-b1ce1a43e356,2026-07-10T13:15:00Z,2026-07-10T15:15:00+0200,55785.45,MW,FR,FR,actual_load,Actual Load,2026-08-09T15:49:09Z
2026-08-09T15:48:21Z,2026-08-09T17:48:21+0200,d1ee186b-63c3-474e-8770-b1ce1a43e356,2026-07-10T13:30:00Z,2026-07-10T15:30:00+0200,55237.07,MW,FR,FR,actual_load,Actual Load,2026-08-09T15:49:09Z
2026-08-09T15:48:21Z,2026-08-09T17:48:21+0200,d1ee186b-63c3-474e-8770-b1ce1a43e356,2026-07-10T13:45:00Z,2026-07-10T15:45:00+0200,54878.93,MW,FR,FR,actual_load,Actual Load,2026-08-09T15:49:09Z
2026-08-09T15:48:21Z,2026-08-09T17:48:21+0200,d1ee186b-63c3-474e-8770-b1ce1a43e356,2026-07-10T14:00:00Z,2026-07-10T16:00:00+0200,54741.87,MW,FR,FR,actual_load,Actual Load,2026-08-09T15:49:09Z
2026-08-09T15:48:21Z,2026-08-09T17:48:21+0200,d1ee186b-63c3-474e-8770-b1ce1a43e356,2026-07-10T14:15:00Z,2026-07-10T16:15:00+0200,54724.43,MW,FR,FR,actual_load,Actual Load,2026-08-09T15:49:09Z
2026-08-09T15:48:21Z,2026-08-09T17:48:21+0200,d1ee186b-63c3-474e-8770-b1ce1a43e356,2026-07-10T14:30:00Z,2026-07-10T16:30:00+0200,54491.23,MW,FR,FR,actual_load,Actual Load,2026-08-09T15:49:09Z
2026-08-09T15:48:21Z,2026-08-09T17:48:21+0200,d1ee186b-63c3-474e-8770-b1ce1a43e356,2026-07-10T14:45:00Z,2026-07-10T16:45:00+0200,54336.67,MW,FR,FR,actual_load,Actual Load,2026-08-09T15:49:09Z
2026-08-09T15:48:21Z,2026-08-09T17:48:21+0200,d1ee186b-63c3-474e-8770-b1ce1a43e356,2026-07-10T15:00:00Z,2026-07-10T17:00:00+0200,53906.39,MW,FR,FR,actual_load,Actual Load,2026-08-09T15:49:09Z
2026-08-09T15:48:21Z,2026-08-09T17:48:21+0200,d1ee186b-63c3-474e-8770-b1ce1a43e356,2026-07-10T15:15:00Z,2026-07-10T17:15:00+0200,53997.53,MW,FR,FR,actual_load,Actual Load,2026-08-09T15:49:09Z
2026-08-09T15:48:21Z,2026-08-09T17:48:21+0200,d1ee186b-63c3-474e-8770-b1ce1a43e356,2026-07-10T15:30:00Z,2026-07-10T17:30:00+0200,54155.7,MW,FR,FR,actual_load,Actual Load,2026-08-09T15:49:09Z
2026-08-09T15:48:21Z,2026-08-09T17:48:21+0200,d1ee186b-63c3-474e-8770-b1ce1a43e356,2026-07-10T15:45:00Z,2026-07-10T17:45:00+0200,54340.23,MW,FR,FR,actual_load,Actual Load,2026-08-09T15:49:09Z
2026-08-09T15:48:21Z,2026-08-09T17:48:21+0200,d1ee186b-63c3-474e-8770-b1ce1a43e356,2026-07-10T16:00:00Z,2026-07-10T18:00:00+0200,54558.71,MW,FR,FR,actual_load,Actual Load,2026-08-09T15:49:09Z
2026-08-09T15:48:21Z,2026-08-09T17:48:21+0200,d1ee186b-63c3-474e-8770-b1ce1a43e356,2026-07-10T16:15:00Z,2026-07-10T18:15:00+0200,54682.8,MW,FR,FR,actual_load,Actual Load,2026-08-09T15:49:09Z
2026-08-09T15:48:21Z,2026-08-09T17:48:21+0200,d1ee186b-63c3-474e-8770-b1ce1a43e356,2026-07-10T16:30:00Z,2026-07-10T18:30:00+0200,54718.95,MW,FR,FR,actual_load,Actual Load,2026-08-09T15:49:09Z
2026-08-09T15:48:21Z,2026-08-09T17:48:21+0200,d1ee186b-63c3-474e-8770-b1ce1a43e356,2026-07-10T16:45:00Z,2026-07-10T18:45:00+0200,54953.16,MW,FR,FR,actual_load,Actual Load,2026-08-09T15:49:09Z
2026-08-09T15:48:21Z,2026-08-09T17:48:21+0200,d1ee186b-63c3-474e-8770-b1ce1a43e356,2026-07-10T17:00:00Z,2026-07-10T19:00:00+0200,54848.47,MW,FR,FR,actual_load,Actual Load,2026-08-09T15:49:09Z
2026-08-09T15:48:21Z,2026-08-09T17:48:21+0200,d1ee186b-63c3-474e-8770-b1ce1a43e356,2026-07-10T17:15:00Z,2026-07-10T19:15:00+0200,54604.96,MW,FR,FR,actual_load,Actual Load,2026-08-09T15:49:09Z
2026-08-09T15:48:21Z,2026-08-09T17:48:21+0200,d1ee186b-63c3-474e-8770-b1ce1a43e356,2026-07-10T17:30:00Z,2026-07-10T19:30:00+0200,54147.96,MW,FR,FR,actual_load,Actual Load,2026-08-09T15:49:09Z
2026-08-09T15:48:21Z,2026-08-09T17:48:21+0200,d1ee186b-63c3-474e-8770-b1ce1a43e356,2026-07-10T17:45:00Z,2026-07-10T19:45:00+0200,53875.33,MW,FR,FR,actual_load,Actual Load,2026-08-09T15:49:09Z
2026-08-09T15:48:21Z,2026-08-09T17:48:21+0200,d1ee186b-63c3-474e-8770-b1ce1a43e356,2026-07-10T18:00:00Z,2026-07-10T20:00:00+0200,53167.66,MW,FR,FR,actual_load,Actual Load,2026-08-09T15:49:09Z
2026-08-09T15:48:21Z,2026-08-09T17:48:21+0200,d1ee186b-63c3-474e-8770-b1ce1a43e356,2026-07-10T18:15:00Z,2026-07-10T20:15:00+0200,52490.3,MW,FR,FR,actual_load,Actual Load,2026-08-09T15:49:09Z
2026-08-09T15:48:21Z,2026-08-09T17:48:21+0200,d1ee186b-63c3-474e-8770-b1ce1a43e356,2026-07-10T18:30:00Z,2026-07-10T20:30:00+0200,51905.02,MW,FR,FR,actual_load,Actual Load,2026-08-09T15:49:09Z
2026-08-09T15:48:21Z,2026-08-09T17:48:21+0200,d1ee186b-63c3-474e-8770-b1ce1a43e356,2026-07-10T18:45:00Z,2026-07-10T20:45:00+0200,51192.16,MW,FR,FR,actual_load,Actual Load,2026-08-09T15:49:09Z
2026-08-09T15:48:21Z,2026-08-09T17:48:21+0200,d1ee186b-63c3-474e-8770-b1ce1a43e356,2026-07-10T19:00:00Z,2026-07-10T21:00:00+0200,50945.29,MW,FR,FR,actual_load,Actual Load,2026-08-09T15:49:09Z
2026-08-09T15:48:21Z,2026-08-09T17:48:21+0200,d1ee186b-63c3-474e-8770-b1ce1a43e356,2026-07-10T19:15:00Z,2026-07-10T21:15:00+0200,50532.58,MW,FR,FR,actual_load,Actual Load,2026-08-09T15:49:09Z
2026-08-09T15:48:21Z,2026-08-09T17:48:21+0200,d1ee186b-63c3-474e-8770-b1ce1a43e356,2026-07-10T19:30:00Z,2026-07-10T21:30:00+0200,50224.41,MW,FR,FR,actual_load,Actual Load,2026-08-09T15:49:09Z
2026-08-09T15:48:21Z,2026-08-09T17:48:21+0200,d1ee186b-63c3-474e-8770-b1ce1a43e356,2026-07-10T19:45:00Z,2026-07-10T21:45:00+0200,49767.79,MW,FR,FR,actual_load,Actual Load,2026-08-09T15:49:09Z
2026-08-09T15:48:21Z,2026-08-09T17:48:21+0200,d1ee186b-63c3-474e-8770-b1ce1a43e356,2026-07-10T20:00:00Z,2026-07-10T22:00:00+0200,50853.09,MW,FR,FR,actual_load,Actual Load,2026-08-09T15:49:09Z
2026-08-09T15:48:21Z,2026-08-09T17:48:21+0200,d1ee186b-63c3-474e-8770-b1ce1a43e356,2026-07-10T20:15:00Z,2026-07-10T22:15:00+0200,50606.73,MW,FR,FR,actual_load,Actual Load,2026-08-09T15:49:09Z
2026-08-09T15:48:21Z,2026-08-09T17:48:21+0200,d1ee186b-63c3-474e-8770-b1ce1a43e356,2026-07-10T20:30:00Z,2026-07-10T22:30:00+0200,51767.65,MW,FR,FR,actual_load,Actual Load,2026-08-09T15:49:09Z
2026-08-09T15:48:21Z,2026-08-09T17:48:21+0200,d1ee186b-63c3-474e-8770-b1ce1a43e356,2026-07-10T20:45:00Z,2026-07-10T22:45:00+0200,51083.32,MW,FR,FR,actual_load,Actual Load,2026-08-09T15:49:09Z
2026-08-09T15:48:21Z,2026-08-09T17:48:21+0200,d1ee186b-63c3-474e-8770-b1ce1a43e356,2026-07-10T21:00:00Z,2026-07-10T23:00:00+0200,50762.28,MW,FR,FR,actual_load,Actual Load,2026-08-09T15:49:09Z
2026-08-09T15:48:21Z,2026-08-09T17:48:21+0200,d1ee186b-63c3-474e-8770-b1ce1a43e356,2026-07-10T21:15:00Z,2026-07-10T23:15:00+0200,49569.1,MW,FR,FR,actual_load,Actual Load,2026-08-09T15:49:09Z
2026-08-09T15:48:21Z,2026-08-09T17:48:21+0200,d1ee186b-63c3-474e-8770-b1ce1a43e356,2026-07-10T21:30:00Z,2026-07-10T23:30:00+0200,49577.55,MW,FR,FR,actual_load,Actual Load,2026-08-09T15:49:09Z
2026-08-09T15:48:21Z,2026-08-09T17:48:21+0200,d1ee186b-63c3-474e-8770-b1ce1a43e356,2026-07-10T21:45:00Z,2026-07-10T23:45:00+0200,48203.86,MW,FR,FR,actual_load,Actual Load,2026-08-09T15:49:09Z
2026-08-09T15:48:21Z,2026-08-09T17:48:21+0200,d1ee186b-63c3-474e-8770-b1ce1a43e356,2026-07-10T22:00:00Z,2026-07-11T00:00:00+0200,47844.72,MW,FR,FR,actual_load,Actual Load,2026-08-09T15:49:09Z
2026-08-09T15:48:21Z,2026-08-09T17:48:21+0200,d1ee186b-63c3-474e-8770-b1ce1a43e356,2026-07-10T22:15:00Z,2026-07-11T00:15:00+0200,46660.39,MW,FR,FR,actual_load,Actual Load,2026-08-09T15:49:09Z
2026-08-09T15:48:21Z,2026-08-09T17:48:21+0200,d1ee186b-63c3-474e-8770-b1ce1a43e356,2026-07-10T22:30:00Z,2026-07-11T00:30:00+0200,45077.46,MW,FR,FR,actual_load,Actual Load,2026-08-09T15:49:09Z
2026-08-09T15:48:21Z,2026-08-09T17:48:21+0200,d1ee186b-63c3-474e-8770-b1ce1a43e356,2026-07-10T22:45:00Z,2026-07-11T00:45:00+0200,44303.26,MW,FR,FR,actual_load,Actual Load,2026-08-09T15:49:09Z
2026-08-09T15:48:21Z,2026-08-09T17:48:21+0200,d1ee186b-63c3-474e-8770-b1ce1a43e356,2026-07-10T23:00:00Z,2026-07-11T01:00:00+0200,44560.25,MW,FR,FR,actual_load,Actual Load,2026-08-09T15:49:09Z
2026-08-09T15:48:21Z,2026-08-09T17:48:21+0200,d1ee186b-63c3-474e-8770-b1ce1a43e356,2026-07-10T23:15:00Z,2026-07-11T01:15:00+0200,43876.26,MW,FR,FR,actual_load,Actual Load,2026-08-09T15:49:09Z
2026-08-09T15:48:21Z,2026-08-09T17:48:21+0200,d1ee186b-63c3-474e-8770-b1ce1a43e356,2026-07-10T23:30:00Z,2026-07-11T01:30:00+0200,43587.75,MW,FR,FR,actual_load,Actual Load,2026-08-09T15:49:09Z
2026-08-09T15:48:21Z,2026-08-09T17:48:21+0200,d1ee186b-63c3-474e-8770-b1ce1a43e356,2026-07-10T23:45:00Z,2026-07-11T01:45:00+0200,42850.69,MW,FR,FR,actual_load,Actual Load,2026-08-09T15:49:09Z
2026-08-09T15:48:21Z,2026-08-09T17:48:21+0200,d1ee186b-63c3-474e-8770-b1ce1a43e356,2026-07-11T00:00:00Z,2026-07-11T02:00:00+0200,42469.07,MW,FR,FR,actual_load,Actual Load,2026-08-09T15:49:09Z
2026-08-09T15:48:21Z,2026-08-09T17:48:21+0200,d1ee186b-63c3-474e-8770-b1ce1a43e356,2026-07-11T00:15:00Z,2026-07-11T02:15:00+0200,41530.05,MW,FR,FR,actual_load,Actual Load,2026-08-09T15:49:09Z
2026-08-09T15:48:21Z,2026-08-09T17:48:21+0200,d1ee186b-63c3-474e-8770-b1ce1a43e356,2026-07-11T00:30:00Z,2026-07-11T02:30:00+0200,40787.22,MW,FR,FR,actual_load,Actual Load,2026-08-09T15:49:09Z
2026-08-09T15:48:21Z,2026-08-09T17:48:21+0200,d1ee186b-63c3-474e-8770-b1ce1a43e356,2026-07-11T00:45:00Z,2026-07-11T02:45:00+0200,40114.64,MW,FR,FR,actual_load,Actual Load,2026-08-09T15:49:09Z
2026-08-09T15:48:21Z,2026-08-09T17:48:21+0200,d1ee186b-63c3-474e-8770-b1ce1a43e356,2026-07-11T01:00:00Z,2026-07-11T03:00:00+0200,39593.97,MW,FR,FR,actual_load,Actual Load,2026-08-09T15:49:09Z
2026-08-09T15:48:21Z,2026-08-09T17:48:21+0200,d1ee186b-63c3-474e-8770-b1ce1a43e356,2026-07-11T01:15:00Z,2026-07-11T03:15:00+0200,39107.45,MW,FR,FR,actual_load,Actual Load,2026-08-09T15:49:09Z
2026-08-09T15:48:21Z,2026-08-09T17:48:21+0200,d1ee186b-63c3-474e-8770-b1ce1a43e356,2026-07-11T01:30:00Z,2026-07-11T03:30:00+0200,38925.42,MW,FR,FR,actual_load,Actual Load,2026-08-09T15:49:09Z
2026-08-09T15:48:21Z,2026-08-09T17:48:21+0200,d1ee186b-63c3-474e-8770-b1ce1a43e356,2026-07-11T01:45:00Z,2026-07-11T03:45:00+0200,38678.37,MW,FR,FR,actual_load,Actual Load,2026-08-09T15:49:09Z
2026-08-09T15:48:21Z,2026-08-09T17:48:21+0200,d1ee186b-63c3-474e-8770-b1ce1a43e356,2026-07-11T02:00:00Z,2026-07-11T04:00:00+0200,38560.09,MW,FR,FR,actual_load,Actual Load,2026-08-09T15:49:09Z
2026-08-09T15:48:21Z,2026-08-09T17:48:21+0200,d1ee186b-63c3-474e-8770-b1ce1a43e356,2026-07-11T02:15:00Z,2026-07-11T04:15:00+0200,38288.53,MW,FR,FR,actual_load,Actual Load,2026-08-09T15:49:09Z
2026-08-09T15:48:21Z,2026-08-09T17:48:21+0200,d1ee186b-63c3-474e-8770-b1ce1a43e356,2026-07-11T02:30:00Z,2026-07-11T04:30:00+0200,38148.31,MW,FR,FR,actual_load,Actual Load,2026-08-09T15:49:09Z
2026-08-09T15:48:21Z,2026-08-09T17:48:21+0200,d1ee186b-63c3-474e-8770-b1ce1a43e356,2026-07-11T02:45:00Z,2026-07-11T04:45:00+0200,37952.61,MW,FR,FR,actual_load,Actual Load,2026-08-09T15:49:09Z
2026-08-09T15:48:21Z,2026-08-09T17:48:21+0200,d1ee186b-63c3-474e-8770-b1ce1a43e356,2026-07-11T03:00:00Z,2026-07-11T05:00:00+0200,38067.43,MW,FR,FR,actual_load,Actual Load,2026-08-09T15:49:09Z
2026-08-09T15:48:21Z,2026-08-09T17:48:21+0200,d1ee186b-63c3-474e-8770-b1ce1a43e356,2026-07-11T03:15:00Z,2026-07-11T05:15:00+0200,37939.7,MW,FR,FR,actual_load,Actual Load,2026-08-09T15:49:09Z
2026-08-09T15:48:21Z,2026-08-09T17:48:21+0200,d1ee186b-63c3-474e-8770-b1ce1a43e356,2026-07-11T03:30:00Z,2026-07-11T05:30:00+0200,37868.94,MW,FR,FR,actual_load,Actual Load,2026-08-09T15:49:09Z
2026-08-09T15:48:21Z,2026-08-09T17:48:21+0200,d1ee186b-63c3-474e-8770-b1ce1a43e356,2026-07-11T03:45:00Z,2026-07-11T05:45:00+0200,37816.6,MW,FR,FR,actual_load,Actual Load,2026-08-09T15:49:09Z
2026-08-09T15:48:21Z,2026-08-09T17:48:21+0200,d1ee186b-63c3-474e-8770-b1ce1a43e356,2026-07-11T04:00:00Z,2026-07-11T06:00:00+0200,37922.89,MW,FR,FR,actual_load,Actual Load,2026-08-09T15:49:09Z
2026-08-09T15:48:21Z,2026-08-09T17:48:21+0200,d1ee186b-63c3-474e-8770-b1ce1a43e356,2026-07-11T04:15:00Z,2026-07-11T06:15:00+0200,38139.24,MW,FR,FR,actual_load,Actual Load,2026-08-09T15:49:09Z
2026-08-09T15:48:21Z,2026-08-09T17:48:21+0200,d1ee186b-63c3-474e-8770-b1ce1a43e356,2026-07-11T04:30:00Z,2026-07-11T06:30:00+0200,38124.94,MW,FR,FR,actual_load,Actual Load,2026-08-09T15:49:09Z
2026-08-09T15:48:21Z,2026-08-09T17:48:21+0200,d1ee186b-63c3-474e-8770-b1ce1a43e356,2026-07-11T04:45:00Z,2026-07-11T06:45:00+0200,38403.84,MW,FR,FR,actual_load,Actual Load,2026-08-09T15:49:09Z
2026-08-09T15:48:21Z,2026-08-09T17:48:21+0200,d1ee186b-63c3-474e-8770-b1ce1a43e356,2026-07-11T05:00:00Z,2026-07-11T07:00:00+0200,38458.6,MW,FR,FR,actual_load,Actual Load,2026-08-09T15:49:09Z
2026-08-09T15:48:21Z,2026-08-09T17:48:21+0200,d1ee186b-63c3-474e-8770-b1ce1a43e356,2026-07-11T05:15:00Z,2026-07-11T07:15:00+0200,38718.03,MW,FR,FR,actual_load,Actual Load,2026-08-09T15:49:09Z
2026-08-09T15:48:21Z,2026-08-09T17:48:21+0200,d1ee186b-63c3-474e-8770-b1ce1a43e356,2026-07-11T05:30:00Z,2026-07-11T07:30:00+0200,39007.92,MW,FR,FR,actual_load,Actual Load,2026-08-09T15:49:09Z
2026-08-09T15:48:21Z,2026-08-09T17:48:21+0200,d1ee186b-63c3-474e-8770-b1ce1a43e356,2026-07-11T05:45:00Z,2026-07-11T07:45:00+0200,39491.85,MW,FR,FR,actual_load,Actual Load,2026-08-09T15:49:09Z
2026-08-09T15:48:21Z,2026-08-09T17:48:21+0200,d1ee186b-63c3-474e-8770-b1ce1a43e356,2026-07-11T06:00:00Z,2026-07-11T08:00:00+0200,39986.13,MW,FR,FR,actual_load,Actual Load,2026-08-09T15:49:09Z
2026-08-09T15:48:21Z,2026-08-09T17:48:21+0200,d1ee186b-63c3-474e-8770-b1ce1a43e356,2026-07-11T06:15:00Z,2026-07-11T08:15:00+0200,40401.44,MW,FR,FR,actual_load,Actual Load,2026-08-09T15:49:09Z
2026-08-09T15:48:21Z,2026-08-09T17:48:21+0200,d1ee186b-63c3-474e-8770-b1ce1a43e356,2026-07-11T06:30:00Z,2026-07-11T08:30:00+0200,41104.46,MW,FR,FR,actual_load,Actual Load,2026-08-09T15:49:09Z
2026-08-09T15:48:21Z,2026-08-09T17:48:21+0200,d1ee186b-63c3-474e-8770-b1ce1a43e356,2026-07-11T06:45:00Z,2026-07-11T08:45:00+0200,41554.74,MW,FR,FR,actual_load,Actual Load,2026-08-09T15:49:09Z
2026-08-09T15:48:21Z,2026-08-09T17:48:21+0200,d1ee186b-63c3-474e-8770-b1ce1a43e356,2026-07-11T07:00:00Z,2026-07-11T09:00:00+0200,42205.18,MW,FR,FR,actual_load,Actual Load,2026-08-09T15:49:09Z
2026-08-09T15:48:21Z,2026-08-09T17:48:21+0200,d1ee186b-63c3-474e-8770-b1ce1a43e356,2026-07-11T07:15:00Z,2026-07-11T09:15:00+0200,42864.58,MW,FR,FR,actual_load,Actual Load,2026-08-09T15:49:09Z
2026-08-09T15:48:21Z,2026-08-09T17:48:21+0200,d1ee186b-63c3-474e-8770-b1ce1a43e356,2026-07-11T07:30:00Z,2026-07-11T09:30:00+0200,43489.95,MW,FR,FR,actual_load,Actual Load,2026-08-09T15:49:09Z
2026-08-09T15:48:21Z,2026-08-09T17:48:21+0200,d1ee186b-63c3-474e-8770-b1ce1a43e356,2026-07-11T07:45:00Z,2026-07-11T09:45:00+0200,44085.72,MW,FR,FR,actual_load,Actual Load,2026-08-09T15:49:09Z
2026-08-09T15:48:21Z,2026-08-09T17:48:21+0200,d1ee186b-63c3-474e-8770-b1ce1a43e356,2026-07-11T08:00:00Z,2026-07-11T10:00:00+0200,44615.84,MW,FR,FR,actual_load,Actual Load,2026-08-09T15:49:09Z
2026-08-09T15:48:21Z,2026-08-09T17:48:21+0200,d1ee186b-63c3-474e-8770-b1ce1a43e356,2026-07-11T08:15:00Z,2026-07-11T10:15:00+0200,45177.46,MW,FR,FR,actual_load,Actual Load,2026-08-09T15:49:09Z
2026-08-09T15:48:21Z,2026-08-09T17:48:21+0200,d1ee186b-63c3-474e-8770-b1ce1a43e356,2026-07-11T08:30:00Z,2026-07-11T10:30:00+0200,45759.61,MW,FR,FR,actual_load,Actual Load,2026-08-09T15:49:09Z
2026-08-09T15:48:21Z,2026-08-09T17:48:21+0200,d1ee186b-63c3-474e-8770-b1ce1a43e356,2026-07-11T08:45:00Z,2026-07-11T10:45:00+0200,46143.98,MW,FR,FR,actual_load,Actual Load,2026-08-09T15:49:09Z
2026-08-09T15:48:21Z,2026-08-09T17:48:21+0200,d1ee186b-63c3-474e-8770-b1ce1a43e356,2026-07-11T09:00:00Z,2026-07-11T11:00:00+0200,46509.31,MW,FR,FR,actual_load,Actual Load,2026-08-09T15:49:09Z
2026-08-09T15:48:21Z,2026-08-09T17:48:21+0200,d1ee186b-63c3-474e-8770-b1ce1a43e356,2026-07-11T09:15:00Z,2026-07-11T11:15:00+0200,46849.62,MW,FR,FR,actual_load,Actual Load,2026-08-09T15:49:09Z
2026-08-09T15:48:21Z,2026-08-09T17:48:21+0200,d1ee186b-63c3-474e-8770-b1ce1a43e356,2026-07-11T09:30:00Z,2026-07-11T11:30:00+0200,47262.12,MW,FR,FR,actual_load,Actual Load,2026-08-09T15:49:09Z
2026-08-09T15:48:21Z,2026-08-09T17:48:21+0200,d1ee186b-63c3-474e-8770-b1ce1a43e356,2026-07-11T09:45:00Z,2026-07-11T11:45:00+0200,47750.18,MW,FR,FR,actual_load,Actual Load,2026-08-09T15:49:09Z
2026-08-09T15:48:21Z,2026-08-09T17:48:21+0200,d1ee186b-63c3-474e-8770-b1ce1a43e356,2026-07-11T10:00:00Z,2026-07-11T12:00:00+0200,48368.93,MW,FR,FR,actual_load,Actual Load,2026-08-09T15:49:09Z
2026-08-09T15:48:21Z,2026-08-09T17:48:21+0200,d1ee186b-63c3-474e-8770-b1ce1a43e356,2026-07-11T10:15:00Z,2026-07-11T12:15:00+0200,48704.37,MW,FR,FR,actual_load,Actual Load,2026-08-09T15:49:09Z
2026-08-09T15:48:21Z,2026-08-09T17:48:21+0200,d1ee186b-63c3-474e-8770-b1ce1a43e356,2026-07-11T10:30:00Z,2026-07-11T12:30:00+0200,49345.0,MW,FR,FR,actual_load,Actual Load,2026-08-09T15:49:09Z
2026-08-09T15:48:21Z,2026-08-09T17:48:21+0200,d1ee186b-63c3-474e-8770-b1ce1a43e356,2026-07-11T10:45:00Z,2026-07-11T12:45:00+0200,49267.43,MW,FR,FR,actual_load,Actual Load,2026-08-09T15:49:09Z
2026-08-09T15:48:21Z,2026-08-09T17:48:21+0200,d1ee186b-63c3-474e-8770-b1ce1a43e356,2026-07-11T11:00:00Z,2026-07-11T13:00:00+0200,49089.91,MW,FR,FR,actual_load,Actual Load,2026-08-09T15:49:09Z
2026-08-09T15:48:21Z,2026-08-09T17:48:21+0200,d1ee186b-63c3-474e-8770-b1ce1a43e356,2026-07-11T11:15:00Z,2026-07-11T13:15:00+0200,48662.14,MW,FR,FR,actual_load,Actual Load,2026-08-09T15:49:09Z
2026-08-09T15:48:21Z,2026-08-09T17:48:21+0200,d1ee186b-63c3-474e-8770-b1ce1a43e356,2026-07-11T11:30:00Z,2026-07-11T13:30:00+0200,48430.82,MW,FR,FR,actual_load,Actual Load,2026-08-09T15:49:09Z
2026-08-09T15:48:21Z,2026-08-09T17:48:21+0200,d1ee186b-63c3-474e-8770-b1ce1a43e356,2026-07-11T11:45:00Z,2026-07-11T13:45:00+0200,48412.6,MW,FR,FR,actual_load,Actual Load,2026-08-09T15:49:09Z
2026-08-09T15:48:21Z,2026-08-09T17:48:21+0200,d1ee186b-63c3-474e-8770-b1ce1a43e356,2026-07-11T12:00:00Z,2026-07-11T14:00:00+0200,49255.28,MW,FR,FR,actual_load,Actual Load,2026-08-09T15:49:09Z
2026-08-09T15:48:21Z,2026-08-09T17:48:21+0200,d1ee186b-63c3-474e-8770-b1ce1a43e356,2026-07-11T12:15:00Z,2026-07-11T14:15:00+0200,49273.95,MW,FR,FR,actual_load,Actual Load,2026-08-09T15:49:09Z
2026-08-09T15:48:21Z,2026-08-09T17:48:21+0200,d1ee186b-63c3-474e-8770-b1ce1a43e356,2026-07-11T12:30:00Z,2026-07-11T14:30:00+0200,49384.58,MW,FR,FR,actual_load,Actual Load,2026-08-09T15:49:09Z
2026-08-09T15:48:21Z,2026-08-09T17:48:21+0200,d1ee186b-63c3-474e-8770-b1ce1a43e356,2026-07-11T12:45:00Z,2026-07-11T14:45:00+0200,49071.67,MW,FR,FR,actual_load,Actual Load,2026-08-09T15:49:09Z
2026-08-09T15:48:21Z,2026-08-09T17:48:21+0200,d1ee186b-63c3-474e-8770-b1ce1a43e356,2026-07-11T13:00:00Z,2026-07-11T15:00:00+0200,48813.71,MW,FR,FR,actual_load,Actual Load,2026-08-09T15:49:09Z
2026-08-09T15:48:21Z,2026-08-09T17:48:21+0200,d1ee186b-63c3-474e-8770-b1ce1a43e356,2026-07-11T13:15:00Z,2026-07-11T15:15:00+0200,48458.39,MW,FR,FR,actual_load,Actual Load,2026-08-09T15:49:09Z
2026-08-09T15:48:21Z,2026-08-09T17:48:21+0200,d1ee186b-63c3-474e-8770-b1ce1a43e356,2026-07-11T13:30:00Z,2026-07-11T15:30:00+0200,48024.73,MW,FR,FR,actual_load,Actual Load,2026-08-09T15:49:09Z
2026-08-09T15:48:21Z,2026-08-09T17:48:21+0200,d1ee186b-63c3-474e-8770-b1ce1a43e356,2026-07-11T13:45:00Z,2026-07-11T15:45:00+0200,47839.11,MW,FR,FR,actual_load,Actual Load,2026-08-09T15:49:09Z
2026-08-09T15:48:21Z,2026-08-09T17:48:21+0200,d1ee186b-63c3-474e-8770-b1ce1a43e356,2026-07-11T14:00:00Z,2026-07-11T16:00:00+0200,47900.41,MW,FR,FR,actual_load,Actual Load,2026-08-09T15:49:09Z
2026-08-09T15:48:21Z,2026-08-09T17:48:21+0200,d1ee186b-63c3-474e-8770-b1ce1a43e356,2026-07-11T14:15:00Z,2026-07-11T16:15:00+0200,47794.43,MW,FR,FR,actual_load,Actual Load,2026-08-09T15:49:09Z
2026-08-09T15:48:21Z,2026-08-09T17:48:21+0200,d1ee186b-63c3-474e-8770-b1ce1a43e356,2026-07-11T14:30:00Z,2026-07-11T16:30:00+0200,47841.7,MW,FR,FR,actual_load,Actual Load,2026-08-09T15:49:09Z
2026-08-09T15:48:21Z,2026-08-09T17:48:21+0200,d1ee186b-63c3-474e-8770-b1ce1a43e356,2026-07-11T14:45:00Z,2026-07-11T16:45:00+0200,47665.95,MW,FR,FR,actual_load,Actual Load,2026-08-09T15:49:09Z
2026-08-09T15:48:21Z,2026-08-09T17:48:21+0200,d1ee186b-63c3-474e-8770-b1ce1a43e356,2026-07-11T15:00:00Z,2026-07-11T17:00:00+0200,47735.18,MW,FR,FR,actual_load,Actual Load,2026-08-09T15:49:09Z
2026-08-09T15:48:21Z,2026-08-09T17:48:21+0200,d1ee186b-63c3-474e-8770-b1ce1a43e356,2026-07-11T15:15:00Z,2026-07-11T17:15:00+0200,47730.25,MW,FR,FR,actual_load,Actual Load,2026-08-09T15:49:09Z
2026-08-09T15:48:21Z,2026-08-09T17:48:21+0200,d1ee186b-63c3-474e-8770-b1ce1a43e356,2026-07-11T15:30:00Z,2026-07-11T17:30:00+0200,48011.8,MW,FR,FR,actual_load,Actual Load,2026-08-09T15:49:09Z
2026-08-09T15:48:21Z,2026-08-09T17:48:21+0200,d1ee186b-63c3-474e-8770-b1ce1a43e356,2026-07-11T15:45:00Z,2026-07-11T17:45:00+0200,48108.18,MW,FR,FR,actual_load,Actual Load,2026-08-09T15:49:09Z
2026-08-09T15:48:21Z,2026-08-09T17:48:21+0200,d1ee186b-63c3-474e-8770-b1ce1a43e356,2026-07-11T16:00:00Z,2026-07-11T18:00:00+0200,48439.07,MW,FR,FR,actual_load,Actual Load,2026-08-09T15:49:09Z
2026-08-09T15:48:21Z,2026-08-09T17:48:21+0200,d1ee186b-63c3-474e-8770-b1ce1a43e356,2026-07-11T16:15:00Z,2026-07-11T18:15:00+0200,48588.73,MW,FR,FR,actual_load,Actual Load,2026-08-09T15:49:09Z
2026-08-09T15:48:21Z,2026-08-09T17:48:21+0200,d1ee186b-63c3-474e-8770-b1ce1a43e356,2026-07-11T16:30:00Z,2026-07-11T18:30:00+0200,49085.89,MW,FR,FR,actual_load,Actual Load,2026-08-09T15:49:09Z
2026-08-09T15:48:21Z,2026-08-09T17:48:21+0200,d1ee186b-63c3-474e-8770-b1ce1a43e356,2026-07-11T16:45:00Z,2026-07-11T18:45:00+0200,49351.03,MW,FR,FR,actual_load,Actual Load,2026-08-09T15:49:09Z
2026-08-09T15:48:21Z,2026-08-09T17:48:21+0200,d1ee186b-63c3-474e-8770-b1ce1a43e356,2026-07-11T17:00:00Z,2026-07-11T19:00:00+0200,49631.18,MW,FR,FR,actual_load,Actual Load,2026-08-09T15:49:09Z
2026-08-09T15:48:21Z,2026-08-09T17:48:21+0200,d1ee186b-63c3-474e-8770-b1ce1a43e356,2026-07-11T17:15:00Z,2026-07-11T19:15:00+0200,49664.49,MW,FR,FR,actual_load,Actual Load,2026-08-09T15:49:09Z
2026-08-09T15:48:21Z,2026-08-09T17:48:21+0200,d1ee186b-63c3-474e-8770-b1ce1a43e356,2026-07-11T17:30:00Z,2026-07-11T19:30:00+0200,49199.1,MW,FR,FR,actual_load,Actual Load,2026-08-09T15:49:09Z
2026-08-09T15:48:21Z,2026-08-09T17:48:21+0200,d1ee186b-63c3-474e-8770-b1ce1a43e356,2026-07-11T17:45:00Z,2026-07-11T19:45:00+0200,48918.0,MW,FR,FR,actual_load,Actual Load,2026-08-09T15:49:09Z
2026-08-09T15:48:21Z,2026-08-09T17:48:21+0200,d1ee186b-63c3-474e-8770-b1ce1a43e356,2026-07-11T18:00:00Z,2026-07-11T20:00:00+0200,48328.85,MW,FR,FR,actual_load,Actual Load,2026-08-09T15:49:09Z
2026-08-09T15:48:21Z,2026-08-09T17:48:21+0200,d1ee186b-63c3-474e-8770-b1ce1a43e356,2026-07-11T18:15:00Z,2026-07-11T20:15:00+0200,47771.38,MW,FR,FR,actual_load,Actual Load,2026-08-09T15:49:09Z
2026-08-09T15:48:21Z,2026-08-09T17:48:21+0200,d1ee186b-63c3-474e-8770-b1ce1a43e356,2026-07-11T18:30:00Z,2026-07-11T20:30:00+0200,47283.38,MW,FR,FR,actual_load,Actual Load,2026-08-09T15:49:09Z
2026-08-09T15:48:21Z,2026-08-09T17:48:21+0200,d1ee186b-63c3-474e-8770-b1ce1a43e356,2026-07-11T18:45:00Z,2026-07-11T20:45:00+0200,46834.15,MW,FR,FR,actual_load,Actual Load,2026-08-09T15:49:09Z
2026-08-09T15:48:21Z,2026-08-09T17:48:21+0200,d1ee186b-63c3-474e-8770-b1ce1a43e356,2026-07-11T19:00:00Z,2026-07-11T21:00:00+0200,46750.52,MW,FR,FR,actual_load,Actual Load,2026-08-09T15:49:09Z
2026-08-09T15:48:21Z,2026-08-09T17:48:21+0200,d1ee186b-63c3-474e-8770-b1ce1a43e356,2026-07-11T19:15:00Z,2026-07-11T21:15:00+0200,46428.77,MW,FR,FR,actual_load,Actual Load,2026-08-09T15:49:09Z
2026-08-09T15:48:21Z,2026-08-09T17:48:21+0200,d1ee186b-63c3-474e-8770-b1ce1a43e356,2026-07-11T19:30:00Z,2026-07-11T21:30:00+0200,46306.7,MW,FR,FR,actual_load,Actual Load,2026-08-09T15:49:09Z
2026-08-09T15:48:21Z,2026-08-09T17:48:21+0200,d1ee186b-63c3-474e-8770-b1ce1a43e356,2026-07-11T19:45:00Z,2026-07-11T21:45:00+0200,45836.17,MW,FR,FR,actual_load,Actual Load,2026-08-09T15:49:09Z
2026-08-09T15:48:21Z,2026-08-09T17:48:21+0200,d1ee186b-63c3-474e-8770-b1ce1a43e356,2026-07-11T20:00:00Z,2026-07-11T22:00:00+0200,47364.11,MW,FR,FR,actual_load,Actual Load,2026-08-09T15:49:09Z
2026-08-09T15:48:21Z,2026-08-09T17:48:21+0200,d1ee186b-63c3-474e-8770-b1ce1a43e356,2026-07-11T20:15:00Z,2026-07-11T22:15:00+0200,47304.21,MW,FR,FR,actual_load,Actual Load,2026-08-09T15:49:09Z
2026-08-09T15:48:21Z,2026-08-09T17:48:21+0200,d1ee186b-63c3-474e-8770-b1ce1a43e356,2026-07-11T20:30:00Z,2026-07-11T22:30:00+0200,48528.84,MW,FR,FR,actual_load,Actual Load,2026-08-09T15:49:09Z
2026-08-09T15:48:21Z,2026-08-09T17:48:21+0200,d1ee186b-63c3-474e-8770-b1ce1a43e356,2026-07-11T20:45:00Z,2026-07-11T22:45:00+0200,47984.52,MW,FR,FR,actual_load,Actual Load,2026-08-09T15:49:09Z
2026-08-09T15:48:21Z,2026-08-09T17:48:21+0200,d1ee186b-63c3-474e-8770-b1ce1a43e356,2026-07-11T21:00:00Z,2026-07-11T23:00:00+0200,47787.37,MW,FR,FR,actual_load,Actual Load,2026-08-09T15:49:09Z
2026-08-09T15:48:21Z,2026-08-09T17:48:21+0200,d1ee186b-63c3-474e-8770-b1ce1a43e356,2026-07-11T21:15:00Z,2026-07-11T23:15:00+0200,46764.81,MW,FR,FR,actual_load,Actual Load,2026-08-09T15:49:09Z
2026-08-09T15:48:21Z,2026-08-09T17:48:21+0200,d1ee186b-63c3-474e-8770-b1ce1a43e356,2026-07-11T21:30:00Z,2026-07-11T23:30:00+0200,46800.9,MW,FR,FR,actual_load,Actual Load,2026-08-09T15:49:09Z
2026-08-09T15:48:21Z,2026-08-09T17:48:21+0200,d1ee186b-63c3-474e-8770-b1ce1a43e356,2026-07-11T21:45:00Z,2026-07-11T23:45:00+0200,45876.91,MW,FR,FR,actual_load,Actual Load,2026-08-09T15:49:09Z
2026-08-09T15:48:21Z,2026-08-09T17:48:21+0200,d1ee186b-63c3-474e-8770-b1ce1a43e356,2026-07-11T22:00:00Z,2026-07-12T00:00:00+0200,45364.95,MW,FR,FR,actual_load,Actual Load,2026-08-09T15:49:09Z
2026-08-09T15:48:21Z,2026-08-09T17:48:21+0200,d1ee186b-63c3-474e-8770-b1ce1a43e356,2026-07-11T22:15:00Z,2026-07-12T00:15:00+0200,44265.2,MW,FR,FR,actual_load,Actual Load,2026-08-09T15:49:09Z
2026-08-09T15:48:21Z,2026-08-09T17:48:21+0200,d1ee186b-63c3-474e-8770-b1ce1a43e356,2026-07-11T22:30:00Z,2026-07-12T00:30:00+0200,43047.81,MW,FR,FR,actual_load,Actual Load,2026-08-09T15:49:09Z
2026-08-09T15:48:21Z,2026-08-09T17:48:21+0200,d1ee186b-63c3-474e-8770-b1ce1a43e356,2026-07-11T22:45:00Z,2026-07-12T00:45:00+0200,42096.68,MW,FR,FR,actual_load,Actual Load,2026-08-09T15:49:09Z
2026-08-09T15:48:21Z,2026-08-09T17:48:21+0200,d1ee186b-63c3-474e-8770-b1ce1a43e356,2026-07-11T23:00:00Z,2026-07-12T01:00:00+0200,42564.41,MW,FR,FR,actual_load,Actual Load,2026-08-09T15:49:09Z
2026-08-09T15:48:21Z,2026-08-09T17:48:21+0200,d1ee186b-63c3-474e-8770-b1ce1a43e356,2026-07-11T23:15:00Z,2026-07-12T01:15:00+0200,41786.57,MW,FR,FR,actual_load,Actual Load,2026-08-09T15:49:09Z
2026-08-09T15:48:21Z,2026-08-09T17:48:21+0200,d1ee186b-63c3-474e-8770-b1ce1a43e356,2026-07-11T23:30:00Z,2026-07-12T01:30:00+0200,41699.63,MW,FR,FR,actual_load,Actual Load,2026-08-09T15:49:09Z
2026-08-09T15:48:21Z,2026-08-09T17:48:21+0200,d1ee186b-63c3-474e-8770-b1ce1a43e356,2026-07-11T23:45:00Z,2026-07-12T01:45:00+0200,40871.5,MW,FR,FR,actual_load,Actual Load,2026-08-09T15:49:09Z
2026-08-09T15:48:21Z,2026-08-09T17:48:21+0200,d1ee186b-63c3-474e-8770-b1ce1a43e356,2026-07-12T00:00:00Z,2026-07-12T02:00:00+0200,40667.41,MW,FR,FR,actual_load,Actual Load,2026-08-09T15:49:09Z
2026-08-09T15:48:21Z,2026-08-09T17:48:21+0200,d1ee186b-63c3-474e-8770-b1ce1a43e356,2026-07-12T00:15:00Z,2026-07-12T02:15:00+0200,39638.8,MW,FR,FR,actual_load,Actual Load,2026-08-09T15:49:09Z
2026-08-09T15:48:21Z,2026-08-09T17:48:21+0200,d1ee186b-63c3-474e-8770-b1ce1a43e356,2026-07-12T00:30:00Z,2026-07-12T02:30:00+0200,39058.77,MW,FR,FR,actual_load,Actual Load,2026-08-09T15:49:09Z
2026-08-09T15:48:21Z,2026-08-09T17:48:21+0200,d1ee186b-63c3-474e-8770-b1ce1a43e356,2026-07-12T00:45:00Z,2026-07-12T02:45:00+0200,38389.18,MW,FR,FR,actual_load,Actual Load,2026-08-09T15:49:09Z
2026-08-09T15:48:21Z,2026-08-09T17:48:21+0200,d1ee186b-63c3-474e-8770-b1ce1a43e356,2026-07-12T01:00:00Z,2026-07-12T03:00:00+0200,37824.44,MW,FR,FR,actual_load,Actual Load,2026-08-09T15:49:09Z
2026-08-09T15:48:21Z,2026-08-09T17:48:21+0200,d1ee186b-63c3-474e-8770-b1ce1a43e356,2026-07-12T01:15:00Z,2026-07-12T03:15:00+0200,37235.28,MW,FR,FR,actual_load,Actual Load,2026-08-09T15:49:09Z
2026-08-09T15:48:21Z,2026-08-09T17:48:21+0200,d1ee186b-63c3-474e-8770-b1ce1a43e356,2026-07-12T01:30:00Z,2026-07-12T03:30:00+0200,37017.22,MW,FR,FR,actual_load,Actual Load,2026-08-09T15:49:09Z
2026-08-09T15:48:21Z,2026-08-09T17:48:21+0200,d1ee186b-63c3-474e-8770-b1ce1a43e356,2026-07-12T01:45:00Z,2026-07-12T03:45:00+0200,36749.12,MW,FR,FR,actual_load,Actual Load,2026-08-09T15:49:09Z
2026-08-09T15:48:21Z,2026-08-09T17:48:21+0200,d1ee186b-63c3-474e-8770-b1ce1a43e356,2026-07-12T02:00:00Z,2026-07-12T04:00:00+0200,36357.13,MW,FR,FR,actual_load,Actual Load,2026-08-09T15:49:09Z
2026-08-09T15:48:21Z,2026-08-09T17:48:21+0200,d1ee186b-63c3-474e-8770-b1ce1a43e356,2026-07-12T02:15:00Z,2026-07-12T04:15:00+0200,36157.6,MW,FR,FR,actual_load,Actual Load,2026-08-09T15:49:09Z
2026-08-09T15:48:21Z,2026-08-09T17:48:21+0200,d1ee186b-63c3-474e-8770-b1ce1a43e356,2026-07-12T02:30:00Z,2026-07-12T04:30:00+0200,36094.05,MW,FR,FR,actual_load,Actual Load,2026-08-09T15:49:09Z
2026-08-09T15:48:21Z,2026-08-09T17:48:21+0200,d1ee186b-63c3-474e-8770-b1ce1a43e356,2026-07-12T02:45:00Z,2026-07-12T04:45:00+0200,35945.19,MW,FR,FR,actual_load,Actual Load,2026-08-09T15:49:09Z
2026-08-09T15:48:21Z,2026-08-09T17:48:21+0200,d1ee186b-63c3-474e-8770-b1ce1a43e356,2026-07-12T03:00:00Z,2026-07-12T05:00:00+0200,35808.38,MW,FR,FR,actual_load,Actual Load,2026-08-09T15:49:09Z
2026-08-09T15:48:21Z,2026-08-09T17:48:21+0200,d1ee186b-63c3-474e-8770-b1ce1a43e356,2026-07-12T03:15:00Z,2026-07-12T05:15:00+0200,35690.62,MW,FR,FR,actual_load,Actual Load,2026-08-09T15:49:09Z
2026-08-09T15:48:21Z,2026-08-09T17:48:21+0200,d1ee186b-63c3-474e-8770-b1ce1a43e356,2026-07-12T03:30:00Z,2026-07-12T05:30:00+0200,35757.65,MW,FR,FR,actual_load,Actual Load,2026-08-09T15:49:09Z
2026-08-09T15:48:21Z,2026-08-09T17:48:21+0200,d1ee186b-63c3-474e-8770-b1ce1a43e356,2026-07-12T03:45:00Z,2026-07-12T05:45:00+0200,35336.31,MW,FR,FR,actual_load,Actual Load,2026-08-09T15:49:09Z
2026-08-09T15:48:21Z,2026-08-09T17:48:21+0200,d1ee186b-63c3-474e-8770-b1ce1a43e356,2026-07-12T04:00:00Z,2026-07-12T06:00:00+0200,35296.37,MW,FR,FR,actual_load,Actual Load,2026-08-09T15:49:09Z
2026-08-09T15:48:21Z,2026-08-09T17:48:21+0200,d1ee186b-63c3-474e-8770-b1ce1a43e356,2026-07-12T04:15:00Z,2026-07-12T06:15:00+0200,35282.73,MW,FR,FR,actual_load,Actual Load,2026-08-09T15:49:09Z
2026-08-09T15:48:21Z,2026-08-09T17:48:21+0200,d1ee186b-63c3-474e-8770-b1ce1a43e356,2026-07-12T04:30:00Z,2026-07-12T06:30:00+0200,35325.7,MW,FR,FR,actual_load,Actual Load,2026-08-09T15:49:09Z
2026-08-09T15:48:21Z,2026-08-09T17:48:21+0200,d1ee186b-63c3-474e-8770-b1ce1a43e356,2026-07-12T04:45:00Z,2026-07-12T06:45:00+0200,35512.94,MW,FR,FR,actual_load,Actual Load,2026-08-09T15:49:09Z
2026-08-09T15:48:21Z,2026-08-09T17:48:21+0200,d1ee186b-63c3-474e-8770-b1ce1a43e356,2026-07-12T05:00:00Z,2026-07-12T07:00:00+0200,35563.8,MW,FR,FR,actual_load,Actual Load,2026-08-09T15:49:09Z
2026-08-09T15:48:21Z,2026-08-09T17:48:21+0200,d1ee186b-63c3-474e-8770-b1ce1a43e356,2026-07-12T05:15:00Z,2026-07-12T07:15:00+0200,35772.98,MW,FR,FR,actual_load,Actual Load,2026-08-09T15:49:09Z
2026-08-09T15:48:21Z,2026-08-09T17:48:21+0200,d1ee186b-63c3-474e-8770-b1ce1a43e356,2026-07-12T05:30:00Z,2026-07-12T07:30:00+0200,35935.13,MW,FR,FR,actual_load,Actual Load,2026-08-09T15:49:09Z
2026-08-09T15:48:21Z,2026-08-09T17:48:21+0200,d1ee186b-63c3-474e-8770-b1ce1a43e356,2026-07-12T05:45:00Z,2026-07-12T07:45:00+0200,36254.88,MW,FR,FR,actual_load,Actual Load,2026-08-09T15:49:09Z
2026-08-09T15:48:21Z,2026-08-09T17:48:21+0200,d1ee186b-63c3-474e-8770-b1ce1a43e356,2026-07-12T06:00:00Z,2026-07-12T08:00:00+0200,36593.55,MW,FR,FR,actual_load,Actual Load,2026-08-09T15:49:09Z
2026-08-09T15:48:21Z,2026-08-09T17:48:21+0200,d1ee186b-63c3-474e-8770-b1ce1a43e356,2026-07-12T06:15:00Z,2026-07-12T08:15:00+0200,36845.86,MW,FR,FR,actual_load,Actual Load,2026-08-09T15:49:09Z
2026-08-09T15:48:21Z,2026-08-09T17:48:21+0200,d1ee186b-63c3-474e-8770-b1ce1a43e356,2026-07-12T06:30:00Z,2026-07-12T08:30:00+0200,37587.46,MW,FR,FR,actual_load,Actual Load,2026-08-09T15:49:09Z
2026-08-09T15:48:21Z,2026-08-09T17:48:21+0200,d1ee186b-63c3-474e-8770-b1ce1a43e356,2026-07-12T06:45:00Z,2026-07-12T08:45:00+0200,38005.89,MW,FR,FR,actual_load,Actual Load,2026-08-09T15:49:09Z
2026-08-09T15:48:21Z,2026-08-09T17:48:21+0200,d1ee186b-63c3-474e-8770-b1ce1a43e356,2026-07-12T07:00:00Z,2026-07-12T09:00:00+0200,38418.31,MW,FR,FR,actual_load,Actual Load,2026-08-09T15:49:09Z
2026-08-09T15:48:21Z,2026-08-09T17:48:21+0200,d1ee186b-63c3-474e-8770-b1ce1a43e356,2026-07-12T07:15:00Z,2026-07-12T09:15:00+0200,39153.22,MW,FR,FR,actual_load,Actual Load,2026-08-09T15:49:09Z
2026-08-09T15:48:21Z,2026-08-09T17:48:21+0200,d1ee186b-63c3-474e-8770-b1ce1a43e356,2026-07-12T07:30:00Z,2026-07-12T09:30:00+0200,39578.41,MW,FR,FR,actual_load,Actual Load,2026-08-09T15:49:09Z
2026-08-09T15:48:21Z,2026-08-09T17:48:21+0200,d1ee186b-63c3-474e-8770-b1ce1a43e356,2026-07-12T07:45:00Z,2026-07-12T09:45:00+0200,39760.09,MW,FR,FR,actual_load,Actual Load,2026-08-09T15:49:09Z
2026-08-09T15:48:21Z,2026-08-09T17:48:21+0200,d1ee186b-63c3-474e-8770-b1ce1a43e356,2026-07-12T08:00:00Z,2026-07-12T10:00:00+0200,40289.2,MW,FR,FR,actual_load,Actual Load,2026-08-09T15:49:09Z
2026-08-09T15:48:21Z,2026-08-09T17:48:21+0200,d1ee186b-63c3-474e-8770-b1ce1a43e356,2026-07-12T08:15:00Z,2026-07-12T10:15:00+0200,40895.64,MW,FR,FR,actual_load,Actual Load,2026-08-09T15:49:09Z
2026-08-09T15:48:21Z,2026-08-09T17:48:21+0200,d1ee186b-63c3-474e-8770-b1ce1a43e356,2026-07-12T08:30:00Z,2026-07-12T10:30:00+0200,41659.83,MW,FR,FR,actual_load,Actual Load,2026-08-09T15:49:09Z
2026-08-09T15:48:21Z,2026-08-09T17:48:21+0200,d1ee186b-63c3-474e-8770-b1ce1a43e356,2026-07-12T08:45:00Z,2026-07-12T10:45:00+0200,42255.43,MW,FR,FR,actual_load,Actual Load,2026-08-09T15:49:09Z
2026-08-09T15:48:21Z,2026-08-09T17:48:21+0200,d1ee186b-63c3-474e-8770-b1ce1a43e356,2026-07-12T09:00:00Z,2026-07-12T11:00:00+0200,42633.7,MW,FR,FR,actual_load,Actual Load,2026-08-09T15:49:09Z
2026-08-09T15:48:21Z,2026-08-09T17:48:21+0200,d1ee186b-63c3-474e-8770-b1ce1a43e356,2026-07-12T09:15:00Z,2026-07-12T11:15:00+0200,43112.61,MW,FR,FR,actual_load,Actual Load,2026-08-09T15:49:09Z
2026-08-09T15:48:21Z,2026-08-09T17:48:21+0200,d1ee186b-63c3-474e-8770-b1ce1a43e356,2026-07-12T09:30:00Z,2026-07-12T11:30:00+0200,43459.77,MW,FR,FR,actual_load,Actual Load,2026-08-09T15:49:09Z
2026-08-09T15:48:21Z,2026-08-09T17:48:21+0200,d1ee186b-63c3-474e-8770-b1ce1a43e356,2026-07-12T09:45:00Z,2026-07-12T11:45:00+0200,43856.08,MW,FR,FR,actual_load,Actual Load,2026-08-09T15:49:09Z
2026-08-09T15:48:21Z,2026-08-09T17:48:21+0200,d1ee186b-63c3-474e-8770-b1ce1a43e356,2026-07-12T10:00:00Z,2026-07-12T12:00:00+0200,44726.81,MW,FR,FR,actual_load,Actual Load,2026-08-09T15:49:09Z
2026-08-09T15:48:21Z,2026-08-09T17:48:21+0200,d1ee186b-63c3-474e-8770-b1ce1a43e356,2026-07-12T10:15:00Z,2026-07-12T12:15:00+0200,45064.53,MW,FR,FR,actual_load,Actual Load,2026-08-09T15:49:09Z
2026-08-09T15:48:21Z,2026-08-09T17:48:21+0200,d1ee186b-63c3-474e-8770-b1ce1a43e356,2026-07-12T10:30:00Z,2026-07-12T12:30:00+0200,45756.06,MW,FR,FR,actual_load,Actual Load,2026-08-09T15:49:09Z
2026-08-09T15:48:21Z,2026-08-09T17:48:21+0200,d1ee186b-63c3-474e-8770-b1ce1a43e356,2026-07-12T10:45:00Z,2026-07-12T12:45:00+0200,45653.7,MW,FR,FR,actual_load,Actual Load,2026-08-09T15:49:09Z
2026-08-09T15:48:21Z,2026-08-09T17:48:21+0200,d1ee186b-63c3-474e-8770-b1ce1a43e356,2026-07-12T11:00:00Z,2026-07-12T13:00:00+0200,45400.61,MW,FR,FR,actual_load,Actual Load,2026-08-09T15:49:09Z
2026-08-09T15:48:21Z,2026-08-09T17:48:21+0200,d1ee186b-63c3-474e-8770-b1ce1a43e356,2026-07-12T11:15:00Z,2026-07-12T13:15:00+0200,44985.24,MW,FR,FR,actual_load,Actual Load,2026-08-09T15:49:09Z
2026-08-09T15:48:21Z,2026-08-09T17:48:21+0200,d1ee186b-63c3-474e-8770-b1ce1a43e356,2026-07-12T11:30:00Z,2026-07-12T13:30:00+0200,44682.59,MW,FR,FR,actual_load,Actual Load,2026-08-09T15:49:09Z
2026-08-09T15:48:21Z,2026-08-09T17:48:21+0200,d1ee186b-63c3-474e-8770-b1ce1a43e356,2026-07-12T11:45:00Z,2026-07-12T13:45:00+0200,44659.01,MW,FR,FR,actual_load,Actual Load,2026-08-09T15:49:09Z
2026-08-09T15:48:21Z,2026-08-09T17:48:21+0200,d1ee186b-63c3-474e-8770-b1ce1a43e356,2026-07-12T12:00:00Z,2026-07-12T14:00:00+0200,45510.94,MW,FR,FR,actual_load,Actual Load,2026-08-09T15:49:09Z
2026-08-09T15:48:21Z,2026-08-09T17:48:21+0200,d1ee186b-63c3-474e-8770-b1ce1a43e356,2026-07-12T12:15:00Z,2026-07-12T14:15:00+0200,45460.02,MW,FR,FR,actual_load,Actual Load,2026-08-09T15:49:09Z
2026-08-09T15:48:21Z,2026-08-09T17:48:21+0200,d1ee186b-63c3-474e-8770-b1ce1a43e356,2026-07-12T12:30:00Z,2026-07-12T14:30:00+0200,45492.7,MW,FR,FR,actual_load,Actual Load,2026-08-09T15:49:09Z
2026-08-09T15:48:21Z,2026-08-09T17:48:21+0200,d1ee186b-63c3-474e-8770-b1ce1a43e356,2026-07-12T12:45:00Z,2026-07-12T14:45:00+0200,45080.77,MW,FR,FR,actual_load,Actual Load,2026-08-09T15:49:09Z
2026-08-09T15:48:21Z,2026-08-09T17:48:21+0200,d1ee186b-63c3-474e-8770-b1ce1a43e356,2026-07-12T13:00:00Z,2026-07-12T15:00:00+0200,45036.58,MW,FR,FR,actual_load,Actual Load,2026-08-09T15:49:09Z
2026-08-09T15:48:21Z,2026-08-09T17:48:21+0200,d1ee186b-63c3-474e-8770-b1ce1a43e356,2026-07-12T13:15:00Z,2026-07-12T15:15:00+0200,44781.83,MW,FR,FR,actual_load,Actual Load,2026-08-09T15:49:09Z
2026-08-09T15:48:21Z,2026-08-09T17:48:21+0200,d1ee186b-63c3-474e-8770-b1ce1a43e356,2026-07-12T13:30:00Z,2026-07-12T15:30:00+0200,44400.12,MW,FR,FR,actual_load,Actual Load,2026-08-09T15:49:09Z
2026-08-09T15:48:21Z,2026-08-09T17:48:21+0200,d1ee186b-63c3-474e-8770-b1ce1a43e356,2026-07-12T13:45:00Z,2026-07-12T15:45:00+0200,44133.38,MW,FR,FR,actual_load,Actual Load,2026-08-09T15:49:09Z
2026-08-09T15:48:21Z,2026-08-09T17:48:21+0200,d1ee186b-63c3-474e-8770-b1ce1a43e356,2026-07-12T14:00:00Z,2026-07-12T16:00:00+0200,44094.6,MW,FR,FR,actual_load,Actual Load,2026-08-09T15:49:09Z
2026-08-09T15:48:21Z,2026-08-09T17:48:21+0200,d1ee186b-63c3-474e-8770-b1ce1a43e356,2026-07-12T14:15:00Z,2026-07-12T16:15:00+0200,44057.28,MW,FR,FR,actual_load,Actual Load,2026-08-09T15:49:09Z
2026-08-09T15:48:21Z,2026-08-09T17:48:21+0200,d1ee186b-63c3-474e-8770-b1ce1a43e356,2026-07-12T14:30:00Z,2026-07-12T16:30:00+0200,44190.83,MW,FR,FR,actual_load,Actual Load,2026-08-09T15:49:09Z
2026-08-09T15:48:21Z,2026-08-09T17:48:21+0200,d1ee186b-63c3-474e-8770-b1ce1a43e356,2026-07-12T14:45:00Z,2026-07-12T16:45:00+0200,44438.58,MW,FR,FR,actual_load,Actual Load,2026-08-09T15:49:09Z
2026-08-09T15:48:21Z,2026-08-09T17:48:21+0200,d1ee186b-63c3-474e-8770-b1ce1a43e356,2026-07-12T15:00:00Z,2026-07-12T17:00:00+0200,45046.92,MW,FR,FR,actual_load,Actual Load,2026-08-09T15:49:09Z
2026-08-09T15:48:21Z,2026-08-09T17:48:21+0200,d1ee186b-63c3-474e-8770-b1ce1a43e356,2026-07-12T15:15:00Z,2026-07-12T17:15:00+0200,45468.09,MW,FR,FR,actual_load,Actual Load,2026-08-09T15:49:09Z
2026-08-09T15:48:21Z,2026-08-09T17:48:21+0200,d1ee186b-63c3-474e-8770-b1ce1a43e356,2026-07-12T15:30:00Z,2026-07-12T17:30:00+0200,45961.98,MW,FR,FR,actual_load,Actual Load,2026-08-09T15:49:09Z
2026-08-09T15:48:21Z,2026-08-09T17:48:21+0200,d1ee186b-63c3-474e-8770-b1ce1a43e356,2026-07-12T15:45:00Z,2026-07-12T17:45:00+0200,46457.44,MW,FR,FR,actual_load,Actual Load,2026-08-09T15:49:09Z
2026-08-09T15:48:21Z,2026-08-09T17:48:21+0200,d1ee186b-63c3-474e-8770-b1ce1a43e356,2026-07-12T16:00:00Z,2026-07-12T18:00:00+0200,46726.6,MW,FR,FR,actual_load,Actual Load,2026-08-09T15:49:09Z
2026-08-09T15:48:21Z,2026-08-09T17:48:21+0200,d1ee186b-63c3-474e-8770-b1ce1a43e356,2026-07-12T16:15:00Z,2026-07-12T18:15:00+0200,46840.48,MW,FR,FR,actual_load,Actual Load,2026-08-09T15:49:09Z
2026-08-09T15:48:21Z,2026-08-09T17:48:21+0200,d1ee186b-63c3-474e-8770-b1ce1a43e356,2026-07-12T16:30:00Z,2026-07-12T18:30:00+0200,47191.38,MW,FR,FR,actual_load,Actual Load,2026-08-09T15:49:09Z
2026-08-09T15:48:21Z,2026-08-09T17:48:21+0200,d1ee186b-63c3-474e-8770-b1ce1a43e356,2026-07-12T16:45:00Z,2026-07-12T18:45:00+0200,47532.33,MW,FR,FR,actual_load,Actual Load,2026-08-09T15:49:09Z
2026-08-09T15:48:21Z,2026-08-09T17:48:21+0200,d1ee186b-63c3-474e-8770-b1ce1a43e356,2026-07-12T17:00:00Z,2026-07-12T19:00:00+0200,47806.67,MW,FR,FR,actual_load,Actual Load,2026-08-09T15:49:09Z
2026-08-09T15:48:21Z,2026-08-09T17:48:21+0200,d1ee186b-63c3-474e-8770-b1ce1a43e356,2026-07-12T17:15:00Z,2026-07-12T19:15:00+0200,47958.35,MW,FR,FR,actual_load,Actual Load,2026-08-09T15:49:09Z
2026-08-09T15:48:21Z,2026-08-09T17:48:21+0200,d1ee186b-63c3-474e-8770-b1ce1a43e356,2026-07-12T17:30:00Z,2026-07-12T19:30:00+0200,48143.52,MW,FR,FR,actual_load,Actual Load,2026-08-09T15:49:09Z
2026-08-09T15:48:21Z,2026-08-09T17:48:21+0200,d1ee186b-63c3-474e-8770-b1ce1a43e356,2026-07-12T17:45:00Z,2026-07-12T19:45:00+0200,48353.13,MW,FR,FR,actual_load,Actual Load,2026-08-09T15:49:09Z
2026-08-09T15:48:21Z,2026-08-09T17:48:21+0200,d1ee186b-63c3-474e-8770-b1ce1a43e356,2026-07-12T18:00:00Z,2026-07-12T20:00:00+0200,48358.07,MW,FR,FR,actual_load,Actual Load,2026-08-09T15:49:09Z
2026-08-09T15:48:21Z,2026-08-09T17:48:21+0200,d1ee186b-63c3-474e-8770-b1ce1a43e356,2026-07-12T18:15:00Z,2026-07-12T20:15:00+0200,48022.18,MW,FR,FR,actual_load,Actual Load,2026-08-09T15:49:09Z
2026-08-09T15:48:21Z,2026-08-09T17:48:21+0200,d1ee186b-63c3-474e-8770-b1ce1a43e356,2026-07-12T18:30:00Z,2026-07-12T20:30:00+0200,47798.66,MW,FR,FR,actual_load,Actual Load,2026-08-09T15:49:09Z
2026-08-09T15:48:21Z,2026-08-09T17:48:21+0200,d1ee186b-63c3-474e-8770-b1ce1a43e356,2026-07-12T18:45:00Z,2026-07-12T20:45:00+0200,47519.76,MW,FR,FR,actual_load,Actual Load,2026-08-09T15:49:09Z
2026-08-09T15:48:21Z,2026-08-09T17:48:21+0200,d1ee186b-63c3-474e-8770-b1ce1a43e356,2026-07-12T19:00:00Z,2026-07-12T21:00:00+0200,47566.88,MW,FR,FR,actual_load,Actual Load,2026-08-09T15:49:09Z
2026-08-09T15:48:21Z,2026-08-09T17:48:21+0200,d1ee186b-63c3-474e-8770-b1ce1a43e356,2026-07-12T19:15:00Z,2026-07-12T21:15:00+0200,47308.2,MW,FR,FR,actual_load,Actual Load,2026-08-09T15:49:09Z
2026-08-09T15:48:21Z,2026-08-09T17:48:21+0200,d1ee186b-63c3-474e-8770-b1ce1a43e356,2026-07-12T19:30:00Z,2026-07-12T21:30:00+0200,47339.84,MW,FR,FR,actual_load,Actual Load,2026-08-09T15:49:09Z
2026-08-09T15:48:21Z,2026-08-09T17:48:21+0200,d1ee186b-63c3-474e-8770-b1ce1a43e356,2026-07-12T19:45:00Z,2026-07-12T21:45:00+0200,47296.0,MW,FR,FR,actual_load,Actual Load,2026-08-09T15:49:09Z
2026-08-09T15:48:21Z,2026-08-09T17:48:21+0200,d1ee186b-63c3-474e-8770-b1ce1a43e356,2026-07-12T20:00:00Z,2026-07-12T22:00:00+0200,48466.05,MW,FR,FR,actual_load,Actual Load,2026-08-09T15:49:09Z
2026-08-09T15:48:21Z,2026-08-09T17:48:21+0200,d1ee186b-63c3-474e-8770-b1ce1a43e356,2026-07-12T20:15:00Z,2026-07-12T22:15:00+0200,48135.6,MW,FR,FR,actual_load,Actual Load,2026-08-09T15:49:09Z
2026-08-09T15:48:21Z,2026-08-09T17:48:21+0200,d1ee186b-63c3-474e-8770-b1ce1a43e356,2026-07-12T20:30:00Z,2026-07-12T22:30:00+0200,49421.68,MW,FR,FR,actual_load,Actual Load,2026-08-09T15:49:09Z
2026-08-09T15:48:21Z,2026-08-09T17:48:21+0200,d1ee186b-63c3-474e-8770-b1ce1a43e356,2026-07-12T20:45:00Z,2026-07-12T22:45:00+0200,48766.37,MW,FR,FR,actual_load,Actual Load,2026-08-09T15:49:09Z
2026-08-09T15:48:21Z,2026-08-09T17:48:21+0200,d1ee186b-63c3-474e-8770-b1ce1a43e356,2026-07-12T21:00:00Z,2026-07-12T23:00:00+0200,48397.19,MW,FR,FR,actual_load,Actual Load,2026-08-09T15:49:09Z
2026-08-09T15:48:21Z,2026-08-09T17:48:21+0200,d1ee186b-63c3-474e-8770-b1ce1a43e356,2026-07-12T21:15:00Z,2026-07-12T23:15:00+0200,47337.59,MW,FR,FR,actual_load,Actual Load,2026-08-09T15:49:09Z
2026-08-09T15:48:21Z,2026-08-09T17:48:21+0200,d1ee186b-63c3-474e-8770-b1ce1a43e356,2026-07-12T21:30:00Z,2026-07-12T23:30:00+0200,47481.05,MW,FR,FR,actual_load,Actual Load,2026-08-09T15:49:09Z
2026-08-09T15:48:21Z,2026-08-09T17:48:21+0200,d1ee186b-63c3-474e-8770-b1ce1a43e356,2026-07-12T21:45:00Z,2026-07-12T23:45:00+0200,46162.29,MW,FR,FR,actual_load,Actual Load,2026-08-09T15:49:09Z
2026-08-09T15:48:21Z,2026-08-09T17:48:21+0200,d1ee186b-63c3-474e-8770-b1ce1a43e356,2026-07-12T22:00:00Z,2026-07-13T00:00:00+0200,45679.3,MW,FR,FR,actual_load,Actual Load,2026-08-09T15:49:09Z
2026-08-09T15:48:21Z,2026-08-09T17:48:21+0200,d1ee186b-63c3-474e-8770-b1ce1a43e356,2026-07-12T22:15:00Z,2026-07-13T00:15:00+0200,44707.74,MW,FR,FR,actual_load,Actual Load,2026-08-09T15:49:09Z
2026-08-09T15:48:21Z,2026-08-09T17:48:21+0200,d1ee186b-63c3-474e-8770-b1ce1a43e356,2026-07-12T22:30:00Z,2026-07-13T00:30:00+0200,43628.64,MW,FR,FR,actual_load,Actual Load,2026-08-09T15:49:09Z
2026-08-09T15:48:21Z,2026-08-09T17:48:21+0200,d1ee186b-63c3-474e-8770-b1ce1a43e356,2026-07-12T22:45:00Z,2026-07-13T00:45:00+0200,42600.91,MW,FR,FR,actual_load,Actual Load,2026-08-09T15:49:09Z
2026-08-09T15:48:21Z,2026-08-09T17:48:21+0200,d1ee186b-63c3-474e-8770-b1ce1a43e356,2026-07-12T23:00:00Z,2026-07-13T01:00:00+0200,42954.64,MW,FR,FR,actual_load,Actual Load,2026-08-09T15:49:09Z
2026-08-09T15:48:21Z,2026-08-09T17:48:21+0200,d1ee186b-63c3-474e-8770-b1ce1a43e356,2026-07-12T23:15:00Z,2026-07-13T01:15:00+0200,42341.73,MW,FR,FR,actual_load,Actual Load,2026-08-09T15:49:09Z
2026-08-09T15:48:21Z,2026-08-09T17:48:21+0200,d1ee186b-63c3-474e-8770-b1ce1a43e356,2026-07-12T23:30:00Z,2026-07-13T01:30:00+0200,42098.4,MW,FR,FR,actual_load,Actual Load,2026-08-09T15:49:09Z
2026-08-09T15:48:21Z,2026-08-09T17:48:21+0200,d1ee186b-63c3-474e-8770-b1ce1a43e356,2026-07-12T23:45:00Z,2026-07-13T01:45:00+0200,41230.89,MW,FR,FR,actual_load,Actual Load,2026-08-09T15:49:09Z
2026-08-09T15:48:21Z,2026-08-09T17:48:21+0200,d1ee186b-63c3-474e-8770-b1ce1a43e356,2026-07-13T00:00:00Z,2026-07-13T02:00:00+0200,41179.61,MW,FR,FR,actual_load,Actual Load,2026-08-09T15:49:09Z
2026-08-09T15:48:21Z,2026-08-09T17:48:21+0200,d1ee186b-63c3-474e-8770-b1ce1a43e356,2026-07-13T00:15:00Z,2026-07-13T02:15:00+0200,40411.16,MW,FR,FR,actual_load,Actual Load,2026-08-09T15:49:09Z
2026-08-09T15:48:21Z,2026-08-09T17:48:21+0200,d1ee186b-63c3-474e-8770-b1ce1a43e356,2026-07-13T00:30:00Z,2026-07-13T02:30:00+0200,39532.57,MW,FR,FR,actual_load,Actual Load,2026-08-09T15:49:09Z
2026-08-09T15:48:21Z,2026-08-09T17:48:21+0200,d1ee186b-63c3-474e-8770-b1ce1a43e356,2026-07-13T00:45:00Z,2026-07-13T02:45:00+0200,39010.62,MW,FR,FR,actual_load,Actual Load,2026-08-09T15:49:09Z
2026-08-09T15:48:21Z,2026-08-09T17:48:21+0200,d1ee186b-63c3-474e-8770-b1ce1a43e356,2026-07-13T01:00:00Z,2026-07-13T03:00:00+0200,38596.25,MW,FR,FR,actual_load,Actual Load,2026-08-09T15:49:09Z
2026-08-09T15:48:21Z,2026-08-09T17:48:21+0200,d1ee186b-63c3-474e-8770-b1ce1a43e356,2026-07-13T01:15:00Z,2026-07-13T03:15:00+0200,38181.44,MW,FR,FR,actual_load,Actual Load,2026-08-09T15:49:09Z
2026-08-09T15:48:21Z,2026-08-09T17:48:21+0200,d1ee186b-63c3-474e-8770-b1ce1a43e356,2026-07-13T01:30:00Z,2026-07-13T03:30:00+0200,37825.13,MW,FR,FR,actual_load,Actual Load,2026-08-09T15:49:09Z
2026-08-09T15:48:21Z,2026-08-09T17:48:21+0200,d1ee186b-63c3-474e-8770-b1ce1a43e356,2026-07-13T01:45:00Z,2026-07-13T03:45:00+0200,37501.96,MW,FR,FR,actual_load,Actual Load,2026-08-09T15:49:09Z
2026-08-09T15:48:21Z,2026-08-09T17:48:21+0200,d1ee186b-63c3-474e-8770-b1ce1a43e356,2026-07-13T02:00:00Z,2026-07-13T04:00:00+0200,37717.12,MW,FR,FR,actual_load,Actual Load,2026-08-09T15:49:09Z
2026-08-09T15:48:21Z,2026-08-09T17:48:21+0200,d1ee186b-63c3-474e-8770-b1ce1a43e356,2026-07-13T02:15:00Z,2026-07-13T04:15:00+0200,37857.98,MW,FR,FR,actual_load,Actual Load,2026-08-09T15:49:09Z
2026-08-09T15:48:21Z,2026-08-09T17:48:21+0200,d1ee186b-63c3-474e-8770-b1ce1a43e356,2026-07-13T02:30:00Z,2026-07-13T04:30:00+0200,37804.57,MW,FR,FR,actual_load,Actual Load,2026-08-09T15:49:09Z
2026-08-09T15:48:21Z,2026-08-09T17:48:21+0200,d1ee186b-63c3-474e-8770-b1ce1a43e356,2026-07-13T02:45:00Z,2026-07-13T04:45:00+0200,37783.53,MW,FR,FR,actual_load,Actual Load,2026-08-09T15:49:09Z
2026-08-09T15:48:21Z,2026-08-09T17:48:21+0200,d1ee186b-63c3-474e-8770-b1ce1a43e356,2026-07-13T03:00:00Z,2026-07-13T05:00:00+0200,38414.34,MW,FR,FR,actual_load,Actual Load,2026-08-09T15:49:09Z
2026-08-09T15:48:21Z,2026-08-09T17:48:21+0200,d1ee186b-63c3-474e-8770-b1ce1a43e356,2026-07-13T03:15:00Z,2026-07-13T05:15:00+0200,38706.53,MW,FR,FR,actual_load,Actual Load,2026-08-09T15:49:09Z
2026-08-09T15:48:21Z,2026-08-09T17:48:21+0200,d1ee186b-63c3-474e-8770-b1ce1a43e356,2026-07-13T03:30:00Z,2026-07-13T05:30:00+0200,38747.56,MW,FR,FR,actual_load,Actual Load,2026-08-09T15:49:09Z
2026-08-09T15:48:21Z,2026-08-09T17:48:21+0200,d1ee186b-63c3-474e-8770-b1ce1a43e356,2026-07-13T03:45:00Z,2026-07-13T05:45:00+0200,39118.86,MW,FR,FR,actual_load,Actual Load,2026-08-09T15:49:09Z
2026-08-09T15:48:21Z,2026-08-09T17:48:21+0200,d1ee186b-63c3-474e-8770-b1ce1a43e356,2026-07-13T04:00:00Z,2026-07-13T06:00:00+0200,39461.52,MW,FR,FR,actual_load,Actual Load,2026-08-09T15:49:09Z
2026-08-09T15:48:21Z,2026-08-09T17:48:21+0200,d1ee186b-63c3-474e-8770-b1ce1a43e356,2026-07-13T04:15:00Z,2026-07-13T06:15:00+0200,39740.7,MW,FR,FR,actual_load,Actual Load,2026-08-09T15:49:09Z
2026-08-09T15:48:21Z,2026-08-09T17:48:21+0200,d1ee186b-63c3-474e-8770-b1ce1a43e356,2026-07-13T04:30:00Z,2026-07-13T06:30:00+0200,40101.02,MW,FR,FR,actual_load,Actual Load,2026-08-09T15:49:09Z
2026-08-09T15:48:21Z,2026-08-09T17:48:21+0200,d1ee186b-63c3-474e-8770-b1ce1a43e356,2026-07-13T04:45:00Z,2026-07-13T06:45:00+0200,40485.36,MW,FR,FR,actual_load,Actual Load,2026-08-09T15:49:09Z
2026-08-09T15:48:21Z,2026-08-09T17:48:21+0200,d1ee186b-63c3-474e-8770-b1ce1a43e356,2026-07-13T05:00:00Z,2026-07-13T07:00:00+0200,40960.7,MW,FR,FR,actual_load,Actual Load,2026-08-09T15:49:09Z
2026-08-09T15:48:21Z,2026-08-09T17:48:21+0200,d1ee186b-63c3-474e-8770-b1ce1a43e356,2026-07-13T05:15:00Z,2026-07-13T07:15:00+0200,41675.75,MW,FR,FR,actual_load,Actual Load,2026-08-09T15:49:09Z
2026-08-09T15:48:21Z,2026-08-09T17:48:21+0200,d1ee186b-63c3-474e-8770-b1ce1a43e356,2026-07-13T05:30:00Z,2026-07-13T07:30:00+0200,42132.93,MW,FR,FR,actual_load,Actual Load,2026-08-09T15:49:09Z
2026-08-09T15:48:21Z,2026-08-09T17:48:21+0200,d1ee186b-63c3-474e-8770-b1ce1a43e356,2026-07-13T05:45:00Z,2026-07-13T07:45:00+0200,42798.9,MW,FR,FR,actual_load,Actual Load,2026-08-09T15:49:09Z
2026-08-09T15:48:21Z,2026-08-09T17:48:21+0200,d1ee186b-63c3-474e-8770-b1ce1a43e356,2026-07-13T06:00:00Z,2026-07-13T08:00:00+0200,43618.01,MW,FR,FR,actual_load,Actual Load,2026-08-09T15:49:09Z
2026-08-09T15:48:21Z,2026-08-09T17:48:21+0200,d1ee186b-63c3-474e-8770-b1ce1a43e356,2026-07-13T06:15:00Z,2026-07-13T08:15:00+0200,44060.95,MW,FR,FR,actual_load,Actual Load,2026-08-09T15:49:09Z
2026-08-09T15:48:21Z,2026-08-09T17:48:21+0200,d1ee186b-63c3-474e-8770-b1ce1a43e356,2026-07-13T06:30:00Z,2026-07-13T08:30:00+0200,44195.37,MW,FR,FR,actual_load,Actual Load,2026-08-09T15:49:09Z
2026-08-09T15:48:21Z,2026-08-09T17:48:21+0200,d1ee186b-63c3-474e-8770-b1ce1a43e356,2026-07-13T06:45:00Z,2026-07-13T08:45:00+0200,44883.34,MW,FR,FR,actual_load,Actual Load,2026-08-09T15:49:09Z
2026-08-09T15:48:21Z,2026-08-09T17:48:21+0200,d1ee186b-63c3-474e-8770-b1ce1a43e356,2026-07-13T07:00:00Z,2026-07-13T09:00:00+0200,45162.66,MW,FR,FR,actual_load,Actual Load,2026-08-09T15:49:09Z
2026-08-09T15:48:21Z,2026-08-09T17:48:21+0200,d1ee186b-63c3-474e-8770-b1ce1a43e356,2026-07-13T07:15:00Z,2026-07-13T09:15:00+0200,45598.24,MW,FR,FR,actual_load,Actual Load,2026-08-09T15:49:09Z
2026-08-09T15:48:21Z,2026-08-09T17:48:21+0200,d1ee186b-63c3-474e-8770-b1ce1a43e356,2026-07-13T07:30:00Z,2026-07-13T09:30:00+0200,46266.53,MW,FR,FR,actual_load,Actual Load,2026-08-09T15:49:09Z
2026-08-09T15:48:21Z,2026-08-09T17:48:21+0200,d1ee186b-63c3-474e-8770-b1ce1a43e356,2026-07-13T07:45:00Z,2026-07-13T09:45:00+0200,46952.95,MW,FR,FR,actual_load,Actual Load,2026-08-09T15:49:09Z
2026-08-09T15:48:21Z,2026-08-09T17:48:21+0200,d1ee186b-63c3-474e-8770-b1ce1a43e356,2026-07-13T08:00:00Z,2026-07-13T10:00:00+0200,47557.65,MW,FR,FR,actual_load,Actual Load,2026-08-09T15:49:09Z
2026-08-09T15:48:21Z,2026-08-09T17:48:21+0200,d1ee186b-63c3-474e-8770-b1ce1a43e356,2026-07-13T08:15:00Z,2026-07-13T10:15:00+0200,48108.16,MW,FR,FR,actual_load,Actual Load,2026-08-09T15:49:09Z
2026-08-09T15:48:21Z,2026-08-09T17:48:21+0200,d1ee186b-63c3-474e-8770-b1ce1a43e356,2026-07-13T08:30:00Z,2026-07-13T10:30:00+0200,48557.83,MW,FR,FR,actual_load,Actual Load,2026-08-09T15:49:09Z
2026-08-09T15:48:21Z,2026-08-09T17:48:21+0200,d1ee186b-63c3-474e-8770-b1ce1a43e356,2026-07-13T08:45:00Z,2026-07-13T10:45:00+0200,49015.97,MW,FR,FR,actual_load,Actual Load,2026-08-09T15:49:09Z
2026-08-09T15:48:21Z,2026-08-09T17:48:21+0200,d1ee186b-63c3-474e-8770-b1ce1a43e356,2026-07-13T09:00:00Z,2026-07-13T11:00:00+0200,49438.28,MW,FR,FR,actual_load,Actual Load,2026-08-09T15:49:09Z
2026-08-09T15:48:21Z,2026-08-09T17:48:21+0200,d1ee186b-63c3-474e-8770-b1ce1a43e356,2026-07-13T09:15:00Z,2026-07-13T11:15:00+0200,49679.16,MW,FR,FR,actual_load,Actual Load,2026-08-09T15:49:09Z
2026-08-09T15:48:21Z,2026-08-09T17:48:21+0200,d1ee186b-63c3-474e-8770-b1ce1a43e356,2026-07-13T09:30:00Z,2026-07-13T11:30:00+0200,50166.18,MW,FR,FR,actual_load,Actual Load,2026-08-09T15:49:09Z
2026-08-09T15:48:21Z,2026-08-09T17:48:21+0200,d1ee186b-63c3-474e-8770-b1ce1a43e356,2026-07-13T09:45:00Z,2026-07-13T11:45:00+0200,50985.11,MW,FR,FR,actual_load,Actual Load,2026-08-09T15:49:09Z
2026-08-09T15:48:21Z,2026-08-09T17:48:21+0200,d1ee186b-63c3-474e-8770-b1ce1a43e356,2026-07-13T10:00:00Z,2026-07-13T12:00:00+0200,51579.7,MW,FR,FR,actual_load,Actual Load,2026-08-09T15:49:09Z
2026-08-09T15:48:21Z,2026-08-09T17:48:21+0200,d1ee186b-63c3-474e-8770-b1ce1a43e356,2026-07-13T10:15:00Z,2026-07-13T12:15:00+0200,51876.36,MW,FR,FR,actual_load,Actual Load,2026-08-09T15:49:09Z
2026-08-09T15:48:21Z,2026-08-09T17:48:21+0200,d1ee186b-63c3-474e-8770-b1ce1a43e356,2026-07-13T10:30:00Z,2026-07-13T12:30:00+0200,52525.55,MW,FR,FR,actual_load,Actual Load,2026-08-09T15:49:09Z
2026-08-09T15:48:21Z,2026-08-09T17:48:21+0200,d1ee186b-63c3-474e-8770-b1ce1a43e356,2026-07-13T10:45:00Z,2026-07-13T12:45:00+0200,52292.57,MW,FR,FR,actual_load,Actual Load,2026-08-09T15:49:09Z
2026-08-09T15:48:21Z,2026-08-09T17:48:21+0200,d1ee186b-63c3-474e-8770-b1ce1a43e356,2026-07-13T11:00:00Z,2026-07-13T13:00:00+0200,52504.43,MW,FR,FR,actual_load,Actual Load,2026-08-09T15:49:09Z
2026-08-09T15:48:21Z,2026-08-09T17:48:21+0200,d1ee186b-63c3-474e-8770-b1ce1a43e356,2026-07-13T11:15:00Z,2026-07-13T13:15:00+0200,52336.7,MW,FR,FR,actual_load,Actual Load,2026-08-09T15:49:09Z
2026-08-09T15:48:21Z,2026-08-09T17:48:21+0200,d1ee186b-63c3-474e-8770-b1ce1a43e356,2026-07-13T11:30:00Z,2026-07-13T13:30:00+0200,52189.85,MW,FR,FR,actual_load,Actual Load,2026-08-09T15:49:09Z
2026-08-09T15:48:21Z,2026-08-09T17:48:21+0200,d1ee186b-63c3-474e-8770-b1ce1a43e356,2026-07-13T11:45:00Z,2026-07-13T13:45:00+0200,52500.71,MW,FR,FR,actual_load,Actual Load,2026-08-09T15:49:09Z
2026-08-09T15:48:21Z,2026-08-09T17:48:21+0200,d1ee186b-63c3-474e-8770-b1ce1a43e356,2026-07-13T12:00:00Z,2026-07-13T14:00:00+0200,52762.76,MW,FR,FR,actual_load,Actual Load,2026-08-09T15:49:09Z
2026-08-09T15:48:21Z,2026-08-09T17:48:21+0200,d1ee186b-63c3-474e-8770-b1ce1a43e356,2026-07-13T12:15:00Z,2026-07-13T14:15:00+0200,52642.14,MW,FR,FR,actual_load,Actual Load,2026-08-09T15:49:09Z
2026-08-09T15:48:21Z,2026-08-09T17:48:21+0200,d1ee186b-63c3-474e-8770-b1ce1a43e356,2026-07-13T12:30:00Z,2026-07-13T14:30:00+0200,52607.32,MW,FR,FR,actual_load,Actual Load,2026-08-09T15:49:09Z
2026-08-09T15:48:21Z,2026-08-09T17:48:21+0200,d1ee186b-63c3-474e-8770-b1ce1a43e356,2026-07-13T12:45:00Z,2026-07-13T14:45:00+0200,52300.97,MW,FR,FR,actual_load,Actual Load,2026-08-09T15:49:09Z
2026-08-09T15:48:21Z,2026-08-09T17:48:21+0200,d1ee186b-63c3-474e-8770-b1ce1a43e356,2026-07-13T13:00:00Z,2026-07-13T15:00:00+0200,51983.61,MW,FR,FR,actual_load,Actual Load,2026-08-09T15:49:09Z
2026-08-09T15:48:21Z,2026-08-09T17:48:21+0200,d1ee186b-63c3-474e-8770-b1ce1a43e356,2026-07-13T13:15:00Z,2026-07-13T15:15:00+0200,51199.52,MW,FR,FR,actual_load,Actual Load,2026-08-09T15:49:09Z
2026-08-09T15:48:21Z,2026-08-09T17:48:21+0200,d1ee186b-63c3-474e-8770-b1ce1a43e356,2026-07-13T13:30:00Z,2026-07-13T15:30:00+0200,51438.53,MW,FR,FR,actual_load,Actual Load,2026-08-09T15:49:09Z
2026-08-09T15:48:21Z,2026-08-09T17:48:21+0200,d1ee186b-63c3-474e-8770-b1ce1a43e356,2026-07-13T13:45:00Z,2026-07-13T15:45:00+0200,50965.52,MW,FR,FR,actual_load,Actual Load,2026-08-09T15:49:09Z
2026-08-09T15:48:21Z,2026-08-09T17:48:21+0200,d1ee186b-63c3-474e-8770-b1ce1a43e356,2026-07-13T14:00:00Z,2026-07-13T16:00:00+0200,50689.61,MW,FR,FR,actual_load,Actual Load,2026-08-09T15:49:09Z
2026-08-09T15:48:21Z,2026-08-09T17:48:21+0200,d1ee186b-63c3-474e-8770-b1ce1a43e356,2026-07-13T14:15:00Z,2026-07-13T16:15:00+0200,50632.47,MW,FR,FR,actual_load,Actual Load,2026-08-09T15:49:09Z
2026-08-09T15:48:21Z,2026-08-09T17:48:21+0200,d1ee186b-63c3-474e-8770-b1ce1a43e356,2026-07-13T14:30:00Z,2026-07-13T16:30:00+0200,50755.09,MW,FR,FR,actual_load,Actual Load,2026-08-09T15:49:09Z
2026-08-09T15:48:21Z,2026-08-09T17:48:21+0200,d1ee186b-63c3-474e-8770-b1ce1a43e356,2026-07-13T14:45:00Z,2026-07-13T16:45:00+0200,50416.34,MW,FR,FR,actual_load,Actual Load,2026-08-09T15:49:09Z
2026-08-09T15:48:21Z,2026-08-09T17:48:21+0200,d1ee186b-63c3-474e-8770-b1ce1a43e356,2026-07-13T15:00:00Z,2026-07-13T17:00:00+0200,50417.39,MW,FR,FR,actual_load,Actual Load,2026-08-09T15:49:09Z
2026-08-09T15:48:21Z,2026-08-09T17:48:21+0200,d1ee186b-63c3-474e-8770-b1ce1a43e356,2026-07-13T15:15:00Z,2026-07-13T17:15:00+0200,50481.41,MW,FR,FR,actual_load,Actual Load,2026-08-09T15:49:09Z
2026-08-09T15:48:21Z,2026-08-09T17:48:21+0200,d1ee186b-63c3-474e-8770-b1ce1a43e356,2026-07-13T15:30:00Z,2026-07-13T17:30:00+0200,50734.92,MW,FR,FR,actual_load,Actual Load,2026-08-09T15:49:09Z
2026-08-09T15:48:21Z,2026-08-09T17:48:21+0200,d1ee186b-63c3-474e-8770-b1ce1a43e356,2026-07-13T15:45:00Z,2026-07-13T17:45:00+0200,51034.33,MW,FR,FR,actual_load,Actual Load,2026-08-09T15:49:09Z
2026-08-09T15:48:21Z,2026-08-09T17:48:21+0200,d1ee186b-63c3-474e-8770-b1ce1a43e356,2026-07-13T16:00:00Z,2026-07-13T18:00:00+0200,51423.05,MW,FR,FR,actual_load,Actual Load,2026-08-09T15:49:09Z
2026-08-09T15:48:21Z,2026-08-09T17:48:21+0200,d1ee186b-63c3-474e-8770-b1ce1a43e356,2026-07-13T16:15:00Z,2026-07-13T18:15:00+0200,51394.41,MW,FR,FR,actual_load,Actual Load,2026-08-09T15:49:09Z
2026-08-09T15:48:21Z,2026-08-09T17:48:21+0200,d1ee186b-63c3-474e-8770-b1ce1a43e356,2026-07-13T16:30:00Z,2026-07-13T18:30:00+0200,51574.99,MW,FR,FR,actual_load,Actual Load,2026-08-09T15:49:09Z
2026-08-09T15:48:21Z,2026-08-09T17:48:21+0200,d1ee186b-63c3-474e-8770-b1ce1a43e356,2026-07-13T16:45:00Z,2026-07-13T18:45:00+0200,51938.63,MW,FR,FR,actual_load,Actual Load,2026-08-09T15:49:09Z
2026-08-09T15:48:21Z,2026-08-09T17:48:21+0200,d1ee186b-63c3-474e-8770-b1ce1a43e356,2026-07-13T17:00:00Z,2026-07-13T19:00:00+0200,51988.29,MW,FR,FR,actual_load,Actual Load,2026-08-09T15:49:09Z
2026-08-09T15:48:21Z,2026-08-09T17:48:21+0200,d1ee186b-63c3-474e-8770-b1ce1a43e356,2026-07-13T17:15:00Z,2026-07-13T19:15:00+0200,51685.79,MW,FR,FR,actual_load,Actual Load,2026-08-09T15:49:09Z
2026-08-09T15:48:21Z,2026-08-09T17:48:21+0200,d1ee186b-63c3-474e-8770-b1ce1a43e356,2026-07-13T17:30:00Z,2026-07-13T19:30:00+0200,51443.1,MW,FR,FR,actual_load,Actual Load,2026-08-09T15:49:09Z
2026-08-09T15:48:21Z,2026-08-09T17:48:21+0200,d1ee186b-63c3-474e-8770-b1ce1a43e356,2026-07-13T17:45:00Z,2026-07-13T19:45:00+0200,50996.82,MW,FR,FR,actual_load,Actual Load,2026-08-09T15:49:09Z
2026-08-09T15:48:21Z,2026-08-09T17:48:21+0200,d1ee186b-63c3-474e-8770-b1ce1a43e356,2026-07-13T18:00:00Z,2026-07-13T20:00:00+0200,50436.98,MW,FR,FR,actual_load,Actual Load,2026-08-09T15:49:09Z
2026-08-09T15:48:21Z,2026-08-09T17:48:21+0200,d1ee186b-63c3-474e-8770-b1ce1a43e356,2026-07-13T18:15:00Z,2026-07-13T20:15:00+0200,49775.22,MW,FR,FR,actual_load,Actual Load,2026-08-09T15:49:09Z
2026-08-09T15:48:21Z,2026-08-09T17:48:21+0200,d1ee186b-63c3-474e-8770-b1ce1a43e356,2026-07-13T18:30:00Z,2026-07-13T20:30:00+0200,49105.09,MW,FR,FR,actual_load,Actual Load,2026-08-09T15:49:09Z
2026-08-09T15:48:21Z,2026-08-09T17:48:21+0200,d1ee186b-63c3-474e-8770-b1ce1a43e356,2026-07-13T18:45:00Z,2026-07-13T20:45:00+0200,48691.24,MW,FR,FR,actual_load,Actual Load,2026-08-09T15:49:09Z
2026-08-09T15:48:21Z,2026-08-09T17:48:21+0200,d1ee186b-63c3-474e-8770-b1ce1a43e356,2026-07-13T19:00:00Z,2026-07-13T21:00:00+0200,48350.72,MW,FR,FR,actual_load,Actual Load,2026-08-09T15:49:09Z
2026-08-09T15:48:21Z,2026-08-09T17:48:21+0200,d1ee186b-63c3-474e-8770-b1ce1a43e356,2026-07-13T19:15:00Z,2026-07-13T21:15:00+0200,48051.85,MW,FR,FR,actual_load,Actual Load,2026-08-09T15:49:09Z
2026-08-09T15:48:21Z,2026-08-09T17:48:21+0200,d1ee186b-63c3-474e-8770-b1ce1a43e356,2026-07-13T19:30:00Z,2026-07-13T21:30:00+0200,47903.17,MW,FR,FR,actual_load,Actual Load,2026-08-09T15:49:09Z
2026-08-09T15:48:21Z,2026-08-09T17:48:21+0200,d1ee186b-63c3-474e-8770-b1ce1a43e356,2026-07-13T19:45:00Z,2026-07-13T21:45:00+0200,47974.01,MW,FR,FR,actual_load,Actual Load,2026-08-09T15:49:09Z
2026-08-09T15:48:21Z,2026-08-09T17:48:21+0200,d1ee186b-63c3-474e-8770-b1ce1a43e356,2026-07-13T20:00:00Z,2026-07-13T22:00:00+0200,48972.97,MW,FR,FR,actual_load,Actual Load,2026-08-09T15:49:09Z
2026-08-09T15:48:21Z,2026-08-09T17:48:21+0200,d1ee186b-63c3-474e-8770-b1ce1a43e356,2026-07-13T20:15:00Z,2026-07-13T22:15:00+0200,48860.01,MW,FR,FR,actual_load,Actual Load,2026-08-09T15:49:09Z
2026-08-09T15:48:21Z,2026-08-09T17:48:21+0200,d1ee186b-63c3-474e-8770-b1ce1a43e356,2026-07-13T20:30:00Z,2026-07-13T22:30:00+0200,49893.07,MW,FR,FR,actual_load,Actual Load,2026-08-09T15:49:09Z
2026-08-09T15:48:21Z,2026-08-09T17:48:21+0200,d1ee186b-63c3-474e-8770-b1ce1a43e356,2026-07-13T20:45:00Z,2026-07-13T22:45:00+0200,49231.35,MW,FR,FR,actual_load,Actual Load,2026-08-09T15:49:09Z
2026-08-09T15:48:21Z,2026-08-09T17:48:21+0200,d1ee186b-63c3-474e-8770-b1ce1a43e356,2026-07-13T21:00:00Z,2026-07-13T23:00:00+0200,49047.65,MW,FR,FR,actual_load,Actual Load,2026-08-09T15:49:09Z
2026-08-09T15:48:21Z,2026-08-09T17:48:21+0200,d1ee186b-63c3-474e-8770-b1ce1a43e356,2026-07-13T21:15:00Z,2026-07-13T23:15:00+0200,47882.74,MW,FR,FR,actual_load,Actual Load,2026-08-09T15:49:09Z
2026-08-09T15:48:21Z,2026-08-09T17:48:21+0200,d1ee186b-63c3-474e-8770-b1ce1a43e356,2026-07-13T21:30:00Z,2026-07-13T23:30:00+0200,48030.78,MW,FR,FR,actual_load,Actual Load,2026-08-09T15:49:09Z
2026-08-09T15:48:21Z,2026-08-09T17:48:21+0200,d1ee186b-63c3-474e-8770-b1ce1a43e356,2026-07-13T21:45:00Z,2026-07-13T23:45:00+0200,47047.05,MW,FR,FR,actual_load,Actual Load,2026-08-09T15:49:09Z
2026-08-09T15:48:21Z,2026-08-09T17:48:21+0200,d1ee186b-63c3-474e-8770-b1ce1a43e356,2026-07-13T22:00:00Z,2026-07-14T00:00:00+0200,46756.46,MW,FR,FR,actual_load,Actual Load,2026-08-09T15:49:09Z
2026-08-09T15:48:21Z,2026-08-09T17:48:21+0200,d1ee186b-63c3-474e-8770-b1ce1a43e356,2026-07-13T22:15:00Z,2026-07-14T00:15:00+0200,45573.52,MW,FR,FR,actual_load,Actual Load,2026-08-09T15:49:09Z
2026-08-09T15:48:21Z,2026-08-09T17:48:21+0200,d1ee186b-63c3-474e-8770-b1ce1a43e356,2026-07-13T22:30:00Z,2026-07-14T00:30:00+0200,44317.2,MW,FR,FR,actual_load,Actual Load,2026-08-09T15:49:09Z
2026-08-09T15:48:21Z,2026-08-09T17:48:21+0200,d1ee186b-63c3-474e-8770-b1ce1a43e356,2026-07-13T22:45:00Z,2026-07-14T00:45:00+0200,43614.56,MW,FR,FR,actual_load,Actual Load,2026-08-09T15:49:09Z
2026-08-09T15:48:21Z,2026-08-09T17:48:21+0200,d1ee186b-63c3-474e-8770-b1ce1a43e356,2026-07-13T23:00:00Z,2026-07-14T01:00:00+0200,43798.48,MW,FR,FR,actual_load,Actual Load,2026-08-09T15:49:09Z
2026-08-09T15:48:21Z,2026-08-09T17:48:21+0200,d1ee186b-63c3-474e-8770-b1ce1a43e356,2026-07-13T23:15:00Z,2026-07-14T01:15:00+0200,43170.7,MW,FR,FR,actual_load,Actual Load,2026-08-09T15:49:09Z
2026-08-09T15:48:21Z,2026-08-09T17:48:21+0200,d1ee186b-63c3-474e-8770-b1ce1a43e356,2026-07-13T23:30:00Z,2026-07-14T01:30:00+0200,43042.53,MW,FR,FR,actual_load,Actual Load,2026-08-09T15:49:09Z
2026-08-09T15:48:21Z,2026-08-09T17:48:21+0200,d1ee186b-63c3-474e-8770-b1ce1a43e356,2026-07-13T23:45:00Z,2026-07-14T01:45:00+0200,42222.5,MW,FR,FR,actual_load,Actual Load,2026-08-09T15:49:09Z
2026-08-09T15:48:21Z,2026-08-09T17:48:21+0200,d1ee186b-63c3-474e-8770-b1ce1a43e356,2026-07-14T00:00:00Z,2026-07-14T02:00:00+0200,41962.44,MW,FR,FR,actual_load,Actual Load,2026-08-09T15:49:09Z
2026-08-09T15:48:21Z,2026-08-09T17:48:21+0200,d1ee186b-63c3-474e-8770-b1ce1a43e356,2026-07-14T00:15:00Z,2026-07-14T02:15:00+0200,41037.45,MW,FR,FR,actual_load,Actual Load,2026-08-09T15:49:09Z
2026-08-09T15:48:21Z,2026-08-09T17:48:21+0200,d1ee186b-63c3-474e-8770-b1ce1a43e356,2026-07-14T00:30:00Z,2026-07-14T02:30:00+0200,40283.93,MW,FR,FR,actual_load,Actual Load,2026-08-09T15:49:09Z
2026-08-09T15:48:21Z,2026-08-09T17:48:21+0200,d1ee186b-63c3-474e-8770-b1ce1a43e356,2026-07-14T00:45:00Z,2026-07-14T02:45:00+0200,39575.9,MW,FR,FR,actual_load,Actual Load,2026-08-09T15:49:09Z
2026-08-09T15:48:21Z,2026-08-09T17:48:21+0200,d1ee186b-63c3-474e-8770-b1ce1a43e356,2026-07-14T01:00:00Z,2026-07-14T03:00:00+0200,39188.04,MW,FR,FR,actual_load,Actual Load,2026-08-09T15:49:09Z
2026-08-09T15:48:21Z,2026-08-09T17:48:21+0200,d1ee186b-63c3-474e-8770-b1ce1a43e356,2026-07-14T01:15:00Z,2026-07-14T03:15:00+0200,38707.41,MW,FR,FR,actual_load,Actual Load,2026-08-09T15:49:09Z
2026-08-09T15:48:21Z,2026-08-09T17:48:21+0200,d1ee186b-63c3-474e-8770-b1ce1a43e356,2026-07-14T01:30:00Z,2026-07-14T03:30:00+0200,38459.23,MW,FR,FR,actual_load,Actual Load,2026-08-09T15:49:09Z
2026-08-09T15:48:21Z,2026-08-09T17:48:21+0200,d1ee186b-63c3-474e-8770-b1ce1a43e356,2026-07-14T01:45:00Z,2026-07-14T03:45:00+0200,38155.38,MW,FR,FR,actual_load,Actual Load,2026-08-09T15:49:09Z
2026-08-09T15:48:21Z,2026-08-09T17:48:21+0200,d1ee186b-63c3-474e-8770-b1ce1a43e356,2026-07-14T02:00:00Z,2026-07-14T04:00:00+0200,38084.22,MW,FR,FR,actual_load,Actual Load,2026-08-09T15:49:09Z
2026-08-09T15:48:21Z,2026-08-09T17:48:21+0200,d1ee186b-63c3-474e-8770-b1ce1a43e356,2026-07-14T02:15:00Z,2026-07-14T04:15:00+0200,37873.96,MW,FR,FR,actual_load,Actual Load,2026-08-09T15:49:09Z
2026-08-09T15:48:21Z,2026-08-09T17:48:21+0200,d1ee186b-63c3-474e-8770-b1ce1a43e356,2026-07-14T02:30:00Z,2026-07-14T04:30:00+0200,37640.63,MW,FR,FR,actual_load,Actual Load,2026-08-09T15:49:09Z
2026-08-09T15:48:21Z,2026-08-09T17:48:21+0200,d1ee186b-63c3-474e-8770-b1ce1a43e356,2026-07-14T02:45:00Z,2026-07-14T04:45:00+0200,37533.38,MW,FR,FR,actual_load,Actual Load,2026-08-09T15:49:09Z
2026-08-09T15:48:21Z,2026-08-09T17:48:21+0200,d1ee186b-63c3-474e-8770-b1ce1a43e356,2026-07-14T03:00:00Z,2026-07-14T05:00:00+0200,37586.59,MW,FR,FR,actual_load,Actual Load,2026-08-09T15:49:09Z
2026-08-09T15:48:21Z,2026-08-09T17:48:21+0200,d1ee186b-63c3-474e-8770-b1ce1a43e356,2026-07-14T03:15:00Z,2026-07-14T05:15:00+0200,37538.95,MW,FR,FR,actual_load,Actual Load,2026-08-09T15:49:09Z
2026-08-09T15:48:21Z,2026-08-09T17:48:21+0200,d1ee186b-63c3-474e-8770-b1ce1a43e356,2026-07-14T03:30:00Z,2026-07-14T05:30:00+0200,37549.11,MW,FR,FR,actual_load,Actual Load,2026-08-09T15:49:09Z
2026-08-09T15:48:21Z,2026-08-09T17:48:21+0200,d1ee186b-63c3-474e-8770-b1ce1a43e356,2026-07-14T03:45:00Z,2026-07-14T05:45:00+0200,37422.05,MW,FR,FR,actual_load,Actual Load,2026-08-09T15:49:09Z
2026-08-09T15:48:21Z,2026-08-09T17:48:21+0200,d1ee186b-63c3-474e-8770-b1ce1a43e356,2026-07-14T04:00:00Z,2026-07-14T06:00:00+0200,37452.05,MW,FR,FR,actual_load,Actual Load,2026-08-09T15:49:09Z
2026-08-09T15:48:21Z,2026-08-09T17:48:21+0200,d1ee186b-63c3-474e-8770-b1ce1a43e356,2026-07-14T04:15:00Z,2026-07-14T06:15:00+0200,37437.44,MW,FR,FR,actual_load,Actual Load,2026-08-09T15:49:09Z
2026-08-09T15:48:21Z,2026-08-09T17:48:21+0200,d1ee186b-63c3-474e-8770-b1ce1a43e356,2026-07-14T04:30:00Z,2026-07-14T06:30:00+0200,37431.18,MW,FR,FR,actual_load,Actual Load,2026-08-09T15:49:09Z
2026-08-09T15:48:21Z,2026-08-09T17:48:21+0200,d1ee186b-63c3-474e-8770-b1ce1a43e356,2026-07-14T04:45:00Z,2026-07-14T06:45:00+0200,37534.82,MW,FR,FR,actual_load,Actual Load,2026-08-09T15:49:09Z
2026-08-09T15:48:21Z,2026-08-09T17:48:21+0200,d1ee186b-63c3-474e-8770-b1ce1a43e356,2026-07-14T05:00:00Z,2026-07-14T07:00:00+0200,37644.71,MW,FR,FR,actual_load,Actual Load,2026-08-09T15:49:09Z
2026-08-09T15:48:21Z,2026-08-09T17:48:21+0200,d1ee186b-63c3-474e-8770-b1ce1a43e356,2026-07-14T05:15:00Z,2026-07-14T07:15:00+0200,37806.66,MW,FR,FR,actual_load,Actual Load,2026-08-09T15:49:09Z
2026-08-09T15:48:21Z,2026-08-09T17:48:21+0200,d1ee186b-63c3-474e-8770-b1ce1a43e356,2026-07-14T05:30:00Z,2026-07-14T07:30:00+0200,37850.81,MW,FR,FR,actual_load,Actual Load,2026-08-09T15:49:09Z
2026-08-09T15:48:21Z,2026-08-09T17:48:21+0200,d1ee186b-63c3-474e-8770-b1ce1a43e356,2026-07-14T05:45:00Z,2026-07-14T07:45:00+0200,38184.56,MW,FR,FR,actual_load,Actual Load,2026-08-09T15:49:09Z
2026-08-09T15:48:21Z,2026-08-09T17:48:21+0200,d1ee186b-63c3-474e-8770-b1ce1a43e356,2026-07-14T06:00:00Z,2026-07-14T08:00:00+0200,38463.26,MW,FR,FR,actual_load,Actual Load,2026-08-09T15:49:09Z
2026-08-09T15:48:21Z,2026-08-09T17:48:21+0200,d1ee186b-63c3-474e-8770-b1ce1a43e356,2026-07-14T06:15:00Z,2026-07-14T08:15:00+0200,38932.09,MW,FR,FR,actual_load,Actual Load,2026-08-09T15:49:09Z
2026-08-09T15:48:21Z,2026-08-09T17:48:21+0200,d1ee186b-63c3-474e-8770-b1ce1a43e356,2026-07-14T06:30:00Z,2026-07-14T08:30:00+0200,39313.7,MW,FR,FR,actual_load,Actual Load,2026-08-09T15:49:09Z
2026-08-09T15:48:21Z,2026-08-09T17:48:21+0200,d1ee186b-63c3-474e-8770-b1ce1a43e356,2026-07-14T06:45:00Z,2026-07-14T08:45:00+0200,39902.5,MW,FR,FR,actual_load,Actual Load,2026-08-09T15:49:09Z
2026-08-09T15:48:21Z,2026-08-09T17:48:21+0200,d1ee186b-63c3-474e-8770-b1ce1a43e356,2026-07-14T07:00:00Z,2026-07-14T09:00:00+0200,40509.48,MW,FR,FR,actual_load,Actual Load,2026-08-09T15:49:09Z
2026-08-09T15:48:21Z,2026-08-09T17:48:21+0200,d1ee186b-63c3-474e-8770-b1ce1a43e356,2026-07-14T07:15:00Z,2026-07-14T09:15:00+0200,41254.89,MW,FR,FR,actual_load,Actual Load,2026-08-09T15:49:09Z
2026-08-09T15:48:21Z,2026-08-09T17:48:21+0200,d1ee186b-63c3-474e-8770-b1ce1a43e356,2026-07-14T07:30:00Z,2026-07-14T09:30:00+0200,41745.64,MW,FR,FR,actual_load,Actual Load,2026-08-09T15:49:09Z
2026-08-09T15:48:21Z,2026-08-09T17:48:21+0200,d1ee186b-63c3-474e-8770-b1ce1a43e356,2026-07-14T07:45:00Z,2026-07-14T09:45:00+0200,42413.73,MW,FR,FR,actual_load,Actual Load,2026-08-09T15:49:09Z
2026-08-09T15:48:21Z,2026-08-09T17:48:21+0200,d1ee186b-63c3-474e-8770-b1ce1a43e356,2026-07-14T08:00:00Z,2026-07-14T10:00:00+0200,43177.61,MW,FR,FR,actual_load,Actual Load,2026-08-09T15:49:09Z
2026-08-09T15:48:21Z,2026-08-09T17:48:21+0200,d1ee186b-63c3-474e-8770-b1ce1a43e356,2026-07-14T08:15:00Z,2026-07-14T10:15:00+0200,44000.02,MW,FR,FR,actual_load,Actual Load,2026-08-09T15:49:09Z
2026-08-09T15:48:21Z,2026-08-09T17:48:21+0200,d1ee186b-63c3-474e-8770-b1ce1a43e356,2026-07-14T08:30:00Z,2026-07-14T10:30:00+0200,44644.08,MW,FR,FR,actual_load,Actual Load,2026-08-09T15:49:09Z
2026-08-09T15:48:21Z,2026-08-09T17:48:21+0200,d1ee186b-63c3-474e-8770-b1ce1a43e356,2026-07-14T08:45:00Z,2026-07-14T10:45:00+0200,45314.63,MW,FR,FR,actual_load,Actual Load,2026-08-09T15:49:09Z
2026-08-09T15:48:21Z,2026-08-09T17:48:21+0200,d1ee186b-63c3-474e-8770-b1ce1a43e356,2026-07-14T09:00:00Z,2026-07-14T11:00:00+0200,45978.23,MW,FR,FR,actual_load,Actual Load,2026-08-09T15:49:09Z
2026-08-09T15:48:21Z,2026-08-09T17:48:21+0200,d1ee186b-63c3-474e-8770-b1ce1a43e356,2026-07-14T09:15:00Z,2026-07-14T11:15:00+0200,46402.54,MW,FR,FR,actual_load,Actual Load,2026-08-09T15:49:09Z
2026-08-09T15:48:21Z,2026-08-09T17:48:21+0200,d1ee186b-63c3-474e-8770-b1ce1a43e356,2026-07-14T09:30:00Z,2026-07-14T11:30:00+0200,47011.84,MW,FR,FR,actual_load,Actual Load,2026-08-09T15:49:09Z
2026-08-09T15:48:21Z,2026-08-09T17:48:21+0200,d1ee186b-63c3-474e-8770-b1ce1a43e356,2026-07-14T09:45:00Z,2026-07-14T11:45:00+0200,47380.93,MW,FR,FR,actual_load,Actual Load,2026-08-09T15:49:09Z
2026-08-09T15:48:21Z,2026-08-09T17:48:21+0200,d1ee186b-63c3-474e-8770-b1ce1a43e356,2026-07-14T10:00:00Z,2026-07-14T12:00:00+0200,48279.98,MW,FR,FR,actual_load,Actual Load,2026-08-09T15:49:09Z
2026-08-09T15:48:21Z,2026-08-09T17:48:21+0200,d1ee186b-63c3-474e-8770-b1ce1a43e356,2026-07-14T10:15:00Z,2026-07-14T12:15:00+0200,48432.64,MW,FR,FR,actual_load,Actual Load,2026-08-09T15:49:09Z
2026-08-09T15:48:21Z,2026-08-09T17:48:21+0200,d1ee186b-63c3-474e-8770-b1ce1a43e356,2026-07-14T10:30:00Z,2026-07-14T12:30:00+0200,49356.76,MW,FR,FR,actual_load,Actual Load,2026-08-09T15:49:09Z
2026-08-09T15:48:21Z,2026-08-09T17:48:21+0200,d1ee186b-63c3-474e-8770-b1ce1a43e356,2026-07-14T10:45:00Z,2026-07-14T12:45:00+0200,49105.48,MW,FR,FR,actual_load,Actual Load,2026-08-09T15:49:09Z
2026-08-09T15:48:21Z,2026-08-09T17:48:21+0200,d1ee186b-63c3-474e-8770-b1ce1a43e356,2026-07-14T11:00:00Z,2026-07-14T13:00:00+0200,49046.96,MW,FR,FR,actual_load,Actual Load,2026-08-09T15:49:09Z
2026-08-09T15:48:21Z,2026-08-09T17:48:21+0200,d1ee186b-63c3-474e-8770-b1ce1a43e356,2026-07-14T11:15:00Z,2026-07-14T13:15:00+0200,48630.45,MW,FR,FR,actual_load,Actual Load,2026-08-09T15:49:09Z
2026-08-09T15:48:21Z,2026-08-09T17:48:21+0200,d1ee186b-63c3-474e-8770-b1ce1a43e356,2026-07-14T11:30:00Z,2026-07-14T13:30:00+0200,48453.21,MW,FR,FR,actual_load,Actual Load,2026-08-09T15:49:09Z
2026-08-09T15:48:21Z,2026-08-09T17:48:21+0200,d1ee186b-63c3-474e-8770-b1ce1a43e356,2026-07-14T11:45:00Z,2026-07-14T13:45:00+0200,48539.06,MW,FR,FR,actual_load,Actual Load,2026-08-09T15:49:09Z
2026-08-09T15:48:21Z,2026-08-09T17:48:21+0200,d1ee186b-63c3-474e-8770-b1ce1a43e356,2026-07-14T12:00:00Z,2026-07-14T14:00:00+0200,49366.57,MW,FR,FR,actual_load,Actual Load,2026-08-09T15:49:09Z
2026-08-09T15:48:21Z,2026-08-09T17:48:21+0200,d1ee186b-63c3-474e-8770-b1ce1a43e356,2026-07-14T12:15:00Z,2026-07-14T14:15:00+0200,49051.7,MW,FR,FR,actual_load,Actual Load,2026-08-09T15:49:09Z
2026-08-09T15:48:21Z,2026-08-09T17:48:21+0200,d1ee186b-63c3-474e-8770-b1ce1a43e356,2026-07-14T12:30:00Z,2026-07-14T14:30:00+0200,49217.7,MW,FR,FR,actual_load,Actual Load,2026-08-09T15:49:09Z
2026-08-09T15:48:21Z,2026-08-09T17:48:21+0200,d1ee186b-63c3-474e-8770-b1ce1a43e356,2026-07-14T12:45:00Z,2026-07-14T14:45:00+0200,48981.29,MW,FR,FR,actual_load,Actual Load,2026-08-09T15:49:09Z
2026-08-09T15:48:21Z,2026-08-09T17:48:21+0200,d1ee186b-63c3-474e-8770-b1ce1a43e356,2026-07-14T13:00:00Z,2026-07-14T15:00:00+0200,49026.8,MW,FR,FR,actual_load,Actual Load,2026-08-09T15:49:09Z
2026-08-09T15:48:21Z,2026-08-09T17:48:21+0200,d1ee186b-63c3-474e-8770-b1ce1a43e356,2026-07-14T13:15:00Z,2026-07-14T15:15:00+0200,48727.75,MW,FR,FR,actual_load,Actual Load,2026-08-09T15:49:09Z
2026-08-09T15:48:21Z,2026-08-09T17:48:21+0200,d1ee186b-63c3-474e-8770-b1ce1a43e356,2026-07-14T13:30:00Z,2026-07-14T15:30:00+0200,48530.17,MW,FR,FR,actual_load,Actual Load,2026-08-09T15:49:09Z
2026-08-09T15:48:21Z,2026-08-09T17:48:21+0200,d1ee186b-63c3-474e-8770-b1ce1a43e356,2026-07-14T13:45:00Z,2026-07-14T15:45:00+0200,48337.54,MW,FR,FR,actual_load,Actual Load,2026-08-09T15:49:09Z
2026-08-09T15:48:21Z,2026-08-09T17:48:21+0200,d1ee186b-63c3-474e-8770-b1ce1a43e356,2026-07-14T14:00:00Z,2026-07-14T16:00:00+0200,48348.56,MW,FR,FR,actual_load,Actual Load,2026-08-09T15:49:09Z
2026-08-09T15:48:21Z,2026-08-09T17:48:21+0200,d1ee186b-63c3-474e-8770-b1ce1a43e356,2026-07-14T14:15:00Z,2026-07-14T16:15:00+0200,48375.8,MW,FR,FR,actual_load,Actual Load,2026-08-09T15:49:09Z
2026-08-09T15:48:21Z,2026-08-09T17:48:21+0200,d1ee186b-63c3-474e-8770-b1ce1a43e356,2026-07-14T14:30:00Z,2026-07-14T16:30:00+0200,48432.19,MW,FR,FR,actual_load,Actual Load,2026-08-09T15:49:09Z
2026-08-09T15:48:21Z,2026-08-09T17:48:21+0200,d1ee186b-63c3-474e-8770-b1ce1a43e356,2026-07-14T14:45:00Z,2026-07-14T16:45:00+0200,48618.95,MW,FR,FR,actual_load,Actual Load,2026-08-09T15:49:09Z
2026-08-09T15:48:21Z,2026-08-09T17:48:21+0200,d1ee186b-63c3-474e-8770-b1ce1a43e356,2026-07-14T15:00:00Z,2026-07-14T17:00:00+0200,48758.86,MW,FR,FR,actual_load,Actual Load,2026-08-09T15:49:09Z
2026-08-09T15:48:21Z,2026-08-09T17:48:21+0200,d1ee186b-63c3-474e-8770-b1ce1a43e356,2026-07-14T15:15:00Z,2026-07-14T17:15:00+0200,49024.3,MW,FR,FR,actual_load,Actual Load,2026-08-09T15:49:09Z
2026-08-09T15:48:21Z,2026-08-09T17:48:21+0200,d1ee186b-63c3-474e-8770-b1ce1a43e356,2026-07-14T15:30:00Z,2026-07-14T17:30:00+0200,49252.0,MW,FR,FR,actual_load,Actual Load,2026-08-09T15:49:09Z
2026-08-09T15:48:21Z,2026-08-09T17:48:21+0200,d1ee186b-63c3-474e-8770-b1ce1a43e356,2026-07-14T15:45:00Z,2026-07-14T17:45:00+0200,49427.92,MW,FR,FR,actual_load,Actual Load,2026-08-09T15:49:09Z
2026-08-09T15:48:21Z,2026-08-09T17:48:21+0200,d1ee186b-63c3-474e-8770-b1ce1a43e356,2026-07-14T16:00:00Z,2026-07-14T18:00:00+0200,50009.73,MW,FR,FR,actual_load,Actual Load,2026-08-09T15:49:09Z
2026-08-09T15:48:21Z,2026-08-09T17:48:21+0200,d1ee186b-63c3-474e-8770-b1ce1a43e356,2026-07-14T16:15:00Z,2026-07-14T18:15:00+0200,50417.75,MW,FR,FR,actual_load,Actual Load,2026-08-09T15:49:09Z
2026-08-09T15:48:21Z,2026-08-09T17:48:21+0200,d1ee186b-63c3-474e-8770-b1ce1a43e356,2026-07-14T16:30:00Z,2026-07-14T18:30:00+0200,50774.07,MW,FR,FR,actual_load,Actual Load,2026-08-09T15:49:09Z
2026-08-09T15:48:21Z,2026-08-09T17:48:21+0200,d1ee186b-63c3-474e-8770-b1ce1a43e356,2026-07-14T16:45:00Z,2026-07-14T18:45:00+0200,51367.82,MW,FR,FR,actual_load,Actual Load,2026-08-09T15:49:09Z
2026-08-09T15:48:21Z,2026-08-09T17:48:21+0200,d1ee186b-63c3-474e-8770-b1ce1a43e356,2026-07-14T17:00:00Z,2026-07-14T19:00:00+0200,51836.89,MW,FR,FR,actual_load,Actual Load,2026-08-09T15:49:09Z
2026-08-09T15:48:21Z,2026-08-09T17:48:21+0200,d1ee186b-63c3-474e-8770-b1ce1a43e356,2026-07-14T17:15:00Z,2026-07-14T19:15:00+0200,51693.38,MW,FR,FR,actual_load,Actual Load,2026-08-09T15:49:09Z
2026-08-09T15:48:21Z,2026-08-09T17:48:21+0200,d1ee186b-63c3-474e-8770-b1ce1a43e356,2026-07-14T17:30:00Z,2026-07-14T19:30:00+0200,51427.52,MW,FR,FR,actual_load,Actual Load,2026-08-09T15:49:09Z
2026-08-09T15:48:21Z,2026-08-09T17:48:21+0200,d1ee186b-63c3-474e-8770-b1ce1a43e356,2026-07-14T17:45:00Z,2026-07-14T19:45:00+0200,51283.16,MW,FR,FR,actual_load,Actual Load,2026-08-09T15:49:09Z
2026-08-09T15:48:21Z,2026-08-09T17:48:21+0200,d1ee186b-63c3-474e-8770-b1ce1a43e356,2026-07-14T18:00:00Z,2026-07-14T20:00:00+0200,50871.14,MW,FR,FR,actual_load,Actual Load,2026-08-09T15:49:09Z
2026-08-09T15:48:21Z,2026-08-09T17:48:21+0200,d1ee186b-63c3-474e-8770-b1ce1a43e356,2026-07-14T18:15:00Z,2026-07-14T20:15:00+0200,50382.96,MW,FR,FR,actual_load,Actual Load,2026-08-09T15:49:09Z
2026-08-09T15:48:21Z,2026-08-09T17:48:21+0200,d1ee186b-63c3-474e-8770-b1ce1a43e356,2026-07-14T18:30:00Z,2026-07-14T20:30:00+0200,49881.43,MW,FR,FR,actual_load,Actual Load,2026-08-09T15:49:09Z
2026-08-09T15:48:21Z,2026-08-09T17:48:21+0200,d1ee186b-63c3-474e-8770-b1ce1a43e356,2026-07-14T18:45:00Z,2026-07-14T20:45:00+0200,49546.39,MW,FR,FR,actual_load,Actual Load,2026-08-09T15:49:09Z
2026-08-09T15:48:21Z,2026-08-09T17:48:21+0200,d1ee186b-63c3-474e-8770-b1ce1a43e356,2026-07-14T19:00:00Z,2026-07-14T21:00:00+0200,49201.7,MW,FR,FR,actual_load,Actual Load,2026-08-09T15:49:09Z
2026-08-09T15:48:21Z,2026-08-09T17:48:21+0200,d1ee186b-63c3-474e-8770-b1ce1a43e356,2026-07-14T19:15:00Z,2026-07-14T21:15:00+0200,48602.72,MW,FR,FR,actual_load,Actual Load,2026-08-09T15:49:09Z
2026-08-09T15:48:21Z,2026-08-09T17:48:21+0200,d1ee186b-63c3-474e-8770-b1ce1a43e356,2026-07-14T19:30:00Z,2026-07-14T21:30:00+0200,48458.33,MW,FR,FR,actual_load,Actual Load,2026-08-09T15:49:09Z
2026-08-09T15:48:21Z,2026-08-09T17:48:21+0200,d1ee186b-63c3-474e-8770-b1ce1a43e356,2026-07-14T19:45:00Z,2026-07-14T21:45:00+0200,48221.19,MW,FR,FR,actual_load,Actual Load,2026-08-09T15:49:09Z
2026-08-09T15:48:21Z,2026-08-09T17:48:21+0200,d1ee186b-63c3-474e-8770-b1ce1a43e356,2026-07-14T20:00:00Z,2026-07-14T22:00:00+0200,49514.93,MW,FR,FR,actual_load,Actual Load,2026-08-09T15:49:09Z
2026-08-09T15:48:21Z,2026-08-09T17:48:21+0200,d1ee186b-63c3-474e-8770-b1ce1a43e356,2026-07-14T20:15:00Z,2026-07-14T22:15:00+0200,48954.17,MW,FR,FR,actual_load,Actual Load,2026-08-09T15:49:09Z
2026-08-09T15:48:21Z,2026-08-09T17:48:21+0200,d1ee186b-63c3-474e-8770-b1ce1a43e356,2026-07-14T20:30:00Z,2026-07-14T22:30:00+0200,50086.88,MW,FR,FR,actual_load,Actual Load,2026-08-09T15:49:09Z
2026-08-09T15:48:21Z,2026-08-09T17:48:21+0200,d1ee186b-63c3-474e-8770-b1ce1a43e356,2026-07-14T20:45:00Z,2026-07-14T22:45:00+0200,49311.82,MW,FR,FR,actual_load,Actual Load,2026-08-09T15:49:09Z
2026-08-09T15:48:21Z,2026-08-09T17:48:21+0200,d1ee186b-63c3-474e-8770-b1ce1a43e356,2026-07-14T21:00:00Z,2026-07-14T23:00:00+0200,48798.29,MW,FR,FR,actual_load,Actual Load,2026-08-09T15:49:09Z
2026-08-09T15:48:21Z,2026-08-09T17:48:21+0200,d1ee186b-63c3-474e-8770-b1ce1a43e356,2026-07-14T21:15:00Z,2026-07-14T23:15:00+0200,48259.41,MW,FR,FR,actual_load,Actual Load,2026-08-09T15:49:09Z
2026-08-09T15:48:21Z,2026-08-09T17:48:21+0200,d1ee186b-63c3-474e-8770-b1ce1a43e356,2026-07-14T21:30:00Z,2026-07-14T23:30:00+0200,48459.55,MW,FR,FR,actual_load,Actual Load,2026-08-09T15:49:09Z
2026-08-09T15:48:21Z,2026-08-09T17:48:21+0200,d1ee186b-63c3-474e-8770-b1ce1a43e356,2026-07-14T21:45:00Z,2026-07-14T23:45:00+0200,47487.01,MW,FR,FR,actual_load,Actual Load,2026-08-09T15:49:09Z
2026-08-09T15:48:21Z,2026-08-09T17:48:21+0200,d1ee186b-63c3-474e-8770-b1ce1a43e356,2026-07-14T22:00:00Z,2026-07-15T00:00:00+0200,47326.42,MW,FR,FR,actual_load,Actual Load,2026-08-09T15:49:09Z
2026-08-09T15:48:21Z,2026-08-09T17:48:21+0200,d1ee186b-63c3-474e-8770-b1ce1a43e356,2026-07-14T22:15:00Z,2026-07-15T00:15:00+0200,46300.62,MW,FR,FR,actual_load,Actual Load,2026-08-09T15:49:09Z
2026-08-09T15:48:21Z,2026-08-09T17:48:21+0200,d1ee186b-63c3-474e-8770-b1ce1a43e356,2026-07-14T22:30:00Z,2026-07-15T00:30:00+0200,45133.31,MW,FR,FR,actual_load,Actual Load,2026-08-09T15:49:09Z
2026-08-09T15:48:21Z,2026-08-09T17:48:21+0200,d1ee186b-63c3-474e-8770-b1ce1a43e356,2026-07-14T22:45:00Z,2026-07-15T00:45:00+0200,44093.77,MW,FR,FR,actual_load,Actual Load,2026-08-09T15:49:09Z
2026-08-09T15:48:21Z,2026-08-09T17:48:21+0200,d1ee186b-63c3-474e-8770-b1ce1a43e356,2026-07-14T23:00:00Z,2026-07-15T01:00:00+0200,44273.34,MW,FR,FR,actual_load,Actual Load,2026-08-09T15:49:09Z
2026-08-09T15:48:21Z,2026-08-09T17:48:21+0200,d1ee186b-63c3-474e-8770-b1ce1a43e356,2026-07-14T23:15:00Z,2026-07-15T01:15:00+0200,43673.23,MW,FR,FR,actual_load,Actual Load,2026-08-09T15:49:09Z
2026-08-09T15:48:21Z,2026-08-09T17:48:21+0200,d1ee186b-63c3-474e-8770-b1ce1a43e356,2026-07-14T23:30:00Z,2026-07-15T01:30:00+0200,43398.95,MW,FR,FR,actual_load,Actual Load,2026-08-09T15:49:09Z
2026-08-09T15:48:21Z,2026-08-09T17:48:21+0200,d1ee186b-63c3-474e-8770-b1ce1a43e356,2026-07-14T23:45:00Z,2026-07-15T01:45:00+0200,42561.45,MW,FR,FR,actual_load,Actual Load,2026-08-09T15:49:09Z
2026-08-09T15:48:21Z,2026-08-09T17:48:21+0200,d1ee186b-63c3-474e-8770-b1ce1a43e356,2026-07-15T00:00:00Z,2026-07-15T02:00:00+0200,42299.45,MW,FR,FR,actual_load,Actual Load,2026-08-09T15:49:09Z
2026-08-09T15:48:21Z,2026-08-09T17:48:21+0200,d1ee186b-63c3-474e-8770-b1ce1a43e356,2026-07-15T00:15:00Z,2026-07-15T02:15:00+0200,41390.92,MW,FR,FR,actual_load,Actual Load,2026-08-09T15:49:09Z
2026-08-09T15:48:21Z,2026-08-09T17:48:21+0200,d1ee186b-63c3-474e-8770-b1ce1a43e356,2026-07-15T00:30:00Z,2026-07-15T02:30:00+0200,40595.71,MW,FR,FR,actual_load,Actual Load,2026-08-09T15:49:09Z
2026-08-09T15:48:21Z,2026-08-09T17:48:21+0200,d1ee186b-63c3-474e-8770-b1ce1a43e356,2026-07-15T00:45:00Z,2026-07-15T02:45:00+0200,40041.46,MW,FR,FR,actual_load,Actual Load,2026-08-09T15:49:09Z
2026-08-09T15:48:21Z,2026-08-09T17:48:21+0200,d1ee186b-63c3-474e-8770-b1ce1a43e356,2026-07-15T01:00:00Z,2026-07-15T03:00:00+0200,39613.17,MW,FR,FR,actual_load,Actual Load,2026-08-09T15:49:09Z
2026-08-09T15:48:21Z,2026-08-09T17:48:21+0200,d1ee186b-63c3-474e-8770-b1ce1a43e356,2026-07-15T01:15:00Z,2026-07-15T03:15:00+0200,39236.39,MW,FR,FR,actual_load,Actual Load,2026-08-09T15:49:09Z
2026-08-09T15:48:21Z,2026-08-09T17:48:21+0200,d1ee186b-63c3-474e-8770-b1ce1a43e356,2026-07-15T01:30:00Z,2026-07-15T03:30:00+0200,38887.23,MW,FR,FR,actual_load,Actual Load,2026-08-09T15:49:09Z
2026-08-09T15:48:21Z,2026-08-09T17:48:21+0200,d1ee186b-63c3-474e-8770-b1ce1a43e356,2026-07-15T01:45:00Z,2026-07-15T03:45:00+0200,38700.6,MW,FR,FR,actual_load,Actual Load,2026-08-09T15:49:09Z
2026-08-09T15:48:21Z,2026-08-09T17:48:21+0200,d1ee186b-63c3-474e-8770-b1ce1a43e356,2026-07-15T02:00:00Z,2026-07-15T04:00:00+0200,38758.61,MW,FR,FR,actual_load,Actual Load,2026-08-09T15:49:09Z
2026-08-09T15:48:21Z,2026-08-09T17:48:21+0200,d1ee186b-63c3-474e-8770-b1ce1a43e356,2026-07-15T02:15:00Z,2026-07-15T04:15:00+0200,38691.7,MW,FR,FR,actual_load,Actual Load,2026-08-09T15:49:09Z
2026-08-09T15:48:21Z,2026-08-09T17:48:21+0200,d1ee186b-63c3-474e-8770-b1ce1a43e356,2026-07-15T02:30:00Z,2026-07-15T04:30:00+0200,38819.61,MW,FR,FR,actual_load,Actual Load,2026-08-09T15:49:09Z
2026-08-09T15:48:21Z,2026-08-09T17:48:21+0200,d1ee186b-63c3-474e-8770-b1ce1a43e356,2026-07-15T02:45:00Z,2026-07-15T04:45:00+0200,39077.73,MW,FR,FR,actual_load,Actual Load,2026-08-09T15:49:09Z
2026-08-09T15:48:21Z,2026-08-09T17:48:21+0200,d1ee186b-63c3-474e-8770-b1ce1a43e356,2026-07-15T03:00:00Z,2026-07-15T05:00:00+0200,39844.02,MW,FR,FR,actual_load,Actual Load,2026-08-09T15:49:09Z
2026-08-09T15:48:21Z,2026-08-09T17:48:21+0200,d1ee186b-63c3-474e-8770-b1ce1a43e356,2026-07-15T03:15:00Z,2026-07-15T05:15:00+0200,40348.77,MW,FR,FR,actual_load,Actual Load,2026-08-09T15:49:09Z
2026-08-09T15:48:21Z,2026-08-09T17:48:21+0200,d1ee186b-63c3-474e-8770-b1ce1a43e356,2026-07-15T03:30:00Z,2026-07-15T05:30:00+0200,40672.43,MW,FR,FR,actual_load,Actual Load,2026-08-09T15:49:09Z
2026-08-09T15:48:21Z,2026-08-09T17:48:21+0200,d1ee186b-63c3-474e-8770-b1ce1a43e356,2026-07-15T03:45:00Z,2026-07-15T05:45:00+0200,41226.28,MW,FR,FR,actual_load,Actual Load,2026-08-09T15:49:09Z
2026-08-09T15:48:21Z,2026-08-09T17:48:21+0200,d1ee186b-63c3-474e-8770-b1ce1a43e356,2026-07-15T04:00:00Z,2026-07-15T06:00:00+0200,42184.1,MW,FR,FR,actual_load,Actual Load,2026-08-09T15:49:09Z
2026-08-09T15:48:21Z,2026-08-09T17:48:21+0200,d1ee186b-63c3-474e-8770-b1ce1a43e356,2026-07-15T04:15:00Z,2026-07-15T06:15:00+0200,42882.29,MW,FR,FR,actual_load,Actual Load,2026-08-09T15:49:09Z
2026-08-09T15:48:21Z,2026-08-09T17:48:21+0200,d1ee186b-63c3-474e-8770-b1ce1a43e356,2026-07-15T04:30:00Z,2026-07-15T06:30:00+0200,43464.59,MW,FR,FR,actual_load,Actual Load,2026-08-09T15:49:09Z
2026-08-09T15:48:21Z,2026-08-09T17:48:21+0200,d1ee186b-63c3-474e-8770-b1ce1a43e356,2026-07-15T04:45:00Z,2026-07-15T06:45:00+0200,44108.16,MW,FR,FR,actual_load,Actual Load,2026-08-09T15:49:09Z
2026-08-09T15:48:21Z,2026-08-09T17:48:21+0200,d1ee186b-63c3-474e-8770-b1ce1a43e356,2026-07-15T05:00:00Z,2026-07-15T07:00:00+0200,44722.75,MW,FR,FR,actual_load,Actual Load,2026-08-09T15:49:09Z
2026-08-09T15:48:21Z,2026-08-09T17:48:21+0200,d1ee186b-63c3-474e-8770-b1ce1a43e356,2026-07-15T05:15:00Z,2026-07-15T07:15:00+0200,45481.93,MW,FR,FR,actual_load,Actual Load,2026-08-09T15:49:09Z
2026-08-09T15:48:21Z,2026-08-09T17:48:21+0200,d1ee186b-63c3-474e-8770-b1ce1a43e356,2026-07-15T05:30:00Z,2026-07-15T07:30:00+0200,46048.74,MW,FR,FR,actual_load,Actual Load,2026-08-09T15:49:09Z
2026-08-09T15:48:21Z,2026-08-09T17:48:21+0200,d1ee186b-63c3-474e-8770-b1ce1a43e356,2026-07-15T05:45:00Z,2026-07-15T07:45:00+0200,46966.35,MW,FR,FR,actual_load,Actual Load,2026-08-09T15:49:09Z
2026-08-09T15:48:21Z,2026-08-09T17:48:21+0200,d1ee186b-63c3-474e-8770-b1ce1a43e356,2026-07-15T06:00:00Z,2026-07-15T08:00:00+0200,48046.46,MW,FR,FR,actual_load,Actual Load,2026-08-09T15:49:09Z
2026-08-09T15:48:21Z,2026-08-09T17:48:21+0200,d1ee186b-63c3-474e-8770-b1ce1a43e356,2026-07-15T06:15:00Z,2026-07-15T08:15:00+0200,49014.24,MW,FR,FR,actual_load,Actual Load,2026-08-09T15:49:09Z
2026-08-09T15:48:21Z,2026-08-09T17:48:21+0200,d1ee186b-63c3-474e-8770-b1ce1a43e356,2026-07-15T06:30:00Z,2026-07-15T08:30:00+0200,49673.24,MW,FR,FR,actual_load,Actual Load,2026-08-09T15:49:09Z
2026-08-09T15:48:21Z,2026-08-09T17:48:21+0200,d1ee186b-63c3-474e-8770-b1ce1a43e356,2026-07-15T06:45:00Z,2026-07-15T08:45:00+0200,50223.57,MW,FR,FR,actual_load,Actual Load,2026-08-09T15:49:09Z
2026-08-09T15:48:21Z,2026-08-09T17:48:21+0200,d1ee186b-63c3-474e-8770-b1ce1a43e356,2026-07-15T07:00:00Z,2026-07-15T09:00:00+0200,50721.64,MW,FR,FR,actual_load,Actual Load,2026-08-09T15:49:09Z
2026-08-09T15:48:21Z,2026-08-09T17:48:21+0200,d1ee186b-63c3-474e-8770-b1ce1a43e356,2026-07-15T07:15:00Z,2026-07-15T09:15:00+0200,51311.61,MW,FR,FR,actual_load,Actual Load,2026-08-09T15:49:09Z
2026-08-09T15:48:21Z,2026-08-09T17:48:21+0200,d1ee186b-63c3-474e-8770-b1ce1a43e356,2026-07-15T07:30:00Z,2026-07-15T09:30:00+0200,52406.13,MW,FR,FR,actual_load,Actual Load,2026-08-09T15:49:09Z
2026-08-09T15:48:21Z,2026-08-09T17:48:21+0200,d1ee186b-63c3-474e-8770-b1ce1a43e356,2026-07-15T07:45:00Z,2026-07-15T09:45:00+0200,52742.43,MW,FR,FR,actual_load,Actual Load,2026-08-09T15:49:09Z
2026-08-09T15:48:21Z,2026-08-09T17:48:21+0200,d1ee186b-63c3-474e-8770-b1ce1a43e356,2026-07-15T08:00:00Z,2026-07-15T10:00:00+0200,53262.85,MW,FR,FR,actual_load,Actual Load,2026-08-09T15:49:09Z
2026-08-09T15:48:21Z,2026-08-09T17:48:21+0200,d1ee186b-63c3-474e-8770-b1ce1a43e356,2026-07-15T08:15:00Z,2026-07-15T10:15:00+0200,53552.69,MW,FR,FR,actual_load,Actual Load,2026-08-09T15:49:09Z
2026-08-09T15:48:21Z,2026-08-09T17:48:21+0200,d1ee186b-63c3-474e-8770-b1ce1a43e356,2026-07-15T08:30:00Z,2026-07-15T10:30:00+0200,54102.77,MW,FR,FR,actual_load,Actual Load,2026-08-09T15:49:09Z
2026-08-09T15:48:21Z,2026-08-09T17:48:21+0200,d1ee186b-63c3-474e-8770-b1ce1a43e356,2026-07-15T08:45:00Z,2026-07-15T10:45:00+0200,54420.93,MW,FR,FR,actual_load,Actual Load,2026-08-09T15:49:09Z
2026-08-09T15:48:21Z,2026-08-09T17:48:21+0200,d1ee186b-63c3-474e-8770-b1ce1a43e356,2026-07-15T09:00:00Z,2026-07-15T11:00:00+0200,54871.64,MW,FR,FR,actual_load,Actual Load,2026-08-09T15:49:09Z
2026-08-09T15:48:21Z,2026-08-09T17:48:21+0200,d1ee186b-63c3-474e-8770-b1ce1a43e356,2026-07-15T09:15:00Z,2026-07-15T11:15:00+0200,55211.22,MW,FR,FR,actual_load,Actual Load,2026-08-09T15:49:09Z
2026-08-09T15:48:21Z,2026-08-09T17:48:21+0200,d1ee186b-63c3-474e-8770-b1ce1a43e356,2026-07-15T09:30:00Z,2026-07-15T11:30:00+0200,55414.14,MW,FR,FR,actual_load,Actual Load,2026-08-09T15:49:09Z
2026-08-09T15:48:21Z,2026-08-09T17:48:21+0200,d1ee186b-63c3-474e-8770-b1ce1a43e356,2026-07-15T09:45:00Z,2026-07-15T11:45:00+0200,55258.56,MW,FR,FR,actual_load,Actual Load,2026-08-09T15:49:09Z
2026-08-09T15:48:21Z,2026-08-09T17:48:21+0200,d1ee186b-63c3-474e-8770-b1ce1a43e356,2026-07-15T10:00:00Z,2026-07-15T12:00:00+0200,55476.92,MW,FR,FR,actual_load,Actual Load,2026-08-09T15:49:09Z
2026-08-09T15:48:21Z,2026-08-09T17:48:21+0200,d1ee186b-63c3-474e-8770-b1ce1a43e356,2026-07-15T10:15:00Z,2026-07-15T12:15:00+0200,55364.09,MW,FR,FR,actual_load,Actual Load,2026-08-09T15:49:09Z
2026-08-09T15:48:21Z,2026-08-09T17:48:21+0200,d1ee186b-63c3-474e-8770-b1ce1a43e356,2026-07-15T10:30:00Z,2026-07-15T12:30:00+0200,55852.54,MW,FR,FR,actual_load,Actual Load,2026-08-09T15:49:09Z
2026-08-09T15:48:21Z,2026-08-09T17:48:21+0200,d1ee186b-63c3-474e-8770-b1ce1a43e356,2026-07-15T10:45:00Z,2026-07-15T12:45:00+0200,55310.68,MW,FR,FR,actual_load,Actual Load,2026-08-09T15:49:09Z
2026-08-09T15:48:21Z,2026-08-09T17:48:21+0200,d1ee186b-63c3-474e-8770-b1ce1a43e356,2026-07-15T11:00:00Z,2026-07-15T13:00:00+0200,55497.93,MW,FR,FR,actual_load,Actual Load,2026-08-09T15:49:09Z
2026-08-09T15:48:21Z,2026-08-09T17:48:21+0200,d1ee186b-63c3-474e-8770-b1ce1a43e356,2026-07-15T11:15:00Z,2026-07-15T13:15:00+0200,55401.3,MW,FR,FR,actual_load,Actual Load,2026-08-09T15:49:09Z
2026-08-09T15:48:21Z,2026-08-09T17:48:21+0200,d1ee186b-63c3-474e-8770-b1ce1a43e356,2026-07-15T11:30:00Z,2026-07-15T13:30:00+0200,55457.73,MW,FR,FR,actual_load,Actual Load,2026-08-09T15:49:09Z
2026-08-09T15:48:21Z,2026-08-09T17:48:21+0200,d1ee186b-63c3-474e-8770-b1ce1a43e356,2026-07-15T11:45:00Z,2026-07-15T13:45:00+0200,55902.66,MW,FR,FR,actual_load,Actual Load,2026-08-09T15:49:09Z
2026-08-09T15:48:21Z,2026-08-09T17:48:21+0200,d1ee186b-63c3-474e-8770-b1ce1a43e356,2026-07-15T12:00:00Z,2026-07-15T14:00:00+0200,56468.2,MW,FR,FR,actual_load,Actual Load,2026-08-09T15:49:09Z
2026-08-09T15:48:21Z,2026-08-09T17:48:21+0200,d1ee186b-63c3-474e-8770-b1ce1a43e356,2026-07-15T12:15:00Z,2026-07-15T14:15:00+0200,56660.68,MW,FR,FR,actual_load,Actual Load,2026-08-09T15:49:09Z
2026-08-09T15:48:21Z,2026-08-09T17:48:21+0200,d1ee186b-63c3-474e-8770-b1ce1a43e356,2026-07-15T12:30:00Z,2026-07-15T14:30:00+0200,56745.29,MW,FR,FR,actual_load,Actual Load,2026-08-09T15:49:09Z
2026-08-09T15:48:21Z,2026-08-09T17:48:21+0200,d1ee186b-63c3-474e-8770-b1ce1a43e356,2026-07-15T12:45:00Z,2026-07-15T14:45:00+0200,56268.6,MW,FR,FR,actual_load,Actual Load,2026-08-09T15:49:09Z
2026-08-09T15:48:21Z,2026-08-09T17:48:21+0200,d1ee186b-63c3-474e-8770-b1ce1a43e356,2026-07-15T13:00:00Z,2026-07-15T15:00:00+0200,55323.52,MW,FR,FR,actual_load,Actual Load,2026-08-09T15:49:09Z
2026-08-09T15:48:21Z,2026-08-09T17:48:21+0200,d1ee186b-63c3-474e-8770-b1ce1a43e356,2026-07-15T13:15:00Z,2026-07-15T15:15:00+0200,55743.22,MW,FR,FR,actual_load,Actual Load,2026-08-09T15:49:09Z
2026-08-09T15:48:21Z,2026-08-09T17:48:21+0200,d1ee186b-63c3-474e-8770-b1ce1a43e356,2026-07-15T13:30:00Z,2026-07-15T15:30:00+0200,55201.11,MW,FR,FR,actual_load,Actual Load,2026-08-09T15:49:09Z
2026-08-09T15:48:21Z,2026-08-09T17:48:21+0200,d1ee186b-63c3-474e-8770-b1ce1a43e356,2026-07-15T13:45:00Z,2026-07-15T15:45:00+0200,55012.75,MW,FR,FR,actual_load,Actual Load,2026-08-09T15:49:09Z
2026-08-09T15:48:21Z,2026-08-09T17:48:21+0200,d1ee186b-63c3-474e-8770-b1ce1a43e356,2026-07-15T14:00:00Z,2026-07-15T16:00:00+0200,54598.38,MW,FR,FR,actual_load,Actual Load,2026-08-09T15:49:09Z
2026-08-09T15:48:21Z,2026-08-09T17:48:21+0200,d1ee186b-63c3-474e-8770-b1ce1a43e356,2026-07-15T14:15:00Z,2026-07-15T16:15:00+0200,54473.7,MW,FR,FR,actual_load,Actual Load,2026-08-09T15:49:09Z
2026-08-09T15:48:21Z,2026-08-09T17:48:21+0200,d1ee186b-63c3-474e-8770-b1ce1a43e356,2026-07-15T14:30:00Z,2026-07-15T16:30:00+0200,54197.43,MW,FR,FR,actual_load,Actual Load,2026-08-09T15:49:09Z
2026-08-09T15:48:21Z,2026-08-09T17:48:21+0200,d1ee186b-63c3-474e-8770-b1ce1a43e356,2026-07-15T14:45:00Z,2026-07-15T16:45:00+0200,54084.7,MW,FR,FR,actual_load,Actual Load,2026-08-09T15:49:09Z
2026-08-09T15:48:21Z,2026-08-09T17:48:21+0200,d1ee186b-63c3-474e-8770-b1ce1a43e356,2026-07-15T15:00:00Z,2026-07-15T17:00:00+0200,53936.84,MW,FR,FR,actual_load,Actual Load,2026-08-09T15:49:09Z
2026-08-09T15:48:21Z,2026-08-09T17:48:21+0200,d1ee186b-63c3-474e-8770-b1ce1a43e356,2026-07-15T15:15:00Z,2026-07-15T17:15:00+0200,53802.64,MW,FR,FR,actual_load,Actual Load,2026-08-09T15:49:09Z
2026-08-09T15:48:21Z,2026-08-09T17:48:21+0200,d1ee186b-63c3-474e-8770-b1ce1a43e356,2026-07-15T15:30:00Z,2026-07-15T17:30:00+0200,54272.41,MW,FR,FR,actual_load,Actual Load,2026-08-09T15:49:09Z
2026-08-09T15:48:21Z,2026-08-09T17:48:21+0200,d1ee186b-63c3-474e-8770-b1ce1a43e356,2026-07-15T15:45:00Z,2026-07-15T17:45:00+0200,54754.71,MW,FR,FR,actual_load,Actual Load,2026-08-09T15:49:09Z
2026-08-09T15:48:21Z,2026-08-09T17:48:21+0200,d1ee186b-63c3-474e-8770-b1ce1a43e356,2026-07-15T16:00:00Z,2026-07-15T18:00:00+0200,55178.41,MW,FR,FR,actual_load,Actual Load,2026-08-09T15:49:09Z
2026-08-09T15:48:21Z,2026-08-09T17:48:21+0200,d1ee186b-63c3-474e-8770-b1ce1a43e356,2026-07-15T16:15:00Z,2026-07-15T18:15:00+0200,55384.61,MW,FR,FR,actual_load,Actual Load,2026-08-09T15:49:09Z
2026-08-09T15:48:21Z,2026-08-09T17:48:21+0200,d1ee186b-63c3-474e-8770-b1ce1a43e356,2026-07-15T16:30:00Z,2026-07-15T18:30:00+0200,55380.01,MW,FR,FR,actual_load,Actual Load,2026-08-09T15:49:09Z
2026-08-09T15:48:21Z,2026-08-09T17:48:21+0200,d1ee186b-63c3-474e-8770-b1ce1a43e356,2026-07-15T16:45:00Z,2026-07-15T18:45:00+0200,55753.16,MW,FR,FR,actual_load,Actual Load,2026-08-09T15:49:09Z
2026-08-09T15:48:21Z,2026-08-09T17:48:21+0200,d1ee186b-63c3-474e-8770-b1ce1a43e356,2026-07-15T17:00:00Z,2026-07-15T19:00:00+0200,55748.13,MW,FR,FR,actual_load,Actual Load,2026-08-09T15:49:09Z
2026-08-09T15:48:21Z,2026-08-09T17:48:21+0200,d1ee186b-63c3-474e-8770-b1ce1a43e356,2026-07-15T17:15:00Z,2026-07-15T19:15:00+0200,55493.98,MW,FR,FR,actual_load,Actual Load,2026-08-09T15:49:09Z
2026-08-09T15:48:21Z,2026-08-09T17:48:21+0200,d1ee186b-63c3-474e-8770-b1ce1a43e356,2026-07-15T17:30:00Z,2026-07-15T19:30:00+0200,55097.34,MW,FR,FR,actual_load,Actual Load,2026-08-09T15:49:09Z
2026-08-09T15:48:21Z,2026-08-09T17:48:21+0200,d1ee186b-63c3-474e-8770-b1ce1a43e356,2026-07-15T17:45:00Z,2026-07-15T19:45:00+0200,54675.63,MW,FR,FR,actual_load,Actual Load,2026-08-09T15:49:09Z
2026-08-09T15:48:21Z,2026-08-09T17:48:21+0200,d1ee186b-63c3-474e-8770-b1ce1a43e356,2026-07-15T18:00:00Z,2026-07-15T20:00:00+0200,53723.0,MW,FR,FR,actual_load,Actual Load,2026-08-09T15:49:09Z
2026-08-09T15:48:21Z,2026-08-09T17:48:21+0200,d1ee186b-63c3-474e-8770-b1ce1a43e356,2026-07-15T18:15:00Z,2026-07-15T20:15:00+0200,52768.62,MW,FR,FR,actual_load,Actual Load,2026-08-09T15:49:09Z
2026-08-09T15:48:21Z,2026-08-09T17:48:21+0200,d1ee186b-63c3-474e-8770-b1ce1a43e356,2026-07-15T18:30:00Z,2026-07-15T20:30:00+0200,52135.64,MW,FR,FR,actual_load,Actual Load,2026-08-09T15:49:09Z
2026-08-09T15:48:21Z,2026-08-09T17:48:21+0200,d1ee186b-63c3-474e-8770-b1ce1a43e356,2026-07-15T18:45:00Z,2026-07-15T20:45:00+0200,51539.32,MW,FR,FR,actual_load,Actual Load,2026-08-09T15:49:09Z
2026-08-09T15:48:21Z,2026-08-09T17:48:21+0200,d1ee186b-63c3-474e-8770-b1ce1a43e356,2026-07-15T19:00:00Z,2026-07-15T21:00:00+0200,50906.85,MW,FR,FR,actual_load,Actual Load,2026-08-09T15:49:09Z
2026-08-09T15:48:21Z,2026-08-09T17:48:21+0200,d1ee186b-63c3-474e-8770-b1ce1a43e356,2026-07-15T19:15:00Z,2026-07-15T21:15:00+0200,50686.82,MW,FR,FR,actual_load,Actual Load,2026-08-09T15:49:09Z
2026-08-09T15:48:21Z,2026-08-09T17:48:21+0200,d1ee186b-63c3-474e-8770-b1ce1a43e356,2026-07-15T19:30:00Z,2026-07-15T21:30:00+0200,50585.14,MW,FR,FR,actual_load,Actual Load,2026-08-09T15:49:09Z
2026-08-09T15:48:21Z,2026-08-09T17:48:21+0200,d1ee186b-63c3-474e-8770-b1ce1a43e356,2026-07-15T19:45:00Z,2026-07-15T21:45:00+0200,50273.52,MW,FR,FR,actual_load,Actual Load,2026-08-09T15:49:09Z
2026-08-09T15:48:21Z,2026-08-09T17:48:21+0200,d1ee186b-63c3-474e-8770-b1ce1a43e356,2026-07-15T20:00:00Z,2026-07-15T22:00:00+0200,51329.29,MW,FR,FR,actual_load,Actual Load,2026-08-09T15:49:09Z
2026-08-09T15:48:21Z,2026-08-09T17:48:21+0200,d1ee186b-63c3-474e-8770-b1ce1a43e356,2026-07-15T20:15:00Z,2026-07-15T22:15:00+0200,51073.69,MW,FR,FR,actual_load,Actual Load,2026-08-09T15:49:09Z
2026-08-09T15:48:21Z,2026-08-09T17:48:21+0200,d1ee186b-63c3-474e-8770-b1ce1a43e356,2026-07-15T20:30:00Z,2026-07-15T22:30:00+0200,52148.1,MW,FR,FR,actual_load,Actual Load,2026-08-09T15:49:09Z
2026-08-09T15:48:21Z,2026-08-09T17:48:21+0200,d1ee186b-63c3-474e-8770-b1ce1a43e356,2026-07-15T20:45:00Z,2026-07-15T22:45:00+0200,51501.07,MW,FR,FR,actual_load,Actual Load,2026-08-09T15:49:09Z
2026-08-09T15:48:21Z,2026-08-09T17:48:21+0200,d1ee186b-63c3-474e-8770-b1ce1a43e356,2026-07-15T21:00:00Z,2026-07-15T23:00:00+0200,50556.35,MW,FR,FR,actual_load,Actual Load,2026-08-09T15:49:09Z
2026-08-09T15:48:21Z,2026-08-09T17:48:21+0200,d1ee186b-63c3-474e-8770-b1ce1a43e356,2026-07-15T21:15:00Z,2026-07-15T23:15:00+0200,49501.8,MW,FR,FR,actual_load,Actual Load,2026-08-09T15:49:09Z
2026-08-09T15:48:21Z,2026-08-09T17:48:21+0200,d1ee186b-63c3-474e-8770-b1ce1a43e356,2026-07-15T21:30:00Z,2026-07-15T23:30:00+0200,49705.33,MW,FR,FR,actual_load,Actual Load,2026-08-09T15:49:09Z
2026-08-09T15:48:21Z,2026-08-09T17:48:21+0200,d1ee186b-63c3-474e-8770-b1ce1a43e356,2026-07-15T21:45:00Z,2026-07-15T23:45:00+0200,48506.36,MW,FR,FR,actual_load,Actual Load,2026-08-09T15:49:09Z
2026-08-09T15:48:21Z,2026-08-09T17:48:21+0200,d1ee186b-63c3-474e-8770-b1ce1a43e356,2026-07-15T22:00:00Z,2026-07-16T00:00:00+0200,47941.93,MW,FR,FR,actual_load,Actual Load,2026-08-09T15:49:09Z
2026-08-09T15:48:21Z,2026-08-09T17:48:21+0200,d1ee186b-63c3-474e-8770-b1ce1a43e356,2026-07-15T22:15:00Z,2026-07-16T00:15:00+0200,46760.95,MW,FR,FR,actual_load,Actual Load,2026-08-09T15:49:09Z
2026-08-09T15:48:21Z,2026-08-09T17:48:21+0200,d1ee186b-63c3-474e-8770-b1ce1a43e356,2026-07-15T22:30:00Z,2026-07-16T00:30:00+0200,45578.38,MW,FR,FR,actual_load,Actual Load,2026-08-09T15:49:09Z
2026-08-09T15:48:21Z,2026-08-09T17:48:21+0200,d1ee186b-63c3-474e-8770-b1ce1a43e356,2026-07-15T22:45:00Z,2026-07-16T00:45:00+0200,44521.43,MW,FR,FR,actual_load,Actual Load,2026-08-09T15:49:09Z
2026-08-09T15:48:21Z,2026-08-09T17:48:21+0200,d1ee186b-63c3-474e-8770-b1ce1a43e356,2026-07-15T23:00:00Z,2026-07-16T01:00:00+0200,44670.97,MW,FR,FR,actual_load,Actual Load,2026-08-09T15:49:09Z
2026-08-09T15:48:21Z,2026-08-09T17:48:21+0200,d1ee186b-63c3-474e-8770-b1ce1a43e356,2026-07-15T23:15:00Z,2026-07-16T01:15:00+0200,44066.02,MW,FR,FR,actual_load,Actual Load,2026-08-09T15:49:09Z
2026-08-09T15:48:21Z,2026-08-09T17:48:21+0200,d1ee186b-63c3-474e-8770-b1ce1a43e356,2026-07-15T23:30:00Z,2026-07-16T01:30:00+0200,44145.06,MW,FR,FR,actual_load,Actual Load,2026-08-09T15:49:09Z
2026-08-09T15:48:21Z,2026-08-09T17:48:21+0200,d1ee186b-63c3-474e-8770-b1ce1a43e356,2026-07-15T23:45:00Z,2026-07-16T01:45:00+0200,43308.78,MW,FR,FR,actual_load,Actual Load,2026-08-09T15:49:09Z
2026-08-09T15:48:21Z,2026-08-09T17:48:21+0200,d1ee186b-63c3-474e-8770-b1ce1a43e356,2026-07-16T00:00:00Z,2026-07-16T02:00:00+0200,43015.88,MW,FR,FR,actual_load,Actual Load,2026-08-09T15:49:09Z
2026-08-09T15:48:21Z,2026-08-09T17:48:21+0200,d1ee186b-63c3-474e-8770-b1ce1a43e356,2026-07-16T00:15:00Z,2026-07-16T02:15:00+0200,42201.31,MW,FR,FR,actual_load,Actual Load,2026-08-09T15:49:09Z
2026-08-09T15:48:21Z,2026-08-09T17:48:21+0200,d1ee186b-63c3-474e-8770-b1ce1a43e356,2026-07-16T00:30:00Z,2026-07-16T02:30:00+0200,41524.54,MW,FR,FR,actual_load,Actual Load,2026-08-09T15:49:09Z
2026-08-09T15:48:21Z,2026-08-09T17:48:21+0200,d1ee186b-63c3-474e-8770-b1ce1a43e356,2026-07-16T00:45:00Z,2026-07-16T02:45:00+0200,40941.73,MW,FR,FR,actual_load,Actual Load,2026-08-09T15:49:09Z
2026-08-09T15:48:21Z,2026-08-09T17:48:21+0200,d1ee186b-63c3-474e-8770-b1ce1a43e356,2026-07-16T01:00:00Z,2026-07-16T03:00:00+0200,40552.7,MW,FR,FR,actual_load,Actual Load,2026-08-09T15:49:09Z
2026-08-09T15:48:21Z,2026-08-09T17:48:21+0200,d1ee186b-63c3-474e-8770-b1ce1a43e356,2026-07-16T01:15:00Z,2026-07-16T03:15:00+0200,40158.21,MW,FR,FR,actual_load,Actual Load,2026-08-09T15:49:09Z
2026-08-09T15:48:21Z,2026-08-09T17:48:21+0200,d1ee186b-63c3-474e-8770-b1ce1a43e356,2026-07-16T01:30:00Z,2026-07-16T03:30:00+0200,40082.93,MW,FR,FR,actual_load,Actual Load,2026-08-09T15:49:09Z
2026-08-09T15:48:21Z,2026-08-09T17:48:21+0200,d1ee186b-63c3-474e-8770-b1ce1a43e356,2026-07-16T01:45:00Z,2026-07-16T03:45:00+0200,39863.9,MW,FR,FR,actual_load,Actual Load,2026-08-09T15:49:09Z
2026-08-09T15:48:21Z,2026-08-09T17:48:21+0200,d1ee186b-63c3-474e-8770-b1ce1a43e356,2026-07-16T02:00:00Z,2026-07-16T04:00:00+0200,39802.38,MW,FR,FR,actual_load,Actual Load,2026-08-09T15:49:09Z
2026-08-09T15:48:21Z,2026-08-09T17:48:21+0200,d1ee186b-63c3-474e-8770-b1ce1a43e356,2026-07-16T02:15:00Z,2026-07-16T04:15:00+0200,39739.01,MW,FR,FR,actual_load,Actual Load,2026-08-09T15:49:09Z
2026-08-09T15:48:21Z,2026-08-09T17:48:21+0200,d1ee186b-63c3-474e-8770-b1ce1a43e356,2026-07-16T02:30:00Z,2026-07-16T04:30:00+0200,39607.2,MW,FR,FR,actual_load,Actual Load,2026-08-09T15:49:09Z
2026-08-09T15:48:21Z,2026-08-09T17:48:21+0200,d1ee186b-63c3-474e-8770-b1ce1a43e356,2026-07-16T02:45:00Z,2026-07-16T04:45:00+0200,39630.38,MW,FR,FR,actual_load,Actual Load,2026-08-09T15:49:09Z
2026-08-09T15:48:21Z,2026-08-09T17:48:21+0200,d1ee186b-63c3-474e-8770-b1ce1a43e356,2026-07-16T03:00:00Z,2026-07-16T05:00:00+0200,40482.41,MW,FR,FR,actual_load,Actual Load,2026-08-09T15:49:09Z
2026-08-09T15:48:21Z,2026-08-09T17:48:21+0200,d1ee186b-63c3-474e-8770-b1ce1a43e356,2026-07-16T03:15:00Z,2026-07-16T05:15:00+0200,40844.81,MW,FR,FR,actual_load,Actual Load,2026-08-09T15:49:09Z
2026-08-09T15:48:21Z,2026-08-09T17:48:21+0200,d1ee186b-63c3-474e-8770-b1ce1a43e356,2026-07-16T03:30:00Z,2026-07-16T05:30:00+0200,41140.12,MW,FR,FR,actual_load,Actual Load,2026-08-09T15:49:09Z
2026-08-09T15:48:21Z,2026-08-09T17:48:21+0200,d1ee186b-63c3-474e-8770-b1ce1a43e356,2026-07-16T03:45:00Z,2026-07-16T05:45:00+0200,41365.08,MW,FR,FR,actual_load,Actual Load,2026-08-09T15:49:09Z
2026-08-09T15:48:21Z,2026-08-09T17:48:21+0200,d1ee186b-63c3-474e-8770-b1ce1a43e356,2026-07-16T04:00:00Z,2026-07-16T06:00:00+0200,42316.12,MW,FR,FR,actual_load,Actual Load,2026-08-09T15:49:09Z
2026-08-09T15:48:21Z,2026-08-09T17:48:21+0200,d1ee186b-63c3-474e-8770-b1ce1a43e356,2026-07-16T04:15:00Z,2026-07-16T06:15:00+0200,42983.23,MW,FR,FR,actual_load,Actual Load,2026-08-09T15:49:09Z
2026-08-09T15:48:21Z,2026-08-09T17:48:21+0200,d1ee186b-63c3-474e-8770-b1ce1a43e356,2026-07-16T04:30:00Z,2026-07-16T06:30:00+0200,43436.98,MW,FR,FR,actual_load,Actual Load,2026-08-09T15:49:09Z
2026-08-09T15:48:21Z,2026-08-09T17:48:21+0200,d1ee186b-63c3-474e-8770-b1ce1a43e356,2026-07-16T04:45:00Z,2026-07-16T06:45:00+0200,43932.78,MW,FR,FR,actual_load,Actual Load,2026-08-09T15:49:09Z
2026-08-09T15:48:21Z,2026-08-09T17:48:21+0200,d1ee186b-63c3-474e-8770-b1ce1a43e356,2026-07-16T05:00:00Z,2026-07-16T07:00:00+0200,44506.39,MW,FR,FR,actual_load,Actual Load,2026-08-09T15:49:09Z
2026-08-09T15:48:21Z,2026-08-09T17:48:21+0200,d1ee186b-63c3-474e-8770-b1ce1a43e356,2026-07-16T05:15:00Z,2026-07-16T07:15:00+0200,45236.34,MW,FR,FR,actual_load,Actual Load,2026-08-09T15:49:09Z
2026-08-09T15:48:21Z,2026-08-09T17:48:21+0200,d1ee186b-63c3-474e-8770-b1ce1a43e356,2026-07-16T05:30:00Z,2026-07-16T07:30:00+0200,45789.52,MW,FR,FR,actual_load,Actual Load,2026-08-09T15:49:09Z
2026-08-09T15:48:21Z,2026-08-09T17:48:21+0200,d1ee186b-63c3-474e-8770-b1ce1a43e356,2026-07-16T05:45:00Z,2026-07-16T07:45:00+0200,46600.33,MW,FR,FR,actual_load,Actual Load,2026-08-09T15:49:09Z
2026-08-09T15:48:21Z,2026-08-09T17:48:21+0200,d1ee186b-63c3-474e-8770-b1ce1a43e356,2026-07-16T06:00:00Z,2026-07-16T08:00:00+0200,47401.91,MW,FR,FR,actual_load,Actual Load,2026-08-09T15:49:09Z
2026-08-09T15:48:21Z,2026-08-09T17:48:21+0200,d1ee186b-63c3-474e-8770-b1ce1a43e356,2026-07-16T06:15:00Z,2026-07-16T08:15:00+0200,48275.39,MW,FR,FR,actual_load,Actual Load,2026-08-09T15:49:09Z
2026-08-09T15:48:21Z,2026-08-09T17:48:21+0200,d1ee186b-63c3-474e-8770-b1ce1a43e356,2026-07-16T06:30:00Z,2026-07-16T08:30:00+0200,48884.0,MW,FR,FR,actual_load,Actual Load,2026-08-09T15:49:09Z
2026-08-09T15:48:21Z,2026-08-09T17:48:21+0200,d1ee186b-63c3-474e-8770-b1ce1a43e356,2026-07-16T06:45:00Z,2026-07-16T08:45:00+0200,49496.2,MW,FR,FR,actual_load,Actual Load,2026-08-09T15:49:09Z
2026-08-09T15:48:21Z,2026-08-09T17:48:21+0200,d1ee186b-63c3-474e-8770-b1ce1a43e356,2026-07-16T07:00:00Z,2026-07-16T09:00:00+0200,49990.03,MW,FR,FR,actual_load,Actual Load,2026-08-09T15:49:09Z
2026-08-09T15:48:21Z,2026-08-09T17:48:21+0200,d1ee186b-63c3-474e-8770-b1ce1a43e356,2026-07-16T07:15:00Z,2026-07-16T09:15:00+0200,50337.34,MW,FR,FR,actual_load,Actual Load,2026-08-09T15:49:09Z
2026-08-09T15:48:21Z,2026-08-09T17:48:21+0200,d1ee186b-63c3-474e-8770-b1ce1a43e356,2026-07-16T07:30:00Z,2026-07-16T09:30:00+0200,50789.84,MW,FR,FR,actual_load,Actual Load,2026-08-09T15:49:09Z
2026-08-09T15:48:21Z,2026-08-09T17:48:21+0200,d1ee186b-63c3-474e-8770-b1ce1a43e356,2026-07-16T07:45:00Z,2026-07-16T09:45:00+0200,51201.02,MW,FR,FR,actual_load,Actual Load,2026-08-09T15:49:09Z
2026-08-09T15:48:21Z,2026-08-09T17:48:21+0200,d1ee186b-63c3-474e-8770-b1ce1a43e356,2026-07-16T08:00:00Z,2026-07-16T10:00:00+0200,51740.43,MW,FR,FR,actual_load,Actual Load,2026-08-09T15:49:09Z
2026-08-09T15:48:21Z,2026-08-09T17:48:21+0200,d1ee186b-63c3-474e-8770-b1ce1a43e356,2026-07-16T08:15:00Z,2026-07-16T10:15:00+0200,52125.38,MW,FR,FR,actual_load,Actual Load,2026-08-09T15:49:09Z
2026-08-09T15:48:21Z,2026-08-09T17:48:21+0200,d1ee186b-63c3-474e-8770-b1ce1a43e356,2026-07-16T08:30:00Z,2026-07-16T10:30:00+0200,52480.13,MW,FR,FR,actual_load,Actual Load,2026-08-09T15:49:09Z
2026-08-09T15:48:21Z,2026-08-09T17:48:21+0200,d1ee186b-63c3-474e-8770-b1ce1a43e356,2026-07-16T08:45:00Z,2026-07-16T10:45:00+0200,53051.32,MW,FR,FR,actual_load,Actual Load,2026-08-09T15:49:09Z
2026-08-09T15:48:21Z,2026-08-09T17:48:21+0200,d1ee186b-63c3-474e-8770-b1ce1a43e356,2026-07-16T09:00:00Z,2026-07-16T11:00:00+0200,53759.19,MW,FR,FR,actual_load,Actual Load,2026-08-09T15:49:09Z
2026-08-09T15:48:21Z,2026-08-09T17:48:21+0200,d1ee186b-63c3-474e-8770-b1ce1a43e356,2026-07-16T09:15:00Z,2026-07-16T11:15:00+0200,54387.46,MW,FR,FR,actual_load,Actual Load,2026-08-09T15:49:09Z
2026-08-09T15:48:21Z,2026-08-09T17:48:21+0200,d1ee186b-63c3-474e-8770-b1ce1a43e356,2026-07-16T09:30:00Z,2026-07-16T11:30:00+0200,55149.27,MW,FR,FR,actual_load,Actual Load,2026-08-09T15:49:09Z
2026-08-09T15:48:21Z,2026-08-09T17:48:21+0200,d1ee186b-63c3-474e-8770-b1ce1a43e356,2026-07-16T09:45:00Z,2026-07-16T11:45:00+0200,55605.74,MW,FR,FR,actual_load,Actual Load,2026-08-09T15:49:09Z
2026-08-09T15:48:21Z,2026-08-09T17:48:21+0200,d1ee186b-63c3-474e-8770-b1ce1a43e356,2026-07-16T10:00:00Z,2026-07-16T12:00:00+0200,55943.57,MW,FR,FR,actual_load,Actual Load,2026-08-09T15:49:09Z
2026-08-09T15:48:21Z,2026-08-09T17:48:21+0200,d1ee186b-63c3-474e-8770-b1ce1a43e356,2026-07-16T10:15:00Z,2026-07-16T12:15:00+0200,56047.65,MW,FR,FR,actual_load,Actual Load,2026-08-09T15:49:09Z
2026-08-09T15:48:21Z,2026-08-09T17:48:21+0200,d1ee186b-63c3-474e-8770-b1ce1a43e356,2026-07-16T10:30:00Z,2026-07-16T12:30:00+0200,56536.1,MW,FR,FR,actual_load,Actual Load,2026-08-09T15:49:09Z
2026-08-09T15:48:21Z,2026-08-09T17:48:21+0200,d1ee186b-63c3-474e-8770-b1ce1a43e356,2026-07-16T10:45:00Z,2026-07-16T12:45:00+0200,56154.73,MW,FR,FR,actual_load,Actual Load,2026-08-09T15:49:09Z
2026-08-09T15:48:21Z,2026-08-09T17:48:21+0200,d1ee186b-63c3-474e-8770-b1ce1a43e356,2026-07-16T11:00:00Z,2026-07-16T13:00:00+0200,55733.71,MW,FR,FR,actual_load,Actual Load,2026-08-09T15:49:09Z
2026-08-09T15:48:21Z,2026-08-09T17:48:21+0200,d1ee186b-63c3-474e-8770-b1ce1a43e356,2026-07-16T11:15:00Z,2026-07-16T13:15:00+0200,55363.67,MW,FR,FR,actual_load,Actual Load,2026-08-09T15:49:09Z
2026-08-09T15:48:21Z,2026-08-09T17:48:21+0200,d1ee186b-63c3-474e-8770-b1ce1a43e356,2026-07-16T11:30:00Z,2026-07-16T13:30:00+0200,55291.93,MW,FR,FR,actual_load,Actual Load,2026-08-09T15:49:09Z
2026-08-09T15:48:21Z,2026-08-09T17:48:21+0200,d1ee186b-63c3-474e-8770-b1ce1a43e356,2026-07-16T11:45:00Z,2026-07-16T13:45:00+0200,55611.24,MW,FR,FR,actual_load,Actual Load,2026-08-09T15:49:09Z
2026-08-09T15:48:21Z,2026-08-09T17:48:21+0200,d1ee186b-63c3-474e-8770-b1ce1a43e356,2026-07-16T12:00:00Z,2026-07-16T14:00:00+0200,56444.21,MW,FR,FR,actual_load,Actual Load,2026-08-09T15:49:09Z
2026-08-09T15:48:21Z,2026-08-09T17:48:21+0200,d1ee186b-63c3-474e-8770-b1ce1a43e356,2026-07-16T12:15:00Z,2026-07-16T14:15:00+0200,56799.66,MW,FR,FR,actual_load,Actual Load,2026-08-09T15:49:09Z
2026-08-09T15:48:21Z,2026-08-09T17:48:21+0200,d1ee186b-63c3-474e-8770-b1ce1a43e356,2026-07-16T12:30:00Z,2026-07-16T14:30:00+0200,56634.82,MW,FR,FR,actual_load,Actual Load,2026-08-09T15:49:09Z
2026-08-09T15:48:21Z,2026-08-09T17:48:21+0200,d1ee186b-63c3-474e-8770-b1ce1a43e356,2026-07-16T12:45:00Z,2026-07-16T14:45:00+0200,55954.59,MW,FR,FR,actual_load,Actual Load,2026-08-09T15:49:09Z
2026-08-09T15:48:21Z,2026-08-09T17:48:21+0200,d1ee186b-63c3-474e-8770-b1ce1a43e356,2026-07-16T13:00:00Z,2026-07-16T15:00:00+0200,56075.24,MW,FR,FR,actual_load,Actual Load,2026-08-09T15:49:09Z
2026-08-09T15:48:21Z,2026-08-09T17:48:21+0200,d1ee186b-63c3-474e-8770-b1ce1a43e356,2026-07-16T13:15:00Z,2026-07-16T15:15:00+0200,55715.3,MW,FR,FR,actual_load,Actual Load,2026-08-09T15:49:09Z
2026-08-09T15:48:21Z,2026-08-09T17:48:21+0200,d1ee186b-63c3-474e-8770-b1ce1a43e356,2026-07-16T13:30:00Z,2026-07-16T15:30:00+0200,55379.41,MW,FR,FR,actual_load,Actual Load,2026-08-09T15:49:09Z
2026-08-09T15:48:21Z,2026-08-09T17:48:21+0200,d1ee186b-63c3-474e-8770-b1ce1a43e356,2026-07-16T13:45:00Z,2026-07-16T15:45:00+0200,54980.68,MW,FR,FR,actual_load,Actual Load,2026-08-09T15:49:09Z
2026-08-09T15:48:21Z,2026-08-09T17:48:21+0200,d1ee186b-63c3-474e-8770-b1ce1a43e356,2026-07-16T14:00:00Z,2026-07-16T16:00:00+0200,54661.28,MW,FR,FR,actual_load,Actual Load,2026-08-09T15:49:09Z
2026-08-09T15:48:21Z,2026-08-09T17:48:21+0200,d1ee186b-63c3-474e-8770-b1ce1a43e356,2026-07-16T14:15:00Z,2026-07-16T16:15:00+0200,54412.52,MW,FR,FR,actual_load,Actual Load,2026-08-09T15:49:09Z
2026-08-09T15:48:21Z,2026-08-09T17:48:21+0200,d1ee186b-63c3-474e-8770-b1ce1a43e356,2026-07-16T14:30:00Z,2026-07-16T16:30:00+0200,54145.57,MW,FR,FR,actual_load,Actual Load,2026-08-09T15:49:09Z
2026-08-09T15:48:21Z,2026-08-09T17:48:21+0200,d1ee186b-63c3-474e-8770-b1ce1a43e356,2026-07-16T14:45:00Z,2026-07-16T16:45:00+0200,54237.15,MW,FR,FR,actual_load,Actual Load,2026-08-09T15:49:09Z
2026-08-09T15:48:21Z,2026-08-09T17:48:21+0200,d1ee186b-63c3-474e-8770-b1ce1a43e356,2026-07-16T15:00:00Z,2026-07-16T17:00:00+0200,53671.41,MW,FR,FR,actual_load,Actual Load,2026-08-09T15:49:09Z
2026-08-09T15:48:21Z,2026-08-09T17:48:21+0200,d1ee186b-63c3-474e-8770-b1ce1a43e356,2026-07-16T15:15:00Z,2026-07-16T17:15:00+0200,53768.53,MW,FR,FR,actual_load,Actual Load,2026-08-09T15:49:09Z
2026-08-09T15:48:21Z,2026-08-09T17:48:21+0200,d1ee186b-63c3-474e-8770-b1ce1a43e356,2026-07-16T15:30:00Z,2026-07-16T17:30:00+0200,53981.61,MW,FR,FR,actual_load,Actual Load,2026-08-09T15:49:09Z
2026-08-09T15:48:21Z,2026-08-09T17:48:21+0200,d1ee186b-63c3-474e-8770-b1ce1a43e356,2026-07-16T15:45:00Z,2026-07-16T17:45:00+0200,54134.39,MW,FR,FR,actual_load,Actual Load,2026-08-09T15:49:09Z
2026-08-09T15:48:21Z,2026-08-09T17:48:21+0200,d1ee186b-63c3-474e-8770-b1ce1a43e356,2026-07-16T16:00:00Z,2026-07-16T18:00:00+0200,54277.04,MW,FR,FR,actual_load,Actual Load,2026-08-09T15:49:09Z
2026-08-09T15:48:21Z,2026-08-09T17:48:21+0200,d1ee186b-63c3-474e-8770-b1ce1a43e356,2026-07-16T16:15:00Z,2026-07-16T18:15:00+0200,54363.04,MW,FR,FR,actual_load,Actual Load,2026-08-09T15:49:09Z
2026-08-09T15:48:21Z,2026-08-09T17:48:21+0200,d1ee186b-63c3-474e-8770-b1ce1a43e356,2026-07-16T16:30:00Z,2026-07-16T18:30:00+0200,54463.39,MW,FR,FR,actual_load,Actual Load,2026-08-09T15:49:09Z
2026-08-09T15:48:21Z,2026-08-09T17:48:21+0200,d1ee186b-63c3-474e-8770-b1ce1a43e356,2026-07-16T16:45:00Z,2026-07-16T18:45:00+0200,54829.76,MW,FR,FR,actual_load,Actual Load,2026-08-09T15:49:09Z
2026-08-09T15:48:21Z,2026-08-09T17:48:21+0200,d1ee186b-63c3-474e-8770-b1ce1a43e356,2026-07-16T17:00:00Z,2026-07-16T19:00:00+0200,54624.59,MW,FR,FR,actual_load,Actual Load,2026-08-09T15:49:09Z
2026-08-09T15:48:21Z,2026-08-09T17:48:21+0200,d1ee186b-63c3-474e-8770-b1ce1a43e356,2026-07-16T17:15:00Z,2026-07-16T19:15:00+0200,54322.98,MW,FR,FR,actual_load,Actual Load,2026-08-09T15:49:09Z
2026-08-09T15:48:21Z,2026-08-09T17:48:21+0200,d1ee186b-63c3-474e-8770-b1ce1a43e356,2026-07-16T17:30:00Z,2026-07-16T19:30:00+0200,54163.2,MW,FR,FR,actual_load,Actual Load,2026-08-09T15:49:09Z
2026-08-09T15:48:21Z,2026-08-09T17:48:21+0200,d1ee186b-63c3-474e-8770-b1ce1a43e356,2026-07-16T17:45:00Z,2026-07-16T19:45:00+0200,53817.7,MW,FR,FR,actual_load,Actual Load,2026-08-09T15:49:09Z
2026-08-09T15:48:21Z,2026-08-09T17:48:21+0200,d1ee186b-63c3-474e-8770-b1ce1a43e356,2026-07-16T18:00:00Z,2026-07-16T20:00:00+0200,53083.3,MW,FR,FR,actual_load,Actual Load,2026-08-09T15:49:09Z
2026-08-09T15:48:21Z,2026-08-09T17:48:21+0200,d1ee186b-63c3-474e-8770-b1ce1a43e356,2026-07-16T18:15:00Z,2026-07-16T20:15:00+0200,52096.13,MW,FR,FR,actual_load,Actual Load,2026-08-09T15:49:09Z
2026-08-09T15:48:21Z,2026-08-09T17:48:21+0200,d1ee186b-63c3-474e-8770-b1ce1a43e356,2026-07-16T18:30:00Z,2026-07-16T20:30:00+0200,51285.13,MW,FR,FR,actual_load,Actual Load,2026-08-09T15:49:09Z
2026-08-09T15:48:21Z,2026-08-09T17:48:21+0200,d1ee186b-63c3-474e-8770-b1ce1a43e356,2026-07-16T18:45:00Z,2026-07-16T20:45:00+0200,50655.25,MW,FR,FR,actual_load,Actual Load,2026-08-09T15:49:09Z
2026-08-09T15:48:21Z,2026-08-09T17:48:21+0200,d1ee186b-63c3-474e-8770-b1ce1a43e356,2026-07-16T19:00:00Z,2026-07-16T21:00:00+0200,50232.38,MW,FR,FR,actual_load,Actual Load,2026-08-09T15:49:09Z
2026-08-09T15:48:21Z,2026-08-09T17:48:21+0200,d1ee186b-63c3-474e-8770-b1ce1a43e356,2026-07-16T19:15:00Z,2026-07-16T21:15:00+0200,49729.43,MW,FR,FR,actual_load,Actual Load,2026-08-09T15:49:09Z
2026-08-09T15:48:21Z,2026-08-09T17:48:21+0200,d1ee186b-63c3-474e-8770-b1ce1a43e356,2026-07-16T19:30:00Z,2026-07-16T21:30:00+0200,49485.24,MW,FR,FR,actual_load,Actual Load,2026-08-09T15:49:09Z
2026-08-09T15:48:21Z,2026-08-09T17:48:21+0200,d1ee186b-63c3-474e-8770-b1ce1a43e356,2026-07-16T19:45:00Z,2026-07-16T21:45:00+0200,49152.7,MW,FR,FR,actual_load,Actual Load,2026-08-09T15:49:09Z
2026-08-09T15:48:21Z,2026-08-09T17:48:21+0200,d1ee186b-63c3-474e-8770-b1ce1a43e356,2026-07-16T20:00:00Z,2026-07-16T22:00:00+0200,50060.37,MW,FR,FR,actual_load,Actual Load,2026-08-09T15:49:09Z
2026-08-09T15:48:21Z,2026-08-09T17:48:21+0200,d1ee186b-63c3-474e-8770-b1ce1a43e356,2026-07-16T20:15:00Z,2026-07-16T22:15:00+0200,49801.49,MW,FR,FR,actual_load,Actual Load,2026-08-09T15:49:09Z
2026-08-09T15:48:21Z,2026-08-09T17:48:21+0200,d1ee186b-63c3-474e-8770-b1ce1a43e356,2026-07-16T20:30:00Z,2026-07-16T22:30:00+0200,50783.01,MW,FR,FR,actual_load,Actual Load,2026-08-09T15:49:09Z
2026-08-09T15:48:21Z,2026-08-09T17:48:21+0200,d1ee186b-63c3-474e-8770-b1ce1a43e356,2026-07-16T20:45:00Z,2026-07-16T22:45:00+0200,50101.96,MW,FR,FR,actual_load,Actual Load,2026-08-09T15:49:09Z
2026-08-09T15:48:21Z,2026-08-09T17:48:21+0200,d1ee186b-63c3-474e-8770-b1ce1a43e356,2026-07-16T21:00:00Z,2026-07-16T23:00:00+0200,49600.59,MW,FR,FR,actual_load,Actual Load,2026-08-09T15:49:09Z
2026-08-09T15:48:21Z,2026-08-09T17:48:21+0200,d1ee186b-63c3-474e-8770-b1ce1a43e356,2026-07-16T21:15:00Z,2026-07-16T23:15:00+0200,48529.79,MW,FR,FR,actual_load,Actual Load,2026-08-09T15:49:09Z
2026-08-09T15:48:21Z,2026-08-09T17:48:21+0200,d1ee186b-63c3-474e-8770-b1ce1a43e356,2026-07-16T21:30:00Z,2026-07-16T23:30:00+0200,48517.7,MW,FR,FR,actual_load,Actual Load,2026-08-09T15:49:09Z
2026-08-09T15:48:21Z,2026-08-09T17:48:21+0200,d1ee186b-63c3-474e-8770-b1ce1a43e356,2026-07-16T21:45:00Z,2026-07-16T23:45:00+0200,47388.25,MW,FR,FR,actual_load,Actual Load,2026-08-09T15:49:09Z
2026-08-09T15:48:21Z,2026-08-09T17:48:21+0200,d1ee186b-63c3-474e-8770-b1ce1a43e356,2026-07-16T22:00:00Z,2026-07-17T00:00:00+0200,46988.88,MW,FR,FR,actual_load,Actual Load,2026-08-09T15:49:09Z
2026-08-09T15:48:21Z,2026-08-09T17:48:21+0200,d1ee186b-63c3-474e-8770-b1ce1a43e356,2026-07-16T22:15:00Z,2026-07-17T00:15:00+0200,45766.36,MW,FR,FR,actual_load,Actual Load,2026-08-09T15:49:09Z
2026-08-09T15:48:21Z,2026-08-09T17:48:21+0200,d1ee186b-63c3-474e-8770-b1ce1a43e356,2026-07-16T22:30:00Z,2026-07-17T00:30:00+0200,44763.14,MW,FR,FR,actual_load,Actual Load,2026-08-09T15:49:09Z
2026-08-09T15:48:21Z,2026-08-09T17:48:21+0200,d1ee186b-63c3-474e-8770-b1ce1a43e356,2026-07-16T22:45:00Z,2026-07-17T00:45:00+0200,43709.59,MW,FR,FR,actual_load,Actual Load,2026-08-09T15:49:09Z
2026-08-09T15:48:21Z,2026-08-09T17:48:21+0200,d1ee186b-63c3-474e-8770-b1ce1a43e356,2026-07-16T23:00:00Z,2026-07-17T01:00:00+0200,43930.7,MW,FR,FR,actual_load,Actual Load,2026-08-09T15:49:09Z
2026-08-09T15:48:21Z,2026-08-09T17:48:21+0200,d1ee186b-63c3-474e-8770-b1ce1a43e356,2026-07-16T23:15:00Z,2026-07-17T01:15:00+0200,43463.05,MW,FR,FR,actual_load,Actual Load,2026-08-09T15:49:09Z
2026-08-09T15:48:21Z,2026-08-09T17:48:21+0200,d1ee186b-63c3-474e-8770-b1ce1a43e356,2026-07-16T23:30:00Z,2026-07-17T01:30:00+0200,43430.92,MW,FR,FR,actual_load,Actual Load,2026-08-09T15:49:09Z
2026-08-09T15:48:21Z,2026-08-09T17:48:21+0200,d1ee186b-63c3-474e-8770-b1ce1a43e356,2026-07-16T23:45:00Z,2026-07-17T01:45:00+0200,42546.7,MW,FR,FR,actual_load,Actual Load,2026-08-09T15:49:09Z
2026-08-09T15:48:21Z,2026-08-09T17:48:21+0200,d1ee186b-63c3-474e-8770-b1ce1a43e356,2026-07-17T00:00:00Z,2026-07-17T02:00:00+0200,42257.3,MW,FR,FR,actual_load,Actual Load,2026-08-09T15:49:09Z
2026-08-09T15:48:21Z,2026-08-09T17:48:21+0200,d1ee186b-63c3-474e-8770-b1ce1a43e356,2026-07-17T00:15:00Z,2026-07-17T02:15:00+0200,41408.32,MW,FR,FR,actual_load,Actual Load,2026-08-09T15:49:09Z
2026-08-09T15:48:21Z,2026-08-09T17:48:21+0200,d1ee186b-63c3-474e-8770-b1ce1a43e356,2026-07-17T00:30:00Z,2026-07-17T02:30:00+0200,40947.36,MW,FR,FR,actual_load,Actual Load,2026-08-09T15:49:09Z
2026-08-09T15:48:21Z,2026-08-09T17:48:21+0200,d1ee186b-63c3-474e-8770-b1ce1a43e356,2026-07-17T00:45:00Z,2026-07-17T02:45:00+0200,40346.11,MW,FR,FR,actual_load,Actual Load,2026-08-09T15:49:09Z
2026-08-09T15:48:21Z,2026-08-09T17:48:21+0200,d1ee186b-63c3-474e-8770-b1ce1a43e356,2026-07-17T01:00:00Z,2026-07-17T03:00:00+0200,39952.25,MW,FR,FR,actual_load,Actual Load,2026-08-09T15:49:09Z
2026-08-09T15:48:21Z,2026-08-09T17:48:21+0200,d1ee186b-63c3-474e-8770-b1ce1a43e356,2026-07-17T01:15:00Z,2026-07-17T03:15:00+0200,39647.3,MW,FR,FR,actual_load,Actual Load,2026-08-09T15:49:09Z
2026-08-09T15:48:21Z,2026-08-09T17:48:21+0200,d1ee186b-63c3-474e-8770-b1ce1a43e356,2026-07-17T01:30:00Z,2026-07-17T03:30:00+0200,39399.29,MW,FR,FR,actual_load,Actual Load,2026-08-09T15:49:09Z
2026-08-09T15:48:21Z,2026-08-09T17:48:21+0200,d1ee186b-63c3-474e-8770-b1ce1a43e356,2026-07-17T01:45:00Z,2026-07-17T03:45:00+0200,39237.38,MW,FR,FR,actual_load,Actual Load,2026-08-09T15:49:09Z
2026-08-09T15:48:21Z,2026-08-09T17:48:21+0200,d1ee186b-63c3-474e-8770-b1ce1a43e356,2026-07-17T02:00:00Z,2026-07-17T04:00:00+0200,39245.41,MW,FR,FR,actual_load,Actual Load,2026-08-09T15:49:09Z
2026-08-09T15:48:21Z,2026-08-09T17:48:21+0200,d1ee186b-63c3-474e-8770-b1ce1a43e356,2026-07-17T02:15:00Z,2026-07-17T04:15:00+0200,39135.99,MW,FR,FR,actual_load,Actual Load,2026-08-09T15:49:09Z
2026-08-09T15:48:21Z,2026-08-09T17:48:21+0200,d1ee186b-63c3-474e-8770-b1ce1a43e356,2026-07-17T02:30:00Z,2026-07-17T04:30:00+0200,39121.63,MW,FR,FR,actual_load,Actual Load,2026-08-09T15:49:09Z
2026-08-09T15:48:21Z,2026-08-09T17:48:21+0200,d1ee186b-63c3-474e-8770-b1ce1a43e356,2026-07-17T02:45:00Z,2026-07-17T04:45:00+0200,39063.09,MW,FR,FR,actual_load,Actual Load,2026-08-09T15:49:09Z
2026-08-09T15:48:21Z,2026-08-09T17:48:21+0200,d1ee186b-63c3-474e-8770-b1ce1a43e356,2026-07-17T03:00:00Z,2026-07-17T05:00:00+0200,39859.7,MW,FR,FR,actual_load,Actual Load,2026-08-09T15:49:09Z
2026-08-09T15:48:21Z,2026-08-09T17:48:21+0200,d1ee186b-63c3-474e-8770-b1ce1a43e356,2026-07-17T03:15:00Z,2026-07-17T05:15:00+0200,40381.32,MW,FR,FR,actual_load,Actual Load,2026-08-09T15:49:09Z
2026-08-09T15:48:21Z,2026-08-09T17:48:21+0200,d1ee186b-63c3-474e-8770-b1ce1a43e356,2026-07-17T03:30:00Z,2026-07-17T05:30:00+0200,40748.94,MW,FR,FR,actual_load,Actual Load,2026-08-09T15:49:09Z
2026-08-09T15:48:21Z,2026-08-09T17:48:21+0200,d1ee186b-63c3-474e-8770-b1ce1a43e356,2026-07-17T03:45:00Z,2026-07-17T05:45:00+0200,40910.41,MW,FR,FR,actual_load,Actual Load,2026-08-09T15:49:09Z
2026-08-09T15:48:21Z,2026-08-09T17:48:21+0200,d1ee186b-63c3-474e-8770-b1ce1a43e356,2026-07-17T04:00:00Z,2026-07-17T06:00:00+0200,41464.5,MW,FR,FR,actual_load,Actual Load,2026-08-09T15:49:09Z
2026-08-09T15:48:21Z,2026-08-09T17:48:21+0200,d1ee186b-63c3-474e-8770-b1ce1a43e356,2026-07-17T04:15:00Z,2026-07-17T06:15:00+0200,41944.66,MW,FR,FR,actual_load,Actual Load,2026-08-09T15:49:09Z
2026-08-09T15:48:21Z,2026-08-09T17:48:21+0200,d1ee186b-63c3-474e-8770-b1ce1a43e356,2026-07-17T04:30:00Z,2026-07-17T06:30:00+0200,42429.27,MW,FR,FR,actual_load,Actual Load,2026-08-09T15:49:09Z
2026-08-09T15:48:21Z,2026-08-09T17:48:21+0200,d1ee186b-63c3-474e-8770-b1ce1a43e356,2026-07-17T04:45:00Z,2026-07-17T06:45:00+0200,43038.86,MW,FR,FR,actual_load,Actual Load,2026-08-09T15:49:09Z
2026-08-09T15:48:21Z,2026-08-09T17:48:21+0200,d1ee186b-63c3-474e-8770-b1ce1a43e356,2026-07-17T05:00:00Z,2026-07-17T07:00:00+0200,43578.05,MW,FR,FR,actual_load,Actual Load,2026-08-09T15:49:09Z
2026-08-09T15:48:21Z,2026-08-09T17:48:21+0200,d1ee186b-63c3-474e-8770-b1ce1a43e356,2026-07-17T05:15:00Z,2026-07-17T07:15:00+0200,44292.23,MW,FR,FR,actual_load,Actual Load,2026-08-09T15:49:09Z
2026-08-09T15:48:21Z,2026-08-09T17:48:21+0200,d1ee186b-63c3-474e-8770-b1ce1a43e356,2026-07-17T05:30:00Z,2026-07-17T07:30:00+0200,44848.04,MW,FR,FR,actual_load,Actual Load,2026-08-09T15:49:09Z
2026-08-09T15:48:21Z,2026-08-09T17:48:21+0200,d1ee186b-63c3-474e-8770-b1ce1a43e356,2026-07-17T05:45:00Z,2026-07-17T07:45:00+0200,45517.09,MW,FR,FR,actual_load,Actual Load,2026-08-09T15:49:09Z
2026-08-09T15:48:21Z,2026-08-09T17:48:21+0200,d1ee186b-63c3-474e-8770-b1ce1a43e356,2026-07-17T06:00:00Z,2026-07-17T08:00:00+0200,46262.81,MW,FR,FR,actual_load,Actual Load,2026-08-09T15:49:09Z
2026-08-09T15:48:21Z,2026-08-09T17:48:21+0200,d1ee186b-63c3-474e-8770-b1ce1a43e356,2026-07-17T06:15:00Z,2026-07-17T08:15:00+0200,47060.91,MW,FR,FR,actual_load,Actual Load,2026-08-09T15:49:09Z
2026-08-09T15:48:21Z,2026-08-09T17:48:21+0200,d1ee186b-63c3-474e-8770-b1ce1a43e356,2026-07-17T06:30:00Z,2026-07-17T08:30:00+0200,47625.91,MW,FR,FR,actual_load,Actual Load,2026-08-09T15:49:09Z
2026-08-09T15:48:21Z,2026-08-09T17:48:21+0200,d1ee186b-63c3-474e-8770-b1ce1a43e356,2026-07-17T06:45:00Z,2026-07-17T08:45:00+0200,48190.17,MW,FR,FR,actual_load,Actual Load,2026-08-09T15:49:09Z
2026-08-09T15:48:21Z,2026-08-09T17:48:21+0200,d1ee186b-63c3-474e-8770-b1ce1a43e356,2026-07-17T07:00:00Z,2026-07-17T09:00:00+0200,48802.07,MW,FR,FR,actual_load,Actual Load,2026-08-09T15:49:09Z
2026-08-09T15:48:21Z,2026-08-09T17:48:21+0200,d1ee186b-63c3-474e-8770-b1ce1a43e356,2026-07-17T07:15:00Z,2026-07-17T09:15:00+0200,49195.39,MW,FR,FR,actual_load,Actual Load,2026-08-09T15:49:09Z
2026-08-09T15:48:21Z,2026-08-09T17:48:21+0200,d1ee186b-63c3-474e-8770-b1ce1a43e356,2026-07-17T07:30:00Z,2026-07-17T09:30:00+0200,49711.23,MW,FR,FR,actual_load,Actual Load,2026-08-09T15:49:09Z
2026-08-09T15:48:21Z,2026-08-09T17:48:21+0200,d1ee186b-63c3-474e-8770-b1ce1a43e356,2026-07-17T07:45:00Z,2026-07-17T09:45:00+0200,49947.52,MW,FR,FR,actual_load,Actual Load,2026-08-09T15:49:09Z
2026-08-09T15:48:21Z,2026-08-09T17:48:21+0200,d1ee186b-63c3-474e-8770-b1ce1a43e356,2026-07-17T08:00:00Z,2026-07-17T10:00:00+0200,50411.55,MW,FR,FR,actual_load,Actual Load,2026-08-09T15:49:09Z
2026-08-09T15:48:21Z,2026-08-09T17:48:21+0200,d1ee186b-63c3-474e-8770-b1ce1a43e356,2026-07-17T08:15:00Z,2026-07-17T10:15:00+0200,50969.46,MW,FR,FR,actual_load,Actual Load,2026-08-09T15:49:09Z
2026-08-09T15:48:21Z,2026-08-09T17:48:21+0200,d1ee186b-63c3-474e-8770-b1ce1a43e356,2026-07-17T08:30:00Z,2026-07-17T10:30:00+0200,51134.25,MW,FR,FR,actual_load,Actual Load,2026-08-09T15:49:09Z
2026-08-09T15:48:21Z,2026-08-09T17:48:21+0200,d1ee186b-63c3-474e-8770-b1ce1a43e356,2026-07-17T08:45:00Z,2026-07-17T10:45:00+0200,51353.71,MW,FR,FR,actual_load,Actual Load,2026-08-09T15:49:09Z
2026-08-09T15:48:21Z,2026-08-09T17:48:21+0200,d1ee186b-63c3-474e-8770-b1ce1a43e356,2026-07-17T09:00:00Z,2026-07-17T11:00:00+0200,51636.53,MW,FR,FR,actual_load,Actual Load,2026-08-09T15:49:09Z
2026-08-09T15:48:21Z,2026-08-09T17:48:21+0200,d1ee186b-63c3-474e-8770-b1ce1a43e356,2026-07-17T09:15:00Z,2026-07-17T11:15:00+0200,51864.3,MW,FR,FR,actual_load,Actual Load,2026-08-09T15:49:09Z
2026-08-09T15:48:21Z,2026-08-09T17:48:21+0200,d1ee186b-63c3-474e-8770-b1ce1a43e356,2026-07-17T09:30:00Z,2026-07-17T11:30:00+0200,51886.57,MW,FR,FR,actual_load,Actual Load,2026-08-09T15:49:09Z
2026-08-09T15:48:21Z,2026-08-09T17:48:21+0200,d1ee186b-63c3-474e-8770-b1ce1a43e356,2026-07-17T09:45:00Z,2026-07-17T11:45:00+0200,52288.29,MW,FR,FR,actual_load,Actual Load,2026-08-09T15:49:09Z
2026-08-09T15:48:21Z,2026-08-09T17:48:21+0200,d1ee186b-63c3-474e-8770-b1ce1a43e356,2026-07-17T10:00:00Z,2026-07-17T12:00:00+0200,52658.88,MW,FR,FR,actual_load,Actual Load,2026-08-09T15:49:09Z
2026-08-09T15:48:21Z,2026-08-09T17:48:21+0200,d1ee186b-63c3-474e-8770-b1ce1a43e356,2026-07-17T10:15:00Z,2026-07-17T12:15:00+0200,52946.54,MW,FR,FR,actual_load,Actual Load,2026-08-09T15:49:09Z
2026-08-09T15:48:21Z,2026-08-09T17:48:21+0200,d1ee186b-63c3-474e-8770-b1ce1a43e356,2026-07-17T10:30:00Z,2026-07-17T12:30:00+0200,53653.05,MW,FR,FR,actual_load,Actual Load,2026-08-09T15:49:09Z
2026-08-09T15:48:21Z,2026-08-09T17:48:21+0200,d1ee186b-63c3-474e-8770-b1ce1a43e356,2026-07-17T10:45:00Z,2026-07-17T12:45:00+0200,53416.58,MW,FR,FR,actual_load,Actual Load,2026-08-09T15:49:09Z
2026-08-09T15:48:21Z,2026-08-09T17:48:21+0200,d1ee186b-63c3-474e-8770-b1ce1a43e356,2026-07-17T11:00:00Z,2026-07-17T13:00:00+0200,53383.29,MW,FR,FR,actual_load,Actual Load,2026-08-09T15:49:09Z
2026-08-09T15:48:21Z,2026-08-09T17:48:21+0200,d1ee186b-63c3-474e-8770-b1ce1a43e356,2026-07-17T11:15:00Z,2026-07-17T13:15:00+0200,53118.33,MW,FR,FR,actual_load,Actual Load,2026-08-09T15:49:09Z
2026-08-09T15:48:21Z,2026-08-09T17:48:21+0200,d1ee186b-63c3-474e-8770-b1ce1a43e356,2026-07-17T11:30:00Z,2026-07-17T13:30:00+0200,53043.73,MW,FR,FR,actual_load,Actual Load,2026-08-09T15:49:09Z
2026-08-09T15:48:21Z,2026-08-09T17:48:21+0200,d1ee186b-63c3-474e-8770-b1ce1a43e356,2026-07-17T11:45:00Z,2026-07-17T13:45:00+0200,53159.0,MW,FR,FR,actual_load,Actual Load,2026-08-09T15:49:09Z
2026-08-09T15:48:21Z,2026-08-09T17:48:21+0200,d1ee186b-63c3-474e-8770-b1ce1a43e356,2026-07-17T12:00:00Z,2026-07-17T14:00:00+0200,54339.04,MW,FR,FR,actual_load,Actual Load,2026-08-09T15:49:09Z
2026-08-09T15:48:21Z,2026-08-09T17:48:21+0200,d1ee186b-63c3-474e-8770-b1ce1a43e356,2026-07-17T12:15:00Z,2026-07-17T14:15:00+0200,54111.18,MW,FR,FR,actual_load,Actual Load,2026-08-09T15:49:09Z
2026-08-09T15:48:21Z,2026-08-09T17:48:21+0200,d1ee186b-63c3-474e-8770-b1ce1a43e356,2026-07-17T12:30:00Z,2026-07-17T14:30:00+0200,54009.78,MW,FR,FR,actual_load,Actual Load,2026-08-09T15:49:09Z
2026-08-09T15:48:21Z,2026-08-09T17:48:21+0200,d1ee186b-63c3-474e-8770-b1ce1a43e356,2026-07-17T12:45:00Z,2026-07-17T14:45:00+0200,53567.76,MW,FR,FR,actual_load,Actual Load,2026-08-09T15:49:09Z
2026-08-09T15:48:21Z,2026-08-09T17:48:21+0200,d1ee186b-63c3-474e-8770-b1ce1a43e356,2026-07-17T13:00:00Z,2026-07-17T15:00:00+0200,53664.55,MW,FR,FR,actual_load,Actual Load,2026-08-09T15:49:09Z
2026-08-09T15:48:21Z,2026-08-09T17:48:21+0200,d1ee186b-63c3-474e-8770-b1ce1a43e356,2026-07-17T13:15:00Z,2026-07-17T15:15:00+0200,53212.85,MW,FR,FR,actual_load,Actual Load,2026-08-09T15:49:09Z
2026-08-09T15:48:21Z,2026-08-09T17:48:21+0200,d1ee186b-63c3-474e-8770-b1ce1a43e356,2026-07-17T13:30:00Z,2026-07-17T15:30:00+0200,52480.23,MW,FR,FR,actual_load,Actual Load,2026-08-09T15:49:09Z
2026-08-09T15:48:21Z,2026-08-09T17:48:21+0200,d1ee186b-63c3-474e-8770-b1ce1a43e356,2026-07-17T13:45:00Z,2026-07-17T15:45:00+0200,52135.46,MW,FR,FR,actual_load,Actual Load,2026-08-09T15:49:09Z
2026-08-09T15:48:21Z,2026-08-09T17:48:21+0200,d1ee186b-63c3-474e-8770-b1ce1a43e356,2026-07-17T14:00:00Z,2026-07-17T16:00:00+0200,51708.29,MW,FR,FR,actual_load,Actual Load,2026-08-09T15:49:09Z
2026-08-09T15:48:21Z,2026-08-09T17:48:21+0200,d1ee186b-63c3-474e-8770-b1ce1a43e356,2026-07-17T14:15:00Z,2026-07-17T16:15:00+0200,51034.61,MW,FR,FR,actual_load,Actual Load,2026-08-09T15:49:09Z
2026-08-09T15:48:21Z,2026-08-09T17:48:21+0200,d1ee186b-63c3-474e-8770-b1ce1a43e356,2026-07-17T14:30:00Z,2026-07-17T16:30:00+0200,50966.65,MW,FR,FR,actual_load,Actual Load,2026-08-09T15:49:09Z
2026-08-09T15:48:21Z,2026-08-09T17:48:21+0200,d1ee186b-63c3-474e-8770-b1ce1a43e356,2026-07-17T14:45:00Z,2026-07-17T16:45:00+0200,50755.48,MW,FR,FR,actual_load,Actual Load,2026-08-09T15:49:09Z
2026-08-09T15:48:21Z,2026-08-09T17:48:21+0200,d1ee186b-63c3-474e-8770-b1ce1a43e356,2026-07-17T15:00:00Z,2026-07-17T17:00:00+0200,50404.15,MW,FR,FR,actual_load,Actual Load,2026-08-09T15:49:09Z
2026-08-09T15:48:21Z,2026-08-09T17:48:21+0200,d1ee186b-63c3-474e-8770-b1ce1a43e356,2026-07-17T15:15:00Z,2026-07-17T17:15:00+0200,50563.26,MW,FR,FR,actual_load,Actual Load,2026-08-09T15:49:09Z
2026-08-09T15:48:21Z,2026-08-09T17:48:21+0200,d1ee186b-63c3-474e-8770-b1ce1a43e356,2026-07-17T15:30:00Z,2026-07-17T17:30:00+0200,51051.33,MW,FR,FR,actual_load,Actual Load,2026-08-09T15:49:09Z
2026-08-09T15:48:21Z,2026-08-09T17:48:21+0200,d1ee186b-63c3-474e-8770-b1ce1a43e356,2026-07-17T15:45:00Z,2026-07-17T17:45:00+0200,51267.61,MW,FR,FR,actual_load,Actual Load,2026-08-09T15:49:09Z
2026-08-09T15:48:21Z,2026-08-09T17:48:21+0200,d1ee186b-63c3-474e-8770-b1ce1a43e356,2026-07-17T16:00:00Z,2026-07-17T18:00:00+0200,51618.08,MW,FR,FR,actual_load,Actual Load,2026-08-09T15:49:09Z
2026-08-09T15:48:21Z,2026-08-09T17:48:21+0200,d1ee186b-63c3-474e-8770-b1ce1a43e356,2026-07-17T16:15:00Z,2026-07-17T18:15:00+0200,51668.95,MW,FR,FR,actual_load,Actual Load,2026-08-09T15:49:09Z
2026-08-09T15:48:21Z,2026-08-09T17:48:21+0200,d1ee186b-63c3-474e-8770-b1ce1a43e356,2026-07-17T16:30:00Z,2026-07-17T18:30:00+0200,51957.07,MW,FR,FR,actual_load,Actual Load,2026-08-09T15:49:09Z
2026-08-09T15:48:21Z,2026-08-09T17:48:21+0200,d1ee186b-63c3-474e-8770-b1ce1a43e356,2026-07-17T16:45:00Z,2026-07-17T18:45:00+0200,52296.16,MW,FR,FR,actual_load,Actual Load,2026-08-09T15:49:09Z
2026-08-09T15:48:21Z,2026-08-09T17:48:21+0200,d1ee186b-63c3-474e-8770-b1ce1a43e356,2026-07-17T17:00:00Z,2026-07-17T19:00:00+0200,52107.75,MW,FR,FR,actual_load,Actual Load,2026-08-09T15:49:09Z
2026-08-09T15:48:21Z,2026-08-09T17:48:21+0200,d1ee186b-63c3-474e-8770-b1ce1a43e356,2026-07-17T17:15:00Z,2026-07-17T19:15:00+0200,51996.35,MW,FR,FR,actual_load,Actual Load,2026-08-09T15:49:09Z
2026-08-09T15:48:21Z,2026-08-09T17:48:21+0200,d1ee186b-63c3-474e-8770-b1ce1a43e356,2026-07-17T17:30:00Z,2026-07-17T19:30:00+0200,51629.02,MW,FR,FR,actual_load,Actual Load,2026-08-09T15:49:09Z
2026-08-09T15:48:21Z,2026-08-09T17:48:21+0200,d1ee186b-63c3-474e-8770-b1ce1a43e356,2026-07-17T17:45:00Z,2026-07-17T19:45:00+0200,51322.17,MW,FR,FR,actual_load,Actual Load,2026-08-09T15:49:09Z
2026-08-09T15:48:21Z,2026-08-09T17:48:21+0200,d1ee186b-63c3-474e-8770-b1ce1a43e356,2026-07-17T18:00:00Z,2026-07-17T20:00:00+0200,50557.96,MW,FR,FR,actual_load,Actual Load,2026-08-09T15:49:09Z
2026-08-09T15:48:21Z,2026-08-09T17:48:21+0200,d1ee186b-63c3-474e-8770-b1ce1a43e356,2026-07-17T18:15:00Z,2026-07-17T20:15:00+0200,49607.79,MW,FR,FR,actual_load,Actual Load,2026-08-09T15:49:09Z
2026-08-09T15:48:21Z,2026-08-09T17:48:21+0200,d1ee186b-63c3-474e-8770-b1ce1a43e356,2026-07-17T18:30:00Z,2026-07-17T20:30:00+0200,49056.03,MW,FR,FR,actual_load,Actual Load,2026-08-09T15:49:09Z
2026-08-09T15:48:21Z,2026-08-09T17:48:21+0200,d1ee186b-63c3-474e-8770-b1ce1a43e356,2026-07-17T18:45:00Z,2026-07-17T20:45:00+0200,48548.66,MW,FR,FR,actual_load,Actual Load,2026-08-09T15:49:09Z
2026-08-09T15:48:21Z,2026-08-09T17:48:21+0200,d1ee186b-63c3-474e-8770-b1ce1a43e356,2026-07-17T19:00:00Z,2026-07-17T21:00:00+0200,48291.99,MW,FR,FR,actual_load,Actual Load,2026-08-09T15:49:09Z
2026-08-09T15:48:21Z,2026-08-09T17:48:21+0200,d1ee186b-63c3-474e-8770-b1ce1a43e356,2026-07-17T19:15:00Z,2026-07-17T21:15:00+0200,47956.04,MW,FR,FR,actual_load,Actual Load,2026-08-09T15:49:09Z
2026-08-09T15:48:21Z,2026-08-09T17:48:21+0200,d1ee186b-63c3-474e-8770-b1ce1a43e356,2026-07-17T19:30:00Z,2026-07-17T21:30:00+0200,47715.7,MW,FR,FR,actual_load,Actual Load,2026-08-09T15:49:09Z
2026-08-09T15:48:21Z,2026-08-09T17:48:21+0200,d1ee186b-63c3-474e-8770-b1ce1a43e356,2026-07-17T19:45:00Z,2026-07-17T21:45:00+0200,47479.96,MW,FR,FR,actual_load,Actual Load,2026-08-09T15:49:09Z
2026-08-09T15:48:21Z,2026-08-09T17:48:21+0200,d1ee186b-63c3-474e-8770-b1ce1a43e356,2026-07-17T20:00:00Z,2026-07-17T22:00:00+0200,48505.11,MW,FR,FR,actual_load,Actual Load,2026-08-09T15:49:09Z
2026-08-09T15:48:21Z,2026-08-09T17:48:21+0200,d1ee186b-63c3-474e-8770-b1ce1a43e356,2026-07-17T20:15:00Z,2026-07-17T22:15:00+0200,48383.29,MW,FR,FR,actual_load,Actual Load,2026-08-09T15:49:09Z
2026-08-09T15:48:21Z,2026-08-09T17:48:21+0200,d1ee186b-63c3-474e-8770-b1ce1a43e356,2026-07-17T20:30:00Z,2026-07-17T22:30:00+0200,49618.99,MW,FR,FR,actual_load,Actual Load,2026-08-09T15:49:09Z
2026-08-09T15:48:21Z,2026-08-09T17:48:21+0200,d1ee186b-63c3-474e-8770-b1ce1a43e356,2026-07-17T20:45:00Z,2026-07-17T22:45:00+0200,48827.52,MW,FR,FR,actual_load,Actual Load,2026-08-09T15:49:09Z
2026-08-09T15:48:21Z,2026-08-09T17:48:21+0200,d1ee186b-63c3-474e-8770-b1ce1a43e356,2026-07-17T21:00:00Z,2026-07-17T23:00:00+0200,48514.61,MW,FR,FR,actual_load,Actual Load,2026-08-09T15:49:09Z
2026-08-09T15:48:21Z,2026-08-09T17:48:21+0200,d1ee186b-63c3-474e-8770-b1ce1a43e356,2026-07-17T21:15:00Z,2026-07-17T23:15:00+0200,47537.72,MW,FR,FR,actual_load,Actual Load,2026-08-09T15:49:09Z
2026-08-09T15:48:21Z,2026-08-09T17:48:21+0200,d1ee186b-63c3-474e-8770-b1ce1a43e356,2026-07-17T21:30:00Z,2026-07-17T23:30:00+0200,47614.27,MW,FR,FR,actual_load,Actual Load,2026-08-09T15:49:09Z
2026-08-09T15:48:21Z,2026-08-09T17:48:21+0200,d1ee186b-63c3-474e-8770-b1ce1a43e356,2026-07-17T21:45:00Z,2026-07-17T23:45:00+0200,46414.82,MW,FR,FR,actual_load,Actual Load,2026-08-09T15:49:09Z
2026-08-09T15:48:21Z,2026-08-09T17:48:21+0200,d1ee186b-63c3-474e-8770-b1ce1a43e356,2026-07-17T22:00:00Z,2026-07-18T00:00:00+0200,46322.1,MW,FR,FR,actual_load,Actual Load,2026-08-09T15:49:09Z
2026-08-09T15:48:21Z,2026-08-09T17:48:21+0200,d1ee186b-63c3-474e-8770-b1ce1a43e356,2026-07-17T22:15:00Z,2026-07-18T00:15:00+0200,45047.74,MW,FR,FR,actual_load,Actual Load,2026-08-09T15:49:09Z
2026-08-09T15:48:21Z,2026-08-09T17:48:21+0200,d1ee186b-63c3-474e-8770-b1ce1a43e356,2026-07-17T22:30:00Z,2026-07-18T00:30:00+0200,43749.7,MW,FR,FR,actual_load,Actual Load,2026-08-09T15:49:09Z
2026-08-09T15:48:21Z,2026-08-09T17:48:21+0200,d1ee186b-63c3-474e-8770-b1ce1a43e356,2026-07-17T22:45:00Z,2026-07-18T00:45:00+0200,42713.36,MW,FR,FR,actual_load,Actual Load,2026-08-09T15:49:09Z
2026-08-09T15:48:21Z,2026-08-09T17:48:21+0200,d1ee186b-63c3-474e-8770-b1ce1a43e356,2026-07-17T23:00:00Z,2026-07-18T01:00:00+0200,42945.44,MW,FR,FR,actual_load,Actual Load,2026-08-09T15:49:09Z
2026-08-09T15:48:21Z,2026-08-09T17:48:21+0200,d1ee186b-63c3-474e-8770-b1ce1a43e356,2026-07-17T23:15:00Z,2026-07-18T01:15:00+0200,42296.0,MW,FR,FR,actual_load,Actual Load,2026-08-09T15:49:09Z
2026-08-09T15:48:21Z,2026-08-09T17:48:21+0200,d1ee186b-63c3-474e-8770-b1ce1a43e356,2026-07-17T23:30:00Z,2026-07-18T01:30:00+0200,42110.73,MW,FR,FR,actual_load,Actual Load,2026-08-09T15:49:09Z
2026-08-09T15:48:21Z,2026-08-09T17:48:21+0200,d1ee186b-63c3-474e-8770-b1ce1a43e356,2026-07-17T23:45:00Z,2026-07-18T01:45:00+0200,41267.68,MW,FR,FR,actual_load,Actual Load,2026-08-09T15:49:09Z
2026-08-09T15:48:21Z,2026-08-09T17:48:21+0200,d1ee186b-63c3-474e-8770-b1ce1a43e356,2026-07-18T00:00:00Z,2026-07-18T02:00:00+0200,40901.45,MW,FR,FR,actual_load,Actual Load,2026-08-09T15:49:09Z
2026-08-09T15:48:21Z,2026-08-09T17:48:21+0200,d1ee186b-63c3-474e-8770-b1ce1a43e356,2026-07-18T00:15:00Z,2026-07-18T02:15:00+0200,40025.85,MW,FR,FR,actual_load,Actual Load,2026-08-09T15:49:09Z
2026-08-09T15:48:21Z,2026-08-09T17:48:21+0200,d1ee186b-63c3-474e-8770-b1ce1a43e356,2026-07-18T00:30:00Z,2026-07-18T02:30:00+0200,39256.32,MW,FR,FR,actual_load,Actual Load,2026-08-09T15:49:09Z
2026-08-09T15:48:21Z,2026-08-09T17:48:21+0200,d1ee186b-63c3-474e-8770-b1ce1a43e356,2026-07-18T00:45:00Z,2026-07-18T02:45:00+0200,38544.88,MW,FR,FR,actual_load,Actual Load,2026-08-09T15:49:09Z
2026-08-09T15:48:21Z,2026-08-09T17:48:21+0200,d1ee186b-63c3-474e-8770-b1ce1a43e356,2026-07-18T01:00:00Z,2026-07-18T03:00:00+0200,38094.15,MW,FR,FR,actual_load,Actual Load,2026-08-09T15:49:09Z
2026-08-09T15:48:21Z,2026-08-09T17:48:21+0200,d1ee186b-63c3-474e-8770-b1ce1a43e356,2026-07-18T01:15:00Z,2026-07-18T03:15:00+0200,37723.91,MW,FR,FR,actual_load,Actual Load,2026-08-09T15:49:09Z
2026-08-09T15:48:21Z,2026-08-09T17:48:21+0200,d1ee186b-63c3-474e-8770-b1ce1a43e356,2026-07-18T01:30:00Z,2026-07-18T03:30:00+0200,37326.35,MW,FR,FR,actual_load,Actual Load,2026-08-09T15:49:09Z
2026-08-09T15:48:21Z,2026-08-09T17:48:21+0200,d1ee186b-63c3-474e-8770-b1ce1a43e356,2026-07-18T01:45:00Z,2026-07-18T03:45:00+0200,37056.04,MW,FR,FR,actual_load,Actual Load,2026-08-09T15:49:09Z
2026-08-09T15:48:21Z,2026-08-09T17:48:21+0200,d1ee186b-63c3-474e-8770-b1ce1a43e356,2026-07-18T02:00:00Z,2026-07-18T04:00:00+0200,36878.5,MW,FR,FR,actual_load,Actual Load,2026-08-09T15:49:09Z
2026-08-09T15:48:21Z,2026-08-09T17:48:21+0200,d1ee186b-63c3-474e-8770-b1ce1a43e356,2026-07-18T02:15:00Z,2026-07-18T04:15:00+0200,36640.04,MW,FR,FR,actual_load,Actual Load,2026-08-09T15:49:09Z
2026-08-09T15:48:21Z,2026-08-09T17:48:21+0200,d1ee186b-63c3-474e-8770-b1ce1a43e356,2026-07-18T02:30:00Z,2026-07-18T04:30:00+0200,36525.28,MW,FR,FR,actual_load,Actual Load,2026-08-09T15:49:09Z
2026-08-09T15:48:21Z,2026-08-09T17:48:21+0200,d1ee186b-63c3-474e-8770-b1ce1a43e356,2026-07-18T02:45:00Z,2026-07-18T04:45:00+0200,36338.56,MW,FR,FR,actual_load,Actual Load,2026-08-09T15:49:09Z
2026-08-09T15:48:21Z,2026-08-09T17:48:21+0200,d1ee186b-63c3-474e-8770-b1ce1a43e356,2026-07-18T03:00:00Z,2026-07-18T05:00:00+0200,36466.52,MW,FR,FR,actual_load,Actual Load,2026-08-09T15:49:09Z
2026-08-09T15:48:21Z,2026-08-09T17:48:21+0200,d1ee186b-63c3-474e-8770-b1ce1a43e356,2026-07-18T03:15:00Z,2026-07-18T05:15:00+0200,36373.35,MW,FR,FR,actual_load,Actual Load,2026-08-09T15:49:09Z
2026-08-09T15:48:21Z,2026-08-09T17:48:21+0200,d1ee186b-63c3-474e-8770-b1ce1a43e356,2026-07-18T03:30:00Z,2026-07-18T05:30:00+0200,36393.55,MW,FR,FR,actual_load,Actual Load,2026-08-09T15:49:09Z
2026-08-09T15:48:21Z,2026-08-09T17:48:21+0200,d1ee186b-63c3-474e-8770-b1ce1a43e356,2026-07-18T03:45:00Z,2026-07-18T05:45:00+0200,36319.52,MW,FR,FR,actual_load,Actual Load,2026-08-09T15:49:09Z
2026-08-09T15:48:21Z,2026-08-09T17:48:21+0200,d1ee186b-63c3-474e-8770-b1ce1a43e356,2026-07-18T04:00:00Z,2026-07-18T06:00:00+0200,36441.95,MW,FR,FR,actual_load,Actual Load,2026-08-09T15:49:09Z
2026-08-09T15:48:21Z,2026-08-09T17:48:21+0200,d1ee186b-63c3-474e-8770-b1ce1a43e356,2026-07-18T04:15:00Z,2026-07-18T06:15:00+0200,36474.4,MW,FR,FR,actual_load,Actual Load,2026-08-09T15:49:09Z
2026-08-09T15:48:21Z,2026-08-09T17:48:21+0200,d1ee186b-63c3-474e-8770-b1ce1a43e356,2026-07-18T04:30:00Z,2026-07-18T06:30:00+0200,36437.85,MW,FR,FR,actual_load,Actual Load,2026-08-09T15:49:09Z
2026-08-09T15:48:21Z,2026-08-09T17:48:21+0200,d1ee186b-63c3-474e-8770-b1ce1a43e356,2026-07-18T04:45:00Z,2026-07-18T06:45:00+0200,36478.68,MW,FR,FR,actual_load,Actual Load,2026-08-09T15:49:09Z
2026-08-09T15:48:21Z,2026-08-09T17:48:21+0200,d1ee186b-63c3-474e-8770-b1ce1a43e356,2026-07-18T05:00:00Z,2026-07-18T07:00:00+0200,36502.14,MW,FR,FR,actual_load,Actual Load,2026-08-09T15:49:09Z
2026-08-09T15:48:21Z,2026-08-09T17:48:21+0200,d1ee186b-63c3-474e-8770-b1ce1a43e356,2026-07-18T05:15:00Z,2026-07-18T07:15:00+0200,36666.19,MW,FR,FR,actual_load,Actual Load,2026-08-09T15:49:09Z
2026-08-09T15:48:21Z,2026-08-09T17:48:21+0200,d1ee186b-63c3-474e-8770-b1ce1a43e356,2026-07-18T05:30:00Z,2026-07-18T07:30:00+0200,37023.29,MW,FR,FR,actual_load,Actual Load,2026-08-09T15:49:09Z
2026-08-09T15:48:21Z,2026-08-09T17:48:21+0200,d1ee186b-63c3-474e-8770-b1ce1a43e356,2026-07-18T05:45:00Z,2026-07-18T07:45:00+0200,37571.25,MW,FR,FR,actual_load,Actual Load,2026-08-09T15:49:09Z
2026-08-09T15:48:21Z,2026-08-09T17:48:21+0200,d1ee186b-63c3-474e-8770-b1ce1a43e356,2026-07-18T06:00:00Z,2026-07-18T08:00:00+0200,37975.0,MW,FR,FR,actual_load,Actual Load,2026-08-09T15:49:09Z
2026-08-09T15:48:21Z,2026-08-09T17:48:21+0200,d1ee186b-63c3-474e-8770-b1ce1a43e356,2026-07-18T06:15:00Z,2026-07-18T08:15:00+0200,38294.25,MW,FR,FR,actual_load,Actual Load,2026-08-09T15:49:09Z
2026-08-09T15:48:21Z,2026-08-09T17:48:21+0200,d1ee186b-63c3-474e-8770-b1ce1a43e356,2026-07-18T06:30:00Z,2026-07-18T08:30:00+0200,39237.45,MW,FR,FR,actual_load,Actual Load,2026-08-09T15:49:09Z
2026-08-09T15:48:21Z,2026-08-09T17:48:21+0200,d1ee186b-63c3-474e-8770-b1ce1a43e356,2026-07-18T06:45:00Z,2026-07-18T08:45:00+0200,39485.59,MW,FR,FR,actual_load,Actual Load,2026-08-09T15:49:09Z
2026-08-09T15:48:21Z,2026-08-09T17:48:21+0200,d1ee186b-63c3-474e-8770-b1ce1a43e356,2026-07-18T07:00:00Z,2026-07-18T09:00:00+0200,40244.32,MW,FR,FR,actual_load,Actual Load,2026-08-09T15:49:09Z
2026-08-09T15:48:21Z,2026-08-09T17:48:21+0200,d1ee186b-63c3-474e-8770-b1ce1a43e356,2026-07-18T07:15:00Z,2026-07-18T09:15:00+0200,41119.25,MW,FR,FR,actual_load,Actual Load,2026-08-09T15:49:09Z
2026-08-09T15:48:21Z,2026-08-09T17:48:21+0200,d1ee186b-63c3-474e-8770-b1ce1a43e356,2026-07-18T07:30:00Z,2026-07-18T09:30:00+0200,41503.56,MW,FR,FR,actual_load,Actual Load,2026-08-09T15:49:09Z
2026-08-09T15:48:21Z,2026-08-09T17:48:21+0200,d1ee186b-63c3-474e-8770-b1ce1a43e356,2026-07-18T07:45:00Z,2026-07-18T09:45:00+0200,41798.14,MW,FR,FR,actual_load,Actual Load,2026-08-09T15:49:09Z
2026-08-09T15:48:21Z,2026-08-09T17:48:21+0200,d1ee186b-63c3-474e-8770-b1ce1a43e356,2026-07-18T08:00:00Z,2026-07-18T10:00:00+0200,42449.54,MW,FR,FR,actual_load,Actual Load,2026-08-09T15:49:09Z
2026-08-09T15:48:21Z,2026-08-09T17:48:21+0200,d1ee186b-63c3-474e-8770-b1ce1a43e356,2026-07-18T08:15:00Z,2026-07-18T10:15:00+0200,42853.36,MW,FR,FR,actual_load,Actual Load,2026-08-09T15:49:09Z
2026-08-09T15:48:21Z,2026-08-09T17:48:21+0200,d1ee186b-63c3-474e-8770-b1ce1a43e356,2026-07-18T08:30:00Z,2026-07-18T10:30:00+0200,43421.12,MW,FR,FR,actual_load,Actual Load,2026-08-09T15:49:09Z
2026-08-09T15:48:21Z,2026-08-09T17:48:21+0200,d1ee186b-63c3-474e-8770-b1ce1a43e356,2026-07-18T08:45:00Z,2026-07-18T10:45:00+0200,43697.14,MW,FR,FR,actual_load,Actual Load,2026-08-09T15:49:09Z
2026-08-09T15:48:21Z,2026-08-09T17:48:21+0200,d1ee186b-63c3-474e-8770-b1ce1a43e356,2026-07-18T09:00:00Z,2026-07-18T11:00:00+0200,44219.9,MW,FR,FR,actual_load,Actual Load,2026-08-09T15:49:09Z
2026-08-09T15:48:21Z,2026-08-09T17:48:21+0200,d1ee186b-63c3-474e-8770-b1ce1a43e356,2026-07-18T09:15:00Z,2026-07-18T11:15:00+0200,44438.04,MW,FR,FR,actual_load,Actual Load,2026-08-09T15:49:09Z
2026-08-09T15:48:21Z,2026-08-09T17:48:21+0200,d1ee186b-63c3-474e-8770-b1ce1a43e356,2026-07-18T09:30:00Z,2026-07-18T11:30:00+0200,44924.66,MW,FR,FR,actual_load,Actual Load,2026-08-09T15:49:09Z
2026-08-09T15:48:21Z,2026-08-09T17:48:21+0200,d1ee186b-63c3-474e-8770-b1ce1a43e356,2026-07-18T09:45:00Z,2026-07-18T11:45:00+0200,45465.86,MW,FR,FR,actual_load,Actual Load,2026-08-09T15:49:09Z
2026-08-09T15:48:21Z,2026-08-09T17:48:21+0200,d1ee186b-63c3-474e-8770-b1ce1a43e356,2026-07-18T10:00:00Z,2026-07-18T12:00:00+0200,46145.84,MW,FR,FR,actual_load,Actual Load,2026-08-09T15:49:09Z
2026-08-09T15:48:21Z,2026-08-09T17:48:21+0200,d1ee186b-63c3-474e-8770-b1ce1a43e356,2026-07-18T10:15:00Z,2026-07-18T12:15:00+0200,46568.82,MW,FR,FR,actual_load,Actual Load,2026-08-09T15:49:09Z
2026-08-09T15:48:21Z,2026-08-09T17:48:21+0200,d1ee186b-63c3-474e-8770-b1ce1a43e356,2026-07-18T10:30:00Z,2026-07-18T12:30:00+0200,47384.09,MW,FR,FR,actual_load,Actual Load,2026-08-09T15:49:09Z
2026-08-09T15:48:21Z,2026-08-09T17:48:21+0200,d1ee186b-63c3-474e-8770-b1ce1a43e356,2026-07-18T10:45:00Z,2026-07-18T12:45:00+0200,47297.63,MW,FR,FR,actual_load,Actual Load,2026-08-09T15:49:09Z
2026-08-09T15:48:21Z,2026-08-09T17:48:21+0200,d1ee186b-63c3-474e-8770-b1ce1a43e356,2026-07-18T11:00:00Z,2026-07-18T13:00:00+0200,47246.25,MW,FR,FR,actual_load,Actual Load,2026-08-09T15:49:09Z
2026-08-09T15:48:21Z,2026-08-09T17:48:21+0200,d1ee186b-63c3-474e-8770-b1ce1a43e356,2026-07-18T11:15:00Z,2026-07-18T13:15:00+0200,46895.0,MW,FR,FR,actual_load,Actual Load,2026-08-09T15:49:09Z
2026-08-09T15:48:21Z,2026-08-09T17:48:21+0200,d1ee186b-63c3-474e-8770-b1ce1a43e356,2026-07-18T11:30:00Z,2026-07-18T13:30:00+0200,46593.62,MW,FR,FR,actual_load,Actual Load,2026-08-09T15:49:09Z
2026-08-09T15:48:21Z,2026-08-09T17:48:21+0200,d1ee186b-63c3-474e-8770-b1ce1a43e356,2026-07-18T11:45:00Z,2026-07-18T13:45:00+0200,46455.57,MW,FR,FR,actual_load,Actual Load,2026-08-09T15:49:09Z
2026-08-09T15:48:21Z,2026-08-09T17:48:21+0200,d1ee186b-63c3-474e-8770-b1ce1a43e356,2026-07-18T12:00:00Z,2026-07-18T14:00:00+0200,47157.63,MW,FR,FR,actual_load,Actual Load,2026-08-09T15:49:09Z
2026-08-09T15:48:21Z,2026-08-09T17:48:21+0200,d1ee186b-63c3-474e-8770-b1ce1a43e356,2026-07-18T12:15:00Z,2026-07-18T14:15:00+0200,46809.89,MW,FR,FR,actual_load,Actual Load,2026-08-09T15:49:09Z
2026-08-09T15:48:21Z,2026-08-09T17:48:21+0200,d1ee186b-63c3-474e-8770-b1ce1a43e356,2026-07-18T12:30:00Z,2026-07-18T14:30:00+0200,47041.6,MW,FR,FR,actual_load,Actual Load,2026-08-09T15:49:09Z
2026-08-09T15:48:21Z,2026-08-09T17:48:21+0200,d1ee186b-63c3-474e-8770-b1ce1a43e356,2026-07-18T12:45:00Z,2026-07-18T14:45:00+0200,46592.11,MW,FR,FR,actual_load,Actual Load,2026-08-09T15:49:09Z
2026-08-09T15:48:21Z,2026-08-09T17:48:21+0200,d1ee186b-63c3-474e-8770-b1ce1a43e356,2026-07-18T13:00:00Z,2026-07-18T15:00:00+0200,46145.63,MW,FR,FR,actual_load,Actual Load,2026-08-09T15:49:09Z
2026-08-09T15:48:21Z,2026-08-09T17:48:21+0200,d1ee186b-63c3-474e-8770-b1ce1a43e356,2026-07-18T13:15:00Z,2026-07-18T15:15:00+0200,45584.88,MW,FR,FR,actual_load,Actual Load,2026-08-09T15:49:09Z
2026-08-09T15:48:21Z,2026-08-09T17:48:21+0200,d1ee186b-63c3-474e-8770-b1ce1a43e356,2026-07-18T13:30:00Z,2026-07-18T15:30:00+0200,45276.86,MW,FR,FR,actual_load,Actual Load,2026-08-09T15:49:09Z
2026-08-09T15:48:21Z,2026-08-09T17:48:21+0200,d1ee186b-63c3-474e-8770-b1ce1a43e356,2026-07-18T13:45:00Z,2026-07-18T15:45:00+0200,44959.35,MW,FR,FR,actual_load,Actual Load,2026-08-09T15:49:09Z
2026-08-09T15:48:21Z,2026-08-09T17:48:21+0200,d1ee186b-63c3-474e-8770-b1ce1a43e356,2026-07-18T14:00:00Z,2026-07-18T16:00:00+0200,45244.45,MW,FR,FR,actual_load,Actual Load,2026-08-09T15:49:09Z
2026-08-09T15:48:21Z,2026-08-09T17:48:21+0200,d1ee186b-63c3-474e-8770-b1ce1a43e356,2026-07-18T14:15:00Z,2026-07-18T16:15:00+0200,44716.46,MW,FR,FR,actual_load,Actual Load,2026-08-09T15:49:09Z
2026-08-09T15:48:21Z,2026-08-09T17:48:21+0200,d1ee186b-63c3-474e-8770-b1ce1a43e356,2026-07-18T14:30:00Z,2026-07-18T16:30:00+0200,44560.8,MW,FR,FR,actual_load,Actual Load,2026-08-09T15:49:09Z
2026-08-09T15:48:21Z,2026-08-09T17:48:21+0200,d1ee186b-63c3-474e-8770-b1ce1a43e356,2026-07-18T14:45:00Z,2026-07-18T16:45:00+0200,44729.26,MW,FR,FR,actual_load,Actual Load,2026-08-09T15:49:09Z
2026-08-09T15:48:21Z,2026-08-09T17:48:21+0200,d1ee186b-63c3-474e-8770-b1ce1a43e356,2026-07-18T15:00:00Z,2026-07-18T17:00:00+0200,44659.86,MW,FR,FR,actual_load,Actual Load,2026-08-09T15:49:09Z
2026-08-09T15:48:21Z,2026-08-09T17:48:21+0200,d1ee186b-63c3-474e-8770-b1ce1a43e356,2026-07-18T15:15:00Z,2026-07-18T17:15:00+0200,44544.24,MW,FR,FR,actual_load,Actual Load,2026-08-09T15:49:09Z
2026-08-09T15:48:21Z,2026-08-09T17:48:21+0200,d1ee186b-63c3-474e-8770-b1ce1a43e356,2026-07-18T15:30:00Z,2026-07-18T17:30:00+0200,44742.59,MW,FR,FR,actual_load,Actual Load,2026-08-09T15:49:09Z
2026-08-09T15:48:21Z,2026-08-09T17:48:21+0200,d1ee186b-63c3-474e-8770-b1ce1a43e356,2026-07-18T15:45:00Z,2026-07-18T17:45:00+0200,45162.05,MW,FR,FR,actual_load,Actual Load,2026-08-09T15:49:09Z
2026-08-09T15:48:21Z,2026-08-09T17:48:21+0200,d1ee186b-63c3-474e-8770-b1ce1a43e356,2026-07-18T16:00:00Z,2026-07-18T18:00:00+0200,45514.44,MW,FR,FR,actual_load,Actual Load,2026-08-09T15:49:09Z
2026-08-09T15:48:21Z,2026-08-09T17:48:21+0200,d1ee186b-63c3-474e-8770-b1ce1a43e356,2026-07-18T16:15:00Z,2026-07-18T18:15:00+0200,45656.57,MW,FR,FR,actual_load,Actual Load,2026-08-09T15:49:09Z
2026-08-09T15:48:21Z,2026-08-09T17:48:21+0200,d1ee186b-63c3-474e-8770-b1ce1a43e356,2026-07-18T16:30:00Z,2026-07-18T18:30:00+0200,45976.81,MW,FR,FR,actual_load,Actual Load,2026-08-09T15:49:09Z
2026-08-09T15:48:21Z,2026-08-09T17:48:21+0200,d1ee186b-63c3-474e-8770-b1ce1a43e356,2026-07-18T16:45:00Z,2026-07-18T18:45:00+0200,46306.76,MW,FR,FR,actual_load,Actual Load,2026-08-09T15:49:09Z
2026-08-09T15:48:21Z,2026-08-09T17:48:21+0200,d1ee186b-63c3-474e-8770-b1ce1a43e356,2026-07-18T17:00:00Z,2026-07-18T19:00:00+0200,46314.68,MW,FR,FR,actual_load,Actual Load,2026-08-09T15:49:09Z
2026-08-09T15:48:21Z,2026-08-09T17:48:21+0200,d1ee186b-63c3-474e-8770-b1ce1a43e356,2026-07-18T17:15:00Z,2026-07-18T19:15:00+0200,46419.91,MW,FR,FR,actual_load,Actual Load,2026-08-09T15:49:09Z
2026-08-09T15:48:21Z,2026-08-09T17:48:21+0200,d1ee186b-63c3-474e-8770-b1ce1a43e356,2026-07-18T17:30:00Z,2026-07-18T19:30:00+0200,46390.34,MW,FR,FR,actual_load,Actual Load,2026-08-09T15:49:09Z
2026-08-09T15:48:21Z,2026-08-09T17:48:21+0200,d1ee186b-63c3-474e-8770-b1ce1a43e356,2026-07-18T17:45:00Z,2026-07-18T19:45:00+0200,46090.72,MW,FR,FR,actual_load,Actual Load,2026-08-09T15:49:09Z
2026-08-09T15:48:21Z,2026-08-09T17:48:21+0200,d1ee186b-63c3-474e-8770-b1ce1a43e356,2026-07-18T18:00:00Z,2026-07-18T20:00:00+0200,45609.93,MW,FR,FR,actual_load,Actual Load,2026-08-09T15:49:09Z
2026-08-09T15:48:21Z,2026-08-09T17:48:21+0200,d1ee186b-63c3-474e-8770-b1ce1a43e356,2026-07-18T18:15:00Z,2026-07-18T20:15:00+0200,45100.26,MW,FR,FR,actual_load,Actual Load,2026-08-09T15:49:09Z
2026-08-09T15:48:21Z,2026-08-09T17:48:21+0200,d1ee186b-63c3-474e-8770-b1ce1a43e356,2026-07-18T18:30:00Z,2026-07-18T20:30:00+0200,44664.55,MW,FR,FR,actual_load,Actual Load,2026-08-09T15:49:09Z
2026-08-09T15:48:21Z,2026-08-09T17:48:21+0200,d1ee186b-63c3-474e-8770-b1ce1a43e356,2026-07-18T18:45:00Z,2026-07-18T20:45:00+0200,44305.2,MW,FR,FR,actual_load,Actual Load,2026-08-09T15:49:09Z
2026-08-09T15:48:21Z,2026-08-09T17:48:21+0200,d1ee186b-63c3-474e-8770-b1ce1a43e356,2026-07-18T19:00:00Z,2026-07-18T21:00:00+0200,44792.41,MW,FR,FR,actual_load,Actual Load,2026-08-09T15:49:09Z
2026-08-09T15:48:21Z,2026-08-09T17:48:21+0200,d1ee186b-63c3-474e-8770-b1ce1a43e356,2026-07-18T19:15:00Z,2026-07-18T21:15:00+0200,44358.55,MW,FR,FR,actual_load,Actual Load,2026-08-09T15:49:09Z
2026-08-09T15:48:21Z,2026-08-09T17:48:21+0200,d1ee186b-63c3-474e-8770-b1ce1a43e356,2026-07-18T19:30:00Z,2026-07-18T21:30:00+0200,43951.02,MW,FR,FR,actual_load,Actual Load,2026-08-09T15:49:09Z
2026-08-09T15:48:21Z,2026-08-09T17:48:21+0200,d1ee186b-63c3-474e-8770-b1ce1a43e356,2026-07-18T19:45:00Z,2026-07-18T21:45:00+0200,43971.98,MW,FR,FR,actual_load,Actual Load,2026-08-09T15:49:09Z
2026-08-09T15:48:21Z,2026-08-09T17:48:21+0200,d1ee186b-63c3-474e-8770-b1ce1a43e356,2026-07-18T20:00:00Z,2026-07-18T22:00:00+0200,45218.81,MW,FR,FR,actual_load,Actual Load,2026-08-09T15:49:09Z
2026-08-09T15:48:21Z,2026-08-09T17:48:21+0200,d1ee186b-63c3-474e-8770-b1ce1a43e356,2026-07-18T20:15:00Z,2026-07-18T22:15:00+0200,44907.66,MW,FR,FR,actual_load,Actual Load,2026-08-09T15:49:09Z
2026-08-09T15:48:21Z,2026-08-09T17:48:21+0200,d1ee186b-63c3-474e-8770-b1ce1a43e356,2026-07-18T20:30:00Z,2026-07-18T22:30:00+0200,46156.35,MW,FR,FR,actual_load,Actual Load,2026-08-09T15:49:09Z
2026-08-09T15:48:21Z,2026-08-09T17:48:21+0200,d1ee186b-63c3-474e-8770-b1ce1a43e356,2026-07-18T20:45:00Z,2026-07-18T22:45:00+0200,45704.7,MW,FR,FR,actual_load,Actual Load,2026-08-09T15:49:09Z
2026-08-09T15:48:21Z,2026-08-09T17:48:21+0200,d1ee186b-63c3-474e-8770-b1ce1a43e356,2026-07-18T21:00:00Z,2026-07-18T23:00:00+0200,45383.54,MW,FR,FR,actual_load,Actual Load,2026-08-09T15:49:09Z
2026-08-09T15:48:21Z,2026-08-09T17:48:21+0200,d1ee186b-63c3-474e-8770-b1ce1a43e356,2026-07-18T21:15:00Z,2026-07-18T23:15:00+0200,44433.2,MW,FR,FR,actual_load,Actual Load,2026-08-09T15:49:09Z
2026-08-09T15:48:21Z,2026-08-09T17:48:21+0200,d1ee186b-63c3-474e-8770-b1ce1a43e356,2026-07-18T21:30:00Z,2026-07-18T23:30:00+0200,44609.53,MW,FR,FR,actual_load,Actual Load,2026-08-09T15:49:09Z
2026-08-09T15:48:21Z,2026-08-09T17:48:21+0200,d1ee186b-63c3-474e-8770-b1ce1a43e356,2026-07-18T21:45:00Z,2026-07-18T23:45:00+0200,43784.2,MW,FR,FR,actual_load,Actual Load,2026-08-09T15:49:09Z
2026-08-09T15:48:21Z,2026-08-09T17:48:21+0200,d1ee186b-63c3-474e-8770-b1ce1a43e356,2026-07-18T22:00:00Z,2026-07-19T00:00:00+0200,43462.57,MW,FR,FR,actual_load,Actual Load,2026-08-09T15:49:09Z
2026-08-09T15:48:21Z,2026-08-09T17:48:21+0200,d1ee186b-63c3-474e-8770-b1ce1a43e356,2026-07-18T22:15:00Z,2026-07-19T00:15:00+0200,42294.61,MW,FR,FR,actual_load,Actual Load,2026-08-09T15:49:09Z
2026-08-09T15:48:21Z,2026-08-09T17:48:21+0200,d1ee186b-63c3-474e-8770-b1ce1a43e356,2026-07-18T22:30:00Z,2026-07-19T00:30:00+0200,41144.52,MW,FR,FR,actual_load,Actual Load,2026-08-09T15:49:09Z
2026-08-09T15:48:21Z,2026-08-09T17:48:21+0200,d1ee186b-63c3-474e-8770-b1ce1a43e356,2026-07-18T22:45:00Z,2026-07-19T00:45:00+0200,40268.01,MW,FR,FR,actual_load,Actual Load,2026-08-09T15:49:09Z
2026-08-09T15:48:21Z,2026-08-09T17:48:21+0200,d1ee186b-63c3-474e-8770-b1ce1a43e356,2026-07-18T23:00:00Z,2026-07-19T01:00:00+0200,40333.82,MW,FR,FR,actual_load,Actual Load,2026-08-09T15:49:09Z
2026-08-09T15:48:21Z,2026-08-09T17:48:21+0200,d1ee186b-63c3-474e-8770-b1ce1a43e356,2026-07-18T23:15:00Z,2026-07-19T01:15:00+0200,39735.26,MW,FR,FR,actual_load,Actual Load,2026-08-09T15:49:09Z
2026-08-09T15:48:21Z,2026-08-09T17:48:21+0200,d1ee186b-63c3-474e-8770-b1ce1a43e356,2026-07-18T23:30:00Z,2026-07-19T01:30:00+0200,39398.96,MW,FR,FR,actual_load,Actual Load,2026-08-09T15:49:09Z
2026-08-09T15:48:21Z,2026-08-09T17:48:21+0200,d1ee186b-63c3-474e-8770-b1ce1a43e356,2026-07-18T23:45:00Z,2026-07-19T01:45:00+0200,38527.55,MW,FR,FR,actual_load,Actual Load,2026-08-09T15:49:09Z
2026-08-09T15:48:21Z,2026-08-09T17:48:21+0200,d1ee186b-63c3-474e-8770-b1ce1a43e356,2026-07-19T00:00:00Z,2026-07-19T02:00:00+0200,38148.07,MW,FR,FR,actual_load,Actual Load,2026-08-09T15:49:09Z
2026-08-09T15:48:21Z,2026-08-09T17:48:21+0200,d1ee186b-63c3-474e-8770-b1ce1a43e356,2026-07-19T00:15:00Z,2026-07-19T02:15:00+0200,37229.8,MW,FR,FR,actual_load,Actual Load,2026-08-09T15:49:09Z
2026-08-09T15:48:21Z,2026-08-09T17:48:21+0200,d1ee186b-63c3-474e-8770-b1ce1a43e356,2026-07-19T00:30:00Z,2026-07-19T02:30:00+0200,36495.03,MW,FR,FR,actual_load,Actual Load,2026-08-09T15:49:09Z
2026-08-09T15:48:21Z,2026-08-09T17:48:21+0200,d1ee186b-63c3-474e-8770-b1ce1a43e356,2026-07-19T00:45:00Z,2026-07-19T02:45:00+0200,35744.61,MW,FR,FR,actual_load,Actual Load,2026-08-09T15:49:09Z
2026-08-09T15:48:21Z,2026-08-09T17:48:21+0200,d1ee186b-63c3-474e-8770-b1ce1a43e356,2026-07-19T01:00:00Z,2026-07-19T03:00:00+0200,35339.43,MW,FR,FR,actual_load,Actual Load,2026-08-09T15:49:09Z
2026-08-09T15:48:21Z,2026-08-09T17:48:21+0200,d1ee186b-63c3-474e-8770-b1ce1a43e356,2026-07-19T01:15:00Z,2026-07-19T03:15:00+0200,34930.21,MW,FR,FR,actual_load,Actual Load,2026-08-09T15:49:09Z
2026-08-09T15:48:21Z,2026-08-09T17:48:21+0200,d1ee186b-63c3-474e-8770-b1ce1a43e356,2026-07-19T01:30:00Z,2026-07-19T03:30:00+0200,34614.27,MW,FR,FR,actual_load,Actual Load,2026-08-09T15:49:09Z
2026-08-09T15:48:21Z,2026-08-09T17:48:21+0200,d1ee186b-63c3-474e-8770-b1ce1a43e356,2026-07-19T01:45:00Z,2026-07-19T03:45:00+0200,34321.59,MW,FR,FR,actual_load,Actual Load,2026-08-09T15:49:09Z
2026-08-09T15:48:21Z,2026-08-09T17:48:21+0200,d1ee186b-63c3-474e-8770-b1ce1a43e356,2026-07-19T02:00:00Z,2026-07-19T04:00:00+0200,34206.03,MW,FR,FR,actual_load,Actual Load,2026-08-09T15:49:09Z
2026-08-09T15:48:21Z,2026-08-09T17:48:21+0200,d1ee186b-63c3-474e-8770-b1ce1a43e356,2026-07-19T02:15:00Z,2026-07-19T04:15:00+0200,34021.18,MW,FR,FR,actual_load,Actual Load,2026-08-09T15:49:09Z
2026-08-09T15:48:21Z,2026-08-09T17:48:21+0200,d1ee186b-63c3-474e-8770-b1ce1a43e356,2026-07-19T02:30:00Z,2026-07-19T04:30:00+0200,33873.57,MW,FR,FR,actual_load,Actual Load,2026-08-09T15:49:09Z
2026-08-09T15:48:21Z,2026-08-09T17:48:21+0200,d1ee186b-63c3-474e-8770-b1ce1a43e356,2026-07-19T02:45:00Z,2026-07-19T04:45:00+0200,33769.5,MW,FR,FR,actual_load,Actual Load,2026-08-09T15:49:09Z
2026-08-09T15:48:21Z,2026-08-09T17:48:21+0200,d1ee186b-63c3-474e-8770-b1ce1a43e356,2026-07-19T03:00:00Z,2026-07-19T05:00:00+0200,33890.8,MW,FR,FR,actual_load,Actual Load,2026-08-09T15:49:09Z
2026-08-09T15:48:21Z,2026-08-09T17:48:21+0200,d1ee186b-63c3-474e-8770-b1ce1a43e356,2026-07-19T03:15:00Z,2026-07-19T05:15:00+0200,33785.82,MW,FR,FR,actual_load,Actual Load,2026-08-09T15:49:09Z
2026-08-09T15:48:21Z,2026-08-09T17:48:21+0200,d1ee186b-63c3-474e-8770-b1ce1a43e356,2026-07-19T03:30:00Z,2026-07-19T05:30:00+0200,33694.7,MW,FR,FR,actual_load,Actual Load,2026-08-09T15:49:09Z
2026-08-09T15:48:21Z,2026-08-09T17:48:21+0200,d1ee186b-63c3-474e-8770-b1ce1a43e356,2026-07-19T03:45:00Z,2026-07-19T05:45:00+0200,33360.41,MW,FR,FR,actual_load,Actual Load,2026-08-09T15:49:09Z
2026-08-09T15:48:21Z,2026-08-09T17:48:21+0200,d1ee186b-63c3-474e-8770-b1ce1a43e356,2026-07-19T04:00:00Z,2026-07-19T06:00:00+0200,33448.26,MW,FR,FR,actual_load,Actual Load,2026-08-09T15:49:09Z
2026-08-09T15:48:21Z,2026-08-09T17:48:21+0200,d1ee186b-63c3-474e-8770-b1ce1a43e356,2026-07-19T04:15:00Z,2026-07-19T06:15:00+0200,33476.85,MW,FR,FR,actual_load,Actual Load,2026-08-09T15:49:09Z
2026-08-09T15:48:21Z,2026-08-09T17:48:21+0200,d1ee186b-63c3-474e-8770-b1ce1a43e356,2026-07-19T04:30:00Z,2026-07-19T06:30:00+0200,33455.63,MW,FR,FR,actual_load,Actual Load,2026-08-09T15:49:09Z
2026-08-09T15:48:21Z,2026-08-09T17:48:21+0200,d1ee186b-63c3-474e-8770-b1ce1a43e356,2026-07-19T04:45:00Z,2026-07-19T06:45:00+0200,33499.11,MW,FR,FR,actual_load,Actual Load,2026-08-09T15:49:09Z
2026-08-09T15:48:21Z,2026-08-09T17:48:21+0200,d1ee186b-63c3-474e-8770-b1ce1a43e356,2026-07-19T05:00:00Z,2026-07-19T07:00:00+0200,33644.76,MW,FR,FR,actual_load,Actual Load,2026-08-09T15:49:09Z
2026-08-09T15:48:21Z,2026-08-09T17:48:21+0200,d1ee186b-63c3-474e-8770-b1ce1a43e356,2026-07-19T05:15:00Z,2026-07-19T07:15:00+0200,33894.92,MW,FR,FR,actual_load,Actual Load,2026-08-09T15:49:09Z
2026-08-09T15:48:21Z,2026-08-09T17:48:21+0200,d1ee186b-63c3-474e-8770-b1ce1a43e356,2026-07-19T05:30:00Z,2026-07-19T07:30:00+0200,34103.57,MW,FR,FR,actual_load,Actual Load,2026-08-09T15:49:09Z
2026-08-09T15:48:21Z,2026-08-09T17:48:21+0200,d1ee186b-63c3-474e-8770-b1ce1a43e356,2026-07-19T05:45:00Z,2026-07-19T07:45:00+0200,34369.93,MW,FR,FR,actual_load,Actual Load,2026-08-09T15:49:09Z
2026-08-09T15:48:21Z,2026-08-09T17:48:21+0200,d1ee186b-63c3-474e-8770-b1ce1a43e356,2026-07-19T06:00:00Z,2026-07-19T08:00:00+0200,34541.85,MW,FR,FR,actual_load,Actual Load,2026-08-09T15:49:09Z
2026-08-09T15:48:21Z,2026-08-09T17:48:21+0200,d1ee186b-63c3-474e-8770-b1ce1a43e356,2026-07-19T06:15:00Z,2026-07-19T08:15:00+0200,34627.0,MW,FR,FR,actual_load,Actual Load,2026-08-09T15:49:09Z
2026-08-09T15:48:21Z,2026-08-09T17:48:21+0200,d1ee186b-63c3-474e-8770-b1ce1a43e356,2026-07-19T06:30:00Z,2026-07-19T08:30:00+0200,35121.42,MW,FR,FR,actual_load,Actual Load,2026-08-09T15:49:09Z
2026-08-09T15:48:21Z,2026-08-09T17:48:21+0200,d1ee186b-63c3-474e-8770-b1ce1a43e356,2026-07-19T06:45:00Z,2026-07-19T08:45:00+0200,35360.36,MW,FR,FR,actual_load,Actual Load,2026-08-09T15:49:09Z
2026-08-09T15:48:21Z,2026-08-09T17:48:21+0200,d1ee186b-63c3-474e-8770-b1ce1a43e356,2026-07-19T07:00:00Z,2026-07-19T09:00:00+0200,35753.16,MW,FR,FR,actual_load,Actual Load,2026-08-09T15:49:09Z
2026-08-09T15:48:21Z,2026-08-09T17:48:21+0200,d1ee186b-63c3-474e-8770-b1ce1a43e356,2026-07-19T07:15:00Z,2026-07-19T09:15:00+0200,36274.82,MW,FR,FR,actual_load,Actual Load,2026-08-09T15:49:09Z
2026-08-09T15:48:21Z,2026-08-09T17:48:21+0200,d1ee186b-63c3-474e-8770-b1ce1a43e356,2026-07-19T07:30:00Z,2026-07-19T09:30:00+0200,36600.12,MW,FR,FR,actual_load,Actual Load,2026-08-09T15:49:09Z
2026-08-09T15:48:21Z,2026-08-09T17:48:21+0200,d1ee186b-63c3-474e-8770-b1ce1a43e356,2026-07-19T07:45:00Z,2026-07-19T09:45:00+0200,36874.29,MW,FR,FR,actual_load,Actual Load,2026-08-09T15:49:09Z
2026-08-09T15:48:21Z,2026-08-09T17:48:21+0200,d1ee186b-63c3-474e-8770-b1ce1a43e356,2026-07-19T08:00:00Z,2026-07-19T10:00:00+0200,37456.49,MW,FR,FR,actual_load,Actual Load,2026-08-09T15:49:09Z
2026-08-09T15:48:21Z,2026-08-09T17:48:21+0200,d1ee186b-63c3-474e-8770-b1ce1a43e356,2026-07-19T08:15:00Z,2026-07-19T10:15:00+0200,38061.04,MW,FR,FR,actual_load,Actual Load,2026-08-09T15:49:09Z
2026-08-09T15:48:21Z,2026-08-09T17:48:21+0200,d1ee186b-63c3-474e-8770-b1ce1a43e356,2026-07-19T08:30:00Z,2026-07-19T10:30:00+0200,38719.34,MW,FR,FR,actual_load,Actual Load,2026-08-09T15:49:09Z
2026-08-09T15:48:21Z,2026-08-09T17:48:21+0200,d1ee186b-63c3-474e-8770-b1ce1a43e356,2026-07-19T08:45:00Z,2026-07-19T10:45:00+0200,39314.84,MW,FR,FR,actual_load,Actual Load,2026-08-09T15:49:09Z
2026-08-09T15:48:21Z,2026-08-09T17:48:21+0200,d1ee186b-63c3-474e-8770-b1ce1a43e356,2026-07-19T09:00:00Z,2026-07-19T11:00:00+0200,39989.19,MW,FR,FR,actual_load,Actual Load,2026-08-09T15:49:09Z
2026-08-09T15:48:21Z,2026-08-09T17:48:21+0200,d1ee186b-63c3-474e-8770-b1ce1a43e356,2026-07-19T09:15:00Z,2026-07-19T11:15:00+0200,40011.98,MW,FR,FR,actual_load,Actual Load,2026-08-09T15:49:09Z
2026-08-09T15:48:21Z,2026-08-09T17:48:21+0200,d1ee186b-63c3-474e-8770-b1ce1a43e356,2026-07-19T09:30:00Z,2026-07-19T11:30:00+0200,40481.13,MW,FR,FR,actual_load,Actual Load,2026-08-09T15:49:09Z
2026-08-09T15:48:21Z,2026-08-09T17:48:21+0200,d1ee186b-63c3-474e-8770-b1ce1a43e356,2026-07-19T09:45:00Z,2026-07-19T11:45:00+0200,41518.33,MW,FR,FR,actual_load,Actual Load,2026-08-09T15:49:09Z
2026-08-09T15:48:21Z,2026-08-09T17:48:21+0200,d1ee186b-63c3-474e-8770-b1ce1a43e356,2026-07-19T10:00:00Z,2026-07-19T12:00:00+0200,42378.23,MW,FR,FR,actual_load,Actual Load,2026-08-09T15:49:09Z
2026-08-09T15:48:21Z,2026-08-09T17:48:21+0200,d1ee186b-63c3-474e-8770-b1ce1a43e356,2026-07-19T10:15:00Z,2026-07-19T12:15:00+0200,42949.47,MW,FR,FR,actual_load,Actual Load,2026-08-09T15:49:09Z
2026-08-09T15:48:21Z,2026-08-09T17:48:21+0200,d1ee186b-63c3-474e-8770-b1ce1a43e356,2026-07-19T10:30:00Z,2026-07-19T12:30:00+0200,43266.46,MW,FR,FR,actual_load,Actual Load,2026-08-09T15:49:09Z
2026-08-09T15:48:21Z,2026-08-09T17:48:21+0200,d1ee186b-63c3-474e-8770-b1ce1a43e356,2026-07-19T10:45:00Z,2026-07-19T12:45:00+0200,42597.39,MW,FR,FR,actual_load,Actual Load,2026-08-09T15:49:09Z
2026-08-09T15:48:21Z,2026-08-09T17:48:21+0200,d1ee186b-63c3-474e-8770-b1ce1a43e356,2026-07-19T11:00:00Z,2026-07-19T13:00:00+0200,42035.42,MW,FR,FR,actual_load,Actual Load,2026-08-09T15:49:09Z
2026-08-09T15:48:21Z,2026-08-09T17:48:21+0200,d1ee186b-63c3-474e-8770-b1ce1a43e356,2026-07-19T11:15:00Z,2026-07-19T13:15:00+0200,41398.34,MW,FR,FR,actual_load,Actual Load,2026-08-09T15:49:09Z
2026-08-09T15:48:21Z,2026-08-09T17:48:21+0200,d1ee186b-63c3-474e-8770-b1ce1a43e356,2026-07-19T11:30:00Z,2026-07-19T13:30:00+0200,40990.16,MW,FR,FR,actual_load,Actual Load,2026-08-09T15:49:09Z
2026-08-09T15:48:21Z,2026-08-09T17:48:21+0200,d1ee186b-63c3-474e-8770-b1ce1a43e356,2026-07-19T11:45:00Z,2026-07-19T13:45:00+0200,40959.29,MW,FR,FR,actual_load,Actual Load,2026-08-09T15:49:09Z
2026-08-09T15:48:21Z,2026-08-09T17:48:21+0200,d1ee186b-63c3-474e-8770-b1ce1a43e356,2026-07-19T12:00:00Z,2026-07-19T14:00:00+0200,41689.57,MW,FR,FR,actual_load,Actual Load,2026-08-09T15:49:09Z
2026-08-09T15:48:21Z,2026-08-09T17:48:21+0200,d1ee186b-63c3-474e-8770-b1ce1a43e356,2026-07-19T12:15:00Z,2026-07-19T14:15:00+0200,41391.25,MW,FR,FR,actual_load,Actual Load,2026-08-09T15:49:09Z
2026-08-09T15:48:21Z,2026-08-09T17:48:21+0200,d1ee186b-63c3-474e-8770-b1ce1a43e356,2026-07-19T12:30:00Z,2026-07-19T14:30:00+0200,41408.14,MW,FR,FR,actual_load,Actual Load,2026-08-09T15:49:09Z
2026-08-09T15:48:21Z,2026-08-09T17:48:21+0200,d1ee186b-63c3-474e-8770-b1ce1a43e356,2026-07-19T12:45:00Z,2026-07-19T14:45:00+0200,41068.91,MW,FR,FR,actual_load,Actual Load,2026-08-09T15:49:09Z
2026-08-09T15:48:21Z,2026-08-09T17:48:21+0200,d1ee186b-63c3-474e-8770-b1ce1a43e356,2026-07-19T13:00:00Z,2026-07-19T15:00:00+0200,41217.78,MW,FR,FR,actual_load,Actual Load,2026-08-09T15:49:09Z
2026-08-09T15:48:21Z,2026-08-09T17:48:21+0200,d1ee186b-63c3-474e-8770-b1ce1a43e356,2026-07-19T13:15:00Z,2026-07-19T15:15:00+0200,40770.66,MW,FR,FR,actual_load,Actual Load,2026-08-09T15:49:09Z
2026-08-09T15:48:21Z,2026-08-09T17:48:21+0200,d1ee186b-63c3-474e-8770-b1ce1a43e356,2026-07-19T13:30:00Z,2026-07-19T15:30:00+0200,40259.86,MW,FR,FR,actual_load,Actual Load,2026-08-09T15:49:09Z
2026-08-09T15:48:21Z,2026-08-09T17:48:21+0200,d1ee186b-63c3-474e-8770-b1ce1a43e356,2026-07-19T13:45:00Z,2026-07-19T15:45:00+0200,39899.39,MW,FR,FR,actual_load,Actual Load,2026-08-09T15:49:09Z
2026-08-09T15:48:21Z,2026-08-09T17:48:21+0200,d1ee186b-63c3-474e-8770-b1ce1a43e356,2026-07-19T14:00:00Z,2026-07-19T16:00:00+0200,39980.54,MW,FR,FR,actual_load,Actual Load,2026-08-09T15:49:09Z
2026-08-09T15:48:21Z,2026-08-09T17:48:21+0200,d1ee186b-63c3-474e-8770-b1ce1a43e356,2026-07-19T14:15:00Z,2026-07-19T16:15:00+0200,39882.8,MW,FR,FR,actual_load,Actual Load,2026-08-09T15:49:09Z
2026-08-09T15:48:21Z,2026-08-09T17:48:21+0200,d1ee186b-63c3-474e-8770-b1ce1a43e356,2026-07-19T14:30:00Z,2026-07-19T16:30:00+0200,39970.09,MW,FR,FR,actual_load,Actual Load,2026-08-09T15:49:09Z
2026-08-09T15:48:21Z,2026-08-09T17:48:21+0200,d1ee186b-63c3-474e-8770-b1ce1a43e356,2026-07-19T14:45:00Z,2026-07-19T16:45:00+0200,40017.09,MW,FR,FR,actual_load,Actual Load,2026-08-09T15:49:09Z
2026-08-09T15:48:21Z,2026-08-09T17:48:21+0200,d1ee186b-63c3-474e-8770-b1ce1a43e356,2026-07-19T15:00:00Z,2026-07-19T17:00:00+0200,40065.38,MW,FR,FR,actual_load,Actual Load,2026-08-09T15:49:09Z
2026-08-09T15:48:21Z,2026-08-09T17:48:21+0200,d1ee186b-63c3-474e-8770-b1ce1a43e356,2026-07-19T15:15:00Z,2026-07-19T17:15:00+0200,40392.32,MW,FR,FR,actual_load,Actual Load,2026-08-09T15:49:09Z
2026-08-09T15:48:21Z,2026-08-09T17:48:21+0200,d1ee186b-63c3-474e-8770-b1ce1a43e356,2026-07-19T15:30:00Z,2026-07-19T17:30:00+0200,41048.48,MW,FR,FR,actual_load,Actual Load,2026-08-09T15:49:09Z
2026-08-09T15:48:21Z,2026-08-09T17:48:21+0200,d1ee186b-63c3-474e-8770-b1ce1a43e356,2026-07-19T15:45:00Z,2026-07-19T17:45:00+0200,41664.15,MW,FR,FR,actual_load,Actual Load,2026-08-09T15:49:09Z
2026-08-09T15:48:21Z,2026-08-09T17:48:21+0200,d1ee186b-63c3-474e-8770-b1ce1a43e356,2026-07-19T16:00:00Z,2026-07-19T18:00:00+0200,42187.65,MW,FR,FR,actual_load,Actual Load,2026-08-09T15:49:09Z
2026-08-09T15:48:21Z,2026-08-09T17:48:21+0200,d1ee186b-63c3-474e-8770-b1ce1a43e356,2026-07-19T16:15:00Z,2026-07-19T18:15:00+0200,42865.22,MW,FR,FR,actual_load,Actual Load,2026-08-09T15:49:09Z
2026-08-09T15:48:21Z,2026-08-09T17:48:21+0200,d1ee186b-63c3-474e-8770-b1ce1a43e356,2026-07-19T16:30:00Z,2026-07-19T18:30:00+0200,43181.89,MW,FR,FR,actual_load,Actual Load,2026-08-09T15:49:09Z
2026-08-09T15:48:21Z,2026-08-09T17:48:21+0200,d1ee186b-63c3-474e-8770-b1ce1a43e356,2026-07-19T16:45:00Z,2026-07-19T18:45:00+0200,43919.14,MW,FR,FR,actual_load,Actual Load,2026-08-09T15:49:09Z
2026-08-09T15:48:21Z,2026-08-09T17:48:21+0200,d1ee186b-63c3-474e-8770-b1ce1a43e356,2026-07-19T17:00:00Z,2026-07-19T19:00:00+0200,44308.88,MW,FR,FR,actual_load,Actual Load,2026-08-09T15:49:09Z
2026-08-09T15:48:21Z,2026-08-09T17:48:21+0200,d1ee186b-63c3-474e-8770-b1ce1a43e356,2026-07-19T17:15:00Z,2026-07-19T19:15:00+0200,44422.42,MW,FR,FR,actual_load,Actual Load,2026-08-09T15:49:09Z
2026-08-09T15:48:21Z,2026-08-09T17:48:21+0200,d1ee186b-63c3-474e-8770-b1ce1a43e356,2026-07-19T17:30:00Z,2026-07-19T19:30:00+0200,44594.55,MW,FR,FR,actual_load,Actual Load,2026-08-09T15:49:09Z
2026-08-09T15:48:21Z,2026-08-09T17:48:21+0200,d1ee186b-63c3-474e-8770-b1ce1a43e356,2026-07-19T17:45:00Z,2026-07-19T19:45:00+0200,44582.77,MW,FR,FR,actual_load,Actual Load,2026-08-09T15:49:09Z
2026-08-09T15:48:21Z,2026-08-09T17:48:21+0200,d1ee186b-63c3-474e-8770-b1ce1a43e356,2026-07-19T18:00:00Z,2026-07-19T20:00:00+0200,44438.3,MW,FR,FR,actual_load,Actual Load,2026-08-09T15:49:09Z
2026-08-09T15:48:21Z,2026-08-09T17:48:21+0200,d1ee186b-63c3-474e-8770-b1ce1a43e356,2026-07-19T18:15:00Z,2026-07-19T20:15:00+0200,44230.18,MW,FR,FR,actual_load,Actual Load,2026-08-09T15:49:09Z
2026-08-09T15:48:21Z,2026-08-09T17:48:21+0200,d1ee186b-63c3-474e-8770-b1ce1a43e356,2026-07-19T18:30:00Z,2026-07-19T20:30:00+0200,44059.78,MW,FR,FR,actual_load,Actual Load,2026-08-09T15:49:09Z
2026-08-09T15:48:21Z,2026-08-09T17:48:21+0200,d1ee186b-63c3-474e-8770-b1ce1a43e356,2026-07-19T18:45:00Z,2026-07-19T20:45:00+0200,43994.89,MW,FR,FR,actual_load,Actual Load,2026-08-09T15:49:09Z
2026-08-09T15:48:21Z,2026-08-09T17:48:21+0200,d1ee186b-63c3-474e-8770-b1ce1a43e356,2026-07-19T19:00:00Z,2026-07-19T21:00:00+0200,44095.26,MW,FR,FR,actual_load,Actual Load,2026-08-09T15:49:09Z
2026-08-09T15:48:21Z,2026-08-09T17:48:21+0200,d1ee186b-63c3-474e-8770-b1ce1a43e356,2026-07-19T19:15:00Z,2026-07-19T21:15:00+0200,43676.14,MW,FR,FR,actual_load,Actual Load,2026-08-09T15:49:09Z
2026-08-09T15:48:21Z,2026-08-09T17:48:21+0200,d1ee186b-63c3-474e-8770-b1ce1a43e356,2026-07-19T19:30:00Z,2026-07-19T21:30:00+0200,43480.13,MW,FR,FR,actual_load,Actual Load,2026-08-09T15:49:09Z
2026-08-09T15:48:21Z,2026-08-09T17:48:21+0200,d1ee186b-63c3-474e-8770-b1ce1a43e356,2026-07-19T19:45:00Z,2026-07-19T21:45:00+0200,43220.75,MW,FR,FR,actual_load,Actual Load,2026-08-09T15:49:09Z
2026-08-09T15:48:21Z,2026-08-09T17:48:21+0200,d1ee186b-63c3-474e-8770-b1ce1a43e356,2026-07-19T20:00:00Z,2026-07-19T22:00:00+0200,44656.32,MW,FR,FR,actual_load,Actual Load,2026-08-09T15:49:09Z
2026-08-09T15:48:21Z,2026-08-09T17:48:21+0200,d1ee186b-63c3-474e-8770-b1ce1a43e356,2026-07-19T20:15:00Z,2026-07-19T22:15:00+0200,44438.09,MW,FR,FR,actual_load,Actual Load,2026-08-09T15:49:09Z
2026-08-09T15:48:21Z,2026-08-09T17:48:21+0200,d1ee186b-63c3-474e-8770-b1ce1a43e356,2026-07-19T20:30:00Z,2026-07-19T22:30:00+0200,45510.34,MW,FR,FR,actual_load,Actual Load,2026-08-09T15:49:09Z
2026-08-09T15:48:21Z,2026-08-09T17:48:21+0200,d1ee186b-63c3-474e-8770-b1ce1a43e356,2026-07-19T20:45:00Z,2026-07-19T22:45:00+0200,45229.05,MW,FR,FR,actual_load,Actual Load,2026-08-09T15:49:09Z
2026-08-09T15:48:21Z,2026-08-09T17:48:21+0200,d1ee186b-63c3-474e-8770-b1ce1a43e356,2026-07-19T21:00:00Z,2026-07-19T23:00:00+0200,44724.57,MW,FR,FR,actual_load,Actual Load,2026-08-09T15:49:09Z
2026-08-09T15:48:21Z,2026-08-09T17:48:21+0200,d1ee186b-63c3-474e-8770-b1ce1a43e356,2026-07-19T21:15:00Z,2026-07-19T23:15:00+0200,43699.58,MW,FR,FR,actual_load,Actual Load,2026-08-09T15:49:09Z
2026-08-09T15:48:21Z,2026-08-09T17:48:21+0200,d1ee186b-63c3-474e-8770-b1ce1a43e356,2026-07-19T21:30:00Z,2026-07-19T23:30:00+0200,43939.29,MW,FR,FR,actual_load,Actual Load,2026-08-09T15:49:09Z
2026-08-09T15:48:21Z,2026-08-09T17:48:21+0200,d1ee186b-63c3-474e-8770-b1ce1a43e356,2026-07-19T21:45:00Z,2026-07-19T23:45:00+0200,42943.5,MW,FR,FR,actual_load,Actual Load,2026-08-09T15:49:09Z
2026-08-09T15:48:21Z,2026-08-09T17:48:21+0200,d1ee186b-63c3-474e-8770-b1ce1a43e356,2026-07-19T22:00:00Z,2026-07-20T00:00:00+0200,42628.36,MW,FR,FR,actual_load,Actual Load,2026-08-09T15:49:09Z
2026-08-09T15:48:21Z,2026-08-09T17:48:21+0200,d1ee186b-63c3-474e-8770-b1ce1a43e356,2026-07-19T22:15:00Z,2026-07-20T00:15:00+0200,41561.76,MW,FR,FR,actual_load,Actual Load,2026-08-09T15:49:09Z
2026-08-09T15:48:21Z,2026-08-09T17:48:21+0200,d1ee186b-63c3-474e-8770-b1ce1a43e356,2026-07-19T22:30:00Z,2026-07-20T00:30:00+0200,40484.91,MW,FR,FR,actual_load,Actual Load,2026-08-09T15:49:09Z
2026-08-09T15:48:21Z,2026-08-09T17:48:21+0200,d1ee186b-63c3-474e-8770-b1ce1a43e356,2026-07-19T22:45:00Z,2026-07-20T00:45:00+0200,39597.08,MW,FR,FR,actual_load,Actual Load,2026-08-09T15:49:09Z
2026-08-09T15:48:21Z,2026-08-09T17:48:21+0200,d1ee186b-63c3-474e-8770-b1ce1a43e356,2026-07-19T23:00:00Z,2026-07-20T01:00:00+0200,39839.92,MW,FR,FR,actual_load,Actual Load,2026-08-09T15:49:09Z
2026-08-09T15:48:21Z,2026-08-09T17:48:21+0200,d1ee186b-63c3-474e-8770-b1ce1a43e356,2026-07-19T23:15:00Z,2026-07-20T01:15:00+0200,39032.09,MW,FR,FR,actual_load,Actual Load,2026-08-09T15:49:09Z
2026-08-09T15:48:21Z,2026-08-09T17:48:21+0200,d1ee186b-63c3-474e-8770-b1ce1a43e356,2026-07-19T23:30:00Z,2026-07-20T01:30:00+0200,38920.05,MW,FR,FR,actual_load,Actual Load,2026-08-09T15:49:09Z
2026-08-09T15:48:21Z,2026-08-09T17:48:21+0200,d1ee186b-63c3-474e-8770-b1ce1a43e356,2026-07-19T23:45:00Z,2026-07-20T01:45:00+0200,38086.94,MW,FR,FR,actual_load,Actual Load,2026-08-09T15:49:09Z
2026-08-09T15:48:21Z,2026-08-09T17:48:21+0200,d1ee186b-63c3-474e-8770-b1ce1a43e356,2026-07-20T00:00:00Z,2026-07-20T02:00:00+0200,37783.97,MW,FR,FR,actual_load,Actual Load,2026-08-09T15:49:09Z
2026-08-09T15:48:21Z,2026-08-09T17:48:21+0200,d1ee186b-63c3-474e-8770-b1ce1a43e356,2026-07-20T00:15:00Z,2026-07-20T02:15:00+0200,36960.46,MW,FR,FR,actual_load,Actual Load,2026-08-09T15:49:09Z
2026-08-09T15:48:21Z,2026-08-09T17:48:21+0200,d1ee186b-63c3-474e-8770-b1ce1a43e356,2026-07-20T00:30:00Z,2026-07-20T02:30:00+0200,36361.31,MW,FR,FR,actual_load,Actual Load,2026-08-09T15:49:09Z
2026-08-09T15:48:21Z,2026-08-09T17:48:21+0200,d1ee186b-63c3-474e-8770-b1ce1a43e356,2026-07-20T00:45:00Z,2026-07-20T02:45:00+0200,35730.79,MW,FR,FR,actual_load,Actual Load,2026-08-09T15:49:09Z
2026-08-09T15:48:21Z,2026-08-09T17:48:21+0200,d1ee186b-63c3-474e-8770-b1ce1a43e356,2026-07-20T01:00:00Z,2026-07-20T03:00:00+0200,35424.61,MW,FR,FR,actual_load,Actual Load,2026-08-09T15:49:09Z
2026-08-09T15:48:21Z,2026-08-09T17:48:21+0200,d1ee186b-63c3-474e-8770-b1ce1a43e356,2026-07-20T01:15:00Z,2026-07-20T03:15:00+0200,35068.96,MW,FR,FR,actual_load,Actual Load,2026-08-09T15:49:09Z
2026-08-09T15:48:21Z,2026-08-09T17:48:21+0200,d1ee186b-63c3-474e-8770-b1ce1a43e356,2026-07-20T01:30:00Z,2026-07-20T03:30:00+0200,34821.56,MW,FR,FR,actual_load,Actual Load,2026-08-09T15:49:09Z
2026-08-09T15:48:21Z,2026-08-09T17:48:21+0200,d1ee186b-63c3-474e-8770-b1ce1a43e356,2026-07-20T01:45:00Z,2026-07-20T03:45:00+0200,34776.8,MW,FR,FR,actual_load,Actual Load,2026-08-09T15:49:09Z
2026-08-09T15:48:21Z,2026-08-09T17:48:21+0200,d1ee186b-63c3-474e-8770-b1ce1a43e356,2026-07-20T02:00:00Z,2026-07-20T04:00:00+0200,34968.32,MW,FR,FR,actual_load,Actual Load,2026-08-09T15:49:09Z
2026-08-09T15:48:21Z,2026-08-09T17:48:21+0200,d1ee186b-63c3-474e-8770-b1ce1a43e356,2026-07-20T02:15:00Z,2026-07-20T04:15:00+0200,34907.24,MW,FR,FR,actual_load,Actual Load,2026-08-09T15:49:09Z
2026-08-09T15:48:21Z,2026-08-09T17:48:21+0200,d1ee186b-63c3-474e-8770-b1ce1a43e356,2026-07-20T02:30:00Z,2026-07-20T04:30:00+0200,34960.0,MW,FR,FR,actual_load,Actual Load,2026-08-09T15:49:09Z
2026-08-09T15:48:21Z,2026-08-09T17:48:21+0200,d1ee186b-63c3-474e-8770-b1ce1a43e356,2026-07-20T02:45:00Z,2026-07-20T04:45:00+0200,35100.43,MW,FR,FR,actual_load,Actual Load,2026-08-09T15:49:09Z
2026-08-09T15:48:21Z,2026-08-09T17:48:21+0200,d1ee186b-63c3-474e-8770-b1ce1a43e356,2026-07-20T03:00:00Z,2026-07-20T05:00:00+0200,35937.66,MW,FR,FR,actual_load,Actual Load,2026-08-09T15:49:09Z
2026-08-09T15:48:21Z,2026-08-09T17:48:21+0200,d1ee186b-63c3-474e-8770-b1ce1a43e356,2026-07-20T03:15:00Z,2026-07-20T05:15:00+0200,36525.57,MW,FR,FR,actual_load,Actual Load,2026-08-09T15:49:09Z
2026-08-09T15:48:21Z,2026-08-09T17:48:21+0200,d1ee186b-63c3-474e-8770-b1ce1a43e356,2026-07-20T03:30:00Z,2026-07-20T05:30:00+0200,37012.29,MW,FR,FR,actual_load,Actual Load,2026-08-09T15:49:09Z
2026-08-09T15:48:21Z,2026-08-09T17:48:21+0200,d1ee186b-63c3-474e-8770-b1ce1a43e356,2026-07-20T03:45:00Z,2026-07-20T05:45:00+0200,37385.81,MW,FR,FR,actual_load,Actual Load,2026-08-09T15:49:09Z
2026-08-09T15:48:21Z,2026-08-09T17:48:21+0200,d1ee186b-63c3-474e-8770-b1ce1a43e356,2026-07-20T04:00:00Z,2026-07-20T06:00:00+0200,38133.29,MW,FR,FR,actual_load,Actual Load,2026-08-09T15:49:09Z
2026-08-09T15:48:21Z,2026-08-09T17:48:21+0200,d1ee186b-63c3-474e-8770-b1ce1a43e356,2026-07-20T04:15:00Z,2026-07-20T06:15:00+0200,38871.98,MW,FR,FR,actual_load,Actual Load,2026-08-09T15:49:09Z
2026-08-09T15:48:21Z,2026-08-09T17:48:21+0200,d1ee186b-63c3-474e-8770-b1ce1a43e356,2026-07-20T04:30:00Z,2026-07-20T06:30:00+0200,39442.29,MW,FR,FR,actual_load,Actual Load,2026-08-09T15:49:09Z
2026-08-09T15:48:21Z,2026-08-09T17:48:21+0200,d1ee186b-63c3-474e-8770-b1ce1a43e356,2026-07-20T04:45:00Z,2026-07-20T06:45:00+0200,40032.18,MW,FR,FR,actual_load,Actual Load,2026-08-09T15:49:09Z
2026-08-09T15:48:21Z,2026-08-09T17:48:21+0200,d1ee186b-63c3-474e-8770-b1ce1a43e356,2026-07-20T05:00:00Z,2026-07-20T07:00:00+0200,40633.22,MW,FR,FR,actual_load,Actual Load,2026-08-09T15:49:09Z
2026-08-09T15:48:21Z,2026-08-09T17:48:21+0200,d1ee186b-63c3-474e-8770-b1ce1a43e356,2026-07-20T05:15:00Z,2026-07-20T07:15:00+0200,41417.16,MW,FR,FR,actual_load,Actual Load,2026-08-09T15:49:09Z
2026-08-09T15:48:21Z,2026-08-09T17:48:21+0200,d1ee186b-63c3-474e-8770-b1ce1a43e356,2026-07-20T05:30:00Z,2026-07-20T07:30:00+0200,41843.5,MW,FR,FR,actual_load,Actual Load,2026-08-09T15:49:09Z
2026-08-09T15:48:21Z,2026-08-09T17:48:21+0200,d1ee186b-63c3-474e-8770-b1ce1a43e356,2026-07-20T05:45:00Z,2026-07-20T07:45:00+0200,42714.1,MW,FR,FR,actual_load,Actual Load,2026-08-09T15:49:09Z
2026-08-09T15:48:21Z,2026-08-09T17:48:21+0200,d1ee186b-63c3-474e-8770-b1ce1a43e356,2026-07-20T06:00:00Z,2026-07-20T08:00:00+0200,43688.79,MW,FR,FR,actual_load,Actual Load,2026-08-09T15:49:09Z
2026-08-09T15:48:21Z,2026-08-09T17:48:21+0200,d1ee186b-63c3-474e-8770-b1ce1a43e356,2026-07-20T06:15:00Z,2026-07-20T08:15:00+0200,43943.23,MW,FR,FR,actual_load,Actual Load,2026-08-09T15:49:09Z
2026-08-09T15:48:21Z,2026-08-09T17:48:21+0200,d1ee186b-63c3-474e-8770-b1ce1a43e356,2026-07-20T06:30:00Z,2026-07-20T08:30:00+0200,44526.75,MW,FR,FR,actual_load,Actual Load,2026-08-09T15:49:09Z
2026-08-09T15:48:21Z,2026-08-09T17:48:21+0200,d1ee186b-63c3-474e-8770-b1ce1a43e356,2026-07-20T06:45:00Z,2026-07-20T08:45:00+0200,45028.92,MW,FR,FR,actual_load,Actual Load,2026-08-09T15:49:09Z
2026-08-09T15:48:21Z,2026-08-09T17:48:21+0200,d1ee186b-63c3-474e-8770-b1ce1a43e356,2026-07-20T07:00:00Z,2026-07-20T09:00:00+0200,45468.33,MW,FR,FR,actual_load,Actual Load,2026-08-09T15:49:09Z
2026-08-09T15:48:21Z,2026-08-09T17:48:21+0200,d1ee186b-63c3-474e-8770-b1ce1a43e356,2026-07-20T07:15:00Z,2026-07-20T09:15:00+0200,45890.12,MW,FR,FR,actual_load,Actual Load,2026-08-09T15:49:09Z
2026-08-09T15:48:21Z,2026-08-09T17:48:21+0200,d1ee186b-63c3-474e-8770-b1ce1a43e356,2026-07-20T07:30:00Z,2026-07-20T09:30:00+0200,46238.61,MW,FR,FR,actual_load,Actual Load,2026-08-09T15:49:09Z
2026-08-09T15:48:21Z,2026-08-09T17:48:21+0200,d1ee186b-63c3-474e-8770-b1ce1a43e356,2026-07-20T07:45:00Z,2026-07-20T09:45:00+0200,46559.15,MW,FR,FR,actual_load,Actual Load,2026-08-09T15:49:09Z
2026-08-09T15:48:21Z,2026-08-09T17:48:21+0200,d1ee186b-63c3-474e-8770-b1ce1a43e356,2026-07-20T08:00:00Z,2026-07-20T10:00:00+0200,46846.88,MW,FR,FR,actual_load,Actual Load,2026-08-09T15:49:09Z
2026-08-09T15:48:21Z,2026-08-09T17:48:21+0200,d1ee186b-63c3-474e-8770-b1ce1a43e356,2026-07-20T08:15:00Z,2026-07-20T10:15:00+0200,47249.3,MW,FR,FR,actual_load,Actual Load,2026-08-09T15:49:09Z
2026-08-09T15:48:21Z,2026-08-09T17:48:21+0200,d1ee186b-63c3-474e-8770-b1ce1a43e356,2026-07-20T08:30:00Z,2026-07-20T10:30:00+0200,47496.08,MW,FR,FR,actual_load,Actual Load,2026-08-09T15:49:09Z
2026-08-09T15:48:21Z,2026-08-09T17:48:21+0200,d1ee186b-63c3-474e-8770-b1ce1a43e356,2026-07-20T08:45:00Z,2026-07-20T10:45:00+0200,47708.79,MW,FR,FR,actual_load,Actual Load,2026-08-09T15:49:09Z
2026-08-09T15:48:21Z,2026-08-09T17:48:21+0200,d1ee186b-63c3-474e-8770-b1ce1a43e356,2026-07-20T09:00:00Z,2026-07-20T11:00:00+0200,48157.45,MW,FR,FR,actual_load,Actual Load,2026-08-09T15:49:09Z
2026-08-09T15:48:21Z,2026-08-09T17:48:21+0200,d1ee186b-63c3-474e-8770-b1ce1a43e356,2026-07-20T09:15:00Z,2026-07-20T11:15:00+0200,48523.99,MW,FR,FR,actual_load,Actual Load,2026-08-09T15:49:09Z
2026-08-09T15:48:21Z,2026-08-09T17:48:21+0200,d1ee186b-63c3-474e-8770-b1ce1a43e356,2026-07-20T09:30:00Z,2026-07-20T11:30:00+0200,48960.33,MW,FR,FR,actual_load,Actual Load,2026-08-09T15:49:09Z
2026-08-09T15:48:21Z,2026-08-09T17:48:21+0200,d1ee186b-63c3-474e-8770-b1ce1a43e356,2026-07-20T09:45:00Z,2026-07-20T11:45:00+0200,49065.43,MW,FR,FR,actual_load,Actual Load,2026-08-09T15:49:09Z
2026-08-09T15:48:21Z,2026-08-09T17:48:21+0200,d1ee186b-63c3-474e-8770-b1ce1a43e356,2026-07-20T10:00:00Z,2026-07-20T12:00:00+0200,48874.85,MW,FR,FR,actual_load,Actual Load,2026-08-09T15:49:09Z
2026-08-09T15:48:21Z,2026-08-09T17:48:21+0200,d1ee186b-63c3-474e-8770-b1ce1a43e356,2026-07-20T10:15:00Z,2026-07-20T12:15:00+0200,48847.07,MW,FR,FR,actual_load,Actual Load,2026-08-09T15:49:09Z
2026-08-09T15:48:21Z,2026-08-09T17:48:21+0200,d1ee186b-63c3-474e-8770-b1ce1a43e356,2026-07-20T10:30:00Z,2026-07-20T12:30:00+0200,49228.03,MW,FR,FR,actual_load,Actual Load,2026-08-09T15:49:09Z
2026-08-09T15:48:21Z,2026-08-09T17:48:21+0200,d1ee186b-63c3-474e-8770-b1ce1a43e356,2026-07-20T10:45:00Z,2026-07-20T12:45:00+0200,48993.6,MW,FR,FR,actual_load,Actual Load,2026-08-09T15:49:09Z
2026-08-09T15:48:21Z,2026-08-09T17:48:21+0200,d1ee186b-63c3-474e-8770-b1ce1a43e356,2026-07-20T11:00:00Z,2026-07-20T13:00:00+0200,49451.59,MW,FR,FR,actual_load,Actual Load,2026-08-09T15:49:09Z
2026-08-09T15:48:21Z,2026-08-09T17:48:21+0200,d1ee186b-63c3-474e-8770-b1ce1a43e356,2026-07-20T11:15:00Z,2026-07-20T13:15:00+0200,49345.29,MW,FR,FR,actual_load,Actual Load,2026-08-09T15:49:09Z
2026-08-09T15:48:21Z,2026-08-09T17:48:21+0200,d1ee186b-63c3-474e-8770-b1ce1a43e356,2026-07-20T11:30:00Z,2026-07-20T13:30:00+0200,49359.69,MW,FR,FR,actual_load,Actual Load,2026-08-09T15:49:09Z
2026-08-09T15:48:21Z,2026-08-09T17:48:21+0200,d1ee186b-63c3-474e-8770-b1ce1a43e356,2026-07-20T11:45:00Z,2026-07-20T13:45:00+0200,49639.43,MW,FR,FR,actual_load,Actual Load,2026-08-09T15:49:09Z
2026-08-09T15:48:21Z,2026-08-09T17:48:21+0200,d1ee186b-63c3-474e-8770-b1ce1a43e356,2026-07-20T12:00:00Z,2026-07-20T14:00:00+0200,50863.09,MW,FR,FR,actual_load,Actual Load,2026-08-09T15:49:09Z
2026-08-09T15:48:21Z,2026-08-09T17:48:21+0200,d1ee186b-63c3-474e-8770-b1ce1a43e356,2026-07-20T12:15:00Z,2026-07-20T14:15:00+0200,50521.22,MW,FR,FR,actual_load,Actual Load,2026-08-09T15:49:09Z
2026-08-09T15:48:21Z,2026-08-09T17:48:21+0200,d1ee186b-63c3-474e-8770-b1ce1a43e356,2026-07-20T12:30:00Z,2026-07-20T14:30:00+0200,50354.1,MW,FR,FR,actual_load,Actual Load,2026-08-09T15:49:09Z
2026-08-09T15:48:21Z,2026-08-09T17:48:21+0200,d1ee186b-63c3-474e-8770-b1ce1a43e356,2026-07-20T12:45:00Z,2026-07-20T14:45:00+0200,50198.55,MW,FR,FR,actual_load,Actual Load,2026-08-09T15:49:09Z
2026-08-09T15:48:21Z,2026-08-09T17:48:21+0200,d1ee186b-63c3-474e-8770-b1ce1a43e356,2026-07-20T13:00:00Z,2026-07-20T15:00:00+0200,50043.01,MW,FR,FR,actual_load,Actual Load,2026-08-09T15:49:09Z
2026-08-09T15:48:21Z,2026-08-09T17:48:21+0200,d1ee186b-63c3-474e-8770-b1ce1a43e356,2026-07-20T13:15:00Z,2026-07-20T15:15:00+0200,49400.16,MW,FR,FR,actual_load,Actual Load,2026-08-09T15:49:09Z
2026-08-09T15:48:21Z,2026-08-09T17:48:21+0200,d1ee186b-63c3-474e-8770-b1ce1a43e356,2026-07-20T13:30:00Z,2026-07-20T15:30:00+0200,48954.93,MW,FR,FR,actual_load,Actual Load,2026-08-09T15:49:09Z
2026-08-09T15:48:21Z,2026-08-09T17:48:21+0200,d1ee186b-63c3-474e-8770-b1ce1a43e356,2026-07-20T13:45:00Z,2026-07-20T15:45:00+0200,49068.13,MW,FR,FR,actual_load,Actual Load,2026-08-09T15:49:09Z
2026-08-09T15:48:21Z,2026-08-09T17:48:21+0200,d1ee186b-63c3-474e-8770-b1ce1a43e356,2026-07-20T14:00:00Z,2026-07-20T16:00:00+0200,48785.51,MW,FR,FR,actual_load,Actual Load,2026-08-09T15:49:09Z
2026-08-09T15:48:21Z,2026-08-09T17:48:21+0200,d1ee186b-63c3-474e-8770-b1ce1a43e356,2026-07-20T14:15:00Z,2026-07-20T16:15:00+0200,48440.0,MW,FR,FR,actual_load,Actual Load,2026-08-09T15:49:09Z
2026-08-09T15:48:21Z,2026-08-09T17:48:21+0200,d1ee186b-63c3-474e-8770-b1ce1a43e356,2026-07-20T14:30:00Z,2026-07-20T16:30:00+0200,48573.96,MW,FR,FR,actual_load,Actual Load,2026-08-09T15:49:09Z
2026-08-09T15:48:21Z,2026-08-09T17:48:21+0200,d1ee186b-63c3-474e-8770-b1ce1a43e356,2026-07-20T14:45:00Z,2026-07-20T16:45:00+0200,48257.57,MW,FR,FR,actual_load,Actual Load,2026-08-09T15:49:09Z
2026-08-09T15:48:21Z,2026-08-09T17:48:21+0200,d1ee186b-63c3-474e-8770-b1ce1a43e356,2026-07-20T15:00:00Z,2026-07-20T17:00:00+0200,48171.79,MW,FR,FR,actual_load,Actual Load,2026-08-09T15:49:09Z
2026-08-09T15:48:21Z,2026-08-09T17:48:21+0200,d1ee186b-63c3-474e-8770-b1ce1a43e356,2026-07-20T15:15:00Z,2026-07-20T17:15:00+0200,48292.02,MW,FR,FR,actual_load,Actual Load,2026-08-09T15:49:09Z
2026-08-09T15:48:21Z,2026-08-09T17:48:21+0200,d1ee186b-63c3-474e-8770-b1ce1a43e356,2026-07-20T15:30:00Z,2026-07-20T17:30:00+0200,48519.66,MW,FR,FR,actual_load,Actual Load,2026-08-09T15:49:09Z
2026-08-09T15:48:21Z,2026-08-09T17:48:21+0200,d1ee186b-63c3-474e-8770-b1ce1a43e356,2026-07-20T15:45:00Z,2026-07-20T17:45:00+0200,48881.13,MW,FR,FR,actual_load,Actual Load,2026-08-09T15:49:09Z
2026-08-09T15:48:21Z,2026-08-09T17:48:21+0200,d1ee186b-63c3-474e-8770-b1ce1a43e356,2026-07-20T16:00:00Z,2026-07-20T18:00:00+0200,49309.48,MW,FR,FR,actual_load,Actual Load,2026-08-09T15:49:09Z
2026-08-09T15:48:21Z,2026-08-09T17:48:21+0200,d1ee186b-63c3-474e-8770-b1ce1a43e356,2026-07-20T16:15:00Z,2026-07-20T18:15:00+0200,49503.62,MW,FR,FR,actual_load,Actual Load,2026-08-09T15:49:09Z
2026-08-09T15:48:21Z,2026-08-09T17:48:21+0200,d1ee186b-63c3-474e-8770-b1ce1a43e356,2026-07-20T16:30:00Z,2026-07-20T18:30:00+0200,49927.18,MW,FR,FR,actual_load,Actual Load,2026-08-09T15:49:09Z
2026-08-09T15:48:21Z,2026-08-09T17:48:21+0200,d1ee186b-63c3-474e-8770-b1ce1a43e356,2026-07-20T16:45:00Z,2026-07-20T18:45:00+0200,50574.34,MW,FR,FR,actual_load,Actual Load,2026-08-09T15:49:09Z
2026-08-09T15:48:21Z,2026-08-09T17:48:21+0200,d1ee186b-63c3-474e-8770-b1ce1a43e356,2026-07-20T17:00:00Z,2026-07-20T19:00:00+0200,50817.55,MW,FR,FR,actual_load,Actual Load,2026-08-09T15:49:09Z
2026-08-09T15:48:21Z,2026-08-09T17:48:21+0200,d1ee186b-63c3-474e-8770-b1ce1a43e356,2026-07-20T17:15:00Z,2026-07-20T19:15:00+0200,50714.91,MW,FR,FR,actual_load,Actual Load,2026-08-09T15:49:09Z
2026-08-09T15:48:21Z,2026-08-09T17:48:21+0200,d1ee186b-63c3-474e-8770-b1ce1a43e356,2026-07-20T17:30:00Z,2026-07-20T19:30:00+0200,50384.25,MW,FR,FR,actual_load,Actual Load,2026-08-09T15:49:09Z
2026-08-09T15:48:21Z,2026-08-09T17:48:21+0200,d1ee186b-63c3-474e-8770-b1ce1a43e356,2026-07-20T17:45:00Z,2026-07-20T19:45:00+0200,50219.54,MW,FR,FR,actual_load,Actual Load,2026-08-09T15:49:09Z
2026-08-09T15:48:21Z,2026-08-09T17:48:21+0200,d1ee186b-63c3-474e-8770-b1ce1a43e356,2026-07-20T18:00:00Z,2026-07-20T20:00:00+0200,49666.59,MW,FR,FR,actual_load,Actual Load,2026-08-09T15:49:09Z
2026-08-09T15:48:21Z,2026-08-09T17:48:21+0200,d1ee186b-63c3-474e-8770-b1ce1a43e356,2026-07-20T18:15:00Z,2026-07-20T20:15:00+0200,48907.84,MW,FR,FR,actual_load,Actual Load,2026-08-09T15:49:09Z
2026-08-09T15:48:21Z,2026-08-09T17:48:21+0200,d1ee186b-63c3-474e-8770-b1ce1a43e356,2026-07-20T18:30:00Z,2026-07-20T20:30:00+0200,48267.49,MW,FR,FR,actual_load,Actual Load,2026-08-09T15:49:09Z
2026-08-09T15:48:21Z,2026-08-09T17:48:21+0200,d1ee186b-63c3-474e-8770-b1ce1a43e356,2026-07-20T18:45:00Z,2026-07-20T20:45:00+0200,47772.77,MW,FR,FR,actual_load,Actual Load,2026-08-09T15:49:09Z
2026-08-09T15:48:21Z,2026-08-09T17:48:21+0200,d1ee186b-63c3-474e-8770-b1ce1a43e356,2026-07-20T19:00:00Z,2026-07-20T21:00:00+0200,47423.42,MW,FR,FR,actual_load,Actual Load,2026-08-09T15:49:09Z
2026-08-09T15:48:21Z,2026-08-09T17:48:21+0200,d1ee186b-63c3-474e-8770-b1ce1a43e356,2026-07-20T19:15:00Z,2026-07-20T21:15:00+0200,46957.82,MW,FR,FR,actual_load,Actual Load,2026-08-09T15:49:09Z
2026-08-09T15:48:21Z,2026-08-09T17:48:21+0200,d1ee186b-63c3-474e-8770-b1ce1a43e356,2026-07-20T19:30:00Z,2026-07-20T21:30:00+0200,46699.4,MW,FR,FR,actual_load,Actual Load,2026-08-09T15:49:09Z
2026-08-09T15:48:21Z,2026-08-09T17:48:21+0200,d1ee186b-63c3-474e-8770-b1ce1a43e356,2026-07-20T19:45:00Z,2026-07-20T21:45:00+0200,46569.31,MW,FR,FR,actual_load,Actual Load,2026-08-09T15:49:09Z
2026-08-09T15:48:21Z,2026-08-09T17:48:21+0200,d1ee186b-63c3-474e-8770-b1ce1a43e356,2026-07-20T20:00:00Z,2026-07-20T22:00:00+0200,47715.73,MW,FR,FR,actual_load,Actual Load,2026-08-09T15:49:09Z
2026-08-09T15:48:21Z,2026-08-09T17:48:21+0200,d1ee186b-63c3-474e-8770-b1ce1a43e356,2026-07-20T20:15:00Z,2026-07-20T22:15:00+0200,47395.44,MW,FR,FR,actual_load,Actual Load,2026-08-09T15:49:09Z
2026-08-09T15:48:21Z,2026-08-09T17:48:21+0200,d1ee186b-63c3-474e-8770-b1ce1a43e356,2026-07-20T20:30:00Z,2026-07-20T22:30:00+0200,48409.01,MW,FR,FR,actual_load,Actual Load,2026-08-09T15:49:09Z
2026-08-09T15:48:21Z,2026-08-09T17:48:21+0200,d1ee186b-63c3-474e-8770-b1ce1a43e356,2026-07-20T20:45:00Z,2026-07-20T22:45:00+0200,47785.82,MW,FR,FR,actual_load,Actual Load,2026-08-09T15:49:09Z
2026-08-09T15:48:21Z,2026-08-09T17:48:21+0200,d1ee186b-63c3-474e-8770-b1ce1a43e356,2026-07-20T21:00:00Z,2026-07-20T23:00:00+0200,47343.2,MW,FR,FR,actual_load,Actual Load,2026-08-09T15:49:09Z
2026-08-09T15:48:21Z,2026-08-09T17:48:21+0200,d1ee186b-63c3-474e-8770-b1ce1a43e356,2026-07-20T21:15:00Z,2026-07-20T23:15:00+0200,46120.5,MW,FR,FR,actual_load,Actual Load,2026-08-09T15:49:09Z
2026-08-09T15:48:21Z,2026-08-09T17:48:21+0200,d1ee186b-63c3-474e-8770-b1ce1a43e356,2026-07-20T21:30:00Z,2026-07-20T23:30:00+0200,46259.22,MW,FR,FR,actual_load,Actual Load,2026-08-09T15:49:09Z
2026-08-09T15:48:21Z,2026-08-09T17:48:21+0200,d1ee186b-63c3-474e-8770-b1ce1a43e356,2026-07-20T21:45:00Z,2026-07-20T23:45:00+0200,45132.87,MW,FR,FR,actual_load,Actual Load,2026-08-09T15:49:09Z
2026-08-09T15:48:21Z,2026-08-09T17:48:21+0200,d1ee186b-63c3-474e-8770-b1ce1a43e356,2026-07-20T22:00:00Z,2026-07-21T00:00:00+0200,44875.04,MW,FR,FR,actual_load,Actual Load,2026-08-09T15:49:09Z
2026-08-09T15:48:21Z,2026-08-09T17:48:21+0200,d1ee186b-63c3-474e-8770-b1ce1a43e356,2026-07-20T22:15:00Z,2026-07-21T00:15:00+0200,43767.71,MW,FR,FR,actual_load,Actual Load,2026-08-09T15:49:09Z
2026-08-09T15:48:21Z,2026-08-09T17:48:21+0200,d1ee186b-63c3-474e-8770-b1ce1a43e356,2026-07-20T22:30:00Z,2026-07-21T00:30:00+0200,42666.48,MW,FR,FR,actual_load,Actual Load,2026-08-09T15:49:09Z
2026-08-09T15:48:21Z,2026-08-09T17:48:21+0200,d1ee186b-63c3-474e-8770-b1ce1a43e356,2026-07-20T22:45:00Z,2026-07-21T00:45:00+0200,41617.26,MW,FR,FR,actual_load,Actual Load,2026-08-09T15:49:09Z
2026-08-09T15:48:21Z,2026-08-09T17:48:21+0200,d1ee186b-63c3-474e-8770-b1ce1a43e356,2026-07-20T23:00:00Z,2026-07-21T01:00:00+0200,41907.61,MW,FR,FR,actual_load,Actual Load,2026-08-09T15:49:09Z
2026-08-09T15:48:21Z,2026-08-09T17:48:21+0200,d1ee186b-63c3-474e-8770-b1ce1a43e356,2026-07-20T23:15:00Z,2026-07-21T01:15:00+0200,41347.07,MW,FR,FR,actual_load,Actual Load,2026-08-09T15:49:09Z
2026-08-09T15:48:21Z,2026-08-09T17:48:21+0200,d1ee186b-63c3-474e-8770-b1ce1a43e356,2026-07-20T23:30:00Z,2026-07-21T01:30:00+0200,41140.09,MW,FR,FR,actual_load,Actual Load,2026-08-09T15:49:09Z
2026-08-09T15:48:21Z,2026-08-09T17:48:21+0200,d1ee186b-63c3-474e-8770-b1ce1a43e356,2026-07-20T23:45:00Z,2026-07-21T01:45:00+0200,40279.38,MW,FR,FR,actual_load,Actual Load,2026-08-09T15:49:09Z
2026-08-09T15:48:21Z,2026-08-09T17:48:21+0200,d1ee186b-63c3-474e-8770-b1ce1a43e356,2026-07-21T00:00:00Z,2026-07-21T02:00:00+0200,39950.23,MW,FR,FR,actual_load,Actual Load,2026-08-09T15:49:09Z
2026-08-09T15:48:21Z,2026-08-09T17:48:21+0200,d1ee186b-63c3-474e-8770-b1ce1a43e356,2026-07-21T00:15:00Z,2026-07-21T02:15:00+0200,39098.93,MW,FR,FR,actual_load,Actual Load,2026-08-09T15:49:09Z
2026-08-09T15:48:21Z,2026-08-09T17:48:21+0200,d1ee186b-63c3-474e-8770-b1ce1a43e356,2026-07-21T00:30:00Z,2026-07-21T02:30:00+0200,38427.93,MW,FR,FR,actual_load,Actual Load,2026-08-09T15:49:09Z
2026-08-09T15:48:21Z,2026-08-09T17:48:21+0200,d1ee186b-63c3-474e-8770-b1ce1a43e356,2026-07-21T00:45:00Z,2026-07-21T02:45:00+0200,37794.11,MW,FR,FR,actual_load,Actual Load,2026-08-09T15:49:09Z
2026-08-09T15:48:21Z,2026-08-09T17:48:21+0200,d1ee186b-63c3-474e-8770-b1ce1a43e356,2026-07-21T01:00:00Z,2026-07-21T03:00:00+0200,37408.34,MW,FR,FR,actual_load,Actual Load,2026-08-09T15:49:09Z
2026-08-09T15:48:21Z,2026-08-09T17:48:21+0200,d1ee186b-63c3-474e-8770-b1ce1a43e356,2026-07-21T01:15:00Z,2026-07-21T03:15:00+0200,37090.43,MW,FR,FR,actual_load,Actual Load,2026-08-09T15:49:09Z
2026-08-09T15:48:21Z,2026-08-09T17:48:21+0200,d1ee186b-63c3-474e-8770-b1ce1a43e356,2026-07-21T01:30:00Z,2026-07-21T03:30:00+0200,36927.55,MW,FR,FR,actual_load,Actual Load,2026-08-09T15:49:09Z
2026-08-09T15:48:21Z,2026-08-09T17:48:21+0200,d1ee186b-63c3-474e-8770-b1ce1a43e356,2026-07-21T01:45:00Z,2026-07-21T03:45:00+0200,36735.09,MW,FR,FR,actual_load,Actual Load,2026-08-09T15:49:09Z
2026-08-09T15:48:21Z,2026-08-09T17:48:21+0200,d1ee186b-63c3-474e-8770-b1ce1a43e356,2026-07-21T02:00:00Z,2026-07-21T04:00:00+0200,36781.18,MW,FR,FR,actual_load,Actual Load,2026-08-09T15:49:09Z
2026-08-09T15:48:21Z,2026-08-09T17:48:21+0200,d1ee186b-63c3-474e-8770-b1ce1a43e356,2026-07-21T02:15:00Z,2026-07-21T04:15:00+0200,36650.08,MW,FR,FR,actual_load,Actual Load,2026-08-09T15:49:09Z
2026-08-09T15:48:21Z,2026-08-09T17:48:21+0200,d1ee186b-63c3-474e-8770-b1ce1a43e356,2026-07-21T02:30:00Z,2026-07-21T04:30:00+0200,36637.02,MW,FR,FR,actual_load,Actual Load,2026-08-09T15:49:09Z
2026-08-09T15:48:21Z,2026-08-09T17:48:21+0200,d1ee186b-63c3-474e-8770-b1ce1a43e356,2026-07-21T02:45:00Z,2026-07-21T04:45:00+0200,36743.85,MW,FR,FR,actual_load,Actual Load,2026-08-09T15:49:09Z
2026-08-09T15:48:21Z,2026-08-09T17:48:21+0200,d1ee186b-63c3-474e-8770-b1ce1a43e356,2026-07-21T03:00:00Z,2026-07-21T05:00:00+0200,37433.57,MW,FR,FR,actual_load,Actual Load,2026-08-09T15:49:09Z
2026-08-09T15:48:21Z,2026-08-09T17:48:21+0200,d1ee186b-63c3-474e-8770-b1ce1a43e356,2026-07-21T03:15:00Z,2026-07-21T05:15:00+0200,37913.89,MW,FR,FR,actual_load,Actual Load,2026-08-09T15:49:09Z
2026-08-09T15:48:21Z,2026-08-09T17:48:21+0200,d1ee186b-63c3-474e-8770-b1ce1a43e356,2026-07-21T03:30:00Z,2026-07-21T05:30:00+0200,38274.89,MW,FR,FR,actual_load,Actual Load,2026-08-09T15:49:09Z
2026-08-09T15:48:21Z,2026-08-09T17:48:21+0200,d1ee186b-63c3-474e-8770-b1ce1a43e356,2026-07-21T03:45:00Z,2026-07-21T05:45:00+0200,38694.9,MW,FR,FR,actual_load,Actual Load,2026-08-09T15:49:09Z
2026-08-09T15:48:21Z,2026-08-09T17:48:21+0200,d1ee186b-63c3-474e-8770-b1ce1a43e356,2026-07-21T04:00:00Z,2026-07-21T06:00:00+0200,39472.48,MW,FR,FR,actual_load,Actual Load,2026-08-09T15:49:09Z
2026-08-09T15:48:21Z,2026-08-09T17:48:21+0200,d1ee186b-63c3-474e-8770-b1ce1a43e356,2026-07-21T04:15:00Z,2026-07-21T06:15:00+0200,40046.45,MW,FR,FR,actual_load,Actual Load,2026-08-09T15:49:09Z
2026-08-09T15:48:21Z,2026-08-09T17:48:21+0200,d1ee186b-63c3-474e-8770-b1ce1a43e356,2026-07-21T04:30:00Z,2026-07-21T06:30:00+0200,40567.89,MW,FR,FR,actual_load,Actual Load,2026-08-09T15:49:09Z
2026-08-09T15:48:21Z,2026-08-09T17:48:21+0200,d1ee186b-63c3-474e-8770-b1ce1a43e356,2026-07-21T04:45:00Z,2026-07-21T06:45:00+0200,41118.41,MW,FR,FR,actual_load,Actual Load,2026-08-09T15:49:09Z
2026-08-09T15:48:21Z,2026-08-09T17:48:21+0200,d1ee186b-63c3-474e-8770-b1ce1a43e356,2026-07-21T05:00:00Z,2026-07-21T07:00:00+0200,41604.75,MW,FR,FR,actual_load,Actual Load,2026-08-09T15:49:09Z
2026-08-09T15:48:21Z,2026-08-09T17:48:21+0200,d1ee186b-63c3-474e-8770-b1ce1a43e356,2026-07-21T05:15:00Z,2026-07-21T07:15:00+0200,42403.93,MW,FR,FR,actual_load,Actual Load,2026-08-09T15:49:09Z
2026-08-09T15:48:21Z,2026-08-09T17:48:21+0200,d1ee186b-63c3-474e-8770-b1ce1a43e356,2026-07-21T05:30:00Z,2026-07-21T07:30:00+0200,43159.93,MW,FR,FR,actual_load,Actual Load,2026-08-09T15:49:09Z
2026-08-09T15:48:21Z,2026-08-09T17:48:21+0200,d1ee186b-63c3-474e-8770-b1ce1a43e356,2026-07-21T05:45:00Z,2026-07-21T07:45:00+0200,43868.16,MW,FR,FR,actual_load,Actual Load,2026-08-09T15:49:09Z
2026-08-09T15:48:21Z,2026-08-09T17:48:21+0200,d1ee186b-63c3-474e-8770-b1ce1a43e356,2026-07-21T06:00:00Z,2026-07-21T08:00:00+0200,44483.48,MW,FR,FR,actual_load,Actual Load,2026-08-09T15:49:09Z
2026-08-09T15:48:21Z,2026-08-09T17:48:21+0200,d1ee186b-63c3-474e-8770-b1ce1a43e356,2026-07-21T06:15:00Z,2026-07-21T08:15:00+0200,45031.42,MW,FR,FR,actual_load,Actual Load,2026-08-09T15:49:09Z
2026-08-09T15:48:21Z,2026-08-09T17:48:21+0200,d1ee186b-63c3-474e-8770-b1ce1a43e356,2026-07-21T06:30:00Z,2026-07-21T08:30:00+0200,45324.55,MW,FR,FR,actual_load,Actual Load,2026-08-09T15:49:09Z
2026-08-09T15:48:21Z,2026-08-09T17:48:21+0200,d1ee186b-63c3-474e-8770-b1ce1a43e356,2026-07-21T06:45:00Z,2026-07-21T08:45:00+0200,45632.88,MW,FR,FR,actual_load,Actual Load,2026-08-09T15:49:09Z
2026-08-09T15:48:21Z,2026-08-09T17:48:21+0200,d1ee186b-63c3-474e-8770-b1ce1a43e356,2026-07-21T07:00:00Z,2026-07-21T09:00:00+0200,45951.19,MW,FR,FR,actual_load,Actual Load,2026-08-09T15:49:09Z
2026-08-09T15:48:21Z,2026-08-09T17:48:21+0200,d1ee186b-63c3-474e-8770-b1ce1a43e356,2026-07-21T07:15:00Z,2026-07-21T09:15:00+0200,46189.91,MW,FR,FR,actual_load,Actual Load,2026-08-09T15:49:09Z
2026-08-09T15:48:21Z,2026-08-09T17:48:21+0200,d1ee186b-63c3-474e-8770-b1ce1a43e356,2026-07-21T07:30:00Z,2026-07-21T09:30:00+0200,46582.66,MW,FR,FR,actual_load,Actual Load,2026-08-09T15:49:09Z
2026-08-09T15:48:21Z,2026-08-09T17:48:21+0200,d1ee186b-63c3-474e-8770-b1ce1a43e356,2026-07-21T07:45:00Z,2026-07-21T09:45:00+0200,46843.43,MW,FR,FR,actual_load,Actual Load,2026-08-09T15:49:09Z
2026-08-09T15:48:21Z,2026-08-09T17:48:21+0200,d1ee186b-63c3-474e-8770-b1ce1a43e356,2026-07-21T08:00:00Z,2026-07-21T10:00:00+0200,47157.68,MW,FR,FR,actual_load,Actual Load,2026-08-09T15:49:09Z
2026-08-09T15:48:21Z,2026-08-09T17:48:21+0200,d1ee186b-63c3-474e-8770-b1ce1a43e356,2026-07-21T08:15:00Z,2026-07-21T10:15:00+0200,47490.12,MW,FR,FR,actual_load,Actual Load,2026-08-09T15:49:09Z
2026-08-09T15:48:21Z,2026-08-09T17:48:21+0200,d1ee186b-63c3-474e-8770-b1ce1a43e356,2026-07-21T08:30:00Z,2026-07-21T10:30:00+0200,47719.37,MW,FR,FR,actual_load,Actual Load,2026-08-09T15:49:09Z
2026-08-09T15:48:21Z,2026-08-09T17:48:21+0200,d1ee186b-63c3-474e-8770-b1ce1a43e356,2026-07-21T08:45:00Z,2026-07-21T10:45:00+0200,47998.41,MW,FR,FR,actual_load,Actual Load,2026-08-09T15:49:09Z
2026-08-09T15:48:21Z,2026-08-09T17:48:21+0200,d1ee186b-63c3-474e-8770-b1ce1a43e356,2026-07-21T09:00:00Z,2026-07-21T11:00:00+0200,48500.38,MW,FR,FR,actual_load,Actual Load,2026-08-09T15:49:09Z
2026-08-09T15:48:21Z,2026-08-09T17:48:21+0200,d1ee186b-63c3-474e-8770-b1ce1a43e356,2026-07-21T09:15:00Z,2026-07-21T11:15:00+0200,48749.55,MW,FR,FR,actual_load,Actual Load,2026-08-09T15:49:09Z
2026-08-09T15:48:21Z,2026-08-09T17:48:21+0200,d1ee186b-63c3-474e-8770-b1ce1a43e356,2026-07-21T09:30:00Z,2026-07-21T11:30:00+0200,49085.67,MW,FR,FR,actual_load,Actual Load,2026-08-09T15:49:09Z
2026-08-09T15:48:21Z,2026-08-09T17:48:21+0200,d1ee186b-63c3-474e-8770-b1ce1a43e356,2026-07-21T09:45:00Z,2026-07-21T11:45:00+0200,49773.7,MW,FR,FR,actual_load,Actual Load,2026-08-09T15:49:09Z
2026-08-09T15:48:21Z,2026-08-09T17:48:21+0200,d1ee186b-63c3-474e-8770-b1ce1a43e356,2026-07-21T10:00:00Z,2026-07-21T12:00:00+0200,50707.38,MW,FR,FR,actual_load,Actual Load,2026-08-09T15:49:09Z
2026-08-09T15:48:21Z,2026-08-09T17:48:21+0200,d1ee186b-63c3-474e-8770-b1ce1a43e356,2026-07-21T10:15:00Z,2026-07-21T12:15:00+0200,51116.23,MW,FR,FR,actual_load,Actual Load,2026-08-09T15:49:09Z
2026-08-09T15:48:21Z,2026-08-09T17:48:21+0200,d1ee186b-63c3-474e-8770-b1ce1a43e356,2026-07-21T10:30:00Z,2026-07-21T12:30:00+0200,51559.13,MW,FR,FR,actual_load,Actual Load,2026-08-09T15:49:09Z
2026-08-09T15:48:21Z,2026-08-09T17:48:21+0200,d1ee186b-63c3-474e-8770-b1ce1a43e356,2026-07-21T10:45:00Z,2026-07-21T12:45:00+0200,51138.74,MW,FR,FR,actual_load,Actual Load,2026-08-09T15:49:09Z
2026-08-09T15:48:21Z,2026-08-09T17:48:21+0200,d1ee186b-63c3-474e-8770-b1ce1a43e356,2026-07-21T11:00:00Z,2026-07-21T13:00:00+0200,50962.32,MW,FR,FR,actual_load,Actual Load,2026-08-09T15:49:09Z
2026-08-09T15:48:21Z,2026-08-09T17:48:21+0200,d1ee186b-63c3-474e-8770-b1ce1a43e356,2026-07-21T11:15:00Z,2026-07-21T13:15:00+0200,50972.7,MW,FR,FR,actual_load,Actual Load,2026-08-09T15:49:09Z
2026-08-09T15:48:21Z,2026-08-09T17:48:21+0200,d1ee186b-63c3-474e-8770-b1ce1a43e356,2026-07-21T11:30:00Z,2026-07-21T13:30:00+0200,50835.38,MW,FR,FR,actual_load,Actual Load,2026-08-09T15:49:09Z
2026-08-09T15:48:21Z,2026-08-09T17:48:21+0200,d1ee186b-63c3-474e-8770-b1ce1a43e356,2026-07-21T11:45:00Z,2026-07-21T13:45:00+0200,50643.47,MW,FR,FR,actual_load,Actual Load,2026-08-09T15:49:09Z
2026-08-09T15:48:21Z,2026-08-09T17:48:21+0200,d1ee186b-63c3-474e-8770-b1ce1a43e356,2026-07-21T12:00:00Z,2026-07-21T14:00:00+0200,51388.7,MW,FR,FR,actual_load,Actual Load,2026-08-09T15:49:09Z
2026-08-09T15:48:21Z,2026-08-09T17:48:21+0200,d1ee186b-63c3-474e-8770-b1ce1a43e356,2026-07-21T12:15:00Z,2026-07-21T14:15:00+0200,50940.89,MW,FR,FR,actual_load,Actual Load,2026-08-09T15:49:09Z
2026-08-09T15:48:21Z,2026-08-09T17:48:21+0200,d1ee186b-63c3-474e-8770-b1ce1a43e356,2026-07-21T12:30:00Z,2026-07-21T14:30:00+0200,51082.98,MW,FR,FR,actual_load,Actual Load,2026-08-09T15:49:09Z
2026-08-09T15:48:21Z,2026-08-09T17:48:21+0200,d1ee186b-63c3-474e-8770-b1ce1a43e356,2026-07-21T12:45:00Z,2026-07-21T14:45:00+0200,50692.06,MW,FR,FR,actual_load,Actual Load,2026-08-09T15:49:09Z
2026-08-09T15:48:21Z,2026-08-09T17:48:21+0200,d1ee186b-63c3-474e-8770-b1ce1a43e356,2026-07-21T13:00:00Z,2026-07-21T15:00:00+0200,50485.23,MW,FR,FR,actual_load,Actual Load,2026-08-09T15:49:09Z
2026-08-09T15:48:21Z,2026-08-09T17:48:21+0200,d1ee186b-63c3-474e-8770-b1ce1a43e356,2026-07-21T13:15:00Z,2026-07-21T15:15:00+0200,49661.36,MW,FR,FR,actual_load,Actual Load,2026-08-09T15:49:09Z
2026-08-09T15:48:21Z,2026-08-09T17:48:21+0200,d1ee186b-63c3-474e-8770-b1ce1a43e356,2026-07-21T13:30:00Z,2026-07-21T15:30:00+0200,49533.86,MW,FR,FR,actual_load,Actual Load,2026-08-09T15:49:09Z
2026-08-09T15:48:21Z,2026-08-09T17:48:21+0200,d1ee186b-63c3-474e-8770-b1ce1a43e356,2026-07-21T13:45:00Z,2026-07-21T15:45:00+0200,49163.04,MW,FR,FR,actual_load,Actual Load,2026-08-09T15:49:09Z
2026-08-09T15:48:21Z,2026-08-09T17:48:21+0200,d1ee186b-63c3-474e-8770-b1ce1a43e356,2026-07-21T14:00:00Z,2026-07-21T16:00:00+0200,49167.24,MW,FR,FR,actual_load,Actual Load,2026-08-09T15:49:09Z
2026-08-09T15:48:21Z,2026-08-09T17:48:21+0200,d1ee186b-63c3-474e-8770-b1ce1a43e356,2026-07-21T14:15:00Z,2026-07-21T16:15:00+0200,49050.57,MW,FR,FR,actual_load,Actual Load,2026-08-09T15:49:09Z
2026-08-09T15:48:21Z,2026-08-09T17:48:21+0200,d1ee186b-63c3-474e-8770-b1ce1a43e356,2026-07-21T14:30:00Z,2026-07-21T16:30:00+0200,49162.52,MW,FR,FR,actual_load,Actual Load,2026-08-09T15:49:09Z
2026-08-09T15:48:21Z,2026-08-09T17:48:21+0200,d1ee186b-63c3-474e-8770-b1ce1a43e356,2026-07-21T14:45:00Z,2026-07-21T16:45:00+0200,48965.15,MW,FR,FR,actual_load,Actual Load,2026-08-09T15:49:09Z
2026-08-09T15:48:21Z,2026-08-09T17:48:21+0200,d1ee186b-63c3-474e-8770-b1ce1a43e356,2026-07-21T15:00:00Z,2026-07-21T17:00:00+0200,48227.79,MW,FR,FR,actual_load,Actual Load,2026-08-09T15:49:09Z
2026-08-09T15:48:21Z,2026-08-09T17:48:21+0200,d1ee186b-63c3-474e-8770-b1ce1a43e356,2026-07-21T15:15:00Z,2026-07-21T17:15:00+0200,48195.34,MW,FR,FR,actual_load,Actual Load,2026-08-09T15:49:09Z
2026-08-09T15:48:21Z,2026-08-09T17:48:21+0200,d1ee186b-63c3-474e-8770-b1ce1a43e356,2026-07-21T15:30:00Z,2026-07-21T17:30:00+0200,48375.43,MW,FR,FR,actual_load,Actual Load,2026-08-09T15:49:09Z
2026-08-09T15:48:21Z,2026-08-09T17:48:21+0200,d1ee186b-63c3-474e-8770-b1ce1a43e356,2026-07-21T15:45:00Z,2026-07-21T17:45:00+0200,48728.3,MW,FR,FR,actual_load,Actual Load,2026-08-09T15:49:09Z
2026-08-09T15:48:21Z,2026-08-09T17:48:21+0200,d1ee186b-63c3-474e-8770-b1ce1a43e356,2026-07-21T16:00:00Z,2026-07-21T18:00:00+0200,49094.02,MW,FR,FR,actual_load,Actual Load,2026-08-09T15:49:09Z
2026-08-09T15:48:21Z,2026-08-09T17:48:21+0200,d1ee186b-63c3-474e-8770-b1ce1a43e356,2026-07-21T16:15:00Z,2026-07-21T18:15:00+0200,49655.01,MW,FR,FR,actual_load,Actual Load,2026-08-09T15:49:09Z
2026-08-09T15:48:21Z,2026-08-09T17:48:21+0200,d1ee186b-63c3-474e-8770-b1ce1a43e356,2026-07-21T16:30:00Z,2026-07-21T18:30:00+0200,49849.61,MW,FR,FR,actual_load,Actual Load,2026-08-09T15:49:09Z
2026-08-09T15:48:21Z,2026-08-09T17:48:21+0200,d1ee186b-63c3-474e-8770-b1ce1a43e356,2026-07-21T16:45:00Z,2026-07-21T18:45:00+0200,50580.58,MW,FR,FR,actual_load,Actual Load,2026-08-09T15:49:09Z
2026-08-09T15:48:21Z,2026-08-09T17:48:21+0200,d1ee186b-63c3-474e-8770-b1ce1a43e356,2026-07-21T17:00:00Z,2026-07-21T19:00:00+0200,50903.55,MW,FR,FR,actual_load,Actual Load,2026-08-09T15:49:09Z
2026-08-09T15:48:21Z,2026-08-09T17:48:21+0200,d1ee186b-63c3-474e-8770-b1ce1a43e356,2026-07-21T17:15:00Z,2026-07-21T19:15:00+0200,50705.63,MW,FR,FR,actual_load,Actual Load,2026-08-09T15:49:09Z
2026-08-09T15:48:21Z,2026-08-09T17:48:21+0200,d1ee186b-63c3-474e-8770-b1ce1a43e356,2026-07-21T17:30:00Z,2026-07-21T19:30:00+0200,50579.56,MW,FR,FR,actual_load,Actual Load,2026-08-09T15:49:09Z
2026-08-09T15:48:21Z,2026-08-09T17:48:21+0200,d1ee186b-63c3-474e-8770-b1ce1a43e356,2026-07-21T17:45:00Z,2026-07-21T19:45:00+0200,50212.02,MW,FR,FR,actual_load,Actual Load,2026-08-09T15:49:09Z
2026-08-09T15:48:21Z,2026-08-09T17:48:21+0200,d1ee186b-63c3-474e-8770-b1ce1a43e356,2026-07-21T18:00:00Z,2026-07-21T20:00:00+0200,49740.94,MW,FR,FR,actual_load,Actual Load,2026-08-09T15:49:09Z
2026-08-09T15:48:21Z,2026-08-09T17:48:21+0200,d1ee186b-63c3-474e-8770-b1ce1a43e356,2026-07-21T18:15:00Z,2026-07-21T20:15:00+0200,48985.65,MW,FR,FR,actual_load,Actual Load,2026-08-09T15:49:09Z
2026-08-09T15:48:21Z,2026-08-09T17:48:21+0200,d1ee186b-63c3-474e-8770-b1ce1a43e356,2026-07-21T18:30:00Z,2026-07-21T20:30:00+0200,48202.68,MW,FR,FR,actual_load,Actual Load,2026-08-09T15:49:09Z
2026-08-09T15:48:21Z,2026-08-09T17:48:21+0200,d1ee186b-63c3-474e-8770-b1ce1a43e356,2026-07-21T18:45:00Z,2026-07-21T20:45:00+0200,47554.64,MW,FR,FR,actual_load,Actual Load,2026-08-09T15:49:09Z
2026-08-09T15:48:21Z,2026-08-09T17:48:21+0200,d1ee186b-63c3-474e-8770-b1ce1a43e356,2026-07-21T19:00:00Z,2026-07-21T21:00:00+0200,47277.53,MW,FR,FR,actual_load,Actual Load,2026-08-09T15:49:09Z
2026-08-09T15:48:21Z,2026-08-09T17:48:21+0200,d1ee186b-63c3-474e-8770-b1ce1a43e356,2026-07-21T19:15:00Z,2026-07-21T21:15:00+0200,46746.98,MW,FR,FR,actual_load,Actual Load,2026-08-09T15:49:09Z
2026-08-09T15:48:21Z,2026-08-09T17:48:21+0200,d1ee186b-63c3-474e-8770-b1ce1a43e356,2026-07-21T19:30:00Z,2026-07-21T21:30:00+0200,46625.06,MW,FR,FR,actual_load,Actual Load,2026-08-09T15:49:09Z
2026-08-09T15:48:21Z,2026-08-09T17:48:21+0200,d1ee186b-63c3-474e-8770-b1ce1a43e356,2026-07-21T19:45:00Z,2026-07-21T21:45:00+0200,46347.54,MW,FR,FR,actual_load,Actual Load,2026-08-09T15:49:09Z
2026-08-09T15:48:21Z,2026-08-09T17:48:21+0200,d1ee186b-63c3-474e-8770-b1ce1a43e356,2026-07-21T20:00:00Z,2026-07-21T22:00:00+0200,47549.09,MW,FR,FR,actual_load,Actual Load,2026-08-09T15:49:09Z
2026-08-09T15:48:21Z,2026-08-09T17:48:21+0200,d1ee186b-63c3-474e-8770-b1ce1a43e356,2026-07-21T20:15:00Z,2026-07-21T22:15:00+0200,47268.67,MW,FR,FR,actual_load,Actual Load,2026-08-09T15:49:09Z
2026-08-09T15:48:21Z,2026-08-09T17:48:21+0200,d1ee186b-63c3-474e-8770-b1ce1a43e356,2026-07-21T20:30:00Z,2026-07-21T22:30:00+0200,48349.84,MW,FR,FR,actual_load,Actual Load,2026-08-09T15:49:09Z
2026-08-09T15:48:21Z,2026-08-09T17:48:21+0200,d1ee186b-63c3-474e-8770-b1ce1a43e356,2026-07-21T20:45:00Z,2026-07-21T22:45:00+0200,47620.14,MW,FR,FR,actual_load,Actual Load,2026-08-09T15:49:09Z
2026-08-09T15:48:21Z,2026-08-09T17:48:21+0200,d1ee186b-63c3-474e-8770-b1ce1a43e356,2026-07-21T21:00:00Z,2026-07-21T23:00:00+0200,47295.48,MW,FR,FR,actual_load,Actual Load,2026-08-09T15:49:09Z
2026-08-09T15:48:21Z,2026-08-09T17:48:21+0200,d1ee186b-63c3-474e-8770-b1ce1a43e356,2026-07-21T21:15:00Z,2026-07-21T23:15:00+0200,46239.02,MW,FR,FR,actual_load,Actual Load,2026-08-09T15:49:09Z
2026-08-09T15:48:21Z,2026-08-09T17:48:21+0200,d1ee186b-63c3-474e-8770-b1ce1a43e356,2026-07-21T21:30:00Z,2026-07-21T23:30:00+0200,46337.08,MW,FR,FR,actual_load,Actual Load,2026-08-09T15:49:09Z
2026-08-09T15:48:21Z,2026-08-09T17:48:21+0200,d1ee186b-63c3-474e-8770-b1ce1a43e356,2026-07-21T21:45:00Z,2026-07-21T23:45:00+0200,45076.52,MW,FR,FR,actual_load,Actual Load,2026-08-09T15:49:09Z
2026-08-09T15:48:21Z,2026-08-09T17:48:21+0200,d1ee186b-63c3-474e-8770-b1ce1a43e356,2026-07-21T22:00:00Z,2026-07-22T00:00:00+0200,44928.27,MW,FR,FR,actual_load,Actual Load,2026-08-09T15:49:09Z
2026-08-09T15:48:21Z,2026-08-09T17:48:21+0200,d1ee186b-63c3-474e-8770-b1ce1a43e356,2026-07-21T22:15:00Z,2026-07-22T00:15:00+0200,43641.48,MW,FR,FR,actual_load,Actual Load,2026-08-09T15:49:09Z
2026-08-09T15:48:21Z,2026-08-09T17:48:21+0200,d1ee186b-63c3-474e-8770-b1ce1a43e356,2026-07-21T22:30:00Z,2026-07-22T00:30:00+0200,42434.78,MW,FR,FR,actual_load,Actual Load,2026-08-09T15:49:09Z
2026-08-09T15:48:21Z,2026-08-09T17:48:21+0200,d1ee186b-63c3-474e-8770-b1ce1a43e356,2026-07-21T22:45:00Z,2026-07-22T00:45:00+0200,41435.43,MW,FR,FR,actual_load,Actual Load,2026-08-09T15:49:09Z
2026-08-09T15:48:21Z,2026-08-09T17:48:21+0200,d1ee186b-63c3-474e-8770-b1ce1a43e356,2026-07-21T23:00:00Z,2026-07-22T01:00:00+0200,41637.9,MW,FR,FR,actual_load,Actual Load,2026-08-09T15:49:09Z
2026-08-09T15:48:21Z,2026-08-09T17:48:21+0200,d1ee186b-63c3-474e-8770-b1ce1a43e356,2026-07-21T23:15:00Z,2026-07-22T01:15:00+0200,41009.38,MW,FR,FR,actual_load,Actual Load,2026-08-09T15:49:09Z
2026-08-09T15:48:21Z,2026-08-09T17:48:21+0200,d1ee186b-63c3-474e-8770-b1ce1a43e356,2026-07-21T23:30:00Z,2026-07-22T01:30:00+0200,41026.84,MW,FR,FR,actual_load,Actual Load,2026-08-09T15:49:09Z
2026-08-09T15:48:21Z,2026-08-09T17:48:21+0200,d1ee186b-63c3-474e-8770-b1ce1a43e356,2026-07-21T23:45:00Z,2026-07-22T01:45:00+0200,40042.29,MW,FR,FR,actual_load,Actual Load,2026-08-09T15:49:09Z
2026-08-09T15:48:21Z,2026-08-09T17:48:21+0200,d1ee186b-63c3-474e-8770-b1ce1a43e356,2026-07-22T00:00:00Z,2026-07-22T02:00:00+0200,39873.52,MW,FR,FR,actual_load,Actual Load,2026-08-09T15:49:09Z
2026-08-09T15:48:21Z,2026-08-09T17:48:21+0200,d1ee186b-63c3-474e-8770-b1ce1a43e356,2026-07-22T00:15:00Z,2026-07-22T02:15:00+0200,38925.53,MW,FR,FR,actual_load,Actual Load,2026-08-09T15:49:09Z
2026-08-09T15:48:21Z,2026-08-09T17:48:21+0200,d1ee186b-63c3-474e-8770-b1ce1a43e356,2026-07-22T00:30:00Z,2026-07-22T02:30:00+0200,38285.11,MW,FR,FR,actual_load,Actual Load,2026-08-09T15:49:09Z
2026-08-09T15:48:21Z,2026-08-09T17:48:21+0200,d1ee186b-63c3-474e-8770-b1ce1a43e356,2026-07-22T00:45:00Z,2026-07-22T02:45:00+0200,37467.41,MW,FR,FR,actual_load,Actual Load,2026-08-09T15:49:09Z
2026-08-09T15:48:21Z,2026-08-09T17:48:21+0200,d1ee186b-63c3-474e-8770-b1ce1a43e356,2026-07-22T01:00:00Z,2026-07-22T03:00:00+0200,36995.71,MW,FR,FR,actual_load,Actual Load,2026-08-09T15:49:09Z
2026-08-09T15:48:21Z,2026-08-09T17:48:21+0200,d1ee186b-63c3-474e-8770-b1ce1a43e356,2026-07-22T01:15:00Z,2026-07-22T03:15:00+0200,36571.27,MW,FR,FR,actual_load,Actual Load,2026-08-09T15:49:09Z
2026-08-09T15:48:21Z,2026-08-09T17:48:21+0200,d1ee186b-63c3-474e-8770-b1ce1a43e356,2026-07-22T01:30:00Z,2026-07-22T03:30:00+0200,36286.66,MW,FR,FR,actual_load,Actual Load,2026-08-09T15:49:09Z
2026-08-09T15:48:21Z,2026-08-09T17:48:21+0200,d1ee186b-63c3-474e-8770-b1ce1a43e356,2026-07-22T01:45:00Z,2026-07-22T03:45:00+0200,36130.88,MW,FR,FR,actual_load,Actual Load,2026-08-09T15:49:09Z
2026-08-09T15:48:21Z,2026-08-09T17:48:21+0200,d1ee186b-63c3-474e-8770-b1ce1a43e356,2026-07-22T02:00:00Z,2026-07-22T04:00:00+0200,35957.14,MW,FR,FR,actual_load,Actual Load,2026-08-09T15:49:09Z
2026-08-09T15:48:21Z,2026-08-09T17:48:21+0200,d1ee186b-63c3-474e-8770-b1ce1a43e356,2026-07-22T02:15:00Z,2026-07-22T04:15:00+0200,35844.25,MW,FR,FR,actual_load,Actual Load,2026-08-09T15:49:09Z
2026-08-09T15:48:21Z,2026-08-09T17:48:21+0200,d1ee186b-63c3-474e-8770-b1ce1a43e356,2026-07-22T02:30:00Z,2026-07-22T04:30:00+0200,35834.01,MW,FR,FR,actual_load,Actual Load,2026-08-09T15:49:09Z
2026-08-09T15:48:21Z,2026-08-09T17:48:21+0200,d1ee186b-63c3-474e-8770-b1ce1a43e356,2026-07-22T02:45:00Z,2026-07-22T04:45:00+0200,35968.66,MW,FR,FR,actual_load,Actual Load,2026-08-09T15:49:09Z
2026-08-09T15:48:21Z,2026-08-09T17:48:21+0200,d1ee186b-63c3-474e-8770-b1ce1a43e356,2026-07-22T03:00:00Z,2026-07-22T05:00:00+0200,36664.83,MW,FR,FR,actual_load,Actual Load,2026-08-09T15:49:09Z
2026-08-09T15:48:21Z,2026-08-09T17:48:21+0200,d1ee186b-63c3-474e-8770-b1ce1a43e356,2026-07-22T03:15:00Z,2026-07-22T05:15:00+0200,37193.8,MW,FR,FR,actual_load,Actual Load,2026-08-09T15:49:09Z
2026-08-09T15:48:21Z,2026-08-09T17:48:21+0200,d1ee186b-63c3-474e-8770-b1ce1a43e356,2026-07-22T03:30:00Z,2026-07-22T05:30:00+0200,37590.33,MW,FR,FR,actual_load,Actual Load,2026-08-09T15:49:09Z
2026-08-09T15:48:21Z,2026-08-09T17:48:21+0200,d1ee186b-63c3-474e-8770-b1ce1a43e356,2026-07-22T03:45:00Z,2026-07-22T05:45:00+0200,37883.95,MW,FR,FR,actual_load,Actual Load,2026-08-09T15:49:09Z
2026-08-09T15:48:21Z,2026-08-09T17:48:21+0200,d1ee186b-63c3-474e-8770-b1ce1a43e356,2026-07-22T04:00:00Z,2026-07-22T06:00:00+0200,38577.91,MW,FR,FR,actual_load,Actual Load,2026-08-09T15:49:09Z
2026-08-09T15:48:21Z,2026-08-09T17:48:21+0200,d1ee186b-63c3-474e-8770-b1ce1a43e356,2026-07-22T04:15:00Z,2026-07-22T06:15:00+0200,39057.4,MW,FR,FR,actual_load,Actual Load,2026-08-09T15:49:09Z
2026-08-09T15:48:21Z,2026-08-09T17:48:21+0200,d1ee186b-63c3-474e-8770-b1ce1a43e356,2026-07-22T04:30:00Z,2026-07-22T06:30:00+0200,39519.79,MW,FR,FR,actual_load,Actual Load,2026-08-09T15:49:09Z
2026-08-09T15:48:21Z,2026-08-09T17:48:21+0200,d1ee186b-63c3-474e-8770-b1ce1a43e356,2026-07-22T04:45:00Z,2026-07-22T06:45:00+0200,40062.02,MW,FR,FR,actual_load,Actual Load,2026-08-09T15:49:09Z
2026-08-09T15:48:21Z,2026-08-09T17:48:21+0200,d1ee186b-63c3-474e-8770-b1ce1a43e356,2026-07-22T05:00:00Z,2026-07-22T07:00:00+0200,40652.09,MW,FR,FR,actual_load,Actual Load,2026-08-09T15:49:09Z
2026-08-09T15:48:21Z,2026-08-09T17:48:21+0200,d1ee186b-63c3-474e-8770-b1ce1a43e356,2026-07-22T05:15:00Z,2026-07-22T07:15:00+0200,41352.2,MW,FR,FR,actual_load,Actual Load,2026-08-09T15:49:09Z
2026-08-09T15:48:21Z,2026-08-09T17:48:21+0200,d1ee186b-63c3-474e-8770-b1ce1a43e356,2026-07-22T05:30:00Z,2026-07-22T07:30:00+0200,41999.64,MW,FR,FR,actual_load,Actual Load,2026-08-09T15:49:09Z
2026-08-09T15:48:21Z,2026-08-09T17:48:21+0200,d1ee186b-63c3-474e-8770-b1ce1a43e356,2026-07-22T05:45:00Z,2026-07-22T07:45:00+0200,42620.36,MW,FR,FR,actual_load,Actual Load,2026-08-09T15:49:09Z
2026-08-09T15:48:21Z,2026-08-09T17:48:21+0200,d1ee186b-63c3-474e-8770-b1ce1a43e356,2026-07-22T06:00:00Z,2026-07-22T08:00:00+0200,43308.05,MW,FR,FR,actual_load,Actual Load,2026-08-09T15:49:09Z
2026-08-09T15:48:21Z,2026-08-09T17:48:21+0200,d1ee186b-63c3-474e-8770-b1ce1a43e356,2026-07-22T06:15:00Z,2026-07-22T08:15:00+0200,43711.19,MW,FR,FR,actual_load,Actual Load,2026-08-09T15:49:09Z
2026-08-09T15:48:21Z,2026-08-09T17:48:21+0200,d1ee186b-63c3-474e-8770-b1ce1a43e356,2026-07-22T06:30:00Z,2026-07-22T08:30:00+0200,44212.56,MW,FR,FR,actual_load,Actual Load,2026-08-09T15:49:09Z
2026-08-09T15:48:21Z,2026-08-09T17:48:21+0200,d1ee186b-63c3-474e-8770-b1ce1a43e356,2026-07-22T06:45:00Z,2026-07-22T08:45:00+0200,44700.38,MW,FR,FR,actual_load,Actual Load,2026-08-09T15:49:09Z
2026-08-09T15:48:21Z,2026-08-09T17:48:21+0200,d1ee186b-63c3-474e-8770-b1ce1a43e356,2026-07-22T07:00:00Z,2026-07-22T09:00:00+0200,44934.46,MW,FR,FR,actual_load,Actual Load,2026-08-09T15:49:09Z
2026-08-09T15:48:21Z,2026-08-09T17:48:21+0200,d1ee186b-63c3-474e-8770-b1ce1a43e356,2026-07-22T07:15:00Z,2026-07-22T09:15:00+0200,45447.94,MW,FR,FR,actual_load,Actual Load,2026-08-09T15:49:09Z
2026-08-09T15:48:21Z,2026-08-09T17:48:21+0200,d1ee186b-63c3-474e-8770-b1ce1a43e356,2026-07-22T07:30:00Z,2026-07-22T09:30:00+0200,46072.58,MW,FR,FR,actual_load,Actual Load,2026-08-09T15:49:09Z
2026-08-09T15:48:21Z,2026-08-09T17:48:21+0200,d1ee186b-63c3-474e-8770-b1ce1a43e356,2026-07-22T07:45:00Z,2026-07-22T09:45:00+0200,46324.43,MW,FR,FR,actual_load,Actual Load,2026-08-09T15:49:09Z
2026-08-09T15:48:21Z,2026-08-09T17:48:21+0200,d1ee186b-63c3-474e-8770-b1ce1a43e356,2026-07-22T08:00:00Z,2026-07-22T10:00:00+0200,46709.39,MW,FR,FR,actual_load,Actual Load,2026-08-09T15:49:09Z
2026-08-09T15:48:21Z,2026-08-09T17:48:21+0200,d1ee186b-63c3-474e-8770-b1ce1a43e356,2026-07-22T08:15:00Z,2026-07-22T10:15:00+0200,46843.53,MW,FR,FR,actual_load,Actual Load,2026-08-09T15:49:09Z
2026-08-09T15:48:21Z,2026-08-09T17:48:21+0200,d1ee186b-63c3-474e-8770-b1ce1a43e356,2026-07-22T08:30:00Z,2026-07-22T10:30:00+0200,47053.38,MW,FR,FR,actual_load,Actual Load,2026-08-09T15:49:09Z
2026-08-09T15:48:21Z,2026-08-09T17:48:21+0200,d1ee186b-63c3-474e-8770-b1ce1a43e356,2026-07-22T08:45:00Z,2026-07-22T10:45:00+0200,47268.42,MW,FR,FR,actual_load,Actual Load,2026-08-09T15:49:09Z
2026-08-09T15:48:21Z,2026-08-09T17:48:21+0200,d1ee186b-63c3-474e-8770-b1ce1a43e356,2026-07-22T09:00:00Z,2026-07-22T11:00:00+0200,47456.95,MW,FR,FR,actual_load,Actual Load,2026-08-09T15:49:09Z
2026-08-09T15:48:21Z,2026-08-09T17:48:21+0200,d1ee186b-63c3-474e-8770-b1ce1a43e356,2026-07-22T09:15:00Z,2026-07-22T11:15:00+0200,47813.6,MW,FR,FR,actual_load,Actual Load,2026-08-09T15:49:09Z
2026-08-09T15:48:21Z,2026-08-09T17:48:21+0200,d1ee186b-63c3-474e-8770-b1ce1a43e356,2026-07-22T09:30:00Z,2026-07-22T11:30:00+0200,48079.25,MW,FR,FR,actual_load,Actual Load,2026-08-09T15:49:09Z
2026-08-09T15:48:21Z,2026-08-09T17:48:21+0200,d1ee186b-63c3-474e-8770-b1ce1a43e356,2026-07-22T09:45:00Z,2026-07-22T11:45:00+0200,48347.44,MW,FR,FR,actual_load,Actual Load,2026-08-09T15:49:09Z
2026-08-09T15:48:21Z,2026-08-09T17:48:21+0200,d1ee186b-63c3-474e-8770-b1ce1a43e356,2026-07-22T10:00:00Z,2026-07-22T12:00:00+0200,49021.07,MW,FR,FR,actual_load,Actual Load,2026-08-09T15:49:09Z
2026-08-09T15:48:21Z,2026-08-09T17:48:21+0200,d1ee186b-63c3-474e-8770-b1ce1a43e356,2026-07-22T10:15:00Z,2026-07-22T12:15:00+0200,49092.27,MW,FR,FR,actual_load,Actual Load,2026-08-09T15:49:09Z
2026-08-09T15:48:21Z,2026-08-09T17:48:21+0200,d1ee186b-63c3-474e-8770-b1ce1a43e356,2026-07-22T10:30:00Z,2026-07-22T12:30:00+0200,49578.56,MW,FR,FR,actual_load,Actual Load,2026-08-09T15:49:09Z
2026-08-09T15:48:21Z,2026-08-09T17:48:21+0200,d1ee186b-63c3-474e-8770-b1ce1a43e356,2026-07-22T10:45:00Z,2026-07-22T12:45:00+0200,49252.55,MW,FR,FR,actual_load,Actual Load,2026-08-09T15:49:09Z
2026-08-09T15:48:21Z,2026-08-09T17:48:21+0200,d1ee186b-63c3-474e-8770-b1ce1a43e356,2026-07-22T11:00:00Z,2026-07-22T13:00:00+0200,49221.07,MW,FR,FR,actual_load,Actual Load,2026-08-09T15:49:09Z
2026-08-09T15:48:21Z,2026-08-09T17:48:21+0200,d1ee186b-63c3-474e-8770-b1ce1a43e356,2026-07-22T11:15:00Z,2026-07-22T13:15:00+0200,48775.29,MW,FR,FR,actual_load,Actual Load,2026-08-09T15:49:09Z
2026-08-09T15:48:21Z,2026-08-09T17:48:21+0200,d1ee186b-63c3-474e-8770-b1ce1a43e356,2026-07-22T11:30:00Z,2026-07-22T13:30:00+0200,48891.21,MW,FR,FR,actual_load,Actual Load,2026-08-09T15:49:09Z
2026-08-09T15:48:21Z,2026-08-09T17:48:21+0200,d1ee186b-63c3-474e-8770-b1ce1a43e356,2026-07-22T11:45:00Z,2026-07-22T13:45:00+0200,49182.38,MW,FR,FR,actual_load,Actual Load,2026-08-09T15:49:09Z
2026-08-09T15:48:21Z,2026-08-09T17:48:21+0200,d1ee186b-63c3-474e-8770-b1ce1a43e356,2026-07-22T12:00:00Z,2026-07-22T14:00:00+0200,49922.76,MW,FR,FR,actual_load,Actual Load,2026-08-09T15:49:09Z
2026-08-09T15:48:21Z,2026-08-09T17:48:21+0200,d1ee186b-63c3-474e-8770-b1ce1a43e356,2026-07-22T12:15:00Z,2026-07-22T14:15:00+0200,49570.51,MW,FR,FR,actual_load,Actual Load,2026-08-09T15:49:09Z
2026-08-09T15:48:21Z,2026-08-09T17:48:21+0200,d1ee186b-63c3-474e-8770-b1ce1a43e356,2026-07-22T12:30:00Z,2026-07-22T14:30:00+0200,49481.66,MW,FR,FR,actual_load,Actual Load,2026-08-09T15:49:09Z
2026-08-09T15:48:21Z,2026-08-09T17:48:21+0200,d1ee186b-63c3-474e-8770-b1ce1a43e356,2026-07-22T12:45:00Z,2026-07-22T14:45:00+0200,49204.14,MW,FR,FR,actual_load,Actual Load,2026-08-09T15:49:09Z
2026-08-09T15:48:21Z,2026-08-09T17:48:21+0200,d1ee186b-63c3-474e-8770-b1ce1a43e356,2026-07-22T13:00:00Z,2026-07-22T15:00:00+0200,49343.49,MW,FR,FR,actual_load,Actual Load,2026-08-09T15:49:09Z
2026-08-09T15:48:21Z,2026-08-09T17:48:21+0200,d1ee186b-63c3-474e-8770-b1ce1a43e356,2026-07-22T13:15:00Z,2026-07-22T15:15:00+0200,48744.69,MW,FR,FR,actual_load,Actual Load,2026-08-09T15:49:09Z
2026-08-09T15:48:21Z,2026-08-09T17:48:21+0200,d1ee186b-63c3-474e-8770-b1ce1a43e356,2026-07-22T13:30:00Z,2026-07-22T15:30:00+0200,48658.73,MW,FR,FR,actual_load,Actual Load,2026-08-09T15:49:09Z
2026-08-09T15:48:21Z,2026-08-09T17:48:21+0200,d1ee186b-63c3-474e-8770-b1ce1a43e356,2026-07-22T13:45:00Z,2026-07-22T15:45:00+0200,48293.36,MW,FR,FR,actual_load,Actual Load,2026-08-09T15:49:09Z
2026-08-09T15:48:21Z,2026-08-09T17:48:21+0200,d1ee186b-63c3-474e-8770-b1ce1a43e356,2026-07-22T14:00:00Z,2026-07-22T16:00:00+0200,48019.29,MW,FR,FR,actual_load,Actual Load,2026-08-09T15:49:09Z
2026-08-09T15:48:21Z,2026-08-09T17:48:21+0200,d1ee186b-63c3-474e-8770-b1ce1a43e356,2026-07-22T14:15:00Z,2026-07-22T16:15:00+0200,47865.64,MW,FR,FR,actual_load,Actual Load,2026-08-09T15:49:09Z
2026-08-09T15:48:21Z,2026-08-09T17:48:21+0200,d1ee186b-63c3-474e-8770-b1ce1a43e356,2026-07-22T14:30:00Z,2026-07-22T16:30:00+0200,47506.22,MW,FR,FR,actual_load,Actual Load,2026-08-09T15:49:09Z
2026-08-09T15:48:21Z,2026-08-09T17:48:21+0200,d1ee186b-63c3-474e-8770-b1ce1a43e356,2026-07-22T14:45:00Z,2026-07-22T16:45:00+0200,47660.7,MW,FR,FR,actual_load,Actual Load,2026-08-09T15:49:09Z
2026-08-09T15:48:21Z,2026-08-09T17:48:21+0200,d1ee186b-63c3-474e-8770-b1ce1a43e356,2026-07-22T15:00:00Z,2026-07-22T17:00:00+0200,47321.71,MW,FR,FR,actual_load,Actual Load,2026-08-09T15:49:09Z
2026-08-09T15:48:21Z,2026-08-09T17:48:21+0200,d1ee186b-63c3-474e-8770-b1ce1a43e356,2026-07-22T15:15:00Z,2026-07-22T17:15:00+0200,47062.98,MW,FR,FR,actual_load,Actual Load,2026-08-09T15:49:09Z
2026-08-09T15:48:21Z,2026-08-09T17:48:21+0200,d1ee186b-63c3-474e-8770-b1ce1a43e356,2026-07-22T15:30:00Z,2026-07-22T17:30:00+0200,47399.88,MW,FR,FR,actual_load,Actual Load,2026-08-09T15:49:09Z
2026-08-09T15:48:21Z,2026-08-09T17:48:21+0200,d1ee186b-63c3-474e-8770-b1ce1a43e356,2026-07-22T15:45:00Z,2026-07-22T17:45:00+0200,47685.7,MW,FR,FR,actual_load,Actual Load,2026-08-09T15:49:09Z
2026-08-09T15:48:21Z,2026-08-09T17:48:21+0200,d1ee186b-63c3-474e-8770-b1ce1a43e356,2026-07-22T16:00:00Z,2026-07-22T18:00:00+0200,47956.52,MW,FR,FR,actual_load,Actual Load,2026-08-09T15:49:09Z
2026-08-09T15:48:21Z,2026-08-09T17:48:21+0200,d1ee186b-63c3-474e-8770-b1ce1a43e356,2026-07-22T16:15:00Z,2026-07-22T18:15:00+0200,48636.6,MW,FR,FR,actual_load,Actual Load,2026-08-09T15:49:09Z
2026-08-09T15:48:21Z,2026-08-09T17:48:21+0200,d1ee186b-63c3-474e-8770-b1ce1a43e356,2026-07-22T16:30:00Z,2026-07-22T18:30:00+0200,49022.31,MW,FR,FR,actual_load,Actual Load,2026-08-09T15:49:09Z
2026-08-09T15:48:21Z,2026-08-09T17:48:21+0200,d1ee186b-63c3-474e-8770-b1ce1a43e356,2026-07-22T16:45:00Z,2026-07-22T18:45:00+0200,49761.43,MW,FR,FR,actual_load,Actual Load,2026-08-09T15:49:09Z
2026-08-09T15:48:21Z,2026-08-09T17:48:21+0200,d1ee186b-63c3-474e-8770-b1ce1a43e356,2026-07-22T17:00:00Z,2026-07-22T19:00:00+0200,49926.74,MW,FR,FR,actual_load,Actual Load,2026-08-09T15:49:09Z
2026-08-09T15:48:21Z,2026-08-09T17:48:21+0200,d1ee186b-63c3-474e-8770-b1ce1a43e356,2026-07-22T17:15:00Z,2026-07-22T19:15:00+0200,49656.19,MW,FR,FR,actual_load,Actual Load,2026-08-09T15:49:09Z
2026-08-09T15:48:21Z,2026-08-09T17:48:21+0200,d1ee186b-63c3-474e-8770-b1ce1a43e356,2026-07-22T17:30:00Z,2026-07-22T19:30:00+0200,49494.44,MW,FR,FR,actual_load,Actual Load,2026-08-09T15:49:09Z
2026-08-09T15:48:21Z,2026-08-09T17:48:21+0200,d1ee186b-63c3-474e-8770-b1ce1a43e356,2026-07-22T17:45:00Z,2026-07-22T19:45:00+0200,49347.61,MW,FR,FR,actual_load,Actual Load,2026-08-09T15:49:09Z
2026-08-09T15:48:21Z,2026-08-09T17:48:21+0200,d1ee186b-63c3-474e-8770-b1ce1a43e356,2026-07-22T18:00:00Z,2026-07-22T20:00:00+0200,48746.98,MW,FR,FR,actual_load,Actual Load,2026-08-09T15:49:09Z
2026-08-09T15:48:21Z,2026-08-09T17:48:21+0200,d1ee186b-63c3-474e-8770-b1ce1a43e356,2026-07-22T18:15:00Z,2026-07-22T20:15:00+0200,48079.08,MW,FR,FR,actual_load,Actual Load,2026-08-09T15:49:09Z
2026-08-09T15:48:21Z,2026-08-09T17:48:21+0200,d1ee186b-63c3-474e-8770-b1ce1a43e356,2026-07-22T18:30:00Z,2026-07-22T20:30:00+0200,47461.74,MW,FR,FR,actual_load,Actual Load,2026-08-09T15:49:09Z
2026-08-09T15:48:21Z,2026-08-09T17:48:21+0200,d1ee186b-63c3-474e-8770-b1ce1a43e356,2026-07-22T18:45:00Z,2026-07-22T20:45:00+0200,46823.4,MW,FR,FR,actual_load,Actual Load,2026-08-09T15:49:09Z
2026-08-09T15:48:21Z,2026-08-09T17:48:21+0200,d1ee186b-63c3-474e-8770-b1ce1a43e356,2026-07-22T19:00:00Z,2026-07-22T21:00:00+0200,46736.47,MW,FR,FR,actual_load,Actual Load,2026-08-09T15:49:09Z
2026-08-09T15:48:21Z,2026-08-09T17:48:21+0200,d1ee186b-63c3-474e-8770-b1ce1a43e356,2026-07-22T19:15:00Z,2026-07-22T21:15:00+0200,46182.94,MW,FR,FR,actual_load,Actual Load,2026-08-09T15:49:09Z
2026-08-09T15:48:21Z,2026-08-09T17:48:21+0200,d1ee186b-63c3-474e-8770-b1ce1a43e356,2026-07-22T19:30:00Z,2026-07-22T21:30:00+0200,46054.65,MW,FR,FR,actual_load,Actual Load,2026-08-09T15:49:09Z
2026-08-09T15:48:21Z,2026-08-09T17:48:21+0200,d1ee186b-63c3-474e-8770-b1ce1a43e356,2026-07-22T19:45:00Z,2026-07-22T21:45:00+0200,45852.74,MW,FR,FR,actual_load,Actual Load,2026-08-09T15:49:09Z
2026-08-09T15:48:21Z,2026-08-09T17:48:21+0200,d1ee186b-63c3-474e-8770-b1ce1a43e356,2026-07-22T20:00:00Z,2026-07-22T22:00:00+0200,46853.74,MW,FR,FR,actual_load,Actual Load,2026-08-09T15:49:09Z
2026-08-09T15:48:21Z,2026-08-09T17:48:21+0200,d1ee186b-63c3-474e-8770-b1ce1a43e356,2026-07-22T20:15:00Z,2026-07-22T22:15:00+0200,46442.93,MW,FR,FR,actual_load,Actual Load,2026-08-09T15:49:09Z
2026-08-09T15:48:21Z,2026-08-09T17:48:21+0200,d1ee186b-63c3-474e-8770-b1ce1a43e356,2026-07-22T20:30:00Z,2026-07-22T22:30:00+0200,47529.55,MW,FR,FR,actual_load,Actual Load,2026-08-09T15:49:09Z
2026-08-09T15:48:21Z,2026-08-09T17:48:21+0200,d1ee186b-63c3-474e-8770-b1ce1a43e356,2026-07-22T20:45:00Z,2026-07-22T22:45:00+0200,46945.88,MW,FR,FR,actual_load,Actual Load,2026-08-09T15:49:09Z
2026-08-09T15:48:21Z,2026-08-09T17:48:21+0200,d1ee186b-63c3-474e-8770-b1ce1a43e356,2026-07-22T21:00:00Z,2026-07-22T23:00:00+0200,46584.05,MW,FR,FR,actual_load,Actual Load,2026-08-09T15:49:09Z
2026-08-09T15:48:21Z,2026-08-09T17:48:21+0200,d1ee186b-63c3-474e-8770-b1ce1a43e356,2026-07-22T21:15:00Z,2026-07-22T23:15:00+0200,45395.0,MW,FR,FR,actual_load,Actual Load,2026-08-09T15:49:09Z
2026-08-09T15:48:21Z,2026-08-09T17:48:21+0200,d1ee186b-63c3-474e-8770-b1ce1a43e356,2026-07-22T21:30:00Z,2026-07-22T23:30:00+0200,45576.12,MW,FR,FR,actual_load,Actual Load,2026-08-09T15:49:09Z
2026-08-09T15:48:21Z,2026-08-09T17:48:21+0200,d1ee186b-63c3-474e-8770-b1ce1a43e356,2026-07-22T21:45:00Z,2026-07-22T23:45:00+0200,44515.37,MW,FR,FR,actual_load,Actual Load,2026-08-09T15:49:09Z
2026-08-09T15:48:21Z,2026-08-09T17:48:21+0200,d1ee186b-63c3-474e-8770-b1ce1a43e356,2026-07-22T22:00:00Z,2026-07-23T00:00:00+0200,44271.39,MW,FR,FR,actual_load,Actual Load,2026-08-09T15:49:09Z
2026-08-09T15:48:21Z,2026-08-09T17:48:21+0200,d1ee186b-63c3-474e-8770-b1ce1a43e356,2026-07-22T22:15:00Z,2026-07-23T00:15:00+0200,43233.57,MW,FR,FR,actual_load,Actual Load,2026-08-09T15:49:09Z
2026-08-09T15:48:21Z,2026-08-09T17:48:21+0200,d1ee186b-63c3-474e-8770-b1ce1a43e356,2026-07-22T22:30:00Z,2026-07-23T00:30:00+0200,41837.49,MW,FR,FR,actual_load,Actual Load,2026-08-09T15:49:09Z
2026-08-09T15:48:21Z,2026-08-09T17:48:21+0200,d1ee186b-63c3-474e-8770-b1ce1a43e356,2026-07-22T22:45:00Z,2026-07-23T00:45:00+0200,40752.45,MW,FR,FR,actual_load,Actual Load,2026-08-09T15:49:09Z
2026-08-09T15:48:21Z,2026-08-09T17:48:21+0200,d1ee186b-63c3-474e-8770-b1ce1a43e356,2026-07-22T23:00:00Z,2026-07-23T01:00:00+0200,41174.23,MW,FR,FR,actual_load,Actual Load,2026-08-09T15:49:09Z
2026-08-09T15:48:21Z,2026-08-09T17:48:21+0200,d1ee186b-63c3-474e-8770-b1ce1a43e356,2026-07-22T23:15:00Z,2026-07-23T01:15:00+0200,40493.39,MW,FR,FR,actual_load,Actual Load,2026-08-09T15:49:09Z
2026-08-09T15:48:21Z,2026-08-09T17:48:21+0200,d1ee186b-63c3-474e-8770-b1ce1a43e356,2026-07-22T23:30:00Z,2026-07-23T01:30:00+0200,40344.12,MW,FR,FR,actual_load,Actual Load,2026-08-09T15:49:09Z
2026-08-09T15:48:21Z,2026-08-09T17:48:21+0200,d1ee186b-63c3-474e-8770-b1ce1a43e356,2026-07-22T23:45:00Z,2026-07-23T01:45:00+0200,39431.2,MW,FR,FR,actual_load,Actual Load,2026-08-09T15:49:09Z
2026-08-09T15:48:21Z,2026-08-09T17:48:21+0200,d1ee186b-63c3-474e-8770-b1ce1a43e356,2026-07-23T00:00:00Z,2026-07-23T02:00:00+0200,39187.6,MW,FR,FR,actual_load,Actual Load,2026-08-09T15:49:09Z
2026-08-09T15:48:21Z,2026-08-09T17:48:21+0200,d1ee186b-63c3-474e-8770-b1ce1a43e356,2026-07-23T00:15:00Z,2026-07-23T02:15:00+0200,38375.99,MW,FR,FR,actual_load,Actual Load,2026-08-09T15:49:09Z
2026-08-09T15:48:21Z,2026-08-09T17:48:21+0200,d1ee186b-63c3-474e-8770-b1ce1a43e356,2026-07-23T00:30:00Z,2026-07-23T02:30:00+0200,37746.49,MW,FR,FR,actual_load,Actual Load,2026-08-09T15:49:09Z
2026-08-09T15:48:21Z,2026-08-09T17:48:21+0200,d1ee186b-63c3-474e-8770-b1ce1a43e356,2026-07-23T00:45:00Z,2026-07-23T02:45:00+0200,37001.82,MW,FR,FR,actual_load,Actual Load,2026-08-09T15:49:09Z
2026-08-09T15:48:21Z,2026-08-09T17:48:21+0200,d1ee186b-63c3-474e-8770-b1ce1a43e356,2026-07-23T01:00:00Z,2026-07-23T03:00:00+0200,36728.32,MW,FR,FR,actual_load,Actual Load,2026-08-09T15:49:09Z
2026-08-09T15:48:21Z,2026-08-09T17:48:21+0200,d1ee186b-63c3-474e-8770-b1ce1a43e356,2026-07-23T01:15:00Z,2026-07-23T03:15:00+0200,36322.55,MW,FR,FR,actual_load,Actual Load,2026-08-09T15:49:09Z
2026-08-09T15:48:21Z,2026-08-09T17:48:21+0200,d1ee186b-63c3-474e-8770-b1ce1a43e356,2026-07-23T01:30:00Z,2026-07-23T03:30:00+0200,36228.85,MW,FR,FR,actual_load,Actual Load,2026-08-09T15:49:09Z
2026-08-09T15:48:21Z,2026-08-09T17:48:21+0200,d1ee186b-63c3-474e-8770-b1ce1a43e356,2026-07-23T01:45:00Z,2026-07-23T03:45:00+0200,36032.17,MW,FR,FR,actual_load,Actual Load,2026-08-09T15:49:09Z
2026-08-09T15:48:21Z,2026-08-09T17:48:21+0200,d1ee186b-63c3-474e-8770-b1ce1a43e356,2026-07-23T02:00:00Z,2026-07-23T04:00:00+0200,35872.27,MW,FR,FR,actual_load,Actual Load,2026-08-09T15:49:09Z
2026-08-09T15:48:21Z,2026-08-09T17:48:21+0200,d1ee186b-63c3-474e-8770-b1ce1a43e356,2026-07-23T02:15:00Z,2026-07-23T04:15:00+0200,35601.65,MW,FR,FR,actual_load,Actual Load,2026-08-09T15:49:09Z
2026-08-09T15:48:21Z,2026-08-09T17:48:21+0200,d1ee186b-63c3-474e-8770-b1ce1a43e356,2026-07-23T02:30:00Z,2026-07-23T04:30:00+0200,35498.88,MW,FR,FR,actual_load,Actual Load,2026-08-09T15:49:09Z
2026-08-09T15:48:21Z,2026-08-09T17:48:21+0200,d1ee186b-63c3-474e-8770-b1ce1a43e356,2026-07-23T02:45:00Z,2026-07-23T04:45:00+0200,35533.68,MW,FR,FR,actual_load,Actual Load,2026-08-09T15:49:09Z
2026-08-09T15:48:21Z,2026-08-09T17:48:21+0200,d1ee186b-63c3-474e-8770-b1ce1a43e356,2026-07-23T03:00:00Z,2026-07-23T05:00:00+0200,36396.57,MW,FR,FR,actual_load,Actual Load,2026-08-09T15:49:09Z
2026-08-09T15:48:21Z,2026-08-09T17:48:21+0200,d1ee186b-63c3-474e-8770-b1ce1a43e356,2026-07-23T03:15:00Z,2026-07-23T05:15:00+0200,36693.13,MW,FR,FR,actual_load,Actual Load,2026-08-09T15:49:09Z
2026-08-09T15:48:21Z,2026-08-09T17:48:21+0200,d1ee186b-63c3-474e-8770-b1ce1a43e356,2026-07-23T03:30:00Z,2026-07-23T05:30:00+0200,38144.08,MW,FR,FR,actual_load,Actual Load,2026-08-09T15:49:09Z
2026-08-09T15:48:21Z,2026-08-09T17:48:21+0200,d1ee186b-63c3-474e-8770-b1ce1a43e356,2026-07-23T03:45:00Z,2026-07-23T05:45:00+0200,38511.8,MW,FR,FR,actual_load,Actual Load,2026-08-09T15:49:09Z
2026-08-09T15:48:21Z,2026-08-09T17:48:21+0200,d1ee186b-63c3-474e-8770-b1ce1a43e356,2026-07-23T04:00:00Z,2026-07-23T06:00:00+0200,39217.29,MW,FR,FR,actual_load,Actual Load,2026-08-09T15:49:09Z
2026-08-09T15:48:21Z,2026-08-09T17:48:21+0200,d1ee186b-63c3-474e-8770-b1ce1a43e356,2026-07-23T04:15:00Z,2026-07-23T06:15:00+0200,39718.29,MW,FR,FR,actual_load,Actual Load,2026-08-09T15:49:09Z
2026-08-09T15:48:21Z,2026-08-09T17:48:21+0200,d1ee186b-63c3-474e-8770-b1ce1a43e356,2026-07-23T04:30:00Z,2026-07-23T06:30:00+0200,40115.55,MW,FR,FR,actual_load,Actual Load,2026-08-09T15:49:09Z
2026-08-09T15:48:21Z,2026-08-09T17:48:21+0200,d1ee186b-63c3-474e-8770-b1ce1a43e356,2026-07-23T04:45:00Z,2026-07-23T06:45:00+0200,40865.76,MW,FR,FR,actual_load,Actual Load,2026-08-09T15:49:09Z
2026-08-09T15:48:21Z,2026-08-09T17:48:21+0200,d1ee186b-63c3-474e-8770-b1ce1a43e356,2026-07-23T05:00:00Z,2026-07-23T07:00:00+0200,41408.78,MW,FR,FR,actual_load,Actual Load,2026-08-09T15:49:09Z
2026-08-09T15:48:21Z,2026-08-09T17:48:21+0200,d1ee186b-63c3-474e-8770-b1ce1a43e356,2026-07-23T05:15:00Z,2026-07-23T07:15:00+0200,42037.14,MW,FR,FR,actual_load,Actual Load,2026-08-09T15:49:09Z
2026-08-09T15:48:21Z,2026-08-09T17:48:21+0200,d1ee186b-63c3-474e-8770-b1ce1a43e356,2026-07-23T05:30:00Z,2026-07-23T07:30:00+0200,42388.8,MW,FR,FR,actual_load,Actual Load,2026-08-09T15:49:09Z
2026-08-09T15:48:21Z,2026-08-09T17:48:21+0200,d1ee186b-63c3-474e-8770-b1ce1a43e356,2026-07-23T05:45:00Z,2026-07-23T07:45:00+0200,43011.03,MW,FR,FR,actual_load,Actual Load,2026-08-09T15:49:09Z
2026-08-09T15:48:21Z,2026-08-09T17:48:21+0200,d1ee186b-63c3-474e-8770-b1ce1a43e356,2026-07-23T06:00:00Z,2026-07-23T08:00:00+0200,43714.09,MW,FR,FR,actual_load,Actual Load,2026-08-09T15:49:09Z
2026-08-09T15:48:21Z,2026-08-09T17:48:21+0200,d1ee186b-63c3-474e-8770-b1ce1a43e356,2026-07-23T06:15:00Z,2026-07-23T08:15:00+0200,44314.68,MW,FR,FR,actual_load,Actual Load,2026-08-09T15:49:09Z
2026-08-09T15:48:21Z,2026-08-09T17:48:21+0200,d1ee186b-63c3-474e-8770-b1ce1a43e356,2026-07-23T06:30:00Z,2026-07-23T08:30:00+0200,44651.7,MW,FR,FR,actual_load,Actual Load,2026-08-09T15:49:09Z
2026-08-09T15:48:21Z,2026-08-09T17:48:21+0200,d1ee186b-63c3-474e-8770-b1ce1a43e356,2026-07-23T06:45:00Z,2026-07-23T08:45:00+0200,45034.25,MW,FR,FR,actual_load,Actual Load,2026-08-09T15:49:09Z
2026-08-09T15:48:21Z,2026-08-09T17:48:21+0200,d1ee186b-63c3-474e-8770-b1ce1a43e356,2026-07-23T07:00:00Z,2026-07-23T09:00:00+0200,45338.53,MW,FR,FR,actual_load,Actual Load,2026-08-09T15:49:09Z
2026-08-09T15:48:21Z,2026-08-09T17:48:21+0200,d1ee186b-63c3-474e-8770-b1ce1a43e356,2026-07-23T07:15:00Z,2026-07-23T09:15:00+0200,45940.8,MW,FR,FR,actual_load,Actual Load,2026-08-09T15:49:09Z
2026-08-09T15:48:21Z,2026-08-09T17:48:21+0200,d1ee186b-63c3-474e-8770-b1ce1a43e356,2026-07-23T07:30:00Z,2026-07-23T09:30:00+0200,46277.16,MW,FR,FR,actual_load,Actual Load,2026-08-09T15:49:09Z
2026-08-09T15:48:21Z,2026-08-09T17:48:21+0200,d1ee186b-63c3-474e-8770-b1ce1a43e356,2026-07-23T07:45:00Z,2026-07-23T09:45:00+0200,46684.34,MW,FR,FR,actual_load,Actual Load,2026-08-09T15:49:09Z
2026-08-09T15:48:21Z,2026-08-09T17:48:21+0200,d1ee186b-63c3-474e-8770-b1ce1a43e356,2026-07-23T08:00:00Z,2026-07-23T10:00:00+0200,46987.96,MW,FR,FR,actual_load,Actual Load,2026-08-09T15:49:09Z
2026-08-09T15:48:21Z,2026-08-09T17:48:21+0200,d1ee186b-63c3-474e-8770-b1ce1a43e356,2026-07-23T08:15:00Z,2026-07-23T10:15:00+0200,47360.17,MW,FR,FR,actual_load,Actual Load,2026-08-09T15:49:09Z
2026-08-09T15:48:21Z,2026-08-09T17:48:21+0200,d1ee186b-63c3-474e-8770-b1ce1a43e356,2026-07-23T08:30:00Z,2026-07-23T10:30:00+0200,47736.78,MW,FR,FR,actual_load,Actual Load,2026-08-09T15:49:09Z
2026-08-09T15:48:21Z,2026-08-09T17:48:21+0200,d1ee186b-63c3-474e-8770-b1ce1a43e356,2026-07-23T08:45:00Z,2026-07-23T10:45:00+0200,47880.28,MW,FR,FR,actual_load,Actual Load,2026-08-09T15:49:09Z
2026-08-09T15:48:21Z,2026-08-09T17:48:21+0200,d1ee186b-63c3-474e-8770-b1ce1a43e356,2026-07-23T09:00:00Z,2026-07-23T11:00:00+0200,48085.02,MW,FR,FR,actual_load,Actual Load,2026-08-09T15:49:09Z
2026-08-09T15:48:21Z,2026-08-09T17:48:21+0200,d1ee186b-63c3-474e-8770-b1ce1a43e356,2026-07-23T09:15:00Z,2026-07-23T11:15:00+0200,48324.75,MW,FR,FR,actual_load,Actual Load,2026-08-09T15:49:09Z
2026-08-09T15:48:21Z,2026-08-09T17:48:21+0200,d1ee186b-63c3-474e-8770-b1ce1a43e356,2026-07-23T09:30:00Z,2026-07-23T11:30:00+0200,48483.73,MW,FR,FR,actual_load,Actual Load,2026-08-09T15:49:09Z
2026-08-09T15:48:21Z,2026-08-09T17:48:21+0200,d1ee186b-63c3-474e-8770-b1ce1a43e356,2026-07-23T09:45:00Z,2026-07-23T11:45:00+0200,48818.35,MW,FR,FR,actual_load,Actual Load,2026-08-09T15:49:09Z
2026-08-09T15:48:21Z,2026-08-09T17:48:21+0200,d1ee186b-63c3-474e-8770-b1ce1a43e356,2026-07-23T10:00:00Z,2026-07-23T12:00:00+0200,49168.1,MW,FR,FR,actual_load,Actual Load,2026-08-09T15:49:09Z
2026-08-09T15:48:21Z,2026-08-09T17:48:21+0200,d1ee186b-63c3-474e-8770-b1ce1a43e356,2026-07-23T10:15:00Z,2026-07-23T12:15:00+0200,49074.39,MW,FR,FR,actual_load,Actual Load,2026-08-09T15:49:09Z
2026-08-09T15:48:21Z,2026-08-09T17:48:21+0200,d1ee186b-63c3-474e-8770-b1ce1a43e356,2026-07-23T10:30:00Z,2026-07-23T12:30:00+0200,49518.02,MW,FR,FR,actual_load,Actual Load,2026-08-09T15:49:09Z
2026-08-09T15:48:21Z,2026-08-09T17:48:21+0200,d1ee186b-63c3-474e-8770-b1ce1a43e356,2026-07-23T10:45:00Z,2026-07-23T12:45:00+0200,49363.67,MW,FR,FR,actual_load,Actual Load,2026-08-09T15:49:09Z
2026-08-09T15:48:21Z,2026-08-09T17:48:21+0200,d1ee186b-63c3-474e-8770-b1ce1a43e356,2026-07-23T11:00:00Z,2026-07-23T13:00:00+0200,49424.12,MW,FR,FR,actual_load,Actual Load,2026-08-09T15:49:09Z
2026-08-09T15:48:21Z,2026-08-09T17:48:21+0200,d1ee186b-63c3-474e-8770-b1ce1a43e356,2026-07-23T11:15:00Z,2026-07-23T13:15:00+0200,48989.65,MW,FR,FR,actual_load,Actual Load,2026-08-09T15:49:09Z
2026-08-09T15:48:21Z,2026-08-09T17:48:21+0200,d1ee186b-63c3-474e-8770-b1ce1a43e356,2026-07-23T11:30:00Z,2026-07-23T13:30:00+0200,48810.35,MW,FR,FR,actual_load,Actual Load,2026-08-09T15:49:09Z
2026-08-09T15:48:21Z,2026-08-09T17:48:21+0200,d1ee186b-63c3-474e-8770-b1ce1a43e356,2026-07-23T11:45:00Z,2026-07-23T13:45:00+0200,48959.36,MW,FR,FR,actual_load,Actual Load,2026-08-09T15:49:09Z
2026-08-09T15:48:21Z,2026-08-09T17:48:21+0200,d1ee186b-63c3-474e-8770-b1ce1a43e356,2026-07-23T12:00:00Z,2026-07-23T14:00:00+0200,49679.56,MW,FR,FR,actual_load,Actual Load,2026-08-09T15:49:09Z
2026-08-09T15:48:21Z,2026-08-09T17:48:21+0200,d1ee186b-63c3-474e-8770-b1ce1a43e356,2026-07-23T12:15:00Z,2026-07-23T14:15:00+0200,49494.91,MW,FR,FR,actual_load,Actual Load,2026-08-09T15:49:09Z
2026-08-09T15:48:21Z,2026-08-09T17:48:21+0200,d1ee186b-63c3-474e-8770-b1ce1a43e356,2026-07-23T12:30:00Z,2026-07-23T14:30:00+0200,49575.86,MW,FR,FR,actual_load,Actual Load,2026-08-09T15:49:09Z
2026-08-09T15:48:21Z,2026-08-09T17:48:21+0200,d1ee186b-63c3-474e-8770-b1ce1a43e356,2026-07-23T12:45:00Z,2026-07-23T14:45:00+0200,49231.11,MW,FR,FR,actual_load,Actual Load,2026-08-09T15:49:09Z
2026-08-09T15:48:21Z,2026-08-09T17:48:21+0200,d1ee186b-63c3-474e-8770-b1ce1a43e356,2026-07-23T13:00:00Z,2026-07-23T15:00:00+0200,49109.82,MW,FR,FR,actual_load,Actual Load,2026-08-09T15:49:09Z
2026-08-09T15:48:21Z,2026-08-09T17:48:21+0200,d1ee186b-63c3-474e-8770-b1ce1a43e356,2026-07-23T13:15:00Z,2026-07-23T15:15:00+0200,48911.99,MW,FR,FR,actual_load,Actual Load,2026-08-09T15:49:09Z
2026-08-09T15:48:21Z,2026-08-09T17:48:21+0200,d1ee186b-63c3-474e-8770-b1ce1a43e356,2026-07-23T13:30:00Z,2026-07-23T15:30:00+0200,48654.36,MW,FR,FR,actual_load,Actual Load,2026-08-09T15:49:09Z
2026-08-09T15:48:21Z,2026-08-09T17:48:21+0200,d1ee186b-63c3-474e-8770-b1ce1a43e356,2026-07-23T13:45:00Z,2026-07-23T15:45:00+0200,48263.92,MW,FR,FR,actual_load,Actual Load,2026-08-09T15:49:09Z
2026-08-09T15:48:21Z,2026-08-09T17:48:21+0200,d1ee186b-63c3-474e-8770-b1ce1a43e356,2026-07-23T14:00:00Z,2026-07-23T16:00:00+0200,48284.38,MW,FR,FR,actual_load,Actual Load,2026-08-09T15:49:09Z
2026-08-09T15:48:21Z,2026-08-09T17:48:21+0200,d1ee186b-63c3-474e-8770-b1ce1a43e356,2026-07-23T14:15:00Z,2026-07-23T16:15:00+0200,47963.32,MW,FR,FR,actual_load,Actual Load,2026-08-09T15:49:09Z
2026-08-09T15:48:21Z,2026-08-09T17:48:21+0200,d1ee186b-63c3-474e-8770-b1ce1a43e356,2026-07-23T14:30:00Z,2026-07-23T16:30:00+0200,48012.45,MW,FR,FR,actual_load,Actual Load,2026-08-09T15:49:09Z
2026-08-09T15:48:21Z,2026-08-09T17:48:21+0200,d1ee186b-63c3-474e-8770-b1ce1a43e356,2026-07-23T14:45:00Z,2026-07-23T16:45:00+0200,47852.36,MW,FR,FR,actual_load,Actual Load,2026-08-09T15:49:09Z
2026-08-09T15:48:21Z,2026-08-09T17:48:21+0200,d1ee186b-63c3-474e-8770-b1ce1a43e356,2026-07-23T15:00:00Z,2026-07-23T17:00:00+0200,47810.47,MW,FR,FR,actual_load,Actual Load,2026-08-09T15:49:09Z
2026-08-09T15:48:21Z,2026-08-09T17:48:21+0200,d1ee186b-63c3-474e-8770-b1ce1a43e356,2026-07-23T15:15:00Z,2026-07-23T17:15:00+0200,47839.53,MW,FR,FR,actual_load,Actual Load,2026-08-09T15:49:09Z
2026-08-09T15:48:21Z,2026-08-09T17:48:21+0200,d1ee186b-63c3-474e-8770-b1ce1a43e356,2026-07-23T15:30:00Z,2026-07-23T17:30:00+0200,47957.64,MW,FR,FR,actual_load,Actual Load,2026-08-09T15:49:09Z
2026-08-09T15:48:21Z,2026-08-09T17:48:21+0200,d1ee186b-63c3-474e-8770-b1ce1a43e356,2026-07-23T15:45:00Z,2026-07-23T17:45:00+0200,48560.88,MW,FR,FR,actual_load,Actual Load,2026-08-09T15:49:09Z
2026-08-09T15:48:21Z,2026-08-09T17:48:21+0200,d1ee186b-63c3-474e-8770-b1ce1a43e356,2026-07-23T16:00:00Z,2026-07-23T18:00:00+0200,48748.14,MW,FR,FR,actual_load,Actual Load,2026-08-09T15:49:09Z
2026-08-09T15:48:21Z,2026-08-09T17:48:21+0200,d1ee186b-63c3-474e-8770-b1ce1a43e356,2026-07-23T16:15:00Z,2026-07-23T18:15:00+0200,49102.63,MW,FR,FR,actual_load,Actual Load,2026-08-09T15:49:09Z
2026-08-09T15:48:21Z,2026-08-09T17:48:21+0200,d1ee186b-63c3-474e-8770-b1ce1a43e356,2026-07-23T16:30:00Z,2026-07-23T18:30:00+0200,49349.9,MW,FR,FR,actual_load,Actual Load,2026-08-09T15:49:09Z
2026-08-09T15:48:21Z,2026-08-09T17:48:21+0200,d1ee186b-63c3-474e-8770-b1ce1a43e356,2026-07-23T16:45:00Z,2026-07-23T18:45:00+0200,49819.63,MW,FR,FR,actual_load,Actual Load,2026-08-09T15:49:09Z
2026-08-09T15:48:21Z,2026-08-09T17:48:21+0200,d1ee186b-63c3-474e-8770-b1ce1a43e356,2026-07-23T17:00:00Z,2026-07-23T19:00:00+0200,49791.81,MW,FR,FR,actual_load,Actual Load,2026-08-09T15:49:09Z
2026-08-09T15:48:21Z,2026-08-09T17:48:21+0200,d1ee186b-63c3-474e-8770-b1ce1a43e356,2026-07-23T17:15:00Z,2026-07-23T19:15:00+0200,49747.66,MW,FR,FR,actual_load,Actual Load,2026-08-09T15:49:09Z
2026-08-09T15:48:21Z,2026-08-09T17:48:21+0200,d1ee186b-63c3-474e-8770-b1ce1a43e356,2026-07-23T17:30:00Z,2026-07-23T19:30:00+0200,49694.95,MW,FR,FR,actual_load,Actual Load,2026-08-09T15:49:09Z
2026-08-09T15:48:21Z,2026-08-09T17:48:21+0200,d1ee186b-63c3-474e-8770-b1ce1a43e356,2026-07-23T17:45:00Z,2026-07-23T19:45:00+0200,49424.28,MW,FR,FR,actual_load,Actual Load,2026-08-09T15:49:09Z
2026-08-09T15:48:21Z,2026-08-09T17:48:21+0200,d1ee186b-63c3-474e-8770-b1ce1a43e356,2026-07-23T18:00:00Z,2026-07-23T20:00:00+0200,48924.32,MW,FR,FR,actual_load,Actual Load,2026-08-09T15:49:09Z
2026-08-09T15:48:21Z,2026-08-09T17:48:21+0200,d1ee186b-63c3-474e-8770-b1ce1a43e356,2026-07-23T18:15:00Z,2026-07-23T20:15:00+0200,48286.96,MW,FR,FR,actual_load,Actual Load,2026-08-09T15:49:09Z
2026-08-09T15:48:21Z,2026-08-09T17:48:21+0200,d1ee186b-63c3-474e-8770-b1ce1a43e356,2026-07-23T18:30:00Z,2026-07-23T20:30:00+0200,47682.23,MW,FR,FR,actual_load,Actual Load,2026-08-09T15:49:09Z
2026-08-09T15:48:21Z,2026-08-09T17:48:21+0200,d1ee186b-63c3-474e-8770-b1ce1a43e356,2026-07-23T18:45:00Z,2026-07-23T20:45:00+0200,47100.29,MW,FR,FR,actual_load,Actual Load,2026-08-09T15:49:09Z
2026-08-09T15:48:21Z,2026-08-09T17:48:21+0200,d1ee186b-63c3-474e-8770-b1ce1a43e356,2026-07-23T19:00:00Z,2026-07-23T21:00:00+0200,46905.33,MW,FR,FR,actual_load,Actual Load,2026-08-09T15:49:09Z
2026-08-09T15:48:21Z,2026-08-09T17:48:21+0200,d1ee186b-63c3-474e-8770-b1ce1a43e356,2026-07-23T19:15:00Z,2026-07-23T21:15:00+0200,46550.0,MW,FR,FR,actual_load,Actual Load,2026-08-09T15:49:09Z
2026-08-09T15:48:21Z,2026-08-09T17:48:21+0200,d1ee186b-63c3-474e-8770-b1ce1a43e356,2026-07-23T19:30:00Z,2026-07-23T21:30:00+0200,46311.65,MW,FR,FR,actual_load,Actual Load,2026-08-09T15:49:09Z
2026-08-09T15:48:21Z,2026-08-09T17:48:21+0200,d1ee186b-63c3-474e-8770-b1ce1a43e356,2026-07-23T19:45:00Z,2026-07-23T21:45:00+0200,46245.09,MW,FR,FR,actual_load,Actual Load,2026-08-09T15:49:09Z
2026-08-09T15:48:21Z,2026-08-09T17:48:21+0200,d1ee186b-63c3-474e-8770-b1ce1a43e356,2026-07-23T20:00:00Z,2026-07-23T22:00:00+0200,47175.55,MW,FR,FR,actual_load,Actual Load,2026-08-09T15:49:09Z
2026-08-09T15:48:21Z,2026-08-09T17:48:21+0200,d1ee186b-63c3-474e-8770-b1ce1a43e356,2026-07-23T20:15:00Z,2026-07-23T22:15:00+0200,46914.7,MW,FR,FR,actual_load,Actual Load,2026-08-09T15:49:09Z
2026-08-09T15:48:21Z,2026-08-09T17:48:21+0200,d1ee186b-63c3-474e-8770-b1ce1a43e356,2026-07-23T20:30:00Z,2026-07-23T22:30:00+0200,47890.1,MW,FR,FR,actual_load,Actual Load,2026-08-09T15:49:09Z
2026-08-09T15:48:21Z,2026-08-09T17:48:21+0200,d1ee186b-63c3-474e-8770-b1ce1a43e356,2026-07-23T20:45:00Z,2026-07-23T22:45:00+0200,47163.7,MW,FR,FR,actual_load,Actual Load,2026-08-09T15:49:09Z
2026-08-09T15:48:21Z,2026-08-09T17:48:21+0200,d1ee186b-63c3-474e-8770-b1ce1a43e356,2026-07-23T21:00:00Z,2026-07-23T23:00:00+0200,46957.19,MW,FR,FR,actual_load,Actual Load,2026-08-09T15:49:09Z
2026-08-09T15:48:21Z,2026-08-09T17:48:21+0200,d1ee186b-63c3-474e-8770-b1ce1a43e356,2026-07-23T21:15:00Z,2026-07-23T23:15:00+0200,45763.31,MW,FR,FR,actual_load,Actual Load,2026-08-09T15:49:09Z
2026-08-09T15:48:21Z,2026-08-09T17:48:21+0200,d1ee186b-63c3-474e-8770-b1ce1a43e356,2026-07-23T21:30:00Z,2026-07-23T23:30:00+0200,45978.36,MW,FR,FR,actual_load,Actual Load,2026-08-09T15:49:09Z
2026-08-09T15:48:21Z,2026-08-09T17:48:21+0200,d1ee186b-63c3-474e-8770-b1ce1a43e356,2026-07-23T21:45:00Z,2026-07-23T23:45:00+0200,44814.63,MW,FR,FR,actual_load,Actual Load,2026-08-09T15:49:09Z
2026-08-09T15:48:21Z,2026-08-09T17:48:21+0200,d1ee186b-63c3-474e-8770-b1ce1a43e356,2026-07-23T22:00:00Z,2026-07-24T00:00:00+0200,44734.89,MW,FR,FR,actual_load,Actual Load,2026-08-09T15:49:09Z
2026-08-09T15:48:21Z,2026-08-09T17:48:21+0200,d1ee186b-63c3-474e-8770-b1ce1a43e356,2026-07-23T22:15:00Z,2026-07-24T00:15:00+0200,43699.97,MW,FR,FR,actual_load,Actual Load,2026-08-09T15:49:09Z
2026-08-09T15:48:21Z,2026-08-09T17:48:21+0200,d1ee186b-63c3-474e-8770-b1ce1a43e356,2026-07-23T22:30:00Z,2026-07-24T00:30:00+0200,42326.95,MW,FR,FR,actual_load,Actual Load,2026-08-09T15:49:09Z
2026-08-09T15:48:21Z,2026-08-09T17:48:21+0200,d1ee186b-63c3-474e-8770-b1ce1a43e356,2026-07-23T22:45:00Z,2026-07-24T00:45:00+0200,41374.33,MW,FR,FR,actual_load,Actual Load,2026-08-09T15:49:09Z
2026-08-09T15:48:21Z,2026-08-09T17:48:21+0200,d1ee186b-63c3-474e-8770-b1ce1a43e356,2026-07-23T23:00:00Z,2026-07-24T01:00:00+0200,41769.83,MW,FR,FR,actual_load,Actual Load,2026-08-09T15:49:09Z
2026-08-09T15:48:21Z,2026-08-09T17:48:21+0200,d1ee186b-63c3-474e-8770-b1ce1a43e356,2026-07-23T23:15:00Z,2026-07-24T01:15:00+0200,41119.14,MW,FR,FR,actual_load,Actual Load,2026-08-09T15:49:09Z
2026-08-09T15:48:21Z,2026-08-09T17:48:21+0200,d1ee186b-63c3-474e-8770-b1ce1a43e356,2026-07-23T23:30:00Z,2026-07-24T01:30:00+0200,41046.19,MW,FR,FR,actual_load,Actual Load,2026-08-09T15:49:09Z
2026-08-09T15:48:21Z,2026-08-09T17:48:21+0200,d1ee186b-63c3-474e-8770-b1ce1a43e356,2026-07-23T23:45:00Z,2026-07-24T01:45:00+0200,40200.13,MW,FR,FR,actual_load,Actual Load,2026-08-09T15:49:09Z
2026-08-09T15:48:21Z,2026-08-09T17:48:21+0200,d1ee186b-63c3-474e-8770-b1ce1a43e356,2026-07-24T00:00:00Z,2026-07-24T02:00:00+0200,39862.56,MW,FR,FR,actual_load,Actual Load,2026-08-09T15:49:09Z
2026-08-09T15:48:21Z,2026-08-09T17:48:21+0200,d1ee186b-63c3-474e-8770-b1ce1a43e356,2026-07-24T00:15:00Z,2026-07-24T02:15:00+0200,39050.17,MW,FR,FR,actual_load,Actual Load,2026-08-09T15:49:09Z
2026-08-09T15:48:21Z,2026-08-09T17:48:21+0200,d1ee186b-63c3-474e-8770-b1ce1a43e356,2026-07-24T00:30:00Z,2026-07-24T02:30:00+0200,38433.41,MW,FR,FR,actual_load,Actual Load,2026-08-09T15:49:09Z
2026-08-09T15:48:21Z,2026-08-09T17:48:21+0200,d1ee186b-63c3-474e-8770-b1ce1a43e356,2026-07-24T00:45:00Z,2026-07-24T02:45:00+0200,37793.25,MW,FR,FR,actual_load,Actual Load,2026-08-09T15:49:09Z
2026-08-09T15:48:21Z,2026-08-09T17:48:21+0200,d1ee186b-63c3-474e-8770-b1ce1a43e356,2026-07-24T01:00:00Z,2026-07-24T03:00:00+0200,37570.45,MW,FR,FR,actual_load,Actual Load,2026-08-09T15:49:09Z
2026-08-09T15:48:21Z,2026-08-09T17:48:21+0200,d1ee186b-63c3-474e-8770-b1ce1a43e356,2026-07-24T01:15:00Z,2026-07-24T03:15:00+0200,37123.42,MW,FR,FR,actual_load,Actual Load,2026-08-09T15:49:09Z
2026-08-09T15:48:21Z,2026-08-09T17:48:21+0200,d1ee186b-63c3-474e-8770-b1ce1a43e356,2026-07-24T01:30:00Z,2026-07-24T03:30:00+0200,36960.78,MW,FR,FR,actual_load,Actual Load,2026-08-09T15:49:09Z
2026-08-09T15:48:21Z,2026-08-09T17:48:21+0200,d1ee186b-63c3-474e-8770-b1ce1a43e356,2026-07-24T01:45:00Z,2026-07-24T03:45:00+0200,36780.45,MW,FR,FR,actual_load,Actual Load,2026-08-09T15:49:09Z
2026-08-09T15:48:21Z,2026-08-09T17:48:21+0200,d1ee186b-63c3-474e-8770-b1ce1a43e356,2026-07-24T02:00:00Z,2026-07-24T04:00:00+0200,36639.34,MW,FR,FR,actual_load,Actual Load,2026-08-09T15:49:09Z
2026-08-09T15:48:21Z,2026-08-09T17:48:21+0200,d1ee186b-63c3-474e-8770-b1ce1a43e356,2026-07-24T02:15:00Z,2026-07-24T04:15:00+0200,36532.45,MW,FR,FR,actual_load,Actual Load,2026-08-09T15:49:09Z
2026-08-09T15:48:21Z,2026-08-09T17:48:21+0200,d1ee186b-63c3-474e-8770-b1ce1a43e356,2026-07-24T02:30:00Z,2026-07-24T04:30:00+0200,36517.79,MW,FR,FR,actual_load,Actual Load,2026-08-09T15:49:09Z
2026-08-09T15:48:21Z,2026-08-09T17:48:21+0200,d1ee186b-63c3-474e-8770-b1ce1a43e356,2026-07-24T02:45:00Z,2026-07-24T04:45:00+0200,36566.89,MW,FR,FR,actual_load,Actual Load,2026-08-09T15:49:09Z
2026-08-09T15:48:21Z,2026-08-09T17:48:21+0200,d1ee186b-63c3-474e-8770-b1ce1a43e356,2026-07-24T03:00:00Z,2026-07-24T05:00:00+0200,37237.86,MW,FR,FR,actual_load,Actual Load,2026-08-09T15:49:09Z
2026-08-09T15:48:21Z,2026-08-09T17:48:21+0200,d1ee186b-63c3-474e-8770-b1ce1a43e356,2026-07-24T03:15:00Z,2026-07-24T05:15:00+0200,37517.56,MW,FR,FR,actual_load,Actual Load,2026-08-09T15:49:09Z
2026-08-09T15:48:21Z,2026-08-09T17:48:21+0200,d1ee186b-63c3-474e-8770-b1ce1a43e356,2026-07-24T03:30:00Z,2026-07-24T05:30:00+0200,37861.45,MW,FR,FR,actual_load,Actual Load,2026-08-09T15:49:09Z
2026-08-09T15:48:21Z,2026-08-09T17:48:21+0200,d1ee186b-63c3-474e-8770-b1ce1a43e356,2026-07-24T03:45:00Z,2026-07-24T05:45:00+0200,38232.95,MW,FR,FR,actual_load,Actual Load,2026-08-09T15:49:09Z
2026-08-09T15:48:21Z,2026-08-09T17:48:21+0200,d1ee186b-63c3-474e-8770-b1ce1a43e356,2026-07-24T04:00:00Z,2026-07-24T06:00:00+0200,39023.59,MW,FR,FR,actual_load,Actual Load,2026-08-09T15:49:09Z
2026-08-09T15:48:21Z,2026-08-09T17:48:21+0200,d1ee186b-63c3-474e-8770-b1ce1a43e356,2026-07-24T04:15:00Z,2026-07-24T06:15:00+0200,39570.86,MW,FR,FR,actual_load,Actual Load,2026-08-09T15:49:09Z
2026-08-09T15:48:21Z,2026-08-09T17:48:21+0200,d1ee186b-63c3-474e-8770-b1ce1a43e356,2026-07-24T04:30:00Z,2026-07-24T06:30:00+0200,39830.08,MW,FR,FR,actual_load,Actual Load,2026-08-09T15:49:09Z
2026-08-09T15:48:21Z,2026-08-09T17:48:21+0200,d1ee186b-63c3-474e-8770-b1ce1a43e356,2026-07-24T04:45:00Z,2026-07-24T06:45:00+0200,40458.7,MW,FR,FR,actual_load,Actual Load,2026-08-09T15:49:09Z
2026-08-09T15:48:21Z,2026-08-09T17:48:21+0200,d1ee186b-63c3-474e-8770-b1ce1a43e356,2026-07-24T05:00:00Z,2026-07-24T07:00:00+0200,41082.39,MW,FR,FR,actual_load,Actual Load,2026-08-09T15:49:09Z
2026-08-09T15:48:21Z,2026-08-09T17:48:21+0200,d1ee186b-63c3-474e-8770-b1ce1a43e356,2026-07-24T05:15:00Z,2026-07-24T07:15:00+0200,41849.31,MW,FR,FR,actual_load,Actual Load,2026-08-09T15:49:09Z
2026-08-09T15:48:21Z,2026-08-09T17:48:21+0200,d1ee186b-63c3-474e-8770-b1ce1a43e356,2026-07-24T05:30:00Z,2026-07-24T07:30:00+0200,42222.2,MW,FR,FR,actual_load,Actual Load,2026-08-09T15:49:09Z
2026-08-09T15:48:21Z,2026-08-09T17:48:21+0200,d1ee186b-63c3-474e-8770-b1ce1a43e356,2026-07-24T05:45:00Z,2026-07-24T07:45:00+0200,43058.78,MW,FR,FR,actual_load,Actual Load,2026-08-09T15:49:09Z
2026-08-09T15:48:21Z,2026-08-09T17:48:21+0200,d1ee186b-63c3-474e-8770-b1ce1a43e356,2026-07-24T06:00:00Z,2026-07-24T08:00:00+0200,43758.77,MW,FR,FR,actual_load,Actual Load,2026-08-09T15:49:09Z
2026-08-09T15:48:21Z,2026-08-09T17:48:21+0200,d1ee186b-63c3-474e-8770-b1ce1a43e356,2026-07-24T06:15:00Z,2026-07-24T08:15:00+0200,44325.88,MW,FR,FR,actual_load,Actual Load,2026-08-09T15:49:09Z
2026-08-09T15:48:21Z,2026-08-09T17:48:21+0200,d1ee186b-63c3-474e-8770-b1ce1a43e356,2026-07-24T06:30:00Z,2026-07-24T08:30:00+0200,44667.22,MW,FR,FR,actual_load,Actual Load,2026-08-09T15:49:09Z
2026-08-09T15:48:21Z,2026-08-09T17:48:21+0200,d1ee186b-63c3-474e-8770-b1ce1a43e356,2026-07-24T06:45:00Z,2026-07-24T08:45:00+0200,45046.52,MW,FR,FR,actual_load,Actual Load,2026-08-09T15:49:09Z
2026-08-09T15:48:21Z,2026-08-09T17:48:21+0200,d1ee186b-63c3-474e-8770-b1ce1a43e356,2026-07-24T07:00:00Z,2026-07-24T09:00:00+0200,45402.76,MW,FR,FR,actual_load,Actual Load,2026-08-09T15:49:09Z
2026-08-09T15:48:21Z,2026-08-09T17:48:21+0200,d1ee186b-63c3-474e-8770-b1ce1a43e356,2026-07-24T07:15:00Z,2026-07-24T09:15:00+0200,45866.61,MW,FR,FR,actual_load,Actual Load,2026-08-09T15:49:09Z
2026-08-09T15:48:21Z,2026-08-09T17:48:21+0200,d1ee186b-63c3-474e-8770-b1ce1a43e356,2026-07-24T07:30:00Z,2026-07-24T09:30:00+0200,46421.6,MW,FR,FR,actual_load,Actual Load,2026-08-09T15:49:09Z
2026-08-09T15:48:21Z,2026-08-09T17:48:21+0200,d1ee186b-63c3-474e-8770-b1ce1a43e356,2026-07-24T07:45:00Z,2026-07-24T09:45:00+0200,46659.48,MW,FR,FR,actual_load,Actual Load,2026-08-09T15:49:09Z
2026-08-09T15:48:21Z,2026-08-09T17:48:21+0200,d1ee186b-63c3-474e-8770-b1ce1a43e356,2026-07-24T08:00:00Z,2026-07-24T10:00:00+0200,47019.16,MW,FR,FR,actual_load,Actual Load,2026-08-09T15:49:09Z
2026-08-09T15:48:21Z,2026-08-09T17:48:21+0200,d1ee186b-63c3-474e-8770-b1ce1a43e356,2026-07-24T08:15:00Z,2026-07-24T10:15:00+0200,47234.87,MW,FR,FR,actual_load,Actual Load,2026-08-09T15:49:09Z
2026-08-09T15:48:21Z,2026-08-09T17:48:21+0200,d1ee186b-63c3-474e-8770-b1ce1a43e356,2026-07-24T08:30:00Z,2026-07-24T10:30:00+0200,47379.36,MW,FR,FR,actual_load,Actual Load,2026-08-09T15:49:09Z
2026-08-09T15:48:21Z,2026-08-09T17:48:21+0200,d1ee186b-63c3-474e-8770-b1ce1a43e356,2026-07-24T08:45:00Z,2026-07-24T10:45:00+0200,47629.02,MW,FR,FR,actual_load,Actual Load,2026-08-09T15:49:09Z
2026-08-09T15:48:21Z,2026-08-09T17:48:21+0200,d1ee186b-63c3-474e-8770-b1ce1a43e356,2026-07-24T09:00:00Z,2026-07-24T11:00:00+0200,47881.98,MW,FR,FR,actual_load,Actual Load,2026-08-09T15:49:09Z
2026-08-09T15:48:21Z,2026-08-09T17:48:21+0200,d1ee186b-63c3-474e-8770-b1ce1a43e356,2026-07-24T09:15:00Z,2026-07-24T11:15:00+0200,48362.49,MW,FR,FR,actual_load,Actual Load,2026-08-09T15:49:09Z
2026-08-09T15:48:21Z,2026-08-09T17:48:21+0200,d1ee186b-63c3-474e-8770-b1ce1a43e356,2026-07-24T09:30:00Z,2026-07-24T11:30:00+0200,48636.29,MW,FR,FR,actual_load,Actual Load,2026-08-09T15:49:09Z
2026-08-09T15:48:21Z,2026-08-09T17:48:21+0200,d1ee186b-63c3-474e-8770-b1ce1a43e356,2026-07-24T09:45:00Z,2026-07-24T11:45:00+0200,48969.52,MW,FR,FR,actual_load,Actual Load,2026-08-09T15:49:09Z
2026-08-09T15:48:21Z,2026-08-09T17:48:21+0200,d1ee186b-63c3-474e-8770-b1ce1a43e356,2026-07-24T10:00:00Z,2026-07-24T12:00:00+0200,49335.23,MW,FR,FR,actual_load,Actual Load,2026-08-09T15:49:09Z
2026-08-09T15:48:21Z,2026-08-09T17:48:21+0200,d1ee186b-63c3-474e-8770-b1ce1a43e356,2026-07-24T10:15:00Z,2026-07-24T12:15:00+0200,49420.21,MW,FR,FR,actual_load,Actual Load,2026-08-09T15:49:09Z
2026-08-09T15:48:21Z,2026-08-09T17:48:21+0200,d1ee186b-63c3-474e-8770-b1ce1a43e356,2026-07-24T10:30:00Z,2026-07-24T12:30:00+0200,49831.1,MW,FR,FR,actual_load,Actual Load,2026-08-09T15:49:09Z
2026-08-09T15:48:21Z,2026-08-09T17:48:21+0200,d1ee186b-63c3-474e-8770-b1ce1a43e356,2026-07-24T10:45:00Z,2026-07-24T12:45:00+0200,49444.77,MW,FR,FR,actual_load,Actual Load,2026-08-09T15:49:09Z
2026-08-09T15:48:21Z,2026-08-09T17:48:21+0200,d1ee186b-63c3-474e-8770-b1ce1a43e356,2026-07-24T11:00:00Z,2026-07-24T13:00:00+0200,49341.75,MW,FR,FR,actual_load,Actual Load,2026-08-09T15:49:09Z
2026-08-09T15:48:21Z,2026-08-09T17:48:21+0200,d1ee186b-63c3-474e-8770-b1ce1a43e356,2026-07-24T11:15:00Z,2026-07-24T13:15:00+0200,48982.79,MW,FR,FR,actual_load,Actual Load,2026-08-09T15:49:09Z
2026-08-09T15:48:21Z,2026-08-09T17:48:21+0200,d1ee186b-63c3-474e-8770-b1ce1a43e356,2026-07-24T11:30:00Z,2026-07-24T13:30:00+0200,49028.19,MW,FR,FR,actual_load,Actual Load,2026-08-09T15:49:09Z
2026-08-09T15:48:21Z,2026-08-09T17:48:21+0200,d1ee186b-63c3-474e-8770-b1ce1a43e356,2026-07-24T11:45:00Z,2026-07-24T13:45:00+0200,49282.93,MW,FR,FR,actual_load,Actual Load,2026-08-09T15:49:09Z
2026-08-09T15:48:21Z,2026-08-09T17:48:21+0200,d1ee186b-63c3-474e-8770-b1ce1a43e356,2026-07-24T12:00:00Z,2026-07-24T14:00:00+0200,50106.25,MW,FR,FR,actual_load,Actual Load,2026-08-09T15:49:09Z
2026-08-09T15:48:21Z,2026-08-09T17:48:21+0200,d1ee186b-63c3-474e-8770-b1ce1a43e356,2026-07-24T12:15:00Z,2026-07-24T14:15:00+0200,49886.52,MW,FR,FR,actual_load,Actual Load,2026-08-09T15:49:09Z
2026-08-09T15:48:21Z,2026-08-09T17:48:21+0200,d1ee186b-63c3-474e-8770-b1ce1a43e356,2026-07-24T12:30:00Z,2026-07-24T14:30:00+0200,49915.58,MW,FR,FR,actual_load,Actual Load,2026-08-09T15:49:09Z
2026-08-09T15:48:21Z,2026-08-09T17:48:21+0200,d1ee186b-63c3-474e-8770-b1ce1a43e356,2026-07-24T12:45:00Z,2026-07-24T14:45:00+0200,49585.49,MW,FR,FR,actual_load,Actual Load,2026-08-09T15:49:09Z
2026-08-09T15:48:21Z,2026-08-09T17:48:21+0200,d1ee186b-63c3-474e-8770-b1ce1a43e356,2026-07-24T13:00:00Z,2026-07-24T15:00:00+0200,49504.21,MW,FR,FR,actual_load,Actual Load,2026-08-09T15:49:09Z
2026-08-09T15:48:21Z,2026-08-09T17:48:21+0200,d1ee186b-63c3-474e-8770-b1ce1a43e356,2026-07-24T13:15:00Z,2026-07-24T15:15:00+0200,49029.04,MW,FR,FR,actual_load,Actual Load,2026-08-09T15:49:09Z
2026-08-09T15:48:21Z,2026-08-09T17:48:21+0200,d1ee186b-63c3-474e-8770-b1ce1a43e356,2026-07-24T13:30:00Z,2026-07-24T15:30:00+0200,48817.98,MW,FR,FR,actual_load,Actual Load,2026-08-09T15:49:09Z
2026-08-09T15:48:21Z,2026-08-09T17:48:21+0200,d1ee186b-63c3-474e-8770-b1ce1a43e356,2026-07-24T13:45:00Z,2026-07-24T15:45:00+0200,48372.92,MW,FR,FR,actual_load,Actual Load,2026-08-09T15:49:09Z
2026-08-09T15:48:21Z,2026-08-09T17:48:21+0200,d1ee186b-63c3-474e-8770-b1ce1a43e356,2026-07-24T14:00:00Z,2026-07-24T16:00:00+0200,48084.63,MW,FR,FR,actual_load,Actual Load,2026-08-09T15:49:09Z
2026-08-09T15:48:21Z,2026-08-09T17:48:21+0200,d1ee186b-63c3-474e-8770-b1ce1a43e356,2026-07-24T14:15:00Z,2026-07-24T16:15:00+0200,48098.87,MW,FR,FR,actual_load,Actual Load,2026-08-09T15:49:09Z
2026-08-09T15:48:21Z,2026-08-09T17:48:21+0200,d1ee186b-63c3-474e-8770-b1ce1a43e356,2026-07-24T14:30:00Z,2026-07-24T16:30:00+0200,48284.07,MW,FR,FR,actual_load,Actual Load,2026-08-09T15:49:09Z
2026-08-09T15:48:21Z,2026-08-09T17:48:21+0200,d1ee186b-63c3-474e-8770-b1ce1a43e356,2026-07-24T14:45:00Z,2026-07-24T16:45:00+0200,48086.2,MW,FR,FR,actual_load,Actual Load,2026-08-09T15:49:09Z
2026-08-09T15:48:21Z,2026-08-09T17:48:21+0200,d1ee186b-63c3-474e-8770-b1ce1a43e356,2026-07-24T15:00:00Z,2026-07-24T17:00:00+0200,47946.99,MW,FR,FR,actual_load,Actual Load,2026-08-09T15:49:09Z
2026-08-09T15:48:21Z,2026-08-09T17:48:21+0200,d1ee186b-63c3-474e-8770-b1ce1a43e356,2026-07-24T15:15:00Z,2026-07-24T17:15:00+0200,48093.36,MW,FR,FR,actual_load,Actual Load,2026-08-09T15:49:09Z
2026-08-09T15:48:21Z,2026-08-09T17:48:21+0200,d1ee186b-63c3-474e-8770-b1ce1a43e356,2026-07-24T15:30:00Z,2026-07-24T17:30:00+0200,48253.16,MW,FR,FR,actual_load,Actual Load,2026-08-09T15:49:09Z
2026-08-09T15:48:21Z,2026-08-09T17:48:21+0200,d1ee186b-63c3-474e-8770-b1ce1a43e356,2026-07-24T15:45:00Z,2026-07-24T17:45:00+0200,48445.59,MW,FR,FR,actual_load,Actual Load,2026-08-09T15:49:09Z
2026-08-09T15:48:21Z,2026-08-09T17:48:21+0200,d1ee186b-63c3-474e-8770-b1ce1a43e356,2026-07-24T16:00:00Z,2026-07-24T18:00:00+0200,48776.1,MW,FR,FR,actual_load,Actual Load,2026-08-09T15:49:09Z
2026-08-09T15:48:21Z,2026-08-09T17:48:21+0200,d1ee186b-63c3-474e-8770-b1ce1a43e356,2026-07-24T16:15:00Z,2026-07-24T18:15:00+0200,48897.78,MW,FR,FR,actual_load,Actual Load,2026-08-09T15:49:09Z
2026-08-09T15:48:21Z,2026-08-09T17:48:21+0200,d1ee186b-63c3-474e-8770-b1ce1a43e356,2026-07-24T16:30:00Z,2026-07-24T18:30:00+0200,49279.56,MW,FR,FR,actual_load,Actual Load,2026-08-09T15:49:09Z
2026-08-09T15:48:21Z,2026-08-09T17:48:21+0200,d1ee186b-63c3-474e-8770-b1ce1a43e356,2026-07-24T16:45:00Z,2026-07-24T18:45:00+0200,49654.89,MW,FR,FR,actual_load,Actual Load,2026-08-09T15:49:09Z
2026-08-09T15:48:21Z,2026-08-09T17:48:21+0200,d1ee186b-63c3-474e-8770-b1ce1a43e356,2026-07-24T17:00:00Z,2026-07-24T19:00:00+0200,49708.8,MW,FR,FR,actual_load,Actual Load,2026-08-09T15:49:09Z
2026-08-09T15:48:21Z,2026-08-09T17:48:21+0200,d1ee186b-63c3-474e-8770-b1ce1a43e356,2026-07-24T17:15:00Z,2026-07-24T19:15:00+0200,49390.4,MW,FR,FR,actual_load,Actual Load,2026-08-09T15:49:09Z
2026-08-09T15:48:21Z,2026-08-09T17:48:21+0200,d1ee186b-63c3-474e-8770-b1ce1a43e356,2026-07-24T17:30:00Z,2026-07-24T19:30:00+0200,49257.01,MW,FR,FR,actual_load,Actual Load,2026-08-09T15:49:09Z
2026-08-09T15:48:21Z,2026-08-09T17:48:21+0200,d1ee186b-63c3-474e-8770-b1ce1a43e356,2026-07-24T17:45:00Z,2026-07-24T19:45:00+0200,48925.85,MW,FR,FR,actual_load,Actual Load,2026-08-09T15:49:09Z
2026-08-09T15:48:21Z,2026-08-09T17:48:21+0200,d1ee186b-63c3-474e-8770-b1ce1a43e356,2026-07-24T18:00:00Z,2026-07-24T20:00:00+0200,48351.92,MW,FR,FR,actual_load,Actual Load,2026-08-09T15:49:09Z
2026-08-09T15:48:21Z,2026-08-09T17:48:21+0200,d1ee186b-63c3-474e-8770-b1ce1a43e356,2026-07-24T18:15:00Z,2026-07-24T20:15:00+0200,47589.03,MW,FR,FR,actual_load,Actual Load,2026-08-09T15:49:09Z
2026-08-09T15:48:21Z,2026-08-09T17:48:21+0200,d1ee186b-63c3-474e-8770-b1ce1a43e356,2026-07-24T18:30:00Z,2026-07-24T20:30:00+0200,46903.63,MW,FR,FR,actual_load,Actual Load,2026-08-09T15:49:09Z
2026-08-09T15:48:21Z,2026-08-09T17:48:21+0200,d1ee186b-63c3-474e-8770-b1ce1a43e356,2026-07-24T18:45:00Z,2026-07-24T20:45:00+0200,46435.5,MW,FR,FR,actual_load,Actual Load,2026-08-09T15:49:09Z
2026-08-09T15:48:21Z,2026-08-09T17:48:21+0200,d1ee186b-63c3-474e-8770-b1ce1a43e356,2026-07-24T19:00:00Z,2026-07-24T21:00:00+0200,46106.7,MW,FR,FR,actual_load,Actual Load,2026-08-09T15:49:09Z
2026-08-09T15:48:21Z,2026-08-09T17:48:21+0200,d1ee186b-63c3-474e-8770-b1ce1a43e356,2026-07-24T19:15:00Z,2026-07-24T21:15:00+0200,45623.13,MW,FR,FR,actual_load,Actual Load,2026-08-09T15:49:09Z
2026-08-09T15:48:21Z,2026-08-09T17:48:21+0200,d1ee186b-63c3-474e-8770-b1ce1a43e356,2026-07-24T19:30:00Z,2026-07-24T21:30:00+0200,45511.94,MW,FR,FR,actual_load,Actual Load,2026-08-09T15:49:09Z
2026-08-09T15:48:21Z,2026-08-09T17:48:21+0200,d1ee186b-63c3-474e-8770-b1ce1a43e356,2026-07-24T19:45:00Z,2026-07-24T21:45:00+0200,45339.61,MW,FR,FR,actual_load,Actual Load,2026-08-09T15:49:09Z
2026-08-09T15:48:21Z,2026-08-09T17:48:21+0200,d1ee186b-63c3-474e-8770-b1ce1a43e356,2026-07-24T20:00:00Z,2026-07-24T22:00:00+0200,46522.46,MW,FR,FR,actual_load,Actual Load,2026-08-09T15:49:09Z
2026-08-09T15:48:21Z,2026-08-09T17:48:21+0200,d1ee186b-63c3-474e-8770-b1ce1a43e356,2026-07-24T20:15:00Z,2026-07-24T22:15:00+0200,46271.8,MW,FR,FR,actual_load,Actual Load,2026-08-09T15:49:09Z
2026-08-09T15:48:21Z,2026-08-09T17:48:21+0200,d1ee186b-63c3-474e-8770-b1ce1a43e356,2026-07-24T20:30:00Z,2026-07-24T22:30:00+0200,47301.81,MW,FR,FR,actual_load,Actual Load,2026-08-09T15:49:09Z
2026-08-09T15:48:21Z,2026-08-09T17:48:21+0200,d1ee186b-63c3-474e-8770-b1ce1a43e356,2026-07-24T20:45:00Z,2026-07-24T22:45:00+0200,46819.75,MW,FR,FR,actual_load,Actual Load,2026-08-09T15:49:09Z
2026-08-09T15:48:21Z,2026-08-09T17:48:21+0200,d1ee186b-63c3-474e-8770-b1ce1a43e356,2026-07-24T21:00:00Z,2026-07-24T23:00:00+0200,46640.47,MW,FR,FR,actual_load,Actual Load,2026-08-09T15:49:09Z
2026-08-09T15:48:21Z,2026-08-09T17:48:21+0200,d1ee186b-63c3-474e-8770-b1ce1a43e356,2026-07-24T21:15:00Z,2026-07-24T23:15:00+0200,45627.06,MW,FR,FR,actual_load,Actual Load,2026-08-09T15:49:09Z
2026-08-09T15:48:21Z,2026-08-09T17:48:21+0200,d1ee186b-63c3-474e-8770-b1ce1a43e356,2026-07-24T21:30:00Z,2026-07-24T23:30:00+0200,45858.38,MW,FR,FR,actual_load,Actual Load,2026-08-09T15:49:09Z
2026-08-09T15:48:21Z,2026-08-09T17:48:21+0200,d1ee186b-63c3-474e-8770-b1ce1a43e356,2026-07-24T21:45:00Z,2026-07-24T23:45:00+0200,44816.84,MW,FR,FR,actual_load,Actual Load,2026-08-09T15:49:09Z
2026-08-09T15:48:21Z,2026-08-09T17:48:21+0200,d1ee186b-63c3-474e-8770-b1ce1a43e356,2026-07-24T22:00:00Z,2026-07-25T00:00:00+0200,44573.83,MW,FR,FR,actual_load,Actual Load,2026-08-09T15:49:09Z
2026-08-09T15:48:21Z,2026-08-09T17:48:21+0200,d1ee186b-63c3-474e-8770-b1ce1a43e356,2026-07-24T22:15:00Z,2026-07-25T00:15:00+0200,43247.91,MW,FR,FR,actual_load,Actual Load,2026-08-09T15:49:09Z
2026-08-09T15:48:21Z,2026-08-09T17:48:21+0200,d1ee186b-63c3-474e-8770-b1ce1a43e356,2026-07-24T22:30:00Z,2026-07-25T00:30:00+0200,42083.04,MW,FR,FR,actual_load,Actual Load,2026-08-09T15:49:09Z
2026-08-09T15:48:21Z,2026-08-09T17:48:21+0200,d1ee186b-63c3-474e-8770-b1ce1a43e356,2026-07-24T22:45:00Z,2026-07-25T00:45:00+0200,41171.49,MW,FR,FR,actual_load,Actual Load,2026-08-09T15:49:09Z
2026-08-09T15:48:21Z,2026-08-09T17:48:21+0200,d1ee186b-63c3-474e-8770-b1ce1a43e356,2026-07-24T23:00:00Z,2026-07-25T01:00:00+0200,41253.93,MW,FR,FR,actual_load,Actual Load,2026-08-09T15:49:09Z
2026-08-09T15:48:21Z,2026-08-09T17:48:21+0200,d1ee186b-63c3-474e-8770-b1ce1a43e356,2026-07-24T23:15:00Z,2026-07-25T01:15:00+0200,40693.08,MW,FR,FR,actual_load,Actual Load,2026-08-09T15:49:09Z
2026-08-09T15:48:21Z,2026-08-09T17:48:21+0200,d1ee186b-63c3-474e-8770-b1ce1a43e356,2026-07-24T23:30:00Z,2026-07-25T01:30:00+0200,40594.25,MW,FR,FR,actual_load,Actual Load,2026-08-09T15:49:09Z
2026-08-09T15:48:21Z,2026-08-09T17:48:21+0200,d1ee186b-63c3-474e-8770-b1ce1a43e356,2026-07-24T23:45:00Z,2026-07-25T01:45:00+0200,39701.23,MW,FR,FR,actual_load,Actual Load,2026-08-09T15:49:09Z
2026-08-09T15:48:21Z,2026-08-09T17:48:21+0200,d1ee186b-63c3-474e-8770-b1ce1a43e356,2026-07-25T00:00:00Z,2026-07-25T02:00:00+0200,39394.19,MW,FR,FR,actual_load,Actual Load,2026-08-09T15:49:09Z
2026-08-09T15:48:21Z,2026-08-09T17:48:21+0200,d1ee186b-63c3-474e-8770-b1ce1a43e356,2026-07-25T00:15:00Z,2026-07-25T02:15:00+0200,38524.35,MW,FR,FR,actual_load,Actual Load,2026-08-09T15:49:09Z
2026-08-09T15:48:21Z,2026-08-09T17:48:21+0200,d1ee186b-63c3-474e-8770-b1ce1a43e356,2026-07-25T00:30:00Z,2026-07-25T02:30:00+0200,37806.63,MW,FR,FR,actual_load,Actual Load,2026-08-09T15:49:09Z
2026-08-09T15:48:21Z,2026-08-09T17:48:21+0200,d1ee186b-63c3-474e-8770-b1ce1a43e356,2026-07-25T00:45:00Z,2026-07-25T02:45:00+0200,37278.91,MW,FR,FR,actual_load,Actual Load,2026-08-09T15:49:09Z
2026-08-09T15:48:21Z,2026-08-09T17:48:21+0200,d1ee186b-63c3-474e-8770-b1ce1a43e356,2026-07-25T01:00:00Z,2026-07-25T03:00:00+0200,36688.69,MW,FR,FR,actual_load,Actual Load,2026-08-09T15:49:09Z
2026-08-09T15:48:21Z,2026-08-09T17:48:21+0200,d1ee186b-63c3-474e-8770-b1ce1a43e356,2026-07-25T01:15:00Z,2026-07-25T03:15:00+0200,36228.97,MW,FR,FR,actual_load,Actual Load,2026-08-09T15:49:09Z
2026-08-09T15:48:21Z,2026-08-09T17:48:21+0200,d1ee186b-63c3-474e-8770-b1ce1a43e356,2026-07-25T01:30:00Z,2026-07-25T03:30:00+0200,35939.8,MW,FR,FR,actual_load,Actual Load,2026-08-09T15:49:09Z
2026-08-09T15:48:21Z,2026-08-09T17:48:21+0200,d1ee186b-63c3-474e-8770-b1ce1a43e356,2026-07-25T01:45:00Z,2026-07-25T03:45:00+0200,35659.53,MW,FR,FR,actual_load,Actual Load,2026-08-09T15:49:09Z
2026-08-09T15:48:21Z,2026-08-09T17:48:21+0200,d1ee186b-63c3-474e-8770-b1ce1a43e356,2026-07-25T02:00:00Z,2026-07-25T04:00:00+0200,35594.9,MW,FR,FR,actual_load,Actual Load,2026-08-09T15:49:09Z
2026-08-09T15:48:21Z,2026-08-09T17:48:21+0200,d1ee186b-63c3-474e-8770-b1ce1a43e356,2026-07-25T02:15:00Z,2026-07-25T04:15:00+0200,35354.67,MW,FR,FR,actual_load,Actual Load,2026-08-09T15:49:09Z
2026-08-09T15:48:21Z,2026-08-09T17:48:21+0200,d1ee186b-63c3-474e-8770-b1ce1a43e356,2026-07-25T02:30:00Z,2026-07-25T04:30:00+0200,35316.87,MW,FR,FR,actual_load,Actual Load,2026-08-09T15:49:09Z
2026-08-09T15:48:21Z,2026-08-09T17:48:21+0200,d1ee186b-63c3-474e-8770-b1ce1a43e356,2026-07-25T02:45:00Z,2026-07-25T04:45:00+0200,35108.59,MW,FR,FR,actual_load,Actual Load,2026-08-09T15:49:09Z
2026-08-09T15:48:21Z,2026-08-09T17:48:21+0200,d1ee186b-63c3-474e-8770-b1ce1a43e356,2026-07-25T03:00:00Z,2026-07-25T05:00:00+0200,35295.07,MW,FR,FR,actual_load,Actual Load,2026-08-09T15:49:09Z
2026-08-09T15:48:21Z,2026-08-09T17:48:21+0200,d1ee186b-63c3-474e-8770-b1ce1a43e356,2026-07-25T03:15:00Z,2026-07-25T05:15:00+0200,35370.46,MW,FR,FR,actual_load,Actual Load,2026-08-09T15:49:09Z
2026-08-09T15:48:21Z,2026-08-09T17:48:21+0200,d1ee186b-63c3-474e-8770-b1ce1a43e356,2026-07-25T03:30:00Z,2026-07-25T05:30:00+0200,35455.98,MW,FR,FR,actual_load,Actual Load,2026-08-09T15:49:09Z
2026-08-09T15:48:21Z,2026-08-09T17:48:21+0200,d1ee186b-63c3-474e-8770-b1ce1a43e356,2026-07-25T03:45:00Z,2026-07-25T05:45:00+0200,35389.58,MW,FR,FR,actual_load,Actual Load,2026-08-09T15:49:09Z
2026-08-09T15:48:21Z,2026-08-09T17:48:21+0200,d1ee186b-63c3-474e-8770-b1ce1a43e356,2026-07-25T04:00:00Z,2026-07-25T06:00:00+0200,35525.22,MW,FR,FR,actual_load,Actual Load,2026-08-09T15:49:09Z
2026-08-09T15:48:21Z,2026-08-09T17:48:21+0200,d1ee186b-63c3-474e-8770-b1ce1a43e356,2026-07-25T04:15:00Z,2026-07-25T06:15:00+0200,35494.78,MW,FR,FR,actual_load,Actual Load,2026-08-09T15:49:09Z
2026-08-09T15:48:21Z,2026-08-09T17:48:21+0200,d1ee186b-63c3-474e-8770-b1ce1a43e356,2026-07-25T04:30:00Z,2026-07-25T06:30:00+0200,35527.17,MW,FR,FR,actual_load,Actual Load,2026-08-09T15:49:09Z
2026-08-09T15:48:21Z,2026-08-09T17:48:21+0200,d1ee186b-63c3-474e-8770-b1ce1a43e356,2026-07-25T04:45:00Z,2026-07-25T06:45:00+0200,35724.76,MW,FR,FR,actual_load,Actual Load,2026-08-09T15:49:09Z
2026-08-09T15:48:21Z,2026-08-09T17:48:21+0200,d1ee186b-63c3-474e-8770-b1ce1a43e356,2026-07-25T05:00:00Z,2026-07-25T07:00:00+0200,36057.09,MW,FR,FR,actual_load,Actual Load,2026-08-09T15:49:09Z
2026-08-09T15:48:21Z,2026-08-09T17:48:21+0200,d1ee186b-63c3-474e-8770-b1ce1a43e356,2026-07-25T05:15:00Z,2026-07-25T07:15:00+0200,36211.69,MW,FR,FR,actual_load,Actual Load,2026-08-09T15:49:09Z
2026-08-09T15:48:21Z,2026-08-09T17:48:21+0200,d1ee186b-63c3-474e-8770-b1ce1a43e356,2026-07-25T05:30:00Z,2026-07-25T07:30:00+0200,36500.09,MW,FR,FR,actual_load,Actual Load,2026-08-09T15:49:09Z
2026-08-09T15:48:21Z,2026-08-09T17:48:21+0200,d1ee186b-63c3-474e-8770-b1ce1a43e356,2026-07-25T05:45:00Z,2026-07-25T07:45:00+0200,37003.4,MW,FR,FR,actual_load,Actual Load,2026-08-09T15:49:09Z
2026-08-09T15:48:21Z,2026-08-09T17:48:21+0200,d1ee186b-63c3-474e-8770-b1ce1a43e356,2026-07-25T06:00:00Z,2026-07-25T08:00:00+0200,37712.67,MW,FR,FR,actual_load,Actual Load,2026-08-09T15:49:09Z
2026-08-09T15:48:21Z,2026-08-09T17:48:21+0200,d1ee186b-63c3-474e-8770-b1ce1a43e356,2026-07-25T06:15:00Z,2026-07-25T08:15:00+0200,37947.01,MW,FR,FR,actual_load,Actual Load,2026-08-09T15:49:09Z
2026-08-09T15:48:21Z,2026-08-09T17:48:21+0200,d1ee186b-63c3-474e-8770-b1ce1a43e356,2026-07-25T06:30:00Z,2026-07-25T08:30:00+0200,38708.48,MW,FR,FR,actual_load,Actual Load,2026-08-09T15:49:09Z
2026-08-09T15:48:21Z,2026-08-09T17:48:21+0200,d1ee186b-63c3-474e-8770-b1ce1a43e356,2026-07-25T06:45:00Z,2026-07-25T08:45:00+0200,38988.06,MW,FR,FR,actual_load,Actual Load,2026-08-09T15:49:09Z
2026-08-09T15:48:21Z,2026-08-09T17:48:21+0200,d1ee186b-63c3-474e-8770-b1ce1a43e356,2026-07-25T07:00:00Z,2026-07-25T09:00:00+0200,39735.43,MW,FR,FR,actual_load,Actual Load,2026-08-09T15:49:09Z
2026-08-09T15:48:21Z,2026-08-09T17:48:21+0200,d1ee186b-63c3-474e-8770-b1ce1a43e356,2026-07-25T07:15:00Z,2026-07-25T09:15:00+0200,40463.92,MW,FR,FR,actual_load,Actual Load,2026-08-09T15:49:09Z
2026-08-09T15:48:21Z,2026-08-09T17:48:21+0200,d1ee186b-63c3-474e-8770-b1ce1a43e356,2026-07-25T07:30:00Z,2026-07-25T09:30:00+0200,40729.88,MW,FR,FR,actual_load,Actual Load,2026-08-09T15:49:09Z
2026-08-09T15:48:21Z,2026-08-09T17:48:21+0200,d1ee186b-63c3-474e-8770-b1ce1a43e356,2026-07-25T07:45:00Z,2026-07-25T09:45:00+0200,41379.03,MW,FR,FR,actual_load,Actual Load,2026-08-09T15:49:09Z
2026-08-09T15:48:21Z,2026-08-09T17:48:21+0200,d1ee186b-63c3-474e-8770-b1ce1a43e356,2026-07-25T08:00:00Z,2026-07-25T10:00:00+0200,41763.31,MW,FR,FR,actual_load,Actual Load,2026-08-09T15:49:09Z
2026-08-09T15:48:21Z,2026-08-09T17:48:21+0200,d1ee186b-63c3-474e-8770-b1ce1a43e356,2026-07-25T08:15:00Z,2026-07-25T10:15:00+0200,42374.22,MW,FR,FR,actual_load,Actual Load,2026-08-09T15:49:09Z
2026-08-09T15:48:21Z,2026-08-09T17:48:21+0200,d1ee186b-63c3-474e-8770-b1ce1a43e356,2026-07-25T08:30:00Z,2026-07-25T10:30:00+0200,42712.14,MW,FR,FR,actual_load,Actual Load,2026-08-09T15:49:09Z
2026-08-09T15:48:21Z,2026-08-09T17:48:21+0200,d1ee186b-63c3-474e-8770-b1ce1a43e356,2026-07-25T08:45:00Z,2026-07-25T10:45:00+0200,42753.67,MW,FR,FR,actual_load,Actual Load,2026-08-09T15:49:09Z
2026-08-09T15:48:21Z,2026-08-09T17:48:21+0200,d1ee186b-63c3-474e-8770-b1ce1a43e356,2026-07-25T09:00:00Z,2026-07-25T11:00:00+0200,43282.95,MW,FR,FR,actual_load,Actual Load,2026-08-09T15:49:09Z
2026-08-09T15:48:21Z,2026-08-09T17:48:21+0200,d1ee186b-63c3-474e-8770-b1ce1a43e356,2026-07-25T09:15:00Z,2026-07-25T11:15:00+0200,43414.41,MW,FR,FR,actual_load,Actual Load,2026-08-09T15:49:09Z
2026-08-09T15:48:21Z,2026-08-09T17:48:21+0200,d1ee186b-63c3-474e-8770-b1ce1a43e356,2026-07-25T09:30:00Z,2026-07-25T11:30:00+0200,43679.79,MW,FR,FR,actual_load,Actual Load,2026-08-09T15:49:09Z
2026-08-09T15:48:21Z,2026-08-09T17:48:21+0200,d1ee186b-63c3-474e-8770-b1ce1a43e356,2026-07-25T09:45:00Z,2026-07-25T11:45:00+0200,43825.25,MW,FR,FR,actual_load,Actual Load,2026-08-09T15:49:09Z
2026-08-09T15:48:21Z,2026-08-09T17:48:21+0200,d1ee186b-63c3-474e-8770-b1ce1a43e356,2026-07-25T10:00:00Z,2026-07-25T12:00:00+0200,44207.59,MW,FR,FR,actual_load,Actual Load,2026-08-09T15:49:09Z
2026-08-09T15:48:21Z,2026-08-09T17:48:21+0200,d1ee186b-63c3-474e-8770-b1ce1a43e356,2026-07-25T10:15:00Z,2026-07-25T12:15:00+0200,44728.53,MW,FR,FR,actual_load,Actual Load,2026-08-09T15:49:09Z
2026-08-09T15:48:21Z,2026-08-09T17:48:21+0200,d1ee186b-63c3-474e-8770-b1ce1a43e356,2026-07-25T10:30:00Z,2026-07-25T12:30:00+0200,45369.97,MW,FR,FR,actual_load,Actual Load,2026-08-09T15:49:09Z
2026-08-09T15:48:21Z,2026-08-09T17:48:21+0200,d1ee186b-63c3-474e-8770-b1ce1a43e356,2026-07-25T10:45:00Z,2026-07-25T12:45:00+0200,44936.51,MW,FR,FR,actual_load,Actual Load,2026-08-09T15:49:09Z
2026-08-09T15:48:21Z,2026-08-09T17:48:21+0200,d1ee186b-63c3-474e-8770-b1ce1a43e356,2026-07-25T11:00:00Z,2026-07-25T13:00:00+0200,44366.32,MW,FR,FR,actual_load,Actual Load,2026-08-09T15:49:09Z
2026-08-09T15:48:21Z,2026-08-09T17:48:21+0200,d1ee186b-63c3-474e-8770-b1ce1a43e356,2026-07-25T11:15:00Z,2026-07-25T13:15:00+0200,43830.62,MW,FR,FR,actual_load,Actual Load,2026-08-09T15:49:09Z
2026-08-09T15:48:21Z,2026-08-09T17:48:21+0200,d1ee186b-63c3-474e-8770-b1ce1a43e356,2026-07-25T11:30:00Z,2026-07-25T13:30:00+0200,43467.54,MW,FR,FR,actual_load,Actual Load,2026-08-09T15:49:09Z
2026-08-09T15:48:21Z,2026-08-09T17:48:21+0200,d1ee186b-63c3-474e-8770-b1ce1a43e356,2026-07-25T11:45:00Z,2026-07-25T13:45:00+0200,43256.84,MW,FR,FR,actual_load,Actual Load,2026-08-09T15:49:09Z
2026-08-09T15:48:21Z,2026-08-09T17:48:21+0200,d1ee186b-63c3-474e-8770-b1ce1a43e356,2026-07-25T12:00:00Z,2026-07-25T14:00:00+0200,44270.34,MW,FR,FR,actual_load,Actual Load,2026-08-09T15:49:09Z
2026-08-09T15:48:21Z,2026-08-09T17:48:21+0200,d1ee186b-63c3-474e-8770-b1ce1a43e356,2026-07-25T12:15:00Z,2026-07-25T14:15:00+0200,44129.22,MW,FR,FR,actual_load,Actual Load,2026-08-09T15:49:09Z
2026-08-09T15:48:21Z,2026-08-09T17:48:21+0200,d1ee186b-63c3-474e-8770-b1ce1a43e356,2026-07-25T12:30:00Z,2026-07-25T14:30:00+0200,44218.8,MW,FR,FR,actual_load,Actual Load,2026-08-09T15:49:09Z
2026-08-09T15:48:21Z,2026-08-09T17:48:21+0200,d1ee186b-63c3-474e-8770-b1ce1a43e356,2026-07-25T12:45:00Z,2026-07-25T14:45:00+0200,43987.92,MW,FR,FR,actual_load,Actual Load,2026-08-09T15:49:09Z
2026-08-09T15:48:21Z,2026-08-09T17:48:21+0200,d1ee186b-63c3-474e-8770-b1ce1a43e356,2026-07-25T13:00:00Z,2026-07-25T15:00:00+0200,44108.23,MW,FR,FR,actual_load,Actual Load,2026-08-09T15:49:09Z
2026-08-09T15:48:21Z,2026-08-09T17:48:21+0200,d1ee186b-63c3-474e-8770-b1ce1a43e356,2026-07-25T13:15:00Z,2026-07-25T15:15:00+0200,43791.77,MW,FR,FR,actual_load,Actual Load,2026-08-09T15:49:09Z
2026-08-09T15:48:21Z,2026-08-09T17:48:21+0200,d1ee186b-63c3-474e-8770-b1ce1a43e356,2026-07-25T13:30:00Z,2026-07-25T15:30:00+0200,43642.16,MW,FR,FR,actual_load,Actual Load,2026-08-09T15:49:09Z
2026-08-09T15:48:21Z,2026-08-09T17:48:21+0200,d1ee186b-63c3-474e-8770-b1ce1a43e356,2026-07-25T13:45:00Z,2026-07-25T15:45:00+0200,43136.67,MW,FR,FR,actual_load,Actual Load,2026-08-09T15:49:09Z
2026-08-09T15:48:21Z,2026-08-09T17:48:21+0200,d1ee186b-63c3-474e-8770-b1ce1a43e356,2026-07-25T14:00:00Z,2026-07-25T16:00:00+0200,42979.89,MW,FR,FR,actual_load,Actual Load,2026-08-09T15:49:09Z
2026-08-09T15:48:21Z,2026-08-09T17:48:21+0200,d1ee186b-63c3-474e-8770-b1ce1a43e356,2026-07-25T14:15:00Z,2026-07-25T16:15:00+0200,42636.87,MW,FR,FR,actual_load,Actual Load,2026-08-09T15:49:09Z
2026-08-09T15:48:21Z,2026-08-09T17:48:21+0200,d1ee186b-63c3-474e-8770-b1ce1a43e356,2026-07-25T14:30:00Z,2026-07-25T16:30:00+0200,42507.1,MW,FR,FR,actual_load,Actual Load,2026-08-09T15:49:09Z
2026-08-09T15:48:21Z,2026-08-09T17:48:21+0200,d1ee186b-63c3-474e-8770-b1ce1a43e356,2026-07-25T14:45:00Z,2026-07-25T16:45:00+0200,42746.37,MW,FR,FR,actual_load,Actual Load,2026-08-09T15:49:09Z
2026-08-09T15:48:21Z,2026-08-09T17:48:21+0200,d1ee186b-63c3-474e-8770-b1ce1a43e356,2026-07-25T15:00:00Z,2026-07-25T17:00:00+0200,42429.72,MW,FR,FR,actual_load,Actual Load,2026-08-09T15:49:09Z
2026-08-09T15:48:21Z,2026-08-09T17:48:21+0200,d1ee186b-63c3-474e-8770-b1ce1a43e356,2026-07-25T15:15:00Z,2026-07-25T17:15:00+0200,42541.7,MW,FR,FR,actual_load,Actual Load,2026-08-09T15:49:09Z
2026-08-09T15:48:21Z,2026-08-09T17:48:21+0200,d1ee186b-63c3-474e-8770-b1ce1a43e356,2026-07-25T15:30:00Z,2026-07-25T17:30:00+0200,42733.79,MW,FR,FR,actual_load,Actual Load,2026-08-09T15:49:09Z
2026-08-09T15:48:21Z,2026-08-09T17:48:21+0200,d1ee186b-63c3-474e-8770-b1ce1a43e356,2026-07-25T15:45:00Z,2026-07-25T17:45:00+0200,43011.14,MW,FR,FR,actual_load,Actual Load,2026-08-09T15:49:09Z
2026-08-09T15:48:21Z,2026-08-09T17:48:21+0200,d1ee186b-63c3-474e-8770-b1ce1a43e356,2026-07-25T16:00:00Z,2026-07-25T18:00:00+0200,43054.08,MW,FR,FR,actual_load,Actual Load,2026-08-09T15:49:09Z
2026-08-09T15:48:21Z,2026-08-09T17:48:21+0200,d1ee186b-63c3-474e-8770-b1ce1a43e356,2026-07-25T16:15:00Z,2026-07-25T18:15:00+0200,43104.01,MW,FR,FR,actual_load,Actual Load,2026-08-09T15:49:09Z
2026-08-09T15:48:21Z,2026-08-09T17:48:21+0200,d1ee186b-63c3-474e-8770-b1ce1a43e356,2026-07-25T16:30:00Z,2026-07-25T18:30:00+0200,43345.27,MW,FR,FR,actual_load,Actual Load,2026-08-09T15:49:09Z
2026-08-09T15:48:21Z,2026-08-09T17:48:21+0200,d1ee186b-63c3-474e-8770-b1ce1a43e356,2026-07-25T16:45:00Z,2026-07-25T18:45:00+0200,43731.3,MW,FR,FR,actual_load,Actual Load,2026-08-09T15:49:09Z
2026-08-09T15:48:21Z,2026-08-09T17:48:21+0200,d1ee186b-63c3-474e-8770-b1ce1a43e356,2026-07-25T17:00:00Z,2026-07-25T19:00:00+0200,43809.5,MW,FR,FR,actual_load,Actual Load,2026-08-09T15:49:09Z
2026-08-09T15:48:21Z,2026-08-09T17:48:21+0200,d1ee186b-63c3-474e-8770-b1ce1a43e356,2026-07-25T17:15:00Z,2026-07-25T19:15:00+0200,43645.82,MW,FR,FR,actual_load,Actual Load,2026-08-09T15:49:09Z
2026-08-09T15:48:21Z,2026-08-09T17:48:21+0200,d1ee186b-63c3-474e-8770-b1ce1a43e356,2026-07-25T17:30:00Z,2026-07-25T19:30:00+0200,43651.32,MW,FR,FR,actual_load,Actual Load,2026-08-09T15:49:09Z
2026-08-09T15:48:21Z,2026-08-09T17:48:21+0200,d1ee186b-63c3-474e-8770-b1ce1a43e356,2026-07-25T17:45:00Z,2026-07-25T19:45:00+0200,43482.22,MW,FR,FR,actual_load,Actual Load,2026-08-09T15:49:09Z
2026-08-09T15:48:21Z,2026-08-09T17:48:21+0200,d1ee186b-63c3-474e-8770-b1ce1a43e356,2026-07-25T18:00:00Z,2026-07-25T20:00:00+0200,42822.71,MW,FR,FR,actual_load,Actual Load,2026-08-09T15:49:09Z
2026-08-09T15:48:21Z,2026-08-09T17:48:21+0200,d1ee186b-63c3-474e-8770-b1ce1a43e356,2026-07-25T18:15:00Z,2026-07-25T20:15:00+0200,42357.5,MW,FR,FR,actual_load,Actual Load,2026-08-09T15:49:09Z
2026-08-09T15:48:21Z,2026-08-09T17:48:21+0200,d1ee186b-63c3-474e-8770-b1ce1a43e356,2026-07-25T18:30:00Z,2026-07-25T20:30:00+0200,41828.0,MW,FR,FR,actual_load,Actual Load,2026-08-09T15:49:09Z
2026-08-09T15:48:21Z,2026-08-09T17:48:21+0200,d1ee186b-63c3-474e-8770-b1ce1a43e356,2026-07-25T18:45:00Z,2026-07-25T20:45:00+0200,41614.28,MW,FR,FR,actual_load,Actual Load,2026-08-09T15:49:09Z
2026-08-09T15:48:21Z,2026-08-09T17:48:21+0200,d1ee186b-63c3-474e-8770-b1ce1a43e356,2026-07-25T19:00:00Z,2026-07-25T21:00:00+0200,41459.27,MW,FR,FR,actual_load,Actual Load,2026-08-09T15:49:09Z
2026-08-09T15:48:21Z,2026-08-09T17:48:21+0200,d1ee186b-63c3-474e-8770-b1ce1a43e356,2026-07-25T19:15:00Z,2026-07-25T21:15:00+0200,41211.49,MW,FR,FR,actual_load,Actual Load,2026-08-09T15:49:09Z
2026-08-09T15:48:21Z,2026-08-09T17:48:21+0200,d1ee186b-63c3-474e-8770-b1ce1a43e356,2026-07-25T19:30:00Z,2026-07-25T21:30:00+0200,41061.84,MW,FR,FR,actual_load,Actual Load,2026-08-09T15:49:09Z
2026-08-09T15:48:21Z,2026-08-09T17:48:21+0200,d1ee186b-63c3-474e-8770-b1ce1a43e356,2026-07-25T19:45:00Z,2026-07-25T21:45:00+0200,40916.14,MW,FR,FR,actual_load,Actual Load,2026-08-09T15:49:09Z
2026-08-09T15:48:21Z,2026-08-09T17:48:21+0200,d1ee186b-63c3-474e-8770-b1ce1a43e356,2026-07-25T20:00:00Z,2026-07-25T22:00:00+0200,42156.59,MW,FR,FR,actual_load,Actual Load,2026-08-09T15:49:09Z
2026-08-09T15:48:21Z,2026-08-09T17:48:21+0200,d1ee186b-63c3-474e-8770-b1ce1a43e356,2026-07-25T20:15:00Z,2026-07-25T22:15:00+0200,42102.42,MW,FR,FR,actual_load,Actual Load,2026-08-09T15:49:09Z
2026-08-09T15:48:21Z,2026-08-09T17:48:21+0200,d1ee186b-63c3-474e-8770-b1ce1a43e356,2026-07-25T20:30:00Z,2026-07-25T22:30:00+0200,43108.24,MW,FR,FR,actual_load,Actual Load,2026-08-09T15:49:09Z
2026-08-09T15:48:21Z,2026-08-09T17:48:21+0200,d1ee186b-63c3-474e-8770-b1ce1a43e356,2026-07-25T20:45:00Z,2026-07-25T22:45:00+0200,42565.41,MW,FR,FR,actual_load,Actual Load,2026-08-09T15:49:09Z
2026-08-09T15:48:21Z,2026-08-09T17:48:21+0200,d1ee186b-63c3-474e-8770-b1ce1a43e356,2026-07-25T21:00:00Z,2026-07-25T23:00:00+0200,42510.91,MW,FR,FR,actual_load,Actual Load,2026-08-09T15:49:09Z
2026-08-09T15:48:21Z,2026-08-09T17:48:21+0200,d1ee186b-63c3-474e-8770-b1ce1a43e356,2026-07-25T21:15:00Z,2026-07-25T23:15:00+0200,41695.28,MW,FR,FR,actual_load,Actual Load,2026-08-09T15:49:09Z
2026-08-09T15:48:21Z,2026-08-09T17:48:21+0200,d1ee186b-63c3-474e-8770-b1ce1a43e356,2026-07-25T21:30:00Z,2026-07-25T23:30:00+0200,41816.36,MW,FR,FR,actual_load,Actual Load,2026-08-09T15:49:09Z
2026-08-09T15:48:21Z,2026-08-09T17:48:21+0200,d1ee186b-63c3-474e-8770-b1ce1a43e356,2026-07-25T21:45:00Z,2026-07-25T23:45:00+0200,41037.09,MW,FR,FR,actual_load,Actual Load,2026-08-09T15:49:09Z
2026-08-09T15:48:21Z,2026-08-09T17:48:21+0200,d1ee186b-63c3-474e-8770-b1ce1a43e356,2026-07-25T22:00:00Z,2026-07-26T00:00:00+0200,40950.69,MW,FR,FR,actual_load,Actual Load,2026-08-09T15:49:09Z
2026-08-09T15:48:21Z,2026-08-09T17:48:21+0200,d1ee186b-63c3-474e-8770-b1ce1a43e356,2026-07-25T22:15:00Z,2026-07-26T00:15:00+0200,39881.11,MW,FR,FR,actual_load,Actual Load,2026-08-09T15:49:09Z
2026-08-09T15:48:21Z,2026-08-09T17:48:21+0200,d1ee186b-63c3-474e-8770-b1ce1a43e356,2026-07-25T22:30:00Z,2026-07-26T00:30:00+0200,38643.92,MW,FR,FR,actual_load,Actual Load,2026-08-09T15:49:09Z
2026-08-09T15:48:21Z,2026-08-09T17:48:21+0200,d1ee186b-63c3-474e-8770-b1ce1a43e356,2026-07-25T22:45:00Z,2026-07-26T00:45:00+0200,37925.2,MW,FR,FR,actual_load,Actual Load,2026-08-09T15:49:09Z
2026-08-09T15:48:21Z,2026-08-09T17:48:21+0200,d1ee186b-63c3-474e-8770-b1ce1a43e356,2026-07-25T23:00:00Z,2026-07-26T01:00:00+0200,38172.73,MW,FR,FR,actual_load,Actual Load,2026-08-09T15:49:09Z
2026-08-09T15:48:21Z,2026-08-09T17:48:21+0200,d1ee186b-63c3-474e-8770-b1ce1a43e356,2026-07-25T23:15:00Z,2026-07-26T01:15:00+0200,37675.21,MW,FR,FR,actual_load,Actual Load,2026-08-09T15:49:09Z
2026-08-09T15:48:21Z,2026-08-09T17:48:21+0200,d1ee186b-63c3-474e-8770-b1ce1a43e356,2026-07-25T23:30:00Z,2026-07-26T01:30:00+0200,37492.29,MW,FR,FR,actual_load,Actual Load,2026-08-09T15:49:09Z
2026-08-09T15:48:21Z,2026-08-09T17:48:21+0200,d1ee186b-63c3-474e-8770-b1ce1a43e356,2026-07-25T23:45:00Z,2026-07-26T01:45:00+0200,36739.43,MW,FR,FR,actual_load,Actual Load,2026-08-09T15:49:09Z
2026-08-09T15:48:21Z,2026-08-09T17:48:21+0200,d1ee186b-63c3-474e-8770-b1ce1a43e356,2026-07-26T00:00:00Z,2026-07-26T02:00:00+0200,36292.03,MW,FR,FR,actual_load,Actual Load,2026-08-09T15:49:09Z
2026-08-09T15:48:21Z,2026-08-09T17:48:21+0200,d1ee186b-63c3-474e-8770-b1ce1a43e356,2026-07-26T00:15:00Z,2026-07-26T02:15:00+0200,35544.43,MW,FR,FR,actual_load,Actual Load,2026-08-09T15:49:09Z
2026-08-09T15:48:21Z,2026-08-09T17:48:21+0200,d1ee186b-63c3-474e-8770-b1ce1a43e356,2026-07-26T00:30:00Z,2026-07-26T02:30:00+0200,35054.14,MW,FR,FR,actual_load,Actual Load,2026-08-09T15:49:09Z
2026-08-09T15:48:21Z,2026-08-09T17:48:21+0200,d1ee186b-63c3-474e-8770-b1ce1a43e356,2026-07-26T00:45:00Z,2026-07-26T02:45:00+0200,34640.23,MW,FR,FR,actual_load,Actual Load,2026-08-09T15:49:09Z
2026-08-09T15:48:21Z,2026-08-09T17:48:21+0200,d1ee186b-63c3-474e-8770-b1ce1a43e356,2026-07-26T01:00:00Z,2026-07-26T03:00:00+0200,34176.31,MW,FR,FR,actual_load,Actual Load,2026-08-09T15:49:09Z
2026-08-09T15:48:21Z,2026-08-09T17:48:21+0200,d1ee186b-63c3-474e-8770-b1ce1a43e356,2026-07-26T01:15:00Z,2026-07-26T03:15:00+0200,33754.48,MW,FR,FR,actual_load,Actual Load,2026-08-09T15:49:09Z
2026-08-09T15:48:21Z,2026-08-09T17:48:21+0200,d1ee186b-63c3-474e-8770-b1ce1a43e356,2026-07-26T01:30:00Z,2026-07-26T03:30:00+0200,33499.39,MW,FR,FR,actual_load,Actual Load,2026-08-09T15:49:09Z
2026-08-09T15:48:21Z,2026-08-09T17:48:21+0200,d1ee186b-63c3-474e-8770-b1ce1a43e356,2026-07-26T01:45:00Z,2026-07-26T03:45:00+0200,33264.03,MW,FR,FR,actual_load,Actual Load,2026-08-09T15:49:09Z
2026-08-09T15:48:21Z,2026-08-09T17:48:21+0200,d1ee186b-63c3-474e-8770-b1ce1a43e356,2026-07-26T02:00:00Z,2026-07-26T04:00:00+0200,32908.26,MW,FR,FR,actual_load,Actual Load,2026-08-09T15:49:09Z
2026-08-09T15:48:21Z,2026-08-09T17:48:21+0200,d1ee186b-63c3-474e-8770-b1ce1a43e356,2026-07-26T02:15:00Z,2026-07-26T04:15:00+0200,32727.94,MW,FR,FR,actual_load,Actual Load,2026-08-09T15:49:09Z
2026-08-09T15:48:21Z,2026-08-09T17:48:21+0200,d1ee186b-63c3-474e-8770-b1ce1a43e356,2026-07-26T02:30:00Z,2026-07-26T04:30:00+0200,32599.53,MW,FR,FR,actual_load,Actual Load,2026-08-09T15:49:09Z
2026-08-09T15:48:21Z,2026-08-09T17:48:21+0200,d1ee186b-63c3-474e-8770-b1ce1a43e356,2026-07-26T02:45:00Z,2026-07-26T04:45:00+0200,32511.19,MW,FR,FR,actual_load,Actual Load,2026-08-09T15:49:09Z
2026-08-09T15:48:21Z,2026-08-09T17:48:21+0200,d1ee186b-63c3-474e-8770-b1ce1a43e356,2026-07-26T03:00:00Z,2026-07-26T05:00:00+0200,32606.22,MW,FR,FR,actual_load,Actual Load,2026-08-09T15:49:09Z
2026-08-09T15:48:21Z,2026-08-09T17:48:21+0200,d1ee186b-63c3-474e-8770-b1ce1a43e356,2026-07-26T03:15:00Z,2026-07-26T05:15:00+0200,32507.72,MW,FR,FR,actual_load,Actual Load,2026-08-09T15:49:09Z
2026-08-09T15:48:21Z,2026-08-09T17:48:21+0200,d1ee186b-63c3-474e-8770-b1ce1a43e356,2026-07-26T03:30:00Z,2026-07-26T05:30:00+0200,32538.57,MW,FR,FR,actual_load,Actual Load,2026-08-09T15:49:09Z
2026-08-09T15:48:21Z,2026-08-09T17:48:21+0200,d1ee186b-63c3-474e-8770-b1ce1a43e356,2026-07-26T03:45:00Z,2026-07-26T05:45:00+0200,32375.5,MW,FR,FR,actual_load,Actual Load,2026-08-09T15:49:09Z
2026-08-09T15:48:21Z,2026-08-09T17:48:21+0200,d1ee186b-63c3-474e-8770-b1ce1a43e356,2026-07-26T04:00:00Z,2026-07-26T06:00:00+0200,32462.21,MW,FR,FR,actual_load,Actual Load,2026-08-09T15:49:09Z
2026-08-09T15:48:21Z,2026-08-09T17:48:21+0200,d1ee186b-63c3-474e-8770-b1ce1a43e356,2026-07-26T04:15:00Z,2026-07-26T06:15:00+0200,32445.93,MW,FR,FR,actual_load,Actual Load,2026-08-09T15:49:09Z
2026-08-09T15:48:21Z,2026-08-09T17:48:21+0200,d1ee186b-63c3-474e-8770-b1ce1a43e356,2026-07-26T04:30:00Z,2026-07-26T06:30:00+0200,32369.47,MW,FR,FR,actual_load,Actual Load,2026-08-09T15:49:09Z
2026-08-09T15:48:21Z,2026-08-09T17:48:21+0200,d1ee186b-63c3-474e-8770-b1ce1a43e356,2026-07-26T04:45:00Z,2026-07-26T06:45:00+0200,32452.0,MW,FR,FR,actual_load,Actual Load,2026-08-09T15:49:09Z
2026-08-09T15:48:21Z,2026-08-09T17:48:21+0200,d1ee186b-63c3-474e-8770-b1ce1a43e356,2026-07-26T05:00:00Z,2026-07-26T07:00:00+0200,32767.47,MW,FR,FR,actual_load,Actual Load,2026-08-09T15:49:09Z
2026-08-09T15:48:21Z,2026-08-09T17:48:21+0200,d1ee186b-63c3-474e-8770-b1ce1a43e356,2026-07-26T05:15:00Z,2026-07-26T07:15:00+0200,32916.94,MW,FR,FR,actual_load,Actual Load,2026-08-09T15:49:09Z
2026-08-09T15:48:21Z,2026-08-09T17:48:21+0200,d1ee186b-63c3-474e-8770-b1ce1a43e356,2026-07-26T05:30:00Z,2026-07-26T07:30:00+0200,33292.69,MW,FR,FR,actual_load,Actual Load,2026-08-09T15:49:09Z
2026-08-09T15:48:21Z,2026-08-09T17:48:21+0200,d1ee186b-63c3-474e-8770-b1ce1a43e356,2026-07-26T05:45:00Z,2026-07-26T07:45:00+0200,33399.23,MW,FR,FR,actual_load,Actual Load,2026-08-09T15:49:09Z
2026-08-09T15:48:21Z,2026-08-09T17:48:21+0200,d1ee186b-63c3-474e-8770-b1ce1a43e356,2026-07-26T06:00:00Z,2026-07-26T08:00:00+0200,33910.03,MW,FR,FR,actual_load,Actual Load,2026-08-09T15:49:09Z
2026-08-09T15:48:21Z,2026-08-09T17:48:21+0200,d1ee186b-63c3-474e-8770-b1ce1a43e356,2026-07-26T06:15:00Z,2026-07-26T08:15:00+0200,34165.39,MW,FR,FR,actual_load,Actual Load,2026-08-09T15:49:09Z
2026-08-09T15:48:21Z,2026-08-09T17:48:21+0200,d1ee186b-63c3-474e-8770-b1ce1a43e356,2026-07-26T06:30:00Z,2026-07-26T08:30:00+0200,34540.79,MW,FR,FR,actual_load,Actual Load,2026-08-09T15:49:09Z
2026-08-09T15:48:21Z,2026-08-09T17:48:21+0200,d1ee186b-63c3-474e-8770-b1ce1a43e356,2026-07-26T06:45:00Z,2026-07-26T08:45:00+0200,35057.16,MW,FR,FR,actual_load,Actual Load,2026-08-09T15:49:09Z
2026-08-09T15:48:21Z,2026-08-09T17:48:21+0200,d1ee186b-63c3-474e-8770-b1ce1a43e356,2026-07-26T07:00:00Z,2026-07-26T09:00:00+0200,35614.42,MW,FR,FR,actual_load,Actual Load,2026-08-09T15:49:09Z
2026-08-09T15:48:21Z,2026-08-09T17:48:21+0200,d1ee186b-63c3-474e-8770-b1ce1a43e356,2026-07-26T07:15:00Z,2026-07-26T09:15:00+0200,35949.31,MW,FR,FR,actual_load,Actual Load,2026-08-09T15:49:09Z
2026-08-09T15:48:21Z,2026-08-09T17:48:21+0200,d1ee186b-63c3-474e-8770-b1ce1a43e356,2026-07-26T07:30:00Z,2026-07-26T09:30:00+0200,36394.29,MW,FR,FR,actual_load,Actual Load,2026-08-09T15:49:09Z
2026-08-09T15:48:21Z,2026-08-09T17:48:21+0200,d1ee186b-63c3-474e-8770-b1ce1a43e356,2026-07-26T07:45:00Z,2026-07-26T09:45:00+0200,37142.39,MW,FR,FR,actual_load,Actual Load,2026-08-09T15:49:09Z
2026-08-09T15:48:21Z,2026-08-09T17:48:21+0200,d1ee186b-63c3-474e-8770-b1ce1a43e356,2026-07-26T08:00:00Z,2026-07-26T10:00:00+0200,37780.86,MW,FR,FR,actual_load,Actual Load,2026-08-09T15:49:09Z
2026-08-09T15:48:21Z,2026-08-09T17:48:21+0200,d1ee186b-63c3-474e-8770-b1ce1a43e356,2026-07-26T08:15:00Z,2026-07-26T10:15:00+0200,38311.27,MW,FR,FR,actual_load,Actual Load,2026-08-09T15:49:09Z
2026-08-09T15:48:21Z,2026-08-09T17:48:21+0200,d1ee186b-63c3-474e-8770-b1ce1a43e356,2026-07-26T08:30:00Z,2026-07-26T10:30:00+0200,38604.07,MW,FR,FR,actual_load,Actual Load,2026-08-09T15:49:09Z
2026-08-09T15:48:21Z,2026-08-09T17:48:21+0200,d1ee186b-63c3-474e-8770-b1ce1a43e356,2026-07-26T08:45:00Z,2026-07-26T10:45:00+0200,39122.65,MW,FR,FR,actual_load,Actual Load,2026-08-09T15:49:09Z
2026-08-09T15:48:21Z,2026-08-09T17:48:21+0200,d1ee186b-63c3-474e-8770-b1ce1a43e356,2026-07-26T09:00:00Z,2026-07-26T11:00:00+0200,39817.68,MW,FR,FR,actual_load,Actual Load,2026-08-09T15:49:09Z
2026-08-09T15:48:21Z,2026-08-09T17:48:21+0200,d1ee186b-63c3-474e-8770-b1ce1a43e356,2026-07-26T09:15:00Z,2026-07-26T11:15:00+0200,40497.81,MW,FR,FR,actual_load,Actual Load,2026-08-09T15:49:09Z
2026-08-09T15:48:21Z,2026-08-09T17:48:21+0200,d1ee186b-63c3-474e-8770-b1ce1a43e356,2026-07-26T09:30:00Z,2026-07-26T11:30:00+0200,40814.07,MW,FR,FR,actual_load,Actual Load,2026-08-09T15:49:09Z
2026-08-09T15:48:21Z,2026-08-09T17:48:21+0200,d1ee186b-63c3-474e-8770-b1ce1a43e356,2026-07-26T09:45:00Z,2026-07-26T11:45:00+0200,41125.88,MW,FR,FR,actual_load,Actual Load,2026-08-09T15:49:09Z
2026-08-09T15:48:21Z,2026-08-09T17:48:21+0200,d1ee186b-63c3-474e-8770-b1ce1a43e356,2026-07-26T10:00:00Z,2026-07-26T12:00:00+0200,41970.21,MW,FR,FR,actual_load,Actual Load,2026-08-09T15:49:09Z
2026-08-09T15:48:21Z,2026-08-09T17:48:21+0200,d1ee186b-63c3-474e-8770-b1ce1a43e356,2026-07-26T10:15:00Z,2026-07-26T12:15:00+0200,42454.35,MW,FR,FR,actual_load,Actual Load,2026-08-09T15:49:09Z
2026-08-09T15:48:21Z,2026-08-09T17:48:21+0200,d1ee186b-63c3-474e-8770-b1ce1a43e356,2026-07-26T10:30:00Z,2026-07-26T12:30:00+0200,42697.17,MW,FR,FR,actual_load,Actual Load,2026-08-09T15:49:09Z
2026-08-09T15:48:21Z,2026-08-09T17:48:21+0200,d1ee186b-63c3-474e-8770-b1ce1a43e356,2026-07-26T10:45:00Z,2026-07-26T12:45:00+0200,42186.47,MW,FR,FR,actual_load,Actual Load,2026-08-09T15:49:09Z
2026-08-09T15:48:21Z,2026-08-09T17:48:21+0200,d1ee186b-63c3-474e-8770-b1ce1a43e356,2026-07-26T11:00:00Z,2026-07-26T13:00:00+0200,41848.41,MW,FR,FR,actual_load,Actual Load,2026-08-09T15:49:09Z
2026-08-09T15:48:21Z,2026-08-09T17:48:21+0200,d1ee186b-63c3-474e-8770-b1ce1a43e356,2026-07-26T11:15:00Z,2026-07-26T13:15:00+0200,40952.08,MW,FR,FR,actual_load,Actual Load,2026-08-09T15:49:09Z
2026-08-09T15:48:21Z,2026-08-09T17:48:21+0200,d1ee186b-63c3-474e-8770-b1ce1a43e356,2026-07-26T11:30:00Z,2026-07-26T13:30:00+0200,40348.21,MW,FR,FR,actual_load,Actual Load,2026-08-09T15:49:09Z
2026-08-09T15:48:21Z,2026-08-09T17:48:21+0200,d1ee186b-63c3-474e-8770-b1ce1a43e356,2026-07-26T11:45:00Z,2026-07-26T13:45:00+0200,40281.39,MW,FR,FR,actual_load,Actual Load,2026-08-09T15:49:09Z
2026-08-09T15:48:21Z,2026-08-09T17:48:21+0200,d1ee186b-63c3-474e-8770-b1ce1a43e356,2026-07-26T12:00:00Z,2026-07-26T14:00:00+0200,40856.43,MW,FR,FR,actual_load,Actual Load,2026-08-09T15:49:09Z
2026-08-09T15:48:21Z,2026-08-09T17:48:21+0200,d1ee186b-63c3-474e-8770-b1ce1a43e356,2026-07-26T12:15:00Z,2026-07-26T14:15:00+0200,40631.24,MW,FR,FR,actual_load,Actual Load,2026-08-09T15:49:09Z
2026-08-09T15:48:21Z,2026-08-09T17:48:21+0200,d1ee186b-63c3-474e-8770-b1ce1a43e356,2026-07-26T12:30:00Z,2026-07-26T14:30:00+0200,40639.01,MW,FR,FR,actual_load,Actual Load,2026-08-09T15:49:09Z
2026-08-09T15:48:21Z,2026-08-09T17:48:21+0200,d1ee186b-63c3-474e-8770-b1ce1a43e356,2026-07-26T12:45:00Z,2026-07-26T14:45:00+0200,40163.33,MW,FR,FR,actual_load,Actual Load,2026-08-09T15:49:09Z
2026-08-09T15:48:21Z,2026-08-09T17:48:21+0200,d1ee186b-63c3-474e-8770-b1ce1a43e356,2026-07-26T13:00:00Z,2026-07-26T15:00:00+0200,40240.59,MW,FR,FR,actual_load,Actual Load,2026-08-09T15:49:09Z
2026-08-09T15:48:21Z,2026-08-09T17:48:21+0200,d1ee186b-63c3-474e-8770-b1ce1a43e356,2026-07-26T13:15:00Z,2026-07-26T15:15:00+0200,40006.38,MW,FR,FR,actual_load,Actual Load,2026-08-09T15:49:09Z
2026-08-09T15:48:21Z,2026-08-09T17:48:21+0200,d1ee186b-63c3-474e-8770-b1ce1a43e356,2026-07-26T13:30:00Z,2026-07-26T15:30:00+0200,39626.28,MW,FR,FR,actual_load,Actual Load,2026-08-09T15:49:09Z
2026-08-09T15:48:21Z,2026-08-09T17:48:21+0200,d1ee186b-63c3-474e-8770-b1ce1a43e356,2026-07-26T13:45:00Z,2026-07-26T15:45:00+0200,39166.37,MW,FR,FR,actual_load,Actual Load,2026-08-09T15:49:09Z
2026-08-09T15:48:21Z,2026-08-09T17:48:21+0200,d1ee186b-63c3-474e-8770-b1ce1a43e356,2026-07-26T14:00:00Z,2026-07-26T16:00:00+0200,39228.68,MW,FR,FR,actual_load,Actual Load,2026-08-09T15:49:09Z
2026-08-09T15:48:21Z,2026-08-09T17:48:21+0200,d1ee186b-63c3-474e-8770-b1ce1a43e356,2026-07-26T14:15:00Z,2026-07-26T16:15:00+0200,39108.52,MW,FR,FR,actual_load,Actual Load,2026-08-09T15:49:09Z
2026-08-09T15:48:21Z,2026-08-09T17:48:21+0200,d1ee186b-63c3-474e-8770-b1ce1a43e356,2026-07-26T14:30:00Z,2026-07-26T16:30:00+0200,39217.77,MW,FR,FR,actual_load,Actual Load,2026-08-09T15:49:09Z
2026-08-09T15:48:21Z,2026-08-09T17:48:21+0200,d1ee186b-63c3-474e-8770-b1ce1a43e356,2026-07-26T14:45:00Z,2026-07-26T16:45:00+0200,39113.86,MW,FR,FR,actual_load,Actual Load,2026-08-09T15:49:09Z
2026-08-09T15:48:21Z,2026-08-09T17:48:21+0200,d1ee186b-63c3-474e-8770-b1ce1a43e356,2026-07-26T15:00:00Z,2026-07-26T17:00:00+0200,39105.86,MW,FR,FR,actual_load,Actual Load,2026-08-09T15:49:09Z
2026-08-09T15:48:21Z,2026-08-09T17:48:21+0200,d1ee186b-63c3-474e-8770-b1ce1a43e356,2026-07-26T15:15:00Z,2026-07-26T17:15:00+0200,39277.48,MW,FR,FR,actual_load,Actual Load,2026-08-09T15:49:09Z
2026-08-09T15:48:21Z,2026-08-09T17:48:21+0200,d1ee186b-63c3-474e-8770-b1ce1a43e356,2026-07-26T15:30:00Z,2026-07-26T17:30:00+0200,39399.39,MW,FR,FR,actual_load,Actual Load,2026-08-09T15:49:09Z
2026-08-09T15:48:21Z,2026-08-09T17:48:21+0200,d1ee186b-63c3-474e-8770-b1ce1a43e356,2026-07-26T15:45:00Z,2026-07-26T17:45:00+0200,39859.75,MW,FR,FR,actual_load,Actual Load,2026-08-09T15:49:09Z
2026-08-09T15:48:21Z,2026-08-09T17:48:21+0200,d1ee186b-63c3-474e-8770-b1ce1a43e356,2026-07-26T16:00:00Z,2026-07-26T18:00:00+0200,40309.27,MW,FR,FR,actual_load,Actual Load,2026-08-09T15:49:09Z
2026-08-09T15:48:21Z,2026-08-09T17:48:21+0200,d1ee186b-63c3-474e-8770-b1ce1a43e356,2026-07-26T16:15:00Z,2026-07-26T18:15:00+0200,40819.68,MW,FR,FR,actual_load,Actual Load,2026-08-09T15:49:09Z
2026-08-09T15:48:21Z,2026-08-09T17:48:21+0200,d1ee186b-63c3-474e-8770-b1ce1a43e356,2026-07-26T16:30:00Z,2026-07-26T18:30:00+0200,41278.5,MW,FR,FR,actual_load,Actual Load,2026-08-09T15:49:09Z
2026-08-09T15:48:21Z,2026-08-09T17:48:21+0200,d1ee186b-63c3-474e-8770-b1ce1a43e356,2026-07-26T16:45:00Z,2026-07-26T18:45:00+0200,41687.63,MW,FR,FR,actual_load,Actual Load,2026-08-09T15:49:09Z
2026-08-09T15:48:21Z,2026-08-09T17:48:21+0200,d1ee186b-63c3-474e-8770-b1ce1a43e356,2026-07-26T17:00:00Z,2026-07-26T19:00:00+0200,42146.36,MW,FR,FR,actual_load,Actual Load,2026-08-09T15:49:09Z
2026-08-09T15:48:21Z,2026-08-09T17:48:21+0200,d1ee186b-63c3-474e-8770-b1ce1a43e356,2026-07-26T17:15:00Z,2026-07-26T19:15:00+0200,42405.29,MW,FR,FR,actual_load,Actual Load,2026-08-09T15:49:09Z
2026-08-09T15:48:21Z,2026-08-09T17:48:21+0200,d1ee186b-63c3-474e-8770-b1ce1a43e356,2026-07-26T17:30:00Z,2026-07-26T19:30:00+0200,42201.14,MW,FR,FR,actual_load,Actual Load,2026-08-09T15:49:09Z
2026-08-09T15:48:21Z,2026-08-09T17:48:21+0200,d1ee186b-63c3-474e-8770-b1ce1a43e356,2026-07-26T17:45:00Z,2026-07-26T19:45:00+0200,42114.61,MW,FR,FR,actual_load,Actual Load,2026-08-09T15:49:09Z
2026-08-09T15:48:21Z,2026-08-09T17:48:21+0200,d1ee186b-63c3-474e-8770-b1ce1a43e356,2026-07-26T18:00:00Z,2026-07-26T20:00:00+0200,41714.2,MW,FR,FR,actual_load,Actual Load,2026-08-09T15:49:09Z
2026-08-09T15:48:21Z,2026-08-09T17:48:21+0200,d1ee186b-63c3-474e-8770-b1ce1a43e356,2026-07-26T18:15:00Z,2026-07-26T20:15:00+0200,41646.55,MW,FR,FR,actual_load,Actual Load,2026-08-09T15:49:09Z
2026-08-09T15:48:21Z,2026-08-09T17:48:21+0200,d1ee186b-63c3-474e-8770-b1ce1a43e356,2026-07-26T18:30:00Z,2026-07-26T20:30:00+0200,41597.68,MW,FR,FR,actual_load,Actual Load,2026-08-09T15:49:09Z
2026-08-09T15:48:21Z,2026-08-09T17:48:21+0200,d1ee186b-63c3-474e-8770-b1ce1a43e356,2026-07-26T18:45:00Z,2026-07-26T20:45:00+0200,41446.5,MW,FR,FR,actual_load,Actual Load,2026-08-09T15:49:09Z
2026-08-09T15:48:21Z,2026-08-09T17:48:21+0200,d1ee186b-63c3-474e-8770-b1ce1a43e356,2026-07-26T19:00:00Z,2026-07-26T21:00:00+0200,41802.56,MW,FR,FR,actual_load,Actual Load,2026-08-09T15:49:09Z
2026-08-09T15:48:21Z,2026-08-09T17:48:21+0200,d1ee186b-63c3-474e-8770-b1ce1a43e356,2026-07-26T19:15:00Z,2026-07-26T21:15:00+0200,41570.68,MW,FR,FR,actual_load,Actual Load,2026-08-09T15:49:09Z
2026-08-09T15:48:21Z,2026-08-09T17:48:21+0200,d1ee186b-63c3-474e-8770-b1ce1a43e356,2026-07-26T19:30:00Z,2026-07-26T21:30:00+0200,41614.35,MW,FR,FR,actual_load,Actual Load,2026-08-09T15:49:09Z
2026-08-09T15:48:21Z,2026-08-09T17:48:21+0200,d1ee186b-63c3-474e-8770-b1ce1a43e356,2026-07-26T19:45:00Z,2026-07-26T21:45:00+0200,41637.14,MW,FR,FR,actual_load,Actual Load,2026-08-09T15:49:09Z
2026-08-09T15:48:21Z,2026-08-09T17:48:21+0200,d1ee186b-63c3-474e-8770-b1ce1a43e356,2026-07-26T20:00:00Z,2026-07-26T22:00:00+0200,42689.0,MW,FR,FR,actual_load,Actual Load,2026-08-09T15:49:09Z
2026-08-09T15:48:21Z,2026-08-09T17:48:21+0200,d1ee186b-63c3-474e-8770-b1ce1a43e356,2026-07-26T20:15:00Z,2026-07-26T22:15:00+0200,42342.29,MW,FR,FR,actual_load,Actual Load,2026-08-09T15:49:09Z
2026-08-09T15:48:21Z,2026-08-09T17:48:21+0200,d1ee186b-63c3-474e-8770-b1ce1a43e356,2026-07-26T20:30:00Z,2026-07-26T22:30:00+0200,43227.64,MW,FR,FR,actual_load,Actual Load,2026-08-09T15:49:09Z
2026-08-09T15:48:21Z,2026-08-09T17:48:21+0200,d1ee186b-63c3-474e-8770-b1ce1a43e356,2026-07-26T20:45:00Z,2026-07-26T22:45:00+0200,42727.04,MW,FR,FR,actual_load,Actual Load,2026-08-09T15:49:09Z
2026-08-09T15:48:21Z,2026-08-09T17:48:21+0200,d1ee186b-63c3-474e-8770-b1ce1a43e356,2026-07-26T21:00:00Z,2026-07-26T23:00:00+0200,42427.65,MW,FR,FR,actual_load,Actual Load,2026-08-09T15:49:09Z
2026-08-09T15:48:21Z,2026-08-09T17:48:21+0200,d1ee186b-63c3-474e-8770-b1ce1a43e356,2026-07-26T21:15:00Z,2026-07-26T23:15:00+0200,41468.29,MW,FR,FR,actual_load,Actual Load,2026-08-09T15:49:09Z
2026-08-09T15:48:21Z,2026-08-09T17:48:21+0200,d1ee186b-63c3-474e-8770-b1ce1a43e356,2026-07-26T21:30:00Z,2026-07-26T23:30:00+0200,41846.42,MW,FR,FR,actual_load,Actual Load,2026-08-09T15:49:09Z
2026-08-09T15:48:21Z,2026-08-09T17:48:21+0200,d1ee186b-63c3-474e-8770-b1ce1a43e356,2026-07-26T21:45:00Z,2026-07-26T23:45:00+0200,41028.73,MW,FR,FR,actual_load,Actual Load,2026-08-09T15:49:09Z
2026-08-09T15:48:21Z,2026-08-09T17:48:21+0200,d1ee186b-63c3-474e-8770-b1ce1a43e356,2026-07-26T22:00:00Z,2026-07-27T00:00:00+0200,41169.63,MW,FR,FR,actual_load,Actual Load,2026-08-09T15:49:09Z
2026-08-09T15:48:21Z,2026-08-09T17:48:21+0200,d1ee186b-63c3-474e-8770-b1ce1a43e356,2026-07-26T22:15:00Z,2026-07-27T00:15:00+0200,40035.32,MW,FR,FR,actual_load,Actual Load,2026-08-09T15:49:09Z
2026-08-09T15:48:21Z,2026-08-09T17:48:21+0200,d1ee186b-63c3-474e-8770-b1ce1a43e356,2026-07-26T22:30:00Z,2026-07-27T00:30:00+0200,39049.71,MW,FR,FR,actual_load,Actual Load,2026-08-09T15:49:09Z
2026-08-09T15:48:21Z,2026-08-09T17:48:21+0200,d1ee186b-63c3-474e-8770-b1ce1a43e356,2026-07-26T22:45:00Z,2026-07-27T00:45:00+0200,38194.91,MW,FR,FR,actual_load,Actual Load,2026-08-09T15:49:09Z
2026-08-09T15:48:21Z,2026-08-09T17:48:21+0200,d1ee186b-63c3-474e-8770-b1ce1a43e356,2026-07-26T23:00:00Z,2026-07-27T01:00:00+0200,38443.28,MW,FR,FR,actual_load,Actual Load,2026-08-09T15:49:09Z
2026-08-09T15:48:21Z,2026-08-09T17:48:21+0200,d1ee186b-63c3-474e-8770-b1ce1a43e356,2026-07-26T23:15:00Z,2026-07-27T01:15:00+0200,37842.65,MW,FR,FR,actual_load,Actual Load,2026-08-09T15:49:09Z
2026-08-09T15:48:21Z,2026-08-09T17:48:21+0200,d1ee186b-63c3-474e-8770-b1ce1a43e356,2026-07-26T23:30:00Z,2026-07-27T01:30:00+0200,37785.43,MW,FR,FR,actual_load,Actual Load,2026-08-09T15:49:09Z
2026-08-09T15:48:21Z,2026-08-09T17:48:21+0200,d1ee186b-63c3-474e-8770-b1ce1a43e356,2026-07-26T23:45:00Z,2026-07-27T01:45:00+0200,36884.04,MW,FR,FR,actual_load,Actual Load,2026-08-09T15:49:09Z
2026-08-09T15:48:21Z,2026-08-09T17:48:21+0200,d1ee186b-63c3-474e-8770-b1ce1a43e356,2026-07-27T00:00:00Z,2026-07-27T02:00:00+0200,36525.21,MW,FR,FR,actual_load,Actual Load,2026-08-09T15:49:09Z
2026-08-09T15:48:21Z,2026-08-09T17:48:21+0200,d1ee186b-63c3-474e-8770-b1ce1a43e356,2026-07-27T00:15:00Z,2026-07-27T02:15:00+0200,35677.91,MW,FR,FR,actual_load,Actual Load,2026-08-09T15:49:09Z
2026-08-09T15:48:21Z,2026-08-09T17:48:21+0200,d1ee186b-63c3-474e-8770-b1ce1a43e356,2026-07-27T00:30:00Z,2026-07-27T02:30:00+0200,35003.89,MW,FR,FR,actual_load,Actual Load,2026-08-09T15:49:09Z
2026-08-09T15:48:21Z,2026-08-09T17:48:21+0200,d1ee186b-63c3-474e-8770-b1ce1a43e356,2026-07-27T00:45:00Z,2026-07-27T02:45:00+0200,34499.29,MW,FR,FR,actual_load,Actual Load,2026-08-09T15:49:09Z
2026-08-09T15:48:21Z,2026-08-09T17:48:21+0200,d1ee186b-63c3-474e-8770-b1ce1a43e356,2026-07-27T01:00:00Z,2026-07-27T03:00:00+0200,34076.53,MW,FR,FR,actual_load,Actual Load,2026-08-09T15:49:09Z
2026-08-09T15:48:21Z,2026-08-09T17:48:21+0200,d1ee186b-63c3-474e-8770-b1ce1a43e356,2026-07-27T01:15:00Z,2026-07-27T03:15:00+0200,33739.91,MW,FR,FR,actual_load,Actual Load,2026-08-09T15:49:09Z
2026-08-09T15:48:21Z,2026-08-09T17:48:21+0200,d1ee186b-63c3-474e-8770-b1ce1a43e356,2026-07-27T01:30:00Z,2026-07-27T03:30:00+0200,33804.08,MW,FR,FR,actual_load,Actual Load,2026-08-09T15:49:09Z
2026-08-09T15:48:21Z,2026-08-09T17:48:21+0200,d1ee186b-63c3-474e-8770-b1ce1a43e356,2026-07-27T01:45:00Z,2026-07-27T03:45:00+0200,33763.5,MW,FR,FR,actual_load,Actual Load,2026-08-09T15:49:09Z
2026-08-09T15:48:21Z,2026-08-09T17:48:21+0200,d1ee186b-63c3-474e-8770-b1ce1a43e356,2026-07-27T02:00:00Z,2026-07-27T04:00:00+0200,33796.81,MW,FR,FR,actual_load,Actual Load,2026-08-09T15:49:09Z
2026-08-09T15:48:21Z,2026-08-09T17:48:21+0200,d1ee186b-63c3-474e-8770-b1ce1a43e356,2026-07-27T02:15:00Z,2026-07-27T04:15:00+0200,33675.54,MW,FR,FR,actual_load,Actual Load,2026-08-09T15:49:09Z
2026-08-09T15:48:21Z,2026-08-09T17:48:21+0200,d1ee186b-63c3-474e-8770-b1ce1a43e356,2026-07-27T02:30:00Z,2026-07-27T04:30:00+0200,33958.0,MW,FR,FR,actual_load,Actual Load,2026-08-09T15:49:09Z
2026-08-09T15:48:21Z,2026-08-09T17:48:21+0200,d1ee186b-63c3-474e-8770-b1ce1a43e356,2026-07-27T02:45:00Z,2026-07-27T04:45:00+0200,34266.14,MW,FR,FR,actual_load,Actual Load,2026-08-09T15:49:09Z
2026-08-09T15:48:21Z,2026-08-09T17:48:21+0200,d1ee186b-63c3-474e-8770-b1ce1a43e356,2026-07-27T03:00:00Z,2026-07-27T05:00:00+0200,34871.84,MW,FR,FR,actual_load,Actual Load,2026-08-09T15:49:09Z
2026-08-09T15:48:21Z,2026-08-09T17:48:21+0200,d1ee186b-63c3-474e-8770-b1ce1a43e356,2026-07-27T03:15:00Z,2026-07-27T05:15:00+0200,35281.07,MW,FR,FR,actual_load,Actual Load,2026-08-09T15:49:09Z
2026-08-09T15:48:21Z,2026-08-09T17:48:21+0200,d1ee186b-63c3-474e-8770-b1ce1a43e356,2026-07-27T03:30:00Z,2026-07-27T05:30:00+0200,35722.66,MW,FR,FR,actual_load,Actual Load,2026-08-09T15:49:09Z
2026-08-09T15:48:21Z,2026-08-09T17:48:21+0200,d1ee186b-63c3-474e-8770-b1ce1a43e356,2026-07-27T03:45:00Z,2026-07-27T05:45:00+0200,35898.76,MW,FR,FR,actual_load,Actual Load,2026-08-09T15:49:09Z
2026-08-09T15:48:21Z,2026-08-09T17:48:21+0200,d1ee186b-63c3-474e-8770-b1ce1a43e356,2026-07-27T04:00:00Z,2026-07-27T06:00:00+0200,36788.84,MW,FR,FR,actual_load,Actual Load,2026-08-09T15:49:09Z
2026-08-09T15:48:21Z,2026-08-09T17:48:21+0200,d1ee186b-63c3-474e-8770-b1ce1a43e356,2026-07-27T04:15:00Z,2026-07-27T06:15:00+0200,37392.76,MW,FR,FR,actual_load,Actual Load,2026-08-09T15:49:09Z
2026-08-09T15:48:21Z,2026-08-09T17:48:21+0200,d1ee186b-63c3-474e-8770-b1ce1a43e356,2026-07-27T04:30:00Z,2026-07-27T06:30:00+0200,37812.23,MW,FR,FR,actual_load,Actual Load,2026-08-09T15:49:09Z
2026-08-09T15:48:21Z,2026-08-09T17:48:21+0200,d1ee186b-63c3-474e-8770-b1ce1a43e356,2026-07-27T04:45:00Z,2026-07-27T06:45:00+0200,38525.68,MW,FR,FR,actual_load,Actual Load,2026-08-09T15:49:09Z
2026-08-09T15:48:21Z,2026-08-09T17:48:21+0200,d1ee186b-63c3-474e-8770-b1ce1a43e356,2026-07-27T05:00:00Z,2026-07-27T07:00:00+0200,39322.73,MW,FR,FR,actual_load,Actual Load,2026-08-09T15:49:09Z
2026-08-09T15:48:21Z,2026-08-09T17:48:21+0200,d1ee186b-63c3-474e-8770-b1ce1a43e356,2026-07-27T05:15:00Z,2026-07-27T07:15:00+0200,40022.21,MW,FR,FR,actual_load,Actual Load,2026-08-09T15:49:09Z
2026-08-09T15:48:21Z,2026-08-09T17:48:21+0200,d1ee186b-63c3-474e-8770-b1ce1a43e356,2026-07-27T05:30:00Z,2026-07-27T07:30:00+0200,40721.22,MW,FR,FR,actual_load,Actual Load,2026-08-09T15:49:09Z
2026-08-09T15:48:21Z,2026-08-09T17:48:21+0200,d1ee186b-63c3-474e-8770-b1ce1a43e356,2026-07-27T05:45:00Z,2026-07-27T07:45:00+0200,41447.96,MW,FR,FR,actual_load,Actual Load,2026-08-09T15:49:09Z
2026-08-09T15:48:21Z,2026-08-09T17:48:21+0200,d1ee186b-63c3-474e-8770-b1ce1a43e356,2026-07-27T06:00:00Z,2026-07-27T08:00:00+0200,42356.95,MW,FR,FR,actual_load,Actual Load,2026-08-09T15:49:09Z
2026-08-09T15:48:21Z,2026-08-09T17:48:21+0200,d1ee186b-63c3-474e-8770-b1ce1a43e356,2026-07-27T06:15:00Z,2026-07-27T08:15:00+0200,42757.89,MW,FR,FR,actual_load,Actual Load,2026-08-09T15:49:09Z
2026-08-09T15:48:21Z,2026-08-09T17:48:21+0200,d1ee186b-63c3-474e-8770-b1ce1a43e356,2026-07-27T06:30:00Z,2026-07-27T08:30:00+0200,43446.85,MW,FR,FR,actual_load,Actual Load,2026-08-09T15:49:09Z
2026-08-09T15:48:21Z,2026-08-09T17:48:21+0200,d1ee186b-63c3-474e-8770-b1ce1a43e356,2026-07-27T06:45:00Z,2026-07-27T08:45:00+0200,43938.66,MW,FR,FR,actual_load,Actual Load,2026-08-09T15:49:09Z
2026-08-09T15:48:21Z,2026-08-09T17:48:21+0200,d1ee186b-63c3-474e-8770-b1ce1a43e356,2026-07-27T07:00:00Z,2026-07-27T09:00:00+0200,44391.77,MW,FR,FR,actual_load,Actual Load,2026-08-09T15:49:09Z
2026-08-09T15:48:21Z,2026-08-09T17:48:21+0200,d1ee186b-63c3-474e-8770-b1ce1a43e356,2026-07-27T07:15:00Z,2026-07-27T09:15:00+0200,45115.4,MW,FR,FR,actual_load,Actual Load,2026-08-09T15:49:09Z
2026-08-09T15:48:21Z,2026-08-09T17:48:21+0200,d1ee186b-63c3-474e-8770-b1ce1a43e356,2026-07-27T07:30:00Z,2026-07-27T09:30:00+0200,45702.13,MW,FR,FR,actual_load,Actual Load,2026-08-09T15:49:09Z
2026-08-09T15:48:21Z,2026-08-09T17:48:21+0200,d1ee186b-63c3-474e-8770-b1ce1a43e356,2026-07-27T07:45:00Z,2026-07-27T09:45:00+0200,45782.98,MW,FR,FR,actual_load,Actual Load,2026-08-09T15:49:09Z
2026-08-09T15:48:21Z,2026-08-09T17:48:21+0200,d1ee186b-63c3-474e-8770-b1ce1a43e356,2026-07-27T08:00:00Z,2026-07-27T10:00:00+0200,46146.25,MW,FR,FR,actual_load,Actual Load,2026-08-09T15:49:09Z
2026-08-09T15:48:21Z,2026-08-09T17:48:21+0200,d1ee186b-63c3-474e-8770-b1ce1a43e356,2026-07-27T08:15:00Z,2026-07-27T10:15:00+0200,46512.69,MW,FR,FR,actual_load,Actual Load,2026-08-09T15:49:09Z
2026-08-09T15:48:21Z,2026-08-09T17:48:21+0200,d1ee186b-63c3-474e-8770-b1ce1a43e356,2026-07-27T08:30:00Z,2026-07-27T10:30:00+0200,46938.02,MW,FR,FR,actual_load,Actual Load,2026-08-09T15:49:09Z
2026-08-09T15:48:21Z,2026-08-09T17:48:21+0200,d1ee186b-63c3-474e-8770-b1ce1a43e356,2026-07-27T08:45:00Z,2026-07-27T10:45:00+0200,46830.12,MW,FR,FR,actual_load,Actual Load,2026-08-09T15:49:09Z
2026-08-09T15:48:21Z,2026-08-09T17:48:21+0200,d1ee186b-63c3-474e-8770-b1ce1a43e356,2026-07-27T09:00:00Z,2026-07-27T11:00:00+0200,47082.37,MW,FR,FR,actual_load,Actual Load,2026-08-09T15:49:09Z
2026-08-09T15:48:21Z,2026-08-09T17:48:21+0200,d1ee186b-63c3-474e-8770-b1ce1a43e356,2026-07-27T09:15:00Z,2026-07-27T11:15:00+0200,47249.72,MW,FR,FR,actual_load,Actual Load,2026-08-09T15:49:09Z
2026-08-09T15:48:21Z,2026-08-09T17:48:21+0200,d1ee186b-63c3-474e-8770-b1ce1a43e356,2026-07-27T09:30:00Z,2026-07-27T11:30:00+0200,47517.85,MW,FR,FR,actual_load,Actual Load,2026-08-09T15:49:09Z
2026-08-09T15:48:21Z,2026-08-09T17:48:21+0200,d1ee186b-63c3-474e-8770-b1ce1a43e356,2026-07-27T09:45:00Z,2026-07-27T11:45:00+0200,47938.77,MW,FR,FR,actual_load,Actual Load,2026-08-09T15:49:09Z
2026-08-09T15:48:21Z,2026-08-09T17:48:21+0200,d1ee186b-63c3-474e-8770-b1ce1a43e356,2026-07-27T10:00:00Z,2026-07-27T12:00:00+0200,48423.69,MW,FR,FR,actual_load,Actual Load,2026-08-09T15:49:09Z
2026-08-09T15:48:21Z,2026-08-09T17:48:21+0200,d1ee186b-63c3-474e-8770-b1ce1a43e356,2026-07-27T10:15:00Z,2026-07-27T12:15:00+0200,48477.54,MW,FR,FR,actual_load,Actual Load,2026-08-09T15:49:09Z
2026-08-09T15:48:21Z,2026-08-09T17:48:21+0200,d1ee186b-63c3-474e-8770-b1ce1a43e356,2026-07-27T10:30:00Z,2026-07-27T12:30:00+0200,48889.69,MW,FR,FR,actual_load,Actual Load,2026-08-09T15:49:09Z
2026-08-09T15:48:21Z,2026-08-09T17:48:21+0200,d1ee186b-63c3-474e-8770-b1ce1a43e356,2026-07-27T10:45:00Z,2026-07-27T12:45:00+0200,48669.61,MW,FR,FR,actual_load,Actual Load,2026-08-09T15:49:09Z
2026-08-09T15:48:21Z,2026-08-09T17:48:21+0200,d1ee186b-63c3-474e-8770-b1ce1a43e356,2026-07-27T11:00:00Z,2026-07-27T13:00:00+0200,48419.27,MW,FR,FR,actual_load,Actual Load,2026-08-09T15:49:09Z
2026-08-09T15:48:21Z,2026-08-09T17:48:21+0200,d1ee186b-63c3-474e-8770-b1ce1a43e356,2026-07-27T11:15:00Z,2026-07-27T13:15:00+0200,48232.98,MW,FR,FR,actual_load,Actual Load,2026-08-09T15:49:09Z
2026-08-09T15:48:21Z,2026-08-09T17:48:21+0200,d1ee186b-63c3-474e-8770-b1ce1a43e356,2026-07-27T11:30:00Z,2026-07-27T13:30:00+0200,48016.46,MW,FR,FR,actual_load,Actual Load,2026-08-09T15:49:09Z
2026-08-09T15:48:21Z,2026-08-09T17:48:21+0200,d1ee186b-63c3-474e-8770-b1ce1a43e356,2026-07-27T11:45:00Z,2026-07-27T13:45:00+0200,48190.59,MW,FR,FR,actual_load,Actual Load,2026-08-09T15:49:09Z
2026-08-09T15:48:21Z,2026-08-09T17:48:21+0200,d1ee186b-63c3-474e-8770-b1ce1a43e356,2026-07-27T12:00:00Z,2026-07-27T14:00:00+0200,48806.12,MW,FR,FR,actual_load,Actual Load,2026-08-09T15:49:09Z
2026-08-09T15:48:21Z,2026-08-09T17:48:21+0200,d1ee186b-63c3-474e-8770-b1ce1a43e356,2026-07-27T12:15:00Z,2026-07-27T14:15:00+0200,48638.06,MW,FR,FR,actual_load,Actual Load,2026-08-09T15:49:09Z
2026-08-09T15:48:21Z,2026-08-09T17:48:21+0200,d1ee186b-63c3-474e-8770-b1ce1a43e356,2026-07-27T12:30:00Z,2026-07-27T14:30:00+0200,48614.17,MW,FR,FR,actual_load,Actual Load,2026-08-09T15:49:09Z
2026-08-09T15:48:21Z,2026-08-09T17:48:21+0200,d1ee186b-63c3-474e-8770-b1ce1a43e356,2026-07-27T12:45:00Z,2026-07-27T14:45:00+0200,48149.73,MW,FR,FR,actual_load,Actual Load,2026-08-09T15:49:09Z
2026-08-09T15:48:21Z,2026-08-09T17:48:21+0200,d1ee186b-63c3-474e-8770-b1ce1a43e356,2026-07-27T13:00:00Z,2026-07-27T15:00:00+0200,48259.56,MW,FR,FR,actual_load,Actual Load,2026-08-09T15:49:09Z
2026-08-09T15:48:21Z,2026-08-09T17:48:21+0200,d1ee186b-63c3-474e-8770-b1ce1a43e356,2026-07-27T13:15:00Z,2026-07-27T15:15:00+0200,47428.65,MW,FR,FR,actual_load,Actual Load,2026-08-09T15:49:09Z
2026-08-09T15:48:21Z,2026-08-09T17:48:21+0200,d1ee186b-63c3-474e-8770-b1ce1a43e356,2026-07-27T13:30:00Z,2026-07-27T15:30:00+0200,47000.44,MW,FR,FR,actual_load,Actual Load,2026-08-09T15:49:09Z
2026-08-09T15:48:21Z,2026-08-09T17:48:21+0200,d1ee186b-63c3-474e-8770-b1ce1a43e356,2026-07-27T13:45:00Z,2026-07-27T15:45:00+0200,46744.64,MW,FR,FR,actual_load,Actual Load,2026-08-09T15:49:09Z
2026-08-09T15:48:21Z,2026-08-09T17:48:21+0200,d1ee186b-63c3-474e-8770-b1ce1a43e356,2026-07-27T14:00:00Z,2026-07-27T16:00:00+0200,46360.26,MW,FR,FR,actual_load,Actual Load,2026-08-09T15:49:09Z
2026-08-09T15:48:21Z,2026-08-09T17:48:21+0200,d1ee186b-63c3-474e-8770-b1ce1a43e356,2026-07-27T14:15:00Z,2026-07-27T16:15:00+0200,46272.61,MW,FR,FR,actual_load,Actual Load,2026-08-09T15:49:09Z
2026-08-09T15:48:21Z,2026-08-09T17:48:21+0200,d1ee186b-63c3-474e-8770-b1ce1a43e356,2026-07-27T14:30:00Z,2026-07-27T16:30:00+0200,46253.32,MW,FR,FR,actual_load,Actual Load,2026-08-09T15:49:09Z
2026-08-09T15:48:21Z,2026-08-09T17:48:21+0200,d1ee186b-63c3-474e-8770-b1ce1a43e356,2026-07-27T14:45:00Z,2026-07-27T16:45:00+0200,46283.8,MW,FR,FR,actual_load,Actual Load,2026-08-09T15:49:09Z
2026-08-09T15:48:21Z,2026-08-09T17:48:21+0200,d1ee186b-63c3-474e-8770-b1ce1a43e356,2026-07-27T15:00:00Z,2026-07-27T17:00:00+0200,46333.87,MW,FR,FR,actual_load,Actual Load,2026-08-09T15:49:09Z
2026-08-09T15:48:21Z,2026-08-09T17:48:21+0200,d1ee186b-63c3-474e-8770-b1ce1a43e356,2026-07-27T15:15:00Z,2026-07-27T17:15:00+0200,46386.56,MW,FR,FR,actual_load,Actual Load,2026-08-09T15:49:09Z
2026-08-09T15:48:21Z,2026-08-09T17:48:21+0200,d1ee186b-63c3-474e-8770-b1ce1a43e356,2026-07-27T15:30:00Z,2026-07-27T17:30:00+0200,46340.41,MW,FR,FR,actual_load,Actual Load,2026-08-09T15:49:09Z
2026-08-09T15:48:21Z,2026-08-09T17:48:21+0200,d1ee186b-63c3-474e-8770-b1ce1a43e356,2026-07-27T15:45:00Z,2026-07-27T17:45:00+0200,46683.76,MW,FR,FR,actual_load,Actual Load,2026-08-09T15:49:09Z
2026-08-09T15:48:21Z,2026-08-09T17:48:21+0200,d1ee186b-63c3-474e-8770-b1ce1a43e356,2026-07-27T16:00:00Z,2026-07-27T18:00:00+0200,46709.8,MW,FR,FR,actual_load,Actual Load,2026-08-09T15:49:09Z
2026-08-09T15:48:21Z,2026-08-09T17:48:21+0200,d1ee186b-63c3-474e-8770-b1ce1a43e356,2026-07-27T16:15:00Z,2026-07-27T18:15:00+0200,47169.42,MW,FR,FR,actual_load,Actual Load,2026-08-09T15:49:09Z
2026-08-09T15:48:21Z,2026-08-09T17:48:21+0200,d1ee186b-63c3-474e-8770-b1ce1a43e356,2026-07-27T16:30:00Z,2026-07-27T18:30:00+0200,47637.23,MW,FR,FR,actual_load,Actual Load,2026-08-09T15:49:09Z
2026-08-09T15:48:21Z,2026-08-09T17:48:21+0200,d1ee186b-63c3-474e-8770-b1ce1a43e356,2026-07-27T16:45:00Z,2026-07-27T18:45:00+0200,48476.3,MW,FR,FR,actual_load,Actual Load,2026-08-09T15:49:09Z
2026-08-09T15:48:21Z,2026-08-09T17:48:21+0200,d1ee186b-63c3-474e-8770-b1ce1a43e356,2026-07-27T17:00:00Z,2026-07-27T19:00:00+0200,48509.92,MW,FR,FR,actual_load,Actual Load,2026-08-09T15:49:09Z
2026-08-09T15:48:21Z,2026-08-09T17:48:21+0200,d1ee186b-63c3-474e-8770-b1ce1a43e356,2026-07-27T17:15:00Z,2026-07-27T19:15:00+0200,48768.57,MW,FR,FR,actual_load,Actual Load,2026-08-09T15:49:09Z
2026-08-09T15:48:21Z,2026-08-09T17:48:21+0200,d1ee186b-63c3-474e-8770-b1ce1a43e356,2026-07-27T17:30:00Z,2026-07-27T19:30:00+0200,48473.07,MW,FR,FR,actual_load,Actual Load,2026-08-09T15:49:09Z
2026-08-09T15:48:21Z,2026-08-09T17:48:21+0200,d1ee186b-63c3-474e-8770-b1ce1a43e356,2026-07-27T17:45:00Z,2026-07-27T19:45:00+0200,48245.52,MW,FR,FR,actual_load,Actual Load,2026-08-09T15:49:09Z
2026-08-09T15:48:21Z,2026-08-09T17:48:21+0200,d1ee186b-63c3-474e-8770-b1ce1a43e356,2026-07-27T18:00:00Z,2026-07-27T20:00:00+0200,47682.27,MW,FR,FR,actual_load,Actual Load,2026-08-09T15:49:09Z
2026-08-09T15:48:21Z,2026-08-09T17:48:21+0200,d1ee186b-63c3-474e-8770-b1ce1a43e356,2026-07-27T18:15:00Z,2026-07-27T20:15:00+0200,46953.78,MW,FR,FR,actual_load,Actual Load,2026-08-09T15:49:09Z
2026-08-09T15:48:21Z,2026-08-09T17:48:21+0200,d1ee186b-63c3-474e-8770-b1ce1a43e356,2026-07-27T18:30:00Z,2026-07-27T20:30:00+0200,46379.57,MW,FR,FR,actual_load,Actual Load,2026-08-09T15:49:09Z
2026-08-09T15:48:21Z,2026-08-09T17:48:21+0200,d1ee186b-63c3-474e-8770-b1ce1a43e356,2026-07-27T18:45:00Z,2026-07-27T20:45:00+0200,45877.11,MW,FR,FR,actual_load,Actual Load,2026-08-09T15:49:09Z
2026-08-09T15:48:21Z,2026-08-09T17:48:21+0200,d1ee186b-63c3-474e-8770-b1ce1a43e356,2026-07-27T19:00:00Z,2026-07-27T21:00:00+0200,45657.92,MW,FR,FR,actual_load,Actual Load,2026-08-09T15:49:09Z
2026-08-09T15:48:21Z,2026-08-09T17:48:21+0200,d1ee186b-63c3-474e-8770-b1ce1a43e356,2026-07-27T19:15:00Z,2026-07-27T21:15:00+0200,45228.59,MW,FR,FR,actual_load,Actual Load,2026-08-09T15:49:09Z
2026-08-09T15:48:21Z,2026-08-09T17:48:21+0200,d1ee186b-63c3-474e-8770-b1ce1a43e356,2026-07-27T19:30:00Z,2026-07-27T21:30:00+0200,45223.44,MW,FR,FR,actual_load,Actual Load,2026-08-09T15:49:09Z
2026-08-09T15:48:21Z,2026-08-09T17:48:21+0200,d1ee186b-63c3-474e-8770-b1ce1a43e356,2026-07-27T19:45:00Z,2026-07-27T21:45:00+0200,45049.54,MW,FR,FR,actual_load,Actual Load,2026-08-09T15:49:09Z
2026-08-09T15:48:21Z,2026-08-09T17:48:21+0200,d1ee186b-63c3-474e-8770-b1ce1a43e356,2026-07-27T20:00:00Z,2026-07-27T22:00:00+0200,46134.13,MW,FR,FR,actual_load,Actual Load,2026-08-09T15:49:09Z
2026-08-09T15:48:21Z,2026-08-09T17:48:21+0200,d1ee186b-63c3-474e-8770-b1ce1a43e356,2026-07-27T20:15:00Z,2026-07-27T22:15:00+0200,45705.01,MW,FR,FR,actual_load,Actual Load,2026-08-09T15:49:09Z
2026-08-09T15:48:21Z,2026-08-09T17:48:21+0200,d1ee186b-63c3-474e-8770-b1ce1a43e356,2026-07-27T20:30:00Z,2026-07-27T22:30:00+0200,46793.53,MW,FR,FR,actual_load,Actual Load,2026-08-09T15:49:09Z
2026-08-09T15:48:21Z,2026-08-09T17:48:21+0200,d1ee186b-63c3-474e-8770-b1ce1a43e356,2026-07-27T20:45:00Z,2026-07-27T22:45:00+0200,46095.3,MW,FR,FR,actual_load,Actual Load,2026-08-09T15:49:09Z
2026-08-09T15:48:21Z,2026-08-09T17:48:21+0200,d1ee186b-63c3-474e-8770-b1ce1a43e356,2026-07-27T21:00:00Z,2026-07-27T23:00:00+0200,45782.1,MW,FR,FR,actual_load,Actual Load,2026-08-09T15:49:09Z
2026-08-09T15:48:21Z,2026-08-09T17:48:21+0200,d1ee186b-63c3-474e-8770-b1ce1a43e356,2026-07-27T21:15:00Z,2026-07-27T23:15:00+0200,44779.94,MW,FR,FR,actual_load,Actual Load,2026-08-09T15:49:09Z
2026-08-09T15:48:21Z,2026-08-09T17:48:21+0200,d1ee186b-63c3-474e-8770-b1ce1a43e356,2026-07-27T21:30:00Z,2026-07-27T23:30:00+0200,45038.63,MW,FR,FR,actual_load,Actual Load,2026-08-09T15:49:09Z
2026-08-09T15:48:21Z,2026-08-09T17:48:21+0200,d1ee186b-63c3-474e-8770-b1ce1a43e356,2026-07-27T21:45:00Z,2026-07-27T23:45:00+0200,43869.19,MW,FR,FR,actual_load,Actual Load,2026-08-09T15:49:09Z
2026-08-09T15:48:21Z,2026-08-09T17:48:21+0200,d1ee186b-63c3-474e-8770-b1ce1a43e356,2026-07-27T22:00:00Z,2026-07-28T00:00:00+0200,43629.07,MW,FR,FR,actual_load,Actual Load,2026-08-09T15:49:09Z
2026-08-09T15:48:21Z,2026-08-09T17:48:21+0200,d1ee186b-63c3-474e-8770-b1ce1a43e356,2026-07-27T22:15:00Z,2026-07-28T00:15:00+0200,42513.58,MW,FR,FR,actual_load,Actual Load,2026-08-09T15:49:09Z
2026-08-09T15:48:21Z,2026-08-09T17:48:21+0200,d1ee186b-63c3-474e-8770-b1ce1a43e356,2026-07-27T22:30:00Z,2026-07-28T00:30:00+0200,41351.46,MW,FR,FR,actual_load,Actual Load,2026-08-09T15:49:09Z
2026-08-09T15:48:21Z,2026-08-09T17:48:21+0200,d1ee186b-63c3-474e-8770-b1ce1a43e356,2026-07-27T22:45:00Z,2026-07-28T00:45:00+0200,40320.82,MW,FR,FR,actual_load,Actual Load,2026-08-09T15:49:09Z
2026-08-09T15:48:21Z,2026-08-09T17:48:21+0200,d1ee186b-63c3-474e-8770-b1ce1a43e356,2026-07-27T23:00:00Z,2026-07-28T01:00:00+0200,40574.52,MW,FR,FR,actual_load,Actual Load,2026-08-09T15:49:09Z
2026-08-09T15:48:21Z,2026-08-09T17:48:21+0200,d1ee186b-63c3-474e-8770-b1ce1a43e356,2026-07-27T23:15:00Z,2026-07-28T01:15:00+0200,39960.59,MW,FR,FR,actual_load,Actual Load,2026-08-09T15:49:09Z
2026-08-09T15:48:21Z,2026-08-09T17:48:21+0200,d1ee186b-63c3-474e-8770-b1ce1a43e356,2026-07-27T23:30:00Z,2026-07-28T01:30:00+0200,39888.55,MW,FR,FR,actual_load,Actual Load,2026-08-09T15:49:09Z
2026-08-09T15:48:21Z,2026-08-09T17:48:21+0200,d1ee186b-63c3-474e-8770-b1ce1a43e356,2026-07-27T23:45:00Z,2026-07-28T01:45:00+0200,39054.82,MW,FR,FR,actual_load,Actual Load,2026-08-09T15:49:09Z
2026-08-09T15:48:21Z,2026-08-09T17:48:21+0200,d1ee186b-63c3-474e-8770-b1ce1a43e356,2026-07-28T00:00:00Z,2026-07-28T02:00:00+0200,38848.83,MW,FR,FR,actual_load,Actual Load,2026-08-09T15:49:09Z
2026-08-09T15:48:21Z,2026-08-09T17:48:21+0200,d1ee186b-63c3-474e-8770-b1ce1a43e356,2026-07-28T00:15:00Z,2026-07-28T02:15:00+0200,38005.49,MW,FR,FR,actual_load,Actual Load,2026-08-09T15:49:09Z
2026-08-09T15:48:21Z,2026-08-09T17:48:21+0200,d1ee186b-63c3-474e-8770-b1ce1a43e356,2026-07-28T00:30:00Z,2026-07-28T02:30:00+0200,37379.23,MW,FR,FR,actual_load,Actual Load,2026-08-09T15:49:09Z
2026-08-09T15:48:21Z,2026-08-09T17:48:21+0200,d1ee186b-63c3-474e-8770-b1ce1a43e356,2026-07-28T00:45:00Z,2026-07-28T02:45:00+0200,36721.33,MW,FR,FR,actual_load,Actual Load,2026-08-09T15:49:09Z
2026-08-09T15:48:21Z,2026-08-09T17:48:21+0200,d1ee186b-63c3-474e-8770-b1ce1a43e356,2026-07-28T01:00:00Z,2026-07-28T03:00:00+0200,36453.58,MW,FR,FR,actual_load,Actual Load,2026-08-09T15:49:09Z
2026-08-09T15:48:21Z,2026-08-09T17:48:21+0200,d1ee186b-63c3-474e-8770-b1ce1a43e356,2026-07-28T01:15:00Z,2026-07-28T03:15:00+0200,36062.46,MW,FR,FR,actual_load,Actual Load,2026-08-09T15:49:09Z
2026-08-09T15:48:21Z,2026-08-09T17:48:21+0200,d1ee186b-63c3-474e-8770-b1ce1a43e356,2026-07-28T01:30:00Z,2026-07-28T03:30:00+0200,35841.12,MW,FR,FR,actual_load,Actual Load,2026-08-09T15:49:09Z
2026-08-09T15:48:21Z,2026-08-09T17:48:21+0200,d1ee186b-63c3-474e-8770-b1ce1a43e356,2026-07-28T01:45:00Z,2026-07-28T03:45:00+0200,35708.23,MW,FR,FR,actual_load,Actual Load,2026-08-09T15:49:09Z
2026-08-09T15:48:21Z,2026-08-09T17:48:21+0200,d1ee186b-63c3-474e-8770-b1ce1a43e356,2026-07-28T02:00:00Z,2026-07-28T04:00:00+0200,35653.53,MW,FR,FR,actual_load,Actual Load,2026-08-09T15:49:09Z
2026-08-09T15:48:21Z,2026-08-09T17:48:21+0200,d1ee186b-63c3-474e-8770-b1ce1a43e356,2026-07-28T02:15:00Z,2026-07-28T04:15:00+0200,35574.5,MW,FR,FR,actual_load,Actual Load,2026-08-09T15:49:09Z
2026-08-09T15:48:21Z,2026-08-09T17:48:21+0200,d1ee186b-63c3-474e-8770-b1ce1a43e356,2026-07-28T02:30:00Z,2026-07-28T04:30:00+0200,35651.33,MW,FR,FR,actual_load,Actual Load,2026-08-09T15:49:09Z
2026-08-09T15:48:21Z,2026-08-09T17:48:21+0200,d1ee186b-63c3-474e-8770-b1ce1a43e356,2026-07-28T02:45:00Z,2026-07-28T04:45:00+0200,35695.95,MW,FR,FR,actual_load,Actual Load,2026-08-09T15:49:09Z
2026-08-09T15:48:21Z,2026-08-09T17:48:21+0200,d1ee186b-63c3-474e-8770-b1ce1a43e356,2026-07-28T03:00:00Z,2026-07-28T05:00:00+0200,36283.77,MW,FR,FR,actual_load,Actual Load,2026-08-09T15:49:09Z
2026-08-09T15:48:21Z,2026-08-09T17:48:21+0200,d1ee186b-63c3-474e-8770-b1ce1a43e356,2026-07-28T03:15:00Z,2026-07-28T05:15:00+0200,36802.0,MW,FR,FR,actual_load,Actual Load,2026-08-09T15:49:09Z
2026-08-09T15:48:21Z,2026-08-09T17:48:21+0200,d1ee186b-63c3-474e-8770-b1ce1a43e356,2026-07-28T03:30:00Z,2026-07-28T05:30:00+0200,37077.31,MW,FR,FR,actual_load,Actual Load,2026-08-09T15:49:09Z
2026-08-09T15:48:21Z,2026-08-09T17:48:21+0200,d1ee186b-63c3-474e-8770-b1ce1a43e356,2026-07-28T03:45:00Z,2026-07-28T05:45:00+0200,37423.39,MW,FR,FR,actual_load,Actual Load,2026-08-09T15:49:09Z
2026-08-09T15:48:21Z,2026-08-09T17:48:21+0200,d1ee186b-63c3-474e-8770-b1ce1a43e356,2026-07-28T04:00:00Z,2026-07-28T06:00:00+0200,38130.8,MW,FR,FR,actual_load,Actual Load,2026-08-09T15:49:09Z
2026-08-09T15:48:21Z,2026-08-09T17:48:21+0200,d1ee186b-63c3-474e-8770-b1ce1a43e356,2026-07-28T04:15:00Z,2026-07-28T06:15:00+0200,38654.5,MW,FR,FR,actual_load,Actual Load,2026-08-09T15:49:09Z
2026-08-09T15:48:21Z,2026-08-09T17:48:21+0200,d1ee186b-63c3-474e-8770-b1ce1a43e356,2026-07-28T04:30:00Z,2026-07-28T06:30:00+0200,38983.82,MW,FR,FR,actual_load,Actual Load,2026-08-09T15:49:09Z
2026-08-09T15:48:21Z,2026-08-09T17:48:21+0200,d1ee186b-63c3-474e-8770-b1ce1a43e356,2026-07-28T04:45:00Z,2026-07-28T06:45:00+0200,39529.8,MW,FR,FR,actual_load,Actual Load,2026-08-09T15:49:09Z
2026-08-09T15:48:21Z,2026-08-09T17:48:21+0200,d1ee186b-63c3-474e-8770-b1ce1a43e356,2026-07-28T05:00:00Z,2026-07-28T07:00:00+0200,40265.67,MW,FR,FR,actual_load,Actual Load,2026-08-09T15:49:09Z
2026-08-09T15:48:21Z,2026-08-09T17:48:21+0200,d1ee186b-63c3-474e-8770-b1ce1a43e356,2026-07-28T05:15:00Z,2026-07-28T07:15:00+0200,40919.09,MW,FR,FR,actual_load,Actual Load,2026-08-09T15:49:09Z
2026-08-09T15:48:21Z,2026-08-09T17:48:21+0200,d1ee186b-63c3-474e-8770-b1ce1a43e356,2026-07-28T05:30:00Z,2026-07-28T07:30:00+0200,41390.82,MW,FR,FR,actual_load,Actual Load,2026-08-09T15:49:09Z
2026-08-09T15:48:21Z,2026-08-09T17:48:21+0200,d1ee186b-63c3-474e-8770-b1ce1a43e356,2026-07-28T05:45:00Z,2026-07-28T07:45:00+0200,42127.18,MW,FR,FR,actual_load,Actual Load,2026-08-09T15:49:09Z
2026-08-09T15:48:21Z,2026-08-09T17:48:21+0200,d1ee186b-63c3-474e-8770-b1ce1a43e356,2026-07-28T06:00:00Z,2026-07-28T08:00:00+0200,42962.78,MW,FR,FR,actual_load,Actual Load,2026-08-09T15:49:09Z
2026-08-09T15:48:21Z,2026-08-09T17:48:21+0200,d1ee186b-63c3-474e-8770-b1ce1a43e356,2026-07-28T06:15:00Z,2026-07-28T08:15:00+0200,43633.98,MW,FR,FR,actual_load,Actual Load,2026-08-09T15:49:09Z
2026-08-09T15:48:21Z,2026-08-09T17:48:21+0200,d1ee186b-63c3-474e-8770-b1ce1a43e356,2026-07-28T06:30:00Z,2026-07-28T08:30:00+0200,44114.37,MW,FR,FR,actual_load,Actual Load,2026-08-09T15:49:09Z
2026-08-09T15:48:21Z,2026-08-09T17:48:21+0200,d1ee186b-63c3-474e-8770-b1ce1a43e356,2026-07-28T06:45:00Z,2026-07-28T08:45:00+0200,44662.16,MW,FR,FR,actual_load,Actual Load,2026-08-09T15:49:09Z
2026-08-09T15:48:21Z,2026-08-09T17:48:21+0200,d1ee186b-63c3-474e-8770-b1ce1a43e356,2026-07-28T07:00:00Z,2026-07-28T09:00:00+0200,45109.27,MW,FR,FR,actual_load,Actual Load,2026-08-09T15:49:09Z
2026-08-09T15:48:21Z,2026-08-09T17:48:21+0200,d1ee186b-63c3-474e-8770-b1ce1a43e356,2026-07-28T07:15:00Z,2026-07-28T09:15:00+0200,45656.18,MW,FR,FR,actual_load,Actual Load,2026-08-09T15:49:09Z
2026-08-09T15:48:21Z,2026-08-09T17:48:21+0200,d1ee186b-63c3-474e-8770-b1ce1a43e356,2026-07-28T07:30:00Z,2026-07-28T09:30:00+0200,46305.61,MW,FR,FR,actual_load,Actual Load,2026-08-09T15:49:09Z
2026-08-09T15:48:21Z,2026-08-09T17:48:21+0200,d1ee186b-63c3-474e-8770-b1ce1a43e356,2026-07-28T07:45:00Z,2026-07-28T09:45:00+0200,46693.03,MW,FR,FR,actual_load,Actual Load,2026-08-09T15:49:09Z
2026-08-09T15:48:21Z,2026-08-09T17:48:21+0200,d1ee186b-63c3-474e-8770-b1ce1a43e356,2026-07-28T08:00:00Z,2026-07-28T10:00:00+0200,47442.39,MW,FR,FR,actual_load,Actual Load,2026-08-09T15:49:09Z
2026-08-09T15:48:21Z,2026-08-09T17:48:21+0200,d1ee186b-63c3-474e-8770-b1ce1a43e356,2026-07-28T08:15:00Z,2026-07-28T10:15:00+0200,47650.15,MW,FR,FR,actual_load,Actual Load,2026-08-09T15:49:09Z
2026-08-09T15:48:21Z,2026-08-09T17:48:21+0200,d1ee186b-63c3-474e-8770-b1ce1a43e356,2026-07-28T08:30:00Z,2026-07-28T10:30:00+0200,47192.45,MW,FR,FR,actual_load,Actual Load,2026-08-09T15:49:09Z
2026-08-09T15:48:21Z,2026-08-09T17:48:21+0200,d1ee186b-63c3-474e-8770-b1ce1a43e356,2026-07-28T08:45:00Z,2026-07-28T10:45:00+0200,47235.74,MW,FR,FR,actual_load,Actual Load,2026-08-09T15:49:09Z
2026-08-09T15:48:21Z,2026-08-09T17:48:21+0200,d1ee186b-63c3-474e-8770-b1ce1a43e356,2026-07-28T09:00:00Z,2026-07-28T11:00:00+0200,47618.16,MW,FR,FR,actual_load,Actual Load,2026-08-09T15:49:09Z
2026-08-09T15:48:21Z,2026-08-09T17:48:21+0200,d1ee186b-63c3-474e-8770-b1ce1a43e356,2026-07-28T09:15:00Z,2026-07-28T11:15:00+0200,48074.65,MW,FR,FR,actual_load,Actual Load,2026-08-09T15:49:09Z
2026-08-09T15:48:21Z,2026-08-09T17:48:21+0200,d1ee186b-63c3-474e-8770-b1ce1a43e356,2026-07-28T09:30:00Z,2026-07-28T11:30:00+0200,48344.29,MW,FR,FR,actual_load,Actual Load,2026-08-09T15:49:09Z
2026-08-09T15:48:21Z,2026-08-09T17:48:21+0200,d1ee186b-63c3-474e-8770-b1ce1a43e356,2026-07-28T09:45:00Z,2026-07-28T11:45:00+0200,48844.54,MW,FR,FR,actual_load,Actual Load,2026-08-09T15:49:09Z
2026-08-09T15:48:21Z,2026-08-09T17:48:21+0200,d1ee186b-63c3-474e-8770-b1ce1a43e356,2026-07-28T10:00:00Z,2026-07-28T12:00:00+0200,49894.5,MW,FR,FR,actual_load,Actual Load,2026-08-09T15:49:09Z
2026-08-09T15:48:21Z,2026-08-09T17:48:21+0200,d1ee186b-63c3-474e-8770-b1ce1a43e356,2026-07-28T10:15:00Z,2026-07-28T12:15:00+0200,50818.05,MW,FR,FR,actual_load,Actual Load,2026-08-09T15:49:09Z
2026-08-09T15:48:21Z,2026-08-09T17:48:21+0200,d1ee186b-63c3-474e-8770-b1ce1a43e356,2026-07-28T10:30:00Z,2026-07-28T12:30:00+0200,51003.79,MW,FR,FR,actual_load,Actual Load,2026-08-09T15:49:09Z
2026-08-09T15:48:21Z,2026-08-09T17:48:21+0200,d1ee186b-63c3-474e-8770-b1ce1a43e356,2026-07-28T10:45:00Z,2026-07-28T12:45:00+0200,50767.0,MW,FR,FR,actual_load,Actual Load,2026-08-09T15:49:09Z
2026-08-09T15:48:21Z,2026-08-09T17:48:21+0200,d1ee186b-63c3-474e-8770-b1ce1a43e356,2026-07-28T11:00:00Z,2026-07-28T13:00:00+0200,50502.74,MW,FR,FR,actual_load,Actual Load,2026-08-09T15:49:09Z
2026-08-09T15:48:21Z,2026-08-09T17:48:21+0200,d1ee186b-63c3-474e-8770-b1ce1a43e356,2026-07-28T11:15:00Z,2026-07-28T13:15:00+0200,50125.38,MW,FR,FR,actual_load,Actual Load,2026-08-09T15:49:09Z
2026-08-09T15:48:21Z,2026-08-09T17:48:21+0200,d1ee186b-63c3-474e-8770-b1ce1a43e356,2026-07-28T11:30:00Z,2026-07-28T13:30:00+0200,50071.62,MW,FR,FR,actual_load,Actual Load,2026-08-09T15:49:09Z
2026-08-09T15:48:21Z,2026-08-09T17:48:21+0200,d1ee186b-63c3-474e-8770-b1ce1a43e356,2026-07-28T11:45:00Z,2026-07-28T13:45:00+0200,50204.5,MW,FR,FR,actual_load,Actual Load,2026-08-09T15:49:09Z
2026-08-09T15:48:21Z,2026-08-09T17:48:21+0200,d1ee186b-63c3-474e-8770-b1ce1a43e356,2026-07-28T12:00:00Z,2026-07-28T14:00:00+0200,51130.16,MW,FR,FR,actual_load,Actual Load,2026-08-09T15:49:09Z
2026-08-09T15:48:21Z,2026-08-09T17:48:21+0200,d1ee186b-63c3-474e-8770-b1ce1a43e356,2026-07-28T12:15:00Z,2026-07-28T14:15:00+0200,51372.84,MW,FR,FR,actual_load,Actual Load,2026-08-09T15:49:09Z
2026-08-09T15:48:21Z,2026-08-09T17:48:21+0200,d1ee186b-63c3-474e-8770-b1ce1a43e356,2026-07-28T12:30:00Z,2026-07-28T14:30:00+0200,51473.88,MW,FR,FR,actual_load,Actual Load,2026-08-09T15:49:09Z
2026-08-09T15:48:21Z,2026-08-09T17:48:21+0200,d1ee186b-63c3-474e-8770-b1ce1a43e356,2026-07-28T12:45:00Z,2026-07-28T14:45:00+0200,51170.81,MW,FR,FR,actual_load,Actual Load,2026-08-09T15:49:09Z
2026-08-09T15:48:21Z,2026-08-09T17:48:21+0200,d1ee186b-63c3-474e-8770-b1ce1a43e356,2026-07-28T13:00:00Z,2026-07-28T15:00:00+0200,51075.21,MW,FR,FR,actual_load,Actual Load,2026-08-09T15:49:09Z
2026-08-09T15:48:21Z,2026-08-09T17:48:21+0200,d1ee186b-63c3-474e-8770-b1ce1a43e356,2026-07-28T13:15:00Z,2026-07-28T15:15:00+0200,50635.01,MW,FR,FR,actual_load,Actual Load,2026-08-09T15:49:09Z
2026-08-09T15:48:21Z,2026-08-09T17:48:21+0200,d1ee186b-63c3-474e-8770-b1ce1a43e356,2026-07-28T13:30:00Z,2026-07-28T15:30:00+0200,50191.09,MW,FR,FR,actual_load,Actual Load,2026-08-09T15:49:09Z
2026-08-09T15:48:21Z,2026-08-09T17:48:21+0200,d1ee186b-63c3-474e-8770-b1ce1a43e356,2026-07-28T13:45:00Z,2026-07-28T15:45:00+0200,49753.22,MW,FR,FR,actual_load,Actual Load,2026-08-09T15:49:09Z
2026-08-09T15:48:21Z,2026-08-09T17:48:21+0200,d1ee186b-63c3-474e-8770-b1ce1a43e356,2026-07-28T14:00:00Z,2026-07-28T16:00:00+0200,49728.06,MW,FR,FR,actual_load,Actual Load,2026-08-09T15:49:09Z
2026-08-09T15:48:21Z,2026-08-09T17:48:21+0200,d1ee186b-63c3-474e-8770-b1ce1a43e356,2026-07-28T14:15:00Z,2026-07-28T16:15:00+0200,49598.42,MW,FR,FR,actual_load,Actual Load,2026-08-09T15:49:09Z
2026-08-09T15:48:21Z,2026-08-09T17:48:21+0200,d1ee186b-63c3-474e-8770-b1ce1a43e356,2026-07-28T14:30:00Z,2026-07-28T16:30:00+0200,49423.0,MW,FR,FR,actual_load,Actual Load,2026-08-09T15:49:09Z
2026-08-09T15:48:21Z,2026-08-09T17:48:21+0200,d1ee186b-63c3-474e-8770-b1ce1a43e356,2026-07-28T14:45:00Z,2026-07-28T16:45:00+0200,49389.6,MW,FR,FR,actual_load,Actual Load,2026-08-09T15:49:09Z
2026-08-09T15:48:21Z,2026-08-09T17:48:21+0200,d1ee186b-63c3-474e-8770-b1ce1a43e356,2026-07-28T15:00:00Z,2026-07-28T17:00:00+0200,49211.45,MW,FR,FR,actual_load,Actual Load,2026-08-09T15:49:09Z
2026-08-09T15:48:21Z,2026-08-09T17:48:21+0200,d1ee186b-63c3-474e-8770-b1ce1a43e356,2026-07-28T15:15:00Z,2026-07-28T17:15:00+0200,49287.98,MW,FR,FR,actual_load,Actual Load,2026-08-09T15:49:09Z
2026-08-09T15:48:21Z,2026-08-09T17:48:21+0200,d1ee186b-63c3-474e-8770-b1ce1a43e356,2026-07-28T15:30:00Z,2026-07-28T17:30:00+0200,49370.76,MW,FR,FR,actual_load,Actual Load,2026-08-09T15:49:09Z
2026-08-09T15:48:21Z,2026-08-09T17:48:21+0200,d1ee186b-63c3-474e-8770-b1ce1a43e356,2026-07-28T15:45:00Z,2026-07-28T17:45:00+0200,49754.41,MW,FR,FR,actual_load,Actual Load,2026-08-09T15:49:09Z
2026-08-09T15:48:21Z,2026-08-09T17:48:21+0200,d1ee186b-63c3-474e-8770-b1ce1a43e356,2026-07-28T16:00:00Z,2026-07-28T18:00:00+0200,50196.04,MW,FR,FR,actual_load,Actual Load,2026-08-09T15:49:09Z
2026-08-09T15:48:21Z,2026-08-09T17:48:21+0200,d1ee186b-63c3-474e-8770-b1ce1a43e356,2026-07-28T16:15:00Z,2026-07-28T18:15:00+0200,50464.52,MW,FR,FR,actual_load,Actual Load,2026-08-09T15:49:09Z
2026-08-09T15:48:21Z,2026-08-09T17:48:21+0200,d1ee186b-63c3-474e-8770-b1ce1a43e356,2026-07-28T16:30:00Z,2026-07-28T18:30:00+0200,50841.03,MW,FR,FR,actual_load,Actual Load,2026-08-09T15:49:09Z
2026-08-09T15:48:21Z,2026-08-09T17:48:21+0200,d1ee186b-63c3-474e-8770-b1ce1a43e356,2026-07-28T16:45:00Z,2026-07-28T18:45:00+0200,51369.0,MW,FR,FR,actual_load,Actual Load,2026-08-09T15:49:09Z
2026-08-09T15:48:21Z,2026-08-09T17:48:21+0200,d1ee186b-63c3-474e-8770-b1ce1a43e356,2026-07-28T17:00:00Z,2026-07-28T19:00:00+0200,51583.31,MW,FR,FR,actual_load,Actual Load,2026-08-09T15:49:09Z
2026-08-09T15:48:21Z,2026-08-09T17:48:21+0200,d1ee186b-63c3-474e-8770-b1ce1a43e356,2026-07-28T17:15:00Z,2026-07-28T19:15:00+0200,51504.26,MW,FR,FR,actual_load,Actual Load,2026-08-09T15:49:09Z
2026-08-09T15:48:21Z,2026-08-09T17:48:21+0200,d1ee186b-63c3-474e-8770-b1ce1a43e356,2026-07-28T17:30:00Z,2026-07-28T19:30:00+0200,51374.59,MW,FR,FR,actual_load,Actual Load,2026-08-09T15:49:09Z
2026-08-09T15:48:21Z,2026-08-09T17:48:21+0200,d1ee186b-63c3-474e-8770-b1ce1a43e356,2026-07-28T17:45:00Z,2026-07-28T19:45:00+0200,51085.07,MW,FR,FR,actual_load,Actual Load,2026-08-09T15:49:09Z
2026-08-09T15:48:21Z,2026-08-09T17:48:21+0200,d1ee186b-63c3-474e-8770-b1ce1a43e356,2026-07-28T18:00:00Z,2026-07-28T20:00:00+0200,50492.13,MW,FR,FR,actual_load,Actual Load,2026-08-09T15:49:09Z
2026-08-09T15:48:21Z,2026-08-09T17:48:21+0200,d1ee186b-63c3-474e-8770-b1ce1a43e356,2026-07-28T18:15:00Z,2026-07-28T20:15:00+0200,49688.44,MW,FR,FR,actual_load,Actual Load,2026-08-09T15:49:09Z
2026-08-09T15:48:21Z,2026-08-09T17:48:21+0200,d1ee186b-63c3-474e-8770-b1ce1a43e356,2026-07-28T18:30:00Z,2026-07-28T20:30:00+0200,48991.12,MW,FR,FR,actual_load,Actual Load,2026-08-09T15:49:09Z
2026-08-09T15:48:21Z,2026-08-09T17:48:21+0200,d1ee186b-63c3-474e-8770-b1ce1a43e356,2026-07-28T18:45:00Z,2026-07-28T20:45:00+0200,48383.75,MW,FR,FR,actual_load,Actual Load,2026-08-09T15:49:09Z
2026-08-09T15:48:21Z,2026-08-09T17:48:21+0200,d1ee186b-63c3-474e-8770-b1ce1a43e356,2026-07-28T19:00:00Z,2026-07-28T21:00:00+0200,48064.31,MW,FR,FR,actual_load,Actual Load,2026-08-09T15:49:09Z
2026-08-09T15:48:21Z,2026-08-09T17:48:21+0200,d1ee186b-63c3-474e-8770-b1ce1a43e356,2026-07-28T19:15:00Z,2026-07-28T21:15:00+0200,47617.3,MW,FR,FR,actual_load,Actual Load,2026-08-09T15:49:09Z
2026-08-09T15:48:21Z,2026-08-09T17:48:21+0200,d1ee186b-63c3-474e-8770-b1ce1a43e356,2026-07-28T19:30:00Z,2026-07-28T21:30:00+0200,47393.56,MW,FR,FR,actual_load,Actual Load,2026-08-09T15:49:09Z
2026-08-09T15:48:21Z,2026-08-09T17:48:21+0200,d1ee186b-63c3-474e-8770-b1ce1a43e356,2026-07-28T19:45:00Z,2026-07-28T21:45:00+0200,47071.39,MW,FR,FR,actual_load,Actual Load,2026-08-09T15:49:09Z
2026-08-09T15:48:21Z,2026-08-09T17:48:21+0200,d1ee186b-63c3-474e-8770-b1ce1a43e356,2026-07-28T20:00:00Z,2026-07-28T22:00:00+0200,48150.99,MW,FR,FR,actual_load,Actual Load,2026-08-09T15:49:09Z
2026-08-09T15:48:21Z,2026-08-09T17:48:21+0200,d1ee186b-63c3-474e-8770-b1ce1a43e356,2026-07-28T20:15:00Z,2026-07-28T22:15:00+0200,47805.15,MW,FR,FR,actual_load,Actual Load,2026-08-09T15:49:09Z
2026-08-09T15:48:21Z,2026-08-09T17:48:21+0200,d1ee186b-63c3-474e-8770-b1ce1a43e356,2026-07-28T20:30:00Z,2026-07-28T22:30:00+0200,48827.96,MW,FR,FR,actual_load,Actual Load,2026-08-09T15:49:09Z
2026-08-09T15:48:21Z,2026-08-09T17:48:21+0200,d1ee186b-63c3-474e-8770-b1ce1a43e356,2026-07-28T20:45:00Z,2026-07-28T22:45:00+0200,47974.35,MW,FR,FR,actual_load,Actual Load,2026-08-09T15:49:09Z
2026-08-09T15:48:21Z,2026-08-09T17:48:21+0200,d1ee186b-63c3-474e-8770-b1ce1a43e356,2026-07-28T21:00:00Z,2026-07-28T23:00:00+0200,47475.35,MW,FR,FR,actual_load,Actual Load,2026-08-09T15:49:09Z
2026-08-09T15:48:21Z,2026-08-09T17:48:21+0200,d1ee186b-63c3-474e-8770-b1ce1a43e356,2026-07-28T21:15:00Z,2026-07-28T23:15:00+0200,46528.86,MW,FR,FR,actual_load,Actual Load,2026-08-09T15:49:09Z
2026-08-09T15:48:21Z,2026-08-09T17:48:21+0200,d1ee186b-63c3-474e-8770-b1ce1a43e356,2026-07-28T21:30:00Z,2026-07-28T23:30:00+0200,46672.94,MW,FR,FR,actual_load,Actual Load,2026-08-09T15:49:09Z
2026-08-09T15:48:21Z,2026-08-09T17:48:21+0200,d1ee186b-63c3-474e-8770-b1ce1a43e356,2026-07-28T21:45:00Z,2026-07-28T23:45:00+0200,45566.58,MW,FR,FR,actual_load,Actual Load,2026-08-09T15:49:09Z
2026-08-09T15:48:21Z,2026-08-09T17:48:21+0200,d1ee186b-63c3-474e-8770-b1ce1a43e356,2026-07-28T22:00:00Z,2026-07-29T00:00:00+0200,45300.77,MW,FR,FR,actual_load,Actual Load,2026-08-09T15:49:09Z
2026-08-09T15:48:21Z,2026-08-09T17:48:21+0200,d1ee186b-63c3-474e-8770-b1ce1a43e356,2026-07-28T22:15:00Z,2026-07-29T00:15:00+0200,44295.08,MW,FR,FR,actual_load,Actual Load,2026-08-09T15:49:09Z
2026-08-09T15:48:21Z,2026-08-09T17:48:21+0200,d1ee186b-63c3-474e-8770-b1ce1a43e356,2026-07-28T22:30:00Z,2026-07-29T00:30:00+0200,42761.64,MW,FR,FR,actual_load,Actual Load,2026-08-09T15:49:09Z
2026-08-09T15:48:21Z,2026-08-09T17:48:21+0200,d1ee186b-63c3-474e-8770-b1ce1a43e356,2026-07-28T22:45:00Z,2026-07-29T00:45:00+0200,41705.72,MW,FR,FR,actual_load,Actual Load,2026-08-09T15:49:09Z
2026-08-09T15:48:21Z,2026-08-09T17:48:21+0200,d1ee186b-63c3-474e-8770-b1ce1a43e356,2026-07-28T23:00:00Z,2026-07-29T01:00:00+0200,42014.8,MW,FR,FR,actual_load,Actual Load,2026-08-09T15:49:09Z
2026-08-09T15:48:21Z,2026-08-09T17:48:21+0200,d1ee186b-63c3-474e-8770-b1ce1a43e356,2026-07-28T23:15:00Z,2026-07-29T01:15:00+0200,41379.22,MW,FR,FR,actual_load,Actual Load,2026-08-09T15:49:09Z
2026-08-09T15:48:21Z,2026-08-09T17:48:21+0200,d1ee186b-63c3-474e-8770-b1ce1a43e356,2026-07-28T23:30:00Z,2026-07-29T01:30:00+0200,41142.1,MW,FR,FR,actual_load,Actual Load,2026-08-09T15:49:09Z
2026-08-09T15:48:21Z,2026-08-09T17:48:21+0200,d1ee186b-63c3-474e-8770-b1ce1a43e356,2026-07-28T23:45:00Z,2026-07-29T01:45:00+0200,40300.27,MW,FR,FR,actual_load,Actual Load,2026-08-09T15:49:09Z
2026-08-09T15:48:21Z,2026-08-09T17:48:21+0200,d1ee186b-63c3-474e-8770-b1ce1a43e356,2026-07-29T00:00:00Z,2026-07-29T02:00:00+0200,40023.96,MW,FR,FR,actual_load,Actual Load,2026-08-09T15:49:09Z
2026-08-09T15:48:21Z,2026-08-09T17:48:21+0200,d1ee186b-63c3-474e-8770-b1ce1a43e356,2026-07-29T00:15:00Z,2026-07-29T02:15:00+0200,39234.34,MW,FR,FR,actual_load,Actual Load,2026-08-09T15:49:09Z
2026-08-09T15:48:21Z,2026-08-09T17:48:21+0200,d1ee186b-63c3-474e-8770-b1ce1a43e356,2026-07-29T00:30:00Z,2026-07-29T02:30:00+0200,38539.44,MW,FR,FR,actual_load,Actual Load,2026-08-09T15:49:09Z
2026-08-09T15:48:21Z,2026-08-09T17:48:21+0200,d1ee186b-63c3-474e-8770-b1ce1a43e356,2026-07-29T00:45:00Z,2026-07-29T02:45:00+0200,37785.67,MW,FR,FR,actual_load,Actual Load,2026-08-09T15:49:09Z
2026-08-09T15:48:21Z,2026-08-09T17:48:21+0200,d1ee186b-63c3-474e-8770-b1ce1a43e356,2026-07-29T01:00:00Z,2026-07-29T03:00:00+0200,37393.53,MW,FR,FR,actual_load,Actual Load,2026-08-09T15:49:09Z
2026-08-09T15:48:21Z,2026-08-09T17:48:21+0200,d1ee186b-63c3-474e-8770-b1ce1a43e356,2026-07-29T01:15:00Z,2026-07-29T03:15:00+0200,37041.14,MW,FR,FR,actual_load,Actual Load,2026-08-09T15:49:09Z
2026-08-09T15:48:21Z,2026-08-09T17:48:21+0200,d1ee186b-63c3-474e-8770-b1ce1a43e356,2026-07-29T01:30:00Z,2026-07-29T03:30:00+0200,36829.27,MW,FR,FR,actual_load,Actual Load,2026-08-09T15:49:09Z
2026-08-09T15:48:21Z,2026-08-09T17:48:21+0200,d1ee186b-63c3-474e-8770-b1ce1a43e356,2026-07-29T01:45:00Z,2026-07-29T03:45:00+0200,36628.53,MW,FR,FR,actual_load,Actual Load,2026-08-09T15:49:09Z
2026-08-09T15:48:21Z,2026-08-09T17:48:21+0200,d1ee186b-63c3-474e-8770-b1ce1a43e356,2026-07-29T02:00:00Z,2026-07-29T04:00:00+0200,36574.93,MW,FR,FR,actual_load,Actual Load,2026-08-09T15:49:09Z
2026-08-09T15:48:21Z,2026-08-09T17:48:21+0200,d1ee186b-63c3-474e-8770-b1ce1a43e356,2026-07-29T02:15:00Z,2026-07-29T04:15:00+0200,36566.6,MW,FR,FR,actual_load,Actual Load,2026-08-09T15:49:09Z
2026-08-09T15:48:21Z,2026-08-09T17:48:21+0200,d1ee186b-63c3-474e-8770-b1ce1a43e356,2026-07-29T02:30:00Z,2026-07-29T04:30:00+0200,36535.84,MW,FR,FR,actual_load,Actual Load,2026-08-09T15:49:09Z
2026-08-09T15:48:21Z,2026-08-09T17:48:21+0200,d1ee186b-63c3-474e-8770-b1ce1a43e356,2026-07-29T02:45:00Z,2026-07-29T04:45:00+0200,36545.73,MW,FR,FR,actual_load,Actual Load,2026-08-09T15:49:09Z
2026-08-09T15:48:21Z,2026-08-09T17:48:21+0200,d1ee186b-63c3-474e-8770-b1ce1a43e356,2026-07-29T03:00:00Z,2026-07-29T05:00:00+0200,37144.8,MW,FR,FR,actual_load,Actual Load,2026-08-09T15:49:09Z
2026-08-09T15:48:21Z,2026-08-09T17:48:21+0200,d1ee186b-63c3-474e-8770-b1ce1a43e356,2026-07-29T03:15:00Z,2026-07-29T05:15:00+0200,37571.53,MW,FR,FR,actual_load,Actual Load,2026-08-09T15:49:09Z
2026-08-09T15:48:21Z,2026-08-09T17:48:21+0200,d1ee186b-63c3-474e-8770-b1ce1a43e356,2026-07-29T03:30:00Z,2026-07-29T05:30:00+0200,37901.05,MW,FR,FR,actual_load,Actual Load,2026-08-09T15:49:09Z
2026-08-09T15:48:21Z,2026-08-09T17:48:21+0200,d1ee186b-63c3-474e-8770-b1ce1a43e356,2026-07-29T03:45:00Z,2026-07-29T05:45:00+0200,38353.84,MW,FR,FR,actual_load,Actual Load,2026-08-09T15:49:09Z
2026-08-09T15:48:21Z,2026-08-09T17:48:21+0200,d1ee186b-63c3-474e-8770-b1ce1a43e356,2026-07-29T04:00:00Z,2026-07-29T06:00:00+0200,39027.18,MW,FR,FR,actual_load,Actual Load,2026-08-09T15:49:09Z
2026-08-09T15:48:21Z,2026-08-09T17:48:21+0200,d1ee186b-63c3-474e-8770-b1ce1a43e356,2026-07-29T04:15:00Z,2026-07-29T06:15:00+0200,39524.27,MW,FR,FR,actual_load,Actual Load,2026-08-09T15:49:09Z
2026-08-09T15:48:21Z,2026-08-09T17:48:21+0200,d1ee186b-63c3-474e-8770-b1ce1a43e356,2026-07-29T04:30:00Z,2026-07-29T06:30:00+0200,39894.19,MW,FR,FR,actual_load,Actual Load,2026-08-09T15:49:09Z
2026-08-09T15:48:21Z,2026-08-09T17:48:21+0200,d1ee186b-63c3-474e-8770-b1ce1a43e356,2026-07-29T04:45:00Z,2026-07-29T06:45:00+0200,40304.34,MW,FR,FR,actual_load,Actual Load,2026-08-09T15:49:09Z
2026-08-09T15:48:21Z,2026-08-09T17:48:21+0200,d1ee186b-63c3-474e-8770-b1ce1a43e356,2026-07-29T05:00:00Z,2026-07-29T07:00:00+0200,41003.81,MW,FR,FR,actual_load,Actual Load,2026-08-09T15:49:09Z
2026-08-09T15:48:21Z,2026-08-09T17:48:21+0200,d1ee186b-63c3-474e-8770-b1ce1a43e356,2026-07-29T05:15:00Z,2026-07-29T07:15:00+0200,41688.96,MW,FR,FR,actual_load,Actual Load,2026-08-09T15:49:09Z
2026-08-09T15:48:21Z,2026-08-09T17:48:21+0200,d1ee186b-63c3-474e-8770-b1ce1a43e356,2026-07-29T05:30:00Z,2026-07-29T07:30:00+0200,42306.98,MW,FR,FR,actual_load,Actual Load,2026-08-09T15:49:09Z
2026-08-09T15:48:21Z,2026-08-09T17:48:21+0200,d1ee186b-63c3-474e-8770-b1ce1a43e356,2026-07-29T05:45:00Z,2026-07-29T07:45:00+0200,43012.57,MW,FR,FR,actual_load,Actual Load,2026-08-09T15:49:09Z
2026-08-09T15:48:21Z,2026-08-09T17:48:21+0200,d1ee186b-63c3-474e-8770-b1ce1a43e356,2026-07-29T06:00:00Z,2026-07-29T08:00:00+0200,43917.16,MW,FR,FR,actual_load,Actual Load,2026-08-09T15:49:09Z
2026-08-09T15:48:21Z,2026-08-09T17:48:21+0200,d1ee186b-63c3-474e-8770-b1ce1a43e356,2026-07-29T06:15:00Z,2026-07-29T08:15:00+0200,44584.79,MW,FR,FR,actual_load,Actual Load,2026-08-09T15:49:09Z
2026-08-09T15:48:21Z,2026-08-09T17:48:21+0200,d1ee186b-63c3-474e-8770-b1ce1a43e356,2026-07-29T06:30:00Z,2026-07-29T08:30:00+0200,45166.66,MW,FR,FR,actual_load,Actual Load,2026-08-09T15:49:09Z
2026-08-09T15:48:21Z,2026-08-09T17:48:21+0200,d1ee186b-63c3-474e-8770-b1ce1a43e356,2026-07-29T06:45:00Z,2026-07-29T08:45:00+0200,45671.87,MW,FR,FR,actual_load,Actual Load,2026-08-09T15:49:09Z
2026-08-09T15:48:21Z,2026-08-09T17:48:21+0200,d1ee186b-63c3-474e-8770-b1ce1a43e356,2026-07-29T07:00:00Z,2026-07-29T09:00:00+0200,46391.07,MW,FR,FR,actual_load,Actual Load,2026-08-09T15:49:09Z
2026-08-09T15:48:21Z,2026-08-09T17:48:21+0200,d1ee186b-63c3-474e-8770-b1ce1a43e356,2026-07-29T07:15:00Z,2026-07-29T09:15:00+0200,47024.05,MW,FR,FR,actual_load,Actual Load,2026-08-09T15:49:09Z
2026-08-09T15:48:21Z,2026-08-09T17:48:21+0200,d1ee186b-63c3-474e-8770-b1ce1a43e356,2026-07-29T07:30:00Z,2026-07-29T09:30:00+0200,47532.09,MW,FR,FR,actual_load,Actual Load,2026-08-09T15:49:09Z
2026-08-09T15:48:21Z,2026-08-09T17:48:21+0200,d1ee186b-63c3-474e-8770-b1ce1a43e356,2026-07-29T07:45:00Z,2026-07-29T09:45:00+0200,48093.23,MW,FR,FR,actual_load,Actual Load,2026-08-09T15:49:09Z
2026-08-09T15:48:21Z,2026-08-09T17:48:21+0200,d1ee186b-63c3-474e-8770-b1ce1a43e356,2026-07-29T08:00:00Z,2026-07-29T10:00:00+0200,48638.53,MW,FR,FR,actual_load,Actual Load,2026-08-09T15:49:09Z
2026-08-09T15:48:21Z,2026-08-09T17:48:21+0200,d1ee186b-63c3-474e-8770-b1ce1a43e356,2026-07-29T08:15:00Z,2026-07-29T10:15:00+0200,49038.66,MW,FR,FR,actual_load,Actual Load,2026-08-09T15:49:09Z
2026-08-09T15:48:21Z,2026-08-09T17:48:21+0200,d1ee186b-63c3-474e-8770-b1ce1a43e356,2026-07-29T08:30:00Z,2026-07-29T10:30:00+0200,49435.86,MW,FR,FR,actual_load,Actual Load,2026-08-09T15:49:09Z
2026-08-09T15:48:21Z,2026-08-09T17:48:21+0200,d1ee186b-63c3-474e-8770-b1ce1a43e356,2026-07-29T08:45:00Z,2026-07-29T10:45:00+0200,49961.27,MW,FR,FR,actual_load,Actual Load,2026-08-09T15:49:09Z
2026-08-09T15:48:21Z,2026-08-09T17:48:21+0200,d1ee186b-63c3-474e-8770-b1ce1a43e356,2026-07-29T09:00:00Z,2026-07-29T11:00:00+0200,50765.91,MW,FR,FR,actual_load,Actual Load,2026-08-09T15:49:09Z
2026-08-09T15:48:21Z,2026-08-09T17:48:21+0200,d1ee186b-63c3-474e-8770-b1ce1a43e356,2026-07-29T09:15:00Z,2026-07-29T11:15:00+0200,51034.92,MW,FR,FR,actual_load,Actual Load,2026-08-09T15:49:09Z
2026-08-09T15:48:21Z,2026-08-09T17:48:21+0200,d1ee186b-63c3-474e-8770-b1ce1a43e356,2026-07-29T09:30:00Z,2026-07-29T11:30:00+0200,51483.61,MW,FR,FR,actual_load,Actual Load,2026-08-09T15:49:09Z
2026-08-09T15:48:21Z,2026-08-09T17:48:21+0200,d1ee186b-63c3-474e-8770-b1ce1a43e356,2026-07-29T09:45:00Z,2026-07-29T11:45:00+0200,51977.08,MW,FR,FR,actual_load,Actual Load,2026-08-09T15:49:09Z
2026-08-09T15:48:21Z,2026-08-09T17:48:21+0200,d1ee186b-63c3-474e-8770-b1ce1a43e356,2026-07-29T10:00:00Z,2026-07-29T12:00:00+0200,52570.71,MW,FR,FR,actual_load,Actual Load,2026-08-09T15:49:09Z
2026-08-09T15:48:21Z,2026-08-09T17:48:21+0200,d1ee186b-63c3-474e-8770-b1ce1a43e356,2026-07-29T10:15:00Z,2026-07-29T12:15:00+0200,52597.02,MW,FR,FR,actual_load,Actual Load,2026-08-09T15:49:09Z
2026-08-09T15:48:21Z,2026-08-09T17:48:21+0200,d1ee186b-63c3-474e-8770-b1ce1a43e356,2026-07-29T10:30:00Z,2026-07-29T12:30:00+0200,53113.43,MW,FR,FR,actual_load,Actual Load,2026-08-09T15:49:09Z
2026-08-09T15:48:21Z,2026-08-09T17:48:21+0200,d1ee186b-63c3-474e-8770-b1ce1a43e356,2026-07-29T10:45:00Z,2026-07-29T12:45:00+0200,52732.34,MW,FR,FR,actual_load,Actual Load,2026-08-09T15:49:09Z
2026-08-09T15:48:21Z,2026-08-09T17:48:21+0200,d1ee186b-63c3-474e-8770-b1ce1a43e356,2026-07-29T11:00:00Z,2026-07-29T13:00:00+0200,52679.57,MW,FR,FR,actual_load,Actual Load,2026-08-09T15:49:09Z
2026-08-09T15:48:21Z,2026-08-09T17:48:21+0200,d1ee186b-63c3-474e-8770-b1ce1a43e356,2026-07-29T11:15:00Z,2026-07-29T13:15:00+0200,52439.27,MW,FR,FR,actual_load,Actual Load,2026-08-09T15:49:09Z
2026-08-09T15:48:21Z,2026-08-09T17:48:21+0200,d1ee186b-63c3-474e-8770-b1ce1a43e356,2026-07-29T11:30:00Z,2026-07-29T13:30:00+0200,52351.71,MW,FR,FR,actual_load,Actual Load,2026-08-09T15:49:09Z
2026-08-09T15:48:21Z,2026-08-09T17:48:21+0200,d1ee186b-63c3-474e-8770-b1ce1a43e356,2026-07-29T11:45:00Z,2026-07-29T13:45:00+0200,52492.44,MW,FR,FR,actual_load,Actual Load,2026-08-09T15:49:09Z
2026-08-09T15:48:21Z,2026-08-09T17:48:21+0200,d1ee186b-63c3-474e-8770-b1ce1a43e356,2026-07-29T12:00:00Z,2026-07-29T14:00:00+0200,53423.74,MW,FR,FR,actual_load,Actual Load,2026-08-09T15:49:09Z
2026-08-09T15:48:21Z,2026-08-09T17:48:21+0200,d1ee186b-63c3-474e-8770-b1ce1a43e356,2026-07-29T12:15:00Z,2026-07-29T14:15:00+0200,53469.7,MW,FR,FR,actual_load,Actual Load,2026-08-09T15:49:09Z
2026-08-09T15:48:21Z,2026-08-09T17:48:21+0200,d1ee186b-63c3-474e-8770-b1ce1a43e356,2026-07-29T12:30:00Z,2026-07-29T14:30:00+0200,53613.27,MW,FR,FR,actual_load,Actual Load,2026-08-09T15:49:09Z
2026-08-09T15:48:21Z,2026-08-09T17:48:21+0200,d1ee186b-63c3-474e-8770-b1ce1a43e356,2026-07-29T12:45:00Z,2026-07-29T14:45:00+0200,53381.6,MW,FR,FR,actual_load,Actual Load,2026-08-09T15:49:09Z
2026-08-09T15:48:21Z,2026-08-09T17:48:21+0200,d1ee186b-63c3-474e-8770-b1ce1a43e356,2026-07-29T13:00:00Z,2026-07-29T15:00:00+0200,53636.57,MW,FR,FR,actual_load,Actual Load,2026-08-09T15:49:09Z
2026-08-09T15:48:21Z,2026-08-09T17:48:21+0200,d1ee186b-63c3-474e-8770-b1ce1a43e356,2026-07-29T13:15:00Z,2026-07-29T15:15:00+0200,53501.15,MW,FR,FR,actual_load,Actual Load,2026-08-09T15:49:09Z
2026-08-09T15:48:21Z,2026-08-09T17:48:21+0200,d1ee186b-63c3-474e-8770-b1ce1a43e356,2026-07-29T13:30:00Z,2026-07-29T15:30:00+0200,52736.45,MW,FR,FR,actual_load,Actual Load,2026-08-09T15:49:09Z
2026-08-09T15:48:21Z,2026-08-09T17:48:21+0200,d1ee186b-63c3-474e-8770-b1ce1a43e356,2026-07-29T13:45:00Z,2026-07-29T15:45:00+0200,52410.42,MW,FR,FR,actual_load,Actual Load,2026-08-09T15:49:09Z
2026-08-09T15:48:21Z,2026-08-09T17:48:21+0200,d1ee186b-63c3-474e-8770-b1ce1a43e356,2026-07-29T14:00:00Z,2026-07-29T16:00:00+0200,52099.79,MW,FR,FR,actual_load,Actual Load,2026-08-09T15:49:09Z
2026-08-09T15:48:21Z,2026-08-09T17:48:21+0200,d1ee186b-63c3-474e-8770-b1ce1a43e356,2026-07-29T14:15:00Z,2026-07-29T16:15:00+0200,51937.37,MW,FR,FR,actual_load,Actual Load,2026-08-09T15:49:09Z
2026-08-09T15:48:21Z,2026-08-09T17:48:21+0200,d1ee186b-63c3-474e-8770-b1ce1a43e356,2026-07-29T14:30:00Z,2026-07-29T16:30:00+0200,51929.13,MW,FR,FR,actual_load,Actual Load,2026-08-09T15:49:09Z
2026-08-09T15:48:21Z,2026-08-09T17:48:21+0200,d1ee186b-63c3-474e-8770-b1ce1a43e356,2026-07-29T14:45:00Z,2026-07-29T16:45:00+0200,51948.81,MW,FR,FR,actual_load,Actual Load,2026-08-09T15:49:09Z
2026-08-09T15:48:21Z,2026-08-09T17:48:21+0200,d1ee186b-63c3-474e-8770-b1ce1a43e356,2026-07-29T15:00:00Z,2026-07-29T17:00:00+0200,51624.3,MW,FR,FR,actual_load,Actual Load,2026-08-09T15:49:09Z
2026-08-09T15:48:21Z,2026-08-09T17:48:21+0200,d1ee186b-63c3-474e-8770-b1ce1a43e356,2026-07-29T15:15:00Z,2026-07-29T17:15:00+0200,51563.27,MW,FR,FR,actual_load,Actual Load,2026-08-09T15:49:09Z
2026-08-09T15:48:21Z,2026-08-09T17:48:21+0200,d1ee186b-63c3-474e-8770-b1ce1a43e356,2026-07-29T15:30:00Z,2026-07-29T17:30:00+0200,51779.59,MW,FR,FR,actual_load,Actual Load,2026-08-09T15:49:09Z
2026-08-09T15:48:21Z,2026-08-09T17:48:21+0200,d1ee186b-63c3-474e-8770-b1ce1a43e356,2026-07-29T15:45:00Z,2026-07-29T17:45:00+0200,52330.45,MW,FR,FR,actual_load,Actual Load,2026-08-09T15:49:09Z
2026-08-09T15:48:21Z,2026-08-09T17:48:21+0200,d1ee186b-63c3-474e-8770-b1ce1a43e356,2026-07-29T16:00:00Z,2026-07-29T18:00:00+0200,52470.31,MW,FR,FR,actual_load,Actual Load,2026-08-09T15:49:09Z
2026-08-09T15:48:21Z,2026-08-09T17:48:21+0200,d1ee186b-63c3-474e-8770-b1ce1a43e356,2026-07-29T16:15:00Z,2026-07-29T18:15:00+0200,52930.62,MW,FR,FR,actual_load,Actual Load,2026-08-09T15:49:09Z
2026-08-09T15:48:21Z,2026-08-09T17:48:21+0200,d1ee186b-63c3-474e-8770-b1ce1a43e356,2026-07-29T16:30:00Z,2026-07-29T18:30:00+0200,53320.76,MW,FR,FR,actual_load,Actual Load,2026-08-09T15:49:09Z
2026-08-09T15:48:21Z,2026-08-09T17:48:21+0200,d1ee186b-63c3-474e-8770-b1ce1a43e356,2026-07-29T16:45:00Z,2026-07-29T18:45:00+0200,53604.0,MW,FR,FR,actual_load,Actual Load,2026-08-09T15:49:09Z
2026-08-09T15:48:21Z,2026-08-09T17:48:21+0200,d1ee186b-63c3-474e-8770-b1ce1a43e356,2026-07-29T17:00:00Z,2026-07-29T19:00:00+0200,53570.43,MW,FR,FR,actual_load,Actual Load,2026-08-09T15:49:09Z
2026-08-09T15:48:21Z,2026-08-09T17:48:21+0200,d1ee186b-63c3-474e-8770-b1ce1a43e356,2026-07-29T17:15:00Z,2026-07-29T19:15:00+0200,53227.52,MW,FR,FR,actual_load,Actual Load,2026-08-09T15:49:09Z
2026-08-09T15:48:21Z,2026-08-09T17:48:21+0200,d1ee186b-63c3-474e-8770-b1ce1a43e356,2026-07-29T17:30:00Z,2026-07-29T19:30:00+0200,52893.06,MW,FR,FR,actual_load,Actual Load,2026-08-09T15:49:09Z
2026-08-09T15:48:21Z,2026-08-09T17:48:21+0200,d1ee186b-63c3-474e-8770-b1ce1a43e356,2026-07-29T17:45:00Z,2026-07-29T19:45:00+0200,52547.89,MW,FR,FR,actual_load,Actual Load,2026-08-09T15:49:09Z
2026-08-09T15:48:21Z,2026-08-09T17:48:21+0200,d1ee186b-63c3-474e-8770-b1ce1a43e356,2026-07-29T18:00:00Z,2026-07-29T20:00:00+0200,52020.44,MW,FR,FR,actual_load,Actual Load,2026-08-09T15:49:09Z
2026-08-09T15:48:21Z,2026-08-09T17:48:21+0200,d1ee186b-63c3-474e-8770-b1ce1a43e356,2026-07-29T18:15:00Z,2026-07-29T20:15:00+0200,51394.17,MW,FR,FR,actual_load,Actual Load,2026-08-09T15:49:09Z
2026-08-09T15:48:21Z,2026-08-09T17:48:21+0200,d1ee186b-63c3-474e-8770-b1ce1a43e356,2026-07-29T18:30:00Z,2026-07-29T20:30:00+0200,50726.61,MW,FR,FR,actual_load,Actual Load,2026-08-09T15:49:09Z
2026-08-09T15:48:21Z,2026-08-09T17:48:21+0200,d1ee186b-63c3-474e-8770-b1ce1a43e356,2026-07-29T18:45:00Z,2026-07-29T20:45:00+0200,50095.38,MW,FR,FR,actual_load,Actual Load,2026-08-09T15:49:09Z
2026-08-09T15:48:21Z,2026-08-09T17:48:21+0200,d1ee186b-63c3-474e-8770-b1ce1a43e356,2026-07-29T19:00:00Z,2026-07-29T21:00:00+0200,49749.63,MW,FR,FR,actual_load,Actual Load,2026-08-09T15:49:09Z
2026-08-09T15:48:21Z,2026-08-09T17:48:21+0200,d1ee186b-63c3-474e-8770-b1ce1a43e356,2026-07-29T19:15:00Z,2026-07-29T21:15:00+0200,49389.77,MW,FR,FR,actual_load,Actual Load,2026-08-09T15:49:09Z
2026-08-09T15:48:21Z,2026-08-09T17:48:21+0200,d1ee186b-63c3-474e-8770-b1ce1a43e356,2026-07-29T19:30:00Z,2026-07-29T21:30:00+0200,49240.42,MW,FR,FR,actual_load,Actual Load,2026-08-09T15:49:09Z
2026-08-09T15:48:21Z,2026-08-09T17:48:21+0200,d1ee186b-63c3-474e-8770-b1ce1a43e356,2026-07-29T19:45:00Z,2026-07-29T21:45:00+0200,48957.35,MW,FR,FR,actual_load,Actual Load,2026-08-09T15:49:09Z
2026-08-09T15:48:21Z,2026-08-09T17:48:21+0200,d1ee186b-63c3-474e-8770-b1ce1a43e356,2026-07-29T20:00:00Z,2026-07-29T22:00:00+0200,49656.36,MW,FR,FR,actual_load,Actual Load,2026-08-09T15:49:09Z
2026-08-09T15:48:21Z,2026-08-09T17:48:21+0200,d1ee186b-63c3-474e-8770-b1ce1a43e356,2026-07-29T20:15:00Z,2026-07-29T22:15:00+0200,49189.78,MW,FR,FR,actual_load,Actual Load,2026-08-09T15:49:09Z
2026-08-09T15:48:21Z,2026-08-09T17:48:21+0200,d1ee186b-63c3-474e-8770-b1ce1a43e356,2026-07-29T20:30:00Z,2026-07-29T22:30:00+0200,50250.8,MW,FR,FR,actual_load,Actual Load,2026-08-09T15:49:09Z
2026-08-09T15:48:21Z,2026-08-09T17:48:21+0200,d1ee186b-63c3-474e-8770-b1ce1a43e356,2026-07-29T20:45:00Z,2026-07-29T22:45:00+0200,49372.82,MW,FR,FR,actual_load,Actual Load,2026-08-09T15:49:09Z
2026-08-09T15:48:21Z,2026-08-09T17:48:21+0200,d1ee186b-63c3-474e-8770-b1ce1a43e356,2026-07-29T21:00:00Z,2026-07-29T23:00:00+0200,49028.0,MW,FR,FR,actual_load,Actual Load,2026-08-09T15:49:09Z
2026-08-09T15:48:21Z,2026-08-09T17:48:21+0200,d1ee186b-63c3-474e-8770-b1ce1a43e356,2026-07-29T21:15:00Z,2026-07-29T23:15:00+0200,47946.1,MW,FR,FR,actual_load,Actual Load,2026-08-09T15:49:09Z
2026-08-09T15:48:21Z,2026-08-09T17:48:21+0200,d1ee186b-63c3-474e-8770-b1ce1a43e356,2026-07-29T21:30:00Z,2026-07-29T23:30:00+0200,48042.68,MW,FR,FR,actual_load,Actual Load,2026-08-09T15:49:09Z
2026-08-09T15:48:21Z,2026-08-09T17:48:21+0200,d1ee186b-63c3-474e-8770-b1ce1a43e356,2026-07-29T21:45:00Z,2026-07-29T23:45:00+0200,46895.87,MW,FR,FR,actual_load,Actual Load,2026-08-09T15:49:09Z
2026-08-09T15:48:21Z,2026-08-09T17:48:21+0200,d1ee186b-63c3-474e-8770-b1ce1a43e356,2026-07-29T22:00:00Z,2026-07-30T00:00:00+0200,46653.2,MW,FR,FR,actual_load,Actual Load,2026-08-09T15:49:09Z
2026-08-09T15:48:21Z,2026-08-09T17:48:21+0200,d1ee186b-63c3-474e-8770-b1ce1a43e356,2026-07-29T22:15:00Z,2026-07-30T00:15:00+0200,45417.32,MW,FR,FR,actual_load,Actual Load,2026-08-09T15:49:09Z
2026-08-09T15:48:21Z,2026-08-09T17:48:21+0200,d1ee186b-63c3-474e-8770-b1ce1a43e356,2026-07-29T22:30:00Z,2026-07-30T00:30:00+0200,43832.81,MW,FR,FR,actual_load,Actual Load,2026-08-09T15:49:09Z
2026-08-09T15:48:21Z,2026-08-09T17:48:21+0200,d1ee186b-63c3-474e-8770-b1ce1a43e356,2026-07-29T22:45:00Z,2026-07-30T00:45:00+0200,42693.55,MW,FR,FR,actual_load,Actual Load,2026-08-09T15:49:09Z
2026-08-09T15:48:21Z,2026-08-09T17:48:21+0200,d1ee186b-63c3-474e-8770-b1ce1a43e356,2026-07-29T23:00:00Z,2026-07-30T01:00:00+0200,42914.81,MW,FR,FR,actual_load,Actual Load,2026-08-09T15:49:09Z
2026-08-09T15:48:21Z,2026-08-09T17:48:21+0200,d1ee186b-63c3-474e-8770-b1ce1a43e356,2026-07-29T23:15:00Z,2026-07-30T01:15:00+0200,42414.43,MW,FR,FR,actual_load,Actual Load,2026-08-09T15:49:09Z
2026-08-09T15:48:21Z,2026-08-09T17:48:21+0200,d1ee186b-63c3-474e-8770-b1ce1a43e356,2026-07-29T23:30:00Z,2026-07-30T01:30:00+0200,42140.65,MW,FR,FR,actual_load,Actual Load,2026-08-09T15:49:09Z
2026-08-09T15:48:21Z,2026-08-09T17:48:21+0200,d1ee186b-63c3-474e-8770-b1ce1a43e356,2026-07-29T23:45:00Z,2026-07-30T01:45:00+0200,41379.87,MW,FR,FR,actual_load,Actual Load,2026-08-09T15:49:09Z
2026-08-09T15:48:21Z,2026-08-09T17:48:21+0200,d1ee186b-63c3-474e-8770-b1ce1a43e356,2026-07-30T00:00:00Z,2026-07-30T02:00:00+0200,41198.63,MW,FR,FR,actual_load,Actual Load,2026-08-09T15:49:09Z
2026-08-09T15:48:21Z,2026-08-09T17:48:21+0200,d1ee186b-63c3-474e-8770-b1ce1a43e356,2026-07-30T00:15:00Z,2026-07-30T02:15:00+0200,40244.9,MW,FR,FR,actual_load,Actual Load,2026-08-09T15:49:09Z
2026-08-09T15:48:21Z,2026-08-09T17:48:21+0200,d1ee186b-63c3-474e-8770-b1ce1a43e356,2026-07-30T00:30:00Z,2026-07-30T02:30:00+0200,39548.86,MW,FR,FR,actual_load,Actual Load,2026-08-09T15:49:09Z
2026-08-09T15:48:21Z,2026-08-09T17:48:21+0200,d1ee186b-63c3-474e-8770-b1ce1a43e356,2026-07-30T00:45:00Z,2026-07-30T02:45:00+0200,38951.91,MW,FR,FR,actual_load,Actual Load,2026-08-09T15:49:09Z
2026-08-09T15:48:21Z,2026-08-09T17:48:21+0200,d1ee186b-63c3-474e-8770-b1ce1a43e356,2026-07-30T01:00:00Z,2026-07-30T03:00:00+0200,38530.9,MW,FR,FR,actual_load,Actual Load,2026-08-09T15:49:09Z
2026-08-09T15:48:21Z,2026-08-09T17:48:21+0200,d1ee186b-63c3-474e-8770-b1ce1a43e356,2026-07-30T01:15:00Z,2026-07-30T03:15:00+0200,38065.68,MW,FR,FR,actual_load,Actual Load,2026-08-09T15:49:09Z
2026-08-09T15:48:21Z,2026-08-09T17:48:21+0200,d1ee186b-63c3-474e-8770-b1ce1a43e356,2026-07-30T01:30:00Z,2026-07-30T03:30:00+0200,37883.04,MW,FR,FR,actual_load,Actual Load,2026-08-09T15:49:09Z
2026-08-09T15:48:21Z,2026-08-09T17:48:21+0200,d1ee186b-63c3-474e-8770-b1ce1a43e356,2026-07-30T01:45:00Z,2026-07-30T03:45:00+0200,37649.07,MW,FR,FR,actual_load,Actual Load,2026-08-09T15:49:09Z
2026-08-09T15:48:21Z,2026-08-09T17:48:21+0200,d1ee186b-63c3-474e-8770-b1ce1a43e356,2026-07-30T02:00:00Z,2026-07-30T04:00:00+0200,37669.2,MW,FR,FR,actual_load,Actual Load,2026-08-09T15:49:09Z
2026-08-09T15:48:21Z,2026-08-09T17:48:21+0200,d1ee186b-63c3-474e-8770-b1ce1a43e356,2026-07-30T02:15:00Z,2026-07-30T04:15:00+0200,37572.69,MW,FR,FR,actual_load,Actual Load,2026-08-09T15:49:09Z
2026-08-09T15:48:21Z,2026-08-09T17:48:21+0200,d1ee186b-63c3-474e-8770-b1ce1a43e356,2026-07-30T02:30:00Z,2026-07-30T04:30:00+0200,37546.34,MW,FR,FR,actual_load,Actual Load,2026-08-09T15:49:09Z
2026-08-09T15:48:21Z,2026-08-09T17:48:21+0200,d1ee186b-63c3-474e-8770-b1ce1a43e356,2026-07-30T02:45:00Z,2026-07-30T04:45:00+0200,37665.59,MW,FR,FR,actual_load,Actual Load,2026-08-09T15:49:09Z
2026-08-09T15:48:21Z,2026-08-09T17:48:21+0200,d1ee186b-63c3-474e-8770-b1ce1a43e356,2026-07-30T03:00:00Z,2026-07-30T05:00:00+0200,38276.77,MW,FR,FR,actual_load,Actual Load,2026-08-09T15:49:09Z
2026-08-09T15:48:21Z,2026-08-09T17:48:21+0200,d1ee186b-63c3-474e-8770-b1ce1a43e356,2026-07-30T03:15:00Z,2026-07-30T05:15:00+0200,38541.28,MW,FR,FR,actual_load,Actual Load,2026-08-09T15:49:09Z
2026-08-09T15:48:21Z,2026-08-09T17:48:21+0200,d1ee186b-63c3-474e-8770-b1ce1a43e356,2026-07-30T03:30:00Z,2026-07-30T05:30:00+0200,38882.17,MW,FR,FR,actual_load,Actual Load,2026-08-09T15:49:09Z
2026-08-09T15:48:21Z,2026-08-09T17:48:21+0200,d1ee186b-63c3-474e-8770-b1ce1a43e356,2026-07-30T03:45:00Z,2026-07-30T05:45:00+0200,39331.54,MW,FR,FR,actual_load,Actual Load,2026-08-09T15:49:09Z
2026-08-09T15:48:21Z,2026-08-09T17:48:21+0200,d1ee186b-63c3-474e-8770-b1ce1a43e356,2026-07-30T04:00:00Z,2026-07-30T06:00:00+0200,40181.57,MW,FR,FR,actual_load,Actual Load,2026-08-09T15:49:09Z
2026-08-09T15:48:21Z,2026-08-09T17:48:21+0200,d1ee186b-63c3-474e-8770-b1ce1a43e356,2026-07-30T04:15:00Z,2026-07-30T06:15:00+0200,40645.3,MW,FR,FR,actual_load,Actual Load,2026-08-09T15:49:09Z
2026-08-09T15:48:21Z,2026-08-09T17:48:21+0200,d1ee186b-63c3-474e-8770-b1ce1a43e356,2026-07-30T04:30:00Z,2026-07-30T06:30:00+0200,40818.32,MW,FR,FR,actual_load,Actual Load,2026-08-09T15:49:09Z
2026-08-09T15:48:21Z,2026-08-09T17:48:21+0200,d1ee186b-63c3-474e-8770-b1ce1a43e356,2026-07-30T04:45:00Z,2026-07-30T06:45:00+0200,41166.59,MW,FR,FR,actual_load,Actual Load,2026-08-09T15:49:09Z
2026-08-09T15:48:21Z,2026-08-09T17:48:21+0200,d1ee186b-63c3-474e-8770-b1ce1a43e356,2026-07-30T05:00:00Z,2026-07-30T07:00:00+0200,41827.16,MW,FR,FR,actual_load,Actual Load,2026-08-09T15:49:09Z
2026-08-09T15:48:21Z,2026-08-09T17:48:21+0200,d1ee186b-63c3-474e-8770-b1ce1a43e356,2026-07-30T05:15:00Z,2026-07-30T07:15:00+0200,42456.45,MW,FR,FR,actual_load,Actual Load,2026-08-09T15:49:09Z
2026-08-09T15:48:21Z,2026-08-09T17:48:21+0200,d1ee186b-63c3-474e-8770-b1ce1a43e356,2026-07-30T05:30:00Z,2026-07-30T07:30:00+0200,43072.04,MW,FR,FR,actual_load,Actual Load,2026-08-09T15:49:09Z
2026-08-09T15:48:21Z,2026-08-09T17:48:21+0200,d1ee186b-63c3-474e-8770-b1ce1a43e356,2026-07-30T05:45:00Z,2026-07-30T07:45:00+0200,43839.94,MW,FR,FR,actual_load,Actual Load,2026-08-09T15:49:09Z
2026-08-09T15:48:21Z,2026-08-09T17:48:21+0200,d1ee186b-63c3-474e-8770-b1ce1a43e356,2026-07-30T06:00:00Z,2026-07-30T08:00:00+0200,44957.85,MW,FR,FR,actual_load,Actual Load,2026-08-09T15:49:09Z
2026-08-09T15:48:21Z,2026-08-09T17:48:21+0200,d1ee186b-63c3-474e-8770-b1ce1a43e356,2026-07-30T06:15:00Z,2026-07-30T08:15:00+0200,45873.03,MW,FR,FR,actual_load,Actual Load,2026-08-09T15:49:09Z
2026-08-09T15:48:21Z,2026-08-09T17:48:21+0200,d1ee186b-63c3-474e-8770-b1ce1a43e356,2026-07-30T06:30:00Z,2026-07-30T08:30:00+0200,46336.79,MW,FR,FR,actual_load,Actual Load,2026-08-09T15:49:09Z
2026-08-09T15:48:21Z,2026-08-09T17:48:21+0200,d1ee186b-63c3-474e-8770-b1ce1a43e356,2026-07-30T06:45:00Z,2026-07-30T08:45:00+0200,46854.76,MW,FR,FR,actual_load,Actual Load,2026-08-09T15:49:09Z
2026-08-09T15:48:21Z,2026-08-09T17:48:21+0200,d1ee186b-63c3-474e-8770-b1ce1a43e356,2026-07-30T07:00:00Z,2026-07-30T09:00:00+0200,47266.12,MW,FR,FR,actual_load,Actual Load,2026-08-09T15:49:09Z
2026-08-09T15:48:21Z,2026-08-09T17:48:21+0200,d1ee186b-63c3-474e-8770-b1ce1a43e356,2026-07-30T07:15:00Z,2026-07-30T09:15:00+0200,47735.65,MW,FR,FR,actual_load,Actual Load,2026-08-09T15:49:09Z
2026-08-09T15:48:21Z,2026-08-09T17:48:21+0200,d1ee186b-63c3-474e-8770-b1ce1a43e356,2026-07-30T07:30:00Z,2026-07-30T09:30:00+0200,48181.63,MW,FR,FR,actual_load,Actual Load,2026-08-09T15:49:09Z
2026-08-09T15:48:21Z,2026-08-09T17:48:21+0200,d1ee186b-63c3-474e-8770-b1ce1a43e356,2026-07-30T07:45:00Z,2026-07-30T09:45:00+0200,48721.45,MW,FR,FR,actual_load,Actual Load,2026-08-09T15:49:09Z
2026-08-09T15:48:21Z,2026-08-09T17:48:21+0200,d1ee186b-63c3-474e-8770-b1ce1a43e356,2026-07-30T08:00:00Z,2026-07-30T10:00:00+0200,49364.03,MW,FR,FR,actual_load,Actual Load,2026-08-09T15:49:09Z
2026-08-09T15:48:21Z,2026-08-09T17:48:21+0200,d1ee186b-63c3-474e-8770-b1ce1a43e356,2026-07-30T08:15:00Z,2026-07-30T10:15:00+0200,49337.32,MW,FR,FR,actual_load,Actual Load,2026-08-09T15:49:09Z
2026-08-09T15:48:21Z,2026-08-09T17:48:21+0200,d1ee186b-63c3-474e-8770-b1ce1a43e356,2026-07-30T08:30:00Z,2026-07-30T10:30:00+0200,50022.2,MW,FR,FR,actual_load,Actual Load,2026-08-09T15:49:09Z
2026-08-09T15:48:21Z,2026-08-09T17:48:21+0200,d1ee186b-63c3-474e-8770-b1ce1a43e356,2026-07-30T08:45:00Z,2026-07-30T10:45:00+0200,50133.11,MW,FR,FR,actual_load,Actual Load,2026-08-09T15:49:09Z
2026-08-09T15:48:21Z,2026-08-09T17:48:21+0200,d1ee186b-63c3-474e-8770-b1ce1a43e356,2026-07-30T09:00:00Z,2026-07-30T11:00:00+0200,50479.72,MW,FR,FR,actual_load,Actual Load,2026-08-09T15:49:09Z
2026-08-09T15:48:21Z,2026-08-09T17:48:21+0200,d1ee186b-63c3-474e-8770-b1ce1a43e356,2026-07-30T09:15:00Z,2026-07-30T11:15:00+0200,50827.84,MW,FR,FR,actual_load,Actual Load,2026-08-09T15:49:09Z
2026-08-09T15:48:21Z,2026-08-09T17:48:21+0200,d1ee186b-63c3-474e-8770-b1ce1a43e356,2026-07-30T09:30:00Z,2026-07-30T11:30:00+0200,51027.86,MW,FR,FR,actual_load,Actual Load,2026-08-09T15:49:09Z
2026-08-09T15:48:21Z,2026-08-09T17:48:21+0200,d1ee186b-63c3-474e-8770-b1ce1a43e356,2026-07-30T09:45:00Z,2026-07-30T11:45:00+0200,51272.48,MW,FR,FR,actual_load,Actual Load,2026-08-09T15:49:09Z
2026-08-09T15:48:21Z,2026-08-09T17:48:21+0200,d1ee186b-63c3-474e-8770-b1ce1a43e356,2026-07-30T10:00:00Z,2026-07-30T12:00:00+0200,51421.04,MW,FR,FR,actual_load,Actual Load,2026-08-09T15:49:09Z
2026-08-09T15:48:21Z,2026-08-09T17:48:21+0200,d1ee186b-63c3-474e-8770-b1ce1a43e356,2026-07-30T10:15:00Z,2026-07-30T12:15:00+0200,51338.6,MW,FR,FR,actual_load,Actual Load,2026-08-09T15:49:09Z
2026-08-09T15:48:21Z,2026-08-09T17:48:21+0200,d1ee186b-63c3-474e-8770-b1ce1a43e356,2026-07-30T10:30:00Z,2026-07-30T12:30:00+0200,51619.84,MW,FR,FR,actual_load,Actual Load,2026-08-09T15:49:09Z
2026-08-09T15:48:21Z,2026-08-09T17:48:21+0200,d1ee186b-63c3-474e-8770-b1ce1a43e356,2026-07-30T10:45:00Z,2026-07-30T12:45:00+0200,50927.54,MW,FR,FR,actual_load,Actual Load,2026-08-09T15:49:09Z
2026-08-09T15:48:21Z,2026-08-09T17:48:21+0200,d1ee186b-63c3-474e-8770-b1ce1a43e356,2026-07-30T11:00:00Z,2026-07-30T13:00:00+0200,50819.18,MW,FR,FR,actual_load,Actual Load,2026-08-09T15:49:09Z
2026-08-09T15:48:21Z,2026-08-09T17:48:21+0200,d1ee186b-63c3-474e-8770-b1ce1a43e356,2026-07-30T11:15:00Z,2026-07-30T13:15:00+0200,50335.1,MW,FR,FR,actual_load,Actual Load,2026-08-09T15:49:09Z
2026-08-09T15:48:21Z,2026-08-09T17:48:21+0200,d1ee186b-63c3-474e-8770-b1ce1a43e356,2026-07-30T11:30:00Z,2026-07-30T13:30:00+0200,50165.6,MW,FR,FR,actual_load,Actual Load,2026-08-09T15:49:09Z
2026-08-09T15:48:21Z,2026-08-09T17:48:21+0200,d1ee186b-63c3-474e-8770-b1ce1a43e356,2026-07-30T11:45:00Z,2026-07-30T13:45:00+0200,50335.32,MW,FR,FR,actual_load,Actual Load,2026-08-09T15:49:09Z
2026-08-09T15:48:21Z,2026-08-09T17:48:21+0200,d1ee186b-63c3-474e-8770-b1ce1a43e356,2026-07-30T12:00:00Z,2026-07-30T14:00:00+0200,51172.15,MW,FR,FR,actual_load,Actual Load,2026-08-09T15:49:09Z
2026-08-09T15:48:21Z,2026-08-09T17:48:21+0200,d1ee186b-63c3-474e-8770-b1ce1a43e356,2026-07-30T12:15:00Z,2026-07-30T14:15:00+0200,51244.0,MW,FR,FR,actual_load,Actual Load,2026-08-09T15:49:09Z
2026-08-09T15:48:21Z,2026-08-09T17:48:21+0200,d1ee186b-63c3-474e-8770-b1ce1a43e356,2026-07-30T12:30:00Z,2026-07-30T14:30:00+0200,51395.87,MW,FR,FR,actual_load,Actual Load,2026-08-09T15:49:09Z
2026-08-09T15:48:21Z,2026-08-09T17:48:21+0200,d1ee186b-63c3-474e-8770-b1ce1a43e356,2026-07-30T12:45:00Z,2026-07-30T14:45:00+0200,51144.46,MW,FR,FR,actual_load,Actual Load,2026-08-09T15:49:09Z
2026-08-09T15:48:21Z,2026-08-09T17:48:21+0200,d1ee186b-63c3-474e-8770-b1ce1a43e356,2026-07-30T13:00:00Z,2026-07-30T15:00:00+0200,51238.25,MW,FR,FR,actual_load,Actual Load,2026-08-09T15:49:09Z
2026-08-09T15:48:21Z,2026-08-09T17:48:21+0200,d1ee186b-63c3-474e-8770-b1ce1a43e356,2026-07-30T13:15:00Z,2026-07-30T15:15:00+0200,50953.27,MW,FR,FR,actual_load,Actual Load,2026-08-09T15:49:09Z
2026-08-09T15:48:21Z,2026-08-09T17:48:21+0200,d1ee186b-63c3-474e-8770-b1ce1a43e356,2026-07-30T13:30:00Z,2026-07-30T15:30:00+0200,50564.63,MW,FR,FR,actual_load,Actual Load,2026-08-09T15:49:09Z
2026-08-09T15:48:21Z,2026-08-09T17:48:21+0200,d1ee186b-63c3-474e-8770-b1ce1a43e356,2026-07-30T13:45:00Z,2026-07-30T15:45:00+0200,49893.3,MW,FR,FR,actual_load,Actual Load,2026-08-09T15:49:09Z
2026-08-09T15:48:21Z,2026-08-09T17:48:21+0200,d1ee186b-63c3-474e-8770-b1ce1a43e356,2026-07-30T14:00:00Z,2026-07-30T16:00:00+0200,49413.82,MW,FR,FR,actual_load,Actual Load,2026-08-09T15:49:09Z
2026-08-09T15:48:21Z,2026-08-09T17:48:21+0200,d1ee186b-63c3-474e-8770-b1ce1a43e356,2026-07-30T14:15:00Z,2026-07-30T16:15:00+0200,49367.34,MW,FR,FR,actual_load,Actual Load,2026-08-09T15:49:09Z
2026-08-09T15:48:21Z,2026-08-09T17:48:21+0200,d1ee186b-63c3-474e-8770-b1ce1a43e356,2026-07-30T14:30:00Z,2026-07-30T16:30:00+0200,49470.3,MW,FR,FR,actual_load,Actual Load,2026-08-09T15:49:09Z
2026-08-09T15:48:21Z,2026-08-09T17:48:21+0200,d1ee186b-63c3-474e-8770-b1ce1a43e356,2026-07-30T14:45:00Z,2026-07-30T16:45:00+0200,49483.34,MW,FR,FR,actual_load,Actual Load,2026-08-09T15:49:09Z
2026-08-09T15:48:21Z,2026-08-09T17:48:21+0200,d1ee186b-63c3-474e-8770-b1ce1a43e356,2026-07-30T15:00:00Z,2026-07-30T17:00:00+0200,49266.29,MW,FR,FR,actual_load,Actual Load,2026-08-09T15:49:09Z
2026-08-09T15:48:21Z,2026-08-09T17:48:21+0200,d1ee186b-63c3-474e-8770-b1ce1a43e356,2026-07-30T15:15:00Z,2026-07-30T17:15:00+0200,49545.46,MW,FR,FR,actual_load,Actual Load,2026-08-09T15:49:09Z
2026-08-09T15:48:21Z,2026-08-09T17:48:21+0200,d1ee186b-63c3-474e-8770-b1ce1a43e356,2026-07-30T15:30:00Z,2026-07-30T17:30:00+0200,49831.17,MW,FR,FR,actual_load,Actual Load,2026-08-09T15:49:09Z
2026-08-09T15:48:21Z,2026-08-09T17:48:21+0200,d1ee186b-63c3-474e-8770-b1ce1a43e356,2026-07-30T15:45:00Z,2026-07-30T17:45:00+0200,49907.69,MW,FR,FR,actual_load,Actual Load,2026-08-09T15:49:09Z
2026-08-09T15:48:21Z,2026-08-09T17:48:21+0200,d1ee186b-63c3-474e-8770-b1ce1a43e356,2026-07-30T16:00:00Z,2026-07-30T18:00:00+0200,50276.45,MW,FR,FR,actual_load,Actual Load,2026-08-09T15:49:09Z
2026-08-09T15:48:21Z,2026-08-09T17:48:21+0200,d1ee186b-63c3-474e-8770-b1ce1a43e356,2026-07-30T16:15:00Z,2026-07-30T18:15:00+0200,50533.89,MW,FR,FR,actual_load,Actual Load,2026-08-09T15:49:09Z
2026-08-09T15:48:21Z,2026-08-09T17:48:21+0200,d1ee186b-63c3-474e-8770-b1ce1a43e356,2026-07-30T16:30:00Z,2026-07-30T18:30:00+0200,51088.04,MW,FR,FR,actual_load,Actual Load,2026-08-09T15:49:09Z
2026-08-09T15:48:21Z,2026-08-09T17:48:21+0200,d1ee186b-63c3-474e-8770-b1ce1a43e356,2026-07-30T16:45:00Z,2026-07-30T18:45:00+0200,51683.8,MW,FR,FR,actual_load,Actual Load,2026-08-09T15:49:09Z
2026-08-09T15:48:21Z,2026-08-09T17:48:21+0200,d1ee186b-63c3-474e-8770-b1ce1a43e356,2026-07-30T17:00:00Z,2026-07-30T19:00:00+0200,51879.26,MW,FR,FR,actual_load,Actual Load,2026-08-09T15:49:09Z
2026-08-09T15:48:21Z,2026-08-09T17:48:21+0200,d1ee186b-63c3-474e-8770-b1ce1a43e356,2026-07-30T17:15:00Z,2026-07-30T19:15:00+0200,51748.96,MW,FR,FR,actual_load,Actual Load,2026-08-09T15:49:09Z
2026-08-09T15:48:21Z,2026-08-09T17:48:21+0200,d1ee186b-63c3-474e-8770-b1ce1a43e356,2026-07-30T17:30:00Z,2026-07-30T19:30:00+0200,51690.82,MW,FR,FR,actual_load,Actual Load,2026-08-09T15:49:09Z
2026-08-09T15:48:21Z,2026-08-09T17:48:21+0200,d1ee186b-63c3-474e-8770-b1ce1a43e356,2026-07-30T17:45:00Z,2026-07-30T19:45:00+0200,51275.91,MW,FR,FR,actual_load,Actual Load,2026-08-09T15:49:09Z
2026-08-09T15:48:21Z,2026-08-09T17:48:21+0200,d1ee186b-63c3-474e-8770-b1ce1a43e356,2026-07-30T18:00:00Z,2026-07-30T20:00:00+0200,50741.73,MW,FR,FR,actual_load,Actual Load,2026-08-09T15:49:09Z
2026-08-09T15:48:21Z,2026-08-09T17:48:21+0200,d1ee186b-63c3-474e-8770-b1ce1a43e356,2026-07-30T18:15:00Z,2026-07-30T20:15:00+0200,50007.36,MW,FR,FR,actual_load,Actual Load,2026-08-09T15:49:09Z
2026-08-09T15:48:21Z,2026-08-09T17:48:21+0200,d1ee186b-63c3-474e-8770-b1ce1a43e356,2026-07-30T18:30:00Z,2026-07-30T20:30:00+0200,49330.85,MW,FR,FR,actual_load,Actual Load,2026-08-09T15:49:09Z
2026-08-09T15:48:21Z,2026-08-09T17:48:21+0200,d1ee186b-63c3-474e-8770-b1ce1a43e356,2026-07-30T18:45:00Z,2026-07-30T20:45:00+0200,48758.16,MW,FR,FR,actual_load,Actual Load,2026-08-09T15:49:09Z
2026-08-09T15:48:21Z,2026-08-09T17:48:21+0200,d1ee186b-63c3-474e-8770-b1ce1a43e356,2026-07-30T19:00:00Z,2026-07-30T21:00:00+0200,48560.71,MW,FR,FR,actual_load,Actual Load,2026-08-09T15:49:09Z
2026-08-09T15:48:21Z,2026-08-09T17:48:21+0200,d1ee186b-63c3-474e-8770-b1ce1a43e356,2026-07-30T19:15:00Z,2026-07-30T21:15:00+0200,48306.38,MW,FR,FR,actual_load,Actual Load,2026-08-09T15:49:09Z
2026-08-09T15:48:21Z,2026-08-09T17:48:21+0200,d1ee186b-63c3-474e-8770-b1ce1a43e356,2026-07-30T19:30:00Z,2026-07-30T21:30:00+0200,48123.5,MW,FR,FR,actual_load,Actual Load,2026-08-09T15:49:09Z
2026-08-09T15:48:21Z,2026-08-09T17:48:21+0200,d1ee186b-63c3-474e-8770-b1ce1a43e356,2026-07-30T19:45:00Z,2026-07-30T21:45:00+0200,47763.96,MW,FR,FR,actual_load,Actual Load,2026-08-09T15:49:09Z
2026-08-09T15:48:21Z,2026-08-09T17:48:21+0200,d1ee186b-63c3-474e-8770-b1ce1a43e356,2026-07-30T20:00:00Z,2026-07-30T22:00:00+0200,48631.68,MW,FR,FR,actual_load,Actual Load,2026-08-09T15:49:09Z
2026-08-09T15:48:21Z,2026-08-09T17:48:21+0200,d1ee186b-63c3-474e-8770-b1ce1a43e356,2026-07-30T20:15:00Z,2026-07-30T22:15:00+0200,48332.59,MW,FR,FR,actual_load,Actual Load,2026-08-09T15:49:09Z
2026-08-09T15:48:21Z,2026-08-09T17:48:21+0200,d1ee186b-63c3-474e-8770-b1ce1a43e356,2026-07-30T20:30:00Z,2026-07-30T22:30:00+0200,49293.57,MW,FR,FR,actual_load,Actual Load,2026-08-09T15:49:09Z
2026-08-09T15:48:21Z,2026-08-09T17:48:21+0200,d1ee186b-63c3-474e-8770-b1ce1a43e356,2026-07-30T20:45:00Z,2026-07-30T22:45:00+0200,48543.88,MW,FR,FR,actual_load,Actual Load,2026-08-09T15:49:09Z
2026-08-09T15:48:21Z,2026-08-09T17:48:21+0200,d1ee186b-63c3-474e-8770-b1ce1a43e356,2026-07-30T21:00:00Z,2026-07-30T23:00:00+0200,48242.63,MW,FR,FR,actual_load,Actual Load,2026-08-09T15:49:09Z
2026-08-09T15:48:21Z,2026-08-09T17:48:21+0200,d1ee186b-63c3-474e-8770-b1ce1a43e356,2026-07-30T21:15:00Z,2026-07-30T23:15:00+0200,47037.25,MW,FR,FR,actual_load,Actual Load,2026-08-09T15:49:09Z
2026-08-09T15:48:21Z,2026-08-09T17:48:21+0200,d1ee186b-63c3-474e-8770-b1ce1a43e356,2026-07-30T21:30:00Z,2026-07-30T23:30:00+0200,47042.11,MW,FR,FR,actual_load,Actual Load,2026-08-09T15:49:09Z
2026-08-09T15:48:21Z,2026-08-09T17:48:21+0200,d1ee186b-63c3-474e-8770-b1ce1a43e356,2026-07-30T21:45:00Z,2026-07-30T23:45:00+0200,46009.9,MW,FR,FR,actual_load,Actual Load,2026-08-09T15:49:09Z
2026-08-09T15:48:21Z,2026-08-09T17:48:21+0200,d1ee186b-63c3-474e-8770-b1ce1a43e356,2026-07-30T22:00:00Z,2026-07-31T00:00:00+0200,45942.09,MW,FR,FR,actual_load,Actual Load,2026-08-09T15:49:09Z
2026-08-09T15:48:21Z,2026-08-09T17:48:21+0200,d1ee186b-63c3-474e-8770-b1ce1a43e356,2026-07-30T22:15:00Z,2026-07-31T00:15:00+0200,44770.77,MW,FR,FR,actual_load,Actual Load,2026-08-09T15:49:09Z
2026-08-09T15:48:21Z,2026-08-09T17:48:21+0200,d1ee186b-63c3-474e-8770-b1ce1a43e356,2026-07-30T22:30:00Z,2026-07-31T00:30:00+0200,43637.2,MW,FR,FR,actual_load,Actual Load,2026-08-09T15:49:09Z
2026-08-09T15:48:21Z,2026-08-09T17:48:21+0200,d1ee186b-63c3-474e-8770-b1ce1a43e356,2026-07-30T22:45:00Z,2026-07-31T00:45:00+0200,42643.02,MW,FR,FR,actual_load,Actual Load,2026-08-09T15:49:09Z
2026-08-09T15:48:21Z,2026-08-09T17:48:21+0200,d1ee186b-63c3-474e-8770-b1ce1a43e356,2026-07-30T23:00:00Z,2026-07-31T01:00:00+0200,42779.09,MW,FR,FR,actual_load,Actual Load,2026-08-09T15:49:09Z
2026-08-09T15:48:21Z,2026-08-09T17:48:21+0200,d1ee186b-63c3-474e-8770-b1ce1a43e356,2026-07-30T23:15:00Z,2026-07-31T01:15:00+0200,42171.71,MW,FR,FR,actual_load,Actual Load,2026-08-09T15:49:09Z
2026-08-09T15:48:21Z,2026-08-09T17:48:21+0200,d1ee186b-63c3-474e-8770-b1ce1a43e356,2026-07-30T23:30:00Z,2026-07-31T01:30:00+0200,42109.02,MW,FR,FR,actual_load,Actual Load,2026-08-09T15:49:09Z
2026-08-09T15:48:21Z,2026-08-09T17:48:21+0200,d1ee186b-63c3-474e-8770-b1ce1a43e356,2026-07-30T23:45:00Z,2026-07-31T01:45:00+0200,41377.97,MW,FR,FR,actual_load,Actual Load,2026-08-09T15:49:09Z
2026-08-09T15:48:21Z,2026-08-09T17:48:21+0200,d1ee186b-63c3-474e-8770-b1ce1a43e356,2026-07-31T00:00:00Z,2026-07-31T02:00:00+0200,41078.48,MW,FR,FR,actual_load,Actual Load,2026-08-09T15:49:09Z
2026-08-09T15:48:21Z,2026-08-09T17:48:21+0200,d1ee186b-63c3-474e-8770-b1ce1a43e356,2026-07-31T00:15:00Z,2026-07-31T02:15:00+0200,40223.34,MW,FR,FR,actual_load,Actual Load,2026-08-09T15:49:09Z
2026-08-09T15:48:21Z,2026-08-09T17:48:21+0200,d1ee186b-63c3-474e-8770-b1ce1a43e356,2026-07-31T00:30:00Z,2026-07-31T02:30:00+0200,39446.5,MW,FR,FR,actual_load,Actual Load,2026-08-09T15:49:09Z
2026-08-09T15:48:21Z,2026-08-09T17:48:21+0200,d1ee186b-63c3-474e-8770-b1ce1a43e356,2026-07-31T00:45:00Z,2026-07-31T02:45:00+0200,38704.51,MW,FR,FR,actual_load,Actual Load,2026-08-09T15:49:09Z
2026-08-09T15:48:21Z,2026-08-09T17:48:21+0200,d1ee186b-63c3-474e-8770-b1ce1a43e356,2026-07-31T01:00:00Z,2026-07-31T03:00:00+0200,38426.17,MW,FR,FR,actual_load,Actual Load,2026-08-09T15:49:09Z
2026-08-09T15:48:21Z,2026-08-09T17:48:21+0200,d1ee186b-63c3-474e-8770-b1ce1a43e356,2026-07-31T01:15:00Z,2026-07-31T03:15:00+0200,38000.95,MW,FR,FR,actual_load,Actual Load,2026-08-09T15:49:09Z
2026-08-09T15:48:21Z,2026-08-09T17:48:21+0200,d1ee186b-63c3-474e-8770-b1ce1a43e356,2026-07-31T01:30:00Z,2026-07-31T03:30:00+0200,37726.16,MW,FR,FR,actual_load,Actual Load,2026-08-09T15:49:09Z
2026-08-09T15:48:21Z,2026-08-09T17:48:21+0200,d1ee186b-63c3-474e-8770-b1ce1a43e356,2026-07-31T01:45:00Z,2026-07-31T03:45:00+0200,37396.54,MW,FR,FR,actual_load,Actual Load,2026-08-09T15:49:09Z
2026-08-09T15:48:21Z,2026-08-09T17:48:21+0200,d1ee186b-63c3-474e-8770-b1ce1a43e356,2026-07-31T02:00:00Z,2026-07-31T04:00:00+0200,37425.28,MW,FR,FR,actual_load,Actual Load,2026-08-09T15:49:09Z
2026-08-09T15:48:21Z,2026-08-09T17:48:21+0200,d1ee186b-63c3-474e-8770-b1ce1a43e356,2026-07-31T02:15:00Z,2026-07-31T04:15:00+0200,37314.66,MW,FR,FR,actual_load,Actual Load,2026-08-09T15:49:09Z
2026-08-09T15:48:21Z,2026-08-09T17:48:21+0200,d1ee186b-63c3-474e-8770-b1ce1a43e356,2026-07-31T02:30:00Z,2026-07-31T04:30:00+0200,37241.96,MW,FR,FR,actual_load,Actual Load,2026-08-09T15:49:09Z
2026-08-09T15:48:21Z,2026-08-09T17:48:21+0200,d1ee186b-63c3-474e-8770-b1ce1a43e356,2026-07-31T02:45:00Z,2026-07-31T04:45:00+0200,37341.22,MW,FR,FR,actual_load,Actual Load,2026-08-09T15:49:09Z
2026-08-09T15:48:21Z,2026-08-09T17:48:21+0200,d1ee186b-63c3-474e-8770-b1ce1a43e356,2026-07-31T03:00:00Z,2026-07-31T05:00:00+0200,37892.62,MW,FR,FR,actual_load,Actual Load,2026-08-09T15:49:09Z
2026-08-09T15:48:21Z,2026-08-09T17:48:21+0200,d1ee186b-63c3-474e-8770-b1ce1a43e356,2026-07-31T03:15:00Z,2026-07-31T05:15:00+0200,38189.61,MW,FR,FR,actual_load,Actual Load,2026-08-09T15:49:09Z
2026-08-09T15:48:21Z,2026-08-09T17:48:21+0200,d1ee186b-63c3-474e-8770-b1ce1a43e356,2026-07-31T03:30:00Z,2026-07-31T05:30:00+0200,38503.93,MW,FR,FR,actual_load,Actual Load,2026-08-09T15:49:09Z
2026-08-09T15:48:21Z,2026-08-09T17:48:21+0200,d1ee186b-63c3-474e-8770-b1ce1a43e356,2026-07-31T03:45:00Z,2026-07-31T05:45:00+0200,39035.43,MW,FR,FR,actual_load,Actual Load,2026-08-09T15:49:09Z
2026-08-09T15:48:21Z,2026-08-09T17:48:21+0200,d1ee186b-63c3-474e-8770-b1ce1a43e356,2026-07-31T04:00:00Z,2026-07-31T06:00:00+0200,39878.87,MW,FR,FR,actual_load,Actual Load,2026-08-09T15:49:09Z
2026-08-09T15:48:21Z,2026-08-09T17:48:21+0200,d1ee186b-63c3-474e-8770-b1ce1a43e356,2026-07-31T04:15:00Z,2026-07-31T06:15:00+0200,40230.34,MW,FR,FR,actual_load,Actual Load,2026-08-09T15:49:09Z
2026-08-09T15:48:21Z,2026-08-09T17:48:21+0200,d1ee186b-63c3-474e-8770-b1ce1a43e356,2026-07-31T04:30:00Z,2026-07-31T06:30:00+0200,40497.64,MW,FR,FR,actual_load,Actual Load,2026-08-09T15:49:09Z
2026-08-09T15:48:21Z,2026-08-09T17:48:21+0200,d1ee186b-63c3-474e-8770-b1ce1a43e356,2026-07-31T04:45:00Z,2026-07-31T06:45:00+0200,40860.04,MW,FR,FR,actual_load,Actual Load,2026-08-09T15:49:09Z
2026-08-09T15:48:21Z,2026-08-09T17:48:21+0200,d1ee186b-63c3-474e-8770-b1ce1a43e356,2026-07-31T05:00:00Z,2026-07-31T07:00:00+0200,41396.17,MW,FR,FR,actual_load,Actual Load,2026-08-09T15:49:09Z
2026-08-09T15:48:21Z,2026-08-09T17:48:21+0200,d1ee186b-63c3-474e-8770-b1ce1a43e356,2026-07-31T05:15:00Z,2026-07-31T07:15:00+0200,41596.39,MW,FR,FR,actual_load,Actual Load,2026-08-09T15:49:09Z
2026-08-09T15:48:21Z,2026-08-09T17:48:21+0200,d1ee186b-63c3-474e-8770-b1ce1a43e356,2026-07-31T05:30:00Z,2026-07-31T07:30:00+0200,42216.36,MW,FR,FR,actual_load,Actual Load,2026-08-09T15:49:09Z
2026-08-09T15:48:21Z,2026-08-09T17:48:21+0200,d1ee186b-63c3-474e-8770-b1ce1a43e356,2026-07-31T05:45:00Z,2026-07-31T07:45:00+0200,43162.69,MW,FR,FR,actual_load,Actual Load,2026-08-09T15:49:09Z
2026-08-09T15:48:21Z,2026-08-09T17:48:21+0200,d1ee186b-63c3-474e-8770-b1ce1a43e356,2026-07-31T06:00:00Z,2026-07-31T08:00:00+0200,44086.46,MW,FR,FR,actual_load,Actual Load,2026-08-09T15:49:09Z
2026-08-09T15:48:21Z,2026-08-09T17:48:21+0200,d1ee186b-63c3-474e-8770-b1ce1a43e356,2026-07-31T06:15:00Z,2026-07-31T08:15:00+0200,44858.8,MW,FR,FR,actual_load,Actual Load,2026-08-09T15:49:09Z
2026-08-09T15:48:21Z,2026-08-09T17:48:21+0200,d1ee186b-63c3-474e-8770-b1ce1a43e356,2026-07-31T06:30:00Z,2026-07-31T08:30:00+0200,45532.88,MW,FR,FR,actual_load,Actual Load,2026-08-09T15:49:09Z
2026-08-09T15:48:21Z,2026-08-09T17:48:21+0200,d1ee186b-63c3-474e-8770-b1ce1a43e356,2026-07-31T06:45:00Z,2026-07-31T08:45:00+0200,45970.27,MW,FR,FR,actual_load,Actual Load,2026-08-09T15:49:09Z
2026-08-09T15:48:21Z,2026-08-09T17:48:21+0200,d1ee186b-63c3-474e-8770-b1ce1a43e356,2026-07-31T07:00:00Z,2026-07-31T09:00:00+0200,46408.01,MW,FR,FR,actual_load,Actual Load,2026-08-09T15:49:09Z
2026-08-09T15:48:21Z,2026-08-09T17:48:21+0200,d1ee186b-63c3-474e-8770-b1ce1a43e356,2026-07-31T07:15:00Z,2026-07-31T09:15:00+0200,46889.44,MW,FR,FR,actual_load,Actual Load,2026-08-09T15:49:09Z
2026-08-09T15:48:21Z,2026-08-09T17:48:21+0200,d1ee186b-63c3-474e-8770-b1ce1a43e356,2026-07-31T07:30:00Z,2026-07-31T09:30:00+0200,47020.46,MW,FR,FR,actual_load,Actual Load,2026-08-09T15:49:09Z
2026-08-09T15:48:21Z,2026-08-09T17:48:21+0200,d1ee186b-63c3-474e-8770-b1ce1a43e356,2026-07-31T07:45:00Z,2026-07-31T09:45:00+0200,47399.82,MW,FR,FR,actual_load,Actual Load,2026-08-09T15:49:09Z
2026-08-09T15:48:21Z,2026-08-09T17:48:21+0200,d1ee186b-63c3-474e-8770-b1ce1a43e356,2026-07-31T08:00:00Z,2026-07-31T10:00:00+0200,47991.38,MW,FR,FR,actual_load,Actual Load,2026-08-09T15:49:09Z
2026-08-09T15:48:21Z,2026-08-09T17:48:21+0200,d1ee186b-63c3-474e-8770-b1ce1a43e356,2026-07-31T08:15:00Z,2026-07-31T10:15:00+0200,48460.46,MW,FR,FR,actual_load,Actual Load,2026-08-09T15:49:09Z
2026-08-09T15:48:21Z,2026-08-09T17:48:21+0200,d1ee186b-63c3-474e-8770-b1ce1a43e356,2026-07-31T08:30:00Z,2026-07-31T10:30:00+0200,48685.5,MW,FR,FR,actual_load,Actual Load,2026-08-09T15:49:09Z
2026-08-09T15:48:21Z,2026-08-09T17:48:21+0200,d1ee186b-63c3-474e-8770-b1ce1a43e356,2026-07-31T08:45:00Z,2026-07-31T10:45:00+0200,49034.82,MW,FR,FR,actual_load,Actual Load,2026-08-09T15:49:09Z
2026-08-09T15:48:21Z,2026-08-09T17:48:21+0200,d1ee186b-63c3-474e-8770-b1ce1a43e356,2026-07-31T09:00:00Z,2026-07-31T11:00:00+0200,49488.72,MW,FR,FR,actual_load,Actual Load,2026-08-09T15:49:09Z
2026-08-09T15:48:21Z,2026-08-09T17:48:21+0200,d1ee186b-63c3-474e-8770-b1ce1a43e356,2026-07-31T09:15:00Z,2026-07-31T11:15:00+0200,49837.4,MW,FR,FR,actual_load,Actual Load,2026-08-09T15:49:09Z
2026-08-09T15:48:21Z,2026-08-09T17:48:21+0200,d1ee186b-63c3-474e-8770-b1ce1a43e356,2026-07-31T09:30:00Z,2026-07-31T11:30:00+0200,49925.71,MW,FR,FR,actual_load,Actual Load,2026-08-09T15:49:09Z
2026-08-09T15:48:21Z,2026-08-09T17:48:21+0200,d1ee186b-63c3-474e-8770-b1ce1a43e356,2026-07-31T09:45:00Z,2026-07-31T11:45:00+0200,50667.17,MW,FR,FR,actual_load,Actual Load,2026-08-09T15:49:09Z
2026-08-09T15:48:21Z,2026-08-09T17:48:21+0200,d1ee186b-63c3-474e-8770-b1ce1a43e356,2026-07-31T10:00:00Z,2026-07-31T12:00:00+0200,51138.16,MW,FR,FR,actual_load,Actual Load,2026-08-09T15:49:09Z
2026-08-09T15:48:21Z,2026-08-09T17:48:21+0200,d1ee186b-63c3-474e-8770-b1ce1a43e356,2026-07-31T10:15:00Z,2026-07-31T12:15:00+0200,51243.33,MW,FR,FR,actual_load,Actual Load,2026-08-09T15:49:09Z
2026-08-09T15:48:21Z,2026-08-09T17:48:21+0200,d1ee186b-63c3-474e-8770-b1ce1a43e356,2026-07-31T10:30:00Z,2026-07-31T12:30:00+0200,51627.82,MW,FR,FR,actual_load,Actual Load,2026-08-09T15:49:09Z
2026-08-09T15:48:21Z,2026-08-09T17:48:21+0200,d1ee186b-63c3-474e-8770-b1ce1a43e356,2026-07-31T10:45:00Z,2026-07-31T12:45:00+0200,51373.86,MW,FR,FR,actual_load,Actual Load,2026-08-09T15:49:09Z
2026-08-09T15:48:21Z,2026-08-09T17:48:21+0200,d1ee186b-63c3-474e-8770-b1ce1a43e356,2026-07-31T11:00:00Z,2026-07-31T13:00:00+0200,50638.56,MW,FR,FR,actual_load,Actual Load,2026-08-09T15:49:09Z
2026-08-09T15:48:21Z,2026-08-09T17:48:21+0200,d1ee186b-63c3-474e-8770-b1ce1a43e356,2026-07-31T11:15:00Z,2026-07-31T13:15:00+0200,50408.23,MW,FR,FR,actual_load,Actual Load,2026-08-09T15:49:09Z
2026-08-09T15:48:21Z,2026-08-09T17:48:21+0200,d1ee186b-63c3-474e-8770-b1ce1a43e356,2026-07-31T11:30:00Z,2026-07-31T13:30:00+0200,50208.54,MW,FR,FR,actual_load,Actual Load,2026-08-09T15:49:09Z
2026-08-09T15:48:21Z,2026-08-09T17:48:21+0200,d1ee186b-63c3-474e-8770-b1ce1a43e356,2026-07-31T11:45:00Z,2026-07-31T13:45:00+0200,50324.86,MW,FR,FR,actual_load,Actual Load,2026-08-09T15:49:09Z
2026-08-09T15:48:21Z,2026-08-09T17:48:21+0200,d1ee186b-63c3-474e-8770-b1ce1a43e356,2026-07-31T12:00:00Z,2026-07-31T14:00:00+0200,51286.21,MW,FR,FR,actual_load,Actual Load,2026-08-09T15:49:09Z
2026-08-09T15:48:21Z,2026-08-09T17:48:21+0200,d1ee186b-63c3-474e-8770-b1ce1a43e356,2026-07-31T12:15:00Z,2026-07-31T14:15:00+0200,51270.02,MW,FR,FR,actual_load,Actual Load,2026-08-09T15:49:09Z
2026-08-09T15:48:21Z,2026-08-09T17:48:21+0200,d1ee186b-63c3-474e-8770-b1ce1a43e356,2026-07-31T12:30:00Z,2026-07-31T14:30:00+0200,51215.66,MW,FR,FR,actual_load,Actual Load,2026-08-09T15:49:09Z
2026-08-09T15:48:21Z,2026-08-09T17:48:21+0200,d1ee186b-63c3-474e-8770-b1ce1a43e356,2026-07-31T12:45:00Z,2026-07-31T14:45:00+0200,50782.19,MW,FR,FR,actual_load,Actual Load,2026-08-09T15:49:09Z
2026-08-09T15:48:21Z,2026-08-09T17:48:21+0200,d1ee186b-63c3-474e-8770-b1ce1a43e356,2026-07-31T13:00:00Z,2026-07-31T15:00:00+0200,50464.81,MW,FR,FR,actual_load,Actual Load,2026-08-09T15:49:09Z
2026-08-09T15:48:21Z,2026-08-09T17:48:21+0200,d1ee186b-63c3-474e-8770-b1ce1a43e356,2026-07-31T13:15:00Z,2026-07-31T15:15:00+0200,49899.12,MW,FR,FR,actual_load,Actual Load,2026-08-09T15:49:09Z
2026-08-09T15:48:21Z,2026-08-09T17:48:21+0200,d1ee186b-63c3-474e-8770-b1ce1a43e356,2026-07-31T13:30:00Z,2026-07-31T15:30:00+0200,49478.31,MW,FR,FR,actual_load,Actual Load,2026-08-09T15:49:09Z
2026-08-09T15:48:21Z,2026-08-09T17:48:21+0200,d1ee186b-63c3-474e-8770-b1ce1a43e356,2026-07-31T13:45:00Z,2026-07-31T15:45:00+0200,48997.69,MW,FR,FR,actual_load,Actual Load,2026-08-09T15:49:09Z
2026-08-09T15:48:21Z,2026-08-09T17:48:21+0200,d1ee186b-63c3-474e-8770-b1ce1a43e356,2026-07-31T14:00:00Z,2026-07-31T16:00:00+0200,48967.96,MW,FR,FR,actual_load,Actual Load,2026-08-09T15:49:09Z
2026-08-09T15:48:21Z,2026-08-09T17:48:21+0200,d1ee186b-63c3-474e-8770-b1ce1a43e356,2026-07-31T14:15:00Z,2026-07-31T16:15:00+0200,48813.67,MW,FR,FR,actual_load,Actual Load,2026-08-09T15:49:09Z
2026-08-09T15:48:21Z,2026-08-09T17:48:21+0200,d1ee186b-63c3-474e-8770-b1ce1a43e356,2026-07-31T14:30:00Z,2026-07-31T16:30:00+0200,48693.75,MW,FR,FR,actual_load,Actual Load,2026-08-09T15:49:09Z
2026-08-09T15:48:21Z,2026-08-09T17:48:21+0200,d1ee186b-63c3-474e-8770-b1ce1a43e356,2026-07-31T14:45:00Z,2026-07-31T16:45:00+0200,48664.39,MW,FR,FR,actual_load,Actual Load,2026-08-09T15:49:09Z
2026-08-09T15:48:21Z,2026-08-09T17:48:21+0200,d1ee186b-63c3-474e-8770-b1ce1a43e356,2026-07-31T15:00:00Z,2026-07-31T17:00:00+0200,48416.11,MW,FR,FR,actual_load,Actual Load,2026-08-09T15:49:09Z
2026-08-09T15:48:21Z,2026-08-09T17:48:21+0200,d1ee186b-63c3-474e-8770-b1ce1a43e356,2026-07-31T15:15:00Z,2026-07-31T17:15:00+0200,48512.34,MW,FR,FR,actual_load,Actual Load,2026-08-09T15:49:09Z
2026-08-09T15:48:21Z,2026-08-09T17:48:21+0200,d1ee186b-63c3-474e-8770-b1ce1a43e356,2026-07-31T15:30:00Z,2026-07-31T17:30:00+0200,48431.86,MW,FR,FR,actual_load,Actual Load,2026-08-09T15:49:09Z
2026-08-09T15:48:21Z,2026-08-09T17:48:21+0200,d1ee186b-63c3-474e-8770-b1ce1a43e356,2026-07-31T15:45:00Z,2026-07-31T17:45:00+0200,48530.13,MW,FR,FR,actual_load,Actual Load,2026-08-09T15:49:09Z
2026-08-09T15:48:21Z,2026-08-09T17:48:21+0200,d1ee186b-63c3-474e-8770-b1ce1a43e356,2026-07-31T16:00:00Z,2026-07-31T18:00:00+0200,48443.17,MW,FR,FR,actual_load,Actual Load,2026-08-09T15:49:09Z
2026-08-09T15:48:21Z,2026-08-09T17:48:21+0200,d1ee186b-63c3-474e-8770-b1ce1a43e356,2026-07-31T16:15:00Z,2026-07-31T18:15:00+0200,48322.87,MW,FR,FR,actual_load,Actual Load,2026-08-09T15:49:09Z
2026-08-09T15:48:21Z,2026-08-09T17:48:21+0200,d1ee186b-63c3-474e-8770-b1ce1a43e356,2026-07-31T16:30:00Z,2026-07-31T18:30:00+0200,48390.42,MW,FR,FR,actual_load,Actual Load,2026-08-09T15:49:09Z
2026-08-09T15:48:21Z,2026-08-09T17:48:21+0200,d1ee186b-63c3-474e-8770-b1ce1a43e356,2026-07-31T16:45:00Z,2026-07-31T18:45:00+0200,48574.33,MW,FR,FR,actual_load,Actual Load,2026-08-09T15:49:09Z
2026-08-09T15:48:21Z,2026-08-09T17:48:21+0200,d1ee186b-63c3-474e-8770-b1ce1a43e356,2026-07-31T17:00:00Z,2026-07-31T19:00:00+0200,48353.64,MW,FR,FR,actual_load,Actual Load,2026-08-09T15:49:09Z
2026-08-09T15:48:21Z,2026-08-09T17:48:21+0200,d1ee186b-63c3-474e-8770-b1ce1a43e356,2026-07-31T17:15:00Z,2026-07-31T19:15:00+0200,48206.57,MW,FR,FR,actual_load,Actual Load,2026-08-09T15:49:09Z
2026-08-09T15:48:21Z,2026-08-09T17:48:21+0200,d1ee186b-63c3-474e-8770-b1ce1a43e356,2026-07-31T17:30:00Z,2026-07-31T19:30:00+0200,47876.27,MW,FR,FR,actual_load,Actual Load,2026-08-09T15:49:09Z
2026-08-09T15:48:21Z,2026-08-09T17:48:21+0200,d1ee186b-63c3-474e-8770-b1ce1a43e356,2026-07-31T17:45:00Z,2026-07-31T19:45:00+0200,47321.98,MW,FR,FR,actual_load,Actual Load,2026-08-09T15:49:09Z
2026-08-09T15:48:21Z,2026-08-09T17:48:21+0200,d1ee186b-63c3-474e-8770-b1ce1a43e356,2026-07-31T18:00:00Z,2026-07-31T20:00:00+0200,46815.17,MW,FR,FR,actual_load,Actual Load,2026-08-09T15:49:09Z
2026-08-09T15:48:21Z,2026-08-09T17:48:21+0200,d1ee186b-63c3-474e-8770-b1ce1a43e356,2026-07-31T18:15:00Z,2026-07-31T20:15:00+0200,46048.15,MW,FR,FR,actual_load,Actual Load,2026-08-09T15:49:09Z
2026-08-09T15:48:21Z,2026-08-09T17:48:21+0200,d1ee186b-63c3-474e-8770-b1ce1a43e356,2026-07-31T18:30:00Z,2026-07-31T20:30:00+0200,45428.5,MW,FR,FR,actual_load,Actual Load,2026-08-09T15:49:09Z
2026-08-09T15:48:21Z,2026-08-09T17:48:21+0200,d1ee186b-63c3-474e-8770-b1ce1a43e356,2026-07-31T18:45:00Z,2026-07-31T20:45:00+0200,44906.55,MW,FR,FR,actual_load,Actual Load,2026-08-09T15:49:09Z
2026-08-09T15:48:21Z,2026-08-09T17:48:21+0200,d1ee186b-63c3-474e-8770-b1ce1a43e356,2026-07-31T19:00:00Z,2026-07-31T21:00:00+0200,44995.86,MW,FR,FR,actual_load,Actual Load,2026-08-09T15:49:09Z
2026-08-09T15:48:21Z,2026-08-09T17:48:21+0200,d1ee186b-63c3-474e-8770-b1ce1a43e356,2026-07-31T19:15:00Z,2026-07-31T21:15:00+0200,44614.92,MW,FR,FR,actual_load,Actual Load,2026-08-09T15:49:09Z
2026-08-09T15:48:21Z,2026-08-09T17:48:21+0200,d1ee186b-63c3-474e-8770-b1ce1a43e356,2026-07-31T19:30:00Z,2026-07-31T21:30:00+0200,44536.35,MW,FR,FR,actual_load,Actual Load,2026-08-09T15:49:09Z
2026-08-09T15:48:21Z,2026-08-09T17:48:21+0200,d1ee186b-63c3-474e-8770-b1ce1a43e356,2026-07-31T19:45:00Z,2026-07-31T21:45:00+0200,44358.95,MW,FR,FR,actual_load,Actual Load,2026-08-09T15:49:09Z
2026-08-09T15:48:21Z,2026-08-09T17:48:21+0200,d1ee186b-63c3-474e-8770-b1ce1a43e356,2026-07-31T20:00:00Z,2026-07-31T22:00:00+0200,45433.27,MW,FR,FR,actual_load,Actual Load,2026-08-09T15:49:09Z
2026-08-09T15:48:21Z,2026-08-09T17:48:21+0200,d1ee186b-63c3-474e-8770-b1ce1a43e356,2026-07-31T20:15:00Z,2026-07-31T22:15:00+0200,45133.84,MW,FR,FR,actual_load,Actual Load,2026-08-09T15:49:09Z
2026-08-09T15:48:21Z,2026-08-09T17:48:21+0200,d1ee186b-63c3-474e-8770-b1ce1a43e356,2026-07-31T20:30:00Z,2026-07-31T22:30:00+0200,46075.03,MW,FR,FR,actual_load,Actual Load,2026-08-09T15:49:09Z
2026-08-09T15:48:21Z,2026-08-09T17:48:21+0200,d1ee186b-63c3-474e-8770-b1ce1a43e356,2026-07-31T20:45:00Z,2026-07-31T22:45:00+0200,45465.73,MW,FR,FR,actual_load,Actual Load,2026-08-09T15:49:09Z
2026-08-09T15:48:21Z,2026-08-09T17:48:21+0200,d1ee186b-63c3-474e-8770-b1ce1a43e356,2026-07-31T21:00:00Z,2026-07-31T23:00:00+0200,45194.65,MW,FR,FR,actual_load,Actual Load,2026-08-09T15:49:09Z
2026-08-09T15:48:21Z,2026-08-09T17:48:21+0200,d1ee186b-63c3-474e-8770-b1ce1a43e356,2026-07-31T21:15:00Z,2026-07-31T23:15:00+0200,44192.46,MW,FR,FR,actual_load,Actual Load,2026-08-09T15:49:09Z
2026-08-09T15:48:21Z,2026-08-09T17:48:21+0200,d1ee186b-63c3-474e-8770-b1ce1a43e356,2026-07-31T21:30:00Z,2026-07-31T23:30:00+0200,44271.23,MW,FR,FR,actual_load,Actual Load,2026-08-09T15:49:09Z
2026-08-09T15:48:21Z,2026-08-09T17:48:21+0200,d1ee186b-63c3-474e-8770-b1ce1a43e356,2026-07-31T21:45:00Z,2026-07-31T23:45:00+0200,43256.43,MW,FR,FR,actual_load,Actual Load,2026-08-09T15:49:09Z
2026-08-09T15:48:21Z,2026-08-09T17:48:21+0200,d1ee186b-63c3-474e-8770-b1ce1a43e356,2026-07-31T22:00:00Z,2026-08-01T00:00:00+0200,43252.57,MW,FR,FR,actual_load,Actual Load,2026-08-09T15:49:09Z
2026-08-09T15:48:21Z,2026-08-09T17:48:21+0200,d1ee186b-63c3-474e-8770-b1ce1a43e356,2026-07-31T22:15:00Z,2026-08-01T00:15:00+0200,42135.03,MW,FR,FR,actual_load,Actual Load,2026-08-09T15:49:09Z
2026-08-09T15:48:21Z,2026-08-09T17:48:21+0200,d1ee186b-63c3-474e-8770-b1ce1a43e356,2026-07-31T22:30:00Z,2026-08-01T00:30:00+0200,40833.91,MW,FR,FR,actual_load,Actual Load,2026-08-09T15:49:09Z
2026-08-09T15:48:21Z,2026-08-09T17:48:21+0200,d1ee186b-63c3-474e-8770-b1ce1a43e356,2026-07-31T22:45:00Z,2026-08-01T00:45:00+0200,39927.84,MW,FR,FR,actual_load,Actual Load,2026-08-09T15:49:09Z
2026-08-09T15:48:21Z,2026-08-09T17:48:21+0200,d1ee186b-63c3-474e-8770-b1ce1a43e356,2026-07-31T23:00:00Z,2026-08-01T01:00:00+0200,40296.89,MW,FR,FR,actual_load,Actual Load,2026-08-09T15:49:09Z
2026-08-09T15:48:21Z,2026-08-09T17:48:21+0200,d1ee186b-63c3-474e-8770-b1ce1a43e356,2026-07-31T23:15:00Z,2026-08-01T01:15:00+0200,39703.54,MW,FR,FR,actual_load,Actual Load,2026-08-09T15:49:09Z
2026-08-09T15:48:21Z,2026-08-09T17:48:21+0200,d1ee186b-63c3-474e-8770-b1ce1a43e356,2026-07-31T23:30:00Z,2026-08-01T01:30:00+0200,39507.48,MW,FR,FR,actual_load,Actual Load,2026-08-09T15:49:09Z
2026-08-09T15:48:21Z,2026-08-09T17:48:21+0200,d1ee186b-63c3-474e-8770-b1ce1a43e356,2026-07-31T23:45:00Z,2026-08-01T01:45:00+0200,38746.88,MW,FR,FR,actual_load,Actual Load,2026-08-09T15:49:09Z
2026-08-09T15:48:21Z,2026-08-09T17:48:21+0200,d1ee186b-63c3-474e-8770-b1ce1a43e356,2026-08-01T00:00:00Z,2026-08-01T02:00:00+0200,38415.59,MW,FR,FR,actual_load,Actual Load,2026-08-09T15:49:09Z
2026-08-09T15:48:21Z,2026-08-09T17:48:21+0200,d1ee186b-63c3-474e-8770-b1ce1a43e356,2026-08-01T00:15:00Z,2026-08-01T02:15:00+0200,37533.52,MW,FR,FR,actual_load,Actual Load,2026-08-09T15:49:09Z
2026-08-09T15:48:21Z,2026-08-09T17:48:21+0200,d1ee186b-63c3-474e-8770-b1ce1a43e356,2026-08-01T00:30:00Z,2026-08-01T02:30:00+0200,36799.39,MW,FR,FR,actual_load,Actual Load,2026-08-09T15:49:09Z
2026-08-09T15:48:21Z,2026-08-09T17:48:21+0200,d1ee186b-63c3-474e-8770-b1ce1a43e356,2026-08-01T00:45:00Z,2026-08-01T02:45:00+0200,36099.23,MW,FR,FR,actual_load,Actual Load,2026-08-09T15:49:09Z
2026-08-09T15:48:21Z,2026-08-09T17:48:21+0200,d1ee186b-63c3-474e-8770-b1ce1a43e356,2026-08-01T01:00:00Z,2026-08-01T03:00:00+0200,35634.39,MW,FR,FR,actual_load,Actual Load,2026-08-09T15:49:09Z
2026-08-09T15:48:21Z,2026-08-09T17:48:21+0200,d1ee186b-63c3-474e-8770-b1ce1a43e356,2026-08-01T01:15:00Z,2026-08-01T03:15:00+0200,35195.55,MW,FR,FR,actual_load,Actual Load,2026-08-09T15:49:09Z
2026-08-09T15:48:21Z,2026-08-09T17:48:21+0200,d1ee186b-63c3-474e-8770-b1ce1a43e356,2026-08-01T01:30:00Z,2026-08-01T03:30:00+0200,35011.43,MW,FR,FR,actual_load,Actual Load,2026-08-09T15:49:09Z
2026-08-09T15:48:21Z,2026-08-09T17:48:21+0200,d1ee186b-63c3-474e-8770-b1ce1a43e356,2026-08-01T01:45:00Z,2026-08-01T03:45:00+0200,34684.33,MW,FR,FR,actual_load,Actual Load,2026-08-09T15:49:09Z
2026-08-09T15:48:21Z,2026-08-09T17:48:21+0200,d1ee186b-63c3-474e-8770-b1ce1a43e356,2026-08-01T02:00:00Z,2026-08-01T04:00:00+0200,34635.18,MW,FR,FR,actual_load,Actual Load,2026-08-09T15:49:09Z
2026-08-09T15:48:21Z,2026-08-09T17:48:21+0200,d1ee186b-63c3-474e-8770-b1ce1a43e356,2026-08-01T02:15:00Z,2026-08-01T04:15:00+0200,34468.25,MW,FR,FR,actual_load,Actual Load,2026-08-09T15:49:09Z
2026-08-09T15:48:21Z,2026-08-09T17:48:21+0200,d1ee186b-63c3-474e-8770-b1ce1a43e356,2026-08-01T02:30:00Z,2026-08-01T04:30:00+0200,34239.93,MW,FR,FR,actual_load,Actual Load,2026-08-09T15:49:09Z
2026-08-09T15:48:21Z,2026-08-09T17:48:21+0200,d1ee186b-63c3-474e-8770-b1ce1a43e356,2026-08-01T02:45:00Z,2026-08-01T04:45:00+0200,34076.48,MW,FR,FR,actual_load,Actual Load,2026-08-09T15:49:09Z
2026-08-09T15:48:21Z,2026-08-09T17:48:21+0200,d1ee186b-63c3-474e-8770-b1ce1a43e356,2026-08-01T03:00:00Z,2026-08-01T05:00:00+0200,34292.19,MW,FR,FR,actual_load,Actual Load,2026-08-09T15:49:09Z
2026-08-09T15:48:21Z,2026-08-09T17:48:21+0200,d1ee186b-63c3-474e-8770-b1ce1a43e356,2026-08-01T03:15:00Z,2026-08-01T05:15:00+0200,34284.27,MW,FR,FR,actual_load,Actual Load,2026-08-09T15:49:09Z
2026-08-09T15:48:21Z,2026-08-09T17:48:21+0200,d1ee186b-63c3-474e-8770-b1ce1a43e356,2026-08-01T03:30:00Z,2026-08-01T05:30:00+0200,34365.76,MW,FR,FR,actual_load,Actual Load,2026-08-09T15:49:09Z
2026-08-09T15:48:21Z,2026-08-09T17:48:21+0200,d1ee186b-63c3-474e-8770-b1ce1a43e356,2026-08-01T03:45:00Z,2026-08-01T05:45:00+0200,34500.95,MW,FR,FR,actual_load,Actual Load,2026-08-09T15:49:09Z
2026-08-09T15:48:21Z,2026-08-09T17:48:21+0200,d1ee186b-63c3-474e-8770-b1ce1a43e356,2026-08-01T04:00:00Z,2026-08-01T06:00:00+0200,34707.34,MW,FR,FR,actual_load,Actual Load,2026-08-09T15:49:09Z
2026-08-09T15:48:21Z,2026-08-09T17:48:21+0200,d1ee186b-63c3-474e-8770-b1ce1a43e356,2026-08-01T04:15:00Z,2026-08-01T06:15:00+0200,34615.59,MW,FR,FR,actual_load,Actual Load,2026-08-09T15:49:09Z
2026-08-09T15:48:21Z,2026-08-09T17:48:21+0200,d1ee186b-63c3-474e-8770-b1ce1a43e356,2026-08-01T04:30:00Z,2026-08-01T06:30:00+0200,34615.98,MW,FR,FR,actual_load,Actual Load,2026-08-09T15:49:09Z
2026-08-09T15:48:21Z,2026-08-09T17:48:21+0200,d1ee186b-63c3-474e-8770-b1ce1a43e356,2026-08-01T04:45:00Z,2026-08-01T06:45:00+0200,34651.63,MW,FR,FR,actual_load,Actual Load,2026-08-09T15:49:09Z
2026-08-09T15:48:21Z,2026-08-09T17:48:21+0200,d1ee186b-63c3-474e-8770-b1ce1a43e356,2026-08-01T05:00:00Z,2026-08-01T07:00:00+0200,34758.79,MW,FR,FR,actual_load,Actual Load,2026-08-09T15:49:09Z
2026-08-09T15:48:21Z,2026-08-09T17:48:21+0200,d1ee186b-63c3-474e-8770-b1ce1a43e356,2026-08-01T05:15:00Z,2026-08-01T07:15:00+0200,34911.34,MW,FR,FR,actual_load,Actual Load,2026-08-09T15:49:09Z
2026-08-09T15:48:21Z,2026-08-09T17:48:21+0200,d1ee186b-63c3-474e-8770-b1ce1a43e356,2026-08-01T05:30:00Z,2026-08-01T07:30:00+0200,35159.39,MW,FR,FR,actual_load,Actual Load,2026-08-09T15:49:09Z
2026-08-09T15:48:21Z,2026-08-09T17:48:21+0200,d1ee186b-63c3-474e-8770-b1ce1a43e356,2026-08-01T05:45:00Z,2026-08-01T07:45:00+0200,35428.45,MW,FR,FR,actual_load,Actual Load,2026-08-09T15:49:09Z
2026-08-09T15:48:21Z,2026-08-09T17:48:21+0200,d1ee186b-63c3-474e-8770-b1ce1a43e356,2026-08-01T06:00:00Z,2026-08-01T08:00:00+0200,35988.33,MW,FR,FR,actual_load,Actual Load,2026-08-09T15:49:09Z
2026-08-09T15:48:21Z,2026-08-09T17:48:21+0200,d1ee186b-63c3-474e-8770-b1ce1a43e356,2026-08-01T06:15:00Z,2026-08-01T08:15:00+0200,36281.31,MW,FR,FR,actual_load,Actual Load,2026-08-09T15:49:09Z
2026-08-09T15:48:21Z,2026-08-09T17:48:21+0200,d1ee186b-63c3-474e-8770-b1ce1a43e356,2026-08-01T06:30:00Z,2026-08-01T08:30:00+0200,36902.37,MW,FR,FR,actual_load,Actual Load,2026-08-09T15:49:09Z
2026-08-09T15:48:21Z,2026-08-09T17:48:21+0200,d1ee186b-63c3-474e-8770-b1ce1a43e356,2026-08-01T06:45:00Z,2026-08-01T08:45:00+0200,37382.23,MW,FR,FR,actual_load,Actual Load,2026-08-09T15:49:09Z
2026-08-09T15:48:21Z,2026-08-09T17:48:21+0200,d1ee186b-63c3-474e-8770-b1ce1a43e356,2026-08-01T07:00:00Z,2026-08-01T09:00:00+0200,38279.67,MW,FR,FR,actual_load,Actual Load,2026-08-09T15:49:09Z
2026-08-09T15:48:21Z,2026-08-09T17:48:21+0200,d1ee186b-63c3-474e-8770-b1ce1a43e356,2026-08-01T07:15:00Z,2026-08-01T09:15:00+0200,38742.46,MW,FR,FR,actual_load,Actual Load,2026-08-09T15:49:09Z
2026-08-09T15:48:21Z,2026-08-09T17:48:21+0200,d1ee186b-63c3-474e-8770-b1ce1a43e356,2026-08-01T07:30:00Z,2026-08-01T09:30:00+0200,39332.25,MW,FR,FR,actual_load,Actual Load,2026-08-09T15:49:09Z
2026-08-09T15:48:21Z,2026-08-09T17:48:21+0200,d1ee186b-63c3-474e-8770-b1ce1a43e356,2026-08-01T07:45:00Z,2026-08-01T09:45:00+0200,39626.68,MW,FR,FR,actual_load,Actual Load,2026-08-09T15:49:09Z
2026-08-09T15:48:21Z,2026-08-09T17:48:21+0200,d1ee186b-63c3-474e-8770-b1ce1a43e356,2026-08-01T08:00:00Z,2026-08-01T10:00:00+0200,40296.19,MW,FR,FR,actual_load,Actual Load,2026-08-09T15:49:09Z
2026-08-09T15:48:21Z,2026-08-09T17:48:21+0200,d1ee186b-63c3-474e-8770-b1ce1a43e356,2026-08-01T08:15:00Z,2026-08-01T10:15:00+0200,40608.86,MW,FR,FR,actual_load,Actual Load,2026-08-09T15:49:09Z
2026-08-09T15:48:21Z,2026-08-09T17:48:21+0200,d1ee186b-63c3-474e-8770-b1ce1a43e356,2026-08-01T08:30:00Z,2026-08-01T10:30:00+0200,41023.94,MW,FR,FR,actual_load,Actual Load,2026-08-09T15:49:09Z
2026-08-09T15:48:21Z,2026-08-09T17:48:21+0200,d1ee186b-63c3-474e-8770-b1ce1a43e356,2026-08-01T08:45:00Z,2026-08-01T10:45:00+0200,41409.39,MW,FR,FR,actual_load,Actual Load,2026-08-09T15:49:09Z
2026-08-09T15:48:21Z,2026-08-09T17:48:21+0200,d1ee186b-63c3-474e-8770-b1ce1a43e356,2026-08-01T09:00:00Z,2026-08-01T11:00:00+0200,41814.17,MW,FR,FR,actual_load,Actual Load,2026-08-09T15:49:09Z
2026-08-09T15:48:21Z,2026-08-09T17:48:21+0200,d1ee186b-63c3-474e-8770-b1ce1a43e356,2026-08-01T09:15:00Z,2026-08-01T11:15:00+0200,42410.25,MW,FR,FR,actual_load,Actual Load,2026-08-09T15:49:09Z
2026-08-09T15:48:21Z,2026-08-09T17:48:21+0200,d1ee186b-63c3-474e-8770-b1ce1a43e356,2026-08-01T09:30:00Z,2026-08-01T11:30:00+0200,42921.07,MW,FR,FR,actual_load,Actual Load,2026-08-09T15:49:09Z
2026-08-09T15:48:21Z,2026-08-09T17:48:21+0200,d1ee186b-63c3-474e-8770-b1ce1a43e356,2026-08-01T09:45:00Z,2026-08-01T11:45:00+0200,43516.38,MW,FR,FR,actual_load,Actual Load,2026-08-09T15:49:09Z
2026-08-09T15:48:21Z,2026-08-09T17:48:21+0200,d1ee186b-63c3-474e-8770-b1ce1a43e356,2026-08-01T10:00:00Z,2026-08-01T12:00:00+0200,44239.61,MW,FR,FR,actual_load,Actual Load,2026-08-09T15:49:09Z
2026-08-09T15:48:21Z,2026-08-09T17:48:21+0200,d1ee186b-63c3-474e-8770-b1ce1a43e356,2026-08-01T10:15:00Z,2026-08-01T12:15:00+0200,44664.53,MW,FR,FR,actual_load,Actual Load,2026-08-09T15:49:09Z
2026-08-09T15:48:21Z,2026-08-09T17:48:21+0200,d1ee186b-63c3-474e-8770-b1ce1a43e356,2026-08-01T10:30:00Z,2026-08-01T12:30:00+0200,45398.27,MW,FR,FR,actual_load,Actual Load,2026-08-09T15:49:09Z
2026-08-09T15:48:21Z,2026-08-09T17:48:21+0200,d1ee186b-63c3-474e-8770-b1ce1a43e356,2026-08-01T10:45:00Z,2026-08-01T12:45:00+0200,44860.22,MW,FR,FR,actual_load,Actual Load,2026-08-09T15:49:09Z
2026-08-09T15:48:21Z,2026-08-09T17:48:21+0200,d1ee186b-63c3-474e-8770-b1ce1a43e356,2026-08-01T11:00:00Z,2026-08-01T13:00:00+0200,44584.62,MW,FR,FR,actual_load,Actual Load,2026-08-09T15:49:09Z
2026-08-09T15:48:21Z,2026-08-09T17:48:21+0200,d1ee186b-63c3-474e-8770-b1ce1a43e356,2026-08-01T11:15:00Z,2026-08-01T13:15:00+0200,44088.74,MW,FR,FR,actual_load,Actual Load,2026-08-09T15:49:09Z
2026-08-09T15:48:21Z,2026-08-09T17:48:21+0200,d1ee186b-63c3-474e-8770-b1ce1a43e356,2026-08-01T11:30:00Z,2026-08-01T13:30:00+0200,43863.73,MW,FR,FR,actual_load,Actual Load,2026-08-09T15:49:09Z
2026-08-09T15:48:21Z,2026-08-09T17:48:21+0200,d1ee186b-63c3-474e-8770-b1ce1a43e356,2026-08-01T11:45:00Z,2026-08-01T13:45:00+0200,43921.78,MW,FR,FR,actual_load,Actual Load,2026-08-09T15:49:09Z
2026-08-09T15:48:21Z,2026-08-09T17:48:21+0200,d1ee186b-63c3-474e-8770-b1ce1a43e356,2026-08-01T12:00:00Z,2026-08-01T14:00:00+0200,44581.46,MW,FR,FR,actual_load,Actual Load,2026-08-09T15:49:09Z
2026-08-09T15:48:21Z,2026-08-09T17:48:21+0200,d1ee186b-63c3-474e-8770-b1ce1a43e356,2026-08-01T12:15:00Z,2026-08-01T14:15:00+0200,44556.71,MW,FR,FR,actual_load,Actual Load,2026-08-09T15:49:09Z
2026-08-09T15:48:21Z,2026-08-09T17:48:21+0200,d1ee186b-63c3-474e-8770-b1ce1a43e356,2026-08-01T12:30:00Z,2026-08-01T14:30:00+0200,44413.61,MW,FR,FR,actual_load,Actual Load,2026-08-09T15:49:09Z
2026-08-09T15:48:21Z,2026-08-09T17:48:21+0200,d1ee186b-63c3-474e-8770-b1ce1a43e356,2026-08-01T12:45:00Z,2026-08-01T14:45:00+0200,44526.73,MW,FR,FR,actual_load,Actual Load,2026-08-09T15:49:09Z
2026-08-09T15:48:21Z,2026-08-09T17:48:21+0200,d1ee186b-63c3-474e-8770-b1ce1a43e356,2026-08-01T13:00:00Z,2026-08-01T15:00:00+0200,44470.91,MW,FR,FR,actual_load,Actual Load,2026-08-09T15:49:09Z
2026-08-09T15:48:21Z,2026-08-09T17:48:21+0200,d1ee186b-63c3-474e-8770-b1ce1a43e356,2026-08-01T13:15:00Z,2026-08-01T15:15:00+0200,43675.55,MW,FR,FR,actual_load,Actual Load,2026-08-09T15:49:09Z
2026-08-09T15:48:21Z,2026-08-09T17:48:21+0200,d1ee186b-63c3-474e-8770-b1ce1a43e356,2026-08-01T13:30:00Z,2026-08-01T15:30:00+0200,43397.21,MW,FR,FR,actual_load,Actual Load,2026-08-09T15:49:09Z
2026-08-09T15:48:21Z,2026-08-09T17:48:21+0200,d1ee186b-63c3-474e-8770-b1ce1a43e356,2026-08-01T13:45:00Z,2026-08-01T15:45:00+0200,43114.73,MW,FR,FR,actual_load,Actual Load,2026-08-09T15:49:09Z
2026-08-09T15:48:21Z,2026-08-09T17:48:21+0200,d1ee186b-63c3-474e-8770-b1ce1a43e356,2026-08-01T14:00:00Z,2026-08-01T16:00:00+0200,43033.21,MW,FR,FR,actual_load,Actual Load,2026-08-09T15:49:09Z
2026-08-09T15:48:21Z,2026-08-09T17:48:21+0200,d1ee186b-63c3-474e-8770-b1ce1a43e356,2026-08-01T14:15:00Z,2026-08-01T16:15:00+0200,42858.43,MW,FR,FR,actual_load,Actual Load,2026-08-09T15:49:09Z
2026-08-09T15:48:21Z,2026-08-09T17:48:21+0200,d1ee186b-63c3-474e-8770-b1ce1a43e356,2026-08-01T14:30:00Z,2026-08-01T16:30:00+0200,42939.36,MW,FR,FR,actual_load,Actual Load,2026-08-09T15:49:09Z
2026-08-09T15:48:21Z,2026-08-09T17:48:21+0200,d1ee186b-63c3-474e-8770-b1ce1a43e356,2026-08-01T14:45:00Z,2026-08-01T16:45:00+0200,42997.45,MW,FR,FR,actual_load,Actual Load,2026-08-09T15:49:09Z
2026-08-09T15:48:21Z,2026-08-09T17:48:21+0200,d1ee186b-63c3-474e-8770-b1ce1a43e356,2026-08-01T15:00:00Z,2026-08-01T17:00:00+0200,43005.18,MW,FR,FR,actual_load,Actual Load,2026-08-09T15:49:09Z
2026-08-09T15:48:21Z,2026-08-09T17:48:21+0200,d1ee186b-63c3-474e-8770-b1ce1a43e356,2026-08-01T15:15:00Z,2026-08-01T17:15:00+0200,43166.95,MW,FR,FR,actual_load,Actual Load,2026-08-09T15:49:09Z
2026-08-09T15:48:21Z,2026-08-09T17:48:21+0200,d1ee186b-63c3-474e-8770-b1ce1a43e356,2026-08-01T15:30:00Z,2026-08-01T17:30:00+0200,43567.15,MW,FR,FR,actual_load,Actual Load,2026-08-09T15:49:09Z
2026-08-09T15:48:21Z,2026-08-09T17:48:21+0200,d1ee186b-63c3-474e-8770-b1ce1a43e356,2026-08-01T15:45:00Z,2026-08-01T17:45:00+0200,43780.11,MW,FR,FR,actual_load,Actual Load,2026-08-09T15:49:09Z
2026-08-09T15:48:21Z,2026-08-09T17:48:21+0200,d1ee186b-63c3-474e-8770-b1ce1a43e356,2026-08-01T16:00:00Z,2026-08-01T18:00:00+0200,43873.13,MW,FR,FR,actual_load,Actual Load,2026-08-09T15:49:09Z
2026-08-09T15:48:21Z,2026-08-09T17:48:21+0200,d1ee186b-63c3-474e-8770-b1ce1a43e356,2026-08-01T16:15:00Z,2026-08-01T18:15:00+0200,43865.35,MW,FR,FR,actual_load,Actual Load,2026-08-09T15:49:09Z
2026-08-09T15:48:21Z,2026-08-09T17:48:21+0200,d1ee186b-63c3-474e-8770-b1ce1a43e356,2026-08-01T16:30:00Z,2026-08-01T18:30:00+0200,43940.94,MW,FR,FR,actual_load,Actual Load,2026-08-09T15:49:09Z
2026-08-09T15:48:21Z,2026-08-09T17:48:21+0200,d1ee186b-63c3-474e-8770-b1ce1a43e356,2026-08-01T16:45:00Z,2026-08-01T18:45:00+0200,44318.04,MW,FR,FR,actual_load,Actual Load,2026-08-09T15:49:09Z
2026-08-09T15:48:21Z,2026-08-09T17:48:21+0200,d1ee186b-63c3-474e-8770-b1ce1a43e356,2026-08-01T17:00:00Z,2026-08-01T19:00:00+0200,44433.45,MW,FR,FR,actual_load,Actual Load,2026-08-09T15:49:09Z
2026-08-09T15:48:21Z,2026-08-09T17:48:21+0200,d1ee186b-63c3-474e-8770-b1ce1a43e356,2026-08-01T17:15:00Z,2026-08-01T19:15:00+0200,44424.55,MW,FR,FR,actual_load,Actual Load,2026-08-09T15:49:09Z
2026-08-09T15:48:21Z,2026-08-09T17:48:21+0200,d1ee186b-63c3-474e-8770-b1ce1a43e356,2026-08-01T17:30:00Z,2026-08-01T19:30:00+0200,44319.12,MW,FR,FR,actual_load,Actual Load,2026-08-09T15:49:09Z
2026-08-09T15:48:21Z,2026-08-09T17:48:21+0200,d1ee186b-63c3-474e-8770-b1ce1a43e356,2026-08-01T17:45:00Z,2026-08-01T19:45:00+0200,44216.76,MW,FR,FR,actual_load,Actual Load,2026-08-09T15:49:09Z
2026-08-09T15:48:21Z,2026-08-09T17:48:21+0200,d1ee186b-63c3-474e-8770-b1ce1a43e356,2026-08-01T18:00:00Z,2026-08-01T20:00:00+0200,43727.09,MW,FR,FR,actual_load,Actual Load,2026-08-09T15:49:09Z
2026-08-09T15:48:21Z,2026-08-09T17:48:21+0200,d1ee186b-63c3-474e-8770-b1ce1a43e356,2026-08-01T18:15:00Z,2026-08-01T20:15:00+0200,43293.25,MW,FR,FR,actual_load,Actual Load,2026-08-09T15:49:09Z
2026-08-09T15:48:21Z,2026-08-09T17:48:21+0200,d1ee186b-63c3-474e-8770-b1ce1a43e356,2026-08-01T18:30:00Z,2026-08-01T20:30:00+0200,42774.27,MW,FR,FR,actual_load,Actual Load,2026-08-09T15:49:09Z
2026-08-09T15:48:21Z,2026-08-09T17:48:21+0200,d1ee186b-63c3-474e-8770-b1ce1a43e356,2026-08-01T18:45:00Z,2026-08-01T20:45:00+0200,42391.07,MW,FR,FR,actual_load,Actual Load,2026-08-09T15:49:09Z
2026-08-09T15:48:21Z,2026-08-09T17:48:21+0200,d1ee186b-63c3-474e-8770-b1ce1a43e356,2026-08-01T19:00:00Z,2026-08-01T21:00:00+0200,42416.72,MW,FR,FR,actual_load,Actual Load,2026-08-09T15:49:09Z
2026-08-09T15:48:21Z,2026-08-09T17:48:21+0200,d1ee186b-63c3-474e-8770-b1ce1a43e356,2026-08-01T19:15:00Z,2026-08-01T21:15:00+0200,42193.8,MW,FR,FR,actual_load,Actual Load,2026-08-09T15:49:09Z
2026-08-09T15:48:21Z,2026-08-09T17:48:21+0200,d1ee186b-63c3-474e-8770-b1ce1a43e356,2026-08-01T19:30:00Z,2026-08-01T21:30:00+0200,42207.84,MW,FR,FR,actual_load,Actual Load,2026-08-09T15:49:09Z
2026-08-09T15:48:21Z,2026-08-09T17:48:21+0200,d1ee186b-63c3-474e-8770-b1ce1a43e356,2026-08-01T19:45:00Z,2026-08-01T21:45:00+0200,42072.29,MW,FR,FR,actual_load,Actual Load,2026-08-09T15:49:09Z
2026-08-09T15:48:21Z,2026-08-09T17:48:21+0200,d1ee186b-63c3-474e-8770-b1ce1a43e356,2026-08-01T20:00:00Z,2026-08-01T22:00:00+0200,42951.84,MW,FR,FR,actual_load,Actual Load,2026-08-09T15:49:09Z
2026-08-09T15:48:21Z,2026-08-09T17:48:21+0200,d1ee186b-63c3-474e-8770-b1ce1a43e356,2026-08-01T20:15:00Z,2026-08-01T22:15:00+0200,42595.4,MW,FR,FR,actual_load,Actual Load,2026-08-09T15:49:09Z
2026-08-09T15:48:21Z,2026-08-09T17:48:21+0200,d1ee186b-63c3-474e-8770-b1ce1a43e356,2026-08-01T20:30:00Z,2026-08-01T22:30:00+0200,43646.48,MW,FR,FR,actual_load,Actual Load,2026-08-09T15:49:09Z
2026-08-09T15:48:21Z,2026-08-09T17:48:21+0200,d1ee186b-63c3-474e-8770-b1ce1a43e356,2026-08-01T20:45:00Z,2026-08-01T22:45:00+0200,43130.95,MW,FR,FR,actual_load,Actual Load,2026-08-09T15:49:09Z
2026-08-09T15:48:21Z,2026-08-09T17:48:21+0200,d1ee186b-63c3-474e-8770-b1ce1a43e356,2026-08-01T21:00:00Z,2026-08-01T23:00:00+0200,42876.6,MW,FR,FR,actual_load,Actual Load,2026-08-09T15:49:09Z
2026-08-09T15:48:21Z,2026-08-09T17:48:21+0200,d1ee186b-63c3-474e-8770-b1ce1a43e356,2026-08-01T21:15:00Z,2026-08-01T23:15:00+0200,42108.71,MW,FR,FR,actual_load,Actual Load,2026-08-09T15:49:09Z
2026-08-09T15:48:21Z,2026-08-09T17:48:21+0200,d1ee186b-63c3-474e-8770-b1ce1a43e356,2026-08-01T21:30:00Z,2026-08-01T23:30:00+0200,42279.14,MW,FR,FR,actual_load,Actual Load,2026-08-09T15:49:09Z
2026-08-09T15:48:21Z,2026-08-09T17:48:21+0200,d1ee186b-63c3-474e-8770-b1ce1a43e356,2026-08-01T21:45:00Z,2026-08-01T23:45:00+0200,41370.74,MW,FR,FR,actual_load,Actual Load,2026-08-09T15:49:09Z
2026-08-09T15:48:21Z,2026-08-09T17:48:21+0200,d1ee186b-63c3-474e-8770-b1ce1a43e356,2026-08-01T22:00:00Z,2026-08-02T00:00:00+0200,41171.11,MW,FR,FR,actual_load,Actual Load,2026-08-09T15:49:09Z
2026-08-09T15:48:21Z,2026-08-09T17:48:21+0200,d1ee186b-63c3-474e-8770-b1ce1a43e356,2026-08-01T22:15:00Z,2026-08-02T00:15:00+0200,40246.45,MW,FR,FR,actual_load,Actual Load,2026-08-09T15:49:09Z
2026-08-09T15:48:21Z,2026-08-09T17:48:21+0200,d1ee186b-63c3-474e-8770-b1ce1a43e356,2026-08-01T22:30:00Z,2026-08-02T00:30:00+0200,39076.19,MW,FR,FR,actual_load,Actual Load,2026-08-09T15:49:09Z
2026-08-09T15:48:21Z,2026-08-09T17:48:21+0200,d1ee186b-63c3-474e-8770-b1ce1a43e356,2026-08-01T22:45:00Z,2026-08-02T00:45:00+0200,38061.28,MW,FR,FR,actual_load,Actual Load,2026-08-09T15:49:09Z
2026-08-09T15:48:21Z,2026-08-09T17:48:21+0200,d1ee186b-63c3-474e-8770-b1ce1a43e356,2026-08-01T23:00:00Z,2026-08-02T01:00:00+0200,38369.16,MW,FR,FR,actual_load,Actual Load,2026-08-09T15:49:09Z
2026-08-09T15:48:21Z,2026-08-09T17:48:21+0200,d1ee186b-63c3-474e-8770-b1ce1a43e356,2026-08-01T23:15:00Z,2026-08-02T01:15:00+0200,37757.15,MW,FR,FR,actual_load,Actual Load,2026-08-09T15:49:09Z
2026-08-09T15:48:21Z,2026-08-09T17:48:21+0200,d1ee186b-63c3-474e-8770-b1ce1a43e356,2026-08-01T23:30:00Z,2026-08-02T01:30:00+0200,37622.45,MW,FR,FR,actual_load,Actual Load,2026-08-09T15:49:09Z
2026-08-09T15:48:21Z,2026-08-09T17:48:21+0200,d1ee186b-63c3-474e-8770-b1ce1a43e356,2026-08-01T23:45:00Z,2026-08-02T01:45:00+0200,36803.19,MW,FR,FR,actual_load,Actual Load,2026-08-09T15:49:09Z
2026-08-09T15:48:21Z,2026-08-09T17:48:21+0200,d1ee186b-63c3-474e-8770-b1ce1a43e356,2026-08-02T00:00:00Z,2026-08-02T02:00:00+0200,36517.78,MW,FR,FR,actual_load,Actual Load,2026-08-09T15:49:09Z
2026-08-09T15:48:21Z,2026-08-09T17:48:21+0200,d1ee186b-63c3-474e-8770-b1ce1a43e356,2026-08-02T00:15:00Z,2026-08-02T02:15:00+0200,35634.33,MW,FR,FR,actual_load,Actual Load,2026-08-09T15:49:09Z
2026-08-09T15:48:21Z,2026-08-09T17:48:21+0200,d1ee186b-63c3-474e-8770-b1ce1a43e356,2026-08-02T00:30:00Z,2026-08-02T02:30:00+0200,34968.02,MW,FR,FR,actual_load,Actual Load,2026-08-09T15:49:09Z
2026-08-09T15:48:21Z,2026-08-09T17:48:21+0200,d1ee186b-63c3-474e-8770-b1ce1a43e356,2026-08-02T00:45:00Z,2026-08-02T02:45:00+0200,34284.52,MW,FR,FR,actual_load,Actual Load,2026-08-09T15:49:09Z
2026-08-09T15:48:21Z,2026-08-09T17:48:21+0200,d1ee186b-63c3-474e-8770-b1ce1a43e356,2026-08-02T01:00:00Z,2026-08-02T03:00:00+0200,33933.45,MW,FR,FR,actual_load,Actual Load,2026-08-09T15:49:09Z
2026-08-09T15:48:21Z,2026-08-09T17:48:21+0200,d1ee186b-63c3-474e-8770-b1ce1a43e356,2026-08-02T01:15:00Z,2026-08-02T03:15:00+0200,33416.63,MW,FR,FR,actual_load,Actual Load,2026-08-09T15:49:09Z
2026-08-09T15:48:21Z,2026-08-09T17:48:21+0200,d1ee186b-63c3-474e-8770-b1ce1a43e356,2026-08-02T01:30:00Z,2026-08-02T03:30:00+0200,32934.72,MW,FR,FR,actual_load,Actual Load,2026-08-09T15:49:09Z
2026-08-09T15:48:21Z,2026-08-09T17:48:21+0200,d1ee186b-63c3-474e-8770-b1ce1a43e356,2026-08-02T01:45:00Z,2026-08-02T03:45:00+0200,32901.13,MW,FR,FR,actual_load,Actual Load,2026-08-09T15:49:09Z
2026-08-09T15:48:21Z,2026-08-09T17:48:21+0200,d1ee186b-63c3-474e-8770-b1ce1a43e356,2026-08-02T02:00:00Z,2026-08-02T04:00:00+0200,32789.13,MW,FR,FR,actual_load,Actual Load,2026-08-09T15:49:09Z
2026-08-09T15:48:21Z,2026-08-09T17:48:21+0200,d1ee186b-63c3-474e-8770-b1ce1a43e356,2026-08-02T02:15:00Z,2026-08-02T04:15:00+0200,32703.26,MW,FR,FR,actual_load,Actual Load,2026-08-09T15:49:09Z
2026-08-09T15:48:21Z,2026-08-09T17:48:21+0200,d1ee186b-63c3-474e-8770-b1ce1a43e356,2026-08-02T02:30:00Z,2026-08-02T04:30:00+0200,32451.48,MW,FR,FR,actual_load,Actual Load,2026-08-09T15:49:09Z
2026-08-09T15:48:21Z,2026-08-09T17:48:21+0200,d1ee186b-63c3-474e-8770-b1ce1a43e356,2026-08-02T02:45:00Z,2026-08-02T04:45:00+0200,32373.53,MW,FR,FR,actual_load,Actual Load,2026-08-09T15:49:09Z
2026-08-09T15:48:21Z,2026-08-09T17:48:21+0200,d1ee186b-63c3-474e-8770-b1ce1a43e356,2026-08-02T03:00:00Z,2026-08-02T05:00:00+0200,32725.54,MW,FR,FR,actual_load,Actual Load,2026-08-09T15:49:09Z
2026-08-09T15:48:21Z,2026-08-09T17:48:21+0200,d1ee186b-63c3-474e-8770-b1ce1a43e356,2026-08-02T03:15:00Z,2026-08-02T05:15:00+0200,32541.97,MW,FR,FR,actual_load,Actual Load,2026-08-09T15:49:09Z
2026-08-09T15:48:21Z,2026-08-09T17:48:21+0200,d1ee186b-63c3-474e-8770-b1ce1a43e356,2026-08-02T03:30:00Z,2026-08-02T05:30:00+0200,32494.58,MW,FR,FR,actual_load,Actual Load,2026-08-09T15:49:09Z
2026-08-09T15:48:21Z,2026-08-09T17:48:21+0200,d1ee186b-63c3-474e-8770-b1ce1a43e356,2026-08-02T03:45:00Z,2026-08-02T05:45:00+0200,32448.83,MW,FR,FR,actual_load,Actual Load,2026-08-09T15:49:09Z
2026-08-09T15:48:21Z,2026-08-09T17:48:21+0200,d1ee186b-63c3-474e-8770-b1ce1a43e356,2026-08-02T04:00:00Z,2026-08-02T06:00:00+0200,32491.04,MW,FR,FR,actual_load,Actual Load,2026-08-09T15:49:09Z
2026-08-09T15:48:21Z,2026-08-09T17:48:21+0200,d1ee186b-63c3-474e-8770-b1ce1a43e356,2026-08-02T04:15:00Z,2026-08-02T06:15:00+0200,32301.46,MW,FR,FR,actual_load,Actual Load,2026-08-09T15:49:09Z
2026-08-09T15:48:21Z,2026-08-09T17:48:21+0200,d1ee186b-63c3-474e-8770-b1ce1a43e356,2026-08-02T04:30:00Z,2026-08-02T06:30:00+0200,32133.0,MW,FR,FR,actual_load,Actual Load,2026-08-09T15:49:09Z
2026-08-09T15:48:21Z,2026-08-09T17:48:21+0200,d1ee186b-63c3-474e-8770-b1ce1a43e356,2026-08-02T04:45:00Z,2026-08-02T06:45:00+0200,32171.79,MW,FR,FR,actual_load,Actual Load,2026-08-09T15:49:09Z
2026-08-09T15:48:21Z,2026-08-09T17:48:21+0200,d1ee186b-63c3-474e-8770-b1ce1a43e356,2026-08-02T05:00:00Z,2026-08-02T07:00:00+0200,32095.29,MW,FR,FR,actual_load,Actual Load,2026-08-09T15:49:09Z
2026-08-09T15:48:21Z,2026-08-09T17:48:21+0200,d1ee186b-63c3-474e-8770-b1ce1a43e356,2026-08-02T05:15:00Z,2026-08-02T07:15:00+0200,32186.29,MW,FR,FR,actual_load,Actual Load,2026-08-09T15:49:09Z
2026-08-09T15:48:21Z,2026-08-09T17:48:21+0200,d1ee186b-63c3-474e-8770-b1ce1a43e356,2026-08-02T05:30:00Z,2026-08-02T07:30:00+0200,32306.54,MW,FR,FR,actual_load,Actual Load,2026-08-09T15:49:09Z
2026-08-09T15:48:21Z,2026-08-09T17:48:21+0200,d1ee186b-63c3-474e-8770-b1ce1a43e356,2026-08-02T05:45:00Z,2026-08-02T07:45:00+0200,32661.23,MW,FR,FR,actual_load,Actual Load,2026-08-09T15:49:09Z
2026-08-09T15:48:21Z,2026-08-09T17:48:21+0200,d1ee186b-63c3-474e-8770-b1ce1a43e356,2026-08-02T06:00:00Z,2026-08-02T08:00:00+0200,33063.67,MW,FR,FR,actual_load,Actual Load,2026-08-09T15:49:09Z
2026-08-09T15:48:21Z,2026-08-09T17:48:21+0200,d1ee186b-63c3-474e-8770-b1ce1a43e356,2026-08-02T06:15:00Z,2026-08-02T08:15:00+0200,33484.47,MW,FR,FR,actual_load,Actual Load,2026-08-09T15:49:09Z
2026-08-09T15:48:21Z,2026-08-09T17:48:21+0200,d1ee186b-63c3-474e-8770-b1ce1a43e356,2026-08-02T06:30:00Z,2026-08-02T08:30:00+0200,33945.89,MW,FR,FR,actual_load,Actual Load,2026-08-09T15:49:09Z
2026-08-09T15:48:21Z,2026-08-09T17:48:21+0200,d1ee186b-63c3-474e-8770-b1ce1a43e356,2026-08-02T06:45:00Z,2026-08-02T08:45:00+0200,34608.25,MW,FR,FR,actual_load,Actual Load,2026-08-09T15:49:09Z
2026-08-09T15:48:21Z,2026-08-09T17:48:21+0200,d1ee186b-63c3-474e-8770-b1ce1a43e356,2026-08-02T07:00:00Z,2026-08-02T09:00:00+0200,35146.26,MW,FR,FR,actual_load,Actual Load,2026-08-09T15:49:09Z
2026-08-09T15:48:21Z,2026-08-09T17:48:21+0200,d1ee186b-63c3-474e-8770-b1ce1a43e356,2026-08-02T07:15:00Z,2026-08-02T09:15:00+0200,35942.01,MW,FR,FR,actual_load,Actual Load,2026-08-09T15:49:09Z
2026-08-09T15:48:21Z,2026-08-09T17:48:21+0200,d1ee186b-63c3-474e-8770-b1ce1a43e356,2026-08-02T07:30:00Z,2026-08-02T09:30:00+0200,36580.17,MW,FR,FR,actual_load,Actual Load,2026-08-09T15:49:09Z
2026-08-09T15:48:21Z,2026-08-09T17:48:21+0200,d1ee186b-63c3-474e-8770-b1ce1a43e356,2026-08-02T07:45:00Z,2026-08-02T09:45:00+0200,37207.64,MW,FR,FR,actual_load,Actual Load,2026-08-09T15:49:09Z
2026-08-09T15:48:21Z,2026-08-09T17:48:21+0200,d1ee186b-63c3-474e-8770-b1ce1a43e356,2026-08-02T08:00:00Z,2026-08-02T10:00:00+0200,37743.63,MW,FR,FR,actual_load,Actual Load,2026-08-09T15:49:09Z
2026-08-09T15:48:21Z,2026-08-09T17:48:21+0200,d1ee186b-63c3-474e-8770-b1ce1a43e356,2026-08-02T08:15:00Z,2026-08-02T10:15:00+0200,38323.6,MW,FR,FR,actual_load,Actual Load,2026-08-09T15:49:09Z
2026-08-09T15:48:21Z,2026-08-09T17:48:21+0200,d1ee186b-63c3-474e-8770-b1ce1a43e356,2026-08-02T08:30:00Z,2026-08-02T10:30:00+0200,38742.91,MW,FR,FR,actual_load,Actual Load,2026-08-09T15:49:09Z
2026-08-09T15:48:21Z,2026-08-09T17:48:21+0200,d1ee186b-63c3-474e-8770-b1ce1a43e356,2026-08-02T08:45:00Z,2026-08-02T10:45:00+0200,39313.89,MW,FR,FR,actual_load,Actual Load,2026-08-09T15:49:09Z
2026-08-09T15:48:21Z,2026-08-09T17:48:21+0200,d1ee186b-63c3-474e-8770-b1ce1a43e356,2026-08-02T09:00:00Z,2026-08-02T11:00:00+0200,39838.26,MW,FR,FR,actual_load,Actual Load,2026-08-09T15:49:09Z
2026-08-09T15:48:21Z,2026-08-09T17:48:21+0200,d1ee186b-63c3-474e-8770-b1ce1a43e356,2026-08-02T09:15:00Z,2026-08-02T11:15:00+0200,40327.28,MW,FR,FR,actual_load,Actual Load,2026-08-09T15:49:09Z
2026-08-09T15:48:21Z,2026-08-09T17:48:21+0200,d1ee186b-63c3-474e-8770-b1ce1a43e356,2026-08-02T09:30:00Z,2026-08-02T11:30:00+0200,41025.11,MW,FR,FR,actual_load,Actual Load,2026-08-09T15:49:09Z
2026-08-09T15:48:21Z,2026-08-09T17:48:21+0200,d1ee186b-63c3-474e-8770-b1ce1a43e356,2026-08-02T09:45:00Z,2026-08-02T11:45:00+0200,42250.51,MW,FR,FR,actual_load,Actual Load,2026-08-09T15:49:09Z
2026-08-09T15:48:21Z,2026-08-09T17:48:21+0200,d1ee186b-63c3-474e-8770-b1ce1a43e356,2026-08-02T10:00:00Z,2026-08-02T12:00:00+0200,42977.68,MW,FR,FR,actual_load,Actual Load,2026-08-09T15:49:09Z
2026-08-09T15:48:21Z,2026-08-09T17:48:21+0200,d1ee186b-63c3-474e-8770-b1ce1a43e356,2026-08-02T10:15:00Z,2026-08-02T12:15:00+0200,42896.62,MW,FR,FR,actual_load,Actual Load,2026-08-09T15:49:09Z
2026-08-09T15:48:21Z,2026-08-09T17:48:21+0200,d1ee186b-63c3-474e-8770-b1ce1a43e356,2026-08-02T10:30:00Z,2026-08-02T12:30:00+0200,42912.05,MW,FR,FR,actual_load,Actual Load,2026-08-09T15:49:09Z
2026-08-09T15:48:21Z,2026-08-09T17:48:21+0200,d1ee186b-63c3-474e-8770-b1ce1a43e356,2026-08-02T10:45:00Z,2026-08-02T12:45:00+0200,42356.37,MW,FR,FR,actual_load,Actual Load,2026-08-09T15:49:09Z
2026-08-09T15:48:21Z,2026-08-09T17:48:21+0200,d1ee186b-63c3-474e-8770-b1ce1a43e356,2026-08-02T11:00:00Z,2026-08-02T13:00:00+0200,42039.79,MW,FR,FR,actual_load,Actual Load,2026-08-09T15:49:09Z
2026-08-09T15:48:21Z,2026-08-09T17:48:21+0200,d1ee186b-63c3-474e-8770-b1ce1a43e356,2026-08-02T11:15:00Z,2026-08-02T13:15:00+0200,41469.68,MW,FR,FR,actual_load,Actual Load,2026-08-09T15:49:09Z
2026-08-09T15:48:21Z,2026-08-09T17:48:21+0200,d1ee186b-63c3-474e-8770-b1ce1a43e356,2026-08-02T11:30:00Z,2026-08-02T13:30:00+0200,41113.71,MW,FR,FR,actual_load,Actual Load,2026-08-09T15:49:09Z
2026-08-09T15:48:21Z,2026-08-09T17:48:21+0200,d1ee186b-63c3-474e-8770-b1ce1a43e356,2026-08-02T11:45:00Z,2026-08-02T13:45:00+0200,40911.72,MW,FR,FR,actual_load,Actual Load,2026-08-09T15:49:09Z
2026-08-09T15:48:21Z,2026-08-09T17:48:21+0200,d1ee186b-63c3-474e-8770-b1ce1a43e356,2026-08-02T12:00:00Z,2026-08-02T14:00:00+0200,42001.55,MW,FR,FR,actual_load,Actual Load,2026-08-09T15:49:09Z
2026-08-09T15:48:21Z,2026-08-09T17:48:21+0200,d1ee186b-63c3-474e-8770-b1ce1a43e356,2026-08-02T12:15:00Z,2026-08-02T14:15:00+0200,42398.45,MW,FR,FR,actual_load,Actual Load,2026-08-09T15:49:09Z
2026-08-09T15:48:21Z,2026-08-09T17:48:21+0200,d1ee186b-63c3-474e-8770-b1ce1a43e356,2026-08-02T12:30:00Z,2026-08-02T14:30:00+0200,42414.91,MW,FR,FR,actual_load,Actual Load,2026-08-09T15:49:09Z
2026-08-09T15:48:21Z,2026-08-09T17:48:21+0200,d1ee186b-63c3-474e-8770-b1ce1a43e356,2026-08-02T12:45:00Z,2026-08-02T14:45:00+0200,42001.28,MW,FR,FR,actual_load,Actual Load,2026-08-09T15:49:09Z
2026-08-09T15:48:21Z,2026-08-09T17:48:21+0200,d1ee186b-63c3-474e-8770-b1ce1a43e356,2026-08-02T13:00:00Z,2026-08-02T15:00:00+0200,42164.03,MW,FR,FR,actual_load,Actual Load,2026-08-09T15:49:09Z
2026-08-09T15:48:21Z,2026-08-09T17:48:21+0200,d1ee186b-63c3-474e-8770-b1ce1a43e356,2026-08-02T13:15:00Z,2026-08-02T15:15:00+0200,42079.55,MW,FR,FR,actual_load,Actual Load,2026-08-09T15:49:09Z
2026-08-09T15:48:21Z,2026-08-09T17:48:21+0200,d1ee186b-63c3-474e-8770-b1ce1a43e356,2026-08-02T13:30:00Z,2026-08-02T15:30:00+0200,41596.46,MW,FR,FR,actual_load,Actual Load,2026-08-09T15:49:09Z
2026-08-09T15:48:21Z,2026-08-09T17:48:21+0200,d1ee186b-63c3-474e-8770-b1ce1a43e356,2026-08-02T13:45:00Z,2026-08-02T15:45:00+0200,41520.37,MW,FR,FR,actual_load,Actual Load,2026-08-09T15:49:09Z
2026-08-09T15:48:21Z,2026-08-09T17:48:21+0200,d1ee186b-63c3-474e-8770-b1ce1a43e356,2026-08-02T14:00:00Z,2026-08-02T16:00:00+0200,41565.31,MW,FR,FR,actual_load,Actual Load,2026-08-09T15:49:09Z
2026-08-09T15:48:21Z,2026-08-09T17:48:21+0200,d1ee186b-63c3-474e-8770-b1ce1a43e356,2026-08-02T14:15:00Z,2026-08-02T16:15:00+0200,41587.16,MW,FR,FR,actual_load,Actual Load,2026-08-09T15:49:09Z
2026-08-09T15:48:21Z,2026-08-09T17:48:21+0200,d1ee186b-63c3-474e-8770-b1ce1a43e356,2026-08-02T14:30:00Z,2026-08-02T16:30:00+0200,41599.19,MW,FR,FR,actual_load,Actual Load,2026-08-09T15:49:09Z
2026-08-09T15:48:21Z,2026-08-09T17:48:21+0200,d1ee186b-63c3-474e-8770-b1ce1a43e356,2026-08-02T14:45:00Z,2026-08-02T16:45:00+0200,41699.01,MW,FR,FR,actual_load,Actual Load,2026-08-09T15:49:09Z
2026-08-09T15:48:21Z,2026-08-09T17:48:21+0200,d1ee186b-63c3-474e-8770-b1ce1a43e356,2026-08-02T15:00:00Z,2026-08-02T17:00:00+0200,41892.24,MW,FR,FR,actual_load,Actual Load,2026-08-09T15:49:09Z
2026-08-09T15:48:21Z,2026-08-09T17:48:21+0200,d1ee186b-63c3-474e-8770-b1ce1a43e356,2026-08-02T15:15:00Z,2026-08-02T17:15:00+0200,42307.79,MW,FR,FR,actual_load,Actual Load,2026-08-09T15:49:09Z
2026-08-09T15:48:21Z,2026-08-09T17:48:21+0200,d1ee186b-63c3-474e-8770-b1ce1a43e356,2026-08-02T15:30:00Z,2026-08-02T17:30:00+0200,42746.94,MW,FR,FR,actual_load,Actual Load,2026-08-09T15:49:09Z
2026-08-09T15:48:21Z,2026-08-09T17:48:21+0200,d1ee186b-63c3-474e-8770-b1ce1a43e356,2026-08-02T15:45:00Z,2026-08-02T17:45:00+0200,43189.93,MW,FR,FR,actual_load,Actual Load,2026-08-09T15:49:09Z
2026-08-09T15:48:21Z,2026-08-09T17:48:21+0200,d1ee186b-63c3-474e-8770-b1ce1a43e356,2026-08-02T16:00:00Z,2026-08-02T18:00:00+0200,43566.05,MW,FR,FR,actual_load,Actual Load,2026-08-09T15:49:09Z
2026-08-09T15:48:21Z,2026-08-09T17:48:21+0200,d1ee186b-63c3-474e-8770-b1ce1a43e356,2026-08-02T16:15:00Z,2026-08-02T18:15:00+0200,43720.4,MW,FR,FR,actual_load,Actual Load,2026-08-09T15:49:09Z
2026-08-09T15:48:21Z,2026-08-09T17:48:21+0200,d1ee186b-63c3-474e-8770-b1ce1a43e356,2026-08-02T16:30:00Z,2026-08-02T18:30:00+0200,44248.98,MW,FR,FR,actual_load,Actual Load,2026-08-09T15:49:09Z
2026-08-09T15:48:21Z,2026-08-09T17:48:21+0200,d1ee186b-63c3-474e-8770-b1ce1a43e356,2026-08-02T16:45:00Z,2026-08-02T18:45:00+0200,44694.36,MW,FR,FR,actual_load,Actual Load,2026-08-09T15:49:09Z
2026-08-09T15:48:21Z,2026-08-09T17:48:21+0200,d1ee186b-63c3-474e-8770-b1ce1a43e356,2026-08-02T17:00:00Z,2026-08-02T19:00:00+0200,44864.32,MW,FR,FR,actual_load,Actual Load,2026-08-09T15:49:09Z
2026-08-09T15:48:21Z,2026-08-09T17:48:21+0200,d1ee186b-63c3-474e-8770-b1ce1a43e356,2026-08-02T17:15:00Z,2026-08-02T19:15:00+0200,45046.47,MW,FR,FR,actual_load,Actual Load,2026-08-09T15:49:09Z
2026-08-09T15:48:21Z,2026-08-09T17:48:21+0200,d1ee186b-63c3-474e-8770-b1ce1a43e356,2026-08-02T17:30:00Z,2026-08-02T19:30:00+0200,45146.02,MW,FR,FR,actual_load,Actual Load,2026-08-09T15:49:09Z
2026-08-09T15:48:21Z,2026-08-09T17:48:21+0200,d1ee186b-63c3-474e-8770-b1ce1a43e356,2026-08-02T17:45:00Z,2026-08-02T19:45:00+0200,45102.07,MW,FR,FR,actual_load,Actual Load,2026-08-09T15:49:09Z
2026-08-09T15:48:21Z,2026-08-09T17:48:21+0200,d1ee186b-63c3-474e-8770-b1ce1a43e356,2026-08-02T18:00:00Z,2026-08-02T20:00:00+0200,44813.4,MW,FR,FR,actual_load,Actual Load,2026-08-09T15:49:09Z
2026-08-09T15:48:21Z,2026-08-09T17:48:21+0200,d1ee186b-63c3-474e-8770-b1ce1a43e356,2026-08-02T18:15:00Z,2026-08-02T20:15:00+0200,44355.94,MW,FR,FR,actual_load,Actual Load,2026-08-09T15:49:09Z
2026-08-09T15:48:21Z,2026-08-09T17:48:21+0200,d1ee186b-63c3-474e-8770-b1ce1a43e356,2026-08-02T18:30:00Z,2026-08-02T20:30:00+0200,44002.32,MW,FR,FR,actual_load,Actual Load,2026-08-09T15:49:09Z
2026-08-09T15:48:21Z,2026-08-09T17:48:21+0200,d1ee186b-63c3-474e-8770-b1ce1a43e356,2026-08-02T18:45:00Z,2026-08-02T20:45:00+0200,43786.48,MW,FR,FR,actual_load,Actual Load,2026-08-09T15:49:09Z
2026-08-09T15:48:21Z,2026-08-09T17:48:21+0200,d1ee186b-63c3-474e-8770-b1ce1a43e356,2026-08-02T19:00:00Z,2026-08-02T21:00:00+0200,43890.46,MW,FR,FR,actual_load,Actual Load,2026-08-09T15:49:09Z
2026-08-09T15:48:21Z,2026-08-09T17:48:21+0200,d1ee186b-63c3-474e-8770-b1ce1a43e356,2026-08-02T19:15:00Z,2026-08-02T21:15:00+0200,43793.64,MW,FR,FR,actual_load,Actual Load,2026-08-09T15:49:09Z
2026-08-09T15:48:21Z,2026-08-09T17:48:21+0200,d1ee186b-63c3-474e-8770-b1ce1a43e356,2026-08-02T19:30:00Z,2026-08-02T21:30:00+0200,43942.2,MW,FR,FR,actual_load,Actual Load,2026-08-09T15:49:09Z
2026-08-09T15:48:21Z,2026-08-09T17:48:21+0200,d1ee186b-63c3-474e-8770-b1ce1a43e356,2026-08-02T19:45:00Z,2026-08-02T21:45:00+0200,43788.1,MW,FR,FR,actual_load,Actual Load,2026-08-09T15:49:09Z
2026-08-09T15:48:21Z,2026-08-09T17:48:21+0200,d1ee186b-63c3-474e-8770-b1ce1a43e356,2026-08-02T20:00:00Z,2026-08-02T22:00:00+0200,44649.58,MW,FR,FR,actual_load,Actual Load,2026-08-09T15:49:09Z
2026-08-09T15:48:21Z,2026-08-09T17:48:21+0200,d1ee186b-63c3-474e-8770-b1ce1a43e356,2026-08-02T20:15:00Z,2026-08-02T22:15:00+0200,44230.63,MW,FR,FR,actual_load,Actual Load,2026-08-09T15:49:09Z
2026-08-09T15:48:21Z,2026-08-09T17:48:21+0200,d1ee186b-63c3-474e-8770-b1ce1a43e356,2026-08-02T20:30:00Z,2026-08-02T22:30:00+0200,45414.3,MW,FR,FR,actual_load,Actual Load,2026-08-09T15:49:09Z
2026-08-09T15:48:21Z,2026-08-09T17:48:21+0200,d1ee186b-63c3-474e-8770-b1ce1a43e356,2026-08-02T20:45:00Z,2026-08-02T22:45:00+0200,44764.87,MW,FR,FR,actual_load,Actual Load,2026-08-09T15:49:09Z
2026-08-09T15:48:21Z,2026-08-09T17:48:21+0200,d1ee186b-63c3-474e-8770-b1ce1a43e356,2026-08-02T21:00:00Z,2026-08-02T23:00:00+0200,44332.68,MW,FR,FR,actual_load,Actual Load,2026-08-09T15:49:09Z
2026-08-09T15:48:21Z,2026-08-09T17:48:21+0200,d1ee186b-63c3-474e-8770-b1ce1a43e356,2026-08-02T21:15:00Z,2026-08-02T23:15:00+0200,43319.38,MW,FR,FR,actual_load,Actual Load,2026-08-09T15:49:09Z
2026-08-09T15:48:21Z,2026-08-09T17:48:21+0200,d1ee186b-63c3-474e-8770-b1ce1a43e356,2026-08-02T21:30:00Z,2026-08-02T23:30:00+0200,43431.15,MW,FR,FR,actual_load,Actual Load,2026-08-09T15:49:09Z
2026-08-09T15:48:21Z,2026-08-09T17:48:21+0200,d1ee186b-63c3-474e-8770-b1ce1a43e356,2026-08-02T21:45:00Z,2026-08-02T23:45:00+0200,42376.67,MW,FR,FR,actual_load,Actual Load,2026-08-09T15:49:09Z
2026-08-09T15:48:21Z,2026-08-09T17:48:21+0200,d1ee186b-63c3-474e-8770-b1ce1a43e356,2026-08-02T22:00:00Z,2026-08-03T00:00:00+0200,42082.54,MW,FR,FR,actual_load,Actual Load,2026-08-09T15:49:09Z
2026-08-09T15:48:21Z,2026-08-09T17:48:21+0200,d1ee186b-63c3-474e-8770-b1ce1a43e356,2026-08-02T22:15:00Z,2026-08-03T00:15:00+0200,41102.11,MW,FR,FR,actual_load,Actual Load,2026-08-09T15:49:09Z
2026-08-09T15:48:21Z,2026-08-09T17:48:21+0200,d1ee186b-63c3-474e-8770-b1ce1a43e356,2026-08-02T22:30:00Z,2026-08-03T00:30:00+0200,39715.81,MW,FR,FR,actual_load,Actual Load,2026-08-09T15:49:09Z
2026-08-09T15:48:21Z,2026-08-09T17:48:21+0200,d1ee186b-63c3-474e-8770-b1ce1a43e356,2026-08-02T22:45:00Z,2026-08-03T00:45:00+0200,38814.74,MW,FR,FR,actual_load,Actual Load,2026-08-09T15:49:09Z
2026-08-09T15:48:21Z,2026-08-09T17:48:21+0200,d1ee186b-63c3-474e-8770-b1ce1a43e356,2026-08-02T23:00:00Z,2026-08-03T01:00:00+0200,39171.69,MW,FR,FR,actual_load,Actual Load,2026-08-09T15:49:09Z
2026-08-09T15:48:21Z,2026-08-09T17:48:21+0200,d1ee186b-63c3-474e-8770-b1ce1a43e356,2026-08-02T23:15:00Z,2026-08-03T01:15:00+0200,38640.36,MW,FR,FR,actual_load,Actual Load,2026-08-09T15:49:09Z
2026-08-09T15:48:21Z,2026-08-09T17:48:21+0200,d1ee186b-63c3-474e-8770-b1ce1a43e356,2026-08-02T23:30:00Z,2026-08-03T01:30:00+0200,38605.06,MW,FR,FR,actual_load,Actual Load,2026-08-09T15:49:09Z
2026-08-09T15:48:21Z,2026-08-09T17:48:21+0200,d1ee186b-63c3-474e-8770-b1ce1a43e356,2026-08-02T23:45:00Z,2026-08-03T01:45:00+0200,37806.8,MW,FR,FR,actual_load,Actual Load,2026-08-09T15:49:09Z
2026-08-09T15:48:21Z,2026-08-09T17:48:21+0200,d1ee186b-63c3-474e-8770-b1ce1a43e356,2026-08-03T00:00:00Z,2026-08-03T02:00:00+0200,37619.44,MW,FR,FR,actual_load,Actual Load,2026-08-09T15:49:09Z
2026-08-09T15:48:21Z,2026-08-09T17:48:21+0200,d1ee186b-63c3-474e-8770-b1ce1a43e356,2026-08-03T00:15:00Z,2026-08-03T02:15:00+0200,36697.21,MW,FR,FR,actual_load,Actual Load,2026-08-09T15:49:09Z
2026-08-09T15:48:21Z,2026-08-09T17:48:21+0200,d1ee186b-63c3-474e-8770-b1ce1a43e356,2026-08-03T00:30:00Z,2026-08-03T02:30:00+0200,36069.21,MW,FR,FR,actual_load,Actual Load,2026-08-09T15:49:09Z
2026-08-09T15:48:21Z,2026-08-09T17:48:21+0200,d1ee186b-63c3-474e-8770-b1ce1a43e356,2026-08-03T00:45:00Z,2026-08-03T02:45:00+0200,35415.43,MW,FR,FR,actual_load,Actual Load,2026-08-09T15:49:09Z
2026-08-09T15:48:21Z,2026-08-09T17:48:21+0200,d1ee186b-63c3-474e-8770-b1ce1a43e356,2026-08-03T01:00:00Z,2026-08-03T03:00:00+0200,35017.03,MW,FR,FR,actual_load,Actual Load,2026-08-09T15:49:09Z
2026-08-09T15:48:21Z,2026-08-09T17:48:21+0200,d1ee186b-63c3-474e-8770-b1ce1a43e356,2026-08-03T01:15:00Z,2026-08-03T03:15:00+0200,34746.7,MW,FR,FR,actual_load,Actual Load,2026-08-09T15:49:09Z
2026-08-09T15:48:21Z,2026-08-09T17:48:21+0200,d1ee186b-63c3-474e-8770-b1ce1a43e356,2026-08-03T01:30:00Z,2026-08-03T03:30:00+0200,34538.72,MW,FR,FR,actual_load,Actual Load,2026-08-09T15:49:09Z
2026-08-09T15:48:21Z,2026-08-09T17:48:21+0200,d1ee186b-63c3-474e-8770-b1ce1a43e356,2026-08-03T01:45:00Z,2026-08-03T03:45:00+0200,34336.63,MW,FR,FR,actual_load,Actual Load,2026-08-09T15:49:09Z
2026-08-09T15:48:21Z,2026-08-09T17:48:21+0200,d1ee186b-63c3-474e-8770-b1ce1a43e356,2026-08-03T02:00:00Z,2026-08-03T04:00:00+0200,34343.29,MW,FR,FR,actual_load,Actual Load,2026-08-09T15:49:09Z
2026-08-09T15:48:21Z,2026-08-09T17:48:21+0200,d1ee186b-63c3-474e-8770-b1ce1a43e356,2026-08-03T02:15:00Z,2026-08-03T04:15:00+0200,34242.67,MW,FR,FR,actual_load,Actual Load,2026-08-09T15:49:09Z
2026-08-09T15:48:21Z,2026-08-09T17:48:21+0200,d1ee186b-63c3-474e-8770-b1ce1a43e356,2026-08-03T02:30:00Z,2026-08-03T04:30:00+0200,34315.06,MW,FR,FR,actual_load,Actual Load,2026-08-09T15:49:09Z
2026-08-09T15:48:21Z,2026-08-09T17:48:21+0200,d1ee186b-63c3-474e-8770-b1ce1a43e356,2026-08-03T02:45:00Z,2026-08-03T04:45:00+0200,34429.3,MW,FR,FR,actual_load,Actual Load,2026-08-09T15:49:09Z
2026-08-09T15:48:21Z,2026-08-09T17:48:21+0200,d1ee186b-63c3-474e-8770-b1ce1a43e356,2026-08-03T03:00:00Z,2026-08-03T05:00:00+0200,34961.2,MW,FR,FR,actual_load,Actual Load,2026-08-09T15:49:09Z
2026-08-09T15:48:21Z,2026-08-09T17:48:21+0200,d1ee186b-63c3-474e-8770-b1ce1a43e356,2026-08-03T03:15:00Z,2026-08-03T05:15:00+0200,35375.88,MW,FR,FR,actual_load,Actual Load,2026-08-09T15:49:09Z
2026-08-09T15:48:21Z,2026-08-09T17:48:21+0200,d1ee186b-63c3-474e-8770-b1ce1a43e356,2026-08-03T03:30:00Z,2026-08-03T05:30:00+0200,35780.43,MW,FR,FR,actual_load,Actual Load,2026-08-09T15:49:09Z
2026-08-09T15:48:21Z,2026-08-09T17:48:21+0200,d1ee186b-63c3-474e-8770-b1ce1a43e356,2026-08-03T03:45:00Z,2026-08-03T05:45:00+0200,36103.39,MW,FR,FR,actual_load,Actual Load,2026-08-09T15:49:09Z
2026-08-09T15:48:21Z,2026-08-09T17:48:21+0200,d1ee186b-63c3-474e-8770-b1ce1a43e356,2026-08-03T04:00:00Z,2026-08-03T06:00:00+0200,36986.57,MW,FR,FR,actual_load,Actual Load,2026-08-09T15:49:09Z
2026-08-09T15:48:21Z,2026-08-09T17:48:21+0200,d1ee186b-63c3-474e-8770-b1ce1a43e356,2026-08-03T04:15:00Z,2026-08-03T06:15:00+0200,37261.51,MW,FR,FR,actual_load,Actual Load,2026-08-09T15:49:09Z
2026-08-09T15:48:21Z,2026-08-09T17:48:21+0200,d1ee186b-63c3-474e-8770-b1ce1a43e356,2026-08-03T04:30:00Z,2026-08-03T06:30:00+0200,37517.88,MW,FR,FR,actual_load,Actual Load,2026-08-09T15:49:09Z
2026-08-09T15:48:21Z,2026-08-09T17:48:21+0200,d1ee186b-63c3-474e-8770-b1ce1a43e356,2026-08-03T04:45:00Z,2026-08-03T06:45:00+0200,37969.48,MW,FR,FR,actual_load,Actual Load,2026-08-09T15:49:09Z
2026-08-09T15:48:21Z,2026-08-09T17:48:21+0200,d1ee186b-63c3-474e-8770-b1ce1a43e356,2026-08-03T05:00:00Z,2026-08-03T07:00:00+0200,38638.95,MW,FR,FR,actual_load,Actual Load,2026-08-09T15:49:09Z
2026-08-09T15:48:21Z,2026-08-09T17:48:21+0200,d1ee186b-63c3-474e-8770-b1ce1a43e356,2026-08-03T05:15:00Z,2026-08-03T07:15:00+0200,39188.91,MW,FR,FR,actual_load,Actual Load,2026-08-09T15:49:09Z
2026-08-09T15:48:21Z,2026-08-09T17:48:21+0200,d1ee186b-63c3-474e-8770-b1ce1a43e356,2026-08-03T05:30:00Z,2026-08-03T07:30:00+0200,39671.02,MW,FR,FR,actual_load,Actual Load,2026-08-09T15:49:09Z
2026-08-09T15:48:21Z,2026-08-09T17:48:21+0200,d1ee186b-63c3-474e-8770-b1ce1a43e356,2026-08-03T05:45:00Z,2026-08-03T07:45:00+0200,40414.73,MW,FR,FR,actual_load,Actual Load,2026-08-09T15:49:09Z
2026-08-09T15:48:21Z,2026-08-09T17:48:21+0200,d1ee186b-63c3-474e-8770-b1ce1a43e356,2026-08-03T06:00:00Z,2026-08-03T08:00:00+0200,41253.17,MW,FR,FR,actual_load,Actual Load,2026-08-09T15:49:09Z
2026-08-09T15:48:21Z,2026-08-09T17:48:21+0200,d1ee186b-63c3-474e-8770-b1ce1a43e356,2026-08-03T06:15:00Z,2026-08-03T08:15:00+0200,42019.86,MW,FR,FR,actual_load,Actual Load,2026-08-09T15:49:09Z
2026-08-09T15:48:21Z,2026-08-09T17:48:21+0200,d1ee186b-63c3-474e-8770-b1ce1a43e356,2026-08-03T06:30:00Z,2026-08-03T08:30:00+0200,42431.72,MW,FR,FR,actual_load,Actual Load,2026-08-09T15:49:09Z
2026-08-09T15:48:21Z,2026-08-09T17:48:21+0200,d1ee186b-63c3-474e-8770-b1ce1a43e356,2026-08-03T06:45:00Z,2026-08-03T08:45:00+0200,43001.11,MW,FR,FR,actual_load,Actual Load,2026-08-09T15:49:09Z
2026-08-09T15:48:21Z,2026-08-09T17:48:21+0200,d1ee186b-63c3-474e-8770-b1ce1a43e356,2026-08-03T07:00:00Z,2026-08-03T09:00:00+0200,43667.69,MW,FR,FR,actual_load,Actual Load,2026-08-09T15:49:09Z
2026-08-09T15:48:21Z,2026-08-09T17:48:21+0200,d1ee186b-63c3-474e-8770-b1ce1a43e356,2026-08-03T07:15:00Z,2026-08-03T09:15:00+0200,44165.89,MW,FR,FR,actual_load,Actual Load,2026-08-09T15:49:09Z
2026-08-09T15:48:21Z,2026-08-09T17:48:21+0200,d1ee186b-63c3-474e-8770-b1ce1a43e356,2026-08-03T07:30:00Z,2026-08-03T09:30:00+0200,44655.39,MW,FR,FR,actual_load,Actual Load,2026-08-09T15:49:09Z
2026-08-09T15:48:21Z,2026-08-09T17:48:21+0200,d1ee186b-63c3-474e-8770-b1ce1a43e356,2026-08-03T07:45:00Z,2026-08-03T09:45:00+0200,45217.3,MW,FR,FR,actual_load,Actual Load,2026-08-09T15:49:09Z
2026-08-09T15:48:21Z,2026-08-09T17:48:21+0200,d1ee186b-63c3-474e-8770-b1ce1a43e356,2026-08-03T08:00:00Z,2026-08-03T10:00:00+0200,45763.66,MW,FR,FR,actual_load,Actual Load,2026-08-09T15:49:09Z
2026-08-09T15:48:21Z,2026-08-09T17:48:21+0200,d1ee186b-63c3-474e-8770-b1ce1a43e356,2026-08-03T08:15:00Z,2026-08-03T10:15:00+0200,46359.45,MW,FR,FR,actual_load,Actual Load,2026-08-09T15:49:09Z
2026-08-09T15:48:21Z,2026-08-09T17:48:21+0200,d1ee186b-63c3-474e-8770-b1ce1a43e356,2026-08-03T08:30:00Z,2026-08-03T10:30:00+0200,46927.95,MW,FR,FR,actual_load,Actual Load,2026-08-09T15:49:09Z
2026-08-09T15:48:21Z,2026-08-09T17:48:21+0200,d1ee186b-63c3-474e-8770-b1ce1a43e356,2026-08-03T08:45:00Z,2026-08-03T10:45:00+0200,47381.49,MW,FR,FR,actual_load,Actual Load,2026-08-09T15:49:09Z
2026-08-09T15:48:21Z,2026-08-09T17:48:21+0200,d1ee186b-63c3-474e-8770-b1ce1a43e356,2026-08-03T09:00:00Z,2026-08-03T11:00:00+0200,47721.21,MW,FR,FR,actual_load,Actual Load,2026-08-09T15:49:09Z
2026-08-09T15:48:21Z,2026-08-09T17:48:21+0200,d1ee186b-63c3-474e-8770-b1ce1a43e356,2026-08-03T09:15:00Z,2026-08-03T11:15:00+0200,48265.21,MW,FR,FR,actual_load,Actual Load,2026-08-09T15:49:09Z
2026-08-09T15:48:21Z,2026-08-09T17:48:21+0200,d1ee186b-63c3-474e-8770-b1ce1a43e356,2026-08-03T09:30:00Z,2026-08-03T11:30:00+0200,48754.09,MW,FR,FR,actual_load,Actual Load,2026-08-09T15:49:09Z
2026-08-09T15:48:21Z,2026-08-09T17:48:21+0200,d1ee186b-63c3-474e-8770-b1ce1a43e356,2026-08-03T09:45:00Z,2026-08-03T11:45:00+0200,49249.23,MW,FR,FR,actual_load,Actual Load,2026-08-09T15:49:09Z
2026-08-09T15:48:21Z,2026-08-09T17:48:21+0200,d1ee186b-63c3-474e-8770-b1ce1a43e356,2026-08-03T10:00:00Z,2026-08-03T12:00:00+0200,49965.93,MW,FR,FR,actual_load,Actual Load,2026-08-09T15:49:09Z
2026-08-09T15:48:21Z,2026-08-09T17:48:21+0200,d1ee186b-63c3-474e-8770-b1ce1a43e356,2026-08-03T10:15:00Z,2026-08-03T12:15:00+0200,50210.57,MW,FR,FR,actual_load,Actual Load,2026-08-09T15:49:09Z
2026-08-09T15:48:21Z,2026-08-09T17:48:21+0200,d1ee186b-63c3-474e-8770-b1ce1a43e356,2026-08-03T10:30:00Z,2026-08-03T12:30:00+0200,50872.05,MW,FR,FR,actual_load,Actual Load,2026-08-09T15:49:09Z
2026-08-09T15:48:21Z,2026-08-09T17:48:21+0200,d1ee186b-63c3-474e-8770-b1ce1a43e356,2026-08-03T10:45:00Z,2026-08-03T12:45:00+0200,50549.46,MW,FR,FR,actual_load,Actual Load,2026-08-09T15:49:09Z
2026-08-09T15:48:21Z,2026-08-09T17:48:21+0200,d1ee186b-63c3-474e-8770-b1ce1a43e356,2026-08-03T11:00:00Z,2026-08-03T13:00:00+0200,50657.25,MW,FR,FR,actual_load,Actual Load,2026-08-09T15:49:09Z
2026-08-09T15:48:21Z,2026-08-09T17:48:21+0200,d1ee186b-63c3-474e-8770-b1ce1a43e356,2026-08-03T11:15:00Z,2026-08-03T13:15:00+0200,50215.34,MW,FR,FR,actual_load,Actual Load,2026-08-09T15:49:09Z
2026-08-09T15:48:21Z,2026-08-09T17:48:21+0200,d1ee186b-63c3-474e-8770-b1ce1a43e356,2026-08-03T11:30:00Z,2026-08-03T13:30:00+0200,50176.96,MW,FR,FR,actual_load,Actual Load,2026-08-09T15:49:09Z
2026-08-09T15:48:21Z,2026-08-09T17:48:21+0200,d1ee186b-63c3-474e-8770-b1ce1a43e356,2026-08-03T11:45:00Z,2026-08-03T13:45:00+0200,50390.52,MW,FR,FR,actual_load,Actual Load,2026-08-09T15:49:09Z
2026-08-09T15:48:21Z,2026-08-09T17:48:21+0200,d1ee186b-63c3-474e-8770-b1ce1a43e356,2026-08-03T12:00:00Z,2026-08-03T14:00:00+0200,51475.88,MW,FR,FR,actual_load,Actual Load,2026-08-09T15:49:09Z
2026-08-09T15:48:21Z,2026-08-09T17:48:21+0200,d1ee186b-63c3-474e-8770-b1ce1a43e356,2026-08-03T12:15:00Z,2026-08-03T14:15:00+0200,51397.98,MW,FR,FR,actual_load,Actual Load,2026-08-09T15:49:09Z
2026-08-09T15:48:21Z,2026-08-09T17:48:21+0200,d1ee186b-63c3-474e-8770-b1ce1a43e356,2026-08-03T12:30:00Z,2026-08-03T14:30:00+0200,51314.2,MW,FR,FR,actual_load,Actual Load,2026-08-09T15:49:09Z
2026-08-09T15:48:21Z,2026-08-09T17:48:21+0200,d1ee186b-63c3-474e-8770-b1ce1a43e356,2026-08-03T12:45:00Z,2026-08-03T14:45:00+0200,50929.93,MW,FR,FR,actual_load,Actual Load,2026-08-09T15:49:09Z
2026-08-09T15:48:21Z,2026-08-09T17:48:21+0200,d1ee186b-63c3-474e-8770-b1ce1a43e356,2026-08-03T13:00:00Z,2026-08-03T15:00:00+0200,51246.22,MW,FR,FR,actual_load,Actual Load,2026-08-09T15:49:09Z
2026-08-09T15:48:21Z,2026-08-09T17:48:21+0200,d1ee186b-63c3-474e-8770-b1ce1a43e356,2026-08-03T13:15:00Z,2026-08-03T15:15:00+0200,50759.53,MW,FR,FR,actual_load,Actual Load,2026-08-09T15:49:09Z
2026-08-09T15:48:21Z,2026-08-09T17:48:21+0200,d1ee186b-63c3-474e-8770-b1ce1a43e356,2026-08-03T13:30:00Z,2026-08-03T15:30:00+0200,50084.73,MW,FR,FR,actual_load,Actual Load,2026-08-09T15:49:09Z
2026-08-09T15:48:21Z,2026-08-09T17:48:21+0200,d1ee186b-63c3-474e-8770-b1ce1a43e356,2026-08-03T13:45:00Z,2026-08-03T15:45:00+0200,49893.05,MW,FR,FR,actual_load,Actual Load,2026-08-09T15:49:09Z
2026-08-09T15:48:21Z,2026-08-09T17:48:21+0200,d1ee186b-63c3-474e-8770-b1ce1a43e356,2026-08-03T14:00:00Z,2026-08-03T16:00:00+0200,49727.9,MW,FR,FR,actual_load,Actual Load,2026-08-09T15:49:09Z
2026-08-09T15:48:21Z,2026-08-09T17:48:21+0200,d1ee186b-63c3-474e-8770-b1ce1a43e356,2026-08-03T14:15:00Z,2026-08-03T16:15:00+0200,49733.24,MW,FR,FR,actual_load,Actual Load,2026-08-09T15:49:09Z
2026-08-09T15:48:21Z,2026-08-09T17:48:21+0200,d1ee186b-63c3-474e-8770-b1ce1a43e356,2026-08-03T14:30:00Z,2026-08-03T16:30:00+0200,49729.67,MW,FR,FR,actual_load,Actual Load,2026-08-09T15:49:09Z
2026-08-09T15:48:21Z,2026-08-09T17:48:21+0200,d1ee186b-63c3-474e-8770-b1ce1a43e356,2026-08-03T14:45:00Z,2026-08-03T16:45:00+0200,49454.07,MW,FR,FR,actual_load,Actual Load,2026-08-09T15:49:09Z
2026-08-09T15:48:21Z,2026-08-09T17:48:21+0200,d1ee186b-63c3-474e-8770-b1ce1a43e356,2026-08-03T15:00:00Z,2026-08-03T17:00:00+0200,49172.03,MW,FR,FR,actual_load,Actual Load,2026-08-09T15:49:09Z
2026-08-09T15:48:21Z,2026-08-09T17:48:21+0200,d1ee186b-63c3-474e-8770-b1ce1a43e356,2026-08-03T15:15:00Z,2026-08-03T17:15:00+0200,49037.23,MW,FR,FR,actual_load,Actual Load,2026-08-09T15:49:09Z
2026-08-09T15:48:21Z,2026-08-09T17:48:21+0200,d1ee186b-63c3-474e-8770-b1ce1a43e356,2026-08-03T15:30:00Z,2026-08-03T17:30:00+0200,49163.84,MW,FR,FR,actual_load,Actual Load,2026-08-09T15:49:09Z
2026-08-09T15:48:21Z,2026-08-09T17:48:21+0200,d1ee186b-63c3-474e-8770-b1ce1a43e356,2026-08-03T15:45:00Z,2026-08-03T17:45:00+0200,49181.16,MW,FR,FR,actual_load,Actual Load,2026-08-09T15:49:09Z
2026-08-09T15:48:21Z,2026-08-09T17:48:21+0200,d1ee186b-63c3-474e-8770-b1ce1a43e356,2026-08-03T16:00:00Z,2026-08-03T18:00:00+0200,49123.45,MW,FR,FR,actual_load,Actual Load,2026-08-09T15:49:09Z
2026-08-09T15:48:21Z,2026-08-09T17:48:21+0200,d1ee186b-63c3-474e-8770-b1ce1a43e356,2026-08-03T16:15:00Z,2026-08-03T18:15:00+0200,49248.63,MW,FR,FR,actual_load,Actual Load,2026-08-09T15:49:09Z
2026-08-09T15:48:21Z,2026-08-09T17:48:21+0200,d1ee186b-63c3-474e-8770-b1ce1a43e356,2026-08-03T16:30:00Z,2026-08-03T18:30:00+0200,49495.03,MW,FR,FR,actual_load,Actual Load,2026-08-09T15:49:09Z
2026-08-09T15:48:21Z,2026-08-09T17:48:21+0200,d1ee186b-63c3-474e-8770-b1ce1a43e356,2026-08-03T16:45:00Z,2026-08-03T18:45:00+0200,49591.45,MW,FR,FR,actual_load,Actual Load,2026-08-09T15:49:09Z
2026-08-09T15:48:21Z,2026-08-09T17:48:21+0200,d1ee186b-63c3-474e-8770-b1ce1a43e356,2026-08-03T17:00:00Z,2026-08-03T19:00:00+0200,49386.35,MW,FR,FR,actual_load,Actual Load,2026-08-09T15:49:09Z
2026-08-09T15:48:21Z,2026-08-09T17:48:21+0200,d1ee186b-63c3-474e-8770-b1ce1a43e356,2026-08-03T17:15:00Z,2026-08-03T19:15:00+0200,49336.32,MW,FR,FR,actual_load,Actual Load,2026-08-09T15:49:09Z
2026-08-09T15:48:21Z,2026-08-09T17:48:21+0200,d1ee186b-63c3-474e-8770-b1ce1a43e356,2026-08-03T17:30:00Z,2026-08-03T19:30:00+0200,49234.65,MW,FR,FR,actual_load,Actual Load,2026-08-09T15:49:09Z
2026-08-09T15:48:21Z,2026-08-09T17:48:21+0200,d1ee186b-63c3-474e-8770-b1ce1a43e356,2026-08-03T17:45:00Z,2026-08-03T19:45:00+0200,49046.69,MW,FR,FR,actual_load,Actual Load,2026-08-09T15:49:09Z
2026-08-09T15:48:21Z,2026-08-09T17:48:21+0200,d1ee186b-63c3-474e-8770-b1ce1a43e356,2026-08-03T18:00:00Z,2026-08-03T20:00:00+0200,48614.01,MW,FR,FR,actual_load,Actual Load,2026-08-09T15:49:09Z
2026-08-09T15:48:21Z,2026-08-09T17:48:21+0200,d1ee186b-63c3-474e-8770-b1ce1a43e356,2026-08-03T18:15:00Z,2026-08-03T20:15:00+0200,47617.33,MW,FR,FR,actual_load,Actual Load,2026-08-09T15:49:09Z
2026-08-09T15:48:21Z,2026-08-09T17:48:21+0200,d1ee186b-63c3-474e-8770-b1ce1a43e356,2026-08-03T18:30:00Z,2026-08-03T20:30:00+0200,46881.48,MW,FR,FR,actual_load,Actual Load,2026-08-09T15:49:09Z
2026-08-09T15:48:21Z,2026-08-09T17:48:21+0200,d1ee186b-63c3-474e-8770-b1ce1a43e356,2026-08-03T18:45:00Z,2026-08-03T20:45:00+0200,46640.92,MW,FR,FR,actual_load,Actual Load,2026-08-09T15:49:09Z
2026-08-09T15:48:21Z,2026-08-09T17:48:21+0200,d1ee186b-63c3-474e-8770-b1ce1a43e356,2026-08-03T19:00:00Z,2026-08-03T21:00:00+0200,46434.63,MW,FR,FR,actual_load,Actual Load,2026-08-09T15:49:09Z
2026-08-09T15:48:21Z,2026-08-09T17:48:21+0200,d1ee186b-63c3-474e-8770-b1ce1a43e356,2026-08-03T19:15:00Z,2026-08-03T21:15:00+0200,46164.21,MW,FR,FR,actual_load,Actual Load,2026-08-09T15:49:09Z
2026-08-09T15:48:21Z,2026-08-09T17:48:21+0200,d1ee186b-63c3-474e-8770-b1ce1a43e356,2026-08-03T19:30:00Z,2026-08-03T21:30:00+0200,46076.21,MW,FR,FR,actual_load,Actual Load,2026-08-09T15:49:09Z
2026-08-09T15:48:21Z,2026-08-09T17:48:21+0200,d1ee186b-63c3-474e-8770-b1ce1a43e356,2026-08-03T19:45:00Z,2026-08-03T21:45:00+0200,45572.68,MW,FR,FR,actual_load,Actual Load,2026-08-09T15:49:09Z
2026-08-09T15:48:21Z,2026-08-09T17:48:21+0200,d1ee186b-63c3-474e-8770-b1ce1a43e356,2026-08-03T20:00:00Z,2026-08-03T22:00:00+0200,46355.15,MW,FR,FR,actual_load,Actual Load,2026-08-09T15:49:09Z
2026-08-09T15:48:21Z,2026-08-09T17:48:21+0200,d1ee186b-63c3-474e-8770-b1ce1a43e356,2026-08-03T20:15:00Z,2026-08-03T22:15:00+0200,45854.82,MW,FR,FR,actual_load,Actual Load,2026-08-09T15:49:09Z
2026-08-09T15:48:21Z,2026-08-09T17:48:21+0200,d1ee186b-63c3-474e-8770-b1ce1a43e356,2026-08-03T20:30:00Z,2026-08-03T22:30:00+0200,46951.59,MW,FR,FR,actual_load,Actual Load,2026-08-09T15:49:09Z
2026-08-09T15:48:21Z,2026-08-09T17:48:21+0200,d1ee186b-63c3-474e-8770-b1ce1a43e356,2026-08-03T20:45:00Z,2026-08-03T22:45:00+0200,46270.98,MW,FR,FR,actual_load,Actual Load,2026-08-09T15:49:09Z
2026-08-09T15:48:21Z,2026-08-09T17:48:21+0200,d1ee186b-63c3-474e-8770-b1ce1a43e356,2026-08-03T21:00:00Z,2026-08-03T23:00:00+0200,45847.34,MW,FR,FR,actual_load,Actual Load,2026-08-09T15:49:09Z
2026-08-09T15:48:21Z,2026-08-09T17:48:21+0200,d1ee186b-63c3-474e-8770-b1ce1a43e356,2026-08-03T21:15:00Z,2026-08-03T23:15:00+0200,44798.46,MW,FR,FR,actual_load,Actual Load,2026-08-09T15:49:09Z
2026-08-09T15:48:21Z,2026-08-09T17:48:21+0200,d1ee186b-63c3-474e-8770-b1ce1a43e356,2026-08-03T21:30:00Z,2026-08-03T23:30:00+0200,44581.59,MW,FR,FR,actual_load,Actual Load,2026-08-09T15:49:09Z
2026-08-09T15:48:21Z,2026-08-09T17:48:21+0200,d1ee186b-63c3-474e-8770-b1ce1a43e356,2026-08-03T21:45:00Z,2026-08-03T23:45:00+0200,43715.95,MW,FR,FR,actual_load,Actual Load,2026-08-09T15:49:09Z
2026-08-09T15:48:21Z,2026-08-09T17:48:21+0200,d1ee186b-63c3-474e-8770-b1ce1a43e356,2026-08-03T22:00:00Z,2026-08-04T00:00:00+0200,43685.25,MW,FR,FR,actual_load,Actual Load,2026-08-09T15:49:09Z
2026-08-09T15:48:21Z,2026-08-09T17:48:21+0200,d1ee186b-63c3-474e-8770-b1ce1a43e356,2026-08-03T22:15:00Z,2026-08-04T00:15:00+0200,42438.43,MW,FR,FR,actual_load,Actual Load,2026-08-09T15:49:09Z
2026-08-09T15:48:21Z,2026-08-09T17:48:21+0200,d1ee186b-63c3-474e-8770-b1ce1a43e356,2026-08-03T22:30:00Z,2026-08-04T00:30:00+0200,41593.83,MW,FR,FR,actual_load,Actual Load,2026-08-09T15:49:09Z
2026-08-09T15:48:21Z,2026-08-09T17:48:21+0200,d1ee186b-63c3-474e-8770-b1ce1a43e356,2026-08-03T22:45:00Z,2026-08-04T00:45:00+0200,40489.75,MW,FR,FR,actual_load,Actual Load,2026-08-09T15:49:09Z
2026-08-09T15:48:21Z,2026-08-09T17:48:21+0200,d1ee186b-63c3-474e-8770-b1ce1a43e356,2026-08-03T23:00:00Z,2026-08-04T01:00:00+0200,40777.05,MW,FR,FR,actual_load,Actual Load,2026-08-09T15:49:09Z
2026-08-09T15:48:21Z,2026-08-09T17:48:21+0200,d1ee186b-63c3-474e-8770-b1ce1a43e356,2026-08-03T23:15:00Z,2026-08-04T01:15:00+0200,40134.95,MW,FR,FR,actual_load,Actual Load,2026-08-09T15:49:09Z
2026-08-09T15:48:21Z,2026-08-09T17:48:21+0200,d1ee186b-63c3-474e-8770-b1ce1a43e356,2026-08-03T23:30:00Z,2026-08-04T01:30:00+0200,40075.34,MW,FR,FR,actual_load,Actual Load,2026-08-09T15:49:09Z
2026-08-09T15:48:21Z,2026-08-09T17:48:21+0200,d1ee186b-63c3-474e-8770-b1ce1a43e356,2026-08-03T23:45:00Z,2026-08-04T01:45:00+0200,39270.22,MW,FR,FR,actual_load,Actual Load,2026-08-09T15:49:09Z
2026-08-09T15:48:21Z,2026-08-09T17:48:21+0200,d1ee186b-63c3-474e-8770-b1ce1a43e356,2026-08-04T00:00:00Z,2026-08-04T02:00:00+0200,38906.95,MW,FR,FR,actual_load,Actual Load,2026-08-09T15:49:09Z
2026-08-09T15:48:21Z,2026-08-09T17:48:21+0200,d1ee186b-63c3-474e-8770-b1ce1a43e356,2026-08-04T00:15:00Z,2026-08-04T02:15:00+0200,38049.02,MW,FR,FR,actual_load,Actual Load,2026-08-09T15:49:09Z
2026-08-09T15:48:21Z,2026-08-09T17:48:21+0200,d1ee186b-63c3-474e-8770-b1ce1a43e356,2026-08-04T00:30:00Z,2026-08-04T02:30:00+0200,37308.95,MW,FR,FR,actual_load,Actual Load,2026-08-09T15:49:09Z
2026-08-09T15:48:21Z,2026-08-09T17:48:21+0200,d1ee186b-63c3-474e-8770-b1ce1a43e356,2026-08-04T00:45:00Z,2026-08-04T02:45:00+0200,36753.95,MW,FR,FR,actual_load,Actual Load,2026-08-09T15:49:09Z
2026-08-09T15:48:21Z,2026-08-09T17:48:21+0200,d1ee186b-63c3-474e-8770-b1ce1a43e356,2026-08-04T01:00:00Z,2026-08-04T03:00:00+0200,36427.71,MW,FR,FR,actual_load,Actual Load,2026-08-09T15:49:09Z
2026-08-09T15:48:21Z,2026-08-09T17:48:21+0200,d1ee186b-63c3-474e-8770-b1ce1a43e356,2026-08-04T01:15:00Z,2026-08-04T03:15:00+0200,36004.96,MW,FR,FR,actual_load,Actual Load,2026-08-09T15:49:09Z
2026-08-09T15:48:21Z,2026-08-09T17:48:21+0200,d1ee186b-63c3-474e-8770-b1ce1a43e356,2026-08-04T01:30:00Z,2026-08-04T03:30:00+0200,35718.06,MW,FR,FR,actual_load,Actual Load,2026-08-09T15:49:09Z
2026-08-09T15:48:21Z,2026-08-09T17:48:21+0200,d1ee186b-63c3-474e-8770-b1ce1a43e356,2026-08-04T01:45:00Z,2026-08-04T03:45:00+0200,35589.02,MW,FR,FR,actual_load,Actual Load,2026-08-09T15:49:09Z
2026-08-09T15:48:21Z,2026-08-09T17:48:21+0200,d1ee186b-63c3-474e-8770-b1ce1a43e356,2026-08-04T02:00:00Z,2026-08-04T04:00:00+0200,35634.46,MW,FR,FR,actual_load,Actual Load,2026-08-09T15:49:09Z
2026-08-09T15:48:21Z,2026-08-09T17:48:21+0200,d1ee186b-63c3-474e-8770-b1ce1a43e356,2026-08-04T02:15:00Z,2026-08-04T04:15:00+0200,35436.44,MW,FR,FR,actual_load,Actual Load,2026-08-09T15:49:09Z
2026-08-09T15:48:21Z,2026-08-09T17:48:21+0200,d1ee186b-63c3-474e-8770-b1ce1a43e356,2026-08-04T02:30:00Z,2026-08-04T04:30:00+0200,35410.57,MW,FR,FR,actual_load,Actual Load,2026-08-09T15:49:09Z
2026-08-09T15:48:21Z,2026-08-09T17:48:21+0200,d1ee186b-63c3-474e-8770-b1ce1a43e356,2026-08-04T02:45:00Z,2026-08-04T04:45:00+0200,35728.84,MW,FR,FR,actual_load,Actual Load,2026-08-09T15:49:09Z
2026-08-09T15:48:21Z,2026-08-09T17:48:21+0200,d1ee186b-63c3-474e-8770-b1ce1a43e356,2026-08-04T03:00:00Z,2026-08-04T05:00:00+0200,36341.19,MW,FR,FR,actual_load,Actual Load,2026-08-09T15:49:09Z
2026-08-09T15:48:21Z,2026-08-09T17:48:21+0200,d1ee186b-63c3-474e-8770-b1ce1a43e356,2026-08-04T03:15:00Z,2026-08-04T05:15:00+0200,36644.3,MW,FR,FR,actual_load,Actual Load,2026-08-09T15:49:09Z
2026-08-09T15:48:21Z,2026-08-09T17:48:21+0200,d1ee186b-63c3-474e-8770-b1ce1a43e356,2026-08-04T03:30:00Z,2026-08-04T05:30:00+0200,37107.83,MW,FR,FR,actual_load,Actual Load,2026-08-09T15:49:09Z
2026-08-09T15:48:21Z,2026-08-09T17:48:21+0200,d1ee186b-63c3-474e-8770-b1ce1a43e356,2026-08-04T03:45:00Z,2026-08-04T05:45:00+0200,37339.24,MW,FR,FR,actual_load,Actual Load,2026-08-09T15:49:09Z
2026-08-09T15:48:21Z,2026-08-09T17:48:21+0200,d1ee186b-63c3-474e-8770-b1ce1a43e356,2026-08-04T04:00:00Z,2026-08-04T06:00:00+0200,37863.5,MW,FR,FR,actual_load,Actual Load,2026-08-09T15:49:09Z
2026-08-09T15:48:21Z,2026-08-09T17:48:21+0200,d1ee186b-63c3-474e-8770-b1ce1a43e356,2026-08-04T04:15:00Z,2026-08-04T06:15:00+0200,38269.08,MW,FR,FR,actual_load,Actual Load,2026-08-09T15:49:09Z
2026-08-09T15:48:21Z,2026-08-09T17:48:21+0200,d1ee186b-63c3-474e-8770-b1ce1a43e356,2026-08-04T04:30:00Z,2026-08-04T06:30:00+0200,38505.36,MW,FR,FR,actual_load,Actual Load,2026-08-09T15:49:09Z
2026-08-09T15:48:21Z,2026-08-09T17:48:21+0200,d1ee186b-63c3-474e-8770-b1ce1a43e356,2026-08-04T04:45:00Z,2026-08-04T06:45:00+0200,38870.17,MW,FR,FR,actual_load,Actual Load,2026-08-09T15:49:09Z
2026-08-09T15:48:21Z,2026-08-09T17:48:21+0200,d1ee186b-63c3-474e-8770-b1ce1a43e356,2026-08-04T05:00:00Z,2026-08-04T07:00:00+0200,39346.14,MW,FR,FR,actual_load,Actual Load,2026-08-09T15:49:09Z
2026-08-09T15:48:21Z,2026-08-09T17:48:21+0200,d1ee186b-63c3-474e-8770-b1ce1a43e356,2026-08-04T05:15:00Z,2026-08-04T07:15:00+0200,40025.12,MW,FR,FR,actual_load,Actual Load,2026-08-09T15:49:09Z
2026-08-09T15:48:21Z,2026-08-09T17:48:21+0200,d1ee186b-63c3-474e-8770-b1ce1a43e356,2026-08-04T05:30:00Z,2026-08-04T07:30:00+0200,40578.26,MW,FR,FR,actual_load,Actual Load,2026-08-09T15:49:09Z
2026-08-09T15:48:21Z,2026-08-09T17:48:21+0200,d1ee186b-63c3-474e-8770-b1ce1a43e356,2026-08-04T05:45:00Z,2026-08-04T07:45:00+0200,41368.97,MW,FR,FR,actual_load,Actual Load,2026-08-09T15:49:09Z
2026-08-09T15:48:21Z,2026-08-09T17:48:21+0200,d1ee186b-63c3-474e-8770-b1ce1a43e356,2026-08-04T06:00:00Z,2026-08-04T08:00:00+0200,42170.52,MW,FR,FR,actual_load,Actual Load,2026-08-09T15:49:09Z
2026-08-09T15:48:21Z,2026-08-09T17:48:21+0200,d1ee186b-63c3-474e-8770-b1ce1a43e356,2026-08-04T06:15:00Z,2026-08-04T08:15:00+0200,42795.89,MW,FR,FR,actual_load,Actual Load,2026-08-09T15:49:09Z
2026-08-09T15:48:21Z,2026-08-09T17:48:21+0200,d1ee186b-63c3-474e-8770-b1ce1a43e356,2026-08-04T06:30:00Z,2026-08-04T08:30:00+0200,43220.98,MW,FR,FR,actual_load,Actual Load,2026-08-09T15:49:09Z
2026-08-09T15:48:21Z,2026-08-09T17:48:21+0200,d1ee186b-63c3-474e-8770-b1ce1a43e356,2026-08-04T06:45:00Z,2026-08-04T08:45:00+0200,43782.77,MW,FR,FR,actual_load,Actual Load,2026-08-09T15:49:09Z
2026-08-09T15:48:21Z,2026-08-09T17:48:21+0200,d1ee186b-63c3-474e-8770-b1ce1a43e356,2026-08-04T07:00:00Z,2026-08-04T09:00:00+0200,44082.92,MW,FR,FR,actual_load,Actual Load,2026-08-09T15:49:09Z
2026-08-09T15:48:21Z,2026-08-09T17:48:21+0200,d1ee186b-63c3-474e-8770-b1ce1a43e356,2026-08-04T07:15:00Z,2026-08-04T09:15:00+0200,44780.8,MW,FR,FR,actual_load,Actual Load,2026-08-09T15:49:09Z
2026-08-09T15:48:21Z,2026-08-09T17:48:21+0200,d1ee186b-63c3-474e-8770-b1ce1a43e356,2026-08-04T07:30:00Z,2026-08-04T09:30:00+0200,45461.67,MW,FR,FR,actual_load,Actual Load,2026-08-09T15:49:09Z
2026-08-09T15:48:21Z,2026-08-09T17:48:21+0200,d1ee186b-63c3-474e-8770-b1ce1a43e356,2026-08-04T07:45:00Z,2026-08-04T09:45:00+0200,45927.08,MW,FR,FR,actual_load,Actual Load,2026-08-09T15:49:09Z
2026-08-09T15:48:21Z,2026-08-09T17:48:21+0200,d1ee186b-63c3-474e-8770-b1ce1a43e356,2026-08-04T08:00:00Z,2026-08-04T10:00:00+0200,46390.58,MW,FR,FR,actual_load,Actual Load,2026-08-09T15:49:09Z
2026-08-09T15:48:21Z,2026-08-09T17:48:21+0200,d1ee186b-63c3-474e-8770-b1ce1a43e356,2026-08-04T08:15:00Z,2026-08-04T10:15:00+0200,46859.37,MW,FR,FR,actual_load,Actual Load,2026-08-09T15:49:09Z
2026-08-09T15:48:21Z,2026-08-09T17:48:21+0200,d1ee186b-63c3-474e-8770-b1ce1a43e356,2026-08-04T08:30:00Z,2026-08-04T10:30:00+0200,47134.14,MW,FR,FR,actual_load,Actual Load,2026-08-09T15:49:09Z
2026-08-09T15:48:21Z,2026-08-09T17:48:21+0200,d1ee186b-63c3-474e-8770-b1ce1a43e356,2026-08-04T08:45:00Z,2026-08-04T10:45:00+0200,47318.71,MW,FR,FR,actual_load,Actual Load,2026-08-09T15:49:09Z
2026-08-09T15:48:21Z,2026-08-09T17:48:21+0200,d1ee186b-63c3-474e-8770-b1ce1a43e356,2026-08-04T09:00:00Z,2026-08-04T11:00:00+0200,47908.34,MW,FR,FR,actual_load,Actual Load,2026-08-09T15:49:09Z
2026-08-09T15:48:21Z,2026-08-09T17:48:21+0200,d1ee186b-63c3-474e-8770-b1ce1a43e356,2026-08-04T09:15:00Z,2026-08-04T11:15:00+0200,48290.95,MW,FR,FR,actual_load,Actual Load,2026-08-09T15:49:09Z
2026-08-09T15:48:21Z,2026-08-09T17:48:21+0200,d1ee186b-63c3-474e-8770-b1ce1a43e356,2026-08-04T09:30:00Z,2026-08-04T11:30:00+0200,48559.88,MW,FR,FR,actual_load,Actual Load,2026-08-09T15:49:09Z
2026-08-09T15:48:21Z,2026-08-09T17:48:21+0200,d1ee186b-63c3-474e-8770-b1ce1a43e356,2026-08-04T09:45:00Z,2026-08-04T11:45:00+0200,49080.46,MW,FR,FR,actual_load,Actual Load,2026-08-09T15:49:09Z
2026-08-09T15:48:21Z,2026-08-09T17:48:21+0200,d1ee186b-63c3-474e-8770-b1ce1a43e356,2026-08-04T10:00:00Z,2026-08-04T12:00:00+0200,49531.93,MW,FR,FR,actual_load,Actual Load,2026-08-09T15:49:09Z
2026-08-09T15:48:21Z,2026-08-09T17:48:21+0200,d1ee186b-63c3-474e-8770-b1ce1a43e356,2026-08-04T10:15:00Z,2026-08-04T12:15:00+0200,49435.62,MW,FR,FR,actual_load,Actual Load,2026-08-09T15:49:09Z
2026-08-09T15:48:21Z,2026-08-09T17:48:21+0200,d1ee186b-63c3-474e-8770-b1ce1a43e356,2026-08-04T10:30:00Z,2026-08-04T12:30:00+0200,49654.02,MW,FR,FR,actual_load,Actual Load,2026-08-09T15:49:09Z
2026-08-09T15:48:21Z,2026-08-09T17:48:21+0200,d1ee186b-63c3-474e-8770-b1ce1a43e356,2026-08-04T10:45:00Z,2026-08-04T12:45:00+0200,49267.12,MW,FR,FR,actual_load,Actual Load,2026-08-09T15:49:09Z
2026-08-09T15:48:21Z,2026-08-09T17:48:21+0200,d1ee186b-63c3-474e-8770-b1ce1a43e356,2026-08-04T11:00:00Z,2026-08-04T13:00:00+0200,49115.83,MW,FR,FR,actual_load,Actual Load,2026-08-09T15:49:09Z
2026-08-09T15:48:21Z,2026-08-09T17:48:21+0200,d1ee186b-63c3-474e-8770-b1ce1a43e356,2026-08-04T11:15:00Z,2026-08-04T13:15:00+0200,48647.84,MW,FR,FR,actual_load,Actual Load,2026-08-09T15:49:09Z
2026-08-09T15:48:21Z,2026-08-09T17:48:21+0200,d1ee186b-63c3-474e-8770-b1ce1a43e356,2026-08-04T11:30:00Z,2026-08-04T13:30:00+0200,48732.17,MW,FR,FR,actual_load,Actual Load,2026-08-09T15:49:09Z
2026-08-09T15:48:21Z,2026-08-09T17:48:21+0200,d1ee186b-63c3-474e-8770-b1ce1a43e356,2026-08-04T11:45:00Z,2026-08-04T13:45:00+0200,49057.11,MW,FR,FR,actual_load,Actual Load,2026-08-09T15:49:09Z
2026-08-09T15:48:21Z,2026-08-09T17:48:21+0200,d1ee186b-63c3-474e-8770-b1ce1a43e356,2026-08-04T12:00:00Z,2026-08-04T14:00:00+0200,50058.89,MW,FR,FR,actual_load,Actual Load,2026-08-09T15:49:09Z
2026-08-09T15:48:21Z,2026-08-09T17:48:21+0200,d1ee186b-63c3-474e-8770-b1ce1a43e356,2026-08-04T12:15:00Z,2026-08-04T14:15:00+0200,50092.25,MW,FR,FR,actual_load,Actual Load,2026-08-09T15:49:09Z
2026-08-09T15:48:21Z,2026-08-09T17:48:21+0200,d1ee186b-63c3-474e-8770-b1ce1a43e356,2026-08-04T12:30:00Z,2026-08-04T14:30:00+0200,50448.64,MW,FR,FR,actual_load,Actual Load,2026-08-09T15:49:09Z
2026-08-09T15:48:21Z,2026-08-09T17:48:21+0200,d1ee186b-63c3-474e-8770-b1ce1a43e356,2026-08-04T12:45:00Z,2026-08-04T14:45:00+0200,50297.33,MW,FR,FR,actual_load,Actual Load,2026-08-09T15:49:09Z
2026-08-09T15:48:21Z,2026-08-09T17:48:21+0200,d1ee186b-63c3-474e-8770-b1ce1a43e356,2026-08-04T13:00:00Z,2026-08-04T15:00:00+0200,50145.83,MW,FR,FR,actual_load,Actual Load,2026-08-09T15:49:09Z
2026-08-09T15:48:21Z,2026-08-09T17:48:21+0200,d1ee186b-63c3-474e-8770-b1ce1a43e356,2026-08-04T13:15:00Z,2026-08-04T15:15:00+0200,49877.13,MW,FR,FR,actual_load,Actual Load,2026-08-09T15:49:09Z
2026-08-09T15:48:21Z,2026-08-09T17:48:21+0200,d1ee186b-63c3-474e-8770-b1ce1a43e356,2026-08-04T13:30:00Z,2026-08-04T15:30:00+0200,49365.59,MW,FR,FR,actual_load,Actual Load,2026-08-09T15:49:09Z
2026-08-09T15:48:21Z,2026-08-09T17:48:21+0200,d1ee186b-63c3-474e-8770-b1ce1a43e356,2026-08-04T13:45:00Z,2026-08-04T15:45:00+0200,49014.7,MW,FR,FR,actual_load,Actual Load,2026-08-09T15:49:09Z
2026-08-09T15:48:21Z,2026-08-09T17:48:21+0200,d1ee186b-63c3-474e-8770-b1ce1a43e356,2026-08-04T14:00:00Z,2026-08-04T16:00:00+0200,48703.46,MW,FR,FR,actual_load,Actual Load,2026-08-09T15:49:09Z
2026-08-09T15:48:21Z,2026-08-09T17:48:21+0200,d1ee186b-63c3-474e-8770-b1ce1a43e356,2026-08-04T14:15:00Z,2026-08-04T16:15:00+0200,48679.6,MW,FR,FR,actual_load,Actual Load,2026-08-09T15:49:09Z
2026-08-09T15:48:21Z,2026-08-09T17:48:21+0200,d1ee186b-63c3-474e-8770-b1ce1a43e356,2026-08-04T14:30:00Z,2026-08-04T16:30:00+0200,48500.9,MW,FR,FR,actual_load,Actual Load,2026-08-09T15:49:09Z
2026-08-09T15:48:21Z,2026-08-09T17:48:21+0200,d1ee186b-63c3-474e-8770-b1ce1a43e356,2026-08-04T14:45:00Z,2026-08-04T16:45:00+0200,48505.12,MW,FR,FR,actual_load,Actual Load,2026-08-09T15:49:09Z
2026-08-09T15:48:21Z,2026-08-09T17:48:21+0200,d1ee186b-63c3-474e-8770-b1ce1a43e356,2026-08-04T15:00:00Z,2026-08-04T17:00:00+0200,48395.32,MW,FR,FR,actual_load,Actual Load,2026-08-09T15:49:09Z
2026-08-09T15:48:21Z,2026-08-09T17:48:21+0200,d1ee186b-63c3-474e-8770-b1ce1a43e356,2026-08-04T15:15:00Z,2026-08-04T17:15:00+0200,48163.0,MW,FR,FR,actual_load,Actual Load,2026-08-09T15:49:09Z
2026-08-09T15:48:21Z,2026-08-09T17:48:21+0200,d1ee186b-63c3-474e-8770-b1ce1a43e356,2026-08-04T15:30:00Z,2026-08-04T17:30:00+0200,48229.87,MW,FR,FR,actual_load,Actual Load,2026-08-09T15:49:09Z
2026-08-09T15:48:21Z,2026-08-09T17:48:21+0200,d1ee186b-63c3-474e-8770-b1ce1a43e356,2026-08-04T15:45:00Z,2026-08-04T17:45:00+0200,48682.77,MW,FR,FR,actual_load,Actual Load,2026-08-09T15:49:09Z
2026-08-09T15:48:21Z,2026-08-09T17:48:21+0200,d1ee186b-63c3-474e-8770-b1ce1a43e356,2026-08-04T16:00:00Z,2026-08-04T18:00:00+0200,48793.84,MW,FR,FR,actual_load,Actual Load,2026-08-09T15:49:09Z
2026-08-09T15:48:21Z,2026-08-09T17:48:21+0200,d1ee186b-63c3-474e-8770-b1ce1a43e356,2026-08-04T16:15:00Z,2026-08-04T18:15:00+0200,49001.82,MW,FR,FR,actual_load,Actual Load,2026-08-09T15:49:09Z
2026-08-09T15:48:21Z,2026-08-09T17:48:21+0200,d1ee186b-63c3-474e-8770-b1ce1a43e356,2026-08-04T16:30:00Z,2026-08-04T18:30:00+0200,49193.18,MW,FR,FR,actual_load,Actual Load,2026-08-09T15:49:09Z
2026-08-09T15:48:21Z,2026-08-09T17:48:21+0200,d1ee186b-63c3-474e-8770-b1ce1a43e356,2026-08-04T16:45:00Z,2026-08-04T18:45:00+0200,49722.48,MW,FR,FR,actual_load,Actual Load,2026-08-09T15:49:09Z
2026-08-09T15:48:21Z,2026-08-09T17:48:21+0200,d1ee186b-63c3-474e-8770-b1ce1a43e356,2026-08-04T17:00:00Z,2026-08-04T19:00:00+0200,49818.95,MW,FR,FR,actual_load,Actual Load,2026-08-09T15:49:09Z
2026-08-09T15:48:21Z,2026-08-09T17:48:21+0200,d1ee186b-63c3-474e-8770-b1ce1a43e356,2026-08-04T17:15:00Z,2026-08-04T19:15:00+0200,49621.4,MW,FR,FR,actual_load,Actual Load,2026-08-09T15:49:09Z
2026-08-09T15:48:21Z,2026-08-09T17:48:21+0200,d1ee186b-63c3-474e-8770-b1ce1a43e356,2026-08-04T17:30:00Z,2026-08-04T19:30:00+0200,49192.89,MW,FR,FR,actual_load,Actual Load,2026-08-09T15:49:09Z
2026-08-09T15:48:21Z,2026-08-09T17:48:21+0200,d1ee186b-63c3-474e-8770-b1ce1a43e356,2026-08-04T17:45:00Z,2026-08-04T19:45:00+0200,48762.49,MW,FR,FR,actual_load,Actual Load,2026-08-09T15:49:09Z
2026-08-09T15:48:21Z,2026-08-09T17:48:21+0200,d1ee186b-63c3-474e-8770-b1ce1a43e356,2026-08-04T18:00:00Z,2026-08-04T20:00:00+0200,48278.93,MW,FR,FR,actual_load,Actual Load,2026-08-09T15:49:09Z
2026-08-09T15:48:21Z,2026-08-09T17:48:21+0200,d1ee186b-63c3-474e-8770-b1ce1a43e356,2026-08-04T18:15:00Z,2026-08-04T20:15:00+0200,47722.21,MW,FR,FR,actual_load,Actual Load,2026-08-09T15:49:09Z
2026-08-09T15:48:21Z,2026-08-09T17:48:21+0200,d1ee186b-63c3-474e-8770-b1ce1a43e356,2026-08-04T18:30:00Z,2026-08-04T20:30:00+0200,47140.1,MW,FR,FR,actual_load,Actual Load,2026-08-09T15:49:09Z
2026-08-09T15:48:21Z,2026-08-09T17:48:21+0200,d1ee186b-63c3-474e-8770-b1ce1a43e356,2026-08-04T18:45:00Z,2026-08-04T20:45:00+0200,46659.22,MW,FR,FR,actual_load,Actual Load,2026-08-09T15:49:09Z
2026-08-09T15:48:21Z,2026-08-09T17:48:21+0200,d1ee186b-63c3-474e-8770-b1ce1a43e356,2026-08-04T19:00:00Z,2026-08-04T21:00:00+0200,46278.78,MW,FR,FR,actual_load,Actual Load,2026-08-09T15:49:09Z
2026-08-09T15:48:21Z,2026-08-09T17:48:21+0200,d1ee186b-63c3-474e-8770-b1ce1a43e356,2026-08-04T19:15:00Z,2026-08-04T21:15:00+0200,46093.85,MW,FR,FR,actual_load,Actual Load,2026-08-09T15:49:09Z
2026-08-09T15:48:21Z,2026-08-09T17:48:21+0200,d1ee186b-63c3-474e-8770-b1ce1a43e356,2026-08-04T19:30:00Z,2026-08-04T21:30:00+0200,46110.53,MW,FR,FR,actual_load,Actual Load,2026-08-09T15:49:09Z
2026-08-09T15:48:21Z,2026-08-09T17:48:21+0200,d1ee186b-63c3-474e-8770-b1ce1a43e356,2026-08-04T19:45:00Z,2026-08-04T21:45:00+0200,45819.27,MW,FR,FR,actual_load,Actual Load,2026-08-09T15:49:09Z
2026-08-09T15:48:21Z,2026-08-09T17:48:21+0200,d1ee186b-63c3-474e-8770-b1ce1a43e356,2026-08-04T20:00:00Z,2026-08-04T22:00:00+0200,46690.86,MW,FR,FR,actual_load,Actual Load,2026-08-09T15:49:09Z
2026-08-09T15:48:21Z,2026-08-09T17:48:21+0200,d1ee186b-63c3-474e-8770-b1ce1a43e356,2026-08-04T20:15:00Z,2026-08-04T22:15:00+0200,46418.79,MW,FR,FR,actual_load,Actual Load,2026-08-09T15:49:09Z
2026-08-09T15:48:21Z,2026-08-09T17:48:21+0200,d1ee186b-63c3-474e-8770-b1ce1a43e356,2026-08-04T20:30:00Z,2026-08-04T22:30:00+0200,47433.36,MW,FR,FR,actual_load,Actual Load,2026-08-09T15:49:09Z
2026-08-09T15:48:21Z,2026-08-09T17:48:21+0200,d1ee186b-63c3-474e-8770-b1ce1a43e356,2026-08-04T20:45:00Z,2026-08-04T22:45:00+0200,46739.5,MW,FR,FR,actual_load,Actual Load,2026-08-09T15:49:09Z
2026-08-09T15:48:21Z,2026-08-09T17:48:21+0200,d1ee186b-63c3-474e-8770-b1ce1a43e356,2026-08-04T21:00:00Z,2026-08-04T23:00:00+0200,46337.93,MW,FR,FR,actual_load,Actual Load,2026-08-09T15:49:09Z
2026-08-09T15:48:21Z,2026-08-09T17:48:21+0200,d1ee186b-63c3-474e-8770-b1ce1a43e356,2026-08-04T21:15:00Z,2026-08-04T23:15:00+0200,45377.44,MW,FR,FR,actual_load,Actual Load,2026-08-09T15:49:09Z
2026-08-09T15:48:21Z,2026-08-09T17:48:21+0200,d1ee186b-63c3-474e-8770-b1ce1a43e356,2026-08-04T21:30:00Z,2026-08-04T23:30:00+0200,45375.4,MW,FR,FR,actual_load,Actual Load,2026-08-09T15:49:09Z
2026-08-09T15:48:21Z,2026-08-09T17:48:21+0200,d1ee186b-63c3-474e-8770-b1ce1a43e356,2026-08-04T21:45:00Z,2026-08-04T23:45:00+0200,44431.19,MW,FR,FR,actual_load,Actual Load,2026-08-09T15:49:09Z
2026-08-09T15:48:21Z,2026-08-09T17:48:21+0200,d1ee186b-63c3-474e-8770-b1ce1a43e356,2026-08-04T22:00:00Z,2026-08-05T00:00:00+0200,44183.79,MW,FR,FR,actual_load,Actual Load,2026-08-09T15:49:09Z
2026-08-09T15:48:21Z,2026-08-09T17:48:21+0200,d1ee186b-63c3-474e-8770-b1ce1a43e356,2026-08-04T22:15:00Z,2026-08-05T00:15:00+0200,43041.32,MW,FR,FR,actual_load,Actual Load,2026-08-09T15:49:09Z
2026-08-09T15:48:21Z,2026-08-09T17:48:21+0200,d1ee186b-63c3-474e-8770-b1ce1a43e356,2026-08-04T22:30:00Z,2026-08-05T00:30:00+0200,41729.8,MW,FR,FR,actual_load,Actual Load,2026-08-09T15:49:09Z
2026-08-09T15:48:21Z,2026-08-09T17:48:21+0200,d1ee186b-63c3-474e-8770-b1ce1a43e356,2026-08-04T22:45:00Z,2026-08-05T00:45:00+0200,40905.3,MW,FR,FR,actual_load,Actual Load,2026-08-09T15:49:09Z
2026-08-09T15:48:21Z,2026-08-09T17:48:21+0200,d1ee186b-63c3-474e-8770-b1ce1a43e356,2026-08-04T23:00:00Z,2026-08-05T01:00:00+0200,41215.3,MW,FR,FR,actual_load,Actual Load,2026-08-09T15:49:09Z
2026-08-09T15:48:21Z,2026-08-09T17:48:21+0200,d1ee186b-63c3-474e-8770-b1ce1a43e356,2026-08-04T23:15:00Z,2026-08-05T01:15:00+0200,40564.48,MW,FR,FR,actual_load,Actual Load,2026-08-09T15:49:09Z
2026-08-09T15:48:21Z,2026-08-09T17:48:21+0200,d1ee186b-63c3-474e-8770-b1ce1a43e356,2026-08-04T23:30:00Z,2026-08-05T01:30:00+0200,40454.41,MW,FR,FR,actual_load,Actual Load,2026-08-09T15:49:09Z
2026-08-09T15:48:21Z,2026-08-09T17:48:21+0200,d1ee186b-63c3-474e-8770-b1ce1a43e356,2026-08-04T23:45:00Z,2026-08-05T01:45:00+0200,39733.93,MW,FR,FR,actual_load,Actual Load,2026-08-09T15:49:09Z
2026-08-09T15:48:21Z,2026-08-09T17:48:21+0200,d1ee186b-63c3-474e-8770-b1ce1a43e356,2026-08-05T00:00:00Z,2026-08-05T02:00:00+0200,39306.66,MW,FR,FR,actual_load,Actual Load,2026-08-09T15:49:09Z
2026-08-09T15:48:21Z,2026-08-09T17:48:21+0200,d1ee186b-63c3-474e-8770-b1ce1a43e356,2026-08-05T00:15:00Z,2026-08-05T02:15:00+0200,38423.62,MW,FR,FR,actual_load,Actual Load,2026-08-09T15:49:09Z
2026-08-09T15:48:21Z,2026-08-09T17:48:21+0200,d1ee186b-63c3-474e-8770-b1ce1a43e356,2026-08-05T00:30:00Z,2026-08-05T02:30:00+0200,37809.53,MW,FR,FR,actual_load,Actual Load,2026-08-09T15:49:09Z
2026-08-09T15:48:21Z,2026-08-09T17:48:21+0200,d1ee186b-63c3-474e-8770-b1ce1a43e356,2026-08-05T00:45:00Z,2026-08-05T02:45:00+0200,37175.68,MW,FR,FR,actual_load,Actual Load,2026-08-09T15:49:09Z
2026-08-09T15:48:21Z,2026-08-09T17:48:21+0200,d1ee186b-63c3-474e-8770-b1ce1a43e356,2026-08-05T01:00:00Z,2026-08-05T03:00:00+0200,36560.15,MW,FR,FR,actual_load,Actual Load,2026-08-09T15:49:09Z
2026-08-09T15:48:21Z,2026-08-09T17:48:21+0200,d1ee186b-63c3-474e-8770-b1ce1a43e356,2026-08-05T01:15:00Z,2026-08-05T03:15:00+0200,36306.25,MW,FR,FR,actual_load,Actual Load,2026-08-09T15:49:09Z
2026-08-09T15:48:21Z,2026-08-09T17:48:21+0200,d1ee186b-63c3-474e-8770-b1ce1a43e356,2026-08-05T01:30:00Z,2026-08-05T03:30:00+0200,36283.38,MW,FR,FR,actual_load,Actual Load,2026-08-09T15:49:09Z
2026-08-09T15:48:21Z,2026-08-09T17:48:21+0200,d1ee186b-63c3-474e-8770-b1ce1a43e356,2026-08-05T01:45:00Z,2026-08-05T03:45:00+0200,36024.23,MW,FR,FR,actual_load,Actual Load,2026-08-09T15:49:09Z
2026-08-09T15:48:21Z,2026-08-09T17:48:21+0200,d1ee186b-63c3-474e-8770-b1ce1a43e356,2026-08-05T02:00:00Z,2026-08-05T04:00:00+0200,35871.54,MW,FR,FR,actual_load,Actual Load,2026-08-09T15:49:09Z
2026-08-09T15:48:21Z,2026-08-09T17:48:21+0200,d1ee186b-63c3-474e-8770-b1ce1a43e356,2026-08-05T02:15:00Z,2026-08-05T04:15:00+0200,35766.2,MW,FR,FR,actual_load,Actual Load,2026-08-09T15:49:09Z
2026-08-09T15:48:21Z,2026-08-09T17:48:21+0200,d1ee186b-63c3-474e-8770-b1ce1a43e356,2026-08-05T02:30:00Z,2026-08-05T04:30:00+0200,35870.58,MW,FR,FR,actual_load,Actual Load,2026-08-09T15:49:09Z
2026-08-09T15:48:21Z,2026-08-09T17:48:21+0200,d1ee186b-63c3-474e-8770-b1ce1a43e356,2026-08-05T02:45:00Z,2026-08-05T04:45:00+0200,35920.09,MW,FR,FR,actual_load,Actual Load,2026-08-09T15:49:09Z
2026-08-09T15:48:21Z,2026-08-09T17:48:21+0200,d1ee186b-63c3-474e-8770-b1ce1a43e356,2026-08-05T03:00:00Z,2026-08-05T05:00:00+0200,36421.94,MW,FR,FR,actual_load,Actual Load,2026-08-09T15:49:09Z
2026-08-09T15:48:21Z,2026-08-09T17:48:21+0200,d1ee186b-63c3-474e-8770-b1ce1a43e356,2026-08-05T03:15:00Z,2026-08-05T05:15:00+0200,36720.03,MW,FR,FR,actual_load,Actual Load,2026-08-09T15:49:09Z
2026-08-09T15:48:21Z,2026-08-09T17:48:21+0200,d1ee186b-63c3-474e-8770-b1ce1a43e356,2026-08-05T03:30:00Z,2026-08-05T05:30:00+0200,37050.41,MW,FR,FR,actual_load,Actual Load,2026-08-09T15:49:09Z
2026-08-09T15:48:21Z,2026-08-09T17:48:21+0200,d1ee186b-63c3-474e-8770-b1ce1a43e356,2026-08-05T03:45:00Z,2026-08-05T05:45:00+0200,37366.45,MW,FR,FR,actual_load,Actual Load,2026-08-09T15:49:09Z
2026-08-09T15:48:21Z,2026-08-09T17:48:21+0200,d1ee186b-63c3-474e-8770-b1ce1a43e356,2026-08-05T04:00:00Z,2026-08-05T06:00:00+0200,38087.45,MW,FR,FR,actual_load,Actual Load,2026-08-09T15:49:09Z
2026-08-09T15:48:21Z,2026-08-09T17:48:21+0200,d1ee186b-63c3-474e-8770-b1ce1a43e356,2026-08-05T04:15:00Z,2026-08-05T06:15:00+0200,38406.2,MW,FR,FR,actual_load,Actual Load,2026-08-09T15:49:09Z
2026-08-09T15:48:21Z,2026-08-09T17:48:21+0200,d1ee186b-63c3-474e-8770-b1ce1a43e356,2026-08-05T04:30:00Z,2026-08-05T06:30:00+0200,38523.77,MW,FR,FR,actual_load,Actual Load,2026-08-09T15:49:09Z
2026-08-09T15:48:21Z,2026-08-09T17:48:21+0200,d1ee186b-63c3-474e-8770-b1ce1a43e356,2026-08-05T04:45:00Z,2026-08-05T06:45:00+0200,38923.14,MW,FR,FR,actual_load,Actual Load,2026-08-09T15:49:09Z
2026-08-09T15:48:21Z,2026-08-09T17:48:21+0200,d1ee186b-63c3-474e-8770-b1ce1a43e356,2026-08-05T05:00:00Z,2026-08-05T07:00:00+0200,39534.17,MW,FR,FR,actual_load,Actual Load,2026-08-09T15:49:09Z
2026-08-09T15:48:21Z,2026-08-09T17:48:21+0200,d1ee186b-63c3-474e-8770-b1ce1a43e356,2026-08-05T05:15:00Z,2026-08-05T07:15:00+0200,40088.39,MW,FR,FR,actual_load,Actual Load,2026-08-09T15:49:09Z
2026-08-09T15:48:21Z,2026-08-09T17:48:21+0200,d1ee186b-63c3-474e-8770-b1ce1a43e356,2026-08-05T05:30:00Z,2026-08-05T07:30:00+0200,40553.43,MW,FR,FR,actual_load,Actual Load,2026-08-09T15:49:09Z
2026-08-09T15:48:21Z,2026-08-09T17:48:21+0200,d1ee186b-63c3-474e-8770-b1ce1a43e356,2026-08-05T05:45:00Z,2026-08-05T07:45:00+0200,41181.09,MW,FR,FR,actual_load,Actual Load,2026-08-09T15:49:09Z
2026-08-09T15:48:21Z,2026-08-09T17:48:21+0200,d1ee186b-63c3-474e-8770-b1ce1a43e356,2026-08-05T06:00:00Z,2026-08-05T08:00:00+0200,41918.41,MW,FR,FR,actual_load,Actual Load,2026-08-09T15:49:09Z
2026-08-09T15:48:21Z,2026-08-09T17:48:21+0200,d1ee186b-63c3-474e-8770-b1ce1a43e356,2026-08-05T06:15:00Z,2026-08-05T08:15:00+0200,42509.21,MW,FR,FR,actual_load,Actual Load,2026-08-09T15:49:09Z
2026-08-09T15:48:21Z,2026-08-09T17:48:21+0200,d1ee186b-63c3-474e-8770-b1ce1a43e356,2026-08-05T06:30:00Z,2026-08-05T08:30:00+0200,43200.43,MW,FR,FR,actual_load,Actual Load,2026-08-09T15:49:09Z
2026-08-09T15:48:21Z,2026-08-09T17:48:21+0200,d1ee186b-63c3-474e-8770-b1ce1a43e356,2026-08-05T06:45:00Z,2026-08-05T08:45:00+0200,43624.21,MW,FR,FR,actual_load,Actual Load,2026-08-09T15:49:09Z
2026-08-09T15:48:21Z,2026-08-09T17:48:21+0200,d1ee186b-63c3-474e-8770-b1ce1a43e356,2026-08-05T07:00:00Z,2026-08-05T09:00:00+0200,43914.02,MW,FR,FR,actual_load,Actual Load,2026-08-09T15:49:09Z
2026-08-09T15:48:21Z,2026-08-09T17:48:21+0200,d1ee186b-63c3-474e-8770-b1ce1a43e356,2026-08-05T07:15:00Z,2026-08-05T09:15:00+0200,44415.99,MW,FR,FR,actual_load,Actual Load,2026-08-09T15:49:09Z
2026-08-09T15:48:21Z,2026-08-09T17:48:21+0200,d1ee186b-63c3-474e-8770-b1ce1a43e356,2026-08-05T07:30:00Z,2026-08-05T09:30:00+0200,45338.58,MW,FR,FR,actual_load,Actual Load,2026-08-09T15:49:09Z
2026-08-09T15:48:21Z,2026-08-09T17:48:21+0200,d1ee186b-63c3-474e-8770-b1ce1a43e356,2026-08-05T07:45:00Z,2026-08-05T09:45:00+0200,45414.71,MW,FR,FR,actual_load,Actual Load,2026-08-09T15:49:09Z
2026-08-09T15:48:21Z,2026-08-09T17:48:21+0200,d1ee186b-63c3-474e-8770-b1ce1a43e356,2026-08-05T08:00:00Z,2026-08-05T10:00:00+0200,45759.81,MW,FR,FR,actual_load,Actual Load,2026-08-09T15:49:09Z
2026-08-09T15:48:21Z,2026-08-09T17:48:21+0200,d1ee186b-63c3-474e-8770-b1ce1a43e356,2026-08-05T08:15:00Z,2026-08-05T10:15:00+0200,46344.42,MW,FR,FR,actual_load,Actual Load,2026-08-09T15:49:09Z
2026-08-09T15:48:21Z,2026-08-09T17:48:21+0200,d1ee186b-63c3-474e-8770-b1ce1a43e356,2026-08-05T08:30:00Z,2026-08-05T10:30:00+0200,46911.8,MW,FR,FR,actual_load,Actual Load,2026-08-09T15:49:09Z
2026-08-09T15:48:21Z,2026-08-09T17:48:21+0200,d1ee186b-63c3-474e-8770-b1ce1a43e356,2026-08-05T08:45:00Z,2026-08-05T10:45:00+0200,47111.67,MW,FR,FR,actual_load,Actual Load,2026-08-09T15:49:09Z
2026-08-09T15:48:21Z,2026-08-09T17:48:21+0200,d1ee186b-63c3-474e-8770-b1ce1a43e356,2026-08-05T09:00:00Z,2026-08-05T11:00:00+0200,47405.62,MW,FR,FR,actual_load,Actual Load,2026-08-09T15:49:09Z
2026-08-09T15:48:21Z,2026-08-09T17:48:21+0200,d1ee186b-63c3-474e-8770-b1ce1a43e356,2026-08-05T09:15:00Z,2026-08-05T11:15:00+0200,47762.41,MW,FR,FR,actual_load,Actual Load,2026-08-09T15:49:09Z
2026-08-09T15:48:21Z,2026-08-09T17:48:21+0200,d1ee186b-63c3-474e-8770-b1ce1a43e356,2026-08-05T09:30:00Z,2026-08-05T11:30:00+0200,48215.81,MW,FR,FR,actual_load,Actual Load,2026-08-09T15:49:09Z
2026-08-09T15:48:21Z,2026-08-09T17:48:21+0200,d1ee186b-63c3-474e-8770-b1ce1a43e356,2026-08-05T09:45:00Z,2026-08-05T11:45:00+0200,48568.93,MW,FR,FR,actual_load,Actual Load,2026-08-09T15:49:09Z
2026-08-09T15:48:21Z,2026-08-09T17:48:21+0200,d1ee186b-63c3-474e-8770-b1ce1a43e356,2026-08-05T10:00:00Z,2026-08-05T12:00:00+0200,48977.09,MW,FR,FR,actual_load,Actual Load,2026-08-09T15:49:09Z
2026-08-09T15:48:21Z,2026-08-09T17:48:21+0200,d1ee186b-63c3-474e-8770-b1ce1a43e356,2026-08-05T10:15:00Z,2026-08-05T12:15:00+0200,48907.32,MW,FR,FR,actual_load,Actual Load,2026-08-09T15:49:09Z
2026-08-09T15:48:21Z,2026-08-09T17:48:21+0200,d1ee186b-63c3-474e-8770-b1ce1a43e356,2026-08-05T10:30:00Z,2026-08-05T12:30:00+0200,49701.86,MW,FR,FR,actual_load,Actual Load,2026-08-09T15:49:09Z
2026-08-09T15:48:21Z,2026-08-09T17:48:21+0200,d1ee186b-63c3-474e-8770-b1ce1a43e356,2026-08-05T10:45:00Z,2026-08-05T12:45:00+0200,49062.46,MW,FR,FR,actual_load,Actual Load,2026-08-09T15:49:09Z
2026-08-09T15:48:21Z,2026-08-09T17:48:21+0200,d1ee186b-63c3-474e-8770-b1ce1a43e356,2026-08-05T11:00:00Z,2026-08-05T13:00:00+0200,48947.39,MW,FR,FR,actual_load,Actual Load,2026-08-09T15:49:09Z
2026-08-09T15:48:21Z,2026-08-09T17:48:21+0200,d1ee186b-63c3-474e-8770-b1ce1a43e356,2026-08-05T11:15:00Z,2026-08-05T13:15:00+0200,48545.49,MW,FR,FR,actual_load,Actual Load,2026-08-09T15:49:09Z
2026-08-09T15:48:21Z,2026-08-09T17:48:21+0200,d1ee186b-63c3-474e-8770-b1ce1a43e356,2026-08-05T11:30:00Z,2026-08-05T13:30:00+0200,48526.3,MW,FR,FR,actual_load,Actual Load,2026-08-09T15:49:09Z
2026-08-09T15:48:21Z,2026-08-09T17:48:21+0200,d1ee186b-63c3-474e-8770-b1ce1a43e356,2026-08-05T11:45:00Z,2026-08-05T13:45:00+0200,48685.8,MW,FR,FR,actual_load,Actual Load,2026-08-09T15:49:09Z
2026-08-09T15:48:21Z,2026-08-09T17:48:21+0200,d1ee186b-63c3-474e-8770-b1ce1a43e356,2026-08-05T12:00:00Z,2026-08-05T14:00:00+0200,49762.53,MW,FR,FR,actual_load,Actual Load,2026-08-09T15:49:09Z
2026-08-09T15:48:21Z,2026-08-09T17:48:21+0200,d1ee186b-63c3-474e-8770-b1ce1a43e356,2026-08-05T12:15:00Z,2026-08-05T14:15:00+0200,49720.18,MW,FR,FR,actual_load,Actual Load,2026-08-09T15:49:09Z
2026-08-09T15:48:21Z,2026-08-09T17:48:21+0200,d1ee186b-63c3-474e-8770-b1ce1a43e356,2026-08-05T12:30:00Z,2026-08-05T14:30:00+0200,49928.39,MW,FR,FR,actual_load,Actual Load,2026-08-09T15:49:09Z
2026-08-09T15:48:21Z,2026-08-09T17:48:21+0200,d1ee186b-63c3-474e-8770-b1ce1a43e356,2026-08-05T12:45:00Z,2026-08-05T14:45:00+0200,49527.3,MW,FR,FR,actual_load,Actual Load,2026-08-09T15:49:09Z
2026-08-09T15:48:21Z,2026-08-09T17:48:21+0200,d1ee186b-63c3-474e-8770-b1ce1a43e356,2026-08-05T13:00:00Z,2026-08-05T15:00:00+0200,49436.22,MW,FR,FR,actual_load,Actual Load,2026-08-09T15:49:09Z
2026-08-09T15:48:21Z,2026-08-09T17:48:21+0200,d1ee186b-63c3-474e-8770-b1ce1a43e356,2026-08-05T13:15:00Z,2026-08-05T15:15:00+0200,48813.25,MW,FR,FR,actual_load,Actual Load,2026-08-09T15:49:09Z
2026-08-09T15:48:21Z,2026-08-09T17:48:21+0200,d1ee186b-63c3-474e-8770-b1ce1a43e356,2026-08-05T13:30:00Z,2026-08-05T15:30:00+0200,48423.97,MW,FR,FR,actual_load,Actual Load,2026-08-09T15:49:09Z
2026-08-09T15:48:21Z,2026-08-09T17:48:21+0200,d1ee186b-63c3-474e-8770-b1ce1a43e356,2026-08-05T13:45:00Z,2026-08-05T15:45:00+0200,47296.14,MW,FR,FR,actual_load,Actual Load,2026-08-09T15:49:09Z
2026-08-09T15:48:21Z,2026-08-09T17:48:21+0200,d1ee186b-63c3-474e-8770-b1ce1a43e356,2026-08-05T14:00:00Z,2026-08-05T16:00:00+0200,47495.3,MW,FR,FR,actual_load,Actual Load,2026-08-09T15:49:09Z
2026-08-09T15:48:21Z,2026-08-09T17:48:21+0200,d1ee186b-63c3-474e-8770-b1ce1a43e356,2026-08-05T14:15:00Z,2026-08-05T16:15:00+0200,47239.67,MW,FR,FR,actual_load,Actual Load,2026-08-09T15:49:09Z
2026-08-09T15:48:21Z,2026-08-09T17:48:21+0200,d1ee186b-63c3-474e-8770-b1ce1a43e356,2026-08-05T14:30:00Z,2026-08-05T16:30:00+0200,47457.8,MW,FR,FR,actual_load,Actual Load,2026-08-09T15:49:09Z
2026-08-09T15:48:21Z,2026-08-09T17:48:21+0200,d1ee186b-63c3-474e-8770-b1ce1a43e356,2026-08-05T14:45:00Z,2026-08-05T16:45:00+0200,47254.47,MW,FR,FR,actual_load,Actual Load,2026-08-09T15:49:09Z
2026-08-09T15:48:21Z,2026-08-09T17:48:21+0200,d1ee186b-63c3-474e-8770-b1ce1a43e356,2026-08-05T15:00:00Z,2026-08-05T17:00:00+0200,47014.64,MW,FR,FR,actual_load,Actual Load,2026-08-09T15:49:09Z
2026-08-09T15:48:21Z,2026-08-09T17:48:21+0200,d1ee186b-63c3-474e-8770-b1ce1a43e356,2026-08-05T15:15:00Z,2026-08-05T17:15:00+0200,47237.37,MW,FR,FR,actual_load,Actual Load,2026-08-09T15:49:09Z
2026-08-09T15:48:21Z,2026-08-09T17:48:21+0200,d1ee186b-63c3-474e-8770-b1ce1a43e356,2026-08-05T15:30:00Z,2026-08-05T17:30:00+0200,47521.95,MW,FR,FR,actual_load,Actual Load,2026-08-09T15:49:09Z
2026-08-09T15:48:21Z,2026-08-09T17:48:21+0200,d1ee186b-63c3-474e-8770-b1ce1a43e356,2026-08-05T15:45:00Z,2026-08-05T17:45:00+0200,47807.52,MW,FR,FR,actual_load,Actual Load,2026-08-09T15:49:09Z
2026-08-09T15:48:21Z,2026-08-09T17:48:21+0200,d1ee186b-63c3-474e-8770-b1ce1a43e356,2026-08-05T16:00:00Z,2026-08-05T18:00:00+0200,47918.98,MW,FR,FR,actual_load,Actual Load,2026-08-09T15:49:09Z
2026-08-09T15:48:21Z,2026-08-09T17:48:21+0200,d1ee186b-63c3-474e-8770-b1ce1a43e356,2026-08-05T16:15:00Z,2026-08-05T18:15:00+0200,48447.83,MW,FR,FR,actual_load,Actual Load,2026-08-09T15:49:09Z
2026-08-09T15:48:21Z,2026-08-09T17:48:21+0200,d1ee186b-63c3-474e-8770-b1ce1a43e356,2026-08-05T16:30:00Z,2026-08-05T18:30:00+0200,48739.32,MW,FR,FR,actual_load,Actual Load,2026-08-09T15:49:09Z
2026-08-09T15:48:21Z,2026-08-09T17:48:21+0200,d1ee186b-63c3-474e-8770-b1ce1a43e356,2026-08-05T16:45:00Z,2026-08-05T18:45:00+0200,49017.52,MW,FR,FR,actual_load,Actual Load,2026-08-09T15:49:09Z
2026-08-09T15:48:21Z,2026-08-09T17:48:21+0200,d1ee186b-63c3-474e-8770-b1ce1a43e356,2026-08-05T17:00:00Z,2026-08-05T19:00:00+0200,49446.65,MW,FR,FR,actual_load,Actual Load,2026-08-09T15:49:09Z
2026-08-09T15:48:21Z,2026-08-09T17:48:21+0200,d1ee186b-63c3-474e-8770-b1ce1a43e356,2026-08-05T17:15:00Z,2026-08-05T19:15:00+0200,49529.21,MW,FR,FR,actual_load,Actual Load,2026-08-09T15:49:09Z
2026-08-09T15:48:21Z,2026-08-09T17:48:21+0200,d1ee186b-63c3-474e-8770-b1ce1a43e356,2026-08-05T17:30:00Z,2026-08-05T19:30:00+0200,49281.18,MW,FR,FR,actual_load,Actual Load,2026-08-09T15:49:09Z
2026-08-09T15:48:21Z,2026-08-09T17:48:21+0200,d1ee186b-63c3-474e-8770-b1ce1a43e356,2026-08-05T17:45:00Z,2026-08-05T19:45:00+0200,48832.59,MW,FR,FR,actual_load,Actual Load,2026-08-09T15:49:09Z
2026-08-09T15:48:21Z,2026-08-09T17:48:21+0200,d1ee186b-63c3-474e-8770-b1ce1a43e356,2026-08-05T18:00:00Z,2026-08-05T20:00:00+0200,48319.29,MW,FR,FR,actual_load,Actual Load,2026-08-09T15:49:09Z
2026-08-09T15:48:21Z,2026-08-09T17:48:21+0200,d1ee186b-63c3-474e-8770-b1ce1a43e356,2026-08-05T18:15:00Z,2026-08-05T20:15:00+0200,47571.74,MW,FR,FR,actual_load,Actual Load,2026-08-09T15:49:09Z
2026-08-09T15:48:21Z,2026-08-09T17:48:21+0200,d1ee186b-63c3-474e-8770-b1ce1a43e356,2026-08-05T18:30:00Z,2026-08-05T20:30:00+0200,46861.51,MW,FR,FR,actual_load,Actual Load,2026-08-09T15:49:09Z
2026-08-09T15:48:21Z,2026-08-09T17:48:21+0200,d1ee186b-63c3-474e-8770-b1ce1a43e356,2026-08-05T18:45:00Z,2026-08-05T20:45:00+0200,46363.13,MW,FR,FR,actual_load,Actual Load,2026-08-09T15:49:09Z
2026-08-09T15:48:21Z,2026-08-09T17:48:21+0200,d1ee186b-63c3-474e-8770-b1ce1a43e356,2026-08-05T19:00:00Z,2026-08-05T21:00:00+0200,46281.87,MW,FR,FR,actual_load,Actual Load,2026-08-09T15:49:09Z
2026-08-09T15:48:21Z,2026-08-09T17:48:21+0200,d1ee186b-63c3-474e-8770-b1ce1a43e356,2026-08-05T19:15:00Z,2026-08-05T21:15:00+0200,46213.52,MW,FR,FR,actual_load,Actual Load,2026-08-09T15:49:09Z
2026-08-09T15:48:21Z,2026-08-09T17:48:21+0200,d1ee186b-63c3-474e-8770-b1ce1a43e356,2026-08-05T19:30:00Z,2026-08-05T21:30:00+0200,46005.59,MW,FR,FR,actual_load,Actual Load,2026-08-09T15:49:09Z
2026-08-09T15:48:21Z,2026-08-09T17:48:21+0200,d1ee186b-63c3-474e-8770-b1ce1a43e356,2026-08-05T19:45:00Z,2026-08-05T21:45:00+0200,45703.14,MW,FR,FR,actual_load,Actual Load,2026-08-09T15:49:09Z
2026-08-09T15:48:21Z,2026-08-09T17:48:21+0200,d1ee186b-63c3-474e-8770-b1ce1a43e356,2026-08-05T20:00:00Z,2026-08-05T22:00:00+0200,46551.12,MW,FR,FR,actual_load,Actual Load,2026-08-09T15:49:09Z
2026-08-09T15:48:21Z,2026-08-09T17:48:21+0200,d1ee186b-63c3-474e-8770-b1ce1a43e356,2026-08-05T20:15:00Z,2026-08-05T22:15:00+0200,46219.48,MW,FR,FR,actual_load,Actual Load,2026-08-09T15:49:09Z
2026-08-09T15:48:21Z,2026-08-09T17:48:21+0200,d1ee186b-63c3-474e-8770-b1ce1a43e356,2026-08-05T20:30:00Z,2026-08-05T22:30:00+0200,47127.1,MW,FR,FR,actual_load,Actual Load,2026-08-09T15:49:09Z
2026-08-09T15:48:21Z,2026-08-09T17:48:21+0200,d1ee186b-63c3-474e-8770-b1ce1a43e356,2026-08-05T20:45:00Z,2026-08-05T22:45:00+0200,46361.7,MW,FR,FR,actual_load,Actual Load,2026-08-09T15:49:09Z
2026-08-09T15:48:21Z,2026-08-09T17:48:21+0200,d1ee186b-63c3-474e-8770-b1ce1a43e356,2026-08-05T21:00:00Z,2026-08-05T23:00:00+0200,46073.29,MW,FR,FR,actual_load,Actual Load,2026-08-09T15:49:09Z
2026-08-09T15:48:21Z,2026-08-09T17:48:21+0200,d1ee186b-63c3-474e-8770-b1ce1a43e356,2026-08-05T21:15:00Z,2026-08-05T23:15:00+0200,45059.77,MW,FR,FR,actual_load,Actual Load,2026-08-09T15:49:09Z
2026-08-09T15:48:21Z,2026-08-09T17:48:21+0200,d1ee186b-63c3-474e-8770-b1ce1a43e356,2026-08-05T21:30:00Z,2026-08-05T23:30:00+0200,45220.96,MW,FR,FR,actual_load,Actual Load,2026-08-09T15:49:09Z
2026-08-09T15:48:21Z,2026-08-09T17:48:21+0200,d1ee186b-63c3-474e-8770-b1ce1a43e356,2026-08-05T21:45:00Z,2026-08-05T23:45:00+0200,44051.18,MW,FR,FR,actual_load,Actual Load,2026-08-09T15:49:09Z
2026-08-09T15:48:21Z,2026-08-09T17:48:21+0200,d1ee186b-63c3-474e-8770-b1ce1a43e356,2026-08-05T22:00:00Z,2026-08-06T00:00:00+0200,43921.85,MW,FR,FR,actual_load,Actual Load,2026-08-09T15:49:09Z
2026-08-09T15:48:21Z,2026-08-09T17:48:21+0200,d1ee186b-63c3-474e-8770-b1ce1a43e356,2026-08-05T22:15:00Z,2026-08-06T00:15:00+0200,42806.56,MW,FR,FR,actual_load,Actual Load,2026-08-09T15:49:09Z
2026-08-09T15:48:21Z,2026-08-09T17:48:21+0200,d1ee186b-63c3-474e-8770-b1ce1a43e356,2026-08-05T22:30:00Z,2026-08-06T00:30:00+0200,41634.92,MW,FR,FR,actual_load,Actual Load,2026-08-09T15:49:09Z
2026-08-09T15:48:21Z,2026-08-09T17:48:21+0200,d1ee186b-63c3-474e-8770-b1ce1a43e356,2026-08-05T22:45:00Z,2026-08-06T00:45:00+0200,40646.34,MW,FR,FR,actual_load,Actual Load,2026-08-09T15:49:09Z
2026-08-09T15:48:21Z,2026-08-09T17:48:21+0200,d1ee186b-63c3-474e-8770-b1ce1a43e356,2026-08-05T23:00:00Z,2026-08-06T01:00:00+0200,41027.56,MW,FR,FR,actual_load,Actual Load,2026-08-09T15:49:09Z
2026-08-09T15:48:21Z,2026-08-09T17:48:21+0200,d1ee186b-63c3-474e-8770-b1ce1a43e356,2026-08-05T23:15:00Z,2026-08-06T01:15:00+0200,40396.59,MW,FR,FR,actual_load,Actual Load,2026-08-09T15:49:09Z
2026-08-09T15:48:21Z,2026-08-09T17:48:21+0200,d1ee186b-63c3-474e-8770-b1ce1a43e356,2026-08-05T23:30:00Z,2026-08-06T01:30:00+0200,40179.98,MW,FR,FR,actual_load,Actual Load,2026-08-09T15:49:09Z
2026-08-09T15:48:21Z,2026-08-09T17:48:21+0200,d1ee186b-63c3-474e-8770-b1ce1a43e356,2026-08-05T23:45:00Z,2026-08-06T01:45:00+0200,39462.18,MW,FR,FR,actual_load,Actual Load,2026-08-09T15:49:09Z
2026-08-09T15:48:21Z,2026-08-09T17:48:21+0200,d1ee186b-63c3-474e-8770-b1ce1a43e356,2026-08-06T00:00:00Z,2026-08-06T02:00:00+0200,39134.17,MW,FR,FR,actual_load,Actual Load,2026-08-09T15:49:09Z
2026-08-09T15:48:21Z,2026-08-09T17:48:21+0200,d1ee186b-63c3-474e-8770-b1ce1a43e356,2026-08-06T00:15:00Z,2026-08-06T02:15:00+0200,38320.32,MW,FR,FR,actual_load,Actual Load,2026-08-09T15:49:09Z
2026-08-09T15:48:21Z,2026-08-09T17:48:21+0200,d1ee186b-63c3-474e-8770-b1ce1a43e356,2026-08-06T00:30:00Z,2026-08-06T02:30:00+0200,37588.24,MW,FR,FR,actual_load,Actual Load,2026-08-09T15:49:09Z
2026-08-09T15:48:21Z,2026-08-09T17:48:21+0200,d1ee186b-63c3-474e-8770-b1ce1a43e356,2026-08-06T00:45:00Z,2026-08-06T02:45:00+0200,36946.36,MW,FR,FR,actual_load,Actual Load,2026-08-09T15:49:09Z
2026-08-09T15:48:21Z,2026-08-09T17:48:21+0200,d1ee186b-63c3-474e-8770-b1ce1a43e356,2026-08-06T01:00:00Z,2026-08-06T03:00:00+0200,36542.0,MW,FR,FR,actual_load,Actual Load,2026-08-09T15:49:09Z
2026-08-09T15:48:21Z,2026-08-09T17:48:21+0200,d1ee186b-63c3-474e-8770-b1ce1a43e356,2026-08-06T01:15:00Z,2026-08-06T03:15:00+0200,36275.36,MW,FR,FR,actual_load,Actual Load,2026-08-09T15:49:09Z
2026-08-09T15:48:21Z,2026-08-09T17:48:21+0200,d1ee186b-63c3-474e-8770-b1ce1a43e356,2026-08-06T01:30:00Z,2026-08-06T03:30:00+0200,36007.38,MW,FR,FR,actual_load,Actual Load,2026-08-09T15:49:09Z
2026-08-09T15:48:21Z,2026-08-09T17:48:21+0200,d1ee186b-63c3-474e-8770-b1ce1a43e356,2026-08-06T01:45:00Z,2026-08-06T03:45:00+0200,35807.39,MW,FR,FR,actual_load,Actual Load,2026-08-09T15:49:09Z
2026-08-09T15:48:21Z,2026-08-09T17:48:21+0200,d1ee186b-63c3-474e-8770-b1ce1a43e356,2026-08-06T02:00:00Z,2026-08-06T04:00:00+0200,35731.47,MW,FR,FR,actual_load,Actual Load,2026-08-09T15:49:09Z
2026-08-09T15:48:21Z,2026-08-09T17:48:21+0200,d1ee186b-63c3-474e-8770-b1ce1a43e356,2026-08-06T02:15:00Z,2026-08-06T04:15:00+0200,35632.55,MW,FR,FR,actual_load,Actual Load,2026-08-09T15:49:09Z
2026-08-09T15:48:21Z,2026-08-09T17:48:21+0200,d1ee186b-63c3-474e-8770-b1ce1a43e356,2026-08-06T02:30:00Z,2026-08-06T04:30:00+0200,35652.18,MW,FR,FR,actual_load,Actual Load,2026-08-09T15:49:09Z
2026-08-09T15:48:21Z,2026-08-09T17:48:21+0200,d1ee186b-63c3-474e-8770-b1ce1a43e356,2026-08-06T02:45:00Z,2026-08-06T04:45:00+0200,35677.18,MW,FR,FR,actual_load,Actual Load,2026-08-09T15:49:09Z
2026-08-09T15:48:21Z,2026-08-09T17:48:21+0200,d1ee186b-63c3-474e-8770-b1ce1a43e356,2026-08-06T03:00:00Z,2026-08-06T05:00:00+0200,36115.07,MW,FR,FR,actual_load,Actual Load,2026-08-09T15:49:09Z
2026-08-09T15:48:21Z,2026-08-09T17:48:21+0200,d1ee186b-63c3-474e-8770-b1ce1a43e356,2026-08-06T03:15:00Z,2026-08-06T05:15:00+0200,36466.64,MW,FR,FR,actual_load,Actual Load,2026-08-09T15:49:09Z
2026-08-09T15:48:21Z,2026-08-09T17:48:21+0200,d1ee186b-63c3-474e-8770-b1ce1a43e356,2026-08-06T03:30:00Z,2026-08-06T05:30:00+0200,36869.4,MW,FR,FR,actual_load,Actual Load,2026-08-09T15:49:09Z
2026-08-09T15:48:21Z,2026-08-09T17:48:21+0200,d1ee186b-63c3-474e-8770-b1ce1a43e356,2026-08-06T03:45:00Z,2026-08-06T05:45:00+0200,37122.2,MW,FR,FR,actual_load,Actual Load,2026-08-09T15:49:09Z
2026-08-09T15:48:21Z,2026-08-09T17:48:21+0200,d1ee186b-63c3-474e-8770-b1ce1a43e356,2026-08-06T04:00:00Z,2026-08-06T06:00:00+0200,37922.86,MW,FR,FR,actual_load,Actual Load,2026-08-09T15:49:09Z
2026-08-09T15:48:21Z,2026-08-09T17:48:21+0200,d1ee186b-63c3-474e-8770-b1ce1a43e356,2026-08-06T04:15:00Z,2026-08-06T06:15:00+0200,38235.0,MW,FR,FR,actual_load,Actual Load,2026-08-09T15:49:09Z
2026-08-09T15:48:21Z,2026-08-09T17:48:21+0200,d1ee186b-63c3-474e-8770-b1ce1a43e356,2026-08-06T04:30:00Z,2026-08-06T06:30:00+0200,38459.74,MW,FR,FR,actual_load,Actual Load,2026-08-09T15:49:09Z
2026-08-09T15:48:21Z,2026-08-09T17:48:21+0200,d1ee186b-63c3-474e-8770-b1ce1a43e356,2026-08-06T04:45:00Z,2026-08-06T06:45:00+0200,38798.68,MW,FR,FR,actual_load,Actual Load,2026-08-09T15:49:09Z
2026-08-09T15:48:21Z,2026-08-09T17:48:21+0200,d1ee186b-63c3-474e-8770-b1ce1a43e356,2026-08-06T05:00:00Z,2026-08-06T07:00:00+0200,39283.71,MW,FR,FR,actual_load,Actual Load,2026-08-09T15:49:09Z
2026-08-09T15:48:21Z,2026-08-09T17:48:21+0200,d1ee186b-63c3-474e-8770-b1ce1a43e356,2026-08-06T05:15:00Z,2026-08-06T07:15:00+0200,39776.81,MW,FR,FR,actual_load,Actual Load,2026-08-09T15:49:09Z
2026-08-09T15:48:21Z,2026-08-09T17:48:21+0200,d1ee186b-63c3-474e-8770-b1ce1a43e356,2026-08-06T05:30:00Z,2026-08-06T07:30:00+0200,40189.38,MW,FR,FR,actual_load,Actual Load,2026-08-09T15:49:09Z
2026-08-09T15:48:21Z,2026-08-09T17:48:21+0200,d1ee186b-63c3-474e-8770-b1ce1a43e356,2026-08-06T05:45:00Z,2026-08-06T07:45:00+0200,40831.34,MW,FR,FR,actual_load,Actual Load,2026-08-09T15:49:09Z
2026-08-09T15:48:21Z,2026-08-09T17:48:21+0200,d1ee186b-63c3-474e-8770-b1ce1a43e356,2026-08-06T06:00:00Z,2026-08-06T08:00:00+0200,41513.57,MW,FR,FR,actual_load,Actual Load,2026-08-09T15:49:09Z
2026-08-09T15:48:21Z,2026-08-09T17:48:21+0200,d1ee186b-63c3-474e-8770-b1ce1a43e356,2026-08-06T06:15:00Z,2026-08-06T08:15:00+0200,41970.0,MW,FR,FR,actual_load,Actual Load,2026-08-09T15:49:09Z
2026-08-09T15:48:21Z,2026-08-09T17:48:21+0200,d1ee186b-63c3-474e-8770-b1ce1a43e356,2026-08-06T06:30:00Z,2026-08-06T08:30:00+0200,42488.87,MW,FR,FR,actual_load,Actual Load,2026-08-09T15:49:09Z
2026-08-09T15:48:21Z,2026-08-09T17:48:21+0200,d1ee186b-63c3-474e-8770-b1ce1a43e356,2026-08-06T06:45:00Z,2026-08-06T08:45:00+0200,42790.7,MW,FR,FR,actual_load,Actual Load,2026-08-09T15:49:09Z
2026-08-09T15:48:21Z,2026-08-09T17:48:21+0200,d1ee186b-63c3-474e-8770-b1ce1a43e356,2026-08-06T07:00:00Z,2026-08-06T09:00:00+0200,43033.88,MW,FR,FR,actual_load,Actual Load,2026-08-09T15:49:09Z
2026-08-09T15:48:21Z,2026-08-09T17:48:21+0200,d1ee186b-63c3-474e-8770-b1ce1a43e356,2026-08-06T07:15:00Z,2026-08-06T09:15:00+0200,43421.91,MW,FR,FR,actual_load,Actual Load,2026-08-09T15:49:09Z
2026-08-09T15:48:21Z,2026-08-09T17:48:21+0200,d1ee186b-63c3-474e-8770-b1ce1a43e356,2026-08-06T07:30:00Z,2026-08-06T09:30:00+0200,44203.65,MW,FR,FR,actual_load,Actual Load,2026-08-09T15:49:09Z
2026-08-09T15:48:21Z,2026-08-09T17:48:21+0200,d1ee186b-63c3-474e-8770-b1ce1a43e356,2026-08-06T07:45:00Z,2026-08-06T09:45:00+0200,44655.67,MW,FR,FR,actual_load,Actual Load,2026-08-09T15:49:09Z
2026-08-09T15:48:21Z,2026-08-09T17:48:21+0200,d1ee186b-63c3-474e-8770-b1ce1a43e356,2026-08-06T08:00:00Z,2026-08-06T10:00:00+0200,44946.16,MW,FR,FR,actual_load,Actual Load,2026-08-09T15:49:09Z
2026-08-09T15:48:21Z,2026-08-09T17:48:21+0200,d1ee186b-63c3-474e-8770-b1ce1a43e356,2026-08-06T08:15:00Z,2026-08-06T10:15:00+0200,45129.82,MW,FR,FR,actual_load,Actual Load,2026-08-09T15:49:09Z
2026-08-09T15:48:21Z,2026-08-09T17:48:21+0200,d1ee186b-63c3-474e-8770-b1ce1a43e356,2026-08-06T08:30:00Z,2026-08-06T10:30:00+0200,45439.35,MW,FR,FR,actual_load,Actual Load,2026-08-09T15:49:09Z
2026-08-09T15:48:21Z,2026-08-09T17:48:21+0200,d1ee186b-63c3-474e-8770-b1ce1a43e356,2026-08-06T08:45:00Z,2026-08-06T10:45:00+0200,45567.37,MW,FR,FR,actual_load,Actual Load,2026-08-09T15:49:09Z
2026-08-09T15:48:21Z,2026-08-09T17:48:21+0200,d1ee186b-63c3-474e-8770-b1ce1a43e356,2026-08-06T09:00:00Z,2026-08-06T11:00:00+0200,45783.25,MW,FR,FR,actual_load,Actual Load,2026-08-09T15:49:09Z
2026-08-09T15:48:21Z,2026-08-09T17:48:21+0200,d1ee186b-63c3-474e-8770-b1ce1a43e356,2026-08-06T09:15:00Z,2026-08-06T11:15:00+0200,45872.86,MW,FR,FR,actual_load,Actual Load,2026-08-09T15:49:09Z
2026-08-09T15:48:21Z,2026-08-09T17:48:21+0200,d1ee186b-63c3-474e-8770-b1ce1a43e356,2026-08-06T09:30:00Z,2026-08-06T11:30:00+0200,46483.04,MW,FR,FR,actual_load,Actual Load,2026-08-09T15:49:09Z
2026-08-09T15:48:21Z,2026-08-09T17:48:21+0200,d1ee186b-63c3-474e-8770-b1ce1a43e356,2026-08-06T09:45:00Z,2026-08-06T11:45:00+0200,46955.29,MW,FR,FR,actual_load,Actual Load,2026-08-09T15:49:09Z
2026-08-09T15:48:21Z,2026-08-09T17:48:21+0200,d1ee186b-63c3-474e-8770-b1ce1a43e356,2026-08-06T10:00:00Z,2026-08-06T12:00:00+0200,47375.39,MW,FR,FR,actual_load,Actual Load,2026-08-09T15:49:09Z
2026-08-09T15:48:21Z,2026-08-09T17:48:21+0200,d1ee186b-63c3-474e-8770-b1ce1a43e356,2026-08-06T10:15:00Z,2026-08-06T12:15:00+0200,47432.93,MW,FR,FR,actual_load,Actual Load,2026-08-09T15:49:09Z
2026-08-09T15:48:21Z,2026-08-09T17:48:21+0200,d1ee186b-63c3-474e-8770-b1ce1a43e356,2026-08-06T10:30:00Z,2026-08-06T12:30:00+0200,47992.95,MW,FR,FR,actual_load,Actual Load,2026-08-09T15:49:09Z
2026-08-09T15:48:21Z,2026-08-09T17:48:21+0200,d1ee186b-63c3-474e-8770-b1ce1a43e356,2026-08-06T10:45:00Z,2026-08-06T12:45:00+0200,47692.34,MW,FR,FR,actual_load,Actual Load,2026-08-09T15:49:09Z
2026-08-09T15:48:21Z,2026-08-09T17:48:21+0200,d1ee186b-63c3-474e-8770-b1ce1a43e356,2026-08-06T11:00:00Z,2026-08-06T13:00:00+0200,47426.36,MW,FR,FR,actual_load,Actual Load,2026-08-09T15:49:09Z
2026-08-09T15:48:21Z,2026-08-09T17:48:21+0200,d1ee186b-63c3-474e-8770-b1ce1a43e356,2026-08-06T11:15:00Z,2026-08-06T13:15:00+0200,47000.05,MW,FR,FR,actual_load,Actual Load,2026-08-09T15:49:09Z
2026-08-09T15:48:21Z,2026-08-09T17:48:21+0200,d1ee186b-63c3-474e-8770-b1ce1a43e356,2026-08-06T11:30:00Z,2026-08-06T13:30:00+0200,47004.52,MW,FR,FR,actual_load,Actual Load,2026-08-09T15:49:09Z
2026-08-09T15:48:21Z,2026-08-09T17:48:21+0200,d1ee186b-63c3-474e-8770-b1ce1a43e356,2026-08-06T11:45:00Z,2026-08-06T13:45:00+0200,47166.79,MW,FR,FR,actual_load,Actual Load,2026-08-09T15:49:09Z
2026-08-09T15:48:21Z,2026-08-09T17:48:21+0200,d1ee186b-63c3-474e-8770-b1ce1a43e356,2026-08-06T12:00:00Z,2026-08-06T14:00:00+0200,48096.41,MW,FR,FR,actual_load,Actual Load,2026-08-09T15:49:09Z
2026-08-09T15:48:21Z,2026-08-09T17:48:21+0200,d1ee186b-63c3-474e-8770-b1ce1a43e356,2026-08-06T12:15:00Z,2026-08-06T14:15:00+0200,47989.05,MW,FR,FR,actual_load,Actual Load,2026-08-09T15:49:09Z
2026-08-09T15:48:21Z,2026-08-09T17:48:21+0200,d1ee186b-63c3-474e-8770-b1ce1a43e356,2026-08-06T12:30:00Z,2026-08-06T14:30:00+0200,47837.54,MW,FR,FR,actual_load,Actual Load,2026-08-09T15:49:09Z
2026-08-09T15:48:21Z,2026-08-09T17:48:21+0200,d1ee186b-63c3-474e-8770-b1ce1a43e356,2026-08-06T12:45:00Z,2026-08-06T14:45:00+0200,47467.85,MW,FR,FR,actual_load,Actual Load,2026-08-09T15:49:09Z
2026-08-09T15:48:21Z,2026-08-09T17:48:21+0200,d1ee186b-63c3-474e-8770-b1ce1a43e356,2026-08-06T13:00:00Z,2026-08-06T15:00:00+0200,47594.03,MW,FR,FR,actual_load,Actual Load,2026-08-09T15:49:09Z
2026-08-09T15:48:21Z,2026-08-09T17:48:21+0200,d1ee186b-63c3-474e-8770-b1ce1a43e356,2026-08-06T13:15:00Z,2026-08-06T15:15:00+0200,47253.53,MW,FR,FR,actual_load,Actual Load,2026-08-09T15:49:09Z
2026-08-09T15:48:21Z,2026-08-09T17:48:21+0200,d1ee186b-63c3-474e-8770-b1ce1a43e356,2026-08-06T13:30:00Z,2026-08-06T15:30:00+0200,46905.93,MW,FR,FR,actual_load,Actual Load,2026-08-09T15:49:09Z
2026-08-09T15:48:21Z,2026-08-09T17:48:21+0200,d1ee186b-63c3-474e-8770-b1ce1a43e356,2026-08-06T13:45:00Z,2026-08-06T15:45:00+0200,46489.02,MW,FR,FR,actual_load,Actual Load,2026-08-09T15:49:09Z
2026-08-09T15:48:21Z,2026-08-09T17:48:21+0200,d1ee186b-63c3-474e-8770-b1ce1a43e356,2026-08-06T14:00:00Z,2026-08-06T16:00:00+0200,46086.47,MW,FR,FR,actual_load,Actual Load,2026-08-09T15:49:09Z
2026-08-09T15:48:21Z,2026-08-09T17:48:21+0200,d1ee186b-63c3-474e-8770-b1ce1a43e356,2026-08-06T14:15:00Z,2026-08-06T16:15:00+0200,46055.75,MW,FR,FR,actual_load,Actual Load,2026-08-09T15:49:09Z
2026-08-09T15:48:21Z,2026-08-09T17:48:21+0200,d1ee186b-63c3-474e-8770-b1ce1a43e356,2026-08-06T14:30:00Z,2026-08-06T16:30:00+0200,46050.73,MW,FR,FR,actual_load,Actual Load,2026-08-09T15:49:09Z
2026-08-09T15:48:21Z,2026-08-09T17:48:21+0200,d1ee186b-63c3-474e-8770-b1ce1a43e356,2026-08-06T14:45:00Z,2026-08-06T16:45:00+0200,45711.46,MW,FR,FR,actual_load,Actual Load,2026-08-09T15:49:09Z
2026-08-09T15:48:21Z,2026-08-09T17:48:21+0200,d1ee186b-63c3-474e-8770-b1ce1a43e356,2026-08-06T15:00:00Z,2026-08-06T17:00:00+0200,45409.54,MW,FR,FR,actual_load,Actual Load,2026-08-09T15:49:09Z
2026-08-09T15:48:21Z,2026-08-09T17:48:21+0200,d1ee186b-63c3-474e-8770-b1ce1a43e356,2026-08-06T15:15:00Z,2026-08-06T17:15:00+0200,45629.86,MW,FR,FR,actual_load,Actual Load,2026-08-09T15:49:09Z
2026-08-09T15:48:21Z,2026-08-09T17:48:21+0200,d1ee186b-63c3-474e-8770-b1ce1a43e356,2026-08-06T15:30:00Z,2026-08-06T17:30:00+0200,45864.34,MW,FR,FR,actual_load,Actual Load,2026-08-09T15:49:09Z
2026-08-09T15:48:21Z,2026-08-09T17:48:21+0200,d1ee186b-63c3-474e-8770-b1ce1a43e356,2026-08-06T15:45:00Z,2026-08-06T17:45:00+0200,46259.43,MW,FR,FR,actual_load,Actual Load,2026-08-09T15:49:09Z
2026-08-09T15:48:21Z,2026-08-09T17:48:21+0200,d1ee186b-63c3-474e-8770-b1ce1a43e356,2026-08-06T16:00:00Z,2026-08-06T18:00:00+0200,46457.14,MW,FR,FR,actual_load,Actual Load,2026-08-09T15:49:09Z
2026-08-09T15:48:21Z,2026-08-09T17:48:21+0200,d1ee186b-63c3-474e-8770-b1ce1a43e356,2026-08-06T16:15:00Z,2026-08-06T18:15:00+0200,46920.46,MW,FR,FR,actual_load,Actual Load,2026-08-09T15:49:09Z
2026-08-09T15:48:21Z,2026-08-09T17:48:21+0200,d1ee186b-63c3-474e-8770-b1ce1a43e356,2026-08-06T16:30:00Z,2026-08-06T18:30:00+0200,47357.35,MW,FR,FR,actual_load,Actual Load,2026-08-09T15:49:09Z
2026-08-09T15:48:21Z,2026-08-09T17:48:21+0200,d1ee186b-63c3-474e-8770-b1ce1a43e356,2026-08-06T16:45:00Z,2026-08-06T18:45:00+0200,47797.57,MW,FR,FR,actual_load,Actual Load,2026-08-09T15:49:09Z
2026-08-09T15:48:21Z,2026-08-09T17:48:21+0200,d1ee186b-63c3-474e-8770-b1ce1a43e356,2026-08-06T17:00:00Z,2026-08-06T19:00:00+0200,47913.59,MW,FR,FR,actual_load,Actual Load,2026-08-09T15:49:09Z
2026-08-09T15:48:21Z,2026-08-09T17:48:21+0200,d1ee186b-63c3-474e-8770-b1ce1a43e356,2026-08-06T17:15:00Z,2026-08-06T19:15:00+0200,47853.86,MW,FR,FR,actual_load,Actual Load,2026-08-09T15:49:09Z
2026-08-09T15:48:21Z,2026-08-09T17:48:21+0200,d1ee186b-63c3-474e-8770-b1ce1a43e356,2026-08-06T17:30:00Z,2026-08-06T19:30:00+0200,47563.62,MW,FR,FR,actual_load,Actual Load,2026-08-09T15:49:09Z
2026-08-09T15:48:21Z,2026-08-09T17:48:21+0200,d1ee186b-63c3-474e-8770-b1ce1a43e356,2026-08-06T17:45:00Z,2026-08-06T19:45:00+0200,47238.86,MW,FR,FR,actual_load,Actual Load,2026-08-09T15:49:09Z
2026-08-09T15:48:21Z,2026-08-09T17:48:21+0200,d1ee186b-63c3-474e-8770-b1ce1a43e356,2026-08-06T18:00:00Z,2026-08-06T20:00:00+0200,46840.66,MW,FR,FR,actual_load,Actual Load,2026-08-09T15:49:09Z
2026-08-09T15:48:21Z,2026-08-09T17:48:21+0200,d1ee186b-63c3-474e-8770-b1ce1a43e356,2026-08-06T18:15:00Z,2026-08-06T20:15:00+0200,46365.8,MW,FR,FR,actual_load,Actual Load,2026-08-09T15:49:09Z
2026-08-09T15:48:21Z,2026-08-09T17:48:21+0200,d1ee186b-63c3-474e-8770-b1ce1a43e356,2026-08-06T18:30:00Z,2026-08-06T20:30:00+0200,46097.63,MW,FR,FR,actual_load,Actual Load,2026-08-09T15:49:09Z
2026-08-09T15:48:21Z,2026-08-09T17:48:21+0200,d1ee186b-63c3-474e-8770-b1ce1a43e356,2026-08-06T18:45:00Z,2026-08-06T20:45:00+0200,45698.32,MW,FR,FR,actual_load,Actual Load,2026-08-09T15:49:09Z
2026-08-09T15:48:21Z,2026-08-09T17:48:21+0200,d1ee186b-63c3-474e-8770-b1ce1a43e356,2026-08-06T19:00:00Z,2026-08-06T21:00:00+0200,45505.57,MW,FR,FR,actual_load,Actual Load,2026-08-09T15:49:09Z
2026-08-09T15:48:21Z,2026-08-09T17:48:21+0200,d1ee186b-63c3-474e-8770-b1ce1a43e356,2026-08-06T19:15:00Z,2026-08-06T21:15:00+0200,45231.16,MW,FR,FR,actual_load,Actual Load,2026-08-09T15:49:09Z
2026-08-09T15:48:21Z,2026-08-09T17:48:21+0200,d1ee186b-63c3-474e-8770-b1ce1a43e356,2026-08-06T19:30:00Z,2026-08-06T21:30:00+0200,45132.82,MW,FR,FR,actual_load,Actual Load,2026-08-09T15:49:09Z
2026-08-09T15:48:21Z,2026-08-09T17:48:21+0200,d1ee186b-63c3-474e-8770-b1ce1a43e356,2026-08-06T19:45:00Z,2026-08-06T21:45:00+0200,44658.54,MW,FR,FR,actual_load,Actual Load,2026-08-09T15:49:09Z
2026-08-09T15:48:21Z,2026-08-09T17:48:21+0200,d1ee186b-63c3-474e-8770-b1ce1a43e356,2026-08-06T20:00:00Z,2026-08-06T22:00:00+0200,45467.05,MW,FR,FR,actual_load,Actual Load,2026-08-09T15:49:09Z
2026-08-09T15:48:21Z,2026-08-09T17:48:21+0200,d1ee186b-63c3-474e-8770-b1ce1a43e356,2026-08-06T20:15:00Z,2026-08-06T22:15:00+0200,45094.55,MW,FR,FR,actual_load,Actual Load,2026-08-09T15:49:09Z
2026-08-09T15:48:21Z,2026-08-09T17:48:21+0200,d1ee186b-63c3-474e-8770-b1ce1a43e356,2026-08-06T20:30:00Z,2026-08-06T22:30:00+0200,46134.6,MW,FR,FR,actual_load,Actual Load,2026-08-09T15:49:09Z
2026-08-09T15:48:21Z,2026-08-09T17:48:21+0200,d1ee186b-63c3-474e-8770-b1ce1a43e356,2026-08-06T20:45:00Z,2026-08-06T22:45:00+0200,45437.57,MW,FR,FR,actual_load,Actual Load,2026-08-09T15:49:09Z
2026-08-09T15:48:21Z,2026-08-09T17:48:21+0200,d1ee186b-63c3-474e-8770-b1ce1a43e356,2026-08-06T21:00:00Z,2026-08-06T23:00:00+0200,45026.71,MW,FR,FR,actual_load,Actual Load,2026-08-09T15:49:09Z
2026-08-09T15:48:21Z,2026-08-09T17:48:21+0200,d1ee186b-63c3-474e-8770-b1ce1a43e356,2026-08-06T21:15:00Z,2026-08-06T23:15:00+0200,44077.59,MW,FR,FR,actual_load,Actual Load,2026-08-09T15:49:09Z
2026-08-09T15:48:21Z,2026-08-09T17:48:21+0200,d1ee186b-63c3-474e-8770-b1ce1a43e356,2026-08-06T21:30:00Z,2026-08-06T23:30:00+0200,44233.51,MW,FR,FR,actual_load,Actual Load,2026-08-09T15:49:09Z
2026-08-09T15:48:21Z,2026-08-09T17:48:21+0200,d1ee186b-63c3-474e-8770-b1ce1a43e356,2026-08-06T21:45:00Z,2026-08-06T23:45:00+0200,43245.31,MW,FR,FR,actual_load,Actual Load,2026-08-09T15:49:09Z
2026-08-09T15:48:21Z,2026-08-09T17:48:21+0200,d1ee186b-63c3-474e-8770-b1ce1a43e356,2026-08-06T22:00:00Z,2026-08-07T00:00:00+0200,43039.51,MW,FR,FR,actual_load,Actual Load,2026-08-09T15:49:09Z
2026-08-09T15:48:21Z,2026-08-09T17:48:21+0200,d1ee186b-63c3-474e-8770-b1ce1a43e356,2026-08-06T22:15:00Z,2026-08-07T00:15:00+0200,41941.32,MW,FR,FR,actual_load,Actual Load,2026-08-09T15:49:09Z
2026-08-09T15:48:21Z,2026-08-09T17:48:21+0200,d1ee186b-63c3-474e-8770-b1ce1a43e356,2026-08-06T22:30:00Z,2026-08-07T00:30:00+0200,40731.16,MW,FR,FR,actual_load,Actual Load,2026-08-09T15:49:09Z
2026-08-09T15:48:21Z,2026-08-09T17:48:21+0200,d1ee186b-63c3-474e-8770-b1ce1a43e356,2026-08-06T22:45:00Z,2026-08-07T00:45:00+0200,39846.49,MW,FR,FR,actual_load,Actual Load,2026-08-09T15:49:09Z
2026-08-09T15:48:21Z,2026-08-09T17:48:21+0200,d1ee186b-63c3-474e-8770-b1ce1a43e356,2026-08-06T23:00:00Z,2026-08-07T01:00:00+0200,40160.07,MW,FR,FR,actual_load,Actual Load,2026-08-09T15:49:09Z
2026-08-09T15:48:21Z,2026-08-09T17:48:21+0200,d1ee186b-63c3-474e-8770-b1ce1a43e356,2026-08-06T23:15:00Z,2026-08-07T01:15:00+0200,39548.37,MW,FR,FR,actual_load,Actual Load,2026-08-09T15:49:09Z
2026-08-09T15:48:21Z,2026-08-09T17:48:21+0200,d1ee186b-63c3-474e-8770-b1ce1a43e356,2026-08-06T23:30:00Z,2026-08-07T01:30:00+0200,39437.06,MW,FR,FR,actual_load,Actual Load,2026-08-09T15:49:09Z
2026-08-09T15:48:21Z,2026-08-09T17:48:21+0200,d1ee186b-63c3-474e-8770-b1ce1a43e356,2026-08-06T23:45:00Z,2026-08-07T01:45:00+0200,38607.22,MW,FR,FR,actual_load,Actual Load,2026-08-09T15:49:09Z
2026-08-09T15:48:21Z,2026-08-09T17:48:21+0200,d1ee186b-63c3-474e-8770-b1ce1a43e356,2026-08-07T00:00:00Z,2026-08-07T02:00:00+0200,38145.7,MW,FR,FR,actual_load,Actual Load,2026-08-09T15:49:09Z
2026-08-09T15:48:21Z,2026-08-09T17:48:21+0200,d1ee186b-63c3-474e-8770-b1ce1a43e356,2026-08-07T00:15:00Z,2026-08-07T02:15:00+0200,37401.17,MW,FR,FR,actual_load,Actual Load,2026-08-09T15:49:09Z
2026-08-09T15:48:21Z,2026-08-09T17:48:21+0200,d1ee186b-63c3-474e-8770-b1ce1a43e356,2026-08-07T00:30:00Z,2026-08-07T02:30:00+0200,36869.75,MW,FR,FR,actual_load,Actual Load,2026-08-09T15:49:09Z
2026-08-09T15:48:21Z,2026-08-09T17:48:21+0200,d1ee186b-63c3-474e-8770-b1ce1a43e356,2026-08-07T00:45:00Z,2026-08-07T02:45:00+0200,36280.1,MW,FR,FR,actual_load,Actual Load,2026-08-09T15:49:09Z
2026-08-09T15:48:21Z,2026-08-09T17:48:21+0200,d1ee186b-63c3-474e-8770-b1ce1a43e356,2026-08-07T01:00:00Z,2026-08-07T03:00:00+0200,35835.4,MW,FR,FR,actual_load,Actual Load,2026-08-09T15:49:09Z
2026-08-09T15:48:21Z,2026-08-09T17:48:21+0200,d1ee186b-63c3-474e-8770-b1ce1a43e356,2026-08-07T01:15:00Z,2026-08-07T03:15:00+0200,35423.39,MW,FR,FR,actual_load,Actual Load,2026-08-09T15:49:09Z
2026-08-09T15:48:21Z,2026-08-09T17:48:21+0200,d1ee186b-63c3-474e-8770-b1ce1a43e356,2026-08-07T01:30:00Z,2026-08-07T03:30:00+0200,35183.74,MW,FR,FR,actual_load,Actual Load,2026-08-09T15:49:09Z
2026-08-09T15:48:21Z,2026-08-09T17:48:21+0200,d1ee186b-63c3-474e-8770-b1ce1a43e356,2026-08-07T01:45:00Z,2026-08-07T03:45:00+0200,34968.09,MW,FR,FR,actual_load,Actual Load,2026-08-09T15:49:09Z
2026-08-09T15:48:21Z,2026-08-09T17:48:21+0200,d1ee186b-63c3-474e-8770-b1ce1a43e356,2026-08-07T02:00:00Z,2026-08-07T04:00:00+0200,34917.29,MW,FR,FR,actual_load,Actual Load,2026-08-09T15:49:09Z
2026-08-09T15:48:21Z,2026-08-09T17:48:21+0200,d1ee186b-63c3-474e-8770-b1ce1a43e356,2026-08-07T02:15:00Z,2026-08-07T04:15:00+0200,34763.29,MW,FR,FR,actual_load,Actual Load,2026-08-09T15:49:09Z
2026-08-09T15:48:21Z,2026-08-09T17:48:21+0200,d1ee186b-63c3-474e-8770-b1ce1a43e356,2026-08-07T02:30:00Z,2026-08-07T04:30:00+0200,34629.24,MW,FR,FR,actual_load,Actual Load,2026-08-09T15:49:09Z
2026-08-09T15:48:21Z,2026-08-09T17:48:21+0200,d1ee186b-63c3-474e-8770-b1ce1a43e356,2026-08-07T02:45:00Z,2026-08-07T04:45:00+0200,34733.47,MW,FR,FR,actual_load,Actual Load,2026-08-09T15:49:09Z
2026-08-09T15:48:21Z,2026-08-09T17:48:21+0200,d1ee186b-63c3-474e-8770-b1ce1a43e356,2026-08-07T03:00:00Z,2026-08-07T05:00:00+0200,35218.46,MW,FR,FR,actual_load,Actual Load,2026-08-09T15:49:09Z
2026-08-09T15:48:21Z,2026-08-09T17:48:21+0200,d1ee186b-63c3-474e-8770-b1ce1a43e356,2026-08-07T03:15:00Z,2026-08-07T05:15:00+0200,35469.31,MW,FR,FR,actual_load,Actual Load,2026-08-09T15:49:09Z
2026-08-09T15:48:21Z,2026-08-09T17:48:21+0200,d1ee186b-63c3-474e-8770-b1ce1a43e356,2026-08-07T03:30:00Z,2026-08-07T05:30:00+0200,35799.02,MW,FR,FR,actual_load,Actual Load,2026-08-09T15:49:09Z
2026-08-09T15:48:21Z,2026-08-09T17:48:21+0200,d1ee186b-63c3-474e-8770-b1ce1a43e356,2026-08-07T03:45:00Z,2026-08-07T05:45:00+0200,36156.14,MW,FR,FR,actual_load,Actual Load,2026-08-09T15:49:09Z
2026-08-09T15:48:21Z,2026-08-09T17:48:21+0200,d1ee186b-63c3-474e-8770-b1ce1a43e356,2026-08-07T04:00:00Z,2026-08-07T06:00:00+0200,36903.65,MW,FR,FR,actual_load,Actual Load,2026-08-09T15:49:09Z
2026-08-09T15:48:21Z,2026-08-09T17:48:21+0200,d1ee186b-63c3-474e-8770-b1ce1a43e356,2026-08-07T04:15:00Z,2026-08-07T06:15:00+0200,37258.91,MW,FR,FR,actual_load,Actual Load,2026-08-09T15:49:09Z
2026-08-09T15:48:21Z,2026-08-09T17:48:21+0200,d1ee186b-63c3-474e-8770-b1ce1a43e356,2026-08-07T04:30:00Z,2026-08-07T06:30:00+0200,37359.21,MW,FR,FR,actual_load,Actual Load,2026-08-09T15:49:09Z
2026-08-09T15:48:21Z,2026-08-09T17:48:21+0200,d1ee186b-63c3-474e-8770-b1ce1a43e356,2026-08-07T04:45:00Z,2026-08-07T06:45:00+0200,37854.99,MW,FR,FR,actual_load,Actual Load,2026-08-09T15:49:09Z
2026-08-09T15:48:21Z,2026-08-09T17:48:21+0200,d1ee186b-63c3-474e-8770-b1ce1a43e356,2026-08-07T05:00:00Z,2026-08-07T07:00:00+0200,38343.53,MW,FR,FR,actual_load,Actual Load,2026-08-09T15:49:09Z
2026-08-09T15:48:21Z,2026-08-09T17:48:21+0200,d1ee186b-63c3-474e-8770-b1ce1a43e356,2026-08-07T05:15:00Z,2026-08-07T07:15:00+0200,38854.91,MW,FR,FR,actual_load,Actual Load,2026-08-09T15:49:09Z
2026-08-09T15:48:21Z,2026-08-09T17:48:21+0200,d1ee186b-63c3-474e-8770-b1ce1a43e356,2026-08-07T05:30:00Z,2026-08-07T07:30:00+0200,39123.72,MW,FR,FR,actual_load,Actual Load,2026-08-09T15:49:09Z
2026-08-09T15:48:21Z,2026-08-09T17:48:21+0200,d1ee186b-63c3-474e-8770-b1ce1a43e356,2026-08-07T05:45:00Z,2026-08-07T07:45:00+0200,39713.7,MW,FR,FR,actual_load,Actual Load,2026-08-09T15:49:09Z
2026-08-09T15:48:21Z,2026-08-09T17:48:21+0200,d1ee186b-63c3-474e-8770-b1ce1a43e356,2026-08-07T06:00:00Z,2026-08-07T08:00:00+0200,40400.71,MW,FR,FR,actual_load,Actual Load,2026-08-09T15:49:09Z
2026-08-09T15:48:21Z,2026-08-09T17:48:21+0200,d1ee186b-63c3-474e-8770-b1ce1a43e356,2026-08-07T06:15:00Z,2026-08-07T08:15:00+0200,40754.81,MW,FR,FR,actual_load,Actual Load,2026-08-09T15:49:09Z
2026-08-09T15:48:21Z,2026-08-09T17:48:21+0200,d1ee186b-63c3-474e-8770-b1ce1a43e356,2026-08-07T06:30:00Z,2026-08-07T08:30:00+0200,41114.54,MW,FR,FR,actual_load,Actual Load,2026-08-09T15:49:09Z
2026-08-09T15:48:21Z,2026-08-09T17:48:21+0200,d1ee186b-63c3-474e-8770-b1ce1a43e356,2026-08-07T06:45:00Z,2026-08-07T08:45:00+0200,41643.58,MW,FR,FR,actual_load,Actual Load,2026-08-09T15:49:09Z
2026-08-09T15:48:21Z,2026-08-09T17:48:21+0200,d1ee186b-63c3-474e-8770-b1ce1a43e356,2026-08-07T07:00:00Z,2026-08-07T09:00:00+0200,42108.27,MW,FR,FR,actual_load,Actual Load,2026-08-09T15:49:09Z
2026-08-09T15:48:21Z,2026-08-09T17:48:21+0200,d1ee186b-63c3-474e-8770-b1ce1a43e356,2026-08-07T07:15:00Z,2026-08-07T09:15:00+0200,42628.56,MW,FR,FR,actual_load,Actual Load,2026-08-09T15:49:09Z
2026-08-09T15:48:21Z,2026-08-09T17:48:21+0200,d1ee186b-63c3-474e-8770-b1ce1a43e356,2026-08-07T07:30:00Z,2026-08-07T09:30:00+0200,42920.43,MW,FR,FR,actual_load,Actual Load,2026-08-09T15:49:09Z
2026-08-09T15:48:21Z,2026-08-09T17:48:21+0200,d1ee186b-63c3-474e-8770-b1ce1a43e356,2026-08-07T07:45:00Z,2026-08-07T09:45:00+0200,43406.95,MW,FR,FR,actual_load,Actual Load,2026-08-09T15:49:09Z
2026-08-09T15:48:21Z,2026-08-09T17:48:21+0200,d1ee186b-63c3-474e-8770-b1ce1a43e356,2026-08-07T08:00:00Z,2026-08-07T10:00:00+0200,43815.94,MW,FR,FR,actual_load,Actual Load,2026-08-09T15:49:09Z
2026-08-09T15:48:21Z,2026-08-09T17:48:21+0200,d1ee186b-63c3-474e-8770-b1ce1a43e356,2026-08-07T08:15:00Z,2026-08-07T10:15:00+0200,44309.91,MW,FR,FR,actual_load,Actual Load,2026-08-09T15:49:09Z
2026-08-09T15:48:21Z,2026-08-09T17:48:21+0200,d1ee186b-63c3-474e-8770-b1ce1a43e356,2026-08-07T08:30:00Z,2026-08-07T10:30:00+0200,44501.47,MW,FR,FR,actual_load,Actual Load,2026-08-09T15:49:09Z
2026-08-09T15:48:21Z,2026-08-09T17:48:21+0200,d1ee186b-63c3-474e-8770-b1ce1a43e356,2026-08-07T08:45:00Z,2026-08-07T10:45:00+0200,44777.23,MW,FR,FR,actual_load,Actual Load,2026-08-09T15:49:09Z
2026-08-09T15:48:21Z,2026-08-09T17:48:21+0200,d1ee186b-63c3-474e-8770-b1ce1a43e356,2026-08-07T09:00:00Z,2026-08-07T11:00:00+0200,45045.76,MW,FR,FR,actual_load,Actual Load,2026-08-09T15:49:09Z
2026-08-09T15:48:21Z,2026-08-09T17:48:21+0200,d1ee186b-63c3-474e-8770-b1ce1a43e356,2026-08-07T09:15:00Z,2026-08-07T11:15:00+0200,45319.63,MW,FR,FR,actual_load,Actual Load,2026-08-09T15:49:09Z
2026-08-09T15:48:21Z,2026-08-09T17:48:21+0200,d1ee186b-63c3-474e-8770-b1ce1a43e356,2026-08-07T09:30:00Z,2026-08-07T11:30:00+0200,45707.46,MW,FR,FR,actual_load,Actual Load,2026-08-09T15:49:09Z
2026-08-09T15:48:21Z,2026-08-09T17:48:21+0200,d1ee186b-63c3-474e-8770-b1ce1a43e356,2026-08-07T09:45:00Z,2026-08-07T11:45:00+0200,46182.99,MW,FR,FR,actual_load,Actual Load,2026-08-09T15:49:09Z
2026-08-09T15:48:21Z,2026-08-09T17:48:21+0200,d1ee186b-63c3-474e-8770-b1ce1a43e356,2026-08-07T10:00:00Z,2026-08-07T12:00:00+0200,46694.12,MW,FR,FR,actual_load,Actual Load,2026-08-09T15:49:09Z
2026-08-09T15:48:21Z,2026-08-09T17:48:21+0200,d1ee186b-63c3-474e-8770-b1ce1a43e356,2026-08-07T10:15:00Z,2026-08-07T12:15:00+0200,46832.51,MW,FR,FR,actual_load,Actual Load,2026-08-09T15:49:09Z
2026-08-09T15:48:21Z,2026-08-09T17:48:21+0200,d1ee186b-63c3-474e-8770-b1ce1a43e356,2026-08-07T10:30:00Z,2026-08-07T12:30:00+0200,47532.67,MW,FR,FR,actual_load,Actual Load,2026-08-09T15:49:09Z
2026-08-09T15:48:21Z,2026-08-09T17:48:21+0200,d1ee186b-63c3-474e-8770-b1ce1a43e356,2026-08-07T10:45:00Z,2026-08-07T12:45:00+0200,47275.12,MW,FR,FR,actual_load,Actual Load,2026-08-09T15:49:09Z
2026-08-09T15:48:21Z,2026-08-09T17:48:21+0200,d1ee186b-63c3-474e-8770-b1ce1a43e356,2026-08-07T11:00:00Z,2026-08-07T13:00:00+0200,46936.96,MW,FR,FR,actual_load,Actual Load,2026-08-09T15:49:09Z
2026-08-09T15:48:21Z,2026-08-09T17:48:21+0200,d1ee186b-63c3-474e-8770-b1ce1a43e356,2026-08-07T11:15:00Z,2026-08-07T13:15:00+0200,46745.61,MW,FR,FR,actual_load,Actual Load,2026-08-09T15:49:09Z
2026-08-09T15:48:21Z,2026-08-09T17:48:21+0200,d1ee186b-63c3-474e-8770-b1ce1a43e356,2026-08-07T11:30:00Z,2026-08-07T13:30:00+0200,46492.16,MW,FR,FR,actual_load,Actual Load,2026-08-09T15:49:09Z
2026-08-09T15:48:21Z,2026-08-09T17:48:21+0200,d1ee186b-63c3-474e-8770-b1ce1a43e356,2026-08-07T11:45:00Z,2026-08-07T13:45:00+0200,46464.5,MW,FR,FR,actual_load,Actual Load,2026-08-09T15:49:09Z
2026-08-09T15:48:21Z,2026-08-09T17:48:21+0200,d1ee186b-63c3-474e-8770-b1ce1a43e356,2026-08-07T12:00:00Z,2026-08-07T14:00:00+0200,47558.92,MW,FR,FR,actual_load,Actual Load,2026-08-09T15:49:09Z
2026-08-09T15:48:21Z,2026-08-09T17:48:21+0200,d1ee186b-63c3-474e-8770-b1ce1a43e356,2026-08-07T12:15:00Z,2026-08-07T14:15:00+0200,47556.41,MW,FR,FR,actual_load,Actual Load,2026-08-09T15:49:09Z
2026-08-09T15:48:21Z,2026-08-09T17:48:21+0200,d1ee186b-63c3-474e-8770-b1ce1a43e356,2026-08-07T12:30:00Z,2026-08-07T14:30:00+0200,47633.23,MW,FR,FR,actual_load,Actual Load,2026-08-09T15:49:09Z
2026-08-09T15:48:21Z,2026-08-09T17:48:21+0200,d1ee186b-63c3-474e-8770-b1ce1a43e356,2026-08-07T12:45:00Z,2026-08-07T14:45:00+0200,47135.96,MW,FR,FR,actual_load,Actual Load,2026-08-09T15:49:09Z
2026-08-09T15:48:21Z,2026-08-09T17:48:21+0200,d1ee186b-63c3-474e-8770-b1ce1a43e356,2026-08-07T13:00:00Z,2026-08-07T15:00:00+0200,47108.21,MW,FR,FR,actual_load,Actual Load,2026-08-09T15:49:09Z
2026-08-09T15:48:21Z,2026-08-09T17:48:21+0200,d1ee186b-63c3-474e-8770-b1ce1a43e356,2026-08-07T13:15:00Z,2026-08-07T15:15:00+0200,46844.44,MW,FR,FR,actual_load,Actual Load,2026-08-09T15:49:09Z
2026-08-09T15:48:21Z,2026-08-09T17:48:21+0200,d1ee186b-63c3-474e-8770-b1ce1a43e356,2026-08-07T13:30:00Z,2026-08-07T15:30:00+0200,46381.48,MW,FR,FR,actual_load,Actual Load,2026-08-09T15:49:09Z
2026-08-09T15:48:21Z,2026-08-09T17:48:21+0200,d1ee186b-63c3-474e-8770-b1ce1a43e356,2026-08-07T13:45:00Z,2026-08-07T15:45:00+0200,45977.91,MW,FR,FR,actual_load,Actual Load,2026-08-09T15:49:09Z
2026-08-09T15:48:21Z,2026-08-09T17:48:21+0200,d1ee186b-63c3-474e-8770-b1ce1a43e356,2026-08-07T14:00:00Z,2026-08-07T16:00:00+0200,45873.29,MW,FR,FR,actual_load,Actual Load,2026-08-09T15:49:09Z
2026-08-09T15:48:21Z,2026-08-09T17:48:21+0200,d1ee186b-63c3-474e-8770-b1ce1a43e356,2026-08-07T14:15:00Z,2026-08-07T16:15:00+0200,45680.17,MW,FR,FR,actual_load,Actual Load,2026-08-09T15:49:09Z
2026-08-09T15:48:21Z,2026-08-09T17:48:21+0200,d1ee186b-63c3-474e-8770-b1ce1a43e356,2026-08-07T14:30:00Z,2026-08-07T16:30:00+0200,45319.41,MW,FR,FR,actual_load,Actual Load,2026-08-09T15:49:09Z
2026-08-09T15:48:21Z,2026-08-09T17:48:21+0200,d1ee186b-63c3-474e-8770-b1ce1a43e356,2026-08-07T14:45:00Z,2026-08-07T16:45:00+0200,45216.92,MW,FR,FR,actual_load,Actual Load,2026-08-09T15:49:09Z
2026-08-09T15:48:21Z,2026-08-09T17:48:21+0200,d1ee186b-63c3-474e-8770-b1ce1a43e356,2026-08-07T15:00:00Z,2026-08-07T17:00:00+0200,45221.25,MW,FR,FR,actual_load,Actual Load,2026-08-09T15:49:09Z
2026-08-09T15:48:21Z,2026-08-09T17:48:21+0200,d1ee186b-63c3-474e-8770-b1ce1a43e356,2026-08-07T15:15:00Z,2026-08-07T17:15:00+0200,45383.73,MW,FR,FR,actual_load,Actual Load,2026-08-09T15:49:09Z
2026-08-09T15:48:21Z,2026-08-09T17:48:21+0200,d1ee186b-63c3-474e-8770-b1ce1a43e356,2026-08-07T15:30:00Z,2026-08-07T17:30:00+0200,45732.32,MW,FR,FR,actual_load,Actual Load,2026-08-09T15:49:09Z
2026-08-09T15:48:21Z,2026-08-09T17:48:21+0200,d1ee186b-63c3-474e-8770-b1ce1a43e356,2026-08-07T15:45:00Z,2026-08-07T17:45:00+0200,46087.61,MW,FR,FR,actual_load,Actual Load,2026-08-09T15:49:09Z
2026-08-09T15:48:21Z,2026-08-09T17:48:21+0200,d1ee186b-63c3-474e-8770-b1ce1a43e356,2026-08-07T16:00:00Z,2026-08-07T18:00:00+0200,46280.28,MW,FR,FR,actual_load,Actual Load,2026-08-09T15:49:09Z
2026-08-09T15:48:21Z,2026-08-09T17:48:21+0200,d1ee186b-63c3-474e-8770-b1ce1a43e356,2026-08-07T16:15:00Z,2026-08-07T18:15:00+0200,46587.88,MW,FR,FR,actual_load,Actual Load,2026-08-09T15:49:09Z
2026-08-09T15:48:21Z,2026-08-09T17:48:21+0200,d1ee186b-63c3-474e-8770-b1ce1a43e356,2026-08-07T16:30:00Z,2026-08-07T18:30:00+0200,46971.35,MW,FR,FR,actual_load,Actual Load,2026-08-09T15:49:09Z
2026-08-09T15:48:21Z,2026-08-09T17:48:21+0200,d1ee186b-63c3-474e-8770-b1ce1a43e356,2026-08-07T16:45:00Z,2026-08-07T18:45:00+0200,47280.94,MW,FR,FR,actual_load,Actual Load,2026-08-09T15:49:09Z
2026-08-09T15:48:21Z,2026-08-09T17:48:21+0200,d1ee186b-63c3-474e-8770-b1ce1a43e356,2026-08-07T17:00:00Z,2026-08-07T19:00:00+0200,47315.33,MW,FR,FR,actual_load,Actual Load,2026-08-09T15:49:09Z
2026-08-09T15:48:21Z,2026-08-09T17:48:21+0200,d1ee186b-63c3-474e-8770-b1ce1a43e356,2026-08-07T17:15:00Z,2026-08-07T19:15:00+0200,47164.72,MW,FR,FR,actual_load,Actual Load,2026-08-09T15:49:09Z
2026-08-09T15:48:21Z,2026-08-09T17:48:21+0200,d1ee186b-63c3-474e-8770-b1ce1a43e356,2026-08-07T17:30:00Z,2026-08-07T19:30:00+0200,46977.06,MW,FR,FR,actual_load,Actual Load,2026-08-09T15:49:09Z
2026-08-09T15:48:21Z,2026-08-09T17:48:21+0200,d1ee186b-63c3-474e-8770-b1ce1a43e356,2026-08-07T17:45:00Z,2026-08-07T19:45:00+0200,46618.69,MW,FR,FR,actual_load,Actual Load,2026-08-09T15:49:09Z
2026-08-09T15:48:21Z,2026-08-09T17:48:21+0200,d1ee186b-63c3-474e-8770-b1ce1a43e356,2026-08-07T18:00:00Z,2026-08-07T20:00:00+0200,46257.9,MW,FR,FR,actual_load,Actual Load,2026-08-09T15:49:09Z
2026-08-09T15:48:21Z,2026-08-09T17:48:21+0200,d1ee186b-63c3-474e-8770-b1ce1a43e356,2026-08-07T18:15:00Z,2026-08-07T20:15:00+0200,45445.39,MW,FR,FR,actual_load,Actual Load,2026-08-09T15:49:09Z
2026-08-09T15:48:21Z,2026-08-09T17:48:21+0200,d1ee186b-63c3-474e-8770-b1ce1a43e356,2026-08-07T18:30:00Z,2026-08-07T20:30:00+0200,44922.32,MW,FR,FR,actual_load,Actual Load,2026-08-09T15:49:09Z
2026-08-09T15:48:21Z,2026-08-09T17:48:21+0200,d1ee186b-63c3-474e-8770-b1ce1a43e356,2026-08-07T18:45:00Z,2026-08-07T20:45:00+0200,44422.75,MW,FR,FR,actual_load,Actual Load,2026-08-09T15:49:09Z
2026-08-09T15:48:21Z,2026-08-09T17:48:21+0200,d1ee186b-63c3-474e-8770-b1ce1a43e356,2026-08-07T19:00:00Z,2026-08-07T21:00:00+0200,44367.99,MW,FR,FR,actual_load,Actual Load,2026-08-09T15:49:09Z
2026-08-09T15:48:21Z,2026-08-09T17:48:21+0200,d1ee186b-63c3-474e-8770-b1ce1a43e356,2026-08-07T19:15:00Z,2026-08-07T21:15:00+0200,44178.2,MW,FR,FR,actual_load,Actual Load,2026-08-09T15:49:09Z
2026-08-09T15:48:21Z,2026-08-09T17:48:21+0200,d1ee186b-63c3-474e-8770-b1ce1a43e356,2026-08-07T19:30:00Z,2026-08-07T21:30:00+0200,44106.21,MW,FR,FR,actual_load,Actual Load,2026-08-09T15:49:09Z
2026-08-09T15:48:21Z,2026-08-09T17:48:21+0200,d1ee186b-63c3-474e-8770-b1ce1a43e356,2026-08-07T19:45:00Z,2026-08-07T21:45:00+0200,43678.12,MW,FR,FR,actual_load,Actual Load,2026-08-09T15:49:09Z
2026-08-09T15:48:21Z,2026-08-09T17:48:21+0200,d1ee186b-63c3-474e-8770-b1ce1a43e356,2026-08-07T20:00:00Z,2026-08-07T22:00:00+0200,44638.47,MW,FR,FR,actual_load,Actual Load,2026-08-09T15:49:09Z
2026-08-09T15:48:21Z,2026-08-09T17:48:21+0200,d1ee186b-63c3-474e-8770-b1ce1a43e356,2026-08-07T20:15:00Z,2026-08-07T22:15:00+0200,44144.98,MW,FR,FR,actual_load,Actual Load,2026-08-09T15:49:09Z
2026-08-09T15:48:21Z,2026-08-09T17:48:21+0200,d1ee186b-63c3-474e-8770-b1ce1a43e356,2026-08-07T20:30:00Z,2026-08-07T22:30:00+0200,45200.97,MW,FR,FR,actual_load,Actual Load,2026-08-09T15:49:09Z
2026-08-09T15:48:21Z,2026-08-09T17:48:21+0200,d1ee186b-63c3-474e-8770-b1ce1a43e356,2026-08-07T20:45:00Z,2026-08-07T22:45:00+0200,44523.3,MW,FR,FR,actual_load,Actual Load,2026-08-09T15:49:09Z
2026-08-09T15:48:21Z,2026-08-09T17:48:21+0200,d1ee186b-63c3-474e-8770-b1ce1a43e356,2026-08-07T21:00:00Z,2026-08-07T23:00:00+0200,44191.73,MW,FR,FR,actual_load,Actual Load,2026-08-09T15:49:09Z
2026-08-09T15:48:21Z,2026-08-09T17:48:21+0200,d1ee186b-63c3-474e-8770-b1ce1a43e356,2026-08-07T21:15:00Z,2026-08-07T23:15:00+0200,43123.05,MW,FR,FR,actual_load,Actual Load,2026-08-09T15:49:09Z
2026-08-09T15:48:21Z,2026-08-09T17:48:21+0200,d1ee186b-63c3-474e-8770-b1ce1a43e356,2026-08-07T21:30:00Z,2026-08-07T23:30:00+0200,43234.8,MW,FR,FR,actual_load,Actual Load,2026-08-09T15:49:09Z
2026-08-09T15:48:21Z,2026-08-09T17:48:21+0200,d1ee186b-63c3-474e-8770-b1ce1a43e356,2026-08-07T21:45:00Z,2026-08-07T23:45:00+0200,42222.78,MW,FR,FR,actual_load,Actual Load,2026-08-09T15:49:09Z
2026-08-09T15:48:21Z,2026-08-09T17:48:21+0200,d1ee186b-63c3-474e-8770-b1ce1a43e356,2026-08-07T22:00:00Z,2026-08-08T00:00:00+0200,42074.65,MW,FR,FR,actual_load,Actual Load,2026-08-09T15:49:09Z
2026-08-09T15:48:21Z,2026-08-09T17:48:21+0200,d1ee186b-63c3-474e-8770-b1ce1a43e356,2026-08-07T22:15:00Z,2026-08-08T00:15:00+0200,40949.88,MW,FR,FR,actual_load,Actual Load,2026-08-09T15:49:09Z
2026-08-09T15:48:21Z,2026-08-09T17:48:21+0200,d1ee186b-63c3-474e-8770-b1ce1a43e356,2026-08-07T22:30:00Z,2026-08-08T00:30:00+0200,39810.94,MW,FR,FR,actual_load,Actual Load,2026-08-09T15:49:09Z
2026-08-09T15:48:21Z,2026-08-09T17:48:21+0200,d1ee186b-63c3-474e-8770-b1ce1a43e356,2026-08-07T22:45:00Z,2026-08-08T00:45:00+0200,38918.8,MW,FR,FR,actual_load,Actual Load,2026-08-09T15:49:09Z
2026-08-09T15:48:21Z,2026-08-09T17:48:21+0200,d1ee186b-63c3-474e-8770-b1ce1a43e356,2026-08-07T23:00:00Z,2026-08-08T01:00:00+0200,39128.54,MW,FR,FR,actual_load,Actual Load,2026-08-09T15:49:09Z
2026-08-09T15:48:21Z,2026-08-09T17:48:21+0200,d1ee186b-63c3-474e-8770-b1ce1a43e356,2026-08-07T23:15:00Z,2026-08-08T01:15:00+0200,38375.13,MW,FR,FR,actual_load,Actual Load,2026-08-09T15:49:09Z
2026-08-09T15:48:21Z,2026-08-09T17:48:21+0200,d1ee186b-63c3-474e-8770-b1ce1a43e356,2026-08-07T23:30:00Z,2026-08-08T01:30:00+0200,38247.62,MW,FR,FR,actual_load,Actual Load,2026-08-09T15:49:09Z
2026-08-09T15:48:21Z,2026-08-09T17:48:21+0200,d1ee186b-63c3-474e-8770-b1ce1a43e356,2026-08-07T23:45:00Z,2026-08-08T01:45:00+0200,37496.24,MW,FR,FR,actual_load,Actual Load,2026-08-09T15:49:09Z
2026-08-09T15:48:21Z,2026-08-09T17:48:21+0200,d1ee186b-63c3-474e-8770-b1ce1a43e356,2026-08-08T00:00:00Z,2026-08-08T02:00:00+0200,37072.74,MW,FR,FR,actual_load,Actual Load,2026-08-09T15:49:09Z
2026-08-09T15:48:21Z,2026-08-09T17:48:21+0200,d1ee186b-63c3-474e-8770-b1ce1a43e356,2026-08-08T00:15:00Z,2026-08-08T02:15:00+0200,36208.09,MW,FR,FR,actual_load,Actual Load,2026-08-09T15:49:09Z
2026-08-09T15:48:21Z,2026-08-09T17:48:21+0200,d1ee186b-63c3-474e-8770-b1ce1a43e356,2026-08-08T00:30:00Z,2026-08-08T02:30:00+0200,35443.72,MW,FR,FR,actual_load,Actual Load,2026-08-09T15:49:09Z
2026-08-09T15:48:21Z,2026-08-09T17:48:21+0200,d1ee186b-63c3-474e-8770-b1ce1a43e356,2026-08-08T00:45:00Z,2026-08-08T02:45:00+0200,34765.05,MW,FR,FR,actual_load,Actual Load,2026-08-09T15:49:09Z
2026-08-09T15:48:21Z,2026-08-09T17:48:21+0200,d1ee186b-63c3-474e-8770-b1ce1a43e356,2026-08-08T01:00:00Z,2026-08-08T03:00:00+0200,34463.24,MW,FR,FR,actual_load,Actual Load,2026-08-09T15:49:09Z
2026-08-09T15:48:21Z,2026-08-09T17:48:21+0200,d1ee186b-63c3-474e-8770-b1ce1a43e356,2026-08-08T01:15:00Z,2026-08-08T03:15:00+0200,34095.53,MW,FR,FR,actual_load,Actual Load,2026-08-09T15:49:09Z
2026-08-09T15:48:21Z,2026-08-09T17:48:21+0200,d1ee186b-63c3-474e-8770-b1ce1a43e356,2026-08-08T01:30:00Z,2026-08-08T03:30:00+0200,33839.77,MW,FR,FR,actual_load,Actual Load,2026-08-09T15:49:09Z
2026-08-09T15:48:21Z,2026-08-09T17:48:21+0200,d1ee186b-63c3-474e-8770-b1ce1a43e356,2026-08-08T01:45:00Z,2026-08-08T03:45:00+0200,33605.25,MW,FR,FR,actual_load,Actual Load,2026-08-09T15:49:09Z
2026-08-09T15:48:21Z,2026-08-09T17:48:21+0200,d1ee186b-63c3-474e-8770-b1ce1a43e356,2026-08-08T02:00:00Z,2026-08-08T04:00:00+0200,33518.43,MW,FR,FR,actual_load,Actual Load,2026-08-09T15:49:09Z
2026-08-09T15:48:21Z,2026-08-09T17:48:21+0200,d1ee186b-63c3-474e-8770-b1ce1a43e356,2026-08-08T02:15:00Z,2026-08-08T04:15:00+0200,33384.13,MW,FR,FR,actual_load,Actual Load,2026-08-09T15:49:09Z
2026-08-09T15:48:21Z,2026-08-09T17:48:21+0200,d1ee186b-63c3-474e-8770-b1ce1a43e356,2026-08-08T02:30:00Z,2026-08-08T04:30:00+0200,33163.3,MW,FR,FR,actual_load,Actual Load,2026-08-09T15:49:09Z
2026-08-09T15:48:21Z,2026-08-09T17:48:21+0200,d1ee186b-63c3-474e-8770-b1ce1a43e356,2026-08-08T02:45:00Z,2026-08-08T04:45:00+0200,33065.62,MW,FR,FR,actual_load,Actual Load,2026-08-09T15:49:09Z
2026-08-09T15:48:21Z,2026-08-09T17:48:21+0200,d1ee186b-63c3-474e-8770-b1ce1a43e356,2026-08-08T03:00:00Z,2026-08-08T05:00:00+0200,33258.48,MW,FR,FR,actual_load,Actual Load,2026-08-09T15:49:09Z
2026-08-09T15:48:21Z,2026-08-09T17:48:21+0200,d1ee186b-63c3-474e-8770-b1ce1a43e356,2026-08-08T03:15:00Z,2026-08-08T05:15:00+0200,33195.48,MW,FR,FR,actual_load,Actual Load,2026-08-09T15:49:09Z
2026-08-09T15:48:21Z,2026-08-09T17:48:21+0200,d1ee186b-63c3-474e-8770-b1ce1a43e356,2026-08-08T03:30:00Z,2026-08-08T05:30:00+0200,33331.9,MW,FR,FR,actual_load,Actual Load,2026-08-09T15:49:09Z
2026-08-09T15:48:21Z,2026-08-09T17:48:21+0200,d1ee186b-63c3-474e-8770-b1ce1a43e356,2026-08-08T03:45:00Z,2026-08-08T05:45:00+0200,33446.23,MW,FR,FR,actual_load,Actual Load,2026-08-09T15:49:09Z
2026-08-09T15:48:21Z,2026-08-09T17:48:21+0200,d1ee186b-63c3-474e-8770-b1ce1a43e356,2026-08-08T04:00:00Z,2026-08-08T06:00:00+0200,33768.94,MW,FR,FR,actual_load,Actual Load,2026-08-09T15:49:09Z
2026-08-09T15:48:21Z,2026-08-09T17:48:21+0200,d1ee186b-63c3-474e-8770-b1ce1a43e356,2026-08-08T04:15:00Z,2026-08-08T06:15:00+0200,33616.7,MW,FR,FR,actual_load,Actual Load,2026-08-09T15:49:09Z
2026-08-09T15:48:21Z,2026-08-09T17:48:21+0200,d1ee186b-63c3-474e-8770-b1ce1a43e356,2026-08-08T04:30:00Z,2026-08-08T06:30:00+0200,33615.55,MW,FR,FR,actual_load,Actual Load,2026-08-09T15:49:09Z
2026-08-09T15:48:21Z,2026-08-09T17:48:21+0200,d1ee186b-63c3-474e-8770-b1ce1a43e356,2026-08-08T04:45:00Z,2026-08-08T06:45:00+0200,33662.89,MW,FR,FR,actual_load,Actual Load,2026-08-09T15:49:09Z
2026-08-09T15:48:21Z,2026-08-09T17:48:21+0200,d1ee186b-63c3-474e-8770-b1ce1a43e356,2026-08-08T05:00:00Z,2026-08-08T07:00:00+0200,33813.3,MW,FR,FR,actual_load,Actual Load,2026-08-09T15:49:09Z
2026-08-09T15:48:21Z,2026-08-09T17:48:21+0200,d1ee186b-63c3-474e-8770-b1ce1a43e356,2026-08-08T05:15:00Z,2026-08-08T07:15:00+0200,33857.24,MW,FR,FR,actual_load,Actual Load,2026-08-09T15:49:09Z
2026-08-09T15:48:21Z,2026-08-09T17:48:21+0200,d1ee186b-63c3-474e-8770-b1ce1a43e356,2026-08-08T05:30:00Z,2026-08-08T07:30:00+0200,34096.6,MW,FR,FR,actual_load,Actual Load,2026-08-09T15:49:09Z
2026-08-09T15:48:21Z,2026-08-09T17:48:21+0200,d1ee186b-63c3-474e-8770-b1ce1a43e356,2026-08-08T05:45:00Z,2026-08-08T07:45:00+0200,34441.91,MW,FR,FR,actual_load,Actual Load,2026-08-09T15:49:09Z
2026-08-09T15:48:21Z,2026-08-09T17:48:21+0200,d1ee186b-63c3-474e-8770-b1ce1a43e356,2026-08-08T06:00:00Z,2026-08-08T08:00:00+0200,35087.79,MW,FR,FR,actual_load,Actual Load,2026-08-09T15:49:09Z
2026-08-09T15:48:21Z,2026-08-09T17:48:21+0200,d1ee186b-63c3-474e-8770-b1ce1a43e356,2026-08-08T06:15:00Z,2026-08-08T08:15:00+0200,35601.59,MW,FR,FR,actual_load,Actual Load,2026-08-09T15:49:09Z
2026-08-09T15:48:21Z,2026-08-09T17:48:21+0200,d1ee186b-63c3-474e-8770-b1ce1a43e356,2026-08-08T06:30:00Z,2026-08-08T08:30:00+0200,35924.16,MW,FR,FR,actual_load,Actual Load,2026-08-09T15:49:09Z
2026-08-09T15:48:21Z,2026-08-09T17:48:21+0200,d1ee186b-63c3-474e-8770-b1ce1a43e356,2026-08-08T06:45:00Z,2026-08-08T08:45:00+0200,36510.34,MW,FR,FR,actual_load,Actual Load,2026-08-09T15:49:09Z
2026-08-09T15:48:21Z,2026-08-09T17:48:21+0200,d1ee186b-63c3-474e-8770-b1ce1a43e356,2026-08-08T07:00:00Z,2026-08-08T09:00:00+0200,37063.32,MW,FR,FR,actual_load,Actual Load,2026-08-09T15:49:09Z
2026-08-09T15:48:21Z,2026-08-09T17:48:21+0200,d1ee186b-63c3-474e-8770-b1ce1a43e356,2026-08-08T07:15:00Z,2026-08-08T09:15:00+0200,37531.87,MW,FR,FR,actual_load,Actual Load,2026-08-09T15:49:09Z
2026-08-09T15:48:21Z,2026-08-09T17:48:21+0200,d1ee186b-63c3-474e-8770-b1ce1a43e356,2026-08-08T07:30:00Z,2026-08-08T09:30:00+0200,38039.68,MW,FR,FR,actual_load,Actual Load,2026-08-09T15:49:09Z
2026-08-09T15:48:21Z,2026-08-09T17:48:21+0200,d1ee186b-63c3-474e-8770-b1ce1a43e356,2026-08-08T07:45:00Z,2026-08-08T09:45:00+0200,38621.7,MW,FR,FR,actual_load,Actual Load,2026-08-09T15:49:09Z
2026-08-09T15:48:21Z,2026-08-09T17:48:21+0200,d1ee186b-63c3-474e-8770-b1ce1a43e356,2026-08-08T08:00:00Z,2026-08-08T10:00:00+0200,39129.66,MW,FR,FR,actual_load,Actual Load,2026-08-09T15:49:09Z
2026-08-09T15:48:21Z,2026-08-09T17:48:21+0200,d1ee186b-63c3-474e-8770-b1ce1a43e356,2026-08-08T08:15:00Z,2026-08-08T10:15:00+0200,39537.43,MW,FR,FR,actual_load,Actual Load,2026-08-09T15:49:09Z
2026-08-09T15:48:21Z,2026-08-09T17:48:21+0200,d1ee186b-63c3-474e-8770-b1ce1a43e356,2026-08-08T08:30:00Z,2026-08-08T10:30:00+0200,39820.54,MW,FR,FR,actual_load,Actual Load,2026-08-09T15:49:09Z
2026-08-09T15:48:21Z,2026-08-09T17:48:21+0200,d1ee186b-63c3-474e-8770-b1ce1a43e356,2026-08-08T08:45:00Z,2026-08-08T10:45:00+0200,38899.82,MW,FR,FR,actual_load,Actual Load,2026-08-09T15:49:09Z
2026-08-09T15:48:21Z,2026-08-09T17:48:21+0200,d1ee186b-63c3-474e-8770-b1ce1a43e356,2026-08-08T09:00:00Z,2026-08-08T11:00:00+0200,40403.96,MW,FR,FR,actual_load,Actual Load,2026-08-09T15:49:09Z
2026-08-09T15:48:21Z,2026-08-09T17:48:21+0200,d1ee186b-63c3-474e-8770-b1ce1a43e356,2026-08-08T09:15:00Z,2026-08-08T11:15:00+0200,40845.2,MW,FR,FR,actual_load,Actual Load,2026-08-09T15:49:09Z
2026-08-09T15:48:21Z,2026-08-09T17:48:21+0200,d1ee186b-63c3-474e-8770-b1ce1a43e356,2026-08-08T09:30:00Z,2026-08-08T11:30:00+0200,41742.83,MW,FR,FR,actual_load,Actual Load,2026-08-09T15:49:09Z
2026-08-09T15:48:21Z,2026-08-09T17:48:21+0200,d1ee186b-63c3-474e-8770-b1ce1a43e356,2026-08-08T09:45:00Z,2026-08-08T11:45:00+0200,42029.93,MW,FR,FR,actual_load,Actual Load,2026-08-09T15:49:09Z
2026-08-09T15:48:21Z,2026-08-09T17:48:21+0200,d1ee186b-63c3-474e-8770-b1ce1a43e356,2026-08-08T10:00:00Z,2026-08-08T12:00:00+0200,42079.26,MW,FR,FR,actual_load,Actual Load,2026-08-09T15:49:09Z
2026-08-09T15:48:21Z,2026-08-09T17:48:21+0200,d1ee186b-63c3-474e-8770-b1ce1a43e356,2026-08-08T10:15:00Z,2026-08-08T12:15:00+0200,42142.39,MW,FR,FR,actual_load,Actual Load,2026-08-09T15:49:09Z
2026-08-09T15:48:21Z,2026-08-09T17:48:21+0200,d1ee186b-63c3-474e-8770-b1ce1a43e356,2026-08-08T10:30:00Z,2026-08-08T12:30:00+0200,42792.2,MW,FR,FR,actual_load,Actual Load,2026-08-09T15:49:09Z
2026-08-09T15:48:21Z,2026-08-09T17:48:21+0200,d1ee186b-63c3-474e-8770-b1ce1a43e356,2026-08-08T10:45:00Z,2026-08-08T12:45:00+0200,42621.4,MW,FR,FR,actual_load,Actual Load,2026-08-09T15:49:09Z
2026-08-09T15:48:21Z,2026-08-09T17:48:21+0200,d1ee186b-63c3-474e-8770-b1ce1a43e356,2026-08-08T11:00:00Z,2026-08-08T13:00:00+0200,42254.91,MW,FR,FR,actual_load,Actual Load,2026-08-09T15:49:09Z
2026-08-09T15:48:21Z,2026-08-09T17:48:21+0200,d1ee186b-63c3-474e-8770-b1ce1a43e356,2026-08-08T11:15:00Z,2026-08-08T13:15:00+0200,41789.04,MW,FR,FR,actual_load,Actual Load,2026-08-09T15:49:09Z
2026-08-09T15:48:21Z,2026-08-09T17:48:21+0200,d1ee186b-63c3-474e-8770-b1ce1a43e356,2026-08-08T11:30:00Z,2026-08-08T13:30:00+0200,41697.04,MW,FR,FR,actual_load,Actual Load,2026-08-09T15:49:09Z
2026-08-09T15:48:21Z,2026-08-09T17:48:21+0200,d1ee186b-63c3-474e-8770-b1ce1a43e356,2026-08-08T11:45:00Z,2026-08-08T13:45:00+0200,41682.66,MW,FR,FR,actual_load,Actual Load,2026-08-09T15:49:09Z
2026-08-09T15:48:21Z,2026-08-09T17:48:21+0200,d1ee186b-63c3-474e-8770-b1ce1a43e356,2026-08-08T12:00:00Z,2026-08-08T14:00:00+0200,42599.55,MW,FR,FR,actual_load,Actual Load,2026-08-09T15:49:09Z
2026-08-09T15:48:21Z,2026-08-09T17:48:21+0200,d1ee186b-63c3-474e-8770-b1ce1a43e356,2026-08-08T12:15:00Z,2026-08-08T14:15:00+0200,42625.04,MW,FR,FR,actual_load,Actual Load,2026-08-09T15:49:09Z
2026-08-09T15:48:21Z,2026-08-09T17:48:21+0200,d1ee186b-63c3-474e-8770-b1ce1a43e356,2026-08-08T12:30:00Z,2026-08-08T14:30:00+0200,42695.62,MW,FR,FR,actual_load,Actual Load,2026-08-09T15:49:09Z
2026-08-09T15:48:21Z,2026-08-09T17:48:21+0200,d1ee186b-63c3-474e-8770-b1ce1a43e356,2026-08-08T12:45:00Z,2026-08-08T14:45:00+0200,42962.6,MW,FR,FR,actual_load,Actual Load,2026-08-09T15:49:09Z
2026-08-09T15:48:21Z,2026-08-09T17:48:21+0200,d1ee186b-63c3-474e-8770-b1ce1a43e356,2026-08-08T13:00:00Z,2026-08-08T15:00:00+0200,43703.95,MW,FR,FR,actual_load,Actual Load,2026-08-09T15:49:09Z
2026-08-09T15:48:21Z,2026-08-09T17:48:21+0200,d1ee186b-63c3-474e-8770-b1ce1a43e356,2026-08-08T13:15:00Z,2026-08-08T15:15:00+0200,43492.67,MW,FR,FR,actual_load,Actual Load,2026-08-09T15:49:09Z
2026-08-09T15:48:21Z,2026-08-09T17:48:21+0200,d1ee186b-63c3-474e-8770-b1ce1a43e356,2026-08-08T13:30:00Z,2026-08-08T15:30:00+0200,43606.07,MW,FR,FR,actual_load,Actual Load,2026-08-09T15:49:09Z
2026-08-09T15:48:21Z,2026-08-09T17:48:21+0200,d1ee186b-63c3-474e-8770-b1ce1a43e356,2026-08-08T13:45:00Z,2026-08-08T15:45:00+0200,42900.8,MW,FR,FR,actual_load,Actual Load,2026-08-09T15:49:09Z
2026-08-09T15:48:21Z,2026-08-09T17:48:21+0200,d1ee186b-63c3-474e-8770-b1ce1a43e356,2026-08-08T14:00:00Z,2026-08-08T16:00:00+0200,42863.0,MW,FR,FR,actual_load,Actual Load,2026-08-09T15:49:09Z
2026-08-09T15:48:21Z,2026-08-09T17:48:21+0200,d1ee186b-63c3-474e-8770-b1ce1a43e356,2026-08-08T14:15:00Z,2026-08-08T16:15:00+0200,42891.4,MW,FR,FR,actual_load,Actual Load,2026-08-09T15:49:09Z
2026-08-09T15:48:21Z,2026-08-09T17:48:21+0200,d1ee186b-63c3-474e-8770-b1ce1a43e356,2026-08-08T14:30:00Z,2026-08-08T16:30:00+0200,43098.73,MW,FR,FR,actual_load,Actual Load,2026-08-09T15:49:09Z
2026-08-09T15:48:21Z,2026-08-09T17:48:21+0200,d1ee186b-63c3-474e-8770-b1ce1a43e356,2026-08-08T14:45:00Z,2026-08-08T16:45:00+0200,43426.31,MW,FR,FR,actual_load,Actual Load,2026-08-09T15:49:09Z
2026-08-09T15:48:21Z,2026-08-09T17:48:21+0200,d1ee186b-63c3-474e-8770-b1ce1a43e356,2026-08-08T15:00:00Z,2026-08-08T17:00:00+0200,43184.12,MW,FR,FR,actual_load,Actual Load,2026-08-09T15:49:09Z
2026-08-09T15:48:21Z,2026-08-09T17:48:21+0200,d1ee186b-63c3-474e-8770-b1ce1a43e356,2026-08-08T15:15:00Z,2026-08-08T17:15:00+0200,43273.29,MW,FR,FR,actual_load,Actual Load,2026-08-09T15:49:09Z
2026-08-09T15:48:21Z,2026-08-09T17:48:21+0200,d1ee186b-63c3-474e-8770-b1ce1a43e356,2026-08-08T15:30:00Z,2026-08-08T17:30:00+0200,43313.05,MW,FR,FR,actual_load,Actual Load,2026-08-09T15:49:09Z
2026-08-09T15:48:21Z,2026-08-09T17:48:21+0200,d1ee186b-63c3-474e-8770-b1ce1a43e356,2026-08-08T15:45:00Z,2026-08-08T17:45:00+0200,43730.63,MW,FR,FR,actual_load,Actual Load,2026-08-09T15:49:09Z
2026-08-09T15:48:21Z,2026-08-09T17:48:21+0200,d1ee186b-63c3-474e-8770-b1ce1a43e356,2026-08-08T16:00:00Z,2026-08-08T18:00:00+0200,43912.25,MW,FR,FR,actual_load,Actual Load,2026-08-09T15:49:09Z
2026-08-09T15:48:21Z,2026-08-09T17:48:21+0200,d1ee186b-63c3-474e-8770-b1ce1a43e356,2026-08-08T16:15:00Z,2026-08-08T18:15:00+0200,44245.3,MW,FR,FR,actual_load,Actual Load,2026-08-09T15:49:09Z
2026-08-09T15:48:21Z,2026-08-09T17:48:21+0200,d1ee186b-63c3-474e-8770-b1ce1a43e356,2026-08-08T16:30:00Z,2026-08-08T18:30:00+0200,44791.25,MW,FR,FR,actual_load,Actual Load,2026-08-09T15:49:09Z
2026-08-09T15:48:21Z,2026-08-09T17:48:21+0200,d1ee186b-63c3-474e-8770-b1ce1a43e356,2026-08-08T16:45:00Z,2026-08-08T18:45:00+0200,45070.06,MW,FR,FR,actual_load,Actual Load,2026-08-09T15:49:09Z
2026-08-09T15:48:21Z,2026-08-09T17:48:21+0200,d1ee186b-63c3-474e-8770-b1ce1a43e356,2026-08-08T17:00:00Z,2026-08-08T19:00:00+0200,45032.34,MW,FR,FR,actual_load,Actual Load,2026-08-09T15:49:09Z
2026-08-09T15:48:21Z,2026-08-09T17:48:21+0200,d1ee186b-63c3-474e-8770-b1ce1a43e356,2026-08-08T17:15:00Z,2026-08-08T19:15:00+0200,44974.81,MW,FR,FR,actual_load,Actual Load,2026-08-09T15:49:09Z
2026-08-09T15:48:21Z,2026-08-09T17:48:21+0200,d1ee186b-63c3-474e-8770-b1ce1a43e356,2026-08-08T17:30:00Z,2026-08-08T19:30:00+0200,44888.15,MW,FR,FR,actual_load,Actual Load,2026-08-09T15:49:09Z
2026-08-09T15:48:21Z,2026-08-09T17:48:21+0200,d1ee186b-63c3-474e-8770-b1ce1a43e356,2026-08-08T17:45:00Z,2026-08-08T19:45:00+0200,44627.12,MW,FR,FR,actual_load,Actual Load,2026-08-09T15:49:09Z
2026-08-09T15:48:21Z,2026-08-09T17:48:21+0200,d1ee186b-63c3-474e-8770-b1ce1a43e356,2026-08-08T18:00:00Z,2026-08-08T20:00:00+0200,44250.66,MW,FR,FR,actual_load,Actual Load,2026-08-09T15:49:09Z
2026-08-09T15:48:21Z,2026-08-09T17:48:21+0200,d1ee186b-63c3-474e-8770-b1ce1a43e356,2026-08-08T18:15:00Z,2026-08-08T20:15:00+0200,43743.98,MW,FR,FR,actual_load,Actual Load,2026-08-09T15:49:09Z
2026-08-09T15:48:21Z,2026-08-09T17:48:21+0200,d1ee186b-63c3-474e-8770-b1ce1a43e356,2026-08-08T18:30:00Z,2026-08-08T20:30:00+0200,43250.71,MW,FR,FR,actual_load,Actual Load,2026-08-09T15:49:09Z
2026-08-09T15:48:21Z,2026-08-09T17:48:21+0200,d1ee186b-63c3-474e-8770-b1ce1a43e356,2026-08-08T18:45:00Z,2026-08-08T20:45:00+0200,42845.72,MW,FR,FR,actual_load,Actual Load,2026-08-09T15:49:09Z
2026-08-09T15:48:21Z,2026-08-09T17:48:21+0200,d1ee186b-63c3-474e-8770-b1ce1a43e356,2026-08-08T19:00:00Z,2026-08-08T21:00:00+0200,42982.69,MW,FR,FR,actual_load,Actual Load,2026-08-09T15:49:09Z
2026-08-09T15:48:21Z,2026-08-09T17:48:21+0200,d1ee186b-63c3-474e-8770-b1ce1a43e356,2026-08-08T19:15:00Z,2026-08-08T21:15:00+0200,42834.78,MW,FR,FR,actual_load,Actual Load,2026-08-09T15:49:09Z
2026-08-09T15:48:21Z,2026-08-09T17:48:21+0200,d1ee186b-63c3-474e-8770-b1ce1a43e356,2026-08-08T19:30:00Z,2026-08-08T21:30:00+0200,42689.46,MW,FR,FR,actual_load,Actual Load,2026-08-09T15:49:09Z
2026-08-09T15:48:21Z,2026-08-09T17:48:21+0200,d1ee186b-63c3-474e-8770-b1ce1a43e356,2026-08-08T19:45:00Z,2026-08-08T21:45:00+0200,42317.76,MW,FR,FR,actual_load,Actual Load,2026-08-09T15:49:09Z
2026-08-09T15:48:21Z,2026-08-09T17:48:21+0200,d1ee186b-63c3-474e-8770-b1ce1a43e356,2026-08-08T20:00:00Z,2026-08-08T22:00:00+0200,43114.78,MW,FR,FR,actual_load,Actual Load,2026-08-09T15:49:09Z
2026-08-09T15:48:21Z,2026-08-09T17:48:21+0200,d1ee186b-63c3-474e-8770-b1ce1a43e356,2026-08-08T20:15:00Z,2026-08-08T22:15:00+0200,42777.85,MW,FR,FR,actual_load,Actual Load,2026-08-09T15:49:09Z
2026-08-09T15:48:21Z,2026-08-09T17:48:21+0200,d1ee186b-63c3-474e-8770-b1ce1a43e356,2026-08-08T20:30:00Z,2026-08-08T22:30:00+0200,43719.98,MW,FR,FR,actual_load,Actual Load,2026-08-09T15:49:09Z
2026-08-09T15:48:21Z,2026-08-09T17:48:21+0200,d1ee186b-63c3-474e-8770-b1ce1a43e356,2026-08-08T20:45:00Z,2026-08-08T22:45:00+0200,43202.5,MW,FR,FR,actual_load,Actual Load,2026-08-09T15:49:09Z
2026-08-09T15:48:21Z,2026-08-09T17:48:21+0200,d1ee186b-63c3-474e-8770-b1ce1a43e356,2026-08-08T21:00:00Z,2026-08-08T23:00:00+0200,42929.87,MW,FR,FR,actual_load,Actual Load,2026-08-09T15:49:09Z
2026-08-09T15:48:21Z,2026-08-09T17:48:21+0200,d1ee186b-63c3-474e-8770-b1ce1a43e356,2026-08-08T21:15:00Z,2026-08-08T23:15:00+0200,41786.14,MW,FR,FR,actual_load,Actual Load,2026-08-09T15:49:09Z
2026-08-09T15:48:21Z,2026-08-09T17:48:21+0200,d1ee186b-63c3-474e-8770-b1ce1a43e356,2026-08-08T21:30:00Z,2026-08-08T23:30:00+0200,42184.84,MW,FR,FR,actual_load,Actual Load,2026-08-09T15:49:09Z
2026-08-09T15:48:21Z,2026-08-09T17:48:21+0200,d1ee186b-63c3-474e-8770-b1ce1a43e356,2026-08-08T21:45:00Z,2026-08-08T23:45:00+0200,41215.62,MW,FR,FR,actual_load,Actual Load,2026-08-09T15:49:09Z
2026-08-09T15:48:21Z,2026-08-09T17:48:21+0200,d1ee186b-63c3-474e-8770-b1ce1a43e356,2026-08-08T22:00:00Z,2026-08-09T00:00:00+0200,41077.77,MW,FR,FR,actual_load,Actual Load,2026-08-09T15:49:09Z
2026-08-09T15:48:21Z,2026-08-09T17:48:21+0200,d1ee186b-63c3-474e-8770-b1ce1a43e356,2026-08-08T22:15:00Z,2026-08-09T00:15:00+0200,40059.18,MW,FR,FR,actual_load,Actual Load,2026-08-09T15:49:09Z
2026-08-09T15:48:21Z,2026-08-09T17:48:21+0200,d1ee186b-63c3-474e-8770-b1ce1a43e356,2026-08-08T22:30:00Z,2026-08-09T00:30:00+0200,38823.63,MW,FR,FR,actual_load,Actual Load,2026-08-09T15:49:09Z
2026-08-09T15:48:21Z,2026-08-09T17:48:21+0200,d1ee186b-63c3-474e-8770-b1ce1a43e356,2026-08-08T22:45:00Z,2026-08-09T00:45:00+0200,37803.6,MW,FR,FR,actual_load,Actual Load,2026-08-09T15:49:09Z
2026-08-09T15:48:21Z,2026-08-09T17:48:21+0200,d1ee186b-63c3-474e-8770-b1ce1a43e356,2026-08-08T23:00:00Z,2026-08-09T01:00:00+0200,38108.99,MW,FR,FR,actual_load,Actual Load,2026-08-09T15:49:09Z
2026-08-09T15:48:21Z,2026-08-09T17:48:21+0200,d1ee186b-63c3-474e-8770-b1ce1a43e356,2026-08-08T23:15:00Z,2026-08-09T01:15:00+0200,37494.68,MW,FR,FR,actual_load,Actual Load,2026-08-09T15:49:09Z
2026-08-09T15:48:21Z,2026-08-09T17:48:21+0200,d1ee186b-63c3-474e-8770-b1ce1a43e356,2026-08-08T23:30:00Z,2026-08-09T01:30:00+0200,37389.44,MW,FR,FR,actual_load,Actual Load,2026-08-09T15:49:09Z
2026-08-09T15:48:21Z,2026-08-09T17:48:21+0200,d1ee186b-63c3-474e-8770-b1ce1a43e356,2026-08-08T23:45:00Z,2026-08-09T01:45:00+0200,36365.39,MW,FR,FR,actual_load,Actual Load,2026-08-09T15:49:09Z
2026-08-09T15:48:21Z,2026-08-09T17:48:21+0200,d1ee186b-63c3-474e-8770-b1ce1a43e356,2026-08-09T00:00:00Z,2026-08-09T02:00:00+0200,36174.82,MW,FR,FR,actual_load,Actual Load,2026-08-09T15:49:09Z
2026-08-09T15:48:21Z,2026-08-09T17:48:21+0200,d1ee186b-63c3-474e-8770-b1ce1a43e356,2026-08-09T00:15:00Z,2026-08-09T02:15:00+0200,35398.7,MW,FR,FR,actual_load,Actual Load,2026-08-09T15:49:09Z
2026-08-09T15:48:21Z,2026-08-09T17:48:21+0200,d1ee186b-63c3-474e-8770-b1ce1a43e356,2026-08-09T00:30:00Z,2026-08-09T02:30:00+0200,34660.98,MW,FR,FR,actual_load,Actual Load,2026-08-09T15:49:09Z
2026-08-09T15:48:21Z,2026-08-09T17:48:21+0200,d1ee186b-63c3-474e-8770-b1ce1a43e356,2026-08-09T00:45:00Z,2026-08-09T02:45:00+0200,34161.91,MW,FR,FR,actual_load,Actual Load,2026-08-09T15:49:09Z
2026-08-09T15:48:21Z,2026-08-09T17:48:21+0200,d1ee186b-63c3-474e-8770-b1ce1a43e356,2026-08-09T01:00:00Z,2026-08-09T03:00:00+0200,33810.73,MW,FR,FR,actual_load,Actual Load,2026-08-09T15:49:09Z
2026-08-09T15:48:21Z,2026-08-09T17:48:21+0200,d1ee186b-63c3-474e-8770-b1ce1a43e356,2026-08-09T01:15:00Z,2026-08-09T03:15:00+0200,33412.21,MW,FR,FR,actual_load,Actual Load,2026-08-09T15:49:09Z
2026-08-09T15:48:21Z,2026-08-09T17:48:21+0200,d1ee186b-63c3-474e-8770-b1ce1a43e356,2026-08-09T01:30:00Z,2026-08-09T03:30:00+0200,33116.12,MW,FR,FR,actual_load,Actual Load,2026-08-09T15:49:09Z
2026-08-09T15:48:21Z,2026-08-09T17:48:21+0200,d1ee186b-63c3-474e-8770-b1ce1a43e356,2026-08-09T01:45:00Z,2026-08-09T03:45:00+0200,32868.45,MW,FR,FR,actual_load,Actual Load,2026-08-09T15:49:09Z
2026-08-09T15:48:21Z,2026-08-09T17:48:21+0200,d1ee186b-63c3-474e-8770-b1ce1a43e356,2026-08-09T02:00:00Z,2026-08-09T04:00:00+0200,32808.57,MW,FR,FR,actual_load,Actual Load,2026-08-09T15:49:09Z
2026-08-09T15:48:21Z,2026-08-09T17:48:21+0200,d1ee186b-63c3-474e-8770-b1ce1a43e356,2026-08-09T02:15:00Z,2026-08-09T04:15:00+0200,32643.52,MW,FR,FR,actual_load,Actual Load,2026-08-09T15:49:09Z
2026-08-09T15:48:21Z,2026-08-09T17:48:21+0200,d1ee186b-63c3-474e-8770-b1ce1a43e356,2026-08-09T02:30:00Z,2026-08-09T04:30:00+0200,32513.65,MW,FR,FR,actual_load,Actual Load,2026-08-09T15:49:09Z
2026-08-09T15:48:21Z,2026-08-09T17:48:21+0200,d1ee186b-63c3-474e-8770-b1ce1a43e356,2026-08-09T02:45:00Z,2026-08-09T04:45:00+0200,32477.09,MW,FR,FR,actual_load,Actual Load,2026-08-09T15:49:09Z
2026-08-09T15:48:21Z,2026-08-09T17:48:21+0200,d1ee186b-63c3-474e-8770-b1ce1a43e356,2026-08-09T03:00:00Z,2026-08-09T05:00:00+0200,32605.16,MW,FR,FR,actual_load,Actual Load,2026-08-09T15:49:09Z
2026-08-09T15:48:21Z,2026-08-09T17:48:21+0200,d1ee186b-63c3-474e-8770-b1ce1a43e356,2026-08-09T03:15:00Z,2026-08-09T05:15:00+0200,32560.71,MW,FR,FR,actual_load,Actual Load,2026-08-09T15:49:09Z
2026-08-09T15:48:21Z,2026-08-09T17:48:21+0200,d1ee186b-63c3-474e-8770-b1ce1a43e356,2026-08-09T03:30:00Z,2026-08-09T05:30:00+0200,32667.17,MW,FR,FR,actual_load,Actual Load,2026-08-09T15:49:09Z
2026-08-09T15:48:21Z,2026-08-09T17:48:21+0200,d1ee186b-63c3-474e-8770-b1ce1a43e356,2026-08-09T03:45:00Z,2026-08-09T05:45:00+0200,32654.67,MW,FR,FR,actual_load,Actual Load,2026-08-09T15:49:09Z
2026-08-09T15:48:21Z,2026-08-09T17:48:21+0200,d1ee186b-63c3-474e-8770-b1ce1a43e356,2026-08-09T04:00:00Z,2026-08-09T06:00:00+0200,32674.36,MW,FR,FR,actual_load,Actual Load,2026-08-09T15:49:09Z
2026-08-09T15:48:21Z,2026-08-09T17:48:21+0200,d1ee186b-63c3-474e-8770-b1ce1a43e356,2026-08-09T04:15:00Z,2026-08-09T06:15:00+0200,32543.01,MW,FR,FR,actual_load,Actual Load,2026-08-09T15:49:09Z
2026-08-09T15:48:21Z,2026-08-09T17:48:21+0200,d1ee186b-63c3-474e-8770-b1ce1a43e356,2026-08-09T04:30:00Z,2026-08-09T06:30:00+0200,32418.25,MW,FR,FR,actual_load,Actual Load,2026-08-09T15:49:09Z
2026-08-09T15:48:21Z,2026-08-09T17:48:21+0200,d1ee186b-63c3-474e-8770-b1ce1a43e356,2026-08-09T04:45:00Z,2026-08-09T06:45:00+0200,32479.43,MW,FR,FR,actual_load,Actual Load,2026-08-09T15:49:09Z
2026-08-09T15:48:21Z,2026-08-09T17:48:21+0200,d1ee186b-63c3-474e-8770-b1ce1a43e356,2026-08-09T05:00:00Z,2026-08-09T07:00:00+0200,32464.15,MW,FR,FR,actual_load,Actual Load,2026-08-09T15:49:09Z
2026-08-09T15:48:21Z,2026-08-09T17:48:21+0200,d1ee186b-63c3-474e-8770-b1ce1a43e356,2026-08-09T05:15:00Z,2026-08-09T07:15:00+0200,32519.96,MW,FR,FR,actual_load,Actual Load,2026-08-09T15:49:09Z
2026-08-09T15:48:21Z,2026-08-09T17:48:21+0200,d1ee186b-63c3-474e-8770-b1ce1a43e356,2026-08-09T05:30:00Z,2026-08-09T07:30:00+0200,32769.23,MW,FR,FR,actual_load,Actual Load,2026-08-09T15:49:09Z
2026-08-09T15:48:21Z,2026-08-09T17:48:21+0200,d1ee186b-63c3-474e-8770-b1ce1a43e356,2026-08-09T05:45:00Z,2026-08-09T07:45:00+0200,33181.83,MW,FR,FR,actual_load,Actual Load,2026-08-09T15:49:09Z
2026-08-09T15:48:21Z,2026-08-09T17:48:21+0200,d1ee186b-63c3-474e-8770-b1ce1a43e356,2026-08-09T06:00:00Z,2026-08-09T08:00:00+0200,33617.79,MW,FR,FR,actual_load,Actual Load,2026-08-09T15:49:09Z
2026-08-09T15:48:21Z,2026-08-09T17:48:21+0200,d1ee186b-63c3-474e-8770-b1ce1a43e356,2026-08-09T06:15:00Z,2026-08-09T08:15:00+0200,34084.73,MW,FR,FR,actual_load,Actual Load,2026-08-09T15:49:09Z
2026-08-09T15:48:21Z,2026-08-09T17:48:21+0200,d1ee186b-63c3-474e-8770-b1ce1a43e356,2026-08-09T06:30:00Z,2026-08-09T08:30:00+0200,34594.97,MW,FR,FR,actual_load,Actual Load,2026-08-09T15:49:09Z
2026-08-09T15:48:21Z,2026-08-09T17:48:21+0200,d1ee186b-63c3-474e-8770-b1ce1a43e356,2026-08-09T06:45:00Z,2026-08-09T08:45:00+0200,35100.49,MW,FR,FR,actual_load,Actual Load,2026-08-09T15:49:09Z
2026-08-09T15:48:21Z,2026-08-09T17:48:21+0200,d1ee186b-63c3-474e-8770-b1ce1a43e356,2026-08-09T07:00:00Z,2026-08-09T09:00:00+0200,35532.71,MW,FR,FR,actual_load,Actual Load,2026-08-09T15:49:09Z
2026-08-09T15:48:21Z,2026-08-09T17:48:21+0200,d1ee186b-63c3-474e-8770-b1ce1a43e356,2026-08-09T07:15:00Z,2026-08-09T09:15:00+0200,36003.57,MW,FR,FR,actual_load,Actual Load,2026-08-09T15:49:09Z
2026-08-09T15:48:21Z,2026-08-09T17:48:21+0200,d1ee186b-63c3-474e-8770-b1ce1a43e356,2026-08-09T07:30:00Z,2026-08-09T09:30:00+0200,36786.95,MW,FR,FR,actual_load,Actual Load,2026-08-09T15:49:09Z
2026-08-09T15:48:21Z,2026-08-09T17:48:21+0200,d1ee186b-63c3-474e-8770-b1ce1a43e356,2026-08-09T07:45:00Z,2026-08-09T09:45:00+0200,37275.62,MW,FR,FR,actual_load,Actual Load,2026-08-09T15:49:09Z
2026-08-09T15:48:21Z,2026-08-09T17:48:21+0200,d1ee186b-63c3-474e-8770-b1ce1a43e356,2026-08-09T08:00:00Z,2026-08-09T10:00:00+0200,38185.16,MW,FR,FR,actual_load,Actual Load,2026-08-09T15:49:09Z
2026-08-09T15:48:21Z,2026-08-09T17:48:21+0200,d1ee186b-63c3-474e-8770-b1ce1a43e356,2026-08-09T08:15:00Z,2026-08-09T10:15:00+0200,38965.72,MW,FR,FR,actual_load,Actual Load,2026-08-09T15:49:09Z
2026-08-09T15:48:21Z,2026-08-09T17:48:21+0200,d1ee186b-63c3-474e-8770-b1ce1a43e356,2026-08-09T08:30:00Z,2026-08-09T10:30:00+0200,39371.48,MW,FR,FR,actual_load,Actual Load,2026-08-09T15:49:09Z
2026-08-09T15:48:21Z,2026-08-09T17:48:21+0200,d1ee186b-63c3-474e-8770-b1ce1a43e356,2026-08-09T08:45:00Z,2026-08-09T10:45:00+0200,39307.54,MW,FR,FR,actual_load,Actual Load,2026-08-09T15:49:09Z
2026-08-09T15:48:21Z,2026-08-09T17:48:21+0200,d1ee186b-63c3-474e-8770-b1ce1a43e356,2026-08-09T09:00:00Z,2026-08-09T11:00:00+0200,39969.63,MW,FR,FR,actual_load,Actual Load,2026-08-09T15:49:09Z
2026-08-09T15:48:21Z,2026-08-09T17:48:21+0200,d1ee186b-63c3-474e-8770-b1ce1a43e356,2026-08-09T09:15:00Z,2026-08-09T11:15:00+0200,40678.52,MW,FR,FR,actual_load,Actual Load,2026-08-09T15:49:09Z
2026-08-09T15:48:21Z,2026-08-09T17:48:21+0200,d1ee186b-63c3-474e-8770-b1ce1a43e356,2026-08-09T09:30:00Z,2026-08-09T11:30:00+0200,41498.9,MW,FR,FR,actual_load,Actual Load,2026-08-09T15:49:09Z
2026-08-09T15:48:21Z,2026-08-09T17:48:21+0200,d1ee186b-63c3-474e-8770-b1ce1a43e356,2026-08-09T09:45:00Z,2026-08-09T11:45:00+0200,41964.06,MW,FR,FR,actual_load,Actual Load,2026-08-09T15:49:09Z
2026-08-09T15:48:21Z,2026-08-09T17:48:21+0200,d1ee186b-63c3-474e-8770-b1ce1a43e356,2026-08-09T10:00:00Z,2026-08-09T12:00:00+0200,42564.73,MW,FR,FR,actual_load,Actual Load,2026-08-09T15:49:09Z
2026-08-09T15:48:21Z,2026-08-09T17:48:21+0200,d1ee186b-63c3-474e-8770-b1ce1a43e356,2026-08-09T10:15:00Z,2026-08-09T12:15:00+0200,42943.38,MW,FR,FR,actual_load,Actual Load,2026-08-09T15:49:09Z
2026-08-09T15:48:21Z,2026-08-09T17:48:21+0200,d1ee186b-63c3-474e-8770-b1ce1a43e356,2026-08-09T10:30:00Z,2026-08-09T12:30:00+0200,43510.64,MW,FR,FR,actual_load,Actual Load,2026-08-09T15:49:09Z
2026-08-09T15:48:21Z,2026-08-09T17:48:21+0200,d1ee186b-63c3-474e-8770-b1ce1a43e356,2026-08-09T10:45:00Z,2026-08-09T12:45:00+0200,43245.6,MW,FR,FR,actual_load,Actual Load,2026-08-09T15:49:09Z
2026-08-09T15:48:21Z,2026-08-09T17:48:21+0200,d1ee186b-63c3-474e-8770-b1ce1a43e356,2026-08-09T11:00:00Z,2026-08-09T13:00:00+0200,42542.82,MW,FR,FR,actual_load,Actual Load,2026-08-09T15:49:09Z
2026-08-09T15:48:21Z,2026-08-09T17:48:21+0200,d1ee186b-63c3-474e-8770-b1ce1a43e356,2026-08-09T11:15:00Z,2026-08-09T13:15:00+0200,42152.44,MW,FR,FR,actual_load,Actual Load,2026-08-09T15:49:09Z
2026-08-09T15:48:21Z,2026-08-09T17:48:21+0200,d1ee186b-63c3-474e-8770-b1ce1a43e356,2026-08-09T11:30:00Z,2026-08-09T13:30:00+0200,41509.09,MW,FR,FR,actual_load,Actual Load,2026-08-09T15:49:09Z
2026-08-09T15:48:21Z,2026-08-09T17:48:21+0200,d1ee186b-63c3-474e-8770-b1ce1a43e356,2026-08-09T11:45:00Z,2026-08-09T13:45:00+0200,41464.35,MW,FR,FR,actual_load,Actual Load,2026-08-09T15:49:09Z
2026-08-09T15:48:21Z,2026-08-09T17:48:21+0200,d1ee186b-63c3-474e-8770-b1ce1a43e356,2026-08-09T12:00:00Z,2026-08-09T14:00:00+0200,42357.54,MW,FR,FR,actual_load,Actual Load,2026-08-09T15:49:09Z
2026-08-09T15:48:21Z,2026-08-09T17:48:21+0200,d1ee186b-63c3-474e-8770-b1ce1a43e356,2026-08-09T12:15:00Z,2026-08-09T14:15:00+0200,42557.88,MW,FR,FR,actual_load,Actual Load,2026-08-09T15:49:09Z
2026-08-09T15:48:21Z,2026-08-09T17:48:21+0200,d1ee186b-63c3-474e-8770-b1ce1a43e356,2026-08-09T12:30:00Z,2026-08-09T14:30:00+0200,42302.94,MW,FR,FR,actual_load,Actual Load,2026-08-09T15:49:09Z
2026-08-09T15:48:21Z,2026-08-09T17:48:21+0200,d1ee186b-63c3-474e-8770-b1ce1a43e356,2026-08-09T12:45:00Z,2026-08-09T14:45:00+0200,41865.45,MW,FR,FR,actual_load,Actual Load,2026-08-09T15:49:09Z
2026-08-09T15:48:21Z,2026-08-09T17:48:21+0200,d1ee186b-63c3-474e-8770-b1ce1a43e356,2026-08-09T13:00:00Z,2026-08-09T15:00:00+0200,41607.52,MW,FR,FR,actual_load,Actual Load,2026-08-09T15:49:09Z
2026-08-09T15:48:21Z,2026-08-09T17:48:21+0200,d1ee186b-63c3-474e-8770-b1ce1a43e356,2026-08-09T13:15:00Z,2026-08-09T15:15:00+0200,41266.79,MW,FR,FR,actual_load,Actual Load,2026-08-09T15:49:09Z
2026-08-09T15:48:21Z,2026-08-09T17:48:21+0200,d1ee186b-63c3-474e-8770-b1ce1a43e356,2026-08-09T13:30:00Z,2026-08-09T15:30:00+0200,40683.02,MW,FR,FR,actual_load,Actual Load,2026-08-09T15:49:09Z
2026-08-09T15:48:21Z,2026-08-09T17:48:21+0200,d1ee186b-63c3-474e-8770-b1ce1a43e356,2026-08-09T13:45:00Z,2026-08-09T15:45:00+0200,40135.15,MW,FR,FR,actual_load,Actual Load,2026-08-09T15:49:09Z
2026-08-09T15:48:21Z,2026-08-09T17:48:21+0200,d1ee186b-63c3-474e-8770-b1ce1a43e356,2026-08-09T14:00:00Z,2026-08-09T16:00:00+0200,40558.28,MW,FR,FR,actual_load,Actual Load,2026-08-09T15:49:09Z
2026-08-09T15:48:21Z,2026-08-09T17:48:21+0200,d1ee186b-63c3-474e-8770-b1ce1a43e356,2026-08-09T14:15:00Z,2026-08-09T16:15:00+0200,40484.95,MW,FR,FR,actual_load,Actual Load,2026-08-09T15:49:09Z
2026-08-09T15:48:21Z,2026-08-09T17:48:21+0200,d1ee186b-63c3-474e-8770-b1ce1a43e356,2026-08-09T14:30:00Z,2026-08-09T16:30:00+0200,40632.62,MW,FR,FR,actual_load,Actual Load,2026-08-09T15:49:09Z
2026-08-09T15:48:21Z,2026-08-09T17:48:21+0200,d1ee186b-63c3-474e-8770-b1ce1a43e356,2026-08-09T14:45:00Z,2026-08-09T16:45:00+0200,40595.41,MW,FR,FR,actual_load,Actual Load,2026-08-09T15:49:09Z
