collection_time_utc,collection_time_local,run_id,timestamp_utc,timestamp_local,value,unit,country,entsoe_area,variable,source,updated_at_utc
2026-08-22T04:45:07Z,2026-08-22T06:45:07+0200,81890fbb-3a1d-466f-b50a-dc03bf877707,2026-07-22T05:00:00Z,2026-07-22T07:00:00+0200,40652.09,MW,FR,FR,actual_load,Actual Load,2026-08-22T04:46:30Z
2026-08-22T04:45:07Z,2026-08-22T06:45:07+0200,81890fbb-3a1d-466f-b50a-dc03bf877707,2026-07-22T05:15:00Z,2026-07-22T07:15:00+0200,41352.2,MW,FR,FR,actual_load,Actual Load,2026-08-22T04:46:30Z
2026-08-22T04:45:07Z,2026-08-22T06:45:07+0200,81890fbb-3a1d-466f-b50a-dc03bf877707,2026-07-22T05:30:00Z,2026-07-22T07:30:00+0200,41999.64,MW,FR,FR,actual_load,Actual Load,2026-08-22T04:46:30Z
2026-08-22T04:45:07Z,2026-08-22T06:45:07+0200,81890fbb-3a1d-466f-b50a-dc03bf877707,2026-07-22T05:45:00Z,2026-07-22T07:45:00+0200,42620.36,MW,FR,FR,actual_load,Actual Load,2026-08-22T04:46:30Z
2026-08-22T04:45:07Z,2026-08-22T06:45:07+0200,81890fbb-3a1d-466f-b50a-dc03bf877707,2026-07-22T06:00:00Z,2026-07-22T08:00:00+0200,43308.05,MW,FR,FR,actual_load,Actual Load,2026-08-22T04:46:30Z
2026-08-22T04:45:07Z,2026-08-22T06:45:07+0200,81890fbb-3a1d-466f-b50a-dc03bf877707,2026-07-22T06:15:00Z,2026-07-22T08:15:00+0200,43711.19,MW,FR,FR,actual_load,Actual Load,2026-08-22T04:46:30Z
2026-08-22T04:45:07Z,2026-08-22T06:45:07+0200,81890fbb-3a1d-466f-b50a-dc03bf877707,2026-07-22T06:30:00Z,2026-07-22T08:30:00+0200,44212.56,MW,FR,FR,actual_load,Actual Load,2026-08-22T04:46:30Z
2026-08-22T04:45:07Z,2026-08-22T06:45:07+0200,81890fbb-3a1d-466f-b50a-dc03bf877707,2026-07-22T06:45:00Z,2026-07-22T08:45:00+0200,44700.38,MW,FR,FR,actual_load,Actual Load,2026-08-22T04:46:30Z
2026-08-22T04:45:07Z,2026-08-22T06:45:07+0200,81890fbb-3a1d-466f-b50a-dc03bf877707,2026-07-22T07:00:00Z,2026-07-22T09:00:00+0200,44934.46,MW,FR,FR,actual_load,Actual Load,2026-08-22T04:46:30Z
2026-08-22T04:45:07Z,2026-08-22T06:45:07+0200,81890fbb-3a1d-466f-b50a-dc03bf877707,2026-07-22T07:15:00Z,2026-07-22T09:15:00+0200,45447.94,MW,FR,FR,actual_load,Actual Load,2026-08-22T04:46:30Z
2026-08-22T04:45:07Z,2026-08-22T06:45:07+0200,81890fbb-3a1d-466f-b50a-dc03bf877707,2026-07-22T07:30:00Z,2026-07-22T09:30:00+0200,46072.58,MW,FR,FR,actual_load,Actual Load,2026-08-22T04:46:30Z
2026-08-22T04:45:07Z,2026-08-22T06:45:07+0200,81890fbb-3a1d-466f-b50a-dc03bf877707,2026-07-22T07:45:00Z,2026-07-22T09:45:00+0200,46324.43,MW,FR,FR,actual_load,Actual Load,2026-08-22T04:46:30Z
2026-08-22T04:45:07Z,2026-08-22T06:45:07+0200,81890fbb-3a1d-466f-b50a-dc03bf877707,2026-07-22T08:00:00Z,2026-07-22T10:00:00+0200,46709.39,MW,FR,FR,actual_load,Actual Load,2026-08-22T04:46:30Z
2026-08-22T04:45:07Z,2026-08-22T06:45:07+0200,81890fbb-3a1d-466f-b50a-dc03bf877707,2026-07-22T08:15:00Z,2026-07-22T10:15:00+0200,46843.53,MW,FR,FR,actual_load,Actual Load,2026-08-22T04:46:30Z
2026-08-22T04:45:07Z,2026-08-22T06:45:07+0200,81890fbb-3a1d-466f-b50a-dc03bf877707,2026-07-22T08:30:00Z,2026-07-22T10:30:00+0200,47053.38,MW,FR,FR,actual_load,Actual Load,2026-08-22T04:46:30Z
2026-08-22T04:45:07Z,2026-08-22T06:45:07+0200,81890fbb-3a1d-466f-b50a-dc03bf877707,2026-07-22T08:45:00Z,2026-07-22T10:45:00+0200,47268.42,MW,FR,FR,actual_load,Actual Load,2026-08-22T04:46:30Z
2026-08-22T04:45:07Z,2026-08-22T06:45:07+0200,81890fbb-3a1d-466f-b50a-dc03bf877707,2026-07-22T09:00:00Z,2026-07-22T11:00:00+0200,47456.95,MW,FR,FR,actual_load,Actual Load,2026-08-22T04:46:30Z
2026-08-22T04:45:07Z,2026-08-22T06:45:07+0200,81890fbb-3a1d-466f-b50a-dc03bf877707,2026-07-22T09:15:00Z,2026-07-22T11:15:00+0200,47813.6,MW,FR,FR,actual_load,Actual Load,2026-08-22T04:46:30Z
2026-08-22T04:45:07Z,2026-08-22T06:45:07+0200,81890fbb-3a1d-466f-b50a-dc03bf877707,2026-07-22T09:30:00Z,2026-07-22T11:30:00+0200,48079.25,MW,FR,FR,actual_load,Actual Load,2026-08-22T04:46:30Z
2026-08-22T04:45:07Z,2026-08-22T06:45:07+0200,81890fbb-3a1d-466f-b50a-dc03bf877707,2026-07-22T09:45:00Z,2026-07-22T11:45:00+0200,48347.44,MW,FR,FR,actual_load,Actual Load,2026-08-22T04:46:30Z
2026-08-22T04:45:07Z,2026-08-22T06:45:07+0200,81890fbb-3a1d-466f-b50a-dc03bf877707,2026-07-22T10:00:00Z,2026-07-22T12:00:00+0200,49021.07,MW,FR,FR,actual_load,Actual Load,2026-08-22T04:46:30Z
2026-08-22T04:45:07Z,2026-08-22T06:45:07+0200,81890fbb-3a1d-466f-b50a-dc03bf877707,2026-07-22T10:15:00Z,2026-07-22T12:15:00+0200,49092.27,MW,FR,FR,actual_load,Actual Load,2026-08-22T04:46:30Z
2026-08-22T04:45:07Z,2026-08-22T06:45:07+0200,81890fbb-3a1d-466f-b50a-dc03bf877707,2026-07-22T10:30:00Z,2026-07-22T12:30:00+0200,49578.56,MW,FR,FR,actual_load,Actual Load,2026-08-22T04:46:30Z
2026-08-22T04:45:07Z,2026-08-22T06:45:07+0200,81890fbb-3a1d-466f-b50a-dc03bf877707,2026-07-22T10:45:00Z,2026-07-22T12:45:00+0200,49252.55,MW,FR,FR,actual_load,Actual Load,2026-08-22T04:46:30Z
2026-08-22T04:45:07Z,2026-08-22T06:45:07+0200,81890fbb-3a1d-466f-b50a-dc03bf877707,2026-07-22T11:00:00Z,2026-07-22T13:00:00+0200,49221.07,MW,FR,FR,actual_load,Actual Load,2026-08-22T04:46:30Z
2026-08-22T04:45:07Z,2026-08-22T06:45:07+0200,81890fbb-3a1d-466f-b50a-dc03bf877707,2026-07-22T11:15:00Z,2026-07-22T13:15:00+0200,48775.29,MW,FR,FR,actual_load,Actual Load,2026-08-22T04:46:30Z
2026-08-22T04:45:07Z,2026-08-22T06:45:07+0200,81890fbb-3a1d-466f-b50a-dc03bf877707,2026-07-22T11:30:00Z,2026-07-22T13:30:00+0200,48891.21,MW,FR,FR,actual_load,Actual Load,2026-08-22T04:46:30Z
2026-08-22T04:45:07Z,2026-08-22T06:45:07+0200,81890fbb-3a1d-466f-b50a-dc03bf877707,2026-07-22T11:45:00Z,2026-07-22T13:45:00+0200,49182.38,MW,FR,FR,actual_load,Actual Load,2026-08-22T04:46:30Z
2026-08-22T04:45:07Z,2026-08-22T06:45:07+0200,81890fbb-3a1d-466f-b50a-dc03bf877707,2026-07-22T12:00:00Z,2026-07-22T14:00:00+0200,49922.76,MW,FR,FR,actual_load,Actual Load,2026-08-22T04:46:30Z
2026-08-22T04:45:07Z,2026-08-22T06:45:07+0200,81890fbb-3a1d-466f-b50a-dc03bf877707,2026-07-22T12:15:00Z,2026-07-22T14:15:00+0200,49570.51,MW,FR,FR,actual_load,Actual Load,2026-08-22T04:46:30Z
2026-08-22T04:45:07Z,2026-08-22T06:45:07+0200,81890fbb-3a1d-466f-b50a-dc03bf877707,2026-07-22T12:30:00Z,2026-07-22T14:30:00+0200,49481.66,MW,FR,FR,actual_load,Actual Load,2026-08-22T04:46:30Z
2026-08-22T04:45:07Z,2026-08-22T06:45:07+0200,81890fbb-3a1d-466f-b50a-dc03bf877707,2026-07-22T12:45:00Z,2026-07-22T14:45:00+0200,49204.14,MW,FR,FR,actual_load,Actual Load,2026-08-22T04:46:30Z
2026-08-22T04:45:07Z,2026-08-22T06:45:07+0200,81890fbb-3a1d-466f-b50a-dc03bf877707,2026-07-22T13:00:00Z,2026-07-22T15:00:00+0200,49343.49,MW,FR,FR,actual_load,Actual Load,2026-08-22T04:46:30Z
2026-08-22T04:45:07Z,2026-08-22T06:45:07+0200,81890fbb-3a1d-466f-b50a-dc03bf877707,2026-07-22T13:15:00Z,2026-07-22T15:15:00+0200,48744.69,MW,FR,FR,actual_load,Actual Load,2026-08-22T04:46:30Z
2026-08-22T04:45:07Z,2026-08-22T06:45:07+0200,81890fbb-3a1d-466f-b50a-dc03bf877707,2026-07-22T13:30:00Z,2026-07-22T15:30:00+0200,48658.73,MW,FR,FR,actual_load,Actual Load,2026-08-22T04:46:30Z
2026-08-22T04:45:07Z,2026-08-22T06:45:07+0200,81890fbb-3a1d-466f-b50a-dc03bf877707,2026-07-22T13:45:00Z,2026-07-22T15:45:00+0200,48293.36,MW,FR,FR,actual_load,Actual Load,2026-08-22T04:46:30Z
2026-08-22T04:45:07Z,2026-08-22T06:45:07+0200,81890fbb-3a1d-466f-b50a-dc03bf877707,2026-07-22T14:00:00Z,2026-07-22T16:00:00+0200,48019.29,MW,FR,FR,actual_load,Actual Load,2026-08-22T04:46:30Z
2026-08-22T04:45:07Z,2026-08-22T06:45:07+0200,81890fbb-3a1d-466f-b50a-dc03bf877707,2026-07-22T14:15:00Z,2026-07-22T16:15:00+0200,47865.64,MW,FR,FR,actual_load,Actual Load,2026-08-22T04:46:30Z
2026-08-22T04:45:07Z,2026-08-22T06:45:07+0200,81890fbb-3a1d-466f-b50a-dc03bf877707,2026-07-22T14:30:00Z,2026-07-22T16:30:00+0200,47506.22,MW,FR,FR,actual_load,Actual Load,2026-08-22T04:46:30Z
2026-08-22T04:45:07Z,2026-08-22T06:45:07+0200,81890fbb-3a1d-466f-b50a-dc03bf877707,2026-07-22T14:45:00Z,2026-07-22T16:45:00+0200,47660.7,MW,FR,FR,actual_load,Actual Load,2026-08-22T04:46:30Z
2026-08-22T04:45:07Z,2026-08-22T06:45:07+0200,81890fbb-3a1d-466f-b50a-dc03bf877707,2026-07-22T15:00:00Z,2026-07-22T17:00:00+0200,47321.71,MW,FR,FR,actual_load,Actual Load,2026-08-22T04:46:30Z
2026-08-22T04:45:07Z,2026-08-22T06:45:07+0200,81890fbb-3a1d-466f-b50a-dc03bf877707,2026-07-22T15:15:00Z,2026-07-22T17:15:00+0200,47062.98,MW,FR,FR,actual_load,Actual Load,2026-08-22T04:46:30Z
2026-08-22T04:45:07Z,2026-08-22T06:45:07+0200,81890fbb-3a1d-466f-b50a-dc03bf877707,2026-07-22T15:30:00Z,2026-07-22T17:30:00+0200,47399.88,MW,FR,FR,actual_load,Actual Load,2026-08-22T04:46:30Z
2026-08-22T04:45:07Z,2026-08-22T06:45:07+0200,81890fbb-3a1d-466f-b50a-dc03bf877707,2026-07-22T15:45:00Z,2026-07-22T17:45:00+0200,47685.7,MW,FR,FR,actual_load,Actual Load,2026-08-22T04:46:30Z
2026-08-22T04:45:07Z,2026-08-22T06:45:07+0200,81890fbb-3a1d-466f-b50a-dc03bf877707,2026-07-22T16:00:00Z,2026-07-22T18:00:00+0200,47956.52,MW,FR,FR,actual_load,Actual Load,2026-08-22T04:46:30Z
2026-08-22T04:45:07Z,2026-08-22T06:45:07+0200,81890fbb-3a1d-466f-b50a-dc03bf877707,2026-07-22T16:15:00Z,2026-07-22T18:15:00+0200,48636.6,MW,FR,FR,actual_load,Actual Load,2026-08-22T04:46:30Z
2026-08-22T04:45:07Z,2026-08-22T06:45:07+0200,81890fbb-3a1d-466f-b50a-dc03bf877707,2026-07-22T16:30:00Z,2026-07-22T18:30:00+0200,49022.31,MW,FR,FR,actual_load,Actual Load,2026-08-22T04:46:30Z
2026-08-22T04:45:07Z,2026-08-22T06:45:07+0200,81890fbb-3a1d-466f-b50a-dc03bf877707,2026-07-22T16:45:00Z,2026-07-22T18:45:00+0200,49761.43,MW,FR,FR,actual_load,Actual Load,2026-08-22T04:46:30Z
2026-08-22T04:45:07Z,2026-08-22T06:45:07+0200,81890fbb-3a1d-466f-b50a-dc03bf877707,2026-07-22T17:00:00Z,2026-07-22T19:00:00+0200,49926.74,MW,FR,FR,actual_load,Actual Load,2026-08-22T04:46:30Z
2026-08-22T04:45:07Z,2026-08-22T06:45:07+0200,81890fbb-3a1d-466f-b50a-dc03bf877707,2026-07-22T17:15:00Z,2026-07-22T19:15:00+0200,49656.19,MW,FR,FR,actual_load,Actual Load,2026-08-22T04:46:30Z
2026-08-22T04:45:07Z,2026-08-22T06:45:07+0200,81890fbb-3a1d-466f-b50a-dc03bf877707,2026-07-22T17:30:00Z,2026-07-22T19:30:00+0200,49494.44,MW,FR,FR,actual_load,Actual Load,2026-08-22T04:46:30Z
2026-08-22T04:45:07Z,2026-08-22T06:45:07+0200,81890fbb-3a1d-466f-b50a-dc03bf877707,2026-07-22T17:45:00Z,2026-07-22T19:45:00+0200,49347.61,MW,FR,FR,actual_load,Actual Load,2026-08-22T04:46:30Z
2026-08-22T04:45:07Z,2026-08-22T06:45:07+0200,81890fbb-3a1d-466f-b50a-dc03bf877707,2026-07-22T18:00:00Z,2026-07-22T20:00:00+0200,48746.98,MW,FR,FR,actual_load,Actual Load,2026-08-22T04:46:30Z
2026-08-22T04:45:07Z,2026-08-22T06:45:07+0200,81890fbb-3a1d-466f-b50a-dc03bf877707,2026-07-22T18:15:00Z,2026-07-22T20:15:00+0200,48079.08,MW,FR,FR,actual_load,Actual Load,2026-08-22T04:46:30Z
2026-08-22T04:45:07Z,2026-08-22T06:45:07+0200,81890fbb-3a1d-466f-b50a-dc03bf877707,2026-07-22T18:30:00Z,2026-07-22T20:30:00+0200,47461.74,MW,FR,FR,actual_load,Actual Load,2026-08-22T04:46:30Z
2026-08-22T04:45:07Z,2026-08-22T06:45:07+0200,81890fbb-3a1d-466f-b50a-dc03bf877707,2026-07-22T18:45:00Z,2026-07-22T20:45:00+0200,46823.4,MW,FR,FR,actual_load,Actual Load,2026-08-22T04:46:30Z
2026-08-22T04:45:07Z,2026-08-22T06:45:07+0200,81890fbb-3a1d-466f-b50a-dc03bf877707,2026-07-22T19:00:00Z,2026-07-22T21:00:00+0200,46736.47,MW,FR,FR,actual_load,Actual Load,2026-08-22T04:46:30Z
2026-08-22T04:45:07Z,2026-08-22T06:45:07+0200,81890fbb-3a1d-466f-b50a-dc03bf877707,2026-07-22T19:15:00Z,2026-07-22T21:15:00+0200,46182.94,MW,FR,FR,actual_load,Actual Load,2026-08-22T04:46:30Z
2026-08-22T04:45:07Z,2026-08-22T06:45:07+0200,81890fbb-3a1d-466f-b50a-dc03bf877707,2026-07-22T19:30:00Z,2026-07-22T21:30:00+0200,46054.65,MW,FR,FR,actual_load,Actual Load,2026-08-22T04:46:30Z
2026-08-22T04:45:07Z,2026-08-22T06:45:07+0200,81890fbb-3a1d-466f-b50a-dc03bf877707,2026-07-22T19:45:00Z,2026-07-22T21:45:00+0200,45852.74,MW,FR,FR,actual_load,Actual Load,2026-08-22T04:46:30Z
2026-08-22T04:45:07Z,2026-08-22T06:45:07+0200,81890fbb-3a1d-466f-b50a-dc03bf877707,2026-07-22T20:00:00Z,2026-07-22T22:00:00+0200,46853.74,MW,FR,FR,actual_load,Actual Load,2026-08-22T04:46:30Z
2026-08-22T04:45:07Z,2026-08-22T06:45:07+0200,81890fbb-3a1d-466f-b50a-dc03bf877707,2026-07-22T20:15:00Z,2026-07-22T22:15:00+0200,46442.93,MW,FR,FR,actual_load,Actual Load,2026-08-22T04:46:30Z
2026-08-22T04:45:07Z,2026-08-22T06:45:07+0200,81890fbb-3a1d-466f-b50a-dc03bf877707,2026-07-22T20:30:00Z,2026-07-22T22:30:00+0200,47529.55,MW,FR,FR,actual_load,Actual Load,2026-08-22T04:46:30Z
2026-08-22T04:45:07Z,2026-08-22T06:45:07+0200,81890fbb-3a1d-466f-b50a-dc03bf877707,2026-07-22T20:45:00Z,2026-07-22T22:45:00+0200,46945.88,MW,FR,FR,actual_load,Actual Load,2026-08-22T04:46:30Z
2026-08-22T04:45:07Z,2026-08-22T06:45:07+0200,81890fbb-3a1d-466f-b50a-dc03bf877707,2026-07-22T21:00:00Z,2026-07-22T23:00:00+0200,46584.05,MW,FR,FR,actual_load,Actual Load,2026-08-22T04:46:30Z
2026-08-22T04:45:07Z,2026-08-22T06:45:07+0200,81890fbb-3a1d-466f-b50a-dc03bf877707,2026-07-22T21:15:00Z,2026-07-22T23:15:00+0200,45395.0,MW,FR,FR,actual_load,Actual Load,2026-08-22T04:46:30Z
2026-08-22T04:45:07Z,2026-08-22T06:45:07+0200,81890fbb-3a1d-466f-b50a-dc03bf877707,2026-07-22T21:30:00Z,2026-07-22T23:30:00+0200,45576.12,MW,FR,FR,actual_load,Actual Load,2026-08-22T04:46:30Z
2026-08-22T04:45:07Z,2026-08-22T06:45:07+0200,81890fbb-3a1d-466f-b50a-dc03bf877707,2026-07-22T21:45:00Z,2026-07-22T23:45:00+0200,44515.37,MW,FR,FR,actual_load,Actual Load,2026-08-22T04:46:30Z
2026-08-22T04:45:07Z,2026-08-22T06:45:07+0200,81890fbb-3a1d-466f-b50a-dc03bf877707,2026-07-22T22:00:00Z,2026-07-23T00:00:00+0200,44271.39,MW,FR,FR,actual_load,Actual Load,2026-08-22T04:46:30Z
2026-08-22T04:45:07Z,2026-08-22T06:45:07+0200,81890fbb-3a1d-466f-b50a-dc03bf877707,2026-07-22T22:15:00Z,2026-07-23T00:15:00+0200,43233.57,MW,FR,FR,actual_load,Actual Load,2026-08-22T04:46:30Z
2026-08-22T04:45:07Z,2026-08-22T06:45:07+0200,81890fbb-3a1d-466f-b50a-dc03bf877707,2026-07-22T22:30:00Z,2026-07-23T00:30:00+0200,41837.49,MW,FR,FR,actual_load,Actual Load,2026-08-22T04:46:30Z
2026-08-22T04:45:07Z,2026-08-22T06:45:07+0200,81890fbb-3a1d-466f-b50a-dc03bf877707,2026-07-22T22:45:00Z,2026-07-23T00:45:00+0200,40752.45,MW,FR,FR,actual_load,Actual Load,2026-08-22T04:46:30Z
2026-08-22T04:45:07Z,2026-08-22T06:45:07+0200,81890fbb-3a1d-466f-b50a-dc03bf877707,2026-07-22T23:00:00Z,2026-07-23T01:00:00+0200,41174.23,MW,FR,FR,actual_load,Actual Load,2026-08-22T04:46:30Z
2026-08-22T04:45:07Z,2026-08-22T06:45:07+0200,81890fbb-3a1d-466f-b50a-dc03bf877707,2026-07-22T23:15:00Z,2026-07-23T01:15:00+0200,40493.39,MW,FR,FR,actual_load,Actual Load,2026-08-22T04:46:30Z
2026-08-22T04:45:07Z,2026-08-22T06:45:07+0200,81890fbb-3a1d-466f-b50a-dc03bf877707,2026-07-22T23:30:00Z,2026-07-23T01:30:00+0200,40344.12,MW,FR,FR,actual_load,Actual Load,2026-08-22T04:46:30Z
2026-08-22T04:45:07Z,2026-08-22T06:45:07+0200,81890fbb-3a1d-466f-b50a-dc03bf877707,2026-07-22T23:45:00Z,2026-07-23T01:45:00+0200,39431.2,MW,FR,FR,actual_load,Actual Load,2026-08-22T04:46:30Z
2026-08-22T04:45:07Z,2026-08-22T06:45:07+0200,81890fbb-3a1d-466f-b50a-dc03bf877707,2026-07-23T00:00:00Z,2026-07-23T02:00:00+0200,39187.6,MW,FR,FR,actual_load,Actual Load,2026-08-22T04:46:30Z
2026-08-22T04:45:07Z,2026-08-22T06:45:07+0200,81890fbb-3a1d-466f-b50a-dc03bf877707,2026-07-23T00:15:00Z,2026-07-23T02:15:00+0200,38375.99,MW,FR,FR,actual_load,Actual Load,2026-08-22T04:46:30Z
2026-08-22T04:45:07Z,2026-08-22T06:45:07+0200,81890fbb-3a1d-466f-b50a-dc03bf877707,2026-07-23T00:30:00Z,2026-07-23T02:30:00+0200,37746.49,MW,FR,FR,actual_load,Actual Load,2026-08-22T04:46:30Z
2026-08-22T04:45:07Z,2026-08-22T06:45:07+0200,81890fbb-3a1d-466f-b50a-dc03bf877707,2026-07-23T00:45:00Z,2026-07-23T02:45:00+0200,37001.82,MW,FR,FR,actual_load,Actual Load,2026-08-22T04:46:30Z
2026-08-22T04:45:07Z,2026-08-22T06:45:07+0200,81890fbb-3a1d-466f-b50a-dc03bf877707,2026-07-23T01:00:00Z,2026-07-23T03:00:00+0200,36728.32,MW,FR,FR,actual_load,Actual Load,2026-08-22T04:46:30Z
2026-08-22T04:45:07Z,2026-08-22T06:45:07+0200,81890fbb-3a1d-466f-b50a-dc03bf877707,2026-07-23T01:15:00Z,2026-07-23T03:15:00+0200,36322.55,MW,FR,FR,actual_load,Actual Load,2026-08-22T04:46:30Z
2026-08-22T04:45:07Z,2026-08-22T06:45:07+0200,81890fbb-3a1d-466f-b50a-dc03bf877707,2026-07-23T01:30:00Z,2026-07-23T03:30:00+0200,36228.85,MW,FR,FR,actual_load,Actual Load,2026-08-22T04:46:30Z
2026-08-22T04:45:07Z,2026-08-22T06:45:07+0200,81890fbb-3a1d-466f-b50a-dc03bf877707,2026-07-23T01:45:00Z,2026-07-23T03:45:00+0200,36032.17,MW,FR,FR,actual_load,Actual Load,2026-08-22T04:46:30Z
2026-08-22T04:45:07Z,2026-08-22T06:45:07+0200,81890fbb-3a1d-466f-b50a-dc03bf877707,2026-07-23T02:00:00Z,2026-07-23T04:00:00+0200,35872.27,MW,FR,FR,actual_load,Actual Load,2026-08-22T04:46:30Z
2026-08-22T04:45:07Z,2026-08-22T06:45:07+0200,81890fbb-3a1d-466f-b50a-dc03bf877707,2026-07-23T02:15:00Z,2026-07-23T04:15:00+0200,35601.65,MW,FR,FR,actual_load,Actual Load,2026-08-22T04:46:30Z
2026-08-22T04:45:07Z,2026-08-22T06:45:07+0200,81890fbb-3a1d-466f-b50a-dc03bf877707,2026-07-23T02:30:00Z,2026-07-23T04:30:00+0200,35498.88,MW,FR,FR,actual_load,Actual Load,2026-08-22T04:46:30Z
2026-08-22T04:45:07Z,2026-08-22T06:45:07+0200,81890fbb-3a1d-466f-b50a-dc03bf877707,2026-07-23T02:45:00Z,2026-07-23T04:45:00+0200,35533.68,MW,FR,FR,actual_load,Actual Load,2026-08-22T04:46:30Z
2026-08-22T04:45:07Z,2026-08-22T06:45:07+0200,81890fbb-3a1d-466f-b50a-dc03bf877707,2026-07-23T03:00:00Z,2026-07-23T05:00:00+0200,36396.57,MW,FR,FR,actual_load,Actual Load,2026-08-22T04:46:30Z
2026-08-22T04:45:07Z,2026-08-22T06:45:07+0200,81890fbb-3a1d-466f-b50a-dc03bf877707,2026-07-23T03:15:00Z,2026-07-23T05:15:00+0200,36693.13,MW,FR,FR,actual_load,Actual Load,2026-08-22T04:46:30Z
2026-08-22T04:45:07Z,2026-08-22T06:45:07+0200,81890fbb-3a1d-466f-b50a-dc03bf877707,2026-07-23T03:30:00Z,2026-07-23T05:30:00+0200,38144.08,MW,FR,FR,actual_load,Actual Load,2026-08-22T04:46:30Z
2026-08-22T04:45:07Z,2026-08-22T06:45:07+0200,81890fbb-3a1d-466f-b50a-dc03bf877707,2026-07-23T03:45:00Z,2026-07-23T05:45:00+0200,38511.8,MW,FR,FR,actual_load,Actual Load,2026-08-22T04:46:30Z
2026-08-22T04:45:07Z,2026-08-22T06:45:07+0200,81890fbb-3a1d-466f-b50a-dc03bf877707,2026-07-23T04:00:00Z,2026-07-23T06:00:00+0200,39217.29,MW,FR,FR,actual_load,Actual Load,2026-08-22T04:46:30Z
2026-08-22T04:45:07Z,2026-08-22T06:45:07+0200,81890fbb-3a1d-466f-b50a-dc03bf877707,2026-07-23T04:15:00Z,2026-07-23T06:15:00+0200,39718.29,MW,FR,FR,actual_load,Actual Load,2026-08-22T04:46:30Z
2026-08-22T04:45:07Z,2026-08-22T06:45:07+0200,81890fbb-3a1d-466f-b50a-dc03bf877707,2026-07-23T04:30:00Z,2026-07-23T06:30:00+0200,40115.55,MW,FR,FR,actual_load,Actual Load,2026-08-22T04:46:30Z
2026-08-22T04:45:07Z,2026-08-22T06:45:07+0200,81890fbb-3a1d-466f-b50a-dc03bf877707,2026-07-23T04:45:00Z,2026-07-23T06:45:00+0200,40865.76,MW,FR,FR,actual_load,Actual Load,2026-08-22T04:46:30Z
2026-08-22T04:45:07Z,2026-08-22T06:45:07+0200,81890fbb-3a1d-466f-b50a-dc03bf877707,2026-07-23T05:00:00Z,2026-07-23T07:00:00+0200,41408.78,MW,FR,FR,actual_load,Actual Load,2026-08-22T04:46:30Z
2026-08-22T04:45:07Z,2026-08-22T06:45:07+0200,81890fbb-3a1d-466f-b50a-dc03bf877707,2026-07-23T05:15:00Z,2026-07-23T07:15:00+0200,42037.14,MW,FR,FR,actual_load,Actual Load,2026-08-22T04:46:30Z
2026-08-22T04:45:07Z,2026-08-22T06:45:07+0200,81890fbb-3a1d-466f-b50a-dc03bf877707,2026-07-23T05:30:00Z,2026-07-23T07:30:00+0200,42388.8,MW,FR,FR,actual_load,Actual Load,2026-08-22T04:46:30Z
2026-08-22T04:45:07Z,2026-08-22T06:45:07+0200,81890fbb-3a1d-466f-b50a-dc03bf877707,2026-07-23T05:45:00Z,2026-07-23T07:45:00+0200,43011.03,MW,FR,FR,actual_load,Actual Load,2026-08-22T04:46:30Z
2026-08-22T04:45:07Z,2026-08-22T06:45:07+0200,81890fbb-3a1d-466f-b50a-dc03bf877707,2026-07-23T06:00:00Z,2026-07-23T08:00:00+0200,43714.09,MW,FR,FR,actual_load,Actual Load,2026-08-22T04:46:30Z
2026-08-22T04:45:07Z,2026-08-22T06:45:07+0200,81890fbb-3a1d-466f-b50a-dc03bf877707,2026-07-23T06:15:00Z,2026-07-23T08:15:00+0200,44314.68,MW,FR,FR,actual_load,Actual Load,2026-08-22T04:46:30Z
2026-08-22T04:45:07Z,2026-08-22T06:45:07+0200,81890fbb-3a1d-466f-b50a-dc03bf877707,2026-07-23T06:30:00Z,2026-07-23T08:30:00+0200,44651.7,MW,FR,FR,actual_load,Actual Load,2026-08-22T04:46:30Z
2026-08-22T04:45:07Z,2026-08-22T06:45:07+0200,81890fbb-3a1d-466f-b50a-dc03bf877707,2026-07-23T06:45:00Z,2026-07-23T08:45:00+0200,45034.25,MW,FR,FR,actual_load,Actual Load,2026-08-22T04:46:30Z
2026-08-22T04:45:07Z,2026-08-22T06:45:07+0200,81890fbb-3a1d-466f-b50a-dc03bf877707,2026-07-23T07:00:00Z,2026-07-23T09:00:00+0200,45338.53,MW,FR,FR,actual_load,Actual Load,2026-08-22T04:46:30Z
2026-08-22T04:45:07Z,2026-08-22T06:45:07+0200,81890fbb-3a1d-466f-b50a-dc03bf877707,2026-07-23T07:15:00Z,2026-07-23T09:15:00+0200,45940.8,MW,FR,FR,actual_load,Actual Load,2026-08-22T04:46:30Z
2026-08-22T04:45:07Z,2026-08-22T06:45:07+0200,81890fbb-3a1d-466f-b50a-dc03bf877707,2026-07-23T07:30:00Z,2026-07-23T09:30:00+0200,46277.16,MW,FR,FR,actual_load,Actual Load,2026-08-22T04:46:30Z
2026-08-22T04:45:07Z,2026-08-22T06:45:07+0200,81890fbb-3a1d-466f-b50a-dc03bf877707,2026-07-23T07:45:00Z,2026-07-23T09:45:00+0200,46684.34,MW,FR,FR,actual_load,Actual Load,2026-08-22T04:46:30Z
2026-08-22T04:45:07Z,2026-08-22T06:45:07+0200,81890fbb-3a1d-466f-b50a-dc03bf877707,2026-07-23T08:00:00Z,2026-07-23T10:00:00+0200,46987.96,MW,FR,FR,actual_load,Actual Load,2026-08-22T04:46:30Z
2026-08-22T04:45:07Z,2026-08-22T06:45:07+0200,81890fbb-3a1d-466f-b50a-dc03bf877707,2026-07-23T08:15:00Z,2026-07-23T10:15:00+0200,47360.17,MW,FR,FR,actual_load,Actual Load,2026-08-22T04:46:30Z
2026-08-22T04:45:07Z,2026-08-22T06:45:07+0200,81890fbb-3a1d-466f-b50a-dc03bf877707,2026-07-23T08:30:00Z,2026-07-23T10:30:00+0200,47736.78,MW,FR,FR,actual_load,Actual Load,2026-08-22T04:46:30Z
2026-08-22T04:45:07Z,2026-08-22T06:45:07+0200,81890fbb-3a1d-466f-b50a-dc03bf877707,2026-07-23T08:45:00Z,2026-07-23T10:45:00+0200,47880.28,MW,FR,FR,actual_load,Actual Load,2026-08-22T04:46:30Z
2026-08-22T04:45:07Z,2026-08-22T06:45:07+0200,81890fbb-3a1d-466f-b50a-dc03bf877707,2026-07-23T09:00:00Z,2026-07-23T11:00:00+0200,48085.02,MW,FR,FR,actual_load,Actual Load,2026-08-22T04:46:30Z
2026-08-22T04:45:07Z,2026-08-22T06:45:07+0200,81890fbb-3a1d-466f-b50a-dc03bf877707,2026-07-23T09:15:00Z,2026-07-23T11:15:00+0200,48324.75,MW,FR,FR,actual_load,Actual Load,2026-08-22T04:46:30Z
2026-08-22T04:45:07Z,2026-08-22T06:45:07+0200,81890fbb-3a1d-466f-b50a-dc03bf877707,2026-07-23T09:30:00Z,2026-07-23T11:30:00+0200,48483.73,MW,FR,FR,actual_load,Actual Load,2026-08-22T04:46:30Z
2026-08-22T04:45:07Z,2026-08-22T06:45:07+0200,81890fbb-3a1d-466f-b50a-dc03bf877707,2026-07-23T09:45:00Z,2026-07-23T11:45:00+0200,48818.35,MW,FR,FR,actual_load,Actual Load,2026-08-22T04:46:30Z
2026-08-22T04:45:07Z,2026-08-22T06:45:07+0200,81890fbb-3a1d-466f-b50a-dc03bf877707,2026-07-23T10:00:00Z,2026-07-23T12:00:00+0200,49168.1,MW,FR,FR,actual_load,Actual Load,2026-08-22T04:46:30Z
2026-08-22T04:45:07Z,2026-08-22T06:45:07+0200,81890fbb-3a1d-466f-b50a-dc03bf877707,2026-07-23T10:15:00Z,2026-07-23T12:15:00+0200,49074.39,MW,FR,FR,actual_load,Actual Load,2026-08-22T04:46:30Z
2026-08-22T04:45:07Z,2026-08-22T06:45:07+0200,81890fbb-3a1d-466f-b50a-dc03bf877707,2026-07-23T10:30:00Z,2026-07-23T12:30:00+0200,49518.02,MW,FR,FR,actual_load,Actual Load,2026-08-22T04:46:30Z
2026-08-22T04:45:07Z,2026-08-22T06:45:07+0200,81890fbb-3a1d-466f-b50a-dc03bf877707,2026-07-23T10:45:00Z,2026-07-23T12:45:00+0200,49363.67,MW,FR,FR,actual_load,Actual Load,2026-08-22T04:46:30Z
2026-08-22T04:45:07Z,2026-08-22T06:45:07+0200,81890fbb-3a1d-466f-b50a-dc03bf877707,2026-07-23T11:00:00Z,2026-07-23T13:00:00+0200,49424.12,MW,FR,FR,actual_load,Actual Load,2026-08-22T04:46:30Z
2026-08-22T04:45:07Z,2026-08-22T06:45:07+0200,81890fbb-3a1d-466f-b50a-dc03bf877707,2026-07-23T11:15:00Z,2026-07-23T13:15:00+0200,48989.65,MW,FR,FR,actual_load,Actual Load,2026-08-22T04:46:30Z
2026-08-22T04:45:07Z,2026-08-22T06:45:07+0200,81890fbb-3a1d-466f-b50a-dc03bf877707,2026-07-23T11:30:00Z,2026-07-23T13:30:00+0200,48810.35,MW,FR,FR,actual_load,Actual Load,2026-08-22T04:46:30Z
2026-08-22T04:45:07Z,2026-08-22T06:45:07+0200,81890fbb-3a1d-466f-b50a-dc03bf877707,2026-07-23T11:45:00Z,2026-07-23T13:45:00+0200,48959.36,MW,FR,FR,actual_load,Actual Load,2026-08-22T04:46:30Z
2026-08-22T04:45:07Z,2026-08-22T06:45:07+0200,81890fbb-3a1d-466f-b50a-dc03bf877707,2026-07-23T12:00:00Z,2026-07-23T14:00:00+0200,49679.56,MW,FR,FR,actual_load,Actual Load,2026-08-22T04:46:30Z
2026-08-22T04:45:07Z,2026-08-22T06:45:07+0200,81890fbb-3a1d-466f-b50a-dc03bf877707,2026-07-23T12:15:00Z,2026-07-23T14:15:00+0200,49494.91,MW,FR,FR,actual_load,Actual Load,2026-08-22T04:46:30Z
2026-08-22T04:45:07Z,2026-08-22T06:45:07+0200,81890fbb-3a1d-466f-b50a-dc03bf877707,2026-07-23T12:30:00Z,2026-07-23T14:30:00+0200,49575.86,MW,FR,FR,actual_load,Actual Load,2026-08-22T04:46:30Z
2026-08-22T04:45:07Z,2026-08-22T06:45:07+0200,81890fbb-3a1d-466f-b50a-dc03bf877707,2026-07-23T12:45:00Z,2026-07-23T14:45:00+0200,49231.11,MW,FR,FR,actual_load,Actual Load,2026-08-22T04:46:30Z
2026-08-22T04:45:07Z,2026-08-22T06:45:07+0200,81890fbb-3a1d-466f-b50a-dc03bf877707,2026-07-23T13:00:00Z,2026-07-23T15:00:00+0200,49109.82,MW,FR,FR,actual_load,Actual Load,2026-08-22T04:46:30Z
2026-08-22T04:45:07Z,2026-08-22T06:45:07+0200,81890fbb-3a1d-466f-b50a-dc03bf877707,2026-07-23T13:15:00Z,2026-07-23T15:15:00+0200,48911.99,MW,FR,FR,actual_load,Actual Load,2026-08-22T04:46:30Z
2026-08-22T04:45:07Z,2026-08-22T06:45:07+0200,81890fbb-3a1d-466f-b50a-dc03bf877707,2026-07-23T13:30:00Z,2026-07-23T15:30:00+0200,48654.36,MW,FR,FR,actual_load,Actual Load,2026-08-22T04:46:30Z
2026-08-22T04:45:07Z,2026-08-22T06:45:07+0200,81890fbb-3a1d-466f-b50a-dc03bf877707,2026-07-23T13:45:00Z,2026-07-23T15:45:00+0200,48263.92,MW,FR,FR,actual_load,Actual Load,2026-08-22T04:46:30Z
2026-08-22T04:45:07Z,2026-08-22T06:45:07+0200,81890fbb-3a1d-466f-b50a-dc03bf877707,2026-07-23T14:00:00Z,2026-07-23T16:00:00+0200,48284.38,MW,FR,FR,actual_load,Actual Load,2026-08-22T04:46:30Z
2026-08-22T04:45:07Z,2026-08-22T06:45:07+0200,81890fbb-3a1d-466f-b50a-dc03bf877707,2026-07-23T14:15:00Z,2026-07-23T16:15:00+0200,47963.32,MW,FR,FR,actual_load,Actual Load,2026-08-22T04:46:30Z
2026-08-22T04:45:07Z,2026-08-22T06:45:07+0200,81890fbb-3a1d-466f-b50a-dc03bf877707,2026-07-23T14:30:00Z,2026-07-23T16:30:00+0200,48012.45,MW,FR,FR,actual_load,Actual Load,2026-08-22T04:46:30Z
2026-08-22T04:45:07Z,2026-08-22T06:45:07+0200,81890fbb-3a1d-466f-b50a-dc03bf877707,2026-07-23T14:45:00Z,2026-07-23T16:45:00+0200,47852.36,MW,FR,FR,actual_load,Actual Load,2026-08-22T04:46:30Z
2026-08-22T04:45:07Z,2026-08-22T06:45:07+0200,81890fbb-3a1d-466f-b50a-dc03bf877707,2026-07-23T15:00:00Z,2026-07-23T17:00:00+0200,47810.47,MW,FR,FR,actual_load,Actual Load,2026-08-22T04:46:30Z
2026-08-22T04:45:07Z,2026-08-22T06:45:07+0200,81890fbb-3a1d-466f-b50a-dc03bf877707,2026-07-23T15:15:00Z,2026-07-23T17:15:00+0200,47839.53,MW,FR,FR,actual_load,Actual Load,2026-08-22T04:46:30Z
2026-08-22T04:45:07Z,2026-08-22T06:45:07+0200,81890fbb-3a1d-466f-b50a-dc03bf877707,2026-07-23T15:30:00Z,2026-07-23T17:30:00+0200,47957.64,MW,FR,FR,actual_load,Actual Load,2026-08-22T04:46:30Z
2026-08-22T04:45:07Z,2026-08-22T06:45:07+0200,81890fbb-3a1d-466f-b50a-dc03bf877707,2026-07-23T15:45:00Z,2026-07-23T17:45:00+0200,48560.88,MW,FR,FR,actual_load,Actual Load,2026-08-22T04:46:30Z
2026-08-22T04:45:07Z,2026-08-22T06:45:07+0200,81890fbb-3a1d-466f-b50a-dc03bf877707,2026-07-23T16:00:00Z,2026-07-23T18:00:00+0200,48748.14,MW,FR,FR,actual_load,Actual Load,2026-08-22T04:46:30Z
2026-08-22T04:45:07Z,2026-08-22T06:45:07+0200,81890fbb-3a1d-466f-b50a-dc03bf877707,2026-07-23T16:15:00Z,2026-07-23T18:15:00+0200,49102.63,MW,FR,FR,actual_load,Actual Load,2026-08-22T04:46:30Z
2026-08-22T04:45:07Z,2026-08-22T06:45:07+0200,81890fbb-3a1d-466f-b50a-dc03bf877707,2026-07-23T16:30:00Z,2026-07-23T18:30:00+0200,49349.9,MW,FR,FR,actual_load,Actual Load,2026-08-22T04:46:30Z
2026-08-22T04:45:07Z,2026-08-22T06:45:07+0200,81890fbb-3a1d-466f-b50a-dc03bf877707,2026-07-23T16:45:00Z,2026-07-23T18:45:00+0200,49819.63,MW,FR,FR,actual_load,Actual Load,2026-08-22T04:46:30Z
2026-08-22T04:45:07Z,2026-08-22T06:45:07+0200,81890fbb-3a1d-466f-b50a-dc03bf877707,2026-07-23T17:00:00Z,2026-07-23T19:00:00+0200,49791.81,MW,FR,FR,actual_load,Actual Load,2026-08-22T04:46:30Z
2026-08-22T04:45:07Z,2026-08-22T06:45:07+0200,81890fbb-3a1d-466f-b50a-dc03bf877707,2026-07-23T17:15:00Z,2026-07-23T19:15:00+0200,49747.66,MW,FR,FR,actual_load,Actual Load,2026-08-22T04:46:30Z
2026-08-22T04:45:07Z,2026-08-22T06:45:07+0200,81890fbb-3a1d-466f-b50a-dc03bf877707,2026-07-23T17:30:00Z,2026-07-23T19:30:00+0200,49694.95,MW,FR,FR,actual_load,Actual Load,2026-08-22T04:46:30Z
2026-08-22T04:45:07Z,2026-08-22T06:45:07+0200,81890fbb-3a1d-466f-b50a-dc03bf877707,2026-07-23T17:45:00Z,2026-07-23T19:45:00+0200,49424.28,MW,FR,FR,actual_load,Actual Load,2026-08-22T04:46:30Z
2026-08-22T04:45:07Z,2026-08-22T06:45:07+0200,81890fbb-3a1d-466f-b50a-dc03bf877707,2026-07-23T18:00:00Z,2026-07-23T20:00:00+0200,48924.32,MW,FR,FR,actual_load,Actual Load,2026-08-22T04:46:30Z
2026-08-22T04:45:07Z,2026-08-22T06:45:07+0200,81890fbb-3a1d-466f-b50a-dc03bf877707,2026-07-23T18:15:00Z,2026-07-23T20:15:00+0200,48286.96,MW,FR,FR,actual_load,Actual Load,2026-08-22T04:46:30Z
2026-08-22T04:45:07Z,2026-08-22T06:45:07+0200,81890fbb-3a1d-466f-b50a-dc03bf877707,2026-07-23T18:30:00Z,2026-07-23T20:30:00+0200,47682.23,MW,FR,FR,actual_load,Actual Load,2026-08-22T04:46:30Z
2026-08-22T04:45:07Z,2026-08-22T06:45:07+0200,81890fbb-3a1d-466f-b50a-dc03bf877707,2026-07-23T18:45:00Z,2026-07-23T20:45:00+0200,47100.29,MW,FR,FR,actual_load,Actual Load,2026-08-22T04:46:30Z
2026-08-22T04:45:07Z,2026-08-22T06:45:07+0200,81890fbb-3a1d-466f-b50a-dc03bf877707,2026-07-23T19:00:00Z,2026-07-23T21:00:00+0200,46905.33,MW,FR,FR,actual_load,Actual Load,2026-08-22T04:46:30Z
2026-08-22T04:45:07Z,2026-08-22T06:45:07+0200,81890fbb-3a1d-466f-b50a-dc03bf877707,2026-07-23T19:15:00Z,2026-07-23T21:15:00+0200,46550.0,MW,FR,FR,actual_load,Actual Load,2026-08-22T04:46:30Z
2026-08-22T04:45:07Z,2026-08-22T06:45:07+0200,81890fbb-3a1d-466f-b50a-dc03bf877707,2026-07-23T19:30:00Z,2026-07-23T21:30:00+0200,46311.65,MW,FR,FR,actual_load,Actual Load,2026-08-22T04:46:30Z
2026-08-22T04:45:07Z,2026-08-22T06:45:07+0200,81890fbb-3a1d-466f-b50a-dc03bf877707,2026-07-23T19:45:00Z,2026-07-23T21:45:00+0200,46245.09,MW,FR,FR,actual_load,Actual Load,2026-08-22T04:46:30Z
2026-08-22T04:45:07Z,2026-08-22T06:45:07+0200,81890fbb-3a1d-466f-b50a-dc03bf877707,2026-07-23T20:00:00Z,2026-07-23T22:00:00+0200,47175.55,MW,FR,FR,actual_load,Actual Load,2026-08-22T04:46:30Z
2026-08-22T04:45:07Z,2026-08-22T06:45:07+0200,81890fbb-3a1d-466f-b50a-dc03bf877707,2026-07-23T20:15:00Z,2026-07-23T22:15:00+0200,46914.7,MW,FR,FR,actual_load,Actual Load,2026-08-22T04:46:30Z
2026-08-22T04:45:07Z,2026-08-22T06:45:07+0200,81890fbb-3a1d-466f-b50a-dc03bf877707,2026-07-23T20:30:00Z,2026-07-23T22:30:00+0200,47890.1,MW,FR,FR,actual_load,Actual Load,2026-08-22T04:46:30Z
2026-08-22T04:45:07Z,2026-08-22T06:45:07+0200,81890fbb-3a1d-466f-b50a-dc03bf877707,2026-07-23T20:45:00Z,2026-07-23T22:45:00+0200,47163.7,MW,FR,FR,actual_load,Actual Load,2026-08-22T04:46:30Z
2026-08-22T04:45:07Z,2026-08-22T06:45:07+0200,81890fbb-3a1d-466f-b50a-dc03bf877707,2026-07-23T21:00:00Z,2026-07-23T23:00:00+0200,46957.19,MW,FR,FR,actual_load,Actual Load,2026-08-22T04:46:30Z
2026-08-22T04:45:07Z,2026-08-22T06:45:07+0200,81890fbb-3a1d-466f-b50a-dc03bf877707,2026-07-23T21:15:00Z,2026-07-23T23:15:00+0200,45763.31,MW,FR,FR,actual_load,Actual Load,2026-08-22T04:46:30Z
2026-08-22T04:45:07Z,2026-08-22T06:45:07+0200,81890fbb-3a1d-466f-b50a-dc03bf877707,2026-07-23T21:30:00Z,2026-07-23T23:30:00+0200,45978.36,MW,FR,FR,actual_load,Actual Load,2026-08-22T04:46:30Z
2026-08-22T04:45:07Z,2026-08-22T06:45:07+0200,81890fbb-3a1d-466f-b50a-dc03bf877707,2026-07-23T21:45:00Z,2026-07-23T23:45:00+0200,44814.63,MW,FR,FR,actual_load,Actual Load,2026-08-22T04:46:30Z
2026-08-22T04:45:07Z,2026-08-22T06:45:07+0200,81890fbb-3a1d-466f-b50a-dc03bf877707,2026-07-23T22:00:00Z,2026-07-24T00:00:00+0200,44734.89,MW,FR,FR,actual_load,Actual Load,2026-08-22T04:46:30Z
2026-08-22T04:45:07Z,2026-08-22T06:45:07+0200,81890fbb-3a1d-466f-b50a-dc03bf877707,2026-07-23T22:15:00Z,2026-07-24T00:15:00+0200,43699.97,MW,FR,FR,actual_load,Actual Load,2026-08-22T04:46:30Z
2026-08-22T04:45:07Z,2026-08-22T06:45:07+0200,81890fbb-3a1d-466f-b50a-dc03bf877707,2026-07-23T22:30:00Z,2026-07-24T00:30:00+0200,42326.95,MW,FR,FR,actual_load,Actual Load,2026-08-22T04:46:30Z
2026-08-22T04:45:07Z,2026-08-22T06:45:07+0200,81890fbb-3a1d-466f-b50a-dc03bf877707,2026-07-23T22:45:00Z,2026-07-24T00:45:00+0200,41374.33,MW,FR,FR,actual_load,Actual Load,2026-08-22T04:46:30Z
2026-08-22T04:45:07Z,2026-08-22T06:45:07+0200,81890fbb-3a1d-466f-b50a-dc03bf877707,2026-07-23T23:00:00Z,2026-07-24T01:00:00+0200,41769.83,MW,FR,FR,actual_load,Actual Load,2026-08-22T04:46:30Z
2026-08-22T04:45:07Z,2026-08-22T06:45:07+0200,81890fbb-3a1d-466f-b50a-dc03bf877707,2026-07-23T23:15:00Z,2026-07-24T01:15:00+0200,41119.14,MW,FR,FR,actual_load,Actual Load,2026-08-22T04:46:30Z
2026-08-22T04:45:07Z,2026-08-22T06:45:07+0200,81890fbb-3a1d-466f-b50a-dc03bf877707,2026-07-23T23:30:00Z,2026-07-24T01:30:00+0200,41046.19,MW,FR,FR,actual_load,Actual Load,2026-08-22T04:46:30Z
2026-08-22T04:45:07Z,2026-08-22T06:45:07+0200,81890fbb-3a1d-466f-b50a-dc03bf877707,2026-07-23T23:45:00Z,2026-07-24T01:45:00+0200,40200.13,MW,FR,FR,actual_load,Actual Load,2026-08-22T04:46:30Z
2026-08-22T04:45:07Z,2026-08-22T06:45:07+0200,81890fbb-3a1d-466f-b50a-dc03bf877707,2026-07-24T00:00:00Z,2026-07-24T02:00:00+0200,39862.56,MW,FR,FR,actual_load,Actual Load,2026-08-22T04:46:30Z
2026-08-22T04:45:07Z,2026-08-22T06:45:07+0200,81890fbb-3a1d-466f-b50a-dc03bf877707,2026-07-24T00:15:00Z,2026-07-24T02:15:00+0200,39050.17,MW,FR,FR,actual_load,Actual Load,2026-08-22T04:46:30Z
2026-08-22T04:45:07Z,2026-08-22T06:45:07+0200,81890fbb-3a1d-466f-b50a-dc03bf877707,2026-07-24T00:30:00Z,2026-07-24T02:30:00+0200,38433.41,MW,FR,FR,actual_load,Actual Load,2026-08-22T04:46:30Z
2026-08-22T04:45:07Z,2026-08-22T06:45:07+0200,81890fbb-3a1d-466f-b50a-dc03bf877707,2026-07-24T00:45:00Z,2026-07-24T02:45:00+0200,37793.25,MW,FR,FR,actual_load,Actual Load,2026-08-22T04:46:30Z
2026-08-22T04:45:07Z,2026-08-22T06:45:07+0200,81890fbb-3a1d-466f-b50a-dc03bf877707,2026-07-24T01:00:00Z,2026-07-24T03:00:00+0200,37570.45,MW,FR,FR,actual_load,Actual Load,2026-08-22T04:46:30Z
2026-08-22T04:45:07Z,2026-08-22T06:45:07+0200,81890fbb-3a1d-466f-b50a-dc03bf877707,2026-07-24T01:15:00Z,2026-07-24T03:15:00+0200,37123.42,MW,FR,FR,actual_load,Actual Load,2026-08-22T04:46:30Z
2026-08-22T04:45:07Z,2026-08-22T06:45:07+0200,81890fbb-3a1d-466f-b50a-dc03bf877707,2026-07-24T01:30:00Z,2026-07-24T03:30:00+0200,36960.78,MW,FR,FR,actual_load,Actual Load,2026-08-22T04:46:30Z
2026-08-22T04:45:07Z,2026-08-22T06:45:07+0200,81890fbb-3a1d-466f-b50a-dc03bf877707,2026-07-24T01:45:00Z,2026-07-24T03:45:00+0200,36780.45,MW,FR,FR,actual_load,Actual Load,2026-08-22T04:46:30Z
2026-08-22T04:45:07Z,2026-08-22T06:45:07+0200,81890fbb-3a1d-466f-b50a-dc03bf877707,2026-07-24T02:00:00Z,2026-07-24T04:00:00+0200,36639.34,MW,FR,FR,actual_load,Actual Load,2026-08-22T04:46:30Z
2026-08-22T04:45:07Z,2026-08-22T06:45:07+0200,81890fbb-3a1d-466f-b50a-dc03bf877707,2026-07-24T02:15:00Z,2026-07-24T04:15:00+0200,36532.45,MW,FR,FR,actual_load,Actual Load,2026-08-22T04:46:30Z
2026-08-22T04:45:07Z,2026-08-22T06:45:07+0200,81890fbb-3a1d-466f-b50a-dc03bf877707,2026-07-24T02:30:00Z,2026-07-24T04:30:00+0200,36517.79,MW,FR,FR,actual_load,Actual Load,2026-08-22T04:46:30Z
2026-08-22T04:45:07Z,2026-08-22T06:45:07+0200,81890fbb-3a1d-466f-b50a-dc03bf877707,2026-07-24T02:45:00Z,2026-07-24T04:45:00+0200,36566.89,MW,FR,FR,actual_load,Actual Load,2026-08-22T04:46:30Z
2026-08-22T04:45:07Z,2026-08-22T06:45:07+0200,81890fbb-3a1d-466f-b50a-dc03bf877707,2026-07-24T03:00:00Z,2026-07-24T05:00:00+0200,37237.86,MW,FR,FR,actual_load,Actual Load,2026-08-22T04:46:30Z
2026-08-22T04:45:07Z,2026-08-22T06:45:07+0200,81890fbb-3a1d-466f-b50a-dc03bf877707,2026-07-24T03:15:00Z,2026-07-24T05:15:00+0200,37517.56,MW,FR,FR,actual_load,Actual Load,2026-08-22T04:46:30Z
2026-08-22T04:45:07Z,2026-08-22T06:45:07+0200,81890fbb-3a1d-466f-b50a-dc03bf877707,2026-07-24T03:30:00Z,2026-07-24T05:30:00+0200,37861.45,MW,FR,FR,actual_load,Actual Load,2026-08-22T04:46:30Z
2026-08-22T04:45:07Z,2026-08-22T06:45:07+0200,81890fbb-3a1d-466f-b50a-dc03bf877707,2026-07-24T03:45:00Z,2026-07-24T05:45:00+0200,38232.95,MW,FR,FR,actual_load,Actual Load,2026-08-22T04:46:30Z
2026-08-22T04:45:07Z,2026-08-22T06:45:07+0200,81890fbb-3a1d-466f-b50a-dc03bf877707,2026-07-24T04:00:00Z,2026-07-24T06:00:00+0200,39023.59,MW,FR,FR,actual_load,Actual Load,2026-08-22T04:46:30Z
2026-08-22T04:45:07Z,2026-08-22T06:45:07+0200,81890fbb-3a1d-466f-b50a-dc03bf877707,2026-07-24T04:15:00Z,2026-07-24T06:15:00+0200,39570.86,MW,FR,FR,actual_load,Actual Load,2026-08-22T04:46:30Z
2026-08-22T04:45:07Z,2026-08-22T06:45:07+0200,81890fbb-3a1d-466f-b50a-dc03bf877707,2026-07-24T04:30:00Z,2026-07-24T06:30:00+0200,39830.08,MW,FR,FR,actual_load,Actual Load,2026-08-22T04:46:30Z
2026-08-22T04:45:07Z,2026-08-22T06:45:07+0200,81890fbb-3a1d-466f-b50a-dc03bf877707,2026-07-24T04:45:00Z,2026-07-24T06:45:00+0200,40458.7,MW,FR,FR,actual_load,Actual Load,2026-08-22T04:46:30Z
2026-08-22T04:45:07Z,2026-08-22T06:45:07+0200,81890fbb-3a1d-466f-b50a-dc03bf877707,2026-07-24T05:00:00Z,2026-07-24T07:00:00+0200,41082.39,MW,FR,FR,actual_load,Actual Load,2026-08-22T04:46:30Z
2026-08-22T04:45:07Z,2026-08-22T06:45:07+0200,81890fbb-3a1d-466f-b50a-dc03bf877707,2026-07-24T05:15:00Z,2026-07-24T07:15:00+0200,41849.31,MW,FR,FR,actual_load,Actual Load,2026-08-22T04:46:30Z
2026-08-22T04:45:07Z,2026-08-22T06:45:07+0200,81890fbb-3a1d-466f-b50a-dc03bf877707,2026-07-24T05:30:00Z,2026-07-24T07:30:00+0200,42222.2,MW,FR,FR,actual_load,Actual Load,2026-08-22T04:46:30Z
2026-08-22T04:45:07Z,2026-08-22T06:45:07+0200,81890fbb-3a1d-466f-b50a-dc03bf877707,2026-07-24T05:45:00Z,2026-07-24T07:45:00+0200,43058.78,MW,FR,FR,actual_load,Actual Load,2026-08-22T04:46:30Z
2026-08-22T04:45:07Z,2026-08-22T06:45:07+0200,81890fbb-3a1d-466f-b50a-dc03bf877707,2026-07-24T06:00:00Z,2026-07-24T08:00:00+0200,43758.77,MW,FR,FR,actual_load,Actual Load,2026-08-22T04:46:30Z
2026-08-22T04:45:07Z,2026-08-22T06:45:07+0200,81890fbb-3a1d-466f-b50a-dc03bf877707,2026-07-24T06:15:00Z,2026-07-24T08:15:00+0200,44325.88,MW,FR,FR,actual_load,Actual Load,2026-08-22T04:46:30Z
2026-08-22T04:45:07Z,2026-08-22T06:45:07+0200,81890fbb-3a1d-466f-b50a-dc03bf877707,2026-07-24T06:30:00Z,2026-07-24T08:30:00+0200,44667.22,MW,FR,FR,actual_load,Actual Load,2026-08-22T04:46:30Z
2026-08-22T04:45:07Z,2026-08-22T06:45:07+0200,81890fbb-3a1d-466f-b50a-dc03bf877707,2026-07-24T06:45:00Z,2026-07-24T08:45:00+0200,45046.52,MW,FR,FR,actual_load,Actual Load,2026-08-22T04:46:30Z
2026-08-22T04:45:07Z,2026-08-22T06:45:07+0200,81890fbb-3a1d-466f-b50a-dc03bf877707,2026-07-24T07:00:00Z,2026-07-24T09:00:00+0200,45402.76,MW,FR,FR,actual_load,Actual Load,2026-08-22T04:46:30Z
2026-08-22T04:45:07Z,2026-08-22T06:45:07+0200,81890fbb-3a1d-466f-b50a-dc03bf877707,2026-07-24T07:15:00Z,2026-07-24T09:15:00+0200,45866.61,MW,FR,FR,actual_load,Actual Load,2026-08-22T04:46:30Z
2026-08-22T04:45:07Z,2026-08-22T06:45:07+0200,81890fbb-3a1d-466f-b50a-dc03bf877707,2026-07-24T07:30:00Z,2026-07-24T09:30:00+0200,46421.6,MW,FR,FR,actual_load,Actual Load,2026-08-22T04:46:30Z
2026-08-22T04:45:07Z,2026-08-22T06:45:07+0200,81890fbb-3a1d-466f-b50a-dc03bf877707,2026-07-24T07:45:00Z,2026-07-24T09:45:00+0200,46659.48,MW,FR,FR,actual_load,Actual Load,2026-08-22T04:46:30Z
2026-08-22T04:45:07Z,2026-08-22T06:45:07+0200,81890fbb-3a1d-466f-b50a-dc03bf877707,2026-07-24T08:00:00Z,2026-07-24T10:00:00+0200,47019.16,MW,FR,FR,actual_load,Actual Load,2026-08-22T04:46:30Z
2026-08-22T04:45:07Z,2026-08-22T06:45:07+0200,81890fbb-3a1d-466f-b50a-dc03bf877707,2026-07-24T08:15:00Z,2026-07-24T10:15:00+0200,47234.87,MW,FR,FR,actual_load,Actual Load,2026-08-22T04:46:30Z
2026-08-22T04:45:07Z,2026-08-22T06:45:07+0200,81890fbb-3a1d-466f-b50a-dc03bf877707,2026-07-24T08:30:00Z,2026-07-24T10:30:00+0200,47379.36,MW,FR,FR,actual_load,Actual Load,2026-08-22T04:46:30Z
2026-08-22T04:45:07Z,2026-08-22T06:45:07+0200,81890fbb-3a1d-466f-b50a-dc03bf877707,2026-07-24T08:45:00Z,2026-07-24T10:45:00+0200,47629.02,MW,FR,FR,actual_load,Actual Load,2026-08-22T04:46:30Z
2026-08-22T04:45:07Z,2026-08-22T06:45:07+0200,81890fbb-3a1d-466f-b50a-dc03bf877707,2026-07-24T09:00:00Z,2026-07-24T11:00:00+0200,47881.98,MW,FR,FR,actual_load,Actual Load,2026-08-22T04:46:30Z
2026-08-22T04:45:07Z,2026-08-22T06:45:07+0200,81890fbb-3a1d-466f-b50a-dc03bf877707,2026-07-24T09:15:00Z,2026-07-24T11:15:00+0200,48362.49,MW,FR,FR,actual_load,Actual Load,2026-08-22T04:46:30Z
2026-08-22T04:45:07Z,2026-08-22T06:45:07+0200,81890fbb-3a1d-466f-b50a-dc03bf877707,2026-07-24T09:30:00Z,2026-07-24T11:30:00+0200,48636.29,MW,FR,FR,actual_load,Actual Load,2026-08-22T04:46:30Z
2026-08-22T04:45:07Z,2026-08-22T06:45:07+0200,81890fbb-3a1d-466f-b50a-dc03bf877707,2026-07-24T09:45:00Z,2026-07-24T11:45:00+0200,48969.52,MW,FR,FR,actual_load,Actual Load,2026-08-22T04:46:30Z
2026-08-22T04:45:07Z,2026-08-22T06:45:07+0200,81890fbb-3a1d-466f-b50a-dc03bf877707,2026-07-24T10:00:00Z,2026-07-24T12:00:00+0200,49335.23,MW,FR,FR,actual_load,Actual Load,2026-08-22T04:46:30Z
2026-08-22T04:45:07Z,2026-08-22T06:45:07+0200,81890fbb-3a1d-466f-b50a-dc03bf877707,2026-07-24T10:15:00Z,2026-07-24T12:15:00+0200,49420.21,MW,FR,FR,actual_load,Actual Load,2026-08-22T04:46:30Z
2026-08-22T04:45:07Z,2026-08-22T06:45:07+0200,81890fbb-3a1d-466f-b50a-dc03bf877707,2026-07-24T10:30:00Z,2026-07-24T12:30:00+0200,49831.1,MW,FR,FR,actual_load,Actual Load,2026-08-22T04:46:30Z
2026-08-22T04:45:07Z,2026-08-22T06:45:07+0200,81890fbb-3a1d-466f-b50a-dc03bf877707,2026-07-24T10:45:00Z,2026-07-24T12:45:00+0200,49444.77,MW,FR,FR,actual_load,Actual Load,2026-08-22T04:46:30Z
2026-08-22T04:45:07Z,2026-08-22T06:45:07+0200,81890fbb-3a1d-466f-b50a-dc03bf877707,2026-07-24T11:00:00Z,2026-07-24T13:00:00+0200,49341.75,MW,FR,FR,actual_load,Actual Load,2026-08-22T04:46:30Z
2026-08-22T04:45:07Z,2026-08-22T06:45:07+0200,81890fbb-3a1d-466f-b50a-dc03bf877707,2026-07-24T11:15:00Z,2026-07-24T13:15:00+0200,48982.79,MW,FR,FR,actual_load,Actual Load,2026-08-22T04:46:30Z
2026-08-22T04:45:07Z,2026-08-22T06:45:07+0200,81890fbb-3a1d-466f-b50a-dc03bf877707,2026-07-24T11:30:00Z,2026-07-24T13:30:00+0200,49028.19,MW,FR,FR,actual_load,Actual Load,2026-08-22T04:46:30Z
2026-08-22T04:45:07Z,2026-08-22T06:45:07+0200,81890fbb-3a1d-466f-b50a-dc03bf877707,2026-07-24T11:45:00Z,2026-07-24T13:45:00+0200,49282.93,MW,FR,FR,actual_load,Actual Load,2026-08-22T04:46:30Z
2026-08-22T04:45:07Z,2026-08-22T06:45:07+0200,81890fbb-3a1d-466f-b50a-dc03bf877707,2026-07-24T12:00:00Z,2026-07-24T14:00:00+0200,50106.25,MW,FR,FR,actual_load,Actual Load,2026-08-22T04:46:30Z
2026-08-22T04:45:07Z,2026-08-22T06:45:07+0200,81890fbb-3a1d-466f-b50a-dc03bf877707,2026-07-24T12:15:00Z,2026-07-24T14:15:00+0200,49886.52,MW,FR,FR,actual_load,Actual Load,2026-08-22T04:46:30Z
2026-08-22T04:45:07Z,2026-08-22T06:45:07+0200,81890fbb-3a1d-466f-b50a-dc03bf877707,2026-07-24T12:30:00Z,2026-07-24T14:30:00+0200,49915.58,MW,FR,FR,actual_load,Actual Load,2026-08-22T04:46:30Z
2026-08-22T04:45:07Z,2026-08-22T06:45:07+0200,81890fbb-3a1d-466f-b50a-dc03bf877707,2026-07-24T12:45:00Z,2026-07-24T14:45:00+0200,49585.49,MW,FR,FR,actual_load,Actual Load,2026-08-22T04:46:30Z
2026-08-22T04:45:07Z,2026-08-22T06:45:07+0200,81890fbb-3a1d-466f-b50a-dc03bf877707,2026-07-24T13:00:00Z,2026-07-24T15:00:00+0200,49504.21,MW,FR,FR,actual_load,Actual Load,2026-08-22T04:46:30Z
2026-08-22T04:45:07Z,2026-08-22T06:45:07+0200,81890fbb-3a1d-466f-b50a-dc03bf877707,2026-07-24T13:15:00Z,2026-07-24T15:15:00+0200,49029.04,MW,FR,FR,actual_load,Actual Load,2026-08-22T04:46:30Z
2026-08-22T04:45:07Z,2026-08-22T06:45:07+0200,81890fbb-3a1d-466f-b50a-dc03bf877707,2026-07-24T13:30:00Z,2026-07-24T15:30:00+0200,48817.98,MW,FR,FR,actual_load,Actual Load,2026-08-22T04:46:30Z
2026-08-22T04:45:07Z,2026-08-22T06:45:07+0200,81890fbb-3a1d-466f-b50a-dc03bf877707,2026-07-24T13:45:00Z,2026-07-24T15:45:00+0200,48372.92,MW,FR,FR,actual_load,Actual Load,2026-08-22T04:46:30Z
2026-08-22T04:45:07Z,2026-08-22T06:45:07+0200,81890fbb-3a1d-466f-b50a-dc03bf877707,2026-07-24T14:00:00Z,2026-07-24T16:00:00+0200,48084.63,MW,FR,FR,actual_load,Actual Load,2026-08-22T04:46:30Z
2026-08-22T04:45:07Z,2026-08-22T06:45:07+0200,81890fbb-3a1d-466f-b50a-dc03bf877707,2026-07-24T14:15:00Z,2026-07-24T16:15:00+0200,48098.87,MW,FR,FR,actual_load,Actual Load,2026-08-22T04:46:30Z
2026-08-22T04:45:07Z,2026-08-22T06:45:07+0200,81890fbb-3a1d-466f-b50a-dc03bf877707,2026-07-24T14:30:00Z,2026-07-24T16:30:00+0200,48284.07,MW,FR,FR,actual_load,Actual Load,2026-08-22T04:46:30Z
2026-08-22T04:45:07Z,2026-08-22T06:45:07+0200,81890fbb-3a1d-466f-b50a-dc03bf877707,2026-07-24T14:45:00Z,2026-07-24T16:45:00+0200,48086.2,MW,FR,FR,actual_load,Actual Load,2026-08-22T04:46:30Z
2026-08-22T04:45:07Z,2026-08-22T06:45:07+0200,81890fbb-3a1d-466f-b50a-dc03bf877707,2026-07-24T15:00:00Z,2026-07-24T17:00:00+0200,47946.99,MW,FR,FR,actual_load,Actual Load,2026-08-22T04:46:30Z
2026-08-22T04:45:07Z,2026-08-22T06:45:07+0200,81890fbb-3a1d-466f-b50a-dc03bf877707,2026-07-24T15:15:00Z,2026-07-24T17:15:00+0200,48093.36,MW,FR,FR,actual_load,Actual Load,2026-08-22T04:46:30Z
2026-08-22T04:45:07Z,2026-08-22T06:45:07+0200,81890fbb-3a1d-466f-b50a-dc03bf877707,2026-07-24T15:30:00Z,2026-07-24T17:30:00+0200,48253.16,MW,FR,FR,actual_load,Actual Load,2026-08-22T04:46:30Z
2026-08-22T04:45:07Z,2026-08-22T06:45:07+0200,81890fbb-3a1d-466f-b50a-dc03bf877707,2026-07-24T15:45:00Z,2026-07-24T17:45:00+0200,48445.59,MW,FR,FR,actual_load,Actual Load,2026-08-22T04:46:30Z
2026-08-22T04:45:07Z,2026-08-22T06:45:07+0200,81890fbb-3a1d-466f-b50a-dc03bf877707,2026-07-24T16:00:00Z,2026-07-24T18:00:00+0200,48776.1,MW,FR,FR,actual_load,Actual Load,2026-08-22T04:46:30Z
2026-08-22T04:45:07Z,2026-08-22T06:45:07+0200,81890fbb-3a1d-466f-b50a-dc03bf877707,2026-07-24T16:15:00Z,2026-07-24T18:15:00+0200,48897.78,MW,FR,FR,actual_load,Actual Load,2026-08-22T04:46:30Z
2026-08-22T04:45:07Z,2026-08-22T06:45:07+0200,81890fbb-3a1d-466f-b50a-dc03bf877707,2026-07-24T16:30:00Z,2026-07-24T18:30:00+0200,49279.56,MW,FR,FR,actual_load,Actual Load,2026-08-22T04:46:30Z
2026-08-22T04:45:07Z,2026-08-22T06:45:07+0200,81890fbb-3a1d-466f-b50a-dc03bf877707,2026-07-24T16:45:00Z,2026-07-24T18:45:00+0200,49654.89,MW,FR,FR,actual_load,Actual Load,2026-08-22T04:46:30Z
2026-08-22T04:45:07Z,2026-08-22T06:45:07+0200,81890fbb-3a1d-466f-b50a-dc03bf877707,2026-07-24T17:00:00Z,2026-07-24T19:00:00+0200,49708.8,MW,FR,FR,actual_load,Actual Load,2026-08-22T04:46:30Z
2026-08-22T04:45:07Z,2026-08-22T06:45:07+0200,81890fbb-3a1d-466f-b50a-dc03bf877707,2026-07-24T17:15:00Z,2026-07-24T19:15:00+0200,49390.4,MW,FR,FR,actual_load,Actual Load,2026-08-22T04:46:30Z
2026-08-22T04:45:07Z,2026-08-22T06:45:07+0200,81890fbb-3a1d-466f-b50a-dc03bf877707,2026-07-24T17:30:00Z,2026-07-24T19:30:00+0200,49257.01,MW,FR,FR,actual_load,Actual Load,2026-08-22T04:46:30Z
2026-08-22T04:45:07Z,2026-08-22T06:45:07+0200,81890fbb-3a1d-466f-b50a-dc03bf877707,2026-07-24T17:45:00Z,2026-07-24T19:45:00+0200,48925.85,MW,FR,FR,actual_load,Actual Load,2026-08-22T04:46:30Z
2026-08-22T04:45:07Z,2026-08-22T06:45:07+0200,81890fbb-3a1d-466f-b50a-dc03bf877707,2026-07-24T18:00:00Z,2026-07-24T20:00:00+0200,48351.92,MW,FR,FR,actual_load,Actual Load,2026-08-22T04:46:30Z
2026-08-22T04:45:07Z,2026-08-22T06:45:07+0200,81890fbb-3a1d-466f-b50a-dc03bf877707,2026-07-24T18:15:00Z,2026-07-24T20:15:00+0200,47589.03,MW,FR,FR,actual_load,Actual Load,2026-08-22T04:46:30Z
2026-08-22T04:45:07Z,2026-08-22T06:45:07+0200,81890fbb-3a1d-466f-b50a-dc03bf877707,2026-07-24T18:30:00Z,2026-07-24T20:30:00+0200,46903.63,MW,FR,FR,actual_load,Actual Load,2026-08-22T04:46:30Z
2026-08-22T04:45:07Z,2026-08-22T06:45:07+0200,81890fbb-3a1d-466f-b50a-dc03bf877707,2026-07-24T18:45:00Z,2026-07-24T20:45:00+0200,46435.5,MW,FR,FR,actual_load,Actual Load,2026-08-22T04:46:30Z
2026-08-22T04:45:07Z,2026-08-22T06:45:07+0200,81890fbb-3a1d-466f-b50a-dc03bf877707,2026-07-24T19:00:00Z,2026-07-24T21:00:00+0200,46106.7,MW,FR,FR,actual_load,Actual Load,2026-08-22T04:46:30Z
2026-08-22T04:45:07Z,2026-08-22T06:45:07+0200,81890fbb-3a1d-466f-b50a-dc03bf877707,2026-07-24T19:15:00Z,2026-07-24T21:15:00+0200,45623.13,MW,FR,FR,actual_load,Actual Load,2026-08-22T04:46:30Z
2026-08-22T04:45:07Z,2026-08-22T06:45:07+0200,81890fbb-3a1d-466f-b50a-dc03bf877707,2026-07-24T19:30:00Z,2026-07-24T21:30:00+0200,45511.94,MW,FR,FR,actual_load,Actual Load,2026-08-22T04:46:30Z
2026-08-22T04:45:07Z,2026-08-22T06:45:07+0200,81890fbb-3a1d-466f-b50a-dc03bf877707,2026-07-24T19:45:00Z,2026-07-24T21:45:00+0200,45339.61,MW,FR,FR,actual_load,Actual Load,2026-08-22T04:46:30Z
2026-08-22T04:45:07Z,2026-08-22T06:45:07+0200,81890fbb-3a1d-466f-b50a-dc03bf877707,2026-07-24T20:00:00Z,2026-07-24T22:00:00+0200,46522.46,MW,FR,FR,actual_load,Actual Load,2026-08-22T04:46:30Z
2026-08-22T04:45:07Z,2026-08-22T06:45:07+0200,81890fbb-3a1d-466f-b50a-dc03bf877707,2026-07-24T20:15:00Z,2026-07-24T22:15:00+0200,46271.8,MW,FR,FR,actual_load,Actual Load,2026-08-22T04:46:30Z
2026-08-22T04:45:07Z,2026-08-22T06:45:07+0200,81890fbb-3a1d-466f-b50a-dc03bf877707,2026-07-24T20:30:00Z,2026-07-24T22:30:00+0200,47301.81,MW,FR,FR,actual_load,Actual Load,2026-08-22T04:46:30Z
2026-08-22T04:45:07Z,2026-08-22T06:45:07+0200,81890fbb-3a1d-466f-b50a-dc03bf877707,2026-07-24T20:45:00Z,2026-07-24T22:45:00+0200,46819.75,MW,FR,FR,actual_load,Actual Load,2026-08-22T04:46:30Z
2026-08-22T04:45:07Z,2026-08-22T06:45:07+0200,81890fbb-3a1d-466f-b50a-dc03bf877707,2026-07-24T21:00:00Z,2026-07-24T23:00:00+0200,46640.47,MW,FR,FR,actual_load,Actual Load,2026-08-22T04:46:30Z
2026-08-22T04:45:07Z,2026-08-22T06:45:07+0200,81890fbb-3a1d-466f-b50a-dc03bf877707,2026-07-24T21:15:00Z,2026-07-24T23:15:00+0200,45627.06,MW,FR,FR,actual_load,Actual Load,2026-08-22T04:46:30Z
2026-08-22T04:45:07Z,2026-08-22T06:45:07+0200,81890fbb-3a1d-466f-b50a-dc03bf877707,2026-07-24T21:30:00Z,2026-07-24T23:30:00+0200,45858.38,MW,FR,FR,actual_load,Actual Load,2026-08-22T04:46:30Z
2026-08-22T04:45:07Z,2026-08-22T06:45:07+0200,81890fbb-3a1d-466f-b50a-dc03bf877707,2026-07-24T21:45:00Z,2026-07-24T23:45:00+0200,44816.84,MW,FR,FR,actual_load,Actual Load,2026-08-22T04:46:30Z
2026-08-22T04:45:07Z,2026-08-22T06:45:07+0200,81890fbb-3a1d-466f-b50a-dc03bf877707,2026-07-24T22:00:00Z,2026-07-25T00:00:00+0200,44573.83,MW,FR,FR,actual_load,Actual Load,2026-08-22T04:46:30Z
2026-08-22T04:45:07Z,2026-08-22T06:45:07+0200,81890fbb-3a1d-466f-b50a-dc03bf877707,2026-07-24T22:15:00Z,2026-07-25T00:15:00+0200,43247.91,MW,FR,FR,actual_load,Actual Load,2026-08-22T04:46:30Z
2026-08-22T04:45:07Z,2026-08-22T06:45:07+0200,81890fbb-3a1d-466f-b50a-dc03bf877707,2026-07-24T22:30:00Z,2026-07-25T00:30:00+0200,42083.04,MW,FR,FR,actual_load,Actual Load,2026-08-22T04:46:30Z
2026-08-22T04:45:07Z,2026-08-22T06:45:07+0200,81890fbb-3a1d-466f-b50a-dc03bf877707,2026-07-24T22:45:00Z,2026-07-25T00:45:00+0200,41171.49,MW,FR,FR,actual_load,Actual Load,2026-08-22T04:46:30Z
2026-08-22T04:45:07Z,2026-08-22T06:45:07+0200,81890fbb-3a1d-466f-b50a-dc03bf877707,2026-07-24T23:00:00Z,2026-07-25T01:00:00+0200,41253.93,MW,FR,FR,actual_load,Actual Load,2026-08-22T04:46:30Z
2026-08-22T04:45:07Z,2026-08-22T06:45:07+0200,81890fbb-3a1d-466f-b50a-dc03bf877707,2026-07-24T23:15:00Z,2026-07-25T01:15:00+0200,40693.08,MW,FR,FR,actual_load,Actual Load,2026-08-22T04:46:30Z
2026-08-22T04:45:07Z,2026-08-22T06:45:07+0200,81890fbb-3a1d-466f-b50a-dc03bf877707,2026-07-24T23:30:00Z,2026-07-25T01:30:00+0200,40594.25,MW,FR,FR,actual_load,Actual Load,2026-08-22T04:46:30Z
2026-08-22T04:45:07Z,2026-08-22T06:45:07+0200,81890fbb-3a1d-466f-b50a-dc03bf877707,2026-07-24T23:45:00Z,2026-07-25T01:45:00+0200,39701.23,MW,FR,FR,actual_load,Actual Load,2026-08-22T04:46:30Z
2026-08-22T04:45:07Z,2026-08-22T06:45:07+0200,81890fbb-3a1d-466f-b50a-dc03bf877707,2026-07-25T00:00:00Z,2026-07-25T02:00:00+0200,39394.19,MW,FR,FR,actual_load,Actual Load,2026-08-22T04:46:30Z
2026-08-22T04:45:07Z,2026-08-22T06:45:07+0200,81890fbb-3a1d-466f-b50a-dc03bf877707,2026-07-25T00:15:00Z,2026-07-25T02:15:00+0200,38524.35,MW,FR,FR,actual_load,Actual Load,2026-08-22T04:46:30Z
2026-08-22T04:45:07Z,2026-08-22T06:45:07+0200,81890fbb-3a1d-466f-b50a-dc03bf877707,2026-07-25T00:30:00Z,2026-07-25T02:30:00+0200,37806.63,MW,FR,FR,actual_load,Actual Load,2026-08-22T04:46:30Z
2026-08-22T04:45:07Z,2026-08-22T06:45:07+0200,81890fbb-3a1d-466f-b50a-dc03bf877707,2026-07-25T00:45:00Z,2026-07-25T02:45:00+0200,37278.91,MW,FR,FR,actual_load,Actual Load,2026-08-22T04:46:30Z
2026-08-22T04:45:07Z,2026-08-22T06:45:07+0200,81890fbb-3a1d-466f-b50a-dc03bf877707,2026-07-25T01:00:00Z,2026-07-25T03:00:00+0200,36688.69,MW,FR,FR,actual_load,Actual Load,2026-08-22T04:46:30Z
2026-08-22T04:45:07Z,2026-08-22T06:45:07+0200,81890fbb-3a1d-466f-b50a-dc03bf877707,2026-07-25T01:15:00Z,2026-07-25T03:15:00+0200,36228.97,MW,FR,FR,actual_load,Actual Load,2026-08-22T04:46:30Z
2026-08-22T04:45:07Z,2026-08-22T06:45:07+0200,81890fbb-3a1d-466f-b50a-dc03bf877707,2026-07-25T01:30:00Z,2026-07-25T03:30:00+0200,35939.8,MW,FR,FR,actual_load,Actual Load,2026-08-22T04:46:30Z
2026-08-22T04:45:07Z,2026-08-22T06:45:07+0200,81890fbb-3a1d-466f-b50a-dc03bf877707,2026-07-25T01:45:00Z,2026-07-25T03:45:00+0200,35659.53,MW,FR,FR,actual_load,Actual Load,2026-08-22T04:46:30Z
2026-08-22T04:45:07Z,2026-08-22T06:45:07+0200,81890fbb-3a1d-466f-b50a-dc03bf877707,2026-07-25T02:00:00Z,2026-07-25T04:00:00+0200,35594.9,MW,FR,FR,actual_load,Actual Load,2026-08-22T04:46:30Z
2026-08-22T04:45:07Z,2026-08-22T06:45:07+0200,81890fbb-3a1d-466f-b50a-dc03bf877707,2026-07-25T02:15:00Z,2026-07-25T04:15:00+0200,35354.67,MW,FR,FR,actual_load,Actual Load,2026-08-22T04:46:30Z
2026-08-22T04:45:07Z,2026-08-22T06:45:07+0200,81890fbb-3a1d-466f-b50a-dc03bf877707,2026-07-25T02:30:00Z,2026-07-25T04:30:00+0200,35316.87,MW,FR,FR,actual_load,Actual Load,2026-08-22T04:46:30Z
2026-08-22T04:45:07Z,2026-08-22T06:45:07+0200,81890fbb-3a1d-466f-b50a-dc03bf877707,2026-07-25T02:45:00Z,2026-07-25T04:45:00+0200,35108.59,MW,FR,FR,actual_load,Actual Load,2026-08-22T04:46:30Z
2026-08-22T04:45:07Z,2026-08-22T06:45:07+0200,81890fbb-3a1d-466f-b50a-dc03bf877707,2026-07-25T03:00:00Z,2026-07-25T05:00:00+0200,35295.07,MW,FR,FR,actual_load,Actual Load,2026-08-22T04:46:30Z
2026-08-22T04:45:07Z,2026-08-22T06:45:07+0200,81890fbb-3a1d-466f-b50a-dc03bf877707,2026-07-25T03:15:00Z,2026-07-25T05:15:00+0200,35370.46,MW,FR,FR,actual_load,Actual Load,2026-08-22T04:46:30Z
2026-08-22T04:45:07Z,2026-08-22T06:45:07+0200,81890fbb-3a1d-466f-b50a-dc03bf877707,2026-07-25T03:30:00Z,2026-07-25T05:30:00+0200,35455.98,MW,FR,FR,actual_load,Actual Load,2026-08-22T04:46:30Z
2026-08-22T04:45:07Z,2026-08-22T06:45:07+0200,81890fbb-3a1d-466f-b50a-dc03bf877707,2026-07-25T03:45:00Z,2026-07-25T05:45:00+0200,35389.58,MW,FR,FR,actual_load,Actual Load,2026-08-22T04:46:30Z
2026-08-22T04:45:07Z,2026-08-22T06:45:07+0200,81890fbb-3a1d-466f-b50a-dc03bf877707,2026-07-25T04:00:00Z,2026-07-25T06:00:00+0200,35525.22,MW,FR,FR,actual_load,Actual Load,2026-08-22T04:46:30Z
2026-08-22T04:45:07Z,2026-08-22T06:45:07+0200,81890fbb-3a1d-466f-b50a-dc03bf877707,2026-07-25T04:15:00Z,2026-07-25T06:15:00+0200,35494.78,MW,FR,FR,actual_load,Actual Load,2026-08-22T04:46:30Z
2026-08-22T04:45:07Z,2026-08-22T06:45:07+0200,81890fbb-3a1d-466f-b50a-dc03bf877707,2026-07-25T04:30:00Z,2026-07-25T06:30:00+0200,35527.17,MW,FR,FR,actual_load,Actual Load,2026-08-22T04:46:30Z
2026-08-22T04:45:07Z,2026-08-22T06:45:07+0200,81890fbb-3a1d-466f-b50a-dc03bf877707,2026-07-25T04:45:00Z,2026-07-25T06:45:00+0200,35724.76,MW,FR,FR,actual_load,Actual Load,2026-08-22T04:46:30Z
2026-08-22T04:45:07Z,2026-08-22T06:45:07+0200,81890fbb-3a1d-466f-b50a-dc03bf877707,2026-07-25T05:00:00Z,2026-07-25T07:00:00+0200,36057.09,MW,FR,FR,actual_load,Actual Load,2026-08-22T04:46:30Z
2026-08-22T04:45:07Z,2026-08-22T06:45:07+0200,81890fbb-3a1d-466f-b50a-dc03bf877707,2026-07-25T05:15:00Z,2026-07-25T07:15:00+0200,36211.69,MW,FR,FR,actual_load,Actual Load,2026-08-22T04:46:30Z
2026-08-22T04:45:07Z,2026-08-22T06:45:07+0200,81890fbb-3a1d-466f-b50a-dc03bf877707,2026-07-25T05:30:00Z,2026-07-25T07:30:00+0200,36500.09,MW,FR,FR,actual_load,Actual Load,2026-08-22T04:46:30Z
2026-08-22T04:45:07Z,2026-08-22T06:45:07+0200,81890fbb-3a1d-466f-b50a-dc03bf877707,2026-07-25T05:45:00Z,2026-07-25T07:45:00+0200,37003.4,MW,FR,FR,actual_load,Actual Load,2026-08-22T04:46:30Z
2026-08-22T04:45:07Z,2026-08-22T06:45:07+0200,81890fbb-3a1d-466f-b50a-dc03bf877707,2026-07-25T06:00:00Z,2026-07-25T08:00:00+0200,37712.67,MW,FR,FR,actual_load,Actual Load,2026-08-22T04:46:30Z
2026-08-22T04:45:07Z,2026-08-22T06:45:07+0200,81890fbb-3a1d-466f-b50a-dc03bf877707,2026-07-25T06:15:00Z,2026-07-25T08:15:00+0200,37947.01,MW,FR,FR,actual_load,Actual Load,2026-08-22T04:46:30Z
2026-08-22T04:45:07Z,2026-08-22T06:45:07+0200,81890fbb-3a1d-466f-b50a-dc03bf877707,2026-07-25T06:30:00Z,2026-07-25T08:30:00+0200,38708.48,MW,FR,FR,actual_load,Actual Load,2026-08-22T04:46:30Z
2026-08-22T04:45:07Z,2026-08-22T06:45:07+0200,81890fbb-3a1d-466f-b50a-dc03bf877707,2026-07-25T06:45:00Z,2026-07-25T08:45:00+0200,38988.06,MW,FR,FR,actual_load,Actual Load,2026-08-22T04:46:30Z
2026-08-22T04:45:07Z,2026-08-22T06:45:07+0200,81890fbb-3a1d-466f-b50a-dc03bf877707,2026-07-25T07:00:00Z,2026-07-25T09:00:00+0200,39735.43,MW,FR,FR,actual_load,Actual Load,2026-08-22T04:46:30Z
2026-08-22T04:45:07Z,2026-08-22T06:45:07+0200,81890fbb-3a1d-466f-b50a-dc03bf877707,2026-07-25T07:15:00Z,2026-07-25T09:15:00+0200,40463.92,MW,FR,FR,actual_load,Actual Load,2026-08-22T04:46:30Z
2026-08-22T04:45:07Z,2026-08-22T06:45:07+0200,81890fbb-3a1d-466f-b50a-dc03bf877707,2026-07-25T07:30:00Z,2026-07-25T09:30:00+0200,40729.88,MW,FR,FR,actual_load,Actual Load,2026-08-22T04:46:30Z
2026-08-22T04:45:07Z,2026-08-22T06:45:07+0200,81890fbb-3a1d-466f-b50a-dc03bf877707,2026-07-25T07:45:00Z,2026-07-25T09:45:00+0200,41379.03,MW,FR,FR,actual_load,Actual Load,2026-08-22T04:46:30Z
2026-08-22T04:45:07Z,2026-08-22T06:45:07+0200,81890fbb-3a1d-466f-b50a-dc03bf877707,2026-07-25T08:00:00Z,2026-07-25T10:00:00+0200,41763.31,MW,FR,FR,actual_load,Actual Load,2026-08-22T04:46:30Z
2026-08-22T04:45:07Z,2026-08-22T06:45:07+0200,81890fbb-3a1d-466f-b50a-dc03bf877707,2026-07-25T08:15:00Z,2026-07-25T10:15:00+0200,42374.22,MW,FR,FR,actual_load,Actual Load,2026-08-22T04:46:30Z
2026-08-22T04:45:07Z,2026-08-22T06:45:07+0200,81890fbb-3a1d-466f-b50a-dc03bf877707,2026-07-25T08:30:00Z,2026-07-25T10:30:00+0200,42712.14,MW,FR,FR,actual_load,Actual Load,2026-08-22T04:46:30Z
2026-08-22T04:45:07Z,2026-08-22T06:45:07+0200,81890fbb-3a1d-466f-b50a-dc03bf877707,2026-07-25T08:45:00Z,2026-07-25T10:45:00+0200,42753.67,MW,FR,FR,actual_load,Actual Load,2026-08-22T04:46:30Z
2026-08-22T04:45:07Z,2026-08-22T06:45:07+0200,81890fbb-3a1d-466f-b50a-dc03bf877707,2026-07-25T09:00:00Z,2026-07-25T11:00:00+0200,43282.95,MW,FR,FR,actual_load,Actual Load,2026-08-22T04:46:30Z
2026-08-22T04:45:07Z,2026-08-22T06:45:07+0200,81890fbb-3a1d-466f-b50a-dc03bf877707,2026-07-25T09:15:00Z,2026-07-25T11:15:00+0200,43414.41,MW,FR,FR,actual_load,Actual Load,2026-08-22T04:46:30Z
2026-08-22T04:45:07Z,2026-08-22T06:45:07+0200,81890fbb-3a1d-466f-b50a-dc03bf877707,2026-07-25T09:30:00Z,2026-07-25T11:30:00+0200,43679.79,MW,FR,FR,actual_load,Actual Load,2026-08-22T04:46:30Z
2026-08-22T04:45:07Z,2026-08-22T06:45:07+0200,81890fbb-3a1d-466f-b50a-dc03bf877707,2026-07-25T09:45:00Z,2026-07-25T11:45:00+0200,43825.25,MW,FR,FR,actual_load,Actual Load,2026-08-22T04:46:30Z
2026-08-22T04:45:07Z,2026-08-22T06:45:07+0200,81890fbb-3a1d-466f-b50a-dc03bf877707,2026-07-25T10:00:00Z,2026-07-25T12:00:00+0200,44207.59,MW,FR,FR,actual_load,Actual Load,2026-08-22T04:46:30Z
2026-08-22T04:45:07Z,2026-08-22T06:45:07+0200,81890fbb-3a1d-466f-b50a-dc03bf877707,2026-07-25T10:15:00Z,2026-07-25T12:15:00+0200,44728.53,MW,FR,FR,actual_load,Actual Load,2026-08-22T04:46:30Z
2026-08-22T04:45:07Z,2026-08-22T06:45:07+0200,81890fbb-3a1d-466f-b50a-dc03bf877707,2026-07-25T10:30:00Z,2026-07-25T12:30:00+0200,45369.97,MW,FR,FR,actual_load,Actual Load,2026-08-22T04:46:30Z
2026-08-22T04:45:07Z,2026-08-22T06:45:07+0200,81890fbb-3a1d-466f-b50a-dc03bf877707,2026-07-25T10:45:00Z,2026-07-25T12:45:00+0200,44936.51,MW,FR,FR,actual_load,Actual Load,2026-08-22T04:46:30Z
2026-08-22T04:45:07Z,2026-08-22T06:45:07+0200,81890fbb-3a1d-466f-b50a-dc03bf877707,2026-07-25T11:00:00Z,2026-07-25T13:00:00+0200,44366.32,MW,FR,FR,actual_load,Actual Load,2026-08-22T04:46:30Z
2026-08-22T04:45:07Z,2026-08-22T06:45:07+0200,81890fbb-3a1d-466f-b50a-dc03bf877707,2026-07-25T11:15:00Z,2026-07-25T13:15:00+0200,43830.62,MW,FR,FR,actual_load,Actual Load,2026-08-22T04:46:30Z
2026-08-22T04:45:07Z,2026-08-22T06:45:07+0200,81890fbb-3a1d-466f-b50a-dc03bf877707,2026-07-25T11:30:00Z,2026-07-25T13:30:00+0200,43467.54,MW,FR,FR,actual_load,Actual Load,2026-08-22T04:46:30Z
2026-08-22T04:45:07Z,2026-08-22T06:45:07+0200,81890fbb-3a1d-466f-b50a-dc03bf877707,2026-07-25T11:45:00Z,2026-07-25T13:45:00+0200,43256.84,MW,FR,FR,actual_load,Actual Load,2026-08-22T04:46:30Z
2026-08-22T04:45:07Z,2026-08-22T06:45:07+0200,81890fbb-3a1d-466f-b50a-dc03bf877707,2026-07-25T12:00:00Z,2026-07-25T14:00:00+0200,44270.34,MW,FR,FR,actual_load,Actual Load,2026-08-22T04:46:30Z
2026-08-22T04:45:07Z,2026-08-22T06:45:07+0200,81890fbb-3a1d-466f-b50a-dc03bf877707,2026-07-25T12:15:00Z,2026-07-25T14:15:00+0200,44129.22,MW,FR,FR,actual_load,Actual Load,2026-08-22T04:46:30Z
2026-08-22T04:45:07Z,2026-08-22T06:45:07+0200,81890fbb-3a1d-466f-b50a-dc03bf877707,2026-07-25T12:30:00Z,2026-07-25T14:30:00+0200,44218.8,MW,FR,FR,actual_load,Actual Load,2026-08-22T04:46:30Z
2026-08-22T04:45:07Z,2026-08-22T06:45:07+0200,81890fbb-3a1d-466f-b50a-dc03bf877707,2026-07-25T12:45:00Z,2026-07-25T14:45:00+0200,43987.92,MW,FR,FR,actual_load,Actual Load,2026-08-22T04:46:30Z
2026-08-22T04:45:07Z,2026-08-22T06:45:07+0200,81890fbb-3a1d-466f-b50a-dc03bf877707,2026-07-25T13:00:00Z,2026-07-25T15:00:00+0200,44108.23,MW,FR,FR,actual_load,Actual Load,2026-08-22T04:46:30Z
2026-08-22T04:45:07Z,2026-08-22T06:45:07+0200,81890fbb-3a1d-466f-b50a-dc03bf877707,2026-07-25T13:15:00Z,2026-07-25T15:15:00+0200,43791.77,MW,FR,FR,actual_load,Actual Load,2026-08-22T04:46:30Z
2026-08-22T04:45:07Z,2026-08-22T06:45:07+0200,81890fbb-3a1d-466f-b50a-dc03bf877707,2026-07-25T13:30:00Z,2026-07-25T15:30:00+0200,43642.16,MW,FR,FR,actual_load,Actual Load,2026-08-22T04:46:30Z
2026-08-22T04:45:07Z,2026-08-22T06:45:07+0200,81890fbb-3a1d-466f-b50a-dc03bf877707,2026-07-25T13:45:00Z,2026-07-25T15:45:00+0200,43136.67,MW,FR,FR,actual_load,Actual Load,2026-08-22T04:46:30Z
2026-08-22T04:45:07Z,2026-08-22T06:45:07+0200,81890fbb-3a1d-466f-b50a-dc03bf877707,2026-07-25T14:00:00Z,2026-07-25T16:00:00+0200,42979.89,MW,FR,FR,actual_load,Actual Load,2026-08-22T04:46:30Z
2026-08-22T04:45:07Z,2026-08-22T06:45:07+0200,81890fbb-3a1d-466f-b50a-dc03bf877707,2026-07-25T14:15:00Z,2026-07-25T16:15:00+0200,42636.87,MW,FR,FR,actual_load,Actual Load,2026-08-22T04:46:30Z
2026-08-22T04:45:07Z,2026-08-22T06:45:07+0200,81890fbb-3a1d-466f-b50a-dc03bf877707,2026-07-25T14:30:00Z,2026-07-25T16:30:00+0200,42507.1,MW,FR,FR,actual_load,Actual Load,2026-08-22T04:46:30Z
2026-08-22T04:45:07Z,2026-08-22T06:45:07+0200,81890fbb-3a1d-466f-b50a-dc03bf877707,2026-07-25T14:45:00Z,2026-07-25T16:45:00+0200,42746.37,MW,FR,FR,actual_load,Actual Load,2026-08-22T04:46:30Z
2026-08-22T04:45:07Z,2026-08-22T06:45:07+0200,81890fbb-3a1d-466f-b50a-dc03bf877707,2026-07-25T15:00:00Z,2026-07-25T17:00:00+0200,42429.72,MW,FR,FR,actual_load,Actual Load,2026-08-22T04:46:30Z
2026-08-22T04:45:07Z,2026-08-22T06:45:07+0200,81890fbb-3a1d-466f-b50a-dc03bf877707,2026-07-25T15:15:00Z,2026-07-25T17:15:00+0200,42541.7,MW,FR,FR,actual_load,Actual Load,2026-08-22T04:46:30Z
2026-08-22T04:45:07Z,2026-08-22T06:45:07+0200,81890fbb-3a1d-466f-b50a-dc03bf877707,2026-07-25T15:30:00Z,2026-07-25T17:30:00+0200,42733.79,MW,FR,FR,actual_load,Actual Load,2026-08-22T04:46:30Z
2026-08-22T04:45:07Z,2026-08-22T06:45:07+0200,81890fbb-3a1d-466f-b50a-dc03bf877707,2026-07-25T15:45:00Z,2026-07-25T17:45:00+0200,43011.14,MW,FR,FR,actual_load,Actual Load,2026-08-22T04:46:30Z
2026-08-22T04:45:07Z,2026-08-22T06:45:07+0200,81890fbb-3a1d-466f-b50a-dc03bf877707,2026-07-25T16:00:00Z,2026-07-25T18:00:00+0200,43054.08,MW,FR,FR,actual_load,Actual Load,2026-08-22T04:46:30Z
2026-08-22T04:45:07Z,2026-08-22T06:45:07+0200,81890fbb-3a1d-466f-b50a-dc03bf877707,2026-07-25T16:15:00Z,2026-07-25T18:15:00+0200,43104.01,MW,FR,FR,actual_load,Actual Load,2026-08-22T04:46:30Z
2026-08-22T04:45:07Z,2026-08-22T06:45:07+0200,81890fbb-3a1d-466f-b50a-dc03bf877707,2026-07-25T16:30:00Z,2026-07-25T18:30:00+0200,43345.27,MW,FR,FR,actual_load,Actual Load,2026-08-22T04:46:30Z
2026-08-22T04:45:07Z,2026-08-22T06:45:07+0200,81890fbb-3a1d-466f-b50a-dc03bf877707,2026-07-25T16:45:00Z,2026-07-25T18:45:00+0200,43731.3,MW,FR,FR,actual_load,Actual Load,2026-08-22T04:46:30Z
2026-08-22T04:45:07Z,2026-08-22T06:45:07+0200,81890fbb-3a1d-466f-b50a-dc03bf877707,2026-07-25T17:00:00Z,2026-07-25T19:00:00+0200,43809.5,MW,FR,FR,actual_load,Actual Load,2026-08-22T04:46:30Z
2026-08-22T04:45:07Z,2026-08-22T06:45:07+0200,81890fbb-3a1d-466f-b50a-dc03bf877707,2026-07-25T17:15:00Z,2026-07-25T19:15:00+0200,43645.82,MW,FR,FR,actual_load,Actual Load,2026-08-22T04:46:30Z
2026-08-22T04:45:07Z,2026-08-22T06:45:07+0200,81890fbb-3a1d-466f-b50a-dc03bf877707,2026-07-25T17:30:00Z,2026-07-25T19:30:00+0200,43651.32,MW,FR,FR,actual_load,Actual Load,2026-08-22T04:46:30Z
2026-08-22T04:45:07Z,2026-08-22T06:45:07+0200,81890fbb-3a1d-466f-b50a-dc03bf877707,2026-07-25T17:45:00Z,2026-07-25T19:45:00+0200,43482.22,MW,FR,FR,actual_load,Actual Load,2026-08-22T04:46:30Z
2026-08-22T04:45:07Z,2026-08-22T06:45:07+0200,81890fbb-3a1d-466f-b50a-dc03bf877707,2026-07-25T18:00:00Z,2026-07-25T20:00:00+0200,42822.71,MW,FR,FR,actual_load,Actual Load,2026-08-22T04:46:30Z
2026-08-22T04:45:07Z,2026-08-22T06:45:07+0200,81890fbb-3a1d-466f-b50a-dc03bf877707,2026-07-25T18:15:00Z,2026-07-25T20:15:00+0200,42357.5,MW,FR,FR,actual_load,Actual Load,2026-08-22T04:46:30Z
2026-08-22T04:45:07Z,2026-08-22T06:45:07+0200,81890fbb-3a1d-466f-b50a-dc03bf877707,2026-07-25T18:30:00Z,2026-07-25T20:30:00+0200,41828.0,MW,FR,FR,actual_load,Actual Load,2026-08-22T04:46:30Z
2026-08-22T04:45:07Z,2026-08-22T06:45:07+0200,81890fbb-3a1d-466f-b50a-dc03bf877707,2026-07-25T18:45:00Z,2026-07-25T20:45:00+0200,41614.28,MW,FR,FR,actual_load,Actual Load,2026-08-22T04:46:30Z
2026-08-22T04:45:07Z,2026-08-22T06:45:07+0200,81890fbb-3a1d-466f-b50a-dc03bf877707,2026-07-25T19:00:00Z,2026-07-25T21:00:00+0200,41459.27,MW,FR,FR,actual_load,Actual Load,2026-08-22T04:46:30Z
2026-08-22T04:45:07Z,2026-08-22T06:45:07+0200,81890fbb-3a1d-466f-b50a-dc03bf877707,2026-07-25T19:15:00Z,2026-07-25T21:15:00+0200,41211.49,MW,FR,FR,actual_load,Actual Load,2026-08-22T04:46:30Z
2026-08-22T04:45:07Z,2026-08-22T06:45:07+0200,81890fbb-3a1d-466f-b50a-dc03bf877707,2026-07-25T19:30:00Z,2026-07-25T21:30:00+0200,41061.84,MW,FR,FR,actual_load,Actual Load,2026-08-22T04:46:30Z
2026-08-22T04:45:07Z,2026-08-22T06:45:07+0200,81890fbb-3a1d-466f-b50a-dc03bf877707,2026-07-25T19:45:00Z,2026-07-25T21:45:00+0200,40916.14,MW,FR,FR,actual_load,Actual Load,2026-08-22T04:46:30Z
2026-08-22T04:45:07Z,2026-08-22T06:45:07+0200,81890fbb-3a1d-466f-b50a-dc03bf877707,2026-07-25T20:00:00Z,2026-07-25T22:00:00+0200,42156.59,MW,FR,FR,actual_load,Actual Load,2026-08-22T04:46:30Z
2026-08-22T04:45:07Z,2026-08-22T06:45:07+0200,81890fbb-3a1d-466f-b50a-dc03bf877707,2026-07-25T20:15:00Z,2026-07-25T22:15:00+0200,42102.42,MW,FR,FR,actual_load,Actual Load,2026-08-22T04:46:30Z
2026-08-22T04:45:07Z,2026-08-22T06:45:07+0200,81890fbb-3a1d-466f-b50a-dc03bf877707,2026-07-25T20:30:00Z,2026-07-25T22:30:00+0200,43108.24,MW,FR,FR,actual_load,Actual Load,2026-08-22T04:46:30Z
2026-08-22T04:45:07Z,2026-08-22T06:45:07+0200,81890fbb-3a1d-466f-b50a-dc03bf877707,2026-07-25T20:45:00Z,2026-07-25T22:45:00+0200,42565.41,MW,FR,FR,actual_load,Actual Load,2026-08-22T04:46:30Z
2026-08-22T04:45:07Z,2026-08-22T06:45:07+0200,81890fbb-3a1d-466f-b50a-dc03bf877707,2026-07-25T21:00:00Z,2026-07-25T23:00:00+0200,42510.91,MW,FR,FR,actual_load,Actual Load,2026-08-22T04:46:30Z
2026-08-22T04:45:07Z,2026-08-22T06:45:07+0200,81890fbb-3a1d-466f-b50a-dc03bf877707,2026-07-25T21:15:00Z,2026-07-25T23:15:00+0200,41695.28,MW,FR,FR,actual_load,Actual Load,2026-08-22T04:46:30Z
2026-08-22T04:45:07Z,2026-08-22T06:45:07+0200,81890fbb-3a1d-466f-b50a-dc03bf877707,2026-07-25T21:30:00Z,2026-07-25T23:30:00+0200,41816.36,MW,FR,FR,actual_load,Actual Load,2026-08-22T04:46:30Z
2026-08-22T04:45:07Z,2026-08-22T06:45:07+0200,81890fbb-3a1d-466f-b50a-dc03bf877707,2026-07-25T21:45:00Z,2026-07-25T23:45:00+0200,41037.09,MW,FR,FR,actual_load,Actual Load,2026-08-22T04:46:30Z
2026-08-22T04:45:07Z,2026-08-22T06:45:07+0200,81890fbb-3a1d-466f-b50a-dc03bf877707,2026-07-25T22:00:00Z,2026-07-26T00:00:00+0200,40950.69,MW,FR,FR,actual_load,Actual Load,2026-08-22T04:46:30Z
2026-08-22T04:45:07Z,2026-08-22T06:45:07+0200,81890fbb-3a1d-466f-b50a-dc03bf877707,2026-07-25T22:15:00Z,2026-07-26T00:15:00+0200,39881.11,MW,FR,FR,actual_load,Actual Load,2026-08-22T04:46:30Z
2026-08-22T04:45:07Z,2026-08-22T06:45:07+0200,81890fbb-3a1d-466f-b50a-dc03bf877707,2026-07-25T22:30:00Z,2026-07-26T00:30:00+0200,38643.92,MW,FR,FR,actual_load,Actual Load,2026-08-22T04:46:30Z
2026-08-22T04:45:07Z,2026-08-22T06:45:07+0200,81890fbb-3a1d-466f-b50a-dc03bf877707,2026-07-25T22:45:00Z,2026-07-26T00:45:00+0200,37925.2,MW,FR,FR,actual_load,Actual Load,2026-08-22T04:46:30Z
2026-08-22T04:45:07Z,2026-08-22T06:45:07+0200,81890fbb-3a1d-466f-b50a-dc03bf877707,2026-07-25T23:00:00Z,2026-07-26T01:00:00+0200,38172.73,MW,FR,FR,actual_load,Actual Load,2026-08-22T04:46:30Z
2026-08-22T04:45:07Z,2026-08-22T06:45:07+0200,81890fbb-3a1d-466f-b50a-dc03bf877707,2026-07-25T23:15:00Z,2026-07-26T01:15:00+0200,37675.21,MW,FR,FR,actual_load,Actual Load,2026-08-22T04:46:30Z
2026-08-22T04:45:07Z,2026-08-22T06:45:07+0200,81890fbb-3a1d-466f-b50a-dc03bf877707,2026-07-25T23:30:00Z,2026-07-26T01:30:00+0200,37492.29,MW,FR,FR,actual_load,Actual Load,2026-08-22T04:46:30Z
2026-08-22T04:45:07Z,2026-08-22T06:45:07+0200,81890fbb-3a1d-466f-b50a-dc03bf877707,2026-07-25T23:45:00Z,2026-07-26T01:45:00+0200,36739.43,MW,FR,FR,actual_load,Actual Load,2026-08-22T04:46:30Z
2026-08-22T04:45:07Z,2026-08-22T06:45:07+0200,81890fbb-3a1d-466f-b50a-dc03bf877707,2026-07-26T00:00:00Z,2026-07-26T02:00:00+0200,36292.03,MW,FR,FR,actual_load,Actual Load,2026-08-22T04:46:30Z
2026-08-22T04:45:07Z,2026-08-22T06:45:07+0200,81890fbb-3a1d-466f-b50a-dc03bf877707,2026-07-26T00:15:00Z,2026-07-26T02:15:00+0200,35544.43,MW,FR,FR,actual_load,Actual Load,2026-08-22T04:46:30Z
2026-08-22T04:45:07Z,2026-08-22T06:45:07+0200,81890fbb-3a1d-466f-b50a-dc03bf877707,2026-07-26T00:30:00Z,2026-07-26T02:30:00+0200,35054.14,MW,FR,FR,actual_load,Actual Load,2026-08-22T04:46:30Z
2026-08-22T04:45:07Z,2026-08-22T06:45:07+0200,81890fbb-3a1d-466f-b50a-dc03bf877707,2026-07-26T00:45:00Z,2026-07-26T02:45:00+0200,34640.23,MW,FR,FR,actual_load,Actual Load,2026-08-22T04:46:30Z
2026-08-22T04:45:07Z,2026-08-22T06:45:07+0200,81890fbb-3a1d-466f-b50a-dc03bf877707,2026-07-26T01:00:00Z,2026-07-26T03:00:00+0200,34176.31,MW,FR,FR,actual_load,Actual Load,2026-08-22T04:46:30Z
2026-08-22T04:45:07Z,2026-08-22T06:45:07+0200,81890fbb-3a1d-466f-b50a-dc03bf877707,2026-07-26T01:15:00Z,2026-07-26T03:15:00+0200,33754.48,MW,FR,FR,actual_load,Actual Load,2026-08-22T04:46:30Z
2026-08-22T04:45:07Z,2026-08-22T06:45:07+0200,81890fbb-3a1d-466f-b50a-dc03bf877707,2026-07-26T01:30:00Z,2026-07-26T03:30:00+0200,33499.39,MW,FR,FR,actual_load,Actual Load,2026-08-22T04:46:30Z
2026-08-22T04:45:07Z,2026-08-22T06:45:07+0200,81890fbb-3a1d-466f-b50a-dc03bf877707,2026-07-26T01:45:00Z,2026-07-26T03:45:00+0200,33264.03,MW,FR,FR,actual_load,Actual Load,2026-08-22T04:46:30Z
2026-08-22T04:45:07Z,2026-08-22T06:45:07+0200,81890fbb-3a1d-466f-b50a-dc03bf877707,2026-07-26T02:00:00Z,2026-07-26T04:00:00+0200,32908.26,MW,FR,FR,actual_load,Actual Load,2026-08-22T04:46:30Z
2026-08-22T04:45:07Z,2026-08-22T06:45:07+0200,81890fbb-3a1d-466f-b50a-dc03bf877707,2026-07-26T02:15:00Z,2026-07-26T04:15:00+0200,32727.94,MW,FR,FR,actual_load,Actual Load,2026-08-22T04:46:30Z
2026-08-22T04:45:07Z,2026-08-22T06:45:07+0200,81890fbb-3a1d-466f-b50a-dc03bf877707,2026-07-26T02:30:00Z,2026-07-26T04:30:00+0200,32599.53,MW,FR,FR,actual_load,Actual Load,2026-08-22T04:46:30Z
2026-08-22T04:45:07Z,2026-08-22T06:45:07+0200,81890fbb-3a1d-466f-b50a-dc03bf877707,2026-07-26T02:45:00Z,2026-07-26T04:45:00+0200,32511.19,MW,FR,FR,actual_load,Actual Load,2026-08-22T04:46:30Z
2026-08-22T04:45:07Z,2026-08-22T06:45:07+0200,81890fbb-3a1d-466f-b50a-dc03bf877707,2026-07-26T03:00:00Z,2026-07-26T05:00:00+0200,32606.22,MW,FR,FR,actual_load,Actual Load,2026-08-22T04:46:30Z
2026-08-22T04:45:07Z,2026-08-22T06:45:07+0200,81890fbb-3a1d-466f-b50a-dc03bf877707,2026-07-26T03:15:00Z,2026-07-26T05:15:00+0200,32507.72,MW,FR,FR,actual_load,Actual Load,2026-08-22T04:46:30Z
2026-08-22T04:45:07Z,2026-08-22T06:45:07+0200,81890fbb-3a1d-466f-b50a-dc03bf877707,2026-07-26T03:30:00Z,2026-07-26T05:30:00+0200,32538.57,MW,FR,FR,actual_load,Actual Load,2026-08-22T04:46:30Z
2026-08-22T04:45:07Z,2026-08-22T06:45:07+0200,81890fbb-3a1d-466f-b50a-dc03bf877707,2026-07-26T03:45:00Z,2026-07-26T05:45:00+0200,32375.5,MW,FR,FR,actual_load,Actual Load,2026-08-22T04:46:30Z
2026-08-22T04:45:07Z,2026-08-22T06:45:07+0200,81890fbb-3a1d-466f-b50a-dc03bf877707,2026-07-26T04:00:00Z,2026-07-26T06:00:00+0200,32462.21,MW,FR,FR,actual_load,Actual Load,2026-08-22T04:46:30Z
2026-08-22T04:45:07Z,2026-08-22T06:45:07+0200,81890fbb-3a1d-466f-b50a-dc03bf877707,2026-07-26T04:15:00Z,2026-07-26T06:15:00+0200,32445.93,MW,FR,FR,actual_load,Actual Load,2026-08-22T04:46:30Z
2026-08-22T04:45:07Z,2026-08-22T06:45:07+0200,81890fbb-3a1d-466f-b50a-dc03bf877707,2026-07-26T04:30:00Z,2026-07-26T06:30:00+0200,32369.47,MW,FR,FR,actual_load,Actual Load,2026-08-22T04:46:30Z
2026-08-22T04:45:07Z,2026-08-22T06:45:07+0200,81890fbb-3a1d-466f-b50a-dc03bf877707,2026-07-26T04:45:00Z,2026-07-26T06:45:00+0200,32452.0,MW,FR,FR,actual_load,Actual Load,2026-08-22T04:46:30Z
2026-08-22T04:45:07Z,2026-08-22T06:45:07+0200,81890fbb-3a1d-466f-b50a-dc03bf877707,2026-07-26T05:00:00Z,2026-07-26T07:00:00+0200,32767.47,MW,FR,FR,actual_load,Actual Load,2026-08-22T04:46:30Z
2026-08-22T04:45:07Z,2026-08-22T06:45:07+0200,81890fbb-3a1d-466f-b50a-dc03bf877707,2026-07-26T05:15:00Z,2026-07-26T07:15:00+0200,32916.94,MW,FR,FR,actual_load,Actual Load,2026-08-22T04:46:30Z
2026-08-22T04:45:07Z,2026-08-22T06:45:07+0200,81890fbb-3a1d-466f-b50a-dc03bf877707,2026-07-26T05:30:00Z,2026-07-26T07:30:00+0200,33292.69,MW,FR,FR,actual_load,Actual Load,2026-08-22T04:46:30Z
2026-08-22T04:45:07Z,2026-08-22T06:45:07+0200,81890fbb-3a1d-466f-b50a-dc03bf877707,2026-07-26T05:45:00Z,2026-07-26T07:45:00+0200,33399.23,MW,FR,FR,actual_load,Actual Load,2026-08-22T04:46:30Z
2026-08-22T04:45:07Z,2026-08-22T06:45:07+0200,81890fbb-3a1d-466f-b50a-dc03bf877707,2026-07-26T06:00:00Z,2026-07-26T08:00:00+0200,33910.03,MW,FR,FR,actual_load,Actual Load,2026-08-22T04:46:30Z
2026-08-22T04:45:07Z,2026-08-22T06:45:07+0200,81890fbb-3a1d-466f-b50a-dc03bf877707,2026-07-26T06:15:00Z,2026-07-26T08:15:00+0200,34165.39,MW,FR,FR,actual_load,Actual Load,2026-08-22T04:46:30Z
2026-08-22T04:45:07Z,2026-08-22T06:45:07+0200,81890fbb-3a1d-466f-b50a-dc03bf877707,2026-07-26T06:30:00Z,2026-07-26T08:30:00+0200,34540.79,MW,FR,FR,actual_load,Actual Load,2026-08-22T04:46:30Z
2026-08-22T04:45:07Z,2026-08-22T06:45:07+0200,81890fbb-3a1d-466f-b50a-dc03bf877707,2026-07-26T06:45:00Z,2026-07-26T08:45:00+0200,35057.16,MW,FR,FR,actual_load,Actual Load,2026-08-22T04:46:30Z
2026-08-22T04:45:07Z,2026-08-22T06:45:07+0200,81890fbb-3a1d-466f-b50a-dc03bf877707,2026-07-26T07:00:00Z,2026-07-26T09:00:00+0200,35614.42,MW,FR,FR,actual_load,Actual Load,2026-08-22T04:46:30Z
2026-08-22T04:45:07Z,2026-08-22T06:45:07+0200,81890fbb-3a1d-466f-b50a-dc03bf877707,2026-07-26T07:15:00Z,2026-07-26T09:15:00+0200,35949.31,MW,FR,FR,actual_load,Actual Load,2026-08-22T04:46:30Z
2026-08-22T04:45:07Z,2026-08-22T06:45:07+0200,81890fbb-3a1d-466f-b50a-dc03bf877707,2026-07-26T07:30:00Z,2026-07-26T09:30:00+0200,36394.29,MW,FR,FR,actual_load,Actual Load,2026-08-22T04:46:30Z
2026-08-22T04:45:07Z,2026-08-22T06:45:07+0200,81890fbb-3a1d-466f-b50a-dc03bf877707,2026-07-26T07:45:00Z,2026-07-26T09:45:00+0200,37142.39,MW,FR,FR,actual_load,Actual Load,2026-08-22T04:46:30Z
2026-08-22T04:45:07Z,2026-08-22T06:45:07+0200,81890fbb-3a1d-466f-b50a-dc03bf877707,2026-07-26T08:00:00Z,2026-07-26T10:00:00+0200,37780.86,MW,FR,FR,actual_load,Actual Load,2026-08-22T04:46:30Z
2026-08-22T04:45:07Z,2026-08-22T06:45:07+0200,81890fbb-3a1d-466f-b50a-dc03bf877707,2026-07-26T08:15:00Z,2026-07-26T10:15:00+0200,38311.27,MW,FR,FR,actual_load,Actual Load,2026-08-22T04:46:30Z
2026-08-22T04:45:07Z,2026-08-22T06:45:07+0200,81890fbb-3a1d-466f-b50a-dc03bf877707,2026-07-26T08:30:00Z,2026-07-26T10:30:00+0200,38604.07,MW,FR,FR,actual_load,Actual Load,2026-08-22T04:46:30Z
2026-08-22T04:45:07Z,2026-08-22T06:45:07+0200,81890fbb-3a1d-466f-b50a-dc03bf877707,2026-07-26T08:45:00Z,2026-07-26T10:45:00+0200,39122.65,MW,FR,FR,actual_load,Actual Load,2026-08-22T04:46:30Z
2026-08-22T04:45:07Z,2026-08-22T06:45:07+0200,81890fbb-3a1d-466f-b50a-dc03bf877707,2026-07-26T09:00:00Z,2026-07-26T11:00:00+0200,39817.68,MW,FR,FR,actual_load,Actual Load,2026-08-22T04:46:30Z
2026-08-22T04:45:07Z,2026-08-22T06:45:07+0200,81890fbb-3a1d-466f-b50a-dc03bf877707,2026-07-26T09:15:00Z,2026-07-26T11:15:00+0200,40497.81,MW,FR,FR,actual_load,Actual Load,2026-08-22T04:46:30Z
2026-08-22T04:45:07Z,2026-08-22T06:45:07+0200,81890fbb-3a1d-466f-b50a-dc03bf877707,2026-07-26T09:30:00Z,2026-07-26T11:30:00+0200,40814.07,MW,FR,FR,actual_load,Actual Load,2026-08-22T04:46:30Z
2026-08-22T04:45:07Z,2026-08-22T06:45:07+0200,81890fbb-3a1d-466f-b50a-dc03bf877707,2026-07-26T09:45:00Z,2026-07-26T11:45:00+0200,41125.88,MW,FR,FR,actual_load,Actual Load,2026-08-22T04:46:30Z
2026-08-22T04:45:07Z,2026-08-22T06:45:07+0200,81890fbb-3a1d-466f-b50a-dc03bf877707,2026-07-26T10:00:00Z,2026-07-26T12:00:00+0200,41970.21,MW,FR,FR,actual_load,Actual Load,2026-08-22T04:46:30Z
2026-08-22T04:45:07Z,2026-08-22T06:45:07+0200,81890fbb-3a1d-466f-b50a-dc03bf877707,2026-07-26T10:15:00Z,2026-07-26T12:15:00+0200,42454.35,MW,FR,FR,actual_load,Actual Load,2026-08-22T04:46:30Z
2026-08-22T04:45:07Z,2026-08-22T06:45:07+0200,81890fbb-3a1d-466f-b50a-dc03bf877707,2026-07-26T10:30:00Z,2026-07-26T12:30:00+0200,42697.17,MW,FR,FR,actual_load,Actual Load,2026-08-22T04:46:30Z
2026-08-22T04:45:07Z,2026-08-22T06:45:07+0200,81890fbb-3a1d-466f-b50a-dc03bf877707,2026-07-26T10:45:00Z,2026-07-26T12:45:00+0200,42186.47,MW,FR,FR,actual_load,Actual Load,2026-08-22T04:46:30Z
2026-08-22T04:45:07Z,2026-08-22T06:45:07+0200,81890fbb-3a1d-466f-b50a-dc03bf877707,2026-07-26T11:00:00Z,2026-07-26T13:00:00+0200,41848.41,MW,FR,FR,actual_load,Actual Load,2026-08-22T04:46:30Z
2026-08-22T04:45:07Z,2026-08-22T06:45:07+0200,81890fbb-3a1d-466f-b50a-dc03bf877707,2026-07-26T11:15:00Z,2026-07-26T13:15:00+0200,40952.08,MW,FR,FR,actual_load,Actual Load,2026-08-22T04:46:30Z
2026-08-22T04:45:07Z,2026-08-22T06:45:07+0200,81890fbb-3a1d-466f-b50a-dc03bf877707,2026-07-26T11:30:00Z,2026-07-26T13:30:00+0200,40348.21,MW,FR,FR,actual_load,Actual Load,2026-08-22T04:46:30Z
2026-08-22T04:45:07Z,2026-08-22T06:45:07+0200,81890fbb-3a1d-466f-b50a-dc03bf877707,2026-07-26T11:45:00Z,2026-07-26T13:45:00+0200,40281.39,MW,FR,FR,actual_load,Actual Load,2026-08-22T04:46:30Z
2026-08-22T04:45:07Z,2026-08-22T06:45:07+0200,81890fbb-3a1d-466f-b50a-dc03bf877707,2026-07-26T12:00:00Z,2026-07-26T14:00:00+0200,40856.43,MW,FR,FR,actual_load,Actual Load,2026-08-22T04:46:30Z
2026-08-22T04:45:07Z,2026-08-22T06:45:07+0200,81890fbb-3a1d-466f-b50a-dc03bf877707,2026-07-26T12:15:00Z,2026-07-26T14:15:00+0200,40631.24,MW,FR,FR,actual_load,Actual Load,2026-08-22T04:46:30Z
2026-08-22T04:45:07Z,2026-08-22T06:45:07+0200,81890fbb-3a1d-466f-b50a-dc03bf877707,2026-07-26T12:30:00Z,2026-07-26T14:30:00+0200,40639.01,MW,FR,FR,actual_load,Actual Load,2026-08-22T04:46:30Z
2026-08-22T04:45:07Z,2026-08-22T06:45:07+0200,81890fbb-3a1d-466f-b50a-dc03bf877707,2026-07-26T12:45:00Z,2026-07-26T14:45:00+0200,40163.33,MW,FR,FR,actual_load,Actual Load,2026-08-22T04:46:30Z
2026-08-22T04:45:07Z,2026-08-22T06:45:07+0200,81890fbb-3a1d-466f-b50a-dc03bf877707,2026-07-26T13:00:00Z,2026-07-26T15:00:00+0200,40240.59,MW,FR,FR,actual_load,Actual Load,2026-08-22T04:46:30Z
2026-08-22T04:45:07Z,2026-08-22T06:45:07+0200,81890fbb-3a1d-466f-b50a-dc03bf877707,2026-07-26T13:15:00Z,2026-07-26T15:15:00+0200,40006.38,MW,FR,FR,actual_load,Actual Load,2026-08-22T04:46:30Z
2026-08-22T04:45:07Z,2026-08-22T06:45:07+0200,81890fbb-3a1d-466f-b50a-dc03bf877707,2026-07-26T13:30:00Z,2026-07-26T15:30:00+0200,39626.28,MW,FR,FR,actual_load,Actual Load,2026-08-22T04:46:30Z
2026-08-22T04:45:07Z,2026-08-22T06:45:07+0200,81890fbb-3a1d-466f-b50a-dc03bf877707,2026-07-26T13:45:00Z,2026-07-26T15:45:00+0200,39166.37,MW,FR,FR,actual_load,Actual Load,2026-08-22T04:46:30Z
2026-08-22T04:45:07Z,2026-08-22T06:45:07+0200,81890fbb-3a1d-466f-b50a-dc03bf877707,2026-07-26T14:00:00Z,2026-07-26T16:00:00+0200,39228.68,MW,FR,FR,actual_load,Actual Load,2026-08-22T04:46:30Z
2026-08-22T04:45:07Z,2026-08-22T06:45:07+0200,81890fbb-3a1d-466f-b50a-dc03bf877707,2026-07-26T14:15:00Z,2026-07-26T16:15:00+0200,39108.52,MW,FR,FR,actual_load,Actual Load,2026-08-22T04:46:30Z
2026-08-22T04:45:07Z,2026-08-22T06:45:07+0200,81890fbb-3a1d-466f-b50a-dc03bf877707,2026-07-26T14:30:00Z,2026-07-26T16:30:00+0200,39217.77,MW,FR,FR,actual_load,Actual Load,2026-08-22T04:46:30Z
2026-08-22T04:45:07Z,2026-08-22T06:45:07+0200,81890fbb-3a1d-466f-b50a-dc03bf877707,2026-07-26T14:45:00Z,2026-07-26T16:45:00+0200,39113.86,MW,FR,FR,actual_load,Actual Load,2026-08-22T04:46:30Z
2026-08-22T04:45:07Z,2026-08-22T06:45:07+0200,81890fbb-3a1d-466f-b50a-dc03bf877707,2026-07-26T15:00:00Z,2026-07-26T17:00:00+0200,39105.86,MW,FR,FR,actual_load,Actual Load,2026-08-22T04:46:30Z
2026-08-22T04:45:07Z,2026-08-22T06:45:07+0200,81890fbb-3a1d-466f-b50a-dc03bf877707,2026-07-26T15:15:00Z,2026-07-26T17:15:00+0200,39277.48,MW,FR,FR,actual_load,Actual Load,2026-08-22T04:46:30Z
2026-08-22T04:45:07Z,2026-08-22T06:45:07+0200,81890fbb-3a1d-466f-b50a-dc03bf877707,2026-07-26T15:30:00Z,2026-07-26T17:30:00+0200,39399.39,MW,FR,FR,actual_load,Actual Load,2026-08-22T04:46:30Z
2026-08-22T04:45:07Z,2026-08-22T06:45:07+0200,81890fbb-3a1d-466f-b50a-dc03bf877707,2026-07-26T15:45:00Z,2026-07-26T17:45:00+0200,39859.75,MW,FR,FR,actual_load,Actual Load,2026-08-22T04:46:30Z
2026-08-22T04:45:07Z,2026-08-22T06:45:07+0200,81890fbb-3a1d-466f-b50a-dc03bf877707,2026-07-26T16:00:00Z,2026-07-26T18:00:00+0200,40309.27,MW,FR,FR,actual_load,Actual Load,2026-08-22T04:46:30Z
2026-08-22T04:45:07Z,2026-08-22T06:45:07+0200,81890fbb-3a1d-466f-b50a-dc03bf877707,2026-07-26T16:15:00Z,2026-07-26T18:15:00+0200,40819.68,MW,FR,FR,actual_load,Actual Load,2026-08-22T04:46:30Z
2026-08-22T04:45:07Z,2026-08-22T06:45:07+0200,81890fbb-3a1d-466f-b50a-dc03bf877707,2026-07-26T16:30:00Z,2026-07-26T18:30:00+0200,41278.5,MW,FR,FR,actual_load,Actual Load,2026-08-22T04:46:30Z
2026-08-22T04:45:07Z,2026-08-22T06:45:07+0200,81890fbb-3a1d-466f-b50a-dc03bf877707,2026-07-26T16:45:00Z,2026-07-26T18:45:00+0200,41687.63,MW,FR,FR,actual_load,Actual Load,2026-08-22T04:46:30Z
2026-08-22T04:45:07Z,2026-08-22T06:45:07+0200,81890fbb-3a1d-466f-b50a-dc03bf877707,2026-07-26T17:00:00Z,2026-07-26T19:00:00+0200,42146.36,MW,FR,FR,actual_load,Actual Load,2026-08-22T04:46:30Z
2026-08-22T04:45:07Z,2026-08-22T06:45:07+0200,81890fbb-3a1d-466f-b50a-dc03bf877707,2026-07-26T17:15:00Z,2026-07-26T19:15:00+0200,42405.29,MW,FR,FR,actual_load,Actual Load,2026-08-22T04:46:30Z
2026-08-22T04:45:07Z,2026-08-22T06:45:07+0200,81890fbb-3a1d-466f-b50a-dc03bf877707,2026-07-26T17:30:00Z,2026-07-26T19:30:00+0200,42201.14,MW,FR,FR,actual_load,Actual Load,2026-08-22T04:46:30Z
2026-08-22T04:45:07Z,2026-08-22T06:45:07+0200,81890fbb-3a1d-466f-b50a-dc03bf877707,2026-07-26T17:45:00Z,2026-07-26T19:45:00+0200,42114.61,MW,FR,FR,actual_load,Actual Load,2026-08-22T04:46:30Z
2026-08-22T04:45:07Z,2026-08-22T06:45:07+0200,81890fbb-3a1d-466f-b50a-dc03bf877707,2026-07-26T18:00:00Z,2026-07-26T20:00:00+0200,41714.2,MW,FR,FR,actual_load,Actual Load,2026-08-22T04:46:30Z
2026-08-22T04:45:07Z,2026-08-22T06:45:07+0200,81890fbb-3a1d-466f-b50a-dc03bf877707,2026-07-26T18:15:00Z,2026-07-26T20:15:00+0200,41646.55,MW,FR,FR,actual_load,Actual Load,2026-08-22T04:46:30Z
2026-08-22T04:45:07Z,2026-08-22T06:45:07+0200,81890fbb-3a1d-466f-b50a-dc03bf877707,2026-07-26T18:30:00Z,2026-07-26T20:30:00+0200,41597.68,MW,FR,FR,actual_load,Actual Load,2026-08-22T04:46:30Z
2026-08-22T04:45:07Z,2026-08-22T06:45:07+0200,81890fbb-3a1d-466f-b50a-dc03bf877707,2026-07-26T18:45:00Z,2026-07-26T20:45:00+0200,41446.5,MW,FR,FR,actual_load,Actual Load,2026-08-22T04:46:30Z
2026-08-22T04:45:07Z,2026-08-22T06:45:07+0200,81890fbb-3a1d-466f-b50a-dc03bf877707,2026-07-26T19:00:00Z,2026-07-26T21:00:00+0200,41802.56,MW,FR,FR,actual_load,Actual Load,2026-08-22T04:46:30Z
2026-08-22T04:45:07Z,2026-08-22T06:45:07+0200,81890fbb-3a1d-466f-b50a-dc03bf877707,2026-07-26T19:15:00Z,2026-07-26T21:15:00+0200,41570.68,MW,FR,FR,actual_load,Actual Load,2026-08-22T04:46:30Z
2026-08-22T04:45:07Z,2026-08-22T06:45:07+0200,81890fbb-3a1d-466f-b50a-dc03bf877707,2026-07-26T19:30:00Z,2026-07-26T21:30:00+0200,41614.35,MW,FR,FR,actual_load,Actual Load,2026-08-22T04:46:30Z
2026-08-22T04:45:07Z,2026-08-22T06:45:07+0200,81890fbb-3a1d-466f-b50a-dc03bf877707,2026-07-26T19:45:00Z,2026-07-26T21:45:00+0200,41637.14,MW,FR,FR,actual_load,Actual Load,2026-08-22T04:46:30Z
2026-08-22T04:45:07Z,2026-08-22T06:45:07+0200,81890fbb-3a1d-466f-b50a-dc03bf877707,2026-07-26T20:00:00Z,2026-07-26T22:00:00+0200,42689.0,MW,FR,FR,actual_load,Actual Load,2026-08-22T04:46:30Z
2026-08-22T04:45:07Z,2026-08-22T06:45:07+0200,81890fbb-3a1d-466f-b50a-dc03bf877707,2026-07-26T20:15:00Z,2026-07-26T22:15:00+0200,42342.29,MW,FR,FR,actual_load,Actual Load,2026-08-22T04:46:30Z
2026-08-22T04:45:07Z,2026-08-22T06:45:07+0200,81890fbb-3a1d-466f-b50a-dc03bf877707,2026-07-26T20:30:00Z,2026-07-26T22:30:00+0200,43227.64,MW,FR,FR,actual_load,Actual Load,2026-08-22T04:46:30Z
2026-08-22T04:45:07Z,2026-08-22T06:45:07+0200,81890fbb-3a1d-466f-b50a-dc03bf877707,2026-07-26T20:45:00Z,2026-07-26T22:45:00+0200,42727.04,MW,FR,FR,actual_load,Actual Load,2026-08-22T04:46:30Z
2026-08-22T04:45:07Z,2026-08-22T06:45:07+0200,81890fbb-3a1d-466f-b50a-dc03bf877707,2026-07-26T21:00:00Z,2026-07-26T23:00:00+0200,42427.65,MW,FR,FR,actual_load,Actual Load,2026-08-22T04:46:30Z
2026-08-22T04:45:07Z,2026-08-22T06:45:07+0200,81890fbb-3a1d-466f-b50a-dc03bf877707,2026-07-26T21:15:00Z,2026-07-26T23:15:00+0200,41468.29,MW,FR,FR,actual_load,Actual Load,2026-08-22T04:46:30Z
2026-08-22T04:45:07Z,2026-08-22T06:45:07+0200,81890fbb-3a1d-466f-b50a-dc03bf877707,2026-07-26T21:30:00Z,2026-07-26T23:30:00+0200,41846.42,MW,FR,FR,actual_load,Actual Load,2026-08-22T04:46:30Z
2026-08-22T04:45:07Z,2026-08-22T06:45:07+0200,81890fbb-3a1d-466f-b50a-dc03bf877707,2026-07-26T21:45:00Z,2026-07-26T23:45:00+0200,41028.73,MW,FR,FR,actual_load,Actual Load,2026-08-22T04:46:30Z
2026-08-22T04:45:07Z,2026-08-22T06:45:07+0200,81890fbb-3a1d-466f-b50a-dc03bf877707,2026-07-26T22:00:00Z,2026-07-27T00:00:00+0200,41169.63,MW,FR,FR,actual_load,Actual Load,2026-08-22T04:46:30Z
2026-08-22T04:45:07Z,2026-08-22T06:45:07+0200,81890fbb-3a1d-466f-b50a-dc03bf877707,2026-07-26T22:15:00Z,2026-07-27T00:15:00+0200,40035.32,MW,FR,FR,actual_load,Actual Load,2026-08-22T04:46:30Z
2026-08-22T04:45:07Z,2026-08-22T06:45:07+0200,81890fbb-3a1d-466f-b50a-dc03bf877707,2026-07-26T22:30:00Z,2026-07-27T00:30:00+0200,39049.71,MW,FR,FR,actual_load,Actual Load,2026-08-22T04:46:30Z
2026-08-22T04:45:07Z,2026-08-22T06:45:07+0200,81890fbb-3a1d-466f-b50a-dc03bf877707,2026-07-26T22:45:00Z,2026-07-27T00:45:00+0200,38194.91,MW,FR,FR,actual_load,Actual Load,2026-08-22T04:46:30Z
2026-08-22T04:45:07Z,2026-08-22T06:45:07+0200,81890fbb-3a1d-466f-b50a-dc03bf877707,2026-07-26T23:00:00Z,2026-07-27T01:00:00+0200,38443.28,MW,FR,FR,actual_load,Actual Load,2026-08-22T04:46:30Z
2026-08-22T04:45:07Z,2026-08-22T06:45:07+0200,81890fbb-3a1d-466f-b50a-dc03bf877707,2026-07-26T23:15:00Z,2026-07-27T01:15:00+0200,37842.65,MW,FR,FR,actual_load,Actual Load,2026-08-22T04:46:30Z
2026-08-22T04:45:07Z,2026-08-22T06:45:07+0200,81890fbb-3a1d-466f-b50a-dc03bf877707,2026-07-26T23:30:00Z,2026-07-27T01:30:00+0200,37785.43,MW,FR,FR,actual_load,Actual Load,2026-08-22T04:46:30Z
2026-08-22T04:45:07Z,2026-08-22T06:45:07+0200,81890fbb-3a1d-466f-b50a-dc03bf877707,2026-07-26T23:45:00Z,2026-07-27T01:45:00+0200,36884.04,MW,FR,FR,actual_load,Actual Load,2026-08-22T04:46:30Z
2026-08-22T04:45:07Z,2026-08-22T06:45:07+0200,81890fbb-3a1d-466f-b50a-dc03bf877707,2026-07-27T00:00:00Z,2026-07-27T02:00:00+0200,36525.21,MW,FR,FR,actual_load,Actual Load,2026-08-22T04:46:30Z
2026-08-22T04:45:07Z,2026-08-22T06:45:07+0200,81890fbb-3a1d-466f-b50a-dc03bf877707,2026-07-27T00:15:00Z,2026-07-27T02:15:00+0200,35677.91,MW,FR,FR,actual_load,Actual Load,2026-08-22T04:46:30Z
2026-08-22T04:45:07Z,2026-08-22T06:45:07+0200,81890fbb-3a1d-466f-b50a-dc03bf877707,2026-07-27T00:30:00Z,2026-07-27T02:30:00+0200,35003.89,MW,FR,FR,actual_load,Actual Load,2026-08-22T04:46:30Z
2026-08-22T04:45:07Z,2026-08-22T06:45:07+0200,81890fbb-3a1d-466f-b50a-dc03bf877707,2026-07-27T00:45:00Z,2026-07-27T02:45:00+0200,34499.29,MW,FR,FR,actual_load,Actual Load,2026-08-22T04:46:30Z
2026-08-22T04:45:07Z,2026-08-22T06:45:07+0200,81890fbb-3a1d-466f-b50a-dc03bf877707,2026-07-27T01:00:00Z,2026-07-27T03:00:00+0200,34076.53,MW,FR,FR,actual_load,Actual Load,2026-08-22T04:46:30Z
2026-08-22T04:45:07Z,2026-08-22T06:45:07+0200,81890fbb-3a1d-466f-b50a-dc03bf877707,2026-07-27T01:15:00Z,2026-07-27T03:15:00+0200,33739.91,MW,FR,FR,actual_load,Actual Load,2026-08-22T04:46:30Z
2026-08-22T04:45:07Z,2026-08-22T06:45:07+0200,81890fbb-3a1d-466f-b50a-dc03bf877707,2026-07-27T01:30:00Z,2026-07-27T03:30:00+0200,33804.08,MW,FR,FR,actual_load,Actual Load,2026-08-22T04:46:30Z
2026-08-22T04:45:07Z,2026-08-22T06:45:07+0200,81890fbb-3a1d-466f-b50a-dc03bf877707,2026-07-27T01:45:00Z,2026-07-27T03:45:00+0200,33763.5,MW,FR,FR,actual_load,Actual Load,2026-08-22T04:46:30Z
2026-08-22T04:45:07Z,2026-08-22T06:45:07+0200,81890fbb-3a1d-466f-b50a-dc03bf877707,2026-07-27T02:00:00Z,2026-07-27T04:00:00+0200,33796.81,MW,FR,FR,actual_load,Actual Load,2026-08-22T04:46:30Z
2026-08-22T04:45:07Z,2026-08-22T06:45:07+0200,81890fbb-3a1d-466f-b50a-dc03bf877707,2026-07-27T02:15:00Z,2026-07-27T04:15:00+0200,33675.54,MW,FR,FR,actual_load,Actual Load,2026-08-22T04:46:30Z
2026-08-22T04:45:07Z,2026-08-22T06:45:07+0200,81890fbb-3a1d-466f-b50a-dc03bf877707,2026-07-27T02:30:00Z,2026-07-27T04:30:00+0200,33958.0,MW,FR,FR,actual_load,Actual Load,2026-08-22T04:46:30Z
2026-08-22T04:45:07Z,2026-08-22T06:45:07+0200,81890fbb-3a1d-466f-b50a-dc03bf877707,2026-07-27T02:45:00Z,2026-07-27T04:45:00+0200,34266.14,MW,FR,FR,actual_load,Actual Load,2026-08-22T04:46:30Z
2026-08-22T04:45:07Z,2026-08-22T06:45:07+0200,81890fbb-3a1d-466f-b50a-dc03bf877707,2026-07-27T03:00:00Z,2026-07-27T05:00:00+0200,34871.84,MW,FR,FR,actual_load,Actual Load,2026-08-22T04:46:30Z
2026-08-22T04:45:07Z,2026-08-22T06:45:07+0200,81890fbb-3a1d-466f-b50a-dc03bf877707,2026-07-27T03:15:00Z,2026-07-27T05:15:00+0200,35281.07,MW,FR,FR,actual_load,Actual Load,2026-08-22T04:46:30Z
2026-08-22T04:45:07Z,2026-08-22T06:45:07+0200,81890fbb-3a1d-466f-b50a-dc03bf877707,2026-07-27T03:30:00Z,2026-07-27T05:30:00+0200,35722.66,MW,FR,FR,actual_load,Actual Load,2026-08-22T04:46:30Z
2026-08-22T04:45:07Z,2026-08-22T06:45:07+0200,81890fbb-3a1d-466f-b50a-dc03bf877707,2026-07-27T03:45:00Z,2026-07-27T05:45:00+0200,35898.76,MW,FR,FR,actual_load,Actual Load,2026-08-22T04:46:30Z
2026-08-22T04:45:07Z,2026-08-22T06:45:07+0200,81890fbb-3a1d-466f-b50a-dc03bf877707,2026-07-27T04:00:00Z,2026-07-27T06:00:00+0200,36788.84,MW,FR,FR,actual_load,Actual Load,2026-08-22T04:46:30Z
2026-08-22T04:45:07Z,2026-08-22T06:45:07+0200,81890fbb-3a1d-466f-b50a-dc03bf877707,2026-07-27T04:15:00Z,2026-07-27T06:15:00+0200,37392.76,MW,FR,FR,actual_load,Actual Load,2026-08-22T04:46:30Z
2026-08-22T04:45:07Z,2026-08-22T06:45:07+0200,81890fbb-3a1d-466f-b50a-dc03bf877707,2026-07-27T04:30:00Z,2026-07-27T06:30:00+0200,37812.23,MW,FR,FR,actual_load,Actual Load,2026-08-22T04:46:30Z
2026-08-22T04:45:07Z,2026-08-22T06:45:07+0200,81890fbb-3a1d-466f-b50a-dc03bf877707,2026-07-27T04:45:00Z,2026-07-27T06:45:00+0200,38525.68,MW,FR,FR,actual_load,Actual Load,2026-08-22T04:46:30Z
2026-08-22T04:45:07Z,2026-08-22T06:45:07+0200,81890fbb-3a1d-466f-b50a-dc03bf877707,2026-07-27T05:00:00Z,2026-07-27T07:00:00+0200,39322.73,MW,FR,FR,actual_load,Actual Load,2026-08-22T04:46:30Z
2026-08-22T04:45:07Z,2026-08-22T06:45:07+0200,81890fbb-3a1d-466f-b50a-dc03bf877707,2026-07-27T05:15:00Z,2026-07-27T07:15:00+0200,40022.21,MW,FR,FR,actual_load,Actual Load,2026-08-22T04:46:30Z
2026-08-22T04:45:07Z,2026-08-22T06:45:07+0200,81890fbb-3a1d-466f-b50a-dc03bf877707,2026-07-27T05:30:00Z,2026-07-27T07:30:00+0200,40721.22,MW,FR,FR,actual_load,Actual Load,2026-08-22T04:46:30Z
2026-08-22T04:45:07Z,2026-08-22T06:45:07+0200,81890fbb-3a1d-466f-b50a-dc03bf877707,2026-07-27T05:45:00Z,2026-07-27T07:45:00+0200,41447.96,MW,FR,FR,actual_load,Actual Load,2026-08-22T04:46:30Z
2026-08-22T04:45:07Z,2026-08-22T06:45:07+0200,81890fbb-3a1d-466f-b50a-dc03bf877707,2026-07-27T06:00:00Z,2026-07-27T08:00:00+0200,42356.95,MW,FR,FR,actual_load,Actual Load,2026-08-22T04:46:30Z
2026-08-22T04:45:07Z,2026-08-22T06:45:07+0200,81890fbb-3a1d-466f-b50a-dc03bf877707,2026-07-27T06:15:00Z,2026-07-27T08:15:00+0200,42757.89,MW,FR,FR,actual_load,Actual Load,2026-08-22T04:46:30Z
2026-08-22T04:45:07Z,2026-08-22T06:45:07+0200,81890fbb-3a1d-466f-b50a-dc03bf877707,2026-07-27T06:30:00Z,2026-07-27T08:30:00+0200,43446.85,MW,FR,FR,actual_load,Actual Load,2026-08-22T04:46:30Z
2026-08-22T04:45:07Z,2026-08-22T06:45:07+0200,81890fbb-3a1d-466f-b50a-dc03bf877707,2026-07-27T06:45:00Z,2026-07-27T08:45:00+0200,43938.66,MW,FR,FR,actual_load,Actual Load,2026-08-22T04:46:30Z
2026-08-22T04:45:07Z,2026-08-22T06:45:07+0200,81890fbb-3a1d-466f-b50a-dc03bf877707,2026-07-27T07:00:00Z,2026-07-27T09:00:00+0200,44391.77,MW,FR,FR,actual_load,Actual Load,2026-08-22T04:46:30Z
2026-08-22T04:45:07Z,2026-08-22T06:45:07+0200,81890fbb-3a1d-466f-b50a-dc03bf877707,2026-07-27T07:15:00Z,2026-07-27T09:15:00+0200,45115.4,MW,FR,FR,actual_load,Actual Load,2026-08-22T04:46:30Z
2026-08-22T04:45:07Z,2026-08-22T06:45:07+0200,81890fbb-3a1d-466f-b50a-dc03bf877707,2026-07-27T07:30:00Z,2026-07-27T09:30:00+0200,45702.13,MW,FR,FR,actual_load,Actual Load,2026-08-22T04:46:30Z
2026-08-22T04:45:07Z,2026-08-22T06:45:07+0200,81890fbb-3a1d-466f-b50a-dc03bf877707,2026-07-27T07:45:00Z,2026-07-27T09:45:00+0200,45782.98,MW,FR,FR,actual_load,Actual Load,2026-08-22T04:46:30Z
2026-08-22T04:45:07Z,2026-08-22T06:45:07+0200,81890fbb-3a1d-466f-b50a-dc03bf877707,2026-07-27T08:00:00Z,2026-07-27T10:00:00+0200,46146.25,MW,FR,FR,actual_load,Actual Load,2026-08-22T04:46:30Z
2026-08-22T04:45:07Z,2026-08-22T06:45:07+0200,81890fbb-3a1d-466f-b50a-dc03bf877707,2026-07-27T08:15:00Z,2026-07-27T10:15:00+0200,46512.69,MW,FR,FR,actual_load,Actual Load,2026-08-22T04:46:30Z
2026-08-22T04:45:07Z,2026-08-22T06:45:07+0200,81890fbb-3a1d-466f-b50a-dc03bf877707,2026-07-27T08:30:00Z,2026-07-27T10:30:00+0200,46938.02,MW,FR,FR,actual_load,Actual Load,2026-08-22T04:46:30Z
2026-08-22T04:45:07Z,2026-08-22T06:45:07+0200,81890fbb-3a1d-466f-b50a-dc03bf877707,2026-07-27T08:45:00Z,2026-07-27T10:45:00+0200,46830.12,MW,FR,FR,actual_load,Actual Load,2026-08-22T04:46:30Z
2026-08-22T04:45:07Z,2026-08-22T06:45:07+0200,81890fbb-3a1d-466f-b50a-dc03bf877707,2026-07-27T09:00:00Z,2026-07-27T11:00:00+0200,47082.37,MW,FR,FR,actual_load,Actual Load,2026-08-22T04:46:30Z
2026-08-22T04:45:07Z,2026-08-22T06:45:07+0200,81890fbb-3a1d-466f-b50a-dc03bf877707,2026-07-27T09:15:00Z,2026-07-27T11:15:00+0200,47249.72,MW,FR,FR,actual_load,Actual Load,2026-08-22T04:46:30Z
2026-08-22T04:45:07Z,2026-08-22T06:45:07+0200,81890fbb-3a1d-466f-b50a-dc03bf877707,2026-07-27T09:30:00Z,2026-07-27T11:30:00+0200,47517.85,MW,FR,FR,actual_load,Actual Load,2026-08-22T04:46:30Z
2026-08-22T04:45:07Z,2026-08-22T06:45:07+0200,81890fbb-3a1d-466f-b50a-dc03bf877707,2026-07-27T09:45:00Z,2026-07-27T11:45:00+0200,47938.77,MW,FR,FR,actual_load,Actual Load,2026-08-22T04:46:30Z
2026-08-22T04:45:07Z,2026-08-22T06:45:07+0200,81890fbb-3a1d-466f-b50a-dc03bf877707,2026-07-27T10:00:00Z,2026-07-27T12:00:00+0200,48423.69,MW,FR,FR,actual_load,Actual Load,2026-08-22T04:46:30Z
2026-08-22T04:45:07Z,2026-08-22T06:45:07+0200,81890fbb-3a1d-466f-b50a-dc03bf877707,2026-07-27T10:15:00Z,2026-07-27T12:15:00+0200,48477.54,MW,FR,FR,actual_load,Actual Load,2026-08-22T04:46:30Z
2026-08-22T04:45:07Z,2026-08-22T06:45:07+0200,81890fbb-3a1d-466f-b50a-dc03bf877707,2026-07-27T10:30:00Z,2026-07-27T12:30:00+0200,48889.69,MW,FR,FR,actual_load,Actual Load,2026-08-22T04:46:30Z
2026-08-22T04:45:07Z,2026-08-22T06:45:07+0200,81890fbb-3a1d-466f-b50a-dc03bf877707,2026-07-27T10:45:00Z,2026-07-27T12:45:00+0200,48669.61,MW,FR,FR,actual_load,Actual Load,2026-08-22T04:46:30Z
2026-08-22T04:45:07Z,2026-08-22T06:45:07+0200,81890fbb-3a1d-466f-b50a-dc03bf877707,2026-07-27T11:00:00Z,2026-07-27T13:00:00+0200,48419.27,MW,FR,FR,actual_load,Actual Load,2026-08-22T04:46:30Z
2026-08-22T04:45:07Z,2026-08-22T06:45:07+0200,81890fbb-3a1d-466f-b50a-dc03bf877707,2026-07-27T11:15:00Z,2026-07-27T13:15:00+0200,48232.98,MW,FR,FR,actual_load,Actual Load,2026-08-22T04:46:30Z
2026-08-22T04:45:07Z,2026-08-22T06:45:07+0200,81890fbb-3a1d-466f-b50a-dc03bf877707,2026-07-27T11:30:00Z,2026-07-27T13:30:00+0200,48016.46,MW,FR,FR,actual_load,Actual Load,2026-08-22T04:46:30Z
2026-08-22T04:45:07Z,2026-08-22T06:45:07+0200,81890fbb-3a1d-466f-b50a-dc03bf877707,2026-07-27T11:45:00Z,2026-07-27T13:45:00+0200,48190.59,MW,FR,FR,actual_load,Actual Load,2026-08-22T04:46:30Z
2026-08-22T04:45:07Z,2026-08-22T06:45:07+0200,81890fbb-3a1d-466f-b50a-dc03bf877707,2026-07-27T12:00:00Z,2026-07-27T14:00:00+0200,48806.12,MW,FR,FR,actual_load,Actual Load,2026-08-22T04:46:30Z
2026-08-22T04:45:07Z,2026-08-22T06:45:07+0200,81890fbb-3a1d-466f-b50a-dc03bf877707,2026-07-27T12:15:00Z,2026-07-27T14:15:00+0200,48638.06,MW,FR,FR,actual_load,Actual Load,2026-08-22T04:46:30Z
2026-08-22T04:45:07Z,2026-08-22T06:45:07+0200,81890fbb-3a1d-466f-b50a-dc03bf877707,2026-07-27T12:30:00Z,2026-07-27T14:30:00+0200,48614.17,MW,FR,FR,actual_load,Actual Load,2026-08-22T04:46:30Z
2026-08-22T04:45:07Z,2026-08-22T06:45:07+0200,81890fbb-3a1d-466f-b50a-dc03bf877707,2026-07-27T12:45:00Z,2026-07-27T14:45:00+0200,48149.73,MW,FR,FR,actual_load,Actual Load,2026-08-22T04:46:30Z
2026-08-22T04:45:07Z,2026-08-22T06:45:07+0200,81890fbb-3a1d-466f-b50a-dc03bf877707,2026-07-27T13:00:00Z,2026-07-27T15:00:00+0200,48259.56,MW,FR,FR,actual_load,Actual Load,2026-08-22T04:46:30Z
2026-08-22T04:45:07Z,2026-08-22T06:45:07+0200,81890fbb-3a1d-466f-b50a-dc03bf877707,2026-07-27T13:15:00Z,2026-07-27T15:15:00+0200,47428.65,MW,FR,FR,actual_load,Actual Load,2026-08-22T04:46:30Z
2026-08-22T04:45:07Z,2026-08-22T06:45:07+0200,81890fbb-3a1d-466f-b50a-dc03bf877707,2026-07-27T13:30:00Z,2026-07-27T15:30:00+0200,47000.44,MW,FR,FR,actual_load,Actual Load,2026-08-22T04:46:30Z
2026-08-22T04:45:07Z,2026-08-22T06:45:07+0200,81890fbb-3a1d-466f-b50a-dc03bf877707,2026-07-27T13:45:00Z,2026-07-27T15:45:00+0200,46744.64,MW,FR,FR,actual_load,Actual Load,2026-08-22T04:46:30Z
2026-08-22T04:45:07Z,2026-08-22T06:45:07+0200,81890fbb-3a1d-466f-b50a-dc03bf877707,2026-07-27T14:00:00Z,2026-07-27T16:00:00+0200,46360.26,MW,FR,FR,actual_load,Actual Load,2026-08-22T04:46:30Z
2026-08-22T04:45:07Z,2026-08-22T06:45:07+0200,81890fbb-3a1d-466f-b50a-dc03bf877707,2026-07-27T14:15:00Z,2026-07-27T16:15:00+0200,46272.61,MW,FR,FR,actual_load,Actual Load,2026-08-22T04:46:30Z
2026-08-22T04:45:07Z,2026-08-22T06:45:07+0200,81890fbb-3a1d-466f-b50a-dc03bf877707,2026-07-27T14:30:00Z,2026-07-27T16:30:00+0200,46253.32,MW,FR,FR,actual_load,Actual Load,2026-08-22T04:46:30Z
2026-08-22T04:45:07Z,2026-08-22T06:45:07+0200,81890fbb-3a1d-466f-b50a-dc03bf877707,2026-07-27T14:45:00Z,2026-07-27T16:45:00+0200,46283.8,MW,FR,FR,actual_load,Actual Load,2026-08-22T04:46:30Z
2026-08-22T04:45:07Z,2026-08-22T06:45:07+0200,81890fbb-3a1d-466f-b50a-dc03bf877707,2026-07-27T15:00:00Z,2026-07-27T17:00:00+0200,46333.87,MW,FR,FR,actual_load,Actual Load,2026-08-22T04:46:30Z
2026-08-22T04:45:07Z,2026-08-22T06:45:07+0200,81890fbb-3a1d-466f-b50a-dc03bf877707,2026-07-27T15:15:00Z,2026-07-27T17:15:00+0200,46386.56,MW,FR,FR,actual_load,Actual Load,2026-08-22T04:46:30Z
2026-08-22T04:45:07Z,2026-08-22T06:45:07+0200,81890fbb-3a1d-466f-b50a-dc03bf877707,2026-07-27T15:30:00Z,2026-07-27T17:30:00+0200,46340.41,MW,FR,FR,actual_load,Actual Load,2026-08-22T04:46:30Z
2026-08-22T04:45:07Z,2026-08-22T06:45:07+0200,81890fbb-3a1d-466f-b50a-dc03bf877707,2026-07-27T15:45:00Z,2026-07-27T17:45:00+0200,46683.76,MW,FR,FR,actual_load,Actual Load,2026-08-22T04:46:30Z
2026-08-22T04:45:07Z,2026-08-22T06:45:07+0200,81890fbb-3a1d-466f-b50a-dc03bf877707,2026-07-27T16:00:00Z,2026-07-27T18:00:00+0200,46709.8,MW,FR,FR,actual_load,Actual Load,2026-08-22T04:46:30Z
2026-08-22T04:45:07Z,2026-08-22T06:45:07+0200,81890fbb-3a1d-466f-b50a-dc03bf877707,2026-07-27T16:15:00Z,2026-07-27T18:15:00+0200,47169.42,MW,FR,FR,actual_load,Actual Load,2026-08-22T04:46:30Z
2026-08-22T04:45:07Z,2026-08-22T06:45:07+0200,81890fbb-3a1d-466f-b50a-dc03bf877707,2026-07-27T16:30:00Z,2026-07-27T18:30:00+0200,47637.23,MW,FR,FR,actual_load,Actual Load,2026-08-22T04:46:30Z
2026-08-22T04:45:07Z,2026-08-22T06:45:07+0200,81890fbb-3a1d-466f-b50a-dc03bf877707,2026-07-27T16:45:00Z,2026-07-27T18:45:00+0200,48476.3,MW,FR,FR,actual_load,Actual Load,2026-08-22T04:46:30Z
2026-08-22T04:45:07Z,2026-08-22T06:45:07+0200,81890fbb-3a1d-466f-b50a-dc03bf877707,2026-07-27T17:00:00Z,2026-07-27T19:00:00+0200,48509.92,MW,FR,FR,actual_load,Actual Load,2026-08-22T04:46:30Z
2026-08-22T04:45:07Z,2026-08-22T06:45:07+0200,81890fbb-3a1d-466f-b50a-dc03bf877707,2026-07-27T17:15:00Z,2026-07-27T19:15:00+0200,48768.57,MW,FR,FR,actual_load,Actual Load,2026-08-22T04:46:30Z
2026-08-22T04:45:07Z,2026-08-22T06:45:07+0200,81890fbb-3a1d-466f-b50a-dc03bf877707,2026-07-27T17:30:00Z,2026-07-27T19:30:00+0200,48473.07,MW,FR,FR,actual_load,Actual Load,2026-08-22T04:46:30Z
2026-08-22T04:45:07Z,2026-08-22T06:45:07+0200,81890fbb-3a1d-466f-b50a-dc03bf877707,2026-07-27T17:45:00Z,2026-07-27T19:45:00+0200,48245.52,MW,FR,FR,actual_load,Actual Load,2026-08-22T04:46:30Z
2026-08-22T04:45:07Z,2026-08-22T06:45:07+0200,81890fbb-3a1d-466f-b50a-dc03bf877707,2026-07-27T18:00:00Z,2026-07-27T20:00:00+0200,47682.27,MW,FR,FR,actual_load,Actual Load,2026-08-22T04:46:30Z
2026-08-22T04:45:07Z,2026-08-22T06:45:07+0200,81890fbb-3a1d-466f-b50a-dc03bf877707,2026-07-27T18:15:00Z,2026-07-27T20:15:00+0200,46953.78,MW,FR,FR,actual_load,Actual Load,2026-08-22T04:46:30Z
2026-08-22T04:45:07Z,2026-08-22T06:45:07+0200,81890fbb-3a1d-466f-b50a-dc03bf877707,2026-07-27T18:30:00Z,2026-07-27T20:30:00+0200,46379.57,MW,FR,FR,actual_load,Actual Load,2026-08-22T04:46:30Z
2026-08-22T04:45:07Z,2026-08-22T06:45:07+0200,81890fbb-3a1d-466f-b50a-dc03bf877707,2026-07-27T18:45:00Z,2026-07-27T20:45:00+0200,45877.11,MW,FR,FR,actual_load,Actual Load,2026-08-22T04:46:30Z
2026-08-22T04:45:07Z,2026-08-22T06:45:07+0200,81890fbb-3a1d-466f-b50a-dc03bf877707,2026-07-27T19:00:00Z,2026-07-27T21:00:00+0200,45657.92,MW,FR,FR,actual_load,Actual Load,2026-08-22T04:46:30Z
2026-08-22T04:45:07Z,2026-08-22T06:45:07+0200,81890fbb-3a1d-466f-b50a-dc03bf877707,2026-07-27T19:15:00Z,2026-07-27T21:15:00+0200,45228.59,MW,FR,FR,actual_load,Actual Load,2026-08-22T04:46:30Z
2026-08-22T04:45:07Z,2026-08-22T06:45:07+0200,81890fbb-3a1d-466f-b50a-dc03bf877707,2026-07-27T19:30:00Z,2026-07-27T21:30:00+0200,45223.44,MW,FR,FR,actual_load,Actual Load,2026-08-22T04:46:30Z
2026-08-22T04:45:07Z,2026-08-22T06:45:07+0200,81890fbb-3a1d-466f-b50a-dc03bf877707,2026-07-27T19:45:00Z,2026-07-27T21:45:00+0200,45049.54,MW,FR,FR,actual_load,Actual Load,2026-08-22T04:46:30Z
2026-08-22T04:45:07Z,2026-08-22T06:45:07+0200,81890fbb-3a1d-466f-b50a-dc03bf877707,2026-07-27T20:00:00Z,2026-07-27T22:00:00+0200,46134.13,MW,FR,FR,actual_load,Actual Load,2026-08-22T04:46:30Z
2026-08-22T04:45:07Z,2026-08-22T06:45:07+0200,81890fbb-3a1d-466f-b50a-dc03bf877707,2026-07-27T20:15:00Z,2026-07-27T22:15:00+0200,45705.01,MW,FR,FR,actual_load,Actual Load,2026-08-22T04:46:30Z
2026-08-22T04:45:07Z,2026-08-22T06:45:07+0200,81890fbb-3a1d-466f-b50a-dc03bf877707,2026-07-27T20:30:00Z,2026-07-27T22:30:00+0200,46793.53,MW,FR,FR,actual_load,Actual Load,2026-08-22T04:46:30Z
2026-08-22T04:45:07Z,2026-08-22T06:45:07+0200,81890fbb-3a1d-466f-b50a-dc03bf877707,2026-07-27T20:45:00Z,2026-07-27T22:45:00+0200,46095.3,MW,FR,FR,actual_load,Actual Load,2026-08-22T04:46:30Z
2026-08-22T04:45:07Z,2026-08-22T06:45:07+0200,81890fbb-3a1d-466f-b50a-dc03bf877707,2026-07-27T21:00:00Z,2026-07-27T23:00:00+0200,45782.1,MW,FR,FR,actual_load,Actual Load,2026-08-22T04:46:30Z
2026-08-22T04:45:07Z,2026-08-22T06:45:07+0200,81890fbb-3a1d-466f-b50a-dc03bf877707,2026-07-27T21:15:00Z,2026-07-27T23:15:00+0200,44779.94,MW,FR,FR,actual_load,Actual Load,2026-08-22T04:46:30Z
2026-08-22T04:45:07Z,2026-08-22T06:45:07+0200,81890fbb-3a1d-466f-b50a-dc03bf877707,2026-07-27T21:30:00Z,2026-07-27T23:30:00+0200,45038.63,MW,FR,FR,actual_load,Actual Load,2026-08-22T04:46:30Z
2026-08-22T04:45:07Z,2026-08-22T06:45:07+0200,81890fbb-3a1d-466f-b50a-dc03bf877707,2026-07-27T21:45:00Z,2026-07-27T23:45:00+0200,43869.19,MW,FR,FR,actual_load,Actual Load,2026-08-22T04:46:30Z
2026-08-22T04:45:07Z,2026-08-22T06:45:07+0200,81890fbb-3a1d-466f-b50a-dc03bf877707,2026-07-27T22:00:00Z,2026-07-28T00:00:00+0200,43629.07,MW,FR,FR,actual_load,Actual Load,2026-08-22T04:46:30Z
2026-08-22T04:45:07Z,2026-08-22T06:45:07+0200,81890fbb-3a1d-466f-b50a-dc03bf877707,2026-07-27T22:15:00Z,2026-07-28T00:15:00+0200,42513.58,MW,FR,FR,actual_load,Actual Load,2026-08-22T04:46:30Z
2026-08-22T04:45:07Z,2026-08-22T06:45:07+0200,81890fbb-3a1d-466f-b50a-dc03bf877707,2026-07-27T22:30:00Z,2026-07-28T00:30:00+0200,41351.46,MW,FR,FR,actual_load,Actual Load,2026-08-22T04:46:30Z
2026-08-22T04:45:07Z,2026-08-22T06:45:07+0200,81890fbb-3a1d-466f-b50a-dc03bf877707,2026-07-27T22:45:00Z,2026-07-28T00:45:00+0200,40320.82,MW,FR,FR,actual_load,Actual Load,2026-08-22T04:46:30Z
2026-08-22T04:45:07Z,2026-08-22T06:45:07+0200,81890fbb-3a1d-466f-b50a-dc03bf877707,2026-07-27T23:00:00Z,2026-07-28T01:00:00+0200,40574.52,MW,FR,FR,actual_load,Actual Load,2026-08-22T04:46:30Z
2026-08-22T04:45:07Z,2026-08-22T06:45:07+0200,81890fbb-3a1d-466f-b50a-dc03bf877707,2026-07-27T23:15:00Z,2026-07-28T01:15:00+0200,39960.59,MW,FR,FR,actual_load,Actual Load,2026-08-22T04:46:30Z
2026-08-22T04:45:07Z,2026-08-22T06:45:07+0200,81890fbb-3a1d-466f-b50a-dc03bf877707,2026-07-27T23:30:00Z,2026-07-28T01:30:00+0200,39888.55,MW,FR,FR,actual_load,Actual Load,2026-08-22T04:46:30Z
2026-08-22T04:45:07Z,2026-08-22T06:45:07+0200,81890fbb-3a1d-466f-b50a-dc03bf877707,2026-07-27T23:45:00Z,2026-07-28T01:45:00+0200,39054.82,MW,FR,FR,actual_load,Actual Load,2026-08-22T04:46:30Z
2026-08-22T04:45:07Z,2026-08-22T06:45:07+0200,81890fbb-3a1d-466f-b50a-dc03bf877707,2026-07-28T00:00:00Z,2026-07-28T02:00:00+0200,38848.83,MW,FR,FR,actual_load,Actual Load,2026-08-22T04:46:30Z
2026-08-22T04:45:07Z,2026-08-22T06:45:07+0200,81890fbb-3a1d-466f-b50a-dc03bf877707,2026-07-28T00:15:00Z,2026-07-28T02:15:00+0200,38005.49,MW,FR,FR,actual_load,Actual Load,2026-08-22T04:46:30Z
2026-08-22T04:45:07Z,2026-08-22T06:45:07+0200,81890fbb-3a1d-466f-b50a-dc03bf877707,2026-07-28T00:30:00Z,2026-07-28T02:30:00+0200,37379.23,MW,FR,FR,actual_load,Actual Load,2026-08-22T04:46:30Z
2026-08-22T04:45:07Z,2026-08-22T06:45:07+0200,81890fbb-3a1d-466f-b50a-dc03bf877707,2026-07-28T00:45:00Z,2026-07-28T02:45:00+0200,36721.33,MW,FR,FR,actual_load,Actual Load,2026-08-22T04:46:30Z
2026-08-22T04:45:07Z,2026-08-22T06:45:07+0200,81890fbb-3a1d-466f-b50a-dc03bf877707,2026-07-28T01:00:00Z,2026-07-28T03:00:00+0200,36453.58,MW,FR,FR,actual_load,Actual Load,2026-08-22T04:46:30Z
2026-08-22T04:45:07Z,2026-08-22T06:45:07+0200,81890fbb-3a1d-466f-b50a-dc03bf877707,2026-07-28T01:15:00Z,2026-07-28T03:15:00+0200,36062.46,MW,FR,FR,actual_load,Actual Load,2026-08-22T04:46:30Z
2026-08-22T04:45:07Z,2026-08-22T06:45:07+0200,81890fbb-3a1d-466f-b50a-dc03bf877707,2026-07-28T01:30:00Z,2026-07-28T03:30:00+0200,35841.12,MW,FR,FR,actual_load,Actual Load,2026-08-22T04:46:30Z
2026-08-22T04:45:07Z,2026-08-22T06:45:07+0200,81890fbb-3a1d-466f-b50a-dc03bf877707,2026-07-28T01:45:00Z,2026-07-28T03:45:00+0200,35708.23,MW,FR,FR,actual_load,Actual Load,2026-08-22T04:46:30Z
2026-08-22T04:45:07Z,2026-08-22T06:45:07+0200,81890fbb-3a1d-466f-b50a-dc03bf877707,2026-07-28T02:00:00Z,2026-07-28T04:00:00+0200,35653.53,MW,FR,FR,actual_load,Actual Load,2026-08-22T04:46:30Z
2026-08-22T04:45:07Z,2026-08-22T06:45:07+0200,81890fbb-3a1d-466f-b50a-dc03bf877707,2026-07-28T02:15:00Z,2026-07-28T04:15:00+0200,35574.5,MW,FR,FR,actual_load,Actual Load,2026-08-22T04:46:30Z
2026-08-22T04:45:07Z,2026-08-22T06:45:07+0200,81890fbb-3a1d-466f-b50a-dc03bf877707,2026-07-28T02:30:00Z,2026-07-28T04:30:00+0200,35651.33,MW,FR,FR,actual_load,Actual Load,2026-08-22T04:46:30Z
2026-08-22T04:45:07Z,2026-08-22T06:45:07+0200,81890fbb-3a1d-466f-b50a-dc03bf877707,2026-07-28T02:45:00Z,2026-07-28T04:45:00+0200,35695.95,MW,FR,FR,actual_load,Actual Load,2026-08-22T04:46:30Z
2026-08-22T04:45:07Z,2026-08-22T06:45:07+0200,81890fbb-3a1d-466f-b50a-dc03bf877707,2026-07-28T03:00:00Z,2026-07-28T05:00:00+0200,36283.77,MW,FR,FR,actual_load,Actual Load,2026-08-22T04:46:30Z
2026-08-22T04:45:07Z,2026-08-22T06:45:07+0200,81890fbb-3a1d-466f-b50a-dc03bf877707,2026-07-28T03:15:00Z,2026-07-28T05:15:00+0200,36802.0,MW,FR,FR,actual_load,Actual Load,2026-08-22T04:46:30Z
2026-08-22T04:45:07Z,2026-08-22T06:45:07+0200,81890fbb-3a1d-466f-b50a-dc03bf877707,2026-07-28T03:30:00Z,2026-07-28T05:30:00+0200,37077.31,MW,FR,FR,actual_load,Actual Load,2026-08-22T04:46:30Z
2026-08-22T04:45:07Z,2026-08-22T06:45:07+0200,81890fbb-3a1d-466f-b50a-dc03bf877707,2026-07-28T03:45:00Z,2026-07-28T05:45:00+0200,37423.39,MW,FR,FR,actual_load,Actual Load,2026-08-22T04:46:30Z
2026-08-22T04:45:07Z,2026-08-22T06:45:07+0200,81890fbb-3a1d-466f-b50a-dc03bf877707,2026-07-28T04:00:00Z,2026-07-28T06:00:00+0200,38130.8,MW,FR,FR,actual_load,Actual Load,2026-08-22T04:46:30Z
2026-08-22T04:45:07Z,2026-08-22T06:45:07+0200,81890fbb-3a1d-466f-b50a-dc03bf877707,2026-07-28T04:15:00Z,2026-07-28T06:15:00+0200,38654.5,MW,FR,FR,actual_load,Actual Load,2026-08-22T04:46:30Z
2026-08-22T04:45:07Z,2026-08-22T06:45:07+0200,81890fbb-3a1d-466f-b50a-dc03bf877707,2026-07-28T04:30:00Z,2026-07-28T06:30:00+0200,38983.82,MW,FR,FR,actual_load,Actual Load,2026-08-22T04:46:30Z
2026-08-22T04:45:07Z,2026-08-22T06:45:07+0200,81890fbb-3a1d-466f-b50a-dc03bf877707,2026-07-28T04:45:00Z,2026-07-28T06:45:00+0200,39529.8,MW,FR,FR,actual_load,Actual Load,2026-08-22T04:46:30Z
2026-08-22T04:45:07Z,2026-08-22T06:45:07+0200,81890fbb-3a1d-466f-b50a-dc03bf877707,2026-07-28T05:00:00Z,2026-07-28T07:00:00+0200,40265.67,MW,FR,FR,actual_load,Actual Load,2026-08-22T04:46:30Z
2026-08-22T04:45:07Z,2026-08-22T06:45:07+0200,81890fbb-3a1d-466f-b50a-dc03bf877707,2026-07-28T05:15:00Z,2026-07-28T07:15:00+0200,40919.09,MW,FR,FR,actual_load,Actual Load,2026-08-22T04:46:30Z
2026-08-22T04:45:07Z,2026-08-22T06:45:07+0200,81890fbb-3a1d-466f-b50a-dc03bf877707,2026-07-28T05:30:00Z,2026-07-28T07:30:00+0200,41390.82,MW,FR,FR,actual_load,Actual Load,2026-08-22T04:46:30Z
2026-08-22T04:45:07Z,2026-08-22T06:45:07+0200,81890fbb-3a1d-466f-b50a-dc03bf877707,2026-07-28T05:45:00Z,2026-07-28T07:45:00+0200,42127.18,MW,FR,FR,actual_load,Actual Load,2026-08-22T04:46:30Z
2026-08-22T04:45:07Z,2026-08-22T06:45:07+0200,81890fbb-3a1d-466f-b50a-dc03bf877707,2026-07-28T06:00:00Z,2026-07-28T08:00:00+0200,42962.78,MW,FR,FR,actual_load,Actual Load,2026-08-22T04:46:30Z
2026-08-22T04:45:07Z,2026-08-22T06:45:07+0200,81890fbb-3a1d-466f-b50a-dc03bf877707,2026-07-28T06:15:00Z,2026-07-28T08:15:00+0200,43633.98,MW,FR,FR,actual_load,Actual Load,2026-08-22T04:46:30Z
2026-08-22T04:45:07Z,2026-08-22T06:45:07+0200,81890fbb-3a1d-466f-b50a-dc03bf877707,2026-07-28T06:30:00Z,2026-07-28T08:30:00+0200,44114.37,MW,FR,FR,actual_load,Actual Load,2026-08-22T04:46:30Z
2026-08-22T04:45:07Z,2026-08-22T06:45:07+0200,81890fbb-3a1d-466f-b50a-dc03bf877707,2026-07-28T06:45:00Z,2026-07-28T08:45:00+0200,44662.16,MW,FR,FR,actual_load,Actual Load,2026-08-22T04:46:30Z
2026-08-22T04:45:07Z,2026-08-22T06:45:07+0200,81890fbb-3a1d-466f-b50a-dc03bf877707,2026-07-28T07:00:00Z,2026-07-28T09:00:00+0200,45109.27,MW,FR,FR,actual_load,Actual Load,2026-08-22T04:46:30Z
2026-08-22T04:45:07Z,2026-08-22T06:45:07+0200,81890fbb-3a1d-466f-b50a-dc03bf877707,2026-07-28T07:15:00Z,2026-07-28T09:15:00+0200,45656.18,MW,FR,FR,actual_load,Actual Load,2026-08-22T04:46:30Z
2026-08-22T04:45:07Z,2026-08-22T06:45:07+0200,81890fbb-3a1d-466f-b50a-dc03bf877707,2026-07-28T07:30:00Z,2026-07-28T09:30:00+0200,46305.61,MW,FR,FR,actual_load,Actual Load,2026-08-22T04:46:30Z
2026-08-22T04:45:07Z,2026-08-22T06:45:07+0200,81890fbb-3a1d-466f-b50a-dc03bf877707,2026-07-28T07:45:00Z,2026-07-28T09:45:00+0200,46693.03,MW,FR,FR,actual_load,Actual Load,2026-08-22T04:46:30Z
2026-08-22T04:45:07Z,2026-08-22T06:45:07+0200,81890fbb-3a1d-466f-b50a-dc03bf877707,2026-07-28T08:00:00Z,2026-07-28T10:00:00+0200,47442.39,MW,FR,FR,actual_load,Actual Load,2026-08-22T04:46:30Z
2026-08-22T04:45:07Z,2026-08-22T06:45:07+0200,81890fbb-3a1d-466f-b50a-dc03bf877707,2026-07-28T08:15:00Z,2026-07-28T10:15:00+0200,47650.15,MW,FR,FR,actual_load,Actual Load,2026-08-22T04:46:30Z
2026-08-22T04:45:07Z,2026-08-22T06:45:07+0200,81890fbb-3a1d-466f-b50a-dc03bf877707,2026-07-28T08:30:00Z,2026-07-28T10:30:00+0200,47192.45,MW,FR,FR,actual_load,Actual Load,2026-08-22T04:46:30Z
2026-08-22T04:45:07Z,2026-08-22T06:45:07+0200,81890fbb-3a1d-466f-b50a-dc03bf877707,2026-07-28T08:45:00Z,2026-07-28T10:45:00+0200,47235.74,MW,FR,FR,actual_load,Actual Load,2026-08-22T04:46:30Z
2026-08-22T04:45:07Z,2026-08-22T06:45:07+0200,81890fbb-3a1d-466f-b50a-dc03bf877707,2026-07-28T09:00:00Z,2026-07-28T11:00:00+0200,47618.16,MW,FR,FR,actual_load,Actual Load,2026-08-22T04:46:30Z
2026-08-22T04:45:07Z,2026-08-22T06:45:07+0200,81890fbb-3a1d-466f-b50a-dc03bf877707,2026-07-28T09:15:00Z,2026-07-28T11:15:00+0200,48074.65,MW,FR,FR,actual_load,Actual Load,2026-08-22T04:46:30Z
2026-08-22T04:45:07Z,2026-08-22T06:45:07+0200,81890fbb-3a1d-466f-b50a-dc03bf877707,2026-07-28T09:30:00Z,2026-07-28T11:30:00+0200,48344.29,MW,FR,FR,actual_load,Actual Load,2026-08-22T04:46:30Z
2026-08-22T04:45:07Z,2026-08-22T06:45:07+0200,81890fbb-3a1d-466f-b50a-dc03bf877707,2026-07-28T09:45:00Z,2026-07-28T11:45:00+0200,48844.54,MW,FR,FR,actual_load,Actual Load,2026-08-22T04:46:30Z
2026-08-22T04:45:07Z,2026-08-22T06:45:07+0200,81890fbb-3a1d-466f-b50a-dc03bf877707,2026-07-28T10:00:00Z,2026-07-28T12:00:00+0200,49894.5,MW,FR,FR,actual_load,Actual Load,2026-08-22T04:46:30Z
2026-08-22T04:45:07Z,2026-08-22T06:45:07+0200,81890fbb-3a1d-466f-b50a-dc03bf877707,2026-07-28T10:15:00Z,2026-07-28T12:15:00+0200,50818.05,MW,FR,FR,actual_load,Actual Load,2026-08-22T04:46:30Z
2026-08-22T04:45:07Z,2026-08-22T06:45:07+0200,81890fbb-3a1d-466f-b50a-dc03bf877707,2026-07-28T10:30:00Z,2026-07-28T12:30:00+0200,51003.79,MW,FR,FR,actual_load,Actual Load,2026-08-22T04:46:30Z
2026-08-22T04:45:07Z,2026-08-22T06:45:07+0200,81890fbb-3a1d-466f-b50a-dc03bf877707,2026-07-28T10:45:00Z,2026-07-28T12:45:00+0200,50767.0,MW,FR,FR,actual_load,Actual Load,2026-08-22T04:46:30Z
2026-08-22T04:45:07Z,2026-08-22T06:45:07+0200,81890fbb-3a1d-466f-b50a-dc03bf877707,2026-07-28T11:00:00Z,2026-07-28T13:00:00+0200,50502.74,MW,FR,FR,actual_load,Actual Load,2026-08-22T04:46:30Z
2026-08-22T04:45:07Z,2026-08-22T06:45:07+0200,81890fbb-3a1d-466f-b50a-dc03bf877707,2026-07-28T11:15:00Z,2026-07-28T13:15:00+0200,50125.38,MW,FR,FR,actual_load,Actual Load,2026-08-22T04:46:30Z
2026-08-22T04:45:07Z,2026-08-22T06:45:07+0200,81890fbb-3a1d-466f-b50a-dc03bf877707,2026-07-28T11:30:00Z,2026-07-28T13:30:00+0200,50071.62,MW,FR,FR,actual_load,Actual Load,2026-08-22T04:46:30Z
2026-08-22T04:45:07Z,2026-08-22T06:45:07+0200,81890fbb-3a1d-466f-b50a-dc03bf877707,2026-07-28T11:45:00Z,2026-07-28T13:45:00+0200,50204.5,MW,FR,FR,actual_load,Actual Load,2026-08-22T04:46:30Z
2026-08-22T04:45:07Z,2026-08-22T06:45:07+0200,81890fbb-3a1d-466f-b50a-dc03bf877707,2026-07-28T12:00:00Z,2026-07-28T14:00:00+0200,51130.16,MW,FR,FR,actual_load,Actual Load,2026-08-22T04:46:30Z
2026-08-22T04:45:07Z,2026-08-22T06:45:07+0200,81890fbb-3a1d-466f-b50a-dc03bf877707,2026-07-28T12:15:00Z,2026-07-28T14:15:00+0200,51372.84,MW,FR,FR,actual_load,Actual Load,2026-08-22T04:46:30Z
2026-08-22T04:45:07Z,2026-08-22T06:45:07+0200,81890fbb-3a1d-466f-b50a-dc03bf877707,2026-07-28T12:30:00Z,2026-07-28T14:30:00+0200,51473.88,MW,FR,FR,actual_load,Actual Load,2026-08-22T04:46:30Z
2026-08-22T04:45:07Z,2026-08-22T06:45:07+0200,81890fbb-3a1d-466f-b50a-dc03bf877707,2026-07-28T12:45:00Z,2026-07-28T14:45:00+0200,51170.81,MW,FR,FR,actual_load,Actual Load,2026-08-22T04:46:30Z
2026-08-22T04:45:07Z,2026-08-22T06:45:07+0200,81890fbb-3a1d-466f-b50a-dc03bf877707,2026-07-28T13:00:00Z,2026-07-28T15:00:00+0200,51075.21,MW,FR,FR,actual_load,Actual Load,2026-08-22T04:46:30Z
2026-08-22T04:45:07Z,2026-08-22T06:45:07+0200,81890fbb-3a1d-466f-b50a-dc03bf877707,2026-07-28T13:15:00Z,2026-07-28T15:15:00+0200,50635.01,MW,FR,FR,actual_load,Actual Load,2026-08-22T04:46:30Z
2026-08-22T04:45:07Z,2026-08-22T06:45:07+0200,81890fbb-3a1d-466f-b50a-dc03bf877707,2026-07-28T13:30:00Z,2026-07-28T15:30:00+0200,50191.09,MW,FR,FR,actual_load,Actual Load,2026-08-22T04:46:30Z
2026-08-22T04:45:07Z,2026-08-22T06:45:07+0200,81890fbb-3a1d-466f-b50a-dc03bf877707,2026-07-28T13:45:00Z,2026-07-28T15:45:00+0200,49753.22,MW,FR,FR,actual_load,Actual Load,2026-08-22T04:46:30Z
2026-08-22T04:45:07Z,2026-08-22T06:45:07+0200,81890fbb-3a1d-466f-b50a-dc03bf877707,2026-07-28T14:00:00Z,2026-07-28T16:00:00+0200,49728.06,MW,FR,FR,actual_load,Actual Load,2026-08-22T04:46:30Z
2026-08-22T04:45:07Z,2026-08-22T06:45:07+0200,81890fbb-3a1d-466f-b50a-dc03bf877707,2026-07-28T14:15:00Z,2026-07-28T16:15:00+0200,49598.42,MW,FR,FR,actual_load,Actual Load,2026-08-22T04:46:30Z
2026-08-22T04:45:07Z,2026-08-22T06:45:07+0200,81890fbb-3a1d-466f-b50a-dc03bf877707,2026-07-28T14:30:00Z,2026-07-28T16:30:00+0200,49423.0,MW,FR,FR,actual_load,Actual Load,2026-08-22T04:46:30Z
2026-08-22T04:45:07Z,2026-08-22T06:45:07+0200,81890fbb-3a1d-466f-b50a-dc03bf877707,2026-07-28T14:45:00Z,2026-07-28T16:45:00+0200,49389.6,MW,FR,FR,actual_load,Actual Load,2026-08-22T04:46:30Z
2026-08-22T04:45:07Z,2026-08-22T06:45:07+0200,81890fbb-3a1d-466f-b50a-dc03bf877707,2026-07-28T15:00:00Z,2026-07-28T17:00:00+0200,49211.45,MW,FR,FR,actual_load,Actual Load,2026-08-22T04:46:30Z
2026-08-22T04:45:07Z,2026-08-22T06:45:07+0200,81890fbb-3a1d-466f-b50a-dc03bf877707,2026-07-28T15:15:00Z,2026-07-28T17:15:00+0200,49287.98,MW,FR,FR,actual_load,Actual Load,2026-08-22T04:46:30Z
2026-08-22T04:45:07Z,2026-08-22T06:45:07+0200,81890fbb-3a1d-466f-b50a-dc03bf877707,2026-07-28T15:30:00Z,2026-07-28T17:30:00+0200,49370.76,MW,FR,FR,actual_load,Actual Load,2026-08-22T04:46:30Z
2026-08-22T04:45:07Z,2026-08-22T06:45:07+0200,81890fbb-3a1d-466f-b50a-dc03bf877707,2026-07-28T15:45:00Z,2026-07-28T17:45:00+0200,49754.41,MW,FR,FR,actual_load,Actual Load,2026-08-22T04:46:30Z
2026-08-22T04:45:07Z,2026-08-22T06:45:07+0200,81890fbb-3a1d-466f-b50a-dc03bf877707,2026-07-28T16:00:00Z,2026-07-28T18:00:00+0200,50196.04,MW,FR,FR,actual_load,Actual Load,2026-08-22T04:46:30Z
2026-08-22T04:45:07Z,2026-08-22T06:45:07+0200,81890fbb-3a1d-466f-b50a-dc03bf877707,2026-07-28T16:15:00Z,2026-07-28T18:15:00+0200,50464.52,MW,FR,FR,actual_load,Actual Load,2026-08-22T04:46:30Z
2026-08-22T04:45:07Z,2026-08-22T06:45:07+0200,81890fbb-3a1d-466f-b50a-dc03bf877707,2026-07-28T16:30:00Z,2026-07-28T18:30:00+0200,50841.03,MW,FR,FR,actual_load,Actual Load,2026-08-22T04:46:30Z
2026-08-22T04:45:07Z,2026-08-22T06:45:07+0200,81890fbb-3a1d-466f-b50a-dc03bf877707,2026-07-28T16:45:00Z,2026-07-28T18:45:00+0200,51369.0,MW,FR,FR,actual_load,Actual Load,2026-08-22T04:46:30Z
2026-08-22T04:45:07Z,2026-08-22T06:45:07+0200,81890fbb-3a1d-466f-b50a-dc03bf877707,2026-07-28T17:00:00Z,2026-07-28T19:00:00+0200,51583.31,MW,FR,FR,actual_load,Actual Load,2026-08-22T04:46:30Z
2026-08-22T04:45:07Z,2026-08-22T06:45:07+0200,81890fbb-3a1d-466f-b50a-dc03bf877707,2026-07-28T17:15:00Z,2026-07-28T19:15:00+0200,51504.26,MW,FR,FR,actual_load,Actual Load,2026-08-22T04:46:30Z
2026-08-22T04:45:07Z,2026-08-22T06:45:07+0200,81890fbb-3a1d-466f-b50a-dc03bf877707,2026-07-28T17:30:00Z,2026-07-28T19:30:00+0200,51374.59,MW,FR,FR,actual_load,Actual Load,2026-08-22T04:46:30Z
2026-08-22T04:45:07Z,2026-08-22T06:45:07+0200,81890fbb-3a1d-466f-b50a-dc03bf877707,2026-07-28T17:45:00Z,2026-07-28T19:45:00+0200,51085.07,MW,FR,FR,actual_load,Actual Load,2026-08-22T04:46:30Z
2026-08-22T04:45:07Z,2026-08-22T06:45:07+0200,81890fbb-3a1d-466f-b50a-dc03bf877707,2026-07-28T18:00:00Z,2026-07-28T20:00:00+0200,50492.13,MW,FR,FR,actual_load,Actual Load,2026-08-22T04:46:30Z
2026-08-22T04:45:07Z,2026-08-22T06:45:07+0200,81890fbb-3a1d-466f-b50a-dc03bf877707,2026-07-28T18:15:00Z,2026-07-28T20:15:00+0200,49688.44,MW,FR,FR,actual_load,Actual Load,2026-08-22T04:46:30Z
2026-08-22T04:45:07Z,2026-08-22T06:45:07+0200,81890fbb-3a1d-466f-b50a-dc03bf877707,2026-07-28T18:30:00Z,2026-07-28T20:30:00+0200,48991.12,MW,FR,FR,actual_load,Actual Load,2026-08-22T04:46:30Z
2026-08-22T04:45:07Z,2026-08-22T06:45:07+0200,81890fbb-3a1d-466f-b50a-dc03bf877707,2026-07-28T18:45:00Z,2026-07-28T20:45:00+0200,48383.75,MW,FR,FR,actual_load,Actual Load,2026-08-22T04:46:30Z
2026-08-22T04:45:07Z,2026-08-22T06:45:07+0200,81890fbb-3a1d-466f-b50a-dc03bf877707,2026-07-28T19:00:00Z,2026-07-28T21:00:00+0200,48064.31,MW,FR,FR,actual_load,Actual Load,2026-08-22T04:46:30Z
2026-08-22T04:45:07Z,2026-08-22T06:45:07+0200,81890fbb-3a1d-466f-b50a-dc03bf877707,2026-07-28T19:15:00Z,2026-07-28T21:15:00+0200,47617.3,MW,FR,FR,actual_load,Actual Load,2026-08-22T04:46:30Z
2026-08-22T04:45:07Z,2026-08-22T06:45:07+0200,81890fbb-3a1d-466f-b50a-dc03bf877707,2026-07-28T19:30:00Z,2026-07-28T21:30:00+0200,47393.56,MW,FR,FR,actual_load,Actual Load,2026-08-22T04:46:30Z
2026-08-22T04:45:07Z,2026-08-22T06:45:07+0200,81890fbb-3a1d-466f-b50a-dc03bf877707,2026-07-28T19:45:00Z,2026-07-28T21:45:00+0200,47071.39,MW,FR,FR,actual_load,Actual Load,2026-08-22T04:46:30Z
2026-08-22T04:45:07Z,2026-08-22T06:45:07+0200,81890fbb-3a1d-466f-b50a-dc03bf877707,2026-07-28T20:00:00Z,2026-07-28T22:00:00+0200,48150.99,MW,FR,FR,actual_load,Actual Load,2026-08-22T04:46:30Z
2026-08-22T04:45:07Z,2026-08-22T06:45:07+0200,81890fbb-3a1d-466f-b50a-dc03bf877707,2026-07-28T20:15:00Z,2026-07-28T22:15:00+0200,47805.15,MW,FR,FR,actual_load,Actual Load,2026-08-22T04:46:30Z
2026-08-22T04:45:07Z,2026-08-22T06:45:07+0200,81890fbb-3a1d-466f-b50a-dc03bf877707,2026-07-28T20:30:00Z,2026-07-28T22:30:00+0200,48827.96,MW,FR,FR,actual_load,Actual Load,2026-08-22T04:46:30Z
2026-08-22T04:45:07Z,2026-08-22T06:45:07+0200,81890fbb-3a1d-466f-b50a-dc03bf877707,2026-07-28T20:45:00Z,2026-07-28T22:45:00+0200,47974.35,MW,FR,FR,actual_load,Actual Load,2026-08-22T04:46:30Z
2026-08-22T04:45:07Z,2026-08-22T06:45:07+0200,81890fbb-3a1d-466f-b50a-dc03bf877707,2026-07-28T21:00:00Z,2026-07-28T23:00:00+0200,47475.35,MW,FR,FR,actual_load,Actual Load,2026-08-22T04:46:30Z
2026-08-22T04:45:07Z,2026-08-22T06:45:07+0200,81890fbb-3a1d-466f-b50a-dc03bf877707,2026-07-28T21:15:00Z,2026-07-28T23:15:00+0200,46528.86,MW,FR,FR,actual_load,Actual Load,2026-08-22T04:46:30Z
2026-08-22T04:45:07Z,2026-08-22T06:45:07+0200,81890fbb-3a1d-466f-b50a-dc03bf877707,2026-07-28T21:30:00Z,2026-07-28T23:30:00+0200,46672.94,MW,FR,FR,actual_load,Actual Load,2026-08-22T04:46:30Z
2026-08-22T04:45:07Z,2026-08-22T06:45:07+0200,81890fbb-3a1d-466f-b50a-dc03bf877707,2026-07-28T21:45:00Z,2026-07-28T23:45:00+0200,45566.58,MW,FR,FR,actual_load,Actual Load,2026-08-22T04:46:30Z
2026-08-22T04:45:07Z,2026-08-22T06:45:07+0200,81890fbb-3a1d-466f-b50a-dc03bf877707,2026-07-28T22:00:00Z,2026-07-29T00:00:00+0200,45300.77,MW,FR,FR,actual_load,Actual Load,2026-08-22T04:46:30Z
2026-08-22T04:45:07Z,2026-08-22T06:45:07+0200,81890fbb-3a1d-466f-b50a-dc03bf877707,2026-07-28T22:15:00Z,2026-07-29T00:15:00+0200,44295.08,MW,FR,FR,actual_load,Actual Load,2026-08-22T04:46:30Z
2026-08-22T04:45:07Z,2026-08-22T06:45:07+0200,81890fbb-3a1d-466f-b50a-dc03bf877707,2026-07-28T22:30:00Z,2026-07-29T00:30:00+0200,42761.64,MW,FR,FR,actual_load,Actual Load,2026-08-22T04:46:30Z
2026-08-22T04:45:07Z,2026-08-22T06:45:07+0200,81890fbb-3a1d-466f-b50a-dc03bf877707,2026-07-28T22:45:00Z,2026-07-29T00:45:00+0200,41705.72,MW,FR,FR,actual_load,Actual Load,2026-08-22T04:46:30Z
2026-08-22T04:45:07Z,2026-08-22T06:45:07+0200,81890fbb-3a1d-466f-b50a-dc03bf877707,2026-07-28T23:00:00Z,2026-07-29T01:00:00+0200,42014.8,MW,FR,FR,actual_load,Actual Load,2026-08-22T04:46:30Z
2026-08-22T04:45:07Z,2026-08-22T06:45:07+0200,81890fbb-3a1d-466f-b50a-dc03bf877707,2026-07-28T23:15:00Z,2026-07-29T01:15:00+0200,41379.22,MW,FR,FR,actual_load,Actual Load,2026-08-22T04:46:30Z
2026-08-22T04:45:07Z,2026-08-22T06:45:07+0200,81890fbb-3a1d-466f-b50a-dc03bf877707,2026-07-28T23:30:00Z,2026-07-29T01:30:00+0200,41142.1,MW,FR,FR,actual_load,Actual Load,2026-08-22T04:46:30Z
2026-08-22T04:45:07Z,2026-08-22T06:45:07+0200,81890fbb-3a1d-466f-b50a-dc03bf877707,2026-07-28T23:45:00Z,2026-07-29T01:45:00+0200,40300.27,MW,FR,FR,actual_load,Actual Load,2026-08-22T04:46:30Z
2026-08-22T04:45:07Z,2026-08-22T06:45:07+0200,81890fbb-3a1d-466f-b50a-dc03bf877707,2026-07-29T00:00:00Z,2026-07-29T02:00:00+0200,40023.96,MW,FR,FR,actual_load,Actual Load,2026-08-22T04:46:30Z
2026-08-22T04:45:07Z,2026-08-22T06:45:07+0200,81890fbb-3a1d-466f-b50a-dc03bf877707,2026-07-29T00:15:00Z,2026-07-29T02:15:00+0200,39234.34,MW,FR,FR,actual_load,Actual Load,2026-08-22T04:46:30Z
2026-08-22T04:45:07Z,2026-08-22T06:45:07+0200,81890fbb-3a1d-466f-b50a-dc03bf877707,2026-07-29T00:30:00Z,2026-07-29T02:30:00+0200,38539.44,MW,FR,FR,actual_load,Actual Load,2026-08-22T04:46:30Z
2026-08-22T04:45:07Z,2026-08-22T06:45:07+0200,81890fbb-3a1d-466f-b50a-dc03bf877707,2026-07-29T00:45:00Z,2026-07-29T02:45:00+0200,37785.67,MW,FR,FR,actual_load,Actual Load,2026-08-22T04:46:30Z
2026-08-22T04:45:07Z,2026-08-22T06:45:07+0200,81890fbb-3a1d-466f-b50a-dc03bf877707,2026-07-29T01:00:00Z,2026-07-29T03:00:00+0200,37393.53,MW,FR,FR,actual_load,Actual Load,2026-08-22T04:46:30Z
2026-08-22T04:45:07Z,2026-08-22T06:45:07+0200,81890fbb-3a1d-466f-b50a-dc03bf877707,2026-07-29T01:15:00Z,2026-07-29T03:15:00+0200,37041.14,MW,FR,FR,actual_load,Actual Load,2026-08-22T04:46:30Z
2026-08-22T04:45:07Z,2026-08-22T06:45:07+0200,81890fbb-3a1d-466f-b50a-dc03bf877707,2026-07-29T01:30:00Z,2026-07-29T03:30:00+0200,36829.27,MW,FR,FR,actual_load,Actual Load,2026-08-22T04:46:30Z
2026-08-22T04:45:07Z,2026-08-22T06:45:07+0200,81890fbb-3a1d-466f-b50a-dc03bf877707,2026-07-29T01:45:00Z,2026-07-29T03:45:00+0200,36628.53,MW,FR,FR,actual_load,Actual Load,2026-08-22T04:46:30Z
2026-08-22T04:45:07Z,2026-08-22T06:45:07+0200,81890fbb-3a1d-466f-b50a-dc03bf877707,2026-07-29T02:00:00Z,2026-07-29T04:00:00+0200,36574.93,MW,FR,FR,actual_load,Actual Load,2026-08-22T04:46:30Z
2026-08-22T04:45:07Z,2026-08-22T06:45:07+0200,81890fbb-3a1d-466f-b50a-dc03bf877707,2026-07-29T02:15:00Z,2026-07-29T04:15:00+0200,36566.6,MW,FR,FR,actual_load,Actual Load,2026-08-22T04:46:30Z
2026-08-22T04:45:07Z,2026-08-22T06:45:07+0200,81890fbb-3a1d-466f-b50a-dc03bf877707,2026-07-29T02:30:00Z,2026-07-29T04:30:00+0200,36535.84,MW,FR,FR,actual_load,Actual Load,2026-08-22T04:46:30Z
2026-08-22T04:45:07Z,2026-08-22T06:45:07+0200,81890fbb-3a1d-466f-b50a-dc03bf877707,2026-07-29T02:45:00Z,2026-07-29T04:45:00+0200,36545.73,MW,FR,FR,actual_load,Actual Load,2026-08-22T04:46:30Z
2026-08-22T04:45:07Z,2026-08-22T06:45:07+0200,81890fbb-3a1d-466f-b50a-dc03bf877707,2026-07-29T03:00:00Z,2026-07-29T05:00:00+0200,37144.8,MW,FR,FR,actual_load,Actual Load,2026-08-22T04:46:30Z
2026-08-22T04:45:07Z,2026-08-22T06:45:07+0200,81890fbb-3a1d-466f-b50a-dc03bf877707,2026-07-29T03:15:00Z,2026-07-29T05:15:00+0200,37571.53,MW,FR,FR,actual_load,Actual Load,2026-08-22T04:46:30Z
2026-08-22T04:45:07Z,2026-08-22T06:45:07+0200,81890fbb-3a1d-466f-b50a-dc03bf877707,2026-07-29T03:30:00Z,2026-07-29T05:30:00+0200,37901.05,MW,FR,FR,actual_load,Actual Load,2026-08-22T04:46:30Z
2026-08-22T04:45:07Z,2026-08-22T06:45:07+0200,81890fbb-3a1d-466f-b50a-dc03bf877707,2026-07-29T03:45:00Z,2026-07-29T05:45:00+0200,38353.84,MW,FR,FR,actual_load,Actual Load,2026-08-22T04:46:30Z
2026-08-22T04:45:07Z,2026-08-22T06:45:07+0200,81890fbb-3a1d-466f-b50a-dc03bf877707,2026-07-29T04:00:00Z,2026-07-29T06:00:00+0200,39027.18,MW,FR,FR,actual_load,Actual Load,2026-08-22T04:46:30Z
2026-08-22T04:45:07Z,2026-08-22T06:45:07+0200,81890fbb-3a1d-466f-b50a-dc03bf877707,2026-07-29T04:15:00Z,2026-07-29T06:15:00+0200,39524.27,MW,FR,FR,actual_load,Actual Load,2026-08-22T04:46:30Z
2026-08-22T04:45:07Z,2026-08-22T06:45:07+0200,81890fbb-3a1d-466f-b50a-dc03bf877707,2026-07-29T04:30:00Z,2026-07-29T06:30:00+0200,39894.19,MW,FR,FR,actual_load,Actual Load,2026-08-22T04:46:30Z
2026-08-22T04:45:07Z,2026-08-22T06:45:07+0200,81890fbb-3a1d-466f-b50a-dc03bf877707,2026-07-29T04:45:00Z,2026-07-29T06:45:00+0200,40304.34,MW,FR,FR,actual_load,Actual Load,2026-08-22T04:46:30Z
2026-08-22T04:45:07Z,2026-08-22T06:45:07+0200,81890fbb-3a1d-466f-b50a-dc03bf877707,2026-07-29T05:00:00Z,2026-07-29T07:00:00+0200,41003.81,MW,FR,FR,actual_load,Actual Load,2026-08-22T04:46:30Z
2026-08-22T04:45:07Z,2026-08-22T06:45:07+0200,81890fbb-3a1d-466f-b50a-dc03bf877707,2026-07-29T05:15:00Z,2026-07-29T07:15:00+0200,41688.96,MW,FR,FR,actual_load,Actual Load,2026-08-22T04:46:30Z
2026-08-22T04:45:07Z,2026-08-22T06:45:07+0200,81890fbb-3a1d-466f-b50a-dc03bf877707,2026-07-29T05:30:00Z,2026-07-29T07:30:00+0200,42306.98,MW,FR,FR,actual_load,Actual Load,2026-08-22T04:46:30Z
2026-08-22T04:45:07Z,2026-08-22T06:45:07+0200,81890fbb-3a1d-466f-b50a-dc03bf877707,2026-07-29T05:45:00Z,2026-07-29T07:45:00+0200,43012.57,MW,FR,FR,actual_load,Actual Load,2026-08-22T04:46:30Z
2026-08-22T04:45:07Z,2026-08-22T06:45:07+0200,81890fbb-3a1d-466f-b50a-dc03bf877707,2026-07-29T06:00:00Z,2026-07-29T08:00:00+0200,43917.16,MW,FR,FR,actual_load,Actual Load,2026-08-22T04:46:30Z
2026-08-22T04:45:07Z,2026-08-22T06:45:07+0200,81890fbb-3a1d-466f-b50a-dc03bf877707,2026-07-29T06:15:00Z,2026-07-29T08:15:00+0200,44584.79,MW,FR,FR,actual_load,Actual Load,2026-08-22T04:46:30Z
2026-08-22T04:45:07Z,2026-08-22T06:45:07+0200,81890fbb-3a1d-466f-b50a-dc03bf877707,2026-07-29T06:30:00Z,2026-07-29T08:30:00+0200,45166.66,MW,FR,FR,actual_load,Actual Load,2026-08-22T04:46:30Z
2026-08-22T04:45:07Z,2026-08-22T06:45:07+0200,81890fbb-3a1d-466f-b50a-dc03bf877707,2026-07-29T06:45:00Z,2026-07-29T08:45:00+0200,45671.87,MW,FR,FR,actual_load,Actual Load,2026-08-22T04:46:30Z
2026-08-22T04:45:07Z,2026-08-22T06:45:07+0200,81890fbb-3a1d-466f-b50a-dc03bf877707,2026-07-29T07:00:00Z,2026-07-29T09:00:00+0200,46391.07,MW,FR,FR,actual_load,Actual Load,2026-08-22T04:46:30Z
2026-08-22T04:45:07Z,2026-08-22T06:45:07+0200,81890fbb-3a1d-466f-b50a-dc03bf877707,2026-07-29T07:15:00Z,2026-07-29T09:15:00+0200,47024.05,MW,FR,FR,actual_load,Actual Load,2026-08-22T04:46:30Z
2026-08-22T04:45:07Z,2026-08-22T06:45:07+0200,81890fbb-3a1d-466f-b50a-dc03bf877707,2026-07-29T07:30:00Z,2026-07-29T09:30:00+0200,47532.09,MW,FR,FR,actual_load,Actual Load,2026-08-22T04:46:30Z
2026-08-22T04:45:07Z,2026-08-22T06:45:07+0200,81890fbb-3a1d-466f-b50a-dc03bf877707,2026-07-29T07:45:00Z,2026-07-29T09:45:00+0200,48093.23,MW,FR,FR,actual_load,Actual Load,2026-08-22T04:46:30Z
2026-08-22T04:45:07Z,2026-08-22T06:45:07+0200,81890fbb-3a1d-466f-b50a-dc03bf877707,2026-07-29T08:00:00Z,2026-07-29T10:00:00+0200,48638.53,MW,FR,FR,actual_load,Actual Load,2026-08-22T04:46:30Z
2026-08-22T04:45:07Z,2026-08-22T06:45:07+0200,81890fbb-3a1d-466f-b50a-dc03bf877707,2026-07-29T08:15:00Z,2026-07-29T10:15:00+0200,49038.66,MW,FR,FR,actual_load,Actual Load,2026-08-22T04:46:30Z
2026-08-22T04:45:07Z,2026-08-22T06:45:07+0200,81890fbb-3a1d-466f-b50a-dc03bf877707,2026-07-29T08:30:00Z,2026-07-29T10:30:00+0200,49435.86,MW,FR,FR,actual_load,Actual Load,2026-08-22T04:46:30Z
2026-08-22T04:45:07Z,2026-08-22T06:45:07+0200,81890fbb-3a1d-466f-b50a-dc03bf877707,2026-07-29T08:45:00Z,2026-07-29T10:45:00+0200,49961.27,MW,FR,FR,actual_load,Actual Load,2026-08-22T04:46:30Z
2026-08-22T04:45:07Z,2026-08-22T06:45:07+0200,81890fbb-3a1d-466f-b50a-dc03bf877707,2026-07-29T09:00:00Z,2026-07-29T11:00:00+0200,50765.91,MW,FR,FR,actual_load,Actual Load,2026-08-22T04:46:30Z
2026-08-22T04:45:07Z,2026-08-22T06:45:07+0200,81890fbb-3a1d-466f-b50a-dc03bf877707,2026-07-29T09:15:00Z,2026-07-29T11:15:00+0200,51034.92,MW,FR,FR,actual_load,Actual Load,2026-08-22T04:46:30Z
2026-08-22T04:45:07Z,2026-08-22T06:45:07+0200,81890fbb-3a1d-466f-b50a-dc03bf877707,2026-07-29T09:30:00Z,2026-07-29T11:30:00+0200,51483.61,MW,FR,FR,actual_load,Actual Load,2026-08-22T04:46:30Z
2026-08-22T04:45:07Z,2026-08-22T06:45:07+0200,81890fbb-3a1d-466f-b50a-dc03bf877707,2026-07-29T09:45:00Z,2026-07-29T11:45:00+0200,51977.08,MW,FR,FR,actual_load,Actual Load,2026-08-22T04:46:30Z
2026-08-22T04:45:07Z,2026-08-22T06:45:07+0200,81890fbb-3a1d-466f-b50a-dc03bf877707,2026-07-29T10:00:00Z,2026-07-29T12:00:00+0200,52570.71,MW,FR,FR,actual_load,Actual Load,2026-08-22T04:46:30Z
2026-08-22T04:45:07Z,2026-08-22T06:45:07+0200,81890fbb-3a1d-466f-b50a-dc03bf877707,2026-07-29T10:15:00Z,2026-07-29T12:15:00+0200,52597.02,MW,FR,FR,actual_load,Actual Load,2026-08-22T04:46:30Z
2026-08-22T04:45:07Z,2026-08-22T06:45:07+0200,81890fbb-3a1d-466f-b50a-dc03bf877707,2026-07-29T10:30:00Z,2026-07-29T12:30:00+0200,53113.43,MW,FR,FR,actual_load,Actual Load,2026-08-22T04:46:30Z
2026-08-22T04:45:07Z,2026-08-22T06:45:07+0200,81890fbb-3a1d-466f-b50a-dc03bf877707,2026-07-29T10:45:00Z,2026-07-29T12:45:00+0200,52732.34,MW,FR,FR,actual_load,Actual Load,2026-08-22T04:46:30Z
2026-08-22T04:45:07Z,2026-08-22T06:45:07+0200,81890fbb-3a1d-466f-b50a-dc03bf877707,2026-07-29T11:00:00Z,2026-07-29T13:00:00+0200,52679.57,MW,FR,FR,actual_load,Actual Load,2026-08-22T04:46:30Z
2026-08-22T04:45:07Z,2026-08-22T06:45:07+0200,81890fbb-3a1d-466f-b50a-dc03bf877707,2026-07-29T11:15:00Z,2026-07-29T13:15:00+0200,52439.27,MW,FR,FR,actual_load,Actual Load,2026-08-22T04:46:30Z
2026-08-22T04:45:07Z,2026-08-22T06:45:07+0200,81890fbb-3a1d-466f-b50a-dc03bf877707,2026-07-29T11:30:00Z,2026-07-29T13:30:00+0200,52351.71,MW,FR,FR,actual_load,Actual Load,2026-08-22T04:46:30Z
2026-08-22T04:45:07Z,2026-08-22T06:45:07+0200,81890fbb-3a1d-466f-b50a-dc03bf877707,2026-07-29T11:45:00Z,2026-07-29T13:45:00+0200,52492.44,MW,FR,FR,actual_load,Actual Load,2026-08-22T04:46:30Z
2026-08-22T04:45:07Z,2026-08-22T06:45:07+0200,81890fbb-3a1d-466f-b50a-dc03bf877707,2026-07-29T12:00:00Z,2026-07-29T14:00:00+0200,53423.74,MW,FR,FR,actual_load,Actual Load,2026-08-22T04:46:30Z
2026-08-22T04:45:07Z,2026-08-22T06:45:07+0200,81890fbb-3a1d-466f-b50a-dc03bf877707,2026-07-29T12:15:00Z,2026-07-29T14:15:00+0200,53469.7,MW,FR,FR,actual_load,Actual Load,2026-08-22T04:46:30Z
2026-08-22T04:45:07Z,2026-08-22T06:45:07+0200,81890fbb-3a1d-466f-b50a-dc03bf877707,2026-07-29T12:30:00Z,2026-07-29T14:30:00+0200,53613.27,MW,FR,FR,actual_load,Actual Load,2026-08-22T04:46:30Z
2026-08-22T04:45:07Z,2026-08-22T06:45:07+0200,81890fbb-3a1d-466f-b50a-dc03bf877707,2026-07-29T12:45:00Z,2026-07-29T14:45:00+0200,53381.6,MW,FR,FR,actual_load,Actual Load,2026-08-22T04:46:30Z
2026-08-22T04:45:07Z,2026-08-22T06:45:07+0200,81890fbb-3a1d-466f-b50a-dc03bf877707,2026-07-29T13:00:00Z,2026-07-29T15:00:00+0200,53636.57,MW,FR,FR,actual_load,Actual Load,2026-08-22T04:46:30Z
2026-08-22T04:45:07Z,2026-08-22T06:45:07+0200,81890fbb-3a1d-466f-b50a-dc03bf877707,2026-07-29T13:15:00Z,2026-07-29T15:15:00+0200,53501.15,MW,FR,FR,actual_load,Actual Load,2026-08-22T04:46:30Z
2026-08-22T04:45:07Z,2026-08-22T06:45:07+0200,81890fbb-3a1d-466f-b50a-dc03bf877707,2026-07-29T13:30:00Z,2026-07-29T15:30:00+0200,52736.45,MW,FR,FR,actual_load,Actual Load,2026-08-22T04:46:30Z
2026-08-22T04:45:07Z,2026-08-22T06:45:07+0200,81890fbb-3a1d-466f-b50a-dc03bf877707,2026-07-29T13:45:00Z,2026-07-29T15:45:00+0200,52410.42,MW,FR,FR,actual_load,Actual Load,2026-08-22T04:46:30Z
2026-08-22T04:45:07Z,2026-08-22T06:45:07+0200,81890fbb-3a1d-466f-b50a-dc03bf877707,2026-07-29T14:00:00Z,2026-07-29T16:00:00+0200,52099.79,MW,FR,FR,actual_load,Actual Load,2026-08-22T04:46:30Z
2026-08-22T04:45:07Z,2026-08-22T06:45:07+0200,81890fbb-3a1d-466f-b50a-dc03bf877707,2026-07-29T14:15:00Z,2026-07-29T16:15:00+0200,51937.37,MW,FR,FR,actual_load,Actual Load,2026-08-22T04:46:30Z
2026-08-22T04:45:07Z,2026-08-22T06:45:07+0200,81890fbb-3a1d-466f-b50a-dc03bf877707,2026-07-29T14:30:00Z,2026-07-29T16:30:00+0200,51929.13,MW,FR,FR,actual_load,Actual Load,2026-08-22T04:46:30Z
2026-08-22T04:45:07Z,2026-08-22T06:45:07+0200,81890fbb-3a1d-466f-b50a-dc03bf877707,2026-07-29T14:45:00Z,2026-07-29T16:45:00+0200,51948.81,MW,FR,FR,actual_load,Actual Load,2026-08-22T04:46:30Z
2026-08-22T04:45:07Z,2026-08-22T06:45:07+0200,81890fbb-3a1d-466f-b50a-dc03bf877707,2026-07-29T15:00:00Z,2026-07-29T17:00:00+0200,51624.3,MW,FR,FR,actual_load,Actual Load,2026-08-22T04:46:30Z
2026-08-22T04:45:07Z,2026-08-22T06:45:07+0200,81890fbb-3a1d-466f-b50a-dc03bf877707,2026-07-29T15:15:00Z,2026-07-29T17:15:00+0200,51563.27,MW,FR,FR,actual_load,Actual Load,2026-08-22T04:46:30Z
2026-08-22T04:45:07Z,2026-08-22T06:45:07+0200,81890fbb-3a1d-466f-b50a-dc03bf877707,2026-07-29T15:30:00Z,2026-07-29T17:30:00+0200,51779.59,MW,FR,FR,actual_load,Actual Load,2026-08-22T04:46:30Z
2026-08-22T04:45:07Z,2026-08-22T06:45:07+0200,81890fbb-3a1d-466f-b50a-dc03bf877707,2026-07-29T15:45:00Z,2026-07-29T17:45:00+0200,52330.45,MW,FR,FR,actual_load,Actual Load,2026-08-22T04:46:30Z
2026-08-22T04:45:07Z,2026-08-22T06:45:07+0200,81890fbb-3a1d-466f-b50a-dc03bf877707,2026-07-29T16:00:00Z,2026-07-29T18:00:00+0200,52470.31,MW,FR,FR,actual_load,Actual Load,2026-08-22T04:46:30Z
2026-08-22T04:45:07Z,2026-08-22T06:45:07+0200,81890fbb-3a1d-466f-b50a-dc03bf877707,2026-07-29T16:15:00Z,2026-07-29T18:15:00+0200,52930.62,MW,FR,FR,actual_load,Actual Load,2026-08-22T04:46:30Z
2026-08-22T04:45:07Z,2026-08-22T06:45:07+0200,81890fbb-3a1d-466f-b50a-dc03bf877707,2026-07-29T16:30:00Z,2026-07-29T18:30:00+0200,53320.76,MW,FR,FR,actual_load,Actual Load,2026-08-22T04:46:30Z
2026-08-22T04:45:07Z,2026-08-22T06:45:07+0200,81890fbb-3a1d-466f-b50a-dc03bf877707,2026-07-29T16:45:00Z,2026-07-29T18:45:00+0200,53604.0,MW,FR,FR,actual_load,Actual Load,2026-08-22T04:46:30Z
2026-08-22T04:45:07Z,2026-08-22T06:45:07+0200,81890fbb-3a1d-466f-b50a-dc03bf877707,2026-07-29T17:00:00Z,2026-07-29T19:00:00+0200,53570.43,MW,FR,FR,actual_load,Actual Load,2026-08-22T04:46:30Z
2026-08-22T04:45:07Z,2026-08-22T06:45:07+0200,81890fbb-3a1d-466f-b50a-dc03bf877707,2026-07-29T17:15:00Z,2026-07-29T19:15:00+0200,53227.52,MW,FR,FR,actual_load,Actual Load,2026-08-22T04:46:30Z
2026-08-22T04:45:07Z,2026-08-22T06:45:07+0200,81890fbb-3a1d-466f-b50a-dc03bf877707,2026-07-29T17:30:00Z,2026-07-29T19:30:00+0200,52893.06,MW,FR,FR,actual_load,Actual Load,2026-08-22T04:46:30Z
2026-08-22T04:45:07Z,2026-08-22T06:45:07+0200,81890fbb-3a1d-466f-b50a-dc03bf877707,2026-07-29T17:45:00Z,2026-07-29T19:45:00+0200,52547.89,MW,FR,FR,actual_load,Actual Load,2026-08-22T04:46:30Z
2026-08-22T04:45:07Z,2026-08-22T06:45:07+0200,81890fbb-3a1d-466f-b50a-dc03bf877707,2026-07-29T18:00:00Z,2026-07-29T20:00:00+0200,52020.44,MW,FR,FR,actual_load,Actual Load,2026-08-22T04:46:30Z
2026-08-22T04:45:07Z,2026-08-22T06:45:07+0200,81890fbb-3a1d-466f-b50a-dc03bf877707,2026-07-29T18:15:00Z,2026-07-29T20:15:00+0200,51394.17,MW,FR,FR,actual_load,Actual Load,2026-08-22T04:46:30Z
2026-08-22T04:45:07Z,2026-08-22T06:45:07+0200,81890fbb-3a1d-466f-b50a-dc03bf877707,2026-07-29T18:30:00Z,2026-07-29T20:30:00+0200,50726.61,MW,FR,FR,actual_load,Actual Load,2026-08-22T04:46:30Z
2026-08-22T04:45:07Z,2026-08-22T06:45:07+0200,81890fbb-3a1d-466f-b50a-dc03bf877707,2026-07-29T18:45:00Z,2026-07-29T20:45:00+0200,50095.38,MW,FR,FR,actual_load,Actual Load,2026-08-22T04:46:30Z
2026-08-22T04:45:07Z,2026-08-22T06:45:07+0200,81890fbb-3a1d-466f-b50a-dc03bf877707,2026-07-29T19:00:00Z,2026-07-29T21:00:00+0200,49749.63,MW,FR,FR,actual_load,Actual Load,2026-08-22T04:46:30Z
2026-08-22T04:45:07Z,2026-08-22T06:45:07+0200,81890fbb-3a1d-466f-b50a-dc03bf877707,2026-07-29T19:15:00Z,2026-07-29T21:15:00+0200,49389.77,MW,FR,FR,actual_load,Actual Load,2026-08-22T04:46:30Z
2026-08-22T04:45:07Z,2026-08-22T06:45:07+0200,81890fbb-3a1d-466f-b50a-dc03bf877707,2026-07-29T19:30:00Z,2026-07-29T21:30:00+0200,49240.42,MW,FR,FR,actual_load,Actual Load,2026-08-22T04:46:30Z
2026-08-22T04:45:07Z,2026-08-22T06:45:07+0200,81890fbb-3a1d-466f-b50a-dc03bf877707,2026-07-29T19:45:00Z,2026-07-29T21:45:00+0200,48957.35,MW,FR,FR,actual_load,Actual Load,2026-08-22T04:46:30Z
2026-08-22T04:45:07Z,2026-08-22T06:45:07+0200,81890fbb-3a1d-466f-b50a-dc03bf877707,2026-07-29T20:00:00Z,2026-07-29T22:00:00+0200,49656.36,MW,FR,FR,actual_load,Actual Load,2026-08-22T04:46:30Z
2026-08-22T04:45:07Z,2026-08-22T06:45:07+0200,81890fbb-3a1d-466f-b50a-dc03bf877707,2026-07-29T20:15:00Z,2026-07-29T22:15:00+0200,49189.78,MW,FR,FR,actual_load,Actual Load,2026-08-22T04:46:30Z
2026-08-22T04:45:07Z,2026-08-22T06:45:07+0200,81890fbb-3a1d-466f-b50a-dc03bf877707,2026-07-29T20:30:00Z,2026-07-29T22:30:00+0200,50250.8,MW,FR,FR,actual_load,Actual Load,2026-08-22T04:46:30Z
2026-08-22T04:45:07Z,2026-08-22T06:45:07+0200,81890fbb-3a1d-466f-b50a-dc03bf877707,2026-07-29T20:45:00Z,2026-07-29T22:45:00+0200,49372.82,MW,FR,FR,actual_load,Actual Load,2026-08-22T04:46:30Z
2026-08-22T04:45:07Z,2026-08-22T06:45:07+0200,81890fbb-3a1d-466f-b50a-dc03bf877707,2026-07-29T21:00:00Z,2026-07-29T23:00:00+0200,49028.0,MW,FR,FR,actual_load,Actual Load,2026-08-22T04:46:30Z
2026-08-22T04:45:07Z,2026-08-22T06:45:07+0200,81890fbb-3a1d-466f-b50a-dc03bf877707,2026-07-29T21:15:00Z,2026-07-29T23:15:00+0200,47946.1,MW,FR,FR,actual_load,Actual Load,2026-08-22T04:46:30Z
2026-08-22T04:45:07Z,2026-08-22T06:45:07+0200,81890fbb-3a1d-466f-b50a-dc03bf877707,2026-07-29T21:30:00Z,2026-07-29T23:30:00+0200,48042.68,MW,FR,FR,actual_load,Actual Load,2026-08-22T04:46:30Z
2026-08-22T04:45:07Z,2026-08-22T06:45:07+0200,81890fbb-3a1d-466f-b50a-dc03bf877707,2026-07-29T21:45:00Z,2026-07-29T23:45:00+0200,46895.87,MW,FR,FR,actual_load,Actual Load,2026-08-22T04:46:30Z
2026-08-22T04:45:07Z,2026-08-22T06:45:07+0200,81890fbb-3a1d-466f-b50a-dc03bf877707,2026-07-29T22:00:00Z,2026-07-30T00:00:00+0200,46653.2,MW,FR,FR,actual_load,Actual Load,2026-08-22T04:46:30Z
2026-08-22T04:45:07Z,2026-08-22T06:45:07+0200,81890fbb-3a1d-466f-b50a-dc03bf877707,2026-07-29T22:15:00Z,2026-07-30T00:15:00+0200,45417.32,MW,FR,FR,actual_load,Actual Load,2026-08-22T04:46:30Z
2026-08-22T04:45:07Z,2026-08-22T06:45:07+0200,81890fbb-3a1d-466f-b50a-dc03bf877707,2026-07-29T22:30:00Z,2026-07-30T00:30:00+0200,43832.81,MW,FR,FR,actual_load,Actual Load,2026-08-22T04:46:30Z
2026-08-22T04:45:07Z,2026-08-22T06:45:07+0200,81890fbb-3a1d-466f-b50a-dc03bf877707,2026-07-29T22:45:00Z,2026-07-30T00:45:00+0200,42693.55,MW,FR,FR,actual_load,Actual Load,2026-08-22T04:46:30Z
2026-08-22T04:45:07Z,2026-08-22T06:45:07+0200,81890fbb-3a1d-466f-b50a-dc03bf877707,2026-07-29T23:00:00Z,2026-07-30T01:00:00+0200,42914.81,MW,FR,FR,actual_load,Actual Load,2026-08-22T04:46:30Z
2026-08-22T04:45:07Z,2026-08-22T06:45:07+0200,81890fbb-3a1d-466f-b50a-dc03bf877707,2026-07-29T23:15:00Z,2026-07-30T01:15:00+0200,42414.43,MW,FR,FR,actual_load,Actual Load,2026-08-22T04:46:30Z
2026-08-22T04:45:07Z,2026-08-22T06:45:07+0200,81890fbb-3a1d-466f-b50a-dc03bf877707,2026-07-29T23:30:00Z,2026-07-30T01:30:00+0200,42140.65,MW,FR,FR,actual_load,Actual Load,2026-08-22T04:46:30Z
2026-08-22T04:45:07Z,2026-08-22T06:45:07+0200,81890fbb-3a1d-466f-b50a-dc03bf877707,2026-07-29T23:45:00Z,2026-07-30T01:45:00+0200,41379.87,MW,FR,FR,actual_load,Actual Load,2026-08-22T04:46:30Z
2026-08-22T04:45:07Z,2026-08-22T06:45:07+0200,81890fbb-3a1d-466f-b50a-dc03bf877707,2026-07-30T00:00:00Z,2026-07-30T02:00:00+0200,41198.63,MW,FR,FR,actual_load,Actual Load,2026-08-22T04:46:30Z
2026-08-22T04:45:07Z,2026-08-22T06:45:07+0200,81890fbb-3a1d-466f-b50a-dc03bf877707,2026-07-30T00:15:00Z,2026-07-30T02:15:00+0200,40244.9,MW,FR,FR,actual_load,Actual Load,2026-08-22T04:46:30Z
2026-08-22T04:45:07Z,2026-08-22T06:45:07+0200,81890fbb-3a1d-466f-b50a-dc03bf877707,2026-07-30T00:30:00Z,2026-07-30T02:30:00+0200,39548.86,MW,FR,FR,actual_load,Actual Load,2026-08-22T04:46:30Z
2026-08-22T04:45:07Z,2026-08-22T06:45:07+0200,81890fbb-3a1d-466f-b50a-dc03bf877707,2026-07-30T00:45:00Z,2026-07-30T02:45:00+0200,38951.91,MW,FR,FR,actual_load,Actual Load,2026-08-22T04:46:30Z
2026-08-22T04:45:07Z,2026-08-22T06:45:07+0200,81890fbb-3a1d-466f-b50a-dc03bf877707,2026-07-30T01:00:00Z,2026-07-30T03:00:00+0200,38530.9,MW,FR,FR,actual_load,Actual Load,2026-08-22T04:46:30Z
2026-08-22T04:45:07Z,2026-08-22T06:45:07+0200,81890fbb-3a1d-466f-b50a-dc03bf877707,2026-07-30T01:15:00Z,2026-07-30T03:15:00+0200,38065.68,MW,FR,FR,actual_load,Actual Load,2026-08-22T04:46:30Z
2026-08-22T04:45:07Z,2026-08-22T06:45:07+0200,81890fbb-3a1d-466f-b50a-dc03bf877707,2026-07-30T01:30:00Z,2026-07-30T03:30:00+0200,37883.04,MW,FR,FR,actual_load,Actual Load,2026-08-22T04:46:30Z
2026-08-22T04:45:07Z,2026-08-22T06:45:07+0200,81890fbb-3a1d-466f-b50a-dc03bf877707,2026-07-30T01:45:00Z,2026-07-30T03:45:00+0200,37649.07,MW,FR,FR,actual_load,Actual Load,2026-08-22T04:46:30Z
2026-08-22T04:45:07Z,2026-08-22T06:45:07+0200,81890fbb-3a1d-466f-b50a-dc03bf877707,2026-07-30T02:00:00Z,2026-07-30T04:00:00+0200,37669.2,MW,FR,FR,actual_load,Actual Load,2026-08-22T04:46:30Z
2026-08-22T04:45:07Z,2026-08-22T06:45:07+0200,81890fbb-3a1d-466f-b50a-dc03bf877707,2026-07-30T02:15:00Z,2026-07-30T04:15:00+0200,37572.69,MW,FR,FR,actual_load,Actual Load,2026-08-22T04:46:30Z
2026-08-22T04:45:07Z,2026-08-22T06:45:07+0200,81890fbb-3a1d-466f-b50a-dc03bf877707,2026-07-30T02:30:00Z,2026-07-30T04:30:00+0200,37546.34,MW,FR,FR,actual_load,Actual Load,2026-08-22T04:46:30Z
2026-08-22T04:45:07Z,2026-08-22T06:45:07+0200,81890fbb-3a1d-466f-b50a-dc03bf877707,2026-07-30T02:45:00Z,2026-07-30T04:45:00+0200,37665.59,MW,FR,FR,actual_load,Actual Load,2026-08-22T04:46:30Z
2026-08-22T04:45:07Z,2026-08-22T06:45:07+0200,81890fbb-3a1d-466f-b50a-dc03bf877707,2026-07-30T03:00:00Z,2026-07-30T05:00:00+0200,38276.77,MW,FR,FR,actual_load,Actual Load,2026-08-22T04:46:30Z
2026-08-22T04:45:07Z,2026-08-22T06:45:07+0200,81890fbb-3a1d-466f-b50a-dc03bf877707,2026-07-30T03:15:00Z,2026-07-30T05:15:00+0200,38541.28,MW,FR,FR,actual_load,Actual Load,2026-08-22T04:46:30Z
2026-08-22T04:45:07Z,2026-08-22T06:45:07+0200,81890fbb-3a1d-466f-b50a-dc03bf877707,2026-07-30T03:30:00Z,2026-07-30T05:30:00+0200,38882.17,MW,FR,FR,actual_load,Actual Load,2026-08-22T04:46:30Z
2026-08-22T04:45:07Z,2026-08-22T06:45:07+0200,81890fbb-3a1d-466f-b50a-dc03bf877707,2026-07-30T03:45:00Z,2026-07-30T05:45:00+0200,39331.54,MW,FR,FR,actual_load,Actual Load,2026-08-22T04:46:30Z
2026-08-22T04:45:07Z,2026-08-22T06:45:07+0200,81890fbb-3a1d-466f-b50a-dc03bf877707,2026-07-30T04:00:00Z,2026-07-30T06:00:00+0200,40181.57,MW,FR,FR,actual_load,Actual Load,2026-08-22T04:46:30Z
2026-08-22T04:45:07Z,2026-08-22T06:45:07+0200,81890fbb-3a1d-466f-b50a-dc03bf877707,2026-07-30T04:15:00Z,2026-07-30T06:15:00+0200,40645.3,MW,FR,FR,actual_load,Actual Load,2026-08-22T04:46:30Z
2026-08-22T04:45:07Z,2026-08-22T06:45:07+0200,81890fbb-3a1d-466f-b50a-dc03bf877707,2026-07-30T04:30:00Z,2026-07-30T06:30:00+0200,40818.32,MW,FR,FR,actual_load,Actual Load,2026-08-22T04:46:30Z
2026-08-22T04:45:07Z,2026-08-22T06:45:07+0200,81890fbb-3a1d-466f-b50a-dc03bf877707,2026-07-30T04:45:00Z,2026-07-30T06:45:00+0200,41166.59,MW,FR,FR,actual_load,Actual Load,2026-08-22T04:46:30Z
2026-08-22T04:45:07Z,2026-08-22T06:45:07+0200,81890fbb-3a1d-466f-b50a-dc03bf877707,2026-07-30T05:00:00Z,2026-07-30T07:00:00+0200,41827.16,MW,FR,FR,actual_load,Actual Load,2026-08-22T04:46:30Z
2026-08-22T04:45:07Z,2026-08-22T06:45:07+0200,81890fbb-3a1d-466f-b50a-dc03bf877707,2026-07-30T05:15:00Z,2026-07-30T07:15:00+0200,42456.45,MW,FR,FR,actual_load,Actual Load,2026-08-22T04:46:30Z
2026-08-22T04:45:07Z,2026-08-22T06:45:07+0200,81890fbb-3a1d-466f-b50a-dc03bf877707,2026-07-30T05:30:00Z,2026-07-30T07:30:00+0200,43072.04,MW,FR,FR,actual_load,Actual Load,2026-08-22T04:46:30Z
2026-08-22T04:45:07Z,2026-08-22T06:45:07+0200,81890fbb-3a1d-466f-b50a-dc03bf877707,2026-07-30T05:45:00Z,2026-07-30T07:45:00+0200,43839.94,MW,FR,FR,actual_load,Actual Load,2026-08-22T04:46:30Z
2026-08-22T04:45:07Z,2026-08-22T06:45:07+0200,81890fbb-3a1d-466f-b50a-dc03bf877707,2026-07-30T06:00:00Z,2026-07-30T08:00:00+0200,44957.85,MW,FR,FR,actual_load,Actual Load,2026-08-22T04:46:30Z
2026-08-22T04:45:07Z,2026-08-22T06:45:07+0200,81890fbb-3a1d-466f-b50a-dc03bf877707,2026-07-30T06:15:00Z,2026-07-30T08:15:00+0200,45873.03,MW,FR,FR,actual_load,Actual Load,2026-08-22T04:46:30Z
2026-08-22T04:45:07Z,2026-08-22T06:45:07+0200,81890fbb-3a1d-466f-b50a-dc03bf877707,2026-07-30T06:30:00Z,2026-07-30T08:30:00+0200,46336.79,MW,FR,FR,actual_load,Actual Load,2026-08-22T04:46:30Z
2026-08-22T04:45:07Z,2026-08-22T06:45:07+0200,81890fbb-3a1d-466f-b50a-dc03bf877707,2026-07-30T06:45:00Z,2026-07-30T08:45:00+0200,46854.76,MW,FR,FR,actual_load,Actual Load,2026-08-22T04:46:30Z
2026-08-22T04:45:07Z,2026-08-22T06:45:07+0200,81890fbb-3a1d-466f-b50a-dc03bf877707,2026-07-30T07:00:00Z,2026-07-30T09:00:00+0200,47266.12,MW,FR,FR,actual_load,Actual Load,2026-08-22T04:46:30Z
2026-08-22T04:45:07Z,2026-08-22T06:45:07+0200,81890fbb-3a1d-466f-b50a-dc03bf877707,2026-07-30T07:15:00Z,2026-07-30T09:15:00+0200,47735.65,MW,FR,FR,actual_load,Actual Load,2026-08-22T04:46:30Z
2026-08-22T04:45:07Z,2026-08-22T06:45:07+0200,81890fbb-3a1d-466f-b50a-dc03bf877707,2026-07-30T07:30:00Z,2026-07-30T09:30:00+0200,48181.63,MW,FR,FR,actual_load,Actual Load,2026-08-22T04:46:30Z
2026-08-22T04:45:07Z,2026-08-22T06:45:07+0200,81890fbb-3a1d-466f-b50a-dc03bf877707,2026-07-30T07:45:00Z,2026-07-30T09:45:00+0200,48721.45,MW,FR,FR,actual_load,Actual Load,2026-08-22T04:46:30Z
2026-08-22T04:45:07Z,2026-08-22T06:45:07+0200,81890fbb-3a1d-466f-b50a-dc03bf877707,2026-07-30T08:00:00Z,2026-07-30T10:00:00+0200,49364.03,MW,FR,FR,actual_load,Actual Load,2026-08-22T04:46:30Z
2026-08-22T04:45:07Z,2026-08-22T06:45:07+0200,81890fbb-3a1d-466f-b50a-dc03bf877707,2026-07-30T08:15:00Z,2026-07-30T10:15:00+0200,49337.32,MW,FR,FR,actual_load,Actual Load,2026-08-22T04:46:30Z
2026-08-22T04:45:07Z,2026-08-22T06:45:07+0200,81890fbb-3a1d-466f-b50a-dc03bf877707,2026-07-30T08:30:00Z,2026-07-30T10:30:00+0200,50022.2,MW,FR,FR,actual_load,Actual Load,2026-08-22T04:46:30Z
2026-08-22T04:45:07Z,2026-08-22T06:45:07+0200,81890fbb-3a1d-466f-b50a-dc03bf877707,2026-07-30T08:45:00Z,2026-07-30T10:45:00+0200,50133.11,MW,FR,FR,actual_load,Actual Load,2026-08-22T04:46:30Z
2026-08-22T04:45:07Z,2026-08-22T06:45:07+0200,81890fbb-3a1d-466f-b50a-dc03bf877707,2026-07-30T09:00:00Z,2026-07-30T11:00:00+0200,50479.72,MW,FR,FR,actual_load,Actual Load,2026-08-22T04:46:30Z
2026-08-22T04:45:07Z,2026-08-22T06:45:07+0200,81890fbb-3a1d-466f-b50a-dc03bf877707,2026-07-30T09:15:00Z,2026-07-30T11:15:00+0200,50827.84,MW,FR,FR,actual_load,Actual Load,2026-08-22T04:46:30Z
2026-08-22T04:45:07Z,2026-08-22T06:45:07+0200,81890fbb-3a1d-466f-b50a-dc03bf877707,2026-07-30T09:30:00Z,2026-07-30T11:30:00+0200,51027.86,MW,FR,FR,actual_load,Actual Load,2026-08-22T04:46:30Z
2026-08-22T04:45:07Z,2026-08-22T06:45:07+0200,81890fbb-3a1d-466f-b50a-dc03bf877707,2026-07-30T09:45:00Z,2026-07-30T11:45:00+0200,51272.48,MW,FR,FR,actual_load,Actual Load,2026-08-22T04:46:30Z
2026-08-22T04:45:07Z,2026-08-22T06:45:07+0200,81890fbb-3a1d-466f-b50a-dc03bf877707,2026-07-30T10:00:00Z,2026-07-30T12:00:00+0200,51421.04,MW,FR,FR,actual_load,Actual Load,2026-08-22T04:46:30Z
2026-08-22T04:45:07Z,2026-08-22T06:45:07+0200,81890fbb-3a1d-466f-b50a-dc03bf877707,2026-07-30T10:15:00Z,2026-07-30T12:15:00+0200,51338.6,MW,FR,FR,actual_load,Actual Load,2026-08-22T04:46:30Z
2026-08-22T04:45:07Z,2026-08-22T06:45:07+0200,81890fbb-3a1d-466f-b50a-dc03bf877707,2026-07-30T10:30:00Z,2026-07-30T12:30:00+0200,51619.84,MW,FR,FR,actual_load,Actual Load,2026-08-22T04:46:30Z
2026-08-22T04:45:07Z,2026-08-22T06:45:07+0200,81890fbb-3a1d-466f-b50a-dc03bf877707,2026-07-30T10:45:00Z,2026-07-30T12:45:00+0200,50927.54,MW,FR,FR,actual_load,Actual Load,2026-08-22T04:46:30Z
2026-08-22T04:45:07Z,2026-08-22T06:45:07+0200,81890fbb-3a1d-466f-b50a-dc03bf877707,2026-07-30T11:00:00Z,2026-07-30T13:00:00+0200,50819.18,MW,FR,FR,actual_load,Actual Load,2026-08-22T04:46:30Z
2026-08-22T04:45:07Z,2026-08-22T06:45:07+0200,81890fbb-3a1d-466f-b50a-dc03bf877707,2026-07-30T11:15:00Z,2026-07-30T13:15:00+0200,50335.1,MW,FR,FR,actual_load,Actual Load,2026-08-22T04:46:30Z
2026-08-22T04:45:07Z,2026-08-22T06:45:07+0200,81890fbb-3a1d-466f-b50a-dc03bf877707,2026-07-30T11:30:00Z,2026-07-30T13:30:00+0200,50165.6,MW,FR,FR,actual_load,Actual Load,2026-08-22T04:46:30Z
2026-08-22T04:45:07Z,2026-08-22T06:45:07+0200,81890fbb-3a1d-466f-b50a-dc03bf877707,2026-07-30T11:45:00Z,2026-07-30T13:45:00+0200,50335.32,MW,FR,FR,actual_load,Actual Load,2026-08-22T04:46:30Z
2026-08-22T04:45:07Z,2026-08-22T06:45:07+0200,81890fbb-3a1d-466f-b50a-dc03bf877707,2026-07-30T12:00:00Z,2026-07-30T14:00:00+0200,51172.15,MW,FR,FR,actual_load,Actual Load,2026-08-22T04:46:30Z
2026-08-22T04:45:07Z,2026-08-22T06:45:07+0200,81890fbb-3a1d-466f-b50a-dc03bf877707,2026-07-30T12:15:00Z,2026-07-30T14:15:00+0200,51244.0,MW,FR,FR,actual_load,Actual Load,2026-08-22T04:46:30Z
2026-08-22T04:45:07Z,2026-08-22T06:45:07+0200,81890fbb-3a1d-466f-b50a-dc03bf877707,2026-07-30T12:30:00Z,2026-07-30T14:30:00+0200,51395.87,MW,FR,FR,actual_load,Actual Load,2026-08-22T04:46:30Z
2026-08-22T04:45:07Z,2026-08-22T06:45:07+0200,81890fbb-3a1d-466f-b50a-dc03bf877707,2026-07-30T12:45:00Z,2026-07-30T14:45:00+0200,51144.46,MW,FR,FR,actual_load,Actual Load,2026-08-22T04:46:30Z
2026-08-22T04:45:07Z,2026-08-22T06:45:07+0200,81890fbb-3a1d-466f-b50a-dc03bf877707,2026-07-30T13:00:00Z,2026-07-30T15:00:00+0200,51238.25,MW,FR,FR,actual_load,Actual Load,2026-08-22T04:46:30Z
2026-08-22T04:45:07Z,2026-08-22T06:45:07+0200,81890fbb-3a1d-466f-b50a-dc03bf877707,2026-07-30T13:15:00Z,2026-07-30T15:15:00+0200,50953.27,MW,FR,FR,actual_load,Actual Load,2026-08-22T04:46:30Z
2026-08-22T04:45:07Z,2026-08-22T06:45:07+0200,81890fbb-3a1d-466f-b50a-dc03bf877707,2026-07-30T13:30:00Z,2026-07-30T15:30:00+0200,50564.63,MW,FR,FR,actual_load,Actual Load,2026-08-22T04:46:30Z
2026-08-22T04:45:07Z,2026-08-22T06:45:07+0200,81890fbb-3a1d-466f-b50a-dc03bf877707,2026-07-30T13:45:00Z,2026-07-30T15:45:00+0200,49893.3,MW,FR,FR,actual_load,Actual Load,2026-08-22T04:46:30Z
2026-08-22T04:45:07Z,2026-08-22T06:45:07+0200,81890fbb-3a1d-466f-b50a-dc03bf877707,2026-07-30T14:00:00Z,2026-07-30T16:00:00+0200,49413.82,MW,FR,FR,actual_load,Actual Load,2026-08-22T04:46:30Z
2026-08-22T04:45:07Z,2026-08-22T06:45:07+0200,81890fbb-3a1d-466f-b50a-dc03bf877707,2026-07-30T14:15:00Z,2026-07-30T16:15:00+0200,49367.34,MW,FR,FR,actual_load,Actual Load,2026-08-22T04:46:30Z
2026-08-22T04:45:07Z,2026-08-22T06:45:07+0200,81890fbb-3a1d-466f-b50a-dc03bf877707,2026-07-30T14:30:00Z,2026-07-30T16:30:00+0200,49470.3,MW,FR,FR,actual_load,Actual Load,2026-08-22T04:46:30Z
2026-08-22T04:45:07Z,2026-08-22T06:45:07+0200,81890fbb-3a1d-466f-b50a-dc03bf877707,2026-07-30T14:45:00Z,2026-07-30T16:45:00+0200,49483.34,MW,FR,FR,actual_load,Actual Load,2026-08-22T04:46:30Z
2026-08-22T04:45:07Z,2026-08-22T06:45:07+0200,81890fbb-3a1d-466f-b50a-dc03bf877707,2026-07-30T15:00:00Z,2026-07-30T17:00:00+0200,49266.29,MW,FR,FR,actual_load,Actual Load,2026-08-22T04:46:30Z
2026-08-22T04:45:07Z,2026-08-22T06:45:07+0200,81890fbb-3a1d-466f-b50a-dc03bf877707,2026-07-30T15:15:00Z,2026-07-30T17:15:00+0200,49545.46,MW,FR,FR,actual_load,Actual Load,2026-08-22T04:46:30Z
2026-08-22T04:45:07Z,2026-08-22T06:45:07+0200,81890fbb-3a1d-466f-b50a-dc03bf877707,2026-07-30T15:30:00Z,2026-07-30T17:30:00+0200,49831.17,MW,FR,FR,actual_load,Actual Load,2026-08-22T04:46:30Z
2026-08-22T04:45:07Z,2026-08-22T06:45:07+0200,81890fbb-3a1d-466f-b50a-dc03bf877707,2026-07-30T15:45:00Z,2026-07-30T17:45:00+0200,49907.69,MW,FR,FR,actual_load,Actual Load,2026-08-22T04:46:30Z
2026-08-22T04:45:07Z,2026-08-22T06:45:07+0200,81890fbb-3a1d-466f-b50a-dc03bf877707,2026-07-30T16:00:00Z,2026-07-30T18:00:00+0200,50276.45,MW,FR,FR,actual_load,Actual Load,2026-08-22T04:46:30Z
2026-08-22T04:45:07Z,2026-08-22T06:45:07+0200,81890fbb-3a1d-466f-b50a-dc03bf877707,2026-07-30T16:15:00Z,2026-07-30T18:15:00+0200,50533.89,MW,FR,FR,actual_load,Actual Load,2026-08-22T04:46:30Z
2026-08-22T04:45:07Z,2026-08-22T06:45:07+0200,81890fbb-3a1d-466f-b50a-dc03bf877707,2026-07-30T16:30:00Z,2026-07-30T18:30:00+0200,51088.04,MW,FR,FR,actual_load,Actual Load,2026-08-22T04:46:30Z
2026-08-22T04:45:07Z,2026-08-22T06:45:07+0200,81890fbb-3a1d-466f-b50a-dc03bf877707,2026-07-30T16:45:00Z,2026-07-30T18:45:00+0200,51683.8,MW,FR,FR,actual_load,Actual Load,2026-08-22T04:46:30Z
2026-08-22T04:45:07Z,2026-08-22T06:45:07+0200,81890fbb-3a1d-466f-b50a-dc03bf877707,2026-07-30T17:00:00Z,2026-07-30T19:00:00+0200,51879.26,MW,FR,FR,actual_load,Actual Load,2026-08-22T04:46:30Z
2026-08-22T04:45:07Z,2026-08-22T06:45:07+0200,81890fbb-3a1d-466f-b50a-dc03bf877707,2026-07-30T17:15:00Z,2026-07-30T19:15:00+0200,51748.96,MW,FR,FR,actual_load,Actual Load,2026-08-22T04:46:30Z
2026-08-22T04:45:07Z,2026-08-22T06:45:07+0200,81890fbb-3a1d-466f-b50a-dc03bf877707,2026-07-30T17:30:00Z,2026-07-30T19:30:00+0200,51690.82,MW,FR,FR,actual_load,Actual Load,2026-08-22T04:46:30Z
2026-08-22T04:45:07Z,2026-08-22T06:45:07+0200,81890fbb-3a1d-466f-b50a-dc03bf877707,2026-07-30T17:45:00Z,2026-07-30T19:45:00+0200,51275.91,MW,FR,FR,actual_load,Actual Load,2026-08-22T04:46:30Z
2026-08-22T04:45:07Z,2026-08-22T06:45:07+0200,81890fbb-3a1d-466f-b50a-dc03bf877707,2026-07-30T18:00:00Z,2026-07-30T20:00:00+0200,50741.73,MW,FR,FR,actual_load,Actual Load,2026-08-22T04:46:30Z
2026-08-22T04:45:07Z,2026-08-22T06:45:07+0200,81890fbb-3a1d-466f-b50a-dc03bf877707,2026-07-30T18:15:00Z,2026-07-30T20:15:00+0200,50007.36,MW,FR,FR,actual_load,Actual Load,2026-08-22T04:46:30Z
2026-08-22T04:45:07Z,2026-08-22T06:45:07+0200,81890fbb-3a1d-466f-b50a-dc03bf877707,2026-07-30T18:30:00Z,2026-07-30T20:30:00+0200,49330.85,MW,FR,FR,actual_load,Actual Load,2026-08-22T04:46:30Z
2026-08-22T04:45:07Z,2026-08-22T06:45:07+0200,81890fbb-3a1d-466f-b50a-dc03bf877707,2026-07-30T18:45:00Z,2026-07-30T20:45:00+0200,48758.16,MW,FR,FR,actual_load,Actual Load,2026-08-22T04:46:30Z
2026-08-22T04:45:07Z,2026-08-22T06:45:07+0200,81890fbb-3a1d-466f-b50a-dc03bf877707,2026-07-30T19:00:00Z,2026-07-30T21:00:00+0200,48560.71,MW,FR,FR,actual_load,Actual Load,2026-08-22T04:46:30Z
2026-08-22T04:45:07Z,2026-08-22T06:45:07+0200,81890fbb-3a1d-466f-b50a-dc03bf877707,2026-07-30T19:15:00Z,2026-07-30T21:15:00+0200,48306.38,MW,FR,FR,actual_load,Actual Load,2026-08-22T04:46:30Z
2026-08-22T04:45:07Z,2026-08-22T06:45:07+0200,81890fbb-3a1d-466f-b50a-dc03bf877707,2026-07-30T19:30:00Z,2026-07-30T21:30:00+0200,48123.5,MW,FR,FR,actual_load,Actual Load,2026-08-22T04:46:30Z
2026-08-22T04:45:07Z,2026-08-22T06:45:07+0200,81890fbb-3a1d-466f-b50a-dc03bf877707,2026-07-30T19:45:00Z,2026-07-30T21:45:00+0200,47763.96,MW,FR,FR,actual_load,Actual Load,2026-08-22T04:46:30Z
2026-08-22T04:45:07Z,2026-08-22T06:45:07+0200,81890fbb-3a1d-466f-b50a-dc03bf877707,2026-07-30T20:00:00Z,2026-07-30T22:00:00+0200,48631.68,MW,FR,FR,actual_load,Actual Load,2026-08-22T04:46:30Z
2026-08-22T04:45:07Z,2026-08-22T06:45:07+0200,81890fbb-3a1d-466f-b50a-dc03bf877707,2026-07-30T20:15:00Z,2026-07-30T22:15:00+0200,48332.59,MW,FR,FR,actual_load,Actual Load,2026-08-22T04:46:30Z
2026-08-22T04:45:07Z,2026-08-22T06:45:07+0200,81890fbb-3a1d-466f-b50a-dc03bf877707,2026-07-30T20:30:00Z,2026-07-30T22:30:00+0200,49293.57,MW,FR,FR,actual_load,Actual Load,2026-08-22T04:46:30Z
2026-08-22T04:45:07Z,2026-08-22T06:45:07+0200,81890fbb-3a1d-466f-b50a-dc03bf877707,2026-07-30T20:45:00Z,2026-07-30T22:45:00+0200,48543.88,MW,FR,FR,actual_load,Actual Load,2026-08-22T04:46:30Z
2026-08-22T04:45:07Z,2026-08-22T06:45:07+0200,81890fbb-3a1d-466f-b50a-dc03bf877707,2026-07-30T21:00:00Z,2026-07-30T23:00:00+0200,48242.63,MW,FR,FR,actual_load,Actual Load,2026-08-22T04:46:30Z
2026-08-22T04:45:07Z,2026-08-22T06:45:07+0200,81890fbb-3a1d-466f-b50a-dc03bf877707,2026-07-30T21:15:00Z,2026-07-30T23:15:00+0200,47037.25,MW,FR,FR,actual_load,Actual Load,2026-08-22T04:46:30Z
2026-08-22T04:45:07Z,2026-08-22T06:45:07+0200,81890fbb-3a1d-466f-b50a-dc03bf877707,2026-07-30T21:30:00Z,2026-07-30T23:30:00+0200,47042.11,MW,FR,FR,actual_load,Actual Load,2026-08-22T04:46:30Z
2026-08-22T04:45:07Z,2026-08-22T06:45:07+0200,81890fbb-3a1d-466f-b50a-dc03bf877707,2026-07-30T21:45:00Z,2026-07-30T23:45:00+0200,46009.9,MW,FR,FR,actual_load,Actual Load,2026-08-22T04:46:30Z
2026-08-22T04:45:07Z,2026-08-22T06:45:07+0200,81890fbb-3a1d-466f-b50a-dc03bf877707,2026-07-30T22:00:00Z,2026-07-31T00:00:00+0200,45942.09,MW,FR,FR,actual_load,Actual Load,2026-08-22T04:46:30Z
2026-08-22T04:45:07Z,2026-08-22T06:45:07+0200,81890fbb-3a1d-466f-b50a-dc03bf877707,2026-07-30T22:15:00Z,2026-07-31T00:15:00+0200,44770.77,MW,FR,FR,actual_load,Actual Load,2026-08-22T04:46:30Z
2026-08-22T04:45:07Z,2026-08-22T06:45:07+0200,81890fbb-3a1d-466f-b50a-dc03bf877707,2026-07-30T22:30:00Z,2026-07-31T00:30:00+0200,43637.2,MW,FR,FR,actual_load,Actual Load,2026-08-22T04:46:30Z
2026-08-22T04:45:07Z,2026-08-22T06:45:07+0200,81890fbb-3a1d-466f-b50a-dc03bf877707,2026-07-30T22:45:00Z,2026-07-31T00:45:00+0200,42643.02,MW,FR,FR,actual_load,Actual Load,2026-08-22T04:46:30Z
2026-08-22T04:45:07Z,2026-08-22T06:45:07+0200,81890fbb-3a1d-466f-b50a-dc03bf877707,2026-07-30T23:00:00Z,2026-07-31T01:00:00+0200,42779.09,MW,FR,FR,actual_load,Actual Load,2026-08-22T04:46:30Z
2026-08-22T04:45:07Z,2026-08-22T06:45:07+0200,81890fbb-3a1d-466f-b50a-dc03bf877707,2026-07-30T23:15:00Z,2026-07-31T01:15:00+0200,42171.71,MW,FR,FR,actual_load,Actual Load,2026-08-22T04:46:30Z
2026-08-22T04:45:07Z,2026-08-22T06:45:07+0200,81890fbb-3a1d-466f-b50a-dc03bf877707,2026-07-30T23:30:00Z,2026-07-31T01:30:00+0200,42109.02,MW,FR,FR,actual_load,Actual Load,2026-08-22T04:46:30Z
2026-08-22T04:45:07Z,2026-08-22T06:45:07+0200,81890fbb-3a1d-466f-b50a-dc03bf877707,2026-07-30T23:45:00Z,2026-07-31T01:45:00+0200,41377.97,MW,FR,FR,actual_load,Actual Load,2026-08-22T04:46:30Z
2026-08-22T04:45:07Z,2026-08-22T06:45:07+0200,81890fbb-3a1d-466f-b50a-dc03bf877707,2026-07-31T00:00:00Z,2026-07-31T02:00:00+0200,41078.48,MW,FR,FR,actual_load,Actual Load,2026-08-22T04:46:30Z
2026-08-22T04:45:07Z,2026-08-22T06:45:07+0200,81890fbb-3a1d-466f-b50a-dc03bf877707,2026-07-31T00:15:00Z,2026-07-31T02:15:00+0200,40223.34,MW,FR,FR,actual_load,Actual Load,2026-08-22T04:46:30Z
2026-08-22T04:45:07Z,2026-08-22T06:45:07+0200,81890fbb-3a1d-466f-b50a-dc03bf877707,2026-07-31T00:30:00Z,2026-07-31T02:30:00+0200,39446.5,MW,FR,FR,actual_load,Actual Load,2026-08-22T04:46:30Z
2026-08-22T04:45:07Z,2026-08-22T06:45:07+0200,81890fbb-3a1d-466f-b50a-dc03bf877707,2026-07-31T00:45:00Z,2026-07-31T02:45:00+0200,38704.51,MW,FR,FR,actual_load,Actual Load,2026-08-22T04:46:30Z
2026-08-22T04:45:07Z,2026-08-22T06:45:07+0200,81890fbb-3a1d-466f-b50a-dc03bf877707,2026-07-31T01:00:00Z,2026-07-31T03:00:00+0200,38426.17,MW,FR,FR,actual_load,Actual Load,2026-08-22T04:46:30Z
2026-08-22T04:45:07Z,2026-08-22T06:45:07+0200,81890fbb-3a1d-466f-b50a-dc03bf877707,2026-07-31T01:15:00Z,2026-07-31T03:15:00+0200,38000.95,MW,FR,FR,actual_load,Actual Load,2026-08-22T04:46:30Z
2026-08-22T04:45:07Z,2026-08-22T06:45:07+0200,81890fbb-3a1d-466f-b50a-dc03bf877707,2026-07-31T01:30:00Z,2026-07-31T03:30:00+0200,37726.16,MW,FR,FR,actual_load,Actual Load,2026-08-22T04:46:30Z
2026-08-22T04:45:07Z,2026-08-22T06:45:07+0200,81890fbb-3a1d-466f-b50a-dc03bf877707,2026-07-31T01:45:00Z,2026-07-31T03:45:00+0200,37396.54,MW,FR,FR,actual_load,Actual Load,2026-08-22T04:46:30Z
2026-08-22T04:45:07Z,2026-08-22T06:45:07+0200,81890fbb-3a1d-466f-b50a-dc03bf877707,2026-07-31T02:00:00Z,2026-07-31T04:00:00+0200,37425.28,MW,FR,FR,actual_load,Actual Load,2026-08-22T04:46:30Z
2026-08-22T04:45:07Z,2026-08-22T06:45:07+0200,81890fbb-3a1d-466f-b50a-dc03bf877707,2026-07-31T02:15:00Z,2026-07-31T04:15:00+0200,37314.66,MW,FR,FR,actual_load,Actual Load,2026-08-22T04:46:30Z
2026-08-22T04:45:07Z,2026-08-22T06:45:07+0200,81890fbb-3a1d-466f-b50a-dc03bf877707,2026-07-31T02:30:00Z,2026-07-31T04:30:00+0200,37241.96,MW,FR,FR,actual_load,Actual Load,2026-08-22T04:46:30Z
2026-08-22T04:45:07Z,2026-08-22T06:45:07+0200,81890fbb-3a1d-466f-b50a-dc03bf877707,2026-07-31T02:45:00Z,2026-07-31T04:45:00+0200,37341.22,MW,FR,FR,actual_load,Actual Load,2026-08-22T04:46:30Z
2026-08-22T04:45:07Z,2026-08-22T06:45:07+0200,81890fbb-3a1d-466f-b50a-dc03bf877707,2026-07-31T03:00:00Z,2026-07-31T05:00:00+0200,37892.62,MW,FR,FR,actual_load,Actual Load,2026-08-22T04:46:30Z
2026-08-22T04:45:07Z,2026-08-22T06:45:07+0200,81890fbb-3a1d-466f-b50a-dc03bf877707,2026-07-31T03:15:00Z,2026-07-31T05:15:00+0200,38189.61,MW,FR,FR,actual_load,Actual Load,2026-08-22T04:46:30Z
2026-08-22T04:45:07Z,2026-08-22T06:45:07+0200,81890fbb-3a1d-466f-b50a-dc03bf877707,2026-07-31T03:30:00Z,2026-07-31T05:30:00+0200,38503.93,MW,FR,FR,actual_load,Actual Load,2026-08-22T04:46:30Z
2026-08-22T04:45:07Z,2026-08-22T06:45:07+0200,81890fbb-3a1d-466f-b50a-dc03bf877707,2026-07-31T03:45:00Z,2026-07-31T05:45:00+0200,39035.43,MW,FR,FR,actual_load,Actual Load,2026-08-22T04:46:30Z
2026-08-22T04:45:07Z,2026-08-22T06:45:07+0200,81890fbb-3a1d-466f-b50a-dc03bf877707,2026-07-31T04:00:00Z,2026-07-31T06:00:00+0200,39878.87,MW,FR,FR,actual_load,Actual Load,2026-08-22T04:46:30Z
2026-08-22T04:45:07Z,2026-08-22T06:45:07+0200,81890fbb-3a1d-466f-b50a-dc03bf877707,2026-07-31T04:15:00Z,2026-07-31T06:15:00+0200,40230.34,MW,FR,FR,actual_load,Actual Load,2026-08-22T04:46:30Z
2026-08-22T04:45:07Z,2026-08-22T06:45:07+0200,81890fbb-3a1d-466f-b50a-dc03bf877707,2026-07-31T04:30:00Z,2026-07-31T06:30:00+0200,40497.64,MW,FR,FR,actual_load,Actual Load,2026-08-22T04:46:30Z
2026-08-22T04:45:07Z,2026-08-22T06:45:07+0200,81890fbb-3a1d-466f-b50a-dc03bf877707,2026-07-31T04:45:00Z,2026-07-31T06:45:00+0200,40860.04,MW,FR,FR,actual_load,Actual Load,2026-08-22T04:46:30Z
2026-08-22T04:45:07Z,2026-08-22T06:45:07+0200,81890fbb-3a1d-466f-b50a-dc03bf877707,2026-07-31T05:00:00Z,2026-07-31T07:00:00+0200,41396.17,MW,FR,FR,actual_load,Actual Load,2026-08-22T04:46:30Z
2026-08-22T04:45:07Z,2026-08-22T06:45:07+0200,81890fbb-3a1d-466f-b50a-dc03bf877707,2026-07-31T05:15:00Z,2026-07-31T07:15:00+0200,41596.39,MW,FR,FR,actual_load,Actual Load,2026-08-22T04:46:30Z
2026-08-22T04:45:07Z,2026-08-22T06:45:07+0200,81890fbb-3a1d-466f-b50a-dc03bf877707,2026-07-31T05:30:00Z,2026-07-31T07:30:00+0200,42216.36,MW,FR,FR,actual_load,Actual Load,2026-08-22T04:46:30Z
2026-08-22T04:45:07Z,2026-08-22T06:45:07+0200,81890fbb-3a1d-466f-b50a-dc03bf877707,2026-07-31T05:45:00Z,2026-07-31T07:45:00+0200,43162.69,MW,FR,FR,actual_load,Actual Load,2026-08-22T04:46:30Z
2026-08-22T04:45:07Z,2026-08-22T06:45:07+0200,81890fbb-3a1d-466f-b50a-dc03bf877707,2026-07-31T06:00:00Z,2026-07-31T08:00:00+0200,44086.46,MW,FR,FR,actual_load,Actual Load,2026-08-22T04:46:30Z
2026-08-22T04:45:07Z,2026-08-22T06:45:07+0200,81890fbb-3a1d-466f-b50a-dc03bf877707,2026-07-31T06:15:00Z,2026-07-31T08:15:00+0200,44858.8,MW,FR,FR,actual_load,Actual Load,2026-08-22T04:46:30Z
2026-08-22T04:45:07Z,2026-08-22T06:45:07+0200,81890fbb-3a1d-466f-b50a-dc03bf877707,2026-07-31T06:30:00Z,2026-07-31T08:30:00+0200,45532.88,MW,FR,FR,actual_load,Actual Load,2026-08-22T04:46:30Z
2026-08-22T04:45:07Z,2026-08-22T06:45:07+0200,81890fbb-3a1d-466f-b50a-dc03bf877707,2026-07-31T06:45:00Z,2026-07-31T08:45:00+0200,45970.27,MW,FR,FR,actual_load,Actual Load,2026-08-22T04:46:30Z
2026-08-22T04:45:07Z,2026-08-22T06:45:07+0200,81890fbb-3a1d-466f-b50a-dc03bf877707,2026-07-31T07:00:00Z,2026-07-31T09:00:00+0200,46408.01,MW,FR,FR,actual_load,Actual Load,2026-08-22T04:46:30Z
2026-08-22T04:45:07Z,2026-08-22T06:45:07+0200,81890fbb-3a1d-466f-b50a-dc03bf877707,2026-07-31T07:15:00Z,2026-07-31T09:15:00+0200,46889.44,MW,FR,FR,actual_load,Actual Load,2026-08-22T04:46:30Z
2026-08-22T04:45:07Z,2026-08-22T06:45:07+0200,81890fbb-3a1d-466f-b50a-dc03bf877707,2026-07-31T07:30:00Z,2026-07-31T09:30:00+0200,47020.46,MW,FR,FR,actual_load,Actual Load,2026-08-22T04:46:30Z
2026-08-22T04:45:07Z,2026-08-22T06:45:07+0200,81890fbb-3a1d-466f-b50a-dc03bf877707,2026-07-31T07:45:00Z,2026-07-31T09:45:00+0200,47399.82,MW,FR,FR,actual_load,Actual Load,2026-08-22T04:46:30Z
2026-08-22T04:45:07Z,2026-08-22T06:45:07+0200,81890fbb-3a1d-466f-b50a-dc03bf877707,2026-07-31T08:00:00Z,2026-07-31T10:00:00+0200,47991.38,MW,FR,FR,actual_load,Actual Load,2026-08-22T04:46:30Z
2026-08-22T04:45:07Z,2026-08-22T06:45:07+0200,81890fbb-3a1d-466f-b50a-dc03bf877707,2026-07-31T08:15:00Z,2026-07-31T10:15:00+0200,48460.46,MW,FR,FR,actual_load,Actual Load,2026-08-22T04:46:30Z
2026-08-22T04:45:07Z,2026-08-22T06:45:07+0200,81890fbb-3a1d-466f-b50a-dc03bf877707,2026-07-31T08:30:00Z,2026-07-31T10:30:00+0200,48685.5,MW,FR,FR,actual_load,Actual Load,2026-08-22T04:46:30Z
2026-08-22T04:45:07Z,2026-08-22T06:45:07+0200,81890fbb-3a1d-466f-b50a-dc03bf877707,2026-07-31T08:45:00Z,2026-07-31T10:45:00+0200,49034.82,MW,FR,FR,actual_load,Actual Load,2026-08-22T04:46:30Z
2026-08-22T04:45:07Z,2026-08-22T06:45:07+0200,81890fbb-3a1d-466f-b50a-dc03bf877707,2026-07-31T09:00:00Z,2026-07-31T11:00:00+0200,49488.72,MW,FR,FR,actual_load,Actual Load,2026-08-22T04:46:30Z
2026-08-22T04:45:07Z,2026-08-22T06:45:07+0200,81890fbb-3a1d-466f-b50a-dc03bf877707,2026-07-31T09:15:00Z,2026-07-31T11:15:00+0200,49837.4,MW,FR,FR,actual_load,Actual Load,2026-08-22T04:46:30Z
2026-08-22T04:45:07Z,2026-08-22T06:45:07+0200,81890fbb-3a1d-466f-b50a-dc03bf877707,2026-07-31T09:30:00Z,2026-07-31T11:30:00+0200,49925.71,MW,FR,FR,actual_load,Actual Load,2026-08-22T04:46:30Z
2026-08-22T04:45:07Z,2026-08-22T06:45:07+0200,81890fbb-3a1d-466f-b50a-dc03bf877707,2026-07-31T09:45:00Z,2026-07-31T11:45:00+0200,50667.17,MW,FR,FR,actual_load,Actual Load,2026-08-22T04:46:30Z
2026-08-22T04:45:07Z,2026-08-22T06:45:07+0200,81890fbb-3a1d-466f-b50a-dc03bf877707,2026-07-31T10:00:00Z,2026-07-31T12:00:00+0200,51138.16,MW,FR,FR,actual_load,Actual Load,2026-08-22T04:46:30Z
2026-08-22T04:45:07Z,2026-08-22T06:45:07+0200,81890fbb-3a1d-466f-b50a-dc03bf877707,2026-07-31T10:15:00Z,2026-07-31T12:15:00+0200,51243.33,MW,FR,FR,actual_load,Actual Load,2026-08-22T04:46:30Z
2026-08-22T04:45:07Z,2026-08-22T06:45:07+0200,81890fbb-3a1d-466f-b50a-dc03bf877707,2026-07-31T10:30:00Z,2026-07-31T12:30:00+0200,51627.82,MW,FR,FR,actual_load,Actual Load,2026-08-22T04:46:30Z
2026-08-22T04:45:07Z,2026-08-22T06:45:07+0200,81890fbb-3a1d-466f-b50a-dc03bf877707,2026-07-31T10:45:00Z,2026-07-31T12:45:00+0200,51373.86,MW,FR,FR,actual_load,Actual Load,2026-08-22T04:46:30Z
2026-08-22T04:45:07Z,2026-08-22T06:45:07+0200,81890fbb-3a1d-466f-b50a-dc03bf877707,2026-07-31T11:00:00Z,2026-07-31T13:00:00+0200,50638.56,MW,FR,FR,actual_load,Actual Load,2026-08-22T04:46:30Z
2026-08-22T04:45:07Z,2026-08-22T06:45:07+0200,81890fbb-3a1d-466f-b50a-dc03bf877707,2026-07-31T11:15:00Z,2026-07-31T13:15:00+0200,50408.23,MW,FR,FR,actual_load,Actual Load,2026-08-22T04:46:30Z
2026-08-22T04:45:07Z,2026-08-22T06:45:07+0200,81890fbb-3a1d-466f-b50a-dc03bf877707,2026-07-31T11:30:00Z,2026-07-31T13:30:00+0200,50208.54,MW,FR,FR,actual_load,Actual Load,2026-08-22T04:46:30Z
2026-08-22T04:45:07Z,2026-08-22T06:45:07+0200,81890fbb-3a1d-466f-b50a-dc03bf877707,2026-07-31T11:45:00Z,2026-07-31T13:45:00+0200,50324.86,MW,FR,FR,actual_load,Actual Load,2026-08-22T04:46:30Z
2026-08-22T04:45:07Z,2026-08-22T06:45:07+0200,81890fbb-3a1d-466f-b50a-dc03bf877707,2026-07-31T12:00:00Z,2026-07-31T14:00:00+0200,51286.21,MW,FR,FR,actual_load,Actual Load,2026-08-22T04:46:30Z
2026-08-22T04:45:07Z,2026-08-22T06:45:07+0200,81890fbb-3a1d-466f-b50a-dc03bf877707,2026-07-31T12:15:00Z,2026-07-31T14:15:00+0200,51270.02,MW,FR,FR,actual_load,Actual Load,2026-08-22T04:46:30Z
2026-08-22T04:45:07Z,2026-08-22T06:45:07+0200,81890fbb-3a1d-466f-b50a-dc03bf877707,2026-07-31T12:30:00Z,2026-07-31T14:30:00+0200,51215.66,MW,FR,FR,actual_load,Actual Load,2026-08-22T04:46:30Z
2026-08-22T04:45:07Z,2026-08-22T06:45:07+0200,81890fbb-3a1d-466f-b50a-dc03bf877707,2026-07-31T12:45:00Z,2026-07-31T14:45:00+0200,50782.19,MW,FR,FR,actual_load,Actual Load,2026-08-22T04:46:30Z
2026-08-22T04:45:07Z,2026-08-22T06:45:07+0200,81890fbb-3a1d-466f-b50a-dc03bf877707,2026-07-31T13:00:00Z,2026-07-31T15:00:00+0200,50464.81,MW,FR,FR,actual_load,Actual Load,2026-08-22T04:46:30Z
2026-08-22T04:45:07Z,2026-08-22T06:45:07+0200,81890fbb-3a1d-466f-b50a-dc03bf877707,2026-07-31T13:15:00Z,2026-07-31T15:15:00+0200,49899.12,MW,FR,FR,actual_load,Actual Load,2026-08-22T04:46:30Z
2026-08-22T04:45:07Z,2026-08-22T06:45:07+0200,81890fbb-3a1d-466f-b50a-dc03bf877707,2026-07-31T13:30:00Z,2026-07-31T15:30:00+0200,49478.31,MW,FR,FR,actual_load,Actual Load,2026-08-22T04:46:30Z
2026-08-22T04:45:07Z,2026-08-22T06:45:07+0200,81890fbb-3a1d-466f-b50a-dc03bf877707,2026-07-31T13:45:00Z,2026-07-31T15:45:00+0200,48997.69,MW,FR,FR,actual_load,Actual Load,2026-08-22T04:46:30Z
2026-08-22T04:45:07Z,2026-08-22T06:45:07+0200,81890fbb-3a1d-466f-b50a-dc03bf877707,2026-07-31T14:00:00Z,2026-07-31T16:00:00+0200,48967.96,MW,FR,FR,actual_load,Actual Load,2026-08-22T04:46:30Z
2026-08-22T04:45:07Z,2026-08-22T06:45:07+0200,81890fbb-3a1d-466f-b50a-dc03bf877707,2026-07-31T14:15:00Z,2026-07-31T16:15:00+0200,48813.67,MW,FR,FR,actual_load,Actual Load,2026-08-22T04:46:30Z
2026-08-22T04:45:07Z,2026-08-22T06:45:07+0200,81890fbb-3a1d-466f-b50a-dc03bf877707,2026-07-31T14:30:00Z,2026-07-31T16:30:00+0200,48693.75,MW,FR,FR,actual_load,Actual Load,2026-08-22T04:46:30Z
2026-08-22T04:45:07Z,2026-08-22T06:45:07+0200,81890fbb-3a1d-466f-b50a-dc03bf877707,2026-07-31T14:45:00Z,2026-07-31T16:45:00+0200,48664.39,MW,FR,FR,actual_load,Actual Load,2026-08-22T04:46:30Z
2026-08-22T04:45:07Z,2026-08-22T06:45:07+0200,81890fbb-3a1d-466f-b50a-dc03bf877707,2026-07-31T15:00:00Z,2026-07-31T17:00:00+0200,48416.11,MW,FR,FR,actual_load,Actual Load,2026-08-22T04:46:30Z
2026-08-22T04:45:07Z,2026-08-22T06:45:07+0200,81890fbb-3a1d-466f-b50a-dc03bf877707,2026-07-31T15:15:00Z,2026-07-31T17:15:00+0200,48512.34,MW,FR,FR,actual_load,Actual Load,2026-08-22T04:46:30Z
2026-08-22T04:45:07Z,2026-08-22T06:45:07+0200,81890fbb-3a1d-466f-b50a-dc03bf877707,2026-07-31T15:30:00Z,2026-07-31T17:30:00+0200,48431.86,MW,FR,FR,actual_load,Actual Load,2026-08-22T04:46:30Z
2026-08-22T04:45:07Z,2026-08-22T06:45:07+0200,81890fbb-3a1d-466f-b50a-dc03bf877707,2026-07-31T15:45:00Z,2026-07-31T17:45:00+0200,48530.13,MW,FR,FR,actual_load,Actual Load,2026-08-22T04:46:30Z
2026-08-22T04:45:07Z,2026-08-22T06:45:07+0200,81890fbb-3a1d-466f-b50a-dc03bf877707,2026-07-31T16:00:00Z,2026-07-31T18:00:00+0200,48443.17,MW,FR,FR,actual_load,Actual Load,2026-08-22T04:46:30Z
2026-08-22T04:45:07Z,2026-08-22T06:45:07+0200,81890fbb-3a1d-466f-b50a-dc03bf877707,2026-07-31T16:15:00Z,2026-07-31T18:15:00+0200,48322.87,MW,FR,FR,actual_load,Actual Load,2026-08-22T04:46:30Z
2026-08-22T04:45:07Z,2026-08-22T06:45:07+0200,81890fbb-3a1d-466f-b50a-dc03bf877707,2026-07-31T16:30:00Z,2026-07-31T18:30:00+0200,48390.42,MW,FR,FR,actual_load,Actual Load,2026-08-22T04:46:30Z
2026-08-22T04:45:07Z,2026-08-22T06:45:07+0200,81890fbb-3a1d-466f-b50a-dc03bf877707,2026-07-31T16:45:00Z,2026-07-31T18:45:00+0200,48574.33,MW,FR,FR,actual_load,Actual Load,2026-08-22T04:46:30Z
2026-08-22T04:45:07Z,2026-08-22T06:45:07+0200,81890fbb-3a1d-466f-b50a-dc03bf877707,2026-07-31T17:00:00Z,2026-07-31T19:00:00+0200,48353.64,MW,FR,FR,actual_load,Actual Load,2026-08-22T04:46:30Z
2026-08-22T04:45:07Z,2026-08-22T06:45:07+0200,81890fbb-3a1d-466f-b50a-dc03bf877707,2026-07-31T17:15:00Z,2026-07-31T19:15:00+0200,48206.57,MW,FR,FR,actual_load,Actual Load,2026-08-22T04:46:30Z
2026-08-22T04:45:07Z,2026-08-22T06:45:07+0200,81890fbb-3a1d-466f-b50a-dc03bf877707,2026-07-31T17:30:00Z,2026-07-31T19:30:00+0200,47876.27,MW,FR,FR,actual_load,Actual Load,2026-08-22T04:46:30Z
2026-08-22T04:45:07Z,2026-08-22T06:45:07+0200,81890fbb-3a1d-466f-b50a-dc03bf877707,2026-07-31T17:45:00Z,2026-07-31T19:45:00+0200,47321.98,MW,FR,FR,actual_load,Actual Load,2026-08-22T04:46:30Z
2026-08-22T04:45:07Z,2026-08-22T06:45:07+0200,81890fbb-3a1d-466f-b50a-dc03bf877707,2026-07-31T18:00:00Z,2026-07-31T20:00:00+0200,46815.17,MW,FR,FR,actual_load,Actual Load,2026-08-22T04:46:30Z
2026-08-22T04:45:07Z,2026-08-22T06:45:07+0200,81890fbb-3a1d-466f-b50a-dc03bf877707,2026-07-31T18:15:00Z,2026-07-31T20:15:00+0200,46048.15,MW,FR,FR,actual_load,Actual Load,2026-08-22T04:46:30Z
2026-08-22T04:45:07Z,2026-08-22T06:45:07+0200,81890fbb-3a1d-466f-b50a-dc03bf877707,2026-07-31T18:30:00Z,2026-07-31T20:30:00+0200,45428.5,MW,FR,FR,actual_load,Actual Load,2026-08-22T04:46:30Z
2026-08-22T04:45:07Z,2026-08-22T06:45:07+0200,81890fbb-3a1d-466f-b50a-dc03bf877707,2026-07-31T18:45:00Z,2026-07-31T20:45:00+0200,44906.55,MW,FR,FR,actual_load,Actual Load,2026-08-22T04:46:30Z
2026-08-22T04:45:07Z,2026-08-22T06:45:07+0200,81890fbb-3a1d-466f-b50a-dc03bf877707,2026-07-31T19:00:00Z,2026-07-31T21:00:00+0200,44995.86,MW,FR,FR,actual_load,Actual Load,2026-08-22T04:46:30Z
2026-08-22T04:45:07Z,2026-08-22T06:45:07+0200,81890fbb-3a1d-466f-b50a-dc03bf877707,2026-07-31T19:15:00Z,2026-07-31T21:15:00+0200,44614.92,MW,FR,FR,actual_load,Actual Load,2026-08-22T04:46:30Z
2026-08-22T04:45:07Z,2026-08-22T06:45:07+0200,81890fbb-3a1d-466f-b50a-dc03bf877707,2026-07-31T19:30:00Z,2026-07-31T21:30:00+0200,44536.35,MW,FR,FR,actual_load,Actual Load,2026-08-22T04:46:30Z
2026-08-22T04:45:07Z,2026-08-22T06:45:07+0200,81890fbb-3a1d-466f-b50a-dc03bf877707,2026-07-31T19:45:00Z,2026-07-31T21:45:00+0200,44358.95,MW,FR,FR,actual_load,Actual Load,2026-08-22T04:46:30Z
2026-08-22T04:45:07Z,2026-08-22T06:45:07+0200,81890fbb-3a1d-466f-b50a-dc03bf877707,2026-07-31T20:00:00Z,2026-07-31T22:00:00+0200,45433.27,MW,FR,FR,actual_load,Actual Load,2026-08-22T04:46:30Z
2026-08-22T04:45:07Z,2026-08-22T06:45:07+0200,81890fbb-3a1d-466f-b50a-dc03bf877707,2026-07-31T20:15:00Z,2026-07-31T22:15:00+0200,45133.84,MW,FR,FR,actual_load,Actual Load,2026-08-22T04:46:30Z
2026-08-22T04:45:07Z,2026-08-22T06:45:07+0200,81890fbb-3a1d-466f-b50a-dc03bf877707,2026-07-31T20:30:00Z,2026-07-31T22:30:00+0200,46075.03,MW,FR,FR,actual_load,Actual Load,2026-08-22T04:46:30Z
2026-08-22T04:45:07Z,2026-08-22T06:45:07+0200,81890fbb-3a1d-466f-b50a-dc03bf877707,2026-07-31T20:45:00Z,2026-07-31T22:45:00+0200,45465.73,MW,FR,FR,actual_load,Actual Load,2026-08-22T04:46:30Z
2026-08-22T04:45:07Z,2026-08-22T06:45:07+0200,81890fbb-3a1d-466f-b50a-dc03bf877707,2026-07-31T21:00:00Z,2026-07-31T23:00:00+0200,45194.65,MW,FR,FR,actual_load,Actual Load,2026-08-22T04:46:30Z
2026-08-22T04:45:07Z,2026-08-22T06:45:07+0200,81890fbb-3a1d-466f-b50a-dc03bf877707,2026-07-31T21:15:00Z,2026-07-31T23:15:00+0200,44192.46,MW,FR,FR,actual_load,Actual Load,2026-08-22T04:46:30Z
2026-08-22T04:45:07Z,2026-08-22T06:45:07+0200,81890fbb-3a1d-466f-b50a-dc03bf877707,2026-07-31T21:30:00Z,2026-07-31T23:30:00+0200,44271.23,MW,FR,FR,actual_load,Actual Load,2026-08-22T04:46:30Z
2026-08-22T04:45:07Z,2026-08-22T06:45:07+0200,81890fbb-3a1d-466f-b50a-dc03bf877707,2026-07-31T21:45:00Z,2026-07-31T23:45:00+0200,43256.43,MW,FR,FR,actual_load,Actual Load,2026-08-22T04:46:30Z
2026-08-22T04:45:07Z,2026-08-22T06:45:07+0200,81890fbb-3a1d-466f-b50a-dc03bf877707,2026-07-31T22:00:00Z,2026-08-01T00:00:00+0200,43252.57,MW,FR,FR,actual_load,Actual Load,2026-08-22T04:46:30Z
2026-08-22T04:45:07Z,2026-08-22T06:45:07+0200,81890fbb-3a1d-466f-b50a-dc03bf877707,2026-07-31T22:15:00Z,2026-08-01T00:15:00+0200,42135.03,MW,FR,FR,actual_load,Actual Load,2026-08-22T04:46:30Z
2026-08-22T04:45:07Z,2026-08-22T06:45:07+0200,81890fbb-3a1d-466f-b50a-dc03bf877707,2026-07-31T22:30:00Z,2026-08-01T00:30:00+0200,40833.91,MW,FR,FR,actual_load,Actual Load,2026-08-22T04:46:30Z
2026-08-22T04:45:07Z,2026-08-22T06:45:07+0200,81890fbb-3a1d-466f-b50a-dc03bf877707,2026-07-31T22:45:00Z,2026-08-01T00:45:00+0200,39927.84,MW,FR,FR,actual_load,Actual Load,2026-08-22T04:46:30Z
2026-08-22T04:45:07Z,2026-08-22T06:45:07+0200,81890fbb-3a1d-466f-b50a-dc03bf877707,2026-07-31T23:00:00Z,2026-08-01T01:00:00+0200,40296.89,MW,FR,FR,actual_load,Actual Load,2026-08-22T04:46:30Z
2026-08-22T04:45:07Z,2026-08-22T06:45:07+0200,81890fbb-3a1d-466f-b50a-dc03bf877707,2026-07-31T23:15:00Z,2026-08-01T01:15:00+0200,39703.54,MW,FR,FR,actual_load,Actual Load,2026-08-22T04:46:30Z
2026-08-22T04:45:07Z,2026-08-22T06:45:07+0200,81890fbb-3a1d-466f-b50a-dc03bf877707,2026-07-31T23:30:00Z,2026-08-01T01:30:00+0200,39507.48,MW,FR,FR,actual_load,Actual Load,2026-08-22T04:46:30Z
2026-08-22T04:45:07Z,2026-08-22T06:45:07+0200,81890fbb-3a1d-466f-b50a-dc03bf877707,2026-07-31T23:45:00Z,2026-08-01T01:45:00+0200,38746.88,MW,FR,FR,actual_load,Actual Load,2026-08-22T04:46:30Z
2026-08-22T04:45:07Z,2026-08-22T06:45:07+0200,81890fbb-3a1d-466f-b50a-dc03bf877707,2026-08-01T00:00:00Z,2026-08-01T02:00:00+0200,38415.59,MW,FR,FR,actual_load,Actual Load,2026-08-22T04:46:30Z
2026-08-22T04:45:07Z,2026-08-22T06:45:07+0200,81890fbb-3a1d-466f-b50a-dc03bf877707,2026-08-01T00:15:00Z,2026-08-01T02:15:00+0200,37533.52,MW,FR,FR,actual_load,Actual Load,2026-08-22T04:46:30Z
2026-08-22T04:45:07Z,2026-08-22T06:45:07+0200,81890fbb-3a1d-466f-b50a-dc03bf877707,2026-08-01T00:30:00Z,2026-08-01T02:30:00+0200,36799.39,MW,FR,FR,actual_load,Actual Load,2026-08-22T04:46:30Z
2026-08-22T04:45:07Z,2026-08-22T06:45:07+0200,81890fbb-3a1d-466f-b50a-dc03bf877707,2026-08-01T00:45:00Z,2026-08-01T02:45:00+0200,36099.23,MW,FR,FR,actual_load,Actual Load,2026-08-22T04:46:30Z
2026-08-22T04:45:07Z,2026-08-22T06:45:07+0200,81890fbb-3a1d-466f-b50a-dc03bf877707,2026-08-01T01:00:00Z,2026-08-01T03:00:00+0200,35634.39,MW,FR,FR,actual_load,Actual Load,2026-08-22T04:46:30Z
2026-08-22T04:45:07Z,2026-08-22T06:45:07+0200,81890fbb-3a1d-466f-b50a-dc03bf877707,2026-08-01T01:15:00Z,2026-08-01T03:15:00+0200,35195.55,MW,FR,FR,actual_load,Actual Load,2026-08-22T04:46:30Z
2026-08-22T04:45:07Z,2026-08-22T06:45:07+0200,81890fbb-3a1d-466f-b50a-dc03bf877707,2026-08-01T01:30:00Z,2026-08-01T03:30:00+0200,35011.43,MW,FR,FR,actual_load,Actual Load,2026-08-22T04:46:30Z
2026-08-22T04:45:07Z,2026-08-22T06:45:07+0200,81890fbb-3a1d-466f-b50a-dc03bf877707,2026-08-01T01:45:00Z,2026-08-01T03:45:00+0200,34684.33,MW,FR,FR,actual_load,Actual Load,2026-08-22T04:46:30Z
2026-08-22T04:45:07Z,2026-08-22T06:45:07+0200,81890fbb-3a1d-466f-b50a-dc03bf877707,2026-08-01T02:00:00Z,2026-08-01T04:00:00+0200,34635.18,MW,FR,FR,actual_load,Actual Load,2026-08-22T04:46:30Z
2026-08-22T04:45:07Z,2026-08-22T06:45:07+0200,81890fbb-3a1d-466f-b50a-dc03bf877707,2026-08-01T02:15:00Z,2026-08-01T04:15:00+0200,34468.25,MW,FR,FR,actual_load,Actual Load,2026-08-22T04:46:30Z
2026-08-22T04:45:07Z,2026-08-22T06:45:07+0200,81890fbb-3a1d-466f-b50a-dc03bf877707,2026-08-01T02:30:00Z,2026-08-01T04:30:00+0200,34239.93,MW,FR,FR,actual_load,Actual Load,2026-08-22T04:46:30Z
2026-08-22T04:45:07Z,2026-08-22T06:45:07+0200,81890fbb-3a1d-466f-b50a-dc03bf877707,2026-08-01T02:45:00Z,2026-08-01T04:45:00+0200,34076.48,MW,FR,FR,actual_load,Actual Load,2026-08-22T04:46:30Z
2026-08-22T04:45:07Z,2026-08-22T06:45:07+0200,81890fbb-3a1d-466f-b50a-dc03bf877707,2026-08-01T03:00:00Z,2026-08-01T05:00:00+0200,34292.19,MW,FR,FR,actual_load,Actual Load,2026-08-22T04:46:30Z
2026-08-22T04:45:07Z,2026-08-22T06:45:07+0200,81890fbb-3a1d-466f-b50a-dc03bf877707,2026-08-01T03:15:00Z,2026-08-01T05:15:00+0200,34284.27,MW,FR,FR,actual_load,Actual Load,2026-08-22T04:46:30Z
2026-08-22T04:45:07Z,2026-08-22T06:45:07+0200,81890fbb-3a1d-466f-b50a-dc03bf877707,2026-08-01T03:30:00Z,2026-08-01T05:30:00+0200,34365.76,MW,FR,FR,actual_load,Actual Load,2026-08-22T04:46:30Z
2026-08-22T04:45:07Z,2026-08-22T06:45:07+0200,81890fbb-3a1d-466f-b50a-dc03bf877707,2026-08-01T03:45:00Z,2026-08-01T05:45:00+0200,34500.95,MW,FR,FR,actual_load,Actual Load,2026-08-22T04:46:30Z
2026-08-22T04:45:07Z,2026-08-22T06:45:07+0200,81890fbb-3a1d-466f-b50a-dc03bf877707,2026-08-01T04:00:00Z,2026-08-01T06:00:00+0200,34707.34,MW,FR,FR,actual_load,Actual Load,2026-08-22T04:46:30Z
2026-08-22T04:45:07Z,2026-08-22T06:45:07+0200,81890fbb-3a1d-466f-b50a-dc03bf877707,2026-08-01T04:15:00Z,2026-08-01T06:15:00+0200,34615.59,MW,FR,FR,actual_load,Actual Load,2026-08-22T04:46:30Z
2026-08-22T04:45:07Z,2026-08-22T06:45:07+0200,81890fbb-3a1d-466f-b50a-dc03bf877707,2026-08-01T04:30:00Z,2026-08-01T06:30:00+0200,34615.98,MW,FR,FR,actual_load,Actual Load,2026-08-22T04:46:30Z
2026-08-22T04:45:07Z,2026-08-22T06:45:07+0200,81890fbb-3a1d-466f-b50a-dc03bf877707,2026-08-01T04:45:00Z,2026-08-01T06:45:00+0200,34651.63,MW,FR,FR,actual_load,Actual Load,2026-08-22T04:46:30Z
2026-08-22T04:45:07Z,2026-08-22T06:45:07+0200,81890fbb-3a1d-466f-b50a-dc03bf877707,2026-08-01T05:00:00Z,2026-08-01T07:00:00+0200,34758.79,MW,FR,FR,actual_load,Actual Load,2026-08-22T04:46:30Z
2026-08-22T04:45:07Z,2026-08-22T06:45:07+0200,81890fbb-3a1d-466f-b50a-dc03bf877707,2026-08-01T05:15:00Z,2026-08-01T07:15:00+0200,34911.34,MW,FR,FR,actual_load,Actual Load,2026-08-22T04:46:30Z
2026-08-22T04:45:07Z,2026-08-22T06:45:07+0200,81890fbb-3a1d-466f-b50a-dc03bf877707,2026-08-01T05:30:00Z,2026-08-01T07:30:00+0200,35159.39,MW,FR,FR,actual_load,Actual Load,2026-08-22T04:46:30Z
2026-08-22T04:45:07Z,2026-08-22T06:45:07+0200,81890fbb-3a1d-466f-b50a-dc03bf877707,2026-08-01T05:45:00Z,2026-08-01T07:45:00+0200,35428.45,MW,FR,FR,actual_load,Actual Load,2026-08-22T04:46:30Z
2026-08-22T04:45:07Z,2026-08-22T06:45:07+0200,81890fbb-3a1d-466f-b50a-dc03bf877707,2026-08-01T06:00:00Z,2026-08-01T08:00:00+0200,35988.33,MW,FR,FR,actual_load,Actual Load,2026-08-22T04:46:30Z
2026-08-22T04:45:07Z,2026-08-22T06:45:07+0200,81890fbb-3a1d-466f-b50a-dc03bf877707,2026-08-01T06:15:00Z,2026-08-01T08:15:00+0200,36281.31,MW,FR,FR,actual_load,Actual Load,2026-08-22T04:46:30Z
2026-08-22T04:45:07Z,2026-08-22T06:45:07+0200,81890fbb-3a1d-466f-b50a-dc03bf877707,2026-08-01T06:30:00Z,2026-08-01T08:30:00+0200,36902.37,MW,FR,FR,actual_load,Actual Load,2026-08-22T04:46:30Z
2026-08-22T04:45:07Z,2026-08-22T06:45:07+0200,81890fbb-3a1d-466f-b50a-dc03bf877707,2026-08-01T06:45:00Z,2026-08-01T08:45:00+0200,37382.23,MW,FR,FR,actual_load,Actual Load,2026-08-22T04:46:30Z
2026-08-22T04:45:07Z,2026-08-22T06:45:07+0200,81890fbb-3a1d-466f-b50a-dc03bf877707,2026-08-01T07:00:00Z,2026-08-01T09:00:00+0200,38279.67,MW,FR,FR,actual_load,Actual Load,2026-08-22T04:46:30Z
2026-08-22T04:45:07Z,2026-08-22T06:45:07+0200,81890fbb-3a1d-466f-b50a-dc03bf877707,2026-08-01T07:15:00Z,2026-08-01T09:15:00+0200,38742.46,MW,FR,FR,actual_load,Actual Load,2026-08-22T04:46:30Z
2026-08-22T04:45:07Z,2026-08-22T06:45:07+0200,81890fbb-3a1d-466f-b50a-dc03bf877707,2026-08-01T07:30:00Z,2026-08-01T09:30:00+0200,39332.25,MW,FR,FR,actual_load,Actual Load,2026-08-22T04:46:30Z
2026-08-22T04:45:07Z,2026-08-22T06:45:07+0200,81890fbb-3a1d-466f-b50a-dc03bf877707,2026-08-01T07:45:00Z,2026-08-01T09:45:00+0200,39626.68,MW,FR,FR,actual_load,Actual Load,2026-08-22T04:46:30Z
2026-08-22T04:45:07Z,2026-08-22T06:45:07+0200,81890fbb-3a1d-466f-b50a-dc03bf877707,2026-08-01T08:00:00Z,2026-08-01T10:00:00+0200,40296.19,MW,FR,FR,actual_load,Actual Load,2026-08-22T04:46:30Z
2026-08-22T04:45:07Z,2026-08-22T06:45:07+0200,81890fbb-3a1d-466f-b50a-dc03bf877707,2026-08-01T08:15:00Z,2026-08-01T10:15:00+0200,40608.86,MW,FR,FR,actual_load,Actual Load,2026-08-22T04:46:30Z
2026-08-22T04:45:07Z,2026-08-22T06:45:07+0200,81890fbb-3a1d-466f-b50a-dc03bf877707,2026-08-01T08:30:00Z,2026-08-01T10:30:00+0200,41023.94,MW,FR,FR,actual_load,Actual Load,2026-08-22T04:46:30Z
2026-08-22T04:45:07Z,2026-08-22T06:45:07+0200,81890fbb-3a1d-466f-b50a-dc03bf877707,2026-08-01T08:45:00Z,2026-08-01T10:45:00+0200,41409.39,MW,FR,FR,actual_load,Actual Load,2026-08-22T04:46:30Z
2026-08-22T04:45:07Z,2026-08-22T06:45:07+0200,81890fbb-3a1d-466f-b50a-dc03bf877707,2026-08-01T09:00:00Z,2026-08-01T11:00:00+0200,41814.17,MW,FR,FR,actual_load,Actual Load,2026-08-22T04:46:30Z
2026-08-22T04:45:07Z,2026-08-22T06:45:07+0200,81890fbb-3a1d-466f-b50a-dc03bf877707,2026-08-01T09:15:00Z,2026-08-01T11:15:00+0200,42410.25,MW,FR,FR,actual_load,Actual Load,2026-08-22T04:46:30Z
2026-08-22T04:45:07Z,2026-08-22T06:45:07+0200,81890fbb-3a1d-466f-b50a-dc03bf877707,2026-08-01T09:30:00Z,2026-08-01T11:30:00+0200,42921.07,MW,FR,FR,actual_load,Actual Load,2026-08-22T04:46:30Z
2026-08-22T04:45:07Z,2026-08-22T06:45:07+0200,81890fbb-3a1d-466f-b50a-dc03bf877707,2026-08-01T09:45:00Z,2026-08-01T11:45:00+0200,43516.38,MW,FR,FR,actual_load,Actual Load,2026-08-22T04:46:30Z
2026-08-22T04:45:07Z,2026-08-22T06:45:07+0200,81890fbb-3a1d-466f-b50a-dc03bf877707,2026-08-01T10:00:00Z,2026-08-01T12:00:00+0200,44239.61,MW,FR,FR,actual_load,Actual Load,2026-08-22T04:46:30Z
2026-08-22T04:45:07Z,2026-08-22T06:45:07+0200,81890fbb-3a1d-466f-b50a-dc03bf877707,2026-08-01T10:15:00Z,2026-08-01T12:15:00+0200,44664.53,MW,FR,FR,actual_load,Actual Load,2026-08-22T04:46:30Z
2026-08-22T04:45:07Z,2026-08-22T06:45:07+0200,81890fbb-3a1d-466f-b50a-dc03bf877707,2026-08-01T10:30:00Z,2026-08-01T12:30:00+0200,45398.27,MW,FR,FR,actual_load,Actual Load,2026-08-22T04:46:30Z
2026-08-22T04:45:07Z,2026-08-22T06:45:07+0200,81890fbb-3a1d-466f-b50a-dc03bf877707,2026-08-01T10:45:00Z,2026-08-01T12:45:00+0200,44860.22,MW,FR,FR,actual_load,Actual Load,2026-08-22T04:46:30Z
2026-08-22T04:45:07Z,2026-08-22T06:45:07+0200,81890fbb-3a1d-466f-b50a-dc03bf877707,2026-08-01T11:00:00Z,2026-08-01T13:00:00+0200,44584.62,MW,FR,FR,actual_load,Actual Load,2026-08-22T04:46:30Z
2026-08-22T04:45:07Z,2026-08-22T06:45:07+0200,81890fbb-3a1d-466f-b50a-dc03bf877707,2026-08-01T11:15:00Z,2026-08-01T13:15:00+0200,44088.74,MW,FR,FR,actual_load,Actual Load,2026-08-22T04:46:30Z
2026-08-22T04:45:07Z,2026-08-22T06:45:07+0200,81890fbb-3a1d-466f-b50a-dc03bf877707,2026-08-01T11:30:00Z,2026-08-01T13:30:00+0200,43863.73,MW,FR,FR,actual_load,Actual Load,2026-08-22T04:46:30Z
2026-08-22T04:45:07Z,2026-08-22T06:45:07+0200,81890fbb-3a1d-466f-b50a-dc03bf877707,2026-08-01T11:45:00Z,2026-08-01T13:45:00+0200,43921.78,MW,FR,FR,actual_load,Actual Load,2026-08-22T04:46:30Z
2026-08-22T04:45:07Z,2026-08-22T06:45:07+0200,81890fbb-3a1d-466f-b50a-dc03bf877707,2026-08-01T12:00:00Z,2026-08-01T14:00:00+0200,44581.46,MW,FR,FR,actual_load,Actual Load,2026-08-22T04:46:30Z
2026-08-22T04:45:07Z,2026-08-22T06:45:07+0200,81890fbb-3a1d-466f-b50a-dc03bf877707,2026-08-01T12:15:00Z,2026-08-01T14:15:00+0200,44556.71,MW,FR,FR,actual_load,Actual Load,2026-08-22T04:46:30Z
2026-08-22T04:45:07Z,2026-08-22T06:45:07+0200,81890fbb-3a1d-466f-b50a-dc03bf877707,2026-08-01T12:30:00Z,2026-08-01T14:30:00+0200,44413.61,MW,FR,FR,actual_load,Actual Load,2026-08-22T04:46:30Z
2026-08-22T04:45:07Z,2026-08-22T06:45:07+0200,81890fbb-3a1d-466f-b50a-dc03bf877707,2026-08-01T12:45:00Z,2026-08-01T14:45:00+0200,44526.73,MW,FR,FR,actual_load,Actual Load,2026-08-22T04:46:30Z
2026-08-22T04:45:07Z,2026-08-22T06:45:07+0200,81890fbb-3a1d-466f-b50a-dc03bf877707,2026-08-01T13:00:00Z,2026-08-01T15:00:00+0200,44470.91,MW,FR,FR,actual_load,Actual Load,2026-08-22T04:46:30Z
2026-08-22T04:45:07Z,2026-08-22T06:45:07+0200,81890fbb-3a1d-466f-b50a-dc03bf877707,2026-08-01T13:15:00Z,2026-08-01T15:15:00+0200,43675.55,MW,FR,FR,actual_load,Actual Load,2026-08-22T04:46:30Z
2026-08-22T04:45:07Z,2026-08-22T06:45:07+0200,81890fbb-3a1d-466f-b50a-dc03bf877707,2026-08-01T13:30:00Z,2026-08-01T15:30:00+0200,43397.21,MW,FR,FR,actual_load,Actual Load,2026-08-22T04:46:30Z
2026-08-22T04:45:07Z,2026-08-22T06:45:07+0200,81890fbb-3a1d-466f-b50a-dc03bf877707,2026-08-01T13:45:00Z,2026-08-01T15:45:00+0200,43114.73,MW,FR,FR,actual_load,Actual Load,2026-08-22T04:46:30Z
2026-08-22T04:45:07Z,2026-08-22T06:45:07+0200,81890fbb-3a1d-466f-b50a-dc03bf877707,2026-08-01T14:00:00Z,2026-08-01T16:00:00+0200,43033.21,MW,FR,FR,actual_load,Actual Load,2026-08-22T04:46:30Z
2026-08-22T04:45:07Z,2026-08-22T06:45:07+0200,81890fbb-3a1d-466f-b50a-dc03bf877707,2026-08-01T14:15:00Z,2026-08-01T16:15:00+0200,42858.43,MW,FR,FR,actual_load,Actual Load,2026-08-22T04:46:30Z
2026-08-22T04:45:07Z,2026-08-22T06:45:07+0200,81890fbb-3a1d-466f-b50a-dc03bf877707,2026-08-01T14:30:00Z,2026-08-01T16:30:00+0200,42939.36,MW,FR,FR,actual_load,Actual Load,2026-08-22T04:46:30Z
2026-08-22T04:45:07Z,2026-08-22T06:45:07+0200,81890fbb-3a1d-466f-b50a-dc03bf877707,2026-08-01T14:45:00Z,2026-08-01T16:45:00+0200,42997.45,MW,FR,FR,actual_load,Actual Load,2026-08-22T04:46:30Z
2026-08-22T04:45:07Z,2026-08-22T06:45:07+0200,81890fbb-3a1d-466f-b50a-dc03bf877707,2026-08-01T15:00:00Z,2026-08-01T17:00:00+0200,43005.18,MW,FR,FR,actual_load,Actual Load,2026-08-22T04:46:30Z
2026-08-22T04:45:07Z,2026-08-22T06:45:07+0200,81890fbb-3a1d-466f-b50a-dc03bf877707,2026-08-01T15:15:00Z,2026-08-01T17:15:00+0200,43166.95,MW,FR,FR,actual_load,Actual Load,2026-08-22T04:46:30Z
2026-08-22T04:45:07Z,2026-08-22T06:45:07+0200,81890fbb-3a1d-466f-b50a-dc03bf877707,2026-08-01T15:30:00Z,2026-08-01T17:30:00+0200,43567.15,MW,FR,FR,actual_load,Actual Load,2026-08-22T04:46:30Z
2026-08-22T04:45:07Z,2026-08-22T06:45:07+0200,81890fbb-3a1d-466f-b50a-dc03bf877707,2026-08-01T15:45:00Z,2026-08-01T17:45:00+0200,43780.11,MW,FR,FR,actual_load,Actual Load,2026-08-22T04:46:30Z
2026-08-22T04:45:07Z,2026-08-22T06:45:07+0200,81890fbb-3a1d-466f-b50a-dc03bf877707,2026-08-01T16:00:00Z,2026-08-01T18:00:00+0200,43873.13,MW,FR,FR,actual_load,Actual Load,2026-08-22T04:46:30Z
2026-08-22T04:45:07Z,2026-08-22T06:45:07+0200,81890fbb-3a1d-466f-b50a-dc03bf877707,2026-08-01T16:15:00Z,2026-08-01T18:15:00+0200,43865.35,MW,FR,FR,actual_load,Actual Load,2026-08-22T04:46:30Z
2026-08-22T04:45:07Z,2026-08-22T06:45:07+0200,81890fbb-3a1d-466f-b50a-dc03bf877707,2026-08-01T16:30:00Z,2026-08-01T18:30:00+0200,43940.94,MW,FR,FR,actual_load,Actual Load,2026-08-22T04:46:30Z
2026-08-22T04:45:07Z,2026-08-22T06:45:07+0200,81890fbb-3a1d-466f-b50a-dc03bf877707,2026-08-01T16:45:00Z,2026-08-01T18:45:00+0200,44318.04,MW,FR,FR,actual_load,Actual Load,2026-08-22T04:46:30Z
2026-08-22T04:45:07Z,2026-08-22T06:45:07+0200,81890fbb-3a1d-466f-b50a-dc03bf877707,2026-08-01T17:00:00Z,2026-08-01T19:00:00+0200,44433.45,MW,FR,FR,actual_load,Actual Load,2026-08-22T04:46:30Z
2026-08-22T04:45:07Z,2026-08-22T06:45:07+0200,81890fbb-3a1d-466f-b50a-dc03bf877707,2026-08-01T17:15:00Z,2026-08-01T19:15:00+0200,44424.55,MW,FR,FR,actual_load,Actual Load,2026-08-22T04:46:30Z
2026-08-22T04:45:07Z,2026-08-22T06:45:07+0200,81890fbb-3a1d-466f-b50a-dc03bf877707,2026-08-01T17:30:00Z,2026-08-01T19:30:00+0200,44319.12,MW,FR,FR,actual_load,Actual Load,2026-08-22T04:46:30Z
2026-08-22T04:45:07Z,2026-08-22T06:45:07+0200,81890fbb-3a1d-466f-b50a-dc03bf877707,2026-08-01T17:45:00Z,2026-08-01T19:45:00+0200,44216.76,MW,FR,FR,actual_load,Actual Load,2026-08-22T04:46:30Z
2026-08-22T04:45:07Z,2026-08-22T06:45:07+0200,81890fbb-3a1d-466f-b50a-dc03bf877707,2026-08-01T18:00:00Z,2026-08-01T20:00:00+0200,43727.09,MW,FR,FR,actual_load,Actual Load,2026-08-22T04:46:30Z
2026-08-22T04:45:07Z,2026-08-22T06:45:07+0200,81890fbb-3a1d-466f-b50a-dc03bf877707,2026-08-01T18:15:00Z,2026-08-01T20:15:00+0200,43293.25,MW,FR,FR,actual_load,Actual Load,2026-08-22T04:46:30Z
2026-08-22T04:45:07Z,2026-08-22T06:45:07+0200,81890fbb-3a1d-466f-b50a-dc03bf877707,2026-08-01T18:30:00Z,2026-08-01T20:30:00+0200,42774.27,MW,FR,FR,actual_load,Actual Load,2026-08-22T04:46:30Z
2026-08-22T04:45:07Z,2026-08-22T06:45:07+0200,81890fbb-3a1d-466f-b50a-dc03bf877707,2026-08-01T18:45:00Z,2026-08-01T20:45:00+0200,42391.07,MW,FR,FR,actual_load,Actual Load,2026-08-22T04:46:30Z
2026-08-22T04:45:07Z,2026-08-22T06:45:07+0200,81890fbb-3a1d-466f-b50a-dc03bf877707,2026-08-01T19:00:00Z,2026-08-01T21:00:00+0200,42416.72,MW,FR,FR,actual_load,Actual Load,2026-08-22T04:46:30Z
2026-08-22T04:45:07Z,2026-08-22T06:45:07+0200,81890fbb-3a1d-466f-b50a-dc03bf877707,2026-08-01T19:15:00Z,2026-08-01T21:15:00+0200,42193.8,MW,FR,FR,actual_load,Actual Load,2026-08-22T04:46:30Z
2026-08-22T04:45:07Z,2026-08-22T06:45:07+0200,81890fbb-3a1d-466f-b50a-dc03bf877707,2026-08-01T19:30:00Z,2026-08-01T21:30:00+0200,42207.84,MW,FR,FR,actual_load,Actual Load,2026-08-22T04:46:30Z
2026-08-22T04:45:07Z,2026-08-22T06:45:07+0200,81890fbb-3a1d-466f-b50a-dc03bf877707,2026-08-01T19:45:00Z,2026-08-01T21:45:00+0200,42072.29,MW,FR,FR,actual_load,Actual Load,2026-08-22T04:46:30Z
2026-08-22T04:45:07Z,2026-08-22T06:45:07+0200,81890fbb-3a1d-466f-b50a-dc03bf877707,2026-08-01T20:00:00Z,2026-08-01T22:00:00+0200,42951.84,MW,FR,FR,actual_load,Actual Load,2026-08-22T04:46:30Z
2026-08-22T04:45:07Z,2026-08-22T06:45:07+0200,81890fbb-3a1d-466f-b50a-dc03bf877707,2026-08-01T20:15:00Z,2026-08-01T22:15:00+0200,42595.4,MW,FR,FR,actual_load,Actual Load,2026-08-22T04:46:30Z
2026-08-22T04:45:07Z,2026-08-22T06:45:07+0200,81890fbb-3a1d-466f-b50a-dc03bf877707,2026-08-01T20:30:00Z,2026-08-01T22:30:00+0200,43646.48,MW,FR,FR,actual_load,Actual Load,2026-08-22T04:46:30Z
2026-08-22T04:45:07Z,2026-08-22T06:45:07+0200,81890fbb-3a1d-466f-b50a-dc03bf877707,2026-08-01T20:45:00Z,2026-08-01T22:45:00+0200,43130.95,MW,FR,FR,actual_load,Actual Load,2026-08-22T04:46:30Z
2026-08-22T04:45:07Z,2026-08-22T06:45:07+0200,81890fbb-3a1d-466f-b50a-dc03bf877707,2026-08-01T21:00:00Z,2026-08-01T23:00:00+0200,42876.6,MW,FR,FR,actual_load,Actual Load,2026-08-22T04:46:30Z
2026-08-22T04:45:07Z,2026-08-22T06:45:07+0200,81890fbb-3a1d-466f-b50a-dc03bf877707,2026-08-01T21:15:00Z,2026-08-01T23:15:00+0200,42108.71,MW,FR,FR,actual_load,Actual Load,2026-08-22T04:46:30Z
2026-08-22T04:45:07Z,2026-08-22T06:45:07+0200,81890fbb-3a1d-466f-b50a-dc03bf877707,2026-08-01T21:30:00Z,2026-08-01T23:30:00+0200,42279.14,MW,FR,FR,actual_load,Actual Load,2026-08-22T04:46:30Z
2026-08-22T04:45:07Z,2026-08-22T06:45:07+0200,81890fbb-3a1d-466f-b50a-dc03bf877707,2026-08-01T21:45:00Z,2026-08-01T23:45:00+0200,41370.74,MW,FR,FR,actual_load,Actual Load,2026-08-22T04:46:30Z
2026-08-22T04:45:07Z,2026-08-22T06:45:07+0200,81890fbb-3a1d-466f-b50a-dc03bf877707,2026-08-01T22:00:00Z,2026-08-02T00:00:00+0200,41171.11,MW,FR,FR,actual_load,Actual Load,2026-08-22T04:46:30Z
2026-08-22T04:45:07Z,2026-08-22T06:45:07+0200,81890fbb-3a1d-466f-b50a-dc03bf877707,2026-08-01T22:15:00Z,2026-08-02T00:15:00+0200,40246.45,MW,FR,FR,actual_load,Actual Load,2026-08-22T04:46:30Z
2026-08-22T04:45:07Z,2026-08-22T06:45:07+0200,81890fbb-3a1d-466f-b50a-dc03bf877707,2026-08-01T22:30:00Z,2026-08-02T00:30:00+0200,39076.19,MW,FR,FR,actual_load,Actual Load,2026-08-22T04:46:30Z
2026-08-22T04:45:07Z,2026-08-22T06:45:07+0200,81890fbb-3a1d-466f-b50a-dc03bf877707,2026-08-01T22:45:00Z,2026-08-02T00:45:00+0200,38061.28,MW,FR,FR,actual_load,Actual Load,2026-08-22T04:46:30Z
2026-08-22T04:45:07Z,2026-08-22T06:45:07+0200,81890fbb-3a1d-466f-b50a-dc03bf877707,2026-08-01T23:00:00Z,2026-08-02T01:00:00+0200,38369.16,MW,FR,FR,actual_load,Actual Load,2026-08-22T04:46:30Z
2026-08-22T04:45:07Z,2026-08-22T06:45:07+0200,81890fbb-3a1d-466f-b50a-dc03bf877707,2026-08-01T23:15:00Z,2026-08-02T01:15:00+0200,37757.15,MW,FR,FR,actual_load,Actual Load,2026-08-22T04:46:30Z
2026-08-22T04:45:07Z,2026-08-22T06:45:07+0200,81890fbb-3a1d-466f-b50a-dc03bf877707,2026-08-01T23:30:00Z,2026-08-02T01:30:00+0200,37622.45,MW,FR,FR,actual_load,Actual Load,2026-08-22T04:46:30Z
2026-08-22T04:45:07Z,2026-08-22T06:45:07+0200,81890fbb-3a1d-466f-b50a-dc03bf877707,2026-08-01T23:45:00Z,2026-08-02T01:45:00+0200,36803.19,MW,FR,FR,actual_load,Actual Load,2026-08-22T04:46:30Z
2026-08-22T04:45:07Z,2026-08-22T06:45:07+0200,81890fbb-3a1d-466f-b50a-dc03bf877707,2026-08-02T00:00:00Z,2026-08-02T02:00:00+0200,36517.78,MW,FR,FR,actual_load,Actual Load,2026-08-22T04:46:30Z
2026-08-22T04:45:07Z,2026-08-22T06:45:07+0200,81890fbb-3a1d-466f-b50a-dc03bf877707,2026-08-02T00:15:00Z,2026-08-02T02:15:00+0200,35634.33,MW,FR,FR,actual_load,Actual Load,2026-08-22T04:46:30Z
2026-08-22T04:45:07Z,2026-08-22T06:45:07+0200,81890fbb-3a1d-466f-b50a-dc03bf877707,2026-08-02T00:30:00Z,2026-08-02T02:30:00+0200,34968.02,MW,FR,FR,actual_load,Actual Load,2026-08-22T04:46:30Z
2026-08-22T04:45:07Z,2026-08-22T06:45:07+0200,81890fbb-3a1d-466f-b50a-dc03bf877707,2026-08-02T00:45:00Z,2026-08-02T02:45:00+0200,34284.52,MW,FR,FR,actual_load,Actual Load,2026-08-22T04:46:30Z
2026-08-22T04:45:07Z,2026-08-22T06:45:07+0200,81890fbb-3a1d-466f-b50a-dc03bf877707,2026-08-02T01:00:00Z,2026-08-02T03:00:00+0200,33933.45,MW,FR,FR,actual_load,Actual Load,2026-08-22T04:46:30Z
2026-08-22T04:45:07Z,2026-08-22T06:45:07+0200,81890fbb-3a1d-466f-b50a-dc03bf877707,2026-08-02T01:15:00Z,2026-08-02T03:15:00+0200,33416.63,MW,FR,FR,actual_load,Actual Load,2026-08-22T04:46:30Z
2026-08-22T04:45:07Z,2026-08-22T06:45:07+0200,81890fbb-3a1d-466f-b50a-dc03bf877707,2026-08-02T01:30:00Z,2026-08-02T03:30:00+0200,32934.72,MW,FR,FR,actual_load,Actual Load,2026-08-22T04:46:30Z
2026-08-22T04:45:07Z,2026-08-22T06:45:07+0200,81890fbb-3a1d-466f-b50a-dc03bf877707,2026-08-02T01:45:00Z,2026-08-02T03:45:00+0200,32901.13,MW,FR,FR,actual_load,Actual Load,2026-08-22T04:46:30Z
2026-08-22T04:45:07Z,2026-08-22T06:45:07+0200,81890fbb-3a1d-466f-b50a-dc03bf877707,2026-08-02T02:00:00Z,2026-08-02T04:00:00+0200,32789.13,MW,FR,FR,actual_load,Actual Load,2026-08-22T04:46:30Z
2026-08-22T04:45:07Z,2026-08-22T06:45:07+0200,81890fbb-3a1d-466f-b50a-dc03bf877707,2026-08-02T02:15:00Z,2026-08-02T04:15:00+0200,32703.26,MW,FR,FR,actual_load,Actual Load,2026-08-22T04:46:30Z
2026-08-22T04:45:07Z,2026-08-22T06:45:07+0200,81890fbb-3a1d-466f-b50a-dc03bf877707,2026-08-02T02:30:00Z,2026-08-02T04:30:00+0200,32451.48,MW,FR,FR,actual_load,Actual Load,2026-08-22T04:46:30Z
2026-08-22T04:45:07Z,2026-08-22T06:45:07+0200,81890fbb-3a1d-466f-b50a-dc03bf877707,2026-08-02T02:45:00Z,2026-08-02T04:45:00+0200,32373.53,MW,FR,FR,actual_load,Actual Load,2026-08-22T04:46:30Z
2026-08-22T04:45:07Z,2026-08-22T06:45:07+0200,81890fbb-3a1d-466f-b50a-dc03bf877707,2026-08-02T03:00:00Z,2026-08-02T05:00:00+0200,32725.54,MW,FR,FR,actual_load,Actual Load,2026-08-22T04:46:30Z
2026-08-22T04:45:07Z,2026-08-22T06:45:07+0200,81890fbb-3a1d-466f-b50a-dc03bf877707,2026-08-02T03:15:00Z,2026-08-02T05:15:00+0200,32541.97,MW,FR,FR,actual_load,Actual Load,2026-08-22T04:46:30Z
2026-08-22T04:45:07Z,2026-08-22T06:45:07+0200,81890fbb-3a1d-466f-b50a-dc03bf877707,2026-08-02T03:30:00Z,2026-08-02T05:30:00+0200,32494.58,MW,FR,FR,actual_load,Actual Load,2026-08-22T04:46:30Z
2026-08-22T04:45:07Z,2026-08-22T06:45:07+0200,81890fbb-3a1d-466f-b50a-dc03bf877707,2026-08-02T03:45:00Z,2026-08-02T05:45:00+0200,32448.83,MW,FR,FR,actual_load,Actual Load,2026-08-22T04:46:30Z
2026-08-22T04:45:07Z,2026-08-22T06:45:07+0200,81890fbb-3a1d-466f-b50a-dc03bf877707,2026-08-02T04:00:00Z,2026-08-02T06:00:00+0200,32491.04,MW,FR,FR,actual_load,Actual Load,2026-08-22T04:46:30Z
2026-08-22T04:45:07Z,2026-08-22T06:45:07+0200,81890fbb-3a1d-466f-b50a-dc03bf877707,2026-08-02T04:15:00Z,2026-08-02T06:15:00+0200,32301.46,MW,FR,FR,actual_load,Actual Load,2026-08-22T04:46:30Z
2026-08-22T04:45:07Z,2026-08-22T06:45:07+0200,81890fbb-3a1d-466f-b50a-dc03bf877707,2026-08-02T04:30:00Z,2026-08-02T06:30:00+0200,32133.0,MW,FR,FR,actual_load,Actual Load,2026-08-22T04:46:30Z
2026-08-22T04:45:07Z,2026-08-22T06:45:07+0200,81890fbb-3a1d-466f-b50a-dc03bf877707,2026-08-02T04:45:00Z,2026-08-02T06:45:00+0200,32171.79,MW,FR,FR,actual_load,Actual Load,2026-08-22T04:46:30Z
2026-08-22T04:45:07Z,2026-08-22T06:45:07+0200,81890fbb-3a1d-466f-b50a-dc03bf877707,2026-08-02T05:00:00Z,2026-08-02T07:00:00+0200,32095.29,MW,FR,FR,actual_load,Actual Load,2026-08-22T04:46:30Z
2026-08-22T04:45:07Z,2026-08-22T06:45:07+0200,81890fbb-3a1d-466f-b50a-dc03bf877707,2026-08-02T05:15:00Z,2026-08-02T07:15:00+0200,32186.29,MW,FR,FR,actual_load,Actual Load,2026-08-22T04:46:30Z
2026-08-22T04:45:07Z,2026-08-22T06:45:07+0200,81890fbb-3a1d-466f-b50a-dc03bf877707,2026-08-02T05:30:00Z,2026-08-02T07:30:00+0200,32306.54,MW,FR,FR,actual_load,Actual Load,2026-08-22T04:46:30Z
2026-08-22T04:45:07Z,2026-08-22T06:45:07+0200,81890fbb-3a1d-466f-b50a-dc03bf877707,2026-08-02T05:45:00Z,2026-08-02T07:45:00+0200,32661.23,MW,FR,FR,actual_load,Actual Load,2026-08-22T04:46:30Z
2026-08-22T04:45:07Z,2026-08-22T06:45:07+0200,81890fbb-3a1d-466f-b50a-dc03bf877707,2026-08-02T06:00:00Z,2026-08-02T08:00:00+0200,33063.67,MW,FR,FR,actual_load,Actual Load,2026-08-22T04:46:30Z
2026-08-22T04:45:07Z,2026-08-22T06:45:07+0200,81890fbb-3a1d-466f-b50a-dc03bf877707,2026-08-02T06:15:00Z,2026-08-02T08:15:00+0200,33484.47,MW,FR,FR,actual_load,Actual Load,2026-08-22T04:46:30Z
2026-08-22T04:45:07Z,2026-08-22T06:45:07+0200,81890fbb-3a1d-466f-b50a-dc03bf877707,2026-08-02T06:30:00Z,2026-08-02T08:30:00+0200,33945.89,MW,FR,FR,actual_load,Actual Load,2026-08-22T04:46:30Z
2026-08-22T04:45:07Z,2026-08-22T06:45:07+0200,81890fbb-3a1d-466f-b50a-dc03bf877707,2026-08-02T06:45:00Z,2026-08-02T08:45:00+0200,34608.25,MW,FR,FR,actual_load,Actual Load,2026-08-22T04:46:30Z
2026-08-22T04:45:07Z,2026-08-22T06:45:07+0200,81890fbb-3a1d-466f-b50a-dc03bf877707,2026-08-02T07:00:00Z,2026-08-02T09:00:00+0200,35146.26,MW,FR,FR,actual_load,Actual Load,2026-08-22T04:46:30Z
2026-08-22T04:45:07Z,2026-08-22T06:45:07+0200,81890fbb-3a1d-466f-b50a-dc03bf877707,2026-08-02T07:15:00Z,2026-08-02T09:15:00+0200,35942.01,MW,FR,FR,actual_load,Actual Load,2026-08-22T04:46:30Z
2026-08-22T04:45:07Z,2026-08-22T06:45:07+0200,81890fbb-3a1d-466f-b50a-dc03bf877707,2026-08-02T07:30:00Z,2026-08-02T09:30:00+0200,36580.17,MW,FR,FR,actual_load,Actual Load,2026-08-22T04:46:30Z
2026-08-22T04:45:07Z,2026-08-22T06:45:07+0200,81890fbb-3a1d-466f-b50a-dc03bf877707,2026-08-02T07:45:00Z,2026-08-02T09:45:00+0200,37207.64,MW,FR,FR,actual_load,Actual Load,2026-08-22T04:46:30Z
2026-08-22T04:45:07Z,2026-08-22T06:45:07+0200,81890fbb-3a1d-466f-b50a-dc03bf877707,2026-08-02T08:00:00Z,2026-08-02T10:00:00+0200,37743.63,MW,FR,FR,actual_load,Actual Load,2026-08-22T04:46:30Z
2026-08-22T04:45:07Z,2026-08-22T06:45:07+0200,81890fbb-3a1d-466f-b50a-dc03bf877707,2026-08-02T08:15:00Z,2026-08-02T10:15:00+0200,38323.6,MW,FR,FR,actual_load,Actual Load,2026-08-22T04:46:30Z
2026-08-22T04:45:07Z,2026-08-22T06:45:07+0200,81890fbb-3a1d-466f-b50a-dc03bf877707,2026-08-02T08:30:00Z,2026-08-02T10:30:00+0200,38742.91,MW,FR,FR,actual_load,Actual Load,2026-08-22T04:46:30Z
2026-08-22T04:45:07Z,2026-08-22T06:45:07+0200,81890fbb-3a1d-466f-b50a-dc03bf877707,2026-08-02T08:45:00Z,2026-08-02T10:45:00+0200,39313.89,MW,FR,FR,actual_load,Actual Load,2026-08-22T04:46:30Z
2026-08-22T04:45:07Z,2026-08-22T06:45:07+0200,81890fbb-3a1d-466f-b50a-dc03bf877707,2026-08-02T09:00:00Z,2026-08-02T11:00:00+0200,39838.26,MW,FR,FR,actual_load,Actual Load,2026-08-22T04:46:30Z
2026-08-22T04:45:07Z,2026-08-22T06:45:07+0200,81890fbb-3a1d-466f-b50a-dc03bf877707,2026-08-02T09:15:00Z,2026-08-02T11:15:00+0200,40327.28,MW,FR,FR,actual_load,Actual Load,2026-08-22T04:46:30Z
2026-08-22T04:45:07Z,2026-08-22T06:45:07+0200,81890fbb-3a1d-466f-b50a-dc03bf877707,2026-08-02T09:30:00Z,2026-08-02T11:30:00+0200,41025.11,MW,FR,FR,actual_load,Actual Load,2026-08-22T04:46:30Z
2026-08-22T04:45:07Z,2026-08-22T06:45:07+0200,81890fbb-3a1d-466f-b50a-dc03bf877707,2026-08-02T09:45:00Z,2026-08-02T11:45:00+0200,42250.51,MW,FR,FR,actual_load,Actual Load,2026-08-22T04:46:30Z
2026-08-22T04:45:07Z,2026-08-22T06:45:07+0200,81890fbb-3a1d-466f-b50a-dc03bf877707,2026-08-02T10:00:00Z,2026-08-02T12:00:00+0200,42977.68,MW,FR,FR,actual_load,Actual Load,2026-08-22T04:46:30Z
2026-08-22T04:45:07Z,2026-08-22T06:45:07+0200,81890fbb-3a1d-466f-b50a-dc03bf877707,2026-08-02T10:15:00Z,2026-08-02T12:15:00+0200,42896.62,MW,FR,FR,actual_load,Actual Load,2026-08-22T04:46:30Z
2026-08-22T04:45:07Z,2026-08-22T06:45:07+0200,81890fbb-3a1d-466f-b50a-dc03bf877707,2026-08-02T10:30:00Z,2026-08-02T12:30:00+0200,42912.05,MW,FR,FR,actual_load,Actual Load,2026-08-22T04:46:30Z
2026-08-22T04:45:07Z,2026-08-22T06:45:07+0200,81890fbb-3a1d-466f-b50a-dc03bf877707,2026-08-02T10:45:00Z,2026-08-02T12:45:00+0200,42356.37,MW,FR,FR,actual_load,Actual Load,2026-08-22T04:46:30Z
2026-08-22T04:45:07Z,2026-08-22T06:45:07+0200,81890fbb-3a1d-466f-b50a-dc03bf877707,2026-08-02T11:00:00Z,2026-08-02T13:00:00+0200,42039.79,MW,FR,FR,actual_load,Actual Load,2026-08-22T04:46:30Z
2026-08-22T04:45:07Z,2026-08-22T06:45:07+0200,81890fbb-3a1d-466f-b50a-dc03bf877707,2026-08-02T11:15:00Z,2026-08-02T13:15:00+0200,41469.68,MW,FR,FR,actual_load,Actual Load,2026-08-22T04:46:30Z
2026-08-22T04:45:07Z,2026-08-22T06:45:07+0200,81890fbb-3a1d-466f-b50a-dc03bf877707,2026-08-02T11:30:00Z,2026-08-02T13:30:00+0200,41113.71,MW,FR,FR,actual_load,Actual Load,2026-08-22T04:46:30Z
2026-08-22T04:45:07Z,2026-08-22T06:45:07+0200,81890fbb-3a1d-466f-b50a-dc03bf877707,2026-08-02T11:45:00Z,2026-08-02T13:45:00+0200,40911.72,MW,FR,FR,actual_load,Actual Load,2026-08-22T04:46:30Z
2026-08-22T04:45:07Z,2026-08-22T06:45:07+0200,81890fbb-3a1d-466f-b50a-dc03bf877707,2026-08-02T12:00:00Z,2026-08-02T14:00:00+0200,42001.55,MW,FR,FR,actual_load,Actual Load,2026-08-22T04:46:30Z
2026-08-22T04:45:07Z,2026-08-22T06:45:07+0200,81890fbb-3a1d-466f-b50a-dc03bf877707,2026-08-02T12:15:00Z,2026-08-02T14:15:00+0200,42398.45,MW,FR,FR,actual_load,Actual Load,2026-08-22T04:46:30Z
2026-08-22T04:45:07Z,2026-08-22T06:45:07+0200,81890fbb-3a1d-466f-b50a-dc03bf877707,2026-08-02T12:30:00Z,2026-08-02T14:30:00+0200,42414.91,MW,FR,FR,actual_load,Actual Load,2026-08-22T04:46:30Z
2026-08-22T04:45:07Z,2026-08-22T06:45:07+0200,81890fbb-3a1d-466f-b50a-dc03bf877707,2026-08-02T12:45:00Z,2026-08-02T14:45:00+0200,42001.28,MW,FR,FR,actual_load,Actual Load,2026-08-22T04:46:30Z
2026-08-22T04:45:07Z,2026-08-22T06:45:07+0200,81890fbb-3a1d-466f-b50a-dc03bf877707,2026-08-02T13:00:00Z,2026-08-02T15:00:00+0200,42164.03,MW,FR,FR,actual_load,Actual Load,2026-08-22T04:46:30Z
2026-08-22T04:45:07Z,2026-08-22T06:45:07+0200,81890fbb-3a1d-466f-b50a-dc03bf877707,2026-08-02T13:15:00Z,2026-08-02T15:15:00+0200,42079.55,MW,FR,FR,actual_load,Actual Load,2026-08-22T04:46:30Z
2026-08-22T04:45:07Z,2026-08-22T06:45:07+0200,81890fbb-3a1d-466f-b50a-dc03bf877707,2026-08-02T13:30:00Z,2026-08-02T15:30:00+0200,41596.46,MW,FR,FR,actual_load,Actual Load,2026-08-22T04:46:30Z
2026-08-22T04:45:07Z,2026-08-22T06:45:07+0200,81890fbb-3a1d-466f-b50a-dc03bf877707,2026-08-02T13:45:00Z,2026-08-02T15:45:00+0200,41520.37,MW,FR,FR,actual_load,Actual Load,2026-08-22T04:46:30Z
2026-08-22T04:45:07Z,2026-08-22T06:45:07+0200,81890fbb-3a1d-466f-b50a-dc03bf877707,2026-08-02T14:00:00Z,2026-08-02T16:00:00+0200,41565.31,MW,FR,FR,actual_load,Actual Load,2026-08-22T04:46:30Z
2026-08-22T04:45:07Z,2026-08-22T06:45:07+0200,81890fbb-3a1d-466f-b50a-dc03bf877707,2026-08-02T14:15:00Z,2026-08-02T16:15:00+0200,41587.16,MW,FR,FR,actual_load,Actual Load,2026-08-22T04:46:30Z
2026-08-22T04:45:07Z,2026-08-22T06:45:07+0200,81890fbb-3a1d-466f-b50a-dc03bf877707,2026-08-02T14:30:00Z,2026-08-02T16:30:00+0200,41599.19,MW,FR,FR,actual_load,Actual Load,2026-08-22T04:46:30Z
2026-08-22T04:45:07Z,2026-08-22T06:45:07+0200,81890fbb-3a1d-466f-b50a-dc03bf877707,2026-08-02T14:45:00Z,2026-08-02T16:45:00+0200,41699.01,MW,FR,FR,actual_load,Actual Load,2026-08-22T04:46:30Z
2026-08-22T04:45:07Z,2026-08-22T06:45:07+0200,81890fbb-3a1d-466f-b50a-dc03bf877707,2026-08-02T15:00:00Z,2026-08-02T17:00:00+0200,41892.24,MW,FR,FR,actual_load,Actual Load,2026-08-22T04:46:30Z
2026-08-22T04:45:07Z,2026-08-22T06:45:07+0200,81890fbb-3a1d-466f-b50a-dc03bf877707,2026-08-02T15:15:00Z,2026-08-02T17:15:00+0200,42307.79,MW,FR,FR,actual_load,Actual Load,2026-08-22T04:46:30Z
2026-08-22T04:45:07Z,2026-08-22T06:45:07+0200,81890fbb-3a1d-466f-b50a-dc03bf877707,2026-08-02T15:30:00Z,2026-08-02T17:30:00+0200,42746.94,MW,FR,FR,actual_load,Actual Load,2026-08-22T04:46:30Z
2026-08-22T04:45:07Z,2026-08-22T06:45:07+0200,81890fbb-3a1d-466f-b50a-dc03bf877707,2026-08-02T15:45:00Z,2026-08-02T17:45:00+0200,43189.93,MW,FR,FR,actual_load,Actual Load,2026-08-22T04:46:30Z
2026-08-22T04:45:07Z,2026-08-22T06:45:07+0200,81890fbb-3a1d-466f-b50a-dc03bf877707,2026-08-02T16:00:00Z,2026-08-02T18:00:00+0200,43566.05,MW,FR,FR,actual_load,Actual Load,2026-08-22T04:46:30Z
2026-08-22T04:45:07Z,2026-08-22T06:45:07+0200,81890fbb-3a1d-466f-b50a-dc03bf877707,2026-08-02T16:15:00Z,2026-08-02T18:15:00+0200,43720.4,MW,FR,FR,actual_load,Actual Load,2026-08-22T04:46:30Z
2026-08-22T04:45:07Z,2026-08-22T06:45:07+0200,81890fbb-3a1d-466f-b50a-dc03bf877707,2026-08-02T16:30:00Z,2026-08-02T18:30:00+0200,44248.98,MW,FR,FR,actual_load,Actual Load,2026-08-22T04:46:30Z
2026-08-22T04:45:07Z,2026-08-22T06:45:07+0200,81890fbb-3a1d-466f-b50a-dc03bf877707,2026-08-02T16:45:00Z,2026-08-02T18:45:00+0200,44694.36,MW,FR,FR,actual_load,Actual Load,2026-08-22T04:46:30Z
2026-08-22T04:45:07Z,2026-08-22T06:45:07+0200,81890fbb-3a1d-466f-b50a-dc03bf877707,2026-08-02T17:00:00Z,2026-08-02T19:00:00+0200,44864.32,MW,FR,FR,actual_load,Actual Load,2026-08-22T04:46:30Z
2026-08-22T04:45:07Z,2026-08-22T06:45:07+0200,81890fbb-3a1d-466f-b50a-dc03bf877707,2026-08-02T17:15:00Z,2026-08-02T19:15:00+0200,45046.47,MW,FR,FR,actual_load,Actual Load,2026-08-22T04:46:30Z
2026-08-22T04:45:07Z,2026-08-22T06:45:07+0200,81890fbb-3a1d-466f-b50a-dc03bf877707,2026-08-02T17:30:00Z,2026-08-02T19:30:00+0200,45146.02,MW,FR,FR,actual_load,Actual Load,2026-08-22T04:46:30Z
2026-08-22T04:45:07Z,2026-08-22T06:45:07+0200,81890fbb-3a1d-466f-b50a-dc03bf877707,2026-08-02T17:45:00Z,2026-08-02T19:45:00+0200,45102.07,MW,FR,FR,actual_load,Actual Load,2026-08-22T04:46:30Z
2026-08-22T04:45:07Z,2026-08-22T06:45:07+0200,81890fbb-3a1d-466f-b50a-dc03bf877707,2026-08-02T18:00:00Z,2026-08-02T20:00:00+0200,44813.4,MW,FR,FR,actual_load,Actual Load,2026-08-22T04:46:30Z
2026-08-22T04:45:07Z,2026-08-22T06:45:07+0200,81890fbb-3a1d-466f-b50a-dc03bf877707,2026-08-02T18:15:00Z,2026-08-02T20:15:00+0200,44355.94,MW,FR,FR,actual_load,Actual Load,2026-08-22T04:46:30Z
2026-08-22T04:45:07Z,2026-08-22T06:45:07+0200,81890fbb-3a1d-466f-b50a-dc03bf877707,2026-08-02T18:30:00Z,2026-08-02T20:30:00+0200,44002.32,MW,FR,FR,actual_load,Actual Load,2026-08-22T04:46:30Z
2026-08-22T04:45:07Z,2026-08-22T06:45:07+0200,81890fbb-3a1d-466f-b50a-dc03bf877707,2026-08-02T18:45:00Z,2026-08-02T20:45:00+0200,43786.48,MW,FR,FR,actual_load,Actual Load,2026-08-22T04:46:30Z
2026-08-22T04:45:07Z,2026-08-22T06:45:07+0200,81890fbb-3a1d-466f-b50a-dc03bf877707,2026-08-02T19:00:00Z,2026-08-02T21:00:00+0200,43890.46,MW,FR,FR,actual_load,Actual Load,2026-08-22T04:46:30Z
2026-08-22T04:45:07Z,2026-08-22T06:45:07+0200,81890fbb-3a1d-466f-b50a-dc03bf877707,2026-08-02T19:15:00Z,2026-08-02T21:15:00+0200,43793.64,MW,FR,FR,actual_load,Actual Load,2026-08-22T04:46:30Z
2026-08-22T04:45:07Z,2026-08-22T06:45:07+0200,81890fbb-3a1d-466f-b50a-dc03bf877707,2026-08-02T19:30:00Z,2026-08-02T21:30:00+0200,43942.2,MW,FR,FR,actual_load,Actual Load,2026-08-22T04:46:30Z
2026-08-22T04:45:07Z,2026-08-22T06:45:07+0200,81890fbb-3a1d-466f-b50a-dc03bf877707,2026-08-02T19:45:00Z,2026-08-02T21:45:00+0200,43788.1,MW,FR,FR,actual_load,Actual Load,2026-08-22T04:46:30Z
2026-08-22T04:45:07Z,2026-08-22T06:45:07+0200,81890fbb-3a1d-466f-b50a-dc03bf877707,2026-08-02T20:00:00Z,2026-08-02T22:00:00+0200,44649.58,MW,FR,FR,actual_load,Actual Load,2026-08-22T04:46:30Z
2026-08-22T04:45:07Z,2026-08-22T06:45:07+0200,81890fbb-3a1d-466f-b50a-dc03bf877707,2026-08-02T20:15:00Z,2026-08-02T22:15:00+0200,44230.63,MW,FR,FR,actual_load,Actual Load,2026-08-22T04:46:30Z
2026-08-22T04:45:07Z,2026-08-22T06:45:07+0200,81890fbb-3a1d-466f-b50a-dc03bf877707,2026-08-02T20:30:00Z,2026-08-02T22:30:00+0200,45414.3,MW,FR,FR,actual_load,Actual Load,2026-08-22T04:46:30Z
2026-08-22T04:45:07Z,2026-08-22T06:45:07+0200,81890fbb-3a1d-466f-b50a-dc03bf877707,2026-08-02T20:45:00Z,2026-08-02T22:45:00+0200,44764.87,MW,FR,FR,actual_load,Actual Load,2026-08-22T04:46:30Z
2026-08-22T04:45:07Z,2026-08-22T06:45:07+0200,81890fbb-3a1d-466f-b50a-dc03bf877707,2026-08-02T21:00:00Z,2026-08-02T23:00:00+0200,44332.68,MW,FR,FR,actual_load,Actual Load,2026-08-22T04:46:30Z
2026-08-22T04:45:07Z,2026-08-22T06:45:07+0200,81890fbb-3a1d-466f-b50a-dc03bf877707,2026-08-02T21:15:00Z,2026-08-02T23:15:00+0200,43319.38,MW,FR,FR,actual_load,Actual Load,2026-08-22T04:46:30Z
2026-08-22T04:45:07Z,2026-08-22T06:45:07+0200,81890fbb-3a1d-466f-b50a-dc03bf877707,2026-08-02T21:30:00Z,2026-08-02T23:30:00+0200,43431.15,MW,FR,FR,actual_load,Actual Load,2026-08-22T04:46:30Z
2026-08-22T04:45:07Z,2026-08-22T06:45:07+0200,81890fbb-3a1d-466f-b50a-dc03bf877707,2026-08-02T21:45:00Z,2026-08-02T23:45:00+0200,42376.67,MW,FR,FR,actual_load,Actual Load,2026-08-22T04:46:30Z
2026-08-22T04:45:07Z,2026-08-22T06:45:07+0200,81890fbb-3a1d-466f-b50a-dc03bf877707,2026-08-02T22:00:00Z,2026-08-03T00:00:00+0200,42082.54,MW,FR,FR,actual_load,Actual Load,2026-08-22T04:46:30Z
2026-08-22T04:45:07Z,2026-08-22T06:45:07+0200,81890fbb-3a1d-466f-b50a-dc03bf877707,2026-08-02T22:15:00Z,2026-08-03T00:15:00+0200,41102.11,MW,FR,FR,actual_load,Actual Load,2026-08-22T04:46:30Z
2026-08-22T04:45:07Z,2026-08-22T06:45:07+0200,81890fbb-3a1d-466f-b50a-dc03bf877707,2026-08-02T22:30:00Z,2026-08-03T00:30:00+0200,39715.81,MW,FR,FR,actual_load,Actual Load,2026-08-22T04:46:30Z
2026-08-22T04:45:07Z,2026-08-22T06:45:07+0200,81890fbb-3a1d-466f-b50a-dc03bf877707,2026-08-02T22:45:00Z,2026-08-03T00:45:00+0200,38814.74,MW,FR,FR,actual_load,Actual Load,2026-08-22T04:46:30Z
2026-08-22T04:45:07Z,2026-08-22T06:45:07+0200,81890fbb-3a1d-466f-b50a-dc03bf877707,2026-08-02T23:00:00Z,2026-08-03T01:00:00+0200,39171.69,MW,FR,FR,actual_load,Actual Load,2026-08-22T04:46:30Z
2026-08-22T04:45:07Z,2026-08-22T06:45:07+0200,81890fbb-3a1d-466f-b50a-dc03bf877707,2026-08-02T23:15:00Z,2026-08-03T01:15:00+0200,38640.36,MW,FR,FR,actual_load,Actual Load,2026-08-22T04:46:30Z
2026-08-22T04:45:07Z,2026-08-22T06:45:07+0200,81890fbb-3a1d-466f-b50a-dc03bf877707,2026-08-02T23:30:00Z,2026-08-03T01:30:00+0200,38605.06,MW,FR,FR,actual_load,Actual Load,2026-08-22T04:46:30Z
2026-08-22T04:45:07Z,2026-08-22T06:45:07+0200,81890fbb-3a1d-466f-b50a-dc03bf877707,2026-08-02T23:45:00Z,2026-08-03T01:45:00+0200,37806.8,MW,FR,FR,actual_load,Actual Load,2026-08-22T04:46:30Z
2026-08-22T04:45:07Z,2026-08-22T06:45:07+0200,81890fbb-3a1d-466f-b50a-dc03bf877707,2026-08-03T00:00:00Z,2026-08-03T02:00:00+0200,37619.44,MW,FR,FR,actual_load,Actual Load,2026-08-22T04:46:30Z
2026-08-22T04:45:07Z,2026-08-22T06:45:07+0200,81890fbb-3a1d-466f-b50a-dc03bf877707,2026-08-03T00:15:00Z,2026-08-03T02:15:00+0200,36697.21,MW,FR,FR,actual_load,Actual Load,2026-08-22T04:46:30Z
2026-08-22T04:45:07Z,2026-08-22T06:45:07+0200,81890fbb-3a1d-466f-b50a-dc03bf877707,2026-08-03T00:30:00Z,2026-08-03T02:30:00+0200,36069.21,MW,FR,FR,actual_load,Actual Load,2026-08-22T04:46:30Z
2026-08-22T04:45:07Z,2026-08-22T06:45:07+0200,81890fbb-3a1d-466f-b50a-dc03bf877707,2026-08-03T00:45:00Z,2026-08-03T02:45:00+0200,35415.43,MW,FR,FR,actual_load,Actual Load,2026-08-22T04:46:30Z
2026-08-22T04:45:07Z,2026-08-22T06:45:07+0200,81890fbb-3a1d-466f-b50a-dc03bf877707,2026-08-03T01:00:00Z,2026-08-03T03:00:00+0200,35017.03,MW,FR,FR,actual_load,Actual Load,2026-08-22T04:46:30Z
2026-08-22T04:45:07Z,2026-08-22T06:45:07+0200,81890fbb-3a1d-466f-b50a-dc03bf877707,2026-08-03T01:15:00Z,2026-08-03T03:15:00+0200,34746.7,MW,FR,FR,actual_load,Actual Load,2026-08-22T04:46:30Z
2026-08-22T04:45:07Z,2026-08-22T06:45:07+0200,81890fbb-3a1d-466f-b50a-dc03bf877707,2026-08-03T01:30:00Z,2026-08-03T03:30:00+0200,34538.72,MW,FR,FR,actual_load,Actual Load,2026-08-22T04:46:30Z
2026-08-22T04:45:07Z,2026-08-22T06:45:07+0200,81890fbb-3a1d-466f-b50a-dc03bf877707,2026-08-03T01:45:00Z,2026-08-03T03:45:00+0200,34336.63,MW,FR,FR,actual_load,Actual Load,2026-08-22T04:46:30Z
2026-08-22T04:45:07Z,2026-08-22T06:45:07+0200,81890fbb-3a1d-466f-b50a-dc03bf877707,2026-08-03T02:00:00Z,2026-08-03T04:00:00+0200,34343.29,MW,FR,FR,actual_load,Actual Load,2026-08-22T04:46:30Z
2026-08-22T04:45:07Z,2026-08-22T06:45:07+0200,81890fbb-3a1d-466f-b50a-dc03bf877707,2026-08-03T02:15:00Z,2026-08-03T04:15:00+0200,34242.67,MW,FR,FR,actual_load,Actual Load,2026-08-22T04:46:30Z
2026-08-22T04:45:07Z,2026-08-22T06:45:07+0200,81890fbb-3a1d-466f-b50a-dc03bf877707,2026-08-03T02:30:00Z,2026-08-03T04:30:00+0200,34315.06,MW,FR,FR,actual_load,Actual Load,2026-08-22T04:46:30Z
2026-08-22T04:45:07Z,2026-08-22T06:45:07+0200,81890fbb-3a1d-466f-b50a-dc03bf877707,2026-08-03T02:45:00Z,2026-08-03T04:45:00+0200,34429.3,MW,FR,FR,actual_load,Actual Load,2026-08-22T04:46:30Z
2026-08-22T04:45:07Z,2026-08-22T06:45:07+0200,81890fbb-3a1d-466f-b50a-dc03bf877707,2026-08-03T03:00:00Z,2026-08-03T05:00:00+0200,34961.2,MW,FR,FR,actual_load,Actual Load,2026-08-22T04:46:30Z
2026-08-22T04:45:07Z,2026-08-22T06:45:07+0200,81890fbb-3a1d-466f-b50a-dc03bf877707,2026-08-03T03:15:00Z,2026-08-03T05:15:00+0200,35375.88,MW,FR,FR,actual_load,Actual Load,2026-08-22T04:46:30Z
2026-08-22T04:45:07Z,2026-08-22T06:45:07+0200,81890fbb-3a1d-466f-b50a-dc03bf877707,2026-08-03T03:30:00Z,2026-08-03T05:30:00+0200,35780.43,MW,FR,FR,actual_load,Actual Load,2026-08-22T04:46:30Z
2026-08-22T04:45:07Z,2026-08-22T06:45:07+0200,81890fbb-3a1d-466f-b50a-dc03bf877707,2026-08-03T03:45:00Z,2026-08-03T05:45:00+0200,36103.39,MW,FR,FR,actual_load,Actual Load,2026-08-22T04:46:30Z
2026-08-22T04:45:07Z,2026-08-22T06:45:07+0200,81890fbb-3a1d-466f-b50a-dc03bf877707,2026-08-03T04:00:00Z,2026-08-03T06:00:00+0200,36986.57,MW,FR,FR,actual_load,Actual Load,2026-08-22T04:46:30Z
2026-08-22T04:45:07Z,2026-08-22T06:45:07+0200,81890fbb-3a1d-466f-b50a-dc03bf877707,2026-08-03T04:15:00Z,2026-08-03T06:15:00+0200,37261.51,MW,FR,FR,actual_load,Actual Load,2026-08-22T04:46:30Z
2026-08-22T04:45:07Z,2026-08-22T06:45:07+0200,81890fbb-3a1d-466f-b50a-dc03bf877707,2026-08-03T04:30:00Z,2026-08-03T06:30:00+0200,37517.88,MW,FR,FR,actual_load,Actual Load,2026-08-22T04:46:30Z
2026-08-22T04:45:07Z,2026-08-22T06:45:07+0200,81890fbb-3a1d-466f-b50a-dc03bf877707,2026-08-03T04:45:00Z,2026-08-03T06:45:00+0200,37969.48,MW,FR,FR,actual_load,Actual Load,2026-08-22T04:46:30Z
2026-08-22T04:45:07Z,2026-08-22T06:45:07+0200,81890fbb-3a1d-466f-b50a-dc03bf877707,2026-08-03T05:00:00Z,2026-08-03T07:00:00+0200,38638.95,MW,FR,FR,actual_load,Actual Load,2026-08-22T04:46:30Z
2026-08-22T04:45:07Z,2026-08-22T06:45:07+0200,81890fbb-3a1d-466f-b50a-dc03bf877707,2026-08-03T05:15:00Z,2026-08-03T07:15:00+0200,39188.91,MW,FR,FR,actual_load,Actual Load,2026-08-22T04:46:30Z
2026-08-22T04:45:07Z,2026-08-22T06:45:07+0200,81890fbb-3a1d-466f-b50a-dc03bf877707,2026-08-03T05:30:00Z,2026-08-03T07:30:00+0200,39671.02,MW,FR,FR,actual_load,Actual Load,2026-08-22T04:46:30Z
2026-08-22T04:45:07Z,2026-08-22T06:45:07+0200,81890fbb-3a1d-466f-b50a-dc03bf877707,2026-08-03T05:45:00Z,2026-08-03T07:45:00+0200,40414.73,MW,FR,FR,actual_load,Actual Load,2026-08-22T04:46:30Z
2026-08-22T04:45:07Z,2026-08-22T06:45:07+0200,81890fbb-3a1d-466f-b50a-dc03bf877707,2026-08-03T06:00:00Z,2026-08-03T08:00:00+0200,41253.17,MW,FR,FR,actual_load,Actual Load,2026-08-22T04:46:30Z
2026-08-22T04:45:07Z,2026-08-22T06:45:07+0200,81890fbb-3a1d-466f-b50a-dc03bf877707,2026-08-03T06:15:00Z,2026-08-03T08:15:00+0200,42019.86,MW,FR,FR,actual_load,Actual Load,2026-08-22T04:46:30Z
2026-08-22T04:45:07Z,2026-08-22T06:45:07+0200,81890fbb-3a1d-466f-b50a-dc03bf877707,2026-08-03T06:30:00Z,2026-08-03T08:30:00+0200,42431.72,MW,FR,FR,actual_load,Actual Load,2026-08-22T04:46:30Z
2026-08-22T04:45:07Z,2026-08-22T06:45:07+0200,81890fbb-3a1d-466f-b50a-dc03bf877707,2026-08-03T06:45:00Z,2026-08-03T08:45:00+0200,43001.11,MW,FR,FR,actual_load,Actual Load,2026-08-22T04:46:30Z
2026-08-22T04:45:07Z,2026-08-22T06:45:07+0200,81890fbb-3a1d-466f-b50a-dc03bf877707,2026-08-03T07:00:00Z,2026-08-03T09:00:00+0200,43667.69,MW,FR,FR,actual_load,Actual Load,2026-08-22T04:46:30Z
2026-08-22T04:45:07Z,2026-08-22T06:45:07+0200,81890fbb-3a1d-466f-b50a-dc03bf877707,2026-08-03T07:15:00Z,2026-08-03T09:15:00+0200,44165.89,MW,FR,FR,actual_load,Actual Load,2026-08-22T04:46:30Z
2026-08-22T04:45:07Z,2026-08-22T06:45:07+0200,81890fbb-3a1d-466f-b50a-dc03bf877707,2026-08-03T07:30:00Z,2026-08-03T09:30:00+0200,44655.39,MW,FR,FR,actual_load,Actual Load,2026-08-22T04:46:30Z
2026-08-22T04:45:07Z,2026-08-22T06:45:07+0200,81890fbb-3a1d-466f-b50a-dc03bf877707,2026-08-03T07:45:00Z,2026-08-03T09:45:00+0200,45217.3,MW,FR,FR,actual_load,Actual Load,2026-08-22T04:46:30Z
2026-08-22T04:45:07Z,2026-08-22T06:45:07+0200,81890fbb-3a1d-466f-b50a-dc03bf877707,2026-08-03T08:00:00Z,2026-08-03T10:00:00+0200,45763.66,MW,FR,FR,actual_load,Actual Load,2026-08-22T04:46:30Z
2026-08-22T04:45:07Z,2026-08-22T06:45:07+0200,81890fbb-3a1d-466f-b50a-dc03bf877707,2026-08-03T08:15:00Z,2026-08-03T10:15:00+0200,46359.45,MW,FR,FR,actual_load,Actual Load,2026-08-22T04:46:30Z
2026-08-22T04:45:07Z,2026-08-22T06:45:07+0200,81890fbb-3a1d-466f-b50a-dc03bf877707,2026-08-03T08:30:00Z,2026-08-03T10:30:00+0200,46927.95,MW,FR,FR,actual_load,Actual Load,2026-08-22T04:46:30Z
2026-08-22T04:45:07Z,2026-08-22T06:45:07+0200,81890fbb-3a1d-466f-b50a-dc03bf877707,2026-08-03T08:45:00Z,2026-08-03T10:45:00+0200,47381.49,MW,FR,FR,actual_load,Actual Load,2026-08-22T04:46:30Z
2026-08-22T04:45:07Z,2026-08-22T06:45:07+0200,81890fbb-3a1d-466f-b50a-dc03bf877707,2026-08-03T09:00:00Z,2026-08-03T11:00:00+0200,47721.21,MW,FR,FR,actual_load,Actual Load,2026-08-22T04:46:30Z
2026-08-22T04:45:07Z,2026-08-22T06:45:07+0200,81890fbb-3a1d-466f-b50a-dc03bf877707,2026-08-03T09:15:00Z,2026-08-03T11:15:00+0200,48265.21,MW,FR,FR,actual_load,Actual Load,2026-08-22T04:46:30Z
2026-08-22T04:45:07Z,2026-08-22T06:45:07+0200,81890fbb-3a1d-466f-b50a-dc03bf877707,2026-08-03T09:30:00Z,2026-08-03T11:30:00+0200,48754.09,MW,FR,FR,actual_load,Actual Load,2026-08-22T04:46:30Z
2026-08-22T04:45:07Z,2026-08-22T06:45:07+0200,81890fbb-3a1d-466f-b50a-dc03bf877707,2026-08-03T09:45:00Z,2026-08-03T11:45:00+0200,49249.23,MW,FR,FR,actual_load,Actual Load,2026-08-22T04:46:30Z
2026-08-22T04:45:07Z,2026-08-22T06:45:07+0200,81890fbb-3a1d-466f-b50a-dc03bf877707,2026-08-03T10:00:00Z,2026-08-03T12:00:00+0200,49965.93,MW,FR,FR,actual_load,Actual Load,2026-08-22T04:46:30Z
2026-08-22T04:45:07Z,2026-08-22T06:45:07+0200,81890fbb-3a1d-466f-b50a-dc03bf877707,2026-08-03T10:15:00Z,2026-08-03T12:15:00+0200,50210.57,MW,FR,FR,actual_load,Actual Load,2026-08-22T04:46:30Z
2026-08-22T04:45:07Z,2026-08-22T06:45:07+0200,81890fbb-3a1d-466f-b50a-dc03bf877707,2026-08-03T10:30:00Z,2026-08-03T12:30:00+0200,50872.05,MW,FR,FR,actual_load,Actual Load,2026-08-22T04:46:30Z
2026-08-22T04:45:07Z,2026-08-22T06:45:07+0200,81890fbb-3a1d-466f-b50a-dc03bf877707,2026-08-03T10:45:00Z,2026-08-03T12:45:00+0200,50549.46,MW,FR,FR,actual_load,Actual Load,2026-08-22T04:46:30Z
2026-08-22T04:45:07Z,2026-08-22T06:45:07+0200,81890fbb-3a1d-466f-b50a-dc03bf877707,2026-08-03T11:00:00Z,2026-08-03T13:00:00+0200,50657.25,MW,FR,FR,actual_load,Actual Load,2026-08-22T04:46:30Z
2026-08-22T04:45:07Z,2026-08-22T06:45:07+0200,81890fbb-3a1d-466f-b50a-dc03bf877707,2026-08-03T11:15:00Z,2026-08-03T13:15:00+0200,50215.34,MW,FR,FR,actual_load,Actual Load,2026-08-22T04:46:30Z
2026-08-22T04:45:07Z,2026-08-22T06:45:07+0200,81890fbb-3a1d-466f-b50a-dc03bf877707,2026-08-03T11:30:00Z,2026-08-03T13:30:00+0200,50176.96,MW,FR,FR,actual_load,Actual Load,2026-08-22T04:46:30Z
2026-08-22T04:45:07Z,2026-08-22T06:45:07+0200,81890fbb-3a1d-466f-b50a-dc03bf877707,2026-08-03T11:45:00Z,2026-08-03T13:45:00+0200,50390.52,MW,FR,FR,actual_load,Actual Load,2026-08-22T04:46:30Z
2026-08-22T04:45:07Z,2026-08-22T06:45:07+0200,81890fbb-3a1d-466f-b50a-dc03bf877707,2026-08-03T12:00:00Z,2026-08-03T14:00:00+0200,51475.88,MW,FR,FR,actual_load,Actual Load,2026-08-22T04:46:30Z
2026-08-22T04:45:07Z,2026-08-22T06:45:07+0200,81890fbb-3a1d-466f-b50a-dc03bf877707,2026-08-03T12:15:00Z,2026-08-03T14:15:00+0200,51397.98,MW,FR,FR,actual_load,Actual Load,2026-08-22T04:46:30Z
2026-08-22T04:45:07Z,2026-08-22T06:45:07+0200,81890fbb-3a1d-466f-b50a-dc03bf877707,2026-08-03T12:30:00Z,2026-08-03T14:30:00+0200,51314.2,MW,FR,FR,actual_load,Actual Load,2026-08-22T04:46:30Z
2026-08-22T04:45:07Z,2026-08-22T06:45:07+0200,81890fbb-3a1d-466f-b50a-dc03bf877707,2026-08-03T12:45:00Z,2026-08-03T14:45:00+0200,50929.93,MW,FR,FR,actual_load,Actual Load,2026-08-22T04:46:30Z
2026-08-22T04:45:07Z,2026-08-22T06:45:07+0200,81890fbb-3a1d-466f-b50a-dc03bf877707,2026-08-03T13:00:00Z,2026-08-03T15:00:00+0200,51246.22,MW,FR,FR,actual_load,Actual Load,2026-08-22T04:46:30Z
2026-08-22T04:45:07Z,2026-08-22T06:45:07+0200,81890fbb-3a1d-466f-b50a-dc03bf877707,2026-08-03T13:15:00Z,2026-08-03T15:15:00+0200,50759.53,MW,FR,FR,actual_load,Actual Load,2026-08-22T04:46:30Z
2026-08-22T04:45:07Z,2026-08-22T06:45:07+0200,81890fbb-3a1d-466f-b50a-dc03bf877707,2026-08-03T13:30:00Z,2026-08-03T15:30:00+0200,50084.73,MW,FR,FR,actual_load,Actual Load,2026-08-22T04:46:30Z
2026-08-22T04:45:07Z,2026-08-22T06:45:07+0200,81890fbb-3a1d-466f-b50a-dc03bf877707,2026-08-03T13:45:00Z,2026-08-03T15:45:00+0200,49893.05,MW,FR,FR,actual_load,Actual Load,2026-08-22T04:46:30Z
2026-08-22T04:45:07Z,2026-08-22T06:45:07+0200,81890fbb-3a1d-466f-b50a-dc03bf877707,2026-08-03T14:00:00Z,2026-08-03T16:00:00+0200,49727.9,MW,FR,FR,actual_load,Actual Load,2026-08-22T04:46:30Z
2026-08-22T04:45:07Z,2026-08-22T06:45:07+0200,81890fbb-3a1d-466f-b50a-dc03bf877707,2026-08-03T14:15:00Z,2026-08-03T16:15:00+0200,49733.24,MW,FR,FR,actual_load,Actual Load,2026-08-22T04:46:30Z
2026-08-22T04:45:07Z,2026-08-22T06:45:07+0200,81890fbb-3a1d-466f-b50a-dc03bf877707,2026-08-03T14:30:00Z,2026-08-03T16:30:00+0200,49729.67,MW,FR,FR,actual_load,Actual Load,2026-08-22T04:46:30Z
2026-08-22T04:45:07Z,2026-08-22T06:45:07+0200,81890fbb-3a1d-466f-b50a-dc03bf877707,2026-08-03T14:45:00Z,2026-08-03T16:45:00+0200,49454.07,MW,FR,FR,actual_load,Actual Load,2026-08-22T04:46:30Z
2026-08-22T04:45:07Z,2026-08-22T06:45:07+0200,81890fbb-3a1d-466f-b50a-dc03bf877707,2026-08-03T15:00:00Z,2026-08-03T17:00:00+0200,49172.03,MW,FR,FR,actual_load,Actual Load,2026-08-22T04:46:30Z
2026-08-22T04:45:07Z,2026-08-22T06:45:07+0200,81890fbb-3a1d-466f-b50a-dc03bf877707,2026-08-03T15:15:00Z,2026-08-03T17:15:00+0200,49037.23,MW,FR,FR,actual_load,Actual Load,2026-08-22T04:46:30Z
2026-08-22T04:45:07Z,2026-08-22T06:45:07+0200,81890fbb-3a1d-466f-b50a-dc03bf877707,2026-08-03T15:30:00Z,2026-08-03T17:30:00+0200,49163.84,MW,FR,FR,actual_load,Actual Load,2026-08-22T04:46:30Z
2026-08-22T04:45:07Z,2026-08-22T06:45:07+0200,81890fbb-3a1d-466f-b50a-dc03bf877707,2026-08-03T15:45:00Z,2026-08-03T17:45:00+0200,49181.16,MW,FR,FR,actual_load,Actual Load,2026-08-22T04:46:30Z
2026-08-22T04:45:07Z,2026-08-22T06:45:07+0200,81890fbb-3a1d-466f-b50a-dc03bf877707,2026-08-03T16:00:00Z,2026-08-03T18:00:00+0200,49123.45,MW,FR,FR,actual_load,Actual Load,2026-08-22T04:46:30Z
2026-08-22T04:45:07Z,2026-08-22T06:45:07+0200,81890fbb-3a1d-466f-b50a-dc03bf877707,2026-08-03T16:15:00Z,2026-08-03T18:15:00+0200,49248.63,MW,FR,FR,actual_load,Actual Load,2026-08-22T04:46:30Z
2026-08-22T04:45:07Z,2026-08-22T06:45:07+0200,81890fbb-3a1d-466f-b50a-dc03bf877707,2026-08-03T16:30:00Z,2026-08-03T18:30:00+0200,49495.03,MW,FR,FR,actual_load,Actual Load,2026-08-22T04:46:30Z
2026-08-22T04:45:07Z,2026-08-22T06:45:07+0200,81890fbb-3a1d-466f-b50a-dc03bf877707,2026-08-03T16:45:00Z,2026-08-03T18:45:00+0200,49591.45,MW,FR,FR,actual_load,Actual Load,2026-08-22T04:46:30Z
2026-08-22T04:45:07Z,2026-08-22T06:45:07+0200,81890fbb-3a1d-466f-b50a-dc03bf877707,2026-08-03T17:00:00Z,2026-08-03T19:00:00+0200,49386.35,MW,FR,FR,actual_load,Actual Load,2026-08-22T04:46:30Z
2026-08-22T04:45:07Z,2026-08-22T06:45:07+0200,81890fbb-3a1d-466f-b50a-dc03bf877707,2026-08-03T17:15:00Z,2026-08-03T19:15:00+0200,49336.32,MW,FR,FR,actual_load,Actual Load,2026-08-22T04:46:30Z
2026-08-22T04:45:07Z,2026-08-22T06:45:07+0200,81890fbb-3a1d-466f-b50a-dc03bf877707,2026-08-03T17:30:00Z,2026-08-03T19:30:00+0200,49234.65,MW,FR,FR,actual_load,Actual Load,2026-08-22T04:46:30Z
2026-08-22T04:45:07Z,2026-08-22T06:45:07+0200,81890fbb-3a1d-466f-b50a-dc03bf877707,2026-08-03T17:45:00Z,2026-08-03T19:45:00+0200,49046.69,MW,FR,FR,actual_load,Actual Load,2026-08-22T04:46:30Z
2026-08-22T04:45:07Z,2026-08-22T06:45:07+0200,81890fbb-3a1d-466f-b50a-dc03bf877707,2026-08-03T18:00:00Z,2026-08-03T20:00:00+0200,48614.01,MW,FR,FR,actual_load,Actual Load,2026-08-22T04:46:30Z
2026-08-22T04:45:07Z,2026-08-22T06:45:07+0200,81890fbb-3a1d-466f-b50a-dc03bf877707,2026-08-03T18:15:00Z,2026-08-03T20:15:00+0200,47617.33,MW,FR,FR,actual_load,Actual Load,2026-08-22T04:46:30Z
2026-08-22T04:45:07Z,2026-08-22T06:45:07+0200,81890fbb-3a1d-466f-b50a-dc03bf877707,2026-08-03T18:30:00Z,2026-08-03T20:30:00+0200,46881.48,MW,FR,FR,actual_load,Actual Load,2026-08-22T04:46:30Z
2026-08-22T04:45:07Z,2026-08-22T06:45:07+0200,81890fbb-3a1d-466f-b50a-dc03bf877707,2026-08-03T18:45:00Z,2026-08-03T20:45:00+0200,46640.92,MW,FR,FR,actual_load,Actual Load,2026-08-22T04:46:30Z
2026-08-22T04:45:07Z,2026-08-22T06:45:07+0200,81890fbb-3a1d-466f-b50a-dc03bf877707,2026-08-03T19:00:00Z,2026-08-03T21:00:00+0200,46434.63,MW,FR,FR,actual_load,Actual Load,2026-08-22T04:46:30Z
2026-08-22T04:45:07Z,2026-08-22T06:45:07+0200,81890fbb-3a1d-466f-b50a-dc03bf877707,2026-08-03T19:15:00Z,2026-08-03T21:15:00+0200,46164.21,MW,FR,FR,actual_load,Actual Load,2026-08-22T04:46:30Z
2026-08-22T04:45:07Z,2026-08-22T06:45:07+0200,81890fbb-3a1d-466f-b50a-dc03bf877707,2026-08-03T19:30:00Z,2026-08-03T21:30:00+0200,46076.21,MW,FR,FR,actual_load,Actual Load,2026-08-22T04:46:30Z
2026-08-22T04:45:07Z,2026-08-22T06:45:07+0200,81890fbb-3a1d-466f-b50a-dc03bf877707,2026-08-03T19:45:00Z,2026-08-03T21:45:00+0200,45572.68,MW,FR,FR,actual_load,Actual Load,2026-08-22T04:46:30Z
2026-08-22T04:45:07Z,2026-08-22T06:45:07+0200,81890fbb-3a1d-466f-b50a-dc03bf877707,2026-08-03T20:00:00Z,2026-08-03T22:00:00+0200,46355.15,MW,FR,FR,actual_load,Actual Load,2026-08-22T04:46:30Z
2026-08-22T04:45:07Z,2026-08-22T06:45:07+0200,81890fbb-3a1d-466f-b50a-dc03bf877707,2026-08-03T20:15:00Z,2026-08-03T22:15:00+0200,45854.82,MW,FR,FR,actual_load,Actual Load,2026-08-22T04:46:30Z
2026-08-22T04:45:07Z,2026-08-22T06:45:07+0200,81890fbb-3a1d-466f-b50a-dc03bf877707,2026-08-03T20:30:00Z,2026-08-03T22:30:00+0200,46951.59,MW,FR,FR,actual_load,Actual Load,2026-08-22T04:46:30Z
2026-08-22T04:45:07Z,2026-08-22T06:45:07+0200,81890fbb-3a1d-466f-b50a-dc03bf877707,2026-08-03T20:45:00Z,2026-08-03T22:45:00+0200,46270.98,MW,FR,FR,actual_load,Actual Load,2026-08-22T04:46:30Z
2026-08-22T04:45:07Z,2026-08-22T06:45:07+0200,81890fbb-3a1d-466f-b50a-dc03bf877707,2026-08-03T21:00:00Z,2026-08-03T23:00:00+0200,45847.34,MW,FR,FR,actual_load,Actual Load,2026-08-22T04:46:30Z
2026-08-22T04:45:07Z,2026-08-22T06:45:07+0200,81890fbb-3a1d-466f-b50a-dc03bf877707,2026-08-03T21:15:00Z,2026-08-03T23:15:00+0200,44798.46,MW,FR,FR,actual_load,Actual Load,2026-08-22T04:46:30Z
2026-08-22T04:45:07Z,2026-08-22T06:45:07+0200,81890fbb-3a1d-466f-b50a-dc03bf877707,2026-08-03T21:30:00Z,2026-08-03T23:30:00+0200,44581.59,MW,FR,FR,actual_load,Actual Load,2026-08-22T04:46:30Z
2026-08-22T04:45:07Z,2026-08-22T06:45:07+0200,81890fbb-3a1d-466f-b50a-dc03bf877707,2026-08-03T21:45:00Z,2026-08-03T23:45:00+0200,43715.95,MW,FR,FR,actual_load,Actual Load,2026-08-22T04:46:30Z
2026-08-22T04:45:07Z,2026-08-22T06:45:07+0200,81890fbb-3a1d-466f-b50a-dc03bf877707,2026-08-03T22:00:00Z,2026-08-04T00:00:00+0200,43685.25,MW,FR,FR,actual_load,Actual Load,2026-08-22T04:46:30Z
2026-08-22T04:45:07Z,2026-08-22T06:45:07+0200,81890fbb-3a1d-466f-b50a-dc03bf877707,2026-08-03T22:15:00Z,2026-08-04T00:15:00+0200,42438.43,MW,FR,FR,actual_load,Actual Load,2026-08-22T04:46:30Z
2026-08-22T04:45:07Z,2026-08-22T06:45:07+0200,81890fbb-3a1d-466f-b50a-dc03bf877707,2026-08-03T22:30:00Z,2026-08-04T00:30:00+0200,41593.83,MW,FR,FR,actual_load,Actual Load,2026-08-22T04:46:30Z
2026-08-22T04:45:07Z,2026-08-22T06:45:07+0200,81890fbb-3a1d-466f-b50a-dc03bf877707,2026-08-03T22:45:00Z,2026-08-04T00:45:00+0200,40489.75,MW,FR,FR,actual_load,Actual Load,2026-08-22T04:46:30Z
2026-08-22T04:45:07Z,2026-08-22T06:45:07+0200,81890fbb-3a1d-466f-b50a-dc03bf877707,2026-08-03T23:00:00Z,2026-08-04T01:00:00+0200,40777.05,MW,FR,FR,actual_load,Actual Load,2026-08-22T04:46:30Z
2026-08-22T04:45:07Z,2026-08-22T06:45:07+0200,81890fbb-3a1d-466f-b50a-dc03bf877707,2026-08-03T23:15:00Z,2026-08-04T01:15:00+0200,40134.95,MW,FR,FR,actual_load,Actual Load,2026-08-22T04:46:30Z
2026-08-22T04:45:07Z,2026-08-22T06:45:07+0200,81890fbb-3a1d-466f-b50a-dc03bf877707,2026-08-03T23:30:00Z,2026-08-04T01:30:00+0200,40075.34,MW,FR,FR,actual_load,Actual Load,2026-08-22T04:46:30Z
2026-08-22T04:45:07Z,2026-08-22T06:45:07+0200,81890fbb-3a1d-466f-b50a-dc03bf877707,2026-08-03T23:45:00Z,2026-08-04T01:45:00+0200,39270.22,MW,FR,FR,actual_load,Actual Load,2026-08-22T04:46:30Z
2026-08-22T04:45:07Z,2026-08-22T06:45:07+0200,81890fbb-3a1d-466f-b50a-dc03bf877707,2026-08-04T00:00:00Z,2026-08-04T02:00:00+0200,38906.95,MW,FR,FR,actual_load,Actual Load,2026-08-22T04:46:30Z
2026-08-22T04:45:07Z,2026-08-22T06:45:07+0200,81890fbb-3a1d-466f-b50a-dc03bf877707,2026-08-04T00:15:00Z,2026-08-04T02:15:00+0200,38049.02,MW,FR,FR,actual_load,Actual Load,2026-08-22T04:46:30Z
2026-08-22T04:45:07Z,2026-08-22T06:45:07+0200,81890fbb-3a1d-466f-b50a-dc03bf877707,2026-08-04T00:30:00Z,2026-08-04T02:30:00+0200,37308.95,MW,FR,FR,actual_load,Actual Load,2026-08-22T04:46:30Z
2026-08-22T04:45:07Z,2026-08-22T06:45:07+0200,81890fbb-3a1d-466f-b50a-dc03bf877707,2026-08-04T00:45:00Z,2026-08-04T02:45:00+0200,36753.95,MW,FR,FR,actual_load,Actual Load,2026-08-22T04:46:30Z
2026-08-22T04:45:07Z,2026-08-22T06:45:07+0200,81890fbb-3a1d-466f-b50a-dc03bf877707,2026-08-04T01:00:00Z,2026-08-04T03:00:00+0200,36427.71,MW,FR,FR,actual_load,Actual Load,2026-08-22T04:46:30Z
2026-08-22T04:45:07Z,2026-08-22T06:45:07+0200,81890fbb-3a1d-466f-b50a-dc03bf877707,2026-08-04T01:15:00Z,2026-08-04T03:15:00+0200,36004.96,MW,FR,FR,actual_load,Actual Load,2026-08-22T04:46:30Z
2026-08-22T04:45:07Z,2026-08-22T06:45:07+0200,81890fbb-3a1d-466f-b50a-dc03bf877707,2026-08-04T01:30:00Z,2026-08-04T03:30:00+0200,35718.06,MW,FR,FR,actual_load,Actual Load,2026-08-22T04:46:30Z
2026-08-22T04:45:07Z,2026-08-22T06:45:07+0200,81890fbb-3a1d-466f-b50a-dc03bf877707,2026-08-04T01:45:00Z,2026-08-04T03:45:00+0200,35589.02,MW,FR,FR,actual_load,Actual Load,2026-08-22T04:46:30Z
2026-08-22T04:45:07Z,2026-08-22T06:45:07+0200,81890fbb-3a1d-466f-b50a-dc03bf877707,2026-08-04T02:00:00Z,2026-08-04T04:00:00+0200,35634.46,MW,FR,FR,actual_load,Actual Load,2026-08-22T04:46:30Z
2026-08-22T04:45:07Z,2026-08-22T06:45:07+0200,81890fbb-3a1d-466f-b50a-dc03bf877707,2026-08-04T02:15:00Z,2026-08-04T04:15:00+0200,35436.44,MW,FR,FR,actual_load,Actual Load,2026-08-22T04:46:30Z
2026-08-22T04:45:07Z,2026-08-22T06:45:07+0200,81890fbb-3a1d-466f-b50a-dc03bf877707,2026-08-04T02:30:00Z,2026-08-04T04:30:00+0200,35410.57,MW,FR,FR,actual_load,Actual Load,2026-08-22T04:46:30Z
2026-08-22T04:45:07Z,2026-08-22T06:45:07+0200,81890fbb-3a1d-466f-b50a-dc03bf877707,2026-08-04T02:45:00Z,2026-08-04T04:45:00+0200,35728.84,MW,FR,FR,actual_load,Actual Load,2026-08-22T04:46:30Z
2026-08-22T04:45:07Z,2026-08-22T06:45:07+0200,81890fbb-3a1d-466f-b50a-dc03bf877707,2026-08-04T03:00:00Z,2026-08-04T05:00:00+0200,36341.19,MW,FR,FR,actual_load,Actual Load,2026-08-22T04:46:30Z
2026-08-22T04:45:07Z,2026-08-22T06:45:07+0200,81890fbb-3a1d-466f-b50a-dc03bf877707,2026-08-04T03:15:00Z,2026-08-04T05:15:00+0200,36644.3,MW,FR,FR,actual_load,Actual Load,2026-08-22T04:46:30Z
2026-08-22T04:45:07Z,2026-08-22T06:45:07+0200,81890fbb-3a1d-466f-b50a-dc03bf877707,2026-08-04T03:30:00Z,2026-08-04T05:30:00+0200,37107.83,MW,FR,FR,actual_load,Actual Load,2026-08-22T04:46:30Z
2026-08-22T04:45:07Z,2026-08-22T06:45:07+0200,81890fbb-3a1d-466f-b50a-dc03bf877707,2026-08-04T03:45:00Z,2026-08-04T05:45:00+0200,37339.24,MW,FR,FR,actual_load,Actual Load,2026-08-22T04:46:30Z
2026-08-22T04:45:07Z,2026-08-22T06:45:07+0200,81890fbb-3a1d-466f-b50a-dc03bf877707,2026-08-04T04:00:00Z,2026-08-04T06:00:00+0200,37863.5,MW,FR,FR,actual_load,Actual Load,2026-08-22T04:46:30Z
2026-08-22T04:45:07Z,2026-08-22T06:45:07+0200,81890fbb-3a1d-466f-b50a-dc03bf877707,2026-08-04T04:15:00Z,2026-08-04T06:15:00+0200,38269.08,MW,FR,FR,actual_load,Actual Load,2026-08-22T04:46:30Z
2026-08-22T04:45:07Z,2026-08-22T06:45:07+0200,81890fbb-3a1d-466f-b50a-dc03bf877707,2026-08-04T04:30:00Z,2026-08-04T06:30:00+0200,38505.36,MW,FR,FR,actual_load,Actual Load,2026-08-22T04:46:30Z
2026-08-22T04:45:07Z,2026-08-22T06:45:07+0200,81890fbb-3a1d-466f-b50a-dc03bf877707,2026-08-04T04:45:00Z,2026-08-04T06:45:00+0200,38870.17,MW,FR,FR,actual_load,Actual Load,2026-08-22T04:46:30Z
2026-08-22T04:45:07Z,2026-08-22T06:45:07+0200,81890fbb-3a1d-466f-b50a-dc03bf877707,2026-08-04T05:00:00Z,2026-08-04T07:00:00+0200,39346.14,MW,FR,FR,actual_load,Actual Load,2026-08-22T04:46:30Z
2026-08-22T04:45:07Z,2026-08-22T06:45:07+0200,81890fbb-3a1d-466f-b50a-dc03bf877707,2026-08-04T05:15:00Z,2026-08-04T07:15:00+0200,40025.12,MW,FR,FR,actual_load,Actual Load,2026-08-22T04:46:30Z
2026-08-22T04:45:07Z,2026-08-22T06:45:07+0200,81890fbb-3a1d-466f-b50a-dc03bf877707,2026-08-04T05:30:00Z,2026-08-04T07:30:00+0200,40578.26,MW,FR,FR,actual_load,Actual Load,2026-08-22T04:46:30Z
2026-08-22T04:45:07Z,2026-08-22T06:45:07+0200,81890fbb-3a1d-466f-b50a-dc03bf877707,2026-08-04T05:45:00Z,2026-08-04T07:45:00+0200,41368.97,MW,FR,FR,actual_load,Actual Load,2026-08-22T04:46:30Z
2026-08-22T04:45:07Z,2026-08-22T06:45:07+0200,81890fbb-3a1d-466f-b50a-dc03bf877707,2026-08-04T06:00:00Z,2026-08-04T08:00:00+0200,42170.52,MW,FR,FR,actual_load,Actual Load,2026-08-22T04:46:30Z
2026-08-22T04:45:07Z,2026-08-22T06:45:07+0200,81890fbb-3a1d-466f-b50a-dc03bf877707,2026-08-04T06:15:00Z,2026-08-04T08:15:00+0200,42795.89,MW,FR,FR,actual_load,Actual Load,2026-08-22T04:46:30Z
2026-08-22T04:45:07Z,2026-08-22T06:45:07+0200,81890fbb-3a1d-466f-b50a-dc03bf877707,2026-08-04T06:30:00Z,2026-08-04T08:30:00+0200,43220.98,MW,FR,FR,actual_load,Actual Load,2026-08-22T04:46:30Z
2026-08-22T04:45:07Z,2026-08-22T06:45:07+0200,81890fbb-3a1d-466f-b50a-dc03bf877707,2026-08-04T06:45:00Z,2026-08-04T08:45:00+0200,43782.77,MW,FR,FR,actual_load,Actual Load,2026-08-22T04:46:30Z
2026-08-22T04:45:07Z,2026-08-22T06:45:07+0200,81890fbb-3a1d-466f-b50a-dc03bf877707,2026-08-04T07:00:00Z,2026-08-04T09:00:00+0200,44082.92,MW,FR,FR,actual_load,Actual Load,2026-08-22T04:46:30Z
2026-08-22T04:45:07Z,2026-08-22T06:45:07+0200,81890fbb-3a1d-466f-b50a-dc03bf877707,2026-08-04T07:15:00Z,2026-08-04T09:15:00+0200,44780.8,MW,FR,FR,actual_load,Actual Load,2026-08-22T04:46:30Z
2026-08-22T04:45:07Z,2026-08-22T06:45:07+0200,81890fbb-3a1d-466f-b50a-dc03bf877707,2026-08-04T07:30:00Z,2026-08-04T09:30:00+0200,45461.67,MW,FR,FR,actual_load,Actual Load,2026-08-22T04:46:30Z
2026-08-22T04:45:07Z,2026-08-22T06:45:07+0200,81890fbb-3a1d-466f-b50a-dc03bf877707,2026-08-04T07:45:00Z,2026-08-04T09:45:00+0200,45927.08,MW,FR,FR,actual_load,Actual Load,2026-08-22T04:46:30Z
2026-08-22T04:45:07Z,2026-08-22T06:45:07+0200,81890fbb-3a1d-466f-b50a-dc03bf877707,2026-08-04T08:00:00Z,2026-08-04T10:00:00+0200,46390.58,MW,FR,FR,actual_load,Actual Load,2026-08-22T04:46:30Z
2026-08-22T04:45:07Z,2026-08-22T06:45:07+0200,81890fbb-3a1d-466f-b50a-dc03bf877707,2026-08-04T08:15:00Z,2026-08-04T10:15:00+0200,46859.37,MW,FR,FR,actual_load,Actual Load,2026-08-22T04:46:30Z
2026-08-22T04:45:07Z,2026-08-22T06:45:07+0200,81890fbb-3a1d-466f-b50a-dc03bf877707,2026-08-04T08:30:00Z,2026-08-04T10:30:00+0200,47134.14,MW,FR,FR,actual_load,Actual Load,2026-08-22T04:46:30Z
2026-08-22T04:45:07Z,2026-08-22T06:45:07+0200,81890fbb-3a1d-466f-b50a-dc03bf877707,2026-08-04T08:45:00Z,2026-08-04T10:45:00+0200,47318.71,MW,FR,FR,actual_load,Actual Load,2026-08-22T04:46:30Z
2026-08-22T04:45:07Z,2026-08-22T06:45:07+0200,81890fbb-3a1d-466f-b50a-dc03bf877707,2026-08-04T09:00:00Z,2026-08-04T11:00:00+0200,47908.34,MW,FR,FR,actual_load,Actual Load,2026-08-22T04:46:30Z
2026-08-22T04:45:07Z,2026-08-22T06:45:07+0200,81890fbb-3a1d-466f-b50a-dc03bf877707,2026-08-04T09:15:00Z,2026-08-04T11:15:00+0200,48290.95,MW,FR,FR,actual_load,Actual Load,2026-08-22T04:46:30Z
2026-08-22T04:45:07Z,2026-08-22T06:45:07+0200,81890fbb-3a1d-466f-b50a-dc03bf877707,2026-08-04T09:30:00Z,2026-08-04T11:30:00+0200,48559.88,MW,FR,FR,actual_load,Actual Load,2026-08-22T04:46:30Z
2026-08-22T04:45:07Z,2026-08-22T06:45:07+0200,81890fbb-3a1d-466f-b50a-dc03bf877707,2026-08-04T09:45:00Z,2026-08-04T11:45:00+0200,49080.46,MW,FR,FR,actual_load,Actual Load,2026-08-22T04:46:30Z
2026-08-22T04:45:07Z,2026-08-22T06:45:07+0200,81890fbb-3a1d-466f-b50a-dc03bf877707,2026-08-04T10:00:00Z,2026-08-04T12:00:00+0200,49531.93,MW,FR,FR,actual_load,Actual Load,2026-08-22T04:46:30Z
2026-08-22T04:45:07Z,2026-08-22T06:45:07+0200,81890fbb-3a1d-466f-b50a-dc03bf877707,2026-08-04T10:15:00Z,2026-08-04T12:15:00+0200,49435.62,MW,FR,FR,actual_load,Actual Load,2026-08-22T04:46:30Z
2026-08-22T04:45:07Z,2026-08-22T06:45:07+0200,81890fbb-3a1d-466f-b50a-dc03bf877707,2026-08-04T10:30:00Z,2026-08-04T12:30:00+0200,49654.02,MW,FR,FR,actual_load,Actual Load,2026-08-22T04:46:30Z
2026-08-22T04:45:07Z,2026-08-22T06:45:07+0200,81890fbb-3a1d-466f-b50a-dc03bf877707,2026-08-04T10:45:00Z,2026-08-04T12:45:00+0200,49267.12,MW,FR,FR,actual_load,Actual Load,2026-08-22T04:46:30Z
2026-08-22T04:45:07Z,2026-08-22T06:45:07+0200,81890fbb-3a1d-466f-b50a-dc03bf877707,2026-08-04T11:00:00Z,2026-08-04T13:00:00+0200,49115.83,MW,FR,FR,actual_load,Actual Load,2026-08-22T04:46:30Z
2026-08-22T04:45:07Z,2026-08-22T06:45:07+0200,81890fbb-3a1d-466f-b50a-dc03bf877707,2026-08-04T11:15:00Z,2026-08-04T13:15:00+0200,48647.84,MW,FR,FR,actual_load,Actual Load,2026-08-22T04:46:30Z
2026-08-22T04:45:07Z,2026-08-22T06:45:07+0200,81890fbb-3a1d-466f-b50a-dc03bf877707,2026-08-04T11:30:00Z,2026-08-04T13:30:00+0200,48732.17,MW,FR,FR,actual_load,Actual Load,2026-08-22T04:46:30Z
2026-08-22T04:45:07Z,2026-08-22T06:45:07+0200,81890fbb-3a1d-466f-b50a-dc03bf877707,2026-08-04T11:45:00Z,2026-08-04T13:45:00+0200,49057.11,MW,FR,FR,actual_load,Actual Load,2026-08-22T04:46:30Z
2026-08-22T04:45:07Z,2026-08-22T06:45:07+0200,81890fbb-3a1d-466f-b50a-dc03bf877707,2026-08-04T12:00:00Z,2026-08-04T14:00:00+0200,50058.89,MW,FR,FR,actual_load,Actual Load,2026-08-22T04:46:30Z
2026-08-22T04:45:07Z,2026-08-22T06:45:07+0200,81890fbb-3a1d-466f-b50a-dc03bf877707,2026-08-04T12:15:00Z,2026-08-04T14:15:00+0200,50092.25,MW,FR,FR,actual_load,Actual Load,2026-08-22T04:46:30Z
2026-08-22T04:45:07Z,2026-08-22T06:45:07+0200,81890fbb-3a1d-466f-b50a-dc03bf877707,2026-08-04T12:30:00Z,2026-08-04T14:30:00+0200,50448.64,MW,FR,FR,actual_load,Actual Load,2026-08-22T04:46:30Z
2026-08-22T04:45:07Z,2026-08-22T06:45:07+0200,81890fbb-3a1d-466f-b50a-dc03bf877707,2026-08-04T12:45:00Z,2026-08-04T14:45:00+0200,50297.33,MW,FR,FR,actual_load,Actual Load,2026-08-22T04:46:30Z
2026-08-22T04:45:07Z,2026-08-22T06:45:07+0200,81890fbb-3a1d-466f-b50a-dc03bf877707,2026-08-04T13:00:00Z,2026-08-04T15:00:00+0200,50145.83,MW,FR,FR,actual_load,Actual Load,2026-08-22T04:46:30Z
2026-08-22T04:45:07Z,2026-08-22T06:45:07+0200,81890fbb-3a1d-466f-b50a-dc03bf877707,2026-08-04T13:15:00Z,2026-08-04T15:15:00+0200,49877.13,MW,FR,FR,actual_load,Actual Load,2026-08-22T04:46:30Z
2026-08-22T04:45:07Z,2026-08-22T06:45:07+0200,81890fbb-3a1d-466f-b50a-dc03bf877707,2026-08-04T13:30:00Z,2026-08-04T15:30:00+0200,49365.59,MW,FR,FR,actual_load,Actual Load,2026-08-22T04:46:30Z
2026-08-22T04:45:07Z,2026-08-22T06:45:07+0200,81890fbb-3a1d-466f-b50a-dc03bf877707,2026-08-04T13:45:00Z,2026-08-04T15:45:00+0200,49014.7,MW,FR,FR,actual_load,Actual Load,2026-08-22T04:46:30Z
2026-08-22T04:45:07Z,2026-08-22T06:45:07+0200,81890fbb-3a1d-466f-b50a-dc03bf877707,2026-08-04T14:00:00Z,2026-08-04T16:00:00+0200,48703.46,MW,FR,FR,actual_load,Actual Load,2026-08-22T04:46:30Z
2026-08-22T04:45:07Z,2026-08-22T06:45:07+0200,81890fbb-3a1d-466f-b50a-dc03bf877707,2026-08-04T14:15:00Z,2026-08-04T16:15:00+0200,48679.6,MW,FR,FR,actual_load,Actual Load,2026-08-22T04:46:30Z
2026-08-22T04:45:07Z,2026-08-22T06:45:07+0200,81890fbb-3a1d-466f-b50a-dc03bf877707,2026-08-04T14:30:00Z,2026-08-04T16:30:00+0200,48500.9,MW,FR,FR,actual_load,Actual Load,2026-08-22T04:46:30Z
2026-08-22T04:45:07Z,2026-08-22T06:45:07+0200,81890fbb-3a1d-466f-b50a-dc03bf877707,2026-08-04T14:45:00Z,2026-08-04T16:45:00+0200,48505.12,MW,FR,FR,actual_load,Actual Load,2026-08-22T04:46:30Z
2026-08-22T04:45:07Z,2026-08-22T06:45:07+0200,81890fbb-3a1d-466f-b50a-dc03bf877707,2026-08-04T15:00:00Z,2026-08-04T17:00:00+0200,48395.32,MW,FR,FR,actual_load,Actual Load,2026-08-22T04:46:30Z
2026-08-22T04:45:07Z,2026-08-22T06:45:07+0200,81890fbb-3a1d-466f-b50a-dc03bf877707,2026-08-04T15:15:00Z,2026-08-04T17:15:00+0200,48163.0,MW,FR,FR,actual_load,Actual Load,2026-08-22T04:46:30Z
2026-08-22T04:45:07Z,2026-08-22T06:45:07+0200,81890fbb-3a1d-466f-b50a-dc03bf877707,2026-08-04T15:30:00Z,2026-08-04T17:30:00+0200,48229.87,MW,FR,FR,actual_load,Actual Load,2026-08-22T04:46:30Z
2026-08-22T04:45:07Z,2026-08-22T06:45:07+0200,81890fbb-3a1d-466f-b50a-dc03bf877707,2026-08-04T15:45:00Z,2026-08-04T17:45:00+0200,48682.77,MW,FR,FR,actual_load,Actual Load,2026-08-22T04:46:30Z
2026-08-22T04:45:07Z,2026-08-22T06:45:07+0200,81890fbb-3a1d-466f-b50a-dc03bf877707,2026-08-04T16:00:00Z,2026-08-04T18:00:00+0200,48793.84,MW,FR,FR,actual_load,Actual Load,2026-08-22T04:46:30Z
2026-08-22T04:45:07Z,2026-08-22T06:45:07+0200,81890fbb-3a1d-466f-b50a-dc03bf877707,2026-08-04T16:15:00Z,2026-08-04T18:15:00+0200,49001.82,MW,FR,FR,actual_load,Actual Load,2026-08-22T04:46:30Z
2026-08-22T04:45:07Z,2026-08-22T06:45:07+0200,81890fbb-3a1d-466f-b50a-dc03bf877707,2026-08-04T16:30:00Z,2026-08-04T18:30:00+0200,49193.18,MW,FR,FR,actual_load,Actual Load,2026-08-22T04:46:30Z
2026-08-22T04:45:07Z,2026-08-22T06:45:07+0200,81890fbb-3a1d-466f-b50a-dc03bf877707,2026-08-04T16:45:00Z,2026-08-04T18:45:00+0200,49722.48,MW,FR,FR,actual_load,Actual Load,2026-08-22T04:46:30Z
2026-08-22T04:45:07Z,2026-08-22T06:45:07+0200,81890fbb-3a1d-466f-b50a-dc03bf877707,2026-08-04T17:00:00Z,2026-08-04T19:00:00+0200,49818.95,MW,FR,FR,actual_load,Actual Load,2026-08-22T04:46:30Z
2026-08-22T04:45:07Z,2026-08-22T06:45:07+0200,81890fbb-3a1d-466f-b50a-dc03bf877707,2026-08-04T17:15:00Z,2026-08-04T19:15:00+0200,49621.4,MW,FR,FR,actual_load,Actual Load,2026-08-22T04:46:30Z
2026-08-22T04:45:07Z,2026-08-22T06:45:07+0200,81890fbb-3a1d-466f-b50a-dc03bf877707,2026-08-04T17:30:00Z,2026-08-04T19:30:00+0200,49192.89,MW,FR,FR,actual_load,Actual Load,2026-08-22T04:46:30Z
2026-08-22T04:45:07Z,2026-08-22T06:45:07+0200,81890fbb-3a1d-466f-b50a-dc03bf877707,2026-08-04T17:45:00Z,2026-08-04T19:45:00+0200,48762.49,MW,FR,FR,actual_load,Actual Load,2026-08-22T04:46:30Z
2026-08-22T04:45:07Z,2026-08-22T06:45:07+0200,81890fbb-3a1d-466f-b50a-dc03bf877707,2026-08-04T18:00:00Z,2026-08-04T20:00:00+0200,48278.93,MW,FR,FR,actual_load,Actual Load,2026-08-22T04:46:30Z
2026-08-22T04:45:07Z,2026-08-22T06:45:07+0200,81890fbb-3a1d-466f-b50a-dc03bf877707,2026-08-04T18:15:00Z,2026-08-04T20:15:00+0200,47722.21,MW,FR,FR,actual_load,Actual Load,2026-08-22T04:46:30Z
2026-08-22T04:45:07Z,2026-08-22T06:45:07+0200,81890fbb-3a1d-466f-b50a-dc03bf877707,2026-08-04T18:30:00Z,2026-08-04T20:30:00+0200,47140.1,MW,FR,FR,actual_load,Actual Load,2026-08-22T04:46:30Z
2026-08-22T04:45:07Z,2026-08-22T06:45:07+0200,81890fbb-3a1d-466f-b50a-dc03bf877707,2026-08-04T18:45:00Z,2026-08-04T20:45:00+0200,46659.22,MW,FR,FR,actual_load,Actual Load,2026-08-22T04:46:30Z
2026-08-22T04:45:07Z,2026-08-22T06:45:07+0200,81890fbb-3a1d-466f-b50a-dc03bf877707,2026-08-04T19:00:00Z,2026-08-04T21:00:00+0200,46278.78,MW,FR,FR,actual_load,Actual Load,2026-08-22T04:46:30Z
2026-08-22T04:45:07Z,2026-08-22T06:45:07+0200,81890fbb-3a1d-466f-b50a-dc03bf877707,2026-08-04T19:15:00Z,2026-08-04T21:15:00+0200,46093.85,MW,FR,FR,actual_load,Actual Load,2026-08-22T04:46:30Z
2026-08-22T04:45:07Z,2026-08-22T06:45:07+0200,81890fbb-3a1d-466f-b50a-dc03bf877707,2026-08-04T19:30:00Z,2026-08-04T21:30:00+0200,46110.53,MW,FR,FR,actual_load,Actual Load,2026-08-22T04:46:30Z
2026-08-22T04:45:07Z,2026-08-22T06:45:07+0200,81890fbb-3a1d-466f-b50a-dc03bf877707,2026-08-04T19:45:00Z,2026-08-04T21:45:00+0200,45819.27,MW,FR,FR,actual_load,Actual Load,2026-08-22T04:46:30Z
2026-08-22T04:45:07Z,2026-08-22T06:45:07+0200,81890fbb-3a1d-466f-b50a-dc03bf877707,2026-08-04T20:00:00Z,2026-08-04T22:00:00+0200,46690.86,MW,FR,FR,actual_load,Actual Load,2026-08-22T04:46:30Z
2026-08-22T04:45:07Z,2026-08-22T06:45:07+0200,81890fbb-3a1d-466f-b50a-dc03bf877707,2026-08-04T20:15:00Z,2026-08-04T22:15:00+0200,46418.79,MW,FR,FR,actual_load,Actual Load,2026-08-22T04:46:30Z
2026-08-22T04:45:07Z,2026-08-22T06:45:07+0200,81890fbb-3a1d-466f-b50a-dc03bf877707,2026-08-04T20:30:00Z,2026-08-04T22:30:00+0200,47433.36,MW,FR,FR,actual_load,Actual Load,2026-08-22T04:46:30Z
2026-08-22T04:45:07Z,2026-08-22T06:45:07+0200,81890fbb-3a1d-466f-b50a-dc03bf877707,2026-08-04T20:45:00Z,2026-08-04T22:45:00+0200,46739.5,MW,FR,FR,actual_load,Actual Load,2026-08-22T04:46:30Z
2026-08-22T04:45:07Z,2026-08-22T06:45:07+0200,81890fbb-3a1d-466f-b50a-dc03bf877707,2026-08-04T21:00:00Z,2026-08-04T23:00:00+0200,46337.93,MW,FR,FR,actual_load,Actual Load,2026-08-22T04:46:30Z
2026-08-22T04:45:07Z,2026-08-22T06:45:07+0200,81890fbb-3a1d-466f-b50a-dc03bf877707,2026-08-04T21:15:00Z,2026-08-04T23:15:00+0200,45377.44,MW,FR,FR,actual_load,Actual Load,2026-08-22T04:46:30Z
2026-08-22T04:45:07Z,2026-08-22T06:45:07+0200,81890fbb-3a1d-466f-b50a-dc03bf877707,2026-08-04T21:30:00Z,2026-08-04T23:30:00+0200,45375.4,MW,FR,FR,actual_load,Actual Load,2026-08-22T04:46:30Z
2026-08-22T04:45:07Z,2026-08-22T06:45:07+0200,81890fbb-3a1d-466f-b50a-dc03bf877707,2026-08-04T21:45:00Z,2026-08-04T23:45:00+0200,44431.19,MW,FR,FR,actual_load,Actual Load,2026-08-22T04:46:30Z
2026-08-22T04:45:07Z,2026-08-22T06:45:07+0200,81890fbb-3a1d-466f-b50a-dc03bf877707,2026-08-04T22:00:00Z,2026-08-05T00:00:00+0200,44183.79,MW,FR,FR,actual_load,Actual Load,2026-08-22T04:46:30Z
2026-08-22T04:45:07Z,2026-08-22T06:45:07+0200,81890fbb-3a1d-466f-b50a-dc03bf877707,2026-08-04T22:15:00Z,2026-08-05T00:15:00+0200,43041.32,MW,FR,FR,actual_load,Actual Load,2026-08-22T04:46:30Z
2026-08-22T04:45:07Z,2026-08-22T06:45:07+0200,81890fbb-3a1d-466f-b50a-dc03bf877707,2026-08-04T22:30:00Z,2026-08-05T00:30:00+0200,41729.8,MW,FR,FR,actual_load,Actual Load,2026-08-22T04:46:30Z
2026-08-22T04:45:07Z,2026-08-22T06:45:07+0200,81890fbb-3a1d-466f-b50a-dc03bf877707,2026-08-04T22:45:00Z,2026-08-05T00:45:00+0200,40905.3,MW,FR,FR,actual_load,Actual Load,2026-08-22T04:46:30Z
2026-08-22T04:45:07Z,2026-08-22T06:45:07+0200,81890fbb-3a1d-466f-b50a-dc03bf877707,2026-08-04T23:00:00Z,2026-08-05T01:00:00+0200,41215.3,MW,FR,FR,actual_load,Actual Load,2026-08-22T04:46:30Z
2026-08-22T04:45:07Z,2026-08-22T06:45:07+0200,81890fbb-3a1d-466f-b50a-dc03bf877707,2026-08-04T23:15:00Z,2026-08-05T01:15:00+0200,40564.48,MW,FR,FR,actual_load,Actual Load,2026-08-22T04:46:30Z
2026-08-22T04:45:07Z,2026-08-22T06:45:07+0200,81890fbb-3a1d-466f-b50a-dc03bf877707,2026-08-04T23:30:00Z,2026-08-05T01:30:00+0200,40454.41,MW,FR,FR,actual_load,Actual Load,2026-08-22T04:46:30Z
2026-08-22T04:45:07Z,2026-08-22T06:45:07+0200,81890fbb-3a1d-466f-b50a-dc03bf877707,2026-08-04T23:45:00Z,2026-08-05T01:45:00+0200,39733.93,MW,FR,FR,actual_load,Actual Load,2026-08-22T04:46:30Z
2026-08-22T04:45:07Z,2026-08-22T06:45:07+0200,81890fbb-3a1d-466f-b50a-dc03bf877707,2026-08-05T00:00:00Z,2026-08-05T02:00:00+0200,39306.66,MW,FR,FR,actual_load,Actual Load,2026-08-22T04:46:30Z
2026-08-22T04:45:07Z,2026-08-22T06:45:07+0200,81890fbb-3a1d-466f-b50a-dc03bf877707,2026-08-05T00:15:00Z,2026-08-05T02:15:00+0200,38423.62,MW,FR,FR,actual_load,Actual Load,2026-08-22T04:46:30Z
2026-08-22T04:45:07Z,2026-08-22T06:45:07+0200,81890fbb-3a1d-466f-b50a-dc03bf877707,2026-08-05T00:30:00Z,2026-08-05T02:30:00+0200,37809.53,MW,FR,FR,actual_load,Actual Load,2026-08-22T04:46:30Z
2026-08-22T04:45:07Z,2026-08-22T06:45:07+0200,81890fbb-3a1d-466f-b50a-dc03bf877707,2026-08-05T00:45:00Z,2026-08-05T02:45:00+0200,37175.68,MW,FR,FR,actual_load,Actual Load,2026-08-22T04:46:30Z
2026-08-22T04:45:07Z,2026-08-22T06:45:07+0200,81890fbb-3a1d-466f-b50a-dc03bf877707,2026-08-05T01:00:00Z,2026-08-05T03:00:00+0200,36560.15,MW,FR,FR,actual_load,Actual Load,2026-08-22T04:46:30Z
2026-08-22T04:45:07Z,2026-08-22T06:45:07+0200,81890fbb-3a1d-466f-b50a-dc03bf877707,2026-08-05T01:15:00Z,2026-08-05T03:15:00+0200,36306.25,MW,FR,FR,actual_load,Actual Load,2026-08-22T04:46:30Z
2026-08-22T04:45:07Z,2026-08-22T06:45:07+0200,81890fbb-3a1d-466f-b50a-dc03bf877707,2026-08-05T01:30:00Z,2026-08-05T03:30:00+0200,36283.38,MW,FR,FR,actual_load,Actual Load,2026-08-22T04:46:30Z
2026-08-22T04:45:07Z,2026-08-22T06:45:07+0200,81890fbb-3a1d-466f-b50a-dc03bf877707,2026-08-05T01:45:00Z,2026-08-05T03:45:00+0200,36024.23,MW,FR,FR,actual_load,Actual Load,2026-08-22T04:46:30Z
2026-08-22T04:45:07Z,2026-08-22T06:45:07+0200,81890fbb-3a1d-466f-b50a-dc03bf877707,2026-08-05T02:00:00Z,2026-08-05T04:00:00+0200,35871.54,MW,FR,FR,actual_load,Actual Load,2026-08-22T04:46:30Z
2026-08-22T04:45:07Z,2026-08-22T06:45:07+0200,81890fbb-3a1d-466f-b50a-dc03bf877707,2026-08-05T02:15:00Z,2026-08-05T04:15:00+0200,35766.2,MW,FR,FR,actual_load,Actual Load,2026-08-22T04:46:30Z
2026-08-22T04:45:07Z,2026-08-22T06:45:07+0200,81890fbb-3a1d-466f-b50a-dc03bf877707,2026-08-05T02:30:00Z,2026-08-05T04:30:00+0200,35870.58,MW,FR,FR,actual_load,Actual Load,2026-08-22T04:46:30Z
2026-08-22T04:45:07Z,2026-08-22T06:45:07+0200,81890fbb-3a1d-466f-b50a-dc03bf877707,2026-08-05T02:45:00Z,2026-08-05T04:45:00+0200,35920.09,MW,FR,FR,actual_load,Actual Load,2026-08-22T04:46:30Z
2026-08-22T04:45:07Z,2026-08-22T06:45:07+0200,81890fbb-3a1d-466f-b50a-dc03bf877707,2026-08-05T03:00:00Z,2026-08-05T05:00:00+0200,36421.94,MW,FR,FR,actual_load,Actual Load,2026-08-22T04:46:30Z
2026-08-22T04:45:07Z,2026-08-22T06:45:07+0200,81890fbb-3a1d-466f-b50a-dc03bf877707,2026-08-05T03:15:00Z,2026-08-05T05:15:00+0200,36720.03,MW,FR,FR,actual_load,Actual Load,2026-08-22T04:46:30Z
2026-08-22T04:45:07Z,2026-08-22T06:45:07+0200,81890fbb-3a1d-466f-b50a-dc03bf877707,2026-08-05T03:30:00Z,2026-08-05T05:30:00+0200,37050.41,MW,FR,FR,actual_load,Actual Load,2026-08-22T04:46:30Z
2026-08-22T04:45:07Z,2026-08-22T06:45:07+0200,81890fbb-3a1d-466f-b50a-dc03bf877707,2026-08-05T03:45:00Z,2026-08-05T05:45:00+0200,37366.45,MW,FR,FR,actual_load,Actual Load,2026-08-22T04:46:30Z
2026-08-22T04:45:07Z,2026-08-22T06:45:07+0200,81890fbb-3a1d-466f-b50a-dc03bf877707,2026-08-05T04:00:00Z,2026-08-05T06:00:00+0200,38087.45,MW,FR,FR,actual_load,Actual Load,2026-08-22T04:46:30Z
2026-08-22T04:45:07Z,2026-08-22T06:45:07+0200,81890fbb-3a1d-466f-b50a-dc03bf877707,2026-08-05T04:15:00Z,2026-08-05T06:15:00+0200,38406.2,MW,FR,FR,actual_load,Actual Load,2026-08-22T04:46:30Z
2026-08-22T04:45:07Z,2026-08-22T06:45:07+0200,81890fbb-3a1d-466f-b50a-dc03bf877707,2026-08-05T04:30:00Z,2026-08-05T06:30:00+0200,38523.77,MW,FR,FR,actual_load,Actual Load,2026-08-22T04:46:30Z
2026-08-22T04:45:07Z,2026-08-22T06:45:07+0200,81890fbb-3a1d-466f-b50a-dc03bf877707,2026-08-05T04:45:00Z,2026-08-05T06:45:00+0200,38923.14,MW,FR,FR,actual_load,Actual Load,2026-08-22T04:46:30Z
2026-08-22T04:45:07Z,2026-08-22T06:45:07+0200,81890fbb-3a1d-466f-b50a-dc03bf877707,2026-08-05T05:00:00Z,2026-08-05T07:00:00+0200,39534.17,MW,FR,FR,actual_load,Actual Load,2026-08-22T04:46:30Z
2026-08-22T04:45:07Z,2026-08-22T06:45:07+0200,81890fbb-3a1d-466f-b50a-dc03bf877707,2026-08-05T05:15:00Z,2026-08-05T07:15:00+0200,40088.39,MW,FR,FR,actual_load,Actual Load,2026-08-22T04:46:30Z
2026-08-22T04:45:07Z,2026-08-22T06:45:07+0200,81890fbb-3a1d-466f-b50a-dc03bf877707,2026-08-05T05:30:00Z,2026-08-05T07:30:00+0200,40553.43,MW,FR,FR,actual_load,Actual Load,2026-08-22T04:46:30Z
2026-08-22T04:45:07Z,2026-08-22T06:45:07+0200,81890fbb-3a1d-466f-b50a-dc03bf877707,2026-08-05T05:45:00Z,2026-08-05T07:45:00+0200,41181.09,MW,FR,FR,actual_load,Actual Load,2026-08-22T04:46:30Z
2026-08-22T04:45:07Z,2026-08-22T06:45:07+0200,81890fbb-3a1d-466f-b50a-dc03bf877707,2026-08-05T06:00:00Z,2026-08-05T08:00:00+0200,41918.41,MW,FR,FR,actual_load,Actual Load,2026-08-22T04:46:30Z
2026-08-22T04:45:07Z,2026-08-22T06:45:07+0200,81890fbb-3a1d-466f-b50a-dc03bf877707,2026-08-05T06:15:00Z,2026-08-05T08:15:00+0200,42509.21,MW,FR,FR,actual_load,Actual Load,2026-08-22T04:46:30Z
2026-08-22T04:45:07Z,2026-08-22T06:45:07+0200,81890fbb-3a1d-466f-b50a-dc03bf877707,2026-08-05T06:30:00Z,2026-08-05T08:30:00+0200,43200.43,MW,FR,FR,actual_load,Actual Load,2026-08-22T04:46:30Z
2026-08-22T04:45:07Z,2026-08-22T06:45:07+0200,81890fbb-3a1d-466f-b50a-dc03bf877707,2026-08-05T06:45:00Z,2026-08-05T08:45:00+0200,43624.21,MW,FR,FR,actual_load,Actual Load,2026-08-22T04:46:30Z
2026-08-22T04:45:07Z,2026-08-22T06:45:07+0200,81890fbb-3a1d-466f-b50a-dc03bf877707,2026-08-05T07:00:00Z,2026-08-05T09:00:00+0200,43914.02,MW,FR,FR,actual_load,Actual Load,2026-08-22T04:46:30Z
2026-08-22T04:45:07Z,2026-08-22T06:45:07+0200,81890fbb-3a1d-466f-b50a-dc03bf877707,2026-08-05T07:15:00Z,2026-08-05T09:15:00+0200,44415.99,MW,FR,FR,actual_load,Actual Load,2026-08-22T04:46:30Z
2026-08-22T04:45:07Z,2026-08-22T06:45:07+0200,81890fbb-3a1d-466f-b50a-dc03bf877707,2026-08-05T07:30:00Z,2026-08-05T09:30:00+0200,45338.58,MW,FR,FR,actual_load,Actual Load,2026-08-22T04:46:30Z
2026-08-22T04:45:07Z,2026-08-22T06:45:07+0200,81890fbb-3a1d-466f-b50a-dc03bf877707,2026-08-05T07:45:00Z,2026-08-05T09:45:00+0200,45414.71,MW,FR,FR,actual_load,Actual Load,2026-08-22T04:46:30Z
2026-08-22T04:45:07Z,2026-08-22T06:45:07+0200,81890fbb-3a1d-466f-b50a-dc03bf877707,2026-08-05T08:00:00Z,2026-08-05T10:00:00+0200,45759.81,MW,FR,FR,actual_load,Actual Load,2026-08-22T04:46:30Z
2026-08-22T04:45:07Z,2026-08-22T06:45:07+0200,81890fbb-3a1d-466f-b50a-dc03bf877707,2026-08-05T08:15:00Z,2026-08-05T10:15:00+0200,46344.42,MW,FR,FR,actual_load,Actual Load,2026-08-22T04:46:30Z
2026-08-22T04:45:07Z,2026-08-22T06:45:07+0200,81890fbb-3a1d-466f-b50a-dc03bf877707,2026-08-05T08:30:00Z,2026-08-05T10:30:00+0200,46911.8,MW,FR,FR,actual_load,Actual Load,2026-08-22T04:46:30Z
2026-08-22T04:45:07Z,2026-08-22T06:45:07+0200,81890fbb-3a1d-466f-b50a-dc03bf877707,2026-08-05T08:45:00Z,2026-08-05T10:45:00+0200,47111.67,MW,FR,FR,actual_load,Actual Load,2026-08-22T04:46:30Z
2026-08-22T04:45:07Z,2026-08-22T06:45:07+0200,81890fbb-3a1d-466f-b50a-dc03bf877707,2026-08-05T09:00:00Z,2026-08-05T11:00:00+0200,47405.62,MW,FR,FR,actual_load,Actual Load,2026-08-22T04:46:30Z
2026-08-22T04:45:07Z,2026-08-22T06:45:07+0200,81890fbb-3a1d-466f-b50a-dc03bf877707,2026-08-05T09:15:00Z,2026-08-05T11:15:00+0200,47762.41,MW,FR,FR,actual_load,Actual Load,2026-08-22T04:46:30Z
2026-08-22T04:45:07Z,2026-08-22T06:45:07+0200,81890fbb-3a1d-466f-b50a-dc03bf877707,2026-08-05T09:30:00Z,2026-08-05T11:30:00+0200,48215.81,MW,FR,FR,actual_load,Actual Load,2026-08-22T04:46:30Z
2026-08-22T04:45:07Z,2026-08-22T06:45:07+0200,81890fbb-3a1d-466f-b50a-dc03bf877707,2026-08-05T09:45:00Z,2026-08-05T11:45:00+0200,48568.93,MW,FR,FR,actual_load,Actual Load,2026-08-22T04:46:30Z
2026-08-22T04:45:07Z,2026-08-22T06:45:07+0200,81890fbb-3a1d-466f-b50a-dc03bf877707,2026-08-05T10:00:00Z,2026-08-05T12:00:00+0200,48977.09,MW,FR,FR,actual_load,Actual Load,2026-08-22T04:46:30Z
2026-08-22T04:45:07Z,2026-08-22T06:45:07+0200,81890fbb-3a1d-466f-b50a-dc03bf877707,2026-08-05T10:15:00Z,2026-08-05T12:15:00+0200,48907.32,MW,FR,FR,actual_load,Actual Load,2026-08-22T04:46:30Z
2026-08-22T04:45:07Z,2026-08-22T06:45:07+0200,81890fbb-3a1d-466f-b50a-dc03bf877707,2026-08-05T10:30:00Z,2026-08-05T12:30:00+0200,49701.86,MW,FR,FR,actual_load,Actual Load,2026-08-22T04:46:30Z
2026-08-22T04:45:07Z,2026-08-22T06:45:07+0200,81890fbb-3a1d-466f-b50a-dc03bf877707,2026-08-05T10:45:00Z,2026-08-05T12:45:00+0200,49062.46,MW,FR,FR,actual_load,Actual Load,2026-08-22T04:46:30Z
2026-08-22T04:45:07Z,2026-08-22T06:45:07+0200,81890fbb-3a1d-466f-b50a-dc03bf877707,2026-08-05T11:00:00Z,2026-08-05T13:00:00+0200,48947.39,MW,FR,FR,actual_load,Actual Load,2026-08-22T04:46:30Z
2026-08-22T04:45:07Z,2026-08-22T06:45:07+0200,81890fbb-3a1d-466f-b50a-dc03bf877707,2026-08-05T11:15:00Z,2026-08-05T13:15:00+0200,48545.49,MW,FR,FR,actual_load,Actual Load,2026-08-22T04:46:30Z
2026-08-22T04:45:07Z,2026-08-22T06:45:07+0200,81890fbb-3a1d-466f-b50a-dc03bf877707,2026-08-05T11:30:00Z,2026-08-05T13:30:00+0200,48526.3,MW,FR,FR,actual_load,Actual Load,2026-08-22T04:46:30Z
2026-08-22T04:45:07Z,2026-08-22T06:45:07+0200,81890fbb-3a1d-466f-b50a-dc03bf877707,2026-08-05T11:45:00Z,2026-08-05T13:45:00+0200,48685.8,MW,FR,FR,actual_load,Actual Load,2026-08-22T04:46:30Z
2026-08-22T04:45:07Z,2026-08-22T06:45:07+0200,81890fbb-3a1d-466f-b50a-dc03bf877707,2026-08-05T12:00:00Z,2026-08-05T14:00:00+0200,49762.53,MW,FR,FR,actual_load,Actual Load,2026-08-22T04:46:30Z
2026-08-22T04:45:07Z,2026-08-22T06:45:07+0200,81890fbb-3a1d-466f-b50a-dc03bf877707,2026-08-05T12:15:00Z,2026-08-05T14:15:00+0200,49720.18,MW,FR,FR,actual_load,Actual Load,2026-08-22T04:46:30Z
2026-08-22T04:45:07Z,2026-08-22T06:45:07+0200,81890fbb-3a1d-466f-b50a-dc03bf877707,2026-08-05T12:30:00Z,2026-08-05T14:30:00+0200,49928.39,MW,FR,FR,actual_load,Actual Load,2026-08-22T04:46:30Z
2026-08-22T04:45:07Z,2026-08-22T06:45:07+0200,81890fbb-3a1d-466f-b50a-dc03bf877707,2026-08-05T12:45:00Z,2026-08-05T14:45:00+0200,49527.3,MW,FR,FR,actual_load,Actual Load,2026-08-22T04:46:30Z
2026-08-22T04:45:07Z,2026-08-22T06:45:07+0200,81890fbb-3a1d-466f-b50a-dc03bf877707,2026-08-05T13:00:00Z,2026-08-05T15:00:00+0200,49436.22,MW,FR,FR,actual_load,Actual Load,2026-08-22T04:46:30Z
2026-08-22T04:45:07Z,2026-08-22T06:45:07+0200,81890fbb-3a1d-466f-b50a-dc03bf877707,2026-08-05T13:15:00Z,2026-08-05T15:15:00+0200,48813.25,MW,FR,FR,actual_load,Actual Load,2026-08-22T04:46:30Z
2026-08-22T04:45:07Z,2026-08-22T06:45:07+0200,81890fbb-3a1d-466f-b50a-dc03bf877707,2026-08-05T13:30:00Z,2026-08-05T15:30:00+0200,48423.97,MW,FR,FR,actual_load,Actual Load,2026-08-22T04:46:30Z
2026-08-22T04:45:07Z,2026-08-22T06:45:07+0200,81890fbb-3a1d-466f-b50a-dc03bf877707,2026-08-05T13:45:00Z,2026-08-05T15:45:00+0200,47296.14,MW,FR,FR,actual_load,Actual Load,2026-08-22T04:46:30Z
2026-08-22T04:45:07Z,2026-08-22T06:45:07+0200,81890fbb-3a1d-466f-b50a-dc03bf877707,2026-08-05T14:00:00Z,2026-08-05T16:00:00+0200,47495.3,MW,FR,FR,actual_load,Actual Load,2026-08-22T04:46:30Z
2026-08-22T04:45:07Z,2026-08-22T06:45:07+0200,81890fbb-3a1d-466f-b50a-dc03bf877707,2026-08-05T14:15:00Z,2026-08-05T16:15:00+0200,47239.67,MW,FR,FR,actual_load,Actual Load,2026-08-22T04:46:30Z
2026-08-22T04:45:07Z,2026-08-22T06:45:07+0200,81890fbb-3a1d-466f-b50a-dc03bf877707,2026-08-05T14:30:00Z,2026-08-05T16:30:00+0200,47457.8,MW,FR,FR,actual_load,Actual Load,2026-08-22T04:46:30Z
2026-08-22T04:45:07Z,2026-08-22T06:45:07+0200,81890fbb-3a1d-466f-b50a-dc03bf877707,2026-08-05T14:45:00Z,2026-08-05T16:45:00+0200,47254.47,MW,FR,FR,actual_load,Actual Load,2026-08-22T04:46:30Z
2026-08-22T04:45:07Z,2026-08-22T06:45:07+0200,81890fbb-3a1d-466f-b50a-dc03bf877707,2026-08-05T15:00:00Z,2026-08-05T17:00:00+0200,47014.64,MW,FR,FR,actual_load,Actual Load,2026-08-22T04:46:30Z
2026-08-22T04:45:07Z,2026-08-22T06:45:07+0200,81890fbb-3a1d-466f-b50a-dc03bf877707,2026-08-05T15:15:00Z,2026-08-05T17:15:00+0200,47237.37,MW,FR,FR,actual_load,Actual Load,2026-08-22T04:46:30Z
2026-08-22T04:45:07Z,2026-08-22T06:45:07+0200,81890fbb-3a1d-466f-b50a-dc03bf877707,2026-08-05T15:30:00Z,2026-08-05T17:30:00+0200,47521.95,MW,FR,FR,actual_load,Actual Load,2026-08-22T04:46:30Z
2026-08-22T04:45:07Z,2026-08-22T06:45:07+0200,81890fbb-3a1d-466f-b50a-dc03bf877707,2026-08-05T15:45:00Z,2026-08-05T17:45:00+0200,47807.52,MW,FR,FR,actual_load,Actual Load,2026-08-22T04:46:30Z
2026-08-22T04:45:07Z,2026-08-22T06:45:07+0200,81890fbb-3a1d-466f-b50a-dc03bf877707,2026-08-05T16:00:00Z,2026-08-05T18:00:00+0200,47918.98,MW,FR,FR,actual_load,Actual Load,2026-08-22T04:46:30Z
2026-08-22T04:45:07Z,2026-08-22T06:45:07+0200,81890fbb-3a1d-466f-b50a-dc03bf877707,2026-08-05T16:15:00Z,2026-08-05T18:15:00+0200,48447.83,MW,FR,FR,actual_load,Actual Load,2026-08-22T04:46:30Z
2026-08-22T04:45:07Z,2026-08-22T06:45:07+0200,81890fbb-3a1d-466f-b50a-dc03bf877707,2026-08-05T16:30:00Z,2026-08-05T18:30:00+0200,48739.32,MW,FR,FR,actual_load,Actual Load,2026-08-22T04:46:30Z
2026-08-22T04:45:07Z,2026-08-22T06:45:07+0200,81890fbb-3a1d-466f-b50a-dc03bf877707,2026-08-05T16:45:00Z,2026-08-05T18:45:00+0200,49017.52,MW,FR,FR,actual_load,Actual Load,2026-08-22T04:46:30Z
2026-08-22T04:45:07Z,2026-08-22T06:45:07+0200,81890fbb-3a1d-466f-b50a-dc03bf877707,2026-08-05T17:00:00Z,2026-08-05T19:00:00+0200,49446.65,MW,FR,FR,actual_load,Actual Load,2026-08-22T04:46:30Z
2026-08-22T04:45:07Z,2026-08-22T06:45:07+0200,81890fbb-3a1d-466f-b50a-dc03bf877707,2026-08-05T17:15:00Z,2026-08-05T19:15:00+0200,49529.21,MW,FR,FR,actual_load,Actual Load,2026-08-22T04:46:30Z
2026-08-22T04:45:07Z,2026-08-22T06:45:07+0200,81890fbb-3a1d-466f-b50a-dc03bf877707,2026-08-05T17:30:00Z,2026-08-05T19:30:00+0200,49281.18,MW,FR,FR,actual_load,Actual Load,2026-08-22T04:46:30Z
2026-08-22T04:45:07Z,2026-08-22T06:45:07+0200,81890fbb-3a1d-466f-b50a-dc03bf877707,2026-08-05T17:45:00Z,2026-08-05T19:45:00+0200,48832.59,MW,FR,FR,actual_load,Actual Load,2026-08-22T04:46:30Z
2026-08-22T04:45:07Z,2026-08-22T06:45:07+0200,81890fbb-3a1d-466f-b50a-dc03bf877707,2026-08-05T18:00:00Z,2026-08-05T20:00:00+0200,48319.29,MW,FR,FR,actual_load,Actual Load,2026-08-22T04:46:30Z
2026-08-22T04:45:07Z,2026-08-22T06:45:07+0200,81890fbb-3a1d-466f-b50a-dc03bf877707,2026-08-05T18:15:00Z,2026-08-05T20:15:00+0200,47571.74,MW,FR,FR,actual_load,Actual Load,2026-08-22T04:46:30Z
2026-08-22T04:45:07Z,2026-08-22T06:45:07+0200,81890fbb-3a1d-466f-b50a-dc03bf877707,2026-08-05T18:30:00Z,2026-08-05T20:30:00+0200,46861.51,MW,FR,FR,actual_load,Actual Load,2026-08-22T04:46:30Z
2026-08-22T04:45:07Z,2026-08-22T06:45:07+0200,81890fbb-3a1d-466f-b50a-dc03bf877707,2026-08-05T18:45:00Z,2026-08-05T20:45:00+0200,46363.13,MW,FR,FR,actual_load,Actual Load,2026-08-22T04:46:30Z
2026-08-22T04:45:07Z,2026-08-22T06:45:07+0200,81890fbb-3a1d-466f-b50a-dc03bf877707,2026-08-05T19:00:00Z,2026-08-05T21:00:00+0200,46281.87,MW,FR,FR,actual_load,Actual Load,2026-08-22T04:46:30Z
2026-08-22T04:45:07Z,2026-08-22T06:45:07+0200,81890fbb-3a1d-466f-b50a-dc03bf877707,2026-08-05T19:15:00Z,2026-08-05T21:15:00+0200,46213.52,MW,FR,FR,actual_load,Actual Load,2026-08-22T04:46:30Z
2026-08-22T04:45:07Z,2026-08-22T06:45:07+0200,81890fbb-3a1d-466f-b50a-dc03bf877707,2026-08-05T19:30:00Z,2026-08-05T21:30:00+0200,46005.59,MW,FR,FR,actual_load,Actual Load,2026-08-22T04:46:30Z
2026-08-22T04:45:07Z,2026-08-22T06:45:07+0200,81890fbb-3a1d-466f-b50a-dc03bf877707,2026-08-05T19:45:00Z,2026-08-05T21:45:00+0200,45703.14,MW,FR,FR,actual_load,Actual Load,2026-08-22T04:46:30Z
2026-08-22T04:45:07Z,2026-08-22T06:45:07+0200,81890fbb-3a1d-466f-b50a-dc03bf877707,2026-08-05T20:00:00Z,2026-08-05T22:00:00+0200,46551.12,MW,FR,FR,actual_load,Actual Load,2026-08-22T04:46:30Z
2026-08-22T04:45:07Z,2026-08-22T06:45:07+0200,81890fbb-3a1d-466f-b50a-dc03bf877707,2026-08-05T20:15:00Z,2026-08-05T22:15:00+0200,46219.48,MW,FR,FR,actual_load,Actual Load,2026-08-22T04:46:30Z
2026-08-22T04:45:07Z,2026-08-22T06:45:07+0200,81890fbb-3a1d-466f-b50a-dc03bf877707,2026-08-05T20:30:00Z,2026-08-05T22:30:00+0200,47127.1,MW,FR,FR,actual_load,Actual Load,2026-08-22T04:46:30Z
2026-08-22T04:45:07Z,2026-08-22T06:45:07+0200,81890fbb-3a1d-466f-b50a-dc03bf877707,2026-08-05T20:45:00Z,2026-08-05T22:45:00+0200,46361.7,MW,FR,FR,actual_load,Actual Load,2026-08-22T04:46:30Z
2026-08-22T04:45:07Z,2026-08-22T06:45:07+0200,81890fbb-3a1d-466f-b50a-dc03bf877707,2026-08-05T21:00:00Z,2026-08-05T23:00:00+0200,46073.29,MW,FR,FR,actual_load,Actual Load,2026-08-22T04:46:30Z
2026-08-22T04:45:07Z,2026-08-22T06:45:07+0200,81890fbb-3a1d-466f-b50a-dc03bf877707,2026-08-05T21:15:00Z,2026-08-05T23:15:00+0200,45059.77,MW,FR,FR,actual_load,Actual Load,2026-08-22T04:46:30Z
2026-08-22T04:45:07Z,2026-08-22T06:45:07+0200,81890fbb-3a1d-466f-b50a-dc03bf877707,2026-08-05T21:30:00Z,2026-08-05T23:30:00+0200,45220.96,MW,FR,FR,actual_load,Actual Load,2026-08-22T04:46:30Z
2026-08-22T04:45:07Z,2026-08-22T06:45:07+0200,81890fbb-3a1d-466f-b50a-dc03bf877707,2026-08-05T21:45:00Z,2026-08-05T23:45:00+0200,44051.18,MW,FR,FR,actual_load,Actual Load,2026-08-22T04:46:30Z
2026-08-22T04:45:07Z,2026-08-22T06:45:07+0200,81890fbb-3a1d-466f-b50a-dc03bf877707,2026-08-05T22:00:00Z,2026-08-06T00:00:00+0200,43921.85,MW,FR,FR,actual_load,Actual Load,2026-08-22T04:46:30Z
2026-08-22T04:45:07Z,2026-08-22T06:45:07+0200,81890fbb-3a1d-466f-b50a-dc03bf877707,2026-08-05T22:15:00Z,2026-08-06T00:15:00+0200,42806.56,MW,FR,FR,actual_load,Actual Load,2026-08-22T04:46:30Z
2026-08-22T04:45:07Z,2026-08-22T06:45:07+0200,81890fbb-3a1d-466f-b50a-dc03bf877707,2026-08-05T22:30:00Z,2026-08-06T00:30:00+0200,41634.92,MW,FR,FR,actual_load,Actual Load,2026-08-22T04:46:30Z
2026-08-22T04:45:07Z,2026-08-22T06:45:07+0200,81890fbb-3a1d-466f-b50a-dc03bf877707,2026-08-05T22:45:00Z,2026-08-06T00:45:00+0200,40646.34,MW,FR,FR,actual_load,Actual Load,2026-08-22T04:46:30Z
2026-08-22T04:45:07Z,2026-08-22T06:45:07+0200,81890fbb-3a1d-466f-b50a-dc03bf877707,2026-08-05T23:00:00Z,2026-08-06T01:00:00+0200,41027.56,MW,FR,FR,actual_load,Actual Load,2026-08-22T04:46:30Z
2026-08-22T04:45:07Z,2026-08-22T06:45:07+0200,81890fbb-3a1d-466f-b50a-dc03bf877707,2026-08-05T23:15:00Z,2026-08-06T01:15:00+0200,40396.59,MW,FR,FR,actual_load,Actual Load,2026-08-22T04:46:30Z
2026-08-22T04:45:07Z,2026-08-22T06:45:07+0200,81890fbb-3a1d-466f-b50a-dc03bf877707,2026-08-05T23:30:00Z,2026-08-06T01:30:00+0200,40179.98,MW,FR,FR,actual_load,Actual Load,2026-08-22T04:46:30Z
2026-08-22T04:45:07Z,2026-08-22T06:45:07+0200,81890fbb-3a1d-466f-b50a-dc03bf877707,2026-08-05T23:45:00Z,2026-08-06T01:45:00+0200,39462.18,MW,FR,FR,actual_load,Actual Load,2026-08-22T04:46:30Z
2026-08-22T04:45:07Z,2026-08-22T06:45:07+0200,81890fbb-3a1d-466f-b50a-dc03bf877707,2026-08-06T00:00:00Z,2026-08-06T02:00:00+0200,39134.17,MW,FR,FR,actual_load,Actual Load,2026-08-22T04:46:30Z
2026-08-22T04:45:07Z,2026-08-22T06:45:07+0200,81890fbb-3a1d-466f-b50a-dc03bf877707,2026-08-06T00:15:00Z,2026-08-06T02:15:00+0200,38320.32,MW,FR,FR,actual_load,Actual Load,2026-08-22T04:46:30Z
2026-08-22T04:45:07Z,2026-08-22T06:45:07+0200,81890fbb-3a1d-466f-b50a-dc03bf877707,2026-08-06T00:30:00Z,2026-08-06T02:30:00+0200,37588.24,MW,FR,FR,actual_load,Actual Load,2026-08-22T04:46:30Z
2026-08-22T04:45:07Z,2026-08-22T06:45:07+0200,81890fbb-3a1d-466f-b50a-dc03bf877707,2026-08-06T00:45:00Z,2026-08-06T02:45:00+0200,36946.36,MW,FR,FR,actual_load,Actual Load,2026-08-22T04:46:30Z
2026-08-22T04:45:07Z,2026-08-22T06:45:07+0200,81890fbb-3a1d-466f-b50a-dc03bf877707,2026-08-06T01:00:00Z,2026-08-06T03:00:00+0200,36542.0,MW,FR,FR,actual_load,Actual Load,2026-08-22T04:46:30Z
2026-08-22T04:45:07Z,2026-08-22T06:45:07+0200,81890fbb-3a1d-466f-b50a-dc03bf877707,2026-08-06T01:15:00Z,2026-08-06T03:15:00+0200,36275.36,MW,FR,FR,actual_load,Actual Load,2026-08-22T04:46:30Z
2026-08-22T04:45:07Z,2026-08-22T06:45:07+0200,81890fbb-3a1d-466f-b50a-dc03bf877707,2026-08-06T01:30:00Z,2026-08-06T03:30:00+0200,36007.38,MW,FR,FR,actual_load,Actual Load,2026-08-22T04:46:30Z
2026-08-22T04:45:07Z,2026-08-22T06:45:07+0200,81890fbb-3a1d-466f-b50a-dc03bf877707,2026-08-06T01:45:00Z,2026-08-06T03:45:00+0200,35807.39,MW,FR,FR,actual_load,Actual Load,2026-08-22T04:46:30Z
2026-08-22T04:45:07Z,2026-08-22T06:45:07+0200,81890fbb-3a1d-466f-b50a-dc03bf877707,2026-08-06T02:00:00Z,2026-08-06T04:00:00+0200,35731.47,MW,FR,FR,actual_load,Actual Load,2026-08-22T04:46:30Z
2026-08-22T04:45:07Z,2026-08-22T06:45:07+0200,81890fbb-3a1d-466f-b50a-dc03bf877707,2026-08-06T02:15:00Z,2026-08-06T04:15:00+0200,35632.55,MW,FR,FR,actual_load,Actual Load,2026-08-22T04:46:30Z
2026-08-22T04:45:07Z,2026-08-22T06:45:07+0200,81890fbb-3a1d-466f-b50a-dc03bf877707,2026-08-06T02:30:00Z,2026-08-06T04:30:00+0200,35652.18,MW,FR,FR,actual_load,Actual Load,2026-08-22T04:46:30Z
2026-08-22T04:45:07Z,2026-08-22T06:45:07+0200,81890fbb-3a1d-466f-b50a-dc03bf877707,2026-08-06T02:45:00Z,2026-08-06T04:45:00+0200,35677.18,MW,FR,FR,actual_load,Actual Load,2026-08-22T04:46:30Z
2026-08-22T04:45:07Z,2026-08-22T06:45:07+0200,81890fbb-3a1d-466f-b50a-dc03bf877707,2026-08-06T03:00:00Z,2026-08-06T05:00:00+0200,36115.07,MW,FR,FR,actual_load,Actual Load,2026-08-22T04:46:30Z
2026-08-22T04:45:07Z,2026-08-22T06:45:07+0200,81890fbb-3a1d-466f-b50a-dc03bf877707,2026-08-06T03:15:00Z,2026-08-06T05:15:00+0200,36466.64,MW,FR,FR,actual_load,Actual Load,2026-08-22T04:46:30Z
2026-08-22T04:45:07Z,2026-08-22T06:45:07+0200,81890fbb-3a1d-466f-b50a-dc03bf877707,2026-08-06T03:30:00Z,2026-08-06T05:30:00+0200,36869.4,MW,FR,FR,actual_load,Actual Load,2026-08-22T04:46:30Z
2026-08-22T04:45:07Z,2026-08-22T06:45:07+0200,81890fbb-3a1d-466f-b50a-dc03bf877707,2026-08-06T03:45:00Z,2026-08-06T05:45:00+0200,37122.2,MW,FR,FR,actual_load,Actual Load,2026-08-22T04:46:30Z
2026-08-22T04:45:07Z,2026-08-22T06:45:07+0200,81890fbb-3a1d-466f-b50a-dc03bf877707,2026-08-06T04:00:00Z,2026-08-06T06:00:00+0200,37922.86,MW,FR,FR,actual_load,Actual Load,2026-08-22T04:46:30Z
2026-08-22T04:45:07Z,2026-08-22T06:45:07+0200,81890fbb-3a1d-466f-b50a-dc03bf877707,2026-08-06T04:15:00Z,2026-08-06T06:15:00+0200,38235.0,MW,FR,FR,actual_load,Actual Load,2026-08-22T04:46:30Z
2026-08-22T04:45:07Z,2026-08-22T06:45:07+0200,81890fbb-3a1d-466f-b50a-dc03bf877707,2026-08-06T04:30:00Z,2026-08-06T06:30:00+0200,38459.74,MW,FR,FR,actual_load,Actual Load,2026-08-22T04:46:30Z
2026-08-22T04:45:07Z,2026-08-22T06:45:07+0200,81890fbb-3a1d-466f-b50a-dc03bf877707,2026-08-06T04:45:00Z,2026-08-06T06:45:00+0200,38798.68,MW,FR,FR,actual_load,Actual Load,2026-08-22T04:46:30Z
2026-08-22T04:45:07Z,2026-08-22T06:45:07+0200,81890fbb-3a1d-466f-b50a-dc03bf877707,2026-08-06T05:00:00Z,2026-08-06T07:00:00+0200,39283.71,MW,FR,FR,actual_load,Actual Load,2026-08-22T04:46:30Z
2026-08-22T04:45:07Z,2026-08-22T06:45:07+0200,81890fbb-3a1d-466f-b50a-dc03bf877707,2026-08-06T05:15:00Z,2026-08-06T07:15:00+0200,39776.81,MW,FR,FR,actual_load,Actual Load,2026-08-22T04:46:30Z
2026-08-22T04:45:07Z,2026-08-22T06:45:07+0200,81890fbb-3a1d-466f-b50a-dc03bf877707,2026-08-06T05:30:00Z,2026-08-06T07:30:00+0200,40189.38,MW,FR,FR,actual_load,Actual Load,2026-08-22T04:46:30Z
2026-08-22T04:45:07Z,2026-08-22T06:45:07+0200,81890fbb-3a1d-466f-b50a-dc03bf877707,2026-08-06T05:45:00Z,2026-08-06T07:45:00+0200,40831.34,MW,FR,FR,actual_load,Actual Load,2026-08-22T04:46:30Z
2026-08-22T04:45:07Z,2026-08-22T06:45:07+0200,81890fbb-3a1d-466f-b50a-dc03bf877707,2026-08-06T06:00:00Z,2026-08-06T08:00:00+0200,41513.57,MW,FR,FR,actual_load,Actual Load,2026-08-22T04:46:30Z
2026-08-22T04:45:07Z,2026-08-22T06:45:07+0200,81890fbb-3a1d-466f-b50a-dc03bf877707,2026-08-06T06:15:00Z,2026-08-06T08:15:00+0200,41970.0,MW,FR,FR,actual_load,Actual Load,2026-08-22T04:46:30Z
2026-08-22T04:45:07Z,2026-08-22T06:45:07+0200,81890fbb-3a1d-466f-b50a-dc03bf877707,2026-08-06T06:30:00Z,2026-08-06T08:30:00+0200,42488.87,MW,FR,FR,actual_load,Actual Load,2026-08-22T04:46:30Z
2026-08-22T04:45:07Z,2026-08-22T06:45:07+0200,81890fbb-3a1d-466f-b50a-dc03bf877707,2026-08-06T06:45:00Z,2026-08-06T08:45:00+0200,42790.7,MW,FR,FR,actual_load,Actual Load,2026-08-22T04:46:30Z
2026-08-22T04:45:07Z,2026-08-22T06:45:07+0200,81890fbb-3a1d-466f-b50a-dc03bf877707,2026-08-06T07:00:00Z,2026-08-06T09:00:00+0200,43033.88,MW,FR,FR,actual_load,Actual Load,2026-08-22T04:46:30Z
2026-08-22T04:45:07Z,2026-08-22T06:45:07+0200,81890fbb-3a1d-466f-b50a-dc03bf877707,2026-08-06T07:15:00Z,2026-08-06T09:15:00+0200,43421.91,MW,FR,FR,actual_load,Actual Load,2026-08-22T04:46:30Z
2026-08-22T04:45:07Z,2026-08-22T06:45:07+0200,81890fbb-3a1d-466f-b50a-dc03bf877707,2026-08-06T07:30:00Z,2026-08-06T09:30:00+0200,44203.65,MW,FR,FR,actual_load,Actual Load,2026-08-22T04:46:30Z
2026-08-22T04:45:07Z,2026-08-22T06:45:07+0200,81890fbb-3a1d-466f-b50a-dc03bf877707,2026-08-06T07:45:00Z,2026-08-06T09:45:00+0200,44655.67,MW,FR,FR,actual_load,Actual Load,2026-08-22T04:46:30Z
2026-08-22T04:45:07Z,2026-08-22T06:45:07+0200,81890fbb-3a1d-466f-b50a-dc03bf877707,2026-08-06T08:00:00Z,2026-08-06T10:00:00+0200,44946.16,MW,FR,FR,actual_load,Actual Load,2026-08-22T04:46:30Z
2026-08-22T04:45:07Z,2026-08-22T06:45:07+0200,81890fbb-3a1d-466f-b50a-dc03bf877707,2026-08-06T08:15:00Z,2026-08-06T10:15:00+0200,45129.82,MW,FR,FR,actual_load,Actual Load,2026-08-22T04:46:30Z
2026-08-22T04:45:07Z,2026-08-22T06:45:07+0200,81890fbb-3a1d-466f-b50a-dc03bf877707,2026-08-06T08:30:00Z,2026-08-06T10:30:00+0200,45439.35,MW,FR,FR,actual_load,Actual Load,2026-08-22T04:46:30Z
2026-08-22T04:45:07Z,2026-08-22T06:45:07+0200,81890fbb-3a1d-466f-b50a-dc03bf877707,2026-08-06T08:45:00Z,2026-08-06T10:45:00+0200,45567.37,MW,FR,FR,actual_load,Actual Load,2026-08-22T04:46:30Z
2026-08-22T04:45:07Z,2026-08-22T06:45:07+0200,81890fbb-3a1d-466f-b50a-dc03bf877707,2026-08-06T09:00:00Z,2026-08-06T11:00:00+0200,45783.25,MW,FR,FR,actual_load,Actual Load,2026-08-22T04:46:30Z
2026-08-22T04:45:07Z,2026-08-22T06:45:07+0200,81890fbb-3a1d-466f-b50a-dc03bf877707,2026-08-06T09:15:00Z,2026-08-06T11:15:00+0200,45872.86,MW,FR,FR,actual_load,Actual Load,2026-08-22T04:46:30Z
2026-08-22T04:45:07Z,2026-08-22T06:45:07+0200,81890fbb-3a1d-466f-b50a-dc03bf877707,2026-08-06T09:30:00Z,2026-08-06T11:30:00+0200,46483.04,MW,FR,FR,actual_load,Actual Load,2026-08-22T04:46:30Z
2026-08-22T04:45:07Z,2026-08-22T06:45:07+0200,81890fbb-3a1d-466f-b50a-dc03bf877707,2026-08-06T09:45:00Z,2026-08-06T11:45:00+0200,46955.29,MW,FR,FR,actual_load,Actual Load,2026-08-22T04:46:30Z
2026-08-22T04:45:07Z,2026-08-22T06:45:07+0200,81890fbb-3a1d-466f-b50a-dc03bf877707,2026-08-06T10:00:00Z,2026-08-06T12:00:00+0200,47375.39,MW,FR,FR,actual_load,Actual Load,2026-08-22T04:46:30Z
2026-08-22T04:45:07Z,2026-08-22T06:45:07+0200,81890fbb-3a1d-466f-b50a-dc03bf877707,2026-08-06T10:15:00Z,2026-08-06T12:15:00+0200,47432.93,MW,FR,FR,actual_load,Actual Load,2026-08-22T04:46:30Z
2026-08-22T04:45:07Z,2026-08-22T06:45:07+0200,81890fbb-3a1d-466f-b50a-dc03bf877707,2026-08-06T10:30:00Z,2026-08-06T12:30:00+0200,47992.95,MW,FR,FR,actual_load,Actual Load,2026-08-22T04:46:30Z
2026-08-22T04:45:07Z,2026-08-22T06:45:07+0200,81890fbb-3a1d-466f-b50a-dc03bf877707,2026-08-06T10:45:00Z,2026-08-06T12:45:00+0200,47692.34,MW,FR,FR,actual_load,Actual Load,2026-08-22T04:46:30Z
2026-08-22T04:45:07Z,2026-08-22T06:45:07+0200,81890fbb-3a1d-466f-b50a-dc03bf877707,2026-08-06T11:00:00Z,2026-08-06T13:00:00+0200,47426.36,MW,FR,FR,actual_load,Actual Load,2026-08-22T04:46:30Z
2026-08-22T04:45:07Z,2026-08-22T06:45:07+0200,81890fbb-3a1d-466f-b50a-dc03bf877707,2026-08-06T11:15:00Z,2026-08-06T13:15:00+0200,47000.05,MW,FR,FR,actual_load,Actual Load,2026-08-22T04:46:30Z
2026-08-22T04:45:07Z,2026-08-22T06:45:07+0200,81890fbb-3a1d-466f-b50a-dc03bf877707,2026-08-06T11:30:00Z,2026-08-06T13:30:00+0200,47004.52,MW,FR,FR,actual_load,Actual Load,2026-08-22T04:46:30Z
2026-08-22T04:45:07Z,2026-08-22T06:45:07+0200,81890fbb-3a1d-466f-b50a-dc03bf877707,2026-08-06T11:45:00Z,2026-08-06T13:45:00+0200,47166.79,MW,FR,FR,actual_load,Actual Load,2026-08-22T04:46:30Z
2026-08-22T04:45:07Z,2026-08-22T06:45:07+0200,81890fbb-3a1d-466f-b50a-dc03bf877707,2026-08-06T12:00:00Z,2026-08-06T14:00:00+0200,48096.41,MW,FR,FR,actual_load,Actual Load,2026-08-22T04:46:30Z
2026-08-22T04:45:07Z,2026-08-22T06:45:07+0200,81890fbb-3a1d-466f-b50a-dc03bf877707,2026-08-06T12:15:00Z,2026-08-06T14:15:00+0200,47989.05,MW,FR,FR,actual_load,Actual Load,2026-08-22T04:46:30Z
2026-08-22T04:45:07Z,2026-08-22T06:45:07+0200,81890fbb-3a1d-466f-b50a-dc03bf877707,2026-08-06T12:30:00Z,2026-08-06T14:30:00+0200,47837.54,MW,FR,FR,actual_load,Actual Load,2026-08-22T04:46:30Z
2026-08-22T04:45:07Z,2026-08-22T06:45:07+0200,81890fbb-3a1d-466f-b50a-dc03bf877707,2026-08-06T12:45:00Z,2026-08-06T14:45:00+0200,47467.85,MW,FR,FR,actual_load,Actual Load,2026-08-22T04:46:30Z
2026-08-22T04:45:07Z,2026-08-22T06:45:07+0200,81890fbb-3a1d-466f-b50a-dc03bf877707,2026-08-06T13:00:00Z,2026-08-06T15:00:00+0200,47594.03,MW,FR,FR,actual_load,Actual Load,2026-08-22T04:46:30Z
2026-08-22T04:45:07Z,2026-08-22T06:45:07+0200,81890fbb-3a1d-466f-b50a-dc03bf877707,2026-08-06T13:15:00Z,2026-08-06T15:15:00+0200,47253.53,MW,FR,FR,actual_load,Actual Load,2026-08-22T04:46:30Z
2026-08-22T04:45:07Z,2026-08-22T06:45:07+0200,81890fbb-3a1d-466f-b50a-dc03bf877707,2026-08-06T13:30:00Z,2026-08-06T15:30:00+0200,46905.93,MW,FR,FR,actual_load,Actual Load,2026-08-22T04:46:30Z
2026-08-22T04:45:07Z,2026-08-22T06:45:07+0200,81890fbb-3a1d-466f-b50a-dc03bf877707,2026-08-06T13:45:00Z,2026-08-06T15:45:00+0200,46489.02,MW,FR,FR,actual_load,Actual Load,2026-08-22T04:46:30Z
2026-08-22T04:45:07Z,2026-08-22T06:45:07+0200,81890fbb-3a1d-466f-b50a-dc03bf877707,2026-08-06T14:00:00Z,2026-08-06T16:00:00+0200,46086.47,MW,FR,FR,actual_load,Actual Load,2026-08-22T04:46:30Z
2026-08-22T04:45:07Z,2026-08-22T06:45:07+0200,81890fbb-3a1d-466f-b50a-dc03bf877707,2026-08-06T14:15:00Z,2026-08-06T16:15:00+0200,46055.75,MW,FR,FR,actual_load,Actual Load,2026-08-22T04:46:30Z
2026-08-22T04:45:07Z,2026-08-22T06:45:07+0200,81890fbb-3a1d-466f-b50a-dc03bf877707,2026-08-06T14:30:00Z,2026-08-06T16:30:00+0200,46050.73,MW,FR,FR,actual_load,Actual Load,2026-08-22T04:46:30Z
2026-08-22T04:45:07Z,2026-08-22T06:45:07+0200,81890fbb-3a1d-466f-b50a-dc03bf877707,2026-08-06T14:45:00Z,2026-08-06T16:45:00+0200,45711.46,MW,FR,FR,actual_load,Actual Load,2026-08-22T04:46:30Z
2026-08-22T04:45:07Z,2026-08-22T06:45:07+0200,81890fbb-3a1d-466f-b50a-dc03bf877707,2026-08-06T15:00:00Z,2026-08-06T17:00:00+0200,45409.54,MW,FR,FR,actual_load,Actual Load,2026-08-22T04:46:30Z
2026-08-22T04:45:07Z,2026-08-22T06:45:07+0200,81890fbb-3a1d-466f-b50a-dc03bf877707,2026-08-06T15:15:00Z,2026-08-06T17:15:00+0200,45629.86,MW,FR,FR,actual_load,Actual Load,2026-08-22T04:46:30Z
2026-08-22T04:45:07Z,2026-08-22T06:45:07+0200,81890fbb-3a1d-466f-b50a-dc03bf877707,2026-08-06T15:30:00Z,2026-08-06T17:30:00+0200,45864.34,MW,FR,FR,actual_load,Actual Load,2026-08-22T04:46:30Z
2026-08-22T04:45:07Z,2026-08-22T06:45:07+0200,81890fbb-3a1d-466f-b50a-dc03bf877707,2026-08-06T15:45:00Z,2026-08-06T17:45:00+0200,46259.43,MW,FR,FR,actual_load,Actual Load,2026-08-22T04:46:30Z
2026-08-22T04:45:07Z,2026-08-22T06:45:07+0200,81890fbb-3a1d-466f-b50a-dc03bf877707,2026-08-06T16:00:00Z,2026-08-06T18:00:00+0200,46457.14,MW,FR,FR,actual_load,Actual Load,2026-08-22T04:46:30Z
2026-08-22T04:45:07Z,2026-08-22T06:45:07+0200,81890fbb-3a1d-466f-b50a-dc03bf877707,2026-08-06T16:15:00Z,2026-08-06T18:15:00+0200,46920.46,MW,FR,FR,actual_load,Actual Load,2026-08-22T04:46:30Z
2026-08-22T04:45:07Z,2026-08-22T06:45:07+0200,81890fbb-3a1d-466f-b50a-dc03bf877707,2026-08-06T16:30:00Z,2026-08-06T18:30:00+0200,47357.35,MW,FR,FR,actual_load,Actual Load,2026-08-22T04:46:30Z
2026-08-22T04:45:07Z,2026-08-22T06:45:07+0200,81890fbb-3a1d-466f-b50a-dc03bf877707,2026-08-06T16:45:00Z,2026-08-06T18:45:00+0200,47797.57,MW,FR,FR,actual_load,Actual Load,2026-08-22T04:46:30Z
2026-08-22T04:45:07Z,2026-08-22T06:45:07+0200,81890fbb-3a1d-466f-b50a-dc03bf877707,2026-08-06T17:00:00Z,2026-08-06T19:00:00+0200,47913.59,MW,FR,FR,actual_load,Actual Load,2026-08-22T04:46:30Z
2026-08-22T04:45:07Z,2026-08-22T06:45:07+0200,81890fbb-3a1d-466f-b50a-dc03bf877707,2026-08-06T17:15:00Z,2026-08-06T19:15:00+0200,47853.86,MW,FR,FR,actual_load,Actual Load,2026-08-22T04:46:30Z
2026-08-22T04:45:07Z,2026-08-22T06:45:07+0200,81890fbb-3a1d-466f-b50a-dc03bf877707,2026-08-06T17:30:00Z,2026-08-06T19:30:00+0200,47563.62,MW,FR,FR,actual_load,Actual Load,2026-08-22T04:46:30Z
2026-08-22T04:45:07Z,2026-08-22T06:45:07+0200,81890fbb-3a1d-466f-b50a-dc03bf877707,2026-08-06T17:45:00Z,2026-08-06T19:45:00+0200,47238.86,MW,FR,FR,actual_load,Actual Load,2026-08-22T04:46:30Z
2026-08-22T04:45:07Z,2026-08-22T06:45:07+0200,81890fbb-3a1d-466f-b50a-dc03bf877707,2026-08-06T18:00:00Z,2026-08-06T20:00:00+0200,46840.66,MW,FR,FR,actual_load,Actual Load,2026-08-22T04:46:30Z
2026-08-22T04:45:07Z,2026-08-22T06:45:07+0200,81890fbb-3a1d-466f-b50a-dc03bf877707,2026-08-06T18:15:00Z,2026-08-06T20:15:00+0200,46365.8,MW,FR,FR,actual_load,Actual Load,2026-08-22T04:46:30Z
2026-08-22T04:45:07Z,2026-08-22T06:45:07+0200,81890fbb-3a1d-466f-b50a-dc03bf877707,2026-08-06T18:30:00Z,2026-08-06T20:30:00+0200,46097.63,MW,FR,FR,actual_load,Actual Load,2026-08-22T04:46:30Z
2026-08-22T04:45:07Z,2026-08-22T06:45:07+0200,81890fbb-3a1d-466f-b50a-dc03bf877707,2026-08-06T18:45:00Z,2026-08-06T20:45:00+0200,45698.32,MW,FR,FR,actual_load,Actual Load,2026-08-22T04:46:30Z
2026-08-22T04:45:07Z,2026-08-22T06:45:07+0200,81890fbb-3a1d-466f-b50a-dc03bf877707,2026-08-06T19:00:00Z,2026-08-06T21:00:00+0200,45505.57,MW,FR,FR,actual_load,Actual Load,2026-08-22T04:46:30Z
2026-08-22T04:45:07Z,2026-08-22T06:45:07+0200,81890fbb-3a1d-466f-b50a-dc03bf877707,2026-08-06T19:15:00Z,2026-08-06T21:15:00+0200,45231.16,MW,FR,FR,actual_load,Actual Load,2026-08-22T04:46:30Z
2026-08-22T04:45:07Z,2026-08-22T06:45:07+0200,81890fbb-3a1d-466f-b50a-dc03bf877707,2026-08-06T19:30:00Z,2026-08-06T21:30:00+0200,45132.82,MW,FR,FR,actual_load,Actual Load,2026-08-22T04:46:30Z
2026-08-22T04:45:07Z,2026-08-22T06:45:07+0200,81890fbb-3a1d-466f-b50a-dc03bf877707,2026-08-06T19:45:00Z,2026-08-06T21:45:00+0200,44658.54,MW,FR,FR,actual_load,Actual Load,2026-08-22T04:46:30Z
2026-08-22T04:45:07Z,2026-08-22T06:45:07+0200,81890fbb-3a1d-466f-b50a-dc03bf877707,2026-08-06T20:00:00Z,2026-08-06T22:00:00+0200,45467.05,MW,FR,FR,actual_load,Actual Load,2026-08-22T04:46:30Z
2026-08-22T04:45:07Z,2026-08-22T06:45:07+0200,81890fbb-3a1d-466f-b50a-dc03bf877707,2026-08-06T20:15:00Z,2026-08-06T22:15:00+0200,45094.55,MW,FR,FR,actual_load,Actual Load,2026-08-22T04:46:30Z
2026-08-22T04:45:07Z,2026-08-22T06:45:07+0200,81890fbb-3a1d-466f-b50a-dc03bf877707,2026-08-06T20:30:00Z,2026-08-06T22:30:00+0200,46134.6,MW,FR,FR,actual_load,Actual Load,2026-08-22T04:46:30Z
2026-08-22T04:45:07Z,2026-08-22T06:45:07+0200,81890fbb-3a1d-466f-b50a-dc03bf877707,2026-08-06T20:45:00Z,2026-08-06T22:45:00+0200,45437.57,MW,FR,FR,actual_load,Actual Load,2026-08-22T04:46:30Z
2026-08-22T04:45:07Z,2026-08-22T06:45:07+0200,81890fbb-3a1d-466f-b50a-dc03bf877707,2026-08-06T21:00:00Z,2026-08-06T23:00:00+0200,45026.71,MW,FR,FR,actual_load,Actual Load,2026-08-22T04:46:30Z
2026-08-22T04:45:07Z,2026-08-22T06:45:07+0200,81890fbb-3a1d-466f-b50a-dc03bf877707,2026-08-06T21:15:00Z,2026-08-06T23:15:00+0200,44077.59,MW,FR,FR,actual_load,Actual Load,2026-08-22T04:46:30Z
2026-08-22T04:45:07Z,2026-08-22T06:45:07+0200,81890fbb-3a1d-466f-b50a-dc03bf877707,2026-08-06T21:30:00Z,2026-08-06T23:30:00+0200,44233.51,MW,FR,FR,actual_load,Actual Load,2026-08-22T04:46:30Z
2026-08-22T04:45:07Z,2026-08-22T06:45:07+0200,81890fbb-3a1d-466f-b50a-dc03bf877707,2026-08-06T21:45:00Z,2026-08-06T23:45:00+0200,43245.31,MW,FR,FR,actual_load,Actual Load,2026-08-22T04:46:30Z
2026-08-22T04:45:07Z,2026-08-22T06:45:07+0200,81890fbb-3a1d-466f-b50a-dc03bf877707,2026-08-06T22:00:00Z,2026-08-07T00:00:00+0200,43039.51,MW,FR,FR,actual_load,Actual Load,2026-08-22T04:46:30Z
2026-08-22T04:45:07Z,2026-08-22T06:45:07+0200,81890fbb-3a1d-466f-b50a-dc03bf877707,2026-08-06T22:15:00Z,2026-08-07T00:15:00+0200,41941.32,MW,FR,FR,actual_load,Actual Load,2026-08-22T04:46:30Z
2026-08-22T04:45:07Z,2026-08-22T06:45:07+0200,81890fbb-3a1d-466f-b50a-dc03bf877707,2026-08-06T22:30:00Z,2026-08-07T00:30:00+0200,40731.16,MW,FR,FR,actual_load,Actual Load,2026-08-22T04:46:30Z
2026-08-22T04:45:07Z,2026-08-22T06:45:07+0200,81890fbb-3a1d-466f-b50a-dc03bf877707,2026-08-06T22:45:00Z,2026-08-07T00:45:00+0200,39846.49,MW,FR,FR,actual_load,Actual Load,2026-08-22T04:46:30Z
2026-08-22T04:45:07Z,2026-08-22T06:45:07+0200,81890fbb-3a1d-466f-b50a-dc03bf877707,2026-08-06T23:00:00Z,2026-08-07T01:00:00+0200,40160.07,MW,FR,FR,actual_load,Actual Load,2026-08-22T04:46:30Z
2026-08-22T04:45:07Z,2026-08-22T06:45:07+0200,81890fbb-3a1d-466f-b50a-dc03bf877707,2026-08-06T23:15:00Z,2026-08-07T01:15:00+0200,39548.37,MW,FR,FR,actual_load,Actual Load,2026-08-22T04:46:30Z
2026-08-22T04:45:07Z,2026-08-22T06:45:07+0200,81890fbb-3a1d-466f-b50a-dc03bf877707,2026-08-06T23:30:00Z,2026-08-07T01:30:00+0200,39437.06,MW,FR,FR,actual_load,Actual Load,2026-08-22T04:46:30Z
2026-08-22T04:45:07Z,2026-08-22T06:45:07+0200,81890fbb-3a1d-466f-b50a-dc03bf877707,2026-08-06T23:45:00Z,2026-08-07T01:45:00+0200,38607.22,MW,FR,FR,actual_load,Actual Load,2026-08-22T04:46:30Z
2026-08-22T04:45:07Z,2026-08-22T06:45:07+0200,81890fbb-3a1d-466f-b50a-dc03bf877707,2026-08-07T00:00:00Z,2026-08-07T02:00:00+0200,38145.7,MW,FR,FR,actual_load,Actual Load,2026-08-22T04:46:30Z
2026-08-22T04:45:07Z,2026-08-22T06:45:07+0200,81890fbb-3a1d-466f-b50a-dc03bf877707,2026-08-07T00:15:00Z,2026-08-07T02:15:00+0200,37401.17,MW,FR,FR,actual_load,Actual Load,2026-08-22T04:46:30Z
2026-08-22T04:45:07Z,2026-08-22T06:45:07+0200,81890fbb-3a1d-466f-b50a-dc03bf877707,2026-08-07T00:30:00Z,2026-08-07T02:30:00+0200,36869.75,MW,FR,FR,actual_load,Actual Load,2026-08-22T04:46:30Z
2026-08-22T04:45:07Z,2026-08-22T06:45:07+0200,81890fbb-3a1d-466f-b50a-dc03bf877707,2026-08-07T00:45:00Z,2026-08-07T02:45:00+0200,36280.1,MW,FR,FR,actual_load,Actual Load,2026-08-22T04:46:30Z
2026-08-22T04:45:07Z,2026-08-22T06:45:07+0200,81890fbb-3a1d-466f-b50a-dc03bf877707,2026-08-07T01:00:00Z,2026-08-07T03:00:00+0200,35835.4,MW,FR,FR,actual_load,Actual Load,2026-08-22T04:46:30Z
2026-08-22T04:45:07Z,2026-08-22T06:45:07+0200,81890fbb-3a1d-466f-b50a-dc03bf877707,2026-08-07T01:15:00Z,2026-08-07T03:15:00+0200,35423.39,MW,FR,FR,actual_load,Actual Load,2026-08-22T04:46:30Z
2026-08-22T04:45:07Z,2026-08-22T06:45:07+0200,81890fbb-3a1d-466f-b50a-dc03bf877707,2026-08-07T01:30:00Z,2026-08-07T03:30:00+0200,35183.74,MW,FR,FR,actual_load,Actual Load,2026-08-22T04:46:30Z
2026-08-22T04:45:07Z,2026-08-22T06:45:07+0200,81890fbb-3a1d-466f-b50a-dc03bf877707,2026-08-07T01:45:00Z,2026-08-07T03:45:00+0200,34968.09,MW,FR,FR,actual_load,Actual Load,2026-08-22T04:46:30Z
2026-08-22T04:45:07Z,2026-08-22T06:45:07+0200,81890fbb-3a1d-466f-b50a-dc03bf877707,2026-08-07T02:00:00Z,2026-08-07T04:00:00+0200,34917.29,MW,FR,FR,actual_load,Actual Load,2026-08-22T04:46:30Z
2026-08-22T04:45:07Z,2026-08-22T06:45:07+0200,81890fbb-3a1d-466f-b50a-dc03bf877707,2026-08-07T02:15:00Z,2026-08-07T04:15:00+0200,34763.29,MW,FR,FR,actual_load,Actual Load,2026-08-22T04:46:30Z
2026-08-22T04:45:07Z,2026-08-22T06:45:07+0200,81890fbb-3a1d-466f-b50a-dc03bf877707,2026-08-07T02:30:00Z,2026-08-07T04:30:00+0200,34629.24,MW,FR,FR,actual_load,Actual Load,2026-08-22T04:46:30Z
2026-08-22T04:45:07Z,2026-08-22T06:45:07+0200,81890fbb-3a1d-466f-b50a-dc03bf877707,2026-08-07T02:45:00Z,2026-08-07T04:45:00+0200,34733.47,MW,FR,FR,actual_load,Actual Load,2026-08-22T04:46:30Z
2026-08-22T04:45:07Z,2026-08-22T06:45:07+0200,81890fbb-3a1d-466f-b50a-dc03bf877707,2026-08-07T03:00:00Z,2026-08-07T05:00:00+0200,35218.46,MW,FR,FR,actual_load,Actual Load,2026-08-22T04:46:30Z
2026-08-22T04:45:07Z,2026-08-22T06:45:07+0200,81890fbb-3a1d-466f-b50a-dc03bf877707,2026-08-07T03:15:00Z,2026-08-07T05:15:00+0200,35469.31,MW,FR,FR,actual_load,Actual Load,2026-08-22T04:46:30Z
2026-08-22T04:45:07Z,2026-08-22T06:45:07+0200,81890fbb-3a1d-466f-b50a-dc03bf877707,2026-08-07T03:30:00Z,2026-08-07T05:30:00+0200,35799.02,MW,FR,FR,actual_load,Actual Load,2026-08-22T04:46:30Z
2026-08-22T04:45:07Z,2026-08-22T06:45:07+0200,81890fbb-3a1d-466f-b50a-dc03bf877707,2026-08-07T03:45:00Z,2026-08-07T05:45:00+0200,36156.14,MW,FR,FR,actual_load,Actual Load,2026-08-22T04:46:30Z
2026-08-22T04:45:07Z,2026-08-22T06:45:07+0200,81890fbb-3a1d-466f-b50a-dc03bf877707,2026-08-07T04:00:00Z,2026-08-07T06:00:00+0200,36903.65,MW,FR,FR,actual_load,Actual Load,2026-08-22T04:46:30Z
2026-08-22T04:45:07Z,2026-08-22T06:45:07+0200,81890fbb-3a1d-466f-b50a-dc03bf877707,2026-08-07T04:15:00Z,2026-08-07T06:15:00+0200,37258.91,MW,FR,FR,actual_load,Actual Load,2026-08-22T04:46:30Z
2026-08-22T04:45:07Z,2026-08-22T06:45:07+0200,81890fbb-3a1d-466f-b50a-dc03bf877707,2026-08-07T04:30:00Z,2026-08-07T06:30:00+0200,37359.21,MW,FR,FR,actual_load,Actual Load,2026-08-22T04:46:30Z
2026-08-22T04:45:07Z,2026-08-22T06:45:07+0200,81890fbb-3a1d-466f-b50a-dc03bf877707,2026-08-07T04:45:00Z,2026-08-07T06:45:00+0200,37854.99,MW,FR,FR,actual_load,Actual Load,2026-08-22T04:46:30Z
2026-08-22T04:45:07Z,2026-08-22T06:45:07+0200,81890fbb-3a1d-466f-b50a-dc03bf877707,2026-08-07T05:00:00Z,2026-08-07T07:00:00+0200,38343.53,MW,FR,FR,actual_load,Actual Load,2026-08-22T04:46:30Z
2026-08-22T04:45:07Z,2026-08-22T06:45:07+0200,81890fbb-3a1d-466f-b50a-dc03bf877707,2026-08-07T05:15:00Z,2026-08-07T07:15:00+0200,38854.91,MW,FR,FR,actual_load,Actual Load,2026-08-22T04:46:30Z
2026-08-22T04:45:07Z,2026-08-22T06:45:07+0200,81890fbb-3a1d-466f-b50a-dc03bf877707,2026-08-07T05:30:00Z,2026-08-07T07:30:00+0200,39123.72,MW,FR,FR,actual_load,Actual Load,2026-08-22T04:46:30Z
2026-08-22T04:45:07Z,2026-08-22T06:45:07+0200,81890fbb-3a1d-466f-b50a-dc03bf877707,2026-08-07T05:45:00Z,2026-08-07T07:45:00+0200,39713.7,MW,FR,FR,actual_load,Actual Load,2026-08-22T04:46:30Z
2026-08-22T04:45:07Z,2026-08-22T06:45:07+0200,81890fbb-3a1d-466f-b50a-dc03bf877707,2026-08-07T06:00:00Z,2026-08-07T08:00:00+0200,40400.71,MW,FR,FR,actual_load,Actual Load,2026-08-22T04:46:30Z
2026-08-22T04:45:07Z,2026-08-22T06:45:07+0200,81890fbb-3a1d-466f-b50a-dc03bf877707,2026-08-07T06:15:00Z,2026-08-07T08:15:00+0200,40754.81,MW,FR,FR,actual_load,Actual Load,2026-08-22T04:46:30Z
2026-08-22T04:45:07Z,2026-08-22T06:45:07+0200,81890fbb-3a1d-466f-b50a-dc03bf877707,2026-08-07T06:30:00Z,2026-08-07T08:30:00+0200,41114.54,MW,FR,FR,actual_load,Actual Load,2026-08-22T04:46:30Z
2026-08-22T04:45:07Z,2026-08-22T06:45:07+0200,81890fbb-3a1d-466f-b50a-dc03bf877707,2026-08-07T06:45:00Z,2026-08-07T08:45:00+0200,41643.58,MW,FR,FR,actual_load,Actual Load,2026-08-22T04:46:30Z
2026-08-22T04:45:07Z,2026-08-22T06:45:07+0200,81890fbb-3a1d-466f-b50a-dc03bf877707,2026-08-07T07:00:00Z,2026-08-07T09:00:00+0200,42108.27,MW,FR,FR,actual_load,Actual Load,2026-08-22T04:46:30Z
2026-08-22T04:45:07Z,2026-08-22T06:45:07+0200,81890fbb-3a1d-466f-b50a-dc03bf877707,2026-08-07T07:15:00Z,2026-08-07T09:15:00+0200,42628.56,MW,FR,FR,actual_load,Actual Load,2026-08-22T04:46:30Z
2026-08-22T04:45:07Z,2026-08-22T06:45:07+0200,81890fbb-3a1d-466f-b50a-dc03bf877707,2026-08-07T07:30:00Z,2026-08-07T09:30:00+0200,42920.43,MW,FR,FR,actual_load,Actual Load,2026-08-22T04:46:30Z
2026-08-22T04:45:07Z,2026-08-22T06:45:07+0200,81890fbb-3a1d-466f-b50a-dc03bf877707,2026-08-07T07:45:00Z,2026-08-07T09:45:00+0200,43406.95,MW,FR,FR,actual_load,Actual Load,2026-08-22T04:46:30Z
2026-08-22T04:45:07Z,2026-08-22T06:45:07+0200,81890fbb-3a1d-466f-b50a-dc03bf877707,2026-08-07T08:00:00Z,2026-08-07T10:00:00+0200,43815.94,MW,FR,FR,actual_load,Actual Load,2026-08-22T04:46:30Z
2026-08-22T04:45:07Z,2026-08-22T06:45:07+0200,81890fbb-3a1d-466f-b50a-dc03bf877707,2026-08-07T08:15:00Z,2026-08-07T10:15:00+0200,44309.91,MW,FR,FR,actual_load,Actual Load,2026-08-22T04:46:30Z
2026-08-22T04:45:07Z,2026-08-22T06:45:07+0200,81890fbb-3a1d-466f-b50a-dc03bf877707,2026-08-07T08:30:00Z,2026-08-07T10:30:00+0200,44501.47,MW,FR,FR,actual_load,Actual Load,2026-08-22T04:46:30Z
2026-08-22T04:45:07Z,2026-08-22T06:45:07+0200,81890fbb-3a1d-466f-b50a-dc03bf877707,2026-08-07T08:45:00Z,2026-08-07T10:45:00+0200,44777.23,MW,FR,FR,actual_load,Actual Load,2026-08-22T04:46:30Z
2026-08-22T04:45:07Z,2026-08-22T06:45:07+0200,81890fbb-3a1d-466f-b50a-dc03bf877707,2026-08-07T09:00:00Z,2026-08-07T11:00:00+0200,45045.76,MW,FR,FR,actual_load,Actual Load,2026-08-22T04:46:30Z
2026-08-22T04:45:07Z,2026-08-22T06:45:07+0200,81890fbb-3a1d-466f-b50a-dc03bf877707,2026-08-07T09:15:00Z,2026-08-07T11:15:00+0200,45319.63,MW,FR,FR,actual_load,Actual Load,2026-08-22T04:46:30Z
2026-08-22T04:45:07Z,2026-08-22T06:45:07+0200,81890fbb-3a1d-466f-b50a-dc03bf877707,2026-08-07T09:30:00Z,2026-08-07T11:30:00+0200,45707.46,MW,FR,FR,actual_load,Actual Load,2026-08-22T04:46:30Z
2026-08-22T04:45:07Z,2026-08-22T06:45:07+0200,81890fbb-3a1d-466f-b50a-dc03bf877707,2026-08-07T09:45:00Z,2026-08-07T11:45:00+0200,46182.99,MW,FR,FR,actual_load,Actual Load,2026-08-22T04:46:30Z
2026-08-22T04:45:07Z,2026-08-22T06:45:07+0200,81890fbb-3a1d-466f-b50a-dc03bf877707,2026-08-07T10:00:00Z,2026-08-07T12:00:00+0200,46694.12,MW,FR,FR,actual_load,Actual Load,2026-08-22T04:46:30Z
2026-08-22T04:45:07Z,2026-08-22T06:45:07+0200,81890fbb-3a1d-466f-b50a-dc03bf877707,2026-08-07T10:15:00Z,2026-08-07T12:15:00+0200,46832.51,MW,FR,FR,actual_load,Actual Load,2026-08-22T04:46:30Z
2026-08-22T04:45:07Z,2026-08-22T06:45:07+0200,81890fbb-3a1d-466f-b50a-dc03bf877707,2026-08-07T10:30:00Z,2026-08-07T12:30:00+0200,47532.67,MW,FR,FR,actual_load,Actual Load,2026-08-22T04:46:30Z
2026-08-22T04:45:07Z,2026-08-22T06:45:07+0200,81890fbb-3a1d-466f-b50a-dc03bf877707,2026-08-07T10:45:00Z,2026-08-07T12:45:00+0200,47275.12,MW,FR,FR,actual_load,Actual Load,2026-08-22T04:46:30Z
2026-08-22T04:45:07Z,2026-08-22T06:45:07+0200,81890fbb-3a1d-466f-b50a-dc03bf877707,2026-08-07T11:00:00Z,2026-08-07T13:00:00+0200,46936.96,MW,FR,FR,actual_load,Actual Load,2026-08-22T04:46:30Z
2026-08-22T04:45:07Z,2026-08-22T06:45:07+0200,81890fbb-3a1d-466f-b50a-dc03bf877707,2026-08-07T11:15:00Z,2026-08-07T13:15:00+0200,46745.61,MW,FR,FR,actual_load,Actual Load,2026-08-22T04:46:30Z
2026-08-22T04:45:07Z,2026-08-22T06:45:07+0200,81890fbb-3a1d-466f-b50a-dc03bf877707,2026-08-07T11:30:00Z,2026-08-07T13:30:00+0200,46492.16,MW,FR,FR,actual_load,Actual Load,2026-08-22T04:46:30Z
2026-08-22T04:45:07Z,2026-08-22T06:45:07+0200,81890fbb-3a1d-466f-b50a-dc03bf877707,2026-08-07T11:45:00Z,2026-08-07T13:45:00+0200,46464.5,MW,FR,FR,actual_load,Actual Load,2026-08-22T04:46:30Z
2026-08-22T04:45:07Z,2026-08-22T06:45:07+0200,81890fbb-3a1d-466f-b50a-dc03bf877707,2026-08-07T12:00:00Z,2026-08-07T14:00:00+0200,47558.92,MW,FR,FR,actual_load,Actual Load,2026-08-22T04:46:30Z
2026-08-22T04:45:07Z,2026-08-22T06:45:07+0200,81890fbb-3a1d-466f-b50a-dc03bf877707,2026-08-07T12:15:00Z,2026-08-07T14:15:00+0200,47556.41,MW,FR,FR,actual_load,Actual Load,2026-08-22T04:46:30Z
2026-08-22T04:45:07Z,2026-08-22T06:45:07+0200,81890fbb-3a1d-466f-b50a-dc03bf877707,2026-08-07T12:30:00Z,2026-08-07T14:30:00+0200,47633.23,MW,FR,FR,actual_load,Actual Load,2026-08-22T04:46:30Z
2026-08-22T04:45:07Z,2026-08-22T06:45:07+0200,81890fbb-3a1d-466f-b50a-dc03bf877707,2026-08-07T12:45:00Z,2026-08-07T14:45:00+0200,47135.96,MW,FR,FR,actual_load,Actual Load,2026-08-22T04:46:30Z
2026-08-22T04:45:07Z,2026-08-22T06:45:07+0200,81890fbb-3a1d-466f-b50a-dc03bf877707,2026-08-07T13:00:00Z,2026-08-07T15:00:00+0200,47108.21,MW,FR,FR,actual_load,Actual Load,2026-08-22T04:46:30Z
2026-08-22T04:45:07Z,2026-08-22T06:45:07+0200,81890fbb-3a1d-466f-b50a-dc03bf877707,2026-08-07T13:15:00Z,2026-08-07T15:15:00+0200,46844.44,MW,FR,FR,actual_load,Actual Load,2026-08-22T04:46:30Z
2026-08-22T04:45:07Z,2026-08-22T06:45:07+0200,81890fbb-3a1d-466f-b50a-dc03bf877707,2026-08-07T13:30:00Z,2026-08-07T15:30:00+0200,46381.48,MW,FR,FR,actual_load,Actual Load,2026-08-22T04:46:30Z
2026-08-22T04:45:07Z,2026-08-22T06:45:07+0200,81890fbb-3a1d-466f-b50a-dc03bf877707,2026-08-07T13:45:00Z,2026-08-07T15:45:00+0200,45977.91,MW,FR,FR,actual_load,Actual Load,2026-08-22T04:46:30Z
2026-08-22T04:45:07Z,2026-08-22T06:45:07+0200,81890fbb-3a1d-466f-b50a-dc03bf877707,2026-08-07T14:00:00Z,2026-08-07T16:00:00+0200,45873.29,MW,FR,FR,actual_load,Actual Load,2026-08-22T04:46:30Z
2026-08-22T04:45:07Z,2026-08-22T06:45:07+0200,81890fbb-3a1d-466f-b50a-dc03bf877707,2026-08-07T14:15:00Z,2026-08-07T16:15:00+0200,45680.17,MW,FR,FR,actual_load,Actual Load,2026-08-22T04:46:30Z
2026-08-22T04:45:07Z,2026-08-22T06:45:07+0200,81890fbb-3a1d-466f-b50a-dc03bf877707,2026-08-07T14:30:00Z,2026-08-07T16:30:00+0200,45319.41,MW,FR,FR,actual_load,Actual Load,2026-08-22T04:46:30Z
2026-08-22T04:45:07Z,2026-08-22T06:45:07+0200,81890fbb-3a1d-466f-b50a-dc03bf877707,2026-08-07T14:45:00Z,2026-08-07T16:45:00+0200,45216.92,MW,FR,FR,actual_load,Actual Load,2026-08-22T04:46:30Z
2026-08-22T04:45:07Z,2026-08-22T06:45:07+0200,81890fbb-3a1d-466f-b50a-dc03bf877707,2026-08-07T15:00:00Z,2026-08-07T17:00:00+0200,45221.25,MW,FR,FR,actual_load,Actual Load,2026-08-22T04:46:30Z
2026-08-22T04:45:07Z,2026-08-22T06:45:07+0200,81890fbb-3a1d-466f-b50a-dc03bf877707,2026-08-07T15:15:00Z,2026-08-07T17:15:00+0200,45383.73,MW,FR,FR,actual_load,Actual Load,2026-08-22T04:46:30Z
2026-08-22T04:45:07Z,2026-08-22T06:45:07+0200,81890fbb-3a1d-466f-b50a-dc03bf877707,2026-08-07T15:30:00Z,2026-08-07T17:30:00+0200,45732.32,MW,FR,FR,actual_load,Actual Load,2026-08-22T04:46:30Z
2026-08-22T04:45:07Z,2026-08-22T06:45:07+0200,81890fbb-3a1d-466f-b50a-dc03bf877707,2026-08-07T15:45:00Z,2026-08-07T17:45:00+0200,46087.61,MW,FR,FR,actual_load,Actual Load,2026-08-22T04:46:30Z
2026-08-22T04:45:07Z,2026-08-22T06:45:07+0200,81890fbb-3a1d-466f-b50a-dc03bf877707,2026-08-07T16:00:00Z,2026-08-07T18:00:00+0200,46280.28,MW,FR,FR,actual_load,Actual Load,2026-08-22T04:46:30Z
2026-08-22T04:45:07Z,2026-08-22T06:45:07+0200,81890fbb-3a1d-466f-b50a-dc03bf877707,2026-08-07T16:15:00Z,2026-08-07T18:15:00+0200,46587.88,MW,FR,FR,actual_load,Actual Load,2026-08-22T04:46:30Z
2026-08-22T04:45:07Z,2026-08-22T06:45:07+0200,81890fbb-3a1d-466f-b50a-dc03bf877707,2026-08-07T16:30:00Z,2026-08-07T18:30:00+0200,46971.35,MW,FR,FR,actual_load,Actual Load,2026-08-22T04:46:30Z
2026-08-22T04:45:07Z,2026-08-22T06:45:07+0200,81890fbb-3a1d-466f-b50a-dc03bf877707,2026-08-07T16:45:00Z,2026-08-07T18:45:00+0200,47280.94,MW,FR,FR,actual_load,Actual Load,2026-08-22T04:46:30Z
2026-08-22T04:45:07Z,2026-08-22T06:45:07+0200,81890fbb-3a1d-466f-b50a-dc03bf877707,2026-08-07T17:00:00Z,2026-08-07T19:00:00+0200,47315.33,MW,FR,FR,actual_load,Actual Load,2026-08-22T04:46:30Z
2026-08-22T04:45:07Z,2026-08-22T06:45:07+0200,81890fbb-3a1d-466f-b50a-dc03bf877707,2026-08-07T17:15:00Z,2026-08-07T19:15:00+0200,47164.72,MW,FR,FR,actual_load,Actual Load,2026-08-22T04:46:30Z
2026-08-22T04:45:07Z,2026-08-22T06:45:07+0200,81890fbb-3a1d-466f-b50a-dc03bf877707,2026-08-07T17:30:00Z,2026-08-07T19:30:00+0200,46977.06,MW,FR,FR,actual_load,Actual Load,2026-08-22T04:46:30Z
2026-08-22T04:45:07Z,2026-08-22T06:45:07+0200,81890fbb-3a1d-466f-b50a-dc03bf877707,2026-08-07T17:45:00Z,2026-08-07T19:45:00+0200,46618.69,MW,FR,FR,actual_load,Actual Load,2026-08-22T04:46:30Z
2026-08-22T04:45:07Z,2026-08-22T06:45:07+0200,81890fbb-3a1d-466f-b50a-dc03bf877707,2026-08-07T18:00:00Z,2026-08-07T20:00:00+0200,46257.9,MW,FR,FR,actual_load,Actual Load,2026-08-22T04:46:30Z
2026-08-22T04:45:07Z,2026-08-22T06:45:07+0200,81890fbb-3a1d-466f-b50a-dc03bf877707,2026-08-07T18:15:00Z,2026-08-07T20:15:00+0200,45445.39,MW,FR,FR,actual_load,Actual Load,2026-08-22T04:46:30Z
2026-08-22T04:45:07Z,2026-08-22T06:45:07+0200,81890fbb-3a1d-466f-b50a-dc03bf877707,2026-08-07T18:30:00Z,2026-08-07T20:30:00+0200,44922.32,MW,FR,FR,actual_load,Actual Load,2026-08-22T04:46:30Z
2026-08-22T04:45:07Z,2026-08-22T06:45:07+0200,81890fbb-3a1d-466f-b50a-dc03bf877707,2026-08-07T18:45:00Z,2026-08-07T20:45:00+0200,44422.75,MW,FR,FR,actual_load,Actual Load,2026-08-22T04:46:30Z
2026-08-22T04:45:07Z,2026-08-22T06:45:07+0200,81890fbb-3a1d-466f-b50a-dc03bf877707,2026-08-07T19:00:00Z,2026-08-07T21:00:00+0200,44367.99,MW,FR,FR,actual_load,Actual Load,2026-08-22T04:46:30Z
2026-08-22T04:45:07Z,2026-08-22T06:45:07+0200,81890fbb-3a1d-466f-b50a-dc03bf877707,2026-08-07T19:15:00Z,2026-08-07T21:15:00+0200,44178.2,MW,FR,FR,actual_load,Actual Load,2026-08-22T04:46:30Z
2026-08-22T04:45:07Z,2026-08-22T06:45:07+0200,81890fbb-3a1d-466f-b50a-dc03bf877707,2026-08-07T19:30:00Z,2026-08-07T21:30:00+0200,44106.21,MW,FR,FR,actual_load,Actual Load,2026-08-22T04:46:30Z
2026-08-22T04:45:07Z,2026-08-22T06:45:07+0200,81890fbb-3a1d-466f-b50a-dc03bf877707,2026-08-07T19:45:00Z,2026-08-07T21:45:00+0200,43678.12,MW,FR,FR,actual_load,Actual Load,2026-08-22T04:46:30Z
2026-08-22T04:45:07Z,2026-08-22T06:45:07+0200,81890fbb-3a1d-466f-b50a-dc03bf877707,2026-08-07T20:00:00Z,2026-08-07T22:00:00+0200,44638.47,MW,FR,FR,actual_load,Actual Load,2026-08-22T04:46:30Z
2026-08-22T04:45:07Z,2026-08-22T06:45:07+0200,81890fbb-3a1d-466f-b50a-dc03bf877707,2026-08-07T20:15:00Z,2026-08-07T22:15:00+0200,44144.98,MW,FR,FR,actual_load,Actual Load,2026-08-22T04:46:30Z
2026-08-22T04:45:07Z,2026-08-22T06:45:07+0200,81890fbb-3a1d-466f-b50a-dc03bf877707,2026-08-07T20:30:00Z,2026-08-07T22:30:00+0200,45200.97,MW,FR,FR,actual_load,Actual Load,2026-08-22T04:46:30Z
2026-08-22T04:45:07Z,2026-08-22T06:45:07+0200,81890fbb-3a1d-466f-b50a-dc03bf877707,2026-08-07T20:45:00Z,2026-08-07T22:45:00+0200,44523.3,MW,FR,FR,actual_load,Actual Load,2026-08-22T04:46:30Z
2026-08-22T04:45:07Z,2026-08-22T06:45:07+0200,81890fbb-3a1d-466f-b50a-dc03bf877707,2026-08-07T21:00:00Z,2026-08-07T23:00:00+0200,44191.73,MW,FR,FR,actual_load,Actual Load,2026-08-22T04:46:30Z
2026-08-22T04:45:07Z,2026-08-22T06:45:07+0200,81890fbb-3a1d-466f-b50a-dc03bf877707,2026-08-07T21:15:00Z,2026-08-07T23:15:00+0200,43123.05,MW,FR,FR,actual_load,Actual Load,2026-08-22T04:46:30Z
2026-08-22T04:45:07Z,2026-08-22T06:45:07+0200,81890fbb-3a1d-466f-b50a-dc03bf877707,2026-08-07T21:30:00Z,2026-08-07T23:30:00+0200,43234.8,MW,FR,FR,actual_load,Actual Load,2026-08-22T04:46:30Z
2026-08-22T04:45:07Z,2026-08-22T06:45:07+0200,81890fbb-3a1d-466f-b50a-dc03bf877707,2026-08-07T21:45:00Z,2026-08-07T23:45:00+0200,42222.78,MW,FR,FR,actual_load,Actual Load,2026-08-22T04:46:30Z
2026-08-22T04:45:07Z,2026-08-22T06:45:07+0200,81890fbb-3a1d-466f-b50a-dc03bf877707,2026-08-07T22:00:00Z,2026-08-08T00:00:00+0200,42074.65,MW,FR,FR,actual_load,Actual Load,2026-08-22T04:46:30Z
2026-08-22T04:45:07Z,2026-08-22T06:45:07+0200,81890fbb-3a1d-466f-b50a-dc03bf877707,2026-08-07T22:15:00Z,2026-08-08T00:15:00+0200,40949.88,MW,FR,FR,actual_load,Actual Load,2026-08-22T04:46:30Z
2026-08-22T04:45:07Z,2026-08-22T06:45:07+0200,81890fbb-3a1d-466f-b50a-dc03bf877707,2026-08-07T22:30:00Z,2026-08-08T00:30:00+0200,39810.94,MW,FR,FR,actual_load,Actual Load,2026-08-22T04:46:30Z
2026-08-22T04:45:07Z,2026-08-22T06:45:07+0200,81890fbb-3a1d-466f-b50a-dc03bf877707,2026-08-07T22:45:00Z,2026-08-08T00:45:00+0200,38918.8,MW,FR,FR,actual_load,Actual Load,2026-08-22T04:46:30Z
2026-08-22T04:45:07Z,2026-08-22T06:45:07+0200,81890fbb-3a1d-466f-b50a-dc03bf877707,2026-08-07T23:00:00Z,2026-08-08T01:00:00+0200,39128.54,MW,FR,FR,actual_load,Actual Load,2026-08-22T04:46:30Z
2026-08-22T04:45:07Z,2026-08-22T06:45:07+0200,81890fbb-3a1d-466f-b50a-dc03bf877707,2026-08-07T23:15:00Z,2026-08-08T01:15:00+0200,38375.13,MW,FR,FR,actual_load,Actual Load,2026-08-22T04:46:30Z
2026-08-22T04:45:07Z,2026-08-22T06:45:07+0200,81890fbb-3a1d-466f-b50a-dc03bf877707,2026-08-07T23:30:00Z,2026-08-08T01:30:00+0200,38247.62,MW,FR,FR,actual_load,Actual Load,2026-08-22T04:46:30Z
2026-08-22T04:45:07Z,2026-08-22T06:45:07+0200,81890fbb-3a1d-466f-b50a-dc03bf877707,2026-08-07T23:45:00Z,2026-08-08T01:45:00+0200,37496.24,MW,FR,FR,actual_load,Actual Load,2026-08-22T04:46:30Z
2026-08-22T04:45:07Z,2026-08-22T06:45:07+0200,81890fbb-3a1d-466f-b50a-dc03bf877707,2026-08-08T00:00:00Z,2026-08-08T02:00:00+0200,37072.74,MW,FR,FR,actual_load,Actual Load,2026-08-22T04:46:30Z
2026-08-22T04:45:07Z,2026-08-22T06:45:07+0200,81890fbb-3a1d-466f-b50a-dc03bf877707,2026-08-08T00:15:00Z,2026-08-08T02:15:00+0200,36208.09,MW,FR,FR,actual_load,Actual Load,2026-08-22T04:46:30Z
2026-08-22T04:45:07Z,2026-08-22T06:45:07+0200,81890fbb-3a1d-466f-b50a-dc03bf877707,2026-08-08T00:30:00Z,2026-08-08T02:30:00+0200,35443.72,MW,FR,FR,actual_load,Actual Load,2026-08-22T04:46:30Z
2026-08-22T04:45:07Z,2026-08-22T06:45:07+0200,81890fbb-3a1d-466f-b50a-dc03bf877707,2026-08-08T00:45:00Z,2026-08-08T02:45:00+0200,34765.05,MW,FR,FR,actual_load,Actual Load,2026-08-22T04:46:30Z
2026-08-22T04:45:07Z,2026-08-22T06:45:07+0200,81890fbb-3a1d-466f-b50a-dc03bf877707,2026-08-08T01:00:00Z,2026-08-08T03:00:00+0200,34463.24,MW,FR,FR,actual_load,Actual Load,2026-08-22T04:46:30Z
2026-08-22T04:45:07Z,2026-08-22T06:45:07+0200,81890fbb-3a1d-466f-b50a-dc03bf877707,2026-08-08T01:15:00Z,2026-08-08T03:15:00+0200,34095.53,MW,FR,FR,actual_load,Actual Load,2026-08-22T04:46:30Z
2026-08-22T04:45:07Z,2026-08-22T06:45:07+0200,81890fbb-3a1d-466f-b50a-dc03bf877707,2026-08-08T01:30:00Z,2026-08-08T03:30:00+0200,33839.77,MW,FR,FR,actual_load,Actual Load,2026-08-22T04:46:30Z
2026-08-22T04:45:07Z,2026-08-22T06:45:07+0200,81890fbb-3a1d-466f-b50a-dc03bf877707,2026-08-08T01:45:00Z,2026-08-08T03:45:00+0200,33605.25,MW,FR,FR,actual_load,Actual Load,2026-08-22T04:46:30Z
2026-08-22T04:45:07Z,2026-08-22T06:45:07+0200,81890fbb-3a1d-466f-b50a-dc03bf877707,2026-08-08T02:00:00Z,2026-08-08T04:00:00+0200,33518.43,MW,FR,FR,actual_load,Actual Load,2026-08-22T04:46:30Z
2026-08-22T04:45:07Z,2026-08-22T06:45:07+0200,81890fbb-3a1d-466f-b50a-dc03bf877707,2026-08-08T02:15:00Z,2026-08-08T04:15:00+0200,33384.13,MW,FR,FR,actual_load,Actual Load,2026-08-22T04:46:30Z
2026-08-22T04:45:07Z,2026-08-22T06:45:07+0200,81890fbb-3a1d-466f-b50a-dc03bf877707,2026-08-08T02:30:00Z,2026-08-08T04:30:00+0200,33163.3,MW,FR,FR,actual_load,Actual Load,2026-08-22T04:46:30Z
2026-08-22T04:45:07Z,2026-08-22T06:45:07+0200,81890fbb-3a1d-466f-b50a-dc03bf877707,2026-08-08T02:45:00Z,2026-08-08T04:45:00+0200,33065.62,MW,FR,FR,actual_load,Actual Load,2026-08-22T04:46:30Z
2026-08-22T04:45:07Z,2026-08-22T06:45:07+0200,81890fbb-3a1d-466f-b50a-dc03bf877707,2026-08-08T03:00:00Z,2026-08-08T05:00:00+0200,33258.48,MW,FR,FR,actual_load,Actual Load,2026-08-22T04:46:30Z
2026-08-22T04:45:07Z,2026-08-22T06:45:07+0200,81890fbb-3a1d-466f-b50a-dc03bf877707,2026-08-08T03:15:00Z,2026-08-08T05:15:00+0200,33195.48,MW,FR,FR,actual_load,Actual Load,2026-08-22T04:46:30Z
2026-08-22T04:45:07Z,2026-08-22T06:45:07+0200,81890fbb-3a1d-466f-b50a-dc03bf877707,2026-08-08T03:30:00Z,2026-08-08T05:30:00+0200,33331.9,MW,FR,FR,actual_load,Actual Load,2026-08-22T04:46:30Z
2026-08-22T04:45:07Z,2026-08-22T06:45:07+0200,81890fbb-3a1d-466f-b50a-dc03bf877707,2026-08-08T03:45:00Z,2026-08-08T05:45:00+0200,33446.23,MW,FR,FR,actual_load,Actual Load,2026-08-22T04:46:30Z
2026-08-22T04:45:07Z,2026-08-22T06:45:07+0200,81890fbb-3a1d-466f-b50a-dc03bf877707,2026-08-08T04:00:00Z,2026-08-08T06:00:00+0200,33768.94,MW,FR,FR,actual_load,Actual Load,2026-08-22T04:46:30Z
2026-08-22T04:45:07Z,2026-08-22T06:45:07+0200,81890fbb-3a1d-466f-b50a-dc03bf877707,2026-08-08T04:15:00Z,2026-08-08T06:15:00+0200,33616.7,MW,FR,FR,actual_load,Actual Load,2026-08-22T04:46:30Z
2026-08-22T04:45:07Z,2026-08-22T06:45:07+0200,81890fbb-3a1d-466f-b50a-dc03bf877707,2026-08-08T04:30:00Z,2026-08-08T06:30:00+0200,33615.55,MW,FR,FR,actual_load,Actual Load,2026-08-22T04:46:30Z
2026-08-22T04:45:07Z,2026-08-22T06:45:07+0200,81890fbb-3a1d-466f-b50a-dc03bf877707,2026-08-08T04:45:00Z,2026-08-08T06:45:00+0200,33662.89,MW,FR,FR,actual_load,Actual Load,2026-08-22T04:46:30Z
2026-08-22T04:45:07Z,2026-08-22T06:45:07+0200,81890fbb-3a1d-466f-b50a-dc03bf877707,2026-08-08T05:00:00Z,2026-08-08T07:00:00+0200,33813.3,MW,FR,FR,actual_load,Actual Load,2026-08-22T04:46:30Z
2026-08-22T04:45:07Z,2026-08-22T06:45:07+0200,81890fbb-3a1d-466f-b50a-dc03bf877707,2026-08-08T05:15:00Z,2026-08-08T07:15:00+0200,33857.24,MW,FR,FR,actual_load,Actual Load,2026-08-22T04:46:30Z
2026-08-22T04:45:07Z,2026-08-22T06:45:07+0200,81890fbb-3a1d-466f-b50a-dc03bf877707,2026-08-08T05:30:00Z,2026-08-08T07:30:00+0200,34096.6,MW,FR,FR,actual_load,Actual Load,2026-08-22T04:46:30Z
2026-08-22T04:45:07Z,2026-08-22T06:45:07+0200,81890fbb-3a1d-466f-b50a-dc03bf877707,2026-08-08T05:45:00Z,2026-08-08T07:45:00+0200,34441.91,MW,FR,FR,actual_load,Actual Load,2026-08-22T04:46:30Z
2026-08-22T04:45:07Z,2026-08-22T06:45:07+0200,81890fbb-3a1d-466f-b50a-dc03bf877707,2026-08-08T06:00:00Z,2026-08-08T08:00:00+0200,35087.79,MW,FR,FR,actual_load,Actual Load,2026-08-22T04:46:30Z
2026-08-22T04:45:07Z,2026-08-22T06:45:07+0200,81890fbb-3a1d-466f-b50a-dc03bf877707,2026-08-08T06:15:00Z,2026-08-08T08:15:00+0200,35601.59,MW,FR,FR,actual_load,Actual Load,2026-08-22T04:46:30Z
2026-08-22T04:45:07Z,2026-08-22T06:45:07+0200,81890fbb-3a1d-466f-b50a-dc03bf877707,2026-08-08T06:30:00Z,2026-08-08T08:30:00+0200,35924.16,MW,FR,FR,actual_load,Actual Load,2026-08-22T04:46:30Z
2026-08-22T04:45:07Z,2026-08-22T06:45:07+0200,81890fbb-3a1d-466f-b50a-dc03bf877707,2026-08-08T06:45:00Z,2026-08-08T08:45:00+0200,36510.34,MW,FR,FR,actual_load,Actual Load,2026-08-22T04:46:30Z
2026-08-22T04:45:07Z,2026-08-22T06:45:07+0200,81890fbb-3a1d-466f-b50a-dc03bf877707,2026-08-08T07:00:00Z,2026-08-08T09:00:00+0200,37063.32,MW,FR,FR,actual_load,Actual Load,2026-08-22T04:46:30Z
2026-08-22T04:45:07Z,2026-08-22T06:45:07+0200,81890fbb-3a1d-466f-b50a-dc03bf877707,2026-08-08T07:15:00Z,2026-08-08T09:15:00+0200,37531.87,MW,FR,FR,actual_load,Actual Load,2026-08-22T04:46:30Z
2026-08-22T04:45:07Z,2026-08-22T06:45:07+0200,81890fbb-3a1d-466f-b50a-dc03bf877707,2026-08-08T07:30:00Z,2026-08-08T09:30:00+0200,38039.68,MW,FR,FR,actual_load,Actual Load,2026-08-22T04:46:30Z
2026-08-22T04:45:07Z,2026-08-22T06:45:07+0200,81890fbb-3a1d-466f-b50a-dc03bf877707,2026-08-08T07:45:00Z,2026-08-08T09:45:00+0200,38621.7,MW,FR,FR,actual_load,Actual Load,2026-08-22T04:46:30Z
2026-08-22T04:45:07Z,2026-08-22T06:45:07+0200,81890fbb-3a1d-466f-b50a-dc03bf877707,2026-08-08T08:00:00Z,2026-08-08T10:00:00+0200,39129.66,MW,FR,FR,actual_load,Actual Load,2026-08-22T04:46:30Z
2026-08-22T04:45:07Z,2026-08-22T06:45:07+0200,81890fbb-3a1d-466f-b50a-dc03bf877707,2026-08-08T08:15:00Z,2026-08-08T10:15:00+0200,39537.43,MW,FR,FR,actual_load,Actual Load,2026-08-22T04:46:30Z
2026-08-22T04:45:07Z,2026-08-22T06:45:07+0200,81890fbb-3a1d-466f-b50a-dc03bf877707,2026-08-08T08:30:00Z,2026-08-08T10:30:00+0200,39822.04,MW,FR,FR,actual_load,Actual Load,2026-08-22T04:46:30Z
2026-08-22T04:45:07Z,2026-08-22T06:45:07+0200,81890fbb-3a1d-466f-b50a-dc03bf877707,2026-08-08T08:45:00Z,2026-08-08T10:45:00+0200,40171.87,MW,FR,FR,actual_load,Actual Load,2026-08-22T04:46:30Z
2026-08-22T04:45:07Z,2026-08-22T06:45:07+0200,81890fbb-3a1d-466f-b50a-dc03bf877707,2026-08-08T09:00:00Z,2026-08-08T11:00:00+0200,40724.87,MW,FR,FR,actual_load,Actual Load,2026-08-22T04:46:30Z
2026-08-22T04:45:07Z,2026-08-22T06:45:07+0200,81890fbb-3a1d-466f-b50a-dc03bf877707,2026-08-08T09:15:00Z,2026-08-08T11:15:00+0200,41544.29,MW,FR,FR,actual_load,Actual Load,2026-08-22T04:46:30Z
2026-08-22T04:45:07Z,2026-08-22T06:45:07+0200,81890fbb-3a1d-466f-b50a-dc03bf877707,2026-08-08T09:30:00Z,2026-08-08T11:30:00+0200,42442.83,MW,FR,FR,actual_load,Actual Load,2026-08-22T04:46:30Z
2026-08-22T04:45:07Z,2026-08-22T06:45:07+0200,81890fbb-3a1d-466f-b50a-dc03bf877707,2026-08-08T09:45:00Z,2026-08-08T11:45:00+0200,42729.93,MW,FR,FR,actual_load,Actual Load,2026-08-22T04:46:30Z
2026-08-22T04:45:07Z,2026-08-22T06:45:07+0200,81890fbb-3a1d-466f-b50a-dc03bf877707,2026-08-08T10:00:00Z,2026-08-08T12:00:00+0200,42779.26,MW,FR,FR,actual_load,Actual Load,2026-08-22T04:46:30Z
2026-08-22T04:45:07Z,2026-08-22T06:45:07+0200,81890fbb-3a1d-466f-b50a-dc03bf877707,2026-08-08T10:15:00Z,2026-08-08T12:15:00+0200,42842.39,MW,FR,FR,actual_load,Actual Load,2026-08-22T04:46:30Z
2026-08-22T04:45:07Z,2026-08-22T06:45:07+0200,81890fbb-3a1d-466f-b50a-dc03bf877707,2026-08-08T10:30:00Z,2026-08-08T12:30:00+0200,43492.2,MW,FR,FR,actual_load,Actual Load,2026-08-22T04:46:30Z
2026-08-22T04:45:07Z,2026-08-22T06:45:07+0200,81890fbb-3a1d-466f-b50a-dc03bf877707,2026-08-08T10:45:00Z,2026-08-08T12:45:00+0200,43321.4,MW,FR,FR,actual_load,Actual Load,2026-08-22T04:46:30Z
2026-08-22T04:45:07Z,2026-08-22T06:45:07+0200,81890fbb-3a1d-466f-b50a-dc03bf877707,2026-08-08T11:00:00Z,2026-08-08T13:00:00+0200,42954.91,MW,FR,FR,actual_load,Actual Load,2026-08-22T04:46:30Z
2026-08-22T04:45:07Z,2026-08-22T06:45:07+0200,81890fbb-3a1d-466f-b50a-dc03bf877707,2026-08-08T11:15:00Z,2026-08-08T13:15:00+0200,42489.04,MW,FR,FR,actual_load,Actual Load,2026-08-22T04:46:30Z
2026-08-22T04:45:07Z,2026-08-22T06:45:07+0200,81890fbb-3a1d-466f-b50a-dc03bf877707,2026-08-08T11:30:00Z,2026-08-08T13:30:00+0200,42397.04,MW,FR,FR,actual_load,Actual Load,2026-08-22T04:46:30Z
2026-08-22T04:45:07Z,2026-08-22T06:45:07+0200,81890fbb-3a1d-466f-b50a-dc03bf877707,2026-08-08T11:45:00Z,2026-08-08T13:45:00+0200,42382.66,MW,FR,FR,actual_load,Actual Load,2026-08-22T04:46:30Z
2026-08-22T04:45:07Z,2026-08-22T06:45:07+0200,81890fbb-3a1d-466f-b50a-dc03bf877707,2026-08-08T12:00:00Z,2026-08-08T14:00:00+0200,43299.55,MW,FR,FR,actual_load,Actual Load,2026-08-22T04:46:30Z
2026-08-22T04:45:07Z,2026-08-22T06:45:07+0200,81890fbb-3a1d-466f-b50a-dc03bf877707,2026-08-08T12:15:00Z,2026-08-08T14:15:00+0200,43325.04,MW,FR,FR,actual_load,Actual Load,2026-08-22T04:46:30Z
2026-08-22T04:45:07Z,2026-08-22T06:45:07+0200,81890fbb-3a1d-466f-b50a-dc03bf877707,2026-08-08T12:30:00Z,2026-08-08T14:30:00+0200,43395.62,MW,FR,FR,actual_load,Actual Load,2026-08-22T04:46:30Z
2026-08-22T04:45:07Z,2026-08-22T06:45:07+0200,81890fbb-3a1d-466f-b50a-dc03bf877707,2026-08-08T12:45:00Z,2026-08-08T14:45:00+0200,43662.6,MW,FR,FR,actual_load,Actual Load,2026-08-22T04:46:30Z
2026-08-22T04:45:07Z,2026-08-22T06:45:07+0200,81890fbb-3a1d-466f-b50a-dc03bf877707,2026-08-08T13:00:00Z,2026-08-08T15:00:00+0200,44403.95,MW,FR,FR,actual_load,Actual Load,2026-08-22T04:46:30Z
2026-08-22T04:45:07Z,2026-08-22T06:45:07+0200,81890fbb-3a1d-466f-b50a-dc03bf877707,2026-08-08T13:15:00Z,2026-08-08T15:15:00+0200,44192.67,MW,FR,FR,actual_load,Actual Load,2026-08-22T04:46:30Z
2026-08-22T04:45:07Z,2026-08-22T06:45:07+0200,81890fbb-3a1d-466f-b50a-dc03bf877707,2026-08-08T13:30:00Z,2026-08-08T15:30:00+0200,44306.07,MW,FR,FR,actual_load,Actual Load,2026-08-22T04:46:30Z
2026-08-22T04:45:07Z,2026-08-22T06:45:07+0200,81890fbb-3a1d-466f-b50a-dc03bf877707,2026-08-08T13:45:00Z,2026-08-08T15:45:00+0200,43600.8,MW,FR,FR,actual_load,Actual Load,2026-08-22T04:46:30Z
2026-08-22T04:45:07Z,2026-08-22T06:45:07+0200,81890fbb-3a1d-466f-b50a-dc03bf877707,2026-08-08T14:00:00Z,2026-08-08T16:00:00+0200,43563.0,MW,FR,FR,actual_load,Actual Load,2026-08-22T04:46:30Z
2026-08-22T04:45:07Z,2026-08-22T06:45:07+0200,81890fbb-3a1d-466f-b50a-dc03bf877707,2026-08-08T14:15:00Z,2026-08-08T16:15:00+0200,43567.6,MW,FR,FR,actual_load,Actual Load,2026-08-22T04:46:30Z
2026-08-22T04:45:07Z,2026-08-22T06:45:07+0200,81890fbb-3a1d-466f-b50a-dc03bf877707,2026-08-08T14:30:00Z,2026-08-08T16:30:00+0200,43450.87,MW,FR,FR,actual_load,Actual Load,2026-08-22T04:46:30Z
2026-08-22T04:45:07Z,2026-08-22T06:45:07+0200,81890fbb-3a1d-466f-b50a-dc03bf877707,2026-08-08T14:45:00Z,2026-08-08T16:45:00+0200,43447.04,MW,FR,FR,actual_load,Actual Load,2026-08-22T04:46:30Z
2026-08-22T04:45:07Z,2026-08-22T06:45:07+0200,81890fbb-3a1d-466f-b50a-dc03bf877707,2026-08-08T15:00:00Z,2026-08-08T17:00:00+0200,43184.12,MW,FR,FR,actual_load,Actual Load,2026-08-22T04:46:30Z
2026-08-22T04:45:07Z,2026-08-22T06:45:07+0200,81890fbb-3a1d-466f-b50a-dc03bf877707,2026-08-08T15:15:00Z,2026-08-08T17:15:00+0200,43273.29,MW,FR,FR,actual_load,Actual Load,2026-08-22T04:46:30Z
2026-08-22T04:45:07Z,2026-08-22T06:45:07+0200,81890fbb-3a1d-466f-b50a-dc03bf877707,2026-08-08T15:30:00Z,2026-08-08T17:30:00+0200,43313.05,MW,FR,FR,actual_load,Actual Load,2026-08-22T04:46:30Z
2026-08-22T04:45:07Z,2026-08-22T06:45:07+0200,81890fbb-3a1d-466f-b50a-dc03bf877707,2026-08-08T15:45:00Z,2026-08-08T17:45:00+0200,43730.63,MW,FR,FR,actual_load,Actual Load,2026-08-22T04:46:30Z
2026-08-22T04:45:07Z,2026-08-22T06:45:07+0200,81890fbb-3a1d-466f-b50a-dc03bf877707,2026-08-08T16:00:00Z,2026-08-08T18:00:00+0200,43912.25,MW,FR,FR,actual_load,Actual Load,2026-08-22T04:46:30Z
2026-08-22T04:45:07Z,2026-08-22T06:45:07+0200,81890fbb-3a1d-466f-b50a-dc03bf877707,2026-08-08T16:15:00Z,2026-08-08T18:15:00+0200,44245.3,MW,FR,FR,actual_load,Actual Load,2026-08-22T04:46:30Z
2026-08-22T04:45:07Z,2026-08-22T06:45:07+0200,81890fbb-3a1d-466f-b50a-dc03bf877707,2026-08-08T16:30:00Z,2026-08-08T18:30:00+0200,44791.25,MW,FR,FR,actual_load,Actual Load,2026-08-22T04:46:30Z
2026-08-22T04:45:07Z,2026-08-22T06:45:07+0200,81890fbb-3a1d-466f-b50a-dc03bf877707,2026-08-08T16:45:00Z,2026-08-08T18:45:00+0200,45070.06,MW,FR,FR,actual_load,Actual Load,2026-08-22T04:46:30Z
2026-08-22T04:45:07Z,2026-08-22T06:45:07+0200,81890fbb-3a1d-466f-b50a-dc03bf877707,2026-08-08T17:00:00Z,2026-08-08T19:00:00+0200,45032.34,MW,FR,FR,actual_load,Actual Load,2026-08-22T04:46:30Z
2026-08-22T04:45:07Z,2026-08-22T06:45:07+0200,81890fbb-3a1d-466f-b50a-dc03bf877707,2026-08-08T17:15:00Z,2026-08-08T19:15:00+0200,44974.81,MW,FR,FR,actual_load,Actual Load,2026-08-22T04:46:30Z
2026-08-22T04:45:07Z,2026-08-22T06:45:07+0200,81890fbb-3a1d-466f-b50a-dc03bf877707,2026-08-08T17:30:00Z,2026-08-08T19:30:00+0200,44888.15,MW,FR,FR,actual_load,Actual Load,2026-08-22T04:46:30Z
2026-08-22T04:45:07Z,2026-08-22T06:45:07+0200,81890fbb-3a1d-466f-b50a-dc03bf877707,2026-08-08T17:45:00Z,2026-08-08T19:45:00+0200,44627.12,MW,FR,FR,actual_load,Actual Load,2026-08-22T04:46:30Z
2026-08-22T04:45:07Z,2026-08-22T06:45:07+0200,81890fbb-3a1d-466f-b50a-dc03bf877707,2026-08-08T18:00:00Z,2026-08-08T20:00:00+0200,44250.66,MW,FR,FR,actual_load,Actual Load,2026-08-22T04:46:30Z
2026-08-22T04:45:07Z,2026-08-22T06:45:07+0200,81890fbb-3a1d-466f-b50a-dc03bf877707,2026-08-08T18:15:00Z,2026-08-08T20:15:00+0200,43743.98,MW,FR,FR,actual_load,Actual Load,2026-08-22T04:46:30Z
2026-08-22T04:45:07Z,2026-08-22T06:45:07+0200,81890fbb-3a1d-466f-b50a-dc03bf877707,2026-08-08T18:30:00Z,2026-08-08T20:30:00+0200,43250.71,MW,FR,FR,actual_load,Actual Load,2026-08-22T04:46:30Z
2026-08-22T04:45:07Z,2026-08-22T06:45:07+0200,81890fbb-3a1d-466f-b50a-dc03bf877707,2026-08-08T18:45:00Z,2026-08-08T20:45:00+0200,42845.72,MW,FR,FR,actual_load,Actual Load,2026-08-22T04:46:30Z
2026-08-22T04:45:07Z,2026-08-22T06:45:07+0200,81890fbb-3a1d-466f-b50a-dc03bf877707,2026-08-08T19:00:00Z,2026-08-08T21:00:00+0200,42982.69,MW,FR,FR,actual_load,Actual Load,2026-08-22T04:46:30Z
2026-08-22T04:45:07Z,2026-08-22T06:45:07+0200,81890fbb-3a1d-466f-b50a-dc03bf877707,2026-08-08T19:15:00Z,2026-08-08T21:15:00+0200,42834.78,MW,FR,FR,actual_load,Actual Load,2026-08-22T04:46:30Z
2026-08-22T04:45:07Z,2026-08-22T06:45:07+0200,81890fbb-3a1d-466f-b50a-dc03bf877707,2026-08-08T19:30:00Z,2026-08-08T21:30:00+0200,42689.46,MW,FR,FR,actual_load,Actual Load,2026-08-22T04:46:30Z
2026-08-22T04:45:07Z,2026-08-22T06:45:07+0200,81890fbb-3a1d-466f-b50a-dc03bf877707,2026-08-08T19:45:00Z,2026-08-08T21:45:00+0200,42317.76,MW,FR,FR,actual_load,Actual Load,2026-08-22T04:46:30Z
2026-08-22T04:45:07Z,2026-08-22T06:45:07+0200,81890fbb-3a1d-466f-b50a-dc03bf877707,2026-08-08T20:00:00Z,2026-08-08T22:00:00+0200,43114.78,MW,FR,FR,actual_load,Actual Load,2026-08-22T04:46:30Z
2026-08-22T04:45:07Z,2026-08-22T06:45:07+0200,81890fbb-3a1d-466f-b50a-dc03bf877707,2026-08-08T20:15:00Z,2026-08-08T22:15:00+0200,42777.85,MW,FR,FR,actual_load,Actual Load,2026-08-22T04:46:30Z
2026-08-22T04:45:07Z,2026-08-22T06:45:07+0200,81890fbb-3a1d-466f-b50a-dc03bf877707,2026-08-08T20:30:00Z,2026-08-08T22:30:00+0200,43719.98,MW,FR,FR,actual_load,Actual Load,2026-08-22T04:46:30Z
2026-08-22T04:45:07Z,2026-08-22T06:45:07+0200,81890fbb-3a1d-466f-b50a-dc03bf877707,2026-08-08T20:45:00Z,2026-08-08T22:45:00+0200,43202.5,MW,FR,FR,actual_load,Actual Load,2026-08-22T04:46:30Z
2026-08-22T04:45:07Z,2026-08-22T06:45:07+0200,81890fbb-3a1d-466f-b50a-dc03bf877707,2026-08-08T21:00:00Z,2026-08-08T23:00:00+0200,42929.87,MW,FR,FR,actual_load,Actual Load,2026-08-22T04:46:30Z
2026-08-22T04:45:07Z,2026-08-22T06:45:07+0200,81890fbb-3a1d-466f-b50a-dc03bf877707,2026-08-08T21:15:00Z,2026-08-08T23:15:00+0200,41786.14,MW,FR,FR,actual_load,Actual Load,2026-08-22T04:46:30Z
2026-08-22T04:45:07Z,2026-08-22T06:45:07+0200,81890fbb-3a1d-466f-b50a-dc03bf877707,2026-08-08T21:30:00Z,2026-08-08T23:30:00+0200,42184.84,MW,FR,FR,actual_load,Actual Load,2026-08-22T04:46:30Z
2026-08-22T04:45:07Z,2026-08-22T06:45:07+0200,81890fbb-3a1d-466f-b50a-dc03bf877707,2026-08-08T21:45:00Z,2026-08-08T23:45:00+0200,41215.62,MW,FR,FR,actual_load,Actual Load,2026-08-22T04:46:30Z
2026-08-22T04:45:07Z,2026-08-22T06:45:07+0200,81890fbb-3a1d-466f-b50a-dc03bf877707,2026-08-08T22:00:00Z,2026-08-09T00:00:00+0200,41077.77,MW,FR,FR,actual_load,Actual Load,2026-08-22T04:46:30Z
2026-08-22T04:45:07Z,2026-08-22T06:45:07+0200,81890fbb-3a1d-466f-b50a-dc03bf877707,2026-08-08T22:15:00Z,2026-08-09T00:15:00+0200,40059.18,MW,FR,FR,actual_load,Actual Load,2026-08-22T04:46:30Z
2026-08-22T04:45:07Z,2026-08-22T06:45:07+0200,81890fbb-3a1d-466f-b50a-dc03bf877707,2026-08-08T22:30:00Z,2026-08-09T00:30:00+0200,38823.63,MW,FR,FR,actual_load,Actual Load,2026-08-22T04:46:30Z
2026-08-22T04:45:07Z,2026-08-22T06:45:07+0200,81890fbb-3a1d-466f-b50a-dc03bf877707,2026-08-08T22:45:00Z,2026-08-09T00:45:00+0200,37803.6,MW,FR,FR,actual_load,Actual Load,2026-08-22T04:46:30Z
2026-08-22T04:45:07Z,2026-08-22T06:45:07+0200,81890fbb-3a1d-466f-b50a-dc03bf877707,2026-08-08T23:00:00Z,2026-08-09T01:00:00+0200,38108.99,MW,FR,FR,actual_load,Actual Load,2026-08-22T04:46:30Z
2026-08-22T04:45:07Z,2026-08-22T06:45:07+0200,81890fbb-3a1d-466f-b50a-dc03bf877707,2026-08-08T23:15:00Z,2026-08-09T01:15:00+0200,37494.68,MW,FR,FR,actual_load,Actual Load,2026-08-22T04:46:30Z
2026-08-22T04:45:07Z,2026-08-22T06:45:07+0200,81890fbb-3a1d-466f-b50a-dc03bf877707,2026-08-08T23:30:00Z,2026-08-09T01:30:00+0200,37389.44,MW,FR,FR,actual_load,Actual Load,2026-08-22T04:46:30Z
2026-08-22T04:45:07Z,2026-08-22T06:45:07+0200,81890fbb-3a1d-466f-b50a-dc03bf877707,2026-08-08T23:45:00Z,2026-08-09T01:45:00+0200,36365.39,MW,FR,FR,actual_load,Actual Load,2026-08-22T04:46:30Z
2026-08-22T04:45:07Z,2026-08-22T06:45:07+0200,81890fbb-3a1d-466f-b50a-dc03bf877707,2026-08-09T00:00:00Z,2026-08-09T02:00:00+0200,36174.82,MW,FR,FR,actual_load,Actual Load,2026-08-22T04:46:30Z
2026-08-22T04:45:07Z,2026-08-22T06:45:07+0200,81890fbb-3a1d-466f-b50a-dc03bf877707,2026-08-09T00:15:00Z,2026-08-09T02:15:00+0200,35398.7,MW,FR,FR,actual_load,Actual Load,2026-08-22T04:46:30Z
2026-08-22T04:45:07Z,2026-08-22T06:45:07+0200,81890fbb-3a1d-466f-b50a-dc03bf877707,2026-08-09T00:30:00Z,2026-08-09T02:30:00+0200,34660.98,MW,FR,FR,actual_load,Actual Load,2026-08-22T04:46:30Z
2026-08-22T04:45:07Z,2026-08-22T06:45:07+0200,81890fbb-3a1d-466f-b50a-dc03bf877707,2026-08-09T00:45:00Z,2026-08-09T02:45:00+0200,34161.91,MW,FR,FR,actual_load,Actual Load,2026-08-22T04:46:30Z
2026-08-22T04:45:07Z,2026-08-22T06:45:07+0200,81890fbb-3a1d-466f-b50a-dc03bf877707,2026-08-09T01:00:00Z,2026-08-09T03:00:00+0200,33810.73,MW,FR,FR,actual_load,Actual Load,2026-08-22T04:46:30Z
2026-08-22T04:45:07Z,2026-08-22T06:45:07+0200,81890fbb-3a1d-466f-b50a-dc03bf877707,2026-08-09T01:15:00Z,2026-08-09T03:15:00+0200,33412.21,MW,FR,FR,actual_load,Actual Load,2026-08-22T04:46:30Z
2026-08-22T04:45:07Z,2026-08-22T06:45:07+0200,81890fbb-3a1d-466f-b50a-dc03bf877707,2026-08-09T01:30:00Z,2026-08-09T03:30:00+0200,33116.12,MW,FR,FR,actual_load,Actual Load,2026-08-22T04:46:30Z
2026-08-22T04:45:07Z,2026-08-22T06:45:07+0200,81890fbb-3a1d-466f-b50a-dc03bf877707,2026-08-09T01:45:00Z,2026-08-09T03:45:00+0200,32868.45,MW,FR,FR,actual_load,Actual Load,2026-08-22T04:46:30Z
2026-08-22T04:45:07Z,2026-08-22T06:45:07+0200,81890fbb-3a1d-466f-b50a-dc03bf877707,2026-08-09T02:00:00Z,2026-08-09T04:00:00+0200,32808.57,MW,FR,FR,actual_load,Actual Load,2026-08-22T04:46:30Z
2026-08-22T04:45:07Z,2026-08-22T06:45:07+0200,81890fbb-3a1d-466f-b50a-dc03bf877707,2026-08-09T02:15:00Z,2026-08-09T04:15:00+0200,32643.52,MW,FR,FR,actual_load,Actual Load,2026-08-22T04:46:30Z
2026-08-22T04:45:07Z,2026-08-22T06:45:07+0200,81890fbb-3a1d-466f-b50a-dc03bf877707,2026-08-09T02:30:00Z,2026-08-09T04:30:00+0200,32513.65,MW,FR,FR,actual_load,Actual Load,2026-08-22T04:46:30Z
2026-08-22T04:45:07Z,2026-08-22T06:45:07+0200,81890fbb-3a1d-466f-b50a-dc03bf877707,2026-08-09T02:45:00Z,2026-08-09T04:45:00+0200,32477.09,MW,FR,FR,actual_load,Actual Load,2026-08-22T04:46:30Z
2026-08-22T04:45:07Z,2026-08-22T06:45:07+0200,81890fbb-3a1d-466f-b50a-dc03bf877707,2026-08-09T03:00:00Z,2026-08-09T05:00:00+0200,32605.16,MW,FR,FR,actual_load,Actual Load,2026-08-22T04:46:30Z
2026-08-22T04:45:07Z,2026-08-22T06:45:07+0200,81890fbb-3a1d-466f-b50a-dc03bf877707,2026-08-09T03:15:00Z,2026-08-09T05:15:00+0200,32560.71,MW,FR,FR,actual_load,Actual Load,2026-08-22T04:46:30Z
2026-08-22T04:45:07Z,2026-08-22T06:45:07+0200,81890fbb-3a1d-466f-b50a-dc03bf877707,2026-08-09T03:30:00Z,2026-08-09T05:30:00+0200,32667.17,MW,FR,FR,actual_load,Actual Load,2026-08-22T04:46:30Z
2026-08-22T04:45:07Z,2026-08-22T06:45:07+0200,81890fbb-3a1d-466f-b50a-dc03bf877707,2026-08-09T03:45:00Z,2026-08-09T05:45:00+0200,32654.67,MW,FR,FR,actual_load,Actual Load,2026-08-22T04:46:30Z
2026-08-22T04:45:07Z,2026-08-22T06:45:07+0200,81890fbb-3a1d-466f-b50a-dc03bf877707,2026-08-09T04:00:00Z,2026-08-09T06:00:00+0200,32674.36,MW,FR,FR,actual_load,Actual Load,2026-08-22T04:46:30Z
2026-08-22T04:45:07Z,2026-08-22T06:45:07+0200,81890fbb-3a1d-466f-b50a-dc03bf877707,2026-08-09T04:15:00Z,2026-08-09T06:15:00+0200,32543.01,MW,FR,FR,actual_load,Actual Load,2026-08-22T04:46:30Z
2026-08-22T04:45:07Z,2026-08-22T06:45:07+0200,81890fbb-3a1d-466f-b50a-dc03bf877707,2026-08-09T04:30:00Z,2026-08-09T06:30:00+0200,32418.25,MW,FR,FR,actual_load,Actual Load,2026-08-22T04:46:30Z
2026-08-22T04:45:07Z,2026-08-22T06:45:07+0200,81890fbb-3a1d-466f-b50a-dc03bf877707,2026-08-09T04:45:00Z,2026-08-09T06:45:00+0200,32479.43,MW,FR,FR,actual_load,Actual Load,2026-08-22T04:46:30Z
2026-08-22T04:45:07Z,2026-08-22T06:45:07+0200,81890fbb-3a1d-466f-b50a-dc03bf877707,2026-08-09T05:00:00Z,2026-08-09T07:00:00+0200,32464.15,MW,FR,FR,actual_load,Actual Load,2026-08-22T04:46:30Z
2026-08-22T04:45:07Z,2026-08-22T06:45:07+0200,81890fbb-3a1d-466f-b50a-dc03bf877707,2026-08-09T05:15:00Z,2026-08-09T07:15:00+0200,32519.96,MW,FR,FR,actual_load,Actual Load,2026-08-22T04:46:30Z
2026-08-22T04:45:07Z,2026-08-22T06:45:07+0200,81890fbb-3a1d-466f-b50a-dc03bf877707,2026-08-09T05:30:00Z,2026-08-09T07:30:00+0200,32769.23,MW,FR,FR,actual_load,Actual Load,2026-08-22T04:46:30Z
2026-08-22T04:45:07Z,2026-08-22T06:45:07+0200,81890fbb-3a1d-466f-b50a-dc03bf877707,2026-08-09T05:45:00Z,2026-08-09T07:45:00+0200,33181.83,MW,FR,FR,actual_load,Actual Load,2026-08-22T04:46:30Z
2026-08-22T04:45:07Z,2026-08-22T06:45:07+0200,81890fbb-3a1d-466f-b50a-dc03bf877707,2026-08-09T06:00:00Z,2026-08-09T08:00:00+0200,33617.79,MW,FR,FR,actual_load,Actual Load,2026-08-22T04:46:30Z
2026-08-22T04:45:07Z,2026-08-22T06:45:07+0200,81890fbb-3a1d-466f-b50a-dc03bf877707,2026-08-09T06:15:00Z,2026-08-09T08:15:00+0200,34084.73,MW,FR,FR,actual_load,Actual Load,2026-08-22T04:46:30Z
2026-08-22T04:45:07Z,2026-08-22T06:45:07+0200,81890fbb-3a1d-466f-b50a-dc03bf877707,2026-08-09T06:30:00Z,2026-08-09T08:30:00+0200,34594.97,MW,FR,FR,actual_load,Actual Load,2026-08-22T04:46:30Z
2026-08-22T04:45:07Z,2026-08-22T06:45:07+0200,81890fbb-3a1d-466f-b50a-dc03bf877707,2026-08-09T06:45:00Z,2026-08-09T08:45:00+0200,35100.49,MW,FR,FR,actual_load,Actual Load,2026-08-22T04:46:30Z
2026-08-22T04:45:07Z,2026-08-22T06:45:07+0200,81890fbb-3a1d-466f-b50a-dc03bf877707,2026-08-09T07:00:00Z,2026-08-09T09:00:00+0200,35532.71,MW,FR,FR,actual_load,Actual Load,2026-08-22T04:46:30Z
2026-08-22T04:45:07Z,2026-08-22T06:45:07+0200,81890fbb-3a1d-466f-b50a-dc03bf877707,2026-08-09T07:15:00Z,2026-08-09T09:15:00+0200,36003.57,MW,FR,FR,actual_load,Actual Load,2026-08-22T04:46:30Z
2026-08-22T04:45:07Z,2026-08-22T06:45:07+0200,81890fbb-3a1d-466f-b50a-dc03bf877707,2026-08-09T07:30:00Z,2026-08-09T09:30:00+0200,36786.95,MW,FR,FR,actual_load,Actual Load,2026-08-22T04:46:30Z
2026-08-22T04:45:07Z,2026-08-22T06:45:07+0200,81890fbb-3a1d-466f-b50a-dc03bf877707,2026-08-09T07:45:00Z,2026-08-09T09:45:00+0200,37275.62,MW,FR,FR,actual_load,Actual Load,2026-08-22T04:46:30Z
2026-08-22T04:45:07Z,2026-08-22T06:45:07+0200,81890fbb-3a1d-466f-b50a-dc03bf877707,2026-08-09T08:00:00Z,2026-08-09T10:00:00+0200,38185.16,MW,FR,FR,actual_load,Actual Load,2026-08-22T04:46:30Z
2026-08-22T04:45:07Z,2026-08-22T06:45:07+0200,81890fbb-3a1d-466f-b50a-dc03bf877707,2026-08-09T08:15:00Z,2026-08-09T10:15:00+0200,38965.72,MW,FR,FR,actual_load,Actual Load,2026-08-22T04:46:30Z
2026-08-22T04:45:07Z,2026-08-22T06:45:07+0200,81890fbb-3a1d-466f-b50a-dc03bf877707,2026-08-09T08:30:00Z,2026-08-09T10:30:00+0200,39371.48,MW,FR,FR,actual_load,Actual Load,2026-08-22T04:46:30Z
2026-08-22T04:45:07Z,2026-08-22T06:45:07+0200,81890fbb-3a1d-466f-b50a-dc03bf877707,2026-08-09T08:45:00Z,2026-08-09T10:45:00+0200,39307.54,MW,FR,FR,actual_load,Actual Load,2026-08-22T04:46:30Z
2026-08-22T04:45:07Z,2026-08-22T06:45:07+0200,81890fbb-3a1d-466f-b50a-dc03bf877707,2026-08-09T09:00:00Z,2026-08-09T11:00:00+0200,39969.63,MW,FR,FR,actual_load,Actual Load,2026-08-22T04:46:30Z
2026-08-22T04:45:07Z,2026-08-22T06:45:07+0200,81890fbb-3a1d-466f-b50a-dc03bf877707,2026-08-09T09:15:00Z,2026-08-09T11:15:00+0200,40678.52,MW,FR,FR,actual_load,Actual Load,2026-08-22T04:46:30Z
2026-08-22T04:45:07Z,2026-08-22T06:45:07+0200,81890fbb-3a1d-466f-b50a-dc03bf877707,2026-08-09T09:30:00Z,2026-08-09T11:30:00+0200,41498.9,MW,FR,FR,actual_load,Actual Load,2026-08-22T04:46:30Z
2026-08-22T04:45:07Z,2026-08-22T06:45:07+0200,81890fbb-3a1d-466f-b50a-dc03bf877707,2026-08-09T09:45:00Z,2026-08-09T11:45:00+0200,41964.06,MW,FR,FR,actual_load,Actual Load,2026-08-22T04:46:30Z
2026-08-22T04:45:07Z,2026-08-22T06:45:07+0200,81890fbb-3a1d-466f-b50a-dc03bf877707,2026-08-09T10:00:00Z,2026-08-09T12:00:00+0200,42564.73,MW,FR,FR,actual_load,Actual Load,2026-08-22T04:46:30Z
2026-08-22T04:45:07Z,2026-08-22T06:45:07+0200,81890fbb-3a1d-466f-b50a-dc03bf877707,2026-08-09T10:15:00Z,2026-08-09T12:15:00+0200,42943.38,MW,FR,FR,actual_load,Actual Load,2026-08-22T04:46:30Z
2026-08-22T04:45:07Z,2026-08-22T06:45:07+0200,81890fbb-3a1d-466f-b50a-dc03bf877707,2026-08-09T10:30:00Z,2026-08-09T12:30:00+0200,43510.64,MW,FR,FR,actual_load,Actual Load,2026-08-22T04:46:30Z
2026-08-22T04:45:07Z,2026-08-22T06:45:07+0200,81890fbb-3a1d-466f-b50a-dc03bf877707,2026-08-09T10:45:00Z,2026-08-09T12:45:00+0200,43245.6,MW,FR,FR,actual_load,Actual Load,2026-08-22T04:46:30Z
2026-08-22T04:45:07Z,2026-08-22T06:45:07+0200,81890fbb-3a1d-466f-b50a-dc03bf877707,2026-08-09T11:00:00Z,2026-08-09T13:00:00+0200,42542.82,MW,FR,FR,actual_load,Actual Load,2026-08-22T04:46:30Z
2026-08-22T04:45:07Z,2026-08-22T06:45:07+0200,81890fbb-3a1d-466f-b50a-dc03bf877707,2026-08-09T11:15:00Z,2026-08-09T13:15:00+0200,42152.44,MW,FR,FR,actual_load,Actual Load,2026-08-22T04:46:30Z
2026-08-22T04:45:07Z,2026-08-22T06:45:07+0200,81890fbb-3a1d-466f-b50a-dc03bf877707,2026-08-09T11:30:00Z,2026-08-09T13:30:00+0200,41509.09,MW,FR,FR,actual_load,Actual Load,2026-08-22T04:46:30Z
2026-08-22T04:45:07Z,2026-08-22T06:45:07+0200,81890fbb-3a1d-466f-b50a-dc03bf877707,2026-08-09T11:45:00Z,2026-08-09T13:45:00+0200,41464.35,MW,FR,FR,actual_load,Actual Load,2026-08-22T04:46:30Z
2026-08-22T04:45:07Z,2026-08-22T06:45:07+0200,81890fbb-3a1d-466f-b50a-dc03bf877707,2026-08-09T12:00:00Z,2026-08-09T14:00:00+0200,42357.54,MW,FR,FR,actual_load,Actual Load,2026-08-22T04:46:30Z
2026-08-22T04:45:07Z,2026-08-22T06:45:07+0200,81890fbb-3a1d-466f-b50a-dc03bf877707,2026-08-09T12:15:00Z,2026-08-09T14:15:00+0200,42557.88,MW,FR,FR,actual_load,Actual Load,2026-08-22T04:46:30Z
2026-08-22T04:45:07Z,2026-08-22T06:45:07+0200,81890fbb-3a1d-466f-b50a-dc03bf877707,2026-08-09T12:30:00Z,2026-08-09T14:30:00+0200,42302.94,MW,FR,FR,actual_load,Actual Load,2026-08-22T04:46:30Z
2026-08-22T04:45:07Z,2026-08-22T06:45:07+0200,81890fbb-3a1d-466f-b50a-dc03bf877707,2026-08-09T12:45:00Z,2026-08-09T14:45:00+0200,41865.45,MW,FR,FR,actual_load,Actual Load,2026-08-22T04:46:30Z
2026-08-22T04:45:07Z,2026-08-22T06:45:07+0200,81890fbb-3a1d-466f-b50a-dc03bf877707,2026-08-09T13:00:00Z,2026-08-09T15:00:00+0200,41607.52,MW,FR,FR,actual_load,Actual Load,2026-08-22T04:46:30Z
2026-08-22T04:45:07Z,2026-08-22T06:45:07+0200,81890fbb-3a1d-466f-b50a-dc03bf877707,2026-08-09T13:15:00Z,2026-08-09T15:15:00+0200,41266.79,MW,FR,FR,actual_load,Actual Load,2026-08-22T04:46:30Z
2026-08-22T04:45:07Z,2026-08-22T06:45:07+0200,81890fbb-3a1d-466f-b50a-dc03bf877707,2026-08-09T13:30:00Z,2026-08-09T15:30:00+0200,40831.84,MW,FR,FR,actual_load,Actual Load,2026-08-22T04:46:30Z
2026-08-22T04:45:07Z,2026-08-22T06:45:07+0200,81890fbb-3a1d-466f-b50a-dc03bf877707,2026-08-09T13:45:00Z,2026-08-09T15:45:00+0200,40680.99,MW,FR,FR,actual_load,Actual Load,2026-08-22T04:46:30Z
2026-08-22T04:45:07Z,2026-08-22T06:45:07+0200,81890fbb-3a1d-466f-b50a-dc03bf877707,2026-08-09T14:00:00Z,2026-08-09T16:00:00+0200,40558.28,MW,FR,FR,actual_load,Actual Load,2026-08-22T04:46:30Z
2026-08-22T04:45:07Z,2026-08-22T06:45:07+0200,81890fbb-3a1d-466f-b50a-dc03bf877707,2026-08-09T14:15:00Z,2026-08-09T16:15:00+0200,40484.95,MW,FR,FR,actual_load,Actual Load,2026-08-22T04:46:30Z
2026-08-22T04:45:07Z,2026-08-22T06:45:07+0200,81890fbb-3a1d-466f-b50a-dc03bf877707,2026-08-09T14:30:00Z,2026-08-09T16:30:00+0200,40632.62,MW,FR,FR,actual_load,Actual Load,2026-08-22T04:46:30Z
2026-08-22T04:45:07Z,2026-08-22T06:45:07+0200,81890fbb-3a1d-466f-b50a-dc03bf877707,2026-08-09T14:45:00Z,2026-08-09T16:45:00+0200,40595.41,MW,FR,FR,actual_load,Actual Load,2026-08-22T04:46:30Z
2026-08-22T04:45:07Z,2026-08-22T06:45:07+0200,81890fbb-3a1d-466f-b50a-dc03bf877707,2026-08-09T15:00:00Z,2026-08-09T17:00:00+0200,40788.77,MW,FR,FR,actual_load,Actual Load,2026-08-22T04:46:30Z
2026-08-22T04:45:07Z,2026-08-22T06:45:07+0200,81890fbb-3a1d-466f-b50a-dc03bf877707,2026-08-09T15:15:00Z,2026-08-09T17:15:00+0200,40770.18,MW,FR,FR,actual_load,Actual Load,2026-08-22T04:46:30Z
2026-08-22T04:45:07Z,2026-08-22T06:45:07+0200,81890fbb-3a1d-466f-b50a-dc03bf877707,2026-08-09T15:30:00Z,2026-08-09T17:30:00+0200,41146.65,MW,FR,FR,actual_load,Actual Load,2026-08-22T04:46:30Z
2026-08-22T04:45:07Z,2026-08-22T06:45:07+0200,81890fbb-3a1d-466f-b50a-dc03bf877707,2026-08-09T15:45:00Z,2026-08-09T17:45:00+0200,41976.45,MW,FR,FR,actual_load,Actual Load,2026-08-22T04:46:30Z
2026-08-22T04:45:07Z,2026-08-22T06:45:07+0200,81890fbb-3a1d-466f-b50a-dc03bf877707,2026-08-09T16:00:00Z,2026-08-09T18:00:00+0200,42401.45,MW,FR,FR,actual_load,Actual Load,2026-08-22T04:46:30Z
2026-08-22T04:45:07Z,2026-08-22T06:45:07+0200,81890fbb-3a1d-466f-b50a-dc03bf877707,2026-08-09T16:15:00Z,2026-08-09T18:15:00+0200,42621.66,MW,FR,FR,actual_load,Actual Load,2026-08-22T04:46:30Z
2026-08-22T04:45:07Z,2026-08-22T06:45:07+0200,81890fbb-3a1d-466f-b50a-dc03bf877707,2026-08-09T16:30:00Z,2026-08-09T18:30:00+0200,43087.66,MW,FR,FR,actual_load,Actual Load,2026-08-22T04:46:30Z
2026-08-22T04:45:07Z,2026-08-22T06:45:07+0200,81890fbb-3a1d-466f-b50a-dc03bf877707,2026-08-09T16:45:00Z,2026-08-09T18:45:00+0200,43731.6,MW,FR,FR,actual_load,Actual Load,2026-08-22T04:46:30Z
2026-08-22T04:45:07Z,2026-08-22T06:45:07+0200,81890fbb-3a1d-466f-b50a-dc03bf877707,2026-08-09T17:00:00Z,2026-08-09T19:00:00+0200,43864.78,MW,FR,FR,actual_load,Actual Load,2026-08-22T04:46:30Z
2026-08-22T04:45:07Z,2026-08-22T06:45:07+0200,81890fbb-3a1d-466f-b50a-dc03bf877707,2026-08-09T17:15:00Z,2026-08-09T19:15:00+0200,43890.99,MW,FR,FR,actual_load,Actual Load,2026-08-22T04:46:30Z
2026-08-22T04:45:07Z,2026-08-22T06:45:07+0200,81890fbb-3a1d-466f-b50a-dc03bf877707,2026-08-09T17:30:00Z,2026-08-09T19:30:00+0200,43871.05,MW,FR,FR,actual_load,Actual Load,2026-08-22T04:46:30Z
2026-08-22T04:45:07Z,2026-08-22T06:45:07+0200,81890fbb-3a1d-466f-b50a-dc03bf877707,2026-08-09T17:45:00Z,2026-08-09T19:45:00+0200,43829.8,MW,FR,FR,actual_load,Actual Load,2026-08-22T04:46:30Z
2026-08-22T04:45:07Z,2026-08-22T06:45:07+0200,81890fbb-3a1d-466f-b50a-dc03bf877707,2026-08-09T18:00:00Z,2026-08-09T20:00:00+0200,43566.41,MW,FR,FR,actual_load,Actual Load,2026-08-22T04:46:30Z
2026-08-22T04:45:07Z,2026-08-22T06:45:07+0200,81890fbb-3a1d-466f-b50a-dc03bf877707,2026-08-09T18:15:00Z,2026-08-09T20:15:00+0200,43187.34,MW,FR,FR,actual_load,Actual Load,2026-08-22T04:46:30Z
2026-08-22T04:45:07Z,2026-08-22T06:45:07+0200,81890fbb-3a1d-466f-b50a-dc03bf877707,2026-08-09T18:30:00Z,2026-08-09T20:30:00+0200,42857.51,MW,FR,FR,actual_load,Actual Load,2026-08-22T04:46:30Z
2026-08-22T04:45:07Z,2026-08-22T06:45:07+0200,81890fbb-3a1d-466f-b50a-dc03bf877707,2026-08-09T18:45:00Z,2026-08-09T20:45:00+0200,42601.89,MW,FR,FR,actual_load,Actual Load,2026-08-22T04:46:30Z
2026-08-22T04:45:07Z,2026-08-22T06:45:07+0200,81890fbb-3a1d-466f-b50a-dc03bf877707,2026-08-09T19:00:00Z,2026-08-09T21:00:00+0200,42823.01,MW,FR,FR,actual_load,Actual Load,2026-08-22T04:46:30Z
2026-08-22T04:45:07Z,2026-08-22T06:45:07+0200,81890fbb-3a1d-466f-b50a-dc03bf877707,2026-08-09T19:15:00Z,2026-08-09T21:15:00+0200,42919.56,MW,FR,FR,actual_load,Actual Load,2026-08-22T04:46:30Z
2026-08-22T04:45:07Z,2026-08-22T06:45:07+0200,81890fbb-3a1d-466f-b50a-dc03bf877707,2026-08-09T19:30:00Z,2026-08-09T21:30:00+0200,42920.87,MW,FR,FR,actual_load,Actual Load,2026-08-22T04:46:30Z
2026-08-22T04:45:07Z,2026-08-22T06:45:07+0200,81890fbb-3a1d-466f-b50a-dc03bf877707,2026-08-09T19:45:00Z,2026-08-09T21:45:00+0200,42574.95,MW,FR,FR,actual_load,Actual Load,2026-08-22T04:46:30Z
2026-08-22T04:45:07Z,2026-08-22T06:45:07+0200,81890fbb-3a1d-466f-b50a-dc03bf877707,2026-08-09T20:00:00Z,2026-08-09T22:00:00+0200,43347.91,MW,FR,FR,actual_load,Actual Load,2026-08-22T04:46:30Z
2026-08-22T04:45:07Z,2026-08-22T06:45:07+0200,81890fbb-3a1d-466f-b50a-dc03bf877707,2026-08-09T20:15:00Z,2026-08-09T22:15:00+0200,42981.86,MW,FR,FR,actual_load,Actual Load,2026-08-22T04:46:30Z
2026-08-22T04:45:07Z,2026-08-22T06:45:07+0200,81890fbb-3a1d-466f-b50a-dc03bf877707,2026-08-09T20:30:00Z,2026-08-09T22:30:00+0200,43938.59,MW,FR,FR,actual_load,Actual Load,2026-08-22T04:46:30Z
2026-08-22T04:45:07Z,2026-08-22T06:45:07+0200,81890fbb-3a1d-466f-b50a-dc03bf877707,2026-08-09T20:45:00Z,2026-08-09T22:45:00+0200,43388.38,MW,FR,FR,actual_load,Actual Load,2026-08-22T04:46:30Z
2026-08-22T04:45:07Z,2026-08-22T06:45:07+0200,81890fbb-3a1d-466f-b50a-dc03bf877707,2026-08-09T21:00:00Z,2026-08-09T23:00:00+0200,43102.46,MW,FR,FR,actual_load,Actual Load,2026-08-22T04:46:30Z
2026-08-22T04:45:07Z,2026-08-22T06:45:07+0200,81890fbb-3a1d-466f-b50a-dc03bf877707,2026-08-09T21:15:00Z,2026-08-09T23:15:00+0200,42152.0,MW,FR,FR,actual_load,Actual Load,2026-08-22T04:46:30Z
2026-08-22T04:45:07Z,2026-08-22T06:45:07+0200,81890fbb-3a1d-466f-b50a-dc03bf877707,2026-08-09T21:30:00Z,2026-08-09T23:30:00+0200,42308.73,MW,FR,FR,actual_load,Actual Load,2026-08-22T04:46:30Z
2026-08-22T04:45:07Z,2026-08-22T06:45:07+0200,81890fbb-3a1d-466f-b50a-dc03bf877707,2026-08-09T21:45:00Z,2026-08-09T23:45:00+0200,41277.55,MW,FR,FR,actual_load,Actual Load,2026-08-22T04:46:30Z
2026-08-22T04:45:07Z,2026-08-22T06:45:07+0200,81890fbb-3a1d-466f-b50a-dc03bf877707,2026-08-09T22:00:00Z,2026-08-10T00:00:00+0200,41297.42,MW,FR,FR,actual_load,Actual Load,2026-08-22T04:46:30Z
2026-08-22T04:45:07Z,2026-08-22T06:45:07+0200,81890fbb-3a1d-466f-b50a-dc03bf877707,2026-08-09T22:15:00Z,2026-08-10T00:15:00+0200,40236.0,MW,FR,FR,actual_load,Actual Load,2026-08-22T04:46:30Z
2026-08-22T04:45:07Z,2026-08-22T06:45:07+0200,81890fbb-3a1d-466f-b50a-dc03bf877707,2026-08-09T22:30:00Z,2026-08-10T00:30:00+0200,38949.38,MW,FR,FR,actual_load,Actual Load,2026-08-22T04:46:30Z
2026-08-22T04:45:07Z,2026-08-22T06:45:07+0200,81890fbb-3a1d-466f-b50a-dc03bf877707,2026-08-09T22:45:00Z,2026-08-10T00:45:00+0200,38064.8,MW,FR,FR,actual_load,Actual Load,2026-08-22T04:46:30Z
2026-08-22T04:45:07Z,2026-08-22T06:45:07+0200,81890fbb-3a1d-466f-b50a-dc03bf877707,2026-08-09T23:00:00Z,2026-08-10T01:00:00+0200,38363.47,MW,FR,FR,actual_load,Actual Load,2026-08-22T04:46:30Z
2026-08-22T04:45:07Z,2026-08-22T06:45:07+0200,81890fbb-3a1d-466f-b50a-dc03bf877707,2026-08-09T23:15:00Z,2026-08-10T01:15:00+0200,37738.81,MW,FR,FR,actual_load,Actual Load,2026-08-22T04:46:30Z
2026-08-22T04:45:07Z,2026-08-22T06:45:07+0200,81890fbb-3a1d-466f-b50a-dc03bf877707,2026-08-09T23:30:00Z,2026-08-10T01:30:00+0200,37614.11,MW,FR,FR,actual_load,Actual Load,2026-08-22T04:46:30Z
2026-08-22T04:45:07Z,2026-08-22T06:45:07+0200,81890fbb-3a1d-466f-b50a-dc03bf877707,2026-08-09T23:45:00Z,2026-08-10T01:45:00+0200,36890.19,MW,FR,FR,actual_load,Actual Load,2026-08-22T04:46:30Z
2026-08-22T04:45:07Z,2026-08-22T06:45:07+0200,81890fbb-3a1d-466f-b50a-dc03bf877707,2026-08-10T00:00:00Z,2026-08-10T02:00:00+0200,36617.29,MW,FR,FR,actual_load,Actual Load,2026-08-22T04:46:30Z
2026-08-22T04:45:07Z,2026-08-22T06:45:07+0200,81890fbb-3a1d-466f-b50a-dc03bf877707,2026-08-10T00:15:00Z,2026-08-10T02:15:00+0200,35717.92,MW,FR,FR,actual_load,Actual Load,2026-08-22T04:46:30Z
2026-08-22T04:45:07Z,2026-08-22T06:45:07+0200,81890fbb-3a1d-466f-b50a-dc03bf877707,2026-08-10T00:30:00Z,2026-08-10T02:30:00+0200,35027.19,MW,FR,FR,actual_load,Actual Load,2026-08-22T04:46:30Z
2026-08-22T04:45:07Z,2026-08-22T06:45:07+0200,81890fbb-3a1d-466f-b50a-dc03bf877707,2026-08-10T00:45:00Z,2026-08-10T02:45:00+0200,34395.43,MW,FR,FR,actual_load,Actual Load,2026-08-22T04:46:30Z
2026-08-22T04:45:07Z,2026-08-22T06:45:07+0200,81890fbb-3a1d-466f-b50a-dc03bf877707,2026-08-10T01:00:00Z,2026-08-10T03:00:00+0200,34078.83,MW,FR,FR,actual_load,Actual Load,2026-08-22T04:46:30Z
2026-08-22T04:45:07Z,2026-08-22T06:45:07+0200,81890fbb-3a1d-466f-b50a-dc03bf877707,2026-08-10T01:15:00Z,2026-08-10T03:15:00+0200,33856.14,MW,FR,FR,actual_load,Actual Load,2026-08-22T04:46:30Z
2026-08-22T04:45:07Z,2026-08-22T06:45:07+0200,81890fbb-3a1d-466f-b50a-dc03bf877707,2026-08-10T01:30:00Z,2026-08-10T03:30:00+0200,33595.66,MW,FR,FR,actual_load,Actual Load,2026-08-22T04:46:30Z
2026-08-22T04:45:07Z,2026-08-22T06:45:07+0200,81890fbb-3a1d-466f-b50a-dc03bf877707,2026-08-10T01:45:00Z,2026-08-10T03:45:00+0200,33432.88,MW,FR,FR,actual_load,Actual Load,2026-08-22T04:46:30Z
2026-08-22T04:45:07Z,2026-08-22T06:45:07+0200,81890fbb-3a1d-466f-b50a-dc03bf877707,2026-08-10T02:00:00Z,2026-08-10T04:00:00+0200,33456.86,MW,FR,FR,actual_load,Actual Load,2026-08-22T04:46:30Z
2026-08-22T04:45:07Z,2026-08-22T06:45:07+0200,81890fbb-3a1d-466f-b50a-dc03bf877707,2026-08-10T02:15:00Z,2026-08-10T04:15:00+0200,33404.51,MW,FR,FR,actual_load,Actual Load,2026-08-22T04:46:30Z
2026-08-22T04:45:07Z,2026-08-22T06:45:07+0200,81890fbb-3a1d-466f-b50a-dc03bf877707,2026-08-10T02:30:00Z,2026-08-10T04:30:00+0200,33313.39,MW,FR,FR,actual_load,Actual Load,2026-08-22T04:46:30Z
2026-08-22T04:45:07Z,2026-08-22T06:45:07+0200,81890fbb-3a1d-466f-b50a-dc03bf877707,2026-08-10T02:45:00Z,2026-08-10T04:45:00+0200,33293.62,MW,FR,FR,actual_load,Actual Load,2026-08-22T04:46:30Z
2026-08-22T04:45:07Z,2026-08-22T06:45:07+0200,81890fbb-3a1d-466f-b50a-dc03bf877707,2026-08-10T03:00:00Z,2026-08-10T05:00:00+0200,34139.26,MW,FR,FR,actual_load,Actual Load,2026-08-22T04:46:30Z
2026-08-22T04:45:07Z,2026-08-22T06:45:07+0200,81890fbb-3a1d-466f-b50a-dc03bf877707,2026-08-10T03:15:00Z,2026-08-10T05:15:00+0200,34561.23,MW,FR,FR,actual_load,Actual Load,2026-08-22T04:46:30Z
2026-08-22T04:45:07Z,2026-08-22T06:45:07+0200,81890fbb-3a1d-466f-b50a-dc03bf877707,2026-08-10T03:30:00Z,2026-08-10T05:30:00+0200,34872.14,MW,FR,FR,actual_load,Actual Load,2026-08-22T04:46:30Z
2026-08-22T04:45:07Z,2026-08-22T06:45:07+0200,81890fbb-3a1d-466f-b50a-dc03bf877707,2026-08-10T03:45:00Z,2026-08-10T05:45:00+0200,35196.14,MW,FR,FR,actual_load,Actual Load,2026-08-22T04:46:30Z
2026-08-22T04:45:07Z,2026-08-22T06:45:07+0200,81890fbb-3a1d-466f-b50a-dc03bf877707,2026-08-10T04:00:00Z,2026-08-10T06:00:00+0200,36155.13,MW,FR,FR,actual_load,Actual Load,2026-08-22T04:46:30Z
2026-08-22T04:45:07Z,2026-08-22T06:45:07+0200,81890fbb-3a1d-466f-b50a-dc03bf877707,2026-08-10T04:15:00Z,2026-08-10T06:15:00+0200,36568.37,MW,FR,FR,actual_load,Actual Load,2026-08-22T04:46:30Z
2026-08-22T04:45:07Z,2026-08-22T06:45:07+0200,81890fbb-3a1d-466f-b50a-dc03bf877707,2026-08-10T04:30:00Z,2026-08-10T06:30:00+0200,36464.06,MW,FR,FR,actual_load,Actual Load,2026-08-22T04:46:30Z
2026-08-22T04:45:07Z,2026-08-22T06:45:07+0200,81890fbb-3a1d-466f-b50a-dc03bf877707,2026-08-10T04:45:00Z,2026-08-10T06:45:00+0200,36816.85,MW,FR,FR,actual_load,Actual Load,2026-08-22T04:46:30Z
2026-08-22T04:45:07Z,2026-08-22T06:45:07+0200,81890fbb-3a1d-466f-b50a-dc03bf877707,2026-08-10T05:00:00Z,2026-08-10T07:00:00+0200,37468.57,MW,FR,FR,actual_load,Actual Load,2026-08-22T04:46:30Z
2026-08-22T04:45:07Z,2026-08-22T06:45:07+0200,81890fbb-3a1d-466f-b50a-dc03bf877707,2026-08-10T05:15:00Z,2026-08-10T07:15:00+0200,37918.16,MW,FR,FR,actual_load,Actual Load,2026-08-22T04:46:30Z
2026-08-22T04:45:07Z,2026-08-22T06:45:07+0200,81890fbb-3a1d-466f-b50a-dc03bf877707,2026-08-10T05:30:00Z,2026-08-10T07:30:00+0200,38207.36,MW,FR,FR,actual_load,Actual Load,2026-08-22T04:46:30Z
2026-08-22T04:45:07Z,2026-08-22T06:45:07+0200,81890fbb-3a1d-466f-b50a-dc03bf877707,2026-08-10T05:45:00Z,2026-08-10T07:45:00+0200,39033.46,MW,FR,FR,actual_load,Actual Load,2026-08-22T04:46:30Z
2026-08-22T04:45:07Z,2026-08-22T06:45:07+0200,81890fbb-3a1d-466f-b50a-dc03bf877707,2026-08-10T06:00:00Z,2026-08-10T08:00:00+0200,39714.68,MW,FR,FR,actual_load,Actual Load,2026-08-22T04:46:30Z
2026-08-22T04:45:07Z,2026-08-22T06:45:07+0200,81890fbb-3a1d-466f-b50a-dc03bf877707,2026-08-10T06:15:00Z,2026-08-10T08:15:00+0200,40246.6,MW,FR,FR,actual_load,Actual Load,2026-08-22T04:46:30Z
2026-08-22T04:45:07Z,2026-08-22T06:45:07+0200,81890fbb-3a1d-466f-b50a-dc03bf877707,2026-08-10T06:30:00Z,2026-08-10T08:30:00+0200,40956.88,MW,FR,FR,actual_load,Actual Load,2026-08-22T04:46:30Z
2026-08-22T04:45:07Z,2026-08-22T06:45:07+0200,81890fbb-3a1d-466f-b50a-dc03bf877707,2026-08-10T06:45:00Z,2026-08-10T08:45:00+0200,41329.1,MW,FR,FR,actual_load,Actual Load,2026-08-22T04:46:30Z
2026-08-22T04:45:07Z,2026-08-22T06:45:07+0200,81890fbb-3a1d-466f-b50a-dc03bf877707,2026-08-10T07:00:00Z,2026-08-10T09:00:00+0200,41693.19,MW,FR,FR,actual_load,Actual Load,2026-08-22T04:46:30Z
2026-08-22T04:45:07Z,2026-08-22T06:45:07+0200,81890fbb-3a1d-466f-b50a-dc03bf877707,2026-08-10T07:15:00Z,2026-08-10T09:15:00+0200,42210.95,MW,FR,FR,actual_load,Actual Load,2026-08-22T04:46:30Z
2026-08-22T04:45:07Z,2026-08-22T06:45:07+0200,81890fbb-3a1d-466f-b50a-dc03bf877707,2026-08-10T07:30:00Z,2026-08-10T09:30:00+0200,42637.66,MW,FR,FR,actual_load,Actual Load,2026-08-22T04:46:30Z
2026-08-22T04:45:07Z,2026-08-22T06:45:07+0200,81890fbb-3a1d-466f-b50a-dc03bf877707,2026-08-10T07:45:00Z,2026-08-10T09:45:00+0200,43014.8,MW,FR,FR,actual_load,Actual Load,2026-08-22T04:46:30Z
2026-08-22T04:45:07Z,2026-08-22T06:45:07+0200,81890fbb-3a1d-466f-b50a-dc03bf877707,2026-08-10T08:00:00Z,2026-08-10T10:00:00+0200,43596.43,MW,FR,FR,actual_load,Actual Load,2026-08-22T04:46:30Z
2026-08-22T04:45:07Z,2026-08-22T06:45:07+0200,81890fbb-3a1d-466f-b50a-dc03bf877707,2026-08-10T08:15:00Z,2026-08-10T10:15:00+0200,44110.07,MW,FR,FR,actual_load,Actual Load,2026-08-22T04:46:30Z
2026-08-22T04:45:07Z,2026-08-22T06:45:07+0200,81890fbb-3a1d-466f-b50a-dc03bf877707,2026-08-10T08:30:00Z,2026-08-10T10:30:00+0200,44454.04,MW,FR,FR,actual_load,Actual Load,2026-08-22T04:46:30Z
2026-08-22T04:45:07Z,2026-08-22T06:45:07+0200,81890fbb-3a1d-466f-b50a-dc03bf877707,2026-08-10T08:45:00Z,2026-08-10T10:45:00+0200,44896.52,MW,FR,FR,actual_load,Actual Load,2026-08-22T04:46:30Z
2026-08-22T04:45:07Z,2026-08-22T06:45:07+0200,81890fbb-3a1d-466f-b50a-dc03bf877707,2026-08-10T09:00:00Z,2026-08-10T11:00:00+0200,45258.59,MW,FR,FR,actual_load,Actual Load,2026-08-22T04:46:30Z
2026-08-22T04:45:07Z,2026-08-22T06:45:07+0200,81890fbb-3a1d-466f-b50a-dc03bf877707,2026-08-10T09:15:00Z,2026-08-10T11:15:00+0200,45500.59,MW,FR,FR,actual_load,Actual Load,2026-08-22T04:46:30Z
2026-08-22T04:45:07Z,2026-08-22T06:45:07+0200,81890fbb-3a1d-466f-b50a-dc03bf877707,2026-08-10T09:30:00Z,2026-08-10T11:30:00+0200,46072.32,MW,FR,FR,actual_load,Actual Load,2026-08-22T04:46:30Z
2026-08-22T04:45:07Z,2026-08-22T06:45:07+0200,81890fbb-3a1d-466f-b50a-dc03bf877707,2026-08-10T09:45:00Z,2026-08-10T11:45:00+0200,46532.9,MW,FR,FR,actual_load,Actual Load,2026-08-22T04:46:30Z
2026-08-22T04:45:07Z,2026-08-22T06:45:07+0200,81890fbb-3a1d-466f-b50a-dc03bf877707,2026-08-10T10:00:00Z,2026-08-10T12:00:00+0200,47257.36,MW,FR,FR,actual_load,Actual Load,2026-08-22T04:46:30Z
2026-08-22T04:45:07Z,2026-08-22T06:45:07+0200,81890fbb-3a1d-466f-b50a-dc03bf877707,2026-08-10T10:15:00Z,2026-08-10T12:15:00+0200,47594.46,MW,FR,FR,actual_load,Actual Load,2026-08-22T04:46:30Z
2026-08-22T04:45:07Z,2026-08-22T06:45:07+0200,81890fbb-3a1d-466f-b50a-dc03bf877707,2026-08-10T10:30:00Z,2026-08-10T12:30:00+0200,48143.07,MW,FR,FR,actual_load,Actual Load,2026-08-22T04:46:30Z
2026-08-22T04:45:07Z,2026-08-22T06:45:07+0200,81890fbb-3a1d-466f-b50a-dc03bf877707,2026-08-10T10:45:00Z,2026-08-10T12:45:00+0200,47873.55,MW,FR,FR,actual_load,Actual Load,2026-08-22T04:46:30Z
2026-08-22T04:45:07Z,2026-08-22T06:45:07+0200,81890fbb-3a1d-466f-b50a-dc03bf877707,2026-08-10T11:00:00Z,2026-08-10T13:00:00+0200,47524.81,MW,FR,FR,actual_load,Actual Load,2026-08-22T04:46:30Z
2026-08-22T04:45:07Z,2026-08-22T06:45:07+0200,81890fbb-3a1d-466f-b50a-dc03bf877707,2026-08-10T11:15:00Z,2026-08-10T13:15:00+0200,47358.18,MW,FR,FR,actual_load,Actual Load,2026-08-22T04:46:30Z
2026-08-22T04:45:07Z,2026-08-22T06:45:07+0200,81890fbb-3a1d-466f-b50a-dc03bf877707,2026-08-10T11:30:00Z,2026-08-10T13:30:00+0200,47333.48,MW,FR,FR,actual_load,Actual Load,2026-08-22T04:46:30Z
2026-08-22T04:45:07Z,2026-08-22T06:45:07+0200,81890fbb-3a1d-466f-b50a-dc03bf877707,2026-08-10T11:45:00Z,2026-08-10T13:45:00+0200,47519.63,MW,FR,FR,actual_load,Actual Load,2026-08-22T04:46:30Z
2026-08-22T04:45:07Z,2026-08-22T06:45:07+0200,81890fbb-3a1d-466f-b50a-dc03bf877707,2026-08-10T12:00:00Z,2026-08-10T14:00:00+0200,48308.76,MW,FR,FR,actual_load,Actual Load,2026-08-22T04:46:30Z
2026-08-22T04:45:07Z,2026-08-22T06:45:07+0200,81890fbb-3a1d-466f-b50a-dc03bf877707,2026-08-10T12:15:00Z,2026-08-10T14:15:00+0200,48132.11,MW,FR,FR,actual_load,Actual Load,2026-08-22T04:46:30Z
2026-08-22T04:45:07Z,2026-08-22T06:45:07+0200,81890fbb-3a1d-466f-b50a-dc03bf877707,2026-08-10T12:30:00Z,2026-08-10T14:30:00+0200,48220.79,MW,FR,FR,actual_load,Actual Load,2026-08-22T04:46:30Z
2026-08-22T04:45:07Z,2026-08-22T06:45:07+0200,81890fbb-3a1d-466f-b50a-dc03bf877707,2026-08-10T12:45:00Z,2026-08-10T14:45:00+0200,47968.77,MW,FR,FR,actual_load,Actual Load,2026-08-22T04:46:30Z
2026-08-22T04:45:07Z,2026-08-22T06:45:07+0200,81890fbb-3a1d-466f-b50a-dc03bf877707,2026-08-10T13:00:00Z,2026-08-10T15:00:00+0200,47990.76,MW,FR,FR,actual_load,Actual Load,2026-08-22T04:46:30Z
2026-08-22T04:45:07Z,2026-08-22T06:45:07+0200,81890fbb-3a1d-466f-b50a-dc03bf877707,2026-08-10T13:15:00Z,2026-08-10T15:15:00+0200,47541.41,MW,FR,FR,actual_load,Actual Load,2026-08-22T04:46:30Z
2026-08-22T04:45:07Z,2026-08-22T06:45:07+0200,81890fbb-3a1d-466f-b50a-dc03bf877707,2026-08-10T13:30:00Z,2026-08-10T15:30:00+0200,47572.85,MW,FR,FR,actual_load,Actual Load,2026-08-22T04:46:30Z
2026-08-22T04:45:07Z,2026-08-22T06:45:07+0200,81890fbb-3a1d-466f-b50a-dc03bf877707,2026-08-10T13:45:00Z,2026-08-10T15:45:00+0200,47136.14,MW,FR,FR,actual_load,Actual Load,2026-08-22T04:46:30Z
2026-08-22T04:45:07Z,2026-08-22T06:45:07+0200,81890fbb-3a1d-466f-b50a-dc03bf877707,2026-08-10T14:00:00Z,2026-08-10T16:00:00+0200,46949.6,MW,FR,FR,actual_load,Actual Load,2026-08-22T04:46:30Z
2026-08-22T04:45:07Z,2026-08-22T06:45:07+0200,81890fbb-3a1d-466f-b50a-dc03bf877707,2026-08-10T14:15:00Z,2026-08-10T16:15:00+0200,46920.31,MW,FR,FR,actual_load,Actual Load,2026-08-22T04:46:30Z
2026-08-22T04:45:07Z,2026-08-22T06:45:07+0200,81890fbb-3a1d-466f-b50a-dc03bf877707,2026-08-10T14:30:00Z,2026-08-10T16:30:00+0200,46805.56,MW,FR,FR,actual_load,Actual Load,2026-08-22T04:46:30Z
2026-08-22T04:45:07Z,2026-08-22T06:45:07+0200,81890fbb-3a1d-466f-b50a-dc03bf877707,2026-08-10T14:45:00Z,2026-08-10T16:45:00+0200,46889.39,MW,FR,FR,actual_load,Actual Load,2026-08-22T04:46:30Z
2026-08-22T04:45:07Z,2026-08-22T06:45:07+0200,81890fbb-3a1d-466f-b50a-dc03bf877707,2026-08-10T15:00:00Z,2026-08-10T17:00:00+0200,46841.63,MW,FR,FR,actual_load,Actual Load,2026-08-22T04:46:30Z
2026-08-22T04:45:07Z,2026-08-22T06:45:07+0200,81890fbb-3a1d-466f-b50a-dc03bf877707,2026-08-10T15:15:00Z,2026-08-10T17:15:00+0200,46704.03,MW,FR,FR,actual_load,Actual Load,2026-08-22T04:46:30Z
2026-08-22T04:45:07Z,2026-08-22T06:45:07+0200,81890fbb-3a1d-466f-b50a-dc03bf877707,2026-08-10T15:30:00Z,2026-08-10T17:30:00+0200,46905.5,MW,FR,FR,actual_load,Actual Load,2026-08-22T04:46:30Z
2026-08-22T04:45:07Z,2026-08-22T06:45:07+0200,81890fbb-3a1d-466f-b50a-dc03bf877707,2026-08-10T15:45:00Z,2026-08-10T17:45:00+0200,47204.38,MW,FR,FR,actual_load,Actual Load,2026-08-22T04:46:30Z
2026-08-22T04:45:07Z,2026-08-22T06:45:07+0200,81890fbb-3a1d-466f-b50a-dc03bf877707,2026-08-10T16:00:00Z,2026-08-10T18:00:00+0200,47402.72,MW,FR,FR,actual_load,Actual Load,2026-08-22T04:46:30Z
2026-08-22T04:45:07Z,2026-08-22T06:45:07+0200,81890fbb-3a1d-466f-b50a-dc03bf877707,2026-08-10T16:15:00Z,2026-08-10T18:15:00+0200,47638.35,MW,FR,FR,actual_load,Actual Load,2026-08-22T04:46:30Z
2026-08-22T04:45:07Z,2026-08-22T06:45:07+0200,81890fbb-3a1d-466f-b50a-dc03bf877707,2026-08-10T16:30:00Z,2026-08-10T18:30:00+0200,48239.11,MW,FR,FR,actual_load,Actual Load,2026-08-22T04:46:30Z
2026-08-22T04:45:07Z,2026-08-22T06:45:07+0200,81890fbb-3a1d-466f-b50a-dc03bf877707,2026-08-10T16:45:00Z,2026-08-10T18:45:00+0200,48709.16,MW,FR,FR,actual_load,Actual Load,2026-08-22T04:46:30Z
2026-08-22T04:45:07Z,2026-08-22T06:45:07+0200,81890fbb-3a1d-466f-b50a-dc03bf877707,2026-08-10T17:00:00Z,2026-08-10T19:00:00+0200,48780.31,MW,FR,FR,actual_load,Actual Load,2026-08-22T04:46:30Z
2026-08-22T04:45:07Z,2026-08-22T06:45:07+0200,81890fbb-3a1d-466f-b50a-dc03bf877707,2026-08-10T17:15:00Z,2026-08-10T19:15:00+0200,48558.72,MW,FR,FR,actual_load,Actual Load,2026-08-22T04:46:30Z
2026-08-22T04:45:07Z,2026-08-22T06:45:07+0200,81890fbb-3a1d-466f-b50a-dc03bf877707,2026-08-10T17:30:00Z,2026-08-10T19:30:00+0200,48343.66,MW,FR,FR,actual_load,Actual Load,2026-08-22T04:46:30Z
2026-08-22T04:45:07Z,2026-08-22T06:45:07+0200,81890fbb-3a1d-466f-b50a-dc03bf877707,2026-08-10T17:45:00Z,2026-08-10T19:45:00+0200,48039.44,MW,FR,FR,actual_load,Actual Load,2026-08-22T04:46:30Z
2026-08-22T04:45:07Z,2026-08-22T06:45:07+0200,81890fbb-3a1d-466f-b50a-dc03bf877707,2026-08-10T18:00:00Z,2026-08-10T20:00:00+0200,47093.53,MW,FR,FR,actual_load,Actual Load,2026-08-22T04:46:30Z
2026-08-22T04:45:07Z,2026-08-22T06:45:07+0200,81890fbb-3a1d-466f-b50a-dc03bf877707,2026-08-10T18:15:00Z,2026-08-10T20:15:00+0200,46296.19,MW,FR,FR,actual_load,Actual Load,2026-08-22T04:46:30Z
2026-08-22T04:45:07Z,2026-08-22T06:45:07+0200,81890fbb-3a1d-466f-b50a-dc03bf877707,2026-08-10T18:30:00Z,2026-08-10T20:30:00+0200,46018.26,MW,FR,FR,actual_load,Actual Load,2026-08-22T04:46:30Z
2026-08-22T04:45:07Z,2026-08-22T06:45:07+0200,81890fbb-3a1d-466f-b50a-dc03bf877707,2026-08-10T18:45:00Z,2026-08-10T20:45:00+0200,45793.55,MW,FR,FR,actual_load,Actual Load,2026-08-22T04:46:30Z
2026-08-22T04:45:07Z,2026-08-22T06:45:07+0200,81890fbb-3a1d-466f-b50a-dc03bf877707,2026-08-10T19:00:00Z,2026-08-10T21:00:00+0200,45712.13,MW,FR,FR,actual_load,Actual Load,2026-08-22T04:46:30Z
2026-08-22T04:45:07Z,2026-08-22T06:45:07+0200,81890fbb-3a1d-466f-b50a-dc03bf877707,2026-08-10T19:15:00Z,2026-08-10T21:15:00+0200,45619.25,MW,FR,FR,actual_load,Actual Load,2026-08-22T04:46:30Z
2026-08-22T04:45:07Z,2026-08-22T06:45:07+0200,81890fbb-3a1d-466f-b50a-dc03bf877707,2026-08-10T19:30:00Z,2026-08-10T21:30:00+0200,45743.57,MW,FR,FR,actual_load,Actual Load,2026-08-22T04:46:30Z
2026-08-22T04:45:07Z,2026-08-22T06:45:07+0200,81890fbb-3a1d-466f-b50a-dc03bf877707,2026-08-10T19:45:00Z,2026-08-10T21:45:00+0200,45168.12,MW,FR,FR,actual_load,Actual Load,2026-08-22T04:46:30Z
2026-08-22T04:45:07Z,2026-08-22T06:45:07+0200,81890fbb-3a1d-466f-b50a-dc03bf877707,2026-08-10T20:00:00Z,2026-08-10T22:00:00+0200,45838.39,MW,FR,FR,actual_load,Actual Load,2026-08-22T04:46:30Z
2026-08-22T04:45:07Z,2026-08-22T06:45:07+0200,81890fbb-3a1d-466f-b50a-dc03bf877707,2026-08-10T20:15:00Z,2026-08-10T22:15:00+0200,45278.36,MW,FR,FR,actual_load,Actual Load,2026-08-22T04:46:30Z
2026-08-22T04:45:07Z,2026-08-22T06:45:07+0200,81890fbb-3a1d-466f-b50a-dc03bf877707,2026-08-10T20:30:00Z,2026-08-10T22:30:00+0200,46026.89,MW,FR,FR,actual_load,Actual Load,2026-08-22T04:46:30Z
2026-08-22T04:45:07Z,2026-08-22T06:45:07+0200,81890fbb-3a1d-466f-b50a-dc03bf877707,2026-08-10T20:45:00Z,2026-08-10T22:45:00+0200,45249.05,MW,FR,FR,actual_load,Actual Load,2026-08-22T04:46:30Z
2026-08-22T04:45:07Z,2026-08-22T06:45:07+0200,81890fbb-3a1d-466f-b50a-dc03bf877707,2026-08-10T21:00:00Z,2026-08-10T23:00:00+0200,44718.46,MW,FR,FR,actual_load,Actual Load,2026-08-22T04:46:30Z
2026-08-22T04:45:07Z,2026-08-22T06:45:07+0200,81890fbb-3a1d-466f-b50a-dc03bf877707,2026-08-10T21:15:00Z,2026-08-10T23:15:00+0200,43786.34,MW,FR,FR,actual_load,Actual Load,2026-08-22T04:46:30Z
2026-08-22T04:45:07Z,2026-08-22T06:45:07+0200,81890fbb-3a1d-466f-b50a-dc03bf877707,2026-08-10T21:30:00Z,2026-08-10T23:30:00+0200,43828.37,MW,FR,FR,actual_load,Actual Load,2026-08-22T04:46:30Z
2026-08-22T04:45:07Z,2026-08-22T06:45:07+0200,81890fbb-3a1d-466f-b50a-dc03bf877707,2026-08-10T21:45:00Z,2026-08-10T23:45:00+0200,42906.8,MW,FR,FR,actual_load,Actual Load,2026-08-22T04:46:30Z
2026-08-22T04:45:07Z,2026-08-22T06:45:07+0200,81890fbb-3a1d-466f-b50a-dc03bf877707,2026-08-10T22:00:00Z,2026-08-11T00:00:00+0200,42453.93,MW,FR,FR,actual_load,Actual Load,2026-08-22T04:46:30Z
2026-08-22T04:45:07Z,2026-08-22T06:45:07+0200,81890fbb-3a1d-466f-b50a-dc03bf877707,2026-08-10T22:15:00Z,2026-08-11T00:15:00+0200,41336.89,MW,FR,FR,actual_load,Actual Load,2026-08-22T04:46:30Z
2026-08-22T04:45:07Z,2026-08-22T06:45:07+0200,81890fbb-3a1d-466f-b50a-dc03bf877707,2026-08-10T22:30:00Z,2026-08-11T00:30:00+0200,40227.67,MW,FR,FR,actual_load,Actual Load,2026-08-22T04:46:30Z
2026-08-22T04:45:07Z,2026-08-22T06:45:07+0200,81890fbb-3a1d-466f-b50a-dc03bf877707,2026-08-10T22:45:00Z,2026-08-11T00:45:00+0200,39150.43,MW,FR,FR,actual_load,Actual Load,2026-08-22T04:46:30Z
2026-08-22T04:45:07Z,2026-08-22T06:45:07+0200,81890fbb-3a1d-466f-b50a-dc03bf877707,2026-08-10T23:00:00Z,2026-08-11T01:00:00+0200,39520.91,MW,FR,FR,actual_load,Actual Load,2026-08-22T04:46:30Z
2026-08-22T04:45:07Z,2026-08-22T06:45:07+0200,81890fbb-3a1d-466f-b50a-dc03bf877707,2026-08-10T23:15:00Z,2026-08-11T01:15:00+0200,38892.05,MW,FR,FR,actual_load,Actual Load,2026-08-22T04:46:30Z
2026-08-22T04:45:07Z,2026-08-22T06:45:07+0200,81890fbb-3a1d-466f-b50a-dc03bf877707,2026-08-10T23:30:00Z,2026-08-11T01:30:00+0200,38802.74,MW,FR,FR,actual_load,Actual Load,2026-08-22T04:46:30Z
2026-08-22T04:45:07Z,2026-08-22T06:45:07+0200,81890fbb-3a1d-466f-b50a-dc03bf877707,2026-08-10T23:45:00Z,2026-08-11T01:45:00+0200,38057.66,MW,FR,FR,actual_load,Actual Load,2026-08-22T04:46:30Z
2026-08-22T04:45:07Z,2026-08-22T06:45:07+0200,81890fbb-3a1d-466f-b50a-dc03bf877707,2026-08-11T00:00:00Z,2026-08-11T02:00:00+0200,37703.64,MW,FR,FR,actual_load,Actual Load,2026-08-22T04:46:30Z
2026-08-22T04:45:07Z,2026-08-22T06:45:07+0200,81890fbb-3a1d-466f-b50a-dc03bf877707,2026-08-11T00:15:00Z,2026-08-11T02:15:00+0200,36928.07,MW,FR,FR,actual_load,Actual Load,2026-08-22T04:46:30Z
2026-08-22T04:45:07Z,2026-08-22T06:45:07+0200,81890fbb-3a1d-466f-b50a-dc03bf877707,2026-08-11T00:30:00Z,2026-08-11T02:30:00+0200,36232.23,MW,FR,FR,actual_load,Actual Load,2026-08-22T04:46:30Z
2026-08-22T04:45:07Z,2026-08-22T06:45:07+0200,81890fbb-3a1d-466f-b50a-dc03bf877707,2026-08-11T00:45:00Z,2026-08-11T02:45:00+0200,35623.56,MW,FR,FR,actual_load,Actual Load,2026-08-22T04:46:30Z
2026-08-22T04:45:07Z,2026-08-22T06:45:07+0200,81890fbb-3a1d-466f-b50a-dc03bf877707,2026-08-11T01:00:00Z,2026-08-11T03:00:00+0200,35164.89,MW,FR,FR,actual_load,Actual Load,2026-08-22T04:46:30Z
2026-08-22T04:45:07Z,2026-08-22T06:45:07+0200,81890fbb-3a1d-466f-b50a-dc03bf877707,2026-08-11T01:15:00Z,2026-08-11T03:15:00+0200,34713.0,MW,FR,FR,actual_load,Actual Load,2026-08-22T04:46:30Z
2026-08-22T04:45:07Z,2026-08-22T06:45:07+0200,81890fbb-3a1d-466f-b50a-dc03bf877707,2026-08-11T01:30:00Z,2026-08-11T03:30:00+0200,34499.63,MW,FR,FR,actual_load,Actual Load,2026-08-22T04:46:30Z
2026-08-22T04:45:07Z,2026-08-22T06:45:07+0200,81890fbb-3a1d-466f-b50a-dc03bf877707,2026-08-11T01:45:00Z,2026-08-11T03:45:00+0200,34306.95,MW,FR,FR,actual_load,Actual Load,2026-08-22T04:46:30Z
2026-08-22T04:45:07Z,2026-08-22T06:45:07+0200,81890fbb-3a1d-466f-b50a-dc03bf877707,2026-08-11T02:00:00Z,2026-08-11T04:00:00+0200,34360.32,MW,FR,FR,actual_load,Actual Load,2026-08-22T04:46:30Z
2026-08-22T04:45:07Z,2026-08-22T06:45:07+0200,81890fbb-3a1d-466f-b50a-dc03bf877707,2026-08-11T02:15:00Z,2026-08-11T04:15:00+0200,34325.87,MW,FR,FR,actual_load,Actual Load,2026-08-22T04:46:30Z
2026-08-22T04:45:07Z,2026-08-22T06:45:07+0200,81890fbb-3a1d-466f-b50a-dc03bf877707,2026-08-11T02:30:00Z,2026-08-11T04:30:00+0200,34256.66,MW,FR,FR,actual_load,Actual Load,2026-08-22T04:46:30Z
2026-08-22T04:45:07Z,2026-08-22T06:45:07+0200,81890fbb-3a1d-466f-b50a-dc03bf877707,2026-08-11T02:45:00Z,2026-08-11T04:45:00+0200,34289.52,MW,FR,FR,actual_load,Actual Load,2026-08-22T04:46:30Z
2026-08-22T04:45:07Z,2026-08-22T06:45:07+0200,81890fbb-3a1d-466f-b50a-dc03bf877707,2026-08-11T03:00:00Z,2026-08-11T05:00:00+0200,34745.4,MW,FR,FR,actual_load,Actual Load,2026-08-22T04:46:30Z
2026-08-22T04:45:07Z,2026-08-22T06:45:07+0200,81890fbb-3a1d-466f-b50a-dc03bf877707,2026-08-11T03:15:00Z,2026-08-11T05:15:00+0200,35065.82,MW,FR,FR,actual_load,Actual Load,2026-08-22T04:46:30Z
2026-08-22T04:45:07Z,2026-08-22T06:45:07+0200,81890fbb-3a1d-466f-b50a-dc03bf877707,2026-08-11T03:30:00Z,2026-08-11T05:30:00+0200,35413.55,MW,FR,FR,actual_load,Actual Load,2026-08-22T04:46:30Z
2026-08-22T04:45:07Z,2026-08-22T06:45:07+0200,81890fbb-3a1d-466f-b50a-dc03bf877707,2026-08-11T03:45:00Z,2026-08-11T05:45:00+0200,35793.68,MW,FR,FR,actual_load,Actual Load,2026-08-22T04:46:30Z
2026-08-22T04:45:07Z,2026-08-22T06:45:07+0200,81890fbb-3a1d-466f-b50a-dc03bf877707,2026-08-11T04:00:00Z,2026-08-11T06:00:00+0200,36588.44,MW,FR,FR,actual_load,Actual Load,2026-08-22T04:46:30Z
2026-08-22T04:45:07Z,2026-08-22T06:45:07+0200,81890fbb-3a1d-466f-b50a-dc03bf877707,2026-08-11T04:15:00Z,2026-08-11T06:15:00+0200,36921.65,MW,FR,FR,actual_load,Actual Load,2026-08-22T04:46:30Z
2026-08-22T04:45:07Z,2026-08-22T06:45:07+0200,81890fbb-3a1d-466f-b50a-dc03bf877707,2026-08-11T04:30:00Z,2026-08-11T06:30:00+0200,37058.84,MW,FR,FR,actual_load,Actual Load,2026-08-22T04:46:30Z
2026-08-22T04:45:07Z,2026-08-22T06:45:07+0200,81890fbb-3a1d-466f-b50a-dc03bf877707,2026-08-11T04:45:00Z,2026-08-11T06:45:00+0200,37411.38,MW,FR,FR,actual_load,Actual Load,2026-08-22T04:46:30Z
2026-08-22T04:45:07Z,2026-08-22T06:45:07+0200,81890fbb-3a1d-466f-b50a-dc03bf877707,2026-08-11T05:00:00Z,2026-08-11T07:00:00+0200,37824.38,MW,FR,FR,actual_load,Actual Load,2026-08-22T04:46:30Z
2026-08-22T04:45:07Z,2026-08-22T06:45:07+0200,81890fbb-3a1d-466f-b50a-dc03bf877707,2026-08-11T05:15:00Z,2026-08-11T07:15:00+0200,38336.34,MW,FR,FR,actual_load,Actual Load,2026-08-22T04:46:30Z
2026-08-22T04:45:07Z,2026-08-22T06:45:07+0200,81890fbb-3a1d-466f-b50a-dc03bf877707,2026-08-11T05:30:00Z,2026-08-11T07:30:00+0200,38744.59,MW,FR,FR,actual_load,Actual Load,2026-08-22T04:46:30Z
2026-08-22T04:45:07Z,2026-08-22T06:45:07+0200,81890fbb-3a1d-466f-b50a-dc03bf877707,2026-08-11T05:45:00Z,2026-08-11T07:45:00+0200,39441.86,MW,FR,FR,actual_load,Actual Load,2026-08-22T04:46:30Z
2026-08-22T04:45:07Z,2026-08-22T06:45:07+0200,81890fbb-3a1d-466f-b50a-dc03bf877707,2026-08-11T06:00:00Z,2026-08-11T08:00:00+0200,40315.29,MW,FR,FR,actual_load,Actual Load,2026-08-22T04:46:30Z
2026-08-22T04:45:07Z,2026-08-22T06:45:07+0200,81890fbb-3a1d-466f-b50a-dc03bf877707,2026-08-11T06:15:00Z,2026-08-11T08:15:00+0200,40764.45,MW,FR,FR,actual_load,Actual Load,2026-08-22T04:46:30Z
2026-08-22T04:45:07Z,2026-08-22T06:45:07+0200,81890fbb-3a1d-466f-b50a-dc03bf877707,2026-08-11T06:30:00Z,2026-08-11T08:30:00+0200,41295.46,MW,FR,FR,actual_load,Actual Load,2026-08-22T04:46:30Z
2026-08-22T04:45:07Z,2026-08-22T06:45:07+0200,81890fbb-3a1d-466f-b50a-dc03bf877707,2026-08-11T06:45:00Z,2026-08-11T08:45:00+0200,41776.46,MW,FR,FR,actual_load,Actual Load,2026-08-22T04:46:30Z
2026-08-22T04:45:07Z,2026-08-22T06:45:07+0200,81890fbb-3a1d-466f-b50a-dc03bf877707,2026-08-11T07:00:00Z,2026-08-11T09:00:00+0200,42332.84,MW,FR,FR,actual_load,Actual Load,2026-08-22T04:46:30Z
2026-08-22T04:45:07Z,2026-08-22T06:45:07+0200,81890fbb-3a1d-466f-b50a-dc03bf877707,2026-08-11T07:15:00Z,2026-08-11T09:15:00+0200,42750.34,MW,FR,FR,actual_load,Actual Load,2026-08-22T04:46:30Z
2026-08-22T04:45:07Z,2026-08-22T06:45:07+0200,81890fbb-3a1d-466f-b50a-dc03bf877707,2026-08-11T07:30:00Z,2026-08-11T09:30:00+0200,43267.51,MW,FR,FR,actual_load,Actual Load,2026-08-22T04:46:30Z
2026-08-22T04:45:07Z,2026-08-22T06:45:07+0200,81890fbb-3a1d-466f-b50a-dc03bf877707,2026-08-11T07:45:00Z,2026-08-11T09:45:00+0200,43738.0,MW,FR,FR,actual_load,Actual Load,2026-08-22T04:46:30Z
2026-08-22T04:45:07Z,2026-08-22T06:45:07+0200,81890fbb-3a1d-466f-b50a-dc03bf877707,2026-08-11T08:00:00Z,2026-08-11T10:00:00+0200,44118.53,MW,FR,FR,actual_load,Actual Load,2026-08-22T04:46:30Z
2026-08-22T04:45:07Z,2026-08-22T06:45:07+0200,81890fbb-3a1d-466f-b50a-dc03bf877707,2026-08-11T08:15:00Z,2026-08-11T10:15:00+0200,44537.15,MW,FR,FR,actual_load,Actual Load,2026-08-22T04:46:30Z
2026-08-22T04:45:07Z,2026-08-22T06:45:07+0200,81890fbb-3a1d-466f-b50a-dc03bf877707,2026-08-11T08:30:00Z,2026-08-11T10:30:00+0200,44858.34,MW,FR,FR,actual_load,Actual Load,2026-08-22T04:46:30Z
2026-08-22T04:45:07Z,2026-08-22T06:45:07+0200,81890fbb-3a1d-466f-b50a-dc03bf877707,2026-08-11T08:45:00Z,2026-08-11T10:45:00+0200,45210.34,MW,FR,FR,actual_load,Actual Load,2026-08-22T04:46:30Z
2026-08-22T04:45:07Z,2026-08-22T06:45:07+0200,81890fbb-3a1d-466f-b50a-dc03bf877707,2026-08-11T09:00:00Z,2026-08-11T11:00:00+0200,45608.77,MW,FR,FR,actual_load,Actual Load,2026-08-22T04:46:30Z
2026-08-22T04:45:07Z,2026-08-22T06:45:07+0200,81890fbb-3a1d-466f-b50a-dc03bf877707,2026-08-11T09:15:00Z,2026-08-11T11:15:00+0200,46081.12,MW,FR,FR,actual_load,Actual Load,2026-08-22T04:46:30Z
2026-08-22T04:45:07Z,2026-08-22T06:45:07+0200,81890fbb-3a1d-466f-b50a-dc03bf877707,2026-08-11T09:30:00Z,2026-08-11T11:30:00+0200,46705.71,MW,FR,FR,actual_load,Actual Load,2026-08-22T04:46:30Z
2026-08-22T04:45:07Z,2026-08-22T06:45:07+0200,81890fbb-3a1d-466f-b50a-dc03bf877707,2026-08-11T09:45:00Z,2026-08-11T11:45:00+0200,46887.06,MW,FR,FR,actual_load,Actual Load,2026-08-22T04:46:30Z
2026-08-22T04:45:07Z,2026-08-22T06:45:07+0200,81890fbb-3a1d-466f-b50a-dc03bf877707,2026-08-11T10:00:00Z,2026-08-11T12:00:00+0200,47468.34,MW,FR,FR,actual_load,Actual Load,2026-08-22T04:46:30Z
2026-08-22T04:45:07Z,2026-08-22T06:45:07+0200,81890fbb-3a1d-466f-b50a-dc03bf877707,2026-08-11T10:15:00Z,2026-08-11T12:15:00+0200,47738.41,MW,FR,FR,actual_load,Actual Load,2026-08-22T04:46:30Z
2026-08-22T04:45:07Z,2026-08-22T06:45:07+0200,81890fbb-3a1d-466f-b50a-dc03bf877707,2026-08-11T10:30:00Z,2026-08-11T12:30:00+0200,48372.46,MW,FR,FR,actual_load,Actual Load,2026-08-22T04:46:30Z
2026-08-22T04:45:07Z,2026-08-22T06:45:07+0200,81890fbb-3a1d-466f-b50a-dc03bf877707,2026-08-11T10:45:00Z,2026-08-11T12:45:00+0200,48157.31,MW,FR,FR,actual_load,Actual Load,2026-08-22T04:46:30Z
2026-08-22T04:45:07Z,2026-08-22T06:45:07+0200,81890fbb-3a1d-466f-b50a-dc03bf877707,2026-08-11T11:00:00Z,2026-08-11T13:00:00+0200,47863.36,MW,FR,FR,actual_load,Actual Load,2026-08-22T04:46:30Z
2026-08-22T04:45:07Z,2026-08-22T06:45:07+0200,81890fbb-3a1d-466f-b50a-dc03bf877707,2026-08-11T11:15:00Z,2026-08-11T13:15:00+0200,47734.15,MW,FR,FR,actual_load,Actual Load,2026-08-22T04:46:30Z
2026-08-22T04:45:07Z,2026-08-22T06:45:07+0200,81890fbb-3a1d-466f-b50a-dc03bf877707,2026-08-11T11:30:00Z,2026-08-11T13:30:00+0200,47579.47,MW,FR,FR,actual_load,Actual Load,2026-08-22T04:46:30Z
2026-08-22T04:45:07Z,2026-08-22T06:45:07+0200,81890fbb-3a1d-466f-b50a-dc03bf877707,2026-08-11T11:45:00Z,2026-08-11T13:45:00+0200,47693.8,MW,FR,FR,actual_load,Actual Load,2026-08-22T04:46:30Z
2026-08-22T04:45:07Z,2026-08-22T06:45:07+0200,81890fbb-3a1d-466f-b50a-dc03bf877707,2026-08-11T12:00:00Z,2026-08-11T14:00:00+0200,48766.54,MW,FR,FR,actual_load,Actual Load,2026-08-22T04:46:30Z
2026-08-22T04:45:07Z,2026-08-22T06:45:07+0200,81890fbb-3a1d-466f-b50a-dc03bf877707,2026-08-11T12:15:00Z,2026-08-11T14:15:00+0200,48640.74,MW,FR,FR,actual_load,Actual Load,2026-08-22T04:46:30Z
2026-08-22T04:45:07Z,2026-08-22T06:45:07+0200,81890fbb-3a1d-466f-b50a-dc03bf877707,2026-08-11T12:30:00Z,2026-08-11T14:30:00+0200,48667.12,MW,FR,FR,actual_load,Actual Load,2026-08-22T04:46:30Z
2026-08-22T04:45:07Z,2026-08-22T06:45:07+0200,81890fbb-3a1d-466f-b50a-dc03bf877707,2026-08-11T12:45:00Z,2026-08-11T14:45:00+0200,48455.84,MW,FR,FR,actual_load,Actual Load,2026-08-22T04:46:30Z
2026-08-22T04:45:07Z,2026-08-22T06:45:07+0200,81890fbb-3a1d-466f-b50a-dc03bf877707,2026-08-11T13:00:00Z,2026-08-11T15:00:00+0200,48636.2,MW,FR,FR,actual_load,Actual Load,2026-08-22T04:46:30Z
2026-08-22T04:45:07Z,2026-08-22T06:45:07+0200,81890fbb-3a1d-466f-b50a-dc03bf877707,2026-08-11T13:15:00Z,2026-08-11T15:15:00+0200,48185.6,MW,FR,FR,actual_load,Actual Load,2026-08-22T04:46:30Z
2026-08-22T04:45:07Z,2026-08-22T06:45:07+0200,81890fbb-3a1d-466f-b50a-dc03bf877707,2026-08-11T13:30:00Z,2026-08-11T15:30:00+0200,48252.1,MW,FR,FR,actual_load,Actual Load,2026-08-22T04:46:30Z
2026-08-22T04:45:07Z,2026-08-22T06:45:07+0200,81890fbb-3a1d-466f-b50a-dc03bf877707,2026-08-11T13:45:00Z,2026-08-11T15:45:00+0200,47931.47,MW,FR,FR,actual_load,Actual Load,2026-08-22T04:46:30Z
2026-08-22T04:45:07Z,2026-08-22T06:45:07+0200,81890fbb-3a1d-466f-b50a-dc03bf877707,2026-08-11T14:00:00Z,2026-08-11T16:00:00+0200,47753.1,MW,FR,FR,actual_load,Actual Load,2026-08-22T04:46:30Z
2026-08-22T04:45:07Z,2026-08-22T06:45:07+0200,81890fbb-3a1d-466f-b50a-dc03bf877707,2026-08-11T14:15:00Z,2026-08-11T16:15:00+0200,47484.97,MW,FR,FR,actual_load,Actual Load,2026-08-22T04:46:30Z
2026-08-22T04:45:07Z,2026-08-22T06:45:07+0200,81890fbb-3a1d-466f-b50a-dc03bf877707,2026-08-11T14:30:00Z,2026-08-11T16:30:00+0200,47096.22,MW,FR,FR,actual_load,Actual Load,2026-08-22T04:46:30Z
2026-08-22T04:45:07Z,2026-08-22T06:45:07+0200,81890fbb-3a1d-466f-b50a-dc03bf877707,2026-08-11T14:45:00Z,2026-08-11T16:45:00+0200,47109.52,MW,FR,FR,actual_load,Actual Load,2026-08-22T04:46:30Z
2026-08-22T04:45:07Z,2026-08-22T06:45:07+0200,81890fbb-3a1d-466f-b50a-dc03bf877707,2026-08-11T15:00:00Z,2026-08-11T17:00:00+0200,47223.67,MW,FR,FR,actual_load,Actual Load,2026-08-22T04:46:30Z
2026-08-22T04:45:07Z,2026-08-22T06:45:07+0200,81890fbb-3a1d-466f-b50a-dc03bf877707,2026-08-11T15:15:00Z,2026-08-11T17:15:00+0200,47187.25,MW,FR,FR,actual_load,Actual Load,2026-08-22T04:46:30Z
2026-08-22T04:45:07Z,2026-08-22T06:45:07+0200,81890fbb-3a1d-466f-b50a-dc03bf877707,2026-08-11T15:30:00Z,2026-08-11T17:30:00+0200,47506.18,MW,FR,FR,actual_load,Actual Load,2026-08-22T04:46:30Z
2026-08-22T04:45:07Z,2026-08-22T06:45:07+0200,81890fbb-3a1d-466f-b50a-dc03bf877707,2026-08-11T15:45:00Z,2026-08-11T17:45:00+0200,47997.7,MW,FR,FR,actual_load,Actual Load,2026-08-22T04:46:30Z
2026-08-22T04:45:07Z,2026-08-22T06:45:07+0200,81890fbb-3a1d-466f-b50a-dc03bf877707,2026-08-11T16:00:00Z,2026-08-11T18:00:00+0200,48368.29,MW,FR,FR,actual_load,Actual Load,2026-08-22T04:46:30Z
2026-08-22T04:45:07Z,2026-08-22T06:45:07+0200,81890fbb-3a1d-466f-b50a-dc03bf877707,2026-08-11T16:15:00Z,2026-08-11T18:15:00+0200,48369.22,MW,FR,FR,actual_load,Actual Load,2026-08-22T04:46:30Z
2026-08-22T04:45:07Z,2026-08-22T06:45:07+0200,81890fbb-3a1d-466f-b50a-dc03bf877707,2026-08-11T16:30:00Z,2026-08-11T18:30:00+0200,48711.38,MW,FR,FR,actual_load,Actual Load,2026-08-22T04:46:30Z
2026-08-22T04:45:07Z,2026-08-22T06:45:07+0200,81890fbb-3a1d-466f-b50a-dc03bf877707,2026-08-11T16:45:00Z,2026-08-11T18:45:00+0200,49046.68,MW,FR,FR,actual_load,Actual Load,2026-08-22T04:46:30Z
2026-08-22T04:45:07Z,2026-08-22T06:45:07+0200,81890fbb-3a1d-466f-b50a-dc03bf877707,2026-08-11T17:00:00Z,2026-08-11T19:00:00+0200,49117.04,MW,FR,FR,actual_load,Actual Load,2026-08-22T04:46:30Z
2026-08-22T04:45:07Z,2026-08-22T06:45:07+0200,81890fbb-3a1d-466f-b50a-dc03bf877707,2026-08-11T17:15:00Z,2026-08-11T19:15:00+0200,48875.85,MW,FR,FR,actual_load,Actual Load,2026-08-22T04:46:30Z
2026-08-22T04:45:07Z,2026-08-22T06:45:07+0200,81890fbb-3a1d-466f-b50a-dc03bf877707,2026-08-11T17:30:00Z,2026-08-11T19:30:00+0200,48707.76,MW,FR,FR,actual_load,Actual Load,2026-08-22T04:46:30Z
2026-08-22T04:45:07Z,2026-08-22T06:45:07+0200,81890fbb-3a1d-466f-b50a-dc03bf877707,2026-08-11T17:45:00Z,2026-08-11T19:45:00+0200,48377.02,MW,FR,FR,actual_load,Actual Load,2026-08-22T04:46:30Z
2026-08-22T04:45:07Z,2026-08-22T06:45:07+0200,81890fbb-3a1d-466f-b50a-dc03bf877707,2026-08-11T18:00:00Z,2026-08-11T20:00:00+0200,47811.39,MW,FR,FR,actual_load,Actual Load,2026-08-22T04:46:30Z
2026-08-22T04:45:07Z,2026-08-22T06:45:07+0200,81890fbb-3a1d-466f-b50a-dc03bf877707,2026-08-11T18:15:00Z,2026-08-11T20:15:00+0200,47094.52,MW,FR,FR,actual_load,Actual Load,2026-08-22T04:46:30Z
2026-08-22T04:45:07Z,2026-08-22T06:45:07+0200,81890fbb-3a1d-466f-b50a-dc03bf877707,2026-08-11T18:30:00Z,2026-08-11T20:30:00+0200,46382.13,MW,FR,FR,actual_load,Actual Load,2026-08-22T04:46:30Z
2026-08-22T04:45:07Z,2026-08-22T06:45:07+0200,81890fbb-3a1d-466f-b50a-dc03bf877707,2026-08-11T18:45:00Z,2026-08-11T20:45:00+0200,46089.66,MW,FR,FR,actual_load,Actual Load,2026-08-22T04:46:30Z
2026-08-22T04:45:07Z,2026-08-22T06:45:07+0200,81890fbb-3a1d-466f-b50a-dc03bf877707,2026-08-11T19:00:00Z,2026-08-11T21:00:00+0200,45817.64,MW,FR,FR,actual_load,Actual Load,2026-08-22T04:46:30Z
2026-08-22T04:45:07Z,2026-08-22T06:45:07+0200,81890fbb-3a1d-466f-b50a-dc03bf877707,2026-08-11T19:15:00Z,2026-08-11T21:15:00+0200,45765.37,MW,FR,FR,actual_load,Actual Load,2026-08-22T04:46:30Z
2026-08-22T04:45:07Z,2026-08-22T06:45:07+0200,81890fbb-3a1d-466f-b50a-dc03bf877707,2026-08-11T19:30:00Z,2026-08-11T21:30:00+0200,45657.9,MW,FR,FR,actual_load,Actual Load,2026-08-22T04:46:30Z
2026-08-22T04:45:07Z,2026-08-22T06:45:07+0200,81890fbb-3a1d-466f-b50a-dc03bf877707,2026-08-11T19:45:00Z,2026-08-11T21:45:00+0200,45160.7,MW,FR,FR,actual_load,Actual Load,2026-08-22T04:46:30Z
2026-08-22T04:45:07Z,2026-08-22T06:45:07+0200,81890fbb-3a1d-466f-b50a-dc03bf877707,2026-08-11T20:00:00Z,2026-08-11T22:00:00+0200,45998.83,MW,FR,FR,actual_load,Actual Load,2026-08-22T04:46:30Z
2026-08-22T04:45:07Z,2026-08-22T06:45:07+0200,81890fbb-3a1d-466f-b50a-dc03bf877707,2026-08-11T20:15:00Z,2026-08-11T22:15:00+0200,45498.39,MW,FR,FR,actual_load,Actual Load,2026-08-22T04:46:30Z
2026-08-22T04:45:07Z,2026-08-22T06:45:07+0200,81890fbb-3a1d-466f-b50a-dc03bf877707,2026-08-11T20:30:00Z,2026-08-11T22:30:00+0200,46387.43,MW,FR,FR,actual_load,Actual Load,2026-08-22T04:46:30Z
2026-08-22T04:45:07Z,2026-08-22T06:45:07+0200,81890fbb-3a1d-466f-b50a-dc03bf877707,2026-08-11T20:45:00Z,2026-08-11T22:45:00+0200,45797.24,MW,FR,FR,actual_load,Actual Load,2026-08-22T04:46:30Z
2026-08-22T04:45:07Z,2026-08-22T06:45:07+0200,81890fbb-3a1d-466f-b50a-dc03bf877707,2026-08-11T21:00:00Z,2026-08-11T23:00:00+0200,45083.81,MW,FR,FR,actual_load,Actual Load,2026-08-22T04:46:30Z
2026-08-22T04:45:07Z,2026-08-22T06:45:07+0200,81890fbb-3a1d-466f-b50a-dc03bf877707,2026-08-11T21:15:00Z,2026-08-11T23:15:00+0200,43989.96,MW,FR,FR,actual_load,Actual Load,2026-08-22T04:46:30Z
2026-08-22T04:45:07Z,2026-08-22T06:45:07+0200,81890fbb-3a1d-466f-b50a-dc03bf877707,2026-08-11T21:30:00Z,2026-08-11T23:30:00+0200,44167.31,MW,FR,FR,actual_load,Actual Load,2026-08-22T04:46:30Z
2026-08-22T04:45:07Z,2026-08-22T06:45:07+0200,81890fbb-3a1d-466f-b50a-dc03bf877707,2026-08-11T21:45:00Z,2026-08-11T23:45:00+0200,43016.57,MW,FR,FR,actual_load,Actual Load,2026-08-22T04:46:30Z
2026-08-22T04:45:07Z,2026-08-22T06:45:07+0200,81890fbb-3a1d-466f-b50a-dc03bf877707,2026-08-11T22:00:00Z,2026-08-12T00:00:00+0200,42742.55,MW,FR,FR,actual_load,Actual Load,2026-08-22T04:46:30Z
2026-08-22T04:45:07Z,2026-08-22T06:45:07+0200,81890fbb-3a1d-466f-b50a-dc03bf877707,2026-08-11T22:15:00Z,2026-08-12T00:15:00+0200,41596.09,MW,FR,FR,actual_load,Actual Load,2026-08-22T04:46:30Z
2026-08-22T04:45:07Z,2026-08-22T06:45:07+0200,81890fbb-3a1d-466f-b50a-dc03bf877707,2026-08-11T22:30:00Z,2026-08-12T00:30:00+0200,40577.77,MW,FR,FR,actual_load,Actual Load,2026-08-22T04:46:30Z
2026-08-22T04:45:07Z,2026-08-22T06:45:07+0200,81890fbb-3a1d-466f-b50a-dc03bf877707,2026-08-11T22:45:00Z,2026-08-12T00:45:00+0200,39658.72,MW,FR,FR,actual_load,Actual Load,2026-08-22T04:46:30Z
2026-08-22T04:45:07Z,2026-08-22T06:45:07+0200,81890fbb-3a1d-466f-b50a-dc03bf877707,2026-08-11T23:00:00Z,2026-08-12T01:00:00+0200,39847.18,MW,FR,FR,actual_load,Actual Load,2026-08-22T04:46:30Z
2026-08-22T04:45:07Z,2026-08-22T06:45:07+0200,81890fbb-3a1d-466f-b50a-dc03bf877707,2026-08-11T23:15:00Z,2026-08-12T01:15:00+0200,39279.12,MW,FR,FR,actual_load,Actual Load,2026-08-22T04:46:30Z
2026-08-22T04:45:07Z,2026-08-22T06:45:07+0200,81890fbb-3a1d-466f-b50a-dc03bf877707,2026-08-11T23:30:00Z,2026-08-12T01:30:00+0200,39183.76,MW,FR,FR,actual_load,Actual Load,2026-08-22T04:46:30Z
2026-08-22T04:45:07Z,2026-08-22T06:45:07+0200,81890fbb-3a1d-466f-b50a-dc03bf877707,2026-08-11T23:45:00Z,2026-08-12T01:45:00+0200,38332.2,MW,FR,FR,actual_load,Actual Load,2026-08-22T04:46:30Z
2026-08-22T04:45:07Z,2026-08-22T06:45:07+0200,81890fbb-3a1d-466f-b50a-dc03bf877707,2026-08-12T00:00:00Z,2026-08-12T02:00:00+0200,38071.05,MW,FR,FR,actual_load,Actual Load,2026-08-22T04:46:30Z
2026-08-22T04:45:07Z,2026-08-22T06:45:07+0200,81890fbb-3a1d-466f-b50a-dc03bf877707,2026-08-12T00:15:00Z,2026-08-12T02:15:00+0200,37330.04,MW,FR,FR,actual_load,Actual Load,2026-08-22T04:46:30Z
2026-08-22T04:45:07Z,2026-08-22T06:45:07+0200,81890fbb-3a1d-466f-b50a-dc03bf877707,2026-08-12T00:30:00Z,2026-08-12T02:30:00+0200,36652.96,MW,FR,FR,actual_load,Actual Load,2026-08-22T04:46:30Z
2026-08-22T04:45:07Z,2026-08-22T06:45:07+0200,81890fbb-3a1d-466f-b50a-dc03bf877707,2026-08-12T00:45:00Z,2026-08-12T02:45:00+0200,36049.9,MW,FR,FR,actual_load,Actual Load,2026-08-22T04:46:30Z
2026-08-22T04:45:07Z,2026-08-22T06:45:07+0200,81890fbb-3a1d-466f-b50a-dc03bf877707,2026-08-12T01:00:00Z,2026-08-12T03:00:00+0200,35720.09,MW,FR,FR,actual_load,Actual Load,2026-08-22T04:46:30Z
2026-08-22T04:45:07Z,2026-08-22T06:45:07+0200,81890fbb-3a1d-466f-b50a-dc03bf877707,2026-08-12T01:15:00Z,2026-08-12T03:15:00+0200,35392.61,MW,FR,FR,actual_load,Actual Load,2026-08-22T04:46:30Z
2026-08-22T04:45:07Z,2026-08-22T06:45:07+0200,81890fbb-3a1d-466f-b50a-dc03bf877707,2026-08-12T01:30:00Z,2026-08-12T03:30:00+0200,35216.63,MW,FR,FR,actual_load,Actual Load,2026-08-22T04:46:30Z
2026-08-22T04:45:07Z,2026-08-22T06:45:07+0200,81890fbb-3a1d-466f-b50a-dc03bf877707,2026-08-12T01:45:00Z,2026-08-12T03:45:00+0200,34999.33,MW,FR,FR,actual_load,Actual Load,2026-08-22T04:46:30Z
2026-08-22T04:45:07Z,2026-08-22T06:45:07+0200,81890fbb-3a1d-466f-b50a-dc03bf877707,2026-08-12T02:00:00Z,2026-08-12T04:00:00+0200,34966.52,MW,FR,FR,actual_load,Actual Load,2026-08-22T04:46:30Z
2026-08-22T04:45:07Z,2026-08-22T06:45:07+0200,81890fbb-3a1d-466f-b50a-dc03bf877707,2026-08-12T02:15:00Z,2026-08-12T04:15:00+0200,34897.04,MW,FR,FR,actual_load,Actual Load,2026-08-22T04:46:30Z
2026-08-22T04:45:07Z,2026-08-22T06:45:07+0200,81890fbb-3a1d-466f-b50a-dc03bf877707,2026-08-12T02:30:00Z,2026-08-12T04:30:00+0200,34754.47,MW,FR,FR,actual_load,Actual Load,2026-08-22T04:46:30Z
2026-08-22T04:45:07Z,2026-08-22T06:45:07+0200,81890fbb-3a1d-466f-b50a-dc03bf877707,2026-08-12T02:45:00Z,2026-08-12T04:45:00+0200,34747.76,MW,FR,FR,actual_load,Actual Load,2026-08-22T04:46:30Z
2026-08-22T04:45:07Z,2026-08-22T06:45:07+0200,81890fbb-3a1d-466f-b50a-dc03bf877707,2026-08-12T03:00:00Z,2026-08-12T05:00:00+0200,35229.63,MW,FR,FR,actual_load,Actual Load,2026-08-22T04:46:30Z
2026-08-22T04:45:07Z,2026-08-22T06:45:07+0200,81890fbb-3a1d-466f-b50a-dc03bf877707,2026-08-12T03:15:00Z,2026-08-12T05:15:00+0200,35444.89,MW,FR,FR,actual_load,Actual Load,2026-08-22T04:46:30Z
2026-08-22T04:45:07Z,2026-08-22T06:45:07+0200,81890fbb-3a1d-466f-b50a-dc03bf877707,2026-08-12T03:30:00Z,2026-08-12T05:30:00+0200,35720.32,MW,FR,FR,actual_load,Actual Load,2026-08-22T04:46:30Z
2026-08-22T04:45:07Z,2026-08-22T06:45:07+0200,81890fbb-3a1d-466f-b50a-dc03bf877707,2026-08-12T03:45:00Z,2026-08-12T05:45:00+0200,36065.36,MW,FR,FR,actual_load,Actual Load,2026-08-22T04:46:30Z
2026-08-22T04:45:07Z,2026-08-22T06:45:07+0200,81890fbb-3a1d-466f-b50a-dc03bf877707,2026-08-12T04:00:00Z,2026-08-12T06:00:00+0200,36824.02,MW,FR,FR,actual_load,Actual Load,2026-08-22T04:46:30Z
2026-08-22T04:45:07Z,2026-08-22T06:45:07+0200,81890fbb-3a1d-466f-b50a-dc03bf877707,2026-08-12T04:15:00Z,2026-08-12T06:15:00+0200,37204.25,MW,FR,FR,actual_load,Actual Load,2026-08-22T04:46:30Z
2026-08-22T04:45:07Z,2026-08-22T06:45:07+0200,81890fbb-3a1d-466f-b50a-dc03bf877707,2026-08-12T04:30:00Z,2026-08-12T06:30:00+0200,37384.5,MW,FR,FR,actual_load,Actual Load,2026-08-22T04:46:30Z
2026-08-22T04:45:07Z,2026-08-22T06:45:07+0200,81890fbb-3a1d-466f-b50a-dc03bf877707,2026-08-12T04:45:00Z,2026-08-12T06:45:00+0200,37654.11,MW,FR,FR,actual_load,Actual Load,2026-08-22T04:46:30Z
2026-08-22T04:45:07Z,2026-08-22T06:45:07+0200,81890fbb-3a1d-466f-b50a-dc03bf877707,2026-08-12T05:00:00Z,2026-08-12T07:00:00+0200,38137.39,MW,FR,FR,actual_load,Actual Load,2026-08-22T04:46:30Z
2026-08-22T04:45:07Z,2026-08-22T06:45:07+0200,81890fbb-3a1d-466f-b50a-dc03bf877707,2026-08-12T05:15:00Z,2026-08-12T07:15:00+0200,38519.52,MW,FR,FR,actual_load,Actual Load,2026-08-22T04:46:30Z
2026-08-22T04:45:07Z,2026-08-22T06:45:07+0200,81890fbb-3a1d-466f-b50a-dc03bf877707,2026-08-12T05:30:00Z,2026-08-12T07:30:00+0200,38890.12,MW,FR,FR,actual_load,Actual Load,2026-08-22T04:46:30Z
2026-08-22T04:45:07Z,2026-08-22T06:45:07+0200,81890fbb-3a1d-466f-b50a-dc03bf877707,2026-08-12T05:45:00Z,2026-08-12T07:45:00+0200,39323.36,MW,FR,FR,actual_load,Actual Load,2026-08-22T04:46:30Z
2026-08-22T04:45:07Z,2026-08-22T06:45:07+0200,81890fbb-3a1d-466f-b50a-dc03bf877707,2026-08-12T06:00:00Z,2026-08-12T08:00:00+0200,39883.42,MW,FR,FR,actual_load,Actual Load,2026-08-22T04:46:30Z
2026-08-22T04:45:07Z,2026-08-22T06:45:07+0200,81890fbb-3a1d-466f-b50a-dc03bf877707,2026-08-12T06:15:00Z,2026-08-12T08:15:00+0200,40380.09,MW,FR,FR,actual_load,Actual Load,2026-08-22T04:46:30Z
2026-08-22T04:45:07Z,2026-08-22T06:45:07+0200,81890fbb-3a1d-466f-b50a-dc03bf877707,2026-08-12T06:30:00Z,2026-08-12T08:30:00+0200,40937.28,MW,FR,FR,actual_load,Actual Load,2026-08-22T04:46:30Z
2026-08-22T04:45:07Z,2026-08-22T06:45:07+0200,81890fbb-3a1d-466f-b50a-dc03bf877707,2026-08-12T06:45:00Z,2026-08-12T08:45:00+0200,41363.06,MW,FR,FR,actual_load,Actual Load,2026-08-22T04:46:30Z
2026-08-22T04:45:07Z,2026-08-22T06:45:07+0200,81890fbb-3a1d-466f-b50a-dc03bf877707,2026-08-12T07:00:00Z,2026-08-12T09:00:00+0200,41995.83,MW,FR,FR,actual_load,Actual Load,2026-08-22T04:46:30Z
2026-08-22T04:45:07Z,2026-08-22T06:45:07+0200,81890fbb-3a1d-466f-b50a-dc03bf877707,2026-08-12T07:15:00Z,2026-08-12T09:15:00+0200,42699.75,MW,FR,FR,actual_load,Actual Load,2026-08-22T04:46:30Z
2026-08-22T04:45:07Z,2026-08-22T06:45:07+0200,81890fbb-3a1d-466f-b50a-dc03bf877707,2026-08-12T07:30:00Z,2026-08-12T09:30:00+0200,43186.18,MW,FR,FR,actual_load,Actual Load,2026-08-22T04:46:30Z
2026-08-22T04:45:07Z,2026-08-22T06:45:07+0200,81890fbb-3a1d-466f-b50a-dc03bf877707,2026-08-12T07:45:00Z,2026-08-12T09:45:00+0200,43860.57,MW,FR,FR,actual_load,Actual Load,2026-08-22T04:46:30Z
2026-08-22T04:45:07Z,2026-08-22T06:45:07+0200,81890fbb-3a1d-466f-b50a-dc03bf877707,2026-08-12T08:00:00Z,2026-08-12T10:00:00+0200,44357.61,MW,FR,FR,actual_load,Actual Load,2026-08-22T04:46:30Z
2026-08-22T04:45:07Z,2026-08-22T06:45:07+0200,81890fbb-3a1d-466f-b50a-dc03bf877707,2026-08-12T08:15:00Z,2026-08-12T10:15:00+0200,44818.05,MW,FR,FR,actual_load,Actual Load,2026-08-22T04:46:30Z
2026-08-22T04:45:07Z,2026-08-22T06:45:07+0200,81890fbb-3a1d-466f-b50a-dc03bf877707,2026-08-12T08:30:00Z,2026-08-12T10:30:00+0200,45363.16,MW,FR,FR,actual_load,Actual Load,2026-08-22T04:46:30Z
2026-08-22T04:45:07Z,2026-08-22T06:45:07+0200,81890fbb-3a1d-466f-b50a-dc03bf877707,2026-08-12T08:45:00Z,2026-08-12T10:45:00+0200,45952.91,MW,FR,FR,actual_load,Actual Load,2026-08-22T04:46:30Z
2026-08-22T04:45:07Z,2026-08-22T06:45:07+0200,81890fbb-3a1d-466f-b50a-dc03bf877707,2026-08-12T09:00:00Z,2026-08-12T11:00:00+0200,46307.2,MW,FR,FR,actual_load,Actual Load,2026-08-22T04:46:30Z
2026-08-22T04:45:07Z,2026-08-22T06:45:07+0200,81890fbb-3a1d-466f-b50a-dc03bf877707,2026-08-12T09:15:00Z,2026-08-12T11:15:00+0200,46817.32,MW,FR,FR,actual_load,Actual Load,2026-08-22T04:46:30Z
2026-08-22T04:45:07Z,2026-08-22T06:45:07+0200,81890fbb-3a1d-466f-b50a-dc03bf877707,2026-08-12T09:30:00Z,2026-08-12T11:30:00+0200,47595.65,MW,FR,FR,actual_load,Actual Load,2026-08-22T04:46:30Z
2026-08-22T04:45:07Z,2026-08-22T06:45:07+0200,81890fbb-3a1d-466f-b50a-dc03bf877707,2026-08-12T09:45:00Z,2026-08-12T11:45:00+0200,48081.12,MW,FR,FR,actual_load,Actual Load,2026-08-22T04:46:30Z
2026-08-22T04:45:07Z,2026-08-22T06:45:07+0200,81890fbb-3a1d-466f-b50a-dc03bf877707,2026-08-12T10:00:00Z,2026-08-12T12:00:00+0200,48542.72,MW,FR,FR,actual_load,Actual Load,2026-08-22T04:46:30Z
2026-08-22T04:45:07Z,2026-08-22T06:45:07+0200,81890fbb-3a1d-466f-b50a-dc03bf877707,2026-08-12T10:15:00Z,2026-08-12T12:15:00+0200,48653.16,MW,FR,FR,actual_load,Actual Load,2026-08-22T04:46:30Z
2026-08-22T04:45:07Z,2026-08-22T06:45:07+0200,81890fbb-3a1d-466f-b50a-dc03bf877707,2026-08-12T10:30:00Z,2026-08-12T12:30:00+0200,49340.42,MW,FR,FR,actual_load,Actual Load,2026-08-22T04:46:30Z
2026-08-22T04:45:07Z,2026-08-22T06:45:07+0200,81890fbb-3a1d-466f-b50a-dc03bf877707,2026-08-12T10:45:00Z,2026-08-12T12:45:00+0200,49087.71,MW,FR,FR,actual_load,Actual Load,2026-08-22T04:46:30Z
2026-08-22T04:45:07Z,2026-08-22T06:45:07+0200,81890fbb-3a1d-466f-b50a-dc03bf877707,2026-08-12T11:00:00Z,2026-08-12T13:00:00+0200,48826.28,MW,FR,FR,actual_load,Actual Load,2026-08-22T04:46:30Z
2026-08-22T04:45:07Z,2026-08-22T06:45:07+0200,81890fbb-3a1d-466f-b50a-dc03bf877707,2026-08-12T11:15:00Z,2026-08-12T13:15:00+0200,48590.9,MW,FR,FR,actual_load,Actual Load,2026-08-22T04:46:30Z
2026-08-22T04:45:07Z,2026-08-22T06:45:07+0200,81890fbb-3a1d-466f-b50a-dc03bf877707,2026-08-12T11:30:00Z,2026-08-12T13:30:00+0200,48608.38,MW,FR,FR,actual_load,Actual Load,2026-08-22T04:46:30Z
2026-08-22T04:45:07Z,2026-08-22T06:45:07+0200,81890fbb-3a1d-466f-b50a-dc03bf877707,2026-08-12T11:45:00Z,2026-08-12T13:45:00+0200,48959.29,MW,FR,FR,actual_load,Actual Load,2026-08-22T04:46:30Z
2026-08-22T04:45:07Z,2026-08-22T06:45:07+0200,81890fbb-3a1d-466f-b50a-dc03bf877707,2026-08-12T12:00:00Z,2026-08-12T14:00:00+0200,50084.39,MW,FR,FR,actual_load,Actual Load,2026-08-22T04:46:30Z
2026-08-22T04:45:07Z,2026-08-22T06:45:07+0200,81890fbb-3a1d-466f-b50a-dc03bf877707,2026-08-12T12:15:00Z,2026-08-12T14:15:00+0200,50105.0,MW,FR,FR,actual_load,Actual Load,2026-08-22T04:46:30Z
2026-08-22T04:45:07Z,2026-08-22T06:45:07+0200,81890fbb-3a1d-466f-b50a-dc03bf877707,2026-08-12T12:30:00Z,2026-08-12T14:30:00+0200,50316.09,MW,FR,FR,actual_load,Actual Load,2026-08-22T04:46:30Z
2026-08-22T04:45:07Z,2026-08-22T06:45:07+0200,81890fbb-3a1d-466f-b50a-dc03bf877707,2026-08-12T12:45:00Z,2026-08-12T14:45:00+0200,50175.54,MW,FR,FR,actual_load,Actual Load,2026-08-22T04:46:30Z
2026-08-22T04:45:07Z,2026-08-22T06:45:07+0200,81890fbb-3a1d-466f-b50a-dc03bf877707,2026-08-12T13:00:00Z,2026-08-12T15:00:00+0200,50329.95,MW,FR,FR,actual_load,Actual Load,2026-08-22T04:46:30Z
2026-08-22T04:45:07Z,2026-08-22T06:45:07+0200,81890fbb-3a1d-466f-b50a-dc03bf877707,2026-08-12T13:15:00Z,2026-08-12T15:15:00+0200,49952.77,MW,FR,FR,actual_load,Actual Load,2026-08-22T04:46:30Z
2026-08-22T04:45:07Z,2026-08-22T06:45:07+0200,81890fbb-3a1d-466f-b50a-dc03bf877707,2026-08-12T13:30:00Z,2026-08-12T15:30:00+0200,49581.48,MW,FR,FR,actual_load,Actual Load,2026-08-22T04:46:30Z
2026-08-22T04:45:07Z,2026-08-22T06:45:07+0200,81890fbb-3a1d-466f-b50a-dc03bf877707,2026-08-12T13:45:00Z,2026-08-12T15:45:00+0200,49159.84,MW,FR,FR,actual_load,Actual Load,2026-08-22T04:46:30Z
2026-08-22T04:45:07Z,2026-08-22T06:45:07+0200,81890fbb-3a1d-466f-b50a-dc03bf877707,2026-08-12T14:00:00Z,2026-08-12T16:00:00+0200,49054.25,MW,FR,FR,actual_load,Actual Load,2026-08-22T04:46:30Z
2026-08-22T04:45:07Z,2026-08-22T06:45:07+0200,81890fbb-3a1d-466f-b50a-dc03bf877707,2026-08-12T14:15:00Z,2026-08-12T16:15:00+0200,48913.82,MW,FR,FR,actual_load,Actual Load,2026-08-22T04:46:30Z
2026-08-22T04:45:07Z,2026-08-22T06:45:07+0200,81890fbb-3a1d-466f-b50a-dc03bf877707,2026-08-12T14:30:00Z,2026-08-12T16:30:00+0200,49074.45,MW,FR,FR,actual_load,Actual Load,2026-08-22T04:46:30Z
2026-08-22T04:45:07Z,2026-08-22T06:45:07+0200,81890fbb-3a1d-466f-b50a-dc03bf877707,2026-08-12T14:45:00Z,2026-08-12T16:45:00+0200,49228.27,MW,FR,FR,actual_load,Actual Load,2026-08-22T04:46:30Z
2026-08-22T04:45:07Z,2026-08-22T06:45:07+0200,81890fbb-3a1d-466f-b50a-dc03bf877707,2026-08-12T15:00:00Z,2026-08-12T17:00:00+0200,49303.31,MW,FR,FR,actual_load,Actual Load,2026-08-22T04:46:30Z
2026-08-22T04:45:07Z,2026-08-22T06:45:07+0200,81890fbb-3a1d-466f-b50a-dc03bf877707,2026-08-12T15:15:00Z,2026-08-12T17:15:00+0200,49268.79,MW,FR,FR,actual_load,Actual Load,2026-08-22T04:46:30Z
2026-08-22T04:45:07Z,2026-08-22T06:45:07+0200,81890fbb-3a1d-466f-b50a-dc03bf877707,2026-08-12T15:30:00Z,2026-08-12T17:30:00+0200,49456.04,MW,FR,FR,actual_load,Actual Load,2026-08-22T04:46:30Z
2026-08-22T04:45:07Z,2026-08-22T06:45:07+0200,81890fbb-3a1d-466f-b50a-dc03bf877707,2026-08-12T15:45:00Z,2026-08-12T17:45:00+0200,49743.56,MW,FR,FR,actual_load,Actual Load,2026-08-22T04:46:30Z
2026-08-22T04:45:07Z,2026-08-22T06:45:07+0200,81890fbb-3a1d-466f-b50a-dc03bf877707,2026-08-12T16:00:00Z,2026-08-12T18:00:00+0200,50026.82,MW,FR,FR,actual_load,Actual Load,2026-08-22T04:46:30Z
2026-08-22T04:45:07Z,2026-08-22T06:45:07+0200,81890fbb-3a1d-466f-b50a-dc03bf877707,2026-08-12T16:15:00Z,2026-08-12T18:15:00+0200,50016.43,MW,FR,FR,actual_load,Actual Load,2026-08-22T04:46:30Z
2026-08-22T04:45:07Z,2026-08-22T06:45:07+0200,81890fbb-3a1d-466f-b50a-dc03bf877707,2026-08-12T16:30:00Z,2026-08-12T18:30:00+0200,50321.18,MW,FR,FR,actual_load,Actual Load,2026-08-22T04:46:30Z
2026-08-22T04:45:07Z,2026-08-22T06:45:07+0200,81890fbb-3a1d-466f-b50a-dc03bf877707,2026-08-12T16:45:00Z,2026-08-12T18:45:00+0200,50482.22,MW,FR,FR,actual_load,Actual Load,2026-08-22T04:46:30Z
2026-08-22T04:45:07Z,2026-08-22T06:45:07+0200,81890fbb-3a1d-466f-b50a-dc03bf877707,2026-08-12T17:00:00Z,2026-08-12T19:00:00+0200,49986.69,MW,FR,FR,actual_load,Actual Load,2026-08-22T04:46:30Z
2026-08-22T04:45:07Z,2026-08-22T06:45:07+0200,81890fbb-3a1d-466f-b50a-dc03bf877707,2026-08-12T17:15:00Z,2026-08-12T19:15:00+0200,49512.02,MW,FR,FR,actual_load,Actual Load,2026-08-22T04:46:30Z
2026-08-22T04:45:07Z,2026-08-22T06:45:07+0200,81890fbb-3a1d-466f-b50a-dc03bf877707,2026-08-12T17:30:00Z,2026-08-12T19:30:00+0200,49093.84,MW,FR,FR,actual_load,Actual Load,2026-08-22T04:46:30Z
2026-08-22T04:45:07Z,2026-08-22T06:45:07+0200,81890fbb-3a1d-466f-b50a-dc03bf877707,2026-08-12T17:45:00Z,2026-08-12T19:45:00+0200,48834.28,MW,FR,FR,actual_load,Actual Load,2026-08-22T04:46:30Z
2026-08-22T04:45:07Z,2026-08-22T06:45:07+0200,81890fbb-3a1d-466f-b50a-dc03bf877707,2026-08-12T18:00:00Z,2026-08-12T20:00:00+0200,48262.79,MW,FR,FR,actual_load,Actual Load,2026-08-22T04:46:30Z
2026-08-22T04:45:07Z,2026-08-22T06:45:07+0200,81890fbb-3a1d-466f-b50a-dc03bf877707,2026-08-12T18:15:00Z,2026-08-12T20:15:00+0200,47225.55,MW,FR,FR,actual_load,Actual Load,2026-08-22T04:46:30Z
2026-08-22T04:45:07Z,2026-08-22T06:45:07+0200,81890fbb-3a1d-466f-b50a-dc03bf877707,2026-08-12T18:30:00Z,2026-08-12T20:30:00+0200,46490.84,MW,FR,FR,actual_load,Actual Load,2026-08-22T04:46:30Z
2026-08-22T04:45:07Z,2026-08-22T06:45:07+0200,81890fbb-3a1d-466f-b50a-dc03bf877707,2026-08-12T18:45:00Z,2026-08-12T20:45:00+0200,46104.48,MW,FR,FR,actual_load,Actual Load,2026-08-22T04:46:30Z
2026-08-22T04:45:07Z,2026-08-22T06:45:07+0200,81890fbb-3a1d-466f-b50a-dc03bf877707,2026-08-12T19:00:00Z,2026-08-12T21:00:00+0200,46147.54,MW,FR,FR,actual_load,Actual Load,2026-08-22T04:46:30Z
2026-08-22T04:45:07Z,2026-08-22T06:45:07+0200,81890fbb-3a1d-466f-b50a-dc03bf877707,2026-08-12T19:15:00Z,2026-08-12T21:15:00+0200,46395.64,MW,FR,FR,actual_load,Actual Load,2026-08-22T04:46:30Z
2026-08-22T04:45:07Z,2026-08-22T06:45:07+0200,81890fbb-3a1d-466f-b50a-dc03bf877707,2026-08-12T19:30:00Z,2026-08-12T21:30:00+0200,46418.82,MW,FR,FR,actual_load,Actual Load,2026-08-22T04:46:30Z
2026-08-22T04:45:07Z,2026-08-22T06:45:07+0200,81890fbb-3a1d-466f-b50a-dc03bf877707,2026-08-12T19:45:00Z,2026-08-12T21:45:00+0200,45935.83,MW,FR,FR,actual_load,Actual Load,2026-08-22T04:46:30Z
2026-08-22T04:45:07Z,2026-08-22T06:45:07+0200,81890fbb-3a1d-466f-b50a-dc03bf877707,2026-08-12T20:00:00Z,2026-08-12T22:00:00+0200,46698.7,MW,FR,FR,actual_load,Actual Load,2026-08-22T04:46:30Z
2026-08-22T04:45:07Z,2026-08-22T06:45:07+0200,81890fbb-3a1d-466f-b50a-dc03bf877707,2026-08-12T20:15:00Z,2026-08-12T22:15:00+0200,46455.54,MW,FR,FR,actual_load,Actual Load,2026-08-22T04:46:30Z
2026-08-22T04:45:07Z,2026-08-22T06:45:07+0200,81890fbb-3a1d-466f-b50a-dc03bf877707,2026-08-12T20:30:00Z,2026-08-12T22:30:00+0200,47436.68,MW,FR,FR,actual_load,Actual Load,2026-08-22T04:46:30Z
2026-08-22T04:45:07Z,2026-08-22T06:45:07+0200,81890fbb-3a1d-466f-b50a-dc03bf877707,2026-08-12T20:45:00Z,2026-08-12T22:45:00+0200,46636.02,MW,FR,FR,actual_load,Actual Load,2026-08-22T04:46:30Z
2026-08-22T04:45:07Z,2026-08-22T06:45:07+0200,81890fbb-3a1d-466f-b50a-dc03bf877707,2026-08-12T21:00:00Z,2026-08-12T23:00:00+0200,46236.41,MW,FR,FR,actual_load,Actual Load,2026-08-22T04:46:30Z
2026-08-22T04:45:07Z,2026-08-22T06:45:07+0200,81890fbb-3a1d-466f-b50a-dc03bf877707,2026-08-12T21:15:00Z,2026-08-12T23:15:00+0200,45110.56,MW,FR,FR,actual_load,Actual Load,2026-08-22T04:46:30Z
2026-08-22T04:45:07Z,2026-08-22T06:45:07+0200,81890fbb-3a1d-466f-b50a-dc03bf877707,2026-08-12T21:30:00Z,2026-08-12T23:30:00+0200,45206.69,MW,FR,FR,actual_load,Actual Load,2026-08-22T04:46:30Z
2026-08-22T04:45:07Z,2026-08-22T06:45:07+0200,81890fbb-3a1d-466f-b50a-dc03bf877707,2026-08-12T21:45:00Z,2026-08-12T23:45:00+0200,44214.02,MW,FR,FR,actual_load,Actual Load,2026-08-22T04:46:30Z
2026-08-22T04:45:07Z,2026-08-22T06:45:07+0200,81890fbb-3a1d-466f-b50a-dc03bf877707,2026-08-12T22:00:00Z,2026-08-13T00:00:00+0200,43962.73,MW,FR,FR,actual_load,Actual Load,2026-08-22T04:46:30Z
2026-08-22T04:45:07Z,2026-08-22T06:45:07+0200,81890fbb-3a1d-466f-b50a-dc03bf877707,2026-08-12T22:15:00Z,2026-08-13T00:15:00+0200,42902.34,MW,FR,FR,actual_load,Actual Load,2026-08-22T04:46:30Z
2026-08-22T04:45:07Z,2026-08-22T06:45:07+0200,81890fbb-3a1d-466f-b50a-dc03bf877707,2026-08-12T22:30:00Z,2026-08-13T00:30:00+0200,41736.2,MW,FR,FR,actual_load,Actual Load,2026-08-22T04:46:30Z
2026-08-22T04:45:07Z,2026-08-22T06:45:07+0200,81890fbb-3a1d-466f-b50a-dc03bf877707,2026-08-12T22:45:00Z,2026-08-13T00:45:00+0200,40703.29,MW,FR,FR,actual_load,Actual Load,2026-08-22T04:46:30Z
2026-08-22T04:45:07Z,2026-08-22T06:45:07+0200,81890fbb-3a1d-466f-b50a-dc03bf877707,2026-08-12T23:00:00Z,2026-08-13T01:00:00+0200,40926.97,MW,FR,FR,actual_load,Actual Load,2026-08-22T04:46:30Z
2026-08-22T04:45:07Z,2026-08-22T06:45:07+0200,81890fbb-3a1d-466f-b50a-dc03bf877707,2026-08-12T23:15:00Z,2026-08-13T01:15:00+0200,40208.38,MW,FR,FR,actual_load,Actual Load,2026-08-22T04:46:30Z
2026-08-22T04:45:07Z,2026-08-22T06:45:07+0200,81890fbb-3a1d-466f-b50a-dc03bf877707,2026-08-12T23:30:00Z,2026-08-13T01:30:00+0200,40069.52,MW,FR,FR,actual_load,Actual Load,2026-08-22T04:46:30Z
2026-08-22T04:45:07Z,2026-08-22T06:45:07+0200,81890fbb-3a1d-466f-b50a-dc03bf877707,2026-08-12T23:45:00Z,2026-08-13T01:45:00+0200,39249.14,MW,FR,FR,actual_load,Actual Load,2026-08-22T04:46:30Z
2026-08-22T04:45:07Z,2026-08-22T06:45:07+0200,81890fbb-3a1d-466f-b50a-dc03bf877707,2026-08-13T00:00:00Z,2026-08-13T02:00:00+0200,38951.68,MW,FR,FR,actual_load,Actual Load,2026-08-22T04:46:30Z
2026-08-22T04:45:07Z,2026-08-22T06:45:07+0200,81890fbb-3a1d-466f-b50a-dc03bf877707,2026-08-13T00:15:00Z,2026-08-13T02:15:00+0200,38047.71,MW,FR,FR,actual_load,Actual Load,2026-08-22T04:46:30Z
2026-08-22T04:45:07Z,2026-08-22T06:45:07+0200,81890fbb-3a1d-466f-b50a-dc03bf877707,2026-08-13T00:30:00Z,2026-08-13T02:30:00+0200,37347.04,MW,FR,FR,actual_load,Actual Load,2026-08-22T04:46:30Z
2026-08-22T04:45:07Z,2026-08-22T06:45:07+0200,81890fbb-3a1d-466f-b50a-dc03bf877707,2026-08-13T00:45:00Z,2026-08-13T02:45:00+0200,36721.86,MW,FR,FR,actual_load,Actual Load,2026-08-22T04:46:30Z
2026-08-22T04:45:07Z,2026-08-22T06:45:07+0200,81890fbb-3a1d-466f-b50a-dc03bf877707,2026-08-13T01:00:00Z,2026-08-13T03:00:00+0200,36450.11,MW,FR,FR,actual_load,Actual Load,2026-08-22T04:46:30Z
2026-08-22T04:45:07Z,2026-08-22T06:45:07+0200,81890fbb-3a1d-466f-b50a-dc03bf877707,2026-08-13T01:15:00Z,2026-08-13T03:15:00+0200,35988.21,MW,FR,FR,actual_load,Actual Load,2026-08-22T04:46:30Z
2026-08-22T04:45:07Z,2026-08-22T06:45:07+0200,81890fbb-3a1d-466f-b50a-dc03bf877707,2026-08-13T01:30:00Z,2026-08-13T03:30:00+0200,35856.45,MW,FR,FR,actual_load,Actual Load,2026-08-22T04:46:30Z
2026-08-22T04:45:07Z,2026-08-22T06:45:07+0200,81890fbb-3a1d-466f-b50a-dc03bf877707,2026-08-13T01:45:00Z,2026-08-13T03:45:00+0200,35592.88,MW,FR,FR,actual_load,Actual Load,2026-08-22T04:46:30Z
2026-08-22T04:45:07Z,2026-08-22T06:45:07+0200,81890fbb-3a1d-466f-b50a-dc03bf877707,2026-08-13T02:00:00Z,2026-08-13T04:00:00+0200,35519.47,MW,FR,FR,actual_load,Actual Load,2026-08-22T04:46:30Z
2026-08-22T04:45:07Z,2026-08-22T06:45:07+0200,81890fbb-3a1d-466f-b50a-dc03bf877707,2026-08-13T02:15:00Z,2026-08-13T04:15:00+0200,35447.05,MW,FR,FR,actual_load,Actual Load,2026-08-22T04:46:30Z
2026-08-22T04:45:07Z,2026-08-22T06:45:07+0200,81890fbb-3a1d-466f-b50a-dc03bf877707,2026-08-13T02:30:00Z,2026-08-13T04:30:00+0200,35316.29,MW,FR,FR,actual_load,Actual Load,2026-08-22T04:46:30Z
2026-08-22T04:45:07Z,2026-08-22T06:45:07+0200,81890fbb-3a1d-466f-b50a-dc03bf877707,2026-08-13T02:45:00Z,2026-08-13T04:45:00+0200,35358.78,MW,FR,FR,actual_load,Actual Load,2026-08-22T04:46:30Z
2026-08-22T04:45:07Z,2026-08-22T06:45:07+0200,81890fbb-3a1d-466f-b50a-dc03bf877707,2026-08-13T03:00:00Z,2026-08-13T05:00:00+0200,35823.47,MW,FR,FR,actual_load,Actual Load,2026-08-22T04:46:30Z
2026-08-22T04:45:07Z,2026-08-22T06:45:07+0200,81890fbb-3a1d-466f-b50a-dc03bf877707,2026-08-13T03:15:00Z,2026-08-13T05:15:00+0200,36065.46,MW,FR,FR,actual_load,Actual Load,2026-08-22T04:46:30Z
2026-08-22T04:45:07Z,2026-08-22T06:45:07+0200,81890fbb-3a1d-466f-b50a-dc03bf877707,2026-08-13T03:30:00Z,2026-08-13T05:30:00+0200,36310.76,MW,FR,FR,actual_load,Actual Load,2026-08-22T04:46:30Z
2026-08-22T04:45:07Z,2026-08-22T06:45:07+0200,81890fbb-3a1d-466f-b50a-dc03bf877707,2026-08-13T03:45:00Z,2026-08-13T05:45:00+0200,36718.3,MW,FR,FR,actual_load,Actual Load,2026-08-22T04:46:30Z
2026-08-22T04:45:07Z,2026-08-22T06:45:07+0200,81890fbb-3a1d-466f-b50a-dc03bf877707,2026-08-13T04:00:00Z,2026-08-13T06:00:00+0200,37503.55,MW,FR,FR,actual_load,Actual Load,2026-08-22T04:46:30Z
2026-08-22T04:45:07Z,2026-08-22T06:45:07+0200,81890fbb-3a1d-466f-b50a-dc03bf877707,2026-08-13T04:15:00Z,2026-08-13T06:15:00+0200,37848.12,MW,FR,FR,actual_load,Actual Load,2026-08-22T04:46:30Z
2026-08-22T04:45:07Z,2026-08-22T06:45:07+0200,81890fbb-3a1d-466f-b50a-dc03bf877707,2026-08-13T04:30:00Z,2026-08-13T06:30:00+0200,37996.24,MW,FR,FR,actual_load,Actual Load,2026-08-22T04:46:30Z
2026-08-22T04:45:07Z,2026-08-22T06:45:07+0200,81890fbb-3a1d-466f-b50a-dc03bf877707,2026-08-13T04:45:00Z,2026-08-13T06:45:00+0200,38240.74,MW,FR,FR,actual_load,Actual Load,2026-08-22T04:46:30Z
2026-08-22T04:45:07Z,2026-08-22T06:45:07+0200,81890fbb-3a1d-466f-b50a-dc03bf877707,2026-08-13T05:00:00Z,2026-08-13T07:00:00+0200,38791.67,MW,FR,FR,actual_load,Actual Load,2026-08-22T04:46:30Z
2026-08-22T04:45:07Z,2026-08-22T06:45:07+0200,81890fbb-3a1d-466f-b50a-dc03bf877707,2026-08-13T05:15:00Z,2026-08-13T07:15:00+0200,39231.86,MW,FR,FR,actual_load,Actual Load,2026-08-22T04:46:30Z
2026-08-22T04:45:07Z,2026-08-22T06:45:07+0200,81890fbb-3a1d-466f-b50a-dc03bf877707,2026-08-13T05:30:00Z,2026-08-13T07:30:00+0200,39533.31,MW,FR,FR,actual_load,Actual Load,2026-08-22T04:46:30Z
2026-08-22T04:45:07Z,2026-08-22T06:45:07+0200,81890fbb-3a1d-466f-b50a-dc03bf877707,2026-08-13T05:45:00Z,2026-08-13T07:45:00+0200,40004.28,MW,FR,FR,actual_load,Actual Load,2026-08-22T04:46:30Z
2026-08-22T04:45:07Z,2026-08-22T06:45:07+0200,81890fbb-3a1d-466f-b50a-dc03bf877707,2026-08-13T06:00:00Z,2026-08-13T08:00:00+0200,40801.62,MW,FR,FR,actual_load,Actual Load,2026-08-22T04:46:30Z
2026-08-22T04:45:07Z,2026-08-22T06:45:07+0200,81890fbb-3a1d-466f-b50a-dc03bf877707,2026-08-13T06:15:00Z,2026-08-13T08:15:00+0200,41494.96,MW,FR,FR,actual_load,Actual Load,2026-08-22T04:46:30Z
2026-08-22T04:45:07Z,2026-08-22T06:45:07+0200,81890fbb-3a1d-466f-b50a-dc03bf877707,2026-08-13T06:30:00Z,2026-08-13T08:30:00+0200,42049.46,MW,FR,FR,actual_load,Actual Load,2026-08-22T04:46:30Z
2026-08-22T04:45:07Z,2026-08-22T06:45:07+0200,81890fbb-3a1d-466f-b50a-dc03bf877707,2026-08-13T06:45:00Z,2026-08-13T08:45:00+0200,42812.85,MW,FR,FR,actual_load,Actual Load,2026-08-22T04:46:30Z
2026-08-22T04:45:07Z,2026-08-22T06:45:07+0200,81890fbb-3a1d-466f-b50a-dc03bf877707,2026-08-13T07:00:00Z,2026-08-13T09:00:00+0200,43592.19,MW,FR,FR,actual_load,Actual Load,2026-08-22T04:46:30Z
2026-08-22T04:45:07Z,2026-08-22T06:45:07+0200,81890fbb-3a1d-466f-b50a-dc03bf877707,2026-08-13T07:15:00Z,2026-08-13T09:15:00+0200,44161.88,MW,FR,FR,actual_load,Actual Load,2026-08-22T04:46:30Z
2026-08-22T04:45:07Z,2026-08-22T06:45:07+0200,81890fbb-3a1d-466f-b50a-dc03bf877707,2026-08-13T07:30:00Z,2026-08-13T09:30:00+0200,44562.05,MW,FR,FR,actual_load,Actual Load,2026-08-22T04:46:30Z
2026-08-22T04:45:07Z,2026-08-22T06:45:07+0200,81890fbb-3a1d-466f-b50a-dc03bf877707,2026-08-13T07:45:00Z,2026-08-13T09:45:00+0200,45244.66,MW,FR,FR,actual_load,Actual Load,2026-08-22T04:46:30Z
2026-08-22T04:45:07Z,2026-08-22T06:45:07+0200,81890fbb-3a1d-466f-b50a-dc03bf877707,2026-08-13T08:00:00Z,2026-08-13T10:00:00+0200,46087.12,MW,FR,FR,actual_load,Actual Load,2026-08-22T04:46:30Z
2026-08-22T04:45:07Z,2026-08-22T06:45:07+0200,81890fbb-3a1d-466f-b50a-dc03bf877707,2026-08-13T08:15:00Z,2026-08-13T10:15:00+0200,46449.72,MW,FR,FR,actual_load,Actual Load,2026-08-22T04:46:30Z
2026-08-22T04:45:07Z,2026-08-22T06:45:07+0200,81890fbb-3a1d-466f-b50a-dc03bf877707,2026-08-13T08:30:00Z,2026-08-13T10:30:00+0200,46975.68,MW,FR,FR,actual_load,Actual Load,2026-08-22T04:46:30Z
2026-08-22T04:45:07Z,2026-08-22T06:45:07+0200,81890fbb-3a1d-466f-b50a-dc03bf877707,2026-08-13T08:45:00Z,2026-08-13T10:45:00+0200,47376.99,MW,FR,FR,actual_load,Actual Load,2026-08-22T04:46:30Z
2026-08-22T04:45:07Z,2026-08-22T06:45:07+0200,81890fbb-3a1d-466f-b50a-dc03bf877707,2026-08-13T09:00:00Z,2026-08-13T11:00:00+0200,47814.86,MW,FR,FR,actual_load,Actual Load,2026-08-22T04:46:30Z
2026-08-22T04:45:07Z,2026-08-22T06:45:07+0200,81890fbb-3a1d-466f-b50a-dc03bf877707,2026-08-13T09:15:00Z,2026-08-13T11:15:00+0200,48358.82,MW,FR,FR,actual_load,Actual Load,2026-08-22T04:46:30Z
2026-08-22T04:45:07Z,2026-08-22T06:45:07+0200,81890fbb-3a1d-466f-b50a-dc03bf877707,2026-08-13T09:30:00Z,2026-08-13T11:30:00+0200,48921.04,MW,FR,FR,actual_load,Actual Load,2026-08-22T04:46:30Z
2026-08-22T04:45:07Z,2026-08-22T06:45:07+0200,81890fbb-3a1d-466f-b50a-dc03bf877707,2026-08-13T09:45:00Z,2026-08-13T11:45:00+0200,49509.67,MW,FR,FR,actual_load,Actual Load,2026-08-22T04:46:30Z
2026-08-22T04:45:07Z,2026-08-22T06:45:07+0200,81890fbb-3a1d-466f-b50a-dc03bf877707,2026-08-13T10:00:00Z,2026-08-13T12:00:00+0200,50256.68,MW,FR,FR,actual_load,Actual Load,2026-08-22T04:46:30Z
2026-08-22T04:45:07Z,2026-08-22T06:45:07+0200,81890fbb-3a1d-466f-b50a-dc03bf877707,2026-08-13T10:15:00Z,2026-08-13T12:15:00+0200,50452.87,MW,FR,FR,actual_load,Actual Load,2026-08-22T04:46:30Z
2026-08-22T04:45:07Z,2026-08-22T06:45:07+0200,81890fbb-3a1d-466f-b50a-dc03bf877707,2026-08-13T10:30:00Z,2026-08-13T12:30:00+0200,51178.84,MW,FR,FR,actual_load,Actual Load,2026-08-22T04:46:30Z
2026-08-22T04:45:07Z,2026-08-22T06:45:07+0200,81890fbb-3a1d-466f-b50a-dc03bf877707,2026-08-13T10:45:00Z,2026-08-13T12:45:00+0200,50818.01,MW,FR,FR,actual_load,Actual Load,2026-08-22T04:46:30Z
2026-08-22T04:45:07Z,2026-08-22T06:45:07+0200,81890fbb-3a1d-466f-b50a-dc03bf877707,2026-08-13T11:00:00Z,2026-08-13T13:00:00+0200,50844.61,MW,FR,FR,actual_load,Actual Load,2026-08-22T04:46:30Z
2026-08-22T04:45:07Z,2026-08-22T06:45:07+0200,81890fbb-3a1d-466f-b50a-dc03bf877707,2026-08-13T11:15:00Z,2026-08-13T13:15:00+0200,50617.99,MW,FR,FR,actual_load,Actual Load,2026-08-22T04:46:30Z
2026-08-22T04:45:07Z,2026-08-22T06:45:07+0200,81890fbb-3a1d-466f-b50a-dc03bf877707,2026-08-13T11:30:00Z,2026-08-13T13:30:00+0200,50617.73,MW,FR,FR,actual_load,Actual Load,2026-08-22T04:46:30Z
2026-08-22T04:45:07Z,2026-08-22T06:45:07+0200,81890fbb-3a1d-466f-b50a-dc03bf877707,2026-08-13T11:45:00Z,2026-08-13T13:45:00+0200,50887.38,MW,FR,FR,actual_load,Actual Load,2026-08-22T04:46:30Z
2026-08-22T04:45:07Z,2026-08-22T06:45:07+0200,81890fbb-3a1d-466f-b50a-dc03bf877707,2026-08-13T12:00:00Z,2026-08-13T14:00:00+0200,51982.56,MW,FR,FR,actual_load,Actual Load,2026-08-22T04:46:30Z
2026-08-22T04:45:07Z,2026-08-22T06:45:07+0200,81890fbb-3a1d-466f-b50a-dc03bf877707,2026-08-13T12:15:00Z,2026-08-13T14:15:00+0200,51902.1,MW,FR,FR,actual_load,Actual Load,2026-08-22T04:46:30Z
2026-08-22T04:45:07Z,2026-08-22T06:45:07+0200,81890fbb-3a1d-466f-b50a-dc03bf877707,2026-08-13T12:30:00Z,2026-08-13T14:30:00+0200,51992.61,MW,FR,FR,actual_load,Actual Load,2026-08-22T04:46:30Z
2026-08-22T04:45:07Z,2026-08-22T06:45:07+0200,81890fbb-3a1d-466f-b50a-dc03bf877707,2026-08-13T12:45:00Z,2026-08-13T14:45:00+0200,51800.04,MW,FR,FR,actual_load,Actual Load,2026-08-22T04:46:30Z
2026-08-22T04:45:07Z,2026-08-22T06:45:07+0200,81890fbb-3a1d-466f-b50a-dc03bf877707,2026-08-13T13:00:00Z,2026-08-13T15:00:00+0200,51914.11,MW,FR,FR,actual_load,Actual Load,2026-08-22T04:46:30Z
2026-08-22T04:45:07Z,2026-08-22T06:45:07+0200,81890fbb-3a1d-466f-b50a-dc03bf877707,2026-08-13T13:15:00Z,2026-08-13T15:15:00+0200,51570.34,MW,FR,FR,actual_load,Actual Load,2026-08-22T04:46:30Z
2026-08-22T04:45:07Z,2026-08-22T06:45:07+0200,81890fbb-3a1d-466f-b50a-dc03bf877707,2026-08-13T13:30:00Z,2026-08-13T15:30:00+0200,51279.03,MW,FR,FR,actual_load,Actual Load,2026-08-22T04:46:30Z
2026-08-22T04:45:07Z,2026-08-22T06:45:07+0200,81890fbb-3a1d-466f-b50a-dc03bf877707,2026-08-13T13:45:00Z,2026-08-13T15:45:00+0200,50871.28,MW,FR,FR,actual_load,Actual Load,2026-08-22T04:46:30Z
2026-08-22T04:45:07Z,2026-08-22T06:45:07+0200,81890fbb-3a1d-466f-b50a-dc03bf877707,2026-08-13T14:00:00Z,2026-08-13T16:00:00+0200,50629.9,MW,FR,FR,actual_load,Actual Load,2026-08-22T04:46:30Z
2026-08-22T04:45:07Z,2026-08-22T06:45:07+0200,81890fbb-3a1d-466f-b50a-dc03bf877707,2026-08-13T14:15:00Z,2026-08-13T16:15:00+0200,50566.19,MW,FR,FR,actual_load,Actual Load,2026-08-22T04:46:30Z
2026-08-22T04:45:07Z,2026-08-22T06:45:07+0200,81890fbb-3a1d-466f-b50a-dc03bf877707,2026-08-13T14:30:00Z,2026-08-13T16:30:00+0200,50577.85,MW,FR,FR,actual_load,Actual Load,2026-08-22T04:46:30Z
2026-08-22T04:45:07Z,2026-08-22T06:45:07+0200,81890fbb-3a1d-466f-b50a-dc03bf877707,2026-08-13T14:45:00Z,2026-08-13T16:45:00+0200,50558.39,MW,FR,FR,actual_load,Actual Load,2026-08-22T04:46:30Z
2026-08-22T04:45:07Z,2026-08-22T06:45:07+0200,81890fbb-3a1d-466f-b50a-dc03bf877707,2026-08-13T15:00:00Z,2026-08-13T17:00:00+0200,50509.34,MW,FR,FR,actual_load,Actual Load,2026-08-22T04:46:30Z
2026-08-22T04:45:07Z,2026-08-22T06:45:07+0200,81890fbb-3a1d-466f-b50a-dc03bf877707,2026-08-13T15:15:00Z,2026-08-13T17:15:00+0200,50561.7,MW,FR,FR,actual_load,Actual Load,2026-08-22T04:46:30Z
2026-08-22T04:45:07Z,2026-08-22T06:45:07+0200,81890fbb-3a1d-466f-b50a-dc03bf877707,2026-08-13T15:30:00Z,2026-08-13T17:30:00+0200,50817.12,MW,FR,FR,actual_load,Actual Load,2026-08-22T04:46:30Z
2026-08-22T04:45:07Z,2026-08-22T06:45:07+0200,81890fbb-3a1d-466f-b50a-dc03bf877707,2026-08-13T15:45:00Z,2026-08-13T17:45:00+0200,51151.92,MW,FR,FR,actual_load,Actual Load,2026-08-22T04:46:30Z
2026-08-22T04:45:07Z,2026-08-22T06:45:07+0200,81890fbb-3a1d-466f-b50a-dc03bf877707,2026-08-13T16:00:00Z,2026-08-13T18:00:00+0200,51417.6,MW,FR,FR,actual_load,Actual Load,2026-08-22T04:46:30Z
2026-08-22T04:45:07Z,2026-08-22T06:45:07+0200,81890fbb-3a1d-466f-b50a-dc03bf877707,2026-08-13T16:15:00Z,2026-08-13T18:15:00+0200,51604.19,MW,FR,FR,actual_load,Actual Load,2026-08-22T04:46:30Z
2026-08-22T04:45:07Z,2026-08-22T06:45:07+0200,81890fbb-3a1d-466f-b50a-dc03bf877707,2026-08-13T16:30:00Z,2026-08-13T18:30:00+0200,51880.94,MW,FR,FR,actual_load,Actual Load,2026-08-22T04:46:30Z
2026-08-22T04:45:07Z,2026-08-22T06:45:07+0200,81890fbb-3a1d-466f-b50a-dc03bf877707,2026-08-13T16:45:00Z,2026-08-13T18:45:00+0200,52110.89,MW,FR,FR,actual_load,Actual Load,2026-08-22T04:46:30Z
2026-08-22T04:45:07Z,2026-08-22T06:45:07+0200,81890fbb-3a1d-466f-b50a-dc03bf877707,2026-08-13T17:00:00Z,2026-08-13T19:00:00+0200,52111.99,MW,FR,FR,actual_load,Actual Load,2026-08-22T04:46:30Z
2026-08-22T04:45:07Z,2026-08-22T06:45:07+0200,81890fbb-3a1d-466f-b50a-dc03bf877707,2026-08-13T17:15:00Z,2026-08-13T19:15:00+0200,51752.64,MW,FR,FR,actual_load,Actual Load,2026-08-22T04:46:30Z
2026-08-22T04:45:07Z,2026-08-22T06:45:07+0200,81890fbb-3a1d-466f-b50a-dc03bf877707,2026-08-13T17:30:00Z,2026-08-13T19:30:00+0200,51359.61,MW,FR,FR,actual_load,Actual Load,2026-08-22T04:46:30Z
2026-08-22T04:45:07Z,2026-08-22T06:45:07+0200,81890fbb-3a1d-466f-b50a-dc03bf877707,2026-08-13T17:45:00Z,2026-08-13T19:45:00+0200,50938.54,MW,FR,FR,actual_load,Actual Load,2026-08-22T04:46:30Z
2026-08-22T04:45:07Z,2026-08-22T06:45:07+0200,81890fbb-3a1d-466f-b50a-dc03bf877707,2026-08-13T18:00:00Z,2026-08-13T20:00:00+0200,50417.74,MW,FR,FR,actual_load,Actual Load,2026-08-22T04:46:30Z
2026-08-22T04:45:07Z,2026-08-22T06:45:07+0200,81890fbb-3a1d-466f-b50a-dc03bf877707,2026-08-13T18:15:00Z,2026-08-13T20:15:00+0200,49652.21,MW,FR,FR,actual_load,Actual Load,2026-08-22T04:46:30Z
2026-08-22T04:45:07Z,2026-08-22T06:45:07+0200,81890fbb-3a1d-466f-b50a-dc03bf877707,2026-08-13T18:30:00Z,2026-08-13T20:30:00+0200,49093.68,MW,FR,FR,actual_load,Actual Load,2026-08-22T04:46:30Z
2026-08-22T04:45:07Z,2026-08-22T06:45:07+0200,81890fbb-3a1d-466f-b50a-dc03bf877707,2026-08-13T18:45:00Z,2026-08-13T20:45:00+0200,48660.72,MW,FR,FR,actual_load,Actual Load,2026-08-22T04:46:30Z
2026-08-22T04:45:07Z,2026-08-22T06:45:07+0200,81890fbb-3a1d-466f-b50a-dc03bf877707,2026-08-13T19:00:00Z,2026-08-13T21:00:00+0200,48592.2,MW,FR,FR,actual_load,Actual Load,2026-08-22T04:46:30Z
2026-08-22T04:45:07Z,2026-08-22T06:45:07+0200,81890fbb-3a1d-466f-b50a-dc03bf877707,2026-08-13T19:15:00Z,2026-08-13T21:15:00+0200,48456.27,MW,FR,FR,actual_load,Actual Load,2026-08-22T04:46:30Z
2026-08-22T04:45:07Z,2026-08-22T06:45:07+0200,81890fbb-3a1d-466f-b50a-dc03bf877707,2026-08-13T19:30:00Z,2026-08-13T21:30:00+0200,48214.24,MW,FR,FR,actual_load,Actual Load,2026-08-22T04:46:30Z
2026-08-22T04:45:07Z,2026-08-22T06:45:07+0200,81890fbb-3a1d-466f-b50a-dc03bf877707,2026-08-13T19:45:00Z,2026-08-13T21:45:00+0200,47653.29,MW,FR,FR,actual_load,Actual Load,2026-08-22T04:46:30Z
2026-08-22T04:45:07Z,2026-08-22T06:45:07+0200,81890fbb-3a1d-466f-b50a-dc03bf877707,2026-08-13T20:00:00Z,2026-08-13T22:00:00+0200,48263.06,MW,FR,FR,actual_load,Actual Load,2026-08-22T04:46:30Z
2026-08-22T04:45:07Z,2026-08-22T06:45:07+0200,81890fbb-3a1d-466f-b50a-dc03bf877707,2026-08-13T20:15:00Z,2026-08-13T22:15:00+0200,47810.33,MW,FR,FR,actual_load,Actual Load,2026-08-22T04:46:30Z
2026-08-22T04:45:07Z,2026-08-22T06:45:07+0200,81890fbb-3a1d-466f-b50a-dc03bf877707,2026-08-13T20:30:00Z,2026-08-13T22:30:00+0200,48681.96,MW,FR,FR,actual_load,Actual Load,2026-08-22T04:46:30Z
2026-08-22T04:45:07Z,2026-08-22T06:45:07+0200,81890fbb-3a1d-466f-b50a-dc03bf877707,2026-08-13T20:45:00Z,2026-08-13T22:45:00+0200,47860.66,MW,FR,FR,actual_load,Actual Load,2026-08-22T04:46:30Z
2026-08-22T04:45:07Z,2026-08-22T06:45:07+0200,81890fbb-3a1d-466f-b50a-dc03bf877707,2026-08-13T21:00:00Z,2026-08-13T23:00:00+0200,47368.91,MW,FR,FR,actual_load,Actual Load,2026-08-22T04:46:30Z
2026-08-22T04:45:07Z,2026-08-22T06:45:07+0200,81890fbb-3a1d-466f-b50a-dc03bf877707,2026-08-13T21:15:00Z,2026-08-13T23:15:00+0200,46024.21,MW,FR,FR,actual_load,Actual Load,2026-08-22T04:46:30Z
2026-08-22T04:45:07Z,2026-08-22T06:45:07+0200,81890fbb-3a1d-466f-b50a-dc03bf877707,2026-08-13T21:30:00Z,2026-08-13T23:30:00+0200,46047.93,MW,FR,FR,actual_load,Actual Load,2026-08-22T04:46:30Z
2026-08-22T04:45:07Z,2026-08-22T06:45:07+0200,81890fbb-3a1d-466f-b50a-dc03bf877707,2026-08-13T21:45:00Z,2026-08-13T23:45:00+0200,45024.04,MW,FR,FR,actual_load,Actual Load,2026-08-22T04:46:30Z
2026-08-22T04:45:07Z,2026-08-22T06:45:07+0200,81890fbb-3a1d-466f-b50a-dc03bf877707,2026-08-13T22:00:00Z,2026-08-14T00:00:00+0200,44856.32,MW,FR,FR,actual_load,Actual Load,2026-08-22T04:46:30Z
2026-08-22T04:45:07Z,2026-08-22T06:45:07+0200,81890fbb-3a1d-466f-b50a-dc03bf877707,2026-08-13T22:15:00Z,2026-08-14T00:15:00+0200,43503.26,MW,FR,FR,actual_load,Actual Load,2026-08-22T04:46:30Z
2026-08-22T04:45:07Z,2026-08-22T06:45:07+0200,81890fbb-3a1d-466f-b50a-dc03bf877707,2026-08-13T22:30:00Z,2026-08-14T00:30:00+0200,42355.29,MW,FR,FR,actual_load,Actual Load,2026-08-22T04:46:30Z
2026-08-22T04:45:07Z,2026-08-22T06:45:07+0200,81890fbb-3a1d-466f-b50a-dc03bf877707,2026-08-13T22:45:00Z,2026-08-14T00:45:00+0200,41359.66,MW,FR,FR,actual_load,Actual Load,2026-08-22T04:46:30Z
2026-08-22T04:45:07Z,2026-08-22T06:45:07+0200,81890fbb-3a1d-466f-b50a-dc03bf877707,2026-08-13T23:00:00Z,2026-08-14T01:00:00+0200,41503.54,MW,FR,FR,actual_load,Actual Load,2026-08-22T04:46:30Z
2026-08-22T04:45:07Z,2026-08-22T06:45:07+0200,81890fbb-3a1d-466f-b50a-dc03bf877707,2026-08-13T23:15:00Z,2026-08-14T01:15:00+0200,40947.39,MW,FR,FR,actual_load,Actual Load,2026-08-22T04:46:30Z
2026-08-22T04:45:07Z,2026-08-22T06:45:07+0200,81890fbb-3a1d-466f-b50a-dc03bf877707,2026-08-13T23:30:00Z,2026-08-14T01:30:00+0200,40944.64,MW,FR,FR,actual_load,Actual Load,2026-08-22T04:46:30Z
2026-08-22T04:45:07Z,2026-08-22T06:45:07+0200,81890fbb-3a1d-466f-b50a-dc03bf877707,2026-08-13T23:45:00Z,2026-08-14T01:45:00+0200,40099.69,MW,FR,FR,actual_load,Actual Load,2026-08-22T04:46:30Z
2026-08-22T04:45:07Z,2026-08-22T06:45:07+0200,81890fbb-3a1d-466f-b50a-dc03bf877707,2026-08-14T00:00:00Z,2026-08-14T02:00:00+0200,39744.15,MW,FR,FR,actual_load,Actual Load,2026-08-22T04:46:30Z
2026-08-22T04:45:07Z,2026-08-22T06:45:07+0200,81890fbb-3a1d-466f-b50a-dc03bf877707,2026-08-14T00:15:00Z,2026-08-14T02:15:00+0200,38957.2,MW,FR,FR,actual_load,Actual Load,2026-08-22T04:46:30Z
2026-08-22T04:45:07Z,2026-08-22T06:45:07+0200,81890fbb-3a1d-466f-b50a-dc03bf877707,2026-08-14T00:30:00Z,2026-08-14T02:30:00+0200,38321.35,MW,FR,FR,actual_load,Actual Load,2026-08-22T04:46:30Z
2026-08-22T04:45:07Z,2026-08-22T06:45:07+0200,81890fbb-3a1d-466f-b50a-dc03bf877707,2026-08-14T00:45:00Z,2026-08-14T02:45:00+0200,37616.48,MW,FR,FR,actual_load,Actual Load,2026-08-22T04:46:30Z
2026-08-22T04:45:07Z,2026-08-22T06:45:07+0200,81890fbb-3a1d-466f-b50a-dc03bf877707,2026-08-14T01:00:00Z,2026-08-14T03:00:00+0200,37273.45,MW,FR,FR,actual_load,Actual Load,2026-08-22T04:46:30Z
2026-08-22T04:45:07Z,2026-08-22T06:45:07+0200,81890fbb-3a1d-466f-b50a-dc03bf877707,2026-08-14T01:15:00Z,2026-08-14T03:15:00+0200,36948.99,MW,FR,FR,actual_load,Actual Load,2026-08-22T04:46:30Z
2026-08-22T04:45:07Z,2026-08-22T06:45:07+0200,81890fbb-3a1d-466f-b50a-dc03bf877707,2026-08-14T01:30:00Z,2026-08-14T03:30:00+0200,36773.91,MW,FR,FR,actual_load,Actual Load,2026-08-22T04:46:30Z
2026-08-22T04:45:07Z,2026-08-22T06:45:07+0200,81890fbb-3a1d-466f-b50a-dc03bf877707,2026-08-14T01:45:00Z,2026-08-14T03:45:00+0200,36471.84,MW,FR,FR,actual_load,Actual Load,2026-08-22T04:46:30Z
2026-08-22T04:45:07Z,2026-08-22T06:45:07+0200,81890fbb-3a1d-466f-b50a-dc03bf877707,2026-08-14T02:00:00Z,2026-08-14T04:00:00+0200,36534.74,MW,FR,FR,actual_load,Actual Load,2026-08-22T04:46:30Z
2026-08-22T04:45:07Z,2026-08-22T06:45:07+0200,81890fbb-3a1d-466f-b50a-dc03bf877707,2026-08-14T02:15:00Z,2026-08-14T04:15:00+0200,36333.14,MW,FR,FR,actual_load,Actual Load,2026-08-22T04:46:30Z
2026-08-22T04:45:07Z,2026-08-22T06:45:07+0200,81890fbb-3a1d-466f-b50a-dc03bf877707,2026-08-14T02:30:00Z,2026-08-14T04:30:00+0200,36326.65,MW,FR,FR,actual_load,Actual Load,2026-08-22T04:46:30Z
2026-08-22T04:45:07Z,2026-08-22T06:45:07+0200,81890fbb-3a1d-466f-b50a-dc03bf877707,2026-08-14T02:45:00Z,2026-08-14T04:45:00+0200,36211.09,MW,FR,FR,actual_load,Actual Load,2026-08-22T04:46:30Z
2026-08-22T04:45:07Z,2026-08-22T06:45:07+0200,81890fbb-3a1d-466f-b50a-dc03bf877707,2026-08-14T03:00:00Z,2026-08-14T05:00:00+0200,36644.6,MW,FR,FR,actual_load,Actual Load,2026-08-22T04:46:30Z
2026-08-22T04:45:07Z,2026-08-22T06:45:07+0200,81890fbb-3a1d-466f-b50a-dc03bf877707,2026-08-14T03:15:00Z,2026-08-14T05:15:00+0200,36843.49,MW,FR,FR,actual_load,Actual Load,2026-08-22T04:46:30Z
2026-08-22T04:45:07Z,2026-08-22T06:45:07+0200,81890fbb-3a1d-466f-b50a-dc03bf877707,2026-08-14T03:30:00Z,2026-08-14T05:30:00+0200,37101.02,MW,FR,FR,actual_load,Actual Load,2026-08-22T04:46:30Z
2026-08-22T04:45:07Z,2026-08-22T06:45:07+0200,81890fbb-3a1d-466f-b50a-dc03bf877707,2026-08-14T03:45:00Z,2026-08-14T05:45:00+0200,37275.94,MW,FR,FR,actual_load,Actual Load,2026-08-22T04:46:30Z
2026-08-22T04:45:07Z,2026-08-22T06:45:07+0200,81890fbb-3a1d-466f-b50a-dc03bf877707,2026-08-14T04:00:00Z,2026-08-14T06:00:00+0200,38089.18,MW,FR,FR,actual_load,Actual Load,2026-08-22T04:46:30Z
2026-08-22T04:45:07Z,2026-08-22T06:45:07+0200,81890fbb-3a1d-466f-b50a-dc03bf877707,2026-08-14T04:15:00Z,2026-08-14T06:15:00+0200,38450.34,MW,FR,FR,actual_load,Actual Load,2026-08-22T04:46:30Z
2026-08-22T04:45:07Z,2026-08-22T06:45:07+0200,81890fbb-3a1d-466f-b50a-dc03bf877707,2026-08-14T04:30:00Z,2026-08-14T06:30:00+0200,38653.82,MW,FR,FR,actual_load,Actual Load,2026-08-22T04:46:30Z
2026-08-22T04:45:07Z,2026-08-22T06:45:07+0200,81890fbb-3a1d-466f-b50a-dc03bf877707,2026-08-14T04:45:00Z,2026-08-14T06:45:00+0200,38800.63,MW,FR,FR,actual_load,Actual Load,2026-08-22T04:46:30Z
2026-08-22T04:45:07Z,2026-08-22T06:45:07+0200,81890fbb-3a1d-466f-b50a-dc03bf877707,2026-08-14T05:00:00Z,2026-08-14T07:00:00+0200,39392.27,MW,FR,FR,actual_load,Actual Load,2026-08-22T04:46:30Z
2026-08-22T04:45:07Z,2026-08-22T06:45:07+0200,81890fbb-3a1d-466f-b50a-dc03bf877707,2026-08-14T05:15:00Z,2026-08-14T07:15:00+0200,39875.14,MW,FR,FR,actual_load,Actual Load,2026-08-22T04:46:30Z
2026-08-22T04:45:07Z,2026-08-22T06:45:07+0200,81890fbb-3a1d-466f-b50a-dc03bf877707,2026-08-14T05:30:00Z,2026-08-14T07:30:00+0200,40223.92,MW,FR,FR,actual_load,Actual Load,2026-08-22T04:46:30Z
2026-08-22T04:45:07Z,2026-08-22T06:45:07+0200,81890fbb-3a1d-466f-b50a-dc03bf877707,2026-08-14T05:45:00Z,2026-08-14T07:45:00+0200,40735.19,MW,FR,FR,actual_load,Actual Load,2026-08-22T04:46:30Z
2026-08-22T04:45:07Z,2026-08-22T06:45:07+0200,81890fbb-3a1d-466f-b50a-dc03bf877707,2026-08-14T06:00:00Z,2026-08-14T08:00:00+0200,41626.52,MW,FR,FR,actual_load,Actual Load,2026-08-22T04:46:30Z
2026-08-22T04:45:07Z,2026-08-22T06:45:07+0200,81890fbb-3a1d-466f-b50a-dc03bf877707,2026-08-14T06:15:00Z,2026-08-14T08:15:00+0200,42273.85,MW,FR,FR,actual_load,Actual Load,2026-08-22T04:46:30Z
2026-08-22T04:45:07Z,2026-08-22T06:45:07+0200,81890fbb-3a1d-466f-b50a-dc03bf877707,2026-08-14T06:30:00Z,2026-08-14T08:30:00+0200,42932.91,MW,FR,FR,actual_load,Actual Load,2026-08-22T04:46:30Z
2026-08-22T04:45:07Z,2026-08-22T06:45:07+0200,81890fbb-3a1d-466f-b50a-dc03bf877707,2026-08-14T06:45:00Z,2026-08-14T08:45:00+0200,43380.39,MW,FR,FR,actual_load,Actual Load,2026-08-22T04:46:30Z
2026-08-22T04:45:07Z,2026-08-22T06:45:07+0200,81890fbb-3a1d-466f-b50a-dc03bf877707,2026-08-14T07:00:00Z,2026-08-14T09:00:00+0200,44087.19,MW,FR,FR,actual_load,Actual Load,2026-08-22T04:46:30Z
2026-08-22T04:45:07Z,2026-08-22T06:45:07+0200,81890fbb-3a1d-466f-b50a-dc03bf877707,2026-08-14T07:15:00Z,2026-08-14T09:15:00+0200,44736.73,MW,FR,FR,actual_load,Actual Load,2026-08-22T04:46:30Z
2026-08-22T04:45:07Z,2026-08-22T06:45:07+0200,81890fbb-3a1d-466f-b50a-dc03bf877707,2026-08-14T07:30:00Z,2026-08-14T09:30:00+0200,45115.39,MW,FR,FR,actual_load,Actual Load,2026-08-22T04:46:30Z
2026-08-22T04:45:07Z,2026-08-22T06:45:07+0200,81890fbb-3a1d-466f-b50a-dc03bf877707,2026-08-14T07:45:00Z,2026-08-14T09:45:00+0200,45806.68,MW,FR,FR,actual_load,Actual Load,2026-08-22T04:46:30Z
2026-08-22T04:45:07Z,2026-08-22T06:45:07+0200,81890fbb-3a1d-466f-b50a-dc03bf877707,2026-08-14T08:00:00Z,2026-08-14T10:00:00+0200,46541.82,MW,FR,FR,actual_load,Actual Load,2026-08-22T04:46:30Z
2026-08-22T04:45:07Z,2026-08-22T06:45:07+0200,81890fbb-3a1d-466f-b50a-dc03bf877707,2026-08-14T08:15:00Z,2026-08-14T10:15:00+0200,47047.21,MW,FR,FR,actual_load,Actual Load,2026-08-22T04:46:30Z
2026-08-22T04:45:07Z,2026-08-22T06:45:07+0200,81890fbb-3a1d-466f-b50a-dc03bf877707,2026-08-14T08:30:00Z,2026-08-14T10:30:00+0200,47512.16,MW,FR,FR,actual_load,Actual Load,2026-08-22T04:46:30Z
2026-08-22T04:45:07Z,2026-08-22T06:45:07+0200,81890fbb-3a1d-466f-b50a-dc03bf877707,2026-08-14T08:45:00Z,2026-08-14T10:45:00+0200,47980.01,MW,FR,FR,actual_load,Actual Load,2026-08-22T04:46:30Z
2026-08-22T04:45:07Z,2026-08-22T06:45:07+0200,81890fbb-3a1d-466f-b50a-dc03bf877707,2026-08-14T09:00:00Z,2026-08-14T11:00:00+0200,48541.49,MW,FR,FR,actual_load,Actual Load,2026-08-22T04:46:30Z
2026-08-22T04:45:07Z,2026-08-22T06:45:07+0200,81890fbb-3a1d-466f-b50a-dc03bf877707,2026-08-14T09:15:00Z,2026-08-14T11:15:00+0200,49142.0,MW,FR,FR,actual_load,Actual Load,2026-08-22T04:46:30Z
2026-08-22T04:45:07Z,2026-08-22T06:45:07+0200,81890fbb-3a1d-466f-b50a-dc03bf877707,2026-08-14T09:30:00Z,2026-08-14T11:30:00+0200,49739.2,MW,FR,FR,actual_load,Actual Load,2026-08-22T04:46:30Z
2026-08-22T04:45:07Z,2026-08-22T06:45:07+0200,81890fbb-3a1d-466f-b50a-dc03bf877707,2026-08-14T09:45:00Z,2026-08-14T11:45:00+0200,50213.24,MW,FR,FR,actual_load,Actual Load,2026-08-22T04:46:30Z
2026-08-22T04:45:07Z,2026-08-22T06:45:07+0200,81890fbb-3a1d-466f-b50a-dc03bf877707,2026-08-14T10:00:00Z,2026-08-14T12:00:00+0200,50810.06,MW,FR,FR,actual_load,Actual Load,2026-08-22T04:46:30Z
2026-08-22T04:45:07Z,2026-08-22T06:45:07+0200,81890fbb-3a1d-466f-b50a-dc03bf877707,2026-08-14T10:15:00Z,2026-08-14T12:15:00+0200,51221.97,MW,FR,FR,actual_load,Actual Load,2026-08-22T04:46:30Z
2026-08-22T04:45:07Z,2026-08-22T06:45:07+0200,81890fbb-3a1d-466f-b50a-dc03bf877707,2026-08-14T10:30:00Z,2026-08-14T12:30:00+0200,51805.89,MW,FR,FR,actual_load,Actual Load,2026-08-22T04:46:30Z
2026-08-22T04:45:07Z,2026-08-22T06:45:07+0200,81890fbb-3a1d-466f-b50a-dc03bf877707,2026-08-14T10:45:00Z,2026-08-14T12:45:00+0200,51574.2,MW,FR,FR,actual_load,Actual Load,2026-08-22T04:46:30Z
2026-08-22T04:45:07Z,2026-08-22T06:45:07+0200,81890fbb-3a1d-466f-b50a-dc03bf877707,2026-08-14T11:00:00Z,2026-08-14T13:00:00+0200,51313.45,MW,FR,FR,actual_load,Actual Load,2026-08-22T04:46:30Z
2026-08-22T04:45:07Z,2026-08-22T06:45:07+0200,81890fbb-3a1d-466f-b50a-dc03bf877707,2026-08-14T11:15:00Z,2026-08-14T13:15:00+0200,51035.14,MW,FR,FR,actual_load,Actual Load,2026-08-22T04:46:30Z
2026-08-22T04:45:07Z,2026-08-22T06:45:07+0200,81890fbb-3a1d-466f-b50a-dc03bf877707,2026-08-14T11:30:00Z,2026-08-14T13:30:00+0200,51219.8,MW,FR,FR,actual_load,Actual Load,2026-08-22T04:46:30Z
2026-08-22T04:45:07Z,2026-08-22T06:45:07+0200,81890fbb-3a1d-466f-b50a-dc03bf877707,2026-08-14T11:45:00Z,2026-08-14T13:45:00+0200,51373.48,MW,FR,FR,actual_load,Actual Load,2026-08-22T04:46:30Z
2026-08-22T04:45:07Z,2026-08-22T06:45:07+0200,81890fbb-3a1d-466f-b50a-dc03bf877707,2026-08-14T12:00:00Z,2026-08-14T14:00:00+0200,52526.24,MW,FR,FR,actual_load,Actual Load,2026-08-22T04:46:30Z
2026-08-22T04:45:07Z,2026-08-22T06:45:07+0200,81890fbb-3a1d-466f-b50a-dc03bf877707,2026-08-14T12:15:00Z,2026-08-14T14:15:00+0200,52426.54,MW,FR,FR,actual_load,Actual Load,2026-08-22T04:46:30Z
2026-08-22T04:45:07Z,2026-08-22T06:45:07+0200,81890fbb-3a1d-466f-b50a-dc03bf877707,2026-08-14T12:30:00Z,2026-08-14T14:30:00+0200,52625.9,MW,FR,FR,actual_load,Actual Load,2026-08-22T04:46:30Z
2026-08-22T04:45:07Z,2026-08-22T06:45:07+0200,81890fbb-3a1d-466f-b50a-dc03bf877707,2026-08-14T12:45:00Z,2026-08-14T14:45:00+0200,52158.57,MW,FR,FR,actual_load,Actual Load,2026-08-22T04:46:30Z
2026-08-22T04:45:07Z,2026-08-22T06:45:07+0200,81890fbb-3a1d-466f-b50a-dc03bf877707,2026-08-14T13:00:00Z,2026-08-14T15:00:00+0200,52193.57,MW,FR,FR,actual_load,Actual Load,2026-08-22T04:46:30Z
2026-08-22T04:45:07Z,2026-08-22T06:45:07+0200,81890fbb-3a1d-466f-b50a-dc03bf877707,2026-08-14T13:15:00Z,2026-08-14T15:15:00+0200,51619.02,MW,FR,FR,actual_load,Actual Load,2026-08-22T04:46:30Z
2026-08-22T04:45:07Z,2026-08-22T06:45:07+0200,81890fbb-3a1d-466f-b50a-dc03bf877707,2026-08-14T13:30:00Z,2026-08-14T15:30:00+0200,51317.38,MW,FR,FR,actual_load,Actual Load,2026-08-22T04:46:30Z
2026-08-22T04:45:07Z,2026-08-22T06:45:07+0200,81890fbb-3a1d-466f-b50a-dc03bf877707,2026-08-14T13:45:00Z,2026-08-14T15:45:00+0200,50923.54,MW,FR,FR,actual_load,Actual Load,2026-08-22T04:46:30Z
2026-08-22T04:45:07Z,2026-08-22T06:45:07+0200,81890fbb-3a1d-466f-b50a-dc03bf877707,2026-08-14T14:00:00Z,2026-08-14T16:00:00+0200,50829.82,MW,FR,FR,actual_load,Actual Load,2026-08-22T04:46:30Z
2026-08-22T04:45:07Z,2026-08-22T06:45:07+0200,81890fbb-3a1d-466f-b50a-dc03bf877707,2026-08-14T14:15:00Z,2026-08-14T16:15:00+0200,50635.31,MW,FR,FR,actual_load,Actual Load,2026-08-22T04:46:30Z
2026-08-22T04:45:07Z,2026-08-22T06:45:07+0200,81890fbb-3a1d-466f-b50a-dc03bf877707,2026-08-14T14:30:00Z,2026-08-14T16:30:00+0200,50549.58,MW,FR,FR,actual_load,Actual Load,2026-08-22T04:46:30Z
2026-08-22T04:45:07Z,2026-08-22T06:45:07+0200,81890fbb-3a1d-466f-b50a-dc03bf877707,2026-08-14T14:45:00Z,2026-08-14T16:45:00+0200,50420.28,MW,FR,FR,actual_load,Actual Load,2026-08-22T04:46:30Z
2026-08-22T04:45:07Z,2026-08-22T06:45:07+0200,81890fbb-3a1d-466f-b50a-dc03bf877707,2026-08-14T15:00:00Z,2026-08-14T17:00:00+0200,50454.22,MW,FR,FR,actual_load,Actual Load,2026-08-22T04:46:30Z
2026-08-22T04:45:07Z,2026-08-22T06:45:07+0200,81890fbb-3a1d-466f-b50a-dc03bf877707,2026-08-14T15:15:00Z,2026-08-14T17:15:00+0200,50439.32,MW,FR,FR,actual_load,Actual Load,2026-08-22T04:46:30Z
2026-08-22T04:45:07Z,2026-08-22T06:45:07+0200,81890fbb-3a1d-466f-b50a-dc03bf877707,2026-08-14T15:30:00Z,2026-08-14T17:30:00+0200,50469.74,MW,FR,FR,actual_load,Actual Load,2026-08-22T04:46:30Z
2026-08-22T04:45:07Z,2026-08-22T06:45:07+0200,81890fbb-3a1d-466f-b50a-dc03bf877707,2026-08-14T15:45:00Z,2026-08-14T17:45:00+0200,50696.8,MW,FR,FR,actual_load,Actual Load,2026-08-22T04:46:30Z
2026-08-22T04:45:07Z,2026-08-22T06:45:07+0200,81890fbb-3a1d-466f-b50a-dc03bf877707,2026-08-14T16:00:00Z,2026-08-14T18:00:00+0200,50725.08,MW,FR,FR,actual_load,Actual Load,2026-08-22T04:46:30Z
2026-08-22T04:45:07Z,2026-08-22T06:45:07+0200,81890fbb-3a1d-466f-b50a-dc03bf877707,2026-08-14T16:15:00Z,2026-08-14T18:15:00+0200,50792.41,MW,FR,FR,actual_load,Actual Load,2026-08-22T04:46:30Z
2026-08-22T04:45:07Z,2026-08-22T06:45:07+0200,81890fbb-3a1d-466f-b50a-dc03bf877707,2026-08-14T16:30:00Z,2026-08-14T18:30:00+0200,51055.54,MW,FR,FR,actual_load,Actual Load,2026-08-22T04:46:30Z
2026-08-22T04:45:07Z,2026-08-22T06:45:07+0200,81890fbb-3a1d-466f-b50a-dc03bf877707,2026-08-14T16:45:00Z,2026-08-14T18:45:00+0200,51159.56,MW,FR,FR,actual_load,Actual Load,2026-08-22T04:46:30Z
2026-08-22T04:45:07Z,2026-08-22T06:45:07+0200,81890fbb-3a1d-466f-b50a-dc03bf877707,2026-08-14T17:00:00Z,2026-08-14T19:00:00+0200,50962.57,MW,FR,FR,actual_load,Actual Load,2026-08-22T04:46:30Z
2026-08-22T04:45:07Z,2026-08-22T06:45:07+0200,81890fbb-3a1d-466f-b50a-dc03bf877707,2026-08-14T17:15:00Z,2026-08-14T19:15:00+0200,50656.6,MW,FR,FR,actual_load,Actual Load,2026-08-22T04:46:30Z
2026-08-22T04:45:07Z,2026-08-22T06:45:07+0200,81890fbb-3a1d-466f-b50a-dc03bf877707,2026-08-14T17:30:00Z,2026-08-14T19:30:00+0200,50291.9,MW,FR,FR,actual_load,Actual Load,2026-08-22T04:46:30Z
2026-08-22T04:45:07Z,2026-08-22T06:45:07+0200,81890fbb-3a1d-466f-b50a-dc03bf877707,2026-08-14T17:45:00Z,2026-08-14T19:45:00+0200,49835.74,MW,FR,FR,actual_load,Actual Load,2026-08-22T04:46:30Z
2026-08-22T04:45:07Z,2026-08-22T06:45:07+0200,81890fbb-3a1d-466f-b50a-dc03bf877707,2026-08-14T18:00:00Z,2026-08-14T20:00:00+0200,49230.66,MW,FR,FR,actual_load,Actual Load,2026-08-22T04:46:30Z
2026-08-22T04:45:07Z,2026-08-22T06:45:07+0200,81890fbb-3a1d-466f-b50a-dc03bf877707,2026-08-14T18:15:00Z,2026-08-14T20:15:00+0200,48653.17,MW,FR,FR,actual_load,Actual Load,2026-08-22T04:46:30Z
2026-08-22T04:45:07Z,2026-08-22T06:45:07+0200,81890fbb-3a1d-466f-b50a-dc03bf877707,2026-08-14T18:30:00Z,2026-08-14T20:30:00+0200,48055.16,MW,FR,FR,actual_load,Actual Load,2026-08-22T04:46:30Z
2026-08-22T04:45:07Z,2026-08-22T06:45:07+0200,81890fbb-3a1d-466f-b50a-dc03bf877707,2026-08-14T18:45:00Z,2026-08-14T20:45:00+0200,47527.32,MW,FR,FR,actual_load,Actual Load,2026-08-22T04:46:30Z
2026-08-22T04:45:07Z,2026-08-22T06:45:07+0200,81890fbb-3a1d-466f-b50a-dc03bf877707,2026-08-14T19:00:00Z,2026-08-14T21:00:00+0200,47579.74,MW,FR,FR,actual_load,Actual Load,2026-08-22T04:46:30Z
2026-08-22T04:45:07Z,2026-08-22T06:45:07+0200,81890fbb-3a1d-466f-b50a-dc03bf877707,2026-08-14T19:15:00Z,2026-08-14T21:15:00+0200,47425.61,MW,FR,FR,actual_load,Actual Load,2026-08-22T04:46:30Z
2026-08-22T04:45:07Z,2026-08-22T06:45:07+0200,81890fbb-3a1d-466f-b50a-dc03bf877707,2026-08-14T19:30:00Z,2026-08-14T21:30:00+0200,47126.1,MW,FR,FR,actual_load,Actual Load,2026-08-22T04:46:30Z
2026-08-22T04:45:07Z,2026-08-22T06:45:07+0200,81890fbb-3a1d-466f-b50a-dc03bf877707,2026-08-14T19:45:00Z,2026-08-14T21:45:00+0200,46668.91,MW,FR,FR,actual_load,Actual Load,2026-08-22T04:46:30Z
2026-08-22T04:45:07Z,2026-08-22T06:45:07+0200,81890fbb-3a1d-466f-b50a-dc03bf877707,2026-08-14T20:00:00Z,2026-08-14T22:00:00+0200,47391.56,MW,FR,FR,actual_load,Actual Load,2026-08-22T04:46:30Z
2026-08-22T04:45:07Z,2026-08-22T06:45:07+0200,81890fbb-3a1d-466f-b50a-dc03bf877707,2026-08-14T20:15:00Z,2026-08-14T22:15:00+0200,46822.71,MW,FR,FR,actual_load,Actual Load,2026-08-22T04:46:30Z
2026-08-22T04:45:07Z,2026-08-22T06:45:07+0200,81890fbb-3a1d-466f-b50a-dc03bf877707,2026-08-14T20:30:00Z,2026-08-14T22:30:00+0200,47721.0,MW,FR,FR,actual_load,Actual Load,2026-08-22T04:46:30Z
2026-08-22T04:45:07Z,2026-08-22T06:45:07+0200,81890fbb-3a1d-466f-b50a-dc03bf877707,2026-08-14T20:45:00Z,2026-08-14T22:45:00+0200,46990.81,MW,FR,FR,actual_load,Actual Load,2026-08-22T04:46:30Z
2026-08-22T04:45:07Z,2026-08-22T06:45:07+0200,81890fbb-3a1d-466f-b50a-dc03bf877707,2026-08-14T21:00:00Z,2026-08-14T23:00:00+0200,46698.59,MW,FR,FR,actual_load,Actual Load,2026-08-22T04:46:30Z
2026-08-22T04:45:07Z,2026-08-22T06:45:07+0200,81890fbb-3a1d-466f-b50a-dc03bf877707,2026-08-14T21:15:00Z,2026-08-14T23:15:00+0200,45763.07,MW,FR,FR,actual_load,Actual Load,2026-08-22T04:46:30Z
2026-08-22T04:45:07Z,2026-08-22T06:45:07+0200,81890fbb-3a1d-466f-b50a-dc03bf877707,2026-08-14T21:30:00Z,2026-08-14T23:30:00+0200,45701.95,MW,FR,FR,actual_load,Actual Load,2026-08-22T04:46:30Z
2026-08-22T04:45:07Z,2026-08-22T06:45:07+0200,81890fbb-3a1d-466f-b50a-dc03bf877707,2026-08-14T21:45:00Z,2026-08-14T23:45:00+0200,44825.43,MW,FR,FR,actual_load,Actual Load,2026-08-22T04:46:30Z
2026-08-22T04:45:07Z,2026-08-22T06:45:07+0200,81890fbb-3a1d-466f-b50a-dc03bf877707,2026-08-14T22:00:00Z,2026-08-15T00:00:00+0200,44810.23,MW,FR,FR,actual_load,Actual Load,2026-08-22T04:46:30Z
2026-08-22T04:45:07Z,2026-08-22T06:45:07+0200,81890fbb-3a1d-466f-b50a-dc03bf877707,2026-08-14T22:15:00Z,2026-08-15T00:15:00+0200,43627.38,MW,FR,FR,actual_load,Actual Load,2026-08-22T04:46:30Z
2026-08-22T04:45:07Z,2026-08-22T06:45:07+0200,81890fbb-3a1d-466f-b50a-dc03bf877707,2026-08-14T22:30:00Z,2026-08-15T00:30:00+0200,42097.34,MW,FR,FR,actual_load,Actual Load,2026-08-22T04:46:30Z
2026-08-22T04:45:07Z,2026-08-22T06:45:07+0200,81890fbb-3a1d-466f-b50a-dc03bf877707,2026-08-14T22:45:00Z,2026-08-15T00:45:00+0200,41103.98,MW,FR,FR,actual_load,Actual Load,2026-08-22T04:46:30Z
2026-08-22T04:45:07Z,2026-08-22T06:45:07+0200,81890fbb-3a1d-466f-b50a-dc03bf877707,2026-08-14T23:00:00Z,2026-08-15T01:00:00+0200,41485.3,MW,FR,FR,actual_load,Actual Load,2026-08-22T04:46:30Z
2026-08-22T04:45:07Z,2026-08-22T06:45:07+0200,81890fbb-3a1d-466f-b50a-dc03bf877707,2026-08-14T23:15:00Z,2026-08-15T01:15:00+0200,40716.11,MW,FR,FR,actual_load,Actual Load,2026-08-22T04:46:30Z
2026-08-22T04:45:07Z,2026-08-22T06:45:07+0200,81890fbb-3a1d-466f-b50a-dc03bf877707,2026-08-14T23:30:00Z,2026-08-15T01:30:00+0200,40546.32,MW,FR,FR,actual_load,Actual Load,2026-08-22T04:46:30Z
2026-08-22T04:45:07Z,2026-08-22T06:45:07+0200,81890fbb-3a1d-466f-b50a-dc03bf877707,2026-08-14T23:45:00Z,2026-08-15T01:45:00+0200,39835.23,MW,FR,FR,actual_load,Actual Load,2026-08-22T04:46:30Z
2026-08-22T04:45:07Z,2026-08-22T06:45:07+0200,81890fbb-3a1d-466f-b50a-dc03bf877707,2026-08-15T00:00:00Z,2026-08-15T02:00:00+0200,39620.8,MW,FR,FR,actual_load,Actual Load,2026-08-22T04:46:30Z
2026-08-22T04:45:07Z,2026-08-22T06:45:07+0200,81890fbb-3a1d-466f-b50a-dc03bf877707,2026-08-15T00:15:00Z,2026-08-15T02:15:00+0200,38623.73,MW,FR,FR,actual_load,Actual Load,2026-08-22T04:46:30Z
2026-08-22T04:45:07Z,2026-08-22T06:45:07+0200,81890fbb-3a1d-466f-b50a-dc03bf877707,2026-08-15T00:30:00Z,2026-08-15T02:30:00+0200,37940.48,MW,FR,FR,actual_load,Actual Load,2026-08-22T04:46:30Z
2026-08-22T04:45:07Z,2026-08-22T06:45:07+0200,81890fbb-3a1d-466f-b50a-dc03bf877707,2026-08-15T00:45:00Z,2026-08-15T02:45:00+0200,37253.24,MW,FR,FR,actual_load,Actual Load,2026-08-22T04:46:30Z
2026-08-22T04:45:07Z,2026-08-22T06:45:07+0200,81890fbb-3a1d-466f-b50a-dc03bf877707,2026-08-15T01:00:00Z,2026-08-15T03:00:00+0200,36904.07,MW,FR,FR,actual_load,Actual Load,2026-08-22T04:46:30Z
2026-08-22T04:45:07Z,2026-08-22T06:45:07+0200,81890fbb-3a1d-466f-b50a-dc03bf877707,2026-08-15T01:15:00Z,2026-08-15T03:15:00+0200,36312.01,MW,FR,FR,actual_load,Actual Load,2026-08-22T04:46:30Z
2026-08-22T04:45:07Z,2026-08-22T06:45:07+0200,81890fbb-3a1d-466f-b50a-dc03bf877707,2026-08-15T01:30:00Z,2026-08-15T03:30:00+0200,36202.15,MW,FR,FR,actual_load,Actual Load,2026-08-22T04:46:30Z
2026-08-22T04:45:07Z,2026-08-22T06:45:07+0200,81890fbb-3a1d-466f-b50a-dc03bf877707,2026-08-15T01:45:00Z,2026-08-15T03:45:00+0200,35768.96,MW,FR,FR,actual_load,Actual Load,2026-08-22T04:46:30Z
2026-08-22T04:45:07Z,2026-08-22T06:45:07+0200,81890fbb-3a1d-466f-b50a-dc03bf877707,2026-08-15T02:00:00Z,2026-08-15T04:00:00+0200,35392.91,MW,FR,FR,actual_load,Actual Load,2026-08-22T04:46:30Z
2026-08-22T04:45:07Z,2026-08-22T06:45:07+0200,81890fbb-3a1d-466f-b50a-dc03bf877707,2026-08-15T02:15:00Z,2026-08-15T04:15:00+0200,35404.88,MW,FR,FR,actual_load,Actual Load,2026-08-22T04:46:30Z
2026-08-22T04:45:07Z,2026-08-22T06:45:07+0200,81890fbb-3a1d-466f-b50a-dc03bf877707,2026-08-15T02:30:00Z,2026-08-15T04:30:00+0200,35278.07,MW,FR,FR,actual_load,Actual Load,2026-08-22T04:46:30Z
2026-08-22T04:45:07Z,2026-08-22T06:45:07+0200,81890fbb-3a1d-466f-b50a-dc03bf877707,2026-08-15T02:45:00Z,2026-08-15T04:45:00+0200,35195.89,MW,FR,FR,actual_load,Actual Load,2026-08-22T04:46:30Z
2026-08-22T04:45:07Z,2026-08-22T06:45:07+0200,81890fbb-3a1d-466f-b50a-dc03bf877707,2026-08-15T03:00:00Z,2026-08-15T05:00:00+0200,35232.91,MW,FR,FR,actual_load,Actual Load,2026-08-22T04:46:30Z
2026-08-22T04:45:07Z,2026-08-22T06:45:07+0200,81890fbb-3a1d-466f-b50a-dc03bf877707,2026-08-15T03:15:00Z,2026-08-15T05:15:00+0200,35266.75,MW,FR,FR,actual_load,Actual Load,2026-08-22T04:46:30Z
2026-08-22T04:45:07Z,2026-08-22T06:45:07+0200,81890fbb-3a1d-466f-b50a-dc03bf877707,2026-08-15T03:30:00Z,2026-08-15T05:30:00+0200,35348.32,MW,FR,FR,actual_load,Actual Load,2026-08-22T04:46:30Z
2026-08-22T04:45:07Z,2026-08-22T06:45:07+0200,81890fbb-3a1d-466f-b50a-dc03bf877707,2026-08-15T03:45:00Z,2026-08-15T05:45:00+0200,35348.71,MW,FR,FR,actual_load,Actual Load,2026-08-22T04:46:30Z
2026-08-22T04:45:07Z,2026-08-22T06:45:07+0200,81890fbb-3a1d-466f-b50a-dc03bf877707,2026-08-15T04:00:00Z,2026-08-15T06:00:00+0200,35666.71,MW,FR,FR,actual_load,Actual Load,2026-08-22T04:46:30Z
2026-08-22T04:45:07Z,2026-08-22T06:45:07+0200,81890fbb-3a1d-466f-b50a-dc03bf877707,2026-08-15T04:15:00Z,2026-08-15T06:15:00+0200,35761.32,MW,FR,FR,actual_load,Actual Load,2026-08-22T04:46:30Z
2026-08-22T04:45:07Z,2026-08-22T06:45:07+0200,81890fbb-3a1d-466f-b50a-dc03bf877707,2026-08-15T04:30:00Z,2026-08-15T06:30:00+0200,35548.89,MW,FR,FR,actual_load,Actual Load,2026-08-22T04:46:30Z
2026-08-22T04:45:07Z,2026-08-22T06:45:07+0200,81890fbb-3a1d-466f-b50a-dc03bf877707,2026-08-15T04:45:00Z,2026-08-15T06:45:00+0200,35412.7,MW,FR,FR,actual_load,Actual Load,2026-08-22T04:46:30Z
2026-08-22T04:45:07Z,2026-08-22T06:45:07+0200,81890fbb-3a1d-466f-b50a-dc03bf877707,2026-08-15T05:00:00Z,2026-08-15T07:00:00+0200,35393.29,MW,FR,FR,actual_load,Actual Load,2026-08-22T04:46:30Z
2026-08-22T04:45:07Z,2026-08-22T06:45:07+0200,81890fbb-3a1d-466f-b50a-dc03bf877707,2026-08-15T05:15:00Z,2026-08-15T07:15:00+0200,35605.78,MW,FR,FR,actual_load,Actual Load,2026-08-22T04:46:30Z
2026-08-22T04:45:07Z,2026-08-22T06:45:07+0200,81890fbb-3a1d-466f-b50a-dc03bf877707,2026-08-15T05:30:00Z,2026-08-15T07:30:00+0200,35892.48,MW,FR,FR,actual_load,Actual Load,2026-08-22T04:46:30Z
2026-08-22T04:45:07Z,2026-08-22T06:45:07+0200,81890fbb-3a1d-466f-b50a-dc03bf877707,2026-08-15T05:45:00Z,2026-08-15T07:45:00+0200,36126.61,MW,FR,FR,actual_load,Actual Load,2026-08-22T04:46:30Z
2026-08-22T04:45:07Z,2026-08-22T06:45:07+0200,81890fbb-3a1d-466f-b50a-dc03bf877707,2026-08-15T06:00:00Z,2026-08-15T08:00:00+0200,36715.95,MW,FR,FR,actual_load,Actual Load,2026-08-22T04:46:30Z
2026-08-22T04:45:07Z,2026-08-22T06:45:07+0200,81890fbb-3a1d-466f-b50a-dc03bf877707,2026-08-15T06:15:00Z,2026-08-15T08:15:00+0200,37128.56,MW,FR,FR,actual_load,Actual Load,2026-08-22T04:46:30Z
2026-08-22T04:45:07Z,2026-08-22T06:45:07+0200,81890fbb-3a1d-466f-b50a-dc03bf877707,2026-08-15T06:30:00Z,2026-08-15T08:30:00+0200,37667.29,MW,FR,FR,actual_load,Actual Load,2026-08-22T04:46:30Z
2026-08-22T04:45:07Z,2026-08-22T06:45:07+0200,81890fbb-3a1d-466f-b50a-dc03bf877707,2026-08-15T06:45:00Z,2026-08-15T08:45:00+0200,38140.06,MW,FR,FR,actual_load,Actual Load,2026-08-22T04:46:30Z
2026-08-22T04:45:07Z,2026-08-22T06:45:07+0200,81890fbb-3a1d-466f-b50a-dc03bf877707,2026-08-15T07:00:00Z,2026-08-15T09:00:00+0200,38260.8,MW,FR,FR,actual_load,Actual Load,2026-08-22T04:46:30Z
2026-08-22T04:45:07Z,2026-08-22T06:45:07+0200,81890fbb-3a1d-466f-b50a-dc03bf877707,2026-08-15T07:15:00Z,2026-08-15T09:15:00+0200,38969.44,MW,FR,FR,actual_load,Actual Load,2026-08-22T04:46:30Z
2026-08-22T04:45:07Z,2026-08-22T06:45:07+0200,81890fbb-3a1d-466f-b50a-dc03bf877707,2026-08-15T07:30:00Z,2026-08-15T09:30:00+0200,39602.58,MW,FR,FR,actual_load,Actual Load,2026-08-22T04:46:30Z
2026-08-22T04:45:07Z,2026-08-22T06:45:07+0200,81890fbb-3a1d-466f-b50a-dc03bf877707,2026-08-15T07:45:00Z,2026-08-15T09:45:00+0200,39954.79,MW,FR,FR,actual_load,Actual Load,2026-08-22T04:46:30Z
2026-08-22T04:45:07Z,2026-08-22T06:45:07+0200,81890fbb-3a1d-466f-b50a-dc03bf877707,2026-08-15T08:00:00Z,2026-08-15T10:00:00+0200,40865.18,MW,FR,FR,actual_load,Actual Load,2026-08-22T04:46:30Z
2026-08-22T04:45:07Z,2026-08-22T06:45:07+0200,81890fbb-3a1d-466f-b50a-dc03bf877707,2026-08-15T08:15:00Z,2026-08-15T10:15:00+0200,41367.45,MW,FR,FR,actual_load,Actual Load,2026-08-22T04:46:30Z
2026-08-22T04:45:07Z,2026-08-22T06:45:07+0200,81890fbb-3a1d-466f-b50a-dc03bf877707,2026-08-15T08:30:00Z,2026-08-15T10:30:00+0200,41986.84,MW,FR,FR,actual_load,Actual Load,2026-08-22T04:46:30Z
2026-08-22T04:45:07Z,2026-08-22T06:45:07+0200,81890fbb-3a1d-466f-b50a-dc03bf877707,2026-08-15T08:45:00Z,2026-08-15T10:45:00+0200,42341.62,MW,FR,FR,actual_load,Actual Load,2026-08-22T04:46:30Z
2026-08-22T04:45:07Z,2026-08-22T06:45:07+0200,81890fbb-3a1d-466f-b50a-dc03bf877707,2026-08-15T09:00:00Z,2026-08-15T11:00:00+0200,42727.51,MW,FR,FR,actual_load,Actual Load,2026-08-22T04:46:30Z
2026-08-22T04:45:07Z,2026-08-22T06:45:07+0200,81890fbb-3a1d-466f-b50a-dc03bf877707,2026-08-15T09:15:00Z,2026-08-15T11:15:00+0200,43248.12,MW,FR,FR,actual_load,Actual Load,2026-08-22T04:46:30Z
2026-08-22T04:45:07Z,2026-08-22T06:45:07+0200,81890fbb-3a1d-466f-b50a-dc03bf877707,2026-08-15T09:30:00Z,2026-08-15T11:30:00+0200,43975.11,MW,FR,FR,actual_load,Actual Load,2026-08-22T04:46:30Z
2026-08-22T04:45:07Z,2026-08-22T06:45:07+0200,81890fbb-3a1d-466f-b50a-dc03bf877707,2026-08-15T09:45:00Z,2026-08-15T11:45:00+0200,44471.21,MW,FR,FR,actual_load,Actual Load,2026-08-22T04:46:30Z
2026-08-22T04:45:07Z,2026-08-22T06:45:07+0200,81890fbb-3a1d-466f-b50a-dc03bf877707,2026-08-15T10:00:00Z,2026-08-15T12:00:00+0200,45285.0,MW,FR,FR,actual_load,Actual Load,2026-08-22T04:46:30Z
2026-08-22T04:45:07Z,2026-08-22T06:45:07+0200,81890fbb-3a1d-466f-b50a-dc03bf877707,2026-08-15T10:15:00Z,2026-08-15T12:15:00+0200,45415.42,MW,FR,FR,actual_load,Actual Load,2026-08-22T04:46:30Z
2026-08-22T04:45:07Z,2026-08-22T06:45:07+0200,81890fbb-3a1d-466f-b50a-dc03bf877707,2026-08-15T10:30:00Z,2026-08-15T12:30:00+0200,45958.65,MW,FR,FR,actual_load,Actual Load,2026-08-22T04:46:30Z
2026-08-22T04:45:07Z,2026-08-22T06:45:07+0200,81890fbb-3a1d-466f-b50a-dc03bf877707,2026-08-15T10:45:00Z,2026-08-15T12:45:00+0200,45734.17,MW,FR,FR,actual_load,Actual Load,2026-08-22T04:46:30Z
2026-08-22T04:45:07Z,2026-08-22T06:45:07+0200,81890fbb-3a1d-466f-b50a-dc03bf877707,2026-08-15T11:00:00Z,2026-08-15T13:00:00+0200,45208.36,MW,FR,FR,actual_load,Actual Load,2026-08-22T04:46:30Z
2026-08-22T04:45:07Z,2026-08-22T06:45:07+0200,81890fbb-3a1d-466f-b50a-dc03bf877707,2026-08-15T11:15:00Z,2026-08-15T13:15:00+0200,44609.78,MW,FR,FR,actual_load,Actual Load,2026-08-22T04:46:30Z
2026-08-22T04:45:07Z,2026-08-22T06:45:07+0200,81890fbb-3a1d-466f-b50a-dc03bf877707,2026-08-15T11:30:00Z,2026-08-15T13:30:00+0200,44707.24,MW,FR,FR,actual_load,Actual Load,2026-08-22T04:46:30Z
2026-08-22T04:45:07Z,2026-08-22T06:45:07+0200,81890fbb-3a1d-466f-b50a-dc03bf877707,2026-08-15T11:45:00Z,2026-08-15T13:45:00+0200,44643.2,MW,FR,FR,actual_load,Actual Load,2026-08-22T04:46:30Z
2026-08-22T04:45:07Z,2026-08-22T06:45:07+0200,81890fbb-3a1d-466f-b50a-dc03bf877707,2026-08-15T12:00:00Z,2026-08-15T14:00:00+0200,45366.87,MW,FR,FR,actual_load,Actual Load,2026-08-22T04:46:30Z
2026-08-22T04:45:07Z,2026-08-22T06:45:07+0200,81890fbb-3a1d-466f-b50a-dc03bf877707,2026-08-15T12:15:00Z,2026-08-15T14:15:00+0200,45161.71,MW,FR,FR,actual_load,Actual Load,2026-08-22T04:46:30Z
2026-08-22T04:45:07Z,2026-08-22T06:45:07+0200,81890fbb-3a1d-466f-b50a-dc03bf877707,2026-08-15T12:30:00Z,2026-08-15T14:30:00+0200,45416.38,MW,FR,FR,actual_load,Actual Load,2026-08-22T04:46:30Z
2026-08-22T04:45:07Z,2026-08-22T06:45:07+0200,81890fbb-3a1d-466f-b50a-dc03bf877707,2026-08-15T12:45:00Z,2026-08-15T14:45:00+0200,45152.82,MW,FR,FR,actual_load,Actual Load,2026-08-22T04:46:30Z
2026-08-22T04:45:07Z,2026-08-22T06:45:07+0200,81890fbb-3a1d-466f-b50a-dc03bf877707,2026-08-15T13:00:00Z,2026-08-15T15:00:00+0200,45281.66,MW,FR,FR,actual_load,Actual Load,2026-08-22T04:46:30Z
2026-08-22T04:45:07Z,2026-08-22T06:45:07+0200,81890fbb-3a1d-466f-b50a-dc03bf877707,2026-08-15T13:15:00Z,2026-08-15T15:15:00+0200,45202.18,MW,FR,FR,actual_load,Actual Load,2026-08-22T04:46:30Z
2026-08-22T04:45:07Z,2026-08-22T06:45:07+0200,81890fbb-3a1d-466f-b50a-dc03bf877707,2026-08-15T13:30:00Z,2026-08-15T15:30:00+0200,45248.57,MW,FR,FR,actual_load,Actual Load,2026-08-22T04:46:30Z
2026-08-22T04:45:07Z,2026-08-22T06:45:07+0200,81890fbb-3a1d-466f-b50a-dc03bf877707,2026-08-15T13:45:00Z,2026-08-15T15:45:00+0200,44777.68,MW,FR,FR,actual_load,Actual Load,2026-08-22T04:46:30Z
2026-08-22T04:45:07Z,2026-08-22T06:45:07+0200,81890fbb-3a1d-466f-b50a-dc03bf877707,2026-08-15T14:00:00Z,2026-08-15T16:00:00+0200,44796.62,MW,FR,FR,actual_load,Actual Load,2026-08-22T04:46:30Z
2026-08-22T04:45:07Z,2026-08-22T06:45:07+0200,81890fbb-3a1d-466f-b50a-dc03bf877707,2026-08-15T14:15:00Z,2026-08-15T16:15:00+0200,44706.11,MW,FR,FR,actual_load,Actual Load,2026-08-22T04:46:30Z
2026-08-22T04:45:07Z,2026-08-22T06:45:07+0200,81890fbb-3a1d-466f-b50a-dc03bf877707,2026-08-15T14:30:00Z,2026-08-15T16:30:00+0200,44711.76,MW,FR,FR,actual_load,Actual Load,2026-08-22T04:46:30Z
2026-08-22T04:45:07Z,2026-08-22T06:45:07+0200,81890fbb-3a1d-466f-b50a-dc03bf877707,2026-08-15T14:45:00Z,2026-08-15T16:45:00+0200,44593.06,MW,FR,FR,actual_load,Actual Load,2026-08-22T04:46:30Z
2026-08-22T04:45:07Z,2026-08-22T06:45:07+0200,81890fbb-3a1d-466f-b50a-dc03bf877707,2026-08-15T15:00:00Z,2026-08-15T17:00:00+0200,44653.13,MW,FR,FR,actual_load,Actual Load,2026-08-22T04:46:30Z
2026-08-22T04:45:07Z,2026-08-22T06:45:07+0200,81890fbb-3a1d-466f-b50a-dc03bf877707,2026-08-15T15:15:00Z,2026-08-15T17:15:00+0200,44350.13,MW,FR,FR,actual_load,Actual Load,2026-08-22T04:46:30Z
2026-08-22T04:45:07Z,2026-08-22T06:45:07+0200,81890fbb-3a1d-466f-b50a-dc03bf877707,2026-08-15T15:30:00Z,2026-08-15T17:30:00+0200,44414.98,MW,FR,FR,actual_load,Actual Load,2026-08-22T04:46:30Z
2026-08-22T04:45:07Z,2026-08-22T06:45:07+0200,81890fbb-3a1d-466f-b50a-dc03bf877707,2026-08-15T15:45:00Z,2026-08-15T17:45:00+0200,44612.58,MW,FR,FR,actual_load,Actual Load,2026-08-22T04:46:30Z
2026-08-22T04:45:07Z,2026-08-22T06:45:07+0200,81890fbb-3a1d-466f-b50a-dc03bf877707,2026-08-15T16:00:00Z,2026-08-15T18:00:00+0200,44895.51,MW,FR,FR,actual_load,Actual Load,2026-08-22T04:46:30Z
2026-08-22T04:45:07Z,2026-08-22T06:45:07+0200,81890fbb-3a1d-466f-b50a-dc03bf877707,2026-08-15T16:15:00Z,2026-08-15T18:15:00+0200,44888.73,MW,FR,FR,actual_load,Actual Load,2026-08-22T04:46:30Z
2026-08-22T04:45:07Z,2026-08-22T06:45:07+0200,81890fbb-3a1d-466f-b50a-dc03bf877707,2026-08-15T16:30:00Z,2026-08-15T18:30:00+0200,44993.05,MW,FR,FR,actual_load,Actual Load,2026-08-22T04:46:30Z
2026-08-22T04:45:07Z,2026-08-22T06:45:07+0200,81890fbb-3a1d-466f-b50a-dc03bf877707,2026-08-15T16:45:00Z,2026-08-15T18:45:00+0200,45286.83,MW,FR,FR,actual_load,Actual Load,2026-08-22T04:46:30Z
2026-08-22T04:45:07Z,2026-08-22T06:45:07+0200,81890fbb-3a1d-466f-b50a-dc03bf877707,2026-08-15T17:00:00Z,2026-08-15T19:00:00+0200,45348.2,MW,FR,FR,actual_load,Actual Load,2026-08-22T04:46:30Z
2026-08-22T04:45:07Z,2026-08-22T06:45:07+0200,81890fbb-3a1d-466f-b50a-dc03bf877707,2026-08-15T17:15:00Z,2026-08-15T19:15:00+0200,45104.34,MW,FR,FR,actual_load,Actual Load,2026-08-22T04:46:30Z
2026-08-22T04:45:07Z,2026-08-22T06:45:07+0200,81890fbb-3a1d-466f-b50a-dc03bf877707,2026-08-15T17:30:00Z,2026-08-15T19:30:00+0200,45031.38,MW,FR,FR,actual_load,Actual Load,2026-08-22T04:46:30Z
2026-08-22T04:45:07Z,2026-08-22T06:45:07+0200,81890fbb-3a1d-466f-b50a-dc03bf877707,2026-08-15T17:45:00Z,2026-08-15T19:45:00+0200,44852.09,MW,FR,FR,actual_load,Actual Load,2026-08-22T04:46:30Z
2026-08-22T04:45:07Z,2026-08-22T06:45:07+0200,81890fbb-3a1d-466f-b50a-dc03bf877707,2026-08-15T18:00:00Z,2026-08-15T20:00:00+0200,44490.41,MW,FR,FR,actual_load,Actual Load,2026-08-22T04:46:30Z
2026-08-22T04:45:07Z,2026-08-22T06:45:07+0200,81890fbb-3a1d-466f-b50a-dc03bf877707,2026-08-15T18:15:00Z,2026-08-15T20:15:00+0200,43957.87,MW,FR,FR,actual_load,Actual Load,2026-08-22T04:46:30Z
2026-08-22T04:45:07Z,2026-08-22T06:45:07+0200,81890fbb-3a1d-466f-b50a-dc03bf877707,2026-08-15T18:30:00Z,2026-08-15T20:30:00+0200,43777.16,MW,FR,FR,actual_load,Actual Load,2026-08-22T04:46:30Z
2026-08-22T04:45:07Z,2026-08-22T06:45:07+0200,81890fbb-3a1d-466f-b50a-dc03bf877707,2026-08-15T18:45:00Z,2026-08-15T20:45:00+0200,43631.64,MW,FR,FR,actual_load,Actual Load,2026-08-22T04:46:30Z
2026-08-22T04:45:07Z,2026-08-22T06:45:07+0200,81890fbb-3a1d-466f-b50a-dc03bf877707,2026-08-15T19:00:00Z,2026-08-15T21:00:00+0200,43791.01,MW,FR,FR,actual_load,Actual Load,2026-08-22T04:46:30Z
2026-08-22T04:45:07Z,2026-08-22T06:45:07+0200,81890fbb-3a1d-466f-b50a-dc03bf877707,2026-08-15T19:15:00Z,2026-08-15T21:15:00+0200,43788.7,MW,FR,FR,actual_load,Actual Load,2026-08-22T04:46:30Z
2026-08-22T04:45:07Z,2026-08-22T06:45:07+0200,81890fbb-3a1d-466f-b50a-dc03bf877707,2026-08-15T19:30:00Z,2026-08-15T21:30:00+0200,43617.89,MW,FR,FR,actual_load,Actual Load,2026-08-22T04:46:30Z
2026-08-22T04:45:07Z,2026-08-22T06:45:07+0200,81890fbb-3a1d-466f-b50a-dc03bf877707,2026-08-15T19:45:00Z,2026-08-15T21:45:00+0200,43034.11,MW,FR,FR,actual_load,Actual Load,2026-08-22T04:46:30Z
2026-08-22T04:45:07Z,2026-08-22T06:45:07+0200,81890fbb-3a1d-466f-b50a-dc03bf877707,2026-08-15T20:00:00Z,2026-08-15T22:00:00+0200,43859.32,MW,FR,FR,actual_load,Actual Load,2026-08-22T04:46:30Z
2026-08-22T04:45:07Z,2026-08-22T06:45:07+0200,81890fbb-3a1d-466f-b50a-dc03bf877707,2026-08-15T20:15:00Z,2026-08-15T22:15:00+0200,43490.83,MW,FR,FR,actual_load,Actual Load,2026-08-22T04:46:30Z
2026-08-22T04:45:07Z,2026-08-22T06:45:07+0200,81890fbb-3a1d-466f-b50a-dc03bf877707,2026-08-15T20:30:00Z,2026-08-15T22:30:00+0200,44631.62,MW,FR,FR,actual_load,Actual Load,2026-08-22T04:46:30Z
2026-08-22T04:45:07Z,2026-08-22T06:45:07+0200,81890fbb-3a1d-466f-b50a-dc03bf877707,2026-08-15T20:45:00Z,2026-08-15T22:45:00+0200,43881.7,MW,FR,FR,actual_load,Actual Load,2026-08-22T04:46:30Z
2026-08-22T04:45:07Z,2026-08-22T06:45:07+0200,81890fbb-3a1d-466f-b50a-dc03bf877707,2026-08-15T21:00:00Z,2026-08-15T23:00:00+0200,43577.39,MW,FR,FR,actual_load,Actual Load,2026-08-22T04:46:30Z
2026-08-22T04:45:07Z,2026-08-22T06:45:07+0200,81890fbb-3a1d-466f-b50a-dc03bf877707,2026-08-15T21:15:00Z,2026-08-15T23:15:00+0200,42592.42,MW,FR,FR,actual_load,Actual Load,2026-08-22T04:46:30Z
2026-08-22T04:45:07Z,2026-08-22T06:45:07+0200,81890fbb-3a1d-466f-b50a-dc03bf877707,2026-08-15T21:30:00Z,2026-08-15T23:30:00+0200,42865.11,MW,FR,FR,actual_load,Actual Load,2026-08-22T04:46:30Z
2026-08-22T04:45:07Z,2026-08-22T06:45:07+0200,81890fbb-3a1d-466f-b50a-dc03bf877707,2026-08-15T21:45:00Z,2026-08-15T23:45:00+0200,41921.62,MW,FR,FR,actual_load,Actual Load,2026-08-22T04:46:30Z
2026-08-22T04:45:07Z,2026-08-22T06:45:07+0200,81890fbb-3a1d-466f-b50a-dc03bf877707,2026-08-15T22:00:00Z,2026-08-16T00:00:00+0200,41832.9,MW,FR,FR,actual_load,Actual Load,2026-08-22T04:46:30Z
2026-08-22T04:45:07Z,2026-08-22T06:45:07+0200,81890fbb-3a1d-466f-b50a-dc03bf877707,2026-08-15T22:15:00Z,2026-08-16T00:15:00+0200,40739.54,MW,FR,FR,actual_load,Actual Load,2026-08-22T04:46:30Z
2026-08-22T04:45:07Z,2026-08-22T06:45:07+0200,81890fbb-3a1d-466f-b50a-dc03bf877707,2026-08-15T22:30:00Z,2026-08-16T00:30:00+0200,39414.45,MW,FR,FR,actual_load,Actual Load,2026-08-22T04:46:30Z
2026-08-22T04:45:07Z,2026-08-22T06:45:07+0200,81890fbb-3a1d-466f-b50a-dc03bf877707,2026-08-15T22:45:00Z,2026-08-16T00:45:00+0200,38583.43,MW,FR,FR,actual_load,Actual Load,2026-08-22T04:46:30Z
2026-08-22T04:45:07Z,2026-08-22T06:45:07+0200,81890fbb-3a1d-466f-b50a-dc03bf877707,2026-08-15T23:00:00Z,2026-08-16T01:00:00+0200,38959.73,MW,FR,FR,actual_load,Actual Load,2026-08-22T04:46:30Z
2026-08-22T04:45:07Z,2026-08-22T06:45:07+0200,81890fbb-3a1d-466f-b50a-dc03bf877707,2026-08-15T23:15:00Z,2026-08-16T01:15:00+0200,38225.09,MW,FR,FR,actual_load,Actual Load,2026-08-22T04:46:30Z
2026-08-22T04:45:07Z,2026-08-22T06:45:07+0200,81890fbb-3a1d-466f-b50a-dc03bf877707,2026-08-15T23:30:00Z,2026-08-16T01:30:00+0200,37965.27,MW,FR,FR,actual_load,Actual Load,2026-08-22T04:46:30Z
2026-08-22T04:45:07Z,2026-08-22T06:45:07+0200,81890fbb-3a1d-466f-b50a-dc03bf877707,2026-08-15T23:45:00Z,2026-08-16T01:45:00+0200,37276.03,MW,FR,FR,actual_load,Actual Load,2026-08-22T04:46:30Z
2026-08-22T04:45:07Z,2026-08-22T06:45:07+0200,81890fbb-3a1d-466f-b50a-dc03bf877707,2026-08-16T00:00:00Z,2026-08-16T02:00:00+0200,36972.8,MW,FR,FR,actual_load,Actual Load,2026-08-22T04:46:30Z
2026-08-22T04:45:07Z,2026-08-22T06:45:07+0200,81890fbb-3a1d-466f-b50a-dc03bf877707,2026-08-16T00:15:00Z,2026-08-16T02:15:00+0200,36200.63,MW,FR,FR,actual_load,Actual Load,2026-08-22T04:46:30Z
2026-08-22T04:45:07Z,2026-08-22T06:45:07+0200,81890fbb-3a1d-466f-b50a-dc03bf877707,2026-08-16T00:30:00Z,2026-08-16T02:30:00+0200,35615.03,MW,FR,FR,actual_load,Actual Load,2026-08-22T04:46:30Z
2026-08-22T04:45:07Z,2026-08-22T06:45:07+0200,81890fbb-3a1d-466f-b50a-dc03bf877707,2026-08-16T00:45:00Z,2026-08-16T02:45:00+0200,34992.26,MW,FR,FR,actual_load,Actual Load,2026-08-22T04:46:30Z
2026-08-22T04:45:07Z,2026-08-22T06:45:07+0200,81890fbb-3a1d-466f-b50a-dc03bf877707,2026-08-16T01:00:00Z,2026-08-16T03:00:00+0200,34605.99,MW,FR,FR,actual_load,Actual Load,2026-08-22T04:46:30Z
2026-08-22T04:45:07Z,2026-08-22T06:45:07+0200,81890fbb-3a1d-466f-b50a-dc03bf877707,2026-08-16T01:15:00Z,2026-08-16T03:15:00+0200,34375.7,MW,FR,FR,actual_load,Actual Load,2026-08-22T04:46:30Z
2026-08-22T04:45:07Z,2026-08-22T06:45:07+0200,81890fbb-3a1d-466f-b50a-dc03bf877707,2026-08-16T01:30:00Z,2026-08-16T03:30:00+0200,34089.62,MW,FR,FR,actual_load,Actual Load,2026-08-22T04:46:30Z
2026-08-22T04:45:07Z,2026-08-22T06:45:07+0200,81890fbb-3a1d-466f-b50a-dc03bf877707,2026-08-16T01:45:00Z,2026-08-16T03:45:00+0200,33765.52,MW,FR,FR,actual_load,Actual Load,2026-08-22T04:46:30Z
2026-08-22T04:45:07Z,2026-08-22T06:45:07+0200,81890fbb-3a1d-466f-b50a-dc03bf877707,2026-08-16T02:00:00Z,2026-08-16T04:00:00+0200,33483.38,MW,FR,FR,actual_load,Actual Load,2026-08-22T04:46:30Z
2026-08-22T04:45:07Z,2026-08-22T06:45:07+0200,81890fbb-3a1d-466f-b50a-dc03bf877707,2026-08-16T02:15:00Z,2026-08-16T04:15:00+0200,33224.01,MW,FR,FR,actual_load,Actual Load,2026-08-22T04:46:30Z
2026-08-22T04:45:07Z,2026-08-22T06:45:07+0200,81890fbb-3a1d-466f-b50a-dc03bf877707,2026-08-16T02:30:00Z,2026-08-16T04:30:00+0200,33180.52,MW,FR,FR,actual_load,Actual Load,2026-08-22T04:46:30Z
2026-08-22T04:45:07Z,2026-08-22T06:45:07+0200,81890fbb-3a1d-466f-b50a-dc03bf877707,2026-08-16T02:45:00Z,2026-08-16T04:45:00+0200,33186.14,MW,FR,FR,actual_load,Actual Load,2026-08-22T04:46:30Z
2026-08-22T04:45:07Z,2026-08-22T06:45:07+0200,81890fbb-3a1d-466f-b50a-dc03bf877707,2026-08-16T03:00:00Z,2026-08-16T05:00:00+0200,33182.98,MW,FR,FR,actual_load,Actual Load,2026-08-22T04:46:30Z
2026-08-22T04:45:07Z,2026-08-22T06:45:07+0200,81890fbb-3a1d-466f-b50a-dc03bf877707,2026-08-16T03:15:00Z,2026-08-16T05:15:00+0200,33278.76,MW,FR,FR,actual_load,Actual Load,2026-08-22T04:46:30Z
2026-08-22T04:45:07Z,2026-08-22T06:45:07+0200,81890fbb-3a1d-466f-b50a-dc03bf877707,2026-08-16T03:30:00Z,2026-08-16T05:30:00+0200,33419.04,MW,FR,FR,actual_load,Actual Load,2026-08-22T04:46:30Z
2026-08-22T04:45:07Z,2026-08-22T06:45:07+0200,81890fbb-3a1d-466f-b50a-dc03bf877707,2026-08-16T03:45:00Z,2026-08-16T05:45:00+0200,33343.62,MW,FR,FR,actual_load,Actual Load,2026-08-22T04:46:30Z
2026-08-22T04:45:07Z,2026-08-22T06:45:07+0200,81890fbb-3a1d-466f-b50a-dc03bf877707,2026-08-16T04:00:00Z,2026-08-16T06:00:00+0200,33551.77,MW,FR,FR,actual_load,Actual Load,2026-08-22T04:46:30Z
2026-08-22T04:45:07Z,2026-08-22T06:45:07+0200,81890fbb-3a1d-466f-b50a-dc03bf877707,2026-08-16T04:15:00Z,2026-08-16T06:15:00+0200,33633.23,MW,FR,FR,actual_load,Actual Load,2026-08-22T04:46:30Z
2026-08-22T04:45:07Z,2026-08-22T06:45:07+0200,81890fbb-3a1d-466f-b50a-dc03bf877707,2026-08-16T04:30:00Z,2026-08-16T06:30:00+0200,33475.08,MW,FR,FR,actual_load,Actual Load,2026-08-22T04:46:30Z
2026-08-22T04:45:07Z,2026-08-22T06:45:07+0200,81890fbb-3a1d-466f-b50a-dc03bf877707,2026-08-16T04:45:00Z,2026-08-16T06:45:00+0200,33390.8,MW,FR,FR,actual_load,Actual Load,2026-08-22T04:46:30Z
2026-08-22T04:45:07Z,2026-08-22T06:45:07+0200,81890fbb-3a1d-466f-b50a-dc03bf877707,2026-08-16T05:00:00Z,2026-08-16T07:00:00+0200,33419.93,MW,FR,FR,actual_load,Actual Load,2026-08-22T04:46:30Z
2026-08-22T04:45:07Z,2026-08-22T06:45:07+0200,81890fbb-3a1d-466f-b50a-dc03bf877707,2026-08-16T05:15:00Z,2026-08-16T07:15:00+0200,33428.32,MW,FR,FR,actual_load,Actual Load,2026-08-22T04:46:30Z
2026-08-22T04:45:07Z,2026-08-22T06:45:07+0200,81890fbb-3a1d-466f-b50a-dc03bf877707,2026-08-16T05:30:00Z,2026-08-16T07:30:00+0200,33601.1,MW,FR,FR,actual_load,Actual Load,2026-08-22T04:46:30Z
2026-08-22T04:45:07Z,2026-08-22T06:45:07+0200,81890fbb-3a1d-466f-b50a-dc03bf877707,2026-08-16T05:45:00Z,2026-08-16T07:45:00+0200,33853.8,MW,FR,FR,actual_load,Actual Load,2026-08-22T04:46:30Z
2026-08-22T04:45:07Z,2026-08-22T06:45:07+0200,81890fbb-3a1d-466f-b50a-dc03bf877707,2026-08-16T06:00:00Z,2026-08-16T08:00:00+0200,34211.44,MW,FR,FR,actual_load,Actual Load,2026-08-22T04:46:30Z
2026-08-22T04:45:07Z,2026-08-22T06:45:07+0200,81890fbb-3a1d-466f-b50a-dc03bf877707,2026-08-16T06:15:00Z,2026-08-16T08:15:00+0200,34331.65,MW,FR,FR,actual_load,Actual Load,2026-08-22T04:46:30Z
2026-08-22T04:45:07Z,2026-08-22T06:45:07+0200,81890fbb-3a1d-466f-b50a-dc03bf877707,2026-08-16T06:30:00Z,2026-08-16T08:30:00+0200,35087.93,MW,FR,FR,actual_load,Actual Load,2026-08-22T04:46:30Z
2026-08-22T04:45:07Z,2026-08-22T06:45:07+0200,81890fbb-3a1d-466f-b50a-dc03bf877707,2026-08-16T06:45:00Z,2026-08-16T08:45:00+0200,35393.11,MW,FR,FR,actual_load,Actual Load,2026-08-22T04:46:30Z
2026-08-22T04:45:07Z,2026-08-22T06:45:07+0200,81890fbb-3a1d-466f-b50a-dc03bf877707,2026-08-16T07:00:00Z,2026-08-16T09:00:00+0200,35736.71,MW,FR,FR,actual_load,Actual Load,2026-08-22T04:46:30Z
2026-08-22T04:45:07Z,2026-08-22T06:45:07+0200,81890fbb-3a1d-466f-b50a-dc03bf877707,2026-08-16T07:15:00Z,2026-08-16T09:15:00+0200,36508.2,MW,FR,FR,actual_load,Actual Load,2026-08-22T04:46:30Z
2026-08-22T04:45:07Z,2026-08-22T06:45:07+0200,81890fbb-3a1d-466f-b50a-dc03bf877707,2026-08-16T07:30:00Z,2026-08-16T09:30:00+0200,37032.87,MW,FR,FR,actual_load,Actual Load,2026-08-22T04:46:30Z
2026-08-22T04:45:07Z,2026-08-22T06:45:07+0200,81890fbb-3a1d-466f-b50a-dc03bf877707,2026-08-16T07:45:00Z,2026-08-16T09:45:00+0200,37474.51,MW,FR,FR,actual_load,Actual Load,2026-08-22T04:46:30Z
2026-08-22T04:45:07Z,2026-08-22T06:45:07+0200,81890fbb-3a1d-466f-b50a-dc03bf877707,2026-08-16T08:00:00Z,2026-08-16T10:00:00+0200,38124.54,MW,FR,FR,actual_load,Actual Load,2026-08-22T04:46:30Z
2026-08-22T04:45:07Z,2026-08-22T06:45:07+0200,81890fbb-3a1d-466f-b50a-dc03bf877707,2026-08-16T08:15:00Z,2026-08-16T10:15:00+0200,38916.45,MW,FR,FR,actual_load,Actual Load,2026-08-22T04:46:30Z
2026-08-22T04:45:07Z,2026-08-22T06:45:07+0200,81890fbb-3a1d-466f-b50a-dc03bf877707,2026-08-16T08:30:00Z,2026-08-16T10:30:00+0200,39261.46,MW,FR,FR,actual_load,Actual Load,2026-08-22T04:46:30Z
2026-08-22T04:45:07Z,2026-08-22T06:45:07+0200,81890fbb-3a1d-466f-b50a-dc03bf877707,2026-08-16T08:45:00Z,2026-08-16T10:45:00+0200,39807.71,MW,FR,FR,actual_load,Actual Load,2026-08-22T04:46:30Z
2026-08-22T04:45:07Z,2026-08-22T06:45:07+0200,81890fbb-3a1d-466f-b50a-dc03bf877707,2026-08-16T09:00:00Z,2026-08-16T11:00:00+0200,40448.0,MW,FR,FR,actual_load,Actual Load,2026-08-22T04:46:30Z
2026-08-22T04:45:07Z,2026-08-22T06:45:07+0200,81890fbb-3a1d-466f-b50a-dc03bf877707,2026-08-16T09:15:00Z,2026-08-16T11:15:00+0200,40889.43,MW,FR,FR,actual_load,Actual Load,2026-08-22T04:46:30Z
2026-08-22T04:45:07Z,2026-08-22T06:45:07+0200,81890fbb-3a1d-466f-b50a-dc03bf877707,2026-08-16T09:30:00Z,2026-08-16T11:30:00+0200,41291.66,MW,FR,FR,actual_load,Actual Load,2026-08-22T04:46:30Z
2026-08-22T04:45:07Z,2026-08-22T06:45:07+0200,81890fbb-3a1d-466f-b50a-dc03bf877707,2026-08-16T09:45:00Z,2026-08-16T11:45:00+0200,41515.02,MW,FR,FR,actual_load,Actual Load,2026-08-22T04:46:30Z
2026-08-22T04:45:07Z,2026-08-22T06:45:07+0200,81890fbb-3a1d-466f-b50a-dc03bf877707,2026-08-16T10:00:00Z,2026-08-16T12:00:00+0200,42620.08,MW,FR,FR,actual_load,Actual Load,2026-08-22T04:46:30Z
2026-08-22T04:45:07Z,2026-08-22T06:45:07+0200,81890fbb-3a1d-466f-b50a-dc03bf877707,2026-08-16T10:15:00Z,2026-08-16T12:15:00+0200,42899.34,MW,FR,FR,actual_load,Actual Load,2026-08-22T04:46:30Z
2026-08-22T04:45:07Z,2026-08-22T06:45:07+0200,81890fbb-3a1d-466f-b50a-dc03bf877707,2026-08-16T10:30:00Z,2026-08-16T12:30:00+0200,43569.73,MW,FR,FR,actual_load,Actual Load,2026-08-22T04:46:30Z
2026-08-22T04:45:07Z,2026-08-22T06:45:07+0200,81890fbb-3a1d-466f-b50a-dc03bf877707,2026-08-16T10:45:00Z,2026-08-16T12:45:00+0200,43266.92,MW,FR,FR,actual_load,Actual Load,2026-08-22T04:46:30Z
2026-08-22T04:45:07Z,2026-08-22T06:45:07+0200,81890fbb-3a1d-466f-b50a-dc03bf877707,2026-08-16T11:00:00Z,2026-08-16T13:00:00+0200,42830.08,MW,FR,FR,actual_load,Actual Load,2026-08-22T04:46:30Z
2026-08-22T04:45:07Z,2026-08-22T06:45:07+0200,81890fbb-3a1d-466f-b50a-dc03bf877707,2026-08-16T11:15:00Z,2026-08-16T13:15:00+0200,42469.82,MW,FR,FR,actual_load,Actual Load,2026-08-22T04:46:30Z
2026-08-22T04:45:07Z,2026-08-22T06:45:07+0200,81890fbb-3a1d-466f-b50a-dc03bf877707,2026-08-16T11:30:00Z,2026-08-16T13:30:00+0200,42265.48,MW,FR,FR,actual_load,Actual Load,2026-08-22T04:46:30Z
2026-08-22T04:45:07Z,2026-08-22T06:45:07+0200,81890fbb-3a1d-466f-b50a-dc03bf877707,2026-08-16T11:45:00Z,2026-08-16T13:45:00+0200,42496.79,MW,FR,FR,actual_load,Actual Load,2026-08-22T04:46:30Z
2026-08-22T04:45:07Z,2026-08-22T06:45:07+0200,81890fbb-3a1d-466f-b50a-dc03bf877707,2026-08-16T12:00:00Z,2026-08-16T14:00:00+0200,43478.74,MW,FR,FR,actual_load,Actual Load,2026-08-22T04:46:30Z
2026-08-22T04:45:07Z,2026-08-22T06:45:07+0200,81890fbb-3a1d-466f-b50a-dc03bf877707,2026-08-16T12:15:00Z,2026-08-16T14:15:00+0200,43297.83,MW,FR,FR,actual_load,Actual Load,2026-08-22T04:46:30Z
2026-08-22T04:45:07Z,2026-08-22T06:45:07+0200,81890fbb-3a1d-466f-b50a-dc03bf877707,2026-08-16T12:30:00Z,2026-08-16T14:30:00+0200,43206.55,MW,FR,FR,actual_load,Actual Load,2026-08-22T04:46:30Z
2026-08-22T04:45:07Z,2026-08-22T06:45:07+0200,81890fbb-3a1d-466f-b50a-dc03bf877707,2026-08-16T12:45:00Z,2026-08-16T14:45:00+0200,42793.2,MW,FR,FR,actual_load,Actual Load,2026-08-22T04:46:30Z
2026-08-22T04:45:07Z,2026-08-22T06:45:07+0200,81890fbb-3a1d-466f-b50a-dc03bf877707,2026-08-16T13:00:00Z,2026-08-16T15:00:00+0200,42779.66,MW,FR,FR,actual_load,Actual Load,2026-08-22T04:46:30Z
2026-08-22T04:45:07Z,2026-08-22T06:45:07+0200,81890fbb-3a1d-466f-b50a-dc03bf877707,2026-08-16T13:15:00Z,2026-08-16T15:15:00+0200,42301.6,MW,FR,FR,actual_load,Actual Load,2026-08-22T04:46:30Z
2026-08-22T04:45:07Z,2026-08-22T06:45:07+0200,81890fbb-3a1d-466f-b50a-dc03bf877707,2026-08-16T13:30:00Z,2026-08-16T15:30:00+0200,41924.52,MW,FR,FR,actual_load,Actual Load,2026-08-22T04:46:30Z
2026-08-22T04:45:07Z,2026-08-22T06:45:07+0200,81890fbb-3a1d-466f-b50a-dc03bf877707,2026-08-16T13:45:00Z,2026-08-16T15:45:00+0200,41611.54,MW,FR,FR,actual_load,Actual Load,2026-08-22T04:46:30Z
2026-08-22T04:45:07Z,2026-08-22T06:45:07+0200,81890fbb-3a1d-466f-b50a-dc03bf877707,2026-08-16T14:00:00Z,2026-08-16T16:00:00+0200,41573.74,MW,FR,FR,actual_load,Actual Load,2026-08-22T04:46:30Z
2026-08-22T04:45:07Z,2026-08-22T06:45:07+0200,81890fbb-3a1d-466f-b50a-dc03bf877707,2026-08-16T14:15:00Z,2026-08-16T16:15:00+0200,41529.22,MW,FR,FR,actual_load,Actual Load,2026-08-22T04:46:30Z
2026-08-22T04:45:07Z,2026-08-22T06:45:07+0200,81890fbb-3a1d-466f-b50a-dc03bf877707,2026-08-16T14:30:00Z,2026-08-16T16:30:00+0200,41633.86,MW,FR,FR,actual_load,Actual Load,2026-08-22T04:46:30Z
2026-08-22T04:45:07Z,2026-08-22T06:45:07+0200,81890fbb-3a1d-466f-b50a-dc03bf877707,2026-08-16T14:45:00Z,2026-08-16T16:45:00+0200,41617.7,MW,FR,FR,actual_load,Actual Load,2026-08-22T04:46:30Z
2026-08-22T04:45:07Z,2026-08-22T06:45:07+0200,81890fbb-3a1d-466f-b50a-dc03bf877707,2026-08-16T15:00:00Z,2026-08-16T17:00:00+0200,41706.2,MW,FR,FR,actual_load,Actual Load,2026-08-22T04:46:30Z
2026-08-22T04:45:07Z,2026-08-22T06:45:07+0200,81890fbb-3a1d-466f-b50a-dc03bf877707,2026-08-16T15:15:00Z,2026-08-16T17:15:00+0200,41729.15,MW,FR,FR,actual_load,Actual Load,2026-08-22T04:46:30Z
2026-08-22T04:45:07Z,2026-08-22T06:45:07+0200,81890fbb-3a1d-466f-b50a-dc03bf877707,2026-08-16T15:30:00Z,2026-08-16T17:30:00+0200,42173.76,MW,FR,FR,actual_load,Actual Load,2026-08-22T04:46:30Z
2026-08-22T04:45:07Z,2026-08-22T06:45:07+0200,81890fbb-3a1d-466f-b50a-dc03bf877707,2026-08-16T15:45:00Z,2026-08-16T17:45:00+0200,42414.41,MW,FR,FR,actual_load,Actual Load,2026-08-22T04:46:30Z
2026-08-22T04:45:07Z,2026-08-22T06:45:07+0200,81890fbb-3a1d-466f-b50a-dc03bf877707,2026-08-16T16:00:00Z,2026-08-16T18:00:00+0200,42749.76,MW,FR,FR,actual_load,Actual Load,2026-08-22T04:46:30Z
2026-08-22T04:45:07Z,2026-08-22T06:45:07+0200,81890fbb-3a1d-466f-b50a-dc03bf877707,2026-08-16T16:15:00Z,2026-08-16T18:15:00+0200,43054.47,MW,FR,FR,actual_load,Actual Load,2026-08-22T04:46:30Z
2026-08-22T04:45:07Z,2026-08-22T06:45:07+0200,81890fbb-3a1d-466f-b50a-dc03bf877707,2026-08-16T16:30:00Z,2026-08-16T18:30:00+0200,43540.76,MW,FR,FR,actual_load,Actual Load,2026-08-22T04:46:30Z
2026-08-22T04:45:07Z,2026-08-22T06:45:07+0200,81890fbb-3a1d-466f-b50a-dc03bf877707,2026-08-16T16:45:00Z,2026-08-16T18:45:00+0200,43869.53,MW,FR,FR,actual_load,Actual Load,2026-08-22T04:46:30Z
2026-08-22T04:45:07Z,2026-08-22T06:45:07+0200,81890fbb-3a1d-466f-b50a-dc03bf877707,2026-08-16T17:00:00Z,2026-08-16T19:00:00+0200,44065.35,MW,FR,FR,actual_load,Actual Load,2026-08-22T04:46:30Z
2026-08-22T04:45:07Z,2026-08-22T06:45:07+0200,81890fbb-3a1d-466f-b50a-dc03bf877707,2026-08-16T17:15:00Z,2026-08-16T19:15:00+0200,44124.45,MW,FR,FR,actual_load,Actual Load,2026-08-22T04:46:30Z
2026-08-22T04:45:07Z,2026-08-22T06:45:07+0200,81890fbb-3a1d-466f-b50a-dc03bf877707,2026-08-16T17:30:00Z,2026-08-16T19:30:00+0200,44083.53,MW,FR,FR,actual_load,Actual Load,2026-08-22T04:46:30Z
2026-08-22T04:45:07Z,2026-08-22T06:45:07+0200,81890fbb-3a1d-466f-b50a-dc03bf877707,2026-08-16T17:45:00Z,2026-08-16T19:45:00+0200,43930.24,MW,FR,FR,actual_load,Actual Load,2026-08-22T04:46:30Z
2026-08-22T04:45:07Z,2026-08-22T06:45:07+0200,81890fbb-3a1d-466f-b50a-dc03bf877707,2026-08-16T18:00:00Z,2026-08-16T20:00:00+0200,43582.48,MW,FR,FR,actual_load,Actual Load,2026-08-22T04:46:30Z
2026-08-22T04:45:07Z,2026-08-22T06:45:07+0200,81890fbb-3a1d-466f-b50a-dc03bf877707,2026-08-16T18:15:00Z,2026-08-16T20:15:00+0200,43272.86,MW,FR,FR,actual_load,Actual Load,2026-08-22T04:46:30Z
2026-08-22T04:45:07Z,2026-08-22T06:45:07+0200,81890fbb-3a1d-466f-b50a-dc03bf877707,2026-08-16T18:30:00Z,2026-08-16T20:30:00+0200,43037.56,MW,FR,FR,actual_load,Actual Load,2026-08-22T04:46:30Z
2026-08-22T04:45:07Z,2026-08-22T06:45:07+0200,81890fbb-3a1d-466f-b50a-dc03bf877707,2026-08-16T18:45:00Z,2026-08-16T20:45:00+0200,43074.96,MW,FR,FR,actual_load,Actual Load,2026-08-22T04:46:30Z
2026-08-22T04:45:07Z,2026-08-22T06:45:07+0200,81890fbb-3a1d-466f-b50a-dc03bf877707,2026-08-16T19:00:00Z,2026-08-16T21:00:00+0200,43501.19,MW,FR,FR,actual_load,Actual Load,2026-08-22T04:46:30Z
2026-08-22T04:45:07Z,2026-08-22T06:45:07+0200,81890fbb-3a1d-466f-b50a-dc03bf877707,2026-08-16T19:15:00Z,2026-08-16T21:15:00+0200,43749.86,MW,FR,FR,actual_load,Actual Load,2026-08-22T04:46:30Z
2026-08-22T04:45:07Z,2026-08-22T06:45:07+0200,81890fbb-3a1d-466f-b50a-dc03bf877707,2026-08-16T19:30:00Z,2026-08-16T21:30:00+0200,43540.6,MW,FR,FR,actual_load,Actual Load,2026-08-22T04:46:30Z
2026-08-22T04:45:07Z,2026-08-22T06:45:07+0200,81890fbb-3a1d-466f-b50a-dc03bf877707,2026-08-16T19:45:00Z,2026-08-16T21:45:00+0200,43129.56,MW,FR,FR,actual_load,Actual Load,2026-08-22T04:46:30Z
2026-08-22T04:45:07Z,2026-08-22T06:45:07+0200,81890fbb-3a1d-466f-b50a-dc03bf877707,2026-08-16T20:00:00Z,2026-08-16T22:00:00+0200,43698.32,MW,FR,FR,actual_load,Actual Load,2026-08-22T04:46:30Z
2026-08-22T04:45:07Z,2026-08-22T06:45:07+0200,81890fbb-3a1d-466f-b50a-dc03bf877707,2026-08-16T20:15:00Z,2026-08-16T22:15:00+0200,43328.12,MW,FR,FR,actual_load,Actual Load,2026-08-22T04:46:30Z
2026-08-22T04:45:07Z,2026-08-22T06:45:07+0200,81890fbb-3a1d-466f-b50a-dc03bf877707,2026-08-16T20:30:00Z,2026-08-16T22:30:00+0200,44369.63,MW,FR,FR,actual_load,Actual Load,2026-08-22T04:46:30Z
2026-08-22T04:45:07Z,2026-08-22T06:45:07+0200,81890fbb-3a1d-466f-b50a-dc03bf877707,2026-08-16T20:45:00Z,2026-08-16T22:45:00+0200,43823.76,MW,FR,FR,actual_load,Actual Load,2026-08-22T04:46:30Z
2026-08-22T04:45:07Z,2026-08-22T06:45:07+0200,81890fbb-3a1d-466f-b50a-dc03bf877707,2026-08-16T21:00:00Z,2026-08-16T23:00:00+0200,43408.17,MW,FR,FR,actual_load,Actual Load,2026-08-22T04:46:30Z
2026-08-22T04:45:07Z,2026-08-22T06:45:07+0200,81890fbb-3a1d-466f-b50a-dc03bf877707,2026-08-16T21:15:00Z,2026-08-16T23:15:00+0200,42296.11,MW,FR,FR,actual_load,Actual Load,2026-08-22T04:46:30Z
2026-08-22T04:45:07Z,2026-08-22T06:45:07+0200,81890fbb-3a1d-466f-b50a-dc03bf877707,2026-08-16T21:30:00Z,2026-08-16T23:30:00+0200,42143.73,MW,FR,FR,actual_load,Actual Load,2026-08-22T04:46:30Z
2026-08-22T04:45:07Z,2026-08-22T06:45:07+0200,81890fbb-3a1d-466f-b50a-dc03bf877707,2026-08-16T21:45:00Z,2026-08-16T23:45:00+0200,41278.42,MW,FR,FR,actual_load,Actual Load,2026-08-22T04:46:30Z
2026-08-22T04:45:07Z,2026-08-22T06:45:07+0200,81890fbb-3a1d-466f-b50a-dc03bf877707,2026-08-16T22:00:00Z,2026-08-17T00:00:00+0200,41306.6,MW,FR,FR,actual_load,Actual Load,2026-08-22T04:46:30Z
2026-08-22T04:45:07Z,2026-08-22T06:45:07+0200,81890fbb-3a1d-466f-b50a-dc03bf877707,2026-08-16T22:15:00Z,2026-08-17T00:15:00+0200,40246.3,MW,FR,FR,actual_load,Actual Load,2026-08-22T04:46:30Z
2026-08-22T04:45:07Z,2026-08-22T06:45:07+0200,81890fbb-3a1d-466f-b50a-dc03bf877707,2026-08-16T22:30:00Z,2026-08-17T00:30:00+0200,39180.61,MW,FR,FR,actual_load,Actual Load,2026-08-22T04:46:30Z
2026-08-22T04:45:07Z,2026-08-22T06:45:07+0200,81890fbb-3a1d-466f-b50a-dc03bf877707,2026-08-16T22:45:00Z,2026-08-17T00:45:00+0200,38390.31,MW,FR,FR,actual_load,Actual Load,2026-08-22T04:46:30Z
2026-08-22T04:45:07Z,2026-08-22T06:45:07+0200,81890fbb-3a1d-466f-b50a-dc03bf877707,2026-08-16T23:00:00Z,2026-08-17T01:00:00+0200,38735.45,MW,FR,FR,actual_load,Actual Load,2026-08-22T04:46:30Z
2026-08-22T04:45:07Z,2026-08-22T06:45:07+0200,81890fbb-3a1d-466f-b50a-dc03bf877707,2026-08-16T23:15:00Z,2026-08-17T01:15:00+0200,38079.9,MW,FR,FR,actual_load,Actual Load,2026-08-22T04:46:30Z
2026-08-22T04:45:07Z,2026-08-22T06:45:07+0200,81890fbb-3a1d-466f-b50a-dc03bf877707,2026-08-16T23:30:00Z,2026-08-17T01:30:00+0200,37967.08,MW,FR,FR,actual_load,Actual Load,2026-08-22T04:46:30Z
2026-08-22T04:45:07Z,2026-08-22T06:45:07+0200,81890fbb-3a1d-466f-b50a-dc03bf877707,2026-08-16T23:45:00Z,2026-08-17T01:45:00+0200,37197.76,MW,FR,FR,actual_load,Actual Load,2026-08-22T04:46:30Z
2026-08-22T04:45:07Z,2026-08-22T06:45:07+0200,81890fbb-3a1d-466f-b50a-dc03bf877707,2026-08-17T00:00:00Z,2026-08-17T02:00:00+0200,36900.86,MW,FR,FR,actual_load,Actual Load,2026-08-22T04:46:30Z
2026-08-22T04:45:07Z,2026-08-22T06:45:07+0200,81890fbb-3a1d-466f-b50a-dc03bf877707,2026-08-17T00:15:00Z,2026-08-17T02:15:00+0200,36209.49,MW,FR,FR,actual_load,Actual Load,2026-08-22T04:46:30Z
2026-08-22T04:45:07Z,2026-08-22T06:45:07+0200,81890fbb-3a1d-466f-b50a-dc03bf877707,2026-08-17T00:30:00Z,2026-08-17T02:30:00+0200,35547.84,MW,FR,FR,actual_load,Actual Load,2026-08-22T04:46:30Z
2026-08-22T04:45:07Z,2026-08-22T06:45:07+0200,81890fbb-3a1d-466f-b50a-dc03bf877707,2026-08-17T00:45:00Z,2026-08-17T02:45:00+0200,34890.09,MW,FR,FR,actual_load,Actual Load,2026-08-22T04:46:30Z
2026-08-22T04:45:07Z,2026-08-22T06:45:07+0200,81890fbb-3a1d-466f-b50a-dc03bf877707,2026-08-17T01:00:00Z,2026-08-17T03:00:00+0200,34432.31,MW,FR,FR,actual_load,Actual Load,2026-08-22T04:46:30Z
2026-08-22T04:45:07Z,2026-08-22T06:45:07+0200,81890fbb-3a1d-466f-b50a-dc03bf877707,2026-08-17T01:15:00Z,2026-08-17T03:15:00+0200,34077.95,MW,FR,FR,actual_load,Actual Load,2026-08-22T04:46:30Z
2026-08-22T04:45:07Z,2026-08-22T06:45:07+0200,81890fbb-3a1d-466f-b50a-dc03bf877707,2026-08-17T01:30:00Z,2026-08-17T03:30:00+0200,34125.38,MW,FR,FR,actual_load,Actual Load,2026-08-22T04:46:30Z
2026-08-22T04:45:07Z,2026-08-22T06:45:07+0200,81890fbb-3a1d-466f-b50a-dc03bf877707,2026-08-17T01:45:00Z,2026-08-17T03:45:00+0200,33882.09,MW,FR,FR,actual_load,Actual Load,2026-08-22T04:46:30Z
2026-08-22T04:45:07Z,2026-08-22T06:45:07+0200,81890fbb-3a1d-466f-b50a-dc03bf877707,2026-08-17T02:00:00Z,2026-08-17T04:00:00+0200,33959.45,MW,FR,FR,actual_load,Actual Load,2026-08-22T04:46:30Z
2026-08-22T04:45:07Z,2026-08-22T06:45:07+0200,81890fbb-3a1d-466f-b50a-dc03bf877707,2026-08-17T02:15:00Z,2026-08-17T04:15:00+0200,33913.67,MW,FR,FR,actual_load,Actual Load,2026-08-22T04:46:30Z
2026-08-22T04:45:07Z,2026-08-22T06:45:07+0200,81890fbb-3a1d-466f-b50a-dc03bf877707,2026-08-17T02:30:00Z,2026-08-17T04:30:00+0200,34164.11,MW,FR,FR,actual_load,Actual Load,2026-08-22T04:46:30Z
2026-08-22T04:45:07Z,2026-08-22T06:45:07+0200,81890fbb-3a1d-466f-b50a-dc03bf877707,2026-08-17T02:45:00Z,2026-08-17T04:45:00+0200,34140.48,MW,FR,FR,actual_load,Actual Load,2026-08-22T04:46:30Z
2026-08-22T04:45:07Z,2026-08-22T06:45:07+0200,81890fbb-3a1d-466f-b50a-dc03bf877707,2026-08-17T03:00:00Z,2026-08-17T05:00:00+0200,34691.23,MW,FR,FR,actual_load,Actual Load,2026-08-22T04:46:30Z
2026-08-22T04:45:07Z,2026-08-22T06:45:07+0200,81890fbb-3a1d-466f-b50a-dc03bf877707,2026-08-17T03:15:00Z,2026-08-17T05:15:00+0200,35013.31,MW,FR,FR,actual_load,Actual Load,2026-08-22T04:46:30Z
2026-08-22T04:45:07Z,2026-08-22T06:45:07+0200,81890fbb-3a1d-466f-b50a-dc03bf877707,2026-08-17T03:30:00Z,2026-08-17T05:30:00+0200,35397.05,MW,FR,FR,actual_load,Actual Load,2026-08-22T04:46:30Z
2026-08-22T04:45:07Z,2026-08-22T06:45:07+0200,81890fbb-3a1d-466f-b50a-dc03bf877707,2026-08-17T03:45:00Z,2026-08-17T05:45:00+0200,35799.08,MW,FR,FR,actual_load,Actual Load,2026-08-22T04:46:30Z
2026-08-22T04:45:07Z,2026-08-22T06:45:07+0200,81890fbb-3a1d-466f-b50a-dc03bf877707,2026-08-17T04:00:00Z,2026-08-17T06:00:00+0200,36607.85,MW,FR,FR,actual_load,Actual Load,2026-08-22T04:46:30Z
2026-08-22T04:45:07Z,2026-08-22T06:45:07+0200,81890fbb-3a1d-466f-b50a-dc03bf877707,2026-08-17T04:15:00Z,2026-08-17T06:15:00+0200,37285.57,MW,FR,FR,actual_load,Actual Load,2026-08-22T04:46:30Z
2026-08-22T04:45:07Z,2026-08-22T06:45:07+0200,81890fbb-3a1d-466f-b50a-dc03bf877707,2026-08-17T04:30:00Z,2026-08-17T06:30:00+0200,37579.85,MW,FR,FR,actual_load,Actual Load,2026-08-22T04:46:30Z
2026-08-22T04:45:07Z,2026-08-22T06:45:07+0200,81890fbb-3a1d-466f-b50a-dc03bf877707,2026-08-17T04:45:00Z,2026-08-17T06:45:00+0200,37930.59,MW,FR,FR,actual_load,Actual Load,2026-08-22T04:46:30Z
2026-08-22T04:45:07Z,2026-08-22T06:45:07+0200,81890fbb-3a1d-466f-b50a-dc03bf877707,2026-08-17T05:00:00Z,2026-08-17T07:00:00+0200,38444.22,MW,FR,FR,actual_load,Actual Load,2026-08-22T04:46:30Z
2026-08-22T04:45:07Z,2026-08-22T06:45:07+0200,81890fbb-3a1d-466f-b50a-dc03bf877707,2026-08-17T05:15:00Z,2026-08-17T07:15:00+0200,38938.04,MW,FR,FR,actual_load,Actual Load,2026-08-22T04:46:30Z
2026-08-22T04:45:07Z,2026-08-22T06:45:07+0200,81890fbb-3a1d-466f-b50a-dc03bf877707,2026-08-17T05:30:00Z,2026-08-17T07:30:00+0200,39333.95,MW,FR,FR,actual_load,Actual Load,2026-08-22T04:46:30Z
2026-08-22T04:45:07Z,2026-08-22T06:45:07+0200,81890fbb-3a1d-466f-b50a-dc03bf877707,2026-08-17T05:45:00Z,2026-08-17T07:45:00+0200,39963.44,MW,FR,FR,actual_load,Actual Load,2026-08-22T04:46:30Z
2026-08-22T04:45:07Z,2026-08-22T06:45:07+0200,81890fbb-3a1d-466f-b50a-dc03bf877707,2026-08-17T06:00:00Z,2026-08-17T08:00:00+0200,40767.6,MW,FR,FR,actual_load,Actual Load,2026-08-22T04:46:30Z
2026-08-22T04:45:07Z,2026-08-22T06:45:07+0200,81890fbb-3a1d-466f-b50a-dc03bf877707,2026-08-17T06:15:00Z,2026-08-17T08:15:00+0200,41519.16,MW,FR,FR,actual_load,Actual Load,2026-08-22T04:46:30Z
2026-08-22T04:45:07Z,2026-08-22T06:45:07+0200,81890fbb-3a1d-466f-b50a-dc03bf877707,2026-08-17T06:30:00Z,2026-08-17T08:30:00+0200,42148.81,MW,FR,FR,actual_load,Actual Load,2026-08-22T04:46:30Z
2026-08-22T04:45:07Z,2026-08-22T06:45:07+0200,81890fbb-3a1d-466f-b50a-dc03bf877707,2026-08-17T06:45:00Z,2026-08-17T08:45:00+0200,42750.55,MW,FR,FR,actual_load,Actual Load,2026-08-22T04:46:30Z
2026-08-22T04:45:07Z,2026-08-22T06:45:07+0200,81890fbb-3a1d-466f-b50a-dc03bf877707,2026-08-17T07:00:00Z,2026-08-17T09:00:00+0200,43100.82,MW,FR,FR,actual_load,Actual Load,2026-08-22T04:46:30Z
2026-08-22T04:45:07Z,2026-08-22T06:45:07+0200,81890fbb-3a1d-466f-b50a-dc03bf877707,2026-08-17T07:15:00Z,2026-08-17T09:15:00+0200,43291.38,MW,FR,FR,actual_load,Actual Load,2026-08-22T04:46:30Z
2026-08-22T04:45:07Z,2026-08-22T06:45:07+0200,81890fbb-3a1d-466f-b50a-dc03bf877707,2026-08-17T07:30:00Z,2026-08-17T09:30:00+0200,43726.22,MW,FR,FR,actual_load,Actual Load,2026-08-22T04:46:30Z
2026-08-22T04:45:07Z,2026-08-22T06:45:07+0200,81890fbb-3a1d-466f-b50a-dc03bf877707,2026-08-17T07:45:00Z,2026-08-17T09:45:00+0200,43853.93,MW,FR,FR,actual_load,Actual Load,2026-08-22T04:46:30Z
2026-08-22T04:45:07Z,2026-08-22T06:45:07+0200,81890fbb-3a1d-466f-b50a-dc03bf877707,2026-08-17T08:00:00Z,2026-08-17T10:00:00+0200,44380.76,MW,FR,FR,actual_load,Actual Load,2026-08-22T04:46:30Z
2026-08-22T04:45:07Z,2026-08-22T06:45:07+0200,81890fbb-3a1d-466f-b50a-dc03bf877707,2026-08-17T08:15:00Z,2026-08-17T10:15:00+0200,44585.8,MW,FR,FR,actual_load,Actual Load,2026-08-22T04:46:30Z
2026-08-22T04:45:07Z,2026-08-22T06:45:07+0200,81890fbb-3a1d-466f-b50a-dc03bf877707,2026-08-17T08:30:00Z,2026-08-17T10:30:00+0200,44951.63,MW,FR,FR,actual_load,Actual Load,2026-08-22T04:46:30Z
2026-08-22T04:45:07Z,2026-08-22T06:45:07+0200,81890fbb-3a1d-466f-b50a-dc03bf877707,2026-08-17T08:45:00Z,2026-08-17T10:45:00+0200,45032.76,MW,FR,FR,actual_load,Actual Load,2026-08-22T04:46:30Z
2026-08-22T04:45:07Z,2026-08-22T06:45:07+0200,81890fbb-3a1d-466f-b50a-dc03bf877707,2026-08-17T09:00:00Z,2026-08-17T11:00:00+0200,45522.38,MW,FR,FR,actual_load,Actual Load,2026-08-22T04:46:30Z
2026-08-22T04:45:07Z,2026-08-22T06:45:07+0200,81890fbb-3a1d-466f-b50a-dc03bf877707,2026-08-17T09:15:00Z,2026-08-17T11:15:00+0200,45851.14,MW,FR,FR,actual_load,Actual Load,2026-08-22T04:46:30Z
2026-08-22T04:45:07Z,2026-08-22T06:45:07+0200,81890fbb-3a1d-466f-b50a-dc03bf877707,2026-08-17T09:30:00Z,2026-08-17T11:30:00+0200,46284.9,MW,FR,FR,actual_load,Actual Load,2026-08-22T04:46:30Z
2026-08-22T04:45:07Z,2026-08-22T06:45:07+0200,81890fbb-3a1d-466f-b50a-dc03bf877707,2026-08-17T09:45:00Z,2026-08-17T11:45:00+0200,46611.47,MW,FR,FR,actual_load,Actual Load,2026-08-22T04:46:30Z
2026-08-22T04:45:07Z,2026-08-22T06:45:07+0200,81890fbb-3a1d-466f-b50a-dc03bf877707,2026-08-17T10:00:00Z,2026-08-17T12:00:00+0200,47311.61,MW,FR,FR,actual_load,Actual Load,2026-08-22T04:46:30Z
2026-08-22T04:45:07Z,2026-08-22T06:45:07+0200,81890fbb-3a1d-466f-b50a-dc03bf877707,2026-08-17T10:15:00Z,2026-08-17T12:15:00+0200,47408.49,MW,FR,FR,actual_load,Actual Load,2026-08-22T04:46:30Z
2026-08-22T04:45:07Z,2026-08-22T06:45:07+0200,81890fbb-3a1d-466f-b50a-dc03bf877707,2026-08-17T10:30:00Z,2026-08-17T12:30:00+0200,48014.64,MW,FR,FR,actual_load,Actual Load,2026-08-22T04:46:30Z
2026-08-22T04:45:07Z,2026-08-22T06:45:07+0200,81890fbb-3a1d-466f-b50a-dc03bf877707,2026-08-17T10:45:00Z,2026-08-17T12:45:00+0200,47501.37,MW,FR,FR,actual_load,Actual Load,2026-08-22T04:46:30Z
2026-08-22T04:45:07Z,2026-08-22T06:45:07+0200,81890fbb-3a1d-466f-b50a-dc03bf877707,2026-08-17T11:00:00Z,2026-08-17T13:00:00+0200,47152.8,MW,FR,FR,actual_load,Actual Load,2026-08-22T04:46:30Z
2026-08-22T04:45:07Z,2026-08-22T06:45:07+0200,81890fbb-3a1d-466f-b50a-dc03bf877707,2026-08-17T11:15:00Z,2026-08-17T13:15:00+0200,46897.63,MW,FR,FR,actual_load,Actual Load,2026-08-22T04:46:30Z
2026-08-22T04:45:07Z,2026-08-22T06:45:07+0200,81890fbb-3a1d-466f-b50a-dc03bf877707,2026-08-17T11:30:00Z,2026-08-17T13:30:00+0200,46897.82,MW,FR,FR,actual_load,Actual Load,2026-08-22T04:46:30Z
2026-08-22T04:45:07Z,2026-08-22T06:45:07+0200,81890fbb-3a1d-466f-b50a-dc03bf877707,2026-08-17T11:45:00Z,2026-08-17T13:45:00+0200,46602.09,MW,FR,FR,actual_load,Actual Load,2026-08-22T04:46:30Z
2026-08-22T04:45:07Z,2026-08-22T06:45:07+0200,81890fbb-3a1d-466f-b50a-dc03bf877707,2026-08-17T12:00:00Z,2026-08-17T14:00:00+0200,47842.95,MW,FR,FR,actual_load,Actual Load,2026-08-22T04:46:30Z
2026-08-22T04:45:07Z,2026-08-22T06:45:07+0200,81890fbb-3a1d-466f-b50a-dc03bf877707,2026-08-17T12:15:00Z,2026-08-17T14:15:00+0200,47812.37,MW,FR,FR,actual_load,Actual Load,2026-08-22T04:46:30Z
2026-08-22T04:45:07Z,2026-08-22T06:45:07+0200,81890fbb-3a1d-466f-b50a-dc03bf877707,2026-08-17T12:30:00Z,2026-08-17T14:30:00+0200,48028.77,MW,FR,FR,actual_load,Actual Load,2026-08-22T04:46:30Z
2026-08-22T04:45:07Z,2026-08-22T06:45:07+0200,81890fbb-3a1d-466f-b50a-dc03bf877707,2026-08-17T12:45:00Z,2026-08-17T14:45:00+0200,47814.66,MW,FR,FR,actual_load,Actual Load,2026-08-22T04:46:30Z
2026-08-22T04:45:07Z,2026-08-22T06:45:07+0200,81890fbb-3a1d-466f-b50a-dc03bf877707,2026-08-17T13:00:00Z,2026-08-17T15:00:00+0200,48011.35,MW,FR,FR,actual_load,Actual Load,2026-08-22T04:46:30Z
2026-08-22T04:45:07Z,2026-08-22T06:45:07+0200,81890fbb-3a1d-466f-b50a-dc03bf877707,2026-08-17T13:15:00Z,2026-08-17T15:15:00+0200,47484.23,MW,FR,FR,actual_load,Actual Load,2026-08-22T04:46:30Z
2026-08-22T04:45:07Z,2026-08-22T06:45:07+0200,81890fbb-3a1d-466f-b50a-dc03bf877707,2026-08-17T13:30:00Z,2026-08-17T15:30:00+0200,47287.03,MW,FR,FR,actual_load,Actual Load,2026-08-22T04:46:30Z
2026-08-22T04:45:07Z,2026-08-22T06:45:07+0200,81890fbb-3a1d-466f-b50a-dc03bf877707,2026-08-17T13:45:00Z,2026-08-17T15:45:00+0200,47238.37,MW,FR,FR,actual_load,Actual Load,2026-08-22T04:46:30Z
2026-08-22T04:45:07Z,2026-08-22T06:45:07+0200,81890fbb-3a1d-466f-b50a-dc03bf877707,2026-08-17T14:00:00Z,2026-08-17T16:00:00+0200,47103.55,MW,FR,FR,actual_load,Actual Load,2026-08-22T04:46:30Z
2026-08-22T04:45:07Z,2026-08-22T06:45:07+0200,81890fbb-3a1d-466f-b50a-dc03bf877707,2026-08-17T14:15:00Z,2026-08-17T16:15:00+0200,46723.89,MW,FR,FR,actual_load,Actual Load,2026-08-22T04:46:30Z
2026-08-22T04:45:07Z,2026-08-22T06:45:07+0200,81890fbb-3a1d-466f-b50a-dc03bf877707,2026-08-17T14:30:00Z,2026-08-17T16:30:00+0200,46567.05,MW,FR,FR,actual_load,Actual Load,2026-08-22T04:46:30Z
2026-08-22T04:45:07Z,2026-08-22T06:45:07+0200,81890fbb-3a1d-466f-b50a-dc03bf877707,2026-08-17T14:45:00Z,2026-08-17T16:45:00+0200,46348.78,MW,FR,FR,actual_load,Actual Load,2026-08-22T04:46:30Z
2026-08-22T04:45:07Z,2026-08-22T06:45:07+0200,81890fbb-3a1d-466f-b50a-dc03bf877707,2026-08-17T15:00:00Z,2026-08-17T17:00:00+0200,46190.5,MW,FR,FR,actual_load,Actual Load,2026-08-22T04:46:30Z
2026-08-22T04:45:07Z,2026-08-22T06:45:07+0200,81890fbb-3a1d-466f-b50a-dc03bf877707,2026-08-17T15:15:00Z,2026-08-17T17:15:00+0200,45928.91,MW,FR,FR,actual_load,Actual Load,2026-08-22T04:46:30Z
2026-08-22T04:45:07Z,2026-08-22T06:45:07+0200,81890fbb-3a1d-466f-b50a-dc03bf877707,2026-08-17T15:30:00Z,2026-08-17T17:30:00+0200,46013.64,MW,FR,FR,actual_load,Actual Load,2026-08-22T04:46:30Z
2026-08-22T04:45:07Z,2026-08-22T06:45:07+0200,81890fbb-3a1d-466f-b50a-dc03bf877707,2026-08-17T15:45:00Z,2026-08-17T17:45:00+0200,46198.35,MW,FR,FR,actual_load,Actual Load,2026-08-22T04:46:30Z
2026-08-22T04:45:07Z,2026-08-22T06:45:07+0200,81890fbb-3a1d-466f-b50a-dc03bf877707,2026-08-17T16:00:00Z,2026-08-17T18:00:00+0200,46629.65,MW,FR,FR,actual_load,Actual Load,2026-08-22T04:46:30Z
2026-08-22T04:45:07Z,2026-08-22T06:45:07+0200,81890fbb-3a1d-466f-b50a-dc03bf877707,2026-08-17T16:15:00Z,2026-08-17T18:15:00+0200,46763.82,MW,FR,FR,actual_load,Actual Load,2026-08-22T04:46:30Z
2026-08-22T04:45:07Z,2026-08-22T06:45:07+0200,81890fbb-3a1d-466f-b50a-dc03bf877707,2026-08-17T16:30:00Z,2026-08-17T18:30:00+0200,47310.13,MW,FR,FR,actual_load,Actual Load,2026-08-22T04:46:30Z
2026-08-22T04:45:07Z,2026-08-22T06:45:07+0200,81890fbb-3a1d-466f-b50a-dc03bf877707,2026-08-17T16:45:00Z,2026-08-17T18:45:00+0200,47839.59,MW,FR,FR,actual_load,Actual Load,2026-08-22T04:46:30Z
2026-08-22T04:45:07Z,2026-08-22T06:45:07+0200,81890fbb-3a1d-466f-b50a-dc03bf877707,2026-08-17T17:00:00Z,2026-08-17T19:00:00+0200,47971.47,MW,FR,FR,actual_load,Actual Load,2026-08-22T04:46:30Z
2026-08-22T04:45:07Z,2026-08-22T06:45:07+0200,81890fbb-3a1d-466f-b50a-dc03bf877707,2026-08-17T17:15:00Z,2026-08-17T19:15:00+0200,47956.43,MW,FR,FR,actual_load,Actual Load,2026-08-22T04:46:30Z
2026-08-22T04:45:07Z,2026-08-22T06:45:07+0200,81890fbb-3a1d-466f-b50a-dc03bf877707,2026-08-17T17:30:00Z,2026-08-17T19:30:00+0200,47632.25,MW,FR,FR,actual_load,Actual Load,2026-08-22T04:46:30Z
2026-08-22T04:45:07Z,2026-08-22T06:45:07+0200,81890fbb-3a1d-466f-b50a-dc03bf877707,2026-08-17T17:45:00Z,2026-08-17T19:45:00+0200,47165.13,MW,FR,FR,actual_load,Actual Load,2026-08-22T04:46:30Z
2026-08-22T04:45:07Z,2026-08-22T06:45:07+0200,81890fbb-3a1d-466f-b50a-dc03bf877707,2026-08-17T18:00:00Z,2026-08-17T20:00:00+0200,46903.02,MW,FR,FR,actual_load,Actual Load,2026-08-22T04:46:30Z
2026-08-22T04:45:07Z,2026-08-22T06:45:07+0200,81890fbb-3a1d-466f-b50a-dc03bf877707,2026-08-17T18:15:00Z,2026-08-17T20:15:00+0200,46236.15,MW,FR,FR,actual_load,Actual Load,2026-08-22T04:46:30Z
2026-08-22T04:45:07Z,2026-08-22T06:45:07+0200,81890fbb-3a1d-466f-b50a-dc03bf877707,2026-08-17T18:30:00Z,2026-08-17T20:30:00+0200,45721.8,MW,FR,FR,actual_load,Actual Load,2026-08-22T04:46:30Z
2026-08-22T04:45:07Z,2026-08-22T06:45:07+0200,81890fbb-3a1d-466f-b50a-dc03bf877707,2026-08-17T18:45:00Z,2026-08-17T20:45:00+0200,45303.14,MW,FR,FR,actual_load,Actual Load,2026-08-22T04:46:30Z
2026-08-22T04:45:07Z,2026-08-22T06:45:07+0200,81890fbb-3a1d-466f-b50a-dc03bf877707,2026-08-17T19:00:00Z,2026-08-17T21:00:00+0200,45589.77,MW,FR,FR,actual_load,Actual Load,2026-08-22T04:46:30Z
2026-08-22T04:45:07Z,2026-08-22T06:45:07+0200,81890fbb-3a1d-466f-b50a-dc03bf877707,2026-08-17T19:15:00Z,2026-08-17T21:15:00+0200,45513.53,MW,FR,FR,actual_load,Actual Load,2026-08-22T04:46:30Z
2026-08-22T04:45:07Z,2026-08-22T06:45:07+0200,81890fbb-3a1d-466f-b50a-dc03bf877707,2026-08-17T19:30:00Z,2026-08-17T21:30:00+0200,45219.17,MW,FR,FR,actual_load,Actual Load,2026-08-22T04:46:30Z
2026-08-22T04:45:07Z,2026-08-22T06:45:07+0200,81890fbb-3a1d-466f-b50a-dc03bf877707,2026-08-17T19:45:00Z,2026-08-17T21:45:00+0200,44686.2,MW,FR,FR,actual_load,Actual Load,2026-08-22T04:46:30Z
2026-08-22T04:45:07Z,2026-08-22T06:45:07+0200,81890fbb-3a1d-466f-b50a-dc03bf877707,2026-08-17T20:00:00Z,2026-08-17T22:00:00+0200,45426.02,MW,FR,FR,actual_load,Actual Load,2026-08-22T04:46:30Z
2026-08-22T04:45:07Z,2026-08-22T06:45:07+0200,81890fbb-3a1d-466f-b50a-dc03bf877707,2026-08-17T20:15:00Z,2026-08-17T22:15:00+0200,44979.62,MW,FR,FR,actual_load,Actual Load,2026-08-22T04:46:30Z
2026-08-22T04:45:07Z,2026-08-22T06:45:07+0200,81890fbb-3a1d-466f-b50a-dc03bf877707,2026-08-17T20:30:00Z,2026-08-17T22:30:00+0200,45972.36,MW,FR,FR,actual_load,Actual Load,2026-08-22T04:46:30Z
2026-08-22T04:45:07Z,2026-08-22T06:45:07+0200,81890fbb-3a1d-466f-b50a-dc03bf877707,2026-08-17T20:45:00Z,2026-08-17T22:45:00+0200,45255.38,MW,FR,FR,actual_load,Actual Load,2026-08-22T04:46:30Z
2026-08-22T04:45:07Z,2026-08-22T06:45:07+0200,81890fbb-3a1d-466f-b50a-dc03bf877707,2026-08-17T21:00:00Z,2026-08-17T23:00:00+0200,44958.35,MW,FR,FR,actual_load,Actual Load,2026-08-22T04:46:30Z
2026-08-22T04:45:07Z,2026-08-22T06:45:07+0200,81890fbb-3a1d-466f-b50a-dc03bf877707,2026-08-17T21:15:00Z,2026-08-17T23:15:00+0200,43755.88,MW,FR,FR,actual_load,Actual Load,2026-08-22T04:46:30Z
2026-08-22T04:45:07Z,2026-08-22T06:45:07+0200,81890fbb-3a1d-466f-b50a-dc03bf877707,2026-08-17T21:30:00Z,2026-08-17T23:30:00+0200,44083.0,MW,FR,FR,actual_load,Actual Load,2026-08-22T04:46:30Z
2026-08-22T04:45:07Z,2026-08-22T06:45:07+0200,81890fbb-3a1d-466f-b50a-dc03bf877707,2026-08-17T21:45:00Z,2026-08-17T23:45:00+0200,42984.7,MW,FR,FR,actual_load,Actual Load,2026-08-22T04:46:30Z
2026-08-22T04:45:07Z,2026-08-22T06:45:07+0200,81890fbb-3a1d-466f-b50a-dc03bf877707,2026-08-17T22:00:00Z,2026-08-18T00:00:00+0200,42866.98,MW,FR,FR,actual_load,Actual Load,2026-08-22T04:46:30Z
2026-08-22T04:45:07Z,2026-08-22T06:45:07+0200,81890fbb-3a1d-466f-b50a-dc03bf877707,2026-08-17T22:15:00Z,2026-08-18T00:15:00+0200,41921.15,MW,FR,FR,actual_load,Actual Load,2026-08-22T04:46:30Z
2026-08-22T04:45:07Z,2026-08-22T06:45:07+0200,81890fbb-3a1d-466f-b50a-dc03bf877707,2026-08-17T22:30:00Z,2026-08-18T00:30:00+0200,40617.92,MW,FR,FR,actual_load,Actual Load,2026-08-22T04:46:30Z
2026-08-22T04:45:07Z,2026-08-22T06:45:07+0200,81890fbb-3a1d-466f-b50a-dc03bf877707,2026-08-17T22:45:00Z,2026-08-18T00:45:00+0200,39659.0,MW,FR,FR,actual_load,Actual Load,2026-08-22T04:46:30Z
2026-08-22T04:45:07Z,2026-08-22T06:45:07+0200,81890fbb-3a1d-466f-b50a-dc03bf877707,2026-08-17T23:00:00Z,2026-08-18T01:00:00+0200,40031.25,MW,FR,FR,actual_load,Actual Load,2026-08-22T04:46:30Z
2026-08-22T04:45:07Z,2026-08-22T06:45:07+0200,81890fbb-3a1d-466f-b50a-dc03bf877707,2026-08-17T23:15:00Z,2026-08-18T01:15:00+0200,39460.23,MW,FR,FR,actual_load,Actual Load,2026-08-22T04:46:30Z
2026-08-22T04:45:07Z,2026-08-22T06:45:07+0200,81890fbb-3a1d-466f-b50a-dc03bf877707,2026-08-17T23:30:00Z,2026-08-18T01:30:00+0200,39338.04,MW,FR,FR,actual_load,Actual Load,2026-08-22T04:46:30Z
2026-08-22T04:45:07Z,2026-08-22T06:45:07+0200,81890fbb-3a1d-466f-b50a-dc03bf877707,2026-08-17T23:45:00Z,2026-08-18T01:45:00+0200,38672.71,MW,FR,FR,actual_load,Actual Load,2026-08-22T04:46:30Z
2026-08-22T04:45:07Z,2026-08-22T06:45:07+0200,81890fbb-3a1d-466f-b50a-dc03bf877707,2026-08-18T00:00:00Z,2026-08-18T02:00:00+0200,38494.64,MW,FR,FR,actual_load,Actual Load,2026-08-22T04:46:30Z
2026-08-22T04:45:07Z,2026-08-22T06:45:07+0200,81890fbb-3a1d-466f-b50a-dc03bf877707,2026-08-18T00:15:00Z,2026-08-18T02:15:00+0200,37750.71,MW,FR,FR,actual_load,Actual Load,2026-08-22T04:46:30Z
2026-08-22T04:45:07Z,2026-08-22T06:45:07+0200,81890fbb-3a1d-466f-b50a-dc03bf877707,2026-08-18T00:30:00Z,2026-08-18T02:30:00+0200,37148.16,MW,FR,FR,actual_load,Actual Load,2026-08-22T04:46:30Z
2026-08-22T04:45:07Z,2026-08-22T06:45:07+0200,81890fbb-3a1d-466f-b50a-dc03bf877707,2026-08-18T00:45:00Z,2026-08-18T02:45:00+0200,36613.11,MW,FR,FR,actual_load,Actual Load,2026-08-22T04:46:30Z
2026-08-22T04:45:07Z,2026-08-22T06:45:07+0200,81890fbb-3a1d-466f-b50a-dc03bf877707,2026-08-18T01:00:00Z,2026-08-18T03:00:00+0200,36281.02,MW,FR,FR,actual_load,Actual Load,2026-08-22T04:46:30Z
2026-08-22T04:45:07Z,2026-08-22T06:45:07+0200,81890fbb-3a1d-466f-b50a-dc03bf877707,2026-08-18T01:15:00Z,2026-08-18T03:15:00+0200,35891.92,MW,FR,FR,actual_load,Actual Load,2026-08-22T04:46:30Z
2026-08-22T04:45:07Z,2026-08-22T06:45:07+0200,81890fbb-3a1d-466f-b50a-dc03bf877707,2026-08-18T01:30:00Z,2026-08-18T03:30:00+0200,35732.43,MW,FR,FR,actual_load,Actual Load,2026-08-22T04:46:30Z
2026-08-22T04:45:07Z,2026-08-22T06:45:07+0200,81890fbb-3a1d-466f-b50a-dc03bf877707,2026-08-18T01:45:00Z,2026-08-18T03:45:00+0200,35513.37,MW,FR,FR,actual_load,Actual Load,2026-08-22T04:46:30Z
2026-08-22T04:45:07Z,2026-08-22T06:45:07+0200,81890fbb-3a1d-466f-b50a-dc03bf877707,2026-08-18T02:00:00Z,2026-08-18T04:00:00+0200,35584.4,MW,FR,FR,actual_load,Actual Load,2026-08-22T04:46:30Z
2026-08-22T04:45:07Z,2026-08-22T06:45:07+0200,81890fbb-3a1d-466f-b50a-dc03bf877707,2026-08-18T02:15:00Z,2026-08-18T04:15:00+0200,35510.5,MW,FR,FR,actual_load,Actual Load,2026-08-22T04:46:30Z
2026-08-22T04:45:07Z,2026-08-22T06:45:07+0200,81890fbb-3a1d-466f-b50a-dc03bf877707,2026-08-18T02:30:00Z,2026-08-18T04:30:00+0200,35501.52,MW,FR,FR,actual_load,Actual Load,2026-08-22T04:46:30Z
2026-08-22T04:45:07Z,2026-08-22T06:45:07+0200,81890fbb-3a1d-466f-b50a-dc03bf877707,2026-08-18T02:45:00Z,2026-08-18T04:45:00+0200,35491.14,MW,FR,FR,actual_load,Actual Load,2026-08-22T04:46:30Z
2026-08-22T04:45:07Z,2026-08-22T06:45:07+0200,81890fbb-3a1d-466f-b50a-dc03bf877707,2026-08-18T03:00:00Z,2026-08-18T05:00:00+0200,36081.99,MW,FR,FR,actual_load,Actual Load,2026-08-22T04:46:30Z
2026-08-22T04:45:07Z,2026-08-22T06:45:07+0200,81890fbb-3a1d-466f-b50a-dc03bf877707,2026-08-18T03:15:00Z,2026-08-18T05:15:00+0200,36353.32,MW,FR,FR,actual_load,Actual Load,2026-08-22T04:46:30Z
2026-08-22T04:45:07Z,2026-08-22T06:45:07+0200,81890fbb-3a1d-466f-b50a-dc03bf877707,2026-08-18T03:30:00Z,2026-08-18T05:30:00+0200,36605.73,MW,FR,FR,actual_load,Actual Load,2026-08-22T04:46:30Z
2026-08-22T04:45:07Z,2026-08-22T06:45:07+0200,81890fbb-3a1d-466f-b50a-dc03bf877707,2026-08-18T03:45:00Z,2026-08-18T05:45:00+0200,36949.1,MW,FR,FR,actual_load,Actual Load,2026-08-22T04:46:30Z
2026-08-22T04:45:07Z,2026-08-22T06:45:07+0200,81890fbb-3a1d-466f-b50a-dc03bf877707,2026-08-18T04:00:00Z,2026-08-18T06:00:00+0200,37850.14,MW,FR,FR,actual_load,Actual Load,2026-08-22T04:46:30Z
2026-08-22T04:45:07Z,2026-08-22T06:45:07+0200,81890fbb-3a1d-466f-b50a-dc03bf877707,2026-08-18T04:15:00Z,2026-08-18T06:15:00+0200,38241.72,MW,FR,FR,actual_load,Actual Load,2026-08-22T04:46:30Z
2026-08-22T04:45:07Z,2026-08-22T06:45:07+0200,81890fbb-3a1d-466f-b50a-dc03bf877707,2026-08-18T04:30:00Z,2026-08-18T06:30:00+0200,38448.88,MW,FR,FR,actual_load,Actual Load,2026-08-22T04:46:30Z
2026-08-22T04:45:07Z,2026-08-22T06:45:07+0200,81890fbb-3a1d-466f-b50a-dc03bf877707,2026-08-18T04:45:00Z,2026-08-18T06:45:00+0200,38782.11,MW,FR,FR,actual_load,Actual Load,2026-08-22T04:46:30Z
2026-08-22T04:45:07Z,2026-08-22T06:45:07+0200,81890fbb-3a1d-466f-b50a-dc03bf877707,2026-08-18T05:00:00Z,2026-08-18T07:00:00+0200,39183.63,MW,FR,FR,actual_load,Actual Load,2026-08-22T04:46:30Z
2026-08-22T04:45:07Z,2026-08-22T06:45:07+0200,81890fbb-3a1d-466f-b50a-dc03bf877707,2026-08-18T05:15:00Z,2026-08-18T07:15:00+0200,39502.39,MW,FR,FR,actual_load,Actual Load,2026-08-22T04:46:30Z
2026-08-22T04:45:07Z,2026-08-22T06:45:07+0200,81890fbb-3a1d-466f-b50a-dc03bf877707,2026-08-18T05:30:00Z,2026-08-18T07:30:00+0200,39985.63,MW,FR,FR,actual_load,Actual Load,2026-08-22T04:46:30Z
2026-08-22T04:45:07Z,2026-08-22T06:45:07+0200,81890fbb-3a1d-466f-b50a-dc03bf877707,2026-08-18T05:45:00Z,2026-08-18T07:45:00+0200,40566.69,MW,FR,FR,actual_load,Actual Load,2026-08-22T04:46:30Z
2026-08-22T04:45:07Z,2026-08-22T06:45:07+0200,81890fbb-3a1d-466f-b50a-dc03bf877707,2026-08-18T06:00:00Z,2026-08-18T08:00:00+0200,41177.71,MW,FR,FR,actual_load,Actual Load,2026-08-22T04:46:30Z
2026-08-22T04:45:07Z,2026-08-22T06:45:07+0200,81890fbb-3a1d-466f-b50a-dc03bf877707,2026-08-18T06:15:00Z,2026-08-18T08:15:00+0200,41570.4,MW,FR,FR,actual_load,Actual Load,2026-08-22T04:46:30Z
2026-08-22T04:45:07Z,2026-08-22T06:45:07+0200,81890fbb-3a1d-466f-b50a-dc03bf877707,2026-08-18T06:30:00Z,2026-08-18T08:30:00+0200,41984.06,MW,FR,FR,actual_load,Actual Load,2026-08-22T04:46:30Z
2026-08-22T04:45:07Z,2026-08-22T06:45:07+0200,81890fbb-3a1d-466f-b50a-dc03bf877707,2026-08-18T06:45:00Z,2026-08-18T08:45:00+0200,41987.54,MW,FR,FR,actual_load,Actual Load,2026-08-22T04:46:30Z
2026-08-22T04:45:07Z,2026-08-22T06:45:07+0200,81890fbb-3a1d-466f-b50a-dc03bf877707,2026-08-18T07:00:00Z,2026-08-18T09:00:00+0200,42551.45,MW,FR,FR,actual_load,Actual Load,2026-08-22T04:46:30Z
2026-08-22T04:45:07Z,2026-08-22T06:45:07+0200,81890fbb-3a1d-466f-b50a-dc03bf877707,2026-08-18T07:15:00Z,2026-08-18T09:15:00+0200,42943.8,MW,FR,FR,actual_load,Actual Load,2026-08-22T04:46:30Z
2026-08-22T04:45:07Z,2026-08-22T06:45:07+0200,81890fbb-3a1d-466f-b50a-dc03bf877707,2026-08-18T07:30:00Z,2026-08-18T09:30:00+0200,43390.13,MW,FR,FR,actual_load,Actual Load,2026-08-22T04:46:30Z
2026-08-22T04:45:07Z,2026-08-22T06:45:07+0200,81890fbb-3a1d-466f-b50a-dc03bf877707,2026-08-18T07:45:00Z,2026-08-18T09:45:00+0200,44135.86,MW,FR,FR,actual_load,Actual Load,2026-08-22T04:46:30Z
2026-08-22T04:45:07Z,2026-08-22T06:45:07+0200,81890fbb-3a1d-466f-b50a-dc03bf877707,2026-08-18T08:00:00Z,2026-08-18T10:00:00+0200,44711.02,MW,FR,FR,actual_load,Actual Load,2026-08-22T04:46:30Z
2026-08-22T04:45:07Z,2026-08-22T06:45:07+0200,81890fbb-3a1d-466f-b50a-dc03bf877707,2026-08-18T08:15:00Z,2026-08-18T10:15:00+0200,44901.82,MW,FR,FR,actual_load,Actual Load,2026-08-22T04:46:30Z
2026-08-22T04:45:07Z,2026-08-22T06:45:07+0200,81890fbb-3a1d-466f-b50a-dc03bf877707,2026-08-18T08:30:00Z,2026-08-18T10:30:00+0200,44881.66,MW,FR,FR,actual_load,Actual Load,2026-08-22T04:46:30Z
2026-08-22T04:45:07Z,2026-08-22T06:45:07+0200,81890fbb-3a1d-466f-b50a-dc03bf877707,2026-08-18T08:45:00Z,2026-08-18T10:45:00+0200,45604.64,MW,FR,FR,actual_load,Actual Load,2026-08-22T04:46:30Z
2026-08-22T04:45:07Z,2026-08-22T06:45:07+0200,81890fbb-3a1d-466f-b50a-dc03bf877707,2026-08-18T09:00:00Z,2026-08-18T11:00:00+0200,46072.29,MW,FR,FR,actual_load,Actual Load,2026-08-22T04:46:30Z
2026-08-22T04:45:07Z,2026-08-22T06:45:07+0200,81890fbb-3a1d-466f-b50a-dc03bf877707,2026-08-18T09:15:00Z,2026-08-18T11:15:00+0200,46357.67,MW,FR,FR,actual_load,Actual Load,2026-08-22T04:46:30Z
2026-08-22T04:45:07Z,2026-08-22T06:45:07+0200,81890fbb-3a1d-466f-b50a-dc03bf877707,2026-08-18T09:30:00Z,2026-08-18T11:30:00+0200,46785.61,MW,FR,FR,actual_load,Actual Load,2026-08-22T04:46:30Z
2026-08-22T04:45:07Z,2026-08-22T06:45:07+0200,81890fbb-3a1d-466f-b50a-dc03bf877707,2026-08-18T09:45:00Z,2026-08-18T11:45:00+0200,47099.51,MW,FR,FR,actual_load,Actual Load,2026-08-22T04:46:30Z
2026-08-22T04:45:07Z,2026-08-22T06:45:07+0200,81890fbb-3a1d-466f-b50a-dc03bf877707,2026-08-18T10:00:00Z,2026-08-18T12:00:00+0200,47492.52,MW,FR,FR,actual_load,Actual Load,2026-08-22T04:46:30Z
2026-08-22T04:45:07Z,2026-08-22T06:45:07+0200,81890fbb-3a1d-466f-b50a-dc03bf877707,2026-08-18T10:15:00Z,2026-08-18T12:15:00+0200,47703.89,MW,FR,FR,actual_load,Actual Load,2026-08-22T04:46:30Z
2026-08-22T04:45:07Z,2026-08-22T06:45:07+0200,81890fbb-3a1d-466f-b50a-dc03bf877707,2026-08-18T10:30:00Z,2026-08-18T12:30:00+0200,48265.02,MW,FR,FR,actual_load,Actual Load,2026-08-22T04:46:30Z
2026-08-22T04:45:07Z,2026-08-22T06:45:07+0200,81890fbb-3a1d-466f-b50a-dc03bf877707,2026-08-18T10:45:00Z,2026-08-18T12:45:00+0200,47957.3,MW,FR,FR,actual_load,Actual Load,2026-08-22T04:46:30Z
2026-08-22T04:45:07Z,2026-08-22T06:45:07+0200,81890fbb-3a1d-466f-b50a-dc03bf877707,2026-08-18T11:00:00Z,2026-08-18T13:00:00+0200,47919.75,MW,FR,FR,actual_load,Actual Load,2026-08-22T04:46:30Z
2026-08-22T04:45:07Z,2026-08-22T06:45:07+0200,81890fbb-3a1d-466f-b50a-dc03bf877707,2026-08-18T11:15:00Z,2026-08-18T13:15:00+0200,47789.15,MW,FR,FR,actual_load,Actual Load,2026-08-22T04:46:30Z
2026-08-22T04:45:07Z,2026-08-22T06:45:07+0200,81890fbb-3a1d-466f-b50a-dc03bf877707,2026-08-18T11:30:00Z,2026-08-18T13:30:00+0200,47653.03,MW,FR,FR,actual_load,Actual Load,2026-08-22T04:46:30Z
2026-08-22T04:45:07Z,2026-08-22T06:45:07+0200,81890fbb-3a1d-466f-b50a-dc03bf877707,2026-08-18T11:45:00Z,2026-08-18T13:45:00+0200,47642.26,MW,FR,FR,actual_load,Actual Load,2026-08-22T04:46:30Z
2026-08-22T04:45:07Z,2026-08-22T06:45:07+0200,81890fbb-3a1d-466f-b50a-dc03bf877707,2026-08-18T12:00:00Z,2026-08-18T14:00:00+0200,48781.23,MW,FR,FR,actual_load,Actual Load,2026-08-22T04:46:30Z
2026-08-22T04:45:07Z,2026-08-22T06:45:07+0200,81890fbb-3a1d-466f-b50a-dc03bf877707,2026-08-18T12:15:00Z,2026-08-18T14:15:00+0200,48533.78,MW,FR,FR,actual_load,Actual Load,2026-08-22T04:46:30Z
2026-08-22T04:45:07Z,2026-08-22T06:45:07+0200,81890fbb-3a1d-466f-b50a-dc03bf877707,2026-08-18T12:30:00Z,2026-08-18T14:30:00+0200,48660.95,MW,FR,FR,actual_load,Actual Load,2026-08-22T04:46:30Z
2026-08-22T04:45:07Z,2026-08-22T06:45:07+0200,81890fbb-3a1d-466f-b50a-dc03bf877707,2026-08-18T12:45:00Z,2026-08-18T14:45:00+0200,48303.91,MW,FR,FR,actual_load,Actual Load,2026-08-22T04:46:30Z
2026-08-22T04:45:07Z,2026-08-22T06:45:07+0200,81890fbb-3a1d-466f-b50a-dc03bf877707,2026-08-18T13:00:00Z,2026-08-18T15:00:00+0200,48398.86,MW,FR,FR,actual_load,Actual Load,2026-08-22T04:46:30Z
2026-08-22T04:45:07Z,2026-08-22T06:45:07+0200,81890fbb-3a1d-466f-b50a-dc03bf877707,2026-08-18T13:15:00Z,2026-08-18T15:15:00+0200,48333.54,MW,FR,FR,actual_load,Actual Load,2026-08-22T04:46:30Z
2026-08-22T04:45:07Z,2026-08-22T06:45:07+0200,81890fbb-3a1d-466f-b50a-dc03bf877707,2026-08-18T13:30:00Z,2026-08-18T15:30:00+0200,48298.42,MW,FR,FR,actual_load,Actual Load,2026-08-22T04:46:30Z
2026-08-22T04:45:07Z,2026-08-22T06:45:07+0200,81890fbb-3a1d-466f-b50a-dc03bf877707,2026-08-18T13:45:00Z,2026-08-18T15:45:00+0200,47990.38,MW,FR,FR,actual_load,Actual Load,2026-08-22T04:46:30Z
2026-08-22T04:45:07Z,2026-08-22T06:45:07+0200,81890fbb-3a1d-466f-b50a-dc03bf877707,2026-08-18T14:00:00Z,2026-08-18T16:00:00+0200,47798.27,MW,FR,FR,actual_load,Actual Load,2026-08-22T04:46:30Z
2026-08-22T04:45:07Z,2026-08-22T06:45:07+0200,81890fbb-3a1d-466f-b50a-dc03bf877707,2026-08-18T14:15:00Z,2026-08-18T16:15:00+0200,47977.39,MW,FR,FR,actual_load,Actual Load,2026-08-22T04:46:30Z
2026-08-22T04:45:07Z,2026-08-22T06:45:07+0200,81890fbb-3a1d-466f-b50a-dc03bf877707,2026-08-18T14:30:00Z,2026-08-18T16:30:00+0200,47840.01,MW,FR,FR,actual_load,Actual Load,2026-08-22T04:46:30Z
2026-08-22T04:45:07Z,2026-08-22T06:45:07+0200,81890fbb-3a1d-466f-b50a-dc03bf877707,2026-08-18T14:45:00Z,2026-08-18T16:45:00+0200,47739.73,MW,FR,FR,actual_load,Actual Load,2026-08-22T04:46:30Z
2026-08-22T04:45:07Z,2026-08-22T06:45:07+0200,81890fbb-3a1d-466f-b50a-dc03bf877707,2026-08-18T15:00:00Z,2026-08-18T17:00:00+0200,47526.68,MW,FR,FR,actual_load,Actual Load,2026-08-22T04:46:30Z
2026-08-22T04:45:07Z,2026-08-22T06:45:07+0200,81890fbb-3a1d-466f-b50a-dc03bf877707,2026-08-18T15:15:00Z,2026-08-18T17:15:00+0200,47686.12,MW,FR,FR,actual_load,Actual Load,2026-08-22T04:46:30Z
2026-08-22T04:45:07Z,2026-08-22T06:45:07+0200,81890fbb-3a1d-466f-b50a-dc03bf877707,2026-08-18T15:30:00Z,2026-08-18T17:30:00+0200,47769.26,MW,FR,FR,actual_load,Actual Load,2026-08-22T04:46:30Z
2026-08-22T04:45:07Z,2026-08-22T06:45:07+0200,81890fbb-3a1d-466f-b50a-dc03bf877707,2026-08-18T15:45:00Z,2026-08-18T17:45:00+0200,47849.39,MW,FR,FR,actual_load,Actual Load,2026-08-22T04:46:30Z
2026-08-22T04:45:07Z,2026-08-22T06:45:07+0200,81890fbb-3a1d-466f-b50a-dc03bf877707,2026-08-18T16:00:00Z,2026-08-18T18:00:00+0200,47402.03,MW,FR,FR,actual_load,Actual Load,2026-08-22T04:46:30Z
2026-08-22T04:45:07Z,2026-08-22T06:45:07+0200,81890fbb-3a1d-466f-b50a-dc03bf877707,2026-08-18T16:15:00Z,2026-08-18T18:15:00+0200,47700.38,MW,FR,FR,actual_load,Actual Load,2026-08-22T04:46:30Z
2026-08-22T04:45:07Z,2026-08-22T06:45:07+0200,81890fbb-3a1d-466f-b50a-dc03bf877707,2026-08-18T16:30:00Z,2026-08-18T18:30:00+0200,47971.36,MW,FR,FR,actual_load,Actual Load,2026-08-22T04:46:30Z
2026-08-22T04:45:07Z,2026-08-22T06:45:07+0200,81890fbb-3a1d-466f-b50a-dc03bf877707,2026-08-18T16:45:00Z,2026-08-18T18:45:00+0200,48422.23,MW,FR,FR,actual_load,Actual Load,2026-08-22T04:46:30Z
2026-08-22T04:45:07Z,2026-08-22T06:45:07+0200,81890fbb-3a1d-466f-b50a-dc03bf877707,2026-08-18T17:00:00Z,2026-08-18T19:00:00+0200,48516.31,MW,FR,FR,actual_load,Actual Load,2026-08-22T04:46:30Z
2026-08-22T04:45:07Z,2026-08-22T06:45:07+0200,81890fbb-3a1d-466f-b50a-dc03bf877707,2026-08-18T17:15:00Z,2026-08-18T19:15:00+0200,48464.02,MW,FR,FR,actual_load,Actual Load,2026-08-22T04:46:30Z
2026-08-22T04:45:07Z,2026-08-22T06:45:07+0200,81890fbb-3a1d-466f-b50a-dc03bf877707,2026-08-18T17:30:00Z,2026-08-18T19:30:00+0200,48169.42,MW,FR,FR,actual_load,Actual Load,2026-08-22T04:46:30Z
2026-08-22T04:45:07Z,2026-08-22T06:45:07+0200,81890fbb-3a1d-466f-b50a-dc03bf877707,2026-08-18T17:45:00Z,2026-08-18T19:45:00+0200,47871.79,MW,FR,FR,actual_load,Actual Load,2026-08-22T04:46:30Z
2026-08-22T04:45:07Z,2026-08-22T06:45:07+0200,81890fbb-3a1d-466f-b50a-dc03bf877707,2026-08-18T18:00:00Z,2026-08-18T20:00:00+0200,47351.27,MW,FR,FR,actual_load,Actual Load,2026-08-22T04:46:30Z
2026-08-22T04:45:07Z,2026-08-22T06:45:07+0200,81890fbb-3a1d-466f-b50a-dc03bf877707,2026-08-18T18:15:00Z,2026-08-18T20:15:00+0200,46719.68,MW,FR,FR,actual_load,Actual Load,2026-08-22T04:46:30Z
2026-08-22T04:45:07Z,2026-08-22T06:45:07+0200,81890fbb-3a1d-466f-b50a-dc03bf877707,2026-08-18T18:30:00Z,2026-08-18T20:30:00+0200,46099.52,MW,FR,FR,actual_load,Actual Load,2026-08-22T04:46:30Z
2026-08-22T04:45:07Z,2026-08-22T06:45:07+0200,81890fbb-3a1d-466f-b50a-dc03bf877707,2026-08-18T18:45:00Z,2026-08-18T20:45:00+0200,45787.46,MW,FR,FR,actual_load,Actual Load,2026-08-22T04:46:30Z
2026-08-22T04:45:07Z,2026-08-22T06:45:07+0200,81890fbb-3a1d-466f-b50a-dc03bf877707,2026-08-18T19:00:00Z,2026-08-18T21:00:00+0200,45909.3,MW,FR,FR,actual_load,Actual Load,2026-08-22T04:46:30Z
2026-08-22T04:45:07Z,2026-08-22T06:45:07+0200,81890fbb-3a1d-466f-b50a-dc03bf877707,2026-08-18T19:15:00Z,2026-08-18T21:15:00+0200,45568.11,MW,FR,FR,actual_load,Actual Load,2026-08-22T04:46:30Z
2026-08-22T04:45:07Z,2026-08-22T06:45:07+0200,81890fbb-3a1d-466f-b50a-dc03bf877707,2026-08-18T19:30:00Z,2026-08-18T21:30:00+0200,45274.07,MW,FR,FR,actual_load,Actual Load,2026-08-22T04:46:30Z
2026-08-22T04:45:07Z,2026-08-22T06:45:07+0200,81890fbb-3a1d-466f-b50a-dc03bf877707,2026-08-18T19:45:00Z,2026-08-18T21:45:00+0200,44897.08,MW,FR,FR,actual_load,Actual Load,2026-08-22T04:46:30Z
2026-08-22T04:45:07Z,2026-08-22T06:45:07+0200,81890fbb-3a1d-466f-b50a-dc03bf877707,2026-08-18T20:00:00Z,2026-08-18T22:00:00+0200,45506.96,MW,FR,FR,actual_load,Actual Load,2026-08-22T04:46:30Z
2026-08-22T04:45:07Z,2026-08-22T06:45:07+0200,81890fbb-3a1d-466f-b50a-dc03bf877707,2026-08-18T20:15:00Z,2026-08-18T22:15:00+0200,45004.73,MW,FR,FR,actual_load,Actual Load,2026-08-22T04:46:30Z
2026-08-22T04:45:07Z,2026-08-22T06:45:07+0200,81890fbb-3a1d-466f-b50a-dc03bf877707,2026-08-18T20:30:00Z,2026-08-18T22:30:00+0200,45982.41,MW,FR,FR,actual_load,Actual Load,2026-08-22T04:46:30Z
2026-08-22T04:45:07Z,2026-08-22T06:45:07+0200,81890fbb-3a1d-466f-b50a-dc03bf877707,2026-08-18T20:45:00Z,2026-08-18T22:45:00+0200,45368.86,MW,FR,FR,actual_load,Actual Load,2026-08-22T04:46:30Z
2026-08-22T04:45:07Z,2026-08-22T06:45:07+0200,81890fbb-3a1d-466f-b50a-dc03bf877707,2026-08-18T21:00:00Z,2026-08-18T23:00:00+0200,45053.18,MW,FR,FR,actual_load,Actual Load,2026-08-22T04:46:30Z
2026-08-22T04:45:07Z,2026-08-22T06:45:07+0200,81890fbb-3a1d-466f-b50a-dc03bf877707,2026-08-18T21:15:00Z,2026-08-18T23:15:00+0200,44151.09,MW,FR,FR,actual_load,Actual Load,2026-08-22T04:46:30Z
2026-08-22T04:45:07Z,2026-08-22T06:45:07+0200,81890fbb-3a1d-466f-b50a-dc03bf877707,2026-08-18T21:30:00Z,2026-08-18T23:30:00+0200,44206.56,MW,FR,FR,actual_load,Actual Load,2026-08-22T04:46:30Z
2026-08-22T04:45:07Z,2026-08-22T06:45:07+0200,81890fbb-3a1d-466f-b50a-dc03bf877707,2026-08-18T21:45:00Z,2026-08-18T23:45:00+0200,43140.66,MW,FR,FR,actual_load,Actual Load,2026-08-22T04:46:30Z
2026-08-22T04:45:07Z,2026-08-22T06:45:07+0200,81890fbb-3a1d-466f-b50a-dc03bf877707,2026-08-18T22:00:00Z,2026-08-19T00:00:00+0200,43477.2,MW,FR,FR,actual_load,Actual Load,2026-08-22T04:46:30Z
2026-08-22T04:45:07Z,2026-08-22T06:45:07+0200,81890fbb-3a1d-466f-b50a-dc03bf877707,2026-08-18T22:15:00Z,2026-08-19T00:15:00+0200,42356.66,MW,FR,FR,actual_load,Actual Load,2026-08-22T04:46:30Z
2026-08-22T04:45:07Z,2026-08-22T06:45:07+0200,81890fbb-3a1d-466f-b50a-dc03bf877707,2026-08-18T22:30:00Z,2026-08-19T00:30:00+0200,40748.59,MW,FR,FR,actual_load,Actual Load,2026-08-22T04:46:30Z
2026-08-22T04:45:07Z,2026-08-22T06:45:07+0200,81890fbb-3a1d-466f-b50a-dc03bf877707,2026-08-18T22:45:00Z,2026-08-19T00:45:00+0200,39803.75,MW,FR,FR,actual_load,Actual Load,2026-08-22T04:46:30Z
2026-08-22T04:45:07Z,2026-08-22T06:45:07+0200,81890fbb-3a1d-466f-b50a-dc03bf877707,2026-08-18T23:00:00Z,2026-08-19T01:00:00+0200,40091.27,MW,FR,FR,actual_load,Actual Load,2026-08-22T04:46:30Z
2026-08-22T04:45:07Z,2026-08-22T06:45:07+0200,81890fbb-3a1d-466f-b50a-dc03bf877707,2026-08-18T23:15:00Z,2026-08-19T01:15:00+0200,39511.88,MW,FR,FR,actual_load,Actual Load,2026-08-22T04:46:30Z
2026-08-22T04:45:07Z,2026-08-22T06:45:07+0200,81890fbb-3a1d-466f-b50a-dc03bf877707,2026-08-18T23:30:00Z,2026-08-19T01:30:00+0200,39362.68,MW,FR,FR,actual_load,Actual Load,2026-08-22T04:46:30Z
2026-08-22T04:45:07Z,2026-08-22T06:45:07+0200,81890fbb-3a1d-466f-b50a-dc03bf877707,2026-08-18T23:45:00Z,2026-08-19T01:45:00+0200,38664.4,MW,FR,FR,actual_load,Actual Load,2026-08-22T04:46:30Z
2026-08-22T04:45:07Z,2026-08-22T06:45:07+0200,81890fbb-3a1d-466f-b50a-dc03bf877707,2026-08-19T00:00:00Z,2026-08-19T02:00:00+0200,38396.22,MW,FR,FR,actual_load,Actual Load,2026-08-22T04:46:30Z
2026-08-22T04:45:07Z,2026-08-22T06:45:07+0200,81890fbb-3a1d-466f-b50a-dc03bf877707,2026-08-19T00:15:00Z,2026-08-19T02:15:00+0200,37645.67,MW,FR,FR,actual_load,Actual Load,2026-08-22T04:46:30Z
2026-08-22T04:45:07Z,2026-08-22T06:45:07+0200,81890fbb-3a1d-466f-b50a-dc03bf877707,2026-08-19T00:30:00Z,2026-08-19T02:30:00+0200,36903.32,MW,FR,FR,actual_load,Actual Load,2026-08-22T04:46:30Z
2026-08-22T04:45:07Z,2026-08-22T06:45:07+0200,81890fbb-3a1d-466f-b50a-dc03bf877707,2026-08-19T00:45:00Z,2026-08-19T02:45:00+0200,36283.2,MW,FR,FR,actual_load,Actual Load,2026-08-22T04:46:30Z
2026-08-22T04:45:07Z,2026-08-22T06:45:07+0200,81890fbb-3a1d-466f-b50a-dc03bf877707,2026-08-19T01:00:00Z,2026-08-19T03:00:00+0200,35905.23,MW,FR,FR,actual_load,Actual Load,2026-08-22T04:46:30Z
2026-08-22T04:45:07Z,2026-08-22T06:45:07+0200,81890fbb-3a1d-466f-b50a-dc03bf877707,2026-08-19T01:15:00Z,2026-08-19T03:15:00+0200,35639.82,MW,FR,FR,actual_load,Actual Load,2026-08-22T04:46:30Z
2026-08-22T04:45:07Z,2026-08-22T06:45:07+0200,81890fbb-3a1d-466f-b50a-dc03bf877707,2026-08-19T01:30:00Z,2026-08-19T03:30:00+0200,35426.02,MW,FR,FR,actual_load,Actual Load,2026-08-22T04:46:30Z
2026-08-22T04:45:07Z,2026-08-22T06:45:07+0200,81890fbb-3a1d-466f-b50a-dc03bf877707,2026-08-19T01:45:00Z,2026-08-19T03:45:00+0200,35323.14,MW,FR,FR,actual_load,Actual Load,2026-08-22T04:46:30Z
2026-08-22T04:45:07Z,2026-08-22T06:45:07+0200,81890fbb-3a1d-466f-b50a-dc03bf877707,2026-08-19T02:00:00Z,2026-08-19T04:00:00+0200,35250.06,MW,FR,FR,actual_load,Actual Load,2026-08-22T04:46:30Z
2026-08-22T04:45:07Z,2026-08-22T06:45:07+0200,81890fbb-3a1d-466f-b50a-dc03bf877707,2026-08-19T02:15:00Z,2026-08-19T04:15:00+0200,35045.9,MW,FR,FR,actual_load,Actual Load,2026-08-22T04:46:30Z
2026-08-22T04:45:07Z,2026-08-22T06:45:07+0200,81890fbb-3a1d-466f-b50a-dc03bf877707,2026-08-19T02:30:00Z,2026-08-19T04:30:00+0200,35230.86,MW,FR,FR,actual_load,Actual Load,2026-08-22T04:46:30Z
2026-08-22T04:45:07Z,2026-08-22T06:45:07+0200,81890fbb-3a1d-466f-b50a-dc03bf877707,2026-08-19T02:45:00Z,2026-08-19T04:45:00+0200,35298.01,MW,FR,FR,actual_load,Actual Load,2026-08-22T04:46:30Z
2026-08-22T04:45:07Z,2026-08-22T06:45:07+0200,81890fbb-3a1d-466f-b50a-dc03bf877707,2026-08-19T03:00:00Z,2026-08-19T05:00:00+0200,35587.34,MW,FR,FR,actual_load,Actual Load,2026-08-22T04:46:30Z
2026-08-22T04:45:07Z,2026-08-22T06:45:07+0200,81890fbb-3a1d-466f-b50a-dc03bf877707,2026-08-19T03:15:00Z,2026-08-19T05:15:00+0200,35952.39,MW,FR,FR,actual_load,Actual Load,2026-08-22T04:46:30Z
2026-08-22T04:45:07Z,2026-08-22T06:45:07+0200,81890fbb-3a1d-466f-b50a-dc03bf877707,2026-08-19T03:30:00Z,2026-08-19T05:30:00+0200,36485.38,MW,FR,FR,actual_load,Actual Load,2026-08-22T04:46:30Z
2026-08-22T04:45:07Z,2026-08-22T06:45:07+0200,81890fbb-3a1d-466f-b50a-dc03bf877707,2026-08-19T03:45:00Z,2026-08-19T05:45:00+0200,36765.04,MW,FR,FR,actual_load,Actual Load,2026-08-22T04:46:30Z
2026-08-22T04:45:07Z,2026-08-22T06:45:07+0200,81890fbb-3a1d-466f-b50a-dc03bf877707,2026-08-19T04:00:00Z,2026-08-19T06:00:00+0200,37452.3,MW,FR,FR,actual_load,Actual Load,2026-08-22T04:46:30Z
2026-08-22T04:45:07Z,2026-08-22T06:45:07+0200,81890fbb-3a1d-466f-b50a-dc03bf877707,2026-08-19T04:15:00Z,2026-08-19T06:15:00+0200,38096.86,MW,FR,FR,actual_load,Actual Load,2026-08-22T04:46:30Z
2026-08-22T04:45:07Z,2026-08-22T06:45:07+0200,81890fbb-3a1d-466f-b50a-dc03bf877707,2026-08-19T04:30:00Z,2026-08-19T06:30:00+0200,38395.23,MW,FR,FR,actual_load,Actual Load,2026-08-22T04:46:30Z
2026-08-22T04:45:07Z,2026-08-22T06:45:07+0200,81890fbb-3a1d-466f-b50a-dc03bf877707,2026-08-19T04:45:00Z,2026-08-19T06:45:00+0200,38845.47,MW,FR,FR,actual_load,Actual Load,2026-08-22T04:46:30Z
2026-08-22T04:45:07Z,2026-08-22T06:45:07+0200,81890fbb-3a1d-466f-b50a-dc03bf877707,2026-08-19T05:00:00Z,2026-08-19T07:00:00+0200,39085.57,MW,FR,FR,actual_load,Actual Load,2026-08-22T04:46:30Z
2026-08-22T04:45:07Z,2026-08-22T06:45:07+0200,81890fbb-3a1d-466f-b50a-dc03bf877707,2026-08-19T05:15:00Z,2026-08-19T07:15:00+0200,39365.05,MW,FR,FR,actual_load,Actual Load,2026-08-22T04:46:30Z
2026-08-22T04:45:07Z,2026-08-22T06:45:07+0200,81890fbb-3a1d-466f-b50a-dc03bf877707,2026-08-19T05:30:00Z,2026-08-19T07:30:00+0200,39743.45,MW,FR,FR,actual_load,Actual Load,2026-08-22T04:46:30Z
2026-08-22T04:45:07Z,2026-08-22T06:45:07+0200,81890fbb-3a1d-466f-b50a-dc03bf877707,2026-08-19T05:45:00Z,2026-08-19T07:45:00+0200,40289.8,MW,FR,FR,actual_load,Actual Load,2026-08-22T04:46:30Z
2026-08-22T04:45:07Z,2026-08-22T06:45:07+0200,81890fbb-3a1d-466f-b50a-dc03bf877707,2026-08-19T06:00:00Z,2026-08-19T08:00:00+0200,40802.48,MW,FR,FR,actual_load,Actual Load,2026-08-22T04:46:30Z
2026-08-22T04:45:07Z,2026-08-22T06:45:07+0200,81890fbb-3a1d-466f-b50a-dc03bf877707,2026-08-19T06:15:00Z,2026-08-19T08:15:00+0200,41366.61,MW,FR,FR,actual_load,Actual Load,2026-08-22T04:46:30Z
2026-08-22T04:45:07Z,2026-08-22T06:45:07+0200,81890fbb-3a1d-466f-b50a-dc03bf877707,2026-08-19T06:30:00Z,2026-08-19T08:30:00+0200,42151.76,MW,FR,FR,actual_load,Actual Load,2026-08-22T04:46:30Z
2026-08-22T04:45:07Z,2026-08-22T06:45:07+0200,81890fbb-3a1d-466f-b50a-dc03bf877707,2026-08-19T06:45:00Z,2026-08-19T08:45:00+0200,42509.0,MW,FR,FR,actual_load,Actual Load,2026-08-22T04:46:30Z
2026-08-22T04:45:07Z,2026-08-22T06:45:07+0200,81890fbb-3a1d-466f-b50a-dc03bf877707,2026-08-19T07:00:00Z,2026-08-19T09:00:00+0200,42851.03,MW,FR,FR,actual_load,Actual Load,2026-08-22T04:46:30Z
2026-08-22T04:45:07Z,2026-08-22T06:45:07+0200,81890fbb-3a1d-466f-b50a-dc03bf877707,2026-08-19T07:15:00Z,2026-08-19T09:15:00+0200,43484.1,MW,FR,FR,actual_load,Actual Load,2026-08-22T04:46:30Z
2026-08-22T04:45:07Z,2026-08-22T06:45:07+0200,81890fbb-3a1d-466f-b50a-dc03bf877707,2026-08-19T07:30:00Z,2026-08-19T09:30:00+0200,44059.13,MW,FR,FR,actual_load,Actual Load,2026-08-22T04:46:30Z
2026-08-22T04:45:07Z,2026-08-22T06:45:07+0200,81890fbb-3a1d-466f-b50a-dc03bf877707,2026-08-19T07:45:00Z,2026-08-19T09:45:00+0200,44495.88,MW,FR,FR,actual_load,Actual Load,2026-08-22T04:46:30Z
2026-08-22T04:45:07Z,2026-08-22T06:45:07+0200,81890fbb-3a1d-466f-b50a-dc03bf877707,2026-08-19T08:00:00Z,2026-08-19T10:00:00+0200,44979.56,MW,FR,FR,actual_load,Actual Load,2026-08-22T04:46:30Z
2026-08-22T04:45:07Z,2026-08-22T06:45:07+0200,81890fbb-3a1d-466f-b50a-dc03bf877707,2026-08-19T08:15:00Z,2026-08-19T10:15:00+0200,45394.05,MW,FR,FR,actual_load,Actual Load,2026-08-22T04:46:30Z
2026-08-22T04:45:07Z,2026-08-22T06:45:07+0200,81890fbb-3a1d-466f-b50a-dc03bf877707,2026-08-19T08:30:00Z,2026-08-19T10:30:00+0200,45637.0,MW,FR,FR,actual_load,Actual Load,2026-08-22T04:46:30Z
2026-08-22T04:45:07Z,2026-08-22T06:45:07+0200,81890fbb-3a1d-466f-b50a-dc03bf877707,2026-08-19T08:45:00Z,2026-08-19T10:45:00+0200,46274.89,MW,FR,FR,actual_load,Actual Load,2026-08-22T04:46:30Z
2026-08-22T04:45:07Z,2026-08-22T06:45:07+0200,81890fbb-3a1d-466f-b50a-dc03bf877707,2026-08-19T09:00:00Z,2026-08-19T11:00:00+0200,46490.34,MW,FR,FR,actual_load,Actual Load,2026-08-22T04:46:30Z
2026-08-22T04:45:07Z,2026-08-22T06:45:07+0200,81890fbb-3a1d-466f-b50a-dc03bf877707,2026-08-19T09:15:00Z,2026-08-19T11:15:00+0200,46856.86,MW,FR,FR,actual_load,Actual Load,2026-08-22T04:46:30Z
2026-08-22T04:45:07Z,2026-08-22T06:45:07+0200,81890fbb-3a1d-466f-b50a-dc03bf877707,2026-08-19T09:30:00Z,2026-08-19T11:30:00+0200,47560.63,MW,FR,FR,actual_load,Actual Load,2026-08-22T04:46:30Z
2026-08-22T04:45:07Z,2026-08-22T06:45:07+0200,81890fbb-3a1d-466f-b50a-dc03bf877707,2026-08-19T09:45:00Z,2026-08-19T11:45:00+0200,48025.86,MW,FR,FR,actual_load,Actual Load,2026-08-22T04:46:30Z
2026-08-22T04:45:07Z,2026-08-22T06:45:07+0200,81890fbb-3a1d-466f-b50a-dc03bf877707,2026-08-19T10:00:00Z,2026-08-19T12:00:00+0200,48439.68,MW,FR,FR,actual_load,Actual Load,2026-08-22T04:46:30Z
2026-08-22T04:45:07Z,2026-08-22T06:45:07+0200,81890fbb-3a1d-466f-b50a-dc03bf877707,2026-08-19T10:15:00Z,2026-08-19T12:15:00+0200,48975.69,MW,FR,FR,actual_load,Actual Load,2026-08-22T04:46:30Z
2026-08-22T04:45:07Z,2026-08-22T06:45:07+0200,81890fbb-3a1d-466f-b50a-dc03bf877707,2026-08-19T10:30:00Z,2026-08-19T12:30:00+0200,49378.18,MW,FR,FR,actual_load,Actual Load,2026-08-22T04:46:30Z
2026-08-22T04:45:07Z,2026-08-22T06:45:07+0200,81890fbb-3a1d-466f-b50a-dc03bf877707,2026-08-19T10:45:00Z,2026-08-19T12:45:00+0200,48718.27,MW,FR,FR,actual_load,Actual Load,2026-08-22T04:46:30Z
2026-08-22T04:45:07Z,2026-08-22T06:45:07+0200,81890fbb-3a1d-466f-b50a-dc03bf877707,2026-08-19T11:00:00Z,2026-08-19T13:00:00+0200,48615.26,MW,FR,FR,actual_load,Actual Load,2026-08-22T04:46:30Z
2026-08-22T04:45:07Z,2026-08-22T06:45:07+0200,81890fbb-3a1d-466f-b50a-dc03bf877707,2026-08-19T11:15:00Z,2026-08-19T13:15:00+0200,48395.48,MW,FR,FR,actual_load,Actual Load,2026-08-22T04:46:30Z
2026-08-22T04:45:07Z,2026-08-22T06:45:07+0200,81890fbb-3a1d-466f-b50a-dc03bf877707,2026-08-19T11:30:00Z,2026-08-19T13:30:00+0200,47879.16,MW,FR,FR,actual_load,Actual Load,2026-08-22T04:46:30Z
2026-08-22T04:45:07Z,2026-08-22T06:45:07+0200,81890fbb-3a1d-466f-b50a-dc03bf877707,2026-08-19T11:45:00Z,2026-08-19T13:45:00+0200,47838.59,MW,FR,FR,actual_load,Actual Load,2026-08-22T04:46:30Z
2026-08-22T04:45:07Z,2026-08-22T06:45:07+0200,81890fbb-3a1d-466f-b50a-dc03bf877707,2026-08-19T12:00:00Z,2026-08-19T14:00:00+0200,48948.77,MW,FR,FR,actual_load,Actual Load,2026-08-22T04:46:30Z
2026-08-22T04:45:07Z,2026-08-22T06:45:07+0200,81890fbb-3a1d-466f-b50a-dc03bf877707,2026-08-19T12:15:00Z,2026-08-19T14:15:00+0200,49030.82,MW,FR,FR,actual_load,Actual Load,2026-08-22T04:46:30Z
2026-08-22T04:45:07Z,2026-08-22T06:45:07+0200,81890fbb-3a1d-466f-b50a-dc03bf877707,2026-08-19T12:30:00Z,2026-08-19T14:30:00+0200,49050.51,MW,FR,FR,actual_load,Actual Load,2026-08-22T04:46:30Z
2026-08-22T04:45:07Z,2026-08-22T06:45:07+0200,81890fbb-3a1d-466f-b50a-dc03bf877707,2026-08-19T12:45:00Z,2026-08-19T14:45:00+0200,48707.3,MW,FR,FR,actual_load,Actual Load,2026-08-22T04:46:30Z
2026-08-22T04:45:07Z,2026-08-22T06:45:07+0200,81890fbb-3a1d-466f-b50a-dc03bf877707,2026-08-19T13:00:00Z,2026-08-19T15:00:00+0200,48821.5,MW,FR,FR,actual_load,Actual Load,2026-08-22T04:46:30Z
2026-08-22T04:45:07Z,2026-08-22T06:45:07+0200,81890fbb-3a1d-466f-b50a-dc03bf877707,2026-08-19T13:15:00Z,2026-08-19T15:15:00+0200,48622.22,MW,FR,FR,actual_load,Actual Load,2026-08-22T04:46:30Z
2026-08-22T04:45:07Z,2026-08-22T06:45:07+0200,81890fbb-3a1d-466f-b50a-dc03bf877707,2026-08-19T13:30:00Z,2026-08-19T15:30:00+0200,48413.65,MW,FR,FR,actual_load,Actual Load,2026-08-22T04:46:30Z
2026-08-22T04:45:07Z,2026-08-22T06:45:07+0200,81890fbb-3a1d-466f-b50a-dc03bf877707,2026-08-19T13:45:00Z,2026-08-19T15:45:00+0200,48138.85,MW,FR,FR,actual_load,Actual Load,2026-08-22T04:46:30Z
2026-08-22T04:45:07Z,2026-08-22T06:45:07+0200,81890fbb-3a1d-466f-b50a-dc03bf877707,2026-08-19T14:00:00Z,2026-08-19T16:00:00+0200,47824.54,MW,FR,FR,actual_load,Actual Load,2026-08-22T04:46:30Z
2026-08-22T04:45:07Z,2026-08-22T06:45:07+0200,81890fbb-3a1d-466f-b50a-dc03bf877707,2026-08-19T14:15:00Z,2026-08-19T16:15:00+0200,47577.81,MW,FR,FR,actual_load,Actual Load,2026-08-22T04:46:30Z
2026-08-22T04:45:07Z,2026-08-22T06:45:07+0200,81890fbb-3a1d-466f-b50a-dc03bf877707,2026-08-19T14:30:00Z,2026-08-19T16:30:00+0200,47504.96,MW,FR,FR,actual_load,Actual Load,2026-08-22T04:46:30Z
2026-08-22T04:45:07Z,2026-08-22T06:45:07+0200,81890fbb-3a1d-466f-b50a-dc03bf877707,2026-08-19T14:45:00Z,2026-08-19T16:45:00+0200,47524.61,MW,FR,FR,actual_load,Actual Load,2026-08-22T04:46:30Z
2026-08-22T04:45:07Z,2026-08-22T06:45:07+0200,81890fbb-3a1d-466f-b50a-dc03bf877707,2026-08-19T15:00:00Z,2026-08-19T17:00:00+0200,46905.52,MW,FR,FR,actual_load,Actual Load,2026-08-22T04:46:30Z
2026-08-22T04:45:07Z,2026-08-22T06:45:07+0200,81890fbb-3a1d-466f-b50a-dc03bf877707,2026-08-19T15:15:00Z,2026-08-19T17:15:00+0200,46944.35,MW,FR,FR,actual_load,Actual Load,2026-08-22T04:46:30Z
2026-08-22T04:45:07Z,2026-08-22T06:45:07+0200,81890fbb-3a1d-466f-b50a-dc03bf877707,2026-08-19T15:30:00Z,2026-08-19T17:30:00+0200,47435.53,MW,FR,FR,actual_load,Actual Load,2026-08-22T04:46:30Z
2026-08-22T04:45:07Z,2026-08-22T06:45:07+0200,81890fbb-3a1d-466f-b50a-dc03bf877707,2026-08-19T15:45:00Z,2026-08-19T17:45:00+0200,47511.47,MW,FR,FR,actual_load,Actual Load,2026-08-22T04:46:30Z
2026-08-22T04:45:07Z,2026-08-22T06:45:07+0200,81890fbb-3a1d-466f-b50a-dc03bf877707,2026-08-19T16:00:00Z,2026-08-19T18:00:00+0200,47892.22,MW,FR,FR,actual_load,Actual Load,2026-08-22T04:46:30Z
2026-08-22T04:45:07Z,2026-08-22T06:45:07+0200,81890fbb-3a1d-466f-b50a-dc03bf877707,2026-08-19T16:15:00Z,2026-08-19T18:15:00+0200,48296.16,MW,FR,FR,actual_load,Actual Load,2026-08-22T04:46:30Z
2026-08-22T04:45:07Z,2026-08-22T06:45:07+0200,81890fbb-3a1d-466f-b50a-dc03bf877707,2026-08-19T16:30:00Z,2026-08-19T18:30:00+0200,48510.23,MW,FR,FR,actual_load,Actual Load,2026-08-22T04:46:30Z
2026-08-22T04:45:07Z,2026-08-22T06:45:07+0200,81890fbb-3a1d-466f-b50a-dc03bf877707,2026-08-19T16:45:00Z,2026-08-19T18:45:00+0200,48972.17,MW,FR,FR,actual_load,Actual Load,2026-08-22T04:46:30Z
2026-08-22T04:45:07Z,2026-08-22T06:45:07+0200,81890fbb-3a1d-466f-b50a-dc03bf877707,2026-08-19T17:00:00Z,2026-08-19T19:00:00+0200,48908.14,MW,FR,FR,actual_load,Actual Load,2026-08-22T04:46:30Z
2026-08-22T04:45:07Z,2026-08-22T06:45:07+0200,81890fbb-3a1d-466f-b50a-dc03bf877707,2026-08-19T17:15:00Z,2026-08-19T19:15:00+0200,48813.39,MW,FR,FR,actual_load,Actual Load,2026-08-22T04:46:30Z
2026-08-22T04:45:07Z,2026-08-22T06:45:07+0200,81890fbb-3a1d-466f-b50a-dc03bf877707,2026-08-19T17:30:00Z,2026-08-19T19:30:00+0200,48702.39,MW,FR,FR,actual_load,Actual Load,2026-08-22T04:46:30Z
2026-08-22T04:45:07Z,2026-08-22T06:45:07+0200,81890fbb-3a1d-466f-b50a-dc03bf877707,2026-08-19T17:45:00Z,2026-08-19T19:45:00+0200,48189.1,MW,FR,FR,actual_load,Actual Load,2026-08-22T04:46:30Z
2026-08-22T04:45:07Z,2026-08-22T06:45:07+0200,81890fbb-3a1d-466f-b50a-dc03bf877707,2026-08-19T18:00:00Z,2026-08-19T20:00:00+0200,47770.59,MW,FR,FR,actual_load,Actual Load,2026-08-22T04:46:30Z
2026-08-22T04:45:07Z,2026-08-22T06:45:07+0200,81890fbb-3a1d-466f-b50a-dc03bf877707,2026-08-19T18:15:00Z,2026-08-19T20:15:00+0200,46947.43,MW,FR,FR,actual_load,Actual Load,2026-08-22T04:46:30Z
2026-08-22T04:45:07Z,2026-08-22T06:45:07+0200,81890fbb-3a1d-466f-b50a-dc03bf877707,2026-08-19T18:30:00Z,2026-08-19T20:30:00+0200,46332.59,MW,FR,FR,actual_load,Actual Load,2026-08-22T04:46:30Z
2026-08-22T04:45:07Z,2026-08-22T06:45:07+0200,81890fbb-3a1d-466f-b50a-dc03bf877707,2026-08-19T18:45:00Z,2026-08-19T20:45:00+0200,46143.04,MW,FR,FR,actual_load,Actual Load,2026-08-22T04:46:30Z
2026-08-22T04:45:07Z,2026-08-22T06:45:07+0200,81890fbb-3a1d-466f-b50a-dc03bf877707,2026-08-19T19:00:00Z,2026-08-19T21:00:00+0200,46328.63,MW,FR,FR,actual_load,Actual Load,2026-08-22T04:46:30Z
2026-08-22T04:45:07Z,2026-08-22T06:45:07+0200,81890fbb-3a1d-466f-b50a-dc03bf877707,2026-08-19T19:15:00Z,2026-08-19T21:15:00+0200,46087.63,MW,FR,FR,actual_load,Actual Load,2026-08-22T04:46:30Z
2026-08-22T04:45:07Z,2026-08-22T06:45:07+0200,81890fbb-3a1d-466f-b50a-dc03bf877707,2026-08-19T19:30:00Z,2026-08-19T21:30:00+0200,45681.87,MW,FR,FR,actual_load,Actual Load,2026-08-22T04:46:30Z
2026-08-22T04:45:07Z,2026-08-22T06:45:07+0200,81890fbb-3a1d-466f-b50a-dc03bf877707,2026-08-19T19:45:00Z,2026-08-19T21:45:00+0200,45190.13,MW,FR,FR,actual_load,Actual Load,2026-08-22T04:46:30Z
2026-08-22T04:45:07Z,2026-08-22T06:45:07+0200,81890fbb-3a1d-466f-b50a-dc03bf877707,2026-08-19T20:00:00Z,2026-08-19T22:00:00+0200,45732.13,MW,FR,FR,actual_load,Actual Load,2026-08-22T04:46:30Z
2026-08-22T04:45:07Z,2026-08-22T06:45:07+0200,81890fbb-3a1d-466f-b50a-dc03bf877707,2026-08-19T20:15:00Z,2026-08-19T22:15:00+0200,45161.09,MW,FR,FR,actual_load,Actual Load,2026-08-22T04:46:30Z
2026-08-22T04:45:07Z,2026-08-22T06:45:07+0200,81890fbb-3a1d-466f-b50a-dc03bf877707,2026-08-19T20:30:00Z,2026-08-19T22:30:00+0200,46098.92,MW,FR,FR,actual_load,Actual Load,2026-08-22T04:46:30Z
2026-08-22T04:45:07Z,2026-08-22T06:45:07+0200,81890fbb-3a1d-466f-b50a-dc03bf877707,2026-08-19T20:45:00Z,2026-08-19T22:45:00+0200,45459.5,MW,FR,FR,actual_load,Actual Load,2026-08-22T04:46:30Z
2026-08-22T04:45:07Z,2026-08-22T06:45:07+0200,81890fbb-3a1d-466f-b50a-dc03bf877707,2026-08-19T21:00:00Z,2026-08-19T23:00:00+0200,45284.36,MW,FR,FR,actual_load,Actual Load,2026-08-22T04:46:30Z
2026-08-22T04:45:07Z,2026-08-22T06:45:07+0200,81890fbb-3a1d-466f-b50a-dc03bf877707,2026-08-19T21:15:00Z,2026-08-19T23:15:00+0200,44203.46,MW,FR,FR,actual_load,Actual Load,2026-08-22T04:46:30Z
2026-08-22T04:45:07Z,2026-08-22T06:45:07+0200,81890fbb-3a1d-466f-b50a-dc03bf877707,2026-08-19T21:30:00Z,2026-08-19T23:30:00+0200,44389.79,MW,FR,FR,actual_load,Actual Load,2026-08-22T04:46:30Z
2026-08-22T04:45:07Z,2026-08-22T06:45:07+0200,81890fbb-3a1d-466f-b50a-dc03bf877707,2026-08-19T21:45:00Z,2026-08-19T23:45:00+0200,43551.1,MW,FR,FR,actual_load,Actual Load,2026-08-22T04:46:30Z
2026-08-22T04:45:07Z,2026-08-22T06:45:07+0200,81890fbb-3a1d-466f-b50a-dc03bf877707,2026-08-19T22:00:00Z,2026-08-20T00:00:00+0200,43429.79,MW,FR,FR,actual_load,Actual Load,2026-08-22T04:46:30Z
2026-08-22T04:45:07Z,2026-08-22T06:45:07+0200,81890fbb-3a1d-466f-b50a-dc03bf877707,2026-08-19T22:15:00Z,2026-08-20T00:15:00+0200,42279.27,MW,FR,FR,actual_load,Actual Load,2026-08-22T04:46:30Z
2026-08-22T04:45:07Z,2026-08-22T06:45:07+0200,81890fbb-3a1d-466f-b50a-dc03bf877707,2026-08-19T22:30:00Z,2026-08-20T00:30:00+0200,40960.07,MW,FR,FR,actual_load,Actual Load,2026-08-22T04:46:30Z
2026-08-22T04:45:07Z,2026-08-22T06:45:07+0200,81890fbb-3a1d-466f-b50a-dc03bf877707,2026-08-19T22:45:00Z,2026-08-20T00:45:00+0200,39991.94,MW,FR,FR,actual_load,Actual Load,2026-08-22T04:46:30Z
2026-08-22T04:45:07Z,2026-08-22T06:45:07+0200,81890fbb-3a1d-466f-b50a-dc03bf877707,2026-08-19T23:00:00Z,2026-08-20T01:00:00+0200,40324.45,MW,FR,FR,actual_load,Actual Load,2026-08-22T04:46:30Z
2026-08-22T04:45:07Z,2026-08-22T06:45:07+0200,81890fbb-3a1d-466f-b50a-dc03bf877707,2026-08-19T23:15:00Z,2026-08-20T01:15:00+0200,39562.75,MW,FR,FR,actual_load,Actual Load,2026-08-22T04:46:30Z
2026-08-22T04:45:07Z,2026-08-22T06:45:07+0200,81890fbb-3a1d-466f-b50a-dc03bf877707,2026-08-19T23:30:00Z,2026-08-20T01:30:00+0200,39678.77,MW,FR,FR,actual_load,Actual Load,2026-08-22T04:46:30Z
2026-08-22T04:45:07Z,2026-08-22T06:45:07+0200,81890fbb-3a1d-466f-b50a-dc03bf877707,2026-08-19T23:45:00Z,2026-08-20T01:45:00+0200,39071.95,MW,FR,FR,actual_load,Actual Load,2026-08-22T04:46:30Z
2026-08-22T04:45:07Z,2026-08-22T06:45:07+0200,81890fbb-3a1d-466f-b50a-dc03bf877707,2026-08-20T00:00:00Z,2026-08-20T02:00:00+0200,38821.26,MW,FR,FR,actual_load,Actual Load,2026-08-22T04:46:30Z
2026-08-22T04:45:07Z,2026-08-22T06:45:07+0200,81890fbb-3a1d-466f-b50a-dc03bf877707,2026-08-20T00:15:00Z,2026-08-20T02:15:00+0200,38086.74,MW,FR,FR,actual_load,Actual Load,2026-08-22T04:46:30Z
2026-08-22T04:45:07Z,2026-08-22T06:45:07+0200,81890fbb-3a1d-466f-b50a-dc03bf877707,2026-08-20T00:30:00Z,2026-08-20T02:30:00+0200,37424.36,MW,FR,FR,actual_load,Actual Load,2026-08-22T04:46:30Z
2026-08-22T04:45:07Z,2026-08-22T06:45:07+0200,81890fbb-3a1d-466f-b50a-dc03bf877707,2026-08-20T00:45:00Z,2026-08-20T02:45:00+0200,36913.55,MW,FR,FR,actual_load,Actual Load,2026-08-22T04:46:30Z
2026-08-22T04:45:07Z,2026-08-22T06:45:07+0200,81890fbb-3a1d-466f-b50a-dc03bf877707,2026-08-20T01:00:00Z,2026-08-20T03:00:00+0200,36511.77,MW,FR,FR,actual_load,Actual Load,2026-08-22T04:46:30Z
2026-08-22T04:45:07Z,2026-08-22T06:45:07+0200,81890fbb-3a1d-466f-b50a-dc03bf877707,2026-08-20T01:15:00Z,2026-08-20T03:15:00+0200,36235.15,MW,FR,FR,actual_load,Actual Load,2026-08-22T04:46:30Z
2026-08-22T04:45:07Z,2026-08-22T06:45:07+0200,81890fbb-3a1d-466f-b50a-dc03bf877707,2026-08-20T01:30:00Z,2026-08-20T03:30:00+0200,35957.98,MW,FR,FR,actual_load,Actual Load,2026-08-22T04:46:30Z
2026-08-22T04:45:07Z,2026-08-22T06:45:07+0200,81890fbb-3a1d-466f-b50a-dc03bf877707,2026-08-20T01:45:00Z,2026-08-20T03:45:00+0200,35707.73,MW,FR,FR,actual_load,Actual Load,2026-08-22T04:46:30Z
2026-08-22T04:45:07Z,2026-08-22T06:45:07+0200,81890fbb-3a1d-466f-b50a-dc03bf877707,2026-08-20T02:00:00Z,2026-08-20T04:00:00+0200,35793.2,MW,FR,FR,actual_load,Actual Load,2026-08-22T04:46:30Z
2026-08-22T04:45:07Z,2026-08-22T06:45:07+0200,81890fbb-3a1d-466f-b50a-dc03bf877707,2026-08-20T02:15:00Z,2026-08-20T04:15:00+0200,35817.03,MW,FR,FR,actual_load,Actual Load,2026-08-22T04:46:30Z
2026-08-22T04:45:07Z,2026-08-22T06:45:07+0200,81890fbb-3a1d-466f-b50a-dc03bf877707,2026-08-20T02:30:00Z,2026-08-20T04:30:00+0200,35859.6,MW,FR,FR,actual_load,Actual Load,2026-08-22T04:46:30Z
2026-08-22T04:45:07Z,2026-08-22T06:45:07+0200,81890fbb-3a1d-466f-b50a-dc03bf877707,2026-08-20T02:45:00Z,2026-08-20T04:45:00+0200,35894.4,MW,FR,FR,actual_load,Actual Load,2026-08-22T04:46:30Z
2026-08-22T04:45:07Z,2026-08-22T06:45:07+0200,81890fbb-3a1d-466f-b50a-dc03bf877707,2026-08-20T03:00:00Z,2026-08-20T05:00:00+0200,36426.02,MW,FR,FR,actual_load,Actual Load,2026-08-22T04:46:30Z
2026-08-22T04:45:07Z,2026-08-22T06:45:07+0200,81890fbb-3a1d-466f-b50a-dc03bf877707,2026-08-20T03:15:00Z,2026-08-20T05:15:00+0200,36755.05,MW,FR,FR,actual_load,Actual Load,2026-08-22T04:46:30Z
2026-08-22T04:45:07Z,2026-08-22T06:45:07+0200,81890fbb-3a1d-466f-b50a-dc03bf877707,2026-08-20T03:30:00Z,2026-08-20T05:30:00+0200,37064.84,MW,FR,FR,actual_load,Actual Load,2026-08-22T04:46:30Z
2026-08-22T04:45:07Z,2026-08-22T06:45:07+0200,81890fbb-3a1d-466f-b50a-dc03bf877707,2026-08-20T03:45:00Z,2026-08-20T05:45:00+0200,37390.5,MW,FR,FR,actual_load,Actual Load,2026-08-22T04:46:30Z
2026-08-22T04:45:07Z,2026-08-22T06:45:07+0200,81890fbb-3a1d-466f-b50a-dc03bf877707,2026-08-20T04:00:00Z,2026-08-20T06:00:00+0200,38117.18,MW,FR,FR,actual_load,Actual Load,2026-08-22T04:46:30Z
2026-08-22T04:45:07Z,2026-08-22T06:45:07+0200,81890fbb-3a1d-466f-b50a-dc03bf877707,2026-08-20T04:15:00Z,2026-08-20T06:15:00+0200,38496.36,MW,FR,FR,actual_load,Actual Load,2026-08-22T04:46:30Z
2026-08-22T04:45:07Z,2026-08-22T06:45:07+0200,81890fbb-3a1d-466f-b50a-dc03bf877707,2026-08-20T04:30:00Z,2026-08-20T06:30:00+0200,38771.82,MW,FR,FR,actual_load,Actual Load,2026-08-22T04:46:30Z
2026-08-22T04:45:07Z,2026-08-22T06:45:07+0200,81890fbb-3a1d-466f-b50a-dc03bf877707,2026-08-20T04:45:00Z,2026-08-20T06:45:00+0200,39111.58,MW,FR,FR,actual_load,Actual Load,2026-08-22T04:46:30Z
2026-08-22T04:45:07Z,2026-08-22T06:45:07+0200,81890fbb-3a1d-466f-b50a-dc03bf877707,2026-08-20T05:00:00Z,2026-08-20T07:00:00+0200,39600.02,MW,FR,FR,actual_load,Actual Load,2026-08-22T04:46:30Z
2026-08-22T04:45:07Z,2026-08-22T06:45:07+0200,81890fbb-3a1d-466f-b50a-dc03bf877707,2026-08-20T05:15:00Z,2026-08-20T07:15:00+0200,39984.89,MW,FR,FR,actual_load,Actual Load,2026-08-22T04:46:30Z
2026-08-22T04:45:07Z,2026-08-22T06:45:07+0200,81890fbb-3a1d-466f-b50a-dc03bf877707,2026-08-20T05:30:00Z,2026-08-20T07:30:00+0200,40328.66,MW,FR,FR,actual_load,Actual Load,2026-08-22T04:46:30Z
2026-08-22T04:45:07Z,2026-08-22T06:45:07+0200,81890fbb-3a1d-466f-b50a-dc03bf877707,2026-08-20T05:45:00Z,2026-08-20T07:45:00+0200,40928.87,MW,FR,FR,actual_load,Actual Load,2026-08-22T04:46:30Z
2026-08-22T04:45:07Z,2026-08-22T06:45:07+0200,81890fbb-3a1d-466f-b50a-dc03bf877707,2026-08-20T06:00:00Z,2026-08-20T08:00:00+0200,41641.18,MW,FR,FR,actual_load,Actual Load,2026-08-22T04:46:30Z
2026-08-22T04:45:07Z,2026-08-22T06:45:07+0200,81890fbb-3a1d-466f-b50a-dc03bf877707,2026-08-20T06:15:00Z,2026-08-20T08:15:00+0200,42208.17,MW,FR,FR,actual_load,Actual Load,2026-08-22T04:46:30Z
2026-08-22T04:45:07Z,2026-08-22T06:45:07+0200,81890fbb-3a1d-466f-b50a-dc03bf877707,2026-08-20T06:30:00Z,2026-08-20T08:30:00+0200,42557.2,MW,FR,FR,actual_load,Actual Load,2026-08-22T04:46:30Z
2026-08-22T04:45:07Z,2026-08-22T06:45:07+0200,81890fbb-3a1d-466f-b50a-dc03bf877707,2026-08-20T06:45:00Z,2026-08-20T08:45:00+0200,42910.73,MW,FR,FR,actual_load,Actual Load,2026-08-22T04:46:30Z
2026-08-22T04:45:07Z,2026-08-22T06:45:07+0200,81890fbb-3a1d-466f-b50a-dc03bf877707,2026-08-20T07:00:00Z,2026-08-20T09:00:00+0200,43132.15,MW,FR,FR,actual_load,Actual Load,2026-08-22T04:46:30Z
2026-08-22T04:45:07Z,2026-08-22T06:45:07+0200,81890fbb-3a1d-466f-b50a-dc03bf877707,2026-08-20T07:15:00Z,2026-08-20T09:15:00+0200,43524.68,MW,FR,FR,actual_load,Actual Load,2026-08-22T04:46:30Z
2026-08-22T04:45:07Z,2026-08-22T06:45:07+0200,81890fbb-3a1d-466f-b50a-dc03bf877707,2026-08-20T07:30:00Z,2026-08-20T09:30:00+0200,43928.18,MW,FR,FR,actual_load,Actual Load,2026-08-22T04:46:30Z
2026-08-22T04:45:07Z,2026-08-22T06:45:07+0200,81890fbb-3a1d-466f-b50a-dc03bf877707,2026-08-20T07:45:00Z,2026-08-20T09:45:00+0200,44257.7,MW,FR,FR,actual_load,Actual Load,2026-08-22T04:46:30Z
2026-08-22T04:45:07Z,2026-08-22T06:45:07+0200,81890fbb-3a1d-466f-b50a-dc03bf877707,2026-08-20T08:00:00Z,2026-08-20T10:00:00+0200,44553.11,MW,FR,FR,actual_load,Actual Load,2026-08-22T04:46:30Z
2026-08-22T04:45:07Z,2026-08-22T06:45:07+0200,81890fbb-3a1d-466f-b50a-dc03bf877707,2026-08-20T08:15:00Z,2026-08-20T10:15:00+0200,45240.36,MW,FR,FR,actual_load,Actual Load,2026-08-22T04:46:30Z
2026-08-22T04:45:07Z,2026-08-22T06:45:07+0200,81890fbb-3a1d-466f-b50a-dc03bf877707,2026-08-20T08:30:00Z,2026-08-20T10:30:00+0200,45458.86,MW,FR,FR,actual_load,Actual Load,2026-08-22T04:46:30Z
2026-08-22T04:45:07Z,2026-08-22T06:45:07+0200,81890fbb-3a1d-466f-b50a-dc03bf877707,2026-08-20T08:45:00Z,2026-08-20T10:45:00+0200,45715.24,MW,FR,FR,actual_load,Actual Load,2026-08-22T04:46:30Z
2026-08-22T04:45:07Z,2026-08-22T06:45:07+0200,81890fbb-3a1d-466f-b50a-dc03bf877707,2026-08-20T09:00:00Z,2026-08-20T11:00:00+0200,46479.66,MW,FR,FR,actual_load,Actual Load,2026-08-22T04:46:30Z
2026-08-22T04:45:07Z,2026-08-22T06:45:07+0200,81890fbb-3a1d-466f-b50a-dc03bf877707,2026-08-20T09:15:00Z,2026-08-20T11:15:00+0200,46414.02,MW,FR,FR,actual_load,Actual Load,2026-08-22T04:46:30Z
2026-08-22T04:45:07Z,2026-08-22T06:45:07+0200,81890fbb-3a1d-466f-b50a-dc03bf877707,2026-08-20T09:30:00Z,2026-08-20T11:30:00+0200,46918.51,MW,FR,FR,actual_load,Actual Load,2026-08-22T04:46:30Z
2026-08-22T04:45:07Z,2026-08-22T06:45:07+0200,81890fbb-3a1d-466f-b50a-dc03bf877707,2026-08-20T09:45:00Z,2026-08-20T11:45:00+0200,47192.55,MW,FR,FR,actual_load,Actual Load,2026-08-22T04:46:30Z
2026-08-22T04:45:07Z,2026-08-22T06:45:07+0200,81890fbb-3a1d-466f-b50a-dc03bf877707,2026-08-20T10:00:00Z,2026-08-20T12:00:00+0200,47768.38,MW,FR,FR,actual_load,Actual Load,2026-08-22T04:46:30Z
2026-08-22T04:45:07Z,2026-08-22T06:45:07+0200,81890fbb-3a1d-466f-b50a-dc03bf877707,2026-08-20T10:15:00Z,2026-08-20T12:15:00+0200,47780.4,MW,FR,FR,actual_load,Actual Load,2026-08-22T04:46:30Z
2026-08-22T04:45:07Z,2026-08-22T06:45:07+0200,81890fbb-3a1d-466f-b50a-dc03bf877707,2026-08-20T10:30:00Z,2026-08-20T12:30:00+0200,48482.25,MW,FR,FR,actual_load,Actual Load,2026-08-22T04:46:30Z
2026-08-22T04:45:07Z,2026-08-22T06:45:07+0200,81890fbb-3a1d-466f-b50a-dc03bf877707,2026-08-20T10:45:00Z,2026-08-20T12:45:00+0200,47584.47,MW,FR,FR,actual_load,Actual Load,2026-08-22T04:46:30Z
2026-08-22T04:45:07Z,2026-08-22T06:45:07+0200,81890fbb-3a1d-466f-b50a-dc03bf877707,2026-08-20T11:00:00Z,2026-08-20T13:00:00+0200,47542.92,MW,FR,FR,actual_load,Actual Load,2026-08-22T04:46:30Z
2026-08-22T04:45:07Z,2026-08-22T06:45:07+0200,81890fbb-3a1d-466f-b50a-dc03bf877707,2026-08-20T11:15:00Z,2026-08-20T13:15:00+0200,47229.26,MW,FR,FR,actual_load,Actual Load,2026-08-22T04:46:30Z
2026-08-22T04:45:07Z,2026-08-22T06:45:07+0200,81890fbb-3a1d-466f-b50a-dc03bf877707,2026-08-20T11:30:00Z,2026-08-20T13:30:00+0200,46807.26,MW,FR,FR,actual_load,Actual Load,2026-08-22T04:46:30Z
2026-08-22T04:45:07Z,2026-08-22T06:45:07+0200,81890fbb-3a1d-466f-b50a-dc03bf877707,2026-08-20T11:45:00Z,2026-08-20T13:45:00+0200,46716.47,MW,FR,FR,actual_load,Actual Load,2026-08-22T04:46:30Z
2026-08-22T04:45:07Z,2026-08-22T06:45:07+0200,81890fbb-3a1d-466f-b50a-dc03bf877707,2026-08-20T12:00:00Z,2026-08-20T14:00:00+0200,47823.59,MW,FR,FR,actual_load,Actual Load,2026-08-22T04:46:30Z
2026-08-22T04:45:07Z,2026-08-22T06:45:07+0200,81890fbb-3a1d-466f-b50a-dc03bf877707,2026-08-20T12:15:00Z,2026-08-20T14:15:00+0200,47489.55,MW,FR,FR,actual_load,Actual Load,2026-08-22T04:46:30Z
2026-08-22T04:45:07Z,2026-08-22T06:45:07+0200,81890fbb-3a1d-466f-b50a-dc03bf877707,2026-08-20T12:30:00Z,2026-08-20T14:30:00+0200,47271.72,MW,FR,FR,actual_load,Actual Load,2026-08-22T04:46:30Z
2026-08-22T04:45:07Z,2026-08-22T06:45:07+0200,81890fbb-3a1d-466f-b50a-dc03bf877707,2026-08-20T12:45:00Z,2026-08-20T14:45:00+0200,46883.68,MW,FR,FR,actual_load,Actual Load,2026-08-22T04:46:30Z
2026-08-22T04:45:07Z,2026-08-22T06:45:07+0200,81890fbb-3a1d-466f-b50a-dc03bf877707,2026-08-20T13:00:00Z,2026-08-20T15:00:00+0200,46836.72,MW,FR,FR,actual_load,Actual Load,2026-08-22T04:46:30Z
2026-08-22T04:45:07Z,2026-08-22T06:45:07+0200,81890fbb-3a1d-466f-b50a-dc03bf877707,2026-08-20T13:15:00Z,2026-08-20T15:15:00+0200,46666.28,MW,FR,FR,actual_load,Actual Load,2026-08-22T04:46:30Z
2026-08-22T04:45:07Z,2026-08-22T06:45:07+0200,81890fbb-3a1d-466f-b50a-dc03bf877707,2026-08-20T13:30:00Z,2026-08-20T15:30:00+0200,46193.21,MW,FR,FR,actual_load,Actual Load,2026-08-22T04:46:30Z
2026-08-22T04:45:07Z,2026-08-22T06:45:07+0200,81890fbb-3a1d-466f-b50a-dc03bf877707,2026-08-20T13:45:00Z,2026-08-20T15:45:00+0200,45969.14,MW,FR,FR,actual_load,Actual Load,2026-08-22T04:46:30Z
2026-08-22T04:45:07Z,2026-08-22T06:45:07+0200,81890fbb-3a1d-466f-b50a-dc03bf877707,2026-08-20T14:00:00Z,2026-08-20T16:00:00+0200,45707.01,MW,FR,FR,actual_load,Actual Load,2026-08-22T04:46:30Z
2026-08-22T04:45:07Z,2026-08-22T06:45:07+0200,81890fbb-3a1d-466f-b50a-dc03bf877707,2026-08-20T14:15:00Z,2026-08-20T16:15:00+0200,45410.3,MW,FR,FR,actual_load,Actual Load,2026-08-22T04:46:30Z
2026-08-22T04:45:07Z,2026-08-22T06:45:07+0200,81890fbb-3a1d-466f-b50a-dc03bf877707,2026-08-20T14:30:00Z,2026-08-20T16:30:00+0200,45534.21,MW,FR,FR,actual_load,Actual Load,2026-08-22T04:46:30Z
2026-08-22T04:45:07Z,2026-08-22T06:45:07+0200,81890fbb-3a1d-466f-b50a-dc03bf877707,2026-08-20T14:45:00Z,2026-08-20T16:45:00+0200,45283.77,MW,FR,FR,actual_load,Actual Load,2026-08-22T04:46:30Z
2026-08-22T04:45:07Z,2026-08-22T06:45:07+0200,81890fbb-3a1d-466f-b50a-dc03bf877707,2026-08-20T15:00:00Z,2026-08-20T17:00:00+0200,45069.18,MW,FR,FR,actual_load,Actual Load,2026-08-22T04:46:30Z
2026-08-22T04:45:07Z,2026-08-22T06:45:07+0200,81890fbb-3a1d-466f-b50a-dc03bf877707,2026-08-20T15:15:00Z,2026-08-20T17:15:00+0200,45070.26,MW,FR,FR,actual_load,Actual Load,2026-08-22T04:46:30Z
2026-08-22T04:45:07Z,2026-08-22T06:45:07+0200,81890fbb-3a1d-466f-b50a-dc03bf877707,2026-08-20T15:30:00Z,2026-08-20T17:30:00+0200,45072.13,MW,FR,FR,actual_load,Actual Load,2026-08-22T04:46:30Z
2026-08-22T04:45:07Z,2026-08-22T06:45:07+0200,81890fbb-3a1d-466f-b50a-dc03bf877707,2026-08-20T15:45:00Z,2026-08-20T17:45:00+0200,45680.6,MW,FR,FR,actual_load,Actual Load,2026-08-22T04:46:30Z
2026-08-22T04:45:07Z,2026-08-22T06:45:07+0200,81890fbb-3a1d-466f-b50a-dc03bf877707,2026-08-20T16:00:00Z,2026-08-20T18:00:00+0200,46139.29,MW,FR,FR,actual_load,Actual Load,2026-08-22T04:46:30Z
2026-08-22T04:45:07Z,2026-08-22T06:45:07+0200,81890fbb-3a1d-466f-b50a-dc03bf877707,2026-08-20T16:15:00Z,2026-08-20T18:15:00+0200,46345.34,MW,FR,FR,actual_load,Actual Load,2026-08-22T04:46:30Z
2026-08-22T04:45:07Z,2026-08-22T06:45:07+0200,81890fbb-3a1d-466f-b50a-dc03bf877707,2026-08-20T16:30:00Z,2026-08-20T18:30:00+0200,46820.75,MW,FR,FR,actual_load,Actual Load,2026-08-22T04:46:30Z
2026-08-22T04:45:07Z,2026-08-22T06:45:07+0200,81890fbb-3a1d-466f-b50a-dc03bf877707,2026-08-20T16:45:00Z,2026-08-20T18:45:00+0200,47268.09,MW,FR,FR,actual_load,Actual Load,2026-08-22T04:46:30Z
2026-08-22T04:45:07Z,2026-08-22T06:45:07+0200,81890fbb-3a1d-466f-b50a-dc03bf877707,2026-08-20T17:00:00Z,2026-08-20T19:00:00+0200,47459.22,MW,FR,FR,actual_load,Actual Load,2026-08-22T04:46:30Z
2026-08-22T04:45:07Z,2026-08-22T06:45:07+0200,81890fbb-3a1d-466f-b50a-dc03bf877707,2026-08-20T17:15:00Z,2026-08-20T19:15:00+0200,47280.58,MW,FR,FR,actual_load,Actual Load,2026-08-22T04:46:30Z
2026-08-22T04:45:07Z,2026-08-22T06:45:07+0200,81890fbb-3a1d-466f-b50a-dc03bf877707,2026-08-20T17:30:00Z,2026-08-20T19:30:00+0200,46979.59,MW,FR,FR,actual_load,Actual Load,2026-08-22T04:46:30Z
2026-08-22T04:45:07Z,2026-08-22T06:45:07+0200,81890fbb-3a1d-466f-b50a-dc03bf877707,2026-08-20T17:45:00Z,2026-08-20T19:45:00+0200,46507.97,MW,FR,FR,actual_load,Actual Load,2026-08-22T04:46:30Z
2026-08-22T04:45:07Z,2026-08-22T06:45:07+0200,81890fbb-3a1d-466f-b50a-dc03bf877707,2026-08-20T18:00:00Z,2026-08-20T20:00:00+0200,46094.88,MW,FR,FR,actual_load,Actual Load,2026-08-22T04:46:30Z
2026-08-22T04:45:07Z,2026-08-22T06:45:07+0200,81890fbb-3a1d-466f-b50a-dc03bf877707,2026-08-20T18:15:00Z,2026-08-20T20:15:00+0200,45155.44,MW,FR,FR,actual_load,Actual Load,2026-08-22T04:46:30Z
2026-08-22T04:45:07Z,2026-08-22T06:45:07+0200,81890fbb-3a1d-466f-b50a-dc03bf877707,2026-08-20T18:30:00Z,2026-08-20T20:30:00+0200,44628.46,MW,FR,FR,actual_load,Actual Load,2026-08-22T04:46:30Z
2026-08-22T04:45:07Z,2026-08-22T06:45:07+0200,81890fbb-3a1d-466f-b50a-dc03bf877707,2026-08-20T18:45:00Z,2026-08-20T20:45:00+0200,44418.43,MW,FR,FR,actual_load,Actual Load,2026-08-22T04:46:30Z
2026-08-22T04:45:07Z,2026-08-22T06:45:07+0200,81890fbb-3a1d-466f-b50a-dc03bf877707,2026-08-20T19:00:00Z,2026-08-20T21:00:00+0200,44759.09,MW,FR,FR,actual_load,Actual Load,2026-08-22T04:46:30Z
2026-08-22T04:45:07Z,2026-08-22T06:45:07+0200,81890fbb-3a1d-466f-b50a-dc03bf877707,2026-08-20T19:15:00Z,2026-08-20T21:15:00+0200,44613.66,MW,FR,FR,actual_load,Actual Load,2026-08-22T04:46:30Z
2026-08-22T04:45:07Z,2026-08-22T06:45:07+0200,81890fbb-3a1d-466f-b50a-dc03bf877707,2026-08-20T19:30:00Z,2026-08-20T21:30:00+0200,44144.87,MW,FR,FR,actual_load,Actual Load,2026-08-22T04:46:30Z
2026-08-22T04:45:07Z,2026-08-22T06:45:07+0200,81890fbb-3a1d-466f-b50a-dc03bf877707,2026-08-20T19:45:00Z,2026-08-20T21:45:00+0200,43660.87,MW,FR,FR,actual_load,Actual Load,2026-08-22T04:46:30Z
2026-08-22T04:45:07Z,2026-08-22T06:45:07+0200,81890fbb-3a1d-466f-b50a-dc03bf877707,2026-08-20T20:00:00Z,2026-08-20T22:00:00+0200,44421.85,MW,FR,FR,actual_load,Actual Load,2026-08-22T04:46:30Z
2026-08-22T04:45:07Z,2026-08-22T06:45:07+0200,81890fbb-3a1d-466f-b50a-dc03bf877707,2026-08-20T20:15:00Z,2026-08-20T22:15:00+0200,43928.53,MW,FR,FR,actual_load,Actual Load,2026-08-22T04:46:30Z
2026-08-22T04:45:07Z,2026-08-22T06:45:07+0200,81890fbb-3a1d-466f-b50a-dc03bf877707,2026-08-20T20:30:00Z,2026-08-20T22:30:00+0200,44871.91,MW,FR,FR,actual_load,Actual Load,2026-08-22T04:46:30Z
2026-08-22T04:45:07Z,2026-08-22T06:45:07+0200,81890fbb-3a1d-466f-b50a-dc03bf877707,2026-08-20T20:45:00Z,2026-08-20T22:45:00+0200,44100.14,MW,FR,FR,actual_load,Actual Load,2026-08-22T04:46:30Z
2026-08-22T04:45:07Z,2026-08-22T06:45:07+0200,81890fbb-3a1d-466f-b50a-dc03bf877707,2026-08-20T21:00:00Z,2026-08-20T23:00:00+0200,43797.3,MW,FR,FR,actual_load,Actual Load,2026-08-22T04:46:30Z
2026-08-22T04:45:07Z,2026-08-22T06:45:07+0200,81890fbb-3a1d-466f-b50a-dc03bf877707,2026-08-20T21:15:00Z,2026-08-20T23:15:00+0200,42825.45,MW,FR,FR,actual_load,Actual Load,2026-08-22T04:46:30Z
2026-08-22T04:45:07Z,2026-08-22T06:45:07+0200,81890fbb-3a1d-466f-b50a-dc03bf877707,2026-08-20T21:30:00Z,2026-08-20T23:30:00+0200,43104.63,MW,FR,FR,actual_load,Actual Load,2026-08-22T04:46:30Z
2026-08-22T04:45:07Z,2026-08-22T06:45:07+0200,81890fbb-3a1d-466f-b50a-dc03bf877707,2026-08-20T21:45:00Z,2026-08-20T23:45:00+0200,42362.64,MW,FR,FR,actual_load,Actual Load,2026-08-22T04:46:30Z
2026-08-22T04:45:07Z,2026-08-22T06:45:07+0200,81890fbb-3a1d-466f-b50a-dc03bf877707,2026-08-20T22:00:00Z,2026-08-21T00:00:00+0200,42115.12,MW,FR,FR,actual_load,Actual Load,2026-08-22T04:46:30Z
2026-08-22T04:45:07Z,2026-08-22T06:45:07+0200,81890fbb-3a1d-466f-b50a-dc03bf877707,2026-08-20T22:15:00Z,2026-08-21T00:15:00+0200,41183.56,MW,FR,FR,actual_load,Actual Load,2026-08-22T04:46:30Z
2026-08-22T04:45:07Z,2026-08-22T06:45:07+0200,81890fbb-3a1d-466f-b50a-dc03bf877707,2026-08-20T22:30:00Z,2026-08-21T00:30:00+0200,40048.93,MW,FR,FR,actual_load,Actual Load,2026-08-22T04:46:30Z
2026-08-22T04:45:07Z,2026-08-22T06:45:07+0200,81890fbb-3a1d-466f-b50a-dc03bf877707,2026-08-20T22:45:00Z,2026-08-21T00:45:00+0200,39013.21,MW,FR,FR,actual_load,Actual Load,2026-08-22T04:46:30Z
2026-08-22T04:45:07Z,2026-08-22T06:45:07+0200,81890fbb-3a1d-466f-b50a-dc03bf877707,2026-08-20T23:00:00Z,2026-08-21T01:00:00+0200,39305.95,MW,FR,FR,actual_load,Actual Load,2026-08-22T04:46:30Z
2026-08-22T04:45:07Z,2026-08-22T06:45:07+0200,81890fbb-3a1d-466f-b50a-dc03bf877707,2026-08-20T23:15:00Z,2026-08-21T01:15:00+0200,38645.47,MW,FR,FR,actual_load,Actual Load,2026-08-22T04:46:30Z
2026-08-22T04:45:07Z,2026-08-22T06:45:07+0200,81890fbb-3a1d-466f-b50a-dc03bf877707,2026-08-20T23:30:00Z,2026-08-21T01:30:00+0200,38689.84,MW,FR,FR,actual_load,Actual Load,2026-08-22T04:46:30Z
2026-08-22T04:45:07Z,2026-08-22T06:45:07+0200,81890fbb-3a1d-466f-b50a-dc03bf877707,2026-08-20T23:45:00Z,2026-08-21T01:45:00+0200,37819.42,MW,FR,FR,actual_load,Actual Load,2026-08-22T04:46:30Z
2026-08-22T04:45:07Z,2026-08-22T06:45:07+0200,81890fbb-3a1d-466f-b50a-dc03bf877707,2026-08-21T00:00:00Z,2026-08-21T02:00:00+0200,37556.98,MW,FR,FR,actual_load,Actual Load,2026-08-22T04:46:30Z
2026-08-22T04:45:07Z,2026-08-22T06:45:07+0200,81890fbb-3a1d-466f-b50a-dc03bf877707,2026-08-21T00:15:00Z,2026-08-21T02:15:00+0200,36986.0,MW,FR,FR,actual_load,Actual Load,2026-08-22T04:46:30Z
2026-08-22T04:45:07Z,2026-08-22T06:45:07+0200,81890fbb-3a1d-466f-b50a-dc03bf877707,2026-08-21T00:30:00Z,2026-08-21T02:30:00+0200,36294.8,MW,FR,FR,actual_load,Actual Load,2026-08-22T04:46:30Z
2026-08-22T04:45:07Z,2026-08-22T06:45:07+0200,81890fbb-3a1d-466f-b50a-dc03bf877707,2026-08-21T00:45:00Z,2026-08-21T02:45:00+0200,35846.2,MW,FR,FR,actual_load,Actual Load,2026-08-22T04:46:30Z
2026-08-22T04:45:07Z,2026-08-22T06:45:07+0200,81890fbb-3a1d-466f-b50a-dc03bf877707,2026-08-21T01:00:00Z,2026-08-21T03:00:00+0200,35365.81,MW,FR,FR,actual_load,Actual Load,2026-08-22T04:46:30Z
2026-08-22T04:45:07Z,2026-08-22T06:45:07+0200,81890fbb-3a1d-466f-b50a-dc03bf877707,2026-08-21T01:15:00Z,2026-08-21T03:15:00+0200,34894.31,MW,FR,FR,actual_load,Actual Load,2026-08-22T04:46:30Z
2026-08-22T04:45:07Z,2026-08-22T06:45:07+0200,81890fbb-3a1d-466f-b50a-dc03bf877707,2026-08-21T01:30:00Z,2026-08-21T03:30:00+0200,34625.34,MW,FR,FR,actual_load,Actual Load,2026-08-22T04:46:30Z
2026-08-22T04:45:07Z,2026-08-22T06:45:07+0200,81890fbb-3a1d-466f-b50a-dc03bf877707,2026-08-21T01:45:00Z,2026-08-21T03:45:00+0200,34595.29,MW,FR,FR,actual_load,Actual Load,2026-08-22T04:46:30Z
2026-08-22T04:45:07Z,2026-08-22T06:45:07+0200,81890fbb-3a1d-466f-b50a-dc03bf877707,2026-08-21T02:00:00Z,2026-08-21T04:00:00+0200,34658.74,MW,FR,FR,actual_load,Actual Load,2026-08-22T04:46:30Z
2026-08-22T04:45:07Z,2026-08-22T06:45:07+0200,81890fbb-3a1d-466f-b50a-dc03bf877707,2026-08-21T02:15:00Z,2026-08-21T04:15:00+0200,34635.75,MW,FR,FR,actual_load,Actual Load,2026-08-22T04:46:30Z
2026-08-22T04:45:07Z,2026-08-22T06:45:07+0200,81890fbb-3a1d-466f-b50a-dc03bf877707,2026-08-21T02:30:00Z,2026-08-21T04:30:00+0200,34493.41,MW,FR,FR,actual_load,Actual Load,2026-08-22T04:46:30Z
2026-08-22T04:45:07Z,2026-08-22T06:45:07+0200,81890fbb-3a1d-466f-b50a-dc03bf877707,2026-08-21T02:45:00Z,2026-08-21T04:45:00+0200,34623.17,MW,FR,FR,actual_load,Actual Load,2026-08-22T04:46:30Z
2026-08-22T04:45:07Z,2026-08-22T06:45:07+0200,81890fbb-3a1d-466f-b50a-dc03bf877707,2026-08-21T03:00:00Z,2026-08-21T05:00:00+0200,35280.66,MW,FR,FR,actual_load,Actual Load,2026-08-22T04:46:30Z
2026-08-22T04:45:07Z,2026-08-22T06:45:07+0200,81890fbb-3a1d-466f-b50a-dc03bf877707,2026-08-21T03:15:00Z,2026-08-21T05:15:00+0200,35317.24,MW,FR,FR,actual_load,Actual Load,2026-08-22T04:46:30Z
2026-08-22T04:45:07Z,2026-08-22T06:45:07+0200,81890fbb-3a1d-466f-b50a-dc03bf877707,2026-08-21T03:30:00Z,2026-08-21T05:30:00+0200,35662.97,MW,FR,FR,actual_load,Actual Load,2026-08-22T04:46:30Z
2026-08-22T04:45:07Z,2026-08-22T06:45:07+0200,81890fbb-3a1d-466f-b50a-dc03bf877707,2026-08-21T03:45:00Z,2026-08-21T05:45:00+0200,36053.83,MW,FR,FR,actual_load,Actual Load,2026-08-22T04:46:30Z
2026-08-22T04:45:07Z,2026-08-22T06:45:07+0200,81890fbb-3a1d-466f-b50a-dc03bf877707,2026-08-21T04:00:00Z,2026-08-21T06:00:00+0200,36784.79,MW,FR,FR,actual_load,Actual Load,2026-08-22T04:46:30Z
2026-08-22T04:45:07Z,2026-08-22T06:45:07+0200,81890fbb-3a1d-466f-b50a-dc03bf877707,2026-08-21T04:15:00Z,2026-08-21T06:15:00+0200,37316.29,MW,FR,FR,actual_load,Actual Load,2026-08-22T04:46:30Z
2026-08-22T04:45:07Z,2026-08-22T06:45:07+0200,81890fbb-3a1d-466f-b50a-dc03bf877707,2026-08-21T04:30:00Z,2026-08-21T06:30:00+0200,37495.07,MW,FR,FR,actual_load,Actual Load,2026-08-22T04:46:30Z
2026-08-22T04:45:07Z,2026-08-22T06:45:07+0200,81890fbb-3a1d-466f-b50a-dc03bf877707,2026-08-21T04:45:00Z,2026-08-21T06:45:00+0200,37822.97,MW,FR,FR,actual_load,Actual Load,2026-08-22T04:46:30Z
2026-08-22T04:45:07Z,2026-08-22T06:45:07+0200,81890fbb-3a1d-466f-b50a-dc03bf877707,2026-08-21T05:00:00Z,2026-08-21T07:00:00+0200,38280.51,MW,FR,FR,actual_load,Actual Load,2026-08-22T04:46:30Z
2026-08-22T04:45:07Z,2026-08-22T06:45:07+0200,81890fbb-3a1d-466f-b50a-dc03bf877707,2026-08-21T05:15:00Z,2026-08-21T07:15:00+0200,38911.36,MW,FR,FR,actual_load,Actual Load,2026-08-22T04:46:30Z
2026-08-22T04:45:07Z,2026-08-22T06:45:07+0200,81890fbb-3a1d-466f-b50a-dc03bf877707,2026-08-21T05:30:00Z,2026-08-21T07:30:00+0200,39238.74,MW,FR,FR,actual_load,Actual Load,2026-08-22T04:46:30Z
2026-08-22T04:45:07Z,2026-08-22T06:45:07+0200,81890fbb-3a1d-466f-b50a-dc03bf877707,2026-08-21T05:45:00Z,2026-08-21T07:45:00+0200,39998.3,MW,FR,FR,actual_load,Actual Load,2026-08-22T04:46:30Z
2026-08-22T04:45:07Z,2026-08-22T06:45:07+0200,81890fbb-3a1d-466f-b50a-dc03bf877707,2026-08-21T06:00:00Z,2026-08-21T08:00:00+0200,40454.09,MW,FR,FR,actual_load,Actual Load,2026-08-22T04:46:30Z
2026-08-22T04:45:07Z,2026-08-22T06:45:07+0200,81890fbb-3a1d-466f-b50a-dc03bf877707,2026-08-21T06:15:00Z,2026-08-21T08:15:00+0200,41165.68,MW,FR,FR,actual_load,Actual Load,2026-08-22T04:46:30Z
2026-08-22T04:45:07Z,2026-08-22T06:45:07+0200,81890fbb-3a1d-466f-b50a-dc03bf877707,2026-08-21T06:30:00Z,2026-08-21T08:30:00+0200,41825.38,MW,FR,FR,actual_load,Actual Load,2026-08-22T04:46:30Z
2026-08-22T04:45:07Z,2026-08-22T06:45:07+0200,81890fbb-3a1d-466f-b50a-dc03bf877707,2026-08-21T06:45:00Z,2026-08-21T08:45:00+0200,42409.13,MW,FR,FR,actual_load,Actual Load,2026-08-22T04:46:30Z
2026-08-22T04:45:07Z,2026-08-22T06:45:07+0200,81890fbb-3a1d-466f-b50a-dc03bf877707,2026-08-21T07:00:00Z,2026-08-21T09:00:00+0200,42879.46,MW,FR,FR,actual_load,Actual Load,2026-08-22T04:46:30Z
2026-08-22T04:45:07Z,2026-08-22T06:45:07+0200,81890fbb-3a1d-466f-b50a-dc03bf877707,2026-08-21T07:15:00Z,2026-08-21T09:15:00+0200,43126.35,MW,FR,FR,actual_load,Actual Load,2026-08-22T04:46:30Z
2026-08-22T04:45:07Z,2026-08-22T06:45:07+0200,81890fbb-3a1d-466f-b50a-dc03bf877707,2026-08-21T07:30:00Z,2026-08-21T09:30:00+0200,43585.57,MW,FR,FR,actual_load,Actual Load,2026-08-22T04:46:30Z
2026-08-22T04:45:07Z,2026-08-22T06:45:07+0200,81890fbb-3a1d-466f-b50a-dc03bf877707,2026-08-21T07:45:00Z,2026-08-21T09:45:00+0200,43680.92,MW,FR,FR,actual_load,Actual Load,2026-08-22T04:46:30Z
2026-08-22T04:45:07Z,2026-08-22T06:45:07+0200,81890fbb-3a1d-466f-b50a-dc03bf877707,2026-08-21T08:00:00Z,2026-08-21T10:00:00+0200,43995.3,MW,FR,FR,actual_load,Actual Load,2026-08-22T04:46:30Z
2026-08-22T04:45:07Z,2026-08-22T06:45:07+0200,81890fbb-3a1d-466f-b50a-dc03bf877707,2026-08-21T08:15:00Z,2026-08-21T10:15:00+0200,43714.36,MW,FR,FR,actual_load,Actual Load,2026-08-22T04:46:30Z
2026-08-22T04:45:07Z,2026-08-22T06:45:07+0200,81890fbb-3a1d-466f-b50a-dc03bf877707,2026-08-21T08:30:00Z,2026-08-21T10:30:00+0200,43767.53,MW,FR,FR,actual_load,Actual Load,2026-08-22T04:46:30Z
2026-08-22T04:45:07Z,2026-08-22T06:45:07+0200,81890fbb-3a1d-466f-b50a-dc03bf877707,2026-08-21T08:45:00Z,2026-08-21T10:45:00+0200,44128.82,MW,FR,FR,actual_load,Actual Load,2026-08-22T04:46:30Z
2026-08-22T04:45:07Z,2026-08-22T06:45:07+0200,81890fbb-3a1d-466f-b50a-dc03bf877707,2026-08-21T09:00:00Z,2026-08-21T11:00:00+0200,44540.4,MW,FR,FR,actual_load,Actual Load,2026-08-22T04:46:30Z
2026-08-22T04:45:07Z,2026-08-22T06:45:07+0200,81890fbb-3a1d-466f-b50a-dc03bf877707,2026-08-21T09:15:00Z,2026-08-21T11:15:00+0200,44825.3,MW,FR,FR,actual_load,Actual Load,2026-08-22T04:46:30Z
2026-08-22T04:45:07Z,2026-08-22T06:45:07+0200,81890fbb-3a1d-466f-b50a-dc03bf877707,2026-08-21T09:30:00Z,2026-08-21T11:30:00+0200,44845.51,MW,FR,FR,actual_load,Actual Load,2026-08-22T04:46:30Z
2026-08-22T04:45:07Z,2026-08-22T06:45:07+0200,81890fbb-3a1d-466f-b50a-dc03bf877707,2026-08-21T09:45:00Z,2026-08-21T11:45:00+0200,45723.3,MW,FR,FR,actual_load,Actual Load,2026-08-22T04:46:30Z
2026-08-22T04:45:07Z,2026-08-22T06:45:07+0200,81890fbb-3a1d-466f-b50a-dc03bf877707,2026-08-21T10:00:00Z,2026-08-21T12:00:00+0200,45921.64,MW,FR,FR,actual_load,Actual Load,2026-08-22T04:46:30Z
2026-08-22T04:45:07Z,2026-08-22T06:45:07+0200,81890fbb-3a1d-466f-b50a-dc03bf877707,2026-08-21T10:15:00Z,2026-08-21T12:15:00+0200,46067.08,MW,FR,FR,actual_load,Actual Load,2026-08-22T04:46:30Z
2026-08-22T04:45:07Z,2026-08-22T06:45:07+0200,81890fbb-3a1d-466f-b50a-dc03bf877707,2026-08-21T10:30:00Z,2026-08-21T12:30:00+0200,46274.98,MW,FR,FR,actual_load,Actual Load,2026-08-22T04:46:30Z
2026-08-22T04:45:07Z,2026-08-22T06:45:07+0200,81890fbb-3a1d-466f-b50a-dc03bf877707,2026-08-21T10:45:00Z,2026-08-21T12:45:00+0200,45227.29,MW,FR,FR,actual_load,Actual Load,2026-08-22T04:46:30Z
2026-08-22T04:45:07Z,2026-08-22T06:45:07+0200,81890fbb-3a1d-466f-b50a-dc03bf877707,2026-08-21T11:00:00Z,2026-08-21T13:00:00+0200,44882.66,MW,FR,FR,actual_load,Actual Load,2026-08-22T04:46:30Z
2026-08-22T04:45:07Z,2026-08-22T06:45:07+0200,81890fbb-3a1d-466f-b50a-dc03bf877707,2026-08-21T11:15:00Z,2026-08-21T13:15:00+0200,44252.02,MW,FR,FR,actual_load,Actual Load,2026-08-22T04:46:30Z
2026-08-22T04:45:07Z,2026-08-22T06:45:07+0200,81890fbb-3a1d-466f-b50a-dc03bf877707,2026-08-21T11:30:00Z,2026-08-21T13:30:00+0200,43764.38,MW,FR,FR,actual_load,Actual Load,2026-08-22T04:46:30Z
2026-08-22T04:45:07Z,2026-08-22T06:45:07+0200,81890fbb-3a1d-466f-b50a-dc03bf877707,2026-08-21T11:45:00Z,2026-08-21T13:45:00+0200,43956.93,MW,FR,FR,actual_load,Actual Load,2026-08-22T04:46:30Z
2026-08-22T04:45:07Z,2026-08-22T06:45:07+0200,81890fbb-3a1d-466f-b50a-dc03bf877707,2026-08-21T12:00:00Z,2026-08-21T14:00:00+0200,44365.68,MW,FR,FR,actual_load,Actual Load,2026-08-22T04:46:30Z
2026-08-22T04:45:07Z,2026-08-22T06:45:07+0200,81890fbb-3a1d-466f-b50a-dc03bf877707,2026-08-21T12:15:00Z,2026-08-21T14:15:00+0200,44313.78,MW,FR,FR,actual_load,Actual Load,2026-08-22T04:46:30Z
2026-08-22T04:45:07Z,2026-08-22T06:45:07+0200,81890fbb-3a1d-466f-b50a-dc03bf877707,2026-08-21T12:30:00Z,2026-08-21T14:30:00+0200,44690.9,MW,FR,FR,actual_load,Actual Load,2026-08-22T04:46:30Z
2026-08-22T04:45:07Z,2026-08-22T06:45:07+0200,81890fbb-3a1d-466f-b50a-dc03bf877707,2026-08-21T12:45:00Z,2026-08-21T14:45:00+0200,44224.37,MW,FR,FR,actual_load,Actual Load,2026-08-22T04:46:30Z
2026-08-22T04:45:07Z,2026-08-22T06:45:07+0200,81890fbb-3a1d-466f-b50a-dc03bf877707,2026-08-21T13:00:00Z,2026-08-21T15:00:00+0200,44264.39,MW,FR,FR,actual_load,Actual Load,2026-08-22T04:46:30Z
2026-08-22T04:45:07Z,2026-08-22T06:45:07+0200,81890fbb-3a1d-466f-b50a-dc03bf877707,2026-08-21T13:15:00Z,2026-08-21T15:15:00+0200,43720.72,MW,FR,FR,actual_load,Actual Load,2026-08-22T04:46:30Z
2026-08-22T04:45:07Z,2026-08-22T06:45:07+0200,81890fbb-3a1d-466f-b50a-dc03bf877707,2026-08-21T13:30:00Z,2026-08-21T15:30:00+0200,43520.81,MW,FR,FR,actual_load,Actual Load,2026-08-22T04:46:30Z
2026-08-22T04:45:07Z,2026-08-22T06:45:07+0200,81890fbb-3a1d-466f-b50a-dc03bf877707,2026-08-21T13:45:00Z,2026-08-21T15:45:00+0200,43307.38,MW,FR,FR,actual_load,Actual Load,2026-08-22T04:46:30Z
2026-08-22T04:45:07Z,2026-08-22T06:45:07+0200,81890fbb-3a1d-466f-b50a-dc03bf877707,2026-08-21T14:00:00Z,2026-08-21T16:00:00+0200,42960.03,MW,FR,FR,actual_load,Actual Load,2026-08-22T04:46:30Z
2026-08-22T04:45:07Z,2026-08-22T06:45:07+0200,81890fbb-3a1d-466f-b50a-dc03bf877707,2026-08-21T14:15:00Z,2026-08-21T16:15:00+0200,42564.19,MW,FR,FR,actual_load,Actual Load,2026-08-22T04:46:30Z
2026-08-22T04:45:07Z,2026-08-22T06:45:07+0200,81890fbb-3a1d-466f-b50a-dc03bf877707,2026-08-21T14:30:00Z,2026-08-21T16:30:00+0200,42528.76,MW,FR,FR,actual_load,Actual Load,2026-08-22T04:46:30Z
2026-08-22T04:45:07Z,2026-08-22T06:45:07+0200,81890fbb-3a1d-466f-b50a-dc03bf877707,2026-08-21T14:45:00Z,2026-08-21T16:45:00+0200,42599.61,MW,FR,FR,actual_load,Actual Load,2026-08-22T04:46:30Z
2026-08-22T04:45:07Z,2026-08-22T06:45:07+0200,81890fbb-3a1d-466f-b50a-dc03bf877707,2026-08-21T15:00:00Z,2026-08-21T17:00:00+0200,42647.2,MW,FR,FR,actual_load,Actual Load,2026-08-22T04:46:30Z
2026-08-22T04:45:07Z,2026-08-22T06:45:07+0200,81890fbb-3a1d-466f-b50a-dc03bf877707,2026-08-21T15:15:00Z,2026-08-21T17:15:00+0200,42351.01,MW,FR,FR,actual_load,Actual Load,2026-08-22T04:46:30Z
2026-08-22T04:45:07Z,2026-08-22T06:45:07+0200,81890fbb-3a1d-466f-b50a-dc03bf877707,2026-08-21T15:30:00Z,2026-08-21T17:30:00+0200,42473.44,MW,FR,FR,actual_load,Actual Load,2026-08-22T04:46:30Z
2026-08-22T04:45:07Z,2026-08-22T06:45:07+0200,81890fbb-3a1d-466f-b50a-dc03bf877707,2026-08-21T15:45:00Z,2026-08-21T17:45:00+0200,42839.81,MW,FR,FR,actual_load,Actual Load,2026-08-22T04:46:30Z
2026-08-22T04:45:07Z,2026-08-22T06:45:07+0200,81890fbb-3a1d-466f-b50a-dc03bf877707,2026-08-21T16:00:00Z,2026-08-21T18:00:00+0200,43707.15,MW,FR,FR,actual_load,Actual Load,2026-08-22T04:46:30Z
2026-08-22T04:45:07Z,2026-08-22T06:45:07+0200,81890fbb-3a1d-466f-b50a-dc03bf877707,2026-08-21T16:15:00Z,2026-08-21T18:15:00+0200,43811.21,MW,FR,FR,actual_load,Actual Load,2026-08-22T04:46:30Z
2026-08-22T04:45:07Z,2026-08-22T06:45:07+0200,81890fbb-3a1d-466f-b50a-dc03bf877707,2026-08-21T16:30:00Z,2026-08-21T18:30:00+0200,44219.52,MW,FR,FR,actual_load,Actual Load,2026-08-22T04:46:30Z
2026-08-22T04:45:07Z,2026-08-22T06:45:07+0200,81890fbb-3a1d-466f-b50a-dc03bf877707,2026-08-21T16:45:00Z,2026-08-21T18:45:00+0200,44620.17,MW,FR,FR,actual_load,Actual Load,2026-08-22T04:46:30Z
2026-08-22T04:45:07Z,2026-08-22T06:45:07+0200,81890fbb-3a1d-466f-b50a-dc03bf877707,2026-08-21T17:00:00Z,2026-08-21T19:00:00+0200,44983.68,MW,FR,FR,actual_load,Actual Load,2026-08-22T04:46:30Z
2026-08-22T04:45:07Z,2026-08-22T06:45:07+0200,81890fbb-3a1d-466f-b50a-dc03bf877707,2026-08-21T17:15:00Z,2026-08-21T19:15:00+0200,44907.27,MW,FR,FR,actual_load,Actual Load,2026-08-22T04:46:30Z
2026-08-22T04:45:07Z,2026-08-22T06:45:07+0200,81890fbb-3a1d-466f-b50a-dc03bf877707,2026-08-21T17:30:00Z,2026-08-21T19:30:00+0200,44601.38,MW,FR,FR,actual_load,Actual Load,2026-08-22T04:46:30Z
2026-08-22T04:45:07Z,2026-08-22T06:45:07+0200,81890fbb-3a1d-466f-b50a-dc03bf877707,2026-08-21T17:45:00Z,2026-08-21T19:45:00+0200,44183.17,MW,FR,FR,actual_load,Actual Load,2026-08-22T04:46:30Z
2026-08-22T04:45:07Z,2026-08-22T06:45:07+0200,81890fbb-3a1d-466f-b50a-dc03bf877707,2026-08-21T18:00:00Z,2026-08-21T20:00:00+0200,43620.78,MW,FR,FR,actual_load,Actual Load,2026-08-22T04:46:30Z
2026-08-22T04:45:07Z,2026-08-22T06:45:07+0200,81890fbb-3a1d-466f-b50a-dc03bf877707,2026-08-21T18:15:00Z,2026-08-21T20:15:00+0200,43018.23,MW,FR,FR,actual_load,Actual Load,2026-08-22T04:46:30Z
2026-08-22T04:45:07Z,2026-08-22T06:45:07+0200,81890fbb-3a1d-466f-b50a-dc03bf877707,2026-08-21T18:30:00Z,2026-08-21T20:30:00+0200,42338.41,MW,FR,FR,actual_load,Actual Load,2026-08-22T04:46:30Z
2026-08-22T04:45:07Z,2026-08-22T06:45:07+0200,81890fbb-3a1d-466f-b50a-dc03bf877707,2026-08-21T18:45:00Z,2026-08-21T20:45:00+0200,42026.16,MW,FR,FR,actual_load,Actual Load,2026-08-22T04:46:30Z
2026-08-22T04:45:07Z,2026-08-22T06:45:07+0200,81890fbb-3a1d-466f-b50a-dc03bf877707,2026-08-21T19:00:00Z,2026-08-21T21:00:00+0200,42401.32,MW,FR,FR,actual_load,Actual Load,2026-08-22T04:46:30Z
2026-08-22T04:45:07Z,2026-08-22T06:45:07+0200,81890fbb-3a1d-466f-b50a-dc03bf877707,2026-08-21T19:15:00Z,2026-08-21T21:15:00+0200,42123.54,MW,FR,FR,actual_load,Actual Load,2026-08-22T04:46:30Z
2026-08-22T04:45:07Z,2026-08-22T06:45:07+0200,81890fbb-3a1d-466f-b50a-dc03bf877707,2026-08-21T19:30:00Z,2026-08-21T21:30:00+0200,41835.21,MW,FR,FR,actual_load,Actual Load,2026-08-22T04:46:30Z
2026-08-22T04:45:07Z,2026-08-22T06:45:07+0200,81890fbb-3a1d-466f-b50a-dc03bf877707,2026-08-21T19:45:00Z,2026-08-21T21:45:00+0200,41226.19,MW,FR,FR,actual_load,Actual Load,2026-08-22T04:46:30Z
2026-08-22T04:45:07Z,2026-08-22T06:45:07+0200,81890fbb-3a1d-466f-b50a-dc03bf877707,2026-08-21T20:00:00Z,2026-08-21T22:00:00+0200,42095.33,MW,FR,FR,actual_load,Actual Load,2026-08-22T04:46:30Z
2026-08-22T04:45:07Z,2026-08-22T06:45:07+0200,81890fbb-3a1d-466f-b50a-dc03bf877707,2026-08-21T20:15:00Z,2026-08-21T22:15:00+0200,41915.83,MW,FR,FR,actual_load,Actual Load,2026-08-22T04:46:30Z
2026-08-22T04:45:07Z,2026-08-22T06:45:07+0200,81890fbb-3a1d-466f-b50a-dc03bf877707,2026-08-21T20:30:00Z,2026-08-21T22:30:00+0200,42896.34,MW,FR,FR,actual_load,Actual Load,2026-08-22T04:46:30Z
2026-08-22T04:45:07Z,2026-08-22T06:45:07+0200,81890fbb-3a1d-466f-b50a-dc03bf877707,2026-08-21T20:45:00Z,2026-08-21T22:45:00+0200,42393.54,MW,FR,FR,actual_load,Actual Load,2026-08-22T04:46:30Z
2026-08-22T04:45:07Z,2026-08-22T06:45:07+0200,81890fbb-3a1d-466f-b50a-dc03bf877707,2026-08-21T21:00:00Z,2026-08-21T23:00:00+0200,42005.84,MW,FR,FR,actual_load,Actual Load,2026-08-22T04:46:30Z
2026-08-22T04:45:07Z,2026-08-22T06:45:07+0200,81890fbb-3a1d-466f-b50a-dc03bf877707,2026-08-21T21:15:00Z,2026-08-21T23:15:00+0200,41053.98,MW,FR,FR,actual_load,Actual Load,2026-08-22T04:46:30Z
2026-08-22T04:45:07Z,2026-08-22T06:45:07+0200,81890fbb-3a1d-466f-b50a-dc03bf877707,2026-08-21T21:30:00Z,2026-08-21T23:30:00+0200,40951.51,MW,FR,FR,actual_load,Actual Load,2026-08-22T04:46:30Z
2026-08-22T04:45:07Z,2026-08-22T06:45:07+0200,81890fbb-3a1d-466f-b50a-dc03bf877707,2026-08-21T21:45:00Z,2026-08-21T23:45:00+0200,39986.24,MW,FR,FR,actual_load,Actual Load,2026-08-22T04:46:30Z
2026-08-22T04:45:07Z,2026-08-22T06:45:07+0200,81890fbb-3a1d-466f-b50a-dc03bf877707,2026-08-21T22:00:00Z,2026-08-22T00:00:00+0200,39989.99,MW,FR,FR,actual_load,Actual Load,2026-08-22T04:46:30Z
2026-08-22T04:45:07Z,2026-08-22T06:45:07+0200,81890fbb-3a1d-466f-b50a-dc03bf877707,2026-08-21T22:15:00Z,2026-08-22T00:15:00+0200,38955.39,MW,FR,FR,actual_load,Actual Load,2026-08-22T04:46:30Z
2026-08-22T04:45:07Z,2026-08-22T06:45:07+0200,81890fbb-3a1d-466f-b50a-dc03bf877707,2026-08-21T22:30:00Z,2026-08-22T00:30:00+0200,38039.58,MW,FR,FR,actual_load,Actual Load,2026-08-22T04:46:30Z
2026-08-22T04:45:07Z,2026-08-22T06:45:07+0200,81890fbb-3a1d-466f-b50a-dc03bf877707,2026-08-21T22:45:00Z,2026-08-22T00:45:00+0200,37148.06,MW,FR,FR,actual_load,Actual Load,2026-08-22T04:46:30Z
2026-08-22T04:45:07Z,2026-08-22T06:45:07+0200,81890fbb-3a1d-466f-b50a-dc03bf877707,2026-08-21T23:00:00Z,2026-08-22T01:00:00+0200,37527.78,MW,FR,FR,actual_load,Actual Load,2026-08-22T04:46:30Z
2026-08-22T04:45:07Z,2026-08-22T06:45:07+0200,81890fbb-3a1d-466f-b50a-dc03bf877707,2026-08-21T23:15:00Z,2026-08-22T01:15:00+0200,36901.5,MW,FR,FR,actual_load,Actual Load,2026-08-22T04:46:30Z
2026-08-22T04:45:07Z,2026-08-22T06:45:07+0200,81890fbb-3a1d-466f-b50a-dc03bf877707,2026-08-21T23:30:00Z,2026-08-22T01:30:00+0200,36919.16,MW,FR,FR,actual_load,Actual Load,2026-08-22T04:46:30Z
2026-08-22T04:45:07Z,2026-08-22T06:45:07+0200,81890fbb-3a1d-466f-b50a-dc03bf877707,2026-08-21T23:45:00Z,2026-08-22T01:45:00+0200,36125.36,MW,FR,FR,actual_load,Actual Load,2026-08-22T04:46:30Z
2026-08-22T04:45:07Z,2026-08-22T06:45:07+0200,81890fbb-3a1d-466f-b50a-dc03bf877707,2026-08-22T00:00:00Z,2026-08-22T02:00:00+0200,35911.62,MW,FR,FR,actual_load,Actual Load,2026-08-22T04:46:30Z
2026-08-22T04:45:07Z,2026-08-22T06:45:07+0200,81890fbb-3a1d-466f-b50a-dc03bf877707,2026-08-22T00:15:00Z,2026-08-22T02:15:00+0200,35007.29,MW,FR,FR,actual_load,Actual Load,2026-08-22T04:46:30Z
2026-08-22T04:45:07Z,2026-08-22T06:45:07+0200,81890fbb-3a1d-466f-b50a-dc03bf877707,2026-08-22T00:30:00Z,2026-08-22T02:30:00+0200,34255.41,MW,FR,FR,actual_load,Actual Load,2026-08-22T04:46:30Z
2026-08-22T04:45:07Z,2026-08-22T06:45:07+0200,81890fbb-3a1d-466f-b50a-dc03bf877707,2026-08-22T00:45:00Z,2026-08-22T02:45:00+0200,33661.74,MW,FR,FR,actual_load,Actual Load,2026-08-22T04:46:30Z
2026-08-22T04:45:07Z,2026-08-22T06:45:07+0200,81890fbb-3a1d-466f-b50a-dc03bf877707,2026-08-22T01:00:00Z,2026-08-22T03:00:00+0200,33272.27,MW,FR,FR,actual_load,Actual Load,2026-08-22T04:46:30Z
2026-08-22T04:45:07Z,2026-08-22T06:45:07+0200,81890fbb-3a1d-466f-b50a-dc03bf877707,2026-08-22T01:15:00Z,2026-08-22T03:15:00+0200,33007.19,MW,FR,FR,actual_load,Actual Load,2026-08-22T04:46:30Z
2026-08-22T04:45:07Z,2026-08-22T06:45:07+0200,81890fbb-3a1d-466f-b50a-dc03bf877707,2026-08-22T01:30:00Z,2026-08-22T03:30:00+0200,32758.34,MW,FR,FR,actual_load,Actual Load,2026-08-22T04:46:30Z
2026-08-22T04:45:07Z,2026-08-22T06:45:07+0200,81890fbb-3a1d-466f-b50a-dc03bf877707,2026-08-22T01:45:00Z,2026-08-22T03:45:00+0200,32470.51,MW,FR,FR,actual_load,Actual Load,2026-08-22T04:46:30Z
2026-08-22T04:45:07Z,2026-08-22T06:45:07+0200,81890fbb-3a1d-466f-b50a-dc03bf877707,2026-08-22T02:00:00Z,2026-08-22T04:00:00+0200,32389.98,MW,FR,FR,actual_load,Actual Load,2026-08-22T04:46:30Z
2026-08-22T04:45:07Z,2026-08-22T06:45:07+0200,81890fbb-3a1d-466f-b50a-dc03bf877707,2026-08-22T02:15:00Z,2026-08-22T04:15:00+0200,32204.1,MW,FR,FR,actual_load,Actual Load,2026-08-22T04:46:30Z
2026-08-22T04:45:07Z,2026-08-22T06:45:07+0200,81890fbb-3a1d-466f-b50a-dc03bf877707,2026-08-22T02:30:00Z,2026-08-22T04:30:00+0200,32171.44,MW,FR,FR,actual_load,Actual Load,2026-08-22T04:46:30Z
2026-08-22T04:45:07Z,2026-08-22T06:45:07+0200,81890fbb-3a1d-466f-b50a-dc03bf877707,2026-08-22T02:45:00Z,2026-08-22T04:45:00+0200,32201.94,MW,FR,FR,actual_load,Actual Load,2026-08-22T04:46:30Z
2026-08-22T04:45:07Z,2026-08-22T06:45:07+0200,81890fbb-3a1d-466f-b50a-dc03bf877707,2026-08-22T03:00:00Z,2026-08-22T05:00:00+0200,32539.55,MW,FR,FR,actual_load,Actual Load,2026-08-22T04:46:30Z
2026-08-22T04:45:07Z,2026-08-22T06:45:07+0200,81890fbb-3a1d-466f-b50a-dc03bf877707,2026-08-22T03:15:00Z,2026-08-22T05:15:00+0200,32689.51,MW,FR,FR,actual_load,Actual Load,2026-08-22T04:46:30Z
2026-08-22T04:45:07Z,2026-08-22T06:45:07+0200,81890fbb-3a1d-466f-b50a-dc03bf877707,2026-08-22T03:30:00Z,2026-08-22T05:30:00+0200,32684.06,MW,FR,FR,actual_load,Actual Load,2026-08-22T04:46:30Z
2026-08-22T04:45:07Z,2026-08-22T06:45:07+0200,81890fbb-3a1d-466f-b50a-dc03bf877707,2026-08-22T03:45:00Z,2026-08-22T05:45:00+0200,32835.07,MW,FR,FR,actual_load,Actual Load,2026-08-22T04:46:30Z
