collection_time_utc,collection_time_local,run_id,timestamp_utc,timestamp_local,value,unit,country,entsoe_area,variable,source,updated_at_utc
2026-08-09T22:53:54Z,2026-08-10T00:53:54+0200,9f364823-fdf2-409d-8835-686a42d079dd,2026-07-09T23:00:00Z,2026-07-10T01:00:00+0200,45034.72101,MW,DE,DE_LU,forecast_load,Forecasted Load,2026-08-09T22:55:36Z
2026-08-09T22:53:54Z,2026-08-10T00:53:54+0200,9f364823-fdf2-409d-8835-686a42d079dd,2026-07-09T23:15:00Z,2026-07-10T01:15:00+0200,44599.977857,MW,DE,DE_LU,forecast_load,Forecasted Load,2026-08-09T22:55:36Z
2026-08-09T22:53:54Z,2026-08-10T00:53:54+0200,9f364823-fdf2-409d-8835-686a42d079dd,2026-07-09T23:30:00Z,2026-07-10T01:30:00+0200,44219.369848,MW,DE,DE_LU,forecast_load,Forecasted Load,2026-08-09T22:55:36Z
2026-08-09T22:53:54Z,2026-08-10T00:53:54+0200,9f364823-fdf2-409d-8835-686a42d079dd,2026-07-09T23:45:00Z,2026-07-10T01:45:00+0200,43936.008308,MW,DE,DE_LU,forecast_load,Forecasted Load,2026-08-09T22:55:36Z
2026-08-09T22:53:54Z,2026-08-10T00:53:54+0200,9f364823-fdf2-409d-8835-686a42d079dd,2026-07-10T00:00:00Z,2026-07-10T02:00:00+0200,43649.247197,MW,DE,DE_LU,forecast_load,Forecasted Load,2026-08-09T22:55:36Z
2026-08-09T22:53:54Z,2026-08-10T00:53:54+0200,9f364823-fdf2-409d-8835-686a42d079dd,2026-07-10T00:15:00Z,2026-07-10T02:15:00+0200,43441.581981,MW,DE,DE_LU,forecast_load,Forecasted Load,2026-08-09T22:55:36Z
2026-08-09T22:53:54Z,2026-08-10T00:53:54+0200,9f364823-fdf2-409d-8835-686a42d079dd,2026-07-10T00:30:00Z,2026-07-10T02:30:00+0200,43495.035494,MW,DE,DE_LU,forecast_load,Forecasted Load,2026-08-09T22:55:36Z
2026-08-09T22:53:54Z,2026-08-10T00:53:54+0200,9f364823-fdf2-409d-8835-686a42d079dd,2026-07-10T00:45:00Z,2026-07-10T02:45:00+0200,43333.979749,MW,DE,DE_LU,forecast_load,Forecasted Load,2026-08-09T22:55:36Z
2026-08-09T22:53:54Z,2026-08-10T00:53:54+0200,9f364823-fdf2-409d-8835-686a42d079dd,2026-07-10T01:00:00Z,2026-07-10T03:00:00+0200,43217.969908,MW,DE,DE_LU,forecast_load,Forecasted Load,2026-08-09T22:55:36Z
2026-08-09T22:53:54Z,2026-08-10T00:53:54+0200,9f364823-fdf2-409d-8835-686a42d079dd,2026-07-10T01:15:00Z,2026-07-10T03:15:00+0200,43196.786675,MW,DE,DE_LU,forecast_load,Forecasted Load,2026-08-09T22:55:36Z
2026-08-09T22:53:54Z,2026-08-10T00:53:54+0200,9f364823-fdf2-409d-8835-686a42d079dd,2026-07-10T01:30:00Z,2026-07-10T03:30:00+0200,43344.867115,MW,DE,DE_LU,forecast_load,Forecasted Load,2026-08-09T22:55:36Z
2026-08-09T22:53:54Z,2026-08-10T00:53:54+0200,9f364823-fdf2-409d-8835-686a42d079dd,2026-07-10T01:45:00Z,2026-07-10T03:45:00+0200,43559.309159,MW,DE,DE_LU,forecast_load,Forecasted Load,2026-08-09T22:55:36Z
2026-08-09T22:53:54Z,2026-08-10T00:53:54+0200,9f364823-fdf2-409d-8835-686a42d079dd,2026-07-10T02:00:00Z,2026-07-10T04:00:00+0200,44051.265796,MW,DE,DE_LU,forecast_load,Forecasted Load,2026-08-09T22:55:36Z
2026-08-09T22:53:54Z,2026-08-10T00:53:54+0200,9f364823-fdf2-409d-8835-686a42d079dd,2026-07-10T02:15:00Z,2026-07-10T04:15:00+0200,44269.836881,MW,DE,DE_LU,forecast_load,Forecasted Load,2026-08-09T22:55:36Z
2026-08-09T22:53:54Z,2026-08-10T00:53:54+0200,9f364823-fdf2-409d-8835-686a42d079dd,2026-07-10T02:30:00Z,2026-07-10T04:30:00+0200,44661.859082,MW,DE,DE_LU,forecast_load,Forecasted Load,2026-08-09T22:55:36Z
2026-08-09T22:53:54Z,2026-08-10T00:53:54+0200,9f364823-fdf2-409d-8835-686a42d079dd,2026-07-10T02:45:00Z,2026-07-10T04:45:00+0200,45242.386764,MW,DE,DE_LU,forecast_load,Forecasted Load,2026-08-09T22:55:36Z
2026-08-09T22:53:54Z,2026-08-10T00:53:54+0200,9f364823-fdf2-409d-8835-686a42d079dd,2026-07-10T03:00:00Z,2026-07-10T05:00:00+0200,46090.220863,MW,DE,DE_LU,forecast_load,Forecasted Load,2026-08-09T22:55:36Z
2026-08-09T22:53:54Z,2026-08-10T00:53:54+0200,9f364823-fdf2-409d-8835-686a42d079dd,2026-07-10T03:15:00Z,2026-07-10T05:15:00+0200,46418.858353,MW,DE,DE_LU,forecast_load,Forecasted Load,2026-08-09T22:55:36Z
2026-08-09T22:53:54Z,2026-08-10T00:53:54+0200,9f364823-fdf2-409d-8835-686a42d079dd,2026-07-10T03:30:00Z,2026-07-10T05:30:00+0200,47248.660398,MW,DE,DE_LU,forecast_load,Forecasted Load,2026-08-09T22:55:36Z
2026-08-09T22:53:54Z,2026-08-10T00:53:54+0200,9f364823-fdf2-409d-8835-686a42d079dd,2026-07-10T03:45:00Z,2026-07-10T05:45:00+0200,48317.08709,MW,DE,DE_LU,forecast_load,Forecasted Load,2026-08-09T22:55:36Z
2026-08-09T22:53:54Z,2026-08-10T00:53:54+0200,9f364823-fdf2-409d-8835-686a42d079dd,2026-07-10T04:00:00Z,2026-07-10T06:00:00+0200,50346.7523,MW,DE,DE_LU,forecast_load,Forecasted Load,2026-08-09T22:55:36Z
2026-08-09T22:53:54Z,2026-08-10T00:53:54+0200,9f364823-fdf2-409d-8835-686a42d079dd,2026-07-10T04:15:00Z,2026-07-10T06:15:00+0200,51546.470475,MW,DE,DE_LU,forecast_load,Forecasted Load,2026-08-09T22:55:36Z
2026-08-09T22:53:54Z,2026-08-10T00:53:54+0200,9f364823-fdf2-409d-8835-686a42d079dd,2026-07-10T04:30:00Z,2026-07-10T06:30:00+0200,52625.044488,MW,DE,DE_LU,forecast_load,Forecasted Load,2026-08-09T22:55:36Z
2026-08-09T22:53:54Z,2026-08-10T00:53:54+0200,9f364823-fdf2-409d-8835-686a42d079dd,2026-07-10T04:45:00Z,2026-07-10T06:45:00+0200,53710.71391,MW,DE,DE_LU,forecast_load,Forecasted Load,2026-08-09T22:55:36Z
2026-08-09T22:53:54Z,2026-08-10T00:53:54+0200,9f364823-fdf2-409d-8835-686a42d079dd,2026-07-10T05:00:00Z,2026-07-10T07:00:00+0200,54736.252374,MW,DE,DE_LU,forecast_load,Forecasted Load,2026-08-09T22:55:36Z
2026-08-09T22:53:54Z,2026-08-10T00:53:54+0200,9f364823-fdf2-409d-8835-686a42d079dd,2026-07-10T05:15:00Z,2026-07-10T07:15:00+0200,56031.605426,MW,DE,DE_LU,forecast_load,Forecasted Load,2026-08-09T22:55:36Z
2026-08-09T22:53:54Z,2026-08-10T00:53:54+0200,9f364823-fdf2-409d-8835-686a42d079dd,2026-07-10T05:30:00Z,2026-07-10T07:30:00+0200,57073.28377,MW,DE,DE_LU,forecast_load,Forecasted Load,2026-08-09T22:55:36Z
2026-08-09T22:53:54Z,2026-08-10T00:53:54+0200,9f364823-fdf2-409d-8835-686a42d079dd,2026-07-10T05:45:00Z,2026-07-10T07:45:00+0200,57915.465442,MW,DE,DE_LU,forecast_load,Forecasted Load,2026-08-09T22:55:36Z
2026-08-09T22:53:54Z,2026-08-10T00:53:54+0200,9f364823-fdf2-409d-8835-686a42d079dd,2026-07-10T06:00:00Z,2026-07-10T08:00:00+0200,58653.307314,MW,DE,DE_LU,forecast_load,Forecasted Load,2026-08-09T22:55:36Z
2026-08-09T22:53:54Z,2026-08-10T00:53:54+0200,9f364823-fdf2-409d-8835-686a42d079dd,2026-07-10T06:15:00Z,2026-07-10T08:15:00+0200,59441.635061,MW,DE,DE_LU,forecast_load,Forecasted Load,2026-08-09T22:55:36Z
2026-08-09T22:53:54Z,2026-08-10T00:53:54+0200,9f364823-fdf2-409d-8835-686a42d079dd,2026-07-10T06:30:00Z,2026-07-10T08:30:00+0200,60011.61047,MW,DE,DE_LU,forecast_load,Forecasted Load,2026-08-09T22:55:36Z
2026-08-09T22:53:54Z,2026-08-10T00:53:54+0200,9f364823-fdf2-409d-8835-686a42d079dd,2026-07-10T06:45:00Z,2026-07-10T08:45:00+0200,60372.275756,MW,DE,DE_LU,forecast_load,Forecasted Load,2026-08-09T22:55:36Z
2026-08-09T22:53:54Z,2026-08-10T00:53:54+0200,9f364823-fdf2-409d-8835-686a42d079dd,2026-07-10T07:00:00Z,2026-07-10T09:00:00+0200,60095.044587,MW,DE,DE_LU,forecast_load,Forecasted Load,2026-08-09T22:55:36Z
2026-08-09T22:53:54Z,2026-08-10T00:53:54+0200,9f364823-fdf2-409d-8835-686a42d079dd,2026-07-10T07:15:00Z,2026-07-10T09:15:00+0200,60475.517277,MW,DE,DE_LU,forecast_load,Forecasted Load,2026-08-09T22:55:36Z
2026-08-09T22:53:54Z,2026-08-10T00:53:54+0200,9f364823-fdf2-409d-8835-686a42d079dd,2026-07-10T07:30:00Z,2026-07-10T09:30:00+0200,60749.6615,MW,DE,DE_LU,forecast_load,Forecasted Load,2026-08-09T22:55:36Z
2026-08-09T22:53:54Z,2026-08-10T00:53:54+0200,9f364823-fdf2-409d-8835-686a42d079dd,2026-07-10T07:45:00Z,2026-07-10T09:45:00+0200,61061.716779,MW,DE,DE_LU,forecast_load,Forecasted Load,2026-08-09T22:55:36Z
2026-08-09T22:53:54Z,2026-08-10T00:53:54+0200,9f364823-fdf2-409d-8835-686a42d079dd,2026-07-10T08:00:00Z,2026-07-10T10:00:00+0200,61072.684177,MW,DE,DE_LU,forecast_load,Forecasted Load,2026-08-09T22:55:36Z
2026-08-09T22:53:54Z,2026-08-10T00:53:54+0200,9f364823-fdf2-409d-8835-686a42d079dd,2026-07-10T08:15:00Z,2026-07-10T10:15:00+0200,61228.249236,MW,DE,DE_LU,forecast_load,Forecasted Load,2026-08-09T22:55:36Z
2026-08-09T22:53:54Z,2026-08-10T00:53:54+0200,9f364823-fdf2-409d-8835-686a42d079dd,2026-07-10T08:30:00Z,2026-07-10T10:30:00+0200,61075.24804,MW,DE,DE_LU,forecast_load,Forecasted Load,2026-08-09T22:55:36Z
2026-08-09T22:53:54Z,2026-08-10T00:53:54+0200,9f364823-fdf2-409d-8835-686a42d079dd,2026-07-10T08:45:00Z,2026-07-10T10:45:00+0200,61264.550583,MW,DE,DE_LU,forecast_load,Forecasted Load,2026-08-09T22:55:36Z
2026-08-09T22:53:54Z,2026-08-10T00:53:54+0200,9f364823-fdf2-409d-8835-686a42d079dd,2026-07-10T09:00:00Z,2026-07-10T11:00:00+0200,61204.528921,MW,DE,DE_LU,forecast_load,Forecasted Load,2026-08-09T22:55:36Z
2026-08-09T22:53:54Z,2026-08-10T00:53:54+0200,9f364823-fdf2-409d-8835-686a42d079dd,2026-07-10T09:15:00Z,2026-07-10T11:15:00+0200,60804.475851,MW,DE,DE_LU,forecast_load,Forecasted Load,2026-08-09T22:55:36Z
2026-08-09T22:53:54Z,2026-08-10T00:53:54+0200,9f364823-fdf2-409d-8835-686a42d079dd,2026-07-10T09:30:00Z,2026-07-10T11:30:00+0200,60758.968196,MW,DE,DE_LU,forecast_load,Forecasted Load,2026-08-09T22:55:36Z
2026-08-09T22:53:54Z,2026-08-10T00:53:54+0200,9f364823-fdf2-409d-8835-686a42d079dd,2026-07-10T09:45:00Z,2026-07-10T11:45:00+0200,60575.342739,MW,DE,DE_LU,forecast_load,Forecasted Load,2026-08-09T22:55:36Z
2026-08-09T22:53:54Z,2026-08-10T00:53:54+0200,9f364823-fdf2-409d-8835-686a42d079dd,2026-07-10T10:00:00Z,2026-07-10T12:00:00+0200,60010.262995,MW,DE,DE_LU,forecast_load,Forecasted Load,2026-08-09T22:55:36Z
2026-08-09T22:53:54Z,2026-08-10T00:53:54+0200,9f364823-fdf2-409d-8835-686a42d079dd,2026-07-10T10:15:00Z,2026-07-10T12:15:00+0200,59856.528118,MW,DE,DE_LU,forecast_load,Forecasted Load,2026-08-09T22:55:36Z
2026-08-09T22:53:54Z,2026-08-10T00:53:54+0200,9f364823-fdf2-409d-8835-686a42d079dd,2026-07-10T10:30:00Z,2026-07-10T12:30:00+0200,59620.785001,MW,DE,DE_LU,forecast_load,Forecasted Load,2026-08-09T22:55:36Z
2026-08-09T22:53:54Z,2026-08-10T00:53:54+0200,9f364823-fdf2-409d-8835-686a42d079dd,2026-07-10T10:45:00Z,2026-07-10T12:45:00+0200,59388.209711,MW,DE,DE_LU,forecast_load,Forecasted Load,2026-08-09T22:55:36Z
2026-08-09T22:53:54Z,2026-08-10T00:53:54+0200,9f364823-fdf2-409d-8835-686a42d079dd,2026-07-10T11:00:00Z,2026-07-10T13:00:00+0200,58786.067326,MW,DE,DE_LU,forecast_load,Forecasted Load,2026-08-09T22:55:36Z
2026-08-09T22:53:54Z,2026-08-10T00:53:54+0200,9f364823-fdf2-409d-8835-686a42d079dd,2026-07-10T11:15:00Z,2026-07-10T13:15:00+0200,58302.260852,MW,DE,DE_LU,forecast_load,Forecasted Load,2026-08-09T22:55:36Z
2026-08-09T22:53:54Z,2026-08-10T00:53:54+0200,9f364823-fdf2-409d-8835-686a42d079dd,2026-07-10T11:30:00Z,2026-07-10T13:30:00+0200,58217.016236,MW,DE,DE_LU,forecast_load,Forecasted Load,2026-08-09T22:55:36Z
2026-08-09T22:53:54Z,2026-08-10T00:53:54+0200,9f364823-fdf2-409d-8835-686a42d079dd,2026-07-10T11:45:00Z,2026-07-10T13:45:00+0200,57843.297547,MW,DE,DE_LU,forecast_load,Forecasted Load,2026-08-09T22:55:36Z
2026-08-09T22:53:54Z,2026-08-10T00:53:54+0200,9f364823-fdf2-409d-8835-686a42d079dd,2026-07-10T12:00:00Z,2026-07-10T14:00:00+0200,57711.486334,MW,DE,DE_LU,forecast_load,Forecasted Load,2026-08-09T22:55:36Z
2026-08-09T22:53:54Z,2026-08-10T00:53:54+0200,9f364823-fdf2-409d-8835-686a42d079dd,2026-07-10T12:15:00Z,2026-07-10T14:15:00+0200,57765.529028,MW,DE,DE_LU,forecast_load,Forecasted Load,2026-08-09T22:55:36Z
2026-08-09T22:53:54Z,2026-08-10T00:53:54+0200,9f364823-fdf2-409d-8835-686a42d079dd,2026-07-10T12:30:00Z,2026-07-10T14:30:00+0200,57530.456155,MW,DE,DE_LU,forecast_load,Forecasted Load,2026-08-09T22:55:36Z
2026-08-09T22:53:54Z,2026-08-10T00:53:54+0200,9f364823-fdf2-409d-8835-686a42d079dd,2026-07-10T12:45:00Z,2026-07-10T14:45:00+0200,57232.069518,MW,DE,DE_LU,forecast_load,Forecasted Load,2026-08-09T22:55:36Z
2026-08-09T22:53:54Z,2026-08-10T00:53:54+0200,9f364823-fdf2-409d-8835-686a42d079dd,2026-07-10T13:00:00Z,2026-07-10T15:00:00+0200,56976.596189,MW,DE,DE_LU,forecast_load,Forecasted Load,2026-08-09T22:55:36Z
2026-08-09T22:53:54Z,2026-08-10T00:53:54+0200,9f364823-fdf2-409d-8835-686a42d079dd,2026-07-10T13:15:00Z,2026-07-10T15:15:00+0200,56901.197766,MW,DE,DE_LU,forecast_load,Forecasted Load,2026-08-09T22:55:36Z
2026-08-09T22:53:54Z,2026-08-10T00:53:54+0200,9f364823-fdf2-409d-8835-686a42d079dd,2026-07-10T13:30:00Z,2026-07-10T15:30:00+0200,56849.51356,MW,DE,DE_LU,forecast_load,Forecasted Load,2026-08-09T22:55:36Z
2026-08-09T22:53:54Z,2026-08-10T00:53:54+0200,9f364823-fdf2-409d-8835-686a42d079dd,2026-07-10T13:45:00Z,2026-07-10T15:45:00+0200,57043.302579,MW,DE,DE_LU,forecast_load,Forecasted Load,2026-08-09T22:55:36Z
2026-08-09T22:53:54Z,2026-08-10T00:53:54+0200,9f364823-fdf2-409d-8835-686a42d079dd,2026-07-10T14:00:00Z,2026-07-10T16:00:00+0200,56943.355589,MW,DE,DE_LU,forecast_load,Forecasted Load,2026-08-09T22:55:36Z
2026-08-09T22:53:54Z,2026-08-10T00:53:54+0200,9f364823-fdf2-409d-8835-686a42d079dd,2026-07-10T14:15:00Z,2026-07-10T16:15:00+0200,56753.58429,MW,DE,DE_LU,forecast_load,Forecasted Load,2026-08-09T22:55:36Z
2026-08-09T22:53:54Z,2026-08-10T00:53:54+0200,9f364823-fdf2-409d-8835-686a42d079dd,2026-07-10T14:30:00Z,2026-07-10T16:30:00+0200,56317.379839,MW,DE,DE_LU,forecast_load,Forecasted Load,2026-08-09T22:55:36Z
2026-08-09T22:53:54Z,2026-08-10T00:53:54+0200,9f364823-fdf2-409d-8835-686a42d079dd,2026-07-10T14:45:00Z,2026-07-10T16:45:00+0200,56637.009531,MW,DE,DE_LU,forecast_load,Forecasted Load,2026-08-09T22:55:36Z
2026-08-09T22:53:54Z,2026-08-10T00:53:54+0200,9f364823-fdf2-409d-8835-686a42d079dd,2026-07-10T15:00:00Z,2026-07-10T17:00:00+0200,56523.32171,MW,DE,DE_LU,forecast_load,Forecasted Load,2026-08-09T22:55:36Z
2026-08-09T22:53:54Z,2026-08-10T00:53:54+0200,9f364823-fdf2-409d-8835-686a42d079dd,2026-07-10T15:15:00Z,2026-07-10T17:15:00+0200,55981.422317,MW,DE,DE_LU,forecast_load,Forecasted Load,2026-08-09T22:55:36Z
2026-08-09T22:53:54Z,2026-08-10T00:53:54+0200,9f364823-fdf2-409d-8835-686a42d079dd,2026-07-10T15:30:00Z,2026-07-10T17:30:00+0200,56015.55419,MW,DE,DE_LU,forecast_load,Forecasted Load,2026-08-09T22:55:36Z
2026-08-09T22:53:54Z,2026-08-10T00:53:54+0200,9f364823-fdf2-409d-8835-686a42d079dd,2026-07-10T15:45:00Z,2026-07-10T17:45:00+0200,56184.196453,MW,DE,DE_LU,forecast_load,Forecasted Load,2026-08-09T22:55:36Z
2026-08-09T22:53:54Z,2026-08-10T00:53:54+0200,9f364823-fdf2-409d-8835-686a42d079dd,2026-07-10T16:00:00Z,2026-07-10T18:00:00+0200,56522.725778,MW,DE,DE_LU,forecast_load,Forecasted Load,2026-08-09T22:55:36Z
2026-08-09T22:53:54Z,2026-08-10T00:53:54+0200,9f364823-fdf2-409d-8835-686a42d079dd,2026-07-10T16:15:00Z,2026-07-10T18:15:00+0200,56544.269768,MW,DE,DE_LU,forecast_load,Forecasted Load,2026-08-09T22:55:36Z
2026-08-09T22:53:54Z,2026-08-10T00:53:54+0200,9f364823-fdf2-409d-8835-686a42d079dd,2026-07-10T16:30:00Z,2026-07-10T18:30:00+0200,56362.480405,MW,DE,DE_LU,forecast_load,Forecasted Load,2026-08-09T22:55:36Z
2026-08-09T22:53:54Z,2026-08-10T00:53:54+0200,9f364823-fdf2-409d-8835-686a42d079dd,2026-07-10T16:45:00Z,2026-07-10T18:45:00+0200,56244.149961,MW,DE,DE_LU,forecast_load,Forecasted Load,2026-08-09T22:55:36Z
2026-08-09T22:53:54Z,2026-08-10T00:53:54+0200,9f364823-fdf2-409d-8835-686a42d079dd,2026-07-10T17:00:00Z,2026-07-10T19:00:00+0200,56537.314902,MW,DE,DE_LU,forecast_load,Forecasted Load,2026-08-09T22:55:36Z
2026-08-09T22:53:54Z,2026-08-10T00:53:54+0200,9f364823-fdf2-409d-8835-686a42d079dd,2026-07-10T17:15:00Z,2026-07-10T19:15:00+0200,56651.790681,MW,DE,DE_LU,forecast_load,Forecasted Load,2026-08-09T22:55:36Z
2026-08-09T22:53:54Z,2026-08-10T00:53:54+0200,9f364823-fdf2-409d-8835-686a42d079dd,2026-07-10T17:30:00Z,2026-07-10T19:30:00+0200,56063.432668,MW,DE,DE_LU,forecast_load,Forecasted Load,2026-08-09T22:55:36Z
2026-08-09T22:53:54Z,2026-08-10T00:53:54+0200,9f364823-fdf2-409d-8835-686a42d079dd,2026-07-10T17:45:00Z,2026-07-10T19:45:00+0200,55396.43443,MW,DE,DE_LU,forecast_load,Forecasted Load,2026-08-09T22:55:36Z
2026-08-09T22:53:54Z,2026-08-10T00:53:54+0200,9f364823-fdf2-409d-8835-686a42d079dd,2026-07-10T18:00:00Z,2026-07-10T20:00:00+0200,55073.620345,MW,DE,DE_LU,forecast_load,Forecasted Load,2026-08-09T22:55:36Z
2026-08-09T22:53:54Z,2026-08-10T00:53:54+0200,9f364823-fdf2-409d-8835-686a42d079dd,2026-07-10T18:15:00Z,2026-07-10T20:15:00+0200,54291.19007,MW,DE,DE_LU,forecast_load,Forecasted Load,2026-08-09T22:55:36Z
2026-08-09T22:53:54Z,2026-08-10T00:53:54+0200,9f364823-fdf2-409d-8835-686a42d079dd,2026-07-10T18:30:00Z,2026-07-10T20:30:00+0200,53692.883436,MW,DE,DE_LU,forecast_load,Forecasted Load,2026-08-09T22:55:36Z
2026-08-09T22:53:54Z,2026-08-10T00:53:54+0200,9f364823-fdf2-409d-8835-686a42d079dd,2026-07-10T18:45:00Z,2026-07-10T20:45:00+0200,53102.109079,MW,DE,DE_LU,forecast_load,Forecasted Load,2026-08-09T22:55:36Z
2026-08-09T22:53:54Z,2026-08-10T00:53:54+0200,9f364823-fdf2-409d-8835-686a42d079dd,2026-07-10T19:00:00Z,2026-07-10T21:00:00+0200,52430.17912,MW,DE,DE_LU,forecast_load,Forecasted Load,2026-08-09T22:55:36Z
2026-08-09T22:53:54Z,2026-08-10T00:53:54+0200,9f364823-fdf2-409d-8835-686a42d079dd,2026-07-10T19:15:00Z,2026-07-10T21:15:00+0200,51950.620748,MW,DE,DE_LU,forecast_load,Forecasted Load,2026-08-09T22:55:36Z
2026-08-09T22:53:54Z,2026-08-10T00:53:54+0200,9f364823-fdf2-409d-8835-686a42d079dd,2026-07-10T19:30:00Z,2026-07-10T21:30:00+0200,51270.812484,MW,DE,DE_LU,forecast_load,Forecasted Load,2026-08-09T22:55:36Z
2026-08-09T22:53:54Z,2026-08-10T00:53:54+0200,9f364823-fdf2-409d-8835-686a42d079dd,2026-07-10T19:45:00Z,2026-07-10T21:45:00+0200,50803.726694,MW,DE,DE_LU,forecast_load,Forecasted Load,2026-08-09T22:55:36Z
2026-08-09T22:53:54Z,2026-08-10T00:53:54+0200,9f364823-fdf2-409d-8835-686a42d079dd,2026-07-10T20:00:00Z,2026-07-10T22:00:00+0200,49991.435983,MW,DE,DE_LU,forecast_load,Forecasted Load,2026-08-09T22:55:36Z
2026-08-09T22:53:54Z,2026-08-10T00:53:54+0200,9f364823-fdf2-409d-8835-686a42d079dd,2026-07-10T20:15:00Z,2026-07-10T22:15:00+0200,49303.091345,MW,DE,DE_LU,forecast_load,Forecasted Load,2026-08-09T22:55:36Z
2026-08-09T22:53:54Z,2026-08-10T00:53:54+0200,9f364823-fdf2-409d-8835-686a42d079dd,2026-07-10T20:30:00Z,2026-07-10T22:30:00+0200,48582.235394,MW,DE,DE_LU,forecast_load,Forecasted Load,2026-08-09T22:55:36Z
2026-08-09T22:53:54Z,2026-08-10T00:53:54+0200,9f364823-fdf2-409d-8835-686a42d079dd,2026-07-10T20:45:00Z,2026-07-10T22:45:00+0200,47952.723172,MW,DE,DE_LU,forecast_load,Forecasted Load,2026-08-09T22:55:36Z
2026-08-09T22:53:54Z,2026-08-10T00:53:54+0200,9f364823-fdf2-409d-8835-686a42d079dd,2026-07-10T21:00:00Z,2026-07-10T23:00:00+0200,47063.42488,MW,DE,DE_LU,forecast_load,Forecasted Load,2026-08-09T22:55:36Z
2026-08-09T22:53:54Z,2026-08-10T00:53:54+0200,9f364823-fdf2-409d-8835-686a42d079dd,2026-07-10T21:15:00Z,2026-07-10T23:15:00+0200,46244.944898,MW,DE,DE_LU,forecast_load,Forecasted Load,2026-08-09T22:55:36Z
2026-08-09T22:53:54Z,2026-08-10T00:53:54+0200,9f364823-fdf2-409d-8835-686a42d079dd,2026-07-10T21:30:00Z,2026-07-10T23:30:00+0200,45580.782273,MW,DE,DE_LU,forecast_load,Forecasted Load,2026-08-09T22:55:36Z
2026-08-09T22:53:54Z,2026-08-10T00:53:54+0200,9f364823-fdf2-409d-8835-686a42d079dd,2026-07-10T21:45:00Z,2026-07-10T23:45:00+0200,44917.410663,MW,DE,DE_LU,forecast_load,Forecasted Load,2026-08-09T22:55:36Z
2026-08-09T22:53:54Z,2026-08-10T00:53:54+0200,9f364823-fdf2-409d-8835-686a42d079dd,2026-07-10T22:00:00Z,2026-07-11T00:00:00+0200,44064.596592,MW,DE,DE_LU,forecast_load,Forecasted Load,2026-08-09T22:55:36Z
2026-08-09T22:53:54Z,2026-08-10T00:53:54+0200,9f364823-fdf2-409d-8835-686a42d079dd,2026-07-10T22:15:00Z,2026-07-11T00:15:00+0200,43440.403972,MW,DE,DE_LU,forecast_load,Forecasted Load,2026-08-09T22:55:36Z
2026-08-09T22:53:54Z,2026-08-10T00:53:54+0200,9f364823-fdf2-409d-8835-686a42d079dd,2026-07-10T22:30:00Z,2026-07-11T00:30:00+0200,42930.852012,MW,DE,DE_LU,forecast_load,Forecasted Load,2026-08-09T22:55:36Z
2026-08-09T22:53:54Z,2026-08-10T00:53:54+0200,9f364823-fdf2-409d-8835-686a42d079dd,2026-07-10T22:45:00Z,2026-07-11T00:45:00+0200,42475.798465,MW,DE,DE_LU,forecast_load,Forecasted Load,2026-08-09T22:55:36Z
2026-08-09T22:53:54Z,2026-08-10T00:53:54+0200,9f364823-fdf2-409d-8835-686a42d079dd,2026-07-10T23:00:00Z,2026-07-11T01:00:00+0200,42030.875791,MW,DE,DE_LU,forecast_load,Forecasted Load,2026-08-09T22:55:36Z
2026-08-09T22:53:54Z,2026-08-10T00:53:54+0200,9f364823-fdf2-409d-8835-686a42d079dd,2026-07-10T23:15:00Z,2026-07-11T01:15:00+0200,41512.994759,MW,DE,DE_LU,forecast_load,Forecasted Load,2026-08-09T22:55:36Z
2026-08-09T22:53:54Z,2026-08-10T00:53:54+0200,9f364823-fdf2-409d-8835-686a42d079dd,2026-07-10T23:30:00Z,2026-07-11T01:30:00+0200,41034.304022,MW,DE,DE_LU,forecast_load,Forecasted Load,2026-08-09T22:55:36Z
2026-08-09T22:53:54Z,2026-08-10T00:53:54+0200,9f364823-fdf2-409d-8835-686a42d079dd,2026-07-10T23:45:00Z,2026-07-11T01:45:00+0200,40666.911089,MW,DE,DE_LU,forecast_load,Forecasted Load,2026-08-09T22:55:36Z
2026-08-09T22:53:54Z,2026-08-10T00:53:54+0200,9f364823-fdf2-409d-8835-686a42d079dd,2026-07-11T00:00:00Z,2026-07-11T02:00:00+0200,40486.750279,MW,DE,DE_LU,forecast_load,Forecasted Load,2026-08-09T22:55:36Z
2026-08-09T22:53:54Z,2026-08-10T00:53:54+0200,9f364823-fdf2-409d-8835-686a42d079dd,2026-07-11T00:15:00Z,2026-07-11T02:15:00+0200,40189.537497,MW,DE,DE_LU,forecast_load,Forecasted Load,2026-08-09T22:55:36Z
2026-08-09T22:53:54Z,2026-08-10T00:53:54+0200,9f364823-fdf2-409d-8835-686a42d079dd,2026-07-11T00:30:00Z,2026-07-11T02:30:00+0200,39915.965883,MW,DE,DE_LU,forecast_load,Forecasted Load,2026-08-09T22:55:36Z
2026-08-09T22:53:54Z,2026-08-10T00:53:54+0200,9f364823-fdf2-409d-8835-686a42d079dd,2026-07-11T00:45:00Z,2026-07-11T02:45:00+0200,39751.123383,MW,DE,DE_LU,forecast_load,Forecasted Load,2026-08-09T22:55:36Z
2026-08-09T22:53:54Z,2026-08-10T00:53:54+0200,9f364823-fdf2-409d-8835-686a42d079dd,2026-07-11T01:00:00Z,2026-07-11T03:00:00+0200,39652.059525,MW,DE,DE_LU,forecast_load,Forecasted Load,2026-08-09T22:55:36Z
2026-08-09T22:53:54Z,2026-08-10T00:53:54+0200,9f364823-fdf2-409d-8835-686a42d079dd,2026-07-11T01:15:00Z,2026-07-11T03:15:00+0200,39536.347263,MW,DE,DE_LU,forecast_load,Forecasted Load,2026-08-09T22:55:36Z
2026-08-09T22:53:54Z,2026-08-10T00:53:54+0200,9f364823-fdf2-409d-8835-686a42d079dd,2026-07-11T01:30:00Z,2026-07-11T03:30:00+0200,39421.713826,MW,DE,DE_LU,forecast_load,Forecasted Load,2026-08-09T22:55:36Z
2026-08-09T22:53:54Z,2026-08-10T00:53:54+0200,9f364823-fdf2-409d-8835-686a42d079dd,2026-07-11T01:45:00Z,2026-07-11T03:45:00+0200,39343.884951,MW,DE,DE_LU,forecast_load,Forecasted Load,2026-08-09T22:55:36Z
2026-08-09T22:53:54Z,2026-08-10T00:53:54+0200,9f364823-fdf2-409d-8835-686a42d079dd,2026-07-11T02:00:00Z,2026-07-11T04:00:00+0200,39319.156138,MW,DE,DE_LU,forecast_load,Forecasted Load,2026-08-09T22:55:36Z
2026-08-09T22:53:54Z,2026-08-10T00:53:54+0200,9f364823-fdf2-409d-8835-686a42d079dd,2026-07-11T02:15:00Z,2026-07-11T04:15:00+0200,39365.773971,MW,DE,DE_LU,forecast_load,Forecasted Load,2026-08-09T22:55:36Z
2026-08-09T22:53:54Z,2026-08-10T00:53:54+0200,9f364823-fdf2-409d-8835-686a42d079dd,2026-07-11T02:30:00Z,2026-07-11T04:30:00+0200,39435.091155,MW,DE,DE_LU,forecast_load,Forecasted Load,2026-08-09T22:55:36Z
2026-08-09T22:53:54Z,2026-08-10T00:53:54+0200,9f364823-fdf2-409d-8835-686a42d079dd,2026-07-11T02:45:00Z,2026-07-11T04:45:00+0200,39523.414087,MW,DE,DE_LU,forecast_load,Forecasted Load,2026-08-09T22:55:36Z
2026-08-09T22:53:54Z,2026-08-10T00:53:54+0200,9f364823-fdf2-409d-8835-686a42d079dd,2026-07-11T03:00:00Z,2026-07-11T05:00:00+0200,39707.185531,MW,DE,DE_LU,forecast_load,Forecasted Load,2026-08-09T22:55:36Z
2026-08-09T22:53:54Z,2026-08-10T00:53:54+0200,9f364823-fdf2-409d-8835-686a42d079dd,2026-07-11T03:15:00Z,2026-07-11T05:15:00+0200,39338.239192,MW,DE,DE_LU,forecast_load,Forecasted Load,2026-08-09T22:55:36Z
2026-08-09T22:53:54Z,2026-08-10T00:53:54+0200,9f364823-fdf2-409d-8835-686a42d079dd,2026-07-11T03:30:00Z,2026-07-11T05:30:00+0200,39817.131787,MW,DE,DE_LU,forecast_load,Forecasted Load,2026-08-09T22:55:36Z
2026-08-09T22:53:54Z,2026-08-10T00:53:54+0200,9f364823-fdf2-409d-8835-686a42d079dd,2026-07-11T03:45:00Z,2026-07-11T05:45:00+0200,39933.262652,MW,DE,DE_LU,forecast_load,Forecasted Load,2026-08-09T22:55:36Z
2026-08-09T22:53:54Z,2026-08-10T00:53:54+0200,9f364823-fdf2-409d-8835-686a42d079dd,2026-07-11T04:00:00Z,2026-07-11T06:00:00+0200,40944.098209,MW,DE,DE_LU,forecast_load,Forecasted Load,2026-08-09T22:55:36Z
2026-08-09T22:53:54Z,2026-08-10T00:53:54+0200,9f364823-fdf2-409d-8835-686a42d079dd,2026-07-11T04:15:00Z,2026-07-11T06:15:00+0200,41152.348675,MW,DE,DE_LU,forecast_load,Forecasted Load,2026-08-09T22:55:36Z
2026-08-09T22:53:54Z,2026-08-10T00:53:54+0200,9f364823-fdf2-409d-8835-686a42d079dd,2026-07-11T04:30:00Z,2026-07-11T06:30:00+0200,41718.903306,MW,DE,DE_LU,forecast_load,Forecasted Load,2026-08-09T22:55:36Z
2026-08-09T22:53:54Z,2026-08-10T00:53:54+0200,9f364823-fdf2-409d-8835-686a42d079dd,2026-07-11T04:45:00Z,2026-07-11T06:45:00+0200,42199.856768,MW,DE,DE_LU,forecast_load,Forecasted Load,2026-08-09T22:55:36Z
2026-08-09T22:53:54Z,2026-08-10T00:53:54+0200,9f364823-fdf2-409d-8835-686a42d079dd,2026-07-11T05:00:00Z,2026-07-11T07:00:00+0200,42851.04032,MW,DE,DE_LU,forecast_load,Forecasted Load,2026-08-09T22:55:36Z
2026-08-09T22:53:54Z,2026-08-10T00:53:54+0200,9f364823-fdf2-409d-8835-686a42d079dd,2026-07-11T05:15:00Z,2026-07-11T07:15:00+0200,43508.303205,MW,DE,DE_LU,forecast_load,Forecasted Load,2026-08-09T22:55:36Z
2026-08-09T22:53:54Z,2026-08-10T00:53:54+0200,9f364823-fdf2-409d-8835-686a42d079dd,2026-07-11T05:30:00Z,2026-07-11T07:30:00+0200,44357.156943,MW,DE,DE_LU,forecast_load,Forecasted Load,2026-08-09T22:55:36Z
2026-08-09T22:53:54Z,2026-08-10T00:53:54+0200,9f364823-fdf2-409d-8835-686a42d079dd,2026-07-11T05:45:00Z,2026-07-11T07:45:00+0200,45163.26289,MW,DE,DE_LU,forecast_load,Forecasted Load,2026-08-09T22:55:36Z
2026-08-09T22:53:54Z,2026-08-10T00:53:54+0200,9f364823-fdf2-409d-8835-686a42d079dd,2026-07-11T06:00:00Z,2026-07-11T08:00:00+0200,45649.546433,MW,DE,DE_LU,forecast_load,Forecasted Load,2026-08-09T22:55:36Z
2026-08-09T22:53:54Z,2026-08-10T00:53:54+0200,9f364823-fdf2-409d-8835-686a42d079dd,2026-07-11T06:15:00Z,2026-07-11T08:15:00+0200,46398.005508,MW,DE,DE_LU,forecast_load,Forecasted Load,2026-08-09T22:55:36Z
2026-08-09T22:53:54Z,2026-08-10T00:53:54+0200,9f364823-fdf2-409d-8835-686a42d079dd,2026-07-11T06:30:00Z,2026-07-11T08:30:00+0200,46884.620006,MW,DE,DE_LU,forecast_load,Forecasted Load,2026-08-09T22:55:36Z
2026-08-09T22:53:54Z,2026-08-10T00:53:54+0200,9f364823-fdf2-409d-8835-686a42d079dd,2026-07-11T06:45:00Z,2026-07-11T08:45:00+0200,47607.908363,MW,DE,DE_LU,forecast_load,Forecasted Load,2026-08-09T22:55:36Z
2026-08-09T22:53:54Z,2026-08-10T00:53:54+0200,9f364823-fdf2-409d-8835-686a42d079dd,2026-07-11T07:00:00Z,2026-07-11T09:00:00+0200,47866.292127,MW,DE,DE_LU,forecast_load,Forecasted Load,2026-08-09T22:55:36Z
2026-08-09T22:53:54Z,2026-08-10T00:53:54+0200,9f364823-fdf2-409d-8835-686a42d079dd,2026-07-11T07:15:00Z,2026-07-11T09:15:00+0200,48106.71011,MW,DE,DE_LU,forecast_load,Forecasted Load,2026-08-09T22:55:36Z
2026-08-09T22:53:54Z,2026-08-10T00:53:54+0200,9f364823-fdf2-409d-8835-686a42d079dd,2026-07-11T07:30:00Z,2026-07-11T09:30:00+0200,48688.39498,MW,DE,DE_LU,forecast_load,Forecasted Load,2026-08-09T22:55:36Z
2026-08-09T22:53:54Z,2026-08-10T00:53:54+0200,9f364823-fdf2-409d-8835-686a42d079dd,2026-07-11T07:45:00Z,2026-07-11T09:45:00+0200,49177.699661,MW,DE,DE_LU,forecast_load,Forecasted Load,2026-08-09T22:55:36Z
2026-08-09T22:53:54Z,2026-08-10T00:53:54+0200,9f364823-fdf2-409d-8835-686a42d079dd,2026-07-11T08:00:00Z,2026-07-11T10:00:00+0200,49251.431436,MW,DE,DE_LU,forecast_load,Forecasted Load,2026-08-09T22:55:36Z
2026-08-09T22:53:54Z,2026-08-10T00:53:54+0200,9f364823-fdf2-409d-8835-686a42d079dd,2026-07-11T08:15:00Z,2026-07-11T10:15:00+0200,49514.647244,MW,DE,DE_LU,forecast_load,Forecasted Load,2026-08-09T22:55:36Z
2026-08-09T22:53:54Z,2026-08-10T00:53:54+0200,9f364823-fdf2-409d-8835-686a42d079dd,2026-07-11T08:30:00Z,2026-07-11T10:30:00+0200,49495.402622,MW,DE,DE_LU,forecast_load,Forecasted Load,2026-08-09T22:55:36Z
2026-08-09T22:53:54Z,2026-08-10T00:53:54+0200,9f364823-fdf2-409d-8835-686a42d079dd,2026-07-11T08:45:00Z,2026-07-11T10:45:00+0200,49565.164294,MW,DE,DE_LU,forecast_load,Forecasted Load,2026-08-09T22:55:36Z
2026-08-09T22:53:54Z,2026-08-10T00:53:54+0200,9f364823-fdf2-409d-8835-686a42d079dd,2026-07-11T09:00:00Z,2026-07-11T11:00:00+0200,49389.724538,MW,DE,DE_LU,forecast_load,Forecasted Load,2026-08-09T22:55:36Z
2026-08-09T22:53:54Z,2026-08-10T00:53:54+0200,9f364823-fdf2-409d-8835-686a42d079dd,2026-07-11T09:15:00Z,2026-07-11T11:15:00+0200,49175.646571,MW,DE,DE_LU,forecast_load,Forecasted Load,2026-08-09T22:55:36Z
2026-08-09T22:53:54Z,2026-08-10T00:53:54+0200,9f364823-fdf2-409d-8835-686a42d079dd,2026-07-11T09:30:00Z,2026-07-11T11:30:00+0200,49250.939008,MW,DE,DE_LU,forecast_load,Forecasted Load,2026-08-09T22:55:36Z
2026-08-09T22:53:54Z,2026-08-10T00:53:54+0200,9f364823-fdf2-409d-8835-686a42d079dd,2026-07-11T09:45:00Z,2026-07-11T11:45:00+0200,49087.914104,MW,DE,DE_LU,forecast_load,Forecasted Load,2026-08-09T22:55:36Z
2026-08-09T22:53:54Z,2026-08-10T00:53:54+0200,9f364823-fdf2-409d-8835-686a42d079dd,2026-07-11T10:00:00Z,2026-07-11T12:00:00+0200,48608.01347,MW,DE,DE_LU,forecast_load,Forecasted Load,2026-08-09T22:55:36Z
2026-08-09T22:53:54Z,2026-08-10T00:53:54+0200,9f364823-fdf2-409d-8835-686a42d079dd,2026-07-11T10:15:00Z,2026-07-11T12:15:00+0200,48533.910158,MW,DE,DE_LU,forecast_load,Forecasted Load,2026-08-09T22:55:36Z
2026-08-09T22:53:54Z,2026-08-10T00:53:54+0200,9f364823-fdf2-409d-8835-686a42d079dd,2026-07-11T10:30:00Z,2026-07-11T12:30:00+0200,48270.331341,MW,DE,DE_LU,forecast_load,Forecasted Load,2026-08-09T22:55:36Z
2026-08-09T22:53:54Z,2026-08-10T00:53:54+0200,9f364823-fdf2-409d-8835-686a42d079dd,2026-07-11T10:45:00Z,2026-07-11T12:45:00+0200,48237.759794,MW,DE,DE_LU,forecast_load,Forecasted Load,2026-08-09T22:55:36Z
2026-08-09T22:53:54Z,2026-08-10T00:53:54+0200,9f364823-fdf2-409d-8835-686a42d079dd,2026-07-11T11:00:00Z,2026-07-11T13:00:00+0200,47674.543717,MW,DE,DE_LU,forecast_load,Forecasted Load,2026-08-09T22:55:36Z
2026-08-09T22:53:54Z,2026-08-10T00:53:54+0200,9f364823-fdf2-409d-8835-686a42d079dd,2026-07-11T11:15:00Z,2026-07-11T13:15:00+0200,47414.582857,MW,DE,DE_LU,forecast_load,Forecasted Load,2026-08-09T22:55:36Z
2026-08-09T22:53:54Z,2026-08-10T00:53:54+0200,9f364823-fdf2-409d-8835-686a42d079dd,2026-07-11T11:30:00Z,2026-07-11T13:30:00+0200,47216.37285,MW,DE,DE_LU,forecast_load,Forecasted Load,2026-08-09T22:55:36Z
2026-08-09T22:53:54Z,2026-08-10T00:53:54+0200,9f364823-fdf2-409d-8835-686a42d079dd,2026-07-11T11:45:00Z,2026-07-11T13:45:00+0200,47098.982851,MW,DE,DE_LU,forecast_load,Forecasted Load,2026-08-09T22:55:36Z
2026-08-09T22:53:54Z,2026-08-10T00:53:54+0200,9f364823-fdf2-409d-8835-686a42d079dd,2026-07-11T12:00:00Z,2026-07-11T14:00:00+0200,46630.409076,MW,DE,DE_LU,forecast_load,Forecasted Load,2026-08-09T22:55:36Z
2026-08-09T22:53:54Z,2026-08-10T00:53:54+0200,9f364823-fdf2-409d-8835-686a42d079dd,2026-07-11T12:15:00Z,2026-07-11T14:15:00+0200,46303.10072,MW,DE,DE_LU,forecast_load,Forecasted Load,2026-08-09T22:55:36Z
2026-08-09T22:53:54Z,2026-08-10T00:53:54+0200,9f364823-fdf2-409d-8835-686a42d079dd,2026-07-11T12:30:00Z,2026-07-11T14:30:00+0200,46208.734386,MW,DE,DE_LU,forecast_load,Forecasted Load,2026-08-09T22:55:36Z
2026-08-09T22:53:54Z,2026-08-10T00:53:54+0200,9f364823-fdf2-409d-8835-686a42d079dd,2026-07-11T12:45:00Z,2026-07-11T14:45:00+0200,45932.178015,MW,DE,DE_LU,forecast_load,Forecasted Load,2026-08-09T22:55:36Z
2026-08-09T22:53:54Z,2026-08-10T00:53:54+0200,9f364823-fdf2-409d-8835-686a42d079dd,2026-07-11T13:00:00Z,2026-07-11T15:00:00+0200,45922.959651,MW,DE,DE_LU,forecast_load,Forecasted Load,2026-08-09T22:55:36Z
2026-08-09T22:53:54Z,2026-08-10T00:53:54+0200,9f364823-fdf2-409d-8835-686a42d079dd,2026-07-11T13:15:00Z,2026-07-11T15:15:00+0200,45810.198859,MW,DE,DE_LU,forecast_load,Forecasted Load,2026-08-09T22:55:36Z
2026-08-09T22:53:54Z,2026-08-10T00:53:54+0200,9f364823-fdf2-409d-8835-686a42d079dd,2026-07-11T13:30:00Z,2026-07-11T15:30:00+0200,45684.690431,MW,DE,DE_LU,forecast_load,Forecasted Load,2026-08-09T22:55:36Z
2026-08-09T22:53:54Z,2026-08-10T00:53:54+0200,9f364823-fdf2-409d-8835-686a42d079dd,2026-07-11T13:45:00Z,2026-07-11T15:45:00+0200,45327.955543,MW,DE,DE_LU,forecast_load,Forecasted Load,2026-08-09T22:55:36Z
2026-08-09T22:53:54Z,2026-08-10T00:53:54+0200,9f364823-fdf2-409d-8835-686a42d079dd,2026-07-11T14:00:00Z,2026-07-11T16:00:00+0200,45719.782422,MW,DE,DE_LU,forecast_load,Forecasted Load,2026-08-09T22:55:36Z
2026-08-09T22:53:54Z,2026-08-10T00:53:54+0200,9f364823-fdf2-409d-8835-686a42d079dd,2026-07-11T14:15:00Z,2026-07-11T16:15:00+0200,45359.554019,MW,DE,DE_LU,forecast_load,Forecasted Load,2026-08-09T22:55:36Z
2026-08-09T22:53:54Z,2026-08-10T00:53:54+0200,9f364823-fdf2-409d-8835-686a42d079dd,2026-07-11T14:30:00Z,2026-07-11T16:30:00+0200,45314.790453,MW,DE,DE_LU,forecast_load,Forecasted Load,2026-08-09T22:55:36Z
2026-08-09T22:53:54Z,2026-08-10T00:53:54+0200,9f364823-fdf2-409d-8835-686a42d079dd,2026-07-11T14:45:00Z,2026-07-11T16:45:00+0200,45206.743092,MW,DE,DE_LU,forecast_load,Forecasted Load,2026-08-09T22:55:36Z
2026-08-09T22:53:54Z,2026-08-10T00:53:54+0200,9f364823-fdf2-409d-8835-686a42d079dd,2026-07-11T15:00:00Z,2026-07-11T17:00:00+0200,46188.48958,MW,DE,DE_LU,forecast_load,Forecasted Load,2026-08-09T22:55:36Z
2026-08-09T22:53:54Z,2026-08-10T00:53:54+0200,9f364823-fdf2-409d-8835-686a42d079dd,2026-07-11T15:15:00Z,2026-07-11T17:15:00+0200,45785.480385,MW,DE,DE_LU,forecast_load,Forecasted Load,2026-08-09T22:55:36Z
2026-08-09T22:53:54Z,2026-08-10T00:53:54+0200,9f364823-fdf2-409d-8835-686a42d079dd,2026-07-11T15:30:00Z,2026-07-11T17:30:00+0200,46233.65045,MW,DE,DE_LU,forecast_load,Forecasted Load,2026-08-09T22:55:36Z
2026-08-09T22:53:54Z,2026-08-10T00:53:54+0200,9f364823-fdf2-409d-8835-686a42d079dd,2026-07-11T15:45:00Z,2026-07-11T17:45:00+0200,46766.296145,MW,DE,DE_LU,forecast_load,Forecasted Load,2026-08-09T22:55:36Z
2026-08-09T22:53:54Z,2026-08-10T00:53:54+0200,9f364823-fdf2-409d-8835-686a42d079dd,2026-07-11T16:00:00Z,2026-07-11T18:00:00+0200,47343.936466,MW,DE,DE_LU,forecast_load,Forecasted Load,2026-08-09T22:55:36Z
2026-08-09T22:53:54Z,2026-08-10T00:53:54+0200,9f364823-fdf2-409d-8835-686a42d079dd,2026-07-11T16:15:00Z,2026-07-11T18:15:00+0200,47691.223845,MW,DE,DE_LU,forecast_load,Forecasted Load,2026-08-09T22:55:36Z
2026-08-09T22:53:54Z,2026-08-10T00:53:54+0200,9f364823-fdf2-409d-8835-686a42d079dd,2026-07-11T16:30:00Z,2026-07-11T18:30:00+0200,48357.402649,MW,DE,DE_LU,forecast_load,Forecasted Load,2026-08-09T22:55:36Z
2026-08-09T22:53:54Z,2026-08-10T00:53:54+0200,9f364823-fdf2-409d-8835-686a42d079dd,2026-07-11T16:45:00Z,2026-07-11T18:45:00+0200,48400.61756,MW,DE,DE_LU,forecast_load,Forecasted Load,2026-08-09T22:55:36Z
2026-08-09T22:53:54Z,2026-08-10T00:53:54+0200,9f364823-fdf2-409d-8835-686a42d079dd,2026-07-11T17:00:00Z,2026-07-11T19:00:00+0200,48475.79078,MW,DE,DE_LU,forecast_load,Forecasted Load,2026-08-09T22:55:36Z
2026-08-09T22:53:54Z,2026-08-10T00:53:54+0200,9f364823-fdf2-409d-8835-686a42d079dd,2026-07-11T17:15:00Z,2026-07-11T19:15:00+0200,48356.346902,MW,DE,DE_LU,forecast_load,Forecasted Load,2026-08-09T22:55:36Z
2026-08-09T22:53:54Z,2026-08-10T00:53:54+0200,9f364823-fdf2-409d-8835-686a42d079dd,2026-07-11T17:30:00Z,2026-07-11T19:30:00+0200,47918.690685,MW,DE,DE_LU,forecast_load,Forecasted Load,2026-08-09T22:55:36Z
2026-08-09T22:53:54Z,2026-08-10T00:53:54+0200,9f364823-fdf2-409d-8835-686a42d079dd,2026-07-11T17:45:00Z,2026-07-11T19:45:00+0200,47587.811776,MW,DE,DE_LU,forecast_load,Forecasted Load,2026-08-09T22:55:36Z
2026-08-09T22:53:54Z,2026-08-10T00:53:54+0200,9f364823-fdf2-409d-8835-686a42d079dd,2026-07-11T18:00:00Z,2026-07-11T20:00:00+0200,47643.593049,MW,DE,DE_LU,forecast_load,Forecasted Load,2026-08-09T22:55:36Z
2026-08-09T22:53:54Z,2026-08-10T00:53:54+0200,9f364823-fdf2-409d-8835-686a42d079dd,2026-07-11T18:15:00Z,2026-07-11T20:15:00+0200,47300.563556,MW,DE,DE_LU,forecast_load,Forecasted Load,2026-08-09T22:55:36Z
2026-08-09T22:53:54Z,2026-08-10T00:53:54+0200,9f364823-fdf2-409d-8835-686a42d079dd,2026-07-11T18:30:00Z,2026-07-11T20:30:00+0200,46881.97293,MW,DE,DE_LU,forecast_load,Forecasted Load,2026-08-09T22:55:36Z
2026-08-09T22:53:54Z,2026-08-10T00:53:54+0200,9f364823-fdf2-409d-8835-686a42d079dd,2026-07-11T18:45:00Z,2026-07-11T20:45:00+0200,46413.560882,MW,DE,DE_LU,forecast_load,Forecasted Load,2026-08-09T22:55:36Z
2026-08-09T22:53:54Z,2026-08-10T00:53:54+0200,9f364823-fdf2-409d-8835-686a42d079dd,2026-07-11T19:00:00Z,2026-07-11T21:00:00+0200,45863.483723,MW,DE,DE_LU,forecast_load,Forecasted Load,2026-08-09T22:55:36Z
2026-08-09T22:53:54Z,2026-08-10T00:53:54+0200,9f364823-fdf2-409d-8835-686a42d079dd,2026-07-11T19:15:00Z,2026-07-11T21:15:00+0200,45519.008517,MW,DE,DE_LU,forecast_load,Forecasted Load,2026-08-09T22:55:36Z
2026-08-09T22:53:54Z,2026-08-10T00:53:54+0200,9f364823-fdf2-409d-8835-686a42d079dd,2026-07-11T19:30:00Z,2026-07-11T21:30:00+0200,44979.685203,MW,DE,DE_LU,forecast_load,Forecasted Load,2026-08-09T22:55:36Z
2026-08-09T22:53:54Z,2026-08-10T00:53:54+0200,9f364823-fdf2-409d-8835-686a42d079dd,2026-07-11T19:45:00Z,2026-07-11T21:45:00+0200,44969.869563,MW,DE,DE_LU,forecast_load,Forecasted Load,2026-08-09T22:55:36Z
2026-08-09T22:53:54Z,2026-08-10T00:53:54+0200,9f364823-fdf2-409d-8835-686a42d079dd,2026-07-11T20:00:00Z,2026-07-11T22:00:00+0200,44635.972357,MW,DE,DE_LU,forecast_load,Forecasted Load,2026-08-09T22:55:36Z
2026-08-09T22:53:54Z,2026-08-10T00:53:54+0200,9f364823-fdf2-409d-8835-686a42d079dd,2026-07-11T20:15:00Z,2026-07-11T22:15:00+0200,44090.259311,MW,DE,DE_LU,forecast_load,Forecasted Load,2026-08-09T22:55:36Z
2026-08-09T22:53:54Z,2026-08-10T00:53:54+0200,9f364823-fdf2-409d-8835-686a42d079dd,2026-07-11T20:30:00Z,2026-07-11T22:30:00+0200,43640.971932,MW,DE,DE_LU,forecast_load,Forecasted Load,2026-08-09T22:55:36Z
2026-08-09T22:53:54Z,2026-08-10T00:53:54+0200,9f364823-fdf2-409d-8835-686a42d079dd,2026-07-11T20:45:00Z,2026-07-11T22:45:00+0200,43257.634416,MW,DE,DE_LU,forecast_load,Forecasted Load,2026-08-09T22:55:36Z
2026-08-09T22:53:54Z,2026-08-10T00:53:54+0200,9f364823-fdf2-409d-8835-686a42d079dd,2026-07-11T21:00:00Z,2026-07-11T23:00:00+0200,42611.518686,MW,DE,DE_LU,forecast_load,Forecasted Load,2026-08-09T22:55:36Z
2026-08-09T22:53:54Z,2026-08-10T00:53:54+0200,9f364823-fdf2-409d-8835-686a42d079dd,2026-07-11T21:15:00Z,2026-07-11T23:15:00+0200,42050.101818,MW,DE,DE_LU,forecast_load,Forecasted Load,2026-08-09T22:55:36Z
2026-08-09T22:53:54Z,2026-08-10T00:53:54+0200,9f364823-fdf2-409d-8835-686a42d079dd,2026-07-11T21:30:00Z,2026-07-11T23:30:00+0200,41518.817468,MW,DE,DE_LU,forecast_load,Forecasted Load,2026-08-09T22:55:36Z
2026-08-09T22:53:54Z,2026-08-10T00:53:54+0200,9f364823-fdf2-409d-8835-686a42d079dd,2026-07-11T21:45:00Z,2026-07-11T23:45:00+0200,41009.969463,MW,DE,DE_LU,forecast_load,Forecasted Load,2026-08-09T22:55:36Z
2026-08-09T22:53:54Z,2026-08-10T00:53:54+0200,9f364823-fdf2-409d-8835-686a42d079dd,2026-07-11T22:00:00Z,2026-07-12T00:00:00+0200,41703.086759,MW,DE,DE_LU,forecast_load,Forecasted Load,2026-08-09T22:55:36Z
2026-08-09T22:53:54Z,2026-08-10T00:53:54+0200,9f364823-fdf2-409d-8835-686a42d079dd,2026-07-11T22:15:00Z,2026-07-12T00:15:00+0200,41121.584713,MW,DE,DE_LU,forecast_load,Forecasted Load,2026-08-09T22:55:36Z
2026-08-09T22:53:54Z,2026-08-10T00:53:54+0200,9f364823-fdf2-409d-8835-686a42d079dd,2026-07-11T22:30:00Z,2026-07-12T00:30:00+0200,40695.610736,MW,DE,DE_LU,forecast_load,Forecasted Load,2026-08-09T22:55:36Z
2026-08-09T22:53:54Z,2026-08-10T00:53:54+0200,9f364823-fdf2-409d-8835-686a42d079dd,2026-07-11T22:45:00Z,2026-07-12T00:45:00+0200,40196.9806,MW,DE,DE_LU,forecast_load,Forecasted Load,2026-08-09T22:55:36Z
2026-08-09T22:53:54Z,2026-08-10T00:53:54+0200,9f364823-fdf2-409d-8835-686a42d079dd,2026-07-11T23:00:00Z,2026-07-12T01:00:00+0200,39810.426513,MW,DE,DE_LU,forecast_load,Forecasted Load,2026-08-09T22:55:36Z
2026-08-09T22:53:54Z,2026-08-10T00:53:54+0200,9f364823-fdf2-409d-8835-686a42d079dd,2026-07-11T23:15:00Z,2026-07-12T01:15:00+0200,39431.431828,MW,DE,DE_LU,forecast_load,Forecasted Load,2026-08-09T22:55:36Z
2026-08-09T22:53:54Z,2026-08-10T00:53:54+0200,9f364823-fdf2-409d-8835-686a42d079dd,2026-07-11T23:30:00Z,2026-07-12T01:30:00+0200,39125.036527,MW,DE,DE_LU,forecast_load,Forecasted Load,2026-08-09T22:55:36Z
2026-08-09T22:53:54Z,2026-08-10T00:53:54+0200,9f364823-fdf2-409d-8835-686a42d079dd,2026-07-11T23:45:00Z,2026-07-12T01:45:00+0200,38849.548884,MW,DE,DE_LU,forecast_load,Forecasted Load,2026-08-09T22:55:36Z
2026-08-09T22:53:54Z,2026-08-10T00:53:54+0200,9f364823-fdf2-409d-8835-686a42d079dd,2026-07-12T00:00:00Z,2026-07-12T02:00:00+0200,38693.837004,MW,DE,DE_LU,forecast_load,Forecasted Load,2026-08-09T22:55:36Z
2026-08-09T22:53:54Z,2026-08-10T00:53:54+0200,9f364823-fdf2-409d-8835-686a42d079dd,2026-07-12T00:15:00Z,2026-07-12T02:15:00+0200,38253.386782,MW,DE,DE_LU,forecast_load,Forecasted Load,2026-08-09T22:55:36Z
2026-08-09T22:53:54Z,2026-08-10T00:53:54+0200,9f364823-fdf2-409d-8835-686a42d079dd,2026-07-12T00:30:00Z,2026-07-12T02:30:00+0200,38163.371146,MW,DE,DE_LU,forecast_load,Forecasted Load,2026-08-09T22:55:36Z
2026-08-09T22:53:54Z,2026-08-10T00:53:54+0200,9f364823-fdf2-409d-8835-686a42d079dd,2026-07-12T00:45:00Z,2026-07-12T02:45:00+0200,38151.674421,MW,DE,DE_LU,forecast_load,Forecasted Load,2026-08-09T22:55:36Z
2026-08-09T22:53:54Z,2026-08-10T00:53:54+0200,9f364823-fdf2-409d-8835-686a42d079dd,2026-07-12T01:00:00Z,2026-07-12T03:00:00+0200,38076.008825,MW,DE,DE_LU,forecast_load,Forecasted Load,2026-08-09T22:55:36Z
2026-08-09T22:53:54Z,2026-08-10T00:53:54+0200,9f364823-fdf2-409d-8835-686a42d079dd,2026-07-12T01:15:00Z,2026-07-12T03:15:00+0200,37853.839776,MW,DE,DE_LU,forecast_load,Forecasted Load,2026-08-09T22:55:36Z
2026-08-09T22:53:54Z,2026-08-10T00:53:54+0200,9f364823-fdf2-409d-8835-686a42d079dd,2026-07-12T01:30:00Z,2026-07-12T03:30:00+0200,37647.879399,MW,DE,DE_LU,forecast_load,Forecasted Load,2026-08-09T22:55:36Z
2026-08-09T22:53:54Z,2026-08-10T00:53:54+0200,9f364823-fdf2-409d-8835-686a42d079dd,2026-07-12T01:45:00Z,2026-07-12T03:45:00+0200,37674.806462,MW,DE,DE_LU,forecast_load,Forecasted Load,2026-08-09T22:55:36Z
2026-08-09T22:53:54Z,2026-08-10T00:53:54+0200,9f364823-fdf2-409d-8835-686a42d079dd,2026-07-12T02:00:00Z,2026-07-12T04:00:00+0200,37694.969432,MW,DE,DE_LU,forecast_load,Forecasted Load,2026-08-09T22:55:36Z
2026-08-09T22:53:54Z,2026-08-10T00:53:54+0200,9f364823-fdf2-409d-8835-686a42d079dd,2026-07-12T02:15:00Z,2026-07-12T04:15:00+0200,37685.273649,MW,DE,DE_LU,forecast_load,Forecasted Load,2026-08-09T22:55:36Z
2026-08-09T22:53:54Z,2026-08-10T00:53:54+0200,9f364823-fdf2-409d-8835-686a42d079dd,2026-07-12T02:30:00Z,2026-07-12T04:30:00+0200,37846.410605,MW,DE,DE_LU,forecast_load,Forecasted Load,2026-08-09T22:55:36Z
2026-08-09T22:53:54Z,2026-08-10T00:53:54+0200,9f364823-fdf2-409d-8835-686a42d079dd,2026-07-12T02:45:00Z,2026-07-12T04:45:00+0200,38049.207209,MW,DE,DE_LU,forecast_load,Forecasted Load,2026-08-09T22:55:36Z
2026-08-09T22:53:54Z,2026-08-10T00:53:54+0200,9f364823-fdf2-409d-8835-686a42d079dd,2026-07-12T03:00:00Z,2026-07-12T05:00:00+0200,38173.910668,MW,DE,DE_LU,forecast_load,Forecasted Load,2026-08-09T22:55:36Z
2026-08-09T22:53:54Z,2026-08-10T00:53:54+0200,9f364823-fdf2-409d-8835-686a42d079dd,2026-07-12T03:15:00Z,2026-07-12T05:15:00+0200,37867.298503,MW,DE,DE_LU,forecast_load,Forecasted Load,2026-08-09T22:55:36Z
2026-08-09T22:53:54Z,2026-08-10T00:53:54+0200,9f364823-fdf2-409d-8835-686a42d079dd,2026-07-12T03:30:00Z,2026-07-12T05:30:00+0200,38278.295956,MW,DE,DE_LU,forecast_load,Forecasted Load,2026-08-09T22:55:36Z
2026-08-09T22:53:54Z,2026-08-10T00:53:54+0200,9f364823-fdf2-409d-8835-686a42d079dd,2026-07-12T03:45:00Z,2026-07-12T05:45:00+0200,38340.777761,MW,DE,DE_LU,forecast_load,Forecasted Load,2026-08-09T22:55:36Z
2026-08-09T22:53:54Z,2026-08-10T00:53:54+0200,9f364823-fdf2-409d-8835-686a42d079dd,2026-07-12T04:00:00Z,2026-07-12T06:00:00+0200,39330.247725,MW,DE,DE_LU,forecast_load,Forecasted Load,2026-08-09T22:55:36Z
2026-08-09T22:53:54Z,2026-08-10T00:53:54+0200,9f364823-fdf2-409d-8835-686a42d079dd,2026-07-12T04:15:00Z,2026-07-12T06:15:00+0200,39548.830617,MW,DE,DE_LU,forecast_load,Forecasted Load,2026-08-09T22:55:36Z
2026-08-09T22:53:54Z,2026-08-10T00:53:54+0200,9f364823-fdf2-409d-8835-686a42d079dd,2026-07-12T04:30:00Z,2026-07-12T06:30:00+0200,40072.938331,MW,DE,DE_LU,forecast_load,Forecasted Load,2026-08-09T22:55:36Z
2026-08-09T22:53:54Z,2026-08-10T00:53:54+0200,9f364823-fdf2-409d-8835-686a42d079dd,2026-07-12T04:45:00Z,2026-07-12T06:45:00+0200,40753.945183,MW,DE,DE_LU,forecast_load,Forecasted Load,2026-08-09T22:55:36Z
2026-08-09T22:53:54Z,2026-08-10T00:53:54+0200,9f364823-fdf2-409d-8835-686a42d079dd,2026-07-12T05:00:00Z,2026-07-12T07:00:00+0200,41206.106801,MW,DE,DE_LU,forecast_load,Forecasted Load,2026-08-09T22:55:36Z
2026-08-09T22:53:54Z,2026-08-10T00:53:54+0200,9f364823-fdf2-409d-8835-686a42d079dd,2026-07-12T05:15:00Z,2026-07-12T07:15:00+0200,41851.196621,MW,DE,DE_LU,forecast_load,Forecasted Load,2026-08-09T22:55:36Z
2026-08-09T22:53:54Z,2026-08-10T00:53:54+0200,9f364823-fdf2-409d-8835-686a42d079dd,2026-07-12T05:30:00Z,2026-07-12T07:30:00+0200,42660.487377,MW,DE,DE_LU,forecast_load,Forecasted Load,2026-08-09T22:55:36Z
2026-08-09T22:53:54Z,2026-08-10T00:53:54+0200,9f364823-fdf2-409d-8835-686a42d079dd,2026-07-12T05:45:00Z,2026-07-12T07:45:00+0200,43422.296678,MW,DE,DE_LU,forecast_load,Forecasted Load,2026-08-09T22:55:36Z
2026-08-09T22:53:54Z,2026-08-10T00:53:54+0200,9f364823-fdf2-409d-8835-686a42d079dd,2026-07-12T06:00:00Z,2026-07-12T08:00:00+0200,43609.098213,MW,DE,DE_LU,forecast_load,Forecasted Load,2026-08-09T22:55:36Z
2026-08-09T22:53:54Z,2026-08-10T00:53:54+0200,9f364823-fdf2-409d-8835-686a42d079dd,2026-07-12T06:15:00Z,2026-07-12T08:15:00+0200,44353.337638,MW,DE,DE_LU,forecast_load,Forecasted Load,2026-08-09T22:55:36Z
2026-08-09T22:53:54Z,2026-08-10T00:53:54+0200,9f364823-fdf2-409d-8835-686a42d079dd,2026-07-12T06:30:00Z,2026-07-12T08:30:00+0200,44921.921881,MW,DE,DE_LU,forecast_load,Forecasted Load,2026-08-09T22:55:36Z
2026-08-09T22:53:54Z,2026-08-10T00:53:54+0200,9f364823-fdf2-409d-8835-686a42d079dd,2026-07-12T06:45:00Z,2026-07-12T08:45:00+0200,45462.849004,MW,DE,DE_LU,forecast_load,Forecasted Load,2026-08-09T22:55:36Z
2026-08-09T22:53:54Z,2026-08-10T00:53:54+0200,9f364823-fdf2-409d-8835-686a42d079dd,2026-07-12T07:00:00Z,2026-07-12T09:00:00+0200,45733.894884,MW,DE,DE_LU,forecast_load,Forecasted Load,2026-08-09T22:55:36Z
2026-08-09T22:53:54Z,2026-08-10T00:53:54+0200,9f364823-fdf2-409d-8835-686a42d079dd,2026-07-12T07:15:00Z,2026-07-12T09:15:00+0200,46226.275656,MW,DE,DE_LU,forecast_load,Forecasted Load,2026-08-09T22:55:36Z
2026-08-09T22:53:54Z,2026-08-10T00:53:54+0200,9f364823-fdf2-409d-8835-686a42d079dd,2026-07-12T07:30:00Z,2026-07-12T09:30:00+0200,46286.052286,MW,DE,DE_LU,forecast_load,Forecasted Load,2026-08-09T22:55:36Z
2026-08-09T22:53:54Z,2026-08-10T00:53:54+0200,9f364823-fdf2-409d-8835-686a42d079dd,2026-07-12T07:45:00Z,2026-07-12T09:45:00+0200,47049.912431,MW,DE,DE_LU,forecast_load,Forecasted Load,2026-08-09T22:55:36Z
2026-08-09T22:53:54Z,2026-08-10T00:53:54+0200,9f364823-fdf2-409d-8835-686a42d079dd,2026-07-12T08:00:00Z,2026-07-12T10:00:00+0200,46799.453028,MW,DE,DE_LU,forecast_load,Forecasted Load,2026-08-09T22:55:36Z
2026-08-09T22:53:54Z,2026-08-10T00:53:54+0200,9f364823-fdf2-409d-8835-686a42d079dd,2026-07-12T08:15:00Z,2026-07-12T10:15:00+0200,47358.987347,MW,DE,DE_LU,forecast_load,Forecasted Load,2026-08-09T22:55:36Z
2026-08-09T22:53:54Z,2026-08-10T00:53:54+0200,9f364823-fdf2-409d-8835-686a42d079dd,2026-07-12T08:30:00Z,2026-07-12T10:30:00+0200,47347.050808,MW,DE,DE_LU,forecast_load,Forecasted Load,2026-08-09T22:55:36Z
2026-08-09T22:53:54Z,2026-08-10T00:53:54+0200,9f364823-fdf2-409d-8835-686a42d079dd,2026-07-12T08:45:00Z,2026-07-12T10:45:00+0200,47595.436061,MW,DE,DE_LU,forecast_load,Forecasted Load,2026-08-09T22:55:36Z
2026-08-09T22:53:54Z,2026-08-10T00:53:54+0200,9f364823-fdf2-409d-8835-686a42d079dd,2026-07-12T09:00:00Z,2026-07-12T11:00:00+0200,47849.569091,MW,DE,DE_LU,forecast_load,Forecasted Load,2026-08-09T22:55:36Z
2026-08-09T22:53:54Z,2026-08-10T00:53:54+0200,9f364823-fdf2-409d-8835-686a42d079dd,2026-07-12T09:15:00Z,2026-07-12T11:15:00+0200,47703.155167,MW,DE,DE_LU,forecast_load,Forecasted Load,2026-08-09T22:55:36Z
2026-08-09T22:53:54Z,2026-08-10T00:53:54+0200,9f364823-fdf2-409d-8835-686a42d079dd,2026-07-12T09:30:00Z,2026-07-12T11:30:00+0200,47818.538292,MW,DE,DE_LU,forecast_load,Forecasted Load,2026-08-09T22:55:36Z
2026-08-09T22:53:54Z,2026-08-10T00:53:54+0200,9f364823-fdf2-409d-8835-686a42d079dd,2026-07-12T09:45:00Z,2026-07-12T11:45:00+0200,47646.381666,MW,DE,DE_LU,forecast_load,Forecasted Load,2026-08-09T22:55:36Z
2026-08-09T22:53:54Z,2026-08-10T00:53:54+0200,9f364823-fdf2-409d-8835-686a42d079dd,2026-07-12T10:00:00Z,2026-07-12T12:00:00+0200,47247.739059,MW,DE,DE_LU,forecast_load,Forecasted Load,2026-08-09T22:55:36Z
2026-08-09T22:53:54Z,2026-08-10T00:53:54+0200,9f364823-fdf2-409d-8835-686a42d079dd,2026-07-12T10:15:00Z,2026-07-12T12:15:00+0200,46888.668532,MW,DE,DE_LU,forecast_load,Forecasted Load,2026-08-09T22:55:36Z
2026-08-09T22:53:54Z,2026-08-10T00:53:54+0200,9f364823-fdf2-409d-8835-686a42d079dd,2026-07-12T10:30:00Z,2026-07-12T12:30:00+0200,46827.015244,MW,DE,DE_LU,forecast_load,Forecasted Load,2026-08-09T22:55:36Z
2026-08-09T22:53:54Z,2026-08-10T00:53:54+0200,9f364823-fdf2-409d-8835-686a42d079dd,2026-07-12T10:45:00Z,2026-07-12T12:45:00+0200,46736.445855,MW,DE,DE_LU,forecast_load,Forecasted Load,2026-08-09T22:55:36Z
2026-08-09T22:53:54Z,2026-08-10T00:53:54+0200,9f364823-fdf2-409d-8835-686a42d079dd,2026-07-12T11:00:00Z,2026-07-12T13:00:00+0200,46416.771723,MW,DE,DE_LU,forecast_load,Forecasted Load,2026-08-09T22:55:36Z
2026-08-09T22:53:54Z,2026-08-10T00:53:54+0200,9f364823-fdf2-409d-8835-686a42d079dd,2026-07-12T11:15:00Z,2026-07-12T13:15:00+0200,46520.314574,MW,DE,DE_LU,forecast_load,Forecasted Load,2026-08-09T22:55:36Z
2026-08-09T22:53:54Z,2026-08-10T00:53:54+0200,9f364823-fdf2-409d-8835-686a42d079dd,2026-07-12T11:30:00Z,2026-07-12T13:30:00+0200,46102.527572,MW,DE,DE_LU,forecast_load,Forecasted Load,2026-08-09T22:55:36Z
2026-08-09T22:53:54Z,2026-08-10T00:53:54+0200,9f364823-fdf2-409d-8835-686a42d079dd,2026-07-12T11:45:00Z,2026-07-12T13:45:00+0200,46028.712274,MW,DE,DE_LU,forecast_load,Forecasted Load,2026-08-09T22:55:36Z
2026-08-09T22:53:54Z,2026-08-10T00:53:54+0200,9f364823-fdf2-409d-8835-686a42d079dd,2026-07-12T12:00:00Z,2026-07-12T14:00:00+0200,45640.399409,MW,DE,DE_LU,forecast_load,Forecasted Load,2026-08-09T22:55:36Z
2026-08-09T22:53:54Z,2026-08-10T00:53:54+0200,9f364823-fdf2-409d-8835-686a42d079dd,2026-07-12T12:15:00Z,2026-07-12T14:15:00+0200,45578.550475,MW,DE,DE_LU,forecast_load,Forecasted Load,2026-08-09T22:55:36Z
2026-08-09T22:53:54Z,2026-08-10T00:53:54+0200,9f364823-fdf2-409d-8835-686a42d079dd,2026-07-12T12:30:00Z,2026-07-12T14:30:00+0200,45395.821601,MW,DE,DE_LU,forecast_load,Forecasted Load,2026-08-09T22:55:36Z
2026-08-09T22:53:54Z,2026-08-10T00:53:54+0200,9f364823-fdf2-409d-8835-686a42d079dd,2026-07-12T12:45:00Z,2026-07-12T14:45:00+0200,45230.816088,MW,DE,DE_LU,forecast_load,Forecasted Load,2026-08-09T22:55:36Z
2026-08-09T22:53:54Z,2026-08-10T00:53:54+0200,9f364823-fdf2-409d-8835-686a42d079dd,2026-07-12T13:00:00Z,2026-07-12T15:00:00+0200,45341.96754,MW,DE,DE_LU,forecast_load,Forecasted Load,2026-08-09T22:55:36Z
2026-08-09T22:53:54Z,2026-08-10T00:53:54+0200,9f364823-fdf2-409d-8835-686a42d079dd,2026-07-12T13:15:00Z,2026-07-12T15:15:00+0200,45114.541408,MW,DE,DE_LU,forecast_load,Forecasted Load,2026-08-09T22:55:36Z
2026-08-09T22:53:54Z,2026-08-10T00:53:54+0200,9f364823-fdf2-409d-8835-686a42d079dd,2026-07-12T13:30:00Z,2026-07-12T15:30:00+0200,45064.571647,MW,DE,DE_LU,forecast_load,Forecasted Load,2026-08-09T22:55:36Z
2026-08-09T22:53:54Z,2026-08-10T00:53:54+0200,9f364823-fdf2-409d-8835-686a42d079dd,2026-07-12T13:45:00Z,2026-07-12T15:45:00+0200,45001.616099,MW,DE,DE_LU,forecast_load,Forecasted Load,2026-08-09T22:55:36Z
2026-08-09T22:53:54Z,2026-08-10T00:53:54+0200,9f364823-fdf2-409d-8835-686a42d079dd,2026-07-12T14:00:00Z,2026-07-12T16:00:00+0200,45528.17593,MW,DE,DE_LU,forecast_load,Forecasted Load,2026-08-09T22:55:36Z
2026-08-09T22:53:54Z,2026-08-10T00:53:54+0200,9f364823-fdf2-409d-8835-686a42d079dd,2026-07-12T14:15:00Z,2026-07-12T16:15:00+0200,46074.321046,MW,DE,DE_LU,forecast_load,Forecasted Load,2026-08-09T22:55:36Z
2026-08-09T22:53:54Z,2026-08-10T00:53:54+0200,9f364823-fdf2-409d-8835-686a42d079dd,2026-07-12T14:30:00Z,2026-07-12T16:30:00+0200,46109.389211,MW,DE,DE_LU,forecast_load,Forecasted Load,2026-08-09T22:55:36Z
2026-08-09T22:53:54Z,2026-08-10T00:53:54+0200,9f364823-fdf2-409d-8835-686a42d079dd,2026-07-12T14:45:00Z,2026-07-12T16:45:00+0200,46623.755716,MW,DE,DE_LU,forecast_load,Forecasted Load,2026-08-09T22:55:36Z
2026-08-09T22:53:54Z,2026-08-10T00:53:54+0200,9f364823-fdf2-409d-8835-686a42d079dd,2026-07-12T15:00:00Z,2026-07-12T17:00:00+0200,46907.376304,MW,DE,DE_LU,forecast_load,Forecasted Load,2026-08-09T22:55:36Z
2026-08-09T22:53:54Z,2026-08-10T00:53:54+0200,9f364823-fdf2-409d-8835-686a42d079dd,2026-07-12T15:15:00Z,2026-07-12T17:15:00+0200,46905.392603,MW,DE,DE_LU,forecast_load,Forecasted Load,2026-08-09T22:55:36Z
2026-08-09T22:53:54Z,2026-08-10T00:53:54+0200,9f364823-fdf2-409d-8835-686a42d079dd,2026-07-12T15:30:00Z,2026-07-12T17:30:00+0200,47147.905254,MW,DE,DE_LU,forecast_load,Forecasted Load,2026-08-09T22:55:36Z
2026-08-09T22:53:54Z,2026-08-10T00:53:54+0200,9f364823-fdf2-409d-8835-686a42d079dd,2026-07-12T15:45:00Z,2026-07-12T17:45:00+0200,47712.638926,MW,DE,DE_LU,forecast_load,Forecasted Load,2026-08-09T22:55:36Z
2026-08-09T22:53:54Z,2026-08-10T00:53:54+0200,9f364823-fdf2-409d-8835-686a42d079dd,2026-07-12T16:00:00Z,2026-07-12T18:00:00+0200,48409.412589,MW,DE,DE_LU,forecast_load,Forecasted Load,2026-08-09T22:55:36Z
2026-08-09T22:53:54Z,2026-08-10T00:53:54+0200,9f364823-fdf2-409d-8835-686a42d079dd,2026-07-12T16:15:00Z,2026-07-12T18:15:00+0200,48526.194584,MW,DE,DE_LU,forecast_load,Forecasted Load,2026-08-09T22:55:36Z
2026-08-09T22:53:54Z,2026-08-10T00:53:54+0200,9f364823-fdf2-409d-8835-686a42d079dd,2026-07-12T16:30:00Z,2026-07-12T18:30:00+0200,49193.537919,MW,DE,DE_LU,forecast_load,Forecasted Load,2026-08-09T22:55:36Z
2026-08-09T22:53:54Z,2026-08-10T00:53:54+0200,9f364823-fdf2-409d-8835-686a42d079dd,2026-07-12T16:45:00Z,2026-07-12T18:45:00+0200,49612.913463,MW,DE,DE_LU,forecast_load,Forecasted Load,2026-08-09T22:55:36Z
2026-08-09T22:53:54Z,2026-08-10T00:53:54+0200,9f364823-fdf2-409d-8835-686a42d079dd,2026-07-12T17:00:00Z,2026-07-12T19:00:00+0200,49896.111144,MW,DE,DE_LU,forecast_load,Forecasted Load,2026-08-09T22:55:36Z
2026-08-09T22:53:54Z,2026-08-10T00:53:54+0200,9f364823-fdf2-409d-8835-686a42d079dd,2026-07-12T17:15:00Z,2026-07-12T19:15:00+0200,49831.598171,MW,DE,DE_LU,forecast_load,Forecasted Load,2026-08-09T22:55:36Z
2026-08-09T22:53:54Z,2026-08-10T00:53:54+0200,9f364823-fdf2-409d-8835-686a42d079dd,2026-07-12T17:30:00Z,2026-07-12T19:30:00+0200,49759.848378,MW,DE,DE_LU,forecast_load,Forecasted Load,2026-08-09T22:55:36Z
2026-08-09T22:53:54Z,2026-08-10T00:53:54+0200,9f364823-fdf2-409d-8835-686a42d079dd,2026-07-12T17:45:00Z,2026-07-12T19:45:00+0200,49443.432164,MW,DE,DE_LU,forecast_load,Forecasted Load,2026-08-09T22:55:36Z
2026-08-09T22:53:54Z,2026-08-10T00:53:54+0200,9f364823-fdf2-409d-8835-686a42d079dd,2026-07-12T18:00:00Z,2026-07-12T20:00:00+0200,49513.591625,MW,DE,DE_LU,forecast_load,Forecasted Load,2026-08-09T22:55:36Z
2026-08-09T22:53:54Z,2026-08-10T00:53:54+0200,9f364823-fdf2-409d-8835-686a42d079dd,2026-07-12T18:15:00Z,2026-07-12T20:15:00+0200,49253.490372,MW,DE,DE_LU,forecast_load,Forecasted Load,2026-08-09T22:55:36Z
2026-08-09T22:53:54Z,2026-08-10T00:53:54+0200,9f364823-fdf2-409d-8835-686a42d079dd,2026-07-12T18:30:00Z,2026-07-12T20:30:00+0200,48898.211907,MW,DE,DE_LU,forecast_load,Forecasted Load,2026-08-09T22:55:36Z
2026-08-09T22:53:54Z,2026-08-10T00:53:54+0200,9f364823-fdf2-409d-8835-686a42d079dd,2026-07-12T18:45:00Z,2026-07-12T20:45:00+0200,48492.951957,MW,DE,DE_LU,forecast_load,Forecasted Load,2026-08-09T22:55:36Z
2026-08-09T22:53:54Z,2026-08-10T00:53:54+0200,9f364823-fdf2-409d-8835-686a42d079dd,2026-07-12T19:00:00Z,2026-07-12T21:00:00+0200,48271.05222,MW,DE,DE_LU,forecast_load,Forecasted Load,2026-08-09T22:55:36Z
2026-08-09T22:53:54Z,2026-08-10T00:53:54+0200,9f364823-fdf2-409d-8835-686a42d079dd,2026-07-12T19:15:00Z,2026-07-12T21:15:00+0200,48123.556377,MW,DE,DE_LU,forecast_load,Forecasted Load,2026-08-09T22:55:36Z
2026-08-09T22:53:54Z,2026-08-10T00:53:54+0200,9f364823-fdf2-409d-8835-686a42d079dd,2026-07-12T19:30:00Z,2026-07-12T21:30:00+0200,47774.06457,MW,DE,DE_LU,forecast_load,Forecasted Load,2026-08-09T22:55:36Z
2026-08-09T22:53:54Z,2026-08-10T00:53:54+0200,9f364823-fdf2-409d-8835-686a42d079dd,2026-07-12T19:45:00Z,2026-07-12T21:45:00+0200,47637.419537,MW,DE,DE_LU,forecast_load,Forecasted Load,2026-08-09T22:55:36Z
2026-08-09T22:53:54Z,2026-08-10T00:53:54+0200,9f364823-fdf2-409d-8835-686a42d079dd,2026-07-12T20:00:00Z,2026-07-12T22:00:00+0200,47188.553669,MW,DE,DE_LU,forecast_load,Forecasted Load,2026-08-09T22:55:36Z
2026-08-09T22:53:54Z,2026-08-10T00:53:54+0200,9f364823-fdf2-409d-8835-686a42d079dd,2026-07-12T20:15:00Z,2026-07-12T22:15:00+0200,46808.473428,MW,DE,DE_LU,forecast_load,Forecasted Load,2026-08-09T22:55:36Z
2026-08-09T22:53:54Z,2026-08-10T00:53:54+0200,9f364823-fdf2-409d-8835-686a42d079dd,2026-07-12T20:30:00Z,2026-07-12T22:30:00+0200,46424.946894,MW,DE,DE_LU,forecast_load,Forecasted Load,2026-08-09T22:55:36Z
2026-08-09T22:53:54Z,2026-08-10T00:53:54+0200,9f364823-fdf2-409d-8835-686a42d079dd,2026-07-12T20:45:00Z,2026-07-12T22:45:00+0200,45905.783936,MW,DE,DE_LU,forecast_load,Forecasted Load,2026-08-09T22:55:36Z
2026-08-09T22:53:54Z,2026-08-10T00:53:54+0200,9f364823-fdf2-409d-8835-686a42d079dd,2026-07-12T21:00:00Z,2026-07-12T23:00:00+0200,45198.702644,MW,DE,DE_LU,forecast_load,Forecasted Load,2026-08-09T22:55:36Z
2026-08-09T22:53:54Z,2026-08-10T00:53:54+0200,9f364823-fdf2-409d-8835-686a42d079dd,2026-07-12T21:15:00Z,2026-07-12T23:15:00+0200,44597.287923,MW,DE,DE_LU,forecast_load,Forecasted Load,2026-08-09T22:55:36Z
2026-08-09T22:53:54Z,2026-08-10T00:53:54+0200,9f364823-fdf2-409d-8835-686a42d079dd,2026-07-12T21:30:00Z,2026-07-12T23:30:00+0200,44094.279256,MW,DE,DE_LU,forecast_load,Forecasted Load,2026-08-09T22:55:36Z
2026-08-09T22:53:54Z,2026-08-10T00:53:54+0200,9f364823-fdf2-409d-8835-686a42d079dd,2026-07-12T21:45:00Z,2026-07-12T23:45:00+0200,43600.310388,MW,DE,DE_LU,forecast_load,Forecasted Load,2026-08-09T22:55:36Z
2026-08-09T22:53:54Z,2026-08-10T00:53:54+0200,9f364823-fdf2-409d-8835-686a42d079dd,2026-07-12T22:00:00Z,2026-07-13T00:00:00+0200,41999.07137,MW,DE,DE_LU,forecast_load,Forecasted Load,2026-08-09T22:55:36Z
2026-08-09T22:53:54Z,2026-08-10T00:53:54+0200,9f364823-fdf2-409d-8835-686a42d079dd,2026-07-12T22:15:00Z,2026-07-13T00:15:00+0200,41585.274499,MW,DE,DE_LU,forecast_load,Forecasted Load,2026-08-09T22:55:36Z
2026-08-09T22:53:54Z,2026-08-10T00:53:54+0200,9f364823-fdf2-409d-8835-686a42d079dd,2026-07-12T22:30:00Z,2026-07-13T00:30:00+0200,41416.363389,MW,DE,DE_LU,forecast_load,Forecasted Load,2026-08-09T22:55:36Z
2026-08-09T22:53:54Z,2026-08-10T00:53:54+0200,9f364823-fdf2-409d-8835-686a42d079dd,2026-07-12T22:45:00Z,2026-07-13T00:45:00+0200,41065.456387,MW,DE,DE_LU,forecast_load,Forecasted Load,2026-08-09T22:55:36Z
2026-08-09T22:53:54Z,2026-08-10T00:53:54+0200,9f364823-fdf2-409d-8835-686a42d079dd,2026-07-12T23:00:00Z,2026-07-13T01:00:00+0200,40885.706799,MW,DE,DE_LU,forecast_load,Forecasted Load,2026-08-09T22:55:36Z
2026-08-09T22:53:54Z,2026-08-10T00:53:54+0200,9f364823-fdf2-409d-8835-686a42d079dd,2026-07-12T23:15:00Z,2026-07-13T01:15:00+0200,40565.753481,MW,DE,DE_LU,forecast_load,Forecasted Load,2026-08-09T22:55:36Z
2026-08-09T22:53:54Z,2026-08-10T00:53:54+0200,9f364823-fdf2-409d-8835-686a42d079dd,2026-07-12T23:30:00Z,2026-07-13T01:30:00+0200,40415.771651,MW,DE,DE_LU,forecast_load,Forecasted Load,2026-08-09T22:55:36Z
2026-08-09T22:53:54Z,2026-08-10T00:53:54+0200,9f364823-fdf2-409d-8835-686a42d079dd,2026-07-12T23:45:00Z,2026-07-13T01:45:00+0200,40048.201521,MW,DE,DE_LU,forecast_load,Forecasted Load,2026-08-09T22:55:36Z
2026-08-09T22:53:54Z,2026-08-10T00:53:54+0200,9f364823-fdf2-409d-8835-686a42d079dd,2026-07-13T00:00:00Z,2026-07-13T02:00:00+0200,39984.890318,MW,DE,DE_LU,forecast_load,Forecasted Load,2026-08-09T22:55:36Z
2026-08-09T22:53:54Z,2026-08-10T00:53:54+0200,9f364823-fdf2-409d-8835-686a42d079dd,2026-07-13T00:15:00Z,2026-07-13T02:15:00+0200,39901.245606,MW,DE,DE_LU,forecast_load,Forecasted Load,2026-08-09T22:55:36Z
2026-08-09T22:53:54Z,2026-08-10T00:53:54+0200,9f364823-fdf2-409d-8835-686a42d079dd,2026-07-13T00:30:00Z,2026-07-13T02:30:00+0200,39802.546784,MW,DE,DE_LU,forecast_load,Forecasted Load,2026-08-09T22:55:36Z
2026-08-09T22:53:54Z,2026-08-10T00:53:54+0200,9f364823-fdf2-409d-8835-686a42d079dd,2026-07-13T00:45:00Z,2026-07-13T02:45:00+0200,39764.918469,MW,DE,DE_LU,forecast_load,Forecasted Load,2026-08-09T22:55:36Z
2026-08-09T22:53:54Z,2026-08-10T00:53:54+0200,9f364823-fdf2-409d-8835-686a42d079dd,2026-07-13T01:00:00Z,2026-07-13T03:00:00+0200,39811.553295,MW,DE,DE_LU,forecast_load,Forecasted Load,2026-08-09T22:55:36Z
2026-08-09T22:53:54Z,2026-08-10T00:53:54+0200,9f364823-fdf2-409d-8835-686a42d079dd,2026-07-13T01:15:00Z,2026-07-13T03:15:00+0200,39786.037297,MW,DE,DE_LU,forecast_load,Forecasted Load,2026-08-09T22:55:36Z
2026-08-09T22:53:54Z,2026-08-10T00:53:54+0200,9f364823-fdf2-409d-8835-686a42d079dd,2026-07-13T01:30:00Z,2026-07-13T03:30:00+0200,39827.940906,MW,DE,DE_LU,forecast_load,Forecasted Load,2026-08-09T22:55:36Z
2026-08-09T22:53:54Z,2026-08-10T00:53:54+0200,9f364823-fdf2-409d-8835-686a42d079dd,2026-07-13T01:45:00Z,2026-07-13T03:45:00+0200,39915.4708,MW,DE,DE_LU,forecast_load,Forecasted Load,2026-08-09T22:55:36Z
2026-08-09T22:53:54Z,2026-08-10T00:53:54+0200,9f364823-fdf2-409d-8835-686a42d079dd,2026-07-13T02:00:00Z,2026-07-13T04:00:00+0200,40381.441105,MW,DE,DE_LU,forecast_load,Forecasted Load,2026-08-09T22:55:36Z
2026-08-09T22:53:54Z,2026-08-10T00:53:54+0200,9f364823-fdf2-409d-8835-686a42d079dd,2026-07-13T02:15:00Z,2026-07-13T04:15:00+0200,40807.324615,MW,DE,DE_LU,forecast_load,Forecasted Load,2026-08-09T22:55:36Z
2026-08-09T22:53:54Z,2026-08-10T00:53:54+0200,9f364823-fdf2-409d-8835-686a42d079dd,2026-07-13T02:30:00Z,2026-07-13T04:30:00+0200,41415.424301,MW,DE,DE_LU,forecast_load,Forecasted Load,2026-08-09T22:55:36Z
2026-08-09T22:53:54Z,2026-08-10T00:53:54+0200,9f364823-fdf2-409d-8835-686a42d079dd,2026-07-13T02:45:00Z,2026-07-13T04:45:00+0200,41913.76442,MW,DE,DE_LU,forecast_load,Forecasted Load,2026-08-09T22:55:36Z
2026-08-09T22:53:54Z,2026-08-10T00:53:54+0200,9f364823-fdf2-409d-8835-686a42d079dd,2026-07-13T03:00:00Z,2026-07-13T05:00:00+0200,43025.208919,MW,DE,DE_LU,forecast_load,Forecasted Load,2026-08-09T22:55:36Z
2026-08-09T22:53:54Z,2026-08-10T00:53:54+0200,9f364823-fdf2-409d-8835-686a42d079dd,2026-07-13T03:15:00Z,2026-07-13T05:15:00+0200,43573.283838,MW,DE,DE_LU,forecast_load,Forecasted Load,2026-08-09T22:55:36Z
2026-08-09T22:53:54Z,2026-08-10T00:53:54+0200,9f364823-fdf2-409d-8835-686a42d079dd,2026-07-13T03:30:00Z,2026-07-13T05:30:00+0200,45364.788684,MW,DE,DE_LU,forecast_load,Forecasted Load,2026-08-09T22:55:36Z
2026-08-09T22:53:54Z,2026-08-10T00:53:54+0200,9f364823-fdf2-409d-8835-686a42d079dd,2026-07-13T03:45:00Z,2026-07-13T05:45:00+0200,47192.92388,MW,DE,DE_LU,forecast_load,Forecasted Load,2026-08-09T22:55:36Z
2026-08-09T22:53:54Z,2026-08-10T00:53:54+0200,9f364823-fdf2-409d-8835-686a42d079dd,2026-07-13T04:00:00Z,2026-07-13T06:00:00+0200,49503.193267,MW,DE,DE_LU,forecast_load,Forecasted Load,2026-08-09T22:55:36Z
2026-08-09T22:53:54Z,2026-08-10T00:53:54+0200,9f364823-fdf2-409d-8835-686a42d079dd,2026-07-13T04:15:00Z,2026-07-13T06:15:00+0200,51391.046348,MW,DE,DE_LU,forecast_load,Forecasted Load,2026-08-09T22:55:36Z
2026-08-09T22:53:54Z,2026-08-10T00:53:54+0200,9f364823-fdf2-409d-8835-686a42d079dd,2026-07-13T04:30:00Z,2026-07-13T06:30:00+0200,52358.189516,MW,DE,DE_LU,forecast_load,Forecasted Load,2026-08-09T22:55:36Z
2026-08-09T22:53:54Z,2026-08-10T00:53:54+0200,9f364823-fdf2-409d-8835-686a42d079dd,2026-07-13T04:45:00Z,2026-07-13T06:45:00+0200,53744.585754,MW,DE,DE_LU,forecast_load,Forecasted Load,2026-08-09T22:55:36Z
2026-08-09T22:53:54Z,2026-08-10T00:53:54+0200,9f364823-fdf2-409d-8835-686a42d079dd,2026-07-13T05:00:00Z,2026-07-13T07:00:00+0200,55197.224861,MW,DE,DE_LU,forecast_load,Forecasted Load,2026-08-09T22:55:36Z
2026-08-09T22:53:54Z,2026-08-10T00:53:54+0200,9f364823-fdf2-409d-8835-686a42d079dd,2026-07-13T05:15:00Z,2026-07-13T07:15:00+0200,56520.264232,MW,DE,DE_LU,forecast_load,Forecasted Load,2026-08-09T22:55:36Z
2026-08-09T22:53:54Z,2026-08-10T00:53:54+0200,9f364823-fdf2-409d-8835-686a42d079dd,2026-07-13T05:30:00Z,2026-07-13T07:30:00+0200,57591.284595,MW,DE,DE_LU,forecast_load,Forecasted Load,2026-08-09T22:55:36Z
2026-08-09T22:53:54Z,2026-08-10T00:53:54+0200,9f364823-fdf2-409d-8835-686a42d079dd,2026-07-13T05:45:00Z,2026-07-13T07:45:00+0200,58503.725192,MW,DE,DE_LU,forecast_load,Forecasted Load,2026-08-09T22:55:36Z
2026-08-09T22:53:54Z,2026-08-10T00:53:54+0200,9f364823-fdf2-409d-8835-686a42d079dd,2026-07-13T06:00:00Z,2026-07-13T08:00:00+0200,59233.844684,MW,DE,DE_LU,forecast_load,Forecasted Load,2026-08-09T22:55:36Z
2026-08-09T22:53:54Z,2026-08-10T00:53:54+0200,9f364823-fdf2-409d-8835-686a42d079dd,2026-07-13T06:15:00Z,2026-07-13T08:15:00+0200,59862.95136,MW,DE,DE_LU,forecast_load,Forecasted Load,2026-08-09T22:55:36Z
2026-08-09T22:53:54Z,2026-08-10T00:53:54+0200,9f364823-fdf2-409d-8835-686a42d079dd,2026-07-13T06:30:00Z,2026-07-13T08:30:00+0200,60466.788058,MW,DE,DE_LU,forecast_load,Forecasted Load,2026-08-09T22:55:36Z
2026-08-09T22:53:54Z,2026-08-10T00:53:54+0200,9f364823-fdf2-409d-8835-686a42d079dd,2026-07-13T06:45:00Z,2026-07-13T08:45:00+0200,60780.921488,MW,DE,DE_LU,forecast_load,Forecasted Load,2026-08-09T22:55:36Z
2026-08-09T22:53:54Z,2026-08-10T00:53:54+0200,9f364823-fdf2-409d-8835-686a42d079dd,2026-07-13T07:00:00Z,2026-07-13T09:00:00+0200,60802.148248,MW,DE,DE_LU,forecast_load,Forecasted Load,2026-08-09T22:55:36Z
2026-08-09T22:53:54Z,2026-08-10T00:53:54+0200,9f364823-fdf2-409d-8835-686a42d079dd,2026-07-13T07:15:00Z,2026-07-13T09:15:00+0200,61002.394591,MW,DE,DE_LU,forecast_load,Forecasted Load,2026-08-09T22:55:36Z
2026-08-09T22:53:54Z,2026-08-10T00:53:54+0200,9f364823-fdf2-409d-8835-686a42d079dd,2026-07-13T07:30:00Z,2026-07-13T09:30:00+0200,61372.162684,MW,DE,DE_LU,forecast_load,Forecasted Load,2026-08-09T22:55:36Z
2026-08-09T22:53:54Z,2026-08-10T00:53:54+0200,9f364823-fdf2-409d-8835-686a42d079dd,2026-07-13T07:45:00Z,2026-07-13T09:45:00+0200,61525.949158,MW,DE,DE_LU,forecast_load,Forecasted Load,2026-08-09T22:55:36Z
2026-08-09T22:53:54Z,2026-08-10T00:53:54+0200,9f364823-fdf2-409d-8835-686a42d079dd,2026-07-13T08:00:00Z,2026-07-13T10:00:00+0200,61277.220059,MW,DE,DE_LU,forecast_load,Forecasted Load,2026-08-09T22:55:36Z
2026-08-09T22:53:54Z,2026-08-10T00:53:54+0200,9f364823-fdf2-409d-8835-686a42d079dd,2026-07-13T08:15:00Z,2026-07-13T10:15:00+0200,60702.919996,MW,DE,DE_LU,forecast_load,Forecasted Load,2026-08-09T22:55:36Z
2026-08-09T22:53:54Z,2026-08-10T00:53:54+0200,9f364823-fdf2-409d-8835-686a42d079dd,2026-07-13T08:30:00Z,2026-07-13T10:30:00+0200,61120.371375,MW,DE,DE_LU,forecast_load,Forecasted Load,2026-08-09T22:55:36Z
2026-08-09T22:53:54Z,2026-08-10T00:53:54+0200,9f364823-fdf2-409d-8835-686a42d079dd,2026-07-13T08:45:00Z,2026-07-13T10:45:00+0200,61010.935664,MW,DE,DE_LU,forecast_load,Forecasted Load,2026-08-09T22:55:36Z
2026-08-09T22:53:54Z,2026-08-10T00:53:54+0200,9f364823-fdf2-409d-8835-686a42d079dd,2026-07-13T09:00:00Z,2026-07-13T11:00:00+0200,60925.590597,MW,DE,DE_LU,forecast_load,Forecasted Load,2026-08-09T22:55:36Z
2026-08-09T22:53:54Z,2026-08-10T00:53:54+0200,9f364823-fdf2-409d-8835-686a42d079dd,2026-07-13T09:15:00Z,2026-07-13T11:15:00+0200,61096.443036,MW,DE,DE_LU,forecast_load,Forecasted Load,2026-08-09T22:55:36Z
2026-08-09T22:53:54Z,2026-08-10T00:53:54+0200,9f364823-fdf2-409d-8835-686a42d079dd,2026-07-13T09:30:00Z,2026-07-13T11:30:00+0200,61065.175308,MW,DE,DE_LU,forecast_load,Forecasted Load,2026-08-09T22:55:36Z
2026-08-09T22:53:54Z,2026-08-10T00:53:54+0200,9f364823-fdf2-409d-8835-686a42d079dd,2026-07-13T09:45:00Z,2026-07-13T11:45:00+0200,60868.672565,MW,DE,DE_LU,forecast_load,Forecasted Load,2026-08-09T22:55:36Z
2026-08-09T22:53:54Z,2026-08-10T00:53:54+0200,9f364823-fdf2-409d-8835-686a42d079dd,2026-07-13T10:00:00Z,2026-07-13T12:00:00+0200,60344.797913,MW,DE,DE_LU,forecast_load,Forecasted Load,2026-08-09T22:55:36Z
2026-08-09T22:53:54Z,2026-08-10T00:53:54+0200,9f364823-fdf2-409d-8835-686a42d079dd,2026-07-13T10:15:00Z,2026-07-13T12:15:00+0200,60311.943186,MW,DE,DE_LU,forecast_load,Forecasted Load,2026-08-09T22:55:36Z
2026-08-09T22:53:54Z,2026-08-10T00:53:54+0200,9f364823-fdf2-409d-8835-686a42d079dd,2026-07-13T10:30:00Z,2026-07-13T12:30:00+0200,59977.489825,MW,DE,DE_LU,forecast_load,Forecasted Load,2026-08-09T22:55:36Z
2026-08-09T22:53:54Z,2026-08-10T00:53:54+0200,9f364823-fdf2-409d-8835-686a42d079dd,2026-07-13T10:45:00Z,2026-07-13T12:45:00+0200,59675.377275,MW,DE,DE_LU,forecast_load,Forecasted Load,2026-08-09T22:55:36Z
2026-08-09T22:53:54Z,2026-08-10T00:53:54+0200,9f364823-fdf2-409d-8835-686a42d079dd,2026-07-13T11:00:00Z,2026-07-13T13:00:00+0200,59291.576933,MW,DE,DE_LU,forecast_load,Forecasted Load,2026-08-09T22:55:36Z
2026-08-09T22:53:54Z,2026-08-10T00:53:54+0200,9f364823-fdf2-409d-8835-686a42d079dd,2026-07-13T11:15:00Z,2026-07-13T13:15:00+0200,59114.117247,MW,DE,DE_LU,forecast_load,Forecasted Load,2026-08-09T22:55:36Z
2026-08-09T22:53:54Z,2026-08-10T00:53:54+0200,9f364823-fdf2-409d-8835-686a42d079dd,2026-07-13T11:30:00Z,2026-07-13T13:30:00+0200,58523.243682,MW,DE,DE_LU,forecast_load,Forecasted Load,2026-08-09T22:55:36Z
2026-08-09T22:53:54Z,2026-08-10T00:53:54+0200,9f364823-fdf2-409d-8835-686a42d079dd,2026-07-13T11:45:00Z,2026-07-13T13:45:00+0200,58414.089586,MW,DE,DE_LU,forecast_load,Forecasted Load,2026-08-09T22:55:36Z
2026-08-09T22:53:54Z,2026-08-10T00:53:54+0200,9f364823-fdf2-409d-8835-686a42d079dd,2026-07-13T12:00:00Z,2026-07-13T14:00:00+0200,58490.815652,MW,DE,DE_LU,forecast_load,Forecasted Load,2026-08-09T22:55:36Z
2026-08-09T22:53:54Z,2026-08-10T00:53:54+0200,9f364823-fdf2-409d-8835-686a42d079dd,2026-07-13T12:15:00Z,2026-07-13T14:15:00+0200,57991.676601,MW,DE,DE_LU,forecast_load,Forecasted Load,2026-08-09T22:55:36Z
2026-08-09T22:53:54Z,2026-08-10T00:53:54+0200,9f364823-fdf2-409d-8835-686a42d079dd,2026-07-13T12:30:00Z,2026-07-13T14:30:00+0200,57554.91442,MW,DE,DE_LU,forecast_load,Forecasted Load,2026-08-09T22:55:36Z
2026-08-09T22:53:54Z,2026-08-10T00:53:54+0200,9f364823-fdf2-409d-8835-686a42d079dd,2026-07-13T12:45:00Z,2026-07-13T14:45:00+0200,57352.513655,MW,DE,DE_LU,forecast_load,Forecasted Load,2026-08-09T22:55:36Z
2026-08-09T22:53:54Z,2026-08-10T00:53:54+0200,9f364823-fdf2-409d-8835-686a42d079dd,2026-07-13T13:00:00Z,2026-07-13T15:00:00+0200,57456.830191,MW,DE,DE_LU,forecast_load,Forecasted Load,2026-08-09T22:55:36Z
2026-08-09T22:53:54Z,2026-08-10T00:53:54+0200,9f364823-fdf2-409d-8835-686a42d079dd,2026-07-13T13:15:00Z,2026-07-13T15:15:00+0200,57490.637923,MW,DE,DE_LU,forecast_load,Forecasted Load,2026-08-09T22:55:36Z
2026-08-09T22:53:54Z,2026-08-10T00:53:54+0200,9f364823-fdf2-409d-8835-686a42d079dd,2026-07-13T13:30:00Z,2026-07-13T15:30:00+0200,57182.220733,MW,DE,DE_LU,forecast_load,Forecasted Load,2026-08-09T22:55:36Z
2026-08-09T22:53:54Z,2026-08-10T00:53:54+0200,9f364823-fdf2-409d-8835-686a42d079dd,2026-07-13T13:45:00Z,2026-07-13T15:45:00+0200,57197.494916,MW,DE,DE_LU,forecast_load,Forecasted Load,2026-08-09T22:55:36Z
2026-08-09T22:53:54Z,2026-08-10T00:53:54+0200,9f364823-fdf2-409d-8835-686a42d079dd,2026-07-13T14:00:00Z,2026-07-13T16:00:00+0200,57294.180262,MW,DE,DE_LU,forecast_load,Forecasted Load,2026-08-09T22:55:36Z
2026-08-09T22:53:54Z,2026-08-10T00:53:54+0200,9f364823-fdf2-409d-8835-686a42d079dd,2026-07-13T14:15:00Z,2026-07-13T16:15:00+0200,56714.402034,MW,DE,DE_LU,forecast_load,Forecasted Load,2026-08-09T22:55:36Z
2026-08-09T22:53:54Z,2026-08-10T00:53:54+0200,9f364823-fdf2-409d-8835-686a42d079dd,2026-07-13T14:30:00Z,2026-07-13T16:30:00+0200,56282.580085,MW,DE,DE_LU,forecast_load,Forecasted Load,2026-08-09T22:55:36Z
2026-08-09T22:53:54Z,2026-08-10T00:53:54+0200,9f364823-fdf2-409d-8835-686a42d079dd,2026-07-13T14:45:00Z,2026-07-13T16:45:00+0200,56488.211509,MW,DE,DE_LU,forecast_load,Forecasted Load,2026-08-09T22:55:36Z
2026-08-09T22:53:54Z,2026-08-10T00:53:54+0200,9f364823-fdf2-409d-8835-686a42d079dd,2026-07-13T15:00:00Z,2026-07-13T17:00:00+0200,56174.918153,MW,DE,DE_LU,forecast_load,Forecasted Load,2026-08-09T22:55:36Z
2026-08-09T22:53:54Z,2026-08-10T00:53:54+0200,9f364823-fdf2-409d-8835-686a42d079dd,2026-07-13T15:15:00Z,2026-07-13T17:15:00+0200,56201.141834,MW,DE,DE_LU,forecast_load,Forecasted Load,2026-08-09T22:55:36Z
2026-08-09T22:53:54Z,2026-08-10T00:53:54+0200,9f364823-fdf2-409d-8835-686a42d079dd,2026-07-13T15:30:00Z,2026-07-13T17:30:00+0200,56626.996149,MW,DE,DE_LU,forecast_load,Forecasted Load,2026-08-09T22:55:36Z
2026-08-09T22:53:54Z,2026-08-10T00:53:54+0200,9f364823-fdf2-409d-8835-686a42d079dd,2026-07-13T15:45:00Z,2026-07-13T17:45:00+0200,56827.601553,MW,DE,DE_LU,forecast_load,Forecasted Load,2026-08-09T22:55:36Z
2026-08-09T22:53:54Z,2026-08-10T00:53:54+0200,9f364823-fdf2-409d-8835-686a42d079dd,2026-07-13T16:00:00Z,2026-07-13T18:00:00+0200,57114.86315,MW,DE,DE_LU,forecast_load,Forecasted Load,2026-08-09T22:55:36Z
2026-08-09T22:53:54Z,2026-08-10T00:53:54+0200,9f364823-fdf2-409d-8835-686a42d079dd,2026-07-13T16:15:00Z,2026-07-13T18:15:00+0200,57568.666631,MW,DE,DE_LU,forecast_load,Forecasted Load,2026-08-09T22:55:36Z
2026-08-09T22:53:54Z,2026-08-10T00:53:54+0200,9f364823-fdf2-409d-8835-686a42d079dd,2026-07-13T16:30:00Z,2026-07-13T18:30:00+0200,57393.405548,MW,DE,DE_LU,forecast_load,Forecasted Load,2026-08-09T22:55:36Z
2026-08-09T22:53:54Z,2026-08-10T00:53:54+0200,9f364823-fdf2-409d-8835-686a42d079dd,2026-07-13T16:45:00Z,2026-07-13T18:45:00+0200,57585.875039,MW,DE,DE_LU,forecast_load,Forecasted Load,2026-08-09T22:55:36Z
2026-08-09T22:53:54Z,2026-08-10T00:53:54+0200,9f364823-fdf2-409d-8835-686a42d079dd,2026-07-13T17:00:00Z,2026-07-13T19:00:00+0200,57785.815417,MW,DE,DE_LU,forecast_load,Forecasted Load,2026-08-09T22:55:36Z
2026-08-09T22:53:54Z,2026-08-10T00:53:54+0200,9f364823-fdf2-409d-8835-686a42d079dd,2026-07-13T17:15:00Z,2026-07-13T19:15:00+0200,57875.942377,MW,DE,DE_LU,forecast_load,Forecasted Load,2026-08-09T22:55:36Z
2026-08-09T22:53:54Z,2026-08-10T00:53:54+0200,9f364823-fdf2-409d-8835-686a42d079dd,2026-07-13T17:30:00Z,2026-07-13T19:30:00+0200,57906.190289,MW,DE,DE_LU,forecast_load,Forecasted Load,2026-08-09T22:55:36Z
2026-08-09T22:53:54Z,2026-08-10T00:53:54+0200,9f364823-fdf2-409d-8835-686a42d079dd,2026-07-13T17:45:00Z,2026-07-13T19:45:00+0200,57774.879379,MW,DE,DE_LU,forecast_load,Forecasted Load,2026-08-09T22:55:36Z
2026-08-09T22:53:54Z,2026-08-10T00:53:54+0200,9f364823-fdf2-409d-8835-686a42d079dd,2026-07-13T18:00:00Z,2026-07-13T20:00:00+0200,57242.997847,MW,DE,DE_LU,forecast_load,Forecasted Load,2026-08-09T22:55:36Z
2026-08-09T22:53:54Z,2026-08-10T00:53:54+0200,9f364823-fdf2-409d-8835-686a42d079dd,2026-07-13T18:15:00Z,2026-07-13T20:15:00+0200,56854.494503,MW,DE,DE_LU,forecast_load,Forecasted Load,2026-08-09T22:55:36Z
2026-08-09T22:53:54Z,2026-08-10T00:53:54+0200,9f364823-fdf2-409d-8835-686a42d079dd,2026-07-13T18:30:00Z,2026-07-13T20:30:00+0200,56305.616855,MW,DE,DE_LU,forecast_load,Forecasted Load,2026-08-09T22:55:36Z
2026-08-09T22:53:54Z,2026-08-10T00:53:54+0200,9f364823-fdf2-409d-8835-686a42d079dd,2026-07-13T18:45:00Z,2026-07-13T20:45:00+0200,56000.536644,MW,DE,DE_LU,forecast_load,Forecasted Load,2026-08-09T22:55:36Z
2026-08-09T22:53:54Z,2026-08-10T00:53:54+0200,9f364823-fdf2-409d-8835-686a42d079dd,2026-07-13T19:00:00Z,2026-07-13T21:00:00+0200,55430.691405,MW,DE,DE_LU,forecast_load,Forecasted Load,2026-08-09T22:55:36Z
2026-08-09T22:53:54Z,2026-08-10T00:53:54+0200,9f364823-fdf2-409d-8835-686a42d079dd,2026-07-13T19:15:00Z,2026-07-13T21:15:00+0200,54834.356523,MW,DE,DE_LU,forecast_load,Forecasted Load,2026-08-09T22:55:36Z
2026-08-09T22:53:54Z,2026-08-10T00:53:54+0200,9f364823-fdf2-409d-8835-686a42d079dd,2026-07-13T19:30:00Z,2026-07-13T21:30:00+0200,54224.694944,MW,DE,DE_LU,forecast_load,Forecasted Load,2026-08-09T22:55:36Z
2026-08-09T22:53:54Z,2026-08-10T00:53:54+0200,9f364823-fdf2-409d-8835-686a42d079dd,2026-07-13T19:45:00Z,2026-07-13T21:45:00+0200,53817.379536,MW,DE,DE_LU,forecast_load,Forecasted Load,2026-08-09T22:55:36Z
2026-08-09T22:53:54Z,2026-08-10T00:53:54+0200,9f364823-fdf2-409d-8835-686a42d079dd,2026-07-13T20:00:00Z,2026-07-13T22:00:00+0200,52744.242312,MW,DE,DE_LU,forecast_load,Forecasted Load,2026-08-09T22:55:36Z
2026-08-09T22:53:54Z,2026-08-10T00:53:54+0200,9f364823-fdf2-409d-8835-686a42d079dd,2026-07-13T20:15:00Z,2026-07-13T22:15:00+0200,52144.137563,MW,DE,DE_LU,forecast_load,Forecasted Load,2026-08-09T22:55:36Z
2026-08-09T22:53:54Z,2026-08-10T00:53:54+0200,9f364823-fdf2-409d-8835-686a42d079dd,2026-07-13T20:30:00Z,2026-07-13T22:30:00+0200,51444.133418,MW,DE,DE_LU,forecast_load,Forecasted Load,2026-08-09T22:55:36Z
2026-08-09T22:53:54Z,2026-08-10T00:53:54+0200,9f364823-fdf2-409d-8835-686a42d079dd,2026-07-13T20:45:00Z,2026-07-13T22:45:00+0200,50707.114631,MW,DE,DE_LU,forecast_load,Forecasted Load,2026-08-09T22:55:36Z
2026-08-09T22:53:54Z,2026-08-10T00:53:54+0200,9f364823-fdf2-409d-8835-686a42d079dd,2026-07-13T21:00:00Z,2026-07-13T23:00:00+0200,49782.964986,MW,DE,DE_LU,forecast_load,Forecasted Load,2026-08-09T22:55:36Z
2026-08-09T22:53:54Z,2026-08-10T00:53:54+0200,9f364823-fdf2-409d-8835-686a42d079dd,2026-07-13T21:15:00Z,2026-07-13T23:15:00+0200,49020.939983,MW,DE,DE_LU,forecast_load,Forecasted Load,2026-08-09T22:55:36Z
2026-08-09T22:53:54Z,2026-08-10T00:53:54+0200,9f364823-fdf2-409d-8835-686a42d079dd,2026-07-13T21:30:00Z,2026-07-13T23:30:00+0200,48309.64185,MW,DE,DE_LU,forecast_load,Forecasted Load,2026-08-09T22:55:36Z
2026-08-09T22:53:54Z,2026-08-10T00:53:54+0200,9f364823-fdf2-409d-8835-686a42d079dd,2026-07-13T21:45:00Z,2026-07-13T23:45:00+0200,47614.811303,MW,DE,DE_LU,forecast_load,Forecasted Load,2026-08-09T22:55:36Z
2026-08-09T22:53:54Z,2026-08-10T00:53:54+0200,9f364823-fdf2-409d-8835-686a42d079dd,2026-07-13T22:00:00Z,2026-07-14T00:00:00+0200,47265.438468,MW,DE,DE_LU,forecast_load,Forecasted Load,2026-08-09T22:55:36Z
2026-08-09T22:53:54Z,2026-08-10T00:53:54+0200,9f364823-fdf2-409d-8835-686a42d079dd,2026-07-13T22:15:00Z,2026-07-14T00:15:00+0200,46794.376603,MW,DE,DE_LU,forecast_load,Forecasted Load,2026-08-09T22:55:36Z
2026-08-09T22:53:54Z,2026-08-10T00:53:54+0200,9f364823-fdf2-409d-8835-686a42d079dd,2026-07-13T22:30:00Z,2026-07-14T00:30:00+0200,46225.586439,MW,DE,DE_LU,forecast_load,Forecasted Load,2026-08-09T22:55:36Z
2026-08-09T22:53:54Z,2026-08-10T00:53:54+0200,9f364823-fdf2-409d-8835-686a42d079dd,2026-07-13T22:45:00Z,2026-07-14T00:45:00+0200,45718.654625,MW,DE,DE_LU,forecast_load,Forecasted Load,2026-08-09T22:55:36Z
2026-08-09T22:53:54Z,2026-08-10T00:53:54+0200,9f364823-fdf2-409d-8835-686a42d079dd,2026-07-13T23:00:00Z,2026-07-14T01:00:00+0200,45325.175155,MW,DE,DE_LU,forecast_load,Forecasted Load,2026-08-09T22:55:36Z
2026-08-09T22:53:54Z,2026-08-10T00:53:54+0200,9f364823-fdf2-409d-8835-686a42d079dd,2026-07-13T23:15:00Z,2026-07-14T01:15:00+0200,44948.961866,MW,DE,DE_LU,forecast_load,Forecasted Load,2026-08-09T22:55:36Z
2026-08-09T22:53:54Z,2026-08-10T00:53:54+0200,9f364823-fdf2-409d-8835-686a42d079dd,2026-07-13T23:30:00Z,2026-07-14T01:30:00+0200,44770.661119,MW,DE,DE_LU,forecast_load,Forecasted Load,2026-08-09T22:55:36Z
2026-08-09T22:53:54Z,2026-08-10T00:53:54+0200,9f364823-fdf2-409d-8835-686a42d079dd,2026-07-13T23:45:00Z,2026-07-14T01:45:00+0200,44372.392717,MW,DE,DE_LU,forecast_load,Forecasted Load,2026-08-09T22:55:36Z
2026-08-09T22:53:54Z,2026-08-10T00:53:54+0200,9f364823-fdf2-409d-8835-686a42d079dd,2026-07-14T00:00:00Z,2026-07-14T02:00:00+0200,44110.509663,MW,DE,DE_LU,forecast_load,Forecasted Load,2026-08-09T22:55:36Z
2026-08-09T22:53:54Z,2026-08-10T00:53:54+0200,9f364823-fdf2-409d-8835-686a42d079dd,2026-07-14T00:15:00Z,2026-07-14T02:15:00+0200,43954.63773,MW,DE,DE_LU,forecast_load,Forecasted Load,2026-08-09T22:55:36Z
2026-08-09T22:53:54Z,2026-08-10T00:53:54+0200,9f364823-fdf2-409d-8835-686a42d079dd,2026-07-14T00:30:00Z,2026-07-14T02:30:00+0200,43853.096969,MW,DE,DE_LU,forecast_load,Forecasted Load,2026-08-09T22:55:36Z
2026-08-09T22:53:54Z,2026-08-10T00:53:54+0200,9f364823-fdf2-409d-8835-686a42d079dd,2026-07-14T00:45:00Z,2026-07-14T02:45:00+0200,43837.493797,MW,DE,DE_LU,forecast_load,Forecasted Load,2026-08-09T22:55:36Z
2026-08-09T22:53:54Z,2026-08-10T00:53:54+0200,9f364823-fdf2-409d-8835-686a42d079dd,2026-07-14T01:00:00Z,2026-07-14T03:00:00+0200,43693.491158,MW,DE,DE_LU,forecast_load,Forecasted Load,2026-08-09T22:55:36Z
2026-08-09T22:53:54Z,2026-08-10T00:53:54+0200,9f364823-fdf2-409d-8835-686a42d079dd,2026-07-14T01:15:00Z,2026-07-14T03:15:00+0200,43758.910553,MW,DE,DE_LU,forecast_load,Forecasted Load,2026-08-09T22:55:36Z
2026-08-09T22:53:54Z,2026-08-10T00:53:54+0200,9f364823-fdf2-409d-8835-686a42d079dd,2026-07-14T01:30:00Z,2026-07-14T03:30:00+0200,43764.225463,MW,DE,DE_LU,forecast_load,Forecasted Load,2026-08-09T22:55:36Z
2026-08-09T22:53:54Z,2026-08-10T00:53:54+0200,9f364823-fdf2-409d-8835-686a42d079dd,2026-07-14T01:45:00Z,2026-07-14T03:45:00+0200,43680.45043,MW,DE,DE_LU,forecast_load,Forecasted Load,2026-08-09T22:55:36Z
2026-08-09T22:53:54Z,2026-08-10T00:53:54+0200,9f364823-fdf2-409d-8835-686a42d079dd,2026-07-14T02:00:00Z,2026-07-14T04:00:00+0200,43930.638518,MW,DE,DE_LU,forecast_load,Forecasted Load,2026-08-09T22:55:36Z
2026-08-09T22:53:54Z,2026-08-10T00:53:54+0200,9f364823-fdf2-409d-8835-686a42d079dd,2026-07-14T02:15:00Z,2026-07-14T04:15:00+0200,44229.048951,MW,DE,DE_LU,forecast_load,Forecasted Load,2026-08-09T22:55:36Z
2026-08-09T22:53:54Z,2026-08-10T00:53:54+0200,9f364823-fdf2-409d-8835-686a42d079dd,2026-07-14T02:30:00Z,2026-07-14T04:30:00+0200,44694.236908,MW,DE,DE_LU,forecast_load,Forecasted Load,2026-08-09T22:55:36Z
2026-08-09T22:53:54Z,2026-08-10T00:53:54+0200,9f364823-fdf2-409d-8835-686a42d079dd,2026-07-14T02:45:00Z,2026-07-14T04:45:00+0200,45153.256295,MW,DE,DE_LU,forecast_load,Forecasted Load,2026-08-09T22:55:36Z
2026-08-09T22:53:54Z,2026-08-10T00:53:54+0200,9f364823-fdf2-409d-8835-686a42d079dd,2026-07-14T03:00:00Z,2026-07-14T05:00:00+0200,46135.319843,MW,DE,DE_LU,forecast_load,Forecasted Load,2026-08-09T22:55:36Z
2026-08-09T22:53:54Z,2026-08-10T00:53:54+0200,9f364823-fdf2-409d-8835-686a42d079dd,2026-07-14T03:15:00Z,2026-07-14T05:15:00+0200,46454.855153,MW,DE,DE_LU,forecast_load,Forecasted Load,2026-08-09T22:55:36Z
2026-08-09T22:53:54Z,2026-08-10T00:53:54+0200,9f364823-fdf2-409d-8835-686a42d079dd,2026-07-14T03:30:00Z,2026-07-14T05:30:00+0200,46637.187999,MW,DE,DE_LU,forecast_load,Forecasted Load,2026-08-09T22:55:36Z
2026-08-09T22:53:54Z,2026-08-10T00:53:54+0200,9f364823-fdf2-409d-8835-686a42d079dd,2026-07-14T03:45:00Z,2026-07-14T05:45:00+0200,48022.651148,MW,DE,DE_LU,forecast_load,Forecasted Load,2026-08-09T22:55:36Z
2026-08-09T22:53:54Z,2026-08-10T00:53:54+0200,9f364823-fdf2-409d-8835-686a42d079dd,2026-07-14T04:00:00Z,2026-07-14T06:00:00+0200,50365.219865,MW,DE,DE_LU,forecast_load,Forecasted Load,2026-08-09T22:55:36Z
2026-08-09T22:53:54Z,2026-08-10T00:53:54+0200,9f364823-fdf2-409d-8835-686a42d079dd,2026-07-14T04:15:00Z,2026-07-14T06:15:00+0200,51240.461587,MW,DE,DE_LU,forecast_load,Forecasted Load,2026-08-09T22:55:36Z
2026-08-09T22:53:54Z,2026-08-10T00:53:54+0200,9f364823-fdf2-409d-8835-686a42d079dd,2026-07-14T04:30:00Z,2026-07-14T06:30:00+0200,52961.075515,MW,DE,DE_LU,forecast_load,Forecasted Load,2026-08-09T22:55:36Z
2026-08-09T22:53:54Z,2026-08-10T00:53:54+0200,9f364823-fdf2-409d-8835-686a42d079dd,2026-07-14T04:45:00Z,2026-07-14T06:45:00+0200,53927.255328,MW,DE,DE_LU,forecast_load,Forecasted Load,2026-08-09T22:55:36Z
2026-08-09T22:53:54Z,2026-08-10T00:53:54+0200,9f364823-fdf2-409d-8835-686a42d079dd,2026-07-14T05:00:00Z,2026-07-14T07:00:00+0200,55006.817277,MW,DE,DE_LU,forecast_load,Forecasted Load,2026-08-09T22:55:36Z
2026-08-09T22:53:54Z,2026-08-10T00:53:54+0200,9f364823-fdf2-409d-8835-686a42d079dd,2026-07-14T05:15:00Z,2026-07-14T07:15:00+0200,56325.544574,MW,DE,DE_LU,forecast_load,Forecasted Load,2026-08-09T22:55:36Z
2026-08-09T22:53:54Z,2026-08-10T00:53:54+0200,9f364823-fdf2-409d-8835-686a42d079dd,2026-07-14T05:30:00Z,2026-07-14T07:30:00+0200,57464.931983,MW,DE,DE_LU,forecast_load,Forecasted Load,2026-08-09T22:55:36Z
2026-08-09T22:53:54Z,2026-08-10T00:53:54+0200,9f364823-fdf2-409d-8835-686a42d079dd,2026-07-14T05:45:00Z,2026-07-14T07:45:00+0200,58360.592626,MW,DE,DE_LU,forecast_load,Forecasted Load,2026-08-09T22:55:36Z
2026-08-09T22:53:54Z,2026-08-10T00:53:54+0200,9f364823-fdf2-409d-8835-686a42d079dd,2026-07-14T06:00:00Z,2026-07-14T08:00:00+0200,58934.110876,MW,DE,DE_LU,forecast_load,Forecasted Load,2026-08-09T22:55:36Z
2026-08-09T22:53:54Z,2026-08-10T00:53:54+0200,9f364823-fdf2-409d-8835-686a42d079dd,2026-07-14T06:15:00Z,2026-07-14T08:15:00+0200,59493.283345,MW,DE,DE_LU,forecast_load,Forecasted Load,2026-08-09T22:55:36Z
2026-08-09T22:53:54Z,2026-08-10T00:53:54+0200,9f364823-fdf2-409d-8835-686a42d079dd,2026-07-14T06:30:00Z,2026-07-14T08:30:00+0200,60016.12873,MW,DE,DE_LU,forecast_load,Forecasted Load,2026-08-09T22:55:36Z
2026-08-09T22:53:54Z,2026-08-10T00:53:54+0200,9f364823-fdf2-409d-8835-686a42d079dd,2026-07-14T06:45:00Z,2026-07-14T08:45:00+0200,60216.897257,MW,DE,DE_LU,forecast_load,Forecasted Load,2026-08-09T22:55:36Z
2026-08-09T22:53:54Z,2026-08-10T00:53:54+0200,9f364823-fdf2-409d-8835-686a42d079dd,2026-07-14T07:00:00Z,2026-07-14T09:00:00+0200,60054.600379,MW,DE,DE_LU,forecast_load,Forecasted Load,2026-08-09T22:55:36Z
2026-08-09T22:53:54Z,2026-08-10T00:53:54+0200,9f364823-fdf2-409d-8835-686a42d079dd,2026-07-14T07:15:00Z,2026-07-14T09:15:00+0200,60145.747042,MW,DE,DE_LU,forecast_load,Forecasted Load,2026-08-09T22:55:36Z
2026-08-09T22:53:54Z,2026-08-10T00:53:54+0200,9f364823-fdf2-409d-8835-686a42d079dd,2026-07-14T07:30:00Z,2026-07-14T09:30:00+0200,60807.466651,MW,DE,DE_LU,forecast_load,Forecasted Load,2026-08-09T22:55:36Z
2026-08-09T22:53:54Z,2026-08-10T00:53:54+0200,9f364823-fdf2-409d-8835-686a42d079dd,2026-07-14T07:45:00Z,2026-07-14T09:45:00+0200,60537.414087,MW,DE,DE_LU,forecast_load,Forecasted Load,2026-08-09T22:55:36Z
2026-08-09T22:53:54Z,2026-08-10T00:53:54+0200,9f364823-fdf2-409d-8835-686a42d079dd,2026-07-14T08:00:00Z,2026-07-14T10:00:00+0200,60718.463729,MW,DE,DE_LU,forecast_load,Forecasted Load,2026-08-09T22:55:36Z
2026-08-09T22:53:54Z,2026-08-10T00:53:54+0200,9f364823-fdf2-409d-8835-686a42d079dd,2026-07-14T08:15:00Z,2026-07-14T10:15:00+0200,60882.325237,MW,DE,DE_LU,forecast_load,Forecasted Load,2026-08-09T22:55:36Z
2026-08-09T22:53:54Z,2026-08-10T00:53:54+0200,9f364823-fdf2-409d-8835-686a42d079dd,2026-07-14T08:30:00Z,2026-07-14T10:30:00+0200,60894.178464,MW,DE,DE_LU,forecast_load,Forecasted Load,2026-08-09T22:55:36Z
2026-08-09T22:53:54Z,2026-08-10T00:53:54+0200,9f364823-fdf2-409d-8835-686a42d079dd,2026-07-14T08:45:00Z,2026-07-14T10:45:00+0200,61153.012608,MW,DE,DE_LU,forecast_load,Forecasted Load,2026-08-09T22:55:36Z
2026-08-09T22:53:54Z,2026-08-10T00:53:54+0200,9f364823-fdf2-409d-8835-686a42d079dd,2026-07-14T09:00:00Z,2026-07-14T11:00:00+0200,60818.04568,MW,DE,DE_LU,forecast_load,Forecasted Load,2026-08-09T22:55:36Z
2026-08-09T22:53:54Z,2026-08-10T00:53:54+0200,9f364823-fdf2-409d-8835-686a42d079dd,2026-07-14T09:15:00Z,2026-07-14T11:15:00+0200,60745.083176,MW,DE,DE_LU,forecast_load,Forecasted Load,2026-08-09T22:55:36Z
2026-08-09T22:53:54Z,2026-08-10T00:53:54+0200,9f364823-fdf2-409d-8835-686a42d079dd,2026-07-14T09:30:00Z,2026-07-14T11:30:00+0200,60751.461727,MW,DE,DE_LU,forecast_load,Forecasted Load,2026-08-09T22:55:36Z
2026-08-09T22:53:54Z,2026-08-10T00:53:54+0200,9f364823-fdf2-409d-8835-686a42d079dd,2026-07-14T09:45:00Z,2026-07-14T11:45:00+0200,60593.024928,MW,DE,DE_LU,forecast_load,Forecasted Load,2026-08-09T22:55:36Z
2026-08-09T22:53:54Z,2026-08-10T00:53:54+0200,9f364823-fdf2-409d-8835-686a42d079dd,2026-07-14T10:00:00Z,2026-07-14T12:00:00+0200,59757.384568,MW,DE,DE_LU,forecast_load,Forecasted Load,2026-08-09T22:55:36Z
2026-08-09T22:53:54Z,2026-08-10T00:53:54+0200,9f364823-fdf2-409d-8835-686a42d079dd,2026-07-14T10:15:00Z,2026-07-14T12:15:00+0200,59378.135018,MW,DE,DE_LU,forecast_load,Forecasted Load,2026-08-09T22:55:36Z
2026-08-09T22:53:54Z,2026-08-10T00:53:54+0200,9f364823-fdf2-409d-8835-686a42d079dd,2026-07-14T10:30:00Z,2026-07-14T12:30:00+0200,59736.887962,MW,DE,DE_LU,forecast_load,Forecasted Load,2026-08-09T22:55:36Z
2026-08-09T22:53:54Z,2026-08-10T00:53:54+0200,9f364823-fdf2-409d-8835-686a42d079dd,2026-07-14T10:45:00Z,2026-07-14T12:45:00+0200,59581.560672,MW,DE,DE_LU,forecast_load,Forecasted Load,2026-08-09T22:55:36Z
2026-08-09T22:53:54Z,2026-08-10T00:53:54+0200,9f364823-fdf2-409d-8835-686a42d079dd,2026-07-14T11:00:00Z,2026-07-14T13:00:00+0200,58970.01238,MW,DE,DE_LU,forecast_load,Forecasted Load,2026-08-09T22:55:36Z
2026-08-09T22:53:54Z,2026-08-10T00:53:54+0200,9f364823-fdf2-409d-8835-686a42d079dd,2026-07-14T11:15:00Z,2026-07-14T13:15:00+0200,58804.783125,MW,DE,DE_LU,forecast_load,Forecasted Load,2026-08-09T22:55:36Z
2026-08-09T22:53:54Z,2026-08-10T00:53:54+0200,9f364823-fdf2-409d-8835-686a42d079dd,2026-07-14T11:30:00Z,2026-07-14T13:30:00+0200,58931.74149,MW,DE,DE_LU,forecast_load,Forecasted Load,2026-08-09T22:55:36Z
2026-08-09T22:53:54Z,2026-08-10T00:53:54+0200,9f364823-fdf2-409d-8835-686a42d079dd,2026-07-14T11:45:00Z,2026-07-14T13:45:00+0200,58522.884445,MW,DE,DE_LU,forecast_load,Forecasted Load,2026-08-09T22:55:36Z
2026-08-09T22:53:54Z,2026-08-10T00:53:54+0200,9f364823-fdf2-409d-8835-686a42d079dd,2026-07-14T12:00:00Z,2026-07-14T14:00:00+0200,58268.253862,MW,DE,DE_LU,forecast_load,Forecasted Load,2026-08-09T22:55:36Z
2026-08-09T22:53:54Z,2026-08-10T00:53:54+0200,9f364823-fdf2-409d-8835-686a42d079dd,2026-07-14T12:15:00Z,2026-07-14T14:15:00+0200,57538.932844,MW,DE,DE_LU,forecast_load,Forecasted Load,2026-08-09T22:55:36Z
2026-08-09T22:53:54Z,2026-08-10T00:53:54+0200,9f364823-fdf2-409d-8835-686a42d079dd,2026-07-14T12:30:00Z,2026-07-14T14:30:00+0200,57342.903781,MW,DE,DE_LU,forecast_load,Forecasted Load,2026-08-09T22:55:36Z
2026-08-09T22:53:54Z,2026-08-10T00:53:54+0200,9f364823-fdf2-409d-8835-686a42d079dd,2026-07-14T12:45:00Z,2026-07-14T14:45:00+0200,57015.064944,MW,DE,DE_LU,forecast_load,Forecasted Load,2026-08-09T22:55:36Z
2026-08-09T22:53:54Z,2026-08-10T00:53:54+0200,9f364823-fdf2-409d-8835-686a42d079dd,2026-07-14T13:00:00Z,2026-07-14T15:00:00+0200,56750.392091,MW,DE,DE_LU,forecast_load,Forecasted Load,2026-08-09T22:55:36Z
2026-08-09T22:53:54Z,2026-08-10T00:53:54+0200,9f364823-fdf2-409d-8835-686a42d079dd,2026-07-14T13:15:00Z,2026-07-14T15:15:00+0200,57086.165432,MW,DE,DE_LU,forecast_load,Forecasted Load,2026-08-09T22:55:36Z
2026-08-09T22:53:54Z,2026-08-10T00:53:54+0200,9f364823-fdf2-409d-8835-686a42d079dd,2026-07-14T13:30:00Z,2026-07-14T15:30:00+0200,55963.466282,MW,DE,DE_LU,forecast_load,Forecasted Load,2026-08-09T22:55:36Z
2026-08-09T22:53:54Z,2026-08-10T00:53:54+0200,9f364823-fdf2-409d-8835-686a42d079dd,2026-07-14T13:45:00Z,2026-07-14T15:45:00+0200,55999.475797,MW,DE,DE_LU,forecast_load,Forecasted Load,2026-08-09T22:55:36Z
2026-08-09T22:53:54Z,2026-08-10T00:53:54+0200,9f364823-fdf2-409d-8835-686a42d079dd,2026-07-14T14:00:00Z,2026-07-14T16:00:00+0200,56332.848977,MW,DE,DE_LU,forecast_load,Forecasted Load,2026-08-09T22:55:36Z
2026-08-09T22:53:54Z,2026-08-10T00:53:54+0200,9f364823-fdf2-409d-8835-686a42d079dd,2026-07-14T14:15:00Z,2026-07-14T16:15:00+0200,55727.498796,MW,DE,DE_LU,forecast_load,Forecasted Load,2026-08-09T22:55:36Z
2026-08-09T22:53:54Z,2026-08-10T00:53:54+0200,9f364823-fdf2-409d-8835-686a42d079dd,2026-07-14T14:30:00Z,2026-07-14T16:30:00+0200,55986.911086,MW,DE,DE_LU,forecast_load,Forecasted Load,2026-08-09T22:55:36Z
2026-08-09T22:53:54Z,2026-08-10T00:53:54+0200,9f364823-fdf2-409d-8835-686a42d079dd,2026-07-14T14:45:00Z,2026-07-14T16:45:00+0200,55629.592926,MW,DE,DE_LU,forecast_load,Forecasted Load,2026-08-09T22:55:36Z
2026-08-09T22:53:54Z,2026-08-10T00:53:54+0200,9f364823-fdf2-409d-8835-686a42d079dd,2026-07-14T15:00:00Z,2026-07-14T17:00:00+0200,55954.076119,MW,DE,DE_LU,forecast_load,Forecasted Load,2026-08-09T22:55:36Z
2026-08-09T22:53:54Z,2026-08-10T00:53:54+0200,9f364823-fdf2-409d-8835-686a42d079dd,2026-07-14T15:15:00Z,2026-07-14T17:15:00+0200,55953.104826,MW,DE,DE_LU,forecast_load,Forecasted Load,2026-08-09T22:55:36Z
2026-08-09T22:53:54Z,2026-08-10T00:53:54+0200,9f364823-fdf2-409d-8835-686a42d079dd,2026-07-14T15:30:00Z,2026-07-14T17:30:00+0200,56180.373961,MW,DE,DE_LU,forecast_load,Forecasted Load,2026-08-09T22:55:36Z
2026-08-09T22:53:54Z,2026-08-10T00:53:54+0200,9f364823-fdf2-409d-8835-686a42d079dd,2026-07-14T15:45:00Z,2026-07-14T17:45:00+0200,56488.055852,MW,DE,DE_LU,forecast_load,Forecasted Load,2026-08-09T22:55:36Z
2026-08-09T22:53:54Z,2026-08-10T00:53:54+0200,9f364823-fdf2-409d-8835-686a42d079dd,2026-07-14T16:00:00Z,2026-07-14T18:00:00+0200,57087.688117,MW,DE,DE_LU,forecast_load,Forecasted Load,2026-08-09T22:55:36Z
2026-08-09T22:53:54Z,2026-08-10T00:53:54+0200,9f364823-fdf2-409d-8835-686a42d079dd,2026-07-14T16:15:00Z,2026-07-14T18:15:00+0200,57506.993783,MW,DE,DE_LU,forecast_load,Forecasted Load,2026-08-09T22:55:36Z
2026-08-09T22:53:54Z,2026-08-10T00:53:54+0200,9f364823-fdf2-409d-8835-686a42d079dd,2026-07-14T16:30:00Z,2026-07-14T18:30:00+0200,57564.34908,MW,DE,DE_LU,forecast_load,Forecasted Load,2026-08-09T22:55:36Z
2026-08-09T22:53:54Z,2026-08-10T00:53:54+0200,9f364823-fdf2-409d-8835-686a42d079dd,2026-07-14T16:45:00Z,2026-07-14T18:45:00+0200,57581.08497,MW,DE,DE_LU,forecast_load,Forecasted Load,2026-08-09T22:55:36Z
2026-08-09T22:53:54Z,2026-08-10T00:53:54+0200,9f364823-fdf2-409d-8835-686a42d079dd,2026-07-14T17:00:00Z,2026-07-14T19:00:00+0200,57929.680973,MW,DE,DE_LU,forecast_load,Forecasted Load,2026-08-09T22:55:36Z
2026-08-09T22:53:54Z,2026-08-10T00:53:54+0200,9f364823-fdf2-409d-8835-686a42d079dd,2026-07-14T17:15:00Z,2026-07-14T19:15:00+0200,57885.248233,MW,DE,DE_LU,forecast_load,Forecasted Load,2026-08-09T22:55:36Z
2026-08-09T22:53:54Z,2026-08-10T00:53:54+0200,9f364823-fdf2-409d-8835-686a42d079dd,2026-07-14T17:30:00Z,2026-07-14T19:30:00+0200,57886.611578,MW,DE,DE_LU,forecast_load,Forecasted Load,2026-08-09T22:55:36Z
2026-08-09T22:53:54Z,2026-08-10T00:53:54+0200,9f364823-fdf2-409d-8835-686a42d079dd,2026-07-14T17:45:00Z,2026-07-14T19:45:00+0200,57671.67907,MW,DE,DE_LU,forecast_load,Forecasted Load,2026-08-09T22:55:36Z
2026-08-09T22:53:54Z,2026-08-10T00:53:54+0200,9f364823-fdf2-409d-8835-686a42d079dd,2026-07-14T18:00:00Z,2026-07-14T20:00:00+0200,57652.954748,MW,DE,DE_LU,forecast_load,Forecasted Load,2026-08-09T22:55:36Z
2026-08-09T22:53:54Z,2026-08-10T00:53:54+0200,9f364823-fdf2-409d-8835-686a42d079dd,2026-07-14T18:15:00Z,2026-07-14T20:15:00+0200,57074.234003,MW,DE,DE_LU,forecast_load,Forecasted Load,2026-08-09T22:55:36Z
2026-08-09T22:53:54Z,2026-08-10T00:53:54+0200,9f364823-fdf2-409d-8835-686a42d079dd,2026-07-14T18:30:00Z,2026-07-14T20:30:00+0200,56685.394941,MW,DE,DE_LU,forecast_load,Forecasted Load,2026-08-09T22:55:36Z
2026-08-09T22:53:54Z,2026-08-10T00:53:54+0200,9f364823-fdf2-409d-8835-686a42d079dd,2026-07-14T18:45:00Z,2026-07-14T20:45:00+0200,56443.140586,MW,DE,DE_LU,forecast_load,Forecasted Load,2026-08-09T22:55:36Z
2026-08-09T22:53:54Z,2026-08-10T00:53:54+0200,9f364823-fdf2-409d-8835-686a42d079dd,2026-07-14T19:00:00Z,2026-07-14T21:00:00+0200,55842.869462,MW,DE,DE_LU,forecast_load,Forecasted Load,2026-08-09T22:55:36Z
2026-08-09T22:53:54Z,2026-08-10T00:53:54+0200,9f364823-fdf2-409d-8835-686a42d079dd,2026-07-14T19:15:00Z,2026-07-14T21:15:00+0200,55423.165721,MW,DE,DE_LU,forecast_load,Forecasted Load,2026-08-09T22:55:36Z
2026-08-09T22:53:54Z,2026-08-10T00:53:54+0200,9f364823-fdf2-409d-8835-686a42d079dd,2026-07-14T19:30:00Z,2026-07-14T21:30:00+0200,54689.000763,MW,DE,DE_LU,forecast_load,Forecasted Load,2026-08-09T22:55:36Z
2026-08-09T22:53:54Z,2026-08-10T00:53:54+0200,9f364823-fdf2-409d-8835-686a42d079dd,2026-07-14T19:45:00Z,2026-07-14T21:45:00+0200,54238.854054,MW,DE,DE_LU,forecast_load,Forecasted Load,2026-08-09T22:55:36Z
2026-08-09T22:53:54Z,2026-08-10T00:53:54+0200,9f364823-fdf2-409d-8835-686a42d079dd,2026-07-14T20:00:00Z,2026-07-14T22:00:00+0200,53269.75109,MW,DE,DE_LU,forecast_load,Forecasted Load,2026-08-09T22:55:36Z
2026-08-09T22:53:54Z,2026-08-10T00:53:54+0200,9f364823-fdf2-409d-8835-686a42d079dd,2026-07-14T20:15:00Z,2026-07-14T22:15:00+0200,52286.688366,MW,DE,DE_LU,forecast_load,Forecasted Load,2026-08-09T22:55:36Z
2026-08-09T22:53:54Z,2026-08-10T00:53:54+0200,9f364823-fdf2-409d-8835-686a42d079dd,2026-07-14T20:30:00Z,2026-07-14T22:30:00+0200,51671.552299,MW,DE,DE_LU,forecast_load,Forecasted Load,2026-08-09T22:55:36Z
2026-08-09T22:53:54Z,2026-08-10T00:53:54+0200,9f364823-fdf2-409d-8835-686a42d079dd,2026-07-14T20:45:00Z,2026-07-14T22:45:00+0200,51006.081089,MW,DE,DE_LU,forecast_load,Forecasted Load,2026-08-09T22:55:36Z
2026-08-09T22:53:54Z,2026-08-10T00:53:54+0200,9f364823-fdf2-409d-8835-686a42d079dd,2026-07-14T21:00:00Z,2026-07-14T23:00:00+0200,49924.56585,MW,DE,DE_LU,forecast_load,Forecasted Load,2026-08-09T22:55:36Z
2026-08-09T22:53:54Z,2026-08-10T00:53:54+0200,9f364823-fdf2-409d-8835-686a42d079dd,2026-07-14T21:15:00Z,2026-07-14T23:15:00+0200,49217.995539,MW,DE,DE_LU,forecast_load,Forecasted Load,2026-08-09T22:55:36Z
2026-08-09T22:53:54Z,2026-08-10T00:53:54+0200,9f364823-fdf2-409d-8835-686a42d079dd,2026-07-14T21:30:00Z,2026-07-14T23:30:00+0200,48618.373579,MW,DE,DE_LU,forecast_load,Forecasted Load,2026-08-09T22:55:36Z
2026-08-09T22:53:54Z,2026-08-10T00:53:54+0200,9f364823-fdf2-409d-8835-686a42d079dd,2026-07-14T21:45:00Z,2026-07-14T23:45:00+0200,47982.864066,MW,DE,DE_LU,forecast_load,Forecasted Load,2026-08-09T22:55:36Z
2026-08-09T22:53:54Z,2026-08-10T00:53:54+0200,9f364823-fdf2-409d-8835-686a42d079dd,2026-07-14T22:00:00Z,2026-07-15T00:00:00+0200,47144.04489,MW,DE,DE_LU,forecast_load,Forecasted Load,2026-08-09T22:55:36Z
2026-08-09T22:53:54Z,2026-08-10T00:53:54+0200,9f364823-fdf2-409d-8835-686a42d079dd,2026-07-14T22:15:00Z,2026-07-15T00:15:00+0200,46458.025438,MW,DE,DE_LU,forecast_load,Forecasted Load,2026-08-09T22:55:36Z
2026-08-09T22:53:54Z,2026-08-10T00:53:54+0200,9f364823-fdf2-409d-8835-686a42d079dd,2026-07-14T22:30:00Z,2026-07-15T00:30:00+0200,46127.179048,MW,DE,DE_LU,forecast_load,Forecasted Load,2026-08-09T22:55:36Z
2026-08-09T22:53:54Z,2026-08-10T00:53:54+0200,9f364823-fdf2-409d-8835-686a42d079dd,2026-07-14T22:45:00Z,2026-07-15T00:45:00+0200,45653.998149,MW,DE,DE_LU,forecast_load,Forecasted Load,2026-08-09T22:55:36Z
2026-08-09T22:53:54Z,2026-08-10T00:53:54+0200,9f364823-fdf2-409d-8835-686a42d079dd,2026-07-14T23:00:00Z,2026-07-15T01:00:00+0200,45259.338809,MW,DE,DE_LU,forecast_load,Forecasted Load,2026-08-09T22:55:36Z
2026-08-09T22:53:54Z,2026-08-10T00:53:54+0200,9f364823-fdf2-409d-8835-686a42d079dd,2026-07-14T23:15:00Z,2026-07-15T01:15:00+0200,44822.798071,MW,DE,DE_LU,forecast_load,Forecasted Load,2026-08-09T22:55:36Z
2026-08-09T22:53:54Z,2026-08-10T00:53:54+0200,9f364823-fdf2-409d-8835-686a42d079dd,2026-07-14T23:30:00Z,2026-07-15T01:30:00+0200,44509.367577,MW,DE,DE_LU,forecast_load,Forecasted Load,2026-08-09T22:55:36Z
2026-08-09T22:53:54Z,2026-08-10T00:53:54+0200,9f364823-fdf2-409d-8835-686a42d079dd,2026-07-14T23:45:00Z,2026-07-15T01:45:00+0200,44192.171286,MW,DE,DE_LU,forecast_load,Forecasted Load,2026-08-09T22:55:36Z
2026-08-09T22:53:54Z,2026-08-10T00:53:54+0200,9f364823-fdf2-409d-8835-686a42d079dd,2026-07-15T00:00:00Z,2026-07-15T02:00:00+0200,43890.164588,MW,DE,DE_LU,forecast_load,Forecasted Load,2026-08-09T22:55:36Z
2026-08-09T22:53:54Z,2026-08-10T00:53:54+0200,9f364823-fdf2-409d-8835-686a42d079dd,2026-07-15T00:15:00Z,2026-07-15T02:15:00+0200,43656.914669,MW,DE,DE_LU,forecast_load,Forecasted Load,2026-08-09T22:55:36Z
2026-08-09T22:53:54Z,2026-08-10T00:53:54+0200,9f364823-fdf2-409d-8835-686a42d079dd,2026-07-15T00:30:00Z,2026-07-15T02:30:00+0200,43580.781367,MW,DE,DE_LU,forecast_load,Forecasted Load,2026-08-09T22:55:36Z
2026-08-09T22:53:54Z,2026-08-10T00:53:54+0200,9f364823-fdf2-409d-8835-686a42d079dd,2026-07-15T00:45:00Z,2026-07-15T02:45:00+0200,43463.822982,MW,DE,DE_LU,forecast_load,Forecasted Load,2026-08-09T22:55:36Z
2026-08-09T22:53:54Z,2026-08-10T00:53:54+0200,9f364823-fdf2-409d-8835-686a42d079dd,2026-07-15T01:00:00Z,2026-07-15T03:00:00+0200,43492.931705,MW,DE,DE_LU,forecast_load,Forecasted Load,2026-08-09T22:55:36Z
2026-08-09T22:53:54Z,2026-08-10T00:53:54+0200,9f364823-fdf2-409d-8835-686a42d079dd,2026-07-15T01:15:00Z,2026-07-15T03:15:00+0200,43349.924484,MW,DE,DE_LU,forecast_load,Forecasted Load,2026-08-09T22:55:36Z
2026-08-09T22:53:54Z,2026-08-10T00:53:54+0200,9f364823-fdf2-409d-8835-686a42d079dd,2026-07-15T01:30:00Z,2026-07-15T03:30:00+0200,43450.506653,MW,DE,DE_LU,forecast_load,Forecasted Load,2026-08-09T22:55:36Z
2026-08-09T22:53:54Z,2026-08-10T00:53:54+0200,9f364823-fdf2-409d-8835-686a42d079dd,2026-07-15T01:45:00Z,2026-07-15T03:45:00+0200,43634.050993,MW,DE,DE_LU,forecast_load,Forecasted Load,2026-08-09T22:55:36Z
2026-08-09T22:53:54Z,2026-08-10T00:53:54+0200,9f364823-fdf2-409d-8835-686a42d079dd,2026-07-15T02:00:00Z,2026-07-15T04:00:00+0200,43981.528611,MW,DE,DE_LU,forecast_load,Forecasted Load,2026-08-09T22:55:36Z
2026-08-09T22:53:54Z,2026-08-10T00:53:54+0200,9f364823-fdf2-409d-8835-686a42d079dd,2026-07-15T02:15:00Z,2026-07-15T04:15:00+0200,44261.666581,MW,DE,DE_LU,forecast_load,Forecasted Load,2026-08-09T22:55:36Z
2026-08-09T22:53:54Z,2026-08-10T00:53:54+0200,9f364823-fdf2-409d-8835-686a42d079dd,2026-07-15T02:30:00Z,2026-07-15T04:30:00+0200,44609.982218,MW,DE,DE_LU,forecast_load,Forecasted Load,2026-08-09T22:55:36Z
2026-08-09T22:53:54Z,2026-08-10T00:53:54+0200,9f364823-fdf2-409d-8835-686a42d079dd,2026-07-15T02:45:00Z,2026-07-15T04:45:00+0200,45280.389355,MW,DE,DE_LU,forecast_load,Forecasted Load,2026-08-09T22:55:36Z
2026-08-09T22:53:54Z,2026-08-10T00:53:54+0200,9f364823-fdf2-409d-8835-686a42d079dd,2026-07-15T03:00:00Z,2026-07-15T05:00:00+0200,46038.716585,MW,DE,DE_LU,forecast_load,Forecasted Load,2026-08-09T22:55:36Z
2026-08-09T22:53:54Z,2026-08-10T00:53:54+0200,9f364823-fdf2-409d-8835-686a42d079dd,2026-07-15T03:15:00Z,2026-07-15T05:15:00+0200,46717.299909,MW,DE,DE_LU,forecast_load,Forecasted Load,2026-08-09T22:55:36Z
2026-08-09T22:53:54Z,2026-08-10T00:53:54+0200,9f364823-fdf2-409d-8835-686a42d079dd,2026-07-15T03:30:00Z,2026-07-15T05:30:00+0200,47342.385408,MW,DE,DE_LU,forecast_load,Forecasted Load,2026-08-09T22:55:36Z
2026-08-09T22:53:54Z,2026-08-10T00:53:54+0200,9f364823-fdf2-409d-8835-686a42d079dd,2026-07-15T03:45:00Z,2026-07-15T05:45:00+0200,48696.33246,MW,DE,DE_LU,forecast_load,Forecasted Load,2026-08-09T22:55:36Z
2026-08-09T22:53:54Z,2026-08-10T00:53:54+0200,9f364823-fdf2-409d-8835-686a42d079dd,2026-07-15T04:00:00Z,2026-07-15T06:00:00+0200,51269.02462,MW,DE,DE_LU,forecast_load,Forecasted Load,2026-08-09T22:55:36Z
2026-08-09T22:53:54Z,2026-08-10T00:53:54+0200,9f364823-fdf2-409d-8835-686a42d079dd,2026-07-15T04:15:00Z,2026-07-15T06:15:00+0200,52398.058103,MW,DE,DE_LU,forecast_load,Forecasted Load,2026-08-09T22:55:36Z
2026-08-09T22:53:54Z,2026-08-10T00:53:54+0200,9f364823-fdf2-409d-8835-686a42d079dd,2026-07-15T04:30:00Z,2026-07-15T06:30:00+0200,53805.268272,MW,DE,DE_LU,forecast_load,Forecasted Load,2026-08-09T22:55:36Z
2026-08-09T22:53:54Z,2026-08-10T00:53:54+0200,9f364823-fdf2-409d-8835-686a42d079dd,2026-07-15T04:45:00Z,2026-07-15T06:45:00+0200,54962.861366,MW,DE,DE_LU,forecast_load,Forecasted Load,2026-08-09T22:55:36Z
2026-08-09T22:53:54Z,2026-08-10T00:53:54+0200,9f364823-fdf2-409d-8835-686a42d079dd,2026-07-15T05:00:00Z,2026-07-15T07:00:00+0200,56129.094174,MW,DE,DE_LU,forecast_load,Forecasted Load,2026-08-09T22:55:36Z
2026-08-09T22:53:54Z,2026-08-10T00:53:54+0200,9f364823-fdf2-409d-8835-686a42d079dd,2026-07-15T05:15:00Z,2026-07-15T07:15:00+0200,57417.651496,MW,DE,DE_LU,forecast_load,Forecasted Load,2026-08-09T22:55:36Z
2026-08-09T22:53:54Z,2026-08-10T00:53:54+0200,9f364823-fdf2-409d-8835-686a42d079dd,2026-07-15T05:30:00Z,2026-07-15T07:30:00+0200,58514.750987,MW,DE,DE_LU,forecast_load,Forecasted Load,2026-08-09T22:55:36Z
2026-08-09T22:53:54Z,2026-08-10T00:53:54+0200,9f364823-fdf2-409d-8835-686a42d079dd,2026-07-15T05:45:00Z,2026-07-15T07:45:00+0200,59539.247708,MW,DE,DE_LU,forecast_load,Forecasted Load,2026-08-09T22:55:36Z
2026-08-09T22:53:54Z,2026-08-10T00:53:54+0200,9f364823-fdf2-409d-8835-686a42d079dd,2026-07-15T06:00:00Z,2026-07-15T08:00:00+0200,60086.956095,MW,DE,DE_LU,forecast_load,Forecasted Load,2026-08-09T22:55:36Z
2026-08-09T22:53:54Z,2026-08-10T00:53:54+0200,9f364823-fdf2-409d-8835-686a42d079dd,2026-07-15T06:15:00Z,2026-07-15T08:15:00+0200,60636.202402,MW,DE,DE_LU,forecast_load,Forecasted Load,2026-08-09T22:55:36Z
2026-08-09T22:53:54Z,2026-08-10T00:53:54+0200,9f364823-fdf2-409d-8835-686a42d079dd,2026-07-15T06:30:00Z,2026-07-15T08:30:00+0200,61074.925841,MW,DE,DE_LU,forecast_load,Forecasted Load,2026-08-09T22:55:36Z
2026-08-09T22:53:54Z,2026-08-10T00:53:54+0200,9f364823-fdf2-409d-8835-686a42d079dd,2026-07-15T06:45:00Z,2026-07-15T08:45:00+0200,61311.662551,MW,DE,DE_LU,forecast_load,Forecasted Load,2026-08-09T22:55:36Z
2026-08-09T22:53:54Z,2026-08-10T00:53:54+0200,9f364823-fdf2-409d-8835-686a42d079dd,2026-07-15T07:00:00Z,2026-07-15T09:00:00+0200,61329.001285,MW,DE,DE_LU,forecast_load,Forecasted Load,2026-08-09T22:55:36Z
2026-08-09T22:53:54Z,2026-08-10T00:53:54+0200,9f364823-fdf2-409d-8835-686a42d079dd,2026-07-15T07:15:00Z,2026-07-15T09:15:00+0200,61388.699887,MW,DE,DE_LU,forecast_load,Forecasted Load,2026-08-09T22:55:36Z
2026-08-09T22:53:54Z,2026-08-10T00:53:54+0200,9f364823-fdf2-409d-8835-686a42d079dd,2026-07-15T07:30:00Z,2026-07-15T09:30:00+0200,61742.199742,MW,DE,DE_LU,forecast_load,Forecasted Load,2026-08-09T22:55:36Z
2026-08-09T22:53:54Z,2026-08-10T00:53:54+0200,9f364823-fdf2-409d-8835-686a42d079dd,2026-07-15T07:45:00Z,2026-07-15T09:45:00+0200,61730.049413,MW,DE,DE_LU,forecast_load,Forecasted Load,2026-08-09T22:55:36Z
2026-08-09T22:53:54Z,2026-08-10T00:53:54+0200,9f364823-fdf2-409d-8835-686a42d079dd,2026-07-15T08:00:00Z,2026-07-15T10:00:00+0200,61583.646836,MW,DE,DE_LU,forecast_load,Forecasted Load,2026-08-09T22:55:36Z
2026-08-09T22:53:54Z,2026-08-10T00:53:54+0200,9f364823-fdf2-409d-8835-686a42d079dd,2026-07-15T08:15:00Z,2026-07-15T10:15:00+0200,61692.916478,MW,DE,DE_LU,forecast_load,Forecasted Load,2026-08-09T22:55:36Z
2026-08-09T22:53:54Z,2026-08-10T00:53:54+0200,9f364823-fdf2-409d-8835-686a42d079dd,2026-07-15T08:30:00Z,2026-07-15T10:30:00+0200,61431.695776,MW,DE,DE_LU,forecast_load,Forecasted Load,2026-08-09T22:55:36Z
2026-08-09T22:53:54Z,2026-08-10T00:53:54+0200,9f364823-fdf2-409d-8835-686a42d079dd,2026-07-15T08:45:00Z,2026-07-15T10:45:00+0200,61693.868411,MW,DE,DE_LU,forecast_load,Forecasted Load,2026-08-09T22:55:36Z
2026-08-09T22:53:54Z,2026-08-10T00:53:54+0200,9f364823-fdf2-409d-8835-686a42d079dd,2026-07-15T09:00:00Z,2026-07-15T11:00:00+0200,61580.238224,MW,DE,DE_LU,forecast_load,Forecasted Load,2026-08-09T22:55:36Z
2026-08-09T22:53:54Z,2026-08-10T00:53:54+0200,9f364823-fdf2-409d-8835-686a42d079dd,2026-07-15T09:15:00Z,2026-07-15T11:15:00+0200,61651.90043,MW,DE,DE_LU,forecast_load,Forecasted Load,2026-08-09T22:55:36Z
2026-08-09T22:53:54Z,2026-08-10T00:53:54+0200,9f364823-fdf2-409d-8835-686a42d079dd,2026-07-15T09:30:00Z,2026-07-15T11:30:00+0200,61373.219182,MW,DE,DE_LU,forecast_load,Forecasted Load,2026-08-09T22:55:36Z
2026-08-09T22:53:54Z,2026-08-10T00:53:54+0200,9f364823-fdf2-409d-8835-686a42d079dd,2026-07-15T09:45:00Z,2026-07-15T11:45:00+0200,61370.228479,MW,DE,DE_LU,forecast_load,Forecasted Load,2026-08-09T22:55:36Z
2026-08-09T22:53:54Z,2026-08-10T00:53:54+0200,9f364823-fdf2-409d-8835-686a42d079dd,2026-07-15T10:00:00Z,2026-07-15T12:00:00+0200,60823.794874,MW,DE,DE_LU,forecast_load,Forecasted Load,2026-08-09T22:55:36Z
2026-08-09T22:53:54Z,2026-08-10T00:53:54+0200,9f364823-fdf2-409d-8835-686a42d079dd,2026-07-15T10:15:00Z,2026-07-15T12:15:00+0200,60394.051315,MW,DE,DE_LU,forecast_load,Forecasted Load,2026-08-09T22:55:36Z
2026-08-09T22:53:54Z,2026-08-10T00:53:54+0200,9f364823-fdf2-409d-8835-686a42d079dd,2026-07-15T10:30:00Z,2026-07-15T12:30:00+0200,60174.886299,MW,DE,DE_LU,forecast_load,Forecasted Load,2026-08-09T22:55:36Z
2026-08-09T22:53:54Z,2026-08-10T00:53:54+0200,9f364823-fdf2-409d-8835-686a42d079dd,2026-07-15T10:45:00Z,2026-07-15T12:45:00+0200,60573.667777,MW,DE,DE_LU,forecast_load,Forecasted Load,2026-08-09T22:55:36Z
2026-08-09T22:53:54Z,2026-08-10T00:53:54+0200,9f364823-fdf2-409d-8835-686a42d079dd,2026-07-15T11:00:00Z,2026-07-15T13:00:00+0200,59584.769923,MW,DE,DE_LU,forecast_load,Forecasted Load,2026-08-09T22:55:36Z
2026-08-09T22:53:54Z,2026-08-10T00:53:54+0200,9f364823-fdf2-409d-8835-686a42d079dd,2026-07-15T11:15:00Z,2026-07-15T13:15:00+0200,58807.733216,MW,DE,DE_LU,forecast_load,Forecasted Load,2026-08-09T22:55:36Z
2026-08-09T22:53:54Z,2026-08-10T00:53:54+0200,9f364823-fdf2-409d-8835-686a42d079dd,2026-07-15T11:30:00Z,2026-07-15T13:30:00+0200,58851.243266,MW,DE,DE_LU,forecast_load,Forecasted Load,2026-08-09T22:55:36Z
2026-08-09T22:53:54Z,2026-08-10T00:53:54+0200,9f364823-fdf2-409d-8835-686a42d079dd,2026-07-15T11:45:00Z,2026-07-15T13:45:00+0200,58177.116481,MW,DE,DE_LU,forecast_load,Forecasted Load,2026-08-09T22:55:36Z
2026-08-09T22:53:54Z,2026-08-10T00:53:54+0200,9f364823-fdf2-409d-8835-686a42d079dd,2026-07-15T12:00:00Z,2026-07-15T14:00:00+0200,58539.634362,MW,DE,DE_LU,forecast_load,Forecasted Load,2026-08-09T22:55:36Z
2026-08-09T22:53:54Z,2026-08-10T00:53:54+0200,9f364823-fdf2-409d-8835-686a42d079dd,2026-07-15T12:15:00Z,2026-07-15T14:15:00+0200,57983.119475,MW,DE,DE_LU,forecast_load,Forecasted Load,2026-08-09T22:55:36Z
2026-08-09T22:53:54Z,2026-08-10T00:53:54+0200,9f364823-fdf2-409d-8835-686a42d079dd,2026-07-15T12:30:00Z,2026-07-15T14:30:00+0200,58004.748434,MW,DE,DE_LU,forecast_load,Forecasted Load,2026-08-09T22:55:36Z
2026-08-09T22:53:54Z,2026-08-10T00:53:54+0200,9f364823-fdf2-409d-8835-686a42d079dd,2026-07-15T12:45:00Z,2026-07-15T14:45:00+0200,57754.058946,MW,DE,DE_LU,forecast_load,Forecasted Load,2026-08-09T22:55:36Z
2026-08-09T22:53:54Z,2026-08-10T00:53:54+0200,9f364823-fdf2-409d-8835-686a42d079dd,2026-07-15T13:00:00Z,2026-07-15T15:00:00+0200,57892.501603,MW,DE,DE_LU,forecast_load,Forecasted Load,2026-08-09T22:55:36Z
2026-08-09T22:53:54Z,2026-08-10T00:53:54+0200,9f364823-fdf2-409d-8835-686a42d079dd,2026-07-15T13:15:00Z,2026-07-15T15:15:00+0200,56933.295703,MW,DE,DE_LU,forecast_load,Forecasted Load,2026-08-09T22:55:36Z
2026-08-09T22:53:54Z,2026-08-10T00:53:54+0200,9f364823-fdf2-409d-8835-686a42d079dd,2026-07-15T13:30:00Z,2026-07-15T15:30:00+0200,57245.546812,MW,DE,DE_LU,forecast_load,Forecasted Load,2026-08-09T22:55:36Z
2026-08-09T22:53:54Z,2026-08-10T00:53:54+0200,9f364823-fdf2-409d-8835-686a42d079dd,2026-07-15T13:45:00Z,2026-07-15T15:45:00+0200,57190.832143,MW,DE,DE_LU,forecast_load,Forecasted Load,2026-08-09T22:55:36Z
2026-08-09T22:53:54Z,2026-08-10T00:53:54+0200,9f364823-fdf2-409d-8835-686a42d079dd,2026-07-15T14:00:00Z,2026-07-15T16:00:00+0200,57514.540378,MW,DE,DE_LU,forecast_load,Forecasted Load,2026-08-09T22:55:36Z
2026-08-09T22:53:54Z,2026-08-10T00:53:54+0200,9f364823-fdf2-409d-8835-686a42d079dd,2026-07-15T14:15:00Z,2026-07-15T16:15:00+0200,56862.357934,MW,DE,DE_LU,forecast_load,Forecasted Load,2026-08-09T22:55:36Z
2026-08-09T22:53:54Z,2026-08-10T00:53:54+0200,9f364823-fdf2-409d-8835-686a42d079dd,2026-07-15T14:30:00Z,2026-07-15T16:30:00+0200,57103.060341,MW,DE,DE_LU,forecast_load,Forecasted Load,2026-08-09T22:55:36Z
2026-08-09T22:53:54Z,2026-08-10T00:53:54+0200,9f364823-fdf2-409d-8835-686a42d079dd,2026-07-15T14:45:00Z,2026-07-15T16:45:00+0200,57045.918423,MW,DE,DE_LU,forecast_load,Forecasted Load,2026-08-09T22:55:36Z
2026-08-09T22:53:54Z,2026-08-10T00:53:54+0200,9f364823-fdf2-409d-8835-686a42d079dd,2026-07-15T15:00:00Z,2026-07-15T17:00:00+0200,56999.741931,MW,DE,DE_LU,forecast_load,Forecasted Load,2026-08-09T22:55:36Z
2026-08-09T22:53:54Z,2026-08-10T00:53:54+0200,9f364823-fdf2-409d-8835-686a42d079dd,2026-07-15T15:15:00Z,2026-07-15T17:15:00+0200,57024.767302,MW,DE,DE_LU,forecast_load,Forecasted Load,2026-08-09T22:55:36Z
2026-08-09T22:53:54Z,2026-08-10T00:53:54+0200,9f364823-fdf2-409d-8835-686a42d079dd,2026-07-15T15:30:00Z,2026-07-15T17:30:00+0200,56854.445925,MW,DE,DE_LU,forecast_load,Forecasted Load,2026-08-09T22:55:36Z
2026-08-09T22:53:54Z,2026-08-10T00:53:54+0200,9f364823-fdf2-409d-8835-686a42d079dd,2026-07-15T15:45:00Z,2026-07-15T17:45:00+0200,57133.993103,MW,DE,DE_LU,forecast_load,Forecasted Load,2026-08-09T22:55:36Z
2026-08-09T22:53:54Z,2026-08-10T00:53:54+0200,9f364823-fdf2-409d-8835-686a42d079dd,2026-07-15T16:00:00Z,2026-07-15T18:00:00+0200,57533.987287,MW,DE,DE_LU,forecast_load,Forecasted Load,2026-08-09T22:55:36Z
2026-08-09T22:53:54Z,2026-08-10T00:53:54+0200,9f364823-fdf2-409d-8835-686a42d079dd,2026-07-15T16:15:00Z,2026-07-15T18:15:00+0200,57839.601225,MW,DE,DE_LU,forecast_load,Forecasted Load,2026-08-09T22:55:36Z
2026-08-09T22:53:54Z,2026-08-10T00:53:54+0200,9f364823-fdf2-409d-8835-686a42d079dd,2026-07-15T16:30:00Z,2026-07-15T18:30:00+0200,58042.750926,MW,DE,DE_LU,forecast_load,Forecasted Load,2026-08-09T22:55:36Z
2026-08-09T22:53:54Z,2026-08-10T00:53:54+0200,9f364823-fdf2-409d-8835-686a42d079dd,2026-07-15T16:45:00Z,2026-07-15T18:45:00+0200,58249.662486,MW,DE,DE_LU,forecast_load,Forecasted Load,2026-08-09T22:55:36Z
2026-08-09T22:53:54Z,2026-08-10T00:53:54+0200,9f364823-fdf2-409d-8835-686a42d079dd,2026-07-15T17:00:00Z,2026-07-15T19:00:00+0200,58639.778138,MW,DE,DE_LU,forecast_load,Forecasted Load,2026-08-09T22:55:36Z
2026-08-09T22:53:54Z,2026-08-10T00:53:54+0200,9f364823-fdf2-409d-8835-686a42d079dd,2026-07-15T17:15:00Z,2026-07-15T19:15:00+0200,58790.161931,MW,DE,DE_LU,forecast_load,Forecasted Load,2026-08-09T22:55:36Z
2026-08-09T22:53:54Z,2026-08-10T00:53:54+0200,9f364823-fdf2-409d-8835-686a42d079dd,2026-07-15T17:30:00Z,2026-07-15T19:30:00+0200,58845.64977,MW,DE,DE_LU,forecast_load,Forecasted Load,2026-08-09T22:55:36Z
2026-08-09T22:53:54Z,2026-08-10T00:53:54+0200,9f364823-fdf2-409d-8835-686a42d079dd,2026-07-15T17:45:00Z,2026-07-15T19:45:00+0200,58640.654144,MW,DE,DE_LU,forecast_load,Forecasted Load,2026-08-09T22:55:36Z
2026-08-09T22:53:54Z,2026-08-10T00:53:54+0200,9f364823-fdf2-409d-8835-686a42d079dd,2026-07-15T18:00:00Z,2026-07-15T20:00:00+0200,58450.03844,MW,DE,DE_LU,forecast_load,Forecasted Load,2026-08-09T22:55:36Z
2026-08-09T22:53:54Z,2026-08-10T00:53:54+0200,9f364823-fdf2-409d-8835-686a42d079dd,2026-07-15T18:15:00Z,2026-07-15T20:15:00+0200,57992.79736,MW,DE,DE_LU,forecast_load,Forecasted Load,2026-08-09T22:55:36Z
2026-08-09T22:53:54Z,2026-08-10T00:53:54+0200,9f364823-fdf2-409d-8835-686a42d079dd,2026-07-15T18:30:00Z,2026-07-15T20:30:00+0200,57470.052657,MW,DE,DE_LU,forecast_load,Forecasted Load,2026-08-09T22:55:36Z
2026-08-09T22:53:54Z,2026-08-10T00:53:54+0200,9f364823-fdf2-409d-8835-686a42d079dd,2026-07-15T18:45:00Z,2026-07-15T20:45:00+0200,56985.588746,MW,DE,DE_LU,forecast_load,Forecasted Load,2026-08-09T22:55:36Z
2026-08-09T22:53:54Z,2026-08-10T00:53:54+0200,9f364823-fdf2-409d-8835-686a42d079dd,2026-07-15T19:00:00Z,2026-07-15T21:00:00+0200,56191.156946,MW,DE,DE_LU,forecast_load,Forecasted Load,2026-08-09T22:55:36Z
2026-08-09T22:53:54Z,2026-08-10T00:53:54+0200,9f364823-fdf2-409d-8835-686a42d079dd,2026-07-15T19:15:00Z,2026-07-15T21:15:00+0200,55747.546499,MW,DE,DE_LU,forecast_load,Forecasted Load,2026-08-09T22:55:36Z
2026-08-09T22:53:54Z,2026-08-10T00:53:54+0200,9f364823-fdf2-409d-8835-686a42d079dd,2026-07-15T19:30:00Z,2026-07-15T21:30:00+0200,55061.327506,MW,DE,DE_LU,forecast_load,Forecasted Load,2026-08-09T22:55:36Z
2026-08-09T22:53:54Z,2026-08-10T00:53:54+0200,9f364823-fdf2-409d-8835-686a42d079dd,2026-07-15T19:45:00Z,2026-07-15T21:45:00+0200,54552.133039,MW,DE,DE_LU,forecast_load,Forecasted Load,2026-08-09T22:55:36Z
2026-08-09T22:53:54Z,2026-08-10T00:53:54+0200,9f364823-fdf2-409d-8835-686a42d079dd,2026-07-15T20:00:00Z,2026-07-15T22:00:00+0200,53702.319501,MW,DE,DE_LU,forecast_load,Forecasted Load,2026-08-09T22:55:36Z
2026-08-09T22:53:54Z,2026-08-10T00:53:54+0200,9f364823-fdf2-409d-8835-686a42d079dd,2026-07-15T20:15:00Z,2026-07-15T22:15:00+0200,52796.000402,MW,DE,DE_LU,forecast_load,Forecasted Load,2026-08-09T22:55:36Z
2026-08-09T22:53:54Z,2026-08-10T00:53:54+0200,9f364823-fdf2-409d-8835-686a42d079dd,2026-07-15T20:30:00Z,2026-07-15T22:30:00+0200,51846.753243,MW,DE,DE_LU,forecast_load,Forecasted Load,2026-08-09T22:55:36Z
2026-08-09T22:53:54Z,2026-08-10T00:53:54+0200,9f364823-fdf2-409d-8835-686a42d079dd,2026-07-15T20:45:00Z,2026-07-15T22:45:00+0200,51031.991554,MW,DE,DE_LU,forecast_load,Forecasted Load,2026-08-09T22:55:36Z
2026-08-09T22:53:54Z,2026-08-10T00:53:54+0200,9f364823-fdf2-409d-8835-686a42d079dd,2026-07-15T21:00:00Z,2026-07-15T23:00:00+0200,49987.528054,MW,DE,DE_LU,forecast_load,Forecasted Load,2026-08-09T22:55:36Z
2026-08-09T22:53:54Z,2026-08-10T00:53:54+0200,9f364823-fdf2-409d-8835-686a42d079dd,2026-07-15T21:15:00Z,2026-07-15T23:15:00+0200,49103.078838,MW,DE,DE_LU,forecast_load,Forecasted Load,2026-08-09T22:55:36Z
2026-08-09T22:53:54Z,2026-08-10T00:53:54+0200,9f364823-fdf2-409d-8835-686a42d079dd,2026-07-15T21:30:00Z,2026-07-15T23:30:00+0200,48385.936156,MW,DE,DE_LU,forecast_load,Forecasted Load,2026-08-09T22:55:36Z
2026-08-09T22:53:54Z,2026-08-10T00:53:54+0200,9f364823-fdf2-409d-8835-686a42d079dd,2026-07-15T21:45:00Z,2026-07-15T23:45:00+0200,47795.231077,MW,DE,DE_LU,forecast_load,Forecasted Load,2026-08-09T22:55:36Z
2026-08-09T22:53:54Z,2026-08-10T00:53:54+0200,9f364823-fdf2-409d-8835-686a42d079dd,2026-07-15T22:00:00Z,2026-07-16T00:00:00+0200,47289.320414,MW,DE,DE_LU,forecast_load,Forecasted Load,2026-08-09T22:55:36Z
2026-08-09T22:53:54Z,2026-08-10T00:53:54+0200,9f364823-fdf2-409d-8835-686a42d079dd,2026-07-15T22:15:00Z,2026-07-16T00:15:00+0200,46462.207582,MW,DE,DE_LU,forecast_load,Forecasted Load,2026-08-09T22:55:36Z
2026-08-09T22:53:54Z,2026-08-10T00:53:54+0200,9f364823-fdf2-409d-8835-686a42d079dd,2026-07-15T22:30:00Z,2026-07-16T00:30:00+0200,45992.615579,MW,DE,DE_LU,forecast_load,Forecasted Load,2026-08-09T22:55:36Z
2026-08-09T22:53:54Z,2026-08-10T00:53:54+0200,9f364823-fdf2-409d-8835-686a42d079dd,2026-07-15T22:45:00Z,2026-07-16T00:45:00+0200,45402.593969,MW,DE,DE_LU,forecast_load,Forecasted Load,2026-08-09T22:55:36Z
2026-08-09T22:53:54Z,2026-08-10T00:53:54+0200,9f364823-fdf2-409d-8835-686a42d079dd,2026-07-15T23:00:00Z,2026-07-16T01:00:00+0200,44856.595717,MW,DE,DE_LU,forecast_load,Forecasted Load,2026-08-09T22:55:36Z
2026-08-09T22:53:54Z,2026-08-10T00:53:54+0200,9f364823-fdf2-409d-8835-686a42d079dd,2026-07-15T23:15:00Z,2026-07-16T01:15:00+0200,44416.144556,MW,DE,DE_LU,forecast_load,Forecasted Load,2026-08-09T22:55:36Z
2026-08-09T22:53:54Z,2026-08-10T00:53:54+0200,9f364823-fdf2-409d-8835-686a42d079dd,2026-07-15T23:30:00Z,2026-07-16T01:30:00+0200,44051.61062,MW,DE,DE_LU,forecast_load,Forecasted Load,2026-08-09T22:55:36Z
2026-08-09T22:53:54Z,2026-08-10T00:53:54+0200,9f364823-fdf2-409d-8835-686a42d079dd,2026-07-15T23:45:00Z,2026-07-16T01:45:00+0200,43807.972318,MW,DE,DE_LU,forecast_load,Forecasted Load,2026-08-09T22:55:36Z
2026-08-09T22:53:54Z,2026-08-10T00:53:54+0200,9f364823-fdf2-409d-8835-686a42d079dd,2026-07-16T00:00:00Z,2026-07-16T02:00:00+0200,43688.408114,MW,DE,DE_LU,forecast_load,Forecasted Load,2026-08-09T22:55:36Z
2026-08-09T22:53:54Z,2026-08-10T00:53:54+0200,9f364823-fdf2-409d-8835-686a42d079dd,2026-07-16T00:15:00Z,2026-07-16T02:15:00+0200,43508.495999,MW,DE,DE_LU,forecast_load,Forecasted Load,2026-08-09T22:55:36Z
2026-08-09T22:53:54Z,2026-08-10T00:53:54+0200,9f364823-fdf2-409d-8835-686a42d079dd,2026-07-16T00:30:00Z,2026-07-16T02:30:00+0200,43395.137526,MW,DE,DE_LU,forecast_load,Forecasted Load,2026-08-09T22:55:36Z
2026-08-09T22:53:54Z,2026-08-10T00:53:54+0200,9f364823-fdf2-409d-8835-686a42d079dd,2026-07-16T00:45:00Z,2026-07-16T02:45:00+0200,43341.88617,MW,DE,DE_LU,forecast_load,Forecasted Load,2026-08-09T22:55:36Z
2026-08-09T22:53:54Z,2026-08-10T00:53:54+0200,9f364823-fdf2-409d-8835-686a42d079dd,2026-07-16T01:00:00Z,2026-07-16T03:00:00+0200,43328.099007,MW,DE,DE_LU,forecast_load,Forecasted Load,2026-08-09T22:55:36Z
2026-08-09T22:53:54Z,2026-08-10T00:53:54+0200,9f364823-fdf2-409d-8835-686a42d079dd,2026-07-16T01:15:00Z,2026-07-16T03:15:00+0200,43285.269039,MW,DE,DE_LU,forecast_load,Forecasted Load,2026-08-09T22:55:36Z
2026-08-09T22:53:54Z,2026-08-10T00:53:54+0200,9f364823-fdf2-409d-8835-686a42d079dd,2026-07-16T01:30:00Z,2026-07-16T03:30:00+0200,43329.89103,MW,DE,DE_LU,forecast_load,Forecasted Load,2026-08-09T22:55:36Z
2026-08-09T22:53:54Z,2026-08-10T00:53:54+0200,9f364823-fdf2-409d-8835-686a42d079dd,2026-07-16T01:45:00Z,2026-07-16T03:45:00+0200,43476.310297,MW,DE,DE_LU,forecast_load,Forecasted Load,2026-08-09T22:55:36Z
2026-08-09T22:53:54Z,2026-08-10T00:53:54+0200,9f364823-fdf2-409d-8835-686a42d079dd,2026-07-16T02:00:00Z,2026-07-16T04:00:00+0200,43685.727947,MW,DE,DE_LU,forecast_load,Forecasted Load,2026-08-09T22:55:36Z
2026-08-09T22:53:54Z,2026-08-10T00:53:54+0200,9f364823-fdf2-409d-8835-686a42d079dd,2026-07-16T02:15:00Z,2026-07-16T04:15:00+0200,43768.851009,MW,DE,DE_LU,forecast_load,Forecasted Load,2026-08-09T22:55:36Z
2026-08-09T22:53:54Z,2026-08-10T00:53:54+0200,9f364823-fdf2-409d-8835-686a42d079dd,2026-07-16T02:30:00Z,2026-07-16T04:30:00+0200,44221.093076,MW,DE,DE_LU,forecast_load,Forecasted Load,2026-08-09T22:55:36Z
2026-08-09T22:53:54Z,2026-08-10T00:53:54+0200,9f364823-fdf2-409d-8835-686a42d079dd,2026-07-16T02:45:00Z,2026-07-16T04:45:00+0200,44381.053521,MW,DE,DE_LU,forecast_load,Forecasted Load,2026-08-09T22:55:36Z
2026-08-09T22:53:54Z,2026-08-10T00:53:54+0200,9f364823-fdf2-409d-8835-686a42d079dd,2026-07-16T03:00:00Z,2026-07-16T05:00:00+0200,45466.37523,MW,DE,DE_LU,forecast_load,Forecasted Load,2026-08-09T22:55:36Z
2026-08-09T22:53:54Z,2026-08-10T00:53:54+0200,9f364823-fdf2-409d-8835-686a42d079dd,2026-07-16T03:15:00Z,2026-07-16T05:15:00+0200,46366.292848,MW,DE,DE_LU,forecast_load,Forecasted Load,2026-08-09T22:55:36Z
2026-08-09T22:53:54Z,2026-08-10T00:53:54+0200,9f364823-fdf2-409d-8835-686a42d079dd,2026-07-16T03:30:00Z,2026-07-16T05:30:00+0200,47338.29692,MW,DE,DE_LU,forecast_load,Forecasted Load,2026-08-09T22:55:36Z
2026-08-09T22:53:54Z,2026-08-10T00:53:54+0200,9f364823-fdf2-409d-8835-686a42d079dd,2026-07-16T03:45:00Z,2026-07-16T05:45:00+0200,48652.666753,MW,DE,DE_LU,forecast_load,Forecasted Load,2026-08-09T22:55:36Z
2026-08-09T22:53:54Z,2026-08-10T00:53:54+0200,9f364823-fdf2-409d-8835-686a42d079dd,2026-07-16T04:00:00Z,2026-07-16T06:00:00+0200,50424.0768,MW,DE,DE_LU,forecast_load,Forecasted Load,2026-08-09T22:55:36Z
2026-08-09T22:53:54Z,2026-08-10T00:53:54+0200,9f364823-fdf2-409d-8835-686a42d079dd,2026-07-16T04:15:00Z,2026-07-16T06:15:00+0200,52109.706195,MW,DE,DE_LU,forecast_load,Forecasted Load,2026-08-09T22:55:36Z
2026-08-09T22:53:54Z,2026-08-10T00:53:54+0200,9f364823-fdf2-409d-8835-686a42d079dd,2026-07-16T04:30:00Z,2026-07-16T06:30:00+0200,53381.257534,MW,DE,DE_LU,forecast_load,Forecasted Load,2026-08-09T22:55:36Z
2026-08-09T22:53:54Z,2026-08-10T00:53:54+0200,9f364823-fdf2-409d-8835-686a42d079dd,2026-07-16T04:45:00Z,2026-07-16T06:45:00+0200,54885.803774,MW,DE,DE_LU,forecast_load,Forecasted Load,2026-08-09T22:55:36Z
2026-08-09T22:53:54Z,2026-08-10T00:53:54+0200,9f364823-fdf2-409d-8835-686a42d079dd,2026-07-16T05:00:00Z,2026-07-16T07:00:00+0200,56095.20002,MW,DE,DE_LU,forecast_load,Forecasted Load,2026-08-09T22:55:36Z
2026-08-09T22:53:54Z,2026-08-10T00:53:54+0200,9f364823-fdf2-409d-8835-686a42d079dd,2026-07-16T05:15:00Z,2026-07-16T07:15:00+0200,57178.276918,MW,DE,DE_LU,forecast_load,Forecasted Load,2026-08-09T22:55:36Z
2026-08-09T22:53:54Z,2026-08-10T00:53:54+0200,9f364823-fdf2-409d-8835-686a42d079dd,2026-07-16T05:30:00Z,2026-07-16T07:30:00+0200,58241.139702,MW,DE,DE_LU,forecast_load,Forecasted Load,2026-08-09T22:55:36Z
2026-08-09T22:53:54Z,2026-08-10T00:53:54+0200,9f364823-fdf2-409d-8835-686a42d079dd,2026-07-16T05:45:00Z,2026-07-16T07:45:00+0200,58934.88289,MW,DE,DE_LU,forecast_load,Forecasted Load,2026-08-09T22:55:36Z
2026-08-09T22:53:54Z,2026-08-10T00:53:54+0200,9f364823-fdf2-409d-8835-686a42d079dd,2026-07-16T06:00:00Z,2026-07-16T08:00:00+0200,59489.373932,MW,DE,DE_LU,forecast_load,Forecasted Load,2026-08-09T22:55:36Z
2026-08-09T22:53:54Z,2026-08-10T00:53:54+0200,9f364823-fdf2-409d-8835-686a42d079dd,2026-07-16T06:15:00Z,2026-07-16T08:15:00+0200,60014.976225,MW,DE,DE_LU,forecast_load,Forecasted Load,2026-08-09T22:55:36Z
2026-08-09T22:53:54Z,2026-08-10T00:53:54+0200,9f364823-fdf2-409d-8835-686a42d079dd,2026-07-16T06:30:00Z,2026-07-16T08:30:00+0200,60496.353748,MW,DE,DE_LU,forecast_load,Forecasted Load,2026-08-09T22:55:36Z
2026-08-09T22:53:54Z,2026-08-10T00:53:54+0200,9f364823-fdf2-409d-8835-686a42d079dd,2026-07-16T06:45:00Z,2026-07-16T08:45:00+0200,60744.204595,MW,DE,DE_LU,forecast_load,Forecasted Load,2026-08-09T22:55:36Z
2026-08-09T22:53:54Z,2026-08-10T00:53:54+0200,9f364823-fdf2-409d-8835-686a42d079dd,2026-07-16T07:00:00Z,2026-07-16T09:00:00+0200,60548.269186,MW,DE,DE_LU,forecast_load,Forecasted Load,2026-08-09T22:55:36Z
2026-08-09T22:53:54Z,2026-08-10T00:53:54+0200,9f364823-fdf2-409d-8835-686a42d079dd,2026-07-16T07:15:00Z,2026-07-16T09:15:00+0200,60462.683207,MW,DE,DE_LU,forecast_load,Forecasted Load,2026-08-09T22:55:36Z
2026-08-09T22:53:54Z,2026-08-10T00:53:54+0200,9f364823-fdf2-409d-8835-686a42d079dd,2026-07-16T07:30:00Z,2026-07-16T09:30:00+0200,60561.654532,MW,DE,DE_LU,forecast_load,Forecasted Load,2026-08-09T22:55:36Z
2026-08-09T22:53:54Z,2026-08-10T00:53:54+0200,9f364823-fdf2-409d-8835-686a42d079dd,2026-07-16T07:45:00Z,2026-07-16T09:45:00+0200,60814.217169,MW,DE,DE_LU,forecast_load,Forecasted Load,2026-08-09T22:55:36Z
2026-08-09T22:53:54Z,2026-08-10T00:53:54+0200,9f364823-fdf2-409d-8835-686a42d079dd,2026-07-16T08:00:00Z,2026-07-16T10:00:00+0200,60616.700559,MW,DE,DE_LU,forecast_load,Forecasted Load,2026-08-09T22:55:36Z
2026-08-09T22:53:54Z,2026-08-10T00:53:54+0200,9f364823-fdf2-409d-8835-686a42d079dd,2026-07-16T08:15:00Z,2026-07-16T10:15:00+0200,60493.49836,MW,DE,DE_LU,forecast_load,Forecasted Load,2026-08-09T22:55:36Z
2026-08-09T22:53:54Z,2026-08-10T00:53:54+0200,9f364823-fdf2-409d-8835-686a42d079dd,2026-07-16T08:30:00Z,2026-07-16T10:30:00+0200,60424.711808,MW,DE,DE_LU,forecast_load,Forecasted Load,2026-08-09T22:55:36Z
2026-08-09T22:53:54Z,2026-08-10T00:53:54+0200,9f364823-fdf2-409d-8835-686a42d079dd,2026-07-16T08:45:00Z,2026-07-16T10:45:00+0200,60059.951988,MW,DE,DE_LU,forecast_load,Forecasted Load,2026-08-09T22:55:36Z
2026-08-09T22:53:54Z,2026-08-10T00:53:54+0200,9f364823-fdf2-409d-8835-686a42d079dd,2026-07-16T09:00:00Z,2026-07-16T11:00:00+0200,60313.150472,MW,DE,DE_LU,forecast_load,Forecasted Load,2026-08-09T22:55:36Z
2026-08-09T22:53:54Z,2026-08-10T00:53:54+0200,9f364823-fdf2-409d-8835-686a42d079dd,2026-07-16T09:15:00Z,2026-07-16T11:15:00+0200,60470.600371,MW,DE,DE_LU,forecast_load,Forecasted Load,2026-08-09T22:55:36Z
2026-08-09T22:53:54Z,2026-08-10T00:53:54+0200,9f364823-fdf2-409d-8835-686a42d079dd,2026-07-16T09:30:00Z,2026-07-16T11:30:00+0200,60274.727801,MW,DE,DE_LU,forecast_load,Forecasted Load,2026-08-09T22:55:36Z
2026-08-09T22:53:54Z,2026-08-10T00:53:54+0200,9f364823-fdf2-409d-8835-686a42d079dd,2026-07-16T09:45:00Z,2026-07-16T11:45:00+0200,60051.562985,MW,DE,DE_LU,forecast_load,Forecasted Load,2026-08-09T22:55:36Z
2026-08-09T22:53:54Z,2026-08-10T00:53:54+0200,9f364823-fdf2-409d-8835-686a42d079dd,2026-07-16T10:00:00Z,2026-07-16T12:00:00+0200,59600.256729,MW,DE,DE_LU,forecast_load,Forecasted Load,2026-08-09T22:55:36Z
2026-08-09T22:53:54Z,2026-08-10T00:53:54+0200,9f364823-fdf2-409d-8835-686a42d079dd,2026-07-16T10:15:00Z,2026-07-16T12:15:00+0200,59248.097547,MW,DE,DE_LU,forecast_load,Forecasted Load,2026-08-09T22:55:36Z
2026-08-09T22:53:54Z,2026-08-10T00:53:54+0200,9f364823-fdf2-409d-8835-686a42d079dd,2026-07-16T10:30:00Z,2026-07-16T12:30:00+0200,58913.682532,MW,DE,DE_LU,forecast_load,Forecasted Load,2026-08-09T22:55:36Z
2026-08-09T22:53:54Z,2026-08-10T00:53:54+0200,9f364823-fdf2-409d-8835-686a42d079dd,2026-07-16T10:45:00Z,2026-07-16T12:45:00+0200,58753.948249,MW,DE,DE_LU,forecast_load,Forecasted Load,2026-08-09T22:55:36Z
2026-08-09T22:53:54Z,2026-08-10T00:53:54+0200,9f364823-fdf2-409d-8835-686a42d079dd,2026-07-16T11:00:00Z,2026-07-16T13:00:00+0200,57355.550286,MW,DE,DE_LU,forecast_load,Forecasted Load,2026-08-09T22:55:36Z
2026-08-09T22:53:54Z,2026-08-10T00:53:54+0200,9f364823-fdf2-409d-8835-686a42d079dd,2026-07-16T11:15:00Z,2026-07-16T13:15:00+0200,57647.981654,MW,DE,DE_LU,forecast_load,Forecasted Load,2026-08-09T22:55:36Z
2026-08-09T22:53:54Z,2026-08-10T00:53:54+0200,9f364823-fdf2-409d-8835-686a42d079dd,2026-07-16T11:30:00Z,2026-07-16T13:30:00+0200,57081.649656,MW,DE,DE_LU,forecast_load,Forecasted Load,2026-08-09T22:55:36Z
2026-08-09T22:53:54Z,2026-08-10T00:53:54+0200,9f364823-fdf2-409d-8835-686a42d079dd,2026-07-16T11:45:00Z,2026-07-16T13:45:00+0200,56838.922132,MW,DE,DE_LU,forecast_load,Forecasted Load,2026-08-09T22:55:36Z
2026-08-09T22:53:54Z,2026-08-10T00:53:54+0200,9f364823-fdf2-409d-8835-686a42d079dd,2026-07-16T12:00:00Z,2026-07-16T14:00:00+0200,56377.011591,MW,DE,DE_LU,forecast_load,Forecasted Load,2026-08-09T22:55:36Z
2026-08-09T22:53:54Z,2026-08-10T00:53:54+0200,9f364823-fdf2-409d-8835-686a42d079dd,2026-07-16T12:15:00Z,2026-07-16T14:15:00+0200,56585.666746,MW,DE,DE_LU,forecast_load,Forecasted Load,2026-08-09T22:55:36Z
2026-08-09T22:53:54Z,2026-08-10T00:53:54+0200,9f364823-fdf2-409d-8835-686a42d079dd,2026-07-16T12:30:00Z,2026-07-16T14:30:00+0200,56400.581978,MW,DE,DE_LU,forecast_load,Forecasted Load,2026-08-09T22:55:36Z
2026-08-09T22:53:54Z,2026-08-10T00:53:54+0200,9f364823-fdf2-409d-8835-686a42d079dd,2026-07-16T12:45:00Z,2026-07-16T14:45:00+0200,56330.046662,MW,DE,DE_LU,forecast_load,Forecasted Load,2026-08-09T22:55:36Z
2026-08-09T22:53:54Z,2026-08-10T00:53:54+0200,9f364823-fdf2-409d-8835-686a42d079dd,2026-07-16T13:00:00Z,2026-07-16T15:00:00+0200,56219.429521,MW,DE,DE_LU,forecast_load,Forecasted Load,2026-08-09T22:55:36Z
2026-08-09T22:53:54Z,2026-08-10T00:53:54+0200,9f364823-fdf2-409d-8835-686a42d079dd,2026-07-16T13:15:00Z,2026-07-16T15:15:00+0200,55903.943672,MW,DE,DE_LU,forecast_load,Forecasted Load,2026-08-09T22:55:36Z
2026-08-09T22:53:54Z,2026-08-10T00:53:54+0200,9f364823-fdf2-409d-8835-686a42d079dd,2026-07-16T13:30:00Z,2026-07-16T15:30:00+0200,55384.538812,MW,DE,DE_LU,forecast_load,Forecasted Load,2026-08-09T22:55:36Z
2026-08-09T22:53:54Z,2026-08-10T00:53:54+0200,9f364823-fdf2-409d-8835-686a42d079dd,2026-07-16T13:45:00Z,2026-07-16T15:45:00+0200,55763.919944,MW,DE,DE_LU,forecast_load,Forecasted Load,2026-08-09T22:55:36Z
2026-08-09T22:53:54Z,2026-08-10T00:53:54+0200,9f364823-fdf2-409d-8835-686a42d079dd,2026-07-16T14:00:00Z,2026-07-16T16:00:00+0200,56110.731994,MW,DE,DE_LU,forecast_load,Forecasted Load,2026-08-09T22:55:36Z
2026-08-09T22:53:54Z,2026-08-10T00:53:54+0200,9f364823-fdf2-409d-8835-686a42d079dd,2026-07-16T14:15:00Z,2026-07-16T16:15:00+0200,56364.080038,MW,DE,DE_LU,forecast_load,Forecasted Load,2026-08-09T22:55:36Z
2026-08-09T22:53:54Z,2026-08-10T00:53:54+0200,9f364823-fdf2-409d-8835-686a42d079dd,2026-07-16T14:30:00Z,2026-07-16T16:30:00+0200,56108.868323,MW,DE,DE_LU,forecast_load,Forecasted Load,2026-08-09T22:55:36Z
2026-08-09T22:53:54Z,2026-08-10T00:53:54+0200,9f364823-fdf2-409d-8835-686a42d079dd,2026-07-16T14:45:00Z,2026-07-16T16:45:00+0200,56662.043915,MW,DE,DE_LU,forecast_load,Forecasted Load,2026-08-09T22:55:36Z
2026-08-09T22:53:54Z,2026-08-10T00:53:54+0200,9f364823-fdf2-409d-8835-686a42d079dd,2026-07-16T15:00:00Z,2026-07-16T17:00:00+0200,57506.485164,MW,DE,DE_LU,forecast_load,Forecasted Load,2026-08-09T22:55:36Z
2026-08-09T22:53:54Z,2026-08-10T00:53:54+0200,9f364823-fdf2-409d-8835-686a42d079dd,2026-07-16T15:15:00Z,2026-07-16T17:15:00+0200,57312.545271,MW,DE,DE_LU,forecast_load,Forecasted Load,2026-08-09T22:55:36Z
2026-08-09T22:53:54Z,2026-08-10T00:53:54+0200,9f364823-fdf2-409d-8835-686a42d079dd,2026-07-16T15:30:00Z,2026-07-16T17:30:00+0200,57686.082358,MW,DE,DE_LU,forecast_load,Forecasted Load,2026-08-09T22:55:36Z
2026-08-09T22:53:54Z,2026-08-10T00:53:54+0200,9f364823-fdf2-409d-8835-686a42d079dd,2026-07-16T15:45:00Z,2026-07-16T17:45:00+0200,58265.39353,MW,DE,DE_LU,forecast_load,Forecasted Load,2026-08-09T22:55:36Z
2026-08-09T22:53:54Z,2026-08-10T00:53:54+0200,9f364823-fdf2-409d-8835-686a42d079dd,2026-07-16T16:00:00Z,2026-07-16T18:00:00+0200,58801.944283,MW,DE,DE_LU,forecast_load,Forecasted Load,2026-08-09T22:55:36Z
2026-08-09T22:53:54Z,2026-08-10T00:53:54+0200,9f364823-fdf2-409d-8835-686a42d079dd,2026-07-16T16:15:00Z,2026-07-16T18:15:00+0200,59345.702039,MW,DE,DE_LU,forecast_load,Forecasted Load,2026-08-09T22:55:36Z
2026-08-09T22:53:54Z,2026-08-10T00:53:54+0200,9f364823-fdf2-409d-8835-686a42d079dd,2026-07-16T16:30:00Z,2026-07-16T18:30:00+0200,59797.804624,MW,DE,DE_LU,forecast_load,Forecasted Load,2026-08-09T22:55:36Z
2026-08-09T22:53:54Z,2026-08-10T00:53:54+0200,9f364823-fdf2-409d-8835-686a42d079dd,2026-07-16T16:45:00Z,2026-07-16T18:45:00+0200,60292.610336,MW,DE,DE_LU,forecast_load,Forecasted Load,2026-08-09T22:55:36Z
2026-08-09T22:53:54Z,2026-08-10T00:53:54+0200,9f364823-fdf2-409d-8835-686a42d079dd,2026-07-16T17:00:00Z,2026-07-16T19:00:00+0200,60564.187024,MW,DE,DE_LU,forecast_load,Forecasted Load,2026-08-09T22:55:36Z
2026-08-09T22:53:54Z,2026-08-10T00:53:54+0200,9f364823-fdf2-409d-8835-686a42d079dd,2026-07-16T17:15:00Z,2026-07-16T19:15:00+0200,60461.422677,MW,DE,DE_LU,forecast_load,Forecasted Load,2026-08-09T22:55:36Z
2026-08-09T22:53:54Z,2026-08-10T00:53:54+0200,9f364823-fdf2-409d-8835-686a42d079dd,2026-07-16T17:30:00Z,2026-07-16T19:30:00+0200,60128.949638,MW,DE,DE_LU,forecast_load,Forecasted Load,2026-08-09T22:55:36Z
2026-08-09T22:53:54Z,2026-08-10T00:53:54+0200,9f364823-fdf2-409d-8835-686a42d079dd,2026-07-16T17:45:00Z,2026-07-16T19:45:00+0200,59686.958671,MW,DE,DE_LU,forecast_load,Forecasted Load,2026-08-09T22:55:36Z
2026-08-09T22:53:54Z,2026-08-10T00:53:54+0200,9f364823-fdf2-409d-8835-686a42d079dd,2026-07-16T18:00:00Z,2026-07-16T20:00:00+0200,59080.467902,MW,DE,DE_LU,forecast_load,Forecasted Load,2026-08-09T22:55:36Z
2026-08-09T22:53:54Z,2026-08-10T00:53:54+0200,9f364823-fdf2-409d-8835-686a42d079dd,2026-07-16T18:15:00Z,2026-07-16T20:15:00+0200,58394.186499,MW,DE,DE_LU,forecast_load,Forecasted Load,2026-08-09T22:55:36Z
2026-08-09T22:53:54Z,2026-08-10T00:53:54+0200,9f364823-fdf2-409d-8835-686a42d079dd,2026-07-16T18:30:00Z,2026-07-16T20:30:00+0200,57847.599357,MW,DE,DE_LU,forecast_load,Forecasted Load,2026-08-09T22:55:36Z
2026-08-09T22:53:54Z,2026-08-10T00:53:54+0200,9f364823-fdf2-409d-8835-686a42d079dd,2026-07-16T18:45:00Z,2026-07-16T20:45:00+0200,57245.610459,MW,DE,DE_LU,forecast_load,Forecasted Load,2026-08-09T22:55:36Z
2026-08-09T22:53:54Z,2026-08-10T00:53:54+0200,9f364823-fdf2-409d-8835-686a42d079dd,2026-07-16T19:00:00Z,2026-07-16T21:00:00+0200,56429.115258,MW,DE,DE_LU,forecast_load,Forecasted Load,2026-08-09T22:55:36Z
2026-08-09T22:53:54Z,2026-08-10T00:53:54+0200,9f364823-fdf2-409d-8835-686a42d079dd,2026-07-16T19:15:00Z,2026-07-16T21:15:00+0200,55895.745029,MW,DE,DE_LU,forecast_load,Forecasted Load,2026-08-09T22:55:36Z
2026-08-09T22:53:54Z,2026-08-10T00:53:54+0200,9f364823-fdf2-409d-8835-686a42d079dd,2026-07-16T19:30:00Z,2026-07-16T21:30:00+0200,55121.188866,MW,DE,DE_LU,forecast_load,Forecasted Load,2026-08-09T22:55:36Z
2026-08-09T22:53:54Z,2026-08-10T00:53:54+0200,9f364823-fdf2-409d-8835-686a42d079dd,2026-07-16T19:45:00Z,2026-07-16T21:45:00+0200,54559.292173,MW,DE,DE_LU,forecast_load,Forecasted Load,2026-08-09T22:55:36Z
2026-08-09T22:53:54Z,2026-08-10T00:53:54+0200,9f364823-fdf2-409d-8835-686a42d079dd,2026-07-16T20:00:00Z,2026-07-16T22:00:00+0200,53651.356647,MW,DE,DE_LU,forecast_load,Forecasted Load,2026-08-09T22:55:36Z
2026-08-09T22:53:54Z,2026-08-10T00:53:54+0200,9f364823-fdf2-409d-8835-686a42d079dd,2026-07-16T20:15:00Z,2026-07-16T22:15:00+0200,52937.341286,MW,DE,DE_LU,forecast_load,Forecasted Load,2026-08-09T22:55:36Z
2026-08-09T22:53:54Z,2026-08-10T00:53:54+0200,9f364823-fdf2-409d-8835-686a42d079dd,2026-07-16T20:30:00Z,2026-07-16T22:30:00+0200,52095.349031,MW,DE,DE_LU,forecast_load,Forecasted Load,2026-08-09T22:55:36Z
2026-08-09T22:53:54Z,2026-08-10T00:53:54+0200,9f364823-fdf2-409d-8835-686a42d079dd,2026-07-16T20:45:00Z,2026-07-16T22:45:00+0200,51106.054309,MW,DE,DE_LU,forecast_load,Forecasted Load,2026-08-09T22:55:36Z
2026-08-09T22:53:54Z,2026-08-10T00:53:54+0200,9f364823-fdf2-409d-8835-686a42d079dd,2026-07-16T21:00:00Z,2026-07-16T23:00:00+0200,49905.534281,MW,DE,DE_LU,forecast_load,Forecasted Load,2026-08-09T22:55:36Z
2026-08-09T22:53:54Z,2026-08-10T00:53:54+0200,9f364823-fdf2-409d-8835-686a42d079dd,2026-07-16T21:15:00Z,2026-07-16T23:15:00+0200,48945.869481,MW,DE,DE_LU,forecast_load,Forecasted Load,2026-08-09T22:55:36Z
2026-08-09T22:53:54Z,2026-08-10T00:53:54+0200,9f364823-fdf2-409d-8835-686a42d079dd,2026-07-16T21:30:00Z,2026-07-16T23:30:00+0200,47933.605484,MW,DE,DE_LU,forecast_load,Forecasted Load,2026-08-09T22:55:36Z
2026-08-09T22:53:54Z,2026-08-10T00:53:54+0200,9f364823-fdf2-409d-8835-686a42d079dd,2026-07-16T21:45:00Z,2026-07-16T23:45:00+0200,47223.300128,MW,DE,DE_LU,forecast_load,Forecasted Load,2026-08-09T22:55:36Z
2026-08-09T22:53:54Z,2026-08-10T00:53:54+0200,9f364823-fdf2-409d-8835-686a42d079dd,2026-07-16T22:00:00Z,2026-07-17T00:00:00+0200,48300.306124,MW,DE,DE_LU,forecast_load,Forecasted Load,2026-08-09T22:55:36Z
2026-08-09T22:53:54Z,2026-08-10T00:53:54+0200,9f364823-fdf2-409d-8835-686a42d079dd,2026-07-16T22:15:00Z,2026-07-17T00:15:00+0200,47583.198923,MW,DE,DE_LU,forecast_load,Forecasted Load,2026-08-09T22:55:36Z
2026-08-09T22:53:54Z,2026-08-10T00:53:54+0200,9f364823-fdf2-409d-8835-686a42d079dd,2026-07-16T22:30:00Z,2026-07-17T00:30:00+0200,47071.151831,MW,DE,DE_LU,forecast_load,Forecasted Load,2026-08-09T22:55:36Z
2026-08-09T22:53:54Z,2026-08-10T00:53:54+0200,9f364823-fdf2-409d-8835-686a42d079dd,2026-07-16T22:45:00Z,2026-07-17T00:45:00+0200,46758.527835,MW,DE,DE_LU,forecast_load,Forecasted Load,2026-08-09T22:55:36Z
2026-08-09T22:53:54Z,2026-08-10T00:53:54+0200,9f364823-fdf2-409d-8835-686a42d079dd,2026-07-16T23:00:00Z,2026-07-17T01:00:00+0200,46350.579468,MW,DE,DE_LU,forecast_load,Forecasted Load,2026-08-09T22:55:36Z
2026-08-09T22:53:54Z,2026-08-10T00:53:54+0200,9f364823-fdf2-409d-8835-686a42d079dd,2026-07-16T23:15:00Z,2026-07-17T01:15:00+0200,45787.294818,MW,DE,DE_LU,forecast_load,Forecasted Load,2026-08-09T22:55:36Z
2026-08-09T22:53:54Z,2026-08-10T00:53:54+0200,9f364823-fdf2-409d-8835-686a42d079dd,2026-07-16T23:30:00Z,2026-07-17T01:30:00+0200,45490.921768,MW,DE,DE_LU,forecast_load,Forecasted Load,2026-08-09T22:55:36Z
2026-08-09T22:53:54Z,2026-08-10T00:53:54+0200,9f364823-fdf2-409d-8835-686a42d079dd,2026-07-16T23:45:00Z,2026-07-17T01:45:00+0200,45299.418799,MW,DE,DE_LU,forecast_load,Forecasted Load,2026-08-09T22:55:36Z
2026-08-09T22:53:54Z,2026-08-10T00:53:54+0200,9f364823-fdf2-409d-8835-686a42d079dd,2026-07-17T00:00:00Z,2026-07-17T02:00:00+0200,45041.451106,MW,DE,DE_LU,forecast_load,Forecasted Load,2026-08-09T22:55:36Z
2026-08-09T22:53:54Z,2026-08-10T00:53:54+0200,9f364823-fdf2-409d-8835-686a42d079dd,2026-07-17T00:15:00Z,2026-07-17T02:15:00+0200,44779.022494,MW,DE,DE_LU,forecast_load,Forecasted Load,2026-08-09T22:55:36Z
2026-08-09T22:53:54Z,2026-08-10T00:53:54+0200,9f364823-fdf2-409d-8835-686a42d079dd,2026-07-17T00:30:00Z,2026-07-17T02:30:00+0200,44780.406599,MW,DE,DE_LU,forecast_load,Forecasted Load,2026-08-09T22:55:36Z
2026-08-09T22:53:54Z,2026-08-10T00:53:54+0200,9f364823-fdf2-409d-8835-686a42d079dd,2026-07-17T00:45:00Z,2026-07-17T02:45:00+0200,44477.752792,MW,DE,DE_LU,forecast_load,Forecasted Load,2026-08-09T22:55:36Z
2026-08-09T22:53:54Z,2026-08-10T00:53:54+0200,9f364823-fdf2-409d-8835-686a42d079dd,2026-07-17T01:00:00Z,2026-07-17T03:00:00+0200,44317.405987,MW,DE,DE_LU,forecast_load,Forecasted Load,2026-08-09T22:55:36Z
2026-08-09T22:53:54Z,2026-08-10T00:53:54+0200,9f364823-fdf2-409d-8835-686a42d079dd,2026-07-17T01:15:00Z,2026-07-17T03:15:00+0200,44274.591999,MW,DE,DE_LU,forecast_load,Forecasted Load,2026-08-09T22:55:36Z
2026-08-09T22:53:54Z,2026-08-10T00:53:54+0200,9f364823-fdf2-409d-8835-686a42d079dd,2026-07-17T01:30:00Z,2026-07-17T03:30:00+0200,44528.106609,MW,DE,DE_LU,forecast_load,Forecasted Load,2026-08-09T22:55:36Z
2026-08-09T22:53:54Z,2026-08-10T00:53:54+0200,9f364823-fdf2-409d-8835-686a42d079dd,2026-07-17T01:45:00Z,2026-07-17T03:45:00+0200,44725.599086,MW,DE,DE_LU,forecast_load,Forecasted Load,2026-08-09T22:55:36Z
2026-08-09T22:53:54Z,2026-08-10T00:53:54+0200,9f364823-fdf2-409d-8835-686a42d079dd,2026-07-17T02:00:00Z,2026-07-17T04:00:00+0200,45185.139063,MW,DE,DE_LU,forecast_load,Forecasted Load,2026-08-09T22:55:36Z
2026-08-09T22:53:54Z,2026-08-10T00:53:54+0200,9f364823-fdf2-409d-8835-686a42d079dd,2026-07-17T02:15:00Z,2026-07-17T04:15:00+0200,45424.913347,MW,DE,DE_LU,forecast_load,Forecasted Load,2026-08-09T22:55:36Z
2026-08-09T22:53:54Z,2026-08-10T00:53:54+0200,9f364823-fdf2-409d-8835-686a42d079dd,2026-07-17T02:30:00Z,2026-07-17T04:30:00+0200,45739.806341,MW,DE,DE_LU,forecast_load,Forecasted Load,2026-08-09T22:55:36Z
2026-08-09T22:53:54Z,2026-08-10T00:53:54+0200,9f364823-fdf2-409d-8835-686a42d079dd,2026-07-17T02:45:00Z,2026-07-17T04:45:00+0200,46231.409998,MW,DE,DE_LU,forecast_load,Forecasted Load,2026-08-09T22:55:36Z
2026-08-09T22:53:54Z,2026-08-10T00:53:54+0200,9f364823-fdf2-409d-8835-686a42d079dd,2026-07-17T03:00:00Z,2026-07-17T05:00:00+0200,47001.686731,MW,DE,DE_LU,forecast_load,Forecasted Load,2026-08-09T22:55:36Z
2026-08-09T22:53:54Z,2026-08-10T00:53:54+0200,9f364823-fdf2-409d-8835-686a42d079dd,2026-07-17T03:15:00Z,2026-07-17T05:15:00+0200,47831.336188,MW,DE,DE_LU,forecast_load,Forecasted Load,2026-08-09T22:55:36Z
2026-08-09T22:53:54Z,2026-08-10T00:53:54+0200,9f364823-fdf2-409d-8835-686a42d079dd,2026-07-17T03:30:00Z,2026-07-17T05:30:00+0200,48666.27095,MW,DE,DE_LU,forecast_load,Forecasted Load,2026-08-09T22:55:36Z
2026-08-09T22:53:54Z,2026-08-10T00:53:54+0200,9f364823-fdf2-409d-8835-686a42d079dd,2026-07-17T03:45:00Z,2026-07-17T05:45:00+0200,49682.832658,MW,DE,DE_LU,forecast_load,Forecasted Load,2026-08-09T22:55:36Z
2026-08-09T22:53:54Z,2026-08-10T00:53:54+0200,9f364823-fdf2-409d-8835-686a42d079dd,2026-07-17T04:00:00Z,2026-07-17T06:00:00+0200,52330.502918,MW,DE,DE_LU,forecast_load,Forecasted Load,2026-08-09T22:55:36Z
2026-08-09T22:53:54Z,2026-08-10T00:53:54+0200,9f364823-fdf2-409d-8835-686a42d079dd,2026-07-17T04:15:00Z,2026-07-17T06:15:00+0200,53167.512797,MW,DE,DE_LU,forecast_load,Forecasted Load,2026-08-09T22:55:36Z
2026-08-09T22:53:54Z,2026-08-10T00:53:54+0200,9f364823-fdf2-409d-8835-686a42d079dd,2026-07-17T04:30:00Z,2026-07-17T06:30:00+0200,54737.816812,MW,DE,DE_LU,forecast_load,Forecasted Load,2026-08-09T22:55:36Z
2026-08-09T22:53:54Z,2026-08-10T00:53:54+0200,9f364823-fdf2-409d-8835-686a42d079dd,2026-07-17T04:45:00Z,2026-07-17T06:45:00+0200,55777.525618,MW,DE,DE_LU,forecast_load,Forecasted Load,2026-08-09T22:55:36Z
2026-08-09T22:53:54Z,2026-08-10T00:53:54+0200,9f364823-fdf2-409d-8835-686a42d079dd,2026-07-17T05:00:00Z,2026-07-17T07:00:00+0200,57479.836188,MW,DE,DE_LU,forecast_load,Forecasted Load,2026-08-09T22:55:36Z
2026-08-09T22:53:54Z,2026-08-10T00:53:54+0200,9f364823-fdf2-409d-8835-686a42d079dd,2026-07-17T05:15:00Z,2026-07-17T07:15:00+0200,58585.410721,MW,DE,DE_LU,forecast_load,Forecasted Load,2026-08-09T22:55:36Z
2026-08-09T22:53:54Z,2026-08-10T00:53:54+0200,9f364823-fdf2-409d-8835-686a42d079dd,2026-07-17T05:30:00Z,2026-07-17T07:30:00+0200,59581.582201,MW,DE,DE_LU,forecast_load,Forecasted Load,2026-08-09T22:55:36Z
2026-08-09T22:53:54Z,2026-08-10T00:53:54+0200,9f364823-fdf2-409d-8835-686a42d079dd,2026-07-17T05:45:00Z,2026-07-17T07:45:00+0200,60301.742199,MW,DE,DE_LU,forecast_load,Forecasted Load,2026-08-09T22:55:36Z
2026-08-09T22:53:54Z,2026-08-10T00:53:54+0200,9f364823-fdf2-409d-8835-686a42d079dd,2026-07-17T06:00:00Z,2026-07-17T08:00:00+0200,60874.373937,MW,DE,DE_LU,forecast_load,Forecasted Load,2026-08-09T22:55:36Z
2026-08-09T22:53:54Z,2026-08-10T00:53:54+0200,9f364823-fdf2-409d-8835-686a42d079dd,2026-07-17T06:15:00Z,2026-07-17T08:15:00+0200,61477.586718,MW,DE,DE_LU,forecast_load,Forecasted Load,2026-08-09T22:55:36Z
2026-08-09T22:53:54Z,2026-08-10T00:53:54+0200,9f364823-fdf2-409d-8835-686a42d079dd,2026-07-17T06:30:00Z,2026-07-17T08:30:00+0200,61826.611307,MW,DE,DE_LU,forecast_load,Forecasted Load,2026-08-09T22:55:36Z
2026-08-09T22:53:54Z,2026-08-10T00:53:54+0200,9f364823-fdf2-409d-8835-686a42d079dd,2026-07-17T06:45:00Z,2026-07-17T08:45:00+0200,62169.044089,MW,DE,DE_LU,forecast_load,Forecasted Load,2026-08-09T22:55:36Z
2026-08-09T22:53:54Z,2026-08-10T00:53:54+0200,9f364823-fdf2-409d-8835-686a42d079dd,2026-07-17T07:00:00Z,2026-07-17T09:00:00+0200,61517.447681,MW,DE,DE_LU,forecast_load,Forecasted Load,2026-08-09T22:55:36Z
2026-08-09T22:53:54Z,2026-08-10T00:53:54+0200,9f364823-fdf2-409d-8835-686a42d079dd,2026-07-17T07:15:00Z,2026-07-17T09:15:00+0200,61659.071395,MW,DE,DE_LU,forecast_load,Forecasted Load,2026-08-09T22:55:36Z
2026-08-09T22:53:54Z,2026-08-10T00:53:54+0200,9f364823-fdf2-409d-8835-686a42d079dd,2026-07-17T07:30:00Z,2026-07-17T09:30:00+0200,61826.278667,MW,DE,DE_LU,forecast_load,Forecasted Load,2026-08-09T22:55:36Z
2026-08-09T22:53:54Z,2026-08-10T00:53:54+0200,9f364823-fdf2-409d-8835-686a42d079dd,2026-07-17T07:45:00Z,2026-07-17T09:45:00+0200,62050.359281,MW,DE,DE_LU,forecast_load,Forecasted Load,2026-08-09T22:55:36Z
2026-08-09T22:53:54Z,2026-08-10T00:53:54+0200,9f364823-fdf2-409d-8835-686a42d079dd,2026-07-17T08:00:00Z,2026-07-17T10:00:00+0200,62046.739378,MW,DE,DE_LU,forecast_load,Forecasted Load,2026-08-09T22:55:36Z
2026-08-09T22:53:54Z,2026-08-10T00:53:54+0200,9f364823-fdf2-409d-8835-686a42d079dd,2026-07-17T08:15:00Z,2026-07-17T10:15:00+0200,62182.482993,MW,DE,DE_LU,forecast_load,Forecasted Load,2026-08-09T22:55:36Z
2026-08-09T22:53:54Z,2026-08-10T00:53:54+0200,9f364823-fdf2-409d-8835-686a42d079dd,2026-07-17T08:30:00Z,2026-07-17T10:30:00+0200,62103.074496,MW,DE,DE_LU,forecast_load,Forecasted Load,2026-08-09T22:55:36Z
2026-08-09T22:53:54Z,2026-08-10T00:53:54+0200,9f364823-fdf2-409d-8835-686a42d079dd,2026-07-17T08:45:00Z,2026-07-17T10:45:00+0200,62068.070631,MW,DE,DE_LU,forecast_load,Forecasted Load,2026-08-09T22:55:36Z
2026-08-09T22:53:54Z,2026-08-10T00:53:54+0200,9f364823-fdf2-409d-8835-686a42d079dd,2026-07-17T09:00:00Z,2026-07-17T11:00:00+0200,61677.563819,MW,DE,DE_LU,forecast_load,Forecasted Load,2026-08-09T22:55:36Z
2026-08-09T22:53:54Z,2026-08-10T00:53:54+0200,9f364823-fdf2-409d-8835-686a42d079dd,2026-07-17T09:15:00Z,2026-07-17T11:15:00+0200,61147.851461,MW,DE,DE_LU,forecast_load,Forecasted Load,2026-08-09T22:55:36Z
2026-08-09T22:53:54Z,2026-08-10T00:53:54+0200,9f364823-fdf2-409d-8835-686a42d079dd,2026-07-17T09:30:00Z,2026-07-17T11:30:00+0200,61123.910911,MW,DE,DE_LU,forecast_load,Forecasted Load,2026-08-09T22:55:36Z
2026-08-09T22:53:54Z,2026-08-10T00:53:54+0200,9f364823-fdf2-409d-8835-686a42d079dd,2026-07-17T09:45:00Z,2026-07-17T11:45:00+0200,60684.596228,MW,DE,DE_LU,forecast_load,Forecasted Load,2026-08-09T22:55:36Z
2026-08-09T22:53:54Z,2026-08-10T00:53:54+0200,9f364823-fdf2-409d-8835-686a42d079dd,2026-07-17T10:00:00Z,2026-07-17T12:00:00+0200,60059.594138,MW,DE,DE_LU,forecast_load,Forecasted Load,2026-08-09T22:55:36Z
2026-08-09T22:53:54Z,2026-08-10T00:53:54+0200,9f364823-fdf2-409d-8835-686a42d079dd,2026-07-17T10:15:00Z,2026-07-17T12:15:00+0200,59811.462573,MW,DE,DE_LU,forecast_load,Forecasted Load,2026-08-09T22:55:36Z
2026-08-09T22:53:54Z,2026-08-10T00:53:54+0200,9f364823-fdf2-409d-8835-686a42d079dd,2026-07-17T10:30:00Z,2026-07-17T12:30:00+0200,59320.037405,MW,DE,DE_LU,forecast_load,Forecasted Load,2026-08-09T22:55:36Z
2026-08-09T22:53:54Z,2026-08-10T00:53:54+0200,9f364823-fdf2-409d-8835-686a42d079dd,2026-07-17T10:45:00Z,2026-07-17T12:45:00+0200,58887.839303,MW,DE,DE_LU,forecast_load,Forecasted Load,2026-08-09T22:55:36Z
2026-08-09T22:53:54Z,2026-08-10T00:53:54+0200,9f364823-fdf2-409d-8835-686a42d079dd,2026-07-17T11:00:00Z,2026-07-17T13:00:00+0200,58281.275425,MW,DE,DE_LU,forecast_load,Forecasted Load,2026-08-09T22:55:36Z
2026-08-09T22:53:54Z,2026-08-10T00:53:54+0200,9f364823-fdf2-409d-8835-686a42d079dd,2026-07-17T11:15:00Z,2026-07-17T13:15:00+0200,58022.51784,MW,DE,DE_LU,forecast_load,Forecasted Load,2026-08-09T22:55:36Z
2026-08-09T22:53:54Z,2026-08-10T00:53:54+0200,9f364823-fdf2-409d-8835-686a42d079dd,2026-07-17T11:30:00Z,2026-07-17T13:30:00+0200,57404.039749,MW,DE,DE_LU,forecast_load,Forecasted Load,2026-08-09T22:55:36Z
2026-08-09T22:53:54Z,2026-08-10T00:53:54+0200,9f364823-fdf2-409d-8835-686a42d079dd,2026-07-17T11:45:00Z,2026-07-17T13:45:00+0200,56770.467605,MW,DE,DE_LU,forecast_load,Forecasted Load,2026-08-09T22:55:36Z
2026-08-09T22:53:54Z,2026-08-10T00:53:54+0200,9f364823-fdf2-409d-8835-686a42d079dd,2026-07-17T12:00:00Z,2026-07-17T14:00:00+0200,56525.999344,MW,DE,DE_LU,forecast_load,Forecasted Load,2026-08-09T22:55:36Z
2026-08-09T22:53:54Z,2026-08-10T00:53:54+0200,9f364823-fdf2-409d-8835-686a42d079dd,2026-07-17T12:15:00Z,2026-07-17T14:15:00+0200,56491.522137,MW,DE,DE_LU,forecast_load,Forecasted Load,2026-08-09T22:55:36Z
2026-08-09T22:53:54Z,2026-08-10T00:53:54+0200,9f364823-fdf2-409d-8835-686a42d079dd,2026-07-17T12:30:00Z,2026-07-17T14:30:00+0200,56213.572771,MW,DE,DE_LU,forecast_load,Forecasted Load,2026-08-09T22:55:36Z
2026-08-09T22:53:54Z,2026-08-10T00:53:54+0200,9f364823-fdf2-409d-8835-686a42d079dd,2026-07-17T12:45:00Z,2026-07-17T14:45:00+0200,56209.251643,MW,DE,DE_LU,forecast_load,Forecasted Load,2026-08-09T22:55:36Z
2026-08-09T22:53:54Z,2026-08-10T00:53:54+0200,9f364823-fdf2-409d-8835-686a42d079dd,2026-07-17T13:00:00Z,2026-07-17T15:00:00+0200,55916.446041,MW,DE,DE_LU,forecast_load,Forecasted Load,2026-08-09T22:55:36Z
2026-08-09T22:53:54Z,2026-08-10T00:53:54+0200,9f364823-fdf2-409d-8835-686a42d079dd,2026-07-17T13:15:00Z,2026-07-17T15:15:00+0200,55744.837088,MW,DE,DE_LU,forecast_load,Forecasted Load,2026-08-09T22:55:36Z
2026-08-09T22:53:54Z,2026-08-10T00:53:54+0200,9f364823-fdf2-409d-8835-686a42d079dd,2026-07-17T13:30:00Z,2026-07-17T15:30:00+0200,55235.99954,MW,DE,DE_LU,forecast_load,Forecasted Load,2026-08-09T22:55:36Z
2026-08-09T22:53:54Z,2026-08-10T00:53:54+0200,9f364823-fdf2-409d-8835-686a42d079dd,2026-07-17T13:45:00Z,2026-07-17T15:45:00+0200,55438.509192,MW,DE,DE_LU,forecast_load,Forecasted Load,2026-08-09T22:55:36Z
2026-08-09T22:53:54Z,2026-08-10T00:53:54+0200,9f364823-fdf2-409d-8835-686a42d079dd,2026-07-17T14:00:00Z,2026-07-17T16:00:00+0200,55857.712295,MW,DE,DE_LU,forecast_load,Forecasted Load,2026-08-09T22:55:36Z
2026-08-09T22:53:54Z,2026-08-10T00:53:54+0200,9f364823-fdf2-409d-8835-686a42d079dd,2026-07-17T14:15:00Z,2026-07-17T16:15:00+0200,55251.722685,MW,DE,DE_LU,forecast_load,Forecasted Load,2026-08-09T22:55:36Z
2026-08-09T22:53:54Z,2026-08-10T00:53:54+0200,9f364823-fdf2-409d-8835-686a42d079dd,2026-07-17T14:30:00Z,2026-07-17T16:30:00+0200,55442.89096,MW,DE,DE_LU,forecast_load,Forecasted Load,2026-08-09T22:55:36Z
2026-08-09T22:53:54Z,2026-08-10T00:53:54+0200,9f364823-fdf2-409d-8835-686a42d079dd,2026-07-17T14:45:00Z,2026-07-17T16:45:00+0200,55169.068688,MW,DE,DE_LU,forecast_load,Forecasted Load,2026-08-09T22:55:36Z
2026-08-09T22:53:54Z,2026-08-10T00:53:54+0200,9f364823-fdf2-409d-8835-686a42d079dd,2026-07-17T15:00:00Z,2026-07-17T17:00:00+0200,55816.779768,MW,DE,DE_LU,forecast_load,Forecasted Load,2026-08-09T22:55:36Z
2026-08-09T22:53:54Z,2026-08-10T00:53:54+0200,9f364823-fdf2-409d-8835-686a42d079dd,2026-07-17T15:15:00Z,2026-07-17T17:15:00+0200,55826.030317,MW,DE,DE_LU,forecast_load,Forecasted Load,2026-08-09T22:55:36Z
2026-08-09T22:53:54Z,2026-08-10T00:53:54+0200,9f364823-fdf2-409d-8835-686a42d079dd,2026-07-17T15:30:00Z,2026-07-17T17:30:00+0200,55772.187116,MW,DE,DE_LU,forecast_load,Forecasted Load,2026-08-09T22:55:36Z
2026-08-09T22:53:54Z,2026-08-10T00:53:54+0200,9f364823-fdf2-409d-8835-686a42d079dd,2026-07-17T15:45:00Z,2026-07-17T17:45:00+0200,55894.874834,MW,DE,DE_LU,forecast_load,Forecasted Load,2026-08-09T22:55:36Z
2026-08-09T22:53:54Z,2026-08-10T00:53:54+0200,9f364823-fdf2-409d-8835-686a42d079dd,2026-07-17T16:00:00Z,2026-07-17T18:00:00+0200,56415.75005,MW,DE,DE_LU,forecast_load,Forecasted Load,2026-08-09T22:55:36Z
2026-08-09T22:53:54Z,2026-08-10T00:53:54+0200,9f364823-fdf2-409d-8835-686a42d079dd,2026-07-17T16:15:00Z,2026-07-17T18:15:00+0200,56720.706104,MW,DE,DE_LU,forecast_load,Forecasted Load,2026-08-09T22:55:36Z
2026-08-09T22:53:54Z,2026-08-10T00:53:54+0200,9f364823-fdf2-409d-8835-686a42d079dd,2026-07-17T16:30:00Z,2026-07-17T18:30:00+0200,56882.288815,MW,DE,DE_LU,forecast_load,Forecasted Load,2026-08-09T22:55:36Z
2026-08-09T22:53:54Z,2026-08-10T00:53:54+0200,9f364823-fdf2-409d-8835-686a42d079dd,2026-07-17T16:45:00Z,2026-07-17T18:45:00+0200,57011.579203,MW,DE,DE_LU,forecast_load,Forecasted Load,2026-08-09T22:55:36Z
2026-08-09T22:53:54Z,2026-08-10T00:53:54+0200,9f364823-fdf2-409d-8835-686a42d079dd,2026-07-17T17:00:00Z,2026-07-17T19:00:00+0200,57195.345215,MW,DE,DE_LU,forecast_load,Forecasted Load,2026-08-09T22:55:36Z
2026-08-09T22:53:54Z,2026-08-10T00:53:54+0200,9f364823-fdf2-409d-8835-686a42d079dd,2026-07-17T17:15:00Z,2026-07-17T19:15:00+0200,57078.589778,MW,DE,DE_LU,forecast_load,Forecasted Load,2026-08-09T22:55:36Z
2026-08-09T22:53:54Z,2026-08-10T00:53:54+0200,9f364823-fdf2-409d-8835-686a42d079dd,2026-07-17T17:30:00Z,2026-07-17T19:30:00+0200,56964.293468,MW,DE,DE_LU,forecast_load,Forecasted Load,2026-08-09T22:55:36Z
2026-08-09T22:53:54Z,2026-08-10T00:53:54+0200,9f364823-fdf2-409d-8835-686a42d079dd,2026-07-17T17:45:00Z,2026-07-17T19:45:00+0200,56714.007128,MW,DE,DE_LU,forecast_load,Forecasted Load,2026-08-09T22:55:36Z
2026-08-09T22:53:54Z,2026-08-10T00:53:54+0200,9f364823-fdf2-409d-8835-686a42d079dd,2026-07-17T18:00:00Z,2026-07-17T20:00:00+0200,56437.916223,MW,DE,DE_LU,forecast_load,Forecasted Load,2026-08-09T22:55:36Z
2026-08-09T22:53:54Z,2026-08-10T00:53:54+0200,9f364823-fdf2-409d-8835-686a42d079dd,2026-07-17T18:15:00Z,2026-07-17T20:15:00+0200,55967.943249,MW,DE,DE_LU,forecast_load,Forecasted Load,2026-08-09T22:55:36Z
2026-08-09T22:53:54Z,2026-08-10T00:53:54+0200,9f364823-fdf2-409d-8835-686a42d079dd,2026-07-17T18:30:00Z,2026-07-17T20:30:00+0200,55274.934521,MW,DE,DE_LU,forecast_load,Forecasted Load,2026-08-09T22:55:36Z
2026-08-09T22:53:54Z,2026-08-10T00:53:54+0200,9f364823-fdf2-409d-8835-686a42d079dd,2026-07-17T18:45:00Z,2026-07-17T20:45:00+0200,54954.066782,MW,DE,DE_LU,forecast_load,Forecasted Load,2026-08-09T22:55:36Z
2026-08-09T22:53:54Z,2026-08-10T00:53:54+0200,9f364823-fdf2-409d-8835-686a42d079dd,2026-07-17T19:00:00Z,2026-07-17T21:00:00+0200,54317.107131,MW,DE,DE_LU,forecast_load,Forecasted Load,2026-08-09T22:55:36Z
2026-08-09T22:53:54Z,2026-08-10T00:53:54+0200,9f364823-fdf2-409d-8835-686a42d079dd,2026-07-17T19:15:00Z,2026-07-17T21:15:00+0200,53920.23172,MW,DE,DE_LU,forecast_load,Forecasted Load,2026-08-09T22:55:36Z
2026-08-09T22:53:54Z,2026-08-10T00:53:54+0200,9f364823-fdf2-409d-8835-686a42d079dd,2026-07-17T19:30:00Z,2026-07-17T21:30:00+0200,53270.428496,MW,DE,DE_LU,forecast_load,Forecasted Load,2026-08-09T22:55:36Z
2026-08-09T22:53:54Z,2026-08-10T00:53:54+0200,9f364823-fdf2-409d-8835-686a42d079dd,2026-07-17T19:45:00Z,2026-07-17T21:45:00+0200,52787.78735,MW,DE,DE_LU,forecast_load,Forecasted Load,2026-08-09T22:55:36Z
2026-08-09T22:53:54Z,2026-08-10T00:53:54+0200,9f364823-fdf2-409d-8835-686a42d079dd,2026-07-17T20:00:00Z,2026-07-17T22:00:00+0200,52183.647336,MW,DE,DE_LU,forecast_load,Forecasted Load,2026-08-09T22:55:36Z
2026-08-09T22:53:54Z,2026-08-10T00:53:54+0200,9f364823-fdf2-409d-8835-686a42d079dd,2026-07-17T20:15:00Z,2026-07-17T22:15:00+0200,51441.724642,MW,DE,DE_LU,forecast_load,Forecasted Load,2026-08-09T22:55:36Z
2026-08-09T22:53:54Z,2026-08-10T00:53:54+0200,9f364823-fdf2-409d-8835-686a42d079dd,2026-07-17T20:30:00Z,2026-07-17T22:30:00+0200,50639.125038,MW,DE,DE_LU,forecast_load,Forecasted Load,2026-08-09T22:55:36Z
2026-08-09T22:53:54Z,2026-08-10T00:53:54+0200,9f364823-fdf2-409d-8835-686a42d079dd,2026-07-17T20:45:00Z,2026-07-17T22:45:00+0200,49910.940863,MW,DE,DE_LU,forecast_load,Forecasted Load,2026-08-09T22:55:36Z
2026-08-09T22:53:54Z,2026-08-10T00:53:54+0200,9f364823-fdf2-409d-8835-686a42d079dd,2026-07-17T21:00:00Z,2026-07-17T23:00:00+0200,48974.425277,MW,DE,DE_LU,forecast_load,Forecasted Load,2026-08-09T22:55:36Z
2026-08-09T22:53:54Z,2026-08-10T00:53:54+0200,9f364823-fdf2-409d-8835-686a42d079dd,2026-07-17T21:15:00Z,2026-07-17T23:15:00+0200,48203.299308,MW,DE,DE_LU,forecast_load,Forecasted Load,2026-08-09T22:55:36Z
2026-08-09T22:53:54Z,2026-08-10T00:53:54+0200,9f364823-fdf2-409d-8835-686a42d079dd,2026-07-17T21:30:00Z,2026-07-17T23:30:00+0200,47563.499357,MW,DE,DE_LU,forecast_load,Forecasted Load,2026-08-09T22:55:36Z
2026-08-09T22:53:54Z,2026-08-10T00:53:54+0200,9f364823-fdf2-409d-8835-686a42d079dd,2026-07-17T21:45:00Z,2026-07-17T23:45:00+0200,46778.849361,MW,DE,DE_LU,forecast_load,Forecasted Load,2026-08-09T22:55:36Z
2026-08-09T22:53:54Z,2026-08-10T00:53:54+0200,9f364823-fdf2-409d-8835-686a42d079dd,2026-07-17T22:00:00Z,2026-07-18T00:00:00+0200,45710.586713,MW,DE,DE_LU,forecast_load,Forecasted Load,2026-08-09T22:55:36Z
2026-08-09T22:53:54Z,2026-08-10T00:53:54+0200,9f364823-fdf2-409d-8835-686a42d079dd,2026-07-17T22:15:00Z,2026-07-18T00:15:00+0200,44991.185336,MW,DE,DE_LU,forecast_load,Forecasted Load,2026-08-09T22:55:36Z
2026-08-09T22:53:54Z,2026-08-10T00:53:54+0200,9f364823-fdf2-409d-8835-686a42d079dd,2026-07-17T22:30:00Z,2026-07-18T00:30:00+0200,44503.634326,MW,DE,DE_LU,forecast_load,Forecasted Load,2026-08-09T22:55:36Z
2026-08-09T22:53:54Z,2026-08-10T00:53:54+0200,9f364823-fdf2-409d-8835-686a42d079dd,2026-07-17T22:45:00Z,2026-07-18T00:45:00+0200,44178.870337,MW,DE,DE_LU,forecast_load,Forecasted Load,2026-08-09T22:55:36Z
2026-08-09T22:53:54Z,2026-08-10T00:53:54+0200,9f364823-fdf2-409d-8835-686a42d079dd,2026-07-17T23:00:00Z,2026-07-18T01:00:00+0200,43847.03365,MW,DE,DE_LU,forecast_load,Forecasted Load,2026-08-09T22:55:36Z
2026-08-09T22:53:54Z,2026-08-10T00:53:54+0200,9f364823-fdf2-409d-8835-686a42d079dd,2026-07-17T23:15:00Z,2026-07-18T01:15:00+0200,43244.533401,MW,DE,DE_LU,forecast_load,Forecasted Load,2026-08-09T22:55:36Z
2026-08-09T22:53:54Z,2026-08-10T00:53:54+0200,9f364823-fdf2-409d-8835-686a42d079dd,2026-07-17T23:30:00Z,2026-07-18T01:30:00+0200,42821.866429,MW,DE,DE_LU,forecast_load,Forecasted Load,2026-08-09T22:55:36Z
2026-08-09T22:53:54Z,2026-08-10T00:53:54+0200,9f364823-fdf2-409d-8835-686a42d079dd,2026-07-17T23:45:00Z,2026-07-18T01:45:00+0200,42531.56199,MW,DE,DE_LU,forecast_load,Forecasted Load,2026-08-09T22:55:36Z
2026-08-09T22:53:54Z,2026-08-10T00:53:54+0200,9f364823-fdf2-409d-8835-686a42d079dd,2026-07-18T00:00:00Z,2026-07-18T02:00:00+0200,42356.940411,MW,DE,DE_LU,forecast_load,Forecasted Load,2026-08-09T22:55:36Z
2026-08-09T22:53:54Z,2026-08-10T00:53:54+0200,9f364823-fdf2-409d-8835-686a42d079dd,2026-07-18T00:15:00Z,2026-07-18T02:15:00+0200,42036.66089,MW,DE,DE_LU,forecast_load,Forecasted Load,2026-08-09T22:55:36Z
2026-08-09T22:53:54Z,2026-08-10T00:53:54+0200,9f364823-fdf2-409d-8835-686a42d079dd,2026-07-18T00:30:00Z,2026-07-18T02:30:00+0200,41755.495885,MW,DE,DE_LU,forecast_load,Forecasted Load,2026-08-09T22:55:36Z
2026-08-09T22:53:54Z,2026-08-10T00:53:54+0200,9f364823-fdf2-409d-8835-686a42d079dd,2026-07-18T00:45:00Z,2026-07-18T02:45:00+0200,41508.420731,MW,DE,DE_LU,forecast_load,Forecasted Load,2026-08-09T22:55:36Z
2026-08-09T22:53:54Z,2026-08-10T00:53:54+0200,9f364823-fdf2-409d-8835-686a42d079dd,2026-07-18T01:00:00Z,2026-07-18T03:00:00+0200,41454.161072,MW,DE,DE_LU,forecast_load,Forecasted Load,2026-08-09T22:55:36Z
2026-08-09T22:53:54Z,2026-08-10T00:53:54+0200,9f364823-fdf2-409d-8835-686a42d079dd,2026-07-18T01:15:00Z,2026-07-18T03:15:00+0200,41331.046465,MW,DE,DE_LU,forecast_load,Forecasted Load,2026-08-09T22:55:36Z
2026-08-09T22:53:54Z,2026-08-10T00:53:54+0200,9f364823-fdf2-409d-8835-686a42d079dd,2026-07-18T01:30:00Z,2026-07-18T03:30:00+0200,41230.083186,MW,DE,DE_LU,forecast_load,Forecasted Load,2026-08-09T22:55:36Z
2026-08-09T22:53:54Z,2026-08-10T00:53:54+0200,9f364823-fdf2-409d-8835-686a42d079dd,2026-07-18T01:45:00Z,2026-07-18T03:45:00+0200,41134.757775,MW,DE,DE_LU,forecast_load,Forecasted Load,2026-08-09T22:55:36Z
2026-08-09T22:53:54Z,2026-08-10T00:53:54+0200,9f364823-fdf2-409d-8835-686a42d079dd,2026-07-18T02:00:00Z,2026-07-18T04:00:00+0200,41143.32791,MW,DE,DE_LU,forecast_load,Forecasted Load,2026-08-09T22:55:36Z
2026-08-09T22:53:54Z,2026-08-10T00:53:54+0200,9f364823-fdf2-409d-8835-686a42d079dd,2026-07-18T02:15:00Z,2026-07-18T04:15:00+0200,41190.231341,MW,DE,DE_LU,forecast_load,Forecasted Load,2026-08-09T22:55:36Z
2026-08-09T22:53:54Z,2026-08-10T00:53:54+0200,9f364823-fdf2-409d-8835-686a42d079dd,2026-07-18T02:30:00Z,2026-07-18T04:30:00+0200,41183.650557,MW,DE,DE_LU,forecast_load,Forecasted Load,2026-08-09T22:55:36Z
2026-08-09T22:53:54Z,2026-08-10T00:53:54+0200,9f364823-fdf2-409d-8835-686a42d079dd,2026-07-18T02:45:00Z,2026-07-18T04:45:00+0200,41259.263623,MW,DE,DE_LU,forecast_load,Forecasted Load,2026-08-09T22:55:36Z
2026-08-09T22:53:54Z,2026-08-10T00:53:54+0200,9f364823-fdf2-409d-8835-686a42d079dd,2026-07-18T03:00:00Z,2026-07-18T05:00:00+0200,41471.276821,MW,DE,DE_LU,forecast_load,Forecasted Load,2026-08-09T22:55:36Z
2026-08-09T22:53:54Z,2026-08-10T00:53:54+0200,9f364823-fdf2-409d-8835-686a42d079dd,2026-07-18T03:15:00Z,2026-07-18T05:15:00+0200,41606.52728,MW,DE,DE_LU,forecast_load,Forecasted Load,2026-08-09T22:55:36Z
2026-08-09T22:53:54Z,2026-08-10T00:53:54+0200,9f364823-fdf2-409d-8835-686a42d079dd,2026-07-18T03:30:00Z,2026-07-18T05:30:00+0200,42124.766373,MW,DE,DE_LU,forecast_load,Forecasted Load,2026-08-09T22:55:36Z
2026-08-09T22:53:54Z,2026-08-10T00:53:54+0200,9f364823-fdf2-409d-8835-686a42d079dd,2026-07-18T03:45:00Z,2026-07-18T05:45:00+0200,42418.196808,MW,DE,DE_LU,forecast_load,Forecasted Load,2026-08-09T22:55:36Z
2026-08-09T22:53:54Z,2026-08-10T00:53:54+0200,9f364823-fdf2-409d-8835-686a42d079dd,2026-07-18T04:00:00Z,2026-07-18T06:00:00+0200,42959.122257,MW,DE,DE_LU,forecast_load,Forecasted Load,2026-08-09T22:55:36Z
2026-08-09T22:53:54Z,2026-08-10T00:53:54+0200,9f364823-fdf2-409d-8835-686a42d079dd,2026-07-18T04:15:00Z,2026-07-18T06:15:00+0200,43412.94082,MW,DE,DE_LU,forecast_load,Forecasted Load,2026-08-09T22:55:36Z
2026-08-09T22:53:54Z,2026-08-10T00:53:54+0200,9f364823-fdf2-409d-8835-686a42d079dd,2026-07-18T04:30:00Z,2026-07-18T06:30:00+0200,43859.419202,MW,DE,DE_LU,forecast_load,Forecasted Load,2026-08-09T22:55:36Z
2026-08-09T22:53:54Z,2026-08-10T00:53:54+0200,9f364823-fdf2-409d-8835-686a42d079dd,2026-07-18T04:45:00Z,2026-07-18T06:45:00+0200,44420.359832,MW,DE,DE_LU,forecast_load,Forecasted Load,2026-08-09T22:55:36Z
2026-08-09T22:53:54Z,2026-08-10T00:53:54+0200,9f364823-fdf2-409d-8835-686a42d079dd,2026-07-18T05:00:00Z,2026-07-18T07:00:00+0200,44867.770476,MW,DE,DE_LU,forecast_load,Forecasted Load,2026-08-09T22:55:36Z
2026-08-09T22:53:54Z,2026-08-10T00:53:54+0200,9f364823-fdf2-409d-8835-686a42d079dd,2026-07-18T05:15:00Z,2026-07-18T07:15:00+0200,45505.858921,MW,DE,DE_LU,forecast_load,Forecasted Load,2026-08-09T22:55:36Z
2026-08-09T22:53:54Z,2026-08-10T00:53:54+0200,9f364823-fdf2-409d-8835-686a42d079dd,2026-07-18T05:30:00Z,2026-07-18T07:30:00+0200,46197.995502,MW,DE,DE_LU,forecast_load,Forecasted Load,2026-08-09T22:55:36Z
2026-08-09T22:53:54Z,2026-08-10T00:53:54+0200,9f364823-fdf2-409d-8835-686a42d079dd,2026-07-18T05:45:00Z,2026-07-18T07:45:00+0200,46992.004169,MW,DE,DE_LU,forecast_load,Forecasted Load,2026-08-09T22:55:36Z
2026-08-09T22:53:54Z,2026-08-10T00:53:54+0200,9f364823-fdf2-409d-8835-686a42d079dd,2026-07-18T06:00:00Z,2026-07-18T08:00:00+0200,47315.24052,MW,DE,DE_LU,forecast_load,Forecasted Load,2026-08-09T22:55:36Z
2026-08-09T22:53:54Z,2026-08-10T00:53:54+0200,9f364823-fdf2-409d-8835-686a42d079dd,2026-07-18T06:15:00Z,2026-07-18T08:15:00+0200,48074.74669,MW,DE,DE_LU,forecast_load,Forecasted Load,2026-08-09T22:55:36Z
2026-08-09T22:53:54Z,2026-08-10T00:53:54+0200,9f364823-fdf2-409d-8835-686a42d079dd,2026-07-18T06:30:00Z,2026-07-18T08:30:00+0200,48827.8505,MW,DE,DE_LU,forecast_load,Forecasted Load,2026-08-09T22:55:36Z
2026-08-09T22:53:54Z,2026-08-10T00:53:54+0200,9f364823-fdf2-409d-8835-686a42d079dd,2026-07-18T06:45:00Z,2026-07-18T08:45:00+0200,49710.496788,MW,DE,DE_LU,forecast_load,Forecasted Load,2026-08-09T22:55:36Z
2026-08-09T22:53:54Z,2026-08-10T00:53:54+0200,9f364823-fdf2-409d-8835-686a42d079dd,2026-07-18T07:00:00Z,2026-07-18T09:00:00+0200,49900.42896,MW,DE,DE_LU,forecast_load,Forecasted Load,2026-08-09T22:55:36Z
2026-08-09T22:53:54Z,2026-08-10T00:53:54+0200,9f364823-fdf2-409d-8835-686a42d079dd,2026-07-18T07:15:00Z,2026-07-18T09:15:00+0200,50237.352395,MW,DE,DE_LU,forecast_load,Forecasted Load,2026-08-09T22:55:36Z
2026-08-09T22:53:54Z,2026-08-10T00:53:54+0200,9f364823-fdf2-409d-8835-686a42d079dd,2026-07-18T07:30:00Z,2026-07-18T09:30:00+0200,50965.076049,MW,DE,DE_LU,forecast_load,Forecasted Load,2026-08-09T22:55:36Z
2026-08-09T22:53:54Z,2026-08-10T00:53:54+0200,9f364823-fdf2-409d-8835-686a42d079dd,2026-07-18T07:45:00Z,2026-07-18T09:45:00+0200,51315.16463,MW,DE,DE_LU,forecast_load,Forecasted Load,2026-08-09T22:55:36Z
2026-08-09T22:53:54Z,2026-08-10T00:53:54+0200,9f364823-fdf2-409d-8835-686a42d079dd,2026-07-18T08:00:00Z,2026-07-18T10:00:00+0200,51155.69609,MW,DE,DE_LU,forecast_load,Forecasted Load,2026-08-09T22:55:36Z
2026-08-09T22:53:54Z,2026-08-10T00:53:54+0200,9f364823-fdf2-409d-8835-686a42d079dd,2026-07-18T08:15:00Z,2026-07-18T10:15:00+0200,51537.93239,MW,DE,DE_LU,forecast_load,Forecasted Load,2026-08-09T22:55:36Z
2026-08-09T22:53:54Z,2026-08-10T00:53:54+0200,9f364823-fdf2-409d-8835-686a42d079dd,2026-07-18T08:30:00Z,2026-07-18T10:30:00+0200,51525.089551,MW,DE,DE_LU,forecast_load,Forecasted Load,2026-08-09T22:55:36Z
2026-08-09T22:53:54Z,2026-08-10T00:53:54+0200,9f364823-fdf2-409d-8835-686a42d079dd,2026-07-18T08:45:00Z,2026-07-18T10:45:00+0200,51716.495335,MW,DE,DE_LU,forecast_load,Forecasted Load,2026-08-09T22:55:36Z
2026-08-09T22:53:54Z,2026-08-10T00:53:54+0200,9f364823-fdf2-409d-8835-686a42d079dd,2026-07-18T09:00:00Z,2026-07-18T11:00:00+0200,51703.906728,MW,DE,DE_LU,forecast_load,Forecasted Load,2026-08-09T22:55:36Z
2026-08-09T22:53:54Z,2026-08-10T00:53:54+0200,9f364823-fdf2-409d-8835-686a42d079dd,2026-07-18T09:15:00Z,2026-07-18T11:15:00+0200,51516.229733,MW,DE,DE_LU,forecast_load,Forecasted Load,2026-08-09T22:55:36Z
2026-08-09T22:53:54Z,2026-08-10T00:53:54+0200,9f364823-fdf2-409d-8835-686a42d079dd,2026-07-18T09:30:00Z,2026-07-18T11:30:00+0200,51401.006472,MW,DE,DE_LU,forecast_load,Forecasted Load,2026-08-09T22:55:36Z
2026-08-09T22:53:54Z,2026-08-10T00:53:54+0200,9f364823-fdf2-409d-8835-686a42d079dd,2026-07-18T09:45:00Z,2026-07-18T11:45:00+0200,51402.771305,MW,DE,DE_LU,forecast_load,Forecasted Load,2026-08-09T22:55:36Z
2026-08-09T22:53:54Z,2026-08-10T00:53:54+0200,9f364823-fdf2-409d-8835-686a42d079dd,2026-07-18T10:00:00Z,2026-07-18T12:00:00+0200,51078.671464,MW,DE,DE_LU,forecast_load,Forecasted Load,2026-08-09T22:55:36Z
2026-08-09T22:53:54Z,2026-08-10T00:53:54+0200,9f364823-fdf2-409d-8835-686a42d079dd,2026-07-18T10:15:00Z,2026-07-18T12:15:00+0200,51045.474715,MW,DE,DE_LU,forecast_load,Forecasted Load,2026-08-09T22:55:36Z
2026-08-09T22:53:54Z,2026-08-10T00:53:54+0200,9f364823-fdf2-409d-8835-686a42d079dd,2026-07-18T10:30:00Z,2026-07-18T12:30:00+0200,50895.399435,MW,DE,DE_LU,forecast_load,Forecasted Load,2026-08-09T22:55:36Z
2026-08-09T22:53:54Z,2026-08-10T00:53:54+0200,9f364823-fdf2-409d-8835-686a42d079dd,2026-07-18T10:45:00Z,2026-07-18T12:45:00+0200,50698.655745,MW,DE,DE_LU,forecast_load,Forecasted Load,2026-08-09T22:55:36Z
2026-08-09T22:53:54Z,2026-08-10T00:53:54+0200,9f364823-fdf2-409d-8835-686a42d079dd,2026-07-18T11:00:00Z,2026-07-18T13:00:00+0200,50171.472616,MW,DE,DE_LU,forecast_load,Forecasted Load,2026-08-09T22:55:36Z
2026-08-09T22:53:54Z,2026-08-10T00:53:54+0200,9f364823-fdf2-409d-8835-686a42d079dd,2026-07-18T11:15:00Z,2026-07-18T13:15:00+0200,50089.271626,MW,DE,DE_LU,forecast_load,Forecasted Load,2026-08-09T22:55:36Z
2026-08-09T22:53:54Z,2026-08-10T00:53:54+0200,9f364823-fdf2-409d-8835-686a42d079dd,2026-07-18T11:30:00Z,2026-07-18T13:30:00+0200,49928.936215,MW,DE,DE_LU,forecast_load,Forecasted Load,2026-08-09T22:55:36Z
2026-08-09T22:53:54Z,2026-08-10T00:53:54+0200,9f364823-fdf2-409d-8835-686a42d079dd,2026-07-18T11:45:00Z,2026-07-18T13:45:00+0200,49709.04381,MW,DE,DE_LU,forecast_load,Forecasted Load,2026-08-09T22:55:36Z
2026-08-09T22:53:54Z,2026-08-10T00:53:54+0200,9f364823-fdf2-409d-8835-686a42d079dd,2026-07-18T12:00:00Z,2026-07-18T14:00:00+0200,49059.708116,MW,DE,DE_LU,forecast_load,Forecasted Load,2026-08-09T22:55:36Z
2026-08-09T22:53:54Z,2026-08-10T00:53:54+0200,9f364823-fdf2-409d-8835-686a42d079dd,2026-07-18T12:15:00Z,2026-07-18T14:15:00+0200,48970.287333,MW,DE,DE_LU,forecast_load,Forecasted Load,2026-08-09T22:55:36Z
2026-08-09T22:53:54Z,2026-08-10T00:53:54+0200,9f364823-fdf2-409d-8835-686a42d079dd,2026-07-18T12:30:00Z,2026-07-18T14:30:00+0200,48629.080543,MW,DE,DE_LU,forecast_load,Forecasted Load,2026-08-09T22:55:36Z
2026-08-09T22:53:54Z,2026-08-10T00:53:54+0200,9f364823-fdf2-409d-8835-686a42d079dd,2026-07-18T12:45:00Z,2026-07-18T14:45:00+0200,48336.858315,MW,DE,DE_LU,forecast_load,Forecasted Load,2026-08-09T22:55:36Z
2026-08-09T22:53:54Z,2026-08-10T00:53:54+0200,9f364823-fdf2-409d-8835-686a42d079dd,2026-07-18T13:00:00Z,2026-07-18T15:00:00+0200,48334.099001,MW,DE,DE_LU,forecast_load,Forecasted Load,2026-08-09T22:55:36Z
2026-08-09T22:53:54Z,2026-08-10T00:53:54+0200,9f364823-fdf2-409d-8835-686a42d079dd,2026-07-18T13:15:00Z,2026-07-18T15:15:00+0200,48255.526363,MW,DE,DE_LU,forecast_load,Forecasted Load,2026-08-09T22:55:36Z
2026-08-09T22:53:54Z,2026-08-10T00:53:54+0200,9f364823-fdf2-409d-8835-686a42d079dd,2026-07-18T13:30:00Z,2026-07-18T15:30:00+0200,48093.211145,MW,DE,DE_LU,forecast_load,Forecasted Load,2026-08-09T22:55:36Z
2026-08-09T22:53:54Z,2026-08-10T00:53:54+0200,9f364823-fdf2-409d-8835-686a42d079dd,2026-07-18T13:45:00Z,2026-07-18T15:45:00+0200,47738.774933,MW,DE,DE_LU,forecast_load,Forecasted Load,2026-08-09T22:55:36Z
2026-08-09T22:53:54Z,2026-08-10T00:53:54+0200,9f364823-fdf2-409d-8835-686a42d079dd,2026-07-18T14:00:00Z,2026-07-18T16:00:00+0200,48038.736233,MW,DE,DE_LU,forecast_load,Forecasted Load,2026-08-09T22:55:36Z
2026-08-09T22:53:54Z,2026-08-10T00:53:54+0200,9f364823-fdf2-409d-8835-686a42d079dd,2026-07-18T14:15:00Z,2026-07-18T16:15:00+0200,47967.460613,MW,DE,DE_LU,forecast_load,Forecasted Load,2026-08-09T22:55:36Z
2026-08-09T22:53:54Z,2026-08-10T00:53:54+0200,9f364823-fdf2-409d-8835-686a42d079dd,2026-07-18T14:30:00Z,2026-07-18T16:30:00+0200,48055.849756,MW,DE,DE_LU,forecast_load,Forecasted Load,2026-08-09T22:55:36Z
2026-08-09T22:53:54Z,2026-08-10T00:53:54+0200,9f364823-fdf2-409d-8835-686a42d079dd,2026-07-18T14:45:00Z,2026-07-18T16:45:00+0200,47663.54882,MW,DE,DE_LU,forecast_load,Forecasted Load,2026-08-09T22:55:36Z
2026-08-09T22:53:54Z,2026-08-10T00:53:54+0200,9f364823-fdf2-409d-8835-686a42d079dd,2026-07-18T15:00:00Z,2026-07-18T17:00:00+0200,48430.281542,MW,DE,DE_LU,forecast_load,Forecasted Load,2026-08-09T22:55:36Z
2026-08-09T22:53:54Z,2026-08-10T00:53:54+0200,9f364823-fdf2-409d-8835-686a42d079dd,2026-07-18T15:15:00Z,2026-07-18T17:15:00+0200,48138.687172,MW,DE,DE_LU,forecast_load,Forecasted Load,2026-08-09T22:55:36Z
2026-08-09T22:53:54Z,2026-08-10T00:53:54+0200,9f364823-fdf2-409d-8835-686a42d079dd,2026-07-18T15:30:00Z,2026-07-18T17:30:00+0200,48241.219514,MW,DE,DE_LU,forecast_load,Forecasted Load,2026-08-09T22:55:36Z
2026-08-09T22:53:54Z,2026-08-10T00:53:54+0200,9f364823-fdf2-409d-8835-686a42d079dd,2026-07-18T15:45:00Z,2026-07-18T17:45:00+0200,48360.412947,MW,DE,DE_LU,forecast_load,Forecasted Load,2026-08-09T22:55:36Z
2026-08-09T22:53:54Z,2026-08-10T00:53:54+0200,9f364823-fdf2-409d-8835-686a42d079dd,2026-07-18T16:00:00Z,2026-07-18T18:00:00+0200,49166.726565,MW,DE,DE_LU,forecast_load,Forecasted Load,2026-08-09T22:55:36Z
2026-08-09T22:53:54Z,2026-08-10T00:53:54+0200,9f364823-fdf2-409d-8835-686a42d079dd,2026-07-18T16:15:00Z,2026-07-18T18:15:00+0200,49409.870553,MW,DE,DE_LU,forecast_load,Forecasted Load,2026-08-09T22:55:36Z
2026-08-09T22:53:54Z,2026-08-10T00:53:54+0200,9f364823-fdf2-409d-8835-686a42d079dd,2026-07-18T16:30:00Z,2026-07-18T18:30:00+0200,49315.546441,MW,DE,DE_LU,forecast_load,Forecasted Load,2026-08-09T22:55:36Z
2026-08-09T22:53:54Z,2026-08-10T00:53:54+0200,9f364823-fdf2-409d-8835-686a42d079dd,2026-07-18T16:45:00Z,2026-07-18T18:45:00+0200,49857.591252,MW,DE,DE_LU,forecast_load,Forecasted Load,2026-08-09T22:55:36Z
2026-08-09T22:53:54Z,2026-08-10T00:53:54+0200,9f364823-fdf2-409d-8835-686a42d079dd,2026-07-18T17:00:00Z,2026-07-18T19:00:00+0200,50289.754618,MW,DE,DE_LU,forecast_load,Forecasted Load,2026-08-09T22:55:36Z
2026-08-09T22:53:54Z,2026-08-10T00:53:54+0200,9f364823-fdf2-409d-8835-686a42d079dd,2026-07-18T17:15:00Z,2026-07-18T19:15:00+0200,50376.200686,MW,DE,DE_LU,forecast_load,Forecasted Load,2026-08-09T22:55:36Z
2026-08-09T22:53:54Z,2026-08-10T00:53:54+0200,9f364823-fdf2-409d-8835-686a42d079dd,2026-07-18T17:30:00Z,2026-07-18T19:30:00+0200,50192.242849,MW,DE,DE_LU,forecast_load,Forecasted Load,2026-08-09T22:55:36Z
2026-08-09T22:53:54Z,2026-08-10T00:53:54+0200,9f364823-fdf2-409d-8835-686a42d079dd,2026-07-18T17:45:00Z,2026-07-18T19:45:00+0200,50271.158951,MW,DE,DE_LU,forecast_load,Forecasted Load,2026-08-09T22:55:36Z
2026-08-09T22:53:54Z,2026-08-10T00:53:54+0200,9f364823-fdf2-409d-8835-686a42d079dd,2026-07-18T18:00:00Z,2026-07-18T20:00:00+0200,50310.216624,MW,DE,DE_LU,forecast_load,Forecasted Load,2026-08-09T22:55:36Z
2026-08-09T22:53:54Z,2026-08-10T00:53:54+0200,9f364823-fdf2-409d-8835-686a42d079dd,2026-07-18T18:15:00Z,2026-07-18T20:15:00+0200,49974.064884,MW,DE,DE_LU,forecast_load,Forecasted Load,2026-08-09T22:55:36Z
2026-08-09T22:53:54Z,2026-08-10T00:53:54+0200,9f364823-fdf2-409d-8835-686a42d079dd,2026-07-18T18:30:00Z,2026-07-18T20:30:00+0200,49683.437873,MW,DE,DE_LU,forecast_load,Forecasted Load,2026-08-09T22:55:36Z
2026-08-09T22:53:54Z,2026-08-10T00:53:54+0200,9f364823-fdf2-409d-8835-686a42d079dd,2026-07-18T18:45:00Z,2026-07-18T20:45:00+0200,49175.946919,MW,DE,DE_LU,forecast_load,Forecasted Load,2026-08-09T22:55:36Z
2026-08-09T22:53:54Z,2026-08-10T00:53:54+0200,9f364823-fdf2-409d-8835-686a42d079dd,2026-07-18T19:00:00Z,2026-07-18T21:00:00+0200,48226.438846,MW,DE,DE_LU,forecast_load,Forecasted Load,2026-08-09T22:55:36Z
2026-08-09T22:53:54Z,2026-08-10T00:53:54+0200,9f364823-fdf2-409d-8835-686a42d079dd,2026-07-18T19:15:00Z,2026-07-18T21:15:00+0200,48004.197961,MW,DE,DE_LU,forecast_load,Forecasted Load,2026-08-09T22:55:36Z
2026-08-09T22:53:54Z,2026-08-10T00:53:54+0200,9f364823-fdf2-409d-8835-686a42d079dd,2026-07-18T19:30:00Z,2026-07-18T21:30:00+0200,47474.472014,MW,DE,DE_LU,forecast_load,Forecasted Load,2026-08-09T22:55:36Z
2026-08-09T22:53:54Z,2026-08-10T00:53:54+0200,9f364823-fdf2-409d-8835-686a42d079dd,2026-07-18T19:45:00Z,2026-07-18T21:45:00+0200,47207.220883,MW,DE,DE_LU,forecast_load,Forecasted Load,2026-08-09T22:55:36Z
2026-08-09T22:53:54Z,2026-08-10T00:53:54+0200,9f364823-fdf2-409d-8835-686a42d079dd,2026-07-18T20:00:00Z,2026-07-18T22:00:00+0200,46863.542177,MW,DE,DE_LU,forecast_load,Forecasted Load,2026-08-09T22:55:36Z
2026-08-09T22:53:54Z,2026-08-10T00:53:54+0200,9f364823-fdf2-409d-8835-686a42d079dd,2026-07-18T20:15:00Z,2026-07-18T22:15:00+0200,46275.604538,MW,DE,DE_LU,forecast_load,Forecasted Load,2026-08-09T22:55:36Z
2026-08-09T22:53:54Z,2026-08-10T00:53:54+0200,9f364823-fdf2-409d-8835-686a42d079dd,2026-07-18T20:30:00Z,2026-07-18T22:30:00+0200,45738.604989,MW,DE,DE_LU,forecast_load,Forecasted Load,2026-08-09T22:55:36Z
2026-08-09T22:53:54Z,2026-08-10T00:53:54+0200,9f364823-fdf2-409d-8835-686a42d079dd,2026-07-18T20:45:00Z,2026-07-18T22:45:00+0200,45251.00299,MW,DE,DE_LU,forecast_load,Forecasted Load,2026-08-09T22:55:36Z
2026-08-09T22:53:54Z,2026-08-10T00:53:54+0200,9f364823-fdf2-409d-8835-686a42d079dd,2026-07-18T21:00:00Z,2026-07-18T23:00:00+0200,44548.533999,MW,DE,DE_LU,forecast_load,Forecasted Load,2026-08-09T22:55:36Z
2026-08-09T22:53:54Z,2026-08-10T00:53:54+0200,9f364823-fdf2-409d-8835-686a42d079dd,2026-07-18T21:15:00Z,2026-07-18T23:15:00+0200,43979.200682,MW,DE,DE_LU,forecast_load,Forecasted Load,2026-08-09T22:55:36Z
2026-08-09T22:53:54Z,2026-08-10T00:53:54+0200,9f364823-fdf2-409d-8835-686a42d079dd,2026-07-18T21:30:00Z,2026-07-18T23:30:00+0200,43472.573984,MW,DE,DE_LU,forecast_load,Forecasted Load,2026-08-09T22:55:36Z
2026-08-09T22:53:54Z,2026-08-10T00:53:54+0200,9f364823-fdf2-409d-8835-686a42d079dd,2026-07-18T21:45:00Z,2026-07-18T23:45:00+0200,42897.394589,MW,DE,DE_LU,forecast_load,Forecasted Load,2026-08-09T22:55:36Z
2026-08-09T22:53:54Z,2026-08-10T00:53:54+0200,9f364823-fdf2-409d-8835-686a42d079dd,2026-07-18T22:00:00Z,2026-07-19T00:00:00+0200,43235.605082,MW,DE,DE_LU,forecast_load,Forecasted Load,2026-08-09T22:55:36Z
2026-08-09T22:53:54Z,2026-08-10T00:53:54+0200,9f364823-fdf2-409d-8835-686a42d079dd,2026-07-18T22:15:00Z,2026-07-19T00:15:00+0200,42493.247674,MW,DE,DE_LU,forecast_load,Forecasted Load,2026-08-09T22:55:36Z
2026-08-09T22:53:54Z,2026-08-10T00:53:54+0200,9f364823-fdf2-409d-8835-686a42d079dd,2026-07-18T22:30:00Z,2026-07-19T00:30:00+0200,42062.057998,MW,DE,DE_LU,forecast_load,Forecasted Load,2026-08-09T22:55:36Z
2026-08-09T22:53:54Z,2026-08-10T00:53:54+0200,9f364823-fdf2-409d-8835-686a42d079dd,2026-07-18T22:45:00Z,2026-07-19T00:45:00+0200,41640.315783,MW,DE,DE_LU,forecast_load,Forecasted Load,2026-08-09T22:55:36Z
2026-08-09T22:53:54Z,2026-08-10T00:53:54+0200,9f364823-fdf2-409d-8835-686a42d079dd,2026-07-18T23:00:00Z,2026-07-19T01:00:00+0200,41225.596167,MW,DE,DE_LU,forecast_load,Forecasted Load,2026-08-09T22:55:36Z
2026-08-09T22:53:54Z,2026-08-10T00:53:54+0200,9f364823-fdf2-409d-8835-686a42d079dd,2026-07-18T23:15:00Z,2026-07-19T01:15:00+0200,40689.344995,MW,DE,DE_LU,forecast_load,Forecasted Load,2026-08-09T22:55:36Z
2026-08-09T22:53:54Z,2026-08-10T00:53:54+0200,9f364823-fdf2-409d-8835-686a42d079dd,2026-07-18T23:30:00Z,2026-07-19T01:30:00+0200,40390.301751,MW,DE,DE_LU,forecast_load,Forecasted Load,2026-08-09T22:55:36Z
2026-08-09T22:53:54Z,2026-08-10T00:53:54+0200,9f364823-fdf2-409d-8835-686a42d079dd,2026-07-18T23:45:00Z,2026-07-19T01:45:00+0200,40144.577577,MW,DE,DE_LU,forecast_load,Forecasted Load,2026-08-09T22:55:36Z
2026-08-09T22:53:54Z,2026-08-10T00:53:54+0200,9f364823-fdf2-409d-8835-686a42d079dd,2026-07-19T00:00:00Z,2026-07-19T02:00:00+0200,39915.549472,MW,DE,DE_LU,forecast_load,Forecasted Load,2026-08-09T22:55:36Z
2026-08-09T22:53:54Z,2026-08-10T00:53:54+0200,9f364823-fdf2-409d-8835-686a42d079dd,2026-07-19T00:15:00Z,2026-07-19T02:15:00+0200,39514.180678,MW,DE,DE_LU,forecast_load,Forecasted Load,2026-08-09T22:55:36Z
2026-08-09T22:53:54Z,2026-08-10T00:53:54+0200,9f364823-fdf2-409d-8835-686a42d079dd,2026-07-19T00:30:00Z,2026-07-19T02:30:00+0200,39354.900558,MW,DE,DE_LU,forecast_load,Forecasted Load,2026-08-09T22:55:36Z
2026-08-09T22:53:54Z,2026-08-10T00:53:54+0200,9f364823-fdf2-409d-8835-686a42d079dd,2026-07-19T00:45:00Z,2026-07-19T02:45:00+0200,39279.874656,MW,DE,DE_LU,forecast_load,Forecasted Load,2026-08-09T22:55:36Z
2026-08-09T22:53:54Z,2026-08-10T00:53:54+0200,9f364823-fdf2-409d-8835-686a42d079dd,2026-07-19T01:00:00Z,2026-07-19T03:00:00+0200,39156.122989,MW,DE,DE_LU,forecast_load,Forecasted Load,2026-08-09T22:55:36Z
2026-08-09T22:53:54Z,2026-08-10T00:53:54+0200,9f364823-fdf2-409d-8835-686a42d079dd,2026-07-19T01:15:00Z,2026-07-19T03:15:00+0200,38994.053373,MW,DE,DE_LU,forecast_load,Forecasted Load,2026-08-09T22:55:36Z
2026-08-09T22:53:54Z,2026-08-10T00:53:54+0200,9f364823-fdf2-409d-8835-686a42d079dd,2026-07-19T01:30:00Z,2026-07-19T03:30:00+0200,38884.565919,MW,DE,DE_LU,forecast_load,Forecasted Load,2026-08-09T22:55:36Z
2026-08-09T22:53:54Z,2026-08-10T00:53:54+0200,9f364823-fdf2-409d-8835-686a42d079dd,2026-07-19T01:45:00Z,2026-07-19T03:45:00+0200,38900.414807,MW,DE,DE_LU,forecast_load,Forecasted Load,2026-08-09T22:55:36Z
2026-08-09T22:53:54Z,2026-08-10T00:53:54+0200,9f364823-fdf2-409d-8835-686a42d079dd,2026-07-19T02:00:00Z,2026-07-19T04:00:00+0200,38944.918848,MW,DE,DE_LU,forecast_load,Forecasted Load,2026-08-09T22:55:36Z
2026-08-09T22:53:54Z,2026-08-10T00:53:54+0200,9f364823-fdf2-409d-8835-686a42d079dd,2026-07-19T02:15:00Z,2026-07-19T04:15:00+0200,39178.35887,MW,DE,DE_LU,forecast_load,Forecasted Load,2026-08-09T22:55:36Z
2026-08-09T22:53:54Z,2026-08-10T00:53:54+0200,9f364823-fdf2-409d-8835-686a42d079dd,2026-07-19T02:30:00Z,2026-07-19T04:30:00+0200,39098.86258,MW,DE,DE_LU,forecast_load,Forecasted Load,2026-08-09T22:55:36Z
2026-08-09T22:53:54Z,2026-08-10T00:53:54+0200,9f364823-fdf2-409d-8835-686a42d079dd,2026-07-19T02:45:00Z,2026-07-19T04:45:00+0200,39281.30581,MW,DE,DE_LU,forecast_load,Forecasted Load,2026-08-09T22:55:36Z
2026-08-09T22:53:54Z,2026-08-10T00:53:54+0200,9f364823-fdf2-409d-8835-686a42d079dd,2026-07-19T03:00:00Z,2026-07-19T05:00:00+0200,39597.584797,MW,DE,DE_LU,forecast_load,Forecasted Load,2026-08-09T22:55:36Z
2026-08-09T22:53:54Z,2026-08-10T00:53:54+0200,9f364823-fdf2-409d-8835-686a42d079dd,2026-07-19T03:15:00Z,2026-07-19T05:15:00+0200,39812.896205,MW,DE,DE_LU,forecast_load,Forecasted Load,2026-08-09T22:55:36Z
2026-08-09T22:53:54Z,2026-08-10T00:53:54+0200,9f364823-fdf2-409d-8835-686a42d079dd,2026-07-19T03:30:00Z,2026-07-19T05:30:00+0200,40210.395474,MW,DE,DE_LU,forecast_load,Forecasted Load,2026-08-09T22:55:36Z
2026-08-09T22:53:54Z,2026-08-10T00:53:54+0200,9f364823-fdf2-409d-8835-686a42d079dd,2026-07-19T03:45:00Z,2026-07-19T05:45:00+0200,40061.657035,MW,DE,DE_LU,forecast_load,Forecasted Load,2026-08-09T22:55:36Z
2026-08-09T22:53:54Z,2026-08-10T00:53:54+0200,9f364823-fdf2-409d-8835-686a42d079dd,2026-07-19T04:00:00Z,2026-07-19T06:00:00+0200,41059.969674,MW,DE,DE_LU,forecast_load,Forecasted Load,2026-08-09T22:55:36Z
2026-08-09T22:53:54Z,2026-08-10T00:53:54+0200,9f364823-fdf2-409d-8835-686a42d079dd,2026-07-19T04:15:00Z,2026-07-19T06:15:00+0200,41248.217678,MW,DE,DE_LU,forecast_load,Forecasted Load,2026-08-09T22:55:36Z
2026-08-09T22:53:54Z,2026-08-10T00:53:54+0200,9f364823-fdf2-409d-8835-686a42d079dd,2026-07-19T04:30:00Z,2026-07-19T06:30:00+0200,41907.108625,MW,DE,DE_LU,forecast_load,Forecasted Load,2026-08-09T22:55:36Z
2026-08-09T22:53:54Z,2026-08-10T00:53:54+0200,9f364823-fdf2-409d-8835-686a42d079dd,2026-07-19T04:45:00Z,2026-07-19T06:45:00+0200,42300.04622,MW,DE,DE_LU,forecast_load,Forecasted Load,2026-08-09T22:55:36Z
2026-08-09T22:53:54Z,2026-08-10T00:53:54+0200,9f364823-fdf2-409d-8835-686a42d079dd,2026-07-19T05:00:00Z,2026-07-19T07:00:00+0200,42984.469008,MW,DE,DE_LU,forecast_load,Forecasted Load,2026-08-09T22:55:36Z
2026-08-09T22:53:54Z,2026-08-10T00:53:54+0200,9f364823-fdf2-409d-8835-686a42d079dd,2026-07-19T05:15:00Z,2026-07-19T07:15:00+0200,43597.97861,MW,DE,DE_LU,forecast_load,Forecasted Load,2026-08-09T22:55:36Z
2026-08-09T22:53:54Z,2026-08-10T00:53:54+0200,9f364823-fdf2-409d-8835-686a42d079dd,2026-07-19T05:30:00Z,2026-07-19T07:30:00+0200,44087.977327,MW,DE,DE_LU,forecast_load,Forecasted Load,2026-08-09T22:55:36Z
2026-08-09T22:53:54Z,2026-08-10T00:53:54+0200,9f364823-fdf2-409d-8835-686a42d079dd,2026-07-19T05:45:00Z,2026-07-19T07:45:00+0200,44867.845429,MW,DE,DE_LU,forecast_load,Forecasted Load,2026-08-09T22:55:36Z
2026-08-09T22:53:54Z,2026-08-10T00:53:54+0200,9f364823-fdf2-409d-8835-686a42d079dd,2026-07-19T06:00:00Z,2026-07-19T08:00:00+0200,44935.09635,MW,DE,DE_LU,forecast_load,Forecasted Load,2026-08-09T22:55:36Z
2026-08-09T22:53:54Z,2026-08-10T00:53:54+0200,9f364823-fdf2-409d-8835-686a42d079dd,2026-07-19T06:15:00Z,2026-07-19T08:15:00+0200,45648.968869,MW,DE,DE_LU,forecast_load,Forecasted Load,2026-08-09T22:55:36Z
2026-08-09T22:53:54Z,2026-08-10T00:53:54+0200,9f364823-fdf2-409d-8835-686a42d079dd,2026-07-19T06:30:00Z,2026-07-19T08:30:00+0200,46237.032516,MW,DE,DE_LU,forecast_load,Forecasted Load,2026-08-09T22:55:36Z
2026-08-09T22:53:54Z,2026-08-10T00:53:54+0200,9f364823-fdf2-409d-8835-686a42d079dd,2026-07-19T06:45:00Z,2026-07-19T08:45:00+0200,46622.152308,MW,DE,DE_LU,forecast_load,Forecasted Load,2026-08-09T22:55:36Z
2026-08-09T22:53:54Z,2026-08-10T00:53:54+0200,9f364823-fdf2-409d-8835-686a42d079dd,2026-07-19T07:00:00Z,2026-07-19T09:00:00+0200,46957.586779,MW,DE,DE_LU,forecast_load,Forecasted Load,2026-08-09T22:55:36Z
2026-08-09T22:53:54Z,2026-08-10T00:53:54+0200,9f364823-fdf2-409d-8835-686a42d079dd,2026-07-19T07:15:00Z,2026-07-19T09:15:00+0200,47469.828408,MW,DE,DE_LU,forecast_load,Forecasted Load,2026-08-09T22:55:36Z
2026-08-09T22:53:54Z,2026-08-10T00:53:54+0200,9f364823-fdf2-409d-8835-686a42d079dd,2026-07-19T07:30:00Z,2026-07-19T09:30:00+0200,47107.498827,MW,DE,DE_LU,forecast_load,Forecasted Load,2026-08-09T22:55:36Z
2026-08-09T22:53:54Z,2026-08-10T00:53:54+0200,9f364823-fdf2-409d-8835-686a42d079dd,2026-07-19T07:45:00Z,2026-07-19T09:45:00+0200,48685.373565,MW,DE,DE_LU,forecast_load,Forecasted Load,2026-08-09T22:55:36Z
2026-08-09T22:53:54Z,2026-08-10T00:53:54+0200,9f364823-fdf2-409d-8835-686a42d079dd,2026-07-19T08:00:00Z,2026-07-19T10:00:00+0200,48510.910819,MW,DE,DE_LU,forecast_load,Forecasted Load,2026-08-09T22:55:36Z
2026-08-09T22:53:54Z,2026-08-10T00:53:54+0200,9f364823-fdf2-409d-8835-686a42d079dd,2026-07-19T08:15:00Z,2026-07-19T10:15:00+0200,48824.67658,MW,DE,DE_LU,forecast_load,Forecasted Load,2026-08-09T22:55:36Z
2026-08-09T22:53:54Z,2026-08-10T00:53:54+0200,9f364823-fdf2-409d-8835-686a42d079dd,2026-07-19T08:30:00Z,2026-07-19T10:30:00+0200,49087.415369,MW,DE,DE_LU,forecast_load,Forecasted Load,2026-08-09T22:55:36Z
2026-08-09T22:53:54Z,2026-08-10T00:53:54+0200,9f364823-fdf2-409d-8835-686a42d079dd,2026-07-19T08:45:00Z,2026-07-19T10:45:00+0200,49396.353086,MW,DE,DE_LU,forecast_load,Forecasted Load,2026-08-09T22:55:36Z
2026-08-09T22:53:54Z,2026-08-10T00:53:54+0200,9f364823-fdf2-409d-8835-686a42d079dd,2026-07-19T09:00:00Z,2026-07-19T11:00:00+0200,49735.102568,MW,DE,DE_LU,forecast_load,Forecasted Load,2026-08-09T22:55:36Z
2026-08-09T22:53:54Z,2026-08-10T00:53:54+0200,9f364823-fdf2-409d-8835-686a42d079dd,2026-07-19T09:15:00Z,2026-07-19T11:15:00+0200,50006.468811,MW,DE,DE_LU,forecast_load,Forecasted Load,2026-08-09T22:55:36Z
2026-08-09T22:53:54Z,2026-08-10T00:53:54+0200,9f364823-fdf2-409d-8835-686a42d079dd,2026-07-19T09:30:00Z,2026-07-19T11:30:00+0200,49710.622054,MW,DE,DE_LU,forecast_load,Forecasted Load,2026-08-09T22:55:36Z
2026-08-09T22:53:54Z,2026-08-10T00:53:54+0200,9f364823-fdf2-409d-8835-686a42d079dd,2026-07-19T09:45:00Z,2026-07-19T11:45:00+0200,49356.592048,MW,DE,DE_LU,forecast_load,Forecasted Load,2026-08-09T22:55:36Z
2026-08-09T22:53:54Z,2026-08-10T00:53:54+0200,9f364823-fdf2-409d-8835-686a42d079dd,2026-07-19T10:00:00Z,2026-07-19T12:00:00+0200,49452.264094,MW,DE,DE_LU,forecast_load,Forecasted Load,2026-08-09T22:55:36Z
2026-08-09T22:53:54Z,2026-08-10T00:53:54+0200,9f364823-fdf2-409d-8835-686a42d079dd,2026-07-19T10:15:00Z,2026-07-19T12:15:00+0200,48992.28706,MW,DE,DE_LU,forecast_load,Forecasted Load,2026-08-09T22:55:36Z
2026-08-09T22:53:54Z,2026-08-10T00:53:54+0200,9f364823-fdf2-409d-8835-686a42d079dd,2026-07-19T10:30:00Z,2026-07-19T12:30:00+0200,49028.615113,MW,DE,DE_LU,forecast_load,Forecasted Load,2026-08-09T22:55:36Z
2026-08-09T22:53:54Z,2026-08-10T00:53:54+0200,9f364823-fdf2-409d-8835-686a42d079dd,2026-07-19T10:45:00Z,2026-07-19T12:45:00+0200,48986.511579,MW,DE,DE_LU,forecast_load,Forecasted Load,2026-08-09T22:55:36Z
2026-08-09T22:53:54Z,2026-08-10T00:53:54+0200,9f364823-fdf2-409d-8835-686a42d079dd,2026-07-19T11:00:00Z,2026-07-19T13:00:00+0200,48479.373384,MW,DE,DE_LU,forecast_load,Forecasted Load,2026-08-09T22:55:36Z
2026-08-09T22:53:54Z,2026-08-10T00:53:54+0200,9f364823-fdf2-409d-8835-686a42d079dd,2026-07-19T11:15:00Z,2026-07-19T13:15:00+0200,48057.146184,MW,DE,DE_LU,forecast_load,Forecasted Load,2026-08-09T22:55:36Z
2026-08-09T22:53:54Z,2026-08-10T00:53:54+0200,9f364823-fdf2-409d-8835-686a42d079dd,2026-07-19T11:30:00Z,2026-07-19T13:30:00+0200,47880.458253,MW,DE,DE_LU,forecast_load,Forecasted Load,2026-08-09T22:55:36Z
2026-08-09T22:53:54Z,2026-08-10T00:53:54+0200,9f364823-fdf2-409d-8835-686a42d079dd,2026-07-19T11:45:00Z,2026-07-19T13:45:00+0200,47653.762188,MW,DE,DE_LU,forecast_load,Forecasted Load,2026-08-09T22:55:36Z
2026-08-09T22:53:54Z,2026-08-10T00:53:54+0200,9f364823-fdf2-409d-8835-686a42d079dd,2026-07-19T12:00:00Z,2026-07-19T14:00:00+0200,47352.600002,MW,DE,DE_LU,forecast_load,Forecasted Load,2026-08-09T22:55:36Z
2026-08-09T22:53:54Z,2026-08-10T00:53:54+0200,9f364823-fdf2-409d-8835-686a42d079dd,2026-07-19T12:15:00Z,2026-07-19T14:15:00+0200,47314.027348,MW,DE,DE_LU,forecast_load,Forecasted Load,2026-08-09T22:55:36Z
2026-08-09T22:53:54Z,2026-08-10T00:53:54+0200,9f364823-fdf2-409d-8835-686a42d079dd,2026-07-19T12:30:00Z,2026-07-19T14:30:00+0200,47230.076118,MW,DE,DE_LU,forecast_load,Forecasted Load,2026-08-09T22:55:36Z
2026-08-09T22:53:54Z,2026-08-10T00:53:54+0200,9f364823-fdf2-409d-8835-686a42d079dd,2026-07-19T12:45:00Z,2026-07-19T14:45:00+0200,46968.945981,MW,DE,DE_LU,forecast_load,Forecasted Load,2026-08-09T22:55:36Z
2026-08-09T22:53:54Z,2026-08-10T00:53:54+0200,9f364823-fdf2-409d-8835-686a42d079dd,2026-07-19T13:00:00Z,2026-07-19T15:00:00+0200,47209.950727,MW,DE,DE_LU,forecast_load,Forecasted Load,2026-08-09T22:55:36Z
2026-08-09T22:53:54Z,2026-08-10T00:53:54+0200,9f364823-fdf2-409d-8835-686a42d079dd,2026-07-19T13:15:00Z,2026-07-19T15:15:00+0200,46939.463308,MW,DE,DE_LU,forecast_load,Forecasted Load,2026-08-09T22:55:36Z
2026-08-09T22:53:54Z,2026-08-10T00:53:54+0200,9f364823-fdf2-409d-8835-686a42d079dd,2026-07-19T13:30:00Z,2026-07-19T15:30:00+0200,46628.222506,MW,DE,DE_LU,forecast_load,Forecasted Load,2026-08-09T22:55:36Z
2026-08-09T22:53:54Z,2026-08-10T00:53:54+0200,9f364823-fdf2-409d-8835-686a42d079dd,2026-07-19T13:45:00Z,2026-07-19T15:45:00+0200,46248.166559,MW,DE,DE_LU,forecast_load,Forecasted Load,2026-08-09T22:55:36Z
2026-08-09T22:53:54Z,2026-08-10T00:53:54+0200,9f364823-fdf2-409d-8835-686a42d079dd,2026-07-19T14:00:00Z,2026-07-19T16:00:00+0200,47016.596479,MW,DE,DE_LU,forecast_load,Forecasted Load,2026-08-09T22:55:36Z
2026-08-09T22:53:54Z,2026-08-10T00:53:54+0200,9f364823-fdf2-409d-8835-686a42d079dd,2026-07-19T14:15:00Z,2026-07-19T16:15:00+0200,46751.126163,MW,DE,DE_LU,forecast_load,Forecasted Load,2026-08-09T22:55:36Z
2026-08-09T22:53:54Z,2026-08-10T00:53:54+0200,9f364823-fdf2-409d-8835-686a42d079dd,2026-07-19T14:30:00Z,2026-07-19T16:30:00+0200,47138.840837,MW,DE,DE_LU,forecast_load,Forecasted Load,2026-08-09T22:55:36Z
2026-08-09T22:53:54Z,2026-08-10T00:53:54+0200,9f364823-fdf2-409d-8835-686a42d079dd,2026-07-19T14:45:00Z,2026-07-19T16:45:00+0200,46502.718818,MW,DE,DE_LU,forecast_load,Forecasted Load,2026-08-09T22:55:36Z
2026-08-09T22:53:54Z,2026-08-10T00:53:54+0200,9f364823-fdf2-409d-8835-686a42d079dd,2026-07-19T15:00:00Z,2026-07-19T17:00:00+0200,47615.157145,MW,DE,DE_LU,forecast_load,Forecasted Load,2026-08-09T22:55:36Z
2026-08-09T22:53:54Z,2026-08-10T00:53:54+0200,9f364823-fdf2-409d-8835-686a42d079dd,2026-07-19T15:15:00Z,2026-07-19T17:15:00+0200,47479.622308,MW,DE,DE_LU,forecast_load,Forecasted Load,2026-08-09T22:55:36Z
2026-08-09T22:53:54Z,2026-08-10T00:53:54+0200,9f364823-fdf2-409d-8835-686a42d079dd,2026-07-19T15:30:00Z,2026-07-19T17:30:00+0200,47571.470701,MW,DE,DE_LU,forecast_load,Forecasted Load,2026-08-09T22:55:36Z
2026-08-09T22:53:54Z,2026-08-10T00:53:54+0200,9f364823-fdf2-409d-8835-686a42d079dd,2026-07-19T15:45:00Z,2026-07-19T17:45:00+0200,47967.293047,MW,DE,DE_LU,forecast_load,Forecasted Load,2026-08-09T22:55:36Z
2026-08-09T22:53:54Z,2026-08-10T00:53:54+0200,9f364823-fdf2-409d-8835-686a42d079dd,2026-07-19T16:00:00Z,2026-07-19T18:00:00+0200,48614.593959,MW,DE,DE_LU,forecast_load,Forecasted Load,2026-08-09T22:55:36Z
2026-08-09T22:53:54Z,2026-08-10T00:53:54+0200,9f364823-fdf2-409d-8835-686a42d079dd,2026-07-19T16:15:00Z,2026-07-19T18:15:00+0200,48651.723408,MW,DE,DE_LU,forecast_load,Forecasted Load,2026-08-09T22:55:36Z
2026-08-09T22:53:54Z,2026-08-10T00:53:54+0200,9f364823-fdf2-409d-8835-686a42d079dd,2026-07-19T16:30:00Z,2026-07-19T18:30:00+0200,49314.602034,MW,DE,DE_LU,forecast_load,Forecasted Load,2026-08-09T22:55:36Z
2026-08-09T22:53:54Z,2026-08-10T00:53:54+0200,9f364823-fdf2-409d-8835-686a42d079dd,2026-07-19T16:45:00Z,2026-07-19T18:45:00+0200,49928.802403,MW,DE,DE_LU,forecast_load,Forecasted Load,2026-08-09T22:55:36Z
2026-08-09T22:53:54Z,2026-08-10T00:53:54+0200,9f364823-fdf2-409d-8835-686a42d079dd,2026-07-19T17:00:00Z,2026-07-19T19:00:00+0200,50773.916967,MW,DE,DE_LU,forecast_load,Forecasted Load,2026-08-09T22:55:36Z
2026-08-09T22:53:54Z,2026-08-10T00:53:54+0200,9f364823-fdf2-409d-8835-686a42d079dd,2026-07-19T17:15:00Z,2026-07-19T19:15:00+0200,51211.529753,MW,DE,DE_LU,forecast_load,Forecasted Load,2026-08-09T22:55:36Z
2026-08-09T22:53:54Z,2026-08-10T00:53:54+0200,9f364823-fdf2-409d-8835-686a42d079dd,2026-07-19T17:30:00Z,2026-07-19T19:30:00+0200,51477.037033,MW,DE,DE_LU,forecast_load,Forecasted Load,2026-08-09T22:55:36Z
2026-08-09T22:53:54Z,2026-08-10T00:53:54+0200,9f364823-fdf2-409d-8835-686a42d079dd,2026-07-19T17:45:00Z,2026-07-19T19:45:00+0200,51577.663638,MW,DE,DE_LU,forecast_load,Forecasted Load,2026-08-09T22:55:36Z
2026-08-09T22:53:54Z,2026-08-10T00:53:54+0200,9f364823-fdf2-409d-8835-686a42d079dd,2026-07-19T18:00:00Z,2026-07-19T20:00:00+0200,51595.093824,MW,DE,DE_LU,forecast_load,Forecasted Load,2026-08-09T22:55:36Z
2026-08-09T22:53:54Z,2026-08-10T00:53:54+0200,9f364823-fdf2-409d-8835-686a42d079dd,2026-07-19T18:15:00Z,2026-07-19T20:15:00+0200,51504.144168,MW,DE,DE_LU,forecast_load,Forecasted Load,2026-08-09T22:55:36Z
2026-08-09T22:53:54Z,2026-08-10T00:53:54+0200,9f364823-fdf2-409d-8835-686a42d079dd,2026-07-19T18:30:00Z,2026-07-19T20:30:00+0200,51207.31511,MW,DE,DE_LU,forecast_load,Forecasted Load,2026-08-09T22:55:36Z
2026-08-09T22:53:54Z,2026-08-10T00:53:54+0200,9f364823-fdf2-409d-8835-686a42d079dd,2026-07-19T18:45:00Z,2026-07-19T20:45:00+0200,50773.235401,MW,DE,DE_LU,forecast_load,Forecasted Load,2026-08-09T22:55:36Z
2026-08-09T22:53:54Z,2026-08-10T00:53:54+0200,9f364823-fdf2-409d-8835-686a42d079dd,2026-07-19T19:00:00Z,2026-07-19T21:00:00+0200,50291.381022,MW,DE,DE_LU,forecast_load,Forecasted Load,2026-08-09T22:55:36Z
2026-08-09T22:53:54Z,2026-08-10T00:53:54+0200,9f364823-fdf2-409d-8835-686a42d079dd,2026-07-19T19:15:00Z,2026-07-19T21:15:00+0200,50185.984771,MW,DE,DE_LU,forecast_load,Forecasted Load,2026-08-09T22:55:36Z
2026-08-09T22:53:54Z,2026-08-10T00:53:54+0200,9f364823-fdf2-409d-8835-686a42d079dd,2026-07-19T19:30:00Z,2026-07-19T21:30:00+0200,49787.327995,MW,DE,DE_LU,forecast_load,Forecasted Load,2026-08-09T22:55:36Z
2026-08-09T22:53:54Z,2026-08-10T00:53:54+0200,9f364823-fdf2-409d-8835-686a42d079dd,2026-07-19T19:45:00Z,2026-07-19T21:45:00+0200,49512.976957,MW,DE,DE_LU,forecast_load,Forecasted Load,2026-08-09T22:55:36Z
2026-08-09T22:53:54Z,2026-08-10T00:53:54+0200,9f364823-fdf2-409d-8835-686a42d079dd,2026-07-19T20:00:00Z,2026-07-19T22:00:00+0200,49044.087472,MW,DE,DE_LU,forecast_load,Forecasted Load,2026-08-09T22:55:36Z
2026-08-09T22:53:54Z,2026-08-10T00:53:54+0200,9f364823-fdf2-409d-8835-686a42d079dd,2026-07-19T20:15:00Z,2026-07-19T22:15:00+0200,48740.413982,MW,DE,DE_LU,forecast_load,Forecasted Load,2026-08-09T22:55:36Z
2026-08-09T22:53:54Z,2026-08-10T00:53:54+0200,9f364823-fdf2-409d-8835-686a42d079dd,2026-07-19T20:30:00Z,2026-07-19T22:30:00+0200,48286.094542,MW,DE,DE_LU,forecast_load,Forecasted Load,2026-08-09T22:55:36Z
2026-08-09T22:53:54Z,2026-08-10T00:53:54+0200,9f364823-fdf2-409d-8835-686a42d079dd,2026-07-19T20:45:00Z,2026-07-19T22:45:00+0200,47692.090223,MW,DE,DE_LU,forecast_load,Forecasted Load,2026-08-09T22:55:36Z
2026-08-09T22:53:54Z,2026-08-10T00:53:54+0200,9f364823-fdf2-409d-8835-686a42d079dd,2026-07-19T21:00:00Z,2026-07-19T23:00:00+0200,46904.750495,MW,DE,DE_LU,forecast_load,Forecasted Load,2026-08-09T22:55:36Z
2026-08-09T22:53:54Z,2026-08-10T00:53:54+0200,9f364823-fdf2-409d-8835-686a42d079dd,2026-07-19T21:15:00Z,2026-07-19T23:15:00+0200,46260.812142,MW,DE,DE_LU,forecast_load,Forecasted Load,2026-08-09T22:55:36Z
2026-08-09T22:53:54Z,2026-08-10T00:53:54+0200,9f364823-fdf2-409d-8835-686a42d079dd,2026-07-19T21:30:00Z,2026-07-19T23:30:00+0200,45747.336522,MW,DE,DE_LU,forecast_load,Forecasted Load,2026-08-09T22:55:36Z
2026-08-09T22:53:54Z,2026-08-10T00:53:54+0200,9f364823-fdf2-409d-8835-686a42d079dd,2026-07-19T21:45:00Z,2026-07-19T23:45:00+0200,45273.107174,MW,DE,DE_LU,forecast_load,Forecasted Load,2026-08-09T22:55:36Z
2026-08-09T22:53:54Z,2026-08-10T00:53:54+0200,9f364823-fdf2-409d-8835-686a42d079dd,2026-07-19T22:00:00Z,2026-07-20T00:00:00+0200,43323.442298,MW,DE,DE_LU,forecast_load,Forecasted Load,2026-08-09T22:55:36Z
2026-08-09T22:53:54Z,2026-08-10T00:53:54+0200,9f364823-fdf2-409d-8835-686a42d079dd,2026-07-19T22:15:00Z,2026-07-20T00:15:00+0200,42850.279466,MW,DE,DE_LU,forecast_load,Forecasted Load,2026-08-09T22:55:36Z
2026-08-09T22:53:54Z,2026-08-10T00:53:54+0200,9f364823-fdf2-409d-8835-686a42d079dd,2026-07-19T22:30:00Z,2026-07-20T00:30:00+0200,42668.05294,MW,DE,DE_LU,forecast_load,Forecasted Load,2026-08-09T22:55:36Z
2026-08-09T22:53:54Z,2026-08-10T00:53:54+0200,9f364823-fdf2-409d-8835-686a42d079dd,2026-07-19T22:45:00Z,2026-07-20T00:45:00+0200,42351.288587,MW,DE,DE_LU,forecast_load,Forecasted Load,2026-08-09T22:55:36Z
2026-08-09T22:53:54Z,2026-08-10T00:53:54+0200,9f364823-fdf2-409d-8835-686a42d079dd,2026-07-19T23:00:00Z,2026-07-20T01:00:00+0200,41918.74836,MW,DE,DE_LU,forecast_load,Forecasted Load,2026-08-09T22:55:36Z
2026-08-09T22:53:54Z,2026-08-10T00:53:54+0200,9f364823-fdf2-409d-8835-686a42d079dd,2026-07-19T23:15:00Z,2026-07-20T01:15:00+0200,41575.641842,MW,DE,DE_LU,forecast_load,Forecasted Load,2026-08-09T22:55:36Z
2026-08-09T22:53:54Z,2026-08-10T00:53:54+0200,9f364823-fdf2-409d-8835-686a42d079dd,2026-07-19T23:30:00Z,2026-07-20T01:30:00+0200,41364.868455,MW,DE,DE_LU,forecast_load,Forecasted Load,2026-08-09T22:55:36Z
2026-08-09T22:53:54Z,2026-08-10T00:53:54+0200,9f364823-fdf2-409d-8835-686a42d079dd,2026-07-19T23:45:00Z,2026-07-20T01:45:00+0200,41143.456298,MW,DE,DE_LU,forecast_load,Forecasted Load,2026-08-09T22:55:36Z
2026-08-09T22:53:54Z,2026-08-10T00:53:54+0200,9f364823-fdf2-409d-8835-686a42d079dd,2026-07-20T00:00:00Z,2026-07-20T02:00:00+0200,41077.650489,MW,DE,DE_LU,forecast_load,Forecasted Load,2026-08-09T22:55:36Z
2026-08-09T22:53:54Z,2026-08-10T00:53:54+0200,9f364823-fdf2-409d-8835-686a42d079dd,2026-07-20T00:15:00Z,2026-07-20T02:15:00+0200,40977.955764,MW,DE,DE_LU,forecast_load,Forecasted Load,2026-08-09T22:55:36Z
2026-08-09T22:53:54Z,2026-08-10T00:53:54+0200,9f364823-fdf2-409d-8835-686a42d079dd,2026-07-20T00:30:00Z,2026-07-20T02:30:00+0200,40854.240597,MW,DE,DE_LU,forecast_load,Forecasted Load,2026-08-09T22:55:36Z
2026-08-09T22:53:54Z,2026-08-10T00:53:54+0200,9f364823-fdf2-409d-8835-686a42d079dd,2026-07-20T00:45:00Z,2026-07-20T02:45:00+0200,40899.095905,MW,DE,DE_LU,forecast_load,Forecasted Load,2026-08-09T22:55:36Z
2026-08-09T22:53:54Z,2026-08-10T00:53:54+0200,9f364823-fdf2-409d-8835-686a42d079dd,2026-07-20T01:00:00Z,2026-07-20T03:00:00+0200,40933.176576,MW,DE,DE_LU,forecast_load,Forecasted Load,2026-08-09T22:55:36Z
2026-08-09T22:53:54Z,2026-08-10T00:53:54+0200,9f364823-fdf2-409d-8835-686a42d079dd,2026-07-20T01:15:00Z,2026-07-20T03:15:00+0200,40959.271719,MW,DE,DE_LU,forecast_load,Forecasted Load,2026-08-09T22:55:36Z
2026-08-09T22:53:54Z,2026-08-10T00:53:54+0200,9f364823-fdf2-409d-8835-686a42d079dd,2026-07-20T01:30:00Z,2026-07-20T03:30:00+0200,41088.184118,MW,DE,DE_LU,forecast_load,Forecasted Load,2026-08-09T22:55:36Z
2026-08-09T22:53:54Z,2026-08-10T00:53:54+0200,9f364823-fdf2-409d-8835-686a42d079dd,2026-07-20T01:45:00Z,2026-07-20T03:45:00+0200,41344.076401,MW,DE,DE_LU,forecast_load,Forecasted Load,2026-08-09T22:55:36Z
2026-08-09T22:53:54Z,2026-08-10T00:53:54+0200,9f364823-fdf2-409d-8835-686a42d079dd,2026-07-20T02:00:00Z,2026-07-20T04:00:00+0200,41823.997308,MW,DE,DE_LU,forecast_load,Forecasted Load,2026-08-09T22:55:36Z
2026-08-09T22:53:54Z,2026-08-10T00:53:54+0200,9f364823-fdf2-409d-8835-686a42d079dd,2026-07-20T02:15:00Z,2026-07-20T04:15:00+0200,42032.402588,MW,DE,DE_LU,forecast_load,Forecasted Load,2026-08-09T22:55:36Z
2026-08-09T22:53:54Z,2026-08-10T00:53:54+0200,9f364823-fdf2-409d-8835-686a42d079dd,2026-07-20T02:30:00Z,2026-07-20T04:30:00+0200,42490.795997,MW,DE,DE_LU,forecast_load,Forecasted Load,2026-08-09T22:55:36Z
2026-08-09T22:53:54Z,2026-08-10T00:53:54+0200,9f364823-fdf2-409d-8835-686a42d079dd,2026-07-20T02:45:00Z,2026-07-20T04:45:00+0200,43151.388469,MW,DE,DE_LU,forecast_load,Forecasted Load,2026-08-09T22:55:36Z
2026-08-09T22:53:54Z,2026-08-10T00:53:54+0200,9f364823-fdf2-409d-8835-686a42d079dd,2026-07-20T03:00:00Z,2026-07-20T05:00:00+0200,44134.96412,MW,DE,DE_LU,forecast_load,Forecasted Load,2026-08-09T22:55:36Z
2026-08-09T22:53:54Z,2026-08-10T00:53:54+0200,9f364823-fdf2-409d-8835-686a42d079dd,2026-07-20T03:15:00Z,2026-07-20T05:15:00+0200,44936.969674,MW,DE,DE_LU,forecast_load,Forecasted Load,2026-08-09T22:55:36Z
2026-08-09T22:53:54Z,2026-08-10T00:53:54+0200,9f364823-fdf2-409d-8835-686a42d079dd,2026-07-20T03:30:00Z,2026-07-20T05:30:00+0200,46600.753475,MW,DE,DE_LU,forecast_load,Forecasted Load,2026-08-09T22:55:36Z
2026-08-09T22:53:54Z,2026-08-10T00:53:54+0200,9f364823-fdf2-409d-8835-686a42d079dd,2026-07-20T03:45:00Z,2026-07-20T05:45:00+0200,47649.394252,MW,DE,DE_LU,forecast_load,Forecasted Load,2026-08-09T22:55:36Z
2026-08-09T22:53:54Z,2026-08-10T00:53:54+0200,9f364823-fdf2-409d-8835-686a42d079dd,2026-07-20T04:00:00Z,2026-07-20T06:00:00+0200,50244.097773,MW,DE,DE_LU,forecast_load,Forecasted Load,2026-08-09T22:55:36Z
2026-08-09T22:53:54Z,2026-08-10T00:53:54+0200,9f364823-fdf2-409d-8835-686a42d079dd,2026-07-20T04:15:00Z,2026-07-20T06:15:00+0200,51538.83784,MW,DE,DE_LU,forecast_load,Forecasted Load,2026-08-09T22:55:36Z
2026-08-09T22:53:54Z,2026-08-10T00:53:54+0200,9f364823-fdf2-409d-8835-686a42d079dd,2026-07-20T04:30:00Z,2026-07-20T06:30:00+0200,52901.972779,MW,DE,DE_LU,forecast_load,Forecasted Load,2026-08-09T22:55:36Z
2026-08-09T22:53:54Z,2026-08-10T00:53:54+0200,9f364823-fdf2-409d-8835-686a42d079dd,2026-07-20T04:45:00Z,2026-07-20T06:45:00+0200,54235.207998,MW,DE,DE_LU,forecast_load,Forecasted Load,2026-08-09T22:55:36Z
2026-08-09T22:53:54Z,2026-08-10T00:53:54+0200,9f364823-fdf2-409d-8835-686a42d079dd,2026-07-20T05:00:00Z,2026-07-20T07:00:00+0200,55946.540383,MW,DE,DE_LU,forecast_load,Forecasted Load,2026-08-09T22:55:36Z
2026-08-09T22:53:54Z,2026-08-10T00:53:54+0200,9f364823-fdf2-409d-8835-686a42d079dd,2026-07-20T05:15:00Z,2026-07-20T07:15:00+0200,57087.709145,MW,DE,DE_LU,forecast_load,Forecasted Load,2026-08-09T22:55:36Z
2026-08-09T22:53:54Z,2026-08-10T00:53:54+0200,9f364823-fdf2-409d-8835-686a42d079dd,2026-07-20T05:30:00Z,2026-07-20T07:30:00+0200,58283.424576,MW,DE,DE_LU,forecast_load,Forecasted Load,2026-08-09T22:55:36Z
2026-08-09T22:53:54Z,2026-08-10T00:53:54+0200,9f364823-fdf2-409d-8835-686a42d079dd,2026-07-20T05:45:00Z,2026-07-20T07:45:00+0200,58993.066254,MW,DE,DE_LU,forecast_load,Forecasted Load,2026-08-09T22:55:36Z
2026-08-09T22:53:54Z,2026-08-10T00:53:54+0200,9f364823-fdf2-409d-8835-686a42d079dd,2026-07-20T06:00:00Z,2026-07-20T08:00:00+0200,60116.068058,MW,DE,DE_LU,forecast_load,Forecasted Load,2026-08-09T22:55:36Z
2026-08-09T22:53:54Z,2026-08-10T00:53:54+0200,9f364823-fdf2-409d-8835-686a42d079dd,2026-07-20T06:15:00Z,2026-07-20T08:15:00+0200,60723.378951,MW,DE,DE_LU,forecast_load,Forecasted Load,2026-08-09T22:55:36Z
2026-08-09T22:53:54Z,2026-08-10T00:53:54+0200,9f364823-fdf2-409d-8835-686a42d079dd,2026-07-20T06:30:00Z,2026-07-20T08:30:00+0200,61250.498314,MW,DE,DE_LU,forecast_load,Forecasted Load,2026-08-09T22:55:36Z
2026-08-09T22:53:54Z,2026-08-10T00:53:54+0200,9f364823-fdf2-409d-8835-686a42d079dd,2026-07-20T06:45:00Z,2026-07-20T08:45:00+0200,61747.57989,MW,DE,DE_LU,forecast_load,Forecasted Load,2026-08-09T22:55:36Z
2026-08-09T22:53:54Z,2026-08-10T00:53:54+0200,9f364823-fdf2-409d-8835-686a42d079dd,2026-07-20T07:00:00Z,2026-07-20T09:00:00+0200,61732.955406,MW,DE,DE_LU,forecast_load,Forecasted Load,2026-08-09T22:55:36Z
2026-08-09T22:53:54Z,2026-08-10T00:53:54+0200,9f364823-fdf2-409d-8835-686a42d079dd,2026-07-20T07:15:00Z,2026-07-20T09:15:00+0200,61926.163657,MW,DE,DE_LU,forecast_load,Forecasted Load,2026-08-09T22:55:36Z
2026-08-09T22:53:54Z,2026-08-10T00:53:54+0200,9f364823-fdf2-409d-8835-686a42d079dd,2026-07-20T07:30:00Z,2026-07-20T09:30:00+0200,62411.039579,MW,DE,DE_LU,forecast_load,Forecasted Load,2026-08-09T22:55:36Z
2026-08-09T22:53:54Z,2026-08-10T00:53:54+0200,9f364823-fdf2-409d-8835-686a42d079dd,2026-07-20T07:45:00Z,2026-07-20T09:45:00+0200,62571.096071,MW,DE,DE_LU,forecast_load,Forecasted Load,2026-08-09T22:55:36Z
2026-08-09T22:53:54Z,2026-08-10T00:53:54+0200,9f364823-fdf2-409d-8835-686a42d079dd,2026-07-20T08:00:00Z,2026-07-20T10:00:00+0200,62470.012267,MW,DE,DE_LU,forecast_load,Forecasted Load,2026-08-09T22:55:36Z
2026-08-09T22:53:54Z,2026-08-10T00:53:54+0200,9f364823-fdf2-409d-8835-686a42d079dd,2026-07-20T08:15:00Z,2026-07-20T10:15:00+0200,62137.62976,MW,DE,DE_LU,forecast_load,Forecasted Load,2026-08-09T22:55:36Z
2026-08-09T22:53:54Z,2026-08-10T00:53:54+0200,9f364823-fdf2-409d-8835-686a42d079dd,2026-07-20T08:30:00Z,2026-07-20T10:30:00+0200,62364.517419,MW,DE,DE_LU,forecast_load,Forecasted Load,2026-08-09T22:55:36Z
2026-08-09T22:53:54Z,2026-08-10T00:53:54+0200,9f364823-fdf2-409d-8835-686a42d079dd,2026-07-20T08:45:00Z,2026-07-20T10:45:00+0200,62287.832153,MW,DE,DE_LU,forecast_load,Forecasted Load,2026-08-09T22:55:36Z
2026-08-09T22:53:54Z,2026-08-10T00:53:54+0200,9f364823-fdf2-409d-8835-686a42d079dd,2026-07-20T09:00:00Z,2026-07-20T11:00:00+0200,62278.208544,MW,DE,DE_LU,forecast_load,Forecasted Load,2026-08-09T22:55:36Z
2026-08-09T22:53:54Z,2026-08-10T00:53:54+0200,9f364823-fdf2-409d-8835-686a42d079dd,2026-07-20T09:15:00Z,2026-07-20T11:15:00+0200,62532.007572,MW,DE,DE_LU,forecast_load,Forecasted Load,2026-08-09T22:55:36Z
2026-08-09T22:53:54Z,2026-08-10T00:53:54+0200,9f364823-fdf2-409d-8835-686a42d079dd,2026-07-20T09:30:00Z,2026-07-20T11:30:00+0200,62424.876439,MW,DE,DE_LU,forecast_load,Forecasted Load,2026-08-09T22:55:36Z
2026-08-09T22:53:54Z,2026-08-10T00:53:54+0200,9f364823-fdf2-409d-8835-686a42d079dd,2026-07-20T09:45:00Z,2026-07-20T11:45:00+0200,62204.181629,MW,DE,DE_LU,forecast_load,Forecasted Load,2026-08-09T22:55:36Z
2026-08-09T22:53:54Z,2026-08-10T00:53:54+0200,9f364823-fdf2-409d-8835-686a42d079dd,2026-07-20T10:00:00Z,2026-07-20T12:00:00+0200,61578.370768,MW,DE,DE_LU,forecast_load,Forecasted Load,2026-08-09T22:55:36Z
2026-08-09T22:53:54Z,2026-08-10T00:53:54+0200,9f364823-fdf2-409d-8835-686a42d079dd,2026-07-20T10:15:00Z,2026-07-20T12:15:00+0200,61609.380186,MW,DE,DE_LU,forecast_load,Forecasted Load,2026-08-09T22:55:36Z
2026-08-09T22:53:54Z,2026-08-10T00:53:54+0200,9f364823-fdf2-409d-8835-686a42d079dd,2026-07-20T10:30:00Z,2026-07-20T12:30:00+0200,61593.267949,MW,DE,DE_LU,forecast_load,Forecasted Load,2026-08-09T22:55:36Z
2026-08-09T22:53:54Z,2026-08-10T00:53:54+0200,9f364823-fdf2-409d-8835-686a42d079dd,2026-07-20T10:45:00Z,2026-07-20T12:45:00+0200,61235.164406,MW,DE,DE_LU,forecast_load,Forecasted Load,2026-08-09T22:55:36Z
2026-08-09T22:53:54Z,2026-08-10T00:53:54+0200,9f364823-fdf2-409d-8835-686a42d079dd,2026-07-20T11:00:00Z,2026-07-20T13:00:00+0200,60862.77123,MW,DE,DE_LU,forecast_load,Forecasted Load,2026-08-09T22:55:36Z
2026-08-09T22:53:54Z,2026-08-10T00:53:54+0200,9f364823-fdf2-409d-8835-686a42d079dd,2026-07-20T11:15:00Z,2026-07-20T13:15:00+0200,60736.29126,MW,DE,DE_LU,forecast_load,Forecasted Load,2026-08-09T22:55:36Z
2026-08-09T22:53:54Z,2026-08-10T00:53:54+0200,9f364823-fdf2-409d-8835-686a42d079dd,2026-07-20T11:30:00Z,2026-07-20T13:30:00+0200,60464.323081,MW,DE,DE_LU,forecast_load,Forecasted Load,2026-08-09T22:55:36Z
2026-08-09T22:53:54Z,2026-08-10T00:53:54+0200,9f364823-fdf2-409d-8835-686a42d079dd,2026-07-20T11:45:00Z,2026-07-20T13:45:00+0200,60168.637169,MW,DE,DE_LU,forecast_load,Forecasted Load,2026-08-09T22:55:36Z
2026-08-09T22:53:54Z,2026-08-10T00:53:54+0200,9f364823-fdf2-409d-8835-686a42d079dd,2026-07-20T12:00:00Z,2026-07-20T14:00:00+0200,59929.465891,MW,DE,DE_LU,forecast_load,Forecasted Load,2026-08-09T22:55:36Z
2026-08-09T22:53:54Z,2026-08-10T00:53:54+0200,9f364823-fdf2-409d-8835-686a42d079dd,2026-07-20T12:15:00Z,2026-07-20T14:15:00+0200,59520.484465,MW,DE,DE_LU,forecast_load,Forecasted Load,2026-08-09T22:55:36Z
2026-08-09T22:53:54Z,2026-08-10T00:53:54+0200,9f364823-fdf2-409d-8835-686a42d079dd,2026-07-20T12:30:00Z,2026-07-20T14:30:00+0200,59159.290094,MW,DE,DE_LU,forecast_load,Forecasted Load,2026-08-09T22:55:36Z
2026-08-09T22:53:54Z,2026-08-10T00:53:54+0200,9f364823-fdf2-409d-8835-686a42d079dd,2026-07-20T12:45:00Z,2026-07-20T14:45:00+0200,58810.050395,MW,DE,DE_LU,forecast_load,Forecasted Load,2026-08-09T22:55:36Z
2026-08-09T22:53:54Z,2026-08-10T00:53:54+0200,9f364823-fdf2-409d-8835-686a42d079dd,2026-07-20T13:00:00Z,2026-07-20T15:00:00+0200,58802.495113,MW,DE,DE_LU,forecast_load,Forecasted Load,2026-08-09T22:55:36Z
2026-08-09T22:53:54Z,2026-08-10T00:53:54+0200,9f364823-fdf2-409d-8835-686a42d079dd,2026-07-20T13:15:00Z,2026-07-20T15:15:00+0200,58763.249033,MW,DE,DE_LU,forecast_load,Forecasted Load,2026-08-09T22:55:36Z
2026-08-09T22:53:54Z,2026-08-10T00:53:54+0200,9f364823-fdf2-409d-8835-686a42d079dd,2026-07-20T13:30:00Z,2026-07-20T15:30:00+0200,58447.250196,MW,DE,DE_LU,forecast_load,Forecasted Load,2026-08-09T22:55:36Z
2026-08-09T22:53:54Z,2026-08-10T00:53:54+0200,9f364823-fdf2-409d-8835-686a42d079dd,2026-07-20T13:45:00Z,2026-07-20T15:45:00+0200,58473.542521,MW,DE,DE_LU,forecast_load,Forecasted Load,2026-08-09T22:55:36Z
2026-08-09T22:53:54Z,2026-08-10T00:53:54+0200,9f364823-fdf2-409d-8835-686a42d079dd,2026-07-20T14:00:00Z,2026-07-20T16:00:00+0200,58881.424021,MW,DE,DE_LU,forecast_load,Forecasted Load,2026-08-09T22:55:36Z
2026-08-09T22:53:54Z,2026-08-10T00:53:54+0200,9f364823-fdf2-409d-8835-686a42d079dd,2026-07-20T14:15:00Z,2026-07-20T16:15:00+0200,58305.897802,MW,DE,DE_LU,forecast_load,Forecasted Load,2026-08-09T22:55:36Z
2026-08-09T22:53:54Z,2026-08-10T00:53:54+0200,9f364823-fdf2-409d-8835-686a42d079dd,2026-07-20T14:30:00Z,2026-07-20T16:30:00+0200,58316.886772,MW,DE,DE_LU,forecast_load,Forecasted Load,2026-08-09T22:55:36Z
2026-08-09T22:53:54Z,2026-08-10T00:53:54+0200,9f364823-fdf2-409d-8835-686a42d079dd,2026-07-20T14:45:00Z,2026-07-20T16:45:00+0200,58362.934936,MW,DE,DE_LU,forecast_load,Forecasted Load,2026-08-09T22:55:36Z
2026-08-09T22:53:54Z,2026-08-10T00:53:54+0200,9f364823-fdf2-409d-8835-686a42d079dd,2026-07-20T15:00:00Z,2026-07-20T17:00:00+0200,58607.736038,MW,DE,DE_LU,forecast_load,Forecasted Load,2026-08-09T22:55:36Z
2026-08-09T22:53:54Z,2026-08-10T00:53:54+0200,9f364823-fdf2-409d-8835-686a42d079dd,2026-07-20T15:15:00Z,2026-07-20T17:15:00+0200,58737.126916,MW,DE,DE_LU,forecast_load,Forecasted Load,2026-08-09T22:55:36Z
2026-08-09T22:53:54Z,2026-08-10T00:53:54+0200,9f364823-fdf2-409d-8835-686a42d079dd,2026-07-20T15:30:00Z,2026-07-20T17:30:00+0200,58809.785895,MW,DE,DE_LU,forecast_load,Forecasted Load,2026-08-09T22:55:36Z
2026-08-09T22:53:54Z,2026-08-10T00:53:54+0200,9f364823-fdf2-409d-8835-686a42d079dd,2026-07-20T15:45:00Z,2026-07-20T17:45:00+0200,58847.580858,MW,DE,DE_LU,forecast_load,Forecasted Load,2026-08-09T22:55:36Z
2026-08-09T22:53:54Z,2026-08-10T00:53:54+0200,9f364823-fdf2-409d-8835-686a42d079dd,2026-07-20T16:00:00Z,2026-07-20T18:00:00+0200,58750.18864,MW,DE,DE_LU,forecast_load,Forecasted Load,2026-08-09T22:55:36Z
2026-08-09T22:53:54Z,2026-08-10T00:53:54+0200,9f364823-fdf2-409d-8835-686a42d079dd,2026-07-20T16:15:00Z,2026-07-20T18:15:00+0200,59055.193381,MW,DE,DE_LU,forecast_load,Forecasted Load,2026-08-09T22:55:36Z
2026-08-09T22:53:54Z,2026-08-10T00:53:54+0200,9f364823-fdf2-409d-8835-686a42d079dd,2026-07-20T16:30:00Z,2026-07-20T18:30:00+0200,58948.428092,MW,DE,DE_LU,forecast_load,Forecasted Load,2026-08-09T22:55:36Z
2026-08-09T22:53:54Z,2026-08-10T00:53:54+0200,9f364823-fdf2-409d-8835-686a42d079dd,2026-07-20T16:45:00Z,2026-07-20T18:45:00+0200,58984.609829,MW,DE,DE_LU,forecast_load,Forecasted Load,2026-08-09T22:55:36Z
2026-08-09T22:53:54Z,2026-08-10T00:53:54+0200,9f364823-fdf2-409d-8835-686a42d079dd,2026-07-20T17:00:00Z,2026-07-20T19:00:00+0200,58870.220589,MW,DE,DE_LU,forecast_load,Forecasted Load,2026-08-09T22:55:36Z
2026-08-09T22:53:54Z,2026-08-10T00:53:54+0200,9f364823-fdf2-409d-8835-686a42d079dd,2026-07-20T17:15:00Z,2026-07-20T19:15:00+0200,58644.60231,MW,DE,DE_LU,forecast_load,Forecasted Load,2026-08-09T22:55:36Z
2026-08-09T22:53:54Z,2026-08-10T00:53:54+0200,9f364823-fdf2-409d-8835-686a42d079dd,2026-07-20T17:30:00Z,2026-07-20T19:30:00+0200,58495.045123,MW,DE,DE_LU,forecast_load,Forecasted Load,2026-08-09T22:55:36Z
2026-08-09T22:53:54Z,2026-08-10T00:53:54+0200,9f364823-fdf2-409d-8835-686a42d079dd,2026-07-20T17:45:00Z,2026-07-20T19:45:00+0200,58220.93884,MW,DE,DE_LU,forecast_load,Forecasted Load,2026-08-09T22:55:36Z
2026-08-09T22:53:54Z,2026-08-10T00:53:54+0200,9f364823-fdf2-409d-8835-686a42d079dd,2026-07-20T18:00:00Z,2026-07-20T20:00:00+0200,57716.444358,MW,DE,DE_LU,forecast_load,Forecasted Load,2026-08-09T22:55:36Z
2026-08-09T22:53:54Z,2026-08-10T00:53:54+0200,9f364823-fdf2-409d-8835-686a42d079dd,2026-07-20T18:15:00Z,2026-07-20T20:15:00+0200,57418.766339,MW,DE,DE_LU,forecast_load,Forecasted Load,2026-08-09T22:55:36Z
2026-08-09T22:53:54Z,2026-08-10T00:53:54+0200,9f364823-fdf2-409d-8835-686a42d079dd,2026-07-20T18:30:00Z,2026-07-20T20:30:00+0200,56970.853459,MW,DE,DE_LU,forecast_load,Forecasted Load,2026-08-09T22:55:36Z
2026-08-09T22:53:54Z,2026-08-10T00:53:54+0200,9f364823-fdf2-409d-8835-686a42d079dd,2026-07-20T18:45:00Z,2026-07-20T20:45:00+0200,56524.399794,MW,DE,DE_LU,forecast_load,Forecasted Load,2026-08-09T22:55:36Z
2026-08-09T22:53:54Z,2026-08-10T00:53:54+0200,9f364823-fdf2-409d-8835-686a42d079dd,2026-07-20T19:00:00Z,2026-07-20T21:00:00+0200,55921.074803,MW,DE,DE_LU,forecast_load,Forecasted Load,2026-08-09T22:55:36Z
2026-08-09T22:53:54Z,2026-08-10T00:53:54+0200,9f364823-fdf2-409d-8835-686a42d079dd,2026-07-20T19:15:00Z,2026-07-20T21:15:00+0200,55349.064021,MW,DE,DE_LU,forecast_load,Forecasted Load,2026-08-09T22:55:36Z
2026-08-09T22:53:54Z,2026-08-10T00:53:54+0200,9f364823-fdf2-409d-8835-686a42d079dd,2026-07-20T19:30:00Z,2026-07-20T21:30:00+0200,54796.340604,MW,DE,DE_LU,forecast_load,Forecasted Load,2026-08-09T22:55:36Z
2026-08-09T22:53:54Z,2026-08-10T00:53:54+0200,9f364823-fdf2-409d-8835-686a42d079dd,2026-07-20T19:45:00Z,2026-07-20T21:45:00+0200,54317.433445,MW,DE,DE_LU,forecast_load,Forecasted Load,2026-08-09T22:55:36Z
2026-08-09T22:53:54Z,2026-08-10T00:53:54+0200,9f364823-fdf2-409d-8835-686a42d079dd,2026-07-20T20:00:00Z,2026-07-20T22:00:00+0200,53346.344427,MW,DE,DE_LU,forecast_load,Forecasted Load,2026-08-09T22:55:36Z
2026-08-09T22:53:54Z,2026-08-10T00:53:54+0200,9f364823-fdf2-409d-8835-686a42d079dd,2026-07-20T20:15:00Z,2026-07-20T22:15:00+0200,52666.887668,MW,DE,DE_LU,forecast_load,Forecasted Load,2026-08-09T22:55:36Z
2026-08-09T22:53:54Z,2026-08-10T00:53:54+0200,9f364823-fdf2-409d-8835-686a42d079dd,2026-07-20T20:30:00Z,2026-07-20T22:30:00+0200,51891.198482,MW,DE,DE_LU,forecast_load,Forecasted Load,2026-08-09T22:55:36Z
2026-08-09T22:53:54Z,2026-08-10T00:53:54+0200,9f364823-fdf2-409d-8835-686a42d079dd,2026-07-20T20:45:00Z,2026-07-20T22:45:00+0200,51208.966605,MW,DE,DE_LU,forecast_load,Forecasted Load,2026-08-09T22:55:36Z
2026-08-09T22:53:54Z,2026-08-10T00:53:54+0200,9f364823-fdf2-409d-8835-686a42d079dd,2026-07-20T21:00:00Z,2026-07-20T23:00:00+0200,50066.345426,MW,DE,DE_LU,forecast_load,Forecasted Load,2026-08-09T22:55:36Z
2026-08-09T22:53:54Z,2026-08-10T00:53:54+0200,9f364823-fdf2-409d-8835-686a42d079dd,2026-07-20T21:15:00Z,2026-07-20T23:15:00+0200,49399.156735,MW,DE,DE_LU,forecast_load,Forecasted Load,2026-08-09T22:55:36Z
2026-08-09T22:53:54Z,2026-08-10T00:53:54+0200,9f364823-fdf2-409d-8835-686a42d079dd,2026-07-20T21:30:00Z,2026-07-20T23:30:00+0200,48976.403297,MW,DE,DE_LU,forecast_load,Forecasted Load,2026-08-09T22:55:36Z
2026-08-09T22:53:54Z,2026-08-10T00:53:54+0200,9f364823-fdf2-409d-8835-686a42d079dd,2026-07-20T21:45:00Z,2026-07-20T23:45:00+0200,48452.574405,MW,DE,DE_LU,forecast_load,Forecasted Load,2026-08-09T22:55:36Z
2026-08-09T22:53:54Z,2026-08-10T00:53:54+0200,9f364823-fdf2-409d-8835-686a42d079dd,2026-07-20T22:00:00Z,2026-07-21T00:00:00+0200,46690.320217,MW,DE,DE_LU,forecast_load,Forecasted Load,2026-08-09T22:55:36Z
2026-08-09T22:53:54Z,2026-08-10T00:53:54+0200,9f364823-fdf2-409d-8835-686a42d079dd,2026-07-20T22:15:00Z,2026-07-21T00:15:00+0200,46133.88468,MW,DE,DE_LU,forecast_load,Forecasted Load,2026-08-09T22:55:36Z
2026-08-09T22:53:54Z,2026-08-10T00:53:54+0200,9f364823-fdf2-409d-8835-686a42d079dd,2026-07-20T22:30:00Z,2026-07-21T00:30:00+0200,45632.205629,MW,DE,DE_LU,forecast_load,Forecasted Load,2026-08-09T22:55:36Z
2026-08-09T22:53:54Z,2026-08-10T00:53:54+0200,9f364823-fdf2-409d-8835-686a42d079dd,2026-07-20T22:45:00Z,2026-07-21T00:45:00+0200,45165.239267,MW,DE,DE_LU,forecast_load,Forecasted Load,2026-08-09T22:55:36Z
2026-08-09T22:53:54Z,2026-08-10T00:53:54+0200,9f364823-fdf2-409d-8835-686a42d079dd,2026-07-20T23:00:00Z,2026-07-21T01:00:00+0200,44690.498263,MW,DE,DE_LU,forecast_load,Forecasted Load,2026-08-09T22:55:36Z
2026-08-09T22:53:54Z,2026-08-10T00:53:54+0200,9f364823-fdf2-409d-8835-686a42d079dd,2026-07-20T23:15:00Z,2026-07-21T01:15:00+0200,44385.536919,MW,DE,DE_LU,forecast_load,Forecasted Load,2026-08-09T22:55:36Z
2026-08-09T22:53:54Z,2026-08-10T00:53:54+0200,9f364823-fdf2-409d-8835-686a42d079dd,2026-07-20T23:30:00Z,2026-07-21T01:30:00+0200,44098.058144,MW,DE,DE_LU,forecast_load,Forecasted Load,2026-08-09T22:55:36Z
2026-08-09T22:53:54Z,2026-08-10T00:53:54+0200,9f364823-fdf2-409d-8835-686a42d079dd,2026-07-20T23:45:00Z,2026-07-21T01:45:00+0200,43865.00488,MW,DE,DE_LU,forecast_load,Forecasted Load,2026-08-09T22:55:36Z
2026-08-09T22:53:54Z,2026-08-10T00:53:54+0200,9f364823-fdf2-409d-8835-686a42d079dd,2026-07-21T00:00:00Z,2026-07-21T02:00:00+0200,43620.983414,MW,DE,DE_LU,forecast_load,Forecasted Load,2026-08-09T22:55:36Z
2026-08-09T22:53:54Z,2026-08-10T00:53:54+0200,9f364823-fdf2-409d-8835-686a42d079dd,2026-07-21T00:15:00Z,2026-07-21T02:15:00+0200,43454.688466,MW,DE,DE_LU,forecast_load,Forecasted Load,2026-08-09T22:55:36Z
2026-08-09T22:53:54Z,2026-08-10T00:53:54+0200,9f364823-fdf2-409d-8835-686a42d079dd,2026-07-21T00:30:00Z,2026-07-21T02:30:00+0200,43388.991374,MW,DE,DE_LU,forecast_load,Forecasted Load,2026-08-09T22:55:36Z
2026-08-09T22:53:54Z,2026-08-10T00:53:54+0200,9f364823-fdf2-409d-8835-686a42d079dd,2026-07-21T00:45:00Z,2026-07-21T02:45:00+0200,43290.688014,MW,DE,DE_LU,forecast_load,Forecasted Load,2026-08-09T22:55:36Z
2026-08-09T22:53:54Z,2026-08-10T00:53:54+0200,9f364823-fdf2-409d-8835-686a42d079dd,2026-07-21T01:00:00Z,2026-07-21T03:00:00+0200,43211.879454,MW,DE,DE_LU,forecast_load,Forecasted Load,2026-08-09T22:55:36Z
2026-08-09T22:53:54Z,2026-08-10T00:53:54+0200,9f364823-fdf2-409d-8835-686a42d079dd,2026-07-21T01:15:00Z,2026-07-21T03:15:00+0200,43308.458004,MW,DE,DE_LU,forecast_load,Forecasted Load,2026-08-09T22:55:36Z
2026-08-09T22:53:54Z,2026-08-10T00:53:54+0200,9f364823-fdf2-409d-8835-686a42d079dd,2026-07-21T01:30:00Z,2026-07-21T03:30:00+0200,43363.089476,MW,DE,DE_LU,forecast_load,Forecasted Load,2026-08-09T22:55:36Z
2026-08-09T22:53:54Z,2026-08-10T00:53:54+0200,9f364823-fdf2-409d-8835-686a42d079dd,2026-07-21T01:45:00Z,2026-07-21T03:45:00+0200,43377.762476,MW,DE,DE_LU,forecast_load,Forecasted Load,2026-08-09T22:55:36Z
2026-08-09T22:53:54Z,2026-08-10T00:53:54+0200,9f364823-fdf2-409d-8835-686a42d079dd,2026-07-21T02:00:00Z,2026-07-21T04:00:00+0200,43690.416799,MW,DE,DE_LU,forecast_load,Forecasted Load,2026-08-09T22:55:36Z
2026-08-09T22:53:54Z,2026-08-10T00:53:54+0200,9f364823-fdf2-409d-8835-686a42d079dd,2026-07-21T02:15:00Z,2026-07-21T04:15:00+0200,43832.191188,MW,DE,DE_LU,forecast_load,Forecasted Load,2026-08-09T22:55:36Z
2026-08-09T22:53:54Z,2026-08-10T00:53:54+0200,9f364823-fdf2-409d-8835-686a42d079dd,2026-07-21T02:30:00Z,2026-07-21T04:30:00+0200,44294.992114,MW,DE,DE_LU,forecast_load,Forecasted Load,2026-08-09T22:55:36Z
2026-08-09T22:53:54Z,2026-08-10T00:53:54+0200,9f364823-fdf2-409d-8835-686a42d079dd,2026-07-21T02:45:00Z,2026-07-21T04:45:00+0200,44705.640241,MW,DE,DE_LU,forecast_load,Forecasted Load,2026-08-09T22:55:36Z
2026-08-09T22:53:54Z,2026-08-10T00:53:54+0200,9f364823-fdf2-409d-8835-686a42d079dd,2026-07-21T03:00:00Z,2026-07-21T05:00:00+0200,45658.408029,MW,DE,DE_LU,forecast_load,Forecasted Load,2026-08-09T22:55:36Z
2026-08-09T22:53:54Z,2026-08-10T00:53:54+0200,9f364823-fdf2-409d-8835-686a42d079dd,2026-07-21T03:15:00Z,2026-07-21T05:15:00+0200,46297.069557,MW,DE,DE_LU,forecast_load,Forecasted Load,2026-08-09T22:55:36Z
2026-08-09T22:53:54Z,2026-08-10T00:53:54+0200,9f364823-fdf2-409d-8835-686a42d079dd,2026-07-21T03:30:00Z,2026-07-21T05:30:00+0200,46559.39076,MW,DE,DE_LU,forecast_load,Forecasted Load,2026-08-09T22:55:36Z
2026-08-09T22:53:54Z,2026-08-10T00:53:54+0200,9f364823-fdf2-409d-8835-686a42d079dd,2026-07-21T03:45:00Z,2026-07-21T05:45:00+0200,47845.87501,MW,DE,DE_LU,forecast_load,Forecasted Load,2026-08-09T22:55:36Z
2026-08-09T22:53:54Z,2026-08-10T00:53:54+0200,9f364823-fdf2-409d-8835-686a42d079dd,2026-07-21T04:00:00Z,2026-07-21T06:00:00+0200,49714.596847,MW,DE,DE_LU,forecast_load,Forecasted Load,2026-08-09T22:55:36Z
2026-08-09T22:53:54Z,2026-08-10T00:53:54+0200,9f364823-fdf2-409d-8835-686a42d079dd,2026-07-21T04:15:00Z,2026-07-21T06:15:00+0200,51060.788719,MW,DE,DE_LU,forecast_load,Forecasted Load,2026-08-09T22:55:36Z
2026-08-09T22:53:54Z,2026-08-10T00:53:54+0200,9f364823-fdf2-409d-8835-686a42d079dd,2026-07-21T04:30:00Z,2026-07-21T06:30:00+0200,52110.493136,MW,DE,DE_LU,forecast_load,Forecasted Load,2026-08-09T22:55:36Z
2026-08-09T22:53:54Z,2026-08-10T00:53:54+0200,9f364823-fdf2-409d-8835-686a42d079dd,2026-07-21T04:45:00Z,2026-07-21T06:45:00+0200,53336.746241,MW,DE,DE_LU,forecast_load,Forecasted Load,2026-08-09T22:55:36Z
2026-08-09T22:53:54Z,2026-08-10T00:53:54+0200,9f364823-fdf2-409d-8835-686a42d079dd,2026-07-21T05:00:00Z,2026-07-21T07:00:00+0200,54666.160398,MW,DE,DE_LU,forecast_load,Forecasted Load,2026-08-09T22:55:36Z
2026-08-09T22:53:54Z,2026-08-10T00:53:54+0200,9f364823-fdf2-409d-8835-686a42d079dd,2026-07-21T05:15:00Z,2026-07-21T07:15:00+0200,55984.213204,MW,DE,DE_LU,forecast_load,Forecasted Load,2026-08-09T22:55:36Z
2026-08-09T22:53:54Z,2026-08-10T00:53:54+0200,9f364823-fdf2-409d-8835-686a42d079dd,2026-07-21T05:30:00Z,2026-07-21T07:30:00+0200,57016.416491,MW,DE,DE_LU,forecast_load,Forecasted Load,2026-08-09T22:55:36Z
2026-08-09T22:53:54Z,2026-08-10T00:53:54+0200,9f364823-fdf2-409d-8835-686a42d079dd,2026-07-21T05:45:00Z,2026-07-21T07:45:00+0200,58133.836229,MW,DE,DE_LU,forecast_load,Forecasted Load,2026-08-09T22:55:36Z
2026-08-09T22:53:54Z,2026-08-10T00:53:54+0200,9f364823-fdf2-409d-8835-686a42d079dd,2026-07-21T06:00:00Z,2026-07-21T08:00:00+0200,58844.936335,MW,DE,DE_LU,forecast_load,Forecasted Load,2026-08-09T22:55:36Z
2026-08-09T22:53:54Z,2026-08-10T00:53:54+0200,9f364823-fdf2-409d-8835-686a42d079dd,2026-07-21T06:15:00Z,2026-07-21T08:15:00+0200,59339.924589,MW,DE,DE_LU,forecast_load,Forecasted Load,2026-08-09T22:55:36Z
2026-08-09T22:53:54Z,2026-08-10T00:53:54+0200,9f364823-fdf2-409d-8835-686a42d079dd,2026-07-21T06:30:00Z,2026-07-21T08:30:00+0200,59995.318337,MW,DE,DE_LU,forecast_load,Forecasted Load,2026-08-09T22:55:36Z
2026-08-09T22:53:54Z,2026-08-10T00:53:54+0200,9f364823-fdf2-409d-8835-686a42d079dd,2026-07-21T06:45:00Z,2026-07-21T08:45:00+0200,60112.791834,MW,DE,DE_LU,forecast_load,Forecasted Load,2026-08-09T22:55:36Z
2026-08-09T22:53:54Z,2026-08-10T00:53:54+0200,9f364823-fdf2-409d-8835-686a42d079dd,2026-07-21T07:00:00Z,2026-07-21T09:00:00+0200,60088.358341,MW,DE,DE_LU,forecast_load,Forecasted Load,2026-08-09T22:55:36Z
2026-08-09T22:53:54Z,2026-08-10T00:53:54+0200,9f364823-fdf2-409d-8835-686a42d079dd,2026-07-21T07:15:00Z,2026-07-21T09:15:00+0200,60256.845935,MW,DE,DE_LU,forecast_load,Forecasted Load,2026-08-09T22:55:36Z
2026-08-09T22:53:54Z,2026-08-10T00:53:54+0200,9f364823-fdf2-409d-8835-686a42d079dd,2026-07-21T07:30:00Z,2026-07-21T09:30:00+0200,61174.672474,MW,DE,DE_LU,forecast_load,Forecasted Load,2026-08-09T22:55:36Z
2026-08-09T22:53:54Z,2026-08-10T00:53:54+0200,9f364823-fdf2-409d-8835-686a42d079dd,2026-07-21T07:45:00Z,2026-07-21T09:45:00+0200,61061.50885,MW,DE,DE_LU,forecast_load,Forecasted Load,2026-08-09T22:55:36Z
2026-08-09T22:53:54Z,2026-08-10T00:53:54+0200,9f364823-fdf2-409d-8835-686a42d079dd,2026-07-21T08:00:00Z,2026-07-21T10:00:00+0200,61338.743671,MW,DE,DE_LU,forecast_load,Forecasted Load,2026-08-09T22:55:36Z
2026-08-09T22:53:54Z,2026-08-10T00:53:54+0200,9f364823-fdf2-409d-8835-686a42d079dd,2026-07-21T08:15:00Z,2026-07-21T10:15:00+0200,61265.668711,MW,DE,DE_LU,forecast_load,Forecasted Load,2026-08-09T22:55:36Z
2026-08-09T22:53:54Z,2026-08-10T00:53:54+0200,9f364823-fdf2-409d-8835-686a42d079dd,2026-07-21T08:30:00Z,2026-07-21T10:30:00+0200,61250.3671,MW,DE,DE_LU,forecast_load,Forecasted Load,2026-08-09T22:55:36Z
2026-08-09T22:53:54Z,2026-08-10T00:53:54+0200,9f364823-fdf2-409d-8835-686a42d079dd,2026-07-21T08:45:00Z,2026-07-21T10:45:00+0200,61505.094578,MW,DE,DE_LU,forecast_load,Forecasted Load,2026-08-09T22:55:36Z
2026-08-09T22:53:54Z,2026-08-10T00:53:54+0200,9f364823-fdf2-409d-8835-686a42d079dd,2026-07-21T09:00:00Z,2026-07-21T11:00:00+0200,61285.452546,MW,DE,DE_LU,forecast_load,Forecasted Load,2026-08-09T22:55:36Z
2026-08-09T22:53:54Z,2026-08-10T00:53:54+0200,9f364823-fdf2-409d-8835-686a42d079dd,2026-07-21T09:15:00Z,2026-07-21T11:15:00+0200,61372.573533,MW,DE,DE_LU,forecast_load,Forecasted Load,2026-08-09T22:55:36Z
2026-08-09T22:53:54Z,2026-08-10T00:53:54+0200,9f364823-fdf2-409d-8835-686a42d079dd,2026-07-21T09:30:00Z,2026-07-21T11:30:00+0200,61064.846109,MW,DE,DE_LU,forecast_load,Forecasted Load,2026-08-09T22:55:36Z
2026-08-09T22:53:54Z,2026-08-10T00:53:54+0200,9f364823-fdf2-409d-8835-686a42d079dd,2026-07-21T09:45:00Z,2026-07-21T11:45:00+0200,60762.816808,MW,DE,DE_LU,forecast_load,Forecasted Load,2026-08-09T22:55:36Z
2026-08-09T22:53:54Z,2026-08-10T00:53:54+0200,9f364823-fdf2-409d-8835-686a42d079dd,2026-07-21T10:00:00Z,2026-07-21T12:00:00+0200,59868.988735,MW,DE,DE_LU,forecast_load,Forecasted Load,2026-08-09T22:55:36Z
2026-08-09T22:53:54Z,2026-08-10T00:53:54+0200,9f364823-fdf2-409d-8835-686a42d079dd,2026-07-21T10:15:00Z,2026-07-21T12:15:00+0200,59648.316975,MW,DE,DE_LU,forecast_load,Forecasted Load,2026-08-09T22:55:36Z
2026-08-09T22:53:54Z,2026-08-10T00:53:54+0200,9f364823-fdf2-409d-8835-686a42d079dd,2026-07-21T10:30:00Z,2026-07-21T12:30:00+0200,59892.719716,MW,DE,DE_LU,forecast_load,Forecasted Load,2026-08-09T22:55:36Z
2026-08-09T22:53:54Z,2026-08-10T00:53:54+0200,9f364823-fdf2-409d-8835-686a42d079dd,2026-07-21T10:45:00Z,2026-07-21T12:45:00+0200,59553.665447,MW,DE,DE_LU,forecast_load,Forecasted Load,2026-08-09T22:55:36Z
2026-08-09T22:53:54Z,2026-08-10T00:53:54+0200,9f364823-fdf2-409d-8835-686a42d079dd,2026-07-21T11:00:00Z,2026-07-21T13:00:00+0200,59222.644959,MW,DE,DE_LU,forecast_load,Forecasted Load,2026-08-09T22:55:36Z
2026-08-09T22:53:54Z,2026-08-10T00:53:54+0200,9f364823-fdf2-409d-8835-686a42d079dd,2026-07-21T11:15:00Z,2026-07-21T13:15:00+0200,59094.522531,MW,DE,DE_LU,forecast_load,Forecasted Load,2026-08-09T22:55:36Z
2026-08-09T22:53:54Z,2026-08-10T00:53:54+0200,9f364823-fdf2-409d-8835-686a42d079dd,2026-07-21T11:30:00Z,2026-07-21T13:30:00+0200,58859.494115,MW,DE,DE_LU,forecast_load,Forecasted Load,2026-08-09T22:55:36Z
2026-08-09T22:53:54Z,2026-08-10T00:53:54+0200,9f364823-fdf2-409d-8835-686a42d079dd,2026-07-21T11:45:00Z,2026-07-21T13:45:00+0200,58640.897915,MW,DE,DE_LU,forecast_load,Forecasted Load,2026-08-09T22:55:36Z
2026-08-09T22:53:54Z,2026-08-10T00:53:54+0200,9f364823-fdf2-409d-8835-686a42d079dd,2026-07-21T12:00:00Z,2026-07-21T14:00:00+0200,58236.470794,MW,DE,DE_LU,forecast_load,Forecasted Load,2026-08-09T22:55:36Z
2026-08-09T22:53:54Z,2026-08-10T00:53:54+0200,9f364823-fdf2-409d-8835-686a42d079dd,2026-07-21T12:15:00Z,2026-07-21T14:15:00+0200,57915.670374,MW,DE,DE_LU,forecast_load,Forecasted Load,2026-08-09T22:55:36Z
2026-08-09T22:53:54Z,2026-08-10T00:53:54+0200,9f364823-fdf2-409d-8835-686a42d079dd,2026-07-21T12:30:00Z,2026-07-21T14:30:00+0200,57754.39536,MW,DE,DE_LU,forecast_load,Forecasted Load,2026-08-09T22:55:36Z
2026-08-09T22:53:54Z,2026-08-10T00:53:54+0200,9f364823-fdf2-409d-8835-686a42d079dd,2026-07-21T12:45:00Z,2026-07-21T14:45:00+0200,57343.432632,MW,DE,DE_LU,forecast_load,Forecasted Load,2026-08-09T22:55:36Z
2026-08-09T22:53:54Z,2026-08-10T00:53:54+0200,9f364823-fdf2-409d-8835-686a42d079dd,2026-07-21T13:00:00Z,2026-07-21T15:00:00+0200,57438.583786,MW,DE,DE_LU,forecast_load,Forecasted Load,2026-08-09T22:55:36Z
2026-08-09T22:53:54Z,2026-08-10T00:53:54+0200,9f364823-fdf2-409d-8835-686a42d079dd,2026-07-21T13:15:00Z,2026-07-21T15:15:00+0200,57475.65379,MW,DE,DE_LU,forecast_load,Forecasted Load,2026-08-09T22:55:36Z
2026-08-09T22:53:54Z,2026-08-10T00:53:54+0200,9f364823-fdf2-409d-8835-686a42d079dd,2026-07-21T13:30:00Z,2026-07-21T15:30:00+0200,56747.086362,MW,DE,DE_LU,forecast_load,Forecasted Load,2026-08-09T22:55:36Z
2026-08-09T22:53:54Z,2026-08-10T00:53:54+0200,9f364823-fdf2-409d-8835-686a42d079dd,2026-07-21T13:45:00Z,2026-07-21T15:45:00+0200,56684.926024,MW,DE,DE_LU,forecast_load,Forecasted Load,2026-08-09T22:55:36Z
2026-08-09T22:53:54Z,2026-08-10T00:53:54+0200,9f364823-fdf2-409d-8835-686a42d079dd,2026-07-21T14:00:00Z,2026-07-21T16:00:00+0200,57397.287983,MW,DE,DE_LU,forecast_load,Forecasted Load,2026-08-09T22:55:36Z
2026-08-09T22:53:54Z,2026-08-10T00:53:54+0200,9f364823-fdf2-409d-8835-686a42d079dd,2026-07-21T14:15:00Z,2026-07-21T16:15:00+0200,56995.339755,MW,DE,DE_LU,forecast_load,Forecasted Load,2026-08-09T22:55:36Z
2026-08-09T22:53:54Z,2026-08-10T00:53:54+0200,9f364823-fdf2-409d-8835-686a42d079dd,2026-07-21T14:30:00Z,2026-07-21T16:30:00+0200,56881.115846,MW,DE,DE_LU,forecast_load,Forecasted Load,2026-08-09T22:55:36Z
2026-08-09T22:53:54Z,2026-08-10T00:53:54+0200,9f364823-fdf2-409d-8835-686a42d079dd,2026-07-21T14:45:00Z,2026-07-21T16:45:00+0200,56959.891283,MW,DE,DE_LU,forecast_load,Forecasted Load,2026-08-09T22:55:36Z
2026-08-09T22:53:54Z,2026-08-10T00:53:54+0200,9f364823-fdf2-409d-8835-686a42d079dd,2026-07-21T15:00:00Z,2026-07-21T17:00:00+0200,57556.981977,MW,DE,DE_LU,forecast_load,Forecasted Load,2026-08-09T22:55:36Z
2026-08-09T22:53:54Z,2026-08-10T00:53:54+0200,9f364823-fdf2-409d-8835-686a42d079dd,2026-07-21T15:15:00Z,2026-07-21T17:15:00+0200,57278.939009,MW,DE,DE_LU,forecast_load,Forecasted Load,2026-08-09T22:55:36Z
2026-08-09T22:53:54Z,2026-08-10T00:53:54+0200,9f364823-fdf2-409d-8835-686a42d079dd,2026-07-21T15:30:00Z,2026-07-21T17:30:00+0200,57247.657557,MW,DE,DE_LU,forecast_load,Forecasted Load,2026-08-09T22:55:36Z
2026-08-09T22:53:54Z,2026-08-10T00:53:54+0200,9f364823-fdf2-409d-8835-686a42d079dd,2026-07-21T15:45:00Z,2026-07-21T17:45:00+0200,57081.27898,MW,DE,DE_LU,forecast_load,Forecasted Load,2026-08-09T22:55:36Z
2026-08-09T22:53:54Z,2026-08-10T00:53:54+0200,9f364823-fdf2-409d-8835-686a42d079dd,2026-07-21T16:00:00Z,2026-07-21T18:00:00+0200,57309.743807,MW,DE,DE_LU,forecast_load,Forecasted Load,2026-08-09T22:55:36Z
2026-08-09T22:53:54Z,2026-08-10T00:53:54+0200,9f364823-fdf2-409d-8835-686a42d079dd,2026-07-21T16:15:00Z,2026-07-21T18:15:00+0200,57488.882892,MW,DE,DE_LU,forecast_load,Forecasted Load,2026-08-09T22:55:36Z
2026-08-09T22:53:54Z,2026-08-10T00:53:54+0200,9f364823-fdf2-409d-8835-686a42d079dd,2026-07-21T16:30:00Z,2026-07-21T18:30:00+0200,57565.735146,MW,DE,DE_LU,forecast_load,Forecasted Load,2026-08-09T22:55:36Z
2026-08-09T22:53:54Z,2026-08-10T00:53:54+0200,9f364823-fdf2-409d-8835-686a42d079dd,2026-07-21T16:45:00Z,2026-07-21T18:45:00+0200,57606.199021,MW,DE,DE_LU,forecast_load,Forecasted Load,2026-08-09T22:55:36Z
2026-08-09T22:53:54Z,2026-08-10T00:53:54+0200,9f364823-fdf2-409d-8835-686a42d079dd,2026-07-21T17:00:00Z,2026-07-21T19:00:00+0200,57642.897068,MW,DE,DE_LU,forecast_load,Forecasted Load,2026-08-09T22:55:36Z
2026-08-09T22:53:54Z,2026-08-10T00:53:54+0200,9f364823-fdf2-409d-8835-686a42d079dd,2026-07-21T17:15:00Z,2026-07-21T19:15:00+0200,57345.857891,MW,DE,DE_LU,forecast_load,Forecasted Load,2026-08-09T22:55:36Z
2026-08-09T22:53:54Z,2026-08-10T00:53:54+0200,9f364823-fdf2-409d-8835-686a42d079dd,2026-07-21T17:30:00Z,2026-07-21T19:30:00+0200,57102.000069,MW,DE,DE_LU,forecast_load,Forecasted Load,2026-08-09T22:55:36Z
2026-08-09T22:53:54Z,2026-08-10T00:53:54+0200,9f364823-fdf2-409d-8835-686a42d079dd,2026-07-21T17:45:00Z,2026-07-21T19:45:00+0200,56958.500466,MW,DE,DE_LU,forecast_load,Forecasted Load,2026-08-09T22:55:36Z
2026-08-09T22:53:54Z,2026-08-10T00:53:54+0200,9f364823-fdf2-409d-8835-686a42d079dd,2026-07-21T18:00:00Z,2026-07-21T20:00:00+0200,56813.70386,MW,DE,DE_LU,forecast_load,Forecasted Load,2026-08-09T22:55:36Z
2026-08-09T22:53:54Z,2026-08-10T00:53:54+0200,9f364823-fdf2-409d-8835-686a42d079dd,2026-07-21T18:15:00Z,2026-07-21T20:15:00+0200,56446.980306,MW,DE,DE_LU,forecast_load,Forecasted Load,2026-08-09T22:55:36Z
2026-08-09T22:53:54Z,2026-08-10T00:53:54+0200,9f364823-fdf2-409d-8835-686a42d079dd,2026-07-21T18:30:00Z,2026-07-21T20:30:00+0200,55977.038249,MW,DE,DE_LU,forecast_load,Forecasted Load,2026-08-09T22:55:36Z
2026-08-09T22:53:54Z,2026-08-10T00:53:54+0200,9f364823-fdf2-409d-8835-686a42d079dd,2026-07-21T18:45:00Z,2026-07-21T20:45:00+0200,55664.321416,MW,DE,DE_LU,forecast_load,Forecasted Load,2026-08-09T22:55:36Z
2026-08-09T22:53:54Z,2026-08-10T00:53:54+0200,9f364823-fdf2-409d-8835-686a42d079dd,2026-07-21T19:00:00Z,2026-07-21T21:00:00+0200,55069.786539,MW,DE,DE_LU,forecast_load,Forecasted Load,2026-08-09T22:55:36Z
2026-08-09T22:53:54Z,2026-08-10T00:53:54+0200,9f364823-fdf2-409d-8835-686a42d079dd,2026-07-21T19:15:00Z,2026-07-21T21:15:00+0200,54698.28848,MW,DE,DE_LU,forecast_load,Forecasted Load,2026-08-09T22:55:36Z
2026-08-09T22:53:54Z,2026-08-10T00:53:54+0200,9f364823-fdf2-409d-8835-686a42d079dd,2026-07-21T19:30:00Z,2026-07-21T21:30:00+0200,54022.240618,MW,DE,DE_LU,forecast_load,Forecasted Load,2026-08-09T22:55:36Z
2026-08-09T22:53:54Z,2026-08-10T00:53:54+0200,9f364823-fdf2-409d-8835-686a42d079dd,2026-07-21T19:45:00Z,2026-07-21T21:45:00+0200,53440.144519,MW,DE,DE_LU,forecast_load,Forecasted Load,2026-08-09T22:55:36Z
2026-08-09T22:53:54Z,2026-08-10T00:53:54+0200,9f364823-fdf2-409d-8835-686a42d079dd,2026-07-21T20:00:00Z,2026-07-21T22:00:00+0200,52560.954414,MW,DE,DE_LU,forecast_load,Forecasted Load,2026-08-09T22:55:36Z
2026-08-09T22:53:54Z,2026-08-10T00:53:54+0200,9f364823-fdf2-409d-8835-686a42d079dd,2026-07-21T20:15:00Z,2026-07-21T22:15:00+0200,51676.804662,MW,DE,DE_LU,forecast_load,Forecasted Load,2026-08-09T22:55:36Z
2026-08-09T22:53:54Z,2026-08-10T00:53:54+0200,9f364823-fdf2-409d-8835-686a42d079dd,2026-07-21T20:30:00Z,2026-07-21T22:30:00+0200,50893.719215,MW,DE,DE_LU,forecast_load,Forecasted Load,2026-08-09T22:55:36Z
2026-08-09T22:53:54Z,2026-08-10T00:53:54+0200,9f364823-fdf2-409d-8835-686a42d079dd,2026-07-21T20:45:00Z,2026-07-21T22:45:00+0200,50167.547917,MW,DE,DE_LU,forecast_load,Forecasted Load,2026-08-09T22:55:36Z
2026-08-09T22:53:54Z,2026-08-10T00:53:54+0200,9f364823-fdf2-409d-8835-686a42d079dd,2026-07-21T21:00:00Z,2026-07-21T23:00:00+0200,49174.364131,MW,DE,DE_LU,forecast_load,Forecasted Load,2026-08-09T22:55:36Z
2026-08-09T22:53:54Z,2026-08-10T00:53:54+0200,9f364823-fdf2-409d-8835-686a42d079dd,2026-07-21T21:15:00Z,2026-07-21T23:15:00+0200,48500.269352,MW,DE,DE_LU,forecast_load,Forecasted Load,2026-08-09T22:55:36Z
2026-08-09T22:53:54Z,2026-08-10T00:53:54+0200,9f364823-fdf2-409d-8835-686a42d079dd,2026-07-21T21:30:00Z,2026-07-21T23:30:00+0200,48049.45293,MW,DE,DE_LU,forecast_load,Forecasted Load,2026-08-09T22:55:36Z
2026-08-09T22:53:54Z,2026-08-10T00:53:54+0200,9f364823-fdf2-409d-8835-686a42d079dd,2026-07-21T21:45:00Z,2026-07-21T23:45:00+0200,47470.097549,MW,DE,DE_LU,forecast_load,Forecasted Load,2026-08-09T22:55:36Z
2026-08-09T22:53:54Z,2026-08-10T00:53:54+0200,9f364823-fdf2-409d-8835-686a42d079dd,2026-07-21T22:00:00Z,2026-07-22T00:00:00+0200,45648.710815,MW,DE,DE_LU,forecast_load,Forecasted Load,2026-08-09T22:55:36Z
2026-08-09T22:53:54Z,2026-08-10T00:53:54+0200,9f364823-fdf2-409d-8835-686a42d079dd,2026-07-21T22:15:00Z,2026-07-22T00:15:00+0200,45096.238118,MW,DE,DE_LU,forecast_load,Forecasted Load,2026-08-09T22:55:36Z
2026-08-09T22:53:54Z,2026-08-10T00:53:54+0200,9f364823-fdf2-409d-8835-686a42d079dd,2026-07-21T22:30:00Z,2026-07-22T00:30:00+0200,45035.387316,MW,DE,DE_LU,forecast_load,Forecasted Load,2026-08-09T22:55:36Z
2026-08-09T22:53:54Z,2026-08-10T00:53:54+0200,9f364823-fdf2-409d-8835-686a42d079dd,2026-07-21T22:45:00Z,2026-07-22T00:45:00+0200,44498.782468,MW,DE,DE_LU,forecast_load,Forecasted Load,2026-08-09T22:55:36Z
2026-08-09T22:53:54Z,2026-08-10T00:53:54+0200,9f364823-fdf2-409d-8835-686a42d079dd,2026-07-21T23:00:00Z,2026-07-22T01:00:00+0200,44087.186803,MW,DE,DE_LU,forecast_load,Forecasted Load,2026-08-09T22:55:36Z
2026-08-09T22:53:54Z,2026-08-10T00:53:54+0200,9f364823-fdf2-409d-8835-686a42d079dd,2026-07-21T23:15:00Z,2026-07-22T01:15:00+0200,43641.065161,MW,DE,DE_LU,forecast_load,Forecasted Load,2026-08-09T22:55:36Z
2026-08-09T22:53:54Z,2026-08-10T00:53:54+0200,9f364823-fdf2-409d-8835-686a42d079dd,2026-07-21T23:30:00Z,2026-07-22T01:30:00+0200,43346.786631,MW,DE,DE_LU,forecast_load,Forecasted Load,2026-08-09T22:55:36Z
2026-08-09T22:53:54Z,2026-08-10T00:53:54+0200,9f364823-fdf2-409d-8835-686a42d079dd,2026-07-21T23:45:00Z,2026-07-22T01:45:00+0200,43244.914954,MW,DE,DE_LU,forecast_load,Forecasted Load,2026-08-09T22:55:36Z
2026-08-09T22:53:54Z,2026-08-10T00:53:54+0200,9f364823-fdf2-409d-8835-686a42d079dd,2026-07-22T00:00:00Z,2026-07-22T02:00:00+0200,43105.827553,MW,DE,DE_LU,forecast_load,Forecasted Load,2026-08-09T22:55:36Z
2026-08-09T22:53:54Z,2026-08-10T00:53:54+0200,9f364823-fdf2-409d-8835-686a42d079dd,2026-07-22T00:15:00Z,2026-07-22T02:15:00+0200,42967.026258,MW,DE,DE_LU,forecast_load,Forecasted Load,2026-08-09T22:55:36Z
2026-08-09T22:53:54Z,2026-08-10T00:53:54+0200,9f364823-fdf2-409d-8835-686a42d079dd,2026-07-22T00:30:00Z,2026-07-22T02:30:00+0200,43055.763564,MW,DE,DE_LU,forecast_load,Forecasted Load,2026-08-09T22:55:36Z
2026-08-09T22:53:54Z,2026-08-10T00:53:54+0200,9f364823-fdf2-409d-8835-686a42d079dd,2026-07-22T00:45:00Z,2026-07-22T02:45:00+0200,42822.839699,MW,DE,DE_LU,forecast_load,Forecasted Load,2026-08-09T22:55:36Z
2026-08-09T22:53:54Z,2026-08-10T00:53:54+0200,9f364823-fdf2-409d-8835-686a42d079dd,2026-07-22T01:00:00Z,2026-07-22T03:00:00+0200,42520.10574,MW,DE,DE_LU,forecast_load,Forecasted Load,2026-08-09T22:55:36Z
2026-08-09T22:53:54Z,2026-08-10T00:53:54+0200,9f364823-fdf2-409d-8835-686a42d079dd,2026-07-22T01:15:00Z,2026-07-22T03:15:00+0200,42325.534821,MW,DE,DE_LU,forecast_load,Forecasted Load,2026-08-09T22:55:36Z
2026-08-09T22:53:54Z,2026-08-10T00:53:54+0200,9f364823-fdf2-409d-8835-686a42d079dd,2026-07-22T01:30:00Z,2026-07-22T03:30:00+0200,42401.920776,MW,DE,DE_LU,forecast_load,Forecasted Load,2026-08-09T22:55:36Z
2026-08-09T22:53:54Z,2026-08-10T00:53:54+0200,9f364823-fdf2-409d-8835-686a42d079dd,2026-07-22T01:45:00Z,2026-07-22T03:45:00+0200,42914.502955,MW,DE,DE_LU,forecast_load,Forecasted Load,2026-08-09T22:55:36Z
2026-08-09T22:53:54Z,2026-08-10T00:53:54+0200,9f364823-fdf2-409d-8835-686a42d079dd,2026-07-22T02:00:00Z,2026-07-22T04:00:00+0200,43330.950514,MW,DE,DE_LU,forecast_load,Forecasted Load,2026-08-09T22:55:36Z
2026-08-09T22:53:54Z,2026-08-10T00:53:54+0200,9f364823-fdf2-409d-8835-686a42d079dd,2026-07-22T02:15:00Z,2026-07-22T04:15:00+0200,43831.870593,MW,DE,DE_LU,forecast_load,Forecasted Load,2026-08-09T22:55:36Z
2026-08-09T22:53:54Z,2026-08-10T00:53:54+0200,9f364823-fdf2-409d-8835-686a42d079dd,2026-07-22T02:30:00Z,2026-07-22T04:30:00+0200,44346.831859,MW,DE,DE_LU,forecast_load,Forecasted Load,2026-08-09T22:55:36Z
2026-08-09T22:53:54Z,2026-08-10T00:53:54+0200,9f364823-fdf2-409d-8835-686a42d079dd,2026-07-22T02:45:00Z,2026-07-22T04:45:00+0200,45328.616502,MW,DE,DE_LU,forecast_load,Forecasted Load,2026-08-09T22:55:36Z
2026-08-09T22:53:54Z,2026-08-10T00:53:54+0200,9f364823-fdf2-409d-8835-686a42d079dd,2026-07-22T03:00:00Z,2026-07-22T05:00:00+0200,46266.612085,MW,DE,DE_LU,forecast_load,Forecasted Load,2026-08-09T22:55:36Z
2026-08-09T22:53:54Z,2026-08-10T00:53:54+0200,9f364823-fdf2-409d-8835-686a42d079dd,2026-07-22T03:15:00Z,2026-07-22T05:15:00+0200,46772.820935,MW,DE,DE_LU,forecast_load,Forecasted Load,2026-08-09T22:55:36Z
2026-08-09T22:53:54Z,2026-08-10T00:53:54+0200,9f364823-fdf2-409d-8835-686a42d079dd,2026-07-22T03:30:00Z,2026-07-22T05:30:00+0200,47229.808986,MW,DE,DE_LU,forecast_load,Forecasted Load,2026-08-09T22:55:36Z
2026-08-09T22:53:54Z,2026-08-10T00:53:54+0200,9f364823-fdf2-409d-8835-686a42d079dd,2026-07-22T03:45:00Z,2026-07-22T05:45:00+0200,48437.983829,MW,DE,DE_LU,forecast_load,Forecasted Load,2026-08-09T22:55:36Z
2026-08-09T22:53:54Z,2026-08-10T00:53:54+0200,9f364823-fdf2-409d-8835-686a42d079dd,2026-07-22T04:00:00Z,2026-07-22T06:00:00+0200,50876.883946,MW,DE,DE_LU,forecast_load,Forecasted Load,2026-08-09T22:55:36Z
2026-08-09T22:53:54Z,2026-08-10T00:53:54+0200,9f364823-fdf2-409d-8835-686a42d079dd,2026-07-22T04:15:00Z,2026-07-22T06:15:00+0200,52185.53533,MW,DE,DE_LU,forecast_load,Forecasted Load,2026-08-09T22:55:36Z
2026-08-09T22:53:54Z,2026-08-10T00:53:54+0200,9f364823-fdf2-409d-8835-686a42d079dd,2026-07-22T04:30:00Z,2026-07-22T06:30:00+0200,53894.526762,MW,DE,DE_LU,forecast_load,Forecasted Load,2026-08-09T22:55:36Z
2026-08-09T22:53:54Z,2026-08-10T00:53:54+0200,9f364823-fdf2-409d-8835-686a42d079dd,2026-07-22T04:45:00Z,2026-07-22T06:45:00+0200,55227.507465,MW,DE,DE_LU,forecast_load,Forecasted Load,2026-08-09T22:55:36Z
2026-08-09T22:53:54Z,2026-08-10T00:53:54+0200,9f364823-fdf2-409d-8835-686a42d079dd,2026-07-22T05:00:00Z,2026-07-22T07:00:00+0200,56730.313831,MW,DE,DE_LU,forecast_load,Forecasted Load,2026-08-09T22:55:36Z
2026-08-09T22:53:54Z,2026-08-10T00:53:54+0200,9f364823-fdf2-409d-8835-686a42d079dd,2026-07-22T05:15:00Z,2026-07-22T07:15:00+0200,57719.194388,MW,DE,DE_LU,forecast_load,Forecasted Load,2026-08-09T22:55:36Z
2026-08-09T22:53:54Z,2026-08-10T00:53:54+0200,9f364823-fdf2-409d-8835-686a42d079dd,2026-07-22T05:30:00Z,2026-07-22T07:30:00+0200,58577.94071,MW,DE,DE_LU,forecast_load,Forecasted Load,2026-08-09T22:55:36Z
2026-08-09T22:53:54Z,2026-08-10T00:53:54+0200,9f364823-fdf2-409d-8835-686a42d079dd,2026-07-22T05:45:00Z,2026-07-22T07:45:00+0200,59414.647464,MW,DE,DE_LU,forecast_load,Forecasted Load,2026-08-09T22:55:36Z
2026-08-09T22:53:54Z,2026-08-10T00:53:54+0200,9f364823-fdf2-409d-8835-686a42d079dd,2026-07-22T06:00:00Z,2026-07-22T08:00:00+0200,60025.166323,MW,DE,DE_LU,forecast_load,Forecasted Load,2026-08-09T22:55:36Z
2026-08-09T22:53:54Z,2026-08-10T00:53:54+0200,9f364823-fdf2-409d-8835-686a42d079dd,2026-07-22T06:15:00Z,2026-07-22T08:15:00+0200,60634.690626,MW,DE,DE_LU,forecast_load,Forecasted Load,2026-08-09T22:55:36Z
2026-08-09T22:53:54Z,2026-08-10T00:53:54+0200,9f364823-fdf2-409d-8835-686a42d079dd,2026-07-22T06:30:00Z,2026-07-22T08:30:00+0200,60847.798894,MW,DE,DE_LU,forecast_load,Forecasted Load,2026-08-09T22:55:36Z
2026-08-09T22:53:54Z,2026-08-10T00:53:54+0200,9f364823-fdf2-409d-8835-686a42d079dd,2026-07-22T06:45:00Z,2026-07-22T08:45:00+0200,60974.767471,MW,DE,DE_LU,forecast_load,Forecasted Load,2026-08-09T22:55:36Z
2026-08-09T22:53:54Z,2026-08-10T00:53:54+0200,9f364823-fdf2-409d-8835-686a42d079dd,2026-07-22T07:00:00Z,2026-07-22T09:00:00+0200,61130.968014,MW,DE,DE_LU,forecast_load,Forecasted Load,2026-08-09T22:55:36Z
2026-08-09T22:53:54Z,2026-08-10T00:53:54+0200,9f364823-fdf2-409d-8835-686a42d079dd,2026-07-22T07:15:00Z,2026-07-22T09:15:00+0200,61141.971913,MW,DE,DE_LU,forecast_load,Forecasted Load,2026-08-09T22:55:36Z
2026-08-09T22:53:54Z,2026-08-10T00:53:54+0200,9f364823-fdf2-409d-8835-686a42d079dd,2026-07-22T07:30:00Z,2026-07-22T09:30:00+0200,61939.806727,MW,DE,DE_LU,forecast_load,Forecasted Load,2026-08-09T22:55:36Z
2026-08-09T22:53:54Z,2026-08-10T00:53:54+0200,9f364823-fdf2-409d-8835-686a42d079dd,2026-07-22T07:45:00Z,2026-07-22T09:45:00+0200,61869.287915,MW,DE,DE_LU,forecast_load,Forecasted Load,2026-08-09T22:55:36Z
2026-08-09T22:53:54Z,2026-08-10T00:53:54+0200,9f364823-fdf2-409d-8835-686a42d079dd,2026-07-22T08:00:00Z,2026-07-22T10:00:00+0200,61869.157697,MW,DE,DE_LU,forecast_load,Forecasted Load,2026-08-09T22:55:36Z
2026-08-09T22:53:54Z,2026-08-10T00:53:54+0200,9f364823-fdf2-409d-8835-686a42d079dd,2026-07-22T08:15:00Z,2026-07-22T10:15:00+0200,62498.439687,MW,DE,DE_LU,forecast_load,Forecasted Load,2026-08-09T22:55:36Z
2026-08-09T22:53:54Z,2026-08-10T00:53:54+0200,9f364823-fdf2-409d-8835-686a42d079dd,2026-07-22T08:30:00Z,2026-07-22T10:30:00+0200,61451.703001,MW,DE,DE_LU,forecast_load,Forecasted Load,2026-08-09T22:55:36Z
2026-08-09T22:53:54Z,2026-08-10T00:53:54+0200,9f364823-fdf2-409d-8835-686a42d079dd,2026-07-22T08:45:00Z,2026-07-22T10:45:00+0200,61709.307203,MW,DE,DE_LU,forecast_load,Forecasted Load,2026-08-09T22:55:36Z
2026-08-09T22:53:54Z,2026-08-10T00:53:54+0200,9f364823-fdf2-409d-8835-686a42d079dd,2026-07-22T09:00:00Z,2026-07-22T11:00:00+0200,61863.845757,MW,DE,DE_LU,forecast_load,Forecasted Load,2026-08-09T22:55:36Z
2026-08-09T22:53:54Z,2026-08-10T00:53:54+0200,9f364823-fdf2-409d-8835-686a42d079dd,2026-07-22T09:15:00Z,2026-07-22T11:15:00+0200,61793.52675,MW,DE,DE_LU,forecast_load,Forecasted Load,2026-08-09T22:55:36Z
2026-08-09T22:53:54Z,2026-08-10T00:53:54+0200,9f364823-fdf2-409d-8835-686a42d079dd,2026-07-22T09:30:00Z,2026-07-22T11:30:00+0200,61537.740698,MW,DE,DE_LU,forecast_load,Forecasted Load,2026-08-09T22:55:36Z
2026-08-09T22:53:54Z,2026-08-10T00:53:54+0200,9f364823-fdf2-409d-8835-686a42d079dd,2026-07-22T09:45:00Z,2026-07-22T11:45:00+0200,61241.964499,MW,DE,DE_LU,forecast_load,Forecasted Load,2026-08-09T22:55:36Z
2026-08-09T22:53:54Z,2026-08-10T00:53:54+0200,9f364823-fdf2-409d-8835-686a42d079dd,2026-07-22T10:00:00Z,2026-07-22T12:00:00+0200,60378.063952,MW,DE,DE_LU,forecast_load,Forecasted Load,2026-08-09T22:55:36Z
2026-08-09T22:53:54Z,2026-08-10T00:53:54+0200,9f364823-fdf2-409d-8835-686a42d079dd,2026-07-22T10:15:00Z,2026-07-22T12:15:00+0200,60728.457013,MW,DE,DE_LU,forecast_load,Forecasted Load,2026-08-09T22:55:36Z
2026-08-09T22:53:54Z,2026-08-10T00:53:54+0200,9f364823-fdf2-409d-8835-686a42d079dd,2026-07-22T10:30:00Z,2026-07-22T12:30:00+0200,60822.648254,MW,DE,DE_LU,forecast_load,Forecasted Load,2026-08-09T22:55:36Z
2026-08-09T22:53:54Z,2026-08-10T00:53:54+0200,9f364823-fdf2-409d-8835-686a42d079dd,2026-07-22T10:45:00Z,2026-07-22T12:45:00+0200,61150.625113,MW,DE,DE_LU,forecast_load,Forecasted Load,2026-08-09T22:55:36Z
2026-08-09T22:53:54Z,2026-08-10T00:53:54+0200,9f364823-fdf2-409d-8835-686a42d079dd,2026-07-22T11:00:00Z,2026-07-22T13:00:00+0200,60028.149994,MW,DE,DE_LU,forecast_load,Forecasted Load,2026-08-09T22:55:36Z
2026-08-09T22:53:54Z,2026-08-10T00:53:54+0200,9f364823-fdf2-409d-8835-686a42d079dd,2026-07-22T11:15:00Z,2026-07-22T13:15:00+0200,59686.5425,MW,DE,DE_LU,forecast_load,Forecasted Load,2026-08-09T22:55:36Z
2026-08-09T22:53:54Z,2026-08-10T00:53:54+0200,9f364823-fdf2-409d-8835-686a42d079dd,2026-07-22T11:30:00Z,2026-07-22T13:30:00+0200,59569.908582,MW,DE,DE_LU,forecast_load,Forecasted Load,2026-08-09T22:55:36Z
2026-08-09T22:53:54Z,2026-08-10T00:53:54+0200,9f364823-fdf2-409d-8835-686a42d079dd,2026-07-22T11:45:00Z,2026-07-22T13:45:00+0200,58823.291414,MW,DE,DE_LU,forecast_load,Forecasted Load,2026-08-09T22:55:36Z
2026-08-09T22:53:54Z,2026-08-10T00:53:54+0200,9f364823-fdf2-409d-8835-686a42d079dd,2026-07-22T12:00:00Z,2026-07-22T14:00:00+0200,59270.564155,MW,DE,DE_LU,forecast_load,Forecasted Load,2026-08-09T22:55:36Z
2026-08-09T22:53:54Z,2026-08-10T00:53:54+0200,9f364823-fdf2-409d-8835-686a42d079dd,2026-07-22T12:15:00Z,2026-07-22T14:15:00+0200,58467.260097,MW,DE,DE_LU,forecast_load,Forecasted Load,2026-08-09T22:55:36Z
2026-08-09T22:53:54Z,2026-08-10T00:53:54+0200,9f364823-fdf2-409d-8835-686a42d079dd,2026-07-22T12:30:00Z,2026-07-22T14:30:00+0200,58220.187295,MW,DE,DE_LU,forecast_load,Forecasted Load,2026-08-09T22:55:36Z
2026-08-09T22:53:54Z,2026-08-10T00:53:54+0200,9f364823-fdf2-409d-8835-686a42d079dd,2026-07-22T12:45:00Z,2026-07-22T14:45:00+0200,57833.445489,MW,DE,DE_LU,forecast_load,Forecasted Load,2026-08-09T22:55:36Z
2026-08-09T22:53:54Z,2026-08-10T00:53:54+0200,9f364823-fdf2-409d-8835-686a42d079dd,2026-07-22T13:00:00Z,2026-07-22T15:00:00+0200,58101.611557,MW,DE,DE_LU,forecast_load,Forecasted Load,2026-08-09T22:55:36Z
2026-08-09T22:53:54Z,2026-08-10T00:53:54+0200,9f364823-fdf2-409d-8835-686a42d079dd,2026-07-22T13:15:00Z,2026-07-22T15:15:00+0200,56895.320921,MW,DE,DE_LU,forecast_load,Forecasted Load,2026-08-09T22:55:36Z
2026-08-09T22:53:54Z,2026-08-10T00:53:54+0200,9f364823-fdf2-409d-8835-686a42d079dd,2026-07-22T13:30:00Z,2026-07-22T15:30:00+0200,57657.143022,MW,DE,DE_LU,forecast_load,Forecasted Load,2026-08-09T22:55:36Z
2026-08-09T22:53:54Z,2026-08-10T00:53:54+0200,9f364823-fdf2-409d-8835-686a42d079dd,2026-07-22T13:45:00Z,2026-07-22T15:45:00+0200,57728.583623,MW,DE,DE_LU,forecast_load,Forecasted Load,2026-08-09T22:55:36Z
2026-08-09T22:53:54Z,2026-08-10T00:53:54+0200,9f364823-fdf2-409d-8835-686a42d079dd,2026-07-22T14:00:00Z,2026-07-22T16:00:00+0200,58278.909231,MW,DE,DE_LU,forecast_load,Forecasted Load,2026-08-09T22:55:36Z
2026-08-09T22:53:54Z,2026-08-10T00:53:54+0200,9f364823-fdf2-409d-8835-686a42d079dd,2026-07-22T14:15:00Z,2026-07-22T16:15:00+0200,57760.812048,MW,DE,DE_LU,forecast_load,Forecasted Load,2026-08-09T22:55:36Z
2026-08-09T22:53:54Z,2026-08-10T00:53:54+0200,9f364823-fdf2-409d-8835-686a42d079dd,2026-07-22T14:30:00Z,2026-07-22T16:30:00+0200,57708.800282,MW,DE,DE_LU,forecast_load,Forecasted Load,2026-08-09T22:55:36Z
2026-08-09T22:53:54Z,2026-08-10T00:53:54+0200,9f364823-fdf2-409d-8835-686a42d079dd,2026-07-22T14:45:00Z,2026-07-22T16:45:00+0200,58241.088081,MW,DE,DE_LU,forecast_load,Forecasted Load,2026-08-09T22:55:36Z
2026-08-09T22:53:54Z,2026-08-10T00:53:54+0200,9f364823-fdf2-409d-8835-686a42d079dd,2026-07-22T15:00:00Z,2026-07-22T17:00:00+0200,58566.927946,MW,DE,DE_LU,forecast_load,Forecasted Load,2026-08-09T22:55:36Z
2026-08-09T22:53:54Z,2026-08-10T00:53:54+0200,9f364823-fdf2-409d-8835-686a42d079dd,2026-07-22T15:15:00Z,2026-07-22T17:15:00+0200,58281.301458,MW,DE,DE_LU,forecast_load,Forecasted Load,2026-08-09T22:55:36Z
2026-08-09T22:53:54Z,2026-08-10T00:53:54+0200,9f364823-fdf2-409d-8835-686a42d079dd,2026-07-22T15:30:00Z,2026-07-22T17:30:00+0200,58098.531872,MW,DE,DE_LU,forecast_load,Forecasted Load,2026-08-09T22:55:36Z
2026-08-09T22:53:54Z,2026-08-10T00:53:54+0200,9f364823-fdf2-409d-8835-686a42d079dd,2026-07-22T15:45:00Z,2026-07-22T17:45:00+0200,58178.523288,MW,DE,DE_LU,forecast_load,Forecasted Load,2026-08-09T22:55:36Z
2026-08-09T22:53:54Z,2026-08-10T00:53:54+0200,9f364823-fdf2-409d-8835-686a42d079dd,2026-07-22T16:00:00Z,2026-07-22T18:00:00+0200,58498.228803,MW,DE,DE_LU,forecast_load,Forecasted Load,2026-08-09T22:55:36Z
2026-08-09T22:53:54Z,2026-08-10T00:53:54+0200,9f364823-fdf2-409d-8835-686a42d079dd,2026-07-22T16:15:00Z,2026-07-22T18:15:00+0200,58728.359526,MW,DE,DE_LU,forecast_load,Forecasted Load,2026-08-09T22:55:36Z
2026-08-09T22:53:54Z,2026-08-10T00:53:54+0200,9f364823-fdf2-409d-8835-686a42d079dd,2026-07-22T16:30:00Z,2026-07-22T18:30:00+0200,58977.826838,MW,DE,DE_LU,forecast_load,Forecasted Load,2026-08-09T22:55:36Z
2026-08-09T22:53:54Z,2026-08-10T00:53:54+0200,9f364823-fdf2-409d-8835-686a42d079dd,2026-07-22T16:45:00Z,2026-07-22T18:45:00+0200,59312.628777,MW,DE,DE_LU,forecast_load,Forecasted Load,2026-08-09T22:55:36Z
2026-08-09T22:53:54Z,2026-08-10T00:53:54+0200,9f364823-fdf2-409d-8835-686a42d079dd,2026-07-22T17:00:00Z,2026-07-22T19:00:00+0200,59123.619929,MW,DE,DE_LU,forecast_load,Forecasted Load,2026-08-09T22:55:36Z
2026-08-09T22:53:54Z,2026-08-10T00:53:54+0200,9f364823-fdf2-409d-8835-686a42d079dd,2026-07-22T17:15:00Z,2026-07-22T19:15:00+0200,59189.201647,MW,DE,DE_LU,forecast_load,Forecasted Load,2026-08-09T22:55:36Z
2026-08-09T22:53:54Z,2026-08-10T00:53:54+0200,9f364823-fdf2-409d-8835-686a42d079dd,2026-07-22T17:30:00Z,2026-07-22T19:30:00+0200,58776.642515,MW,DE,DE_LU,forecast_load,Forecasted Load,2026-08-09T22:55:36Z
2026-08-09T22:53:54Z,2026-08-10T00:53:54+0200,9f364823-fdf2-409d-8835-686a42d079dd,2026-07-22T17:45:00Z,2026-07-22T19:45:00+0200,58755.079999,MW,DE,DE_LU,forecast_load,Forecasted Load,2026-08-09T22:55:36Z
2026-08-09T22:53:54Z,2026-08-10T00:53:54+0200,9f364823-fdf2-409d-8835-686a42d079dd,2026-07-22T18:00:00Z,2026-07-22T20:00:00+0200,58415.200304,MW,DE,DE_LU,forecast_load,Forecasted Load,2026-08-09T22:55:36Z
2026-08-09T22:53:54Z,2026-08-10T00:53:54+0200,9f364823-fdf2-409d-8835-686a42d079dd,2026-07-22T18:15:00Z,2026-07-22T20:15:00+0200,57801.313673,MW,DE,DE_LU,forecast_load,Forecasted Load,2026-08-09T22:55:36Z
2026-08-09T22:53:54Z,2026-08-10T00:53:54+0200,9f364823-fdf2-409d-8835-686a42d079dd,2026-07-22T18:30:00Z,2026-07-22T20:30:00+0200,57516.128225,MW,DE,DE_LU,forecast_load,Forecasted Load,2026-08-09T22:55:36Z
2026-08-09T22:53:54Z,2026-08-10T00:53:54+0200,9f364823-fdf2-409d-8835-686a42d079dd,2026-07-22T18:45:00Z,2026-07-22T20:45:00+0200,56948.738454,MW,DE,DE_LU,forecast_load,Forecasted Load,2026-08-09T22:55:36Z
2026-08-09T22:53:54Z,2026-08-10T00:53:54+0200,9f364823-fdf2-409d-8835-686a42d079dd,2026-07-22T19:00:00Z,2026-07-22T21:00:00+0200,56162.680572,MW,DE,DE_LU,forecast_load,Forecasted Load,2026-08-09T22:55:36Z
2026-08-09T22:53:54Z,2026-08-10T00:53:54+0200,9f364823-fdf2-409d-8835-686a42d079dd,2026-07-22T19:15:00Z,2026-07-22T21:15:00+0200,55630.885578,MW,DE,DE_LU,forecast_load,Forecasted Load,2026-08-09T22:55:36Z
2026-08-09T22:53:54Z,2026-08-10T00:53:54+0200,9f364823-fdf2-409d-8835-686a42d079dd,2026-07-22T19:30:00Z,2026-07-22T21:30:00+0200,54847.400559,MW,DE,DE_LU,forecast_load,Forecasted Load,2026-08-09T22:55:36Z
2026-08-09T22:53:54Z,2026-08-10T00:53:54+0200,9f364823-fdf2-409d-8835-686a42d079dd,2026-07-22T19:45:00Z,2026-07-22T21:45:00+0200,54281.046824,MW,DE,DE_LU,forecast_load,Forecasted Load,2026-08-09T22:55:36Z
2026-08-09T22:53:54Z,2026-08-10T00:53:54+0200,9f364823-fdf2-409d-8835-686a42d079dd,2026-07-22T20:00:00Z,2026-07-22T22:00:00+0200,53506.833027,MW,DE,DE_LU,forecast_load,Forecasted Load,2026-08-09T22:55:36Z
2026-08-09T22:53:54Z,2026-08-10T00:53:54+0200,9f364823-fdf2-409d-8835-686a42d079dd,2026-07-22T20:15:00Z,2026-07-22T22:15:00+0200,52435.338073,MW,DE,DE_LU,forecast_load,Forecasted Load,2026-08-09T22:55:36Z
2026-08-09T22:53:54Z,2026-08-10T00:53:54+0200,9f364823-fdf2-409d-8835-686a42d079dd,2026-07-22T20:30:00Z,2026-07-22T22:30:00+0200,51316.28985,MW,DE,DE_LU,forecast_load,Forecasted Load,2026-08-09T22:55:36Z
2026-08-09T22:53:54Z,2026-08-10T00:53:54+0200,9f364823-fdf2-409d-8835-686a42d079dd,2026-07-22T20:45:00Z,2026-07-22T22:45:00+0200,50521.527019,MW,DE,DE_LU,forecast_load,Forecasted Load,2026-08-09T22:55:36Z
2026-08-09T22:53:54Z,2026-08-10T00:53:54+0200,9f364823-fdf2-409d-8835-686a42d079dd,2026-07-22T21:00:00Z,2026-07-22T23:00:00+0200,49450.30957,MW,DE,DE_LU,forecast_load,Forecasted Load,2026-08-09T22:55:36Z
2026-08-09T22:53:54Z,2026-08-10T00:53:54+0200,9f364823-fdf2-409d-8835-686a42d079dd,2026-07-22T21:15:00Z,2026-07-22T23:15:00+0200,48602.767509,MW,DE,DE_LU,forecast_load,Forecasted Load,2026-08-09T22:55:36Z
2026-08-09T22:53:54Z,2026-08-10T00:53:54+0200,9f364823-fdf2-409d-8835-686a42d079dd,2026-07-22T21:30:00Z,2026-07-22T23:30:00+0200,48039.593674,MW,DE,DE_LU,forecast_load,Forecasted Load,2026-08-09T22:55:36Z
2026-08-09T22:53:54Z,2026-08-10T00:53:54+0200,9f364823-fdf2-409d-8835-686a42d079dd,2026-07-22T21:45:00Z,2026-07-22T23:45:00+0200,47521.225448,MW,DE,DE_LU,forecast_load,Forecasted Load,2026-08-09T22:55:36Z
2026-08-09T22:53:54Z,2026-08-10T00:53:54+0200,9f364823-fdf2-409d-8835-686a42d079dd,2026-07-22T22:00:00Z,2026-07-23T00:00:00+0200,44918.377415,MW,DE,DE_LU,forecast_load,Forecasted Load,2026-08-09T22:55:36Z
2026-08-09T22:53:54Z,2026-08-10T00:53:54+0200,9f364823-fdf2-409d-8835-686a42d079dd,2026-07-22T22:15:00Z,2026-07-23T00:15:00+0200,44286.723477,MW,DE,DE_LU,forecast_load,Forecasted Load,2026-08-09T22:55:36Z
2026-08-09T22:53:54Z,2026-08-10T00:53:54+0200,9f364823-fdf2-409d-8835-686a42d079dd,2026-07-22T22:30:00Z,2026-07-23T00:30:00+0200,43677.96633,MW,DE,DE_LU,forecast_load,Forecasted Load,2026-08-09T22:55:36Z
2026-08-09T22:53:54Z,2026-08-10T00:53:54+0200,9f364823-fdf2-409d-8835-686a42d079dd,2026-07-22T22:45:00Z,2026-07-23T00:45:00+0200,43191.197804,MW,DE,DE_LU,forecast_load,Forecasted Load,2026-08-09T22:55:36Z
2026-08-09T22:53:54Z,2026-08-10T00:53:54+0200,9f364823-fdf2-409d-8835-686a42d079dd,2026-07-22T23:00:00Z,2026-07-23T01:00:00+0200,42726.537692,MW,DE,DE_LU,forecast_load,Forecasted Load,2026-08-09T22:55:36Z
2026-08-09T22:53:54Z,2026-08-10T00:53:54+0200,9f364823-fdf2-409d-8835-686a42d079dd,2026-07-22T23:15:00Z,2026-07-23T01:15:00+0200,42325.445871,MW,DE,DE_LU,forecast_load,Forecasted Load,2026-08-09T22:55:36Z
2026-08-09T22:53:54Z,2026-08-10T00:53:54+0200,9f364823-fdf2-409d-8835-686a42d079dd,2026-07-22T23:30:00Z,2026-07-23T01:30:00+0200,42018.921647,MW,DE,DE_LU,forecast_load,Forecasted Load,2026-08-09T22:55:36Z
2026-08-09T22:53:54Z,2026-08-10T00:53:54+0200,9f364823-fdf2-409d-8835-686a42d079dd,2026-07-22T23:45:00Z,2026-07-23T01:45:00+0200,41807.287333,MW,DE,DE_LU,forecast_load,Forecasted Load,2026-08-09T22:55:36Z
2026-08-09T22:53:54Z,2026-08-10T00:53:54+0200,9f364823-fdf2-409d-8835-686a42d079dd,2026-07-23T00:00:00Z,2026-07-23T02:00:00+0200,41604.78632,MW,DE,DE_LU,forecast_load,Forecasted Load,2026-08-09T22:55:36Z
2026-08-09T22:53:54Z,2026-08-10T00:53:54+0200,9f364823-fdf2-409d-8835-686a42d079dd,2026-07-23T00:15:00Z,2026-07-23T02:15:00+0200,41336.708322,MW,DE,DE_LU,forecast_load,Forecasted Load,2026-08-09T22:55:36Z
2026-08-09T22:53:54Z,2026-08-10T00:53:54+0200,9f364823-fdf2-409d-8835-686a42d079dd,2026-07-23T00:30:00Z,2026-07-23T02:30:00+0200,41279.812846,MW,DE,DE_LU,forecast_load,Forecasted Load,2026-08-09T22:55:36Z
2026-08-09T22:53:54Z,2026-08-10T00:53:54+0200,9f364823-fdf2-409d-8835-686a42d079dd,2026-07-23T00:45:00Z,2026-07-23T02:45:00+0200,41250.546546,MW,DE,DE_LU,forecast_load,Forecasted Load,2026-08-09T22:55:36Z
2026-08-09T22:53:54Z,2026-08-10T00:53:54+0200,9f364823-fdf2-409d-8835-686a42d079dd,2026-07-23T01:00:00Z,2026-07-23T03:00:00+0200,41257.483134,MW,DE,DE_LU,forecast_load,Forecasted Load,2026-08-09T22:55:36Z
2026-08-09T22:53:54Z,2026-08-10T00:53:54+0200,9f364823-fdf2-409d-8835-686a42d079dd,2026-07-23T01:15:00Z,2026-07-23T03:15:00+0200,41244.982666,MW,DE,DE_LU,forecast_load,Forecasted Load,2026-08-09T22:55:36Z
2026-08-09T22:53:54Z,2026-08-10T00:53:54+0200,9f364823-fdf2-409d-8835-686a42d079dd,2026-07-23T01:30:00Z,2026-07-23T03:30:00+0200,41377.683545,MW,DE,DE_LU,forecast_load,Forecasted Load,2026-08-09T22:55:36Z
2026-08-09T22:53:54Z,2026-08-10T00:53:54+0200,9f364823-fdf2-409d-8835-686a42d079dd,2026-07-23T01:45:00Z,2026-07-23T03:45:00+0200,41470.391532,MW,DE,DE_LU,forecast_load,Forecasted Load,2026-08-09T22:55:36Z
2026-08-09T22:53:54Z,2026-08-10T00:53:54+0200,9f364823-fdf2-409d-8835-686a42d079dd,2026-07-23T02:00:00Z,2026-07-23T04:00:00+0200,41833.550922,MW,DE,DE_LU,forecast_load,Forecasted Load,2026-08-09T22:55:36Z
2026-08-09T22:53:54Z,2026-08-10T00:53:54+0200,9f364823-fdf2-409d-8835-686a42d079dd,2026-07-23T02:15:00Z,2026-07-23T04:15:00+0200,42142.802808,MW,DE,DE_LU,forecast_load,Forecasted Load,2026-08-09T22:55:36Z
2026-08-09T22:53:54Z,2026-08-10T00:53:54+0200,9f364823-fdf2-409d-8835-686a42d079dd,2026-07-23T02:30:00Z,2026-07-23T04:30:00+0200,42608.062479,MW,DE,DE_LU,forecast_load,Forecasted Load,2026-08-09T22:55:36Z
2026-08-09T22:53:54Z,2026-08-10T00:53:54+0200,9f364823-fdf2-409d-8835-686a42d079dd,2026-07-23T02:45:00Z,2026-07-23T04:45:00+0200,43158.417551,MW,DE,DE_LU,forecast_load,Forecasted Load,2026-08-09T22:55:36Z
2026-08-09T22:53:54Z,2026-08-10T00:53:54+0200,9f364823-fdf2-409d-8835-686a42d079dd,2026-07-23T03:00:00Z,2026-07-23T05:00:00+0200,43949.195007,MW,DE,DE_LU,forecast_load,Forecasted Load,2026-08-09T22:55:36Z
2026-08-09T22:53:54Z,2026-08-10T00:53:54+0200,9f364823-fdf2-409d-8835-686a42d079dd,2026-07-23T03:15:00Z,2026-07-23T05:15:00+0200,44778.407925,MW,DE,DE_LU,forecast_load,Forecasted Load,2026-08-09T22:55:36Z
2026-08-09T22:53:54Z,2026-08-10T00:53:54+0200,9f364823-fdf2-409d-8835-686a42d079dd,2026-07-23T03:30:00Z,2026-07-23T05:30:00+0200,45433.462931,MW,DE,DE_LU,forecast_load,Forecasted Load,2026-08-09T22:55:36Z
2026-08-09T22:53:54Z,2026-08-10T00:53:54+0200,9f364823-fdf2-409d-8835-686a42d079dd,2026-07-23T03:45:00Z,2026-07-23T05:45:00+0200,46862.336803,MW,DE,DE_LU,forecast_load,Forecasted Load,2026-08-09T22:55:36Z
2026-08-09T22:53:54Z,2026-08-10T00:53:54+0200,9f364823-fdf2-409d-8835-686a42d079dd,2026-07-23T04:00:00Z,2026-07-23T06:00:00+0200,48936.711619,MW,DE,DE_LU,forecast_load,Forecasted Load,2026-08-09T22:55:36Z
2026-08-09T22:53:54Z,2026-08-10T00:53:54+0200,9f364823-fdf2-409d-8835-686a42d079dd,2026-07-23T04:15:00Z,2026-07-23T06:15:00+0200,50148.295753,MW,DE,DE_LU,forecast_load,Forecasted Load,2026-08-09T22:55:36Z
2026-08-09T22:53:54Z,2026-08-10T00:53:54+0200,9f364823-fdf2-409d-8835-686a42d079dd,2026-07-23T04:30:00Z,2026-07-23T06:30:00+0200,51759.050622,MW,DE,DE_LU,forecast_load,Forecasted Load,2026-08-09T22:55:36Z
2026-08-09T22:53:54Z,2026-08-10T00:53:54+0200,9f364823-fdf2-409d-8835-686a42d079dd,2026-07-23T04:45:00Z,2026-07-23T06:45:00+0200,52891.664295,MW,DE,DE_LU,forecast_load,Forecasted Load,2026-08-09T22:55:36Z
2026-08-09T22:53:54Z,2026-08-10T00:53:54+0200,9f364823-fdf2-409d-8835-686a42d079dd,2026-07-23T05:00:00Z,2026-07-23T07:00:00+0200,54115.750525,MW,DE,DE_LU,forecast_load,Forecasted Load,2026-08-09T22:55:36Z
2026-08-09T22:53:54Z,2026-08-10T00:53:54+0200,9f364823-fdf2-409d-8835-686a42d079dd,2026-07-23T05:15:00Z,2026-07-23T07:15:00+0200,55251.538763,MW,DE,DE_LU,forecast_load,Forecasted Load,2026-08-09T22:55:36Z
2026-08-09T22:53:54Z,2026-08-10T00:53:54+0200,9f364823-fdf2-409d-8835-686a42d079dd,2026-07-23T05:30:00Z,2026-07-23T07:30:00+0200,56379.945299,MW,DE,DE_LU,forecast_load,Forecasted Load,2026-08-09T22:55:36Z
2026-08-09T22:53:54Z,2026-08-10T00:53:54+0200,9f364823-fdf2-409d-8835-686a42d079dd,2026-07-23T05:45:00Z,2026-07-23T07:45:00+0200,57599.470297,MW,DE,DE_LU,forecast_load,Forecasted Load,2026-08-09T22:55:36Z
2026-08-09T22:53:54Z,2026-08-10T00:53:54+0200,9f364823-fdf2-409d-8835-686a42d079dd,2026-07-23T06:00:00Z,2026-07-23T08:00:00+0200,58357.935128,MW,DE,DE_LU,forecast_load,Forecasted Load,2026-08-09T22:55:36Z
2026-08-09T22:53:54Z,2026-08-10T00:53:54+0200,9f364823-fdf2-409d-8835-686a42d079dd,2026-07-23T06:15:00Z,2026-07-23T08:15:00+0200,59086.040082,MW,DE,DE_LU,forecast_load,Forecasted Load,2026-08-09T22:55:36Z
2026-08-09T22:53:54Z,2026-08-10T00:53:54+0200,9f364823-fdf2-409d-8835-686a42d079dd,2026-07-23T06:30:00Z,2026-07-23T08:30:00+0200,59667.429192,MW,DE,DE_LU,forecast_load,Forecasted Load,2026-08-09T22:55:36Z
2026-08-09T22:53:54Z,2026-08-10T00:53:54+0200,9f364823-fdf2-409d-8835-686a42d079dd,2026-07-23T06:45:00Z,2026-07-23T08:45:00+0200,59986.542288,MW,DE,DE_LU,forecast_load,Forecasted Load,2026-08-09T22:55:36Z
2026-08-09T22:53:54Z,2026-08-10T00:53:54+0200,9f364823-fdf2-409d-8835-686a42d079dd,2026-07-23T07:00:00Z,2026-07-23T09:00:00+0200,60084.563206,MW,DE,DE_LU,forecast_load,Forecasted Load,2026-08-09T22:55:36Z
2026-08-09T22:53:54Z,2026-08-10T00:53:54+0200,9f364823-fdf2-409d-8835-686a42d079dd,2026-07-23T07:15:00Z,2026-07-23T09:15:00+0200,60135.571801,MW,DE,DE_LU,forecast_load,Forecasted Load,2026-08-09T22:55:36Z
2026-08-09T22:53:54Z,2026-08-10T00:53:54+0200,9f364823-fdf2-409d-8835-686a42d079dd,2026-07-23T07:30:00Z,2026-07-23T09:30:00+0200,60485.386373,MW,DE,DE_LU,forecast_load,Forecasted Load,2026-08-09T22:55:36Z
2026-08-09T22:53:54Z,2026-08-10T00:53:54+0200,9f364823-fdf2-409d-8835-686a42d079dd,2026-07-23T07:45:00Z,2026-07-23T09:45:00+0200,60881.716003,MW,DE,DE_LU,forecast_load,Forecasted Load,2026-08-09T22:55:36Z
2026-08-09T22:53:54Z,2026-08-10T00:53:54+0200,9f364823-fdf2-409d-8835-686a42d079dd,2026-07-23T08:00:00Z,2026-07-23T10:00:00+0200,60660.741036,MW,DE,DE_LU,forecast_load,Forecasted Load,2026-08-09T22:55:36Z
2026-08-09T22:53:54Z,2026-08-10T00:53:54+0200,9f364823-fdf2-409d-8835-686a42d079dd,2026-07-23T08:15:00Z,2026-07-23T10:15:00+0200,60681.707349,MW,DE,DE_LU,forecast_load,Forecasted Load,2026-08-09T22:55:36Z
2026-08-09T22:53:54Z,2026-08-10T00:53:54+0200,9f364823-fdf2-409d-8835-686a42d079dd,2026-07-23T08:30:00Z,2026-07-23T10:30:00+0200,60448.866752,MW,DE,DE_LU,forecast_load,Forecasted Load,2026-08-09T22:55:36Z
2026-08-09T22:53:54Z,2026-08-10T00:53:54+0200,9f364823-fdf2-409d-8835-686a42d079dd,2026-07-23T08:45:00Z,2026-07-23T10:45:00+0200,60145.721937,MW,DE,DE_LU,forecast_load,Forecasted Load,2026-08-09T22:55:36Z
2026-08-09T22:53:54Z,2026-08-10T00:53:54+0200,9f364823-fdf2-409d-8835-686a42d079dd,2026-07-23T09:00:00Z,2026-07-23T11:00:00+0200,60030.138855,MW,DE,DE_LU,forecast_load,Forecasted Load,2026-08-09T22:55:36Z
2026-08-09T22:53:54Z,2026-08-10T00:53:54+0200,9f364823-fdf2-409d-8835-686a42d079dd,2026-07-23T09:15:00Z,2026-07-23T11:15:00+0200,60130.621505,MW,DE,DE_LU,forecast_load,Forecasted Load,2026-08-09T22:55:36Z
2026-08-09T22:53:54Z,2026-08-10T00:53:54+0200,9f364823-fdf2-409d-8835-686a42d079dd,2026-07-23T09:30:00Z,2026-07-23T11:30:00+0200,60049.192522,MW,DE,DE_LU,forecast_load,Forecasted Load,2026-08-09T22:55:36Z
2026-08-09T22:53:54Z,2026-08-10T00:53:54+0200,9f364823-fdf2-409d-8835-686a42d079dd,2026-07-23T09:45:00Z,2026-07-23T11:45:00+0200,60007.516668,MW,DE,DE_LU,forecast_load,Forecasted Load,2026-08-09T22:55:36Z
2026-08-09T22:53:54Z,2026-08-10T00:53:54+0200,9f364823-fdf2-409d-8835-686a42d079dd,2026-07-23T10:00:00Z,2026-07-23T12:00:00+0200,59651.551903,MW,DE,DE_LU,forecast_load,Forecasted Load,2026-08-09T22:55:36Z
2026-08-09T22:53:54Z,2026-08-10T00:53:54+0200,9f364823-fdf2-409d-8835-686a42d079dd,2026-07-23T10:15:00Z,2026-07-23T12:15:00+0200,59131.858883,MW,DE,DE_LU,forecast_load,Forecasted Load,2026-08-09T22:55:36Z
2026-08-09T22:53:54Z,2026-08-10T00:53:54+0200,9f364823-fdf2-409d-8835-686a42d079dd,2026-07-23T10:30:00Z,2026-07-23T12:30:00+0200,58604.603989,MW,DE,DE_LU,forecast_load,Forecasted Load,2026-08-09T22:55:36Z
2026-08-09T22:53:54Z,2026-08-10T00:53:54+0200,9f364823-fdf2-409d-8835-686a42d079dd,2026-07-23T10:45:00Z,2026-07-23T12:45:00+0200,58510.791216,MW,DE,DE_LU,forecast_load,Forecasted Load,2026-08-09T22:55:36Z
2026-08-09T22:53:54Z,2026-08-10T00:53:54+0200,9f364823-fdf2-409d-8835-686a42d079dd,2026-07-23T11:00:00Z,2026-07-23T13:00:00+0200,57943.727124,MW,DE,DE_LU,forecast_load,Forecasted Load,2026-08-09T22:55:36Z
2026-08-09T22:53:54Z,2026-08-10T00:53:54+0200,9f364823-fdf2-409d-8835-686a42d079dd,2026-07-23T11:15:00Z,2026-07-23T13:15:00+0200,58083.799463,MW,DE,DE_LU,forecast_load,Forecasted Load,2026-08-09T22:55:36Z
2026-08-09T22:53:54Z,2026-08-10T00:53:54+0200,9f364823-fdf2-409d-8835-686a42d079dd,2026-07-23T11:30:00Z,2026-07-23T13:30:00+0200,57491.817887,MW,DE,DE_LU,forecast_load,Forecasted Load,2026-08-09T22:55:36Z
2026-08-09T22:53:54Z,2026-08-10T00:53:54+0200,9f364823-fdf2-409d-8835-686a42d079dd,2026-07-23T11:45:00Z,2026-07-23T13:45:00+0200,57295.96313,MW,DE,DE_LU,forecast_load,Forecasted Load,2026-08-09T22:55:36Z
2026-08-09T22:53:54Z,2026-08-10T00:53:54+0200,9f364823-fdf2-409d-8835-686a42d079dd,2026-07-23T12:00:00Z,2026-07-23T14:00:00+0200,56871.044361,MW,DE,DE_LU,forecast_load,Forecasted Load,2026-08-09T22:55:36Z
2026-08-09T22:53:54Z,2026-08-10T00:53:54+0200,9f364823-fdf2-409d-8835-686a42d079dd,2026-07-23T12:15:00Z,2026-07-23T14:15:00+0200,56564.705135,MW,DE,DE_LU,forecast_load,Forecasted Load,2026-08-09T22:55:36Z
2026-08-09T22:53:54Z,2026-08-10T00:53:54+0200,9f364823-fdf2-409d-8835-686a42d079dd,2026-07-23T12:30:00Z,2026-07-23T14:30:00+0200,56033.768395,MW,DE,DE_LU,forecast_load,Forecasted Load,2026-08-09T22:55:36Z
2026-08-09T22:53:54Z,2026-08-10T00:53:54+0200,9f364823-fdf2-409d-8835-686a42d079dd,2026-07-23T12:45:00Z,2026-07-23T14:45:00+0200,55583.582816,MW,DE,DE_LU,forecast_load,Forecasted Load,2026-08-09T22:55:36Z
2026-08-09T22:53:54Z,2026-08-10T00:53:54+0200,9f364823-fdf2-409d-8835-686a42d079dd,2026-07-23T13:00:00Z,2026-07-23T15:00:00+0200,55266.216368,MW,DE,DE_LU,forecast_load,Forecasted Load,2026-08-09T22:55:36Z
2026-08-09T22:53:54Z,2026-08-10T00:53:54+0200,9f364823-fdf2-409d-8835-686a42d079dd,2026-07-23T13:15:00Z,2026-07-23T15:15:00+0200,55877.37782,MW,DE,DE_LU,forecast_load,Forecasted Load,2026-08-09T22:55:36Z
2026-08-09T22:53:54Z,2026-08-10T00:53:54+0200,9f364823-fdf2-409d-8835-686a42d079dd,2026-07-23T13:30:00Z,2026-07-23T15:30:00+0200,55092.678073,MW,DE,DE_LU,forecast_load,Forecasted Load,2026-08-09T22:55:36Z
2026-08-09T22:53:54Z,2026-08-10T00:53:54+0200,9f364823-fdf2-409d-8835-686a42d079dd,2026-07-23T13:45:00Z,2026-07-23T15:45:00+0200,55166.58142,MW,DE,DE_LU,forecast_load,Forecasted Load,2026-08-09T22:55:36Z
2026-08-09T22:53:54Z,2026-08-10T00:53:54+0200,9f364823-fdf2-409d-8835-686a42d079dd,2026-07-23T14:00:00Z,2026-07-23T16:00:00+0200,55682.139741,MW,DE,DE_LU,forecast_load,Forecasted Load,2026-08-09T22:55:36Z
2026-08-09T22:53:54Z,2026-08-10T00:53:54+0200,9f364823-fdf2-409d-8835-686a42d079dd,2026-07-23T14:15:00Z,2026-07-23T16:15:00+0200,55400.537021,MW,DE,DE_LU,forecast_load,Forecasted Load,2026-08-09T22:55:36Z
2026-08-09T22:53:54Z,2026-08-10T00:53:54+0200,9f364823-fdf2-409d-8835-686a42d079dd,2026-07-23T14:30:00Z,2026-07-23T16:30:00+0200,55048.692689,MW,DE,DE_LU,forecast_load,Forecasted Load,2026-08-09T22:55:36Z
2026-08-09T22:53:54Z,2026-08-10T00:53:54+0200,9f364823-fdf2-409d-8835-686a42d079dd,2026-07-23T14:45:00Z,2026-07-23T16:45:00+0200,55122.247824,MW,DE,DE_LU,forecast_load,Forecasted Load,2026-08-09T22:55:36Z
2026-08-09T22:53:54Z,2026-08-10T00:53:54+0200,9f364823-fdf2-409d-8835-686a42d079dd,2026-07-23T15:00:00Z,2026-07-23T17:00:00+0200,55485.718297,MW,DE,DE_LU,forecast_load,Forecasted Load,2026-08-09T22:55:36Z
2026-08-09T22:53:54Z,2026-08-10T00:53:54+0200,9f364823-fdf2-409d-8835-686a42d079dd,2026-07-23T15:15:00Z,2026-07-23T17:15:00+0200,55320.202584,MW,DE,DE_LU,forecast_load,Forecasted Load,2026-08-09T22:55:36Z
2026-08-09T22:53:54Z,2026-08-10T00:53:54+0200,9f364823-fdf2-409d-8835-686a42d079dd,2026-07-23T15:30:00Z,2026-07-23T17:30:00+0200,55541.30638,MW,DE,DE_LU,forecast_load,Forecasted Load,2026-08-09T22:55:36Z
2026-08-09T22:53:54Z,2026-08-10T00:53:54+0200,9f364823-fdf2-409d-8835-686a42d079dd,2026-07-23T15:45:00Z,2026-07-23T17:45:00+0200,55929.524449,MW,DE,DE_LU,forecast_load,Forecasted Load,2026-08-09T22:55:36Z
2026-08-09T22:53:54Z,2026-08-10T00:53:54+0200,9f364823-fdf2-409d-8835-686a42d079dd,2026-07-23T16:00:00Z,2026-07-23T18:00:00+0200,56161.355532,MW,DE,DE_LU,forecast_load,Forecasted Load,2026-08-09T22:55:36Z
2026-08-09T22:53:54Z,2026-08-10T00:53:54+0200,9f364823-fdf2-409d-8835-686a42d079dd,2026-07-23T16:15:00Z,2026-07-23T18:15:00+0200,56467.581402,MW,DE,DE_LU,forecast_load,Forecasted Load,2026-08-09T22:55:36Z
2026-08-09T22:53:54Z,2026-08-10T00:53:54+0200,9f364823-fdf2-409d-8835-686a42d079dd,2026-07-23T16:30:00Z,2026-07-23T18:30:00+0200,56856.381901,MW,DE,DE_LU,forecast_load,Forecasted Load,2026-08-09T22:55:36Z
2026-08-09T22:53:54Z,2026-08-10T00:53:54+0200,9f364823-fdf2-409d-8835-686a42d079dd,2026-07-23T16:45:00Z,2026-07-23T18:45:00+0200,57091.625806,MW,DE,DE_LU,forecast_load,Forecasted Load,2026-08-09T22:55:36Z
2026-08-09T22:53:54Z,2026-08-10T00:53:54+0200,9f364823-fdf2-409d-8835-686a42d079dd,2026-07-23T17:00:00Z,2026-07-23T19:00:00+0200,57336.143935,MW,DE,DE_LU,forecast_load,Forecasted Load,2026-08-09T22:55:36Z
2026-08-09T22:53:54Z,2026-08-10T00:53:54+0200,9f364823-fdf2-409d-8835-686a42d079dd,2026-07-23T17:15:00Z,2026-07-23T19:15:00+0200,56769.454327,MW,DE,DE_LU,forecast_load,Forecasted Load,2026-08-09T22:55:36Z
2026-08-09T22:53:54Z,2026-08-10T00:53:54+0200,9f364823-fdf2-409d-8835-686a42d079dd,2026-07-23T17:30:00Z,2026-07-23T19:30:00+0200,56703.671864,MW,DE,DE_LU,forecast_load,Forecasted Load,2026-08-09T22:55:36Z
2026-08-09T22:53:54Z,2026-08-10T00:53:54+0200,9f364823-fdf2-409d-8835-686a42d079dd,2026-07-23T17:45:00Z,2026-07-23T19:45:00+0200,56365.012329,MW,DE,DE_LU,forecast_load,Forecasted Load,2026-08-09T22:55:36Z
2026-08-09T22:53:54Z,2026-08-10T00:53:54+0200,9f364823-fdf2-409d-8835-686a42d079dd,2026-07-23T18:00:00Z,2026-07-23T20:00:00+0200,55877.429411,MW,DE,DE_LU,forecast_load,Forecasted Load,2026-08-09T22:55:36Z
2026-08-09T22:53:54Z,2026-08-10T00:53:54+0200,9f364823-fdf2-409d-8835-686a42d079dd,2026-07-23T18:15:00Z,2026-07-23T20:15:00+0200,55678.152544,MW,DE,DE_LU,forecast_load,Forecasted Load,2026-08-09T22:55:36Z
2026-08-09T22:53:54Z,2026-08-10T00:53:54+0200,9f364823-fdf2-409d-8835-686a42d079dd,2026-07-23T18:30:00Z,2026-07-23T20:30:00+0200,55048.18667,MW,DE,DE_LU,forecast_load,Forecasted Load,2026-08-09T22:55:36Z
2026-08-09T22:53:54Z,2026-08-10T00:53:54+0200,9f364823-fdf2-409d-8835-686a42d079dd,2026-07-23T18:45:00Z,2026-07-23T20:45:00+0200,54600.803907,MW,DE,DE_LU,forecast_load,Forecasted Load,2026-08-09T22:55:36Z
2026-08-09T22:53:54Z,2026-08-10T00:53:54+0200,9f364823-fdf2-409d-8835-686a42d079dd,2026-07-23T19:00:00Z,2026-07-23T21:00:00+0200,53943.606817,MW,DE,DE_LU,forecast_load,Forecasted Load,2026-08-09T22:55:36Z
2026-08-09T22:53:54Z,2026-08-10T00:53:54+0200,9f364823-fdf2-409d-8835-686a42d079dd,2026-07-23T19:15:00Z,2026-07-23T21:15:00+0200,53436.654159,MW,DE,DE_LU,forecast_load,Forecasted Load,2026-08-09T22:55:36Z
2026-08-09T22:53:54Z,2026-08-10T00:53:54+0200,9f364823-fdf2-409d-8835-686a42d079dd,2026-07-23T19:30:00Z,2026-07-23T21:30:00+0200,52738.36112,MW,DE,DE_LU,forecast_load,Forecasted Load,2026-08-09T22:55:36Z
2026-08-09T22:53:54Z,2026-08-10T00:53:54+0200,9f364823-fdf2-409d-8835-686a42d079dd,2026-07-23T19:45:00Z,2026-07-23T21:45:00+0200,51945.736422,MW,DE,DE_LU,forecast_load,Forecasted Load,2026-08-09T22:55:36Z
2026-08-09T22:53:54Z,2026-08-10T00:53:54+0200,9f364823-fdf2-409d-8835-686a42d079dd,2026-07-23T20:00:00Z,2026-07-23T22:00:00+0200,51378.525935,MW,DE,DE_LU,forecast_load,Forecasted Load,2026-08-09T22:55:36Z
2026-08-09T22:53:54Z,2026-08-10T00:53:54+0200,9f364823-fdf2-409d-8835-686a42d079dd,2026-07-23T20:15:00Z,2026-07-23T22:15:00+0200,50558.275412,MW,DE,DE_LU,forecast_load,Forecasted Load,2026-08-09T22:55:36Z
2026-08-09T22:53:54Z,2026-08-10T00:53:54+0200,9f364823-fdf2-409d-8835-686a42d079dd,2026-07-23T20:30:00Z,2026-07-23T22:30:00+0200,49678.545906,MW,DE,DE_LU,forecast_load,Forecasted Load,2026-08-09T22:55:36Z
2026-08-09T22:53:54Z,2026-08-10T00:53:54+0200,9f364823-fdf2-409d-8835-686a42d079dd,2026-07-23T20:45:00Z,2026-07-23T22:45:00+0200,48782.831565,MW,DE,DE_LU,forecast_load,Forecasted Load,2026-08-09T22:55:36Z
2026-08-09T22:53:54Z,2026-08-10T00:53:54+0200,9f364823-fdf2-409d-8835-686a42d079dd,2026-07-23T21:00:00Z,2026-07-23T23:00:00+0200,47546.692475,MW,DE,DE_LU,forecast_load,Forecasted Load,2026-08-09T22:55:36Z
2026-08-09T22:53:54Z,2026-08-10T00:53:54+0200,9f364823-fdf2-409d-8835-686a42d079dd,2026-07-23T21:15:00Z,2026-07-23T23:15:00+0200,46804.174569,MW,DE,DE_LU,forecast_load,Forecasted Load,2026-08-09T22:55:36Z
2026-08-09T22:53:54Z,2026-08-10T00:53:54+0200,9f364823-fdf2-409d-8835-686a42d079dd,2026-07-23T21:30:00Z,2026-07-23T23:30:00+0200,46082.242626,MW,DE,DE_LU,forecast_load,Forecasted Load,2026-08-09T22:55:36Z
2026-08-09T22:53:54Z,2026-08-10T00:53:54+0200,9f364823-fdf2-409d-8835-686a42d079dd,2026-07-23T21:45:00Z,2026-07-23T23:45:00+0200,45580.019692,MW,DE,DE_LU,forecast_load,Forecasted Load,2026-08-09T22:55:36Z
2026-08-09T22:53:54Z,2026-08-10T00:53:54+0200,9f364823-fdf2-409d-8835-686a42d079dd,2026-07-23T22:00:00Z,2026-07-24T00:00:00+0200,46128.166237,MW,DE,DE_LU,forecast_load,Forecasted Load,2026-08-09T22:55:36Z
2026-08-09T22:53:54Z,2026-08-10T00:53:54+0200,9f364823-fdf2-409d-8835-686a42d079dd,2026-07-23T22:15:00Z,2026-07-24T00:15:00+0200,45509.122481,MW,DE,DE_LU,forecast_load,Forecasted Load,2026-08-09T22:55:36Z
2026-08-09T22:53:54Z,2026-08-10T00:53:54+0200,9f364823-fdf2-409d-8835-686a42d079dd,2026-07-23T22:30:00Z,2026-07-24T00:30:00+0200,44846.350394,MW,DE,DE_LU,forecast_load,Forecasted Load,2026-08-09T22:55:36Z
2026-08-09T22:53:54Z,2026-08-10T00:53:54+0200,9f364823-fdf2-409d-8835-686a42d079dd,2026-07-23T22:45:00Z,2026-07-24T00:45:00+0200,44428.140968,MW,DE,DE_LU,forecast_load,Forecasted Load,2026-08-09T22:55:36Z
2026-08-09T22:53:54Z,2026-08-10T00:53:54+0200,9f364823-fdf2-409d-8835-686a42d079dd,2026-07-23T23:00:00Z,2026-07-24T01:00:00+0200,44126.150834,MW,DE,DE_LU,forecast_load,Forecasted Load,2026-08-09T22:55:36Z
2026-08-09T22:53:54Z,2026-08-10T00:53:54+0200,9f364823-fdf2-409d-8835-686a42d079dd,2026-07-23T23:15:00Z,2026-07-24T01:15:00+0200,43595.038996,MW,DE,DE_LU,forecast_load,Forecasted Load,2026-08-09T22:55:36Z
2026-08-09T22:53:54Z,2026-08-10T00:53:54+0200,9f364823-fdf2-409d-8835-686a42d079dd,2026-07-23T23:30:00Z,2026-07-24T01:30:00+0200,43309.486921,MW,DE,DE_LU,forecast_load,Forecasted Load,2026-08-09T22:55:36Z
2026-08-09T22:53:54Z,2026-08-10T00:53:54+0200,9f364823-fdf2-409d-8835-686a42d079dd,2026-07-23T23:45:00Z,2026-07-24T01:45:00+0200,43148.496557,MW,DE,DE_LU,forecast_load,Forecasted Load,2026-08-09T22:55:36Z
2026-08-09T22:53:54Z,2026-08-10T00:53:54+0200,9f364823-fdf2-409d-8835-686a42d079dd,2026-07-24T00:00:00Z,2026-07-24T02:00:00+0200,42944.753029,MW,DE,DE_LU,forecast_load,Forecasted Load,2026-08-09T22:55:36Z
2026-08-09T22:53:54Z,2026-08-10T00:53:54+0200,9f364823-fdf2-409d-8835-686a42d079dd,2026-07-24T00:15:00Z,2026-07-24T02:15:00+0200,42657.582407,MW,DE,DE_LU,forecast_load,Forecasted Load,2026-08-09T22:55:36Z
2026-08-09T22:53:54Z,2026-08-10T00:53:54+0200,9f364823-fdf2-409d-8835-686a42d079dd,2026-07-24T00:30:00Z,2026-07-24T02:30:00+0200,42843.318518,MW,DE,DE_LU,forecast_load,Forecasted Load,2026-08-09T22:55:36Z
2026-08-09T22:53:54Z,2026-08-10T00:53:54+0200,9f364823-fdf2-409d-8835-686a42d079dd,2026-07-24T00:45:00Z,2026-07-24T02:45:00+0200,42790.56334,MW,DE,DE_LU,forecast_load,Forecasted Load,2026-08-09T22:55:36Z
2026-08-09T22:53:54Z,2026-08-10T00:53:54+0200,9f364823-fdf2-409d-8835-686a42d079dd,2026-07-24T01:00:00Z,2026-07-24T03:00:00+0200,42488.503261,MW,DE,DE_LU,forecast_load,Forecasted Load,2026-08-09T22:55:36Z
2026-08-09T22:53:54Z,2026-08-10T00:53:54+0200,9f364823-fdf2-409d-8835-686a42d079dd,2026-07-24T01:15:00Z,2026-07-24T03:15:00+0200,42472.343912,MW,DE,DE_LU,forecast_load,Forecasted Load,2026-08-09T22:55:36Z
2026-08-09T22:53:54Z,2026-08-10T00:53:54+0200,9f364823-fdf2-409d-8835-686a42d079dd,2026-07-24T01:30:00Z,2026-07-24T03:30:00+0200,42539.315491,MW,DE,DE_LU,forecast_load,Forecasted Load,2026-08-09T22:55:36Z
2026-08-09T22:53:54Z,2026-08-10T00:53:54+0200,9f364823-fdf2-409d-8835-686a42d079dd,2026-07-24T01:45:00Z,2026-07-24T03:45:00+0200,42596.324162,MW,DE,DE_LU,forecast_load,Forecasted Load,2026-08-09T22:55:36Z
2026-08-09T22:53:54Z,2026-08-10T00:53:54+0200,9f364823-fdf2-409d-8835-686a42d079dd,2026-07-24T02:00:00Z,2026-07-24T04:00:00+0200,42945.62952,MW,DE,DE_LU,forecast_load,Forecasted Load,2026-08-09T22:55:36Z
2026-08-09T22:53:54Z,2026-08-10T00:53:54+0200,9f364823-fdf2-409d-8835-686a42d079dd,2026-07-24T02:15:00Z,2026-07-24T04:15:00+0200,43155.291615,MW,DE,DE_LU,forecast_load,Forecasted Load,2026-08-09T22:55:36Z
2026-08-09T22:53:54Z,2026-08-10T00:53:54+0200,9f364823-fdf2-409d-8835-686a42d079dd,2026-07-24T02:30:00Z,2026-07-24T04:30:00+0200,43450.684208,MW,DE,DE_LU,forecast_load,Forecasted Load,2026-08-09T22:55:36Z
2026-08-09T22:53:54Z,2026-08-10T00:53:54+0200,9f364823-fdf2-409d-8835-686a42d079dd,2026-07-24T02:45:00Z,2026-07-24T04:45:00+0200,43763.021308,MW,DE,DE_LU,forecast_load,Forecasted Load,2026-08-09T22:55:36Z
2026-08-09T22:53:54Z,2026-08-10T00:53:54+0200,9f364823-fdf2-409d-8835-686a42d079dd,2026-07-24T03:00:00Z,2026-07-24T05:00:00+0200,44617.954733,MW,DE,DE_LU,forecast_load,Forecasted Load,2026-08-09T22:55:36Z
2026-08-09T22:53:54Z,2026-08-10T00:53:54+0200,9f364823-fdf2-409d-8835-686a42d079dd,2026-07-24T03:15:00Z,2026-07-24T05:15:00+0200,45280.464188,MW,DE,DE_LU,forecast_load,Forecasted Load,2026-08-09T22:55:36Z
2026-08-09T22:53:54Z,2026-08-10T00:53:54+0200,9f364823-fdf2-409d-8835-686a42d079dd,2026-07-24T03:30:00Z,2026-07-24T05:30:00+0200,46011.41104,MW,DE,DE_LU,forecast_load,Forecasted Load,2026-08-09T22:55:36Z
2026-08-09T22:53:54Z,2026-08-10T00:53:54+0200,9f364823-fdf2-409d-8835-686a42d079dd,2026-07-24T03:45:00Z,2026-07-24T05:45:00+0200,46992.907543,MW,DE,DE_LU,forecast_load,Forecasted Load,2026-08-09T22:55:36Z
2026-08-09T22:53:54Z,2026-08-10T00:53:54+0200,9f364823-fdf2-409d-8835-686a42d079dd,2026-07-24T04:00:00Z,2026-07-24T06:00:00+0200,49097.724578,MW,DE,DE_LU,forecast_load,Forecasted Load,2026-08-09T22:55:36Z
2026-08-09T22:53:54Z,2026-08-10T00:53:54+0200,9f364823-fdf2-409d-8835-686a42d079dd,2026-07-24T04:15:00Z,2026-07-24T06:15:00+0200,50241.35396,MW,DE,DE_LU,forecast_load,Forecasted Load,2026-08-09T22:55:36Z
2026-08-09T22:53:54Z,2026-08-10T00:53:54+0200,9f364823-fdf2-409d-8835-686a42d079dd,2026-07-24T04:30:00Z,2026-07-24T06:30:00+0200,51859.026458,MW,DE,DE_LU,forecast_load,Forecasted Load,2026-08-09T22:55:36Z
2026-08-09T22:53:54Z,2026-08-10T00:53:54+0200,9f364823-fdf2-409d-8835-686a42d079dd,2026-07-24T04:45:00Z,2026-07-24T06:45:00+0200,52935.875665,MW,DE,DE_LU,forecast_load,Forecasted Load,2026-08-09T22:55:36Z
2026-08-09T22:53:54Z,2026-08-10T00:53:54+0200,9f364823-fdf2-409d-8835-686a42d079dd,2026-07-24T05:00:00Z,2026-07-24T07:00:00+0200,54154.408419,MW,DE,DE_LU,forecast_load,Forecasted Load,2026-08-09T22:55:36Z
2026-08-09T22:53:54Z,2026-08-10T00:53:54+0200,9f364823-fdf2-409d-8835-686a42d079dd,2026-07-24T05:15:00Z,2026-07-24T07:15:00+0200,55485.546823,MW,DE,DE_LU,forecast_load,Forecasted Load,2026-08-09T22:55:36Z
2026-08-09T22:53:54Z,2026-08-10T00:53:54+0200,9f364823-fdf2-409d-8835-686a42d079dd,2026-07-24T05:30:00Z,2026-07-24T07:30:00+0200,56569.687165,MW,DE,DE_LU,forecast_load,Forecasted Load,2026-08-09T22:55:36Z
2026-08-09T22:53:54Z,2026-08-10T00:53:54+0200,9f364823-fdf2-409d-8835-686a42d079dd,2026-07-24T05:45:00Z,2026-07-24T07:45:00+0200,57386.938467,MW,DE,DE_LU,forecast_load,Forecasted Load,2026-08-09T22:55:36Z
2026-08-09T22:53:54Z,2026-08-10T00:53:54+0200,9f364823-fdf2-409d-8835-686a42d079dd,2026-07-24T06:00:00Z,2026-07-24T08:00:00+0200,58100.538353,MW,DE,DE_LU,forecast_load,Forecasted Load,2026-08-09T22:55:36Z
2026-08-09T22:53:54Z,2026-08-10T00:53:54+0200,9f364823-fdf2-409d-8835-686a42d079dd,2026-07-24T06:15:00Z,2026-07-24T08:15:00+0200,58783.50081,MW,DE,DE_LU,forecast_load,Forecasted Load,2026-08-09T22:55:36Z
2026-08-09T22:53:54Z,2026-08-10T00:53:54+0200,9f364823-fdf2-409d-8835-686a42d079dd,2026-07-24T06:30:00Z,2026-07-24T08:30:00+0200,59292.432075,MW,DE,DE_LU,forecast_load,Forecasted Load,2026-08-09T22:55:36Z
2026-08-09T22:53:54Z,2026-08-10T00:53:54+0200,9f364823-fdf2-409d-8835-686a42d079dd,2026-07-24T06:45:00Z,2026-07-24T08:45:00+0200,59615.233303,MW,DE,DE_LU,forecast_load,Forecasted Load,2026-08-09T22:55:36Z
2026-08-09T22:53:54Z,2026-08-10T00:53:54+0200,9f364823-fdf2-409d-8835-686a42d079dd,2026-07-24T07:00:00Z,2026-07-24T09:00:00+0200,59268.723171,MW,DE,DE_LU,forecast_load,Forecasted Load,2026-08-09T22:55:36Z
2026-08-09T22:53:54Z,2026-08-10T00:53:54+0200,9f364823-fdf2-409d-8835-686a42d079dd,2026-07-24T07:15:00Z,2026-07-24T09:15:00+0200,59594.861879,MW,DE,DE_LU,forecast_load,Forecasted Load,2026-08-09T22:55:36Z
2026-08-09T22:53:54Z,2026-08-10T00:53:54+0200,9f364823-fdf2-409d-8835-686a42d079dd,2026-07-24T07:30:00Z,2026-07-24T09:30:00+0200,59584.963616,MW,DE,DE_LU,forecast_load,Forecasted Load,2026-08-09T22:55:36Z
2026-08-09T22:53:54Z,2026-08-10T00:53:54+0200,9f364823-fdf2-409d-8835-686a42d079dd,2026-07-24T07:45:00Z,2026-07-24T09:45:00+0200,59767.891419,MW,DE,DE_LU,forecast_load,Forecasted Load,2026-08-09T22:55:36Z
2026-08-09T22:53:54Z,2026-08-10T00:53:54+0200,9f364823-fdf2-409d-8835-686a42d079dd,2026-07-24T08:00:00Z,2026-07-24T10:00:00+0200,59693.105119,MW,DE,DE_LU,forecast_load,Forecasted Load,2026-08-09T22:55:36Z
2026-08-09T22:53:54Z,2026-08-10T00:53:54+0200,9f364823-fdf2-409d-8835-686a42d079dd,2026-07-24T08:15:00Z,2026-07-24T10:15:00+0200,59871.728008,MW,DE,DE_LU,forecast_load,Forecasted Load,2026-08-09T22:55:36Z
2026-08-09T22:53:54Z,2026-08-10T00:53:54+0200,9f364823-fdf2-409d-8835-686a42d079dd,2026-07-24T08:30:00Z,2026-07-24T10:30:00+0200,59520.74747,MW,DE,DE_LU,forecast_load,Forecasted Load,2026-08-09T22:55:36Z
2026-08-09T22:53:54Z,2026-08-10T00:53:54+0200,9f364823-fdf2-409d-8835-686a42d079dd,2026-07-24T08:45:00Z,2026-07-24T10:45:00+0200,59474.315407,MW,DE,DE_LU,forecast_load,Forecasted Load,2026-08-09T22:55:36Z
2026-08-09T22:53:54Z,2026-08-10T00:53:54+0200,9f364823-fdf2-409d-8835-686a42d079dd,2026-07-24T09:00:00Z,2026-07-24T11:00:00+0200,59082.560832,MW,DE,DE_LU,forecast_load,Forecasted Load,2026-08-09T22:55:36Z
2026-08-09T22:53:54Z,2026-08-10T00:53:54+0200,9f364823-fdf2-409d-8835-686a42d079dd,2026-07-24T09:15:00Z,2026-07-24T11:15:00+0200,58533.918401,MW,DE,DE_LU,forecast_load,Forecasted Load,2026-08-09T22:55:36Z
2026-08-09T22:53:54Z,2026-08-10T00:53:54+0200,9f364823-fdf2-409d-8835-686a42d079dd,2026-07-24T09:30:00Z,2026-07-24T11:30:00+0200,58620.480192,MW,DE,DE_LU,forecast_load,Forecasted Load,2026-08-09T22:55:36Z
2026-08-09T22:53:54Z,2026-08-10T00:53:54+0200,9f364823-fdf2-409d-8835-686a42d079dd,2026-07-24T09:45:00Z,2026-07-24T11:45:00+0200,58348.140187,MW,DE,DE_LU,forecast_load,Forecasted Load,2026-08-09T22:55:36Z
2026-08-09T22:53:54Z,2026-08-10T00:53:54+0200,9f364823-fdf2-409d-8835-686a42d079dd,2026-07-24T10:00:00Z,2026-07-24T12:00:00+0200,57468.588482,MW,DE,DE_LU,forecast_load,Forecasted Load,2026-08-09T22:55:36Z
2026-08-09T22:53:54Z,2026-08-10T00:53:54+0200,9f364823-fdf2-409d-8835-686a42d079dd,2026-07-24T10:15:00Z,2026-07-24T12:15:00+0200,57290.883375,MW,DE,DE_LU,forecast_load,Forecasted Load,2026-08-09T22:55:36Z
2026-08-09T22:53:54Z,2026-08-10T00:53:54+0200,9f364823-fdf2-409d-8835-686a42d079dd,2026-07-24T10:30:00Z,2026-07-24T12:30:00+0200,56862.818848,MW,DE,DE_LU,forecast_load,Forecasted Load,2026-08-09T22:55:36Z
2026-08-09T22:53:54Z,2026-08-10T00:53:54+0200,9f364823-fdf2-409d-8835-686a42d079dd,2026-07-24T10:45:00Z,2026-07-24T12:45:00+0200,56148.207651,MW,DE,DE_LU,forecast_load,Forecasted Load,2026-08-09T22:55:36Z
2026-08-09T22:53:54Z,2026-08-10T00:53:54+0200,9f364823-fdf2-409d-8835-686a42d079dd,2026-07-24T11:00:00Z,2026-07-24T13:00:00+0200,55843.881985,MW,DE,DE_LU,forecast_load,Forecasted Load,2026-08-09T22:55:36Z
2026-08-09T22:53:54Z,2026-08-10T00:53:54+0200,9f364823-fdf2-409d-8835-686a42d079dd,2026-07-24T11:15:00Z,2026-07-24T13:15:00+0200,55474.249723,MW,DE,DE_LU,forecast_load,Forecasted Load,2026-08-09T22:55:36Z
2026-08-09T22:53:54Z,2026-08-10T00:53:54+0200,9f364823-fdf2-409d-8835-686a42d079dd,2026-07-24T11:30:00Z,2026-07-24T13:30:00+0200,55147.061022,MW,DE,DE_LU,forecast_load,Forecasted Load,2026-08-09T22:55:36Z
2026-08-09T22:53:54Z,2026-08-10T00:53:54+0200,9f364823-fdf2-409d-8835-686a42d079dd,2026-07-24T11:45:00Z,2026-07-24T13:45:00+0200,54422.12984,MW,DE,DE_LU,forecast_load,Forecasted Load,2026-08-09T22:55:36Z
2026-08-09T22:53:54Z,2026-08-10T00:53:54+0200,9f364823-fdf2-409d-8835-686a42d079dd,2026-07-24T12:00:00Z,2026-07-24T14:00:00+0200,54239.802609,MW,DE,DE_LU,forecast_load,Forecasted Load,2026-08-09T22:55:36Z
2026-08-09T22:53:54Z,2026-08-10T00:53:54+0200,9f364823-fdf2-409d-8835-686a42d079dd,2026-07-24T12:15:00Z,2026-07-24T14:15:00+0200,53941.061691,MW,DE,DE_LU,forecast_load,Forecasted Load,2026-08-09T22:55:36Z
2026-08-09T22:53:54Z,2026-08-10T00:53:54+0200,9f364823-fdf2-409d-8835-686a42d079dd,2026-07-24T12:30:00Z,2026-07-24T14:30:00+0200,53943.822257,MW,DE,DE_LU,forecast_load,Forecasted Load,2026-08-09T22:55:36Z
2026-08-09T22:53:54Z,2026-08-10T00:53:54+0200,9f364823-fdf2-409d-8835-686a42d079dd,2026-07-24T12:45:00Z,2026-07-24T14:45:00+0200,53789.735049,MW,DE,DE_LU,forecast_load,Forecasted Load,2026-08-09T22:55:36Z
2026-08-09T22:53:54Z,2026-08-10T00:53:54+0200,9f364823-fdf2-409d-8835-686a42d079dd,2026-07-24T13:00:00Z,2026-07-24T15:00:00+0200,53423.584328,MW,DE,DE_LU,forecast_load,Forecasted Load,2026-08-09T22:55:36Z
2026-08-09T22:53:54Z,2026-08-10T00:53:54+0200,9f364823-fdf2-409d-8835-686a42d079dd,2026-07-24T13:15:00Z,2026-07-24T15:15:00+0200,53218.945441,MW,DE,DE_LU,forecast_load,Forecasted Load,2026-08-09T22:55:36Z
2026-08-09T22:53:54Z,2026-08-10T00:53:54+0200,9f364823-fdf2-409d-8835-686a42d079dd,2026-07-24T13:30:00Z,2026-07-24T15:30:00+0200,52636.928029,MW,DE,DE_LU,forecast_load,Forecasted Load,2026-08-09T22:55:36Z
2026-08-09T22:53:54Z,2026-08-10T00:53:54+0200,9f364823-fdf2-409d-8835-686a42d079dd,2026-07-24T13:45:00Z,2026-07-24T15:45:00+0200,52593.752004,MW,DE,DE_LU,forecast_load,Forecasted Load,2026-08-09T22:55:36Z
2026-08-09T22:53:54Z,2026-08-10T00:53:54+0200,9f364823-fdf2-409d-8835-686a42d079dd,2026-07-24T14:00:00Z,2026-07-24T16:00:00+0200,53034.44303,MW,DE,DE_LU,forecast_load,Forecasted Load,2026-08-09T22:55:36Z
2026-08-09T22:53:54Z,2026-08-10T00:53:54+0200,9f364823-fdf2-409d-8835-686a42d079dd,2026-07-24T14:15:00Z,2026-07-24T16:15:00+0200,52107.960162,MW,DE,DE_LU,forecast_load,Forecasted Load,2026-08-09T22:55:36Z
2026-08-09T22:53:54Z,2026-08-10T00:53:54+0200,9f364823-fdf2-409d-8835-686a42d079dd,2026-07-24T14:30:00Z,2026-07-24T16:30:00+0200,52411.444631,MW,DE,DE_LU,forecast_load,Forecasted Load,2026-08-09T22:55:36Z
2026-08-09T22:53:54Z,2026-08-10T00:53:54+0200,9f364823-fdf2-409d-8835-686a42d079dd,2026-07-24T14:45:00Z,2026-07-24T16:45:00+0200,52077.693543,MW,DE,DE_LU,forecast_load,Forecasted Load,2026-08-09T22:55:36Z
2026-08-09T22:53:54Z,2026-08-10T00:53:54+0200,9f364823-fdf2-409d-8835-686a42d079dd,2026-07-24T15:00:00Z,2026-07-24T17:00:00+0200,52796.274578,MW,DE,DE_LU,forecast_load,Forecasted Load,2026-08-09T22:55:36Z
2026-08-09T22:53:54Z,2026-08-10T00:53:54+0200,9f364823-fdf2-409d-8835-686a42d079dd,2026-07-24T15:15:00Z,2026-07-24T17:15:00+0200,52499.96243,MW,DE,DE_LU,forecast_load,Forecasted Load,2026-08-09T22:55:36Z
2026-08-09T22:53:54Z,2026-08-10T00:53:54+0200,9f364823-fdf2-409d-8835-686a42d079dd,2026-07-24T15:30:00Z,2026-07-24T17:30:00+0200,52515.840552,MW,DE,DE_LU,forecast_load,Forecasted Load,2026-08-09T22:55:36Z
2026-08-09T22:53:54Z,2026-08-10T00:53:54+0200,9f364823-fdf2-409d-8835-686a42d079dd,2026-07-24T15:45:00Z,2026-07-24T17:45:00+0200,52443.916766,MW,DE,DE_LU,forecast_load,Forecasted Load,2026-08-09T22:55:36Z
2026-08-09T22:53:54Z,2026-08-10T00:53:54+0200,9f364823-fdf2-409d-8835-686a42d079dd,2026-07-24T16:00:00Z,2026-07-24T18:00:00+0200,52951.014334,MW,DE,DE_LU,forecast_load,Forecasted Load,2026-08-09T22:55:36Z
2026-08-09T22:53:54Z,2026-08-10T00:53:54+0200,9f364823-fdf2-409d-8835-686a42d079dd,2026-07-24T16:15:00Z,2026-07-24T18:15:00+0200,52990.351056,MW,DE,DE_LU,forecast_load,Forecasted Load,2026-08-09T22:55:36Z
2026-08-09T22:53:54Z,2026-08-10T00:53:54+0200,9f364823-fdf2-409d-8835-686a42d079dd,2026-07-24T16:30:00Z,2026-07-24T18:30:00+0200,53387.49215,MW,DE,DE_LU,forecast_load,Forecasted Load,2026-08-09T22:55:36Z
2026-08-09T22:53:54Z,2026-08-10T00:53:54+0200,9f364823-fdf2-409d-8835-686a42d079dd,2026-07-24T16:45:00Z,2026-07-24T18:45:00+0200,53436.131411,MW,DE,DE_LU,forecast_load,Forecasted Load,2026-08-09T22:55:36Z
2026-08-09T22:53:54Z,2026-08-10T00:53:54+0200,9f364823-fdf2-409d-8835-686a42d079dd,2026-07-24T17:00:00Z,2026-07-24T19:00:00+0200,53483.706327,MW,DE,DE_LU,forecast_load,Forecasted Load,2026-08-09T22:55:36Z
2026-08-09T22:53:54Z,2026-08-10T00:53:54+0200,9f364823-fdf2-409d-8835-686a42d079dd,2026-07-24T17:15:00Z,2026-07-24T19:15:00+0200,53291.602836,MW,DE,DE_LU,forecast_load,Forecasted Load,2026-08-09T22:55:36Z
2026-08-09T22:53:54Z,2026-08-10T00:53:54+0200,9f364823-fdf2-409d-8835-686a42d079dd,2026-07-24T17:30:00Z,2026-07-24T19:30:00+0200,53015.784666,MW,DE,DE_LU,forecast_load,Forecasted Load,2026-08-09T22:55:36Z
2026-08-09T22:53:54Z,2026-08-10T00:53:54+0200,9f364823-fdf2-409d-8835-686a42d079dd,2026-07-24T17:45:00Z,2026-07-24T19:45:00+0200,52881.858145,MW,DE,DE_LU,forecast_load,Forecasted Load,2026-08-09T22:55:36Z
2026-08-09T22:53:54Z,2026-08-10T00:53:54+0200,9f364823-fdf2-409d-8835-686a42d079dd,2026-07-24T18:00:00Z,2026-07-24T20:00:00+0200,52487.560121,MW,DE,DE_LU,forecast_load,Forecasted Load,2026-08-09T22:55:36Z
2026-08-09T22:53:54Z,2026-08-10T00:53:54+0200,9f364823-fdf2-409d-8835-686a42d079dd,2026-07-24T18:15:00Z,2026-07-24T20:15:00+0200,52264.841009,MW,DE,DE_LU,forecast_load,Forecasted Load,2026-08-09T22:55:36Z
2026-08-09T22:53:54Z,2026-08-10T00:53:54+0200,9f364823-fdf2-409d-8835-686a42d079dd,2026-07-24T18:30:00Z,2026-07-24T20:30:00+0200,51788.995164,MW,DE,DE_LU,forecast_load,Forecasted Load,2026-08-09T22:55:36Z
2026-08-09T22:53:54Z,2026-08-10T00:53:54+0200,9f364823-fdf2-409d-8835-686a42d079dd,2026-07-24T18:45:00Z,2026-07-24T20:45:00+0200,51346.205484,MW,DE,DE_LU,forecast_load,Forecasted Load,2026-08-09T22:55:36Z
2026-08-09T22:53:54Z,2026-08-10T00:53:54+0200,9f364823-fdf2-409d-8835-686a42d079dd,2026-07-24T19:00:00Z,2026-07-24T21:00:00+0200,50725.217029,MW,DE,DE_LU,forecast_load,Forecasted Load,2026-08-09T22:55:36Z
2026-08-09T22:53:54Z,2026-08-10T00:53:54+0200,9f364823-fdf2-409d-8835-686a42d079dd,2026-07-24T19:15:00Z,2026-07-24T21:15:00+0200,50235.362921,MW,DE,DE_LU,forecast_load,Forecasted Load,2026-08-09T22:55:36Z
2026-08-09T22:53:54Z,2026-08-10T00:53:54+0200,9f364823-fdf2-409d-8835-686a42d079dd,2026-07-24T19:30:00Z,2026-07-24T21:30:00+0200,49618.673577,MW,DE,DE_LU,forecast_load,Forecasted Load,2026-08-09T22:55:36Z
2026-08-09T22:53:54Z,2026-08-10T00:53:54+0200,9f364823-fdf2-409d-8835-686a42d079dd,2026-07-24T19:45:00Z,2026-07-24T21:45:00+0200,49178.735892,MW,DE,DE_LU,forecast_load,Forecasted Load,2026-08-09T22:55:36Z
2026-08-09T22:53:54Z,2026-08-10T00:53:54+0200,9f364823-fdf2-409d-8835-686a42d079dd,2026-07-24T20:00:00Z,2026-07-24T22:00:00+0200,48167.92953,MW,DE,DE_LU,forecast_load,Forecasted Load,2026-08-09T22:55:36Z
2026-08-09T22:53:54Z,2026-08-10T00:53:54+0200,9f364823-fdf2-409d-8835-686a42d079dd,2026-07-24T20:15:00Z,2026-07-24T22:15:00+0200,47398.416184,MW,DE,DE_LU,forecast_load,Forecasted Load,2026-08-09T22:55:36Z
2026-08-09T22:53:54Z,2026-08-10T00:53:54+0200,9f364823-fdf2-409d-8835-686a42d079dd,2026-07-24T20:30:00Z,2026-07-24T22:30:00+0200,46763.059167,MW,DE,DE_LU,forecast_load,Forecasted Load,2026-08-09T22:55:36Z
2026-08-09T22:53:54Z,2026-08-10T00:53:54+0200,9f364823-fdf2-409d-8835-686a42d079dd,2026-07-24T20:45:00Z,2026-07-24T22:45:00+0200,46113.515081,MW,DE,DE_LU,forecast_load,Forecasted Load,2026-08-09T22:55:36Z
2026-08-09T22:53:54Z,2026-08-10T00:53:54+0200,9f364823-fdf2-409d-8835-686a42d079dd,2026-07-24T21:00:00Z,2026-07-24T23:00:00+0200,45134.021837,MW,DE,DE_LU,forecast_load,Forecasted Load,2026-08-09T22:55:36Z
2026-08-09T22:53:54Z,2026-08-10T00:53:54+0200,9f364823-fdf2-409d-8835-686a42d079dd,2026-07-24T21:15:00Z,2026-07-24T23:15:00+0200,44421.917615,MW,DE,DE_LU,forecast_load,Forecasted Load,2026-08-09T22:55:36Z
2026-08-09T22:53:54Z,2026-08-10T00:53:54+0200,9f364823-fdf2-409d-8835-686a42d079dd,2026-07-24T21:30:00Z,2026-07-24T23:30:00+0200,43843.038698,MW,DE,DE_LU,forecast_load,Forecasted Load,2026-08-09T22:55:36Z
2026-08-09T22:53:54Z,2026-08-10T00:53:54+0200,9f364823-fdf2-409d-8835-686a42d079dd,2026-07-24T21:45:00Z,2026-07-24T23:45:00+0200,43322.869551,MW,DE,DE_LU,forecast_load,Forecasted Load,2026-08-09T22:55:36Z
2026-08-09T22:53:54Z,2026-08-10T00:53:54+0200,9f364823-fdf2-409d-8835-686a42d079dd,2026-07-24T22:00:00Z,2026-07-25T00:00:00+0200,43526.720689,MW,DE,DE_LU,forecast_load,Forecasted Load,2026-08-09T22:55:36Z
2026-08-09T22:53:54Z,2026-08-10T00:53:54+0200,9f364823-fdf2-409d-8835-686a42d079dd,2026-07-24T22:15:00Z,2026-07-25T00:15:00+0200,42833.777019,MW,DE,DE_LU,forecast_load,Forecasted Load,2026-08-09T22:55:36Z
2026-08-09T22:53:54Z,2026-08-10T00:53:54+0200,9f364823-fdf2-409d-8835-686a42d079dd,2026-07-24T22:30:00Z,2026-07-25T00:30:00+0200,42232.313536,MW,DE,DE_LU,forecast_load,Forecasted Load,2026-08-09T22:55:36Z
2026-08-09T22:53:54Z,2026-08-10T00:53:54+0200,9f364823-fdf2-409d-8835-686a42d079dd,2026-07-24T22:45:00Z,2026-07-25T00:45:00+0200,41815.80777,MW,DE,DE_LU,forecast_load,Forecasted Load,2026-08-09T22:55:36Z
2026-08-09T22:53:54Z,2026-08-10T00:53:54+0200,9f364823-fdf2-409d-8835-686a42d079dd,2026-07-24T23:00:00Z,2026-07-25T01:00:00+0200,41364.147382,MW,DE,DE_LU,forecast_load,Forecasted Load,2026-08-09T22:55:36Z
2026-08-09T22:53:54Z,2026-08-10T00:53:54+0200,9f364823-fdf2-409d-8835-686a42d079dd,2026-07-24T23:15:00Z,2026-07-25T01:15:00+0200,40744.806857,MW,DE,DE_LU,forecast_load,Forecasted Load,2026-08-09T22:55:36Z
2026-08-09T22:53:54Z,2026-08-10T00:53:54+0200,9f364823-fdf2-409d-8835-686a42d079dd,2026-07-24T23:30:00Z,2026-07-25T01:30:00+0200,40265.080488,MW,DE,DE_LU,forecast_load,Forecasted Load,2026-08-09T22:55:36Z
2026-08-09T22:53:54Z,2026-08-10T00:53:54+0200,9f364823-fdf2-409d-8835-686a42d079dd,2026-07-24T23:45:00Z,2026-07-25T01:45:00+0200,39889.148256,MW,DE,DE_LU,forecast_load,Forecasted Load,2026-08-09T22:55:36Z
2026-08-09T22:53:54Z,2026-08-10T00:53:54+0200,9f364823-fdf2-409d-8835-686a42d079dd,2026-07-25T00:00:00Z,2026-07-25T02:00:00+0200,39644.089803,MW,DE,DE_LU,forecast_load,Forecasted Load,2026-08-09T22:55:36Z
2026-08-09T22:53:54Z,2026-08-10T00:53:54+0200,9f364823-fdf2-409d-8835-686a42d079dd,2026-07-25T00:15:00Z,2026-07-25T02:15:00+0200,39349.715094,MW,DE,DE_LU,forecast_load,Forecasted Load,2026-08-09T22:55:36Z
2026-08-09T22:53:54Z,2026-08-10T00:53:54+0200,9f364823-fdf2-409d-8835-686a42d079dd,2026-07-25T00:30:00Z,2026-07-25T02:30:00+0200,39090.242175,MW,DE,DE_LU,forecast_load,Forecasted Load,2026-08-09T22:55:36Z
2026-08-09T22:53:54Z,2026-08-10T00:53:54+0200,9f364823-fdf2-409d-8835-686a42d079dd,2026-07-25T00:45:00Z,2026-07-25T02:45:00+0200,38881.925253,MW,DE,DE_LU,forecast_load,Forecasted Load,2026-08-09T22:55:36Z
2026-08-09T22:53:54Z,2026-08-10T00:53:54+0200,9f364823-fdf2-409d-8835-686a42d079dd,2026-07-25T01:00:00Z,2026-07-25T03:00:00+0200,38721.858905,MW,DE,DE_LU,forecast_load,Forecasted Load,2026-08-09T22:55:36Z
2026-08-09T22:53:54Z,2026-08-10T00:53:54+0200,9f364823-fdf2-409d-8835-686a42d079dd,2026-07-25T01:15:00Z,2026-07-25T03:15:00+0200,38537.779969,MW,DE,DE_LU,forecast_load,Forecasted Load,2026-08-09T22:55:36Z
2026-08-09T22:53:54Z,2026-08-10T00:53:54+0200,9f364823-fdf2-409d-8835-686a42d079dd,2026-07-25T01:30:00Z,2026-07-25T03:30:00+0200,38409.850855,MW,DE,DE_LU,forecast_load,Forecasted Load,2026-08-09T22:55:36Z
2026-08-09T22:53:54Z,2026-08-10T00:53:54+0200,9f364823-fdf2-409d-8835-686a42d079dd,2026-07-25T01:45:00Z,2026-07-25T03:45:00+0200,38271.978862,MW,DE,DE_LU,forecast_load,Forecasted Load,2026-08-09T22:55:36Z
2026-08-09T22:53:54Z,2026-08-10T00:53:54+0200,9f364823-fdf2-409d-8835-686a42d079dd,2026-07-25T02:00:00Z,2026-07-25T04:00:00+0200,38335.363952,MW,DE,DE_LU,forecast_load,Forecasted Load,2026-08-09T22:55:36Z
2026-08-09T22:53:54Z,2026-08-10T00:53:54+0200,9f364823-fdf2-409d-8835-686a42d079dd,2026-07-25T02:15:00Z,2026-07-25T04:15:00+0200,38339.97085,MW,DE,DE_LU,forecast_load,Forecasted Load,2026-08-09T22:55:36Z
2026-08-09T22:53:54Z,2026-08-10T00:53:54+0200,9f364823-fdf2-409d-8835-686a42d079dd,2026-07-25T02:30:00Z,2026-07-25T04:30:00+0200,38407.089679,MW,DE,DE_LU,forecast_load,Forecasted Load,2026-08-09T22:55:36Z
2026-08-09T22:53:54Z,2026-08-10T00:53:54+0200,9f364823-fdf2-409d-8835-686a42d079dd,2026-07-25T02:45:00Z,2026-07-25T04:45:00+0200,38460.315945,MW,DE,DE_LU,forecast_load,Forecasted Load,2026-08-09T22:55:36Z
2026-08-09T22:53:54Z,2026-08-10T00:53:54+0200,9f364823-fdf2-409d-8835-686a42d079dd,2026-07-25T03:00:00Z,2026-07-25T05:00:00+0200,38670.462538,MW,DE,DE_LU,forecast_load,Forecasted Load,2026-08-09T22:55:36Z
2026-08-09T22:53:54Z,2026-08-10T00:53:54+0200,9f364823-fdf2-409d-8835-686a42d079dd,2026-07-25T03:15:00Z,2026-07-25T05:15:00+0200,38869.804342,MW,DE,DE_LU,forecast_load,Forecasted Load,2026-08-09T22:55:36Z
2026-08-09T22:53:54Z,2026-08-10T00:53:54+0200,9f364823-fdf2-409d-8835-686a42d079dd,2026-07-25T03:30:00Z,2026-07-25T05:30:00+0200,39958.799148,MW,DE,DE_LU,forecast_load,Forecasted Load,2026-08-09T22:55:36Z
2026-08-09T22:53:54Z,2026-08-10T00:53:54+0200,9f364823-fdf2-409d-8835-686a42d079dd,2026-07-25T03:45:00Z,2026-07-25T05:45:00+0200,40203.56984,MW,DE,DE_LU,forecast_load,Forecasted Load,2026-08-09T22:55:36Z
2026-08-09T22:53:54Z,2026-08-10T00:53:54+0200,9f364823-fdf2-409d-8835-686a42d079dd,2026-07-25T04:00:00Z,2026-07-25T06:00:00+0200,41303.488599,MW,DE,DE_LU,forecast_load,Forecasted Load,2026-08-09T22:55:36Z
2026-08-09T22:53:54Z,2026-08-10T00:53:54+0200,9f364823-fdf2-409d-8835-686a42d079dd,2026-07-25T04:15:00Z,2026-07-25T06:15:00+0200,41730.27009,MW,DE,DE_LU,forecast_load,Forecasted Load,2026-08-09T22:55:36Z
2026-08-09T22:53:54Z,2026-08-10T00:53:54+0200,9f364823-fdf2-409d-8835-686a42d079dd,2026-07-25T04:30:00Z,2026-07-25T06:30:00+0200,42046.257854,MW,DE,DE_LU,forecast_load,Forecasted Load,2026-08-09T22:55:36Z
2026-08-09T22:53:54Z,2026-08-10T00:53:54+0200,9f364823-fdf2-409d-8835-686a42d079dd,2026-07-25T04:45:00Z,2026-07-25T06:45:00+0200,42571.165214,MW,DE,DE_LU,forecast_load,Forecasted Load,2026-08-09T22:55:36Z
2026-08-09T22:53:54Z,2026-08-10T00:53:54+0200,9f364823-fdf2-409d-8835-686a42d079dd,2026-07-25T05:00:00Z,2026-07-25T07:00:00+0200,43163.836626,MW,DE,DE_LU,forecast_load,Forecasted Load,2026-08-09T22:55:36Z
2026-08-09T22:53:54Z,2026-08-10T00:53:54+0200,9f364823-fdf2-409d-8835-686a42d079dd,2026-07-25T05:15:00Z,2026-07-25T07:15:00+0200,44162.67769,MW,DE,DE_LU,forecast_load,Forecasted Load,2026-08-09T22:55:36Z
2026-08-09T22:53:54Z,2026-08-10T00:53:54+0200,9f364823-fdf2-409d-8835-686a42d079dd,2026-07-25T05:30:00Z,2026-07-25T07:30:00+0200,44856.273089,MW,DE,DE_LU,forecast_load,Forecasted Load,2026-08-09T22:55:36Z
2026-08-09T22:53:54Z,2026-08-10T00:53:54+0200,9f364823-fdf2-409d-8835-686a42d079dd,2026-07-25T05:45:00Z,2026-07-25T07:45:00+0200,46151.905084,MW,DE,DE_LU,forecast_load,Forecasted Load,2026-08-09T22:55:36Z
2026-08-09T22:53:54Z,2026-08-10T00:53:54+0200,9f364823-fdf2-409d-8835-686a42d079dd,2026-07-25T06:00:00Z,2026-07-25T08:00:00+0200,46254.770556,MW,DE,DE_LU,forecast_load,Forecasted Load,2026-08-09T22:55:36Z
2026-08-09T22:53:54Z,2026-08-10T00:53:54+0200,9f364823-fdf2-409d-8835-686a42d079dd,2026-07-25T06:15:00Z,2026-07-25T08:15:00+0200,47043.174786,MW,DE,DE_LU,forecast_load,Forecasted Load,2026-08-09T22:55:36Z
2026-08-09T22:53:54Z,2026-08-10T00:53:54+0200,9f364823-fdf2-409d-8835-686a42d079dd,2026-07-25T06:30:00Z,2026-07-25T08:30:00+0200,47808.44638,MW,DE,DE_LU,forecast_load,Forecasted Load,2026-08-09T22:55:36Z
2026-08-09T22:53:54Z,2026-08-10T00:53:54+0200,9f364823-fdf2-409d-8835-686a42d079dd,2026-07-25T06:45:00Z,2026-07-25T08:45:00+0200,48622.670736,MW,DE,DE_LU,forecast_load,Forecasted Load,2026-08-09T22:55:36Z
2026-08-09T22:53:54Z,2026-08-10T00:53:54+0200,9f364823-fdf2-409d-8835-686a42d079dd,2026-07-25T07:00:00Z,2026-07-25T09:00:00+0200,49027.710735,MW,DE,DE_LU,forecast_load,Forecasted Load,2026-08-09T22:55:36Z
2026-08-09T22:53:54Z,2026-08-10T00:53:54+0200,9f364823-fdf2-409d-8835-686a42d079dd,2026-07-25T07:15:00Z,2026-07-25T09:15:00+0200,49440.887409,MW,DE,DE_LU,forecast_load,Forecasted Load,2026-08-09T22:55:36Z
2026-08-09T22:53:54Z,2026-08-10T00:53:54+0200,9f364823-fdf2-409d-8835-686a42d079dd,2026-07-25T07:30:00Z,2026-07-25T09:30:00+0200,49932.121055,MW,DE,DE_LU,forecast_load,Forecasted Load,2026-08-09T22:55:36Z
2026-08-09T22:53:54Z,2026-08-10T00:53:54+0200,9f364823-fdf2-409d-8835-686a42d079dd,2026-07-25T07:45:00Z,2026-07-25T09:45:00+0200,50520.493735,MW,DE,DE_LU,forecast_load,Forecasted Load,2026-08-09T22:55:36Z
2026-08-09T22:53:54Z,2026-08-10T00:53:54+0200,9f364823-fdf2-409d-8835-686a42d079dd,2026-07-25T08:00:00Z,2026-07-25T10:00:00+0200,50877.224427,MW,DE,DE_LU,forecast_load,Forecasted Load,2026-08-09T22:55:36Z
2026-08-09T22:53:54Z,2026-08-10T00:53:54+0200,9f364823-fdf2-409d-8835-686a42d079dd,2026-07-25T08:15:00Z,2026-07-25T10:15:00+0200,51091.103143,MW,DE,DE_LU,forecast_load,Forecasted Load,2026-08-09T22:55:36Z
2026-08-09T22:53:54Z,2026-08-10T00:53:54+0200,9f364823-fdf2-409d-8835-686a42d079dd,2026-07-25T08:30:00Z,2026-07-25T10:30:00+0200,51133.348379,MW,DE,DE_LU,forecast_load,Forecasted Load,2026-08-09T22:55:36Z
2026-08-09T22:53:54Z,2026-08-10T00:53:54+0200,9f364823-fdf2-409d-8835-686a42d079dd,2026-07-25T08:45:00Z,2026-07-25T10:45:00+0200,51446.27203,MW,DE,DE_LU,forecast_load,Forecasted Load,2026-08-09T22:55:36Z
2026-08-09T22:53:54Z,2026-08-10T00:53:54+0200,9f364823-fdf2-409d-8835-686a42d079dd,2026-07-25T09:00:00Z,2026-07-25T11:00:00+0200,51416.030482,MW,DE,DE_LU,forecast_load,Forecasted Load,2026-08-09T22:55:36Z
2026-08-09T22:53:54Z,2026-08-10T00:53:54+0200,9f364823-fdf2-409d-8835-686a42d079dd,2026-07-25T09:15:00Z,2026-07-25T11:15:00+0200,51204.993831,MW,DE,DE_LU,forecast_load,Forecasted Load,2026-08-09T22:55:36Z
2026-08-09T22:53:54Z,2026-08-10T00:53:54+0200,9f364823-fdf2-409d-8835-686a42d079dd,2026-07-25T09:30:00Z,2026-07-25T11:30:00+0200,50863.198364,MW,DE,DE_LU,forecast_load,Forecasted Load,2026-08-09T22:55:36Z
2026-08-09T22:53:54Z,2026-08-10T00:53:54+0200,9f364823-fdf2-409d-8835-686a42d079dd,2026-07-25T09:45:00Z,2026-07-25T11:45:00+0200,50783.557623,MW,DE,DE_LU,forecast_load,Forecasted Load,2026-08-09T22:55:36Z
2026-08-09T22:53:54Z,2026-08-10T00:53:54+0200,9f364823-fdf2-409d-8835-686a42d079dd,2026-07-25T10:00:00Z,2026-07-25T12:00:00+0200,50428.762842,MW,DE,DE_LU,forecast_load,Forecasted Load,2026-08-09T22:55:36Z
2026-08-09T22:53:54Z,2026-08-10T00:53:54+0200,9f364823-fdf2-409d-8835-686a42d079dd,2026-07-25T10:15:00Z,2026-07-25T12:15:00+0200,50337.052108,MW,DE,DE_LU,forecast_load,Forecasted Load,2026-08-09T22:55:36Z
2026-08-09T22:53:54Z,2026-08-10T00:53:54+0200,9f364823-fdf2-409d-8835-686a42d079dd,2026-07-25T10:30:00Z,2026-07-25T12:30:00+0200,50470.173477,MW,DE,DE_LU,forecast_load,Forecasted Load,2026-08-09T22:55:36Z
2026-08-09T22:53:54Z,2026-08-10T00:53:54+0200,9f364823-fdf2-409d-8835-686a42d079dd,2026-07-25T10:45:00Z,2026-07-25T12:45:00+0200,50087.225937,MW,DE,DE_LU,forecast_load,Forecasted Load,2026-08-09T22:55:36Z
2026-08-09T22:53:54Z,2026-08-10T00:53:54+0200,9f364823-fdf2-409d-8835-686a42d079dd,2026-07-25T11:00:00Z,2026-07-25T13:00:00+0200,49615.672396,MW,DE,DE_LU,forecast_load,Forecasted Load,2026-08-09T22:55:36Z
2026-08-09T22:53:54Z,2026-08-10T00:53:54+0200,9f364823-fdf2-409d-8835-686a42d079dd,2026-07-25T11:15:00Z,2026-07-25T13:15:00+0200,49528.226402,MW,DE,DE_LU,forecast_load,Forecasted Load,2026-08-09T22:55:36Z
2026-08-09T22:53:54Z,2026-08-10T00:53:54+0200,9f364823-fdf2-409d-8835-686a42d079dd,2026-07-25T11:30:00Z,2026-07-25T13:30:00+0200,49058.40578,MW,DE,DE_LU,forecast_load,Forecasted Load,2026-08-09T22:55:36Z
2026-08-09T22:53:54Z,2026-08-10T00:53:54+0200,9f364823-fdf2-409d-8835-686a42d079dd,2026-07-25T11:45:00Z,2026-07-25T13:45:00+0200,49109.894616,MW,DE,DE_LU,forecast_load,Forecasted Load,2026-08-09T22:55:36Z
2026-08-09T22:53:54Z,2026-08-10T00:53:54+0200,9f364823-fdf2-409d-8835-686a42d079dd,2026-07-25T12:00:00Z,2026-07-25T14:00:00+0200,48918.421541,MW,DE,DE_LU,forecast_load,Forecasted Load,2026-08-09T22:55:36Z
2026-08-09T22:53:54Z,2026-08-10T00:53:54+0200,9f364823-fdf2-409d-8835-686a42d079dd,2026-07-25T12:15:00Z,2026-07-25T14:15:00+0200,48474.806078,MW,DE,DE_LU,forecast_load,Forecasted Load,2026-08-09T22:55:36Z
2026-08-09T22:53:54Z,2026-08-10T00:53:54+0200,9f364823-fdf2-409d-8835-686a42d079dd,2026-07-25T12:30:00Z,2026-07-25T14:30:00+0200,48422.21418,MW,DE,DE_LU,forecast_load,Forecasted Load,2026-08-09T22:55:36Z
2026-08-09T22:53:54Z,2026-08-10T00:53:54+0200,9f364823-fdf2-409d-8835-686a42d079dd,2026-07-25T12:45:00Z,2026-07-25T14:45:00+0200,48102.187824,MW,DE,DE_LU,forecast_load,Forecasted Load,2026-08-09T22:55:36Z
2026-08-09T22:53:54Z,2026-08-10T00:53:54+0200,9f364823-fdf2-409d-8835-686a42d079dd,2026-07-25T13:00:00Z,2026-07-25T15:00:00+0200,47970.902373,MW,DE,DE_LU,forecast_load,Forecasted Load,2026-08-09T22:55:36Z
2026-08-09T22:53:54Z,2026-08-10T00:53:54+0200,9f364823-fdf2-409d-8835-686a42d079dd,2026-07-25T13:15:00Z,2026-07-25T15:15:00+0200,47931.974462,MW,DE,DE_LU,forecast_load,Forecasted Load,2026-08-09T22:55:36Z
2026-08-09T22:53:54Z,2026-08-10T00:53:54+0200,9f364823-fdf2-409d-8835-686a42d079dd,2026-07-25T13:30:00Z,2026-07-25T15:30:00+0200,47695.490974,MW,DE,DE_LU,forecast_load,Forecasted Load,2026-08-09T22:55:36Z
2026-08-09T22:53:54Z,2026-08-10T00:53:54+0200,9f364823-fdf2-409d-8835-686a42d079dd,2026-07-25T13:45:00Z,2026-07-25T15:45:00+0200,47002.226043,MW,DE,DE_LU,forecast_load,Forecasted Load,2026-08-09T22:55:36Z
2026-08-09T22:53:54Z,2026-08-10T00:53:54+0200,9f364823-fdf2-409d-8835-686a42d079dd,2026-07-25T14:00:00Z,2026-07-25T16:00:00+0200,47973.010452,MW,DE,DE_LU,forecast_load,Forecasted Load,2026-08-09T22:55:36Z
2026-08-09T22:53:54Z,2026-08-10T00:53:54+0200,9f364823-fdf2-409d-8835-686a42d079dd,2026-07-25T14:15:00Z,2026-07-25T16:15:00+0200,47964.629273,MW,DE,DE_LU,forecast_load,Forecasted Load,2026-08-09T22:55:36Z
2026-08-09T22:53:54Z,2026-08-10T00:53:54+0200,9f364823-fdf2-409d-8835-686a42d079dd,2026-07-25T14:30:00Z,2026-07-25T16:30:00+0200,48313.451907,MW,DE,DE_LU,forecast_load,Forecasted Load,2026-08-09T22:55:36Z
2026-08-09T22:53:54Z,2026-08-10T00:53:54+0200,9f364823-fdf2-409d-8835-686a42d079dd,2026-07-25T14:45:00Z,2026-07-25T16:45:00+0200,47923.788596,MW,DE,DE_LU,forecast_load,Forecasted Load,2026-08-09T22:55:36Z
2026-08-09T22:53:54Z,2026-08-10T00:53:54+0200,9f364823-fdf2-409d-8835-686a42d079dd,2026-07-25T15:00:00Z,2026-07-25T17:00:00+0200,48539.102147,MW,DE,DE_LU,forecast_load,Forecasted Load,2026-08-09T22:55:36Z
2026-08-09T22:53:54Z,2026-08-10T00:53:54+0200,9f364823-fdf2-409d-8835-686a42d079dd,2026-07-25T15:15:00Z,2026-07-25T17:15:00+0200,48396.936693,MW,DE,DE_LU,forecast_load,Forecasted Load,2026-08-09T22:55:36Z
2026-08-09T22:53:54Z,2026-08-10T00:53:54+0200,9f364823-fdf2-409d-8835-686a42d079dd,2026-07-25T15:30:00Z,2026-07-25T17:30:00+0200,48724.451657,MW,DE,DE_LU,forecast_load,Forecasted Load,2026-08-09T22:55:36Z
2026-08-09T22:53:54Z,2026-08-10T00:53:54+0200,9f364823-fdf2-409d-8835-686a42d079dd,2026-07-25T15:45:00Z,2026-07-25T17:45:00+0200,49130.376741,MW,DE,DE_LU,forecast_load,Forecasted Load,2026-08-09T22:55:36Z
2026-08-09T22:53:54Z,2026-08-10T00:53:54+0200,9f364823-fdf2-409d-8835-686a42d079dd,2026-07-25T16:00:00Z,2026-07-25T18:00:00+0200,49383.386967,MW,DE,DE_LU,forecast_load,Forecasted Load,2026-08-09T22:55:36Z
2026-08-09T22:53:54Z,2026-08-10T00:53:54+0200,9f364823-fdf2-409d-8835-686a42d079dd,2026-07-25T16:15:00Z,2026-07-25T18:15:00+0200,49387.189709,MW,DE,DE_LU,forecast_load,Forecasted Load,2026-08-09T22:55:36Z
2026-08-09T22:53:54Z,2026-08-10T00:53:54+0200,9f364823-fdf2-409d-8835-686a42d079dd,2026-07-25T16:30:00Z,2026-07-25T18:30:00+0200,49016.687338,MW,DE,DE_LU,forecast_load,Forecasted Load,2026-08-09T22:55:36Z
2026-08-09T22:53:54Z,2026-08-10T00:53:54+0200,9f364823-fdf2-409d-8835-686a42d079dd,2026-07-25T16:45:00Z,2026-07-25T18:45:00+0200,49242.167159,MW,DE,DE_LU,forecast_load,Forecasted Load,2026-08-09T22:55:36Z
2026-08-09T22:53:54Z,2026-08-10T00:53:54+0200,9f364823-fdf2-409d-8835-686a42d079dd,2026-07-25T17:00:00Z,2026-07-25T19:00:00+0200,49435.64421,MW,DE,DE_LU,forecast_load,Forecasted Load,2026-08-09T22:55:36Z
2026-08-09T22:53:54Z,2026-08-10T00:53:54+0200,9f364823-fdf2-409d-8835-686a42d079dd,2026-07-25T17:15:00Z,2026-07-25T19:15:00+0200,49376.493711,MW,DE,DE_LU,forecast_load,Forecasted Load,2026-08-09T22:55:36Z
2026-08-09T22:53:54Z,2026-08-10T00:53:54+0200,9f364823-fdf2-409d-8835-686a42d079dd,2026-07-25T17:30:00Z,2026-07-25T19:30:00+0200,49342.598546,MW,DE,DE_LU,forecast_load,Forecasted Load,2026-08-09T22:55:36Z
2026-08-09T22:53:54Z,2026-08-10T00:53:54+0200,9f364823-fdf2-409d-8835-686a42d079dd,2026-07-25T17:45:00Z,2026-07-25T19:45:00+0200,49049.734248,MW,DE,DE_LU,forecast_load,Forecasted Load,2026-08-09T22:55:36Z
2026-08-09T22:53:54Z,2026-08-10T00:53:54+0200,9f364823-fdf2-409d-8835-686a42d079dd,2026-07-25T18:00:00Z,2026-07-25T20:00:00+0200,48844.211887,MW,DE,DE_LU,forecast_load,Forecasted Load,2026-08-09T22:55:36Z
2026-08-09T22:53:54Z,2026-08-10T00:53:54+0200,9f364823-fdf2-409d-8835-686a42d079dd,2026-07-25T18:15:00Z,2026-07-25T20:15:00+0200,48466.439286,MW,DE,DE_LU,forecast_load,Forecasted Load,2026-08-09T22:55:36Z
2026-08-09T22:53:54Z,2026-08-10T00:53:54+0200,9f364823-fdf2-409d-8835-686a42d079dd,2026-07-25T18:30:00Z,2026-07-25T20:30:00+0200,48020.398955,MW,DE,DE_LU,forecast_load,Forecasted Load,2026-08-09T22:55:36Z
2026-08-09T22:53:54Z,2026-08-10T00:53:54+0200,9f364823-fdf2-409d-8835-686a42d079dd,2026-07-25T18:45:00Z,2026-07-25T20:45:00+0200,47287.200563,MW,DE,DE_LU,forecast_load,Forecasted Load,2026-08-09T22:55:36Z
2026-08-09T22:53:54Z,2026-08-10T00:53:54+0200,9f364823-fdf2-409d-8835-686a42d079dd,2026-07-25T19:00:00Z,2026-07-25T21:00:00+0200,46582.495224,MW,DE,DE_LU,forecast_load,Forecasted Load,2026-08-09T22:55:36Z
2026-08-09T22:53:54Z,2026-08-10T00:53:54+0200,9f364823-fdf2-409d-8835-686a42d079dd,2026-07-25T19:15:00Z,2026-07-25T21:15:00+0200,46334.970078,MW,DE,DE_LU,forecast_load,Forecasted Load,2026-08-09T22:55:36Z
2026-08-09T22:53:54Z,2026-08-10T00:53:54+0200,9f364823-fdf2-409d-8835-686a42d079dd,2026-07-25T19:30:00Z,2026-07-25T21:30:00+0200,46117.486295,MW,DE,DE_LU,forecast_load,Forecasted Load,2026-08-09T22:55:36Z
2026-08-09T22:53:54Z,2026-08-10T00:53:54+0200,9f364823-fdf2-409d-8835-686a42d079dd,2026-07-25T19:45:00Z,2026-07-25T21:45:00+0200,45688.934629,MW,DE,DE_LU,forecast_load,Forecasted Load,2026-08-09T22:55:36Z
2026-08-09T22:53:54Z,2026-08-10T00:53:54+0200,9f364823-fdf2-409d-8835-686a42d079dd,2026-07-25T20:00:00Z,2026-07-25T22:00:00+0200,45508.547133,MW,DE,DE_LU,forecast_load,Forecasted Load,2026-08-09T22:55:36Z
2026-08-09T22:53:54Z,2026-08-10T00:53:54+0200,9f364823-fdf2-409d-8835-686a42d079dd,2026-07-25T20:15:00Z,2026-07-25T22:15:00+0200,44927.623916,MW,DE,DE_LU,forecast_load,Forecasted Load,2026-08-09T22:55:36Z
2026-08-09T22:53:54Z,2026-08-10T00:53:54+0200,9f364823-fdf2-409d-8835-686a42d079dd,2026-07-25T20:30:00Z,2026-07-25T22:30:00+0200,44296.736711,MW,DE,DE_LU,forecast_load,Forecasted Load,2026-08-09T22:55:36Z
2026-08-09T22:53:54Z,2026-08-10T00:53:54+0200,9f364823-fdf2-409d-8835-686a42d079dd,2026-07-25T20:45:00Z,2026-07-25T22:45:00+0200,43729.227082,MW,DE,DE_LU,forecast_load,Forecasted Load,2026-08-09T22:55:36Z
2026-08-09T22:53:54Z,2026-08-10T00:53:54+0200,9f364823-fdf2-409d-8835-686a42d079dd,2026-07-25T21:00:00Z,2026-07-25T23:00:00+0200,43157.516095,MW,DE,DE_LU,forecast_load,Forecasted Load,2026-08-09T22:55:36Z
2026-08-09T22:53:54Z,2026-08-10T00:53:54+0200,9f364823-fdf2-409d-8835-686a42d079dd,2026-07-25T21:15:00Z,2026-07-25T23:15:00+0200,42529.454584,MW,DE,DE_LU,forecast_load,Forecasted Load,2026-08-09T22:55:36Z
2026-08-09T22:53:54Z,2026-08-10T00:53:54+0200,9f364823-fdf2-409d-8835-686a42d079dd,2026-07-25T21:30:00Z,2026-07-25T23:30:00+0200,41996.148401,MW,DE,DE_LU,forecast_load,Forecasted Load,2026-08-09T22:55:36Z
2026-08-09T22:53:54Z,2026-08-10T00:53:54+0200,9f364823-fdf2-409d-8835-686a42d079dd,2026-07-25T21:45:00Z,2026-07-25T23:45:00+0200,41565.898883,MW,DE,DE_LU,forecast_load,Forecasted Load,2026-08-09T22:55:36Z
2026-08-09T22:53:54Z,2026-08-10T00:53:54+0200,9f364823-fdf2-409d-8835-686a42d079dd,2026-07-25T22:00:00Z,2026-07-26T00:00:00+0200,42081.321065,MW,DE,DE_LU,forecast_load,Forecasted Load,2026-08-09T22:55:36Z
2026-08-09T22:53:54Z,2026-08-10T00:53:54+0200,9f364823-fdf2-409d-8835-686a42d079dd,2026-07-25T22:15:00Z,2026-07-26T00:15:00+0200,41366.214023,MW,DE,DE_LU,forecast_load,Forecasted Load,2026-08-09T22:55:36Z
2026-08-09T22:53:54Z,2026-08-10T00:53:54+0200,9f364823-fdf2-409d-8835-686a42d079dd,2026-07-25T22:30:00Z,2026-07-26T00:30:00+0200,40915.350002,MW,DE,DE_LU,forecast_load,Forecasted Load,2026-08-09T22:55:36Z
2026-08-09T22:53:54Z,2026-08-10T00:53:54+0200,9f364823-fdf2-409d-8835-686a42d079dd,2026-07-25T22:45:00Z,2026-07-26T00:45:00+0200,40632.138471,MW,DE,DE_LU,forecast_load,Forecasted Load,2026-08-09T22:55:36Z
2026-08-09T22:53:54Z,2026-08-10T00:53:54+0200,9f364823-fdf2-409d-8835-686a42d079dd,2026-07-25T23:00:00Z,2026-07-26T01:00:00+0200,40149.679559,MW,DE,DE_LU,forecast_load,Forecasted Load,2026-08-09T22:55:36Z
2026-08-09T22:53:54Z,2026-08-10T00:53:54+0200,9f364823-fdf2-409d-8835-686a42d079dd,2026-07-25T23:15:00Z,2026-07-26T01:15:00+0200,39599.606078,MW,DE,DE_LU,forecast_load,Forecasted Load,2026-08-09T22:55:36Z
2026-08-09T22:53:54Z,2026-08-10T00:53:54+0200,9f364823-fdf2-409d-8835-686a42d079dd,2026-07-25T23:30:00Z,2026-07-26T01:30:00+0200,39244.962738,MW,DE,DE_LU,forecast_load,Forecasted Load,2026-08-09T22:55:36Z
2026-08-09T22:53:54Z,2026-08-10T00:53:54+0200,9f364823-fdf2-409d-8835-686a42d079dd,2026-07-25T23:45:00Z,2026-07-26T01:45:00+0200,38934.641086,MW,DE,DE_LU,forecast_load,Forecasted Load,2026-08-09T22:55:36Z
2026-08-09T22:53:54Z,2026-08-10T00:53:54+0200,9f364823-fdf2-409d-8835-686a42d079dd,2026-07-26T00:00:00Z,2026-07-26T02:00:00+0200,38778.204844,MW,DE,DE_LU,forecast_load,Forecasted Load,2026-08-09T22:55:36Z
2026-08-09T22:53:54Z,2026-08-10T00:53:54+0200,9f364823-fdf2-409d-8835-686a42d079dd,2026-07-26T00:15:00Z,2026-07-26T02:15:00+0200,38694.051218,MW,DE,DE_LU,forecast_load,Forecasted Load,2026-08-09T22:55:36Z
2026-08-09T22:53:54Z,2026-08-10T00:53:54+0200,9f364823-fdf2-409d-8835-686a42d079dd,2026-07-26T00:30:00Z,2026-07-26T02:30:00+0200,38519.444279,MW,DE,DE_LU,forecast_load,Forecasted Load,2026-08-09T22:55:36Z
2026-08-09T22:53:54Z,2026-08-10T00:53:54+0200,9f364823-fdf2-409d-8835-686a42d079dd,2026-07-26T00:45:00Z,2026-07-26T02:45:00+0200,38476.622491,MW,DE,DE_LU,forecast_load,Forecasted Load,2026-08-09T22:55:36Z
2026-08-09T22:53:54Z,2026-08-10T00:53:54+0200,9f364823-fdf2-409d-8835-686a42d079dd,2026-07-26T01:00:00Z,2026-07-26T03:00:00+0200,38425.0076,MW,DE,DE_LU,forecast_load,Forecasted Load,2026-08-09T22:55:36Z
2026-08-09T22:53:54Z,2026-08-10T00:53:54+0200,9f364823-fdf2-409d-8835-686a42d079dd,2026-07-26T01:15:00Z,2026-07-26T03:15:00+0200,38092.1573,MW,DE,DE_LU,forecast_load,Forecasted Load,2026-08-09T22:55:36Z
2026-08-09T22:53:54Z,2026-08-10T00:53:54+0200,9f364823-fdf2-409d-8835-686a42d079dd,2026-07-26T01:30:00Z,2026-07-26T03:30:00+0200,38123.225129,MW,DE,DE_LU,forecast_load,Forecasted Load,2026-08-09T22:55:36Z
2026-08-09T22:53:54Z,2026-08-10T00:53:54+0200,9f364823-fdf2-409d-8835-686a42d079dd,2026-07-26T01:45:00Z,2026-07-26T03:45:00+0200,38105.43318,MW,DE,DE_LU,forecast_load,Forecasted Load,2026-08-09T22:55:36Z
2026-08-09T22:53:54Z,2026-08-10T00:53:54+0200,9f364823-fdf2-409d-8835-686a42d079dd,2026-07-26T02:00:00Z,2026-07-26T04:00:00+0200,38009.165746,MW,DE,DE_LU,forecast_load,Forecasted Load,2026-08-09T22:55:36Z
2026-08-09T22:53:54Z,2026-08-10T00:53:54+0200,9f364823-fdf2-409d-8835-686a42d079dd,2026-07-26T02:15:00Z,2026-07-26T04:15:00+0200,38167.37473,MW,DE,DE_LU,forecast_load,Forecasted Load,2026-08-09T22:55:36Z
2026-08-09T22:53:54Z,2026-08-10T00:53:54+0200,9f364823-fdf2-409d-8835-686a42d079dd,2026-07-26T02:30:00Z,2026-07-26T04:30:00+0200,38181.909973,MW,DE,DE_LU,forecast_load,Forecasted Load,2026-08-09T22:55:36Z
2026-08-09T22:53:54Z,2026-08-10T00:53:54+0200,9f364823-fdf2-409d-8835-686a42d079dd,2026-07-26T02:45:00Z,2026-07-26T04:45:00+0200,38318.979001,MW,DE,DE_LU,forecast_load,Forecasted Load,2026-08-09T22:55:36Z
2026-08-09T22:53:54Z,2026-08-10T00:53:54+0200,9f364823-fdf2-409d-8835-686a42d079dd,2026-07-26T03:00:00Z,2026-07-26T05:00:00+0200,38642.844395,MW,DE,DE_LU,forecast_load,Forecasted Load,2026-08-09T22:55:36Z
2026-08-09T22:53:54Z,2026-08-10T00:53:54+0200,9f364823-fdf2-409d-8835-686a42d079dd,2026-07-26T03:15:00Z,2026-07-26T05:15:00+0200,38825.518883,MW,DE,DE_LU,forecast_load,Forecasted Load,2026-08-09T22:55:36Z
2026-08-09T22:53:54Z,2026-08-10T00:53:54+0200,9f364823-fdf2-409d-8835-686a42d079dd,2026-07-26T03:30:00Z,2026-07-26T05:30:00+0200,38677.079527,MW,DE,DE_LU,forecast_load,Forecasted Load,2026-08-09T22:55:36Z
2026-08-09T22:53:54Z,2026-08-10T00:53:54+0200,9f364823-fdf2-409d-8835-686a42d079dd,2026-07-26T03:45:00Z,2026-07-26T05:45:00+0200,39035.708409,MW,DE,DE_LU,forecast_load,Forecasted Load,2026-08-09T22:55:36Z
2026-08-09T22:53:54Z,2026-08-10T00:53:54+0200,9f364823-fdf2-409d-8835-686a42d079dd,2026-07-26T04:00:00Z,2026-07-26T06:00:00+0200,39600.343657,MW,DE,DE_LU,forecast_load,Forecasted Load,2026-08-09T22:55:36Z
2026-08-09T22:53:54Z,2026-08-10T00:53:54+0200,9f364823-fdf2-409d-8835-686a42d079dd,2026-07-26T04:15:00Z,2026-07-26T06:15:00+0200,39940.268523,MW,DE,DE_LU,forecast_load,Forecasted Load,2026-08-09T22:55:36Z
2026-08-09T22:53:54Z,2026-08-10T00:53:54+0200,9f364823-fdf2-409d-8835-686a42d079dd,2026-07-26T04:30:00Z,2026-07-26T06:30:00+0200,40792.505772,MW,DE,DE_LU,forecast_load,Forecasted Load,2026-08-09T22:55:36Z
2026-08-09T22:53:54Z,2026-08-10T00:53:54+0200,9f364823-fdf2-409d-8835-686a42d079dd,2026-07-26T04:45:00Z,2026-07-26T06:45:00+0200,41085.249277,MW,DE,DE_LU,forecast_load,Forecasted Load,2026-08-09T22:55:36Z
2026-08-09T22:53:54Z,2026-08-10T00:53:54+0200,9f364823-fdf2-409d-8835-686a42d079dd,2026-07-26T05:00:00Z,2026-07-26T07:00:00+0200,41643.263675,MW,DE,DE_LU,forecast_load,Forecasted Load,2026-08-09T22:55:36Z
2026-08-09T22:53:54Z,2026-08-10T00:53:54+0200,9f364823-fdf2-409d-8835-686a42d079dd,2026-07-26T05:15:00Z,2026-07-26T07:15:00+0200,42229.248969,MW,DE,DE_LU,forecast_load,Forecasted Load,2026-08-09T22:55:36Z
2026-08-09T22:53:54Z,2026-08-10T00:53:54+0200,9f364823-fdf2-409d-8835-686a42d079dd,2026-07-26T05:30:00Z,2026-07-26T07:30:00+0200,43020.314333,MW,DE,DE_LU,forecast_load,Forecasted Load,2026-08-09T22:55:36Z
2026-08-09T22:53:54Z,2026-08-10T00:53:54+0200,9f364823-fdf2-409d-8835-686a42d079dd,2026-07-26T05:45:00Z,2026-07-26T07:45:00+0200,43760.084272,MW,DE,DE_LU,forecast_load,Forecasted Load,2026-08-09T22:55:36Z
2026-08-09T22:53:54Z,2026-08-10T00:53:54+0200,9f364823-fdf2-409d-8835-686a42d079dd,2026-07-26T06:00:00Z,2026-07-26T08:00:00+0200,43820.103264,MW,DE,DE_LU,forecast_load,Forecasted Load,2026-08-09T22:55:36Z
2026-08-09T22:53:54Z,2026-08-10T00:53:54+0200,9f364823-fdf2-409d-8835-686a42d079dd,2026-07-26T06:15:00Z,2026-07-26T08:15:00+0200,44697.395074,MW,DE,DE_LU,forecast_load,Forecasted Load,2026-08-09T22:55:36Z
2026-08-09T22:53:54Z,2026-08-10T00:53:54+0200,9f364823-fdf2-409d-8835-686a42d079dd,2026-07-26T06:30:00Z,2026-07-26T08:30:00+0200,45383.16308,MW,DE,DE_LU,forecast_load,Forecasted Load,2026-08-09T22:55:36Z
2026-08-09T22:53:54Z,2026-08-10T00:53:54+0200,9f364823-fdf2-409d-8835-686a42d079dd,2026-07-26T06:45:00Z,2026-07-26T08:45:00+0200,46012.651386,MW,DE,DE_LU,forecast_load,Forecasted Load,2026-08-09T22:55:36Z
2026-08-09T22:53:54Z,2026-08-10T00:53:54+0200,9f364823-fdf2-409d-8835-686a42d079dd,2026-07-26T07:00:00Z,2026-07-26T09:00:00+0200,46418.242477,MW,DE,DE_LU,forecast_load,Forecasted Load,2026-08-09T22:55:36Z
2026-08-09T22:53:54Z,2026-08-10T00:53:54+0200,9f364823-fdf2-409d-8835-686a42d079dd,2026-07-26T07:15:00Z,2026-07-26T09:15:00+0200,46927.527391,MW,DE,DE_LU,forecast_load,Forecasted Load,2026-08-09T22:55:36Z
2026-08-09T22:53:54Z,2026-08-10T00:53:54+0200,9f364823-fdf2-409d-8835-686a42d079dd,2026-07-26T07:30:00Z,2026-07-26T09:30:00+0200,47051.790987,MW,DE,DE_LU,forecast_load,Forecasted Load,2026-08-09T22:55:36Z
2026-08-09T22:53:54Z,2026-08-10T00:53:54+0200,9f364823-fdf2-409d-8835-686a42d079dd,2026-07-26T07:45:00Z,2026-07-26T09:45:00+0200,48060.085943,MW,DE,DE_LU,forecast_load,Forecasted Load,2026-08-09T22:55:36Z
2026-08-09T22:53:54Z,2026-08-10T00:53:54+0200,9f364823-fdf2-409d-8835-686a42d079dd,2026-07-26T08:00:00Z,2026-07-26T10:00:00+0200,47973.127999,MW,DE,DE_LU,forecast_load,Forecasted Load,2026-08-09T22:55:36Z
2026-08-09T22:53:54Z,2026-08-10T00:53:54+0200,9f364823-fdf2-409d-8835-686a42d079dd,2026-07-26T08:15:00Z,2026-07-26T10:15:00+0200,48586.535346,MW,DE,DE_LU,forecast_load,Forecasted Load,2026-08-09T22:55:36Z
2026-08-09T22:53:54Z,2026-08-10T00:53:54+0200,9f364823-fdf2-409d-8835-686a42d079dd,2026-07-26T08:30:00Z,2026-07-26T10:30:00+0200,48566.371967,MW,DE,DE_LU,forecast_load,Forecasted Load,2026-08-09T22:55:36Z
2026-08-09T22:53:54Z,2026-08-10T00:53:54+0200,9f364823-fdf2-409d-8835-686a42d079dd,2026-07-26T08:45:00Z,2026-07-26T10:45:00+0200,48697.416729,MW,DE,DE_LU,forecast_load,Forecasted Load,2026-08-09T22:55:36Z
2026-08-09T22:53:54Z,2026-08-10T00:53:54+0200,9f364823-fdf2-409d-8835-686a42d079dd,2026-07-26T09:00:00Z,2026-07-26T11:00:00+0200,48587.773082,MW,DE,DE_LU,forecast_load,Forecasted Load,2026-08-09T22:55:36Z
2026-08-09T22:53:54Z,2026-08-10T00:53:54+0200,9f364823-fdf2-409d-8835-686a42d079dd,2026-07-26T09:15:00Z,2026-07-26T11:15:00+0200,49017.497272,MW,DE,DE_LU,forecast_load,Forecasted Load,2026-08-09T22:55:36Z
2026-08-09T22:53:54Z,2026-08-10T00:53:54+0200,9f364823-fdf2-409d-8835-686a42d079dd,2026-07-26T09:30:00Z,2026-07-26T11:30:00+0200,48936.900429,MW,DE,DE_LU,forecast_load,Forecasted Load,2026-08-09T22:55:36Z
2026-08-09T22:53:54Z,2026-08-10T00:53:54+0200,9f364823-fdf2-409d-8835-686a42d079dd,2026-07-26T09:45:00Z,2026-07-26T11:45:00+0200,48992.726532,MW,DE,DE_LU,forecast_load,Forecasted Load,2026-08-09T22:55:36Z
2026-08-09T22:53:54Z,2026-08-10T00:53:54+0200,9f364823-fdf2-409d-8835-686a42d079dd,2026-07-26T10:00:00Z,2026-07-26T12:00:00+0200,48900.368404,MW,DE,DE_LU,forecast_load,Forecasted Load,2026-08-09T22:55:36Z
2026-08-09T22:53:54Z,2026-08-10T00:53:54+0200,9f364823-fdf2-409d-8835-686a42d079dd,2026-07-26T10:15:00Z,2026-07-26T12:15:00+0200,48141.029498,MW,DE,DE_LU,forecast_load,Forecasted Load,2026-08-09T22:55:36Z
2026-08-09T22:53:54Z,2026-08-10T00:53:54+0200,9f364823-fdf2-409d-8835-686a42d079dd,2026-07-26T10:30:00Z,2026-07-26T12:30:00+0200,48076.518169,MW,DE,DE_LU,forecast_load,Forecasted Load,2026-08-09T22:55:36Z
2026-08-09T22:53:54Z,2026-08-10T00:53:54+0200,9f364823-fdf2-409d-8835-686a42d079dd,2026-07-26T10:45:00Z,2026-07-26T12:45:00+0200,47772.266428,MW,DE,DE_LU,forecast_load,Forecasted Load,2026-08-09T22:55:36Z
2026-08-09T22:53:54Z,2026-08-10T00:53:54+0200,9f364823-fdf2-409d-8835-686a42d079dd,2026-07-26T11:00:00Z,2026-07-26T13:00:00+0200,47657.941511,MW,DE,DE_LU,forecast_load,Forecasted Load,2026-08-09T22:55:36Z
2026-08-09T22:53:54Z,2026-08-10T00:53:54+0200,9f364823-fdf2-409d-8835-686a42d079dd,2026-07-26T11:15:00Z,2026-07-26T13:15:00+0200,47556.153748,MW,DE,DE_LU,forecast_load,Forecasted Load,2026-08-09T22:55:36Z
2026-08-09T22:53:54Z,2026-08-10T00:53:54+0200,9f364823-fdf2-409d-8835-686a42d079dd,2026-07-26T11:30:00Z,2026-07-26T13:30:00+0200,46895.623484,MW,DE,DE_LU,forecast_load,Forecasted Load,2026-08-09T22:55:36Z
2026-08-09T22:53:54Z,2026-08-10T00:53:54+0200,9f364823-fdf2-409d-8835-686a42d079dd,2026-07-26T11:45:00Z,2026-07-26T13:45:00+0200,46641.53993,MW,DE,DE_LU,forecast_load,Forecasted Load,2026-08-09T22:55:36Z
2026-08-09T22:53:54Z,2026-08-10T00:53:54+0200,9f364823-fdf2-409d-8835-686a42d079dd,2026-07-26T12:00:00Z,2026-07-26T14:00:00+0200,46616.214475,MW,DE,DE_LU,forecast_load,Forecasted Load,2026-08-09T22:55:36Z
2026-08-09T22:53:54Z,2026-08-10T00:53:54+0200,9f364823-fdf2-409d-8835-686a42d079dd,2026-07-26T12:15:00Z,2026-07-26T14:15:00+0200,46449.940676,MW,DE,DE_LU,forecast_load,Forecasted Load,2026-08-09T22:55:36Z
2026-08-09T22:53:54Z,2026-08-10T00:53:54+0200,9f364823-fdf2-409d-8835-686a42d079dd,2026-07-26T12:30:00Z,2026-07-26T14:30:00+0200,46399.892439,MW,DE,DE_LU,forecast_load,Forecasted Load,2026-08-09T22:55:36Z
2026-08-09T22:53:54Z,2026-08-10T00:53:54+0200,9f364823-fdf2-409d-8835-686a42d079dd,2026-07-26T12:45:00Z,2026-07-26T14:45:00+0200,45930.578057,MW,DE,DE_LU,forecast_load,Forecasted Load,2026-08-09T22:55:36Z
2026-08-09T22:53:54Z,2026-08-10T00:53:54+0200,9f364823-fdf2-409d-8835-686a42d079dd,2026-07-26T13:00:00Z,2026-07-26T15:00:00+0200,46319.935429,MW,DE,DE_LU,forecast_load,Forecasted Load,2026-08-09T22:55:36Z
2026-08-09T22:53:54Z,2026-08-10T00:53:54+0200,9f364823-fdf2-409d-8835-686a42d079dd,2026-07-26T13:15:00Z,2026-07-26T15:15:00+0200,46040.256001,MW,DE,DE_LU,forecast_load,Forecasted Load,2026-08-09T22:55:36Z
2026-08-09T22:53:54Z,2026-08-10T00:53:54+0200,9f364823-fdf2-409d-8835-686a42d079dd,2026-07-26T13:30:00Z,2026-07-26T15:30:00+0200,45791.141544,MW,DE,DE_LU,forecast_load,Forecasted Load,2026-08-09T22:55:36Z
2026-08-09T22:53:54Z,2026-08-10T00:53:54+0200,9f364823-fdf2-409d-8835-686a42d079dd,2026-07-26T13:45:00Z,2026-07-26T15:45:00+0200,45801.661477,MW,DE,DE_LU,forecast_load,Forecasted Load,2026-08-09T22:55:36Z
2026-08-09T22:53:54Z,2026-08-10T00:53:54+0200,9f364823-fdf2-409d-8835-686a42d079dd,2026-07-26T14:00:00Z,2026-07-26T16:00:00+0200,45781.588647,MW,DE,DE_LU,forecast_load,Forecasted Load,2026-08-09T22:55:36Z
2026-08-09T22:53:54Z,2026-08-10T00:53:54+0200,9f364823-fdf2-409d-8835-686a42d079dd,2026-07-26T14:15:00Z,2026-07-26T16:15:00+0200,45869.985663,MW,DE,DE_LU,forecast_load,Forecasted Load,2026-08-09T22:55:36Z
2026-08-09T22:53:54Z,2026-08-10T00:53:54+0200,9f364823-fdf2-409d-8835-686a42d079dd,2026-07-26T14:30:00Z,2026-07-26T16:30:00+0200,46041.254623,MW,DE,DE_LU,forecast_load,Forecasted Load,2026-08-09T22:55:36Z
2026-08-09T22:53:54Z,2026-08-10T00:53:54+0200,9f364823-fdf2-409d-8835-686a42d079dd,2026-07-26T14:45:00Z,2026-07-26T16:45:00+0200,46165.259374,MW,DE,DE_LU,forecast_load,Forecasted Load,2026-08-09T22:55:36Z
2026-08-09T22:53:54Z,2026-08-10T00:53:54+0200,9f364823-fdf2-409d-8835-686a42d079dd,2026-07-26T15:00:00Z,2026-07-26T17:00:00+0200,46924.987536,MW,DE,DE_LU,forecast_load,Forecasted Load,2026-08-09T22:55:36Z
2026-08-09T22:53:54Z,2026-08-10T00:53:54+0200,9f364823-fdf2-409d-8835-686a42d079dd,2026-07-26T15:15:00Z,2026-07-26T17:15:00+0200,46516.86644,MW,DE,DE_LU,forecast_load,Forecasted Load,2026-08-09T22:55:36Z
2026-08-09T22:53:54Z,2026-08-10T00:53:54+0200,9f364823-fdf2-409d-8835-686a42d079dd,2026-07-26T15:30:00Z,2026-07-26T17:30:00+0200,47117.451245,MW,DE,DE_LU,forecast_load,Forecasted Load,2026-08-09T22:55:36Z
2026-08-09T22:53:54Z,2026-08-10T00:53:54+0200,9f364823-fdf2-409d-8835-686a42d079dd,2026-07-26T15:45:00Z,2026-07-26T17:45:00+0200,47440.897963,MW,DE,DE_LU,forecast_load,Forecasted Load,2026-08-09T22:55:36Z
2026-08-09T22:53:54Z,2026-08-10T00:53:54+0200,9f364823-fdf2-409d-8835-686a42d079dd,2026-07-26T16:00:00Z,2026-07-26T18:00:00+0200,48095.132732,MW,DE,DE_LU,forecast_load,Forecasted Load,2026-08-09T22:55:36Z
2026-08-09T22:53:54Z,2026-08-10T00:53:54+0200,9f364823-fdf2-409d-8835-686a42d079dd,2026-07-26T16:15:00Z,2026-07-26T18:15:00+0200,47710.561572,MW,DE,DE_LU,forecast_load,Forecasted Load,2026-08-09T22:55:36Z
2026-08-09T22:53:54Z,2026-08-10T00:53:54+0200,9f364823-fdf2-409d-8835-686a42d079dd,2026-07-26T16:30:00Z,2026-07-26T18:30:00+0200,48234.055618,MW,DE,DE_LU,forecast_load,Forecasted Load,2026-08-09T22:55:36Z
2026-08-09T22:53:54Z,2026-08-10T00:53:54+0200,9f364823-fdf2-409d-8835-686a42d079dd,2026-07-26T16:45:00Z,2026-07-26T18:45:00+0200,48858.143912,MW,DE,DE_LU,forecast_load,Forecasted Load,2026-08-09T22:55:36Z
2026-08-09T22:53:54Z,2026-08-10T00:53:54+0200,9f364823-fdf2-409d-8835-686a42d079dd,2026-07-26T17:00:00Z,2026-07-26T19:00:00+0200,49645.934453,MW,DE,DE_LU,forecast_load,Forecasted Load,2026-08-09T22:55:36Z
2026-08-09T22:53:54Z,2026-08-10T00:53:54+0200,9f364823-fdf2-409d-8835-686a42d079dd,2026-07-26T17:15:00Z,2026-07-26T19:15:00+0200,49775.156056,MW,DE,DE_LU,forecast_load,Forecasted Load,2026-08-09T22:55:36Z
2026-08-09T22:53:54Z,2026-08-10T00:53:54+0200,9f364823-fdf2-409d-8835-686a42d079dd,2026-07-26T17:30:00Z,2026-07-26T19:30:00+0200,49689.1521,MW,DE,DE_LU,forecast_load,Forecasted Load,2026-08-09T22:55:36Z
2026-08-09T22:53:54Z,2026-08-10T00:53:54+0200,9f364823-fdf2-409d-8835-686a42d079dd,2026-07-26T17:45:00Z,2026-07-26T19:45:00+0200,49600.329053,MW,DE,DE_LU,forecast_load,Forecasted Load,2026-08-09T22:55:36Z
2026-08-09T22:53:54Z,2026-08-10T00:53:54+0200,9f364823-fdf2-409d-8835-686a42d079dd,2026-07-26T18:00:00Z,2026-07-26T20:00:00+0200,49384.508354,MW,DE,DE_LU,forecast_load,Forecasted Load,2026-08-09T22:55:36Z
2026-08-09T22:53:54Z,2026-08-10T00:53:54+0200,9f364823-fdf2-409d-8835-686a42d079dd,2026-07-26T18:15:00Z,2026-07-26T20:15:00+0200,49273.857164,MW,DE,DE_LU,forecast_load,Forecasted Load,2026-08-09T22:55:36Z
2026-08-09T22:53:54Z,2026-08-10T00:53:54+0200,9f364823-fdf2-409d-8835-686a42d079dd,2026-07-26T18:30:00Z,2026-07-26T20:30:00+0200,48946.746649,MW,DE,DE_LU,forecast_load,Forecasted Load,2026-08-09T22:55:36Z
2026-08-09T22:53:54Z,2026-08-10T00:53:54+0200,9f364823-fdf2-409d-8835-686a42d079dd,2026-07-26T18:45:00Z,2026-07-26T20:45:00+0200,48703.165367,MW,DE,DE_LU,forecast_load,Forecasted Load,2026-08-09T22:55:36Z
2026-08-09T22:53:54Z,2026-08-10T00:53:54+0200,9f364823-fdf2-409d-8835-686a42d079dd,2026-07-26T19:00:00Z,2026-07-26T21:00:00+0200,48622.736627,MW,DE,DE_LU,forecast_load,Forecasted Load,2026-08-09T22:55:36Z
2026-08-09T22:53:54Z,2026-08-10T00:53:54+0200,9f364823-fdf2-409d-8835-686a42d079dd,2026-07-26T19:15:00Z,2026-07-26T21:15:00+0200,48429.874546,MW,DE,DE_LU,forecast_load,Forecasted Load,2026-08-09T22:55:36Z
2026-08-09T22:53:54Z,2026-08-10T00:53:54+0200,9f364823-fdf2-409d-8835-686a42d079dd,2026-07-26T19:30:00Z,2026-07-26T21:30:00+0200,48316.159777,MW,DE,DE_LU,forecast_load,Forecasted Load,2026-08-09T22:55:36Z
2026-08-09T22:53:54Z,2026-08-10T00:53:54+0200,9f364823-fdf2-409d-8835-686a42d079dd,2026-07-26T19:45:00Z,2026-07-26T21:45:00+0200,48089.922026,MW,DE,DE_LU,forecast_load,Forecasted Load,2026-08-09T22:55:36Z
2026-08-09T22:53:54Z,2026-08-10T00:53:54+0200,9f364823-fdf2-409d-8835-686a42d079dd,2026-07-26T20:00:00Z,2026-07-26T22:00:00+0200,47609.880209,MW,DE,DE_LU,forecast_load,Forecasted Load,2026-08-09T22:55:36Z
2026-08-09T22:53:54Z,2026-08-10T00:53:54+0200,9f364823-fdf2-409d-8835-686a42d079dd,2026-07-26T20:15:00Z,2026-07-26T22:15:00+0200,47220.149229,MW,DE,DE_LU,forecast_load,Forecasted Load,2026-08-09T22:55:36Z
2026-08-09T22:53:54Z,2026-08-10T00:53:54+0200,9f364823-fdf2-409d-8835-686a42d079dd,2026-07-26T20:30:00Z,2026-07-26T22:30:00+0200,46678.570757,MW,DE,DE_LU,forecast_load,Forecasted Load,2026-08-09T22:55:36Z
2026-08-09T22:53:54Z,2026-08-10T00:53:54+0200,9f364823-fdf2-409d-8835-686a42d079dd,2026-07-26T20:45:00Z,2026-07-26T22:45:00+0200,46185.871097,MW,DE,DE_LU,forecast_load,Forecasted Load,2026-08-09T22:55:36Z
2026-08-09T22:53:54Z,2026-08-10T00:53:54+0200,9f364823-fdf2-409d-8835-686a42d079dd,2026-07-26T21:00:00Z,2026-07-26T23:00:00+0200,45295.581735,MW,DE,DE_LU,forecast_load,Forecasted Load,2026-08-09T22:55:36Z
2026-08-09T22:53:54Z,2026-08-10T00:53:54+0200,9f364823-fdf2-409d-8835-686a42d079dd,2026-07-26T21:15:00Z,2026-07-26T23:15:00+0200,44785.146937,MW,DE,DE_LU,forecast_load,Forecasted Load,2026-08-09T22:55:36Z
2026-08-09T22:53:54Z,2026-08-10T00:53:54+0200,9f364823-fdf2-409d-8835-686a42d079dd,2026-07-26T21:30:00Z,2026-07-26T23:30:00+0200,44193.198106,MW,DE,DE_LU,forecast_load,Forecasted Load,2026-08-09T22:55:36Z
2026-08-09T22:53:54Z,2026-08-10T00:53:54+0200,9f364823-fdf2-409d-8835-686a42d079dd,2026-07-26T21:45:00Z,2026-07-26T23:45:00+0200,43839.822101,MW,DE,DE_LU,forecast_load,Forecasted Load,2026-08-09T22:55:36Z
2026-08-09T22:53:54Z,2026-08-10T00:53:54+0200,9f364823-fdf2-409d-8835-686a42d079dd,2026-07-26T22:00:00Z,2026-07-27T00:00:00+0200,42559.550765,MW,DE,DE_LU,forecast_load,Forecasted Load,2026-08-09T22:55:36Z
2026-08-09T22:53:54Z,2026-08-10T00:53:54+0200,9f364823-fdf2-409d-8835-686a42d079dd,2026-07-26T22:15:00Z,2026-07-27T00:15:00+0200,42078.294607,MW,DE,DE_LU,forecast_load,Forecasted Load,2026-08-09T22:55:36Z
2026-08-09T22:53:54Z,2026-08-10T00:53:54+0200,9f364823-fdf2-409d-8835-686a42d079dd,2026-07-26T22:30:00Z,2026-07-27T00:30:00+0200,41886.876627,MW,DE,DE_LU,forecast_load,Forecasted Load,2026-08-09T22:55:36Z
2026-08-09T22:53:54Z,2026-08-10T00:53:54+0200,9f364823-fdf2-409d-8835-686a42d079dd,2026-07-26T22:45:00Z,2026-07-27T00:45:00+0200,41569.602024,MW,DE,DE_LU,forecast_load,Forecasted Load,2026-08-09T22:55:36Z
2026-08-09T22:53:54Z,2026-08-10T00:53:54+0200,9f364823-fdf2-409d-8835-686a42d079dd,2026-07-26T23:00:00Z,2026-07-27T01:00:00+0200,41247.077522,MW,DE,DE_LU,forecast_load,Forecasted Load,2026-08-09T22:55:36Z
2026-08-09T22:53:54Z,2026-08-10T00:53:54+0200,9f364823-fdf2-409d-8835-686a42d079dd,2026-07-26T23:15:00Z,2026-07-27T01:15:00+0200,40955.807687,MW,DE,DE_LU,forecast_load,Forecasted Load,2026-08-09T22:55:36Z
2026-08-09T22:53:54Z,2026-08-10T00:53:54+0200,9f364823-fdf2-409d-8835-686a42d079dd,2026-07-26T23:30:00Z,2026-07-27T01:30:00+0200,40713.584719,MW,DE,DE_LU,forecast_load,Forecasted Load,2026-08-09T22:55:36Z
2026-08-09T22:53:54Z,2026-08-10T00:53:54+0200,9f364823-fdf2-409d-8835-686a42d079dd,2026-07-26T23:45:00Z,2026-07-27T01:45:00+0200,40407.326199,MW,DE,DE_LU,forecast_load,Forecasted Load,2026-08-09T22:55:36Z
2026-08-09T22:53:54Z,2026-08-10T00:53:54+0200,9f364823-fdf2-409d-8835-686a42d079dd,2026-07-27T00:00:00Z,2026-07-27T02:00:00+0200,40292.63893,MW,DE,DE_LU,forecast_load,Forecasted Load,2026-08-09T22:55:36Z
2026-08-09T22:53:54Z,2026-08-10T00:53:54+0200,9f364823-fdf2-409d-8835-686a42d079dd,2026-07-27T00:15:00Z,2026-07-27T02:15:00+0200,40165.818646,MW,DE,DE_LU,forecast_load,Forecasted Load,2026-08-09T22:55:36Z
2026-08-09T22:53:54Z,2026-08-10T00:53:54+0200,9f364823-fdf2-409d-8835-686a42d079dd,2026-07-27T00:30:00Z,2026-07-27T02:30:00+0200,40060.066557,MW,DE,DE_LU,forecast_load,Forecasted Load,2026-08-09T22:55:36Z
2026-08-09T22:53:54Z,2026-08-10T00:53:54+0200,9f364823-fdf2-409d-8835-686a42d079dd,2026-07-27T00:45:00Z,2026-07-27T02:45:00+0200,40044.127731,MW,DE,DE_LU,forecast_load,Forecasted Load,2026-08-09T22:55:36Z
2026-08-09T22:53:54Z,2026-08-10T00:53:54+0200,9f364823-fdf2-409d-8835-686a42d079dd,2026-07-27T01:00:00Z,2026-07-27T03:00:00+0200,40068.025679,MW,DE,DE_LU,forecast_load,Forecasted Load,2026-08-09T22:55:36Z
2026-08-09T22:53:54Z,2026-08-10T00:53:54+0200,9f364823-fdf2-409d-8835-686a42d079dd,2026-07-27T01:15:00Z,2026-07-27T03:15:00+0200,40037.022957,MW,DE,DE_LU,forecast_load,Forecasted Load,2026-08-09T22:55:36Z
2026-08-09T22:53:54Z,2026-08-10T00:53:54+0200,9f364823-fdf2-409d-8835-686a42d079dd,2026-07-27T01:30:00Z,2026-07-27T03:30:00+0200,40126.197587,MW,DE,DE_LU,forecast_load,Forecasted Load,2026-08-09T22:55:36Z
2026-08-09T22:53:54Z,2026-08-10T00:53:54+0200,9f364823-fdf2-409d-8835-686a42d079dd,2026-07-27T01:45:00Z,2026-07-27T03:45:00+0200,40347.725039,MW,DE,DE_LU,forecast_load,Forecasted Load,2026-08-09T22:55:36Z
2026-08-09T22:53:54Z,2026-08-10T00:53:54+0200,9f364823-fdf2-409d-8835-686a42d079dd,2026-07-27T02:00:00Z,2026-07-27T04:00:00+0200,40858.492031,MW,DE,DE_LU,forecast_load,Forecasted Load,2026-08-09T22:55:36Z
2026-08-09T22:53:54Z,2026-08-10T00:53:54+0200,9f364823-fdf2-409d-8835-686a42d079dd,2026-07-27T02:15:00Z,2026-07-27T04:15:00+0200,41016.211689,MW,DE,DE_LU,forecast_load,Forecasted Load,2026-08-09T22:55:36Z
2026-08-09T22:53:54Z,2026-08-10T00:53:54+0200,9f364823-fdf2-409d-8835-686a42d079dd,2026-07-27T02:30:00Z,2026-07-27T04:30:00+0200,41544.765702,MW,DE,DE_LU,forecast_load,Forecasted Load,2026-08-09T22:55:36Z
2026-08-09T22:53:54Z,2026-08-10T00:53:54+0200,9f364823-fdf2-409d-8835-686a42d079dd,2026-07-27T02:45:00Z,2026-07-27T04:45:00+0200,42197.214546,MW,DE,DE_LU,forecast_load,Forecasted Load,2026-08-09T22:55:36Z
2026-08-09T22:53:54Z,2026-08-10T00:53:54+0200,9f364823-fdf2-409d-8835-686a42d079dd,2026-07-27T03:00:00Z,2026-07-27T05:00:00+0200,43546.476857,MW,DE,DE_LU,forecast_load,Forecasted Load,2026-08-09T22:55:36Z
2026-08-09T22:53:54Z,2026-08-10T00:53:54+0200,9f364823-fdf2-409d-8835-686a42d079dd,2026-07-27T03:15:00Z,2026-07-27T05:15:00+0200,44215.351038,MW,DE,DE_LU,forecast_load,Forecasted Load,2026-08-09T22:55:36Z
2026-08-09T22:53:54Z,2026-08-10T00:53:54+0200,9f364823-fdf2-409d-8835-686a42d079dd,2026-07-27T03:30:00Z,2026-07-27T05:30:00+0200,46313.284194,MW,DE,DE_LU,forecast_load,Forecasted Load,2026-08-09T22:55:36Z
2026-08-09T22:53:54Z,2026-08-10T00:53:54+0200,9f364823-fdf2-409d-8835-686a42d079dd,2026-07-27T03:45:00Z,2026-07-27T05:45:00+0200,47458.749196,MW,DE,DE_LU,forecast_load,Forecasted Load,2026-08-09T22:55:36Z
2026-08-09T22:53:54Z,2026-08-10T00:53:54+0200,9f364823-fdf2-409d-8835-686a42d079dd,2026-07-27T04:00:00Z,2026-07-27T06:00:00+0200,50086.114956,MW,DE,DE_LU,forecast_load,Forecasted Load,2026-08-09T22:55:36Z
2026-08-09T22:53:54Z,2026-08-10T00:53:54+0200,9f364823-fdf2-409d-8835-686a42d079dd,2026-07-27T04:15:00Z,2026-07-27T06:15:00+0200,51267.139495,MW,DE,DE_LU,forecast_load,Forecasted Load,2026-08-09T22:55:36Z
2026-08-09T22:53:54Z,2026-08-10T00:53:54+0200,9f364823-fdf2-409d-8835-686a42d079dd,2026-07-27T04:30:00Z,2026-07-27T06:30:00+0200,52960.544139,MW,DE,DE_LU,forecast_load,Forecasted Load,2026-08-09T22:55:36Z
2026-08-09T22:53:54Z,2026-08-10T00:53:54+0200,9f364823-fdf2-409d-8835-686a42d079dd,2026-07-27T04:45:00Z,2026-07-27T06:45:00+0200,54384.692696,MW,DE,DE_LU,forecast_load,Forecasted Load,2026-08-09T22:55:36Z
2026-08-09T22:53:54Z,2026-08-10T00:53:54+0200,9f364823-fdf2-409d-8835-686a42d079dd,2026-07-27T05:00:00Z,2026-07-27T07:00:00+0200,55864.08008,MW,DE,DE_LU,forecast_load,Forecasted Load,2026-08-09T22:55:36Z
2026-08-09T22:53:54Z,2026-08-10T00:53:54+0200,9f364823-fdf2-409d-8835-686a42d079dd,2026-07-27T05:15:00Z,2026-07-27T07:15:00+0200,57121.009611,MW,DE,DE_LU,forecast_load,Forecasted Load,2026-08-09T22:55:36Z
2026-08-09T22:53:54Z,2026-08-10T00:53:54+0200,9f364823-fdf2-409d-8835-686a42d079dd,2026-07-27T05:30:00Z,2026-07-27T07:30:00+0200,58535.262775,MW,DE,DE_LU,forecast_load,Forecasted Load,2026-08-09T22:55:36Z
2026-08-09T22:53:54Z,2026-08-10T00:53:54+0200,9f364823-fdf2-409d-8835-686a42d079dd,2026-07-27T05:45:00Z,2026-07-27T07:45:00+0200,59398.556797,MW,DE,DE_LU,forecast_load,Forecasted Load,2026-08-09T22:55:36Z
2026-08-09T22:53:54Z,2026-08-10T00:53:54+0200,9f364823-fdf2-409d-8835-686a42d079dd,2026-07-27T06:00:00Z,2026-07-27T08:00:00+0200,59908.365599,MW,DE,DE_LU,forecast_load,Forecasted Load,2026-08-09T22:55:36Z
2026-08-09T22:53:54Z,2026-08-10T00:53:54+0200,9f364823-fdf2-409d-8835-686a42d079dd,2026-07-27T06:15:00Z,2026-07-27T08:15:00+0200,60537.332171,MW,DE,DE_LU,forecast_load,Forecasted Load,2026-08-09T22:55:36Z
2026-08-09T22:53:54Z,2026-08-10T00:53:54+0200,9f364823-fdf2-409d-8835-686a42d079dd,2026-07-27T06:30:00Z,2026-07-27T08:30:00+0200,60846.345029,MW,DE,DE_LU,forecast_load,Forecasted Load,2026-08-09T22:55:36Z
2026-08-09T22:53:54Z,2026-08-10T00:53:54+0200,9f364823-fdf2-409d-8835-686a42d079dd,2026-07-27T06:45:00Z,2026-07-27T08:45:00+0200,61279.941277,MW,DE,DE_LU,forecast_load,Forecasted Load,2026-08-09T22:55:36Z
2026-08-09T22:53:54Z,2026-08-10T00:53:54+0200,9f364823-fdf2-409d-8835-686a42d079dd,2026-07-27T07:00:00Z,2026-07-27T09:00:00+0200,61114.022716,MW,DE,DE_LU,forecast_load,Forecasted Load,2026-08-09T22:55:36Z
2026-08-09T22:53:54Z,2026-08-10T00:53:54+0200,9f364823-fdf2-409d-8835-686a42d079dd,2026-07-27T07:15:00Z,2026-07-27T09:15:00+0200,61173.384212,MW,DE,DE_LU,forecast_load,Forecasted Load,2026-08-09T22:55:36Z
2026-08-09T22:53:54Z,2026-08-10T00:53:54+0200,9f364823-fdf2-409d-8835-686a42d079dd,2026-07-27T07:30:00Z,2026-07-27T09:30:00+0200,61574.699655,MW,DE,DE_LU,forecast_load,Forecasted Load,2026-08-09T22:55:36Z
2026-08-09T22:53:54Z,2026-08-10T00:53:54+0200,9f364823-fdf2-409d-8835-686a42d079dd,2026-07-27T07:45:00Z,2026-07-27T09:45:00+0200,61457.019071,MW,DE,DE_LU,forecast_load,Forecasted Load,2026-08-09T22:55:36Z
2026-08-09T22:53:54Z,2026-08-10T00:53:54+0200,9f364823-fdf2-409d-8835-686a42d079dd,2026-07-27T08:00:00Z,2026-07-27T10:00:00+0200,61247.495565,MW,DE,DE_LU,forecast_load,Forecasted Load,2026-08-09T22:55:36Z
2026-08-09T22:53:54Z,2026-08-10T00:53:54+0200,9f364823-fdf2-409d-8835-686a42d079dd,2026-07-27T08:15:00Z,2026-07-27T10:15:00+0200,60993.985326,MW,DE,DE_LU,forecast_load,Forecasted Load,2026-08-09T22:55:36Z
2026-08-09T22:53:54Z,2026-08-10T00:53:54+0200,9f364823-fdf2-409d-8835-686a42d079dd,2026-07-27T08:30:00Z,2026-07-27T10:30:00+0200,60826.15618,MW,DE,DE_LU,forecast_load,Forecasted Load,2026-08-09T22:55:36Z
2026-08-09T22:53:54Z,2026-08-10T00:53:54+0200,9f364823-fdf2-409d-8835-686a42d079dd,2026-07-27T08:45:00Z,2026-07-27T10:45:00+0200,60855.354222,MW,DE,DE_LU,forecast_load,Forecasted Load,2026-08-09T22:55:36Z
2026-08-09T22:53:54Z,2026-08-10T00:53:54+0200,9f364823-fdf2-409d-8835-686a42d079dd,2026-07-27T09:00:00Z,2026-07-27T11:00:00+0200,60878.267927,MW,DE,DE_LU,forecast_load,Forecasted Load,2026-08-09T22:55:36Z
2026-08-09T22:53:54Z,2026-08-10T00:53:54+0200,9f364823-fdf2-409d-8835-686a42d079dd,2026-07-27T09:15:00Z,2026-07-27T11:15:00+0200,61061.06918,MW,DE,DE_LU,forecast_load,Forecasted Load,2026-08-09T22:55:36Z
2026-08-09T22:53:54Z,2026-08-10T00:53:54+0200,9f364823-fdf2-409d-8835-686a42d079dd,2026-07-27T09:30:00Z,2026-07-27T11:30:00+0200,61032.925786,MW,DE,DE_LU,forecast_load,Forecasted Load,2026-08-09T22:55:36Z
2026-08-09T22:53:54Z,2026-08-10T00:53:54+0200,9f364823-fdf2-409d-8835-686a42d079dd,2026-07-27T09:45:00Z,2026-07-27T11:45:00+0200,61093.57036,MW,DE,DE_LU,forecast_load,Forecasted Load,2026-08-09T22:55:36Z
2026-08-09T22:53:54Z,2026-08-10T00:53:54+0200,9f364823-fdf2-409d-8835-686a42d079dd,2026-07-27T10:00:00Z,2026-07-27T12:00:00+0200,60489.38321,MW,DE,DE_LU,forecast_load,Forecasted Load,2026-08-09T22:55:36Z
2026-08-09T22:53:54Z,2026-08-10T00:53:54+0200,9f364823-fdf2-409d-8835-686a42d079dd,2026-07-27T10:15:00Z,2026-07-27T12:15:00+0200,60037.982834,MW,DE,DE_LU,forecast_load,Forecasted Load,2026-08-09T22:55:36Z
2026-08-09T22:53:54Z,2026-08-10T00:53:54+0200,9f364823-fdf2-409d-8835-686a42d079dd,2026-07-27T10:30:00Z,2026-07-27T12:30:00+0200,59895.115205,MW,DE,DE_LU,forecast_load,Forecasted Load,2026-08-09T22:55:36Z
2026-08-09T22:53:54Z,2026-08-10T00:53:54+0200,9f364823-fdf2-409d-8835-686a42d079dd,2026-07-27T10:45:00Z,2026-07-27T12:45:00+0200,59690.882257,MW,DE,DE_LU,forecast_load,Forecasted Load,2026-08-09T22:55:36Z
2026-08-09T22:53:54Z,2026-08-10T00:53:54+0200,9f364823-fdf2-409d-8835-686a42d079dd,2026-07-27T11:00:00Z,2026-07-27T13:00:00+0200,59254.551807,MW,DE,DE_LU,forecast_load,Forecasted Load,2026-08-09T22:55:36Z
2026-08-09T22:53:54Z,2026-08-10T00:53:54+0200,9f364823-fdf2-409d-8835-686a42d079dd,2026-07-27T11:15:00Z,2026-07-27T13:15:00+0200,58988.515137,MW,DE,DE_LU,forecast_load,Forecasted Load,2026-08-09T22:55:36Z
2026-08-09T22:53:54Z,2026-08-10T00:53:54+0200,9f364823-fdf2-409d-8835-686a42d079dd,2026-07-27T11:30:00Z,2026-07-27T13:30:00+0200,58722.188632,MW,DE,DE_LU,forecast_load,Forecasted Load,2026-08-09T22:55:36Z
2026-08-09T22:53:54Z,2026-08-10T00:53:54+0200,9f364823-fdf2-409d-8835-686a42d079dd,2026-07-27T11:45:00Z,2026-07-27T13:45:00+0200,58606.055901,MW,DE,DE_LU,forecast_load,Forecasted Load,2026-08-09T22:55:36Z
2026-08-09T22:53:54Z,2026-08-10T00:53:54+0200,9f364823-fdf2-409d-8835-686a42d079dd,2026-07-27T12:00:00Z,2026-07-27T14:00:00+0200,58629.271002,MW,DE,DE_LU,forecast_load,Forecasted Load,2026-08-09T22:55:36Z
2026-08-09T22:53:54Z,2026-08-10T00:53:54+0200,9f364823-fdf2-409d-8835-686a42d079dd,2026-07-27T12:15:00Z,2026-07-27T14:15:00+0200,58589.475535,MW,DE,DE_LU,forecast_load,Forecasted Load,2026-08-09T22:55:36Z
2026-08-09T22:53:54Z,2026-08-10T00:53:54+0200,9f364823-fdf2-409d-8835-686a42d079dd,2026-07-27T12:30:00Z,2026-07-27T14:30:00+0200,58186.916475,MW,DE,DE_LU,forecast_load,Forecasted Load,2026-08-09T22:55:36Z
2026-08-09T22:53:54Z,2026-08-10T00:53:54+0200,9f364823-fdf2-409d-8835-686a42d079dd,2026-07-27T12:45:00Z,2026-07-27T14:45:00+0200,57931.632319,MW,DE,DE_LU,forecast_load,Forecasted Load,2026-08-09T22:55:36Z
2026-08-09T22:53:54Z,2026-08-10T00:53:54+0200,9f364823-fdf2-409d-8835-686a42d079dd,2026-07-27T13:00:00Z,2026-07-27T15:00:00+0200,58022.121943,MW,DE,DE_LU,forecast_load,Forecasted Load,2026-08-09T22:55:36Z
2026-08-09T22:53:54Z,2026-08-10T00:53:54+0200,9f364823-fdf2-409d-8835-686a42d079dd,2026-07-27T13:15:00Z,2026-07-27T15:15:00+0200,57490.208209,MW,DE,DE_LU,forecast_load,Forecasted Load,2026-08-09T22:55:36Z
2026-08-09T22:53:54Z,2026-08-10T00:53:54+0200,9f364823-fdf2-409d-8835-686a42d079dd,2026-07-27T13:30:00Z,2026-07-27T15:30:00+0200,57193.002186,MW,DE,DE_LU,forecast_load,Forecasted Load,2026-08-09T22:55:36Z
2026-08-09T22:53:54Z,2026-08-10T00:53:54+0200,9f364823-fdf2-409d-8835-686a42d079dd,2026-07-27T13:45:00Z,2026-07-27T15:45:00+0200,57055.358884,MW,DE,DE_LU,forecast_load,Forecasted Load,2026-08-09T22:55:36Z
2026-08-09T22:53:54Z,2026-08-10T00:53:54+0200,9f364823-fdf2-409d-8835-686a42d079dd,2026-07-27T14:00:00Z,2026-07-27T16:00:00+0200,57738.941225,MW,DE,DE_LU,forecast_load,Forecasted Load,2026-08-09T22:55:36Z
2026-08-09T22:53:54Z,2026-08-10T00:53:54+0200,9f364823-fdf2-409d-8835-686a42d079dd,2026-07-27T14:15:00Z,2026-07-27T16:15:00+0200,57724.954564,MW,DE,DE_LU,forecast_load,Forecasted Load,2026-08-09T22:55:36Z
2026-08-09T22:53:54Z,2026-08-10T00:53:54+0200,9f364823-fdf2-409d-8835-686a42d079dd,2026-07-27T14:30:00Z,2026-07-27T16:30:00+0200,58044.708279,MW,DE,DE_LU,forecast_load,Forecasted Load,2026-08-09T22:55:36Z
2026-08-09T22:53:54Z,2026-08-10T00:53:54+0200,9f364823-fdf2-409d-8835-686a42d079dd,2026-07-27T14:45:00Z,2026-07-27T16:45:00+0200,58051.745186,MW,DE,DE_LU,forecast_load,Forecasted Load,2026-08-09T22:55:36Z
2026-08-09T22:53:54Z,2026-08-10T00:53:54+0200,9f364823-fdf2-409d-8835-686a42d079dd,2026-07-27T15:00:00Z,2026-07-27T17:00:00+0200,58447.418005,MW,DE,DE_LU,forecast_load,Forecasted Load,2026-08-09T22:55:36Z
2026-08-09T22:53:54Z,2026-08-10T00:53:54+0200,9f364823-fdf2-409d-8835-686a42d079dd,2026-07-27T15:15:00Z,2026-07-27T17:15:00+0200,58433.919278,MW,DE,DE_LU,forecast_load,Forecasted Load,2026-08-09T22:55:36Z
2026-08-09T22:53:54Z,2026-08-10T00:53:54+0200,9f364823-fdf2-409d-8835-686a42d079dd,2026-07-27T15:30:00Z,2026-07-27T17:30:00+0200,58988.323089,MW,DE,DE_LU,forecast_load,Forecasted Load,2026-08-09T22:55:36Z
2026-08-09T22:53:54Z,2026-08-10T00:53:54+0200,9f364823-fdf2-409d-8835-686a42d079dd,2026-07-27T15:45:00Z,2026-07-27T17:45:00+0200,59313.217018,MW,DE,DE_LU,forecast_load,Forecasted Load,2026-08-09T22:55:36Z
2026-08-09T22:53:54Z,2026-08-10T00:53:54+0200,9f364823-fdf2-409d-8835-686a42d079dd,2026-07-27T16:00:00Z,2026-07-27T18:00:00+0200,59054.247622,MW,DE,DE_LU,forecast_load,Forecasted Load,2026-08-09T22:55:36Z
2026-08-09T22:53:54Z,2026-08-10T00:53:54+0200,9f364823-fdf2-409d-8835-686a42d079dd,2026-07-27T16:15:00Z,2026-07-27T18:15:00+0200,59036.380407,MW,DE,DE_LU,forecast_load,Forecasted Load,2026-08-09T22:55:36Z
2026-08-09T22:53:54Z,2026-08-10T00:53:54+0200,9f364823-fdf2-409d-8835-686a42d079dd,2026-07-27T16:30:00Z,2026-07-27T18:30:00+0200,58884.968941,MW,DE,DE_LU,forecast_load,Forecasted Load,2026-08-09T22:55:36Z
2026-08-09T22:53:54Z,2026-08-10T00:53:54+0200,9f364823-fdf2-409d-8835-686a42d079dd,2026-07-27T16:45:00Z,2026-07-27T18:45:00+0200,59119.411476,MW,DE,DE_LU,forecast_load,Forecasted Load,2026-08-09T22:55:36Z
2026-08-09T22:53:54Z,2026-08-10T00:53:54+0200,9f364823-fdf2-409d-8835-686a42d079dd,2026-07-27T17:00:00Z,2026-07-27T19:00:00+0200,59001.993598,MW,DE,DE_LU,forecast_load,Forecasted Load,2026-08-09T22:55:36Z
2026-08-09T22:53:54Z,2026-08-10T00:53:54+0200,9f364823-fdf2-409d-8835-686a42d079dd,2026-07-27T17:15:00Z,2026-07-27T19:15:00+0200,58683.120594,MW,DE,DE_LU,forecast_load,Forecasted Load,2026-08-09T22:55:36Z
2026-08-09T22:53:54Z,2026-08-10T00:53:54+0200,9f364823-fdf2-409d-8835-686a42d079dd,2026-07-27T17:30:00Z,2026-07-27T19:30:00+0200,58291.968482,MW,DE,DE_LU,forecast_load,Forecasted Load,2026-08-09T22:55:36Z
2026-08-09T22:53:54Z,2026-08-10T00:53:54+0200,9f364823-fdf2-409d-8835-686a42d079dd,2026-07-27T17:45:00Z,2026-07-27T19:45:00+0200,58151.068027,MW,DE,DE_LU,forecast_load,Forecasted Load,2026-08-09T22:55:36Z
2026-08-09T22:53:54Z,2026-08-10T00:53:54+0200,9f364823-fdf2-409d-8835-686a42d079dd,2026-07-27T18:00:00Z,2026-07-27T20:00:00+0200,57633.272025,MW,DE,DE_LU,forecast_load,Forecasted Load,2026-08-09T22:55:36Z
2026-08-09T22:53:54Z,2026-08-10T00:53:54+0200,9f364823-fdf2-409d-8835-686a42d079dd,2026-07-27T18:15:00Z,2026-07-27T20:15:00+0200,57053.455327,MW,DE,DE_LU,forecast_load,Forecasted Load,2026-08-09T22:55:36Z
2026-08-09T22:53:54Z,2026-08-10T00:53:54+0200,9f364823-fdf2-409d-8835-686a42d079dd,2026-07-27T18:30:00Z,2026-07-27T20:30:00+0200,56492.866772,MW,DE,DE_LU,forecast_load,Forecasted Load,2026-08-09T22:55:36Z
2026-08-09T22:53:54Z,2026-08-10T00:53:54+0200,9f364823-fdf2-409d-8835-686a42d079dd,2026-07-27T18:45:00Z,2026-07-27T20:45:00+0200,55978.58814,MW,DE,DE_LU,forecast_load,Forecasted Load,2026-08-09T22:55:36Z
2026-08-09T22:53:54Z,2026-08-10T00:53:54+0200,9f364823-fdf2-409d-8835-686a42d079dd,2026-07-27T19:00:00Z,2026-07-27T21:00:00+0200,55276.649904,MW,DE,DE_LU,forecast_load,Forecasted Load,2026-08-09T22:55:36Z
2026-08-09T22:53:54Z,2026-08-10T00:53:54+0200,9f364823-fdf2-409d-8835-686a42d079dd,2026-07-27T19:15:00Z,2026-07-27T21:15:00+0200,54592.349374,MW,DE,DE_LU,forecast_load,Forecasted Load,2026-08-09T22:55:36Z
2026-08-09T22:53:54Z,2026-08-10T00:53:54+0200,9f364823-fdf2-409d-8835-686a42d079dd,2026-07-27T19:30:00Z,2026-07-27T21:30:00+0200,53953.144879,MW,DE,DE_LU,forecast_load,Forecasted Load,2026-08-09T22:55:36Z
2026-08-09T22:53:54Z,2026-08-10T00:53:54+0200,9f364823-fdf2-409d-8835-686a42d079dd,2026-07-27T19:45:00Z,2026-07-27T21:45:00+0200,53477.183455,MW,DE,DE_LU,forecast_load,Forecasted Load,2026-08-09T22:55:36Z
2026-08-09T22:53:54Z,2026-08-10T00:53:54+0200,9f364823-fdf2-409d-8835-686a42d079dd,2026-07-27T20:00:00Z,2026-07-27T22:00:00+0200,52336.970468,MW,DE,DE_LU,forecast_load,Forecasted Load,2026-08-09T22:55:36Z
2026-08-09T22:53:54Z,2026-08-10T00:53:54+0200,9f364823-fdf2-409d-8835-686a42d079dd,2026-07-27T20:15:00Z,2026-07-27T22:15:00+0200,51467.184688,MW,DE,DE_LU,forecast_load,Forecasted Load,2026-08-09T22:55:36Z
2026-08-09T22:53:54Z,2026-08-10T00:53:54+0200,9f364823-fdf2-409d-8835-686a42d079dd,2026-07-27T20:30:00Z,2026-07-27T22:30:00+0200,50582.498036,MW,DE,DE_LU,forecast_load,Forecasted Load,2026-08-09T22:55:36Z
2026-08-09T22:53:54Z,2026-08-10T00:53:54+0200,9f364823-fdf2-409d-8835-686a42d079dd,2026-07-27T20:45:00Z,2026-07-27T22:45:00+0200,49965.171966,MW,DE,DE_LU,forecast_load,Forecasted Load,2026-08-09T22:55:36Z
2026-08-09T22:53:54Z,2026-08-10T00:53:54+0200,9f364823-fdf2-409d-8835-686a42d079dd,2026-07-27T21:00:00Z,2026-07-27T23:00:00+0200,48887.13402,MW,DE,DE_LU,forecast_load,Forecasted Load,2026-08-09T22:55:36Z
2026-08-09T22:53:54Z,2026-08-10T00:53:54+0200,9f364823-fdf2-409d-8835-686a42d079dd,2026-07-27T21:15:00Z,2026-07-27T23:15:00+0200,48131.728501,MW,DE,DE_LU,forecast_load,Forecasted Load,2026-08-09T22:55:36Z
2026-08-09T22:53:54Z,2026-08-10T00:53:54+0200,9f364823-fdf2-409d-8835-686a42d079dd,2026-07-27T21:30:00Z,2026-07-27T23:30:00+0200,47612.1652,MW,DE,DE_LU,forecast_load,Forecasted Load,2026-08-09T22:55:36Z
2026-08-09T22:53:54Z,2026-08-10T00:53:54+0200,9f364823-fdf2-409d-8835-686a42d079dd,2026-07-27T21:45:00Z,2026-07-27T23:45:00+0200,47102.096664,MW,DE,DE_LU,forecast_load,Forecasted Load,2026-08-09T22:55:36Z
2026-08-09T22:53:54Z,2026-08-10T00:53:54+0200,9f364823-fdf2-409d-8835-686a42d079dd,2026-07-27T22:00:00Z,2026-07-28T00:00:00+0200,45892.328872,MW,DE,DE_LU,forecast_load,Forecasted Load,2026-08-09T22:55:36Z
2026-08-09T22:53:54Z,2026-08-10T00:53:54+0200,9f364823-fdf2-409d-8835-686a42d079dd,2026-07-27T22:15:00Z,2026-07-28T00:15:00+0200,45335.286173,MW,DE,DE_LU,forecast_load,Forecasted Load,2026-08-09T22:55:36Z
2026-08-09T22:53:54Z,2026-08-10T00:53:54+0200,9f364823-fdf2-409d-8835-686a42d079dd,2026-07-27T22:30:00Z,2026-07-28T00:30:00+0200,44880.873193,MW,DE,DE_LU,forecast_load,Forecasted Load,2026-08-09T22:55:36Z
2026-08-09T22:53:54Z,2026-08-10T00:53:54+0200,9f364823-fdf2-409d-8835-686a42d079dd,2026-07-27T22:45:00Z,2026-07-28T00:45:00+0200,44402.809843,MW,DE,DE_LU,forecast_load,Forecasted Load,2026-08-09T22:55:36Z
2026-08-09T22:53:54Z,2026-08-10T00:53:54+0200,9f364823-fdf2-409d-8835-686a42d079dd,2026-07-27T23:00:00Z,2026-07-28T01:00:00+0200,43945.872679,MW,DE,DE_LU,forecast_load,Forecasted Load,2026-08-09T22:55:36Z
2026-08-09T22:53:54Z,2026-08-10T00:53:54+0200,9f364823-fdf2-409d-8835-686a42d079dd,2026-07-27T23:15:00Z,2026-07-28T01:15:00+0200,43546.426456,MW,DE,DE_LU,forecast_load,Forecasted Load,2026-08-09T22:55:36Z
2026-08-09T22:53:54Z,2026-08-10T00:53:54+0200,9f364823-fdf2-409d-8835-686a42d079dd,2026-07-27T23:30:00Z,2026-07-28T01:30:00+0200,43259.162437,MW,DE,DE_LU,forecast_load,Forecasted Load,2026-08-09T22:55:36Z
2026-08-09T22:53:54Z,2026-08-10T00:53:54+0200,9f364823-fdf2-409d-8835-686a42d079dd,2026-07-27T23:45:00Z,2026-07-28T01:45:00+0200,43025.465265,MW,DE,DE_LU,forecast_load,Forecasted Load,2026-08-09T22:55:36Z
2026-08-09T22:53:54Z,2026-08-10T00:53:54+0200,9f364823-fdf2-409d-8835-686a42d079dd,2026-07-28T00:00:00Z,2026-07-28T02:00:00+0200,42865.208288,MW,DE,DE_LU,forecast_load,Forecasted Load,2026-08-09T22:55:36Z
2026-08-09T22:53:54Z,2026-08-10T00:53:54+0200,9f364823-fdf2-409d-8835-686a42d079dd,2026-07-28T00:15:00Z,2026-07-28T02:15:00+0200,42775.266385,MW,DE,DE_LU,forecast_load,Forecasted Load,2026-08-09T22:55:36Z
2026-08-09T22:53:54Z,2026-08-10T00:53:54+0200,9f364823-fdf2-409d-8835-686a42d079dd,2026-07-28T00:30:00Z,2026-07-28T02:30:00+0200,42685.946776,MW,DE,DE_LU,forecast_load,Forecasted Load,2026-08-09T22:55:36Z
2026-08-09T22:53:54Z,2026-08-10T00:53:54+0200,9f364823-fdf2-409d-8835-686a42d079dd,2026-07-28T00:45:00Z,2026-07-28T02:45:00+0200,42728.683642,MW,DE,DE_LU,forecast_load,Forecasted Load,2026-08-09T22:55:36Z
2026-08-09T22:53:54Z,2026-08-10T00:53:54+0200,9f364823-fdf2-409d-8835-686a42d079dd,2026-07-28T01:00:00Z,2026-07-28T03:00:00+0200,42704.476898,MW,DE,DE_LU,forecast_load,Forecasted Load,2026-08-09T22:55:36Z
2026-08-09T22:53:54Z,2026-08-10T00:53:54+0200,9f364823-fdf2-409d-8835-686a42d079dd,2026-07-28T01:15:00Z,2026-07-28T03:15:00+0200,42794.714987,MW,DE,DE_LU,forecast_load,Forecasted Load,2026-08-09T22:55:36Z
2026-08-09T22:53:54Z,2026-08-10T00:53:54+0200,9f364823-fdf2-409d-8835-686a42d079dd,2026-07-28T01:30:00Z,2026-07-28T03:30:00+0200,42782.46423,MW,DE,DE_LU,forecast_load,Forecasted Load,2026-08-09T22:55:36Z
2026-08-09T22:53:54Z,2026-08-10T00:53:54+0200,9f364823-fdf2-409d-8835-686a42d079dd,2026-07-28T01:45:00Z,2026-07-28T03:45:00+0200,42885.032056,MW,DE,DE_LU,forecast_load,Forecasted Load,2026-08-09T22:55:36Z
2026-08-09T22:53:54Z,2026-08-10T00:53:54+0200,9f364823-fdf2-409d-8835-686a42d079dd,2026-07-28T02:00:00Z,2026-07-28T04:00:00+0200,43157.284242,MW,DE,DE_LU,forecast_load,Forecasted Load,2026-08-09T22:55:36Z
2026-08-09T22:53:54Z,2026-08-10T00:53:54+0200,9f364823-fdf2-409d-8835-686a42d079dd,2026-07-28T02:15:00Z,2026-07-28T04:15:00+0200,43346.93275,MW,DE,DE_LU,forecast_load,Forecasted Load,2026-08-09T22:55:36Z
2026-08-09T22:53:54Z,2026-08-10T00:53:54+0200,9f364823-fdf2-409d-8835-686a42d079dd,2026-07-28T02:30:00Z,2026-07-28T04:30:00+0200,43782.580405,MW,DE,DE_LU,forecast_load,Forecasted Load,2026-08-09T22:55:36Z
2026-08-09T22:53:54Z,2026-08-10T00:53:54+0200,9f364823-fdf2-409d-8835-686a42d079dd,2026-07-28T02:45:00Z,2026-07-28T04:45:00+0200,44254.908575,MW,DE,DE_LU,forecast_load,Forecasted Load,2026-08-09T22:55:36Z
2026-08-09T22:53:54Z,2026-08-10T00:53:54+0200,9f364823-fdf2-409d-8835-686a42d079dd,2026-07-28T03:00:00Z,2026-07-28T05:00:00+0200,45418.782405,MW,DE,DE_LU,forecast_load,Forecasted Load,2026-08-09T22:55:36Z
2026-08-09T22:53:54Z,2026-08-10T00:53:54+0200,9f364823-fdf2-409d-8835-686a42d079dd,2026-07-28T03:15:00Z,2026-07-28T05:15:00+0200,46100.926003,MW,DE,DE_LU,forecast_load,Forecasted Load,2026-08-09T22:55:36Z
2026-08-09T22:53:54Z,2026-08-10T00:53:54+0200,9f364823-fdf2-409d-8835-686a42d079dd,2026-07-28T03:30:00Z,2026-07-28T05:30:00+0200,46302.241236,MW,DE,DE_LU,forecast_load,Forecasted Load,2026-08-09T22:55:36Z
2026-08-09T22:53:54Z,2026-08-10T00:53:54+0200,9f364823-fdf2-409d-8835-686a42d079dd,2026-07-28T03:45:00Z,2026-07-28T05:45:00+0200,47296.01181,MW,DE,DE_LU,forecast_load,Forecasted Load,2026-08-09T22:55:36Z
2026-08-09T22:53:54Z,2026-08-10T00:53:54+0200,9f364823-fdf2-409d-8835-686a42d079dd,2026-07-28T04:00:00Z,2026-07-28T06:00:00+0200,49476.003168,MW,DE,DE_LU,forecast_load,Forecasted Load,2026-08-09T22:55:36Z
2026-08-09T22:53:54Z,2026-08-10T00:53:54+0200,9f364823-fdf2-409d-8835-686a42d079dd,2026-07-28T04:15:00Z,2026-07-28T06:15:00+0200,50903.755081,MW,DE,DE_LU,forecast_load,Forecasted Load,2026-08-09T22:55:36Z
2026-08-09T22:53:54Z,2026-08-10T00:53:54+0200,9f364823-fdf2-409d-8835-686a42d079dd,2026-07-28T04:30:00Z,2026-07-28T06:30:00+0200,52105.010232,MW,DE,DE_LU,forecast_load,Forecasted Load,2026-08-09T22:55:36Z
2026-08-09T22:53:54Z,2026-08-10T00:53:54+0200,9f364823-fdf2-409d-8835-686a42d079dd,2026-07-28T04:45:00Z,2026-07-28T06:45:00+0200,53202.799882,MW,DE,DE_LU,forecast_load,Forecasted Load,2026-08-09T22:55:36Z
2026-08-09T22:53:54Z,2026-08-10T00:53:54+0200,9f364823-fdf2-409d-8835-686a42d079dd,2026-07-28T05:00:00Z,2026-07-28T07:00:00+0200,54336.867585,MW,DE,DE_LU,forecast_load,Forecasted Load,2026-08-09T22:55:36Z
2026-08-09T22:53:54Z,2026-08-10T00:53:54+0200,9f364823-fdf2-409d-8835-686a42d079dd,2026-07-28T05:15:00Z,2026-07-28T07:15:00+0200,55446.175629,MW,DE,DE_LU,forecast_load,Forecasted Load,2026-08-09T22:55:36Z
2026-08-09T22:53:54Z,2026-08-10T00:53:54+0200,9f364823-fdf2-409d-8835-686a42d079dd,2026-07-28T05:30:00Z,2026-07-28T07:30:00+0200,56639.200043,MW,DE,DE_LU,forecast_load,Forecasted Load,2026-08-09T22:55:36Z
2026-08-09T22:53:54Z,2026-08-10T00:53:54+0200,9f364823-fdf2-409d-8835-686a42d079dd,2026-07-28T05:45:00Z,2026-07-28T07:45:00+0200,57659.725097,MW,DE,DE_LU,forecast_load,Forecasted Load,2026-08-09T22:55:36Z
2026-08-09T22:53:54Z,2026-08-10T00:53:54+0200,9f364823-fdf2-409d-8835-686a42d079dd,2026-07-28T06:00:00Z,2026-07-28T08:00:00+0200,58087.496021,MW,DE,DE_LU,forecast_load,Forecasted Load,2026-08-09T22:55:36Z
2026-08-09T22:53:54Z,2026-08-10T00:53:54+0200,9f364823-fdf2-409d-8835-686a42d079dd,2026-07-28T06:15:00Z,2026-07-28T08:15:00+0200,58455.800959,MW,DE,DE_LU,forecast_load,Forecasted Load,2026-08-09T22:55:36Z
2026-08-09T22:53:54Z,2026-08-10T00:53:54+0200,9f364823-fdf2-409d-8835-686a42d079dd,2026-07-28T06:30:00Z,2026-07-28T08:30:00+0200,58904.654992,MW,DE,DE_LU,forecast_load,Forecasted Load,2026-08-09T22:55:36Z
2026-08-09T22:53:54Z,2026-08-10T00:53:54+0200,9f364823-fdf2-409d-8835-686a42d079dd,2026-07-28T06:45:00Z,2026-07-28T08:45:00+0200,59313.547911,MW,DE,DE_LU,forecast_load,Forecasted Load,2026-08-09T22:55:36Z
2026-08-09T22:53:54Z,2026-08-10T00:53:54+0200,9f364823-fdf2-409d-8835-686a42d079dd,2026-07-28T07:00:00Z,2026-07-28T09:00:00+0200,58994.930175,MW,DE,DE_LU,forecast_load,Forecasted Load,2026-08-09T22:55:36Z
2026-08-09T22:53:54Z,2026-08-10T00:53:54+0200,9f364823-fdf2-409d-8835-686a42d079dd,2026-07-28T07:15:00Z,2026-07-28T09:15:00+0200,58823.286449,MW,DE,DE_LU,forecast_load,Forecasted Load,2026-08-09T22:55:36Z
2026-08-09T22:53:54Z,2026-08-10T00:53:54+0200,9f364823-fdf2-409d-8835-686a42d079dd,2026-07-28T07:30:00Z,2026-07-28T09:30:00+0200,59261.590321,MW,DE,DE_LU,forecast_load,Forecasted Load,2026-08-09T22:55:36Z
2026-08-09T22:53:54Z,2026-08-10T00:53:54+0200,9f364823-fdf2-409d-8835-686a42d079dd,2026-07-28T07:45:00Z,2026-07-28T09:45:00+0200,59106.704343,MW,DE,DE_LU,forecast_load,Forecasted Load,2026-08-09T22:55:36Z
2026-08-09T22:53:54Z,2026-08-10T00:53:54+0200,9f364823-fdf2-409d-8835-686a42d079dd,2026-07-28T08:00:00Z,2026-07-28T10:00:00+0200,59047.436728,MW,DE,DE_LU,forecast_load,Forecasted Load,2026-08-09T22:55:36Z
2026-08-09T22:53:54Z,2026-08-10T00:53:54+0200,9f364823-fdf2-409d-8835-686a42d079dd,2026-07-28T08:15:00Z,2026-07-28T10:15:00+0200,58866.36865,MW,DE,DE_LU,forecast_load,Forecasted Load,2026-08-09T22:55:36Z
2026-08-09T22:53:54Z,2026-08-10T00:53:54+0200,9f364823-fdf2-409d-8835-686a42d079dd,2026-07-28T08:30:00Z,2026-07-28T10:30:00+0200,58813.053542,MW,DE,DE_LU,forecast_load,Forecasted Load,2026-08-09T22:55:36Z
2026-08-09T22:53:54Z,2026-08-10T00:53:54+0200,9f364823-fdf2-409d-8835-686a42d079dd,2026-07-28T08:45:00Z,2026-07-28T10:45:00+0200,59049.507478,MW,DE,DE_LU,forecast_load,Forecasted Load,2026-08-09T22:55:36Z
2026-08-09T22:53:54Z,2026-08-10T00:53:54+0200,9f364823-fdf2-409d-8835-686a42d079dd,2026-07-28T09:00:00Z,2026-07-28T11:00:00+0200,58692.364645,MW,DE,DE_LU,forecast_load,Forecasted Load,2026-08-09T22:55:36Z
2026-08-09T22:53:54Z,2026-08-10T00:53:54+0200,9f364823-fdf2-409d-8835-686a42d079dd,2026-07-28T09:15:00Z,2026-07-28T11:15:00+0200,58444.223902,MW,DE,DE_LU,forecast_load,Forecasted Load,2026-08-09T22:55:36Z
2026-08-09T22:53:54Z,2026-08-10T00:53:54+0200,9f364823-fdf2-409d-8835-686a42d079dd,2026-07-28T09:30:00Z,2026-07-28T11:30:00+0200,58539.332179,MW,DE,DE_LU,forecast_load,Forecasted Load,2026-08-09T22:55:36Z
2026-08-09T22:53:54Z,2026-08-10T00:53:54+0200,9f364823-fdf2-409d-8835-686a42d079dd,2026-07-28T09:45:00Z,2026-07-28T11:45:00+0200,58342.064431,MW,DE,DE_LU,forecast_load,Forecasted Load,2026-08-09T22:55:36Z
2026-08-09T22:53:54Z,2026-08-10T00:53:54+0200,9f364823-fdf2-409d-8835-686a42d079dd,2026-07-28T10:00:00Z,2026-07-28T12:00:00+0200,57827.179943,MW,DE,DE_LU,forecast_load,Forecasted Load,2026-08-09T22:55:36Z
2026-08-09T22:53:54Z,2026-08-10T00:53:54+0200,9f364823-fdf2-409d-8835-686a42d079dd,2026-07-28T10:15:00Z,2026-07-28T12:15:00+0200,57344.129499,MW,DE,DE_LU,forecast_load,Forecasted Load,2026-08-09T22:55:36Z
2026-08-09T22:53:54Z,2026-08-10T00:53:54+0200,9f364823-fdf2-409d-8835-686a42d079dd,2026-07-28T10:30:00Z,2026-07-28T12:30:00+0200,57666.859484,MW,DE,DE_LU,forecast_load,Forecasted Load,2026-08-09T22:55:36Z
2026-08-09T22:53:54Z,2026-08-10T00:53:54+0200,9f364823-fdf2-409d-8835-686a42d079dd,2026-07-28T10:45:00Z,2026-07-28T12:45:00+0200,57502.039168,MW,DE,DE_LU,forecast_load,Forecasted Load,2026-08-09T22:55:36Z
2026-08-09T22:53:54Z,2026-08-10T00:53:54+0200,9f364823-fdf2-409d-8835-686a42d079dd,2026-07-28T11:00:00Z,2026-07-28T13:00:00+0200,56993.46152,MW,DE,DE_LU,forecast_load,Forecasted Load,2026-08-09T22:55:36Z
2026-08-09T22:53:54Z,2026-08-10T00:53:54+0200,9f364823-fdf2-409d-8835-686a42d079dd,2026-07-28T11:15:00Z,2026-07-28T13:15:00+0200,56898.878321,MW,DE,DE_LU,forecast_load,Forecasted Load,2026-08-09T22:55:36Z
2026-08-09T22:53:54Z,2026-08-10T00:53:54+0200,9f364823-fdf2-409d-8835-686a42d079dd,2026-07-28T11:30:00Z,2026-07-28T13:30:00+0200,56982.630026,MW,DE,DE_LU,forecast_load,Forecasted Load,2026-08-09T22:55:36Z
2026-08-09T22:53:54Z,2026-08-10T00:53:54+0200,9f364823-fdf2-409d-8835-686a42d079dd,2026-07-28T11:45:00Z,2026-07-28T13:45:00+0200,56723.412384,MW,DE,DE_LU,forecast_load,Forecasted Load,2026-08-09T22:55:36Z
2026-08-09T22:53:54Z,2026-08-10T00:53:54+0200,9f364823-fdf2-409d-8835-686a42d079dd,2026-07-28T12:00:00Z,2026-07-28T14:00:00+0200,56278.091203,MW,DE,DE_LU,forecast_load,Forecasted Load,2026-08-09T22:55:36Z
2026-08-09T22:53:54Z,2026-08-10T00:53:54+0200,9f364823-fdf2-409d-8835-686a42d079dd,2026-07-28T12:15:00Z,2026-07-28T14:15:00+0200,55893.251694,MW,DE,DE_LU,forecast_load,Forecasted Load,2026-08-09T22:55:36Z
2026-08-09T22:53:54Z,2026-08-10T00:53:54+0200,9f364823-fdf2-409d-8835-686a42d079dd,2026-07-28T12:30:00Z,2026-07-28T14:30:00+0200,55567.694191,MW,DE,DE_LU,forecast_load,Forecasted Load,2026-08-09T22:55:36Z
2026-08-09T22:53:54Z,2026-08-10T00:53:54+0200,9f364823-fdf2-409d-8835-686a42d079dd,2026-07-28T12:45:00Z,2026-07-28T14:45:00+0200,55402.664707,MW,DE,DE_LU,forecast_load,Forecasted Load,2026-08-09T22:55:36Z
2026-08-09T22:53:54Z,2026-08-10T00:53:54+0200,9f364823-fdf2-409d-8835-686a42d079dd,2026-07-28T13:00:00Z,2026-07-28T15:00:00+0200,55477.777272,MW,DE,DE_LU,forecast_load,Forecasted Load,2026-08-09T22:55:36Z
2026-08-09T22:53:54Z,2026-08-10T00:53:54+0200,9f364823-fdf2-409d-8835-686a42d079dd,2026-07-28T13:15:00Z,2026-07-28T15:15:00+0200,55561.234763,MW,DE,DE_LU,forecast_load,Forecasted Load,2026-08-09T22:55:36Z
2026-08-09T22:53:54Z,2026-08-10T00:53:54+0200,9f364823-fdf2-409d-8835-686a42d079dd,2026-07-28T13:30:00Z,2026-07-28T15:30:00+0200,54812.02421,MW,DE,DE_LU,forecast_load,Forecasted Load,2026-08-09T22:55:36Z
2026-08-09T22:53:54Z,2026-08-10T00:53:54+0200,9f364823-fdf2-409d-8835-686a42d079dd,2026-07-28T13:45:00Z,2026-07-28T15:45:00+0200,54490.786407,MW,DE,DE_LU,forecast_load,Forecasted Load,2026-08-09T22:55:36Z
2026-08-09T22:53:54Z,2026-08-10T00:53:54+0200,9f364823-fdf2-409d-8835-686a42d079dd,2026-07-28T14:00:00Z,2026-07-28T16:00:00+0200,55514.326285,MW,DE,DE_LU,forecast_load,Forecasted Load,2026-08-09T22:55:36Z
2026-08-09T22:53:54Z,2026-08-10T00:53:54+0200,9f364823-fdf2-409d-8835-686a42d079dd,2026-07-28T14:15:00Z,2026-07-28T16:15:00+0200,55460.613829,MW,DE,DE_LU,forecast_load,Forecasted Load,2026-08-09T22:55:36Z
2026-08-09T22:53:54Z,2026-08-10T00:53:54+0200,9f364823-fdf2-409d-8835-686a42d079dd,2026-07-28T14:30:00Z,2026-07-28T16:30:00+0200,55409.187674,MW,DE,DE_LU,forecast_load,Forecasted Load,2026-08-09T22:55:36Z
2026-08-09T22:53:54Z,2026-08-10T00:53:54+0200,9f364823-fdf2-409d-8835-686a42d079dd,2026-07-28T14:45:00Z,2026-07-28T16:45:00+0200,55480.806765,MW,DE,DE_LU,forecast_load,Forecasted Load,2026-08-09T22:55:36Z
2026-08-09T22:53:54Z,2026-08-10T00:53:54+0200,9f364823-fdf2-409d-8835-686a42d079dd,2026-07-28T15:00:00Z,2026-07-28T17:00:00+0200,56111.789363,MW,DE,DE_LU,forecast_load,Forecasted Load,2026-08-09T22:55:36Z
2026-08-09T22:53:54Z,2026-08-10T00:53:54+0200,9f364823-fdf2-409d-8835-686a42d079dd,2026-07-28T15:15:00Z,2026-07-28T17:15:00+0200,55819.951749,MW,DE,DE_LU,forecast_load,Forecasted Load,2026-08-09T22:55:36Z
2026-08-09T22:53:54Z,2026-08-10T00:53:54+0200,9f364823-fdf2-409d-8835-686a42d079dd,2026-07-28T15:30:00Z,2026-07-28T17:30:00+0200,56059.306045,MW,DE,DE_LU,forecast_load,Forecasted Load,2026-08-09T22:55:36Z
2026-08-09T22:53:54Z,2026-08-10T00:53:54+0200,9f364823-fdf2-409d-8835-686a42d079dd,2026-07-28T15:45:00Z,2026-07-28T17:45:00+0200,56295.620869,MW,DE,DE_LU,forecast_load,Forecasted Load,2026-08-09T22:55:36Z
2026-08-09T22:53:54Z,2026-08-10T00:53:54+0200,9f364823-fdf2-409d-8835-686a42d079dd,2026-07-28T16:00:00Z,2026-07-28T18:00:00+0200,56480.968452,MW,DE,DE_LU,forecast_load,Forecasted Load,2026-08-09T22:55:36Z
2026-08-09T22:53:54Z,2026-08-10T00:53:54+0200,9f364823-fdf2-409d-8835-686a42d079dd,2026-07-28T16:15:00Z,2026-07-28T18:15:00+0200,56482.485465,MW,DE,DE_LU,forecast_load,Forecasted Load,2026-08-09T22:55:36Z
2026-08-09T22:53:54Z,2026-08-10T00:53:54+0200,9f364823-fdf2-409d-8835-686a42d079dd,2026-07-28T16:30:00Z,2026-07-28T18:30:00+0200,56277.536232,MW,DE,DE_LU,forecast_load,Forecasted Load,2026-08-09T22:55:36Z
2026-08-09T22:53:54Z,2026-08-10T00:53:54+0200,9f364823-fdf2-409d-8835-686a42d079dd,2026-07-28T16:45:00Z,2026-07-28T18:45:00+0200,56271.073239,MW,DE,DE_LU,forecast_load,Forecasted Load,2026-08-09T22:55:36Z
2026-08-09T22:53:54Z,2026-08-10T00:53:54+0200,9f364823-fdf2-409d-8835-686a42d079dd,2026-07-28T17:00:00Z,2026-07-28T19:00:00+0200,56344.013389,MW,DE,DE_LU,forecast_load,Forecasted Load,2026-08-09T22:55:36Z
2026-08-09T22:53:54Z,2026-08-10T00:53:54+0200,9f364823-fdf2-409d-8835-686a42d079dd,2026-07-28T17:15:00Z,2026-07-28T19:15:00+0200,56126.360864,MW,DE,DE_LU,forecast_load,Forecasted Load,2026-08-09T22:55:36Z
2026-08-09T22:53:54Z,2026-08-10T00:53:54+0200,9f364823-fdf2-409d-8835-686a42d079dd,2026-07-28T17:30:00Z,2026-07-28T19:30:00+0200,55894.452018,MW,DE,DE_LU,forecast_load,Forecasted Load,2026-08-09T22:55:36Z
2026-08-09T22:53:54Z,2026-08-10T00:53:54+0200,9f364823-fdf2-409d-8835-686a42d079dd,2026-07-28T17:45:00Z,2026-07-28T19:45:00+0200,55800.536411,MW,DE,DE_LU,forecast_load,Forecasted Load,2026-08-09T22:55:36Z
2026-08-09T22:53:54Z,2026-08-10T00:53:54+0200,9f364823-fdf2-409d-8835-686a42d079dd,2026-07-28T18:00:00Z,2026-07-28T20:00:00+0200,55594.998885,MW,DE,DE_LU,forecast_load,Forecasted Load,2026-08-09T22:55:36Z
2026-08-09T22:53:54Z,2026-08-10T00:53:54+0200,9f364823-fdf2-409d-8835-686a42d079dd,2026-07-28T18:15:00Z,2026-07-28T20:15:00+0200,55266.975309,MW,DE,DE_LU,forecast_load,Forecasted Load,2026-08-09T22:55:36Z
2026-08-09T22:53:54Z,2026-08-10T00:53:54+0200,9f364823-fdf2-409d-8835-686a42d079dd,2026-07-28T18:30:00Z,2026-07-28T20:30:00+0200,54749.146853,MW,DE,DE_LU,forecast_load,Forecasted Load,2026-08-09T22:55:36Z
2026-08-09T22:53:54Z,2026-08-10T00:53:54+0200,9f364823-fdf2-409d-8835-686a42d079dd,2026-07-28T18:45:00Z,2026-07-28T20:45:00+0200,54287.986129,MW,DE,DE_LU,forecast_load,Forecasted Load,2026-08-09T22:55:36Z
2026-08-09T22:53:54Z,2026-08-10T00:53:54+0200,9f364823-fdf2-409d-8835-686a42d079dd,2026-07-28T19:00:00Z,2026-07-28T21:00:00+0200,53568.931924,MW,DE,DE_LU,forecast_load,Forecasted Load,2026-08-09T22:55:36Z
2026-08-09T22:53:54Z,2026-08-10T00:53:54+0200,9f364823-fdf2-409d-8835-686a42d079dd,2026-07-28T19:15:00Z,2026-07-28T21:15:00+0200,53149.3108,MW,DE,DE_LU,forecast_load,Forecasted Load,2026-08-09T22:55:36Z
2026-08-09T22:53:54Z,2026-08-10T00:53:54+0200,9f364823-fdf2-409d-8835-686a42d079dd,2026-07-28T19:30:00Z,2026-07-28T21:30:00+0200,52441.699314,MW,DE,DE_LU,forecast_load,Forecasted Load,2026-08-09T22:55:36Z
2026-08-09T22:53:54Z,2026-08-10T00:53:54+0200,9f364823-fdf2-409d-8835-686a42d079dd,2026-07-28T19:45:00Z,2026-07-28T21:45:00+0200,51875.554268,MW,DE,DE_LU,forecast_load,Forecasted Load,2026-08-09T22:55:36Z
2026-08-09T22:53:54Z,2026-08-10T00:53:54+0200,9f364823-fdf2-409d-8835-686a42d079dd,2026-07-28T20:00:00Z,2026-07-28T22:00:00+0200,50681.475419,MW,DE,DE_LU,forecast_load,Forecasted Load,2026-08-09T22:55:36Z
2026-08-09T22:53:54Z,2026-08-10T00:53:54+0200,9f364823-fdf2-409d-8835-686a42d079dd,2026-07-28T20:15:00Z,2026-07-28T22:15:00+0200,49614.515564,MW,DE,DE_LU,forecast_load,Forecasted Load,2026-08-09T22:55:36Z
2026-08-09T22:53:54Z,2026-08-10T00:53:54+0200,9f364823-fdf2-409d-8835-686a42d079dd,2026-07-28T20:30:00Z,2026-07-28T22:30:00+0200,48888.599601,MW,DE,DE_LU,forecast_load,Forecasted Load,2026-08-09T22:55:36Z
2026-08-09T22:53:54Z,2026-08-10T00:53:54+0200,9f364823-fdf2-409d-8835-686a42d079dd,2026-07-28T20:45:00Z,2026-07-28T22:45:00+0200,48206.061597,MW,DE,DE_LU,forecast_load,Forecasted Load,2026-08-09T22:55:36Z
2026-08-09T22:53:54Z,2026-08-10T00:53:54+0200,9f364823-fdf2-409d-8835-686a42d079dd,2026-07-28T21:00:00Z,2026-07-28T23:00:00+0200,47278.700818,MW,DE,DE_LU,forecast_load,Forecasted Load,2026-08-09T22:55:36Z
2026-08-09T22:53:54Z,2026-08-10T00:53:54+0200,9f364823-fdf2-409d-8835-686a42d079dd,2026-07-28T21:15:00Z,2026-07-28T23:15:00+0200,46503.107782,MW,DE,DE_LU,forecast_load,Forecasted Load,2026-08-09T22:55:36Z
2026-08-09T22:53:54Z,2026-08-10T00:53:54+0200,9f364823-fdf2-409d-8835-686a42d079dd,2026-07-28T21:30:00Z,2026-07-28T23:30:00+0200,45912.738127,MW,DE,DE_LU,forecast_load,Forecasted Load,2026-08-09T22:55:36Z
2026-08-09T22:53:54Z,2026-08-10T00:53:54+0200,9f364823-fdf2-409d-8835-686a42d079dd,2026-07-28T21:45:00Z,2026-07-28T23:45:00+0200,45402.512368,MW,DE,DE_LU,forecast_load,Forecasted Load,2026-08-09T22:55:36Z
2026-08-09T22:53:54Z,2026-08-10T00:53:54+0200,9f364823-fdf2-409d-8835-686a42d079dd,2026-07-28T22:00:00Z,2026-07-29T00:00:00+0200,44624.154503,MW,DE,DE_LU,forecast_load,Forecasted Load,2026-08-09T22:55:36Z
2026-08-09T22:53:54Z,2026-08-10T00:53:54+0200,9f364823-fdf2-409d-8835-686a42d079dd,2026-07-28T22:15:00Z,2026-07-29T00:15:00+0200,44013.429915,MW,DE,DE_LU,forecast_load,Forecasted Load,2026-08-09T22:55:36Z
2026-08-09T22:53:54Z,2026-08-10T00:53:54+0200,9f364823-fdf2-409d-8835-686a42d079dd,2026-07-28T22:30:00Z,2026-07-29T00:30:00+0200,43925.901492,MW,DE,DE_LU,forecast_load,Forecasted Load,2026-08-09T22:55:36Z
2026-08-09T22:53:54Z,2026-08-10T00:53:54+0200,9f364823-fdf2-409d-8835-686a42d079dd,2026-07-28T22:45:00Z,2026-07-29T00:45:00+0200,43381.56583,MW,DE,DE_LU,forecast_load,Forecasted Load,2026-08-09T22:55:36Z
2026-08-09T22:53:54Z,2026-08-10T00:53:54+0200,9f364823-fdf2-409d-8835-686a42d079dd,2026-07-28T23:00:00Z,2026-07-29T01:00:00+0200,43001.342382,MW,DE,DE_LU,forecast_load,Forecasted Load,2026-08-09T22:55:36Z
2026-08-09T22:53:54Z,2026-08-10T00:53:54+0200,9f364823-fdf2-409d-8835-686a42d079dd,2026-07-28T23:15:00Z,2026-07-29T01:15:00+0200,42566.287576,MW,DE,DE_LU,forecast_load,Forecasted Load,2026-08-09T22:55:36Z
2026-08-09T22:53:54Z,2026-08-10T00:53:54+0200,9f364823-fdf2-409d-8835-686a42d079dd,2026-07-28T23:30:00Z,2026-07-29T01:30:00+0200,42288.410572,MW,DE,DE_LU,forecast_load,Forecasted Load,2026-08-09T22:55:36Z
2026-08-09T22:53:54Z,2026-08-10T00:53:54+0200,9f364823-fdf2-409d-8835-686a42d079dd,2026-07-28T23:45:00Z,2026-07-29T01:45:00+0200,42143.114262,MW,DE,DE_LU,forecast_load,Forecasted Load,2026-08-09T22:55:36Z
2026-08-09T22:53:54Z,2026-08-10T00:53:54+0200,9f364823-fdf2-409d-8835-686a42d079dd,2026-07-29T00:00:00Z,2026-07-29T02:00:00+0200,41986.774408,MW,DE,DE_LU,forecast_load,Forecasted Load,2026-08-09T22:55:36Z
2026-08-09T22:53:54Z,2026-08-10T00:53:54+0200,9f364823-fdf2-409d-8835-686a42d079dd,2026-07-29T00:15:00Z,2026-07-29T02:15:00+0200,41773.729589,MW,DE,DE_LU,forecast_load,Forecasted Load,2026-08-09T22:55:36Z
2026-08-09T22:53:54Z,2026-08-10T00:53:54+0200,9f364823-fdf2-409d-8835-686a42d079dd,2026-07-29T00:30:00Z,2026-07-29T02:30:00+0200,41816.272925,MW,DE,DE_LU,forecast_load,Forecasted Load,2026-08-09T22:55:36Z
2026-08-09T22:53:54Z,2026-08-10T00:53:54+0200,9f364823-fdf2-409d-8835-686a42d079dd,2026-07-29T00:45:00Z,2026-07-29T02:45:00+0200,41627.186658,MW,DE,DE_LU,forecast_load,Forecasted Load,2026-08-09T22:55:36Z
2026-08-09T22:53:54Z,2026-08-10T00:53:54+0200,9f364823-fdf2-409d-8835-686a42d079dd,2026-07-29T01:00:00Z,2026-07-29T03:00:00+0200,41364.439153,MW,DE,DE_LU,forecast_load,Forecasted Load,2026-08-09T22:55:36Z
2026-08-09T22:53:54Z,2026-08-10T00:53:54+0200,9f364823-fdf2-409d-8835-686a42d079dd,2026-07-29T01:15:00Z,2026-07-29T03:15:00+0200,41256.315131,MW,DE,DE_LU,forecast_load,Forecasted Load,2026-08-09T22:55:36Z
2026-08-09T22:53:54Z,2026-08-10T00:53:54+0200,9f364823-fdf2-409d-8835-686a42d079dd,2026-07-29T01:30:00Z,2026-07-29T03:30:00+0200,41191.974213,MW,DE,DE_LU,forecast_load,Forecasted Load,2026-08-09T22:55:36Z
2026-08-09T22:53:54Z,2026-08-10T00:53:54+0200,9f364823-fdf2-409d-8835-686a42d079dd,2026-07-29T01:45:00Z,2026-07-29T03:45:00+0200,41682.797633,MW,DE,DE_LU,forecast_load,Forecasted Load,2026-08-09T22:55:36Z
2026-08-09T22:53:54Z,2026-08-10T00:53:54+0200,9f364823-fdf2-409d-8835-686a42d079dd,2026-07-29T02:00:00Z,2026-07-29T04:00:00+0200,42158.901288,MW,DE,DE_LU,forecast_load,Forecasted Load,2026-08-09T22:55:36Z
2026-08-09T22:53:54Z,2026-08-10T00:53:54+0200,9f364823-fdf2-409d-8835-686a42d079dd,2026-07-29T02:15:00Z,2026-07-29T04:15:00+0200,42654.407245,MW,DE,DE_LU,forecast_load,Forecasted Load,2026-08-09T22:55:36Z
2026-08-09T22:53:54Z,2026-08-10T00:53:54+0200,9f364823-fdf2-409d-8835-686a42d079dd,2026-07-29T02:30:00Z,2026-07-29T04:30:00+0200,43150.583603,MW,DE,DE_LU,forecast_load,Forecasted Load,2026-08-09T22:55:36Z
2026-08-09T22:53:54Z,2026-08-10T00:53:54+0200,9f364823-fdf2-409d-8835-686a42d079dd,2026-07-29T02:45:00Z,2026-07-29T04:45:00+0200,43984.440762,MW,DE,DE_LU,forecast_load,Forecasted Load,2026-08-09T22:55:36Z
2026-08-09T22:53:54Z,2026-08-10T00:53:54+0200,9f364823-fdf2-409d-8835-686a42d079dd,2026-07-29T03:00:00Z,2026-07-29T05:00:00+0200,45038.816354,MW,DE,DE_LU,forecast_load,Forecasted Load,2026-08-09T22:55:36Z
2026-08-09T22:53:54Z,2026-08-10T00:53:54+0200,9f364823-fdf2-409d-8835-686a42d079dd,2026-07-29T03:15:00Z,2026-07-29T05:15:00+0200,45550.790594,MW,DE,DE_LU,forecast_load,Forecasted Load,2026-08-09T22:55:36Z
2026-08-09T22:53:54Z,2026-08-10T00:53:54+0200,9f364823-fdf2-409d-8835-686a42d079dd,2026-07-29T03:30:00Z,2026-07-29T05:30:00+0200,46085.253088,MW,DE,DE_LU,forecast_load,Forecasted Load,2026-08-09T22:55:36Z
2026-08-09T22:53:54Z,2026-08-10T00:53:54+0200,9f364823-fdf2-409d-8835-686a42d079dd,2026-07-29T03:45:00Z,2026-07-29T05:45:00+0200,47461.757599,MW,DE,DE_LU,forecast_load,Forecasted Load,2026-08-09T22:55:36Z
2026-08-09T22:53:54Z,2026-08-10T00:53:54+0200,9f364823-fdf2-409d-8835-686a42d079dd,2026-07-29T04:00:00Z,2026-07-29T06:00:00+0200,49520.641979,MW,DE,DE_LU,forecast_load,Forecasted Load,2026-08-09T22:55:36Z
2026-08-09T22:53:54Z,2026-08-10T00:53:54+0200,9f364823-fdf2-409d-8835-686a42d079dd,2026-07-29T04:15:00Z,2026-07-29T06:15:00+0200,51272.67491,MW,DE,DE_LU,forecast_load,Forecasted Load,2026-08-09T22:55:36Z
2026-08-09T22:53:54Z,2026-08-10T00:53:54+0200,9f364823-fdf2-409d-8835-686a42d079dd,2026-07-29T04:30:00Z,2026-07-29T06:30:00+0200,52630.824456,MW,DE,DE_LU,forecast_load,Forecasted Load,2026-08-09T22:55:36Z
2026-08-09T22:53:54Z,2026-08-10T00:53:54+0200,9f364823-fdf2-409d-8835-686a42d079dd,2026-07-29T04:45:00Z,2026-07-29T06:45:00+0200,54161.908086,MW,DE,DE_LU,forecast_load,Forecasted Load,2026-08-09T22:55:36Z
2026-08-09T22:53:54Z,2026-08-10T00:53:54+0200,9f364823-fdf2-409d-8835-686a42d079dd,2026-07-29T05:00:00Z,2026-07-29T07:00:00+0200,55533.871501,MW,DE,DE_LU,forecast_load,Forecasted Load,2026-08-09T22:55:36Z
2026-08-09T22:53:54Z,2026-08-10T00:53:54+0200,9f364823-fdf2-409d-8835-686a42d079dd,2026-07-29T05:15:00Z,2026-07-29T07:15:00+0200,56859.713579,MW,DE,DE_LU,forecast_load,Forecasted Load,2026-08-09T22:55:36Z
2026-08-09T22:53:54Z,2026-08-10T00:53:54+0200,9f364823-fdf2-409d-8835-686a42d079dd,2026-07-29T05:30:00Z,2026-07-29T07:30:00+0200,58134.397995,MW,DE,DE_LU,forecast_load,Forecasted Load,2026-08-09T22:55:36Z
2026-08-09T22:53:54Z,2026-08-10T00:53:54+0200,9f364823-fdf2-409d-8835-686a42d079dd,2026-07-29T05:45:00Z,2026-07-29T07:45:00+0200,59067.695805,MW,DE,DE_LU,forecast_load,Forecasted Load,2026-08-09T22:55:36Z
2026-08-09T22:53:54Z,2026-08-10T00:53:54+0200,9f364823-fdf2-409d-8835-686a42d079dd,2026-07-29T06:00:00Z,2026-07-29T08:00:00+0200,59609.921462,MW,DE,DE_LU,forecast_load,Forecasted Load,2026-08-09T22:55:36Z
2026-08-09T22:53:54Z,2026-08-10T00:53:54+0200,9f364823-fdf2-409d-8835-686a42d079dd,2026-07-29T06:15:00Z,2026-07-29T08:15:00+0200,59902.435698,MW,DE,DE_LU,forecast_load,Forecasted Load,2026-08-09T22:55:36Z
2026-08-09T22:53:54Z,2026-08-10T00:53:54+0200,9f364823-fdf2-409d-8835-686a42d079dd,2026-07-29T06:30:00Z,2026-07-29T08:30:00+0200,60045.166786,MW,DE,DE_LU,forecast_load,Forecasted Load,2026-08-09T22:55:36Z
2026-08-09T22:53:54Z,2026-08-10T00:53:54+0200,9f364823-fdf2-409d-8835-686a42d079dd,2026-07-29T06:45:00Z,2026-07-29T08:45:00+0200,59928.264299,MW,DE,DE_LU,forecast_load,Forecasted Load,2026-08-09T22:55:36Z
2026-08-09T22:53:54Z,2026-08-10T00:53:54+0200,9f364823-fdf2-409d-8835-686a42d079dd,2026-07-29T07:00:00Z,2026-07-29T09:00:00+0200,60026.90232,MW,DE,DE_LU,forecast_load,Forecasted Load,2026-08-09T22:55:36Z
2026-08-09T22:53:54Z,2026-08-10T00:53:54+0200,9f364823-fdf2-409d-8835-686a42d079dd,2026-07-29T07:15:00Z,2026-07-29T09:15:00+0200,59738.747096,MW,DE,DE_LU,forecast_load,Forecasted Load,2026-08-09T22:55:36Z
2026-08-09T22:53:54Z,2026-08-10T00:53:54+0200,9f364823-fdf2-409d-8835-686a42d079dd,2026-07-29T07:30:00Z,2026-07-29T09:30:00+0200,60113.221471,MW,DE,DE_LU,forecast_load,Forecasted Load,2026-08-09T22:55:36Z
2026-08-09T22:53:54Z,2026-08-10T00:53:54+0200,9f364823-fdf2-409d-8835-686a42d079dd,2026-07-29T07:45:00Z,2026-07-29T09:45:00+0200,59787.615072,MW,DE,DE_LU,forecast_load,Forecasted Load,2026-08-09T22:55:36Z
2026-08-09T22:53:54Z,2026-08-10T00:53:54+0200,9f364823-fdf2-409d-8835-686a42d079dd,2026-07-29T08:00:00Z,2026-07-29T10:00:00+0200,59623.510029,MW,DE,DE_LU,forecast_load,Forecasted Load,2026-08-09T22:55:36Z
2026-08-09T22:53:54Z,2026-08-10T00:53:54+0200,9f364823-fdf2-409d-8835-686a42d079dd,2026-07-29T08:15:00Z,2026-07-29T10:15:00+0200,59962.270622,MW,DE,DE_LU,forecast_load,Forecasted Load,2026-08-09T22:55:36Z
2026-08-09T22:53:54Z,2026-08-10T00:53:54+0200,9f364823-fdf2-409d-8835-686a42d079dd,2026-07-29T08:30:00Z,2026-07-29T10:30:00+0200,59077.811943,MW,DE,DE_LU,forecast_load,Forecasted Load,2026-08-09T22:55:36Z
2026-08-09T22:53:54Z,2026-08-10T00:53:54+0200,9f364823-fdf2-409d-8835-686a42d079dd,2026-07-29T08:45:00Z,2026-07-29T10:45:00+0200,59325.510256,MW,DE,DE_LU,forecast_load,Forecasted Load,2026-08-09T22:55:36Z
2026-08-09T22:53:54Z,2026-08-10T00:53:54+0200,9f364823-fdf2-409d-8835-686a42d079dd,2026-07-29T09:00:00Z,2026-07-29T11:00:00+0200,59290.65736,MW,DE,DE_LU,forecast_load,Forecasted Load,2026-08-09T22:55:36Z
2026-08-09T22:53:54Z,2026-08-10T00:53:54+0200,9f364823-fdf2-409d-8835-686a42d079dd,2026-07-29T09:15:00Z,2026-07-29T11:15:00+0200,59212.433233,MW,DE,DE_LU,forecast_load,Forecasted Load,2026-08-09T22:55:36Z
2026-08-09T22:53:54Z,2026-08-10T00:53:54+0200,9f364823-fdf2-409d-8835-686a42d079dd,2026-07-29T09:30:00Z,2026-07-29T11:30:00+0200,58908.096684,MW,DE,DE_LU,forecast_load,Forecasted Load,2026-08-09T22:55:36Z
2026-08-09T22:53:54Z,2026-08-10T00:53:54+0200,9f364823-fdf2-409d-8835-686a42d079dd,2026-07-29T09:45:00Z,2026-07-29T11:45:00+0200,58741.500194,MW,DE,DE_LU,forecast_load,Forecasted Load,2026-08-09T22:55:36Z
2026-08-09T22:53:54Z,2026-08-10T00:53:54+0200,9f364823-fdf2-409d-8835-686a42d079dd,2026-07-29T10:00:00Z,2026-07-29T12:00:00+0200,57916.42649,MW,DE,DE_LU,forecast_load,Forecasted Load,2026-08-09T22:55:36Z
2026-08-09T22:53:54Z,2026-08-10T00:53:54+0200,9f364823-fdf2-409d-8835-686a42d079dd,2026-07-29T10:15:00Z,2026-07-29T12:15:00+0200,58059.557905,MW,DE,DE_LU,forecast_load,Forecasted Load,2026-08-09T22:55:36Z
2026-08-09T22:53:54Z,2026-08-10T00:53:54+0200,9f364823-fdf2-409d-8835-686a42d079dd,2026-07-29T10:30:00Z,2026-07-29T12:30:00+0200,58034.198547,MW,DE,DE_LU,forecast_load,Forecasted Load,2026-08-09T22:55:36Z
2026-08-09T22:53:54Z,2026-08-10T00:53:54+0200,9f364823-fdf2-409d-8835-686a42d079dd,2026-07-29T10:45:00Z,2026-07-29T12:45:00+0200,58512.290829,MW,DE,DE_LU,forecast_load,Forecasted Load,2026-08-09T22:55:36Z
2026-08-09T22:53:54Z,2026-08-10T00:53:54+0200,9f364823-fdf2-409d-8835-686a42d079dd,2026-07-29T11:00:00Z,2026-07-29T13:00:00+0200,56776.485754,MW,DE,DE_LU,forecast_load,Forecasted Load,2026-08-09T22:55:36Z
2026-08-09T22:53:54Z,2026-08-10T00:53:54+0200,9f364823-fdf2-409d-8835-686a42d079dd,2026-07-29T11:15:00Z,2026-07-29T13:15:00+0200,56656.547368,MW,DE,DE_LU,forecast_load,Forecasted Load,2026-08-09T22:55:36Z
2026-08-09T22:53:54Z,2026-08-10T00:53:54+0200,9f364823-fdf2-409d-8835-686a42d079dd,2026-07-29T11:30:00Z,2026-07-29T13:30:00+0200,56811.234831,MW,DE,DE_LU,forecast_load,Forecasted Load,2026-08-09T22:55:36Z
2026-08-09T22:53:54Z,2026-08-10T00:53:54+0200,9f364823-fdf2-409d-8835-686a42d079dd,2026-07-29T11:45:00Z,2026-07-29T13:45:00+0200,55891.920746,MW,DE,DE_LU,forecast_load,Forecasted Load,2026-08-09T22:55:36Z
2026-08-09T22:53:54Z,2026-08-10T00:53:54+0200,9f364823-fdf2-409d-8835-686a42d079dd,2026-07-29T12:00:00Z,2026-07-29T14:00:00+0200,56202.371632,MW,DE,DE_LU,forecast_load,Forecasted Load,2026-08-09T22:55:36Z
2026-08-09T22:53:54Z,2026-08-10T00:53:54+0200,9f364823-fdf2-409d-8835-686a42d079dd,2026-07-29T12:15:00Z,2026-07-29T14:15:00+0200,55283.785623,MW,DE,DE_LU,forecast_load,Forecasted Load,2026-08-09T22:55:36Z
2026-08-09T22:53:54Z,2026-08-10T00:53:54+0200,9f364823-fdf2-409d-8835-686a42d079dd,2026-07-29T12:30:00Z,2026-07-29T14:30:00+0200,55169.44413,MW,DE,DE_LU,forecast_load,Forecasted Load,2026-08-09T22:55:36Z
2026-08-09T22:53:54Z,2026-08-10T00:53:54+0200,9f364823-fdf2-409d-8835-686a42d079dd,2026-07-29T12:45:00Z,2026-07-29T14:45:00+0200,55059.49876,MW,DE,DE_LU,forecast_load,Forecasted Load,2026-08-09T22:55:36Z
2026-08-09T22:53:54Z,2026-08-10T00:53:54+0200,9f364823-fdf2-409d-8835-686a42d079dd,2026-07-29T13:00:00Z,2026-07-29T15:00:00+0200,55081.71466,MW,DE,DE_LU,forecast_load,Forecasted Load,2026-08-09T22:55:36Z
2026-08-09T22:53:54Z,2026-08-10T00:53:54+0200,9f364823-fdf2-409d-8835-686a42d079dd,2026-07-29T13:15:00Z,2026-07-29T15:15:00+0200,54099.162836,MW,DE,DE_LU,forecast_load,Forecasted Load,2026-08-09T22:55:36Z
2026-08-09T22:53:54Z,2026-08-10T00:53:54+0200,9f364823-fdf2-409d-8835-686a42d079dd,2026-07-29T13:30:00Z,2026-07-29T15:30:00+0200,54680.051417,MW,DE,DE_LU,forecast_load,Forecasted Load,2026-08-09T22:55:36Z
2026-08-09T22:53:54Z,2026-08-10T00:53:54+0200,9f364823-fdf2-409d-8835-686a42d079dd,2026-07-29T13:45:00Z,2026-07-29T15:45:00+0200,54318.322349,MW,DE,DE_LU,forecast_load,Forecasted Load,2026-08-09T22:55:36Z
2026-08-09T22:53:54Z,2026-08-10T00:53:54+0200,9f364823-fdf2-409d-8835-686a42d079dd,2026-07-29T14:00:00Z,2026-07-29T16:00:00+0200,55267.559007,MW,DE,DE_LU,forecast_load,Forecasted Load,2026-08-09T22:55:36Z
2026-08-09T22:53:54Z,2026-08-10T00:53:54+0200,9f364823-fdf2-409d-8835-686a42d079dd,2026-07-29T14:15:00Z,2026-07-29T16:15:00+0200,54849.055013,MW,DE,DE_LU,forecast_load,Forecasted Load,2026-08-09T22:55:36Z
2026-08-09T22:53:54Z,2026-08-10T00:53:54+0200,9f364823-fdf2-409d-8835-686a42d079dd,2026-07-29T14:30:00Z,2026-07-29T16:30:00+0200,55127.010157,MW,DE,DE_LU,forecast_load,Forecasted Load,2026-08-09T22:55:36Z
2026-08-09T22:53:54Z,2026-08-10T00:53:54+0200,9f364823-fdf2-409d-8835-686a42d079dd,2026-07-29T14:45:00Z,2026-07-29T16:45:00+0200,55387.312106,MW,DE,DE_LU,forecast_load,Forecasted Load,2026-08-09T22:55:36Z
2026-08-09T22:53:54Z,2026-08-10T00:53:54+0200,9f364823-fdf2-409d-8835-686a42d079dd,2026-07-29T15:00:00Z,2026-07-29T17:00:00+0200,55708.819028,MW,DE,DE_LU,forecast_load,Forecasted Load,2026-08-09T22:55:36Z
2026-08-09T22:53:54Z,2026-08-10T00:53:54+0200,9f364823-fdf2-409d-8835-686a42d079dd,2026-07-29T15:15:00Z,2026-07-29T17:15:00+0200,55673.57498,MW,DE,DE_LU,forecast_load,Forecasted Load,2026-08-09T22:55:36Z
2026-08-09T22:53:54Z,2026-08-10T00:53:54+0200,9f364823-fdf2-409d-8835-686a42d079dd,2026-07-29T15:30:00Z,2026-07-29T17:30:00+0200,55540.383842,MW,DE,DE_LU,forecast_load,Forecasted Load,2026-08-09T22:55:36Z
2026-08-09T22:53:54Z,2026-08-10T00:53:54+0200,9f364823-fdf2-409d-8835-686a42d079dd,2026-07-29T15:45:00Z,2026-07-29T17:45:00+0200,55587.853787,MW,DE,DE_LU,forecast_load,Forecasted Load,2026-08-09T22:55:36Z
2026-08-09T22:53:54Z,2026-08-10T00:53:54+0200,9f364823-fdf2-409d-8835-686a42d079dd,2026-07-29T16:00:00Z,2026-07-29T18:00:00+0200,55467.555235,MW,DE,DE_LU,forecast_load,Forecasted Load,2026-08-09T22:55:36Z
2026-08-09T22:53:54Z,2026-08-10T00:53:54+0200,9f364823-fdf2-409d-8835-686a42d079dd,2026-07-29T16:15:00Z,2026-07-29T18:15:00+0200,56023.343677,MW,DE,DE_LU,forecast_load,Forecasted Load,2026-08-09T22:55:36Z
2026-08-09T22:53:54Z,2026-08-10T00:53:54+0200,9f364823-fdf2-409d-8835-686a42d079dd,2026-07-29T16:30:00Z,2026-07-29T18:30:00+0200,56503.029954,MW,DE,DE_LU,forecast_load,Forecasted Load,2026-08-09T22:55:36Z
2026-08-09T22:53:54Z,2026-08-10T00:53:54+0200,9f364823-fdf2-409d-8835-686a42d079dd,2026-07-29T16:45:00Z,2026-07-29T18:45:00+0200,56517.303647,MW,DE,DE_LU,forecast_load,Forecasted Load,2026-08-09T22:55:36Z
2026-08-09T22:53:54Z,2026-08-10T00:53:54+0200,9f364823-fdf2-409d-8835-686a42d079dd,2026-07-29T17:00:00Z,2026-07-29T19:00:00+0200,56473.510119,MW,DE,DE_LU,forecast_load,Forecasted Load,2026-08-09T22:55:36Z
2026-08-09T22:53:54Z,2026-08-10T00:53:54+0200,9f364823-fdf2-409d-8835-686a42d079dd,2026-07-29T17:15:00Z,2026-07-29T19:15:00+0200,56795.54613,MW,DE,DE_LU,forecast_load,Forecasted Load,2026-08-09T22:55:36Z
2026-08-09T22:53:54Z,2026-08-10T00:53:54+0200,9f364823-fdf2-409d-8835-686a42d079dd,2026-07-29T17:30:00Z,2026-07-29T19:30:00+0200,56669.836909,MW,DE,DE_LU,forecast_load,Forecasted Load,2026-08-09T22:55:36Z
2026-08-09T22:53:54Z,2026-08-10T00:53:54+0200,9f364823-fdf2-409d-8835-686a42d079dd,2026-07-29T17:45:00Z,2026-07-29T19:45:00+0200,56556.821232,MW,DE,DE_LU,forecast_load,Forecasted Load,2026-08-09T22:55:36Z
2026-08-09T22:53:54Z,2026-08-10T00:53:54+0200,9f364823-fdf2-409d-8835-686a42d079dd,2026-07-29T18:00:00Z,2026-07-29T20:00:00+0200,56110.210363,MW,DE,DE_LU,forecast_load,Forecasted Load,2026-08-09T22:55:36Z
2026-08-09T22:53:54Z,2026-08-10T00:53:54+0200,9f364823-fdf2-409d-8835-686a42d079dd,2026-07-29T18:15:00Z,2026-07-29T20:15:00+0200,55774.36186,MW,DE,DE_LU,forecast_load,Forecasted Load,2026-08-09T22:55:36Z
2026-08-09T22:53:54Z,2026-08-10T00:53:54+0200,9f364823-fdf2-409d-8835-686a42d079dd,2026-07-29T18:30:00Z,2026-07-29T20:30:00+0200,55696.992108,MW,DE,DE_LU,forecast_load,Forecasted Load,2026-08-09T22:55:36Z
2026-08-09T22:53:54Z,2026-08-10T00:53:54+0200,9f364823-fdf2-409d-8835-686a42d079dd,2026-07-29T18:45:00Z,2026-07-29T20:45:00+0200,55362.406733,MW,DE,DE_LU,forecast_load,Forecasted Load,2026-08-09T22:55:36Z
2026-08-09T22:53:54Z,2026-08-10T00:53:54+0200,9f364823-fdf2-409d-8835-686a42d079dd,2026-07-29T19:00:00Z,2026-07-29T21:00:00+0200,54880.759993,MW,DE,DE_LU,forecast_load,Forecasted Load,2026-08-09T22:55:36Z
2026-08-09T22:53:54Z,2026-08-10T00:53:54+0200,9f364823-fdf2-409d-8835-686a42d079dd,2026-07-29T19:15:00Z,2026-07-29T21:15:00+0200,54321.046097,MW,DE,DE_LU,forecast_load,Forecasted Load,2026-08-09T22:55:36Z
2026-08-09T22:53:54Z,2026-08-10T00:53:54+0200,9f364823-fdf2-409d-8835-686a42d079dd,2026-07-29T19:30:00Z,2026-07-29T21:30:00+0200,53558.333401,MW,DE,DE_LU,forecast_load,Forecasted Load,2026-08-09T22:55:36Z
2026-08-09T22:53:54Z,2026-08-10T00:53:54+0200,9f364823-fdf2-409d-8835-686a42d079dd,2026-07-29T19:45:00Z,2026-07-29T21:45:00+0200,52822.967032,MW,DE,DE_LU,forecast_load,Forecasted Load,2026-08-09T22:55:36Z
2026-08-09T22:53:54Z,2026-08-10T00:53:54+0200,9f364823-fdf2-409d-8835-686a42d079dd,2026-07-29T20:00:00Z,2026-07-29T22:00:00+0200,51936.74276,MW,DE,DE_LU,forecast_load,Forecasted Load,2026-08-09T22:55:36Z
2026-08-09T22:53:54Z,2026-08-10T00:53:54+0200,9f364823-fdf2-409d-8835-686a42d079dd,2026-07-29T20:15:00Z,2026-07-29T22:15:00+0200,50789.388935,MW,DE,DE_LU,forecast_load,Forecasted Load,2026-08-09T22:55:36Z
2026-08-09T22:53:54Z,2026-08-10T00:53:54+0200,9f364823-fdf2-409d-8835-686a42d079dd,2026-07-29T20:30:00Z,2026-07-29T22:30:00+0200,49495.452639,MW,DE,DE_LU,forecast_load,Forecasted Load,2026-08-09T22:55:36Z
2026-08-09T22:53:54Z,2026-08-10T00:53:54+0200,9f364823-fdf2-409d-8835-686a42d079dd,2026-07-29T20:45:00Z,2026-07-29T22:45:00+0200,48784.885151,MW,DE,DE_LU,forecast_load,Forecasted Load,2026-08-09T22:55:36Z
2026-08-09T22:53:54Z,2026-08-10T00:53:54+0200,9f364823-fdf2-409d-8835-686a42d079dd,2026-07-29T21:00:00Z,2026-07-29T23:00:00+0200,47556.645389,MW,DE,DE_LU,forecast_load,Forecasted Load,2026-08-09T22:55:36Z
2026-08-09T22:53:54Z,2026-08-10T00:53:54+0200,9f364823-fdf2-409d-8835-686a42d079dd,2026-07-29T21:15:00Z,2026-07-29T23:15:00+0200,46686.341597,MW,DE,DE_LU,forecast_load,Forecasted Load,2026-08-09T22:55:36Z
2026-08-09T22:53:54Z,2026-08-10T00:53:54+0200,9f364823-fdf2-409d-8835-686a42d079dd,2026-07-29T21:30:00Z,2026-07-29T23:30:00+0200,46033.603781,MW,DE,DE_LU,forecast_load,Forecasted Load,2026-08-09T22:55:36Z
2026-08-09T22:53:54Z,2026-08-10T00:53:54+0200,9f364823-fdf2-409d-8835-686a42d079dd,2026-07-29T21:45:00Z,2026-07-29T23:45:00+0200,45398.806567,MW,DE,DE_LU,forecast_load,Forecasted Load,2026-08-09T22:55:36Z
2026-08-09T22:53:54Z,2026-08-10T00:53:54+0200,9f364823-fdf2-409d-8835-686a42d079dd,2026-07-29T22:00:00Z,2026-07-30T00:00:00+0200,45313.853916,MW,DE,DE_LU,forecast_load,Forecasted Load,2026-08-09T22:55:36Z
2026-08-09T22:53:54Z,2026-08-10T00:53:54+0200,9f364823-fdf2-409d-8835-686a42d079dd,2026-07-29T22:15:00Z,2026-07-30T00:15:00+0200,44653.08749,MW,DE,DE_LU,forecast_load,Forecasted Load,2026-08-09T22:55:36Z
2026-08-09T22:53:54Z,2026-08-10T00:53:54+0200,9f364823-fdf2-409d-8835-686a42d079dd,2026-07-29T22:30:00Z,2026-07-30T00:30:00+0200,44138.274118,MW,DE,DE_LU,forecast_load,Forecasted Load,2026-08-09T22:55:36Z
2026-08-09T22:53:54Z,2026-08-10T00:53:54+0200,9f364823-fdf2-409d-8835-686a42d079dd,2026-07-29T22:45:00Z,2026-07-30T00:45:00+0200,43734.077919,MW,DE,DE_LU,forecast_load,Forecasted Load,2026-08-09T22:55:36Z
2026-08-09T22:53:54Z,2026-08-10T00:53:54+0200,9f364823-fdf2-409d-8835-686a42d079dd,2026-07-29T23:00:00Z,2026-07-30T01:00:00+0200,43327.896642,MW,DE,DE_LU,forecast_load,Forecasted Load,2026-08-09T22:55:36Z
2026-08-09T22:53:54Z,2026-08-10T00:53:54+0200,9f364823-fdf2-409d-8835-686a42d079dd,2026-07-29T23:15:00Z,2026-07-30T01:15:00+0200,42778.812335,MW,DE,DE_LU,forecast_load,Forecasted Load,2026-08-09T22:55:36Z
2026-08-09T22:53:54Z,2026-08-10T00:53:54+0200,9f364823-fdf2-409d-8835-686a42d079dd,2026-07-29T23:30:00Z,2026-07-30T01:30:00+0200,42406.239629,MW,DE,DE_LU,forecast_load,Forecasted Load,2026-08-09T22:55:36Z
2026-08-09T22:53:54Z,2026-08-10T00:53:54+0200,9f364823-fdf2-409d-8835-686a42d079dd,2026-07-29T23:45:00Z,2026-07-30T01:45:00+0200,42249.679294,MW,DE,DE_LU,forecast_load,Forecasted Load,2026-08-09T22:55:36Z
2026-08-09T22:53:54Z,2026-08-10T00:53:54+0200,9f364823-fdf2-409d-8835-686a42d079dd,2026-07-30T00:00:00Z,2026-07-30T02:00:00+0200,42203.490195,MW,DE,DE_LU,forecast_load,Forecasted Load,2026-08-09T22:55:36Z
2026-08-09T22:53:54Z,2026-08-10T00:53:54+0200,9f364823-fdf2-409d-8835-686a42d079dd,2026-07-30T00:15:00Z,2026-07-30T02:15:00+0200,41930.62376,MW,DE,DE_LU,forecast_load,Forecasted Load,2026-08-09T22:55:36Z
2026-08-09T22:53:54Z,2026-08-10T00:53:54+0200,9f364823-fdf2-409d-8835-686a42d079dd,2026-07-30T00:30:00Z,2026-07-30T02:30:00+0200,41768.026527,MW,DE,DE_LU,forecast_load,Forecasted Load,2026-08-09T22:55:36Z
2026-08-09T22:53:54Z,2026-08-10T00:53:54+0200,9f364823-fdf2-409d-8835-686a42d079dd,2026-07-30T00:45:00Z,2026-07-30T02:45:00+0200,41734.706336,MW,DE,DE_LU,forecast_load,Forecasted Load,2026-08-09T22:55:36Z
2026-08-09T22:53:54Z,2026-08-10T00:53:54+0200,9f364823-fdf2-409d-8835-686a42d079dd,2026-07-30T01:00:00Z,2026-07-30T03:00:00+0200,41599.430798,MW,DE,DE_LU,forecast_load,Forecasted Load,2026-08-09T22:55:36Z
2026-08-09T22:53:54Z,2026-08-10T00:53:54+0200,9f364823-fdf2-409d-8835-686a42d079dd,2026-07-30T01:15:00Z,2026-07-30T03:15:00+0200,41496.784232,MW,DE,DE_LU,forecast_load,Forecasted Load,2026-08-09T22:55:36Z
2026-08-09T22:53:54Z,2026-08-10T00:53:54+0200,9f364823-fdf2-409d-8835-686a42d079dd,2026-07-30T01:30:00Z,2026-07-30T03:30:00+0200,41563.987117,MW,DE,DE_LU,forecast_load,Forecasted Load,2026-08-09T22:55:36Z
2026-08-09T22:53:54Z,2026-08-10T00:53:54+0200,9f364823-fdf2-409d-8835-686a42d079dd,2026-07-30T01:45:00Z,2026-07-30T03:45:00+0200,41660.015225,MW,DE,DE_LU,forecast_load,Forecasted Load,2026-08-09T22:55:36Z
2026-08-09T22:53:54Z,2026-08-10T00:53:54+0200,9f364823-fdf2-409d-8835-686a42d079dd,2026-07-30T02:00:00Z,2026-07-30T04:00:00+0200,41811.77695,MW,DE,DE_LU,forecast_load,Forecasted Load,2026-08-09T22:55:36Z
2026-08-09T22:53:54Z,2026-08-10T00:53:54+0200,9f364823-fdf2-409d-8835-686a42d079dd,2026-07-30T02:15:00Z,2026-07-30T04:15:00+0200,41862.819605,MW,DE,DE_LU,forecast_load,Forecasted Load,2026-08-09T22:55:36Z
2026-08-09T22:53:54Z,2026-08-10T00:53:54+0200,9f364823-fdf2-409d-8835-686a42d079dd,2026-07-30T02:30:00Z,2026-07-30T04:30:00+0200,42264.869488,MW,DE,DE_LU,forecast_load,Forecasted Load,2026-08-09T22:55:36Z
2026-08-09T22:53:54Z,2026-08-10T00:53:54+0200,9f364823-fdf2-409d-8835-686a42d079dd,2026-07-30T02:45:00Z,2026-07-30T04:45:00+0200,42196.294434,MW,DE,DE_LU,forecast_load,Forecasted Load,2026-08-09T22:55:36Z
2026-08-09T22:53:54Z,2026-08-10T00:53:54+0200,9f364823-fdf2-409d-8835-686a42d079dd,2026-07-30T03:00:00Z,2026-07-30T05:00:00+0200,43161.646893,MW,DE,DE_LU,forecast_load,Forecasted Load,2026-08-09T22:55:36Z
2026-08-09T22:53:54Z,2026-08-10T00:53:54+0200,9f364823-fdf2-409d-8835-686a42d079dd,2026-07-30T03:15:00Z,2026-07-30T05:15:00+0200,44192.101023,MW,DE,DE_LU,forecast_load,Forecasted Load,2026-08-09T22:55:36Z
2026-08-09T22:53:54Z,2026-08-10T00:53:54+0200,9f364823-fdf2-409d-8835-686a42d079dd,2026-07-30T03:30:00Z,2026-07-30T05:30:00+0200,45389.055332,MW,DE,DE_LU,forecast_load,Forecasted Load,2026-08-09T22:55:36Z
2026-08-09T22:53:54Z,2026-08-10T00:53:54+0200,9f364823-fdf2-409d-8835-686a42d079dd,2026-07-30T03:45:00Z,2026-07-30T05:45:00+0200,46673.036883,MW,DE,DE_LU,forecast_load,Forecasted Load,2026-08-09T22:55:36Z
2026-08-09T22:53:54Z,2026-08-10T00:53:54+0200,9f364823-fdf2-409d-8835-686a42d079dd,2026-07-30T04:00:00Z,2026-07-30T06:00:00+0200,48588.704295,MW,DE,DE_LU,forecast_load,Forecasted Load,2026-08-09T22:55:36Z
2026-08-09T22:53:54Z,2026-08-10T00:53:54+0200,9f364823-fdf2-409d-8835-686a42d079dd,2026-07-30T04:15:00Z,2026-07-30T06:15:00+0200,50205.562756,MW,DE,DE_LU,forecast_load,Forecasted Load,2026-08-09T22:55:36Z
2026-08-09T22:53:54Z,2026-08-10T00:53:54+0200,9f364823-fdf2-409d-8835-686a42d079dd,2026-07-30T04:30:00Z,2026-07-30T06:30:00+0200,51426.418161,MW,DE,DE_LU,forecast_load,Forecasted Load,2026-08-09T22:55:36Z
2026-08-09T22:53:54Z,2026-08-10T00:53:54+0200,9f364823-fdf2-409d-8835-686a42d079dd,2026-07-30T04:45:00Z,2026-07-30T06:45:00+0200,52461.715956,MW,DE,DE_LU,forecast_load,Forecasted Load,2026-08-09T22:55:36Z
2026-08-09T22:53:54Z,2026-08-10T00:53:54+0200,9f364823-fdf2-409d-8835-686a42d079dd,2026-07-30T05:00:00Z,2026-07-30T07:00:00+0200,53834.350082,MW,DE,DE_LU,forecast_load,Forecasted Load,2026-08-09T22:55:36Z
2026-08-09T22:53:54Z,2026-08-10T00:53:54+0200,9f364823-fdf2-409d-8835-686a42d079dd,2026-07-30T05:15:00Z,2026-07-30T07:15:00+0200,54923.769506,MW,DE,DE_LU,forecast_load,Forecasted Load,2026-08-09T22:55:36Z
2026-08-09T22:53:54Z,2026-08-10T00:53:54+0200,9f364823-fdf2-409d-8835-686a42d079dd,2026-07-30T05:30:00Z,2026-07-30T07:30:00+0200,56101.062777,MW,DE,DE_LU,forecast_load,Forecasted Load,2026-08-09T22:55:36Z
2026-08-09T22:53:54Z,2026-08-10T00:53:54+0200,9f364823-fdf2-409d-8835-686a42d079dd,2026-07-30T05:45:00Z,2026-07-30T07:45:00+0200,57248.891821,MW,DE,DE_LU,forecast_load,Forecasted Load,2026-08-09T22:55:36Z
2026-08-09T22:53:54Z,2026-08-10T00:53:54+0200,9f364823-fdf2-409d-8835-686a42d079dd,2026-07-30T06:00:00Z,2026-07-30T08:00:00+0200,57840.93075,MW,DE,DE_LU,forecast_load,Forecasted Load,2026-08-09T22:55:36Z
2026-08-09T22:53:54Z,2026-08-10T00:53:54+0200,9f364823-fdf2-409d-8835-686a42d079dd,2026-07-30T06:15:00Z,2026-07-30T08:15:00+0200,58539.70012,MW,DE,DE_LU,forecast_load,Forecasted Load,2026-08-09T22:55:36Z
2026-08-09T22:53:54Z,2026-08-10T00:53:54+0200,9f364823-fdf2-409d-8835-686a42d079dd,2026-07-30T06:30:00Z,2026-07-30T08:30:00+0200,59099.136068,MW,DE,DE_LU,forecast_load,Forecasted Load,2026-08-09T22:55:36Z
2026-08-09T22:53:54Z,2026-08-10T00:53:54+0200,9f364823-fdf2-409d-8835-686a42d079dd,2026-07-30T06:45:00Z,2026-07-30T08:45:00+0200,59564.996095,MW,DE,DE_LU,forecast_load,Forecasted Load,2026-08-09T22:55:36Z
2026-08-09T22:53:54Z,2026-08-10T00:53:54+0200,9f364823-fdf2-409d-8835-686a42d079dd,2026-07-30T07:00:00Z,2026-07-30T09:00:00+0200,59791.217952,MW,DE,DE_LU,forecast_load,Forecasted Load,2026-08-09T22:55:36Z
2026-08-09T22:53:54Z,2026-08-10T00:53:54+0200,9f364823-fdf2-409d-8835-686a42d079dd,2026-07-30T07:15:00Z,2026-07-30T09:15:00+0200,59772.665485,MW,DE,DE_LU,forecast_load,Forecasted Load,2026-08-09T22:55:36Z
2026-08-09T22:53:54Z,2026-08-10T00:53:54+0200,9f364823-fdf2-409d-8835-686a42d079dd,2026-07-30T07:30:00Z,2026-07-30T09:30:00+0200,60192.75539,MW,DE,DE_LU,forecast_load,Forecasted Load,2026-08-09T22:55:36Z
2026-08-09T22:53:54Z,2026-08-10T00:53:54+0200,9f364823-fdf2-409d-8835-686a42d079dd,2026-07-30T07:45:00Z,2026-07-30T09:45:00+0200,60668.558902,MW,DE,DE_LU,forecast_load,Forecasted Load,2026-08-09T22:55:36Z
2026-08-09T22:53:54Z,2026-08-10T00:53:54+0200,9f364823-fdf2-409d-8835-686a42d079dd,2026-07-30T08:00:00Z,2026-07-30T10:00:00+0200,60498.958113,MW,DE,DE_LU,forecast_load,Forecasted Load,2026-08-09T22:55:36Z
2026-08-09T22:53:54Z,2026-08-10T00:53:54+0200,9f364823-fdf2-409d-8835-686a42d079dd,2026-07-30T08:15:00Z,2026-07-30T10:15:00+0200,60833.340536,MW,DE,DE_LU,forecast_load,Forecasted Load,2026-08-09T22:55:36Z
2026-08-09T22:53:54Z,2026-08-10T00:53:54+0200,9f364823-fdf2-409d-8835-686a42d079dd,2026-07-30T08:30:00Z,2026-07-30T10:30:00+0200,61340.808167,MW,DE,DE_LU,forecast_load,Forecasted Load,2026-08-09T22:55:36Z
2026-08-09T22:53:54Z,2026-08-10T00:53:54+0200,9f364823-fdf2-409d-8835-686a42d079dd,2026-07-30T08:45:00Z,2026-07-30T10:45:00+0200,60583.327163,MW,DE,DE_LU,forecast_load,Forecasted Load,2026-08-09T22:55:36Z
2026-08-09T22:53:54Z,2026-08-10T00:53:54+0200,9f364823-fdf2-409d-8835-686a42d079dd,2026-07-30T09:00:00Z,2026-07-30T11:00:00+0200,60699.108283,MW,DE,DE_LU,forecast_load,Forecasted Load,2026-08-09T22:55:36Z
2026-08-09T22:53:54Z,2026-08-10T00:53:54+0200,9f364823-fdf2-409d-8835-686a42d079dd,2026-07-30T09:15:00Z,2026-07-30T11:15:00+0200,61114.969384,MW,DE,DE_LU,forecast_load,Forecasted Load,2026-08-09T22:55:36Z
2026-08-09T22:53:54Z,2026-08-10T00:53:54+0200,9f364823-fdf2-409d-8835-686a42d079dd,2026-07-30T09:30:00Z,2026-07-30T11:30:00+0200,60962.546655,MW,DE,DE_LU,forecast_load,Forecasted Load,2026-08-09T22:55:36Z
2026-08-09T22:53:54Z,2026-08-10T00:53:54+0200,9f364823-fdf2-409d-8835-686a42d079dd,2026-07-30T09:45:00Z,2026-07-30T11:45:00+0200,60706.18014,MW,DE,DE_LU,forecast_load,Forecasted Load,2026-08-09T22:55:36Z
2026-08-09T22:53:54Z,2026-08-10T00:53:54+0200,9f364823-fdf2-409d-8835-686a42d079dd,2026-07-30T10:00:00Z,2026-07-30T12:00:00+0200,60211.985007,MW,DE,DE_LU,forecast_load,Forecasted Load,2026-08-09T22:55:36Z
2026-08-09T22:53:54Z,2026-08-10T00:53:54+0200,9f364823-fdf2-409d-8835-686a42d079dd,2026-07-30T10:15:00Z,2026-07-30T12:15:00+0200,60099.06455,MW,DE,DE_LU,forecast_load,Forecasted Load,2026-08-09T22:55:36Z
2026-08-09T22:53:54Z,2026-08-10T00:53:54+0200,9f364823-fdf2-409d-8835-686a42d079dd,2026-07-30T10:30:00Z,2026-07-30T12:30:00+0200,60128.89379,MW,DE,DE_LU,forecast_load,Forecasted Load,2026-08-09T22:55:36Z
2026-08-09T22:53:54Z,2026-08-10T00:53:54+0200,9f364823-fdf2-409d-8835-686a42d079dd,2026-07-30T10:45:00Z,2026-07-30T12:45:00+0200,59749.586062,MW,DE,DE_LU,forecast_load,Forecasted Load,2026-08-09T22:55:36Z
2026-08-09T22:53:54Z,2026-08-10T00:53:54+0200,9f364823-fdf2-409d-8835-686a42d079dd,2026-07-30T11:00:00Z,2026-07-30T13:00:00+0200,58375.883243,MW,DE,DE_LU,forecast_load,Forecasted Load,2026-08-09T22:55:36Z
2026-08-09T22:53:54Z,2026-08-10T00:53:54+0200,9f364823-fdf2-409d-8835-686a42d079dd,2026-07-30T11:15:00Z,2026-07-30T13:15:00+0200,59321.627803,MW,DE,DE_LU,forecast_load,Forecasted Load,2026-08-09T22:55:36Z
2026-08-09T22:53:54Z,2026-08-10T00:53:54+0200,9f364823-fdf2-409d-8835-686a42d079dd,2026-07-30T11:30:00Z,2026-07-30T13:30:00+0200,58405.578783,MW,DE,DE_LU,forecast_load,Forecasted Load,2026-08-09T22:55:36Z
2026-08-09T22:53:54Z,2026-08-10T00:53:54+0200,9f364823-fdf2-409d-8835-686a42d079dd,2026-07-30T11:45:00Z,2026-07-30T13:45:00+0200,58089.953876,MW,DE,DE_LU,forecast_load,Forecasted Load,2026-08-09T22:55:36Z
2026-08-09T22:53:54Z,2026-08-10T00:53:54+0200,9f364823-fdf2-409d-8835-686a42d079dd,2026-07-30T12:00:00Z,2026-07-30T14:00:00+0200,57598.038026,MW,DE,DE_LU,forecast_load,Forecasted Load,2026-08-09T22:55:36Z
2026-08-09T22:53:54Z,2026-08-10T00:53:54+0200,9f364823-fdf2-409d-8835-686a42d079dd,2026-07-30T12:15:00Z,2026-07-30T14:15:00+0200,57960.945428,MW,DE,DE_LU,forecast_load,Forecasted Load,2026-08-09T22:55:36Z
2026-08-09T22:53:54Z,2026-08-10T00:53:54+0200,9f364823-fdf2-409d-8835-686a42d079dd,2026-07-30T12:30:00Z,2026-07-30T14:30:00+0200,57586.979342,MW,DE,DE_LU,forecast_load,Forecasted Load,2026-08-09T22:55:36Z
2026-08-09T22:53:54Z,2026-08-10T00:53:54+0200,9f364823-fdf2-409d-8835-686a42d079dd,2026-07-30T12:45:00Z,2026-07-30T14:45:00+0200,57552.33658,MW,DE,DE_LU,forecast_load,Forecasted Load,2026-08-09T22:55:36Z
2026-08-09T22:53:54Z,2026-08-10T00:53:54+0200,9f364823-fdf2-409d-8835-686a42d079dd,2026-07-30T13:00:00Z,2026-07-30T15:00:00+0200,57454.507549,MW,DE,DE_LU,forecast_load,Forecasted Load,2026-08-09T22:55:36Z
2026-08-09T22:53:54Z,2026-08-10T00:53:54+0200,9f364823-fdf2-409d-8835-686a42d079dd,2026-07-30T13:15:00Z,2026-07-30T15:15:00+0200,57221.697561,MW,DE,DE_LU,forecast_load,Forecasted Load,2026-08-09T22:55:36Z
2026-08-09T22:53:54Z,2026-08-10T00:53:54+0200,9f364823-fdf2-409d-8835-686a42d079dd,2026-07-30T13:30:00Z,2026-07-30T15:30:00+0200,56845.734115,MW,DE,DE_LU,forecast_load,Forecasted Load,2026-08-09T22:55:36Z
2026-08-09T22:53:54Z,2026-08-10T00:53:54+0200,9f364823-fdf2-409d-8835-686a42d079dd,2026-07-30T13:45:00Z,2026-07-30T15:45:00+0200,56268.287921,MW,DE,DE_LU,forecast_load,Forecasted Load,2026-08-09T22:55:36Z
2026-08-09T22:53:54Z,2026-08-10T00:53:54+0200,9f364823-fdf2-409d-8835-686a42d079dd,2026-07-30T14:00:00Z,2026-07-30T16:00:00+0200,57040.840665,MW,DE,DE_LU,forecast_load,Forecasted Load,2026-08-09T22:55:36Z
2026-08-09T22:53:54Z,2026-08-10T00:53:54+0200,9f364823-fdf2-409d-8835-686a42d079dd,2026-07-30T14:15:00Z,2026-07-30T16:15:00+0200,56553.123814,MW,DE,DE_LU,forecast_load,Forecasted Load,2026-08-09T22:55:36Z
2026-08-09T22:53:54Z,2026-08-10T00:53:54+0200,9f364823-fdf2-409d-8835-686a42d079dd,2026-07-30T14:30:00Z,2026-07-30T16:30:00+0200,56051.155751,MW,DE,DE_LU,forecast_load,Forecasted Load,2026-08-09T22:55:36Z
2026-08-09T22:53:54Z,2026-08-10T00:53:54+0200,9f364823-fdf2-409d-8835-686a42d079dd,2026-07-30T14:45:00Z,2026-07-30T16:45:00+0200,56037.222416,MW,DE,DE_LU,forecast_load,Forecasted Load,2026-08-09T22:55:36Z
2026-08-09T22:53:54Z,2026-08-10T00:53:54+0200,9f364823-fdf2-409d-8835-686a42d079dd,2026-07-30T15:00:00Z,2026-07-30T17:00:00+0200,56224.534818,MW,DE,DE_LU,forecast_load,Forecasted Load,2026-08-09T22:55:36Z
2026-08-09T22:53:54Z,2026-08-10T00:53:54+0200,9f364823-fdf2-409d-8835-686a42d079dd,2026-07-30T15:15:00Z,2026-07-30T17:15:00+0200,55939.561183,MW,DE,DE_LU,forecast_load,Forecasted Load,2026-08-09T22:55:36Z
2026-08-09T22:53:54Z,2026-08-10T00:53:54+0200,9f364823-fdf2-409d-8835-686a42d079dd,2026-07-30T15:30:00Z,2026-07-30T17:30:00+0200,55957.583014,MW,DE,DE_LU,forecast_load,Forecasted Load,2026-08-09T22:55:36Z
2026-08-09T22:53:54Z,2026-08-10T00:53:54+0200,9f364823-fdf2-409d-8835-686a42d079dd,2026-07-30T15:45:00Z,2026-07-30T17:45:00+0200,56456.989081,MW,DE,DE_LU,forecast_load,Forecasted Load,2026-08-09T22:55:36Z
2026-08-09T22:53:54Z,2026-08-10T00:53:54+0200,9f364823-fdf2-409d-8835-686a42d079dd,2026-07-30T16:00:00Z,2026-07-30T18:00:00+0200,57023.091049,MW,DE,DE_LU,forecast_load,Forecasted Load,2026-08-09T22:55:36Z
2026-08-09T22:53:54Z,2026-08-10T00:53:54+0200,9f364823-fdf2-409d-8835-686a42d079dd,2026-07-30T16:15:00Z,2026-07-30T18:15:00+0200,57126.398187,MW,DE,DE_LU,forecast_load,Forecasted Load,2026-08-09T22:55:36Z
2026-08-09T22:53:54Z,2026-08-10T00:53:54+0200,9f364823-fdf2-409d-8835-686a42d079dd,2026-07-30T16:30:00Z,2026-07-30T18:30:00+0200,57643.325376,MW,DE,DE_LU,forecast_load,Forecasted Load,2026-08-09T22:55:36Z
2026-08-09T22:53:54Z,2026-08-10T00:53:54+0200,9f364823-fdf2-409d-8835-686a42d079dd,2026-07-30T16:45:00Z,2026-07-30T18:45:00+0200,57711.617658,MW,DE,DE_LU,forecast_load,Forecasted Load,2026-08-09T22:55:36Z
2026-08-09T22:53:54Z,2026-08-10T00:53:54+0200,9f364823-fdf2-409d-8835-686a42d079dd,2026-07-30T17:00:00Z,2026-07-30T19:00:00+0200,57939.085872,MW,DE,DE_LU,forecast_load,Forecasted Load,2026-08-09T22:55:36Z
2026-08-09T22:53:54Z,2026-08-10T00:53:54+0200,9f364823-fdf2-409d-8835-686a42d079dd,2026-07-30T17:15:00Z,2026-07-30T19:15:00+0200,57591.582437,MW,DE,DE_LU,forecast_load,Forecasted Load,2026-08-09T22:55:36Z
2026-08-09T22:53:54Z,2026-08-10T00:53:54+0200,9f364823-fdf2-409d-8835-686a42d079dd,2026-07-30T17:30:00Z,2026-07-30T19:30:00+0200,57579.555622,MW,DE,DE_LU,forecast_load,Forecasted Load,2026-08-09T22:55:36Z
2026-08-09T22:53:54Z,2026-08-10T00:53:54+0200,9f364823-fdf2-409d-8835-686a42d079dd,2026-07-30T17:45:00Z,2026-07-30T19:45:00+0200,57261.999455,MW,DE,DE_LU,forecast_load,Forecasted Load,2026-08-09T22:55:36Z
2026-08-09T22:53:54Z,2026-08-10T00:53:54+0200,9f364823-fdf2-409d-8835-686a42d079dd,2026-07-30T18:00:00Z,2026-07-30T20:00:00+0200,56554.278781,MW,DE,DE_LU,forecast_load,Forecasted Load,2026-08-09T22:55:36Z
2026-08-09T22:53:54Z,2026-08-10T00:53:54+0200,9f364823-fdf2-409d-8835-686a42d079dd,2026-07-30T18:15:00Z,2026-07-30T20:15:00+0200,56273.880965,MW,DE,DE_LU,forecast_load,Forecasted Load,2026-08-09T22:55:36Z
2026-08-09T22:53:54Z,2026-08-10T00:53:54+0200,9f364823-fdf2-409d-8835-686a42d079dd,2026-07-30T18:30:00Z,2026-07-30T20:30:00+0200,55814.316238,MW,DE,DE_LU,forecast_load,Forecasted Load,2026-08-09T22:55:36Z
2026-08-09T22:53:54Z,2026-08-10T00:53:54+0200,9f364823-fdf2-409d-8835-686a42d079dd,2026-07-30T18:45:00Z,2026-07-30T20:45:00+0200,55301.115319,MW,DE,DE_LU,forecast_load,Forecasted Load,2026-08-09T22:55:36Z
2026-08-09T22:53:54Z,2026-08-10T00:53:54+0200,9f364823-fdf2-409d-8835-686a42d079dd,2026-07-30T19:00:00Z,2026-07-30T21:00:00+0200,54651.061787,MW,DE,DE_LU,forecast_load,Forecasted Load,2026-08-09T22:55:36Z
2026-08-09T22:53:54Z,2026-08-10T00:53:54+0200,9f364823-fdf2-409d-8835-686a42d079dd,2026-07-30T19:15:00Z,2026-07-30T21:15:00+0200,54476.138826,MW,DE,DE_LU,forecast_load,Forecasted Load,2026-08-09T22:55:36Z
2026-08-09T22:53:54Z,2026-08-10T00:53:54+0200,9f364823-fdf2-409d-8835-686a42d079dd,2026-07-30T19:30:00Z,2026-07-30T21:30:00+0200,53751.105281,MW,DE,DE_LU,forecast_load,Forecasted Load,2026-08-09T22:55:36Z
2026-08-09T22:53:54Z,2026-08-10T00:53:54+0200,9f364823-fdf2-409d-8835-686a42d079dd,2026-07-30T19:45:00Z,2026-07-30T21:45:00+0200,52907.708395,MW,DE,DE_LU,forecast_load,Forecasted Load,2026-08-09T22:55:36Z
2026-08-09T22:53:54Z,2026-08-10T00:53:54+0200,9f364823-fdf2-409d-8835-686a42d079dd,2026-07-30T20:00:00Z,2026-07-30T22:00:00+0200,52116.269888,MW,DE,DE_LU,forecast_load,Forecasted Load,2026-08-09T22:55:36Z
2026-08-09T22:53:54Z,2026-08-10T00:53:54+0200,9f364823-fdf2-409d-8835-686a42d079dd,2026-07-30T20:15:00Z,2026-07-30T22:15:00+0200,51270.087687,MW,DE,DE_LU,forecast_load,Forecasted Load,2026-08-09T22:55:36Z
2026-08-09T22:53:54Z,2026-08-10T00:53:54+0200,9f364823-fdf2-409d-8835-686a42d079dd,2026-07-30T20:30:00Z,2026-07-30T22:30:00+0200,50206.358796,MW,DE,DE_LU,forecast_load,Forecasted Load,2026-08-09T22:55:36Z
2026-08-09T22:53:54Z,2026-08-10T00:53:54+0200,9f364823-fdf2-409d-8835-686a42d079dd,2026-07-30T20:45:00Z,2026-07-30T22:45:00+0200,49489.563722,MW,DE,DE_LU,forecast_load,Forecasted Load,2026-08-09T22:55:36Z
2026-08-09T22:53:54Z,2026-08-10T00:53:54+0200,9f364823-fdf2-409d-8835-686a42d079dd,2026-07-30T21:00:00Z,2026-07-30T23:00:00+0200,48327.560999,MW,DE,DE_LU,forecast_load,Forecasted Load,2026-08-09T22:55:36Z
2026-08-09T22:53:54Z,2026-08-10T00:53:54+0200,9f364823-fdf2-409d-8835-686a42d079dd,2026-07-30T21:15:00Z,2026-07-30T23:15:00+0200,47481.624134,MW,DE,DE_LU,forecast_load,Forecasted Load,2026-08-09T22:55:36Z
2026-08-09T22:53:54Z,2026-08-10T00:53:54+0200,9f364823-fdf2-409d-8835-686a42d079dd,2026-07-30T21:30:00Z,2026-07-30T23:30:00+0200,46655.054781,MW,DE,DE_LU,forecast_load,Forecasted Load,2026-08-09T22:55:36Z
2026-08-09T22:53:54Z,2026-08-10T00:53:54+0200,9f364823-fdf2-409d-8835-686a42d079dd,2026-07-30T21:45:00Z,2026-07-30T23:45:00+0200,45966.868368,MW,DE,DE_LU,forecast_load,Forecasted Load,2026-08-09T22:55:36Z
2026-08-09T22:53:54Z,2026-08-10T00:53:54+0200,9f364823-fdf2-409d-8835-686a42d079dd,2026-07-30T22:00:00Z,2026-07-31T00:00:00+0200,46619.476926,MW,DE,DE_LU,forecast_load,Forecasted Load,2026-08-09T22:55:36Z
2026-08-09T22:53:54Z,2026-08-10T00:53:54+0200,9f364823-fdf2-409d-8835-686a42d079dd,2026-07-30T22:15:00Z,2026-07-31T00:15:00+0200,45983.157166,MW,DE,DE_LU,forecast_load,Forecasted Load,2026-08-09T22:55:36Z
2026-08-09T22:53:54Z,2026-08-10T00:53:54+0200,9f364823-fdf2-409d-8835-686a42d079dd,2026-07-30T22:30:00Z,2026-07-31T00:30:00+0200,45267.484632,MW,DE,DE_LU,forecast_load,Forecasted Load,2026-08-09T22:55:36Z
2026-08-09T22:53:54Z,2026-08-10T00:53:54+0200,9f364823-fdf2-409d-8835-686a42d079dd,2026-07-30T22:45:00Z,2026-07-31T00:45:00+0200,44958.317538,MW,DE,DE_LU,forecast_load,Forecasted Load,2026-08-09T22:55:36Z
2026-08-09T22:53:54Z,2026-08-10T00:53:54+0200,9f364823-fdf2-409d-8835-686a42d079dd,2026-07-30T23:00:00Z,2026-07-31T01:00:00+0200,44464.964022,MW,DE,DE_LU,forecast_load,Forecasted Load,2026-08-09T22:55:36Z
2026-08-09T22:53:54Z,2026-08-10T00:53:54+0200,9f364823-fdf2-409d-8835-686a42d079dd,2026-07-30T23:15:00Z,2026-07-31T01:15:00+0200,43925.778114,MW,DE,DE_LU,forecast_load,Forecasted Load,2026-08-09T22:55:36Z
2026-08-09T22:53:54Z,2026-08-10T00:53:54+0200,9f364823-fdf2-409d-8835-686a42d079dd,2026-07-30T23:30:00Z,2026-07-31T01:30:00+0200,43685.877932,MW,DE,DE_LU,forecast_load,Forecasted Load,2026-08-09T22:55:36Z
2026-08-09T22:53:54Z,2026-08-10T00:53:54+0200,9f364823-fdf2-409d-8835-686a42d079dd,2026-07-30T23:45:00Z,2026-07-31T01:45:00+0200,43399.663284,MW,DE,DE_LU,forecast_load,Forecasted Load,2026-08-09T22:55:36Z
2026-08-09T22:53:54Z,2026-08-10T00:53:54+0200,9f364823-fdf2-409d-8835-686a42d079dd,2026-07-31T00:00:00Z,2026-07-31T02:00:00+0200,43299.911008,MW,DE,DE_LU,forecast_load,Forecasted Load,2026-08-09T22:55:36Z
2026-08-09T22:53:54Z,2026-08-10T00:53:54+0200,9f364823-fdf2-409d-8835-686a42d079dd,2026-07-31T00:15:00Z,2026-07-31T02:15:00+0200,42969.565519,MW,DE,DE_LU,forecast_load,Forecasted Load,2026-08-09T22:55:36Z
2026-08-09T22:53:54Z,2026-08-10T00:53:54+0200,9f364823-fdf2-409d-8835-686a42d079dd,2026-07-31T00:30:00Z,2026-07-31T02:30:00+0200,42993.111666,MW,DE,DE_LU,forecast_load,Forecasted Load,2026-08-09T22:55:36Z
2026-08-09T22:53:54Z,2026-08-10T00:53:54+0200,9f364823-fdf2-409d-8835-686a42d079dd,2026-07-31T00:45:00Z,2026-07-31T02:45:00+0200,42834.186566,MW,DE,DE_LU,forecast_load,Forecasted Load,2026-08-09T22:55:36Z
2026-08-09T22:53:54Z,2026-08-10T00:53:54+0200,9f364823-fdf2-409d-8835-686a42d079dd,2026-07-31T01:00:00Z,2026-07-31T03:00:00+0200,42615.299589,MW,DE,DE_LU,forecast_load,Forecasted Load,2026-08-09T22:55:36Z
2026-08-09T22:53:54Z,2026-08-10T00:53:54+0200,9f364823-fdf2-409d-8835-686a42d079dd,2026-07-31T01:15:00Z,2026-07-31T03:15:00+0200,42480.947351,MW,DE,DE_LU,forecast_load,Forecasted Load,2026-08-09T22:55:36Z
2026-08-09T22:53:54Z,2026-08-10T00:53:54+0200,9f364823-fdf2-409d-8835-686a42d079dd,2026-07-31T01:30:00Z,2026-07-31T03:30:00+0200,42553.77674,MW,DE,DE_LU,forecast_load,Forecasted Load,2026-08-09T22:55:36Z
2026-08-09T22:53:54Z,2026-08-10T00:53:54+0200,9f364823-fdf2-409d-8835-686a42d079dd,2026-07-31T01:45:00Z,2026-07-31T03:45:00+0200,42689.13827,MW,DE,DE_LU,forecast_load,Forecasted Load,2026-08-09T22:55:36Z
2026-08-09T22:53:54Z,2026-08-10T00:53:54+0200,9f364823-fdf2-409d-8835-686a42d079dd,2026-07-31T02:00:00Z,2026-07-31T04:00:00+0200,43293.805186,MW,DE,DE_LU,forecast_load,Forecasted Load,2026-08-09T22:55:36Z
2026-08-09T22:53:54Z,2026-08-10T00:53:54+0200,9f364823-fdf2-409d-8835-686a42d079dd,2026-07-31T02:15:00Z,2026-07-31T04:15:00+0200,43639.298776,MW,DE,DE_LU,forecast_load,Forecasted Load,2026-08-09T22:55:36Z
2026-08-09T22:53:54Z,2026-08-10T00:53:54+0200,9f364823-fdf2-409d-8835-686a42d079dd,2026-07-31T02:30:00Z,2026-07-31T04:30:00+0200,44056.977348,MW,DE,DE_LU,forecast_load,Forecasted Load,2026-08-09T22:55:36Z
2026-08-09T22:53:54Z,2026-08-10T00:53:54+0200,9f364823-fdf2-409d-8835-686a42d079dd,2026-07-31T02:45:00Z,2026-07-31T04:45:00+0200,44539.925398,MW,DE,DE_LU,forecast_load,Forecasted Load,2026-08-09T22:55:36Z
2026-08-09T22:53:54Z,2026-08-10T00:53:54+0200,9f364823-fdf2-409d-8835-686a42d079dd,2026-07-31T03:00:00Z,2026-07-31T05:00:00+0200,45393.706733,MW,DE,DE_LU,forecast_load,Forecasted Load,2026-08-09T22:55:36Z
2026-08-09T22:53:54Z,2026-08-10T00:53:54+0200,9f364823-fdf2-409d-8835-686a42d079dd,2026-07-31T03:15:00Z,2026-07-31T05:15:00+0200,46412.966067,MW,DE,DE_LU,forecast_load,Forecasted Load,2026-08-09T22:55:36Z
2026-08-09T22:53:54Z,2026-08-10T00:53:54+0200,9f364823-fdf2-409d-8835-686a42d079dd,2026-07-31T03:30:00Z,2026-07-31T05:30:00+0200,47410.632644,MW,DE,DE_LU,forecast_load,Forecasted Load,2026-08-09T22:55:36Z
2026-08-09T22:53:54Z,2026-08-10T00:53:54+0200,9f364823-fdf2-409d-8835-686a42d079dd,2026-07-31T03:45:00Z,2026-07-31T05:45:00+0200,48704.235705,MW,DE,DE_LU,forecast_load,Forecasted Load,2026-08-09T22:55:36Z
2026-08-09T22:53:54Z,2026-08-10T00:53:54+0200,9f364823-fdf2-409d-8835-686a42d079dd,2026-07-31T04:00:00Z,2026-07-31T06:00:00+0200,50466.714963,MW,DE,DE_LU,forecast_load,Forecasted Load,2026-08-09T22:55:36Z
2026-08-09T22:53:54Z,2026-08-10T00:53:54+0200,9f364823-fdf2-409d-8835-686a42d079dd,2026-07-31T04:15:00Z,2026-07-31T06:15:00+0200,51942.75952,MW,DE,DE_LU,forecast_load,Forecasted Load,2026-08-09T22:55:36Z
2026-08-09T22:53:54Z,2026-08-10T00:53:54+0200,9f364823-fdf2-409d-8835-686a42d079dd,2026-07-31T04:30:00Z,2026-07-31T06:30:00+0200,53212.352322,MW,DE,DE_LU,forecast_load,Forecasted Load,2026-08-09T22:55:36Z
2026-08-09T22:53:54Z,2026-08-10T00:53:54+0200,9f364823-fdf2-409d-8835-686a42d079dd,2026-07-31T04:45:00Z,2026-07-31T06:45:00+0200,54359.112592,MW,DE,DE_LU,forecast_load,Forecasted Load,2026-08-09T22:55:36Z
2026-08-09T22:53:54Z,2026-08-10T00:53:54+0200,9f364823-fdf2-409d-8835-686a42d079dd,2026-07-31T05:00:00Z,2026-07-31T07:00:00+0200,55538.098742,MW,DE,DE_LU,forecast_load,Forecasted Load,2026-08-09T22:55:36Z
2026-08-09T22:53:54Z,2026-08-10T00:53:54+0200,9f364823-fdf2-409d-8835-686a42d079dd,2026-07-31T05:15:00Z,2026-07-31T07:15:00+0200,57021.098245,MW,DE,DE_LU,forecast_load,Forecasted Load,2026-08-09T22:55:36Z
2026-08-09T22:53:54Z,2026-08-10T00:53:54+0200,9f364823-fdf2-409d-8835-686a42d079dd,2026-07-31T05:30:00Z,2026-07-31T07:30:00+0200,58237.860908,MW,DE,DE_LU,forecast_load,Forecasted Load,2026-08-09T22:55:36Z
2026-08-09T22:53:54Z,2026-08-10T00:53:54+0200,9f364823-fdf2-409d-8835-686a42d079dd,2026-07-31T05:45:00Z,2026-07-31T07:45:00+0200,59058.856583,MW,DE,DE_LU,forecast_load,Forecasted Load,2026-08-09T22:55:36Z
2026-08-09T22:53:54Z,2026-08-10T00:53:54+0200,9f364823-fdf2-409d-8835-686a42d079dd,2026-07-31T06:00:00Z,2026-07-31T08:00:00+0200,59543.906494,MW,DE,DE_LU,forecast_load,Forecasted Load,2026-08-09T22:55:36Z
2026-08-09T22:53:54Z,2026-08-10T00:53:54+0200,9f364823-fdf2-409d-8835-686a42d079dd,2026-07-31T06:15:00Z,2026-07-31T08:15:00+0200,60087.877527,MW,DE,DE_LU,forecast_load,Forecasted Load,2026-08-09T22:55:36Z
2026-08-09T22:53:54Z,2026-08-10T00:53:54+0200,9f364823-fdf2-409d-8835-686a42d079dd,2026-07-31T06:30:00Z,2026-07-31T08:30:00+0200,60579.756294,MW,DE,DE_LU,forecast_load,Forecasted Load,2026-08-09T22:55:36Z
2026-08-09T22:53:54Z,2026-08-10T00:53:54+0200,9f364823-fdf2-409d-8835-686a42d079dd,2026-07-31T06:45:00Z,2026-07-31T08:45:00+0200,61004.08426,MW,DE,DE_LU,forecast_load,Forecasted Load,2026-08-09T22:55:36Z
2026-08-09T22:53:54Z,2026-08-10T00:53:54+0200,9f364823-fdf2-409d-8835-686a42d079dd,2026-07-31T07:00:00Z,2026-07-31T09:00:00+0200,60518.716823,MW,DE,DE_LU,forecast_load,Forecasted Load,2026-08-09T22:55:36Z
2026-08-09T22:53:54Z,2026-08-10T00:53:54+0200,9f364823-fdf2-409d-8835-686a42d079dd,2026-07-31T07:15:00Z,2026-07-31T09:15:00+0200,60838.595175,MW,DE,DE_LU,forecast_load,Forecasted Load,2026-08-09T22:55:36Z
2026-08-09T22:53:54Z,2026-08-10T00:53:54+0200,9f364823-fdf2-409d-8835-686a42d079dd,2026-07-31T07:30:00Z,2026-07-31T09:30:00+0200,60985.96628,MW,DE,DE_LU,forecast_load,Forecasted Load,2026-08-09T22:55:36Z
2026-08-09T22:53:54Z,2026-08-10T00:53:54+0200,9f364823-fdf2-409d-8835-686a42d079dd,2026-07-31T07:45:00Z,2026-07-31T09:45:00+0200,61240.47483,MW,DE,DE_LU,forecast_load,Forecasted Load,2026-08-09T22:55:36Z
2026-08-09T22:53:54Z,2026-08-10T00:53:54+0200,9f364823-fdf2-409d-8835-686a42d079dd,2026-07-31T08:00:00Z,2026-07-31T10:00:00+0200,61151.544667,MW,DE,DE_LU,forecast_load,Forecasted Load,2026-08-09T22:55:36Z
2026-08-09T22:53:54Z,2026-08-10T00:53:54+0200,9f364823-fdf2-409d-8835-686a42d079dd,2026-07-31T08:15:00Z,2026-07-31T10:15:00+0200,61262.768402,MW,DE,DE_LU,forecast_load,Forecasted Load,2026-08-09T22:55:36Z
2026-08-09T22:53:54Z,2026-08-10T00:53:54+0200,9f364823-fdf2-409d-8835-686a42d079dd,2026-07-31T08:30:00Z,2026-07-31T10:30:00+0200,61236.937337,MW,DE,DE_LU,forecast_load,Forecasted Load,2026-08-09T22:55:36Z
2026-08-09T22:53:54Z,2026-08-10T00:53:54+0200,9f364823-fdf2-409d-8835-686a42d079dd,2026-07-31T08:45:00Z,2026-07-31T10:45:00+0200,61263.071142,MW,DE,DE_LU,forecast_load,Forecasted Load,2026-08-09T22:55:36Z
2026-08-09T22:53:54Z,2026-08-10T00:53:54+0200,9f364823-fdf2-409d-8835-686a42d079dd,2026-07-31T09:00:00Z,2026-07-31T11:00:00+0200,60813.297381,MW,DE,DE_LU,forecast_load,Forecasted Load,2026-08-09T22:55:36Z
2026-08-09T22:53:54Z,2026-08-10T00:53:54+0200,9f364823-fdf2-409d-8835-686a42d079dd,2026-07-31T09:15:00Z,2026-07-31T11:15:00+0200,60374.124888,MW,DE,DE_LU,forecast_load,Forecasted Load,2026-08-09T22:55:36Z
2026-08-09T22:53:54Z,2026-08-10T00:53:54+0200,9f364823-fdf2-409d-8835-686a42d079dd,2026-07-31T09:30:00Z,2026-07-31T11:30:00+0200,60202.308995,MW,DE,DE_LU,forecast_load,Forecasted Load,2026-08-09T22:55:36Z
2026-08-09T22:53:54Z,2026-08-10T00:53:54+0200,9f364823-fdf2-409d-8835-686a42d079dd,2026-07-31T09:45:00Z,2026-07-31T11:45:00+0200,59928.797999,MW,DE,DE_LU,forecast_load,Forecasted Load,2026-08-09T22:55:36Z
2026-08-09T22:53:54Z,2026-08-10T00:53:54+0200,9f364823-fdf2-409d-8835-686a42d079dd,2026-07-31T10:00:00Z,2026-07-31T12:00:00+0200,59517.416641,MW,DE,DE_LU,forecast_load,Forecasted Load,2026-08-09T22:55:36Z
2026-08-09T22:53:54Z,2026-08-10T00:53:54+0200,9f364823-fdf2-409d-8835-686a42d079dd,2026-07-31T10:15:00Z,2026-07-31T12:15:00+0200,59526.961335,MW,DE,DE_LU,forecast_load,Forecasted Load,2026-08-09T22:55:36Z
2026-08-09T22:53:54Z,2026-08-10T00:53:54+0200,9f364823-fdf2-409d-8835-686a42d079dd,2026-07-31T10:30:00Z,2026-07-31T12:30:00+0200,59229.891956,MW,DE,DE_LU,forecast_load,Forecasted Load,2026-08-09T22:55:36Z
2026-08-09T22:53:54Z,2026-08-10T00:53:54+0200,9f364823-fdf2-409d-8835-686a42d079dd,2026-07-31T10:45:00Z,2026-07-31T12:45:00+0200,58717.516223,MW,DE,DE_LU,forecast_load,Forecasted Load,2026-08-09T22:55:36Z
2026-08-09T22:53:54Z,2026-08-10T00:53:54+0200,9f364823-fdf2-409d-8835-686a42d079dd,2026-07-31T11:00:00Z,2026-07-31T13:00:00+0200,58269.78292,MW,DE,DE_LU,forecast_load,Forecasted Load,2026-08-09T22:55:36Z
2026-08-09T22:53:54Z,2026-08-10T00:53:54+0200,9f364823-fdf2-409d-8835-686a42d079dd,2026-07-31T11:15:00Z,2026-07-31T13:15:00+0200,57905.405253,MW,DE,DE_LU,forecast_load,Forecasted Load,2026-08-09T22:55:36Z
2026-08-09T22:53:54Z,2026-08-10T00:53:54+0200,9f364823-fdf2-409d-8835-686a42d079dd,2026-07-31T11:30:00Z,2026-07-31T13:30:00+0200,57723.458483,MW,DE,DE_LU,forecast_load,Forecasted Load,2026-08-09T22:55:36Z
2026-08-09T22:53:54Z,2026-08-10T00:53:54+0200,9f364823-fdf2-409d-8835-686a42d079dd,2026-07-31T11:45:00Z,2026-07-31T13:45:00+0200,56961.360576,MW,DE,DE_LU,forecast_load,Forecasted Load,2026-08-09T22:55:36Z
2026-08-09T22:53:54Z,2026-08-10T00:53:54+0200,9f364823-fdf2-409d-8835-686a42d079dd,2026-07-31T12:00:00Z,2026-07-31T14:00:00+0200,56641.542153,MW,DE,DE_LU,forecast_load,Forecasted Load,2026-08-09T22:55:36Z
2026-08-09T22:53:54Z,2026-08-10T00:53:54+0200,9f364823-fdf2-409d-8835-686a42d079dd,2026-07-31T12:15:00Z,2026-07-31T14:15:00+0200,56584.161124,MW,DE,DE_LU,forecast_load,Forecasted Load,2026-08-09T22:55:36Z
2026-08-09T22:53:54Z,2026-08-10T00:53:54+0200,9f364823-fdf2-409d-8835-686a42d079dd,2026-07-31T12:30:00Z,2026-07-31T14:30:00+0200,56669.059166,MW,DE,DE_LU,forecast_load,Forecasted Load,2026-08-09T22:55:36Z
2026-08-09T22:53:54Z,2026-08-10T00:53:54+0200,9f364823-fdf2-409d-8835-686a42d079dd,2026-07-31T12:45:00Z,2026-07-31T14:45:00+0200,56451.044108,MW,DE,DE_LU,forecast_load,Forecasted Load,2026-08-09T22:55:36Z
2026-08-09T22:53:54Z,2026-08-10T00:53:54+0200,9f364823-fdf2-409d-8835-686a42d079dd,2026-07-31T13:00:00Z,2026-07-31T15:00:00+0200,56287.319598,MW,DE,DE_LU,forecast_load,Forecasted Load,2026-08-09T22:55:36Z
2026-08-09T22:53:54Z,2026-08-10T00:53:54+0200,9f364823-fdf2-409d-8835-686a42d079dd,2026-07-31T13:15:00Z,2026-07-31T15:15:00+0200,55967.405306,MW,DE,DE_LU,forecast_load,Forecasted Load,2026-08-09T22:55:36Z
2026-08-09T22:53:54Z,2026-08-10T00:53:54+0200,9f364823-fdf2-409d-8835-686a42d079dd,2026-07-31T13:30:00Z,2026-07-31T15:30:00+0200,55411.780738,MW,DE,DE_LU,forecast_load,Forecasted Load,2026-08-09T22:55:36Z
2026-08-09T22:53:54Z,2026-08-10T00:53:54+0200,9f364823-fdf2-409d-8835-686a42d079dd,2026-07-31T13:45:00Z,2026-07-31T15:45:00+0200,55175.705444,MW,DE,DE_LU,forecast_load,Forecasted Load,2026-08-09T22:55:36Z
2026-08-09T22:53:54Z,2026-08-10T00:53:54+0200,9f364823-fdf2-409d-8835-686a42d079dd,2026-07-31T14:00:00Z,2026-07-31T16:00:00+0200,55889.998367,MW,DE,DE_LU,forecast_load,Forecasted Load,2026-08-09T22:55:36Z
2026-08-09T22:53:54Z,2026-08-10T00:53:54+0200,9f364823-fdf2-409d-8835-686a42d079dd,2026-07-31T14:15:00Z,2026-07-31T16:15:00+0200,55161.945324,MW,DE,DE_LU,forecast_load,Forecasted Load,2026-08-09T22:55:36Z
2026-08-09T22:53:54Z,2026-08-10T00:53:54+0200,9f364823-fdf2-409d-8835-686a42d079dd,2026-07-31T14:30:00Z,2026-07-31T16:30:00+0200,55630.409519,MW,DE,DE_LU,forecast_load,Forecasted Load,2026-08-09T22:55:36Z
2026-08-09T22:53:54Z,2026-08-10T00:53:54+0200,9f364823-fdf2-409d-8835-686a42d079dd,2026-07-31T14:45:00Z,2026-07-31T16:45:00+0200,55492.821925,MW,DE,DE_LU,forecast_load,Forecasted Load,2026-08-09T22:55:36Z
2026-08-09T22:53:54Z,2026-08-10T00:53:54+0200,9f364823-fdf2-409d-8835-686a42d079dd,2026-07-31T15:00:00Z,2026-07-31T17:00:00+0200,55782.37889,MW,DE,DE_LU,forecast_load,Forecasted Load,2026-08-09T22:55:36Z
2026-08-09T22:53:54Z,2026-08-10T00:53:54+0200,9f364823-fdf2-409d-8835-686a42d079dd,2026-07-31T15:15:00Z,2026-07-31T17:15:00+0200,55623.142137,MW,DE,DE_LU,forecast_load,Forecasted Load,2026-08-09T22:55:36Z
2026-08-09T22:53:54Z,2026-08-10T00:53:54+0200,9f364823-fdf2-409d-8835-686a42d079dd,2026-07-31T15:30:00Z,2026-07-31T17:30:00+0200,55512.261132,MW,DE,DE_LU,forecast_load,Forecasted Load,2026-08-09T22:55:36Z
2026-08-09T22:53:54Z,2026-08-10T00:53:54+0200,9f364823-fdf2-409d-8835-686a42d079dd,2026-07-31T15:45:00Z,2026-07-31T17:45:00+0200,55486.62962,MW,DE,DE_LU,forecast_load,Forecasted Load,2026-08-09T22:55:36Z
2026-08-09T22:53:54Z,2026-08-10T00:53:54+0200,9f364823-fdf2-409d-8835-686a42d079dd,2026-07-31T16:00:00Z,2026-07-31T18:00:00+0200,55990.33949,MW,DE,DE_LU,forecast_load,Forecasted Load,2026-08-09T22:55:36Z
2026-08-09T22:53:54Z,2026-08-10T00:53:54+0200,9f364823-fdf2-409d-8835-686a42d079dd,2026-07-31T16:15:00Z,2026-07-31T18:15:00+0200,56269.905903,MW,DE,DE_LU,forecast_load,Forecasted Load,2026-08-09T22:55:36Z
2026-08-09T22:53:54Z,2026-08-10T00:53:54+0200,9f364823-fdf2-409d-8835-686a42d079dd,2026-07-31T16:30:00Z,2026-07-31T18:30:00+0200,56450.253263,MW,DE,DE_LU,forecast_load,Forecasted Load,2026-08-09T22:55:36Z
2026-08-09T22:53:54Z,2026-08-10T00:53:54+0200,9f364823-fdf2-409d-8835-686a42d079dd,2026-07-31T16:45:00Z,2026-07-31T18:45:00+0200,56380.104978,MW,DE,DE_LU,forecast_load,Forecasted Load,2026-08-09T22:55:36Z
2026-08-09T22:53:54Z,2026-08-10T00:53:54+0200,9f364823-fdf2-409d-8835-686a42d079dd,2026-07-31T17:00:00Z,2026-07-31T19:00:00+0200,56366.492911,MW,DE,DE_LU,forecast_load,Forecasted Load,2026-08-09T22:55:36Z
2026-08-09T22:53:54Z,2026-08-10T00:53:54+0200,9f364823-fdf2-409d-8835-686a42d079dd,2026-07-31T17:15:00Z,2026-07-31T19:15:00+0200,56133.883777,MW,DE,DE_LU,forecast_load,Forecasted Load,2026-08-09T22:55:36Z
2026-08-09T22:53:54Z,2026-08-10T00:53:54+0200,9f364823-fdf2-409d-8835-686a42d079dd,2026-07-31T17:30:00Z,2026-07-31T19:30:00+0200,56005.988858,MW,DE,DE_LU,forecast_load,Forecasted Load,2026-08-09T22:55:36Z
2026-08-09T22:53:54Z,2026-08-10T00:53:54+0200,9f364823-fdf2-409d-8835-686a42d079dd,2026-07-31T17:45:00Z,2026-07-31T19:45:00+0200,55775.390154,MW,DE,DE_LU,forecast_load,Forecasted Load,2026-08-09T22:55:36Z
2026-08-09T22:53:54Z,2026-08-10T00:53:54+0200,9f364823-fdf2-409d-8835-686a42d079dd,2026-07-31T18:00:00Z,2026-07-31T20:00:00+0200,55219.660861,MW,DE,DE_LU,forecast_load,Forecasted Load,2026-08-09T22:55:36Z
2026-08-09T22:53:54Z,2026-08-10T00:53:54+0200,9f364823-fdf2-409d-8835-686a42d079dd,2026-07-31T18:15:00Z,2026-07-31T20:15:00+0200,54608.493668,MW,DE,DE_LU,forecast_load,Forecasted Load,2026-08-09T22:55:36Z
2026-08-09T22:53:54Z,2026-08-10T00:53:54+0200,9f364823-fdf2-409d-8835-686a42d079dd,2026-07-31T18:30:00Z,2026-07-31T20:30:00+0200,53926.929557,MW,DE,DE_LU,forecast_load,Forecasted Load,2026-08-09T22:55:36Z
2026-08-09T22:53:54Z,2026-08-10T00:53:54+0200,9f364823-fdf2-409d-8835-686a42d079dd,2026-07-31T18:45:00Z,2026-07-31T20:45:00+0200,53525.834046,MW,DE,DE_LU,forecast_load,Forecasted Load,2026-08-09T22:55:36Z
2026-08-09T22:53:54Z,2026-08-10T00:53:54+0200,9f364823-fdf2-409d-8835-686a42d079dd,2026-07-31T19:00:00Z,2026-07-31T21:00:00+0200,52913.470756,MW,DE,DE_LU,forecast_load,Forecasted Load,2026-08-09T22:55:36Z
2026-08-09T22:53:54Z,2026-08-10T00:53:54+0200,9f364823-fdf2-409d-8835-686a42d079dd,2026-07-31T19:15:00Z,2026-07-31T21:15:00+0200,52540.457546,MW,DE,DE_LU,forecast_load,Forecasted Load,2026-08-09T22:55:36Z
2026-08-09T22:53:54Z,2026-08-10T00:53:54+0200,9f364823-fdf2-409d-8835-686a42d079dd,2026-07-31T19:30:00Z,2026-07-31T21:30:00+0200,51904.311592,MW,DE,DE_LU,forecast_load,Forecasted Load,2026-08-09T22:55:36Z
2026-08-09T22:53:54Z,2026-08-10T00:53:54+0200,9f364823-fdf2-409d-8835-686a42d079dd,2026-07-31T19:45:00Z,2026-07-31T21:45:00+0200,51370.498365,MW,DE,DE_LU,forecast_load,Forecasted Load,2026-08-09T22:55:36Z
2026-08-09T22:53:54Z,2026-08-10T00:53:54+0200,9f364823-fdf2-409d-8835-686a42d079dd,2026-07-31T20:00:00Z,2026-07-31T22:00:00+0200,50454.738994,MW,DE,DE_LU,forecast_load,Forecasted Load,2026-08-09T22:55:36Z
2026-08-09T22:53:54Z,2026-08-10T00:53:54+0200,9f364823-fdf2-409d-8835-686a42d079dd,2026-07-31T20:15:00Z,2026-07-31T22:15:00+0200,49777.89617,MW,DE,DE_LU,forecast_load,Forecasted Load,2026-08-09T22:55:36Z
2026-08-09T22:53:54Z,2026-08-10T00:53:54+0200,9f364823-fdf2-409d-8835-686a42d079dd,2026-07-31T20:30:00Z,2026-07-31T22:30:00+0200,49034.503464,MW,DE,DE_LU,forecast_load,Forecasted Load,2026-08-09T22:55:36Z
2026-08-09T22:53:54Z,2026-08-10T00:53:54+0200,9f364823-fdf2-409d-8835-686a42d079dd,2026-07-31T20:45:00Z,2026-07-31T22:45:00+0200,48311.678762,MW,DE,DE_LU,forecast_load,Forecasted Load,2026-08-09T22:55:36Z
2026-08-09T22:53:54Z,2026-08-10T00:53:54+0200,9f364823-fdf2-409d-8835-686a42d079dd,2026-07-31T21:00:00Z,2026-07-31T23:00:00+0200,47292.496818,MW,DE,DE_LU,forecast_load,Forecasted Load,2026-08-09T22:55:36Z
2026-08-09T22:53:54Z,2026-08-10T00:53:54+0200,9f364823-fdf2-409d-8835-686a42d079dd,2026-07-31T21:15:00Z,2026-07-31T23:15:00+0200,46608.331496,MW,DE,DE_LU,forecast_load,Forecasted Load,2026-08-09T22:55:36Z
2026-08-09T22:53:54Z,2026-08-10T00:53:54+0200,9f364823-fdf2-409d-8835-686a42d079dd,2026-07-31T21:30:00Z,2026-07-31T23:30:00+0200,45916.309584,MW,DE,DE_LU,forecast_load,Forecasted Load,2026-08-09T22:55:36Z
2026-08-09T22:53:54Z,2026-08-10T00:53:54+0200,9f364823-fdf2-409d-8835-686a42d079dd,2026-07-31T21:45:00Z,2026-07-31T23:45:00+0200,45179.239971,MW,DE,DE_LU,forecast_load,Forecasted Load,2026-08-09T22:55:36Z
2026-08-09T22:53:54Z,2026-08-10T00:53:54+0200,9f364823-fdf2-409d-8835-686a42d079dd,2026-07-31T22:00:00Z,2026-08-01T00:00:00+0200,44287.890695,MW,DE,DE_LU,forecast_load,Forecasted Load,2026-08-09T22:55:36Z
2026-08-09T22:53:54Z,2026-08-10T00:53:54+0200,9f364823-fdf2-409d-8835-686a42d079dd,2026-07-31T22:15:00Z,2026-08-01T00:15:00+0200,43622.332977,MW,DE,DE_LU,forecast_load,Forecasted Load,2026-08-09T22:55:36Z
2026-08-09T22:53:54Z,2026-08-10T00:53:54+0200,9f364823-fdf2-409d-8835-686a42d079dd,2026-07-31T22:30:00Z,2026-08-01T00:30:00+0200,43113.583478,MW,DE,DE_LU,forecast_load,Forecasted Load,2026-08-09T22:55:36Z
2026-08-09T22:53:54Z,2026-08-10T00:53:54+0200,9f364823-fdf2-409d-8835-686a42d079dd,2026-07-31T22:45:00Z,2026-08-01T00:45:00+0200,42706.02205,MW,DE,DE_LU,forecast_load,Forecasted Load,2026-08-09T22:55:36Z
2026-08-09T22:53:54Z,2026-08-10T00:53:54+0200,9f364823-fdf2-409d-8835-686a42d079dd,2026-07-31T23:00:00Z,2026-08-01T01:00:00+0200,42258.520631,MW,DE,DE_LU,forecast_load,Forecasted Load,2026-08-09T22:55:36Z
2026-08-09T22:53:54Z,2026-08-10T00:53:54+0200,9f364823-fdf2-409d-8835-686a42d079dd,2026-07-31T23:15:00Z,2026-08-01T01:15:00+0200,41726.289656,MW,DE,DE_LU,forecast_load,Forecasted Load,2026-08-09T22:55:36Z
2026-08-09T22:53:54Z,2026-08-10T00:53:54+0200,9f364823-fdf2-409d-8835-686a42d079dd,2026-07-31T23:30:00Z,2026-08-01T01:30:00+0200,41309.34684,MW,DE,DE_LU,forecast_load,Forecasted Load,2026-08-09T22:55:36Z
2026-08-09T22:53:54Z,2026-08-10T00:53:54+0200,9f364823-fdf2-409d-8835-686a42d079dd,2026-07-31T23:45:00Z,2026-08-01T01:45:00+0200,40881.018282,MW,DE,DE_LU,forecast_load,Forecasted Load,2026-08-09T22:55:36Z
2026-08-09T22:53:54Z,2026-08-10T00:53:54+0200,9f364823-fdf2-409d-8835-686a42d079dd,2026-08-01T00:00:00Z,2026-08-01T02:00:00+0200,40632.7107,MW,DE,DE_LU,forecast_load,Forecasted Load,2026-08-09T22:55:36Z
2026-08-09T22:53:54Z,2026-08-10T00:53:54+0200,9f364823-fdf2-409d-8835-686a42d079dd,2026-08-01T00:15:00Z,2026-08-01T02:15:00+0200,40351.981647,MW,DE,DE_LU,forecast_load,Forecasted Load,2026-08-09T22:55:36Z
2026-08-09T22:53:54Z,2026-08-10T00:53:54+0200,9f364823-fdf2-409d-8835-686a42d079dd,2026-08-01T00:30:00Z,2026-08-01T02:30:00+0200,40168.345774,MW,DE,DE_LU,forecast_load,Forecasted Load,2026-08-09T22:55:36Z
2026-08-09T22:53:54Z,2026-08-10T00:53:54+0200,9f364823-fdf2-409d-8835-686a42d079dd,2026-08-01T00:45:00Z,2026-08-01T02:45:00+0200,39957.420809,MW,DE,DE_LU,forecast_load,Forecasted Load,2026-08-09T22:55:36Z
2026-08-09T22:53:54Z,2026-08-10T00:53:54+0200,9f364823-fdf2-409d-8835-686a42d079dd,2026-08-01T01:00:00Z,2026-08-01T03:00:00+0200,39844.144405,MW,DE,DE_LU,forecast_load,Forecasted Load,2026-08-09T22:55:36Z
2026-08-09T22:53:54Z,2026-08-10T00:53:54+0200,9f364823-fdf2-409d-8835-686a42d079dd,2026-08-01T01:15:00Z,2026-08-01T03:15:00+0200,39725.490545,MW,DE,DE_LU,forecast_load,Forecasted Load,2026-08-09T22:55:36Z
2026-08-09T22:53:54Z,2026-08-10T00:53:54+0200,9f364823-fdf2-409d-8835-686a42d079dd,2026-08-01T01:30:00Z,2026-08-01T03:30:00+0200,39637.19982,MW,DE,DE_LU,forecast_load,Forecasted Load,2026-08-09T22:55:36Z
2026-08-09T22:53:54Z,2026-08-10T00:53:54+0200,9f364823-fdf2-409d-8835-686a42d079dd,2026-08-01T01:45:00Z,2026-08-01T03:45:00+0200,39517.716164,MW,DE,DE_LU,forecast_load,Forecasted Load,2026-08-09T22:55:36Z
2026-08-09T22:53:54Z,2026-08-10T00:53:54+0200,9f364823-fdf2-409d-8835-686a42d079dd,2026-08-01T02:00:00Z,2026-08-01T04:00:00+0200,39632.321712,MW,DE,DE_LU,forecast_load,Forecasted Load,2026-08-09T22:55:36Z
2026-08-09T22:53:54Z,2026-08-10T00:53:54+0200,9f364823-fdf2-409d-8835-686a42d079dd,2026-08-01T02:15:00Z,2026-08-01T04:15:00+0200,39629.738839,MW,DE,DE_LU,forecast_load,Forecasted Load,2026-08-09T22:55:36Z
2026-08-09T22:53:54Z,2026-08-10T00:53:54+0200,9f364823-fdf2-409d-8835-686a42d079dd,2026-08-01T02:30:00Z,2026-08-01T04:30:00+0200,39701.535415,MW,DE,DE_LU,forecast_load,Forecasted Load,2026-08-09T22:55:36Z
2026-08-09T22:53:54Z,2026-08-10T00:53:54+0200,9f364823-fdf2-409d-8835-686a42d079dd,2026-08-01T02:45:00Z,2026-08-01T04:45:00+0200,39719.47829,MW,DE,DE_LU,forecast_load,Forecasted Load,2026-08-09T22:55:36Z
2026-08-09T22:53:54Z,2026-08-10T00:53:54+0200,9f364823-fdf2-409d-8835-686a42d079dd,2026-08-01T03:00:00Z,2026-08-01T05:00:00+0200,39968.737293,MW,DE,DE_LU,forecast_load,Forecasted Load,2026-08-09T22:55:36Z
2026-08-09T22:53:54Z,2026-08-10T00:53:54+0200,9f364823-fdf2-409d-8835-686a42d079dd,2026-08-01T03:15:00Z,2026-08-01T05:15:00+0200,40162.149446,MW,DE,DE_LU,forecast_load,Forecasted Load,2026-08-09T22:55:36Z
2026-08-09T22:53:54Z,2026-08-10T00:53:54+0200,9f364823-fdf2-409d-8835-686a42d079dd,2026-08-01T03:30:00Z,2026-08-01T05:30:00+0200,40628.968388,MW,DE,DE_LU,forecast_load,Forecasted Load,2026-08-09T22:55:36Z
2026-08-09T22:53:54Z,2026-08-10T00:53:54+0200,9f364823-fdf2-409d-8835-686a42d079dd,2026-08-01T03:45:00Z,2026-08-01T05:45:00+0200,40929.701951,MW,DE,DE_LU,forecast_load,Forecasted Load,2026-08-09T22:55:36Z
2026-08-09T22:53:54Z,2026-08-10T00:53:54+0200,9f364823-fdf2-409d-8835-686a42d079dd,2026-08-01T04:00:00Z,2026-08-01T06:00:00+0200,41546.892461,MW,DE,DE_LU,forecast_load,Forecasted Load,2026-08-09T22:55:36Z
2026-08-09T22:53:54Z,2026-08-10T00:53:54+0200,9f364823-fdf2-409d-8835-686a42d079dd,2026-08-01T04:15:00Z,2026-08-01T06:15:00+0200,41951.334908,MW,DE,DE_LU,forecast_load,Forecasted Load,2026-08-09T22:55:36Z
2026-08-09T22:53:54Z,2026-08-10T00:53:54+0200,9f364823-fdf2-409d-8835-686a42d079dd,2026-08-01T04:30:00Z,2026-08-01T06:30:00+0200,42340.41095,MW,DE,DE_LU,forecast_load,Forecasted Load,2026-08-09T22:55:36Z
2026-08-09T22:53:54Z,2026-08-10T00:53:54+0200,9f364823-fdf2-409d-8835-686a42d079dd,2026-08-01T04:45:00Z,2026-08-01T06:45:00+0200,42807.873876,MW,DE,DE_LU,forecast_load,Forecasted Load,2026-08-09T22:55:36Z
2026-08-09T22:53:54Z,2026-08-10T00:53:54+0200,9f364823-fdf2-409d-8835-686a42d079dd,2026-08-01T05:00:00Z,2026-08-01T07:00:00+0200,43304.483711,MW,DE,DE_LU,forecast_load,Forecasted Load,2026-08-09T22:55:36Z
2026-08-09T22:53:54Z,2026-08-10T00:53:54+0200,9f364823-fdf2-409d-8835-686a42d079dd,2026-08-01T05:15:00Z,2026-08-01T07:15:00+0200,44048.419911,MW,DE,DE_LU,forecast_load,Forecasted Load,2026-08-09T22:55:36Z
2026-08-09T22:53:54Z,2026-08-10T00:53:54+0200,9f364823-fdf2-409d-8835-686a42d079dd,2026-08-01T05:30:00Z,2026-08-01T07:30:00+0200,44876.643192,MW,DE,DE_LU,forecast_load,Forecasted Load,2026-08-09T22:55:36Z
2026-08-09T22:53:54Z,2026-08-10T00:53:54+0200,9f364823-fdf2-409d-8835-686a42d079dd,2026-08-01T05:45:00Z,2026-08-01T07:45:00+0200,45929.526682,MW,DE,DE_LU,forecast_load,Forecasted Load,2026-08-09T22:55:36Z
2026-08-09T22:53:54Z,2026-08-10T00:53:54+0200,9f364823-fdf2-409d-8835-686a42d079dd,2026-08-01T06:00:00Z,2026-08-01T08:00:00+0200,46354.283716,MW,DE,DE_LU,forecast_load,Forecasted Load,2026-08-09T22:55:36Z
2026-08-09T22:53:54Z,2026-08-10T00:53:54+0200,9f364823-fdf2-409d-8835-686a42d079dd,2026-08-01T06:15:00Z,2026-08-01T08:15:00+0200,47268.383957,MW,DE,DE_LU,forecast_load,Forecasted Load,2026-08-09T22:55:36Z
2026-08-09T22:53:54Z,2026-08-10T00:53:54+0200,9f364823-fdf2-409d-8835-686a42d079dd,2026-08-01T06:30:00Z,2026-08-01T08:30:00+0200,47854.397499,MW,DE,DE_LU,forecast_load,Forecasted Load,2026-08-09T22:55:36Z
2026-08-09T22:53:54Z,2026-08-10T00:53:54+0200,9f364823-fdf2-409d-8835-686a42d079dd,2026-08-01T06:45:00Z,2026-08-01T08:45:00+0200,48497.054106,MW,DE,DE_LU,forecast_load,Forecasted Load,2026-08-09T22:55:36Z
2026-08-09T22:53:54Z,2026-08-10T00:53:54+0200,9f364823-fdf2-409d-8835-686a42d079dd,2026-08-01T07:00:00Z,2026-08-01T09:00:00+0200,48811.630397,MW,DE,DE_LU,forecast_load,Forecasted Load,2026-08-09T22:55:36Z
2026-08-09T22:53:54Z,2026-08-10T00:53:54+0200,9f364823-fdf2-409d-8835-686a42d079dd,2026-08-01T07:15:00Z,2026-08-01T09:15:00+0200,49223.070627,MW,DE,DE_LU,forecast_load,Forecasted Load,2026-08-09T22:55:36Z
2026-08-09T22:53:54Z,2026-08-10T00:53:54+0200,9f364823-fdf2-409d-8835-686a42d079dd,2026-08-01T07:30:00Z,2026-08-01T09:30:00+0200,49754.452922,MW,DE,DE_LU,forecast_load,Forecasted Load,2026-08-09T22:55:36Z
2026-08-09T22:53:54Z,2026-08-10T00:53:54+0200,9f364823-fdf2-409d-8835-686a42d079dd,2026-08-01T07:45:00Z,2026-08-01T09:45:00+0200,50314.315502,MW,DE,DE_LU,forecast_load,Forecasted Load,2026-08-09T22:55:36Z
2026-08-09T22:53:54Z,2026-08-10T00:53:54+0200,9f364823-fdf2-409d-8835-686a42d079dd,2026-08-01T08:00:00Z,2026-08-01T10:00:00+0200,50458.953832,MW,DE,DE_LU,forecast_load,Forecasted Load,2026-08-09T22:55:36Z
2026-08-09T22:53:54Z,2026-08-10T00:53:54+0200,9f364823-fdf2-409d-8835-686a42d079dd,2026-08-01T08:15:00Z,2026-08-01T10:15:00+0200,50687.508775,MW,DE,DE_LU,forecast_load,Forecasted Load,2026-08-09T22:55:36Z
2026-08-09T22:53:54Z,2026-08-10T00:53:54+0200,9f364823-fdf2-409d-8835-686a42d079dd,2026-08-01T08:30:00Z,2026-08-01T10:30:00+0200,50634.246235,MW,DE,DE_LU,forecast_load,Forecasted Load,2026-08-09T22:55:36Z
2026-08-09T22:53:54Z,2026-08-10T00:53:54+0200,9f364823-fdf2-409d-8835-686a42d079dd,2026-08-01T08:45:00Z,2026-08-01T10:45:00+0200,50817.822026,MW,DE,DE_LU,forecast_load,Forecasted Load,2026-08-09T22:55:36Z
2026-08-09T22:53:54Z,2026-08-10T00:53:54+0200,9f364823-fdf2-409d-8835-686a42d079dd,2026-08-01T09:00:00Z,2026-08-01T11:00:00+0200,50648.276347,MW,DE,DE_LU,forecast_load,Forecasted Load,2026-08-09T22:55:36Z
2026-08-09T22:53:54Z,2026-08-10T00:53:54+0200,9f364823-fdf2-409d-8835-686a42d079dd,2026-08-01T09:15:00Z,2026-08-01T11:15:00+0200,50442.80895,MW,DE,DE_LU,forecast_load,Forecasted Load,2026-08-09T22:55:36Z
2026-08-09T22:53:54Z,2026-08-10T00:53:54+0200,9f364823-fdf2-409d-8835-686a42d079dd,2026-08-01T09:30:00Z,2026-08-01T11:30:00+0200,50471.694881,MW,DE,DE_LU,forecast_load,Forecasted Load,2026-08-09T22:55:36Z
2026-08-09T22:53:54Z,2026-08-10T00:53:54+0200,9f364823-fdf2-409d-8835-686a42d079dd,2026-08-01T09:45:00Z,2026-08-01T11:45:00+0200,50189.023829,MW,DE,DE_LU,forecast_load,Forecasted Load,2026-08-09T22:55:36Z
2026-08-09T22:53:54Z,2026-08-10T00:53:54+0200,9f364823-fdf2-409d-8835-686a42d079dd,2026-08-01T10:00:00Z,2026-08-01T12:00:00+0200,49933.182777,MW,DE,DE_LU,forecast_load,Forecasted Load,2026-08-09T22:55:36Z
2026-08-09T22:53:54Z,2026-08-10T00:53:54+0200,9f364823-fdf2-409d-8835-686a42d079dd,2026-08-01T10:15:00Z,2026-08-01T12:15:00+0200,49518.022189,MW,DE,DE_LU,forecast_load,Forecasted Load,2026-08-09T22:55:36Z
2026-08-09T22:53:54Z,2026-08-10T00:53:54+0200,9f364823-fdf2-409d-8835-686a42d079dd,2026-08-01T10:30:00Z,2026-08-01T12:30:00+0200,49373.531374,MW,DE,DE_LU,forecast_load,Forecasted Load,2026-08-09T22:55:36Z
2026-08-09T22:53:54Z,2026-08-10T00:53:54+0200,9f364823-fdf2-409d-8835-686a42d079dd,2026-08-01T10:45:00Z,2026-08-01T12:45:00+0200,49245.598698,MW,DE,DE_LU,forecast_load,Forecasted Load,2026-08-09T22:55:36Z
2026-08-09T22:53:54Z,2026-08-10T00:53:54+0200,9f364823-fdf2-409d-8835-686a42d079dd,2026-08-01T11:00:00Z,2026-08-01T13:00:00+0200,49047.985618,MW,DE,DE_LU,forecast_load,Forecasted Load,2026-08-09T22:55:36Z
2026-08-09T22:53:54Z,2026-08-10T00:53:54+0200,9f364823-fdf2-409d-8835-686a42d079dd,2026-08-01T11:15:00Z,2026-08-01T13:15:00+0200,48789.1193,MW,DE,DE_LU,forecast_load,Forecasted Load,2026-08-09T22:55:36Z
2026-08-09T22:53:54Z,2026-08-10T00:53:54+0200,9f364823-fdf2-409d-8835-686a42d079dd,2026-08-01T11:30:00Z,2026-08-01T13:30:00+0200,48630.785824,MW,DE,DE_LU,forecast_load,Forecasted Load,2026-08-09T22:55:36Z
2026-08-09T22:53:54Z,2026-08-10T00:53:54+0200,9f364823-fdf2-409d-8835-686a42d079dd,2026-08-01T11:45:00Z,2026-08-01T13:45:00+0200,48538.584766,MW,DE,DE_LU,forecast_load,Forecasted Load,2026-08-09T22:55:36Z
2026-08-09T22:53:54Z,2026-08-10T00:53:54+0200,9f364823-fdf2-409d-8835-686a42d079dd,2026-08-01T12:00:00Z,2026-08-01T14:00:00+0200,48234.754227,MW,DE,DE_LU,forecast_load,Forecasted Load,2026-08-09T22:55:36Z
2026-08-09T22:53:54Z,2026-08-10T00:53:54+0200,9f364823-fdf2-409d-8835-686a42d079dd,2026-08-01T12:15:00Z,2026-08-01T14:15:00+0200,47732.676748,MW,DE,DE_LU,forecast_load,Forecasted Load,2026-08-09T22:55:36Z
2026-08-09T22:53:54Z,2026-08-10T00:53:54+0200,9f364823-fdf2-409d-8835-686a42d079dd,2026-08-01T12:30:00Z,2026-08-01T14:30:00+0200,47415.533849,MW,DE,DE_LU,forecast_load,Forecasted Load,2026-08-09T22:55:36Z
2026-08-09T22:53:54Z,2026-08-10T00:53:54+0200,9f364823-fdf2-409d-8835-686a42d079dd,2026-08-01T12:45:00Z,2026-08-01T14:45:00+0200,47230.248107,MW,DE,DE_LU,forecast_load,Forecasted Load,2026-08-09T22:55:36Z
2026-08-09T22:53:54Z,2026-08-10T00:53:54+0200,9f364823-fdf2-409d-8835-686a42d079dd,2026-08-01T13:00:00Z,2026-08-01T15:00:00+0200,47149.840597,MW,DE,DE_LU,forecast_load,Forecasted Load,2026-08-09T22:55:36Z
2026-08-09T22:53:54Z,2026-08-10T00:53:54+0200,9f364823-fdf2-409d-8835-686a42d079dd,2026-08-01T13:15:00Z,2026-08-01T15:15:00+0200,47095.71644,MW,DE,DE_LU,forecast_load,Forecasted Load,2026-08-09T22:55:36Z
2026-08-09T22:53:54Z,2026-08-10T00:53:54+0200,9f364823-fdf2-409d-8835-686a42d079dd,2026-08-01T13:30:00Z,2026-08-01T15:30:00+0200,46969.68308,MW,DE,DE_LU,forecast_load,Forecasted Load,2026-08-09T22:55:36Z
2026-08-09T22:53:54Z,2026-08-10T00:53:54+0200,9f364823-fdf2-409d-8835-686a42d079dd,2026-08-01T13:45:00Z,2026-08-01T15:45:00+0200,46648.426024,MW,DE,DE_LU,forecast_load,Forecasted Load,2026-08-09T22:55:36Z
2026-08-09T22:53:54Z,2026-08-10T00:53:54+0200,9f364823-fdf2-409d-8835-686a42d079dd,2026-08-01T14:00:00Z,2026-08-01T16:00:00+0200,47305.626032,MW,DE,DE_LU,forecast_load,Forecasted Load,2026-08-09T22:55:36Z
2026-08-09T22:53:54Z,2026-08-10T00:53:54+0200,9f364823-fdf2-409d-8835-686a42d079dd,2026-08-01T14:15:00Z,2026-08-01T16:15:00+0200,47119.03729,MW,DE,DE_LU,forecast_load,Forecasted Load,2026-08-09T22:55:36Z
2026-08-09T22:53:54Z,2026-08-10T00:53:54+0200,9f364823-fdf2-409d-8835-686a42d079dd,2026-08-01T14:30:00Z,2026-08-01T16:30:00+0200,47374.231038,MW,DE,DE_LU,forecast_load,Forecasted Load,2026-08-09T22:55:36Z
2026-08-09T22:53:54Z,2026-08-10T00:53:54+0200,9f364823-fdf2-409d-8835-686a42d079dd,2026-08-01T14:45:00Z,2026-08-01T16:45:00+0200,47161.155021,MW,DE,DE_LU,forecast_load,Forecasted Load,2026-08-09T22:55:36Z
2026-08-09T22:53:54Z,2026-08-10T00:53:54+0200,9f364823-fdf2-409d-8835-686a42d079dd,2026-08-01T15:00:00Z,2026-08-01T17:00:00+0200,48030.326658,MW,DE,DE_LU,forecast_load,Forecasted Load,2026-08-09T22:55:36Z
2026-08-09T22:53:54Z,2026-08-10T00:53:54+0200,9f364823-fdf2-409d-8835-686a42d079dd,2026-08-01T15:15:00Z,2026-08-01T17:15:00+0200,48056.772163,MW,DE,DE_LU,forecast_load,Forecasted Load,2026-08-09T22:55:36Z
2026-08-09T22:53:54Z,2026-08-10T00:53:54+0200,9f364823-fdf2-409d-8835-686a42d079dd,2026-08-01T15:30:00Z,2026-08-01T17:30:00+0200,48320.758313,MW,DE,DE_LU,forecast_load,Forecasted Load,2026-08-09T22:55:36Z
2026-08-09T22:53:54Z,2026-08-10T00:53:54+0200,9f364823-fdf2-409d-8835-686a42d079dd,2026-08-01T15:45:00Z,2026-08-01T17:45:00+0200,48655.047515,MW,DE,DE_LU,forecast_load,Forecasted Load,2026-08-09T22:55:36Z
2026-08-09T22:53:54Z,2026-08-10T00:53:54+0200,9f364823-fdf2-409d-8835-686a42d079dd,2026-08-01T16:00:00Z,2026-08-01T18:00:00+0200,49040.450463,MW,DE,DE_LU,forecast_load,Forecasted Load,2026-08-09T22:55:36Z
2026-08-09T22:53:54Z,2026-08-10T00:53:54+0200,9f364823-fdf2-409d-8835-686a42d079dd,2026-08-01T16:15:00Z,2026-08-01T18:15:00+0200,49194.683939,MW,DE,DE_LU,forecast_load,Forecasted Load,2026-08-09T22:55:36Z
2026-08-09T22:53:54Z,2026-08-10T00:53:54+0200,9f364823-fdf2-409d-8835-686a42d079dd,2026-08-01T16:30:00Z,2026-08-01T18:30:00+0200,49498.646989,MW,DE,DE_LU,forecast_load,Forecasted Load,2026-08-09T22:55:36Z
2026-08-09T22:53:54Z,2026-08-10T00:53:54+0200,9f364823-fdf2-409d-8835-686a42d079dd,2026-08-01T16:45:00Z,2026-08-01T18:45:00+0200,49645.128842,MW,DE,DE_LU,forecast_load,Forecasted Load,2026-08-09T22:55:36Z
2026-08-09T22:53:54Z,2026-08-10T00:53:54+0200,9f364823-fdf2-409d-8835-686a42d079dd,2026-08-01T17:00:00Z,2026-08-01T19:00:00+0200,49763.670444,MW,DE,DE_LU,forecast_load,Forecasted Load,2026-08-09T22:55:36Z
2026-08-09T22:53:54Z,2026-08-10T00:53:54+0200,9f364823-fdf2-409d-8835-686a42d079dd,2026-08-01T17:15:00Z,2026-08-01T19:15:00+0200,49783.352803,MW,DE,DE_LU,forecast_load,Forecasted Load,2026-08-09T22:55:36Z
2026-08-09T22:53:54Z,2026-08-10T00:53:54+0200,9f364823-fdf2-409d-8835-686a42d079dd,2026-08-01T17:30:00Z,2026-08-01T19:30:00+0200,49444.074662,MW,DE,DE_LU,forecast_load,Forecasted Load,2026-08-09T22:55:36Z
2026-08-09T22:53:54Z,2026-08-10T00:53:54+0200,9f364823-fdf2-409d-8835-686a42d079dd,2026-08-01T17:45:00Z,2026-08-01T19:45:00+0200,49236.629028,MW,DE,DE_LU,forecast_load,Forecasted Load,2026-08-09T22:55:36Z
2026-08-09T22:53:54Z,2026-08-10T00:53:54+0200,9f364823-fdf2-409d-8835-686a42d079dd,2026-08-01T18:00:00Z,2026-08-01T20:00:00+0200,49048.026541,MW,DE,DE_LU,forecast_load,Forecasted Load,2026-08-09T22:55:36Z
2026-08-09T22:53:54Z,2026-08-10T00:53:54+0200,9f364823-fdf2-409d-8835-686a42d079dd,2026-08-01T18:15:00Z,2026-08-01T20:15:00+0200,48528.67617,MW,DE,DE_LU,forecast_load,Forecasted Load,2026-08-09T22:55:36Z
2026-08-09T22:53:54Z,2026-08-10T00:53:54+0200,9f364823-fdf2-409d-8835-686a42d079dd,2026-08-01T18:30:00Z,2026-08-01T20:30:00+0200,48072.525491,MW,DE,DE_LU,forecast_load,Forecasted Load,2026-08-09T22:55:36Z
2026-08-09T22:53:54Z,2026-08-10T00:53:54+0200,9f364823-fdf2-409d-8835-686a42d079dd,2026-08-01T18:45:00Z,2026-08-01T20:45:00+0200,47905.975146,MW,DE,DE_LU,forecast_load,Forecasted Load,2026-08-09T22:55:36Z
2026-08-09T22:53:54Z,2026-08-10T00:53:54+0200,9f364823-fdf2-409d-8835-686a42d079dd,2026-08-01T19:00:00Z,2026-08-01T21:00:00+0200,47270.984625,MW,DE,DE_LU,forecast_load,Forecasted Load,2026-08-09T22:55:36Z
2026-08-09T22:53:54Z,2026-08-10T00:53:54+0200,9f364823-fdf2-409d-8835-686a42d079dd,2026-08-01T19:15:00Z,2026-08-01T21:15:00+0200,47021.908687,MW,DE,DE_LU,forecast_load,Forecasted Load,2026-08-09T22:55:36Z
2026-08-09T22:53:54Z,2026-08-10T00:53:54+0200,9f364823-fdf2-409d-8835-686a42d079dd,2026-08-01T19:30:00Z,2026-08-01T21:30:00+0200,46563.735219,MW,DE,DE_LU,forecast_load,Forecasted Load,2026-08-09T22:55:36Z
2026-08-09T22:53:54Z,2026-08-10T00:53:54+0200,9f364823-fdf2-409d-8835-686a42d079dd,2026-08-01T19:45:00Z,2026-08-01T21:45:00+0200,46050.275432,MW,DE,DE_LU,forecast_load,Forecasted Load,2026-08-09T22:55:36Z
2026-08-09T22:53:54Z,2026-08-10T00:53:54+0200,9f364823-fdf2-409d-8835-686a42d079dd,2026-08-01T20:00:00Z,2026-08-01T22:00:00+0200,45806.396784,MW,DE,DE_LU,forecast_load,Forecasted Load,2026-08-09T22:55:36Z
2026-08-09T22:53:54Z,2026-08-10T00:53:54+0200,9f364823-fdf2-409d-8835-686a42d079dd,2026-08-01T20:15:00Z,2026-08-01T22:15:00+0200,45152.796045,MW,DE,DE_LU,forecast_load,Forecasted Load,2026-08-09T22:55:36Z
2026-08-09T22:53:54Z,2026-08-10T00:53:54+0200,9f364823-fdf2-409d-8835-686a42d079dd,2026-08-01T20:30:00Z,2026-08-01T22:30:00+0200,44658.459905,MW,DE,DE_LU,forecast_load,Forecasted Load,2026-08-09T22:55:36Z
2026-08-09T22:53:54Z,2026-08-10T00:53:54+0200,9f364823-fdf2-409d-8835-686a42d079dd,2026-08-01T20:45:00Z,2026-08-01T22:45:00+0200,44106.640834,MW,DE,DE_LU,forecast_load,Forecasted Load,2026-08-09T22:55:36Z
2026-08-09T22:53:54Z,2026-08-10T00:53:54+0200,9f364823-fdf2-409d-8835-686a42d079dd,2026-08-01T21:00:00Z,2026-08-01T23:00:00+0200,43416.935742,MW,DE,DE_LU,forecast_load,Forecasted Load,2026-08-09T22:55:36Z
2026-08-09T22:53:54Z,2026-08-10T00:53:54+0200,9f364823-fdf2-409d-8835-686a42d079dd,2026-08-01T21:15:00Z,2026-08-01T23:15:00+0200,42824.289114,MW,DE,DE_LU,forecast_load,Forecasted Load,2026-08-09T22:55:36Z
2026-08-09T22:53:54Z,2026-08-10T00:53:54+0200,9f364823-fdf2-409d-8835-686a42d079dd,2026-08-01T21:30:00Z,2026-08-01T23:30:00+0200,42319.03191,MW,DE,DE_LU,forecast_load,Forecasted Load,2026-08-09T22:55:36Z
2026-08-09T22:53:54Z,2026-08-10T00:53:54+0200,9f364823-fdf2-409d-8835-686a42d079dd,2026-08-01T21:45:00Z,2026-08-01T23:45:00+0200,41798.622808,MW,DE,DE_LU,forecast_load,Forecasted Load,2026-08-09T22:55:36Z
2026-08-09T22:53:54Z,2026-08-10T00:53:54+0200,9f364823-fdf2-409d-8835-686a42d079dd,2026-08-01T22:00:00Z,2026-08-02T00:00:00+0200,41316.19729,MW,DE,DE_LU,forecast_load,Forecasted Load,2026-08-09T22:55:36Z
2026-08-09T22:53:54Z,2026-08-10T00:53:54+0200,9f364823-fdf2-409d-8835-686a42d079dd,2026-08-01T22:15:00Z,2026-08-02T00:15:00+0200,40669.261967,MW,DE,DE_LU,forecast_load,Forecasted Load,2026-08-09T22:55:36Z
2026-08-09T22:53:54Z,2026-08-10T00:53:54+0200,9f364823-fdf2-409d-8835-686a42d079dd,2026-08-01T22:30:00Z,2026-08-02T00:30:00+0200,40099.800903,MW,DE,DE_LU,forecast_load,Forecasted Load,2026-08-09T22:55:36Z
2026-08-09T22:53:54Z,2026-08-10T00:53:54+0200,9f364823-fdf2-409d-8835-686a42d079dd,2026-08-01T22:45:00Z,2026-08-02T00:45:00+0200,39661.748082,MW,DE,DE_LU,forecast_load,Forecasted Load,2026-08-09T22:55:36Z
2026-08-09T22:53:54Z,2026-08-10T00:53:54+0200,9f364823-fdf2-409d-8835-686a42d079dd,2026-08-01T23:00:00Z,2026-08-02T01:00:00+0200,39233.587485,MW,DE,DE_LU,forecast_load,Forecasted Load,2026-08-09T22:55:36Z
2026-08-09T22:53:54Z,2026-08-10T00:53:54+0200,9f364823-fdf2-409d-8835-686a42d079dd,2026-08-01T23:15:00Z,2026-08-02T01:15:00+0200,38812.900021,MW,DE,DE_LU,forecast_load,Forecasted Load,2026-08-09T22:55:36Z
2026-08-09T22:53:54Z,2026-08-10T00:53:54+0200,9f364823-fdf2-409d-8835-686a42d079dd,2026-08-01T23:30:00Z,2026-08-02T01:30:00+0200,38454.886863,MW,DE,DE_LU,forecast_load,Forecasted Load,2026-08-09T22:55:36Z
2026-08-09T22:53:54Z,2026-08-10T00:53:54+0200,9f364823-fdf2-409d-8835-686a42d079dd,2026-08-01T23:45:00Z,2026-08-02T01:45:00+0200,38218.585444,MW,DE,DE_LU,forecast_load,Forecasted Load,2026-08-09T22:55:36Z
2026-08-09T22:53:54Z,2026-08-10T00:53:54+0200,9f364823-fdf2-409d-8835-686a42d079dd,2026-08-02T00:00:00Z,2026-08-02T02:00:00+0200,38038.658202,MW,DE,DE_LU,forecast_load,Forecasted Load,2026-08-09T22:55:36Z
2026-08-09T22:53:54Z,2026-08-10T00:53:54+0200,9f364823-fdf2-409d-8835-686a42d079dd,2026-08-02T00:15:00Z,2026-08-02T02:15:00+0200,37817.908683,MW,DE,DE_LU,forecast_load,Forecasted Load,2026-08-09T22:55:36Z
2026-08-09T22:53:54Z,2026-08-10T00:53:54+0200,9f364823-fdf2-409d-8835-686a42d079dd,2026-08-02T00:30:00Z,2026-08-02T02:30:00+0200,37684.916236,MW,DE,DE_LU,forecast_load,Forecasted Load,2026-08-09T22:55:36Z
2026-08-09T22:53:54Z,2026-08-10T00:53:54+0200,9f364823-fdf2-409d-8835-686a42d079dd,2026-08-02T00:45:00Z,2026-08-02T02:45:00+0200,37553.925232,MW,DE,DE_LU,forecast_load,Forecasted Load,2026-08-09T22:55:36Z
2026-08-09T22:53:54Z,2026-08-10T00:53:54+0200,9f364823-fdf2-409d-8835-686a42d079dd,2026-08-02T01:00:00Z,2026-08-02T03:00:00+0200,37533.506488,MW,DE,DE_LU,forecast_load,Forecasted Load,2026-08-09T22:55:36Z
2026-08-09T22:53:54Z,2026-08-10T00:53:54+0200,9f364823-fdf2-409d-8835-686a42d079dd,2026-08-02T01:15:00Z,2026-08-02T03:15:00+0200,37391.868253,MW,DE,DE_LU,forecast_load,Forecasted Load,2026-08-09T22:55:36Z
2026-08-09T22:53:54Z,2026-08-10T00:53:54+0200,9f364823-fdf2-409d-8835-686a42d079dd,2026-08-02T01:30:00Z,2026-08-02T03:30:00+0200,37406.92672,MW,DE,DE_LU,forecast_load,Forecasted Load,2026-08-09T22:55:36Z
2026-08-09T22:53:54Z,2026-08-10T00:53:54+0200,9f364823-fdf2-409d-8835-686a42d079dd,2026-08-02T01:45:00Z,2026-08-02T03:45:00+0200,37380.746896,MW,DE,DE_LU,forecast_load,Forecasted Load,2026-08-09T22:55:36Z
2026-08-09T22:53:54Z,2026-08-10T00:53:54+0200,9f364823-fdf2-409d-8835-686a42d079dd,2026-08-02T02:00:00Z,2026-08-02T04:00:00+0200,37408.197568,MW,DE,DE_LU,forecast_load,Forecasted Load,2026-08-09T22:55:36Z
2026-08-09T22:53:54Z,2026-08-10T00:53:54+0200,9f364823-fdf2-409d-8835-686a42d079dd,2026-08-02T02:15:00Z,2026-08-02T04:15:00+0200,37588.488532,MW,DE,DE_LU,forecast_load,Forecasted Load,2026-08-09T22:55:36Z
2026-08-09T22:53:54Z,2026-08-10T00:53:54+0200,9f364823-fdf2-409d-8835-686a42d079dd,2026-08-02T02:30:00Z,2026-08-02T04:30:00+0200,37509.858658,MW,DE,DE_LU,forecast_load,Forecasted Load,2026-08-09T22:55:36Z
2026-08-09T22:53:54Z,2026-08-10T00:53:54+0200,9f364823-fdf2-409d-8835-686a42d079dd,2026-08-02T02:45:00Z,2026-08-02T04:45:00+0200,37530.752972,MW,DE,DE_LU,forecast_load,Forecasted Load,2026-08-09T22:55:36Z
2026-08-09T22:53:54Z,2026-08-10T00:53:54+0200,9f364823-fdf2-409d-8835-686a42d079dd,2026-08-02T03:00:00Z,2026-08-02T05:00:00+0200,37924.45239,MW,DE,DE_LU,forecast_load,Forecasted Load,2026-08-09T22:55:36Z
2026-08-09T22:53:54Z,2026-08-10T00:53:54+0200,9f364823-fdf2-409d-8835-686a42d079dd,2026-08-02T03:15:00Z,2026-08-02T05:15:00+0200,38186.656261,MW,DE,DE_LU,forecast_load,Forecasted Load,2026-08-09T22:55:36Z
2026-08-09T22:53:54Z,2026-08-10T00:53:54+0200,9f364823-fdf2-409d-8835-686a42d079dd,2026-08-02T03:30:00Z,2026-08-02T05:30:00+0200,38317.29528,MW,DE,DE_LU,forecast_load,Forecasted Load,2026-08-09T22:55:36Z
2026-08-09T22:53:54Z,2026-08-10T00:53:54+0200,9f364823-fdf2-409d-8835-686a42d079dd,2026-08-02T03:45:00Z,2026-08-02T05:45:00+0200,38566.076284,MW,DE,DE_LU,forecast_load,Forecasted Load,2026-08-09T22:55:36Z
2026-08-09T22:53:54Z,2026-08-10T00:53:54+0200,9f364823-fdf2-409d-8835-686a42d079dd,2026-08-02T04:00:00Z,2026-08-02T06:00:00+0200,39048.474652,MW,DE,DE_LU,forecast_load,Forecasted Load,2026-08-09T22:55:36Z
2026-08-09T22:53:54Z,2026-08-10T00:53:54+0200,9f364823-fdf2-409d-8835-686a42d079dd,2026-08-02T04:15:00Z,2026-08-02T06:15:00+0200,39292.38802,MW,DE,DE_LU,forecast_load,Forecasted Load,2026-08-09T22:55:36Z
2026-08-09T22:53:54Z,2026-08-10T00:53:54+0200,9f364823-fdf2-409d-8835-686a42d079dd,2026-08-02T04:30:00Z,2026-08-02T06:30:00+0200,39820.509518,MW,DE,DE_LU,forecast_load,Forecasted Load,2026-08-09T22:55:36Z
2026-08-09T22:53:54Z,2026-08-10T00:53:54+0200,9f364823-fdf2-409d-8835-686a42d079dd,2026-08-02T04:45:00Z,2026-08-02T06:45:00+0200,40332.420144,MW,DE,DE_LU,forecast_load,Forecasted Load,2026-08-09T22:55:36Z
2026-08-09T22:53:54Z,2026-08-10T00:53:54+0200,9f364823-fdf2-409d-8835-686a42d079dd,2026-08-02T05:00:00Z,2026-08-02T07:00:00+0200,40861.954499,MW,DE,DE_LU,forecast_load,Forecasted Load,2026-08-09T22:55:36Z
2026-08-09T22:53:54Z,2026-08-10T00:53:54+0200,9f364823-fdf2-409d-8835-686a42d079dd,2026-08-02T05:15:00Z,2026-08-02T07:15:00+0200,41463.68928,MW,DE,DE_LU,forecast_load,Forecasted Load,2026-08-09T22:55:36Z
2026-08-09T22:53:54Z,2026-08-10T00:53:54+0200,9f364823-fdf2-409d-8835-686a42d079dd,2026-08-02T05:30:00Z,2026-08-02T07:30:00+0200,42133.522842,MW,DE,DE_LU,forecast_load,Forecasted Load,2026-08-09T22:55:36Z
2026-08-09T22:53:54Z,2026-08-10T00:53:54+0200,9f364823-fdf2-409d-8835-686a42d079dd,2026-08-02T05:45:00Z,2026-08-02T07:45:00+0200,42942.630479,MW,DE,DE_LU,forecast_load,Forecasted Load,2026-08-09T22:55:36Z
2026-08-09T22:53:54Z,2026-08-10T00:53:54+0200,9f364823-fdf2-409d-8835-686a42d079dd,2026-08-02T06:00:00Z,2026-08-02T08:00:00+0200,43590.496831,MW,DE,DE_LU,forecast_load,Forecasted Load,2026-08-09T22:55:36Z
2026-08-09T22:53:54Z,2026-08-10T00:53:54+0200,9f364823-fdf2-409d-8835-686a42d079dd,2026-08-02T06:15:00Z,2026-08-02T08:15:00+0200,44457.978639,MW,DE,DE_LU,forecast_load,Forecasted Load,2026-08-09T22:55:36Z
2026-08-09T22:53:54Z,2026-08-10T00:53:54+0200,9f364823-fdf2-409d-8835-686a42d079dd,2026-08-02T06:30:00Z,2026-08-02T08:30:00+0200,45285.444264,MW,DE,DE_LU,forecast_load,Forecasted Load,2026-08-09T22:55:36Z
2026-08-09T22:53:54Z,2026-08-10T00:53:54+0200,9f364823-fdf2-409d-8835-686a42d079dd,2026-08-02T06:45:00Z,2026-08-02T08:45:00+0200,45897.298679,MW,DE,DE_LU,forecast_load,Forecasted Load,2026-08-09T22:55:36Z
2026-08-09T22:53:54Z,2026-08-10T00:53:54+0200,9f364823-fdf2-409d-8835-686a42d079dd,2026-08-02T07:00:00Z,2026-08-02T09:00:00+0200,46126.58548,MW,DE,DE_LU,forecast_load,Forecasted Load,2026-08-09T22:55:36Z
2026-08-09T22:53:54Z,2026-08-10T00:53:54+0200,9f364823-fdf2-409d-8835-686a42d079dd,2026-08-02T07:15:00Z,2026-08-02T09:15:00+0200,46464.239878,MW,DE,DE_LU,forecast_load,Forecasted Load,2026-08-09T22:55:36Z
2026-08-09T22:53:54Z,2026-08-10T00:53:54+0200,9f364823-fdf2-409d-8835-686a42d079dd,2026-08-02T07:30:00Z,2026-08-02T09:30:00+0200,46590.92989,MW,DE,DE_LU,forecast_load,Forecasted Load,2026-08-09T22:55:36Z
2026-08-09T22:53:54Z,2026-08-10T00:53:54+0200,9f364823-fdf2-409d-8835-686a42d079dd,2026-08-02T07:45:00Z,2026-08-02T09:45:00+0200,47217.717825,MW,DE,DE_LU,forecast_load,Forecasted Load,2026-08-09T22:55:36Z
2026-08-09T22:53:54Z,2026-08-10T00:53:54+0200,9f364823-fdf2-409d-8835-686a42d079dd,2026-08-02T08:00:00Z,2026-08-02T10:00:00+0200,46959.348019,MW,DE,DE_LU,forecast_load,Forecasted Load,2026-08-09T22:55:36Z
2026-08-09T22:53:54Z,2026-08-10T00:53:54+0200,9f364823-fdf2-409d-8835-686a42d079dd,2026-08-02T08:15:00Z,2026-08-02T10:15:00+0200,47263.142792,MW,DE,DE_LU,forecast_load,Forecasted Load,2026-08-09T22:55:36Z
2026-08-09T22:53:54Z,2026-08-10T00:53:54+0200,9f364823-fdf2-409d-8835-686a42d079dd,2026-08-02T08:30:00Z,2026-08-02T10:30:00+0200,47405.728967,MW,DE,DE_LU,forecast_load,Forecasted Load,2026-08-09T22:55:36Z
2026-08-09T22:53:54Z,2026-08-10T00:53:54+0200,9f364823-fdf2-409d-8835-686a42d079dd,2026-08-02T08:45:00Z,2026-08-02T10:45:00+0200,47490.13504,MW,DE,DE_LU,forecast_load,Forecasted Load,2026-08-09T22:55:36Z
2026-08-09T22:53:54Z,2026-08-10T00:53:54+0200,9f364823-fdf2-409d-8835-686a42d079dd,2026-08-02T09:00:00Z,2026-08-02T11:00:00+0200,47974.348899,MW,DE,DE_LU,forecast_load,Forecasted Load,2026-08-09T22:55:36Z
2026-08-09T22:53:54Z,2026-08-10T00:53:54+0200,9f364823-fdf2-409d-8835-686a42d079dd,2026-08-02T09:15:00Z,2026-08-02T11:15:00+0200,48138.970849,MW,DE,DE_LU,forecast_load,Forecasted Load,2026-08-09T22:55:36Z
2026-08-09T22:53:54Z,2026-08-10T00:53:54+0200,9f364823-fdf2-409d-8835-686a42d079dd,2026-08-02T09:30:00Z,2026-08-02T11:30:00+0200,48425.121419,MW,DE,DE_LU,forecast_load,Forecasted Load,2026-08-09T22:55:36Z
2026-08-09T22:53:54Z,2026-08-10T00:53:54+0200,9f364823-fdf2-409d-8835-686a42d079dd,2026-08-02T09:45:00Z,2026-08-02T11:45:00+0200,48525.802231,MW,DE,DE_LU,forecast_load,Forecasted Load,2026-08-09T22:55:36Z
2026-08-09T22:53:54Z,2026-08-10T00:53:54+0200,9f364823-fdf2-409d-8835-686a42d079dd,2026-08-02T10:00:00Z,2026-08-02T12:00:00+0200,48293.999048,MW,DE,DE_LU,forecast_load,Forecasted Load,2026-08-09T22:55:36Z
2026-08-09T22:53:54Z,2026-08-10T00:53:54+0200,9f364823-fdf2-409d-8835-686a42d079dd,2026-08-02T10:15:00Z,2026-08-02T12:15:00+0200,48013.640971,MW,DE,DE_LU,forecast_load,Forecasted Load,2026-08-09T22:55:36Z
2026-08-09T22:53:54Z,2026-08-10T00:53:54+0200,9f364823-fdf2-409d-8835-686a42d079dd,2026-08-02T10:30:00Z,2026-08-02T12:30:00+0200,47785.342444,MW,DE,DE_LU,forecast_load,Forecasted Load,2026-08-09T22:55:36Z
2026-08-09T22:53:54Z,2026-08-10T00:53:54+0200,9f364823-fdf2-409d-8835-686a42d079dd,2026-08-02T10:45:00Z,2026-08-02T12:45:00+0200,47828.709459,MW,DE,DE_LU,forecast_load,Forecasted Load,2026-08-09T22:55:36Z
2026-08-09T22:53:54Z,2026-08-10T00:53:54+0200,9f364823-fdf2-409d-8835-686a42d079dd,2026-08-02T11:00:00Z,2026-08-02T13:00:00+0200,47332.351044,MW,DE,DE_LU,forecast_load,Forecasted Load,2026-08-09T22:55:36Z
2026-08-09T22:53:54Z,2026-08-10T00:53:54+0200,9f364823-fdf2-409d-8835-686a42d079dd,2026-08-02T11:15:00Z,2026-08-02T13:15:00+0200,47219.612738,MW,DE,DE_LU,forecast_load,Forecasted Load,2026-08-09T22:55:36Z
2026-08-09T22:53:54Z,2026-08-10T00:53:54+0200,9f364823-fdf2-409d-8835-686a42d079dd,2026-08-02T11:30:00Z,2026-08-02T13:30:00+0200,47102.906544,MW,DE,DE_LU,forecast_load,Forecasted Load,2026-08-09T22:55:36Z
2026-08-09T22:53:54Z,2026-08-10T00:53:54+0200,9f364823-fdf2-409d-8835-686a42d079dd,2026-08-02T11:45:00Z,2026-08-02T13:45:00+0200,46902.600486,MW,DE,DE_LU,forecast_load,Forecasted Load,2026-08-09T22:55:36Z
2026-08-09T22:53:54Z,2026-08-10T00:53:54+0200,9f364823-fdf2-409d-8835-686a42d079dd,2026-08-02T12:00:00Z,2026-08-02T14:00:00+0200,46657.656431,MW,DE,DE_LU,forecast_load,Forecasted Load,2026-08-09T22:55:36Z
2026-08-09T22:53:54Z,2026-08-10T00:53:54+0200,9f364823-fdf2-409d-8835-686a42d079dd,2026-08-02T12:15:00Z,2026-08-02T14:15:00+0200,46782.521389,MW,DE,DE_LU,forecast_load,Forecasted Load,2026-08-09T22:55:36Z
2026-08-09T22:53:54Z,2026-08-10T00:53:54+0200,9f364823-fdf2-409d-8835-686a42d079dd,2026-08-02T12:30:00Z,2026-08-02T14:30:00+0200,46268.885454,MW,DE,DE_LU,forecast_load,Forecasted Load,2026-08-09T22:55:36Z
2026-08-09T22:53:54Z,2026-08-10T00:53:54+0200,9f364823-fdf2-409d-8835-686a42d079dd,2026-08-02T12:45:00Z,2026-08-02T14:45:00+0200,45912.67373,MW,DE,DE_LU,forecast_load,Forecasted Load,2026-08-09T22:55:36Z
2026-08-09T22:53:54Z,2026-08-10T00:53:54+0200,9f364823-fdf2-409d-8835-686a42d079dd,2026-08-02T13:00:00Z,2026-08-02T15:00:00+0200,46172.710886,MW,DE,DE_LU,forecast_load,Forecasted Load,2026-08-09T22:55:36Z
2026-08-09T22:53:54Z,2026-08-10T00:53:54+0200,9f364823-fdf2-409d-8835-686a42d079dd,2026-08-02T13:15:00Z,2026-08-02T15:15:00+0200,45831.736526,MW,DE,DE_LU,forecast_load,Forecasted Load,2026-08-09T22:55:36Z
2026-08-09T22:53:54Z,2026-08-10T00:53:54+0200,9f364823-fdf2-409d-8835-686a42d079dd,2026-08-02T13:30:00Z,2026-08-02T15:30:00+0200,45698.288573,MW,DE,DE_LU,forecast_load,Forecasted Load,2026-08-09T22:55:36Z
2026-08-09T22:53:54Z,2026-08-10T00:53:54+0200,9f364823-fdf2-409d-8835-686a42d079dd,2026-08-02T13:45:00Z,2026-08-02T15:45:00+0200,45804.558657,MW,DE,DE_LU,forecast_load,Forecasted Load,2026-08-09T22:55:36Z
2026-08-09T22:53:54Z,2026-08-10T00:53:54+0200,9f364823-fdf2-409d-8835-686a42d079dd,2026-08-02T14:00:00Z,2026-08-02T16:00:00+0200,45985.20777,MW,DE,DE_LU,forecast_load,Forecasted Load,2026-08-09T22:55:36Z
2026-08-09T22:53:54Z,2026-08-10T00:53:54+0200,9f364823-fdf2-409d-8835-686a42d079dd,2026-08-02T14:15:00Z,2026-08-02T16:15:00+0200,45795.508137,MW,DE,DE_LU,forecast_load,Forecasted Load,2026-08-09T22:55:36Z
2026-08-09T22:53:54Z,2026-08-10T00:53:54+0200,9f364823-fdf2-409d-8835-686a42d079dd,2026-08-02T14:30:00Z,2026-08-02T16:30:00+0200,45875.398017,MW,DE,DE_LU,forecast_load,Forecasted Load,2026-08-09T22:55:36Z
2026-08-09T22:53:54Z,2026-08-10T00:53:54+0200,9f364823-fdf2-409d-8835-686a42d079dd,2026-08-02T14:45:00Z,2026-08-02T16:45:00+0200,46132.852451,MW,DE,DE_LU,forecast_load,Forecasted Load,2026-08-09T22:55:36Z
2026-08-09T22:53:54Z,2026-08-10T00:53:54+0200,9f364823-fdf2-409d-8835-686a42d079dd,2026-08-02T15:00:00Z,2026-08-02T17:00:00+0200,46647.414672,MW,DE,DE_LU,forecast_load,Forecasted Load,2026-08-09T22:55:36Z
2026-08-09T22:53:54Z,2026-08-10T00:53:54+0200,9f364823-fdf2-409d-8835-686a42d079dd,2026-08-02T15:15:00Z,2026-08-02T17:15:00+0200,46938.874059,MW,DE,DE_LU,forecast_load,Forecasted Load,2026-08-09T22:55:36Z
2026-08-09T22:53:54Z,2026-08-10T00:53:54+0200,9f364823-fdf2-409d-8835-686a42d079dd,2026-08-02T15:30:00Z,2026-08-02T17:30:00+0200,47522.63926,MW,DE,DE_LU,forecast_load,Forecasted Load,2026-08-09T22:55:36Z
2026-08-09T22:53:54Z,2026-08-10T00:53:54+0200,9f364823-fdf2-409d-8835-686a42d079dd,2026-08-02T15:45:00Z,2026-08-02T17:45:00+0200,48120.795046,MW,DE,DE_LU,forecast_load,Forecasted Load,2026-08-09T22:55:36Z
2026-08-09T22:53:54Z,2026-08-10T00:53:54+0200,9f364823-fdf2-409d-8835-686a42d079dd,2026-08-02T16:00:00Z,2026-08-02T18:00:00+0200,48613.400252,MW,DE,DE_LU,forecast_load,Forecasted Load,2026-08-09T22:55:36Z
2026-08-09T22:53:54Z,2026-08-10T00:53:54+0200,9f364823-fdf2-409d-8835-686a42d079dd,2026-08-02T16:15:00Z,2026-08-02T18:15:00+0200,48802.993936,MW,DE,DE_LU,forecast_load,Forecasted Load,2026-08-09T22:55:36Z
2026-08-09T22:53:54Z,2026-08-10T00:53:54+0200,9f364823-fdf2-409d-8835-686a42d079dd,2026-08-02T16:30:00Z,2026-08-02T18:30:00+0200,49025.541059,MW,DE,DE_LU,forecast_load,Forecasted Load,2026-08-09T22:55:36Z
2026-08-09T22:53:54Z,2026-08-10T00:53:54+0200,9f364823-fdf2-409d-8835-686a42d079dd,2026-08-02T16:45:00Z,2026-08-02T18:45:00+0200,49231.476536,MW,DE,DE_LU,forecast_load,Forecasted Load,2026-08-09T22:55:36Z
2026-08-09T22:53:54Z,2026-08-10T00:53:54+0200,9f364823-fdf2-409d-8835-686a42d079dd,2026-08-02T17:00:00Z,2026-08-02T19:00:00+0200,49539.346572,MW,DE,DE_LU,forecast_load,Forecasted Load,2026-08-09T22:55:36Z
2026-08-09T22:53:54Z,2026-08-10T00:53:54+0200,9f364823-fdf2-409d-8835-686a42d079dd,2026-08-02T17:15:00Z,2026-08-02T19:15:00+0200,49444.624236,MW,DE,DE_LU,forecast_load,Forecasted Load,2026-08-09T22:55:36Z
2026-08-09T22:53:54Z,2026-08-10T00:53:54+0200,9f364823-fdf2-409d-8835-686a42d079dd,2026-08-02T17:30:00Z,2026-08-02T19:30:00+0200,49552.939982,MW,DE,DE_LU,forecast_load,Forecasted Load,2026-08-09T22:55:36Z
2026-08-09T22:53:54Z,2026-08-10T00:53:54+0200,9f364823-fdf2-409d-8835-686a42d079dd,2026-08-02T17:45:00Z,2026-08-02T19:45:00+0200,49146.444407,MW,DE,DE_LU,forecast_load,Forecasted Load,2026-08-09T22:55:36Z
2026-08-09T22:53:54Z,2026-08-10T00:53:54+0200,9f364823-fdf2-409d-8835-686a42d079dd,2026-08-02T18:00:00Z,2026-08-02T20:00:00+0200,49124.958694,MW,DE,DE_LU,forecast_load,Forecasted Load,2026-08-09T22:55:36Z
2026-08-09T22:53:54Z,2026-08-10T00:53:54+0200,9f364823-fdf2-409d-8835-686a42d079dd,2026-08-02T18:15:00Z,2026-08-02T20:15:00+0200,48829.978354,MW,DE,DE_LU,forecast_load,Forecasted Load,2026-08-09T22:55:36Z
2026-08-09T22:53:54Z,2026-08-10T00:53:54+0200,9f364823-fdf2-409d-8835-686a42d079dd,2026-08-02T18:30:00Z,2026-08-02T20:30:00+0200,48444.689724,MW,DE,DE_LU,forecast_load,Forecasted Load,2026-08-09T22:55:36Z
2026-08-09T22:53:54Z,2026-08-10T00:53:54+0200,9f364823-fdf2-409d-8835-686a42d079dd,2026-08-02T18:45:00Z,2026-08-02T20:45:00+0200,48413.140142,MW,DE,DE_LU,forecast_load,Forecasted Load,2026-08-09T22:55:36Z
2026-08-09T22:53:54Z,2026-08-10T00:53:54+0200,9f364823-fdf2-409d-8835-686a42d079dd,2026-08-02T19:00:00Z,2026-08-02T21:00:00+0200,47890.320991,MW,DE,DE_LU,forecast_load,Forecasted Load,2026-08-09T22:55:36Z
2026-08-09T22:53:54Z,2026-08-10T00:53:54+0200,9f364823-fdf2-409d-8835-686a42d079dd,2026-08-02T19:15:00Z,2026-08-02T21:15:00+0200,47705.213035,MW,DE,DE_LU,forecast_load,Forecasted Load,2026-08-09T22:55:36Z
2026-08-09T22:53:54Z,2026-08-10T00:53:54+0200,9f364823-fdf2-409d-8835-686a42d079dd,2026-08-02T19:30:00Z,2026-08-02T21:30:00+0200,47325.40875,MW,DE,DE_LU,forecast_load,Forecasted Load,2026-08-09T22:55:36Z
2026-08-09T22:53:54Z,2026-08-10T00:53:54+0200,9f364823-fdf2-409d-8835-686a42d079dd,2026-08-02T19:45:00Z,2026-08-02T21:45:00+0200,47022.083627,MW,DE,DE_LU,forecast_load,Forecasted Load,2026-08-09T22:55:36Z
2026-08-09T22:53:54Z,2026-08-10T00:53:54+0200,9f364823-fdf2-409d-8835-686a42d079dd,2026-08-02T20:00:00Z,2026-08-02T22:00:00+0200,46500.305079,MW,DE,DE_LU,forecast_load,Forecasted Load,2026-08-09T22:55:36Z
2026-08-09T22:53:54Z,2026-08-10T00:53:54+0200,9f364823-fdf2-409d-8835-686a42d079dd,2026-08-02T20:15:00Z,2026-08-02T22:15:00+0200,45776.897852,MW,DE,DE_LU,forecast_load,Forecasted Load,2026-08-09T22:55:36Z
2026-08-09T22:53:54Z,2026-08-10T00:53:54+0200,9f364823-fdf2-409d-8835-686a42d079dd,2026-08-02T20:30:00Z,2026-08-02T22:30:00+0200,45389.515636,MW,DE,DE_LU,forecast_load,Forecasted Load,2026-08-09T22:55:36Z
2026-08-09T22:53:54Z,2026-08-10T00:53:54+0200,9f364823-fdf2-409d-8835-686a42d079dd,2026-08-02T20:45:00Z,2026-08-02T22:45:00+0200,44745.800271,MW,DE,DE_LU,forecast_load,Forecasted Load,2026-08-09T22:55:36Z
2026-08-09T22:53:54Z,2026-08-10T00:53:54+0200,9f364823-fdf2-409d-8835-686a42d079dd,2026-08-02T21:00:00Z,2026-08-02T23:00:00+0200,44286.080355,MW,DE,DE_LU,forecast_load,Forecasted Load,2026-08-09T22:55:36Z
2026-08-09T22:53:54Z,2026-08-10T00:53:54+0200,9f364823-fdf2-409d-8835-686a42d079dd,2026-08-02T21:15:00Z,2026-08-02T23:15:00+0200,43849.873298,MW,DE,DE_LU,forecast_load,Forecasted Load,2026-08-09T22:55:36Z
2026-08-09T22:53:54Z,2026-08-10T00:53:54+0200,9f364823-fdf2-409d-8835-686a42d079dd,2026-08-02T21:30:00Z,2026-08-02T23:30:00+0200,43326.676448,MW,DE,DE_LU,forecast_load,Forecasted Load,2026-08-09T22:55:36Z
2026-08-09T22:53:54Z,2026-08-10T00:53:54+0200,9f364823-fdf2-409d-8835-686a42d079dd,2026-08-02T21:45:00Z,2026-08-02T23:45:00+0200,42805.066759,MW,DE,DE_LU,forecast_load,Forecasted Load,2026-08-09T22:55:36Z
2026-08-09T22:53:54Z,2026-08-10T00:53:54+0200,9f364823-fdf2-409d-8835-686a42d079dd,2026-08-02T22:00:00Z,2026-08-03T00:00:00+0200,41289.080028,MW,DE,DE_LU,forecast_load,Forecasted Load,2026-08-09T22:55:36Z
2026-08-09T22:53:54Z,2026-08-10T00:53:54+0200,9f364823-fdf2-409d-8835-686a42d079dd,2026-08-02T22:15:00Z,2026-08-03T00:15:00+0200,40702.64364,MW,DE,DE_LU,forecast_load,Forecasted Load,2026-08-09T22:55:36Z
2026-08-09T22:53:54Z,2026-08-10T00:53:54+0200,9f364823-fdf2-409d-8835-686a42d079dd,2026-08-02T22:30:00Z,2026-08-03T00:30:00+0200,40554.604185,MW,DE,DE_LU,forecast_load,Forecasted Load,2026-08-09T22:55:36Z
2026-08-09T22:53:54Z,2026-08-10T00:53:54+0200,9f364823-fdf2-409d-8835-686a42d079dd,2026-08-02T22:45:00Z,2026-08-03T00:45:00+0200,40402.715456,MW,DE,DE_LU,forecast_load,Forecasted Load,2026-08-09T22:55:36Z
2026-08-09T22:53:54Z,2026-08-10T00:53:54+0200,9f364823-fdf2-409d-8835-686a42d079dd,2026-08-02T23:00:00Z,2026-08-03T01:00:00+0200,39934.707665,MW,DE,DE_LU,forecast_load,Forecasted Load,2026-08-09T22:55:36Z
2026-08-09T22:53:54Z,2026-08-10T00:53:54+0200,9f364823-fdf2-409d-8835-686a42d079dd,2026-08-02T23:15:00Z,2026-08-03T01:15:00+0200,39719.110663,MW,DE,DE_LU,forecast_load,Forecasted Load,2026-08-09T22:55:36Z
2026-08-09T22:53:54Z,2026-08-10T00:53:54+0200,9f364823-fdf2-409d-8835-686a42d079dd,2026-08-02T23:30:00Z,2026-08-03T01:30:00+0200,39443.415836,MW,DE,DE_LU,forecast_load,Forecasted Load,2026-08-09T22:55:36Z
2026-08-09T22:53:54Z,2026-08-10T00:53:54+0200,9f364823-fdf2-409d-8835-686a42d079dd,2026-08-02T23:45:00Z,2026-08-03T01:45:00+0200,39149.232335,MW,DE,DE_LU,forecast_load,Forecasted Load,2026-08-09T22:55:36Z
2026-08-09T22:53:54Z,2026-08-10T00:53:54+0200,9f364823-fdf2-409d-8835-686a42d079dd,2026-08-03T00:00:00Z,2026-08-03T02:00:00+0200,39112.177262,MW,DE,DE_LU,forecast_load,Forecasted Load,2026-08-09T22:55:36Z
2026-08-09T22:53:54Z,2026-08-10T00:53:54+0200,9f364823-fdf2-409d-8835-686a42d079dd,2026-08-03T00:15:00Z,2026-08-03T02:15:00+0200,38952.177951,MW,DE,DE_LU,forecast_load,Forecasted Load,2026-08-09T22:55:36Z
2026-08-09T22:53:54Z,2026-08-10T00:53:54+0200,9f364823-fdf2-409d-8835-686a42d079dd,2026-08-03T00:30:00Z,2026-08-03T02:30:00+0200,38836.255404,MW,DE,DE_LU,forecast_load,Forecasted Load,2026-08-09T22:55:36Z
2026-08-09T22:53:54Z,2026-08-10T00:53:54+0200,9f364823-fdf2-409d-8835-686a42d079dd,2026-08-03T00:45:00Z,2026-08-03T02:45:00+0200,38726.903564,MW,DE,DE_LU,forecast_load,Forecasted Load,2026-08-09T22:55:36Z
2026-08-09T22:53:54Z,2026-08-10T00:53:54+0200,9f364823-fdf2-409d-8835-686a42d079dd,2026-08-03T01:00:00Z,2026-08-03T03:00:00+0200,38770.836171,MW,DE,DE_LU,forecast_load,Forecasted Load,2026-08-09T22:55:36Z
2026-08-09T22:53:54Z,2026-08-10T00:53:54+0200,9f364823-fdf2-409d-8835-686a42d079dd,2026-08-03T01:15:00Z,2026-08-03T03:15:00+0200,38901.125495,MW,DE,DE_LU,forecast_load,Forecasted Load,2026-08-09T22:55:36Z
2026-08-09T22:53:54Z,2026-08-10T00:53:54+0200,9f364823-fdf2-409d-8835-686a42d079dd,2026-08-03T01:30:00Z,2026-08-03T03:30:00+0200,38993.342892,MW,DE,DE_LU,forecast_load,Forecasted Load,2026-08-09T22:55:36Z
2026-08-09T22:53:54Z,2026-08-10T00:53:54+0200,9f364823-fdf2-409d-8835-686a42d079dd,2026-08-03T01:45:00Z,2026-08-03T03:45:00+0200,39053.303018,MW,DE,DE_LU,forecast_load,Forecasted Load,2026-08-09T22:55:36Z
2026-08-09T22:53:54Z,2026-08-10T00:53:54+0200,9f364823-fdf2-409d-8835-686a42d079dd,2026-08-03T02:00:00Z,2026-08-03T04:00:00+0200,39507.200809,MW,DE,DE_LU,forecast_load,Forecasted Load,2026-08-09T22:55:36Z
2026-08-09T22:53:54Z,2026-08-10T00:53:54+0200,9f364823-fdf2-409d-8835-686a42d079dd,2026-08-03T02:15:00Z,2026-08-03T04:15:00+0200,39794.387888,MW,DE,DE_LU,forecast_load,Forecasted Load,2026-08-09T22:55:36Z
2026-08-09T22:53:54Z,2026-08-10T00:53:54+0200,9f364823-fdf2-409d-8835-686a42d079dd,2026-08-03T02:30:00Z,2026-08-03T04:30:00+0200,40245.855331,MW,DE,DE_LU,forecast_load,Forecasted Load,2026-08-09T22:55:36Z
2026-08-09T22:53:54Z,2026-08-10T00:53:54+0200,9f364823-fdf2-409d-8835-686a42d079dd,2026-08-03T02:45:00Z,2026-08-03T04:45:00+0200,40745.701747,MW,DE,DE_LU,forecast_load,Forecasted Load,2026-08-09T22:55:36Z
2026-08-09T22:53:54Z,2026-08-10T00:53:54+0200,9f364823-fdf2-409d-8835-686a42d079dd,2026-08-03T03:00:00Z,2026-08-03T05:00:00+0200,41932.377958,MW,DE,DE_LU,forecast_load,Forecasted Load,2026-08-09T22:55:36Z
2026-08-09T22:53:54Z,2026-08-10T00:53:54+0200,9f364823-fdf2-409d-8835-686a42d079dd,2026-08-03T03:15:00Z,2026-08-03T05:15:00+0200,42880.482371,MW,DE,DE_LU,forecast_load,Forecasted Load,2026-08-09T22:55:36Z
2026-08-09T22:53:54Z,2026-08-10T00:53:54+0200,9f364823-fdf2-409d-8835-686a42d079dd,2026-08-03T03:30:00Z,2026-08-03T05:30:00+0200,44644.031862,MW,DE,DE_LU,forecast_load,Forecasted Load,2026-08-09T22:55:36Z
2026-08-09T22:53:54Z,2026-08-10T00:53:54+0200,9f364823-fdf2-409d-8835-686a42d079dd,2026-08-03T03:45:00Z,2026-08-03T05:45:00+0200,46144.539789,MW,DE,DE_LU,forecast_load,Forecasted Load,2026-08-09T22:55:36Z
2026-08-09T22:53:54Z,2026-08-10T00:53:54+0200,9f364823-fdf2-409d-8835-686a42d079dd,2026-08-03T04:00:00Z,2026-08-03T06:00:00+0200,48272.155487,MW,DE,DE_LU,forecast_load,Forecasted Load,2026-08-09T22:55:36Z
2026-08-09T22:53:54Z,2026-08-10T00:53:54+0200,9f364823-fdf2-409d-8835-686a42d079dd,2026-08-03T04:15:00Z,2026-08-03T06:15:00+0200,49953.340457,MW,DE,DE_LU,forecast_load,Forecasted Load,2026-08-09T22:55:36Z
2026-08-09T22:53:54Z,2026-08-10T00:53:54+0200,9f364823-fdf2-409d-8835-686a42d079dd,2026-08-03T04:30:00Z,2026-08-03T06:30:00+0200,51285.281303,MW,DE,DE_LU,forecast_load,Forecasted Load,2026-08-09T22:55:36Z
2026-08-09T22:53:54Z,2026-08-10T00:53:54+0200,9f364823-fdf2-409d-8835-686a42d079dd,2026-08-03T04:45:00Z,2026-08-03T06:45:00+0200,52388.994978,MW,DE,DE_LU,forecast_load,Forecasted Load,2026-08-09T22:55:36Z
2026-08-09T22:53:54Z,2026-08-10T00:53:54+0200,9f364823-fdf2-409d-8835-686a42d079dd,2026-08-03T05:00:00Z,2026-08-03T07:00:00+0200,54033.420001,MW,DE,DE_LU,forecast_load,Forecasted Load,2026-08-09T22:55:36Z
2026-08-09T22:53:54Z,2026-08-10T00:53:54+0200,9f364823-fdf2-409d-8835-686a42d079dd,2026-08-03T05:15:00Z,2026-08-03T07:15:00+0200,55406.094467,MW,DE,DE_LU,forecast_load,Forecasted Load,2026-08-09T22:55:36Z
2026-08-09T22:53:54Z,2026-08-10T00:53:54+0200,9f364823-fdf2-409d-8835-686a42d079dd,2026-08-03T05:30:00Z,2026-08-03T07:30:00+0200,56443.261215,MW,DE,DE_LU,forecast_load,Forecasted Load,2026-08-09T22:55:36Z
2026-08-09T22:53:54Z,2026-08-10T00:53:54+0200,9f364823-fdf2-409d-8835-686a42d079dd,2026-08-03T05:45:00Z,2026-08-03T07:45:00+0200,57342.518846,MW,DE,DE_LU,forecast_load,Forecasted Load,2026-08-09T22:55:36Z
2026-08-09T22:53:54Z,2026-08-10T00:53:54+0200,9f364823-fdf2-409d-8835-686a42d079dd,2026-08-03T06:00:00Z,2026-08-03T08:00:00+0200,57977.133435,MW,DE,DE_LU,forecast_load,Forecasted Load,2026-08-09T22:55:36Z
2026-08-09T22:53:54Z,2026-08-10T00:53:54+0200,9f364823-fdf2-409d-8835-686a42d079dd,2026-08-03T06:15:00Z,2026-08-03T08:15:00+0200,58632.723944,MW,DE,DE_LU,forecast_load,Forecasted Load,2026-08-09T22:55:36Z
2026-08-09T22:53:54Z,2026-08-10T00:53:54+0200,9f364823-fdf2-409d-8835-686a42d079dd,2026-08-03T06:30:00Z,2026-08-03T08:30:00+0200,59324.827811,MW,DE,DE_LU,forecast_load,Forecasted Load,2026-08-09T22:55:36Z
2026-08-09T22:53:54Z,2026-08-10T00:53:54+0200,9f364823-fdf2-409d-8835-686a42d079dd,2026-08-03T06:45:00Z,2026-08-03T08:45:00+0200,59707.902559,MW,DE,DE_LU,forecast_load,Forecasted Load,2026-08-09T22:55:36Z
2026-08-09T22:53:54Z,2026-08-10T00:53:54+0200,9f364823-fdf2-409d-8835-686a42d079dd,2026-08-03T07:00:00Z,2026-08-03T09:00:00+0200,59487.017869,MW,DE,DE_LU,forecast_load,Forecasted Load,2026-08-09T22:55:36Z
2026-08-09T22:53:54Z,2026-08-10T00:53:54+0200,9f364823-fdf2-409d-8835-686a42d079dd,2026-08-03T07:15:00Z,2026-08-03T09:15:00+0200,59663.075321,MW,DE,DE_LU,forecast_load,Forecasted Load,2026-08-09T22:55:36Z
2026-08-09T22:53:54Z,2026-08-10T00:53:54+0200,9f364823-fdf2-409d-8835-686a42d079dd,2026-08-03T07:30:00Z,2026-08-03T09:30:00+0200,59955.314348,MW,DE,DE_LU,forecast_load,Forecasted Load,2026-08-09T22:55:36Z
2026-08-09T22:53:54Z,2026-08-10T00:53:54+0200,9f364823-fdf2-409d-8835-686a42d079dd,2026-08-03T07:45:00Z,2026-08-03T09:45:00+0200,59808.204571,MW,DE,DE_LU,forecast_load,Forecasted Load,2026-08-09T22:55:36Z
2026-08-09T22:53:54Z,2026-08-10T00:53:54+0200,9f364823-fdf2-409d-8835-686a42d079dd,2026-08-03T08:00:00Z,2026-08-03T10:00:00+0200,59460.909485,MW,DE,DE_LU,forecast_load,Forecasted Load,2026-08-09T22:55:36Z
2026-08-09T22:53:54Z,2026-08-10T00:53:54+0200,9f364823-fdf2-409d-8835-686a42d079dd,2026-08-03T08:15:00Z,2026-08-03T10:15:00+0200,59381.624703,MW,DE,DE_LU,forecast_load,Forecasted Load,2026-08-09T22:55:36Z
2026-08-09T22:53:54Z,2026-08-10T00:53:54+0200,9f364823-fdf2-409d-8835-686a42d079dd,2026-08-03T08:30:00Z,2026-08-03T10:30:00+0200,59432.20157,MW,DE,DE_LU,forecast_load,Forecasted Load,2026-08-09T22:55:36Z
2026-08-09T22:53:54Z,2026-08-10T00:53:54+0200,9f364823-fdf2-409d-8835-686a42d079dd,2026-08-03T08:45:00Z,2026-08-03T10:45:00+0200,59629.1079,MW,DE,DE_LU,forecast_load,Forecasted Load,2026-08-09T22:55:36Z
2026-08-09T22:53:54Z,2026-08-10T00:53:54+0200,9f364823-fdf2-409d-8835-686a42d079dd,2026-08-03T09:00:00Z,2026-08-03T11:00:00+0200,59415.450167,MW,DE,DE_LU,forecast_load,Forecasted Load,2026-08-09T22:55:36Z
2026-08-09T22:53:54Z,2026-08-10T00:53:54+0200,9f364823-fdf2-409d-8835-686a42d079dd,2026-08-03T09:15:00Z,2026-08-03T11:15:00+0200,59127.538176,MW,DE,DE_LU,forecast_load,Forecasted Load,2026-08-09T22:55:36Z
2026-08-09T22:53:54Z,2026-08-10T00:53:54+0200,9f364823-fdf2-409d-8835-686a42d079dd,2026-08-03T09:30:00Z,2026-08-03T11:30:00+0200,59041.983859,MW,DE,DE_LU,forecast_load,Forecasted Load,2026-08-09T22:55:36Z
2026-08-09T22:53:54Z,2026-08-10T00:53:54+0200,9f364823-fdf2-409d-8835-686a42d079dd,2026-08-03T09:45:00Z,2026-08-03T11:45:00+0200,59039.883497,MW,DE,DE_LU,forecast_load,Forecasted Load,2026-08-09T22:55:36Z
2026-08-09T22:53:54Z,2026-08-10T00:53:54+0200,9f364823-fdf2-409d-8835-686a42d079dd,2026-08-03T10:00:00Z,2026-08-03T12:00:00+0200,58401.280151,MW,DE,DE_LU,forecast_load,Forecasted Load,2026-08-09T22:55:36Z
2026-08-09T22:53:54Z,2026-08-10T00:53:54+0200,9f364823-fdf2-409d-8835-686a42d079dd,2026-08-03T10:15:00Z,2026-08-03T12:15:00+0200,57687.422638,MW,DE,DE_LU,forecast_load,Forecasted Load,2026-08-09T22:55:36Z
2026-08-09T22:53:54Z,2026-08-10T00:53:54+0200,9f364823-fdf2-409d-8835-686a42d079dd,2026-08-03T10:30:00Z,2026-08-03T12:30:00+0200,57667.985955,MW,DE,DE_LU,forecast_load,Forecasted Load,2026-08-09T22:55:36Z
2026-08-09T22:53:54Z,2026-08-10T00:53:54+0200,9f364823-fdf2-409d-8835-686a42d079dd,2026-08-03T10:45:00Z,2026-08-03T12:45:00+0200,57307.189014,MW,DE,DE_LU,forecast_load,Forecasted Load,2026-08-09T22:55:36Z
2026-08-09T22:53:54Z,2026-08-10T00:53:54+0200,9f364823-fdf2-409d-8835-686a42d079dd,2026-08-03T11:00:00Z,2026-08-03T13:00:00+0200,57168.166608,MW,DE,DE_LU,forecast_load,Forecasted Load,2026-08-09T22:55:36Z
2026-08-09T22:53:54Z,2026-08-10T00:53:54+0200,9f364823-fdf2-409d-8835-686a42d079dd,2026-08-03T11:15:00Z,2026-08-03T13:15:00+0200,56987.586588,MW,DE,DE_LU,forecast_load,Forecasted Load,2026-08-09T22:55:36Z
2026-08-09T22:53:54Z,2026-08-10T00:53:54+0200,9f364823-fdf2-409d-8835-686a42d079dd,2026-08-03T11:30:00Z,2026-08-03T13:30:00+0200,56641.131716,MW,DE,DE_LU,forecast_load,Forecasted Load,2026-08-09T22:55:36Z
2026-08-09T22:53:54Z,2026-08-10T00:53:54+0200,9f364823-fdf2-409d-8835-686a42d079dd,2026-08-03T11:45:00Z,2026-08-03T13:45:00+0200,56266.150678,MW,DE,DE_LU,forecast_load,Forecasted Load,2026-08-09T22:55:36Z
2026-08-09T22:53:54Z,2026-08-10T00:53:54+0200,9f364823-fdf2-409d-8835-686a42d079dd,2026-08-03T12:00:00Z,2026-08-03T14:00:00+0200,56002.991125,MW,DE,DE_LU,forecast_load,Forecasted Load,2026-08-09T22:55:36Z
2026-08-09T22:53:54Z,2026-08-10T00:53:54+0200,9f364823-fdf2-409d-8835-686a42d079dd,2026-08-03T12:15:00Z,2026-08-03T14:15:00+0200,55737.281164,MW,DE,DE_LU,forecast_load,Forecasted Load,2026-08-09T22:55:36Z
2026-08-09T22:53:54Z,2026-08-10T00:53:54+0200,9f364823-fdf2-409d-8835-686a42d079dd,2026-08-03T12:30:00Z,2026-08-03T14:30:00+0200,55638.137215,MW,DE,DE_LU,forecast_load,Forecasted Load,2026-08-09T22:55:36Z
2026-08-09T22:53:54Z,2026-08-10T00:53:54+0200,9f364823-fdf2-409d-8835-686a42d079dd,2026-08-03T12:45:00Z,2026-08-03T14:45:00+0200,55369.376014,MW,DE,DE_LU,forecast_load,Forecasted Load,2026-08-09T22:55:36Z
2026-08-09T22:53:54Z,2026-08-10T00:53:54+0200,9f364823-fdf2-409d-8835-686a42d079dd,2026-08-03T13:00:00Z,2026-08-03T15:00:00+0200,55389.310063,MW,DE,DE_LU,forecast_load,Forecasted Load,2026-08-09T22:55:36Z
2026-08-09T22:53:54Z,2026-08-10T00:53:54+0200,9f364823-fdf2-409d-8835-686a42d079dd,2026-08-03T13:15:00Z,2026-08-03T15:15:00+0200,55351.406442,MW,DE,DE_LU,forecast_load,Forecasted Load,2026-08-09T22:55:36Z
2026-08-09T22:53:54Z,2026-08-10T00:53:54+0200,9f364823-fdf2-409d-8835-686a42d079dd,2026-08-03T13:30:00Z,2026-08-03T15:30:00+0200,55008.732123,MW,DE,DE_LU,forecast_load,Forecasted Load,2026-08-09T22:55:36Z
2026-08-09T22:53:54Z,2026-08-10T00:53:54+0200,9f364823-fdf2-409d-8835-686a42d079dd,2026-08-03T13:45:00Z,2026-08-03T15:45:00+0200,54989.25103,MW,DE,DE_LU,forecast_load,Forecasted Load,2026-08-09T22:55:36Z
2026-08-09T22:53:54Z,2026-08-10T00:53:54+0200,9f364823-fdf2-409d-8835-686a42d079dd,2026-08-03T14:00:00Z,2026-08-03T16:00:00+0200,55361.877604,MW,DE,DE_LU,forecast_load,Forecasted Load,2026-08-09T22:55:36Z
2026-08-09T22:53:54Z,2026-08-10T00:53:54+0200,9f364823-fdf2-409d-8835-686a42d079dd,2026-08-03T14:15:00Z,2026-08-03T16:15:00+0200,54684.421373,MW,DE,DE_LU,forecast_load,Forecasted Load,2026-08-09T22:55:36Z
2026-08-09T22:53:54Z,2026-08-10T00:53:54+0200,9f364823-fdf2-409d-8835-686a42d079dd,2026-08-03T14:30:00Z,2026-08-03T16:30:00+0200,54563.285836,MW,DE,DE_LU,forecast_load,Forecasted Load,2026-08-09T22:55:36Z
2026-08-09T22:53:54Z,2026-08-10T00:53:54+0200,9f364823-fdf2-409d-8835-686a42d079dd,2026-08-03T14:45:00Z,2026-08-03T16:45:00+0200,54463.976036,MW,DE,DE_LU,forecast_load,Forecasted Load,2026-08-09T22:55:36Z
2026-08-09T22:53:54Z,2026-08-10T00:53:54+0200,9f364823-fdf2-409d-8835-686a42d079dd,2026-08-03T15:00:00Z,2026-08-03T17:00:00+0200,54829.938737,MW,DE,DE_LU,forecast_load,Forecasted Load,2026-08-09T22:55:36Z
2026-08-09T22:53:54Z,2026-08-10T00:53:54+0200,9f364823-fdf2-409d-8835-686a42d079dd,2026-08-03T15:15:00Z,2026-08-03T17:15:00+0200,55717.822526,MW,DE,DE_LU,forecast_load,Forecasted Load,2026-08-09T22:55:36Z
2026-08-09T22:53:54Z,2026-08-10T00:53:54+0200,9f364823-fdf2-409d-8835-686a42d079dd,2026-08-03T15:30:00Z,2026-08-03T17:30:00+0200,56299.867021,MW,DE,DE_LU,forecast_load,Forecasted Load,2026-08-09T22:55:36Z
2026-08-09T22:53:54Z,2026-08-10T00:53:54+0200,9f364823-fdf2-409d-8835-686a42d079dd,2026-08-03T15:45:00Z,2026-08-03T17:45:00+0200,56619.104473,MW,DE,DE_LU,forecast_load,Forecasted Load,2026-08-09T22:55:36Z
2026-08-09T22:53:54Z,2026-08-10T00:53:54+0200,9f364823-fdf2-409d-8835-686a42d079dd,2026-08-03T16:00:00Z,2026-08-03T18:00:00+0200,56824.893534,MW,DE,DE_LU,forecast_load,Forecasted Load,2026-08-09T22:55:36Z
2026-08-09T22:53:54Z,2026-08-10T00:53:54+0200,9f364823-fdf2-409d-8835-686a42d079dd,2026-08-03T16:15:00Z,2026-08-03T18:15:00+0200,56983.587688,MW,DE,DE_LU,forecast_load,Forecasted Load,2026-08-09T22:55:36Z
2026-08-09T22:53:54Z,2026-08-10T00:53:54+0200,9f364823-fdf2-409d-8835-686a42d079dd,2026-08-03T16:30:00Z,2026-08-03T18:30:00+0200,57054.361651,MW,DE,DE_LU,forecast_load,Forecasted Load,2026-08-09T22:55:36Z
2026-08-09T22:53:54Z,2026-08-10T00:53:54+0200,9f364823-fdf2-409d-8835-686a42d079dd,2026-08-03T16:45:00Z,2026-08-03T18:45:00+0200,57121.94346,MW,DE,DE_LU,forecast_load,Forecasted Load,2026-08-09T22:55:36Z
2026-08-09T22:53:54Z,2026-08-10T00:53:54+0200,9f364823-fdf2-409d-8835-686a42d079dd,2026-08-03T17:00:00Z,2026-08-03T19:00:00+0200,57153.599824,MW,DE,DE_LU,forecast_load,Forecasted Load,2026-08-09T22:55:36Z
2026-08-09T22:53:54Z,2026-08-10T00:53:54+0200,9f364823-fdf2-409d-8835-686a42d079dd,2026-08-03T17:15:00Z,2026-08-03T19:15:00+0200,56820.568133,MW,DE,DE_LU,forecast_load,Forecasted Load,2026-08-09T22:55:36Z
2026-08-09T22:53:54Z,2026-08-10T00:53:54+0200,9f364823-fdf2-409d-8835-686a42d079dd,2026-08-03T17:30:00Z,2026-08-03T19:30:00+0200,56816.414287,MW,DE,DE_LU,forecast_load,Forecasted Load,2026-08-09T22:55:36Z
2026-08-09T22:53:54Z,2026-08-10T00:53:54+0200,9f364823-fdf2-409d-8835-686a42d079dd,2026-08-03T17:45:00Z,2026-08-03T19:45:00+0200,56680.645488,MW,DE,DE_LU,forecast_load,Forecasted Load,2026-08-09T22:55:36Z
2026-08-09T22:53:54Z,2026-08-10T00:53:54+0200,9f364823-fdf2-409d-8835-686a42d079dd,2026-08-03T18:00:00Z,2026-08-03T20:00:00+0200,56250.495038,MW,DE,DE_LU,forecast_load,Forecasted Load,2026-08-09T22:55:36Z
2026-08-09T22:53:54Z,2026-08-10T00:53:54+0200,9f364823-fdf2-409d-8835-686a42d079dd,2026-08-03T18:15:00Z,2026-08-03T20:15:00+0200,55768.748698,MW,DE,DE_LU,forecast_load,Forecasted Load,2026-08-09T22:55:36Z
2026-08-09T22:53:54Z,2026-08-10T00:53:54+0200,9f364823-fdf2-409d-8835-686a42d079dd,2026-08-03T18:30:00Z,2026-08-03T20:30:00+0200,55219.122364,MW,DE,DE_LU,forecast_load,Forecasted Load,2026-08-09T22:55:36Z
2026-08-09T22:53:54Z,2026-08-10T00:53:54+0200,9f364823-fdf2-409d-8835-686a42d079dd,2026-08-03T18:45:00Z,2026-08-03T20:45:00+0200,54940.207802,MW,DE,DE_LU,forecast_load,Forecasted Load,2026-08-09T22:55:36Z
2026-08-09T22:53:54Z,2026-08-10T00:53:54+0200,9f364823-fdf2-409d-8835-686a42d079dd,2026-08-03T19:00:00Z,2026-08-03T21:00:00+0200,54331.847735,MW,DE,DE_LU,forecast_load,Forecasted Load,2026-08-09T22:55:36Z
2026-08-09T22:53:54Z,2026-08-10T00:53:54+0200,9f364823-fdf2-409d-8835-686a42d079dd,2026-08-03T19:15:00Z,2026-08-03T21:15:00+0200,53858.182738,MW,DE,DE_LU,forecast_load,Forecasted Load,2026-08-09T22:55:36Z
2026-08-09T22:53:54Z,2026-08-10T00:53:54+0200,9f364823-fdf2-409d-8835-686a42d079dd,2026-08-03T19:30:00Z,2026-08-03T21:30:00+0200,53182.735987,MW,DE,DE_LU,forecast_load,Forecasted Load,2026-08-09T22:55:36Z
2026-08-09T22:53:54Z,2026-08-10T00:53:54+0200,9f364823-fdf2-409d-8835-686a42d079dd,2026-08-03T19:45:00Z,2026-08-03T21:45:00+0200,52485.8018,MW,DE,DE_LU,forecast_load,Forecasted Load,2026-08-09T22:55:36Z
2026-08-09T22:53:54Z,2026-08-10T00:53:54+0200,9f364823-fdf2-409d-8835-686a42d079dd,2026-08-03T20:00:00Z,2026-08-03T22:00:00+0200,51065.998376,MW,DE,DE_LU,forecast_load,Forecasted Load,2026-08-09T22:55:36Z
2026-08-09T22:53:54Z,2026-08-10T00:53:54+0200,9f364823-fdf2-409d-8835-686a42d079dd,2026-08-03T20:15:00Z,2026-08-03T22:15:00+0200,50415.34716,MW,DE,DE_LU,forecast_load,Forecasted Load,2026-08-09T22:55:36Z
2026-08-09T22:53:54Z,2026-08-10T00:53:54+0200,9f364823-fdf2-409d-8835-686a42d079dd,2026-08-03T20:30:00Z,2026-08-03T22:30:00+0200,49613.697555,MW,DE,DE_LU,forecast_load,Forecasted Load,2026-08-09T22:55:36Z
2026-08-09T22:53:54Z,2026-08-10T00:53:54+0200,9f364823-fdf2-409d-8835-686a42d079dd,2026-08-03T20:45:00Z,2026-08-03T22:45:00+0200,48679.036516,MW,DE,DE_LU,forecast_load,Forecasted Load,2026-08-09T22:55:36Z
2026-08-09T22:53:54Z,2026-08-10T00:53:54+0200,9f364823-fdf2-409d-8835-686a42d079dd,2026-08-03T21:00:00Z,2026-08-03T23:00:00+0200,47764.042115,MW,DE,DE_LU,forecast_load,Forecasted Load,2026-08-09T22:55:36Z
2026-08-09T22:53:54Z,2026-08-10T00:53:54+0200,9f364823-fdf2-409d-8835-686a42d079dd,2026-08-03T21:15:00Z,2026-08-03T23:15:00+0200,46922.481163,MW,DE,DE_LU,forecast_load,Forecasted Load,2026-08-09T22:55:36Z
2026-08-09T22:53:54Z,2026-08-10T00:53:54+0200,9f364823-fdf2-409d-8835-686a42d079dd,2026-08-03T21:30:00Z,2026-08-03T23:30:00+0200,46204.28782,MW,DE,DE_LU,forecast_load,Forecasted Load,2026-08-09T22:55:36Z
2026-08-09T22:53:54Z,2026-08-10T00:53:54+0200,9f364823-fdf2-409d-8835-686a42d079dd,2026-08-03T21:45:00Z,2026-08-03T23:45:00+0200,45664.933695,MW,DE,DE_LU,forecast_load,Forecasted Load,2026-08-09T22:55:36Z
2026-08-09T22:53:54Z,2026-08-10T00:53:54+0200,9f364823-fdf2-409d-8835-686a42d079dd,2026-08-03T22:00:00Z,2026-08-04T00:00:00+0200,45106.060986,MW,DE,DE_LU,forecast_load,Forecasted Load,2026-08-09T22:55:36Z
2026-08-09T22:53:54Z,2026-08-10T00:53:54+0200,9f364823-fdf2-409d-8835-686a42d079dd,2026-08-03T22:15:00Z,2026-08-04T00:15:00+0200,44663.474745,MW,DE,DE_LU,forecast_load,Forecasted Load,2026-08-09T22:55:36Z
2026-08-09T22:53:54Z,2026-08-10T00:53:54+0200,9f364823-fdf2-409d-8835-686a42d079dd,2026-08-03T22:30:00Z,2026-08-04T00:30:00+0200,44116.423155,MW,DE,DE_LU,forecast_load,Forecasted Load,2026-08-09T22:55:36Z
2026-08-09T22:53:54Z,2026-08-10T00:53:54+0200,9f364823-fdf2-409d-8835-686a42d079dd,2026-08-03T22:45:00Z,2026-08-04T00:45:00+0200,43670.74313,MW,DE,DE_LU,forecast_load,Forecasted Load,2026-08-09T22:55:36Z
2026-08-09T22:53:54Z,2026-08-10T00:53:54+0200,9f364823-fdf2-409d-8835-686a42d079dd,2026-08-03T23:00:00Z,2026-08-04T01:00:00+0200,43307.593668,MW,DE,DE_LU,forecast_load,Forecasted Load,2026-08-09T22:55:36Z
2026-08-09T22:53:54Z,2026-08-10T00:53:54+0200,9f364823-fdf2-409d-8835-686a42d079dd,2026-08-03T23:15:00Z,2026-08-04T01:15:00+0200,42820.578916,MW,DE,DE_LU,forecast_load,Forecasted Load,2026-08-09T22:55:36Z
2026-08-09T22:53:54Z,2026-08-10T00:53:54+0200,9f364823-fdf2-409d-8835-686a42d079dd,2026-08-03T23:30:00Z,2026-08-04T01:30:00+0200,42529.863789,MW,DE,DE_LU,forecast_load,Forecasted Load,2026-08-09T22:55:36Z
2026-08-09T22:53:54Z,2026-08-10T00:53:54+0200,9f364823-fdf2-409d-8835-686a42d079dd,2026-08-03T23:45:00Z,2026-08-04T01:45:00+0200,42193.344806,MW,DE,DE_LU,forecast_load,Forecasted Load,2026-08-09T22:55:36Z
2026-08-09T22:53:54Z,2026-08-10T00:53:54+0200,9f364823-fdf2-409d-8835-686a42d079dd,2026-08-04T00:00:00Z,2026-08-04T02:00:00+0200,41924.923398,MW,DE,DE_LU,forecast_load,Forecasted Load,2026-08-09T22:55:36Z
2026-08-09T22:53:54Z,2026-08-10T00:53:54+0200,9f364823-fdf2-409d-8835-686a42d079dd,2026-08-04T00:15:00Z,2026-08-04T02:15:00+0200,41806.432952,MW,DE,DE_LU,forecast_load,Forecasted Load,2026-08-09T22:55:36Z
2026-08-09T22:53:54Z,2026-08-10T00:53:54+0200,9f364823-fdf2-409d-8835-686a42d079dd,2026-08-04T00:30:00Z,2026-08-04T02:30:00+0200,41744.205389,MW,DE,DE_LU,forecast_load,Forecasted Load,2026-08-09T22:55:36Z
2026-08-09T22:53:54Z,2026-08-10T00:53:54+0200,9f364823-fdf2-409d-8835-686a42d079dd,2026-08-04T00:45:00Z,2026-08-04T02:45:00+0200,41794.462136,MW,DE,DE_LU,forecast_load,Forecasted Load,2026-08-09T22:55:36Z
2026-08-09T22:53:54Z,2026-08-10T00:53:54+0200,9f364823-fdf2-409d-8835-686a42d079dd,2026-08-04T01:00:00Z,2026-08-04T03:00:00+0200,41646.461231,MW,DE,DE_LU,forecast_load,Forecasted Load,2026-08-09T22:55:36Z
2026-08-09T22:53:54Z,2026-08-10T00:53:54+0200,9f364823-fdf2-409d-8835-686a42d079dd,2026-08-04T01:15:00Z,2026-08-04T03:15:00+0200,41811.148972,MW,DE,DE_LU,forecast_load,Forecasted Load,2026-08-09T22:55:36Z
2026-08-09T22:53:54Z,2026-08-10T00:53:54+0200,9f364823-fdf2-409d-8835-686a42d079dd,2026-08-04T01:30:00Z,2026-08-04T03:30:00+0200,41744.765811,MW,DE,DE_LU,forecast_load,Forecasted Load,2026-08-09T22:55:36Z
2026-08-09T22:53:54Z,2026-08-10T00:53:54+0200,9f364823-fdf2-409d-8835-686a42d079dd,2026-08-04T01:45:00Z,2026-08-04T03:45:00+0200,41724.957582,MW,DE,DE_LU,forecast_load,Forecasted Load,2026-08-09T22:55:36Z
2026-08-09T22:53:54Z,2026-08-10T00:53:54+0200,9f364823-fdf2-409d-8835-686a42d079dd,2026-08-04T02:00:00Z,2026-08-04T04:00:00+0200,41993.199444,MW,DE,DE_LU,forecast_load,Forecasted Load,2026-08-09T22:55:36Z
2026-08-09T22:53:54Z,2026-08-10T00:53:54+0200,9f364823-fdf2-409d-8835-686a42d079dd,2026-08-04T02:15:00Z,2026-08-04T04:15:00+0200,42212.621907,MW,DE,DE_LU,forecast_load,Forecasted Load,2026-08-09T22:55:36Z
2026-08-09T22:53:54Z,2026-08-10T00:53:54+0200,9f364823-fdf2-409d-8835-686a42d079dd,2026-08-04T02:30:00Z,2026-08-04T04:30:00+0200,42637.499372,MW,DE,DE_LU,forecast_load,Forecasted Load,2026-08-09T22:55:36Z
2026-08-09T22:53:54Z,2026-08-10T00:53:54+0200,9f364823-fdf2-409d-8835-686a42d079dd,2026-08-04T02:45:00Z,2026-08-04T04:45:00+0200,43100.787735,MW,DE,DE_LU,forecast_load,Forecasted Load,2026-08-09T22:55:36Z
2026-08-09T22:53:54Z,2026-08-10T00:53:54+0200,9f364823-fdf2-409d-8835-686a42d079dd,2026-08-04T03:00:00Z,2026-08-04T05:00:00+0200,44048.89043,MW,DE,DE_LU,forecast_load,Forecasted Load,2026-08-09T22:55:36Z
2026-08-09T22:53:54Z,2026-08-10T00:53:54+0200,9f364823-fdf2-409d-8835-686a42d079dd,2026-08-04T03:15:00Z,2026-08-04T05:15:00+0200,44796.088401,MW,DE,DE_LU,forecast_load,Forecasted Load,2026-08-09T22:55:36Z
2026-08-09T22:53:54Z,2026-08-10T00:53:54+0200,9f364823-fdf2-409d-8835-686a42d079dd,2026-08-04T03:30:00Z,2026-08-04T05:30:00+0200,45056.301915,MW,DE,DE_LU,forecast_load,Forecasted Load,2026-08-09T22:55:36Z
2026-08-09T22:53:54Z,2026-08-10T00:53:54+0200,9f364823-fdf2-409d-8835-686a42d079dd,2026-08-04T03:45:00Z,2026-08-04T05:45:00+0200,46358.156913,MW,DE,DE_LU,forecast_load,Forecasted Load,2026-08-09T22:55:36Z
2026-08-09T22:53:54Z,2026-08-10T00:53:54+0200,9f364823-fdf2-409d-8835-686a42d079dd,2026-08-04T04:00:00Z,2026-08-04T06:00:00+0200,48152.917673,MW,DE,DE_LU,forecast_load,Forecasted Load,2026-08-09T22:55:36Z
2026-08-09T22:53:54Z,2026-08-10T00:53:54+0200,9f364823-fdf2-409d-8835-686a42d079dd,2026-08-04T04:15:00Z,2026-08-04T06:15:00+0200,49823.468735,MW,DE,DE_LU,forecast_load,Forecasted Load,2026-08-09T22:55:36Z
2026-08-09T22:53:54Z,2026-08-10T00:53:54+0200,9f364823-fdf2-409d-8835-686a42d079dd,2026-08-04T04:30:00Z,2026-08-04T06:30:00+0200,50893.410079,MW,DE,DE_LU,forecast_load,Forecasted Load,2026-08-09T22:55:36Z
2026-08-09T22:53:54Z,2026-08-10T00:53:54+0200,9f364823-fdf2-409d-8835-686a42d079dd,2026-08-04T04:45:00Z,2026-08-04T06:45:00+0200,52219.286325,MW,DE,DE_LU,forecast_load,Forecasted Load,2026-08-09T22:55:36Z
2026-08-09T22:53:54Z,2026-08-10T00:53:54+0200,9f364823-fdf2-409d-8835-686a42d079dd,2026-08-04T05:00:00Z,2026-08-04T07:00:00+0200,53303.503217,MW,DE,DE_LU,forecast_load,Forecasted Load,2026-08-09T22:55:36Z
2026-08-09T22:53:54Z,2026-08-10T00:53:54+0200,9f364823-fdf2-409d-8835-686a42d079dd,2026-08-04T05:15:00Z,2026-08-04T07:15:00+0200,54623.102319,MW,DE,DE_LU,forecast_load,Forecasted Load,2026-08-09T22:55:36Z
2026-08-09T22:53:54Z,2026-08-10T00:53:54+0200,9f364823-fdf2-409d-8835-686a42d079dd,2026-08-04T05:30:00Z,2026-08-04T07:30:00+0200,55517.161597,MW,DE,DE_LU,forecast_load,Forecasted Load,2026-08-09T22:55:36Z
2026-08-09T22:53:54Z,2026-08-10T00:53:54+0200,9f364823-fdf2-409d-8835-686a42d079dd,2026-08-04T05:45:00Z,2026-08-04T07:45:00+0200,56427.717391,MW,DE,DE_LU,forecast_load,Forecasted Load,2026-08-09T22:55:36Z
2026-08-09T22:53:54Z,2026-08-10T00:53:54+0200,9f364823-fdf2-409d-8835-686a42d079dd,2026-08-04T06:00:00Z,2026-08-04T08:00:00+0200,56973.768089,MW,DE,DE_LU,forecast_load,Forecasted Load,2026-08-09T22:55:36Z
2026-08-09T22:53:54Z,2026-08-10T00:53:54+0200,9f364823-fdf2-409d-8835-686a42d079dd,2026-08-04T06:15:00Z,2026-08-04T08:15:00+0200,57620.722961,MW,DE,DE_LU,forecast_load,Forecasted Load,2026-08-09T22:55:36Z
2026-08-09T22:53:54Z,2026-08-10T00:53:54+0200,9f364823-fdf2-409d-8835-686a42d079dd,2026-08-04T06:30:00Z,2026-08-04T08:30:00+0200,58375.799257,MW,DE,DE_LU,forecast_load,Forecasted Load,2026-08-09T22:55:36Z
2026-08-09T22:53:54Z,2026-08-10T00:53:54+0200,9f364823-fdf2-409d-8835-686a42d079dd,2026-08-04T06:45:00Z,2026-08-04T08:45:00+0200,58600.493734,MW,DE,DE_LU,forecast_load,Forecasted Load,2026-08-09T22:55:36Z
2026-08-09T22:53:54Z,2026-08-10T00:53:54+0200,9f364823-fdf2-409d-8835-686a42d079dd,2026-08-04T07:00:00Z,2026-08-04T09:00:00+0200,58124.264485,MW,DE,DE_LU,forecast_load,Forecasted Load,2026-08-09T22:55:36Z
2026-08-09T22:53:54Z,2026-08-10T00:53:54+0200,9f364823-fdf2-409d-8835-686a42d079dd,2026-08-04T07:15:00Z,2026-08-04T09:15:00+0200,58004.662751,MW,DE,DE_LU,forecast_load,Forecasted Load,2026-08-09T22:55:36Z
2026-08-09T22:53:54Z,2026-08-10T00:53:54+0200,9f364823-fdf2-409d-8835-686a42d079dd,2026-08-04T07:30:00Z,2026-08-04T09:30:00+0200,58884.671826,MW,DE,DE_LU,forecast_load,Forecasted Load,2026-08-09T22:55:36Z
2026-08-09T22:53:54Z,2026-08-10T00:53:54+0200,9f364823-fdf2-409d-8835-686a42d079dd,2026-08-04T07:45:00Z,2026-08-04T09:45:00+0200,58473.032298,MW,DE,DE_LU,forecast_load,Forecasted Load,2026-08-09T22:55:36Z
2026-08-09T22:53:54Z,2026-08-10T00:53:54+0200,9f364823-fdf2-409d-8835-686a42d079dd,2026-08-04T08:00:00Z,2026-08-04T10:00:00+0200,58221.461,MW,DE,DE_LU,forecast_load,Forecasted Load,2026-08-09T22:55:36Z
2026-08-09T22:53:54Z,2026-08-10T00:53:54+0200,9f364823-fdf2-409d-8835-686a42d079dd,2026-08-04T08:15:00Z,2026-08-04T10:15:00+0200,58402.844854,MW,DE,DE_LU,forecast_load,Forecasted Load,2026-08-09T22:55:36Z
2026-08-09T22:53:54Z,2026-08-10T00:53:54+0200,9f364823-fdf2-409d-8835-686a42d079dd,2026-08-04T08:30:00Z,2026-08-04T10:30:00+0200,58013.610068,MW,DE,DE_LU,forecast_load,Forecasted Load,2026-08-09T22:55:36Z
2026-08-09T22:53:54Z,2026-08-10T00:53:54+0200,9f364823-fdf2-409d-8835-686a42d079dd,2026-08-04T08:45:00Z,2026-08-04T10:45:00+0200,57977.246318,MW,DE,DE_LU,forecast_load,Forecasted Load,2026-08-09T22:55:36Z
2026-08-09T22:53:54Z,2026-08-10T00:53:54+0200,9f364823-fdf2-409d-8835-686a42d079dd,2026-08-04T09:00:00Z,2026-08-04T11:00:00+0200,57853.410492,MW,DE,DE_LU,forecast_load,Forecasted Load,2026-08-09T22:55:36Z
2026-08-09T22:53:54Z,2026-08-10T00:53:54+0200,9f364823-fdf2-409d-8835-686a42d079dd,2026-08-04T09:15:00Z,2026-08-04T11:15:00+0200,57486.987866,MW,DE,DE_LU,forecast_load,Forecasted Load,2026-08-09T22:55:36Z
2026-08-09T22:53:54Z,2026-08-10T00:53:54+0200,9f364823-fdf2-409d-8835-686a42d079dd,2026-08-04T09:30:00Z,2026-08-04T11:30:00+0200,57518.694125,MW,DE,DE_LU,forecast_load,Forecasted Load,2026-08-09T22:55:36Z
2026-08-09T22:53:54Z,2026-08-10T00:53:54+0200,9f364823-fdf2-409d-8835-686a42d079dd,2026-08-04T09:45:00Z,2026-08-04T11:45:00+0200,57361.237767,MW,DE,DE_LU,forecast_load,Forecasted Load,2026-08-09T22:55:36Z
2026-08-09T22:53:54Z,2026-08-10T00:53:54+0200,9f364823-fdf2-409d-8835-686a42d079dd,2026-08-04T10:00:00Z,2026-08-04T12:00:00+0200,56160.952872,MW,DE,DE_LU,forecast_load,Forecasted Load,2026-08-09T22:55:36Z
2026-08-09T22:53:54Z,2026-08-10T00:53:54+0200,9f364823-fdf2-409d-8835-686a42d079dd,2026-08-04T10:15:00Z,2026-08-04T12:15:00+0200,55701.102511,MW,DE,DE_LU,forecast_load,Forecasted Load,2026-08-09T22:55:36Z
2026-08-09T22:53:54Z,2026-08-10T00:53:54+0200,9f364823-fdf2-409d-8835-686a42d079dd,2026-08-04T10:30:00Z,2026-08-04T12:30:00+0200,56279.566365,MW,DE,DE_LU,forecast_load,Forecasted Load,2026-08-09T22:55:36Z
2026-08-09T22:53:54Z,2026-08-10T00:53:54+0200,9f364823-fdf2-409d-8835-686a42d079dd,2026-08-04T10:45:00Z,2026-08-04T12:45:00+0200,56023.713799,MW,DE,DE_LU,forecast_load,Forecasted Load,2026-08-09T22:55:36Z
2026-08-09T22:53:54Z,2026-08-10T00:53:54+0200,9f364823-fdf2-409d-8835-686a42d079dd,2026-08-04T11:00:00Z,2026-08-04T13:00:00+0200,55501.197202,MW,DE,DE_LU,forecast_load,Forecasted Load,2026-08-09T22:55:36Z
2026-08-09T22:53:54Z,2026-08-10T00:53:54+0200,9f364823-fdf2-409d-8835-686a42d079dd,2026-08-04T11:15:00Z,2026-08-04T13:15:00+0200,56140.728011,MW,DE,DE_LU,forecast_load,Forecasted Load,2026-08-09T22:55:36Z
2026-08-09T22:53:54Z,2026-08-10T00:53:54+0200,9f364823-fdf2-409d-8835-686a42d079dd,2026-08-04T11:30:00Z,2026-08-04T13:30:00+0200,55933.712681,MW,DE,DE_LU,forecast_load,Forecasted Load,2026-08-09T22:55:36Z
2026-08-09T22:53:54Z,2026-08-10T00:53:54+0200,9f364823-fdf2-409d-8835-686a42d079dd,2026-08-04T11:45:00Z,2026-08-04T13:45:00+0200,55768.768247,MW,DE,DE_LU,forecast_load,Forecasted Load,2026-08-09T22:55:36Z
2026-08-09T22:53:54Z,2026-08-10T00:53:54+0200,9f364823-fdf2-409d-8835-686a42d079dd,2026-08-04T12:00:00Z,2026-08-04T14:00:00+0200,55460.615354,MW,DE,DE_LU,forecast_load,Forecasted Load,2026-08-09T22:55:36Z
2026-08-09T22:53:54Z,2026-08-10T00:53:54+0200,9f364823-fdf2-409d-8835-686a42d079dd,2026-08-04T12:15:00Z,2026-08-04T14:15:00+0200,54912.20115,MW,DE,DE_LU,forecast_load,Forecasted Load,2026-08-09T22:55:36Z
2026-08-09T22:53:54Z,2026-08-10T00:53:54+0200,9f364823-fdf2-409d-8835-686a42d079dd,2026-08-04T12:30:00Z,2026-08-04T14:30:00+0200,54491.441086,MW,DE,DE_LU,forecast_load,Forecasted Load,2026-08-09T22:55:36Z
2026-08-09T22:53:54Z,2026-08-10T00:53:54+0200,9f364823-fdf2-409d-8835-686a42d079dd,2026-08-04T12:45:00Z,2026-08-04T14:45:00+0200,54438.534965,MW,DE,DE_LU,forecast_load,Forecasted Load,2026-08-09T22:55:36Z
2026-08-09T22:53:54Z,2026-08-10T00:53:54+0200,9f364823-fdf2-409d-8835-686a42d079dd,2026-08-04T13:00:00Z,2026-08-04T15:00:00+0200,54633.901853,MW,DE,DE_LU,forecast_load,Forecasted Load,2026-08-09T22:55:36Z
2026-08-09T22:53:54Z,2026-08-10T00:53:54+0200,9f364823-fdf2-409d-8835-686a42d079dd,2026-08-04T13:15:00Z,2026-08-04T15:15:00+0200,54730.885151,MW,DE,DE_LU,forecast_load,Forecasted Load,2026-08-09T22:55:36Z
2026-08-09T22:53:54Z,2026-08-10T00:53:54+0200,9f364823-fdf2-409d-8835-686a42d079dd,2026-08-04T13:30:00Z,2026-08-04T15:30:00+0200,54185.746829,MW,DE,DE_LU,forecast_load,Forecasted Load,2026-08-09T22:55:36Z
2026-08-09T22:53:54Z,2026-08-10T00:53:54+0200,9f364823-fdf2-409d-8835-686a42d079dd,2026-08-04T13:45:00Z,2026-08-04T15:45:00+0200,53890.401025,MW,DE,DE_LU,forecast_load,Forecasted Load,2026-08-09T22:55:36Z
2026-08-09T22:53:54Z,2026-08-10T00:53:54+0200,9f364823-fdf2-409d-8835-686a42d079dd,2026-08-04T14:00:00Z,2026-08-04T16:00:00+0200,54198.529179,MW,DE,DE_LU,forecast_load,Forecasted Load,2026-08-09T22:55:36Z
2026-08-09T22:53:54Z,2026-08-10T00:53:54+0200,9f364823-fdf2-409d-8835-686a42d079dd,2026-08-04T14:15:00Z,2026-08-04T16:15:00+0200,53971.05925,MW,DE,DE_LU,forecast_load,Forecasted Load,2026-08-09T22:55:36Z
2026-08-09T22:53:54Z,2026-08-10T00:53:54+0200,9f364823-fdf2-409d-8835-686a42d079dd,2026-08-04T14:30:00Z,2026-08-04T16:30:00+0200,54182.621152,MW,DE,DE_LU,forecast_load,Forecasted Load,2026-08-09T22:55:36Z
2026-08-09T22:53:54Z,2026-08-10T00:53:54+0200,9f364823-fdf2-409d-8835-686a42d079dd,2026-08-04T14:45:00Z,2026-08-04T16:45:00+0200,54004.792718,MW,DE,DE_LU,forecast_load,Forecasted Load,2026-08-09T22:55:36Z
2026-08-09T22:53:54Z,2026-08-10T00:53:54+0200,9f364823-fdf2-409d-8835-686a42d079dd,2026-08-04T15:00:00Z,2026-08-04T17:00:00+0200,54632.864016,MW,DE,DE_LU,forecast_load,Forecasted Load,2026-08-09T22:55:36Z
2026-08-09T22:53:54Z,2026-08-10T00:53:54+0200,9f364823-fdf2-409d-8835-686a42d079dd,2026-08-04T15:15:00Z,2026-08-04T17:15:00+0200,54988.202496,MW,DE,DE_LU,forecast_load,Forecasted Load,2026-08-09T22:55:36Z
2026-08-09T22:53:54Z,2026-08-10T00:53:54+0200,9f364823-fdf2-409d-8835-686a42d079dd,2026-08-04T15:30:00Z,2026-08-04T17:30:00+0200,55453.531547,MW,DE,DE_LU,forecast_load,Forecasted Load,2026-08-09T22:55:36Z
2026-08-09T22:53:54Z,2026-08-10T00:53:54+0200,9f364823-fdf2-409d-8835-686a42d079dd,2026-08-04T15:45:00Z,2026-08-04T17:45:00+0200,55695.849449,MW,DE,DE_LU,forecast_load,Forecasted Load,2026-08-09T22:55:36Z
2026-08-09T22:53:54Z,2026-08-10T00:53:54+0200,9f364823-fdf2-409d-8835-686a42d079dd,2026-08-04T16:00:00Z,2026-08-04T18:00:00+0200,56145.501332,MW,DE,DE_LU,forecast_load,Forecasted Load,2026-08-09T22:55:36Z
2026-08-09T22:53:54Z,2026-08-10T00:53:54+0200,9f364823-fdf2-409d-8835-686a42d079dd,2026-08-04T16:15:00Z,2026-08-04T18:15:00+0200,56459.311692,MW,DE,DE_LU,forecast_load,Forecasted Load,2026-08-09T22:55:36Z
2026-08-09T22:53:54Z,2026-08-10T00:53:54+0200,9f364823-fdf2-409d-8835-686a42d079dd,2026-08-04T16:30:00Z,2026-08-04T18:30:00+0200,56528.730047,MW,DE,DE_LU,forecast_load,Forecasted Load,2026-08-09T22:55:36Z
2026-08-09T22:53:54Z,2026-08-10T00:53:54+0200,9f364823-fdf2-409d-8835-686a42d079dd,2026-08-04T16:45:00Z,2026-08-04T18:45:00+0200,56410.152598,MW,DE,DE_LU,forecast_load,Forecasted Load,2026-08-09T22:55:36Z
2026-08-09T22:53:54Z,2026-08-10T00:53:54+0200,9f364823-fdf2-409d-8835-686a42d079dd,2026-08-04T17:00:00Z,2026-08-04T19:00:00+0200,56385.557141,MW,DE,DE_LU,forecast_load,Forecasted Load,2026-08-09T22:55:36Z
2026-08-09T22:53:54Z,2026-08-10T00:53:54+0200,9f364823-fdf2-409d-8835-686a42d079dd,2026-08-04T17:15:00Z,2026-08-04T19:15:00+0200,56443.992324,MW,DE,DE_LU,forecast_load,Forecasted Load,2026-08-09T22:55:36Z
2026-08-09T22:53:54Z,2026-08-10T00:53:54+0200,9f364823-fdf2-409d-8835-686a42d079dd,2026-08-04T17:30:00Z,2026-08-04T19:30:00+0200,56398.507465,MW,DE,DE_LU,forecast_load,Forecasted Load,2026-08-09T22:55:36Z
2026-08-09T22:53:54Z,2026-08-10T00:53:54+0200,9f364823-fdf2-409d-8835-686a42d079dd,2026-08-04T17:45:00Z,2026-08-04T19:45:00+0200,56250.752432,MW,DE,DE_LU,forecast_load,Forecasted Load,2026-08-09T22:55:36Z
2026-08-09T22:53:54Z,2026-08-10T00:53:54+0200,9f364823-fdf2-409d-8835-686a42d079dd,2026-08-04T18:00:00Z,2026-08-04T20:00:00+0200,56079.554845,MW,DE,DE_LU,forecast_load,Forecasted Load,2026-08-09T22:55:36Z
2026-08-09T22:53:54Z,2026-08-10T00:53:54+0200,9f364823-fdf2-409d-8835-686a42d079dd,2026-08-04T18:15:00Z,2026-08-04T20:15:00+0200,55738.692911,MW,DE,DE_LU,forecast_load,Forecasted Load,2026-08-09T22:55:36Z
2026-08-09T22:53:54Z,2026-08-10T00:53:54+0200,9f364823-fdf2-409d-8835-686a42d079dd,2026-08-04T18:30:00Z,2026-08-04T20:30:00+0200,55383.960228,MW,DE,DE_LU,forecast_load,Forecasted Load,2026-08-09T22:55:36Z
2026-08-09T22:53:54Z,2026-08-10T00:53:54+0200,9f364823-fdf2-409d-8835-686a42d079dd,2026-08-04T18:45:00Z,2026-08-04T20:45:00+0200,54907.528494,MW,DE,DE_LU,forecast_load,Forecasted Load,2026-08-09T22:55:36Z
2026-08-09T22:53:54Z,2026-08-10T00:53:54+0200,9f364823-fdf2-409d-8835-686a42d079dd,2026-08-04T19:00:00Z,2026-08-04T21:00:00+0200,54266.50146,MW,DE,DE_LU,forecast_load,Forecasted Load,2026-08-09T22:55:36Z
2026-08-09T22:53:54Z,2026-08-10T00:53:54+0200,9f364823-fdf2-409d-8835-686a42d079dd,2026-08-04T19:15:00Z,2026-08-04T21:15:00+0200,53754.049002,MW,DE,DE_LU,forecast_load,Forecasted Load,2026-08-09T22:55:36Z
2026-08-09T22:53:54Z,2026-08-10T00:53:54+0200,9f364823-fdf2-409d-8835-686a42d079dd,2026-08-04T19:30:00Z,2026-08-04T21:30:00+0200,53065.872482,MW,DE,DE_LU,forecast_load,Forecasted Load,2026-08-09T22:55:36Z
2026-08-09T22:53:54Z,2026-08-10T00:53:54+0200,9f364823-fdf2-409d-8835-686a42d079dd,2026-08-04T19:45:00Z,2026-08-04T21:45:00+0200,52491.71309,MW,DE,DE_LU,forecast_load,Forecasted Load,2026-08-09T22:55:36Z
2026-08-09T22:53:54Z,2026-08-10T00:53:54+0200,9f364823-fdf2-409d-8835-686a42d079dd,2026-08-04T20:00:00Z,2026-08-04T22:00:00+0200,51261.841639,MW,DE,DE_LU,forecast_load,Forecasted Load,2026-08-09T22:55:36Z
2026-08-09T22:53:54Z,2026-08-10T00:53:54+0200,9f364823-fdf2-409d-8835-686a42d079dd,2026-08-04T20:15:00Z,2026-08-04T22:15:00+0200,50422.188283,MW,DE,DE_LU,forecast_load,Forecasted Load,2026-08-09T22:55:36Z
2026-08-09T22:53:54Z,2026-08-10T00:53:54+0200,9f364823-fdf2-409d-8835-686a42d079dd,2026-08-04T20:30:00Z,2026-08-04T22:30:00+0200,49641.594744,MW,DE,DE_LU,forecast_load,Forecasted Load,2026-08-09T22:55:36Z
2026-08-09T22:53:54Z,2026-08-10T00:53:54+0200,9f364823-fdf2-409d-8835-686a42d079dd,2026-08-04T20:45:00Z,2026-08-04T22:45:00+0200,48849.106453,MW,DE,DE_LU,forecast_load,Forecasted Load,2026-08-09T22:55:36Z
2026-08-09T22:53:54Z,2026-08-10T00:53:54+0200,9f364823-fdf2-409d-8835-686a42d079dd,2026-08-04T21:00:00Z,2026-08-04T23:00:00+0200,48021.717136,MW,DE,DE_LU,forecast_load,Forecasted Load,2026-08-09T22:55:36Z
2026-08-09T22:53:54Z,2026-08-10T00:53:54+0200,9f364823-fdf2-409d-8835-686a42d079dd,2026-08-04T21:15:00Z,2026-08-04T23:15:00+0200,47284.137599,MW,DE,DE_LU,forecast_load,Forecasted Load,2026-08-09T22:55:36Z
2026-08-09T22:53:54Z,2026-08-10T00:53:54+0200,9f364823-fdf2-409d-8835-686a42d079dd,2026-08-04T21:30:00Z,2026-08-04T23:30:00+0200,46584.513121,MW,DE,DE_LU,forecast_load,Forecasted Load,2026-08-09T22:55:36Z
2026-08-09T22:53:54Z,2026-08-10T00:53:54+0200,9f364823-fdf2-409d-8835-686a42d079dd,2026-08-04T21:45:00Z,2026-08-04T23:45:00+0200,45800.425845,MW,DE,DE_LU,forecast_load,Forecasted Load,2026-08-09T22:55:36Z
2026-08-09T22:53:54Z,2026-08-10T00:53:54+0200,9f364823-fdf2-409d-8835-686a42d079dd,2026-08-04T22:00:00Z,2026-08-05T00:00:00+0200,43861.455502,MW,DE,DE_LU,forecast_load,Forecasted Load,2026-08-09T22:55:36Z
2026-08-09T22:53:54Z,2026-08-10T00:53:54+0200,9f364823-fdf2-409d-8835-686a42d079dd,2026-08-04T22:15:00Z,2026-08-05T00:15:00+0200,43190.205185,MW,DE,DE_LU,forecast_load,Forecasted Load,2026-08-09T22:55:36Z
2026-08-09T22:53:54Z,2026-08-10T00:53:54+0200,9f364823-fdf2-409d-8835-686a42d079dd,2026-08-04T22:30:00Z,2026-08-05T00:30:00+0200,43365.888405,MW,DE,DE_LU,forecast_load,Forecasted Load,2026-08-09T22:55:36Z
2026-08-09T22:53:54Z,2026-08-10T00:53:54+0200,9f364823-fdf2-409d-8835-686a42d079dd,2026-08-04T22:45:00Z,2026-08-05T00:45:00+0200,42713.559323,MW,DE,DE_LU,forecast_load,Forecasted Load,2026-08-09T22:55:36Z
2026-08-09T22:53:54Z,2026-08-10T00:53:54+0200,9f364823-fdf2-409d-8835-686a42d079dd,2026-08-04T23:00:00Z,2026-08-05T01:00:00+0200,42254.679185,MW,DE,DE_LU,forecast_load,Forecasted Load,2026-08-09T22:55:36Z
2026-08-09T22:53:54Z,2026-08-10T00:53:54+0200,9f364823-fdf2-409d-8835-686a42d079dd,2026-08-04T23:15:00Z,2026-08-05T01:15:00+0200,41785.837497,MW,DE,DE_LU,forecast_load,Forecasted Load,2026-08-09T22:55:36Z
2026-08-09T22:53:54Z,2026-08-10T00:53:54+0200,9f364823-fdf2-409d-8835-686a42d079dd,2026-08-04T23:30:00Z,2026-08-05T01:30:00+0200,41660.074862,MW,DE,DE_LU,forecast_load,Forecasted Load,2026-08-09T22:55:36Z
2026-08-09T22:53:54Z,2026-08-10T00:53:54+0200,9f364823-fdf2-409d-8835-686a42d079dd,2026-08-04T23:45:00Z,2026-08-05T01:45:00+0200,41538.128594,MW,DE,DE_LU,forecast_load,Forecasted Load,2026-08-09T22:55:36Z
2026-08-09T22:53:54Z,2026-08-10T00:53:54+0200,9f364823-fdf2-409d-8835-686a42d079dd,2026-08-05T00:00:00Z,2026-08-05T02:00:00+0200,41317.880845,MW,DE,DE_LU,forecast_load,Forecasted Load,2026-08-09T22:55:36Z
2026-08-09T22:53:54Z,2026-08-10T00:53:54+0200,9f364823-fdf2-409d-8835-686a42d079dd,2026-08-05T00:15:00Z,2026-08-05T02:15:00+0200,41123.721166,MW,DE,DE_LU,forecast_load,Forecasted Load,2026-08-09T22:55:36Z
2026-08-09T22:53:54Z,2026-08-10T00:53:54+0200,9f364823-fdf2-409d-8835-686a42d079dd,2026-08-05T00:30:00Z,2026-08-05T02:30:00+0200,41225.797883,MW,DE,DE_LU,forecast_load,Forecasted Load,2026-08-09T22:55:36Z
2026-08-09T22:53:54Z,2026-08-10T00:53:54+0200,9f364823-fdf2-409d-8835-686a42d079dd,2026-08-05T00:45:00Z,2026-08-05T02:45:00+0200,41051.702855,MW,DE,DE_LU,forecast_load,Forecasted Load,2026-08-09T22:55:36Z
2026-08-09T22:53:54Z,2026-08-10T00:53:54+0200,9f364823-fdf2-409d-8835-686a42d079dd,2026-08-05T01:00:00Z,2026-08-05T03:00:00+0200,40406.59545,MW,DE,DE_LU,forecast_load,Forecasted Load,2026-08-09T22:55:36Z
2026-08-09T22:53:54Z,2026-08-10T00:53:54+0200,9f364823-fdf2-409d-8835-686a42d079dd,2026-08-05T01:15:00Z,2026-08-05T03:15:00+0200,40218.023099,MW,DE,DE_LU,forecast_load,Forecasted Load,2026-08-09T22:55:36Z
2026-08-09T22:53:54Z,2026-08-10T00:53:54+0200,9f364823-fdf2-409d-8835-686a42d079dd,2026-08-05T01:30:00Z,2026-08-05T03:30:00+0200,40165.791274,MW,DE,DE_LU,forecast_load,Forecasted Load,2026-08-09T22:55:36Z
2026-08-09T22:53:54Z,2026-08-10T00:53:54+0200,9f364823-fdf2-409d-8835-686a42d079dd,2026-08-05T01:45:00Z,2026-08-05T03:45:00+0200,40734.052816,MW,DE,DE_LU,forecast_load,Forecasted Load,2026-08-09T22:55:36Z
2026-08-09T22:53:54Z,2026-08-10T00:53:54+0200,9f364823-fdf2-409d-8835-686a42d079dd,2026-08-05T02:00:00Z,2026-08-05T04:00:00+0200,41127.929003,MW,DE,DE_LU,forecast_load,Forecasted Load,2026-08-09T22:55:36Z
2026-08-09T22:53:54Z,2026-08-10T00:53:54+0200,9f364823-fdf2-409d-8835-686a42d079dd,2026-08-05T02:15:00Z,2026-08-05T04:15:00+0200,41653.956921,MW,DE,DE_LU,forecast_load,Forecasted Load,2026-08-09T22:55:36Z
2026-08-09T22:53:54Z,2026-08-10T00:53:54+0200,9f364823-fdf2-409d-8835-686a42d079dd,2026-08-05T02:30:00Z,2026-08-05T04:30:00+0200,42086.167957,MW,DE,DE_LU,forecast_load,Forecasted Load,2026-08-09T22:55:36Z
2026-08-09T22:53:54Z,2026-08-10T00:53:54+0200,9f364823-fdf2-409d-8835-686a42d079dd,2026-08-05T02:45:00Z,2026-08-05T04:45:00+0200,42919.591275,MW,DE,DE_LU,forecast_load,Forecasted Load,2026-08-09T22:55:36Z
2026-08-09T22:53:54Z,2026-08-10T00:53:54+0200,9f364823-fdf2-409d-8835-686a42d079dd,2026-08-05T03:00:00Z,2026-08-05T05:00:00+0200,43872.687748,MW,DE,DE_LU,forecast_load,Forecasted Load,2026-08-09T22:55:36Z
2026-08-09T22:53:54Z,2026-08-10T00:53:54+0200,9f364823-fdf2-409d-8835-686a42d079dd,2026-08-05T03:15:00Z,2026-08-05T05:15:00+0200,44363.91574,MW,DE,DE_LU,forecast_load,Forecasted Load,2026-08-09T22:55:36Z
2026-08-09T22:53:54Z,2026-08-10T00:53:54+0200,9f364823-fdf2-409d-8835-686a42d079dd,2026-08-05T03:30:00Z,2026-08-05T05:30:00+0200,44603.868299,MW,DE,DE_LU,forecast_load,Forecasted Load,2026-08-09T22:55:36Z
2026-08-09T22:53:54Z,2026-08-10T00:53:54+0200,9f364823-fdf2-409d-8835-686a42d079dd,2026-08-05T03:45:00Z,2026-08-05T05:45:00+0200,46056.928506,MW,DE,DE_LU,forecast_load,Forecasted Load,2026-08-09T22:55:36Z
2026-08-09T22:53:54Z,2026-08-10T00:53:54+0200,9f364823-fdf2-409d-8835-686a42d079dd,2026-08-05T04:00:00Z,2026-08-05T06:00:00+0200,48106.57294,MW,DE,DE_LU,forecast_load,Forecasted Load,2026-08-09T22:55:36Z
2026-08-09T22:53:54Z,2026-08-10T00:53:54+0200,9f364823-fdf2-409d-8835-686a42d079dd,2026-08-05T04:15:00Z,2026-08-05T06:15:00+0200,50110.074434,MW,DE,DE_LU,forecast_load,Forecasted Load,2026-08-09T22:55:36Z
2026-08-09T22:53:54Z,2026-08-10T00:53:54+0200,9f364823-fdf2-409d-8835-686a42d079dd,2026-08-05T04:30:00Z,2026-08-05T06:30:00+0200,51404.88009,MW,DE,DE_LU,forecast_load,Forecasted Load,2026-08-09T22:55:36Z
2026-08-09T22:53:54Z,2026-08-10T00:53:54+0200,9f364823-fdf2-409d-8835-686a42d079dd,2026-08-05T04:45:00Z,2026-08-05T06:45:00+0200,52849.128202,MW,DE,DE_LU,forecast_load,Forecasted Load,2026-08-09T22:55:36Z
2026-08-09T22:53:54Z,2026-08-10T00:53:54+0200,9f364823-fdf2-409d-8835-686a42d079dd,2026-08-05T05:00:00Z,2026-08-05T07:00:00+0200,54048.203133,MW,DE,DE_LU,forecast_load,Forecasted Load,2026-08-09T22:55:36Z
2026-08-09T22:53:54Z,2026-08-10T00:53:54+0200,9f364823-fdf2-409d-8835-686a42d079dd,2026-08-05T05:15:00Z,2026-08-05T07:15:00+0200,55478.183752,MW,DE,DE_LU,forecast_load,Forecasted Load,2026-08-09T22:55:36Z
2026-08-09T22:53:54Z,2026-08-10T00:53:54+0200,9f364823-fdf2-409d-8835-686a42d079dd,2026-08-05T05:30:00Z,2026-08-05T07:30:00+0200,56361.998554,MW,DE,DE_LU,forecast_load,Forecasted Load,2026-08-09T22:55:36Z
2026-08-09T22:53:54Z,2026-08-10T00:53:54+0200,9f364823-fdf2-409d-8835-686a42d079dd,2026-08-05T05:45:00Z,2026-08-05T07:45:00+0200,57157.29906,MW,DE,DE_LU,forecast_load,Forecasted Load,2026-08-09T22:55:36Z
2026-08-09T22:53:54Z,2026-08-10T00:53:54+0200,9f364823-fdf2-409d-8835-686a42d079dd,2026-08-05T06:00:00Z,2026-08-05T08:00:00+0200,57769.355939,MW,DE,DE_LU,forecast_load,Forecasted Load,2026-08-09T22:55:36Z
2026-08-09T22:53:54Z,2026-08-10T00:53:54+0200,9f364823-fdf2-409d-8835-686a42d079dd,2026-08-05T06:15:00Z,2026-08-05T08:15:00+0200,58233.409736,MW,DE,DE_LU,forecast_load,Forecasted Load,2026-08-09T22:55:36Z
2026-08-09T22:53:54Z,2026-08-10T00:53:54+0200,9f364823-fdf2-409d-8835-686a42d079dd,2026-08-05T06:30:00Z,2026-08-05T08:30:00+0200,58473.748612,MW,DE,DE_LU,forecast_load,Forecasted Load,2026-08-09T22:55:36Z
2026-08-09T22:53:54Z,2026-08-10T00:53:54+0200,9f364823-fdf2-409d-8835-686a42d079dd,2026-08-05T06:45:00Z,2026-08-05T08:45:00+0200,58527.646285,MW,DE,DE_LU,forecast_load,Forecasted Load,2026-08-09T22:55:36Z
2026-08-09T22:53:54Z,2026-08-10T00:53:54+0200,9f364823-fdf2-409d-8835-686a42d079dd,2026-08-05T07:00:00Z,2026-08-05T09:00:00+0200,58600.653145,MW,DE,DE_LU,forecast_load,Forecasted Load,2026-08-09T22:55:36Z
2026-08-09T22:53:54Z,2026-08-10T00:53:54+0200,9f364823-fdf2-409d-8835-686a42d079dd,2026-08-05T07:15:00Z,2026-08-05T09:15:00+0200,58254.515377,MW,DE,DE_LU,forecast_load,Forecasted Load,2026-08-09T22:55:36Z
2026-08-09T22:53:54Z,2026-08-10T00:53:54+0200,9f364823-fdf2-409d-8835-686a42d079dd,2026-08-05T07:30:00Z,2026-08-05T09:30:00+0200,58938.905077,MW,DE,DE_LU,forecast_load,Forecasted Load,2026-08-09T22:55:36Z
2026-08-09T22:53:54Z,2026-08-10T00:53:54+0200,9f364823-fdf2-409d-8835-686a42d079dd,2026-08-05T07:45:00Z,2026-08-05T09:45:00+0200,58700.133579,MW,DE,DE_LU,forecast_load,Forecasted Load,2026-08-09T22:55:36Z
2026-08-09T22:53:54Z,2026-08-10T00:53:54+0200,9f364823-fdf2-409d-8835-686a42d079dd,2026-08-05T08:00:00Z,2026-08-05T10:00:00+0200,58326.438199,MW,DE,DE_LU,forecast_load,Forecasted Load,2026-08-09T22:55:36Z
2026-08-09T22:53:54Z,2026-08-10T00:53:54+0200,9f364823-fdf2-409d-8835-686a42d079dd,2026-08-05T08:15:00Z,2026-08-05T10:15:00+0200,59146.380122,MW,DE,DE_LU,forecast_load,Forecasted Load,2026-08-09T22:55:36Z
2026-08-09T22:53:54Z,2026-08-10T00:53:54+0200,9f364823-fdf2-409d-8835-686a42d079dd,2026-08-05T08:30:00Z,2026-08-05T10:30:00+0200,58277.886849,MW,DE,DE_LU,forecast_load,Forecasted Load,2026-08-09T22:55:36Z
2026-08-09T22:53:54Z,2026-08-10T00:53:54+0200,9f364823-fdf2-409d-8835-686a42d079dd,2026-08-05T08:45:00Z,2026-08-05T10:45:00+0200,58304.353942,MW,DE,DE_LU,forecast_load,Forecasted Load,2026-08-09T22:55:36Z
2026-08-09T22:53:54Z,2026-08-10T00:53:54+0200,9f364823-fdf2-409d-8835-686a42d079dd,2026-08-05T09:00:00Z,2026-08-05T11:00:00+0200,58234.829984,MW,DE,DE_LU,forecast_load,Forecasted Load,2026-08-09T22:55:36Z
2026-08-09T22:53:54Z,2026-08-10T00:53:54+0200,9f364823-fdf2-409d-8835-686a42d079dd,2026-08-05T09:15:00Z,2026-08-05T11:15:00+0200,58251.964829,MW,DE,DE_LU,forecast_load,Forecasted Load,2026-08-09T22:55:36Z
2026-08-09T22:53:54Z,2026-08-10T00:53:54+0200,9f364823-fdf2-409d-8835-686a42d079dd,2026-08-05T09:30:00Z,2026-08-05T11:30:00+0200,58096.649771,MW,DE,DE_LU,forecast_load,Forecasted Load,2026-08-09T22:55:36Z
2026-08-09T22:53:54Z,2026-08-10T00:53:54+0200,9f364823-fdf2-409d-8835-686a42d079dd,2026-08-05T09:45:00Z,2026-08-05T11:45:00+0200,57761.469579,MW,DE,DE_LU,forecast_load,Forecasted Load,2026-08-09T22:55:36Z
2026-08-09T22:53:54Z,2026-08-10T00:53:54+0200,9f364823-fdf2-409d-8835-686a42d079dd,2026-08-05T10:00:00Z,2026-08-05T12:00:00+0200,56920.888036,MW,DE,DE_LU,forecast_load,Forecasted Load,2026-08-09T22:55:36Z
2026-08-09T22:53:54Z,2026-08-10T00:53:54+0200,9f364823-fdf2-409d-8835-686a42d079dd,2026-08-05T10:15:00Z,2026-08-05T12:15:00+0200,57051.751033,MW,DE,DE_LU,forecast_load,Forecasted Load,2026-08-09T22:55:36Z
2026-08-09T22:53:54Z,2026-08-10T00:53:54+0200,9f364823-fdf2-409d-8835-686a42d079dd,2026-08-05T10:30:00Z,2026-08-05T12:30:00+0200,56837.373286,MW,DE,DE_LU,forecast_load,Forecasted Load,2026-08-09T22:55:36Z
2026-08-09T22:53:54Z,2026-08-10T00:53:54+0200,9f364823-fdf2-409d-8835-686a42d079dd,2026-08-05T10:45:00Z,2026-08-05T12:45:00+0200,56946.000514,MW,DE,DE_LU,forecast_load,Forecasted Load,2026-08-09T22:55:36Z
2026-08-09T22:53:54Z,2026-08-10T00:53:54+0200,9f364823-fdf2-409d-8835-686a42d079dd,2026-08-05T11:00:00Z,2026-08-05T13:00:00+0200,55838.63367,MW,DE,DE_LU,forecast_load,Forecasted Load,2026-08-09T22:55:36Z
2026-08-09T22:53:54Z,2026-08-10T00:53:54+0200,9f364823-fdf2-409d-8835-686a42d079dd,2026-08-05T11:15:00Z,2026-08-05T13:15:00+0200,55586.766897,MW,DE,DE_LU,forecast_load,Forecasted Load,2026-08-09T22:55:36Z
2026-08-09T22:53:54Z,2026-08-10T00:53:54+0200,9f364823-fdf2-409d-8835-686a42d079dd,2026-08-05T11:30:00Z,2026-08-05T13:30:00+0200,55131.77597,MW,DE,DE_LU,forecast_load,Forecasted Load,2026-08-09T22:55:36Z
2026-08-09T22:53:54Z,2026-08-10T00:53:54+0200,9f364823-fdf2-409d-8835-686a42d079dd,2026-08-05T11:45:00Z,2026-08-05T13:45:00+0200,54307.076233,MW,DE,DE_LU,forecast_load,Forecasted Load,2026-08-09T22:55:36Z
2026-08-09T22:53:54Z,2026-08-10T00:53:54+0200,9f364823-fdf2-409d-8835-686a42d079dd,2026-08-05T12:00:00Z,2026-08-05T14:00:00+0200,55374.197515,MW,DE,DE_LU,forecast_load,Forecasted Load,2026-08-09T22:55:36Z
2026-08-09T22:53:54Z,2026-08-10T00:53:54+0200,9f364823-fdf2-409d-8835-686a42d079dd,2026-08-05T12:15:00Z,2026-08-05T14:15:00+0200,54574.326882,MW,DE,DE_LU,forecast_load,Forecasted Load,2026-08-09T22:55:36Z
2026-08-09T22:53:54Z,2026-08-10T00:53:54+0200,9f364823-fdf2-409d-8835-686a42d079dd,2026-08-05T12:30:00Z,2026-08-05T14:30:00+0200,54436.348321,MW,DE,DE_LU,forecast_load,Forecasted Load,2026-08-09T22:55:36Z
2026-08-09T22:53:54Z,2026-08-10T00:53:54+0200,9f364823-fdf2-409d-8835-686a42d079dd,2026-08-05T12:45:00Z,2026-08-05T14:45:00+0200,54450.822126,MW,DE,DE_LU,forecast_load,Forecasted Load,2026-08-09T22:55:36Z
2026-08-09T22:53:54Z,2026-08-10T00:53:54+0200,9f364823-fdf2-409d-8835-686a42d079dd,2026-08-05T13:00:00Z,2026-08-05T15:00:00+0200,54768.25123,MW,DE,DE_LU,forecast_load,Forecasted Load,2026-08-09T22:55:36Z
2026-08-09T22:53:54Z,2026-08-10T00:53:54+0200,9f364823-fdf2-409d-8835-686a42d079dd,2026-08-05T13:15:00Z,2026-08-05T15:15:00+0200,53787.442511,MW,DE,DE_LU,forecast_load,Forecasted Load,2026-08-09T22:55:36Z
2026-08-09T22:53:54Z,2026-08-10T00:53:54+0200,9f364823-fdf2-409d-8835-686a42d079dd,2026-08-05T13:30:00Z,2026-08-05T15:30:00+0200,54560.616363,MW,DE,DE_LU,forecast_load,Forecasted Load,2026-08-09T22:55:36Z
2026-08-09T22:53:54Z,2026-08-10T00:53:54+0200,9f364823-fdf2-409d-8835-686a42d079dd,2026-08-05T13:45:00Z,2026-08-05T15:45:00+0200,54235.331969,MW,DE,DE_LU,forecast_load,Forecasted Load,2026-08-09T22:55:36Z
2026-08-09T22:53:54Z,2026-08-10T00:53:54+0200,9f364823-fdf2-409d-8835-686a42d079dd,2026-08-05T14:00:00Z,2026-08-05T16:00:00+0200,54889.34997,MW,DE,DE_LU,forecast_load,Forecasted Load,2026-08-09T22:55:36Z
2026-08-09T22:53:54Z,2026-08-10T00:53:54+0200,9f364823-fdf2-409d-8835-686a42d079dd,2026-08-05T14:15:00Z,2026-08-05T16:15:00+0200,54596.671995,MW,DE,DE_LU,forecast_load,Forecasted Load,2026-08-09T22:55:36Z
2026-08-09T22:53:54Z,2026-08-10T00:53:54+0200,9f364823-fdf2-409d-8835-686a42d079dd,2026-08-05T14:30:00Z,2026-08-05T16:30:00+0200,54986.066219,MW,DE,DE_LU,forecast_load,Forecasted Load,2026-08-09T22:55:36Z
2026-08-09T22:53:54Z,2026-08-10T00:53:54+0200,9f364823-fdf2-409d-8835-686a42d079dd,2026-08-05T14:45:00Z,2026-08-05T16:45:00+0200,55116.698083,MW,DE,DE_LU,forecast_load,Forecasted Load,2026-08-09T22:55:36Z
2026-08-09T22:53:54Z,2026-08-10T00:53:54+0200,9f364823-fdf2-409d-8835-686a42d079dd,2026-08-05T15:00:00Z,2026-08-05T17:00:00+0200,55712.926421,MW,DE,DE_LU,forecast_load,Forecasted Load,2026-08-09T22:55:36Z
2026-08-09T22:53:54Z,2026-08-10T00:53:54+0200,9f364823-fdf2-409d-8835-686a42d079dd,2026-08-05T15:15:00Z,2026-08-05T17:15:00+0200,56261.766804,MW,DE,DE_LU,forecast_load,Forecasted Load,2026-08-09T22:55:36Z
2026-08-09T22:53:54Z,2026-08-10T00:53:54+0200,9f364823-fdf2-409d-8835-686a42d079dd,2026-08-05T15:30:00Z,2026-08-05T17:30:00+0200,56290.429911,MW,DE,DE_LU,forecast_load,Forecasted Load,2026-08-09T22:55:36Z
2026-08-09T22:53:54Z,2026-08-10T00:53:54+0200,9f364823-fdf2-409d-8835-686a42d079dd,2026-08-05T15:45:00Z,2026-08-05T17:45:00+0200,56708.753146,MW,DE,DE_LU,forecast_load,Forecasted Load,2026-08-09T22:55:36Z
2026-08-09T22:53:54Z,2026-08-10T00:53:54+0200,9f364823-fdf2-409d-8835-686a42d079dd,2026-08-05T16:00:00Z,2026-08-05T18:00:00+0200,56994.719399,MW,DE,DE_LU,forecast_load,Forecasted Load,2026-08-09T22:55:36Z
2026-08-09T22:53:54Z,2026-08-10T00:53:54+0200,9f364823-fdf2-409d-8835-686a42d079dd,2026-08-05T16:15:00Z,2026-08-05T18:15:00+0200,57397.654145,MW,DE,DE_LU,forecast_load,Forecasted Load,2026-08-09T22:55:36Z
2026-08-09T22:53:54Z,2026-08-10T00:53:54+0200,9f364823-fdf2-409d-8835-686a42d079dd,2026-08-05T16:30:00Z,2026-08-05T18:30:00+0200,57269.269836,MW,DE,DE_LU,forecast_load,Forecasted Load,2026-08-09T22:55:36Z
2026-08-09T22:53:54Z,2026-08-10T00:53:54+0200,9f364823-fdf2-409d-8835-686a42d079dd,2026-08-05T16:45:00Z,2026-08-05T18:45:00+0200,57209.251995,MW,DE,DE_LU,forecast_load,Forecasted Load,2026-08-09T22:55:36Z
2026-08-09T22:53:54Z,2026-08-10T00:53:54+0200,9f364823-fdf2-409d-8835-686a42d079dd,2026-08-05T17:00:00Z,2026-08-05T19:00:00+0200,57130.846349,MW,DE,DE_LU,forecast_load,Forecasted Load,2026-08-09T22:55:36Z
2026-08-09T22:53:54Z,2026-08-10T00:53:54+0200,9f364823-fdf2-409d-8835-686a42d079dd,2026-08-05T17:15:00Z,2026-08-05T19:15:00+0200,57747.581859,MW,DE,DE_LU,forecast_load,Forecasted Load,2026-08-09T22:55:36Z
2026-08-09T22:53:54Z,2026-08-10T00:53:54+0200,9f364823-fdf2-409d-8835-686a42d079dd,2026-08-05T17:30:00Z,2026-08-05T19:30:00+0200,57655.401147,MW,DE,DE_LU,forecast_load,Forecasted Load,2026-08-09T22:55:36Z
2026-08-09T22:53:54Z,2026-08-10T00:53:54+0200,9f364823-fdf2-409d-8835-686a42d079dd,2026-08-05T17:45:00Z,2026-08-05T19:45:00+0200,57263.428401,MW,DE,DE_LU,forecast_load,Forecasted Load,2026-08-09T22:55:36Z
2026-08-09T22:53:54Z,2026-08-10T00:53:54+0200,9f364823-fdf2-409d-8835-686a42d079dd,2026-08-05T18:00:00Z,2026-08-05T20:00:00+0200,56865.895071,MW,DE,DE_LU,forecast_load,Forecasted Load,2026-08-09T22:55:36Z
2026-08-09T22:53:54Z,2026-08-10T00:53:54+0200,9f364823-fdf2-409d-8835-686a42d079dd,2026-08-05T18:15:00Z,2026-08-05T20:15:00+0200,56157.270272,MW,DE,DE_LU,forecast_load,Forecasted Load,2026-08-09T22:55:36Z
2026-08-09T22:53:54Z,2026-08-10T00:53:54+0200,9f364823-fdf2-409d-8835-686a42d079dd,2026-08-05T18:30:00Z,2026-08-05T20:30:00+0200,55775.212797,MW,DE,DE_LU,forecast_load,Forecasted Load,2026-08-09T22:55:36Z
2026-08-09T22:53:54Z,2026-08-10T00:53:54+0200,9f364823-fdf2-409d-8835-686a42d079dd,2026-08-05T18:45:00Z,2026-08-05T20:45:00+0200,55037.076087,MW,DE,DE_LU,forecast_load,Forecasted Load,2026-08-09T22:55:36Z
2026-08-09T22:53:54Z,2026-08-10T00:53:54+0200,9f364823-fdf2-409d-8835-686a42d079dd,2026-08-05T19:00:00Z,2026-08-05T21:00:00+0200,54469.331739,MW,DE,DE_LU,forecast_load,Forecasted Load,2026-08-09T22:55:36Z
2026-08-09T22:53:54Z,2026-08-10T00:53:54+0200,9f364823-fdf2-409d-8835-686a42d079dd,2026-08-05T19:15:00Z,2026-08-05T21:15:00+0200,53853.939057,MW,DE,DE_LU,forecast_load,Forecasted Load,2026-08-09T22:55:36Z
2026-08-09T22:53:54Z,2026-08-10T00:53:54+0200,9f364823-fdf2-409d-8835-686a42d079dd,2026-08-05T19:30:00Z,2026-08-05T21:30:00+0200,53284.805183,MW,DE,DE_LU,forecast_load,Forecasted Load,2026-08-09T22:55:36Z
2026-08-09T22:53:54Z,2026-08-10T00:53:54+0200,9f364823-fdf2-409d-8835-686a42d079dd,2026-08-05T19:45:00Z,2026-08-05T21:45:00+0200,52588.292226,MW,DE,DE_LU,forecast_load,Forecasted Load,2026-08-09T22:55:36Z
2026-08-09T22:53:54Z,2026-08-10T00:53:54+0200,9f364823-fdf2-409d-8835-686a42d079dd,2026-08-05T20:00:00Z,2026-08-05T22:00:00+0200,51538.841533,MW,DE,DE_LU,forecast_load,Forecasted Load,2026-08-09T22:55:36Z
2026-08-09T22:53:54Z,2026-08-10T00:53:54+0200,9f364823-fdf2-409d-8835-686a42d079dd,2026-08-05T20:15:00Z,2026-08-05T22:15:00+0200,50532.576268,MW,DE,DE_LU,forecast_load,Forecasted Load,2026-08-09T22:55:36Z
2026-08-09T22:53:54Z,2026-08-10T00:53:54+0200,9f364823-fdf2-409d-8835-686a42d079dd,2026-08-05T20:30:00Z,2026-08-05T22:30:00+0200,49385.846801,MW,DE,DE_LU,forecast_load,Forecasted Load,2026-08-09T22:55:36Z
2026-08-09T22:53:54Z,2026-08-10T00:53:54+0200,9f364823-fdf2-409d-8835-686a42d079dd,2026-08-05T20:45:00Z,2026-08-05T22:45:00+0200,48415.896676,MW,DE,DE_LU,forecast_load,Forecasted Load,2026-08-09T22:55:36Z
2026-08-09T22:53:54Z,2026-08-10T00:53:54+0200,9f364823-fdf2-409d-8835-686a42d079dd,2026-08-05T21:00:00Z,2026-08-05T23:00:00+0200,47413.473897,MW,DE,DE_LU,forecast_load,Forecasted Load,2026-08-09T22:55:36Z
2026-08-09T22:53:54Z,2026-08-10T00:53:54+0200,9f364823-fdf2-409d-8835-686a42d079dd,2026-08-05T21:15:00Z,2026-08-05T23:15:00+0200,46793.915592,MW,DE,DE_LU,forecast_load,Forecasted Load,2026-08-09T22:55:36Z
2026-08-09T22:53:54Z,2026-08-10T00:53:54+0200,9f364823-fdf2-409d-8835-686a42d079dd,2026-08-05T21:30:00Z,2026-08-05T23:30:00+0200,45957.41418,MW,DE,DE_LU,forecast_load,Forecasted Load,2026-08-09T22:55:36Z
2026-08-09T22:53:54Z,2026-08-10T00:53:54+0200,9f364823-fdf2-409d-8835-686a42d079dd,2026-08-05T21:45:00Z,2026-08-05T23:45:00+0200,45388.482249,MW,DE,DE_LU,forecast_load,Forecasted Load,2026-08-09T22:55:36Z
2026-08-09T22:53:54Z,2026-08-10T00:53:54+0200,9f364823-fdf2-409d-8835-686a42d079dd,2026-08-05T22:00:00Z,2026-08-06T00:00:00+0200,43481.169357,MW,DE,DE_LU,forecast_load,Forecasted Load,2026-08-09T22:55:36Z
2026-08-09T22:53:54Z,2026-08-10T00:53:54+0200,9f364823-fdf2-409d-8835-686a42d079dd,2026-08-05T22:15:00Z,2026-08-06T00:15:00+0200,42900.142562,MW,DE,DE_LU,forecast_load,Forecasted Load,2026-08-09T22:55:36Z
2026-08-09T22:53:54Z,2026-08-10T00:53:54+0200,9f364823-fdf2-409d-8835-686a42d079dd,2026-08-05T22:30:00Z,2026-08-06T00:30:00+0200,42533.161405,MW,DE,DE_LU,forecast_load,Forecasted Load,2026-08-09T22:55:36Z
2026-08-09T22:53:54Z,2026-08-10T00:53:54+0200,9f364823-fdf2-409d-8835-686a42d079dd,2026-08-05T22:45:00Z,2026-08-06T00:45:00+0200,42099.951762,MW,DE,DE_LU,forecast_load,Forecasted Load,2026-08-09T22:55:36Z
2026-08-09T22:53:54Z,2026-08-10T00:53:54+0200,9f364823-fdf2-409d-8835-686a42d079dd,2026-08-05T23:00:00Z,2026-08-06T01:00:00+0200,41754.627117,MW,DE,DE_LU,forecast_load,Forecasted Load,2026-08-09T22:55:36Z
2026-08-09T22:53:54Z,2026-08-10T00:53:54+0200,9f364823-fdf2-409d-8835-686a42d079dd,2026-08-05T23:15:00Z,2026-08-06T01:15:00+0200,41367.06661,MW,DE,DE_LU,forecast_load,Forecasted Load,2026-08-09T22:55:36Z
2026-08-09T22:53:54Z,2026-08-10T00:53:54+0200,9f364823-fdf2-409d-8835-686a42d079dd,2026-08-05T23:30:00Z,2026-08-06T01:30:00+0200,41057.639299,MW,DE,DE_LU,forecast_load,Forecasted Load,2026-08-09T22:55:36Z
2026-08-09T22:53:54Z,2026-08-10T00:53:54+0200,9f364823-fdf2-409d-8835-686a42d079dd,2026-08-05T23:45:00Z,2026-08-06T01:45:00+0200,40981.041487,MW,DE,DE_LU,forecast_load,Forecasted Load,2026-08-09T22:55:36Z
2026-08-09T22:53:54Z,2026-08-10T00:53:54+0200,9f364823-fdf2-409d-8835-686a42d079dd,2026-08-06T00:00:00Z,2026-08-06T02:00:00+0200,40805.400781,MW,DE,DE_LU,forecast_load,Forecasted Load,2026-08-09T22:55:36Z
2026-08-09T22:53:54Z,2026-08-10T00:53:54+0200,9f364823-fdf2-409d-8835-686a42d079dd,2026-08-06T00:15:00Z,2026-08-06T02:15:00+0200,40536.477399,MW,DE,DE_LU,forecast_load,Forecasted Load,2026-08-09T22:55:36Z
2026-08-09T22:53:54Z,2026-08-10T00:53:54+0200,9f364823-fdf2-409d-8835-686a42d079dd,2026-08-06T00:30:00Z,2026-08-06T02:30:00+0200,40367.025283,MW,DE,DE_LU,forecast_load,Forecasted Load,2026-08-09T22:55:36Z
2026-08-09T22:53:54Z,2026-08-10T00:53:54+0200,9f364823-fdf2-409d-8835-686a42d079dd,2026-08-06T00:45:00Z,2026-08-06T02:45:00+0200,40247.359206,MW,DE,DE_LU,forecast_load,Forecasted Load,2026-08-09T22:55:36Z
2026-08-09T22:53:54Z,2026-08-10T00:53:54+0200,9f364823-fdf2-409d-8835-686a42d079dd,2026-08-06T01:00:00Z,2026-08-06T03:00:00+0200,40073.846686,MW,DE,DE_LU,forecast_load,Forecasted Load,2026-08-09T22:55:36Z
2026-08-09T22:53:54Z,2026-08-10T00:53:54+0200,9f364823-fdf2-409d-8835-686a42d079dd,2026-08-06T01:15:00Z,2026-08-06T03:15:00+0200,39976.931606,MW,DE,DE_LU,forecast_load,Forecasted Load,2026-08-09T22:55:36Z
2026-08-09T22:53:54Z,2026-08-10T00:53:54+0200,9f364823-fdf2-409d-8835-686a42d079dd,2026-08-06T01:30:00Z,2026-08-06T03:30:00+0200,40025.0241,MW,DE,DE_LU,forecast_load,Forecasted Load,2026-08-09T22:55:36Z
2026-08-09T22:53:54Z,2026-08-10T00:53:54+0200,9f364823-fdf2-409d-8835-686a42d079dd,2026-08-06T01:45:00Z,2026-08-06T03:45:00+0200,40076.873897,MW,DE,DE_LU,forecast_load,Forecasted Load,2026-08-09T22:55:36Z
2026-08-09T22:53:54Z,2026-08-10T00:53:54+0200,9f364823-fdf2-409d-8835-686a42d079dd,2026-08-06T02:00:00Z,2026-08-06T04:00:00+0200,40112.451215,MW,DE,DE_LU,forecast_load,Forecasted Load,2026-08-09T22:55:36Z
2026-08-09T22:53:54Z,2026-08-10T00:53:54+0200,9f364823-fdf2-409d-8835-686a42d079dd,2026-08-06T02:15:00Z,2026-08-06T04:15:00+0200,40261.720767,MW,DE,DE_LU,forecast_load,Forecasted Load,2026-08-09T22:55:36Z
2026-08-09T22:53:54Z,2026-08-10T00:53:54+0200,9f364823-fdf2-409d-8835-686a42d079dd,2026-08-06T02:30:00Z,2026-08-06T04:30:00+0200,40572.44109,MW,DE,DE_LU,forecast_load,Forecasted Load,2026-08-09T22:55:36Z
2026-08-09T22:53:54Z,2026-08-10T00:53:54+0200,9f364823-fdf2-409d-8835-686a42d079dd,2026-08-06T02:45:00Z,2026-08-06T04:45:00+0200,40514.822743,MW,DE,DE_LU,forecast_load,Forecasted Load,2026-08-09T22:55:36Z
2026-08-09T22:53:54Z,2026-08-10T00:53:54+0200,9f364823-fdf2-409d-8835-686a42d079dd,2026-08-06T03:00:00Z,2026-08-06T05:00:00+0200,41294.360006,MW,DE,DE_LU,forecast_load,Forecasted Load,2026-08-09T22:55:36Z
2026-08-09T22:53:54Z,2026-08-10T00:53:54+0200,9f364823-fdf2-409d-8835-686a42d079dd,2026-08-06T03:15:00Z,2026-08-06T05:15:00+0200,42213.589193,MW,DE,DE_LU,forecast_load,Forecasted Load,2026-08-09T22:55:36Z
2026-08-09T22:53:54Z,2026-08-10T00:53:54+0200,9f364823-fdf2-409d-8835-686a42d079dd,2026-08-06T03:30:00Z,2026-08-06T05:30:00+0200,43459.698205,MW,DE,DE_LU,forecast_load,Forecasted Load,2026-08-09T22:55:36Z
2026-08-09T22:53:54Z,2026-08-10T00:53:54+0200,9f364823-fdf2-409d-8835-686a42d079dd,2026-08-06T03:45:00Z,2026-08-06T05:45:00+0200,44554.17948,MW,DE,DE_LU,forecast_load,Forecasted Load,2026-08-09T22:55:36Z
2026-08-09T22:53:54Z,2026-08-10T00:53:54+0200,9f364823-fdf2-409d-8835-686a42d079dd,2026-08-06T04:00:00Z,2026-08-06T06:00:00+0200,46285.920751,MW,DE,DE_LU,forecast_load,Forecasted Load,2026-08-09T22:55:36Z
2026-08-09T22:53:54Z,2026-08-10T00:53:54+0200,9f364823-fdf2-409d-8835-686a42d079dd,2026-08-06T04:15:00Z,2026-08-06T06:15:00+0200,47789.423064,MW,DE,DE_LU,forecast_load,Forecasted Load,2026-08-09T22:55:36Z
2026-08-09T22:53:54Z,2026-08-10T00:53:54+0200,9f364823-fdf2-409d-8835-686a42d079dd,2026-08-06T04:30:00Z,2026-08-06T06:30:00+0200,49112.9647,MW,DE,DE_LU,forecast_load,Forecasted Load,2026-08-09T22:55:36Z
2026-08-09T22:53:54Z,2026-08-10T00:53:54+0200,9f364823-fdf2-409d-8835-686a42d079dd,2026-08-06T04:45:00Z,2026-08-06T06:45:00+0200,50184.27501,MW,DE,DE_LU,forecast_load,Forecasted Load,2026-08-09T22:55:36Z
2026-08-09T22:53:54Z,2026-08-10T00:53:54+0200,9f364823-fdf2-409d-8835-686a42d079dd,2026-08-06T05:00:00Z,2026-08-06T07:00:00+0200,51327.988955,MW,DE,DE_LU,forecast_load,Forecasted Load,2026-08-09T22:55:36Z
2026-08-09T22:53:54Z,2026-08-10T00:53:54+0200,9f364823-fdf2-409d-8835-686a42d079dd,2026-08-06T05:15:00Z,2026-08-06T07:15:00+0200,52493.087008,MW,DE,DE_LU,forecast_load,Forecasted Load,2026-08-09T22:55:36Z
2026-08-09T22:53:54Z,2026-08-10T00:53:54+0200,9f364823-fdf2-409d-8835-686a42d079dd,2026-08-06T05:30:00Z,2026-08-06T07:30:00+0200,53748.787993,MW,DE,DE_LU,forecast_load,Forecasted Load,2026-08-09T22:55:36Z
2026-08-09T22:53:54Z,2026-08-10T00:53:54+0200,9f364823-fdf2-409d-8835-686a42d079dd,2026-08-06T05:45:00Z,2026-08-06T07:45:00+0200,54984.381764,MW,DE,DE_LU,forecast_load,Forecasted Load,2026-08-09T22:55:36Z
2026-08-09T22:53:54Z,2026-08-10T00:53:54+0200,9f364823-fdf2-409d-8835-686a42d079dd,2026-08-06T06:00:00Z,2026-08-06T08:00:00+0200,55725.048048,MW,DE,DE_LU,forecast_load,Forecasted Load,2026-08-09T22:55:36Z
2026-08-09T22:53:54Z,2026-08-10T00:53:54+0200,9f364823-fdf2-409d-8835-686a42d079dd,2026-08-06T06:15:00Z,2026-08-06T08:15:00+0200,56350.729423,MW,DE,DE_LU,forecast_load,Forecasted Load,2026-08-09T22:55:36Z
2026-08-09T22:53:54Z,2026-08-10T00:53:54+0200,9f364823-fdf2-409d-8835-686a42d079dd,2026-08-06T06:30:00Z,2026-08-06T08:30:00+0200,56854.886333,MW,DE,DE_LU,forecast_load,Forecasted Load,2026-08-09T22:55:36Z
2026-08-09T22:53:54Z,2026-08-10T00:53:54+0200,9f364823-fdf2-409d-8835-686a42d079dd,2026-08-06T06:45:00Z,2026-08-06T08:45:00+0200,57278.890954,MW,DE,DE_LU,forecast_load,Forecasted Load,2026-08-09T22:55:36Z
2026-08-09T22:53:54Z,2026-08-10T00:53:54+0200,9f364823-fdf2-409d-8835-686a42d079dd,2026-08-06T07:00:00Z,2026-08-06T09:00:00+0200,57324.066903,MW,DE,DE_LU,forecast_load,Forecasted Load,2026-08-09T22:55:36Z
2026-08-09T22:53:54Z,2026-08-10T00:53:54+0200,9f364823-fdf2-409d-8835-686a42d079dd,2026-08-06T07:15:00Z,2026-08-06T09:15:00+0200,57258.275315,MW,DE,DE_LU,forecast_load,Forecasted Load,2026-08-09T22:55:36Z
2026-08-09T22:53:54Z,2026-08-10T00:53:54+0200,9f364823-fdf2-409d-8835-686a42d079dd,2026-08-06T07:30:00Z,2026-08-06T09:30:00+0200,57674.927071,MW,DE,DE_LU,forecast_load,Forecasted Load,2026-08-09T22:55:36Z
2026-08-09T22:53:54Z,2026-08-10T00:53:54+0200,9f364823-fdf2-409d-8835-686a42d079dd,2026-08-06T07:45:00Z,2026-08-06T09:45:00+0200,58278.670967,MW,DE,DE_LU,forecast_load,Forecasted Load,2026-08-09T22:55:36Z
2026-08-09T22:53:54Z,2026-08-10T00:53:54+0200,9f364823-fdf2-409d-8835-686a42d079dd,2026-08-06T08:00:00Z,2026-08-06T10:00:00+0200,57831.895157,MW,DE,DE_LU,forecast_load,Forecasted Load,2026-08-09T22:55:36Z
2026-08-09T22:53:54Z,2026-08-10T00:53:54+0200,9f364823-fdf2-409d-8835-686a42d079dd,2026-08-06T08:15:00Z,2026-08-06T10:15:00+0200,58197.64582,MW,DE,DE_LU,forecast_load,Forecasted Load,2026-08-09T22:55:36Z
2026-08-09T22:53:54Z,2026-08-10T00:53:54+0200,9f364823-fdf2-409d-8835-686a42d079dd,2026-08-06T08:30:00Z,2026-08-06T10:30:00+0200,58847.442061,MW,DE,DE_LU,forecast_load,Forecasted Load,2026-08-09T22:55:36Z
2026-08-09T22:53:54Z,2026-08-10T00:53:54+0200,9f364823-fdf2-409d-8835-686a42d079dd,2026-08-06T08:45:00Z,2026-08-06T10:45:00+0200,58030.974729,MW,DE,DE_LU,forecast_load,Forecasted Load,2026-08-09T22:55:36Z
2026-08-09T22:53:54Z,2026-08-10T00:53:54+0200,9f364823-fdf2-409d-8835-686a42d079dd,2026-08-06T09:00:00Z,2026-08-06T11:00:00+0200,57987.928381,MW,DE,DE_LU,forecast_load,Forecasted Load,2026-08-09T22:55:36Z
2026-08-09T22:53:54Z,2026-08-10T00:53:54+0200,9f364823-fdf2-409d-8835-686a42d079dd,2026-08-06T09:15:00Z,2026-08-06T11:15:00+0200,58542.469603,MW,DE,DE_LU,forecast_load,Forecasted Load,2026-08-09T22:55:36Z
2026-08-09T22:53:54Z,2026-08-10T00:53:54+0200,9f364823-fdf2-409d-8835-686a42d079dd,2026-08-06T09:30:00Z,2026-08-06T11:30:00+0200,58418.911976,MW,DE,DE_LU,forecast_load,Forecasted Load,2026-08-09T22:55:36Z
2026-08-09T22:53:54Z,2026-08-10T00:53:54+0200,9f364823-fdf2-409d-8835-686a42d079dd,2026-08-06T09:45:00Z,2026-08-06T11:45:00+0200,58173.194549,MW,DE,DE_LU,forecast_load,Forecasted Load,2026-08-09T22:55:36Z
2026-08-09T22:53:54Z,2026-08-10T00:53:54+0200,9f364823-fdf2-409d-8835-686a42d079dd,2026-08-06T10:00:00Z,2026-08-06T12:00:00+0200,57973.244154,MW,DE,DE_LU,forecast_load,Forecasted Load,2026-08-09T22:55:36Z
2026-08-09T22:53:54Z,2026-08-10T00:53:54+0200,9f364823-fdf2-409d-8835-686a42d079dd,2026-08-06T10:15:00Z,2026-08-06T12:15:00+0200,58000.950244,MW,DE,DE_LU,forecast_load,Forecasted Load,2026-08-09T22:55:36Z
2026-08-09T22:53:54Z,2026-08-10T00:53:54+0200,9f364823-fdf2-409d-8835-686a42d079dd,2026-08-06T10:30:00Z,2026-08-06T12:30:00+0200,57965.416545,MW,DE,DE_LU,forecast_load,Forecasted Load,2026-08-09T22:55:36Z
2026-08-09T22:53:54Z,2026-08-10T00:53:54+0200,9f364823-fdf2-409d-8835-686a42d079dd,2026-08-06T10:45:00Z,2026-08-06T12:45:00+0200,58016.431232,MW,DE,DE_LU,forecast_load,Forecasted Load,2026-08-09T22:55:36Z
2026-08-09T22:53:54Z,2026-08-10T00:53:54+0200,9f364823-fdf2-409d-8835-686a42d079dd,2026-08-06T11:00:00Z,2026-08-06T13:00:00+0200,56165.495753,MW,DE,DE_LU,forecast_load,Forecasted Load,2026-08-09T22:55:36Z
2026-08-09T22:53:54Z,2026-08-10T00:53:54+0200,9f364823-fdf2-409d-8835-686a42d079dd,2026-08-06T11:15:00Z,2026-08-06T13:15:00+0200,56758.73406,MW,DE,DE_LU,forecast_load,Forecasted Load,2026-08-09T22:55:36Z
2026-08-09T22:53:54Z,2026-08-10T00:53:54+0200,9f364823-fdf2-409d-8835-686a42d079dd,2026-08-06T11:30:00Z,2026-08-06T13:30:00+0200,55985.365231,MW,DE,DE_LU,forecast_load,Forecasted Load,2026-08-09T22:55:36Z
2026-08-09T22:53:54Z,2026-08-10T00:53:54+0200,9f364823-fdf2-409d-8835-686a42d079dd,2026-08-06T11:45:00Z,2026-08-06T13:45:00+0200,55718.228247,MW,DE,DE_LU,forecast_load,Forecasted Load,2026-08-09T22:55:36Z
2026-08-09T22:53:54Z,2026-08-10T00:53:54+0200,9f364823-fdf2-409d-8835-686a42d079dd,2026-08-06T12:00:00Z,2026-08-06T14:00:00+0200,55161.059457,MW,DE,DE_LU,forecast_load,Forecasted Load,2026-08-09T22:55:36Z
2026-08-09T22:53:54Z,2026-08-10T00:53:54+0200,9f364823-fdf2-409d-8835-686a42d079dd,2026-08-06T12:15:00Z,2026-08-06T14:15:00+0200,55150.465482,MW,DE,DE_LU,forecast_load,Forecasted Load,2026-08-09T22:55:36Z
2026-08-09T22:53:54Z,2026-08-10T00:53:54+0200,9f364823-fdf2-409d-8835-686a42d079dd,2026-08-06T12:30:00Z,2026-08-06T14:30:00+0200,55071.966087,MW,DE,DE_LU,forecast_load,Forecasted Load,2026-08-09T22:55:36Z
2026-08-09T22:53:54Z,2026-08-10T00:53:54+0200,9f364823-fdf2-409d-8835-686a42d079dd,2026-08-06T12:45:00Z,2026-08-06T14:45:00+0200,55154.762269,MW,DE,DE_LU,forecast_load,Forecasted Load,2026-08-09T22:55:36Z
2026-08-09T22:53:54Z,2026-08-10T00:53:54+0200,9f364823-fdf2-409d-8835-686a42d079dd,2026-08-06T13:00:00Z,2026-08-06T15:00:00+0200,55331.410174,MW,DE,DE_LU,forecast_load,Forecasted Load,2026-08-09T22:55:36Z
2026-08-09T22:53:54Z,2026-08-10T00:53:54+0200,9f364823-fdf2-409d-8835-686a42d079dd,2026-08-06T13:15:00Z,2026-08-06T15:15:00+0200,55064.246072,MW,DE,DE_LU,forecast_load,Forecasted Load,2026-08-09T22:55:36Z
2026-08-09T22:53:54Z,2026-08-10T00:53:54+0200,9f364823-fdf2-409d-8835-686a42d079dd,2026-08-06T13:30:00Z,2026-08-06T15:30:00+0200,54817.800521,MW,DE,DE_LU,forecast_load,Forecasted Load,2026-08-09T22:55:36Z
2026-08-09T22:53:54Z,2026-08-10T00:53:54+0200,9f364823-fdf2-409d-8835-686a42d079dd,2026-08-06T13:45:00Z,2026-08-06T15:45:00+0200,54666.828196,MW,DE,DE_LU,forecast_load,Forecasted Load,2026-08-09T22:55:36Z
2026-08-09T22:53:54Z,2026-08-10T00:53:54+0200,9f364823-fdf2-409d-8835-686a42d079dd,2026-08-06T14:00:00Z,2026-08-06T16:00:00+0200,55019.870046,MW,DE,DE_LU,forecast_load,Forecasted Load,2026-08-09T22:55:36Z
2026-08-09T22:53:54Z,2026-08-10T00:53:54+0200,9f364823-fdf2-409d-8835-686a42d079dd,2026-08-06T14:15:00Z,2026-08-06T16:15:00+0200,54940.618636,MW,DE,DE_LU,forecast_load,Forecasted Load,2026-08-09T22:55:36Z
2026-08-09T22:53:54Z,2026-08-10T00:53:54+0200,9f364823-fdf2-409d-8835-686a42d079dd,2026-08-06T14:30:00Z,2026-08-06T16:30:00+0200,54012.466247,MW,DE,DE_LU,forecast_load,Forecasted Load,2026-08-09T22:55:36Z
2026-08-09T22:53:54Z,2026-08-10T00:53:54+0200,9f364823-fdf2-409d-8835-686a42d079dd,2026-08-06T14:45:00Z,2026-08-06T16:45:00+0200,54244.640997,MW,DE,DE_LU,forecast_load,Forecasted Load,2026-08-09T22:55:36Z
2026-08-09T22:53:54Z,2026-08-10T00:53:54+0200,9f364823-fdf2-409d-8835-686a42d079dd,2026-08-06T15:00:00Z,2026-08-06T17:00:00+0200,54792.995539,MW,DE,DE_LU,forecast_load,Forecasted Load,2026-08-09T22:55:36Z
2026-08-09T22:53:54Z,2026-08-10T00:53:54+0200,9f364823-fdf2-409d-8835-686a42d079dd,2026-08-06T15:15:00Z,2026-08-06T17:15:00+0200,54862.619511,MW,DE,DE_LU,forecast_load,Forecasted Load,2026-08-09T22:55:36Z
2026-08-09T22:53:54Z,2026-08-10T00:53:54+0200,9f364823-fdf2-409d-8835-686a42d079dd,2026-08-06T15:30:00Z,2026-08-06T17:30:00+0200,54753.676405,MW,DE,DE_LU,forecast_load,Forecasted Load,2026-08-09T22:55:36Z
2026-08-09T22:53:54Z,2026-08-10T00:53:54+0200,9f364823-fdf2-409d-8835-686a42d079dd,2026-08-06T15:45:00Z,2026-08-06T17:45:00+0200,54816.723458,MW,DE,DE_LU,forecast_load,Forecasted Load,2026-08-09T22:55:36Z
2026-08-09T22:53:54Z,2026-08-10T00:53:54+0200,9f364823-fdf2-409d-8835-686a42d079dd,2026-08-06T16:00:00Z,2026-08-06T18:00:00+0200,55284.725271,MW,DE,DE_LU,forecast_load,Forecasted Load,2026-08-09T22:55:36Z
2026-08-09T22:53:54Z,2026-08-10T00:53:54+0200,9f364823-fdf2-409d-8835-686a42d079dd,2026-08-06T16:15:00Z,2026-08-06T18:15:00+0200,55717.912618,MW,DE,DE_LU,forecast_load,Forecasted Load,2026-08-09T22:55:36Z
2026-08-09T22:53:54Z,2026-08-10T00:53:54+0200,9f364823-fdf2-409d-8835-686a42d079dd,2026-08-06T16:30:00Z,2026-08-06T18:30:00+0200,56411.789418,MW,DE,DE_LU,forecast_load,Forecasted Load,2026-08-09T22:55:36Z
2026-08-09T22:53:54Z,2026-08-10T00:53:54+0200,9f364823-fdf2-409d-8835-686a42d079dd,2026-08-06T16:45:00Z,2026-08-06T18:45:00+0200,56589.243282,MW,DE,DE_LU,forecast_load,Forecasted Load,2026-08-09T22:55:36Z
2026-08-09T22:53:54Z,2026-08-10T00:53:54+0200,9f364823-fdf2-409d-8835-686a42d079dd,2026-08-06T17:00:00Z,2026-08-06T19:00:00+0200,57012.668227,MW,DE,DE_LU,forecast_load,Forecasted Load,2026-08-09T22:55:36Z
2026-08-09T22:53:54Z,2026-08-10T00:53:54+0200,9f364823-fdf2-409d-8835-686a42d079dd,2026-08-06T17:15:00Z,2026-08-06T19:15:00+0200,56742.803399,MW,DE,DE_LU,forecast_load,Forecasted Load,2026-08-09T22:55:36Z
2026-08-09T22:53:54Z,2026-08-10T00:53:54+0200,9f364823-fdf2-409d-8835-686a42d079dd,2026-08-06T17:30:00Z,2026-08-06T19:30:00+0200,56599.501742,MW,DE,DE_LU,forecast_load,Forecasted Load,2026-08-09T22:55:36Z
2026-08-09T22:53:54Z,2026-08-10T00:53:54+0200,9f364823-fdf2-409d-8835-686a42d079dd,2026-08-06T17:45:00Z,2026-08-06T19:45:00+0200,55891.068201,MW,DE,DE_LU,forecast_load,Forecasted Load,2026-08-09T22:55:36Z
2026-08-09T22:53:54Z,2026-08-10T00:53:54+0200,9f364823-fdf2-409d-8835-686a42d079dd,2026-08-06T18:00:00Z,2026-08-06T20:00:00+0200,55154.75338,MW,DE,DE_LU,forecast_load,Forecasted Load,2026-08-09T22:55:36Z
2026-08-09T22:53:54Z,2026-08-10T00:53:54+0200,9f364823-fdf2-409d-8835-686a42d079dd,2026-08-06T18:15:00Z,2026-08-06T20:15:00+0200,54557.638881,MW,DE,DE_LU,forecast_load,Forecasted Load,2026-08-09T22:55:36Z
2026-08-09T22:53:54Z,2026-08-10T00:53:54+0200,9f364823-fdf2-409d-8835-686a42d079dd,2026-08-06T18:30:00Z,2026-08-06T20:30:00+0200,54051.808961,MW,DE,DE_LU,forecast_load,Forecasted Load,2026-08-09T22:55:36Z
2026-08-09T22:53:54Z,2026-08-10T00:53:54+0200,9f364823-fdf2-409d-8835-686a42d079dd,2026-08-06T18:45:00Z,2026-08-06T20:45:00+0200,53587.709837,MW,DE,DE_LU,forecast_load,Forecasted Load,2026-08-09T22:55:36Z
2026-08-09T22:53:54Z,2026-08-10T00:53:54+0200,9f364823-fdf2-409d-8835-686a42d079dd,2026-08-06T19:00:00Z,2026-08-06T21:00:00+0200,53076.794275,MW,DE,DE_LU,forecast_load,Forecasted Load,2026-08-09T22:55:36Z
2026-08-09T22:53:54Z,2026-08-10T00:53:54+0200,9f364823-fdf2-409d-8835-686a42d079dd,2026-08-06T19:15:00Z,2026-08-06T21:15:00+0200,52519.978364,MW,DE,DE_LU,forecast_load,Forecasted Load,2026-08-09T22:55:36Z
2026-08-09T22:53:54Z,2026-08-10T00:53:54+0200,9f364823-fdf2-409d-8835-686a42d079dd,2026-08-06T19:30:00Z,2026-08-06T21:30:00+0200,51696.08886,MW,DE,DE_LU,forecast_load,Forecasted Load,2026-08-09T22:55:36Z
2026-08-09T22:53:54Z,2026-08-10T00:53:54+0200,9f364823-fdf2-409d-8835-686a42d079dd,2026-08-06T19:45:00Z,2026-08-06T21:45:00+0200,50995.717932,MW,DE,DE_LU,forecast_load,Forecasted Load,2026-08-09T22:55:36Z
2026-08-09T22:53:54Z,2026-08-10T00:53:54+0200,9f364823-fdf2-409d-8835-686a42d079dd,2026-08-06T20:00:00Z,2026-08-06T22:00:00+0200,50366.406869,MW,DE,DE_LU,forecast_load,Forecasted Load,2026-08-09T22:55:36Z
2026-08-09T22:53:54Z,2026-08-10T00:53:54+0200,9f364823-fdf2-409d-8835-686a42d079dd,2026-08-06T20:15:00Z,2026-08-06T22:15:00+0200,49551.789536,MW,DE,DE_LU,forecast_load,Forecasted Load,2026-08-09T22:55:36Z
2026-08-09T22:53:54Z,2026-08-10T00:53:54+0200,9f364823-fdf2-409d-8835-686a42d079dd,2026-08-06T20:30:00Z,2026-08-06T22:30:00+0200,48612.84004,MW,DE,DE_LU,forecast_load,Forecasted Load,2026-08-09T22:55:36Z
2026-08-09T22:53:54Z,2026-08-10T00:53:54+0200,9f364823-fdf2-409d-8835-686a42d079dd,2026-08-06T20:45:00Z,2026-08-06T22:45:00+0200,47768.99492,MW,DE,DE_LU,forecast_load,Forecasted Load,2026-08-09T22:55:36Z
2026-08-09T22:53:54Z,2026-08-10T00:53:54+0200,9f364823-fdf2-409d-8835-686a42d079dd,2026-08-06T21:00:00Z,2026-08-06T23:00:00+0200,46675.590712,MW,DE,DE_LU,forecast_load,Forecasted Load,2026-08-09T22:55:36Z
2026-08-09T22:53:54Z,2026-08-10T00:53:54+0200,9f364823-fdf2-409d-8835-686a42d079dd,2026-08-06T21:15:00Z,2026-08-06T23:15:00+0200,45983.509362,MW,DE,DE_LU,forecast_load,Forecasted Load,2026-08-09T22:55:36Z
2026-08-09T22:53:54Z,2026-08-10T00:53:54+0200,9f364823-fdf2-409d-8835-686a42d079dd,2026-08-06T21:30:00Z,2026-08-06T23:30:00+0200,45141.647042,MW,DE,DE_LU,forecast_load,Forecasted Load,2026-08-09T22:55:36Z
2026-08-09T22:53:54Z,2026-08-10T00:53:54+0200,9f364823-fdf2-409d-8835-686a42d079dd,2026-08-06T21:45:00Z,2026-08-06T23:45:00+0200,44531.266962,MW,DE,DE_LU,forecast_load,Forecasted Load,2026-08-09T22:55:36Z
2026-08-09T22:53:54Z,2026-08-10T00:53:54+0200,9f364823-fdf2-409d-8835-686a42d079dd,2026-08-06T22:00:00Z,2026-08-07T00:00:00+0200,44283.282828,MW,DE,DE_LU,forecast_load,Forecasted Load,2026-08-09T22:55:36Z
2026-08-09T22:53:54Z,2026-08-10T00:53:54+0200,9f364823-fdf2-409d-8835-686a42d079dd,2026-08-06T22:15:00Z,2026-08-07T00:15:00+0200,43722.909868,MW,DE,DE_LU,forecast_load,Forecasted Load,2026-08-09T22:55:36Z
2026-08-09T22:53:54Z,2026-08-10T00:53:54+0200,9f364823-fdf2-409d-8835-686a42d079dd,2026-08-06T22:30:00Z,2026-08-07T00:30:00+0200,43248.975347,MW,DE,DE_LU,forecast_load,Forecasted Load,2026-08-09T22:55:36Z
2026-08-09T22:53:54Z,2026-08-10T00:53:54+0200,9f364823-fdf2-409d-8835-686a42d079dd,2026-08-06T22:45:00Z,2026-08-07T00:45:00+0200,42978.114234,MW,DE,DE_LU,forecast_load,Forecasted Load,2026-08-09T22:55:36Z
2026-08-09T22:53:54Z,2026-08-10T00:53:54+0200,9f364823-fdf2-409d-8835-686a42d079dd,2026-08-06T23:00:00Z,2026-08-07T01:00:00+0200,42585.416717,MW,DE,DE_LU,forecast_load,Forecasted Load,2026-08-09T22:55:36Z
2026-08-09T22:53:54Z,2026-08-10T00:53:54+0200,9f364823-fdf2-409d-8835-686a42d079dd,2026-08-06T23:15:00Z,2026-08-07T01:15:00+0200,42178.441078,MW,DE,DE_LU,forecast_load,Forecasted Load,2026-08-09T22:55:36Z
2026-08-09T22:53:54Z,2026-08-10T00:53:54+0200,9f364823-fdf2-409d-8835-686a42d079dd,2026-08-06T23:30:00Z,2026-08-07T01:30:00+0200,41913.744672,MW,DE,DE_LU,forecast_load,Forecasted Load,2026-08-09T22:55:36Z
2026-08-09T22:53:54Z,2026-08-10T00:53:54+0200,9f364823-fdf2-409d-8835-686a42d079dd,2026-08-06T23:45:00Z,2026-08-07T01:45:00+0200,41679.875386,MW,DE,DE_LU,forecast_load,Forecasted Load,2026-08-09T22:55:36Z
2026-08-09T22:53:54Z,2026-08-10T00:53:54+0200,9f364823-fdf2-409d-8835-686a42d079dd,2026-08-07T00:00:00Z,2026-08-07T02:00:00+0200,41511.362796,MW,DE,DE_LU,forecast_load,Forecasted Load,2026-08-09T22:55:36Z
2026-08-09T22:53:54Z,2026-08-10T00:53:54+0200,9f364823-fdf2-409d-8835-686a42d079dd,2026-08-07T00:15:00Z,2026-08-07T02:15:00+0200,41262.758417,MW,DE,DE_LU,forecast_load,Forecasted Load,2026-08-09T22:55:36Z
2026-08-09T22:53:54Z,2026-08-10T00:53:54+0200,9f364823-fdf2-409d-8835-686a42d079dd,2026-08-07T00:30:00Z,2026-08-07T02:30:00+0200,41399.339088,MW,DE,DE_LU,forecast_load,Forecasted Load,2026-08-09T22:55:36Z
2026-08-09T22:53:54Z,2026-08-10T00:53:54+0200,9f364823-fdf2-409d-8835-686a42d079dd,2026-08-07T00:45:00Z,2026-08-07T02:45:00+0200,41029.808808,MW,DE,DE_LU,forecast_load,Forecasted Load,2026-08-09T22:55:36Z
2026-08-09T22:53:54Z,2026-08-10T00:53:54+0200,9f364823-fdf2-409d-8835-686a42d079dd,2026-08-07T01:00:00Z,2026-08-07T03:00:00+0200,41063.238478,MW,DE,DE_LU,forecast_load,Forecasted Load,2026-08-09T22:55:36Z
2026-08-09T22:53:54Z,2026-08-10T00:53:54+0200,9f364823-fdf2-409d-8835-686a42d079dd,2026-08-07T01:15:00Z,2026-08-07T03:15:00+0200,41063.56408,MW,DE,DE_LU,forecast_load,Forecasted Load,2026-08-09T22:55:36Z
2026-08-09T22:53:54Z,2026-08-10T00:53:54+0200,9f364823-fdf2-409d-8835-686a42d079dd,2026-08-07T01:30:00Z,2026-08-07T03:30:00+0200,41049.560247,MW,DE,DE_LU,forecast_load,Forecasted Load,2026-08-09T22:55:36Z
2026-08-09T22:53:54Z,2026-08-10T00:53:54+0200,9f364823-fdf2-409d-8835-686a42d079dd,2026-08-07T01:45:00Z,2026-08-07T03:45:00+0200,41116.640347,MW,DE,DE_LU,forecast_load,Forecasted Load,2026-08-09T22:55:36Z
2026-08-09T22:53:54Z,2026-08-10T00:53:54+0200,9f364823-fdf2-409d-8835-686a42d079dd,2026-08-07T02:00:00Z,2026-08-07T04:00:00+0200,41488.258254,MW,DE,DE_LU,forecast_load,Forecasted Load,2026-08-09T22:55:36Z
2026-08-09T22:53:54Z,2026-08-10T00:53:54+0200,9f364823-fdf2-409d-8835-686a42d079dd,2026-08-07T02:15:00Z,2026-08-07T04:15:00+0200,41747.910385,MW,DE,DE_LU,forecast_load,Forecasted Load,2026-08-09T22:55:36Z
2026-08-09T22:53:54Z,2026-08-10T00:53:54+0200,9f364823-fdf2-409d-8835-686a42d079dd,2026-08-07T02:30:00Z,2026-08-07T04:30:00+0200,42035.877948,MW,DE,DE_LU,forecast_load,Forecasted Load,2026-08-09T22:55:36Z
2026-08-09T22:53:54Z,2026-08-10T00:53:54+0200,9f364823-fdf2-409d-8835-686a42d079dd,2026-08-07T02:45:00Z,2026-08-07T04:45:00+0200,42203.242847,MW,DE,DE_LU,forecast_load,Forecasted Load,2026-08-09T22:55:36Z
2026-08-09T22:53:54Z,2026-08-10T00:53:54+0200,9f364823-fdf2-409d-8835-686a42d079dd,2026-08-07T03:00:00Z,2026-08-07T05:00:00+0200,43221.585605,MW,DE,DE_LU,forecast_load,Forecasted Load,2026-08-09T22:55:36Z
2026-08-09T22:53:54Z,2026-08-10T00:53:54+0200,9f364823-fdf2-409d-8835-686a42d079dd,2026-08-07T03:15:00Z,2026-08-07T05:15:00+0200,44093.179422,MW,DE,DE_LU,forecast_load,Forecasted Load,2026-08-09T22:55:36Z
2026-08-09T22:53:54Z,2026-08-10T00:53:54+0200,9f364823-fdf2-409d-8835-686a42d079dd,2026-08-07T03:30:00Z,2026-08-07T05:30:00+0200,44902.556526,MW,DE,DE_LU,forecast_load,Forecasted Load,2026-08-09T22:55:36Z
2026-08-09T22:53:54Z,2026-08-10T00:53:54+0200,9f364823-fdf2-409d-8835-686a42d079dd,2026-08-07T03:45:00Z,2026-08-07T05:45:00+0200,46056.36322,MW,DE,DE_LU,forecast_load,Forecasted Load,2026-08-09T22:55:36Z
2026-08-09T22:53:54Z,2026-08-10T00:53:54+0200,9f364823-fdf2-409d-8835-686a42d079dd,2026-08-07T04:00:00Z,2026-08-07T06:00:00+0200,47733.652202,MW,DE,DE_LU,forecast_load,Forecasted Load,2026-08-09T22:55:36Z
2026-08-09T22:53:54Z,2026-08-10T00:53:54+0200,9f364823-fdf2-409d-8835-686a42d079dd,2026-08-07T04:15:00Z,2026-08-07T06:15:00+0200,48956.041092,MW,DE,DE_LU,forecast_load,Forecasted Load,2026-08-09T22:55:36Z
2026-08-09T22:53:54Z,2026-08-10T00:53:54+0200,9f364823-fdf2-409d-8835-686a42d079dd,2026-08-07T04:30:00Z,2026-08-07T06:30:00+0200,50184.651765,MW,DE,DE_LU,forecast_load,Forecasted Load,2026-08-09T22:55:36Z
2026-08-09T22:53:54Z,2026-08-10T00:53:54+0200,9f364823-fdf2-409d-8835-686a42d079dd,2026-08-07T04:45:00Z,2026-08-07T06:45:00+0200,51271.915168,MW,DE,DE_LU,forecast_load,Forecasted Load,2026-08-09T22:55:36Z
2026-08-09T22:53:54Z,2026-08-10T00:53:54+0200,9f364823-fdf2-409d-8835-686a42d079dd,2026-08-07T05:00:00Z,2026-08-07T07:00:00+0200,52242.091012,MW,DE,DE_LU,forecast_load,Forecasted Load,2026-08-09T22:55:36Z
2026-08-09T22:53:54Z,2026-08-10T00:53:54+0200,9f364823-fdf2-409d-8835-686a42d079dd,2026-08-07T05:15:00Z,2026-08-07T07:15:00+0200,53369.260292,MW,DE,DE_LU,forecast_load,Forecasted Load,2026-08-09T22:55:36Z
2026-08-09T22:53:54Z,2026-08-10T00:53:54+0200,9f364823-fdf2-409d-8835-686a42d079dd,2026-08-07T05:30:00Z,2026-08-07T07:30:00+0200,54428.154309,MW,DE,DE_LU,forecast_load,Forecasted Load,2026-08-09T22:55:36Z
2026-08-09T22:53:54Z,2026-08-10T00:53:54+0200,9f364823-fdf2-409d-8835-686a42d079dd,2026-08-07T05:45:00Z,2026-08-07T07:45:00+0200,55289.45883,MW,DE,DE_LU,forecast_load,Forecasted Load,2026-08-09T22:55:36Z
2026-08-09T22:53:54Z,2026-08-10T00:53:54+0200,9f364823-fdf2-409d-8835-686a42d079dd,2026-08-07T06:00:00Z,2026-08-07T08:00:00+0200,55687.468059,MW,DE,DE_LU,forecast_load,Forecasted Load,2026-08-09T22:55:36Z
2026-08-09T22:53:54Z,2026-08-10T00:53:54+0200,9f364823-fdf2-409d-8835-686a42d079dd,2026-08-07T06:15:00Z,2026-08-07T08:15:00+0200,56662.795151,MW,DE,DE_LU,forecast_load,Forecasted Load,2026-08-09T22:55:36Z
2026-08-09T22:53:54Z,2026-08-10T00:53:54+0200,9f364823-fdf2-409d-8835-686a42d079dd,2026-08-07T06:30:00Z,2026-08-07T08:30:00+0200,57339.146151,MW,DE,DE_LU,forecast_load,Forecasted Load,2026-08-09T22:55:36Z
2026-08-09T22:53:54Z,2026-08-10T00:53:54+0200,9f364823-fdf2-409d-8835-686a42d079dd,2026-08-07T06:45:00Z,2026-08-07T08:45:00+0200,57867.015796,MW,DE,DE_LU,forecast_load,Forecasted Load,2026-08-09T22:55:36Z
2026-08-09T22:53:54Z,2026-08-10T00:53:54+0200,9f364823-fdf2-409d-8835-686a42d079dd,2026-08-07T07:00:00Z,2026-08-07T09:00:00+0200,57884.562829,MW,DE,DE_LU,forecast_load,Forecasted Load,2026-08-09T22:55:36Z
2026-08-09T22:53:54Z,2026-08-10T00:53:54+0200,9f364823-fdf2-409d-8835-686a42d079dd,2026-08-07T07:15:00Z,2026-08-07T09:15:00+0200,58466.990426,MW,DE,DE_LU,forecast_load,Forecasted Load,2026-08-09T22:55:36Z
2026-08-09T22:53:54Z,2026-08-10T00:53:54+0200,9f364823-fdf2-409d-8835-686a42d079dd,2026-08-07T07:30:00Z,2026-08-07T09:30:00+0200,58396.14755,MW,DE,DE_LU,forecast_load,Forecasted Load,2026-08-09T22:55:36Z
2026-08-09T22:53:54Z,2026-08-10T00:53:54+0200,9f364823-fdf2-409d-8835-686a42d079dd,2026-08-07T07:45:00Z,2026-08-07T09:45:00+0200,58574.405979,MW,DE,DE_LU,forecast_load,Forecasted Load,2026-08-09T22:55:36Z
2026-08-09T22:53:54Z,2026-08-10T00:53:54+0200,9f364823-fdf2-409d-8835-686a42d079dd,2026-08-07T08:00:00Z,2026-08-07T10:00:00+0200,58439.145892,MW,DE,DE_LU,forecast_load,Forecasted Load,2026-08-09T22:55:36Z
2026-08-09T22:53:54Z,2026-08-10T00:53:54+0200,9f364823-fdf2-409d-8835-686a42d079dd,2026-08-07T08:15:00Z,2026-08-07T10:15:00+0200,58730.071001,MW,DE,DE_LU,forecast_load,Forecasted Load,2026-08-09T22:55:36Z
2026-08-09T22:53:54Z,2026-08-10T00:53:54+0200,9f364823-fdf2-409d-8835-686a42d079dd,2026-08-07T08:30:00Z,2026-08-07T10:30:00+0200,58589.697912,MW,DE,DE_LU,forecast_load,Forecasted Load,2026-08-09T22:55:36Z
2026-08-09T22:53:54Z,2026-08-10T00:53:54+0200,9f364823-fdf2-409d-8835-686a42d079dd,2026-08-07T08:45:00Z,2026-08-07T10:45:00+0200,58498.41692,MW,DE,DE_LU,forecast_load,Forecasted Load,2026-08-09T22:55:36Z
2026-08-09T22:53:54Z,2026-08-10T00:53:54+0200,9f364823-fdf2-409d-8835-686a42d079dd,2026-08-07T09:00:00Z,2026-08-07T11:00:00+0200,57994.434659,MW,DE,DE_LU,forecast_load,Forecasted Load,2026-08-09T22:55:36Z
2026-08-09T22:53:54Z,2026-08-10T00:53:54+0200,9f364823-fdf2-409d-8835-686a42d079dd,2026-08-07T09:15:00Z,2026-08-07T11:15:00+0200,57930.955962,MW,DE,DE_LU,forecast_load,Forecasted Load,2026-08-09T22:55:36Z
2026-08-09T22:53:54Z,2026-08-10T00:53:54+0200,9f364823-fdf2-409d-8835-686a42d079dd,2026-08-07T09:30:00Z,2026-08-07T11:30:00+0200,58041.48949,MW,DE,DE_LU,forecast_load,Forecasted Load,2026-08-09T22:55:36Z
2026-08-09T22:53:54Z,2026-08-10T00:53:54+0200,9f364823-fdf2-409d-8835-686a42d079dd,2026-08-07T09:45:00Z,2026-08-07T11:45:00+0200,57708.013579,MW,DE,DE_LU,forecast_load,Forecasted Load,2026-08-09T22:55:36Z
2026-08-09T22:53:54Z,2026-08-10T00:53:54+0200,9f364823-fdf2-409d-8835-686a42d079dd,2026-08-07T10:00:00Z,2026-08-07T12:00:00+0200,57215.163808,MW,DE,DE_LU,forecast_load,Forecasted Load,2026-08-09T22:55:36Z
2026-08-09T22:53:54Z,2026-08-10T00:53:54+0200,9f364823-fdf2-409d-8835-686a42d079dd,2026-08-07T10:15:00Z,2026-08-07T12:15:00+0200,57313.049885,MW,DE,DE_LU,forecast_load,Forecasted Load,2026-08-09T22:55:36Z
2026-08-09T22:53:54Z,2026-08-10T00:53:54+0200,9f364823-fdf2-409d-8835-686a42d079dd,2026-08-07T10:30:00Z,2026-08-07T12:30:00+0200,57008.250131,MW,DE,DE_LU,forecast_load,Forecasted Load,2026-08-09T22:55:36Z
2026-08-09T22:53:54Z,2026-08-10T00:53:54+0200,9f364823-fdf2-409d-8835-686a42d079dd,2026-08-07T10:45:00Z,2026-08-07T12:45:00+0200,56352.524881,MW,DE,DE_LU,forecast_load,Forecasted Load,2026-08-09T22:55:36Z
2026-08-09T22:53:54Z,2026-08-10T00:53:54+0200,9f364823-fdf2-409d-8835-686a42d079dd,2026-08-07T11:00:00Z,2026-08-07T13:00:00+0200,56193.462078,MW,DE,DE_LU,forecast_load,Forecasted Load,2026-08-09T22:55:36Z
2026-08-09T22:53:54Z,2026-08-10T00:53:54+0200,9f364823-fdf2-409d-8835-686a42d079dd,2026-08-07T11:15:00Z,2026-08-07T13:15:00+0200,55806.917205,MW,DE,DE_LU,forecast_load,Forecasted Load,2026-08-09T22:55:36Z
2026-08-09T22:53:54Z,2026-08-10T00:53:54+0200,9f364823-fdf2-409d-8835-686a42d079dd,2026-08-07T11:30:00Z,2026-08-07T13:30:00+0200,55762.507577,MW,DE,DE_LU,forecast_load,Forecasted Load,2026-08-09T22:55:36Z
2026-08-09T22:53:54Z,2026-08-10T00:53:54+0200,9f364823-fdf2-409d-8835-686a42d079dd,2026-08-07T11:45:00Z,2026-08-07T13:45:00+0200,55314.010863,MW,DE,DE_LU,forecast_load,Forecasted Load,2026-08-09T22:55:36Z
2026-08-09T22:53:54Z,2026-08-10T00:53:54+0200,9f364823-fdf2-409d-8835-686a42d079dd,2026-08-07T12:00:00Z,2026-08-07T14:00:00+0200,54918.657904,MW,DE,DE_LU,forecast_load,Forecasted Load,2026-08-09T22:55:36Z
2026-08-09T22:53:54Z,2026-08-10T00:53:54+0200,9f364823-fdf2-409d-8835-686a42d079dd,2026-08-07T12:15:00Z,2026-08-07T14:15:00+0200,54506.725272,MW,DE,DE_LU,forecast_load,Forecasted Load,2026-08-09T22:55:36Z
2026-08-09T22:53:54Z,2026-08-10T00:53:54+0200,9f364823-fdf2-409d-8835-686a42d079dd,2026-08-07T12:30:00Z,2026-08-07T14:30:00+0200,54251.86793,MW,DE,DE_LU,forecast_load,Forecasted Load,2026-08-09T22:55:36Z
2026-08-09T22:53:54Z,2026-08-10T00:53:54+0200,9f364823-fdf2-409d-8835-686a42d079dd,2026-08-07T12:45:00Z,2026-08-07T14:45:00+0200,54146.55986,MW,DE,DE_LU,forecast_load,Forecasted Load,2026-08-09T22:55:36Z
2026-08-09T22:53:54Z,2026-08-10T00:53:54+0200,9f364823-fdf2-409d-8835-686a42d079dd,2026-08-07T13:00:00Z,2026-08-07T15:00:00+0200,54066.280028,MW,DE,DE_LU,forecast_load,Forecasted Load,2026-08-09T22:55:36Z
2026-08-09T22:53:54Z,2026-08-10T00:53:54+0200,9f364823-fdf2-409d-8835-686a42d079dd,2026-08-07T13:15:00Z,2026-08-07T15:15:00+0200,53882.731553,MW,DE,DE_LU,forecast_load,Forecasted Load,2026-08-09T22:55:36Z
2026-08-09T22:53:54Z,2026-08-10T00:53:54+0200,9f364823-fdf2-409d-8835-686a42d079dd,2026-08-07T13:30:00Z,2026-08-07T15:30:00+0200,53304.623121,MW,DE,DE_LU,forecast_load,Forecasted Load,2026-08-09T22:55:36Z
2026-08-09T22:53:54Z,2026-08-10T00:53:54+0200,9f364823-fdf2-409d-8835-686a42d079dd,2026-08-07T13:45:00Z,2026-08-07T15:45:00+0200,53201.62217,MW,DE,DE_LU,forecast_load,Forecasted Load,2026-08-09T22:55:36Z
2026-08-09T22:53:54Z,2026-08-10T00:53:54+0200,9f364823-fdf2-409d-8835-686a42d079dd,2026-08-07T14:00:00Z,2026-08-07T16:00:00+0200,53900.639958,MW,DE,DE_LU,forecast_load,Forecasted Load,2026-08-09T22:55:36Z
2026-08-09T22:53:54Z,2026-08-10T00:53:54+0200,9f364823-fdf2-409d-8835-686a42d079dd,2026-08-07T14:15:00Z,2026-08-07T16:15:00+0200,53260.467179,MW,DE,DE_LU,forecast_load,Forecasted Load,2026-08-09T22:55:36Z
2026-08-09T22:53:54Z,2026-08-10T00:53:54+0200,9f364823-fdf2-409d-8835-686a42d079dd,2026-08-07T14:30:00Z,2026-08-07T16:30:00+0200,52948.575265,MW,DE,DE_LU,forecast_load,Forecasted Load,2026-08-09T22:55:36Z
2026-08-09T22:53:54Z,2026-08-10T00:53:54+0200,9f364823-fdf2-409d-8835-686a42d079dd,2026-08-07T14:45:00Z,2026-08-07T16:45:00+0200,52846.633269,MW,DE,DE_LU,forecast_load,Forecasted Load,2026-08-09T22:55:36Z
2026-08-09T22:53:54Z,2026-08-10T00:53:54+0200,9f364823-fdf2-409d-8835-686a42d079dd,2026-08-07T15:00:00Z,2026-08-07T17:00:00+0200,53699.710067,MW,DE,DE_LU,forecast_load,Forecasted Load,2026-08-09T22:55:36Z
2026-08-09T22:53:54Z,2026-08-10T00:53:54+0200,9f364823-fdf2-409d-8835-686a42d079dd,2026-08-07T15:15:00Z,2026-08-07T17:15:00+0200,53498.286369,MW,DE,DE_LU,forecast_load,Forecasted Load,2026-08-09T22:55:36Z
2026-08-09T22:53:54Z,2026-08-10T00:53:54+0200,9f364823-fdf2-409d-8835-686a42d079dd,2026-08-07T15:30:00Z,2026-08-07T17:30:00+0200,53838.151292,MW,DE,DE_LU,forecast_load,Forecasted Load,2026-08-09T22:55:36Z
2026-08-09T22:53:54Z,2026-08-10T00:53:54+0200,9f364823-fdf2-409d-8835-686a42d079dd,2026-08-07T15:45:00Z,2026-08-07T17:45:00+0200,53285.173882,MW,DE,DE_LU,forecast_load,Forecasted Load,2026-08-09T22:55:36Z
2026-08-09T22:53:54Z,2026-08-10T00:53:54+0200,9f364823-fdf2-409d-8835-686a42d079dd,2026-08-07T16:00:00Z,2026-08-07T18:00:00+0200,53635.034198,MW,DE,DE_LU,forecast_load,Forecasted Load,2026-08-09T22:55:36Z
2026-08-09T22:53:54Z,2026-08-10T00:53:54+0200,9f364823-fdf2-409d-8835-686a42d079dd,2026-08-07T16:15:00Z,2026-08-07T18:15:00+0200,53922.213688,MW,DE,DE_LU,forecast_load,Forecasted Load,2026-08-09T22:55:36Z
2026-08-09T22:53:54Z,2026-08-10T00:53:54+0200,9f364823-fdf2-409d-8835-686a42d079dd,2026-08-07T16:30:00Z,2026-08-07T18:30:00+0200,54076.846319,MW,DE,DE_LU,forecast_load,Forecasted Load,2026-08-09T22:55:36Z
2026-08-09T22:53:54Z,2026-08-10T00:53:54+0200,9f364823-fdf2-409d-8835-686a42d079dd,2026-08-07T16:45:00Z,2026-08-07T18:45:00+0200,53846.891554,MW,DE,DE_LU,forecast_load,Forecasted Load,2026-08-09T22:55:36Z
2026-08-09T22:53:54Z,2026-08-10T00:53:54+0200,9f364823-fdf2-409d-8835-686a42d079dd,2026-08-07T17:00:00Z,2026-08-07T19:00:00+0200,53807.887223,MW,DE,DE_LU,forecast_load,Forecasted Load,2026-08-09T22:55:36Z
2026-08-09T22:53:54Z,2026-08-10T00:53:54+0200,9f364823-fdf2-409d-8835-686a42d079dd,2026-08-07T17:15:00Z,2026-08-07T19:15:00+0200,53802.340976,MW,DE,DE_LU,forecast_load,Forecasted Load,2026-08-09T22:55:36Z
2026-08-09T22:53:54Z,2026-08-10T00:53:54+0200,9f364823-fdf2-409d-8835-686a42d079dd,2026-08-07T17:30:00Z,2026-08-07T19:30:00+0200,53390.63325,MW,DE,DE_LU,forecast_load,Forecasted Load,2026-08-09T22:55:36Z
2026-08-09T22:53:54Z,2026-08-10T00:53:54+0200,9f364823-fdf2-409d-8835-686a42d079dd,2026-08-07T17:45:00Z,2026-08-07T19:45:00+0200,52791.808878,MW,DE,DE_LU,forecast_load,Forecasted Load,2026-08-09T22:55:36Z
2026-08-09T22:53:54Z,2026-08-10T00:53:54+0200,9f364823-fdf2-409d-8835-686a42d079dd,2026-08-07T18:00:00Z,2026-08-07T20:00:00+0200,52243.787251,MW,DE,DE_LU,forecast_load,Forecasted Load,2026-08-09T22:55:36Z
2026-08-09T22:53:54Z,2026-08-10T00:53:54+0200,9f364823-fdf2-409d-8835-686a42d079dd,2026-08-07T18:15:00Z,2026-08-07T20:15:00+0200,51664.287965,MW,DE,DE_LU,forecast_load,Forecasted Load,2026-08-09T22:55:36Z
2026-08-09T22:53:54Z,2026-08-10T00:53:54+0200,9f364823-fdf2-409d-8835-686a42d079dd,2026-08-07T18:30:00Z,2026-08-07T20:30:00+0200,51240.460164,MW,DE,DE_LU,forecast_load,Forecasted Load,2026-08-09T22:55:36Z
2026-08-09T22:53:54Z,2026-08-10T00:53:54+0200,9f364823-fdf2-409d-8835-686a42d079dd,2026-08-07T18:45:00Z,2026-08-07T20:45:00+0200,50792.240037,MW,DE,DE_LU,forecast_load,Forecasted Load,2026-08-09T22:55:36Z
2026-08-09T22:53:54Z,2026-08-10T00:53:54+0200,9f364823-fdf2-409d-8835-686a42d079dd,2026-08-07T19:00:00Z,2026-08-07T21:00:00+0200,50113.182371,MW,DE,DE_LU,forecast_load,Forecasted Load,2026-08-09T22:55:36Z
2026-08-09T22:53:54Z,2026-08-10T00:53:54+0200,9f364823-fdf2-409d-8835-686a42d079dd,2026-08-07T19:15:00Z,2026-08-07T21:15:00+0200,49655.940648,MW,DE,DE_LU,forecast_load,Forecasted Load,2026-08-09T22:55:36Z
2026-08-09T22:53:54Z,2026-08-10T00:53:54+0200,9f364823-fdf2-409d-8835-686a42d079dd,2026-08-07T19:30:00Z,2026-08-07T21:30:00+0200,48925.38748,MW,DE,DE_LU,forecast_load,Forecasted Load,2026-08-09T22:55:36Z
2026-08-09T22:53:54Z,2026-08-10T00:53:54+0200,9f364823-fdf2-409d-8835-686a42d079dd,2026-08-07T19:45:00Z,2026-08-07T21:45:00+0200,48272.968587,MW,DE,DE_LU,forecast_load,Forecasted Load,2026-08-09T22:55:36Z
2026-08-09T22:53:54Z,2026-08-10T00:53:54+0200,9f364823-fdf2-409d-8835-686a42d079dd,2026-08-07T20:00:00Z,2026-08-07T22:00:00+0200,47430.441667,MW,DE,DE_LU,forecast_load,Forecasted Load,2026-08-09T22:55:36Z
2026-08-09T22:53:54Z,2026-08-10T00:53:54+0200,9f364823-fdf2-409d-8835-686a42d079dd,2026-08-07T20:15:00Z,2026-08-07T22:15:00+0200,46830.91631,MW,DE,DE_LU,forecast_load,Forecasted Load,2026-08-09T22:55:36Z
2026-08-09T22:53:54Z,2026-08-10T00:53:54+0200,9f364823-fdf2-409d-8835-686a42d079dd,2026-08-07T20:30:00Z,2026-08-07T22:30:00+0200,46034.825597,MW,DE,DE_LU,forecast_load,Forecasted Load,2026-08-09T22:55:36Z
2026-08-09T22:53:54Z,2026-08-10T00:53:54+0200,9f364823-fdf2-409d-8835-686a42d079dd,2026-08-07T20:45:00Z,2026-08-07T22:45:00+0200,45249.83858,MW,DE,DE_LU,forecast_load,Forecasted Load,2026-08-09T22:55:36Z
2026-08-09T22:53:54Z,2026-08-10T00:53:54+0200,9f364823-fdf2-409d-8835-686a42d079dd,2026-08-07T21:00:00Z,2026-08-07T23:00:00+0200,44439.826226,MW,DE,DE_LU,forecast_load,Forecasted Load,2026-08-09T22:55:36Z
2026-08-09T22:53:54Z,2026-08-10T00:53:54+0200,9f364823-fdf2-409d-8835-686a42d079dd,2026-08-07T21:15:00Z,2026-08-07T23:15:00+0200,43701.465623,MW,DE,DE_LU,forecast_load,Forecasted Load,2026-08-09T22:55:36Z
2026-08-09T22:53:54Z,2026-08-10T00:53:54+0200,9f364823-fdf2-409d-8835-686a42d079dd,2026-08-07T21:30:00Z,2026-08-07T23:30:00+0200,43028.93015,MW,DE,DE_LU,forecast_load,Forecasted Load,2026-08-09T22:55:36Z
2026-08-09T22:53:54Z,2026-08-10T00:53:54+0200,9f364823-fdf2-409d-8835-686a42d079dd,2026-08-07T21:45:00Z,2026-08-07T23:45:00+0200,42586.166683,MW,DE,DE_LU,forecast_load,Forecasted Load,2026-08-09T22:55:36Z
2026-08-09T22:53:54Z,2026-08-10T00:53:54+0200,9f364823-fdf2-409d-8835-686a42d079dd,2026-08-07T22:00:00Z,2026-08-08T00:00:00+0200,41945.358798,MW,DE,DE_LU,forecast_load,Forecasted Load,2026-08-09T22:55:36Z
2026-08-09T22:53:54Z,2026-08-10T00:53:54+0200,9f364823-fdf2-409d-8835-686a42d079dd,2026-08-07T22:15:00Z,2026-08-08T00:15:00+0200,41297.144342,MW,DE,DE_LU,forecast_load,Forecasted Load,2026-08-09T22:55:36Z
2026-08-09T22:53:54Z,2026-08-10T00:53:54+0200,9f364823-fdf2-409d-8835-686a42d079dd,2026-08-07T22:30:00Z,2026-08-08T00:30:00+0200,40884.444297,MW,DE,DE_LU,forecast_load,Forecasted Load,2026-08-09T22:55:36Z
2026-08-09T22:53:54Z,2026-08-10T00:53:54+0200,9f364823-fdf2-409d-8835-686a42d079dd,2026-08-07T22:45:00Z,2026-08-08T00:45:00+0200,40554.086328,MW,DE,DE_LU,forecast_load,Forecasted Load,2026-08-09T22:55:36Z
2026-08-09T22:53:54Z,2026-08-10T00:53:54+0200,9f364823-fdf2-409d-8835-686a42d079dd,2026-08-07T23:00:00Z,2026-08-08T01:00:00+0200,40120.984202,MW,DE,DE_LU,forecast_load,Forecasted Load,2026-08-09T22:55:36Z
2026-08-09T22:53:54Z,2026-08-10T00:53:54+0200,9f364823-fdf2-409d-8835-686a42d079dd,2026-08-07T23:15:00Z,2026-08-08T01:15:00+0200,39662.452292,MW,DE,DE_LU,forecast_load,Forecasted Load,2026-08-09T22:55:36Z
2026-08-09T22:53:54Z,2026-08-10T00:53:54+0200,9f364823-fdf2-409d-8835-686a42d079dd,2026-08-07T23:30:00Z,2026-08-08T01:30:00+0200,39249.388277,MW,DE,DE_LU,forecast_load,Forecasted Load,2026-08-09T22:55:36Z
2026-08-09T22:53:54Z,2026-08-10T00:53:54+0200,9f364823-fdf2-409d-8835-686a42d079dd,2026-08-07T23:45:00Z,2026-08-08T01:45:00+0200,38899.557331,MW,DE,DE_LU,forecast_load,Forecasted Load,2026-08-09T22:55:36Z
2026-08-09T22:53:54Z,2026-08-10T00:53:54+0200,9f364823-fdf2-409d-8835-686a42d079dd,2026-08-08T00:00:00Z,2026-08-08T02:00:00+0200,38746.202391,MW,DE,DE_LU,forecast_load,Forecasted Load,2026-08-09T22:55:36Z
2026-08-09T22:53:54Z,2026-08-10T00:53:54+0200,9f364823-fdf2-409d-8835-686a42d079dd,2026-08-08T00:15:00Z,2026-08-08T02:15:00+0200,38536.346839,MW,DE,DE_LU,forecast_load,Forecasted Load,2026-08-09T22:55:36Z
2026-08-09T22:53:54Z,2026-08-10T00:53:54+0200,9f364823-fdf2-409d-8835-686a42d079dd,2026-08-08T00:30:00Z,2026-08-08T02:30:00+0200,38342.426208,MW,DE,DE_LU,forecast_load,Forecasted Load,2026-08-09T22:55:36Z
2026-08-09T22:53:54Z,2026-08-10T00:53:54+0200,9f364823-fdf2-409d-8835-686a42d079dd,2026-08-08T00:45:00Z,2026-08-08T02:45:00+0200,38216.891964,MW,DE,DE_LU,forecast_load,Forecasted Load,2026-08-09T22:55:36Z
2026-08-09T22:53:54Z,2026-08-10T00:53:54+0200,9f364823-fdf2-409d-8835-686a42d079dd,2026-08-08T01:00:00Z,2026-08-08T03:00:00+0200,38118.036174,MW,DE,DE_LU,forecast_load,Forecasted Load,2026-08-09T22:55:36Z
2026-08-09T22:53:54Z,2026-08-10T00:53:54+0200,9f364823-fdf2-409d-8835-686a42d079dd,2026-08-08T01:15:00Z,2026-08-08T03:15:00+0200,37977.09051,MW,DE,DE_LU,forecast_load,Forecasted Load,2026-08-09T22:55:36Z
2026-08-09T22:53:54Z,2026-08-10T00:53:54+0200,9f364823-fdf2-409d-8835-686a42d079dd,2026-08-08T01:30:00Z,2026-08-08T03:30:00+0200,37895.810001,MW,DE,DE_LU,forecast_load,Forecasted Load,2026-08-09T22:55:36Z
2026-08-09T22:53:54Z,2026-08-10T00:53:54+0200,9f364823-fdf2-409d-8835-686a42d079dd,2026-08-08T01:45:00Z,2026-08-08T03:45:00+0200,37863.115419,MW,DE,DE_LU,forecast_load,Forecasted Load,2026-08-09T22:55:36Z
2026-08-09T22:53:54Z,2026-08-10T00:53:54+0200,9f364823-fdf2-409d-8835-686a42d079dd,2026-08-08T02:00:00Z,2026-08-08T04:00:00+0200,37975.674902,MW,DE,DE_LU,forecast_load,Forecasted Load,2026-08-09T22:55:36Z
2026-08-09T22:53:54Z,2026-08-10T00:53:54+0200,9f364823-fdf2-409d-8835-686a42d079dd,2026-08-08T02:15:00Z,2026-08-08T04:15:00+0200,37960.151105,MW,DE,DE_LU,forecast_load,Forecasted Load,2026-08-09T22:55:36Z
2026-08-09T22:53:54Z,2026-08-10T00:53:54+0200,9f364823-fdf2-409d-8835-686a42d079dd,2026-08-08T02:30:00Z,2026-08-08T04:30:00+0200,38057.981406,MW,DE,DE_LU,forecast_load,Forecasted Load,2026-08-09T22:55:36Z
2026-08-09T22:53:54Z,2026-08-10T00:53:54+0200,9f364823-fdf2-409d-8835-686a42d079dd,2026-08-08T02:45:00Z,2026-08-08T04:45:00+0200,38112.906105,MW,DE,DE_LU,forecast_load,Forecasted Load,2026-08-09T22:55:36Z
2026-08-09T22:53:54Z,2026-08-10T00:53:54+0200,9f364823-fdf2-409d-8835-686a42d079dd,2026-08-08T03:00:00Z,2026-08-08T05:00:00+0200,38394.01235,MW,DE,DE_LU,forecast_load,Forecasted Load,2026-08-09T22:55:36Z
2026-08-09T22:53:54Z,2026-08-10T00:53:54+0200,9f364823-fdf2-409d-8835-686a42d079dd,2026-08-08T03:15:00Z,2026-08-08T05:15:00+0200,38554.470505,MW,DE,DE_LU,forecast_load,Forecasted Load,2026-08-09T22:55:36Z
2026-08-09T22:53:54Z,2026-08-10T00:53:54+0200,9f364823-fdf2-409d-8835-686a42d079dd,2026-08-08T03:30:00Z,2026-08-08T05:30:00+0200,38474.751216,MW,DE,DE_LU,forecast_load,Forecasted Load,2026-08-09T22:55:36Z
2026-08-09T22:53:54Z,2026-08-10T00:53:54+0200,9f364823-fdf2-409d-8835-686a42d079dd,2026-08-08T03:45:00Z,2026-08-08T05:45:00+0200,38784.476728,MW,DE,DE_LU,forecast_load,Forecasted Load,2026-08-09T22:55:36Z
2026-08-09T22:53:54Z,2026-08-10T00:53:54+0200,9f364823-fdf2-409d-8835-686a42d079dd,2026-08-08T04:00:00Z,2026-08-08T06:00:00+0200,39103.767652,MW,DE,DE_LU,forecast_load,Forecasted Load,2026-08-09T22:55:36Z
2026-08-09T22:53:54Z,2026-08-10T00:53:54+0200,9f364823-fdf2-409d-8835-686a42d079dd,2026-08-08T04:15:00Z,2026-08-08T06:15:00+0200,39776.708338,MW,DE,DE_LU,forecast_load,Forecasted Load,2026-08-09T22:55:36Z
2026-08-09T22:53:54Z,2026-08-10T00:53:54+0200,9f364823-fdf2-409d-8835-686a42d079dd,2026-08-08T04:30:00Z,2026-08-08T06:30:00+0200,40059.619444,MW,DE,DE_LU,forecast_load,Forecasted Load,2026-08-09T22:55:36Z
2026-08-09T22:53:54Z,2026-08-10T00:53:54+0200,9f364823-fdf2-409d-8835-686a42d079dd,2026-08-08T04:45:00Z,2026-08-08T06:45:00+0200,40635.890239,MW,DE,DE_LU,forecast_load,Forecasted Load,2026-08-09T22:55:36Z
2026-08-09T22:53:54Z,2026-08-10T00:53:54+0200,9f364823-fdf2-409d-8835-686a42d079dd,2026-08-08T05:00:00Z,2026-08-08T07:00:00+0200,40956.937895,MW,DE,DE_LU,forecast_load,Forecasted Load,2026-08-09T22:55:36Z
2026-08-09T22:53:54Z,2026-08-10T00:53:54+0200,9f364823-fdf2-409d-8835-686a42d079dd,2026-08-08T05:15:00Z,2026-08-08T07:15:00+0200,41877.339869,MW,DE,DE_LU,forecast_load,Forecasted Load,2026-08-09T22:55:36Z
2026-08-09T22:53:54Z,2026-08-10T00:53:54+0200,9f364823-fdf2-409d-8835-686a42d079dd,2026-08-08T05:30:00Z,2026-08-08T07:30:00+0200,42718.396053,MW,DE,DE_LU,forecast_load,Forecasted Load,2026-08-09T22:55:36Z
2026-08-09T22:53:54Z,2026-08-10T00:53:54+0200,9f364823-fdf2-409d-8835-686a42d079dd,2026-08-08T05:45:00Z,2026-08-08T07:45:00+0200,43786.737575,MW,DE,DE_LU,forecast_load,Forecasted Load,2026-08-09T22:55:36Z
2026-08-09T22:53:54Z,2026-08-10T00:53:54+0200,9f364823-fdf2-409d-8835-686a42d079dd,2026-08-08T06:00:00Z,2026-08-08T08:00:00+0200,44248.383489,MW,DE,DE_LU,forecast_load,Forecasted Load,2026-08-09T22:55:36Z
2026-08-09T22:53:54Z,2026-08-10T00:53:54+0200,9f364823-fdf2-409d-8835-686a42d079dd,2026-08-08T06:15:00Z,2026-08-08T08:15:00+0200,44848.290459,MW,DE,DE_LU,forecast_load,Forecasted Load,2026-08-09T22:55:36Z
2026-08-09T22:53:54Z,2026-08-10T00:53:54+0200,9f364823-fdf2-409d-8835-686a42d079dd,2026-08-08T06:30:00Z,2026-08-08T08:30:00+0200,45479.653081,MW,DE,DE_LU,forecast_load,Forecasted Load,2026-08-09T22:55:36Z
2026-08-09T22:53:54Z,2026-08-10T00:53:54+0200,9f364823-fdf2-409d-8835-686a42d079dd,2026-08-08T06:45:00Z,2026-08-08T08:45:00+0200,46306.646336,MW,DE,DE_LU,forecast_load,Forecasted Load,2026-08-09T22:55:36Z
2026-08-09T22:53:54Z,2026-08-10T00:53:54+0200,9f364823-fdf2-409d-8835-686a42d079dd,2026-08-08T07:00:00Z,2026-08-08T09:00:00+0200,46754.688952,MW,DE,DE_LU,forecast_load,Forecasted Load,2026-08-09T22:55:36Z
2026-08-09T22:53:54Z,2026-08-10T00:53:54+0200,9f364823-fdf2-409d-8835-686a42d079dd,2026-08-08T07:15:00Z,2026-08-08T09:15:00+0200,47137.831655,MW,DE,DE_LU,forecast_load,Forecasted Load,2026-08-09T22:55:36Z
2026-08-09T22:53:54Z,2026-08-10T00:53:54+0200,9f364823-fdf2-409d-8835-686a42d079dd,2026-08-08T07:30:00Z,2026-08-08T09:30:00+0200,47696.160424,MW,DE,DE_LU,forecast_load,Forecasted Load,2026-08-09T22:55:36Z
2026-08-09T22:53:54Z,2026-08-10T00:53:54+0200,9f364823-fdf2-409d-8835-686a42d079dd,2026-08-08T07:45:00Z,2026-08-08T09:45:00+0200,48107.191241,MW,DE,DE_LU,forecast_load,Forecasted Load,2026-08-09T22:55:36Z
2026-08-09T22:53:54Z,2026-08-10T00:53:54+0200,9f364823-fdf2-409d-8835-686a42d079dd,2026-08-08T08:00:00Z,2026-08-08T10:00:00+0200,48150.960694,MW,DE,DE_LU,forecast_load,Forecasted Load,2026-08-09T22:55:36Z
2026-08-09T22:53:54Z,2026-08-10T00:53:54+0200,9f364823-fdf2-409d-8835-686a42d079dd,2026-08-08T08:15:00Z,2026-08-08T10:15:00+0200,48202.350176,MW,DE,DE_LU,forecast_load,Forecasted Load,2026-08-09T22:55:36Z
2026-08-09T22:53:54Z,2026-08-10T00:53:54+0200,9f364823-fdf2-409d-8835-686a42d079dd,2026-08-08T08:30:00Z,2026-08-08T10:30:00+0200,48332.114216,MW,DE,DE_LU,forecast_load,Forecasted Load,2026-08-09T22:55:36Z
2026-08-09T22:53:54Z,2026-08-10T00:53:54+0200,9f364823-fdf2-409d-8835-686a42d079dd,2026-08-08T08:45:00Z,2026-08-08T10:45:00+0200,48606.385586,MW,DE,DE_LU,forecast_load,Forecasted Load,2026-08-09T22:55:36Z
2026-08-09T22:53:54Z,2026-08-10T00:53:54+0200,9f364823-fdf2-409d-8835-686a42d079dd,2026-08-08T09:00:00Z,2026-08-08T11:00:00+0200,48317.836756,MW,DE,DE_LU,forecast_load,Forecasted Load,2026-08-09T22:55:36Z
2026-08-09T22:53:54Z,2026-08-10T00:53:54+0200,9f364823-fdf2-409d-8835-686a42d079dd,2026-08-08T09:15:00Z,2026-08-08T11:15:00+0200,48318.391564,MW,DE,DE_LU,forecast_load,Forecasted Load,2026-08-09T22:55:36Z
2026-08-09T22:53:54Z,2026-08-10T00:53:54+0200,9f364823-fdf2-409d-8835-686a42d079dd,2026-08-08T09:30:00Z,2026-08-08T11:30:00+0200,48389.185162,MW,DE,DE_LU,forecast_load,Forecasted Load,2026-08-09T22:55:36Z
2026-08-09T22:53:54Z,2026-08-10T00:53:54+0200,9f364823-fdf2-409d-8835-686a42d079dd,2026-08-08T09:45:00Z,2026-08-08T11:45:00+0200,48220.800408,MW,DE,DE_LU,forecast_load,Forecasted Load,2026-08-09T22:55:36Z
2026-08-09T22:53:54Z,2026-08-10T00:53:54+0200,9f364823-fdf2-409d-8835-686a42d079dd,2026-08-08T10:00:00Z,2026-08-08T12:00:00+0200,47650.144512,MW,DE,DE_LU,forecast_load,Forecasted Load,2026-08-09T22:55:36Z
2026-08-09T22:53:54Z,2026-08-10T00:53:54+0200,9f364823-fdf2-409d-8835-686a42d079dd,2026-08-08T10:15:00Z,2026-08-08T12:15:00+0200,47374.748516,MW,DE,DE_LU,forecast_load,Forecasted Load,2026-08-09T22:55:36Z
2026-08-09T22:53:54Z,2026-08-10T00:53:54+0200,9f364823-fdf2-409d-8835-686a42d079dd,2026-08-08T10:30:00Z,2026-08-08T12:30:00+0200,47135.15132,MW,DE,DE_LU,forecast_load,Forecasted Load,2026-08-09T22:55:36Z
2026-08-09T22:53:54Z,2026-08-10T00:53:54+0200,9f364823-fdf2-409d-8835-686a42d079dd,2026-08-08T10:45:00Z,2026-08-08T12:45:00+0200,46866.759602,MW,DE,DE_LU,forecast_load,Forecasted Load,2026-08-09T22:55:36Z
2026-08-09T22:53:54Z,2026-08-10T00:53:54+0200,9f364823-fdf2-409d-8835-686a42d079dd,2026-08-08T11:00:00Z,2026-08-08T13:00:00+0200,46509.10606,MW,DE,DE_LU,forecast_load,Forecasted Load,2026-08-09T22:55:36Z
2026-08-09T22:53:54Z,2026-08-10T00:53:54+0200,9f364823-fdf2-409d-8835-686a42d079dd,2026-08-08T11:15:00Z,2026-08-08T13:15:00+0200,46287.271182,MW,DE,DE_LU,forecast_load,Forecasted Load,2026-08-09T22:55:36Z
2026-08-09T22:53:54Z,2026-08-10T00:53:54+0200,9f364823-fdf2-409d-8835-686a42d079dd,2026-08-08T11:30:00Z,2026-08-08T13:30:00+0200,46037.275088,MW,DE,DE_LU,forecast_load,Forecasted Load,2026-08-09T22:55:36Z
2026-08-09T22:53:54Z,2026-08-10T00:53:54+0200,9f364823-fdf2-409d-8835-686a42d079dd,2026-08-08T11:45:00Z,2026-08-08T13:45:00+0200,46082.020623,MW,DE,DE_LU,forecast_load,Forecasted Load,2026-08-09T22:55:36Z
2026-08-09T22:53:54Z,2026-08-10T00:53:54+0200,9f364823-fdf2-409d-8835-686a42d079dd,2026-08-08T12:00:00Z,2026-08-08T14:00:00+0200,45675.511946,MW,DE,DE_LU,forecast_load,Forecasted Load,2026-08-09T22:55:36Z
2026-08-09T22:53:54Z,2026-08-10T00:53:54+0200,9f364823-fdf2-409d-8835-686a42d079dd,2026-08-08T12:15:00Z,2026-08-08T14:15:00+0200,45365.679459,MW,DE,DE_LU,forecast_load,Forecasted Load,2026-08-09T22:55:36Z
2026-08-09T22:53:54Z,2026-08-10T00:53:54+0200,9f364823-fdf2-409d-8835-686a42d079dd,2026-08-08T12:30:00Z,2026-08-08T14:30:00+0200,45101.059202,MW,DE,DE_LU,forecast_load,Forecasted Load,2026-08-09T22:55:36Z
2026-08-09T22:53:54Z,2026-08-10T00:53:54+0200,9f364823-fdf2-409d-8835-686a42d079dd,2026-08-08T12:45:00Z,2026-08-08T14:45:00+0200,44853.497583,MW,DE,DE_LU,forecast_load,Forecasted Load,2026-08-09T22:55:36Z
2026-08-09T22:53:54Z,2026-08-10T00:53:54+0200,9f364823-fdf2-409d-8835-686a42d079dd,2026-08-08T13:00:00Z,2026-08-08T15:00:00+0200,44891.412818,MW,DE,DE_LU,forecast_load,Forecasted Load,2026-08-09T22:55:36Z
2026-08-09T22:53:54Z,2026-08-10T00:53:54+0200,9f364823-fdf2-409d-8835-686a42d079dd,2026-08-08T13:15:00Z,2026-08-08T15:15:00+0200,44664.475974,MW,DE,DE_LU,forecast_load,Forecasted Load,2026-08-09T22:55:36Z
2026-08-09T22:53:54Z,2026-08-10T00:53:54+0200,9f364823-fdf2-409d-8835-686a42d079dd,2026-08-08T13:30:00Z,2026-08-08T15:30:00+0200,44517.988597,MW,DE,DE_LU,forecast_load,Forecasted Load,2026-08-09T22:55:36Z
2026-08-09T22:53:54Z,2026-08-10T00:53:54+0200,9f364823-fdf2-409d-8835-686a42d079dd,2026-08-08T13:45:00Z,2026-08-08T15:45:00+0200,44120.195248,MW,DE,DE_LU,forecast_load,Forecasted Load,2026-08-09T22:55:36Z
2026-08-09T22:53:54Z,2026-08-10T00:53:54+0200,9f364823-fdf2-409d-8835-686a42d079dd,2026-08-08T14:00:00Z,2026-08-08T16:00:00+0200,44565.565306,MW,DE,DE_LU,forecast_load,Forecasted Load,2026-08-09T22:55:36Z
2026-08-09T22:53:54Z,2026-08-10T00:53:54+0200,9f364823-fdf2-409d-8835-686a42d079dd,2026-08-08T14:15:00Z,2026-08-08T16:15:00+0200,44583.110303,MW,DE,DE_LU,forecast_load,Forecasted Load,2026-08-09T22:55:36Z
2026-08-09T22:53:54Z,2026-08-10T00:53:54+0200,9f364823-fdf2-409d-8835-686a42d079dd,2026-08-08T14:30:00Z,2026-08-08T16:30:00+0200,44554.912517,MW,DE,DE_LU,forecast_load,Forecasted Load,2026-08-09T22:55:36Z
2026-08-09T22:53:54Z,2026-08-10T00:53:54+0200,9f364823-fdf2-409d-8835-686a42d079dd,2026-08-08T14:45:00Z,2026-08-08T16:45:00+0200,44214.422381,MW,DE,DE_LU,forecast_load,Forecasted Load,2026-08-09T22:55:36Z
2026-08-09T22:53:54Z,2026-08-10T00:53:54+0200,9f364823-fdf2-409d-8835-686a42d079dd,2026-08-08T15:00:00Z,2026-08-08T17:00:00+0200,44562.541079,MW,DE,DE_LU,forecast_load,Forecasted Load,2026-08-09T22:55:36Z
2026-08-09T22:53:54Z,2026-08-10T00:53:54+0200,9f364823-fdf2-409d-8835-686a42d079dd,2026-08-08T15:15:00Z,2026-08-08T17:15:00+0200,44507.100746,MW,DE,DE_LU,forecast_load,Forecasted Load,2026-08-09T22:55:36Z
2026-08-09T22:53:54Z,2026-08-10T00:53:54+0200,9f364823-fdf2-409d-8835-686a42d079dd,2026-08-08T15:30:00Z,2026-08-08T17:30:00+0200,44807.240411,MW,DE,DE_LU,forecast_load,Forecasted Load,2026-08-09T22:55:36Z
2026-08-09T22:53:54Z,2026-08-10T00:53:54+0200,9f364823-fdf2-409d-8835-686a42d079dd,2026-08-08T15:45:00Z,2026-08-08T17:45:00+0200,45212.251245,MW,DE,DE_LU,forecast_load,Forecasted Load,2026-08-09T22:55:36Z
2026-08-09T22:53:54Z,2026-08-10T00:53:54+0200,9f364823-fdf2-409d-8835-686a42d079dd,2026-08-08T16:00:00Z,2026-08-08T18:00:00+0200,45791.446911,MW,DE,DE_LU,forecast_load,Forecasted Load,2026-08-09T22:55:36Z
2026-08-09T22:53:54Z,2026-08-10T00:53:54+0200,9f364823-fdf2-409d-8835-686a42d079dd,2026-08-08T16:15:00Z,2026-08-08T18:15:00+0200,46245.607802,MW,DE,DE_LU,forecast_load,Forecasted Load,2026-08-09T22:55:36Z
2026-08-09T22:53:54Z,2026-08-10T00:53:54+0200,9f364823-fdf2-409d-8835-686a42d079dd,2026-08-08T16:30:00Z,2026-08-08T18:30:00+0200,46545.147955,MW,DE,DE_LU,forecast_load,Forecasted Load,2026-08-09T22:55:36Z
2026-08-09T22:53:54Z,2026-08-10T00:53:54+0200,9f364823-fdf2-409d-8835-686a42d079dd,2026-08-08T16:45:00Z,2026-08-08T18:45:00+0200,46860.993105,MW,DE,DE_LU,forecast_load,Forecasted Load,2026-08-09T22:55:36Z
2026-08-09T22:53:54Z,2026-08-10T00:53:54+0200,9f364823-fdf2-409d-8835-686a42d079dd,2026-08-08T17:00:00Z,2026-08-08T19:00:00+0200,46913.55386,MW,DE,DE_LU,forecast_load,Forecasted Load,2026-08-09T22:55:36Z
2026-08-09T22:53:54Z,2026-08-10T00:53:54+0200,9f364823-fdf2-409d-8835-686a42d079dd,2026-08-08T17:15:00Z,2026-08-08T19:15:00+0200,46729.365462,MW,DE,DE_LU,forecast_load,Forecasted Load,2026-08-09T22:55:36Z
2026-08-09T22:53:54Z,2026-08-10T00:53:54+0200,9f364823-fdf2-409d-8835-686a42d079dd,2026-08-08T17:30:00Z,2026-08-08T19:30:00+0200,46472.250138,MW,DE,DE_LU,forecast_load,Forecasted Load,2026-08-09T22:55:36Z
2026-08-09T22:53:54Z,2026-08-10T00:53:54+0200,9f364823-fdf2-409d-8835-686a42d079dd,2026-08-08T17:45:00Z,2026-08-08T19:45:00+0200,46103.012133,MW,DE,DE_LU,forecast_load,Forecasted Load,2026-08-09T22:55:36Z
2026-08-09T22:53:54Z,2026-08-10T00:53:54+0200,9f364823-fdf2-409d-8835-686a42d079dd,2026-08-08T18:00:00Z,2026-08-08T20:00:00+0200,45835.811417,MW,DE,DE_LU,forecast_load,Forecasted Load,2026-08-09T22:55:36Z
2026-08-09T22:53:54Z,2026-08-10T00:53:54+0200,9f364823-fdf2-409d-8835-686a42d079dd,2026-08-08T18:15:00Z,2026-08-08T20:15:00+0200,45594.995897,MW,DE,DE_LU,forecast_load,Forecasted Load,2026-08-09T22:55:36Z
2026-08-09T22:53:54Z,2026-08-10T00:53:54+0200,9f364823-fdf2-409d-8835-686a42d079dd,2026-08-08T18:30:00Z,2026-08-08T20:30:00+0200,45067.834515,MW,DE,DE_LU,forecast_load,Forecasted Load,2026-08-09T22:55:36Z
2026-08-09T22:53:54Z,2026-08-10T00:53:54+0200,9f364823-fdf2-409d-8835-686a42d079dd,2026-08-08T18:45:00Z,2026-08-08T20:45:00+0200,44519.428875,MW,DE,DE_LU,forecast_load,Forecasted Load,2026-08-09T22:55:36Z
2026-08-09T22:53:54Z,2026-08-10T00:53:54+0200,9f364823-fdf2-409d-8835-686a42d079dd,2026-08-08T19:00:00Z,2026-08-08T21:00:00+0200,44131.266237,MW,DE,DE_LU,forecast_load,Forecasted Load,2026-08-09T22:55:36Z
2026-08-09T22:53:54Z,2026-08-10T00:53:54+0200,9f364823-fdf2-409d-8835-686a42d079dd,2026-08-08T19:15:00Z,2026-08-08T21:15:00+0200,43872.809474,MW,DE,DE_LU,forecast_load,Forecasted Load,2026-08-09T22:55:36Z
2026-08-09T22:53:54Z,2026-08-10T00:53:54+0200,9f364823-fdf2-409d-8835-686a42d079dd,2026-08-08T19:30:00Z,2026-08-08T21:30:00+0200,43613.974801,MW,DE,DE_LU,forecast_load,Forecasted Load,2026-08-09T22:55:36Z
2026-08-09T22:53:54Z,2026-08-10T00:53:54+0200,9f364823-fdf2-409d-8835-686a42d079dd,2026-08-08T19:45:00Z,2026-08-08T21:45:00+0200,43244.817407,MW,DE,DE_LU,forecast_load,Forecasted Load,2026-08-09T22:55:36Z
2026-08-09T22:53:54Z,2026-08-10T00:53:54+0200,9f364823-fdf2-409d-8835-686a42d079dd,2026-08-08T20:00:00Z,2026-08-08T22:00:00+0200,42649.406129,MW,DE,DE_LU,forecast_load,Forecasted Load,2026-08-09T22:55:36Z
2026-08-09T22:53:54Z,2026-08-10T00:53:54+0200,9f364823-fdf2-409d-8835-686a42d079dd,2026-08-08T20:15:00Z,2026-08-08T22:15:00+0200,42223.229428,MW,DE,DE_LU,forecast_load,Forecasted Load,2026-08-09T22:55:36Z
2026-08-09T22:53:54Z,2026-08-10T00:53:54+0200,9f364823-fdf2-409d-8835-686a42d079dd,2026-08-08T20:30:00Z,2026-08-08T22:30:00+0200,41714.754841,MW,DE,DE_LU,forecast_load,Forecasted Load,2026-08-09T22:55:36Z
2026-08-09T22:53:54Z,2026-08-10T00:53:54+0200,9f364823-fdf2-409d-8835-686a42d079dd,2026-08-08T20:45:00Z,2026-08-08T22:45:00+0200,41135.8297,MW,DE,DE_LU,forecast_load,Forecasted Load,2026-08-09T22:55:36Z
2026-08-09T22:53:54Z,2026-08-10T00:53:54+0200,9f364823-fdf2-409d-8835-686a42d079dd,2026-08-08T21:00:00Z,2026-08-08T23:00:00+0200,40439.327871,MW,DE,DE_LU,forecast_load,Forecasted Load,2026-08-09T22:55:36Z
2026-08-09T22:53:54Z,2026-08-10T00:53:54+0200,9f364823-fdf2-409d-8835-686a42d079dd,2026-08-08T21:15:00Z,2026-08-08T23:15:00+0200,39783.967512,MW,DE,DE_LU,forecast_load,Forecasted Load,2026-08-09T22:55:36Z
2026-08-09T22:53:54Z,2026-08-10T00:53:54+0200,9f364823-fdf2-409d-8835-686a42d079dd,2026-08-08T21:30:00Z,2026-08-08T23:30:00+0200,39296.996604,MW,DE,DE_LU,forecast_load,Forecasted Load,2026-08-09T22:55:36Z
2026-08-09T22:53:54Z,2026-08-10T00:53:54+0200,9f364823-fdf2-409d-8835-686a42d079dd,2026-08-08T21:45:00Z,2026-08-08T23:45:00+0200,39058.692326,MW,DE,DE_LU,forecast_load,Forecasted Load,2026-08-09T22:55:36Z
2026-08-09T22:53:54Z,2026-08-10T00:53:54+0200,9f364823-fdf2-409d-8835-686a42d079dd,2026-08-08T22:00:00Z,2026-08-09T00:00:00+0200,38689.953958,MW,DE,DE_LU,forecast_load,Forecasted Load,2026-08-09T22:55:36Z
2026-08-09T22:53:54Z,2026-08-10T00:53:54+0200,9f364823-fdf2-409d-8835-686a42d079dd,2026-08-08T22:15:00Z,2026-08-09T00:15:00+0200,38061.15488,MW,DE,DE_LU,forecast_load,Forecasted Load,2026-08-09T22:55:36Z
2026-08-09T22:53:54Z,2026-08-10T00:53:54+0200,9f364823-fdf2-409d-8835-686a42d079dd,2026-08-08T22:30:00Z,2026-08-09T00:30:00+0200,37603.413608,MW,DE,DE_LU,forecast_load,Forecasted Load,2026-08-09T22:55:36Z
2026-08-09T22:53:54Z,2026-08-10T00:53:54+0200,9f364823-fdf2-409d-8835-686a42d079dd,2026-08-08T22:45:00Z,2026-08-09T00:45:00+0200,37198.342139,MW,DE,DE_LU,forecast_load,Forecasted Load,2026-08-09T22:55:36Z
2026-08-09T22:53:54Z,2026-08-10T00:53:54+0200,9f364823-fdf2-409d-8835-686a42d079dd,2026-08-08T23:00:00Z,2026-08-09T01:00:00+0200,36768.507492,MW,DE,DE_LU,forecast_load,Forecasted Load,2026-08-09T22:55:36Z
2026-08-09T22:53:54Z,2026-08-10T00:53:54+0200,9f364823-fdf2-409d-8835-686a42d079dd,2026-08-08T23:15:00Z,2026-08-09T01:15:00+0200,36388.354012,MW,DE,DE_LU,forecast_load,Forecasted Load,2026-08-09T22:55:36Z
2026-08-09T22:53:54Z,2026-08-10T00:53:54+0200,9f364823-fdf2-409d-8835-686a42d079dd,2026-08-08T23:30:00Z,2026-08-09T01:30:00+0200,36076.326167,MW,DE,DE_LU,forecast_load,Forecasted Load,2026-08-09T22:55:36Z
2026-08-09T22:53:54Z,2026-08-10T00:53:54+0200,9f364823-fdf2-409d-8835-686a42d079dd,2026-08-08T23:45:00Z,2026-08-09T01:45:00+0200,35834.79676,MW,DE,DE_LU,forecast_load,Forecasted Load,2026-08-09T22:55:36Z
2026-08-09T22:53:54Z,2026-08-10T00:53:54+0200,9f364823-fdf2-409d-8835-686a42d079dd,2026-08-09T00:00:00Z,2026-08-09T02:00:00+0200,35754.17789,MW,DE,DE_LU,forecast_load,Forecasted Load,2026-08-09T22:55:36Z
2026-08-09T22:53:54Z,2026-08-10T00:53:54+0200,9f364823-fdf2-409d-8835-686a42d079dd,2026-08-09T00:15:00Z,2026-08-09T02:15:00+0200,35517.079271,MW,DE,DE_LU,forecast_load,Forecasted Load,2026-08-09T22:55:36Z
2026-08-09T22:53:54Z,2026-08-10T00:53:54+0200,9f364823-fdf2-409d-8835-686a42d079dd,2026-08-09T00:30:00Z,2026-08-09T02:30:00+0200,35336.75697,MW,DE,DE_LU,forecast_load,Forecasted Load,2026-08-09T22:55:36Z
2026-08-09T22:53:54Z,2026-08-10T00:53:54+0200,9f364823-fdf2-409d-8835-686a42d079dd,2026-08-09T00:45:00Z,2026-08-09T02:45:00+0200,35141.298185,MW,DE,DE_LU,forecast_load,Forecasted Load,2026-08-09T22:55:36Z
2026-08-09T22:53:54Z,2026-08-10T00:53:54+0200,9f364823-fdf2-409d-8835-686a42d079dd,2026-08-09T01:00:00Z,2026-08-09T03:00:00+0200,35111.929785,MW,DE,DE_LU,forecast_load,Forecasted Load,2026-08-09T22:55:36Z
2026-08-09T22:53:54Z,2026-08-10T00:53:54+0200,9f364823-fdf2-409d-8835-686a42d079dd,2026-08-09T01:15:00Z,2026-08-09T03:15:00+0200,34983.440125,MW,DE,DE_LU,forecast_load,Forecasted Load,2026-08-09T22:55:36Z
2026-08-09T22:53:54Z,2026-08-10T00:53:54+0200,9f364823-fdf2-409d-8835-686a42d079dd,2026-08-09T01:30:00Z,2026-08-09T03:30:00+0200,34784.434342,MW,DE,DE_LU,forecast_load,Forecasted Load,2026-08-09T22:55:36Z
2026-08-09T22:53:54Z,2026-08-10T00:53:54+0200,9f364823-fdf2-409d-8835-686a42d079dd,2026-08-09T01:45:00Z,2026-08-09T03:45:00+0200,34695.512183,MW,DE,DE_LU,forecast_load,Forecasted Load,2026-08-09T22:55:36Z
2026-08-09T22:53:54Z,2026-08-10T00:53:54+0200,9f364823-fdf2-409d-8835-686a42d079dd,2026-08-09T02:00:00Z,2026-08-09T04:00:00+0200,34814.642646,MW,DE,DE_LU,forecast_load,Forecasted Load,2026-08-09T22:55:36Z
2026-08-09T22:53:54Z,2026-08-10T00:53:54+0200,9f364823-fdf2-409d-8835-686a42d079dd,2026-08-09T02:15:00Z,2026-08-09T04:15:00+0200,35010.930236,MW,DE,DE_LU,forecast_load,Forecasted Load,2026-08-09T22:55:36Z
2026-08-09T22:53:54Z,2026-08-10T00:53:54+0200,9f364823-fdf2-409d-8835-686a42d079dd,2026-08-09T02:30:00Z,2026-08-09T04:30:00+0200,35048.263784,MW,DE,DE_LU,forecast_load,Forecasted Load,2026-08-09T22:55:36Z
2026-08-09T22:53:54Z,2026-08-10T00:53:54+0200,9f364823-fdf2-409d-8835-686a42d079dd,2026-08-09T02:45:00Z,2026-08-09T04:45:00+0200,35115.330469,MW,DE,DE_LU,forecast_load,Forecasted Load,2026-08-09T22:55:36Z
2026-08-09T22:53:54Z,2026-08-10T00:53:54+0200,9f364823-fdf2-409d-8835-686a42d079dd,2026-08-09T03:00:00Z,2026-08-09T05:00:00+0200,35475.655781,MW,DE,DE_LU,forecast_load,Forecasted Load,2026-08-09T22:55:36Z
2026-08-09T22:53:54Z,2026-08-10T00:53:54+0200,9f364823-fdf2-409d-8835-686a42d079dd,2026-08-09T03:15:00Z,2026-08-09T05:15:00+0200,35829.62554,MW,DE,DE_LU,forecast_load,Forecasted Load,2026-08-09T22:55:36Z
2026-08-09T22:53:54Z,2026-08-10T00:53:54+0200,9f364823-fdf2-409d-8835-686a42d079dd,2026-08-09T03:30:00Z,2026-08-09T05:30:00+0200,36097.521142,MW,DE,DE_LU,forecast_load,Forecasted Load,2026-08-09T22:55:36Z
2026-08-09T22:53:54Z,2026-08-10T00:53:54+0200,9f364823-fdf2-409d-8835-686a42d079dd,2026-08-09T03:45:00Z,2026-08-09T05:45:00+0200,36544.151249,MW,DE,DE_LU,forecast_load,Forecasted Load,2026-08-09T22:55:36Z
2026-08-09T22:53:54Z,2026-08-10T00:53:54+0200,9f364823-fdf2-409d-8835-686a42d079dd,2026-08-09T04:00:00Z,2026-08-09T06:00:00+0200,37137.656009,MW,DE,DE_LU,forecast_load,Forecasted Load,2026-08-09T22:55:36Z
2026-08-09T22:53:54Z,2026-08-10T00:53:54+0200,9f364823-fdf2-409d-8835-686a42d079dd,2026-08-09T04:15:00Z,2026-08-09T06:15:00+0200,37789.428142,MW,DE,DE_LU,forecast_load,Forecasted Load,2026-08-09T22:55:36Z
2026-08-09T22:53:54Z,2026-08-10T00:53:54+0200,9f364823-fdf2-409d-8835-686a42d079dd,2026-08-09T04:30:00Z,2026-08-09T06:30:00+0200,38287.449496,MW,DE,DE_LU,forecast_load,Forecasted Load,2026-08-09T22:55:36Z
2026-08-09T22:53:54Z,2026-08-10T00:53:54+0200,9f364823-fdf2-409d-8835-686a42d079dd,2026-08-09T04:45:00Z,2026-08-09T06:45:00+0200,38562.73226,MW,DE,DE_LU,forecast_load,Forecasted Load,2026-08-09T22:55:36Z
2026-08-09T22:53:54Z,2026-08-10T00:53:54+0200,9f364823-fdf2-409d-8835-686a42d079dd,2026-08-09T05:00:00Z,2026-08-09T07:00:00+0200,39238.783566,MW,DE,DE_LU,forecast_load,Forecasted Load,2026-08-09T22:55:36Z
2026-08-09T22:53:54Z,2026-08-10T00:53:54+0200,9f364823-fdf2-409d-8835-686a42d079dd,2026-08-09T05:15:00Z,2026-08-09T07:15:00+0200,39987.829296,MW,DE,DE_LU,forecast_load,Forecasted Load,2026-08-09T22:55:36Z
2026-08-09T22:53:54Z,2026-08-10T00:53:54+0200,9f364823-fdf2-409d-8835-686a42d079dd,2026-08-09T05:30:00Z,2026-08-09T07:30:00+0200,40744.110073,MW,DE,DE_LU,forecast_load,Forecasted Load,2026-08-09T22:55:36Z
2026-08-09T22:53:54Z,2026-08-10T00:53:54+0200,9f364823-fdf2-409d-8835-686a42d079dd,2026-08-09T05:45:00Z,2026-08-09T07:45:00+0200,41601.790754,MW,DE,DE_LU,forecast_load,Forecasted Load,2026-08-09T22:55:36Z
2026-08-09T22:53:54Z,2026-08-10T00:53:54+0200,9f364823-fdf2-409d-8835-686a42d079dd,2026-08-09T06:00:00Z,2026-08-09T08:00:00+0200,41866.551787,MW,DE,DE_LU,forecast_load,Forecasted Load,2026-08-09T22:55:36Z
2026-08-09T22:53:54Z,2026-08-10T00:53:54+0200,9f364823-fdf2-409d-8835-686a42d079dd,2026-08-09T06:15:00Z,2026-08-09T08:15:00+0200,42673.991222,MW,DE,DE_LU,forecast_load,Forecasted Load,2026-08-09T22:55:36Z
2026-08-09T22:53:54Z,2026-08-10T00:53:54+0200,9f364823-fdf2-409d-8835-686a42d079dd,2026-08-09T06:30:00Z,2026-08-09T08:30:00+0200,43216.790124,MW,DE,DE_LU,forecast_load,Forecasted Load,2026-08-09T22:55:36Z
2026-08-09T22:53:54Z,2026-08-10T00:53:54+0200,9f364823-fdf2-409d-8835-686a42d079dd,2026-08-09T06:45:00Z,2026-08-09T08:45:00+0200,43839.18185,MW,DE,DE_LU,forecast_load,Forecasted Load,2026-08-09T22:55:36Z
2026-08-09T22:53:54Z,2026-08-10T00:53:54+0200,9f364823-fdf2-409d-8835-686a42d079dd,2026-08-09T07:00:00Z,2026-08-09T09:00:00+0200,44057.267882,MW,DE,DE_LU,forecast_load,Forecasted Load,2026-08-09T22:55:36Z
2026-08-09T22:53:54Z,2026-08-10T00:53:54+0200,9f364823-fdf2-409d-8835-686a42d079dd,2026-08-09T07:15:00Z,2026-08-09T09:15:00+0200,44662.508963,MW,DE,DE_LU,forecast_load,Forecasted Load,2026-08-09T22:55:36Z
2026-08-09T22:53:54Z,2026-08-10T00:53:54+0200,9f364823-fdf2-409d-8835-686a42d079dd,2026-08-09T07:30:00Z,2026-08-09T09:30:00+0200,44921.190532,MW,DE,DE_LU,forecast_load,Forecasted Load,2026-08-09T22:55:36Z
2026-08-09T22:53:54Z,2026-08-10T00:53:54+0200,9f364823-fdf2-409d-8835-686a42d079dd,2026-08-09T07:45:00Z,2026-08-09T09:45:00+0200,45432.747849,MW,DE,DE_LU,forecast_load,Forecasted Load,2026-08-09T22:55:36Z
2026-08-09T22:53:54Z,2026-08-10T00:53:54+0200,9f364823-fdf2-409d-8835-686a42d079dd,2026-08-09T08:00:00Z,2026-08-09T10:00:00+0200,45172.166002,MW,DE,DE_LU,forecast_load,Forecasted Load,2026-08-09T22:55:36Z
2026-08-09T22:53:54Z,2026-08-10T00:53:54+0200,9f364823-fdf2-409d-8835-686a42d079dd,2026-08-09T08:15:00Z,2026-08-09T10:15:00+0200,45367.460033,MW,DE,DE_LU,forecast_load,Forecasted Load,2026-08-09T22:55:36Z
2026-08-09T22:53:54Z,2026-08-10T00:53:54+0200,9f364823-fdf2-409d-8835-686a42d079dd,2026-08-09T08:30:00Z,2026-08-09T10:30:00+0200,45685.867207,MW,DE,DE_LU,forecast_load,Forecasted Load,2026-08-09T22:55:36Z
2026-08-09T22:53:54Z,2026-08-10T00:53:54+0200,9f364823-fdf2-409d-8835-686a42d079dd,2026-08-09T08:45:00Z,2026-08-09T10:45:00+0200,45641.965343,MW,DE,DE_LU,forecast_load,Forecasted Load,2026-08-09T22:55:36Z
2026-08-09T22:53:54Z,2026-08-10T00:53:54+0200,9f364823-fdf2-409d-8835-686a42d079dd,2026-08-09T09:00:00Z,2026-08-09T11:00:00+0200,46361.754006,MW,DE,DE_LU,forecast_load,Forecasted Load,2026-08-09T22:55:36Z
2026-08-09T22:53:54Z,2026-08-10T00:53:54+0200,9f364823-fdf2-409d-8835-686a42d079dd,2026-08-09T09:15:00Z,2026-08-09T11:15:00+0200,46388.643518,MW,DE,DE_LU,forecast_load,Forecasted Load,2026-08-09T22:55:36Z
2026-08-09T22:53:54Z,2026-08-10T00:53:54+0200,9f364823-fdf2-409d-8835-686a42d079dd,2026-08-09T09:30:00Z,2026-08-09T11:30:00+0200,46620.098863,MW,DE,DE_LU,forecast_load,Forecasted Load,2026-08-09T22:55:36Z
2026-08-09T22:53:54Z,2026-08-10T00:53:54+0200,9f364823-fdf2-409d-8835-686a42d079dd,2026-08-09T09:45:00Z,2026-08-09T11:45:00+0200,46640.160117,MW,DE,DE_LU,forecast_load,Forecasted Load,2026-08-09T22:55:36Z
2026-08-09T22:53:54Z,2026-08-10T00:53:54+0200,9f364823-fdf2-409d-8835-686a42d079dd,2026-08-09T10:00:00Z,2026-08-09T12:00:00+0200,46279.095752,MW,DE,DE_LU,forecast_load,Forecasted Load,2026-08-09T22:55:36Z
2026-08-09T22:53:54Z,2026-08-10T00:53:54+0200,9f364823-fdf2-409d-8835-686a42d079dd,2026-08-09T10:15:00Z,2026-08-09T12:15:00+0200,46056.052015,MW,DE,DE_LU,forecast_load,Forecasted Load,2026-08-09T22:55:36Z
2026-08-09T22:53:54Z,2026-08-10T00:53:54+0200,9f364823-fdf2-409d-8835-686a42d079dd,2026-08-09T10:30:00Z,2026-08-09T12:30:00+0200,46085.936427,MW,DE,DE_LU,forecast_load,Forecasted Load,2026-08-09T22:55:36Z
2026-08-09T22:53:54Z,2026-08-10T00:53:54+0200,9f364823-fdf2-409d-8835-686a42d079dd,2026-08-09T10:45:00Z,2026-08-09T12:45:00+0200,46041.337159,MW,DE,DE_LU,forecast_load,Forecasted Load,2026-08-09T22:55:36Z
2026-08-09T22:53:54Z,2026-08-10T00:53:54+0200,9f364823-fdf2-409d-8835-686a42d079dd,2026-08-09T11:00:00Z,2026-08-09T13:00:00+0200,45817.892199,MW,DE,DE_LU,forecast_load,Forecasted Load,2026-08-09T22:55:36Z
2026-08-09T22:53:54Z,2026-08-10T00:53:54+0200,9f364823-fdf2-409d-8835-686a42d079dd,2026-08-09T11:15:00Z,2026-08-09T13:15:00+0200,45967.364356,MW,DE,DE_LU,forecast_load,Forecasted Load,2026-08-09T22:55:36Z
2026-08-09T22:53:54Z,2026-08-10T00:53:54+0200,9f364823-fdf2-409d-8835-686a42d079dd,2026-08-09T11:30:00Z,2026-08-09T13:30:00+0200,45597.693105,MW,DE,DE_LU,forecast_load,Forecasted Load,2026-08-09T22:55:36Z
2026-08-09T22:53:54Z,2026-08-10T00:53:54+0200,9f364823-fdf2-409d-8835-686a42d079dd,2026-08-09T11:45:00Z,2026-08-09T13:45:00+0200,45421.868699,MW,DE,DE_LU,forecast_load,Forecasted Load,2026-08-09T22:55:36Z
2026-08-09T22:53:54Z,2026-08-10T00:53:54+0200,9f364823-fdf2-409d-8835-686a42d079dd,2026-08-09T12:00:00Z,2026-08-09T14:00:00+0200,45156.882179,MW,DE,DE_LU,forecast_load,Forecasted Load,2026-08-09T22:55:36Z
2026-08-09T22:53:54Z,2026-08-10T00:53:54+0200,9f364823-fdf2-409d-8835-686a42d079dd,2026-08-09T12:15:00Z,2026-08-09T14:15:00+0200,45127.884134,MW,DE,DE_LU,forecast_load,Forecasted Load,2026-08-09T22:55:36Z
2026-08-09T22:53:54Z,2026-08-10T00:53:54+0200,9f364823-fdf2-409d-8835-686a42d079dd,2026-08-09T12:30:00Z,2026-08-09T14:30:00+0200,45141.357377,MW,DE,DE_LU,forecast_load,Forecasted Load,2026-08-09T22:55:36Z
2026-08-09T22:53:54Z,2026-08-10T00:53:54+0200,9f364823-fdf2-409d-8835-686a42d079dd,2026-08-09T12:45:00Z,2026-08-09T14:45:00+0200,44816.623507,MW,DE,DE_LU,forecast_load,Forecasted Load,2026-08-09T22:55:36Z
2026-08-09T22:53:54Z,2026-08-10T00:53:54+0200,9f364823-fdf2-409d-8835-686a42d079dd,2026-08-09T13:00:00Z,2026-08-09T15:00:00+0200,45099.098902,MW,DE,DE_LU,forecast_load,Forecasted Load,2026-08-09T22:55:36Z
2026-08-09T22:53:54Z,2026-08-10T00:53:54+0200,9f364823-fdf2-409d-8835-686a42d079dd,2026-08-09T13:15:00Z,2026-08-09T15:15:00+0200,44647.071711,MW,DE,DE_LU,forecast_load,Forecasted Load,2026-08-09T22:55:36Z
2026-08-09T22:53:54Z,2026-08-10T00:53:54+0200,9f364823-fdf2-409d-8835-686a42d079dd,2026-08-09T13:30:00Z,2026-08-09T15:30:00+0200,44444.703441,MW,DE,DE_LU,forecast_load,Forecasted Load,2026-08-09T22:55:36Z
2026-08-09T22:53:54Z,2026-08-10T00:53:54+0200,9f364823-fdf2-409d-8835-686a42d079dd,2026-08-09T13:45:00Z,2026-08-09T15:45:00+0200,44196.974647,MW,DE,DE_LU,forecast_load,Forecasted Load,2026-08-09T22:55:36Z
2026-08-09T22:53:54Z,2026-08-10T00:53:54+0200,9f364823-fdf2-409d-8835-686a42d079dd,2026-08-09T14:00:00Z,2026-08-09T16:00:00+0200,44446.704039,MW,DE,DE_LU,forecast_load,Forecasted Load,2026-08-09T22:55:36Z
2026-08-09T22:53:54Z,2026-08-10T00:53:54+0200,9f364823-fdf2-409d-8835-686a42d079dd,2026-08-09T14:15:00Z,2026-08-09T16:15:00+0200,44314.453636,MW,DE,DE_LU,forecast_load,Forecasted Load,2026-08-09T22:55:36Z
2026-08-09T22:53:54Z,2026-08-10T00:53:54+0200,9f364823-fdf2-409d-8835-686a42d079dd,2026-08-09T14:30:00Z,2026-08-09T16:30:00+0200,44349.769479,MW,DE,DE_LU,forecast_load,Forecasted Load,2026-08-09T22:55:36Z
2026-08-09T22:53:54Z,2026-08-10T00:53:54+0200,9f364823-fdf2-409d-8835-686a42d079dd,2026-08-09T14:45:00Z,2026-08-09T16:45:00+0200,44375.269611,MW,DE,DE_LU,forecast_load,Forecasted Load,2026-08-09T22:55:36Z
2026-08-09T22:53:54Z,2026-08-10T00:53:54+0200,9f364823-fdf2-409d-8835-686a42d079dd,2026-08-09T15:00:00Z,2026-08-09T17:00:00+0200,45188.647715,MW,DE,DE_LU,forecast_load,Forecasted Load,2026-08-09T22:55:36Z
2026-08-09T22:53:54Z,2026-08-10T00:53:54+0200,9f364823-fdf2-409d-8835-686a42d079dd,2026-08-09T15:15:00Z,2026-08-09T17:15:00+0200,45133.109821,MW,DE,DE_LU,forecast_load,Forecasted Load,2026-08-09T22:55:36Z
2026-08-09T22:53:54Z,2026-08-10T00:53:54+0200,9f364823-fdf2-409d-8835-686a42d079dd,2026-08-09T15:30:00Z,2026-08-09T17:30:00+0200,45123.330279,MW,DE,DE_LU,forecast_load,Forecasted Load,2026-08-09T22:55:36Z
2026-08-09T22:53:54Z,2026-08-10T00:53:54+0200,9f364823-fdf2-409d-8835-686a42d079dd,2026-08-09T15:45:00Z,2026-08-09T17:45:00+0200,45460.496459,MW,DE,DE_LU,forecast_load,Forecasted Load,2026-08-09T22:55:36Z
2026-08-09T22:53:54Z,2026-08-10T00:53:54+0200,9f364823-fdf2-409d-8835-686a42d079dd,2026-08-09T16:00:00Z,2026-08-09T18:00:00+0200,46103.200335,MW,DE,DE_LU,forecast_load,Forecasted Load,2026-08-09T22:55:36Z
2026-08-09T22:53:54Z,2026-08-10T00:53:54+0200,9f364823-fdf2-409d-8835-686a42d079dd,2026-08-09T16:15:00Z,2026-08-09T18:15:00+0200,46093.806279,MW,DE,DE_LU,forecast_load,Forecasted Load,2026-08-09T22:55:36Z
2026-08-09T22:53:54Z,2026-08-10T00:53:54+0200,9f364823-fdf2-409d-8835-686a42d079dd,2026-08-09T16:30:00Z,2026-08-09T18:30:00+0200,46820.524878,MW,DE,DE_LU,forecast_load,Forecasted Load,2026-08-09T22:55:36Z
2026-08-09T22:53:54Z,2026-08-10T00:53:54+0200,9f364823-fdf2-409d-8835-686a42d079dd,2026-08-09T16:45:00Z,2026-08-09T18:45:00+0200,47386.666718,MW,DE,DE_LU,forecast_load,Forecasted Load,2026-08-09T22:55:36Z
2026-08-09T22:53:54Z,2026-08-10T00:53:54+0200,9f364823-fdf2-409d-8835-686a42d079dd,2026-08-09T17:00:00Z,2026-08-09T19:00:00+0200,47987.799414,MW,DE,DE_LU,forecast_load,Forecasted Load,2026-08-09T22:55:36Z
2026-08-09T22:53:54Z,2026-08-10T00:53:54+0200,9f364823-fdf2-409d-8835-686a42d079dd,2026-08-09T17:15:00Z,2026-08-09T19:15:00+0200,47991.136653,MW,DE,DE_LU,forecast_load,Forecasted Load,2026-08-09T22:55:36Z
2026-08-09T22:53:54Z,2026-08-10T00:53:54+0200,9f364823-fdf2-409d-8835-686a42d079dd,2026-08-09T17:30:00Z,2026-08-09T19:30:00+0200,48227.384624,MW,DE,DE_LU,forecast_load,Forecasted Load,2026-08-09T22:55:36Z
2026-08-09T22:53:54Z,2026-08-10T00:53:54+0200,9f364823-fdf2-409d-8835-686a42d079dd,2026-08-09T17:45:00Z,2026-08-09T19:45:00+0200,48083.460335,MW,DE,DE_LU,forecast_load,Forecasted Load,2026-08-09T22:55:36Z
2026-08-09T22:53:54Z,2026-08-10T00:53:54+0200,9f364823-fdf2-409d-8835-686a42d079dd,2026-08-09T18:00:00Z,2026-08-09T20:00:00+0200,47951.930026,MW,DE,DE_LU,forecast_load,Forecasted Load,2026-08-09T22:55:36Z
2026-08-09T22:53:54Z,2026-08-10T00:53:54+0200,9f364823-fdf2-409d-8835-686a42d079dd,2026-08-09T18:15:00Z,2026-08-09T20:15:00+0200,48009.031633,MW,DE,DE_LU,forecast_load,Forecasted Load,2026-08-09T22:55:36Z
2026-08-09T22:53:54Z,2026-08-10T00:53:54+0200,9f364823-fdf2-409d-8835-686a42d079dd,2026-08-09T18:30:00Z,2026-08-09T20:30:00+0200,47670.650502,MW,DE,DE_LU,forecast_load,Forecasted Load,2026-08-09T22:55:36Z
2026-08-09T22:53:54Z,2026-08-10T00:53:54+0200,9f364823-fdf2-409d-8835-686a42d079dd,2026-08-09T18:45:00Z,2026-08-09T20:45:00+0200,47246.573874,MW,DE,DE_LU,forecast_load,Forecasted Load,2026-08-09T22:55:36Z
2026-08-09T22:53:54Z,2026-08-10T00:53:54+0200,9f364823-fdf2-409d-8835-686a42d079dd,2026-08-09T19:00:00Z,2026-08-09T21:00:00+0200,46810.832912,MW,DE,DE_LU,forecast_load,Forecasted Load,2026-08-09T22:55:36Z
2026-08-09T22:53:54Z,2026-08-10T00:53:54+0200,9f364823-fdf2-409d-8835-686a42d079dd,2026-08-09T19:15:00Z,2026-08-09T21:15:00+0200,46608.450791,MW,DE,DE_LU,forecast_load,Forecasted Load,2026-08-09T22:55:36Z
2026-08-09T22:53:54Z,2026-08-10T00:53:54+0200,9f364823-fdf2-409d-8835-686a42d079dd,2026-08-09T19:30:00Z,2026-08-09T21:30:00+0200,46283.775031,MW,DE,DE_LU,forecast_load,Forecasted Load,2026-08-09T22:55:36Z
2026-08-09T22:53:54Z,2026-08-10T00:53:54+0200,9f364823-fdf2-409d-8835-686a42d079dd,2026-08-09T19:45:00Z,2026-08-09T21:45:00+0200,46098.322036,MW,DE,DE_LU,forecast_load,Forecasted Load,2026-08-09T22:55:36Z
2026-08-09T22:53:54Z,2026-08-10T00:53:54+0200,9f364823-fdf2-409d-8835-686a42d079dd,2026-08-09T20:00:00Z,2026-08-09T22:00:00+0200,45543.529891,MW,DE,DE_LU,forecast_load,Forecasted Load,2026-08-09T22:55:36Z
2026-08-09T22:53:54Z,2026-08-10T00:53:54+0200,9f364823-fdf2-409d-8835-686a42d079dd,2026-08-09T20:15:00Z,2026-08-09T22:15:00+0200,44999.075745,MW,DE,DE_LU,forecast_load,Forecasted Load,2026-08-09T22:55:36Z
2026-08-09T22:53:54Z,2026-08-10T00:53:54+0200,9f364823-fdf2-409d-8835-686a42d079dd,2026-08-09T20:30:00Z,2026-08-09T22:30:00+0200,44358.948719,MW,DE,DE_LU,forecast_load,Forecasted Load,2026-08-09T22:55:36Z
2026-08-09T22:53:54Z,2026-08-10T00:53:54+0200,9f364823-fdf2-409d-8835-686a42d079dd,2026-08-09T20:45:00Z,2026-08-09T22:45:00+0200,43779.009071,MW,DE,DE_LU,forecast_load,Forecasted Load,2026-08-09T22:55:36Z
2026-08-09T22:53:54Z,2026-08-10T00:53:54+0200,9f364823-fdf2-409d-8835-686a42d079dd,2026-08-09T21:00:00Z,2026-08-09T23:00:00+0200,42957.710354,MW,DE,DE_LU,forecast_load,Forecasted Load,2026-08-09T22:55:36Z
2026-08-09T22:53:54Z,2026-08-10T00:53:54+0200,9f364823-fdf2-409d-8835-686a42d079dd,2026-08-09T21:15:00Z,2026-08-09T23:15:00+0200,42417.320578,MW,DE,DE_LU,forecast_load,Forecasted Load,2026-08-09T22:55:36Z
2026-08-09T22:53:54Z,2026-08-10T00:53:54+0200,9f364823-fdf2-409d-8835-686a42d079dd,2026-08-09T21:30:00Z,2026-08-09T23:30:00+0200,41793.520765,MW,DE,DE_LU,forecast_load,Forecasted Load,2026-08-09T22:55:36Z
2026-08-09T22:53:54Z,2026-08-10T00:53:54+0200,9f364823-fdf2-409d-8835-686a42d079dd,2026-08-09T21:45:00Z,2026-08-09T23:45:00+0200,41410.757229,MW,DE,DE_LU,forecast_load,Forecasted Load,2026-08-09T22:55:36Z
2026-08-09T22:53:54Z,2026-08-10T00:53:54+0200,9f364823-fdf2-409d-8835-686a42d079dd,2026-08-09T22:00:00Z,2026-08-10T00:00:00+0200,40932.422359,MW,DE,DE_LU,forecast_load,Forecasted Load,2026-08-09T22:55:36Z
2026-08-09T22:53:54Z,2026-08-10T00:53:54+0200,9f364823-fdf2-409d-8835-686a42d079dd,2026-08-09T22:15:00Z,2026-08-10T00:15:00+0200,40334.883034,MW,DE,DE_LU,forecast_load,Forecasted Load,2026-08-09T22:55:36Z
2026-08-09T22:53:54Z,2026-08-10T00:53:54+0200,9f364823-fdf2-409d-8835-686a42d079dd,2026-08-09T22:30:00Z,2026-08-10T00:30:00+0200,40197.658339,MW,DE,DE_LU,forecast_load,Forecasted Load,2026-08-09T22:55:36Z
2026-08-09T22:53:54Z,2026-08-10T00:53:54+0200,9f364823-fdf2-409d-8835-686a42d079dd,2026-08-09T22:45:00Z,2026-08-10T00:45:00+0200,39971.736907,MW,DE,DE_LU,forecast_load,Forecasted Load,2026-08-09T22:55:36Z
