collection_time_utc,collection_time_local,run_id,timestamp_utc,timestamp_local,value,unit,country,entsoe_area,variable,source,updated_at_utc
2026-09-18T21:38:31Z,2026-09-18T23:38:31+0200,651accbc-0e12-4f0e-be4c-72ea58f8157a,2026-09-11T22:00:00Z,2026-09-12T00:00:00+0200,41700.0,MW,FR,FR,forecast_load,Forecasted Load,2026-09-18T21:38:54Z
2026-09-18T21:38:31Z,2026-09-18T23:38:31+0200,651accbc-0e12-4f0e-be4c-72ea58f8157a,2026-09-11T22:15:00Z,2026-09-12T00:15:00+0200,40950.0,MW,FR,FR,forecast_load,Forecasted Load,2026-09-18T21:38:54Z
2026-09-18T21:38:31Z,2026-09-18T23:38:31+0200,651accbc-0e12-4f0e-be4c-72ea58f8157a,2026-09-11T22:30:00Z,2026-09-12T00:30:00+0200,40200.0,MW,FR,FR,forecast_load,Forecasted Load,2026-09-18T21:38:54Z
2026-09-18T21:38:31Z,2026-09-18T23:38:31+0200,651accbc-0e12-4f0e-be4c-72ea58f8157a,2026-09-11T22:45:00Z,2026-09-12T00:45:00+0200,39400.0,MW,FR,FR,forecast_load,Forecasted Load,2026-09-18T21:38:54Z
2026-09-18T21:38:31Z,2026-09-18T23:38:31+0200,651accbc-0e12-4f0e-be4c-72ea58f8157a,2026-09-11T23:00:00Z,2026-09-12T01:00:00+0200,38600.0,MW,FR,FR,forecast_load,Forecasted Load,2026-09-18T21:38:54Z
2026-09-18T21:38:31Z,2026-09-18T23:38:31+0200,651accbc-0e12-4f0e-be4c-72ea58f8157a,2026-09-11T23:15:00Z,2026-09-12T01:15:00+0200,38450.0,MW,FR,FR,forecast_load,Forecasted Load,2026-09-18T21:38:54Z
2026-09-18T21:38:31Z,2026-09-18T23:38:31+0200,651accbc-0e12-4f0e-be4c-72ea58f8157a,2026-09-11T23:30:00Z,2026-09-12T01:30:00+0200,38300.0,MW,FR,FR,forecast_load,Forecasted Load,2026-09-18T21:38:54Z
2026-09-18T21:38:31Z,2026-09-18T23:38:31+0200,651accbc-0e12-4f0e-be4c-72ea58f8157a,2026-09-11T23:45:00Z,2026-09-12T01:45:00+0200,37850.0,MW,FR,FR,forecast_load,Forecasted Load,2026-09-18T21:38:54Z
2026-09-18T21:38:31Z,2026-09-18T23:38:31+0200,651accbc-0e12-4f0e-be4c-72ea58f8157a,2026-09-12T00:00:00Z,2026-09-12T02:00:00+0200,37400.0,MW,FR,FR,forecast_load,Forecasted Load,2026-09-18T21:38:54Z
2026-09-18T21:38:31Z,2026-09-18T23:38:31+0200,651accbc-0e12-4f0e-be4c-72ea58f8157a,2026-09-12T00:15:00Z,2026-09-12T02:15:00+0200,36600.0,MW,FR,FR,forecast_load,Forecasted Load,2026-09-18T21:38:54Z
2026-09-18T21:38:31Z,2026-09-18T23:38:31+0200,651accbc-0e12-4f0e-be4c-72ea58f8157a,2026-09-12T00:30:00Z,2026-09-12T02:30:00+0200,35800.0,MW,FR,FR,forecast_load,Forecasted Load,2026-09-18T21:38:54Z
2026-09-18T21:38:31Z,2026-09-18T23:38:31+0200,651accbc-0e12-4f0e-be4c-72ea58f8157a,2026-09-12T00:45:00Z,2026-09-12T02:45:00+0200,35200.0,MW,FR,FR,forecast_load,Forecasted Load,2026-09-18T21:38:54Z
2026-09-18T21:38:31Z,2026-09-18T23:38:31+0200,651accbc-0e12-4f0e-be4c-72ea58f8157a,2026-09-12T01:00:00Z,2026-09-12T03:00:00+0200,34600.0,MW,FR,FR,forecast_load,Forecasted Load,2026-09-18T21:38:54Z
2026-09-18T21:38:31Z,2026-09-18T23:38:31+0200,651accbc-0e12-4f0e-be4c-72ea58f8157a,2026-09-12T01:15:00Z,2026-09-12T03:15:00+0200,34200.0,MW,FR,FR,forecast_load,Forecasted Load,2026-09-18T21:38:54Z
2026-09-18T21:38:31Z,2026-09-18T23:38:31+0200,651accbc-0e12-4f0e-be4c-72ea58f8157a,2026-09-12T01:30:00Z,2026-09-12T03:30:00+0200,33800.0,MW,FR,FR,forecast_load,Forecasted Load,2026-09-18T21:38:54Z
2026-09-18T21:38:31Z,2026-09-18T23:38:31+0200,651accbc-0e12-4f0e-be4c-72ea58f8157a,2026-09-12T01:45:00Z,2026-09-12T03:45:00+0200,33500.0,MW,FR,FR,forecast_load,Forecasted Load,2026-09-18T21:38:54Z
2026-09-18T21:38:31Z,2026-09-18T23:38:31+0200,651accbc-0e12-4f0e-be4c-72ea58f8157a,2026-09-12T02:00:00Z,2026-09-12T04:00:00+0200,33200.0,MW,FR,FR,forecast_load,Forecasted Load,2026-09-18T21:38:54Z
2026-09-18T21:38:31Z,2026-09-18T23:38:31+0200,651accbc-0e12-4f0e-be4c-72ea58f8157a,2026-09-12T02:15:00Z,2026-09-12T04:15:00+0200,32950.0,MW,FR,FR,forecast_load,Forecasted Load,2026-09-18T21:38:54Z
2026-09-18T21:38:31Z,2026-09-18T23:38:31+0200,651accbc-0e12-4f0e-be4c-72ea58f8157a,2026-09-12T02:30:00Z,2026-09-12T04:30:00+0200,32700.0,MW,FR,FR,forecast_load,Forecasted Load,2026-09-18T21:38:54Z
2026-09-18T21:38:31Z,2026-09-18T23:38:31+0200,651accbc-0e12-4f0e-be4c-72ea58f8157a,2026-09-12T02:45:00Z,2026-09-12T04:45:00+0200,32750.0,MW,FR,FR,forecast_load,Forecasted Load,2026-09-18T21:38:54Z
2026-09-18T21:38:31Z,2026-09-18T23:38:31+0200,651accbc-0e12-4f0e-be4c-72ea58f8157a,2026-09-12T03:00:00Z,2026-09-12T05:00:00+0200,32800.0,MW,FR,FR,forecast_load,Forecasted Load,2026-09-18T21:38:54Z
2026-09-18T21:38:31Z,2026-09-18T23:38:31+0200,651accbc-0e12-4f0e-be4c-72ea58f8157a,2026-09-12T03:15:00Z,2026-09-12T05:15:00+0200,33100.0,MW,FR,FR,forecast_load,Forecasted Load,2026-09-18T21:38:54Z
2026-09-18T21:38:31Z,2026-09-18T23:38:31+0200,651accbc-0e12-4f0e-be4c-72ea58f8157a,2026-09-12T03:30:00Z,2026-09-12T05:30:00+0200,33400.0,MW,FR,FR,forecast_load,Forecasted Load,2026-09-18T21:38:54Z
2026-09-18T21:38:31Z,2026-09-18T23:38:31+0200,651accbc-0e12-4f0e-be4c-72ea58f8157a,2026-09-12T03:45:00Z,2026-09-12T05:45:00+0200,33600.0,MW,FR,FR,forecast_load,Forecasted Load,2026-09-18T21:38:54Z
2026-09-18T21:38:31Z,2026-09-18T23:38:31+0200,651accbc-0e12-4f0e-be4c-72ea58f8157a,2026-09-12T04:00:00Z,2026-09-12T06:00:00+0200,33800.0,MW,FR,FR,forecast_load,Forecasted Load,2026-09-18T21:38:54Z
2026-09-18T21:38:31Z,2026-09-18T23:38:31+0200,651accbc-0e12-4f0e-be4c-72ea58f8157a,2026-09-12T04:15:00Z,2026-09-12T06:15:00+0200,34100.0,MW,FR,FR,forecast_load,Forecasted Load,2026-09-18T21:38:54Z
2026-09-18T21:38:31Z,2026-09-18T23:38:31+0200,651accbc-0e12-4f0e-be4c-72ea58f8157a,2026-09-12T04:30:00Z,2026-09-12T06:30:00+0200,34400.0,MW,FR,FR,forecast_load,Forecasted Load,2026-09-18T21:38:54Z
2026-09-18T21:38:31Z,2026-09-18T23:38:31+0200,651accbc-0e12-4f0e-be4c-72ea58f8157a,2026-09-12T04:45:00Z,2026-09-12T06:45:00+0200,34600.0,MW,FR,FR,forecast_load,Forecasted Load,2026-09-18T21:38:54Z
2026-09-18T21:38:31Z,2026-09-18T23:38:31+0200,651accbc-0e12-4f0e-be4c-72ea58f8157a,2026-09-12T05:00:00Z,2026-09-12T07:00:00+0200,34800.0,MW,FR,FR,forecast_load,Forecasted Load,2026-09-18T21:38:54Z
2026-09-18T21:38:31Z,2026-09-18T23:38:31+0200,651accbc-0e12-4f0e-be4c-72ea58f8157a,2026-09-12T05:15:00Z,2026-09-12T07:15:00+0200,34850.0,MW,FR,FR,forecast_load,Forecasted Load,2026-09-18T21:38:54Z
2026-09-18T21:38:31Z,2026-09-18T23:38:31+0200,651accbc-0e12-4f0e-be4c-72ea58f8157a,2026-09-12T05:30:00Z,2026-09-12T07:30:00+0200,34900.0,MW,FR,FR,forecast_load,Forecasted Load,2026-09-18T21:38:54Z
2026-09-18T21:38:31Z,2026-09-18T23:38:31+0200,651accbc-0e12-4f0e-be4c-72ea58f8157a,2026-09-12T05:45:00Z,2026-09-12T07:45:00+0200,35350.0,MW,FR,FR,forecast_load,Forecasted Load,2026-09-18T21:38:54Z
2026-09-18T21:38:31Z,2026-09-18T23:38:31+0200,651accbc-0e12-4f0e-be4c-72ea58f8157a,2026-09-12T06:00:00Z,2026-09-12T08:00:00+0200,35800.0,MW,FR,FR,forecast_load,Forecasted Load,2026-09-18T21:38:54Z
2026-09-18T21:38:31Z,2026-09-18T23:38:31+0200,651accbc-0e12-4f0e-be4c-72ea58f8157a,2026-09-12T06:15:00Z,2026-09-12T08:15:00+0200,36250.0,MW,FR,FR,forecast_load,Forecasted Load,2026-09-18T21:38:54Z
2026-09-18T21:38:31Z,2026-09-18T23:38:31+0200,651accbc-0e12-4f0e-be4c-72ea58f8157a,2026-09-12T06:30:00Z,2026-09-12T08:30:00+0200,36700.0,MW,FR,FR,forecast_load,Forecasted Load,2026-09-18T21:38:54Z
2026-09-18T21:38:31Z,2026-09-18T23:38:31+0200,651accbc-0e12-4f0e-be4c-72ea58f8157a,2026-09-12T06:45:00Z,2026-09-12T08:45:00+0200,37250.0,MW,FR,FR,forecast_load,Forecasted Load,2026-09-18T21:38:54Z
2026-09-18T21:38:31Z,2026-09-18T23:38:31+0200,651accbc-0e12-4f0e-be4c-72ea58f8157a,2026-09-12T07:00:00Z,2026-09-12T09:00:00+0200,37800.0,MW,FR,FR,forecast_load,Forecasted Load,2026-09-18T21:38:54Z
2026-09-18T21:38:31Z,2026-09-18T23:38:31+0200,651accbc-0e12-4f0e-be4c-72ea58f8157a,2026-09-12T07:15:00Z,2026-09-12T09:15:00+0200,38050.0,MW,FR,FR,forecast_load,Forecasted Load,2026-09-18T21:38:54Z
2026-09-18T21:38:31Z,2026-09-18T23:38:31+0200,651accbc-0e12-4f0e-be4c-72ea58f8157a,2026-09-12T07:30:00Z,2026-09-12T09:30:00+0200,38300.0,MW,FR,FR,forecast_load,Forecasted Load,2026-09-18T21:38:54Z
2026-09-18T21:38:31Z,2026-09-18T23:38:31+0200,651accbc-0e12-4f0e-be4c-72ea58f8157a,2026-09-12T07:45:00Z,2026-09-12T09:45:00+0200,38550.0,MW,FR,FR,forecast_load,Forecasted Load,2026-09-18T21:38:54Z
2026-09-18T21:38:31Z,2026-09-18T23:38:31+0200,651accbc-0e12-4f0e-be4c-72ea58f8157a,2026-09-12T08:00:00Z,2026-09-12T10:00:00+0200,38800.0,MW,FR,FR,forecast_load,Forecasted Load,2026-09-18T21:38:54Z
2026-09-18T21:38:31Z,2026-09-18T23:38:31+0200,651accbc-0e12-4f0e-be4c-72ea58f8157a,2026-09-12T08:15:00Z,2026-09-12T10:15:00+0200,39300.0,MW,FR,FR,forecast_load,Forecasted Load,2026-09-18T21:38:54Z
2026-09-18T21:38:31Z,2026-09-18T23:38:31+0200,651accbc-0e12-4f0e-be4c-72ea58f8157a,2026-09-12T08:30:00Z,2026-09-12T10:30:00+0200,39800.0,MW,FR,FR,forecast_load,Forecasted Load,2026-09-18T21:38:54Z
2026-09-18T21:38:31Z,2026-09-18T23:38:31+0200,651accbc-0e12-4f0e-be4c-72ea58f8157a,2026-09-12T08:45:00Z,2026-09-12T10:45:00+0200,39850.0,MW,FR,FR,forecast_load,Forecasted Load,2026-09-18T21:38:54Z
2026-09-18T21:38:31Z,2026-09-18T23:38:31+0200,651accbc-0e12-4f0e-be4c-72ea58f8157a,2026-09-12T09:00:00Z,2026-09-12T11:00:00+0200,39900.0,MW,FR,FR,forecast_load,Forecasted Load,2026-09-18T21:38:54Z
2026-09-18T21:38:31Z,2026-09-18T23:38:31+0200,651accbc-0e12-4f0e-be4c-72ea58f8157a,2026-09-12T09:15:00Z,2026-09-12T11:15:00+0200,40400.0,MW,FR,FR,forecast_load,Forecasted Load,2026-09-18T21:38:54Z
2026-09-18T21:38:31Z,2026-09-18T23:38:31+0200,651accbc-0e12-4f0e-be4c-72ea58f8157a,2026-09-12T09:30:00Z,2026-09-12T11:30:00+0200,40900.0,MW,FR,FR,forecast_load,Forecasted Load,2026-09-18T21:38:54Z
2026-09-18T21:38:31Z,2026-09-18T23:38:31+0200,651accbc-0e12-4f0e-be4c-72ea58f8157a,2026-09-12T09:45:00Z,2026-09-12T11:45:00+0200,41400.0,MW,FR,FR,forecast_load,Forecasted Load,2026-09-18T21:38:54Z
2026-09-18T21:38:31Z,2026-09-18T23:38:31+0200,651accbc-0e12-4f0e-be4c-72ea58f8157a,2026-09-12T10:00:00Z,2026-09-12T12:00:00+0200,41900.0,MW,FR,FR,forecast_load,Forecasted Load,2026-09-18T21:38:54Z
2026-09-18T21:38:31Z,2026-09-18T23:38:31+0200,651accbc-0e12-4f0e-be4c-72ea58f8157a,2026-09-12T10:15:00Z,2026-09-12T12:15:00+0200,41950.0,MW,FR,FR,forecast_load,Forecasted Load,2026-09-18T21:38:54Z
2026-09-18T21:38:31Z,2026-09-18T23:38:31+0200,651accbc-0e12-4f0e-be4c-72ea58f8157a,2026-09-12T10:30:00Z,2026-09-12T12:30:00+0200,42000.0,MW,FR,FR,forecast_load,Forecasted Load,2026-09-18T21:38:54Z
2026-09-18T21:38:31Z,2026-09-18T23:38:31+0200,651accbc-0e12-4f0e-be4c-72ea58f8157a,2026-09-12T10:45:00Z,2026-09-12T12:45:00+0200,42500.0,MW,FR,FR,forecast_load,Forecasted Load,2026-09-18T21:38:54Z
2026-09-18T21:38:31Z,2026-09-18T23:38:31+0200,651accbc-0e12-4f0e-be4c-72ea58f8157a,2026-09-12T11:00:00Z,2026-09-12T13:00:00+0200,43000.0,MW,FR,FR,forecast_load,Forecasted Load,2026-09-18T21:38:54Z
2026-09-18T21:38:31Z,2026-09-18T23:38:31+0200,651accbc-0e12-4f0e-be4c-72ea58f8157a,2026-09-12T11:15:00Z,2026-09-12T13:15:00+0200,42250.0,MW,FR,FR,forecast_load,Forecasted Load,2026-09-18T21:38:54Z
2026-09-18T21:38:31Z,2026-09-18T23:38:31+0200,651accbc-0e12-4f0e-be4c-72ea58f8157a,2026-09-12T11:30:00Z,2026-09-12T13:30:00+0200,41500.0,MW,FR,FR,forecast_load,Forecasted Load,2026-09-18T21:38:54Z
2026-09-18T21:38:31Z,2026-09-18T23:38:31+0200,651accbc-0e12-4f0e-be4c-72ea58f8157a,2026-09-12T11:45:00Z,2026-09-12T13:45:00+0200,41350.0,MW,FR,FR,forecast_load,Forecasted Load,2026-09-18T21:38:54Z
2026-09-18T21:38:31Z,2026-09-18T23:38:31+0200,651accbc-0e12-4f0e-be4c-72ea58f8157a,2026-09-12T12:00:00Z,2026-09-12T14:00:00+0200,41200.0,MW,FR,FR,forecast_load,Forecasted Load,2026-09-18T21:38:54Z
2026-09-18T21:38:31Z,2026-09-18T23:38:31+0200,651accbc-0e12-4f0e-be4c-72ea58f8157a,2026-09-12T12:15:00Z,2026-09-12T14:15:00+0200,41800.0,MW,FR,FR,forecast_load,Forecasted Load,2026-09-18T21:38:54Z
2026-09-18T21:38:31Z,2026-09-18T23:38:31+0200,651accbc-0e12-4f0e-be4c-72ea58f8157a,2026-09-12T12:30:00Z,2026-09-12T14:30:00+0200,42400.0,MW,FR,FR,forecast_load,Forecasted Load,2026-09-18T21:38:54Z
2026-09-18T21:38:31Z,2026-09-18T23:38:31+0200,651accbc-0e12-4f0e-be4c-72ea58f8157a,2026-09-12T12:45:00Z,2026-09-12T14:45:00+0200,41900.0,MW,FR,FR,forecast_load,Forecasted Load,2026-09-18T21:38:54Z
2026-09-18T21:38:31Z,2026-09-18T23:38:31+0200,651accbc-0e12-4f0e-be4c-72ea58f8157a,2026-09-12T13:00:00Z,2026-09-12T15:00:00+0200,41400.0,MW,FR,FR,forecast_load,Forecasted Load,2026-09-18T21:38:54Z
2026-09-18T21:38:31Z,2026-09-18T23:38:31+0200,651accbc-0e12-4f0e-be4c-72ea58f8157a,2026-09-12T13:15:00Z,2026-09-12T15:15:00+0200,40800.0,MW,FR,FR,forecast_load,Forecasted Load,2026-09-18T21:38:54Z
2026-09-18T21:38:31Z,2026-09-18T23:38:31+0200,651accbc-0e12-4f0e-be4c-72ea58f8157a,2026-09-12T13:30:00Z,2026-09-12T15:30:00+0200,40200.0,MW,FR,FR,forecast_load,Forecasted Load,2026-09-18T21:38:54Z
2026-09-18T21:38:31Z,2026-09-18T23:38:31+0200,651accbc-0e12-4f0e-be4c-72ea58f8157a,2026-09-12T13:45:00Z,2026-09-12T15:45:00+0200,39850.0,MW,FR,FR,forecast_load,Forecasted Load,2026-09-18T21:38:54Z
2026-09-18T21:38:31Z,2026-09-18T23:38:31+0200,651accbc-0e12-4f0e-be4c-72ea58f8157a,2026-09-12T14:00:00Z,2026-09-12T16:00:00+0200,39500.0,MW,FR,FR,forecast_load,Forecasted Load,2026-09-18T21:38:54Z
2026-09-18T21:38:31Z,2026-09-18T23:38:31+0200,651accbc-0e12-4f0e-be4c-72ea58f8157a,2026-09-12T14:15:00Z,2026-09-12T16:15:00+0200,39250.0,MW,FR,FR,forecast_load,Forecasted Load,2026-09-18T21:38:54Z
2026-09-18T21:38:31Z,2026-09-18T23:38:31+0200,651accbc-0e12-4f0e-be4c-72ea58f8157a,2026-09-12T14:30:00Z,2026-09-12T16:30:00+0200,39000.0,MW,FR,FR,forecast_load,Forecasted Load,2026-09-18T21:38:54Z
2026-09-18T21:38:31Z,2026-09-18T23:38:31+0200,651accbc-0e12-4f0e-be4c-72ea58f8157a,2026-09-12T14:45:00Z,2026-09-12T16:45:00+0200,39050.0,MW,FR,FR,forecast_load,Forecasted Load,2026-09-18T21:38:54Z
2026-09-18T21:38:31Z,2026-09-18T23:38:31+0200,651accbc-0e12-4f0e-be4c-72ea58f8157a,2026-09-12T15:00:00Z,2026-09-12T17:00:00+0200,39100.0,MW,FR,FR,forecast_load,Forecasted Load,2026-09-18T21:38:54Z
2026-09-18T21:38:31Z,2026-09-18T23:38:31+0200,651accbc-0e12-4f0e-be4c-72ea58f8157a,2026-09-12T15:15:00Z,2026-09-12T17:15:00+0200,39300.0,MW,FR,FR,forecast_load,Forecasted Load,2026-09-18T21:38:54Z
2026-09-18T21:38:31Z,2026-09-18T23:38:31+0200,651accbc-0e12-4f0e-be4c-72ea58f8157a,2026-09-12T15:30:00Z,2026-09-12T17:30:00+0200,39500.0,MW,FR,FR,forecast_load,Forecasted Load,2026-09-18T21:38:54Z
2026-09-18T21:38:31Z,2026-09-18T23:38:31+0200,651accbc-0e12-4f0e-be4c-72ea58f8157a,2026-09-12T15:45:00Z,2026-09-12T17:45:00+0200,40000.0,MW,FR,FR,forecast_load,Forecasted Load,2026-09-18T21:38:54Z
2026-09-18T21:38:31Z,2026-09-18T23:38:31+0200,651accbc-0e12-4f0e-be4c-72ea58f8157a,2026-09-12T16:00:00Z,2026-09-12T18:00:00+0200,40500.0,MW,FR,FR,forecast_load,Forecasted Load,2026-09-18T21:38:54Z
2026-09-18T21:38:31Z,2026-09-18T23:38:31+0200,651accbc-0e12-4f0e-be4c-72ea58f8157a,2026-09-12T16:15:00Z,2026-09-12T18:15:00+0200,41000.0,MW,FR,FR,forecast_load,Forecasted Load,2026-09-18T21:38:54Z
2026-09-18T21:38:31Z,2026-09-18T23:38:31+0200,651accbc-0e12-4f0e-be4c-72ea58f8157a,2026-09-12T16:30:00Z,2026-09-12T18:30:00+0200,41500.0,MW,FR,FR,forecast_load,Forecasted Load,2026-09-18T21:38:54Z
2026-09-18T21:38:31Z,2026-09-18T23:38:31+0200,651accbc-0e12-4f0e-be4c-72ea58f8157a,2026-09-12T16:45:00Z,2026-09-12T18:45:00+0200,41900.0,MW,FR,FR,forecast_load,Forecasted Load,2026-09-18T21:38:54Z
2026-09-18T21:38:31Z,2026-09-18T23:38:31+0200,651accbc-0e12-4f0e-be4c-72ea58f8157a,2026-09-12T17:00:00Z,2026-09-12T19:00:00+0200,42300.0,MW,FR,FR,forecast_load,Forecasted Load,2026-09-18T21:38:54Z
2026-09-18T21:38:31Z,2026-09-18T23:38:31+0200,651accbc-0e12-4f0e-be4c-72ea58f8157a,2026-09-12T17:15:00Z,2026-09-12T19:15:00+0200,42450.0,MW,FR,FR,forecast_load,Forecasted Load,2026-09-18T21:38:54Z
2026-09-18T21:38:31Z,2026-09-18T23:38:31+0200,651accbc-0e12-4f0e-be4c-72ea58f8157a,2026-09-12T17:30:00Z,2026-09-12T19:30:00+0200,42600.0,MW,FR,FR,forecast_load,Forecasted Load,2026-09-18T21:38:54Z
2026-09-18T21:38:31Z,2026-09-18T23:38:31+0200,651accbc-0e12-4f0e-be4c-72ea58f8157a,2026-09-12T17:45:00Z,2026-09-12T19:45:00+0200,42450.0,MW,FR,FR,forecast_load,Forecasted Load,2026-09-18T21:38:54Z
2026-09-18T21:38:31Z,2026-09-18T23:38:31+0200,651accbc-0e12-4f0e-be4c-72ea58f8157a,2026-09-12T18:00:00Z,2026-09-12T20:00:00+0200,42300.0,MW,FR,FR,forecast_load,Forecasted Load,2026-09-18T21:38:54Z
2026-09-18T21:38:31Z,2026-09-18T23:38:31+0200,651accbc-0e12-4f0e-be4c-72ea58f8157a,2026-09-12T18:15:00Z,2026-09-12T20:15:00+0200,42200.0,MW,FR,FR,forecast_load,Forecasted Load,2026-09-18T21:38:54Z
2026-09-18T21:38:31Z,2026-09-18T23:38:31+0200,651accbc-0e12-4f0e-be4c-72ea58f8157a,2026-09-12T18:30:00Z,2026-09-12T20:30:00+0200,42100.0,MW,FR,FR,forecast_load,Forecasted Load,2026-09-18T21:38:54Z
2026-09-18T21:38:31Z,2026-09-18T23:38:31+0200,651accbc-0e12-4f0e-be4c-72ea58f8157a,2026-09-12T18:45:00Z,2026-09-12T20:45:00+0200,42050.0,MW,FR,FR,forecast_load,Forecasted Load,2026-09-18T21:38:54Z
2026-09-18T21:38:31Z,2026-09-18T23:38:31+0200,651accbc-0e12-4f0e-be4c-72ea58f8157a,2026-09-12T19:00:00Z,2026-09-12T21:00:00+0200,42000.0,MW,FR,FR,forecast_load,Forecasted Load,2026-09-18T21:38:54Z
2026-09-18T21:38:31Z,2026-09-18T23:38:31+0200,651accbc-0e12-4f0e-be4c-72ea58f8157a,2026-09-12T19:15:00Z,2026-09-12T21:15:00+0200,41350.0,MW,FR,FR,forecast_load,Forecasted Load,2026-09-18T21:38:54Z
2026-09-18T21:38:31Z,2026-09-18T23:38:31+0200,651accbc-0e12-4f0e-be4c-72ea58f8157a,2026-09-12T19:30:00Z,2026-09-12T21:30:00+0200,40700.0,MW,FR,FR,forecast_load,Forecasted Load,2026-09-18T21:38:54Z
2026-09-18T21:38:31Z,2026-09-18T23:38:31+0200,651accbc-0e12-4f0e-be4c-72ea58f8157a,2026-09-12T19:45:00Z,2026-09-12T21:45:00+0200,40300.0,MW,FR,FR,forecast_load,Forecasted Load,2026-09-18T21:38:54Z
2026-09-18T21:38:31Z,2026-09-18T23:38:31+0200,651accbc-0e12-4f0e-be4c-72ea58f8157a,2026-09-12T20:00:00Z,2026-09-12T22:00:00+0200,39900.0,MW,FR,FR,forecast_load,Forecasted Load,2026-09-18T21:38:54Z
2026-09-18T21:38:31Z,2026-09-18T23:38:31+0200,651accbc-0e12-4f0e-be4c-72ea58f8157a,2026-09-12T20:15:00Z,2026-09-12T22:15:00+0200,40450.0,MW,FR,FR,forecast_load,Forecasted Load,2026-09-18T21:38:54Z
2026-09-18T21:38:31Z,2026-09-18T23:38:31+0200,651accbc-0e12-4f0e-be4c-72ea58f8157a,2026-09-12T20:30:00Z,2026-09-12T22:30:00+0200,41000.0,MW,FR,FR,forecast_load,Forecasted Load,2026-09-18T21:38:54Z
2026-09-18T21:38:31Z,2026-09-18T23:38:31+0200,651accbc-0e12-4f0e-be4c-72ea58f8157a,2026-09-12T20:45:00Z,2026-09-12T22:45:00+0200,41500.0,MW,FR,FR,forecast_load,Forecasted Load,2026-09-18T21:38:54Z
2026-09-18T21:38:31Z,2026-09-18T23:38:31+0200,651accbc-0e12-4f0e-be4c-72ea58f8157a,2026-09-12T21:00:00Z,2026-09-12T23:00:00+0200,42000.0,MW,FR,FR,forecast_load,Forecasted Load,2026-09-18T21:38:54Z
2026-09-18T21:38:31Z,2026-09-18T23:38:31+0200,651accbc-0e12-4f0e-be4c-72ea58f8157a,2026-09-12T21:15:00Z,2026-09-12T23:15:00+0200,41600.0,MW,FR,FR,forecast_load,Forecasted Load,2026-09-18T21:38:54Z
2026-09-18T21:38:31Z,2026-09-18T23:38:31+0200,651accbc-0e12-4f0e-be4c-72ea58f8157a,2026-09-12T21:30:00Z,2026-09-12T23:30:00+0200,41200.0,MW,FR,FR,forecast_load,Forecasted Load,2026-09-18T21:38:54Z
2026-09-18T21:38:31Z,2026-09-18T23:38:31+0200,651accbc-0e12-4f0e-be4c-72ea58f8157a,2026-09-12T21:45:00Z,2026-09-12T23:45:00+0200,40550.0,MW,FR,FR,forecast_load,Forecasted Load,2026-09-18T21:38:54Z
2026-09-18T21:38:31Z,2026-09-18T23:38:31+0200,651accbc-0e12-4f0e-be4c-72ea58f8157a,2026-09-12T22:00:00Z,2026-09-13T00:00:00+0200,39900.0,MW,FR,FR,forecast_load,Forecasted Load,2026-09-18T21:38:54Z
2026-09-18T21:38:31Z,2026-09-18T23:38:31+0200,651accbc-0e12-4f0e-be4c-72ea58f8157a,2026-09-12T22:15:00Z,2026-09-13T00:15:00+0200,39100.0,MW,FR,FR,forecast_load,Forecasted Load,2026-09-18T21:38:54Z
2026-09-18T21:38:31Z,2026-09-18T23:38:31+0200,651accbc-0e12-4f0e-be4c-72ea58f8157a,2026-09-12T22:30:00Z,2026-09-13T00:30:00+0200,38300.0,MW,FR,FR,forecast_load,Forecasted Load,2026-09-18T21:38:54Z
2026-09-18T21:38:31Z,2026-09-18T23:38:31+0200,651accbc-0e12-4f0e-be4c-72ea58f8157a,2026-09-12T22:45:00Z,2026-09-13T00:45:00+0200,37600.0,MW,FR,FR,forecast_load,Forecasted Load,2026-09-18T21:38:54Z
2026-09-18T21:38:31Z,2026-09-18T23:38:31+0200,651accbc-0e12-4f0e-be4c-72ea58f8157a,2026-09-12T23:00:00Z,2026-09-13T01:00:00+0200,36900.0,MW,FR,FR,forecast_load,Forecasted Load,2026-09-18T21:38:54Z
2026-09-18T21:38:31Z,2026-09-18T23:38:31+0200,651accbc-0e12-4f0e-be4c-72ea58f8157a,2026-09-12T23:15:00Z,2026-09-13T01:15:00+0200,36800.0,MW,FR,FR,forecast_load,Forecasted Load,2026-09-18T21:38:54Z
2026-09-18T21:38:31Z,2026-09-18T23:38:31+0200,651accbc-0e12-4f0e-be4c-72ea58f8157a,2026-09-12T23:30:00Z,2026-09-13T01:30:00+0200,36700.0,MW,FR,FR,forecast_load,Forecasted Load,2026-09-18T21:38:54Z
2026-09-18T21:38:31Z,2026-09-18T23:38:31+0200,651accbc-0e12-4f0e-be4c-72ea58f8157a,2026-09-12T23:45:00Z,2026-09-13T01:45:00+0200,36200.0,MW,FR,FR,forecast_load,Forecasted Load,2026-09-18T21:38:54Z
2026-09-18T21:38:31Z,2026-09-18T23:38:31+0200,651accbc-0e12-4f0e-be4c-72ea58f8157a,2026-09-13T00:00:00Z,2026-09-13T02:00:00+0200,35700.0,MW,FR,FR,forecast_load,Forecasted Load,2026-09-18T21:38:54Z
2026-09-18T21:38:31Z,2026-09-18T23:38:31+0200,651accbc-0e12-4f0e-be4c-72ea58f8157a,2026-09-13T00:15:00Z,2026-09-13T02:15:00+0200,34850.0,MW,FR,FR,forecast_load,Forecasted Load,2026-09-18T21:38:54Z
2026-09-18T21:38:31Z,2026-09-18T23:38:31+0200,651accbc-0e12-4f0e-be4c-72ea58f8157a,2026-09-13T00:30:00Z,2026-09-13T02:30:00+0200,34000.0,MW,FR,FR,forecast_load,Forecasted Load,2026-09-18T21:38:54Z
2026-09-18T21:38:31Z,2026-09-18T23:38:31+0200,651accbc-0e12-4f0e-be4c-72ea58f8157a,2026-09-13T00:45:00Z,2026-09-13T02:45:00+0200,33400.0,MW,FR,FR,forecast_load,Forecasted Load,2026-09-18T21:38:54Z
2026-09-18T21:38:31Z,2026-09-18T23:38:31+0200,651accbc-0e12-4f0e-be4c-72ea58f8157a,2026-09-13T01:00:00Z,2026-09-13T03:00:00+0200,32800.0,MW,FR,FR,forecast_load,Forecasted Load,2026-09-18T21:38:54Z
2026-09-18T21:38:31Z,2026-09-18T23:38:31+0200,651accbc-0e12-4f0e-be4c-72ea58f8157a,2026-09-13T01:15:00Z,2026-09-13T03:15:00+0200,32500.0,MW,FR,FR,forecast_load,Forecasted Load,2026-09-18T21:38:54Z
2026-09-18T21:38:31Z,2026-09-18T23:38:31+0200,651accbc-0e12-4f0e-be4c-72ea58f8157a,2026-09-13T01:30:00Z,2026-09-13T03:30:00+0200,32200.0,MW,FR,FR,forecast_load,Forecasted Load,2026-09-18T21:38:54Z
2026-09-18T21:38:31Z,2026-09-18T23:38:31+0200,651accbc-0e12-4f0e-be4c-72ea58f8157a,2026-09-13T01:45:00Z,2026-09-13T03:45:00+0200,31900.0,MW,FR,FR,forecast_load,Forecasted Load,2026-09-18T21:38:54Z
2026-09-18T21:38:31Z,2026-09-18T23:38:31+0200,651accbc-0e12-4f0e-be4c-72ea58f8157a,2026-09-13T02:00:00Z,2026-09-13T04:00:00+0200,31600.0,MW,FR,FR,forecast_load,Forecasted Load,2026-09-18T21:38:54Z
2026-09-18T21:38:31Z,2026-09-18T23:38:31+0200,651accbc-0e12-4f0e-be4c-72ea58f8157a,2026-09-13T02:15:00Z,2026-09-13T04:15:00+0200,31300.0,MW,FR,FR,forecast_load,Forecasted Load,2026-09-18T21:38:54Z
2026-09-18T21:38:31Z,2026-09-18T23:38:31+0200,651accbc-0e12-4f0e-be4c-72ea58f8157a,2026-09-13T02:30:00Z,2026-09-13T04:30:00+0200,31000.0,MW,FR,FR,forecast_load,Forecasted Load,2026-09-18T21:38:54Z
2026-09-18T21:38:31Z,2026-09-18T23:38:31+0200,651accbc-0e12-4f0e-be4c-72ea58f8157a,2026-09-13T02:45:00Z,2026-09-13T04:45:00+0200,31050.0,MW,FR,FR,forecast_load,Forecasted Load,2026-09-18T21:38:54Z
2026-09-18T21:38:31Z,2026-09-18T23:38:31+0200,651accbc-0e12-4f0e-be4c-72ea58f8157a,2026-09-13T03:00:00Z,2026-09-13T05:00:00+0200,31100.0,MW,FR,FR,forecast_load,Forecasted Load,2026-09-18T21:38:54Z
2026-09-18T21:38:31Z,2026-09-18T23:38:31+0200,651accbc-0e12-4f0e-be4c-72ea58f8157a,2026-09-13T03:15:00Z,2026-09-13T05:15:00+0200,31250.0,MW,FR,FR,forecast_load,Forecasted Load,2026-09-18T21:38:54Z
2026-09-18T21:38:31Z,2026-09-18T23:38:31+0200,651accbc-0e12-4f0e-be4c-72ea58f8157a,2026-09-13T03:30:00Z,2026-09-13T05:30:00+0200,31400.0,MW,FR,FR,forecast_load,Forecasted Load,2026-09-18T21:38:54Z
2026-09-18T21:38:31Z,2026-09-18T23:38:31+0200,651accbc-0e12-4f0e-be4c-72ea58f8157a,2026-09-13T03:45:00Z,2026-09-13T05:45:00+0200,31500.0,MW,FR,FR,forecast_load,Forecasted Load,2026-09-18T21:38:54Z
2026-09-18T21:38:31Z,2026-09-18T23:38:31+0200,651accbc-0e12-4f0e-be4c-72ea58f8157a,2026-09-13T04:00:00Z,2026-09-13T06:00:00+0200,31600.0,MW,FR,FR,forecast_load,Forecasted Load,2026-09-18T21:38:54Z
2026-09-18T21:38:31Z,2026-09-18T23:38:31+0200,651accbc-0e12-4f0e-be4c-72ea58f8157a,2026-09-13T04:15:00Z,2026-09-13T06:15:00+0200,31850.0,MW,FR,FR,forecast_load,Forecasted Load,2026-09-18T21:38:54Z
2026-09-18T21:38:31Z,2026-09-18T23:38:31+0200,651accbc-0e12-4f0e-be4c-72ea58f8157a,2026-09-13T04:30:00Z,2026-09-13T06:30:00+0200,32100.0,MW,FR,FR,forecast_load,Forecasted Load,2026-09-18T21:38:54Z
2026-09-18T21:38:31Z,2026-09-18T23:38:31+0200,651accbc-0e12-4f0e-be4c-72ea58f8157a,2026-09-13T04:45:00Z,2026-09-13T06:45:00+0200,32150.0,MW,FR,FR,forecast_load,Forecasted Load,2026-09-18T21:38:54Z
2026-09-18T21:38:31Z,2026-09-18T23:38:31+0200,651accbc-0e12-4f0e-be4c-72ea58f8157a,2026-09-13T05:00:00Z,2026-09-13T07:00:00+0200,32200.0,MW,FR,FR,forecast_load,Forecasted Load,2026-09-18T21:38:54Z
2026-09-18T21:38:31Z,2026-09-18T23:38:31+0200,651accbc-0e12-4f0e-be4c-72ea58f8157a,2026-09-13T05:15:00Z,2026-09-13T07:15:00+0200,32150.0,MW,FR,FR,forecast_load,Forecasted Load,2026-09-18T21:38:54Z
2026-09-18T21:38:31Z,2026-09-18T23:38:31+0200,651accbc-0e12-4f0e-be4c-72ea58f8157a,2026-09-13T05:30:00Z,2026-09-13T07:30:00+0200,32100.0,MW,FR,FR,forecast_load,Forecasted Load,2026-09-18T21:38:54Z
2026-09-18T21:38:31Z,2026-09-18T23:38:31+0200,651accbc-0e12-4f0e-be4c-72ea58f8157a,2026-09-13T05:45:00Z,2026-09-13T07:45:00+0200,32300.0,MW,FR,FR,forecast_load,Forecasted Load,2026-09-18T21:38:54Z
2026-09-18T21:38:31Z,2026-09-18T23:38:31+0200,651accbc-0e12-4f0e-be4c-72ea58f8157a,2026-09-13T06:00:00Z,2026-09-13T08:00:00+0200,32500.0,MW,FR,FR,forecast_load,Forecasted Load,2026-09-18T21:38:54Z
2026-09-18T21:38:31Z,2026-09-18T23:38:31+0200,651accbc-0e12-4f0e-be4c-72ea58f8157a,2026-09-13T06:15:00Z,2026-09-13T08:15:00+0200,33000.0,MW,FR,FR,forecast_load,Forecasted Load,2026-09-18T21:38:54Z
2026-09-18T21:38:31Z,2026-09-18T23:38:31+0200,651accbc-0e12-4f0e-be4c-72ea58f8157a,2026-09-13T06:30:00Z,2026-09-13T08:30:00+0200,33500.0,MW,FR,FR,forecast_load,Forecasted Load,2026-09-18T21:38:54Z
2026-09-18T21:38:31Z,2026-09-18T23:38:31+0200,651accbc-0e12-4f0e-be4c-72ea58f8157a,2026-09-13T06:45:00Z,2026-09-13T08:45:00+0200,34250.0,MW,FR,FR,forecast_load,Forecasted Load,2026-09-18T21:38:54Z
2026-09-18T21:38:31Z,2026-09-18T23:38:31+0200,651accbc-0e12-4f0e-be4c-72ea58f8157a,2026-09-13T07:00:00Z,2026-09-13T09:00:00+0200,35000.0,MW,FR,FR,forecast_load,Forecasted Load,2026-09-18T21:38:54Z
2026-09-18T21:38:31Z,2026-09-18T23:38:31+0200,651accbc-0e12-4f0e-be4c-72ea58f8157a,2026-09-13T07:15:00Z,2026-09-13T09:15:00+0200,35300.0,MW,FR,FR,forecast_load,Forecasted Load,2026-09-18T21:38:54Z
2026-09-18T21:38:31Z,2026-09-18T23:38:31+0200,651accbc-0e12-4f0e-be4c-72ea58f8157a,2026-09-13T07:30:00Z,2026-09-13T09:30:00+0200,35600.0,MW,FR,FR,forecast_load,Forecasted Load,2026-09-18T21:38:54Z
2026-09-18T21:38:31Z,2026-09-18T23:38:31+0200,651accbc-0e12-4f0e-be4c-72ea58f8157a,2026-09-13T07:45:00Z,2026-09-13T09:45:00+0200,36050.0,MW,FR,FR,forecast_load,Forecasted Load,2026-09-18T21:38:54Z
2026-09-18T21:38:31Z,2026-09-18T23:38:31+0200,651accbc-0e12-4f0e-be4c-72ea58f8157a,2026-09-13T08:00:00Z,2026-09-13T10:00:00+0200,36500.0,MW,FR,FR,forecast_load,Forecasted Load,2026-09-18T21:38:54Z
2026-09-18T21:38:31Z,2026-09-18T23:38:31+0200,651accbc-0e12-4f0e-be4c-72ea58f8157a,2026-09-13T08:15:00Z,2026-09-13T10:15:00+0200,37150.0,MW,FR,FR,forecast_load,Forecasted Load,2026-09-18T21:38:54Z
2026-09-18T21:38:31Z,2026-09-18T23:38:31+0200,651accbc-0e12-4f0e-be4c-72ea58f8157a,2026-09-13T08:30:00Z,2026-09-13T10:30:00+0200,37800.0,MW,FR,FR,forecast_load,Forecasted Load,2026-09-18T21:38:54Z
2026-09-18T21:38:31Z,2026-09-18T23:38:31+0200,651accbc-0e12-4f0e-be4c-72ea58f8157a,2026-09-13T08:45:00Z,2026-09-13T10:45:00+0200,38150.0,MW,FR,FR,forecast_load,Forecasted Load,2026-09-18T21:38:54Z
2026-09-18T21:38:31Z,2026-09-18T23:38:31+0200,651accbc-0e12-4f0e-be4c-72ea58f8157a,2026-09-13T09:00:00Z,2026-09-13T11:00:00+0200,38500.0,MW,FR,FR,forecast_load,Forecasted Load,2026-09-18T21:38:54Z
2026-09-18T21:38:31Z,2026-09-18T23:38:31+0200,651accbc-0e12-4f0e-be4c-72ea58f8157a,2026-09-13T09:15:00Z,2026-09-13T11:15:00+0200,39000.0,MW,FR,FR,forecast_load,Forecasted Load,2026-09-18T21:38:54Z
2026-09-18T21:38:31Z,2026-09-18T23:38:31+0200,651accbc-0e12-4f0e-be4c-72ea58f8157a,2026-09-13T09:30:00Z,2026-09-13T11:30:00+0200,39500.0,MW,FR,FR,forecast_load,Forecasted Load,2026-09-18T21:38:54Z
2026-09-18T21:38:31Z,2026-09-18T23:38:31+0200,651accbc-0e12-4f0e-be4c-72ea58f8157a,2026-09-13T09:45:00Z,2026-09-13T11:45:00+0200,40350.0,MW,FR,FR,forecast_load,Forecasted Load,2026-09-18T21:38:54Z
2026-09-18T21:38:31Z,2026-09-18T23:38:31+0200,651accbc-0e12-4f0e-be4c-72ea58f8157a,2026-09-13T10:00:00Z,2026-09-13T12:00:00+0200,41200.0,MW,FR,FR,forecast_load,Forecasted Load,2026-09-18T21:38:54Z
2026-09-18T21:38:31Z,2026-09-18T23:38:31+0200,651accbc-0e12-4f0e-be4c-72ea58f8157a,2026-09-13T10:15:00Z,2026-09-13T12:15:00+0200,41300.0,MW,FR,FR,forecast_load,Forecasted Load,2026-09-18T21:38:54Z
2026-09-18T21:38:31Z,2026-09-18T23:38:31+0200,651accbc-0e12-4f0e-be4c-72ea58f8157a,2026-09-13T10:30:00Z,2026-09-13T12:30:00+0200,41400.0,MW,FR,FR,forecast_load,Forecasted Load,2026-09-18T21:38:54Z
2026-09-18T21:38:31Z,2026-09-18T23:38:31+0200,651accbc-0e12-4f0e-be4c-72ea58f8157a,2026-09-13T10:45:00Z,2026-09-13T12:45:00+0200,41950.0,MW,FR,FR,forecast_load,Forecasted Load,2026-09-18T21:38:54Z
2026-09-18T21:38:31Z,2026-09-18T23:38:31+0200,651accbc-0e12-4f0e-be4c-72ea58f8157a,2026-09-13T11:00:00Z,2026-09-13T13:00:00+0200,42500.0,MW,FR,FR,forecast_load,Forecasted Load,2026-09-18T21:38:54Z
2026-09-18T21:38:31Z,2026-09-18T23:38:31+0200,651accbc-0e12-4f0e-be4c-72ea58f8157a,2026-09-13T11:15:00Z,2026-09-13T13:15:00+0200,41400.0,MW,FR,FR,forecast_load,Forecasted Load,2026-09-18T21:38:54Z
2026-09-18T21:38:31Z,2026-09-18T23:38:31+0200,651accbc-0e12-4f0e-be4c-72ea58f8157a,2026-09-13T11:30:00Z,2026-09-13T13:30:00+0200,40300.0,MW,FR,FR,forecast_load,Forecasted Load,2026-09-18T21:38:54Z
2026-09-18T21:38:31Z,2026-09-18T23:38:31+0200,651accbc-0e12-4f0e-be4c-72ea58f8157a,2026-09-13T11:45:00Z,2026-09-13T13:45:00+0200,40150.0,MW,FR,FR,forecast_load,Forecasted Load,2026-09-18T21:38:54Z
2026-09-18T21:38:31Z,2026-09-18T23:38:31+0200,651accbc-0e12-4f0e-be4c-72ea58f8157a,2026-09-13T12:00:00Z,2026-09-13T14:00:00+0200,40000.0,MW,FR,FR,forecast_load,Forecasted Load,2026-09-18T21:38:54Z
2026-09-18T21:38:31Z,2026-09-18T23:38:31+0200,651accbc-0e12-4f0e-be4c-72ea58f8157a,2026-09-13T12:15:00Z,2026-09-13T14:15:00+0200,40700.0,MW,FR,FR,forecast_load,Forecasted Load,2026-09-18T21:38:54Z
2026-09-18T21:38:31Z,2026-09-18T23:38:31+0200,651accbc-0e12-4f0e-be4c-72ea58f8157a,2026-09-13T12:30:00Z,2026-09-13T14:30:00+0200,41400.0,MW,FR,FR,forecast_load,Forecasted Load,2026-09-18T21:38:54Z
2026-09-18T21:38:31Z,2026-09-18T23:38:31+0200,651accbc-0e12-4f0e-be4c-72ea58f8157a,2026-09-13T12:45:00Z,2026-09-13T14:45:00+0200,40850.0,MW,FR,FR,forecast_load,Forecasted Load,2026-09-18T21:38:54Z
2026-09-18T21:38:31Z,2026-09-18T23:38:31+0200,651accbc-0e12-4f0e-be4c-72ea58f8157a,2026-09-13T13:00:00Z,2026-09-13T15:00:00+0200,40300.0,MW,FR,FR,forecast_load,Forecasted Load,2026-09-18T21:38:54Z
2026-09-18T21:38:31Z,2026-09-18T23:38:31+0200,651accbc-0e12-4f0e-be4c-72ea58f8157a,2026-09-13T13:15:00Z,2026-09-13T15:15:00+0200,40000.0,MW,FR,FR,forecast_load,Forecasted Load,2026-09-18T21:38:54Z
2026-09-18T21:38:31Z,2026-09-18T23:38:31+0200,651accbc-0e12-4f0e-be4c-72ea58f8157a,2026-09-13T13:30:00Z,2026-09-13T15:30:00+0200,39700.0,MW,FR,FR,forecast_load,Forecasted Load,2026-09-18T21:38:54Z
2026-09-18T21:38:31Z,2026-09-18T23:38:31+0200,651accbc-0e12-4f0e-be4c-72ea58f8157a,2026-09-13T13:45:00Z,2026-09-13T15:45:00+0200,39550.0,MW,FR,FR,forecast_load,Forecasted Load,2026-09-18T21:38:54Z
2026-09-18T21:38:31Z,2026-09-18T23:38:31+0200,651accbc-0e12-4f0e-be4c-72ea58f8157a,2026-09-13T14:00:00Z,2026-09-13T16:00:00+0200,39400.0,MW,FR,FR,forecast_load,Forecasted Load,2026-09-18T21:38:54Z
2026-09-18T21:38:31Z,2026-09-18T23:38:31+0200,651accbc-0e12-4f0e-be4c-72ea58f8157a,2026-09-13T14:15:00Z,2026-09-13T16:15:00+0200,39000.0,MW,FR,FR,forecast_load,Forecasted Load,2026-09-18T21:38:54Z
2026-09-18T21:38:31Z,2026-09-18T23:38:31+0200,651accbc-0e12-4f0e-be4c-72ea58f8157a,2026-09-13T14:30:00Z,2026-09-13T16:30:00+0200,38600.0,MW,FR,FR,forecast_load,Forecasted Load,2026-09-18T21:38:54Z
2026-09-18T21:38:31Z,2026-09-18T23:38:31+0200,651accbc-0e12-4f0e-be4c-72ea58f8157a,2026-09-13T14:45:00Z,2026-09-13T16:45:00+0200,38650.0,MW,FR,FR,forecast_load,Forecasted Load,2026-09-18T21:38:54Z
2026-09-18T21:38:31Z,2026-09-18T23:38:31+0200,651accbc-0e12-4f0e-be4c-72ea58f8157a,2026-09-13T15:00:00Z,2026-09-13T17:00:00+0200,38700.0,MW,FR,FR,forecast_load,Forecasted Load,2026-09-18T21:38:54Z
2026-09-18T21:38:31Z,2026-09-18T23:38:31+0200,651accbc-0e12-4f0e-be4c-72ea58f8157a,2026-09-13T15:15:00Z,2026-09-13T17:15:00+0200,38850.0,MW,FR,FR,forecast_load,Forecasted Load,2026-09-18T21:38:54Z
2026-09-18T21:38:31Z,2026-09-18T23:38:31+0200,651accbc-0e12-4f0e-be4c-72ea58f8157a,2026-09-13T15:30:00Z,2026-09-13T17:30:00+0200,39000.0,MW,FR,FR,forecast_load,Forecasted Load,2026-09-18T21:38:54Z
2026-09-18T21:38:31Z,2026-09-18T23:38:31+0200,651accbc-0e12-4f0e-be4c-72ea58f8157a,2026-09-13T15:45:00Z,2026-09-13T17:45:00+0200,39700.0,MW,FR,FR,forecast_load,Forecasted Load,2026-09-18T21:38:54Z
2026-09-18T21:38:31Z,2026-09-18T23:38:31+0200,651accbc-0e12-4f0e-be4c-72ea58f8157a,2026-09-13T16:00:00Z,2026-09-13T18:00:00+0200,40400.0,MW,FR,FR,forecast_load,Forecasted Load,2026-09-18T21:38:54Z
2026-09-18T21:38:31Z,2026-09-18T23:38:31+0200,651accbc-0e12-4f0e-be4c-72ea58f8157a,2026-09-13T16:15:00Z,2026-09-13T18:15:00+0200,40950.0,MW,FR,FR,forecast_load,Forecasted Load,2026-09-18T21:38:54Z
2026-09-18T21:38:31Z,2026-09-18T23:38:31+0200,651accbc-0e12-4f0e-be4c-72ea58f8157a,2026-09-13T16:30:00Z,2026-09-13T18:30:00+0200,41500.0,MW,FR,FR,forecast_load,Forecasted Load,2026-09-18T21:38:54Z
2026-09-18T21:38:31Z,2026-09-18T23:38:31+0200,651accbc-0e12-4f0e-be4c-72ea58f8157a,2026-09-13T16:45:00Z,2026-09-13T18:45:00+0200,42200.0,MW,FR,FR,forecast_load,Forecasted Load,2026-09-18T21:38:54Z
2026-09-18T21:38:31Z,2026-09-18T23:38:31+0200,651accbc-0e12-4f0e-be4c-72ea58f8157a,2026-09-13T17:00:00Z,2026-09-13T19:00:00+0200,42900.0,MW,FR,FR,forecast_load,Forecasted Load,2026-09-18T21:38:54Z
2026-09-18T21:38:31Z,2026-09-18T23:38:31+0200,651accbc-0e12-4f0e-be4c-72ea58f8157a,2026-09-13T17:15:00Z,2026-09-13T19:15:00+0200,43150.0,MW,FR,FR,forecast_load,Forecasted Load,2026-09-18T21:38:54Z
2026-09-18T21:38:31Z,2026-09-18T23:38:31+0200,651accbc-0e12-4f0e-be4c-72ea58f8157a,2026-09-13T17:30:00Z,2026-09-13T19:30:00+0200,43400.0,MW,FR,FR,forecast_load,Forecasted Load,2026-09-18T21:38:54Z
2026-09-18T21:38:31Z,2026-09-18T23:38:31+0200,651accbc-0e12-4f0e-be4c-72ea58f8157a,2026-09-13T17:45:00Z,2026-09-13T19:45:00+0200,43350.0,MW,FR,FR,forecast_load,Forecasted Load,2026-09-18T21:38:54Z
2026-09-18T21:38:31Z,2026-09-18T23:38:31+0200,651accbc-0e12-4f0e-be4c-72ea58f8157a,2026-09-13T18:00:00Z,2026-09-13T20:00:00+0200,43300.0,MW,FR,FR,forecast_load,Forecasted Load,2026-09-18T21:38:54Z
2026-09-18T21:38:31Z,2026-09-18T23:38:31+0200,651accbc-0e12-4f0e-be4c-72ea58f8157a,2026-09-13T18:15:00Z,2026-09-13T20:15:00+0200,43050.0,MW,FR,FR,forecast_load,Forecasted Load,2026-09-18T21:38:54Z
2026-09-18T21:38:31Z,2026-09-18T23:38:31+0200,651accbc-0e12-4f0e-be4c-72ea58f8157a,2026-09-13T18:30:00Z,2026-09-13T20:30:00+0200,42800.0,MW,FR,FR,forecast_load,Forecasted Load,2026-09-18T21:38:54Z
2026-09-18T21:38:31Z,2026-09-18T23:38:31+0200,651accbc-0e12-4f0e-be4c-72ea58f8157a,2026-09-13T18:45:00Z,2026-09-13T20:45:00+0200,42600.0,MW,FR,FR,forecast_load,Forecasted Load,2026-09-18T21:38:54Z
2026-09-18T21:38:31Z,2026-09-18T23:38:31+0200,651accbc-0e12-4f0e-be4c-72ea58f8157a,2026-09-13T19:00:00Z,2026-09-13T21:00:00+0200,42400.0,MW,FR,FR,forecast_load,Forecasted Load,2026-09-18T21:38:54Z
2026-09-18T21:38:31Z,2026-09-18T23:38:31+0200,651accbc-0e12-4f0e-be4c-72ea58f8157a,2026-09-13T19:15:00Z,2026-09-13T21:15:00+0200,42100.0,MW,FR,FR,forecast_load,Forecasted Load,2026-09-18T21:38:54Z
2026-09-18T21:38:31Z,2026-09-18T23:38:31+0200,651accbc-0e12-4f0e-be4c-72ea58f8157a,2026-09-13T19:30:00Z,2026-09-13T21:30:00+0200,41800.0,MW,FR,FR,forecast_load,Forecasted Load,2026-09-18T21:38:54Z
2026-09-18T21:38:31Z,2026-09-18T23:38:31+0200,651accbc-0e12-4f0e-be4c-72ea58f8157a,2026-09-13T19:45:00Z,2026-09-13T21:45:00+0200,41300.0,MW,FR,FR,forecast_load,Forecasted Load,2026-09-18T21:38:54Z
2026-09-18T21:38:31Z,2026-09-18T23:38:31+0200,651accbc-0e12-4f0e-be4c-72ea58f8157a,2026-09-13T20:00:00Z,2026-09-13T22:00:00+0200,40800.0,MW,FR,FR,forecast_load,Forecasted Load,2026-09-18T21:38:54Z
2026-09-18T21:38:31Z,2026-09-18T23:38:31+0200,651accbc-0e12-4f0e-be4c-72ea58f8157a,2026-09-13T20:15:00Z,2026-09-13T22:15:00+0200,41200.0,MW,FR,FR,forecast_load,Forecasted Load,2026-09-18T21:38:54Z
2026-09-18T21:38:31Z,2026-09-18T23:38:31+0200,651accbc-0e12-4f0e-be4c-72ea58f8157a,2026-09-13T20:30:00Z,2026-09-13T22:30:00+0200,41600.0,MW,FR,FR,forecast_load,Forecasted Load,2026-09-18T21:38:54Z
2026-09-18T21:38:31Z,2026-09-18T23:38:31+0200,651accbc-0e12-4f0e-be4c-72ea58f8157a,2026-09-13T20:45:00Z,2026-09-13T22:45:00+0200,41950.0,MW,FR,FR,forecast_load,Forecasted Load,2026-09-18T21:38:54Z
2026-09-18T21:38:31Z,2026-09-18T23:38:31+0200,651accbc-0e12-4f0e-be4c-72ea58f8157a,2026-09-13T21:00:00Z,2026-09-13T23:00:00+0200,42300.0,MW,FR,FR,forecast_load,Forecasted Load,2026-09-18T21:38:54Z
2026-09-18T21:38:31Z,2026-09-18T23:38:31+0200,651accbc-0e12-4f0e-be4c-72ea58f8157a,2026-09-13T21:15:00Z,2026-09-13T23:15:00+0200,41850.0,MW,FR,FR,forecast_load,Forecasted Load,2026-09-18T21:38:54Z
2026-09-18T21:38:31Z,2026-09-18T23:38:31+0200,651accbc-0e12-4f0e-be4c-72ea58f8157a,2026-09-13T21:30:00Z,2026-09-13T23:30:00+0200,41400.0,MW,FR,FR,forecast_load,Forecasted Load,2026-09-18T21:38:54Z
2026-09-18T21:38:31Z,2026-09-18T23:38:31+0200,651accbc-0e12-4f0e-be4c-72ea58f8157a,2026-09-13T21:45:00Z,2026-09-13T23:45:00+0200,40800.0,MW,FR,FR,forecast_load,Forecasted Load,2026-09-18T21:38:54Z
2026-09-18T21:38:31Z,2026-09-18T23:38:31+0200,651accbc-0e12-4f0e-be4c-72ea58f8157a,2026-09-13T22:00:00Z,2026-09-14T00:00:00+0200,40200.0,MW,FR,FR,forecast_load,Forecasted Load,2026-09-18T21:38:54Z
2026-09-18T21:38:31Z,2026-09-18T23:38:31+0200,651accbc-0e12-4f0e-be4c-72ea58f8157a,2026-09-13T22:15:00Z,2026-09-14T00:15:00+0200,39400.0,MW,FR,FR,forecast_load,Forecasted Load,2026-09-18T21:38:54Z
2026-09-18T21:38:31Z,2026-09-18T23:38:31+0200,651accbc-0e12-4f0e-be4c-72ea58f8157a,2026-09-13T22:30:00Z,2026-09-14T00:30:00+0200,38600.0,MW,FR,FR,forecast_load,Forecasted Load,2026-09-18T21:38:54Z
2026-09-18T21:38:31Z,2026-09-18T23:38:31+0200,651accbc-0e12-4f0e-be4c-72ea58f8157a,2026-09-13T22:45:00Z,2026-09-14T00:45:00+0200,37900.0,MW,FR,FR,forecast_load,Forecasted Load,2026-09-18T21:38:54Z
2026-09-18T21:38:31Z,2026-09-18T23:38:31+0200,651accbc-0e12-4f0e-be4c-72ea58f8157a,2026-09-13T23:00:00Z,2026-09-14T01:00:00+0200,37200.0,MW,FR,FR,forecast_load,Forecasted Load,2026-09-18T21:38:54Z
2026-09-18T21:38:31Z,2026-09-18T23:38:31+0200,651accbc-0e12-4f0e-be4c-72ea58f8157a,2026-09-13T23:15:00Z,2026-09-14T01:15:00+0200,37050.0,MW,FR,FR,forecast_load,Forecasted Load,2026-09-18T21:38:54Z
2026-09-18T21:38:31Z,2026-09-18T23:38:31+0200,651accbc-0e12-4f0e-be4c-72ea58f8157a,2026-09-13T23:30:00Z,2026-09-14T01:30:00+0200,36900.0,MW,FR,FR,forecast_load,Forecasted Load,2026-09-18T21:38:54Z
2026-09-18T21:38:31Z,2026-09-18T23:38:31+0200,651accbc-0e12-4f0e-be4c-72ea58f8157a,2026-09-13T23:45:00Z,2026-09-14T01:45:00+0200,36600.0,MW,FR,FR,forecast_load,Forecasted Load,2026-09-18T21:38:54Z
2026-09-18T21:38:31Z,2026-09-18T23:38:31+0200,651accbc-0e12-4f0e-be4c-72ea58f8157a,2026-09-14T00:00:00Z,2026-09-14T02:00:00+0200,36300.0,MW,FR,FR,forecast_load,Forecasted Load,2026-09-18T21:38:54Z
2026-09-18T21:38:31Z,2026-09-18T23:38:31+0200,651accbc-0e12-4f0e-be4c-72ea58f8157a,2026-09-14T00:15:00Z,2026-09-14T02:15:00+0200,35600.0,MW,FR,FR,forecast_load,Forecasted Load,2026-09-18T21:38:54Z
2026-09-18T21:38:31Z,2026-09-18T23:38:31+0200,651accbc-0e12-4f0e-be4c-72ea58f8157a,2026-09-14T00:30:00Z,2026-09-14T02:30:00+0200,34900.0,MW,FR,FR,forecast_load,Forecasted Load,2026-09-18T21:38:54Z
2026-09-18T21:38:31Z,2026-09-18T23:38:31+0200,651accbc-0e12-4f0e-be4c-72ea58f8157a,2026-09-14T00:45:00Z,2026-09-14T02:45:00+0200,34350.0,MW,FR,FR,forecast_load,Forecasted Load,2026-09-18T21:38:54Z
2026-09-18T21:38:31Z,2026-09-18T23:38:31+0200,651accbc-0e12-4f0e-be4c-72ea58f8157a,2026-09-14T01:00:00Z,2026-09-14T03:00:00+0200,33800.0,MW,FR,FR,forecast_load,Forecasted Load,2026-09-18T21:38:54Z
2026-09-18T21:38:31Z,2026-09-18T23:38:31+0200,651accbc-0e12-4f0e-be4c-72ea58f8157a,2026-09-14T01:15:00Z,2026-09-14T03:15:00+0200,33500.0,MW,FR,FR,forecast_load,Forecasted Load,2026-09-18T21:38:54Z
2026-09-18T21:38:31Z,2026-09-18T23:38:31+0200,651accbc-0e12-4f0e-be4c-72ea58f8157a,2026-09-14T01:30:00Z,2026-09-14T03:30:00+0200,33200.0,MW,FR,FR,forecast_load,Forecasted Load,2026-09-18T21:38:54Z
2026-09-18T21:38:31Z,2026-09-18T23:38:31+0200,651accbc-0e12-4f0e-be4c-72ea58f8157a,2026-09-14T01:45:00Z,2026-09-14T03:45:00+0200,33000.0,MW,FR,FR,forecast_load,Forecasted Load,2026-09-18T21:38:54Z
2026-09-18T21:38:31Z,2026-09-18T23:38:31+0200,651accbc-0e12-4f0e-be4c-72ea58f8157a,2026-09-14T02:00:00Z,2026-09-14T04:00:00+0200,32800.0,MW,FR,FR,forecast_load,Forecasted Load,2026-09-18T21:38:54Z
2026-09-18T21:38:31Z,2026-09-18T23:38:31+0200,651accbc-0e12-4f0e-be4c-72ea58f8157a,2026-09-14T02:15:00Z,2026-09-14T04:15:00+0200,32850.0,MW,FR,FR,forecast_load,Forecasted Load,2026-09-18T21:38:54Z
2026-09-18T21:38:31Z,2026-09-18T23:38:31+0200,651accbc-0e12-4f0e-be4c-72ea58f8157a,2026-09-14T02:30:00Z,2026-09-14T04:30:00+0200,32900.0,MW,FR,FR,forecast_load,Forecasted Load,2026-09-18T21:38:54Z
2026-09-18T21:38:31Z,2026-09-18T23:38:31+0200,651accbc-0e12-4f0e-be4c-72ea58f8157a,2026-09-14T02:45:00Z,2026-09-14T04:45:00+0200,33250.0,MW,FR,FR,forecast_load,Forecasted Load,2026-09-18T21:38:54Z
2026-09-18T21:38:31Z,2026-09-18T23:38:31+0200,651accbc-0e12-4f0e-be4c-72ea58f8157a,2026-09-14T03:00:00Z,2026-09-14T05:00:00+0200,33600.0,MW,FR,FR,forecast_load,Forecasted Load,2026-09-18T21:38:54Z
2026-09-18T21:38:31Z,2026-09-18T23:38:31+0200,651accbc-0e12-4f0e-be4c-72ea58f8157a,2026-09-14T03:15:00Z,2026-09-14T05:15:00+0200,34250.0,MW,FR,FR,forecast_load,Forecasted Load,2026-09-18T21:38:54Z
2026-09-18T21:38:31Z,2026-09-18T23:38:31+0200,651accbc-0e12-4f0e-be4c-72ea58f8157a,2026-09-14T03:30:00Z,2026-09-14T05:30:00+0200,34900.0,MW,FR,FR,forecast_load,Forecasted Load,2026-09-18T21:38:54Z
2026-09-18T21:38:31Z,2026-09-18T23:38:31+0200,651accbc-0e12-4f0e-be4c-72ea58f8157a,2026-09-14T03:45:00Z,2026-09-14T05:45:00+0200,35850.0,MW,FR,FR,forecast_load,Forecasted Load,2026-09-18T21:38:54Z
2026-09-18T21:38:31Z,2026-09-18T23:38:31+0200,651accbc-0e12-4f0e-be4c-72ea58f8157a,2026-09-14T04:00:00Z,2026-09-14T06:00:00+0200,36800.0,MW,FR,FR,forecast_load,Forecasted Load,2026-09-18T21:38:54Z
2026-09-18T21:38:31Z,2026-09-18T23:38:31+0200,651accbc-0e12-4f0e-be4c-72ea58f8157a,2026-09-14T04:15:00Z,2026-09-14T06:15:00+0200,37850.0,MW,FR,FR,forecast_load,Forecasted Load,2026-09-18T21:38:54Z
2026-09-18T21:38:31Z,2026-09-18T23:38:31+0200,651accbc-0e12-4f0e-be4c-72ea58f8157a,2026-09-14T04:30:00Z,2026-09-14T06:30:00+0200,38900.0,MW,FR,FR,forecast_load,Forecasted Load,2026-09-18T21:38:54Z
2026-09-18T21:38:31Z,2026-09-18T23:38:31+0200,651accbc-0e12-4f0e-be4c-72ea58f8157a,2026-09-14T04:45:00Z,2026-09-14T06:45:00+0200,39800.0,MW,FR,FR,forecast_load,Forecasted Load,2026-09-18T21:38:54Z
2026-09-18T21:38:31Z,2026-09-18T23:38:31+0200,651accbc-0e12-4f0e-be4c-72ea58f8157a,2026-09-14T05:00:00Z,2026-09-14T07:00:00+0200,40700.0,MW,FR,FR,forecast_load,Forecasted Load,2026-09-18T21:38:54Z
2026-09-18T21:38:31Z,2026-09-18T23:38:31+0200,651accbc-0e12-4f0e-be4c-72ea58f8157a,2026-09-14T05:15:00Z,2026-09-14T07:15:00+0200,41450.0,MW,FR,FR,forecast_load,Forecasted Load,2026-09-18T21:38:54Z
2026-09-18T21:38:31Z,2026-09-18T23:38:31+0200,651accbc-0e12-4f0e-be4c-72ea58f8157a,2026-09-14T05:30:00Z,2026-09-14T07:30:00+0200,42200.0,MW,FR,FR,forecast_load,Forecasted Load,2026-09-18T21:38:54Z
2026-09-18T21:38:31Z,2026-09-18T23:38:31+0200,651accbc-0e12-4f0e-be4c-72ea58f8157a,2026-09-14T05:45:00Z,2026-09-14T07:45:00+0200,42950.0,MW,FR,FR,forecast_load,Forecasted Load,2026-09-18T21:38:54Z
2026-09-18T21:38:31Z,2026-09-18T23:38:31+0200,651accbc-0e12-4f0e-be4c-72ea58f8157a,2026-09-14T06:00:00Z,2026-09-14T08:00:00+0200,43700.0,MW,FR,FR,forecast_load,Forecasted Load,2026-09-18T21:38:54Z
2026-09-18T21:38:31Z,2026-09-18T23:38:31+0200,651accbc-0e12-4f0e-be4c-72ea58f8157a,2026-09-14T06:15:00Z,2026-09-14T08:15:00+0200,44200.0,MW,FR,FR,forecast_load,Forecasted Load,2026-09-18T21:38:54Z
2026-09-18T21:38:31Z,2026-09-18T23:38:31+0200,651accbc-0e12-4f0e-be4c-72ea58f8157a,2026-09-14T06:30:00Z,2026-09-14T08:30:00+0200,44700.0,MW,FR,FR,forecast_load,Forecasted Load,2026-09-18T21:38:54Z
2026-09-18T21:38:31Z,2026-09-18T23:38:31+0200,651accbc-0e12-4f0e-be4c-72ea58f8157a,2026-09-14T06:45:00Z,2026-09-14T08:45:00+0200,45150.0,MW,FR,FR,forecast_load,Forecasted Load,2026-09-18T21:38:54Z
2026-09-18T21:38:31Z,2026-09-18T23:38:31+0200,651accbc-0e12-4f0e-be4c-72ea58f8157a,2026-09-14T07:00:00Z,2026-09-14T09:00:00+0200,45600.0,MW,FR,FR,forecast_load,Forecasted Load,2026-09-18T21:38:54Z
2026-09-18T21:38:31Z,2026-09-18T23:38:31+0200,651accbc-0e12-4f0e-be4c-72ea58f8157a,2026-09-14T07:15:00Z,2026-09-14T09:15:00+0200,45850.0,MW,FR,FR,forecast_load,Forecasted Load,2026-09-18T21:38:54Z
2026-09-18T21:38:31Z,2026-09-18T23:38:31+0200,651accbc-0e12-4f0e-be4c-72ea58f8157a,2026-09-14T07:30:00Z,2026-09-14T09:30:00+0200,46100.0,MW,FR,FR,forecast_load,Forecasted Load,2026-09-18T21:38:54Z
2026-09-18T21:38:31Z,2026-09-18T23:38:31+0200,651accbc-0e12-4f0e-be4c-72ea58f8157a,2026-09-14T07:45:00Z,2026-09-14T09:45:00+0200,46450.0,MW,FR,FR,forecast_load,Forecasted Load,2026-09-18T21:38:54Z
2026-09-18T21:38:31Z,2026-09-18T23:38:31+0200,651accbc-0e12-4f0e-be4c-72ea58f8157a,2026-09-14T08:00:00Z,2026-09-14T10:00:00+0200,46800.0,MW,FR,FR,forecast_load,Forecasted Load,2026-09-18T21:38:54Z
2026-09-18T21:38:31Z,2026-09-18T23:38:31+0200,651accbc-0e12-4f0e-be4c-72ea58f8157a,2026-09-14T08:15:00Z,2026-09-14T10:15:00+0200,47000.0,MW,FR,FR,forecast_load,Forecasted Load,2026-09-18T21:38:54Z
2026-09-18T21:38:31Z,2026-09-18T23:38:31+0200,651accbc-0e12-4f0e-be4c-72ea58f8157a,2026-09-14T08:30:00Z,2026-09-14T10:30:00+0200,47200.0,MW,FR,FR,forecast_load,Forecasted Load,2026-09-18T21:38:54Z
2026-09-18T21:38:31Z,2026-09-18T23:38:31+0200,651accbc-0e12-4f0e-be4c-72ea58f8157a,2026-09-14T08:45:00Z,2026-09-14T10:45:00+0200,47650.0,MW,FR,FR,forecast_load,Forecasted Load,2026-09-18T21:38:54Z
2026-09-18T21:38:31Z,2026-09-18T23:38:31+0200,651accbc-0e12-4f0e-be4c-72ea58f8157a,2026-09-14T09:00:00Z,2026-09-14T11:00:00+0200,48100.0,MW,FR,FR,forecast_load,Forecasted Load,2026-09-18T21:38:54Z
2026-09-18T21:38:31Z,2026-09-18T23:38:31+0200,651accbc-0e12-4f0e-be4c-72ea58f8157a,2026-09-14T09:15:00Z,2026-09-14T11:15:00+0200,48250.0,MW,FR,FR,forecast_load,Forecasted Load,2026-09-18T21:38:54Z
2026-09-18T21:38:31Z,2026-09-18T23:38:31+0200,651accbc-0e12-4f0e-be4c-72ea58f8157a,2026-09-14T09:30:00Z,2026-09-14T11:30:00+0200,48400.0,MW,FR,FR,forecast_load,Forecasted Load,2026-09-18T21:38:54Z
2026-09-18T21:38:31Z,2026-09-18T23:38:31+0200,651accbc-0e12-4f0e-be4c-72ea58f8157a,2026-09-14T09:45:00Z,2026-09-14T11:45:00+0200,48900.0,MW,FR,FR,forecast_load,Forecasted Load,2026-09-18T21:38:54Z
2026-09-18T21:38:31Z,2026-09-18T23:38:31+0200,651accbc-0e12-4f0e-be4c-72ea58f8157a,2026-09-14T10:00:00Z,2026-09-14T12:00:00+0200,49400.0,MW,FR,FR,forecast_load,Forecasted Load,2026-09-18T21:38:54Z
2026-09-18T21:38:31Z,2026-09-18T23:38:31+0200,651accbc-0e12-4f0e-be4c-72ea58f8157a,2026-09-14T10:15:00Z,2026-09-14T12:15:00+0200,49450.0,MW,FR,FR,forecast_load,Forecasted Load,2026-09-18T21:38:54Z
2026-09-18T21:38:31Z,2026-09-18T23:38:31+0200,651accbc-0e12-4f0e-be4c-72ea58f8157a,2026-09-14T10:30:00Z,2026-09-14T12:30:00+0200,49500.0,MW,FR,FR,forecast_load,Forecasted Load,2026-09-18T21:38:54Z
2026-09-18T21:38:31Z,2026-09-18T23:38:31+0200,651accbc-0e12-4f0e-be4c-72ea58f8157a,2026-09-14T10:45:00Z,2026-09-14T12:45:00+0200,49850.0,MW,FR,FR,forecast_load,Forecasted Load,2026-09-18T21:38:54Z
2026-09-18T21:38:31Z,2026-09-18T23:38:31+0200,651accbc-0e12-4f0e-be4c-72ea58f8157a,2026-09-14T11:00:00Z,2026-09-14T13:00:00+0200,50200.0,MW,FR,FR,forecast_load,Forecasted Load,2026-09-18T21:38:54Z
2026-09-18T21:38:31Z,2026-09-18T23:38:31+0200,651accbc-0e12-4f0e-be4c-72ea58f8157a,2026-09-14T11:15:00Z,2026-09-14T13:15:00+0200,49800.0,MW,FR,FR,forecast_load,Forecasted Load,2026-09-18T21:38:54Z
2026-09-18T21:38:31Z,2026-09-18T23:38:31+0200,651accbc-0e12-4f0e-be4c-72ea58f8157a,2026-09-14T11:30:00Z,2026-09-14T13:30:00+0200,49400.0,MW,FR,FR,forecast_load,Forecasted Load,2026-09-18T21:38:54Z
2026-09-18T21:38:31Z,2026-09-18T23:38:31+0200,651accbc-0e12-4f0e-be4c-72ea58f8157a,2026-09-14T11:45:00Z,2026-09-14T13:45:00+0200,49050.0,MW,FR,FR,forecast_load,Forecasted Load,2026-09-18T21:38:54Z
2026-09-18T21:38:31Z,2026-09-18T23:38:31+0200,651accbc-0e12-4f0e-be4c-72ea58f8157a,2026-09-14T12:00:00Z,2026-09-14T14:00:00+0200,48700.0,MW,FR,FR,forecast_load,Forecasted Load,2026-09-18T21:38:54Z
2026-09-18T21:38:31Z,2026-09-18T23:38:31+0200,651accbc-0e12-4f0e-be4c-72ea58f8157a,2026-09-14T12:15:00Z,2026-09-14T14:15:00+0200,49300.0,MW,FR,FR,forecast_load,Forecasted Load,2026-09-18T21:38:54Z
2026-09-18T21:38:31Z,2026-09-18T23:38:31+0200,651accbc-0e12-4f0e-be4c-72ea58f8157a,2026-09-14T12:30:00Z,2026-09-14T14:30:00+0200,49900.0,MW,FR,FR,forecast_load,Forecasted Load,2026-09-18T21:38:54Z
2026-09-18T21:38:31Z,2026-09-18T23:38:31+0200,651accbc-0e12-4f0e-be4c-72ea58f8157a,2026-09-14T12:45:00Z,2026-09-14T14:45:00+0200,49700.0,MW,FR,FR,forecast_load,Forecasted Load,2026-09-18T21:38:54Z
2026-09-18T21:38:31Z,2026-09-18T23:38:31+0200,651accbc-0e12-4f0e-be4c-72ea58f8157a,2026-09-14T13:00:00Z,2026-09-14T15:00:00+0200,49500.0,MW,FR,FR,forecast_load,Forecasted Load,2026-09-18T21:38:54Z
2026-09-18T21:38:31Z,2026-09-18T23:38:31+0200,651accbc-0e12-4f0e-be4c-72ea58f8157a,2026-09-14T13:15:00Z,2026-09-14T15:15:00+0200,49100.0,MW,FR,FR,forecast_load,Forecasted Load,2026-09-18T21:38:54Z
2026-09-18T21:38:31Z,2026-09-18T23:38:31+0200,651accbc-0e12-4f0e-be4c-72ea58f8157a,2026-09-14T13:30:00Z,2026-09-14T15:30:00+0200,48700.0,MW,FR,FR,forecast_load,Forecasted Load,2026-09-18T21:38:54Z
2026-09-18T21:38:31Z,2026-09-18T23:38:31+0200,651accbc-0e12-4f0e-be4c-72ea58f8157a,2026-09-14T13:45:00Z,2026-09-14T15:45:00+0200,48500.0,MW,FR,FR,forecast_load,Forecasted Load,2026-09-18T21:38:54Z
2026-09-18T21:38:31Z,2026-09-18T23:38:31+0200,651accbc-0e12-4f0e-be4c-72ea58f8157a,2026-09-14T14:00:00Z,2026-09-14T16:00:00+0200,48300.0,MW,FR,FR,forecast_load,Forecasted Load,2026-09-18T21:38:54Z
2026-09-18T21:38:31Z,2026-09-18T23:38:31+0200,651accbc-0e12-4f0e-be4c-72ea58f8157a,2026-09-14T14:15:00Z,2026-09-14T16:15:00+0200,48050.0,MW,FR,FR,forecast_load,Forecasted Load,2026-09-18T21:38:54Z
2026-09-18T21:38:31Z,2026-09-18T23:38:31+0200,651accbc-0e12-4f0e-be4c-72ea58f8157a,2026-09-14T14:30:00Z,2026-09-14T16:30:00+0200,47800.0,MW,FR,FR,forecast_load,Forecasted Load,2026-09-18T21:38:54Z
2026-09-18T21:38:31Z,2026-09-18T23:38:31+0200,651accbc-0e12-4f0e-be4c-72ea58f8157a,2026-09-14T14:45:00Z,2026-09-14T16:45:00+0200,47600.0,MW,FR,FR,forecast_load,Forecasted Load,2026-09-18T21:38:54Z
2026-09-18T21:38:31Z,2026-09-18T23:38:31+0200,651accbc-0e12-4f0e-be4c-72ea58f8157a,2026-09-14T15:00:00Z,2026-09-14T17:00:00+0200,47400.0,MW,FR,FR,forecast_load,Forecasted Load,2026-09-18T21:38:54Z
2026-09-18T21:38:31Z,2026-09-18T23:38:31+0200,651accbc-0e12-4f0e-be4c-72ea58f8157a,2026-09-14T15:15:00Z,2026-09-14T17:15:00+0200,47450.0,MW,FR,FR,forecast_load,Forecasted Load,2026-09-18T21:38:54Z
2026-09-18T21:38:31Z,2026-09-18T23:38:31+0200,651accbc-0e12-4f0e-be4c-72ea58f8157a,2026-09-14T15:30:00Z,2026-09-14T17:30:00+0200,47500.0,MW,FR,FR,forecast_load,Forecasted Load,2026-09-18T21:38:54Z
2026-09-18T21:38:31Z,2026-09-18T23:38:31+0200,651accbc-0e12-4f0e-be4c-72ea58f8157a,2026-09-14T15:45:00Z,2026-09-14T17:45:00+0200,47950.0,MW,FR,FR,forecast_load,Forecasted Load,2026-09-18T21:38:54Z
2026-09-18T21:38:31Z,2026-09-18T23:38:31+0200,651accbc-0e12-4f0e-be4c-72ea58f8157a,2026-09-14T16:00:00Z,2026-09-14T18:00:00+0200,48400.0,MW,FR,FR,forecast_load,Forecasted Load,2026-09-18T21:38:54Z
2026-09-18T21:38:31Z,2026-09-18T23:38:31+0200,651accbc-0e12-4f0e-be4c-72ea58f8157a,2026-09-14T16:15:00Z,2026-09-14T18:15:00+0200,48750.0,MW,FR,FR,forecast_load,Forecasted Load,2026-09-18T21:38:54Z
2026-09-18T21:38:31Z,2026-09-18T23:38:31+0200,651accbc-0e12-4f0e-be4c-72ea58f8157a,2026-09-14T16:30:00Z,2026-09-14T18:30:00+0200,49100.0,MW,FR,FR,forecast_load,Forecasted Load,2026-09-18T21:38:54Z
2026-09-18T21:38:31Z,2026-09-18T23:38:31+0200,651accbc-0e12-4f0e-be4c-72ea58f8157a,2026-09-14T16:45:00Z,2026-09-14T18:45:00+0200,49850.0,MW,FR,FR,forecast_load,Forecasted Load,2026-09-18T21:38:54Z
2026-09-18T21:38:31Z,2026-09-18T23:38:31+0200,651accbc-0e12-4f0e-be4c-72ea58f8157a,2026-09-14T17:00:00Z,2026-09-14T19:00:00+0200,50600.0,MW,FR,FR,forecast_load,Forecasted Load,2026-09-18T21:38:54Z
2026-09-18T21:38:31Z,2026-09-18T23:38:31+0200,651accbc-0e12-4f0e-be4c-72ea58f8157a,2026-09-14T17:15:00Z,2026-09-14T19:15:00+0200,50300.0,MW,FR,FR,forecast_load,Forecasted Load,2026-09-18T21:38:54Z
2026-09-18T21:38:31Z,2026-09-18T23:38:31+0200,651accbc-0e12-4f0e-be4c-72ea58f8157a,2026-09-14T17:30:00Z,2026-09-14T19:30:00+0200,50000.0,MW,FR,FR,forecast_load,Forecasted Load,2026-09-18T21:38:54Z
2026-09-18T21:38:31Z,2026-09-18T23:38:31+0200,651accbc-0e12-4f0e-be4c-72ea58f8157a,2026-09-14T17:45:00Z,2026-09-14T19:45:00+0200,49600.0,MW,FR,FR,forecast_load,Forecasted Load,2026-09-18T21:38:54Z
2026-09-18T21:38:31Z,2026-09-18T23:38:31+0200,651accbc-0e12-4f0e-be4c-72ea58f8157a,2026-09-14T18:00:00Z,2026-09-14T20:00:00+0200,49200.0,MW,FR,FR,forecast_load,Forecasted Load,2026-09-18T21:38:54Z
2026-09-18T21:38:31Z,2026-09-18T23:38:31+0200,651accbc-0e12-4f0e-be4c-72ea58f8157a,2026-09-14T18:15:00Z,2026-09-14T20:15:00+0200,48700.0,MW,FR,FR,forecast_load,Forecasted Load,2026-09-18T21:38:54Z
2026-09-18T21:38:31Z,2026-09-18T23:38:31+0200,651accbc-0e12-4f0e-be4c-72ea58f8157a,2026-09-14T18:30:00Z,2026-09-14T20:30:00+0200,48200.0,MW,FR,FR,forecast_load,Forecasted Load,2026-09-18T21:38:54Z
2026-09-18T21:38:31Z,2026-09-18T23:38:31+0200,651accbc-0e12-4f0e-be4c-72ea58f8157a,2026-09-14T18:45:00Z,2026-09-14T20:45:00+0200,47750.0,MW,FR,FR,forecast_load,Forecasted Load,2026-09-18T21:38:54Z
2026-09-18T21:38:31Z,2026-09-18T23:38:31+0200,651accbc-0e12-4f0e-be4c-72ea58f8157a,2026-09-14T19:00:00Z,2026-09-14T21:00:00+0200,47300.0,MW,FR,FR,forecast_load,Forecasted Load,2026-09-18T21:38:54Z
2026-09-18T21:38:31Z,2026-09-18T23:38:31+0200,651accbc-0e12-4f0e-be4c-72ea58f8157a,2026-09-14T19:15:00Z,2026-09-14T21:15:00+0200,46550.0,MW,FR,FR,forecast_load,Forecasted Load,2026-09-18T21:38:54Z
2026-09-18T21:38:31Z,2026-09-18T23:38:31+0200,651accbc-0e12-4f0e-be4c-72ea58f8157a,2026-09-14T19:30:00Z,2026-09-14T21:30:00+0200,45800.0,MW,FR,FR,forecast_load,Forecasted Load,2026-09-18T21:38:54Z
2026-09-18T21:38:31Z,2026-09-18T23:38:31+0200,651accbc-0e12-4f0e-be4c-72ea58f8157a,2026-09-14T19:45:00Z,2026-09-14T21:45:00+0200,45000.0,MW,FR,FR,forecast_load,Forecasted Load,2026-09-18T21:38:54Z
2026-09-18T21:38:31Z,2026-09-18T23:38:31+0200,651accbc-0e12-4f0e-be4c-72ea58f8157a,2026-09-14T20:00:00Z,2026-09-14T22:00:00+0200,44200.0,MW,FR,FR,forecast_load,Forecasted Load,2026-09-18T21:38:54Z
2026-09-18T21:38:31Z,2026-09-18T23:38:31+0200,651accbc-0e12-4f0e-be4c-72ea58f8157a,2026-09-14T20:15:00Z,2026-09-14T22:15:00+0200,44550.0,MW,FR,FR,forecast_load,Forecasted Load,2026-09-18T21:38:54Z
2026-09-18T21:38:31Z,2026-09-18T23:38:31+0200,651accbc-0e12-4f0e-be4c-72ea58f8157a,2026-09-14T20:30:00Z,2026-09-14T22:30:00+0200,44900.0,MW,FR,FR,forecast_load,Forecasted Load,2026-09-18T21:38:54Z
2026-09-18T21:38:31Z,2026-09-18T23:38:31+0200,651accbc-0e12-4f0e-be4c-72ea58f8157a,2026-09-14T20:45:00Z,2026-09-14T22:45:00+0200,45500.0,MW,FR,FR,forecast_load,Forecasted Load,2026-09-18T21:38:54Z
2026-09-18T21:38:31Z,2026-09-18T23:38:31+0200,651accbc-0e12-4f0e-be4c-72ea58f8157a,2026-09-14T21:00:00Z,2026-09-14T23:00:00+0200,46100.0,MW,FR,FR,forecast_load,Forecasted Load,2026-09-18T21:38:54Z
2026-09-18T21:38:31Z,2026-09-18T23:38:31+0200,651accbc-0e12-4f0e-be4c-72ea58f8157a,2026-09-14T21:15:00Z,2026-09-14T23:15:00+0200,45400.0,MW,FR,FR,forecast_load,Forecasted Load,2026-09-18T21:38:54Z
2026-09-18T21:38:31Z,2026-09-18T23:38:31+0200,651accbc-0e12-4f0e-be4c-72ea58f8157a,2026-09-14T21:30:00Z,2026-09-14T23:30:00+0200,44700.0,MW,FR,FR,forecast_load,Forecasted Load,2026-09-18T21:38:54Z
2026-09-18T21:38:31Z,2026-09-18T23:38:31+0200,651accbc-0e12-4f0e-be4c-72ea58f8157a,2026-09-14T21:45:00Z,2026-09-14T23:45:00+0200,44000.0,MW,FR,FR,forecast_load,Forecasted Load,2026-09-18T21:38:54Z
2026-09-18T21:38:31Z,2026-09-18T23:38:31+0200,651accbc-0e12-4f0e-be4c-72ea58f8157a,2026-09-14T22:00:00Z,2026-09-15T00:00:00+0200,42922.0,MW,FR,FR,forecast_load,Forecasted Load,2026-09-18T21:38:54Z
2026-09-18T21:38:31Z,2026-09-18T23:38:31+0200,651accbc-0e12-4f0e-be4c-72ea58f8157a,2026-09-14T22:15:00Z,2026-09-15T00:15:00+0200,42233.0,MW,FR,FR,forecast_load,Forecasted Load,2026-09-18T21:38:54Z
2026-09-18T21:38:31Z,2026-09-18T23:38:31+0200,651accbc-0e12-4f0e-be4c-72ea58f8157a,2026-09-14T22:30:00Z,2026-09-15T00:30:00+0200,41544.0,MW,FR,FR,forecast_load,Forecasted Load,2026-09-18T21:38:54Z
2026-09-18T21:38:31Z,2026-09-18T23:38:31+0200,651accbc-0e12-4f0e-be4c-72ea58f8157a,2026-09-14T22:45:00Z,2026-09-15T00:45:00+0200,40748.0,MW,FR,FR,forecast_load,Forecasted Load,2026-09-18T21:38:54Z
2026-09-18T21:38:31Z,2026-09-18T23:38:31+0200,651accbc-0e12-4f0e-be4c-72ea58f8157a,2026-09-14T23:00:00Z,2026-09-15T01:00:00+0200,39952.0,MW,FR,FR,forecast_load,Forecasted Load,2026-09-18T21:38:54Z
2026-09-18T21:38:31Z,2026-09-18T23:38:31+0200,651accbc-0e12-4f0e-be4c-72ea58f8157a,2026-09-14T23:15:00Z,2026-09-15T01:15:00+0200,40304.0,MW,FR,FR,forecast_load,Forecasted Load,2026-09-18T21:38:54Z
2026-09-18T21:38:31Z,2026-09-18T23:38:31+0200,651accbc-0e12-4f0e-be4c-72ea58f8157a,2026-09-14T23:30:00Z,2026-09-15T01:30:00+0200,40656.0,MW,FR,FR,forecast_load,Forecasted Load,2026-09-18T21:38:54Z
2026-09-18T21:38:31Z,2026-09-18T23:38:31+0200,651accbc-0e12-4f0e-be4c-72ea58f8157a,2026-09-14T23:45:00Z,2026-09-15T01:45:00+0200,39930.5,MW,FR,FR,forecast_load,Forecasted Load,2026-09-18T21:38:54Z
2026-09-18T21:38:31Z,2026-09-18T23:38:31+0200,651accbc-0e12-4f0e-be4c-72ea58f8157a,2026-09-15T00:00:00Z,2026-09-15T02:00:00+0200,39205.0,MW,FR,FR,forecast_load,Forecasted Load,2026-09-18T21:38:54Z
2026-09-18T21:38:31Z,2026-09-18T23:38:31+0200,651accbc-0e12-4f0e-be4c-72ea58f8157a,2026-09-15T00:15:00Z,2026-09-15T02:15:00+0200,38431.0,MW,FR,FR,forecast_load,Forecasted Load,2026-09-18T21:38:54Z
2026-09-18T21:38:31Z,2026-09-18T23:38:31+0200,651accbc-0e12-4f0e-be4c-72ea58f8157a,2026-09-15T00:30:00Z,2026-09-15T02:30:00+0200,37657.0,MW,FR,FR,forecast_load,Forecasted Load,2026-09-18T21:38:54Z
2026-09-18T21:38:31Z,2026-09-18T23:38:31+0200,651accbc-0e12-4f0e-be4c-72ea58f8157a,2026-09-15T00:45:00Z,2026-09-15T02:45:00+0200,37072.5,MW,FR,FR,forecast_load,Forecasted Load,2026-09-18T21:38:54Z
2026-09-18T21:38:31Z,2026-09-18T23:38:31+0200,651accbc-0e12-4f0e-be4c-72ea58f8157a,2026-09-15T01:00:00Z,2026-09-15T03:00:00+0200,36488.0,MW,FR,FR,forecast_load,Forecasted Load,2026-09-18T21:38:54Z
2026-09-18T21:38:31Z,2026-09-18T23:38:31+0200,651accbc-0e12-4f0e-be4c-72ea58f8157a,2026-09-15T01:15:00Z,2026-09-15T03:15:00+0200,36145.5,MW,FR,FR,forecast_load,Forecasted Load,2026-09-18T21:38:54Z
2026-09-18T21:38:31Z,2026-09-18T23:38:31+0200,651accbc-0e12-4f0e-be4c-72ea58f8157a,2026-09-15T01:30:00Z,2026-09-15T03:30:00+0200,35803.0,MW,FR,FR,forecast_load,Forecasted Load,2026-09-18T21:38:54Z
2026-09-18T21:38:31Z,2026-09-18T23:38:31+0200,651accbc-0e12-4f0e-be4c-72ea58f8157a,2026-09-15T01:45:00Z,2026-09-15T03:45:00+0200,35570.0,MW,FR,FR,forecast_load,Forecasted Load,2026-09-18T21:38:54Z
2026-09-18T21:38:31Z,2026-09-18T23:38:31+0200,651accbc-0e12-4f0e-be4c-72ea58f8157a,2026-09-15T02:00:00Z,2026-09-15T04:00:00+0200,35337.0,MW,FR,FR,forecast_load,Forecasted Load,2026-09-18T21:38:54Z
2026-09-18T21:38:31Z,2026-09-18T23:38:31+0200,651accbc-0e12-4f0e-be4c-72ea58f8157a,2026-09-15T02:15:00Z,2026-09-15T04:15:00+0200,35346.0,MW,FR,FR,forecast_load,Forecasted Load,2026-09-18T21:38:54Z
2026-09-18T21:38:31Z,2026-09-18T23:38:31+0200,651accbc-0e12-4f0e-be4c-72ea58f8157a,2026-09-15T02:30:00Z,2026-09-15T04:30:00+0200,35355.0,MW,FR,FR,forecast_load,Forecasted Load,2026-09-18T21:38:54Z
2026-09-18T21:38:31Z,2026-09-18T23:38:31+0200,651accbc-0e12-4f0e-be4c-72ea58f8157a,2026-09-15T02:45:00Z,2026-09-15T04:45:00+0200,35709.0,MW,FR,FR,forecast_load,Forecasted Load,2026-09-18T21:38:54Z
2026-09-18T21:38:31Z,2026-09-18T23:38:31+0200,651accbc-0e12-4f0e-be4c-72ea58f8157a,2026-09-15T03:00:00Z,2026-09-15T05:00:00+0200,36063.0,MW,FR,FR,forecast_load,Forecasted Load,2026-09-18T21:38:54Z
2026-09-18T21:38:31Z,2026-09-18T23:38:31+0200,651accbc-0e12-4f0e-be4c-72ea58f8157a,2026-09-15T03:15:00Z,2026-09-15T05:15:00+0200,36621.0,MW,FR,FR,forecast_load,Forecasted Load,2026-09-18T21:38:54Z
2026-09-18T21:38:31Z,2026-09-18T23:38:31+0200,651accbc-0e12-4f0e-be4c-72ea58f8157a,2026-09-15T03:30:00Z,2026-09-15T05:30:00+0200,37179.0,MW,FR,FR,forecast_load,Forecasted Load,2026-09-18T21:38:54Z
2026-09-18T21:38:31Z,2026-09-18T23:38:31+0200,651accbc-0e12-4f0e-be4c-72ea58f8157a,2026-09-15T03:45:00Z,2026-09-15T05:45:00+0200,37863.0,MW,FR,FR,forecast_load,Forecasted Load,2026-09-18T21:38:54Z
2026-09-18T21:38:31Z,2026-09-18T23:38:31+0200,651accbc-0e12-4f0e-be4c-72ea58f8157a,2026-09-15T04:00:00Z,2026-09-15T06:00:00+0200,38547.0,MW,FR,FR,forecast_load,Forecasted Load,2026-09-18T21:38:54Z
2026-09-18T21:38:31Z,2026-09-18T23:38:31+0200,651accbc-0e12-4f0e-be4c-72ea58f8157a,2026-09-15T04:15:00Z,2026-09-15T06:15:00+0200,39588.0,MW,FR,FR,forecast_load,Forecasted Load,2026-09-18T21:38:54Z
2026-09-18T21:38:31Z,2026-09-18T23:38:31+0200,651accbc-0e12-4f0e-be4c-72ea58f8157a,2026-09-15T04:30:00Z,2026-09-15T06:30:00+0200,40629.0,MW,FR,FR,forecast_load,Forecasted Load,2026-09-18T21:38:54Z
2026-09-18T21:38:31Z,2026-09-18T23:38:31+0200,651accbc-0e12-4f0e-be4c-72ea58f8157a,2026-09-15T04:45:00Z,2026-09-15T06:45:00+0200,41758.5,MW,FR,FR,forecast_load,Forecasted Load,2026-09-18T21:38:54Z
2026-09-18T21:38:31Z,2026-09-18T23:38:31+0200,651accbc-0e12-4f0e-be4c-72ea58f8157a,2026-09-15T05:00:00Z,2026-09-15T07:00:00+0200,42888.0,MW,FR,FR,forecast_load,Forecasted Load,2026-09-18T21:38:54Z
2026-09-18T21:38:31Z,2026-09-18T23:38:31+0200,651accbc-0e12-4f0e-be4c-72ea58f8157a,2026-09-15T05:15:00Z,2026-09-15T07:15:00+0200,43650.5,MW,FR,FR,forecast_load,Forecasted Load,2026-09-18T21:38:54Z
2026-09-18T21:38:31Z,2026-09-18T23:38:31+0200,651accbc-0e12-4f0e-be4c-72ea58f8157a,2026-09-15T05:30:00Z,2026-09-15T07:30:00+0200,44413.0,MW,FR,FR,forecast_load,Forecasted Load,2026-09-18T21:38:54Z
2026-09-18T21:38:31Z,2026-09-18T23:38:31+0200,651accbc-0e12-4f0e-be4c-72ea58f8157a,2026-09-15T05:45:00Z,2026-09-15T07:45:00+0200,44960.0,MW,FR,FR,forecast_load,Forecasted Load,2026-09-18T21:38:54Z
2026-09-18T21:38:31Z,2026-09-18T23:38:31+0200,651accbc-0e12-4f0e-be4c-72ea58f8157a,2026-09-15T06:00:00Z,2026-09-15T08:00:00+0200,45507.0,MW,FR,FR,forecast_load,Forecasted Load,2026-09-18T21:38:54Z
2026-09-18T21:38:31Z,2026-09-18T23:38:31+0200,651accbc-0e12-4f0e-be4c-72ea58f8157a,2026-09-15T06:15:00Z,2026-09-15T08:15:00+0200,45844.0,MW,FR,FR,forecast_load,Forecasted Load,2026-09-18T21:38:54Z
2026-09-18T21:38:31Z,2026-09-18T23:38:31+0200,651accbc-0e12-4f0e-be4c-72ea58f8157a,2026-09-15T06:30:00Z,2026-09-15T08:30:00+0200,46181.0,MW,FR,FR,forecast_load,Forecasted Load,2026-09-18T21:38:54Z
2026-09-18T21:38:31Z,2026-09-18T23:38:31+0200,651accbc-0e12-4f0e-be4c-72ea58f8157a,2026-09-15T06:45:00Z,2026-09-15T08:45:00+0200,46394.0,MW,FR,FR,forecast_load,Forecasted Load,2026-09-18T21:38:54Z
2026-09-18T21:38:31Z,2026-09-18T23:38:31+0200,651accbc-0e12-4f0e-be4c-72ea58f8157a,2026-09-15T07:00:00Z,2026-09-15T09:00:00+0200,46607.0,MW,FR,FR,forecast_load,Forecasted Load,2026-09-18T21:38:54Z
2026-09-18T21:38:31Z,2026-09-18T23:38:31+0200,651accbc-0e12-4f0e-be4c-72ea58f8157a,2026-09-15T07:15:00Z,2026-09-15T09:15:00+0200,47034.0,MW,FR,FR,forecast_load,Forecasted Load,2026-09-18T21:38:54Z
2026-09-18T21:38:31Z,2026-09-18T23:38:31+0200,651accbc-0e12-4f0e-be4c-72ea58f8157a,2026-09-15T07:30:00Z,2026-09-15T09:30:00+0200,47461.0,MW,FR,FR,forecast_load,Forecasted Load,2026-09-18T21:38:54Z
2026-09-18T21:38:31Z,2026-09-18T23:38:31+0200,651accbc-0e12-4f0e-be4c-72ea58f8157a,2026-09-15T07:45:00Z,2026-09-15T09:45:00+0200,47654.0,MW,FR,FR,forecast_load,Forecasted Load,2026-09-18T21:38:54Z
2026-09-18T21:38:31Z,2026-09-18T23:38:31+0200,651accbc-0e12-4f0e-be4c-72ea58f8157a,2026-09-15T08:00:00Z,2026-09-15T10:00:00+0200,47847.0,MW,FR,FR,forecast_load,Forecasted Load,2026-09-18T21:38:54Z
2026-09-18T21:38:31Z,2026-09-18T23:38:31+0200,651accbc-0e12-4f0e-be4c-72ea58f8157a,2026-09-15T08:15:00Z,2026-09-15T10:15:00+0200,48238.5,MW,FR,FR,forecast_load,Forecasted Load,2026-09-18T21:38:54Z
2026-09-18T21:38:31Z,2026-09-18T23:38:31+0200,651accbc-0e12-4f0e-be4c-72ea58f8157a,2026-09-15T08:30:00Z,2026-09-15T10:30:00+0200,48630.0,MW,FR,FR,forecast_load,Forecasted Load,2026-09-18T21:38:54Z
2026-09-18T21:38:31Z,2026-09-18T23:38:31+0200,651accbc-0e12-4f0e-be4c-72ea58f8157a,2026-09-15T08:45:00Z,2026-09-15T10:45:00+0200,48763.5,MW,FR,FR,forecast_load,Forecasted Load,2026-09-18T21:38:54Z
2026-09-18T21:38:31Z,2026-09-18T23:38:31+0200,651accbc-0e12-4f0e-be4c-72ea58f8157a,2026-09-15T09:00:00Z,2026-09-15T11:00:00+0200,48897.0,MW,FR,FR,forecast_load,Forecasted Load,2026-09-18T21:38:54Z
2026-09-18T21:38:31Z,2026-09-18T23:38:31+0200,651accbc-0e12-4f0e-be4c-72ea58f8157a,2026-09-15T09:15:00Z,2026-09-15T11:15:00+0200,49044.0,MW,FR,FR,forecast_load,Forecasted Load,2026-09-18T21:38:54Z
2026-09-18T21:38:31Z,2026-09-18T23:38:31+0200,651accbc-0e12-4f0e-be4c-72ea58f8157a,2026-09-15T09:30:00Z,2026-09-15T11:30:00+0200,49191.0,MW,FR,FR,forecast_load,Forecasted Load,2026-09-18T21:38:54Z
2026-09-18T21:38:31Z,2026-09-18T23:38:31+0200,651accbc-0e12-4f0e-be4c-72ea58f8157a,2026-09-15T09:45:00Z,2026-09-15T11:45:00+0200,50176.0,MW,FR,FR,forecast_load,Forecasted Load,2026-09-18T21:38:54Z
2026-09-18T21:38:31Z,2026-09-18T23:38:31+0200,651accbc-0e12-4f0e-be4c-72ea58f8157a,2026-09-15T10:00:00Z,2026-09-15T12:00:00+0200,51161.0,MW,FR,FR,forecast_load,Forecasted Load,2026-09-18T21:38:54Z
2026-09-18T21:38:31Z,2026-09-18T23:38:31+0200,651accbc-0e12-4f0e-be4c-72ea58f8157a,2026-09-15T10:15:00Z,2026-09-15T12:15:00+0200,50807.5,MW,FR,FR,forecast_load,Forecasted Load,2026-09-18T21:38:54Z
2026-09-18T21:38:31Z,2026-09-18T23:38:31+0200,651accbc-0e12-4f0e-be4c-72ea58f8157a,2026-09-15T10:30:00Z,2026-09-15T12:30:00+0200,50454.0,MW,FR,FR,forecast_load,Forecasted Load,2026-09-18T21:38:54Z
2026-09-18T21:38:31Z,2026-09-18T23:38:31+0200,651accbc-0e12-4f0e-be4c-72ea58f8157a,2026-09-15T10:45:00Z,2026-09-15T12:45:00+0200,50991.0,MW,FR,FR,forecast_load,Forecasted Load,2026-09-18T21:38:54Z
2026-09-18T21:38:31Z,2026-09-18T23:38:31+0200,651accbc-0e12-4f0e-be4c-72ea58f8157a,2026-09-15T11:00:00Z,2026-09-15T13:00:00+0200,51528.0,MW,FR,FR,forecast_load,Forecasted Load,2026-09-18T21:38:54Z
2026-09-18T21:38:31Z,2026-09-18T23:38:31+0200,651accbc-0e12-4f0e-be4c-72ea58f8157a,2026-09-15T11:15:00Z,2026-09-15T13:15:00+0200,50605.0,MW,FR,FR,forecast_load,Forecasted Load,2026-09-18T21:38:54Z
2026-09-18T21:38:31Z,2026-09-18T23:38:31+0200,651accbc-0e12-4f0e-be4c-72ea58f8157a,2026-09-15T11:30:00Z,2026-09-15T13:30:00+0200,49682.0,MW,FR,FR,forecast_load,Forecasted Load,2026-09-18T21:38:54Z
2026-09-18T21:38:31Z,2026-09-18T23:38:31+0200,651accbc-0e12-4f0e-be4c-72ea58f8157a,2026-09-15T11:45:00Z,2026-09-15T13:45:00+0200,49842.5,MW,FR,FR,forecast_load,Forecasted Load,2026-09-18T21:38:54Z
2026-09-18T21:38:31Z,2026-09-18T23:38:31+0200,651accbc-0e12-4f0e-be4c-72ea58f8157a,2026-09-15T12:00:00Z,2026-09-15T14:00:00+0200,50003.0,MW,FR,FR,forecast_load,Forecasted Load,2026-09-18T21:38:54Z
2026-09-18T21:38:31Z,2026-09-18T23:38:31+0200,651accbc-0e12-4f0e-be4c-72ea58f8157a,2026-09-15T12:15:00Z,2026-09-15T14:15:00+0200,50568.0,MW,FR,FR,forecast_load,Forecasted Load,2026-09-18T21:38:54Z
2026-09-18T21:38:31Z,2026-09-18T23:38:31+0200,651accbc-0e12-4f0e-be4c-72ea58f8157a,2026-09-15T12:30:00Z,2026-09-15T14:30:00+0200,51133.0,MW,FR,FR,forecast_load,Forecasted Load,2026-09-18T21:38:54Z
2026-09-18T21:38:31Z,2026-09-18T23:38:31+0200,651accbc-0e12-4f0e-be4c-72ea58f8157a,2026-09-15T12:45:00Z,2026-09-15T14:45:00+0200,50764.0,MW,FR,FR,forecast_load,Forecasted Load,2026-09-18T21:38:54Z
2026-09-18T21:38:31Z,2026-09-18T23:38:31+0200,651accbc-0e12-4f0e-be4c-72ea58f8157a,2026-09-15T13:00:00Z,2026-09-15T15:00:00+0200,50395.0,MW,FR,FR,forecast_load,Forecasted Load,2026-09-18T21:38:54Z
2026-09-18T21:38:31Z,2026-09-18T23:38:31+0200,651accbc-0e12-4f0e-be4c-72ea58f8157a,2026-09-15T13:15:00Z,2026-09-15T15:15:00+0200,50103.5,MW,FR,FR,forecast_load,Forecasted Load,2026-09-18T21:38:54Z
2026-09-18T21:38:31Z,2026-09-18T23:38:31+0200,651accbc-0e12-4f0e-be4c-72ea58f8157a,2026-09-15T13:30:00Z,2026-09-15T15:30:00+0200,49812.0,MW,FR,FR,forecast_load,Forecasted Load,2026-09-18T21:38:54Z
2026-09-18T21:38:31Z,2026-09-18T23:38:31+0200,651accbc-0e12-4f0e-be4c-72ea58f8157a,2026-09-15T13:45:00Z,2026-09-15T15:45:00+0200,49306.5,MW,FR,FR,forecast_load,Forecasted Load,2026-09-18T21:38:54Z
2026-09-18T21:38:31Z,2026-09-18T23:38:31+0200,651accbc-0e12-4f0e-be4c-72ea58f8157a,2026-09-15T14:00:00Z,2026-09-15T16:00:00+0200,48801.0,MW,FR,FR,forecast_load,Forecasted Load,2026-09-18T21:38:54Z
2026-09-18T21:38:31Z,2026-09-18T23:38:31+0200,651accbc-0e12-4f0e-be4c-72ea58f8157a,2026-09-15T14:15:00Z,2026-09-15T16:15:00+0200,48757.5,MW,FR,FR,forecast_load,Forecasted Load,2026-09-18T21:38:54Z
2026-09-18T21:38:31Z,2026-09-18T23:38:31+0200,651accbc-0e12-4f0e-be4c-72ea58f8157a,2026-09-15T14:30:00Z,2026-09-15T16:30:00+0200,48714.0,MW,FR,FR,forecast_load,Forecasted Load,2026-09-18T21:38:54Z
2026-09-18T21:38:31Z,2026-09-18T23:38:31+0200,651accbc-0e12-4f0e-be4c-72ea58f8157a,2026-09-15T14:45:00Z,2026-09-15T16:45:00+0200,48616.5,MW,FR,FR,forecast_load,Forecasted Load,2026-09-18T21:38:54Z
2026-09-18T21:38:31Z,2026-09-18T23:38:31+0200,651accbc-0e12-4f0e-be4c-72ea58f8157a,2026-09-15T15:00:00Z,2026-09-15T17:00:00+0200,48519.0,MW,FR,FR,forecast_load,Forecasted Load,2026-09-18T21:38:54Z
2026-09-18T21:38:31Z,2026-09-18T23:38:31+0200,651accbc-0e12-4f0e-be4c-72ea58f8157a,2026-09-15T15:15:00Z,2026-09-15T17:15:00+0200,48802.0,MW,FR,FR,forecast_load,Forecasted Load,2026-09-18T21:38:54Z
2026-09-18T21:38:31Z,2026-09-18T23:38:31+0200,651accbc-0e12-4f0e-be4c-72ea58f8157a,2026-09-15T15:30:00Z,2026-09-15T17:30:00+0200,49085.0,MW,FR,FR,forecast_load,Forecasted Load,2026-09-18T21:38:54Z
2026-09-18T21:38:31Z,2026-09-18T23:38:31+0200,651accbc-0e12-4f0e-be4c-72ea58f8157a,2026-09-15T15:45:00Z,2026-09-15T17:45:00+0200,49475.0,MW,FR,FR,forecast_load,Forecasted Load,2026-09-18T21:38:54Z
2026-09-18T21:38:31Z,2026-09-18T23:38:31+0200,651accbc-0e12-4f0e-be4c-72ea58f8157a,2026-09-15T16:00:00Z,2026-09-15T18:00:00+0200,49865.0,MW,FR,FR,forecast_load,Forecasted Load,2026-09-18T21:38:54Z
2026-09-18T21:38:31Z,2026-09-18T23:38:31+0200,651accbc-0e12-4f0e-be4c-72ea58f8157a,2026-09-15T16:15:00Z,2026-09-15T18:15:00+0200,50197.5,MW,FR,FR,forecast_load,Forecasted Load,2026-09-18T21:38:54Z
2026-09-18T21:38:31Z,2026-09-18T23:38:31+0200,651accbc-0e12-4f0e-be4c-72ea58f8157a,2026-09-15T16:30:00Z,2026-09-15T18:30:00+0200,50530.0,MW,FR,FR,forecast_load,Forecasted Load,2026-09-18T21:38:54Z
2026-09-18T21:38:31Z,2026-09-18T23:38:31+0200,651accbc-0e12-4f0e-be4c-72ea58f8157a,2026-09-15T16:45:00Z,2026-09-15T18:45:00+0200,51165.5,MW,FR,FR,forecast_load,Forecasted Load,2026-09-18T21:38:54Z
2026-09-18T21:38:31Z,2026-09-18T23:38:31+0200,651accbc-0e12-4f0e-be4c-72ea58f8157a,2026-09-15T17:00:00Z,2026-09-15T19:00:00+0200,51801.0,MW,FR,FR,forecast_load,Forecasted Load,2026-09-18T21:38:54Z
2026-09-18T21:38:31Z,2026-09-18T23:38:31+0200,651accbc-0e12-4f0e-be4c-72ea58f8157a,2026-09-15T17:15:00Z,2026-09-15T19:15:00+0200,51395.5,MW,FR,FR,forecast_load,Forecasted Load,2026-09-18T21:38:54Z
2026-09-18T21:38:31Z,2026-09-18T23:38:31+0200,651accbc-0e12-4f0e-be4c-72ea58f8157a,2026-09-15T17:30:00Z,2026-09-15T19:30:00+0200,50990.0,MW,FR,FR,forecast_load,Forecasted Load,2026-09-18T21:38:54Z
2026-09-18T21:38:31Z,2026-09-18T23:38:31+0200,651accbc-0e12-4f0e-be4c-72ea58f8157a,2026-09-15T17:45:00Z,2026-09-15T19:45:00+0200,50543.0,MW,FR,FR,forecast_load,Forecasted Load,2026-09-18T21:38:54Z
2026-09-18T21:38:31Z,2026-09-18T23:38:31+0200,651accbc-0e12-4f0e-be4c-72ea58f8157a,2026-09-15T18:00:00Z,2026-09-15T20:00:00+0200,50096.0,MW,FR,FR,forecast_load,Forecasted Load,2026-09-18T21:38:54Z
2026-09-18T21:38:31Z,2026-09-18T23:38:31+0200,651accbc-0e12-4f0e-be4c-72ea58f8157a,2026-09-15T18:15:00Z,2026-09-15T20:15:00+0200,49528.0,MW,FR,FR,forecast_load,Forecasted Load,2026-09-18T21:38:54Z
2026-09-18T21:38:31Z,2026-09-18T23:38:31+0200,651accbc-0e12-4f0e-be4c-72ea58f8157a,2026-09-15T18:30:00Z,2026-09-15T20:30:00+0200,48960.0,MW,FR,FR,forecast_load,Forecasted Load,2026-09-18T21:38:54Z
2026-09-18T21:38:31Z,2026-09-18T23:38:31+0200,651accbc-0e12-4f0e-be4c-72ea58f8157a,2026-09-15T18:45:00Z,2026-09-15T20:45:00+0200,48606.5,MW,FR,FR,forecast_load,Forecasted Load,2026-09-18T21:38:54Z
2026-09-18T21:38:31Z,2026-09-18T23:38:31+0200,651accbc-0e12-4f0e-be4c-72ea58f8157a,2026-09-15T19:00:00Z,2026-09-15T21:00:00+0200,48253.0,MW,FR,FR,forecast_load,Forecasted Load,2026-09-18T21:38:54Z
2026-09-18T21:38:31Z,2026-09-18T23:38:31+0200,651accbc-0e12-4f0e-be4c-72ea58f8157a,2026-09-15T19:15:00Z,2026-09-15T21:15:00+0200,47513.5,MW,FR,FR,forecast_load,Forecasted Load,2026-09-18T21:38:54Z
2026-09-18T21:38:31Z,2026-09-18T23:38:31+0200,651accbc-0e12-4f0e-be4c-72ea58f8157a,2026-09-15T19:30:00Z,2026-09-15T21:30:00+0200,46774.0,MW,FR,FR,forecast_load,Forecasted Load,2026-09-18T21:38:54Z
2026-09-18T21:38:31Z,2026-09-18T23:38:31+0200,651accbc-0e12-4f0e-be4c-72ea58f8157a,2026-09-15T19:45:00Z,2026-09-15T21:45:00+0200,46060.5,MW,FR,FR,forecast_load,Forecasted Load,2026-09-18T21:38:54Z
2026-09-18T21:38:31Z,2026-09-18T23:38:31+0200,651accbc-0e12-4f0e-be4c-72ea58f8157a,2026-09-15T20:00:00Z,2026-09-15T22:00:00+0200,45347.0,MW,FR,FR,forecast_load,Forecasted Load,2026-09-18T21:38:54Z
2026-09-18T21:38:31Z,2026-09-18T23:38:31+0200,651accbc-0e12-4f0e-be4c-72ea58f8157a,2026-09-15T20:15:00Z,2026-09-15T22:15:00+0200,45756.5,MW,FR,FR,forecast_load,Forecasted Load,2026-09-18T21:38:54Z
2026-09-18T21:38:31Z,2026-09-18T23:38:31+0200,651accbc-0e12-4f0e-be4c-72ea58f8157a,2026-09-15T20:30:00Z,2026-09-15T22:30:00+0200,46166.0,MW,FR,FR,forecast_load,Forecasted Load,2026-09-18T21:38:54Z
2026-09-18T21:38:31Z,2026-09-18T23:38:31+0200,651accbc-0e12-4f0e-be4c-72ea58f8157a,2026-09-15T20:45:00Z,2026-09-15T22:45:00+0200,46509.0,MW,FR,FR,forecast_load,Forecasted Load,2026-09-18T21:38:54Z
2026-09-18T21:38:31Z,2026-09-18T23:38:31+0200,651accbc-0e12-4f0e-be4c-72ea58f8157a,2026-09-15T21:00:00Z,2026-09-15T23:00:00+0200,46852.0,MW,FR,FR,forecast_load,Forecasted Load,2026-09-18T21:38:54Z
2026-09-18T21:38:31Z,2026-09-18T23:38:31+0200,651accbc-0e12-4f0e-be4c-72ea58f8157a,2026-09-15T21:15:00Z,2026-09-15T23:15:00+0200,45982.5,MW,FR,FR,forecast_load,Forecasted Load,2026-09-18T21:38:54Z
2026-09-18T21:38:31Z,2026-09-18T23:38:31+0200,651accbc-0e12-4f0e-be4c-72ea58f8157a,2026-09-15T21:30:00Z,2026-09-15T23:30:00+0200,45113.0,MW,FR,FR,forecast_load,Forecasted Load,2026-09-18T21:38:54Z
2026-09-18T21:38:31Z,2026-09-18T23:38:31+0200,651accbc-0e12-4f0e-be4c-72ea58f8157a,2026-09-15T21:45:00Z,2026-09-15T23:45:00+0200,44450.0,MW,FR,FR,forecast_load,Forecasted Load,2026-09-18T21:38:54Z
2026-09-18T21:38:31Z,2026-09-18T23:38:31+0200,651accbc-0e12-4f0e-be4c-72ea58f8157a,2026-09-15T22:00:00Z,2026-09-16T00:00:00+0200,43298.0,MW,FR,FR,forecast_load,Forecasted Load,2026-09-18T21:38:54Z
2026-09-18T21:38:31Z,2026-09-18T23:38:31+0200,651accbc-0e12-4f0e-be4c-72ea58f8157a,2026-09-15T22:15:00Z,2026-09-16T00:15:00+0200,42419.0,MW,FR,FR,forecast_load,Forecasted Load,2026-09-18T21:38:54Z
2026-09-18T21:38:31Z,2026-09-18T23:38:31+0200,651accbc-0e12-4f0e-be4c-72ea58f8157a,2026-09-15T22:30:00Z,2026-09-16T00:30:00+0200,41540.0,MW,FR,FR,forecast_load,Forecasted Load,2026-09-18T21:38:54Z
2026-09-18T21:38:31Z,2026-09-18T23:38:31+0200,651accbc-0e12-4f0e-be4c-72ea58f8157a,2026-09-15T22:45:00Z,2026-09-16T00:45:00+0200,40794.5,MW,FR,FR,forecast_load,Forecasted Load,2026-09-18T21:38:54Z
2026-09-18T21:38:31Z,2026-09-18T23:38:31+0200,651accbc-0e12-4f0e-be4c-72ea58f8157a,2026-09-15T23:00:00Z,2026-09-16T01:00:00+0200,40049.0,MW,FR,FR,forecast_load,Forecasted Load,2026-09-18T21:38:54Z
2026-09-18T21:38:31Z,2026-09-18T23:38:31+0200,651accbc-0e12-4f0e-be4c-72ea58f8157a,2026-09-15T23:15:00Z,2026-09-16T01:15:00+0200,40056.0,MW,FR,FR,forecast_load,Forecasted Load,2026-09-18T21:38:54Z
2026-09-18T21:38:31Z,2026-09-18T23:38:31+0200,651accbc-0e12-4f0e-be4c-72ea58f8157a,2026-09-15T23:30:00Z,2026-09-16T01:30:00+0200,40063.0,MW,FR,FR,forecast_load,Forecasted Load,2026-09-18T21:38:54Z
2026-09-18T21:38:31Z,2026-09-18T23:38:31+0200,651accbc-0e12-4f0e-be4c-72ea58f8157a,2026-09-15T23:45:00Z,2026-09-16T01:45:00+0200,39999.0,MW,FR,FR,forecast_load,Forecasted Load,2026-09-18T21:38:54Z
2026-09-18T21:38:31Z,2026-09-18T23:38:31+0200,651accbc-0e12-4f0e-be4c-72ea58f8157a,2026-09-16T00:00:00Z,2026-09-16T02:00:00+0200,39935.0,MW,FR,FR,forecast_load,Forecasted Load,2026-09-18T21:38:54Z
2026-09-18T21:38:31Z,2026-09-18T23:38:31+0200,651accbc-0e12-4f0e-be4c-72ea58f8157a,2026-09-16T00:15:00Z,2026-09-16T02:15:00+0200,38827.5,MW,FR,FR,forecast_load,Forecasted Load,2026-09-18T21:38:54Z
2026-09-18T21:38:31Z,2026-09-18T23:38:31+0200,651accbc-0e12-4f0e-be4c-72ea58f8157a,2026-09-16T00:30:00Z,2026-09-16T02:30:00+0200,37720.0,MW,FR,FR,forecast_load,Forecasted Load,2026-09-18T21:38:54Z
2026-09-18T21:38:31Z,2026-09-18T23:38:31+0200,651accbc-0e12-4f0e-be4c-72ea58f8157a,2026-09-16T00:45:00Z,2026-09-16T02:45:00+0200,37048.5,MW,FR,FR,forecast_load,Forecasted Load,2026-09-18T21:38:54Z
2026-09-18T21:38:31Z,2026-09-18T23:38:31+0200,651accbc-0e12-4f0e-be4c-72ea58f8157a,2026-09-16T01:00:00Z,2026-09-16T03:00:00+0200,36377.0,MW,FR,FR,forecast_load,Forecasted Load,2026-09-18T21:38:54Z
2026-09-18T21:38:31Z,2026-09-18T23:38:31+0200,651accbc-0e12-4f0e-be4c-72ea58f8157a,2026-09-16T01:15:00Z,2026-09-16T03:15:00+0200,36065.5,MW,FR,FR,forecast_load,Forecasted Load,2026-09-18T21:38:54Z
2026-09-18T21:38:31Z,2026-09-18T23:38:31+0200,651accbc-0e12-4f0e-be4c-72ea58f8157a,2026-09-16T01:30:00Z,2026-09-16T03:30:00+0200,35754.0,MW,FR,FR,forecast_load,Forecasted Load,2026-09-18T21:38:54Z
2026-09-18T21:38:31Z,2026-09-18T23:38:31+0200,651accbc-0e12-4f0e-be4c-72ea58f8157a,2026-09-16T01:45:00Z,2026-09-16T03:45:00+0200,35548.5,MW,FR,FR,forecast_load,Forecasted Load,2026-09-18T21:38:54Z
2026-09-18T21:38:31Z,2026-09-18T23:38:31+0200,651accbc-0e12-4f0e-be4c-72ea58f8157a,2026-09-16T02:00:00Z,2026-09-16T04:00:00+0200,35343.0,MW,FR,FR,forecast_load,Forecasted Load,2026-09-18T21:38:54Z
2026-09-18T21:38:31Z,2026-09-18T23:38:31+0200,651accbc-0e12-4f0e-be4c-72ea58f8157a,2026-09-16T02:15:00Z,2026-09-16T04:15:00+0200,35376.0,MW,FR,FR,forecast_load,Forecasted Load,2026-09-18T21:38:54Z
2026-09-18T21:38:31Z,2026-09-18T23:38:31+0200,651accbc-0e12-4f0e-be4c-72ea58f8157a,2026-09-16T02:30:00Z,2026-09-16T04:30:00+0200,35409.0,MW,FR,FR,forecast_load,Forecasted Load,2026-09-18T21:38:54Z
2026-09-18T21:38:31Z,2026-09-18T23:38:31+0200,651accbc-0e12-4f0e-be4c-72ea58f8157a,2026-09-16T02:45:00Z,2026-09-16T04:45:00+0200,35629.0,MW,FR,FR,forecast_load,Forecasted Load,2026-09-18T21:38:54Z
2026-09-18T21:38:31Z,2026-09-18T23:38:31+0200,651accbc-0e12-4f0e-be4c-72ea58f8157a,2026-09-16T03:00:00Z,2026-09-16T05:00:00+0200,35849.0,MW,FR,FR,forecast_load,Forecasted Load,2026-09-18T21:38:54Z
2026-09-18T21:38:31Z,2026-09-18T23:38:31+0200,651accbc-0e12-4f0e-be4c-72ea58f8157a,2026-09-16T03:15:00Z,2026-09-16T05:15:00+0200,36386.0,MW,FR,FR,forecast_load,Forecasted Load,2026-09-18T21:38:54Z
2026-09-18T21:38:31Z,2026-09-18T23:38:31+0200,651accbc-0e12-4f0e-be4c-72ea58f8157a,2026-09-16T03:30:00Z,2026-09-16T05:30:00+0200,36923.0,MW,FR,FR,forecast_load,Forecasted Load,2026-09-18T21:38:54Z
2026-09-18T21:38:31Z,2026-09-18T23:38:31+0200,651accbc-0e12-4f0e-be4c-72ea58f8157a,2026-09-16T03:45:00Z,2026-09-16T05:45:00+0200,37725.0,MW,FR,FR,forecast_load,Forecasted Load,2026-09-18T21:38:54Z
2026-09-18T21:38:31Z,2026-09-18T23:38:31+0200,651accbc-0e12-4f0e-be4c-72ea58f8157a,2026-09-16T04:00:00Z,2026-09-16T06:00:00+0200,38527.0,MW,FR,FR,forecast_load,Forecasted Load,2026-09-18T21:38:54Z
2026-09-18T21:38:31Z,2026-09-18T23:38:31+0200,651accbc-0e12-4f0e-be4c-72ea58f8157a,2026-09-16T04:15:00Z,2026-09-16T06:15:00+0200,39558.5,MW,FR,FR,forecast_load,Forecasted Load,2026-09-18T21:38:54Z
2026-09-18T21:38:31Z,2026-09-18T23:38:31+0200,651accbc-0e12-4f0e-be4c-72ea58f8157a,2026-09-16T04:30:00Z,2026-09-16T06:30:00+0200,40590.0,MW,FR,FR,forecast_load,Forecasted Load,2026-09-18T21:38:54Z
2026-09-18T21:38:31Z,2026-09-18T23:38:31+0200,651accbc-0e12-4f0e-be4c-72ea58f8157a,2026-09-16T04:45:00Z,2026-09-16T06:45:00+0200,41609.0,MW,FR,FR,forecast_load,Forecasted Load,2026-09-18T21:38:54Z
2026-09-18T21:38:31Z,2026-09-18T23:38:31+0200,651accbc-0e12-4f0e-be4c-72ea58f8157a,2026-09-16T05:00:00Z,2026-09-16T07:00:00+0200,42628.0,MW,FR,FR,forecast_load,Forecasted Load,2026-09-18T21:38:54Z
2026-09-18T21:38:31Z,2026-09-18T23:38:31+0200,651accbc-0e12-4f0e-be4c-72ea58f8157a,2026-09-16T05:15:00Z,2026-09-16T07:15:00+0200,43238.5,MW,FR,FR,forecast_load,Forecasted Load,2026-09-18T21:38:54Z
2026-09-18T21:38:31Z,2026-09-18T23:38:31+0200,651accbc-0e12-4f0e-be4c-72ea58f8157a,2026-09-16T05:30:00Z,2026-09-16T07:30:00+0200,43849.0,MW,FR,FR,forecast_load,Forecasted Load,2026-09-18T21:38:54Z
2026-09-18T21:38:31Z,2026-09-18T23:38:31+0200,651accbc-0e12-4f0e-be4c-72ea58f8157a,2026-09-16T05:45:00Z,2026-09-16T07:45:00+0200,44425.0,MW,FR,FR,forecast_load,Forecasted Load,2026-09-18T21:38:54Z
2026-09-18T21:38:31Z,2026-09-18T23:38:31+0200,651accbc-0e12-4f0e-be4c-72ea58f8157a,2026-09-16T06:00:00Z,2026-09-16T08:00:00+0200,45001.0,MW,FR,FR,forecast_load,Forecasted Load,2026-09-18T21:38:54Z
2026-09-18T21:38:31Z,2026-09-18T23:38:31+0200,651accbc-0e12-4f0e-be4c-72ea58f8157a,2026-09-16T06:15:00Z,2026-09-16T08:15:00+0200,45556.5,MW,FR,FR,forecast_load,Forecasted Load,2026-09-18T21:38:54Z
2026-09-18T21:38:31Z,2026-09-18T23:38:31+0200,651accbc-0e12-4f0e-be4c-72ea58f8157a,2026-09-16T06:30:00Z,2026-09-16T08:30:00+0200,46112.0,MW,FR,FR,forecast_load,Forecasted Load,2026-09-18T21:38:54Z
2026-09-18T21:38:31Z,2026-09-18T23:38:31+0200,651accbc-0e12-4f0e-be4c-72ea58f8157a,2026-09-16T06:45:00Z,2026-09-16T08:45:00+0200,46361.5,MW,FR,FR,forecast_load,Forecasted Load,2026-09-18T21:38:54Z
2026-09-18T21:38:31Z,2026-09-18T23:38:31+0200,651accbc-0e12-4f0e-be4c-72ea58f8157a,2026-09-16T07:00:00Z,2026-09-16T09:00:00+0200,46611.0,MW,FR,FR,forecast_load,Forecasted Load,2026-09-18T21:38:54Z
2026-09-18T21:38:31Z,2026-09-18T23:38:31+0200,651accbc-0e12-4f0e-be4c-72ea58f8157a,2026-09-16T07:15:00Z,2026-09-16T09:15:00+0200,46941.5,MW,FR,FR,forecast_load,Forecasted Load,2026-09-18T21:38:54Z
2026-09-18T21:38:31Z,2026-09-18T23:38:31+0200,651accbc-0e12-4f0e-be4c-72ea58f8157a,2026-09-16T07:30:00Z,2026-09-16T09:30:00+0200,47272.0,MW,FR,FR,forecast_load,Forecasted Load,2026-09-18T21:38:54Z
2026-09-18T21:38:31Z,2026-09-18T23:38:31+0200,651accbc-0e12-4f0e-be4c-72ea58f8157a,2026-09-16T07:45:00Z,2026-09-16T09:45:00+0200,47276.5,MW,FR,FR,forecast_load,Forecasted Load,2026-09-18T21:38:54Z
2026-09-18T21:38:31Z,2026-09-18T23:38:31+0200,651accbc-0e12-4f0e-be4c-72ea58f8157a,2026-09-16T08:00:00Z,2026-09-16T10:00:00+0200,47281.0,MW,FR,FR,forecast_load,Forecasted Load,2026-09-18T21:38:54Z
2026-09-18T21:38:31Z,2026-09-18T23:38:31+0200,651accbc-0e12-4f0e-be4c-72ea58f8157a,2026-09-16T08:15:00Z,2026-09-16T10:15:00+0200,47764.5,MW,FR,FR,forecast_load,Forecasted Load,2026-09-18T21:38:54Z
2026-09-18T21:38:31Z,2026-09-18T23:38:31+0200,651accbc-0e12-4f0e-be4c-72ea58f8157a,2026-09-16T08:30:00Z,2026-09-16T10:30:00+0200,48248.0,MW,FR,FR,forecast_load,Forecasted Load,2026-09-18T21:38:54Z
2026-09-18T21:38:31Z,2026-09-18T23:38:31+0200,651accbc-0e12-4f0e-be4c-72ea58f8157a,2026-09-16T08:45:00Z,2026-09-16T10:45:00+0200,48138.0,MW,FR,FR,forecast_load,Forecasted Load,2026-09-18T21:38:54Z
2026-09-18T21:38:31Z,2026-09-18T23:38:31+0200,651accbc-0e12-4f0e-be4c-72ea58f8157a,2026-09-16T09:00:00Z,2026-09-16T11:00:00+0200,48028.0,MW,FR,FR,forecast_load,Forecasted Load,2026-09-18T21:38:54Z
2026-09-18T21:38:31Z,2026-09-18T23:38:31+0200,651accbc-0e12-4f0e-be4c-72ea58f8157a,2026-09-16T09:15:00Z,2026-09-16T11:15:00+0200,48460.0,MW,FR,FR,forecast_load,Forecasted Load,2026-09-18T21:38:54Z
2026-09-18T21:38:31Z,2026-09-18T23:38:31+0200,651accbc-0e12-4f0e-be4c-72ea58f8157a,2026-09-16T09:30:00Z,2026-09-16T11:30:00+0200,48892.0,MW,FR,FR,forecast_load,Forecasted Load,2026-09-18T21:38:54Z
2026-09-18T21:38:31Z,2026-09-18T23:38:31+0200,651accbc-0e12-4f0e-be4c-72ea58f8157a,2026-09-16T09:45:00Z,2026-09-16T11:45:00+0200,49286.0,MW,FR,FR,forecast_load,Forecasted Load,2026-09-18T21:38:54Z
2026-09-18T21:38:31Z,2026-09-18T23:38:31+0200,651accbc-0e12-4f0e-be4c-72ea58f8157a,2026-09-16T10:00:00Z,2026-09-16T12:00:00+0200,49680.0,MW,FR,FR,forecast_load,Forecasted Load,2026-09-18T21:38:54Z
2026-09-18T21:38:31Z,2026-09-18T23:38:31+0200,651accbc-0e12-4f0e-be4c-72ea58f8157a,2026-09-16T10:15:00Z,2026-09-16T12:15:00+0200,49442.5,MW,FR,FR,forecast_load,Forecasted Load,2026-09-18T21:38:54Z
2026-09-18T21:38:31Z,2026-09-18T23:38:31+0200,651accbc-0e12-4f0e-be4c-72ea58f8157a,2026-09-16T10:30:00Z,2026-09-16T12:30:00+0200,49205.0,MW,FR,FR,forecast_load,Forecasted Load,2026-09-18T21:38:54Z
2026-09-18T21:38:31Z,2026-09-18T23:38:31+0200,651accbc-0e12-4f0e-be4c-72ea58f8157a,2026-09-16T10:45:00Z,2026-09-16T12:45:00+0200,49774.5,MW,FR,FR,forecast_load,Forecasted Load,2026-09-18T21:38:54Z
2026-09-18T21:38:31Z,2026-09-18T23:38:31+0200,651accbc-0e12-4f0e-be4c-72ea58f8157a,2026-09-16T11:00:00Z,2026-09-16T13:00:00+0200,50344.0,MW,FR,FR,forecast_load,Forecasted Load,2026-09-18T21:38:54Z
2026-09-18T21:38:31Z,2026-09-18T23:38:31+0200,651accbc-0e12-4f0e-be4c-72ea58f8157a,2026-09-16T11:15:00Z,2026-09-16T13:15:00+0200,49480.0,MW,FR,FR,forecast_load,Forecasted Load,2026-09-18T21:38:54Z
2026-09-18T21:38:31Z,2026-09-18T23:38:31+0200,651accbc-0e12-4f0e-be4c-72ea58f8157a,2026-09-16T11:30:00Z,2026-09-16T13:30:00+0200,48616.0,MW,FR,FR,forecast_load,Forecasted Load,2026-09-18T21:38:54Z
2026-09-18T21:38:31Z,2026-09-18T23:38:31+0200,651accbc-0e12-4f0e-be4c-72ea58f8157a,2026-09-16T11:45:00Z,2026-09-16T13:45:00+0200,48689.5,MW,FR,FR,forecast_load,Forecasted Load,2026-09-18T21:38:54Z
2026-09-18T21:38:31Z,2026-09-18T23:38:31+0200,651accbc-0e12-4f0e-be4c-72ea58f8157a,2026-09-16T12:00:00Z,2026-09-16T14:00:00+0200,48763.0,MW,FR,FR,forecast_load,Forecasted Load,2026-09-18T21:38:54Z
2026-09-18T21:38:31Z,2026-09-18T23:38:31+0200,651accbc-0e12-4f0e-be4c-72ea58f8157a,2026-09-16T12:15:00Z,2026-09-16T14:15:00+0200,49096.0,MW,FR,FR,forecast_load,Forecasted Load,2026-09-18T21:38:54Z
2026-09-18T21:38:31Z,2026-09-18T23:38:31+0200,651accbc-0e12-4f0e-be4c-72ea58f8157a,2026-09-16T12:30:00Z,2026-09-16T14:30:00+0200,49429.0,MW,FR,FR,forecast_load,Forecasted Load,2026-09-18T21:38:54Z
2026-09-18T21:38:31Z,2026-09-18T23:38:31+0200,651accbc-0e12-4f0e-be4c-72ea58f8157a,2026-09-16T12:45:00Z,2026-09-16T14:45:00+0200,48877.0,MW,FR,FR,forecast_load,Forecasted Load,2026-09-18T21:38:54Z
2026-09-18T21:38:31Z,2026-09-18T23:38:31+0200,651accbc-0e12-4f0e-be4c-72ea58f8157a,2026-09-16T13:00:00Z,2026-09-16T15:00:00+0200,48325.0,MW,FR,FR,forecast_load,Forecasted Load,2026-09-18T21:38:54Z
2026-09-18T21:38:31Z,2026-09-18T23:38:31+0200,651accbc-0e12-4f0e-be4c-72ea58f8157a,2026-09-16T13:15:00Z,2026-09-16T15:15:00+0200,48006.5,MW,FR,FR,forecast_load,Forecasted Load,2026-09-18T21:38:54Z
2026-09-18T21:38:31Z,2026-09-18T23:38:31+0200,651accbc-0e12-4f0e-be4c-72ea58f8157a,2026-09-16T13:30:00Z,2026-09-16T15:30:00+0200,47688.0,MW,FR,FR,forecast_load,Forecasted Load,2026-09-18T21:38:54Z
2026-09-18T21:38:31Z,2026-09-18T23:38:31+0200,651accbc-0e12-4f0e-be4c-72ea58f8157a,2026-09-16T13:45:00Z,2026-09-16T15:45:00+0200,47489.5,MW,FR,FR,forecast_load,Forecasted Load,2026-09-18T21:38:54Z
2026-09-18T21:38:31Z,2026-09-18T23:38:31+0200,651accbc-0e12-4f0e-be4c-72ea58f8157a,2026-09-16T14:00:00Z,2026-09-16T16:00:00+0200,47291.0,MW,FR,FR,forecast_load,Forecasted Load,2026-09-18T21:38:54Z
2026-09-18T21:38:31Z,2026-09-18T23:38:31+0200,651accbc-0e12-4f0e-be4c-72ea58f8157a,2026-09-16T14:15:00Z,2026-09-16T16:15:00+0200,46791.0,MW,FR,FR,forecast_load,Forecasted Load,2026-09-18T21:38:54Z
2026-09-18T21:38:31Z,2026-09-18T23:38:31+0200,651accbc-0e12-4f0e-be4c-72ea58f8157a,2026-09-16T14:30:00Z,2026-09-16T16:30:00+0200,46291.0,MW,FR,FR,forecast_load,Forecasted Load,2026-09-18T21:38:54Z
2026-09-18T21:38:31Z,2026-09-18T23:38:31+0200,651accbc-0e12-4f0e-be4c-72ea58f8157a,2026-09-16T14:45:00Z,2026-09-16T16:45:00+0200,46013.0,MW,FR,FR,forecast_load,Forecasted Load,2026-09-18T21:38:54Z
2026-09-18T21:38:31Z,2026-09-18T23:38:31+0200,651accbc-0e12-4f0e-be4c-72ea58f8157a,2026-09-16T15:00:00Z,2026-09-16T17:00:00+0200,45735.0,MW,FR,FR,forecast_load,Forecasted Load,2026-09-18T21:38:54Z
2026-09-18T21:38:31Z,2026-09-18T23:38:31+0200,651accbc-0e12-4f0e-be4c-72ea58f8157a,2026-09-16T15:15:00Z,2026-09-16T17:15:00+0200,45896.5,MW,FR,FR,forecast_load,Forecasted Load,2026-09-18T21:38:54Z
2026-09-18T21:38:31Z,2026-09-18T23:38:31+0200,651accbc-0e12-4f0e-be4c-72ea58f8157a,2026-09-16T15:30:00Z,2026-09-16T17:30:00+0200,46058.0,MW,FR,FR,forecast_load,Forecasted Load,2026-09-18T21:38:54Z
2026-09-18T21:38:31Z,2026-09-18T23:38:31+0200,651accbc-0e12-4f0e-be4c-72ea58f8157a,2026-09-16T15:45:00Z,2026-09-16T17:45:00+0200,46691.5,MW,FR,FR,forecast_load,Forecasted Load,2026-09-18T21:38:54Z
2026-09-18T21:38:31Z,2026-09-18T23:38:31+0200,651accbc-0e12-4f0e-be4c-72ea58f8157a,2026-09-16T16:00:00Z,2026-09-16T18:00:00+0200,47325.0,MW,FR,FR,forecast_load,Forecasted Load,2026-09-18T21:38:54Z
2026-09-18T21:38:31Z,2026-09-18T23:38:31+0200,651accbc-0e12-4f0e-be4c-72ea58f8157a,2026-09-16T16:15:00Z,2026-09-16T18:15:00+0200,47802.0,MW,FR,FR,forecast_load,Forecasted Load,2026-09-18T21:38:54Z
2026-09-18T21:38:31Z,2026-09-18T23:38:31+0200,651accbc-0e12-4f0e-be4c-72ea58f8157a,2026-09-16T16:30:00Z,2026-09-16T18:30:00+0200,48279.0,MW,FR,FR,forecast_load,Forecasted Load,2026-09-18T21:38:54Z
2026-09-18T21:38:31Z,2026-09-18T23:38:31+0200,651accbc-0e12-4f0e-be4c-72ea58f8157a,2026-09-16T16:45:00Z,2026-09-16T18:45:00+0200,48965.5,MW,FR,FR,forecast_load,Forecasted Load,2026-09-18T21:38:54Z
2026-09-18T21:38:31Z,2026-09-18T23:38:31+0200,651accbc-0e12-4f0e-be4c-72ea58f8157a,2026-09-16T17:00:00Z,2026-09-16T19:00:00+0200,49652.0,MW,FR,FR,forecast_load,Forecasted Load,2026-09-18T21:38:54Z
2026-09-18T21:38:31Z,2026-09-18T23:38:31+0200,651accbc-0e12-4f0e-be4c-72ea58f8157a,2026-09-16T17:15:00Z,2026-09-16T19:15:00+0200,49558.0,MW,FR,FR,forecast_load,Forecasted Load,2026-09-18T21:38:54Z
2026-09-18T21:38:31Z,2026-09-18T23:38:31+0200,651accbc-0e12-4f0e-be4c-72ea58f8157a,2026-09-16T17:30:00Z,2026-09-16T19:30:00+0200,49464.0,MW,FR,FR,forecast_load,Forecasted Load,2026-09-18T21:38:54Z
2026-09-18T21:38:31Z,2026-09-18T23:38:31+0200,651accbc-0e12-4f0e-be4c-72ea58f8157a,2026-09-16T17:45:00Z,2026-09-16T19:45:00+0200,48973.5,MW,FR,FR,forecast_load,Forecasted Load,2026-09-18T21:38:54Z
2026-09-18T21:38:31Z,2026-09-18T23:38:31+0200,651accbc-0e12-4f0e-be4c-72ea58f8157a,2026-09-16T18:00:00Z,2026-09-16T20:00:00+0200,48483.0,MW,FR,FR,forecast_load,Forecasted Load,2026-09-18T21:38:54Z
2026-09-18T21:38:31Z,2026-09-18T23:38:31+0200,651accbc-0e12-4f0e-be4c-72ea58f8157a,2026-09-16T18:15:00Z,2026-09-16T20:15:00+0200,48133.0,MW,FR,FR,forecast_load,Forecasted Load,2026-09-18T21:38:54Z
2026-09-18T21:38:31Z,2026-09-18T23:38:31+0200,651accbc-0e12-4f0e-be4c-72ea58f8157a,2026-09-16T18:30:00Z,2026-09-16T20:30:00+0200,47783.0,MW,FR,FR,forecast_load,Forecasted Load,2026-09-18T21:38:54Z
2026-09-18T21:38:31Z,2026-09-18T23:38:31+0200,651accbc-0e12-4f0e-be4c-72ea58f8157a,2026-09-16T18:45:00Z,2026-09-16T20:45:00+0200,47136.5,MW,FR,FR,forecast_load,Forecasted Load,2026-09-18T21:38:54Z
2026-09-18T21:38:31Z,2026-09-18T23:38:31+0200,651accbc-0e12-4f0e-be4c-72ea58f8157a,2026-09-16T19:00:00Z,2026-09-16T21:00:00+0200,46490.0,MW,FR,FR,forecast_load,Forecasted Load,2026-09-18T21:38:54Z
2026-09-18T21:38:31Z,2026-09-18T23:38:31+0200,651accbc-0e12-4f0e-be4c-72ea58f8157a,2026-09-16T19:15:00Z,2026-09-16T21:15:00+0200,45837.5,MW,FR,FR,forecast_load,Forecasted Load,2026-09-18T21:38:54Z
2026-09-18T21:38:31Z,2026-09-18T23:38:31+0200,651accbc-0e12-4f0e-be4c-72ea58f8157a,2026-09-16T19:30:00Z,2026-09-16T21:30:00+0200,45185.0,MW,FR,FR,forecast_load,Forecasted Load,2026-09-18T21:38:54Z
2026-09-18T21:38:31Z,2026-09-18T23:38:31+0200,651accbc-0e12-4f0e-be4c-72ea58f8157a,2026-09-16T19:45:00Z,2026-09-16T21:45:00+0200,44721.0,MW,FR,FR,forecast_load,Forecasted Load,2026-09-18T21:38:54Z
2026-09-18T21:38:31Z,2026-09-18T23:38:31+0200,651accbc-0e12-4f0e-be4c-72ea58f8157a,2026-09-16T20:00:00Z,2026-09-16T22:00:00+0200,44257.0,MW,FR,FR,forecast_load,Forecasted Load,2026-09-18T21:38:54Z
2026-09-18T21:38:31Z,2026-09-18T23:38:31+0200,651accbc-0e12-4f0e-be4c-72ea58f8157a,2026-09-16T20:15:00Z,2026-09-16T22:15:00+0200,44298.5,MW,FR,FR,forecast_load,Forecasted Load,2026-09-18T21:38:54Z
2026-09-18T21:38:31Z,2026-09-18T23:38:31+0200,651accbc-0e12-4f0e-be4c-72ea58f8157a,2026-09-16T20:30:00Z,2026-09-16T22:30:00+0200,44340.0,MW,FR,FR,forecast_load,Forecasted Load,2026-09-18T21:38:54Z
2026-09-18T21:38:31Z,2026-09-18T23:38:31+0200,651accbc-0e12-4f0e-be4c-72ea58f8157a,2026-09-16T20:45:00Z,2026-09-16T22:45:00+0200,44816.0,MW,FR,FR,forecast_load,Forecasted Load,2026-09-18T21:38:54Z
2026-09-18T21:38:31Z,2026-09-18T23:38:31+0200,651accbc-0e12-4f0e-be4c-72ea58f8157a,2026-09-16T21:00:00Z,2026-09-16T23:00:00+0200,45292.0,MW,FR,FR,forecast_load,Forecasted Load,2026-09-18T21:38:54Z
2026-09-18T21:38:31Z,2026-09-18T23:38:31+0200,651accbc-0e12-4f0e-be4c-72ea58f8157a,2026-09-16T21:15:00Z,2026-09-16T23:15:00+0200,44456.0,MW,FR,FR,forecast_load,Forecasted Load,2026-09-18T21:38:54Z
2026-09-18T21:38:31Z,2026-09-18T23:38:31+0200,651accbc-0e12-4f0e-be4c-72ea58f8157a,2026-09-16T21:30:00Z,2026-09-16T23:30:00+0200,43620.0,MW,FR,FR,forecast_load,Forecasted Load,2026-09-18T21:38:54Z
2026-09-18T21:38:31Z,2026-09-18T23:38:31+0200,651accbc-0e12-4f0e-be4c-72ea58f8157a,2026-09-16T21:45:00Z,2026-09-16T23:45:00+0200,43162.0,MW,FR,FR,forecast_load,Forecasted Load,2026-09-18T21:38:54Z
2026-09-18T21:38:31Z,2026-09-18T23:38:31+0200,651accbc-0e12-4f0e-be4c-72ea58f8157a,2026-09-16T22:00:00Z,2026-09-17T00:00:00+0200,42441.0,MW,FR,FR,forecast_load,Forecasted Load,2026-09-18T21:38:54Z
2026-09-18T21:38:31Z,2026-09-18T23:38:31+0200,651accbc-0e12-4f0e-be4c-72ea58f8157a,2026-09-16T22:15:00Z,2026-09-17T00:15:00+0200,41322.5,MW,FR,FR,forecast_load,Forecasted Load,2026-09-18T21:38:54Z
2026-09-18T21:38:31Z,2026-09-18T23:38:31+0200,651accbc-0e12-4f0e-be4c-72ea58f8157a,2026-09-16T22:30:00Z,2026-09-17T00:30:00+0200,40204.0,MW,FR,FR,forecast_load,Forecasted Load,2026-09-18T21:38:54Z
2026-09-18T21:38:31Z,2026-09-18T23:38:31+0200,651accbc-0e12-4f0e-be4c-72ea58f8157a,2026-09-16T22:45:00Z,2026-09-17T00:45:00+0200,39714.5,MW,FR,FR,forecast_load,Forecasted Load,2026-09-18T21:38:54Z
2026-09-18T21:38:31Z,2026-09-18T23:38:31+0200,651accbc-0e12-4f0e-be4c-72ea58f8157a,2026-09-16T23:00:00Z,2026-09-17T01:00:00+0200,39225.0,MW,FR,FR,forecast_load,Forecasted Load,2026-09-18T21:38:54Z
2026-09-18T21:38:31Z,2026-09-18T23:38:31+0200,651accbc-0e12-4f0e-be4c-72ea58f8157a,2026-09-16T23:15:00Z,2026-09-17T01:15:00+0200,39144.0,MW,FR,FR,forecast_load,Forecasted Load,2026-09-18T21:38:54Z
2026-09-18T21:38:31Z,2026-09-18T23:38:31+0200,651accbc-0e12-4f0e-be4c-72ea58f8157a,2026-09-16T23:30:00Z,2026-09-17T01:30:00+0200,39063.0,MW,FR,FR,forecast_load,Forecasted Load,2026-09-18T21:38:54Z
2026-09-18T21:38:31Z,2026-09-18T23:38:31+0200,651accbc-0e12-4f0e-be4c-72ea58f8157a,2026-09-16T23:45:00Z,2026-09-17T01:45:00+0200,38767.5,MW,FR,FR,forecast_load,Forecasted Load,2026-09-18T21:38:54Z
2026-09-18T21:38:31Z,2026-09-18T23:38:31+0200,651accbc-0e12-4f0e-be4c-72ea58f8157a,2026-09-17T00:00:00Z,2026-09-17T02:00:00+0200,38472.0,MW,FR,FR,forecast_load,Forecasted Load,2026-09-18T21:38:54Z
2026-09-18T21:38:31Z,2026-09-18T23:38:31+0200,651accbc-0e12-4f0e-be4c-72ea58f8157a,2026-09-17T00:15:00Z,2026-09-17T02:15:00+0200,37753.0,MW,FR,FR,forecast_load,Forecasted Load,2026-09-18T21:38:54Z
2026-09-18T21:38:31Z,2026-09-18T23:38:31+0200,651accbc-0e12-4f0e-be4c-72ea58f8157a,2026-09-17T00:30:00Z,2026-09-17T02:30:00+0200,37034.0,MW,FR,FR,forecast_load,Forecasted Load,2026-09-18T21:38:54Z
2026-09-18T21:38:31Z,2026-09-18T23:38:31+0200,651accbc-0e12-4f0e-be4c-72ea58f8157a,2026-09-17T00:45:00Z,2026-09-17T02:45:00+0200,36235.0,MW,FR,FR,forecast_load,Forecasted Load,2026-09-18T21:38:54Z
2026-09-18T21:38:31Z,2026-09-18T23:38:31+0200,651accbc-0e12-4f0e-be4c-72ea58f8157a,2026-09-17T01:00:00Z,2026-09-17T03:00:00+0200,35436.0,MW,FR,FR,forecast_load,Forecasted Load,2026-09-18T21:38:54Z
2026-09-18T21:38:31Z,2026-09-18T23:38:31+0200,651accbc-0e12-4f0e-be4c-72ea58f8157a,2026-09-17T01:15:00Z,2026-09-17T03:15:00+0200,35146.5,MW,FR,FR,forecast_load,Forecasted Load,2026-09-18T21:38:54Z
2026-09-18T21:38:31Z,2026-09-18T23:38:31+0200,651accbc-0e12-4f0e-be4c-72ea58f8157a,2026-09-17T01:30:00Z,2026-09-17T03:30:00+0200,34857.0,MW,FR,FR,forecast_load,Forecasted Load,2026-09-18T21:38:54Z
2026-09-18T21:38:31Z,2026-09-18T23:38:31+0200,651accbc-0e12-4f0e-be4c-72ea58f8157a,2026-09-17T01:45:00Z,2026-09-17T03:45:00+0200,34624.5,MW,FR,FR,forecast_load,Forecasted Load,2026-09-18T21:38:54Z
2026-09-18T21:38:31Z,2026-09-18T23:38:31+0200,651accbc-0e12-4f0e-be4c-72ea58f8157a,2026-09-17T02:00:00Z,2026-09-17T04:00:00+0200,34392.0,MW,FR,FR,forecast_load,Forecasted Load,2026-09-18T21:38:54Z
2026-09-18T21:38:31Z,2026-09-18T23:38:31+0200,651accbc-0e12-4f0e-be4c-72ea58f8157a,2026-09-17T02:15:00Z,2026-09-17T04:15:00+0200,34449.0,MW,FR,FR,forecast_load,Forecasted Load,2026-09-18T21:38:54Z
2026-09-18T21:38:31Z,2026-09-18T23:38:31+0200,651accbc-0e12-4f0e-be4c-72ea58f8157a,2026-09-17T02:30:00Z,2026-09-17T04:30:00+0200,34506.0,MW,FR,FR,forecast_load,Forecasted Load,2026-09-18T21:38:54Z
2026-09-18T21:38:31Z,2026-09-18T23:38:31+0200,651accbc-0e12-4f0e-be4c-72ea58f8157a,2026-09-17T02:45:00Z,2026-09-17T04:45:00+0200,34548.5,MW,FR,FR,forecast_load,Forecasted Load,2026-09-18T21:38:54Z
2026-09-18T21:38:31Z,2026-09-18T23:38:31+0200,651accbc-0e12-4f0e-be4c-72ea58f8157a,2026-09-17T03:00:00Z,2026-09-17T05:00:00+0200,34591.0,MW,FR,FR,forecast_load,Forecasted Load,2026-09-18T21:38:54Z
2026-09-18T21:38:31Z,2026-09-18T23:38:31+0200,651accbc-0e12-4f0e-be4c-72ea58f8157a,2026-09-17T03:15:00Z,2026-09-17T05:15:00+0200,35155.5,MW,FR,FR,forecast_load,Forecasted Load,2026-09-18T21:38:54Z
2026-09-18T21:38:31Z,2026-09-18T23:38:31+0200,651accbc-0e12-4f0e-be4c-72ea58f8157a,2026-09-17T03:30:00Z,2026-09-17T05:30:00+0200,35720.0,MW,FR,FR,forecast_load,Forecasted Load,2026-09-18T21:38:54Z
2026-09-18T21:38:31Z,2026-09-18T23:38:31+0200,651accbc-0e12-4f0e-be4c-72ea58f8157a,2026-09-17T03:45:00Z,2026-09-17T05:45:00+0200,36606.5,MW,FR,FR,forecast_load,Forecasted Load,2026-09-18T21:38:54Z
2026-09-18T21:38:31Z,2026-09-18T23:38:31+0200,651accbc-0e12-4f0e-be4c-72ea58f8157a,2026-09-17T04:00:00Z,2026-09-17T06:00:00+0200,37493.0,MW,FR,FR,forecast_load,Forecasted Load,2026-09-18T21:38:54Z
2026-09-18T21:38:31Z,2026-09-18T23:38:31+0200,651accbc-0e12-4f0e-be4c-72ea58f8157a,2026-09-17T04:15:00Z,2026-09-17T06:15:00+0200,38690.5,MW,FR,FR,forecast_load,Forecasted Load,2026-09-18T21:38:54Z
2026-09-18T21:38:31Z,2026-09-18T23:38:31+0200,651accbc-0e12-4f0e-be4c-72ea58f8157a,2026-09-17T04:30:00Z,2026-09-17T06:30:00+0200,39888.0,MW,FR,FR,forecast_load,Forecasted Load,2026-09-18T21:38:54Z
2026-09-18T21:38:31Z,2026-09-18T23:38:31+0200,651accbc-0e12-4f0e-be4c-72ea58f8157a,2026-09-17T04:45:00Z,2026-09-17T06:45:00+0200,40907.0,MW,FR,FR,forecast_load,Forecasted Load,2026-09-18T21:38:54Z
2026-09-18T21:38:31Z,2026-09-18T23:38:31+0200,651accbc-0e12-4f0e-be4c-72ea58f8157a,2026-09-17T05:00:00Z,2026-09-17T07:00:00+0200,41926.0,MW,FR,FR,forecast_load,Forecasted Load,2026-09-18T21:38:54Z
2026-09-18T21:38:31Z,2026-09-18T23:38:31+0200,651accbc-0e12-4f0e-be4c-72ea58f8157a,2026-09-17T05:15:00Z,2026-09-17T07:15:00+0200,42699.5,MW,FR,FR,forecast_load,Forecasted Load,2026-09-18T21:38:54Z
2026-09-18T21:38:31Z,2026-09-18T23:38:31+0200,651accbc-0e12-4f0e-be4c-72ea58f8157a,2026-09-17T05:30:00Z,2026-09-17T07:30:00+0200,43473.0,MW,FR,FR,forecast_load,Forecasted Load,2026-09-18T21:38:54Z
2026-09-18T21:38:31Z,2026-09-18T23:38:31+0200,651accbc-0e12-4f0e-be4c-72ea58f8157a,2026-09-17T05:45:00Z,2026-09-17T07:45:00+0200,43949.0,MW,FR,FR,forecast_load,Forecasted Load,2026-09-18T21:38:54Z
2026-09-18T21:38:31Z,2026-09-18T23:38:31+0200,651accbc-0e12-4f0e-be4c-72ea58f8157a,2026-09-17T06:00:00Z,2026-09-17T08:00:00+0200,44425.0,MW,FR,FR,forecast_load,Forecasted Load,2026-09-18T21:38:54Z
2026-09-18T21:38:31Z,2026-09-18T23:38:31+0200,651accbc-0e12-4f0e-be4c-72ea58f8157a,2026-09-17T06:15:00Z,2026-09-17T08:15:00+0200,44788.0,MW,FR,FR,forecast_load,Forecasted Load,2026-09-18T21:38:54Z
2026-09-18T21:38:31Z,2026-09-18T23:38:31+0200,651accbc-0e12-4f0e-be4c-72ea58f8157a,2026-09-17T06:30:00Z,2026-09-17T08:30:00+0200,45151.0,MW,FR,FR,forecast_load,Forecasted Load,2026-09-18T21:38:54Z
2026-09-18T21:38:31Z,2026-09-18T23:38:31+0200,651accbc-0e12-4f0e-be4c-72ea58f8157a,2026-09-17T06:45:00Z,2026-09-17T08:45:00+0200,45408.0,MW,FR,FR,forecast_load,Forecasted Load,2026-09-18T21:38:54Z
2026-09-18T21:38:31Z,2026-09-18T23:38:31+0200,651accbc-0e12-4f0e-be4c-72ea58f8157a,2026-09-17T07:00:00Z,2026-09-17T09:00:00+0200,45665.0,MW,FR,FR,forecast_load,Forecasted Load,2026-09-18T21:38:54Z
2026-09-18T21:38:31Z,2026-09-18T23:38:31+0200,651accbc-0e12-4f0e-be4c-72ea58f8157a,2026-09-17T07:15:00Z,2026-09-17T09:15:00+0200,45942.0,MW,FR,FR,forecast_load,Forecasted Load,2026-09-18T21:38:54Z
2026-09-18T21:38:31Z,2026-09-18T23:38:31+0200,651accbc-0e12-4f0e-be4c-72ea58f8157a,2026-09-17T07:30:00Z,2026-09-17T09:30:00+0200,46219.0,MW,FR,FR,forecast_load,Forecasted Load,2026-09-18T21:38:54Z
2026-09-18T21:38:31Z,2026-09-18T23:38:31+0200,651accbc-0e12-4f0e-be4c-72ea58f8157a,2026-09-17T07:45:00Z,2026-09-17T09:45:00+0200,46343.0,MW,FR,FR,forecast_load,Forecasted Load,2026-09-18T21:38:54Z
2026-09-18T21:38:31Z,2026-09-18T23:38:31+0200,651accbc-0e12-4f0e-be4c-72ea58f8157a,2026-09-17T08:00:00Z,2026-09-17T10:00:00+0200,46467.0,MW,FR,FR,forecast_load,Forecasted Load,2026-09-18T21:38:54Z
2026-09-18T21:38:31Z,2026-09-18T23:38:31+0200,651accbc-0e12-4f0e-be4c-72ea58f8157a,2026-09-17T08:15:00Z,2026-09-17T10:15:00+0200,46734.0,MW,FR,FR,forecast_load,Forecasted Load,2026-09-18T21:38:54Z
2026-09-18T21:38:31Z,2026-09-18T23:38:31+0200,651accbc-0e12-4f0e-be4c-72ea58f8157a,2026-09-17T08:30:00Z,2026-09-17T10:30:00+0200,47001.0,MW,FR,FR,forecast_load,Forecasted Load,2026-09-18T21:38:54Z
2026-09-18T21:38:31Z,2026-09-18T23:38:31+0200,651accbc-0e12-4f0e-be4c-72ea58f8157a,2026-09-17T08:45:00Z,2026-09-17T10:45:00+0200,47094.0,MW,FR,FR,forecast_load,Forecasted Load,2026-09-18T21:38:54Z
2026-09-18T21:38:31Z,2026-09-18T23:38:31+0200,651accbc-0e12-4f0e-be4c-72ea58f8157a,2026-09-17T09:00:00Z,2026-09-17T11:00:00+0200,47187.0,MW,FR,FR,forecast_load,Forecasted Load,2026-09-18T21:38:54Z
2026-09-18T21:38:31Z,2026-09-18T23:38:31+0200,651accbc-0e12-4f0e-be4c-72ea58f8157a,2026-09-17T09:15:00Z,2026-09-17T11:15:00+0200,47241.0,MW,FR,FR,forecast_load,Forecasted Load,2026-09-18T21:38:54Z
2026-09-18T21:38:31Z,2026-09-18T23:38:31+0200,651accbc-0e12-4f0e-be4c-72ea58f8157a,2026-09-17T09:30:00Z,2026-09-17T11:30:00+0200,47295.0,MW,FR,FR,forecast_load,Forecasted Load,2026-09-18T21:38:54Z
2026-09-18T21:38:31Z,2026-09-18T23:38:31+0200,651accbc-0e12-4f0e-be4c-72ea58f8157a,2026-09-17T09:45:00Z,2026-09-17T11:45:00+0200,47585.5,MW,FR,FR,forecast_load,Forecasted Load,2026-09-18T21:38:54Z
2026-09-18T21:38:31Z,2026-09-18T23:38:31+0200,651accbc-0e12-4f0e-be4c-72ea58f8157a,2026-09-17T10:00:00Z,2026-09-17T12:00:00+0200,47876.0,MW,FR,FR,forecast_load,Forecasted Load,2026-09-18T21:38:54Z
2026-09-18T21:38:31Z,2026-09-18T23:38:31+0200,651accbc-0e12-4f0e-be4c-72ea58f8157a,2026-09-17T10:15:00Z,2026-09-17T12:15:00+0200,47565.0,MW,FR,FR,forecast_load,Forecasted Load,2026-09-18T21:38:54Z
2026-09-18T21:38:31Z,2026-09-18T23:38:31+0200,651accbc-0e12-4f0e-be4c-72ea58f8157a,2026-09-17T10:30:00Z,2026-09-17T12:30:00+0200,47254.0,MW,FR,FR,forecast_load,Forecasted Load,2026-09-18T21:38:54Z
2026-09-18T21:38:31Z,2026-09-18T23:38:31+0200,651accbc-0e12-4f0e-be4c-72ea58f8157a,2026-09-17T10:45:00Z,2026-09-17T12:45:00+0200,47747.0,MW,FR,FR,forecast_load,Forecasted Load,2026-09-18T21:38:54Z
2026-09-18T21:38:31Z,2026-09-18T23:38:31+0200,651accbc-0e12-4f0e-be4c-72ea58f8157a,2026-09-17T11:00:00Z,2026-09-17T13:00:00+0200,48240.0,MW,FR,FR,forecast_load,Forecasted Load,2026-09-18T21:38:54Z
2026-09-18T21:38:31Z,2026-09-18T23:38:31+0200,651accbc-0e12-4f0e-be4c-72ea58f8157a,2026-09-17T11:15:00Z,2026-09-17T13:15:00+0200,47505.0,MW,FR,FR,forecast_load,Forecasted Load,2026-09-18T21:38:54Z
2026-09-18T21:38:31Z,2026-09-18T23:38:31+0200,651accbc-0e12-4f0e-be4c-72ea58f8157a,2026-09-17T11:30:00Z,2026-09-17T13:30:00+0200,46770.0,MW,FR,FR,forecast_load,Forecasted Load,2026-09-18T21:38:54Z
2026-09-18T21:38:31Z,2026-09-18T23:38:31+0200,651accbc-0e12-4f0e-be4c-72ea58f8157a,2026-09-17T11:45:00Z,2026-09-17T13:45:00+0200,46610.5,MW,FR,FR,forecast_load,Forecasted Load,2026-09-18T21:38:54Z
2026-09-18T21:38:31Z,2026-09-18T23:38:31+0200,651accbc-0e12-4f0e-be4c-72ea58f8157a,2026-09-17T12:00:00Z,2026-09-17T14:00:00+0200,46451.0,MW,FR,FR,forecast_load,Forecasted Load,2026-09-18T21:38:54Z
2026-09-18T21:38:31Z,2026-09-18T23:38:31+0200,651accbc-0e12-4f0e-be4c-72ea58f8157a,2026-09-17T12:15:00Z,2026-09-17T14:15:00+0200,47055.5,MW,FR,FR,forecast_load,Forecasted Load,2026-09-18T21:38:54Z
2026-09-18T21:38:31Z,2026-09-18T23:38:31+0200,651accbc-0e12-4f0e-be4c-72ea58f8157a,2026-09-17T12:30:00Z,2026-09-17T14:30:00+0200,47660.0,MW,FR,FR,forecast_load,Forecasted Load,2026-09-18T21:38:54Z
2026-09-18T21:38:31Z,2026-09-18T23:38:31+0200,651accbc-0e12-4f0e-be4c-72ea58f8157a,2026-09-17T12:45:00Z,2026-09-17T14:45:00+0200,47100.0,MW,FR,FR,forecast_load,Forecasted Load,2026-09-18T21:38:54Z
2026-09-18T21:38:31Z,2026-09-18T23:38:31+0200,651accbc-0e12-4f0e-be4c-72ea58f8157a,2026-09-17T13:00:00Z,2026-09-17T15:00:00+0200,46540.0,MW,FR,FR,forecast_load,Forecasted Load,2026-09-18T21:38:54Z
2026-09-18T21:38:31Z,2026-09-18T23:38:31+0200,651accbc-0e12-4f0e-be4c-72ea58f8157a,2026-09-17T13:15:00Z,2026-09-17T15:15:00+0200,46381.5,MW,FR,FR,forecast_load,Forecasted Load,2026-09-18T21:38:54Z
2026-09-18T21:38:31Z,2026-09-18T23:38:31+0200,651accbc-0e12-4f0e-be4c-72ea58f8157a,2026-09-17T13:30:00Z,2026-09-17T15:30:00+0200,46223.0,MW,FR,FR,forecast_load,Forecasted Load,2026-09-18T21:38:54Z
2026-09-18T21:38:31Z,2026-09-18T23:38:31+0200,651accbc-0e12-4f0e-be4c-72ea58f8157a,2026-09-17T13:45:00Z,2026-09-17T15:45:00+0200,45964.0,MW,FR,FR,forecast_load,Forecasted Load,2026-09-18T21:38:54Z
2026-09-18T21:38:31Z,2026-09-18T23:38:31+0200,651accbc-0e12-4f0e-be4c-72ea58f8157a,2026-09-17T14:00:00Z,2026-09-17T16:00:00+0200,45705.0,MW,FR,FR,forecast_load,Forecasted Load,2026-09-18T21:38:54Z
2026-09-18T21:38:31Z,2026-09-18T23:38:31+0200,651accbc-0e12-4f0e-be4c-72ea58f8157a,2026-09-17T14:15:00Z,2026-09-17T16:15:00+0200,45190.5,MW,FR,FR,forecast_load,Forecasted Load,2026-09-18T21:38:54Z
2026-09-18T21:38:31Z,2026-09-18T23:38:31+0200,651accbc-0e12-4f0e-be4c-72ea58f8157a,2026-09-17T14:30:00Z,2026-09-17T16:30:00+0200,44676.0,MW,FR,FR,forecast_load,Forecasted Load,2026-09-18T21:38:54Z
2026-09-18T21:38:31Z,2026-09-18T23:38:31+0200,651accbc-0e12-4f0e-be4c-72ea58f8157a,2026-09-17T14:45:00Z,2026-09-17T16:45:00+0200,44677.5,MW,FR,FR,forecast_load,Forecasted Load,2026-09-18T21:38:54Z
2026-09-18T21:38:31Z,2026-09-18T23:38:31+0200,651accbc-0e12-4f0e-be4c-72ea58f8157a,2026-09-17T15:00:00Z,2026-09-17T17:00:00+0200,44679.0,MW,FR,FR,forecast_load,Forecasted Load,2026-09-18T21:38:54Z
2026-09-18T21:38:31Z,2026-09-18T23:38:31+0200,651accbc-0e12-4f0e-be4c-72ea58f8157a,2026-09-17T15:15:00Z,2026-09-17T17:15:00+0200,44799.0,MW,FR,FR,forecast_load,Forecasted Load,2026-09-18T21:38:54Z
2026-09-18T21:38:31Z,2026-09-18T23:38:31+0200,651accbc-0e12-4f0e-be4c-72ea58f8157a,2026-09-17T15:30:00Z,2026-09-17T17:30:00+0200,44919.0,MW,FR,FR,forecast_load,Forecasted Load,2026-09-18T21:38:54Z
2026-09-18T21:38:31Z,2026-09-18T23:38:31+0200,651accbc-0e12-4f0e-be4c-72ea58f8157a,2026-09-17T15:45:00Z,2026-09-17T17:45:00+0200,45246.5,MW,FR,FR,forecast_load,Forecasted Load,2026-09-18T21:38:54Z
2026-09-18T21:38:31Z,2026-09-18T23:38:31+0200,651accbc-0e12-4f0e-be4c-72ea58f8157a,2026-09-17T16:00:00Z,2026-09-17T18:00:00+0200,45574.0,MW,FR,FR,forecast_load,Forecasted Load,2026-09-18T21:38:54Z
2026-09-18T21:38:31Z,2026-09-18T23:38:31+0200,651accbc-0e12-4f0e-be4c-72ea58f8157a,2026-09-17T16:15:00Z,2026-09-17T18:15:00+0200,46157.5,MW,FR,FR,forecast_load,Forecasted Load,2026-09-18T21:38:54Z
2026-09-18T21:38:31Z,2026-09-18T23:38:31+0200,651accbc-0e12-4f0e-be4c-72ea58f8157a,2026-09-17T16:30:00Z,2026-09-17T18:30:00+0200,46741.0,MW,FR,FR,forecast_load,Forecasted Load,2026-09-18T21:38:54Z
2026-09-18T21:38:31Z,2026-09-18T23:38:31+0200,651accbc-0e12-4f0e-be4c-72ea58f8157a,2026-09-17T16:45:00Z,2026-09-17T18:45:00+0200,47542.5,MW,FR,FR,forecast_load,Forecasted Load,2026-09-18T21:38:54Z
2026-09-18T21:38:31Z,2026-09-18T23:38:31+0200,651accbc-0e12-4f0e-be4c-72ea58f8157a,2026-09-17T17:00:00Z,2026-09-17T19:00:00+0200,48344.0,MW,FR,FR,forecast_load,Forecasted Load,2026-09-18T21:38:54Z
2026-09-18T21:38:31Z,2026-09-18T23:38:31+0200,651accbc-0e12-4f0e-be4c-72ea58f8157a,2026-09-17T17:15:00Z,2026-09-17T19:15:00+0200,48183.5,MW,FR,FR,forecast_load,Forecasted Load,2026-09-18T21:38:54Z
2026-09-18T21:38:31Z,2026-09-18T23:38:31+0200,651accbc-0e12-4f0e-be4c-72ea58f8157a,2026-09-17T17:30:00Z,2026-09-17T19:30:00+0200,48023.0,MW,FR,FR,forecast_load,Forecasted Load,2026-09-18T21:38:54Z
2026-09-18T21:38:31Z,2026-09-18T23:38:31+0200,651accbc-0e12-4f0e-be4c-72ea58f8157a,2026-09-17T17:45:00Z,2026-09-17T19:45:00+0200,47678.0,MW,FR,FR,forecast_load,Forecasted Load,2026-09-18T21:38:54Z
2026-09-18T21:38:31Z,2026-09-18T23:38:31+0200,651accbc-0e12-4f0e-be4c-72ea58f8157a,2026-09-17T18:00:00Z,2026-09-17T20:00:00+0200,47333.0,MW,FR,FR,forecast_load,Forecasted Load,2026-09-18T21:38:54Z
2026-09-18T21:38:31Z,2026-09-18T23:38:31+0200,651accbc-0e12-4f0e-be4c-72ea58f8157a,2026-09-17T18:15:00Z,2026-09-17T20:15:00+0200,47024.5,MW,FR,FR,forecast_load,Forecasted Load,2026-09-18T21:38:54Z
2026-09-18T21:38:31Z,2026-09-18T23:38:31+0200,651accbc-0e12-4f0e-be4c-72ea58f8157a,2026-09-17T18:30:00Z,2026-09-17T20:30:00+0200,46716.0,MW,FR,FR,forecast_load,Forecasted Load,2026-09-18T21:38:54Z
2026-09-18T21:38:31Z,2026-09-18T23:38:31+0200,651accbc-0e12-4f0e-be4c-72ea58f8157a,2026-09-17T18:45:00Z,2026-09-17T20:45:00+0200,46110.5,MW,FR,FR,forecast_load,Forecasted Load,2026-09-18T21:38:54Z
2026-09-18T21:38:31Z,2026-09-18T23:38:31+0200,651accbc-0e12-4f0e-be4c-72ea58f8157a,2026-09-17T19:00:00Z,2026-09-17T21:00:00+0200,45505.0,MW,FR,FR,forecast_load,Forecasted Load,2026-09-18T21:38:54Z
2026-09-18T21:38:31Z,2026-09-18T23:38:31+0200,651accbc-0e12-4f0e-be4c-72ea58f8157a,2026-09-17T19:15:00Z,2026-09-17T21:15:00+0200,44856.5,MW,FR,FR,forecast_load,Forecasted Load,2026-09-18T21:38:54Z
2026-09-18T21:38:31Z,2026-09-18T23:38:31+0200,651accbc-0e12-4f0e-be4c-72ea58f8157a,2026-09-17T19:30:00Z,2026-09-17T21:30:00+0200,44208.0,MW,FR,FR,forecast_load,Forecasted Load,2026-09-18T21:38:54Z
2026-09-18T21:38:31Z,2026-09-18T23:38:31+0200,651accbc-0e12-4f0e-be4c-72ea58f8157a,2026-09-17T19:45:00Z,2026-09-17T21:45:00+0200,43632.5,MW,FR,FR,forecast_load,Forecasted Load,2026-09-18T21:38:54Z
2026-09-18T21:38:31Z,2026-09-18T23:38:31+0200,651accbc-0e12-4f0e-be4c-72ea58f8157a,2026-09-17T20:00:00Z,2026-09-17T22:00:00+0200,43057.0,MW,FR,FR,forecast_load,Forecasted Load,2026-09-18T21:38:54Z
2026-09-18T21:38:31Z,2026-09-18T23:38:31+0200,651accbc-0e12-4f0e-be4c-72ea58f8157a,2026-09-17T20:15:00Z,2026-09-17T22:15:00+0200,43233.5,MW,FR,FR,forecast_load,Forecasted Load,2026-09-18T21:38:54Z
2026-09-18T21:38:31Z,2026-09-18T23:38:31+0200,651accbc-0e12-4f0e-be4c-72ea58f8157a,2026-09-17T20:30:00Z,2026-09-17T22:30:00+0200,43410.0,MW,FR,FR,forecast_load,Forecasted Load,2026-09-18T21:38:54Z
2026-09-18T21:38:31Z,2026-09-18T23:38:31+0200,651accbc-0e12-4f0e-be4c-72ea58f8157a,2026-09-17T20:45:00Z,2026-09-17T22:45:00+0200,44144.5,MW,FR,FR,forecast_load,Forecasted Load,2026-09-18T21:38:54Z
2026-09-18T21:38:31Z,2026-09-18T23:38:31+0200,651accbc-0e12-4f0e-be4c-72ea58f8157a,2026-09-17T21:00:00Z,2026-09-17T23:00:00+0200,44879.0,MW,FR,FR,forecast_load,Forecasted Load,2026-09-18T21:38:54Z
2026-09-18T21:38:31Z,2026-09-18T23:38:31+0200,651accbc-0e12-4f0e-be4c-72ea58f8157a,2026-09-17T21:15:00Z,2026-09-17T23:15:00+0200,44085.5,MW,FR,FR,forecast_load,Forecasted Load,2026-09-18T21:38:54Z
2026-09-18T21:38:31Z,2026-09-18T23:38:31+0200,651accbc-0e12-4f0e-be4c-72ea58f8157a,2026-09-17T21:30:00Z,2026-09-17T23:30:00+0200,43292.0,MW,FR,FR,forecast_load,Forecasted Load,2026-09-18T21:38:54Z
2026-09-18T21:38:31Z,2026-09-18T23:38:31+0200,651accbc-0e12-4f0e-be4c-72ea58f8157a,2026-09-17T21:45:00Z,2026-09-17T23:45:00+0200,42723.0,MW,FR,FR,forecast_load,Forecasted Load,2026-09-18T21:38:54Z
2026-09-18T21:38:31Z,2026-09-18T23:38:31+0200,651accbc-0e12-4f0e-be4c-72ea58f8157a,2026-09-17T22:00:00Z,2026-09-18T00:00:00+0200,41500.0,MW,FR,FR,forecast_load,Forecasted Load,2026-09-18T21:38:54Z
2026-09-18T21:38:31Z,2026-09-18T23:38:31+0200,651accbc-0e12-4f0e-be4c-72ea58f8157a,2026-09-17T22:15:00Z,2026-09-18T00:15:00+0200,41000.0,MW,FR,FR,forecast_load,Forecasted Load,2026-09-18T21:38:54Z
2026-09-18T21:38:31Z,2026-09-18T23:38:31+0200,651accbc-0e12-4f0e-be4c-72ea58f8157a,2026-09-17T22:30:00Z,2026-09-18T00:30:00+0200,40500.0,MW,FR,FR,forecast_load,Forecasted Load,2026-09-18T21:38:54Z
2026-09-18T21:38:31Z,2026-09-18T23:38:31+0200,651accbc-0e12-4f0e-be4c-72ea58f8157a,2026-09-17T22:45:00Z,2026-09-18T00:45:00+0200,39850.0,MW,FR,FR,forecast_load,Forecasted Load,2026-09-18T21:38:54Z
2026-09-18T21:38:31Z,2026-09-18T23:38:31+0200,651accbc-0e12-4f0e-be4c-72ea58f8157a,2026-09-17T23:00:00Z,2026-09-18T01:00:00+0200,39200.0,MW,FR,FR,forecast_load,Forecasted Load,2026-09-18T21:38:54Z
2026-09-18T21:38:31Z,2026-09-18T23:38:31+0200,651accbc-0e12-4f0e-be4c-72ea58f8157a,2026-09-17T23:15:00Z,2026-09-18T01:15:00+0200,39400.0,MW,FR,FR,forecast_load,Forecasted Load,2026-09-18T21:38:54Z
2026-09-18T21:38:31Z,2026-09-18T23:38:31+0200,651accbc-0e12-4f0e-be4c-72ea58f8157a,2026-09-17T23:30:00Z,2026-09-18T01:30:00+0200,39600.0,MW,FR,FR,forecast_load,Forecasted Load,2026-09-18T21:38:54Z
2026-09-18T21:38:31Z,2026-09-18T23:38:31+0200,651accbc-0e12-4f0e-be4c-72ea58f8157a,2026-09-17T23:45:00Z,2026-09-18T01:45:00+0200,39000.0,MW,FR,FR,forecast_load,Forecasted Load,2026-09-18T21:38:54Z
2026-09-18T21:38:31Z,2026-09-18T23:38:31+0200,651accbc-0e12-4f0e-be4c-72ea58f8157a,2026-09-18T00:00:00Z,2026-09-18T02:00:00+0200,38400.0,MW,FR,FR,forecast_load,Forecasted Load,2026-09-18T21:38:54Z
2026-09-18T21:38:31Z,2026-09-18T23:38:31+0200,651accbc-0e12-4f0e-be4c-72ea58f8157a,2026-09-18T00:15:00Z,2026-09-18T02:15:00+0200,37750.0,MW,FR,FR,forecast_load,Forecasted Load,2026-09-18T21:38:54Z
2026-09-18T21:38:31Z,2026-09-18T23:38:31+0200,651accbc-0e12-4f0e-be4c-72ea58f8157a,2026-09-18T00:30:00Z,2026-09-18T02:30:00+0200,37100.0,MW,FR,FR,forecast_load,Forecasted Load,2026-09-18T21:38:54Z
2026-09-18T21:38:31Z,2026-09-18T23:38:31+0200,651accbc-0e12-4f0e-be4c-72ea58f8157a,2026-09-18T00:45:00Z,2026-09-18T02:45:00+0200,36550.0,MW,FR,FR,forecast_load,Forecasted Load,2026-09-18T21:38:54Z
2026-09-18T21:38:31Z,2026-09-18T23:38:31+0200,651accbc-0e12-4f0e-be4c-72ea58f8157a,2026-09-18T01:00:00Z,2026-09-18T03:00:00+0200,36000.0,MW,FR,FR,forecast_load,Forecasted Load,2026-09-18T21:38:54Z
2026-09-18T21:38:31Z,2026-09-18T23:38:31+0200,651accbc-0e12-4f0e-be4c-72ea58f8157a,2026-09-18T01:15:00Z,2026-09-18T03:15:00+0200,35600.0,MW,FR,FR,forecast_load,Forecasted Load,2026-09-18T21:38:54Z
2026-09-18T21:38:31Z,2026-09-18T23:38:31+0200,651accbc-0e12-4f0e-be4c-72ea58f8157a,2026-09-18T01:30:00Z,2026-09-18T03:30:00+0200,35200.0,MW,FR,FR,forecast_load,Forecasted Load,2026-09-18T21:38:54Z
2026-09-18T21:38:31Z,2026-09-18T23:38:31+0200,651accbc-0e12-4f0e-be4c-72ea58f8157a,2026-09-18T01:45:00Z,2026-09-18T03:45:00+0200,35050.0,MW,FR,FR,forecast_load,Forecasted Load,2026-09-18T21:38:54Z
2026-09-18T21:38:31Z,2026-09-18T23:38:31+0200,651accbc-0e12-4f0e-be4c-72ea58f8157a,2026-09-18T02:00:00Z,2026-09-18T04:00:00+0200,34900.0,MW,FR,FR,forecast_load,Forecasted Load,2026-09-18T21:38:54Z
2026-09-18T21:38:31Z,2026-09-18T23:38:31+0200,651accbc-0e12-4f0e-be4c-72ea58f8157a,2026-09-18T02:15:00Z,2026-09-18T04:15:00+0200,34800.0,MW,FR,FR,forecast_load,Forecasted Load,2026-09-18T21:38:54Z
2026-09-18T21:38:31Z,2026-09-18T23:38:31+0200,651accbc-0e12-4f0e-be4c-72ea58f8157a,2026-09-18T02:30:00Z,2026-09-18T04:30:00+0200,34700.0,MW,FR,FR,forecast_load,Forecasted Load,2026-09-18T21:38:54Z
2026-09-18T21:38:31Z,2026-09-18T23:38:31+0200,651accbc-0e12-4f0e-be4c-72ea58f8157a,2026-09-18T02:45:00Z,2026-09-18T04:45:00+0200,35000.0,MW,FR,FR,forecast_load,Forecasted Load,2026-09-18T21:38:54Z
2026-09-18T21:38:31Z,2026-09-18T23:38:31+0200,651accbc-0e12-4f0e-be4c-72ea58f8157a,2026-09-18T03:00:00Z,2026-09-18T05:00:00+0200,35300.0,MW,FR,FR,forecast_load,Forecasted Load,2026-09-18T21:38:54Z
2026-09-18T21:38:31Z,2026-09-18T23:38:31+0200,651accbc-0e12-4f0e-be4c-72ea58f8157a,2026-09-18T03:15:00Z,2026-09-18T05:15:00+0200,36000.0,MW,FR,FR,forecast_load,Forecasted Load,2026-09-18T21:38:54Z
2026-09-18T21:38:31Z,2026-09-18T23:38:31+0200,651accbc-0e12-4f0e-be4c-72ea58f8157a,2026-09-18T03:30:00Z,2026-09-18T05:30:00+0200,36700.0,MW,FR,FR,forecast_load,Forecasted Load,2026-09-18T21:38:54Z
2026-09-18T21:38:31Z,2026-09-18T23:38:31+0200,651accbc-0e12-4f0e-be4c-72ea58f8157a,2026-09-18T03:45:00Z,2026-09-18T05:45:00+0200,37400.0,MW,FR,FR,forecast_load,Forecasted Load,2026-09-18T21:38:54Z
2026-09-18T21:38:31Z,2026-09-18T23:38:31+0200,651accbc-0e12-4f0e-be4c-72ea58f8157a,2026-09-18T04:00:00Z,2026-09-18T06:00:00+0200,38100.0,MW,FR,FR,forecast_load,Forecasted Load,2026-09-18T21:38:54Z
2026-09-18T21:38:31Z,2026-09-18T23:38:31+0200,651accbc-0e12-4f0e-be4c-72ea58f8157a,2026-09-18T04:15:00Z,2026-09-18T06:15:00+0200,39150.0,MW,FR,FR,forecast_load,Forecasted Load,2026-09-18T21:38:54Z
2026-09-18T21:38:31Z,2026-09-18T23:38:31+0200,651accbc-0e12-4f0e-be4c-72ea58f8157a,2026-09-18T04:30:00Z,2026-09-18T06:30:00+0200,40200.0,MW,FR,FR,forecast_load,Forecasted Load,2026-09-18T21:38:54Z
2026-09-18T21:38:31Z,2026-09-18T23:38:31+0200,651accbc-0e12-4f0e-be4c-72ea58f8157a,2026-09-18T04:45:00Z,2026-09-18T06:45:00+0200,41250.0,MW,FR,FR,forecast_load,Forecasted Load,2026-09-18T21:38:54Z
2026-09-18T21:38:31Z,2026-09-18T23:38:31+0200,651accbc-0e12-4f0e-be4c-72ea58f8157a,2026-09-18T05:00:00Z,2026-09-18T07:00:00+0200,42300.0,MW,FR,FR,forecast_load,Forecasted Load,2026-09-18T21:38:54Z
2026-09-18T21:38:31Z,2026-09-18T23:38:31+0200,651accbc-0e12-4f0e-be4c-72ea58f8157a,2026-09-18T05:15:00Z,2026-09-18T07:15:00+0200,43050.0,MW,FR,FR,forecast_load,Forecasted Load,2026-09-18T21:38:54Z
2026-09-18T21:38:31Z,2026-09-18T23:38:31+0200,651accbc-0e12-4f0e-be4c-72ea58f8157a,2026-09-18T05:30:00Z,2026-09-18T07:30:00+0200,43800.0,MW,FR,FR,forecast_load,Forecasted Load,2026-09-18T21:38:54Z
2026-09-18T21:38:31Z,2026-09-18T23:38:31+0200,651accbc-0e12-4f0e-be4c-72ea58f8157a,2026-09-18T05:45:00Z,2026-09-18T07:45:00+0200,44500.0,MW,FR,FR,forecast_load,Forecasted Load,2026-09-18T21:38:54Z
2026-09-18T21:38:31Z,2026-09-18T23:38:31+0200,651accbc-0e12-4f0e-be4c-72ea58f8157a,2026-09-18T06:00:00Z,2026-09-18T08:00:00+0200,45200.0,MW,FR,FR,forecast_load,Forecasted Load,2026-09-18T21:38:54Z
2026-09-18T21:38:31Z,2026-09-18T23:38:31+0200,651accbc-0e12-4f0e-be4c-72ea58f8157a,2026-09-18T06:15:00Z,2026-09-18T08:15:00+0200,45400.0,MW,FR,FR,forecast_load,Forecasted Load,2026-09-18T21:38:54Z
2026-09-18T21:38:31Z,2026-09-18T23:38:31+0200,651accbc-0e12-4f0e-be4c-72ea58f8157a,2026-09-18T06:30:00Z,2026-09-18T08:30:00+0200,45600.0,MW,FR,FR,forecast_load,Forecasted Load,2026-09-18T21:38:54Z
2026-09-18T21:38:31Z,2026-09-18T23:38:31+0200,651accbc-0e12-4f0e-be4c-72ea58f8157a,2026-09-18T06:45:00Z,2026-09-18T08:45:00+0200,45900.0,MW,FR,FR,forecast_load,Forecasted Load,2026-09-18T21:38:54Z
2026-09-18T21:38:31Z,2026-09-18T23:38:31+0200,651accbc-0e12-4f0e-be4c-72ea58f8157a,2026-09-18T07:00:00Z,2026-09-18T09:00:00+0200,46200.0,MW,FR,FR,forecast_load,Forecasted Load,2026-09-18T21:38:54Z
2026-09-18T21:38:31Z,2026-09-18T23:38:31+0200,651accbc-0e12-4f0e-be4c-72ea58f8157a,2026-09-18T07:15:00Z,2026-09-18T09:15:00+0200,46500.0,MW,FR,FR,forecast_load,Forecasted Load,2026-09-18T21:38:54Z
2026-09-18T21:38:31Z,2026-09-18T23:38:31+0200,651accbc-0e12-4f0e-be4c-72ea58f8157a,2026-09-18T07:30:00Z,2026-09-18T09:30:00+0200,46800.0,MW,FR,FR,forecast_load,Forecasted Load,2026-09-18T21:38:54Z
2026-09-18T21:38:31Z,2026-09-18T23:38:31+0200,651accbc-0e12-4f0e-be4c-72ea58f8157a,2026-09-18T07:45:00Z,2026-09-18T09:45:00+0200,46800.0,MW,FR,FR,forecast_load,Forecasted Load,2026-09-18T21:38:54Z
2026-09-18T21:38:31Z,2026-09-18T23:38:31+0200,651accbc-0e12-4f0e-be4c-72ea58f8157a,2026-09-18T08:00:00Z,2026-09-18T10:00:00+0200,46800.0,MW,FR,FR,forecast_load,Forecasted Load,2026-09-18T21:38:54Z
2026-09-18T21:38:31Z,2026-09-18T23:38:31+0200,651accbc-0e12-4f0e-be4c-72ea58f8157a,2026-09-18T08:15:00Z,2026-09-18T10:15:00+0200,46850.0,MW,FR,FR,forecast_load,Forecasted Load,2026-09-18T21:38:54Z
2026-09-18T21:38:31Z,2026-09-18T23:38:31+0200,651accbc-0e12-4f0e-be4c-72ea58f8157a,2026-09-18T08:30:00Z,2026-09-18T10:30:00+0200,46900.0,MW,FR,FR,forecast_load,Forecasted Load,2026-09-18T21:38:54Z
2026-09-18T21:38:31Z,2026-09-18T23:38:31+0200,651accbc-0e12-4f0e-be4c-72ea58f8157a,2026-09-18T08:45:00Z,2026-09-18T10:45:00+0200,47250.0,MW,FR,FR,forecast_load,Forecasted Load,2026-09-18T21:38:54Z
2026-09-18T21:38:31Z,2026-09-18T23:38:31+0200,651accbc-0e12-4f0e-be4c-72ea58f8157a,2026-09-18T09:00:00Z,2026-09-18T11:00:00+0200,47600.0,MW,FR,FR,forecast_load,Forecasted Load,2026-09-18T21:38:54Z
2026-09-18T21:38:31Z,2026-09-18T23:38:31+0200,651accbc-0e12-4f0e-be4c-72ea58f8157a,2026-09-18T09:15:00Z,2026-09-18T11:15:00+0200,47550.0,MW,FR,FR,forecast_load,Forecasted Load,2026-09-18T21:38:54Z
2026-09-18T21:38:31Z,2026-09-18T23:38:31+0200,651accbc-0e12-4f0e-be4c-72ea58f8157a,2026-09-18T09:30:00Z,2026-09-18T11:30:00+0200,47500.0,MW,FR,FR,forecast_load,Forecasted Load,2026-09-18T21:38:54Z
2026-09-18T21:38:31Z,2026-09-18T23:38:31+0200,651accbc-0e12-4f0e-be4c-72ea58f8157a,2026-09-18T09:45:00Z,2026-09-18T11:45:00+0200,48000.0,MW,FR,FR,forecast_load,Forecasted Load,2026-09-18T21:38:54Z
2026-09-18T21:38:31Z,2026-09-18T23:38:31+0200,651accbc-0e12-4f0e-be4c-72ea58f8157a,2026-09-18T10:00:00Z,2026-09-18T12:00:00+0200,48500.0,MW,FR,FR,forecast_load,Forecasted Load,2026-09-18T21:38:54Z
2026-09-18T21:38:31Z,2026-09-18T23:38:31+0200,651accbc-0e12-4f0e-be4c-72ea58f8157a,2026-09-18T10:15:00Z,2026-09-18T12:15:00+0200,48450.0,MW,FR,FR,forecast_load,Forecasted Load,2026-09-18T21:38:54Z
2026-09-18T21:38:31Z,2026-09-18T23:38:31+0200,651accbc-0e12-4f0e-be4c-72ea58f8157a,2026-09-18T10:30:00Z,2026-09-18T12:30:00+0200,48400.0,MW,FR,FR,forecast_load,Forecasted Load,2026-09-18T21:38:54Z
2026-09-18T21:38:31Z,2026-09-18T23:38:31+0200,651accbc-0e12-4f0e-be4c-72ea58f8157a,2026-09-18T10:45:00Z,2026-09-18T12:45:00+0200,48800.0,MW,FR,FR,forecast_load,Forecasted Load,2026-09-18T21:38:54Z
2026-09-18T21:38:31Z,2026-09-18T23:38:31+0200,651accbc-0e12-4f0e-be4c-72ea58f8157a,2026-09-18T11:00:00Z,2026-09-18T13:00:00+0200,49200.0,MW,FR,FR,forecast_load,Forecasted Load,2026-09-18T21:38:54Z
2026-09-18T21:38:31Z,2026-09-18T23:38:31+0200,651accbc-0e12-4f0e-be4c-72ea58f8157a,2026-09-18T11:15:00Z,2026-09-18T13:15:00+0200,48300.0,MW,FR,FR,forecast_load,Forecasted Load,2026-09-18T21:38:54Z
2026-09-18T21:38:31Z,2026-09-18T23:38:31+0200,651accbc-0e12-4f0e-be4c-72ea58f8157a,2026-09-18T11:30:00Z,2026-09-18T13:30:00+0200,47400.0,MW,FR,FR,forecast_load,Forecasted Load,2026-09-18T21:38:54Z
2026-09-18T21:38:31Z,2026-09-18T23:38:31+0200,651accbc-0e12-4f0e-be4c-72ea58f8157a,2026-09-18T11:45:00Z,2026-09-18T13:45:00+0200,46950.0,MW,FR,FR,forecast_load,Forecasted Load,2026-09-18T21:38:54Z
2026-09-18T21:38:31Z,2026-09-18T23:38:31+0200,651accbc-0e12-4f0e-be4c-72ea58f8157a,2026-09-18T12:00:00Z,2026-09-18T14:00:00+0200,46500.0,MW,FR,FR,forecast_load,Forecasted Load,2026-09-18T21:38:54Z
2026-09-18T21:38:31Z,2026-09-18T23:38:31+0200,651accbc-0e12-4f0e-be4c-72ea58f8157a,2026-09-18T12:15:00Z,2026-09-18T14:15:00+0200,47400.0,MW,FR,FR,forecast_load,Forecasted Load,2026-09-18T21:38:54Z
2026-09-18T21:38:31Z,2026-09-18T23:38:31+0200,651accbc-0e12-4f0e-be4c-72ea58f8157a,2026-09-18T12:30:00Z,2026-09-18T14:30:00+0200,48300.0,MW,FR,FR,forecast_load,Forecasted Load,2026-09-18T21:38:54Z
2026-09-18T21:38:31Z,2026-09-18T23:38:31+0200,651accbc-0e12-4f0e-be4c-72ea58f8157a,2026-09-18T12:45:00Z,2026-09-18T14:45:00+0200,47650.0,MW,FR,FR,forecast_load,Forecasted Load,2026-09-18T21:38:54Z
2026-09-18T21:38:31Z,2026-09-18T23:38:31+0200,651accbc-0e12-4f0e-be4c-72ea58f8157a,2026-09-18T13:00:00Z,2026-09-18T15:00:00+0200,47000.0,MW,FR,FR,forecast_load,Forecasted Load,2026-09-18T21:38:54Z
2026-09-18T21:38:31Z,2026-09-18T23:38:31+0200,651accbc-0e12-4f0e-be4c-72ea58f8157a,2026-09-18T13:15:00Z,2026-09-18T15:15:00+0200,46450.0,MW,FR,FR,forecast_load,Forecasted Load,2026-09-18T21:38:54Z
2026-09-18T21:38:31Z,2026-09-18T23:38:31+0200,651accbc-0e12-4f0e-be4c-72ea58f8157a,2026-09-18T13:30:00Z,2026-09-18T15:30:00+0200,45900.0,MW,FR,FR,forecast_load,Forecasted Load,2026-09-18T21:38:54Z
2026-09-18T21:38:31Z,2026-09-18T23:38:31+0200,651accbc-0e12-4f0e-be4c-72ea58f8157a,2026-09-18T13:45:00Z,2026-09-18T15:45:00+0200,45650.0,MW,FR,FR,forecast_load,Forecasted Load,2026-09-18T21:38:54Z
2026-09-18T21:38:31Z,2026-09-18T23:38:31+0200,651accbc-0e12-4f0e-be4c-72ea58f8157a,2026-09-18T14:00:00Z,2026-09-18T16:00:00+0200,45400.0,MW,FR,FR,forecast_load,Forecasted Load,2026-09-18T21:38:54Z
2026-09-18T21:38:31Z,2026-09-18T23:38:31+0200,651accbc-0e12-4f0e-be4c-72ea58f8157a,2026-09-18T14:15:00Z,2026-09-18T16:15:00+0200,44950.0,MW,FR,FR,forecast_load,Forecasted Load,2026-09-18T21:38:54Z
2026-09-18T21:38:31Z,2026-09-18T23:38:31+0200,651accbc-0e12-4f0e-be4c-72ea58f8157a,2026-09-18T14:30:00Z,2026-09-18T16:30:00+0200,44500.0,MW,FR,FR,forecast_load,Forecasted Load,2026-09-18T21:38:54Z
2026-09-18T21:38:31Z,2026-09-18T23:38:31+0200,651accbc-0e12-4f0e-be4c-72ea58f8157a,2026-09-18T14:45:00Z,2026-09-18T16:45:00+0200,44150.0,MW,FR,FR,forecast_load,Forecasted Load,2026-09-18T21:38:54Z
2026-09-18T21:38:31Z,2026-09-18T23:38:31+0200,651accbc-0e12-4f0e-be4c-72ea58f8157a,2026-09-18T15:00:00Z,2026-09-18T17:00:00+0200,43800.0,MW,FR,FR,forecast_load,Forecasted Load,2026-09-18T21:38:54Z
2026-09-18T21:38:31Z,2026-09-18T23:38:31+0200,651accbc-0e12-4f0e-be4c-72ea58f8157a,2026-09-18T15:15:00Z,2026-09-18T17:15:00+0200,44250.0,MW,FR,FR,forecast_load,Forecasted Load,2026-09-18T21:38:54Z
2026-09-18T21:38:31Z,2026-09-18T23:38:31+0200,651accbc-0e12-4f0e-be4c-72ea58f8157a,2026-09-18T15:30:00Z,2026-09-18T17:30:00+0200,44700.0,MW,FR,FR,forecast_load,Forecasted Load,2026-09-18T21:38:54Z
2026-09-18T21:38:31Z,2026-09-18T23:38:31+0200,651accbc-0e12-4f0e-be4c-72ea58f8157a,2026-09-18T15:45:00Z,2026-09-18T17:45:00+0200,44900.0,MW,FR,FR,forecast_load,Forecasted Load,2026-09-18T21:38:54Z
2026-09-18T21:38:31Z,2026-09-18T23:38:31+0200,651accbc-0e12-4f0e-be4c-72ea58f8157a,2026-09-18T16:00:00Z,2026-09-18T18:00:00+0200,45100.0,MW,FR,FR,forecast_load,Forecasted Load,2026-09-18T21:38:54Z
2026-09-18T21:38:31Z,2026-09-18T23:38:31+0200,651accbc-0e12-4f0e-be4c-72ea58f8157a,2026-09-18T16:15:00Z,2026-09-18T18:15:00+0200,45400.0,MW,FR,FR,forecast_load,Forecasted Load,2026-09-18T21:38:54Z
2026-09-18T21:38:31Z,2026-09-18T23:38:31+0200,651accbc-0e12-4f0e-be4c-72ea58f8157a,2026-09-18T16:30:00Z,2026-09-18T18:30:00+0200,45700.0,MW,FR,FR,forecast_load,Forecasted Load,2026-09-18T21:38:54Z
2026-09-18T21:38:31Z,2026-09-18T23:38:31+0200,651accbc-0e12-4f0e-be4c-72ea58f8157a,2026-09-18T16:45:00Z,2026-09-18T18:45:00+0200,46100.0,MW,FR,FR,forecast_load,Forecasted Load,2026-09-18T21:38:54Z
2026-09-18T21:38:31Z,2026-09-18T23:38:31+0200,651accbc-0e12-4f0e-be4c-72ea58f8157a,2026-09-18T17:00:00Z,2026-09-18T19:00:00+0200,46500.0,MW,FR,FR,forecast_load,Forecasted Load,2026-09-18T21:38:54Z
2026-09-18T21:38:31Z,2026-09-18T23:38:31+0200,651accbc-0e12-4f0e-be4c-72ea58f8157a,2026-09-18T17:15:00Z,2026-09-18T19:15:00+0200,46300.0,MW,FR,FR,forecast_load,Forecasted Load,2026-09-18T21:38:54Z
2026-09-18T21:38:31Z,2026-09-18T23:38:31+0200,651accbc-0e12-4f0e-be4c-72ea58f8157a,2026-09-18T17:30:00Z,2026-09-18T19:30:00+0200,46100.0,MW,FR,FR,forecast_load,Forecasted Load,2026-09-18T21:38:54Z
2026-09-18T21:38:31Z,2026-09-18T23:38:31+0200,651accbc-0e12-4f0e-be4c-72ea58f8157a,2026-09-18T17:45:00Z,2026-09-18T19:45:00+0200,45900.0,MW,FR,FR,forecast_load,Forecasted Load,2026-09-18T21:38:54Z
2026-09-18T21:38:31Z,2026-09-18T23:38:31+0200,651accbc-0e12-4f0e-be4c-72ea58f8157a,2026-09-18T18:00:00Z,2026-09-18T20:00:00+0200,45700.0,MW,FR,FR,forecast_load,Forecasted Load,2026-09-18T21:38:54Z
2026-09-18T21:38:31Z,2026-09-18T23:38:31+0200,651accbc-0e12-4f0e-be4c-72ea58f8157a,2026-09-18T18:15:00Z,2026-09-18T20:15:00+0200,45400.0,MW,FR,FR,forecast_load,Forecasted Load,2026-09-18T21:38:54Z
2026-09-18T21:38:31Z,2026-09-18T23:38:31+0200,651accbc-0e12-4f0e-be4c-72ea58f8157a,2026-09-18T18:30:00Z,2026-09-18T20:30:00+0200,45100.0,MW,FR,FR,forecast_load,Forecasted Load,2026-09-18T21:38:54Z
2026-09-18T21:38:31Z,2026-09-18T23:38:31+0200,651accbc-0e12-4f0e-be4c-72ea58f8157a,2026-09-18T18:45:00Z,2026-09-18T20:45:00+0200,44650.0,MW,FR,FR,forecast_load,Forecasted Load,2026-09-18T21:38:54Z
2026-09-18T21:38:31Z,2026-09-18T23:38:31+0200,651accbc-0e12-4f0e-be4c-72ea58f8157a,2026-09-18T19:00:00Z,2026-09-18T21:00:00+0200,44200.0,MW,FR,FR,forecast_load,Forecasted Load,2026-09-18T21:38:54Z
2026-09-18T21:38:31Z,2026-09-18T23:38:31+0200,651accbc-0e12-4f0e-be4c-72ea58f8157a,2026-09-18T19:15:00Z,2026-09-18T21:15:00+0200,43550.0,MW,FR,FR,forecast_load,Forecasted Load,2026-09-18T21:38:54Z
2026-09-18T21:38:31Z,2026-09-18T23:38:31+0200,651accbc-0e12-4f0e-be4c-72ea58f8157a,2026-09-18T19:30:00Z,2026-09-18T21:30:00+0200,42900.0,MW,FR,FR,forecast_load,Forecasted Load,2026-09-18T21:38:54Z
2026-09-18T21:38:31Z,2026-09-18T23:38:31+0200,651accbc-0e12-4f0e-be4c-72ea58f8157a,2026-09-18T19:45:00Z,2026-09-18T21:45:00+0200,42200.0,MW,FR,FR,forecast_load,Forecasted Load,2026-09-18T21:38:54Z
2026-09-18T21:38:31Z,2026-09-18T23:38:31+0200,651accbc-0e12-4f0e-be4c-72ea58f8157a,2026-09-18T20:00:00Z,2026-09-18T22:00:00+0200,41500.0,MW,FR,FR,forecast_load,Forecasted Load,2026-09-18T21:38:54Z
2026-09-18T21:38:31Z,2026-09-18T23:38:31+0200,651accbc-0e12-4f0e-be4c-72ea58f8157a,2026-09-18T20:15:00Z,2026-09-18T22:15:00+0200,42000.0,MW,FR,FR,forecast_load,Forecasted Load,2026-09-18T21:38:54Z
2026-09-18T21:38:31Z,2026-09-18T23:38:31+0200,651accbc-0e12-4f0e-be4c-72ea58f8157a,2026-09-18T20:30:00Z,2026-09-18T22:30:00+0200,42500.0,MW,FR,FR,forecast_load,Forecasted Load,2026-09-18T21:38:54Z
2026-09-18T21:38:31Z,2026-09-18T23:38:31+0200,651accbc-0e12-4f0e-be4c-72ea58f8157a,2026-09-18T20:45:00Z,2026-09-18T22:45:00+0200,43100.0,MW,FR,FR,forecast_load,Forecasted Load,2026-09-18T21:38:54Z
2026-09-18T21:38:31Z,2026-09-18T23:38:31+0200,651accbc-0e12-4f0e-be4c-72ea58f8157a,2026-09-18T21:00:00Z,2026-09-18T23:00:00+0200,43700.0,MW,FR,FR,forecast_load,Forecasted Load,2026-09-18T21:38:54Z
2026-09-18T21:38:31Z,2026-09-18T23:38:31+0200,651accbc-0e12-4f0e-be4c-72ea58f8157a,2026-09-18T21:15:00Z,2026-09-18T23:15:00+0200,42650.0,MW,FR,FR,forecast_load,Forecasted Load,2026-09-18T21:38:54Z
2026-09-18T21:38:31Z,2026-09-18T23:38:31+0200,651accbc-0e12-4f0e-be4c-72ea58f8157a,2026-09-18T21:30:00Z,2026-09-18T23:30:00+0200,41600.0,MW,FR,FR,forecast_load,Forecasted Load,2026-09-18T21:38:54Z
2026-09-18T21:38:31Z,2026-09-18T23:38:31+0200,651accbc-0e12-4f0e-be4c-72ea58f8157a,2026-09-18T21:45:00Z,2026-09-18T23:45:00+0200,41200.0,MW,FR,FR,forecast_load,Forecasted Load,2026-09-18T21:38:54Z
2026-09-18T21:38:31Z,2026-09-18T23:38:31+0200,651accbc-0e12-4f0e-be4c-72ea58f8157a,2026-09-18T22:00:00Z,2026-09-19T00:00:00+0200,41500.0,MW,FR,FR,forecast_load,Forecasted Load,2026-09-18T21:38:55Z
2026-09-18T21:38:31Z,2026-09-18T23:38:31+0200,651accbc-0e12-4f0e-be4c-72ea58f8157a,2026-09-18T22:15:00Z,2026-09-19T00:15:00+0200,40750.0,MW,FR,FR,forecast_load,Forecasted Load,2026-09-18T21:38:55Z
2026-09-18T21:38:31Z,2026-09-18T23:38:31+0200,651accbc-0e12-4f0e-be4c-72ea58f8157a,2026-09-18T22:30:00Z,2026-09-19T00:30:00+0200,40000.0,MW,FR,FR,forecast_load,Forecasted Load,2026-09-18T21:38:55Z
2026-09-18T21:38:31Z,2026-09-18T23:38:31+0200,651accbc-0e12-4f0e-be4c-72ea58f8157a,2026-09-18T22:45:00Z,2026-09-19T00:45:00+0200,39050.0,MW,FR,FR,forecast_load,Forecasted Load,2026-09-18T21:38:55Z
2026-09-18T21:38:31Z,2026-09-18T23:38:31+0200,651accbc-0e12-4f0e-be4c-72ea58f8157a,2026-09-18T23:00:00Z,2026-09-19T01:00:00+0200,38100.0,MW,FR,FR,forecast_load,Forecasted Load,2026-09-18T21:38:55Z
2026-09-18T21:38:31Z,2026-09-18T23:38:31+0200,651accbc-0e12-4f0e-be4c-72ea58f8157a,2026-09-18T23:15:00Z,2026-09-19T01:15:00+0200,38200.0,MW,FR,FR,forecast_load,Forecasted Load,2026-09-18T21:38:55Z
2026-09-18T21:38:31Z,2026-09-18T23:38:31+0200,651accbc-0e12-4f0e-be4c-72ea58f8157a,2026-09-18T23:30:00Z,2026-09-19T01:30:00+0200,38300.0,MW,FR,FR,forecast_load,Forecasted Load,2026-09-18T21:38:55Z
2026-09-18T21:38:31Z,2026-09-18T23:38:31+0200,651accbc-0e12-4f0e-be4c-72ea58f8157a,2026-09-18T23:45:00Z,2026-09-19T01:45:00+0200,37750.0,MW,FR,FR,forecast_load,Forecasted Load,2026-09-18T21:38:55Z
2026-09-18T21:38:31Z,2026-09-18T23:38:31+0200,651accbc-0e12-4f0e-be4c-72ea58f8157a,2026-09-19T00:00:00Z,2026-09-19T02:00:00+0200,37200.0,MW,FR,FR,forecast_load,Forecasted Load,2026-09-18T21:38:55Z
2026-09-18T21:38:31Z,2026-09-18T23:38:31+0200,651accbc-0e12-4f0e-be4c-72ea58f8157a,2026-09-19T00:15:00Z,2026-09-19T02:15:00+0200,36400.0,MW,FR,FR,forecast_load,Forecasted Load,2026-09-18T21:38:55Z
2026-09-18T21:38:31Z,2026-09-18T23:38:31+0200,651accbc-0e12-4f0e-be4c-72ea58f8157a,2026-09-19T00:30:00Z,2026-09-19T02:30:00+0200,35600.0,MW,FR,FR,forecast_load,Forecasted Load,2026-09-18T21:38:55Z
2026-09-18T21:38:31Z,2026-09-18T23:38:31+0200,651accbc-0e12-4f0e-be4c-72ea58f8157a,2026-09-19T00:45:00Z,2026-09-19T02:45:00+0200,35050.0,MW,FR,FR,forecast_load,Forecasted Load,2026-09-18T21:38:55Z
2026-09-18T21:38:31Z,2026-09-18T23:38:31+0200,651accbc-0e12-4f0e-be4c-72ea58f8157a,2026-09-19T01:00:00Z,2026-09-19T03:00:00+0200,34500.0,MW,FR,FR,forecast_load,Forecasted Load,2026-09-18T21:38:55Z
2026-09-18T21:38:31Z,2026-09-18T23:38:31+0200,651accbc-0e12-4f0e-be4c-72ea58f8157a,2026-09-19T01:15:00Z,2026-09-19T03:15:00+0200,34200.0,MW,FR,FR,forecast_load,Forecasted Load,2026-09-18T21:38:55Z
2026-09-18T21:38:31Z,2026-09-18T23:38:31+0200,651accbc-0e12-4f0e-be4c-72ea58f8157a,2026-09-19T01:30:00Z,2026-09-19T03:30:00+0200,33900.0,MW,FR,FR,forecast_load,Forecasted Load,2026-09-18T21:38:55Z
2026-09-18T21:38:31Z,2026-09-18T23:38:31+0200,651accbc-0e12-4f0e-be4c-72ea58f8157a,2026-09-19T01:45:00Z,2026-09-19T03:45:00+0200,33550.0,MW,FR,FR,forecast_load,Forecasted Load,2026-09-18T21:38:55Z
2026-09-18T21:38:31Z,2026-09-18T23:38:31+0200,651accbc-0e12-4f0e-be4c-72ea58f8157a,2026-09-19T02:00:00Z,2026-09-19T04:00:00+0200,33200.0,MW,FR,FR,forecast_load,Forecasted Load,2026-09-18T21:38:55Z
2026-09-18T21:38:31Z,2026-09-18T23:38:31+0200,651accbc-0e12-4f0e-be4c-72ea58f8157a,2026-09-19T02:15:00Z,2026-09-19T04:15:00+0200,32900.0,MW,FR,FR,forecast_load,Forecasted Load,2026-09-18T21:38:55Z
2026-09-18T21:38:31Z,2026-09-18T23:38:31+0200,651accbc-0e12-4f0e-be4c-72ea58f8157a,2026-09-19T02:30:00Z,2026-09-19T04:30:00+0200,32600.0,MW,FR,FR,forecast_load,Forecasted Load,2026-09-18T21:38:55Z
2026-09-18T21:38:31Z,2026-09-18T23:38:31+0200,651accbc-0e12-4f0e-be4c-72ea58f8157a,2026-09-19T02:45:00Z,2026-09-19T04:45:00+0200,32650.0,MW,FR,FR,forecast_load,Forecasted Load,2026-09-18T21:38:55Z
2026-09-18T21:38:31Z,2026-09-18T23:38:31+0200,651accbc-0e12-4f0e-be4c-72ea58f8157a,2026-09-19T03:00:00Z,2026-09-19T05:00:00+0200,32700.0,MW,FR,FR,forecast_load,Forecasted Load,2026-09-18T21:38:55Z
2026-09-18T21:38:31Z,2026-09-18T23:38:31+0200,651accbc-0e12-4f0e-be4c-72ea58f8157a,2026-09-19T03:15:00Z,2026-09-19T05:15:00+0200,32850.0,MW,FR,FR,forecast_load,Forecasted Load,2026-09-18T21:38:55Z
2026-09-18T21:38:31Z,2026-09-18T23:38:31+0200,651accbc-0e12-4f0e-be4c-72ea58f8157a,2026-09-19T03:30:00Z,2026-09-19T05:30:00+0200,33000.0,MW,FR,FR,forecast_load,Forecasted Load,2026-09-18T21:38:55Z
2026-09-18T21:38:31Z,2026-09-18T23:38:31+0200,651accbc-0e12-4f0e-be4c-72ea58f8157a,2026-09-19T03:45:00Z,2026-09-19T05:45:00+0200,33300.0,MW,FR,FR,forecast_load,Forecasted Load,2026-09-18T21:38:55Z
2026-09-18T21:38:31Z,2026-09-18T23:38:31+0200,651accbc-0e12-4f0e-be4c-72ea58f8157a,2026-09-19T04:00:00Z,2026-09-19T06:00:00+0200,33600.0,MW,FR,FR,forecast_load,Forecasted Load,2026-09-18T21:38:55Z
2026-09-18T21:38:31Z,2026-09-18T23:38:31+0200,651accbc-0e12-4f0e-be4c-72ea58f8157a,2026-09-19T04:15:00Z,2026-09-19T06:15:00+0200,33750.0,MW,FR,FR,forecast_load,Forecasted Load,2026-09-18T21:38:55Z
2026-09-18T21:38:31Z,2026-09-18T23:38:31+0200,651accbc-0e12-4f0e-be4c-72ea58f8157a,2026-09-19T04:30:00Z,2026-09-19T06:30:00+0200,33900.0,MW,FR,FR,forecast_load,Forecasted Load,2026-09-18T21:38:55Z
2026-09-18T21:38:31Z,2026-09-18T23:38:31+0200,651accbc-0e12-4f0e-be4c-72ea58f8157a,2026-09-19T04:45:00Z,2026-09-19T06:45:00+0200,34350.0,MW,FR,FR,forecast_load,Forecasted Load,2026-09-18T21:38:55Z
2026-09-18T21:38:31Z,2026-09-18T23:38:31+0200,651accbc-0e12-4f0e-be4c-72ea58f8157a,2026-09-19T05:00:00Z,2026-09-19T07:00:00+0200,34800.0,MW,FR,FR,forecast_load,Forecasted Load,2026-09-18T21:38:55Z
2026-09-18T21:38:31Z,2026-09-18T23:38:31+0200,651accbc-0e12-4f0e-be4c-72ea58f8157a,2026-09-19T05:15:00Z,2026-09-19T07:15:00+0200,34750.0,MW,FR,FR,forecast_load,Forecasted Load,2026-09-18T21:38:55Z
2026-09-18T21:38:31Z,2026-09-18T23:38:31+0200,651accbc-0e12-4f0e-be4c-72ea58f8157a,2026-09-19T05:30:00Z,2026-09-19T07:30:00+0200,34700.0,MW,FR,FR,forecast_load,Forecasted Load,2026-09-18T21:38:55Z
2026-09-18T21:38:31Z,2026-09-18T23:38:31+0200,651accbc-0e12-4f0e-be4c-72ea58f8157a,2026-09-19T05:45:00Z,2026-09-19T07:45:00+0200,35200.0,MW,FR,FR,forecast_load,Forecasted Load,2026-09-18T21:38:55Z
2026-09-18T21:38:31Z,2026-09-18T23:38:31+0200,651accbc-0e12-4f0e-be4c-72ea58f8157a,2026-09-19T06:00:00Z,2026-09-19T08:00:00+0200,35700.0,MW,FR,FR,forecast_load,Forecasted Load,2026-09-18T21:38:55Z
2026-09-18T21:38:31Z,2026-09-18T23:38:31+0200,651accbc-0e12-4f0e-be4c-72ea58f8157a,2026-09-19T06:15:00Z,2026-09-19T08:15:00+0200,36150.0,MW,FR,FR,forecast_load,Forecasted Load,2026-09-18T21:38:55Z
2026-09-18T21:38:31Z,2026-09-18T23:38:31+0200,651accbc-0e12-4f0e-be4c-72ea58f8157a,2026-09-19T06:30:00Z,2026-09-19T08:30:00+0200,36600.0,MW,FR,FR,forecast_load,Forecasted Load,2026-09-18T21:38:55Z
2026-09-18T21:38:31Z,2026-09-18T23:38:31+0200,651accbc-0e12-4f0e-be4c-72ea58f8157a,2026-09-19T06:45:00Z,2026-09-19T08:45:00+0200,37250.0,MW,FR,FR,forecast_load,Forecasted Load,2026-09-18T21:38:55Z
2026-09-18T21:38:31Z,2026-09-18T23:38:31+0200,651accbc-0e12-4f0e-be4c-72ea58f8157a,2026-09-19T07:00:00Z,2026-09-19T09:00:00+0200,37900.0,MW,FR,FR,forecast_load,Forecasted Load,2026-09-18T21:38:55Z
2026-09-18T21:38:31Z,2026-09-18T23:38:31+0200,651accbc-0e12-4f0e-be4c-72ea58f8157a,2026-09-19T07:15:00Z,2026-09-19T09:15:00+0200,38350.0,MW,FR,FR,forecast_load,Forecasted Load,2026-09-18T21:38:55Z
2026-09-18T21:38:31Z,2026-09-18T23:38:31+0200,651accbc-0e12-4f0e-be4c-72ea58f8157a,2026-09-19T07:30:00Z,2026-09-19T09:30:00+0200,38800.0,MW,FR,FR,forecast_load,Forecasted Load,2026-09-18T21:38:55Z
2026-09-18T21:38:31Z,2026-09-18T23:38:31+0200,651accbc-0e12-4f0e-be4c-72ea58f8157a,2026-09-19T07:45:00Z,2026-09-19T09:45:00+0200,39050.0,MW,FR,FR,forecast_load,Forecasted Load,2026-09-18T21:38:55Z
2026-09-18T21:38:31Z,2026-09-18T23:38:31+0200,651accbc-0e12-4f0e-be4c-72ea58f8157a,2026-09-19T08:00:00Z,2026-09-19T10:00:00+0200,39300.0,MW,FR,FR,forecast_load,Forecasted Load,2026-09-18T21:38:55Z
2026-09-18T21:38:31Z,2026-09-18T23:38:31+0200,651accbc-0e12-4f0e-be4c-72ea58f8157a,2026-09-19T08:15:00Z,2026-09-19T10:15:00+0200,39500.0,MW,FR,FR,forecast_load,Forecasted Load,2026-09-18T21:38:55Z
2026-09-18T21:38:31Z,2026-09-18T23:38:31+0200,651accbc-0e12-4f0e-be4c-72ea58f8157a,2026-09-19T08:30:00Z,2026-09-19T10:30:00+0200,39700.0,MW,FR,FR,forecast_load,Forecasted Load,2026-09-18T21:38:55Z
2026-09-18T21:38:31Z,2026-09-18T23:38:31+0200,651accbc-0e12-4f0e-be4c-72ea58f8157a,2026-09-19T08:45:00Z,2026-09-19T10:45:00+0200,40000.0,MW,FR,FR,forecast_load,Forecasted Load,2026-09-18T21:38:55Z
2026-09-18T21:38:31Z,2026-09-18T23:38:31+0200,651accbc-0e12-4f0e-be4c-72ea58f8157a,2026-09-19T09:00:00Z,2026-09-19T11:00:00+0200,40300.0,MW,FR,FR,forecast_load,Forecasted Load,2026-09-18T21:38:55Z
2026-09-18T21:38:31Z,2026-09-18T23:38:31+0200,651accbc-0e12-4f0e-be4c-72ea58f8157a,2026-09-19T09:15:00Z,2026-09-19T11:15:00+0200,40400.0,MW,FR,FR,forecast_load,Forecasted Load,2026-09-18T21:38:55Z
2026-09-18T21:38:31Z,2026-09-18T23:38:31+0200,651accbc-0e12-4f0e-be4c-72ea58f8157a,2026-09-19T09:30:00Z,2026-09-19T11:30:00+0200,40500.0,MW,FR,FR,forecast_load,Forecasted Load,2026-09-18T21:38:55Z
2026-09-18T21:38:31Z,2026-09-18T23:38:31+0200,651accbc-0e12-4f0e-be4c-72ea58f8157a,2026-09-19T09:45:00Z,2026-09-19T11:45:00+0200,41400.0,MW,FR,FR,forecast_load,Forecasted Load,2026-09-18T21:38:55Z
2026-09-18T21:38:31Z,2026-09-18T23:38:31+0200,651accbc-0e12-4f0e-be4c-72ea58f8157a,2026-09-19T10:00:00Z,2026-09-19T12:00:00+0200,42300.0,MW,FR,FR,forecast_load,Forecasted Load,2026-09-18T21:38:55Z
2026-09-18T21:38:31Z,2026-09-18T23:38:31+0200,651accbc-0e12-4f0e-be4c-72ea58f8157a,2026-09-19T10:15:00Z,2026-09-19T12:15:00+0200,42550.0,MW,FR,FR,forecast_load,Forecasted Load,2026-09-18T21:38:55Z
2026-09-18T21:38:31Z,2026-09-18T23:38:31+0200,651accbc-0e12-4f0e-be4c-72ea58f8157a,2026-09-19T10:30:00Z,2026-09-19T12:30:00+0200,42800.0,MW,FR,FR,forecast_load,Forecasted Load,2026-09-18T21:38:55Z
2026-09-18T21:38:31Z,2026-09-18T23:38:31+0200,651accbc-0e12-4f0e-be4c-72ea58f8157a,2026-09-19T10:45:00Z,2026-09-19T12:45:00+0200,43100.0,MW,FR,FR,forecast_load,Forecasted Load,2026-09-18T21:38:55Z
2026-09-18T21:38:31Z,2026-09-18T23:38:31+0200,651accbc-0e12-4f0e-be4c-72ea58f8157a,2026-09-19T11:00:00Z,2026-09-19T13:00:00+0200,43400.0,MW,FR,FR,forecast_load,Forecasted Load,2026-09-18T21:38:55Z
2026-09-18T21:38:31Z,2026-09-18T23:38:31+0200,651accbc-0e12-4f0e-be4c-72ea58f8157a,2026-09-19T11:15:00Z,2026-09-19T13:15:00+0200,42200.0,MW,FR,FR,forecast_load,Forecasted Load,2026-09-18T21:38:55Z
2026-09-18T21:38:31Z,2026-09-18T23:38:31+0200,651accbc-0e12-4f0e-be4c-72ea58f8157a,2026-09-19T11:30:00Z,2026-09-19T13:30:00+0200,41000.0,MW,FR,FR,forecast_load,Forecasted Load,2026-09-18T21:38:55Z
2026-09-18T21:38:31Z,2026-09-18T23:38:31+0200,651accbc-0e12-4f0e-be4c-72ea58f8157a,2026-09-19T11:45:00Z,2026-09-19T13:45:00+0200,40550.0,MW,FR,FR,forecast_load,Forecasted Load,2026-09-18T21:38:55Z
2026-09-18T21:38:31Z,2026-09-18T23:38:31+0200,651accbc-0e12-4f0e-be4c-72ea58f8157a,2026-09-19T12:00:00Z,2026-09-19T14:00:00+0200,40100.0,MW,FR,FR,forecast_load,Forecasted Load,2026-09-18T21:38:55Z
2026-09-18T21:38:31Z,2026-09-18T23:38:31+0200,651accbc-0e12-4f0e-be4c-72ea58f8157a,2026-09-19T12:15:00Z,2026-09-19T14:15:00+0200,40800.0,MW,FR,FR,forecast_load,Forecasted Load,2026-09-18T21:38:55Z
2026-09-18T21:38:31Z,2026-09-18T23:38:31+0200,651accbc-0e12-4f0e-be4c-72ea58f8157a,2026-09-19T12:30:00Z,2026-09-19T14:30:00+0200,41500.0,MW,FR,FR,forecast_load,Forecasted Load,2026-09-18T21:38:55Z
2026-09-18T21:38:31Z,2026-09-18T23:38:31+0200,651accbc-0e12-4f0e-be4c-72ea58f8157a,2026-09-19T12:45:00Z,2026-09-19T14:45:00+0200,41200.0,MW,FR,FR,forecast_load,Forecasted Load,2026-09-18T21:38:55Z
2026-09-18T21:38:31Z,2026-09-18T23:38:31+0200,651accbc-0e12-4f0e-be4c-72ea58f8157a,2026-09-19T13:00:00Z,2026-09-19T15:00:00+0200,40900.0,MW,FR,FR,forecast_load,Forecasted Load,2026-09-18T21:38:55Z
2026-09-18T21:38:31Z,2026-09-18T23:38:31+0200,651accbc-0e12-4f0e-be4c-72ea58f8157a,2026-09-19T13:15:00Z,2026-09-19T15:15:00+0200,40500.0,MW,FR,FR,forecast_load,Forecasted Load,2026-09-18T21:38:55Z
2026-09-18T21:38:31Z,2026-09-18T23:38:31+0200,651accbc-0e12-4f0e-be4c-72ea58f8157a,2026-09-19T13:30:00Z,2026-09-19T15:30:00+0200,40100.0,MW,FR,FR,forecast_load,Forecasted Load,2026-09-18T21:38:55Z
2026-09-18T21:38:31Z,2026-09-18T23:38:31+0200,651accbc-0e12-4f0e-be4c-72ea58f8157a,2026-09-19T13:45:00Z,2026-09-19T15:45:00+0200,39850.0,MW,FR,FR,forecast_load,Forecasted Load,2026-09-18T21:38:55Z
2026-09-18T21:38:31Z,2026-09-18T23:38:31+0200,651accbc-0e12-4f0e-be4c-72ea58f8157a,2026-09-19T14:00:00Z,2026-09-19T16:00:00+0200,39600.0,MW,FR,FR,forecast_load,Forecasted Load,2026-09-18T21:38:55Z
2026-09-18T21:38:31Z,2026-09-18T23:38:31+0200,651accbc-0e12-4f0e-be4c-72ea58f8157a,2026-09-19T14:15:00Z,2026-09-19T16:15:00+0200,39250.0,MW,FR,FR,forecast_load,Forecasted Load,2026-09-18T21:38:55Z
2026-09-18T21:38:31Z,2026-09-18T23:38:31+0200,651accbc-0e12-4f0e-be4c-72ea58f8157a,2026-09-19T14:30:00Z,2026-09-19T16:30:00+0200,38900.0,MW,FR,FR,forecast_load,Forecasted Load,2026-09-18T21:38:55Z
2026-09-18T21:38:31Z,2026-09-18T23:38:31+0200,651accbc-0e12-4f0e-be4c-72ea58f8157a,2026-09-19T14:45:00Z,2026-09-19T16:45:00+0200,38700.0,MW,FR,FR,forecast_load,Forecasted Load,2026-09-18T21:38:55Z
2026-09-18T21:38:31Z,2026-09-18T23:38:31+0200,651accbc-0e12-4f0e-be4c-72ea58f8157a,2026-09-19T15:00:00Z,2026-09-19T17:00:00+0200,38500.0,MW,FR,FR,forecast_load,Forecasted Load,2026-09-18T21:38:55Z
2026-09-18T21:38:31Z,2026-09-18T23:38:31+0200,651accbc-0e12-4f0e-be4c-72ea58f8157a,2026-09-19T15:15:00Z,2026-09-19T17:15:00+0200,38900.0,MW,FR,FR,forecast_load,Forecasted Load,2026-09-18T21:38:55Z
2026-09-18T21:38:31Z,2026-09-18T23:38:31+0200,651accbc-0e12-4f0e-be4c-72ea58f8157a,2026-09-19T15:30:00Z,2026-09-19T17:30:00+0200,39300.0,MW,FR,FR,forecast_load,Forecasted Load,2026-09-18T21:38:55Z
2026-09-18T21:38:31Z,2026-09-18T23:38:31+0200,651accbc-0e12-4f0e-be4c-72ea58f8157a,2026-09-19T15:45:00Z,2026-09-19T17:45:00+0200,39700.0,MW,FR,FR,forecast_load,Forecasted Load,2026-09-18T21:38:55Z
2026-09-18T21:38:31Z,2026-09-18T23:38:31+0200,651accbc-0e12-4f0e-be4c-72ea58f8157a,2026-09-19T16:00:00Z,2026-09-19T18:00:00+0200,40100.0,MW,FR,FR,forecast_load,Forecasted Load,2026-09-18T21:38:55Z
2026-09-18T21:38:31Z,2026-09-18T23:38:31+0200,651accbc-0e12-4f0e-be4c-72ea58f8157a,2026-09-19T16:15:00Z,2026-09-19T18:15:00+0200,40650.0,MW,FR,FR,forecast_load,Forecasted Load,2026-09-18T21:38:55Z
2026-09-18T21:38:31Z,2026-09-18T23:38:31+0200,651accbc-0e12-4f0e-be4c-72ea58f8157a,2026-09-19T16:30:00Z,2026-09-19T18:30:00+0200,41200.0,MW,FR,FR,forecast_load,Forecasted Load,2026-09-18T21:38:55Z
2026-09-18T21:38:31Z,2026-09-18T23:38:31+0200,651accbc-0e12-4f0e-be4c-72ea58f8157a,2026-09-19T16:45:00Z,2026-09-19T18:45:00+0200,41600.0,MW,FR,FR,forecast_load,Forecasted Load,2026-09-18T21:38:55Z
2026-09-18T21:38:31Z,2026-09-18T23:38:31+0200,651accbc-0e12-4f0e-be4c-72ea58f8157a,2026-09-19T17:00:00Z,2026-09-19T19:00:00+0200,42000.0,MW,FR,FR,forecast_load,Forecasted Load,2026-09-18T21:38:55Z
2026-09-18T21:38:31Z,2026-09-18T23:38:31+0200,651accbc-0e12-4f0e-be4c-72ea58f8157a,2026-09-19T17:15:00Z,2026-09-19T19:15:00+0200,42250.0,MW,FR,FR,forecast_load,Forecasted Load,2026-09-18T21:38:55Z
2026-09-18T21:38:31Z,2026-09-18T23:38:31+0200,651accbc-0e12-4f0e-be4c-72ea58f8157a,2026-09-19T17:30:00Z,2026-09-19T19:30:00+0200,42500.0,MW,FR,FR,forecast_load,Forecasted Load,2026-09-18T21:38:55Z
2026-09-18T21:38:31Z,2026-09-18T23:38:31+0200,651accbc-0e12-4f0e-be4c-72ea58f8157a,2026-09-19T17:45:00Z,2026-09-19T19:45:00+0200,42400.0,MW,FR,FR,forecast_load,Forecasted Load,2026-09-18T21:38:55Z
2026-09-18T21:38:31Z,2026-09-18T23:38:31+0200,651accbc-0e12-4f0e-be4c-72ea58f8157a,2026-09-19T18:00:00Z,2026-09-19T20:00:00+0200,42300.0,MW,FR,FR,forecast_load,Forecasted Load,2026-09-18T21:38:55Z
2026-09-18T21:38:31Z,2026-09-18T23:38:31+0200,651accbc-0e12-4f0e-be4c-72ea58f8157a,2026-09-19T18:15:00Z,2026-09-19T20:15:00+0200,42050.0,MW,FR,FR,forecast_load,Forecasted Load,2026-09-18T21:38:55Z
2026-09-18T21:38:31Z,2026-09-18T23:38:31+0200,651accbc-0e12-4f0e-be4c-72ea58f8157a,2026-09-19T18:30:00Z,2026-09-19T20:30:00+0200,41800.0,MW,FR,FR,forecast_load,Forecasted Load,2026-09-18T21:38:55Z
2026-09-18T21:38:31Z,2026-09-18T23:38:31+0200,651accbc-0e12-4f0e-be4c-72ea58f8157a,2026-09-19T18:45:00Z,2026-09-19T20:45:00+0200,41550.0,MW,FR,FR,forecast_load,Forecasted Load,2026-09-18T21:38:55Z
2026-09-18T21:38:31Z,2026-09-18T23:38:31+0200,651accbc-0e12-4f0e-be4c-72ea58f8157a,2026-09-19T19:00:00Z,2026-09-19T21:00:00+0200,41300.0,MW,FR,FR,forecast_load,Forecasted Load,2026-09-18T21:38:55Z
2026-09-18T21:38:31Z,2026-09-18T23:38:31+0200,651accbc-0e12-4f0e-be4c-72ea58f8157a,2026-09-19T19:15:00Z,2026-09-19T21:15:00+0200,40900.0,MW,FR,FR,forecast_load,Forecasted Load,2026-09-18T21:38:55Z
2026-09-18T21:38:31Z,2026-09-18T23:38:31+0200,651accbc-0e12-4f0e-be4c-72ea58f8157a,2026-09-19T19:30:00Z,2026-09-19T21:30:00+0200,40500.0,MW,FR,FR,forecast_load,Forecasted Load,2026-09-18T21:38:55Z
2026-09-18T21:38:31Z,2026-09-18T23:38:31+0200,651accbc-0e12-4f0e-be4c-72ea58f8157a,2026-09-19T19:45:00Z,2026-09-19T21:45:00+0200,39900.0,MW,FR,FR,forecast_load,Forecasted Load,2026-09-18T21:38:55Z
2026-09-18T21:38:31Z,2026-09-18T23:38:31+0200,651accbc-0e12-4f0e-be4c-72ea58f8157a,2026-09-19T20:00:00Z,2026-09-19T22:00:00+0200,39300.0,MW,FR,FR,forecast_load,Forecasted Load,2026-09-18T21:38:55Z
2026-09-18T21:38:31Z,2026-09-18T23:38:31+0200,651accbc-0e12-4f0e-be4c-72ea58f8157a,2026-09-19T20:15:00Z,2026-09-19T22:15:00+0200,39700.0,MW,FR,FR,forecast_load,Forecasted Load,2026-09-18T21:38:55Z
2026-09-18T21:38:31Z,2026-09-18T23:38:31+0200,651accbc-0e12-4f0e-be4c-72ea58f8157a,2026-09-19T20:30:00Z,2026-09-19T22:30:00+0200,40100.0,MW,FR,FR,forecast_load,Forecasted Load,2026-09-18T21:38:55Z
2026-09-18T21:38:31Z,2026-09-18T23:38:31+0200,651accbc-0e12-4f0e-be4c-72ea58f8157a,2026-09-19T20:45:00Z,2026-09-19T22:45:00+0200,40700.0,MW,FR,FR,forecast_load,Forecasted Load,2026-09-18T21:38:55Z
2026-09-18T21:38:31Z,2026-09-18T23:38:31+0200,651accbc-0e12-4f0e-be4c-72ea58f8157a,2026-09-19T21:00:00Z,2026-09-19T23:00:00+0200,41300.0,MW,FR,FR,forecast_load,Forecasted Load,2026-09-18T21:38:55Z
2026-09-18T21:38:31Z,2026-09-18T23:38:31+0200,651accbc-0e12-4f0e-be4c-72ea58f8157a,2026-09-19T21:15:00Z,2026-09-19T23:15:00+0200,40800.0,MW,FR,FR,forecast_load,Forecasted Load,2026-09-18T21:38:55Z
2026-09-18T21:38:31Z,2026-09-18T23:38:31+0200,651accbc-0e12-4f0e-be4c-72ea58f8157a,2026-09-19T21:30:00Z,2026-09-19T23:30:00+0200,40300.0,MW,FR,FR,forecast_load,Forecasted Load,2026-09-18T21:38:55Z
2026-09-18T21:38:31Z,2026-09-18T23:38:31+0200,651accbc-0e12-4f0e-be4c-72ea58f8157a,2026-09-19T21:45:00Z,2026-09-19T23:45:00+0200,39850.0,MW,FR,FR,forecast_load,Forecasted Load,2026-09-18T21:38:55Z
