collection_time_utc,collection_time_local,run_id,timestamp_utc,timestamp_local,value,unit,country,entsoe_area,variable,source,updated_at_utc
2026-09-24T05:08:05Z,2026-09-24T07:08:05+0200,b9e32d7a-c859-44a5-aa71-7ec31e4fc19a,2026-09-17T05:15:00Z,2026-09-17T07:15:00+0200,42699.5,MW,FR,FR,forecast_load,Forecasted Load,2026-09-24T05:08:29Z
2026-09-24T05:08:05Z,2026-09-24T07:08:05+0200,b9e32d7a-c859-44a5-aa71-7ec31e4fc19a,2026-09-17T05:30:00Z,2026-09-17T07:30:00+0200,43473.0,MW,FR,FR,forecast_load,Forecasted Load,2026-09-24T05:08:29Z
2026-09-24T05:08:05Z,2026-09-24T07:08:05+0200,b9e32d7a-c859-44a5-aa71-7ec31e4fc19a,2026-09-17T05:45:00Z,2026-09-17T07:45:00+0200,43949.0,MW,FR,FR,forecast_load,Forecasted Load,2026-09-24T05:08:29Z
2026-09-24T05:08:05Z,2026-09-24T07:08:05+0200,b9e32d7a-c859-44a5-aa71-7ec31e4fc19a,2026-09-17T06:00:00Z,2026-09-17T08:00:00+0200,44425.0,MW,FR,FR,forecast_load,Forecasted Load,2026-09-24T05:08:29Z
2026-09-24T05:08:05Z,2026-09-24T07:08:05+0200,b9e32d7a-c859-44a5-aa71-7ec31e4fc19a,2026-09-17T06:15:00Z,2026-09-17T08:15:00+0200,44788.0,MW,FR,FR,forecast_load,Forecasted Load,2026-09-24T05:08:29Z
2026-09-24T05:08:05Z,2026-09-24T07:08:05+0200,b9e32d7a-c859-44a5-aa71-7ec31e4fc19a,2026-09-17T06:30:00Z,2026-09-17T08:30:00+0200,45151.0,MW,FR,FR,forecast_load,Forecasted Load,2026-09-24T05:08:29Z
2026-09-24T05:08:05Z,2026-09-24T07:08:05+0200,b9e32d7a-c859-44a5-aa71-7ec31e4fc19a,2026-09-17T06:45:00Z,2026-09-17T08:45:00+0200,45408.0,MW,FR,FR,forecast_load,Forecasted Load,2026-09-24T05:08:29Z
2026-09-24T05:08:05Z,2026-09-24T07:08:05+0200,b9e32d7a-c859-44a5-aa71-7ec31e4fc19a,2026-09-17T07:00:00Z,2026-09-17T09:00:00+0200,45665.0,MW,FR,FR,forecast_load,Forecasted Load,2026-09-24T05:08:29Z
2026-09-24T05:08:05Z,2026-09-24T07:08:05+0200,b9e32d7a-c859-44a5-aa71-7ec31e4fc19a,2026-09-17T07:15:00Z,2026-09-17T09:15:00+0200,45942.0,MW,FR,FR,forecast_load,Forecasted Load,2026-09-24T05:08:29Z
2026-09-24T05:08:05Z,2026-09-24T07:08:05+0200,b9e32d7a-c859-44a5-aa71-7ec31e4fc19a,2026-09-17T07:30:00Z,2026-09-17T09:30:00+0200,46219.0,MW,FR,FR,forecast_load,Forecasted Load,2026-09-24T05:08:29Z
2026-09-24T05:08:05Z,2026-09-24T07:08:05+0200,b9e32d7a-c859-44a5-aa71-7ec31e4fc19a,2026-09-17T07:45:00Z,2026-09-17T09:45:00+0200,46343.0,MW,FR,FR,forecast_load,Forecasted Load,2026-09-24T05:08:29Z
2026-09-24T05:08:05Z,2026-09-24T07:08:05+0200,b9e32d7a-c859-44a5-aa71-7ec31e4fc19a,2026-09-17T08:00:00Z,2026-09-17T10:00:00+0200,46467.0,MW,FR,FR,forecast_load,Forecasted Load,2026-09-24T05:08:29Z
2026-09-24T05:08:05Z,2026-09-24T07:08:05+0200,b9e32d7a-c859-44a5-aa71-7ec31e4fc19a,2026-09-17T08:15:00Z,2026-09-17T10:15:00+0200,46734.0,MW,FR,FR,forecast_load,Forecasted Load,2026-09-24T05:08:29Z
2026-09-24T05:08:05Z,2026-09-24T07:08:05+0200,b9e32d7a-c859-44a5-aa71-7ec31e4fc19a,2026-09-17T08:30:00Z,2026-09-17T10:30:00+0200,47001.0,MW,FR,FR,forecast_load,Forecasted Load,2026-09-24T05:08:29Z
2026-09-24T05:08:05Z,2026-09-24T07:08:05+0200,b9e32d7a-c859-44a5-aa71-7ec31e4fc19a,2026-09-17T08:45:00Z,2026-09-17T10:45:00+0200,47094.0,MW,FR,FR,forecast_load,Forecasted Load,2026-09-24T05:08:29Z
2026-09-24T05:08:05Z,2026-09-24T07:08:05+0200,b9e32d7a-c859-44a5-aa71-7ec31e4fc19a,2026-09-17T09:00:00Z,2026-09-17T11:00:00+0200,47187.0,MW,FR,FR,forecast_load,Forecasted Load,2026-09-24T05:08:29Z
2026-09-24T05:08:05Z,2026-09-24T07:08:05+0200,b9e32d7a-c859-44a5-aa71-7ec31e4fc19a,2026-09-17T09:15:00Z,2026-09-17T11:15:00+0200,47241.0,MW,FR,FR,forecast_load,Forecasted Load,2026-09-24T05:08:29Z
2026-09-24T05:08:05Z,2026-09-24T07:08:05+0200,b9e32d7a-c859-44a5-aa71-7ec31e4fc19a,2026-09-17T09:30:00Z,2026-09-17T11:30:00+0200,47295.0,MW,FR,FR,forecast_load,Forecasted Load,2026-09-24T05:08:29Z
2026-09-24T05:08:05Z,2026-09-24T07:08:05+0200,b9e32d7a-c859-44a5-aa71-7ec31e4fc19a,2026-09-17T09:45:00Z,2026-09-17T11:45:00+0200,47585.5,MW,FR,FR,forecast_load,Forecasted Load,2026-09-24T05:08:29Z
2026-09-24T05:08:05Z,2026-09-24T07:08:05+0200,b9e32d7a-c859-44a5-aa71-7ec31e4fc19a,2026-09-17T10:00:00Z,2026-09-17T12:00:00+0200,47876.0,MW,FR,FR,forecast_load,Forecasted Load,2026-09-24T05:08:29Z
2026-09-24T05:08:05Z,2026-09-24T07:08:05+0200,b9e32d7a-c859-44a5-aa71-7ec31e4fc19a,2026-09-17T10:15:00Z,2026-09-17T12:15:00+0200,47565.0,MW,FR,FR,forecast_load,Forecasted Load,2026-09-24T05:08:29Z
2026-09-24T05:08:05Z,2026-09-24T07:08:05+0200,b9e32d7a-c859-44a5-aa71-7ec31e4fc19a,2026-09-17T10:30:00Z,2026-09-17T12:30:00+0200,47254.0,MW,FR,FR,forecast_load,Forecasted Load,2026-09-24T05:08:29Z
2026-09-24T05:08:05Z,2026-09-24T07:08:05+0200,b9e32d7a-c859-44a5-aa71-7ec31e4fc19a,2026-09-17T10:45:00Z,2026-09-17T12:45:00+0200,47747.0,MW,FR,FR,forecast_load,Forecasted Load,2026-09-24T05:08:29Z
2026-09-24T05:08:05Z,2026-09-24T07:08:05+0200,b9e32d7a-c859-44a5-aa71-7ec31e4fc19a,2026-09-17T11:00:00Z,2026-09-17T13:00:00+0200,48240.0,MW,FR,FR,forecast_load,Forecasted Load,2026-09-24T05:08:29Z
2026-09-24T05:08:05Z,2026-09-24T07:08:05+0200,b9e32d7a-c859-44a5-aa71-7ec31e4fc19a,2026-09-17T11:15:00Z,2026-09-17T13:15:00+0200,47505.0,MW,FR,FR,forecast_load,Forecasted Load,2026-09-24T05:08:29Z
2026-09-24T05:08:05Z,2026-09-24T07:08:05+0200,b9e32d7a-c859-44a5-aa71-7ec31e4fc19a,2026-09-17T11:30:00Z,2026-09-17T13:30:00+0200,46770.0,MW,FR,FR,forecast_load,Forecasted Load,2026-09-24T05:08:29Z
2026-09-24T05:08:05Z,2026-09-24T07:08:05+0200,b9e32d7a-c859-44a5-aa71-7ec31e4fc19a,2026-09-17T11:45:00Z,2026-09-17T13:45:00+0200,46610.5,MW,FR,FR,forecast_load,Forecasted Load,2026-09-24T05:08:29Z
2026-09-24T05:08:05Z,2026-09-24T07:08:05+0200,b9e32d7a-c859-44a5-aa71-7ec31e4fc19a,2026-09-17T12:00:00Z,2026-09-17T14:00:00+0200,46451.0,MW,FR,FR,forecast_load,Forecasted Load,2026-09-24T05:08:29Z
2026-09-24T05:08:05Z,2026-09-24T07:08:05+0200,b9e32d7a-c859-44a5-aa71-7ec31e4fc19a,2026-09-17T12:15:00Z,2026-09-17T14:15:00+0200,47055.5,MW,FR,FR,forecast_load,Forecasted Load,2026-09-24T05:08:29Z
2026-09-24T05:08:05Z,2026-09-24T07:08:05+0200,b9e32d7a-c859-44a5-aa71-7ec31e4fc19a,2026-09-17T12:30:00Z,2026-09-17T14:30:00+0200,47660.0,MW,FR,FR,forecast_load,Forecasted Load,2026-09-24T05:08:29Z
2026-09-24T05:08:05Z,2026-09-24T07:08:05+0200,b9e32d7a-c859-44a5-aa71-7ec31e4fc19a,2026-09-17T12:45:00Z,2026-09-17T14:45:00+0200,47100.0,MW,FR,FR,forecast_load,Forecasted Load,2026-09-24T05:08:29Z
2026-09-24T05:08:05Z,2026-09-24T07:08:05+0200,b9e32d7a-c859-44a5-aa71-7ec31e4fc19a,2026-09-17T13:00:00Z,2026-09-17T15:00:00+0200,46540.0,MW,FR,FR,forecast_load,Forecasted Load,2026-09-24T05:08:29Z
2026-09-24T05:08:05Z,2026-09-24T07:08:05+0200,b9e32d7a-c859-44a5-aa71-7ec31e4fc19a,2026-09-17T13:15:00Z,2026-09-17T15:15:00+0200,46381.5,MW,FR,FR,forecast_load,Forecasted Load,2026-09-24T05:08:29Z
2026-09-24T05:08:05Z,2026-09-24T07:08:05+0200,b9e32d7a-c859-44a5-aa71-7ec31e4fc19a,2026-09-17T13:30:00Z,2026-09-17T15:30:00+0200,46223.0,MW,FR,FR,forecast_load,Forecasted Load,2026-09-24T05:08:29Z
2026-09-24T05:08:05Z,2026-09-24T07:08:05+0200,b9e32d7a-c859-44a5-aa71-7ec31e4fc19a,2026-09-17T13:45:00Z,2026-09-17T15:45:00+0200,45964.0,MW,FR,FR,forecast_load,Forecasted Load,2026-09-24T05:08:29Z
2026-09-24T05:08:05Z,2026-09-24T07:08:05+0200,b9e32d7a-c859-44a5-aa71-7ec31e4fc19a,2026-09-17T14:00:00Z,2026-09-17T16:00:00+0200,45705.0,MW,FR,FR,forecast_load,Forecasted Load,2026-09-24T05:08:29Z
2026-09-24T05:08:05Z,2026-09-24T07:08:05+0200,b9e32d7a-c859-44a5-aa71-7ec31e4fc19a,2026-09-17T14:15:00Z,2026-09-17T16:15:00+0200,45190.5,MW,FR,FR,forecast_load,Forecasted Load,2026-09-24T05:08:29Z
2026-09-24T05:08:05Z,2026-09-24T07:08:05+0200,b9e32d7a-c859-44a5-aa71-7ec31e4fc19a,2026-09-17T14:30:00Z,2026-09-17T16:30:00+0200,44676.0,MW,FR,FR,forecast_load,Forecasted Load,2026-09-24T05:08:29Z
2026-09-24T05:08:05Z,2026-09-24T07:08:05+0200,b9e32d7a-c859-44a5-aa71-7ec31e4fc19a,2026-09-17T14:45:00Z,2026-09-17T16:45:00+0200,44677.5,MW,FR,FR,forecast_load,Forecasted Load,2026-09-24T05:08:29Z
2026-09-24T05:08:05Z,2026-09-24T07:08:05+0200,b9e32d7a-c859-44a5-aa71-7ec31e4fc19a,2026-09-17T15:00:00Z,2026-09-17T17:00:00+0200,44679.0,MW,FR,FR,forecast_load,Forecasted Load,2026-09-24T05:08:29Z
2026-09-24T05:08:05Z,2026-09-24T07:08:05+0200,b9e32d7a-c859-44a5-aa71-7ec31e4fc19a,2026-09-17T15:15:00Z,2026-09-17T17:15:00+0200,44799.0,MW,FR,FR,forecast_load,Forecasted Load,2026-09-24T05:08:29Z
2026-09-24T05:08:05Z,2026-09-24T07:08:05+0200,b9e32d7a-c859-44a5-aa71-7ec31e4fc19a,2026-09-17T15:30:00Z,2026-09-17T17:30:00+0200,44919.0,MW,FR,FR,forecast_load,Forecasted Load,2026-09-24T05:08:29Z
2026-09-24T05:08:05Z,2026-09-24T07:08:05+0200,b9e32d7a-c859-44a5-aa71-7ec31e4fc19a,2026-09-17T15:45:00Z,2026-09-17T17:45:00+0200,45246.5,MW,FR,FR,forecast_load,Forecasted Load,2026-09-24T05:08:29Z
2026-09-24T05:08:05Z,2026-09-24T07:08:05+0200,b9e32d7a-c859-44a5-aa71-7ec31e4fc19a,2026-09-17T16:00:00Z,2026-09-17T18:00:00+0200,45574.0,MW,FR,FR,forecast_load,Forecasted Load,2026-09-24T05:08:29Z
2026-09-24T05:08:05Z,2026-09-24T07:08:05+0200,b9e32d7a-c859-44a5-aa71-7ec31e4fc19a,2026-09-17T16:15:00Z,2026-09-17T18:15:00+0200,46157.5,MW,FR,FR,forecast_load,Forecasted Load,2026-09-24T05:08:29Z
2026-09-24T05:08:05Z,2026-09-24T07:08:05+0200,b9e32d7a-c859-44a5-aa71-7ec31e4fc19a,2026-09-17T16:30:00Z,2026-09-17T18:30:00+0200,46741.0,MW,FR,FR,forecast_load,Forecasted Load,2026-09-24T05:08:29Z
2026-09-24T05:08:05Z,2026-09-24T07:08:05+0200,b9e32d7a-c859-44a5-aa71-7ec31e4fc19a,2026-09-17T16:45:00Z,2026-09-17T18:45:00+0200,47542.5,MW,FR,FR,forecast_load,Forecasted Load,2026-09-24T05:08:29Z
2026-09-24T05:08:05Z,2026-09-24T07:08:05+0200,b9e32d7a-c859-44a5-aa71-7ec31e4fc19a,2026-09-17T17:00:00Z,2026-09-17T19:00:00+0200,48344.0,MW,FR,FR,forecast_load,Forecasted Load,2026-09-24T05:08:29Z
2026-09-24T05:08:05Z,2026-09-24T07:08:05+0200,b9e32d7a-c859-44a5-aa71-7ec31e4fc19a,2026-09-17T17:15:00Z,2026-09-17T19:15:00+0200,48183.5,MW,FR,FR,forecast_load,Forecasted Load,2026-09-24T05:08:29Z
2026-09-24T05:08:05Z,2026-09-24T07:08:05+0200,b9e32d7a-c859-44a5-aa71-7ec31e4fc19a,2026-09-17T17:30:00Z,2026-09-17T19:30:00+0200,48023.0,MW,FR,FR,forecast_load,Forecasted Load,2026-09-24T05:08:29Z
2026-09-24T05:08:05Z,2026-09-24T07:08:05+0200,b9e32d7a-c859-44a5-aa71-7ec31e4fc19a,2026-09-17T17:45:00Z,2026-09-17T19:45:00+0200,47678.0,MW,FR,FR,forecast_load,Forecasted Load,2026-09-24T05:08:29Z
2026-09-24T05:08:05Z,2026-09-24T07:08:05+0200,b9e32d7a-c859-44a5-aa71-7ec31e4fc19a,2026-09-17T18:00:00Z,2026-09-17T20:00:00+0200,47333.0,MW,FR,FR,forecast_load,Forecasted Load,2026-09-24T05:08:29Z
2026-09-24T05:08:05Z,2026-09-24T07:08:05+0200,b9e32d7a-c859-44a5-aa71-7ec31e4fc19a,2026-09-17T18:15:00Z,2026-09-17T20:15:00+0200,47024.5,MW,FR,FR,forecast_load,Forecasted Load,2026-09-24T05:08:29Z
2026-09-24T05:08:05Z,2026-09-24T07:08:05+0200,b9e32d7a-c859-44a5-aa71-7ec31e4fc19a,2026-09-17T18:30:00Z,2026-09-17T20:30:00+0200,46716.0,MW,FR,FR,forecast_load,Forecasted Load,2026-09-24T05:08:29Z
2026-09-24T05:08:05Z,2026-09-24T07:08:05+0200,b9e32d7a-c859-44a5-aa71-7ec31e4fc19a,2026-09-17T18:45:00Z,2026-09-17T20:45:00+0200,46110.5,MW,FR,FR,forecast_load,Forecasted Load,2026-09-24T05:08:29Z
2026-09-24T05:08:05Z,2026-09-24T07:08:05+0200,b9e32d7a-c859-44a5-aa71-7ec31e4fc19a,2026-09-17T19:00:00Z,2026-09-17T21:00:00+0200,45505.0,MW,FR,FR,forecast_load,Forecasted Load,2026-09-24T05:08:29Z
2026-09-24T05:08:05Z,2026-09-24T07:08:05+0200,b9e32d7a-c859-44a5-aa71-7ec31e4fc19a,2026-09-17T19:15:00Z,2026-09-17T21:15:00+0200,44856.5,MW,FR,FR,forecast_load,Forecasted Load,2026-09-24T05:08:29Z
2026-09-24T05:08:05Z,2026-09-24T07:08:05+0200,b9e32d7a-c859-44a5-aa71-7ec31e4fc19a,2026-09-17T19:30:00Z,2026-09-17T21:30:00+0200,44208.0,MW,FR,FR,forecast_load,Forecasted Load,2026-09-24T05:08:29Z
2026-09-24T05:08:05Z,2026-09-24T07:08:05+0200,b9e32d7a-c859-44a5-aa71-7ec31e4fc19a,2026-09-17T19:45:00Z,2026-09-17T21:45:00+0200,43632.5,MW,FR,FR,forecast_load,Forecasted Load,2026-09-24T05:08:29Z
2026-09-24T05:08:05Z,2026-09-24T07:08:05+0200,b9e32d7a-c859-44a5-aa71-7ec31e4fc19a,2026-09-17T20:00:00Z,2026-09-17T22:00:00+0200,43057.0,MW,FR,FR,forecast_load,Forecasted Load,2026-09-24T05:08:29Z
2026-09-24T05:08:05Z,2026-09-24T07:08:05+0200,b9e32d7a-c859-44a5-aa71-7ec31e4fc19a,2026-09-17T20:15:00Z,2026-09-17T22:15:00+0200,43233.5,MW,FR,FR,forecast_load,Forecasted Load,2026-09-24T05:08:29Z
2026-09-24T05:08:05Z,2026-09-24T07:08:05+0200,b9e32d7a-c859-44a5-aa71-7ec31e4fc19a,2026-09-17T20:30:00Z,2026-09-17T22:30:00+0200,43410.0,MW,FR,FR,forecast_load,Forecasted Load,2026-09-24T05:08:29Z
2026-09-24T05:08:05Z,2026-09-24T07:08:05+0200,b9e32d7a-c859-44a5-aa71-7ec31e4fc19a,2026-09-17T20:45:00Z,2026-09-17T22:45:00+0200,44144.5,MW,FR,FR,forecast_load,Forecasted Load,2026-09-24T05:08:29Z
2026-09-24T05:08:05Z,2026-09-24T07:08:05+0200,b9e32d7a-c859-44a5-aa71-7ec31e4fc19a,2026-09-17T21:00:00Z,2026-09-17T23:00:00+0200,44879.0,MW,FR,FR,forecast_load,Forecasted Load,2026-09-24T05:08:29Z
2026-09-24T05:08:05Z,2026-09-24T07:08:05+0200,b9e32d7a-c859-44a5-aa71-7ec31e4fc19a,2026-09-17T21:15:00Z,2026-09-17T23:15:00+0200,44085.5,MW,FR,FR,forecast_load,Forecasted Load,2026-09-24T05:08:29Z
2026-09-24T05:08:05Z,2026-09-24T07:08:05+0200,b9e32d7a-c859-44a5-aa71-7ec31e4fc19a,2026-09-17T21:30:00Z,2026-09-17T23:30:00+0200,43292.0,MW,FR,FR,forecast_load,Forecasted Load,2026-09-24T05:08:29Z
2026-09-24T05:08:05Z,2026-09-24T07:08:05+0200,b9e32d7a-c859-44a5-aa71-7ec31e4fc19a,2026-09-17T21:45:00Z,2026-09-17T23:45:00+0200,42723.0,MW,FR,FR,forecast_load,Forecasted Load,2026-09-24T05:08:29Z
2026-09-24T05:08:05Z,2026-09-24T07:08:05+0200,b9e32d7a-c859-44a5-aa71-7ec31e4fc19a,2026-09-17T22:00:00Z,2026-09-18T00:00:00+0200,41500.0,MW,FR,FR,forecast_load,Forecasted Load,2026-09-24T05:08:29Z
2026-09-24T05:08:05Z,2026-09-24T07:08:05+0200,b9e32d7a-c859-44a5-aa71-7ec31e4fc19a,2026-09-17T22:15:00Z,2026-09-18T00:15:00+0200,41000.0,MW,FR,FR,forecast_load,Forecasted Load,2026-09-24T05:08:29Z
2026-09-24T05:08:05Z,2026-09-24T07:08:05+0200,b9e32d7a-c859-44a5-aa71-7ec31e4fc19a,2026-09-17T22:30:00Z,2026-09-18T00:30:00+0200,40500.0,MW,FR,FR,forecast_load,Forecasted Load,2026-09-24T05:08:29Z
2026-09-24T05:08:05Z,2026-09-24T07:08:05+0200,b9e32d7a-c859-44a5-aa71-7ec31e4fc19a,2026-09-17T22:45:00Z,2026-09-18T00:45:00+0200,39850.0,MW,FR,FR,forecast_load,Forecasted Load,2026-09-24T05:08:29Z
2026-09-24T05:08:05Z,2026-09-24T07:08:05+0200,b9e32d7a-c859-44a5-aa71-7ec31e4fc19a,2026-09-17T23:00:00Z,2026-09-18T01:00:00+0200,39200.0,MW,FR,FR,forecast_load,Forecasted Load,2026-09-24T05:08:29Z
2026-09-24T05:08:05Z,2026-09-24T07:08:05+0200,b9e32d7a-c859-44a5-aa71-7ec31e4fc19a,2026-09-17T23:15:00Z,2026-09-18T01:15:00+0200,39400.0,MW,FR,FR,forecast_load,Forecasted Load,2026-09-24T05:08:29Z
2026-09-24T05:08:05Z,2026-09-24T07:08:05+0200,b9e32d7a-c859-44a5-aa71-7ec31e4fc19a,2026-09-17T23:30:00Z,2026-09-18T01:30:00+0200,39600.0,MW,FR,FR,forecast_load,Forecasted Load,2026-09-24T05:08:29Z
2026-09-24T05:08:05Z,2026-09-24T07:08:05+0200,b9e32d7a-c859-44a5-aa71-7ec31e4fc19a,2026-09-17T23:45:00Z,2026-09-18T01:45:00+0200,39000.0,MW,FR,FR,forecast_load,Forecasted Load,2026-09-24T05:08:29Z
2026-09-24T05:08:05Z,2026-09-24T07:08:05+0200,b9e32d7a-c859-44a5-aa71-7ec31e4fc19a,2026-09-18T00:00:00Z,2026-09-18T02:00:00+0200,38400.0,MW,FR,FR,forecast_load,Forecasted Load,2026-09-24T05:08:29Z
2026-09-24T05:08:05Z,2026-09-24T07:08:05+0200,b9e32d7a-c859-44a5-aa71-7ec31e4fc19a,2026-09-18T00:15:00Z,2026-09-18T02:15:00+0200,37750.0,MW,FR,FR,forecast_load,Forecasted Load,2026-09-24T05:08:29Z
2026-09-24T05:08:05Z,2026-09-24T07:08:05+0200,b9e32d7a-c859-44a5-aa71-7ec31e4fc19a,2026-09-18T00:30:00Z,2026-09-18T02:30:00+0200,37100.0,MW,FR,FR,forecast_load,Forecasted Load,2026-09-24T05:08:29Z
2026-09-24T05:08:05Z,2026-09-24T07:08:05+0200,b9e32d7a-c859-44a5-aa71-7ec31e4fc19a,2026-09-18T00:45:00Z,2026-09-18T02:45:00+0200,36550.0,MW,FR,FR,forecast_load,Forecasted Load,2026-09-24T05:08:29Z
2026-09-24T05:08:05Z,2026-09-24T07:08:05+0200,b9e32d7a-c859-44a5-aa71-7ec31e4fc19a,2026-09-18T01:00:00Z,2026-09-18T03:00:00+0200,36000.0,MW,FR,FR,forecast_load,Forecasted Load,2026-09-24T05:08:29Z
2026-09-24T05:08:05Z,2026-09-24T07:08:05+0200,b9e32d7a-c859-44a5-aa71-7ec31e4fc19a,2026-09-18T01:15:00Z,2026-09-18T03:15:00+0200,35600.0,MW,FR,FR,forecast_load,Forecasted Load,2026-09-24T05:08:29Z
2026-09-24T05:08:05Z,2026-09-24T07:08:05+0200,b9e32d7a-c859-44a5-aa71-7ec31e4fc19a,2026-09-18T01:30:00Z,2026-09-18T03:30:00+0200,35200.0,MW,FR,FR,forecast_load,Forecasted Load,2026-09-24T05:08:29Z
2026-09-24T05:08:05Z,2026-09-24T07:08:05+0200,b9e32d7a-c859-44a5-aa71-7ec31e4fc19a,2026-09-18T01:45:00Z,2026-09-18T03:45:00+0200,35050.0,MW,FR,FR,forecast_load,Forecasted Load,2026-09-24T05:08:29Z
2026-09-24T05:08:05Z,2026-09-24T07:08:05+0200,b9e32d7a-c859-44a5-aa71-7ec31e4fc19a,2026-09-18T02:00:00Z,2026-09-18T04:00:00+0200,34900.0,MW,FR,FR,forecast_load,Forecasted Load,2026-09-24T05:08:29Z
2026-09-24T05:08:05Z,2026-09-24T07:08:05+0200,b9e32d7a-c859-44a5-aa71-7ec31e4fc19a,2026-09-18T02:15:00Z,2026-09-18T04:15:00+0200,34800.0,MW,FR,FR,forecast_load,Forecasted Load,2026-09-24T05:08:29Z
2026-09-24T05:08:05Z,2026-09-24T07:08:05+0200,b9e32d7a-c859-44a5-aa71-7ec31e4fc19a,2026-09-18T02:30:00Z,2026-09-18T04:30:00+0200,34700.0,MW,FR,FR,forecast_load,Forecasted Load,2026-09-24T05:08:29Z
2026-09-24T05:08:05Z,2026-09-24T07:08:05+0200,b9e32d7a-c859-44a5-aa71-7ec31e4fc19a,2026-09-18T02:45:00Z,2026-09-18T04:45:00+0200,35000.0,MW,FR,FR,forecast_load,Forecasted Load,2026-09-24T05:08:29Z
2026-09-24T05:08:05Z,2026-09-24T07:08:05+0200,b9e32d7a-c859-44a5-aa71-7ec31e4fc19a,2026-09-18T03:00:00Z,2026-09-18T05:00:00+0200,35300.0,MW,FR,FR,forecast_load,Forecasted Load,2026-09-24T05:08:29Z
2026-09-24T05:08:05Z,2026-09-24T07:08:05+0200,b9e32d7a-c859-44a5-aa71-7ec31e4fc19a,2026-09-18T03:15:00Z,2026-09-18T05:15:00+0200,36000.0,MW,FR,FR,forecast_load,Forecasted Load,2026-09-24T05:08:29Z
2026-09-24T05:08:05Z,2026-09-24T07:08:05+0200,b9e32d7a-c859-44a5-aa71-7ec31e4fc19a,2026-09-18T03:30:00Z,2026-09-18T05:30:00+0200,36700.0,MW,FR,FR,forecast_load,Forecasted Load,2026-09-24T05:08:29Z
2026-09-24T05:08:05Z,2026-09-24T07:08:05+0200,b9e32d7a-c859-44a5-aa71-7ec31e4fc19a,2026-09-18T03:45:00Z,2026-09-18T05:45:00+0200,37400.0,MW,FR,FR,forecast_load,Forecasted Load,2026-09-24T05:08:29Z
2026-09-24T05:08:05Z,2026-09-24T07:08:05+0200,b9e32d7a-c859-44a5-aa71-7ec31e4fc19a,2026-09-18T04:00:00Z,2026-09-18T06:00:00+0200,38100.0,MW,FR,FR,forecast_load,Forecasted Load,2026-09-24T05:08:29Z
2026-09-24T05:08:05Z,2026-09-24T07:08:05+0200,b9e32d7a-c859-44a5-aa71-7ec31e4fc19a,2026-09-18T04:15:00Z,2026-09-18T06:15:00+0200,39150.0,MW,FR,FR,forecast_load,Forecasted Load,2026-09-24T05:08:29Z
2026-09-24T05:08:05Z,2026-09-24T07:08:05+0200,b9e32d7a-c859-44a5-aa71-7ec31e4fc19a,2026-09-18T04:30:00Z,2026-09-18T06:30:00+0200,40200.0,MW,FR,FR,forecast_load,Forecasted Load,2026-09-24T05:08:29Z
2026-09-24T05:08:05Z,2026-09-24T07:08:05+0200,b9e32d7a-c859-44a5-aa71-7ec31e4fc19a,2026-09-18T04:45:00Z,2026-09-18T06:45:00+0200,41250.0,MW,FR,FR,forecast_load,Forecasted Load,2026-09-24T05:08:29Z
2026-09-24T05:08:05Z,2026-09-24T07:08:05+0200,b9e32d7a-c859-44a5-aa71-7ec31e4fc19a,2026-09-18T05:00:00Z,2026-09-18T07:00:00+0200,42300.0,MW,FR,FR,forecast_load,Forecasted Load,2026-09-24T05:08:29Z
2026-09-24T05:08:05Z,2026-09-24T07:08:05+0200,b9e32d7a-c859-44a5-aa71-7ec31e4fc19a,2026-09-18T05:15:00Z,2026-09-18T07:15:00+0200,43050.0,MW,FR,FR,forecast_load,Forecasted Load,2026-09-24T05:08:29Z
2026-09-24T05:08:05Z,2026-09-24T07:08:05+0200,b9e32d7a-c859-44a5-aa71-7ec31e4fc19a,2026-09-18T05:30:00Z,2026-09-18T07:30:00+0200,43800.0,MW,FR,FR,forecast_load,Forecasted Load,2026-09-24T05:08:29Z
2026-09-24T05:08:05Z,2026-09-24T07:08:05+0200,b9e32d7a-c859-44a5-aa71-7ec31e4fc19a,2026-09-18T05:45:00Z,2026-09-18T07:45:00+0200,44500.0,MW,FR,FR,forecast_load,Forecasted Load,2026-09-24T05:08:29Z
2026-09-24T05:08:05Z,2026-09-24T07:08:05+0200,b9e32d7a-c859-44a5-aa71-7ec31e4fc19a,2026-09-18T06:00:00Z,2026-09-18T08:00:00+0200,45200.0,MW,FR,FR,forecast_load,Forecasted Load,2026-09-24T05:08:29Z
2026-09-24T05:08:05Z,2026-09-24T07:08:05+0200,b9e32d7a-c859-44a5-aa71-7ec31e4fc19a,2026-09-18T06:15:00Z,2026-09-18T08:15:00+0200,45400.0,MW,FR,FR,forecast_load,Forecasted Load,2026-09-24T05:08:29Z
2026-09-24T05:08:05Z,2026-09-24T07:08:05+0200,b9e32d7a-c859-44a5-aa71-7ec31e4fc19a,2026-09-18T06:30:00Z,2026-09-18T08:30:00+0200,45600.0,MW,FR,FR,forecast_load,Forecasted Load,2026-09-24T05:08:29Z
2026-09-24T05:08:05Z,2026-09-24T07:08:05+0200,b9e32d7a-c859-44a5-aa71-7ec31e4fc19a,2026-09-18T06:45:00Z,2026-09-18T08:45:00+0200,45900.0,MW,FR,FR,forecast_load,Forecasted Load,2026-09-24T05:08:29Z
2026-09-24T05:08:05Z,2026-09-24T07:08:05+0200,b9e32d7a-c859-44a5-aa71-7ec31e4fc19a,2026-09-18T07:00:00Z,2026-09-18T09:00:00+0200,46200.0,MW,FR,FR,forecast_load,Forecasted Load,2026-09-24T05:08:29Z
2026-09-24T05:08:05Z,2026-09-24T07:08:05+0200,b9e32d7a-c859-44a5-aa71-7ec31e4fc19a,2026-09-18T07:15:00Z,2026-09-18T09:15:00+0200,46500.0,MW,FR,FR,forecast_load,Forecasted Load,2026-09-24T05:08:29Z
2026-09-24T05:08:05Z,2026-09-24T07:08:05+0200,b9e32d7a-c859-44a5-aa71-7ec31e4fc19a,2026-09-18T07:30:00Z,2026-09-18T09:30:00+0200,46800.0,MW,FR,FR,forecast_load,Forecasted Load,2026-09-24T05:08:29Z
2026-09-24T05:08:05Z,2026-09-24T07:08:05+0200,b9e32d7a-c859-44a5-aa71-7ec31e4fc19a,2026-09-18T07:45:00Z,2026-09-18T09:45:00+0200,46800.0,MW,FR,FR,forecast_load,Forecasted Load,2026-09-24T05:08:29Z
2026-09-24T05:08:05Z,2026-09-24T07:08:05+0200,b9e32d7a-c859-44a5-aa71-7ec31e4fc19a,2026-09-18T08:00:00Z,2026-09-18T10:00:00+0200,46800.0,MW,FR,FR,forecast_load,Forecasted Load,2026-09-24T05:08:29Z
2026-09-24T05:08:05Z,2026-09-24T07:08:05+0200,b9e32d7a-c859-44a5-aa71-7ec31e4fc19a,2026-09-18T08:15:00Z,2026-09-18T10:15:00+0200,46850.0,MW,FR,FR,forecast_load,Forecasted Load,2026-09-24T05:08:29Z
2026-09-24T05:08:05Z,2026-09-24T07:08:05+0200,b9e32d7a-c859-44a5-aa71-7ec31e4fc19a,2026-09-18T08:30:00Z,2026-09-18T10:30:00+0200,46900.0,MW,FR,FR,forecast_load,Forecasted Load,2026-09-24T05:08:29Z
2026-09-24T05:08:05Z,2026-09-24T07:08:05+0200,b9e32d7a-c859-44a5-aa71-7ec31e4fc19a,2026-09-18T08:45:00Z,2026-09-18T10:45:00+0200,47250.0,MW,FR,FR,forecast_load,Forecasted Load,2026-09-24T05:08:29Z
2026-09-24T05:08:05Z,2026-09-24T07:08:05+0200,b9e32d7a-c859-44a5-aa71-7ec31e4fc19a,2026-09-18T09:00:00Z,2026-09-18T11:00:00+0200,47600.0,MW,FR,FR,forecast_load,Forecasted Load,2026-09-24T05:08:29Z
2026-09-24T05:08:05Z,2026-09-24T07:08:05+0200,b9e32d7a-c859-44a5-aa71-7ec31e4fc19a,2026-09-18T09:15:00Z,2026-09-18T11:15:00+0200,47550.0,MW,FR,FR,forecast_load,Forecasted Load,2026-09-24T05:08:29Z
2026-09-24T05:08:05Z,2026-09-24T07:08:05+0200,b9e32d7a-c859-44a5-aa71-7ec31e4fc19a,2026-09-18T09:30:00Z,2026-09-18T11:30:00+0200,47500.0,MW,FR,FR,forecast_load,Forecasted Load,2026-09-24T05:08:29Z
2026-09-24T05:08:05Z,2026-09-24T07:08:05+0200,b9e32d7a-c859-44a5-aa71-7ec31e4fc19a,2026-09-18T09:45:00Z,2026-09-18T11:45:00+0200,48000.0,MW,FR,FR,forecast_load,Forecasted Load,2026-09-24T05:08:29Z
2026-09-24T05:08:05Z,2026-09-24T07:08:05+0200,b9e32d7a-c859-44a5-aa71-7ec31e4fc19a,2026-09-18T10:00:00Z,2026-09-18T12:00:00+0200,48500.0,MW,FR,FR,forecast_load,Forecasted Load,2026-09-24T05:08:29Z
2026-09-24T05:08:05Z,2026-09-24T07:08:05+0200,b9e32d7a-c859-44a5-aa71-7ec31e4fc19a,2026-09-18T10:15:00Z,2026-09-18T12:15:00+0200,48450.0,MW,FR,FR,forecast_load,Forecasted Load,2026-09-24T05:08:29Z
2026-09-24T05:08:05Z,2026-09-24T07:08:05+0200,b9e32d7a-c859-44a5-aa71-7ec31e4fc19a,2026-09-18T10:30:00Z,2026-09-18T12:30:00+0200,48400.0,MW,FR,FR,forecast_load,Forecasted Load,2026-09-24T05:08:29Z
2026-09-24T05:08:05Z,2026-09-24T07:08:05+0200,b9e32d7a-c859-44a5-aa71-7ec31e4fc19a,2026-09-18T10:45:00Z,2026-09-18T12:45:00+0200,48800.0,MW,FR,FR,forecast_load,Forecasted Load,2026-09-24T05:08:29Z
2026-09-24T05:08:05Z,2026-09-24T07:08:05+0200,b9e32d7a-c859-44a5-aa71-7ec31e4fc19a,2026-09-18T11:00:00Z,2026-09-18T13:00:00+0200,49200.0,MW,FR,FR,forecast_load,Forecasted Load,2026-09-24T05:08:29Z
2026-09-24T05:08:05Z,2026-09-24T07:08:05+0200,b9e32d7a-c859-44a5-aa71-7ec31e4fc19a,2026-09-18T11:15:00Z,2026-09-18T13:15:00+0200,48300.0,MW,FR,FR,forecast_load,Forecasted Load,2026-09-24T05:08:29Z
2026-09-24T05:08:05Z,2026-09-24T07:08:05+0200,b9e32d7a-c859-44a5-aa71-7ec31e4fc19a,2026-09-18T11:30:00Z,2026-09-18T13:30:00+0200,47400.0,MW,FR,FR,forecast_load,Forecasted Load,2026-09-24T05:08:29Z
2026-09-24T05:08:05Z,2026-09-24T07:08:05+0200,b9e32d7a-c859-44a5-aa71-7ec31e4fc19a,2026-09-18T11:45:00Z,2026-09-18T13:45:00+0200,46950.0,MW,FR,FR,forecast_load,Forecasted Load,2026-09-24T05:08:29Z
2026-09-24T05:08:05Z,2026-09-24T07:08:05+0200,b9e32d7a-c859-44a5-aa71-7ec31e4fc19a,2026-09-18T12:00:00Z,2026-09-18T14:00:00+0200,46500.0,MW,FR,FR,forecast_load,Forecasted Load,2026-09-24T05:08:29Z
2026-09-24T05:08:05Z,2026-09-24T07:08:05+0200,b9e32d7a-c859-44a5-aa71-7ec31e4fc19a,2026-09-18T12:15:00Z,2026-09-18T14:15:00+0200,47400.0,MW,FR,FR,forecast_load,Forecasted Load,2026-09-24T05:08:29Z
2026-09-24T05:08:05Z,2026-09-24T07:08:05+0200,b9e32d7a-c859-44a5-aa71-7ec31e4fc19a,2026-09-18T12:30:00Z,2026-09-18T14:30:00+0200,48300.0,MW,FR,FR,forecast_load,Forecasted Load,2026-09-24T05:08:29Z
2026-09-24T05:08:05Z,2026-09-24T07:08:05+0200,b9e32d7a-c859-44a5-aa71-7ec31e4fc19a,2026-09-18T12:45:00Z,2026-09-18T14:45:00+0200,47650.0,MW,FR,FR,forecast_load,Forecasted Load,2026-09-24T05:08:29Z
2026-09-24T05:08:05Z,2026-09-24T07:08:05+0200,b9e32d7a-c859-44a5-aa71-7ec31e4fc19a,2026-09-18T13:00:00Z,2026-09-18T15:00:00+0200,47000.0,MW,FR,FR,forecast_load,Forecasted Load,2026-09-24T05:08:29Z
2026-09-24T05:08:05Z,2026-09-24T07:08:05+0200,b9e32d7a-c859-44a5-aa71-7ec31e4fc19a,2026-09-18T13:15:00Z,2026-09-18T15:15:00+0200,46450.0,MW,FR,FR,forecast_load,Forecasted Load,2026-09-24T05:08:29Z
2026-09-24T05:08:05Z,2026-09-24T07:08:05+0200,b9e32d7a-c859-44a5-aa71-7ec31e4fc19a,2026-09-18T13:30:00Z,2026-09-18T15:30:00+0200,45900.0,MW,FR,FR,forecast_load,Forecasted Load,2026-09-24T05:08:29Z
2026-09-24T05:08:05Z,2026-09-24T07:08:05+0200,b9e32d7a-c859-44a5-aa71-7ec31e4fc19a,2026-09-18T13:45:00Z,2026-09-18T15:45:00+0200,45650.0,MW,FR,FR,forecast_load,Forecasted Load,2026-09-24T05:08:29Z
2026-09-24T05:08:05Z,2026-09-24T07:08:05+0200,b9e32d7a-c859-44a5-aa71-7ec31e4fc19a,2026-09-18T14:00:00Z,2026-09-18T16:00:00+0200,45400.0,MW,FR,FR,forecast_load,Forecasted Load,2026-09-24T05:08:29Z
2026-09-24T05:08:05Z,2026-09-24T07:08:05+0200,b9e32d7a-c859-44a5-aa71-7ec31e4fc19a,2026-09-18T14:15:00Z,2026-09-18T16:15:00+0200,44950.0,MW,FR,FR,forecast_load,Forecasted Load,2026-09-24T05:08:29Z
2026-09-24T05:08:05Z,2026-09-24T07:08:05+0200,b9e32d7a-c859-44a5-aa71-7ec31e4fc19a,2026-09-18T14:30:00Z,2026-09-18T16:30:00+0200,44500.0,MW,FR,FR,forecast_load,Forecasted Load,2026-09-24T05:08:29Z
2026-09-24T05:08:05Z,2026-09-24T07:08:05+0200,b9e32d7a-c859-44a5-aa71-7ec31e4fc19a,2026-09-18T14:45:00Z,2026-09-18T16:45:00+0200,44150.0,MW,FR,FR,forecast_load,Forecasted Load,2026-09-24T05:08:29Z
2026-09-24T05:08:05Z,2026-09-24T07:08:05+0200,b9e32d7a-c859-44a5-aa71-7ec31e4fc19a,2026-09-18T15:00:00Z,2026-09-18T17:00:00+0200,43800.0,MW,FR,FR,forecast_load,Forecasted Load,2026-09-24T05:08:29Z
2026-09-24T05:08:05Z,2026-09-24T07:08:05+0200,b9e32d7a-c859-44a5-aa71-7ec31e4fc19a,2026-09-18T15:15:00Z,2026-09-18T17:15:00+0200,44250.0,MW,FR,FR,forecast_load,Forecasted Load,2026-09-24T05:08:29Z
2026-09-24T05:08:05Z,2026-09-24T07:08:05+0200,b9e32d7a-c859-44a5-aa71-7ec31e4fc19a,2026-09-18T15:30:00Z,2026-09-18T17:30:00+0200,44700.0,MW,FR,FR,forecast_load,Forecasted Load,2026-09-24T05:08:29Z
2026-09-24T05:08:05Z,2026-09-24T07:08:05+0200,b9e32d7a-c859-44a5-aa71-7ec31e4fc19a,2026-09-18T15:45:00Z,2026-09-18T17:45:00+0200,44900.0,MW,FR,FR,forecast_load,Forecasted Load,2026-09-24T05:08:29Z
2026-09-24T05:08:05Z,2026-09-24T07:08:05+0200,b9e32d7a-c859-44a5-aa71-7ec31e4fc19a,2026-09-18T16:00:00Z,2026-09-18T18:00:00+0200,45100.0,MW,FR,FR,forecast_load,Forecasted Load,2026-09-24T05:08:29Z
2026-09-24T05:08:05Z,2026-09-24T07:08:05+0200,b9e32d7a-c859-44a5-aa71-7ec31e4fc19a,2026-09-18T16:15:00Z,2026-09-18T18:15:00+0200,45400.0,MW,FR,FR,forecast_load,Forecasted Load,2026-09-24T05:08:29Z
2026-09-24T05:08:05Z,2026-09-24T07:08:05+0200,b9e32d7a-c859-44a5-aa71-7ec31e4fc19a,2026-09-18T16:30:00Z,2026-09-18T18:30:00+0200,45700.0,MW,FR,FR,forecast_load,Forecasted Load,2026-09-24T05:08:29Z
2026-09-24T05:08:05Z,2026-09-24T07:08:05+0200,b9e32d7a-c859-44a5-aa71-7ec31e4fc19a,2026-09-18T16:45:00Z,2026-09-18T18:45:00+0200,46100.0,MW,FR,FR,forecast_load,Forecasted Load,2026-09-24T05:08:29Z
2026-09-24T05:08:05Z,2026-09-24T07:08:05+0200,b9e32d7a-c859-44a5-aa71-7ec31e4fc19a,2026-09-18T17:00:00Z,2026-09-18T19:00:00+0200,46500.0,MW,FR,FR,forecast_load,Forecasted Load,2026-09-24T05:08:29Z
2026-09-24T05:08:05Z,2026-09-24T07:08:05+0200,b9e32d7a-c859-44a5-aa71-7ec31e4fc19a,2026-09-18T17:15:00Z,2026-09-18T19:15:00+0200,46300.0,MW,FR,FR,forecast_load,Forecasted Load,2026-09-24T05:08:29Z
2026-09-24T05:08:05Z,2026-09-24T07:08:05+0200,b9e32d7a-c859-44a5-aa71-7ec31e4fc19a,2026-09-18T17:30:00Z,2026-09-18T19:30:00+0200,46100.0,MW,FR,FR,forecast_load,Forecasted Load,2026-09-24T05:08:29Z
2026-09-24T05:08:05Z,2026-09-24T07:08:05+0200,b9e32d7a-c859-44a5-aa71-7ec31e4fc19a,2026-09-18T17:45:00Z,2026-09-18T19:45:00+0200,45900.0,MW,FR,FR,forecast_load,Forecasted Load,2026-09-24T05:08:29Z
2026-09-24T05:08:05Z,2026-09-24T07:08:05+0200,b9e32d7a-c859-44a5-aa71-7ec31e4fc19a,2026-09-18T18:00:00Z,2026-09-18T20:00:00+0200,45700.0,MW,FR,FR,forecast_load,Forecasted Load,2026-09-24T05:08:29Z
2026-09-24T05:08:05Z,2026-09-24T07:08:05+0200,b9e32d7a-c859-44a5-aa71-7ec31e4fc19a,2026-09-18T18:15:00Z,2026-09-18T20:15:00+0200,45400.0,MW,FR,FR,forecast_load,Forecasted Load,2026-09-24T05:08:29Z
2026-09-24T05:08:05Z,2026-09-24T07:08:05+0200,b9e32d7a-c859-44a5-aa71-7ec31e4fc19a,2026-09-18T18:30:00Z,2026-09-18T20:30:00+0200,45100.0,MW,FR,FR,forecast_load,Forecasted Load,2026-09-24T05:08:29Z
2026-09-24T05:08:05Z,2026-09-24T07:08:05+0200,b9e32d7a-c859-44a5-aa71-7ec31e4fc19a,2026-09-18T18:45:00Z,2026-09-18T20:45:00+0200,44650.0,MW,FR,FR,forecast_load,Forecasted Load,2026-09-24T05:08:29Z
2026-09-24T05:08:05Z,2026-09-24T07:08:05+0200,b9e32d7a-c859-44a5-aa71-7ec31e4fc19a,2026-09-18T19:00:00Z,2026-09-18T21:00:00+0200,44200.0,MW,FR,FR,forecast_load,Forecasted Load,2026-09-24T05:08:29Z
2026-09-24T05:08:05Z,2026-09-24T07:08:05+0200,b9e32d7a-c859-44a5-aa71-7ec31e4fc19a,2026-09-18T19:15:00Z,2026-09-18T21:15:00+0200,43550.0,MW,FR,FR,forecast_load,Forecasted Load,2026-09-24T05:08:29Z
2026-09-24T05:08:05Z,2026-09-24T07:08:05+0200,b9e32d7a-c859-44a5-aa71-7ec31e4fc19a,2026-09-18T19:30:00Z,2026-09-18T21:30:00+0200,42900.0,MW,FR,FR,forecast_load,Forecasted Load,2026-09-24T05:08:29Z
2026-09-24T05:08:05Z,2026-09-24T07:08:05+0200,b9e32d7a-c859-44a5-aa71-7ec31e4fc19a,2026-09-18T19:45:00Z,2026-09-18T21:45:00+0200,42200.0,MW,FR,FR,forecast_load,Forecasted Load,2026-09-24T05:08:29Z
2026-09-24T05:08:05Z,2026-09-24T07:08:05+0200,b9e32d7a-c859-44a5-aa71-7ec31e4fc19a,2026-09-18T20:00:00Z,2026-09-18T22:00:00+0200,41500.0,MW,FR,FR,forecast_load,Forecasted Load,2026-09-24T05:08:29Z
2026-09-24T05:08:05Z,2026-09-24T07:08:05+0200,b9e32d7a-c859-44a5-aa71-7ec31e4fc19a,2026-09-18T20:15:00Z,2026-09-18T22:15:00+0200,42000.0,MW,FR,FR,forecast_load,Forecasted Load,2026-09-24T05:08:29Z
2026-09-24T05:08:05Z,2026-09-24T07:08:05+0200,b9e32d7a-c859-44a5-aa71-7ec31e4fc19a,2026-09-18T20:30:00Z,2026-09-18T22:30:00+0200,42500.0,MW,FR,FR,forecast_load,Forecasted Load,2026-09-24T05:08:29Z
2026-09-24T05:08:05Z,2026-09-24T07:08:05+0200,b9e32d7a-c859-44a5-aa71-7ec31e4fc19a,2026-09-18T20:45:00Z,2026-09-18T22:45:00+0200,43100.0,MW,FR,FR,forecast_load,Forecasted Load,2026-09-24T05:08:29Z
2026-09-24T05:08:05Z,2026-09-24T07:08:05+0200,b9e32d7a-c859-44a5-aa71-7ec31e4fc19a,2026-09-18T21:00:00Z,2026-09-18T23:00:00+0200,43700.0,MW,FR,FR,forecast_load,Forecasted Load,2026-09-24T05:08:29Z
2026-09-24T05:08:05Z,2026-09-24T07:08:05+0200,b9e32d7a-c859-44a5-aa71-7ec31e4fc19a,2026-09-18T21:15:00Z,2026-09-18T23:15:00+0200,42650.0,MW,FR,FR,forecast_load,Forecasted Load,2026-09-24T05:08:29Z
2026-09-24T05:08:05Z,2026-09-24T07:08:05+0200,b9e32d7a-c859-44a5-aa71-7ec31e4fc19a,2026-09-18T21:30:00Z,2026-09-18T23:30:00+0200,41600.0,MW,FR,FR,forecast_load,Forecasted Load,2026-09-24T05:08:29Z
2026-09-24T05:08:05Z,2026-09-24T07:08:05+0200,b9e32d7a-c859-44a5-aa71-7ec31e4fc19a,2026-09-18T21:45:00Z,2026-09-18T23:45:00+0200,41200.0,MW,FR,FR,forecast_load,Forecasted Load,2026-09-24T05:08:29Z
2026-09-24T05:08:05Z,2026-09-24T07:08:05+0200,b9e32d7a-c859-44a5-aa71-7ec31e4fc19a,2026-09-18T22:00:00Z,2026-09-19T00:00:00+0200,41500.0,MW,FR,FR,forecast_load,Forecasted Load,2026-09-24T05:08:29Z
2026-09-24T05:08:05Z,2026-09-24T07:08:05+0200,b9e32d7a-c859-44a5-aa71-7ec31e4fc19a,2026-09-18T22:15:00Z,2026-09-19T00:15:00+0200,40750.0,MW,FR,FR,forecast_load,Forecasted Load,2026-09-24T05:08:29Z
2026-09-24T05:08:05Z,2026-09-24T07:08:05+0200,b9e32d7a-c859-44a5-aa71-7ec31e4fc19a,2026-09-18T22:30:00Z,2026-09-19T00:30:00+0200,40000.0,MW,FR,FR,forecast_load,Forecasted Load,2026-09-24T05:08:29Z
2026-09-24T05:08:05Z,2026-09-24T07:08:05+0200,b9e32d7a-c859-44a5-aa71-7ec31e4fc19a,2026-09-18T22:45:00Z,2026-09-19T00:45:00+0200,39050.0,MW,FR,FR,forecast_load,Forecasted Load,2026-09-24T05:08:29Z
2026-09-24T05:08:05Z,2026-09-24T07:08:05+0200,b9e32d7a-c859-44a5-aa71-7ec31e4fc19a,2026-09-18T23:00:00Z,2026-09-19T01:00:00+0200,38100.0,MW,FR,FR,forecast_load,Forecasted Load,2026-09-24T05:08:29Z
2026-09-24T05:08:05Z,2026-09-24T07:08:05+0200,b9e32d7a-c859-44a5-aa71-7ec31e4fc19a,2026-09-18T23:15:00Z,2026-09-19T01:15:00+0200,38200.0,MW,FR,FR,forecast_load,Forecasted Load,2026-09-24T05:08:29Z
2026-09-24T05:08:05Z,2026-09-24T07:08:05+0200,b9e32d7a-c859-44a5-aa71-7ec31e4fc19a,2026-09-18T23:30:00Z,2026-09-19T01:30:00+0200,38300.0,MW,FR,FR,forecast_load,Forecasted Load,2026-09-24T05:08:29Z
2026-09-24T05:08:05Z,2026-09-24T07:08:05+0200,b9e32d7a-c859-44a5-aa71-7ec31e4fc19a,2026-09-18T23:45:00Z,2026-09-19T01:45:00+0200,37750.0,MW,FR,FR,forecast_load,Forecasted Load,2026-09-24T05:08:29Z
2026-09-24T05:08:05Z,2026-09-24T07:08:05+0200,b9e32d7a-c859-44a5-aa71-7ec31e4fc19a,2026-09-19T00:00:00Z,2026-09-19T02:00:00+0200,37200.0,MW,FR,FR,forecast_load,Forecasted Load,2026-09-24T05:08:29Z
2026-09-24T05:08:05Z,2026-09-24T07:08:05+0200,b9e32d7a-c859-44a5-aa71-7ec31e4fc19a,2026-09-19T00:15:00Z,2026-09-19T02:15:00+0200,36400.0,MW,FR,FR,forecast_load,Forecasted Load,2026-09-24T05:08:29Z
2026-09-24T05:08:05Z,2026-09-24T07:08:05+0200,b9e32d7a-c859-44a5-aa71-7ec31e4fc19a,2026-09-19T00:30:00Z,2026-09-19T02:30:00+0200,35600.0,MW,FR,FR,forecast_load,Forecasted Load,2026-09-24T05:08:29Z
2026-09-24T05:08:05Z,2026-09-24T07:08:05+0200,b9e32d7a-c859-44a5-aa71-7ec31e4fc19a,2026-09-19T00:45:00Z,2026-09-19T02:45:00+0200,35050.0,MW,FR,FR,forecast_load,Forecasted Load,2026-09-24T05:08:29Z
2026-09-24T05:08:05Z,2026-09-24T07:08:05+0200,b9e32d7a-c859-44a5-aa71-7ec31e4fc19a,2026-09-19T01:00:00Z,2026-09-19T03:00:00+0200,34500.0,MW,FR,FR,forecast_load,Forecasted Load,2026-09-24T05:08:29Z
2026-09-24T05:08:05Z,2026-09-24T07:08:05+0200,b9e32d7a-c859-44a5-aa71-7ec31e4fc19a,2026-09-19T01:15:00Z,2026-09-19T03:15:00+0200,34200.0,MW,FR,FR,forecast_load,Forecasted Load,2026-09-24T05:08:29Z
2026-09-24T05:08:05Z,2026-09-24T07:08:05+0200,b9e32d7a-c859-44a5-aa71-7ec31e4fc19a,2026-09-19T01:30:00Z,2026-09-19T03:30:00+0200,33900.0,MW,FR,FR,forecast_load,Forecasted Load,2026-09-24T05:08:29Z
2026-09-24T05:08:05Z,2026-09-24T07:08:05+0200,b9e32d7a-c859-44a5-aa71-7ec31e4fc19a,2026-09-19T01:45:00Z,2026-09-19T03:45:00+0200,33550.0,MW,FR,FR,forecast_load,Forecasted Load,2026-09-24T05:08:29Z
2026-09-24T05:08:05Z,2026-09-24T07:08:05+0200,b9e32d7a-c859-44a5-aa71-7ec31e4fc19a,2026-09-19T02:00:00Z,2026-09-19T04:00:00+0200,33200.0,MW,FR,FR,forecast_load,Forecasted Load,2026-09-24T05:08:29Z
2026-09-24T05:08:05Z,2026-09-24T07:08:05+0200,b9e32d7a-c859-44a5-aa71-7ec31e4fc19a,2026-09-19T02:15:00Z,2026-09-19T04:15:00+0200,32900.0,MW,FR,FR,forecast_load,Forecasted Load,2026-09-24T05:08:29Z
2026-09-24T05:08:05Z,2026-09-24T07:08:05+0200,b9e32d7a-c859-44a5-aa71-7ec31e4fc19a,2026-09-19T02:30:00Z,2026-09-19T04:30:00+0200,32600.0,MW,FR,FR,forecast_load,Forecasted Load,2026-09-24T05:08:29Z
2026-09-24T05:08:05Z,2026-09-24T07:08:05+0200,b9e32d7a-c859-44a5-aa71-7ec31e4fc19a,2026-09-19T02:45:00Z,2026-09-19T04:45:00+0200,32650.0,MW,FR,FR,forecast_load,Forecasted Load,2026-09-24T05:08:29Z
2026-09-24T05:08:05Z,2026-09-24T07:08:05+0200,b9e32d7a-c859-44a5-aa71-7ec31e4fc19a,2026-09-19T03:00:00Z,2026-09-19T05:00:00+0200,32700.0,MW,FR,FR,forecast_load,Forecasted Load,2026-09-24T05:08:29Z
2026-09-24T05:08:05Z,2026-09-24T07:08:05+0200,b9e32d7a-c859-44a5-aa71-7ec31e4fc19a,2026-09-19T03:15:00Z,2026-09-19T05:15:00+0200,32850.0,MW,FR,FR,forecast_load,Forecasted Load,2026-09-24T05:08:29Z
2026-09-24T05:08:05Z,2026-09-24T07:08:05+0200,b9e32d7a-c859-44a5-aa71-7ec31e4fc19a,2026-09-19T03:30:00Z,2026-09-19T05:30:00+0200,33000.0,MW,FR,FR,forecast_load,Forecasted Load,2026-09-24T05:08:29Z
2026-09-24T05:08:05Z,2026-09-24T07:08:05+0200,b9e32d7a-c859-44a5-aa71-7ec31e4fc19a,2026-09-19T03:45:00Z,2026-09-19T05:45:00+0200,33300.0,MW,FR,FR,forecast_load,Forecasted Load,2026-09-24T05:08:29Z
2026-09-24T05:08:05Z,2026-09-24T07:08:05+0200,b9e32d7a-c859-44a5-aa71-7ec31e4fc19a,2026-09-19T04:00:00Z,2026-09-19T06:00:00+0200,33600.0,MW,FR,FR,forecast_load,Forecasted Load,2026-09-24T05:08:29Z
2026-09-24T05:08:05Z,2026-09-24T07:08:05+0200,b9e32d7a-c859-44a5-aa71-7ec31e4fc19a,2026-09-19T04:15:00Z,2026-09-19T06:15:00+0200,33750.0,MW,FR,FR,forecast_load,Forecasted Load,2026-09-24T05:08:29Z
2026-09-24T05:08:05Z,2026-09-24T07:08:05+0200,b9e32d7a-c859-44a5-aa71-7ec31e4fc19a,2026-09-19T04:30:00Z,2026-09-19T06:30:00+0200,33900.0,MW,FR,FR,forecast_load,Forecasted Load,2026-09-24T05:08:29Z
2026-09-24T05:08:05Z,2026-09-24T07:08:05+0200,b9e32d7a-c859-44a5-aa71-7ec31e4fc19a,2026-09-19T04:45:00Z,2026-09-19T06:45:00+0200,34350.0,MW,FR,FR,forecast_load,Forecasted Load,2026-09-24T05:08:29Z
2026-09-24T05:08:05Z,2026-09-24T07:08:05+0200,b9e32d7a-c859-44a5-aa71-7ec31e4fc19a,2026-09-19T05:00:00Z,2026-09-19T07:00:00+0200,34800.0,MW,FR,FR,forecast_load,Forecasted Load,2026-09-24T05:08:29Z
2026-09-24T05:08:05Z,2026-09-24T07:08:05+0200,b9e32d7a-c859-44a5-aa71-7ec31e4fc19a,2026-09-19T05:15:00Z,2026-09-19T07:15:00+0200,34750.0,MW,FR,FR,forecast_load,Forecasted Load,2026-09-24T05:08:29Z
2026-09-24T05:08:05Z,2026-09-24T07:08:05+0200,b9e32d7a-c859-44a5-aa71-7ec31e4fc19a,2026-09-19T05:30:00Z,2026-09-19T07:30:00+0200,34700.0,MW,FR,FR,forecast_load,Forecasted Load,2026-09-24T05:08:29Z
2026-09-24T05:08:05Z,2026-09-24T07:08:05+0200,b9e32d7a-c859-44a5-aa71-7ec31e4fc19a,2026-09-19T05:45:00Z,2026-09-19T07:45:00+0200,35200.0,MW,FR,FR,forecast_load,Forecasted Load,2026-09-24T05:08:29Z
2026-09-24T05:08:05Z,2026-09-24T07:08:05+0200,b9e32d7a-c859-44a5-aa71-7ec31e4fc19a,2026-09-19T06:00:00Z,2026-09-19T08:00:00+0200,35700.0,MW,FR,FR,forecast_load,Forecasted Load,2026-09-24T05:08:29Z
2026-09-24T05:08:05Z,2026-09-24T07:08:05+0200,b9e32d7a-c859-44a5-aa71-7ec31e4fc19a,2026-09-19T06:15:00Z,2026-09-19T08:15:00+0200,36150.0,MW,FR,FR,forecast_load,Forecasted Load,2026-09-24T05:08:29Z
2026-09-24T05:08:05Z,2026-09-24T07:08:05+0200,b9e32d7a-c859-44a5-aa71-7ec31e4fc19a,2026-09-19T06:30:00Z,2026-09-19T08:30:00+0200,36600.0,MW,FR,FR,forecast_load,Forecasted Load,2026-09-24T05:08:29Z
2026-09-24T05:08:05Z,2026-09-24T07:08:05+0200,b9e32d7a-c859-44a5-aa71-7ec31e4fc19a,2026-09-19T06:45:00Z,2026-09-19T08:45:00+0200,37250.0,MW,FR,FR,forecast_load,Forecasted Load,2026-09-24T05:08:29Z
2026-09-24T05:08:05Z,2026-09-24T07:08:05+0200,b9e32d7a-c859-44a5-aa71-7ec31e4fc19a,2026-09-19T07:00:00Z,2026-09-19T09:00:00+0200,37900.0,MW,FR,FR,forecast_load,Forecasted Load,2026-09-24T05:08:29Z
2026-09-24T05:08:05Z,2026-09-24T07:08:05+0200,b9e32d7a-c859-44a5-aa71-7ec31e4fc19a,2026-09-19T07:15:00Z,2026-09-19T09:15:00+0200,38350.0,MW,FR,FR,forecast_load,Forecasted Load,2026-09-24T05:08:29Z
2026-09-24T05:08:05Z,2026-09-24T07:08:05+0200,b9e32d7a-c859-44a5-aa71-7ec31e4fc19a,2026-09-19T07:30:00Z,2026-09-19T09:30:00+0200,38800.0,MW,FR,FR,forecast_load,Forecasted Load,2026-09-24T05:08:29Z
2026-09-24T05:08:05Z,2026-09-24T07:08:05+0200,b9e32d7a-c859-44a5-aa71-7ec31e4fc19a,2026-09-19T07:45:00Z,2026-09-19T09:45:00+0200,39050.0,MW,FR,FR,forecast_load,Forecasted Load,2026-09-24T05:08:29Z
2026-09-24T05:08:05Z,2026-09-24T07:08:05+0200,b9e32d7a-c859-44a5-aa71-7ec31e4fc19a,2026-09-19T08:00:00Z,2026-09-19T10:00:00+0200,39300.0,MW,FR,FR,forecast_load,Forecasted Load,2026-09-24T05:08:29Z
2026-09-24T05:08:05Z,2026-09-24T07:08:05+0200,b9e32d7a-c859-44a5-aa71-7ec31e4fc19a,2026-09-19T08:15:00Z,2026-09-19T10:15:00+0200,39500.0,MW,FR,FR,forecast_load,Forecasted Load,2026-09-24T05:08:29Z
2026-09-24T05:08:05Z,2026-09-24T07:08:05+0200,b9e32d7a-c859-44a5-aa71-7ec31e4fc19a,2026-09-19T08:30:00Z,2026-09-19T10:30:00+0200,39700.0,MW,FR,FR,forecast_load,Forecasted Load,2026-09-24T05:08:29Z
2026-09-24T05:08:05Z,2026-09-24T07:08:05+0200,b9e32d7a-c859-44a5-aa71-7ec31e4fc19a,2026-09-19T08:45:00Z,2026-09-19T10:45:00+0200,40000.0,MW,FR,FR,forecast_load,Forecasted Load,2026-09-24T05:08:29Z
2026-09-24T05:08:05Z,2026-09-24T07:08:05+0200,b9e32d7a-c859-44a5-aa71-7ec31e4fc19a,2026-09-19T09:00:00Z,2026-09-19T11:00:00+0200,40300.0,MW,FR,FR,forecast_load,Forecasted Load,2026-09-24T05:08:29Z
2026-09-24T05:08:05Z,2026-09-24T07:08:05+0200,b9e32d7a-c859-44a5-aa71-7ec31e4fc19a,2026-09-19T09:15:00Z,2026-09-19T11:15:00+0200,40400.0,MW,FR,FR,forecast_load,Forecasted Load,2026-09-24T05:08:29Z
2026-09-24T05:08:05Z,2026-09-24T07:08:05+0200,b9e32d7a-c859-44a5-aa71-7ec31e4fc19a,2026-09-19T09:30:00Z,2026-09-19T11:30:00+0200,40500.0,MW,FR,FR,forecast_load,Forecasted Load,2026-09-24T05:08:29Z
2026-09-24T05:08:05Z,2026-09-24T07:08:05+0200,b9e32d7a-c859-44a5-aa71-7ec31e4fc19a,2026-09-19T09:45:00Z,2026-09-19T11:45:00+0200,41400.0,MW,FR,FR,forecast_load,Forecasted Load,2026-09-24T05:08:29Z
2026-09-24T05:08:05Z,2026-09-24T07:08:05+0200,b9e32d7a-c859-44a5-aa71-7ec31e4fc19a,2026-09-19T10:00:00Z,2026-09-19T12:00:00+0200,42300.0,MW,FR,FR,forecast_load,Forecasted Load,2026-09-24T05:08:29Z
2026-09-24T05:08:05Z,2026-09-24T07:08:05+0200,b9e32d7a-c859-44a5-aa71-7ec31e4fc19a,2026-09-19T10:15:00Z,2026-09-19T12:15:00+0200,42550.0,MW,FR,FR,forecast_load,Forecasted Load,2026-09-24T05:08:29Z
2026-09-24T05:08:05Z,2026-09-24T07:08:05+0200,b9e32d7a-c859-44a5-aa71-7ec31e4fc19a,2026-09-19T10:30:00Z,2026-09-19T12:30:00+0200,42800.0,MW,FR,FR,forecast_load,Forecasted Load,2026-09-24T05:08:29Z
2026-09-24T05:08:05Z,2026-09-24T07:08:05+0200,b9e32d7a-c859-44a5-aa71-7ec31e4fc19a,2026-09-19T10:45:00Z,2026-09-19T12:45:00+0200,43100.0,MW,FR,FR,forecast_load,Forecasted Load,2026-09-24T05:08:29Z
2026-09-24T05:08:05Z,2026-09-24T07:08:05+0200,b9e32d7a-c859-44a5-aa71-7ec31e4fc19a,2026-09-19T11:00:00Z,2026-09-19T13:00:00+0200,43400.0,MW,FR,FR,forecast_load,Forecasted Load,2026-09-24T05:08:29Z
2026-09-24T05:08:05Z,2026-09-24T07:08:05+0200,b9e32d7a-c859-44a5-aa71-7ec31e4fc19a,2026-09-19T11:15:00Z,2026-09-19T13:15:00+0200,42200.0,MW,FR,FR,forecast_load,Forecasted Load,2026-09-24T05:08:29Z
2026-09-24T05:08:05Z,2026-09-24T07:08:05+0200,b9e32d7a-c859-44a5-aa71-7ec31e4fc19a,2026-09-19T11:30:00Z,2026-09-19T13:30:00+0200,41000.0,MW,FR,FR,forecast_load,Forecasted Load,2026-09-24T05:08:29Z
2026-09-24T05:08:05Z,2026-09-24T07:08:05+0200,b9e32d7a-c859-44a5-aa71-7ec31e4fc19a,2026-09-19T11:45:00Z,2026-09-19T13:45:00+0200,40550.0,MW,FR,FR,forecast_load,Forecasted Load,2026-09-24T05:08:29Z
2026-09-24T05:08:05Z,2026-09-24T07:08:05+0200,b9e32d7a-c859-44a5-aa71-7ec31e4fc19a,2026-09-19T12:00:00Z,2026-09-19T14:00:00+0200,40100.0,MW,FR,FR,forecast_load,Forecasted Load,2026-09-24T05:08:29Z
2026-09-24T05:08:05Z,2026-09-24T07:08:05+0200,b9e32d7a-c859-44a5-aa71-7ec31e4fc19a,2026-09-19T12:15:00Z,2026-09-19T14:15:00+0200,40800.0,MW,FR,FR,forecast_load,Forecasted Load,2026-09-24T05:08:29Z
2026-09-24T05:08:05Z,2026-09-24T07:08:05+0200,b9e32d7a-c859-44a5-aa71-7ec31e4fc19a,2026-09-19T12:30:00Z,2026-09-19T14:30:00+0200,41500.0,MW,FR,FR,forecast_load,Forecasted Load,2026-09-24T05:08:29Z
2026-09-24T05:08:05Z,2026-09-24T07:08:05+0200,b9e32d7a-c859-44a5-aa71-7ec31e4fc19a,2026-09-19T12:45:00Z,2026-09-19T14:45:00+0200,41200.0,MW,FR,FR,forecast_load,Forecasted Load,2026-09-24T05:08:29Z
2026-09-24T05:08:05Z,2026-09-24T07:08:05+0200,b9e32d7a-c859-44a5-aa71-7ec31e4fc19a,2026-09-19T13:00:00Z,2026-09-19T15:00:00+0200,40900.0,MW,FR,FR,forecast_load,Forecasted Load,2026-09-24T05:08:29Z
2026-09-24T05:08:05Z,2026-09-24T07:08:05+0200,b9e32d7a-c859-44a5-aa71-7ec31e4fc19a,2026-09-19T13:15:00Z,2026-09-19T15:15:00+0200,40500.0,MW,FR,FR,forecast_load,Forecasted Load,2026-09-24T05:08:29Z
2026-09-24T05:08:05Z,2026-09-24T07:08:05+0200,b9e32d7a-c859-44a5-aa71-7ec31e4fc19a,2026-09-19T13:30:00Z,2026-09-19T15:30:00+0200,40100.0,MW,FR,FR,forecast_load,Forecasted Load,2026-09-24T05:08:29Z
2026-09-24T05:08:05Z,2026-09-24T07:08:05+0200,b9e32d7a-c859-44a5-aa71-7ec31e4fc19a,2026-09-19T13:45:00Z,2026-09-19T15:45:00+0200,39850.0,MW,FR,FR,forecast_load,Forecasted Load,2026-09-24T05:08:29Z
2026-09-24T05:08:05Z,2026-09-24T07:08:05+0200,b9e32d7a-c859-44a5-aa71-7ec31e4fc19a,2026-09-19T14:00:00Z,2026-09-19T16:00:00+0200,39600.0,MW,FR,FR,forecast_load,Forecasted Load,2026-09-24T05:08:29Z
2026-09-24T05:08:05Z,2026-09-24T07:08:05+0200,b9e32d7a-c859-44a5-aa71-7ec31e4fc19a,2026-09-19T14:15:00Z,2026-09-19T16:15:00+0200,39250.0,MW,FR,FR,forecast_load,Forecasted Load,2026-09-24T05:08:29Z
2026-09-24T05:08:05Z,2026-09-24T07:08:05+0200,b9e32d7a-c859-44a5-aa71-7ec31e4fc19a,2026-09-19T14:30:00Z,2026-09-19T16:30:00+0200,38900.0,MW,FR,FR,forecast_load,Forecasted Load,2026-09-24T05:08:29Z
2026-09-24T05:08:05Z,2026-09-24T07:08:05+0200,b9e32d7a-c859-44a5-aa71-7ec31e4fc19a,2026-09-19T14:45:00Z,2026-09-19T16:45:00+0200,38700.0,MW,FR,FR,forecast_load,Forecasted Load,2026-09-24T05:08:29Z
2026-09-24T05:08:05Z,2026-09-24T07:08:05+0200,b9e32d7a-c859-44a5-aa71-7ec31e4fc19a,2026-09-19T15:00:00Z,2026-09-19T17:00:00+0200,38500.0,MW,FR,FR,forecast_load,Forecasted Load,2026-09-24T05:08:29Z
2026-09-24T05:08:05Z,2026-09-24T07:08:05+0200,b9e32d7a-c859-44a5-aa71-7ec31e4fc19a,2026-09-19T15:15:00Z,2026-09-19T17:15:00+0200,38900.0,MW,FR,FR,forecast_load,Forecasted Load,2026-09-24T05:08:29Z
2026-09-24T05:08:05Z,2026-09-24T07:08:05+0200,b9e32d7a-c859-44a5-aa71-7ec31e4fc19a,2026-09-19T15:30:00Z,2026-09-19T17:30:00+0200,39300.0,MW,FR,FR,forecast_load,Forecasted Load,2026-09-24T05:08:29Z
2026-09-24T05:08:05Z,2026-09-24T07:08:05+0200,b9e32d7a-c859-44a5-aa71-7ec31e4fc19a,2026-09-19T15:45:00Z,2026-09-19T17:45:00+0200,39700.0,MW,FR,FR,forecast_load,Forecasted Load,2026-09-24T05:08:29Z
2026-09-24T05:08:05Z,2026-09-24T07:08:05+0200,b9e32d7a-c859-44a5-aa71-7ec31e4fc19a,2026-09-19T16:00:00Z,2026-09-19T18:00:00+0200,40100.0,MW,FR,FR,forecast_load,Forecasted Load,2026-09-24T05:08:29Z
2026-09-24T05:08:05Z,2026-09-24T07:08:05+0200,b9e32d7a-c859-44a5-aa71-7ec31e4fc19a,2026-09-19T16:15:00Z,2026-09-19T18:15:00+0200,40650.0,MW,FR,FR,forecast_load,Forecasted Load,2026-09-24T05:08:29Z
2026-09-24T05:08:05Z,2026-09-24T07:08:05+0200,b9e32d7a-c859-44a5-aa71-7ec31e4fc19a,2026-09-19T16:30:00Z,2026-09-19T18:30:00+0200,41200.0,MW,FR,FR,forecast_load,Forecasted Load,2026-09-24T05:08:29Z
2026-09-24T05:08:05Z,2026-09-24T07:08:05+0200,b9e32d7a-c859-44a5-aa71-7ec31e4fc19a,2026-09-19T16:45:00Z,2026-09-19T18:45:00+0200,41600.0,MW,FR,FR,forecast_load,Forecasted Load,2026-09-24T05:08:29Z
2026-09-24T05:08:05Z,2026-09-24T07:08:05+0200,b9e32d7a-c859-44a5-aa71-7ec31e4fc19a,2026-09-19T17:00:00Z,2026-09-19T19:00:00+0200,42000.0,MW,FR,FR,forecast_load,Forecasted Load,2026-09-24T05:08:29Z
2026-09-24T05:08:05Z,2026-09-24T07:08:05+0200,b9e32d7a-c859-44a5-aa71-7ec31e4fc19a,2026-09-19T17:15:00Z,2026-09-19T19:15:00+0200,42250.0,MW,FR,FR,forecast_load,Forecasted Load,2026-09-24T05:08:29Z
2026-09-24T05:08:05Z,2026-09-24T07:08:05+0200,b9e32d7a-c859-44a5-aa71-7ec31e4fc19a,2026-09-19T17:30:00Z,2026-09-19T19:30:00+0200,42500.0,MW,FR,FR,forecast_load,Forecasted Load,2026-09-24T05:08:29Z
2026-09-24T05:08:05Z,2026-09-24T07:08:05+0200,b9e32d7a-c859-44a5-aa71-7ec31e4fc19a,2026-09-19T17:45:00Z,2026-09-19T19:45:00+0200,42400.0,MW,FR,FR,forecast_load,Forecasted Load,2026-09-24T05:08:29Z
2026-09-24T05:08:05Z,2026-09-24T07:08:05+0200,b9e32d7a-c859-44a5-aa71-7ec31e4fc19a,2026-09-19T18:00:00Z,2026-09-19T20:00:00+0200,42300.0,MW,FR,FR,forecast_load,Forecasted Load,2026-09-24T05:08:29Z
2026-09-24T05:08:05Z,2026-09-24T07:08:05+0200,b9e32d7a-c859-44a5-aa71-7ec31e4fc19a,2026-09-19T18:15:00Z,2026-09-19T20:15:00+0200,42050.0,MW,FR,FR,forecast_load,Forecasted Load,2026-09-24T05:08:29Z
2026-09-24T05:08:05Z,2026-09-24T07:08:05+0200,b9e32d7a-c859-44a5-aa71-7ec31e4fc19a,2026-09-19T18:30:00Z,2026-09-19T20:30:00+0200,41800.0,MW,FR,FR,forecast_load,Forecasted Load,2026-09-24T05:08:29Z
2026-09-24T05:08:05Z,2026-09-24T07:08:05+0200,b9e32d7a-c859-44a5-aa71-7ec31e4fc19a,2026-09-19T18:45:00Z,2026-09-19T20:45:00+0200,41550.0,MW,FR,FR,forecast_load,Forecasted Load,2026-09-24T05:08:29Z
2026-09-24T05:08:05Z,2026-09-24T07:08:05+0200,b9e32d7a-c859-44a5-aa71-7ec31e4fc19a,2026-09-19T19:00:00Z,2026-09-19T21:00:00+0200,41300.0,MW,FR,FR,forecast_load,Forecasted Load,2026-09-24T05:08:29Z
2026-09-24T05:08:05Z,2026-09-24T07:08:05+0200,b9e32d7a-c859-44a5-aa71-7ec31e4fc19a,2026-09-19T19:15:00Z,2026-09-19T21:15:00+0200,40900.0,MW,FR,FR,forecast_load,Forecasted Load,2026-09-24T05:08:29Z
2026-09-24T05:08:05Z,2026-09-24T07:08:05+0200,b9e32d7a-c859-44a5-aa71-7ec31e4fc19a,2026-09-19T19:30:00Z,2026-09-19T21:30:00+0200,40500.0,MW,FR,FR,forecast_load,Forecasted Load,2026-09-24T05:08:29Z
2026-09-24T05:08:05Z,2026-09-24T07:08:05+0200,b9e32d7a-c859-44a5-aa71-7ec31e4fc19a,2026-09-19T19:45:00Z,2026-09-19T21:45:00+0200,39900.0,MW,FR,FR,forecast_load,Forecasted Load,2026-09-24T05:08:29Z
2026-09-24T05:08:05Z,2026-09-24T07:08:05+0200,b9e32d7a-c859-44a5-aa71-7ec31e4fc19a,2026-09-19T20:00:00Z,2026-09-19T22:00:00+0200,39300.0,MW,FR,FR,forecast_load,Forecasted Load,2026-09-24T05:08:29Z
2026-09-24T05:08:05Z,2026-09-24T07:08:05+0200,b9e32d7a-c859-44a5-aa71-7ec31e4fc19a,2026-09-19T20:15:00Z,2026-09-19T22:15:00+0200,39700.0,MW,FR,FR,forecast_load,Forecasted Load,2026-09-24T05:08:29Z
2026-09-24T05:08:05Z,2026-09-24T07:08:05+0200,b9e32d7a-c859-44a5-aa71-7ec31e4fc19a,2026-09-19T20:30:00Z,2026-09-19T22:30:00+0200,40100.0,MW,FR,FR,forecast_load,Forecasted Load,2026-09-24T05:08:29Z
2026-09-24T05:08:05Z,2026-09-24T07:08:05+0200,b9e32d7a-c859-44a5-aa71-7ec31e4fc19a,2026-09-19T20:45:00Z,2026-09-19T22:45:00+0200,40700.0,MW,FR,FR,forecast_load,Forecasted Load,2026-09-24T05:08:29Z
2026-09-24T05:08:05Z,2026-09-24T07:08:05+0200,b9e32d7a-c859-44a5-aa71-7ec31e4fc19a,2026-09-19T21:00:00Z,2026-09-19T23:00:00+0200,41300.0,MW,FR,FR,forecast_load,Forecasted Load,2026-09-24T05:08:29Z
2026-09-24T05:08:05Z,2026-09-24T07:08:05+0200,b9e32d7a-c859-44a5-aa71-7ec31e4fc19a,2026-09-19T21:15:00Z,2026-09-19T23:15:00+0200,40800.0,MW,FR,FR,forecast_load,Forecasted Load,2026-09-24T05:08:29Z
2026-09-24T05:08:05Z,2026-09-24T07:08:05+0200,b9e32d7a-c859-44a5-aa71-7ec31e4fc19a,2026-09-19T21:30:00Z,2026-09-19T23:30:00+0200,40300.0,MW,FR,FR,forecast_load,Forecasted Load,2026-09-24T05:08:29Z
2026-09-24T05:08:05Z,2026-09-24T07:08:05+0200,b9e32d7a-c859-44a5-aa71-7ec31e4fc19a,2026-09-19T21:45:00Z,2026-09-19T23:45:00+0200,39850.0,MW,FR,FR,forecast_load,Forecasted Load,2026-09-24T05:08:29Z
2026-09-24T05:08:05Z,2026-09-24T07:08:05+0200,b9e32d7a-c859-44a5-aa71-7ec31e4fc19a,2026-09-19T22:00:00Z,2026-09-20T00:00:00+0200,40000.0,MW,FR,FR,forecast_load,Forecasted Load,2026-09-24T05:08:29Z
2026-09-24T05:08:05Z,2026-09-24T07:08:05+0200,b9e32d7a-c859-44a5-aa71-7ec31e4fc19a,2026-09-19T22:15:00Z,2026-09-20T00:15:00+0200,39200.0,MW,FR,FR,forecast_load,Forecasted Load,2026-09-24T05:08:29Z
2026-09-24T05:08:05Z,2026-09-24T07:08:05+0200,b9e32d7a-c859-44a5-aa71-7ec31e4fc19a,2026-09-19T22:30:00Z,2026-09-20T00:30:00+0200,38400.0,MW,FR,FR,forecast_load,Forecasted Load,2026-09-24T05:08:29Z
2026-09-24T05:08:05Z,2026-09-24T07:08:05+0200,b9e32d7a-c859-44a5-aa71-7ec31e4fc19a,2026-09-19T22:45:00Z,2026-09-20T00:45:00+0200,37750.0,MW,FR,FR,forecast_load,Forecasted Load,2026-09-24T05:08:29Z
2026-09-24T05:08:05Z,2026-09-24T07:08:05+0200,b9e32d7a-c859-44a5-aa71-7ec31e4fc19a,2026-09-19T23:00:00Z,2026-09-20T01:00:00+0200,37100.0,MW,FR,FR,forecast_load,Forecasted Load,2026-09-24T05:08:29Z
2026-09-24T05:08:05Z,2026-09-24T07:08:05+0200,b9e32d7a-c859-44a5-aa71-7ec31e4fc19a,2026-09-19T23:15:00Z,2026-09-20T01:15:00+0200,37350.0,MW,FR,FR,forecast_load,Forecasted Load,2026-09-24T05:08:29Z
2026-09-24T05:08:05Z,2026-09-24T07:08:05+0200,b9e32d7a-c859-44a5-aa71-7ec31e4fc19a,2026-09-19T23:30:00Z,2026-09-20T01:30:00+0200,37600.0,MW,FR,FR,forecast_load,Forecasted Load,2026-09-24T05:08:29Z
2026-09-24T05:08:05Z,2026-09-24T07:08:05+0200,b9e32d7a-c859-44a5-aa71-7ec31e4fc19a,2026-09-19T23:45:00Z,2026-09-20T01:45:00+0200,36700.0,MW,FR,FR,forecast_load,Forecasted Load,2026-09-24T05:08:29Z
2026-09-24T05:08:05Z,2026-09-24T07:08:05+0200,b9e32d7a-c859-44a5-aa71-7ec31e4fc19a,2026-09-20T00:00:00Z,2026-09-20T02:00:00+0200,35800.0,MW,FR,FR,forecast_load,Forecasted Load,2026-09-24T05:08:29Z
2026-09-24T05:08:05Z,2026-09-24T07:08:05+0200,b9e32d7a-c859-44a5-aa71-7ec31e4fc19a,2026-09-20T00:15:00Z,2026-09-20T02:15:00+0200,34850.0,MW,FR,FR,forecast_load,Forecasted Load,2026-09-24T05:08:29Z
2026-09-24T05:08:05Z,2026-09-24T07:08:05+0200,b9e32d7a-c859-44a5-aa71-7ec31e4fc19a,2026-09-20T00:30:00Z,2026-09-20T02:30:00+0200,33900.0,MW,FR,FR,forecast_load,Forecasted Load,2026-09-24T05:08:29Z
2026-09-24T05:08:05Z,2026-09-24T07:08:05+0200,b9e32d7a-c859-44a5-aa71-7ec31e4fc19a,2026-09-20T00:45:00Z,2026-09-20T02:45:00+0200,33400.0,MW,FR,FR,forecast_load,Forecasted Load,2026-09-24T05:08:29Z
2026-09-24T05:08:05Z,2026-09-24T07:08:05+0200,b9e32d7a-c859-44a5-aa71-7ec31e4fc19a,2026-09-20T01:00:00Z,2026-09-20T03:00:00+0200,32900.0,MW,FR,FR,forecast_load,Forecasted Load,2026-09-24T05:08:29Z
2026-09-24T05:08:05Z,2026-09-24T07:08:05+0200,b9e32d7a-c859-44a5-aa71-7ec31e4fc19a,2026-09-20T01:15:00Z,2026-09-20T03:15:00+0200,32450.0,MW,FR,FR,forecast_load,Forecasted Load,2026-09-24T05:08:29Z
2026-09-24T05:08:05Z,2026-09-24T07:08:05+0200,b9e32d7a-c859-44a5-aa71-7ec31e4fc19a,2026-09-20T01:30:00Z,2026-09-20T03:30:00+0200,32000.0,MW,FR,FR,forecast_load,Forecasted Load,2026-09-24T05:08:29Z
2026-09-24T05:08:05Z,2026-09-24T07:08:05+0200,b9e32d7a-c859-44a5-aa71-7ec31e4fc19a,2026-09-20T01:45:00Z,2026-09-20T03:45:00+0200,31800.0,MW,FR,FR,forecast_load,Forecasted Load,2026-09-24T05:08:29Z
2026-09-24T05:08:05Z,2026-09-24T07:08:05+0200,b9e32d7a-c859-44a5-aa71-7ec31e4fc19a,2026-09-20T02:00:00Z,2026-09-20T04:00:00+0200,31600.0,MW,FR,FR,forecast_load,Forecasted Load,2026-09-24T05:08:29Z
2026-09-24T05:08:05Z,2026-09-24T07:08:05+0200,b9e32d7a-c859-44a5-aa71-7ec31e4fc19a,2026-09-20T02:15:00Z,2026-09-20T04:15:00+0200,31450.0,MW,FR,FR,forecast_load,Forecasted Load,2026-09-24T05:08:29Z
2026-09-24T05:08:05Z,2026-09-24T07:08:05+0200,b9e32d7a-c859-44a5-aa71-7ec31e4fc19a,2026-09-20T02:30:00Z,2026-09-20T04:30:00+0200,31300.0,MW,FR,FR,forecast_load,Forecasted Load,2026-09-24T05:08:29Z
2026-09-24T05:08:05Z,2026-09-24T07:08:05+0200,b9e32d7a-c859-44a5-aa71-7ec31e4fc19a,2026-09-20T02:45:00Z,2026-09-20T04:45:00+0200,31300.0,MW,FR,FR,forecast_load,Forecasted Load,2026-09-24T05:08:29Z
2026-09-24T05:08:05Z,2026-09-24T07:08:05+0200,b9e32d7a-c859-44a5-aa71-7ec31e4fc19a,2026-09-20T03:00:00Z,2026-09-20T05:00:00+0200,31300.0,MW,FR,FR,forecast_load,Forecasted Load,2026-09-24T05:08:29Z
2026-09-24T05:08:05Z,2026-09-24T07:08:05+0200,b9e32d7a-c859-44a5-aa71-7ec31e4fc19a,2026-09-20T03:15:00Z,2026-09-20T05:15:00+0200,31350.0,MW,FR,FR,forecast_load,Forecasted Load,2026-09-24T05:08:29Z
2026-09-24T05:08:05Z,2026-09-24T07:08:05+0200,b9e32d7a-c859-44a5-aa71-7ec31e4fc19a,2026-09-20T03:30:00Z,2026-09-20T05:30:00+0200,31400.0,MW,FR,FR,forecast_load,Forecasted Load,2026-09-24T05:08:29Z
2026-09-24T05:08:05Z,2026-09-24T07:08:05+0200,b9e32d7a-c859-44a5-aa71-7ec31e4fc19a,2026-09-20T03:45:00Z,2026-09-20T05:45:00+0200,31450.0,MW,FR,FR,forecast_load,Forecasted Load,2026-09-24T05:08:29Z
2026-09-24T05:08:05Z,2026-09-24T07:08:05+0200,b9e32d7a-c859-44a5-aa71-7ec31e4fc19a,2026-09-20T04:00:00Z,2026-09-20T06:00:00+0200,31500.0,MW,FR,FR,forecast_load,Forecasted Load,2026-09-24T05:08:29Z
2026-09-24T05:08:05Z,2026-09-24T07:08:05+0200,b9e32d7a-c859-44a5-aa71-7ec31e4fc19a,2026-09-20T04:15:00Z,2026-09-20T06:15:00+0200,31700.0,MW,FR,FR,forecast_load,Forecasted Load,2026-09-24T05:08:29Z
2026-09-24T05:08:05Z,2026-09-24T07:08:05+0200,b9e32d7a-c859-44a5-aa71-7ec31e4fc19a,2026-09-20T04:30:00Z,2026-09-20T06:30:00+0200,31900.0,MW,FR,FR,forecast_load,Forecasted Load,2026-09-24T05:08:29Z
2026-09-24T05:08:05Z,2026-09-24T07:08:05+0200,b9e32d7a-c859-44a5-aa71-7ec31e4fc19a,2026-09-20T04:45:00Z,2026-09-20T06:45:00+0200,32100.0,MW,FR,FR,forecast_load,Forecasted Load,2026-09-24T05:08:29Z
2026-09-24T05:08:05Z,2026-09-24T07:08:05+0200,b9e32d7a-c859-44a5-aa71-7ec31e4fc19a,2026-09-20T05:00:00Z,2026-09-20T07:00:00+0200,32300.0,MW,FR,FR,forecast_load,Forecasted Load,2026-09-24T05:08:29Z
2026-09-24T05:08:05Z,2026-09-24T07:08:05+0200,b9e32d7a-c859-44a5-aa71-7ec31e4fc19a,2026-09-20T05:15:00Z,2026-09-20T07:15:00+0200,32350.0,MW,FR,FR,forecast_load,Forecasted Load,2026-09-24T05:08:29Z
2026-09-24T05:08:05Z,2026-09-24T07:08:05+0200,b9e32d7a-c859-44a5-aa71-7ec31e4fc19a,2026-09-20T05:30:00Z,2026-09-20T07:30:00+0200,32400.0,MW,FR,FR,forecast_load,Forecasted Load,2026-09-24T05:08:29Z
2026-09-24T05:08:05Z,2026-09-24T07:08:05+0200,b9e32d7a-c859-44a5-aa71-7ec31e4fc19a,2026-09-20T05:45:00Z,2026-09-20T07:45:00+0200,32600.0,MW,FR,FR,forecast_load,Forecasted Load,2026-09-24T05:08:29Z
2026-09-24T05:08:05Z,2026-09-24T07:08:05+0200,b9e32d7a-c859-44a5-aa71-7ec31e4fc19a,2026-09-20T06:00:00Z,2026-09-20T08:00:00+0200,32800.0,MW,FR,FR,forecast_load,Forecasted Load,2026-09-24T05:08:29Z
2026-09-24T05:08:05Z,2026-09-24T07:08:05+0200,b9e32d7a-c859-44a5-aa71-7ec31e4fc19a,2026-09-20T06:15:00Z,2026-09-20T08:15:00+0200,33250.0,MW,FR,FR,forecast_load,Forecasted Load,2026-09-24T05:08:29Z
2026-09-24T05:08:05Z,2026-09-24T07:08:05+0200,b9e32d7a-c859-44a5-aa71-7ec31e4fc19a,2026-09-20T06:30:00Z,2026-09-20T08:30:00+0200,33700.0,MW,FR,FR,forecast_load,Forecasted Load,2026-09-24T05:08:29Z
2026-09-24T05:08:05Z,2026-09-24T07:08:05+0200,b9e32d7a-c859-44a5-aa71-7ec31e4fc19a,2026-09-20T06:45:00Z,2026-09-20T08:45:00+0200,33850.0,MW,FR,FR,forecast_load,Forecasted Load,2026-09-24T05:08:29Z
2026-09-24T05:08:05Z,2026-09-24T07:08:05+0200,b9e32d7a-c859-44a5-aa71-7ec31e4fc19a,2026-09-20T07:00:00Z,2026-09-20T09:00:00+0200,34000.0,MW,FR,FR,forecast_load,Forecasted Load,2026-09-24T05:08:29Z
2026-09-24T05:08:05Z,2026-09-24T07:08:05+0200,b9e32d7a-c859-44a5-aa71-7ec31e4fc19a,2026-09-20T07:15:00Z,2026-09-20T09:15:00+0200,34900.0,MW,FR,FR,forecast_load,Forecasted Load,2026-09-24T05:08:29Z
2026-09-24T05:08:05Z,2026-09-24T07:08:05+0200,b9e32d7a-c859-44a5-aa71-7ec31e4fc19a,2026-09-20T07:30:00Z,2026-09-20T09:30:00+0200,35800.0,MW,FR,FR,forecast_load,Forecasted Load,2026-09-24T05:08:29Z
2026-09-24T05:08:05Z,2026-09-24T07:08:05+0200,b9e32d7a-c859-44a5-aa71-7ec31e4fc19a,2026-09-20T07:45:00Z,2026-09-20T09:45:00+0200,36300.0,MW,FR,FR,forecast_load,Forecasted Load,2026-09-24T05:08:29Z
2026-09-24T05:08:05Z,2026-09-24T07:08:05+0200,b9e32d7a-c859-44a5-aa71-7ec31e4fc19a,2026-09-20T08:00:00Z,2026-09-20T10:00:00+0200,36800.0,MW,FR,FR,forecast_load,Forecasted Load,2026-09-24T05:08:29Z
2026-09-24T05:08:05Z,2026-09-24T07:08:05+0200,b9e32d7a-c859-44a5-aa71-7ec31e4fc19a,2026-09-20T08:15:00Z,2026-09-20T10:15:00+0200,37600.0,MW,FR,FR,forecast_load,Forecasted Load,2026-09-24T05:08:29Z
2026-09-24T05:08:05Z,2026-09-24T07:08:05+0200,b9e32d7a-c859-44a5-aa71-7ec31e4fc19a,2026-09-20T08:30:00Z,2026-09-20T10:30:00+0200,38400.0,MW,FR,FR,forecast_load,Forecasted Load,2026-09-24T05:08:29Z
2026-09-24T05:08:05Z,2026-09-24T07:08:05+0200,b9e32d7a-c859-44a5-aa71-7ec31e4fc19a,2026-09-20T08:45:00Z,2026-09-20T10:45:00+0200,38750.0,MW,FR,FR,forecast_load,Forecasted Load,2026-09-24T05:08:29Z
2026-09-24T05:08:05Z,2026-09-24T07:08:05+0200,b9e32d7a-c859-44a5-aa71-7ec31e4fc19a,2026-09-20T09:00:00Z,2026-09-20T11:00:00+0200,39100.0,MW,FR,FR,forecast_load,Forecasted Load,2026-09-24T05:08:29Z
2026-09-24T05:08:05Z,2026-09-24T07:08:05+0200,b9e32d7a-c859-44a5-aa71-7ec31e4fc19a,2026-09-20T09:15:00Z,2026-09-20T11:15:00+0200,39300.0,MW,FR,FR,forecast_load,Forecasted Load,2026-09-24T05:08:29Z
2026-09-24T05:08:05Z,2026-09-24T07:08:05+0200,b9e32d7a-c859-44a5-aa71-7ec31e4fc19a,2026-09-20T09:30:00Z,2026-09-20T11:30:00+0200,39500.0,MW,FR,FR,forecast_load,Forecasted Load,2026-09-24T05:08:29Z
2026-09-24T05:08:05Z,2026-09-24T07:08:05+0200,b9e32d7a-c859-44a5-aa71-7ec31e4fc19a,2026-09-20T09:45:00Z,2026-09-20T11:45:00+0200,40500.0,MW,FR,FR,forecast_load,Forecasted Load,2026-09-24T05:08:29Z
2026-09-24T05:08:05Z,2026-09-24T07:08:05+0200,b9e32d7a-c859-44a5-aa71-7ec31e4fc19a,2026-09-20T10:00:00Z,2026-09-20T12:00:00+0200,41500.0,MW,FR,FR,forecast_load,Forecasted Load,2026-09-24T05:08:29Z
2026-09-24T05:08:05Z,2026-09-24T07:08:05+0200,b9e32d7a-c859-44a5-aa71-7ec31e4fc19a,2026-09-20T10:15:00Z,2026-09-20T12:15:00+0200,41550.0,MW,FR,FR,forecast_load,Forecasted Load,2026-09-24T05:08:29Z
2026-09-24T05:08:05Z,2026-09-24T07:08:05+0200,b9e32d7a-c859-44a5-aa71-7ec31e4fc19a,2026-09-20T10:30:00Z,2026-09-20T12:30:00+0200,41600.0,MW,FR,FR,forecast_load,Forecasted Load,2026-09-24T05:08:29Z
2026-09-24T05:08:05Z,2026-09-24T07:08:05+0200,b9e32d7a-c859-44a5-aa71-7ec31e4fc19a,2026-09-20T10:45:00Z,2026-09-20T12:45:00+0200,42000.0,MW,FR,FR,forecast_load,Forecasted Load,2026-09-24T05:08:29Z
2026-09-24T05:08:05Z,2026-09-24T07:08:05+0200,b9e32d7a-c859-44a5-aa71-7ec31e4fc19a,2026-09-20T11:00:00Z,2026-09-20T13:00:00+0200,42400.0,MW,FR,FR,forecast_load,Forecasted Load,2026-09-24T05:08:29Z
2026-09-24T05:08:05Z,2026-09-24T07:08:05+0200,b9e32d7a-c859-44a5-aa71-7ec31e4fc19a,2026-09-20T11:15:00Z,2026-09-20T13:15:00+0200,41350.0,MW,FR,FR,forecast_load,Forecasted Load,2026-09-24T05:08:29Z
2026-09-24T05:08:05Z,2026-09-24T07:08:05+0200,b9e32d7a-c859-44a5-aa71-7ec31e4fc19a,2026-09-20T11:30:00Z,2026-09-20T13:30:00+0200,40300.0,MW,FR,FR,forecast_load,Forecasted Load,2026-09-24T05:08:29Z
2026-09-24T05:08:05Z,2026-09-24T07:08:05+0200,b9e32d7a-c859-44a5-aa71-7ec31e4fc19a,2026-09-20T11:45:00Z,2026-09-20T13:45:00+0200,39950.0,MW,FR,FR,forecast_load,Forecasted Load,2026-09-24T05:08:29Z
2026-09-24T05:08:05Z,2026-09-24T07:08:05+0200,b9e32d7a-c859-44a5-aa71-7ec31e4fc19a,2026-09-20T12:00:00Z,2026-09-20T14:00:00+0200,39600.0,MW,FR,FR,forecast_load,Forecasted Load,2026-09-24T05:08:29Z
2026-09-24T05:08:05Z,2026-09-24T07:08:05+0200,b9e32d7a-c859-44a5-aa71-7ec31e4fc19a,2026-09-20T12:15:00Z,2026-09-20T14:15:00+0200,40200.0,MW,FR,FR,forecast_load,Forecasted Load,2026-09-24T05:08:29Z
2026-09-24T05:08:05Z,2026-09-24T07:08:05+0200,b9e32d7a-c859-44a5-aa71-7ec31e4fc19a,2026-09-20T12:30:00Z,2026-09-20T14:30:00+0200,40800.0,MW,FR,FR,forecast_load,Forecasted Load,2026-09-24T05:08:29Z
2026-09-24T05:08:05Z,2026-09-24T07:08:05+0200,b9e32d7a-c859-44a5-aa71-7ec31e4fc19a,2026-09-20T12:45:00Z,2026-09-20T14:45:00+0200,40400.0,MW,FR,FR,forecast_load,Forecasted Load,2026-09-24T05:08:29Z
2026-09-24T05:08:05Z,2026-09-24T07:08:05+0200,b9e32d7a-c859-44a5-aa71-7ec31e4fc19a,2026-09-20T13:00:00Z,2026-09-20T15:00:00+0200,40000.0,MW,FR,FR,forecast_load,Forecasted Load,2026-09-24T05:08:29Z
2026-09-24T05:08:05Z,2026-09-24T07:08:05+0200,b9e32d7a-c859-44a5-aa71-7ec31e4fc19a,2026-09-20T13:15:00Z,2026-09-20T15:15:00+0200,39650.0,MW,FR,FR,forecast_load,Forecasted Load,2026-09-24T05:08:29Z
2026-09-24T05:08:05Z,2026-09-24T07:08:05+0200,b9e32d7a-c859-44a5-aa71-7ec31e4fc19a,2026-09-20T13:30:00Z,2026-09-20T15:30:00+0200,39300.0,MW,FR,FR,forecast_load,Forecasted Load,2026-09-24T05:08:29Z
2026-09-24T05:08:05Z,2026-09-24T07:08:05+0200,b9e32d7a-c859-44a5-aa71-7ec31e4fc19a,2026-09-20T13:45:00Z,2026-09-20T15:45:00+0200,39100.0,MW,FR,FR,forecast_load,Forecasted Load,2026-09-24T05:08:29Z
2026-09-24T05:08:05Z,2026-09-24T07:08:05+0200,b9e32d7a-c859-44a5-aa71-7ec31e4fc19a,2026-09-20T14:00:00Z,2026-09-20T16:00:00+0200,38900.0,MW,FR,FR,forecast_load,Forecasted Load,2026-09-24T05:08:29Z
2026-09-24T05:08:05Z,2026-09-24T07:08:05+0200,b9e32d7a-c859-44a5-aa71-7ec31e4fc19a,2026-09-20T14:15:00Z,2026-09-20T16:15:00+0200,38500.0,MW,FR,FR,forecast_load,Forecasted Load,2026-09-24T05:08:29Z
2026-09-24T05:08:05Z,2026-09-24T07:08:05+0200,b9e32d7a-c859-44a5-aa71-7ec31e4fc19a,2026-09-20T14:30:00Z,2026-09-20T16:30:00+0200,38100.0,MW,FR,FR,forecast_load,Forecasted Load,2026-09-24T05:08:29Z
2026-09-24T05:08:05Z,2026-09-24T07:08:05+0200,b9e32d7a-c859-44a5-aa71-7ec31e4fc19a,2026-09-20T14:45:00Z,2026-09-20T16:45:00+0200,38050.0,MW,FR,FR,forecast_load,Forecasted Load,2026-09-24T05:08:29Z
2026-09-24T05:08:05Z,2026-09-24T07:08:05+0200,b9e32d7a-c859-44a5-aa71-7ec31e4fc19a,2026-09-20T15:00:00Z,2026-09-20T17:00:00+0200,38000.0,MW,FR,FR,forecast_load,Forecasted Load,2026-09-24T05:08:29Z
2026-09-24T05:08:05Z,2026-09-24T07:08:05+0200,b9e32d7a-c859-44a5-aa71-7ec31e4fc19a,2026-09-20T15:15:00Z,2026-09-20T17:15:00+0200,38250.0,MW,FR,FR,forecast_load,Forecasted Load,2026-09-24T05:08:29Z
2026-09-24T05:08:05Z,2026-09-24T07:08:05+0200,b9e32d7a-c859-44a5-aa71-7ec31e4fc19a,2026-09-20T15:30:00Z,2026-09-20T17:30:00+0200,38500.0,MW,FR,FR,forecast_load,Forecasted Load,2026-09-24T05:08:29Z
2026-09-24T05:08:05Z,2026-09-24T07:08:05+0200,b9e32d7a-c859-44a5-aa71-7ec31e4fc19a,2026-09-20T15:45:00Z,2026-09-20T17:45:00+0200,39150.0,MW,FR,FR,forecast_load,Forecasted Load,2026-09-24T05:08:29Z
2026-09-24T05:08:05Z,2026-09-24T07:08:05+0200,b9e32d7a-c859-44a5-aa71-7ec31e4fc19a,2026-09-20T16:00:00Z,2026-09-20T18:00:00+0200,39800.0,MW,FR,FR,forecast_load,Forecasted Load,2026-09-24T05:08:29Z
2026-09-24T05:08:05Z,2026-09-24T07:08:05+0200,b9e32d7a-c859-44a5-aa71-7ec31e4fc19a,2026-09-20T16:15:00Z,2026-09-20T18:15:00+0200,40150.0,MW,FR,FR,forecast_load,Forecasted Load,2026-09-24T05:08:29Z
2026-09-24T05:08:05Z,2026-09-24T07:08:05+0200,b9e32d7a-c859-44a5-aa71-7ec31e4fc19a,2026-09-20T16:30:00Z,2026-09-20T18:30:00+0200,40500.0,MW,FR,FR,forecast_load,Forecasted Load,2026-09-24T05:08:29Z
2026-09-24T05:08:05Z,2026-09-24T07:08:05+0200,b9e32d7a-c859-44a5-aa71-7ec31e4fc19a,2026-09-20T16:45:00Z,2026-09-20T18:45:00+0200,41450.0,MW,FR,FR,forecast_load,Forecasted Load,2026-09-24T05:08:29Z
2026-09-24T05:08:05Z,2026-09-24T07:08:05+0200,b9e32d7a-c859-44a5-aa71-7ec31e4fc19a,2026-09-20T17:00:00Z,2026-09-20T19:00:00+0200,42400.0,MW,FR,FR,forecast_load,Forecasted Load,2026-09-24T05:08:29Z
2026-09-24T05:08:05Z,2026-09-24T07:08:05+0200,b9e32d7a-c859-44a5-aa71-7ec31e4fc19a,2026-09-20T17:15:00Z,2026-09-20T19:15:00+0200,42800.0,MW,FR,FR,forecast_load,Forecasted Load,2026-09-24T05:08:29Z
2026-09-24T05:08:05Z,2026-09-24T07:08:05+0200,b9e32d7a-c859-44a5-aa71-7ec31e4fc19a,2026-09-20T17:30:00Z,2026-09-20T19:30:00+0200,43200.0,MW,FR,FR,forecast_load,Forecasted Load,2026-09-24T05:08:29Z
2026-09-24T05:08:05Z,2026-09-24T07:08:05+0200,b9e32d7a-c859-44a5-aa71-7ec31e4fc19a,2026-09-20T17:45:00Z,2026-09-20T19:45:00+0200,43050.0,MW,FR,FR,forecast_load,Forecasted Load,2026-09-24T05:08:29Z
2026-09-24T05:08:05Z,2026-09-24T07:08:05+0200,b9e32d7a-c859-44a5-aa71-7ec31e4fc19a,2026-09-20T18:00:00Z,2026-09-20T20:00:00+0200,42900.0,MW,FR,FR,forecast_load,Forecasted Load,2026-09-24T05:08:29Z
2026-09-24T05:08:05Z,2026-09-24T07:08:05+0200,b9e32d7a-c859-44a5-aa71-7ec31e4fc19a,2026-09-20T18:15:00Z,2026-09-20T20:15:00+0200,42700.0,MW,FR,FR,forecast_load,Forecasted Load,2026-09-24T05:08:29Z
2026-09-24T05:08:05Z,2026-09-24T07:08:05+0200,b9e32d7a-c859-44a5-aa71-7ec31e4fc19a,2026-09-20T18:30:00Z,2026-09-20T20:30:00+0200,42500.0,MW,FR,FR,forecast_load,Forecasted Load,2026-09-24T05:08:29Z
2026-09-24T05:08:05Z,2026-09-24T07:08:05+0200,b9e32d7a-c859-44a5-aa71-7ec31e4fc19a,2026-09-20T18:45:00Z,2026-09-20T20:45:00+0200,42300.0,MW,FR,FR,forecast_load,Forecasted Load,2026-09-24T05:08:29Z
2026-09-24T05:08:05Z,2026-09-24T07:08:05+0200,b9e32d7a-c859-44a5-aa71-7ec31e4fc19a,2026-09-20T19:00:00Z,2026-09-20T21:00:00+0200,42100.0,MW,FR,FR,forecast_load,Forecasted Load,2026-09-24T05:08:29Z
2026-09-24T05:08:05Z,2026-09-24T07:08:05+0200,b9e32d7a-c859-44a5-aa71-7ec31e4fc19a,2026-09-20T19:15:00Z,2026-09-20T21:15:00+0200,41600.0,MW,FR,FR,forecast_load,Forecasted Load,2026-09-24T05:08:29Z
2026-09-24T05:08:05Z,2026-09-24T07:08:05+0200,b9e32d7a-c859-44a5-aa71-7ec31e4fc19a,2026-09-20T19:30:00Z,2026-09-20T21:30:00+0200,41100.0,MW,FR,FR,forecast_load,Forecasted Load,2026-09-24T05:08:29Z
2026-09-24T05:08:05Z,2026-09-24T07:08:05+0200,b9e32d7a-c859-44a5-aa71-7ec31e4fc19a,2026-09-20T19:45:00Z,2026-09-20T21:45:00+0200,40350.0,MW,FR,FR,forecast_load,Forecasted Load,2026-09-24T05:08:29Z
2026-09-24T05:08:05Z,2026-09-24T07:08:05+0200,b9e32d7a-c859-44a5-aa71-7ec31e4fc19a,2026-09-20T20:00:00Z,2026-09-20T22:00:00+0200,39600.0,MW,FR,FR,forecast_load,Forecasted Load,2026-09-24T05:08:29Z
2026-09-24T05:08:05Z,2026-09-24T07:08:05+0200,b9e32d7a-c859-44a5-aa71-7ec31e4fc19a,2026-09-20T20:15:00Z,2026-09-20T22:15:00+0200,40400.0,MW,FR,FR,forecast_load,Forecasted Load,2026-09-24T05:08:29Z
2026-09-24T05:08:05Z,2026-09-24T07:08:05+0200,b9e32d7a-c859-44a5-aa71-7ec31e4fc19a,2026-09-20T20:30:00Z,2026-09-20T22:30:00+0200,41200.0,MW,FR,FR,forecast_load,Forecasted Load,2026-09-24T05:08:29Z
2026-09-24T05:08:05Z,2026-09-24T07:08:05+0200,b9e32d7a-c859-44a5-aa71-7ec31e4fc19a,2026-09-20T20:45:00Z,2026-09-20T22:45:00+0200,41550.0,MW,FR,FR,forecast_load,Forecasted Load,2026-09-24T05:08:29Z
2026-09-24T05:08:05Z,2026-09-24T07:08:05+0200,b9e32d7a-c859-44a5-aa71-7ec31e4fc19a,2026-09-20T21:00:00Z,2026-09-20T23:00:00+0200,41900.0,MW,FR,FR,forecast_load,Forecasted Load,2026-09-24T05:08:29Z
2026-09-24T05:08:05Z,2026-09-24T07:08:05+0200,b9e32d7a-c859-44a5-aa71-7ec31e4fc19a,2026-09-20T21:15:00Z,2026-09-20T23:15:00+0200,41350.0,MW,FR,FR,forecast_load,Forecasted Load,2026-09-24T05:08:29Z
2026-09-24T05:08:05Z,2026-09-24T07:08:05+0200,b9e32d7a-c859-44a5-aa71-7ec31e4fc19a,2026-09-20T21:30:00Z,2026-09-20T23:30:00+0200,40800.0,MW,FR,FR,forecast_load,Forecasted Load,2026-09-24T05:08:29Z
2026-09-24T05:08:05Z,2026-09-24T07:08:05+0200,b9e32d7a-c859-44a5-aa71-7ec31e4fc19a,2026-09-20T21:45:00Z,2026-09-20T23:45:00+0200,40250.0,MW,FR,FR,forecast_load,Forecasted Load,2026-09-24T05:08:29Z
2026-09-24T05:08:05Z,2026-09-24T07:08:05+0200,b9e32d7a-c859-44a5-aa71-7ec31e4fc19a,2026-09-20T22:00:00Z,2026-09-21T00:00:00+0200,39900.0,MW,FR,FR,forecast_load,Forecasted Load,2026-09-24T05:08:29Z
2026-09-24T05:08:05Z,2026-09-24T07:08:05+0200,b9e32d7a-c859-44a5-aa71-7ec31e4fc19a,2026-09-20T22:15:00Z,2026-09-21T00:15:00+0200,39150.0,MW,FR,FR,forecast_load,Forecasted Load,2026-09-24T05:08:29Z
2026-09-24T05:08:05Z,2026-09-24T07:08:05+0200,b9e32d7a-c859-44a5-aa71-7ec31e4fc19a,2026-09-20T22:30:00Z,2026-09-21T00:30:00+0200,38400.0,MW,FR,FR,forecast_load,Forecasted Load,2026-09-24T05:08:29Z
2026-09-24T05:08:05Z,2026-09-24T07:08:05+0200,b9e32d7a-c859-44a5-aa71-7ec31e4fc19a,2026-09-20T22:45:00Z,2026-09-21T00:45:00+0200,37950.0,MW,FR,FR,forecast_load,Forecasted Load,2026-09-24T05:08:29Z
2026-09-24T05:08:05Z,2026-09-24T07:08:05+0200,b9e32d7a-c859-44a5-aa71-7ec31e4fc19a,2026-09-20T23:00:00Z,2026-09-21T01:00:00+0200,37500.0,MW,FR,FR,forecast_load,Forecasted Load,2026-09-24T05:08:29Z
2026-09-24T05:08:05Z,2026-09-24T07:08:05+0200,b9e32d7a-c859-44a5-aa71-7ec31e4fc19a,2026-09-20T23:15:00Z,2026-09-21T01:15:00+0200,37250.0,MW,FR,FR,forecast_load,Forecasted Load,2026-09-24T05:08:29Z
2026-09-24T05:08:05Z,2026-09-24T07:08:05+0200,b9e32d7a-c859-44a5-aa71-7ec31e4fc19a,2026-09-20T23:30:00Z,2026-09-21T01:30:00+0200,37000.0,MW,FR,FR,forecast_load,Forecasted Load,2026-09-24T05:08:29Z
2026-09-24T05:08:05Z,2026-09-24T07:08:05+0200,b9e32d7a-c859-44a5-aa71-7ec31e4fc19a,2026-09-20T23:45:00Z,2026-09-21T01:45:00+0200,36700.0,MW,FR,FR,forecast_load,Forecasted Load,2026-09-24T05:08:29Z
2026-09-24T05:08:05Z,2026-09-24T07:08:05+0200,b9e32d7a-c859-44a5-aa71-7ec31e4fc19a,2026-09-21T00:00:00Z,2026-09-21T02:00:00+0200,36400.0,MW,FR,FR,forecast_load,Forecasted Load,2026-09-24T05:08:29Z
2026-09-24T05:08:05Z,2026-09-24T07:08:05+0200,b9e32d7a-c859-44a5-aa71-7ec31e4fc19a,2026-09-21T00:15:00Z,2026-09-21T02:15:00+0200,35650.0,MW,FR,FR,forecast_load,Forecasted Load,2026-09-24T05:08:29Z
2026-09-24T05:08:05Z,2026-09-24T07:08:05+0200,b9e32d7a-c859-44a5-aa71-7ec31e4fc19a,2026-09-21T00:30:00Z,2026-09-21T02:30:00+0200,34900.0,MW,FR,FR,forecast_load,Forecasted Load,2026-09-24T05:08:29Z
2026-09-24T05:08:05Z,2026-09-24T07:08:05+0200,b9e32d7a-c859-44a5-aa71-7ec31e4fc19a,2026-09-21T00:45:00Z,2026-09-21T02:45:00+0200,34300.0,MW,FR,FR,forecast_load,Forecasted Load,2026-09-24T05:08:29Z
2026-09-24T05:08:05Z,2026-09-24T07:08:05+0200,b9e32d7a-c859-44a5-aa71-7ec31e4fc19a,2026-09-21T01:00:00Z,2026-09-21T03:00:00+0200,33700.0,MW,FR,FR,forecast_load,Forecasted Load,2026-09-24T05:08:29Z
2026-09-24T05:08:05Z,2026-09-24T07:08:05+0200,b9e32d7a-c859-44a5-aa71-7ec31e4fc19a,2026-09-21T01:15:00Z,2026-09-21T03:15:00+0200,33400.0,MW,FR,FR,forecast_load,Forecasted Load,2026-09-24T05:08:29Z
2026-09-24T05:08:05Z,2026-09-24T07:08:05+0200,b9e32d7a-c859-44a5-aa71-7ec31e4fc19a,2026-09-21T01:30:00Z,2026-09-21T03:30:00+0200,33100.0,MW,FR,FR,forecast_load,Forecasted Load,2026-09-24T05:08:29Z
2026-09-24T05:08:05Z,2026-09-24T07:08:05+0200,b9e32d7a-c859-44a5-aa71-7ec31e4fc19a,2026-09-21T01:45:00Z,2026-09-21T03:45:00+0200,33000.0,MW,FR,FR,forecast_load,Forecasted Load,2026-09-24T05:08:29Z
2026-09-24T05:08:05Z,2026-09-24T07:08:05+0200,b9e32d7a-c859-44a5-aa71-7ec31e4fc19a,2026-09-21T02:00:00Z,2026-09-21T04:00:00+0200,32900.0,MW,FR,FR,forecast_load,Forecasted Load,2026-09-24T05:08:29Z
2026-09-24T05:08:05Z,2026-09-24T07:08:05+0200,b9e32d7a-c859-44a5-aa71-7ec31e4fc19a,2026-09-21T02:15:00Z,2026-09-21T04:15:00+0200,33000.0,MW,FR,FR,forecast_load,Forecasted Load,2026-09-24T05:08:29Z
2026-09-24T05:08:05Z,2026-09-24T07:08:05+0200,b9e32d7a-c859-44a5-aa71-7ec31e4fc19a,2026-09-21T02:30:00Z,2026-09-21T04:30:00+0200,33100.0,MW,FR,FR,forecast_load,Forecasted Load,2026-09-24T05:08:29Z
2026-09-24T05:08:05Z,2026-09-24T07:08:05+0200,b9e32d7a-c859-44a5-aa71-7ec31e4fc19a,2026-09-21T02:45:00Z,2026-09-21T04:45:00+0200,33400.0,MW,FR,FR,forecast_load,Forecasted Load,2026-09-24T05:08:29Z
2026-09-24T05:08:05Z,2026-09-24T07:08:05+0200,b9e32d7a-c859-44a5-aa71-7ec31e4fc19a,2026-09-21T03:00:00Z,2026-09-21T05:00:00+0200,33700.0,MW,FR,FR,forecast_load,Forecasted Load,2026-09-24T05:08:29Z
2026-09-24T05:08:05Z,2026-09-24T07:08:05+0200,b9e32d7a-c859-44a5-aa71-7ec31e4fc19a,2026-09-21T03:15:00Z,2026-09-21T05:15:00+0200,34450.0,MW,FR,FR,forecast_load,Forecasted Load,2026-09-24T05:08:29Z
2026-09-24T05:08:05Z,2026-09-24T07:08:05+0200,b9e32d7a-c859-44a5-aa71-7ec31e4fc19a,2026-09-21T03:30:00Z,2026-09-21T05:30:00+0200,35200.0,MW,FR,FR,forecast_load,Forecasted Load,2026-09-24T05:08:29Z
2026-09-24T05:08:05Z,2026-09-24T07:08:05+0200,b9e32d7a-c859-44a5-aa71-7ec31e4fc19a,2026-09-21T03:45:00Z,2026-09-21T05:45:00+0200,36000.0,MW,FR,FR,forecast_load,Forecasted Load,2026-09-24T05:08:29Z
2026-09-24T05:08:05Z,2026-09-24T07:08:05+0200,b9e32d7a-c859-44a5-aa71-7ec31e4fc19a,2026-09-21T04:00:00Z,2026-09-21T06:00:00+0200,36800.0,MW,FR,FR,forecast_load,Forecasted Load,2026-09-24T05:08:29Z
2026-09-24T05:08:05Z,2026-09-24T07:08:05+0200,b9e32d7a-c859-44a5-aa71-7ec31e4fc19a,2026-09-21T04:15:00Z,2026-09-21T06:15:00+0200,37950.0,MW,FR,FR,forecast_load,Forecasted Load,2026-09-24T05:08:29Z
2026-09-24T05:08:05Z,2026-09-24T07:08:05+0200,b9e32d7a-c859-44a5-aa71-7ec31e4fc19a,2026-09-21T04:30:00Z,2026-09-21T06:30:00+0200,39100.0,MW,FR,FR,forecast_load,Forecasted Load,2026-09-24T05:08:29Z
2026-09-24T05:08:05Z,2026-09-24T07:08:05+0200,b9e32d7a-c859-44a5-aa71-7ec31e4fc19a,2026-09-21T04:45:00Z,2026-09-21T06:45:00+0200,40200.0,MW,FR,FR,forecast_load,Forecasted Load,2026-09-24T05:08:29Z
2026-09-24T05:08:05Z,2026-09-24T07:08:05+0200,b9e32d7a-c859-44a5-aa71-7ec31e4fc19a,2026-09-21T05:00:00Z,2026-09-21T07:00:00+0200,41300.0,MW,FR,FR,forecast_load,Forecasted Load,2026-09-24T05:08:29Z
2026-09-24T05:08:05Z,2026-09-24T07:08:05+0200,b9e32d7a-c859-44a5-aa71-7ec31e4fc19a,2026-09-21T05:15:00Z,2026-09-21T07:15:00+0200,42150.0,MW,FR,FR,forecast_load,Forecasted Load,2026-09-24T05:08:29Z
2026-09-24T05:08:05Z,2026-09-24T07:08:05+0200,b9e32d7a-c859-44a5-aa71-7ec31e4fc19a,2026-09-21T05:30:00Z,2026-09-21T07:30:00+0200,43000.0,MW,FR,FR,forecast_load,Forecasted Load,2026-09-24T05:08:29Z
2026-09-24T05:08:05Z,2026-09-24T07:08:05+0200,b9e32d7a-c859-44a5-aa71-7ec31e4fc19a,2026-09-21T05:45:00Z,2026-09-21T07:45:00+0200,43650.0,MW,FR,FR,forecast_load,Forecasted Load,2026-09-24T05:08:29Z
2026-09-24T05:08:05Z,2026-09-24T07:08:05+0200,b9e32d7a-c859-44a5-aa71-7ec31e4fc19a,2026-09-21T06:00:00Z,2026-09-21T08:00:00+0200,44300.0,MW,FR,FR,forecast_load,Forecasted Load,2026-09-24T05:08:29Z
2026-09-24T05:08:05Z,2026-09-24T07:08:05+0200,b9e32d7a-c859-44a5-aa71-7ec31e4fc19a,2026-09-21T06:15:00Z,2026-09-21T08:15:00+0200,44700.0,MW,FR,FR,forecast_load,Forecasted Load,2026-09-24T05:08:29Z
2026-09-24T05:08:05Z,2026-09-24T07:08:05+0200,b9e32d7a-c859-44a5-aa71-7ec31e4fc19a,2026-09-21T06:30:00Z,2026-09-21T08:30:00+0200,45100.0,MW,FR,FR,forecast_load,Forecasted Load,2026-09-24T05:08:29Z
2026-09-24T05:08:05Z,2026-09-24T07:08:05+0200,b9e32d7a-c859-44a5-aa71-7ec31e4fc19a,2026-09-21T06:45:00Z,2026-09-21T08:45:00+0200,45400.0,MW,FR,FR,forecast_load,Forecasted Load,2026-09-24T05:08:29Z
2026-09-24T05:08:05Z,2026-09-24T07:08:05+0200,b9e32d7a-c859-44a5-aa71-7ec31e4fc19a,2026-09-21T07:00:00Z,2026-09-21T09:00:00+0200,45700.0,MW,FR,FR,forecast_load,Forecasted Load,2026-09-24T05:08:29Z
2026-09-24T05:08:05Z,2026-09-24T07:08:05+0200,b9e32d7a-c859-44a5-aa71-7ec31e4fc19a,2026-09-21T07:15:00Z,2026-09-21T09:15:00+0200,46000.0,MW,FR,FR,forecast_load,Forecasted Load,2026-09-24T05:08:29Z
2026-09-24T05:08:05Z,2026-09-24T07:08:05+0200,b9e32d7a-c859-44a5-aa71-7ec31e4fc19a,2026-09-21T07:30:00Z,2026-09-21T09:30:00+0200,46300.0,MW,FR,FR,forecast_load,Forecasted Load,2026-09-24T05:08:29Z
2026-09-24T05:08:05Z,2026-09-24T07:08:05+0200,b9e32d7a-c859-44a5-aa71-7ec31e4fc19a,2026-09-21T07:45:00Z,2026-09-21T09:45:00+0200,46450.0,MW,FR,FR,forecast_load,Forecasted Load,2026-09-24T05:08:29Z
2026-09-24T05:08:05Z,2026-09-24T07:08:05+0200,b9e32d7a-c859-44a5-aa71-7ec31e4fc19a,2026-09-21T08:00:00Z,2026-09-21T10:00:00+0200,46600.0,MW,FR,FR,forecast_load,Forecasted Load,2026-09-24T05:08:29Z
2026-09-24T05:08:05Z,2026-09-24T07:08:05+0200,b9e32d7a-c859-44a5-aa71-7ec31e4fc19a,2026-09-21T08:15:00Z,2026-09-21T10:15:00+0200,47100.0,MW,FR,FR,forecast_load,Forecasted Load,2026-09-24T05:08:29Z
2026-09-24T05:08:05Z,2026-09-24T07:08:05+0200,b9e32d7a-c859-44a5-aa71-7ec31e4fc19a,2026-09-21T08:30:00Z,2026-09-21T10:30:00+0200,47600.0,MW,FR,FR,forecast_load,Forecasted Load,2026-09-24T05:08:29Z
2026-09-24T05:08:05Z,2026-09-24T07:08:05+0200,b9e32d7a-c859-44a5-aa71-7ec31e4fc19a,2026-09-21T08:45:00Z,2026-09-21T10:45:00+0200,47600.0,MW,FR,FR,forecast_load,Forecasted Load,2026-09-24T05:08:29Z
2026-09-24T05:08:05Z,2026-09-24T07:08:05+0200,b9e32d7a-c859-44a5-aa71-7ec31e4fc19a,2026-09-21T09:00:00Z,2026-09-21T11:00:00+0200,47600.0,MW,FR,FR,forecast_load,Forecasted Load,2026-09-24T05:08:29Z
2026-09-24T05:08:05Z,2026-09-24T07:08:05+0200,b9e32d7a-c859-44a5-aa71-7ec31e4fc19a,2026-09-21T09:15:00Z,2026-09-21T11:15:00+0200,47850.0,MW,FR,FR,forecast_load,Forecasted Load,2026-09-24T05:08:29Z
2026-09-24T05:08:05Z,2026-09-24T07:08:05+0200,b9e32d7a-c859-44a5-aa71-7ec31e4fc19a,2026-09-21T09:30:00Z,2026-09-21T11:30:00+0200,48100.0,MW,FR,FR,forecast_load,Forecasted Load,2026-09-24T05:08:29Z
2026-09-24T05:08:05Z,2026-09-24T07:08:05+0200,b9e32d7a-c859-44a5-aa71-7ec31e4fc19a,2026-09-21T09:45:00Z,2026-09-21T11:45:00+0200,48350.0,MW,FR,FR,forecast_load,Forecasted Load,2026-09-24T05:08:29Z
2026-09-24T05:08:05Z,2026-09-24T07:08:05+0200,b9e32d7a-c859-44a5-aa71-7ec31e4fc19a,2026-09-21T10:00:00Z,2026-09-21T12:00:00+0200,48600.0,MW,FR,FR,forecast_load,Forecasted Load,2026-09-24T05:08:29Z
2026-09-24T05:08:05Z,2026-09-24T07:08:05+0200,b9e32d7a-c859-44a5-aa71-7ec31e4fc19a,2026-09-21T10:15:00Z,2026-09-21T12:15:00+0200,48300.0,MW,FR,FR,forecast_load,Forecasted Load,2026-09-24T05:08:29Z
2026-09-24T05:08:05Z,2026-09-24T07:08:05+0200,b9e32d7a-c859-44a5-aa71-7ec31e4fc19a,2026-09-21T10:30:00Z,2026-09-21T12:30:00+0200,48000.0,MW,FR,FR,forecast_load,Forecasted Load,2026-09-24T05:08:29Z
2026-09-24T05:08:05Z,2026-09-24T07:08:05+0200,b9e32d7a-c859-44a5-aa71-7ec31e4fc19a,2026-09-21T10:45:00Z,2026-09-21T12:45:00+0200,48500.0,MW,FR,FR,forecast_load,Forecasted Load,2026-09-24T05:08:29Z
2026-09-24T05:08:05Z,2026-09-24T07:08:05+0200,b9e32d7a-c859-44a5-aa71-7ec31e4fc19a,2026-09-21T11:00:00Z,2026-09-21T13:00:00+0200,49000.0,MW,FR,FR,forecast_load,Forecasted Load,2026-09-24T05:08:29Z
2026-09-24T05:08:05Z,2026-09-24T07:08:05+0200,b9e32d7a-c859-44a5-aa71-7ec31e4fc19a,2026-09-21T11:15:00Z,2026-09-21T13:15:00+0200,48400.0,MW,FR,FR,forecast_load,Forecasted Load,2026-09-24T05:08:29Z
2026-09-24T05:08:05Z,2026-09-24T07:08:05+0200,b9e32d7a-c859-44a5-aa71-7ec31e4fc19a,2026-09-21T11:30:00Z,2026-09-21T13:30:00+0200,47800.0,MW,FR,FR,forecast_load,Forecasted Load,2026-09-24T05:08:29Z
2026-09-24T05:08:05Z,2026-09-24T07:08:05+0200,b9e32d7a-c859-44a5-aa71-7ec31e4fc19a,2026-09-21T11:45:00Z,2026-09-21T13:45:00+0200,47550.0,MW,FR,FR,forecast_load,Forecasted Load,2026-09-24T05:08:29Z
2026-09-24T05:08:05Z,2026-09-24T07:08:05+0200,b9e32d7a-c859-44a5-aa71-7ec31e4fc19a,2026-09-21T12:00:00Z,2026-09-21T14:00:00+0200,47300.0,MW,FR,FR,forecast_load,Forecasted Load,2026-09-24T05:08:29Z
2026-09-24T05:08:05Z,2026-09-24T07:08:05+0200,b9e32d7a-c859-44a5-aa71-7ec31e4fc19a,2026-09-21T12:15:00Z,2026-09-21T14:15:00+0200,48050.0,MW,FR,FR,forecast_load,Forecasted Load,2026-09-24T05:08:29Z
2026-09-24T05:08:05Z,2026-09-24T07:08:05+0200,b9e32d7a-c859-44a5-aa71-7ec31e4fc19a,2026-09-21T12:30:00Z,2026-09-21T14:30:00+0200,48800.0,MW,FR,FR,forecast_load,Forecasted Load,2026-09-24T05:08:29Z
2026-09-24T05:08:05Z,2026-09-24T07:08:05+0200,b9e32d7a-c859-44a5-aa71-7ec31e4fc19a,2026-09-21T12:45:00Z,2026-09-21T14:45:00+0200,48550.0,MW,FR,FR,forecast_load,Forecasted Load,2026-09-24T05:08:29Z
2026-09-24T05:08:05Z,2026-09-24T07:08:05+0200,b9e32d7a-c859-44a5-aa71-7ec31e4fc19a,2026-09-21T13:00:00Z,2026-09-21T15:00:00+0200,48300.0,MW,FR,FR,forecast_load,Forecasted Load,2026-09-24T05:08:29Z
2026-09-24T05:08:05Z,2026-09-24T07:08:05+0200,b9e32d7a-c859-44a5-aa71-7ec31e4fc19a,2026-09-21T13:15:00Z,2026-09-21T15:15:00+0200,48000.0,MW,FR,FR,forecast_load,Forecasted Load,2026-09-24T05:08:29Z
2026-09-24T05:08:05Z,2026-09-24T07:08:05+0200,b9e32d7a-c859-44a5-aa71-7ec31e4fc19a,2026-09-21T13:30:00Z,2026-09-21T15:30:00+0200,47700.0,MW,FR,FR,forecast_load,Forecasted Load,2026-09-24T05:08:29Z
2026-09-24T05:08:05Z,2026-09-24T07:08:05+0200,b9e32d7a-c859-44a5-aa71-7ec31e4fc19a,2026-09-21T13:45:00Z,2026-09-21T15:45:00+0200,47500.0,MW,FR,FR,forecast_load,Forecasted Load,2026-09-24T05:08:29Z
2026-09-24T05:08:05Z,2026-09-24T07:08:05+0200,b9e32d7a-c859-44a5-aa71-7ec31e4fc19a,2026-09-21T14:00:00Z,2026-09-21T16:00:00+0200,47300.0,MW,FR,FR,forecast_load,Forecasted Load,2026-09-24T05:08:29Z
2026-09-24T05:08:05Z,2026-09-24T07:08:05+0200,b9e32d7a-c859-44a5-aa71-7ec31e4fc19a,2026-09-21T14:15:00Z,2026-09-21T16:15:00+0200,47050.0,MW,FR,FR,forecast_load,Forecasted Load,2026-09-24T05:08:29Z
2026-09-24T05:08:05Z,2026-09-24T07:08:05+0200,b9e32d7a-c859-44a5-aa71-7ec31e4fc19a,2026-09-21T14:30:00Z,2026-09-21T16:30:00+0200,46800.0,MW,FR,FR,forecast_load,Forecasted Load,2026-09-24T05:08:29Z
2026-09-24T05:08:05Z,2026-09-24T07:08:05+0200,b9e32d7a-c859-44a5-aa71-7ec31e4fc19a,2026-09-21T14:45:00Z,2026-09-21T16:45:00+0200,46450.0,MW,FR,FR,forecast_load,Forecasted Load,2026-09-24T05:08:29Z
2026-09-24T05:08:05Z,2026-09-24T07:08:05+0200,b9e32d7a-c859-44a5-aa71-7ec31e4fc19a,2026-09-21T15:00:00Z,2026-09-21T17:00:00+0200,46100.0,MW,FR,FR,forecast_load,Forecasted Load,2026-09-24T05:08:29Z
2026-09-24T05:08:05Z,2026-09-24T07:08:05+0200,b9e32d7a-c859-44a5-aa71-7ec31e4fc19a,2026-09-21T15:15:00Z,2026-09-21T17:15:00+0200,46300.0,MW,FR,FR,forecast_load,Forecasted Load,2026-09-24T05:08:29Z
2026-09-24T05:08:05Z,2026-09-24T07:08:05+0200,b9e32d7a-c859-44a5-aa71-7ec31e4fc19a,2026-09-21T15:30:00Z,2026-09-21T17:30:00+0200,46500.0,MW,FR,FR,forecast_load,Forecasted Load,2026-09-24T05:08:29Z
2026-09-24T05:08:05Z,2026-09-24T07:08:05+0200,b9e32d7a-c859-44a5-aa71-7ec31e4fc19a,2026-09-21T15:45:00Z,2026-09-21T17:45:00+0200,46850.0,MW,FR,FR,forecast_load,Forecasted Load,2026-09-24T05:08:29Z
2026-09-24T05:08:05Z,2026-09-24T07:08:05+0200,b9e32d7a-c859-44a5-aa71-7ec31e4fc19a,2026-09-21T16:00:00Z,2026-09-21T18:00:00+0200,47200.0,MW,FR,FR,forecast_load,Forecasted Load,2026-09-24T05:08:29Z
2026-09-24T05:08:05Z,2026-09-24T07:08:05+0200,b9e32d7a-c859-44a5-aa71-7ec31e4fc19a,2026-09-21T16:15:00Z,2026-09-21T18:15:00+0200,47700.0,MW,FR,FR,forecast_load,Forecasted Load,2026-09-24T05:08:29Z
2026-09-24T05:08:05Z,2026-09-24T07:08:05+0200,b9e32d7a-c859-44a5-aa71-7ec31e4fc19a,2026-09-21T16:30:00Z,2026-09-21T18:30:00+0200,48200.0,MW,FR,FR,forecast_load,Forecasted Load,2026-09-24T05:08:29Z
2026-09-24T05:08:05Z,2026-09-24T07:08:05+0200,b9e32d7a-c859-44a5-aa71-7ec31e4fc19a,2026-09-21T16:45:00Z,2026-09-21T18:45:00+0200,48900.0,MW,FR,FR,forecast_load,Forecasted Load,2026-09-24T05:08:29Z
2026-09-24T05:08:05Z,2026-09-24T07:08:05+0200,b9e32d7a-c859-44a5-aa71-7ec31e4fc19a,2026-09-21T17:00:00Z,2026-09-21T19:00:00+0200,49600.0,MW,FR,FR,forecast_load,Forecasted Load,2026-09-24T05:08:29Z
2026-09-24T05:08:05Z,2026-09-24T07:08:05+0200,b9e32d7a-c859-44a5-aa71-7ec31e4fc19a,2026-09-21T17:15:00Z,2026-09-21T19:15:00+0200,49300.0,MW,FR,FR,forecast_load,Forecasted Load,2026-09-24T05:08:29Z
2026-09-24T05:08:05Z,2026-09-24T07:08:05+0200,b9e32d7a-c859-44a5-aa71-7ec31e4fc19a,2026-09-21T17:30:00Z,2026-09-21T19:30:00+0200,49000.0,MW,FR,FR,forecast_load,Forecasted Load,2026-09-24T05:08:29Z
2026-09-24T05:08:05Z,2026-09-24T07:08:05+0200,b9e32d7a-c859-44a5-aa71-7ec31e4fc19a,2026-09-21T17:45:00Z,2026-09-21T19:45:00+0200,48550.0,MW,FR,FR,forecast_load,Forecasted Load,2026-09-24T05:08:29Z
2026-09-24T05:08:05Z,2026-09-24T07:08:05+0200,b9e32d7a-c859-44a5-aa71-7ec31e4fc19a,2026-09-21T18:00:00Z,2026-09-21T20:00:00+0200,48100.0,MW,FR,FR,forecast_load,Forecasted Load,2026-09-24T05:08:29Z
2026-09-24T05:08:05Z,2026-09-24T07:08:05+0200,b9e32d7a-c859-44a5-aa71-7ec31e4fc19a,2026-09-21T18:15:00Z,2026-09-21T20:15:00+0200,47850.0,MW,FR,FR,forecast_load,Forecasted Load,2026-09-24T05:08:29Z
2026-09-24T05:08:05Z,2026-09-24T07:08:05+0200,b9e32d7a-c859-44a5-aa71-7ec31e4fc19a,2026-09-21T18:30:00Z,2026-09-21T20:30:00+0200,47600.0,MW,FR,FR,forecast_load,Forecasted Load,2026-09-24T05:08:29Z
2026-09-24T05:08:05Z,2026-09-24T07:08:05+0200,b9e32d7a-c859-44a5-aa71-7ec31e4fc19a,2026-09-21T18:45:00Z,2026-09-21T20:45:00+0200,46900.0,MW,FR,FR,forecast_load,Forecasted Load,2026-09-24T05:08:29Z
2026-09-24T05:08:05Z,2026-09-24T07:08:05+0200,b9e32d7a-c859-44a5-aa71-7ec31e4fc19a,2026-09-21T19:00:00Z,2026-09-21T21:00:00+0200,46200.0,MW,FR,FR,forecast_load,Forecasted Load,2026-09-24T05:08:29Z
2026-09-24T05:08:05Z,2026-09-24T07:08:05+0200,b9e32d7a-c859-44a5-aa71-7ec31e4fc19a,2026-09-21T19:15:00Z,2026-09-21T21:15:00+0200,45500.0,MW,FR,FR,forecast_load,Forecasted Load,2026-09-24T05:08:29Z
2026-09-24T05:08:05Z,2026-09-24T07:08:05+0200,b9e32d7a-c859-44a5-aa71-7ec31e4fc19a,2026-09-21T19:30:00Z,2026-09-21T21:30:00+0200,44800.0,MW,FR,FR,forecast_load,Forecasted Load,2026-09-24T05:08:29Z
2026-09-24T05:08:05Z,2026-09-24T07:08:05+0200,b9e32d7a-c859-44a5-aa71-7ec31e4fc19a,2026-09-21T19:45:00Z,2026-09-21T21:45:00+0200,44500.0,MW,FR,FR,forecast_load,Forecasted Load,2026-09-24T05:08:29Z
2026-09-24T05:08:05Z,2026-09-24T07:08:05+0200,b9e32d7a-c859-44a5-aa71-7ec31e4fc19a,2026-09-21T20:00:00Z,2026-09-21T22:00:00+0200,44200.0,MW,FR,FR,forecast_load,Forecasted Load,2026-09-24T05:08:29Z
2026-09-24T05:08:05Z,2026-09-24T07:08:05+0200,b9e32d7a-c859-44a5-aa71-7ec31e4fc19a,2026-09-21T20:15:00Z,2026-09-21T22:15:00+0200,43700.0,MW,FR,FR,forecast_load,Forecasted Load,2026-09-24T05:08:29Z
2026-09-24T05:08:05Z,2026-09-24T07:08:05+0200,b9e32d7a-c859-44a5-aa71-7ec31e4fc19a,2026-09-21T20:30:00Z,2026-09-21T22:30:00+0200,43200.0,MW,FR,FR,forecast_load,Forecasted Load,2026-09-24T05:08:29Z
2026-09-24T05:08:05Z,2026-09-24T07:08:05+0200,b9e32d7a-c859-44a5-aa71-7ec31e4fc19a,2026-09-21T20:45:00Z,2026-09-21T22:45:00+0200,44100.0,MW,FR,FR,forecast_load,Forecasted Load,2026-09-24T05:08:29Z
2026-09-24T05:08:05Z,2026-09-24T07:08:05+0200,b9e32d7a-c859-44a5-aa71-7ec31e4fc19a,2026-09-21T21:00:00Z,2026-09-21T23:00:00+0200,45000.0,MW,FR,FR,forecast_load,Forecasted Load,2026-09-24T05:08:29Z
2026-09-24T05:08:05Z,2026-09-24T07:08:05+0200,b9e32d7a-c859-44a5-aa71-7ec31e4fc19a,2026-09-21T21:15:00Z,2026-09-21T23:15:00+0200,44250.0,MW,FR,FR,forecast_load,Forecasted Load,2026-09-24T05:08:29Z
2026-09-24T05:08:05Z,2026-09-24T07:08:05+0200,b9e32d7a-c859-44a5-aa71-7ec31e4fc19a,2026-09-21T21:30:00Z,2026-09-21T23:30:00+0200,43500.0,MW,FR,FR,forecast_load,Forecasted Load,2026-09-24T05:08:29Z
2026-09-24T05:08:05Z,2026-09-24T07:08:05+0200,b9e32d7a-c859-44a5-aa71-7ec31e4fc19a,2026-09-21T21:45:00Z,2026-09-21T23:45:00+0200,42900.0,MW,FR,FR,forecast_load,Forecasted Load,2026-09-24T05:08:29Z
2026-09-24T05:08:05Z,2026-09-24T07:08:05+0200,b9e32d7a-c859-44a5-aa71-7ec31e4fc19a,2026-09-21T22:00:00Z,2026-09-22T00:00:00+0200,41500.0,MW,FR,FR,forecast_load,Forecasted Load,2026-09-24T05:08:29Z
2026-09-24T05:08:05Z,2026-09-24T07:08:05+0200,b9e32d7a-c859-44a5-aa71-7ec31e4fc19a,2026-09-21T22:15:00Z,2026-09-22T00:15:00+0200,40600.0,MW,FR,FR,forecast_load,Forecasted Load,2026-09-24T05:08:29Z
2026-09-24T05:08:05Z,2026-09-24T07:08:05+0200,b9e32d7a-c859-44a5-aa71-7ec31e4fc19a,2026-09-21T22:30:00Z,2026-09-22T00:30:00+0200,39700.0,MW,FR,FR,forecast_load,Forecasted Load,2026-09-24T05:08:29Z
2026-09-24T05:08:05Z,2026-09-24T07:08:05+0200,b9e32d7a-c859-44a5-aa71-7ec31e4fc19a,2026-09-21T22:45:00Z,2026-09-22T00:45:00+0200,38750.0,MW,FR,FR,forecast_load,Forecasted Load,2026-09-24T05:08:29Z
2026-09-24T05:08:05Z,2026-09-24T07:08:05+0200,b9e32d7a-c859-44a5-aa71-7ec31e4fc19a,2026-09-21T23:00:00Z,2026-09-22T01:00:00+0200,37800.0,MW,FR,FR,forecast_load,Forecasted Load,2026-09-24T05:08:29Z
2026-09-24T05:08:05Z,2026-09-24T07:08:05+0200,b9e32d7a-c859-44a5-aa71-7ec31e4fc19a,2026-09-21T23:15:00Z,2026-09-22T01:15:00+0200,38250.0,MW,FR,FR,forecast_load,Forecasted Load,2026-09-24T05:08:29Z
2026-09-24T05:08:05Z,2026-09-24T07:08:05+0200,b9e32d7a-c859-44a5-aa71-7ec31e4fc19a,2026-09-21T23:30:00Z,2026-09-22T01:30:00+0200,38700.0,MW,FR,FR,forecast_load,Forecasted Load,2026-09-24T05:08:29Z
2026-09-24T05:08:05Z,2026-09-24T07:08:05+0200,b9e32d7a-c859-44a5-aa71-7ec31e4fc19a,2026-09-21T23:45:00Z,2026-09-22T01:45:00+0200,38000.0,MW,FR,FR,forecast_load,Forecasted Load,2026-09-24T05:08:29Z
2026-09-24T05:08:05Z,2026-09-24T07:08:05+0200,b9e32d7a-c859-44a5-aa71-7ec31e4fc19a,2026-09-22T00:00:00Z,2026-09-22T02:00:00+0200,37300.0,MW,FR,FR,forecast_load,Forecasted Load,2026-09-24T05:08:29Z
2026-09-24T05:08:05Z,2026-09-24T07:08:05+0200,b9e32d7a-c859-44a5-aa71-7ec31e4fc19a,2026-09-22T00:15:00Z,2026-09-22T02:15:00+0200,36650.0,MW,FR,FR,forecast_load,Forecasted Load,2026-09-24T05:08:29Z
2026-09-24T05:08:05Z,2026-09-24T07:08:05+0200,b9e32d7a-c859-44a5-aa71-7ec31e4fc19a,2026-09-22T00:30:00Z,2026-09-22T02:30:00+0200,36000.0,MW,FR,FR,forecast_load,Forecasted Load,2026-09-24T05:08:29Z
2026-09-24T05:08:05Z,2026-09-24T07:08:05+0200,b9e32d7a-c859-44a5-aa71-7ec31e4fc19a,2026-09-22T00:45:00Z,2026-09-22T02:45:00+0200,35500.0,MW,FR,FR,forecast_load,Forecasted Load,2026-09-24T05:08:29Z
2026-09-24T05:08:05Z,2026-09-24T07:08:05+0200,b9e32d7a-c859-44a5-aa71-7ec31e4fc19a,2026-09-22T01:00:00Z,2026-09-22T03:00:00+0200,35000.0,MW,FR,FR,forecast_load,Forecasted Load,2026-09-24T05:08:29Z
2026-09-24T05:08:05Z,2026-09-24T07:08:05+0200,b9e32d7a-c859-44a5-aa71-7ec31e4fc19a,2026-09-22T01:15:00Z,2026-09-22T03:15:00+0200,34750.0,MW,FR,FR,forecast_load,Forecasted Load,2026-09-24T05:08:29Z
2026-09-24T05:08:05Z,2026-09-24T07:08:05+0200,b9e32d7a-c859-44a5-aa71-7ec31e4fc19a,2026-09-22T01:30:00Z,2026-09-22T03:30:00+0200,34500.0,MW,FR,FR,forecast_load,Forecasted Load,2026-09-24T05:08:29Z
2026-09-24T05:08:05Z,2026-09-24T07:08:05+0200,b9e32d7a-c859-44a5-aa71-7ec31e4fc19a,2026-09-22T01:45:00Z,2026-09-22T03:45:00+0200,34350.0,MW,FR,FR,forecast_load,Forecasted Load,2026-09-24T05:08:29Z
2026-09-24T05:08:05Z,2026-09-24T07:08:05+0200,b9e32d7a-c859-44a5-aa71-7ec31e4fc19a,2026-09-22T02:00:00Z,2026-09-22T04:00:00+0200,34200.0,MW,FR,FR,forecast_load,Forecasted Load,2026-09-24T05:08:29Z
2026-09-24T05:08:05Z,2026-09-24T07:08:05+0200,b9e32d7a-c859-44a5-aa71-7ec31e4fc19a,2026-09-22T02:15:00Z,2026-09-22T04:15:00+0200,34300.0,MW,FR,FR,forecast_load,Forecasted Load,2026-09-24T05:08:29Z
2026-09-24T05:08:05Z,2026-09-24T07:08:05+0200,b9e32d7a-c859-44a5-aa71-7ec31e4fc19a,2026-09-22T02:30:00Z,2026-09-22T04:30:00+0200,34400.0,MW,FR,FR,forecast_load,Forecasted Load,2026-09-24T05:08:29Z
2026-09-24T05:08:05Z,2026-09-24T07:08:05+0200,b9e32d7a-c859-44a5-aa71-7ec31e4fc19a,2026-09-22T02:45:00Z,2026-09-22T04:45:00+0200,34550.0,MW,FR,FR,forecast_load,Forecasted Load,2026-09-24T05:08:29Z
2026-09-24T05:08:05Z,2026-09-24T07:08:05+0200,b9e32d7a-c859-44a5-aa71-7ec31e4fc19a,2026-09-22T03:00:00Z,2026-09-22T05:00:00+0200,34700.0,MW,FR,FR,forecast_load,Forecasted Load,2026-09-24T05:08:29Z
2026-09-24T05:08:05Z,2026-09-24T07:08:05+0200,b9e32d7a-c859-44a5-aa71-7ec31e4fc19a,2026-09-22T03:15:00Z,2026-09-22T05:15:00+0200,35200.0,MW,FR,FR,forecast_load,Forecasted Load,2026-09-24T05:08:29Z
2026-09-24T05:08:05Z,2026-09-24T07:08:05+0200,b9e32d7a-c859-44a5-aa71-7ec31e4fc19a,2026-09-22T03:30:00Z,2026-09-22T05:30:00+0200,35700.0,MW,FR,FR,forecast_load,Forecasted Load,2026-09-24T05:08:29Z
2026-09-24T05:08:05Z,2026-09-24T07:08:05+0200,b9e32d7a-c859-44a5-aa71-7ec31e4fc19a,2026-09-22T03:45:00Z,2026-09-22T05:45:00+0200,36500.0,MW,FR,FR,forecast_load,Forecasted Load,2026-09-24T05:08:29Z
2026-09-24T05:08:05Z,2026-09-24T07:08:05+0200,b9e32d7a-c859-44a5-aa71-7ec31e4fc19a,2026-09-22T04:00:00Z,2026-09-22T06:00:00+0200,37300.0,MW,FR,FR,forecast_load,Forecasted Load,2026-09-24T05:08:29Z
2026-09-24T05:08:05Z,2026-09-24T07:08:05+0200,b9e32d7a-c859-44a5-aa71-7ec31e4fc19a,2026-09-22T04:15:00Z,2026-09-22T06:15:00+0200,38450.0,MW,FR,FR,forecast_load,Forecasted Load,2026-09-24T05:08:29Z
2026-09-24T05:08:05Z,2026-09-24T07:08:05+0200,b9e32d7a-c859-44a5-aa71-7ec31e4fc19a,2026-09-22T04:30:00Z,2026-09-22T06:30:00+0200,39600.0,MW,FR,FR,forecast_load,Forecasted Load,2026-09-24T05:08:29Z
2026-09-24T05:08:05Z,2026-09-24T07:08:05+0200,b9e32d7a-c859-44a5-aa71-7ec31e4fc19a,2026-09-22T04:45:00Z,2026-09-22T06:45:00+0200,40700.0,MW,FR,FR,forecast_load,Forecasted Load,2026-09-24T05:08:29Z
2026-09-24T05:08:05Z,2026-09-24T07:08:05+0200,b9e32d7a-c859-44a5-aa71-7ec31e4fc19a,2026-09-22T05:00:00Z,2026-09-22T07:00:00+0200,41800.0,MW,FR,FR,forecast_load,Forecasted Load,2026-09-24T05:08:29Z
2026-09-24T05:08:05Z,2026-09-24T07:08:05+0200,b9e32d7a-c859-44a5-aa71-7ec31e4fc19a,2026-09-22T05:15:00Z,2026-09-22T07:15:00+0200,42650.0,MW,FR,FR,forecast_load,Forecasted Load,2026-09-24T05:08:29Z
2026-09-24T05:08:05Z,2026-09-24T07:08:05+0200,b9e32d7a-c859-44a5-aa71-7ec31e4fc19a,2026-09-22T05:30:00Z,2026-09-22T07:30:00+0200,43500.0,MW,FR,FR,forecast_load,Forecasted Load,2026-09-24T05:08:29Z
2026-09-24T05:08:05Z,2026-09-24T07:08:05+0200,b9e32d7a-c859-44a5-aa71-7ec31e4fc19a,2026-09-22T05:45:00Z,2026-09-22T07:45:00+0200,43850.0,MW,FR,FR,forecast_load,Forecasted Load,2026-09-24T05:08:29Z
2026-09-24T05:08:05Z,2026-09-24T07:08:05+0200,b9e32d7a-c859-44a5-aa71-7ec31e4fc19a,2026-09-22T06:00:00Z,2026-09-22T08:00:00+0200,44200.0,MW,FR,FR,forecast_load,Forecasted Load,2026-09-24T05:08:29Z
2026-09-24T05:08:05Z,2026-09-24T07:08:05+0200,b9e32d7a-c859-44a5-aa71-7ec31e4fc19a,2026-09-22T06:15:00Z,2026-09-22T08:15:00+0200,44500.0,MW,FR,FR,forecast_load,Forecasted Load,2026-09-24T05:08:29Z
2026-09-24T05:08:05Z,2026-09-24T07:08:05+0200,b9e32d7a-c859-44a5-aa71-7ec31e4fc19a,2026-09-22T06:30:00Z,2026-09-22T08:30:00+0200,44800.0,MW,FR,FR,forecast_load,Forecasted Load,2026-09-24T05:08:29Z
2026-09-24T05:08:05Z,2026-09-24T07:08:05+0200,b9e32d7a-c859-44a5-aa71-7ec31e4fc19a,2026-09-22T06:45:00Z,2026-09-22T08:45:00+0200,45000.0,MW,FR,FR,forecast_load,Forecasted Load,2026-09-24T05:08:29Z
2026-09-24T05:08:05Z,2026-09-24T07:08:05+0200,b9e32d7a-c859-44a5-aa71-7ec31e4fc19a,2026-09-22T07:00:00Z,2026-09-22T09:00:00+0200,45200.0,MW,FR,FR,forecast_load,Forecasted Load,2026-09-24T05:08:29Z
2026-09-24T05:08:05Z,2026-09-24T07:08:05+0200,b9e32d7a-c859-44a5-aa71-7ec31e4fc19a,2026-09-22T07:15:00Z,2026-09-22T09:15:00+0200,45500.0,MW,FR,FR,forecast_load,Forecasted Load,2026-09-24T05:08:29Z
2026-09-24T05:08:05Z,2026-09-24T07:08:05+0200,b9e32d7a-c859-44a5-aa71-7ec31e4fc19a,2026-09-22T07:30:00Z,2026-09-22T09:30:00+0200,45800.0,MW,FR,FR,forecast_load,Forecasted Load,2026-09-24T05:08:29Z
2026-09-24T05:08:05Z,2026-09-24T07:08:05+0200,b9e32d7a-c859-44a5-aa71-7ec31e4fc19a,2026-09-22T07:45:00Z,2026-09-22T09:45:00+0200,45950.0,MW,FR,FR,forecast_load,Forecasted Load,2026-09-24T05:08:29Z
2026-09-24T05:08:05Z,2026-09-24T07:08:05+0200,b9e32d7a-c859-44a5-aa71-7ec31e4fc19a,2026-09-22T08:00:00Z,2026-09-22T10:00:00+0200,46100.0,MW,FR,FR,forecast_load,Forecasted Load,2026-09-24T05:08:29Z
2026-09-24T05:08:05Z,2026-09-24T07:08:05+0200,b9e32d7a-c859-44a5-aa71-7ec31e4fc19a,2026-09-22T08:15:00Z,2026-09-22T10:15:00+0200,46350.0,MW,FR,FR,forecast_load,Forecasted Load,2026-09-24T05:08:29Z
2026-09-24T05:08:05Z,2026-09-24T07:08:05+0200,b9e32d7a-c859-44a5-aa71-7ec31e4fc19a,2026-09-22T08:30:00Z,2026-09-22T10:30:00+0200,46600.0,MW,FR,FR,forecast_load,Forecasted Load,2026-09-24T05:08:29Z
2026-09-24T05:08:05Z,2026-09-24T07:08:05+0200,b9e32d7a-c859-44a5-aa71-7ec31e4fc19a,2026-09-22T08:45:00Z,2026-09-22T10:45:00+0200,46750.0,MW,FR,FR,forecast_load,Forecasted Load,2026-09-24T05:08:29Z
2026-09-24T05:08:05Z,2026-09-24T07:08:05+0200,b9e32d7a-c859-44a5-aa71-7ec31e4fc19a,2026-09-22T09:00:00Z,2026-09-22T11:00:00+0200,46900.0,MW,FR,FR,forecast_load,Forecasted Load,2026-09-24T05:08:29Z
2026-09-24T05:08:05Z,2026-09-24T07:08:05+0200,b9e32d7a-c859-44a5-aa71-7ec31e4fc19a,2026-09-22T09:15:00Z,2026-09-22T11:15:00+0200,47100.0,MW,FR,FR,forecast_load,Forecasted Load,2026-09-24T05:08:29Z
2026-09-24T05:08:05Z,2026-09-24T07:08:05+0200,b9e32d7a-c859-44a5-aa71-7ec31e4fc19a,2026-09-22T09:30:00Z,2026-09-22T11:30:00+0200,47300.0,MW,FR,FR,forecast_load,Forecasted Load,2026-09-24T05:08:29Z
2026-09-24T05:08:05Z,2026-09-24T07:08:05+0200,b9e32d7a-c859-44a5-aa71-7ec31e4fc19a,2026-09-22T09:45:00Z,2026-09-22T11:45:00+0200,47700.0,MW,FR,FR,forecast_load,Forecasted Load,2026-09-24T05:08:29Z
2026-09-24T05:08:05Z,2026-09-24T07:08:05+0200,b9e32d7a-c859-44a5-aa71-7ec31e4fc19a,2026-09-22T10:00:00Z,2026-09-22T12:00:00+0200,48100.0,MW,FR,FR,forecast_load,Forecasted Load,2026-09-24T05:08:29Z
2026-09-24T05:08:05Z,2026-09-24T07:08:05+0200,b9e32d7a-c859-44a5-aa71-7ec31e4fc19a,2026-09-22T10:15:00Z,2026-09-22T12:15:00+0200,47750.0,MW,FR,FR,forecast_load,Forecasted Load,2026-09-24T05:08:29Z
2026-09-24T05:08:05Z,2026-09-24T07:08:05+0200,b9e32d7a-c859-44a5-aa71-7ec31e4fc19a,2026-09-22T10:30:00Z,2026-09-22T12:30:00+0200,47400.0,MW,FR,FR,forecast_load,Forecasted Load,2026-09-24T05:08:29Z
2026-09-24T05:08:05Z,2026-09-24T07:08:05+0200,b9e32d7a-c859-44a5-aa71-7ec31e4fc19a,2026-09-22T10:45:00Z,2026-09-22T12:45:00+0200,47750.0,MW,FR,FR,forecast_load,Forecasted Load,2026-09-24T05:08:29Z
2026-09-24T05:08:05Z,2026-09-24T07:08:05+0200,b9e32d7a-c859-44a5-aa71-7ec31e4fc19a,2026-09-22T11:00:00Z,2026-09-22T13:00:00+0200,48100.0,MW,FR,FR,forecast_load,Forecasted Load,2026-09-24T05:08:29Z
2026-09-24T05:08:05Z,2026-09-24T07:08:05+0200,b9e32d7a-c859-44a5-aa71-7ec31e4fc19a,2026-09-22T11:15:00Z,2026-09-22T13:15:00+0200,47550.0,MW,FR,FR,forecast_load,Forecasted Load,2026-09-24T05:08:29Z
2026-09-24T05:08:05Z,2026-09-24T07:08:05+0200,b9e32d7a-c859-44a5-aa71-7ec31e4fc19a,2026-09-22T11:30:00Z,2026-09-22T13:30:00+0200,47000.0,MW,FR,FR,forecast_load,Forecasted Load,2026-09-24T05:08:29Z
2026-09-24T05:08:05Z,2026-09-24T07:08:05+0200,b9e32d7a-c859-44a5-aa71-7ec31e4fc19a,2026-09-22T11:45:00Z,2026-09-22T13:45:00+0200,46800.0,MW,FR,FR,forecast_load,Forecasted Load,2026-09-24T05:08:29Z
2026-09-24T05:08:05Z,2026-09-24T07:08:05+0200,b9e32d7a-c859-44a5-aa71-7ec31e4fc19a,2026-09-22T12:00:00Z,2026-09-22T14:00:00+0200,46600.0,MW,FR,FR,forecast_load,Forecasted Load,2026-09-24T05:08:29Z
2026-09-24T05:08:05Z,2026-09-24T07:08:05+0200,b9e32d7a-c859-44a5-aa71-7ec31e4fc19a,2026-09-22T12:15:00Z,2026-09-22T14:15:00+0200,47150.0,MW,FR,FR,forecast_load,Forecasted Load,2026-09-24T05:08:29Z
2026-09-24T05:08:05Z,2026-09-24T07:08:05+0200,b9e32d7a-c859-44a5-aa71-7ec31e4fc19a,2026-09-22T12:30:00Z,2026-09-22T14:30:00+0200,47700.0,MW,FR,FR,forecast_load,Forecasted Load,2026-09-24T05:08:29Z
2026-09-24T05:08:05Z,2026-09-24T07:08:05+0200,b9e32d7a-c859-44a5-aa71-7ec31e4fc19a,2026-09-22T12:45:00Z,2026-09-22T14:45:00+0200,47550.0,MW,FR,FR,forecast_load,Forecasted Load,2026-09-24T05:08:29Z
2026-09-24T05:08:05Z,2026-09-24T07:08:05+0200,b9e32d7a-c859-44a5-aa71-7ec31e4fc19a,2026-09-22T13:00:00Z,2026-09-22T15:00:00+0200,47400.0,MW,FR,FR,forecast_load,Forecasted Load,2026-09-24T05:08:29Z
2026-09-24T05:08:05Z,2026-09-24T07:08:05+0200,b9e32d7a-c859-44a5-aa71-7ec31e4fc19a,2026-09-22T13:15:00Z,2026-09-22T15:15:00+0200,46900.0,MW,FR,FR,forecast_load,Forecasted Load,2026-09-24T05:08:29Z
2026-09-24T05:08:05Z,2026-09-24T07:08:05+0200,b9e32d7a-c859-44a5-aa71-7ec31e4fc19a,2026-09-22T13:30:00Z,2026-09-22T15:30:00+0200,46400.0,MW,FR,FR,forecast_load,Forecasted Load,2026-09-24T05:08:29Z
2026-09-24T05:08:05Z,2026-09-24T07:08:05+0200,b9e32d7a-c859-44a5-aa71-7ec31e4fc19a,2026-09-22T13:45:00Z,2026-09-22T15:45:00+0200,46200.0,MW,FR,FR,forecast_load,Forecasted Load,2026-09-24T05:08:29Z
2026-09-24T05:08:05Z,2026-09-24T07:08:05+0200,b9e32d7a-c859-44a5-aa71-7ec31e4fc19a,2026-09-22T14:00:00Z,2026-09-22T16:00:00+0200,46000.0,MW,FR,FR,forecast_load,Forecasted Load,2026-09-24T05:08:29Z
2026-09-24T05:08:05Z,2026-09-24T07:08:05+0200,b9e32d7a-c859-44a5-aa71-7ec31e4fc19a,2026-09-22T14:15:00Z,2026-09-22T16:15:00+0200,45750.0,MW,FR,FR,forecast_load,Forecasted Load,2026-09-24T05:08:29Z
2026-09-24T05:08:05Z,2026-09-24T07:08:05+0200,b9e32d7a-c859-44a5-aa71-7ec31e4fc19a,2026-09-22T14:30:00Z,2026-09-22T16:30:00+0200,45500.0,MW,FR,FR,forecast_load,Forecasted Load,2026-09-24T05:08:29Z
2026-09-24T05:08:05Z,2026-09-24T07:08:05+0200,b9e32d7a-c859-44a5-aa71-7ec31e4fc19a,2026-09-22T14:45:00Z,2026-09-22T16:45:00+0200,45200.0,MW,FR,FR,forecast_load,Forecasted Load,2026-09-24T05:08:29Z
2026-09-24T05:08:05Z,2026-09-24T07:08:05+0200,b9e32d7a-c859-44a5-aa71-7ec31e4fc19a,2026-09-22T15:00:00Z,2026-09-22T17:00:00+0200,44900.0,MW,FR,FR,forecast_load,Forecasted Load,2026-09-24T05:08:29Z
2026-09-24T05:08:05Z,2026-09-24T07:08:05+0200,b9e32d7a-c859-44a5-aa71-7ec31e4fc19a,2026-09-22T15:15:00Z,2026-09-22T17:15:00+0200,45250.0,MW,FR,FR,forecast_load,Forecasted Load,2026-09-24T05:08:29Z
2026-09-24T05:08:05Z,2026-09-24T07:08:05+0200,b9e32d7a-c859-44a5-aa71-7ec31e4fc19a,2026-09-22T15:30:00Z,2026-09-22T17:30:00+0200,45600.0,MW,FR,FR,forecast_load,Forecasted Load,2026-09-24T05:08:29Z
2026-09-24T05:08:05Z,2026-09-24T07:08:05+0200,b9e32d7a-c859-44a5-aa71-7ec31e4fc19a,2026-09-22T15:45:00Z,2026-09-22T17:45:00+0200,46200.0,MW,FR,FR,forecast_load,Forecasted Load,2026-09-24T05:08:29Z
2026-09-24T05:08:05Z,2026-09-24T07:08:05+0200,b9e32d7a-c859-44a5-aa71-7ec31e4fc19a,2026-09-22T16:00:00Z,2026-09-22T18:00:00+0200,46800.0,MW,FR,FR,forecast_load,Forecasted Load,2026-09-24T05:08:29Z
2026-09-24T05:08:05Z,2026-09-24T07:08:05+0200,b9e32d7a-c859-44a5-aa71-7ec31e4fc19a,2026-09-22T16:15:00Z,2026-09-22T18:15:00+0200,47050.0,MW,FR,FR,forecast_load,Forecasted Load,2026-09-24T05:08:29Z
2026-09-24T05:08:05Z,2026-09-24T07:08:05+0200,b9e32d7a-c859-44a5-aa71-7ec31e4fc19a,2026-09-22T16:30:00Z,2026-09-22T18:30:00+0200,47300.0,MW,FR,FR,forecast_load,Forecasted Load,2026-09-24T05:08:29Z
2026-09-24T05:08:05Z,2026-09-24T07:08:05+0200,b9e32d7a-c859-44a5-aa71-7ec31e4fc19a,2026-09-22T16:45:00Z,2026-09-22T18:45:00+0200,48100.0,MW,FR,FR,forecast_load,Forecasted Load,2026-09-24T05:08:29Z
2026-09-24T05:08:05Z,2026-09-24T07:08:05+0200,b9e32d7a-c859-44a5-aa71-7ec31e4fc19a,2026-09-22T17:00:00Z,2026-09-22T19:00:00+0200,48900.0,MW,FR,FR,forecast_load,Forecasted Load,2026-09-24T05:08:29Z
2026-09-24T05:08:05Z,2026-09-24T07:08:05+0200,b9e32d7a-c859-44a5-aa71-7ec31e4fc19a,2026-09-22T17:15:00Z,2026-09-22T19:15:00+0200,48600.0,MW,FR,FR,forecast_load,Forecasted Load,2026-09-24T05:08:29Z
2026-09-24T05:08:05Z,2026-09-24T07:08:05+0200,b9e32d7a-c859-44a5-aa71-7ec31e4fc19a,2026-09-22T17:30:00Z,2026-09-22T19:30:00+0200,48300.0,MW,FR,FR,forecast_load,Forecasted Load,2026-09-24T05:08:29Z
2026-09-24T05:08:05Z,2026-09-24T07:08:05+0200,b9e32d7a-c859-44a5-aa71-7ec31e4fc19a,2026-09-22T17:45:00Z,2026-09-22T19:45:00+0200,48100.0,MW,FR,FR,forecast_load,Forecasted Load,2026-09-24T05:08:29Z
2026-09-24T05:08:05Z,2026-09-24T07:08:05+0200,b9e32d7a-c859-44a5-aa71-7ec31e4fc19a,2026-09-22T18:00:00Z,2026-09-22T20:00:00+0200,47900.0,MW,FR,FR,forecast_load,Forecasted Load,2026-09-24T05:08:29Z
2026-09-24T05:08:05Z,2026-09-24T07:08:05+0200,b9e32d7a-c859-44a5-aa71-7ec31e4fc19a,2026-09-22T18:15:00Z,2026-09-22T20:15:00+0200,47450.0,MW,FR,FR,forecast_load,Forecasted Load,2026-09-24T05:08:29Z
2026-09-24T05:08:05Z,2026-09-24T07:08:05+0200,b9e32d7a-c859-44a5-aa71-7ec31e4fc19a,2026-09-22T18:30:00Z,2026-09-22T20:30:00+0200,47000.0,MW,FR,FR,forecast_load,Forecasted Load,2026-09-24T05:08:29Z
2026-09-24T05:08:05Z,2026-09-24T07:08:05+0200,b9e32d7a-c859-44a5-aa71-7ec31e4fc19a,2026-09-22T18:45:00Z,2026-09-22T20:45:00+0200,46200.0,MW,FR,FR,forecast_load,Forecasted Load,2026-09-24T05:08:29Z
2026-09-24T05:08:05Z,2026-09-24T07:08:05+0200,b9e32d7a-c859-44a5-aa71-7ec31e4fc19a,2026-09-22T19:00:00Z,2026-09-22T21:00:00+0200,45400.0,MW,FR,FR,forecast_load,Forecasted Load,2026-09-24T05:08:29Z
2026-09-24T05:08:05Z,2026-09-24T07:08:05+0200,b9e32d7a-c859-44a5-aa71-7ec31e4fc19a,2026-09-22T19:15:00Z,2026-09-22T21:15:00+0200,44750.0,MW,FR,FR,forecast_load,Forecasted Load,2026-09-24T05:08:29Z
2026-09-24T05:08:05Z,2026-09-24T07:08:05+0200,b9e32d7a-c859-44a5-aa71-7ec31e4fc19a,2026-09-22T19:30:00Z,2026-09-22T21:30:00+0200,44100.0,MW,FR,FR,forecast_load,Forecasted Load,2026-09-24T05:08:29Z
2026-09-24T05:08:05Z,2026-09-24T07:08:05+0200,b9e32d7a-c859-44a5-aa71-7ec31e4fc19a,2026-09-22T19:45:00Z,2026-09-22T21:45:00+0200,43500.0,MW,FR,FR,forecast_load,Forecasted Load,2026-09-24T05:08:29Z
2026-09-24T05:08:05Z,2026-09-24T07:08:05+0200,b9e32d7a-c859-44a5-aa71-7ec31e4fc19a,2026-09-22T20:00:00Z,2026-09-22T22:00:00+0200,42900.0,MW,FR,FR,forecast_load,Forecasted Load,2026-09-24T05:08:29Z
2026-09-24T05:08:05Z,2026-09-24T07:08:05+0200,b9e32d7a-c859-44a5-aa71-7ec31e4fc19a,2026-09-22T20:15:00Z,2026-09-22T22:15:00+0200,43450.0,MW,FR,FR,forecast_load,Forecasted Load,2026-09-24T05:08:29Z
2026-09-24T05:08:05Z,2026-09-24T07:08:05+0200,b9e32d7a-c859-44a5-aa71-7ec31e4fc19a,2026-09-22T20:30:00Z,2026-09-22T22:30:00+0200,44000.0,MW,FR,FR,forecast_load,Forecasted Load,2026-09-24T05:08:29Z
2026-09-24T05:08:05Z,2026-09-24T07:08:05+0200,b9e32d7a-c859-44a5-aa71-7ec31e4fc19a,2026-09-22T20:45:00Z,2026-09-22T22:45:00+0200,44450.0,MW,FR,FR,forecast_load,Forecasted Load,2026-09-24T05:08:29Z
2026-09-24T05:08:05Z,2026-09-24T07:08:05+0200,b9e32d7a-c859-44a5-aa71-7ec31e4fc19a,2026-09-22T21:00:00Z,2026-09-22T23:00:00+0200,44900.0,MW,FR,FR,forecast_load,Forecasted Load,2026-09-24T05:08:29Z
2026-09-24T05:08:05Z,2026-09-24T07:08:05+0200,b9e32d7a-c859-44a5-aa71-7ec31e4fc19a,2026-09-22T21:15:00Z,2026-09-22T23:15:00+0200,43900.0,MW,FR,FR,forecast_load,Forecasted Load,2026-09-24T05:08:29Z
2026-09-24T05:08:05Z,2026-09-24T07:08:05+0200,b9e32d7a-c859-44a5-aa71-7ec31e4fc19a,2026-09-22T21:30:00Z,2026-09-22T23:30:00+0200,42900.0,MW,FR,FR,forecast_load,Forecasted Load,2026-09-24T05:08:29Z
2026-09-24T05:08:05Z,2026-09-24T07:08:05+0200,b9e32d7a-c859-44a5-aa71-7ec31e4fc19a,2026-09-22T21:45:00Z,2026-09-22T23:45:00+0200,42450.0,MW,FR,FR,forecast_load,Forecasted Load,2026-09-24T05:08:29Z
2026-09-24T05:08:05Z,2026-09-24T07:08:05+0200,b9e32d7a-c859-44a5-aa71-7ec31e4fc19a,2026-09-22T22:00:00Z,2026-09-23T00:00:00+0200,42000.0,MW,FR,FR,forecast_load,Forecasted Load,2026-09-24T05:08:29Z
2026-09-24T05:08:05Z,2026-09-24T07:08:05+0200,b9e32d7a-c859-44a5-aa71-7ec31e4fc19a,2026-09-22T22:15:00Z,2026-09-23T00:15:00+0200,40800.0,MW,FR,FR,forecast_load,Forecasted Load,2026-09-24T05:08:29Z
2026-09-24T05:08:05Z,2026-09-24T07:08:05+0200,b9e32d7a-c859-44a5-aa71-7ec31e4fc19a,2026-09-22T22:30:00Z,2026-09-23T00:30:00+0200,39600.0,MW,FR,FR,forecast_load,Forecasted Load,2026-09-24T05:08:29Z
2026-09-24T05:08:05Z,2026-09-24T07:08:05+0200,b9e32d7a-c859-44a5-aa71-7ec31e4fc19a,2026-09-22T22:45:00Z,2026-09-23T00:45:00+0200,38850.0,MW,FR,FR,forecast_load,Forecasted Load,2026-09-24T05:08:29Z
2026-09-24T05:08:05Z,2026-09-24T07:08:05+0200,b9e32d7a-c859-44a5-aa71-7ec31e4fc19a,2026-09-22T23:00:00Z,2026-09-23T01:00:00+0200,38100.0,MW,FR,FR,forecast_load,Forecasted Load,2026-09-24T05:08:29Z
2026-09-24T05:08:05Z,2026-09-24T07:08:05+0200,b9e32d7a-c859-44a5-aa71-7ec31e4fc19a,2026-09-22T23:15:00Z,2026-09-23T01:15:00+0200,38650.0,MW,FR,FR,forecast_load,Forecasted Load,2026-09-24T05:08:29Z
2026-09-24T05:08:05Z,2026-09-24T07:08:05+0200,b9e32d7a-c859-44a5-aa71-7ec31e4fc19a,2026-09-22T23:30:00Z,2026-09-23T01:30:00+0200,39200.0,MW,FR,FR,forecast_load,Forecasted Load,2026-09-24T05:08:29Z
2026-09-24T05:08:05Z,2026-09-24T07:08:05+0200,b9e32d7a-c859-44a5-aa71-7ec31e4fc19a,2026-09-22T23:45:00Z,2026-09-23T01:45:00+0200,38900.0,MW,FR,FR,forecast_load,Forecasted Load,2026-09-24T05:08:29Z
2026-09-24T05:08:05Z,2026-09-24T07:08:05+0200,b9e32d7a-c859-44a5-aa71-7ec31e4fc19a,2026-09-23T00:00:00Z,2026-09-23T02:00:00+0200,38600.0,MW,FR,FR,forecast_load,Forecasted Load,2026-09-24T05:08:29Z
2026-09-24T05:08:05Z,2026-09-24T07:08:05+0200,b9e32d7a-c859-44a5-aa71-7ec31e4fc19a,2026-09-23T00:15:00Z,2026-09-23T02:15:00+0200,37450.0,MW,FR,FR,forecast_load,Forecasted Load,2026-09-24T05:08:29Z
2026-09-24T05:08:05Z,2026-09-24T07:08:05+0200,b9e32d7a-c859-44a5-aa71-7ec31e4fc19a,2026-09-23T00:30:00Z,2026-09-23T02:30:00+0200,36300.0,MW,FR,FR,forecast_load,Forecasted Load,2026-09-24T05:08:29Z
2026-09-24T05:08:05Z,2026-09-24T07:08:05+0200,b9e32d7a-c859-44a5-aa71-7ec31e4fc19a,2026-09-23T00:45:00Z,2026-09-23T02:45:00+0200,35700.0,MW,FR,FR,forecast_load,Forecasted Load,2026-09-24T05:08:29Z
2026-09-24T05:08:05Z,2026-09-24T07:08:05+0200,b9e32d7a-c859-44a5-aa71-7ec31e4fc19a,2026-09-23T01:00:00Z,2026-09-23T03:00:00+0200,35100.0,MW,FR,FR,forecast_load,Forecasted Load,2026-09-24T05:08:29Z
2026-09-24T05:08:05Z,2026-09-24T07:08:05+0200,b9e32d7a-c859-44a5-aa71-7ec31e4fc19a,2026-09-23T01:15:00Z,2026-09-23T03:15:00+0200,34800.0,MW,FR,FR,forecast_load,Forecasted Load,2026-09-24T05:08:29Z
2026-09-24T05:08:05Z,2026-09-24T07:08:05+0200,b9e32d7a-c859-44a5-aa71-7ec31e4fc19a,2026-09-23T01:30:00Z,2026-09-23T03:30:00+0200,34500.0,MW,FR,FR,forecast_load,Forecasted Load,2026-09-24T05:08:29Z
2026-09-24T05:08:05Z,2026-09-24T07:08:05+0200,b9e32d7a-c859-44a5-aa71-7ec31e4fc19a,2026-09-23T01:45:00Z,2026-09-23T03:45:00+0200,34300.0,MW,FR,FR,forecast_load,Forecasted Load,2026-09-24T05:08:29Z
2026-09-24T05:08:05Z,2026-09-24T07:08:05+0200,b9e32d7a-c859-44a5-aa71-7ec31e4fc19a,2026-09-23T02:00:00Z,2026-09-23T04:00:00+0200,34100.0,MW,FR,FR,forecast_load,Forecasted Load,2026-09-24T05:08:29Z
2026-09-24T05:08:05Z,2026-09-24T07:08:05+0200,b9e32d7a-c859-44a5-aa71-7ec31e4fc19a,2026-09-23T02:15:00Z,2026-09-23T04:15:00+0200,34100.0,MW,FR,FR,forecast_load,Forecasted Load,2026-09-24T05:08:29Z
2026-09-24T05:08:05Z,2026-09-24T07:08:05+0200,b9e32d7a-c859-44a5-aa71-7ec31e4fc19a,2026-09-23T02:30:00Z,2026-09-23T04:30:00+0200,34100.0,MW,FR,FR,forecast_load,Forecasted Load,2026-09-24T05:08:29Z
2026-09-24T05:08:05Z,2026-09-24T07:08:05+0200,b9e32d7a-c859-44a5-aa71-7ec31e4fc19a,2026-09-23T02:45:00Z,2026-09-23T04:45:00+0200,34350.0,MW,FR,FR,forecast_load,Forecasted Load,2026-09-24T05:08:29Z
2026-09-24T05:08:05Z,2026-09-24T07:08:05+0200,b9e32d7a-c859-44a5-aa71-7ec31e4fc19a,2026-09-23T03:00:00Z,2026-09-23T05:00:00+0200,34600.0,MW,FR,FR,forecast_load,Forecasted Load,2026-09-24T05:08:29Z
2026-09-24T05:08:05Z,2026-09-24T07:08:05+0200,b9e32d7a-c859-44a5-aa71-7ec31e4fc19a,2026-09-23T03:15:00Z,2026-09-23T05:15:00+0200,34950.0,MW,FR,FR,forecast_load,Forecasted Load,2026-09-24T05:08:29Z
2026-09-24T05:08:05Z,2026-09-24T07:08:05+0200,b9e32d7a-c859-44a5-aa71-7ec31e4fc19a,2026-09-23T03:30:00Z,2026-09-23T05:30:00+0200,35300.0,MW,FR,FR,forecast_load,Forecasted Load,2026-09-24T05:08:29Z
2026-09-24T05:08:05Z,2026-09-24T07:08:05+0200,b9e32d7a-c859-44a5-aa71-7ec31e4fc19a,2026-09-23T03:45:00Z,2026-09-23T05:45:00+0200,36150.0,MW,FR,FR,forecast_load,Forecasted Load,2026-09-24T05:08:29Z
2026-09-24T05:08:05Z,2026-09-24T07:08:05+0200,b9e32d7a-c859-44a5-aa71-7ec31e4fc19a,2026-09-23T04:00:00Z,2026-09-23T06:00:00+0200,37000.0,MW,FR,FR,forecast_load,Forecasted Load,2026-09-24T05:08:29Z
2026-09-24T05:08:05Z,2026-09-24T07:08:05+0200,b9e32d7a-c859-44a5-aa71-7ec31e4fc19a,2026-09-23T04:15:00Z,2026-09-23T06:15:00+0200,38300.0,MW,FR,FR,forecast_load,Forecasted Load,2026-09-24T05:08:29Z
2026-09-24T05:08:05Z,2026-09-24T07:08:05+0200,b9e32d7a-c859-44a5-aa71-7ec31e4fc19a,2026-09-23T04:30:00Z,2026-09-23T06:30:00+0200,39600.0,MW,FR,FR,forecast_load,Forecasted Load,2026-09-24T05:08:29Z
2026-09-24T05:08:05Z,2026-09-24T07:08:05+0200,b9e32d7a-c859-44a5-aa71-7ec31e4fc19a,2026-09-23T04:45:00Z,2026-09-23T06:45:00+0200,40400.0,MW,FR,FR,forecast_load,Forecasted Load,2026-09-24T05:08:29Z
2026-09-24T05:08:05Z,2026-09-24T07:08:05+0200,b9e32d7a-c859-44a5-aa71-7ec31e4fc19a,2026-09-23T05:00:00Z,2026-09-23T07:00:00+0200,41200.0,MW,FR,FR,forecast_load,Forecasted Load,2026-09-24T05:08:29Z
2026-09-24T05:08:05Z,2026-09-24T07:08:05+0200,b9e32d7a-c859-44a5-aa71-7ec31e4fc19a,2026-09-23T05:15:00Z,2026-09-23T07:15:00+0200,41750.0,MW,FR,FR,forecast_load,Forecasted Load,2026-09-24T05:08:29Z
2026-09-24T05:08:05Z,2026-09-24T07:08:05+0200,b9e32d7a-c859-44a5-aa71-7ec31e4fc19a,2026-09-23T05:30:00Z,2026-09-23T07:30:00+0200,42300.0,MW,FR,FR,forecast_load,Forecasted Load,2026-09-24T05:08:29Z
2026-09-24T05:08:05Z,2026-09-24T07:08:05+0200,b9e32d7a-c859-44a5-aa71-7ec31e4fc19a,2026-09-23T05:45:00Z,2026-09-23T07:45:00+0200,43050.0,MW,FR,FR,forecast_load,Forecasted Load,2026-09-24T05:08:29Z
2026-09-24T05:08:05Z,2026-09-24T07:08:05+0200,b9e32d7a-c859-44a5-aa71-7ec31e4fc19a,2026-09-23T06:00:00Z,2026-09-23T08:00:00+0200,43800.0,MW,FR,FR,forecast_load,Forecasted Load,2026-09-24T05:08:29Z
2026-09-24T05:08:05Z,2026-09-24T07:08:05+0200,b9e32d7a-c859-44a5-aa71-7ec31e4fc19a,2026-09-23T06:15:00Z,2026-09-23T08:15:00+0200,44650.0,MW,FR,FR,forecast_load,Forecasted Load,2026-09-24T05:08:29Z
2026-09-24T05:08:05Z,2026-09-24T07:08:05+0200,b9e32d7a-c859-44a5-aa71-7ec31e4fc19a,2026-09-23T06:30:00Z,2026-09-23T08:30:00+0200,45500.0,MW,FR,FR,forecast_load,Forecasted Load,2026-09-24T05:08:29Z
2026-09-24T05:08:05Z,2026-09-24T07:08:05+0200,b9e32d7a-c859-44a5-aa71-7ec31e4fc19a,2026-09-23T06:45:00Z,2026-09-23T08:45:00+0200,45700.0,MW,FR,FR,forecast_load,Forecasted Load,2026-09-24T05:08:29Z
2026-09-24T05:08:05Z,2026-09-24T07:08:05+0200,b9e32d7a-c859-44a5-aa71-7ec31e4fc19a,2026-09-23T07:00:00Z,2026-09-23T09:00:00+0200,45900.0,MW,FR,FR,forecast_load,Forecasted Load,2026-09-24T05:08:29Z
2026-09-24T05:08:05Z,2026-09-24T07:08:05+0200,b9e32d7a-c859-44a5-aa71-7ec31e4fc19a,2026-09-23T07:15:00Z,2026-09-23T09:15:00+0200,46200.0,MW,FR,FR,forecast_load,Forecasted Load,2026-09-24T05:08:29Z
2026-09-24T05:08:05Z,2026-09-24T07:08:05+0200,b9e32d7a-c859-44a5-aa71-7ec31e4fc19a,2026-09-23T07:30:00Z,2026-09-23T09:30:00+0200,46500.0,MW,FR,FR,forecast_load,Forecasted Load,2026-09-24T05:08:29Z
2026-09-24T05:08:05Z,2026-09-24T07:08:05+0200,b9e32d7a-c859-44a5-aa71-7ec31e4fc19a,2026-09-23T07:45:00Z,2026-09-23T09:45:00+0200,46350.0,MW,FR,FR,forecast_load,Forecasted Load,2026-09-24T05:08:29Z
2026-09-24T05:08:05Z,2026-09-24T07:08:05+0200,b9e32d7a-c859-44a5-aa71-7ec31e4fc19a,2026-09-23T08:00:00Z,2026-09-23T10:00:00+0200,46200.0,MW,FR,FR,forecast_load,Forecasted Load,2026-09-24T05:08:29Z
2026-09-24T05:08:05Z,2026-09-24T07:08:05+0200,b9e32d7a-c859-44a5-aa71-7ec31e4fc19a,2026-09-23T08:15:00Z,2026-09-23T10:15:00+0200,46450.0,MW,FR,FR,forecast_load,Forecasted Load,2026-09-24T05:08:29Z
2026-09-24T05:08:05Z,2026-09-24T07:08:05+0200,b9e32d7a-c859-44a5-aa71-7ec31e4fc19a,2026-09-23T08:30:00Z,2026-09-23T10:30:00+0200,46700.0,MW,FR,FR,forecast_load,Forecasted Load,2026-09-24T05:08:29Z
2026-09-24T05:08:05Z,2026-09-24T07:08:05+0200,b9e32d7a-c859-44a5-aa71-7ec31e4fc19a,2026-09-23T08:45:00Z,2026-09-23T10:45:00+0200,47000.0,MW,FR,FR,forecast_load,Forecasted Load,2026-09-24T05:08:29Z
2026-09-24T05:08:05Z,2026-09-24T07:08:05+0200,b9e32d7a-c859-44a5-aa71-7ec31e4fc19a,2026-09-23T09:00:00Z,2026-09-23T11:00:00+0200,47300.0,MW,FR,FR,forecast_load,Forecasted Load,2026-09-24T05:08:29Z
2026-09-24T05:08:05Z,2026-09-24T07:08:05+0200,b9e32d7a-c859-44a5-aa71-7ec31e4fc19a,2026-09-23T09:15:00Z,2026-09-23T11:15:00+0200,47250.0,MW,FR,FR,forecast_load,Forecasted Load,2026-09-24T05:08:29Z
2026-09-24T05:08:05Z,2026-09-24T07:08:05+0200,b9e32d7a-c859-44a5-aa71-7ec31e4fc19a,2026-09-23T09:30:00Z,2026-09-23T11:30:00+0200,47200.0,MW,FR,FR,forecast_load,Forecasted Load,2026-09-24T05:08:29Z
2026-09-24T05:08:05Z,2026-09-24T07:08:05+0200,b9e32d7a-c859-44a5-aa71-7ec31e4fc19a,2026-09-23T09:45:00Z,2026-09-23T11:45:00+0200,48050.0,MW,FR,FR,forecast_load,Forecasted Load,2026-09-24T05:08:29Z
2026-09-24T05:08:05Z,2026-09-24T07:08:05+0200,b9e32d7a-c859-44a5-aa71-7ec31e4fc19a,2026-09-23T10:00:00Z,2026-09-23T12:00:00+0200,48900.0,MW,FR,FR,forecast_load,Forecasted Load,2026-09-24T05:08:29Z
2026-09-24T05:08:05Z,2026-09-24T07:08:05+0200,b9e32d7a-c859-44a5-aa71-7ec31e4fc19a,2026-09-23T10:15:00Z,2026-09-23T12:15:00+0200,48350.0,MW,FR,FR,forecast_load,Forecasted Load,2026-09-24T05:08:29Z
2026-09-24T05:08:05Z,2026-09-24T07:08:05+0200,b9e32d7a-c859-44a5-aa71-7ec31e4fc19a,2026-09-23T10:30:00Z,2026-09-23T12:30:00+0200,47800.0,MW,FR,FR,forecast_load,Forecasted Load,2026-09-24T05:08:29Z
2026-09-24T05:08:05Z,2026-09-24T07:08:05+0200,b9e32d7a-c859-44a5-aa71-7ec31e4fc19a,2026-09-23T10:45:00Z,2026-09-23T12:45:00+0200,48350.0,MW,FR,FR,forecast_load,Forecasted Load,2026-09-24T05:08:29Z
2026-09-24T05:08:05Z,2026-09-24T07:08:05+0200,b9e32d7a-c859-44a5-aa71-7ec31e4fc19a,2026-09-23T11:00:00Z,2026-09-23T13:00:00+0200,48900.0,MW,FR,FR,forecast_load,Forecasted Load,2026-09-24T05:08:29Z
2026-09-24T05:08:05Z,2026-09-24T07:08:05+0200,b9e32d7a-c859-44a5-aa71-7ec31e4fc19a,2026-09-23T11:15:00Z,2026-09-23T13:15:00+0200,48400.0,MW,FR,FR,forecast_load,Forecasted Load,2026-09-24T05:08:29Z
2026-09-24T05:08:05Z,2026-09-24T07:08:05+0200,b9e32d7a-c859-44a5-aa71-7ec31e4fc19a,2026-09-23T11:30:00Z,2026-09-23T13:30:00+0200,47900.0,MW,FR,FR,forecast_load,Forecasted Load,2026-09-24T05:08:29Z
2026-09-24T05:08:05Z,2026-09-24T07:08:05+0200,b9e32d7a-c859-44a5-aa71-7ec31e4fc19a,2026-09-23T11:45:00Z,2026-09-23T13:45:00+0200,47800.0,MW,FR,FR,forecast_load,Forecasted Load,2026-09-24T05:08:29Z
2026-09-24T05:08:05Z,2026-09-24T07:08:05+0200,b9e32d7a-c859-44a5-aa71-7ec31e4fc19a,2026-09-23T12:00:00Z,2026-09-23T14:00:00+0200,47700.0,MW,FR,FR,forecast_load,Forecasted Load,2026-09-24T05:08:29Z
2026-09-24T05:08:05Z,2026-09-24T07:08:05+0200,b9e32d7a-c859-44a5-aa71-7ec31e4fc19a,2026-09-23T12:15:00Z,2026-09-23T14:15:00+0200,48200.0,MW,FR,FR,forecast_load,Forecasted Load,2026-09-24T05:08:29Z
2026-09-24T05:08:05Z,2026-09-24T07:08:05+0200,b9e32d7a-c859-44a5-aa71-7ec31e4fc19a,2026-09-23T12:30:00Z,2026-09-23T14:30:00+0200,48700.0,MW,FR,FR,forecast_load,Forecasted Load,2026-09-24T05:08:29Z
2026-09-24T05:08:05Z,2026-09-24T07:08:05+0200,b9e32d7a-c859-44a5-aa71-7ec31e4fc19a,2026-09-23T12:45:00Z,2026-09-23T14:45:00+0200,48550.0,MW,FR,FR,forecast_load,Forecasted Load,2026-09-24T05:08:29Z
2026-09-24T05:08:05Z,2026-09-24T07:08:05+0200,b9e32d7a-c859-44a5-aa71-7ec31e4fc19a,2026-09-23T13:00:00Z,2026-09-23T15:00:00+0200,48400.0,MW,FR,FR,forecast_load,Forecasted Load,2026-09-24T05:08:29Z
2026-09-24T05:08:05Z,2026-09-24T07:08:05+0200,b9e32d7a-c859-44a5-aa71-7ec31e4fc19a,2026-09-23T13:15:00Z,2026-09-23T15:15:00+0200,48200.0,MW,FR,FR,forecast_load,Forecasted Load,2026-09-24T05:08:29Z
2026-09-24T05:08:05Z,2026-09-24T07:08:05+0200,b9e32d7a-c859-44a5-aa71-7ec31e4fc19a,2026-09-23T13:30:00Z,2026-09-23T15:30:00+0200,48000.0,MW,FR,FR,forecast_load,Forecasted Load,2026-09-24T05:08:29Z
2026-09-24T05:08:05Z,2026-09-24T07:08:05+0200,b9e32d7a-c859-44a5-aa71-7ec31e4fc19a,2026-09-23T13:45:00Z,2026-09-23T15:45:00+0200,47200.0,MW,FR,FR,forecast_load,Forecasted Load,2026-09-24T05:08:29Z
2026-09-24T05:08:05Z,2026-09-24T07:08:05+0200,b9e32d7a-c859-44a5-aa71-7ec31e4fc19a,2026-09-23T14:00:00Z,2026-09-23T16:00:00+0200,46400.0,MW,FR,FR,forecast_load,Forecasted Load,2026-09-24T05:08:29Z
2026-09-24T05:08:05Z,2026-09-24T07:08:05+0200,b9e32d7a-c859-44a5-aa71-7ec31e4fc19a,2026-09-23T14:15:00Z,2026-09-23T16:15:00+0200,45900.0,MW,FR,FR,forecast_load,Forecasted Load,2026-09-24T05:08:29Z
2026-09-24T05:08:05Z,2026-09-24T07:08:05+0200,b9e32d7a-c859-44a5-aa71-7ec31e4fc19a,2026-09-23T14:30:00Z,2026-09-23T16:30:00+0200,45400.0,MW,FR,FR,forecast_load,Forecasted Load,2026-09-24T05:08:29Z
2026-09-24T05:08:05Z,2026-09-24T07:08:05+0200,b9e32d7a-c859-44a5-aa71-7ec31e4fc19a,2026-09-23T14:45:00Z,2026-09-23T16:45:00+0200,45200.0,MW,FR,FR,forecast_load,Forecasted Load,2026-09-24T05:08:29Z
2026-09-24T05:08:05Z,2026-09-24T07:08:05+0200,b9e32d7a-c859-44a5-aa71-7ec31e4fc19a,2026-09-23T15:00:00Z,2026-09-23T17:00:00+0200,45000.0,MW,FR,FR,forecast_load,Forecasted Load,2026-09-24T05:08:29Z
2026-09-24T05:08:05Z,2026-09-24T07:08:05+0200,b9e32d7a-c859-44a5-aa71-7ec31e4fc19a,2026-09-23T15:15:00Z,2026-09-23T17:15:00+0200,45300.0,MW,FR,FR,forecast_load,Forecasted Load,2026-09-24T05:08:29Z
2026-09-24T05:08:05Z,2026-09-24T07:08:05+0200,b9e32d7a-c859-44a5-aa71-7ec31e4fc19a,2026-09-23T15:30:00Z,2026-09-23T17:30:00+0200,45600.0,MW,FR,FR,forecast_load,Forecasted Load,2026-09-24T05:08:29Z
2026-09-24T05:08:05Z,2026-09-24T07:08:05+0200,b9e32d7a-c859-44a5-aa71-7ec31e4fc19a,2026-09-23T15:45:00Z,2026-09-23T17:45:00+0200,46050.0,MW,FR,FR,forecast_load,Forecasted Load,2026-09-24T05:08:29Z
2026-09-24T05:08:05Z,2026-09-24T07:08:05+0200,b9e32d7a-c859-44a5-aa71-7ec31e4fc19a,2026-09-23T16:00:00Z,2026-09-23T18:00:00+0200,46500.0,MW,FR,FR,forecast_load,Forecasted Load,2026-09-24T05:08:29Z
2026-09-24T05:08:05Z,2026-09-24T07:08:05+0200,b9e32d7a-c859-44a5-aa71-7ec31e4fc19a,2026-09-23T16:15:00Z,2026-09-23T18:15:00+0200,46750.0,MW,FR,FR,forecast_load,Forecasted Load,2026-09-24T05:08:29Z
2026-09-24T05:08:05Z,2026-09-24T07:08:05+0200,b9e32d7a-c859-44a5-aa71-7ec31e4fc19a,2026-09-23T16:30:00Z,2026-09-23T18:30:00+0200,47000.0,MW,FR,FR,forecast_load,Forecasted Load,2026-09-24T05:08:29Z
2026-09-24T05:08:05Z,2026-09-24T07:08:05+0200,b9e32d7a-c859-44a5-aa71-7ec31e4fc19a,2026-09-23T16:45:00Z,2026-09-23T18:45:00+0200,48000.0,MW,FR,FR,forecast_load,Forecasted Load,2026-09-24T05:08:29Z
2026-09-24T05:08:05Z,2026-09-24T07:08:05+0200,b9e32d7a-c859-44a5-aa71-7ec31e4fc19a,2026-09-23T17:00:00Z,2026-09-23T19:00:00+0200,49000.0,MW,FR,FR,forecast_load,Forecasted Load,2026-09-24T05:08:29Z
2026-09-24T05:08:05Z,2026-09-24T07:08:05+0200,b9e32d7a-c859-44a5-aa71-7ec31e4fc19a,2026-09-23T17:15:00Z,2026-09-23T19:15:00+0200,48900.0,MW,FR,FR,forecast_load,Forecasted Load,2026-09-24T05:08:29Z
2026-09-24T05:08:05Z,2026-09-24T07:08:05+0200,b9e32d7a-c859-44a5-aa71-7ec31e4fc19a,2026-09-23T17:30:00Z,2026-09-23T19:30:00+0200,48800.0,MW,FR,FR,forecast_load,Forecasted Load,2026-09-24T05:08:29Z
2026-09-24T05:08:05Z,2026-09-24T07:08:05+0200,b9e32d7a-c859-44a5-aa71-7ec31e4fc19a,2026-09-23T17:45:00Z,2026-09-23T19:45:00+0200,48550.0,MW,FR,FR,forecast_load,Forecasted Load,2026-09-24T05:08:29Z
2026-09-24T05:08:05Z,2026-09-24T07:08:05+0200,b9e32d7a-c859-44a5-aa71-7ec31e4fc19a,2026-09-23T18:00:00Z,2026-09-23T20:00:00+0200,48300.0,MW,FR,FR,forecast_load,Forecasted Load,2026-09-24T05:08:29Z
2026-09-24T05:08:05Z,2026-09-24T07:08:05+0200,b9e32d7a-c859-44a5-aa71-7ec31e4fc19a,2026-09-23T18:15:00Z,2026-09-23T20:15:00+0200,47900.0,MW,FR,FR,forecast_load,Forecasted Load,2026-09-24T05:08:29Z
2026-09-24T05:08:05Z,2026-09-24T07:08:05+0200,b9e32d7a-c859-44a5-aa71-7ec31e4fc19a,2026-09-23T18:30:00Z,2026-09-23T20:30:00+0200,47500.0,MW,FR,FR,forecast_load,Forecasted Load,2026-09-24T05:08:29Z
2026-09-24T05:08:05Z,2026-09-24T07:08:05+0200,b9e32d7a-c859-44a5-aa71-7ec31e4fc19a,2026-09-23T18:45:00Z,2026-09-23T20:45:00+0200,46650.0,MW,FR,FR,forecast_load,Forecasted Load,2026-09-24T05:08:29Z
2026-09-24T05:08:05Z,2026-09-24T07:08:05+0200,b9e32d7a-c859-44a5-aa71-7ec31e4fc19a,2026-09-23T19:00:00Z,2026-09-23T21:00:00+0200,45800.0,MW,FR,FR,forecast_load,Forecasted Load,2026-09-24T05:08:29Z
2026-09-24T05:08:05Z,2026-09-24T07:08:05+0200,b9e32d7a-c859-44a5-aa71-7ec31e4fc19a,2026-09-23T19:15:00Z,2026-09-23T21:15:00+0200,45500.0,MW,FR,FR,forecast_load,Forecasted Load,2026-09-24T05:08:29Z
2026-09-24T05:08:05Z,2026-09-24T07:08:05+0200,b9e32d7a-c859-44a5-aa71-7ec31e4fc19a,2026-09-23T19:30:00Z,2026-09-23T21:30:00+0200,45200.0,MW,FR,FR,forecast_load,Forecasted Load,2026-09-24T05:08:29Z
2026-09-24T05:08:05Z,2026-09-24T07:08:05+0200,b9e32d7a-c859-44a5-aa71-7ec31e4fc19a,2026-09-23T19:45:00Z,2026-09-23T21:45:00+0200,44450.0,MW,FR,FR,forecast_load,Forecasted Load,2026-09-24T05:08:29Z
2026-09-24T05:08:05Z,2026-09-24T07:08:05+0200,b9e32d7a-c859-44a5-aa71-7ec31e4fc19a,2026-09-23T20:00:00Z,2026-09-23T22:00:00+0200,43700.0,MW,FR,FR,forecast_load,Forecasted Load,2026-09-24T05:08:29Z
2026-09-24T05:08:05Z,2026-09-24T07:08:05+0200,b9e32d7a-c859-44a5-aa71-7ec31e4fc19a,2026-09-23T20:15:00Z,2026-09-23T22:15:00+0200,44200.0,MW,FR,FR,forecast_load,Forecasted Load,2026-09-24T05:08:29Z
2026-09-24T05:08:05Z,2026-09-24T07:08:05+0200,b9e32d7a-c859-44a5-aa71-7ec31e4fc19a,2026-09-23T20:30:00Z,2026-09-23T22:30:00+0200,44700.0,MW,FR,FR,forecast_load,Forecasted Load,2026-09-24T05:08:29Z
2026-09-24T05:08:05Z,2026-09-24T07:08:05+0200,b9e32d7a-c859-44a5-aa71-7ec31e4fc19a,2026-09-23T20:45:00Z,2026-09-23T22:45:00+0200,44950.0,MW,FR,FR,forecast_load,Forecasted Load,2026-09-24T05:08:29Z
2026-09-24T05:08:05Z,2026-09-24T07:08:05+0200,b9e32d7a-c859-44a5-aa71-7ec31e4fc19a,2026-09-23T21:00:00Z,2026-09-23T23:00:00+0200,45200.0,MW,FR,FR,forecast_load,Forecasted Load,2026-09-24T05:08:29Z
2026-09-24T05:08:05Z,2026-09-24T07:08:05+0200,b9e32d7a-c859-44a5-aa71-7ec31e4fc19a,2026-09-23T21:15:00Z,2026-09-23T23:15:00+0200,44250.0,MW,FR,FR,forecast_load,Forecasted Load,2026-09-24T05:08:29Z
2026-09-24T05:08:05Z,2026-09-24T07:08:05+0200,b9e32d7a-c859-44a5-aa71-7ec31e4fc19a,2026-09-23T21:30:00Z,2026-09-23T23:30:00+0200,43300.0,MW,FR,FR,forecast_load,Forecasted Load,2026-09-24T05:08:29Z
2026-09-24T05:08:05Z,2026-09-24T07:08:05+0200,b9e32d7a-c859-44a5-aa71-7ec31e4fc19a,2026-09-23T21:45:00Z,2026-09-23T23:45:00+0200,42800.0,MW,FR,FR,forecast_load,Forecasted Load,2026-09-24T05:08:29Z
2026-09-24T05:08:05Z,2026-09-24T07:08:05+0200,b9e32d7a-c859-44a5-aa71-7ec31e4fc19a,2026-09-23T22:00:00Z,2026-09-24T00:00:00+0200,41800.0,MW,FR,FR,forecast_load,Forecasted Load,2026-09-24T05:08:29Z
2026-09-24T05:08:05Z,2026-09-24T07:08:05+0200,b9e32d7a-c859-44a5-aa71-7ec31e4fc19a,2026-09-23T22:15:00Z,2026-09-24T00:15:00+0200,41000.0,MW,FR,FR,forecast_load,Forecasted Load,2026-09-24T05:08:29Z
2026-09-24T05:08:05Z,2026-09-24T07:08:05+0200,b9e32d7a-c859-44a5-aa71-7ec31e4fc19a,2026-09-23T22:30:00Z,2026-09-24T00:30:00+0200,40200.0,MW,FR,FR,forecast_load,Forecasted Load,2026-09-24T05:08:29Z
2026-09-24T05:08:05Z,2026-09-24T07:08:05+0200,b9e32d7a-c859-44a5-aa71-7ec31e4fc19a,2026-09-23T22:45:00Z,2026-09-24T00:45:00+0200,39500.0,MW,FR,FR,forecast_load,Forecasted Load,2026-09-24T05:08:29Z
2026-09-24T05:08:05Z,2026-09-24T07:08:05+0200,b9e32d7a-c859-44a5-aa71-7ec31e4fc19a,2026-09-23T23:00:00Z,2026-09-24T01:00:00+0200,38800.0,MW,FR,FR,forecast_load,Forecasted Load,2026-09-24T05:08:29Z
2026-09-24T05:08:05Z,2026-09-24T07:08:05+0200,b9e32d7a-c859-44a5-aa71-7ec31e4fc19a,2026-09-23T23:15:00Z,2026-09-24T01:15:00+0200,38800.0,MW,FR,FR,forecast_load,Forecasted Load,2026-09-24T05:08:29Z
2026-09-24T05:08:05Z,2026-09-24T07:08:05+0200,b9e32d7a-c859-44a5-aa71-7ec31e4fc19a,2026-09-23T23:30:00Z,2026-09-24T01:30:00+0200,38800.0,MW,FR,FR,forecast_load,Forecasted Load,2026-09-24T05:08:29Z
2026-09-24T05:08:05Z,2026-09-24T07:08:05+0200,b9e32d7a-c859-44a5-aa71-7ec31e4fc19a,2026-09-23T23:45:00Z,2026-09-24T01:45:00+0200,38150.0,MW,FR,FR,forecast_load,Forecasted Load,2026-09-24T05:08:29Z
2026-09-24T05:08:05Z,2026-09-24T07:08:05+0200,b9e32d7a-c859-44a5-aa71-7ec31e4fc19a,2026-09-24T00:00:00Z,2026-09-24T02:00:00+0200,37500.0,MW,FR,FR,forecast_load,Forecasted Load,2026-09-24T05:08:29Z
2026-09-24T05:08:05Z,2026-09-24T07:08:05+0200,b9e32d7a-c859-44a5-aa71-7ec31e4fc19a,2026-09-24T00:15:00Z,2026-09-24T02:15:00+0200,36950.0,MW,FR,FR,forecast_load,Forecasted Load,2026-09-24T05:08:29Z
2026-09-24T05:08:05Z,2026-09-24T07:08:05+0200,b9e32d7a-c859-44a5-aa71-7ec31e4fc19a,2026-09-24T00:30:00Z,2026-09-24T02:30:00+0200,36400.0,MW,FR,FR,forecast_load,Forecasted Load,2026-09-24T05:08:29Z
2026-09-24T05:08:05Z,2026-09-24T07:08:05+0200,b9e32d7a-c859-44a5-aa71-7ec31e4fc19a,2026-09-24T00:45:00Z,2026-09-24T02:45:00+0200,35800.0,MW,FR,FR,forecast_load,Forecasted Load,2026-09-24T05:08:29Z
2026-09-24T05:08:05Z,2026-09-24T07:08:05+0200,b9e32d7a-c859-44a5-aa71-7ec31e4fc19a,2026-09-24T01:00:00Z,2026-09-24T03:00:00+0200,35200.0,MW,FR,FR,forecast_load,Forecasted Load,2026-09-24T05:08:29Z
2026-09-24T05:08:05Z,2026-09-24T07:08:05+0200,b9e32d7a-c859-44a5-aa71-7ec31e4fc19a,2026-09-24T01:15:00Z,2026-09-24T03:15:00+0200,34800.0,MW,FR,FR,forecast_load,Forecasted Load,2026-09-24T05:08:29Z
2026-09-24T05:08:05Z,2026-09-24T07:08:05+0200,b9e32d7a-c859-44a5-aa71-7ec31e4fc19a,2026-09-24T01:30:00Z,2026-09-24T03:30:00+0200,34400.0,MW,FR,FR,forecast_load,Forecasted Load,2026-09-24T05:08:29Z
2026-09-24T05:08:05Z,2026-09-24T07:08:05+0200,b9e32d7a-c859-44a5-aa71-7ec31e4fc19a,2026-09-24T01:45:00Z,2026-09-24T03:45:00+0200,34250.0,MW,FR,FR,forecast_load,Forecasted Load,2026-09-24T05:08:29Z
2026-09-24T05:08:05Z,2026-09-24T07:08:05+0200,b9e32d7a-c859-44a5-aa71-7ec31e4fc19a,2026-09-24T02:00:00Z,2026-09-24T04:00:00+0200,34100.0,MW,FR,FR,forecast_load,Forecasted Load,2026-09-24T05:08:29Z
2026-09-24T05:08:05Z,2026-09-24T07:08:05+0200,b9e32d7a-c859-44a5-aa71-7ec31e4fc19a,2026-09-24T02:15:00Z,2026-09-24T04:15:00+0200,34050.0,MW,FR,FR,forecast_load,Forecasted Load,2026-09-24T05:08:29Z
2026-09-24T05:08:05Z,2026-09-24T07:08:05+0200,b9e32d7a-c859-44a5-aa71-7ec31e4fc19a,2026-09-24T02:30:00Z,2026-09-24T04:30:00+0200,34000.0,MW,FR,FR,forecast_load,Forecasted Load,2026-09-24T05:08:29Z
2026-09-24T05:08:05Z,2026-09-24T07:08:05+0200,b9e32d7a-c859-44a5-aa71-7ec31e4fc19a,2026-09-24T02:45:00Z,2026-09-24T04:45:00+0200,34150.0,MW,FR,FR,forecast_load,Forecasted Load,2026-09-24T05:08:29Z
2026-09-24T05:08:05Z,2026-09-24T07:08:05+0200,b9e32d7a-c859-44a5-aa71-7ec31e4fc19a,2026-09-24T03:00:00Z,2026-09-24T05:00:00+0200,34300.0,MW,FR,FR,forecast_load,Forecasted Load,2026-09-24T05:08:29Z
2026-09-24T05:08:05Z,2026-09-24T07:08:05+0200,b9e32d7a-c859-44a5-aa71-7ec31e4fc19a,2026-09-24T03:15:00Z,2026-09-24T05:15:00+0200,35100.0,MW,FR,FR,forecast_load,Forecasted Load,2026-09-24T05:08:29Z
2026-09-24T05:08:05Z,2026-09-24T07:08:05+0200,b9e32d7a-c859-44a5-aa71-7ec31e4fc19a,2026-09-24T03:30:00Z,2026-09-24T05:30:00+0200,35900.0,MW,FR,FR,forecast_load,Forecasted Load,2026-09-24T05:08:29Z
2026-09-24T05:08:05Z,2026-09-24T07:08:05+0200,b9e32d7a-c859-44a5-aa71-7ec31e4fc19a,2026-09-24T03:45:00Z,2026-09-24T05:45:00+0200,36700.0,MW,FR,FR,forecast_load,Forecasted Load,2026-09-24T05:08:29Z
2026-09-24T05:08:05Z,2026-09-24T07:08:05+0200,b9e32d7a-c859-44a5-aa71-7ec31e4fc19a,2026-09-24T04:00:00Z,2026-09-24T06:00:00+0200,37500.0,MW,FR,FR,forecast_load,Forecasted Load,2026-09-24T05:08:29Z
2026-09-24T05:08:05Z,2026-09-24T07:08:05+0200,b9e32d7a-c859-44a5-aa71-7ec31e4fc19a,2026-09-24T04:15:00Z,2026-09-24T06:15:00+0200,38750.0,MW,FR,FR,forecast_load,Forecasted Load,2026-09-24T05:08:29Z
2026-09-24T05:08:05Z,2026-09-24T07:08:05+0200,b9e32d7a-c859-44a5-aa71-7ec31e4fc19a,2026-09-24T04:30:00Z,2026-09-24T06:30:00+0200,40000.0,MW,FR,FR,forecast_load,Forecasted Load,2026-09-24T05:08:29Z
2026-09-24T05:08:05Z,2026-09-24T07:08:05+0200,b9e32d7a-c859-44a5-aa71-7ec31e4fc19a,2026-09-24T04:45:00Z,2026-09-24T06:45:00+0200,41250.0,MW,FR,FR,forecast_load,Forecasted Load,2026-09-24T05:08:29Z
2026-09-24T05:08:05Z,2026-09-24T07:08:05+0200,b9e32d7a-c859-44a5-aa71-7ec31e4fc19a,2026-09-24T05:15:00Z,2026-09-24T07:15:00+0200,43300.0,MW,FR,FR,forecast_load,Forecasted Load,2026-09-24T05:08:32Z
2026-09-24T05:08:05Z,2026-09-24T07:08:05+0200,b9e32d7a-c859-44a5-aa71-7ec31e4fc19a,2026-09-24T05:30:00Z,2026-09-24T07:30:00+0200,44100.0,MW,FR,FR,forecast_load,Forecasted Load,2026-09-24T05:08:32Z
2026-09-24T05:08:05Z,2026-09-24T07:08:05+0200,b9e32d7a-c859-44a5-aa71-7ec31e4fc19a,2026-09-24T05:45:00Z,2026-09-24T07:45:00+0200,44500.0,MW,FR,FR,forecast_load,Forecasted Load,2026-09-24T05:08:32Z
2026-09-24T05:08:05Z,2026-09-24T07:08:05+0200,b9e32d7a-c859-44a5-aa71-7ec31e4fc19a,2026-09-24T06:00:00Z,2026-09-24T08:00:00+0200,44900.0,MW,FR,FR,forecast_load,Forecasted Load,2026-09-24T05:08:32Z
2026-09-24T05:08:05Z,2026-09-24T07:08:05+0200,b9e32d7a-c859-44a5-aa71-7ec31e4fc19a,2026-09-24T06:15:00Z,2026-09-24T08:15:00+0200,45200.0,MW,FR,FR,forecast_load,Forecasted Load,2026-09-24T05:08:32Z
2026-09-24T05:08:05Z,2026-09-24T07:08:05+0200,b9e32d7a-c859-44a5-aa71-7ec31e4fc19a,2026-09-24T06:30:00Z,2026-09-24T08:30:00+0200,45500.0,MW,FR,FR,forecast_load,Forecasted Load,2026-09-24T05:08:32Z
2026-09-24T05:08:05Z,2026-09-24T07:08:05+0200,b9e32d7a-c859-44a5-aa71-7ec31e4fc19a,2026-09-24T06:45:00Z,2026-09-24T08:45:00+0200,45750.0,MW,FR,FR,forecast_load,Forecasted Load,2026-09-24T05:08:32Z
2026-09-24T05:08:05Z,2026-09-24T07:08:05+0200,b9e32d7a-c859-44a5-aa71-7ec31e4fc19a,2026-09-24T07:00:00Z,2026-09-24T09:00:00+0200,46000.0,MW,FR,FR,forecast_load,Forecasted Load,2026-09-24T05:08:32Z
2026-09-24T05:08:05Z,2026-09-24T07:08:05+0200,b9e32d7a-c859-44a5-aa71-7ec31e4fc19a,2026-09-24T07:15:00Z,2026-09-24T09:15:00+0200,46200.0,MW,FR,FR,forecast_load,Forecasted Load,2026-09-24T05:08:32Z
2026-09-24T05:08:05Z,2026-09-24T07:08:05+0200,b9e32d7a-c859-44a5-aa71-7ec31e4fc19a,2026-09-24T07:30:00Z,2026-09-24T09:30:00+0200,46400.0,MW,FR,FR,forecast_load,Forecasted Load,2026-09-24T05:08:32Z
2026-09-24T05:08:05Z,2026-09-24T07:08:05+0200,b9e32d7a-c859-44a5-aa71-7ec31e4fc19a,2026-09-24T07:45:00Z,2026-09-24T09:45:00+0200,46450.0,MW,FR,FR,forecast_load,Forecasted Load,2026-09-24T05:08:32Z
2026-09-24T05:08:05Z,2026-09-24T07:08:05+0200,b9e32d7a-c859-44a5-aa71-7ec31e4fc19a,2026-09-24T08:00:00Z,2026-09-24T10:00:00+0200,46500.0,MW,FR,FR,forecast_load,Forecasted Load,2026-09-24T05:08:32Z
2026-09-24T05:08:05Z,2026-09-24T07:08:05+0200,b9e32d7a-c859-44a5-aa71-7ec31e4fc19a,2026-09-24T08:15:00Z,2026-09-24T10:15:00+0200,46900.0,MW,FR,FR,forecast_load,Forecasted Load,2026-09-24T05:08:32Z
2026-09-24T05:08:05Z,2026-09-24T07:08:05+0200,b9e32d7a-c859-44a5-aa71-7ec31e4fc19a,2026-09-24T08:30:00Z,2026-09-24T10:30:00+0200,47300.0,MW,FR,FR,forecast_load,Forecasted Load,2026-09-24T05:08:32Z
2026-09-24T05:08:05Z,2026-09-24T07:08:05+0200,b9e32d7a-c859-44a5-aa71-7ec31e4fc19a,2026-09-24T08:45:00Z,2026-09-24T10:45:00+0200,47250.0,MW,FR,FR,forecast_load,Forecasted Load,2026-09-24T05:08:32Z
2026-09-24T05:08:05Z,2026-09-24T07:08:05+0200,b9e32d7a-c859-44a5-aa71-7ec31e4fc19a,2026-09-24T09:00:00Z,2026-09-24T11:00:00+0200,47200.0,MW,FR,FR,forecast_load,Forecasted Load,2026-09-24T05:08:32Z
2026-09-24T05:08:05Z,2026-09-24T07:08:05+0200,b9e32d7a-c859-44a5-aa71-7ec31e4fc19a,2026-09-24T09:15:00Z,2026-09-24T11:15:00+0200,47500.0,MW,FR,FR,forecast_load,Forecasted Load,2026-09-24T05:08:32Z
2026-09-24T05:08:05Z,2026-09-24T07:08:05+0200,b9e32d7a-c859-44a5-aa71-7ec31e4fc19a,2026-09-24T09:30:00Z,2026-09-24T11:30:00+0200,47800.0,MW,FR,FR,forecast_load,Forecasted Load,2026-09-24T05:08:32Z
2026-09-24T05:08:05Z,2026-09-24T07:08:05+0200,b9e32d7a-c859-44a5-aa71-7ec31e4fc19a,2026-09-24T09:45:00Z,2026-09-24T11:45:00+0200,48450.0,MW,FR,FR,forecast_load,Forecasted Load,2026-09-24T05:08:32Z
2026-09-24T05:08:05Z,2026-09-24T07:08:05+0200,b9e32d7a-c859-44a5-aa71-7ec31e4fc19a,2026-09-24T10:00:00Z,2026-09-24T12:00:00+0200,49100.0,MW,FR,FR,forecast_load,Forecasted Load,2026-09-24T05:08:32Z
2026-09-24T05:08:05Z,2026-09-24T07:08:05+0200,b9e32d7a-c859-44a5-aa71-7ec31e4fc19a,2026-09-24T10:15:00Z,2026-09-24T12:15:00+0200,48650.0,MW,FR,FR,forecast_load,Forecasted Load,2026-09-24T05:08:32Z
2026-09-24T05:08:05Z,2026-09-24T07:08:05+0200,b9e32d7a-c859-44a5-aa71-7ec31e4fc19a,2026-09-24T10:30:00Z,2026-09-24T12:30:00+0200,48200.0,MW,FR,FR,forecast_load,Forecasted Load,2026-09-24T05:08:32Z
2026-09-24T05:08:05Z,2026-09-24T07:08:05+0200,b9e32d7a-c859-44a5-aa71-7ec31e4fc19a,2026-09-24T10:45:00Z,2026-09-24T12:45:00+0200,48600.0,MW,FR,FR,forecast_load,Forecasted Load,2026-09-24T05:08:32Z
2026-09-24T05:08:05Z,2026-09-24T07:08:05+0200,b9e32d7a-c859-44a5-aa71-7ec31e4fc19a,2026-09-24T11:00:00Z,2026-09-24T13:00:00+0200,49000.0,MW,FR,FR,forecast_load,Forecasted Load,2026-09-24T05:08:32Z
2026-09-24T05:08:05Z,2026-09-24T07:08:05+0200,b9e32d7a-c859-44a5-aa71-7ec31e4fc19a,2026-09-24T11:15:00Z,2026-09-24T13:15:00+0200,47900.0,MW,FR,FR,forecast_load,Forecasted Load,2026-09-24T05:08:32Z
2026-09-24T05:08:05Z,2026-09-24T07:08:05+0200,b9e32d7a-c859-44a5-aa71-7ec31e4fc19a,2026-09-24T11:30:00Z,2026-09-24T13:30:00+0200,46800.0,MW,FR,FR,forecast_load,Forecasted Load,2026-09-24T05:08:32Z
2026-09-24T05:08:05Z,2026-09-24T07:08:05+0200,b9e32d7a-c859-44a5-aa71-7ec31e4fc19a,2026-09-24T11:45:00Z,2026-09-24T13:45:00+0200,46550.0,MW,FR,FR,forecast_load,Forecasted Load,2026-09-24T05:08:32Z
2026-09-24T05:08:05Z,2026-09-24T07:08:05+0200,b9e32d7a-c859-44a5-aa71-7ec31e4fc19a,2026-09-24T12:00:00Z,2026-09-24T14:00:00+0200,46300.0,MW,FR,FR,forecast_load,Forecasted Load,2026-09-24T05:08:32Z
2026-09-24T05:08:05Z,2026-09-24T07:08:05+0200,b9e32d7a-c859-44a5-aa71-7ec31e4fc19a,2026-09-24T12:15:00Z,2026-09-24T14:15:00+0200,46950.0,MW,FR,FR,forecast_load,Forecasted Load,2026-09-24T05:08:32Z
2026-09-24T05:08:05Z,2026-09-24T07:08:05+0200,b9e32d7a-c859-44a5-aa71-7ec31e4fc19a,2026-09-24T12:30:00Z,2026-09-24T14:30:00+0200,47600.0,MW,FR,FR,forecast_load,Forecasted Load,2026-09-24T05:08:32Z
2026-09-24T05:08:05Z,2026-09-24T07:08:05+0200,b9e32d7a-c859-44a5-aa71-7ec31e4fc19a,2026-09-24T12:45:00Z,2026-09-24T14:45:00+0200,47400.0,MW,FR,FR,forecast_load,Forecasted Load,2026-09-24T05:08:32Z
2026-09-24T05:08:05Z,2026-09-24T07:08:05+0200,b9e32d7a-c859-44a5-aa71-7ec31e4fc19a,2026-09-24T13:00:00Z,2026-09-24T15:00:00+0200,47200.0,MW,FR,FR,forecast_load,Forecasted Load,2026-09-24T05:08:32Z
2026-09-24T05:08:05Z,2026-09-24T07:08:05+0200,b9e32d7a-c859-44a5-aa71-7ec31e4fc19a,2026-09-24T13:15:00Z,2026-09-24T15:15:00+0200,46850.0,MW,FR,FR,forecast_load,Forecasted Load,2026-09-24T05:08:32Z
2026-09-24T05:08:05Z,2026-09-24T07:08:05+0200,b9e32d7a-c859-44a5-aa71-7ec31e4fc19a,2026-09-24T13:30:00Z,2026-09-24T15:30:00+0200,46500.0,MW,FR,FR,forecast_load,Forecasted Load,2026-09-24T05:08:32Z
2026-09-24T05:08:05Z,2026-09-24T07:08:05+0200,b9e32d7a-c859-44a5-aa71-7ec31e4fc19a,2026-09-24T13:45:00Z,2026-09-24T15:45:00+0200,46300.0,MW,FR,FR,forecast_load,Forecasted Load,2026-09-24T05:08:32Z
2026-09-24T05:08:05Z,2026-09-24T07:08:05+0200,b9e32d7a-c859-44a5-aa71-7ec31e4fc19a,2026-09-24T14:00:00Z,2026-09-24T16:00:00+0200,46100.0,MW,FR,FR,forecast_load,Forecasted Load,2026-09-24T05:08:32Z
2026-09-24T05:08:05Z,2026-09-24T07:08:05+0200,b9e32d7a-c859-44a5-aa71-7ec31e4fc19a,2026-09-24T14:15:00Z,2026-09-24T16:15:00+0200,45800.0,MW,FR,FR,forecast_load,Forecasted Load,2026-09-24T05:08:32Z
2026-09-24T05:08:05Z,2026-09-24T07:08:05+0200,b9e32d7a-c859-44a5-aa71-7ec31e4fc19a,2026-09-24T14:30:00Z,2026-09-24T16:30:00+0200,45500.0,MW,FR,FR,forecast_load,Forecasted Load,2026-09-24T05:08:32Z
2026-09-24T05:08:05Z,2026-09-24T07:08:05+0200,b9e32d7a-c859-44a5-aa71-7ec31e4fc19a,2026-09-24T14:45:00Z,2026-09-24T16:45:00+0200,45250.0,MW,FR,FR,forecast_load,Forecasted Load,2026-09-24T05:08:32Z
2026-09-24T05:08:05Z,2026-09-24T07:08:05+0200,b9e32d7a-c859-44a5-aa71-7ec31e4fc19a,2026-09-24T15:00:00Z,2026-09-24T17:00:00+0200,45000.0,MW,FR,FR,forecast_load,Forecasted Load,2026-09-24T05:08:32Z
2026-09-24T05:08:05Z,2026-09-24T07:08:05+0200,b9e32d7a-c859-44a5-aa71-7ec31e4fc19a,2026-09-24T15:15:00Z,2026-09-24T17:15:00+0200,45100.0,MW,FR,FR,forecast_load,Forecasted Load,2026-09-24T05:08:32Z
2026-09-24T05:08:05Z,2026-09-24T07:08:05+0200,b9e32d7a-c859-44a5-aa71-7ec31e4fc19a,2026-09-24T15:30:00Z,2026-09-24T17:30:00+0200,45200.0,MW,FR,FR,forecast_load,Forecasted Load,2026-09-24T05:08:32Z
2026-09-24T05:08:05Z,2026-09-24T07:08:05+0200,b9e32d7a-c859-44a5-aa71-7ec31e4fc19a,2026-09-24T15:45:00Z,2026-09-24T17:45:00+0200,45950.0,MW,FR,FR,forecast_load,Forecasted Load,2026-09-24T05:08:32Z
2026-09-24T05:08:05Z,2026-09-24T07:08:05+0200,b9e32d7a-c859-44a5-aa71-7ec31e4fc19a,2026-09-24T16:00:00Z,2026-09-24T18:00:00+0200,46700.0,MW,FR,FR,forecast_load,Forecasted Load,2026-09-24T05:08:32Z
2026-09-24T05:08:05Z,2026-09-24T07:08:05+0200,b9e32d7a-c859-44a5-aa71-7ec31e4fc19a,2026-09-24T16:15:00Z,2026-09-24T18:15:00+0200,47350.0,MW,FR,FR,forecast_load,Forecasted Load,2026-09-24T05:08:32Z
2026-09-24T05:08:05Z,2026-09-24T07:08:05+0200,b9e32d7a-c859-44a5-aa71-7ec31e4fc19a,2026-09-24T16:30:00Z,2026-09-24T18:30:00+0200,48000.0,MW,FR,FR,forecast_load,Forecasted Load,2026-09-24T05:08:32Z
2026-09-24T05:08:05Z,2026-09-24T07:08:05+0200,b9e32d7a-c859-44a5-aa71-7ec31e4fc19a,2026-09-24T16:45:00Z,2026-09-24T18:45:00+0200,48900.0,MW,FR,FR,forecast_load,Forecasted Load,2026-09-24T05:08:32Z
2026-09-24T05:08:05Z,2026-09-24T07:08:05+0200,b9e32d7a-c859-44a5-aa71-7ec31e4fc19a,2026-09-24T17:00:00Z,2026-09-24T19:00:00+0200,49800.0,MW,FR,FR,forecast_load,Forecasted Load,2026-09-24T05:08:32Z
2026-09-24T05:08:05Z,2026-09-24T07:08:05+0200,b9e32d7a-c859-44a5-aa71-7ec31e4fc19a,2026-09-24T17:15:00Z,2026-09-24T19:15:00+0200,49550.0,MW,FR,FR,forecast_load,Forecasted Load,2026-09-24T05:08:32Z
2026-09-24T05:08:05Z,2026-09-24T07:08:05+0200,b9e32d7a-c859-44a5-aa71-7ec31e4fc19a,2026-09-24T17:30:00Z,2026-09-24T19:30:00+0200,49300.0,MW,FR,FR,forecast_load,Forecasted Load,2026-09-24T05:08:32Z
2026-09-24T05:08:05Z,2026-09-24T07:08:05+0200,b9e32d7a-c859-44a5-aa71-7ec31e4fc19a,2026-09-24T17:45:00Z,2026-09-24T19:45:00+0200,49200.0,MW,FR,FR,forecast_load,Forecasted Load,2026-09-24T05:08:32Z
2026-09-24T05:08:05Z,2026-09-24T07:08:05+0200,b9e32d7a-c859-44a5-aa71-7ec31e4fc19a,2026-09-24T18:00:00Z,2026-09-24T20:00:00+0200,49100.0,MW,FR,FR,forecast_load,Forecasted Load,2026-09-24T05:08:32Z
2026-09-24T05:08:05Z,2026-09-24T07:08:05+0200,b9e32d7a-c859-44a5-aa71-7ec31e4fc19a,2026-09-24T18:15:00Z,2026-09-24T20:15:00+0200,48700.0,MW,FR,FR,forecast_load,Forecasted Load,2026-09-24T05:08:32Z
2026-09-24T05:08:05Z,2026-09-24T07:08:05+0200,b9e32d7a-c859-44a5-aa71-7ec31e4fc19a,2026-09-24T18:30:00Z,2026-09-24T20:30:00+0200,48300.0,MW,FR,FR,forecast_load,Forecasted Load,2026-09-24T05:08:32Z
2026-09-24T05:08:05Z,2026-09-24T07:08:05+0200,b9e32d7a-c859-44a5-aa71-7ec31e4fc19a,2026-09-24T18:45:00Z,2026-09-24T20:45:00+0200,47350.0,MW,FR,FR,forecast_load,Forecasted Load,2026-09-24T05:08:32Z
2026-09-24T05:08:05Z,2026-09-24T07:08:05+0200,b9e32d7a-c859-44a5-aa71-7ec31e4fc19a,2026-09-24T19:00:00Z,2026-09-24T21:00:00+0200,46400.0,MW,FR,FR,forecast_load,Forecasted Load,2026-09-24T05:08:32Z
2026-09-24T05:08:05Z,2026-09-24T07:08:05+0200,b9e32d7a-c859-44a5-aa71-7ec31e4fc19a,2026-09-24T19:15:00Z,2026-09-24T21:15:00+0200,45650.0,MW,FR,FR,forecast_load,Forecasted Load,2026-09-24T05:08:32Z
2026-09-24T05:08:05Z,2026-09-24T07:08:05+0200,b9e32d7a-c859-44a5-aa71-7ec31e4fc19a,2026-09-24T19:30:00Z,2026-09-24T21:30:00+0200,44900.0,MW,FR,FR,forecast_load,Forecasted Load,2026-09-24T05:08:32Z
2026-09-24T05:08:05Z,2026-09-24T07:08:05+0200,b9e32d7a-c859-44a5-aa71-7ec31e4fc19a,2026-09-24T19:45:00Z,2026-09-24T21:45:00+0200,44150.0,MW,FR,FR,forecast_load,Forecasted Load,2026-09-24T05:08:32Z
2026-09-24T05:08:05Z,2026-09-24T07:08:05+0200,b9e32d7a-c859-44a5-aa71-7ec31e4fc19a,2026-09-24T20:00:00Z,2026-09-24T22:00:00+0200,43400.0,MW,FR,FR,forecast_load,Forecasted Load,2026-09-24T05:08:32Z
2026-09-24T05:08:05Z,2026-09-24T07:08:05+0200,b9e32d7a-c859-44a5-aa71-7ec31e4fc19a,2026-09-24T20:15:00Z,2026-09-24T22:15:00+0200,43950.0,MW,FR,FR,forecast_load,Forecasted Load,2026-09-24T05:08:32Z
2026-09-24T05:08:05Z,2026-09-24T07:08:05+0200,b9e32d7a-c859-44a5-aa71-7ec31e4fc19a,2026-09-24T20:30:00Z,2026-09-24T22:30:00+0200,44500.0,MW,FR,FR,forecast_load,Forecasted Load,2026-09-24T05:08:32Z
2026-09-24T05:08:05Z,2026-09-24T07:08:05+0200,b9e32d7a-c859-44a5-aa71-7ec31e4fc19a,2026-09-24T20:45:00Z,2026-09-24T22:45:00+0200,44900.0,MW,FR,FR,forecast_load,Forecasted Load,2026-09-24T05:08:32Z
2026-09-24T05:08:05Z,2026-09-24T07:08:05+0200,b9e32d7a-c859-44a5-aa71-7ec31e4fc19a,2026-09-24T21:00:00Z,2026-09-24T23:00:00+0200,45300.0,MW,FR,FR,forecast_load,Forecasted Load,2026-09-24T05:08:32Z
2026-09-24T05:08:05Z,2026-09-24T07:08:05+0200,b9e32d7a-c859-44a5-aa71-7ec31e4fc19a,2026-09-24T21:15:00Z,2026-09-24T23:15:00+0200,44650.0,MW,FR,FR,forecast_load,Forecasted Load,2026-09-24T05:08:32Z
2026-09-24T05:08:05Z,2026-09-24T07:08:05+0200,b9e32d7a-c859-44a5-aa71-7ec31e4fc19a,2026-09-24T21:30:00Z,2026-09-24T23:30:00+0200,44000.0,MW,FR,FR,forecast_load,Forecasted Load,2026-09-24T05:08:32Z
2026-09-24T05:08:05Z,2026-09-24T07:08:05+0200,b9e32d7a-c859-44a5-aa71-7ec31e4fc19a,2026-09-24T21:45:00Z,2026-09-24T23:45:00+0200,43200.0,MW,FR,FR,forecast_load,Forecasted Load,2026-09-24T05:08:32Z
2026-09-24T05:08:05Z,2026-09-24T07:08:05+0200,b9e32d7a-c859-44a5-aa71-7ec31e4fc19a,2026-09-24T22:00:00Z,2026-09-25T00:00:00+0200,42579.0,MW,FR,FR,forecast_load,Forecasted Load,2026-09-24T05:08:32Z
2026-09-24T05:08:05Z,2026-09-24T07:08:05+0200,b9e32d7a-c859-44a5-aa71-7ec31e4fc19a,2026-09-24T22:15:00Z,2026-09-25T00:15:00+0200,41890.5,MW,FR,FR,forecast_load,Forecasted Load,2026-09-24T05:08:32Z
2026-09-24T05:08:05Z,2026-09-24T07:08:05+0200,b9e32d7a-c859-44a5-aa71-7ec31e4fc19a,2026-09-24T22:30:00Z,2026-09-25T00:30:00+0200,41202.0,MW,FR,FR,forecast_load,Forecasted Load,2026-09-24T05:08:32Z
2026-09-24T05:08:05Z,2026-09-24T07:08:05+0200,b9e32d7a-c859-44a5-aa71-7ec31e4fc19a,2026-09-24T22:45:00Z,2026-09-25T00:45:00+0200,40429.0,MW,FR,FR,forecast_load,Forecasted Load,2026-09-24T05:08:32Z
2026-09-24T05:08:05Z,2026-09-24T07:08:05+0200,b9e32d7a-c859-44a5-aa71-7ec31e4fc19a,2026-09-24T23:00:00Z,2026-09-25T01:00:00+0200,39656.0,MW,FR,FR,forecast_load,Forecasted Load,2026-09-24T05:08:32Z
2026-09-24T05:08:05Z,2026-09-24T07:08:05+0200,b9e32d7a-c859-44a5-aa71-7ec31e4fc19a,2026-09-24T23:15:00Z,2026-09-25T01:15:00+0200,39826.0,MW,FR,FR,forecast_load,Forecasted Load,2026-09-24T05:08:32Z
2026-09-24T05:08:05Z,2026-09-24T07:08:05+0200,b9e32d7a-c859-44a5-aa71-7ec31e4fc19a,2026-09-24T23:30:00Z,2026-09-25T01:30:00+0200,39996.0,MW,FR,FR,forecast_load,Forecasted Load,2026-09-24T05:08:32Z
2026-09-24T05:08:05Z,2026-09-24T07:08:05+0200,b9e32d7a-c859-44a5-aa71-7ec31e4fc19a,2026-09-24T23:45:00Z,2026-09-25T01:45:00+0200,39448.0,MW,FR,FR,forecast_load,Forecasted Load,2026-09-24T05:08:32Z
2026-09-24T05:08:05Z,2026-09-24T07:08:05+0200,b9e32d7a-c859-44a5-aa71-7ec31e4fc19a,2026-09-25T00:00:00Z,2026-09-25T02:00:00+0200,38900.0,MW,FR,FR,forecast_load,Forecasted Load,2026-09-24T05:08:32Z
2026-09-24T05:08:05Z,2026-09-24T07:08:05+0200,b9e32d7a-c859-44a5-aa71-7ec31e4fc19a,2026-09-25T00:15:00Z,2026-09-25T02:15:00+0200,38125.5,MW,FR,FR,forecast_load,Forecasted Load,2026-09-24T05:08:32Z
2026-09-24T05:08:05Z,2026-09-24T07:08:05+0200,b9e32d7a-c859-44a5-aa71-7ec31e4fc19a,2026-09-25T00:30:00Z,2026-09-25T02:30:00+0200,37351.0,MW,FR,FR,forecast_load,Forecasted Load,2026-09-24T05:08:32Z
2026-09-24T05:08:05Z,2026-09-24T07:08:05+0200,b9e32d7a-c859-44a5-aa71-7ec31e4fc19a,2026-09-25T00:45:00Z,2026-09-25T02:45:00+0200,36870.5,MW,FR,FR,forecast_load,Forecasted Load,2026-09-24T05:08:32Z
2026-09-24T05:08:05Z,2026-09-24T07:08:05+0200,b9e32d7a-c859-44a5-aa71-7ec31e4fc19a,2026-09-25T01:00:00Z,2026-09-25T03:00:00+0200,36390.0,MW,FR,FR,forecast_load,Forecasted Load,2026-09-24T05:08:32Z
2026-09-24T05:08:05Z,2026-09-24T07:08:05+0200,b9e32d7a-c859-44a5-aa71-7ec31e4fc19a,2026-09-25T01:15:00Z,2026-09-25T03:15:00+0200,35953.0,MW,FR,FR,forecast_load,Forecasted Load,2026-09-24T05:08:32Z
2026-09-24T05:08:05Z,2026-09-24T07:08:05+0200,b9e32d7a-c859-44a5-aa71-7ec31e4fc19a,2026-09-25T01:30:00Z,2026-09-25T03:30:00+0200,35516.0,MW,FR,FR,forecast_load,Forecasted Load,2026-09-24T05:08:32Z
2026-09-24T05:08:05Z,2026-09-24T07:08:05+0200,b9e32d7a-c859-44a5-aa71-7ec31e4fc19a,2026-09-25T01:45:00Z,2026-09-25T03:45:00+0200,35337.0,MW,FR,FR,forecast_load,Forecasted Load,2026-09-24T05:08:32Z
2026-09-24T05:08:05Z,2026-09-24T07:08:05+0200,b9e32d7a-c859-44a5-aa71-7ec31e4fc19a,2026-09-25T02:00:00Z,2026-09-25T04:00:00+0200,35158.0,MW,FR,FR,forecast_load,Forecasted Load,2026-09-24T05:08:32Z
2026-09-24T05:08:05Z,2026-09-24T07:08:05+0200,b9e32d7a-c859-44a5-aa71-7ec31e4fc19a,2026-09-25T02:15:00Z,2026-09-25T04:15:00+0200,35167.5,MW,FR,FR,forecast_load,Forecasted Load,2026-09-24T05:08:32Z
2026-09-24T05:08:05Z,2026-09-24T07:08:05+0200,b9e32d7a-c859-44a5-aa71-7ec31e4fc19a,2026-09-25T02:30:00Z,2026-09-25T04:30:00+0200,35177.0,MW,FR,FR,forecast_load,Forecasted Load,2026-09-24T05:08:32Z
2026-09-24T05:08:05Z,2026-09-24T07:08:05+0200,b9e32d7a-c859-44a5-aa71-7ec31e4fc19a,2026-09-25T02:45:00Z,2026-09-25T04:45:00+0200,35351.5,MW,FR,FR,forecast_load,Forecasted Load,2026-09-24T05:08:32Z
2026-09-24T05:08:05Z,2026-09-24T07:08:05+0200,b9e32d7a-c859-44a5-aa71-7ec31e4fc19a,2026-09-25T03:00:00Z,2026-09-25T05:00:00+0200,35526.0,MW,FR,FR,forecast_load,Forecasted Load,2026-09-24T05:08:32Z
2026-09-24T05:08:05Z,2026-09-24T07:08:05+0200,b9e32d7a-c859-44a5-aa71-7ec31e4fc19a,2026-09-25T03:15:00Z,2026-09-25T05:15:00+0200,36151.0,MW,FR,FR,forecast_load,Forecasted Load,2026-09-24T05:08:32Z
2026-09-24T05:08:05Z,2026-09-24T07:08:05+0200,b9e32d7a-c859-44a5-aa71-7ec31e4fc19a,2026-09-25T03:30:00Z,2026-09-25T05:30:00+0200,36776.0,MW,FR,FR,forecast_load,Forecasted Load,2026-09-24T05:08:32Z
2026-09-24T05:08:05Z,2026-09-24T07:08:05+0200,b9e32d7a-c859-44a5-aa71-7ec31e4fc19a,2026-09-25T03:45:00Z,2026-09-25T05:45:00+0200,37476.0,MW,FR,FR,forecast_load,Forecasted Load,2026-09-24T05:08:32Z
2026-09-24T05:08:05Z,2026-09-24T07:08:05+0200,b9e32d7a-c859-44a5-aa71-7ec31e4fc19a,2026-09-25T04:00:00Z,2026-09-25T06:00:00+0200,38176.0,MW,FR,FR,forecast_load,Forecasted Load,2026-09-24T05:08:32Z
2026-09-24T05:08:05Z,2026-09-24T07:08:05+0200,b9e32d7a-c859-44a5-aa71-7ec31e4fc19a,2026-09-25T04:15:00Z,2026-09-25T06:15:00+0200,39293.5,MW,FR,FR,forecast_load,Forecasted Load,2026-09-24T05:08:32Z
2026-09-24T05:08:05Z,2026-09-24T07:08:05+0200,b9e32d7a-c859-44a5-aa71-7ec31e4fc19a,2026-09-25T04:30:00Z,2026-09-25T06:30:00+0200,40411.0,MW,FR,FR,forecast_load,Forecasted Load,2026-09-24T05:08:32Z
2026-09-24T05:08:05Z,2026-09-24T07:08:05+0200,b9e32d7a-c859-44a5-aa71-7ec31e4fc19a,2026-09-25T04:45:00Z,2026-09-25T06:45:00+0200,41618.0,MW,FR,FR,forecast_load,Forecasted Load,2026-09-24T05:08:32Z
2026-09-24T05:08:05Z,2026-09-24T07:08:05+0200,b9e32d7a-c859-44a5-aa71-7ec31e4fc19a,2026-09-25T05:00:00Z,2026-09-25T07:00:00+0200,42825.0,MW,FR,FR,forecast_load,Forecasted Load,2026-09-24T05:08:32Z
2026-09-24T05:08:05Z,2026-09-24T07:08:05+0200,b9e32d7a-c859-44a5-aa71-7ec31e4fc19a,2026-09-25T05:15:00Z,2026-09-25T07:15:00+0200,43723.5,MW,FR,FR,forecast_load,Forecasted Load,2026-09-24T05:08:32Z
2026-09-24T05:08:05Z,2026-09-24T07:08:05+0200,b9e32d7a-c859-44a5-aa71-7ec31e4fc19a,2026-09-25T05:30:00Z,2026-09-25T07:30:00+0200,44622.0,MW,FR,FR,forecast_load,Forecasted Load,2026-09-24T05:08:32Z
2026-09-24T05:08:05Z,2026-09-24T07:08:05+0200,b9e32d7a-c859-44a5-aa71-7ec31e4fc19a,2026-09-25T05:45:00Z,2026-09-25T07:45:00+0200,45065.5,MW,FR,FR,forecast_load,Forecasted Load,2026-09-24T05:08:32Z
2026-09-24T05:08:05Z,2026-09-24T07:08:05+0200,b9e32d7a-c859-44a5-aa71-7ec31e4fc19a,2026-09-25T06:00:00Z,2026-09-25T08:00:00+0200,45509.0,MW,FR,FR,forecast_load,Forecasted Load,2026-09-24T05:08:32Z
2026-09-24T05:08:05Z,2026-09-24T07:08:05+0200,b9e32d7a-c859-44a5-aa71-7ec31e4fc19a,2026-09-25T06:15:00Z,2026-09-25T08:15:00+0200,45779.5,MW,FR,FR,forecast_load,Forecasted Load,2026-09-24T05:08:32Z
2026-09-24T05:08:05Z,2026-09-24T07:08:05+0200,b9e32d7a-c859-44a5-aa71-7ec31e4fc19a,2026-09-25T06:30:00Z,2026-09-25T08:30:00+0200,46050.0,MW,FR,FR,forecast_load,Forecasted Load,2026-09-24T05:08:32Z
2026-09-24T05:08:05Z,2026-09-24T07:08:05+0200,b9e32d7a-c859-44a5-aa71-7ec31e4fc19a,2026-09-25T06:45:00Z,2026-09-25T08:45:00+0200,46253.5,MW,FR,FR,forecast_load,Forecasted Load,2026-09-24T05:08:32Z
2026-09-24T05:08:05Z,2026-09-24T07:08:05+0200,b9e32d7a-c859-44a5-aa71-7ec31e4fc19a,2026-09-25T07:00:00Z,2026-09-25T09:00:00+0200,46457.0,MW,FR,FR,forecast_load,Forecasted Load,2026-09-24T05:08:32Z
2026-09-24T05:08:05Z,2026-09-24T07:08:05+0200,b9e32d7a-c859-44a5-aa71-7ec31e4fc19a,2026-09-25T07:15:00Z,2026-09-25T09:15:00+0200,46686.5,MW,FR,FR,forecast_load,Forecasted Load,2026-09-24T05:08:32Z
2026-09-24T05:08:05Z,2026-09-24T07:08:05+0200,b9e32d7a-c859-44a5-aa71-7ec31e4fc19a,2026-09-25T07:30:00Z,2026-09-25T09:30:00+0200,46916.0,MW,FR,FR,forecast_load,Forecasted Load,2026-09-24T05:08:32Z
2026-09-24T05:08:05Z,2026-09-24T07:08:05+0200,b9e32d7a-c859-44a5-aa71-7ec31e4fc19a,2026-09-25T07:45:00Z,2026-09-25T09:45:00+0200,46965.0,MW,FR,FR,forecast_load,Forecasted Load,2026-09-24T05:08:32Z
2026-09-24T05:08:05Z,2026-09-24T07:08:05+0200,b9e32d7a-c859-44a5-aa71-7ec31e4fc19a,2026-09-25T08:00:00Z,2026-09-25T10:00:00+0200,47014.0,MW,FR,FR,forecast_load,Forecasted Load,2026-09-24T05:08:32Z
2026-09-24T05:08:05Z,2026-09-24T07:08:05+0200,b9e32d7a-c859-44a5-aa71-7ec31e4fc19a,2026-09-25T08:15:00Z,2026-09-25T10:15:00+0200,47211.0,MW,FR,FR,forecast_load,Forecasted Load,2026-09-24T05:08:32Z
2026-09-24T05:08:05Z,2026-09-24T07:08:05+0200,b9e32d7a-c859-44a5-aa71-7ec31e4fc19a,2026-09-25T08:30:00Z,2026-09-25T10:30:00+0200,47408.0,MW,FR,FR,forecast_load,Forecasted Load,2026-09-24T05:08:32Z
2026-09-24T05:08:05Z,2026-09-24T07:08:05+0200,b9e32d7a-c859-44a5-aa71-7ec31e4fc19a,2026-09-25T08:45:00Z,2026-09-25T10:45:00+0200,47444.5,MW,FR,FR,forecast_load,Forecasted Load,2026-09-24T05:08:32Z
2026-09-24T05:08:05Z,2026-09-24T07:08:05+0200,b9e32d7a-c859-44a5-aa71-7ec31e4fc19a,2026-09-25T09:00:00Z,2026-09-25T11:00:00+0200,47481.0,MW,FR,FR,forecast_load,Forecasted Load,2026-09-24T05:08:32Z
2026-09-24T05:08:05Z,2026-09-24T07:08:05+0200,b9e32d7a-c859-44a5-aa71-7ec31e4fc19a,2026-09-25T09:15:00Z,2026-09-25T11:15:00+0200,47763.5,MW,FR,FR,forecast_load,Forecasted Load,2026-09-24T05:08:32Z
2026-09-24T05:08:05Z,2026-09-24T07:08:05+0200,b9e32d7a-c859-44a5-aa71-7ec31e4fc19a,2026-09-25T09:30:00Z,2026-09-25T11:30:00+0200,48046.0,MW,FR,FR,forecast_load,Forecasted Load,2026-09-24T05:08:32Z
2026-09-24T05:08:05Z,2026-09-24T07:08:05+0200,b9e32d7a-c859-44a5-aa71-7ec31e4fc19a,2026-09-25T09:45:00Z,2026-09-25T11:45:00+0200,48385.5,MW,FR,FR,forecast_load,Forecasted Load,2026-09-24T05:08:32Z
2026-09-24T05:08:05Z,2026-09-24T07:08:05+0200,b9e32d7a-c859-44a5-aa71-7ec31e4fc19a,2026-09-25T10:00:00Z,2026-09-25T12:00:00+0200,48725.0,MW,FR,FR,forecast_load,Forecasted Load,2026-09-24T05:08:32Z
2026-09-24T05:08:05Z,2026-09-24T07:08:05+0200,b9e32d7a-c859-44a5-aa71-7ec31e4fc19a,2026-09-25T10:15:00Z,2026-09-25T12:15:00+0200,48684.0,MW,FR,FR,forecast_load,Forecasted Load,2026-09-24T05:08:32Z
2026-09-24T05:08:05Z,2026-09-24T07:08:05+0200,b9e32d7a-c859-44a5-aa71-7ec31e4fc19a,2026-09-25T10:30:00Z,2026-09-25T12:30:00+0200,48643.0,MW,FR,FR,forecast_load,Forecasted Load,2026-09-24T05:08:32Z
2026-09-24T05:08:05Z,2026-09-24T07:08:05+0200,b9e32d7a-c859-44a5-aa71-7ec31e4fc19a,2026-09-25T10:45:00Z,2026-09-25T12:45:00+0200,48900.0,MW,FR,FR,forecast_load,Forecasted Load,2026-09-24T05:08:32Z
2026-09-24T05:08:05Z,2026-09-24T07:08:05+0200,b9e32d7a-c859-44a5-aa71-7ec31e4fc19a,2026-09-25T11:00:00Z,2026-09-25T13:00:00+0200,49157.0,MW,FR,FR,forecast_load,Forecasted Load,2026-09-24T05:08:32Z
2026-09-24T05:08:05Z,2026-09-24T07:08:05+0200,b9e32d7a-c859-44a5-aa71-7ec31e4fc19a,2026-09-25T11:15:00Z,2026-09-25T13:15:00+0200,48031.5,MW,FR,FR,forecast_load,Forecasted Load,2026-09-24T05:08:32Z
2026-09-24T05:08:05Z,2026-09-24T07:08:05+0200,b9e32d7a-c859-44a5-aa71-7ec31e4fc19a,2026-09-25T11:30:00Z,2026-09-25T13:30:00+0200,46906.0,MW,FR,FR,forecast_load,Forecasted Load,2026-09-24T05:08:32Z
2026-09-24T05:08:05Z,2026-09-24T07:08:05+0200,b9e32d7a-c859-44a5-aa71-7ec31e4fc19a,2026-09-25T11:45:00Z,2026-09-25T13:45:00+0200,46780.5,MW,FR,FR,forecast_load,Forecasted Load,2026-09-24T05:08:32Z
2026-09-24T05:08:05Z,2026-09-24T07:08:05+0200,b9e32d7a-c859-44a5-aa71-7ec31e4fc19a,2026-09-25T12:00:00Z,2026-09-25T14:00:00+0200,46655.0,MW,FR,FR,forecast_load,Forecasted Load,2026-09-24T05:08:32Z
2026-09-24T05:08:05Z,2026-09-24T07:08:05+0200,b9e32d7a-c859-44a5-aa71-7ec31e4fc19a,2026-09-25T12:15:00Z,2026-09-25T14:15:00+0200,47507.0,MW,FR,FR,forecast_load,Forecasted Load,2026-09-24T05:08:32Z
2026-09-24T05:08:05Z,2026-09-24T07:08:05+0200,b9e32d7a-c859-44a5-aa71-7ec31e4fc19a,2026-09-25T12:30:00Z,2026-09-25T14:30:00+0200,48359.0,MW,FR,FR,forecast_load,Forecasted Load,2026-09-24T05:08:32Z
2026-09-24T05:08:05Z,2026-09-24T07:08:05+0200,b9e32d7a-c859-44a5-aa71-7ec31e4fc19a,2026-09-25T12:45:00Z,2026-09-25T14:45:00+0200,48008.5,MW,FR,FR,forecast_load,Forecasted Load,2026-09-24T05:08:32Z
2026-09-24T05:08:05Z,2026-09-24T07:08:05+0200,b9e32d7a-c859-44a5-aa71-7ec31e4fc19a,2026-09-25T13:00:00Z,2026-09-25T15:00:00+0200,47658.0,MW,FR,FR,forecast_load,Forecasted Load,2026-09-24T05:08:32Z
2026-09-24T05:08:05Z,2026-09-24T07:08:05+0200,b9e32d7a-c859-44a5-aa71-7ec31e4fc19a,2026-09-25T13:15:00Z,2026-09-25T15:15:00+0200,47442.5,MW,FR,FR,forecast_load,Forecasted Load,2026-09-24T05:08:32Z
2026-09-24T05:08:05Z,2026-09-24T07:08:05+0200,b9e32d7a-c859-44a5-aa71-7ec31e4fc19a,2026-09-25T13:30:00Z,2026-09-25T15:30:00+0200,47227.0,MW,FR,FR,forecast_load,Forecasted Load,2026-09-24T05:08:32Z
2026-09-24T05:08:05Z,2026-09-24T07:08:05+0200,b9e32d7a-c859-44a5-aa71-7ec31e4fc19a,2026-09-25T13:45:00Z,2026-09-25T15:45:00+0200,47173.0,MW,FR,FR,forecast_load,Forecasted Load,2026-09-24T05:08:32Z
2026-09-24T05:08:05Z,2026-09-24T07:08:05+0200,b9e32d7a-c859-44a5-aa71-7ec31e4fc19a,2026-09-25T14:00:00Z,2026-09-25T16:00:00+0200,47119.0,MW,FR,FR,forecast_load,Forecasted Load,2026-09-24T05:08:32Z
2026-09-24T05:08:05Z,2026-09-24T07:08:05+0200,b9e32d7a-c859-44a5-aa71-7ec31e4fc19a,2026-09-25T14:15:00Z,2026-09-25T16:15:00+0200,46724.5,MW,FR,FR,forecast_load,Forecasted Load,2026-09-24T05:08:32Z
2026-09-24T05:08:05Z,2026-09-24T07:08:05+0200,b9e32d7a-c859-44a5-aa71-7ec31e4fc19a,2026-09-25T14:30:00Z,2026-09-25T16:30:00+0200,46330.0,MW,FR,FR,forecast_load,Forecasted Load,2026-09-24T05:08:32Z
2026-09-24T05:08:05Z,2026-09-24T07:08:05+0200,b9e32d7a-c859-44a5-aa71-7ec31e4fc19a,2026-09-25T14:45:00Z,2026-09-25T16:45:00+0200,46064.5,MW,FR,FR,forecast_load,Forecasted Load,2026-09-24T05:08:32Z
2026-09-24T05:08:05Z,2026-09-24T07:08:05+0200,b9e32d7a-c859-44a5-aa71-7ec31e4fc19a,2026-09-25T15:00:00Z,2026-09-25T17:00:00+0200,45799.0,MW,FR,FR,forecast_load,Forecasted Load,2026-09-24T05:08:32Z
2026-09-24T05:08:05Z,2026-09-24T07:08:05+0200,b9e32d7a-c859-44a5-aa71-7ec31e4fc19a,2026-09-25T15:15:00Z,2026-09-25T17:15:00+0200,46224.5,MW,FR,FR,forecast_load,Forecasted Load,2026-09-24T05:08:32Z
2026-09-24T05:08:05Z,2026-09-24T07:08:05+0200,b9e32d7a-c859-44a5-aa71-7ec31e4fc19a,2026-09-25T15:30:00Z,2026-09-25T17:30:00+0200,46650.0,MW,FR,FR,forecast_load,Forecasted Load,2026-09-24T05:08:32Z
2026-09-24T05:08:05Z,2026-09-24T07:08:05+0200,b9e32d7a-c859-44a5-aa71-7ec31e4fc19a,2026-09-25T15:45:00Z,2026-09-25T17:45:00+0200,46971.5,MW,FR,FR,forecast_load,Forecasted Load,2026-09-24T05:08:32Z
2026-09-24T05:08:05Z,2026-09-24T07:08:05+0200,b9e32d7a-c859-44a5-aa71-7ec31e4fc19a,2026-09-25T16:00:00Z,2026-09-25T18:00:00+0200,47293.0,MW,FR,FR,forecast_load,Forecasted Load,2026-09-24T05:08:32Z
2026-09-24T05:08:05Z,2026-09-24T07:08:05+0200,b9e32d7a-c859-44a5-aa71-7ec31e4fc19a,2026-09-25T16:15:00Z,2026-09-25T18:15:00+0200,47686.0,MW,FR,FR,forecast_load,Forecasted Load,2026-09-24T05:08:32Z
2026-09-24T05:08:05Z,2026-09-24T07:08:05+0200,b9e32d7a-c859-44a5-aa71-7ec31e4fc19a,2026-09-25T16:30:00Z,2026-09-25T18:30:00+0200,48079.0,MW,FR,FR,forecast_load,Forecasted Load,2026-09-24T05:08:32Z
2026-09-24T05:08:05Z,2026-09-24T07:08:05+0200,b9e32d7a-c859-44a5-aa71-7ec31e4fc19a,2026-09-25T16:45:00Z,2026-09-25T18:45:00+0200,48547.5,MW,FR,FR,forecast_load,Forecasted Load,2026-09-24T05:08:32Z
2026-09-24T05:08:05Z,2026-09-24T07:08:05+0200,b9e32d7a-c859-44a5-aa71-7ec31e4fc19a,2026-09-25T17:00:00Z,2026-09-25T19:00:00+0200,49016.0,MW,FR,FR,forecast_load,Forecasted Load,2026-09-24T05:08:32Z
2026-09-24T05:08:05Z,2026-09-24T07:08:05+0200,b9e32d7a-c859-44a5-aa71-7ec31e4fc19a,2026-09-25T17:15:00Z,2026-09-25T19:15:00+0200,48661.0,MW,FR,FR,forecast_load,Forecasted Load,2026-09-24T05:08:32Z
2026-09-24T05:08:05Z,2026-09-24T07:08:05+0200,b9e32d7a-c859-44a5-aa71-7ec31e4fc19a,2026-09-25T17:30:00Z,2026-09-25T19:30:00+0200,48306.0,MW,FR,FR,forecast_load,Forecasted Load,2026-09-24T05:08:32Z
2026-09-24T05:08:05Z,2026-09-24T07:08:05+0200,b9e32d7a-c859-44a5-aa71-7ec31e4fc19a,2026-09-25T17:45:00Z,2026-09-25T19:45:00+0200,48377.0,MW,FR,FR,forecast_load,Forecasted Load,2026-09-24T05:08:32Z
2026-09-24T05:08:05Z,2026-09-24T07:08:05+0200,b9e32d7a-c859-44a5-aa71-7ec31e4fc19a,2026-09-25T18:00:00Z,2026-09-25T20:00:00+0200,48448.0,MW,FR,FR,forecast_load,Forecasted Load,2026-09-24T05:08:32Z
2026-09-24T05:08:05Z,2026-09-24T07:08:05+0200,b9e32d7a-c859-44a5-aa71-7ec31e4fc19a,2026-09-25T18:15:00Z,2026-09-25T20:15:00+0200,48069.0,MW,FR,FR,forecast_load,Forecasted Load,2026-09-24T05:08:32Z
2026-09-24T05:08:05Z,2026-09-24T07:08:05+0200,b9e32d7a-c859-44a5-aa71-7ec31e4fc19a,2026-09-25T18:30:00Z,2026-09-25T20:30:00+0200,47690.0,MW,FR,FR,forecast_load,Forecasted Load,2026-09-24T05:08:32Z
2026-09-24T05:08:05Z,2026-09-24T07:08:05+0200,b9e32d7a-c859-44a5-aa71-7ec31e4fc19a,2026-09-25T18:45:00Z,2026-09-25T20:45:00+0200,46856.0,MW,FR,FR,forecast_load,Forecasted Load,2026-09-24T05:08:32Z
2026-09-24T05:08:05Z,2026-09-24T07:08:05+0200,b9e32d7a-c859-44a5-aa71-7ec31e4fc19a,2026-09-25T19:00:00Z,2026-09-25T21:00:00+0200,46022.0,MW,FR,FR,forecast_load,Forecasted Load,2026-09-24T05:08:32Z
2026-09-24T05:08:05Z,2026-09-24T07:08:05+0200,b9e32d7a-c859-44a5-aa71-7ec31e4fc19a,2026-09-25T19:15:00Z,2026-09-25T21:15:00+0200,45303.5,MW,FR,FR,forecast_load,Forecasted Load,2026-09-24T05:08:32Z
2026-09-24T05:08:05Z,2026-09-24T07:08:05+0200,b9e32d7a-c859-44a5-aa71-7ec31e4fc19a,2026-09-25T19:30:00Z,2026-09-25T21:30:00+0200,44585.0,MW,FR,FR,forecast_load,Forecasted Load,2026-09-24T05:08:32Z
2026-09-24T05:08:05Z,2026-09-24T07:08:05+0200,b9e32d7a-c859-44a5-aa71-7ec31e4fc19a,2026-09-25T19:45:00Z,2026-09-25T21:45:00+0200,43888.5,MW,FR,FR,forecast_load,Forecasted Load,2026-09-24T05:08:32Z
2026-09-24T05:08:05Z,2026-09-24T07:08:05+0200,b9e32d7a-c859-44a5-aa71-7ec31e4fc19a,2026-09-25T20:00:00Z,2026-09-25T22:00:00+0200,43192.0,MW,FR,FR,forecast_load,Forecasted Load,2026-09-24T05:08:32Z
2026-09-24T05:08:05Z,2026-09-24T07:08:05+0200,b9e32d7a-c859-44a5-aa71-7ec31e4fc19a,2026-09-25T20:15:00Z,2026-09-25T22:15:00+0200,43741.0,MW,FR,FR,forecast_load,Forecasted Load,2026-09-24T05:08:32Z
2026-09-24T05:08:05Z,2026-09-24T07:08:05+0200,b9e32d7a-c859-44a5-aa71-7ec31e4fc19a,2026-09-25T20:30:00Z,2026-09-25T22:30:00+0200,44290.0,MW,FR,FR,forecast_load,Forecasted Load,2026-09-24T05:08:32Z
2026-09-24T05:08:05Z,2026-09-24T07:08:05+0200,b9e32d7a-c859-44a5-aa71-7ec31e4fc19a,2026-09-25T20:45:00Z,2026-09-25T22:45:00+0200,44608.5,MW,FR,FR,forecast_load,Forecasted Load,2026-09-24T05:08:32Z
2026-09-24T05:08:05Z,2026-09-24T07:08:05+0200,b9e32d7a-c859-44a5-aa71-7ec31e4fc19a,2026-09-25T21:00:00Z,2026-09-25T23:00:00+0200,44927.0,MW,FR,FR,forecast_load,Forecasted Load,2026-09-24T05:08:32Z
2026-09-24T05:08:05Z,2026-09-24T07:08:05+0200,b9e32d7a-c859-44a5-aa71-7ec31e4fc19a,2026-09-25T21:15:00Z,2026-09-25T23:15:00+0200,44289.0,MW,FR,FR,forecast_load,Forecasted Load,2026-09-24T05:08:32Z
2026-09-24T05:08:05Z,2026-09-24T07:08:05+0200,b9e32d7a-c859-44a5-aa71-7ec31e4fc19a,2026-09-25T21:30:00Z,2026-09-25T23:30:00+0200,43651.0,MW,FR,FR,forecast_load,Forecasted Load,2026-09-24T05:08:32Z
2026-09-24T05:08:05Z,2026-09-24T07:08:05+0200,b9e32d7a-c859-44a5-aa71-7ec31e4fc19a,2026-09-25T21:45:00Z,2026-09-25T23:45:00+0200,42925.0,MW,FR,FR,forecast_load,Forecasted Load,2026-09-24T05:08:32Z
