collection_time_utc,collection_time_local,run_id,timestamp_utc,timestamp_local,value,unit,country,entsoe_area,variable,source,updated_at_utc
2026-06-07T17:41:56Z,2026-06-07T19:41:56+0200,9fbaedea-27ef-4990-85cf-49287850296c,2026-05-07T18:00:00Z,2026-05-07T20:00:00+0200,55.58,EUR/MWh,FR,FR,imbalance_price,Long,2026-06-07T17:42:53Z
2026-06-07T17:41:56Z,2026-06-07T19:41:56+0200,9fbaedea-27ef-4990-85cf-49287850296c,2026-05-07T18:00:00Z,2026-05-07T20:00:00+0200,65.86,EUR/MWh,FR,FR,imbalance_price,Short,2026-06-07T17:42:53Z
2026-06-07T17:41:56Z,2026-06-07T19:41:56+0200,9fbaedea-27ef-4990-85cf-49287850296c,2026-05-07T18:15:00Z,2026-05-07T20:15:00+0200,56.18,EUR/MWh,FR,FR,imbalance_price,Long,2026-06-07T17:42:53Z
2026-06-07T17:41:56Z,2026-06-07T19:41:56+0200,9fbaedea-27ef-4990-85cf-49287850296c,2026-05-07T18:15:00Z,2026-05-07T20:15:00+0200,66.56,EUR/MWh,FR,FR,imbalance_price,Short,2026-06-07T17:42:53Z
2026-06-07T17:41:56Z,2026-06-07T19:41:56+0200,9fbaedea-27ef-4990-85cf-49287850296c,2026-05-07T18:30:00Z,2026-05-07T20:30:00+0200,70.29,EUR/MWh,FR,FR,imbalance_price,Long,2026-06-07T17:42:53Z
2026-06-07T17:41:56Z,2026-06-07T19:41:56+0200,9fbaedea-27ef-4990-85cf-49287850296c,2026-05-07T18:30:00Z,2026-05-07T20:30:00+0200,83.29,EUR/MWh,FR,FR,imbalance_price,Short,2026-06-07T17:42:53Z
2026-06-07T17:41:56Z,2026-06-07T19:41:56+0200,9fbaedea-27ef-4990-85cf-49287850296c,2026-05-07T18:45:00Z,2026-05-07T20:45:00+0200,72.18,EUR/MWh,FR,FR,imbalance_price,Long,2026-06-07T17:42:53Z
2026-06-07T17:41:56Z,2026-06-07T19:41:56+0200,9fbaedea-27ef-4990-85cf-49287850296c,2026-05-07T18:45:00Z,2026-05-07T20:45:00+0200,85.52,EUR/MWh,FR,FR,imbalance_price,Short,2026-06-07T17:42:53Z
2026-06-07T17:41:56Z,2026-06-07T19:41:56+0200,9fbaedea-27ef-4990-85cf-49287850296c,2026-05-07T19:00:00Z,2026-05-07T21:00:00+0200,160.61,EUR/MWh,FR,FR,imbalance_price,Long,2026-06-07T17:42:53Z
2026-06-07T17:41:56Z,2026-06-07T19:41:56+0200,9fbaedea-27ef-4990-85cf-49287850296c,2026-05-07T19:00:00Z,2026-05-07T21:00:00+0200,190.29,EUR/MWh,FR,FR,imbalance_price,Short,2026-06-07T17:42:53Z
2026-06-07T17:41:56Z,2026-06-07T19:41:56+0200,9fbaedea-27ef-4990-85cf-49287850296c,2026-05-07T19:15:00Z,2026-05-07T21:15:00+0200,140.51,EUR/MWh,FR,FR,imbalance_price,Long,2026-06-07T17:42:53Z
2026-06-07T17:41:56Z,2026-06-07T19:41:56+0200,9fbaedea-27ef-4990-85cf-49287850296c,2026-05-07T19:15:00Z,2026-05-07T21:15:00+0200,166.49,EUR/MWh,FR,FR,imbalance_price,Short,2026-06-07T17:42:53Z
2026-06-07T17:41:56Z,2026-06-07T19:41:56+0200,9fbaedea-27ef-4990-85cf-49287850296c,2026-05-07T19:30:00Z,2026-05-07T21:30:00+0200,126.69,EUR/MWh,FR,FR,imbalance_price,Long,2026-06-07T17:42:53Z
2026-06-07T17:41:56Z,2026-06-07T19:41:56+0200,9fbaedea-27ef-4990-85cf-49287850296c,2026-05-07T19:30:00Z,2026-05-07T21:30:00+0200,150.11,EUR/MWh,FR,FR,imbalance_price,Short,2026-06-07T17:42:53Z
2026-06-07T17:41:56Z,2026-06-07T19:41:56+0200,9fbaedea-27ef-4990-85cf-49287850296c,2026-05-07T19:45:00Z,2026-05-07T21:45:00+0200,55.83,EUR/MWh,FR,FR,imbalance_price,Long,2026-06-07T17:42:53Z
2026-06-07T17:41:56Z,2026-06-07T19:41:56+0200,9fbaedea-27ef-4990-85cf-49287850296c,2026-05-07T19:45:00Z,2026-05-07T21:45:00+0200,66.15,EUR/MWh,FR,FR,imbalance_price,Short,2026-06-07T17:42:53Z
2026-06-07T17:41:56Z,2026-06-07T19:41:56+0200,9fbaedea-27ef-4990-85cf-49287850296c,2026-05-07T20:00:00Z,2026-05-07T22:00:00+0200,182.33,EUR/MWh,FR,FR,imbalance_price,Long,2026-06-07T17:42:53Z
2026-06-07T17:41:56Z,2026-06-07T19:41:56+0200,9fbaedea-27ef-4990-85cf-49287850296c,2026-05-07T20:00:00Z,2026-05-07T22:00:00+0200,216.03,EUR/MWh,FR,FR,imbalance_price,Short,2026-06-07T17:42:53Z
2026-06-07T17:41:56Z,2026-06-07T19:41:56+0200,9fbaedea-27ef-4990-85cf-49287850296c,2026-05-07T20:15:00Z,2026-05-07T22:15:00+0200,211.71,EUR/MWh,FR,FR,imbalance_price,Long,2026-06-07T17:42:53Z
2026-06-07T17:41:56Z,2026-06-07T19:41:56+0200,9fbaedea-27ef-4990-85cf-49287850296c,2026-05-07T20:15:00Z,2026-05-07T22:15:00+0200,250.85,EUR/MWh,FR,FR,imbalance_price,Short,2026-06-07T17:42:53Z
2026-06-07T17:41:56Z,2026-06-07T19:41:56+0200,9fbaedea-27ef-4990-85cf-49287850296c,2026-05-07T20:30:00Z,2026-05-07T22:30:00+0200,211.98,EUR/MWh,FR,FR,imbalance_price,Long,2026-06-07T17:42:53Z
2026-06-07T17:41:56Z,2026-06-07T19:41:56+0200,9fbaedea-27ef-4990-85cf-49287850296c,2026-05-07T20:30:00Z,2026-05-07T22:30:00+0200,251.16,EUR/MWh,FR,FR,imbalance_price,Short,2026-06-07T17:42:53Z
2026-06-07T17:41:56Z,2026-06-07T19:41:56+0200,9fbaedea-27ef-4990-85cf-49287850296c,2026-05-07T20:45:00Z,2026-05-07T22:45:00+0200,208.85,EUR/MWh,FR,FR,imbalance_price,Long,2026-06-07T17:42:53Z
2026-06-07T17:41:56Z,2026-06-07T19:41:56+0200,9fbaedea-27ef-4990-85cf-49287850296c,2026-05-07T20:45:00Z,2026-05-07T22:45:00+0200,247.45,EUR/MWh,FR,FR,imbalance_price,Short,2026-06-07T17:42:53Z
2026-06-07T17:41:56Z,2026-06-07T19:41:56+0200,9fbaedea-27ef-4990-85cf-49287850296c,2026-05-07T21:00:00Z,2026-05-07T23:00:00+0200,168.12,EUR/MWh,FR,FR,imbalance_price,Long,2026-06-07T17:42:53Z
2026-06-07T17:41:56Z,2026-06-07T19:41:56+0200,9fbaedea-27ef-4990-85cf-49287850296c,2026-05-07T21:00:00Z,2026-05-07T23:00:00+0200,199.2,EUR/MWh,FR,FR,imbalance_price,Short,2026-06-07T17:42:53Z
2026-06-07T17:41:56Z,2026-06-07T19:41:56+0200,9fbaedea-27ef-4990-85cf-49287850296c,2026-05-07T21:15:00Z,2026-05-07T23:15:00+0200,216.62,EUR/MWh,FR,FR,imbalance_price,Long,2026-06-07T17:42:53Z
2026-06-07T17:41:56Z,2026-06-07T19:41:56+0200,9fbaedea-27ef-4990-85cf-49287850296c,2026-05-07T21:15:00Z,2026-05-07T23:15:00+0200,256.66,EUR/MWh,FR,FR,imbalance_price,Short,2026-06-07T17:42:53Z
2026-06-07T17:41:56Z,2026-06-07T19:41:56+0200,9fbaedea-27ef-4990-85cf-49287850296c,2026-05-07T21:30:00Z,2026-05-07T23:30:00+0200,174.24,EUR/MWh,FR,FR,imbalance_price,Long,2026-06-07T17:42:53Z
2026-06-07T17:41:56Z,2026-06-07T19:41:56+0200,9fbaedea-27ef-4990-85cf-49287850296c,2026-05-07T21:30:00Z,2026-05-07T23:30:00+0200,206.44,EUR/MWh,FR,FR,imbalance_price,Short,2026-06-07T17:42:53Z
2026-06-07T17:41:56Z,2026-06-07T19:41:56+0200,9fbaedea-27ef-4990-85cf-49287850296c,2026-05-07T21:45:00Z,2026-05-07T23:45:00+0200,210.88,EUR/MWh,FR,FR,imbalance_price,Long,2026-06-07T17:42:53Z
2026-06-07T17:41:56Z,2026-06-07T19:41:56+0200,9fbaedea-27ef-4990-85cf-49287850296c,2026-05-07T21:45:00Z,2026-05-07T23:45:00+0200,249.86,EUR/MWh,FR,FR,imbalance_price,Short,2026-06-07T17:42:53Z
2026-06-07T17:41:56Z,2026-06-07T19:41:56+0200,9fbaedea-27ef-4990-85cf-49287850296c,2026-05-07T22:00:00Z,2026-05-08T00:00:00+0200,112.91,EUR/MWh,FR,FR,imbalance_price,Long,2026-06-07T17:42:53Z
2026-06-07T17:41:56Z,2026-06-07T19:41:56+0200,9fbaedea-27ef-4990-85cf-49287850296c,2026-05-07T22:00:00Z,2026-05-08T00:00:00+0200,133.77,EUR/MWh,FR,FR,imbalance_price,Short,2026-06-07T17:42:53Z
2026-06-07T17:41:56Z,2026-06-07T19:41:56+0200,9fbaedea-27ef-4990-85cf-49287850296c,2026-05-07T22:15:00Z,2026-05-08T00:15:00+0200,122.73,EUR/MWh,FR,FR,imbalance_price,Long,2026-06-07T17:42:53Z
2026-06-07T17:41:56Z,2026-06-07T19:41:56+0200,9fbaedea-27ef-4990-85cf-49287850296c,2026-05-07T22:15:00Z,2026-05-08T00:15:00+0200,145.41,EUR/MWh,FR,FR,imbalance_price,Short,2026-06-07T17:42:53Z
2026-06-07T17:41:56Z,2026-06-07T19:41:56+0200,9fbaedea-27ef-4990-85cf-49287850296c,2026-05-07T22:30:00Z,2026-05-08T00:30:00+0200,130.44,EUR/MWh,FR,FR,imbalance_price,Long,2026-06-07T17:42:53Z
2026-06-07T17:41:56Z,2026-06-07T19:41:56+0200,9fbaedea-27ef-4990-85cf-49287850296c,2026-05-07T22:30:00Z,2026-05-08T00:30:00+0200,154.54,EUR/MWh,FR,FR,imbalance_price,Short,2026-06-07T17:42:53Z
2026-06-07T17:41:56Z,2026-06-07T19:41:56+0200,9fbaedea-27ef-4990-85cf-49287850296c,2026-05-07T22:45:00Z,2026-05-08T00:45:00+0200,137.61,EUR/MWh,FR,FR,imbalance_price,Long,2026-06-07T17:42:53Z
2026-06-07T17:41:56Z,2026-06-07T19:41:56+0200,9fbaedea-27ef-4990-85cf-49287850296c,2026-05-07T22:45:00Z,2026-05-08T00:45:00+0200,163.05,EUR/MWh,FR,FR,imbalance_price,Short,2026-06-07T17:42:53Z
2026-06-07T17:41:56Z,2026-06-07T19:41:56+0200,9fbaedea-27ef-4990-85cf-49287850296c,2026-05-07T23:00:00Z,2026-05-08T01:00:00+0200,150.33,EUR/MWh,FR,FR,imbalance_price,Long,2026-06-07T17:42:53Z
2026-06-07T17:41:56Z,2026-06-07T19:41:56+0200,9fbaedea-27ef-4990-85cf-49287850296c,2026-05-07T23:00:00Z,2026-05-08T01:00:00+0200,178.11,EUR/MWh,FR,FR,imbalance_price,Short,2026-06-07T17:42:53Z
2026-06-07T17:41:56Z,2026-06-07T19:41:56+0200,9fbaedea-27ef-4990-85cf-49287850296c,2026-05-07T23:15:00Z,2026-05-08T01:15:00+0200,150.35,EUR/MWh,FR,FR,imbalance_price,Long,2026-06-07T17:42:53Z
2026-06-07T17:41:56Z,2026-06-07T19:41:56+0200,9fbaedea-27ef-4990-85cf-49287850296c,2026-05-07T23:15:00Z,2026-05-08T01:15:00+0200,178.13,EUR/MWh,FR,FR,imbalance_price,Short,2026-06-07T17:42:53Z
2026-06-07T17:41:56Z,2026-06-07T19:41:56+0200,9fbaedea-27ef-4990-85cf-49287850296c,2026-05-07T23:30:00Z,2026-05-08T01:30:00+0200,149.75,EUR/MWh,FR,FR,imbalance_price,Long,2026-06-07T17:42:53Z
2026-06-07T17:41:56Z,2026-06-07T19:41:56+0200,9fbaedea-27ef-4990-85cf-49287850296c,2026-05-07T23:30:00Z,2026-05-08T01:30:00+0200,177.43,EUR/MWh,FR,FR,imbalance_price,Short,2026-06-07T17:42:53Z
2026-06-07T17:41:56Z,2026-06-07T19:41:56+0200,9fbaedea-27ef-4990-85cf-49287850296c,2026-05-07T23:45:00Z,2026-05-08T01:45:00+0200,150.35,EUR/MWh,FR,FR,imbalance_price,Long,2026-06-07T17:42:53Z
2026-06-07T17:41:56Z,2026-06-07T19:41:56+0200,9fbaedea-27ef-4990-85cf-49287850296c,2026-05-07T23:45:00Z,2026-05-08T01:45:00+0200,178.13,EUR/MWh,FR,FR,imbalance_price,Short,2026-06-07T17:42:53Z
2026-06-07T17:41:56Z,2026-06-07T19:41:56+0200,9fbaedea-27ef-4990-85cf-49287850296c,2026-05-08T00:00:00Z,2026-05-08T02:00:00+0200,143.41,EUR/MWh,FR,FR,imbalance_price,Long,2026-06-07T17:42:53Z
2026-06-07T17:41:56Z,2026-06-07T19:41:56+0200,9fbaedea-27ef-4990-85cf-49287850296c,2026-05-08T00:00:00Z,2026-05-08T02:00:00+0200,169.91,EUR/MWh,FR,FR,imbalance_price,Short,2026-06-07T17:42:53Z
2026-06-07T17:41:56Z,2026-06-07T19:41:56+0200,9fbaedea-27ef-4990-85cf-49287850296c,2026-05-08T00:15:00Z,2026-05-08T02:15:00+0200,142.87,EUR/MWh,FR,FR,imbalance_price,Long,2026-06-07T17:42:53Z
2026-06-07T17:41:56Z,2026-06-07T19:41:56+0200,9fbaedea-27ef-4990-85cf-49287850296c,2026-05-08T00:15:00Z,2026-05-08T02:15:00+0200,169.27,EUR/MWh,FR,FR,imbalance_price,Short,2026-06-07T17:42:53Z
2026-06-07T17:41:56Z,2026-06-07T19:41:56+0200,9fbaedea-27ef-4990-85cf-49287850296c,2026-05-08T00:30:00Z,2026-05-08T02:30:00+0200,140.39,EUR/MWh,FR,FR,imbalance_price,Long,2026-06-07T17:42:53Z
2026-06-07T17:41:56Z,2026-06-07T19:41:56+0200,9fbaedea-27ef-4990-85cf-49287850296c,2026-05-08T00:30:00Z,2026-05-08T02:30:00+0200,166.35,EUR/MWh,FR,FR,imbalance_price,Short,2026-06-07T17:42:53Z
2026-06-07T17:41:56Z,2026-06-07T19:41:56+0200,9fbaedea-27ef-4990-85cf-49287850296c,2026-05-08T00:45:00Z,2026-05-08T02:45:00+0200,137.96,EUR/MWh,FR,FR,imbalance_price,Long,2026-06-07T17:42:53Z
2026-06-07T17:41:56Z,2026-06-07T19:41:56+0200,9fbaedea-27ef-4990-85cf-49287850296c,2026-05-08T00:45:00Z,2026-05-08T02:45:00+0200,163.46,EUR/MWh,FR,FR,imbalance_price,Short,2026-06-07T17:42:53Z
2026-06-07T17:41:56Z,2026-06-07T19:41:56+0200,9fbaedea-27ef-4990-85cf-49287850296c,2026-05-08T01:00:00Z,2026-05-08T03:00:00+0200,129.69,EUR/MWh,FR,FR,imbalance_price,Long,2026-06-07T17:42:53Z
2026-06-07T17:41:56Z,2026-06-07T19:41:56+0200,9fbaedea-27ef-4990-85cf-49287850296c,2026-05-08T01:00:00Z,2026-05-08T03:00:00+0200,153.67,EUR/MWh,FR,FR,imbalance_price,Short,2026-06-07T17:42:53Z
2026-06-07T17:41:56Z,2026-06-07T19:41:56+0200,9fbaedea-27ef-4990-85cf-49287850296c,2026-05-08T01:15:00Z,2026-05-08T03:15:00+0200,116.53,EUR/MWh,FR,FR,imbalance_price,Long,2026-06-07T17:42:53Z
2026-06-07T17:41:56Z,2026-06-07T19:41:56+0200,9fbaedea-27ef-4990-85cf-49287850296c,2026-05-08T01:15:00Z,2026-05-08T03:15:00+0200,138.07,EUR/MWh,FR,FR,imbalance_price,Short,2026-06-07T17:42:53Z
2026-06-07T17:41:56Z,2026-06-07T19:41:56+0200,9fbaedea-27ef-4990-85cf-49287850296c,2026-05-08T01:30:00Z,2026-05-08T03:30:00+0200,106.55,EUR/MWh,FR,FR,imbalance_price,Long,2026-06-07T17:42:53Z
2026-06-07T17:41:56Z,2026-06-07T19:41:56+0200,9fbaedea-27ef-4990-85cf-49287850296c,2026-05-08T01:30:00Z,2026-05-08T03:30:00+0200,126.25,EUR/MWh,FR,FR,imbalance_price,Short,2026-06-07T17:42:53Z
2026-06-07T17:41:56Z,2026-06-07T19:41:56+0200,9fbaedea-27ef-4990-85cf-49287850296c,2026-05-08T01:45:00Z,2026-05-08T03:45:00+0200,85.05,EUR/MWh,FR,FR,imbalance_price,Long,2026-06-07T17:42:53Z
2026-06-07T17:41:56Z,2026-06-07T19:41:56+0200,9fbaedea-27ef-4990-85cf-49287850296c,2026-05-08T01:45:00Z,2026-05-08T03:45:00+0200,100.77,EUR/MWh,FR,FR,imbalance_price,Short,2026-06-07T17:42:53Z
2026-06-07T17:41:56Z,2026-06-07T19:41:56+0200,9fbaedea-27ef-4990-85cf-49287850296c,2026-05-08T02:00:00Z,2026-05-08T04:00:00+0200,81.43,EUR/MWh,FR,FR,imbalance_price,Long,2026-06-07T17:42:53Z
2026-06-07T17:41:56Z,2026-06-07T19:41:56+0200,9fbaedea-27ef-4990-85cf-49287850296c,2026-05-08T02:00:00Z,2026-05-08T04:00:00+0200,96.49,EUR/MWh,FR,FR,imbalance_price,Short,2026-06-07T17:42:53Z
2026-06-07T17:41:56Z,2026-06-07T19:41:56+0200,9fbaedea-27ef-4990-85cf-49287850296c,2026-05-08T02:15:00Z,2026-05-08T04:15:00+0200,81.53,EUR/MWh,FR,FR,imbalance_price,Long,2026-06-07T17:42:53Z
2026-06-07T17:41:56Z,2026-06-07T19:41:56+0200,9fbaedea-27ef-4990-85cf-49287850296c,2026-05-08T02:15:00Z,2026-05-08T04:15:00+0200,96.61,EUR/MWh,FR,FR,imbalance_price,Short,2026-06-07T17:42:53Z
2026-06-07T17:41:56Z,2026-06-07T19:41:56+0200,9fbaedea-27ef-4990-85cf-49287850296c,2026-05-08T02:30:00Z,2026-05-08T04:30:00+0200,80.0,EUR/MWh,FR,FR,imbalance_price,Long,2026-06-07T17:42:53Z
2026-06-07T17:41:56Z,2026-06-07T19:41:56+0200,9fbaedea-27ef-4990-85cf-49287850296c,2026-05-08T02:30:00Z,2026-05-08T04:30:00+0200,94.78,EUR/MWh,FR,FR,imbalance_price,Short,2026-06-07T17:42:53Z
2026-06-07T17:41:56Z,2026-06-07T19:41:56+0200,9fbaedea-27ef-4990-85cf-49287850296c,2026-05-08T02:45:00Z,2026-05-08T04:45:00+0200,83.76,EUR/MWh,FR,FR,imbalance_price,Long,2026-06-07T17:42:53Z
2026-06-07T17:41:56Z,2026-06-07T19:41:56+0200,9fbaedea-27ef-4990-85cf-49287850296c,2026-05-08T02:45:00Z,2026-05-08T04:45:00+0200,99.24,EUR/MWh,FR,FR,imbalance_price,Short,2026-06-07T17:42:53Z
2026-06-07T17:41:56Z,2026-06-07T19:41:56+0200,9fbaedea-27ef-4990-85cf-49287850296c,2026-05-08T03:00:00Z,2026-05-08T05:00:00+0200,87.27,EUR/MWh,FR,FR,imbalance_price,Long,2026-06-07T17:42:53Z
2026-06-07T17:41:56Z,2026-06-07T19:41:56+0200,9fbaedea-27ef-4990-85cf-49287850296c,2026-05-08T03:00:00Z,2026-05-08T05:00:00+0200,103.39,EUR/MWh,FR,FR,imbalance_price,Short,2026-06-07T17:42:53Z
2026-06-07T17:41:56Z,2026-06-07T19:41:56+0200,9fbaedea-27ef-4990-85cf-49287850296c,2026-05-08T03:15:00Z,2026-05-08T05:15:00+0200,85.78,EUR/MWh,FR,FR,imbalance_price,Long,2026-06-07T17:42:53Z
2026-06-07T17:41:56Z,2026-06-07T19:41:56+0200,9fbaedea-27ef-4990-85cf-49287850296c,2026-05-08T03:15:00Z,2026-05-08T05:15:00+0200,101.64,EUR/MWh,FR,FR,imbalance_price,Short,2026-06-07T17:42:53Z
2026-06-07T17:41:56Z,2026-06-07T19:41:56+0200,9fbaedea-27ef-4990-85cf-49287850296c,2026-05-08T03:30:00Z,2026-05-08T05:30:00+0200,85.05,EUR/MWh,FR,FR,imbalance_price,Long,2026-06-07T17:42:53Z
2026-06-07T17:41:56Z,2026-06-07T19:41:56+0200,9fbaedea-27ef-4990-85cf-49287850296c,2026-05-08T03:30:00Z,2026-05-08T05:30:00+0200,100.77,EUR/MWh,FR,FR,imbalance_price,Short,2026-06-07T17:42:53Z
2026-06-07T17:41:56Z,2026-06-07T19:41:56+0200,9fbaedea-27ef-4990-85cf-49287850296c,2026-05-08T03:45:00Z,2026-05-08T05:45:00+0200,84.96,EUR/MWh,FR,FR,imbalance_price,Long,2026-06-07T17:42:53Z
2026-06-07T17:41:56Z,2026-06-07T19:41:56+0200,9fbaedea-27ef-4990-85cf-49287850296c,2026-05-08T03:45:00Z,2026-05-08T05:45:00+0200,100.66,EUR/MWh,FR,FR,imbalance_price,Short,2026-06-07T17:42:53Z
2026-06-07T17:41:56Z,2026-06-07T19:41:56+0200,9fbaedea-27ef-4990-85cf-49287850296c,2026-05-08T04:00:00Z,2026-05-08T06:00:00+0200,141.15,EUR/MWh,FR,FR,imbalance_price,Long,2026-06-07T17:42:53Z
2026-06-07T17:41:56Z,2026-06-07T19:41:56+0200,9fbaedea-27ef-4990-85cf-49287850296c,2026-05-08T04:00:00Z,2026-05-08T06:00:00+0200,167.23,EUR/MWh,FR,FR,imbalance_price,Short,2026-06-07T17:42:53Z
2026-06-07T17:41:56Z,2026-06-07T19:41:56+0200,9fbaedea-27ef-4990-85cf-49287850296c,2026-05-08T04:15:00Z,2026-05-08T06:15:00+0200,132.64,EUR/MWh,FR,FR,imbalance_price,Long,2026-06-07T17:42:53Z
2026-06-07T17:41:56Z,2026-06-07T19:41:56+0200,9fbaedea-27ef-4990-85cf-49287850296c,2026-05-08T04:15:00Z,2026-05-08T06:15:00+0200,157.16,EUR/MWh,FR,FR,imbalance_price,Short,2026-06-07T17:42:53Z
2026-06-07T17:41:56Z,2026-06-07T19:41:56+0200,9fbaedea-27ef-4990-85cf-49287850296c,2026-05-08T04:30:00Z,2026-05-08T06:30:00+0200,127.63,EUR/MWh,FR,FR,imbalance_price,Long,2026-06-07T17:42:53Z
2026-06-07T17:41:56Z,2026-06-07T19:41:56+0200,9fbaedea-27ef-4990-85cf-49287850296c,2026-05-08T04:30:00Z,2026-05-08T06:30:00+0200,151.21,EUR/MWh,FR,FR,imbalance_price,Short,2026-06-07T17:42:53Z
2026-06-07T17:41:56Z,2026-06-07T19:41:56+0200,9fbaedea-27ef-4990-85cf-49287850296c,2026-05-08T04:45:00Z,2026-05-08T06:45:00+0200,127.93,EUR/MWh,FR,FR,imbalance_price,Long,2026-06-07T17:42:53Z
2026-06-07T17:41:56Z,2026-06-07T19:41:56+0200,9fbaedea-27ef-4990-85cf-49287850296c,2026-05-08T04:45:00Z,2026-05-08T06:45:00+0200,151.57,EUR/MWh,FR,FR,imbalance_price,Short,2026-06-07T17:42:53Z
2026-06-07T17:41:56Z,2026-06-07T19:41:56+0200,9fbaedea-27ef-4990-85cf-49287850296c,2026-05-08T05:00:00Z,2026-05-08T07:00:00+0200,158.78,EUR/MWh,FR,FR,imbalance_price,Long,2026-06-07T17:42:53Z
2026-06-07T17:41:56Z,2026-06-07T19:41:56+0200,9fbaedea-27ef-4990-85cf-49287850296c,2026-05-08T05:00:00Z,2026-05-08T07:00:00+0200,188.12,EUR/MWh,FR,FR,imbalance_price,Short,2026-06-07T17:42:53Z
2026-06-07T17:41:56Z,2026-06-07T19:41:56+0200,9fbaedea-27ef-4990-85cf-49287850296c,2026-05-08T05:15:00Z,2026-05-08T07:15:00+0200,187.1,EUR/MWh,FR,FR,imbalance_price,Long,2026-06-07T17:42:53Z
2026-06-07T17:41:56Z,2026-06-07T19:41:56+0200,9fbaedea-27ef-4990-85cf-49287850296c,2026-05-08T05:15:00Z,2026-05-08T07:15:00+0200,221.68,EUR/MWh,FR,FR,imbalance_price,Short,2026-06-07T17:42:53Z
2026-06-07T17:41:56Z,2026-06-07T19:41:56+0200,9fbaedea-27ef-4990-85cf-49287850296c,2026-05-08T05:30:00Z,2026-05-08T07:30:00+0200,179.48,EUR/MWh,FR,FR,imbalance_price,Long,2026-06-07T17:42:53Z
2026-06-07T17:41:56Z,2026-06-07T19:41:56+0200,9fbaedea-27ef-4990-85cf-49287850296c,2026-05-08T05:30:00Z,2026-05-08T07:30:00+0200,212.66,EUR/MWh,FR,FR,imbalance_price,Short,2026-06-07T17:42:53Z
2026-06-07T17:41:56Z,2026-06-07T19:41:56+0200,9fbaedea-27ef-4990-85cf-49287850296c,2026-05-08T05:45:00Z,2026-05-08T07:45:00+0200,187.38,EUR/MWh,FR,FR,imbalance_price,Long,2026-06-07T17:42:53Z
2026-06-07T17:41:56Z,2026-06-07T19:41:56+0200,9fbaedea-27ef-4990-85cf-49287850296c,2026-05-08T05:45:00Z,2026-05-08T07:45:00+0200,222.02,EUR/MWh,FR,FR,imbalance_price,Short,2026-06-07T17:42:53Z
2026-06-07T17:41:56Z,2026-06-07T19:41:56+0200,9fbaedea-27ef-4990-85cf-49287850296c,2026-05-08T06:00:00Z,2026-05-08T08:00:00+0200,171.75,EUR/MWh,FR,FR,imbalance_price,Long,2026-06-07T17:42:53Z
2026-06-07T17:41:56Z,2026-06-07T19:41:56+0200,9fbaedea-27ef-4990-85cf-49287850296c,2026-05-08T06:00:00Z,2026-05-08T08:00:00+0200,203.49,EUR/MWh,FR,FR,imbalance_price,Short,2026-06-07T17:42:53Z
2026-06-07T17:41:56Z,2026-06-07T19:41:56+0200,9fbaedea-27ef-4990-85cf-49287850296c,2026-05-08T06:15:00Z,2026-05-08T08:15:00+0200,163.77,EUR/MWh,FR,FR,imbalance_price,Long,2026-06-07T17:42:53Z
2026-06-07T17:41:56Z,2026-06-07T19:41:56+0200,9fbaedea-27ef-4990-85cf-49287850296c,2026-05-08T06:15:00Z,2026-05-08T08:15:00+0200,194.03,EUR/MWh,FR,FR,imbalance_price,Short,2026-06-07T17:42:53Z
2026-06-07T17:41:56Z,2026-06-07T19:41:56+0200,9fbaedea-27ef-4990-85cf-49287850296c,2026-05-08T06:30:00Z,2026-05-08T08:30:00+0200,167.74,EUR/MWh,FR,FR,imbalance_price,Long,2026-06-07T17:42:53Z
2026-06-07T17:41:56Z,2026-06-07T19:41:56+0200,9fbaedea-27ef-4990-85cf-49287850296c,2026-05-08T06:30:00Z,2026-05-08T08:30:00+0200,198.74,EUR/MWh,FR,FR,imbalance_price,Short,2026-06-07T17:42:53Z
2026-06-07T17:41:56Z,2026-06-07T19:41:56+0200,9fbaedea-27ef-4990-85cf-49287850296c,2026-05-08T06:45:00Z,2026-05-08T08:45:00+0200,138.96,EUR/MWh,FR,FR,imbalance_price,Long,2026-06-07T17:42:53Z
2026-06-07T17:41:56Z,2026-06-07T19:41:56+0200,9fbaedea-27ef-4990-85cf-49287850296c,2026-05-08T06:45:00Z,2026-05-08T08:45:00+0200,164.64,EUR/MWh,FR,FR,imbalance_price,Short,2026-06-07T17:42:53Z
2026-06-07T17:41:56Z,2026-06-07T19:41:56+0200,9fbaedea-27ef-4990-85cf-49287850296c,2026-05-08T07:00:00Z,2026-05-08T09:00:00+0200,109.77,EUR/MWh,FR,FR,imbalance_price,Long,2026-06-07T17:42:53Z
2026-06-07T17:41:56Z,2026-06-07T19:41:56+0200,9fbaedea-27ef-4990-85cf-49287850296c,2026-05-08T07:00:00Z,2026-05-08T09:00:00+0200,130.07,EUR/MWh,FR,FR,imbalance_price,Short,2026-06-07T17:42:53Z
2026-06-07T17:41:56Z,2026-06-07T19:41:56+0200,9fbaedea-27ef-4990-85cf-49287850296c,2026-05-08T07:15:00Z,2026-05-08T09:15:00+0200,126.43,EUR/MWh,FR,FR,imbalance_price,Long,2026-06-07T17:42:53Z
2026-06-07T17:41:56Z,2026-06-07T19:41:56+0200,9fbaedea-27ef-4990-85cf-49287850296c,2026-05-08T07:15:00Z,2026-05-08T09:15:00+0200,149.79,EUR/MWh,FR,FR,imbalance_price,Short,2026-06-07T17:42:53Z
2026-06-07T17:41:56Z,2026-06-07T19:41:56+0200,9fbaedea-27ef-4990-85cf-49287850296c,2026-05-08T07:30:00Z,2026-05-08T09:30:00+0200,-266.59,EUR/MWh,FR,FR,imbalance_price,Long,2026-06-07T17:42:53Z
2026-06-07T17:41:56Z,2026-06-07T19:41:56+0200,9fbaedea-27ef-4990-85cf-49287850296c,2026-05-08T07:30:00Z,2026-05-08T09:30:00+0200,-225.01,EUR/MWh,FR,FR,imbalance_price,Short,2026-06-07T17:42:53Z
2026-06-07T17:41:56Z,2026-06-07T19:41:56+0200,9fbaedea-27ef-4990-85cf-49287850296c,2026-05-08T07:45:00Z,2026-05-08T09:45:00+0200,-120.88,EUR/MWh,FR,FR,imbalance_price,Long,2026-06-07T17:42:53Z
2026-06-07T17:41:56Z,2026-06-07T19:41:56+0200,9fbaedea-27ef-4990-85cf-49287850296c,2026-05-08T07:45:00Z,2026-05-08T09:45:00+0200,-102.02,EUR/MWh,FR,FR,imbalance_price,Short,2026-06-07T17:42:53Z
2026-06-07T17:41:56Z,2026-06-07T19:41:56+0200,9fbaedea-27ef-4990-85cf-49287850296c,2026-05-08T08:00:00Z,2026-05-08T10:00:00+0200,8.0,EUR/MWh,FR,FR,imbalance_price,Long,2026-06-07T17:42:53Z
2026-06-07T17:41:56Z,2026-06-07T19:41:56+0200,9fbaedea-27ef-4990-85cf-49287850296c,2026-05-08T08:00:00Z,2026-05-08T10:00:00+0200,9.48,EUR/MWh,FR,FR,imbalance_price,Short,2026-06-07T17:42:53Z
2026-06-07T17:41:56Z,2026-06-07T19:41:56+0200,9fbaedea-27ef-4990-85cf-49287850296c,2026-05-08T08:15:00Z,2026-05-08T10:15:00+0200,8.09,EUR/MWh,FR,FR,imbalance_price,Long,2026-06-07T17:42:53Z
2026-06-07T17:41:56Z,2026-06-07T19:41:56+0200,9fbaedea-27ef-4990-85cf-49287850296c,2026-05-08T08:15:00Z,2026-05-08T10:15:00+0200,9.59,EUR/MWh,FR,FR,imbalance_price,Short,2026-06-07T17:42:53Z
2026-06-07T17:41:56Z,2026-06-07T19:41:56+0200,9fbaedea-27ef-4990-85cf-49287850296c,2026-05-08T08:30:00Z,2026-05-08T10:30:00+0200,12.8,EUR/MWh,FR,FR,imbalance_price,Long,2026-06-07T17:42:53Z
2026-06-07T17:41:56Z,2026-06-07T19:41:56+0200,9fbaedea-27ef-4990-85cf-49287850296c,2026-05-08T08:30:00Z,2026-05-08T10:30:00+0200,15.16,EUR/MWh,FR,FR,imbalance_price,Short,2026-06-07T17:42:53Z
2026-06-07T17:41:56Z,2026-06-07T19:41:56+0200,9fbaedea-27ef-4990-85cf-49287850296c,2026-05-08T08:45:00Z,2026-05-08T10:45:00+0200,13.09,EUR/MWh,FR,FR,imbalance_price,Long,2026-06-07T17:42:53Z
2026-06-07T17:41:56Z,2026-06-07T19:41:56+0200,9fbaedea-27ef-4990-85cf-49287850296c,2026-05-08T08:45:00Z,2026-05-08T10:45:00+0200,15.51,EUR/MWh,FR,FR,imbalance_price,Short,2026-06-07T17:42:53Z
2026-06-07T17:41:56Z,2026-06-07T19:41:56+0200,9fbaedea-27ef-4990-85cf-49287850296c,2026-05-08T09:00:00Z,2026-05-08T11:00:00+0200,12.8,EUR/MWh,FR,FR,imbalance_price,Long,2026-06-07T17:42:53Z
2026-06-07T17:41:56Z,2026-06-07T19:41:56+0200,9fbaedea-27ef-4990-85cf-49287850296c,2026-05-08T09:00:00Z,2026-05-08T11:00:00+0200,15.16,EUR/MWh,FR,FR,imbalance_price,Short,2026-06-07T17:42:53Z
2026-06-07T17:41:56Z,2026-06-07T19:41:56+0200,9fbaedea-27ef-4990-85cf-49287850296c,2026-05-08T09:15:00Z,2026-05-08T11:15:00+0200,-12.91,EUR/MWh,FR,FR,imbalance_price,Long,2026-06-07T17:42:53Z
2026-06-07T17:41:56Z,2026-06-07T19:41:56+0200,9fbaedea-27ef-4990-85cf-49287850296c,2026-05-08T09:15:00Z,2026-05-08T11:15:00+0200,-10.89,EUR/MWh,FR,FR,imbalance_price,Short,2026-06-07T17:42:53Z
2026-06-07T17:41:56Z,2026-06-07T19:41:56+0200,9fbaedea-27ef-4990-85cf-49287850296c,2026-05-08T09:30:00Z,2026-05-08T11:30:00+0200,-12.98,EUR/MWh,FR,FR,imbalance_price,Long,2026-06-07T17:42:53Z
2026-06-07T17:41:56Z,2026-06-07T19:41:56+0200,9fbaedea-27ef-4990-85cf-49287850296c,2026-05-08T09:30:00Z,2026-05-08T11:30:00+0200,-10.96,EUR/MWh,FR,FR,imbalance_price,Short,2026-06-07T17:42:53Z
2026-06-07T17:41:56Z,2026-06-07T19:41:56+0200,9fbaedea-27ef-4990-85cf-49287850296c,2026-05-08T09:45:00Z,2026-05-08T11:45:00+0200,26.64,EUR/MWh,FR,FR,imbalance_price,Long,2026-06-07T17:42:53Z
2026-06-07T17:41:56Z,2026-06-07T19:41:56+0200,9fbaedea-27ef-4990-85cf-49287850296c,2026-05-08T09:45:00Z,2026-05-08T11:45:00+0200,31.56,EUR/MWh,FR,FR,imbalance_price,Short,2026-06-07T17:42:53Z
2026-06-07T17:41:56Z,2026-06-07T19:41:56+0200,9fbaedea-27ef-4990-85cf-49287850296c,2026-05-08T10:00:00Z,2026-05-08T12:00:00+0200,54.31,EUR/MWh,FR,FR,imbalance_price,Long,2026-06-07T17:42:53Z
2026-06-07T17:41:56Z,2026-06-07T19:41:56+0200,9fbaedea-27ef-4990-85cf-49287850296c,2026-05-08T10:00:00Z,2026-05-08T12:00:00+0200,64.35,EUR/MWh,FR,FR,imbalance_price,Short,2026-06-07T17:42:53Z
2026-06-07T17:41:56Z,2026-06-07T19:41:56+0200,9fbaedea-27ef-4990-85cf-49287850296c,2026-05-08T10:15:00Z,2026-05-08T12:15:00+0200,48.09,EUR/MWh,FR,FR,imbalance_price,Long,2026-06-07T17:42:53Z
2026-06-07T17:41:56Z,2026-06-07T19:41:56+0200,9fbaedea-27ef-4990-85cf-49287850296c,2026-05-08T10:15:00Z,2026-05-08T12:15:00+0200,56.97,EUR/MWh,FR,FR,imbalance_price,Short,2026-06-07T17:42:53Z
2026-06-07T17:41:56Z,2026-06-07T19:41:56+0200,9fbaedea-27ef-4990-85cf-49287850296c,2026-05-08T10:30:00Z,2026-05-08T12:30:00+0200,56.46,EUR/MWh,FR,FR,imbalance_price,Long,2026-06-07T17:42:53Z
2026-06-07T17:41:56Z,2026-06-07T19:41:56+0200,9fbaedea-27ef-4990-85cf-49287850296c,2026-05-08T10:30:00Z,2026-05-08T12:30:00+0200,66.9,EUR/MWh,FR,FR,imbalance_price,Short,2026-06-07T17:42:53Z
2026-06-07T17:41:56Z,2026-06-07T19:41:56+0200,9fbaedea-27ef-4990-85cf-49287850296c,2026-05-08T10:45:00Z,2026-05-08T12:45:00+0200,63.57,EUR/MWh,FR,FR,imbalance_price,Long,2026-06-07T17:42:53Z
2026-06-07T17:41:56Z,2026-06-07T19:41:56+0200,9fbaedea-27ef-4990-85cf-49287850296c,2026-05-08T10:45:00Z,2026-05-08T12:45:00+0200,75.33,EUR/MWh,FR,FR,imbalance_price,Short,2026-06-07T17:42:53Z
2026-06-07T17:41:56Z,2026-06-07T19:41:56+0200,9fbaedea-27ef-4990-85cf-49287850296c,2026-05-08T11:00:00Z,2026-05-08T13:00:00+0200,50.52,EUR/MWh,FR,FR,imbalance_price,Long,2026-06-07T17:42:53Z
2026-06-07T17:41:56Z,2026-06-07T19:41:56+0200,9fbaedea-27ef-4990-85cf-49287850296c,2026-05-08T11:00:00Z,2026-05-08T13:00:00+0200,59.86,EUR/MWh,FR,FR,imbalance_price,Short,2026-06-07T17:42:53Z
2026-06-07T17:41:56Z,2026-06-07T19:41:56+0200,9fbaedea-27ef-4990-85cf-49287850296c,2026-05-08T11:15:00Z,2026-05-08T13:15:00+0200,25.2,EUR/MWh,FR,FR,imbalance_price,Long,2026-06-07T17:42:53Z
2026-06-07T17:41:56Z,2026-06-07T19:41:56+0200,9fbaedea-27ef-4990-85cf-49287850296c,2026-05-08T11:15:00Z,2026-05-08T13:15:00+0200,29.86,EUR/MWh,FR,FR,imbalance_price,Short,2026-06-07T17:42:53Z
2026-06-07T17:41:56Z,2026-06-07T19:41:56+0200,9fbaedea-27ef-4990-85cf-49287850296c,2026-05-08T11:30:00Z,2026-05-08T13:30:00+0200,7.29,EUR/MWh,FR,FR,imbalance_price,Long,2026-06-07T17:42:53Z
2026-06-07T17:41:56Z,2026-06-07T19:41:56+0200,9fbaedea-27ef-4990-85cf-49287850296c,2026-05-08T11:30:00Z,2026-05-08T13:30:00+0200,8.63,EUR/MWh,FR,FR,imbalance_price,Short,2026-06-07T17:42:53Z
2026-06-07T17:41:56Z,2026-06-07T19:41:56+0200,9fbaedea-27ef-4990-85cf-49287850296c,2026-05-08T11:45:00Z,2026-05-08T13:45:00+0200,1.93,EUR/MWh,FR,FR,imbalance_price,Long,2026-06-07T17:42:53Z
2026-06-07T17:41:56Z,2026-06-07T19:41:56+0200,9fbaedea-27ef-4990-85cf-49287850296c,2026-05-08T11:45:00Z,2026-05-08T13:45:00+0200,2.29,EUR/MWh,FR,FR,imbalance_price,Short,2026-06-07T17:42:53Z
2026-06-07T17:41:56Z,2026-06-07T19:41:56+0200,9fbaedea-27ef-4990-85cf-49287850296c,2026-05-08T12:00:00Z,2026-05-08T14:00:00+0200,-0.23,EUR/MWh,FR,FR,imbalance_price,Long,2026-06-07T17:42:53Z
2026-06-07T17:41:56Z,2026-06-07T19:41:56+0200,9fbaedea-27ef-4990-85cf-49287850296c,2026-05-08T12:00:00Z,2026-05-08T14:00:00+0200,-0.19,EUR/MWh,FR,FR,imbalance_price,Short,2026-06-07T17:42:53Z
2026-06-07T17:41:56Z,2026-06-07T19:41:56+0200,9fbaedea-27ef-4990-85cf-49287850296c,2026-05-08T12:15:00Z,2026-05-08T14:15:00+0200,22.56,EUR/MWh,FR,FR,imbalance_price,Long,2026-06-07T17:42:53Z
2026-06-07T17:41:56Z,2026-06-07T19:41:56+0200,9fbaedea-27ef-4990-85cf-49287850296c,2026-05-08T12:15:00Z,2026-05-08T14:15:00+0200,26.74,EUR/MWh,FR,FR,imbalance_price,Short,2026-06-07T17:42:53Z
2026-06-07T17:41:56Z,2026-06-07T19:41:56+0200,9fbaedea-27ef-4990-85cf-49287850296c,2026-05-08T12:30:00Z,2026-05-08T14:30:00+0200,75.8,EUR/MWh,FR,FR,imbalance_price,Long,2026-06-07T17:42:53Z
2026-06-07T17:41:56Z,2026-06-07T19:41:56+0200,9fbaedea-27ef-4990-85cf-49287850296c,2026-05-08T12:30:00Z,2026-05-08T14:30:00+0200,89.8,EUR/MWh,FR,FR,imbalance_price,Short,2026-06-07T17:42:53Z
2026-06-07T17:41:56Z,2026-06-07T19:41:56+0200,9fbaedea-27ef-4990-85cf-49287850296c,2026-05-08T12:45:00Z,2026-05-08T14:45:00+0200,42.39,EUR/MWh,FR,FR,imbalance_price,Long,2026-06-07T17:42:53Z
2026-06-07T17:41:56Z,2026-06-07T19:41:56+0200,9fbaedea-27ef-4990-85cf-49287850296c,2026-05-08T12:45:00Z,2026-05-08T14:45:00+0200,50.23,EUR/MWh,FR,FR,imbalance_price,Short,2026-06-07T17:42:53Z
2026-06-07T17:41:56Z,2026-06-07T19:41:56+0200,9fbaedea-27ef-4990-85cf-49287850296c,2026-05-08T13:00:00Z,2026-05-08T15:00:00+0200,13.26,EUR/MWh,FR,FR,imbalance_price,Long,2026-06-07T17:42:53Z
2026-06-07T17:41:56Z,2026-06-07T19:41:56+0200,9fbaedea-27ef-4990-85cf-49287850296c,2026-05-08T13:00:00Z,2026-05-08T15:00:00+0200,15.72,EUR/MWh,FR,FR,imbalance_price,Short,2026-06-07T17:42:53Z
2026-06-07T17:41:56Z,2026-06-07T19:41:56+0200,9fbaedea-27ef-4990-85cf-49287850296c,2026-05-08T13:15:00Z,2026-05-08T15:15:00+0200,17.97,EUR/MWh,FR,FR,imbalance_price,Long,2026-06-07T17:42:53Z
2026-06-07T17:41:56Z,2026-06-07T19:41:56+0200,9fbaedea-27ef-4990-85cf-49287850296c,2026-05-08T13:15:00Z,2026-05-08T15:15:00+0200,21.29,EUR/MWh,FR,FR,imbalance_price,Short,2026-06-07T17:42:53Z
2026-06-07T17:41:56Z,2026-06-07T19:41:56+0200,9fbaedea-27ef-4990-85cf-49287850296c,2026-05-08T13:30:00Z,2026-05-08T15:30:00+0200,10.67,EUR/MWh,FR,FR,imbalance_price,Long,2026-06-07T17:42:53Z
2026-06-07T17:41:56Z,2026-06-07T19:41:56+0200,9fbaedea-27ef-4990-85cf-49287850296c,2026-05-08T13:30:00Z,2026-05-08T15:30:00+0200,12.65,EUR/MWh,FR,FR,imbalance_price,Short,2026-06-07T17:42:53Z
2026-06-07T17:41:56Z,2026-06-07T19:41:56+0200,9fbaedea-27ef-4990-85cf-49287850296c,2026-05-08T13:45:00Z,2026-05-08T15:45:00+0200,5.27,EUR/MWh,FR,FR,imbalance_price,Long,2026-06-07T17:42:53Z
2026-06-07T17:41:56Z,2026-06-07T19:41:56+0200,9fbaedea-27ef-4990-85cf-49287850296c,2026-05-08T13:45:00Z,2026-05-08T15:45:00+0200,6.25,EUR/MWh,FR,FR,imbalance_price,Short,2026-06-07T17:42:53Z
2026-06-07T17:41:56Z,2026-06-07T19:41:56+0200,9fbaedea-27ef-4990-85cf-49287850296c,2026-05-08T14:00:00Z,2026-05-08T16:00:00+0200,16.14,EUR/MWh,FR,FR,imbalance_price,Long,2026-06-07T17:42:53Z
2026-06-07T17:41:56Z,2026-06-07T19:41:56+0200,9fbaedea-27ef-4990-85cf-49287850296c,2026-05-08T14:00:00Z,2026-05-08T16:00:00+0200,19.12,EUR/MWh,FR,FR,imbalance_price,Short,2026-06-07T17:42:53Z
2026-06-07T17:41:56Z,2026-06-07T19:41:56+0200,9fbaedea-27ef-4990-85cf-49287850296c,2026-05-08T14:15:00Z,2026-05-08T16:15:00+0200,-82.84,EUR/MWh,FR,FR,imbalance_price,Long,2026-06-07T17:42:53Z
2026-06-07T17:41:56Z,2026-06-07T19:41:56+0200,9fbaedea-27ef-4990-85cf-49287850296c,2026-05-08T14:15:00Z,2026-05-08T16:15:00+0200,-69.92,EUR/MWh,FR,FR,imbalance_price,Short,2026-06-07T17:42:53Z
2026-06-07T17:41:56Z,2026-06-07T19:41:56+0200,9fbaedea-27ef-4990-85cf-49287850296c,2026-05-08T14:30:00Z,2026-05-08T16:30:00+0200,1.2,EUR/MWh,FR,FR,imbalance_price,Long,2026-06-07T17:42:53Z
2026-06-07T17:41:56Z,2026-06-07T19:41:56+0200,9fbaedea-27ef-4990-85cf-49287850296c,2026-05-08T14:30:00Z,2026-05-08T16:30:00+0200,1.42,EUR/MWh,FR,FR,imbalance_price,Short,2026-06-07T17:42:53Z
2026-06-07T17:41:56Z,2026-06-07T19:41:56+0200,9fbaedea-27ef-4990-85cf-49287850296c,2026-05-08T14:45:00Z,2026-05-08T16:45:00+0200,11.85,EUR/MWh,FR,FR,imbalance_price,Long,2026-06-07T17:42:53Z
2026-06-07T17:41:56Z,2026-06-07T19:41:56+0200,9fbaedea-27ef-4990-85cf-49287850296c,2026-05-08T14:45:00Z,2026-05-08T16:45:00+0200,14.03,EUR/MWh,FR,FR,imbalance_price,Short,2026-06-07T17:42:53Z
2026-06-07T17:41:56Z,2026-06-07T19:41:56+0200,9fbaedea-27ef-4990-85cf-49287850296c,2026-05-08T15:00:00Z,2026-05-08T17:00:00+0200,12.97,EUR/MWh,FR,FR,imbalance_price,Long,2026-06-07T17:42:53Z
2026-06-07T17:41:56Z,2026-06-07T19:41:56+0200,9fbaedea-27ef-4990-85cf-49287850296c,2026-05-08T15:00:00Z,2026-05-08T17:00:00+0200,15.37,EUR/MWh,FR,FR,imbalance_price,Short,2026-06-07T17:42:53Z
2026-06-07T17:41:56Z,2026-06-07T19:41:56+0200,9fbaedea-27ef-4990-85cf-49287850296c,2026-05-08T15:15:00Z,2026-05-08T17:15:00+0200,6.16,EUR/MWh,FR,FR,imbalance_price,Long,2026-06-07T17:42:53Z
2026-06-07T17:41:56Z,2026-06-07T19:41:56+0200,9fbaedea-27ef-4990-85cf-49287850296c,2026-05-08T15:15:00Z,2026-05-08T17:15:00+0200,7.3,EUR/MWh,FR,FR,imbalance_price,Short,2026-06-07T17:42:53Z
2026-06-07T17:41:56Z,2026-06-07T19:41:56+0200,9fbaedea-27ef-4990-85cf-49287850296c,2026-05-08T15:30:00Z,2026-05-08T17:30:00+0200,9.6,EUR/MWh,FR,FR,imbalance_price,Long,2026-06-07T17:42:53Z
2026-06-07T17:41:56Z,2026-06-07T19:41:56+0200,9fbaedea-27ef-4990-85cf-49287850296c,2026-05-08T15:30:00Z,2026-05-08T17:30:00+0200,11.38,EUR/MWh,FR,FR,imbalance_price,Short,2026-06-07T17:42:53Z
2026-06-07T17:41:56Z,2026-06-07T19:41:56+0200,9fbaedea-27ef-4990-85cf-49287850296c,2026-05-08T15:45:00Z,2026-05-08T17:45:00+0200,9.73,EUR/MWh,FR,FR,imbalance_price,Long,2026-06-07T17:42:53Z
2026-06-07T17:41:56Z,2026-06-07T19:41:56+0200,9fbaedea-27ef-4990-85cf-49287850296c,2026-05-08T15:45:00Z,2026-05-08T17:45:00+0200,11.53,EUR/MWh,FR,FR,imbalance_price,Short,2026-06-07T17:42:53Z
2026-06-07T17:41:56Z,2026-06-07T19:41:56+0200,9fbaedea-27ef-4990-85cf-49287850296c,2026-05-08T16:00:00Z,2026-05-08T18:00:00+0200,13.65,EUR/MWh,FR,FR,imbalance_price,Long,2026-06-07T17:42:53Z
2026-06-07T17:41:56Z,2026-06-07T19:41:56+0200,9fbaedea-27ef-4990-85cf-49287850296c,2026-05-08T16:00:00Z,2026-05-08T18:00:00+0200,16.17,EUR/MWh,FR,FR,imbalance_price,Short,2026-06-07T17:42:53Z
2026-06-07T17:41:56Z,2026-06-07T19:41:56+0200,9fbaedea-27ef-4990-85cf-49287850296c,2026-05-08T16:15:00Z,2026-05-08T18:15:00+0200,14.88,EUR/MWh,FR,FR,imbalance_price,Long,2026-06-07T17:42:53Z
2026-06-07T17:41:56Z,2026-06-07T19:41:56+0200,9fbaedea-27ef-4990-85cf-49287850296c,2026-05-08T16:15:00Z,2026-05-08T18:15:00+0200,17.64,EUR/MWh,FR,FR,imbalance_price,Short,2026-06-07T17:42:53Z
2026-06-07T17:41:56Z,2026-06-07T19:41:56+0200,9fbaedea-27ef-4990-85cf-49287850296c,2026-05-08T16:30:00Z,2026-05-08T18:30:00+0200,16.19,EUR/MWh,FR,FR,imbalance_price,Long,2026-06-07T17:42:53Z
2026-06-07T17:41:56Z,2026-06-07T19:41:56+0200,9fbaedea-27ef-4990-85cf-49287850296c,2026-05-08T16:30:00Z,2026-05-08T18:30:00+0200,19.19,EUR/MWh,FR,FR,imbalance_price,Short,2026-06-07T17:42:53Z
2026-06-07T17:41:56Z,2026-06-07T19:41:56+0200,9fbaedea-27ef-4990-85cf-49287850296c,2026-05-08T16:45:00Z,2026-05-08T18:45:00+0200,18.63,EUR/MWh,FR,FR,imbalance_price,Long,2026-06-07T17:42:53Z
2026-06-07T17:41:56Z,2026-06-07T19:41:56+0200,9fbaedea-27ef-4990-85cf-49287850296c,2026-05-08T16:45:00Z,2026-05-08T18:45:00+0200,22.07,EUR/MWh,FR,FR,imbalance_price,Short,2026-06-07T17:42:53Z
2026-06-07T17:41:56Z,2026-06-07T19:41:56+0200,9fbaedea-27ef-4990-85cf-49287850296c,2026-05-08T17:00:00Z,2026-05-08T19:00:00+0200,25.09,EUR/MWh,FR,FR,imbalance_price,Long,2026-06-07T17:42:53Z
2026-06-07T17:41:56Z,2026-06-07T19:41:56+0200,9fbaedea-27ef-4990-85cf-49287850296c,2026-05-08T17:00:00Z,2026-05-08T19:00:00+0200,29.73,EUR/MWh,FR,FR,imbalance_price,Short,2026-06-07T17:42:53Z
2026-06-07T17:41:56Z,2026-06-07T19:41:56+0200,9fbaedea-27ef-4990-85cf-49287850296c,2026-05-08T17:15:00Z,2026-05-08T19:15:00+0200,49.1,EUR/MWh,FR,FR,imbalance_price,Long,2026-06-07T17:42:53Z
2026-06-07T17:41:56Z,2026-06-07T19:41:56+0200,9fbaedea-27ef-4990-85cf-49287850296c,2026-05-08T17:15:00Z,2026-05-08T19:15:00+0200,58.18,EUR/MWh,FR,FR,imbalance_price,Short,2026-06-07T17:42:53Z
2026-06-07T17:41:56Z,2026-06-07T19:41:56+0200,9fbaedea-27ef-4990-85cf-49287850296c,2026-05-08T17:30:00Z,2026-05-08T19:30:00+0200,34.55,EUR/MWh,FR,FR,imbalance_price,Long,2026-06-07T17:42:53Z
2026-06-07T17:41:56Z,2026-06-07T19:41:56+0200,9fbaedea-27ef-4990-85cf-49287850296c,2026-05-08T17:30:00Z,2026-05-08T19:30:00+0200,40.93,EUR/MWh,FR,FR,imbalance_price,Short,2026-06-07T17:42:53Z
2026-06-07T17:41:56Z,2026-06-07T19:41:56+0200,9fbaedea-27ef-4990-85cf-49287850296c,2026-05-08T17:45:00Z,2026-05-08T19:45:00+0200,115.77,EUR/MWh,FR,FR,imbalance_price,Long,2026-06-07T17:42:53Z
2026-06-07T17:41:56Z,2026-06-07T19:41:56+0200,9fbaedea-27ef-4990-85cf-49287850296c,2026-05-08T17:45:00Z,2026-05-08T19:45:00+0200,137.17,EUR/MWh,FR,FR,imbalance_price,Short,2026-06-07T17:42:53Z
2026-06-07T17:41:56Z,2026-06-07T19:41:56+0200,9fbaedea-27ef-4990-85cf-49287850296c,2026-05-08T18:00:00Z,2026-05-08T20:00:00+0200,33.64,EUR/MWh,FR,FR,imbalance_price,Long,2026-06-07T17:42:53Z
2026-06-07T17:41:56Z,2026-06-07T19:41:56+0200,9fbaedea-27ef-4990-85cf-49287850296c,2026-05-08T18:00:00Z,2026-05-08T20:00:00+0200,39.86,EUR/MWh,FR,FR,imbalance_price,Short,2026-06-07T17:42:53Z
2026-06-07T17:41:56Z,2026-06-07T19:41:56+0200,9fbaedea-27ef-4990-85cf-49287850296c,2026-05-08T18:15:00Z,2026-05-08T20:15:00+0200,72.47,EUR/MWh,FR,FR,imbalance_price,Long,2026-06-07T17:42:53Z
2026-06-07T17:41:56Z,2026-06-07T19:41:56+0200,9fbaedea-27ef-4990-85cf-49287850296c,2026-05-08T18:15:00Z,2026-05-08T20:15:00+0200,85.87,EUR/MWh,FR,FR,imbalance_price,Short,2026-06-07T17:42:53Z
2026-06-07T17:41:56Z,2026-06-07T19:41:56+0200,9fbaedea-27ef-4990-85cf-49287850296c,2026-05-08T18:30:00Z,2026-05-08T20:30:00+0200,58.27,EUR/MWh,FR,FR,imbalance_price,Long,2026-06-07T17:42:53Z
2026-06-07T17:41:56Z,2026-06-07T19:41:56+0200,9fbaedea-27ef-4990-85cf-49287850296c,2026-05-08T18:30:00Z,2026-05-08T20:30:00+0200,69.05,EUR/MWh,FR,FR,imbalance_price,Short,2026-06-07T17:42:53Z
2026-06-07T17:41:56Z,2026-06-07T19:41:56+0200,9fbaedea-27ef-4990-85cf-49287850296c,2026-05-08T18:45:00Z,2026-05-08T20:45:00+0200,35.92,EUR/MWh,FR,FR,imbalance_price,Long,2026-06-07T17:42:53Z
2026-06-07T17:41:56Z,2026-06-07T19:41:56+0200,9fbaedea-27ef-4990-85cf-49287850296c,2026-05-08T18:45:00Z,2026-05-08T20:45:00+0200,42.56,EUR/MWh,FR,FR,imbalance_price,Short,2026-06-07T17:42:53Z
2026-06-07T17:41:56Z,2026-06-07T19:41:56+0200,9fbaedea-27ef-4990-85cf-49287850296c,2026-05-08T19:00:00Z,2026-05-08T21:00:00+0200,39.5,EUR/MWh,FR,FR,imbalance_price,Long,2026-06-07T17:42:53Z
2026-06-07T17:41:56Z,2026-06-07T19:41:56+0200,9fbaedea-27ef-4990-85cf-49287850296c,2026-05-08T19:00:00Z,2026-05-08T21:00:00+0200,46.8,EUR/MWh,FR,FR,imbalance_price,Short,2026-06-07T17:42:53Z
2026-06-07T17:41:56Z,2026-06-07T19:41:56+0200,9fbaedea-27ef-4990-85cf-49287850296c,2026-05-08T19:15:00Z,2026-05-08T21:15:00+0200,81.05,EUR/MWh,FR,FR,imbalance_price,Long,2026-06-07T17:42:53Z
2026-06-07T17:41:56Z,2026-06-07T19:41:56+0200,9fbaedea-27ef-4990-85cf-49287850296c,2026-05-08T19:15:00Z,2026-05-08T21:15:00+0200,96.03,EUR/MWh,FR,FR,imbalance_price,Short,2026-06-07T17:42:53Z
2026-06-07T17:41:56Z,2026-06-07T19:41:56+0200,9fbaedea-27ef-4990-85cf-49287850296c,2026-05-08T19:30:00Z,2026-05-08T21:30:00+0200,89.49,EUR/MWh,FR,FR,imbalance_price,Long,2026-06-07T17:42:53Z
2026-06-07T17:41:56Z,2026-06-07T19:41:56+0200,9fbaedea-27ef-4990-85cf-49287850296c,2026-05-08T19:30:00Z,2026-05-08T21:30:00+0200,106.03,EUR/MWh,FR,FR,imbalance_price,Short,2026-06-07T17:42:53Z
2026-06-07T17:41:56Z,2026-06-07T19:41:56+0200,9fbaedea-27ef-4990-85cf-49287850296c,2026-05-08T19:45:00Z,2026-05-08T21:45:00+0200,30.86,EUR/MWh,FR,FR,imbalance_price,Long,2026-06-07T17:42:53Z
2026-06-07T17:41:56Z,2026-06-07T19:41:56+0200,9fbaedea-27ef-4990-85cf-49287850296c,2026-05-08T19:45:00Z,2026-05-08T21:45:00+0200,36.56,EUR/MWh,FR,FR,imbalance_price,Short,2026-06-07T17:42:53Z
2026-06-07T17:41:56Z,2026-06-07T19:41:56+0200,9fbaedea-27ef-4990-85cf-49287850296c,2026-05-08T20:00:00Z,2026-05-08T22:00:00+0200,136.93,EUR/MWh,FR,FR,imbalance_price,Long,2026-06-07T17:42:53Z
2026-06-07T17:41:56Z,2026-06-07T19:41:56+0200,9fbaedea-27ef-4990-85cf-49287850296c,2026-05-08T20:00:00Z,2026-05-08T22:00:00+0200,162.23,EUR/MWh,FR,FR,imbalance_price,Short,2026-06-07T17:42:53Z
2026-06-07T17:41:56Z,2026-06-07T19:41:56+0200,9fbaedea-27ef-4990-85cf-49287850296c,2026-05-08T20:15:00Z,2026-05-08T22:15:00+0200,139.44,EUR/MWh,FR,FR,imbalance_price,Long,2026-06-07T17:42:53Z
2026-06-07T17:41:56Z,2026-06-07T19:41:56+0200,9fbaedea-27ef-4990-85cf-49287850296c,2026-05-08T20:15:00Z,2026-05-08T22:15:00+0200,165.22,EUR/MWh,FR,FR,imbalance_price,Short,2026-06-07T17:42:53Z
2026-06-07T17:41:56Z,2026-06-07T19:41:56+0200,9fbaedea-27ef-4990-85cf-49287850296c,2026-05-08T20:30:00Z,2026-05-08T22:30:00+0200,140.08,EUR/MWh,FR,FR,imbalance_price,Long,2026-06-07T17:42:53Z
2026-06-07T17:41:56Z,2026-06-07T19:41:56+0200,9fbaedea-27ef-4990-85cf-49287850296c,2026-05-08T20:30:00Z,2026-05-08T22:30:00+0200,165.98,EUR/MWh,FR,FR,imbalance_price,Short,2026-06-07T17:42:53Z
2026-06-07T17:41:56Z,2026-06-07T19:41:56+0200,9fbaedea-27ef-4990-85cf-49287850296c,2026-05-08T20:45:00Z,2026-05-08T22:45:00+0200,140.1,EUR/MWh,FR,FR,imbalance_price,Long,2026-06-07T17:42:53Z
2026-06-07T17:41:56Z,2026-06-07T19:41:56+0200,9fbaedea-27ef-4990-85cf-49287850296c,2026-05-08T20:45:00Z,2026-05-08T22:45:00+0200,166.0,EUR/MWh,FR,FR,imbalance_price,Short,2026-06-07T17:42:53Z
2026-06-07T17:41:56Z,2026-06-07T19:41:56+0200,9fbaedea-27ef-4990-85cf-49287850296c,2026-05-08T21:00:00Z,2026-05-08T23:00:00+0200,130.93,EUR/MWh,FR,FR,imbalance_price,Long,2026-06-07T17:42:53Z
2026-06-07T17:41:56Z,2026-06-07T19:41:56+0200,9fbaedea-27ef-4990-85cf-49287850296c,2026-05-08T21:00:00Z,2026-05-08T23:00:00+0200,155.13,EUR/MWh,FR,FR,imbalance_price,Short,2026-06-07T17:42:53Z
2026-06-07T17:41:56Z,2026-06-07T19:41:56+0200,9fbaedea-27ef-4990-85cf-49287850296c,2026-05-08T21:15:00Z,2026-05-08T23:15:00+0200,135.54,EUR/MWh,FR,FR,imbalance_price,Long,2026-06-07T17:42:53Z
2026-06-07T17:41:56Z,2026-06-07T19:41:56+0200,9fbaedea-27ef-4990-85cf-49287850296c,2026-05-08T21:15:00Z,2026-05-08T23:15:00+0200,160.6,EUR/MWh,FR,FR,imbalance_price,Short,2026-06-07T17:42:53Z
2026-06-07T17:41:56Z,2026-06-07T19:41:56+0200,9fbaedea-27ef-4990-85cf-49287850296c,2026-05-08T21:30:00Z,2026-05-08T23:30:00+0200,127.53,EUR/MWh,FR,FR,imbalance_price,Long,2026-06-07T17:42:53Z
2026-06-07T17:41:56Z,2026-06-07T19:41:56+0200,9fbaedea-27ef-4990-85cf-49287850296c,2026-05-08T21:30:00Z,2026-05-08T23:30:00+0200,151.11,EUR/MWh,FR,FR,imbalance_price,Short,2026-06-07T17:42:53Z
2026-06-07T17:41:56Z,2026-06-07T19:41:56+0200,9fbaedea-27ef-4990-85cf-49287850296c,2026-05-08T21:45:00Z,2026-05-08T23:45:00+0200,123.71,EUR/MWh,FR,FR,imbalance_price,Long,2026-06-07T17:42:53Z
2026-06-07T17:41:56Z,2026-06-07T19:41:56+0200,9fbaedea-27ef-4990-85cf-49287850296c,2026-05-08T21:45:00Z,2026-05-08T23:45:00+0200,146.57,EUR/MWh,FR,FR,imbalance_price,Short,2026-06-07T17:42:53Z
2026-06-07T17:41:56Z,2026-06-07T19:41:56+0200,9fbaedea-27ef-4990-85cf-49287850296c,2026-05-08T22:00:00Z,2026-05-09T00:00:00+0200,60.12,EUR/MWh,FR,FR,imbalance_price,Long,2026-06-07T17:42:53Z
2026-06-07T17:41:56Z,2026-06-07T19:41:56+0200,9fbaedea-27ef-4990-85cf-49287850296c,2026-05-08T22:00:00Z,2026-05-09T00:00:00+0200,71.24,EUR/MWh,FR,FR,imbalance_price,Short,2026-06-07T17:42:53Z
2026-06-07T17:41:56Z,2026-06-07T19:41:56+0200,9fbaedea-27ef-4990-85cf-49287850296c,2026-05-08T22:15:00Z,2026-05-09T00:15:00+0200,28.5,EUR/MWh,FR,FR,imbalance_price,Long,2026-06-07T17:42:53Z
2026-06-07T17:41:56Z,2026-06-07T19:41:56+0200,9fbaedea-27ef-4990-85cf-49287850296c,2026-05-08T22:15:00Z,2026-05-09T00:15:00+0200,33.76,EUR/MWh,FR,FR,imbalance_price,Short,2026-06-07T17:42:53Z
2026-06-07T17:41:56Z,2026-06-07T19:41:56+0200,9fbaedea-27ef-4990-85cf-49287850296c,2026-05-08T22:30:00Z,2026-05-09T00:30:00+0200,32.94,EUR/MWh,FR,FR,imbalance_price,Long,2026-06-07T17:42:53Z
2026-06-07T17:41:56Z,2026-06-07T19:41:56+0200,9fbaedea-27ef-4990-85cf-49287850296c,2026-05-08T22:30:00Z,2026-05-09T00:30:00+0200,39.02,EUR/MWh,FR,FR,imbalance_price,Short,2026-06-07T17:42:53Z
2026-06-07T17:41:56Z,2026-06-07T19:41:56+0200,9fbaedea-27ef-4990-85cf-49287850296c,2026-05-08T22:45:00Z,2026-05-09T00:45:00+0200,31.4,EUR/MWh,FR,FR,imbalance_price,Long,2026-06-07T17:42:53Z
2026-06-07T17:41:56Z,2026-06-07T19:41:56+0200,9fbaedea-27ef-4990-85cf-49287850296c,2026-05-08T22:45:00Z,2026-05-09T00:45:00+0200,37.2,EUR/MWh,FR,FR,imbalance_price,Short,2026-06-07T17:42:53Z
2026-06-07T17:41:56Z,2026-06-07T19:41:56+0200,9fbaedea-27ef-4990-85cf-49287850296c,2026-05-08T23:00:00Z,2026-05-09T01:00:00+0200,31.96,EUR/MWh,FR,FR,imbalance_price,Long,2026-06-07T17:42:53Z
2026-06-07T17:41:56Z,2026-06-07T19:41:56+0200,9fbaedea-27ef-4990-85cf-49287850296c,2026-05-08T23:00:00Z,2026-05-09T01:00:00+0200,37.86,EUR/MWh,FR,FR,imbalance_price,Short,2026-06-07T17:42:53Z
2026-06-07T17:41:56Z,2026-06-07T19:41:56+0200,9fbaedea-27ef-4990-85cf-49287850296c,2026-05-08T23:15:00Z,2026-05-09T01:15:00+0200,30.21,EUR/MWh,FR,FR,imbalance_price,Long,2026-06-07T17:42:53Z
2026-06-07T17:41:56Z,2026-06-07T19:41:56+0200,9fbaedea-27ef-4990-85cf-49287850296c,2026-05-08T23:15:00Z,2026-05-09T01:15:00+0200,35.79,EUR/MWh,FR,FR,imbalance_price,Short,2026-06-07T17:42:53Z
2026-06-07T17:41:56Z,2026-06-07T19:41:56+0200,9fbaedea-27ef-4990-85cf-49287850296c,2026-05-08T23:30:00Z,2026-05-09T01:30:00+0200,33.84,EUR/MWh,FR,FR,imbalance_price,Long,2026-06-07T17:42:53Z
2026-06-07T17:41:56Z,2026-06-07T19:41:56+0200,9fbaedea-27ef-4990-85cf-49287850296c,2026-05-08T23:30:00Z,2026-05-09T01:30:00+0200,40.1,EUR/MWh,FR,FR,imbalance_price,Short,2026-06-07T17:42:53Z
2026-06-07T17:41:56Z,2026-06-07T19:41:56+0200,9fbaedea-27ef-4990-85cf-49287850296c,2026-05-08T23:45:00Z,2026-05-09T01:45:00+0200,-13.43,EUR/MWh,FR,FR,imbalance_price,Long,2026-06-07T17:42:53Z
2026-06-07T17:41:56Z,2026-06-07T19:41:56+0200,9fbaedea-27ef-4990-85cf-49287850296c,2026-05-08T23:45:00Z,2026-05-09T01:45:00+0200,-11.33,EUR/MWh,FR,FR,imbalance_price,Short,2026-06-07T17:42:53Z
2026-06-07T17:41:56Z,2026-06-07T19:41:56+0200,9fbaedea-27ef-4990-85cf-49287850296c,2026-05-09T00:00:00Z,2026-05-09T02:00:00+0200,-2.84,EUR/MWh,FR,FR,imbalance_price,Long,2026-06-07T17:42:53Z
2026-06-07T17:41:56Z,2026-06-07T19:41:56+0200,9fbaedea-27ef-4990-85cf-49287850296c,2026-05-09T00:00:00Z,2026-05-09T02:00:00+0200,-2.4,EUR/MWh,FR,FR,imbalance_price,Short,2026-06-07T17:42:53Z
2026-06-07T17:41:56Z,2026-06-07T19:41:56+0200,9fbaedea-27ef-4990-85cf-49287850296c,2026-05-09T00:15:00Z,2026-05-09T02:15:00+0200,-157.74,EUR/MWh,FR,FR,imbalance_price,Long,2026-06-07T17:42:53Z
2026-06-07T17:41:56Z,2026-06-07T19:41:56+0200,9fbaedea-27ef-4990-85cf-49287850296c,2026-05-09T00:15:00Z,2026-05-09T02:15:00+0200,-133.14,EUR/MWh,FR,FR,imbalance_price,Short,2026-06-07T17:42:53Z
2026-06-07T17:41:56Z,2026-06-07T19:41:56+0200,9fbaedea-27ef-4990-85cf-49287850296c,2026-05-09T00:30:00Z,2026-05-09T02:30:00+0200,17.03,EUR/MWh,FR,FR,imbalance_price,Long,2026-06-07T17:42:53Z
2026-06-07T17:41:56Z,2026-06-07T19:41:56+0200,9fbaedea-27ef-4990-85cf-49287850296c,2026-05-09T00:30:00Z,2026-05-09T02:30:00+0200,20.17,EUR/MWh,FR,FR,imbalance_price,Short,2026-06-07T17:42:53Z
2026-06-07T17:41:56Z,2026-06-07T19:41:56+0200,9fbaedea-27ef-4990-85cf-49287850296c,2026-05-09T00:45:00Z,2026-05-09T02:45:00+0200,8.96,EUR/MWh,FR,FR,imbalance_price,Long,2026-06-07T17:42:53Z
2026-06-07T17:41:56Z,2026-06-07T19:41:56+0200,9fbaedea-27ef-4990-85cf-49287850296c,2026-05-09T00:45:00Z,2026-05-09T02:45:00+0200,10.62,EUR/MWh,FR,FR,imbalance_price,Short,2026-06-07T17:42:53Z
2026-06-07T17:41:56Z,2026-06-07T19:41:56+0200,9fbaedea-27ef-4990-85cf-49287850296c,2026-05-09T01:00:00Z,2026-05-09T03:00:00+0200,8.53,EUR/MWh,FR,FR,imbalance_price,Long,2026-06-07T17:42:53Z
2026-06-07T17:41:56Z,2026-06-07T19:41:56+0200,9fbaedea-27ef-4990-85cf-49287850296c,2026-05-09T01:00:00Z,2026-05-09T03:00:00+0200,10.11,EUR/MWh,FR,FR,imbalance_price,Short,2026-06-07T17:42:53Z
2026-06-07T17:41:56Z,2026-06-07T19:41:56+0200,9fbaedea-27ef-4990-85cf-49287850296c,2026-05-09T01:15:00Z,2026-05-09T03:15:00+0200,9.48,EUR/MWh,FR,FR,imbalance_price,Long,2026-06-07T17:42:53Z
2026-06-07T17:41:56Z,2026-06-07T19:41:56+0200,9fbaedea-27ef-4990-85cf-49287850296c,2026-05-09T01:15:00Z,2026-05-09T03:15:00+0200,11.24,EUR/MWh,FR,FR,imbalance_price,Short,2026-06-07T17:42:53Z
2026-06-07T17:41:56Z,2026-06-07T19:41:56+0200,9fbaedea-27ef-4990-85cf-49287850296c,2026-05-09T01:30:00Z,2026-05-09T03:30:00+0200,8.28,EUR/MWh,FR,FR,imbalance_price,Long,2026-06-07T17:42:53Z
2026-06-07T17:41:56Z,2026-06-07T19:41:56+0200,9fbaedea-27ef-4990-85cf-49287850296c,2026-05-09T01:30:00Z,2026-05-09T03:30:00+0200,9.8,EUR/MWh,FR,FR,imbalance_price,Short,2026-06-07T17:42:53Z
2026-06-07T17:41:56Z,2026-06-07T19:41:56+0200,9fbaedea-27ef-4990-85cf-49287850296c,2026-05-09T01:45:00Z,2026-05-09T03:45:00+0200,69.97,EUR/MWh,FR,FR,imbalance_price,Long,2026-06-07T17:42:53Z
2026-06-07T17:41:56Z,2026-06-07T19:41:56+0200,9fbaedea-27ef-4990-85cf-49287850296c,2026-05-09T01:45:00Z,2026-05-09T03:45:00+0200,82.91,EUR/MWh,FR,FR,imbalance_price,Short,2026-06-07T17:42:53Z
2026-06-07T17:41:56Z,2026-06-07T19:41:56+0200,9fbaedea-27ef-4990-85cf-49287850296c,2026-05-09T02:00:00Z,2026-05-09T04:00:00+0200,75.92,EUR/MWh,FR,FR,imbalance_price,Long,2026-06-07T17:42:53Z
2026-06-07T17:41:56Z,2026-06-07T19:41:56+0200,9fbaedea-27ef-4990-85cf-49287850296c,2026-05-09T02:00:00Z,2026-05-09T04:00:00+0200,89.96,EUR/MWh,FR,FR,imbalance_price,Short,2026-06-07T17:42:53Z
2026-06-07T17:41:56Z,2026-06-07T19:41:56+0200,9fbaedea-27ef-4990-85cf-49287850296c,2026-05-09T02:15:00Z,2026-05-09T04:15:00+0200,77.84,EUR/MWh,FR,FR,imbalance_price,Long,2026-06-07T17:42:53Z
2026-06-07T17:41:56Z,2026-06-07T19:41:56+0200,9fbaedea-27ef-4990-85cf-49287850296c,2026-05-09T02:15:00Z,2026-05-09T04:15:00+0200,92.22,EUR/MWh,FR,FR,imbalance_price,Short,2026-06-07T17:42:53Z
2026-06-07T17:41:56Z,2026-06-07T19:41:56+0200,9fbaedea-27ef-4990-85cf-49287850296c,2026-05-09T02:30:00Z,2026-05-09T04:30:00+0200,84.71,EUR/MWh,FR,FR,imbalance_price,Long,2026-06-07T17:42:53Z
2026-06-07T17:41:56Z,2026-06-07T19:41:56+0200,9fbaedea-27ef-4990-85cf-49287850296c,2026-05-09T02:30:00Z,2026-05-09T04:30:00+0200,100.37,EUR/MWh,FR,FR,imbalance_price,Short,2026-06-07T17:42:53Z
2026-06-07T17:41:56Z,2026-06-07T19:41:56+0200,9fbaedea-27ef-4990-85cf-49287850296c,2026-05-09T02:45:00Z,2026-05-09T04:45:00+0200,69.92,EUR/MWh,FR,FR,imbalance_price,Long,2026-06-07T17:42:53Z
2026-06-07T17:41:56Z,2026-06-07T19:41:56+0200,9fbaedea-27ef-4990-85cf-49287850296c,2026-05-09T02:45:00Z,2026-05-09T04:45:00+0200,82.84,EUR/MWh,FR,FR,imbalance_price,Short,2026-06-07T17:42:53Z
2026-06-07T17:41:56Z,2026-06-07T19:41:56+0200,9fbaedea-27ef-4990-85cf-49287850296c,2026-05-09T03:00:00Z,2026-05-09T05:00:00+0200,104.8,EUR/MWh,FR,FR,imbalance_price,Long,2026-06-07T17:42:53Z
2026-06-07T17:41:56Z,2026-06-07T19:41:56+0200,9fbaedea-27ef-4990-85cf-49287850296c,2026-05-09T03:00:00Z,2026-05-09T05:00:00+0200,124.18,EUR/MWh,FR,FR,imbalance_price,Short,2026-06-07T17:42:53Z
2026-06-07T17:41:56Z,2026-06-07T19:41:56+0200,9fbaedea-27ef-4990-85cf-49287850296c,2026-05-09T03:15:00Z,2026-05-09T05:15:00+0200,54.8,EUR/MWh,FR,FR,imbalance_price,Long,2026-06-07T17:42:53Z
2026-06-07T17:41:56Z,2026-06-07T19:41:56+0200,9fbaedea-27ef-4990-85cf-49287850296c,2026-05-09T03:15:00Z,2026-05-09T05:15:00+0200,64.94,EUR/MWh,FR,FR,imbalance_price,Short,2026-06-07T17:42:53Z
2026-06-07T17:41:56Z,2026-06-07T19:41:56+0200,9fbaedea-27ef-4990-85cf-49287850296c,2026-05-09T03:30:00Z,2026-05-09T05:30:00+0200,65.63,EUR/MWh,FR,FR,imbalance_price,Long,2026-06-07T17:42:53Z
2026-06-07T17:41:56Z,2026-06-07T19:41:56+0200,9fbaedea-27ef-4990-85cf-49287850296c,2026-05-09T03:30:00Z,2026-05-09T05:30:00+0200,77.75,EUR/MWh,FR,FR,imbalance_price,Short,2026-06-07T17:42:53Z
2026-06-07T17:41:56Z,2026-06-07T19:41:56+0200,9fbaedea-27ef-4990-85cf-49287850296c,2026-05-09T03:45:00Z,2026-05-09T05:45:00+0200,65.93,EUR/MWh,FR,FR,imbalance_price,Long,2026-06-07T17:42:53Z
2026-06-07T17:41:56Z,2026-06-07T19:41:56+0200,9fbaedea-27ef-4990-85cf-49287850296c,2026-05-09T03:45:00Z,2026-05-09T05:45:00+0200,78.11,EUR/MWh,FR,FR,imbalance_price,Short,2026-06-07T17:42:53Z
2026-06-07T17:41:56Z,2026-06-07T19:41:56+0200,9fbaedea-27ef-4990-85cf-49287850296c,2026-05-09T04:00:00Z,2026-05-09T06:00:00+0200,71.93,EUR/MWh,FR,FR,imbalance_price,Long,2026-06-07T17:42:53Z
2026-06-07T17:41:56Z,2026-06-07T19:41:56+0200,9fbaedea-27ef-4990-85cf-49287850296c,2026-05-09T04:00:00Z,2026-05-09T06:00:00+0200,85.23,EUR/MWh,FR,FR,imbalance_price,Short,2026-06-07T17:42:53Z
2026-06-07T17:41:56Z,2026-06-07T19:41:56+0200,9fbaedea-27ef-4990-85cf-49287850296c,2026-05-09T04:15:00Z,2026-05-09T06:15:00+0200,63.57,EUR/MWh,FR,FR,imbalance_price,Long,2026-06-07T17:42:53Z
2026-06-07T17:41:56Z,2026-06-07T19:41:56+0200,9fbaedea-27ef-4990-85cf-49287850296c,2026-05-09T04:15:00Z,2026-05-09T06:15:00+0200,75.31,EUR/MWh,FR,FR,imbalance_price,Short,2026-06-07T17:42:53Z
2026-06-07T17:41:56Z,2026-06-07T19:41:56+0200,9fbaedea-27ef-4990-85cf-49287850296c,2026-05-09T04:30:00Z,2026-05-09T06:30:00+0200,67.09,EUR/MWh,FR,FR,imbalance_price,Long,2026-06-07T17:42:53Z
2026-06-07T17:41:56Z,2026-06-07T19:41:56+0200,9fbaedea-27ef-4990-85cf-49287850296c,2026-05-09T04:30:00Z,2026-05-09T06:30:00+0200,79.49,EUR/MWh,FR,FR,imbalance_price,Short,2026-06-07T17:42:53Z
2026-06-07T17:41:56Z,2026-06-07T19:41:56+0200,9fbaedea-27ef-4990-85cf-49287850296c,2026-05-09T04:45:00Z,2026-05-09T06:45:00+0200,69.7,EUR/MWh,FR,FR,imbalance_price,Long,2026-06-07T17:42:53Z
2026-06-07T17:41:56Z,2026-06-07T19:41:56+0200,9fbaedea-27ef-4990-85cf-49287850296c,2026-05-09T04:45:00Z,2026-05-09T06:45:00+0200,82.58,EUR/MWh,FR,FR,imbalance_price,Short,2026-06-07T17:42:53Z
2026-06-07T17:41:56Z,2026-06-07T19:41:56+0200,9fbaedea-27ef-4990-85cf-49287850296c,2026-05-09T05:00:00Z,2026-05-09T07:00:00+0200,57.35,EUR/MWh,FR,FR,imbalance_price,Long,2026-06-07T17:42:53Z
2026-06-07T17:41:56Z,2026-06-07T19:41:56+0200,9fbaedea-27ef-4990-85cf-49287850296c,2026-05-09T05:00:00Z,2026-05-09T07:00:00+0200,67.95,EUR/MWh,FR,FR,imbalance_price,Short,2026-06-07T17:42:53Z
2026-06-07T17:41:56Z,2026-06-07T19:41:56+0200,9fbaedea-27ef-4990-85cf-49287850296c,2026-05-09T05:15:00Z,2026-05-09T07:15:00+0200,72.26,EUR/MWh,FR,FR,imbalance_price,Long,2026-06-07T17:42:53Z
2026-06-07T17:41:56Z,2026-06-07T19:41:56+0200,9fbaedea-27ef-4990-85cf-49287850296c,2026-05-09T05:15:00Z,2026-05-09T07:15:00+0200,85.62,EUR/MWh,FR,FR,imbalance_price,Short,2026-06-07T17:42:53Z
2026-06-07T17:41:56Z,2026-06-07T19:41:56+0200,9fbaedea-27ef-4990-85cf-49287850296c,2026-05-09T05:30:00Z,2026-05-09T07:30:00+0200,78.83,EUR/MWh,FR,FR,imbalance_price,Long,2026-06-07T17:42:53Z
2026-06-07T17:41:56Z,2026-06-07T19:41:56+0200,9fbaedea-27ef-4990-85cf-49287850296c,2026-05-09T05:30:00Z,2026-05-09T07:30:00+0200,93.41,EUR/MWh,FR,FR,imbalance_price,Short,2026-06-07T17:42:53Z
2026-06-07T17:41:56Z,2026-06-07T19:41:56+0200,9fbaedea-27ef-4990-85cf-49287850296c,2026-05-09T05:45:00Z,2026-05-09T07:45:00+0200,26.76,EUR/MWh,FR,FR,imbalance_price,Long,2026-06-07T17:42:53Z
2026-06-07T17:41:56Z,2026-06-07T19:41:56+0200,9fbaedea-27ef-4990-85cf-49287850296c,2026-05-09T05:45:00Z,2026-05-09T07:45:00+0200,31.7,EUR/MWh,FR,FR,imbalance_price,Short,2026-06-07T17:42:53Z
2026-06-07T17:41:56Z,2026-06-07T19:41:56+0200,9fbaedea-27ef-4990-85cf-49287850296c,2026-05-09T06:00:00Z,2026-05-09T08:00:00+0200,15.1,EUR/MWh,FR,FR,imbalance_price,Long,2026-06-07T17:42:53Z
2026-06-07T17:41:56Z,2026-06-07T19:41:56+0200,9fbaedea-27ef-4990-85cf-49287850296c,2026-05-09T06:00:00Z,2026-05-09T08:00:00+0200,17.9,EUR/MWh,FR,FR,imbalance_price,Short,2026-06-07T17:42:53Z
2026-06-07T17:41:56Z,2026-06-07T19:41:56+0200,9fbaedea-27ef-4990-85cf-49287850296c,2026-05-09T06:15:00Z,2026-05-09T08:15:00+0200,13.62,EUR/MWh,FR,FR,imbalance_price,Long,2026-06-07T17:42:53Z
2026-06-07T17:41:56Z,2026-06-07T19:41:56+0200,9fbaedea-27ef-4990-85cf-49287850296c,2026-05-09T06:15:00Z,2026-05-09T08:15:00+0200,16.14,EUR/MWh,FR,FR,imbalance_price,Short,2026-06-07T17:42:53Z
2026-06-07T17:41:56Z,2026-06-07T19:41:56+0200,9fbaedea-27ef-4990-85cf-49287850296c,2026-05-09T06:30:00Z,2026-05-09T08:30:00+0200,8.14,EUR/MWh,FR,FR,imbalance_price,Long,2026-06-07T17:42:53Z
2026-06-07T17:41:56Z,2026-06-07T19:41:56+0200,9fbaedea-27ef-4990-85cf-49287850296c,2026-05-09T06:30:00Z,2026-05-09T08:30:00+0200,9.64,EUR/MWh,FR,FR,imbalance_price,Short,2026-06-07T17:42:53Z
2026-06-07T17:41:56Z,2026-06-07T19:41:56+0200,9fbaedea-27ef-4990-85cf-49287850296c,2026-05-09T06:45:00Z,2026-05-09T08:45:00+0200,4.09,EUR/MWh,FR,FR,imbalance_price,Long,2026-06-07T17:42:53Z
2026-06-07T17:41:56Z,2026-06-07T19:41:56+0200,9fbaedea-27ef-4990-85cf-49287850296c,2026-05-09T06:45:00Z,2026-05-09T08:45:00+0200,4.85,EUR/MWh,FR,FR,imbalance_price,Short,2026-06-07T17:42:53Z
2026-06-07T17:41:56Z,2026-06-07T19:41:56+0200,9fbaedea-27ef-4990-85cf-49287850296c,2026-05-09T07:00:00Z,2026-05-09T09:00:00+0200,4.6,EUR/MWh,FR,FR,imbalance_price,Long,2026-06-07T17:42:53Z
2026-06-07T17:41:56Z,2026-06-07T19:41:56+0200,9fbaedea-27ef-4990-85cf-49287850296c,2026-05-09T07:00:00Z,2026-05-09T09:00:00+0200,5.44,EUR/MWh,FR,FR,imbalance_price,Short,2026-06-07T17:42:53Z
2026-06-07T17:41:56Z,2026-06-07T19:41:56+0200,9fbaedea-27ef-4990-85cf-49287850296c,2026-05-09T07:15:00Z,2026-05-09T09:15:00+0200,8.27,EUR/MWh,FR,FR,imbalance_price,Long,2026-06-07T17:42:53Z
2026-06-07T17:41:56Z,2026-06-07T19:41:56+0200,9fbaedea-27ef-4990-85cf-49287850296c,2026-05-09T07:15:00Z,2026-05-09T09:15:00+0200,9.79,EUR/MWh,FR,FR,imbalance_price,Short,2026-06-07T17:42:53Z
2026-06-07T17:41:56Z,2026-06-07T19:41:56+0200,9fbaedea-27ef-4990-85cf-49287850296c,2026-05-09T07:30:00Z,2026-05-09T09:30:00+0200,18.78,EUR/MWh,FR,FR,imbalance_price,Long,2026-06-07T17:42:53Z
2026-06-07T17:41:56Z,2026-06-07T19:41:56+0200,9fbaedea-27ef-4990-85cf-49287850296c,2026-05-09T07:30:00Z,2026-05-09T09:30:00+0200,22.26,EUR/MWh,FR,FR,imbalance_price,Short,2026-06-07T17:42:53Z
2026-06-07T17:41:56Z,2026-06-07T19:41:56+0200,9fbaedea-27ef-4990-85cf-49287850296c,2026-05-09T07:45:00Z,2026-05-09T09:45:00+0200,-59.41,EUR/MWh,FR,FR,imbalance_price,Long,2026-06-07T17:42:53Z
2026-06-07T17:41:56Z,2026-06-07T19:41:56+0200,9fbaedea-27ef-4990-85cf-49287850296c,2026-05-09T07:45:00Z,2026-05-09T09:45:00+0200,-50.15,EUR/MWh,FR,FR,imbalance_price,Short,2026-06-07T17:42:53Z
2026-06-07T17:41:56Z,2026-06-07T19:41:56+0200,9fbaedea-27ef-4990-85cf-49287850296c,2026-05-09T08:00:00Z,2026-05-09T10:00:00+0200,7.36,EUR/MWh,FR,FR,imbalance_price,Long,2026-06-07T17:42:53Z
2026-06-07T17:41:56Z,2026-06-07T19:41:56+0200,9fbaedea-27ef-4990-85cf-49287850296c,2026-05-09T08:00:00Z,2026-05-09T10:00:00+0200,8.72,EUR/MWh,FR,FR,imbalance_price,Short,2026-06-07T17:42:53Z
2026-06-07T17:41:56Z,2026-06-07T19:41:56+0200,9fbaedea-27ef-4990-85cf-49287850296c,2026-05-09T08:15:00Z,2026-05-09T10:15:00+0200,11.31,EUR/MWh,FR,FR,imbalance_price,Long,2026-06-07T17:42:53Z
2026-06-07T17:41:56Z,2026-06-07T19:41:56+0200,9fbaedea-27ef-4990-85cf-49287850296c,2026-05-09T08:15:00Z,2026-05-09T10:15:00+0200,13.41,EUR/MWh,FR,FR,imbalance_price,Short,2026-06-07T17:42:53Z
2026-06-07T17:41:56Z,2026-06-07T19:41:56+0200,9fbaedea-27ef-4990-85cf-49287850296c,2026-05-09T08:30:00Z,2026-05-09T10:30:00+0200,-38.83,EUR/MWh,FR,FR,imbalance_price,Long,2026-06-07T17:42:53Z
2026-06-07T17:41:56Z,2026-06-07T19:41:56+0200,9fbaedea-27ef-4990-85cf-49287850296c,2026-05-09T08:30:00Z,2026-05-09T10:30:00+0200,-32.77,EUR/MWh,FR,FR,imbalance_price,Short,2026-06-07T17:42:53Z
2026-06-07T17:41:56Z,2026-06-07T19:41:56+0200,9fbaedea-27ef-4990-85cf-49287850296c,2026-05-09T08:45:00Z,2026-05-09T10:45:00+0200,-47.17,EUR/MWh,FR,FR,imbalance_price,Long,2026-06-07T17:42:53Z
2026-06-07T17:41:56Z,2026-06-07T19:41:56+0200,9fbaedea-27ef-4990-85cf-49287850296c,2026-05-09T08:45:00Z,2026-05-09T10:45:00+0200,-39.81,EUR/MWh,FR,FR,imbalance_price,Short,2026-06-07T17:42:53Z
2026-06-07T17:41:56Z,2026-06-07T19:41:56+0200,9fbaedea-27ef-4990-85cf-49287850296c,2026-05-09T09:00:00Z,2026-05-09T11:00:00+0200,-60.5,EUR/MWh,FR,FR,imbalance_price,Long,2026-06-07T17:42:53Z
2026-06-07T17:41:56Z,2026-06-07T19:41:56+0200,9fbaedea-27ef-4990-85cf-49287850296c,2026-05-09T09:00:00Z,2026-05-09T11:00:00+0200,-51.06,EUR/MWh,FR,FR,imbalance_price,Short,2026-06-07T17:42:53Z
2026-06-07T17:41:56Z,2026-06-07T19:41:56+0200,9fbaedea-27ef-4990-85cf-49287850296c,2026-05-09T09:15:00Z,2026-05-09T11:15:00+0200,-31.98,EUR/MWh,FR,FR,imbalance_price,Long,2026-06-07T17:42:53Z
2026-06-07T17:41:56Z,2026-06-07T19:41:56+0200,9fbaedea-27ef-4990-85cf-49287850296c,2026-05-09T09:15:00Z,2026-05-09T11:15:00+0200,-27.0,EUR/MWh,FR,FR,imbalance_price,Short,2026-06-07T17:42:53Z
2026-06-07T17:41:56Z,2026-06-07T19:41:56+0200,9fbaedea-27ef-4990-85cf-49287850296c,2026-05-09T09:30:00Z,2026-05-09T11:30:00+0200,-31.95,EUR/MWh,FR,FR,imbalance_price,Long,2026-06-07T17:42:53Z
2026-06-07T17:41:56Z,2026-06-07T19:41:56+0200,9fbaedea-27ef-4990-85cf-49287850296c,2026-05-09T09:30:00Z,2026-05-09T11:30:00+0200,-26.97,EUR/MWh,FR,FR,imbalance_price,Short,2026-06-07T17:42:53Z
2026-06-07T17:41:56Z,2026-06-07T19:41:56+0200,9fbaedea-27ef-4990-85cf-49287850296c,2026-05-09T09:45:00Z,2026-05-09T11:45:00+0200,-32.95,EUR/MWh,FR,FR,imbalance_price,Long,2026-06-07T17:42:53Z
2026-06-07T17:41:56Z,2026-06-07T19:41:56+0200,9fbaedea-27ef-4990-85cf-49287850296c,2026-05-09T09:45:00Z,2026-05-09T11:45:00+0200,-27.81,EUR/MWh,FR,FR,imbalance_price,Short,2026-06-07T17:42:53Z
2026-06-07T17:41:56Z,2026-06-07T19:41:56+0200,9fbaedea-27ef-4990-85cf-49287850296c,2026-05-09T10:00:00Z,2026-05-09T12:00:00+0200,-127.38,EUR/MWh,FR,FR,imbalance_price,Long,2026-06-07T17:42:53Z
2026-06-07T17:41:56Z,2026-06-07T19:41:56+0200,9fbaedea-27ef-4990-85cf-49287850296c,2026-05-09T10:00:00Z,2026-05-09T12:00:00+0200,-107.5,EUR/MWh,FR,FR,imbalance_price,Short,2026-06-07T17:42:53Z
2026-06-07T17:41:56Z,2026-06-07T19:41:56+0200,9fbaedea-27ef-4990-85cf-49287850296c,2026-05-09T10:15:00Z,2026-05-09T12:15:00+0200,-113.04,EUR/MWh,FR,FR,imbalance_price,Long,2026-06-07T17:42:53Z
2026-06-07T17:41:56Z,2026-06-07T19:41:56+0200,9fbaedea-27ef-4990-85cf-49287850296c,2026-05-09T10:15:00Z,2026-05-09T12:15:00+0200,-95.4,EUR/MWh,FR,FR,imbalance_price,Short,2026-06-07T17:42:53Z
2026-06-07T17:41:56Z,2026-06-07T19:41:56+0200,9fbaedea-27ef-4990-85cf-49287850296c,2026-05-09T10:30:00Z,2026-05-09T12:30:00+0200,-118.63,EUR/MWh,FR,FR,imbalance_price,Long,2026-06-07T17:42:53Z
2026-06-07T17:41:56Z,2026-06-07T19:41:56+0200,9fbaedea-27ef-4990-85cf-49287850296c,2026-05-09T10:30:00Z,2026-05-09T12:30:00+0200,-100.13,EUR/MWh,FR,FR,imbalance_price,Short,2026-06-07T17:42:53Z
2026-06-07T17:41:56Z,2026-06-07T19:41:56+0200,9fbaedea-27ef-4990-85cf-49287850296c,2026-05-09T10:45:00Z,2026-05-09T12:45:00+0200,-125.95,EUR/MWh,FR,FR,imbalance_price,Long,2026-06-07T17:42:53Z
2026-06-07T17:41:56Z,2026-06-07T19:41:56+0200,9fbaedea-27ef-4990-85cf-49287850296c,2026-05-09T10:45:00Z,2026-05-09T12:45:00+0200,-106.31,EUR/MWh,FR,FR,imbalance_price,Short,2026-06-07T17:42:53Z
2026-06-07T17:41:56Z,2026-06-07T19:41:56+0200,9fbaedea-27ef-4990-85cf-49287850296c,2026-05-09T11:00:00Z,2026-05-09T13:00:00+0200,-157.03,EUR/MWh,FR,FR,imbalance_price,Long,2026-06-07T17:42:53Z
2026-06-07T17:41:56Z,2026-06-07T19:41:56+0200,9fbaedea-27ef-4990-85cf-49287850296c,2026-05-09T11:00:00Z,2026-05-09T13:00:00+0200,-132.53,EUR/MWh,FR,FR,imbalance_price,Short,2026-06-07T17:42:53Z
2026-06-07T17:41:56Z,2026-06-07T19:41:56+0200,9fbaedea-27ef-4990-85cf-49287850296c,2026-05-09T11:15:00Z,2026-05-09T13:15:00+0200,-161.55,EUR/MWh,FR,FR,imbalance_price,Long,2026-06-07T17:42:53Z
2026-06-07T17:41:56Z,2026-06-07T19:41:56+0200,9fbaedea-27ef-4990-85cf-49287850296c,2026-05-09T11:15:00Z,2026-05-09T13:15:00+0200,-136.35,EUR/MWh,FR,FR,imbalance_price,Short,2026-06-07T17:42:53Z
2026-06-07T17:41:56Z,2026-06-07T19:41:56+0200,9fbaedea-27ef-4990-85cf-49287850296c,2026-05-09T11:30:00Z,2026-05-09T13:30:00+0200,-166.7,EUR/MWh,FR,FR,imbalance_price,Long,2026-06-07T17:42:53Z
2026-06-07T17:41:56Z,2026-06-07T19:41:56+0200,9fbaedea-27ef-4990-85cf-49287850296c,2026-05-09T11:30:00Z,2026-05-09T13:30:00+0200,-140.7,EUR/MWh,FR,FR,imbalance_price,Short,2026-06-07T17:42:53Z
2026-06-07T17:41:56Z,2026-06-07T19:41:56+0200,9fbaedea-27ef-4990-85cf-49287850296c,2026-05-09T11:45:00Z,2026-05-09T13:45:00+0200,-168.08,EUR/MWh,FR,FR,imbalance_price,Long,2026-06-07T17:42:53Z
2026-06-07T17:41:56Z,2026-06-07T19:41:56+0200,9fbaedea-27ef-4990-85cf-49287850296c,2026-05-09T11:45:00Z,2026-05-09T13:45:00+0200,-141.86,EUR/MWh,FR,FR,imbalance_price,Short,2026-06-07T17:42:53Z
2026-06-07T17:41:56Z,2026-06-07T19:41:56+0200,9fbaedea-27ef-4990-85cf-49287850296c,2026-05-09T12:00:00Z,2026-05-09T14:00:00+0200,-8.37,EUR/MWh,FR,FR,imbalance_price,Long,2026-06-07T17:42:53Z
2026-06-07T17:41:56Z,2026-06-07T19:41:56+0200,9fbaedea-27ef-4990-85cf-49287850296c,2026-05-09T12:00:00Z,2026-05-09T14:00:00+0200,-7.07,EUR/MWh,FR,FR,imbalance_price,Short,2026-06-07T17:42:53Z
2026-06-07T17:41:56Z,2026-06-07T19:41:56+0200,9fbaedea-27ef-4990-85cf-49287850296c,2026-05-09T12:15:00Z,2026-05-09T14:15:00+0200,-16.92,EUR/MWh,FR,FR,imbalance_price,Long,2026-06-07T17:42:53Z
2026-06-07T17:41:56Z,2026-06-07T19:41:56+0200,9fbaedea-27ef-4990-85cf-49287850296c,2026-05-09T12:15:00Z,2026-05-09T14:15:00+0200,-14.28,EUR/MWh,FR,FR,imbalance_price,Short,2026-06-07T17:42:53Z
2026-06-07T17:41:56Z,2026-06-07T19:41:56+0200,9fbaedea-27ef-4990-85cf-49287850296c,2026-05-09T12:30:00Z,2026-05-09T14:30:00+0200,-9.14,EUR/MWh,FR,FR,imbalance_price,Long,2026-06-07T17:42:53Z
2026-06-07T17:41:56Z,2026-06-07T19:41:56+0200,9fbaedea-27ef-4990-85cf-49287850296c,2026-05-09T12:30:00Z,2026-05-09T14:30:00+0200,-7.72,EUR/MWh,FR,FR,imbalance_price,Short,2026-06-07T17:42:53Z
2026-06-07T17:41:56Z,2026-06-07T19:41:56+0200,9fbaedea-27ef-4990-85cf-49287850296c,2026-05-09T12:45:00Z,2026-05-09T14:45:00+0200,-12.95,EUR/MWh,FR,FR,imbalance_price,Long,2026-06-07T17:42:53Z
2026-06-07T17:41:56Z,2026-06-07T19:41:56+0200,9fbaedea-27ef-4990-85cf-49287850296c,2026-05-09T12:45:00Z,2026-05-09T14:45:00+0200,-10.93,EUR/MWh,FR,FR,imbalance_price,Short,2026-06-07T17:42:53Z
2026-06-07T17:41:56Z,2026-06-07T19:41:56+0200,9fbaedea-27ef-4990-85cf-49287850296c,2026-05-09T13:00:00Z,2026-05-09T15:00:00+0200,-26.81,EUR/MWh,FR,FR,imbalance_price,Long,2026-06-07T17:42:53Z
2026-06-07T17:41:56Z,2026-06-07T19:41:56+0200,9fbaedea-27ef-4990-85cf-49287850296c,2026-05-09T13:00:00Z,2026-05-09T15:00:00+0200,-22.63,EUR/MWh,FR,FR,imbalance_price,Short,2026-06-07T17:42:53Z
2026-06-07T17:41:56Z,2026-06-07T19:41:56+0200,9fbaedea-27ef-4990-85cf-49287850296c,2026-05-09T13:15:00Z,2026-05-09T15:15:00+0200,-38.82,EUR/MWh,FR,FR,imbalance_price,Long,2026-06-07T17:42:53Z
2026-06-07T17:41:56Z,2026-06-07T19:41:56+0200,9fbaedea-27ef-4990-85cf-49287850296c,2026-05-09T13:15:00Z,2026-05-09T15:15:00+0200,-32.76,EUR/MWh,FR,FR,imbalance_price,Short,2026-06-07T17:42:53Z
2026-06-07T17:41:56Z,2026-06-07T19:41:56+0200,9fbaedea-27ef-4990-85cf-49287850296c,2026-05-09T13:30:00Z,2026-05-09T15:30:00+0200,-37.17,EUR/MWh,FR,FR,imbalance_price,Long,2026-06-07T17:42:53Z
2026-06-07T17:41:56Z,2026-06-07T19:41:56+0200,9fbaedea-27ef-4990-85cf-49287850296c,2026-05-09T13:30:00Z,2026-05-09T15:30:00+0200,-31.37,EUR/MWh,FR,FR,imbalance_price,Short,2026-06-07T17:42:53Z
2026-06-07T17:41:56Z,2026-06-07T19:41:56+0200,9fbaedea-27ef-4990-85cf-49287850296c,2026-05-09T13:45:00Z,2026-05-09T15:45:00+0200,-340.48,EUR/MWh,FR,FR,imbalance_price,Long,2026-06-07T17:42:53Z
2026-06-07T17:41:56Z,2026-06-07T19:41:56+0200,9fbaedea-27ef-4990-85cf-49287850296c,2026-05-09T13:45:00Z,2026-05-09T15:45:00+0200,-287.36,EUR/MWh,FR,FR,imbalance_price,Short,2026-06-07T17:42:53Z
2026-06-07T17:41:56Z,2026-06-07T19:41:56+0200,9fbaedea-27ef-4990-85cf-49287850296c,2026-05-09T14:00:00Z,2026-05-09T16:00:00+0200,-143.03,EUR/MWh,FR,FR,imbalance_price,Long,2026-06-07T17:42:53Z
2026-06-07T17:41:56Z,2026-06-07T19:41:56+0200,9fbaedea-27ef-4990-85cf-49287850296c,2026-05-09T14:00:00Z,2026-05-09T16:00:00+0200,-120.71,EUR/MWh,FR,FR,imbalance_price,Short,2026-06-07T17:42:53Z
2026-06-07T17:41:56Z,2026-06-07T19:41:56+0200,9fbaedea-27ef-4990-85cf-49287850296c,2026-05-09T14:15:00Z,2026-05-09T16:15:00+0200,-38.15,EUR/MWh,FR,FR,imbalance_price,Long,2026-06-07T17:42:53Z
2026-06-07T17:41:56Z,2026-06-07T19:41:56+0200,9fbaedea-27ef-4990-85cf-49287850296c,2026-05-09T14:15:00Z,2026-05-09T16:15:00+0200,-32.19,EUR/MWh,FR,FR,imbalance_price,Short,2026-06-07T17:42:53Z
2026-06-07T17:41:56Z,2026-06-07T19:41:56+0200,9fbaedea-27ef-4990-85cf-49287850296c,2026-05-09T14:30:00Z,2026-05-09T16:30:00+0200,-21.84,EUR/MWh,FR,FR,imbalance_price,Long,2026-06-07T17:42:53Z
2026-06-07T17:41:56Z,2026-06-07T19:41:56+0200,9fbaedea-27ef-4990-85cf-49287850296c,2026-05-09T14:30:00Z,2026-05-09T16:30:00+0200,-18.44,EUR/MWh,FR,FR,imbalance_price,Short,2026-06-07T17:42:53Z
2026-06-07T17:41:56Z,2026-06-07T19:41:56+0200,9fbaedea-27ef-4990-85cf-49287850296c,2026-05-09T14:45:00Z,2026-05-09T16:45:00+0200,-2.81,EUR/MWh,FR,FR,imbalance_price,Long,2026-06-07T17:42:53Z
2026-06-07T17:41:56Z,2026-06-07T19:41:56+0200,9fbaedea-27ef-4990-85cf-49287850296c,2026-05-09T14:45:00Z,2026-05-09T16:45:00+0200,-2.37,EUR/MWh,FR,FR,imbalance_price,Short,2026-06-07T17:42:53Z
2026-06-07T17:41:56Z,2026-06-07T19:41:56+0200,9fbaedea-27ef-4990-85cf-49287850296c,2026-05-09T15:00:00Z,2026-05-09T17:00:00+0200,6.76,EUR/MWh,FR,FR,imbalance_price,Long,2026-06-07T17:42:53Z
2026-06-07T17:41:56Z,2026-06-07T19:41:56+0200,9fbaedea-27ef-4990-85cf-49287850296c,2026-05-09T15:00:00Z,2026-05-09T17:00:00+0200,8.0,EUR/MWh,FR,FR,imbalance_price,Short,2026-06-07T17:42:53Z
2026-06-07T17:41:56Z,2026-06-07T19:41:56+0200,9fbaedea-27ef-4990-85cf-49287850296c,2026-05-09T15:15:00Z,2026-05-09T17:15:00+0200,1.33,EUR/MWh,FR,FR,imbalance_price,Long,2026-06-07T17:42:53Z
2026-06-07T17:41:56Z,2026-06-07T19:41:56+0200,9fbaedea-27ef-4990-85cf-49287850296c,2026-05-09T15:15:00Z,2026-05-09T17:15:00+0200,1.57,EUR/MWh,FR,FR,imbalance_price,Short,2026-06-07T17:42:53Z
2026-06-07T17:41:56Z,2026-06-07T19:41:56+0200,9fbaedea-27ef-4990-85cf-49287850296c,2026-05-09T15:30:00Z,2026-05-09T17:30:00+0200,0.67,EUR/MWh,FR,FR,imbalance_price,Long,2026-06-07T17:42:53Z
2026-06-07T17:41:56Z,2026-06-07T19:41:56+0200,9fbaedea-27ef-4990-85cf-49287850296c,2026-05-09T15:30:00Z,2026-05-09T17:30:00+0200,0.79,EUR/MWh,FR,FR,imbalance_price,Short,2026-06-07T17:42:53Z
2026-06-07T17:41:56Z,2026-06-07T19:41:56+0200,9fbaedea-27ef-4990-85cf-49287850296c,2026-05-09T15:45:00Z,2026-05-09T17:45:00+0200,11.15,EUR/MWh,FR,FR,imbalance_price,Long,2026-06-07T17:42:53Z
2026-06-07T17:41:56Z,2026-06-07T19:41:56+0200,9fbaedea-27ef-4990-85cf-49287850296c,2026-05-09T15:45:00Z,2026-05-09T17:45:00+0200,13.21,EUR/MWh,FR,FR,imbalance_price,Short,2026-06-07T17:42:53Z
2026-06-07T17:41:56Z,2026-06-07T19:41:56+0200,9fbaedea-27ef-4990-85cf-49287850296c,2026-05-09T16:00:00Z,2026-05-09T18:00:00+0200,8.2,EUR/MWh,FR,FR,imbalance_price,Long,2026-06-07T17:42:53Z
2026-06-07T17:41:56Z,2026-06-07T19:41:56+0200,9fbaedea-27ef-4990-85cf-49287850296c,2026-05-09T16:00:00Z,2026-05-09T18:00:00+0200,9.72,EUR/MWh,FR,FR,imbalance_price,Short,2026-06-07T17:42:53Z
2026-06-07T17:41:56Z,2026-06-07T19:41:56+0200,9fbaedea-27ef-4990-85cf-49287850296c,2026-05-09T16:15:00Z,2026-05-09T18:15:00+0200,8.06,EUR/MWh,FR,FR,imbalance_price,Long,2026-06-07T17:42:53Z
2026-06-07T17:41:56Z,2026-06-07T19:41:56+0200,9fbaedea-27ef-4990-85cf-49287850296c,2026-05-09T16:15:00Z,2026-05-09T18:15:00+0200,9.56,EUR/MWh,FR,FR,imbalance_price,Short,2026-06-07T17:42:53Z
2026-06-07T17:41:56Z,2026-06-07T19:41:56+0200,9fbaedea-27ef-4990-85cf-49287850296c,2026-05-09T16:30:00Z,2026-05-09T18:30:00+0200,7.84,EUR/MWh,FR,FR,imbalance_price,Long,2026-06-07T17:42:53Z
2026-06-07T17:41:56Z,2026-06-07T19:41:56+0200,9fbaedea-27ef-4990-85cf-49287850296c,2026-05-09T16:30:00Z,2026-05-09T18:30:00+0200,9.28,EUR/MWh,FR,FR,imbalance_price,Short,2026-06-07T17:42:53Z
2026-06-07T17:41:56Z,2026-06-07T19:41:56+0200,9fbaedea-27ef-4990-85cf-49287850296c,2026-05-09T16:45:00Z,2026-05-09T18:45:00+0200,0.12,EUR/MWh,FR,FR,imbalance_price,Long,2026-06-07T17:42:53Z
2026-06-07T17:41:56Z,2026-06-07T19:41:56+0200,9fbaedea-27ef-4990-85cf-49287850296c,2026-05-09T16:45:00Z,2026-05-09T18:45:00+0200,0.14,EUR/MWh,FR,FR,imbalance_price,Short,2026-06-07T17:42:53Z
2026-06-07T17:41:56Z,2026-06-07T19:41:56+0200,9fbaedea-27ef-4990-85cf-49287850296c,2026-05-09T17:00:00Z,2026-05-09T19:00:00+0200,19.54,EUR/MWh,FR,FR,imbalance_price,Long,2026-06-07T17:42:53Z
2026-06-07T17:41:56Z,2026-06-07T19:41:56+0200,9fbaedea-27ef-4990-85cf-49287850296c,2026-05-09T17:00:00Z,2026-05-09T19:00:00+0200,23.16,EUR/MWh,FR,FR,imbalance_price,Short,2026-06-07T17:42:53Z
2026-06-07T17:41:56Z,2026-06-07T19:41:56+0200,9fbaedea-27ef-4990-85cf-49287850296c,2026-05-09T17:15:00Z,2026-05-09T19:15:00+0200,8.22,EUR/MWh,FR,FR,imbalance_price,Long,2026-06-07T17:42:53Z
2026-06-07T17:41:56Z,2026-06-07T19:41:56+0200,9fbaedea-27ef-4990-85cf-49287850296c,2026-05-09T17:15:00Z,2026-05-09T19:15:00+0200,9.74,EUR/MWh,FR,FR,imbalance_price,Short,2026-06-07T17:42:53Z
2026-06-07T17:41:56Z,2026-06-07T19:41:56+0200,9fbaedea-27ef-4990-85cf-49287850296c,2026-05-09T17:30:00Z,2026-05-09T19:30:00+0200,16.83,EUR/MWh,FR,FR,imbalance_price,Long,2026-06-07T17:42:53Z
2026-06-07T17:41:56Z,2026-06-07T19:41:56+0200,9fbaedea-27ef-4990-85cf-49287850296c,2026-05-09T17:30:00Z,2026-05-09T19:30:00+0200,19.95,EUR/MWh,FR,FR,imbalance_price,Short,2026-06-07T17:42:53Z
2026-06-07T17:41:56Z,2026-06-07T19:41:56+0200,9fbaedea-27ef-4990-85cf-49287850296c,2026-05-09T17:45:00Z,2026-05-09T19:45:00+0200,16.72,EUR/MWh,FR,FR,imbalance_price,Long,2026-06-07T17:42:53Z
2026-06-07T17:41:56Z,2026-06-07T19:41:56+0200,9fbaedea-27ef-4990-85cf-49287850296c,2026-05-09T17:45:00Z,2026-05-09T19:45:00+0200,19.82,EUR/MWh,FR,FR,imbalance_price,Short,2026-06-07T17:42:53Z
2026-06-07T17:41:56Z,2026-06-07T19:41:56+0200,9fbaedea-27ef-4990-85cf-49287850296c,2026-05-09T18:00:00Z,2026-05-09T20:00:00+0200,11.58,EUR/MWh,FR,FR,imbalance_price,Long,2026-06-07T17:42:53Z
2026-06-07T17:41:56Z,2026-06-07T19:41:56+0200,9fbaedea-27ef-4990-85cf-49287850296c,2026-05-09T18:00:00Z,2026-05-09T20:00:00+0200,13.72,EUR/MWh,FR,FR,imbalance_price,Short,2026-06-07T17:42:53Z
2026-06-07T17:41:56Z,2026-06-07T19:41:56+0200,9fbaedea-27ef-4990-85cf-49287850296c,2026-05-09T18:15:00Z,2026-05-09T20:15:00+0200,5.91,EUR/MWh,FR,FR,imbalance_price,Long,2026-06-07T17:42:53Z
2026-06-07T17:41:56Z,2026-06-07T19:41:56+0200,9fbaedea-27ef-4990-85cf-49287850296c,2026-05-09T18:15:00Z,2026-05-09T20:15:00+0200,7.01,EUR/MWh,FR,FR,imbalance_price,Short,2026-06-07T17:42:53Z
2026-06-07T17:41:56Z,2026-06-07T19:41:56+0200,9fbaedea-27ef-4990-85cf-49287850296c,2026-05-09T18:30:00Z,2026-05-09T20:30:00+0200,18.48,EUR/MWh,FR,FR,imbalance_price,Long,2026-06-07T17:42:53Z
2026-06-07T17:41:56Z,2026-06-07T19:41:56+0200,9fbaedea-27ef-4990-85cf-49287850296c,2026-05-09T18:30:00Z,2026-05-09T20:30:00+0200,21.9,EUR/MWh,FR,FR,imbalance_price,Short,2026-06-07T17:42:53Z
2026-06-07T17:41:56Z,2026-06-07T19:41:56+0200,9fbaedea-27ef-4990-85cf-49287850296c,2026-05-09T18:45:00Z,2026-05-09T20:45:00+0200,16.48,EUR/MWh,FR,FR,imbalance_price,Long,2026-06-07T17:42:53Z
2026-06-07T17:41:56Z,2026-06-07T19:41:56+0200,9fbaedea-27ef-4990-85cf-49287850296c,2026-05-09T18:45:00Z,2026-05-09T20:45:00+0200,19.52,EUR/MWh,FR,FR,imbalance_price,Short,2026-06-07T17:42:53Z
2026-06-07T17:41:56Z,2026-06-07T19:41:56+0200,9fbaedea-27ef-4990-85cf-49287850296c,2026-05-09T19:00:00Z,2026-05-09T21:00:00+0200,14.21,EUR/MWh,FR,FR,imbalance_price,Long,2026-06-07T17:42:53Z
2026-06-07T17:41:56Z,2026-06-07T19:41:56+0200,9fbaedea-27ef-4990-85cf-49287850296c,2026-05-09T19:00:00Z,2026-05-09T21:00:00+0200,16.83,EUR/MWh,FR,FR,imbalance_price,Short,2026-06-07T17:42:53Z
2026-06-07T17:41:56Z,2026-06-07T19:41:56+0200,9fbaedea-27ef-4990-85cf-49287850296c,2026-05-09T19:15:00Z,2026-05-09T21:15:00+0200,15.42,EUR/MWh,FR,FR,imbalance_price,Long,2026-06-07T17:42:53Z
2026-06-07T17:41:56Z,2026-06-07T19:41:56+0200,9fbaedea-27ef-4990-85cf-49287850296c,2026-05-09T19:15:00Z,2026-05-09T21:15:00+0200,18.26,EUR/MWh,FR,FR,imbalance_price,Short,2026-06-07T17:42:53Z
2026-06-07T17:41:56Z,2026-06-07T19:41:56+0200,9fbaedea-27ef-4990-85cf-49287850296c,2026-05-09T19:30:00Z,2026-05-09T21:30:00+0200,15.83,EUR/MWh,FR,FR,imbalance_price,Long,2026-06-07T17:42:53Z
2026-06-07T17:41:56Z,2026-06-07T19:41:56+0200,9fbaedea-27ef-4990-85cf-49287850296c,2026-05-09T19:30:00Z,2026-05-09T21:30:00+0200,18.75,EUR/MWh,FR,FR,imbalance_price,Short,2026-06-07T17:42:53Z
2026-06-07T17:41:56Z,2026-06-07T19:41:56+0200,9fbaedea-27ef-4990-85cf-49287850296c,2026-05-09T19:45:00Z,2026-05-09T21:45:00+0200,1.07,EUR/MWh,FR,FR,imbalance_price,Long,2026-06-07T17:42:53Z
2026-06-07T17:41:56Z,2026-06-07T19:41:56+0200,9fbaedea-27ef-4990-85cf-49287850296c,2026-05-09T19:45:00Z,2026-05-09T21:45:00+0200,1.27,EUR/MWh,FR,FR,imbalance_price,Short,2026-06-07T17:42:53Z
2026-06-07T17:41:56Z,2026-06-07T19:41:56+0200,9fbaedea-27ef-4990-85cf-49287850296c,2026-05-09T20:00:00Z,2026-05-09T22:00:00+0200,12.78,EUR/MWh,FR,FR,imbalance_price,Long,2026-06-07T17:42:53Z
2026-06-07T17:41:56Z,2026-06-07T19:41:56+0200,9fbaedea-27ef-4990-85cf-49287850296c,2026-05-09T20:00:00Z,2026-05-09T22:00:00+0200,15.14,EUR/MWh,FR,FR,imbalance_price,Short,2026-06-07T17:42:53Z
2026-06-07T17:41:56Z,2026-06-07T19:41:56+0200,9fbaedea-27ef-4990-85cf-49287850296c,2026-05-09T20:15:00Z,2026-05-09T22:15:00+0200,-71.77,EUR/MWh,FR,FR,imbalance_price,Long,2026-06-07T17:42:53Z
2026-06-07T17:41:56Z,2026-06-07T19:41:56+0200,9fbaedea-27ef-4990-85cf-49287850296c,2026-05-09T20:15:00Z,2026-05-09T22:15:00+0200,-60.57,EUR/MWh,FR,FR,imbalance_price,Short,2026-06-07T17:42:53Z
2026-06-07T17:41:56Z,2026-06-07T19:41:56+0200,9fbaedea-27ef-4990-85cf-49287850296c,2026-05-09T20:30:00Z,2026-05-09T22:30:00+0200,2.38,EUR/MWh,FR,FR,imbalance_price,Long,2026-06-07T17:42:53Z
2026-06-07T17:41:56Z,2026-06-07T19:41:56+0200,9fbaedea-27ef-4990-85cf-49287850296c,2026-05-09T20:30:00Z,2026-05-09T22:30:00+0200,2.82,EUR/MWh,FR,FR,imbalance_price,Short,2026-06-07T17:42:53Z
2026-06-07T17:41:56Z,2026-06-07T19:41:56+0200,9fbaedea-27ef-4990-85cf-49287850296c,2026-05-09T20:45:00Z,2026-05-09T22:45:00+0200,6.6,EUR/MWh,FR,FR,imbalance_price,Long,2026-06-07T17:42:53Z
2026-06-07T17:41:56Z,2026-06-07T19:41:56+0200,9fbaedea-27ef-4990-85cf-49287850296c,2026-05-09T20:45:00Z,2026-05-09T22:45:00+0200,7.82,EUR/MWh,FR,FR,imbalance_price,Short,2026-06-07T17:42:53Z
2026-06-07T17:41:56Z,2026-06-07T19:41:56+0200,9fbaedea-27ef-4990-85cf-49287850296c,2026-05-09T21:00:00Z,2026-05-09T23:00:00+0200,12.39,EUR/MWh,FR,FR,imbalance_price,Long,2026-06-07T17:42:53Z
2026-06-07T17:41:56Z,2026-06-07T19:41:56+0200,9fbaedea-27ef-4990-85cf-49287850296c,2026-05-09T21:00:00Z,2026-05-09T23:00:00+0200,14.69,EUR/MWh,FR,FR,imbalance_price,Short,2026-06-07T17:42:53Z
2026-06-07T17:41:56Z,2026-06-07T19:41:56+0200,9fbaedea-27ef-4990-85cf-49287850296c,2026-05-09T21:15:00Z,2026-05-09T23:15:00+0200,12.21,EUR/MWh,FR,FR,imbalance_price,Long,2026-06-07T17:42:53Z
2026-06-07T17:41:56Z,2026-06-07T19:41:56+0200,9fbaedea-27ef-4990-85cf-49287850296c,2026-05-09T21:15:00Z,2026-05-09T23:15:00+0200,14.47,EUR/MWh,FR,FR,imbalance_price,Short,2026-06-07T17:42:53Z
2026-06-07T17:41:56Z,2026-06-07T19:41:56+0200,9fbaedea-27ef-4990-85cf-49287850296c,2026-05-09T21:30:00Z,2026-05-09T23:30:00+0200,12.46,EUR/MWh,FR,FR,imbalance_price,Long,2026-06-07T17:42:53Z
2026-06-07T17:41:56Z,2026-06-07T19:41:56+0200,9fbaedea-27ef-4990-85cf-49287850296c,2026-05-09T21:30:00Z,2026-05-09T23:30:00+0200,14.76,EUR/MWh,FR,FR,imbalance_price,Short,2026-06-07T17:42:53Z
2026-06-07T17:41:56Z,2026-06-07T19:41:56+0200,9fbaedea-27ef-4990-85cf-49287850296c,2026-05-09T21:45:00Z,2026-05-09T23:45:00+0200,10.81,EUR/MWh,FR,FR,imbalance_price,Long,2026-06-07T17:42:53Z
2026-06-07T17:41:56Z,2026-06-07T19:41:56+0200,9fbaedea-27ef-4990-85cf-49287850296c,2026-05-09T21:45:00Z,2026-05-09T23:45:00+0200,12.81,EUR/MWh,FR,FR,imbalance_price,Short,2026-06-07T17:42:53Z
2026-06-07T17:41:56Z,2026-06-07T19:41:56+0200,9fbaedea-27ef-4990-85cf-49287850296c,2026-05-09T22:00:00Z,2026-05-10T00:00:00+0200,12.34,EUR/MWh,FR,FR,imbalance_price,Long,2026-06-07T17:42:53Z
2026-06-07T17:41:56Z,2026-06-07T19:41:56+0200,9fbaedea-27ef-4990-85cf-49287850296c,2026-05-09T22:00:00Z,2026-05-10T00:00:00+0200,14.62,EUR/MWh,FR,FR,imbalance_price,Short,2026-06-07T17:42:53Z
2026-06-07T17:41:56Z,2026-06-07T19:41:56+0200,9fbaedea-27ef-4990-85cf-49287850296c,2026-05-09T22:15:00Z,2026-05-10T00:15:00+0200,7.51,EUR/MWh,FR,FR,imbalance_price,Long,2026-06-07T17:42:53Z
2026-06-07T17:41:56Z,2026-06-07T19:41:56+0200,9fbaedea-27ef-4990-85cf-49287850296c,2026-05-09T22:15:00Z,2026-05-10T00:15:00+0200,8.89,EUR/MWh,FR,FR,imbalance_price,Short,2026-06-07T17:42:53Z
2026-06-07T17:41:56Z,2026-06-07T19:41:56+0200,9fbaedea-27ef-4990-85cf-49287850296c,2026-05-09T22:30:00Z,2026-05-10T00:30:00+0200,6.89,EUR/MWh,FR,FR,imbalance_price,Long,2026-06-07T17:42:53Z
2026-06-07T17:41:56Z,2026-06-07T19:41:56+0200,9fbaedea-27ef-4990-85cf-49287850296c,2026-05-09T22:30:00Z,2026-05-10T00:30:00+0200,8.17,EUR/MWh,FR,FR,imbalance_price,Short,2026-06-07T17:42:53Z
2026-06-07T17:41:56Z,2026-06-07T19:41:56+0200,9fbaedea-27ef-4990-85cf-49287850296c,2026-05-09T22:45:00Z,2026-05-10T00:45:00+0200,6.97,EUR/MWh,FR,FR,imbalance_price,Long,2026-06-07T17:42:53Z
2026-06-07T17:41:56Z,2026-06-07T19:41:56+0200,9fbaedea-27ef-4990-85cf-49287850296c,2026-05-09T22:45:00Z,2026-05-10T00:45:00+0200,8.25,EUR/MWh,FR,FR,imbalance_price,Short,2026-06-07T17:42:53Z
2026-06-07T17:41:56Z,2026-06-07T19:41:56+0200,9fbaedea-27ef-4990-85cf-49287850296c,2026-05-09T23:00:00Z,2026-05-10T01:00:00+0200,6.82,EUR/MWh,FR,FR,imbalance_price,Long,2026-06-07T17:42:53Z
2026-06-07T17:41:56Z,2026-06-07T19:41:56+0200,9fbaedea-27ef-4990-85cf-49287850296c,2026-05-09T23:00:00Z,2026-05-10T01:00:00+0200,8.08,EUR/MWh,FR,FR,imbalance_price,Short,2026-06-07T17:42:53Z
2026-06-07T17:41:56Z,2026-06-07T19:41:56+0200,9fbaedea-27ef-4990-85cf-49287850296c,2026-05-09T23:15:00Z,2026-05-10T01:15:00+0200,5.38,EUR/MWh,FR,FR,imbalance_price,Long,2026-06-07T17:42:53Z
2026-06-07T17:41:56Z,2026-06-07T19:41:56+0200,9fbaedea-27ef-4990-85cf-49287850296c,2026-05-09T23:15:00Z,2026-05-10T01:15:00+0200,6.38,EUR/MWh,FR,FR,imbalance_price,Short,2026-06-07T17:42:53Z
2026-06-07T17:41:56Z,2026-06-07T19:41:56+0200,9fbaedea-27ef-4990-85cf-49287850296c,2026-05-09T23:30:00Z,2026-05-10T01:30:00+0200,5.0,EUR/MWh,FR,FR,imbalance_price,Long,2026-06-07T17:42:53Z
2026-06-07T17:41:56Z,2026-06-07T19:41:56+0200,9fbaedea-27ef-4990-85cf-49287850296c,2026-05-09T23:30:00Z,2026-05-10T01:30:00+0200,5.92,EUR/MWh,FR,FR,imbalance_price,Short,2026-06-07T17:42:53Z
2026-06-07T17:41:56Z,2026-06-07T19:41:56+0200,9fbaedea-27ef-4990-85cf-49287850296c,2026-05-09T23:45:00Z,2026-05-10T01:45:00+0200,5.0,EUR/MWh,FR,FR,imbalance_price,Long,2026-06-07T17:42:53Z
2026-06-07T17:41:56Z,2026-06-07T19:41:56+0200,9fbaedea-27ef-4990-85cf-49287850296c,2026-05-09T23:45:00Z,2026-05-10T01:45:00+0200,5.92,EUR/MWh,FR,FR,imbalance_price,Short,2026-06-07T17:42:53Z
2026-06-07T17:41:56Z,2026-06-07T19:41:56+0200,9fbaedea-27ef-4990-85cf-49287850296c,2026-05-10T00:00:00Z,2026-05-10T02:00:00+0200,5.0,EUR/MWh,FR,FR,imbalance_price,Long,2026-06-07T17:42:53Z
2026-06-07T17:41:56Z,2026-06-07T19:41:56+0200,9fbaedea-27ef-4990-85cf-49287850296c,2026-05-10T00:00:00Z,2026-05-10T02:00:00+0200,5.92,EUR/MWh,FR,FR,imbalance_price,Short,2026-06-07T17:42:53Z
2026-06-07T17:41:56Z,2026-06-07T19:41:56+0200,9fbaedea-27ef-4990-85cf-49287850296c,2026-05-10T00:15:00Z,2026-05-10T02:15:00+0200,4.35,EUR/MWh,FR,FR,imbalance_price,Long,2026-06-07T17:42:53Z
2026-06-07T17:41:56Z,2026-06-07T19:41:56+0200,9fbaedea-27ef-4990-85cf-49287850296c,2026-05-10T00:15:00Z,2026-05-10T02:15:00+0200,5.15,EUR/MWh,FR,FR,imbalance_price,Short,2026-06-07T17:42:53Z
2026-06-07T17:41:56Z,2026-06-07T19:41:56+0200,9fbaedea-27ef-4990-85cf-49287850296c,2026-05-10T00:30:00Z,2026-05-10T02:30:00+0200,3.61,EUR/MWh,FR,FR,imbalance_price,Long,2026-06-07T17:42:53Z
2026-06-07T17:41:56Z,2026-06-07T19:41:56+0200,9fbaedea-27ef-4990-85cf-49287850296c,2026-05-10T00:30:00Z,2026-05-10T02:30:00+0200,4.27,EUR/MWh,FR,FR,imbalance_price,Short,2026-06-07T17:42:53Z
2026-06-07T17:41:56Z,2026-06-07T19:41:56+0200,9fbaedea-27ef-4990-85cf-49287850296c,2026-05-10T00:45:00Z,2026-05-10T02:45:00+0200,7.31,EUR/MWh,FR,FR,imbalance_price,Long,2026-06-07T17:42:53Z
2026-06-07T17:41:56Z,2026-06-07T19:41:56+0200,9fbaedea-27ef-4990-85cf-49287850296c,2026-05-10T00:45:00Z,2026-05-10T02:45:00+0200,8.67,EUR/MWh,FR,FR,imbalance_price,Short,2026-06-07T17:42:53Z
2026-06-07T17:41:56Z,2026-06-07T19:41:56+0200,9fbaedea-27ef-4990-85cf-49287850296c,2026-05-10T01:00:00Z,2026-05-10T03:00:00+0200,4.17,EUR/MWh,FR,FR,imbalance_price,Long,2026-06-07T17:42:53Z
2026-06-07T17:41:56Z,2026-06-07T19:41:56+0200,9fbaedea-27ef-4990-85cf-49287850296c,2026-05-10T01:00:00Z,2026-05-10T03:00:00+0200,4.93,EUR/MWh,FR,FR,imbalance_price,Short,2026-06-07T17:42:53Z
2026-06-07T17:41:56Z,2026-06-07T19:41:56+0200,9fbaedea-27ef-4990-85cf-49287850296c,2026-05-10T01:15:00Z,2026-05-10T03:15:00+0200,2.73,EUR/MWh,FR,FR,imbalance_price,Long,2026-06-07T17:42:53Z
2026-06-07T17:41:56Z,2026-06-07T19:41:56+0200,9fbaedea-27ef-4990-85cf-49287850296c,2026-05-10T01:15:00Z,2026-05-10T03:15:00+0200,3.23,EUR/MWh,FR,FR,imbalance_price,Short,2026-06-07T17:42:53Z
2026-06-07T17:41:56Z,2026-06-07T19:41:56+0200,9fbaedea-27ef-4990-85cf-49287850296c,2026-05-10T01:30:00Z,2026-05-10T03:30:00+0200,-2.26,EUR/MWh,FR,FR,imbalance_price,Long,2026-06-07T17:42:53Z
2026-06-07T17:41:56Z,2026-06-07T19:41:56+0200,9fbaedea-27ef-4990-85cf-49287850296c,2026-05-10T01:30:00Z,2026-05-10T03:30:00+0200,-1.9,EUR/MWh,FR,FR,imbalance_price,Short,2026-06-07T17:42:53Z
2026-06-07T17:41:56Z,2026-06-07T19:41:56+0200,9fbaedea-27ef-4990-85cf-49287850296c,2026-05-10T01:45:00Z,2026-05-10T03:45:00+0200,-1.16,EUR/MWh,FR,FR,imbalance_price,Long,2026-06-07T17:42:53Z
2026-06-07T17:41:56Z,2026-06-07T19:41:56+0200,9fbaedea-27ef-4990-85cf-49287850296c,2026-05-10T01:45:00Z,2026-05-10T03:45:00+0200,-0.98,EUR/MWh,FR,FR,imbalance_price,Short,2026-06-07T17:42:53Z
2026-06-07T17:41:56Z,2026-06-07T19:41:56+0200,9fbaedea-27ef-4990-85cf-49287850296c,2026-05-10T02:00:00Z,2026-05-10T04:00:00+0200,-9.4,EUR/MWh,FR,FR,imbalance_price,Long,2026-06-07T17:42:53Z
2026-06-07T17:41:56Z,2026-06-07T19:41:56+0200,9fbaedea-27ef-4990-85cf-49287850296c,2026-05-10T02:00:00Z,2026-05-10T04:00:00+0200,-7.94,EUR/MWh,FR,FR,imbalance_price,Short,2026-06-07T17:42:53Z
2026-06-07T17:41:56Z,2026-06-07T19:41:56+0200,9fbaedea-27ef-4990-85cf-49287850296c,2026-05-10T02:15:00Z,2026-05-10T04:15:00+0200,-11.59,EUR/MWh,FR,FR,imbalance_price,Long,2026-06-07T17:42:53Z
2026-06-07T17:41:56Z,2026-06-07T19:41:56+0200,9fbaedea-27ef-4990-85cf-49287850296c,2026-05-10T02:15:00Z,2026-05-10T04:15:00+0200,-9.79,EUR/MWh,FR,FR,imbalance_price,Short,2026-06-07T17:42:53Z
2026-06-07T17:41:56Z,2026-06-07T19:41:56+0200,9fbaedea-27ef-4990-85cf-49287850296c,2026-05-10T02:30:00Z,2026-05-10T04:30:00+0200,-8.22,EUR/MWh,FR,FR,imbalance_price,Long,2026-06-07T17:42:53Z
2026-06-07T17:41:56Z,2026-06-07T19:41:56+0200,9fbaedea-27ef-4990-85cf-49287850296c,2026-05-10T02:30:00Z,2026-05-10T04:30:00+0200,-6.94,EUR/MWh,FR,FR,imbalance_price,Short,2026-06-07T17:42:53Z
2026-06-07T17:41:56Z,2026-06-07T19:41:56+0200,9fbaedea-27ef-4990-85cf-49287850296c,2026-05-10T02:45:00Z,2026-05-10T04:45:00+0200,-4.13,EUR/MWh,FR,FR,imbalance_price,Long,2026-06-07T17:42:53Z
2026-06-07T17:41:56Z,2026-06-07T19:41:56+0200,9fbaedea-27ef-4990-85cf-49287850296c,2026-05-10T02:45:00Z,2026-05-10T04:45:00+0200,-3.49,EUR/MWh,FR,FR,imbalance_price,Short,2026-06-07T17:42:53Z
2026-06-07T17:41:56Z,2026-06-07T19:41:56+0200,9fbaedea-27ef-4990-85cf-49287850296c,2026-05-10T03:00:00Z,2026-05-10T05:00:00+0200,3.52,EUR/MWh,FR,FR,imbalance_price,Long,2026-06-07T17:42:53Z
2026-06-07T17:41:56Z,2026-06-07T19:41:56+0200,9fbaedea-27ef-4990-85cf-49287850296c,2026-05-10T03:00:00Z,2026-05-10T05:00:00+0200,4.18,EUR/MWh,FR,FR,imbalance_price,Short,2026-06-07T17:42:53Z
2026-06-07T17:41:56Z,2026-06-07T19:41:56+0200,9fbaedea-27ef-4990-85cf-49287850296c,2026-05-10T03:15:00Z,2026-05-10T05:15:00+0200,1.31,EUR/MWh,FR,FR,imbalance_price,Long,2026-06-07T17:42:53Z
2026-06-07T17:41:56Z,2026-06-07T19:41:56+0200,9fbaedea-27ef-4990-85cf-49287850296c,2026-05-10T03:15:00Z,2026-05-10T05:15:00+0200,1.55,EUR/MWh,FR,FR,imbalance_price,Short,2026-06-07T17:42:53Z
2026-06-07T17:41:56Z,2026-06-07T19:41:56+0200,9fbaedea-27ef-4990-85cf-49287850296c,2026-05-10T03:30:00Z,2026-05-10T05:30:00+0200,2.37,EUR/MWh,FR,FR,imbalance_price,Long,2026-06-07T17:42:53Z
2026-06-07T17:41:56Z,2026-06-07T19:41:56+0200,9fbaedea-27ef-4990-85cf-49287850296c,2026-05-10T03:30:00Z,2026-05-10T05:30:00+0200,2.81,EUR/MWh,FR,FR,imbalance_price,Short,2026-06-07T17:42:53Z
2026-06-07T17:41:56Z,2026-06-07T19:41:56+0200,9fbaedea-27ef-4990-85cf-49287850296c,2026-05-10T03:45:00Z,2026-05-10T05:45:00+0200,2.54,EUR/MWh,FR,FR,imbalance_price,Long,2026-06-07T17:42:53Z
2026-06-07T17:41:56Z,2026-06-07T19:41:56+0200,9fbaedea-27ef-4990-85cf-49287850296c,2026-05-10T03:45:00Z,2026-05-10T05:45:00+0200,3.02,EUR/MWh,FR,FR,imbalance_price,Short,2026-06-07T17:42:53Z
2026-06-07T17:41:56Z,2026-06-07T19:41:56+0200,9fbaedea-27ef-4990-85cf-49287850296c,2026-05-10T04:00:00Z,2026-05-10T06:00:00+0200,1.93,EUR/MWh,FR,FR,imbalance_price,Long,2026-06-07T17:42:53Z
2026-06-07T17:41:56Z,2026-06-07T19:41:56+0200,9fbaedea-27ef-4990-85cf-49287850296c,2026-05-10T04:00:00Z,2026-05-10T06:00:00+0200,2.29,EUR/MWh,FR,FR,imbalance_price,Short,2026-06-07T17:42:53Z
2026-06-07T17:41:56Z,2026-06-07T19:41:56+0200,9fbaedea-27ef-4990-85cf-49287850296c,2026-05-10T04:15:00Z,2026-05-10T06:15:00+0200,1.13,EUR/MWh,FR,FR,imbalance_price,Long,2026-06-07T17:42:53Z
2026-06-07T17:41:56Z,2026-06-07T19:41:56+0200,9fbaedea-27ef-4990-85cf-49287850296c,2026-05-10T04:15:00Z,2026-05-10T06:15:00+0200,1.33,EUR/MWh,FR,FR,imbalance_price,Short,2026-06-07T17:42:53Z
2026-06-07T17:41:56Z,2026-06-07T19:41:56+0200,9fbaedea-27ef-4990-85cf-49287850296c,2026-05-10T04:30:00Z,2026-05-10T06:30:00+0200,1.25,EUR/MWh,FR,FR,imbalance_price,Long,2026-06-07T17:42:53Z
2026-06-07T17:41:56Z,2026-06-07T19:41:56+0200,9fbaedea-27ef-4990-85cf-49287850296c,2026-05-10T04:30:00Z,2026-05-10T06:30:00+0200,1.49,EUR/MWh,FR,FR,imbalance_price,Short,2026-06-07T17:42:53Z
2026-06-07T17:41:56Z,2026-06-07T19:41:56+0200,9fbaedea-27ef-4990-85cf-49287850296c,2026-05-10T04:45:00Z,2026-05-10T06:45:00+0200,1.17,EUR/MWh,FR,FR,imbalance_price,Long,2026-06-07T17:42:53Z
2026-06-07T17:41:56Z,2026-06-07T19:41:56+0200,9fbaedea-27ef-4990-85cf-49287850296c,2026-05-10T04:45:00Z,2026-05-10T06:45:00+0200,1.39,EUR/MWh,FR,FR,imbalance_price,Short,2026-06-07T17:42:53Z
2026-06-07T17:41:56Z,2026-06-07T19:41:56+0200,9fbaedea-27ef-4990-85cf-49287850296c,2026-05-10T05:00:00Z,2026-05-10T07:00:00+0200,-9.02,EUR/MWh,FR,FR,imbalance_price,Long,2026-06-07T17:42:53Z
2026-06-07T17:41:56Z,2026-06-07T19:41:56+0200,9fbaedea-27ef-4990-85cf-49287850296c,2026-05-10T05:00:00Z,2026-05-10T07:00:00+0200,-7.62,EUR/MWh,FR,FR,imbalance_price,Short,2026-06-07T17:42:53Z
2026-06-07T17:41:56Z,2026-06-07T19:41:56+0200,9fbaedea-27ef-4990-85cf-49287850296c,2026-05-10T05:15:00Z,2026-05-10T07:15:00+0200,-2.0,EUR/MWh,FR,FR,imbalance_price,Long,2026-06-07T17:42:53Z
2026-06-07T17:41:56Z,2026-06-07T19:41:56+0200,9fbaedea-27ef-4990-85cf-49287850296c,2026-05-10T05:15:00Z,2026-05-10T07:15:00+0200,-1.68,EUR/MWh,FR,FR,imbalance_price,Short,2026-06-07T17:42:53Z
2026-06-07T17:41:56Z,2026-06-07T19:41:56+0200,9fbaedea-27ef-4990-85cf-49287850296c,2026-05-10T05:30:00Z,2026-05-10T07:30:00+0200,0.86,EUR/MWh,FR,FR,imbalance_price,Long,2026-06-07T17:42:53Z
2026-06-07T17:41:56Z,2026-06-07T19:41:56+0200,9fbaedea-27ef-4990-85cf-49287850296c,2026-05-10T05:30:00Z,2026-05-10T07:30:00+0200,1.02,EUR/MWh,FR,FR,imbalance_price,Short,2026-06-07T17:42:53Z
2026-06-07T17:41:56Z,2026-06-07T19:41:56+0200,9fbaedea-27ef-4990-85cf-49287850296c,2026-05-10T05:45:00Z,2026-05-10T07:45:00+0200,0.36,EUR/MWh,FR,FR,imbalance_price,Long,2026-06-07T17:42:53Z
2026-06-07T17:41:56Z,2026-06-07T19:41:56+0200,9fbaedea-27ef-4990-85cf-49287850296c,2026-05-10T05:45:00Z,2026-05-10T07:45:00+0200,0.42,EUR/MWh,FR,FR,imbalance_price,Short,2026-06-07T17:42:53Z
2026-06-07T17:41:56Z,2026-06-07T19:41:56+0200,9fbaedea-27ef-4990-85cf-49287850296c,2026-05-10T06:00:00Z,2026-05-10T08:00:00+0200,1.14,EUR/MWh,FR,FR,imbalance_price,Long,2026-06-07T17:42:53Z
2026-06-07T17:41:56Z,2026-06-07T19:41:56+0200,9fbaedea-27ef-4990-85cf-49287850296c,2026-05-10T06:00:00Z,2026-05-10T08:00:00+0200,1.34,EUR/MWh,FR,FR,imbalance_price,Short,2026-06-07T17:42:53Z
2026-06-07T17:41:56Z,2026-06-07T19:41:56+0200,9fbaedea-27ef-4990-85cf-49287850296c,2026-05-10T06:15:00Z,2026-05-10T08:15:00+0200,0.7,EUR/MWh,FR,FR,imbalance_price,Long,2026-06-07T17:42:53Z
2026-06-07T17:41:56Z,2026-06-07T19:41:56+0200,9fbaedea-27ef-4990-85cf-49287850296c,2026-05-10T06:15:00Z,2026-05-10T08:15:00+0200,0.82,EUR/MWh,FR,FR,imbalance_price,Short,2026-06-07T17:42:53Z
2026-06-07T17:41:56Z,2026-06-07T19:41:56+0200,9fbaedea-27ef-4990-85cf-49287850296c,2026-05-10T06:30:00Z,2026-05-10T08:30:00+0200,-4.27,EUR/MWh,FR,FR,imbalance_price,Long,2026-06-07T17:42:53Z
2026-06-07T17:41:56Z,2026-06-07T19:41:56+0200,9fbaedea-27ef-4990-85cf-49287850296c,2026-05-10T06:30:00Z,2026-05-10T08:30:00+0200,-3.61,EUR/MWh,FR,FR,imbalance_price,Short,2026-06-07T17:42:53Z
2026-06-07T17:41:56Z,2026-06-07T19:41:56+0200,9fbaedea-27ef-4990-85cf-49287850296c,2026-05-10T06:45:00Z,2026-05-10T08:45:00+0200,-9.98,EUR/MWh,FR,FR,imbalance_price,Long,2026-06-07T17:42:53Z
2026-06-07T17:41:56Z,2026-06-07T19:41:56+0200,9fbaedea-27ef-4990-85cf-49287850296c,2026-05-10T06:45:00Z,2026-05-10T08:45:00+0200,-8.42,EUR/MWh,FR,FR,imbalance_price,Short,2026-06-07T17:42:53Z
2026-06-07T17:41:56Z,2026-06-07T19:41:56+0200,9fbaedea-27ef-4990-85cf-49287850296c,2026-05-10T07:00:00Z,2026-05-10T09:00:00+0200,-9.93,EUR/MWh,FR,FR,imbalance_price,Long,2026-06-07T17:42:53Z
2026-06-07T17:41:56Z,2026-06-07T19:41:56+0200,9fbaedea-27ef-4990-85cf-49287850296c,2026-05-10T07:00:00Z,2026-05-10T09:00:00+0200,-8.39,EUR/MWh,FR,FR,imbalance_price,Short,2026-06-07T17:42:53Z
2026-06-07T17:41:56Z,2026-06-07T19:41:56+0200,9fbaedea-27ef-4990-85cf-49287850296c,2026-05-10T07:15:00Z,2026-05-10T09:15:00+0200,-14.92,EUR/MWh,FR,FR,imbalance_price,Long,2026-06-07T17:42:53Z
2026-06-07T17:41:56Z,2026-06-07T19:41:56+0200,9fbaedea-27ef-4990-85cf-49287850296c,2026-05-10T07:15:00Z,2026-05-10T09:15:00+0200,-12.6,EUR/MWh,FR,FR,imbalance_price,Short,2026-06-07T17:42:53Z
2026-06-07T17:41:56Z,2026-06-07T19:41:56+0200,9fbaedea-27ef-4990-85cf-49287850296c,2026-05-10T07:30:00Z,2026-05-10T09:30:00+0200,-57.89,EUR/MWh,FR,FR,imbalance_price,Long,2026-06-07T17:42:53Z
2026-06-07T17:41:56Z,2026-06-07T19:41:56+0200,9fbaedea-27ef-4990-85cf-49287850296c,2026-05-10T07:30:00Z,2026-05-10T09:30:00+0200,-48.85,EUR/MWh,FR,FR,imbalance_price,Short,2026-06-07T17:42:53Z
2026-06-07T17:41:56Z,2026-06-07T19:41:56+0200,9fbaedea-27ef-4990-85cf-49287850296c,2026-05-10T07:45:00Z,2026-05-10T09:45:00+0200,-210.85,EUR/MWh,FR,FR,imbalance_price,Long,2026-06-07T17:42:53Z
2026-06-07T17:41:56Z,2026-06-07T19:41:56+0200,9fbaedea-27ef-4990-85cf-49287850296c,2026-05-10T07:45:00Z,2026-05-10T09:45:00+0200,-177.95,EUR/MWh,FR,FR,imbalance_price,Short,2026-06-07T17:42:53Z
2026-06-07T17:41:56Z,2026-06-07T19:41:56+0200,9fbaedea-27ef-4990-85cf-49287850296c,2026-05-10T08:00:00Z,2026-05-10T10:00:00+0200,-45.72,EUR/MWh,FR,FR,imbalance_price,Long,2026-06-07T17:42:53Z
2026-06-07T17:41:56Z,2026-06-07T19:41:56+0200,9fbaedea-27ef-4990-85cf-49287850296c,2026-05-10T08:00:00Z,2026-05-10T10:00:00+0200,-38.58,EUR/MWh,FR,FR,imbalance_price,Short,2026-06-07T17:42:53Z
2026-06-07T17:41:56Z,2026-06-07T19:41:56+0200,9fbaedea-27ef-4990-85cf-49287850296c,2026-05-10T08:15:00Z,2026-05-10T10:15:00+0200,-51.5,EUR/MWh,FR,FR,imbalance_price,Long,2026-06-07T17:42:53Z
2026-06-07T17:41:56Z,2026-06-07T19:41:56+0200,9fbaedea-27ef-4990-85cf-49287850296c,2026-05-10T08:15:00Z,2026-05-10T10:15:00+0200,-43.46,EUR/MWh,FR,FR,imbalance_price,Short,2026-06-07T17:42:53Z
2026-06-07T17:41:56Z,2026-06-07T19:41:56+0200,9fbaedea-27ef-4990-85cf-49287850296c,2026-05-10T08:30:00Z,2026-05-10T10:30:00+0200,-56.37,EUR/MWh,FR,FR,imbalance_price,Long,2026-06-07T17:42:53Z
2026-06-07T17:41:56Z,2026-06-07T19:41:56+0200,9fbaedea-27ef-4990-85cf-49287850296c,2026-05-10T08:30:00Z,2026-05-10T10:30:00+0200,-47.57,EUR/MWh,FR,FR,imbalance_price,Short,2026-06-07T17:42:53Z
2026-06-07T17:41:56Z,2026-06-07T19:41:56+0200,9fbaedea-27ef-4990-85cf-49287850296c,2026-05-10T08:45:00Z,2026-05-10T10:45:00+0200,-54.26,EUR/MWh,FR,FR,imbalance_price,Long,2026-06-07T17:42:53Z
2026-06-07T17:41:56Z,2026-06-07T19:41:56+0200,9fbaedea-27ef-4990-85cf-49287850296c,2026-05-10T08:45:00Z,2026-05-10T10:45:00+0200,-45.8,EUR/MWh,FR,FR,imbalance_price,Short,2026-06-07T17:42:53Z
2026-06-07T17:41:56Z,2026-06-07T19:41:56+0200,9fbaedea-27ef-4990-85cf-49287850296c,2026-05-10T09:00:00Z,2026-05-10T11:00:00+0200,-53.59,EUR/MWh,FR,FR,imbalance_price,Long,2026-06-07T17:42:53Z
2026-06-07T17:41:56Z,2026-06-07T19:41:56+0200,9fbaedea-27ef-4990-85cf-49287850296c,2026-05-10T09:00:00Z,2026-05-10T11:00:00+0200,-45.23,EUR/MWh,FR,FR,imbalance_price,Short,2026-06-07T17:42:53Z
2026-06-07T17:41:56Z,2026-06-07T19:41:56+0200,9fbaedea-27ef-4990-85cf-49287850296c,2026-05-10T09:15:00Z,2026-05-10T11:15:00+0200,-56.37,EUR/MWh,FR,FR,imbalance_price,Long,2026-06-07T17:42:53Z
2026-06-07T17:41:56Z,2026-06-07T19:41:56+0200,9fbaedea-27ef-4990-85cf-49287850296c,2026-05-10T09:15:00Z,2026-05-10T11:15:00+0200,-47.57,EUR/MWh,FR,FR,imbalance_price,Short,2026-06-07T17:42:53Z
2026-06-07T17:41:56Z,2026-06-07T19:41:56+0200,9fbaedea-27ef-4990-85cf-49287850296c,2026-05-10T09:30:00Z,2026-05-10T11:30:00+0200,-54.66,EUR/MWh,FR,FR,imbalance_price,Long,2026-06-07T17:42:53Z
2026-06-07T17:41:56Z,2026-06-07T19:41:56+0200,9fbaedea-27ef-4990-85cf-49287850296c,2026-05-10T09:30:00Z,2026-05-10T11:30:00+0200,-46.14,EUR/MWh,FR,FR,imbalance_price,Short,2026-06-07T17:42:53Z
2026-06-07T17:41:56Z,2026-06-07T19:41:56+0200,9fbaedea-27ef-4990-85cf-49287850296c,2026-05-10T09:45:00Z,2026-05-10T11:45:00+0200,-54.77,EUR/MWh,FR,FR,imbalance_price,Long,2026-06-07T17:42:53Z
2026-06-07T17:41:56Z,2026-06-07T19:41:56+0200,9fbaedea-27ef-4990-85cf-49287850296c,2026-05-10T09:45:00Z,2026-05-10T11:45:00+0200,-46.23,EUR/MWh,FR,FR,imbalance_price,Short,2026-06-07T17:42:53Z
2026-06-07T17:41:56Z,2026-06-07T19:41:56+0200,9fbaedea-27ef-4990-85cf-49287850296c,2026-05-10T10:00:00Z,2026-05-10T12:00:00+0200,-64.07,EUR/MWh,FR,FR,imbalance_price,Long,2026-06-07T17:42:53Z
2026-06-07T17:41:56Z,2026-06-07T19:41:56+0200,9fbaedea-27ef-4990-85cf-49287850296c,2026-05-10T10:00:00Z,2026-05-10T12:00:00+0200,-54.07,EUR/MWh,FR,FR,imbalance_price,Short,2026-06-07T17:42:53Z
2026-06-07T17:41:56Z,2026-06-07T19:41:56+0200,9fbaedea-27ef-4990-85cf-49287850296c,2026-05-10T10:15:00Z,2026-05-10T12:15:00+0200,-63.56,EUR/MWh,FR,FR,imbalance_price,Long,2026-06-07T17:42:53Z
2026-06-07T17:41:56Z,2026-06-07T19:41:56+0200,9fbaedea-27ef-4990-85cf-49287850296c,2026-05-10T10:15:00Z,2026-05-10T12:15:00+0200,-53.64,EUR/MWh,FR,FR,imbalance_price,Short,2026-06-07T17:42:53Z
2026-06-07T17:41:56Z,2026-06-07T19:41:56+0200,9fbaedea-27ef-4990-85cf-49287850296c,2026-05-10T10:30:00Z,2026-05-10T12:30:00+0200,144.63,EUR/MWh,FR,FR,imbalance_price,Long,2026-06-07T17:42:53Z
2026-06-07T17:41:56Z,2026-06-07T19:41:56+0200,9fbaedea-27ef-4990-85cf-49287850296c,2026-05-10T10:30:00Z,2026-05-10T12:30:00+0200,171.37,EUR/MWh,FR,FR,imbalance_price,Short,2026-06-07T17:42:53Z
2026-06-07T17:41:56Z,2026-06-07T19:41:56+0200,9fbaedea-27ef-4990-85cf-49287850296c,2026-05-10T10:45:00Z,2026-05-10T12:45:00+0200,113.62,EUR/MWh,FR,FR,imbalance_price,Long,2026-06-07T17:42:53Z
2026-06-07T17:41:56Z,2026-06-07T19:41:56+0200,9fbaedea-27ef-4990-85cf-49287850296c,2026-05-10T10:45:00Z,2026-05-10T12:45:00+0200,134.62,EUR/MWh,FR,FR,imbalance_price,Short,2026-06-07T17:42:53Z
2026-06-07T17:41:56Z,2026-06-07T19:41:56+0200,9fbaedea-27ef-4990-85cf-49287850296c,2026-05-10T11:00:00Z,2026-05-10T13:00:00+0200,117.92,EUR/MWh,FR,FR,imbalance_price,Long,2026-06-07T17:42:53Z
2026-06-07T17:41:56Z,2026-06-07T19:41:56+0200,9fbaedea-27ef-4990-85cf-49287850296c,2026-05-10T11:00:00Z,2026-05-10T13:00:00+0200,139.72,EUR/MWh,FR,FR,imbalance_price,Short,2026-06-07T17:42:53Z
2026-06-07T17:41:56Z,2026-06-07T19:41:56+0200,9fbaedea-27ef-4990-85cf-49287850296c,2026-05-10T11:15:00Z,2026-05-10T13:15:00+0200,91.2,EUR/MWh,FR,FR,imbalance_price,Long,2026-06-07T17:42:53Z
2026-06-07T17:41:56Z,2026-06-07T19:41:56+0200,9fbaedea-27ef-4990-85cf-49287850296c,2026-05-10T11:15:00Z,2026-05-10T13:15:00+0200,108.06,EUR/MWh,FR,FR,imbalance_price,Short,2026-06-07T17:42:53Z
2026-06-07T17:41:56Z,2026-06-07T19:41:56+0200,9fbaedea-27ef-4990-85cf-49287850296c,2026-05-10T11:30:00Z,2026-05-10T13:30:00+0200,64.54,EUR/MWh,FR,FR,imbalance_price,Long,2026-06-07T17:42:53Z
2026-06-07T17:41:56Z,2026-06-07T19:41:56+0200,9fbaedea-27ef-4990-85cf-49287850296c,2026-05-10T11:30:00Z,2026-05-10T13:30:00+0200,76.46,EUR/MWh,FR,FR,imbalance_price,Short,2026-06-07T17:42:53Z
2026-06-07T17:41:56Z,2026-06-07T19:41:56+0200,9fbaedea-27ef-4990-85cf-49287850296c,2026-05-10T11:45:00Z,2026-05-10T13:45:00+0200,37.19,EUR/MWh,FR,FR,imbalance_price,Long,2026-06-07T17:42:53Z
2026-06-07T17:41:56Z,2026-06-07T19:41:56+0200,9fbaedea-27ef-4990-85cf-49287850296c,2026-05-10T11:45:00Z,2026-05-10T13:45:00+0200,44.07,EUR/MWh,FR,FR,imbalance_price,Short,2026-06-07T17:42:53Z
2026-06-07T17:41:56Z,2026-06-07T19:41:56+0200,9fbaedea-27ef-4990-85cf-49287850296c,2026-05-10T12:00:00Z,2026-05-10T14:00:00+0200,11.01,EUR/MWh,FR,FR,imbalance_price,Long,2026-06-07T17:42:53Z
2026-06-07T17:41:56Z,2026-06-07T19:41:56+0200,9fbaedea-27ef-4990-85cf-49287850296c,2026-05-10T12:00:00Z,2026-05-10T14:00:00+0200,13.05,EUR/MWh,FR,FR,imbalance_price,Short,2026-06-07T17:42:53Z
2026-06-07T17:41:56Z,2026-06-07T19:41:56+0200,9fbaedea-27ef-4990-85cf-49287850296c,2026-05-10T12:15:00Z,2026-05-10T14:15:00+0200,9.26,EUR/MWh,FR,FR,imbalance_price,Long,2026-06-07T17:42:53Z
2026-06-07T17:41:56Z,2026-06-07T19:41:56+0200,9fbaedea-27ef-4990-85cf-49287850296c,2026-05-10T12:15:00Z,2026-05-10T14:15:00+0200,10.98,EUR/MWh,FR,FR,imbalance_price,Short,2026-06-07T17:42:53Z
2026-06-07T17:41:56Z,2026-06-07T19:41:56+0200,9fbaedea-27ef-4990-85cf-49287850296c,2026-05-10T12:30:00Z,2026-05-10T14:30:00+0200,9.36,EUR/MWh,FR,FR,imbalance_price,Long,2026-06-07T17:42:53Z
2026-06-07T17:41:56Z,2026-06-07T19:41:56+0200,9fbaedea-27ef-4990-85cf-49287850296c,2026-05-10T12:30:00Z,2026-05-10T14:30:00+0200,11.1,EUR/MWh,FR,FR,imbalance_price,Short,2026-06-07T17:42:53Z
2026-06-07T17:41:56Z,2026-06-07T19:41:56+0200,9fbaedea-27ef-4990-85cf-49287850296c,2026-05-10T12:45:00Z,2026-05-10T14:45:00+0200,23.81,EUR/MWh,FR,FR,imbalance_price,Long,2026-06-07T17:42:53Z
2026-06-07T17:41:56Z,2026-06-07T19:41:56+0200,9fbaedea-27ef-4990-85cf-49287850296c,2026-05-10T12:45:00Z,2026-05-10T14:45:00+0200,28.21,EUR/MWh,FR,FR,imbalance_price,Short,2026-06-07T17:42:53Z
2026-06-07T17:41:56Z,2026-06-07T19:41:56+0200,9fbaedea-27ef-4990-85cf-49287850296c,2026-05-10T13:00:00Z,2026-05-10T15:00:00+0200,-25.25,EUR/MWh,FR,FR,imbalance_price,Long,2026-06-07T17:42:53Z
2026-06-07T17:41:56Z,2026-06-07T19:41:56+0200,9fbaedea-27ef-4990-85cf-49287850296c,2026-05-10T13:00:00Z,2026-05-10T15:00:00+0200,-21.31,EUR/MWh,FR,FR,imbalance_price,Short,2026-06-07T17:42:53Z
2026-06-07T17:41:56Z,2026-06-07T19:41:56+0200,9fbaedea-27ef-4990-85cf-49287850296c,2026-05-10T13:15:00Z,2026-05-10T15:15:00+0200,-21.82,EUR/MWh,FR,FR,imbalance_price,Long,2026-06-07T17:42:53Z
2026-06-07T17:41:56Z,2026-06-07T19:41:56+0200,9fbaedea-27ef-4990-85cf-49287850296c,2026-05-10T13:15:00Z,2026-05-10T15:15:00+0200,-18.42,EUR/MWh,FR,FR,imbalance_price,Short,2026-06-07T17:42:53Z
2026-06-07T17:41:56Z,2026-06-07T19:41:56+0200,9fbaedea-27ef-4990-85cf-49287850296c,2026-05-10T13:30:00Z,2026-05-10T15:30:00+0200,34.35,EUR/MWh,FR,FR,imbalance_price,Long,2026-06-07T17:42:53Z
2026-06-07T17:41:56Z,2026-06-07T19:41:56+0200,9fbaedea-27ef-4990-85cf-49287850296c,2026-05-10T13:30:00Z,2026-05-10T15:30:00+0200,40.69,EUR/MWh,FR,FR,imbalance_price,Short,2026-06-07T17:42:53Z
2026-06-07T17:41:56Z,2026-06-07T19:41:56+0200,9fbaedea-27ef-4990-85cf-49287850296c,2026-05-10T13:45:00Z,2026-05-10T15:45:00+0200,41.74,EUR/MWh,FR,FR,imbalance_price,Long,2026-06-07T17:42:53Z
2026-06-07T17:41:56Z,2026-06-07T19:41:56+0200,9fbaedea-27ef-4990-85cf-49287850296c,2026-05-10T13:45:00Z,2026-05-10T15:45:00+0200,49.46,EUR/MWh,FR,FR,imbalance_price,Short,2026-06-07T17:42:53Z
2026-06-07T17:41:56Z,2026-06-07T19:41:56+0200,9fbaedea-27ef-4990-85cf-49287850296c,2026-05-10T14:00:00Z,2026-05-10T16:00:00+0200,26.77,EUR/MWh,FR,FR,imbalance_price,Long,2026-06-07T17:42:53Z
2026-06-07T17:41:56Z,2026-06-07T19:41:56+0200,9fbaedea-27ef-4990-85cf-49287850296c,2026-05-10T14:00:00Z,2026-05-10T16:00:00+0200,31.71,EUR/MWh,FR,FR,imbalance_price,Short,2026-06-07T17:42:53Z
2026-06-07T17:41:56Z,2026-06-07T19:41:56+0200,9fbaedea-27ef-4990-85cf-49287850296c,2026-05-10T14:15:00Z,2026-05-10T16:15:00+0200,78.69,EUR/MWh,FR,FR,imbalance_price,Long,2026-06-07T17:42:53Z
2026-06-07T17:41:56Z,2026-06-07T19:41:56+0200,9fbaedea-27ef-4990-85cf-49287850296c,2026-05-10T14:15:00Z,2026-05-10T16:15:00+0200,93.23,EUR/MWh,FR,FR,imbalance_price,Short,2026-06-07T17:42:53Z
2026-06-07T17:41:56Z,2026-06-07T19:41:56+0200,9fbaedea-27ef-4990-85cf-49287850296c,2026-05-10T14:30:00Z,2026-05-10T16:30:00+0200,26.15,EUR/MWh,FR,FR,imbalance_price,Long,2026-06-07T17:42:53Z
2026-06-07T17:41:56Z,2026-06-07T19:41:56+0200,9fbaedea-27ef-4990-85cf-49287850296c,2026-05-10T14:30:00Z,2026-05-10T16:30:00+0200,30.99,EUR/MWh,FR,FR,imbalance_price,Short,2026-06-07T17:42:53Z
2026-06-07T17:41:56Z,2026-06-07T19:41:56+0200,9fbaedea-27ef-4990-85cf-49287850296c,2026-05-10T14:45:00Z,2026-05-10T16:45:00+0200,26.18,EUR/MWh,FR,FR,imbalance_price,Long,2026-06-07T17:42:53Z
2026-06-07T17:41:56Z,2026-06-07T19:41:56+0200,9fbaedea-27ef-4990-85cf-49287850296c,2026-05-10T14:45:00Z,2026-05-10T16:45:00+0200,31.02,EUR/MWh,FR,FR,imbalance_price,Short,2026-06-07T17:42:53Z
2026-06-07T17:41:56Z,2026-06-07T19:41:56+0200,9fbaedea-27ef-4990-85cf-49287850296c,2026-05-10T15:00:00Z,2026-05-10T17:00:00+0200,23.05,EUR/MWh,FR,FR,imbalance_price,Long,2026-06-07T17:42:53Z
2026-06-07T17:41:56Z,2026-06-07T19:41:56+0200,9fbaedea-27ef-4990-85cf-49287850296c,2026-05-10T15:00:00Z,2026-05-10T17:00:00+0200,27.31,EUR/MWh,FR,FR,imbalance_price,Short,2026-06-07T17:42:53Z
2026-06-07T17:41:56Z,2026-06-07T19:41:56+0200,9fbaedea-27ef-4990-85cf-49287850296c,2026-05-10T15:15:00Z,2026-05-10T17:15:00+0200,22.67,EUR/MWh,FR,FR,imbalance_price,Long,2026-06-07T17:42:53Z
2026-06-07T17:41:56Z,2026-06-07T19:41:56+0200,9fbaedea-27ef-4990-85cf-49287850296c,2026-05-10T15:15:00Z,2026-05-10T17:15:00+0200,26.87,EUR/MWh,FR,FR,imbalance_price,Short,2026-06-07T17:42:53Z
2026-06-07T17:41:56Z,2026-06-07T19:41:56+0200,9fbaedea-27ef-4990-85cf-49287850296c,2026-05-10T15:30:00Z,2026-05-10T17:30:00+0200,1.06,EUR/MWh,FR,FR,imbalance_price,Long,2026-06-07T17:42:53Z
2026-06-07T17:41:56Z,2026-06-07T19:41:56+0200,9fbaedea-27ef-4990-85cf-49287850296c,2026-05-10T15:30:00Z,2026-05-10T17:30:00+0200,1.26,EUR/MWh,FR,FR,imbalance_price,Short,2026-06-07T17:42:53Z
2026-06-07T17:41:56Z,2026-06-07T19:41:56+0200,9fbaedea-27ef-4990-85cf-49287850296c,2026-05-10T15:45:00Z,2026-05-10T17:45:00+0200,33.92,EUR/MWh,FR,FR,imbalance_price,Long,2026-06-07T17:42:53Z
2026-06-07T17:41:56Z,2026-06-07T19:41:56+0200,9fbaedea-27ef-4990-85cf-49287850296c,2026-05-10T15:45:00Z,2026-05-10T17:45:00+0200,40.18,EUR/MWh,FR,FR,imbalance_price,Short,2026-06-07T17:42:53Z
2026-06-07T17:41:56Z,2026-06-07T19:41:56+0200,9fbaedea-27ef-4990-85cf-49287850296c,2026-05-10T16:00:00Z,2026-05-10T18:00:00+0200,3.57,EUR/MWh,FR,FR,imbalance_price,Long,2026-06-07T17:42:53Z
2026-06-07T17:41:56Z,2026-06-07T19:41:56+0200,9fbaedea-27ef-4990-85cf-49287850296c,2026-05-10T16:00:00Z,2026-05-10T18:00:00+0200,4.23,EUR/MWh,FR,FR,imbalance_price,Short,2026-06-07T17:42:53Z
2026-06-07T17:41:56Z,2026-06-07T19:41:56+0200,9fbaedea-27ef-4990-85cf-49287850296c,2026-05-10T16:15:00Z,2026-05-10T18:15:00+0200,65.16,EUR/MWh,FR,FR,imbalance_price,Long,2026-06-07T17:42:53Z
2026-06-07T17:41:56Z,2026-06-07T19:41:56+0200,9fbaedea-27ef-4990-85cf-49287850296c,2026-05-10T16:15:00Z,2026-05-10T18:15:00+0200,77.2,EUR/MWh,FR,FR,imbalance_price,Short,2026-06-07T17:42:53Z
2026-06-07T17:41:56Z,2026-06-07T19:41:56+0200,9fbaedea-27ef-4990-85cf-49287850296c,2026-05-10T16:30:00Z,2026-05-10T18:30:00+0200,37.97,EUR/MWh,FR,FR,imbalance_price,Long,2026-06-07T17:42:53Z
2026-06-07T17:41:56Z,2026-06-07T19:41:56+0200,9fbaedea-27ef-4990-85cf-49287850296c,2026-05-10T16:30:00Z,2026-05-10T18:30:00+0200,44.99,EUR/MWh,FR,FR,imbalance_price,Short,2026-06-07T17:42:53Z
2026-06-07T17:41:56Z,2026-06-07T19:41:56+0200,9fbaedea-27ef-4990-85cf-49287850296c,2026-05-10T16:45:00Z,2026-05-10T18:45:00+0200,31.02,EUR/MWh,FR,FR,imbalance_price,Long,2026-06-07T17:42:53Z
2026-06-07T17:41:56Z,2026-06-07T19:41:56+0200,9fbaedea-27ef-4990-85cf-49287850296c,2026-05-10T16:45:00Z,2026-05-10T18:45:00+0200,36.76,EUR/MWh,FR,FR,imbalance_price,Short,2026-06-07T17:42:53Z
2026-06-07T17:41:56Z,2026-06-07T19:41:56+0200,9fbaedea-27ef-4990-85cf-49287850296c,2026-05-10T17:00:00Z,2026-05-10T19:00:00+0200,35.72,EUR/MWh,FR,FR,imbalance_price,Long,2026-06-07T17:42:53Z
2026-06-07T17:41:56Z,2026-06-07T19:41:56+0200,9fbaedea-27ef-4990-85cf-49287850296c,2026-05-10T17:00:00Z,2026-05-10T19:00:00+0200,42.32,EUR/MWh,FR,FR,imbalance_price,Short,2026-06-07T17:42:53Z
2026-06-07T17:41:56Z,2026-06-07T19:41:56+0200,9fbaedea-27ef-4990-85cf-49287850296c,2026-05-10T17:15:00Z,2026-05-10T19:15:00+0200,34.75,EUR/MWh,FR,FR,imbalance_price,Long,2026-06-07T17:42:53Z
2026-06-07T17:41:56Z,2026-06-07T19:41:56+0200,9fbaedea-27ef-4990-85cf-49287850296c,2026-05-10T17:15:00Z,2026-05-10T19:15:00+0200,41.17,EUR/MWh,FR,FR,imbalance_price,Short,2026-06-07T17:42:53Z
2026-06-07T17:41:56Z,2026-06-07T19:41:56+0200,9fbaedea-27ef-4990-85cf-49287850296c,2026-05-10T17:30:00Z,2026-05-10T19:30:00+0200,53.95,EUR/MWh,FR,FR,imbalance_price,Long,2026-06-07T17:42:53Z
2026-06-07T17:41:56Z,2026-06-07T19:41:56+0200,9fbaedea-27ef-4990-85cf-49287850296c,2026-05-10T17:30:00Z,2026-05-10T19:30:00+0200,63.93,EUR/MWh,FR,FR,imbalance_price,Short,2026-06-07T17:42:53Z
2026-06-07T17:41:56Z,2026-06-07T19:41:56+0200,9fbaedea-27ef-4990-85cf-49287850296c,2026-05-10T17:45:00Z,2026-05-10T19:45:00+0200,49.41,EUR/MWh,FR,FR,imbalance_price,Long,2026-06-07T17:42:53Z
2026-06-07T17:41:56Z,2026-06-07T19:41:56+0200,9fbaedea-27ef-4990-85cf-49287850296c,2026-05-10T17:45:00Z,2026-05-10T19:45:00+0200,58.55,EUR/MWh,FR,FR,imbalance_price,Short,2026-06-07T17:42:53Z
2026-06-07T17:41:56Z,2026-06-07T19:41:56+0200,9fbaedea-27ef-4990-85cf-49287850296c,2026-05-10T18:00:00Z,2026-05-10T20:00:00+0200,74.56,EUR/MWh,FR,FR,imbalance_price,Long,2026-06-07T17:42:53Z
2026-06-07T17:41:56Z,2026-06-07T19:41:56+0200,9fbaedea-27ef-4990-85cf-49287850296c,2026-05-10T18:00:00Z,2026-05-10T20:00:00+0200,88.34,EUR/MWh,FR,FR,imbalance_price,Short,2026-06-07T17:42:53Z
2026-06-07T17:41:56Z,2026-06-07T19:41:56+0200,9fbaedea-27ef-4990-85cf-49287850296c,2026-05-10T18:15:00Z,2026-05-10T20:15:00+0200,76.63,EUR/MWh,FR,FR,imbalance_price,Long,2026-06-07T17:42:53Z
2026-06-07T17:41:56Z,2026-06-07T19:41:56+0200,9fbaedea-27ef-4990-85cf-49287850296c,2026-05-10T18:15:00Z,2026-05-10T20:15:00+0200,90.79,EUR/MWh,FR,FR,imbalance_price,Short,2026-06-07T17:42:53Z
2026-06-07T17:41:56Z,2026-06-07T19:41:56+0200,9fbaedea-27ef-4990-85cf-49287850296c,2026-05-10T18:30:00Z,2026-05-10T20:30:00+0200,102.3,EUR/MWh,FR,FR,imbalance_price,Long,2026-06-07T17:42:53Z
2026-06-07T17:41:56Z,2026-06-07T19:41:56+0200,9fbaedea-27ef-4990-85cf-49287850296c,2026-05-10T18:30:00Z,2026-05-10T20:30:00+0200,121.2,EUR/MWh,FR,FR,imbalance_price,Short,2026-06-07T17:42:53Z
2026-06-07T17:41:56Z,2026-06-07T19:41:56+0200,9fbaedea-27ef-4990-85cf-49287850296c,2026-05-10T18:45:00Z,2026-05-10T20:45:00+0200,116.58,EUR/MWh,FR,FR,imbalance_price,Long,2026-06-07T17:42:53Z
2026-06-07T17:41:56Z,2026-06-07T19:41:56+0200,9fbaedea-27ef-4990-85cf-49287850296c,2026-05-10T18:45:00Z,2026-05-10T20:45:00+0200,138.12,EUR/MWh,FR,FR,imbalance_price,Short,2026-06-07T17:42:53Z
2026-06-07T17:41:56Z,2026-06-07T19:41:56+0200,9fbaedea-27ef-4990-85cf-49287850296c,2026-05-10T19:00:00Z,2026-05-10T21:00:00+0200,30.25,EUR/MWh,FR,FR,imbalance_price,Long,2026-06-07T17:42:53Z
2026-06-07T17:41:56Z,2026-06-07T19:41:56+0200,9fbaedea-27ef-4990-85cf-49287850296c,2026-05-10T19:00:00Z,2026-05-10T21:00:00+0200,35.85,EUR/MWh,FR,FR,imbalance_price,Short,2026-06-07T17:42:53Z
2026-06-07T17:41:56Z,2026-06-07T19:41:56+0200,9fbaedea-27ef-4990-85cf-49287850296c,2026-05-10T19:15:00Z,2026-05-10T21:15:00+0200,30.11,EUR/MWh,FR,FR,imbalance_price,Long,2026-06-07T17:42:53Z
2026-06-07T17:41:56Z,2026-06-07T19:41:56+0200,9fbaedea-27ef-4990-85cf-49287850296c,2026-05-10T19:15:00Z,2026-05-10T21:15:00+0200,35.67,EUR/MWh,FR,FR,imbalance_price,Short,2026-06-07T17:42:53Z
2026-06-07T17:41:56Z,2026-06-07T19:41:56+0200,9fbaedea-27ef-4990-85cf-49287850296c,2026-05-10T19:30:00Z,2026-05-10T21:30:00+0200,29.57,EUR/MWh,FR,FR,imbalance_price,Long,2026-06-07T17:42:53Z
2026-06-07T17:41:56Z,2026-06-07T19:41:56+0200,9fbaedea-27ef-4990-85cf-49287850296c,2026-05-10T19:30:00Z,2026-05-10T21:30:00+0200,35.03,EUR/MWh,FR,FR,imbalance_price,Short,2026-06-07T17:42:53Z
2026-06-07T17:41:56Z,2026-06-07T19:41:56+0200,9fbaedea-27ef-4990-85cf-49287850296c,2026-05-10T19:45:00Z,2026-05-10T21:45:00+0200,28.67,EUR/MWh,FR,FR,imbalance_price,Long,2026-06-07T17:42:53Z
2026-06-07T17:41:56Z,2026-06-07T19:41:56+0200,9fbaedea-27ef-4990-85cf-49287850296c,2026-05-10T19:45:00Z,2026-05-10T21:45:00+0200,33.97,EUR/MWh,FR,FR,imbalance_price,Short,2026-06-07T17:42:53Z
2026-06-07T17:41:56Z,2026-06-07T19:41:56+0200,9fbaedea-27ef-4990-85cf-49287850296c,2026-05-10T20:00:00Z,2026-05-10T22:00:00+0200,31.94,EUR/MWh,FR,FR,imbalance_price,Long,2026-06-07T17:42:53Z
2026-06-07T17:41:56Z,2026-06-07T19:41:56+0200,9fbaedea-27ef-4990-85cf-49287850296c,2026-05-10T20:00:00Z,2026-05-10T22:00:00+0200,37.84,EUR/MWh,FR,FR,imbalance_price,Short,2026-06-07T17:42:53Z
2026-06-07T17:41:56Z,2026-06-07T19:41:56+0200,9fbaedea-27ef-4990-85cf-49287850296c,2026-05-10T20:15:00Z,2026-05-10T22:15:00+0200,39.63,EUR/MWh,FR,FR,imbalance_price,Long,2026-06-07T17:42:53Z
2026-06-07T17:41:56Z,2026-06-07T19:41:56+0200,9fbaedea-27ef-4990-85cf-49287850296c,2026-05-10T20:15:00Z,2026-05-10T22:15:00+0200,46.95,EUR/MWh,FR,FR,imbalance_price,Short,2026-06-07T17:42:53Z
2026-06-07T17:41:56Z,2026-06-07T19:41:56+0200,9fbaedea-27ef-4990-85cf-49287850296c,2026-05-10T20:30:00Z,2026-05-10T22:30:00+0200,102.4,EUR/MWh,FR,FR,imbalance_price,Long,2026-06-07T17:42:53Z
2026-06-07T17:41:56Z,2026-06-07T19:41:56+0200,9fbaedea-27ef-4990-85cf-49287850296c,2026-05-10T20:30:00Z,2026-05-10T22:30:00+0200,121.32,EUR/MWh,FR,FR,imbalance_price,Short,2026-06-07T17:42:53Z
2026-06-07T17:41:56Z,2026-06-07T19:41:56+0200,9fbaedea-27ef-4990-85cf-49287850296c,2026-05-10T20:45:00Z,2026-05-10T22:45:00+0200,63.26,EUR/MWh,FR,FR,imbalance_price,Long,2026-06-07T17:42:53Z
2026-06-07T17:41:56Z,2026-06-07T19:41:56+0200,9fbaedea-27ef-4990-85cf-49287850296c,2026-05-10T20:45:00Z,2026-05-10T22:45:00+0200,74.96,EUR/MWh,FR,FR,imbalance_price,Short,2026-06-07T17:42:53Z
2026-06-07T17:41:56Z,2026-06-07T19:41:56+0200,9fbaedea-27ef-4990-85cf-49287850296c,2026-05-10T21:00:00Z,2026-05-10T23:00:00+0200,80.28,EUR/MWh,FR,FR,imbalance_price,Long,2026-06-07T17:42:53Z
2026-06-07T17:41:56Z,2026-06-07T19:41:56+0200,9fbaedea-27ef-4990-85cf-49287850296c,2026-05-10T21:00:00Z,2026-05-10T23:00:00+0200,95.12,EUR/MWh,FR,FR,imbalance_price,Short,2026-06-07T17:42:53Z
2026-06-07T17:41:56Z,2026-06-07T19:41:56+0200,9fbaedea-27ef-4990-85cf-49287850296c,2026-05-10T21:15:00Z,2026-05-10T23:15:00+0200,53.83,EUR/MWh,FR,FR,imbalance_price,Long,2026-06-07T17:42:53Z
2026-06-07T17:41:56Z,2026-06-07T19:41:56+0200,9fbaedea-27ef-4990-85cf-49287850296c,2026-05-10T21:15:00Z,2026-05-10T23:15:00+0200,63.79,EUR/MWh,FR,FR,imbalance_price,Short,2026-06-07T17:42:53Z
2026-06-07T17:41:56Z,2026-06-07T19:41:56+0200,9fbaedea-27ef-4990-85cf-49287850296c,2026-05-10T21:30:00Z,2026-05-10T23:30:00+0200,60.01,EUR/MWh,FR,FR,imbalance_price,Long,2026-06-07T17:42:53Z
2026-06-07T17:41:56Z,2026-06-07T19:41:56+0200,9fbaedea-27ef-4990-85cf-49287850296c,2026-05-10T21:30:00Z,2026-05-10T23:30:00+0200,71.11,EUR/MWh,FR,FR,imbalance_price,Short,2026-06-07T17:42:53Z
2026-06-07T17:41:56Z,2026-06-07T19:41:56+0200,9fbaedea-27ef-4990-85cf-49287850296c,2026-05-10T21:45:00Z,2026-05-10T23:45:00+0200,57.89,EUR/MWh,FR,FR,imbalance_price,Long,2026-06-07T17:42:53Z
2026-06-07T17:41:56Z,2026-06-07T19:41:56+0200,9fbaedea-27ef-4990-85cf-49287850296c,2026-05-10T21:45:00Z,2026-05-10T23:45:00+0200,68.59,EUR/MWh,FR,FR,imbalance_price,Short,2026-06-07T17:42:53Z
2026-06-07T17:41:56Z,2026-06-07T19:41:56+0200,9fbaedea-27ef-4990-85cf-49287850296c,2026-05-10T22:00:00Z,2026-05-11T00:00:00+0200,77.86,EUR/MWh,FR,FR,imbalance_price,Long,2026-06-07T17:42:53Z
2026-06-07T17:41:56Z,2026-06-07T19:41:56+0200,9fbaedea-27ef-4990-85cf-49287850296c,2026-05-10T22:00:00Z,2026-05-11T00:00:00+0200,92.26,EUR/MWh,FR,FR,imbalance_price,Short,2026-06-07T17:42:53Z
2026-06-07T17:41:56Z,2026-06-07T19:41:56+0200,9fbaedea-27ef-4990-85cf-49287850296c,2026-05-10T22:15:00Z,2026-05-11T00:15:00+0200,68.82,EUR/MWh,FR,FR,imbalance_price,Long,2026-06-07T17:42:53Z
2026-06-07T17:41:56Z,2026-06-07T19:41:56+0200,9fbaedea-27ef-4990-85cf-49287850296c,2026-05-10T22:15:00Z,2026-05-11T00:15:00+0200,81.54,EUR/MWh,FR,FR,imbalance_price,Short,2026-06-07T17:42:53Z
2026-06-07T17:41:56Z,2026-06-07T19:41:56+0200,9fbaedea-27ef-4990-85cf-49287850296c,2026-05-10T22:30:00Z,2026-05-11T00:30:00+0200,67.55,EUR/MWh,FR,FR,imbalance_price,Long,2026-06-07T17:42:53Z
2026-06-07T17:41:56Z,2026-06-07T19:41:56+0200,9fbaedea-27ef-4990-85cf-49287850296c,2026-05-10T22:30:00Z,2026-05-11T00:30:00+0200,80.03,EUR/MWh,FR,FR,imbalance_price,Short,2026-06-07T17:42:53Z
2026-06-07T17:41:56Z,2026-06-07T19:41:56+0200,9fbaedea-27ef-4990-85cf-49287850296c,2026-05-10T22:45:00Z,2026-05-11T00:45:00+0200,70.49,EUR/MWh,FR,FR,imbalance_price,Long,2026-06-07T17:42:53Z
2026-06-07T17:41:56Z,2026-06-07T19:41:56+0200,9fbaedea-27ef-4990-85cf-49287850296c,2026-05-10T22:45:00Z,2026-05-11T00:45:00+0200,83.53,EUR/MWh,FR,FR,imbalance_price,Short,2026-06-07T17:42:53Z
2026-06-07T17:41:56Z,2026-06-07T19:41:56+0200,9fbaedea-27ef-4990-85cf-49287850296c,2026-05-10T23:00:00Z,2026-05-11T01:00:00+0200,75.22,EUR/MWh,FR,FR,imbalance_price,Long,2026-06-07T17:42:53Z
2026-06-07T17:41:56Z,2026-06-07T19:41:56+0200,9fbaedea-27ef-4990-85cf-49287850296c,2026-05-10T23:00:00Z,2026-05-11T01:00:00+0200,89.12,EUR/MWh,FR,FR,imbalance_price,Short,2026-06-07T17:42:53Z
2026-06-07T17:41:56Z,2026-06-07T19:41:56+0200,9fbaedea-27ef-4990-85cf-49287850296c,2026-05-10T23:15:00Z,2026-05-11T01:15:00+0200,79.24,EUR/MWh,FR,FR,imbalance_price,Long,2026-06-07T17:42:53Z
2026-06-07T17:41:56Z,2026-06-07T19:41:56+0200,9fbaedea-27ef-4990-85cf-49287850296c,2026-05-10T23:15:00Z,2026-05-11T01:15:00+0200,93.88,EUR/MWh,FR,FR,imbalance_price,Short,2026-06-07T17:42:53Z
2026-06-07T17:41:56Z,2026-06-07T19:41:56+0200,9fbaedea-27ef-4990-85cf-49287850296c,2026-05-10T23:30:00Z,2026-05-11T01:30:00+0200,84.41,EUR/MWh,FR,FR,imbalance_price,Long,2026-06-07T17:42:53Z
2026-06-07T17:41:56Z,2026-06-07T19:41:56+0200,9fbaedea-27ef-4990-85cf-49287850296c,2026-05-10T23:30:00Z,2026-05-11T01:30:00+0200,100.01,EUR/MWh,FR,FR,imbalance_price,Short,2026-06-07T17:42:53Z
2026-06-07T17:41:56Z,2026-06-07T19:41:56+0200,9fbaedea-27ef-4990-85cf-49287850296c,2026-05-10T23:45:00Z,2026-05-11T01:45:00+0200,99.72,EUR/MWh,FR,FR,imbalance_price,Long,2026-06-07T17:42:53Z
2026-06-07T17:41:56Z,2026-06-07T19:41:56+0200,9fbaedea-27ef-4990-85cf-49287850296c,2026-05-10T23:45:00Z,2026-05-11T01:45:00+0200,118.16,EUR/MWh,FR,FR,imbalance_price,Short,2026-06-07T17:42:53Z
2026-06-07T17:41:56Z,2026-06-07T19:41:56+0200,9fbaedea-27ef-4990-85cf-49287850296c,2026-05-11T00:00:00Z,2026-05-11T02:00:00+0200,97.51,EUR/MWh,FR,FR,imbalance_price,Long,2026-06-07T17:42:53Z
2026-06-07T17:41:56Z,2026-06-07T19:41:56+0200,9fbaedea-27ef-4990-85cf-49287850296c,2026-05-11T00:00:00Z,2026-05-11T02:00:00+0200,115.53,EUR/MWh,FR,FR,imbalance_price,Short,2026-06-07T17:42:53Z
2026-06-07T17:41:56Z,2026-06-07T19:41:56+0200,9fbaedea-27ef-4990-85cf-49287850296c,2026-05-11T00:15:00Z,2026-05-11T02:15:00+0200,101.75,EUR/MWh,FR,FR,imbalance_price,Long,2026-06-07T17:42:53Z
2026-06-07T17:41:56Z,2026-06-07T19:41:56+0200,9fbaedea-27ef-4990-85cf-49287850296c,2026-05-11T00:15:00Z,2026-05-11T02:15:00+0200,120.55,EUR/MWh,FR,FR,imbalance_price,Short,2026-06-07T17:42:53Z
2026-06-07T17:41:56Z,2026-06-07T19:41:56+0200,9fbaedea-27ef-4990-85cf-49287850296c,2026-05-11T00:30:00Z,2026-05-11T02:30:00+0200,71.56,EUR/MWh,FR,FR,imbalance_price,Long,2026-06-07T17:42:53Z
2026-06-07T17:41:56Z,2026-06-07T19:41:56+0200,9fbaedea-27ef-4990-85cf-49287850296c,2026-05-11T00:30:00Z,2026-05-11T02:30:00+0200,84.78,EUR/MWh,FR,FR,imbalance_price,Short,2026-06-07T17:42:53Z
2026-06-07T17:41:56Z,2026-06-07T19:41:56+0200,9fbaedea-27ef-4990-85cf-49287850296c,2026-05-11T00:45:00Z,2026-05-11T02:45:00+0200,52.86,EUR/MWh,FR,FR,imbalance_price,Long,2026-06-07T17:42:53Z
2026-06-07T17:41:56Z,2026-06-07T19:41:56+0200,9fbaedea-27ef-4990-85cf-49287850296c,2026-05-11T00:45:00Z,2026-05-11T02:45:00+0200,62.62,EUR/MWh,FR,FR,imbalance_price,Short,2026-06-07T17:42:53Z
2026-06-07T17:41:56Z,2026-06-07T19:41:56+0200,9fbaedea-27ef-4990-85cf-49287850296c,2026-05-11T01:00:00Z,2026-05-11T03:00:00+0200,17.87,EUR/MWh,FR,FR,imbalance_price,Long,2026-06-07T17:42:53Z
2026-06-07T17:41:56Z,2026-06-07T19:41:56+0200,9fbaedea-27ef-4990-85cf-49287850296c,2026-05-11T01:00:00Z,2026-05-11T03:00:00+0200,21.17,EUR/MWh,FR,FR,imbalance_price,Short,2026-06-07T17:42:53Z
2026-06-07T17:41:56Z,2026-06-07T19:41:56+0200,9fbaedea-27ef-4990-85cf-49287850296c,2026-05-11T01:15:00Z,2026-05-11T03:15:00+0200,17.7,EUR/MWh,FR,FR,imbalance_price,Long,2026-06-07T17:42:53Z
2026-06-07T17:41:56Z,2026-06-07T19:41:56+0200,9fbaedea-27ef-4990-85cf-49287850296c,2026-05-11T01:15:00Z,2026-05-11T03:15:00+0200,20.98,EUR/MWh,FR,FR,imbalance_price,Short,2026-06-07T17:42:53Z
2026-06-07T17:41:56Z,2026-06-07T19:41:56+0200,9fbaedea-27ef-4990-85cf-49287850296c,2026-05-11T01:30:00Z,2026-05-11T03:30:00+0200,17.39,EUR/MWh,FR,FR,imbalance_price,Long,2026-06-07T17:42:53Z
2026-06-07T17:41:56Z,2026-06-07T19:41:56+0200,9fbaedea-27ef-4990-85cf-49287850296c,2026-05-11T01:30:00Z,2026-05-11T03:30:00+0200,20.61,EUR/MWh,FR,FR,imbalance_price,Short,2026-06-07T17:42:53Z
2026-06-07T17:41:56Z,2026-06-07T19:41:56+0200,9fbaedea-27ef-4990-85cf-49287850296c,2026-05-11T01:45:00Z,2026-05-11T03:45:00+0200,17.79,EUR/MWh,FR,FR,imbalance_price,Long,2026-06-07T17:42:53Z
2026-06-07T17:41:56Z,2026-06-07T19:41:56+0200,9fbaedea-27ef-4990-85cf-49287850296c,2026-05-11T01:45:00Z,2026-05-11T03:45:00+0200,21.07,EUR/MWh,FR,FR,imbalance_price,Short,2026-06-07T17:42:53Z
2026-06-07T17:41:56Z,2026-06-07T19:41:56+0200,9fbaedea-27ef-4990-85cf-49287850296c,2026-05-11T02:00:00Z,2026-05-11T04:00:00+0200,83.97,EUR/MWh,FR,FR,imbalance_price,Long,2026-06-07T17:42:53Z
2026-06-07T17:41:56Z,2026-06-07T19:41:56+0200,9fbaedea-27ef-4990-85cf-49287850296c,2026-05-11T02:00:00Z,2026-05-11T04:00:00+0200,99.49,EUR/MWh,FR,FR,imbalance_price,Short,2026-06-07T17:42:53Z
2026-06-07T17:41:56Z,2026-06-07T19:41:56+0200,9fbaedea-27ef-4990-85cf-49287850296c,2026-05-11T02:15:00Z,2026-05-11T04:15:00+0200,78.6,EUR/MWh,FR,FR,imbalance_price,Long,2026-06-07T17:42:53Z
2026-06-07T17:41:56Z,2026-06-07T19:41:56+0200,9fbaedea-27ef-4990-85cf-49287850296c,2026-05-11T02:15:00Z,2026-05-11T04:15:00+0200,93.12,EUR/MWh,FR,FR,imbalance_price,Short,2026-06-07T17:42:53Z
2026-06-07T17:41:56Z,2026-06-07T19:41:56+0200,9fbaedea-27ef-4990-85cf-49287850296c,2026-05-11T02:30:00Z,2026-05-11T04:30:00+0200,41.5,EUR/MWh,FR,FR,imbalance_price,Long,2026-06-07T17:42:53Z
2026-06-07T17:41:56Z,2026-06-07T19:41:56+0200,9fbaedea-27ef-4990-85cf-49287850296c,2026-05-11T02:30:00Z,2026-05-11T04:30:00+0200,49.18,EUR/MWh,FR,FR,imbalance_price,Short,2026-06-07T17:42:53Z
2026-06-07T17:41:56Z,2026-06-07T19:41:56+0200,9fbaedea-27ef-4990-85cf-49287850296c,2026-05-11T02:45:00Z,2026-05-11T04:45:00+0200,23.36,EUR/MWh,FR,FR,imbalance_price,Long,2026-06-07T17:42:53Z
2026-06-07T17:41:56Z,2026-06-07T19:41:56+0200,9fbaedea-27ef-4990-85cf-49287850296c,2026-05-11T02:45:00Z,2026-05-11T04:45:00+0200,27.68,EUR/MWh,FR,FR,imbalance_price,Short,2026-06-07T17:42:53Z
2026-06-07T17:41:56Z,2026-06-07T19:41:56+0200,9fbaedea-27ef-4990-85cf-49287850296c,2026-05-11T03:00:00Z,2026-05-11T05:00:00+0200,100.4,EUR/MWh,FR,FR,imbalance_price,Long,2026-06-07T17:42:53Z
2026-06-07T17:41:56Z,2026-06-07T19:41:56+0200,9fbaedea-27ef-4990-85cf-49287850296c,2026-05-11T03:00:00Z,2026-05-11T05:00:00+0200,118.96,EUR/MWh,FR,FR,imbalance_price,Short,2026-06-07T17:42:53Z
2026-06-07T17:41:56Z,2026-06-07T19:41:56+0200,9fbaedea-27ef-4990-85cf-49287850296c,2026-05-11T03:15:00Z,2026-05-11T05:15:00+0200,98.15,EUR/MWh,FR,FR,imbalance_price,Long,2026-06-07T17:42:53Z
2026-06-07T17:41:56Z,2026-06-07T19:41:56+0200,9fbaedea-27ef-4990-85cf-49287850296c,2026-05-11T03:15:00Z,2026-05-11T05:15:00+0200,116.29,EUR/MWh,FR,FR,imbalance_price,Short,2026-06-07T17:42:53Z
2026-06-07T17:41:56Z,2026-06-07T19:41:56+0200,9fbaedea-27ef-4990-85cf-49287850296c,2026-05-11T03:30:00Z,2026-05-11T05:30:00+0200,100.83,EUR/MWh,FR,FR,imbalance_price,Long,2026-06-07T17:42:53Z
2026-06-07T17:41:56Z,2026-06-07T19:41:56+0200,9fbaedea-27ef-4990-85cf-49287850296c,2026-05-11T03:30:00Z,2026-05-11T05:30:00+0200,119.47,EUR/MWh,FR,FR,imbalance_price,Short,2026-06-07T17:42:53Z
2026-06-07T17:41:56Z,2026-06-07T19:41:56+0200,9fbaedea-27ef-4990-85cf-49287850296c,2026-05-11T03:45:00Z,2026-05-11T05:45:00+0200,98.78,EUR/MWh,FR,FR,imbalance_price,Long,2026-06-07T17:42:53Z
2026-06-07T17:41:56Z,2026-06-07T19:41:56+0200,9fbaedea-27ef-4990-85cf-49287850296c,2026-05-11T03:45:00Z,2026-05-11T05:45:00+0200,117.04,EUR/MWh,FR,FR,imbalance_price,Short,2026-06-07T17:42:53Z
2026-06-07T17:41:56Z,2026-06-07T19:41:56+0200,9fbaedea-27ef-4990-85cf-49287850296c,2026-05-11T04:00:00Z,2026-05-11T06:00:00+0200,7.73,EUR/MWh,FR,FR,imbalance_price,Long,2026-06-07T17:42:53Z
2026-06-07T17:41:56Z,2026-06-07T19:41:56+0200,9fbaedea-27ef-4990-85cf-49287850296c,2026-05-11T04:00:00Z,2026-05-11T06:00:00+0200,9.15,EUR/MWh,FR,FR,imbalance_price,Short,2026-06-07T17:42:53Z
2026-06-07T17:41:56Z,2026-06-07T19:41:56+0200,9fbaedea-27ef-4990-85cf-49287850296c,2026-05-11T04:15:00Z,2026-05-11T06:15:00+0200,7.73,EUR/MWh,FR,FR,imbalance_price,Long,2026-06-07T17:42:53Z
2026-06-07T17:41:56Z,2026-06-07T19:41:56+0200,9fbaedea-27ef-4990-85cf-49287850296c,2026-05-11T04:15:00Z,2026-05-11T06:15:00+0200,9.15,EUR/MWh,FR,FR,imbalance_price,Short,2026-06-07T17:42:53Z
2026-06-07T17:41:56Z,2026-06-07T19:41:56+0200,9fbaedea-27ef-4990-85cf-49287850296c,2026-05-11T04:30:00Z,2026-05-11T06:30:00+0200,0.37,EUR/MWh,FR,FR,imbalance_price,Long,2026-06-07T17:42:53Z
2026-06-07T17:41:56Z,2026-06-07T19:41:56+0200,9fbaedea-27ef-4990-85cf-49287850296c,2026-05-11T04:30:00Z,2026-05-11T06:30:00+0200,0.43,EUR/MWh,FR,FR,imbalance_price,Short,2026-06-07T17:42:53Z
2026-06-07T17:41:56Z,2026-06-07T19:41:56+0200,9fbaedea-27ef-4990-85cf-49287850296c,2026-05-11T04:45:00Z,2026-05-11T06:45:00+0200,51.43,EUR/MWh,FR,FR,imbalance_price,Long,2026-06-07T17:42:53Z
2026-06-07T17:41:56Z,2026-06-07T19:41:56+0200,9fbaedea-27ef-4990-85cf-49287850296c,2026-05-11T04:45:00Z,2026-05-11T06:45:00+0200,60.93,EUR/MWh,FR,FR,imbalance_price,Short,2026-06-07T17:42:53Z
2026-06-07T17:41:56Z,2026-06-07T19:41:56+0200,9fbaedea-27ef-4990-85cf-49287850296c,2026-05-11T05:00:00Z,2026-05-11T07:00:00+0200,52.77,EUR/MWh,FR,FR,imbalance_price,Long,2026-06-07T17:42:53Z
2026-06-07T17:41:56Z,2026-06-07T19:41:56+0200,9fbaedea-27ef-4990-85cf-49287850296c,2026-05-11T05:00:00Z,2026-05-11T07:00:00+0200,62.53,EUR/MWh,FR,FR,imbalance_price,Short,2026-06-07T17:42:53Z
2026-06-07T17:41:56Z,2026-06-07T19:41:56+0200,9fbaedea-27ef-4990-85cf-49287850296c,2026-05-11T05:15:00Z,2026-05-11T07:15:00+0200,78.06,EUR/MWh,FR,FR,imbalance_price,Long,2026-06-07T17:42:53Z
2026-06-07T17:41:56Z,2026-06-07T19:41:56+0200,9fbaedea-27ef-4990-85cf-49287850296c,2026-05-11T05:15:00Z,2026-05-11T07:15:00+0200,92.48,EUR/MWh,FR,FR,imbalance_price,Short,2026-06-07T17:42:53Z
2026-06-07T17:41:56Z,2026-06-07T19:41:56+0200,9fbaedea-27ef-4990-85cf-49287850296c,2026-05-11T05:30:00Z,2026-05-11T07:30:00+0200,8.97,EUR/MWh,FR,FR,imbalance_price,Long,2026-06-07T17:42:53Z
2026-06-07T17:41:56Z,2026-06-07T19:41:56+0200,9fbaedea-27ef-4990-85cf-49287850296c,2026-05-11T05:30:00Z,2026-05-11T07:30:00+0200,10.63,EUR/MWh,FR,FR,imbalance_price,Short,2026-06-07T17:42:53Z
2026-06-07T17:41:56Z,2026-06-07T19:41:56+0200,9fbaedea-27ef-4990-85cf-49287850296c,2026-05-11T05:45:00Z,2026-05-11T07:45:00+0200,23.52,EUR/MWh,FR,FR,imbalance_price,Long,2026-06-07T17:42:53Z
2026-06-07T17:41:56Z,2026-06-07T19:41:56+0200,9fbaedea-27ef-4990-85cf-49287850296c,2026-05-11T05:45:00Z,2026-05-11T07:45:00+0200,27.86,EUR/MWh,FR,FR,imbalance_price,Short,2026-06-07T17:42:53Z
2026-06-07T17:41:56Z,2026-06-07T19:41:56+0200,9fbaedea-27ef-4990-85cf-49287850296c,2026-05-11T06:00:00Z,2026-05-11T08:00:00+0200,71.67,EUR/MWh,FR,FR,imbalance_price,Long,2026-06-07T17:42:53Z
2026-06-07T17:41:56Z,2026-06-07T19:41:56+0200,9fbaedea-27ef-4990-85cf-49287850296c,2026-05-11T06:00:00Z,2026-05-11T08:00:00+0200,84.91,EUR/MWh,FR,FR,imbalance_price,Short,2026-06-07T17:42:53Z
2026-06-07T17:41:56Z,2026-06-07T19:41:56+0200,9fbaedea-27ef-4990-85cf-49287850296c,2026-05-11T06:15:00Z,2026-05-11T08:15:00+0200,75.33,EUR/MWh,FR,FR,imbalance_price,Long,2026-06-07T17:42:53Z
2026-06-07T17:41:56Z,2026-06-07T19:41:56+0200,9fbaedea-27ef-4990-85cf-49287850296c,2026-05-11T06:15:00Z,2026-05-11T08:15:00+0200,89.25,EUR/MWh,FR,FR,imbalance_price,Short,2026-06-07T17:42:53Z
2026-06-07T17:41:56Z,2026-06-07T19:41:56+0200,9fbaedea-27ef-4990-85cf-49287850296c,2026-05-11T06:30:00Z,2026-05-11T08:30:00+0200,69.98,EUR/MWh,FR,FR,imbalance_price,Long,2026-06-07T17:42:53Z
2026-06-07T17:41:56Z,2026-06-07T19:41:56+0200,9fbaedea-27ef-4990-85cf-49287850296c,2026-05-11T06:30:00Z,2026-05-11T08:30:00+0200,82.92,EUR/MWh,FR,FR,imbalance_price,Short,2026-06-07T17:42:53Z
2026-06-07T17:41:56Z,2026-06-07T19:41:56+0200,9fbaedea-27ef-4990-85cf-49287850296c,2026-05-11T06:45:00Z,2026-05-11T08:45:00+0200,46.63,EUR/MWh,FR,FR,imbalance_price,Long,2026-06-07T17:42:53Z
2026-06-07T17:41:56Z,2026-06-07T19:41:56+0200,9fbaedea-27ef-4990-85cf-49287850296c,2026-05-11T06:45:00Z,2026-05-11T08:45:00+0200,55.25,EUR/MWh,FR,FR,imbalance_price,Short,2026-06-07T17:42:53Z
2026-06-07T17:41:56Z,2026-06-07T19:41:56+0200,9fbaedea-27ef-4990-85cf-49287850296c,2026-05-11T07:00:00Z,2026-05-11T09:00:00+0200,20.13,EUR/MWh,FR,FR,imbalance_price,Long,2026-06-07T17:42:53Z
2026-06-07T17:41:56Z,2026-06-07T19:41:56+0200,9fbaedea-27ef-4990-85cf-49287850296c,2026-05-11T07:00:00Z,2026-05-11T09:00:00+0200,23.85,EUR/MWh,FR,FR,imbalance_price,Short,2026-06-07T17:42:53Z
2026-06-07T17:41:56Z,2026-06-07T19:41:56+0200,9fbaedea-27ef-4990-85cf-49287850296c,2026-05-11T07:15:00Z,2026-05-11T09:15:00+0200,12.71,EUR/MWh,FR,FR,imbalance_price,Long,2026-06-07T17:42:53Z
2026-06-07T17:41:56Z,2026-06-07T19:41:56+0200,9fbaedea-27ef-4990-85cf-49287850296c,2026-05-11T07:15:00Z,2026-05-11T09:15:00+0200,15.05,EUR/MWh,FR,FR,imbalance_price,Short,2026-06-07T17:42:53Z
2026-06-07T17:41:56Z,2026-06-07T19:41:56+0200,9fbaedea-27ef-4990-85cf-49287850296c,2026-05-11T07:30:00Z,2026-05-11T09:30:00+0200,-6.77,EUR/MWh,FR,FR,imbalance_price,Long,2026-06-07T17:42:53Z
2026-06-07T17:41:56Z,2026-06-07T19:41:56+0200,9fbaedea-27ef-4990-85cf-49287850296c,2026-05-11T07:30:00Z,2026-05-11T09:30:00+0200,-5.71,EUR/MWh,FR,FR,imbalance_price,Short,2026-06-07T17:42:53Z
2026-06-07T17:41:56Z,2026-06-07T19:41:56+0200,9fbaedea-27ef-4990-85cf-49287850296c,2026-05-11T07:45:00Z,2026-05-11T09:45:00+0200,11.22,EUR/MWh,FR,FR,imbalance_price,Long,2026-06-07T17:42:53Z
2026-06-07T17:41:56Z,2026-06-07T19:41:56+0200,9fbaedea-27ef-4990-85cf-49287850296c,2026-05-11T07:45:00Z,2026-05-11T09:45:00+0200,13.3,EUR/MWh,FR,FR,imbalance_price,Short,2026-06-07T17:42:53Z
2026-06-07T17:41:56Z,2026-06-07T19:41:56+0200,9fbaedea-27ef-4990-85cf-49287850296c,2026-05-11T08:00:00Z,2026-05-11T10:00:00+0200,9.47,EUR/MWh,FR,FR,imbalance_price,Long,2026-06-07T17:42:53Z
2026-06-07T17:41:56Z,2026-06-07T19:41:56+0200,9fbaedea-27ef-4990-85cf-49287850296c,2026-05-11T08:00:00Z,2026-05-11T10:00:00+0200,11.21,EUR/MWh,FR,FR,imbalance_price,Short,2026-06-07T17:42:53Z
2026-06-07T17:41:56Z,2026-06-07T19:41:56+0200,9fbaedea-27ef-4990-85cf-49287850296c,2026-05-11T08:15:00Z,2026-05-11T10:15:00+0200,6.62,EUR/MWh,FR,FR,imbalance_price,Long,2026-06-07T17:42:53Z
2026-06-07T17:41:56Z,2026-06-07T19:41:56+0200,9fbaedea-27ef-4990-85cf-49287850296c,2026-05-11T08:15:00Z,2026-05-11T10:15:00+0200,7.84,EUR/MWh,FR,FR,imbalance_price,Short,2026-06-07T17:42:53Z
2026-06-07T17:41:56Z,2026-06-07T19:41:56+0200,9fbaedea-27ef-4990-85cf-49287850296c,2026-05-11T08:30:00Z,2026-05-11T10:30:00+0200,6.35,EUR/MWh,FR,FR,imbalance_price,Long,2026-06-07T17:42:53Z
2026-06-07T17:41:56Z,2026-06-07T19:41:56+0200,9fbaedea-27ef-4990-85cf-49287850296c,2026-05-11T08:30:00Z,2026-05-11T10:30:00+0200,7.53,EUR/MWh,FR,FR,imbalance_price,Short,2026-06-07T17:42:53Z
2026-06-07T17:41:56Z,2026-06-07T19:41:56+0200,9fbaedea-27ef-4990-85cf-49287850296c,2026-05-11T08:45:00Z,2026-05-11T10:45:00+0200,8.43,EUR/MWh,FR,FR,imbalance_price,Long,2026-06-07T17:42:53Z
2026-06-07T17:41:56Z,2026-06-07T19:41:56+0200,9fbaedea-27ef-4990-85cf-49287850296c,2026-05-11T08:45:00Z,2026-05-11T10:45:00+0200,9.99,EUR/MWh,FR,FR,imbalance_price,Short,2026-06-07T17:42:53Z
2026-06-07T17:41:56Z,2026-06-07T19:41:56+0200,9fbaedea-27ef-4990-85cf-49287850296c,2026-05-11T09:00:00Z,2026-05-11T11:00:00+0200,5.95,EUR/MWh,FR,FR,imbalance_price,Long,2026-06-07T17:42:53Z
2026-06-07T17:41:56Z,2026-06-07T19:41:56+0200,9fbaedea-27ef-4990-85cf-49287850296c,2026-05-11T09:00:00Z,2026-05-11T11:00:00+0200,7.05,EUR/MWh,FR,FR,imbalance_price,Short,2026-06-07T17:42:53Z
2026-06-07T17:41:56Z,2026-06-07T19:41:56+0200,9fbaedea-27ef-4990-85cf-49287850296c,2026-05-11T09:15:00Z,2026-05-11T11:15:00+0200,5.22,EUR/MWh,FR,FR,imbalance_price,Long,2026-06-07T17:42:53Z
2026-06-07T17:41:56Z,2026-06-07T19:41:56+0200,9fbaedea-27ef-4990-85cf-49287850296c,2026-05-11T09:15:00Z,2026-05-11T11:15:00+0200,6.18,EUR/MWh,FR,FR,imbalance_price,Short,2026-06-07T17:42:53Z
2026-06-07T17:41:56Z,2026-06-07T19:41:56+0200,9fbaedea-27ef-4990-85cf-49287850296c,2026-05-11T09:30:00Z,2026-05-11T11:30:00+0200,4.77,EUR/MWh,FR,FR,imbalance_price,Long,2026-06-07T17:42:53Z
2026-06-07T17:41:56Z,2026-06-07T19:41:56+0200,9fbaedea-27ef-4990-85cf-49287850296c,2026-05-11T09:30:00Z,2026-05-11T11:30:00+0200,5.65,EUR/MWh,FR,FR,imbalance_price,Short,2026-06-07T17:42:53Z
2026-06-07T17:41:56Z,2026-06-07T19:41:56+0200,9fbaedea-27ef-4990-85cf-49287850296c,2026-05-11T09:45:00Z,2026-05-11T11:45:00+0200,4.5,EUR/MWh,FR,FR,imbalance_price,Long,2026-06-07T17:42:53Z
2026-06-07T17:41:56Z,2026-06-07T19:41:56+0200,9fbaedea-27ef-4990-85cf-49287850296c,2026-05-11T09:45:00Z,2026-05-11T11:45:00+0200,5.34,EUR/MWh,FR,FR,imbalance_price,Short,2026-06-07T17:42:53Z
2026-06-07T17:41:56Z,2026-06-07T19:41:56+0200,9fbaedea-27ef-4990-85cf-49287850296c,2026-05-11T10:00:00Z,2026-05-11T12:00:00+0200,3.5,EUR/MWh,FR,FR,imbalance_price,Long,2026-06-07T17:42:53Z
2026-06-07T17:41:56Z,2026-06-07T19:41:56+0200,9fbaedea-27ef-4990-85cf-49287850296c,2026-05-11T10:00:00Z,2026-05-11T12:00:00+0200,4.14,EUR/MWh,FR,FR,imbalance_price,Short,2026-06-07T17:42:53Z
2026-06-07T17:41:56Z,2026-06-07T19:41:56+0200,9fbaedea-27ef-4990-85cf-49287850296c,2026-05-11T10:15:00Z,2026-05-11T12:15:00+0200,2.37,EUR/MWh,FR,FR,imbalance_price,Long,2026-06-07T17:42:53Z
2026-06-07T17:41:56Z,2026-06-07T19:41:56+0200,9fbaedea-27ef-4990-85cf-49287850296c,2026-05-11T10:15:00Z,2026-05-11T12:15:00+0200,2.81,EUR/MWh,FR,FR,imbalance_price,Short,2026-06-07T17:42:53Z
2026-06-07T17:41:56Z,2026-06-07T19:41:56+0200,9fbaedea-27ef-4990-85cf-49287850296c,2026-05-11T10:30:00Z,2026-05-11T12:30:00+0200,1.86,EUR/MWh,FR,FR,imbalance_price,Long,2026-06-07T17:42:53Z
2026-06-07T17:41:56Z,2026-06-07T19:41:56+0200,9fbaedea-27ef-4990-85cf-49287850296c,2026-05-11T10:30:00Z,2026-05-11T12:30:00+0200,2.2,EUR/MWh,FR,FR,imbalance_price,Short,2026-06-07T17:42:53Z
2026-06-07T17:41:56Z,2026-06-07T19:41:56+0200,9fbaedea-27ef-4990-85cf-49287850296c,2026-05-11T10:45:00Z,2026-05-11T12:45:00+0200,3.5,EUR/MWh,FR,FR,imbalance_price,Long,2026-06-07T17:42:53Z
2026-06-07T17:41:56Z,2026-06-07T19:41:56+0200,9fbaedea-27ef-4990-85cf-49287850296c,2026-05-11T10:45:00Z,2026-05-11T12:45:00+0200,4.14,EUR/MWh,FR,FR,imbalance_price,Short,2026-06-07T17:42:53Z
2026-06-07T17:41:56Z,2026-06-07T19:41:56+0200,9fbaedea-27ef-4990-85cf-49287850296c,2026-05-11T11:00:00Z,2026-05-11T13:00:00+0200,2.61,EUR/MWh,FR,FR,imbalance_price,Long,2026-06-07T17:42:53Z
2026-06-07T17:41:56Z,2026-06-07T19:41:56+0200,9fbaedea-27ef-4990-85cf-49287850296c,2026-05-11T11:00:00Z,2026-05-11T13:00:00+0200,3.09,EUR/MWh,FR,FR,imbalance_price,Short,2026-06-07T17:42:53Z
2026-06-07T17:41:56Z,2026-06-07T19:41:56+0200,9fbaedea-27ef-4990-85cf-49287850296c,2026-05-11T11:15:00Z,2026-05-11T13:15:00+0200,-21.72,EUR/MWh,FR,FR,imbalance_price,Long,2026-06-07T17:42:53Z
2026-06-07T17:41:56Z,2026-06-07T19:41:56+0200,9fbaedea-27ef-4990-85cf-49287850296c,2026-05-11T11:15:00Z,2026-05-11T13:15:00+0200,-18.34,EUR/MWh,FR,FR,imbalance_price,Short,2026-06-07T17:42:53Z
2026-06-07T17:41:56Z,2026-06-07T19:41:56+0200,9fbaedea-27ef-4990-85cf-49287850296c,2026-05-11T11:30:00Z,2026-05-11T13:30:00+0200,-23.69,EUR/MWh,FR,FR,imbalance_price,Long,2026-06-07T17:42:53Z
2026-06-07T17:41:56Z,2026-06-07T19:41:56+0200,9fbaedea-27ef-4990-85cf-49287850296c,2026-05-11T11:30:00Z,2026-05-11T13:30:00+0200,-19.99,EUR/MWh,FR,FR,imbalance_price,Short,2026-06-07T17:42:53Z
2026-06-07T17:41:56Z,2026-06-07T19:41:56+0200,9fbaedea-27ef-4990-85cf-49287850296c,2026-05-11T11:45:00Z,2026-05-11T13:45:00+0200,-33.21,EUR/MWh,FR,FR,imbalance_price,Long,2026-06-07T17:42:53Z
2026-06-07T17:41:56Z,2026-06-07T19:41:56+0200,9fbaedea-27ef-4990-85cf-49287850296c,2026-05-11T11:45:00Z,2026-05-11T13:45:00+0200,-28.03,EUR/MWh,FR,FR,imbalance_price,Short,2026-06-07T17:42:53Z
2026-06-07T17:41:56Z,2026-06-07T19:41:56+0200,9fbaedea-27ef-4990-85cf-49287850296c,2026-05-11T12:00:00Z,2026-05-11T14:00:00+0200,-48.57,EUR/MWh,FR,FR,imbalance_price,Long,2026-06-07T17:42:53Z
2026-06-07T17:41:56Z,2026-06-07T19:41:56+0200,9fbaedea-27ef-4990-85cf-49287850296c,2026-05-11T12:00:00Z,2026-05-11T14:00:00+0200,-40.99,EUR/MWh,FR,FR,imbalance_price,Short,2026-06-07T17:42:53Z
2026-06-07T17:41:56Z,2026-06-07T19:41:56+0200,9fbaedea-27ef-4990-85cf-49287850296c,2026-05-11T12:15:00Z,2026-05-11T14:15:00+0200,-53.21,EUR/MWh,FR,FR,imbalance_price,Long,2026-06-07T17:42:53Z
2026-06-07T17:41:56Z,2026-06-07T19:41:56+0200,9fbaedea-27ef-4990-85cf-49287850296c,2026-05-11T12:15:00Z,2026-05-11T14:15:00+0200,-44.91,EUR/MWh,FR,FR,imbalance_price,Short,2026-06-07T17:42:53Z
2026-06-07T17:41:56Z,2026-06-07T19:41:56+0200,9fbaedea-27ef-4990-85cf-49287850296c,2026-05-11T12:30:00Z,2026-05-11T14:30:00+0200,-52.44,EUR/MWh,FR,FR,imbalance_price,Long,2026-06-07T17:42:53Z
2026-06-07T17:41:56Z,2026-06-07T19:41:56+0200,9fbaedea-27ef-4990-85cf-49287850296c,2026-05-11T12:30:00Z,2026-05-11T14:30:00+0200,-44.26,EUR/MWh,FR,FR,imbalance_price,Short,2026-06-07T17:42:53Z
2026-06-07T17:41:56Z,2026-06-07T19:41:56+0200,9fbaedea-27ef-4990-85cf-49287850296c,2026-05-11T12:45:00Z,2026-05-11T14:45:00+0200,-43.21,EUR/MWh,FR,FR,imbalance_price,Long,2026-06-07T17:42:53Z
2026-06-07T17:41:56Z,2026-06-07T19:41:56+0200,9fbaedea-27ef-4990-85cf-49287850296c,2026-05-11T12:45:00Z,2026-05-11T14:45:00+0200,-36.47,EUR/MWh,FR,FR,imbalance_price,Short,2026-06-07T17:42:53Z
2026-06-07T17:41:56Z,2026-06-07T19:41:56+0200,9fbaedea-27ef-4990-85cf-49287850296c,2026-05-11T13:00:00Z,2026-05-11T15:00:00+0200,-51.03,EUR/MWh,FR,FR,imbalance_price,Long,2026-06-07T17:42:53Z
2026-06-07T17:41:56Z,2026-06-07T19:41:56+0200,9fbaedea-27ef-4990-85cf-49287850296c,2026-05-11T13:00:00Z,2026-05-11T15:00:00+0200,-43.07,EUR/MWh,FR,FR,imbalance_price,Short,2026-06-07T17:42:53Z
2026-06-07T17:41:56Z,2026-06-07T19:41:56+0200,9fbaedea-27ef-4990-85cf-49287850296c,2026-05-11T13:15:00Z,2026-05-11T15:15:00+0200,125.66,EUR/MWh,FR,FR,imbalance_price,Long,2026-06-07T17:42:53Z
2026-06-07T17:41:56Z,2026-06-07T19:41:56+0200,9fbaedea-27ef-4990-85cf-49287850296c,2026-05-11T13:15:00Z,2026-05-11T15:15:00+0200,148.88,EUR/MWh,FR,FR,imbalance_price,Short,2026-06-07T17:42:53Z
2026-06-07T17:41:56Z,2026-06-07T19:41:56+0200,9fbaedea-27ef-4990-85cf-49287850296c,2026-05-11T13:30:00Z,2026-05-11T15:30:00+0200,-18.24,EUR/MWh,FR,FR,imbalance_price,Long,2026-06-07T17:42:53Z
2026-06-07T17:41:56Z,2026-06-07T19:41:56+0200,9fbaedea-27ef-4990-85cf-49287850296c,2026-05-11T13:30:00Z,2026-05-11T15:30:00+0200,-15.4,EUR/MWh,FR,FR,imbalance_price,Short,2026-06-07T17:42:53Z
2026-06-07T17:41:56Z,2026-06-07T19:41:56+0200,9fbaedea-27ef-4990-85cf-49287850296c,2026-05-11T13:45:00Z,2026-05-11T15:45:00+0200,-22.82,EUR/MWh,FR,FR,imbalance_price,Long,2026-06-07T17:42:53Z
2026-06-07T17:41:56Z,2026-06-07T19:41:56+0200,9fbaedea-27ef-4990-85cf-49287850296c,2026-05-11T13:45:00Z,2026-05-11T15:45:00+0200,-19.26,EUR/MWh,FR,FR,imbalance_price,Short,2026-06-07T17:42:53Z
2026-06-07T17:41:56Z,2026-06-07T19:41:56+0200,9fbaedea-27ef-4990-85cf-49287850296c,2026-05-11T14:00:00Z,2026-05-11T16:00:00+0200,-8.13,EUR/MWh,FR,FR,imbalance_price,Long,2026-06-07T17:42:53Z
2026-06-07T17:41:56Z,2026-06-07T19:41:56+0200,9fbaedea-27ef-4990-85cf-49287850296c,2026-05-11T14:00:00Z,2026-05-11T16:00:00+0200,-6.87,EUR/MWh,FR,FR,imbalance_price,Short,2026-06-07T17:42:53Z
2026-06-07T17:41:56Z,2026-06-07T19:41:56+0200,9fbaedea-27ef-4990-85cf-49287850296c,2026-05-11T14:15:00Z,2026-05-11T16:15:00+0200,-8.1,EUR/MWh,FR,FR,imbalance_price,Long,2026-06-07T17:42:53Z
2026-06-07T17:41:56Z,2026-06-07T19:41:56+0200,9fbaedea-27ef-4990-85cf-49287850296c,2026-05-11T14:15:00Z,2026-05-11T16:15:00+0200,-6.84,EUR/MWh,FR,FR,imbalance_price,Short,2026-06-07T17:42:53Z
2026-06-07T17:41:56Z,2026-06-07T19:41:56+0200,9fbaedea-27ef-4990-85cf-49287850296c,2026-05-11T14:30:00Z,2026-05-11T16:30:00+0200,-7.56,EUR/MWh,FR,FR,imbalance_price,Long,2026-06-07T17:42:53Z
2026-06-07T17:41:56Z,2026-06-07T19:41:56+0200,9fbaedea-27ef-4990-85cf-49287850296c,2026-05-11T14:30:00Z,2026-05-11T16:30:00+0200,-6.38,EUR/MWh,FR,FR,imbalance_price,Short,2026-06-07T17:42:53Z
2026-06-07T17:41:56Z,2026-06-07T19:41:56+0200,9fbaedea-27ef-4990-85cf-49287850296c,2026-05-11T14:45:00Z,2026-05-11T16:45:00+0200,-0.68,EUR/MWh,FR,FR,imbalance_price,Long,2026-06-07T17:42:53Z
2026-06-07T17:41:56Z,2026-06-07T19:41:56+0200,9fbaedea-27ef-4990-85cf-49287850296c,2026-05-11T14:45:00Z,2026-05-11T16:45:00+0200,-0.58,EUR/MWh,FR,FR,imbalance_price,Short,2026-06-07T17:42:53Z
2026-06-07T17:41:56Z,2026-06-07T19:41:56+0200,9fbaedea-27ef-4990-85cf-49287850296c,2026-05-11T15:00:00Z,2026-05-11T17:00:00+0200,-3.62,EUR/MWh,FR,FR,imbalance_price,Long,2026-06-07T17:42:53Z
2026-06-07T17:41:56Z,2026-06-07T19:41:56+0200,9fbaedea-27ef-4990-85cf-49287850296c,2026-05-11T15:00:00Z,2026-05-11T17:00:00+0200,-3.06,EUR/MWh,FR,FR,imbalance_price,Short,2026-06-07T17:42:53Z
2026-06-07T17:41:56Z,2026-06-07T19:41:56+0200,9fbaedea-27ef-4990-85cf-49287850296c,2026-05-11T15:15:00Z,2026-05-11T17:15:00+0200,24.34,EUR/MWh,FR,FR,imbalance_price,Long,2026-06-07T17:42:53Z
2026-06-07T17:41:56Z,2026-06-07T19:41:56+0200,9fbaedea-27ef-4990-85cf-49287850296c,2026-05-11T15:15:00Z,2026-05-11T17:15:00+0200,28.84,EUR/MWh,FR,FR,imbalance_price,Short,2026-06-07T17:42:53Z
2026-06-07T17:41:56Z,2026-06-07T19:41:56+0200,9fbaedea-27ef-4990-85cf-49287850296c,2026-05-11T15:30:00Z,2026-05-11T17:30:00+0200,12.97,EUR/MWh,FR,FR,imbalance_price,Long,2026-06-07T17:42:53Z
2026-06-07T17:41:56Z,2026-06-07T19:41:56+0200,9fbaedea-27ef-4990-85cf-49287850296c,2026-05-11T15:30:00Z,2026-05-11T17:30:00+0200,15.37,EUR/MWh,FR,FR,imbalance_price,Short,2026-06-07T17:42:53Z
2026-06-07T17:41:56Z,2026-06-07T19:41:56+0200,9fbaedea-27ef-4990-85cf-49287850296c,2026-05-11T15:45:00Z,2026-05-11T17:45:00+0200,3.05,EUR/MWh,FR,FR,imbalance_price,Long,2026-06-07T17:42:53Z
2026-06-07T17:41:56Z,2026-06-07T19:41:56+0200,9fbaedea-27ef-4990-85cf-49287850296c,2026-05-11T15:45:00Z,2026-05-11T17:45:00+0200,3.61,EUR/MWh,FR,FR,imbalance_price,Short,2026-06-07T17:42:53Z
2026-06-07T17:41:56Z,2026-06-07T19:41:56+0200,9fbaedea-27ef-4990-85cf-49287850296c,2026-05-11T16:00:00Z,2026-05-11T18:00:00+0200,3.67,EUR/MWh,FR,FR,imbalance_price,Long,2026-06-07T17:42:53Z
2026-06-07T17:41:56Z,2026-06-07T19:41:56+0200,9fbaedea-27ef-4990-85cf-49287850296c,2026-05-11T16:00:00Z,2026-05-11T18:00:00+0200,4.35,EUR/MWh,FR,FR,imbalance_price,Short,2026-06-07T17:42:53Z
2026-06-07T17:41:56Z,2026-06-07T19:41:56+0200,9fbaedea-27ef-4990-85cf-49287850296c,2026-05-11T16:15:00Z,2026-05-11T18:15:00+0200,15.58,EUR/MWh,FR,FR,imbalance_price,Long,2026-06-07T17:42:53Z
2026-06-07T17:41:56Z,2026-06-07T19:41:56+0200,9fbaedea-27ef-4990-85cf-49287850296c,2026-05-11T16:15:00Z,2026-05-11T18:15:00+0200,18.46,EUR/MWh,FR,FR,imbalance_price,Short,2026-06-07T17:42:53Z
2026-06-07T17:41:56Z,2026-06-07T19:41:56+0200,9fbaedea-27ef-4990-85cf-49287850296c,2026-05-11T16:30:00Z,2026-05-11T18:30:00+0200,65.52,EUR/MWh,FR,FR,imbalance_price,Long,2026-06-07T17:42:53Z
2026-06-07T17:41:56Z,2026-06-07T19:41:56+0200,9fbaedea-27ef-4990-85cf-49287850296c,2026-05-11T16:30:00Z,2026-05-11T18:30:00+0200,77.62,EUR/MWh,FR,FR,imbalance_price,Short,2026-06-07T17:42:53Z
2026-06-07T17:41:56Z,2026-06-07T19:41:56+0200,9fbaedea-27ef-4990-85cf-49287850296c,2026-05-11T16:45:00Z,2026-05-11T18:45:00+0200,16.33,EUR/MWh,FR,FR,imbalance_price,Long,2026-06-07T17:42:53Z
2026-06-07T17:41:56Z,2026-06-07T19:41:56+0200,9fbaedea-27ef-4990-85cf-49287850296c,2026-05-11T16:45:00Z,2026-05-11T18:45:00+0200,19.35,EUR/MWh,FR,FR,imbalance_price,Short,2026-06-07T17:42:53Z
2026-06-07T17:41:56Z,2026-06-07T19:41:56+0200,9fbaedea-27ef-4990-85cf-49287850296c,2026-05-11T17:00:00Z,2026-05-11T19:00:00+0200,25.24,EUR/MWh,FR,FR,imbalance_price,Long,2026-06-07T17:42:53Z
2026-06-07T17:41:56Z,2026-06-07T19:41:56+0200,9fbaedea-27ef-4990-85cf-49287850296c,2026-05-11T17:00:00Z,2026-05-11T19:00:00+0200,29.9,EUR/MWh,FR,FR,imbalance_price,Short,2026-06-07T17:42:53Z
2026-06-07T17:41:56Z,2026-06-07T19:41:56+0200,9fbaedea-27ef-4990-85cf-49287850296c,2026-05-11T17:15:00Z,2026-05-11T19:15:00+0200,5.66,EUR/MWh,FR,FR,imbalance_price,Long,2026-06-07T17:42:53Z
2026-06-07T17:41:56Z,2026-06-07T19:41:56+0200,9fbaedea-27ef-4990-85cf-49287850296c,2026-05-11T17:15:00Z,2026-05-11T19:15:00+0200,6.7,EUR/MWh,FR,FR,imbalance_price,Short,2026-06-07T17:42:53Z
2026-06-07T17:41:56Z,2026-06-07T19:41:56+0200,9fbaedea-27ef-4990-85cf-49287850296c,2026-05-11T17:30:00Z,2026-05-11T19:30:00+0200,33.96,EUR/MWh,FR,FR,imbalance_price,Long,2026-06-07T17:42:53Z
2026-06-07T17:41:56Z,2026-06-07T19:41:56+0200,9fbaedea-27ef-4990-85cf-49287850296c,2026-05-11T17:30:00Z,2026-05-11T19:30:00+0200,40.24,EUR/MWh,FR,FR,imbalance_price,Short,2026-06-07T17:42:53Z
2026-06-07T17:41:56Z,2026-06-07T19:41:56+0200,9fbaedea-27ef-4990-85cf-49287850296c,2026-05-11T17:45:00Z,2026-05-11T19:45:00+0200,49.11,EUR/MWh,FR,FR,imbalance_price,Long,2026-06-07T17:42:53Z
2026-06-07T17:41:56Z,2026-06-07T19:41:56+0200,9fbaedea-27ef-4990-85cf-49287850296c,2026-05-11T17:45:00Z,2026-05-11T19:45:00+0200,58.19,EUR/MWh,FR,FR,imbalance_price,Short,2026-06-07T17:42:53Z
2026-06-07T17:41:56Z,2026-06-07T19:41:56+0200,9fbaedea-27ef-4990-85cf-49287850296c,2026-05-11T18:00:00Z,2026-05-11T20:00:00+0200,23.43,EUR/MWh,FR,FR,imbalance_price,Long,2026-06-07T17:42:53Z
2026-06-07T17:41:56Z,2026-06-07T19:41:56+0200,9fbaedea-27ef-4990-85cf-49287850296c,2026-05-11T18:00:00Z,2026-05-11T20:00:00+0200,27.75,EUR/MWh,FR,FR,imbalance_price,Short,2026-06-07T17:42:53Z
2026-06-07T17:41:56Z,2026-06-07T19:41:56+0200,9fbaedea-27ef-4990-85cf-49287850296c,2026-05-11T18:15:00Z,2026-05-11T20:15:00+0200,94.95,EUR/MWh,FR,FR,imbalance_price,Long,2026-06-07T17:42:53Z
2026-06-07T17:41:56Z,2026-06-07T19:41:56+0200,9fbaedea-27ef-4990-85cf-49287850296c,2026-05-11T18:15:00Z,2026-05-11T20:15:00+0200,112.49,EUR/MWh,FR,FR,imbalance_price,Short,2026-06-07T17:42:53Z
2026-06-07T17:41:56Z,2026-06-07T19:41:56+0200,9fbaedea-27ef-4990-85cf-49287850296c,2026-05-11T18:30:00Z,2026-05-11T20:30:00+0200,72.63,EUR/MWh,FR,FR,imbalance_price,Long,2026-06-07T17:42:53Z
2026-06-07T17:41:56Z,2026-06-07T19:41:56+0200,9fbaedea-27ef-4990-85cf-49287850296c,2026-05-11T18:30:00Z,2026-05-11T20:30:00+0200,86.05,EUR/MWh,FR,FR,imbalance_price,Short,2026-06-07T17:42:53Z
2026-06-07T17:41:56Z,2026-06-07T19:41:56+0200,9fbaedea-27ef-4990-85cf-49287850296c,2026-05-11T18:45:00Z,2026-05-11T20:45:00+0200,79.88,EUR/MWh,FR,FR,imbalance_price,Long,2026-06-07T17:42:53Z
2026-06-07T17:41:56Z,2026-06-07T19:41:56+0200,9fbaedea-27ef-4990-85cf-49287850296c,2026-05-11T18:45:00Z,2026-05-11T20:45:00+0200,94.64,EUR/MWh,FR,FR,imbalance_price,Short,2026-06-07T17:42:53Z
2026-06-07T17:41:56Z,2026-06-07T19:41:56+0200,9fbaedea-27ef-4990-85cf-49287850296c,2026-05-11T19:00:00Z,2026-05-11T21:00:00+0200,72.48,EUR/MWh,FR,FR,imbalance_price,Long,2026-06-07T17:42:53Z
2026-06-07T17:41:56Z,2026-06-07T19:41:56+0200,9fbaedea-27ef-4990-85cf-49287850296c,2026-05-11T19:00:00Z,2026-05-11T21:00:00+0200,85.88,EUR/MWh,FR,FR,imbalance_price,Short,2026-06-07T17:42:53Z
2026-06-07T17:41:56Z,2026-06-07T19:41:56+0200,9fbaedea-27ef-4990-85cf-49287850296c,2026-05-11T19:15:00Z,2026-05-11T21:15:00+0200,79.18,EUR/MWh,FR,FR,imbalance_price,Long,2026-06-07T17:42:53Z
2026-06-07T17:41:56Z,2026-06-07T19:41:56+0200,9fbaedea-27ef-4990-85cf-49287850296c,2026-05-11T19:15:00Z,2026-05-11T21:15:00+0200,93.82,EUR/MWh,FR,FR,imbalance_price,Short,2026-06-07T17:42:53Z
2026-06-07T17:41:56Z,2026-06-07T19:41:56+0200,9fbaedea-27ef-4990-85cf-49287850296c,2026-05-11T19:30:00Z,2026-05-11T21:30:00+0200,79.37,EUR/MWh,FR,FR,imbalance_price,Long,2026-06-07T17:42:53Z
2026-06-07T17:41:56Z,2026-06-07T19:41:56+0200,9fbaedea-27ef-4990-85cf-49287850296c,2026-05-11T19:30:00Z,2026-05-11T21:30:00+0200,94.03,EUR/MWh,FR,FR,imbalance_price,Short,2026-06-07T17:42:53Z
2026-06-07T17:41:56Z,2026-06-07T19:41:56+0200,9fbaedea-27ef-4990-85cf-49287850296c,2026-05-11T19:45:00Z,2026-05-11T21:45:00+0200,72.66,EUR/MWh,FR,FR,imbalance_price,Long,2026-06-07T17:42:53Z
2026-06-07T17:41:56Z,2026-06-07T19:41:56+0200,9fbaedea-27ef-4990-85cf-49287850296c,2026-05-11T19:45:00Z,2026-05-11T21:45:00+0200,86.08,EUR/MWh,FR,FR,imbalance_price,Short,2026-06-07T17:42:53Z
2026-06-07T17:41:56Z,2026-06-07T19:41:56+0200,9fbaedea-27ef-4990-85cf-49287850296c,2026-05-11T20:00:00Z,2026-05-11T22:00:00+0200,69.95,EUR/MWh,FR,FR,imbalance_price,Long,2026-06-07T17:42:53Z
2026-06-07T17:41:56Z,2026-06-07T19:41:56+0200,9fbaedea-27ef-4990-85cf-49287850296c,2026-05-11T20:00:00Z,2026-05-11T22:00:00+0200,82.89,EUR/MWh,FR,FR,imbalance_price,Short,2026-06-07T17:42:53Z
2026-06-07T17:41:56Z,2026-06-07T19:41:56+0200,9fbaedea-27ef-4990-85cf-49287850296c,2026-05-11T20:15:00Z,2026-05-11T22:15:00+0200,81.32,EUR/MWh,FR,FR,imbalance_price,Long,2026-06-07T17:42:53Z
2026-06-07T17:41:56Z,2026-06-07T19:41:56+0200,9fbaedea-27ef-4990-85cf-49287850296c,2026-05-11T20:15:00Z,2026-05-11T22:15:00+0200,96.36,EUR/MWh,FR,FR,imbalance_price,Short,2026-06-07T17:42:53Z
2026-06-07T17:41:56Z,2026-06-07T19:41:56+0200,9fbaedea-27ef-4990-85cf-49287850296c,2026-05-11T20:30:00Z,2026-05-11T22:30:00+0200,78.06,EUR/MWh,FR,FR,imbalance_price,Long,2026-06-07T17:42:53Z
2026-06-07T17:41:56Z,2026-06-07T19:41:56+0200,9fbaedea-27ef-4990-85cf-49287850296c,2026-05-11T20:30:00Z,2026-05-11T22:30:00+0200,92.48,EUR/MWh,FR,FR,imbalance_price,Short,2026-06-07T17:42:53Z
2026-06-07T17:41:56Z,2026-06-07T19:41:56+0200,9fbaedea-27ef-4990-85cf-49287850296c,2026-05-11T20:45:00Z,2026-05-11T22:45:00+0200,71.41,EUR/MWh,FR,FR,imbalance_price,Long,2026-06-07T17:42:53Z
2026-06-07T17:41:56Z,2026-06-07T19:41:56+0200,9fbaedea-27ef-4990-85cf-49287850296c,2026-05-11T20:45:00Z,2026-05-11T22:45:00+0200,84.61,EUR/MWh,FR,FR,imbalance_price,Short,2026-06-07T17:42:53Z
2026-06-07T17:41:56Z,2026-06-07T19:41:56+0200,9fbaedea-27ef-4990-85cf-49287850296c,2026-05-11T21:00:00Z,2026-05-11T23:00:00+0200,65.01,EUR/MWh,FR,FR,imbalance_price,Long,2026-06-07T17:42:53Z
2026-06-07T17:41:56Z,2026-06-07T19:41:56+0200,9fbaedea-27ef-4990-85cf-49287850296c,2026-05-11T21:00:00Z,2026-05-11T23:00:00+0200,77.03,EUR/MWh,FR,FR,imbalance_price,Short,2026-06-07T17:42:53Z
2026-06-07T17:41:56Z,2026-06-07T19:41:56+0200,9fbaedea-27ef-4990-85cf-49287850296c,2026-05-11T21:15:00Z,2026-05-11T23:15:00+0200,65.19,EUR/MWh,FR,FR,imbalance_price,Long,2026-06-07T17:42:53Z
2026-06-07T17:41:56Z,2026-06-07T19:41:56+0200,9fbaedea-27ef-4990-85cf-49287850296c,2026-05-11T21:15:00Z,2026-05-11T23:15:00+0200,77.25,EUR/MWh,FR,FR,imbalance_price,Short,2026-06-07T17:42:53Z
2026-06-07T17:41:56Z,2026-06-07T19:41:56+0200,9fbaedea-27ef-4990-85cf-49287850296c,2026-05-11T21:30:00Z,2026-05-11T23:30:00+0200,77.31,EUR/MWh,FR,FR,imbalance_price,Long,2026-06-07T17:42:53Z
2026-06-07T17:41:56Z,2026-06-07T19:41:56+0200,9fbaedea-27ef-4990-85cf-49287850296c,2026-05-11T21:30:00Z,2026-05-11T23:30:00+0200,91.59,EUR/MWh,FR,FR,imbalance_price,Short,2026-06-07T17:42:53Z
2026-06-07T17:41:56Z,2026-06-07T19:41:56+0200,9fbaedea-27ef-4990-85cf-49287850296c,2026-05-11T21:45:00Z,2026-05-11T23:45:00+0200,69.52,EUR/MWh,FR,FR,imbalance_price,Long,2026-06-07T17:42:53Z
2026-06-07T17:41:56Z,2026-06-07T19:41:56+0200,9fbaedea-27ef-4990-85cf-49287850296c,2026-05-11T21:45:00Z,2026-05-11T23:45:00+0200,82.36,EUR/MWh,FR,FR,imbalance_price,Short,2026-06-07T17:42:53Z
2026-06-07T17:41:56Z,2026-06-07T19:41:56+0200,9fbaedea-27ef-4990-85cf-49287850296c,2026-05-11T22:00:00Z,2026-05-12T00:00:00+0200,64.74,EUR/MWh,FR,FR,imbalance_price,Long,2026-06-07T17:42:53Z
2026-06-07T17:41:56Z,2026-06-07T19:41:56+0200,9fbaedea-27ef-4990-85cf-49287850296c,2026-05-11T22:00:00Z,2026-05-12T00:00:00+0200,76.7,EUR/MWh,FR,FR,imbalance_price,Short,2026-06-07T17:42:53Z
2026-06-07T17:41:56Z,2026-06-07T19:41:56+0200,9fbaedea-27ef-4990-85cf-49287850296c,2026-05-11T22:15:00Z,2026-05-12T00:15:00+0200,120.06,EUR/MWh,FR,FR,imbalance_price,Long,2026-06-07T17:42:53Z
2026-06-07T17:41:56Z,2026-06-07T19:41:56+0200,9fbaedea-27ef-4990-85cf-49287850296c,2026-05-11T22:15:00Z,2026-05-12T00:15:00+0200,142.26,EUR/MWh,FR,FR,imbalance_price,Short,2026-06-07T17:42:53Z
2026-06-07T17:41:56Z,2026-06-07T19:41:56+0200,9fbaedea-27ef-4990-85cf-49287850296c,2026-05-11T22:30:00Z,2026-05-12T00:30:00+0200,102.22,EUR/MWh,FR,FR,imbalance_price,Long,2026-06-07T17:42:53Z
2026-06-07T17:41:56Z,2026-06-07T19:41:56+0200,9fbaedea-27ef-4990-85cf-49287850296c,2026-05-11T22:30:00Z,2026-05-12T00:30:00+0200,121.12,EUR/MWh,FR,FR,imbalance_price,Short,2026-06-07T17:42:53Z
2026-06-07T17:41:56Z,2026-06-07T19:41:56+0200,9fbaedea-27ef-4990-85cf-49287850296c,2026-05-11T22:45:00Z,2026-05-12T00:45:00+0200,90.4,EUR/MWh,FR,FR,imbalance_price,Long,2026-06-07T17:42:53Z
2026-06-07T17:41:56Z,2026-06-07T19:41:56+0200,9fbaedea-27ef-4990-85cf-49287850296c,2026-05-11T22:45:00Z,2026-05-12T00:45:00+0200,107.1,EUR/MWh,FR,FR,imbalance_price,Short,2026-06-07T17:42:53Z
2026-06-07T17:41:56Z,2026-06-07T19:41:56+0200,9fbaedea-27ef-4990-85cf-49287850296c,2026-05-11T23:00:00Z,2026-05-12T01:00:00+0200,119.62,EUR/MWh,FR,FR,imbalance_price,Long,2026-06-07T17:42:53Z
2026-06-07T17:41:56Z,2026-06-07T19:41:56+0200,9fbaedea-27ef-4990-85cf-49287850296c,2026-05-11T23:00:00Z,2026-05-12T01:00:00+0200,141.72,EUR/MWh,FR,FR,imbalance_price,Short,2026-06-07T17:42:53Z
2026-06-07T17:41:56Z,2026-06-07T19:41:56+0200,9fbaedea-27ef-4990-85cf-49287850296c,2026-05-11T23:15:00Z,2026-05-12T01:15:00+0200,93.63,EUR/MWh,FR,FR,imbalance_price,Long,2026-06-07T17:42:53Z
2026-06-07T17:41:56Z,2026-06-07T19:41:56+0200,9fbaedea-27ef-4990-85cf-49287850296c,2026-05-11T23:15:00Z,2026-05-12T01:15:00+0200,110.93,EUR/MWh,FR,FR,imbalance_price,Short,2026-06-07T17:42:53Z
2026-06-07T17:41:56Z,2026-06-07T19:41:56+0200,9fbaedea-27ef-4990-85cf-49287850296c,2026-05-11T23:30:00Z,2026-05-12T01:30:00+0200,55.2,EUR/MWh,FR,FR,imbalance_price,Long,2026-06-07T17:42:53Z
2026-06-07T17:41:56Z,2026-06-07T19:41:56+0200,9fbaedea-27ef-4990-85cf-49287850296c,2026-05-11T23:30:00Z,2026-05-12T01:30:00+0200,65.4,EUR/MWh,FR,FR,imbalance_price,Short,2026-06-07T17:42:53Z
2026-06-07T17:41:56Z,2026-06-07T19:41:56+0200,9fbaedea-27ef-4990-85cf-49287850296c,2026-05-11T23:45:00Z,2026-05-12T01:45:00+0200,54.42,EUR/MWh,FR,FR,imbalance_price,Long,2026-06-07T17:42:53Z
2026-06-07T17:41:56Z,2026-06-07T19:41:56+0200,9fbaedea-27ef-4990-85cf-49287850296c,2026-05-11T23:45:00Z,2026-05-12T01:45:00+0200,64.48,EUR/MWh,FR,FR,imbalance_price,Short,2026-06-07T17:42:53Z
2026-06-07T17:41:56Z,2026-06-07T19:41:56+0200,9fbaedea-27ef-4990-85cf-49287850296c,2026-05-12T00:00:00Z,2026-05-12T02:00:00+0200,70.88,EUR/MWh,FR,FR,imbalance_price,Long,2026-06-07T17:42:53Z
2026-06-07T17:41:56Z,2026-06-07T19:41:56+0200,9fbaedea-27ef-4990-85cf-49287850296c,2026-05-12T00:00:00Z,2026-05-12T02:00:00+0200,83.98,EUR/MWh,FR,FR,imbalance_price,Short,2026-06-07T17:42:53Z
2026-06-07T17:41:56Z,2026-06-07T19:41:56+0200,9fbaedea-27ef-4990-85cf-49287850296c,2026-05-12T00:15:00Z,2026-05-12T02:15:00+0200,68.19,EUR/MWh,FR,FR,imbalance_price,Long,2026-06-07T17:42:53Z
2026-06-07T17:41:56Z,2026-06-07T19:41:56+0200,9fbaedea-27ef-4990-85cf-49287850296c,2026-05-12T00:15:00Z,2026-05-12T02:15:00+0200,80.79,EUR/MWh,FR,FR,imbalance_price,Short,2026-06-07T17:42:53Z
2026-06-07T17:41:56Z,2026-06-07T19:41:56+0200,9fbaedea-27ef-4990-85cf-49287850296c,2026-05-12T00:30:00Z,2026-05-12T02:30:00+0200,75.19,EUR/MWh,FR,FR,imbalance_price,Long,2026-06-07T17:42:53Z
2026-06-07T17:41:56Z,2026-06-07T19:41:56+0200,9fbaedea-27ef-4990-85cf-49287850296c,2026-05-12T00:30:00Z,2026-05-12T02:30:00+0200,89.09,EUR/MWh,FR,FR,imbalance_price,Short,2026-06-07T17:42:53Z
2026-06-07T17:41:56Z,2026-06-07T19:41:56+0200,9fbaedea-27ef-4990-85cf-49287850296c,2026-05-12T00:45:00Z,2026-05-12T02:45:00+0200,44.09,EUR/MWh,FR,FR,imbalance_price,Long,2026-06-07T17:42:53Z
2026-06-07T17:41:56Z,2026-06-07T19:41:56+0200,9fbaedea-27ef-4990-85cf-49287850296c,2026-05-12T00:45:00Z,2026-05-12T02:45:00+0200,52.25,EUR/MWh,FR,FR,imbalance_price,Short,2026-06-07T17:42:53Z
2026-06-07T17:41:56Z,2026-06-07T19:41:56+0200,9fbaedea-27ef-4990-85cf-49287850296c,2026-05-12T01:00:00Z,2026-05-12T03:00:00+0200,41.16,EUR/MWh,FR,FR,imbalance_price,Long,2026-06-07T17:42:53Z
2026-06-07T17:41:56Z,2026-06-07T19:41:56+0200,9fbaedea-27ef-4990-85cf-49287850296c,2026-05-12T01:00:00Z,2026-05-12T03:00:00+0200,48.76,EUR/MWh,FR,FR,imbalance_price,Short,2026-06-07T17:42:53Z
2026-06-07T17:41:56Z,2026-06-07T19:41:56+0200,9fbaedea-27ef-4990-85cf-49287850296c,2026-05-12T01:15:00Z,2026-05-12T03:15:00+0200,41.04,EUR/MWh,FR,FR,imbalance_price,Long,2026-06-07T17:42:53Z
2026-06-07T17:41:56Z,2026-06-07T19:41:56+0200,9fbaedea-27ef-4990-85cf-49287850296c,2026-05-12T01:15:00Z,2026-05-12T03:15:00+0200,48.62,EUR/MWh,FR,FR,imbalance_price,Short,2026-06-07T17:42:53Z
2026-06-07T17:41:56Z,2026-06-07T19:41:56+0200,9fbaedea-27ef-4990-85cf-49287850296c,2026-05-12T01:30:00Z,2026-05-12T03:30:00+0200,46.76,EUR/MWh,FR,FR,imbalance_price,Long,2026-06-07T17:42:53Z
2026-06-07T17:41:56Z,2026-06-07T19:41:56+0200,9fbaedea-27ef-4990-85cf-49287850296c,2026-05-12T01:30:00Z,2026-05-12T03:30:00+0200,55.4,EUR/MWh,FR,FR,imbalance_price,Short,2026-06-07T17:42:53Z
2026-06-07T17:41:56Z,2026-06-07T19:41:56+0200,9fbaedea-27ef-4990-85cf-49287850296c,2026-05-12T01:45:00Z,2026-05-12T03:45:00+0200,32.5,EUR/MWh,FR,FR,imbalance_price,Long,2026-06-07T17:42:53Z
2026-06-07T17:41:56Z,2026-06-07T19:41:56+0200,9fbaedea-27ef-4990-85cf-49287850296c,2026-05-12T01:45:00Z,2026-05-12T03:45:00+0200,38.5,EUR/MWh,FR,FR,imbalance_price,Short,2026-06-07T17:42:53Z
2026-06-07T17:41:56Z,2026-06-07T19:41:56+0200,9fbaedea-27ef-4990-85cf-49287850296c,2026-05-12T02:00:00Z,2026-05-12T04:00:00+0200,16.79,EUR/MWh,FR,FR,imbalance_price,Long,2026-06-07T17:42:53Z
2026-06-07T17:41:56Z,2026-06-07T19:41:56+0200,9fbaedea-27ef-4990-85cf-49287850296c,2026-05-12T02:00:00Z,2026-05-12T04:00:00+0200,19.89,EUR/MWh,FR,FR,imbalance_price,Short,2026-06-07T17:42:53Z
2026-06-07T17:41:56Z,2026-06-07T19:41:56+0200,9fbaedea-27ef-4990-85cf-49287850296c,2026-05-12T02:15:00Z,2026-05-12T04:15:00+0200,-51.55,EUR/MWh,FR,FR,imbalance_price,Long,2026-06-07T17:42:53Z
2026-06-07T17:41:56Z,2026-06-07T19:41:56+0200,9fbaedea-27ef-4990-85cf-49287850296c,2026-05-12T02:15:00Z,2026-05-12T04:15:00+0200,-43.51,EUR/MWh,FR,FR,imbalance_price,Short,2026-06-07T17:42:53Z
2026-06-07T17:41:56Z,2026-06-07T19:41:56+0200,9fbaedea-27ef-4990-85cf-49287850296c,2026-05-12T02:30:00Z,2026-05-12T04:30:00+0200,18.07,EUR/MWh,FR,FR,imbalance_price,Long,2026-06-07T17:42:53Z
2026-06-07T17:41:56Z,2026-06-07T19:41:56+0200,9fbaedea-27ef-4990-85cf-49287850296c,2026-05-12T02:30:00Z,2026-05-12T04:30:00+0200,21.41,EUR/MWh,FR,FR,imbalance_price,Short,2026-06-07T17:42:53Z
2026-06-07T17:41:56Z,2026-06-07T19:41:56+0200,9fbaedea-27ef-4990-85cf-49287850296c,2026-05-12T02:45:00Z,2026-05-12T04:45:00+0200,31.41,EUR/MWh,FR,FR,imbalance_price,Long,2026-06-07T17:42:53Z
2026-06-07T17:41:56Z,2026-06-07T19:41:56+0200,9fbaedea-27ef-4990-85cf-49287850296c,2026-05-12T02:45:00Z,2026-05-12T04:45:00+0200,37.21,EUR/MWh,FR,FR,imbalance_price,Short,2026-06-07T17:42:53Z
2026-06-07T17:41:56Z,2026-06-07T19:41:56+0200,9fbaedea-27ef-4990-85cf-49287850296c,2026-05-12T03:00:00Z,2026-05-12T05:00:00+0200,-412.18,EUR/MWh,FR,FR,imbalance_price,Long,2026-06-07T17:42:53Z
2026-06-07T17:41:56Z,2026-06-07T19:41:56+0200,9fbaedea-27ef-4990-85cf-49287850296c,2026-05-12T03:00:00Z,2026-05-12T05:00:00+0200,-347.88,EUR/MWh,FR,FR,imbalance_price,Short,2026-06-07T17:42:53Z
2026-06-07T17:41:56Z,2026-06-07T19:41:56+0200,9fbaedea-27ef-4990-85cf-49287850296c,2026-05-12T03:15:00Z,2026-05-12T05:15:00+0200,-82.85,EUR/MWh,FR,FR,imbalance_price,Long,2026-06-07T17:42:53Z
2026-06-07T17:41:56Z,2026-06-07T19:41:56+0200,9fbaedea-27ef-4990-85cf-49287850296c,2026-05-12T03:15:00Z,2026-05-12T05:15:00+0200,-69.93,EUR/MWh,FR,FR,imbalance_price,Short,2026-06-07T17:42:53Z
2026-06-07T17:41:56Z,2026-06-07T19:41:56+0200,9fbaedea-27ef-4990-85cf-49287850296c,2026-05-12T03:30:00Z,2026-05-12T05:30:00+0200,22.96,EUR/MWh,FR,FR,imbalance_price,Long,2026-06-07T17:42:53Z
2026-06-07T17:41:56Z,2026-06-07T19:41:56+0200,9fbaedea-27ef-4990-85cf-49287850296c,2026-05-12T03:30:00Z,2026-05-12T05:30:00+0200,27.2,EUR/MWh,FR,FR,imbalance_price,Short,2026-06-07T17:42:53Z
2026-06-07T17:41:56Z,2026-06-07T19:41:56+0200,9fbaedea-27ef-4990-85cf-49287850296c,2026-05-12T03:45:00Z,2026-05-12T05:45:00+0200,34.81,EUR/MWh,FR,FR,imbalance_price,Long,2026-06-07T17:42:53Z
2026-06-07T17:41:56Z,2026-06-07T19:41:56+0200,9fbaedea-27ef-4990-85cf-49287850296c,2026-05-12T03:45:00Z,2026-05-12T05:45:00+0200,41.25,EUR/MWh,FR,FR,imbalance_price,Short,2026-06-07T17:42:53Z
2026-06-07T17:41:56Z,2026-06-07T19:41:56+0200,9fbaedea-27ef-4990-85cf-49287850296c,2026-05-12T04:00:00Z,2026-05-12T06:00:00+0200,40.01,EUR/MWh,FR,FR,imbalance_price,Long,2026-06-07T17:42:53Z
2026-06-07T17:41:56Z,2026-06-07T19:41:56+0200,9fbaedea-27ef-4990-85cf-49287850296c,2026-05-12T04:00:00Z,2026-05-12T06:00:00+0200,47.41,EUR/MWh,FR,FR,imbalance_price,Short,2026-06-07T17:42:53Z
2026-06-07T17:41:56Z,2026-06-07T19:41:56+0200,9fbaedea-27ef-4990-85cf-49287850296c,2026-05-12T04:15:00Z,2026-05-12T06:15:00+0200,33.02,EUR/MWh,FR,FR,imbalance_price,Long,2026-06-07T17:42:53Z
2026-06-07T17:41:56Z,2026-06-07T19:41:56+0200,9fbaedea-27ef-4990-85cf-49287850296c,2026-05-12T04:15:00Z,2026-05-12T06:15:00+0200,39.12,EUR/MWh,FR,FR,imbalance_price,Short,2026-06-07T17:42:53Z
2026-06-07T17:41:56Z,2026-06-07T19:41:56+0200,9fbaedea-27ef-4990-85cf-49287850296c,2026-05-12T04:30:00Z,2026-05-12T06:30:00+0200,53.48,EUR/MWh,FR,FR,imbalance_price,Long,2026-06-07T17:42:53Z
2026-06-07T17:41:56Z,2026-06-07T19:41:56+0200,9fbaedea-27ef-4990-85cf-49287850296c,2026-05-12T04:30:00Z,2026-05-12T06:30:00+0200,63.36,EUR/MWh,FR,FR,imbalance_price,Short,2026-06-07T17:42:53Z
2026-06-07T17:41:56Z,2026-06-07T19:41:56+0200,9fbaedea-27ef-4990-85cf-49287850296c,2026-05-12T04:45:00Z,2026-05-12T06:45:00+0200,67.28,EUR/MWh,FR,FR,imbalance_price,Long,2026-06-07T17:42:53Z
2026-06-07T17:41:56Z,2026-06-07T19:41:56+0200,9fbaedea-27ef-4990-85cf-49287850296c,2026-05-12T04:45:00Z,2026-05-12T06:45:00+0200,79.72,EUR/MWh,FR,FR,imbalance_price,Short,2026-06-07T17:42:53Z
2026-06-07T17:41:56Z,2026-06-07T19:41:56+0200,9fbaedea-27ef-4990-85cf-49287850296c,2026-05-12T05:00:00Z,2026-05-12T07:00:00+0200,76.28,EUR/MWh,FR,FR,imbalance_price,Long,2026-06-07T17:42:53Z
2026-06-07T17:41:56Z,2026-06-07T19:41:56+0200,9fbaedea-27ef-4990-85cf-49287850296c,2026-05-12T05:00:00Z,2026-05-12T07:00:00+0200,90.38,EUR/MWh,FR,FR,imbalance_price,Short,2026-06-07T17:42:53Z
2026-06-07T17:41:56Z,2026-06-07T19:41:56+0200,9fbaedea-27ef-4990-85cf-49287850296c,2026-05-12T05:15:00Z,2026-05-12T07:15:00+0200,40.71,EUR/MWh,FR,FR,imbalance_price,Long,2026-06-07T17:42:53Z
2026-06-07T17:41:56Z,2026-06-07T19:41:56+0200,9fbaedea-27ef-4990-85cf-49287850296c,2026-05-12T05:15:00Z,2026-05-12T07:15:00+0200,48.23,EUR/MWh,FR,FR,imbalance_price,Short,2026-06-07T17:42:53Z
2026-06-07T17:41:56Z,2026-06-07T19:41:56+0200,9fbaedea-27ef-4990-85cf-49287850296c,2026-05-12T05:30:00Z,2026-05-12T07:30:00+0200,64.62,EUR/MWh,FR,FR,imbalance_price,Long,2026-06-07T17:42:53Z
2026-06-07T17:41:56Z,2026-06-07T19:41:56+0200,9fbaedea-27ef-4990-85cf-49287850296c,2026-05-12T05:30:00Z,2026-05-12T07:30:00+0200,76.56,EUR/MWh,FR,FR,imbalance_price,Short,2026-06-07T17:42:53Z
2026-06-07T17:41:56Z,2026-06-07T19:41:56+0200,9fbaedea-27ef-4990-85cf-49287850296c,2026-05-12T05:45:00Z,2026-05-12T07:45:00+0200,8.1,EUR/MWh,FR,FR,imbalance_price,Long,2026-06-07T17:42:53Z
2026-06-07T17:41:56Z,2026-06-07T19:41:56+0200,9fbaedea-27ef-4990-85cf-49287850296c,2026-05-12T05:45:00Z,2026-05-12T07:45:00+0200,9.6,EUR/MWh,FR,FR,imbalance_price,Short,2026-06-07T17:42:53Z
2026-06-07T17:41:56Z,2026-06-07T19:41:56+0200,9fbaedea-27ef-4990-85cf-49287850296c,2026-05-12T06:00:00Z,2026-05-12T08:00:00+0200,33.79,EUR/MWh,FR,FR,imbalance_price,Long,2026-06-07T17:42:53Z
2026-06-07T17:41:56Z,2026-06-07T19:41:56+0200,9fbaedea-27ef-4990-85cf-49287850296c,2026-05-12T06:00:00Z,2026-05-12T08:00:00+0200,40.03,EUR/MWh,FR,FR,imbalance_price,Short,2026-06-07T17:42:53Z
2026-06-07T17:41:56Z,2026-06-07T19:41:56+0200,9fbaedea-27ef-4990-85cf-49287850296c,2026-05-12T06:15:00Z,2026-05-12T08:15:00+0200,52.85,EUR/MWh,FR,FR,imbalance_price,Long,2026-06-07T17:42:53Z
2026-06-07T17:41:56Z,2026-06-07T19:41:56+0200,9fbaedea-27ef-4990-85cf-49287850296c,2026-05-12T06:15:00Z,2026-05-12T08:15:00+0200,62.61,EUR/MWh,FR,FR,imbalance_price,Short,2026-06-07T17:42:53Z
2026-06-07T17:41:56Z,2026-06-07T19:41:56+0200,9fbaedea-27ef-4990-85cf-49287850296c,2026-05-12T06:30:00Z,2026-05-12T08:30:00+0200,52.39,EUR/MWh,FR,FR,imbalance_price,Long,2026-06-07T17:42:53Z
2026-06-07T17:41:56Z,2026-06-07T19:41:56+0200,9fbaedea-27ef-4990-85cf-49287850296c,2026-05-12T06:30:00Z,2026-05-12T08:30:00+0200,62.07,EUR/MWh,FR,FR,imbalance_price,Short,2026-06-07T17:42:53Z
2026-06-07T17:41:56Z,2026-06-07T19:41:56+0200,9fbaedea-27ef-4990-85cf-49287850296c,2026-05-12T06:45:00Z,2026-05-12T08:45:00+0200,18.66,EUR/MWh,FR,FR,imbalance_price,Long,2026-06-07T17:42:53Z
2026-06-07T17:41:56Z,2026-06-07T19:41:56+0200,9fbaedea-27ef-4990-85cf-49287850296c,2026-05-12T06:45:00Z,2026-05-12T08:45:00+0200,22.1,EUR/MWh,FR,FR,imbalance_price,Short,2026-06-07T17:42:53Z
2026-06-07T17:41:56Z,2026-06-07T19:41:56+0200,9fbaedea-27ef-4990-85cf-49287850296c,2026-05-12T07:00:00Z,2026-05-12T09:00:00+0200,24.23,EUR/MWh,FR,FR,imbalance_price,Long,2026-06-07T17:42:53Z
2026-06-07T17:41:56Z,2026-06-07T19:41:56+0200,9fbaedea-27ef-4990-85cf-49287850296c,2026-05-12T07:00:00Z,2026-05-12T09:00:00+0200,28.71,EUR/MWh,FR,FR,imbalance_price,Short,2026-06-07T17:42:53Z
2026-06-07T17:41:56Z,2026-06-07T19:41:56+0200,9fbaedea-27ef-4990-85cf-49287850296c,2026-05-12T07:15:00Z,2026-05-12T09:15:00+0200,16.14,EUR/MWh,FR,FR,imbalance_price,Long,2026-06-07T17:42:53Z
2026-06-07T17:41:56Z,2026-06-07T19:41:56+0200,9fbaedea-27ef-4990-85cf-49287850296c,2026-05-12T07:15:00Z,2026-05-12T09:15:00+0200,19.12,EUR/MWh,FR,FR,imbalance_price,Short,2026-06-07T17:42:53Z
2026-06-07T17:41:56Z,2026-06-07T19:41:56+0200,9fbaedea-27ef-4990-85cf-49287850296c,2026-05-12T07:30:00Z,2026-05-12T09:30:00+0200,20.13,EUR/MWh,FR,FR,imbalance_price,Long,2026-06-07T17:42:53Z
2026-06-07T17:41:56Z,2026-06-07T19:41:56+0200,9fbaedea-27ef-4990-85cf-49287850296c,2026-05-12T07:30:00Z,2026-05-12T09:30:00+0200,23.85,EUR/MWh,FR,FR,imbalance_price,Short,2026-06-07T17:42:53Z
2026-06-07T17:41:56Z,2026-06-07T19:41:56+0200,9fbaedea-27ef-4990-85cf-49287850296c,2026-05-12T07:45:00Z,2026-05-12T09:45:00+0200,-7.93,EUR/MWh,FR,FR,imbalance_price,Long,2026-06-07T17:42:53Z
2026-06-07T17:41:56Z,2026-06-07T19:41:56+0200,9fbaedea-27ef-4990-85cf-49287850296c,2026-05-12T07:45:00Z,2026-05-12T09:45:00+0200,-6.69,EUR/MWh,FR,FR,imbalance_price,Short,2026-06-07T17:42:53Z
2026-06-07T17:41:56Z,2026-06-07T19:41:56+0200,9fbaedea-27ef-4990-85cf-49287850296c,2026-05-12T08:00:00Z,2026-05-12T10:00:00+0200,-23.95,EUR/MWh,FR,FR,imbalance_price,Long,2026-06-07T17:42:53Z
2026-06-07T17:41:56Z,2026-06-07T19:41:56+0200,9fbaedea-27ef-4990-85cf-49287850296c,2026-05-12T08:00:00Z,2026-05-12T10:00:00+0200,-20.21,EUR/MWh,FR,FR,imbalance_price,Short,2026-06-07T17:42:53Z
2026-06-07T17:41:56Z,2026-06-07T19:41:56+0200,9fbaedea-27ef-4990-85cf-49287850296c,2026-05-12T08:15:00Z,2026-05-12T10:15:00+0200,1.34,EUR/MWh,FR,FR,imbalance_price,Long,2026-06-07T17:42:53Z
2026-06-07T17:41:56Z,2026-06-07T19:41:56+0200,9fbaedea-27ef-4990-85cf-49287850296c,2026-05-12T08:15:00Z,2026-05-12T10:15:00+0200,1.58,EUR/MWh,FR,FR,imbalance_price,Short,2026-06-07T17:42:53Z
2026-06-07T17:41:56Z,2026-06-07T19:41:56+0200,9fbaedea-27ef-4990-85cf-49287850296c,2026-05-12T08:30:00Z,2026-05-12T10:30:00+0200,-11.59,EUR/MWh,FR,FR,imbalance_price,Long,2026-06-07T17:42:53Z
2026-06-07T17:41:56Z,2026-06-07T19:41:56+0200,9fbaedea-27ef-4990-85cf-49287850296c,2026-05-12T08:30:00Z,2026-05-12T10:30:00+0200,-9.79,EUR/MWh,FR,FR,imbalance_price,Short,2026-06-07T17:42:53Z
2026-06-07T17:41:56Z,2026-06-07T19:41:56+0200,9fbaedea-27ef-4990-85cf-49287850296c,2026-05-12T08:45:00Z,2026-05-12T10:45:00+0200,-57.12,EUR/MWh,FR,FR,imbalance_price,Long,2026-06-07T17:42:53Z
2026-06-07T17:41:56Z,2026-06-07T19:41:56+0200,9fbaedea-27ef-4990-85cf-49287850296c,2026-05-12T08:45:00Z,2026-05-12T10:45:00+0200,-48.2,EUR/MWh,FR,FR,imbalance_price,Short,2026-06-07T17:42:53Z
2026-06-07T17:41:56Z,2026-06-07T19:41:56+0200,9fbaedea-27ef-4990-85cf-49287850296c,2026-05-12T09:00:00Z,2026-05-12T11:00:00+0200,-59.54,EUR/MWh,FR,FR,imbalance_price,Long,2026-06-07T17:42:53Z
2026-06-07T17:41:56Z,2026-06-07T19:41:56+0200,9fbaedea-27ef-4990-85cf-49287850296c,2026-05-12T09:00:00Z,2026-05-12T11:00:00+0200,-50.26,EUR/MWh,FR,FR,imbalance_price,Short,2026-06-07T17:42:53Z
2026-06-07T17:41:56Z,2026-06-07T19:41:56+0200,9fbaedea-27ef-4990-85cf-49287850296c,2026-05-12T09:15:00Z,2026-05-12T11:15:00+0200,4.27,EUR/MWh,FR,FR,imbalance_price,Long,2026-06-07T17:42:53Z
2026-06-07T17:41:56Z,2026-06-07T19:41:56+0200,9fbaedea-27ef-4990-85cf-49287850296c,2026-05-12T09:15:00Z,2026-05-12T11:15:00+0200,5.05,EUR/MWh,FR,FR,imbalance_price,Short,2026-06-07T17:42:53Z
2026-06-07T17:41:56Z,2026-06-07T19:41:56+0200,9fbaedea-27ef-4990-85cf-49287850296c,2026-05-12T09:30:00Z,2026-05-12T11:30:00+0200,4.25,EUR/MWh,FR,FR,imbalance_price,Long,2026-06-07T17:42:53Z
2026-06-07T17:41:56Z,2026-06-07T19:41:56+0200,9fbaedea-27ef-4990-85cf-49287850296c,2026-05-12T09:30:00Z,2026-05-12T11:30:00+0200,5.03,EUR/MWh,FR,FR,imbalance_price,Short,2026-06-07T17:42:53Z
2026-06-07T17:41:56Z,2026-06-07T19:41:56+0200,9fbaedea-27ef-4990-85cf-49287850296c,2026-05-12T09:45:00Z,2026-05-12T11:45:00+0200,4.67,EUR/MWh,FR,FR,imbalance_price,Long,2026-06-07T17:42:53Z
2026-06-07T17:41:56Z,2026-06-07T19:41:56+0200,9fbaedea-27ef-4990-85cf-49287850296c,2026-05-12T09:45:00Z,2026-05-12T11:45:00+0200,5.53,EUR/MWh,FR,FR,imbalance_price,Short,2026-06-07T17:42:53Z
2026-06-07T17:41:56Z,2026-06-07T19:41:56+0200,9fbaedea-27ef-4990-85cf-49287850296c,2026-05-12T10:00:00Z,2026-05-12T12:00:00+0200,4.14,EUR/MWh,FR,FR,imbalance_price,Long,2026-06-07T17:42:53Z
2026-06-07T17:41:56Z,2026-06-07T19:41:56+0200,9fbaedea-27ef-4990-85cf-49287850296c,2026-05-12T10:00:00Z,2026-05-12T12:00:00+0200,4.9,EUR/MWh,FR,FR,imbalance_price,Short,2026-06-07T17:42:53Z
2026-06-07T17:41:56Z,2026-06-07T19:41:56+0200,9fbaedea-27ef-4990-85cf-49287850296c,2026-05-12T10:15:00Z,2026-05-12T12:15:00+0200,3.9,EUR/MWh,FR,FR,imbalance_price,Long,2026-06-07T17:42:53Z
2026-06-07T17:41:56Z,2026-06-07T19:41:56+0200,9fbaedea-27ef-4990-85cf-49287850296c,2026-05-12T10:15:00Z,2026-05-12T12:15:00+0200,4.62,EUR/MWh,FR,FR,imbalance_price,Short,2026-06-07T17:42:53Z
2026-06-07T17:41:56Z,2026-06-07T19:41:56+0200,9fbaedea-27ef-4990-85cf-49287850296c,2026-05-12T10:30:00Z,2026-05-12T12:30:00+0200,3.95,EUR/MWh,FR,FR,imbalance_price,Long,2026-06-07T17:42:53Z
2026-06-07T17:41:56Z,2026-06-07T19:41:56+0200,9fbaedea-27ef-4990-85cf-49287850296c,2026-05-12T10:30:00Z,2026-05-12T12:30:00+0200,4.67,EUR/MWh,FR,FR,imbalance_price,Short,2026-06-07T17:42:53Z
2026-06-07T17:41:56Z,2026-06-07T19:41:56+0200,9fbaedea-27ef-4990-85cf-49287850296c,2026-05-12T10:45:00Z,2026-05-12T12:45:00+0200,3.47,EUR/MWh,FR,FR,imbalance_price,Long,2026-06-07T17:42:53Z
2026-06-07T17:41:56Z,2026-06-07T19:41:56+0200,9fbaedea-27ef-4990-85cf-49287850296c,2026-05-12T10:45:00Z,2026-05-12T12:45:00+0200,4.11,EUR/MWh,FR,FR,imbalance_price,Short,2026-06-07T17:42:53Z
2026-06-07T17:41:56Z,2026-06-07T19:41:56+0200,9fbaedea-27ef-4990-85cf-49287850296c,2026-05-12T11:00:00Z,2026-05-12T13:00:00+0200,3.76,EUR/MWh,FR,FR,imbalance_price,Long,2026-06-07T17:42:53Z
2026-06-07T17:41:56Z,2026-06-07T19:41:56+0200,9fbaedea-27ef-4990-85cf-49287850296c,2026-05-12T11:00:00Z,2026-05-12T13:00:00+0200,4.46,EUR/MWh,FR,FR,imbalance_price,Short,2026-06-07T17:42:53Z
2026-06-07T17:41:56Z,2026-06-07T19:41:56+0200,9fbaedea-27ef-4990-85cf-49287850296c,2026-05-12T11:15:00Z,2026-05-12T13:15:00+0200,4.49,EUR/MWh,FR,FR,imbalance_price,Long,2026-06-07T17:42:53Z
2026-06-07T17:41:56Z,2026-06-07T19:41:56+0200,9fbaedea-27ef-4990-85cf-49287850296c,2026-05-12T11:15:00Z,2026-05-12T13:15:00+0200,5.33,EUR/MWh,FR,FR,imbalance_price,Short,2026-06-07T17:42:53Z
2026-06-07T17:41:56Z,2026-06-07T19:41:56+0200,9fbaedea-27ef-4990-85cf-49287850296c,2026-05-12T11:30:00Z,2026-05-12T13:30:00+0200,5.1,EUR/MWh,FR,FR,imbalance_price,Long,2026-06-07T17:42:53Z
2026-06-07T17:41:56Z,2026-06-07T19:41:56+0200,9fbaedea-27ef-4990-85cf-49287850296c,2026-05-12T11:30:00Z,2026-05-12T13:30:00+0200,6.04,EUR/MWh,FR,FR,imbalance_price,Short,2026-06-07T17:42:53Z
2026-06-07T17:41:56Z,2026-06-07T19:41:56+0200,9fbaedea-27ef-4990-85cf-49287850296c,2026-05-12T11:45:00Z,2026-05-12T13:45:00+0200,5.32,EUR/MWh,FR,FR,imbalance_price,Long,2026-06-07T17:42:53Z
2026-06-07T17:41:56Z,2026-06-07T19:41:56+0200,9fbaedea-27ef-4990-85cf-49287850296c,2026-05-12T11:45:00Z,2026-05-12T13:45:00+0200,6.3,EUR/MWh,FR,FR,imbalance_price,Short,2026-06-07T17:42:53Z
2026-06-07T17:41:56Z,2026-06-07T19:41:56+0200,9fbaedea-27ef-4990-85cf-49287850296c,2026-05-12T12:00:00Z,2026-05-12T14:00:00+0200,5.49,EUR/MWh,FR,FR,imbalance_price,Long,2026-06-07T17:42:53Z
2026-06-07T17:41:56Z,2026-06-07T19:41:56+0200,9fbaedea-27ef-4990-85cf-49287850296c,2026-05-12T12:00:00Z,2026-05-12T14:00:00+0200,6.51,EUR/MWh,FR,FR,imbalance_price,Short,2026-06-07T17:42:53Z
2026-06-07T17:41:56Z,2026-06-07T19:41:56+0200,9fbaedea-27ef-4990-85cf-49287850296c,2026-05-12T12:15:00Z,2026-05-12T14:15:00+0200,-0.26,EUR/MWh,FR,FR,imbalance_price,Long,2026-06-07T17:42:53Z
2026-06-07T17:41:56Z,2026-06-07T19:41:56+0200,9fbaedea-27ef-4990-85cf-49287850296c,2026-05-12T12:15:00Z,2026-05-12T14:15:00+0200,-0.22,EUR/MWh,FR,FR,imbalance_price,Short,2026-06-07T17:42:53Z
2026-06-07T17:41:56Z,2026-06-07T19:41:56+0200,9fbaedea-27ef-4990-85cf-49287850296c,2026-05-12T12:30:00Z,2026-05-12T14:30:00+0200,-10.38,EUR/MWh,FR,FR,imbalance_price,Long,2026-06-07T17:42:53Z
2026-06-07T17:41:56Z,2026-06-07T19:41:56+0200,9fbaedea-27ef-4990-85cf-49287850296c,2026-05-12T12:30:00Z,2026-05-12T14:30:00+0200,-8.76,EUR/MWh,FR,FR,imbalance_price,Short,2026-06-07T17:42:53Z
2026-06-07T17:41:56Z,2026-06-07T19:41:56+0200,9fbaedea-27ef-4990-85cf-49287850296c,2026-05-12T12:45:00Z,2026-05-12T14:45:00+0200,-9.4,EUR/MWh,FR,FR,imbalance_price,Long,2026-06-07T17:42:53Z
2026-06-07T17:41:56Z,2026-06-07T19:41:56+0200,9fbaedea-27ef-4990-85cf-49287850296c,2026-05-12T12:45:00Z,2026-05-12T14:45:00+0200,-7.94,EUR/MWh,FR,FR,imbalance_price,Short,2026-06-07T17:42:53Z
2026-06-07T17:41:56Z,2026-06-07T19:41:56+0200,9fbaedea-27ef-4990-85cf-49287850296c,2026-05-12T13:00:00Z,2026-05-12T15:00:00+0200,-9.54,EUR/MWh,FR,FR,imbalance_price,Long,2026-06-07T17:42:53Z
2026-06-07T17:41:56Z,2026-06-07T19:41:56+0200,9fbaedea-27ef-4990-85cf-49287850296c,2026-05-12T13:00:00Z,2026-05-12T15:00:00+0200,-8.06,EUR/MWh,FR,FR,imbalance_price,Short,2026-06-07T17:42:53Z
2026-06-07T17:41:56Z,2026-06-07T19:41:56+0200,9fbaedea-27ef-4990-85cf-49287850296c,2026-05-12T13:15:00Z,2026-05-12T15:15:00+0200,-69.27,EUR/MWh,FR,FR,imbalance_price,Long,2026-06-07T17:42:53Z
2026-06-07T17:41:56Z,2026-06-07T19:41:56+0200,9fbaedea-27ef-4990-85cf-49287850296c,2026-05-12T13:15:00Z,2026-05-12T15:15:00+0200,-58.47,EUR/MWh,FR,FR,imbalance_price,Short,2026-06-07T17:42:53Z
2026-06-07T17:41:56Z,2026-06-07T19:41:56+0200,9fbaedea-27ef-4990-85cf-49287850296c,2026-05-12T13:30:00Z,2026-05-12T15:30:00+0200,-56.68,EUR/MWh,FR,FR,imbalance_price,Long,2026-06-07T17:42:53Z
2026-06-07T17:41:56Z,2026-06-07T19:41:56+0200,9fbaedea-27ef-4990-85cf-49287850296c,2026-05-12T13:30:00Z,2026-05-12T15:30:00+0200,-47.84,EUR/MWh,FR,FR,imbalance_price,Short,2026-06-07T17:42:53Z
2026-06-07T17:41:56Z,2026-06-07T19:41:56+0200,9fbaedea-27ef-4990-85cf-49287850296c,2026-05-12T13:45:00Z,2026-05-12T15:45:00+0200,-156.19,EUR/MWh,FR,FR,imbalance_price,Long,2026-06-07T17:42:53Z
2026-06-07T17:41:56Z,2026-06-07T19:41:56+0200,9fbaedea-27ef-4990-85cf-49287850296c,2026-05-12T13:45:00Z,2026-05-12T15:45:00+0200,-131.83,EUR/MWh,FR,FR,imbalance_price,Short,2026-06-07T17:42:53Z
2026-06-07T17:41:56Z,2026-06-07T19:41:56+0200,9fbaedea-27ef-4990-85cf-49287850296c,2026-05-12T14:00:00Z,2026-05-12T16:00:00+0200,-30.4,EUR/MWh,FR,FR,imbalance_price,Long,2026-06-07T17:42:53Z
2026-06-07T17:41:56Z,2026-06-07T19:41:56+0200,9fbaedea-27ef-4990-85cf-49287850296c,2026-05-12T14:00:00Z,2026-05-12T16:00:00+0200,-25.66,EUR/MWh,FR,FR,imbalance_price,Short,2026-06-07T17:42:53Z
2026-06-07T17:41:56Z,2026-06-07T19:41:56+0200,9fbaedea-27ef-4990-85cf-49287850296c,2026-05-12T14:15:00Z,2026-05-12T16:15:00+0200,-12.45,EUR/MWh,FR,FR,imbalance_price,Long,2026-06-07T17:42:53Z
2026-06-07T17:41:56Z,2026-06-07T19:41:56+0200,9fbaedea-27ef-4990-85cf-49287850296c,2026-05-12T14:15:00Z,2026-05-12T16:15:00+0200,-10.51,EUR/MWh,FR,FR,imbalance_price,Short,2026-06-07T17:42:53Z
2026-06-07T17:41:56Z,2026-06-07T19:41:56+0200,9fbaedea-27ef-4990-85cf-49287850296c,2026-05-12T14:30:00Z,2026-05-12T16:30:00+0200,-16.45,EUR/MWh,FR,FR,imbalance_price,Long,2026-06-07T17:42:53Z
2026-06-07T17:41:56Z,2026-06-07T19:41:56+0200,9fbaedea-27ef-4990-85cf-49287850296c,2026-05-12T14:30:00Z,2026-05-12T16:30:00+0200,-13.89,EUR/MWh,FR,FR,imbalance_price,Short,2026-06-07T17:42:53Z
2026-06-07T17:41:56Z,2026-06-07T19:41:56+0200,9fbaedea-27ef-4990-85cf-49287850296c,2026-05-12T14:45:00Z,2026-05-12T16:45:00+0200,-14.53,EUR/MWh,FR,FR,imbalance_price,Long,2026-06-07T17:42:53Z
2026-06-07T17:41:56Z,2026-06-07T19:41:56+0200,9fbaedea-27ef-4990-85cf-49287850296c,2026-05-12T14:45:00Z,2026-05-12T16:45:00+0200,-12.27,EUR/MWh,FR,FR,imbalance_price,Short,2026-06-07T17:42:53Z
2026-06-07T17:41:56Z,2026-06-07T19:41:56+0200,9fbaedea-27ef-4990-85cf-49287850296c,2026-05-12T15:00:00Z,2026-05-12T17:00:00+0200,-21.98,EUR/MWh,FR,FR,imbalance_price,Long,2026-06-07T17:42:53Z
2026-06-07T17:41:56Z,2026-06-07T19:41:56+0200,9fbaedea-27ef-4990-85cf-49287850296c,2026-05-12T15:00:00Z,2026-05-12T17:00:00+0200,-18.56,EUR/MWh,FR,FR,imbalance_price,Short,2026-06-07T17:42:53Z
2026-06-07T17:41:56Z,2026-06-07T19:41:56+0200,9fbaedea-27ef-4990-85cf-49287850296c,2026-05-12T15:15:00Z,2026-05-12T17:15:00+0200,-33.87,EUR/MWh,FR,FR,imbalance_price,Long,2026-06-07T17:42:53Z
2026-06-07T17:41:56Z,2026-06-07T19:41:56+0200,9fbaedea-27ef-4990-85cf-49287850296c,2026-05-12T15:15:00Z,2026-05-12T17:15:00+0200,-28.59,EUR/MWh,FR,FR,imbalance_price,Short,2026-06-07T17:42:53Z
2026-06-07T17:41:56Z,2026-06-07T19:41:56+0200,9fbaedea-27ef-4990-85cf-49287850296c,2026-05-12T15:30:00Z,2026-05-12T17:30:00+0200,-36.11,EUR/MWh,FR,FR,imbalance_price,Long,2026-06-07T17:42:53Z
2026-06-07T17:41:56Z,2026-06-07T19:41:56+0200,9fbaedea-27ef-4990-85cf-49287850296c,2026-05-12T15:30:00Z,2026-05-12T17:30:00+0200,-30.47,EUR/MWh,FR,FR,imbalance_price,Short,2026-06-07T17:42:53Z
2026-06-07T17:41:56Z,2026-06-07T19:41:56+0200,9fbaedea-27ef-4990-85cf-49287850296c,2026-05-12T15:45:00Z,2026-05-12T17:45:00+0200,-15.84,EUR/MWh,FR,FR,imbalance_price,Long,2026-06-07T17:42:53Z
2026-06-07T17:41:56Z,2026-06-07T19:41:56+0200,9fbaedea-27ef-4990-85cf-49287850296c,2026-05-12T15:45:00Z,2026-05-12T17:45:00+0200,-13.36,EUR/MWh,FR,FR,imbalance_price,Short,2026-06-07T17:42:53Z
2026-06-07T17:41:56Z,2026-06-07T19:41:56+0200,9fbaedea-27ef-4990-85cf-49287850296c,2026-05-12T16:00:00Z,2026-05-12T18:00:00+0200,-16.49,EUR/MWh,FR,FR,imbalance_price,Long,2026-06-07T17:42:53Z
2026-06-07T17:41:56Z,2026-06-07T19:41:56+0200,9fbaedea-27ef-4990-85cf-49287850296c,2026-05-12T16:00:00Z,2026-05-12T18:00:00+0200,-13.91,EUR/MWh,FR,FR,imbalance_price,Short,2026-06-07T17:42:53Z
2026-06-07T17:41:56Z,2026-06-07T19:41:56+0200,9fbaedea-27ef-4990-85cf-49287850296c,2026-05-12T16:15:00Z,2026-05-12T18:15:00+0200,1.39,EUR/MWh,FR,FR,imbalance_price,Long,2026-06-07T17:42:53Z
2026-06-07T17:41:56Z,2026-06-07T19:41:56+0200,9fbaedea-27ef-4990-85cf-49287850296c,2026-05-12T16:15:00Z,2026-05-12T18:15:00+0200,1.65,EUR/MWh,FR,FR,imbalance_price,Short,2026-06-07T17:42:53Z
2026-06-07T17:41:56Z,2026-06-07T19:41:56+0200,9fbaedea-27ef-4990-85cf-49287850296c,2026-05-12T16:30:00Z,2026-05-12T18:30:00+0200,20.86,EUR/MWh,FR,FR,imbalance_price,Long,2026-06-07T17:42:53Z
2026-06-07T17:41:56Z,2026-06-07T19:41:56+0200,9fbaedea-27ef-4990-85cf-49287850296c,2026-05-12T16:30:00Z,2026-05-12T18:30:00+0200,24.72,EUR/MWh,FR,FR,imbalance_price,Short,2026-06-07T17:42:53Z
2026-06-07T17:41:56Z,2026-06-07T19:41:56+0200,9fbaedea-27ef-4990-85cf-49287850296c,2026-05-12T16:45:00Z,2026-05-12T18:45:00+0200,20.76,EUR/MWh,FR,FR,imbalance_price,Long,2026-06-07T17:42:53Z
2026-06-07T17:41:56Z,2026-06-07T19:41:56+0200,9fbaedea-27ef-4990-85cf-49287850296c,2026-05-12T16:45:00Z,2026-05-12T18:45:00+0200,24.6,EUR/MWh,FR,FR,imbalance_price,Short,2026-06-07T17:42:53Z
2026-06-07T17:41:56Z,2026-06-07T19:41:56+0200,9fbaedea-27ef-4990-85cf-49287850296c,2026-05-12T17:00:00Z,2026-05-12T19:00:00+0200,24.04,EUR/MWh,FR,FR,imbalance_price,Long,2026-06-07T17:42:53Z
2026-06-07T17:41:56Z,2026-06-07T19:41:56+0200,9fbaedea-27ef-4990-85cf-49287850296c,2026-05-12T17:00:00Z,2026-05-12T19:00:00+0200,28.48,EUR/MWh,FR,FR,imbalance_price,Short,2026-06-07T17:42:53Z
2026-06-07T17:41:56Z,2026-06-07T19:41:56+0200,9fbaedea-27ef-4990-85cf-49287850296c,2026-05-12T17:15:00Z,2026-05-12T19:15:00+0200,17.54,EUR/MWh,FR,FR,imbalance_price,Long,2026-06-07T17:42:53Z
2026-06-07T17:41:56Z,2026-06-07T19:41:56+0200,9fbaedea-27ef-4990-85cf-49287850296c,2026-05-12T17:15:00Z,2026-05-12T19:15:00+0200,20.78,EUR/MWh,FR,FR,imbalance_price,Short,2026-06-07T17:42:53Z
2026-06-07T17:41:56Z,2026-06-07T19:41:56+0200,9fbaedea-27ef-4990-85cf-49287850296c,2026-05-12T17:30:00Z,2026-05-12T19:30:00+0200,21.61,EUR/MWh,FR,FR,imbalance_price,Long,2026-06-07T17:42:53Z
2026-06-07T17:41:56Z,2026-06-07T19:41:56+0200,9fbaedea-27ef-4990-85cf-49287850296c,2026-05-12T17:30:00Z,2026-05-12T19:30:00+0200,25.61,EUR/MWh,FR,FR,imbalance_price,Short,2026-06-07T17:42:53Z
2026-06-07T17:41:56Z,2026-06-07T19:41:56+0200,9fbaedea-27ef-4990-85cf-49287850296c,2026-05-12T17:45:00Z,2026-05-12T19:45:00+0200,22.69,EUR/MWh,FR,FR,imbalance_price,Long,2026-06-07T17:42:53Z
2026-06-07T17:41:56Z,2026-06-07T19:41:56+0200,9fbaedea-27ef-4990-85cf-49287850296c,2026-05-12T17:45:00Z,2026-05-12T19:45:00+0200,26.89,EUR/MWh,FR,FR,imbalance_price,Short,2026-06-07T17:42:53Z
2026-06-07T17:41:56Z,2026-06-07T19:41:56+0200,9fbaedea-27ef-4990-85cf-49287850296c,2026-05-12T18:00:00Z,2026-05-12T20:00:00+0200,17.86,EUR/MWh,FR,FR,imbalance_price,Long,2026-06-07T17:42:53Z
2026-06-07T17:41:56Z,2026-06-07T19:41:56+0200,9fbaedea-27ef-4990-85cf-49287850296c,2026-05-12T18:00:00Z,2026-05-12T20:00:00+0200,21.16,EUR/MWh,FR,FR,imbalance_price,Short,2026-06-07T17:42:53Z
2026-06-07T17:41:56Z,2026-06-07T19:41:56+0200,9fbaedea-27ef-4990-85cf-49287850296c,2026-05-12T18:15:00Z,2026-05-12T20:15:00+0200,11.12,EUR/MWh,FR,FR,imbalance_price,Long,2026-06-07T17:42:53Z
2026-06-07T17:41:56Z,2026-06-07T19:41:56+0200,9fbaedea-27ef-4990-85cf-49287850296c,2026-05-12T18:15:00Z,2026-05-12T20:15:00+0200,13.18,EUR/MWh,FR,FR,imbalance_price,Short,2026-06-07T17:42:53Z
2026-06-07T17:41:56Z,2026-06-07T19:41:56+0200,9fbaedea-27ef-4990-85cf-49287850296c,2026-05-12T18:30:00Z,2026-05-12T20:30:00+0200,97.55,EUR/MWh,FR,FR,imbalance_price,Long,2026-06-07T17:42:53Z
2026-06-07T17:41:56Z,2026-06-07T19:41:56+0200,9fbaedea-27ef-4990-85cf-49287850296c,2026-05-12T18:30:00Z,2026-05-12T20:30:00+0200,115.59,EUR/MWh,FR,FR,imbalance_price,Short,2026-06-07T17:42:53Z
2026-06-07T17:41:56Z,2026-06-07T19:41:56+0200,9fbaedea-27ef-4990-85cf-49287850296c,2026-05-12T18:45:00Z,2026-05-12T20:45:00+0200,63.94,EUR/MWh,FR,FR,imbalance_price,Long,2026-06-07T17:42:53Z
2026-06-07T17:41:56Z,2026-06-07T19:41:56+0200,9fbaedea-27ef-4990-85cf-49287850296c,2026-05-12T18:45:00Z,2026-05-12T20:45:00+0200,75.76,EUR/MWh,FR,FR,imbalance_price,Short,2026-06-07T17:42:53Z
2026-06-07T17:41:56Z,2026-06-07T19:41:56+0200,9fbaedea-27ef-4990-85cf-49287850296c,2026-05-12T19:00:00Z,2026-05-12T21:00:00+0200,30.71,EUR/MWh,FR,FR,imbalance_price,Long,2026-06-07T17:42:53Z
2026-06-07T17:41:56Z,2026-06-07T19:41:56+0200,9fbaedea-27ef-4990-85cf-49287850296c,2026-05-12T19:00:00Z,2026-05-12T21:00:00+0200,36.39,EUR/MWh,FR,FR,imbalance_price,Short,2026-06-07T17:42:53Z
2026-06-07T17:41:56Z,2026-06-07T19:41:56+0200,9fbaedea-27ef-4990-85cf-49287850296c,2026-05-12T19:15:00Z,2026-05-12T21:15:00+0200,28.24,EUR/MWh,FR,FR,imbalance_price,Long,2026-06-07T17:42:53Z
2026-06-07T17:41:56Z,2026-06-07T19:41:56+0200,9fbaedea-27ef-4990-85cf-49287850296c,2026-05-12T19:15:00Z,2026-05-12T21:15:00+0200,33.46,EUR/MWh,FR,FR,imbalance_price,Short,2026-06-07T17:42:53Z
2026-06-07T17:41:56Z,2026-06-07T19:41:56+0200,9fbaedea-27ef-4990-85cf-49287850296c,2026-05-12T19:30:00Z,2026-05-12T21:30:00+0200,47.85,EUR/MWh,FR,FR,imbalance_price,Long,2026-06-07T17:42:53Z
2026-06-07T17:41:56Z,2026-06-07T19:41:56+0200,9fbaedea-27ef-4990-85cf-49287850296c,2026-05-12T19:30:00Z,2026-05-12T21:30:00+0200,56.69,EUR/MWh,FR,FR,imbalance_price,Short,2026-06-07T17:42:53Z
2026-06-07T17:41:56Z,2026-06-07T19:41:56+0200,9fbaedea-27ef-4990-85cf-49287850296c,2026-05-12T19:45:00Z,2026-05-12T21:45:00+0200,40.31,EUR/MWh,FR,FR,imbalance_price,Long,2026-06-07T17:42:53Z
2026-06-07T17:41:56Z,2026-06-07T19:41:56+0200,9fbaedea-27ef-4990-85cf-49287850296c,2026-05-12T19:45:00Z,2026-05-12T21:45:00+0200,47.75,EUR/MWh,FR,FR,imbalance_price,Short,2026-06-07T17:42:53Z
2026-06-07T17:41:56Z,2026-06-07T19:41:56+0200,9fbaedea-27ef-4990-85cf-49287850296c,2026-05-12T20:00:00Z,2026-05-12T22:00:00+0200,71.66,EUR/MWh,FR,FR,imbalance_price,Long,2026-06-07T17:42:53Z
2026-06-07T17:41:56Z,2026-06-07T19:41:56+0200,9fbaedea-27ef-4990-85cf-49287850296c,2026-05-12T20:00:00Z,2026-05-12T22:00:00+0200,84.9,EUR/MWh,FR,FR,imbalance_price,Short,2026-06-07T17:42:53Z
2026-06-07T17:41:56Z,2026-06-07T19:41:56+0200,9fbaedea-27ef-4990-85cf-49287850296c,2026-05-12T20:15:00Z,2026-05-12T22:15:00+0200,41.89,EUR/MWh,FR,FR,imbalance_price,Long,2026-06-07T17:42:53Z
2026-06-07T17:41:56Z,2026-06-07T19:41:56+0200,9fbaedea-27ef-4990-85cf-49287850296c,2026-05-12T20:15:00Z,2026-05-12T22:15:00+0200,49.63,EUR/MWh,FR,FR,imbalance_price,Short,2026-06-07T17:42:53Z
2026-06-07T17:41:56Z,2026-06-07T19:41:56+0200,9fbaedea-27ef-4990-85cf-49287850296c,2026-05-12T20:30:00Z,2026-05-12T22:30:00+0200,62.54,EUR/MWh,FR,FR,imbalance_price,Long,2026-06-07T17:42:53Z
2026-06-07T17:41:56Z,2026-06-07T19:41:56+0200,9fbaedea-27ef-4990-85cf-49287850296c,2026-05-12T20:30:00Z,2026-05-12T22:30:00+0200,74.1,EUR/MWh,FR,FR,imbalance_price,Short,2026-06-07T17:42:53Z
2026-06-07T17:41:56Z,2026-06-07T19:41:56+0200,9fbaedea-27ef-4990-85cf-49287850296c,2026-05-12T20:45:00Z,2026-05-12T22:45:00+0200,38.77,EUR/MWh,FR,FR,imbalance_price,Long,2026-06-07T17:42:53Z
2026-06-07T17:41:56Z,2026-06-07T19:41:56+0200,9fbaedea-27ef-4990-85cf-49287850296c,2026-05-12T20:45:00Z,2026-05-12T22:45:00+0200,45.93,EUR/MWh,FR,FR,imbalance_price,Short,2026-06-07T17:42:53Z
2026-06-07T17:41:56Z,2026-06-07T19:41:56+0200,9fbaedea-27ef-4990-85cf-49287850296c,2026-05-12T21:00:00Z,2026-05-12T23:00:00+0200,32.96,EUR/MWh,FR,FR,imbalance_price,Long,2026-06-07T17:42:53Z
2026-06-07T17:41:56Z,2026-06-07T19:41:56+0200,9fbaedea-27ef-4990-85cf-49287850296c,2026-05-12T21:00:00Z,2026-05-12T23:00:00+0200,39.06,EUR/MWh,FR,FR,imbalance_price,Short,2026-06-07T17:42:53Z
2026-06-07T17:41:56Z,2026-06-07T19:41:56+0200,9fbaedea-27ef-4990-85cf-49287850296c,2026-05-12T21:15:00Z,2026-05-12T23:15:00+0200,-79.98,EUR/MWh,FR,FR,imbalance_price,Long,2026-06-07T17:42:53Z
2026-06-07T17:41:56Z,2026-06-07T19:41:56+0200,9fbaedea-27ef-4990-85cf-49287850296c,2026-05-12T21:15:00Z,2026-05-12T23:15:00+0200,-67.5,EUR/MWh,FR,FR,imbalance_price,Short,2026-06-07T17:42:53Z
2026-06-07T17:41:56Z,2026-06-07T19:41:56+0200,9fbaedea-27ef-4990-85cf-49287850296c,2026-05-12T21:30:00Z,2026-05-12T23:30:00+0200,8.59,EUR/MWh,FR,FR,imbalance_price,Long,2026-06-07T17:42:53Z
2026-06-07T17:41:56Z,2026-06-07T19:41:56+0200,9fbaedea-27ef-4990-85cf-49287850296c,2026-05-12T21:30:00Z,2026-05-12T23:30:00+0200,10.17,EUR/MWh,FR,FR,imbalance_price,Short,2026-06-07T17:42:53Z
2026-06-07T17:41:56Z,2026-06-07T19:41:56+0200,9fbaedea-27ef-4990-85cf-49287850296c,2026-05-12T21:45:00Z,2026-05-12T23:45:00+0200,30.62,EUR/MWh,FR,FR,imbalance_price,Long,2026-06-07T17:42:53Z
2026-06-07T17:41:56Z,2026-06-07T19:41:56+0200,9fbaedea-27ef-4990-85cf-49287850296c,2026-05-12T21:45:00Z,2026-05-12T23:45:00+0200,36.28,EUR/MWh,FR,FR,imbalance_price,Short,2026-06-07T17:42:53Z
2026-06-07T17:41:56Z,2026-06-07T19:41:56+0200,9fbaedea-27ef-4990-85cf-49287850296c,2026-05-12T22:00:00Z,2026-05-13T00:00:00+0200,41.05,EUR/MWh,FR,FR,imbalance_price,Long,2026-06-07T17:42:53Z
2026-06-07T17:41:56Z,2026-06-07T19:41:56+0200,9fbaedea-27ef-4990-85cf-49287850296c,2026-05-12T22:00:00Z,2026-05-13T00:00:00+0200,48.63,EUR/MWh,FR,FR,imbalance_price,Short,2026-06-07T17:42:53Z
2026-06-07T17:41:56Z,2026-06-07T19:41:56+0200,9fbaedea-27ef-4990-85cf-49287850296c,2026-05-12T22:15:00Z,2026-05-13T00:15:00+0200,-292.35,EUR/MWh,FR,FR,imbalance_price,Long,2026-06-07T17:42:53Z
2026-06-07T17:41:56Z,2026-06-07T19:41:56+0200,9fbaedea-27ef-4990-85cf-49287850296c,2026-05-12T22:15:00Z,2026-05-13T00:15:00+0200,-246.75,EUR/MWh,FR,FR,imbalance_price,Short,2026-06-07T17:42:53Z
2026-06-07T17:41:56Z,2026-06-07T19:41:56+0200,9fbaedea-27ef-4990-85cf-49287850296c,2026-05-12T22:30:00Z,2026-05-13T00:30:00+0200,-388.87,EUR/MWh,FR,FR,imbalance_price,Long,2026-06-07T17:42:53Z
2026-06-07T17:41:56Z,2026-06-07T19:41:56+0200,9fbaedea-27ef-4990-85cf-49287850296c,2026-05-12T22:30:00Z,2026-05-13T00:30:00+0200,-328.21,EUR/MWh,FR,FR,imbalance_price,Short,2026-06-07T17:42:53Z
2026-06-07T17:41:56Z,2026-06-07T19:41:56+0200,9fbaedea-27ef-4990-85cf-49287850296c,2026-05-12T22:45:00Z,2026-05-13T00:45:00+0200,-119.45,EUR/MWh,FR,FR,imbalance_price,Long,2026-06-07T17:42:53Z
2026-06-07T17:41:56Z,2026-06-07T19:41:56+0200,9fbaedea-27ef-4990-85cf-49287850296c,2026-05-12T22:45:00Z,2026-05-13T00:45:00+0200,-100.81,EUR/MWh,FR,FR,imbalance_price,Short,2026-06-07T17:42:53Z
2026-06-07T17:41:56Z,2026-06-07T19:41:56+0200,9fbaedea-27ef-4990-85cf-49287850296c,2026-05-12T23:00:00Z,2026-05-13T01:00:00+0200,11.26,EUR/MWh,FR,FR,imbalance_price,Long,2026-06-07T17:42:53Z
2026-06-07T17:41:56Z,2026-06-07T19:41:56+0200,9fbaedea-27ef-4990-85cf-49287850296c,2026-05-12T23:00:00Z,2026-05-13T01:00:00+0200,13.34,EUR/MWh,FR,FR,imbalance_price,Short,2026-06-07T17:42:53Z
2026-06-07T17:41:56Z,2026-06-07T19:41:56+0200,9fbaedea-27ef-4990-85cf-49287850296c,2026-05-12T23:15:00Z,2026-05-13T01:15:00+0200,2.78,EUR/MWh,FR,FR,imbalance_price,Long,2026-06-07T17:42:53Z
2026-06-07T17:41:56Z,2026-06-07T19:41:56+0200,9fbaedea-27ef-4990-85cf-49287850296c,2026-05-12T23:15:00Z,2026-05-13T01:15:00+0200,3.3,EUR/MWh,FR,FR,imbalance_price,Short,2026-06-07T17:42:53Z
2026-06-07T17:41:56Z,2026-06-07T19:41:56+0200,9fbaedea-27ef-4990-85cf-49287850296c,2026-05-12T23:30:00Z,2026-05-13T01:30:00+0200,2.87,EUR/MWh,FR,FR,imbalance_price,Long,2026-06-07T17:42:53Z
2026-06-07T17:41:56Z,2026-06-07T19:41:56+0200,9fbaedea-27ef-4990-85cf-49287850296c,2026-05-12T23:30:00Z,2026-05-13T01:30:00+0200,3.41,EUR/MWh,FR,FR,imbalance_price,Short,2026-06-07T17:42:53Z
2026-06-07T17:41:56Z,2026-06-07T19:41:56+0200,9fbaedea-27ef-4990-85cf-49287850296c,2026-05-12T23:45:00Z,2026-05-13T01:45:00+0200,-190.02,EUR/MWh,FR,FR,imbalance_price,Long,2026-06-07T17:42:53Z
2026-06-07T17:41:56Z,2026-06-07T19:41:56+0200,9fbaedea-27ef-4990-85cf-49287850296c,2026-05-12T23:45:00Z,2026-05-13T01:45:00+0200,-160.38,EUR/MWh,FR,FR,imbalance_price,Short,2026-06-07T17:42:53Z
2026-06-07T17:41:56Z,2026-06-07T19:41:56+0200,9fbaedea-27ef-4990-85cf-49287850296c,2026-05-13T00:00:00Z,2026-05-13T02:00:00+0200,-108.87,EUR/MWh,FR,FR,imbalance_price,Long,2026-06-07T17:42:53Z
2026-06-07T17:41:56Z,2026-06-07T19:41:56+0200,9fbaedea-27ef-4990-85cf-49287850296c,2026-05-13T00:00:00Z,2026-05-13T02:00:00+0200,-91.89,EUR/MWh,FR,FR,imbalance_price,Short,2026-06-07T17:42:53Z
2026-06-07T17:41:56Z,2026-06-07T19:41:56+0200,9fbaedea-27ef-4990-85cf-49287850296c,2026-05-13T00:15:00Z,2026-05-13T02:15:00+0200,-28.35,EUR/MWh,FR,FR,imbalance_price,Long,2026-06-07T17:42:53Z
2026-06-07T17:41:56Z,2026-06-07T19:41:56+0200,9fbaedea-27ef-4990-85cf-49287850296c,2026-05-13T00:15:00Z,2026-05-13T02:15:00+0200,-23.93,EUR/MWh,FR,FR,imbalance_price,Short,2026-06-07T17:42:53Z
2026-06-07T17:41:56Z,2026-06-07T19:41:56+0200,9fbaedea-27ef-4990-85cf-49287850296c,2026-05-13T00:30:00Z,2026-05-13T02:30:00+0200,-0.95,EUR/MWh,FR,FR,imbalance_price,Long,2026-06-07T17:42:53Z
2026-06-07T17:41:56Z,2026-06-07T19:41:56+0200,9fbaedea-27ef-4990-85cf-49287850296c,2026-05-13T00:30:00Z,2026-05-13T02:30:00+0200,-0.81,EUR/MWh,FR,FR,imbalance_price,Short,2026-06-07T17:42:53Z
2026-06-07T17:41:56Z,2026-06-07T19:41:56+0200,9fbaedea-27ef-4990-85cf-49287850296c,2026-05-13T00:45:00Z,2026-05-13T02:45:00+0200,-135.66,EUR/MWh,FR,FR,imbalance_price,Long,2026-06-07T17:42:53Z
2026-06-07T17:41:56Z,2026-06-07T19:41:56+0200,9fbaedea-27ef-4990-85cf-49287850296c,2026-05-13T00:45:00Z,2026-05-13T02:45:00+0200,-114.5,EUR/MWh,FR,FR,imbalance_price,Short,2026-06-07T17:42:53Z
2026-06-07T17:41:56Z,2026-06-07T19:41:56+0200,9fbaedea-27ef-4990-85cf-49287850296c,2026-05-13T01:00:00Z,2026-05-13T03:00:00+0200,-129.73,EUR/MWh,FR,FR,imbalance_price,Long,2026-06-07T17:42:53Z
2026-06-07T17:41:56Z,2026-06-07T19:41:56+0200,9fbaedea-27ef-4990-85cf-49287850296c,2026-05-13T01:00:00Z,2026-05-13T03:00:00+0200,-109.49,EUR/MWh,FR,FR,imbalance_price,Short,2026-06-07T17:42:53Z
2026-06-07T17:41:56Z,2026-06-07T19:41:56+0200,9fbaedea-27ef-4990-85cf-49287850296c,2026-05-13T01:15:00Z,2026-05-13T03:15:00+0200,-248.85,EUR/MWh,FR,FR,imbalance_price,Long,2026-06-07T17:42:53Z
2026-06-07T17:41:56Z,2026-06-07T19:41:56+0200,9fbaedea-27ef-4990-85cf-49287850296c,2026-05-13T01:15:00Z,2026-05-13T03:15:00+0200,-210.03,EUR/MWh,FR,FR,imbalance_price,Short,2026-06-07T17:42:53Z
2026-06-07T17:41:56Z,2026-06-07T19:41:56+0200,9fbaedea-27ef-4990-85cf-49287850296c,2026-05-13T01:30:00Z,2026-05-13T03:30:00+0200,-52.46,EUR/MWh,FR,FR,imbalance_price,Long,2026-06-07T17:42:53Z
2026-06-07T17:41:56Z,2026-06-07T19:41:56+0200,9fbaedea-27ef-4990-85cf-49287850296c,2026-05-13T01:30:00Z,2026-05-13T03:30:00+0200,-44.28,EUR/MWh,FR,FR,imbalance_price,Short,2026-06-07T17:42:53Z
2026-06-07T17:41:56Z,2026-06-07T19:41:56+0200,9fbaedea-27ef-4990-85cf-49287850296c,2026-05-13T01:45:00Z,2026-05-13T03:45:00+0200,-18.56,EUR/MWh,FR,FR,imbalance_price,Long,2026-06-07T17:42:53Z
2026-06-07T17:41:56Z,2026-06-07T19:41:56+0200,9fbaedea-27ef-4990-85cf-49287850296c,2026-05-13T01:45:00Z,2026-05-13T03:45:00+0200,-15.66,EUR/MWh,FR,FR,imbalance_price,Short,2026-06-07T17:42:53Z
2026-06-07T17:41:56Z,2026-06-07T19:41:56+0200,9fbaedea-27ef-4990-85cf-49287850296c,2026-05-13T02:00:00Z,2026-05-13T04:00:00+0200,-22.32,EUR/MWh,FR,FR,imbalance_price,Long,2026-06-07T17:42:53Z
2026-06-07T17:41:56Z,2026-06-07T19:41:56+0200,9fbaedea-27ef-4990-85cf-49287850296c,2026-05-13T02:00:00Z,2026-05-13T04:00:00+0200,-18.84,EUR/MWh,FR,FR,imbalance_price,Short,2026-06-07T17:42:53Z
2026-06-07T17:41:56Z,2026-06-07T19:41:56+0200,9fbaedea-27ef-4990-85cf-49287850296c,2026-05-13T02:15:00Z,2026-05-13T04:15:00+0200,-22.94,EUR/MWh,FR,FR,imbalance_price,Long,2026-06-07T17:42:53Z
2026-06-07T17:41:56Z,2026-06-07T19:41:56+0200,9fbaedea-27ef-4990-85cf-49287850296c,2026-05-13T02:15:00Z,2026-05-13T04:15:00+0200,-19.36,EUR/MWh,FR,FR,imbalance_price,Short,2026-06-07T17:42:53Z
2026-06-07T17:41:56Z,2026-06-07T19:41:56+0200,9fbaedea-27ef-4990-85cf-49287850296c,2026-05-13T02:30:00Z,2026-05-13T04:30:00+0200,-23.72,EUR/MWh,FR,FR,imbalance_price,Long,2026-06-07T17:42:53Z
2026-06-07T17:41:56Z,2026-06-07T19:41:56+0200,9fbaedea-27ef-4990-85cf-49287850296c,2026-05-13T02:30:00Z,2026-05-13T04:30:00+0200,-20.02,EUR/MWh,FR,FR,imbalance_price,Short,2026-06-07T17:42:53Z
2026-06-07T17:41:56Z,2026-06-07T19:41:56+0200,9fbaedea-27ef-4990-85cf-49287850296c,2026-05-13T02:45:00Z,2026-05-13T04:45:00+0200,-23.73,EUR/MWh,FR,FR,imbalance_price,Long,2026-06-07T17:42:53Z
2026-06-07T17:41:56Z,2026-06-07T19:41:56+0200,9fbaedea-27ef-4990-85cf-49287850296c,2026-05-13T02:45:00Z,2026-05-13T04:45:00+0200,-20.03,EUR/MWh,FR,FR,imbalance_price,Short,2026-06-07T17:42:53Z
2026-06-07T17:41:56Z,2026-06-07T19:41:56+0200,9fbaedea-27ef-4990-85cf-49287850296c,2026-05-13T03:00:00Z,2026-05-13T05:00:00+0200,-23.73,EUR/MWh,FR,FR,imbalance_price,Long,2026-06-07T17:42:53Z
2026-06-07T17:41:56Z,2026-06-07T19:41:56+0200,9fbaedea-27ef-4990-85cf-49287850296c,2026-05-13T03:00:00Z,2026-05-13T05:00:00+0200,-20.03,EUR/MWh,FR,FR,imbalance_price,Short,2026-06-07T17:42:53Z
2026-06-07T17:41:56Z,2026-06-07T19:41:56+0200,9fbaedea-27ef-4990-85cf-49287850296c,2026-05-13T03:15:00Z,2026-05-13T05:15:00+0200,-23.63,EUR/MWh,FR,FR,imbalance_price,Long,2026-06-07T17:42:53Z
2026-06-07T17:41:56Z,2026-06-07T19:41:56+0200,9fbaedea-27ef-4990-85cf-49287850296c,2026-05-13T03:15:00Z,2026-05-13T05:15:00+0200,-19.95,EUR/MWh,FR,FR,imbalance_price,Short,2026-06-07T17:42:53Z
2026-06-07T17:41:56Z,2026-06-07T19:41:56+0200,9fbaedea-27ef-4990-85cf-49287850296c,2026-05-13T03:30:00Z,2026-05-13T05:30:00+0200,-23.63,EUR/MWh,FR,FR,imbalance_price,Long,2026-06-07T17:42:53Z
2026-06-07T17:41:56Z,2026-06-07T19:41:56+0200,9fbaedea-27ef-4990-85cf-49287850296c,2026-05-13T03:30:00Z,2026-05-13T05:30:00+0200,-19.95,EUR/MWh,FR,FR,imbalance_price,Short,2026-06-07T17:42:53Z
2026-06-07T17:41:56Z,2026-06-07T19:41:56+0200,9fbaedea-27ef-4990-85cf-49287850296c,2026-05-13T03:45:00Z,2026-05-13T05:45:00+0200,-23.67,EUR/MWh,FR,FR,imbalance_price,Long,2026-06-07T17:42:53Z
2026-06-07T17:41:56Z,2026-06-07T19:41:56+0200,9fbaedea-27ef-4990-85cf-49287850296c,2026-05-13T03:45:00Z,2026-05-13T05:45:00+0200,-19.97,EUR/MWh,FR,FR,imbalance_price,Short,2026-06-07T17:42:53Z
2026-06-07T17:41:56Z,2026-06-07T19:41:56+0200,9fbaedea-27ef-4990-85cf-49287850296c,2026-05-13T04:00:00Z,2026-05-13T06:00:00+0200,-21.16,EUR/MWh,FR,FR,imbalance_price,Long,2026-06-07T17:42:53Z
2026-06-07T17:41:56Z,2026-06-07T19:41:56+0200,9fbaedea-27ef-4990-85cf-49287850296c,2026-05-13T04:00:00Z,2026-05-13T06:00:00+0200,-17.86,EUR/MWh,FR,FR,imbalance_price,Short,2026-06-07T17:42:53Z
2026-06-07T17:41:56Z,2026-06-07T19:41:56+0200,9fbaedea-27ef-4990-85cf-49287850296c,2026-05-13T04:15:00Z,2026-05-13T06:15:00+0200,-14.58,EUR/MWh,FR,FR,imbalance_price,Long,2026-06-07T17:42:53Z
2026-06-07T17:41:56Z,2026-06-07T19:41:56+0200,9fbaedea-27ef-4990-85cf-49287850296c,2026-05-13T04:15:00Z,2026-05-13T06:15:00+0200,-12.3,EUR/MWh,FR,FR,imbalance_price,Short,2026-06-07T17:42:53Z
2026-06-07T17:41:56Z,2026-06-07T19:41:56+0200,9fbaedea-27ef-4990-85cf-49287850296c,2026-05-13T04:30:00Z,2026-05-13T06:30:00+0200,-10.68,EUR/MWh,FR,FR,imbalance_price,Long,2026-06-07T17:42:53Z
2026-06-07T17:41:56Z,2026-06-07T19:41:56+0200,9fbaedea-27ef-4990-85cf-49287850296c,2026-05-13T04:30:00Z,2026-05-13T06:30:00+0200,-9.02,EUR/MWh,FR,FR,imbalance_price,Short,2026-06-07T17:42:53Z
2026-06-07T17:41:56Z,2026-06-07T19:41:56+0200,9fbaedea-27ef-4990-85cf-49287850296c,2026-05-13T04:45:00Z,2026-05-13T06:45:00+0200,-14.35,EUR/MWh,FR,FR,imbalance_price,Long,2026-06-07T17:42:53Z
2026-06-07T17:41:56Z,2026-06-07T19:41:56+0200,9fbaedea-27ef-4990-85cf-49287850296c,2026-05-13T04:45:00Z,2026-05-13T06:45:00+0200,-12.11,EUR/MWh,FR,FR,imbalance_price,Short,2026-06-07T17:42:53Z
2026-06-07T17:41:56Z,2026-06-07T19:41:56+0200,9fbaedea-27ef-4990-85cf-49287850296c,2026-05-13T05:00:00Z,2026-05-13T07:00:00+0200,-19.33,EUR/MWh,FR,FR,imbalance_price,Long,2026-06-07T17:42:53Z
2026-06-07T17:41:56Z,2026-06-07T19:41:56+0200,9fbaedea-27ef-4990-85cf-49287850296c,2026-05-13T05:00:00Z,2026-05-13T07:00:00+0200,-16.31,EUR/MWh,FR,FR,imbalance_price,Short,2026-06-07T17:42:53Z
2026-06-07T17:41:56Z,2026-06-07T19:41:56+0200,9fbaedea-27ef-4990-85cf-49287850296c,2026-05-13T05:15:00Z,2026-05-13T07:15:00+0200,-22.1,EUR/MWh,FR,FR,imbalance_price,Long,2026-06-07T17:42:53Z
2026-06-07T17:41:56Z,2026-06-07T19:41:56+0200,9fbaedea-27ef-4990-85cf-49287850296c,2026-05-13T05:15:00Z,2026-05-13T07:15:00+0200,-18.66,EUR/MWh,FR,FR,imbalance_price,Short,2026-06-07T17:42:53Z
2026-06-07T17:41:56Z,2026-06-07T19:41:56+0200,9fbaedea-27ef-4990-85cf-49287850296c,2026-05-13T05:30:00Z,2026-05-13T07:30:00+0200,-22.13,EUR/MWh,FR,FR,imbalance_price,Long,2026-06-07T17:42:53Z
2026-06-07T17:41:56Z,2026-06-07T19:41:56+0200,9fbaedea-27ef-4990-85cf-49287850296c,2026-05-13T05:30:00Z,2026-05-13T07:30:00+0200,-18.67,EUR/MWh,FR,FR,imbalance_price,Short,2026-06-07T17:42:53Z
2026-06-07T17:41:56Z,2026-06-07T19:41:56+0200,9fbaedea-27ef-4990-85cf-49287850296c,2026-05-13T05:45:00Z,2026-05-13T07:45:00+0200,63.58,EUR/MWh,FR,FR,imbalance_price,Long,2026-06-07T17:42:53Z
2026-06-07T17:41:56Z,2026-06-07T19:41:56+0200,9fbaedea-27ef-4990-85cf-49287850296c,2026-05-13T05:45:00Z,2026-05-13T07:45:00+0200,75.34,EUR/MWh,FR,FR,imbalance_price,Short,2026-06-07T17:42:53Z
2026-06-07T17:41:56Z,2026-06-07T19:41:56+0200,9fbaedea-27ef-4990-85cf-49287850296c,2026-05-13T06:00:00Z,2026-05-13T08:00:00+0200,105.2,EUR/MWh,FR,FR,imbalance_price,Long,2026-06-07T17:42:53Z
2026-06-07T17:41:56Z,2026-06-07T19:41:56+0200,9fbaedea-27ef-4990-85cf-49287850296c,2026-05-13T06:00:00Z,2026-05-13T08:00:00+0200,124.64,EUR/MWh,FR,FR,imbalance_price,Short,2026-06-07T17:42:53Z
2026-06-07T17:41:56Z,2026-06-07T19:41:56+0200,9fbaedea-27ef-4990-85cf-49287850296c,2026-05-13T06:15:00Z,2026-05-13T08:15:00+0200,131.19,EUR/MWh,FR,FR,imbalance_price,Long,2026-06-07T17:42:53Z
2026-06-07T17:41:56Z,2026-06-07T19:41:56+0200,9fbaedea-27ef-4990-85cf-49287850296c,2026-05-13T06:15:00Z,2026-05-13T08:15:00+0200,155.43,EUR/MWh,FR,FR,imbalance_price,Short,2026-06-07T17:42:53Z
2026-06-07T17:41:56Z,2026-06-07T19:41:56+0200,9fbaedea-27ef-4990-85cf-49287850296c,2026-05-13T06:30:00Z,2026-05-13T08:30:00+0200,193.13,EUR/MWh,FR,FR,imbalance_price,Long,2026-06-07T17:42:53Z
2026-06-07T17:41:56Z,2026-06-07T19:41:56+0200,9fbaedea-27ef-4990-85cf-49287850296c,2026-05-13T06:30:00Z,2026-05-13T08:30:00+0200,228.83,EUR/MWh,FR,FR,imbalance_price,Short,2026-06-07T17:42:53Z
2026-06-07T17:41:56Z,2026-06-07T19:41:56+0200,9fbaedea-27ef-4990-85cf-49287850296c,2026-05-13T06:45:00Z,2026-05-13T08:45:00+0200,68.7,EUR/MWh,FR,FR,imbalance_price,Long,2026-06-07T17:42:53Z
2026-06-07T17:41:56Z,2026-06-07T19:41:56+0200,9fbaedea-27ef-4990-85cf-49287850296c,2026-05-13T06:45:00Z,2026-05-13T08:45:00+0200,81.4,EUR/MWh,FR,FR,imbalance_price,Short,2026-06-07T17:42:53Z
2026-06-07T17:41:56Z,2026-06-07T19:41:56+0200,9fbaedea-27ef-4990-85cf-49287850296c,2026-05-13T07:00:00Z,2026-05-13T09:00:00+0200,66.86,EUR/MWh,FR,FR,imbalance_price,Long,2026-06-07T17:42:53Z
2026-06-07T17:41:56Z,2026-06-07T19:41:56+0200,9fbaedea-27ef-4990-85cf-49287850296c,2026-05-13T07:00:00Z,2026-05-13T09:00:00+0200,79.22,EUR/MWh,FR,FR,imbalance_price,Short,2026-06-07T17:42:53Z
2026-06-07T17:41:56Z,2026-06-07T19:41:56+0200,9fbaedea-27ef-4990-85cf-49287850296c,2026-05-13T07:15:00Z,2026-05-13T09:15:00+0200,61.92,EUR/MWh,FR,FR,imbalance_price,Long,2026-06-07T17:42:53Z
2026-06-07T17:41:56Z,2026-06-07T19:41:56+0200,9fbaedea-27ef-4990-85cf-49287850296c,2026-05-13T07:15:00Z,2026-05-13T09:15:00+0200,73.36,EUR/MWh,FR,FR,imbalance_price,Short,2026-06-07T17:42:53Z
2026-06-07T17:41:56Z,2026-06-07T19:41:56+0200,9fbaedea-27ef-4990-85cf-49287850296c,2026-05-13T07:30:00Z,2026-05-13T09:30:00+0200,65.68,EUR/MWh,FR,FR,imbalance_price,Long,2026-06-07T17:42:53Z
2026-06-07T17:41:56Z,2026-06-07T19:41:56+0200,9fbaedea-27ef-4990-85cf-49287850296c,2026-05-13T07:30:00Z,2026-05-13T09:30:00+0200,77.82,EUR/MWh,FR,FR,imbalance_price,Short,2026-06-07T17:42:53Z
2026-06-07T17:41:56Z,2026-06-07T19:41:56+0200,9fbaedea-27ef-4990-85cf-49287850296c,2026-05-13T07:45:00Z,2026-05-13T09:45:00+0200,62.26,EUR/MWh,FR,FR,imbalance_price,Long,2026-06-07T17:42:53Z
2026-06-07T17:41:56Z,2026-06-07T19:41:56+0200,9fbaedea-27ef-4990-85cf-49287850296c,2026-05-13T07:45:00Z,2026-05-13T09:45:00+0200,73.76,EUR/MWh,FR,FR,imbalance_price,Short,2026-06-07T17:42:53Z
2026-06-07T17:41:56Z,2026-06-07T19:41:56+0200,9fbaedea-27ef-4990-85cf-49287850296c,2026-05-13T08:00:00Z,2026-05-13T10:00:00+0200,-30.4,EUR/MWh,FR,FR,imbalance_price,Long,2026-06-07T17:42:53Z
2026-06-07T17:41:56Z,2026-06-07T19:41:56+0200,9fbaedea-27ef-4990-85cf-49287850296c,2026-05-13T08:00:00Z,2026-05-13T10:00:00+0200,-25.66,EUR/MWh,FR,FR,imbalance_price,Short,2026-06-07T17:42:53Z
2026-06-07T17:41:56Z,2026-06-07T19:41:56+0200,9fbaedea-27ef-4990-85cf-49287850296c,2026-05-13T08:15:00Z,2026-05-13T10:15:00+0200,-153.38,EUR/MWh,FR,FR,imbalance_price,Long,2026-06-07T17:42:53Z
2026-06-07T17:41:56Z,2026-06-07T19:41:56+0200,9fbaedea-27ef-4990-85cf-49287850296c,2026-05-13T08:15:00Z,2026-05-13T10:15:00+0200,-129.46,EUR/MWh,FR,FR,imbalance_price,Short,2026-06-07T17:42:53Z
2026-06-07T17:41:56Z,2026-06-07T19:41:56+0200,9fbaedea-27ef-4990-85cf-49287850296c,2026-05-13T08:30:00Z,2026-05-13T10:30:00+0200,-15.63,EUR/MWh,FR,FR,imbalance_price,Long,2026-06-07T17:42:53Z
2026-06-07T17:41:56Z,2026-06-07T19:41:56+0200,9fbaedea-27ef-4990-85cf-49287850296c,2026-05-13T08:30:00Z,2026-05-13T10:30:00+0200,-13.19,EUR/MWh,FR,FR,imbalance_price,Short,2026-06-07T17:42:53Z
2026-06-07T17:41:56Z,2026-06-07T19:41:56+0200,9fbaedea-27ef-4990-85cf-49287850296c,2026-05-13T08:45:00Z,2026-05-13T10:45:00+0200,49.55,EUR/MWh,FR,FR,imbalance_price,Long,2026-06-07T17:42:53Z
2026-06-07T17:41:56Z,2026-06-07T19:41:56+0200,9fbaedea-27ef-4990-85cf-49287850296c,2026-05-13T08:45:00Z,2026-05-13T10:45:00+0200,58.71,EUR/MWh,FR,FR,imbalance_price,Short,2026-06-07T17:42:53Z
2026-06-07T17:41:56Z,2026-06-07T19:41:56+0200,9fbaedea-27ef-4990-85cf-49287850296c,2026-05-13T09:00:00Z,2026-05-13T11:00:00+0200,-12.69,EUR/MWh,FR,FR,imbalance_price,Long,2026-06-07T17:42:53Z
2026-06-07T17:41:56Z,2026-06-07T19:41:56+0200,9fbaedea-27ef-4990-85cf-49287850296c,2026-05-13T09:00:00Z,2026-05-13T11:00:00+0200,-10.71,EUR/MWh,FR,FR,imbalance_price,Short,2026-06-07T17:42:53Z
2026-06-07T17:41:56Z,2026-06-07T19:41:56+0200,9fbaedea-27ef-4990-85cf-49287850296c,2026-05-13T09:15:00Z,2026-05-13T11:15:00+0200,-20.91,EUR/MWh,FR,FR,imbalance_price,Long,2026-06-07T17:42:53Z
2026-06-07T17:41:56Z,2026-06-07T19:41:56+0200,9fbaedea-27ef-4990-85cf-49287850296c,2026-05-13T09:15:00Z,2026-05-13T11:15:00+0200,-17.65,EUR/MWh,FR,FR,imbalance_price,Short,2026-06-07T17:42:53Z
2026-06-07T17:41:56Z,2026-06-07T19:41:56+0200,9fbaedea-27ef-4990-85cf-49287850296c,2026-05-13T09:30:00Z,2026-05-13T11:30:00+0200,-22.25,EUR/MWh,FR,FR,imbalance_price,Long,2026-06-07T17:42:53Z
2026-06-07T17:41:56Z,2026-06-07T19:41:56+0200,9fbaedea-27ef-4990-85cf-49287850296c,2026-05-13T09:30:00Z,2026-05-13T11:30:00+0200,-18.77,EUR/MWh,FR,FR,imbalance_price,Short,2026-06-07T17:42:53Z
2026-06-07T17:41:56Z,2026-06-07T19:41:56+0200,9fbaedea-27ef-4990-85cf-49287850296c,2026-05-13T09:45:00Z,2026-05-13T11:45:00+0200,-67.91,EUR/MWh,FR,FR,imbalance_price,Long,2026-06-07T17:42:53Z
2026-06-07T17:41:56Z,2026-06-07T19:41:56+0200,9fbaedea-27ef-4990-85cf-49287850296c,2026-05-13T09:45:00Z,2026-05-13T11:45:00+0200,-57.31,EUR/MWh,FR,FR,imbalance_price,Short,2026-06-07T17:42:53Z
2026-06-07T17:41:56Z,2026-06-07T19:41:56+0200,9fbaedea-27ef-4990-85cf-49287850296c,2026-05-13T10:00:00Z,2026-05-13T12:00:00+0200,-11.44,EUR/MWh,FR,FR,imbalance_price,Long,2026-06-07T17:42:53Z
2026-06-07T17:41:56Z,2026-06-07T19:41:56+0200,9fbaedea-27ef-4990-85cf-49287850296c,2026-05-13T10:00:00Z,2026-05-13T12:00:00+0200,-9.66,EUR/MWh,FR,FR,imbalance_price,Short,2026-06-07T17:42:53Z
2026-06-07T17:41:56Z,2026-06-07T19:41:56+0200,9fbaedea-27ef-4990-85cf-49287850296c,2026-05-13T10:15:00Z,2026-05-13T12:15:00+0200,-81.24,EUR/MWh,FR,FR,imbalance_price,Long,2026-06-07T17:42:53Z
2026-06-07T17:41:56Z,2026-06-07T19:41:56+0200,9fbaedea-27ef-4990-85cf-49287850296c,2026-05-13T10:15:00Z,2026-05-13T12:15:00+0200,-68.56,EUR/MWh,FR,FR,imbalance_price,Short,2026-06-07T17:42:53Z
2026-06-07T17:41:56Z,2026-06-07T19:41:56+0200,9fbaedea-27ef-4990-85cf-49287850296c,2026-05-13T10:30:00Z,2026-05-13T12:30:00+0200,-7.05,EUR/MWh,FR,FR,imbalance_price,Long,2026-06-07T17:42:53Z
2026-06-07T17:41:56Z,2026-06-07T19:41:56+0200,9fbaedea-27ef-4990-85cf-49287850296c,2026-05-13T10:30:00Z,2026-05-13T12:30:00+0200,-5.95,EUR/MWh,FR,FR,imbalance_price,Short,2026-06-07T17:42:53Z
2026-06-07T17:41:56Z,2026-06-07T19:41:56+0200,9fbaedea-27ef-4990-85cf-49287850296c,2026-05-13T10:45:00Z,2026-05-13T12:45:00+0200,-21.66,EUR/MWh,FR,FR,imbalance_price,Long,2026-06-07T17:42:53Z
2026-06-07T17:41:56Z,2026-06-07T19:41:56+0200,9fbaedea-27ef-4990-85cf-49287850296c,2026-05-13T10:45:00Z,2026-05-13T12:45:00+0200,-18.28,EUR/MWh,FR,FR,imbalance_price,Short,2026-06-07T17:42:53Z
2026-06-07T17:41:56Z,2026-06-07T19:41:56+0200,9fbaedea-27ef-4990-85cf-49287850296c,2026-05-13T11:00:00Z,2026-05-13T13:00:00+0200,-20.04,EUR/MWh,FR,FR,imbalance_price,Long,2026-06-07T17:42:53Z
2026-06-07T17:41:56Z,2026-06-07T19:41:56+0200,9fbaedea-27ef-4990-85cf-49287850296c,2026-05-13T11:00:00Z,2026-05-13T13:00:00+0200,-16.92,EUR/MWh,FR,FR,imbalance_price,Short,2026-06-07T17:42:53Z
2026-06-07T17:41:56Z,2026-06-07T19:41:56+0200,9fbaedea-27ef-4990-85cf-49287850296c,2026-05-13T11:15:00Z,2026-05-13T13:15:00+0200,-87.49,EUR/MWh,FR,FR,imbalance_price,Long,2026-06-07T17:42:53Z
2026-06-07T17:41:56Z,2026-06-07T19:41:56+0200,9fbaedea-27ef-4990-85cf-49287850296c,2026-05-13T11:15:00Z,2026-05-13T13:15:00+0200,-73.85,EUR/MWh,FR,FR,imbalance_price,Short,2026-06-07T17:42:53Z
2026-06-07T17:41:56Z,2026-06-07T19:41:56+0200,9fbaedea-27ef-4990-85cf-49287850296c,2026-05-13T11:30:00Z,2026-05-13T13:30:00+0200,-99.32,EUR/MWh,FR,FR,imbalance_price,Long,2026-06-07T17:42:53Z
2026-06-07T17:41:56Z,2026-06-07T19:41:56+0200,9fbaedea-27ef-4990-85cf-49287850296c,2026-05-13T11:30:00Z,2026-05-13T13:30:00+0200,-83.82,EUR/MWh,FR,FR,imbalance_price,Short,2026-06-07T17:42:53Z
2026-06-07T17:41:56Z,2026-06-07T19:41:56+0200,9fbaedea-27ef-4990-85cf-49287850296c,2026-05-13T11:45:00Z,2026-05-13T13:45:00+0200,-99.11,EUR/MWh,FR,FR,imbalance_price,Long,2026-06-07T17:42:53Z
2026-06-07T17:41:56Z,2026-06-07T19:41:56+0200,9fbaedea-27ef-4990-85cf-49287850296c,2026-05-13T11:45:00Z,2026-05-13T13:45:00+0200,-83.65,EUR/MWh,FR,FR,imbalance_price,Short,2026-06-07T17:42:53Z
2026-06-07T17:41:56Z,2026-06-07T19:41:56+0200,9fbaedea-27ef-4990-85cf-49287850296c,2026-05-13T12:00:00Z,2026-05-13T14:00:00+0200,-115.34,EUR/MWh,FR,FR,imbalance_price,Long,2026-06-07T17:42:53Z
2026-06-07T17:41:56Z,2026-06-07T19:41:56+0200,9fbaedea-27ef-4990-85cf-49287850296c,2026-05-13T12:00:00Z,2026-05-13T14:00:00+0200,-97.34,EUR/MWh,FR,FR,imbalance_price,Short,2026-06-07T17:42:53Z
2026-06-07T17:41:56Z,2026-06-07T19:41:56+0200,9fbaedea-27ef-4990-85cf-49287850296c,2026-05-13T12:15:00Z,2026-05-13T14:15:00+0200,-101.96,EUR/MWh,FR,FR,imbalance_price,Long,2026-06-07T17:42:53Z
2026-06-07T17:41:56Z,2026-06-07T19:41:56+0200,9fbaedea-27ef-4990-85cf-49287850296c,2026-05-13T12:15:00Z,2026-05-13T14:15:00+0200,-86.06,EUR/MWh,FR,FR,imbalance_price,Short,2026-06-07T17:42:53Z
2026-06-07T17:41:56Z,2026-06-07T19:41:56+0200,9fbaedea-27ef-4990-85cf-49287850296c,2026-05-13T12:30:00Z,2026-05-13T14:30:00+0200,-146.82,EUR/MWh,FR,FR,imbalance_price,Long,2026-06-07T17:42:53Z
2026-06-07T17:41:56Z,2026-06-07T19:41:56+0200,9fbaedea-27ef-4990-85cf-49287850296c,2026-05-13T12:30:00Z,2026-05-13T14:30:00+0200,-123.92,EUR/MWh,FR,FR,imbalance_price,Short,2026-06-07T17:42:53Z
2026-06-07T17:41:56Z,2026-06-07T19:41:56+0200,9fbaedea-27ef-4990-85cf-49287850296c,2026-05-13T12:45:00Z,2026-05-13T14:45:00+0200,-141.69,EUR/MWh,FR,FR,imbalance_price,Long,2026-06-07T17:42:53Z
2026-06-07T17:41:56Z,2026-06-07T19:41:56+0200,9fbaedea-27ef-4990-85cf-49287850296c,2026-05-13T12:45:00Z,2026-05-13T14:45:00+0200,-119.59,EUR/MWh,FR,FR,imbalance_price,Short,2026-06-07T17:42:53Z
2026-06-07T17:41:56Z,2026-06-07T19:41:56+0200,9fbaedea-27ef-4990-85cf-49287850296c,2026-05-13T13:00:00Z,2026-05-13T15:00:00+0200,-82.18,EUR/MWh,FR,FR,imbalance_price,Long,2026-06-07T17:42:53Z
2026-06-07T17:41:56Z,2026-06-07T19:41:56+0200,9fbaedea-27ef-4990-85cf-49287850296c,2026-05-13T13:00:00Z,2026-05-13T15:00:00+0200,-69.36,EUR/MWh,FR,FR,imbalance_price,Short,2026-06-07T17:42:53Z
2026-06-07T17:41:56Z,2026-06-07T19:41:56+0200,9fbaedea-27ef-4990-85cf-49287850296c,2026-05-13T13:15:00Z,2026-05-13T15:15:00+0200,-143.54,EUR/MWh,FR,FR,imbalance_price,Long,2026-06-07T17:42:53Z
2026-06-07T17:41:56Z,2026-06-07T19:41:56+0200,9fbaedea-27ef-4990-85cf-49287850296c,2026-05-13T13:15:00Z,2026-05-13T15:15:00+0200,-121.14,EUR/MWh,FR,FR,imbalance_price,Short,2026-06-07T17:42:53Z
2026-06-07T17:41:56Z,2026-06-07T19:41:56+0200,9fbaedea-27ef-4990-85cf-49287850296c,2026-05-13T13:30:00Z,2026-05-13T15:30:00+0200,-139.61,EUR/MWh,FR,FR,imbalance_price,Long,2026-06-07T17:42:53Z
2026-06-07T17:41:56Z,2026-06-07T19:41:56+0200,9fbaedea-27ef-4990-85cf-49287850296c,2026-05-13T13:30:00Z,2026-05-13T15:30:00+0200,-117.83,EUR/MWh,FR,FR,imbalance_price,Short,2026-06-07T17:42:53Z
2026-06-07T17:41:56Z,2026-06-07T19:41:56+0200,9fbaedea-27ef-4990-85cf-49287850296c,2026-05-13T13:45:00Z,2026-05-13T15:45:00+0200,-151.84,EUR/MWh,FR,FR,imbalance_price,Long,2026-06-07T17:42:53Z
2026-06-07T17:41:56Z,2026-06-07T19:41:56+0200,9fbaedea-27ef-4990-85cf-49287850296c,2026-05-13T13:45:00Z,2026-05-13T15:45:00+0200,-128.16,EUR/MWh,FR,FR,imbalance_price,Short,2026-06-07T17:42:53Z
2026-06-07T17:41:56Z,2026-06-07T19:41:56+0200,9fbaedea-27ef-4990-85cf-49287850296c,2026-05-13T14:00:00Z,2026-05-13T16:00:00+0200,-87.2,EUR/MWh,FR,FR,imbalance_price,Long,2026-06-07T17:42:53Z
2026-06-07T17:41:56Z,2026-06-07T19:41:56+0200,9fbaedea-27ef-4990-85cf-49287850296c,2026-05-13T14:00:00Z,2026-05-13T16:00:00+0200,-73.6,EUR/MWh,FR,FR,imbalance_price,Short,2026-06-07T17:42:53Z
2026-06-07T17:41:56Z,2026-06-07T19:41:56+0200,9fbaedea-27ef-4990-85cf-49287850296c,2026-05-13T14:15:00Z,2026-05-13T16:15:00+0200,-67.16,EUR/MWh,FR,FR,imbalance_price,Long,2026-06-07T17:42:53Z
2026-06-07T17:41:56Z,2026-06-07T19:41:56+0200,9fbaedea-27ef-4990-85cf-49287850296c,2026-05-13T14:15:00Z,2026-05-13T16:15:00+0200,-56.68,EUR/MWh,FR,FR,imbalance_price,Short,2026-06-07T17:42:53Z
2026-06-07T17:41:56Z,2026-06-07T19:41:56+0200,9fbaedea-27ef-4990-85cf-49287850296c,2026-05-13T14:30:00Z,2026-05-13T16:30:00+0200,-79.0,EUR/MWh,FR,FR,imbalance_price,Long,2026-06-07T17:42:53Z
2026-06-07T17:41:56Z,2026-06-07T19:41:56+0200,9fbaedea-27ef-4990-85cf-49287850296c,2026-05-13T14:30:00Z,2026-05-13T16:30:00+0200,-66.68,EUR/MWh,FR,FR,imbalance_price,Short,2026-06-07T17:42:53Z
2026-06-07T17:41:56Z,2026-06-07T19:41:56+0200,9fbaedea-27ef-4990-85cf-49287850296c,2026-05-13T14:45:00Z,2026-05-13T16:45:00+0200,-50.87,EUR/MWh,FR,FR,imbalance_price,Long,2026-06-07T17:42:53Z
2026-06-07T17:41:56Z,2026-06-07T19:41:56+0200,9fbaedea-27ef-4990-85cf-49287850296c,2026-05-13T14:45:00Z,2026-05-13T16:45:00+0200,-42.93,EUR/MWh,FR,FR,imbalance_price,Short,2026-06-07T17:42:53Z
2026-06-07T17:41:56Z,2026-06-07T19:41:56+0200,9fbaedea-27ef-4990-85cf-49287850296c,2026-05-13T15:00:00Z,2026-05-13T17:00:00+0200,-66.48,EUR/MWh,FR,FR,imbalance_price,Long,2026-06-07T17:42:53Z
2026-06-07T17:41:56Z,2026-06-07T19:41:56+0200,9fbaedea-27ef-4990-85cf-49287850296c,2026-05-13T15:00:00Z,2026-05-13T17:00:00+0200,-56.1,EUR/MWh,FR,FR,imbalance_price,Short,2026-06-07T17:42:53Z
2026-06-07T17:41:56Z,2026-06-07T19:41:56+0200,9fbaedea-27ef-4990-85cf-49287850296c,2026-05-13T15:15:00Z,2026-05-13T17:15:00+0200,-43.72,EUR/MWh,FR,FR,imbalance_price,Long,2026-06-07T17:42:53Z
2026-06-07T17:41:56Z,2026-06-07T19:41:56+0200,9fbaedea-27ef-4990-85cf-49287850296c,2026-05-13T15:15:00Z,2026-05-13T17:15:00+0200,-36.9,EUR/MWh,FR,FR,imbalance_price,Short,2026-06-07T17:42:53Z
2026-06-07T17:41:56Z,2026-06-07T19:41:56+0200,9fbaedea-27ef-4990-85cf-49287850296c,2026-05-13T15:30:00Z,2026-05-13T17:30:00+0200,-84.63,EUR/MWh,FR,FR,imbalance_price,Long,2026-06-07T17:42:53Z
2026-06-07T17:41:56Z,2026-06-07T19:41:56+0200,9fbaedea-27ef-4990-85cf-49287850296c,2026-05-13T15:30:00Z,2026-05-13T17:30:00+0200,-71.43,EUR/MWh,FR,FR,imbalance_price,Short,2026-06-07T17:42:53Z
2026-06-07T17:41:56Z,2026-06-07T19:41:56+0200,9fbaedea-27ef-4990-85cf-49287850296c,2026-05-13T15:45:00Z,2026-05-13T17:45:00+0200,52.97,EUR/MWh,FR,FR,imbalance_price,Long,2026-06-07T17:42:53Z
2026-06-07T17:41:56Z,2026-06-07T19:41:56+0200,9fbaedea-27ef-4990-85cf-49287850296c,2026-05-13T15:45:00Z,2026-05-13T17:45:00+0200,62.77,EUR/MWh,FR,FR,imbalance_price,Short,2026-06-07T17:42:53Z
2026-06-07T17:41:56Z,2026-06-07T19:41:56+0200,9fbaedea-27ef-4990-85cf-49287850296c,2026-05-13T16:00:00Z,2026-05-13T18:00:00+0200,63.71,EUR/MWh,FR,FR,imbalance_price,Long,2026-06-07T17:42:53Z
2026-06-07T17:41:56Z,2026-06-07T19:41:56+0200,9fbaedea-27ef-4990-85cf-49287850296c,2026-05-13T16:00:00Z,2026-05-13T18:00:00+0200,75.49,EUR/MWh,FR,FR,imbalance_price,Short,2026-06-07T17:42:53Z
2026-06-07T17:41:56Z,2026-06-07T19:41:56+0200,9fbaedea-27ef-4990-85cf-49287850296c,2026-05-13T16:15:00Z,2026-05-13T18:15:00+0200,62.99,EUR/MWh,FR,FR,imbalance_price,Long,2026-06-07T17:42:53Z
2026-06-07T17:41:56Z,2026-06-07T19:41:56+0200,9fbaedea-27ef-4990-85cf-49287850296c,2026-05-13T16:15:00Z,2026-05-13T18:15:00+0200,74.63,EUR/MWh,FR,FR,imbalance_price,Short,2026-06-07T17:42:53Z
2026-06-07T17:41:56Z,2026-06-07T19:41:56+0200,9fbaedea-27ef-4990-85cf-49287850296c,2026-05-13T16:30:00Z,2026-05-13T18:30:00+0200,60.18,EUR/MWh,FR,FR,imbalance_price,Long,2026-06-07T17:42:53Z
2026-06-07T17:41:56Z,2026-06-07T19:41:56+0200,9fbaedea-27ef-4990-85cf-49287850296c,2026-05-13T16:30:00Z,2026-05-13T18:30:00+0200,71.3,EUR/MWh,FR,FR,imbalance_price,Short,2026-06-07T17:42:53Z
2026-06-07T17:41:56Z,2026-06-07T19:41:56+0200,9fbaedea-27ef-4990-85cf-49287850296c,2026-05-13T16:45:00Z,2026-05-13T18:45:00+0200,55.28,EUR/MWh,FR,FR,imbalance_price,Long,2026-06-07T17:42:53Z
2026-06-07T17:41:56Z,2026-06-07T19:41:56+0200,9fbaedea-27ef-4990-85cf-49287850296c,2026-05-13T16:45:00Z,2026-05-13T18:45:00+0200,65.5,EUR/MWh,FR,FR,imbalance_price,Short,2026-06-07T17:42:53Z
2026-06-07T17:41:56Z,2026-06-07T19:41:56+0200,9fbaedea-27ef-4990-85cf-49287850296c,2026-05-13T17:00:00Z,2026-05-13T19:00:00+0200,63.01,EUR/MWh,FR,FR,imbalance_price,Long,2026-06-07T17:42:53Z
2026-06-07T17:41:56Z,2026-06-07T19:41:56+0200,9fbaedea-27ef-4990-85cf-49287850296c,2026-05-13T17:00:00Z,2026-05-13T19:00:00+0200,74.65,EUR/MWh,FR,FR,imbalance_price,Short,2026-06-07T17:42:53Z
2026-06-07T17:41:56Z,2026-06-07T19:41:56+0200,9fbaedea-27ef-4990-85cf-49287850296c,2026-05-13T17:15:00Z,2026-05-13T19:15:00+0200,10.35,EUR/MWh,FR,FR,imbalance_price,Long,2026-06-07T17:42:53Z
2026-06-07T17:41:56Z,2026-06-07T19:41:56+0200,9fbaedea-27ef-4990-85cf-49287850296c,2026-05-13T17:15:00Z,2026-05-13T19:15:00+0200,12.27,EUR/MWh,FR,FR,imbalance_price,Short,2026-06-07T17:42:53Z
2026-06-07T17:41:56Z,2026-06-07T19:41:56+0200,9fbaedea-27ef-4990-85cf-49287850296c,2026-05-13T17:30:00Z,2026-05-13T19:30:00+0200,7.84,EUR/MWh,FR,FR,imbalance_price,Long,2026-06-07T17:42:53Z
2026-06-07T17:41:56Z,2026-06-07T19:41:56+0200,9fbaedea-27ef-4990-85cf-49287850296c,2026-05-13T17:30:00Z,2026-05-13T19:30:00+0200,9.28,EUR/MWh,FR,FR,imbalance_price,Short,2026-06-07T17:42:53Z
2026-06-07T17:41:56Z,2026-06-07T19:41:56+0200,9fbaedea-27ef-4990-85cf-49287850296c,2026-05-13T17:45:00Z,2026-05-13T19:45:00+0200,6.46,EUR/MWh,FR,FR,imbalance_price,Long,2026-06-07T17:42:53Z
2026-06-07T17:41:56Z,2026-06-07T19:41:56+0200,9fbaedea-27ef-4990-85cf-49287850296c,2026-05-13T17:45:00Z,2026-05-13T19:45:00+0200,7.66,EUR/MWh,FR,FR,imbalance_price,Short,2026-06-07T17:42:53Z
2026-06-07T17:41:56Z,2026-06-07T19:41:56+0200,9fbaedea-27ef-4990-85cf-49287850296c,2026-05-13T18:00:00Z,2026-05-13T20:00:00+0200,9.58,EUR/MWh,FR,FR,imbalance_price,Long,2026-06-07T17:42:53Z
2026-06-07T17:41:56Z,2026-06-07T19:41:56+0200,9fbaedea-27ef-4990-85cf-49287850296c,2026-05-13T18:00:00Z,2026-05-13T20:00:00+0200,11.34,EUR/MWh,FR,FR,imbalance_price,Short,2026-06-07T17:42:53Z
2026-06-07T17:41:56Z,2026-06-07T19:41:56+0200,9fbaedea-27ef-4990-85cf-49287850296c,2026-05-13T18:15:00Z,2026-05-13T20:15:00+0200,10.06,EUR/MWh,FR,FR,imbalance_price,Long,2026-06-07T17:42:53Z
2026-06-07T17:41:56Z,2026-06-07T19:41:56+0200,9fbaedea-27ef-4990-85cf-49287850296c,2026-05-13T18:15:00Z,2026-05-13T20:15:00+0200,11.92,EUR/MWh,FR,FR,imbalance_price,Short,2026-06-07T17:42:53Z
2026-06-07T17:41:56Z,2026-06-07T19:41:56+0200,9fbaedea-27ef-4990-85cf-49287850296c,2026-05-13T18:30:00Z,2026-05-13T20:30:00+0200,93.0,EUR/MWh,FR,FR,imbalance_price,Long,2026-06-07T17:42:53Z
2026-06-07T17:41:56Z,2026-06-07T19:41:56+0200,9fbaedea-27ef-4990-85cf-49287850296c,2026-05-13T18:30:00Z,2026-05-13T20:30:00+0200,110.2,EUR/MWh,FR,FR,imbalance_price,Short,2026-06-07T17:42:53Z
2026-06-07T17:41:56Z,2026-06-07T19:41:56+0200,9fbaedea-27ef-4990-85cf-49287850296c,2026-05-13T18:45:00Z,2026-05-13T20:45:00+0200,91.21,EUR/MWh,FR,FR,imbalance_price,Long,2026-06-07T17:42:53Z
2026-06-07T17:41:56Z,2026-06-07T19:41:56+0200,9fbaedea-27ef-4990-85cf-49287850296c,2026-05-13T18:45:00Z,2026-05-13T20:45:00+0200,108.07,EUR/MWh,FR,FR,imbalance_price,Short,2026-06-07T17:42:53Z
2026-06-07T17:41:56Z,2026-06-07T19:41:56+0200,9fbaedea-27ef-4990-85cf-49287850296c,2026-05-13T19:00:00Z,2026-05-13T21:00:00+0200,88.2,EUR/MWh,FR,FR,imbalance_price,Long,2026-06-07T17:42:53Z
2026-06-07T17:41:56Z,2026-06-07T19:41:56+0200,9fbaedea-27ef-4990-85cf-49287850296c,2026-05-13T19:00:00Z,2026-05-13T21:00:00+0200,104.5,EUR/MWh,FR,FR,imbalance_price,Short,2026-06-07T17:42:53Z
2026-06-07T17:41:56Z,2026-06-07T19:41:56+0200,9fbaedea-27ef-4990-85cf-49287850296c,2026-05-13T19:15:00Z,2026-05-13T21:15:00+0200,60.09,EUR/MWh,FR,FR,imbalance_price,Long,2026-06-07T17:42:53Z
2026-06-07T17:41:56Z,2026-06-07T19:41:56+0200,9fbaedea-27ef-4990-85cf-49287850296c,2026-05-13T19:15:00Z,2026-05-13T21:15:00+0200,71.19,EUR/MWh,FR,FR,imbalance_price,Short,2026-06-07T17:42:53Z
2026-06-07T17:41:56Z,2026-06-07T19:41:56+0200,9fbaedea-27ef-4990-85cf-49287850296c,2026-05-13T19:30:00Z,2026-05-13T21:30:00+0200,87.37,EUR/MWh,FR,FR,imbalance_price,Long,2026-06-07T17:42:53Z
2026-06-07T17:41:56Z,2026-06-07T19:41:56+0200,9fbaedea-27ef-4990-85cf-49287850296c,2026-05-13T19:30:00Z,2026-05-13T21:30:00+0200,103.53,EUR/MWh,FR,FR,imbalance_price,Short,2026-06-07T17:42:53Z
2026-06-07T17:41:56Z,2026-06-07T19:41:56+0200,9fbaedea-27ef-4990-85cf-49287850296c,2026-05-13T19:45:00Z,2026-05-13T21:45:00+0200,-101.52,EUR/MWh,FR,FR,imbalance_price,Long,2026-06-07T17:42:53Z
2026-06-07T17:41:56Z,2026-06-07T19:41:56+0200,9fbaedea-27ef-4990-85cf-49287850296c,2026-05-13T19:45:00Z,2026-05-13T21:45:00+0200,-85.68,EUR/MWh,FR,FR,imbalance_price,Short,2026-06-07T17:42:53Z
2026-06-07T17:41:56Z,2026-06-07T19:41:56+0200,9fbaedea-27ef-4990-85cf-49287850296c,2026-05-13T20:00:00Z,2026-05-13T22:00:00+0200,154.54,EUR/MWh,FR,FR,imbalance_price,Long,2026-06-07T17:42:53Z
2026-06-07T17:41:56Z,2026-06-07T19:41:56+0200,9fbaedea-27ef-4990-85cf-49287850296c,2026-05-13T20:00:00Z,2026-05-13T22:00:00+0200,183.1,EUR/MWh,FR,FR,imbalance_price,Short,2026-06-07T17:42:53Z
2026-06-07T17:41:56Z,2026-06-07T19:41:56+0200,9fbaedea-27ef-4990-85cf-49287850296c,2026-05-13T20:15:00Z,2026-05-13T22:15:00+0200,-276.08,EUR/MWh,FR,FR,imbalance_price,Long,2026-06-07T17:42:53Z
2026-06-07T17:41:56Z,2026-06-07T19:41:56+0200,9fbaedea-27ef-4990-85cf-49287850296c,2026-05-13T20:15:00Z,2026-05-13T22:15:00+0200,-233.02,EUR/MWh,FR,FR,imbalance_price,Short,2026-06-07T17:42:53Z
2026-06-07T17:41:56Z,2026-06-07T19:41:56+0200,9fbaedea-27ef-4990-85cf-49287850296c,2026-05-13T20:30:00Z,2026-05-13T22:30:00+0200,15.98,EUR/MWh,FR,FR,imbalance_price,Long,2026-06-07T17:42:53Z
2026-06-07T17:41:56Z,2026-06-07T19:41:56+0200,9fbaedea-27ef-4990-85cf-49287850296c,2026-05-13T20:30:00Z,2026-05-13T22:30:00+0200,18.94,EUR/MWh,FR,FR,imbalance_price,Short,2026-06-07T17:42:53Z
2026-06-07T17:41:56Z,2026-06-07T19:41:56+0200,9fbaedea-27ef-4990-85cf-49287850296c,2026-05-13T20:45:00Z,2026-05-13T22:45:00+0200,-6.29,EUR/MWh,FR,FR,imbalance_price,Long,2026-06-07T17:42:53Z
2026-06-07T17:41:56Z,2026-06-07T19:41:56+0200,9fbaedea-27ef-4990-85cf-49287850296c,2026-05-13T20:45:00Z,2026-05-13T22:45:00+0200,-5.31,EUR/MWh,FR,FR,imbalance_price,Short,2026-06-07T17:42:53Z
2026-06-07T17:41:56Z,2026-06-07T19:41:56+0200,9fbaedea-27ef-4990-85cf-49287850296c,2026-05-13T21:00:00Z,2026-05-13T23:00:00+0200,-71.02,EUR/MWh,FR,FR,imbalance_price,Long,2026-06-07T17:42:53Z
2026-06-07T17:41:56Z,2026-06-07T19:41:56+0200,9fbaedea-27ef-4990-85cf-49287850296c,2026-05-13T21:00:00Z,2026-05-13T23:00:00+0200,-59.94,EUR/MWh,FR,FR,imbalance_price,Short,2026-06-07T17:42:53Z
2026-06-07T17:41:56Z,2026-06-07T19:41:56+0200,9fbaedea-27ef-4990-85cf-49287850296c,2026-05-13T21:15:00Z,2026-05-13T23:15:00+0200,-206.52,EUR/MWh,FR,FR,imbalance_price,Long,2026-06-07T17:42:53Z
2026-06-07T17:41:56Z,2026-06-07T19:41:56+0200,9fbaedea-27ef-4990-85cf-49287850296c,2026-05-13T21:15:00Z,2026-05-13T23:15:00+0200,-174.3,EUR/MWh,FR,FR,imbalance_price,Short,2026-06-07T17:42:53Z
2026-06-07T17:41:56Z,2026-06-07T19:41:56+0200,9fbaedea-27ef-4990-85cf-49287850296c,2026-05-13T21:30:00Z,2026-05-13T23:30:00+0200,0.06,EUR/MWh,FR,FR,imbalance_price,Long,2026-06-07T17:42:53Z
2026-06-07T17:41:56Z,2026-06-07T19:41:56+0200,9fbaedea-27ef-4990-85cf-49287850296c,2026-05-13T21:30:00Z,2026-05-13T23:30:00+0200,0.08,EUR/MWh,FR,FR,imbalance_price,Short,2026-06-07T17:42:53Z
2026-06-07T17:41:56Z,2026-06-07T19:41:56+0200,9fbaedea-27ef-4990-85cf-49287850296c,2026-05-13T21:45:00Z,2026-05-13T23:45:00+0200,9.79,EUR/MWh,FR,FR,imbalance_price,Long,2026-06-07T17:42:53Z
2026-06-07T17:41:56Z,2026-06-07T19:41:56+0200,9fbaedea-27ef-4990-85cf-49287850296c,2026-05-13T21:45:00Z,2026-05-13T23:45:00+0200,11.59,EUR/MWh,FR,FR,imbalance_price,Short,2026-06-07T17:42:53Z
2026-06-07T17:41:56Z,2026-06-07T19:41:56+0200,9fbaedea-27ef-4990-85cf-49287850296c,2026-05-13T22:00:00Z,2026-05-14T00:00:00+0200,62.83,EUR/MWh,FR,FR,imbalance_price,Long,2026-06-07T17:42:53Z
2026-06-07T17:41:56Z,2026-06-07T19:41:56+0200,9fbaedea-27ef-4990-85cf-49287850296c,2026-05-13T22:00:00Z,2026-05-14T00:00:00+0200,74.45,EUR/MWh,FR,FR,imbalance_price,Short,2026-06-07T17:42:53Z
2026-06-07T17:41:56Z,2026-06-07T19:41:56+0200,9fbaedea-27ef-4990-85cf-49287850296c,2026-05-13T22:15:00Z,2026-05-14T00:15:00+0200,64.16,EUR/MWh,FR,FR,imbalance_price,Long,2026-06-07T17:42:53Z
2026-06-07T17:41:56Z,2026-06-07T19:41:56+0200,9fbaedea-27ef-4990-85cf-49287850296c,2026-05-13T22:15:00Z,2026-05-14T00:15:00+0200,76.02,EUR/MWh,FR,FR,imbalance_price,Short,2026-06-07T17:42:53Z
2026-06-07T17:41:56Z,2026-06-07T19:41:56+0200,9fbaedea-27ef-4990-85cf-49287850296c,2026-05-13T22:30:00Z,2026-05-14T00:30:00+0200,64.26,EUR/MWh,FR,FR,imbalance_price,Long,2026-06-07T17:42:53Z
2026-06-07T17:41:56Z,2026-06-07T19:41:56+0200,9fbaedea-27ef-4990-85cf-49287850296c,2026-05-13T22:30:00Z,2026-05-14T00:30:00+0200,76.14,EUR/MWh,FR,FR,imbalance_price,Short,2026-06-07T17:42:53Z
2026-06-07T17:41:56Z,2026-06-07T19:41:56+0200,9fbaedea-27ef-4990-85cf-49287850296c,2026-05-13T22:45:00Z,2026-05-14T00:45:00+0200,58.5,EUR/MWh,FR,FR,imbalance_price,Long,2026-06-07T17:42:53Z
2026-06-07T17:41:56Z,2026-06-07T19:41:56+0200,9fbaedea-27ef-4990-85cf-49287850296c,2026-05-13T22:45:00Z,2026-05-14T00:45:00+0200,69.32,EUR/MWh,FR,FR,imbalance_price,Short,2026-06-07T17:42:53Z
2026-06-07T17:41:56Z,2026-06-07T19:41:56+0200,9fbaedea-27ef-4990-85cf-49287850296c,2026-05-13T23:00:00Z,2026-05-14T01:00:00+0200,58.59,EUR/MWh,FR,FR,imbalance_price,Long,2026-06-07T17:42:53Z
2026-06-07T17:41:56Z,2026-06-07T19:41:56+0200,9fbaedea-27ef-4990-85cf-49287850296c,2026-05-13T23:00:00Z,2026-05-14T01:00:00+0200,69.41,EUR/MWh,FR,FR,imbalance_price,Short,2026-06-07T17:42:53Z
2026-06-07T17:41:56Z,2026-06-07T19:41:56+0200,9fbaedea-27ef-4990-85cf-49287850296c,2026-05-13T23:15:00Z,2026-05-14T01:15:00+0200,9.64,EUR/MWh,FR,FR,imbalance_price,Long,2026-06-07T17:42:53Z
2026-06-07T17:41:56Z,2026-06-07T19:41:56+0200,9fbaedea-27ef-4990-85cf-49287850296c,2026-05-13T23:15:00Z,2026-05-14T01:15:00+0200,11.42,EUR/MWh,FR,FR,imbalance_price,Short,2026-06-07T17:42:53Z
2026-06-07T17:41:56Z,2026-06-07T19:41:56+0200,9fbaedea-27ef-4990-85cf-49287850296c,2026-05-13T23:30:00Z,2026-05-14T01:30:00+0200,9.47,EUR/MWh,FR,FR,imbalance_price,Long,2026-06-07T17:42:53Z
2026-06-07T17:41:56Z,2026-06-07T19:41:56+0200,9fbaedea-27ef-4990-85cf-49287850296c,2026-05-13T23:30:00Z,2026-05-14T01:30:00+0200,11.23,EUR/MWh,FR,FR,imbalance_price,Short,2026-06-07T17:42:53Z
2026-06-07T17:41:56Z,2026-06-07T19:41:56+0200,9fbaedea-27ef-4990-85cf-49287850296c,2026-05-13T23:45:00Z,2026-05-14T01:45:00+0200,9.51,EUR/MWh,FR,FR,imbalance_price,Long,2026-06-07T17:42:53Z
2026-06-07T17:41:56Z,2026-06-07T19:41:56+0200,9fbaedea-27ef-4990-85cf-49287850296c,2026-05-13T23:45:00Z,2026-05-14T01:45:00+0200,11.27,EUR/MWh,FR,FR,imbalance_price,Short,2026-06-07T17:42:53Z
2026-06-07T17:41:56Z,2026-06-07T19:41:56+0200,9fbaedea-27ef-4990-85cf-49287850296c,2026-05-14T00:00:00Z,2026-05-14T02:00:00+0200,9.47,EUR/MWh,FR,FR,imbalance_price,Long,2026-06-07T17:42:53Z
2026-06-07T17:41:56Z,2026-06-07T19:41:56+0200,9fbaedea-27ef-4990-85cf-49287850296c,2026-05-14T00:00:00Z,2026-05-14T02:00:00+0200,11.23,EUR/MWh,FR,FR,imbalance_price,Short,2026-06-07T17:42:53Z
2026-06-07T17:41:56Z,2026-06-07T19:41:56+0200,9fbaedea-27ef-4990-85cf-49287850296c,2026-05-14T00:15:00Z,2026-05-14T02:15:00+0200,9.47,EUR/MWh,FR,FR,imbalance_price,Long,2026-06-07T17:42:53Z
2026-06-07T17:41:56Z,2026-06-07T19:41:56+0200,9fbaedea-27ef-4990-85cf-49287850296c,2026-05-14T00:15:00Z,2026-05-14T02:15:00+0200,11.23,EUR/MWh,FR,FR,imbalance_price,Short,2026-06-07T17:42:53Z
2026-06-07T17:41:56Z,2026-06-07T19:41:56+0200,9fbaedea-27ef-4990-85cf-49287850296c,2026-05-14T00:30:00Z,2026-05-14T02:30:00+0200,9.47,EUR/MWh,FR,FR,imbalance_price,Long,2026-06-07T17:42:53Z
2026-06-07T17:41:56Z,2026-06-07T19:41:56+0200,9fbaedea-27ef-4990-85cf-49287850296c,2026-05-14T00:30:00Z,2026-05-14T02:30:00+0200,11.23,EUR/MWh,FR,FR,imbalance_price,Short,2026-06-07T17:42:53Z
2026-06-07T17:41:56Z,2026-06-07T19:41:56+0200,9fbaedea-27ef-4990-85cf-49287850296c,2026-05-14T00:45:00Z,2026-05-14T02:45:00+0200,9.47,EUR/MWh,FR,FR,imbalance_price,Long,2026-06-07T17:42:53Z
2026-06-07T17:41:56Z,2026-06-07T19:41:56+0200,9fbaedea-27ef-4990-85cf-49287850296c,2026-05-14T00:45:00Z,2026-05-14T02:45:00+0200,11.23,EUR/MWh,FR,FR,imbalance_price,Short,2026-06-07T17:42:53Z
2026-06-07T17:41:56Z,2026-06-07T19:41:56+0200,9fbaedea-27ef-4990-85cf-49287850296c,2026-05-14T01:00:00Z,2026-05-14T03:00:00+0200,9.31,EUR/MWh,FR,FR,imbalance_price,Long,2026-06-07T17:42:53Z
2026-06-07T17:41:56Z,2026-06-07T19:41:56+0200,9fbaedea-27ef-4990-85cf-49287850296c,2026-05-14T01:00:00Z,2026-05-14T03:00:00+0200,11.03,EUR/MWh,FR,FR,imbalance_price,Short,2026-06-07T17:42:53Z
2026-06-07T17:41:56Z,2026-06-07T19:41:56+0200,9fbaedea-27ef-4990-85cf-49287850296c,2026-05-14T01:15:00Z,2026-05-14T03:15:00+0200,30.23,EUR/MWh,FR,FR,imbalance_price,Long,2026-06-07T17:42:53Z
2026-06-07T17:41:56Z,2026-06-07T19:41:56+0200,9fbaedea-27ef-4990-85cf-49287850296c,2026-05-14T01:15:00Z,2026-05-14T03:15:00+0200,35.81,EUR/MWh,FR,FR,imbalance_price,Short,2026-06-07T17:42:53Z
2026-06-07T17:41:56Z,2026-06-07T19:41:56+0200,9fbaedea-27ef-4990-85cf-49287850296c,2026-05-14T01:30:00Z,2026-05-14T03:30:00+0200,64.37,EUR/MWh,FR,FR,imbalance_price,Long,2026-06-07T17:42:53Z
2026-06-07T17:41:56Z,2026-06-07T19:41:56+0200,9fbaedea-27ef-4990-85cf-49287850296c,2026-05-14T01:30:00Z,2026-05-14T03:30:00+0200,76.27,EUR/MWh,FR,FR,imbalance_price,Short,2026-06-07T17:42:53Z
2026-06-07T17:41:56Z,2026-06-07T19:41:56+0200,9fbaedea-27ef-4990-85cf-49287850296c,2026-05-14T01:45:00Z,2026-05-14T03:45:00+0200,87.13,EUR/MWh,FR,FR,imbalance_price,Long,2026-06-07T17:42:53Z
2026-06-07T17:41:56Z,2026-06-07T19:41:56+0200,9fbaedea-27ef-4990-85cf-49287850296c,2026-05-14T01:45:00Z,2026-05-14T03:45:00+0200,103.23,EUR/MWh,FR,FR,imbalance_price,Short,2026-06-07T17:42:53Z
2026-06-07T17:41:56Z,2026-06-07T19:41:56+0200,9fbaedea-27ef-4990-85cf-49287850296c,2026-05-14T02:00:00Z,2026-05-14T04:00:00+0200,94.19,EUR/MWh,FR,FR,imbalance_price,Long,2026-06-07T17:42:53Z
2026-06-07T17:41:56Z,2026-06-07T19:41:56+0200,9fbaedea-27ef-4990-85cf-49287850296c,2026-05-14T02:00:00Z,2026-05-14T04:00:00+0200,111.59,EUR/MWh,FR,FR,imbalance_price,Short,2026-06-07T17:42:53Z
2026-06-07T17:41:56Z,2026-06-07T19:41:56+0200,9fbaedea-27ef-4990-85cf-49287850296c,2026-05-14T02:15:00Z,2026-05-14T04:15:00+0200,91.82,EUR/MWh,FR,FR,imbalance_price,Long,2026-06-07T17:42:53Z
2026-06-07T17:41:56Z,2026-06-07T19:41:56+0200,9fbaedea-27ef-4990-85cf-49287850296c,2026-05-14T02:15:00Z,2026-05-14T04:15:00+0200,108.8,EUR/MWh,FR,FR,imbalance_price,Short,2026-06-07T17:42:53Z
2026-06-07T17:41:56Z,2026-06-07T19:41:56+0200,9fbaedea-27ef-4990-85cf-49287850296c,2026-05-14T02:30:00Z,2026-05-14T04:30:00+0200,68.77,EUR/MWh,FR,FR,imbalance_price,Long,2026-06-07T17:42:53Z
2026-06-07T17:41:56Z,2026-06-07T19:41:56+0200,9fbaedea-27ef-4990-85cf-49287850296c,2026-05-14T02:30:00Z,2026-05-14T04:30:00+0200,81.49,EUR/MWh,FR,FR,imbalance_price,Short,2026-06-07T17:42:53Z
2026-06-07T17:41:56Z,2026-06-07T19:41:56+0200,9fbaedea-27ef-4990-85cf-49287850296c,2026-05-14T02:45:00Z,2026-05-14T04:45:00+0200,83.28,EUR/MWh,FR,FR,imbalance_price,Long,2026-06-07T17:42:53Z
2026-06-07T17:41:56Z,2026-06-07T19:41:56+0200,9fbaedea-27ef-4990-85cf-49287850296c,2026-05-14T02:45:00Z,2026-05-14T04:45:00+0200,98.68,EUR/MWh,FR,FR,imbalance_price,Short,2026-06-07T17:42:53Z
2026-06-07T17:41:56Z,2026-06-07T19:41:56+0200,9fbaedea-27ef-4990-85cf-49287850296c,2026-05-14T03:00:00Z,2026-05-14T05:00:00+0200,95.28,EUR/MWh,FR,FR,imbalance_price,Long,2026-06-07T17:42:53Z
2026-06-07T17:41:56Z,2026-06-07T19:41:56+0200,9fbaedea-27ef-4990-85cf-49287850296c,2026-05-14T03:00:00Z,2026-05-14T05:00:00+0200,112.9,EUR/MWh,FR,FR,imbalance_price,Short,2026-06-07T17:42:53Z
2026-06-07T17:41:56Z,2026-06-07T19:41:56+0200,9fbaedea-27ef-4990-85cf-49287850296c,2026-05-14T03:15:00Z,2026-05-14T05:15:00+0200,75.34,EUR/MWh,FR,FR,imbalance_price,Long,2026-06-07T17:42:53Z
2026-06-07T17:41:56Z,2026-06-07T19:41:56+0200,9fbaedea-27ef-4990-85cf-49287850296c,2026-05-14T03:15:00Z,2026-05-14T05:15:00+0200,89.26,EUR/MWh,FR,FR,imbalance_price,Short,2026-06-07T17:42:53Z
2026-06-07T17:41:56Z,2026-06-07T19:41:56+0200,9fbaedea-27ef-4990-85cf-49287850296c,2026-05-14T03:30:00Z,2026-05-14T05:30:00+0200,58.3,EUR/MWh,FR,FR,imbalance_price,Long,2026-06-07T17:42:53Z
2026-06-07T17:41:56Z,2026-06-07T19:41:56+0200,9fbaedea-27ef-4990-85cf-49287850296c,2026-05-14T03:30:00Z,2026-05-14T05:30:00+0200,69.08,EUR/MWh,FR,FR,imbalance_price,Short,2026-06-07T17:42:53Z
2026-06-07T17:41:56Z,2026-06-07T19:41:56+0200,9fbaedea-27ef-4990-85cf-49287850296c,2026-05-14T03:45:00Z,2026-05-14T05:45:00+0200,48.96,EUR/MWh,FR,FR,imbalance_price,Long,2026-06-07T17:42:53Z
2026-06-07T17:41:56Z,2026-06-07T19:41:56+0200,9fbaedea-27ef-4990-85cf-49287850296c,2026-05-14T03:45:00Z,2026-05-14T05:45:00+0200,58.0,EUR/MWh,FR,FR,imbalance_price,Short,2026-06-07T17:42:53Z
2026-06-07T17:41:56Z,2026-06-07T19:41:56+0200,9fbaedea-27ef-4990-85cf-49287850296c,2026-05-14T04:00:00Z,2026-05-14T06:00:00+0200,94.1,EUR/MWh,FR,FR,imbalance_price,Long,2026-06-07T17:42:53Z
2026-06-07T17:41:56Z,2026-06-07T19:41:56+0200,9fbaedea-27ef-4990-85cf-49287850296c,2026-05-14T04:00:00Z,2026-05-14T06:00:00+0200,111.5,EUR/MWh,FR,FR,imbalance_price,Short,2026-06-07T17:42:53Z
2026-06-07T17:41:56Z,2026-06-07T19:41:56+0200,9fbaedea-27ef-4990-85cf-49287850296c,2026-05-14T04:15:00Z,2026-05-14T06:15:00+0200,96.05,EUR/MWh,FR,FR,imbalance_price,Long,2026-06-07T17:42:53Z
2026-06-07T17:41:56Z,2026-06-07T19:41:56+0200,9fbaedea-27ef-4990-85cf-49287850296c,2026-05-14T04:15:00Z,2026-05-14T06:15:00+0200,113.81,EUR/MWh,FR,FR,imbalance_price,Short,2026-06-07T17:42:53Z
2026-06-07T17:41:56Z,2026-06-07T19:41:56+0200,9fbaedea-27ef-4990-85cf-49287850296c,2026-05-14T04:30:00Z,2026-05-14T06:30:00+0200,71.38,EUR/MWh,FR,FR,imbalance_price,Long,2026-06-07T17:42:53Z
2026-06-07T17:41:56Z,2026-06-07T19:41:56+0200,9fbaedea-27ef-4990-85cf-49287850296c,2026-05-14T04:30:00Z,2026-05-14T06:30:00+0200,84.58,EUR/MWh,FR,FR,imbalance_price,Short,2026-06-07T17:42:53Z
2026-06-07T17:41:56Z,2026-06-07T19:41:56+0200,9fbaedea-27ef-4990-85cf-49287850296c,2026-05-14T04:45:00Z,2026-05-14T06:45:00+0200,82.57,EUR/MWh,FR,FR,imbalance_price,Long,2026-06-07T17:42:53Z
2026-06-07T17:41:56Z,2026-06-07T19:41:56+0200,9fbaedea-27ef-4990-85cf-49287850296c,2026-05-14T04:45:00Z,2026-05-14T06:45:00+0200,97.83,EUR/MWh,FR,FR,imbalance_price,Short,2026-06-07T17:42:53Z
2026-06-07T17:41:56Z,2026-06-07T19:41:56+0200,9fbaedea-27ef-4990-85cf-49287850296c,2026-05-14T05:00:00Z,2026-05-14T07:00:00+0200,35.26,EUR/MWh,FR,FR,imbalance_price,Long,2026-06-07T17:42:53Z
2026-06-07T17:41:56Z,2026-06-07T19:41:56+0200,9fbaedea-27ef-4990-85cf-49287850296c,2026-05-14T05:00:00Z,2026-05-14T07:00:00+0200,41.78,EUR/MWh,FR,FR,imbalance_price,Short,2026-06-07T17:42:53Z
2026-06-07T17:41:56Z,2026-06-07T19:41:56+0200,9fbaedea-27ef-4990-85cf-49287850296c,2026-05-14T05:15:00Z,2026-05-14T07:15:00+0200,15.92,EUR/MWh,FR,FR,imbalance_price,Long,2026-06-07T17:42:53Z
2026-06-07T17:41:56Z,2026-06-07T19:41:56+0200,9fbaedea-27ef-4990-85cf-49287850296c,2026-05-14T05:15:00Z,2026-05-14T07:15:00+0200,18.86,EUR/MWh,FR,FR,imbalance_price,Short,2026-06-07T17:42:53Z
2026-06-07T17:41:56Z,2026-06-07T19:41:56+0200,9fbaedea-27ef-4990-85cf-49287850296c,2026-05-14T05:30:00Z,2026-05-14T07:30:00+0200,33.06,EUR/MWh,FR,FR,imbalance_price,Long,2026-06-07T17:42:53Z
2026-06-07T17:41:56Z,2026-06-07T19:41:56+0200,9fbaedea-27ef-4990-85cf-49287850296c,2026-05-14T05:30:00Z,2026-05-14T07:30:00+0200,39.18,EUR/MWh,FR,FR,imbalance_price,Short,2026-06-07T17:42:53Z
2026-06-07T17:41:56Z,2026-06-07T19:41:56+0200,9fbaedea-27ef-4990-85cf-49287850296c,2026-05-14T05:45:00Z,2026-05-14T07:45:00+0200,39.12,EUR/MWh,FR,FR,imbalance_price,Long,2026-06-07T17:42:53Z
2026-06-07T17:41:56Z,2026-06-07T19:41:56+0200,9fbaedea-27ef-4990-85cf-49287850296c,2026-05-14T05:45:00Z,2026-05-14T07:45:00+0200,46.36,EUR/MWh,FR,FR,imbalance_price,Short,2026-06-07T17:42:53Z
2026-06-07T17:41:56Z,2026-06-07T19:41:56+0200,9fbaedea-27ef-4990-85cf-49287850296c,2026-05-14T06:00:00Z,2026-05-14T08:00:00+0200,0.27,EUR/MWh,FR,FR,imbalance_price,Long,2026-06-07T17:42:53Z
2026-06-07T17:41:56Z,2026-06-07T19:41:56+0200,9fbaedea-27ef-4990-85cf-49287850296c,2026-05-14T06:00:00Z,2026-05-14T08:00:00+0200,0.33,EUR/MWh,FR,FR,imbalance_price,Short,2026-06-07T17:42:53Z
2026-06-07T17:41:56Z,2026-06-07T19:41:56+0200,9fbaedea-27ef-4990-85cf-49287850296c,2026-05-14T06:15:00Z,2026-05-14T08:15:00+0200,9.99,EUR/MWh,FR,FR,imbalance_price,Long,2026-06-07T17:42:53Z
2026-06-07T17:41:56Z,2026-06-07T19:41:56+0200,9fbaedea-27ef-4990-85cf-49287850296c,2026-05-14T06:15:00Z,2026-05-14T08:15:00+0200,11.83,EUR/MWh,FR,FR,imbalance_price,Short,2026-06-07T17:42:53Z
2026-06-07T17:41:56Z,2026-06-07T19:41:56+0200,9fbaedea-27ef-4990-85cf-49287850296c,2026-05-14T06:30:00Z,2026-05-14T08:30:00+0200,39.61,EUR/MWh,FR,FR,imbalance_price,Long,2026-06-07T17:42:53Z
2026-06-07T17:41:56Z,2026-06-07T19:41:56+0200,9fbaedea-27ef-4990-85cf-49287850296c,2026-05-14T06:30:00Z,2026-05-14T08:30:00+0200,46.93,EUR/MWh,FR,FR,imbalance_price,Short,2026-06-07T17:42:53Z
2026-06-07T17:41:56Z,2026-06-07T19:41:56+0200,9fbaedea-27ef-4990-85cf-49287850296c,2026-05-14T06:45:00Z,2026-05-14T08:45:00+0200,44.03,EUR/MWh,FR,FR,imbalance_price,Long,2026-06-07T17:42:53Z
2026-06-07T17:41:56Z,2026-06-07T19:41:56+0200,9fbaedea-27ef-4990-85cf-49287850296c,2026-05-14T06:45:00Z,2026-05-14T08:45:00+0200,52.17,EUR/MWh,FR,FR,imbalance_price,Short,2026-06-07T17:42:53Z
2026-06-07T17:41:56Z,2026-06-07T19:41:56+0200,9fbaedea-27ef-4990-85cf-49287850296c,2026-05-14T07:00:00Z,2026-05-14T09:00:00+0200,43.05,EUR/MWh,FR,FR,imbalance_price,Long,2026-06-07T17:42:53Z
2026-06-07T17:41:56Z,2026-06-07T19:41:56+0200,9fbaedea-27ef-4990-85cf-49287850296c,2026-05-14T07:00:00Z,2026-05-14T09:00:00+0200,51.01,EUR/MWh,FR,FR,imbalance_price,Short,2026-06-07T17:42:53Z
2026-06-07T17:41:56Z,2026-06-07T19:41:56+0200,9fbaedea-27ef-4990-85cf-49287850296c,2026-05-14T07:15:00Z,2026-05-14T09:15:00+0200,0.0,EUR/MWh,FR,FR,imbalance_price,Long,2026-06-07T17:42:53Z
2026-06-07T17:41:56Z,2026-06-07T19:41:56+0200,9fbaedea-27ef-4990-85cf-49287850296c,2026-05-14T07:15:00Z,2026-05-14T09:15:00+0200,0.0,EUR/MWh,FR,FR,imbalance_price,Short,2026-06-07T17:42:53Z
2026-06-07T17:41:56Z,2026-06-07T19:41:56+0200,9fbaedea-27ef-4990-85cf-49287850296c,2026-05-14T07:30:00Z,2026-05-14T09:30:00+0200,15.45,EUR/MWh,FR,FR,imbalance_price,Long,2026-06-07T17:42:53Z
2026-06-07T17:41:56Z,2026-06-07T19:41:56+0200,9fbaedea-27ef-4990-85cf-49287850296c,2026-05-14T07:30:00Z,2026-05-14T09:30:00+0200,18.31,EUR/MWh,FR,FR,imbalance_price,Short,2026-06-07T17:42:53Z
2026-06-07T17:41:56Z,2026-06-07T19:41:56+0200,9fbaedea-27ef-4990-85cf-49287850296c,2026-05-14T07:45:00Z,2026-05-14T09:45:00+0200,-8.41,EUR/MWh,FR,FR,imbalance_price,Long,2026-06-07T17:42:53Z
2026-06-07T17:41:56Z,2026-06-07T19:41:56+0200,9fbaedea-27ef-4990-85cf-49287850296c,2026-05-14T07:45:00Z,2026-05-14T09:45:00+0200,-7.09,EUR/MWh,FR,FR,imbalance_price,Short,2026-06-07T17:42:53Z
2026-06-07T17:41:56Z,2026-06-07T19:41:56+0200,9fbaedea-27ef-4990-85cf-49287850296c,2026-05-14T08:00:00Z,2026-05-14T10:00:00+0200,7.63,EUR/MWh,FR,FR,imbalance_price,Long,2026-06-07T17:42:53Z
2026-06-07T17:41:56Z,2026-06-07T19:41:56+0200,9fbaedea-27ef-4990-85cf-49287850296c,2026-05-14T08:00:00Z,2026-05-14T10:00:00+0200,9.05,EUR/MWh,FR,FR,imbalance_price,Short,2026-06-07T17:42:53Z
2026-06-07T17:41:56Z,2026-06-07T19:41:56+0200,9fbaedea-27ef-4990-85cf-49287850296c,2026-05-14T08:15:00Z,2026-05-14T10:15:00+0200,-11.07,EUR/MWh,FR,FR,imbalance_price,Long,2026-06-07T17:42:53Z
2026-06-07T17:41:56Z,2026-06-07T19:41:56+0200,9fbaedea-27ef-4990-85cf-49287850296c,2026-05-14T08:15:00Z,2026-05-14T10:15:00+0200,-9.35,EUR/MWh,FR,FR,imbalance_price,Short,2026-06-07T17:42:53Z
2026-06-07T17:41:56Z,2026-06-07T19:41:56+0200,9fbaedea-27ef-4990-85cf-49287850296c,2026-05-14T08:30:00Z,2026-05-14T10:30:00+0200,-17.07,EUR/MWh,FR,FR,imbalance_price,Long,2026-06-07T17:42:53Z
2026-06-07T17:41:56Z,2026-06-07T19:41:56+0200,9fbaedea-27ef-4990-85cf-49287850296c,2026-05-14T08:30:00Z,2026-05-14T10:30:00+0200,-14.41,EUR/MWh,FR,FR,imbalance_price,Short,2026-06-07T17:42:53Z
2026-06-07T17:41:56Z,2026-06-07T19:41:56+0200,9fbaedea-27ef-4990-85cf-49287850296c,2026-05-14T08:45:00Z,2026-05-14T10:45:00+0200,4.23,EUR/MWh,FR,FR,imbalance_price,Long,2026-06-07T17:42:53Z
2026-06-07T17:41:56Z,2026-06-07T19:41:56+0200,9fbaedea-27ef-4990-85cf-49287850296c,2026-05-14T08:45:00Z,2026-05-14T10:45:00+0200,5.01,EUR/MWh,FR,FR,imbalance_price,Short,2026-06-07T17:42:53Z
2026-06-07T17:41:56Z,2026-06-07T19:41:56+0200,9fbaedea-27ef-4990-85cf-49287850296c,2026-05-14T09:00:00Z,2026-05-14T11:00:00+0200,-12.83,EUR/MWh,FR,FR,imbalance_price,Long,2026-06-07T17:42:53Z
2026-06-07T17:41:56Z,2026-06-07T19:41:56+0200,9fbaedea-27ef-4990-85cf-49287850296c,2026-05-14T09:00:00Z,2026-05-14T11:00:00+0200,-10.83,EUR/MWh,FR,FR,imbalance_price,Short,2026-06-07T17:42:53Z
2026-06-07T17:41:56Z,2026-06-07T19:41:56+0200,9fbaedea-27ef-4990-85cf-49287850296c,2026-05-14T09:15:00Z,2026-05-14T11:15:00+0200,-66.02,EUR/MWh,FR,FR,imbalance_price,Long,2026-06-07T17:42:53Z
2026-06-07T17:41:56Z,2026-06-07T19:41:56+0200,9fbaedea-27ef-4990-85cf-49287850296c,2026-05-14T09:15:00Z,2026-05-14T11:15:00+0200,-55.72,EUR/MWh,FR,FR,imbalance_price,Short,2026-06-07T17:42:53Z
2026-06-07T17:41:56Z,2026-06-07T19:41:56+0200,9fbaedea-27ef-4990-85cf-49287850296c,2026-05-14T09:30:00Z,2026-05-14T11:30:00+0200,-43.99,EUR/MWh,FR,FR,imbalance_price,Long,2026-06-07T17:42:53Z
2026-06-07T17:41:56Z,2026-06-07T19:41:56+0200,9fbaedea-27ef-4990-85cf-49287850296c,2026-05-14T09:30:00Z,2026-05-14T11:30:00+0200,-37.13,EUR/MWh,FR,FR,imbalance_price,Short,2026-06-07T17:42:53Z
2026-06-07T17:41:56Z,2026-06-07T19:41:56+0200,9fbaedea-27ef-4990-85cf-49287850296c,2026-05-14T09:45:00Z,2026-05-14T11:45:00+0200,-22.46,EUR/MWh,FR,FR,imbalance_price,Long,2026-06-07T17:42:53Z
2026-06-07T17:41:56Z,2026-06-07T19:41:56+0200,9fbaedea-27ef-4990-85cf-49287850296c,2026-05-14T09:45:00Z,2026-05-14T11:45:00+0200,-18.96,EUR/MWh,FR,FR,imbalance_price,Short,2026-06-07T17:42:53Z
2026-06-07T17:41:56Z,2026-06-07T19:41:56+0200,9fbaedea-27ef-4990-85cf-49287850296c,2026-05-14T10:00:00Z,2026-05-14T12:00:00+0200,-34.93,EUR/MWh,FR,FR,imbalance_price,Long,2026-06-07T17:42:53Z
2026-06-07T17:41:56Z,2026-06-07T19:41:56+0200,9fbaedea-27ef-4990-85cf-49287850296c,2026-05-14T10:00:00Z,2026-05-14T12:00:00+0200,-29.49,EUR/MWh,FR,FR,imbalance_price,Short,2026-06-07T17:42:53Z
2026-06-07T17:41:56Z,2026-06-07T19:41:56+0200,9fbaedea-27ef-4990-85cf-49287850296c,2026-05-14T10:15:00Z,2026-05-14T12:15:00+0200,-30.24,EUR/MWh,FR,FR,imbalance_price,Long,2026-06-07T17:42:53Z
2026-06-07T17:41:56Z,2026-06-07T19:41:56+0200,9fbaedea-27ef-4990-85cf-49287850296c,2026-05-14T10:15:00Z,2026-05-14T12:15:00+0200,-25.52,EUR/MWh,FR,FR,imbalance_price,Short,2026-06-07T17:42:53Z
2026-06-07T17:41:56Z,2026-06-07T19:41:56+0200,9fbaedea-27ef-4990-85cf-49287850296c,2026-05-14T10:30:00Z,2026-05-14T12:30:00+0200,-32.17,EUR/MWh,FR,FR,imbalance_price,Long,2026-06-07T17:42:53Z
2026-06-07T17:41:56Z,2026-06-07T19:41:56+0200,9fbaedea-27ef-4990-85cf-49287850296c,2026-05-14T10:30:00Z,2026-05-14T12:30:00+0200,-27.15,EUR/MWh,FR,FR,imbalance_price,Short,2026-06-07T17:42:53Z
2026-06-07T17:41:56Z,2026-06-07T19:41:56+0200,9fbaedea-27ef-4990-85cf-49287850296c,2026-05-14T10:45:00Z,2026-05-14T12:45:00+0200,-23.63,EUR/MWh,FR,FR,imbalance_price,Long,2026-06-07T17:42:53Z
2026-06-07T17:41:56Z,2026-06-07T19:41:56+0200,9fbaedea-27ef-4990-85cf-49287850296c,2026-05-14T10:45:00Z,2026-05-14T12:45:00+0200,-19.95,EUR/MWh,FR,FR,imbalance_price,Short,2026-06-07T17:42:53Z
2026-06-07T17:41:56Z,2026-06-07T19:41:56+0200,9fbaedea-27ef-4990-85cf-49287850296c,2026-05-14T11:00:00Z,2026-05-14T13:00:00+0200,6.33,EUR/MWh,FR,FR,imbalance_price,Long,2026-06-07T17:42:53Z
2026-06-07T17:41:56Z,2026-06-07T19:41:56+0200,9fbaedea-27ef-4990-85cf-49287850296c,2026-05-14T11:00:00Z,2026-05-14T13:00:00+0200,7.51,EUR/MWh,FR,FR,imbalance_price,Short,2026-06-07T17:42:53Z
2026-06-07T17:41:56Z,2026-06-07T19:41:56+0200,9fbaedea-27ef-4990-85cf-49287850296c,2026-05-14T11:15:00Z,2026-05-14T13:15:00+0200,11.2,EUR/MWh,FR,FR,imbalance_price,Long,2026-06-07T17:42:53Z
2026-06-07T17:41:56Z,2026-06-07T19:41:56+0200,9fbaedea-27ef-4990-85cf-49287850296c,2026-05-14T11:15:00Z,2026-05-14T13:15:00+0200,13.26,EUR/MWh,FR,FR,imbalance_price,Short,2026-06-07T17:42:53Z
2026-06-07T17:41:56Z,2026-06-07T19:41:56+0200,9fbaedea-27ef-4990-85cf-49287850296c,2026-05-14T11:30:00Z,2026-05-14T13:30:00+0200,8.97,EUR/MWh,FR,FR,imbalance_price,Long,2026-06-07T17:42:53Z
2026-06-07T17:41:56Z,2026-06-07T19:41:56+0200,9fbaedea-27ef-4990-85cf-49287850296c,2026-05-14T11:30:00Z,2026-05-14T13:30:00+0200,10.63,EUR/MWh,FR,FR,imbalance_price,Short,2026-06-07T17:42:53Z
2026-06-07T17:41:56Z,2026-06-07T19:41:56+0200,9fbaedea-27ef-4990-85cf-49287850296c,2026-05-14T11:45:00Z,2026-05-14T13:45:00+0200,-111.78,EUR/MWh,FR,FR,imbalance_price,Long,2026-06-07T17:42:53Z
2026-06-07T17:41:56Z,2026-06-07T19:41:56+0200,9fbaedea-27ef-4990-85cf-49287850296c,2026-05-14T11:45:00Z,2026-05-14T13:45:00+0200,-94.34,EUR/MWh,FR,FR,imbalance_price,Short,2026-06-07T17:42:53Z
2026-06-07T17:41:56Z,2026-06-07T19:41:56+0200,9fbaedea-27ef-4990-85cf-49287850296c,2026-05-14T12:00:00Z,2026-05-14T14:00:00+0200,-15.81,EUR/MWh,FR,FR,imbalance_price,Long,2026-06-07T17:42:53Z
2026-06-07T17:41:56Z,2026-06-07T19:41:56+0200,9fbaedea-27ef-4990-85cf-49287850296c,2026-05-14T12:00:00Z,2026-05-14T14:00:00+0200,-13.35,EUR/MWh,FR,FR,imbalance_price,Short,2026-06-07T17:42:53Z
2026-06-07T17:41:56Z,2026-06-07T19:41:56+0200,9fbaedea-27ef-4990-85cf-49287850296c,2026-05-14T12:15:00Z,2026-05-14T14:15:00+0200,-94.73,EUR/MWh,FR,FR,imbalance_price,Long,2026-06-07T17:42:53Z
2026-06-07T17:41:56Z,2026-06-07T19:41:56+0200,9fbaedea-27ef-4990-85cf-49287850296c,2026-05-14T12:15:00Z,2026-05-14T14:15:00+0200,-79.95,EUR/MWh,FR,FR,imbalance_price,Short,2026-06-07T17:42:53Z
2026-06-07T17:41:56Z,2026-06-07T19:41:56+0200,9fbaedea-27ef-4990-85cf-49287850296c,2026-05-14T12:30:00Z,2026-05-14T14:30:00+0200,-92.94,EUR/MWh,FR,FR,imbalance_price,Long,2026-06-07T17:42:53Z
2026-06-07T17:41:56Z,2026-06-07T19:41:56+0200,9fbaedea-27ef-4990-85cf-49287850296c,2026-05-14T12:30:00Z,2026-05-14T14:30:00+0200,-78.44,EUR/MWh,FR,FR,imbalance_price,Short,2026-06-07T17:42:53Z
2026-06-07T17:41:56Z,2026-06-07T19:41:56+0200,9fbaedea-27ef-4990-85cf-49287850296c,2026-05-14T12:45:00Z,2026-05-14T14:45:00+0200,-68.5,EUR/MWh,FR,FR,imbalance_price,Long,2026-06-07T17:42:53Z
2026-06-07T17:41:56Z,2026-06-07T19:41:56+0200,9fbaedea-27ef-4990-85cf-49287850296c,2026-05-14T12:45:00Z,2026-05-14T14:45:00+0200,-57.82,EUR/MWh,FR,FR,imbalance_price,Short,2026-06-07T17:42:53Z
2026-06-07T17:41:56Z,2026-06-07T19:41:56+0200,9fbaedea-27ef-4990-85cf-49287850296c,2026-05-14T13:00:00Z,2026-05-14T15:00:00+0200,-52.98,EUR/MWh,FR,FR,imbalance_price,Long,2026-06-07T17:42:53Z
2026-06-07T17:41:56Z,2026-06-07T19:41:56+0200,9fbaedea-27ef-4990-85cf-49287850296c,2026-05-14T13:00:00Z,2026-05-14T15:00:00+0200,-44.72,EUR/MWh,FR,FR,imbalance_price,Short,2026-06-07T17:42:53Z
2026-06-07T17:41:56Z,2026-06-07T19:41:56+0200,9fbaedea-27ef-4990-85cf-49287850296c,2026-05-14T13:15:00Z,2026-05-14T15:15:00+0200,-47.61,EUR/MWh,FR,FR,imbalance_price,Long,2026-06-07T17:42:53Z
2026-06-07T17:41:56Z,2026-06-07T19:41:56+0200,9fbaedea-27ef-4990-85cf-49287850296c,2026-05-14T13:15:00Z,2026-05-14T15:15:00+0200,-40.19,EUR/MWh,FR,FR,imbalance_price,Short,2026-06-07T17:42:53Z
2026-06-07T17:41:56Z,2026-06-07T19:41:56+0200,9fbaedea-27ef-4990-85cf-49287850296c,2026-05-14T13:30:00Z,2026-05-14T15:30:00+0200,-247.27,EUR/MWh,FR,FR,imbalance_price,Long,2026-06-07T17:42:53Z
2026-06-07T17:41:56Z,2026-06-07T19:41:56+0200,9fbaedea-27ef-4990-85cf-49287850296c,2026-05-14T13:30:00Z,2026-05-14T15:30:00+0200,-208.69,EUR/MWh,FR,FR,imbalance_price,Short,2026-06-07T17:42:53Z
2026-06-07T17:41:56Z,2026-06-07T19:41:56+0200,9fbaedea-27ef-4990-85cf-49287850296c,2026-05-14T13:45:00Z,2026-05-14T15:45:00+0200,-58.09,EUR/MWh,FR,FR,imbalance_price,Long,2026-06-07T17:42:53Z
2026-06-07T17:41:56Z,2026-06-07T19:41:56+0200,9fbaedea-27ef-4990-85cf-49287850296c,2026-05-14T13:45:00Z,2026-05-14T15:45:00+0200,-49.03,EUR/MWh,FR,FR,imbalance_price,Short,2026-06-07T17:42:53Z
2026-06-07T17:41:56Z,2026-06-07T19:41:56+0200,9fbaedea-27ef-4990-85cf-49287850296c,2026-05-14T14:00:00Z,2026-05-14T16:00:00+0200,-2.68,EUR/MWh,FR,FR,imbalance_price,Long,2026-06-07T17:42:53Z
2026-06-07T17:41:56Z,2026-06-07T19:41:56+0200,9fbaedea-27ef-4990-85cf-49287850296c,2026-05-14T14:00:00Z,2026-05-14T16:00:00+0200,-2.26,EUR/MWh,FR,FR,imbalance_price,Short,2026-06-07T17:42:53Z
2026-06-07T17:41:56Z,2026-06-07T19:41:56+0200,9fbaedea-27ef-4990-85cf-49287850296c,2026-05-14T14:15:00Z,2026-05-14T16:15:00+0200,-3.15,EUR/MWh,FR,FR,imbalance_price,Long,2026-06-07T17:42:53Z
2026-06-07T17:41:56Z,2026-06-07T19:41:56+0200,9fbaedea-27ef-4990-85cf-49287850296c,2026-05-14T14:15:00Z,2026-05-14T16:15:00+0200,-2.65,EUR/MWh,FR,FR,imbalance_price,Short,2026-06-07T17:42:53Z
2026-06-07T17:41:56Z,2026-06-07T19:41:56+0200,9fbaedea-27ef-4990-85cf-49287850296c,2026-05-14T14:30:00Z,2026-05-14T16:30:00+0200,79.73,EUR/MWh,FR,FR,imbalance_price,Long,2026-06-07T17:42:53Z
2026-06-07T17:41:56Z,2026-06-07T19:41:56+0200,9fbaedea-27ef-4990-85cf-49287850296c,2026-05-14T14:30:00Z,2026-05-14T16:30:00+0200,94.47,EUR/MWh,FR,FR,imbalance_price,Short,2026-06-07T17:42:53Z
2026-06-07T17:41:56Z,2026-06-07T19:41:56+0200,9fbaedea-27ef-4990-85cf-49287850296c,2026-05-14T14:45:00Z,2026-05-14T16:45:00+0200,10.03,EUR/MWh,FR,FR,imbalance_price,Long,2026-06-07T17:42:53Z
2026-06-07T17:41:56Z,2026-06-07T19:41:56+0200,9fbaedea-27ef-4990-85cf-49287850296c,2026-05-14T14:45:00Z,2026-05-14T16:45:00+0200,11.89,EUR/MWh,FR,FR,imbalance_price,Short,2026-06-07T17:42:53Z
2026-06-07T17:41:56Z,2026-06-07T19:41:56+0200,9fbaedea-27ef-4990-85cf-49287850296c,2026-05-14T15:00:00Z,2026-05-14T17:00:00+0200,29.73,EUR/MWh,FR,FR,imbalance_price,Long,2026-06-07T17:42:53Z
2026-06-07T17:41:56Z,2026-06-07T19:41:56+0200,9fbaedea-27ef-4990-85cf-49287850296c,2026-05-14T15:00:00Z,2026-05-14T17:00:00+0200,35.23,EUR/MWh,FR,FR,imbalance_price,Short,2026-06-07T17:42:53Z
2026-06-07T17:41:56Z,2026-06-07T19:41:56+0200,9fbaedea-27ef-4990-85cf-49287850296c,2026-05-14T15:15:00Z,2026-05-14T17:15:00+0200,28.62,EUR/MWh,FR,FR,imbalance_price,Long,2026-06-07T17:42:53Z
2026-06-07T17:41:56Z,2026-06-07T19:41:56+0200,9fbaedea-27ef-4990-85cf-49287850296c,2026-05-14T15:15:00Z,2026-05-14T17:15:00+0200,33.92,EUR/MWh,FR,FR,imbalance_price,Short,2026-06-07T17:42:53Z
2026-06-07T17:41:56Z,2026-06-07T19:41:56+0200,9fbaedea-27ef-4990-85cf-49287850296c,2026-05-14T15:30:00Z,2026-05-14T17:30:00+0200,46.86,EUR/MWh,FR,FR,imbalance_price,Long,2026-06-07T17:42:53Z
2026-06-07T17:41:56Z,2026-06-07T19:41:56+0200,9fbaedea-27ef-4990-85cf-49287850296c,2026-05-14T15:30:00Z,2026-05-14T17:30:00+0200,55.52,EUR/MWh,FR,FR,imbalance_price,Short,2026-06-07T17:42:53Z
2026-06-07T17:41:56Z,2026-06-07T19:41:56+0200,9fbaedea-27ef-4990-85cf-49287850296c,2026-05-14T15:45:00Z,2026-05-14T17:45:00+0200,37.28,EUR/MWh,FR,FR,imbalance_price,Long,2026-06-07T17:42:53Z
2026-06-07T17:41:56Z,2026-06-07T19:41:56+0200,9fbaedea-27ef-4990-85cf-49287850296c,2026-05-14T15:45:00Z,2026-05-14T17:45:00+0200,44.18,EUR/MWh,FR,FR,imbalance_price,Short,2026-06-07T17:42:53Z
2026-06-07T17:41:56Z,2026-06-07T19:41:56+0200,9fbaedea-27ef-4990-85cf-49287850296c,2026-05-14T16:00:00Z,2026-05-14T18:00:00+0200,92.42,EUR/MWh,FR,FR,imbalance_price,Long,2026-06-07T17:42:53Z
2026-06-07T17:41:56Z,2026-06-07T19:41:56+0200,9fbaedea-27ef-4990-85cf-49287850296c,2026-05-14T16:00:00Z,2026-05-14T18:00:00+0200,109.5,EUR/MWh,FR,FR,imbalance_price,Short,2026-06-07T17:42:53Z
2026-06-07T17:41:56Z,2026-06-07T19:41:56+0200,9fbaedea-27ef-4990-85cf-49287850296c,2026-05-14T16:15:00Z,2026-05-14T18:15:00+0200,36.57,EUR/MWh,FR,FR,imbalance_price,Long,2026-06-07T17:42:53Z
2026-06-07T17:41:56Z,2026-06-07T19:41:56+0200,9fbaedea-27ef-4990-85cf-49287850296c,2026-05-14T16:15:00Z,2026-05-14T18:15:00+0200,43.33,EUR/MWh,FR,FR,imbalance_price,Short,2026-06-07T17:42:53Z
2026-06-07T17:41:56Z,2026-06-07T19:41:56+0200,9fbaedea-27ef-4990-85cf-49287850296c,2026-05-14T16:30:00Z,2026-05-14T18:30:00+0200,41.61,EUR/MWh,FR,FR,imbalance_price,Long,2026-06-07T17:42:53Z
2026-06-07T17:41:56Z,2026-06-07T19:41:56+0200,9fbaedea-27ef-4990-85cf-49287850296c,2026-05-14T16:30:00Z,2026-05-14T18:30:00+0200,49.31,EUR/MWh,FR,FR,imbalance_price,Short,2026-06-07T17:42:53Z
2026-06-07T17:41:56Z,2026-06-07T19:41:56+0200,9fbaedea-27ef-4990-85cf-49287850296c,2026-05-14T16:45:00Z,2026-05-14T18:45:00+0200,65.34,EUR/MWh,FR,FR,imbalance_price,Long,2026-06-07T17:42:53Z
2026-06-07T17:41:56Z,2026-06-07T19:41:56+0200,9fbaedea-27ef-4990-85cf-49287850296c,2026-05-14T16:45:00Z,2026-05-14T18:45:00+0200,77.42,EUR/MWh,FR,FR,imbalance_price,Short,2026-06-07T17:42:53Z
2026-06-07T17:41:56Z,2026-06-07T19:41:56+0200,9fbaedea-27ef-4990-85cf-49287850296c,2026-05-14T17:00:00Z,2026-05-14T19:00:00+0200,68.41,EUR/MWh,FR,FR,imbalance_price,Long,2026-06-07T17:42:53Z
2026-06-07T17:41:56Z,2026-06-07T19:41:56+0200,9fbaedea-27ef-4990-85cf-49287850296c,2026-05-14T17:00:00Z,2026-05-14T19:00:00+0200,81.05,EUR/MWh,FR,FR,imbalance_price,Short,2026-06-07T17:42:53Z
2026-06-07T17:41:56Z,2026-06-07T19:41:56+0200,9fbaedea-27ef-4990-85cf-49287850296c,2026-05-14T17:15:00Z,2026-05-14T19:15:00+0200,96.96,EUR/MWh,FR,FR,imbalance_price,Long,2026-06-07T17:42:53Z
2026-06-07T17:41:56Z,2026-06-07T19:41:56+0200,9fbaedea-27ef-4990-85cf-49287850296c,2026-05-14T17:15:00Z,2026-05-14T19:15:00+0200,114.88,EUR/MWh,FR,FR,imbalance_price,Short,2026-06-07T17:42:53Z
2026-06-07T17:41:56Z,2026-06-07T19:41:56+0200,9fbaedea-27ef-4990-85cf-49287850296c,2026-05-14T17:30:00Z,2026-05-14T19:30:00+0200,98.04,EUR/MWh,FR,FR,imbalance_price,Long,2026-06-07T17:42:53Z
2026-06-07T17:41:56Z,2026-06-07T19:41:56+0200,9fbaedea-27ef-4990-85cf-49287850296c,2026-05-14T17:30:00Z,2026-05-14T19:30:00+0200,116.16,EUR/MWh,FR,FR,imbalance_price,Short,2026-06-07T17:42:53Z
2026-06-07T17:41:56Z,2026-06-07T19:41:56+0200,9fbaedea-27ef-4990-85cf-49287850296c,2026-05-14T17:45:00Z,2026-05-14T19:45:00+0200,83.05,EUR/MWh,FR,FR,imbalance_price,Long,2026-06-07T17:42:53Z
2026-06-07T17:41:56Z,2026-06-07T19:41:56+0200,9fbaedea-27ef-4990-85cf-49287850296c,2026-05-14T17:45:00Z,2026-05-14T19:45:00+0200,98.39,EUR/MWh,FR,FR,imbalance_price,Short,2026-06-07T17:42:53Z
2026-06-07T17:41:56Z,2026-06-07T19:41:56+0200,9fbaedea-27ef-4990-85cf-49287850296c,2026-05-14T18:00:00Z,2026-05-14T20:00:00+0200,29.29,EUR/MWh,FR,FR,imbalance_price,Long,2026-06-07T17:42:53Z
2026-06-07T17:41:56Z,2026-06-07T19:41:56+0200,9fbaedea-27ef-4990-85cf-49287850296c,2026-05-14T18:00:00Z,2026-05-14T20:00:00+0200,34.71,EUR/MWh,FR,FR,imbalance_price,Short,2026-06-07T17:42:53Z
2026-06-07T17:41:56Z,2026-06-07T19:41:56+0200,9fbaedea-27ef-4990-85cf-49287850296c,2026-05-14T18:15:00Z,2026-05-14T20:15:00+0200,150.66,EUR/MWh,FR,FR,imbalance_price,Long,2026-06-07T17:42:53Z
2026-06-07T17:41:56Z,2026-06-07T19:41:56+0200,9fbaedea-27ef-4990-85cf-49287850296c,2026-05-14T18:15:00Z,2026-05-14T20:15:00+0200,178.5,EUR/MWh,FR,FR,imbalance_price,Short,2026-06-07T17:42:53Z
2026-06-07T17:41:56Z,2026-06-07T19:41:56+0200,9fbaedea-27ef-4990-85cf-49287850296c,2026-05-14T18:30:00Z,2026-05-14T20:30:00+0200,149.89,EUR/MWh,FR,FR,imbalance_price,Long,2026-06-07T17:42:53Z
2026-06-07T17:41:56Z,2026-06-07T19:41:56+0200,9fbaedea-27ef-4990-85cf-49287850296c,2026-05-14T18:30:00Z,2026-05-14T20:30:00+0200,177.59,EUR/MWh,FR,FR,imbalance_price,Short,2026-06-07T17:42:53Z
2026-06-07T17:41:56Z,2026-06-07T19:41:56+0200,9fbaedea-27ef-4990-85cf-49287850296c,2026-05-14T18:45:00Z,2026-05-14T20:45:00+0200,150.24,EUR/MWh,FR,FR,imbalance_price,Long,2026-06-07T17:42:53Z
2026-06-07T17:41:56Z,2026-06-07T19:41:56+0200,9fbaedea-27ef-4990-85cf-49287850296c,2026-05-14T18:45:00Z,2026-05-14T20:45:00+0200,178.0,EUR/MWh,FR,FR,imbalance_price,Short,2026-06-07T17:42:53Z
2026-06-07T17:41:56Z,2026-06-07T19:41:56+0200,9fbaedea-27ef-4990-85cf-49287850296c,2026-05-14T19:00:00Z,2026-05-14T21:00:00+0200,144.79,EUR/MWh,FR,FR,imbalance_price,Long,2026-06-07T17:42:53Z
2026-06-07T17:41:56Z,2026-06-07T19:41:56+0200,9fbaedea-27ef-4990-85cf-49287850296c,2026-05-14T19:00:00Z,2026-05-14T21:00:00+0200,171.55,EUR/MWh,FR,FR,imbalance_price,Short,2026-06-07T17:42:53Z
2026-06-07T17:41:56Z,2026-06-07T19:41:56+0200,9fbaedea-27ef-4990-85cf-49287850296c,2026-05-14T19:15:00Z,2026-05-14T21:15:00+0200,118.21,EUR/MWh,FR,FR,imbalance_price,Long,2026-06-07T17:42:53Z
2026-06-07T17:41:56Z,2026-06-07T19:41:56+0200,9fbaedea-27ef-4990-85cf-49287850296c,2026-05-14T19:15:00Z,2026-05-14T21:15:00+0200,140.07,EUR/MWh,FR,FR,imbalance_price,Short,2026-06-07T17:42:53Z
2026-06-07T17:41:56Z,2026-06-07T19:41:56+0200,9fbaedea-27ef-4990-85cf-49287850296c,2026-05-14T19:30:00Z,2026-05-14T21:30:00+0200,119.19,EUR/MWh,FR,FR,imbalance_price,Long,2026-06-07T17:42:53Z
2026-06-07T17:41:56Z,2026-06-07T19:41:56+0200,9fbaedea-27ef-4990-85cf-49287850296c,2026-05-14T19:30:00Z,2026-05-14T21:30:00+0200,141.21,EUR/MWh,FR,FR,imbalance_price,Short,2026-06-07T17:42:53Z
2026-06-07T17:41:56Z,2026-06-07T19:41:56+0200,9fbaedea-27ef-4990-85cf-49287850296c,2026-05-14T19:45:00Z,2026-05-14T21:45:00+0200,115.66,EUR/MWh,FR,FR,imbalance_price,Long,2026-06-07T17:42:53Z
2026-06-07T17:41:56Z,2026-06-07T19:41:56+0200,9fbaedea-27ef-4990-85cf-49287850296c,2026-05-14T19:45:00Z,2026-05-14T21:45:00+0200,137.04,EUR/MWh,FR,FR,imbalance_price,Short,2026-06-07T17:42:53Z
2026-06-07T17:41:56Z,2026-06-07T19:41:56+0200,9fbaedea-27ef-4990-85cf-49287850296c,2026-05-14T20:00:00Z,2026-05-14T22:00:00+0200,64.6,EUR/MWh,FR,FR,imbalance_price,Long,2026-06-07T17:42:53Z
2026-06-07T17:41:56Z,2026-06-07T19:41:56+0200,9fbaedea-27ef-4990-85cf-49287850296c,2026-05-14T20:00:00Z,2026-05-14T22:00:00+0200,76.54,EUR/MWh,FR,FR,imbalance_price,Short,2026-06-07T17:42:53Z
2026-06-07T17:41:56Z,2026-06-07T19:41:56+0200,9fbaedea-27ef-4990-85cf-49287850296c,2026-05-14T20:15:00Z,2026-05-14T22:15:00+0200,82.28,EUR/MWh,FR,FR,imbalance_price,Long,2026-06-07T17:42:53Z
2026-06-07T17:41:56Z,2026-06-07T19:41:56+0200,9fbaedea-27ef-4990-85cf-49287850296c,2026-05-14T20:15:00Z,2026-05-14T22:15:00+0200,97.48,EUR/MWh,FR,FR,imbalance_price,Short,2026-06-07T17:42:53Z
2026-06-07T17:41:56Z,2026-06-07T19:41:56+0200,9fbaedea-27ef-4990-85cf-49287850296c,2026-05-14T20:30:00Z,2026-05-14T22:30:00+0200,98.46,EUR/MWh,FR,FR,imbalance_price,Long,2026-06-07T17:42:53Z
2026-06-07T17:41:56Z,2026-06-07T19:41:56+0200,9fbaedea-27ef-4990-85cf-49287850296c,2026-05-14T20:30:00Z,2026-05-14T22:30:00+0200,116.66,EUR/MWh,FR,FR,imbalance_price,Short,2026-06-07T17:42:53Z
2026-06-07T17:41:56Z,2026-06-07T19:41:56+0200,9fbaedea-27ef-4990-85cf-49287850296c,2026-05-14T20:45:00Z,2026-05-14T22:45:00+0200,79.91,EUR/MWh,FR,FR,imbalance_price,Long,2026-06-07T17:42:53Z
2026-06-07T17:41:56Z,2026-06-07T19:41:56+0200,9fbaedea-27ef-4990-85cf-49287850296c,2026-05-14T20:45:00Z,2026-05-14T22:45:00+0200,94.69,EUR/MWh,FR,FR,imbalance_price,Short,2026-06-07T17:42:53Z
2026-06-07T17:41:56Z,2026-06-07T19:41:56+0200,9fbaedea-27ef-4990-85cf-49287850296c,2026-05-14T21:00:00Z,2026-05-14T23:00:00+0200,78.07,EUR/MWh,FR,FR,imbalance_price,Long,2026-06-07T17:42:53Z
2026-06-07T17:41:56Z,2026-06-07T19:41:56+0200,9fbaedea-27ef-4990-85cf-49287850296c,2026-05-14T21:00:00Z,2026-05-14T23:00:00+0200,92.49,EUR/MWh,FR,FR,imbalance_price,Short,2026-06-07T17:42:53Z
2026-06-07T17:41:56Z,2026-06-07T19:41:56+0200,9fbaedea-27ef-4990-85cf-49287850296c,2026-05-14T21:15:00Z,2026-05-14T23:15:00+0200,35.58,EUR/MWh,FR,FR,imbalance_price,Long,2026-06-07T17:42:53Z
2026-06-07T17:41:56Z,2026-06-07T19:41:56+0200,9fbaedea-27ef-4990-85cf-49287850296c,2026-05-14T21:15:00Z,2026-05-14T23:15:00+0200,42.16,EUR/MWh,FR,FR,imbalance_price,Short,2026-06-07T17:42:53Z
2026-06-07T17:41:56Z,2026-06-07T19:41:56+0200,9fbaedea-27ef-4990-85cf-49287850296c,2026-05-14T21:30:00Z,2026-05-14T23:30:00+0200,51.72,EUR/MWh,FR,FR,imbalance_price,Long,2026-06-07T17:42:53Z
2026-06-07T17:41:56Z,2026-06-07T19:41:56+0200,9fbaedea-27ef-4990-85cf-49287850296c,2026-05-14T21:30:00Z,2026-05-14T23:30:00+0200,61.28,EUR/MWh,FR,FR,imbalance_price,Short,2026-06-07T17:42:53Z
2026-06-07T17:41:56Z,2026-06-07T19:41:56+0200,9fbaedea-27ef-4990-85cf-49287850296c,2026-05-14T21:45:00Z,2026-05-14T23:45:00+0200,47.23,EUR/MWh,FR,FR,imbalance_price,Long,2026-06-07T17:42:53Z
2026-06-07T17:41:56Z,2026-06-07T19:41:56+0200,9fbaedea-27ef-4990-85cf-49287850296c,2026-05-14T21:45:00Z,2026-05-14T23:45:00+0200,55.95,EUR/MWh,FR,FR,imbalance_price,Short,2026-06-07T17:42:53Z
2026-06-07T17:41:56Z,2026-06-07T19:41:56+0200,9fbaedea-27ef-4990-85cf-49287850296c,2026-05-14T22:00:00Z,2026-05-15T00:00:00+0200,74.17,EUR/MWh,FR,FR,imbalance_price,Long,2026-06-07T17:42:53Z
2026-06-07T17:41:56Z,2026-06-07T19:41:56+0200,9fbaedea-27ef-4990-85cf-49287850296c,2026-05-14T22:00:00Z,2026-05-15T00:00:00+0200,87.87,EUR/MWh,FR,FR,imbalance_price,Short,2026-06-07T17:42:53Z
2026-06-07T17:41:56Z,2026-06-07T19:41:56+0200,9fbaedea-27ef-4990-85cf-49287850296c,2026-05-14T22:15:00Z,2026-05-15T00:15:00+0200,-37.0,EUR/MWh,FR,FR,imbalance_price,Long,2026-06-07T17:42:53Z
2026-06-07T17:41:56Z,2026-06-07T19:41:56+0200,9fbaedea-27ef-4990-85cf-49287850296c,2026-05-14T22:15:00Z,2026-05-15T00:15:00+0200,-31.22,EUR/MWh,FR,FR,imbalance_price,Short,2026-06-07T17:42:53Z
2026-06-07T17:41:56Z,2026-06-07T19:41:56+0200,9fbaedea-27ef-4990-85cf-49287850296c,2026-05-14T22:30:00Z,2026-05-15T00:30:00+0200,19.63,EUR/MWh,FR,FR,imbalance_price,Long,2026-06-07T17:42:53Z
2026-06-07T17:41:56Z,2026-06-07T19:41:56+0200,9fbaedea-27ef-4990-85cf-49287850296c,2026-05-14T22:30:00Z,2026-05-15T00:30:00+0200,23.25,EUR/MWh,FR,FR,imbalance_price,Short,2026-06-07T17:42:53Z
2026-06-07T17:41:56Z,2026-06-07T19:41:56+0200,9fbaedea-27ef-4990-85cf-49287850296c,2026-05-14T22:45:00Z,2026-05-15T00:45:00+0200,-13.68,EUR/MWh,FR,FR,imbalance_price,Long,2026-06-07T17:42:53Z
2026-06-07T17:41:56Z,2026-06-07T19:41:56+0200,9fbaedea-27ef-4990-85cf-49287850296c,2026-05-14T22:45:00Z,2026-05-15T00:45:00+0200,-11.54,EUR/MWh,FR,FR,imbalance_price,Short,2026-06-07T17:42:53Z
2026-06-07T17:41:56Z,2026-06-07T19:41:56+0200,9fbaedea-27ef-4990-85cf-49287850296c,2026-05-14T23:00:00Z,2026-05-15T01:00:00+0200,21.48,EUR/MWh,FR,FR,imbalance_price,Long,2026-06-07T17:42:53Z
2026-06-07T17:41:56Z,2026-06-07T19:41:56+0200,9fbaedea-27ef-4990-85cf-49287850296c,2026-05-14T23:00:00Z,2026-05-15T01:00:00+0200,25.44,EUR/MWh,FR,FR,imbalance_price,Short,2026-06-07T17:42:53Z
2026-06-07T17:41:56Z,2026-06-07T19:41:56+0200,9fbaedea-27ef-4990-85cf-49287850296c,2026-05-14T23:15:00Z,2026-05-15T01:15:00+0200,13.42,EUR/MWh,FR,FR,imbalance_price,Long,2026-06-07T17:42:53Z
2026-06-07T17:41:56Z,2026-06-07T19:41:56+0200,9fbaedea-27ef-4990-85cf-49287850296c,2026-05-14T23:15:00Z,2026-05-15T01:15:00+0200,15.9,EUR/MWh,FR,FR,imbalance_price,Short,2026-06-07T17:42:53Z
2026-06-07T17:41:56Z,2026-06-07T19:41:56+0200,9fbaedea-27ef-4990-85cf-49287850296c,2026-05-14T23:30:00Z,2026-05-15T01:30:00+0200,24.31,EUR/MWh,FR,FR,imbalance_price,Long,2026-06-07T17:42:53Z
2026-06-07T17:41:56Z,2026-06-07T19:41:56+0200,9fbaedea-27ef-4990-85cf-49287850296c,2026-05-14T23:30:00Z,2026-05-15T01:30:00+0200,28.81,EUR/MWh,FR,FR,imbalance_price,Short,2026-06-07T17:42:53Z
2026-06-07T17:41:56Z,2026-06-07T19:41:56+0200,9fbaedea-27ef-4990-85cf-49287850296c,2026-05-14T23:45:00Z,2026-05-15T01:45:00+0200,-88.74,EUR/MWh,FR,FR,imbalance_price,Long,2026-06-07T17:42:53Z
2026-06-07T17:41:56Z,2026-06-07T19:41:56+0200,9fbaedea-27ef-4990-85cf-49287850296c,2026-05-14T23:45:00Z,2026-05-15T01:45:00+0200,-74.9,EUR/MWh,FR,FR,imbalance_price,Short,2026-06-07T17:42:53Z
2026-06-07T17:41:56Z,2026-06-07T19:41:56+0200,9fbaedea-27ef-4990-85cf-49287850296c,2026-05-15T00:00:00Z,2026-05-15T02:00:00+0200,25.66,EUR/MWh,FR,FR,imbalance_price,Long,2026-06-07T17:42:53Z
2026-06-07T17:41:56Z,2026-06-07T19:41:56+0200,9fbaedea-27ef-4990-85cf-49287850296c,2026-05-15T00:00:00Z,2026-05-15T02:00:00+0200,30.4,EUR/MWh,FR,FR,imbalance_price,Short,2026-06-07T17:42:53Z
2026-06-07T17:41:56Z,2026-06-07T19:41:56+0200,9fbaedea-27ef-4990-85cf-49287850296c,2026-05-15T00:15:00Z,2026-05-15T02:15:00+0200,-3.25,EUR/MWh,FR,FR,imbalance_price,Long,2026-06-07T17:42:53Z
2026-06-07T17:41:56Z,2026-06-07T19:41:56+0200,9fbaedea-27ef-4990-85cf-49287850296c,2026-05-15T00:15:00Z,2026-05-15T02:15:00+0200,-2.75,EUR/MWh,FR,FR,imbalance_price,Short,2026-06-07T17:42:53Z
2026-06-07T17:41:56Z,2026-06-07T19:41:56+0200,9fbaedea-27ef-4990-85cf-49287850296c,2026-05-15T00:30:00Z,2026-05-15T02:30:00+0200,10.32,EUR/MWh,FR,FR,imbalance_price,Long,2026-06-07T17:42:53Z
2026-06-07T17:41:56Z,2026-06-07T19:41:56+0200,9fbaedea-27ef-4990-85cf-49287850296c,2026-05-15T00:30:00Z,2026-05-15T02:30:00+0200,12.22,EUR/MWh,FR,FR,imbalance_price,Short,2026-06-07T17:42:53Z
2026-06-07T17:41:56Z,2026-06-07T19:41:56+0200,9fbaedea-27ef-4990-85cf-49287850296c,2026-05-15T00:45:00Z,2026-05-15T02:45:00+0200,-11.69,EUR/MWh,FR,FR,imbalance_price,Long,2026-06-07T17:42:53Z
2026-06-07T17:41:56Z,2026-06-07T19:41:56+0200,9fbaedea-27ef-4990-85cf-49287850296c,2026-05-15T00:45:00Z,2026-05-15T02:45:00+0200,-9.87,EUR/MWh,FR,FR,imbalance_price,Short,2026-06-07T17:42:53Z
2026-06-07T17:41:56Z,2026-06-07T19:41:56+0200,9fbaedea-27ef-4990-85cf-49287850296c,2026-05-15T01:00:00Z,2026-05-15T03:00:00+0200,15.41,EUR/MWh,FR,FR,imbalance_price,Long,2026-06-07T17:42:53Z
2026-06-07T17:41:56Z,2026-06-07T19:41:56+0200,9fbaedea-27ef-4990-85cf-49287850296c,2026-05-15T01:00:00Z,2026-05-15T03:00:00+0200,18.25,EUR/MWh,FR,FR,imbalance_price,Short,2026-06-07T17:42:53Z
2026-06-07T17:41:56Z,2026-06-07T19:41:56+0200,9fbaedea-27ef-4990-85cf-49287850296c,2026-05-15T01:15:00Z,2026-05-15T03:15:00+0200,15.49,EUR/MWh,FR,FR,imbalance_price,Long,2026-06-07T17:42:53Z
2026-06-07T17:41:56Z,2026-06-07T19:41:56+0200,9fbaedea-27ef-4990-85cf-49287850296c,2026-05-15T01:15:00Z,2026-05-15T03:15:00+0200,18.35,EUR/MWh,FR,FR,imbalance_price,Short,2026-06-07T17:42:53Z
2026-06-07T17:41:56Z,2026-06-07T19:41:56+0200,9fbaedea-27ef-4990-85cf-49287850296c,2026-05-15T01:30:00Z,2026-05-15T03:30:00+0200,3.78,EUR/MWh,FR,FR,imbalance_price,Long,2026-06-07T17:42:53Z
2026-06-07T17:41:56Z,2026-06-07T19:41:56+0200,9fbaedea-27ef-4990-85cf-49287850296c,2026-05-15T01:30:00Z,2026-05-15T03:30:00+0200,4.48,EUR/MWh,FR,FR,imbalance_price,Short,2026-06-07T17:42:53Z
2026-06-07T17:41:56Z,2026-06-07T19:41:56+0200,9fbaedea-27ef-4990-85cf-49287850296c,2026-05-15T01:45:00Z,2026-05-15T03:45:00+0200,0.78,EUR/MWh,FR,FR,imbalance_price,Long,2026-06-07T17:42:53Z
2026-06-07T17:41:56Z,2026-06-07T19:41:56+0200,9fbaedea-27ef-4990-85cf-49287850296c,2026-05-15T01:45:00Z,2026-05-15T03:45:00+0200,0.92,EUR/MWh,FR,FR,imbalance_price,Short,2026-06-07T17:42:53Z
2026-06-07T17:41:56Z,2026-06-07T19:41:56+0200,9fbaedea-27ef-4990-85cf-49287850296c,2026-05-15T02:00:00Z,2026-05-15T04:00:00+0200,11.14,EUR/MWh,FR,FR,imbalance_price,Long,2026-06-07T17:42:53Z
2026-06-07T17:41:56Z,2026-06-07T19:41:56+0200,9fbaedea-27ef-4990-85cf-49287850296c,2026-05-15T02:00:00Z,2026-05-15T04:00:00+0200,13.2,EUR/MWh,FR,FR,imbalance_price,Short,2026-06-07T17:42:53Z
2026-06-07T17:41:56Z,2026-06-07T19:41:56+0200,9fbaedea-27ef-4990-85cf-49287850296c,2026-05-15T02:15:00Z,2026-05-15T04:15:00+0200,13.45,EUR/MWh,FR,FR,imbalance_price,Long,2026-06-07T17:42:53Z
2026-06-07T17:41:56Z,2026-06-07T19:41:56+0200,9fbaedea-27ef-4990-85cf-49287850296c,2026-05-15T02:15:00Z,2026-05-15T04:15:00+0200,15.93,EUR/MWh,FR,FR,imbalance_price,Short,2026-06-07T17:42:53Z
2026-06-07T17:41:56Z,2026-06-07T19:41:56+0200,9fbaedea-27ef-4990-85cf-49287850296c,2026-05-15T02:30:00Z,2026-05-15T04:30:00+0200,11.64,EUR/MWh,FR,FR,imbalance_price,Long,2026-06-07T17:42:53Z
2026-06-07T17:41:56Z,2026-06-07T19:41:56+0200,9fbaedea-27ef-4990-85cf-49287850296c,2026-05-15T02:30:00Z,2026-05-15T04:30:00+0200,13.8,EUR/MWh,FR,FR,imbalance_price,Short,2026-06-07T17:42:53Z
2026-06-07T17:41:56Z,2026-06-07T19:41:56+0200,9fbaedea-27ef-4990-85cf-49287850296c,2026-05-15T02:45:00Z,2026-05-15T04:45:00+0200,12.48,EUR/MWh,FR,FR,imbalance_price,Long,2026-06-07T17:42:53Z
2026-06-07T17:41:56Z,2026-06-07T19:41:56+0200,9fbaedea-27ef-4990-85cf-49287850296c,2026-05-15T02:45:00Z,2026-05-15T04:45:00+0200,14.78,EUR/MWh,FR,FR,imbalance_price,Short,2026-06-07T17:42:53Z
2026-06-07T17:41:56Z,2026-06-07T19:41:56+0200,9fbaedea-27ef-4990-85cf-49287850296c,2026-05-15T03:00:00Z,2026-05-15T05:00:00+0200,16.39,EUR/MWh,FR,FR,imbalance_price,Long,2026-06-07T17:42:53Z
2026-06-07T17:41:56Z,2026-06-07T19:41:56+0200,9fbaedea-27ef-4990-85cf-49287850296c,2026-05-15T03:00:00Z,2026-05-15T05:00:00+0200,19.43,EUR/MWh,FR,FR,imbalance_price,Short,2026-06-07T17:42:53Z
2026-06-07T17:41:56Z,2026-06-07T19:41:56+0200,9fbaedea-27ef-4990-85cf-49287850296c,2026-05-15T03:15:00Z,2026-05-15T05:15:00+0200,14.05,EUR/MWh,FR,FR,imbalance_price,Long,2026-06-07T17:42:53Z
2026-06-07T17:41:56Z,2026-06-07T19:41:56+0200,9fbaedea-27ef-4990-85cf-49287850296c,2026-05-15T03:15:00Z,2026-05-15T05:15:00+0200,16.65,EUR/MWh,FR,FR,imbalance_price,Short,2026-06-07T17:42:53Z
2026-06-07T17:41:56Z,2026-06-07T19:41:56+0200,9fbaedea-27ef-4990-85cf-49287850296c,2026-05-15T03:30:00Z,2026-05-15T05:30:00+0200,13.97,EUR/MWh,FR,FR,imbalance_price,Long,2026-06-07T17:42:53Z
2026-06-07T17:41:56Z,2026-06-07T19:41:56+0200,9fbaedea-27ef-4990-85cf-49287850296c,2026-05-15T03:30:00Z,2026-05-15T05:30:00+0200,16.55,EUR/MWh,FR,FR,imbalance_price,Short,2026-06-07T17:42:53Z
2026-06-07T17:41:56Z,2026-06-07T19:41:56+0200,9fbaedea-27ef-4990-85cf-49287850296c,2026-05-15T03:45:00Z,2026-05-15T05:45:00+0200,14.71,EUR/MWh,FR,FR,imbalance_price,Long,2026-06-07T17:42:53Z
2026-06-07T17:41:56Z,2026-06-07T19:41:56+0200,9fbaedea-27ef-4990-85cf-49287850296c,2026-05-15T03:45:00Z,2026-05-15T05:45:00+0200,17.43,EUR/MWh,FR,FR,imbalance_price,Short,2026-06-07T17:42:53Z
2026-06-07T17:41:56Z,2026-06-07T19:41:56+0200,9fbaedea-27ef-4990-85cf-49287850296c,2026-05-15T04:00:00Z,2026-05-15T06:00:00+0200,14.73,EUR/MWh,FR,FR,imbalance_price,Long,2026-06-07T17:42:53Z
2026-06-07T17:41:56Z,2026-06-07T19:41:56+0200,9fbaedea-27ef-4990-85cf-49287850296c,2026-05-15T04:00:00Z,2026-05-15T06:00:00+0200,17.45,EUR/MWh,FR,FR,imbalance_price,Short,2026-06-07T17:42:53Z
2026-06-07T17:41:56Z,2026-06-07T19:41:56+0200,9fbaedea-27ef-4990-85cf-49287850296c,2026-05-15T04:15:00Z,2026-05-15T06:15:00+0200,17.34,EUR/MWh,FR,FR,imbalance_price,Long,2026-06-07T17:42:53Z
2026-06-07T17:41:56Z,2026-06-07T19:41:56+0200,9fbaedea-27ef-4990-85cf-49287850296c,2026-05-15T04:15:00Z,2026-05-15T06:15:00+0200,20.54,EUR/MWh,FR,FR,imbalance_price,Short,2026-06-07T17:42:53Z
2026-06-07T17:41:56Z,2026-06-07T19:41:56+0200,9fbaedea-27ef-4990-85cf-49287850296c,2026-05-15T04:30:00Z,2026-05-15T06:30:00+0200,15.69,EUR/MWh,FR,FR,imbalance_price,Long,2026-06-07T17:42:53Z
2026-06-07T17:41:56Z,2026-06-07T19:41:56+0200,9fbaedea-27ef-4990-85cf-49287850296c,2026-05-15T04:30:00Z,2026-05-15T06:30:00+0200,18.59,EUR/MWh,FR,FR,imbalance_price,Short,2026-06-07T17:42:53Z
2026-06-07T17:41:56Z,2026-06-07T19:41:56+0200,9fbaedea-27ef-4990-85cf-49287850296c,2026-05-15T04:45:00Z,2026-05-15T06:45:00+0200,16.81,EUR/MWh,FR,FR,imbalance_price,Long,2026-06-07T17:42:53Z
2026-06-07T17:41:56Z,2026-06-07T19:41:56+0200,9fbaedea-27ef-4990-85cf-49287850296c,2026-05-15T04:45:00Z,2026-05-15T06:45:00+0200,19.91,EUR/MWh,FR,FR,imbalance_price,Short,2026-06-07T17:42:53Z
2026-06-07T17:41:56Z,2026-06-07T19:41:56+0200,9fbaedea-27ef-4990-85cf-49287850296c,2026-05-15T05:00:00Z,2026-05-15T07:00:00+0200,-102.19,EUR/MWh,FR,FR,imbalance_price,Long,2026-06-07T17:42:53Z
2026-06-07T17:41:56Z,2026-06-07T19:41:56+0200,9fbaedea-27ef-4990-85cf-49287850296c,2026-05-15T05:00:00Z,2026-05-15T07:00:00+0200,-86.25,EUR/MWh,FR,FR,imbalance_price,Short,2026-06-07T17:42:53Z
2026-06-07T17:41:56Z,2026-06-07T19:41:56+0200,9fbaedea-27ef-4990-85cf-49287850296c,2026-05-15T05:15:00Z,2026-05-15T07:15:00+0200,-36.96,EUR/MWh,FR,FR,imbalance_price,Long,2026-06-07T17:42:53Z
2026-06-07T17:41:56Z,2026-06-07T19:41:56+0200,9fbaedea-27ef-4990-85cf-49287850296c,2026-05-15T05:15:00Z,2026-05-15T07:15:00+0200,-31.2,EUR/MWh,FR,FR,imbalance_price,Short,2026-06-07T17:42:53Z
2026-06-07T17:41:56Z,2026-06-07T19:41:56+0200,9fbaedea-27ef-4990-85cf-49287850296c,2026-05-15T05:30:00Z,2026-05-15T07:30:00+0200,-82.55,EUR/MWh,FR,FR,imbalance_price,Long,2026-06-07T17:42:53Z
2026-06-07T17:41:56Z,2026-06-07T19:41:56+0200,9fbaedea-27ef-4990-85cf-49287850296c,2026-05-15T05:30:00Z,2026-05-15T07:30:00+0200,-69.67,EUR/MWh,FR,FR,imbalance_price,Short,2026-06-07T17:42:53Z
2026-06-07T17:41:56Z,2026-06-07T19:41:56+0200,9fbaedea-27ef-4990-85cf-49287850296c,2026-05-15T05:45:00Z,2026-05-15T07:45:00+0200,12.09,EUR/MWh,FR,FR,imbalance_price,Long,2026-06-07T17:42:53Z
2026-06-07T17:41:56Z,2026-06-07T19:41:56+0200,9fbaedea-27ef-4990-85cf-49287850296c,2026-05-15T05:45:00Z,2026-05-15T07:45:00+0200,14.33,EUR/MWh,FR,FR,imbalance_price,Short,2026-06-07T17:42:53Z
2026-06-07T17:41:56Z,2026-06-07T19:41:56+0200,9fbaedea-27ef-4990-85cf-49287850296c,2026-05-15T06:00:00Z,2026-05-15T08:00:00+0200,13.11,EUR/MWh,FR,FR,imbalance_price,Long,2026-06-07T17:42:53Z
2026-06-07T17:41:56Z,2026-06-07T19:41:56+0200,9fbaedea-27ef-4990-85cf-49287850296c,2026-05-15T06:00:00Z,2026-05-15T08:00:00+0200,15.53,EUR/MWh,FR,FR,imbalance_price,Short,2026-06-07T17:42:53Z
2026-06-07T17:41:56Z,2026-06-07T19:41:56+0200,9fbaedea-27ef-4990-85cf-49287850296c,2026-05-15T06:15:00Z,2026-05-15T08:15:00+0200,10.39,EUR/MWh,FR,FR,imbalance_price,Long,2026-06-07T17:42:53Z
2026-06-07T17:41:56Z,2026-06-07T19:41:56+0200,9fbaedea-27ef-4990-85cf-49287850296c,2026-05-15T06:15:00Z,2026-05-15T08:15:00+0200,12.31,EUR/MWh,FR,FR,imbalance_price,Short,2026-06-07T17:42:53Z
2026-06-07T17:41:56Z,2026-06-07T19:41:56+0200,9fbaedea-27ef-4990-85cf-49287850296c,2026-05-15T06:30:00Z,2026-05-15T08:30:00+0200,8.18,EUR/MWh,FR,FR,imbalance_price,Long,2026-06-07T17:42:53Z
2026-06-07T17:41:56Z,2026-06-07T19:41:56+0200,9fbaedea-27ef-4990-85cf-49287850296c,2026-05-15T06:30:00Z,2026-05-15T08:30:00+0200,9.7,EUR/MWh,FR,FR,imbalance_price,Short,2026-06-07T17:42:53Z
2026-06-07T17:41:56Z,2026-06-07T19:41:56+0200,9fbaedea-27ef-4990-85cf-49287850296c,2026-05-15T06:45:00Z,2026-05-15T08:45:00+0200,10.62,EUR/MWh,FR,FR,imbalance_price,Long,2026-06-07T17:42:53Z
2026-06-07T17:41:56Z,2026-06-07T19:41:56+0200,9fbaedea-27ef-4990-85cf-49287850296c,2026-05-15T06:45:00Z,2026-05-15T08:45:00+0200,12.58,EUR/MWh,FR,FR,imbalance_price,Short,2026-06-07T17:42:53Z
2026-06-07T17:41:56Z,2026-06-07T19:41:56+0200,9fbaedea-27ef-4990-85cf-49287850296c,2026-05-15T07:00:00Z,2026-05-15T09:00:00+0200,9.83,EUR/MWh,FR,FR,imbalance_price,Long,2026-06-07T17:42:53Z
2026-06-07T17:41:56Z,2026-06-07T19:41:56+0200,9fbaedea-27ef-4990-85cf-49287850296c,2026-05-15T07:00:00Z,2026-05-15T09:00:00+0200,11.65,EUR/MWh,FR,FR,imbalance_price,Short,2026-06-07T17:42:53Z
2026-06-07T17:41:56Z,2026-06-07T19:41:56+0200,9fbaedea-27ef-4990-85cf-49287850296c,2026-05-15T07:15:00Z,2026-05-15T09:15:00+0200,11.39,EUR/MWh,FR,FR,imbalance_price,Long,2026-06-07T17:42:53Z
2026-06-07T17:41:56Z,2026-06-07T19:41:56+0200,9fbaedea-27ef-4990-85cf-49287850296c,2026-05-15T07:15:00Z,2026-05-15T09:15:00+0200,13.49,EUR/MWh,FR,FR,imbalance_price,Short,2026-06-07T17:42:53Z
2026-06-07T17:41:56Z,2026-06-07T19:41:56+0200,9fbaedea-27ef-4990-85cf-49287850296c,2026-05-15T07:30:00Z,2026-05-15T09:30:00+0200,14.43,EUR/MWh,FR,FR,imbalance_price,Long,2026-06-07T17:42:53Z
2026-06-07T17:41:56Z,2026-06-07T19:41:56+0200,9fbaedea-27ef-4990-85cf-49287850296c,2026-05-15T07:30:00Z,2026-05-15T09:30:00+0200,17.09,EUR/MWh,FR,FR,imbalance_price,Short,2026-06-07T17:42:53Z
2026-06-07T17:41:56Z,2026-06-07T19:41:56+0200,9fbaedea-27ef-4990-85cf-49287850296c,2026-05-15T07:45:00Z,2026-05-15T09:45:00+0200,3.27,EUR/MWh,FR,FR,imbalance_price,Long,2026-06-07T17:42:53Z
2026-06-07T17:41:56Z,2026-06-07T19:41:56+0200,9fbaedea-27ef-4990-85cf-49287850296c,2026-05-15T07:45:00Z,2026-05-15T09:45:00+0200,3.87,EUR/MWh,FR,FR,imbalance_price,Short,2026-06-07T17:42:53Z
2026-06-07T17:41:56Z,2026-06-07T19:41:56+0200,9fbaedea-27ef-4990-85cf-49287850296c,2026-05-15T08:00:00Z,2026-05-15T10:00:00+0200,11.26,EUR/MWh,FR,FR,imbalance_price,Long,2026-06-07T17:42:53Z
2026-06-07T17:41:56Z,2026-06-07T19:41:56+0200,9fbaedea-27ef-4990-85cf-49287850296c,2026-05-15T08:00:00Z,2026-05-15T10:00:00+0200,13.34,EUR/MWh,FR,FR,imbalance_price,Short,2026-06-07T17:42:53Z
2026-06-07T17:41:56Z,2026-06-07T19:41:56+0200,9fbaedea-27ef-4990-85cf-49287850296c,2026-05-15T08:15:00Z,2026-05-15T10:15:00+0200,8.28,EUR/MWh,FR,FR,imbalance_price,Long,2026-06-07T17:42:53Z
2026-06-07T17:41:56Z,2026-06-07T19:41:56+0200,9fbaedea-27ef-4990-85cf-49287850296c,2026-05-15T08:15:00Z,2026-05-15T10:15:00+0200,9.8,EUR/MWh,FR,FR,imbalance_price,Short,2026-06-07T17:42:53Z
2026-06-07T17:41:56Z,2026-06-07T19:41:56+0200,9fbaedea-27ef-4990-85cf-49287850296c,2026-05-15T08:30:00Z,2026-05-15T10:30:00+0200,8.55,EUR/MWh,FR,FR,imbalance_price,Long,2026-06-07T17:42:53Z
2026-06-07T17:41:56Z,2026-06-07T19:41:56+0200,9fbaedea-27ef-4990-85cf-49287850296c,2026-05-15T08:30:00Z,2026-05-15T10:30:00+0200,10.13,EUR/MWh,FR,FR,imbalance_price,Short,2026-06-07T17:42:53Z
2026-06-07T17:41:56Z,2026-06-07T19:41:56+0200,9fbaedea-27ef-4990-85cf-49287850296c,2026-05-15T08:45:00Z,2026-05-15T10:45:00+0200,-46.0,EUR/MWh,FR,FR,imbalance_price,Long,2026-06-07T17:42:53Z
2026-06-07T17:41:56Z,2026-06-07T19:41:56+0200,9fbaedea-27ef-4990-85cf-49287850296c,2026-05-15T08:45:00Z,2026-05-15T10:45:00+0200,-38.82,EUR/MWh,FR,FR,imbalance_price,Short,2026-06-07T17:42:53Z
2026-06-07T17:41:56Z,2026-06-07T19:41:56+0200,9fbaedea-27ef-4990-85cf-49287850296c,2026-05-15T09:00:00Z,2026-05-15T11:00:00+0200,-304.98,EUR/MWh,FR,FR,imbalance_price,Long,2026-06-07T17:42:53Z
2026-06-07T17:41:56Z,2026-06-07T19:41:56+0200,9fbaedea-27ef-4990-85cf-49287850296c,2026-05-15T09:00:00Z,2026-05-15T11:00:00+0200,-257.4,EUR/MWh,FR,FR,imbalance_price,Short,2026-06-07T17:42:53Z
2026-06-07T17:41:56Z,2026-06-07T19:41:56+0200,9fbaedea-27ef-4990-85cf-49287850296c,2026-05-15T09:15:00Z,2026-05-15T11:15:00+0200,24.42,EUR/MWh,FR,FR,imbalance_price,Long,2026-06-07T17:42:53Z
2026-06-07T17:41:56Z,2026-06-07T19:41:56+0200,9fbaedea-27ef-4990-85cf-49287850296c,2026-05-15T09:15:00Z,2026-05-15T11:15:00+0200,28.94,EUR/MWh,FR,FR,imbalance_price,Short,2026-06-07T17:42:53Z
2026-06-07T17:41:56Z,2026-06-07T19:41:56+0200,9fbaedea-27ef-4990-85cf-49287850296c,2026-05-15T09:30:00Z,2026-05-15T11:30:00+0200,36.87,EUR/MWh,FR,FR,imbalance_price,Long,2026-06-07T17:42:53Z
2026-06-07T17:41:56Z,2026-06-07T19:41:56+0200,9fbaedea-27ef-4990-85cf-49287850296c,2026-05-15T09:30:00Z,2026-05-15T11:30:00+0200,43.69,EUR/MWh,FR,FR,imbalance_price,Short,2026-06-07T17:42:53Z
2026-06-07T17:41:56Z,2026-06-07T19:41:56+0200,9fbaedea-27ef-4990-85cf-49287850296c,2026-05-15T09:45:00Z,2026-05-15T11:45:00+0200,42.04,EUR/MWh,FR,FR,imbalance_price,Long,2026-06-07T17:42:53Z
2026-06-07T17:41:56Z,2026-06-07T19:41:56+0200,9fbaedea-27ef-4990-85cf-49287850296c,2026-05-15T09:45:00Z,2026-05-15T11:45:00+0200,49.8,EUR/MWh,FR,FR,imbalance_price,Short,2026-06-07T17:42:53Z
2026-06-07T17:41:56Z,2026-06-07T19:41:56+0200,9fbaedea-27ef-4990-85cf-49287850296c,2026-05-15T10:00:00Z,2026-05-15T12:00:00+0200,48.99,EUR/MWh,FR,FR,imbalance_price,Long,2026-06-07T17:42:53Z
2026-06-07T17:41:56Z,2026-06-07T19:41:56+0200,9fbaedea-27ef-4990-85cf-49287850296c,2026-05-15T10:00:00Z,2026-05-15T12:00:00+0200,58.05,EUR/MWh,FR,FR,imbalance_price,Short,2026-06-07T17:42:53Z
2026-06-07T17:41:56Z,2026-06-07T19:41:56+0200,9fbaedea-27ef-4990-85cf-49287850296c,2026-05-15T10:15:00Z,2026-05-15T12:15:00+0200,48.81,EUR/MWh,FR,FR,imbalance_price,Long,2026-06-07T17:42:53Z
2026-06-07T17:41:56Z,2026-06-07T19:41:56+0200,9fbaedea-27ef-4990-85cf-49287850296c,2026-05-15T10:15:00Z,2026-05-15T12:15:00+0200,57.83,EUR/MWh,FR,FR,imbalance_price,Short,2026-06-07T17:42:53Z
2026-06-07T17:41:56Z,2026-06-07T19:41:56+0200,9fbaedea-27ef-4990-85cf-49287850296c,2026-05-15T10:30:00Z,2026-05-15T12:30:00+0200,50.43,EUR/MWh,FR,FR,imbalance_price,Long,2026-06-07T17:42:53Z
2026-06-07T17:41:56Z,2026-06-07T19:41:56+0200,9fbaedea-27ef-4990-85cf-49287850296c,2026-05-15T10:30:00Z,2026-05-15T12:30:00+0200,59.75,EUR/MWh,FR,FR,imbalance_price,Short,2026-06-07T17:42:53Z
2026-06-07T17:41:56Z,2026-06-07T19:41:56+0200,9fbaedea-27ef-4990-85cf-49287850296c,2026-05-15T10:45:00Z,2026-05-15T12:45:00+0200,50.17,EUR/MWh,FR,FR,imbalance_price,Long,2026-06-07T17:42:53Z
2026-06-07T17:41:56Z,2026-06-07T19:41:56+0200,9fbaedea-27ef-4990-85cf-49287850296c,2026-05-15T10:45:00Z,2026-05-15T12:45:00+0200,59.45,EUR/MWh,FR,FR,imbalance_price,Short,2026-06-07T17:42:53Z
2026-06-07T17:41:56Z,2026-06-07T19:41:56+0200,9fbaedea-27ef-4990-85cf-49287850296c,2026-05-15T11:00:00Z,2026-05-15T13:00:00+0200,45.38,EUR/MWh,FR,FR,imbalance_price,Long,2026-06-07T17:42:53Z
2026-06-07T17:41:56Z,2026-06-07T19:41:56+0200,9fbaedea-27ef-4990-85cf-49287850296c,2026-05-15T11:00:00Z,2026-05-15T13:00:00+0200,53.76,EUR/MWh,FR,FR,imbalance_price,Short,2026-06-07T17:42:53Z
2026-06-07T17:41:56Z,2026-06-07T19:41:56+0200,9fbaedea-27ef-4990-85cf-49287850296c,2026-05-15T11:15:00Z,2026-05-15T13:15:00+0200,31.43,EUR/MWh,FR,FR,imbalance_price,Long,2026-06-07T17:42:53Z
2026-06-07T17:41:56Z,2026-06-07T19:41:56+0200,9fbaedea-27ef-4990-85cf-49287850296c,2026-05-15T11:15:00Z,2026-05-15T13:15:00+0200,37.25,EUR/MWh,FR,FR,imbalance_price,Short,2026-06-07T17:42:53Z
2026-06-07T17:41:56Z,2026-06-07T19:41:56+0200,9fbaedea-27ef-4990-85cf-49287850296c,2026-05-15T11:30:00Z,2026-05-15T13:30:00+0200,28.33,EUR/MWh,FR,FR,imbalance_price,Long,2026-06-07T17:42:53Z
2026-06-07T17:41:56Z,2026-06-07T19:41:56+0200,9fbaedea-27ef-4990-85cf-49287850296c,2026-05-15T11:30:00Z,2026-05-15T13:30:00+0200,33.57,EUR/MWh,FR,FR,imbalance_price,Short,2026-06-07T17:42:53Z
2026-06-07T17:41:56Z,2026-06-07T19:41:56+0200,9fbaedea-27ef-4990-85cf-49287850296c,2026-05-15T11:45:00Z,2026-05-15T13:45:00+0200,-46.02,EUR/MWh,FR,FR,imbalance_price,Long,2026-06-07T17:42:53Z
2026-06-07T17:41:56Z,2026-06-07T19:41:56+0200,9fbaedea-27ef-4990-85cf-49287850296c,2026-05-15T11:45:00Z,2026-05-15T13:45:00+0200,-38.84,EUR/MWh,FR,FR,imbalance_price,Short,2026-06-07T17:42:53Z
2026-06-07T17:41:56Z,2026-06-07T19:41:56+0200,9fbaedea-27ef-4990-85cf-49287850296c,2026-05-15T12:00:00Z,2026-05-15T14:00:00+0200,-17.8,EUR/MWh,FR,FR,imbalance_price,Long,2026-06-07T17:42:53Z
2026-06-07T17:41:56Z,2026-06-07T19:41:56+0200,9fbaedea-27ef-4990-85cf-49287850296c,2026-05-15T12:00:00Z,2026-05-15T14:00:00+0200,-15.02,EUR/MWh,FR,FR,imbalance_price,Short,2026-06-07T17:42:53Z
2026-06-07T17:41:56Z,2026-06-07T19:41:56+0200,9fbaedea-27ef-4990-85cf-49287850296c,2026-05-15T12:15:00Z,2026-05-15T14:15:00+0200,1.61,EUR/MWh,FR,FR,imbalance_price,Long,2026-06-07T17:42:53Z
2026-06-07T17:41:56Z,2026-06-07T19:41:56+0200,9fbaedea-27ef-4990-85cf-49287850296c,2026-05-15T12:15:00Z,2026-05-15T14:15:00+0200,1.91,EUR/MWh,FR,FR,imbalance_price,Short,2026-06-07T17:42:53Z
2026-06-07T17:41:56Z,2026-06-07T19:41:56+0200,9fbaedea-27ef-4990-85cf-49287850296c,2026-05-15T12:30:00Z,2026-05-15T14:30:00+0200,-260.68,EUR/MWh,FR,FR,imbalance_price,Long,2026-06-07T17:42:53Z
2026-06-07T17:41:56Z,2026-06-07T19:41:56+0200,9fbaedea-27ef-4990-85cf-49287850296c,2026-05-15T12:30:00Z,2026-05-15T14:30:00+0200,-220.02,EUR/MWh,FR,FR,imbalance_price,Short,2026-06-07T17:42:53Z
2026-06-07T17:41:56Z,2026-06-07T19:41:56+0200,9fbaedea-27ef-4990-85cf-49287850296c,2026-05-15T12:45:00Z,2026-05-15T14:45:00+0200,-139.51,EUR/MWh,FR,FR,imbalance_price,Long,2026-06-07T17:42:53Z
2026-06-07T17:41:56Z,2026-06-07T19:41:56+0200,9fbaedea-27ef-4990-85cf-49287850296c,2026-05-15T12:45:00Z,2026-05-15T14:45:00+0200,-117.75,EUR/MWh,FR,FR,imbalance_price,Short,2026-06-07T17:42:53Z
2026-06-07T17:41:56Z,2026-06-07T19:41:56+0200,9fbaedea-27ef-4990-85cf-49287850296c,2026-05-15T13:00:00Z,2026-05-15T15:00:00+0200,-160.33,EUR/MWh,FR,FR,imbalance_price,Long,2026-06-07T17:42:53Z
2026-06-07T17:41:56Z,2026-06-07T19:41:56+0200,9fbaedea-27ef-4990-85cf-49287850296c,2026-05-15T13:00:00Z,2026-05-15T15:00:00+0200,-135.31,EUR/MWh,FR,FR,imbalance_price,Short,2026-06-07T17:42:53Z
2026-06-07T17:41:56Z,2026-06-07T19:41:56+0200,9fbaedea-27ef-4990-85cf-49287850296c,2026-05-15T13:15:00Z,2026-05-15T15:15:00+0200,-267.49,EUR/MWh,FR,FR,imbalance_price,Long,2026-06-07T17:42:53Z
2026-06-07T17:41:56Z,2026-06-07T19:41:56+0200,9fbaedea-27ef-4990-85cf-49287850296c,2026-05-15T13:15:00Z,2026-05-15T15:15:00+0200,-225.77,EUR/MWh,FR,FR,imbalance_price,Short,2026-06-07T17:42:53Z
2026-06-07T17:41:56Z,2026-06-07T19:41:56+0200,9fbaedea-27ef-4990-85cf-49287850296c,2026-05-15T13:30:00Z,2026-05-15T15:30:00+0200,-412.34,EUR/MWh,FR,FR,imbalance_price,Long,2026-06-07T17:42:53Z
2026-06-07T17:41:56Z,2026-06-07T19:41:56+0200,9fbaedea-27ef-4990-85cf-49287850296c,2026-05-15T13:30:00Z,2026-05-15T15:30:00+0200,-348.02,EUR/MWh,FR,FR,imbalance_price,Short,2026-06-07T17:42:53Z
2026-06-07T17:41:56Z,2026-06-07T19:41:56+0200,9fbaedea-27ef-4990-85cf-49287850296c,2026-05-15T13:45:00Z,2026-05-15T15:45:00+0200,-354.97,EUR/MWh,FR,FR,imbalance_price,Long,2026-06-07T17:42:53Z
2026-06-07T17:41:56Z,2026-06-07T19:41:56+0200,9fbaedea-27ef-4990-85cf-49287850296c,2026-05-15T13:45:00Z,2026-05-15T15:45:00+0200,-299.59,EUR/MWh,FR,FR,imbalance_price,Short,2026-06-07T17:42:53Z
2026-06-07T17:41:56Z,2026-06-07T19:41:56+0200,9fbaedea-27ef-4990-85cf-49287850296c,2026-05-15T14:00:00Z,2026-05-15T16:00:00+0200,11.07,EUR/MWh,FR,FR,imbalance_price,Long,2026-06-07T17:42:53Z
2026-06-07T17:41:56Z,2026-06-07T19:41:56+0200,9fbaedea-27ef-4990-85cf-49287850296c,2026-05-15T14:00:00Z,2026-05-15T16:00:00+0200,13.11,EUR/MWh,FR,FR,imbalance_price,Short,2026-06-07T17:42:53Z
2026-06-07T17:41:56Z,2026-06-07T19:41:56+0200,9fbaedea-27ef-4990-85cf-49287850296c,2026-05-15T14:15:00Z,2026-05-15T16:15:00+0200,-255.39,EUR/MWh,FR,FR,imbalance_price,Long,2026-06-07T17:42:53Z
2026-06-07T17:41:56Z,2026-06-07T19:41:56+0200,9fbaedea-27ef-4990-85cf-49287850296c,2026-05-15T14:15:00Z,2026-05-15T16:15:00+0200,-215.55,EUR/MWh,FR,FR,imbalance_price,Short,2026-06-07T17:42:53Z
2026-06-07T17:41:56Z,2026-06-07T19:41:56+0200,9fbaedea-27ef-4990-85cf-49287850296c,2026-05-15T14:30:00Z,2026-05-15T16:30:00+0200,-260.91,EUR/MWh,FR,FR,imbalance_price,Long,2026-06-07T17:42:53Z
2026-06-07T17:41:56Z,2026-06-07T19:41:56+0200,9fbaedea-27ef-4990-85cf-49287850296c,2026-05-15T14:30:00Z,2026-05-15T16:30:00+0200,-220.21,EUR/MWh,FR,FR,imbalance_price,Short,2026-06-07T17:42:53Z
2026-06-07T17:41:56Z,2026-06-07T19:41:56+0200,9fbaedea-27ef-4990-85cf-49287850296c,2026-05-15T14:45:00Z,2026-05-15T16:45:00+0200,-174.84,EUR/MWh,FR,FR,imbalance_price,Long,2026-06-07T17:42:53Z
2026-06-07T17:41:56Z,2026-06-07T19:41:56+0200,9fbaedea-27ef-4990-85cf-49287850296c,2026-05-15T14:45:00Z,2026-05-15T16:45:00+0200,-147.56,EUR/MWh,FR,FR,imbalance_price,Short,2026-06-07T17:42:53Z
2026-06-07T17:41:56Z,2026-06-07T19:41:56+0200,9fbaedea-27ef-4990-85cf-49287850296c,2026-05-15T15:00:00Z,2026-05-15T17:00:00+0200,-75.01,EUR/MWh,FR,FR,imbalance_price,Long,2026-06-07T17:42:53Z
2026-06-07T17:41:56Z,2026-06-07T19:41:56+0200,9fbaedea-27ef-4990-85cf-49287850296c,2026-05-15T15:00:00Z,2026-05-15T17:00:00+0200,-63.31,EUR/MWh,FR,FR,imbalance_price,Short,2026-06-07T17:42:53Z
2026-06-07T17:41:56Z,2026-06-07T19:41:56+0200,9fbaedea-27ef-4990-85cf-49287850296c,2026-05-15T15:15:00Z,2026-05-15T17:15:00+0200,-92.9,EUR/MWh,FR,FR,imbalance_price,Long,2026-06-07T17:42:53Z
2026-06-07T17:41:56Z,2026-06-07T19:41:56+0200,9fbaedea-27ef-4990-85cf-49287850296c,2026-05-15T15:15:00Z,2026-05-15T17:15:00+0200,-78.4,EUR/MWh,FR,FR,imbalance_price,Short,2026-06-07T17:42:53Z
2026-06-07T17:41:56Z,2026-06-07T19:41:56+0200,9fbaedea-27ef-4990-85cf-49287850296c,2026-05-15T15:30:00Z,2026-05-15T17:30:00+0200,-93.03,EUR/MWh,FR,FR,imbalance_price,Long,2026-06-07T17:42:53Z
2026-06-07T17:41:56Z,2026-06-07T19:41:56+0200,9fbaedea-27ef-4990-85cf-49287850296c,2026-05-15T15:30:00Z,2026-05-15T17:30:00+0200,-78.51,EUR/MWh,FR,FR,imbalance_price,Short,2026-06-07T17:42:53Z
2026-06-07T17:41:56Z,2026-06-07T19:41:56+0200,9fbaedea-27ef-4990-85cf-49287850296c,2026-05-15T15:45:00Z,2026-05-15T17:45:00+0200,-46.11,EUR/MWh,FR,FR,imbalance_price,Long,2026-06-07T17:42:53Z
2026-06-07T17:41:56Z,2026-06-07T19:41:56+0200,9fbaedea-27ef-4990-85cf-49287850296c,2026-05-15T15:45:00Z,2026-05-15T17:45:00+0200,-38.91,EUR/MWh,FR,FR,imbalance_price,Short,2026-06-07T17:42:53Z
2026-06-07T17:41:56Z,2026-06-07T19:41:56+0200,9fbaedea-27ef-4990-85cf-49287850296c,2026-05-15T16:00:00Z,2026-05-15T18:00:00+0200,-8.26,EUR/MWh,FR,FR,imbalance_price,Long,2026-06-07T17:42:53Z
2026-06-07T17:41:56Z,2026-06-07T19:41:56+0200,9fbaedea-27ef-4990-85cf-49287850296c,2026-05-15T16:00:00Z,2026-05-15T18:00:00+0200,-6.98,EUR/MWh,FR,FR,imbalance_price,Short,2026-06-07T17:42:53Z
2026-06-07T17:41:56Z,2026-06-07T19:41:56+0200,9fbaedea-27ef-4990-85cf-49287850296c,2026-05-15T16:15:00Z,2026-05-15T18:15:00+0200,-3.68,EUR/MWh,FR,FR,imbalance_price,Long,2026-06-07T17:42:53Z
2026-06-07T17:41:56Z,2026-06-07T19:41:56+0200,9fbaedea-27ef-4990-85cf-49287850296c,2026-05-15T16:15:00Z,2026-05-15T18:15:00+0200,-3.1,EUR/MWh,FR,FR,imbalance_price,Short,2026-06-07T17:42:53Z
2026-06-07T17:41:56Z,2026-06-07T19:41:56+0200,9fbaedea-27ef-4990-85cf-49287850296c,2026-05-15T16:30:00Z,2026-05-15T18:30:00+0200,-4.69,EUR/MWh,FR,FR,imbalance_price,Long,2026-06-07T17:42:53Z
2026-06-07T17:41:56Z,2026-06-07T19:41:56+0200,9fbaedea-27ef-4990-85cf-49287850296c,2026-05-15T16:30:00Z,2026-05-15T18:30:00+0200,-3.95,EUR/MWh,FR,FR,imbalance_price,Short,2026-06-07T17:42:53Z
2026-06-07T17:41:56Z,2026-06-07T19:41:56+0200,9fbaedea-27ef-4990-85cf-49287850296c,2026-05-15T16:45:00Z,2026-05-15T18:45:00+0200,-1.4,EUR/MWh,FR,FR,imbalance_price,Long,2026-06-07T17:42:53Z
2026-06-07T17:41:56Z,2026-06-07T19:41:56+0200,9fbaedea-27ef-4990-85cf-49287850296c,2026-05-15T16:45:00Z,2026-05-15T18:45:00+0200,-1.18,EUR/MWh,FR,FR,imbalance_price,Short,2026-06-07T17:42:53Z
2026-06-07T17:41:56Z,2026-06-07T19:41:56+0200,9fbaedea-27ef-4990-85cf-49287850296c,2026-05-15T17:00:00Z,2026-05-15T19:00:00+0200,-4.53,EUR/MWh,FR,FR,imbalance_price,Long,2026-06-07T17:42:53Z
2026-06-07T17:41:56Z,2026-06-07T19:41:56+0200,9fbaedea-27ef-4990-85cf-49287850296c,2026-05-15T17:00:00Z,2026-05-15T19:00:00+0200,-3.83,EUR/MWh,FR,FR,imbalance_price,Short,2026-06-07T17:42:53Z
2026-06-07T17:41:56Z,2026-06-07T19:41:56+0200,9fbaedea-27ef-4990-85cf-49287850296c,2026-05-15T17:15:00Z,2026-05-15T19:15:00+0200,-2.22,EUR/MWh,FR,FR,imbalance_price,Long,2026-06-07T17:42:53Z
2026-06-07T17:41:56Z,2026-06-07T19:41:56+0200,9fbaedea-27ef-4990-85cf-49287850296c,2026-05-15T17:15:00Z,2026-05-15T19:15:00+0200,-1.88,EUR/MWh,FR,FR,imbalance_price,Short,2026-06-07T17:42:53Z
2026-06-07T17:41:56Z,2026-06-07T19:41:56+0200,9fbaedea-27ef-4990-85cf-49287850296c,2026-05-15T17:30:00Z,2026-05-15T19:30:00+0200,5.68,EUR/MWh,FR,FR,imbalance_price,Long,2026-06-07T17:42:53Z
2026-06-07T17:41:56Z,2026-06-07T19:41:56+0200,9fbaedea-27ef-4990-85cf-49287850296c,2026-05-15T17:30:00Z,2026-05-15T19:30:00+0200,6.74,EUR/MWh,FR,FR,imbalance_price,Short,2026-06-07T17:42:53Z
2026-06-07T17:41:56Z,2026-06-07T19:41:56+0200,9fbaedea-27ef-4990-85cf-49287850296c,2026-05-15T17:45:00Z,2026-05-15T19:45:00+0200,1.68,EUR/MWh,FR,FR,imbalance_price,Long,2026-06-07T17:42:53Z
2026-06-07T17:41:56Z,2026-06-07T19:41:56+0200,9fbaedea-27ef-4990-85cf-49287850296c,2026-05-15T17:45:00Z,2026-05-15T19:45:00+0200,2.0,EUR/MWh,FR,FR,imbalance_price,Short,2026-06-07T17:42:53Z
2026-06-07T17:41:56Z,2026-06-07T19:41:56+0200,9fbaedea-27ef-4990-85cf-49287850296c,2026-05-15T18:00:00Z,2026-05-15T20:00:00+0200,15.4,EUR/MWh,FR,FR,imbalance_price,Long,2026-06-07T17:42:53Z
2026-06-07T17:41:56Z,2026-06-07T19:41:56+0200,9fbaedea-27ef-4990-85cf-49287850296c,2026-05-15T18:00:00Z,2026-05-15T20:00:00+0200,18.24,EUR/MWh,FR,FR,imbalance_price,Short,2026-06-07T17:42:53Z
2026-06-07T17:41:56Z,2026-06-07T19:41:56+0200,9fbaedea-27ef-4990-85cf-49287850296c,2026-05-15T18:15:00Z,2026-05-15T20:15:00+0200,12.61,EUR/MWh,FR,FR,imbalance_price,Long,2026-06-07T17:42:53Z
2026-06-07T17:41:56Z,2026-06-07T19:41:56+0200,9fbaedea-27ef-4990-85cf-49287850296c,2026-05-15T18:15:00Z,2026-05-15T20:15:00+0200,14.93,EUR/MWh,FR,FR,imbalance_price,Short,2026-06-07T17:42:53Z
2026-06-07T17:41:56Z,2026-06-07T19:41:56+0200,9fbaedea-27ef-4990-85cf-49287850296c,2026-05-15T18:30:00Z,2026-05-15T20:30:00+0200,14.26,EUR/MWh,FR,FR,imbalance_price,Long,2026-06-07T17:42:53Z
2026-06-07T17:41:56Z,2026-06-07T19:41:56+0200,9fbaedea-27ef-4990-85cf-49287850296c,2026-05-15T18:30:00Z,2026-05-15T20:30:00+0200,16.9,EUR/MWh,FR,FR,imbalance_price,Short,2026-06-07T17:42:53Z
2026-06-07T17:41:56Z,2026-06-07T19:41:56+0200,9fbaedea-27ef-4990-85cf-49287850296c,2026-05-15T18:45:00Z,2026-05-15T20:45:00+0200,78.25,EUR/MWh,FR,FR,imbalance_price,Long,2026-06-07T17:42:53Z
2026-06-07T17:41:56Z,2026-06-07T19:41:56+0200,9fbaedea-27ef-4990-85cf-49287850296c,2026-05-15T18:45:00Z,2026-05-15T20:45:00+0200,92.71,EUR/MWh,FR,FR,imbalance_price,Short,2026-06-07T17:42:53Z
2026-06-07T17:41:56Z,2026-06-07T19:41:56+0200,9fbaedea-27ef-4990-85cf-49287850296c,2026-05-15T19:00:00Z,2026-05-15T21:00:00+0200,117.88,EUR/MWh,FR,FR,imbalance_price,Long,2026-06-07T17:42:53Z
2026-06-07T17:41:56Z,2026-06-07T19:41:56+0200,9fbaedea-27ef-4990-85cf-49287850296c,2026-05-15T19:00:00Z,2026-05-15T21:00:00+0200,139.66,EUR/MWh,FR,FR,imbalance_price,Short,2026-06-07T17:42:53Z
2026-06-07T17:41:56Z,2026-06-07T19:41:56+0200,9fbaedea-27ef-4990-85cf-49287850296c,2026-05-15T19:15:00Z,2026-05-15T21:15:00+0200,128.34,EUR/MWh,FR,FR,imbalance_price,Long,2026-06-07T17:42:53Z
2026-06-07T17:41:56Z,2026-06-07T19:41:56+0200,9fbaedea-27ef-4990-85cf-49287850296c,2026-05-15T19:15:00Z,2026-05-15T21:15:00+0200,152.06,EUR/MWh,FR,FR,imbalance_price,Short,2026-06-07T17:42:53Z
2026-06-07T17:41:56Z,2026-06-07T19:41:56+0200,9fbaedea-27ef-4990-85cf-49287850296c,2026-05-15T19:30:00Z,2026-05-15T21:30:00+0200,132.39,EUR/MWh,FR,FR,imbalance_price,Long,2026-06-07T17:42:53Z
2026-06-07T17:41:56Z,2026-06-07T19:41:56+0200,9fbaedea-27ef-4990-85cf-49287850296c,2026-05-15T19:30:00Z,2026-05-15T21:30:00+0200,156.87,EUR/MWh,FR,FR,imbalance_price,Short,2026-06-07T17:42:53Z
2026-06-07T17:41:56Z,2026-06-07T19:41:56+0200,9fbaedea-27ef-4990-85cf-49287850296c,2026-05-15T19:45:00Z,2026-05-15T21:45:00+0200,114.42,EUR/MWh,FR,FR,imbalance_price,Long,2026-06-07T17:42:53Z
2026-06-07T17:41:56Z,2026-06-07T19:41:56+0200,9fbaedea-27ef-4990-85cf-49287850296c,2026-05-15T19:45:00Z,2026-05-15T21:45:00+0200,135.56,EUR/MWh,FR,FR,imbalance_price,Short,2026-06-07T17:42:53Z
2026-06-07T17:41:56Z,2026-06-07T19:41:56+0200,9fbaedea-27ef-4990-85cf-49287850296c,2026-05-15T20:00:00Z,2026-05-15T22:00:00+0200,117.18,EUR/MWh,FR,FR,imbalance_price,Long,2026-06-07T17:42:53Z
2026-06-07T17:41:56Z,2026-06-07T19:41:56+0200,9fbaedea-27ef-4990-85cf-49287850296c,2026-05-15T20:00:00Z,2026-05-15T22:00:00+0200,138.84,EUR/MWh,FR,FR,imbalance_price,Short,2026-06-07T17:42:53Z
2026-06-07T17:41:56Z,2026-06-07T19:41:56+0200,9fbaedea-27ef-4990-85cf-49287850296c,2026-05-15T20:15:00Z,2026-05-15T22:15:00+0200,119.67,EUR/MWh,FR,FR,imbalance_price,Long,2026-06-07T17:42:53Z
2026-06-07T17:41:56Z,2026-06-07T19:41:56+0200,9fbaedea-27ef-4990-85cf-49287850296c,2026-05-15T20:15:00Z,2026-05-15T22:15:00+0200,141.79,EUR/MWh,FR,FR,imbalance_price,Short,2026-06-07T17:42:53Z
2026-06-07T17:41:56Z,2026-06-07T19:41:56+0200,9fbaedea-27ef-4990-85cf-49287850296c,2026-05-15T20:30:00Z,2026-05-15T22:30:00+0200,88.26,EUR/MWh,FR,FR,imbalance_price,Long,2026-06-07T17:42:53Z
2026-06-07T17:41:56Z,2026-06-07T19:41:56+0200,9fbaedea-27ef-4990-85cf-49287850296c,2026-05-15T20:30:00Z,2026-05-15T22:30:00+0200,104.58,EUR/MWh,FR,FR,imbalance_price,Short,2026-06-07T17:42:53Z
2026-06-07T17:41:56Z,2026-06-07T19:41:56+0200,9fbaedea-27ef-4990-85cf-49287850296c,2026-05-15T20:45:00Z,2026-05-15T22:45:00+0200,96.22,EUR/MWh,FR,FR,imbalance_price,Long,2026-06-07T17:42:53Z
2026-06-07T17:41:56Z,2026-06-07T19:41:56+0200,9fbaedea-27ef-4990-85cf-49287850296c,2026-05-15T20:45:00Z,2026-05-15T22:45:00+0200,114.0,EUR/MWh,FR,FR,imbalance_price,Short,2026-06-07T17:42:53Z
2026-06-07T17:41:56Z,2026-06-07T19:41:56+0200,9fbaedea-27ef-4990-85cf-49287850296c,2026-05-15T21:00:00Z,2026-05-15T23:00:00+0200,86.83,EUR/MWh,FR,FR,imbalance_price,Long,2026-06-07T17:42:53Z
2026-06-07T17:41:56Z,2026-06-07T19:41:56+0200,9fbaedea-27ef-4990-85cf-49287850296c,2026-05-15T21:00:00Z,2026-05-15T23:00:00+0200,102.87,EUR/MWh,FR,FR,imbalance_price,Short,2026-06-07T17:42:53Z
2026-06-07T17:41:56Z,2026-06-07T19:41:56+0200,9fbaedea-27ef-4990-85cf-49287850296c,2026-05-15T21:15:00Z,2026-05-15T23:15:00+0200,82.29,EUR/MWh,FR,FR,imbalance_price,Long,2026-06-07T17:42:53Z
2026-06-07T17:41:56Z,2026-06-07T19:41:56+0200,9fbaedea-27ef-4990-85cf-49287850296c,2026-05-15T21:15:00Z,2026-05-15T23:15:00+0200,97.51,EUR/MWh,FR,FR,imbalance_price,Short,2026-06-07T17:42:53Z
2026-06-07T17:41:56Z,2026-06-07T19:41:56+0200,9fbaedea-27ef-4990-85cf-49287850296c,2026-05-15T21:30:00Z,2026-05-15T23:30:00+0200,107.05,EUR/MWh,FR,FR,imbalance_price,Long,2026-06-07T17:42:53Z
2026-06-07T17:41:56Z,2026-06-07T19:41:56+0200,9fbaedea-27ef-4990-85cf-49287850296c,2026-05-15T21:30:00Z,2026-05-15T23:30:00+0200,126.83,EUR/MWh,FR,FR,imbalance_price,Short,2026-06-07T17:42:53Z
2026-06-07T17:41:56Z,2026-06-07T19:41:56+0200,9fbaedea-27ef-4990-85cf-49287850296c,2026-05-15T21:45:00Z,2026-05-15T23:45:00+0200,26.53,EUR/MWh,FR,FR,imbalance_price,Long,2026-06-07T17:42:53Z
2026-06-07T17:41:56Z,2026-06-07T19:41:56+0200,9fbaedea-27ef-4990-85cf-49287850296c,2026-05-15T21:45:00Z,2026-05-15T23:45:00+0200,31.43,EUR/MWh,FR,FR,imbalance_price,Short,2026-06-07T17:42:53Z
2026-06-07T17:41:56Z,2026-06-07T19:41:56+0200,9fbaedea-27ef-4990-85cf-49287850296c,2026-05-15T22:00:00Z,2026-05-16T00:00:00+0200,62.38,EUR/MWh,FR,FR,imbalance_price,Long,2026-06-07T17:42:53Z
2026-06-07T17:41:56Z,2026-06-07T19:41:56+0200,9fbaedea-27ef-4990-85cf-49287850296c,2026-05-15T22:00:00Z,2026-05-16T00:00:00+0200,73.9,EUR/MWh,FR,FR,imbalance_price,Short,2026-06-07T17:42:53Z
2026-06-07T17:41:56Z,2026-06-07T19:41:56+0200,9fbaedea-27ef-4990-85cf-49287850296c,2026-05-15T22:15:00Z,2026-05-16T00:15:00+0200,62.35,EUR/MWh,FR,FR,imbalance_price,Long,2026-06-07T17:42:53Z
2026-06-07T17:41:56Z,2026-06-07T19:41:56+0200,9fbaedea-27ef-4990-85cf-49287850296c,2026-05-15T22:15:00Z,2026-05-16T00:15:00+0200,73.87,EUR/MWh,FR,FR,imbalance_price,Short,2026-06-07T17:42:53Z
2026-06-07T17:41:56Z,2026-06-07T19:41:56+0200,9fbaedea-27ef-4990-85cf-49287850296c,2026-05-15T22:30:00Z,2026-05-16T00:30:00+0200,109.34,EUR/MWh,FR,FR,imbalance_price,Long,2026-06-07T17:42:53Z
2026-06-07T17:41:56Z,2026-06-07T19:41:56+0200,9fbaedea-27ef-4990-85cf-49287850296c,2026-05-15T22:30:00Z,2026-05-16T00:30:00+0200,129.54,EUR/MWh,FR,FR,imbalance_price,Short,2026-06-07T17:42:53Z
2026-06-07T17:41:56Z,2026-06-07T19:41:56+0200,9fbaedea-27ef-4990-85cf-49287850296c,2026-05-15T22:45:00Z,2026-05-16T00:45:00+0200,70.75,EUR/MWh,FR,FR,imbalance_price,Long,2026-06-07T17:42:53Z
2026-06-07T17:41:56Z,2026-06-07T19:41:56+0200,9fbaedea-27ef-4990-85cf-49287850296c,2026-05-15T22:45:00Z,2026-05-16T00:45:00+0200,83.83,EUR/MWh,FR,FR,imbalance_price,Short,2026-06-07T17:42:53Z
2026-06-07T17:41:56Z,2026-06-07T19:41:56+0200,9fbaedea-27ef-4990-85cf-49287850296c,2026-05-15T23:00:00Z,2026-05-16T01:00:00+0200,63.57,EUR/MWh,FR,FR,imbalance_price,Long,2026-06-07T17:42:53Z
2026-06-07T17:41:56Z,2026-06-07T19:41:56+0200,9fbaedea-27ef-4990-85cf-49287850296c,2026-05-15T23:00:00Z,2026-05-16T01:00:00+0200,75.33,EUR/MWh,FR,FR,imbalance_price,Short,2026-06-07T17:42:53Z
2026-06-07T17:41:56Z,2026-06-07T19:41:56+0200,9fbaedea-27ef-4990-85cf-49287850296c,2026-05-15T23:15:00Z,2026-05-16T01:15:00+0200,49.72,EUR/MWh,FR,FR,imbalance_price,Long,2026-06-07T17:42:53Z
2026-06-07T17:41:56Z,2026-06-07T19:41:56+0200,9fbaedea-27ef-4990-85cf-49287850296c,2026-05-15T23:15:00Z,2026-05-16T01:15:00+0200,58.92,EUR/MWh,FR,FR,imbalance_price,Short,2026-06-07T17:42:53Z
2026-06-07T17:41:56Z,2026-06-07T19:41:56+0200,9fbaedea-27ef-4990-85cf-49287850296c,2026-05-15T23:30:00Z,2026-05-16T01:30:00+0200,32.6,EUR/MWh,FR,FR,imbalance_price,Long,2026-06-07T17:42:53Z
2026-06-07T17:41:56Z,2026-06-07T19:41:56+0200,9fbaedea-27ef-4990-85cf-49287850296c,2026-05-15T23:30:00Z,2026-05-16T01:30:00+0200,38.62,EUR/MWh,FR,FR,imbalance_price,Short,2026-06-07T17:42:53Z
2026-06-07T17:41:56Z,2026-06-07T19:41:56+0200,9fbaedea-27ef-4990-85cf-49287850296c,2026-05-15T23:45:00Z,2026-05-16T01:45:00+0200,42.86,EUR/MWh,FR,FR,imbalance_price,Long,2026-06-07T17:42:53Z
2026-06-07T17:41:56Z,2026-06-07T19:41:56+0200,9fbaedea-27ef-4990-85cf-49287850296c,2026-05-15T23:45:00Z,2026-05-16T01:45:00+0200,50.78,EUR/MWh,FR,FR,imbalance_price,Short,2026-06-07T17:42:53Z
2026-06-07T17:41:56Z,2026-06-07T19:41:56+0200,9fbaedea-27ef-4990-85cf-49287850296c,2026-05-16T00:00:00Z,2026-05-16T02:00:00+0200,45.48,EUR/MWh,FR,FR,imbalance_price,Long,2026-06-07T17:42:53Z
2026-06-07T17:41:56Z,2026-06-07T19:41:56+0200,9fbaedea-27ef-4990-85cf-49287850296c,2026-05-16T00:00:00Z,2026-05-16T02:00:00+0200,53.88,EUR/MWh,FR,FR,imbalance_price,Short,2026-06-07T17:42:53Z
2026-06-07T17:41:56Z,2026-06-07T19:41:56+0200,9fbaedea-27ef-4990-85cf-49287850296c,2026-05-16T00:15:00Z,2026-05-16T02:15:00+0200,45.48,EUR/MWh,FR,FR,imbalance_price,Long,2026-06-07T17:42:53Z
2026-06-07T17:41:56Z,2026-06-07T19:41:56+0200,9fbaedea-27ef-4990-85cf-49287850296c,2026-05-16T00:15:00Z,2026-05-16T02:15:00+0200,53.88,EUR/MWh,FR,FR,imbalance_price,Short,2026-06-07T17:42:53Z
2026-06-07T17:41:56Z,2026-06-07T19:41:56+0200,9fbaedea-27ef-4990-85cf-49287850296c,2026-05-16T00:30:00Z,2026-05-16T02:30:00+0200,32.91,EUR/MWh,FR,FR,imbalance_price,Long,2026-06-07T17:42:53Z
2026-06-07T17:41:56Z,2026-06-07T19:41:56+0200,9fbaedea-27ef-4990-85cf-49287850296c,2026-05-16T00:30:00Z,2026-05-16T02:30:00+0200,38.99,EUR/MWh,FR,FR,imbalance_price,Short,2026-06-07T17:42:53Z
2026-06-07T17:41:56Z,2026-06-07T19:41:56+0200,9fbaedea-27ef-4990-85cf-49287850296c,2026-05-16T00:45:00Z,2026-05-16T02:45:00+0200,29.45,EUR/MWh,FR,FR,imbalance_price,Long,2026-06-07T17:42:53Z
2026-06-07T17:41:56Z,2026-06-07T19:41:56+0200,9fbaedea-27ef-4990-85cf-49287850296c,2026-05-16T00:45:00Z,2026-05-16T02:45:00+0200,34.89,EUR/MWh,FR,FR,imbalance_price,Short,2026-06-07T17:42:53Z
2026-06-07T17:41:56Z,2026-06-07T19:41:56+0200,9fbaedea-27ef-4990-85cf-49287850296c,2026-05-16T01:00:00Z,2026-05-16T03:00:00+0200,32.64,EUR/MWh,FR,FR,imbalance_price,Long,2026-06-07T17:42:53Z
2026-06-07T17:41:56Z,2026-06-07T19:41:56+0200,9fbaedea-27ef-4990-85cf-49287850296c,2026-05-16T01:00:00Z,2026-05-16T03:00:00+0200,38.68,EUR/MWh,FR,FR,imbalance_price,Short,2026-06-07T17:42:53Z
2026-06-07T17:41:56Z,2026-06-07T19:41:56+0200,9fbaedea-27ef-4990-85cf-49287850296c,2026-05-16T01:15:00Z,2026-05-16T03:15:00+0200,34.32,EUR/MWh,FR,FR,imbalance_price,Long,2026-06-07T17:42:53Z
2026-06-07T17:41:56Z,2026-06-07T19:41:56+0200,9fbaedea-27ef-4990-85cf-49287850296c,2026-05-16T01:15:00Z,2026-05-16T03:15:00+0200,40.66,EUR/MWh,FR,FR,imbalance_price,Short,2026-06-07T17:42:53Z
2026-06-07T17:41:56Z,2026-06-07T19:41:56+0200,9fbaedea-27ef-4990-85cf-49287850296c,2026-05-16T01:30:00Z,2026-05-16T03:30:00+0200,33.15,EUR/MWh,FR,FR,imbalance_price,Long,2026-06-07T17:42:53Z
2026-06-07T17:41:56Z,2026-06-07T19:41:56+0200,9fbaedea-27ef-4990-85cf-49287850296c,2026-05-16T01:30:00Z,2026-05-16T03:30:00+0200,39.27,EUR/MWh,FR,FR,imbalance_price,Short,2026-06-07T17:42:53Z
2026-06-07T17:41:56Z,2026-06-07T19:41:56+0200,9fbaedea-27ef-4990-85cf-49287850296c,2026-05-16T01:45:00Z,2026-05-16T03:45:00+0200,35.17,EUR/MWh,FR,FR,imbalance_price,Long,2026-06-07T17:42:53Z
2026-06-07T17:41:56Z,2026-06-07T19:41:56+0200,9fbaedea-27ef-4990-85cf-49287850296c,2026-05-16T01:45:00Z,2026-05-16T03:45:00+0200,41.67,EUR/MWh,FR,FR,imbalance_price,Short,2026-06-07T17:42:53Z
2026-06-07T17:41:56Z,2026-06-07T19:41:56+0200,9fbaedea-27ef-4990-85cf-49287850296c,2026-05-16T02:00:00Z,2026-05-16T04:00:00+0200,28.99,EUR/MWh,FR,FR,imbalance_price,Long,2026-06-07T17:42:53Z
2026-06-07T17:41:56Z,2026-06-07T19:41:56+0200,9fbaedea-27ef-4990-85cf-49287850296c,2026-05-16T02:00:00Z,2026-05-16T04:00:00+0200,34.35,EUR/MWh,FR,FR,imbalance_price,Short,2026-06-07T17:42:53Z
2026-06-07T17:41:56Z,2026-06-07T19:41:56+0200,9fbaedea-27ef-4990-85cf-49287850296c,2026-05-16T02:15:00Z,2026-05-16T04:15:00+0200,26.25,EUR/MWh,FR,FR,imbalance_price,Long,2026-06-07T17:42:53Z
2026-06-07T17:41:56Z,2026-06-07T19:41:56+0200,9fbaedea-27ef-4990-85cf-49287850296c,2026-05-16T02:15:00Z,2026-05-16T04:15:00+0200,31.11,EUR/MWh,FR,FR,imbalance_price,Short,2026-06-07T17:42:53Z
2026-06-07T17:41:56Z,2026-06-07T19:41:56+0200,9fbaedea-27ef-4990-85cf-49287850296c,2026-05-16T02:30:00Z,2026-05-16T04:30:00+0200,22.51,EUR/MWh,FR,FR,imbalance_price,Long,2026-06-07T17:42:53Z
2026-06-07T17:41:56Z,2026-06-07T19:41:56+0200,9fbaedea-27ef-4990-85cf-49287850296c,2026-05-16T02:30:00Z,2026-05-16T04:30:00+0200,26.67,EUR/MWh,FR,FR,imbalance_price,Short,2026-06-07T17:42:53Z
2026-06-07T17:41:56Z,2026-06-07T19:41:56+0200,9fbaedea-27ef-4990-85cf-49287850296c,2026-05-16T02:45:00Z,2026-05-16T04:45:00+0200,29.06,EUR/MWh,FR,FR,imbalance_price,Long,2026-06-07T17:42:53Z
2026-06-07T17:41:56Z,2026-06-07T19:41:56+0200,9fbaedea-27ef-4990-85cf-49287850296c,2026-05-16T02:45:00Z,2026-05-16T04:45:00+0200,34.44,EUR/MWh,FR,FR,imbalance_price,Short,2026-06-07T17:42:53Z
2026-06-07T17:41:56Z,2026-06-07T19:41:56+0200,9fbaedea-27ef-4990-85cf-49287850296c,2026-05-16T03:00:00Z,2026-05-16T05:00:00+0200,23.64,EUR/MWh,FR,FR,imbalance_price,Long,2026-06-07T17:42:53Z
2026-06-07T17:41:56Z,2026-06-07T19:41:56+0200,9fbaedea-27ef-4990-85cf-49287850296c,2026-05-16T03:00:00Z,2026-05-16T05:00:00+0200,28.02,EUR/MWh,FR,FR,imbalance_price,Short,2026-06-07T17:42:53Z
2026-06-07T17:41:56Z,2026-06-07T19:41:56+0200,9fbaedea-27ef-4990-85cf-49287850296c,2026-05-16T03:15:00Z,2026-05-16T05:15:00+0200,19.93,EUR/MWh,FR,FR,imbalance_price,Long,2026-06-07T17:42:53Z
2026-06-07T17:41:56Z,2026-06-07T19:41:56+0200,9fbaedea-27ef-4990-85cf-49287850296c,2026-05-16T03:15:00Z,2026-05-16T05:15:00+0200,23.61,EUR/MWh,FR,FR,imbalance_price,Short,2026-06-07T17:42:53Z
2026-06-07T17:41:56Z,2026-06-07T19:41:56+0200,9fbaedea-27ef-4990-85cf-49287850296c,2026-05-16T03:30:00Z,2026-05-16T05:30:00+0200,17.35,EUR/MWh,FR,FR,imbalance_price,Long,2026-06-07T17:42:53Z
2026-06-07T17:41:56Z,2026-06-07T19:41:56+0200,9fbaedea-27ef-4990-85cf-49287850296c,2026-05-16T03:30:00Z,2026-05-16T05:30:00+0200,20.55,EUR/MWh,FR,FR,imbalance_price,Short,2026-06-07T17:42:53Z
2026-06-07T17:41:56Z,2026-06-07T19:41:56+0200,9fbaedea-27ef-4990-85cf-49287850296c,2026-05-16T03:45:00Z,2026-05-16T05:45:00+0200,19.42,EUR/MWh,FR,FR,imbalance_price,Long,2026-06-07T17:42:53Z
2026-06-07T17:41:56Z,2026-06-07T19:41:56+0200,9fbaedea-27ef-4990-85cf-49287850296c,2026-05-16T03:45:00Z,2026-05-16T05:45:00+0200,23.0,EUR/MWh,FR,FR,imbalance_price,Short,2026-06-07T17:42:53Z
2026-06-07T17:41:56Z,2026-06-07T19:41:56+0200,9fbaedea-27ef-4990-85cf-49287850296c,2026-05-16T04:00:00Z,2026-05-16T06:00:00+0200,18.67,EUR/MWh,FR,FR,imbalance_price,Long,2026-06-07T17:42:53Z
2026-06-07T17:41:56Z,2026-06-07T19:41:56+0200,9fbaedea-27ef-4990-85cf-49287850296c,2026-05-16T04:00:00Z,2026-05-16T06:00:00+0200,22.11,EUR/MWh,FR,FR,imbalance_price,Short,2026-06-07T17:42:53Z
2026-06-07T17:41:56Z,2026-06-07T19:41:56+0200,9fbaedea-27ef-4990-85cf-49287850296c,2026-05-16T04:15:00Z,2026-05-16T06:15:00+0200,17.72,EUR/MWh,FR,FR,imbalance_price,Long,2026-06-07T17:42:53Z
2026-06-07T17:41:56Z,2026-06-07T19:41:56+0200,9fbaedea-27ef-4990-85cf-49287850296c,2026-05-16T04:15:00Z,2026-05-16T06:15:00+0200,21.0,EUR/MWh,FR,FR,imbalance_price,Short,2026-06-07T17:42:53Z
2026-06-07T17:41:56Z,2026-06-07T19:41:56+0200,9fbaedea-27ef-4990-85cf-49287850296c,2026-05-16T04:30:00Z,2026-05-16T06:30:00+0200,35.98,EUR/MWh,FR,FR,imbalance_price,Long,2026-06-07T17:42:53Z
2026-06-07T17:41:56Z,2026-06-07T19:41:56+0200,9fbaedea-27ef-4990-85cf-49287850296c,2026-05-16T04:30:00Z,2026-05-16T06:30:00+0200,42.62,EUR/MWh,FR,FR,imbalance_price,Short,2026-06-07T17:42:53Z
2026-06-07T17:41:56Z,2026-06-07T19:41:56+0200,9fbaedea-27ef-4990-85cf-49287850296c,2026-05-16T04:45:00Z,2026-05-16T06:45:00+0200,36.25,EUR/MWh,FR,FR,imbalance_price,Long,2026-06-07T17:42:53Z
2026-06-07T17:41:56Z,2026-06-07T19:41:56+0200,9fbaedea-27ef-4990-85cf-49287850296c,2026-05-16T04:45:00Z,2026-05-16T06:45:00+0200,42.95,EUR/MWh,FR,FR,imbalance_price,Short,2026-06-07T17:42:53Z
2026-06-07T17:41:56Z,2026-06-07T19:41:56+0200,9fbaedea-27ef-4990-85cf-49287850296c,2026-05-16T05:00:00Z,2026-05-16T07:00:00+0200,20.61,EUR/MWh,FR,FR,imbalance_price,Long,2026-06-07T17:42:53Z
2026-06-07T17:41:56Z,2026-06-07T19:41:56+0200,9fbaedea-27ef-4990-85cf-49287850296c,2026-05-16T05:00:00Z,2026-05-16T07:00:00+0200,24.41,EUR/MWh,FR,FR,imbalance_price,Short,2026-06-07T17:42:53Z
2026-06-07T17:41:56Z,2026-06-07T19:41:56+0200,9fbaedea-27ef-4990-85cf-49287850296c,2026-05-16T05:15:00Z,2026-05-16T07:15:00+0200,17.94,EUR/MWh,FR,FR,imbalance_price,Long,2026-06-07T17:42:53Z
2026-06-07T17:41:56Z,2026-06-07T19:41:56+0200,9fbaedea-27ef-4990-85cf-49287850296c,2026-05-16T05:15:00Z,2026-05-16T07:15:00+0200,21.26,EUR/MWh,FR,FR,imbalance_price,Short,2026-06-07T17:42:53Z
2026-06-07T17:41:56Z,2026-06-07T19:41:56+0200,9fbaedea-27ef-4990-85cf-49287850296c,2026-05-16T05:30:00Z,2026-05-16T07:30:00+0200,18.88,EUR/MWh,FR,FR,imbalance_price,Long,2026-06-07T17:42:53Z
2026-06-07T17:41:56Z,2026-06-07T19:41:56+0200,9fbaedea-27ef-4990-85cf-49287850296c,2026-05-16T05:30:00Z,2026-05-16T07:30:00+0200,22.36,EUR/MWh,FR,FR,imbalance_price,Short,2026-06-07T17:42:53Z
2026-06-07T17:41:56Z,2026-06-07T19:41:56+0200,9fbaedea-27ef-4990-85cf-49287850296c,2026-05-16T05:45:00Z,2026-05-16T07:45:00+0200,20.65,EUR/MWh,FR,FR,imbalance_price,Long,2026-06-07T17:42:53Z
2026-06-07T17:41:56Z,2026-06-07T19:41:56+0200,9fbaedea-27ef-4990-85cf-49287850296c,2026-05-16T05:45:00Z,2026-05-16T07:45:00+0200,24.47,EUR/MWh,FR,FR,imbalance_price,Short,2026-06-07T17:42:53Z
2026-06-07T17:41:56Z,2026-06-07T19:41:56+0200,9fbaedea-27ef-4990-85cf-49287850296c,2026-05-16T06:00:00Z,2026-05-16T08:00:00+0200,20.29,EUR/MWh,FR,FR,imbalance_price,Long,2026-06-07T17:42:53Z
2026-06-07T17:41:56Z,2026-06-07T19:41:56+0200,9fbaedea-27ef-4990-85cf-49287850296c,2026-05-16T06:00:00Z,2026-05-16T08:00:00+0200,24.05,EUR/MWh,FR,FR,imbalance_price,Short,2026-06-07T17:42:53Z
2026-06-07T17:41:56Z,2026-06-07T19:41:56+0200,9fbaedea-27ef-4990-85cf-49287850296c,2026-05-16T06:15:00Z,2026-05-16T08:15:00+0200,18.23,EUR/MWh,FR,FR,imbalance_price,Long,2026-06-07T17:42:53Z
2026-06-07T17:41:56Z,2026-06-07T19:41:56+0200,9fbaedea-27ef-4990-85cf-49287850296c,2026-05-16T06:15:00Z,2026-05-16T08:15:00+0200,21.59,EUR/MWh,FR,FR,imbalance_price,Short,2026-06-07T17:42:53Z
2026-06-07T17:41:56Z,2026-06-07T19:41:56+0200,9fbaedea-27ef-4990-85cf-49287850296c,2026-05-16T06:30:00Z,2026-05-16T08:30:00+0200,22.06,EUR/MWh,FR,FR,imbalance_price,Long,2026-06-07T17:42:53Z
2026-06-07T17:41:56Z,2026-06-07T19:41:56+0200,9fbaedea-27ef-4990-85cf-49287850296c,2026-05-16T06:30:00Z,2026-05-16T08:30:00+0200,26.14,EUR/MWh,FR,FR,imbalance_price,Short,2026-06-07T17:42:53Z
2026-06-07T17:41:56Z,2026-06-07T19:41:56+0200,9fbaedea-27ef-4990-85cf-49287850296c,2026-05-16T06:45:00Z,2026-05-16T08:45:00+0200,17.39,EUR/MWh,FR,FR,imbalance_price,Long,2026-06-07T17:42:53Z
2026-06-07T17:41:56Z,2026-06-07T19:41:56+0200,9fbaedea-27ef-4990-85cf-49287850296c,2026-05-16T06:45:00Z,2026-05-16T08:45:00+0200,20.61,EUR/MWh,FR,FR,imbalance_price,Short,2026-06-07T17:42:53Z
2026-06-07T17:41:56Z,2026-06-07T19:41:56+0200,9fbaedea-27ef-4990-85cf-49287850296c,2026-05-16T07:00:00Z,2026-05-16T09:00:00+0200,54.85,EUR/MWh,FR,FR,imbalance_price,Long,2026-06-07T17:42:53Z
2026-06-07T17:41:56Z,2026-06-07T19:41:56+0200,9fbaedea-27ef-4990-85cf-49287850296c,2026-05-16T07:00:00Z,2026-05-16T09:00:00+0200,64.99,EUR/MWh,FR,FR,imbalance_price,Short,2026-06-07T17:42:53Z
2026-06-07T17:41:56Z,2026-06-07T19:41:56+0200,9fbaedea-27ef-4990-85cf-49287850296c,2026-05-16T07:15:00Z,2026-05-16T09:15:00+0200,54.51,EUR/MWh,FR,FR,imbalance_price,Long,2026-06-07T17:42:53Z
2026-06-07T17:41:56Z,2026-06-07T19:41:56+0200,9fbaedea-27ef-4990-85cf-49287850296c,2026-05-16T07:15:00Z,2026-05-16T09:15:00+0200,64.59,EUR/MWh,FR,FR,imbalance_price,Short,2026-06-07T17:42:53Z
2026-06-07T17:41:56Z,2026-06-07T19:41:56+0200,9fbaedea-27ef-4990-85cf-49287850296c,2026-05-16T07:30:00Z,2026-05-16T09:30:00+0200,-16.08,EUR/MWh,FR,FR,imbalance_price,Long,2026-06-07T17:42:53Z
2026-06-07T17:41:56Z,2026-06-07T19:41:56+0200,9fbaedea-27ef-4990-85cf-49287850296c,2026-05-16T07:30:00Z,2026-05-16T09:30:00+0200,-13.58,EUR/MWh,FR,FR,imbalance_price,Short,2026-06-07T17:42:53Z
2026-06-07T17:41:56Z,2026-06-07T19:41:56+0200,9fbaedea-27ef-4990-85cf-49287850296c,2026-05-16T07:45:00Z,2026-05-16T09:45:00+0200,0.37,EUR/MWh,FR,FR,imbalance_price,Long,2026-06-07T17:42:53Z
2026-06-07T17:41:56Z,2026-06-07T19:41:56+0200,9fbaedea-27ef-4990-85cf-49287850296c,2026-05-16T07:45:00Z,2026-05-16T09:45:00+0200,0.43,EUR/MWh,FR,FR,imbalance_price,Short,2026-06-07T17:42:53Z
2026-06-07T17:41:56Z,2026-06-07T19:41:56+0200,9fbaedea-27ef-4990-85cf-49287850296c,2026-05-16T08:00:00Z,2026-05-16T10:00:00+0200,16.89,EUR/MWh,FR,FR,imbalance_price,Long,2026-06-07T17:42:53Z
2026-06-07T17:41:56Z,2026-06-07T19:41:56+0200,9fbaedea-27ef-4990-85cf-49287850296c,2026-05-16T08:00:00Z,2026-05-16T10:00:00+0200,20.01,EUR/MWh,FR,FR,imbalance_price,Short,2026-06-07T17:42:53Z
2026-06-07T17:41:56Z,2026-06-07T19:41:56+0200,9fbaedea-27ef-4990-85cf-49287850296c,2026-05-16T08:15:00Z,2026-05-16T10:15:00+0200,15.13,EUR/MWh,FR,FR,imbalance_price,Long,2026-06-07T17:42:53Z
2026-06-07T17:41:56Z,2026-06-07T19:41:56+0200,9fbaedea-27ef-4990-85cf-49287850296c,2026-05-16T08:15:00Z,2026-05-16T10:15:00+0200,17.93,EUR/MWh,FR,FR,imbalance_price,Short,2026-06-07T17:42:53Z
2026-06-07T17:41:56Z,2026-06-07T19:41:56+0200,9fbaedea-27ef-4990-85cf-49287850296c,2026-05-16T08:30:00Z,2026-05-16T10:30:00+0200,-20.71,EUR/MWh,FR,FR,imbalance_price,Long,2026-06-07T17:42:53Z
2026-06-07T17:41:56Z,2026-06-07T19:41:56+0200,9fbaedea-27ef-4990-85cf-49287850296c,2026-05-16T08:30:00Z,2026-05-16T10:30:00+0200,-17.47,EUR/MWh,FR,FR,imbalance_price,Short,2026-06-07T17:42:53Z
2026-06-07T17:41:56Z,2026-06-07T19:41:56+0200,9fbaedea-27ef-4990-85cf-49287850296c,2026-05-16T08:45:00Z,2026-05-16T10:45:00+0200,32.4,EUR/MWh,FR,FR,imbalance_price,Long,2026-06-07T17:42:53Z
2026-06-07T17:41:56Z,2026-06-07T19:41:56+0200,9fbaedea-27ef-4990-85cf-49287850296c,2026-05-16T08:45:00Z,2026-05-16T10:45:00+0200,38.38,EUR/MWh,FR,FR,imbalance_price,Short,2026-06-07T17:42:53Z
2026-06-07T17:41:56Z,2026-06-07T19:41:56+0200,9fbaedea-27ef-4990-85cf-49287850296c,2026-05-16T09:00:00Z,2026-05-16T11:00:00+0200,-12.18,EUR/MWh,FR,FR,imbalance_price,Long,2026-06-07T17:42:53Z
2026-06-07T17:41:56Z,2026-06-07T19:41:56+0200,9fbaedea-27ef-4990-85cf-49287850296c,2026-05-16T09:00:00Z,2026-05-16T11:00:00+0200,-10.28,EUR/MWh,FR,FR,imbalance_price,Short,2026-06-07T17:42:53Z
2026-06-07T17:41:56Z,2026-06-07T19:41:56+0200,9fbaedea-27ef-4990-85cf-49287850296c,2026-05-16T09:15:00Z,2026-05-16T11:15:00+0200,-25.26,EUR/MWh,FR,FR,imbalance_price,Long,2026-06-07T17:42:53Z
2026-06-07T17:41:56Z,2026-06-07T19:41:56+0200,9fbaedea-27ef-4990-85cf-49287850296c,2026-05-16T09:15:00Z,2026-05-16T11:15:00+0200,-21.32,EUR/MWh,FR,FR,imbalance_price,Short,2026-06-07T17:42:53Z
2026-06-07T17:41:56Z,2026-06-07T19:41:56+0200,9fbaedea-27ef-4990-85cf-49287850296c,2026-05-16T09:30:00Z,2026-05-16T11:30:00+0200,-53.0,EUR/MWh,FR,FR,imbalance_price,Long,2026-06-07T17:42:53Z
2026-06-07T17:41:56Z,2026-06-07T19:41:56+0200,9fbaedea-27ef-4990-85cf-49287850296c,2026-05-16T09:30:00Z,2026-05-16T11:30:00+0200,-44.74,EUR/MWh,FR,FR,imbalance_price,Short,2026-06-07T17:42:53Z
2026-06-07T17:41:56Z,2026-06-07T19:41:56+0200,9fbaedea-27ef-4990-85cf-49287850296c,2026-05-16T09:45:00Z,2026-05-16T11:45:00+0200,-6.55,EUR/MWh,FR,FR,imbalance_price,Long,2026-06-07T17:42:53Z
2026-06-07T17:41:56Z,2026-06-07T19:41:56+0200,9fbaedea-27ef-4990-85cf-49287850296c,2026-05-16T09:45:00Z,2026-05-16T11:45:00+0200,-5.53,EUR/MWh,FR,FR,imbalance_price,Short,2026-06-07T17:42:53Z
2026-06-07T17:41:56Z,2026-06-07T19:41:56+0200,9fbaedea-27ef-4990-85cf-49287850296c,2026-05-16T10:00:00Z,2026-05-16T12:00:00+0200,-45.02,EUR/MWh,FR,FR,imbalance_price,Long,2026-06-07T17:42:53Z
2026-06-07T17:41:56Z,2026-06-07T19:41:56+0200,9fbaedea-27ef-4990-85cf-49287850296c,2026-05-16T10:00:00Z,2026-05-16T12:00:00+0200,-38.0,EUR/MWh,FR,FR,imbalance_price,Short,2026-06-07T17:42:53Z
2026-06-07T17:41:56Z,2026-06-07T19:41:56+0200,9fbaedea-27ef-4990-85cf-49287850296c,2026-05-16T10:15:00Z,2026-05-16T12:15:00+0200,-21.1,EUR/MWh,FR,FR,imbalance_price,Long,2026-06-07T17:42:53Z
2026-06-07T17:41:56Z,2026-06-07T19:41:56+0200,9fbaedea-27ef-4990-85cf-49287850296c,2026-05-16T10:15:00Z,2026-05-16T12:15:00+0200,-17.8,EUR/MWh,FR,FR,imbalance_price,Short,2026-06-07T17:42:53Z
2026-06-07T17:41:56Z,2026-06-07T19:41:56+0200,9fbaedea-27ef-4990-85cf-49287850296c,2026-05-16T10:30:00Z,2026-05-16T12:30:00+0200,6.82,EUR/MWh,FR,FR,imbalance_price,Long,2026-06-07T17:42:53Z
2026-06-07T17:41:56Z,2026-06-07T19:41:56+0200,9fbaedea-27ef-4990-85cf-49287850296c,2026-05-16T10:30:00Z,2026-05-16T12:30:00+0200,8.08,EUR/MWh,FR,FR,imbalance_price,Short,2026-06-07T17:42:53Z
2026-06-07T17:41:56Z,2026-06-07T19:41:56+0200,9fbaedea-27ef-4990-85cf-49287850296c,2026-05-16T10:45:00Z,2026-05-16T12:45:00+0200,-8.69,EUR/MWh,FR,FR,imbalance_price,Long,2026-06-07T17:42:53Z
2026-06-07T17:41:56Z,2026-06-07T19:41:56+0200,9fbaedea-27ef-4990-85cf-49287850296c,2026-05-16T10:45:00Z,2026-05-16T12:45:00+0200,-7.33,EUR/MWh,FR,FR,imbalance_price,Short,2026-06-07T17:42:53Z
2026-06-07T17:41:56Z,2026-06-07T19:41:56+0200,9fbaedea-27ef-4990-85cf-49287850296c,2026-05-16T11:00:00Z,2026-05-16T13:00:00+0200,49.42,EUR/MWh,FR,FR,imbalance_price,Long,2026-06-07T17:42:53Z
2026-06-07T17:41:56Z,2026-06-07T19:41:56+0200,9fbaedea-27ef-4990-85cf-49287850296c,2026-05-16T11:00:00Z,2026-05-16T13:00:00+0200,58.56,EUR/MWh,FR,FR,imbalance_price,Short,2026-06-07T17:42:53Z
2026-06-07T17:41:56Z,2026-06-07T19:41:56+0200,9fbaedea-27ef-4990-85cf-49287850296c,2026-05-16T11:15:00Z,2026-05-16T13:15:00+0200,-27.22,EUR/MWh,FR,FR,imbalance_price,Long,2026-06-07T17:42:53Z
2026-06-07T17:41:56Z,2026-06-07T19:41:56+0200,9fbaedea-27ef-4990-85cf-49287850296c,2026-05-16T11:15:00Z,2026-05-16T13:15:00+0200,-22.98,EUR/MWh,FR,FR,imbalance_price,Short,2026-06-07T17:42:53Z
2026-06-07T17:41:56Z,2026-06-07T19:41:56+0200,9fbaedea-27ef-4990-85cf-49287850296c,2026-05-16T11:30:00Z,2026-05-16T13:30:00+0200,-46.37,EUR/MWh,FR,FR,imbalance_price,Long,2026-06-07T17:42:53Z
2026-06-07T17:41:56Z,2026-06-07T19:41:56+0200,9fbaedea-27ef-4990-85cf-49287850296c,2026-05-16T11:30:00Z,2026-05-16T13:30:00+0200,-39.13,EUR/MWh,FR,FR,imbalance_price,Short,2026-06-07T17:42:53Z
2026-06-07T17:41:56Z,2026-06-07T19:41:56+0200,9fbaedea-27ef-4990-85cf-49287850296c,2026-05-16T11:45:00Z,2026-05-16T13:45:00+0200,-56.08,EUR/MWh,FR,FR,imbalance_price,Long,2026-06-07T17:42:53Z
2026-06-07T17:41:56Z,2026-06-07T19:41:56+0200,9fbaedea-27ef-4990-85cf-49287850296c,2026-05-16T11:45:00Z,2026-05-16T13:45:00+0200,-47.34,EUR/MWh,FR,FR,imbalance_price,Short,2026-06-07T17:42:53Z
2026-06-07T17:41:56Z,2026-06-07T19:41:56+0200,9fbaedea-27ef-4990-85cf-49287850296c,2026-05-16T12:00:00Z,2026-05-16T14:00:00+0200,-14.13,EUR/MWh,FR,FR,imbalance_price,Long,2026-06-07T17:42:53Z
2026-06-07T17:41:56Z,2026-06-07T19:41:56+0200,9fbaedea-27ef-4990-85cf-49287850296c,2026-05-16T12:00:00Z,2026-05-16T14:00:00+0200,-11.93,EUR/MWh,FR,FR,imbalance_price,Short,2026-06-07T17:42:53Z
2026-06-07T17:41:56Z,2026-06-07T19:41:56+0200,9fbaedea-27ef-4990-85cf-49287850296c,2026-05-16T12:15:00Z,2026-05-16T14:15:00+0200,-13.38,EUR/MWh,FR,FR,imbalance_price,Long,2026-06-07T17:42:53Z
2026-06-07T17:41:56Z,2026-06-07T19:41:56+0200,9fbaedea-27ef-4990-85cf-49287850296c,2026-05-16T12:15:00Z,2026-05-16T14:15:00+0200,-11.3,EUR/MWh,FR,FR,imbalance_price,Short,2026-06-07T17:42:53Z
2026-06-07T17:41:56Z,2026-06-07T19:41:56+0200,9fbaedea-27ef-4990-85cf-49287850296c,2026-05-16T12:30:00Z,2026-05-16T14:30:00+0200,-26.85,EUR/MWh,FR,FR,imbalance_price,Long,2026-06-07T17:42:53Z
2026-06-07T17:41:56Z,2026-06-07T19:41:56+0200,9fbaedea-27ef-4990-85cf-49287850296c,2026-05-16T12:30:00Z,2026-05-16T14:30:00+0200,-22.67,EUR/MWh,FR,FR,imbalance_price,Short,2026-06-07T17:42:53Z
2026-06-07T17:41:56Z,2026-06-07T19:41:56+0200,9fbaedea-27ef-4990-85cf-49287850296c,2026-05-16T12:45:00Z,2026-05-16T14:45:00+0200,-24.75,EUR/MWh,FR,FR,imbalance_price,Long,2026-06-07T17:42:53Z
2026-06-07T17:41:56Z,2026-06-07T19:41:56+0200,9fbaedea-27ef-4990-85cf-49287850296c,2026-05-16T12:45:00Z,2026-05-16T14:45:00+0200,-20.89,EUR/MWh,FR,FR,imbalance_price,Short,2026-06-07T17:42:53Z
2026-06-07T17:41:56Z,2026-06-07T19:41:56+0200,9fbaedea-27ef-4990-85cf-49287850296c,2026-05-16T13:00:00Z,2026-05-16T15:00:00+0200,41.84,EUR/MWh,FR,FR,imbalance_price,Long,2026-06-07T17:42:53Z
2026-06-07T17:41:56Z,2026-06-07T19:41:56+0200,9fbaedea-27ef-4990-85cf-49287850296c,2026-05-16T13:00:00Z,2026-05-16T15:00:00+0200,49.58,EUR/MWh,FR,FR,imbalance_price,Short,2026-06-07T17:42:53Z
2026-06-07T17:41:56Z,2026-06-07T19:41:56+0200,9fbaedea-27ef-4990-85cf-49287850296c,2026-05-16T13:15:00Z,2026-05-16T15:15:00+0200,43.44,EUR/MWh,FR,FR,imbalance_price,Long,2026-06-07T17:42:53Z
2026-06-07T17:41:56Z,2026-06-07T19:41:56+0200,9fbaedea-27ef-4990-85cf-49287850296c,2026-05-16T13:15:00Z,2026-05-16T15:15:00+0200,51.46,EUR/MWh,FR,FR,imbalance_price,Short,2026-06-07T17:42:53Z
2026-06-07T17:41:56Z,2026-06-07T19:41:56+0200,9fbaedea-27ef-4990-85cf-49287850296c,2026-05-16T13:30:00Z,2026-05-16T15:30:00+0200,53.53,EUR/MWh,FR,FR,imbalance_price,Long,2026-06-07T17:42:53Z
2026-06-07T17:41:56Z,2026-06-07T19:41:56+0200,9fbaedea-27ef-4990-85cf-49287850296c,2026-05-16T13:30:00Z,2026-05-16T15:30:00+0200,63.43,EUR/MWh,FR,FR,imbalance_price,Short,2026-06-07T17:42:53Z
2026-06-07T17:41:56Z,2026-06-07T19:41:56+0200,9fbaedea-27ef-4990-85cf-49287850296c,2026-05-16T13:45:00Z,2026-05-16T15:45:00+0200,44.63,EUR/MWh,FR,FR,imbalance_price,Long,2026-06-07T17:42:53Z
2026-06-07T17:41:56Z,2026-06-07T19:41:56+0200,9fbaedea-27ef-4990-85cf-49287850296c,2026-05-16T13:45:00Z,2026-05-16T15:45:00+0200,52.89,EUR/MWh,FR,FR,imbalance_price,Short,2026-06-07T17:42:53Z
2026-06-07T17:41:56Z,2026-06-07T19:41:56+0200,9fbaedea-27ef-4990-85cf-49287850296c,2026-05-16T14:00:00Z,2026-05-16T16:00:00+0200,46.59,EUR/MWh,FR,FR,imbalance_price,Long,2026-06-07T17:42:53Z
2026-06-07T17:41:56Z,2026-06-07T19:41:56+0200,9fbaedea-27ef-4990-85cf-49287850296c,2026-05-16T14:00:00Z,2026-05-16T16:00:00+0200,55.21,EUR/MWh,FR,FR,imbalance_price,Short,2026-06-07T17:42:53Z
2026-06-07T17:41:56Z,2026-06-07T19:41:56+0200,9fbaedea-27ef-4990-85cf-49287850296c,2026-05-16T14:15:00Z,2026-05-16T16:15:00+0200,58.32,EUR/MWh,FR,FR,imbalance_price,Long,2026-06-07T17:42:53Z
2026-06-07T17:41:56Z,2026-06-07T19:41:56+0200,9fbaedea-27ef-4990-85cf-49287850296c,2026-05-16T14:15:00Z,2026-05-16T16:15:00+0200,69.1,EUR/MWh,FR,FR,imbalance_price,Short,2026-06-07T17:42:53Z
2026-06-07T17:41:56Z,2026-06-07T19:41:56+0200,9fbaedea-27ef-4990-85cf-49287850296c,2026-05-16T14:30:00Z,2026-05-16T16:30:00+0200,-5.18,EUR/MWh,FR,FR,imbalance_price,Long,2026-06-07T17:42:53Z
2026-06-07T17:41:56Z,2026-06-07T19:41:56+0200,9fbaedea-27ef-4990-85cf-49287850296c,2026-05-16T14:30:00Z,2026-05-16T16:30:00+0200,-4.38,EUR/MWh,FR,FR,imbalance_price,Short,2026-06-07T17:42:53Z
2026-06-07T17:41:56Z,2026-06-07T19:41:56+0200,9fbaedea-27ef-4990-85cf-49287850296c,2026-05-16T14:45:00Z,2026-05-16T16:45:00+0200,36.41,EUR/MWh,FR,FR,imbalance_price,Long,2026-06-07T17:42:53Z
2026-06-07T17:41:56Z,2026-06-07T19:41:56+0200,9fbaedea-27ef-4990-85cf-49287850296c,2026-05-16T14:45:00Z,2026-05-16T16:45:00+0200,43.13,EUR/MWh,FR,FR,imbalance_price,Short,2026-06-07T17:42:53Z
2026-06-07T17:41:56Z,2026-06-07T19:41:56+0200,9fbaedea-27ef-4990-85cf-49287850296c,2026-05-16T15:00:00Z,2026-05-16T17:00:00+0200,34.55,EUR/MWh,FR,FR,imbalance_price,Long,2026-06-07T17:42:53Z
2026-06-07T17:41:56Z,2026-06-07T19:41:56+0200,9fbaedea-27ef-4990-85cf-49287850296c,2026-05-16T15:00:00Z,2026-05-16T17:00:00+0200,40.93,EUR/MWh,FR,FR,imbalance_price,Short,2026-06-07T17:42:53Z
2026-06-07T17:41:56Z,2026-06-07T19:41:56+0200,9fbaedea-27ef-4990-85cf-49287850296c,2026-05-16T15:15:00Z,2026-05-16T17:15:00+0200,40.3,EUR/MWh,FR,FR,imbalance_price,Long,2026-06-07T17:42:53Z
2026-06-07T17:41:56Z,2026-06-07T19:41:56+0200,9fbaedea-27ef-4990-85cf-49287850296c,2026-05-16T15:15:00Z,2026-05-16T17:15:00+0200,47.74,EUR/MWh,FR,FR,imbalance_price,Short,2026-06-07T17:42:53Z
2026-06-07T17:41:56Z,2026-06-07T19:41:56+0200,9fbaedea-27ef-4990-85cf-49287850296c,2026-05-16T15:30:00Z,2026-05-16T17:30:00+0200,-154.07,EUR/MWh,FR,FR,imbalance_price,Long,2026-06-07T17:42:53Z
2026-06-07T17:41:56Z,2026-06-07T19:41:56+0200,9fbaedea-27ef-4990-85cf-49287850296c,2026-05-16T15:30:00Z,2026-05-16T17:30:00+0200,-130.03,EUR/MWh,FR,FR,imbalance_price,Short,2026-06-07T17:42:53Z
2026-06-07T17:41:56Z,2026-06-07T19:41:56+0200,9fbaedea-27ef-4990-85cf-49287850296c,2026-05-16T15:45:00Z,2026-05-16T17:45:00+0200,-28.34,EUR/MWh,FR,FR,imbalance_price,Long,2026-06-07T17:42:53Z
2026-06-07T17:41:56Z,2026-06-07T19:41:56+0200,9fbaedea-27ef-4990-85cf-49287850296c,2026-05-16T15:45:00Z,2026-05-16T17:45:00+0200,-23.92,EUR/MWh,FR,FR,imbalance_price,Short,2026-06-07T17:42:53Z
2026-06-07T17:41:56Z,2026-06-07T19:41:56+0200,9fbaedea-27ef-4990-85cf-49287850296c,2026-05-16T16:00:00Z,2026-05-16T18:00:00+0200,24.8,EUR/MWh,FR,FR,imbalance_price,Long,2026-06-07T17:42:53Z
2026-06-07T17:41:56Z,2026-06-07T19:41:56+0200,9fbaedea-27ef-4990-85cf-49287850296c,2026-05-16T16:00:00Z,2026-05-16T18:00:00+0200,29.38,EUR/MWh,FR,FR,imbalance_price,Short,2026-06-07T17:42:53Z
2026-06-07T17:41:56Z,2026-06-07T19:41:56+0200,9fbaedea-27ef-4990-85cf-49287850296c,2026-05-16T16:15:00Z,2026-05-16T18:15:00+0200,14.27,EUR/MWh,FR,FR,imbalance_price,Long,2026-06-07T17:42:53Z
2026-06-07T17:41:56Z,2026-06-07T19:41:56+0200,9fbaedea-27ef-4990-85cf-49287850296c,2026-05-16T16:15:00Z,2026-05-16T18:15:00+0200,16.91,EUR/MWh,FR,FR,imbalance_price,Short,2026-06-07T17:42:53Z
2026-06-07T17:41:56Z,2026-06-07T19:41:56+0200,9fbaedea-27ef-4990-85cf-49287850296c,2026-05-16T16:30:00Z,2026-05-16T18:30:00+0200,31.81,EUR/MWh,FR,FR,imbalance_price,Long,2026-06-07T17:42:53Z
2026-06-07T17:41:56Z,2026-06-07T19:41:56+0200,9fbaedea-27ef-4990-85cf-49287850296c,2026-05-16T16:30:00Z,2026-05-16T18:30:00+0200,37.69,EUR/MWh,FR,FR,imbalance_price,Short,2026-06-07T17:42:53Z
2026-06-07T17:41:56Z,2026-06-07T19:41:56+0200,9fbaedea-27ef-4990-85cf-49287850296c,2026-05-16T16:45:00Z,2026-05-16T18:45:00+0200,57.7,EUR/MWh,FR,FR,imbalance_price,Long,2026-06-07T17:42:53Z
2026-06-07T17:41:56Z,2026-06-07T19:41:56+0200,9fbaedea-27ef-4990-85cf-49287850296c,2026-05-16T16:45:00Z,2026-05-16T18:45:00+0200,68.36,EUR/MWh,FR,FR,imbalance_price,Short,2026-06-07T17:42:53Z
2026-06-07T17:41:56Z,2026-06-07T19:41:56+0200,9fbaedea-27ef-4990-85cf-49287850296c,2026-05-16T17:00:00Z,2026-05-16T19:00:00+0200,115.65,EUR/MWh,FR,FR,imbalance_price,Long,2026-06-07T17:42:53Z
2026-06-07T17:41:56Z,2026-06-07T19:41:56+0200,9fbaedea-27ef-4990-85cf-49287850296c,2026-05-16T17:00:00Z,2026-05-16T19:00:00+0200,137.03,EUR/MWh,FR,FR,imbalance_price,Short,2026-06-07T17:42:53Z
2026-06-07T17:41:56Z,2026-06-07T19:41:56+0200,9fbaedea-27ef-4990-85cf-49287850296c,2026-05-16T17:15:00Z,2026-05-16T19:15:00+0200,68.36,EUR/MWh,FR,FR,imbalance_price,Long,2026-06-07T17:42:53Z
2026-06-07T17:41:56Z,2026-06-07T19:41:56+0200,9fbaedea-27ef-4990-85cf-49287850296c,2026-05-16T17:15:00Z,2026-05-16T19:15:00+0200,81.0,EUR/MWh,FR,FR,imbalance_price,Short,2026-06-07T17:42:53Z
2026-06-07T17:41:56Z,2026-06-07T19:41:56+0200,9fbaedea-27ef-4990-85cf-49287850296c,2026-05-16T17:30:00Z,2026-05-16T19:30:00+0200,36.82,EUR/MWh,FR,FR,imbalance_price,Long,2026-06-07T17:42:53Z
2026-06-07T17:41:56Z,2026-06-07T19:41:56+0200,9fbaedea-27ef-4990-85cf-49287850296c,2026-05-16T17:30:00Z,2026-05-16T19:30:00+0200,43.62,EUR/MWh,FR,FR,imbalance_price,Short,2026-06-07T17:42:53Z
2026-06-07T17:41:56Z,2026-06-07T19:41:56+0200,9fbaedea-27ef-4990-85cf-49287850296c,2026-05-16T17:45:00Z,2026-05-16T19:45:00+0200,50.33,EUR/MWh,FR,FR,imbalance_price,Long,2026-06-07T17:42:53Z
2026-06-07T17:41:56Z,2026-06-07T19:41:56+0200,9fbaedea-27ef-4990-85cf-49287850296c,2026-05-16T17:45:00Z,2026-05-16T19:45:00+0200,59.63,EUR/MWh,FR,FR,imbalance_price,Short,2026-06-07T17:42:53Z
2026-06-07T17:41:56Z,2026-06-07T19:41:56+0200,9fbaedea-27ef-4990-85cf-49287850296c,2026-05-16T18:00:00Z,2026-05-16T20:00:00+0200,59.27,EUR/MWh,FR,FR,imbalance_price,Long,2026-06-07T17:42:53Z
2026-06-07T17:41:56Z,2026-06-07T19:41:56+0200,9fbaedea-27ef-4990-85cf-49287850296c,2026-05-16T18:00:00Z,2026-05-16T20:00:00+0200,70.23,EUR/MWh,FR,FR,imbalance_price,Short,2026-06-07T17:42:53Z
2026-06-07T17:41:56Z,2026-06-07T19:41:56+0200,9fbaedea-27ef-4990-85cf-49287850296c,2026-05-16T18:15:00Z,2026-05-16T20:15:00+0200,51.58,EUR/MWh,FR,FR,imbalance_price,Long,2026-06-07T17:42:53Z
2026-06-07T17:41:56Z,2026-06-07T19:41:56+0200,9fbaedea-27ef-4990-85cf-49287850296c,2026-05-16T18:15:00Z,2026-05-16T20:15:00+0200,61.12,EUR/MWh,FR,FR,imbalance_price,Short,2026-06-07T17:42:53Z
2026-06-07T17:41:56Z,2026-06-07T19:41:56+0200,9fbaedea-27ef-4990-85cf-49287850296c,2026-05-16T18:30:00Z,2026-05-16T20:30:00+0200,91.47,EUR/MWh,FR,FR,imbalance_price,Long,2026-06-07T17:42:53Z
2026-06-07T17:41:56Z,2026-06-07T19:41:56+0200,9fbaedea-27ef-4990-85cf-49287850296c,2026-05-16T18:30:00Z,2026-05-16T20:30:00+0200,108.37,EUR/MWh,FR,FR,imbalance_price,Short,2026-06-07T17:42:53Z
2026-06-07T17:41:56Z,2026-06-07T19:41:56+0200,9fbaedea-27ef-4990-85cf-49287850296c,2026-05-16T18:45:00Z,2026-05-16T20:45:00+0200,70.06,EUR/MWh,FR,FR,imbalance_price,Long,2026-06-07T17:42:53Z
2026-06-07T17:41:56Z,2026-06-07T19:41:56+0200,9fbaedea-27ef-4990-85cf-49287850296c,2026-05-16T18:45:00Z,2026-05-16T20:45:00+0200,83.02,EUR/MWh,FR,FR,imbalance_price,Short,2026-06-07T17:42:53Z
2026-06-07T17:41:56Z,2026-06-07T19:41:56+0200,9fbaedea-27ef-4990-85cf-49287850296c,2026-05-16T19:00:00Z,2026-05-16T21:00:00+0200,106.63,EUR/MWh,FR,FR,imbalance_price,Long,2026-06-07T17:42:53Z
2026-06-07T17:41:56Z,2026-06-07T19:41:56+0200,9fbaedea-27ef-4990-85cf-49287850296c,2026-05-16T19:00:00Z,2026-05-16T21:00:00+0200,126.33,EUR/MWh,FR,FR,imbalance_price,Short,2026-06-07T17:42:53Z
2026-06-07T17:41:56Z,2026-06-07T19:41:56+0200,9fbaedea-27ef-4990-85cf-49287850296c,2026-05-16T19:15:00Z,2026-05-16T21:15:00+0200,133.26,EUR/MWh,FR,FR,imbalance_price,Long,2026-06-07T17:42:53Z
2026-06-07T17:41:56Z,2026-06-07T19:41:56+0200,9fbaedea-27ef-4990-85cf-49287850296c,2026-05-16T19:15:00Z,2026-05-16T21:15:00+0200,157.9,EUR/MWh,FR,FR,imbalance_price,Short,2026-06-07T17:42:53Z
2026-06-07T17:41:56Z,2026-06-07T19:41:56+0200,9fbaedea-27ef-4990-85cf-49287850296c,2026-05-16T19:30:00Z,2026-05-16T21:30:00+0200,133.7,EUR/MWh,FR,FR,imbalance_price,Long,2026-06-07T17:42:53Z
2026-06-07T17:41:56Z,2026-06-07T19:41:56+0200,9fbaedea-27ef-4990-85cf-49287850296c,2026-05-16T19:30:00Z,2026-05-16T21:30:00+0200,158.42,EUR/MWh,FR,FR,imbalance_price,Short,2026-06-07T17:42:53Z
2026-06-07T17:41:56Z,2026-06-07T19:41:56+0200,9fbaedea-27ef-4990-85cf-49287850296c,2026-05-16T19:45:00Z,2026-05-16T21:45:00+0200,106.17,EUR/MWh,FR,FR,imbalance_price,Long,2026-06-07T17:42:53Z
2026-06-07T17:41:56Z,2026-06-07T19:41:56+0200,9fbaedea-27ef-4990-85cf-49287850296c,2026-05-16T19:45:00Z,2026-05-16T21:45:00+0200,125.79,EUR/MWh,FR,FR,imbalance_price,Short,2026-06-07T17:42:53Z
2026-06-07T17:41:56Z,2026-06-07T19:41:56+0200,9fbaedea-27ef-4990-85cf-49287850296c,2026-05-16T20:00:00Z,2026-05-16T22:00:00+0200,82.89,EUR/MWh,FR,FR,imbalance_price,Long,2026-06-07T17:42:53Z
2026-06-07T17:41:56Z,2026-06-07T19:41:56+0200,9fbaedea-27ef-4990-85cf-49287850296c,2026-05-16T20:00:00Z,2026-05-16T22:00:00+0200,98.21,EUR/MWh,FR,FR,imbalance_price,Short,2026-06-07T17:42:53Z
2026-06-07T17:41:56Z,2026-06-07T19:41:56+0200,9fbaedea-27ef-4990-85cf-49287850296c,2026-05-16T20:15:00Z,2026-05-16T22:15:00+0200,63.97,EUR/MWh,FR,FR,imbalance_price,Long,2026-06-07T17:42:53Z
2026-06-07T17:41:56Z,2026-06-07T19:41:56+0200,9fbaedea-27ef-4990-85cf-49287850296c,2026-05-16T20:15:00Z,2026-05-16T22:15:00+0200,75.79,EUR/MWh,FR,FR,imbalance_price,Short,2026-06-07T17:42:53Z
2026-06-07T17:41:56Z,2026-06-07T19:41:56+0200,9fbaedea-27ef-4990-85cf-49287850296c,2026-05-16T20:30:00Z,2026-05-16T22:30:00+0200,76.89,EUR/MWh,FR,FR,imbalance_price,Long,2026-06-07T17:42:53Z
2026-06-07T17:41:56Z,2026-06-07T19:41:56+0200,9fbaedea-27ef-4990-85cf-49287850296c,2026-05-16T20:30:00Z,2026-05-16T22:30:00+0200,91.11,EUR/MWh,FR,FR,imbalance_price,Short,2026-06-07T17:42:53Z
2026-06-07T17:41:56Z,2026-06-07T19:41:56+0200,9fbaedea-27ef-4990-85cf-49287850296c,2026-05-16T20:45:00Z,2026-05-16T22:45:00+0200,87.02,EUR/MWh,FR,FR,imbalance_price,Long,2026-06-07T17:42:53Z
2026-06-07T17:41:56Z,2026-06-07T19:41:56+0200,9fbaedea-27ef-4990-85cf-49287850296c,2026-05-16T20:45:00Z,2026-05-16T22:45:00+0200,103.1,EUR/MWh,FR,FR,imbalance_price,Short,2026-06-07T17:42:53Z
2026-06-07T17:41:56Z,2026-06-07T19:41:56+0200,9fbaedea-27ef-4990-85cf-49287850296c,2026-05-16T21:00:00Z,2026-05-16T23:00:00+0200,79.83,EUR/MWh,FR,FR,imbalance_price,Long,2026-06-07T17:42:53Z
2026-06-07T17:41:56Z,2026-06-07T19:41:56+0200,9fbaedea-27ef-4990-85cf-49287850296c,2026-05-16T21:00:00Z,2026-05-16T23:00:00+0200,94.59,EUR/MWh,FR,FR,imbalance_price,Short,2026-06-07T17:42:53Z
2026-06-07T17:41:56Z,2026-06-07T19:41:56+0200,9fbaedea-27ef-4990-85cf-49287850296c,2026-05-16T21:15:00Z,2026-05-16T23:15:00+0200,65.79,EUR/MWh,FR,FR,imbalance_price,Long,2026-06-07T17:42:53Z
2026-06-07T17:41:56Z,2026-06-07T19:41:56+0200,9fbaedea-27ef-4990-85cf-49287850296c,2026-05-16T21:15:00Z,2026-05-16T23:15:00+0200,77.95,EUR/MWh,FR,FR,imbalance_price,Short,2026-06-07T17:42:53Z
2026-06-07T17:41:56Z,2026-06-07T19:41:56+0200,9fbaedea-27ef-4990-85cf-49287850296c,2026-05-16T21:30:00Z,2026-05-16T23:30:00+0200,85.57,EUR/MWh,FR,FR,imbalance_price,Long,2026-06-07T17:42:53Z
2026-06-07T17:41:56Z,2026-06-07T19:41:56+0200,9fbaedea-27ef-4990-85cf-49287850296c,2026-05-16T21:30:00Z,2026-05-16T23:30:00+0200,101.39,EUR/MWh,FR,FR,imbalance_price,Short,2026-06-07T17:42:53Z
2026-06-07T17:41:56Z,2026-06-07T19:41:56+0200,9fbaedea-27ef-4990-85cf-49287850296c,2026-05-16T21:45:00Z,2026-05-16T23:45:00+0200,44.85,EUR/MWh,FR,FR,imbalance_price,Long,2026-06-07T17:42:53Z
2026-06-07T17:41:56Z,2026-06-07T19:41:56+0200,9fbaedea-27ef-4990-85cf-49287850296c,2026-05-16T21:45:00Z,2026-05-16T23:45:00+0200,53.13,EUR/MWh,FR,FR,imbalance_price,Short,2026-06-07T17:42:53Z
2026-06-07T17:41:56Z,2026-06-07T19:41:56+0200,9fbaedea-27ef-4990-85cf-49287850296c,2026-05-16T22:00:00Z,2026-05-17T00:00:00+0200,52.74,EUR/MWh,FR,FR,imbalance_price,Long,2026-06-07T17:42:53Z
2026-06-07T17:41:56Z,2026-06-07T19:41:56+0200,9fbaedea-27ef-4990-85cf-49287850296c,2026-05-16T22:00:00Z,2026-05-17T00:00:00+0200,62.48,EUR/MWh,FR,FR,imbalance_price,Short,2026-06-07T17:42:53Z
2026-06-07T17:41:56Z,2026-06-07T19:41:56+0200,9fbaedea-27ef-4990-85cf-49287850296c,2026-05-16T22:15:00Z,2026-05-17T00:15:00+0200,80.07,EUR/MWh,FR,FR,imbalance_price,Long,2026-06-07T17:42:53Z
2026-06-07T17:41:56Z,2026-06-07T19:41:56+0200,9fbaedea-27ef-4990-85cf-49287850296c,2026-05-16T22:15:00Z,2026-05-17T00:15:00+0200,94.87,EUR/MWh,FR,FR,imbalance_price,Short,2026-06-07T17:42:53Z
2026-06-07T17:41:56Z,2026-06-07T19:41:56+0200,9fbaedea-27ef-4990-85cf-49287850296c,2026-05-16T22:30:00Z,2026-05-17T00:30:00+0200,64.11,EUR/MWh,FR,FR,imbalance_price,Long,2026-06-07T17:42:53Z
2026-06-07T17:41:56Z,2026-06-07T19:41:56+0200,9fbaedea-27ef-4990-85cf-49287850296c,2026-05-16T22:30:00Z,2026-05-17T00:30:00+0200,75.97,EUR/MWh,FR,FR,imbalance_price,Short,2026-06-07T17:42:53Z
2026-06-07T17:41:56Z,2026-06-07T19:41:56+0200,9fbaedea-27ef-4990-85cf-49287850296c,2026-05-16T22:45:00Z,2026-05-17T00:45:00+0200,81.49,EUR/MWh,FR,FR,imbalance_price,Long,2026-06-07T17:42:53Z
2026-06-07T17:41:56Z,2026-06-07T19:41:56+0200,9fbaedea-27ef-4990-85cf-49287850296c,2026-05-16T22:45:00Z,2026-05-17T00:45:00+0200,96.55,EUR/MWh,FR,FR,imbalance_price,Short,2026-06-07T17:42:53Z
2026-06-07T17:41:56Z,2026-06-07T19:41:56+0200,9fbaedea-27ef-4990-85cf-49287850296c,2026-05-16T23:00:00Z,2026-05-17T01:00:00+0200,56.03,EUR/MWh,FR,FR,imbalance_price,Long,2026-06-07T17:42:53Z
2026-06-07T17:41:56Z,2026-06-07T19:41:56+0200,9fbaedea-27ef-4990-85cf-49287850296c,2026-05-16T23:00:00Z,2026-05-17T01:00:00+0200,66.39,EUR/MWh,FR,FR,imbalance_price,Short,2026-06-07T17:42:53Z
2026-06-07T17:41:56Z,2026-06-07T19:41:56+0200,9fbaedea-27ef-4990-85cf-49287850296c,2026-05-16T23:15:00Z,2026-05-17T01:15:00+0200,72.52,EUR/MWh,FR,FR,imbalance_price,Long,2026-06-07T17:42:53Z
2026-06-07T17:41:56Z,2026-06-07T19:41:56+0200,9fbaedea-27ef-4990-85cf-49287850296c,2026-05-16T23:15:00Z,2026-05-17T01:15:00+0200,85.92,EUR/MWh,FR,FR,imbalance_price,Short,2026-06-07T17:42:53Z
2026-06-07T17:41:56Z,2026-06-07T19:41:56+0200,9fbaedea-27ef-4990-85cf-49287850296c,2026-05-16T23:30:00Z,2026-05-17T01:30:00+0200,47.88,EUR/MWh,FR,FR,imbalance_price,Long,2026-06-07T17:42:53Z
2026-06-07T17:41:56Z,2026-06-07T19:41:56+0200,9fbaedea-27ef-4990-85cf-49287850296c,2026-05-16T23:30:00Z,2026-05-17T01:30:00+0200,56.72,EUR/MWh,FR,FR,imbalance_price,Short,2026-06-07T17:42:53Z
2026-06-07T17:41:56Z,2026-06-07T19:41:56+0200,9fbaedea-27ef-4990-85cf-49287850296c,2026-05-16T23:45:00Z,2026-05-17T01:45:00+0200,64.58,EUR/MWh,FR,FR,imbalance_price,Long,2026-06-07T17:42:53Z
2026-06-07T17:41:56Z,2026-06-07T19:41:56+0200,9fbaedea-27ef-4990-85cf-49287850296c,2026-05-16T23:45:00Z,2026-05-17T01:45:00+0200,76.52,EUR/MWh,FR,FR,imbalance_price,Short,2026-06-07T17:42:53Z
2026-06-07T17:41:56Z,2026-06-07T19:41:56+0200,9fbaedea-27ef-4990-85cf-49287850296c,2026-05-17T00:00:00Z,2026-05-17T02:00:00+0200,74.41,EUR/MWh,FR,FR,imbalance_price,Long,2026-06-07T17:42:53Z
2026-06-07T17:41:56Z,2026-06-07T19:41:56+0200,9fbaedea-27ef-4990-85cf-49287850296c,2026-05-17T00:00:00Z,2026-05-17T02:00:00+0200,88.17,EUR/MWh,FR,FR,imbalance_price,Short,2026-06-07T17:42:53Z
2026-06-07T17:41:56Z,2026-06-07T19:41:56+0200,9fbaedea-27ef-4990-85cf-49287850296c,2026-05-17T00:15:00Z,2026-05-17T02:15:00+0200,78.53,EUR/MWh,FR,FR,imbalance_price,Long,2026-06-07T17:42:53Z
2026-06-07T17:41:56Z,2026-06-07T19:41:56+0200,9fbaedea-27ef-4990-85cf-49287850296c,2026-05-17T00:15:00Z,2026-05-17T02:15:00+0200,93.05,EUR/MWh,FR,FR,imbalance_price,Short,2026-06-07T17:42:53Z
2026-06-07T17:41:56Z,2026-06-07T19:41:56+0200,9fbaedea-27ef-4990-85cf-49287850296c,2026-05-17T00:30:00Z,2026-05-17T02:30:00+0200,91.18,EUR/MWh,FR,FR,imbalance_price,Long,2026-06-07T17:42:53Z
2026-06-07T17:41:56Z,2026-06-07T19:41:56+0200,9fbaedea-27ef-4990-85cf-49287850296c,2026-05-17T00:30:00Z,2026-05-17T02:30:00+0200,108.04,EUR/MWh,FR,FR,imbalance_price,Short,2026-06-07T17:42:53Z
2026-06-07T17:41:56Z,2026-06-07T19:41:56+0200,9fbaedea-27ef-4990-85cf-49287850296c,2026-05-17T00:45:00Z,2026-05-17T02:45:00+0200,69.46,EUR/MWh,FR,FR,imbalance_price,Long,2026-06-07T17:42:53Z
2026-06-07T17:41:56Z,2026-06-07T19:41:56+0200,9fbaedea-27ef-4990-85cf-49287850296c,2026-05-17T00:45:00Z,2026-05-17T02:45:00+0200,82.3,EUR/MWh,FR,FR,imbalance_price,Short,2026-06-07T17:42:53Z
2026-06-07T17:41:56Z,2026-06-07T19:41:56+0200,9fbaedea-27ef-4990-85cf-49287850296c,2026-05-17T01:00:00Z,2026-05-17T03:00:00+0200,67.72,EUR/MWh,FR,FR,imbalance_price,Long,2026-06-07T17:42:53Z
2026-06-07T17:41:56Z,2026-06-07T19:41:56+0200,9fbaedea-27ef-4990-85cf-49287850296c,2026-05-17T01:00:00Z,2026-05-17T03:00:00+0200,80.24,EUR/MWh,FR,FR,imbalance_price,Short,2026-06-07T17:42:53Z
2026-06-07T17:41:56Z,2026-06-07T19:41:56+0200,9fbaedea-27ef-4990-85cf-49287850296c,2026-05-17T01:15:00Z,2026-05-17T03:15:00+0200,48.86,EUR/MWh,FR,FR,imbalance_price,Long,2026-06-07T17:42:53Z
2026-06-07T17:41:56Z,2026-06-07T19:41:56+0200,9fbaedea-27ef-4990-85cf-49287850296c,2026-05-17T01:15:00Z,2026-05-17T03:15:00+0200,57.9,EUR/MWh,FR,FR,imbalance_price,Short,2026-06-07T17:42:53Z
2026-06-07T17:41:56Z,2026-06-07T19:41:56+0200,9fbaedea-27ef-4990-85cf-49287850296c,2026-05-17T01:30:00Z,2026-05-17T03:30:00+0200,74.48,EUR/MWh,FR,FR,imbalance_price,Long,2026-06-07T17:42:53Z
2026-06-07T17:41:56Z,2026-06-07T19:41:56+0200,9fbaedea-27ef-4990-85cf-49287850296c,2026-05-17T01:30:00Z,2026-05-17T03:30:00+0200,88.24,EUR/MWh,FR,FR,imbalance_price,Short,2026-06-07T17:42:53Z
2026-06-07T17:41:56Z,2026-06-07T19:41:56+0200,9fbaedea-27ef-4990-85cf-49287850296c,2026-05-17T01:45:00Z,2026-05-17T03:45:00+0200,75.21,EUR/MWh,FR,FR,imbalance_price,Long,2026-06-07T17:42:53Z
2026-06-07T17:41:56Z,2026-06-07T19:41:56+0200,9fbaedea-27ef-4990-85cf-49287850296c,2026-05-17T01:45:00Z,2026-05-17T03:45:00+0200,89.11,EUR/MWh,FR,FR,imbalance_price,Short,2026-06-07T17:42:53Z
2026-06-07T17:41:56Z,2026-06-07T19:41:56+0200,9fbaedea-27ef-4990-85cf-49287850296c,2026-05-17T02:00:00Z,2026-05-17T04:00:00+0200,86.61,EUR/MWh,FR,FR,imbalance_price,Long,2026-06-07T17:42:53Z
2026-06-07T17:41:56Z,2026-06-07T19:41:56+0200,9fbaedea-27ef-4990-85cf-49287850296c,2026-05-17T02:00:00Z,2026-05-17T04:00:00+0200,102.61,EUR/MWh,FR,FR,imbalance_price,Short,2026-06-07T17:42:53Z
2026-06-07T17:41:56Z,2026-06-07T19:41:56+0200,9fbaedea-27ef-4990-85cf-49287850296c,2026-05-17T02:15:00Z,2026-05-17T04:15:00+0200,79.58,EUR/MWh,FR,FR,imbalance_price,Long,2026-06-07T17:42:53Z
2026-06-07T17:41:56Z,2026-06-07T19:41:56+0200,9fbaedea-27ef-4990-85cf-49287850296c,2026-05-17T02:15:00Z,2026-05-17T04:15:00+0200,94.28,EUR/MWh,FR,FR,imbalance_price,Short,2026-06-07T17:42:53Z
2026-06-07T17:41:56Z,2026-06-07T19:41:56+0200,9fbaedea-27ef-4990-85cf-49287850296c,2026-05-17T02:30:00Z,2026-05-17T04:30:00+0200,96.33,EUR/MWh,FR,FR,imbalance_price,Long,2026-06-07T17:42:53Z
2026-06-07T17:41:56Z,2026-06-07T19:41:56+0200,9fbaedea-27ef-4990-85cf-49287850296c,2026-05-17T02:30:00Z,2026-05-17T04:30:00+0200,114.13,EUR/MWh,FR,FR,imbalance_price,Short,2026-06-07T17:42:53Z
2026-06-07T17:41:56Z,2026-06-07T19:41:56+0200,9fbaedea-27ef-4990-85cf-49287850296c,2026-05-17T02:45:00Z,2026-05-17T04:45:00+0200,75.36,EUR/MWh,FR,FR,imbalance_price,Long,2026-06-07T17:42:53Z
2026-06-07T17:41:56Z,2026-06-07T19:41:56+0200,9fbaedea-27ef-4990-85cf-49287850296c,2026-05-17T02:45:00Z,2026-05-17T04:45:00+0200,89.3,EUR/MWh,FR,FR,imbalance_price,Short,2026-06-07T17:42:53Z
2026-06-07T17:41:56Z,2026-06-07T19:41:56+0200,9fbaedea-27ef-4990-85cf-49287850296c,2026-05-17T03:00:00Z,2026-05-17T05:00:00+0200,77.14,EUR/MWh,FR,FR,imbalance_price,Long,2026-06-07T17:42:53Z
2026-06-07T17:41:56Z,2026-06-07T19:41:56+0200,9fbaedea-27ef-4990-85cf-49287850296c,2026-05-17T03:00:00Z,2026-05-17T05:00:00+0200,91.4,EUR/MWh,FR,FR,imbalance_price,Short,2026-06-07T17:42:53Z
2026-06-07T17:41:56Z,2026-06-07T19:41:56+0200,9fbaedea-27ef-4990-85cf-49287850296c,2026-05-17T03:15:00Z,2026-05-17T05:15:00+0200,79.23,EUR/MWh,FR,FR,imbalance_price,Long,2026-06-07T17:42:53Z
2026-06-07T17:41:56Z,2026-06-07T19:41:56+0200,9fbaedea-27ef-4990-85cf-49287850296c,2026-05-17T03:15:00Z,2026-05-17T05:15:00+0200,93.87,EUR/MWh,FR,FR,imbalance_price,Short,2026-06-07T17:42:53Z
2026-06-07T17:41:56Z,2026-06-07T19:41:56+0200,9fbaedea-27ef-4990-85cf-49287850296c,2026-05-17T03:30:00Z,2026-05-17T05:30:00+0200,113.09,EUR/MWh,FR,FR,imbalance_price,Long,2026-06-07T17:42:53Z
2026-06-07T17:41:56Z,2026-06-07T19:41:56+0200,9fbaedea-27ef-4990-85cf-49287850296c,2026-05-17T03:30:00Z,2026-05-17T05:30:00+0200,133.99,EUR/MWh,FR,FR,imbalance_price,Short,2026-06-07T17:42:53Z
2026-06-07T17:41:56Z,2026-06-07T19:41:56+0200,9fbaedea-27ef-4990-85cf-49287850296c,2026-05-17T03:45:00Z,2026-05-17T05:45:00+0200,101.69,EUR/MWh,FR,FR,imbalance_price,Long,2026-06-07T17:42:53Z
2026-06-07T17:41:56Z,2026-06-07T19:41:56+0200,9fbaedea-27ef-4990-85cf-49287850296c,2026-05-17T03:45:00Z,2026-05-17T05:45:00+0200,120.49,EUR/MWh,FR,FR,imbalance_price,Short,2026-06-07T17:42:53Z
2026-06-07T17:41:56Z,2026-06-07T19:41:56+0200,9fbaedea-27ef-4990-85cf-49287850296c,2026-05-17T04:00:00Z,2026-05-17T06:00:00+0200,71.32,EUR/MWh,FR,FR,imbalance_price,Long,2026-06-07T17:42:53Z
2026-06-07T17:41:56Z,2026-06-07T19:41:56+0200,9fbaedea-27ef-4990-85cf-49287850296c,2026-05-17T04:00:00Z,2026-05-17T06:00:00+0200,84.5,EUR/MWh,FR,FR,imbalance_price,Short,2026-06-07T17:42:53Z
2026-06-07T17:41:56Z,2026-06-07T19:41:56+0200,9fbaedea-27ef-4990-85cf-49287850296c,2026-05-17T04:15:00Z,2026-05-17T06:15:00+0200,58.82,EUR/MWh,FR,FR,imbalance_price,Long,2026-06-07T17:42:53Z
2026-06-07T17:41:56Z,2026-06-07T19:41:56+0200,9fbaedea-27ef-4990-85cf-49287850296c,2026-05-17T04:15:00Z,2026-05-17T06:15:00+0200,69.7,EUR/MWh,FR,FR,imbalance_price,Short,2026-06-07T17:42:53Z
2026-06-07T17:41:56Z,2026-06-07T19:41:56+0200,9fbaedea-27ef-4990-85cf-49287850296c,2026-05-17T04:30:00Z,2026-05-17T06:30:00+0200,32.55,EUR/MWh,FR,FR,imbalance_price,Long,2026-06-07T17:42:53Z
2026-06-07T17:41:56Z,2026-06-07T19:41:56+0200,9fbaedea-27ef-4990-85cf-49287850296c,2026-05-17T04:30:00Z,2026-05-17T06:30:00+0200,38.57,EUR/MWh,FR,FR,imbalance_price,Short,2026-06-07T17:42:53Z
2026-06-07T17:41:56Z,2026-06-07T19:41:56+0200,9fbaedea-27ef-4990-85cf-49287850296c,2026-05-17T04:45:00Z,2026-05-17T06:45:00+0200,24.11,EUR/MWh,FR,FR,imbalance_price,Long,2026-06-07T17:42:53Z
2026-06-07T17:41:56Z,2026-06-07T19:41:56+0200,9fbaedea-27ef-4990-85cf-49287850296c,2026-05-17T04:45:00Z,2026-05-17T06:45:00+0200,28.57,EUR/MWh,FR,FR,imbalance_price,Short,2026-06-07T17:42:53Z
2026-06-07T17:41:56Z,2026-06-07T19:41:56+0200,9fbaedea-27ef-4990-85cf-49287850296c,2026-05-17T05:00:00Z,2026-05-17T07:00:00+0200,61.24,EUR/MWh,FR,FR,imbalance_price,Long,2026-06-07T17:42:53Z
2026-06-07T17:41:56Z,2026-06-07T19:41:56+0200,9fbaedea-27ef-4990-85cf-49287850296c,2026-05-17T05:00:00Z,2026-05-17T07:00:00+0200,72.56,EUR/MWh,FR,FR,imbalance_price,Short,2026-06-07T17:42:53Z
2026-06-07T17:41:56Z,2026-06-07T19:41:56+0200,9fbaedea-27ef-4990-85cf-49287850296c,2026-05-17T05:15:00Z,2026-05-17T07:15:00+0200,65.96,EUR/MWh,FR,FR,imbalance_price,Long,2026-06-07T17:42:53Z
2026-06-07T17:41:56Z,2026-06-07T19:41:56+0200,9fbaedea-27ef-4990-85cf-49287850296c,2026-05-17T05:15:00Z,2026-05-17T07:15:00+0200,78.16,EUR/MWh,FR,FR,imbalance_price,Short,2026-06-07T17:42:53Z
2026-06-07T17:41:56Z,2026-06-07T19:41:56+0200,9fbaedea-27ef-4990-85cf-49287850296c,2026-05-17T05:30:00Z,2026-05-17T07:30:00+0200,65.98,EUR/MWh,FR,FR,imbalance_price,Long,2026-06-07T17:42:53Z
2026-06-07T17:41:56Z,2026-06-07T19:41:56+0200,9fbaedea-27ef-4990-85cf-49287850296c,2026-05-17T05:30:00Z,2026-05-17T07:30:00+0200,78.18,EUR/MWh,FR,FR,imbalance_price,Short,2026-06-07T17:42:53Z
2026-06-07T17:41:56Z,2026-06-07T19:41:56+0200,9fbaedea-27ef-4990-85cf-49287850296c,2026-05-17T05:45:00Z,2026-05-17T07:45:00+0200,34.29,EUR/MWh,FR,FR,imbalance_price,Long,2026-06-07T17:42:53Z
2026-06-07T17:41:56Z,2026-06-07T19:41:56+0200,9fbaedea-27ef-4990-85cf-49287850296c,2026-05-17T05:45:00Z,2026-05-17T07:45:00+0200,40.63,EUR/MWh,FR,FR,imbalance_price,Short,2026-06-07T17:42:53Z
2026-06-07T17:41:56Z,2026-06-07T19:41:56+0200,9fbaedea-27ef-4990-85cf-49287850296c,2026-05-17T06:00:00Z,2026-05-17T08:00:00+0200,24.96,EUR/MWh,FR,FR,imbalance_price,Long,2026-06-07T17:42:53Z
2026-06-07T17:41:56Z,2026-06-07T19:41:56+0200,9fbaedea-27ef-4990-85cf-49287850296c,2026-05-17T06:00:00Z,2026-05-17T08:00:00+0200,29.58,EUR/MWh,FR,FR,imbalance_price,Short,2026-06-07T17:42:53Z
2026-06-07T17:41:56Z,2026-06-07T19:41:56+0200,9fbaedea-27ef-4990-85cf-49287850296c,2026-05-17T06:15:00Z,2026-05-17T08:15:00+0200,3.15,EUR/MWh,FR,FR,imbalance_price,Long,2026-06-07T17:42:53Z
2026-06-07T17:41:56Z,2026-06-07T19:41:56+0200,9fbaedea-27ef-4990-85cf-49287850296c,2026-05-17T06:15:00Z,2026-05-17T08:15:00+0200,3.73,EUR/MWh,FR,FR,imbalance_price,Short,2026-06-07T17:42:53Z
2026-06-07T17:41:56Z,2026-06-07T19:41:56+0200,9fbaedea-27ef-4990-85cf-49287850296c,2026-05-17T06:30:00Z,2026-05-17T08:30:00+0200,-18.94,EUR/MWh,FR,FR,imbalance_price,Long,2026-06-07T17:42:53Z
2026-06-07T17:41:56Z,2026-06-07T19:41:56+0200,9fbaedea-27ef-4990-85cf-49287850296c,2026-05-17T06:30:00Z,2026-05-17T08:30:00+0200,-15.98,EUR/MWh,FR,FR,imbalance_price,Short,2026-06-07T17:42:53Z
2026-06-07T17:41:56Z,2026-06-07T19:41:56+0200,9fbaedea-27ef-4990-85cf-49287850296c,2026-05-17T06:45:00Z,2026-05-17T08:45:00+0200,-54.45,EUR/MWh,FR,FR,imbalance_price,Long,2026-06-07T17:42:53Z
2026-06-07T17:41:56Z,2026-06-07T19:41:56+0200,9fbaedea-27ef-4990-85cf-49287850296c,2026-05-17T06:45:00Z,2026-05-17T08:45:00+0200,-45.95,EUR/MWh,FR,FR,imbalance_price,Short,2026-06-07T17:42:53Z
2026-06-07T17:41:56Z,2026-06-07T19:41:56+0200,9fbaedea-27ef-4990-85cf-49287850296c,2026-05-17T07:00:00Z,2026-05-17T09:00:00+0200,-26.13,EUR/MWh,FR,FR,imbalance_price,Long,2026-06-07T17:42:53Z
2026-06-07T17:41:56Z,2026-06-07T19:41:56+0200,9fbaedea-27ef-4990-85cf-49287850296c,2026-05-17T07:00:00Z,2026-05-17T09:00:00+0200,-22.05,EUR/MWh,FR,FR,imbalance_price,Short,2026-06-07T17:42:53Z
2026-06-07T17:41:56Z,2026-06-07T19:41:56+0200,9fbaedea-27ef-4990-85cf-49287850296c,2026-05-17T07:15:00Z,2026-05-17T09:15:00+0200,-121.01,EUR/MWh,FR,FR,imbalance_price,Long,2026-06-07T17:42:53Z
2026-06-07T17:41:56Z,2026-06-07T19:41:56+0200,9fbaedea-27ef-4990-85cf-49287850296c,2026-05-17T07:15:00Z,2026-05-17T09:15:00+0200,-102.13,EUR/MWh,FR,FR,imbalance_price,Short,2026-06-07T17:42:53Z
2026-06-07T17:41:56Z,2026-06-07T19:41:56+0200,9fbaedea-27ef-4990-85cf-49287850296c,2026-05-17T07:30:00Z,2026-05-17T09:30:00+0200,-42.65,EUR/MWh,FR,FR,imbalance_price,Long,2026-06-07T17:42:53Z
2026-06-07T17:41:56Z,2026-06-07T19:41:56+0200,9fbaedea-27ef-4990-85cf-49287850296c,2026-05-17T07:30:00Z,2026-05-17T09:30:00+0200,-35.99,EUR/MWh,FR,FR,imbalance_price,Short,2026-06-07T17:42:53Z
2026-06-07T17:41:56Z,2026-06-07T19:41:56+0200,9fbaedea-27ef-4990-85cf-49287850296c,2026-05-17T07:45:00Z,2026-05-17T09:45:00+0200,-30.42,EUR/MWh,FR,FR,imbalance_price,Long,2026-06-07T17:42:53Z
2026-06-07T17:41:56Z,2026-06-07T19:41:56+0200,9fbaedea-27ef-4990-85cf-49287850296c,2026-05-17T07:45:00Z,2026-05-17T09:45:00+0200,-25.68,EUR/MWh,FR,FR,imbalance_price,Short,2026-06-07T17:42:53Z
2026-06-07T17:41:56Z,2026-06-07T19:41:56+0200,9fbaedea-27ef-4990-85cf-49287850296c,2026-05-17T08:00:00Z,2026-05-17T10:00:00+0200,-62.86,EUR/MWh,FR,FR,imbalance_price,Long,2026-06-07T17:42:53Z
2026-06-07T17:41:56Z,2026-06-07T19:41:56+0200,9fbaedea-27ef-4990-85cf-49287850296c,2026-05-17T08:00:00Z,2026-05-17T10:00:00+0200,-53.06,EUR/MWh,FR,FR,imbalance_price,Short,2026-06-07T17:42:53Z
2026-06-07T17:41:56Z,2026-06-07T19:41:56+0200,9fbaedea-27ef-4990-85cf-49287850296c,2026-05-17T08:15:00Z,2026-05-17T10:15:00+0200,-65.29,EUR/MWh,FR,FR,imbalance_price,Long,2026-06-07T17:42:53Z
2026-06-07T17:41:56Z,2026-06-07T19:41:56+0200,9fbaedea-27ef-4990-85cf-49287850296c,2026-05-17T08:15:00Z,2026-05-17T10:15:00+0200,-55.11,EUR/MWh,FR,FR,imbalance_price,Short,2026-06-07T17:42:53Z
2026-06-07T17:41:56Z,2026-06-07T19:41:56+0200,9fbaedea-27ef-4990-85cf-49287850296c,2026-05-17T08:30:00Z,2026-05-17T10:30:00+0200,-74.25,EUR/MWh,FR,FR,imbalance_price,Long,2026-06-07T17:42:53Z
2026-06-07T17:41:56Z,2026-06-07T19:41:56+0200,9fbaedea-27ef-4990-85cf-49287850296c,2026-05-17T08:30:00Z,2026-05-17T10:30:00+0200,-62.67,EUR/MWh,FR,FR,imbalance_price,Short,2026-06-07T17:42:53Z
2026-06-07T17:41:56Z,2026-06-07T19:41:56+0200,9fbaedea-27ef-4990-85cf-49287850296c,2026-05-17T08:45:00Z,2026-05-17T10:45:00+0200,-80.66,EUR/MWh,FR,FR,imbalance_price,Long,2026-06-07T17:42:53Z
2026-06-07T17:41:56Z,2026-06-07T19:41:56+0200,9fbaedea-27ef-4990-85cf-49287850296c,2026-05-17T08:45:00Z,2026-05-17T10:45:00+0200,-68.08,EUR/MWh,FR,FR,imbalance_price,Short,2026-06-07T17:42:53Z
2026-06-07T17:41:56Z,2026-06-07T19:41:56+0200,9fbaedea-27ef-4990-85cf-49287850296c,2026-05-17T09:00:00Z,2026-05-17T11:00:00+0200,-126.19,EUR/MWh,FR,FR,imbalance_price,Long,2026-06-07T17:42:53Z
2026-06-07T17:41:56Z,2026-06-07T19:41:56+0200,9fbaedea-27ef-4990-85cf-49287850296c,2026-05-17T09:00:00Z,2026-05-17T11:00:00+0200,-106.51,EUR/MWh,FR,FR,imbalance_price,Short,2026-06-07T17:42:53Z
2026-06-07T17:41:56Z,2026-06-07T19:41:56+0200,9fbaedea-27ef-4990-85cf-49287850296c,2026-05-17T09:15:00Z,2026-05-17T11:15:00+0200,-123.73,EUR/MWh,FR,FR,imbalance_price,Long,2026-06-07T17:42:53Z
2026-06-07T17:41:56Z,2026-06-07T19:41:56+0200,9fbaedea-27ef-4990-85cf-49287850296c,2026-05-17T09:15:00Z,2026-05-17T11:15:00+0200,-104.43,EUR/MWh,FR,FR,imbalance_price,Short,2026-06-07T17:42:53Z
2026-06-07T17:41:56Z,2026-06-07T19:41:56+0200,9fbaedea-27ef-4990-85cf-49287850296c,2026-05-17T09:30:00Z,2026-05-17T11:30:00+0200,-124.2,EUR/MWh,FR,FR,imbalance_price,Long,2026-06-07T17:42:53Z
2026-06-07T17:41:56Z,2026-06-07T19:41:56+0200,9fbaedea-27ef-4990-85cf-49287850296c,2026-05-17T09:30:00Z,2026-05-17T11:30:00+0200,-104.82,EUR/MWh,FR,FR,imbalance_price,Short,2026-06-07T17:42:53Z
2026-06-07T17:41:56Z,2026-06-07T19:41:56+0200,9fbaedea-27ef-4990-85cf-49287850296c,2026-05-17T09:45:00Z,2026-05-17T11:45:00+0200,-124.19,EUR/MWh,FR,FR,imbalance_price,Long,2026-06-07T17:42:53Z
2026-06-07T17:41:56Z,2026-06-07T19:41:56+0200,9fbaedea-27ef-4990-85cf-49287850296c,2026-05-17T09:45:00Z,2026-05-17T11:45:00+0200,-104.81,EUR/MWh,FR,FR,imbalance_price,Short,2026-06-07T17:42:53Z
2026-06-07T17:41:56Z,2026-06-07T19:41:56+0200,9fbaedea-27ef-4990-85cf-49287850296c,2026-05-17T10:00:00Z,2026-05-17T12:00:00+0200,-110.35,EUR/MWh,FR,FR,imbalance_price,Long,2026-06-07T17:42:53Z
2026-06-07T17:41:56Z,2026-06-07T19:41:56+0200,9fbaedea-27ef-4990-85cf-49287850296c,2026-05-17T10:00:00Z,2026-05-17T12:00:00+0200,-93.13,EUR/MWh,FR,FR,imbalance_price,Short,2026-06-07T17:42:53Z
2026-06-07T17:41:56Z,2026-06-07T19:41:56+0200,9fbaedea-27ef-4990-85cf-49287850296c,2026-05-17T10:15:00Z,2026-05-17T12:15:00+0200,-108.58,EUR/MWh,FR,FR,imbalance_price,Long,2026-06-07T17:42:53Z
2026-06-07T17:41:56Z,2026-06-07T19:41:56+0200,9fbaedea-27ef-4990-85cf-49287850296c,2026-05-17T10:15:00Z,2026-05-17T12:15:00+0200,-91.64,EUR/MWh,FR,FR,imbalance_price,Short,2026-06-07T17:42:53Z
2026-06-07T17:41:56Z,2026-06-07T19:41:56+0200,9fbaedea-27ef-4990-85cf-49287850296c,2026-05-17T10:30:00Z,2026-05-17T12:30:00+0200,-106.62,EUR/MWh,FR,FR,imbalance_price,Long,2026-06-07T17:42:53Z
2026-06-07T17:41:56Z,2026-06-07T19:41:56+0200,9fbaedea-27ef-4990-85cf-49287850296c,2026-05-17T10:30:00Z,2026-05-17T12:30:00+0200,-89.98,EUR/MWh,FR,FR,imbalance_price,Short,2026-06-07T17:42:53Z
2026-06-07T17:41:56Z,2026-06-07T19:41:56+0200,9fbaedea-27ef-4990-85cf-49287850296c,2026-05-17T10:45:00Z,2026-05-17T12:45:00+0200,-104.79,EUR/MWh,FR,FR,imbalance_price,Long,2026-06-07T17:42:53Z
2026-06-07T17:41:56Z,2026-06-07T19:41:56+0200,9fbaedea-27ef-4990-85cf-49287850296c,2026-05-17T10:45:00Z,2026-05-17T12:45:00+0200,-88.45,EUR/MWh,FR,FR,imbalance_price,Short,2026-06-07T17:42:53Z
2026-06-07T17:41:56Z,2026-06-07T19:41:56+0200,9fbaedea-27ef-4990-85cf-49287850296c,2026-05-17T11:00:00Z,2026-05-17T13:00:00+0200,-126.93,EUR/MWh,FR,FR,imbalance_price,Long,2026-06-07T17:42:53Z
2026-06-07T17:41:56Z,2026-06-07T19:41:56+0200,9fbaedea-27ef-4990-85cf-49287850296c,2026-05-17T11:00:00Z,2026-05-17T13:00:00+0200,-107.13,EUR/MWh,FR,FR,imbalance_price,Short,2026-06-07T17:42:53Z
2026-06-07T17:41:56Z,2026-06-07T19:41:56+0200,9fbaedea-27ef-4990-85cf-49287850296c,2026-05-17T11:15:00Z,2026-05-17T13:15:00+0200,-124.59,EUR/MWh,FR,FR,imbalance_price,Long,2026-06-07T17:42:53Z
2026-06-07T17:41:56Z,2026-06-07T19:41:56+0200,9fbaedea-27ef-4990-85cf-49287850296c,2026-05-17T11:15:00Z,2026-05-17T13:15:00+0200,-105.15,EUR/MWh,FR,FR,imbalance_price,Short,2026-06-07T17:42:53Z
2026-06-07T17:41:56Z,2026-06-07T19:41:56+0200,9fbaedea-27ef-4990-85cf-49287850296c,2026-05-17T11:30:00Z,2026-05-17T13:30:00+0200,-124.62,EUR/MWh,FR,FR,imbalance_price,Long,2026-06-07T17:42:53Z
2026-06-07T17:41:56Z,2026-06-07T19:41:56+0200,9fbaedea-27ef-4990-85cf-49287850296c,2026-05-17T11:30:00Z,2026-05-17T13:30:00+0200,-105.18,EUR/MWh,FR,FR,imbalance_price,Short,2026-06-07T17:42:53Z
2026-06-07T17:41:56Z,2026-06-07T19:41:56+0200,9fbaedea-27ef-4990-85cf-49287850296c,2026-05-17T11:45:00Z,2026-05-17T13:45:00+0200,-124.52,EUR/MWh,FR,FR,imbalance_price,Long,2026-06-07T17:42:53Z
2026-06-07T17:41:56Z,2026-06-07T19:41:56+0200,9fbaedea-27ef-4990-85cf-49287850296c,2026-05-17T11:45:00Z,2026-05-17T13:45:00+0200,-105.1,EUR/MWh,FR,FR,imbalance_price,Short,2026-06-07T17:42:53Z
2026-06-07T17:41:56Z,2026-06-07T19:41:56+0200,9fbaedea-27ef-4990-85cf-49287850296c,2026-05-17T12:00:00Z,2026-05-17T14:00:00+0200,-124.19,EUR/MWh,FR,FR,imbalance_price,Long,2026-06-07T17:42:53Z
2026-06-07T17:41:56Z,2026-06-07T19:41:56+0200,9fbaedea-27ef-4990-85cf-49287850296c,2026-05-17T12:00:00Z,2026-05-17T14:00:00+0200,-104.81,EUR/MWh,FR,FR,imbalance_price,Short,2026-06-07T17:42:53Z
2026-06-07T17:41:56Z,2026-06-07T19:41:56+0200,9fbaedea-27ef-4990-85cf-49287850296c,2026-05-17T12:15:00Z,2026-05-17T14:15:00+0200,-125.6,EUR/MWh,FR,FR,imbalance_price,Long,2026-06-07T17:42:53Z
2026-06-07T17:41:56Z,2026-06-07T19:41:56+0200,9fbaedea-27ef-4990-85cf-49287850296c,2026-05-17T12:15:00Z,2026-05-17T14:15:00+0200,-106.0,EUR/MWh,FR,FR,imbalance_price,Short,2026-06-07T17:42:53Z
2026-06-07T17:41:56Z,2026-06-07T19:41:56+0200,9fbaedea-27ef-4990-85cf-49287850296c,2026-05-17T12:30:00Z,2026-05-17T14:30:00+0200,-120.97,EUR/MWh,FR,FR,imbalance_price,Long,2026-06-07T17:42:53Z
2026-06-07T17:41:56Z,2026-06-07T19:41:56+0200,9fbaedea-27ef-4990-85cf-49287850296c,2026-05-17T12:30:00Z,2026-05-17T14:30:00+0200,-102.09,EUR/MWh,FR,FR,imbalance_price,Short,2026-06-07T17:42:53Z
2026-06-07T17:41:56Z,2026-06-07T19:41:56+0200,9fbaedea-27ef-4990-85cf-49287850296c,2026-05-17T12:45:00Z,2026-05-17T14:45:00+0200,-116.08,EUR/MWh,FR,FR,imbalance_price,Long,2026-06-07T17:42:53Z
2026-06-07T17:41:56Z,2026-06-07T19:41:56+0200,9fbaedea-27ef-4990-85cf-49287850296c,2026-05-17T12:45:00Z,2026-05-17T14:45:00+0200,-97.98,EUR/MWh,FR,FR,imbalance_price,Short,2026-06-07T17:42:53Z
2026-06-07T17:41:56Z,2026-06-07T19:41:56+0200,9fbaedea-27ef-4990-85cf-49287850296c,2026-05-17T13:00:00Z,2026-05-17T15:00:00+0200,60.84,EUR/MWh,FR,FR,imbalance_price,Long,2026-06-07T17:42:53Z
2026-06-07T17:41:56Z,2026-06-07T19:41:56+0200,9fbaedea-27ef-4990-85cf-49287850296c,2026-05-17T13:00:00Z,2026-05-17T15:00:00+0200,72.08,EUR/MWh,FR,FR,imbalance_price,Short,2026-06-07T17:42:53Z
2026-06-07T17:41:56Z,2026-06-07T19:41:56+0200,9fbaedea-27ef-4990-85cf-49287850296c,2026-05-17T13:15:00Z,2026-05-17T15:15:00+0200,65.89,EUR/MWh,FR,FR,imbalance_price,Long,2026-06-07T17:42:53Z
2026-06-07T17:41:56Z,2026-06-07T19:41:56+0200,9fbaedea-27ef-4990-85cf-49287850296c,2026-05-17T13:15:00Z,2026-05-17T15:15:00+0200,78.07,EUR/MWh,FR,FR,imbalance_price,Short,2026-06-07T17:42:53Z
2026-06-07T17:41:56Z,2026-06-07T19:41:56+0200,9fbaedea-27ef-4990-85cf-49287850296c,2026-05-17T13:30:00Z,2026-05-17T15:30:00+0200,80.76,EUR/MWh,FR,FR,imbalance_price,Long,2026-06-07T17:42:53Z
2026-06-07T17:41:56Z,2026-06-07T19:41:56+0200,9fbaedea-27ef-4990-85cf-49287850296c,2026-05-17T13:30:00Z,2026-05-17T15:30:00+0200,95.68,EUR/MWh,FR,FR,imbalance_price,Short,2026-06-07T17:42:53Z
2026-06-07T17:41:56Z,2026-06-07T19:41:56+0200,9fbaedea-27ef-4990-85cf-49287850296c,2026-05-17T13:45:00Z,2026-05-17T15:45:00+0200,81.56,EUR/MWh,FR,FR,imbalance_price,Long,2026-06-07T17:42:53Z
2026-06-07T17:41:56Z,2026-06-07T19:41:56+0200,9fbaedea-27ef-4990-85cf-49287850296c,2026-05-17T13:45:00Z,2026-05-17T15:45:00+0200,96.64,EUR/MWh,FR,FR,imbalance_price,Short,2026-06-07T17:42:53Z
2026-06-07T17:41:56Z,2026-06-07T19:41:56+0200,9fbaedea-27ef-4990-85cf-49287850296c,2026-05-17T14:00:00Z,2026-05-17T16:00:00+0200,58.05,EUR/MWh,FR,FR,imbalance_price,Long,2026-06-07T17:42:53Z
2026-06-07T17:41:56Z,2026-06-07T19:41:56+0200,9fbaedea-27ef-4990-85cf-49287850296c,2026-05-17T14:00:00Z,2026-05-17T16:00:00+0200,68.79,EUR/MWh,FR,FR,imbalance_price,Short,2026-06-07T17:42:53Z
2026-06-07T17:41:56Z,2026-06-07T19:41:56+0200,9fbaedea-27ef-4990-85cf-49287850296c,2026-05-17T14:15:00Z,2026-05-17T16:15:00+0200,51.78,EUR/MWh,FR,FR,imbalance_price,Long,2026-06-07T17:42:53Z
2026-06-07T17:41:56Z,2026-06-07T19:41:56+0200,9fbaedea-27ef-4990-85cf-49287850296c,2026-05-17T14:15:00Z,2026-05-17T16:15:00+0200,61.34,EUR/MWh,FR,FR,imbalance_price,Short,2026-06-07T17:42:53Z
2026-06-07T17:41:56Z,2026-06-07T19:41:56+0200,9fbaedea-27ef-4990-85cf-49287850296c,2026-05-17T14:30:00Z,2026-05-17T16:30:00+0200,65.13,EUR/MWh,FR,FR,imbalance_price,Long,2026-06-07T17:42:53Z
2026-06-07T17:41:56Z,2026-06-07T19:41:56+0200,9fbaedea-27ef-4990-85cf-49287850296c,2026-05-17T14:30:00Z,2026-05-17T16:30:00+0200,77.17,EUR/MWh,FR,FR,imbalance_price,Short,2026-06-07T17:42:53Z
2026-06-07T17:41:56Z,2026-06-07T19:41:56+0200,9fbaedea-27ef-4990-85cf-49287850296c,2026-05-17T14:45:00Z,2026-05-17T16:45:00+0200,63.93,EUR/MWh,FR,FR,imbalance_price,Long,2026-06-07T17:42:53Z
2026-06-07T17:41:56Z,2026-06-07T19:41:56+0200,9fbaedea-27ef-4990-85cf-49287850296c,2026-05-17T14:45:00Z,2026-05-17T16:45:00+0200,75.75,EUR/MWh,FR,FR,imbalance_price,Short,2026-06-07T17:42:53Z
2026-06-07T17:41:56Z,2026-06-07T19:41:56+0200,9fbaedea-27ef-4990-85cf-49287850296c,2026-05-17T15:00:00Z,2026-05-17T17:00:00+0200,25.81,EUR/MWh,FR,FR,imbalance_price,Long,2026-06-07T17:42:53Z
2026-06-07T17:41:56Z,2026-06-07T19:41:56+0200,9fbaedea-27ef-4990-85cf-49287850296c,2026-05-17T15:00:00Z,2026-05-17T17:00:00+0200,30.57,EUR/MWh,FR,FR,imbalance_price,Short,2026-06-07T17:42:53Z
2026-06-07T17:41:56Z,2026-06-07T19:41:56+0200,9fbaedea-27ef-4990-85cf-49287850296c,2026-05-17T15:15:00Z,2026-05-17T17:15:00+0200,22.46,EUR/MWh,FR,FR,imbalance_price,Long,2026-06-07T17:42:53Z
2026-06-07T17:41:56Z,2026-06-07T19:41:56+0200,9fbaedea-27ef-4990-85cf-49287850296c,2026-05-17T15:15:00Z,2026-05-17T17:15:00+0200,26.62,EUR/MWh,FR,FR,imbalance_price,Short,2026-06-07T17:42:53Z
2026-06-07T17:41:56Z,2026-06-07T19:41:56+0200,9fbaedea-27ef-4990-85cf-49287850296c,2026-05-17T15:30:00Z,2026-05-17T17:30:00+0200,34.01,EUR/MWh,FR,FR,imbalance_price,Long,2026-06-07T17:42:53Z
2026-06-07T17:41:56Z,2026-06-07T19:41:56+0200,9fbaedea-27ef-4990-85cf-49287850296c,2026-05-17T15:30:00Z,2026-05-17T17:30:00+0200,40.29,EUR/MWh,FR,FR,imbalance_price,Short,2026-06-07T17:42:53Z
2026-06-07T17:41:56Z,2026-06-07T19:41:56+0200,9fbaedea-27ef-4990-85cf-49287850296c,2026-05-17T15:45:00Z,2026-05-17T17:45:00+0200,35.99,EUR/MWh,FR,FR,imbalance_price,Long,2026-06-07T17:42:53Z
2026-06-07T17:41:56Z,2026-06-07T19:41:56+0200,9fbaedea-27ef-4990-85cf-49287850296c,2026-05-17T15:45:00Z,2026-05-17T17:45:00+0200,42.65,EUR/MWh,FR,FR,imbalance_price,Short,2026-06-07T17:42:53Z
2026-06-07T17:41:56Z,2026-06-07T19:41:56+0200,9fbaedea-27ef-4990-85cf-49287850296c,2026-05-17T16:00:00Z,2026-05-17T18:00:00+0200,37.49,EUR/MWh,FR,FR,imbalance_price,Long,2026-06-07T17:42:53Z
2026-06-07T17:41:56Z,2026-06-07T19:41:56+0200,9fbaedea-27ef-4990-85cf-49287850296c,2026-05-17T16:00:00Z,2026-05-17T18:00:00+0200,44.43,EUR/MWh,FR,FR,imbalance_price,Short,2026-06-07T17:42:53Z
2026-06-07T17:41:56Z,2026-06-07T19:41:56+0200,9fbaedea-27ef-4990-85cf-49287850296c,2026-05-17T16:15:00Z,2026-05-17T18:15:00+0200,43.44,EUR/MWh,FR,FR,imbalance_price,Long,2026-06-07T17:42:53Z
2026-06-07T17:41:56Z,2026-06-07T19:41:56+0200,9fbaedea-27ef-4990-85cf-49287850296c,2026-05-17T16:15:00Z,2026-05-17T18:15:00+0200,51.46,EUR/MWh,FR,FR,imbalance_price,Short,2026-06-07T17:42:53Z
2026-06-07T17:41:56Z,2026-06-07T19:41:56+0200,9fbaedea-27ef-4990-85cf-49287850296c,2026-05-17T16:30:00Z,2026-05-17T18:30:00+0200,49.55,EUR/MWh,FR,FR,imbalance_price,Long,2026-06-07T17:42:53Z
2026-06-07T17:41:56Z,2026-06-07T19:41:56+0200,9fbaedea-27ef-4990-85cf-49287850296c,2026-05-17T16:30:00Z,2026-05-17T18:30:00+0200,58.71,EUR/MWh,FR,FR,imbalance_price,Short,2026-06-07T17:42:53Z
2026-06-07T17:41:56Z,2026-06-07T19:41:56+0200,9fbaedea-27ef-4990-85cf-49287850296c,2026-05-17T16:45:00Z,2026-05-17T18:45:00+0200,52.92,EUR/MWh,FR,FR,imbalance_price,Long,2026-06-07T17:42:53Z
2026-06-07T17:41:56Z,2026-06-07T19:41:56+0200,9fbaedea-27ef-4990-85cf-49287850296c,2026-05-17T16:45:00Z,2026-05-17T18:45:00+0200,62.7,EUR/MWh,FR,FR,imbalance_price,Short,2026-06-07T17:42:53Z
2026-06-07T17:41:56Z,2026-06-07T19:41:56+0200,9fbaedea-27ef-4990-85cf-49287850296c,2026-05-17T17:00:00Z,2026-05-17T19:00:00+0200,31.57,EUR/MWh,FR,FR,imbalance_price,Long,2026-06-07T17:42:53Z
2026-06-07T17:41:56Z,2026-06-07T19:41:56+0200,9fbaedea-27ef-4990-85cf-49287850296c,2026-05-17T17:00:00Z,2026-05-17T19:00:00+0200,37.41,EUR/MWh,FR,FR,imbalance_price,Short,2026-06-07T17:42:53Z
2026-06-07T17:41:56Z,2026-06-07T19:41:56+0200,9fbaedea-27ef-4990-85cf-49287850296c,2026-05-17T17:15:00Z,2026-05-17T19:15:00+0200,64.82,EUR/MWh,FR,FR,imbalance_price,Long,2026-06-07T17:42:53Z
2026-06-07T17:41:56Z,2026-06-07T19:41:56+0200,9fbaedea-27ef-4990-85cf-49287850296c,2026-05-17T17:15:00Z,2026-05-17T19:15:00+0200,76.8,EUR/MWh,FR,FR,imbalance_price,Short,2026-06-07T17:42:53Z
2026-06-07T17:41:56Z,2026-06-07T19:41:56+0200,9fbaedea-27ef-4990-85cf-49287850296c,2026-05-17T17:30:00Z,2026-05-17T19:30:00+0200,59.61,EUR/MWh,FR,FR,imbalance_price,Long,2026-06-07T17:42:53Z
2026-06-07T17:41:56Z,2026-06-07T19:41:56+0200,9fbaedea-27ef-4990-85cf-49287850296c,2026-05-17T17:30:00Z,2026-05-17T19:30:00+0200,70.63,EUR/MWh,FR,FR,imbalance_price,Short,2026-06-07T17:42:53Z
2026-06-07T17:41:56Z,2026-06-07T19:41:56+0200,9fbaedea-27ef-4990-85cf-49287850296c,2026-05-17T17:45:00Z,2026-05-17T19:45:00+0200,71.1,EUR/MWh,FR,FR,imbalance_price,Long,2026-06-07T17:42:53Z
2026-06-07T17:41:56Z,2026-06-07T19:41:56+0200,9fbaedea-27ef-4990-85cf-49287850296c,2026-05-17T17:45:00Z,2026-05-17T19:45:00+0200,84.24,EUR/MWh,FR,FR,imbalance_price,Short,2026-06-07T17:42:53Z
2026-06-07T17:41:56Z,2026-06-07T19:41:56+0200,9fbaedea-27ef-4990-85cf-49287850296c,2026-05-17T18:00:00Z,2026-05-17T20:00:00+0200,63.69,EUR/MWh,FR,FR,imbalance_price,Long,2026-06-07T17:42:53Z
2026-06-07T17:41:56Z,2026-06-07T19:41:56+0200,9fbaedea-27ef-4990-85cf-49287850296c,2026-05-17T18:00:00Z,2026-05-17T20:00:00+0200,75.47,EUR/MWh,FR,FR,imbalance_price,Short,2026-06-07T17:42:53Z
2026-06-07T17:41:56Z,2026-06-07T19:41:56+0200,9fbaedea-27ef-4990-85cf-49287850296c,2026-05-17T18:15:00Z,2026-05-17T20:15:00+0200,109.23,EUR/MWh,FR,FR,imbalance_price,Long,2026-06-07T17:42:53Z
2026-06-07T17:41:56Z,2026-06-07T19:41:56+0200,9fbaedea-27ef-4990-85cf-49287850296c,2026-05-17T18:15:00Z,2026-05-17T20:15:00+0200,129.41,EUR/MWh,FR,FR,imbalance_price,Short,2026-06-07T17:42:53Z
2026-06-07T17:41:56Z,2026-06-07T19:41:56+0200,9fbaedea-27ef-4990-85cf-49287850296c,2026-05-17T18:30:00Z,2026-05-17T20:30:00+0200,96.33,EUR/MWh,FR,FR,imbalance_price,Long,2026-06-07T17:42:53Z
2026-06-07T17:41:56Z,2026-06-07T19:41:56+0200,9fbaedea-27ef-4990-85cf-49287850296c,2026-05-17T18:30:00Z,2026-05-17T20:30:00+0200,114.13,EUR/MWh,FR,FR,imbalance_price,Short,2026-06-07T17:42:53Z
2026-06-07T17:41:56Z,2026-06-07T19:41:56+0200,9fbaedea-27ef-4990-85cf-49287850296c,2026-05-17T18:45:00Z,2026-05-17T20:45:00+0200,116.61,EUR/MWh,FR,FR,imbalance_price,Long,2026-06-07T17:42:53Z
2026-06-07T17:41:56Z,2026-06-07T19:41:56+0200,9fbaedea-27ef-4990-85cf-49287850296c,2026-05-17T18:45:00Z,2026-05-17T20:45:00+0200,138.17,EUR/MWh,FR,FR,imbalance_price,Short,2026-06-07T17:42:53Z
2026-06-07T17:41:56Z,2026-06-07T19:41:56+0200,9fbaedea-27ef-4990-85cf-49287850296c,2026-05-17T19:00:00Z,2026-05-17T21:00:00+0200,143.74,EUR/MWh,FR,FR,imbalance_price,Long,2026-06-07T17:42:53Z
2026-06-07T17:41:56Z,2026-06-07T19:41:56+0200,9fbaedea-27ef-4990-85cf-49287850296c,2026-05-17T19:00:00Z,2026-05-17T21:00:00+0200,170.3,EUR/MWh,FR,FR,imbalance_price,Short,2026-06-07T17:42:53Z
2026-06-07T17:41:56Z,2026-06-07T19:41:56+0200,9fbaedea-27ef-4990-85cf-49287850296c,2026-05-17T19:15:00Z,2026-05-17T21:15:00+0200,158.43,EUR/MWh,FR,FR,imbalance_price,Long,2026-06-07T17:42:53Z
2026-06-07T17:41:56Z,2026-06-07T19:41:56+0200,9fbaedea-27ef-4990-85cf-49287850296c,2026-05-17T19:15:00Z,2026-05-17T21:15:00+0200,187.71,EUR/MWh,FR,FR,imbalance_price,Short,2026-06-07T17:42:53Z
2026-06-07T17:41:56Z,2026-06-07T19:41:56+0200,9fbaedea-27ef-4990-85cf-49287850296c,2026-05-17T19:30:00Z,2026-05-17T21:30:00+0200,155.95,EUR/MWh,FR,FR,imbalance_price,Long,2026-06-07T17:42:53Z
2026-06-07T17:41:56Z,2026-06-07T19:41:56+0200,9fbaedea-27ef-4990-85cf-49287850296c,2026-05-17T19:30:00Z,2026-05-17T21:30:00+0200,184.77,EUR/MWh,FR,FR,imbalance_price,Short,2026-06-07T17:42:53Z
2026-06-07T17:41:56Z,2026-06-07T19:41:56+0200,9fbaedea-27ef-4990-85cf-49287850296c,2026-05-17T19:45:00Z,2026-05-17T21:45:00+0200,155.95,EUR/MWh,FR,FR,imbalance_price,Long,2026-06-07T17:42:53Z
2026-06-07T17:41:56Z,2026-06-07T19:41:56+0200,9fbaedea-27ef-4990-85cf-49287850296c,2026-05-17T19:45:00Z,2026-05-17T21:45:00+0200,184.77,EUR/MWh,FR,FR,imbalance_price,Short,2026-06-07T17:42:53Z
2026-06-07T17:41:56Z,2026-06-07T19:41:56+0200,9fbaedea-27ef-4990-85cf-49287850296c,2026-05-17T20:00:00Z,2026-05-17T22:00:00+0200,117.0,EUR/MWh,FR,FR,imbalance_price,Long,2026-06-07T17:42:53Z
2026-06-07T17:41:56Z,2026-06-07T19:41:56+0200,9fbaedea-27ef-4990-85cf-49287850296c,2026-05-17T20:00:00Z,2026-05-17T22:00:00+0200,138.62,EUR/MWh,FR,FR,imbalance_price,Short,2026-06-07T17:42:53Z
2026-06-07T17:41:56Z,2026-06-07T19:41:56+0200,9fbaedea-27ef-4990-85cf-49287850296c,2026-05-17T20:15:00Z,2026-05-17T22:15:00+0200,63.79,EUR/MWh,FR,FR,imbalance_price,Long,2026-06-07T17:42:53Z
2026-06-07T17:41:56Z,2026-06-07T19:41:56+0200,9fbaedea-27ef-4990-85cf-49287850296c,2026-05-17T20:15:00Z,2026-05-17T22:15:00+0200,75.59,EUR/MWh,FR,FR,imbalance_price,Short,2026-06-07T17:42:53Z
2026-06-07T17:41:56Z,2026-06-07T19:41:56+0200,9fbaedea-27ef-4990-85cf-49287850296c,2026-05-17T20:30:00Z,2026-05-17T22:30:00+0200,79.46,EUR/MWh,FR,FR,imbalance_price,Long,2026-06-07T17:42:53Z
2026-06-07T17:41:56Z,2026-06-07T19:41:56+0200,9fbaedea-27ef-4990-85cf-49287850296c,2026-05-17T20:30:00Z,2026-05-17T22:30:00+0200,94.14,EUR/MWh,FR,FR,imbalance_price,Short,2026-06-07T17:42:53Z
2026-06-07T17:41:56Z,2026-06-07T19:41:56+0200,9fbaedea-27ef-4990-85cf-49287850296c,2026-05-17T20:45:00Z,2026-05-17T22:45:00+0200,102.74,EUR/MWh,FR,FR,imbalance_price,Long,2026-06-07T17:42:53Z
2026-06-07T17:41:56Z,2026-06-07T19:41:56+0200,9fbaedea-27ef-4990-85cf-49287850296c,2026-05-17T20:45:00Z,2026-05-17T22:45:00+0200,121.74,EUR/MWh,FR,FR,imbalance_price,Short,2026-06-07T17:42:53Z
2026-06-07T17:41:56Z,2026-06-07T19:41:56+0200,9fbaedea-27ef-4990-85cf-49287850296c,2026-05-17T21:00:00Z,2026-05-17T23:00:00+0200,79.37,EUR/MWh,FR,FR,imbalance_price,Long,2026-06-07T17:42:53Z
2026-06-07T17:41:56Z,2026-06-07T19:41:56+0200,9fbaedea-27ef-4990-85cf-49287850296c,2026-05-17T21:00:00Z,2026-05-17T23:00:00+0200,94.03,EUR/MWh,FR,FR,imbalance_price,Short,2026-06-07T17:42:53Z
2026-06-07T17:41:56Z,2026-06-07T19:41:56+0200,9fbaedea-27ef-4990-85cf-49287850296c,2026-05-17T21:15:00Z,2026-05-17T23:15:00+0200,84.9,EUR/MWh,FR,FR,imbalance_price,Long,2026-06-07T17:42:53Z
2026-06-07T17:41:56Z,2026-06-07T19:41:56+0200,9fbaedea-27ef-4990-85cf-49287850296c,2026-05-17T21:15:00Z,2026-05-17T23:15:00+0200,100.6,EUR/MWh,FR,FR,imbalance_price,Short,2026-06-07T17:42:53Z
2026-06-07T17:41:56Z,2026-06-07T19:41:56+0200,9fbaedea-27ef-4990-85cf-49287850296c,2026-05-17T21:30:00Z,2026-05-17T23:30:00+0200,81.93,EUR/MWh,FR,FR,imbalance_price,Long,2026-06-07T17:42:53Z
2026-06-07T17:41:56Z,2026-06-07T19:41:56+0200,9fbaedea-27ef-4990-85cf-49287850296c,2026-05-17T21:30:00Z,2026-05-17T23:30:00+0200,97.07,EUR/MWh,FR,FR,imbalance_price,Short,2026-06-07T17:42:53Z
2026-06-07T17:41:56Z,2026-06-07T19:41:56+0200,9fbaedea-27ef-4990-85cf-49287850296c,2026-05-17T21:45:00Z,2026-05-17T23:45:00+0200,48.0,EUR/MWh,FR,FR,imbalance_price,Long,2026-06-07T17:42:53Z
2026-06-07T17:41:56Z,2026-06-07T19:41:56+0200,9fbaedea-27ef-4990-85cf-49287850296c,2026-05-17T21:45:00Z,2026-05-17T23:45:00+0200,56.88,EUR/MWh,FR,FR,imbalance_price,Short,2026-06-07T17:42:53Z
2026-06-07T17:41:56Z,2026-06-07T19:41:56+0200,9fbaedea-27ef-4990-85cf-49287850296c,2026-05-17T22:00:00Z,2026-05-18T00:00:00+0200,113.8,EUR/MWh,FR,FR,imbalance_price,Long,2026-06-07T17:42:53Z
2026-06-07T17:41:56Z,2026-06-07T19:41:56+0200,9fbaedea-27ef-4990-85cf-49287850296c,2026-05-17T22:00:00Z,2026-05-18T00:00:00+0200,134.84,EUR/MWh,FR,FR,imbalance_price,Short,2026-06-07T17:42:53Z
2026-06-07T17:41:56Z,2026-06-07T19:41:56+0200,9fbaedea-27ef-4990-85cf-49287850296c,2026-05-17T22:15:00Z,2026-05-18T00:15:00+0200,117.51,EUR/MWh,FR,FR,imbalance_price,Long,2026-06-07T17:42:53Z
2026-06-07T17:41:56Z,2026-06-07T19:41:56+0200,9fbaedea-27ef-4990-85cf-49287850296c,2026-05-17T22:15:00Z,2026-05-18T00:15:00+0200,139.23,EUR/MWh,FR,FR,imbalance_price,Short,2026-06-07T17:42:53Z
2026-06-07T17:41:56Z,2026-06-07T19:41:56+0200,9fbaedea-27ef-4990-85cf-49287850296c,2026-05-17T22:30:00Z,2026-05-18T00:30:00+0200,83.71,EUR/MWh,FR,FR,imbalance_price,Long,2026-06-07T17:42:53Z
2026-06-07T17:41:56Z,2026-06-07T19:41:56+0200,9fbaedea-27ef-4990-85cf-49287850296c,2026-05-17T22:30:00Z,2026-05-18T00:30:00+0200,99.19,EUR/MWh,FR,FR,imbalance_price,Short,2026-06-07T17:42:53Z
2026-06-07T17:41:56Z,2026-06-07T19:41:56+0200,9fbaedea-27ef-4990-85cf-49287850296c,2026-05-17T22:45:00Z,2026-05-18T00:45:00+0200,96.99,EUR/MWh,FR,FR,imbalance_price,Long,2026-06-07T17:42:53Z
2026-06-07T17:41:56Z,2026-06-07T19:41:56+0200,9fbaedea-27ef-4990-85cf-49287850296c,2026-05-17T22:45:00Z,2026-05-18T00:45:00+0200,114.91,EUR/MWh,FR,FR,imbalance_price,Short,2026-06-07T17:42:53Z
2026-06-07T17:41:56Z,2026-06-07T19:41:56+0200,9fbaedea-27ef-4990-85cf-49287850296c,2026-05-17T23:00:00Z,2026-05-18T01:00:00+0200,93.0,EUR/MWh,FR,FR,imbalance_price,Long,2026-06-07T17:42:53Z
2026-06-07T17:41:56Z,2026-06-07T19:41:56+0200,9fbaedea-27ef-4990-85cf-49287850296c,2026-05-17T23:00:00Z,2026-05-18T01:00:00+0200,110.18,EUR/MWh,FR,FR,imbalance_price,Short,2026-06-07T17:42:53Z
2026-06-07T17:41:56Z,2026-06-07T19:41:56+0200,9fbaedea-27ef-4990-85cf-49287850296c,2026-05-17T23:15:00Z,2026-05-18T01:15:00+0200,87.52,EUR/MWh,FR,FR,imbalance_price,Long,2026-06-07T17:42:53Z
2026-06-07T17:41:56Z,2026-06-07T19:41:56+0200,9fbaedea-27ef-4990-85cf-49287850296c,2026-05-17T23:15:00Z,2026-05-18T01:15:00+0200,103.7,EUR/MWh,FR,FR,imbalance_price,Short,2026-06-07T17:42:53Z
2026-06-07T17:41:56Z,2026-06-07T19:41:56+0200,9fbaedea-27ef-4990-85cf-49287850296c,2026-05-17T23:30:00Z,2026-05-18T01:30:00+0200,87.09,EUR/MWh,FR,FR,imbalance_price,Long,2026-06-07T17:42:53Z
2026-06-07T17:41:56Z,2026-06-07T19:41:56+0200,9fbaedea-27ef-4990-85cf-49287850296c,2026-05-17T23:30:00Z,2026-05-18T01:30:00+0200,103.19,EUR/MWh,FR,FR,imbalance_price,Short,2026-06-07T17:42:53Z
2026-06-07T17:41:56Z,2026-06-07T19:41:56+0200,9fbaedea-27ef-4990-85cf-49287850296c,2026-05-17T23:45:00Z,2026-05-18T01:45:00+0200,87.09,EUR/MWh,FR,FR,imbalance_price,Long,2026-06-07T17:42:53Z
2026-06-07T17:41:56Z,2026-06-07T19:41:56+0200,9fbaedea-27ef-4990-85cf-49287850296c,2026-05-17T23:45:00Z,2026-05-18T01:45:00+0200,103.19,EUR/MWh,FR,FR,imbalance_price,Short,2026-06-07T17:42:53Z
2026-06-07T17:41:56Z,2026-06-07T19:41:56+0200,9fbaedea-27ef-4990-85cf-49287850296c,2026-05-18T00:00:00Z,2026-05-18T02:00:00+0200,80.02,EUR/MWh,FR,FR,imbalance_price,Long,2026-06-07T17:42:53Z
2026-06-07T17:41:56Z,2026-06-07T19:41:56+0200,9fbaedea-27ef-4990-85cf-49287850296c,2026-05-18T00:00:00Z,2026-05-18T02:00:00+0200,94.82,EUR/MWh,FR,FR,imbalance_price,Short,2026-06-07T17:42:53Z
2026-06-07T17:41:56Z,2026-06-07T19:41:56+0200,9fbaedea-27ef-4990-85cf-49287850296c,2026-05-18T00:15:00Z,2026-05-18T02:15:00+0200,41.41,EUR/MWh,FR,FR,imbalance_price,Long,2026-06-07T17:42:53Z
2026-06-07T17:41:56Z,2026-06-07T19:41:56+0200,9fbaedea-27ef-4990-85cf-49287850296c,2026-05-18T00:15:00Z,2026-05-18T02:15:00+0200,49.07,EUR/MWh,FR,FR,imbalance_price,Short,2026-06-07T17:42:53Z
2026-06-07T17:41:56Z,2026-06-07T19:41:56+0200,9fbaedea-27ef-4990-85cf-49287850296c,2026-05-18T00:30:00Z,2026-05-18T02:30:00+0200,55.89,EUR/MWh,FR,FR,imbalance_price,Long,2026-06-07T17:42:53Z
2026-06-07T17:41:56Z,2026-06-07T19:41:56+0200,9fbaedea-27ef-4990-85cf-49287850296c,2026-05-18T00:30:00Z,2026-05-18T02:30:00+0200,66.21,EUR/MWh,FR,FR,imbalance_price,Short,2026-06-07T17:42:53Z
2026-06-07T17:41:56Z,2026-06-07T19:41:56+0200,9fbaedea-27ef-4990-85cf-49287850296c,2026-05-18T00:45:00Z,2026-05-18T02:45:00+0200,-24.33,EUR/MWh,FR,FR,imbalance_price,Long,2026-06-07T17:42:53Z
2026-06-07T17:41:56Z,2026-06-07T19:41:56+0200,9fbaedea-27ef-4990-85cf-49287850296c,2026-05-18T00:45:00Z,2026-05-18T02:45:00+0200,-20.53,EUR/MWh,FR,FR,imbalance_price,Short,2026-06-07T17:42:53Z
2026-06-07T17:41:56Z,2026-06-07T19:41:56+0200,9fbaedea-27ef-4990-85cf-49287850296c,2026-05-18T01:00:00Z,2026-05-18T03:00:00+0200,56.9,EUR/MWh,FR,FR,imbalance_price,Long,2026-06-07T17:42:53Z
2026-06-07T17:41:56Z,2026-06-07T19:41:56+0200,9fbaedea-27ef-4990-85cf-49287850296c,2026-05-18T01:00:00Z,2026-05-18T03:00:00+0200,67.42,EUR/MWh,FR,FR,imbalance_price,Short,2026-06-07T17:42:53Z
2026-06-07T17:41:56Z,2026-06-07T19:41:56+0200,9fbaedea-27ef-4990-85cf-49287850296c,2026-05-18T01:15:00Z,2026-05-18T03:15:00+0200,58.4,EUR/MWh,FR,FR,imbalance_price,Long,2026-06-07T17:42:53Z
2026-06-07T17:41:56Z,2026-06-07T19:41:56+0200,9fbaedea-27ef-4990-85cf-49287850296c,2026-05-18T01:15:00Z,2026-05-18T03:15:00+0200,69.2,EUR/MWh,FR,FR,imbalance_price,Short,2026-06-07T17:42:53Z
2026-06-07T17:41:56Z,2026-06-07T19:41:56+0200,9fbaedea-27ef-4990-85cf-49287850296c,2026-05-18T01:30:00Z,2026-05-18T03:30:00+0200,57.93,EUR/MWh,FR,FR,imbalance_price,Long,2026-06-07T17:42:53Z
2026-06-07T17:41:56Z,2026-06-07T19:41:56+0200,9fbaedea-27ef-4990-85cf-49287850296c,2026-05-18T01:30:00Z,2026-05-18T03:30:00+0200,68.63,EUR/MWh,FR,FR,imbalance_price,Short,2026-06-07T17:42:53Z
2026-06-07T17:41:56Z,2026-06-07T19:41:56+0200,9fbaedea-27ef-4990-85cf-49287850296c,2026-05-18T01:45:00Z,2026-05-18T03:45:00+0200,57.47,EUR/MWh,FR,FR,imbalance_price,Long,2026-06-07T17:42:53Z
2026-06-07T17:41:56Z,2026-06-07T19:41:56+0200,9fbaedea-27ef-4990-85cf-49287850296c,2026-05-18T01:45:00Z,2026-05-18T03:45:00+0200,68.09,EUR/MWh,FR,FR,imbalance_price,Short,2026-06-07T17:42:53Z
2026-06-07T17:41:56Z,2026-06-07T19:41:56+0200,9fbaedea-27ef-4990-85cf-49287850296c,2026-05-18T02:00:00Z,2026-05-18T04:00:00+0200,77.58,EUR/MWh,FR,FR,imbalance_price,Long,2026-06-07T17:42:53Z
2026-06-07T17:41:56Z,2026-06-07T19:41:56+0200,9fbaedea-27ef-4990-85cf-49287850296c,2026-05-18T02:00:00Z,2026-05-18T04:00:00+0200,91.92,EUR/MWh,FR,FR,imbalance_price,Short,2026-06-07T17:42:53Z
2026-06-07T17:41:56Z,2026-06-07T19:41:56+0200,9fbaedea-27ef-4990-85cf-49287850296c,2026-05-18T02:15:00Z,2026-05-18T04:15:00+0200,54.05,EUR/MWh,FR,FR,imbalance_price,Long,2026-06-07T17:42:53Z
2026-06-07T17:41:56Z,2026-06-07T19:41:56+0200,9fbaedea-27ef-4990-85cf-49287850296c,2026-05-18T02:15:00Z,2026-05-18T04:15:00+0200,64.03,EUR/MWh,FR,FR,imbalance_price,Short,2026-06-07T17:42:53Z
2026-06-07T17:41:56Z,2026-06-07T19:41:56+0200,9fbaedea-27ef-4990-85cf-49287850296c,2026-05-18T02:30:00Z,2026-05-18T04:30:00+0200,52.32,EUR/MWh,FR,FR,imbalance_price,Long,2026-06-07T17:42:53Z
2026-06-07T17:41:56Z,2026-06-07T19:41:56+0200,9fbaedea-27ef-4990-85cf-49287850296c,2026-05-18T02:30:00Z,2026-05-18T04:30:00+0200,61.98,EUR/MWh,FR,FR,imbalance_price,Short,2026-06-07T17:42:53Z
2026-06-07T17:41:56Z,2026-06-07T19:41:56+0200,9fbaedea-27ef-4990-85cf-49287850296c,2026-05-18T02:45:00Z,2026-05-18T04:45:00+0200,51.98,EUR/MWh,FR,FR,imbalance_price,Long,2026-06-07T17:42:53Z
2026-06-07T17:41:56Z,2026-06-07T19:41:56+0200,9fbaedea-27ef-4990-85cf-49287850296c,2026-05-18T02:45:00Z,2026-05-18T04:45:00+0200,61.58,EUR/MWh,FR,FR,imbalance_price,Short,2026-06-07T17:42:53Z
2026-06-07T17:41:56Z,2026-06-07T19:41:56+0200,9fbaedea-27ef-4990-85cf-49287850296c,2026-05-18T03:00:00Z,2026-05-18T05:00:00+0200,111.36,EUR/MWh,FR,FR,imbalance_price,Long,2026-06-07T17:42:53Z
2026-06-07T17:41:56Z,2026-06-07T19:41:56+0200,9fbaedea-27ef-4990-85cf-49287850296c,2026-05-18T03:00:00Z,2026-05-18T05:00:00+0200,131.94,EUR/MWh,FR,FR,imbalance_price,Short,2026-06-07T17:42:53Z
2026-06-07T17:41:56Z,2026-06-07T19:41:56+0200,9fbaedea-27ef-4990-85cf-49287850296c,2026-05-18T03:15:00Z,2026-05-18T05:15:00+0200,87.57,EUR/MWh,FR,FR,imbalance_price,Long,2026-06-07T17:42:53Z
2026-06-07T17:41:56Z,2026-06-07T19:41:56+0200,9fbaedea-27ef-4990-85cf-49287850296c,2026-05-18T03:15:00Z,2026-05-18T05:15:00+0200,103.75,EUR/MWh,FR,FR,imbalance_price,Short,2026-06-07T17:42:53Z
2026-06-07T17:41:56Z,2026-06-07T19:41:56+0200,9fbaedea-27ef-4990-85cf-49287850296c,2026-05-18T03:30:00Z,2026-05-18T05:30:00+0200,99.67,EUR/MWh,FR,FR,imbalance_price,Long,2026-06-07T17:42:53Z
2026-06-07T17:41:56Z,2026-06-07T19:41:56+0200,9fbaedea-27ef-4990-85cf-49287850296c,2026-05-18T03:30:00Z,2026-05-18T05:30:00+0200,118.09,EUR/MWh,FR,FR,imbalance_price,Short,2026-06-07T17:42:53Z
2026-06-07T17:41:56Z,2026-06-07T19:41:56+0200,9fbaedea-27ef-4990-85cf-49287850296c,2026-05-18T03:45:00Z,2026-05-18T05:45:00+0200,100.86,EUR/MWh,FR,FR,imbalance_price,Long,2026-06-07T17:42:53Z
2026-06-07T17:41:56Z,2026-06-07T19:41:56+0200,9fbaedea-27ef-4990-85cf-49287850296c,2026-05-18T03:45:00Z,2026-05-18T05:45:00+0200,119.5,EUR/MWh,FR,FR,imbalance_price,Short,2026-06-07T17:42:53Z
2026-06-07T17:41:56Z,2026-06-07T19:41:56+0200,9fbaedea-27ef-4990-85cf-49287850296c,2026-05-18T04:00:00Z,2026-05-18T06:00:00+0200,114.17,EUR/MWh,FR,FR,imbalance_price,Long,2026-06-07T17:42:53Z
2026-06-07T17:41:56Z,2026-06-07T19:41:56+0200,9fbaedea-27ef-4990-85cf-49287850296c,2026-05-18T04:00:00Z,2026-05-18T06:00:00+0200,135.27,EUR/MWh,FR,FR,imbalance_price,Short,2026-06-07T17:42:53Z
2026-06-07T17:41:56Z,2026-06-07T19:41:56+0200,9fbaedea-27ef-4990-85cf-49287850296c,2026-05-18T04:15:00Z,2026-05-18T06:15:00+0200,115.73,EUR/MWh,FR,FR,imbalance_price,Long,2026-06-07T17:42:53Z
2026-06-07T17:41:56Z,2026-06-07T19:41:56+0200,9fbaedea-27ef-4990-85cf-49287850296c,2026-05-18T04:15:00Z,2026-05-18T06:15:00+0200,137.13,EUR/MWh,FR,FR,imbalance_price,Short,2026-06-07T17:42:53Z
2026-06-07T17:41:56Z,2026-06-07T19:41:56+0200,9fbaedea-27ef-4990-85cf-49287850296c,2026-05-18T04:30:00Z,2026-05-18T06:30:00+0200,114.61,EUR/MWh,FR,FR,imbalance_price,Long,2026-06-07T17:42:53Z
2026-06-07T17:41:56Z,2026-06-07T19:41:56+0200,9fbaedea-27ef-4990-85cf-49287850296c,2026-05-18T04:30:00Z,2026-05-18T06:30:00+0200,135.79,EUR/MWh,FR,FR,imbalance_price,Short,2026-06-07T17:42:53Z
2026-06-07T17:41:56Z,2026-06-07T19:41:56+0200,9fbaedea-27ef-4990-85cf-49287850296c,2026-05-18T04:45:00Z,2026-05-18T06:45:00+0200,115.25,EUR/MWh,FR,FR,imbalance_price,Long,2026-06-07T17:42:53Z
2026-06-07T17:41:56Z,2026-06-07T19:41:56+0200,9fbaedea-27ef-4990-85cf-49287850296c,2026-05-18T04:45:00Z,2026-05-18T06:45:00+0200,136.55,EUR/MWh,FR,FR,imbalance_price,Short,2026-06-07T17:42:53Z
2026-06-07T17:41:56Z,2026-06-07T19:41:56+0200,9fbaedea-27ef-4990-85cf-49287850296c,2026-05-18T05:00:00Z,2026-05-18T07:00:00+0200,128.37,EUR/MWh,FR,FR,imbalance_price,Long,2026-06-07T17:42:53Z
2026-06-07T17:41:56Z,2026-06-07T19:41:56+0200,9fbaedea-27ef-4990-85cf-49287850296c,2026-05-18T05:00:00Z,2026-05-18T07:00:00+0200,152.09,EUR/MWh,FR,FR,imbalance_price,Short,2026-06-07T17:42:53Z
2026-06-07T17:41:56Z,2026-06-07T19:41:56+0200,9fbaedea-27ef-4990-85cf-49287850296c,2026-05-18T05:15:00Z,2026-05-18T07:15:00+0200,117.23,EUR/MWh,FR,FR,imbalance_price,Long,2026-06-07T17:42:53Z
2026-06-07T17:41:56Z,2026-06-07T19:41:56+0200,9fbaedea-27ef-4990-85cf-49287850296c,2026-05-18T05:15:00Z,2026-05-18T07:15:00+0200,138.89,EUR/MWh,FR,FR,imbalance_price,Short,2026-06-07T17:42:53Z
2026-06-07T17:41:56Z,2026-06-07T19:41:56+0200,9fbaedea-27ef-4990-85cf-49287850296c,2026-05-18T05:30:00Z,2026-05-18T07:30:00+0200,126.13,EUR/MWh,FR,FR,imbalance_price,Long,2026-06-07T17:42:53Z
2026-06-07T17:41:56Z,2026-06-07T19:41:56+0200,9fbaedea-27ef-4990-85cf-49287850296c,2026-05-18T05:30:00Z,2026-05-18T07:30:00+0200,149.45,EUR/MWh,FR,FR,imbalance_price,Short,2026-06-07T17:42:53Z
2026-06-07T17:41:56Z,2026-06-07T19:41:56+0200,9fbaedea-27ef-4990-85cf-49287850296c,2026-05-18T05:45:00Z,2026-05-18T07:45:00+0200,122.01,EUR/MWh,FR,FR,imbalance_price,Long,2026-06-07T17:42:53Z
2026-06-07T17:41:56Z,2026-06-07T19:41:56+0200,9fbaedea-27ef-4990-85cf-49287850296c,2026-05-18T05:45:00Z,2026-05-18T07:45:00+0200,144.57,EUR/MWh,FR,FR,imbalance_price,Short,2026-06-07T17:42:53Z
2026-06-07T17:41:56Z,2026-06-07T19:41:56+0200,9fbaedea-27ef-4990-85cf-49287850296c,2026-05-18T06:00:00Z,2026-05-18T08:00:00+0200,76.26,EUR/MWh,FR,FR,imbalance_price,Long,2026-06-07T17:42:53Z
2026-06-07T17:41:56Z,2026-06-07T19:41:56+0200,9fbaedea-27ef-4990-85cf-49287850296c,2026-05-18T06:00:00Z,2026-05-18T08:00:00+0200,90.36,EUR/MWh,FR,FR,imbalance_price,Short,2026-06-07T17:42:53Z
2026-06-07T17:41:56Z,2026-06-07T19:41:56+0200,9fbaedea-27ef-4990-85cf-49287850296c,2026-05-18T06:15:00Z,2026-05-18T08:15:00+0200,70.71,EUR/MWh,FR,FR,imbalance_price,Long,2026-06-07T17:42:53Z
2026-06-07T17:41:56Z,2026-06-07T19:41:56+0200,9fbaedea-27ef-4990-85cf-49287850296c,2026-05-18T06:15:00Z,2026-05-18T08:15:00+0200,83.77,EUR/MWh,FR,FR,imbalance_price,Short,2026-06-07T17:42:53Z
2026-06-07T17:41:56Z,2026-06-07T19:41:56+0200,9fbaedea-27ef-4990-85cf-49287850296c,2026-05-18T06:30:00Z,2026-05-18T08:30:00+0200,80.43,EUR/MWh,FR,FR,imbalance_price,Long,2026-06-07T17:42:53Z
2026-06-07T17:41:56Z,2026-06-07T19:41:56+0200,9fbaedea-27ef-4990-85cf-49287850296c,2026-05-18T06:30:00Z,2026-05-18T08:30:00+0200,95.29,EUR/MWh,FR,FR,imbalance_price,Short,2026-06-07T17:42:53Z
2026-06-07T17:41:56Z,2026-06-07T19:41:56+0200,9fbaedea-27ef-4990-85cf-49287850296c,2026-05-18T06:45:00Z,2026-05-18T08:45:00+0200,89.86,EUR/MWh,FR,FR,imbalance_price,Long,2026-06-07T17:42:53Z
2026-06-07T17:41:56Z,2026-06-07T19:41:56+0200,9fbaedea-27ef-4990-85cf-49287850296c,2026-05-18T06:45:00Z,2026-05-18T08:45:00+0200,106.46,EUR/MWh,FR,FR,imbalance_price,Short,2026-06-07T17:42:53Z
2026-06-07T17:41:56Z,2026-06-07T19:41:56+0200,9fbaedea-27ef-4990-85cf-49287850296c,2026-05-18T07:00:00Z,2026-05-18T09:00:00+0200,85.62,EUR/MWh,FR,FR,imbalance_price,Long,2026-06-07T17:42:53Z
2026-06-07T17:41:56Z,2026-06-07T19:41:56+0200,9fbaedea-27ef-4990-85cf-49287850296c,2026-05-18T07:00:00Z,2026-05-18T09:00:00+0200,101.44,EUR/MWh,FR,FR,imbalance_price,Short,2026-06-07T17:42:53Z
2026-06-07T17:41:56Z,2026-06-07T19:41:56+0200,9fbaedea-27ef-4990-85cf-49287850296c,2026-05-18T07:15:00Z,2026-05-18T09:15:00+0200,71.88,EUR/MWh,FR,FR,imbalance_price,Long,2026-06-07T17:42:53Z
2026-06-07T17:41:56Z,2026-06-07T19:41:56+0200,9fbaedea-27ef-4990-85cf-49287850296c,2026-05-18T07:15:00Z,2026-05-18T09:15:00+0200,85.16,EUR/MWh,FR,FR,imbalance_price,Short,2026-06-07T17:42:53Z
2026-06-07T17:41:56Z,2026-06-07T19:41:56+0200,9fbaedea-27ef-4990-85cf-49287850296c,2026-05-18T07:30:00Z,2026-05-18T09:30:00+0200,74.62,EUR/MWh,FR,FR,imbalance_price,Long,2026-06-07T17:42:53Z
2026-06-07T17:41:56Z,2026-06-07T19:41:56+0200,9fbaedea-27ef-4990-85cf-49287850296c,2026-05-18T07:30:00Z,2026-05-18T09:30:00+0200,88.42,EUR/MWh,FR,FR,imbalance_price,Short,2026-06-07T17:42:53Z
2026-06-07T17:41:56Z,2026-06-07T19:41:56+0200,9fbaedea-27ef-4990-85cf-49287850296c,2026-05-18T07:45:00Z,2026-05-18T09:45:00+0200,78.61,EUR/MWh,FR,FR,imbalance_price,Long,2026-06-07T17:42:53Z
2026-06-07T17:41:56Z,2026-06-07T19:41:56+0200,9fbaedea-27ef-4990-85cf-49287850296c,2026-05-18T07:45:00Z,2026-05-18T09:45:00+0200,93.13,EUR/MWh,FR,FR,imbalance_price,Short,2026-06-07T17:42:53Z
2026-06-07T17:41:56Z,2026-06-07T19:41:56+0200,9fbaedea-27ef-4990-85cf-49287850296c,2026-05-18T08:00:00Z,2026-05-18T10:00:00+0200,77.97,EUR/MWh,FR,FR,imbalance_price,Long,2026-06-07T17:42:53Z
2026-06-07T17:41:56Z,2026-06-07T19:41:56+0200,9fbaedea-27ef-4990-85cf-49287850296c,2026-05-18T08:00:00Z,2026-05-18T10:00:00+0200,92.39,EUR/MWh,FR,FR,imbalance_price,Short,2026-06-07T17:42:53Z
2026-06-07T17:41:56Z,2026-06-07T19:41:56+0200,9fbaedea-27ef-4990-85cf-49287850296c,2026-05-18T08:15:00Z,2026-05-18T10:15:00+0200,78.46,EUR/MWh,FR,FR,imbalance_price,Long,2026-06-07T17:42:53Z
2026-06-07T17:41:56Z,2026-06-07T19:41:56+0200,9fbaedea-27ef-4990-85cf-49287850296c,2026-05-18T08:15:00Z,2026-05-18T10:15:00+0200,92.96,EUR/MWh,FR,FR,imbalance_price,Short,2026-06-07T17:42:53Z
2026-06-07T17:41:56Z,2026-06-07T19:41:56+0200,9fbaedea-27ef-4990-85cf-49287850296c,2026-05-18T08:30:00Z,2026-05-18T10:30:00+0200,76.18,EUR/MWh,FR,FR,imbalance_price,Long,2026-06-07T17:42:53Z
2026-06-07T17:41:56Z,2026-06-07T19:41:56+0200,9fbaedea-27ef-4990-85cf-49287850296c,2026-05-18T08:30:00Z,2026-05-18T10:30:00+0200,90.26,EUR/MWh,FR,FR,imbalance_price,Short,2026-06-07T17:42:53Z
2026-06-07T17:41:56Z,2026-06-07T19:41:56+0200,9fbaedea-27ef-4990-85cf-49287850296c,2026-05-18T08:45:00Z,2026-05-18T10:45:00+0200,-152.31,EUR/MWh,FR,FR,imbalance_price,Long,2026-06-07T17:42:53Z
2026-06-07T17:41:56Z,2026-06-07T19:41:56+0200,9fbaedea-27ef-4990-85cf-49287850296c,2026-05-18T08:45:00Z,2026-05-18T10:45:00+0200,-128.55,EUR/MWh,FR,FR,imbalance_price,Short,2026-06-07T17:42:53Z
2026-06-07T17:41:56Z,2026-06-07T19:41:56+0200,9fbaedea-27ef-4990-85cf-49287850296c,2026-05-18T09:00:00Z,2026-05-18T11:00:00+0200,42.94,EUR/MWh,FR,FR,imbalance_price,Long,2026-06-07T17:42:53Z
2026-06-07T17:41:56Z,2026-06-07T19:41:56+0200,9fbaedea-27ef-4990-85cf-49287850296c,2026-05-18T09:00:00Z,2026-05-18T11:00:00+0200,50.88,EUR/MWh,FR,FR,imbalance_price,Short,2026-06-07T17:42:53Z
2026-06-07T17:41:56Z,2026-06-07T19:41:56+0200,9fbaedea-27ef-4990-85cf-49287850296c,2026-05-18T09:15:00Z,2026-05-18T11:15:00+0200,-69.15,EUR/MWh,FR,FR,imbalance_price,Long,2026-06-07T17:42:53Z
2026-06-07T17:41:56Z,2026-06-07T19:41:56+0200,9fbaedea-27ef-4990-85cf-49287850296c,2026-05-18T09:15:00Z,2026-05-18T11:15:00+0200,-58.37,EUR/MWh,FR,FR,imbalance_price,Short,2026-06-07T17:42:53Z
2026-06-07T17:41:56Z,2026-06-07T19:41:56+0200,9fbaedea-27ef-4990-85cf-49287850296c,2026-05-18T09:30:00Z,2026-05-18T11:30:00+0200,47.95,EUR/MWh,FR,FR,imbalance_price,Long,2026-06-07T17:42:53Z
2026-06-07T17:41:56Z,2026-06-07T19:41:56+0200,9fbaedea-27ef-4990-85cf-49287850296c,2026-05-18T09:30:00Z,2026-05-18T11:30:00+0200,56.81,EUR/MWh,FR,FR,imbalance_price,Short,2026-06-07T17:42:53Z
2026-06-07T17:41:56Z,2026-06-07T19:41:56+0200,9fbaedea-27ef-4990-85cf-49287850296c,2026-05-18T09:45:00Z,2026-05-18T11:45:00+0200,31.0,EUR/MWh,FR,FR,imbalance_price,Long,2026-06-07T17:42:53Z
2026-06-07T17:41:56Z,2026-06-07T19:41:56+0200,9fbaedea-27ef-4990-85cf-49287850296c,2026-05-18T09:45:00Z,2026-05-18T11:45:00+0200,36.74,EUR/MWh,FR,FR,imbalance_price,Short,2026-06-07T17:42:53Z
2026-06-07T17:41:56Z,2026-06-07T19:41:56+0200,9fbaedea-27ef-4990-85cf-49287850296c,2026-05-18T10:00:00Z,2026-05-18T12:00:00+0200,73.84,EUR/MWh,FR,FR,imbalance_price,Long,2026-06-07T17:42:53Z
2026-06-07T17:41:56Z,2026-06-07T19:41:56+0200,9fbaedea-27ef-4990-85cf-49287850296c,2026-05-18T10:00:00Z,2026-05-18T12:00:00+0200,87.48,EUR/MWh,FR,FR,imbalance_price,Short,2026-06-07T17:42:53Z
2026-06-07T17:41:56Z,2026-06-07T19:41:56+0200,9fbaedea-27ef-4990-85cf-49287850296c,2026-05-18T10:15:00Z,2026-05-18T12:15:00+0200,71.02,EUR/MWh,FR,FR,imbalance_price,Long,2026-06-07T17:42:53Z
2026-06-07T17:41:56Z,2026-06-07T19:41:56+0200,9fbaedea-27ef-4990-85cf-49287850296c,2026-05-18T10:15:00Z,2026-05-18T12:15:00+0200,84.14,EUR/MWh,FR,FR,imbalance_price,Short,2026-06-07T17:42:53Z
2026-06-07T17:41:56Z,2026-06-07T19:41:56+0200,9fbaedea-27ef-4990-85cf-49287850296c,2026-05-18T10:30:00Z,2026-05-18T12:30:00+0200,79.62,EUR/MWh,FR,FR,imbalance_price,Long,2026-06-07T17:42:53Z
2026-06-07T17:41:56Z,2026-06-07T19:41:56+0200,9fbaedea-27ef-4990-85cf-49287850296c,2026-05-18T10:30:00Z,2026-05-18T12:30:00+0200,94.34,EUR/MWh,FR,FR,imbalance_price,Short,2026-06-07T17:42:53Z
2026-06-07T17:41:56Z,2026-06-07T19:41:56+0200,9fbaedea-27ef-4990-85cf-49287850296c,2026-05-18T10:45:00Z,2026-05-18T12:45:00+0200,20.5,EUR/MWh,FR,FR,imbalance_price,Long,2026-06-07T17:42:53Z
2026-06-07T17:41:56Z,2026-06-07T19:41:56+0200,9fbaedea-27ef-4990-85cf-49287850296c,2026-05-18T10:45:00Z,2026-05-18T12:45:00+0200,24.3,EUR/MWh,FR,FR,imbalance_price,Short,2026-06-07T17:42:53Z
2026-06-07T17:41:56Z,2026-06-07T19:41:56+0200,9fbaedea-27ef-4990-85cf-49287850296c,2026-05-18T11:00:00Z,2026-05-18T13:00:00+0200,20.29,EUR/MWh,FR,FR,imbalance_price,Long,2026-06-07T17:42:53Z
2026-06-07T17:41:56Z,2026-06-07T19:41:56+0200,9fbaedea-27ef-4990-85cf-49287850296c,2026-05-18T11:00:00Z,2026-05-18T13:00:00+0200,24.05,EUR/MWh,FR,FR,imbalance_price,Short,2026-06-07T17:42:53Z
2026-06-07T17:41:56Z,2026-06-07T19:41:56+0200,9fbaedea-27ef-4990-85cf-49287850296c,2026-05-18T11:15:00Z,2026-05-18T13:15:00+0200,-74.82,EUR/MWh,FR,FR,imbalance_price,Long,2026-06-07T17:42:53Z
2026-06-07T17:41:56Z,2026-06-07T19:41:56+0200,9fbaedea-27ef-4990-85cf-49287850296c,2026-05-18T11:15:00Z,2026-05-18T13:15:00+0200,-63.14,EUR/MWh,FR,FR,imbalance_price,Short,2026-06-07T17:42:53Z
2026-06-07T17:41:56Z,2026-06-07T19:41:56+0200,9fbaedea-27ef-4990-85cf-49287850296c,2026-05-18T11:30:00Z,2026-05-18T13:30:00+0200,-5.48,EUR/MWh,FR,FR,imbalance_price,Long,2026-06-07T17:42:53Z
2026-06-07T17:41:56Z,2026-06-07T19:41:56+0200,9fbaedea-27ef-4990-85cf-49287850296c,2026-05-18T11:30:00Z,2026-05-18T13:30:00+0200,-4.62,EUR/MWh,FR,FR,imbalance_price,Short,2026-06-07T17:42:53Z
2026-06-07T17:41:56Z,2026-06-07T19:41:56+0200,9fbaedea-27ef-4990-85cf-49287850296c,2026-05-18T11:45:00Z,2026-05-18T13:45:00+0200,17.43,EUR/MWh,FR,FR,imbalance_price,Long,2026-06-07T17:42:53Z
2026-06-07T17:41:56Z,2026-06-07T19:41:56+0200,9fbaedea-27ef-4990-85cf-49287850296c,2026-05-18T11:45:00Z,2026-05-18T13:45:00+0200,20.65,EUR/MWh,FR,FR,imbalance_price,Short,2026-06-07T17:42:53Z
2026-06-07T17:41:56Z,2026-06-07T19:41:56+0200,9fbaedea-27ef-4990-85cf-49287850296c,2026-05-18T12:00:00Z,2026-05-18T14:00:00+0200,64.32,EUR/MWh,FR,FR,imbalance_price,Long,2026-06-07T17:42:53Z
2026-06-07T17:41:56Z,2026-06-07T19:41:56+0200,9fbaedea-27ef-4990-85cf-49287850296c,2026-05-18T12:00:00Z,2026-05-18T14:00:00+0200,76.2,EUR/MWh,FR,FR,imbalance_price,Short,2026-06-07T17:42:53Z
2026-06-07T17:41:56Z,2026-06-07T19:41:56+0200,9fbaedea-27ef-4990-85cf-49287850296c,2026-05-18T12:15:00Z,2026-05-18T14:15:00+0200,13.2,EUR/MWh,FR,FR,imbalance_price,Long,2026-06-07T17:42:53Z
2026-06-07T17:41:56Z,2026-06-07T19:41:56+0200,9fbaedea-27ef-4990-85cf-49287850296c,2026-05-18T12:15:00Z,2026-05-18T14:15:00+0200,15.64,EUR/MWh,FR,FR,imbalance_price,Short,2026-06-07T17:42:53Z
2026-06-07T17:41:56Z,2026-06-07T19:41:56+0200,9fbaedea-27ef-4990-85cf-49287850296c,2026-05-18T12:30:00Z,2026-05-18T14:30:00+0200,-61.65,EUR/MWh,FR,FR,imbalance_price,Long,2026-06-07T17:42:53Z
2026-06-07T17:41:56Z,2026-06-07T19:41:56+0200,9fbaedea-27ef-4990-85cf-49287850296c,2026-05-18T12:30:00Z,2026-05-18T14:30:00+0200,-52.03,EUR/MWh,FR,FR,imbalance_price,Short,2026-06-07T17:42:53Z
2026-06-07T17:41:56Z,2026-06-07T19:41:56+0200,9fbaedea-27ef-4990-85cf-49287850296c,2026-05-18T12:45:00Z,2026-05-18T14:45:00+0200,-105.44,EUR/MWh,FR,FR,imbalance_price,Long,2026-06-07T17:42:53Z
2026-06-07T17:41:56Z,2026-06-07T19:41:56+0200,9fbaedea-27ef-4990-85cf-49287850296c,2026-05-18T12:45:00Z,2026-05-18T14:45:00+0200,-89.0,EUR/MWh,FR,FR,imbalance_price,Short,2026-06-07T17:42:53Z
2026-06-07T17:41:56Z,2026-06-07T19:41:56+0200,9fbaedea-27ef-4990-85cf-49287850296c,2026-05-18T13:00:00Z,2026-05-18T15:00:00+0200,-86.46,EUR/MWh,FR,FR,imbalance_price,Long,2026-06-07T17:42:53Z
2026-06-07T17:41:56Z,2026-06-07T19:41:56+0200,9fbaedea-27ef-4990-85cf-49287850296c,2026-05-18T13:00:00Z,2026-05-18T15:00:00+0200,-72.98,EUR/MWh,FR,FR,imbalance_price,Short,2026-06-07T17:42:53Z
2026-06-07T17:41:56Z,2026-06-07T19:41:56+0200,9fbaedea-27ef-4990-85cf-49287850296c,2026-05-18T13:15:00Z,2026-05-18T15:15:00+0200,-5.05,EUR/MWh,FR,FR,imbalance_price,Long,2026-06-07T17:42:53Z
2026-06-07T17:41:56Z,2026-06-07T19:41:56+0200,9fbaedea-27ef-4990-85cf-49287850296c,2026-05-18T13:15:00Z,2026-05-18T15:15:00+0200,-4.27,EUR/MWh,FR,FR,imbalance_price,Short,2026-06-07T17:42:53Z
2026-06-07T17:41:56Z,2026-06-07T19:41:56+0200,9fbaedea-27ef-4990-85cf-49287850296c,2026-05-18T13:30:00Z,2026-05-18T15:30:00+0200,72.62,EUR/MWh,FR,FR,imbalance_price,Long,2026-06-07T17:42:53Z
2026-06-07T17:41:56Z,2026-06-07T19:41:56+0200,9fbaedea-27ef-4990-85cf-49287850296c,2026-05-18T13:30:00Z,2026-05-18T15:30:00+0200,86.04,EUR/MWh,FR,FR,imbalance_price,Short,2026-06-07T17:42:53Z
2026-06-07T17:41:56Z,2026-06-07T19:41:56+0200,9fbaedea-27ef-4990-85cf-49287850296c,2026-05-18T13:45:00Z,2026-05-18T15:45:00+0200,79.09,EUR/MWh,FR,FR,imbalance_price,Long,2026-06-07T17:42:53Z
2026-06-07T17:41:56Z,2026-06-07T19:41:56+0200,9fbaedea-27ef-4990-85cf-49287850296c,2026-05-18T13:45:00Z,2026-05-18T15:45:00+0200,93.71,EUR/MWh,FR,FR,imbalance_price,Short,2026-06-07T17:42:53Z
2026-06-07T17:41:56Z,2026-06-07T19:41:56+0200,9fbaedea-27ef-4990-85cf-49287850296c,2026-05-18T14:00:00Z,2026-05-18T16:00:00+0200,21.77,EUR/MWh,FR,FR,imbalance_price,Long,2026-06-07T17:42:53Z
2026-06-07T17:41:56Z,2026-06-07T19:41:56+0200,9fbaedea-27ef-4990-85cf-49287850296c,2026-05-18T14:00:00Z,2026-05-18T16:00:00+0200,25.79,EUR/MWh,FR,FR,imbalance_price,Short,2026-06-07T17:42:53Z
2026-06-07T17:41:56Z,2026-06-07T19:41:56+0200,9fbaedea-27ef-4990-85cf-49287850296c,2026-05-18T14:15:00Z,2026-05-18T16:15:00+0200,105.14,EUR/MWh,FR,FR,imbalance_price,Long,2026-06-07T17:42:53Z
2026-06-07T17:41:56Z,2026-06-07T19:41:56+0200,9fbaedea-27ef-4990-85cf-49287850296c,2026-05-18T14:15:00Z,2026-05-18T16:15:00+0200,124.58,EUR/MWh,FR,FR,imbalance_price,Short,2026-06-07T17:42:53Z
2026-06-07T17:41:56Z,2026-06-07T19:41:56+0200,9fbaedea-27ef-4990-85cf-49287850296c,2026-05-18T14:30:00Z,2026-05-18T16:30:00+0200,102.59,EUR/MWh,FR,FR,imbalance_price,Long,2026-06-07T17:42:53Z
2026-06-07T17:41:56Z,2026-06-07T19:41:56+0200,9fbaedea-27ef-4990-85cf-49287850296c,2026-05-18T14:30:00Z,2026-05-18T16:30:00+0200,121.55,EUR/MWh,FR,FR,imbalance_price,Short,2026-06-07T17:42:53Z
2026-06-07T17:41:56Z,2026-06-07T19:41:56+0200,9fbaedea-27ef-4990-85cf-49287850296c,2026-05-18T14:45:00Z,2026-05-18T16:45:00+0200,89.54,EUR/MWh,FR,FR,imbalance_price,Long,2026-06-07T17:42:53Z
2026-06-07T17:41:56Z,2026-06-07T19:41:56+0200,9fbaedea-27ef-4990-85cf-49287850296c,2026-05-18T14:45:00Z,2026-05-18T16:45:00+0200,106.08,EUR/MWh,FR,FR,imbalance_price,Short,2026-06-07T17:42:53Z
2026-06-07T17:41:56Z,2026-06-07T19:41:56+0200,9fbaedea-27ef-4990-85cf-49287850296c,2026-05-18T15:00:00Z,2026-05-18T17:00:00+0200,-4.93,EUR/MWh,FR,FR,imbalance_price,Long,2026-06-07T17:42:53Z
2026-06-07T17:41:56Z,2026-06-07T19:41:56+0200,9fbaedea-27ef-4990-85cf-49287850296c,2026-05-18T15:00:00Z,2026-05-18T17:00:00+0200,-4.17,EUR/MWh,FR,FR,imbalance_price,Short,2026-06-07T17:42:53Z
2026-06-07T17:41:56Z,2026-06-07T19:41:56+0200,9fbaedea-27ef-4990-85cf-49287850296c,2026-05-18T15:15:00Z,2026-05-18T17:15:00+0200,-5.05,EUR/MWh,FR,FR,imbalance_price,Long,2026-06-07T17:42:53Z
2026-06-07T17:41:56Z,2026-06-07T19:41:56+0200,9fbaedea-27ef-4990-85cf-49287850296c,2026-05-18T15:15:00Z,2026-05-18T17:15:00+0200,-4.27,EUR/MWh,FR,FR,imbalance_price,Short,2026-06-07T17:42:53Z
2026-06-07T17:41:56Z,2026-06-07T19:41:56+0200,9fbaedea-27ef-4990-85cf-49287850296c,2026-05-18T15:30:00Z,2026-05-18T17:30:00+0200,107.78,EUR/MWh,FR,FR,imbalance_price,Long,2026-06-07T17:42:53Z
2026-06-07T17:41:56Z,2026-06-07T19:41:56+0200,9fbaedea-27ef-4990-85cf-49287850296c,2026-05-18T15:30:00Z,2026-05-18T17:30:00+0200,127.7,EUR/MWh,FR,FR,imbalance_price,Short,2026-06-07T17:42:53Z
2026-06-07T17:41:56Z,2026-06-07T19:41:56+0200,9fbaedea-27ef-4990-85cf-49287850296c,2026-05-18T15:45:00Z,2026-05-18T17:45:00+0200,117.02,EUR/MWh,FR,FR,imbalance_price,Long,2026-06-07T17:42:53Z
2026-06-07T17:41:56Z,2026-06-07T19:41:56+0200,9fbaedea-27ef-4990-85cf-49287850296c,2026-05-18T15:45:00Z,2026-05-18T17:45:00+0200,138.66,EUR/MWh,FR,FR,imbalance_price,Short,2026-06-07T17:42:53Z
2026-06-07T17:41:56Z,2026-06-07T19:41:56+0200,9fbaedea-27ef-4990-85cf-49287850296c,2026-05-18T16:00:00Z,2026-05-18T18:00:00+0200,116.02,EUR/MWh,FR,FR,imbalance_price,Long,2026-06-07T17:42:53Z
2026-06-07T17:41:56Z,2026-06-07T19:41:56+0200,9fbaedea-27ef-4990-85cf-49287850296c,2026-05-18T16:00:00Z,2026-05-18T18:00:00+0200,137.46,EUR/MWh,FR,FR,imbalance_price,Short,2026-06-07T17:42:53Z
2026-06-07T17:41:56Z,2026-06-07T19:41:56+0200,9fbaedea-27ef-4990-85cf-49287850296c,2026-05-18T16:15:00Z,2026-05-18T18:15:00+0200,187.9,EUR/MWh,FR,FR,imbalance_price,Long,2026-06-07T17:42:53Z
2026-06-07T17:41:56Z,2026-06-07T19:41:56+0200,9fbaedea-27ef-4990-85cf-49287850296c,2026-05-18T16:15:00Z,2026-05-18T18:15:00+0200,222.62,EUR/MWh,FR,FR,imbalance_price,Short,2026-06-07T17:42:53Z
2026-06-07T17:41:56Z,2026-06-07T19:41:56+0200,9fbaedea-27ef-4990-85cf-49287850296c,2026-05-18T16:30:00Z,2026-05-18T18:30:00+0200,339.37,EUR/MWh,FR,FR,imbalance_price,Long,2026-06-07T17:42:53Z
2026-06-07T17:41:56Z,2026-06-07T19:41:56+0200,9fbaedea-27ef-4990-85cf-49287850296c,2026-05-18T16:30:00Z,2026-05-18T18:30:00+0200,402.09,EUR/MWh,FR,FR,imbalance_price,Short,2026-06-07T17:42:53Z
2026-06-07T17:41:56Z,2026-06-07T19:41:56+0200,9fbaedea-27ef-4990-85cf-49287850296c,2026-05-18T16:45:00Z,2026-05-18T18:45:00+0200,167.55,EUR/MWh,FR,FR,imbalance_price,Long,2026-06-07T17:42:53Z
2026-06-07T17:41:56Z,2026-06-07T19:41:56+0200,9fbaedea-27ef-4990-85cf-49287850296c,2026-05-18T16:45:00Z,2026-05-18T18:45:00+0200,198.51,EUR/MWh,FR,FR,imbalance_price,Short,2026-06-07T17:42:53Z
2026-06-07T17:41:56Z,2026-06-07T19:41:56+0200,9fbaedea-27ef-4990-85cf-49287850296c,2026-05-18T17:00:00Z,2026-05-18T19:00:00+0200,210.38,EUR/MWh,FR,FR,imbalance_price,Long,2026-06-07T17:42:53Z
2026-06-07T17:41:56Z,2026-06-07T19:41:56+0200,9fbaedea-27ef-4990-85cf-49287850296c,2026-05-18T17:00:00Z,2026-05-18T19:00:00+0200,249.26,EUR/MWh,FR,FR,imbalance_price,Short,2026-06-07T17:42:53Z
2026-06-07T17:41:56Z,2026-06-07T19:41:56+0200,9fbaedea-27ef-4990-85cf-49287850296c,2026-05-18T17:15:00Z,2026-05-18T19:15:00+0200,229.5,EUR/MWh,FR,FR,imbalance_price,Long,2026-06-07T17:42:53Z
2026-06-07T17:41:56Z,2026-06-07T19:41:56+0200,9fbaedea-27ef-4990-85cf-49287850296c,2026-05-18T17:15:00Z,2026-05-18T19:15:00+0200,271.92,EUR/MWh,FR,FR,imbalance_price,Short,2026-06-07T17:42:53Z
2026-06-07T17:41:56Z,2026-06-07T19:41:56+0200,9fbaedea-27ef-4990-85cf-49287850296c,2026-05-18T17:30:00Z,2026-05-18T19:30:00+0200,206.9,EUR/MWh,FR,FR,imbalance_price,Long,2026-06-07T17:42:53Z
2026-06-07T17:41:56Z,2026-06-07T19:41:56+0200,9fbaedea-27ef-4990-85cf-49287850296c,2026-05-18T17:30:00Z,2026-05-18T19:30:00+0200,245.14,EUR/MWh,FR,FR,imbalance_price,Short,2026-06-07T17:42:53Z
2026-06-07T17:41:56Z,2026-06-07T19:41:56+0200,9fbaedea-27ef-4990-85cf-49287850296c,2026-05-18T17:45:00Z,2026-05-18T19:45:00+0200,206.33,EUR/MWh,FR,FR,imbalance_price,Long,2026-06-07T17:42:53Z
2026-06-07T17:41:56Z,2026-06-07T19:41:56+0200,9fbaedea-27ef-4990-85cf-49287850296c,2026-05-18T17:45:00Z,2026-05-18T19:45:00+0200,244.47,EUR/MWh,FR,FR,imbalance_price,Short,2026-06-07T17:42:53Z
2026-06-07T17:41:56Z,2026-06-07T19:41:56+0200,9fbaedea-27ef-4990-85cf-49287850296c,2026-05-18T18:00:00Z,2026-05-18T20:00:00+0200,241.63,EUR/MWh,FR,FR,imbalance_price,Long,2026-06-07T17:42:53Z
2026-06-07T17:41:56Z,2026-06-07T19:41:56+0200,9fbaedea-27ef-4990-85cf-49287850296c,2026-05-18T18:00:00Z,2026-05-18T20:00:00+0200,286.29,EUR/MWh,FR,FR,imbalance_price,Short,2026-06-07T17:42:53Z
2026-06-07T17:41:56Z,2026-06-07T19:41:56+0200,9fbaedea-27ef-4990-85cf-49287850296c,2026-05-18T18:15:00Z,2026-05-18T20:15:00+0200,304.2,EUR/MWh,FR,FR,imbalance_price,Long,2026-06-07T17:42:53Z
2026-06-07T17:41:56Z,2026-06-07T19:41:56+0200,9fbaedea-27ef-4990-85cf-49287850296c,2026-05-18T18:15:00Z,2026-05-18T20:15:00+0200,360.42,EUR/MWh,FR,FR,imbalance_price,Short,2026-06-07T17:42:53Z
2026-06-07T17:41:56Z,2026-06-07T19:41:56+0200,9fbaedea-27ef-4990-85cf-49287850296c,2026-05-18T18:30:00Z,2026-05-18T20:30:00+0200,304.2,EUR/MWh,FR,FR,imbalance_price,Long,2026-06-07T17:42:53Z
2026-06-07T17:41:56Z,2026-06-07T19:41:56+0200,9fbaedea-27ef-4990-85cf-49287850296c,2026-05-18T18:30:00Z,2026-05-18T20:30:00+0200,360.42,EUR/MWh,FR,FR,imbalance_price,Short,2026-06-07T17:42:53Z
2026-06-07T17:41:56Z,2026-06-07T19:41:56+0200,9fbaedea-27ef-4990-85cf-49287850296c,2026-05-18T18:45:00Z,2026-05-18T20:45:00+0200,304.2,EUR/MWh,FR,FR,imbalance_price,Long,2026-06-07T17:42:53Z
2026-06-07T17:41:56Z,2026-06-07T19:41:56+0200,9fbaedea-27ef-4990-85cf-49287850296c,2026-05-18T18:45:00Z,2026-05-18T20:45:00+0200,360.42,EUR/MWh,FR,FR,imbalance_price,Short,2026-06-07T17:42:53Z
2026-06-07T17:41:56Z,2026-06-07T19:41:56+0200,9fbaedea-27ef-4990-85cf-49287850296c,2026-05-18T19:00:00Z,2026-05-18T21:00:00+0200,331.26,EUR/MWh,FR,FR,imbalance_price,Long,2026-06-07T17:42:53Z
2026-06-07T17:41:56Z,2026-06-07T19:41:56+0200,9fbaedea-27ef-4990-85cf-49287850296c,2026-05-18T19:00:00Z,2026-05-18T21:00:00+0200,392.48,EUR/MWh,FR,FR,imbalance_price,Short,2026-06-07T17:42:53Z
2026-06-07T17:41:56Z,2026-06-07T19:41:56+0200,9fbaedea-27ef-4990-85cf-49287850296c,2026-05-18T19:15:00Z,2026-05-18T21:15:00+0200,331.26,EUR/MWh,FR,FR,imbalance_price,Long,2026-06-07T17:42:53Z
2026-06-07T17:41:56Z,2026-06-07T19:41:56+0200,9fbaedea-27ef-4990-85cf-49287850296c,2026-05-18T19:15:00Z,2026-05-18T21:15:00+0200,392.48,EUR/MWh,FR,FR,imbalance_price,Short,2026-06-07T17:42:53Z
2026-06-07T17:41:56Z,2026-06-07T19:41:56+0200,9fbaedea-27ef-4990-85cf-49287850296c,2026-05-18T19:30:00Z,2026-05-18T21:30:00+0200,331.26,EUR/MWh,FR,FR,imbalance_price,Long,2026-06-07T17:42:53Z
2026-06-07T17:41:56Z,2026-06-07T19:41:56+0200,9fbaedea-27ef-4990-85cf-49287850296c,2026-05-18T19:30:00Z,2026-05-18T21:30:00+0200,392.48,EUR/MWh,FR,FR,imbalance_price,Short,2026-06-07T17:42:53Z
2026-06-07T17:41:56Z,2026-06-07T19:41:56+0200,9fbaedea-27ef-4990-85cf-49287850296c,2026-05-18T19:45:00Z,2026-05-18T21:45:00+0200,369.17,EUR/MWh,FR,FR,imbalance_price,Long,2026-06-07T17:42:53Z
2026-06-07T17:41:56Z,2026-06-07T19:41:56+0200,9fbaedea-27ef-4990-85cf-49287850296c,2026-05-18T19:45:00Z,2026-05-18T21:45:00+0200,437.41,EUR/MWh,FR,FR,imbalance_price,Short,2026-06-07T17:42:53Z
2026-06-07T17:41:56Z,2026-06-07T19:41:56+0200,9fbaedea-27ef-4990-85cf-49287850296c,2026-05-18T20:00:00Z,2026-05-18T22:00:00+0200,241.78,EUR/MWh,FR,FR,imbalance_price,Long,2026-06-07T17:42:53Z
2026-06-07T17:41:56Z,2026-06-07T19:41:56+0200,9fbaedea-27ef-4990-85cf-49287850296c,2026-05-18T20:00:00Z,2026-05-18T22:00:00+0200,286.46,EUR/MWh,FR,FR,imbalance_price,Short,2026-06-07T17:42:53Z
2026-06-07T17:41:56Z,2026-06-07T19:41:56+0200,9fbaedea-27ef-4990-85cf-49287850296c,2026-05-18T20:15:00Z,2026-05-18T22:15:00+0200,206.27,EUR/MWh,FR,FR,imbalance_price,Long,2026-06-07T17:42:53Z
2026-06-07T17:41:56Z,2026-06-07T19:41:56+0200,9fbaedea-27ef-4990-85cf-49287850296c,2026-05-18T20:15:00Z,2026-05-18T22:15:00+0200,244.39,EUR/MWh,FR,FR,imbalance_price,Short,2026-06-07T17:42:53Z
2026-06-07T17:41:56Z,2026-06-07T19:41:56+0200,9fbaedea-27ef-4990-85cf-49287850296c,2026-05-18T20:30:00Z,2026-05-18T22:30:00+0200,147.26,EUR/MWh,FR,FR,imbalance_price,Long,2026-06-07T17:42:53Z
2026-06-07T17:41:56Z,2026-06-07T19:41:56+0200,9fbaedea-27ef-4990-85cf-49287850296c,2026-05-18T20:30:00Z,2026-05-18T22:30:00+0200,174.48,EUR/MWh,FR,FR,imbalance_price,Short,2026-06-07T17:42:53Z
2026-06-07T17:41:56Z,2026-06-07T19:41:56+0200,9fbaedea-27ef-4990-85cf-49287850296c,2026-05-18T20:45:00Z,2026-05-18T22:45:00+0200,150.46,EUR/MWh,FR,FR,imbalance_price,Long,2026-06-07T17:42:53Z
2026-06-07T17:41:56Z,2026-06-07T19:41:56+0200,9fbaedea-27ef-4990-85cf-49287850296c,2026-05-18T20:45:00Z,2026-05-18T22:45:00+0200,178.28,EUR/MWh,FR,FR,imbalance_price,Short,2026-06-07T17:42:53Z
2026-06-07T17:41:56Z,2026-06-07T19:41:56+0200,9fbaedea-27ef-4990-85cf-49287850296c,2026-05-18T21:00:00Z,2026-05-18T23:00:00+0200,108.37,EUR/MWh,FR,FR,imbalance_price,Long,2026-06-07T17:42:53Z
2026-06-07T17:41:56Z,2026-06-07T19:41:56+0200,9fbaedea-27ef-4990-85cf-49287850296c,2026-05-18T21:00:00Z,2026-05-18T23:00:00+0200,128.39,EUR/MWh,FR,FR,imbalance_price,Short,2026-06-07T17:42:53Z
2026-06-07T17:41:56Z,2026-06-07T19:41:56+0200,9fbaedea-27ef-4990-85cf-49287850296c,2026-05-18T21:15:00Z,2026-05-18T23:15:00+0200,120.69,EUR/MWh,FR,FR,imbalance_price,Long,2026-06-07T17:42:53Z
2026-06-07T17:41:56Z,2026-06-07T19:41:56+0200,9fbaedea-27ef-4990-85cf-49287850296c,2026-05-18T21:15:00Z,2026-05-18T23:15:00+0200,142.99,EUR/MWh,FR,FR,imbalance_price,Short,2026-06-07T17:42:53Z
2026-06-07T17:41:56Z,2026-06-07T19:41:56+0200,9fbaedea-27ef-4990-85cf-49287850296c,2026-05-18T21:30:00Z,2026-05-18T23:30:00+0200,113.13,EUR/MWh,FR,FR,imbalance_price,Long,2026-06-07T17:42:53Z
2026-06-07T17:41:56Z,2026-06-07T19:41:56+0200,9fbaedea-27ef-4990-85cf-49287850296c,2026-05-18T21:30:00Z,2026-05-18T23:30:00+0200,134.03,EUR/MWh,FR,FR,imbalance_price,Short,2026-06-07T17:42:53Z
2026-06-07T17:41:56Z,2026-06-07T19:41:56+0200,9fbaedea-27ef-4990-85cf-49287850296c,2026-05-18T21:45:00Z,2026-05-18T23:45:00+0200,115.81,EUR/MWh,FR,FR,imbalance_price,Long,2026-06-07T17:42:53Z
2026-06-07T17:41:56Z,2026-06-07T19:41:56+0200,9fbaedea-27ef-4990-85cf-49287850296c,2026-05-18T21:45:00Z,2026-05-18T23:45:00+0200,137.21,EUR/MWh,FR,FR,imbalance_price,Short,2026-06-07T17:42:53Z
2026-06-07T17:41:56Z,2026-06-07T19:41:56+0200,9fbaedea-27ef-4990-85cf-49287850296c,2026-05-18T22:00:00Z,2026-05-19T00:00:00+0200,92.44,EUR/MWh,FR,FR,imbalance_price,Long,2026-06-07T17:42:53Z
2026-06-07T17:41:56Z,2026-06-07T19:41:56+0200,9fbaedea-27ef-4990-85cf-49287850296c,2026-05-18T22:00:00Z,2026-05-19T00:00:00+0200,109.52,EUR/MWh,FR,FR,imbalance_price,Short,2026-06-07T17:42:53Z
2026-06-07T17:41:56Z,2026-06-07T19:41:56+0200,9fbaedea-27ef-4990-85cf-49287850296c,2026-05-18T22:15:00Z,2026-05-19T00:15:00+0200,106.41,EUR/MWh,FR,FR,imbalance_price,Long,2026-06-07T17:42:53Z
2026-06-07T17:41:56Z,2026-06-07T19:41:56+0200,9fbaedea-27ef-4990-85cf-49287850296c,2026-05-18T22:15:00Z,2026-05-19T00:15:00+0200,126.07,EUR/MWh,FR,FR,imbalance_price,Short,2026-06-07T17:42:53Z
2026-06-07T17:41:56Z,2026-06-07T19:41:56+0200,9fbaedea-27ef-4990-85cf-49287850296c,2026-05-18T22:30:00Z,2026-05-19T00:30:00+0200,102.67,EUR/MWh,FR,FR,imbalance_price,Long,2026-06-07T17:42:53Z
2026-06-07T17:41:56Z,2026-06-07T19:41:56+0200,9fbaedea-27ef-4990-85cf-49287850296c,2026-05-18T22:30:00Z,2026-05-19T00:30:00+0200,121.65,EUR/MWh,FR,FR,imbalance_price,Short,2026-06-07T17:42:53Z
2026-06-07T17:41:56Z,2026-06-07T19:41:56+0200,9fbaedea-27ef-4990-85cf-49287850296c,2026-05-18T22:45:00Z,2026-05-19T00:45:00+0200,90.59,EUR/MWh,FR,FR,imbalance_price,Long,2026-06-07T17:42:53Z
2026-06-07T17:41:56Z,2026-06-07T19:41:56+0200,9fbaedea-27ef-4990-85cf-49287850296c,2026-05-18T22:45:00Z,2026-05-19T00:45:00+0200,107.33,EUR/MWh,FR,FR,imbalance_price,Short,2026-06-07T17:42:53Z
2026-06-07T17:41:56Z,2026-06-07T19:41:56+0200,9fbaedea-27ef-4990-85cf-49287850296c,2026-05-18T23:00:00Z,2026-05-19T01:00:00+0200,129.13,EUR/MWh,FR,FR,imbalance_price,Long,2026-06-07T17:42:53Z
2026-06-07T17:41:56Z,2026-06-07T19:41:56+0200,9fbaedea-27ef-4990-85cf-49287850296c,2026-05-18T23:00:00Z,2026-05-19T01:00:00+0200,152.99,EUR/MWh,FR,FR,imbalance_price,Short,2026-06-07T17:42:53Z
2026-06-07T17:41:56Z,2026-06-07T19:41:56+0200,9fbaedea-27ef-4990-85cf-49287850296c,2026-05-18T23:15:00Z,2026-05-19T01:15:00+0200,134.88,EUR/MWh,FR,FR,imbalance_price,Long,2026-06-07T17:42:53Z
2026-06-07T17:41:56Z,2026-06-07T19:41:56+0200,9fbaedea-27ef-4990-85cf-49287850296c,2026-05-18T23:15:00Z,2026-05-19T01:15:00+0200,159.82,EUR/MWh,FR,FR,imbalance_price,Short,2026-06-07T17:42:53Z
2026-06-07T17:41:56Z,2026-06-07T19:41:56+0200,9fbaedea-27ef-4990-85cf-49287850296c,2026-05-18T23:30:00Z,2026-05-19T01:30:00+0200,137.18,EUR/MWh,FR,FR,imbalance_price,Long,2026-06-07T17:42:53Z
2026-06-07T17:41:56Z,2026-06-07T19:41:56+0200,9fbaedea-27ef-4990-85cf-49287850296c,2026-05-18T23:30:00Z,2026-05-19T01:30:00+0200,162.54,EUR/MWh,FR,FR,imbalance_price,Short,2026-06-07T17:42:53Z
2026-06-07T17:41:56Z,2026-06-07T19:41:56+0200,9fbaedea-27ef-4990-85cf-49287850296c,2026-05-18T23:45:00Z,2026-05-19T01:45:00+0200,137.18,EUR/MWh,FR,FR,imbalance_price,Long,2026-06-07T17:42:53Z
2026-06-07T17:41:56Z,2026-06-07T19:41:56+0200,9fbaedea-27ef-4990-85cf-49287850296c,2026-05-18T23:45:00Z,2026-05-19T01:45:00+0200,162.54,EUR/MWh,FR,FR,imbalance_price,Short,2026-06-07T17:42:53Z
2026-06-07T17:41:56Z,2026-06-07T19:41:56+0200,9fbaedea-27ef-4990-85cf-49287850296c,2026-05-19T00:00:00Z,2026-05-19T02:00:00+0200,129.23,EUR/MWh,FR,FR,imbalance_price,Long,2026-06-07T17:42:53Z
2026-06-07T17:41:56Z,2026-06-07T19:41:56+0200,9fbaedea-27ef-4990-85cf-49287850296c,2026-05-19T00:00:00Z,2026-05-19T02:00:00+0200,153.11,EUR/MWh,FR,FR,imbalance_price,Short,2026-06-07T17:42:53Z
2026-06-07T17:41:56Z,2026-06-07T19:41:56+0200,9fbaedea-27ef-4990-85cf-49287850296c,2026-05-19T00:15:00Z,2026-05-19T02:15:00+0200,131.26,EUR/MWh,FR,FR,imbalance_price,Long,2026-06-07T17:42:53Z
2026-06-07T17:41:56Z,2026-06-07T19:41:56+0200,9fbaedea-27ef-4990-85cf-49287850296c,2026-05-19T00:15:00Z,2026-05-19T02:15:00+0200,155.52,EUR/MWh,FR,FR,imbalance_price,Short,2026-06-07T17:42:53Z
2026-06-07T17:41:56Z,2026-06-07T19:41:56+0200,9fbaedea-27ef-4990-85cf-49287850296c,2026-05-19T00:30:00Z,2026-05-19T02:30:00+0200,128.43,EUR/MWh,FR,FR,imbalance_price,Long,2026-06-07T17:42:53Z
2026-06-07T17:41:56Z,2026-06-07T19:41:56+0200,9fbaedea-27ef-4990-85cf-49287850296c,2026-05-19T00:30:00Z,2026-05-19T02:30:00+0200,152.17,EUR/MWh,FR,FR,imbalance_price,Short,2026-06-07T17:42:53Z
2026-06-07T17:41:56Z,2026-06-07T19:41:56+0200,9fbaedea-27ef-4990-85cf-49287850296c,2026-05-19T00:45:00Z,2026-05-19T02:45:00+0200,142.53,EUR/MWh,FR,FR,imbalance_price,Long,2026-06-07T17:42:53Z
2026-06-07T17:41:56Z,2026-06-07T19:41:56+0200,9fbaedea-27ef-4990-85cf-49287850296c,2026-05-19T00:45:00Z,2026-05-19T02:45:00+0200,168.87,EUR/MWh,FR,FR,imbalance_price,Short,2026-06-07T17:42:53Z
2026-06-07T17:41:56Z,2026-06-07T19:41:56+0200,9fbaedea-27ef-4990-85cf-49287850296c,2026-05-19T01:00:00Z,2026-05-19T03:00:00+0200,126.84,EUR/MWh,FR,FR,imbalance_price,Long,2026-06-07T17:42:53Z
2026-06-07T17:41:56Z,2026-06-07T19:41:56+0200,9fbaedea-27ef-4990-85cf-49287850296c,2026-05-19T01:00:00Z,2026-05-19T03:00:00+0200,150.28,EUR/MWh,FR,FR,imbalance_price,Short,2026-06-07T17:42:53Z
2026-06-07T17:41:56Z,2026-06-07T19:41:56+0200,9fbaedea-27ef-4990-85cf-49287850296c,2026-05-19T01:15:00Z,2026-05-19T03:15:00+0200,126.97,EUR/MWh,FR,FR,imbalance_price,Long,2026-06-07T17:42:53Z
2026-06-07T17:41:56Z,2026-06-07T19:41:56+0200,9fbaedea-27ef-4990-85cf-49287850296c,2026-05-19T01:15:00Z,2026-05-19T03:15:00+0200,150.43,EUR/MWh,FR,FR,imbalance_price,Short,2026-06-07T17:42:53Z
2026-06-07T17:41:56Z,2026-06-07T19:41:56+0200,9fbaedea-27ef-4990-85cf-49287850296c,2026-05-19T01:30:00Z,2026-05-19T03:30:00+0200,115.25,EUR/MWh,FR,FR,imbalance_price,Long,2026-06-07T17:42:53Z
2026-06-07T17:41:56Z,2026-06-07T19:41:56+0200,9fbaedea-27ef-4990-85cf-49287850296c,2026-05-19T01:30:00Z,2026-05-19T03:30:00+0200,136.55,EUR/MWh,FR,FR,imbalance_price,Short,2026-06-07T17:42:53Z
2026-06-07T17:41:56Z,2026-06-07T19:41:56+0200,9fbaedea-27ef-4990-85cf-49287850296c,2026-05-19T01:45:00Z,2026-05-19T03:45:00+0200,111.96,EUR/MWh,FR,FR,imbalance_price,Long,2026-06-07T17:42:53Z
2026-06-07T17:41:56Z,2026-06-07T19:41:56+0200,9fbaedea-27ef-4990-85cf-49287850296c,2026-05-19T01:45:00Z,2026-05-19T03:45:00+0200,132.66,EUR/MWh,FR,FR,imbalance_price,Short,2026-06-07T17:42:53Z
2026-06-07T17:41:56Z,2026-06-07T19:41:56+0200,9fbaedea-27ef-4990-85cf-49287850296c,2026-05-19T02:00:00Z,2026-05-19T04:00:00+0200,86.53,EUR/MWh,FR,FR,imbalance_price,Long,2026-06-07T17:42:53Z
2026-06-07T17:41:56Z,2026-06-07T19:41:56+0200,9fbaedea-27ef-4990-85cf-49287850296c,2026-05-19T02:00:00Z,2026-05-19T04:00:00+0200,102.53,EUR/MWh,FR,FR,imbalance_price,Short,2026-06-07T17:42:53Z
2026-06-07T17:41:56Z,2026-06-07T19:41:56+0200,9fbaedea-27ef-4990-85cf-49287850296c,2026-05-19T02:15:00Z,2026-05-19T04:15:00+0200,61.71,EUR/MWh,FR,FR,imbalance_price,Long,2026-06-07T17:42:53Z
2026-06-07T17:41:56Z,2026-06-07T19:41:56+0200,9fbaedea-27ef-4990-85cf-49287850296c,2026-05-19T02:15:00Z,2026-05-19T04:15:00+0200,73.11,EUR/MWh,FR,FR,imbalance_price,Short,2026-06-07T17:42:53Z
2026-06-07T17:41:56Z,2026-06-07T19:41:56+0200,9fbaedea-27ef-4990-85cf-49287850296c,2026-05-19T02:30:00Z,2026-05-19T04:30:00+0200,90.77,EUR/MWh,FR,FR,imbalance_price,Long,2026-06-07T17:42:53Z
2026-06-07T17:41:56Z,2026-06-07T19:41:56+0200,9fbaedea-27ef-4990-85cf-49287850296c,2026-05-19T02:30:00Z,2026-05-19T04:30:00+0200,107.55,EUR/MWh,FR,FR,imbalance_price,Short,2026-06-07T17:42:53Z
2026-06-07T17:41:56Z,2026-06-07T19:41:56+0200,9fbaedea-27ef-4990-85cf-49287850296c,2026-05-19T02:45:00Z,2026-05-19T04:45:00+0200,79.41,EUR/MWh,FR,FR,imbalance_price,Long,2026-06-07T17:42:53Z
2026-06-07T17:41:56Z,2026-06-07T19:41:56+0200,9fbaedea-27ef-4990-85cf-49287850296c,2026-05-19T02:45:00Z,2026-05-19T04:45:00+0200,94.09,EUR/MWh,FR,FR,imbalance_price,Short,2026-06-07T17:42:53Z
2026-06-07T17:41:56Z,2026-06-07T19:41:56+0200,9fbaedea-27ef-4990-85cf-49287850296c,2026-05-19T03:00:00Z,2026-05-19T05:00:00+0200,148.19,EUR/MWh,FR,FR,imbalance_price,Long,2026-06-07T17:42:53Z
2026-06-07T17:41:56Z,2026-06-07T19:41:56+0200,9fbaedea-27ef-4990-85cf-49287850296c,2026-05-19T03:00:00Z,2026-05-19T05:00:00+0200,175.59,EUR/MWh,FR,FR,imbalance_price,Short,2026-06-07T17:42:53Z
2026-06-07T17:41:56Z,2026-06-07T19:41:56+0200,9fbaedea-27ef-4990-85cf-49287850296c,2026-05-19T03:15:00Z,2026-05-19T05:15:00+0200,148.02,EUR/MWh,FR,FR,imbalance_price,Long,2026-06-07T17:42:53Z
2026-06-07T17:41:56Z,2026-06-07T19:41:56+0200,9fbaedea-27ef-4990-85cf-49287850296c,2026-05-19T03:15:00Z,2026-05-19T05:15:00+0200,175.38,EUR/MWh,FR,FR,imbalance_price,Short,2026-06-07T17:42:53Z
2026-06-07T17:41:56Z,2026-06-07T19:41:56+0200,9fbaedea-27ef-4990-85cf-49287850296c,2026-05-19T03:30:00Z,2026-05-19T05:30:00+0200,146.84,EUR/MWh,FR,FR,imbalance_price,Long,2026-06-07T17:42:53Z
2026-06-07T17:41:56Z,2026-06-07T19:41:56+0200,9fbaedea-27ef-4990-85cf-49287850296c,2026-05-19T03:30:00Z,2026-05-19T05:30:00+0200,173.98,EUR/MWh,FR,FR,imbalance_price,Short,2026-06-07T17:42:53Z
2026-06-07T17:41:56Z,2026-06-07T19:41:56+0200,9fbaedea-27ef-4990-85cf-49287850296c,2026-05-19T03:45:00Z,2026-05-19T05:45:00+0200,140.02,EUR/MWh,FR,FR,imbalance_price,Long,2026-06-07T17:42:53Z
2026-06-07T17:41:56Z,2026-06-07T19:41:56+0200,9fbaedea-27ef-4990-85cf-49287850296c,2026-05-19T03:45:00Z,2026-05-19T05:45:00+0200,165.9,EUR/MWh,FR,FR,imbalance_price,Short,2026-06-07T17:42:53Z
2026-06-07T17:41:56Z,2026-06-07T19:41:56+0200,9fbaedea-27ef-4990-85cf-49287850296c,2026-05-19T04:00:00Z,2026-05-19T06:00:00+0200,145.26,EUR/MWh,FR,FR,imbalance_price,Long,2026-06-07T17:42:53Z
2026-06-07T17:41:56Z,2026-06-07T19:41:56+0200,9fbaedea-27ef-4990-85cf-49287850296c,2026-05-19T04:00:00Z,2026-05-19T06:00:00+0200,172.1,EUR/MWh,FR,FR,imbalance_price,Short,2026-06-07T17:42:53Z
2026-06-07T17:41:56Z,2026-06-07T19:41:56+0200,9fbaedea-27ef-4990-85cf-49287850296c,2026-05-19T04:15:00Z,2026-05-19T06:15:00+0200,133.91,EUR/MWh,FR,FR,imbalance_price,Long,2026-06-07T17:42:53Z
2026-06-07T17:41:56Z,2026-06-07T19:41:56+0200,9fbaedea-27ef-4990-85cf-49287850296c,2026-05-19T04:15:00Z,2026-05-19T06:15:00+0200,158.67,EUR/MWh,FR,FR,imbalance_price,Short,2026-06-07T17:42:53Z
2026-06-07T17:41:56Z,2026-06-07T19:41:56+0200,9fbaedea-27ef-4990-85cf-49287850296c,2026-05-19T04:30:00Z,2026-05-19T06:30:00+0200,131.78,EUR/MWh,FR,FR,imbalance_price,Long,2026-06-07T17:42:53Z
2026-06-07T17:41:56Z,2026-06-07T19:41:56+0200,9fbaedea-27ef-4990-85cf-49287850296c,2026-05-19T04:30:00Z,2026-05-19T06:30:00+0200,156.14,EUR/MWh,FR,FR,imbalance_price,Short,2026-06-07T17:42:53Z
2026-06-07T17:41:56Z,2026-06-07T19:41:56+0200,9fbaedea-27ef-4990-85cf-49287850296c,2026-05-19T04:45:00Z,2026-05-19T06:45:00+0200,116.9,EUR/MWh,FR,FR,imbalance_price,Long,2026-06-07T17:42:53Z
2026-06-07T17:41:56Z,2026-06-07T19:41:56+0200,9fbaedea-27ef-4990-85cf-49287850296c,2026-05-19T04:45:00Z,2026-05-19T06:45:00+0200,138.5,EUR/MWh,FR,FR,imbalance_price,Short,2026-06-07T17:42:53Z
2026-06-07T17:41:56Z,2026-06-07T19:41:56+0200,9fbaedea-27ef-4990-85cf-49287850296c,2026-05-19T05:00:00Z,2026-05-19T07:00:00+0200,102.39,EUR/MWh,FR,FR,imbalance_price,Long,2026-06-07T17:42:53Z
2026-06-07T17:41:56Z,2026-06-07T19:41:56+0200,9fbaedea-27ef-4990-85cf-49287850296c,2026-05-19T05:00:00Z,2026-05-19T07:00:00+0200,121.31,EUR/MWh,FR,FR,imbalance_price,Short,2026-06-07T17:42:53Z
2026-06-07T17:41:56Z,2026-06-07T19:41:56+0200,9fbaedea-27ef-4990-85cf-49287850296c,2026-05-19T05:15:00Z,2026-05-19T07:15:00+0200,90.74,EUR/MWh,FR,FR,imbalance_price,Long,2026-06-07T17:42:53Z
2026-06-07T17:41:56Z,2026-06-07T19:41:56+0200,9fbaedea-27ef-4990-85cf-49287850296c,2026-05-19T05:15:00Z,2026-05-19T07:15:00+0200,107.52,EUR/MWh,FR,FR,imbalance_price,Short,2026-06-07T17:42:53Z
2026-06-07T17:41:56Z,2026-06-07T19:41:56+0200,9fbaedea-27ef-4990-85cf-49287850296c,2026-05-19T05:30:00Z,2026-05-19T07:30:00+0200,90.62,EUR/MWh,FR,FR,imbalance_price,Long,2026-06-07T17:42:53Z
2026-06-07T17:41:56Z,2026-06-07T19:41:56+0200,9fbaedea-27ef-4990-85cf-49287850296c,2026-05-19T05:30:00Z,2026-05-19T07:30:00+0200,107.38,EUR/MWh,FR,FR,imbalance_price,Short,2026-06-07T17:42:53Z
2026-06-07T17:41:56Z,2026-06-07T19:41:56+0200,9fbaedea-27ef-4990-85cf-49287850296c,2026-05-19T05:45:00Z,2026-05-19T07:45:00+0200,53.56,EUR/MWh,FR,FR,imbalance_price,Long,2026-06-07T17:42:53Z
2026-06-07T17:41:56Z,2026-06-07T19:41:56+0200,9fbaedea-27ef-4990-85cf-49287850296c,2026-05-19T05:45:00Z,2026-05-19T07:45:00+0200,63.46,EUR/MWh,FR,FR,imbalance_price,Short,2026-06-07T17:42:53Z
2026-06-07T17:41:56Z,2026-06-07T19:41:56+0200,9fbaedea-27ef-4990-85cf-49287850296c,2026-05-19T06:00:00Z,2026-05-19T08:00:00+0200,125.51,EUR/MWh,FR,FR,imbalance_price,Long,2026-06-07T17:42:53Z
2026-06-07T17:41:56Z,2026-06-07T19:41:56+0200,9fbaedea-27ef-4990-85cf-49287850296c,2026-05-19T06:00:00Z,2026-05-19T08:00:00+0200,148.71,EUR/MWh,FR,FR,imbalance_price,Short,2026-06-07T17:42:53Z
2026-06-07T17:41:56Z,2026-06-07T19:41:56+0200,9fbaedea-27ef-4990-85cf-49287850296c,2026-05-19T06:15:00Z,2026-05-19T08:15:00+0200,78.91,EUR/MWh,FR,FR,imbalance_price,Long,2026-06-07T17:42:53Z
2026-06-07T17:41:56Z,2026-06-07T19:41:56+0200,9fbaedea-27ef-4990-85cf-49287850296c,2026-05-19T06:15:00Z,2026-05-19T08:15:00+0200,93.49,EUR/MWh,FR,FR,imbalance_price,Short,2026-06-07T17:42:53Z
2026-06-07T17:41:56Z,2026-06-07T19:41:56+0200,9fbaedea-27ef-4990-85cf-49287850296c,2026-05-19T06:30:00Z,2026-05-19T08:30:00+0200,4.42,EUR/MWh,FR,FR,imbalance_price,Long,2026-06-07T17:42:53Z
2026-06-07T17:41:56Z,2026-06-07T19:41:56+0200,9fbaedea-27ef-4990-85cf-49287850296c,2026-05-19T06:30:00Z,2026-05-19T08:30:00+0200,5.24,EUR/MWh,FR,FR,imbalance_price,Short,2026-06-07T17:42:53Z
2026-06-07T17:41:56Z,2026-06-07T19:41:56+0200,9fbaedea-27ef-4990-85cf-49287850296c,2026-05-19T06:45:00Z,2026-05-19T08:45:00+0200,47.36,EUR/MWh,FR,FR,imbalance_price,Long,2026-06-07T17:42:53Z
2026-06-07T17:41:56Z,2026-06-07T19:41:56+0200,9fbaedea-27ef-4990-85cf-49287850296c,2026-05-19T06:45:00Z,2026-05-19T08:45:00+0200,56.12,EUR/MWh,FR,FR,imbalance_price,Short,2026-06-07T17:42:53Z
2026-06-07T17:41:56Z,2026-06-07T19:41:56+0200,9fbaedea-27ef-4990-85cf-49287850296c,2026-05-19T07:00:00Z,2026-05-19T09:00:00+0200,26.33,EUR/MWh,FR,FR,imbalance_price,Long,2026-06-07T17:42:53Z
2026-06-07T17:41:56Z,2026-06-07T19:41:56+0200,9fbaedea-27ef-4990-85cf-49287850296c,2026-05-19T07:00:00Z,2026-05-19T09:00:00+0200,31.19,EUR/MWh,FR,FR,imbalance_price,Short,2026-06-07T17:42:53Z
2026-06-07T17:41:56Z,2026-06-07T19:41:56+0200,9fbaedea-27ef-4990-85cf-49287850296c,2026-05-19T07:15:00Z,2026-05-19T09:15:00+0200,-2.77,EUR/MWh,FR,FR,imbalance_price,Long,2026-06-07T17:42:53Z
2026-06-07T17:41:56Z,2026-06-07T19:41:56+0200,9fbaedea-27ef-4990-85cf-49287850296c,2026-05-19T07:15:00Z,2026-05-19T09:15:00+0200,-2.33,EUR/MWh,FR,FR,imbalance_price,Short,2026-06-07T17:42:53Z
2026-06-07T17:41:56Z,2026-06-07T19:41:56+0200,9fbaedea-27ef-4990-85cf-49287850296c,2026-05-19T07:30:00Z,2026-05-19T09:30:00+0200,-9.33,EUR/MWh,FR,FR,imbalance_price,Long,2026-06-07T17:42:53Z
2026-06-07T17:41:56Z,2026-06-07T19:41:56+0200,9fbaedea-27ef-4990-85cf-49287850296c,2026-05-19T07:30:00Z,2026-05-19T09:30:00+0200,-7.87,EUR/MWh,FR,FR,imbalance_price,Short,2026-06-07T17:42:53Z
2026-06-07T17:41:56Z,2026-06-07T19:41:56+0200,9fbaedea-27ef-4990-85cf-49287850296c,2026-05-19T07:45:00Z,2026-05-19T09:45:00+0200,-47.39,EUR/MWh,FR,FR,imbalance_price,Long,2026-06-07T17:42:53Z
2026-06-07T17:41:56Z,2026-06-07T19:41:56+0200,9fbaedea-27ef-4990-85cf-49287850296c,2026-05-19T07:45:00Z,2026-05-19T09:45:00+0200,-39.99,EUR/MWh,FR,FR,imbalance_price,Short,2026-06-07T17:42:53Z
2026-06-07T17:41:56Z,2026-06-07T19:41:56+0200,9fbaedea-27ef-4990-85cf-49287850296c,2026-05-19T08:00:00Z,2026-05-19T10:00:00+0200,-11.41,EUR/MWh,FR,FR,imbalance_price,Long,2026-06-07T17:42:53Z
2026-06-07T17:41:56Z,2026-06-07T19:41:56+0200,9fbaedea-27ef-4990-85cf-49287850296c,2026-05-19T08:00:00Z,2026-05-19T10:00:00+0200,-9.63,EUR/MWh,FR,FR,imbalance_price,Short,2026-06-07T17:42:53Z
2026-06-07T17:41:56Z,2026-06-07T19:41:56+0200,9fbaedea-27ef-4990-85cf-49287850296c,2026-05-19T08:15:00Z,2026-05-19T10:15:00+0200,-10.64,EUR/MWh,FR,FR,imbalance_price,Long,2026-06-07T17:42:53Z
2026-06-07T17:41:56Z,2026-06-07T19:41:56+0200,9fbaedea-27ef-4990-85cf-49287850296c,2026-05-19T08:15:00Z,2026-05-19T10:15:00+0200,-8.98,EUR/MWh,FR,FR,imbalance_price,Short,2026-06-07T17:42:53Z
2026-06-07T17:41:56Z,2026-06-07T19:41:56+0200,9fbaedea-27ef-4990-85cf-49287850296c,2026-05-19T08:30:00Z,2026-05-19T10:30:00+0200,-21.29,EUR/MWh,FR,FR,imbalance_price,Long,2026-06-07T17:42:53Z
2026-06-07T17:41:56Z,2026-06-07T19:41:56+0200,9fbaedea-27ef-4990-85cf-49287850296c,2026-05-19T08:30:00Z,2026-05-19T10:30:00+0200,-17.97,EUR/MWh,FR,FR,imbalance_price,Short,2026-06-07T17:42:53Z
2026-06-07T17:41:56Z,2026-06-07T19:41:56+0200,9fbaedea-27ef-4990-85cf-49287850296c,2026-05-19T08:45:00Z,2026-05-19T10:45:00+0200,-57.59,EUR/MWh,FR,FR,imbalance_price,Long,2026-06-07T17:42:53Z
2026-06-07T17:41:56Z,2026-06-07T19:41:56+0200,9fbaedea-27ef-4990-85cf-49287850296c,2026-05-19T08:45:00Z,2026-05-19T10:45:00+0200,-48.61,EUR/MWh,FR,FR,imbalance_price,Short,2026-06-07T17:42:53Z
2026-06-07T17:41:56Z,2026-06-07T19:41:56+0200,9fbaedea-27ef-4990-85cf-49287850296c,2026-05-19T09:00:00Z,2026-05-19T11:00:00+0200,-70.41,EUR/MWh,FR,FR,imbalance_price,Long,2026-06-07T17:42:53Z
2026-06-07T17:41:56Z,2026-06-07T19:41:56+0200,9fbaedea-27ef-4990-85cf-49287850296c,2026-05-19T09:00:00Z,2026-05-19T11:00:00+0200,-59.43,EUR/MWh,FR,FR,imbalance_price,Short,2026-06-07T17:42:53Z
2026-06-07T17:41:56Z,2026-06-07T19:41:56+0200,9fbaedea-27ef-4990-85cf-49287850296c,2026-05-19T09:15:00Z,2026-05-19T11:15:00+0200,-101.71,EUR/MWh,FR,FR,imbalance_price,Long,2026-06-07T17:42:53Z
2026-06-07T17:41:56Z,2026-06-07T19:41:56+0200,9fbaedea-27ef-4990-85cf-49287850296c,2026-05-19T09:15:00Z,2026-05-19T11:15:00+0200,-85.85,EUR/MWh,FR,FR,imbalance_price,Short,2026-06-07T17:42:53Z
2026-06-07T17:41:56Z,2026-06-07T19:41:56+0200,9fbaedea-27ef-4990-85cf-49287850296c,2026-05-19T09:30:00Z,2026-05-19T11:30:00+0200,-84.02,EUR/MWh,FR,FR,imbalance_price,Long,2026-06-07T17:42:53Z
2026-06-07T17:41:56Z,2026-06-07T19:41:56+0200,9fbaedea-27ef-4990-85cf-49287850296c,2026-05-19T09:30:00Z,2026-05-19T11:30:00+0200,-70.92,EUR/MWh,FR,FR,imbalance_price,Short,2026-06-07T17:42:53Z
2026-06-07T17:41:56Z,2026-06-07T19:41:56+0200,9fbaedea-27ef-4990-85cf-49287850296c,2026-05-19T09:45:00Z,2026-05-19T11:45:00+0200,-92.97,EUR/MWh,FR,FR,imbalance_price,Long,2026-06-07T17:42:53Z
2026-06-07T17:41:56Z,2026-06-07T19:41:56+0200,9fbaedea-27ef-4990-85cf-49287850296c,2026-05-19T09:45:00Z,2026-05-19T11:45:00+0200,-78.47,EUR/MWh,FR,FR,imbalance_price,Short,2026-06-07T17:42:53Z
2026-06-07T17:41:56Z,2026-06-07T19:41:56+0200,9fbaedea-27ef-4990-85cf-49287850296c,2026-05-19T10:00:00Z,2026-05-19T12:00:00+0200,-95.94,EUR/MWh,FR,FR,imbalance_price,Long,2026-06-07T17:42:53Z
2026-06-07T17:41:56Z,2026-06-07T19:41:56+0200,9fbaedea-27ef-4990-85cf-49287850296c,2026-05-19T10:00:00Z,2026-05-19T12:00:00+0200,-80.98,EUR/MWh,FR,FR,imbalance_price,Short,2026-06-07T17:42:53Z
2026-06-07T17:41:56Z,2026-06-07T19:41:56+0200,9fbaedea-27ef-4990-85cf-49287850296c,2026-05-19T10:15:00Z,2026-05-19T12:15:00+0200,-98.43,EUR/MWh,FR,FR,imbalance_price,Long,2026-06-07T17:42:53Z
2026-06-07T17:41:56Z,2026-06-07T19:41:56+0200,9fbaedea-27ef-4990-85cf-49287850296c,2026-05-19T10:15:00Z,2026-05-19T12:15:00+0200,-83.07,EUR/MWh,FR,FR,imbalance_price,Short,2026-06-07T17:42:53Z
2026-06-07T17:41:56Z,2026-06-07T19:41:56+0200,9fbaedea-27ef-4990-85cf-49287850296c,2026-05-19T10:30:00Z,2026-05-19T12:30:00+0200,-93.77,EUR/MWh,FR,FR,imbalance_price,Long,2026-06-07T17:42:53Z
2026-06-07T17:41:56Z,2026-06-07T19:41:56+0200,9fbaedea-27ef-4990-85cf-49287850296c,2026-05-19T10:30:00Z,2026-05-19T12:30:00+0200,-79.15,EUR/MWh,FR,FR,imbalance_price,Short,2026-06-07T17:42:53Z
2026-06-07T17:41:56Z,2026-06-07T19:41:56+0200,9fbaedea-27ef-4990-85cf-49287850296c,2026-05-19T10:45:00Z,2026-05-19T12:45:00+0200,-96.13,EUR/MWh,FR,FR,imbalance_price,Long,2026-06-07T17:42:53Z
2026-06-07T17:41:56Z,2026-06-07T19:41:56+0200,9fbaedea-27ef-4990-85cf-49287850296c,2026-05-19T10:45:00Z,2026-05-19T12:45:00+0200,-81.13,EUR/MWh,FR,FR,imbalance_price,Short,2026-06-07T17:42:53Z
2026-06-07T17:41:56Z,2026-06-07T19:41:56+0200,9fbaedea-27ef-4990-85cf-49287850296c,2026-05-19T11:00:00Z,2026-05-19T13:00:00+0200,-103.79,EUR/MWh,FR,FR,imbalance_price,Long,2026-06-07T17:42:53Z
2026-06-07T17:41:56Z,2026-06-07T19:41:56+0200,9fbaedea-27ef-4990-85cf-49287850296c,2026-05-19T11:00:00Z,2026-05-19T13:00:00+0200,-87.59,EUR/MWh,FR,FR,imbalance_price,Short,2026-06-07T17:42:53Z
2026-06-07T17:41:56Z,2026-06-07T19:41:56+0200,9fbaedea-27ef-4990-85cf-49287850296c,2026-05-19T11:15:00Z,2026-05-19T13:15:00+0200,-99.27,EUR/MWh,FR,FR,imbalance_price,Long,2026-06-07T17:42:53Z
2026-06-07T17:41:56Z,2026-06-07T19:41:56+0200,9fbaedea-27ef-4990-85cf-49287850296c,2026-05-19T11:15:00Z,2026-05-19T13:15:00+0200,-83.79,EUR/MWh,FR,FR,imbalance_price,Short,2026-06-07T17:42:53Z
2026-06-07T17:41:56Z,2026-06-07T19:41:56+0200,9fbaedea-27ef-4990-85cf-49287850296c,2026-05-19T11:30:00Z,2026-05-19T13:30:00+0200,-99.24,EUR/MWh,FR,FR,imbalance_price,Long,2026-06-07T17:42:53Z
2026-06-07T17:41:56Z,2026-06-07T19:41:56+0200,9fbaedea-27ef-4990-85cf-49287850296c,2026-05-19T11:30:00Z,2026-05-19T13:30:00+0200,-83.76,EUR/MWh,FR,FR,imbalance_price,Short,2026-06-07T17:42:53Z
2026-06-07T17:41:56Z,2026-06-07T19:41:56+0200,9fbaedea-27ef-4990-85cf-49287850296c,2026-05-19T11:45:00Z,2026-05-19T13:45:00+0200,-99.77,EUR/MWh,FR,FR,imbalance_price,Long,2026-06-07T17:42:53Z
2026-06-07T17:41:56Z,2026-06-07T19:41:56+0200,9fbaedea-27ef-4990-85cf-49287850296c,2026-05-19T11:45:00Z,2026-05-19T13:45:00+0200,-84.21,EUR/MWh,FR,FR,imbalance_price,Short,2026-06-07T17:42:53Z
2026-06-07T17:41:56Z,2026-06-07T19:41:56+0200,9fbaedea-27ef-4990-85cf-49287850296c,2026-05-19T12:00:00Z,2026-05-19T14:00:00+0200,-98.73,EUR/MWh,FR,FR,imbalance_price,Long,2026-06-07T17:42:53Z
2026-06-07T17:41:56Z,2026-06-07T19:41:56+0200,9fbaedea-27ef-4990-85cf-49287850296c,2026-05-19T12:00:00Z,2026-05-19T14:00:00+0200,-83.33,EUR/MWh,FR,FR,imbalance_price,Short,2026-06-07T17:42:53Z
2026-06-07T17:41:56Z,2026-06-07T19:41:56+0200,9fbaedea-27ef-4990-85cf-49287850296c,2026-05-19T12:15:00Z,2026-05-19T14:15:00+0200,-97.64,EUR/MWh,FR,FR,imbalance_price,Long,2026-06-07T17:42:53Z
2026-06-07T17:41:56Z,2026-06-07T19:41:56+0200,9fbaedea-27ef-4990-85cf-49287850296c,2026-05-19T12:15:00Z,2026-05-19T14:15:00+0200,-82.4,EUR/MWh,FR,FR,imbalance_price,Short,2026-06-07T17:42:53Z
2026-06-07T17:41:56Z,2026-06-07T19:41:56+0200,9fbaedea-27ef-4990-85cf-49287850296c,2026-05-19T12:30:00Z,2026-05-19T14:30:00+0200,250.37,EUR/MWh,FR,FR,imbalance_price,Long,2026-06-07T17:42:53Z
2026-06-07T17:41:56Z,2026-06-07T19:41:56+0200,9fbaedea-27ef-4990-85cf-49287850296c,2026-05-19T12:30:00Z,2026-05-19T14:30:00+0200,296.65,EUR/MWh,FR,FR,imbalance_price,Short,2026-06-07T17:42:53Z
2026-06-07T17:41:56Z,2026-06-07T19:41:56+0200,9fbaedea-27ef-4990-85cf-49287850296c,2026-05-19T12:45:00Z,2026-05-19T14:45:00+0200,-97.98,EUR/MWh,FR,FR,imbalance_price,Long,2026-06-07T17:42:53Z
2026-06-07T17:41:56Z,2026-06-07T19:41:56+0200,9fbaedea-27ef-4990-85cf-49287850296c,2026-05-19T12:45:00Z,2026-05-19T14:45:00+0200,-82.7,EUR/MWh,FR,FR,imbalance_price,Short,2026-06-07T17:42:53Z
2026-06-07T17:41:56Z,2026-06-07T19:41:56+0200,9fbaedea-27ef-4990-85cf-49287850296c,2026-05-19T13:00:00Z,2026-05-19T15:00:00+0200,-95.78,EUR/MWh,FR,FR,imbalance_price,Long,2026-06-07T17:42:53Z
2026-06-07T17:41:56Z,2026-06-07T19:41:56+0200,9fbaedea-27ef-4990-85cf-49287850296c,2026-05-19T13:00:00Z,2026-05-19T15:00:00+0200,-80.84,EUR/MWh,FR,FR,imbalance_price,Short,2026-06-07T17:42:53Z
2026-06-07T17:41:56Z,2026-06-07T19:41:56+0200,9fbaedea-27ef-4990-85cf-49287850296c,2026-05-19T13:15:00Z,2026-05-19T15:15:00+0200,295.17,EUR/MWh,FR,FR,imbalance_price,Long,2026-06-07T17:42:53Z
2026-06-07T17:41:56Z,2026-06-07T19:41:56+0200,9fbaedea-27ef-4990-85cf-49287850296c,2026-05-19T13:15:00Z,2026-05-19T15:15:00+0200,349.73,EUR/MWh,FR,FR,imbalance_price,Short,2026-06-07T17:42:53Z
2026-06-07T17:41:56Z,2026-06-07T19:41:56+0200,9fbaedea-27ef-4990-85cf-49287850296c,2026-05-19T13:30:00Z,2026-05-19T15:30:00+0200,237.99,EUR/MWh,FR,FR,imbalance_price,Long,2026-06-07T17:42:53Z
2026-06-07T17:41:56Z,2026-06-07T19:41:56+0200,9fbaedea-27ef-4990-85cf-49287850296c,2026-05-19T13:30:00Z,2026-05-19T15:30:00+0200,281.99,EUR/MWh,FR,FR,imbalance_price,Short,2026-06-07T17:42:53Z
2026-06-07T17:41:56Z,2026-06-07T19:41:56+0200,9fbaedea-27ef-4990-85cf-49287850296c,2026-05-19T13:45:00Z,2026-05-19T15:45:00+0200,155.22,EUR/MWh,FR,FR,imbalance_price,Long,2026-06-07T17:42:53Z
2026-06-07T17:41:56Z,2026-06-07T19:41:56+0200,9fbaedea-27ef-4990-85cf-49287850296c,2026-05-19T13:45:00Z,2026-05-19T15:45:00+0200,183.92,EUR/MWh,FR,FR,imbalance_price,Short,2026-06-07T17:42:53Z
2026-06-07T17:41:56Z,2026-06-07T19:41:56+0200,9fbaedea-27ef-4990-85cf-49287850296c,2026-05-19T14:00:00Z,2026-05-19T16:00:00+0200,61.32,EUR/MWh,FR,FR,imbalance_price,Long,2026-06-07T17:42:53Z
2026-06-07T17:41:56Z,2026-06-07T19:41:56+0200,9fbaedea-27ef-4990-85cf-49287850296c,2026-05-19T14:00:00Z,2026-05-19T16:00:00+0200,72.66,EUR/MWh,FR,FR,imbalance_price,Short,2026-06-07T17:42:53Z
2026-06-07T17:41:56Z,2026-06-07T19:41:56+0200,9fbaedea-27ef-4990-85cf-49287850296c,2026-05-19T14:15:00Z,2026-05-19T16:15:00+0200,112.64,EUR/MWh,FR,FR,imbalance_price,Long,2026-06-07T17:42:53Z
2026-06-07T17:41:56Z,2026-06-07T19:41:56+0200,9fbaedea-27ef-4990-85cf-49287850296c,2026-05-19T14:15:00Z,2026-05-19T16:15:00+0200,133.46,EUR/MWh,FR,FR,imbalance_price,Short,2026-06-07T17:42:53Z
2026-06-07T17:41:56Z,2026-06-07T19:41:56+0200,9fbaedea-27ef-4990-85cf-49287850296c,2026-05-19T14:30:00Z,2026-05-19T16:30:00+0200,48.77,EUR/MWh,FR,FR,imbalance_price,Long,2026-06-07T17:42:53Z
2026-06-07T17:41:56Z,2026-06-07T19:41:56+0200,9fbaedea-27ef-4990-85cf-49287850296c,2026-05-19T14:30:00Z,2026-05-19T16:30:00+0200,57.79,EUR/MWh,FR,FR,imbalance_price,Short,2026-06-07T17:42:53Z
2026-06-07T17:41:56Z,2026-06-07T19:41:56+0200,9fbaedea-27ef-4990-85cf-49287850296c,2026-05-19T14:45:00Z,2026-05-19T16:45:00+0200,30.05,EUR/MWh,FR,FR,imbalance_price,Long,2026-06-07T17:42:53Z
2026-06-07T17:41:56Z,2026-06-07T19:41:56+0200,9fbaedea-27ef-4990-85cf-49287850296c,2026-05-19T14:45:00Z,2026-05-19T16:45:00+0200,35.61,EUR/MWh,FR,FR,imbalance_price,Short,2026-06-07T17:42:53Z
2026-06-07T17:41:56Z,2026-06-07T19:41:56+0200,9fbaedea-27ef-4990-85cf-49287850296c,2026-05-19T15:00:00Z,2026-05-19T17:00:00+0200,29.86,EUR/MWh,FR,FR,imbalance_price,Long,2026-06-07T17:42:53Z
2026-06-07T17:41:56Z,2026-06-07T19:41:56+0200,9fbaedea-27ef-4990-85cf-49287850296c,2026-05-19T15:00:00Z,2026-05-19T17:00:00+0200,35.38,EUR/MWh,FR,FR,imbalance_price,Short,2026-06-07T17:42:53Z
2026-06-07T17:41:56Z,2026-06-07T19:41:56+0200,9fbaedea-27ef-4990-85cf-49287850296c,2026-05-19T15:15:00Z,2026-05-19T17:15:00+0200,18.32,EUR/MWh,FR,FR,imbalance_price,Long,2026-06-07T17:42:53Z
2026-06-07T17:41:56Z,2026-06-07T19:41:56+0200,9fbaedea-27ef-4990-85cf-49287850296c,2026-05-19T15:15:00Z,2026-05-19T17:15:00+0200,21.7,EUR/MWh,FR,FR,imbalance_price,Short,2026-06-07T17:42:53Z
2026-06-07T17:41:56Z,2026-06-07T19:41:56+0200,9fbaedea-27ef-4990-85cf-49287850296c,2026-05-19T15:30:00Z,2026-05-19T17:30:00+0200,5.95,EUR/MWh,FR,FR,imbalance_price,Long,2026-06-07T17:42:53Z
2026-06-07T17:41:56Z,2026-06-07T19:41:56+0200,9fbaedea-27ef-4990-85cf-49287850296c,2026-05-19T15:30:00Z,2026-05-19T17:30:00+0200,7.05,EUR/MWh,FR,FR,imbalance_price,Short,2026-06-07T17:42:53Z
2026-06-07T17:41:56Z,2026-06-07T19:41:56+0200,9fbaedea-27ef-4990-85cf-49287850296c,2026-05-19T15:45:00Z,2026-05-19T17:45:00+0200,6.75,EUR/MWh,FR,FR,imbalance_price,Long,2026-06-07T17:42:53Z
2026-06-07T17:41:56Z,2026-06-07T19:41:56+0200,9fbaedea-27ef-4990-85cf-49287850296c,2026-05-19T15:45:00Z,2026-05-19T17:45:00+0200,7.99,EUR/MWh,FR,FR,imbalance_price,Short,2026-06-07T17:42:53Z
2026-06-07T17:41:56Z,2026-06-07T19:41:56+0200,9fbaedea-27ef-4990-85cf-49287850296c,2026-05-19T16:00:00Z,2026-05-19T18:00:00+0200,11.14,EUR/MWh,FR,FR,imbalance_price,Long,2026-06-07T17:42:53Z
2026-06-07T17:41:56Z,2026-06-07T19:41:56+0200,9fbaedea-27ef-4990-85cf-49287850296c,2026-05-19T16:00:00Z,2026-05-19T18:00:00+0200,13.2,EUR/MWh,FR,FR,imbalance_price,Short,2026-06-07T17:42:53Z
2026-06-07T17:41:56Z,2026-06-07T19:41:56+0200,9fbaedea-27ef-4990-85cf-49287850296c,2026-05-19T16:15:00Z,2026-05-19T18:15:00+0200,23.26,EUR/MWh,FR,FR,imbalance_price,Long,2026-06-07T17:42:53Z
2026-06-07T17:41:56Z,2026-06-07T19:41:56+0200,9fbaedea-27ef-4990-85cf-49287850296c,2026-05-19T16:15:00Z,2026-05-19T18:15:00+0200,27.56,EUR/MWh,FR,FR,imbalance_price,Short,2026-06-07T17:42:53Z
2026-06-07T17:41:56Z,2026-06-07T19:41:56+0200,9fbaedea-27ef-4990-85cf-49287850296c,2026-05-19T16:30:00Z,2026-05-19T18:30:00+0200,63.06,EUR/MWh,FR,FR,imbalance_price,Long,2026-06-07T17:42:53Z
2026-06-07T17:41:56Z,2026-06-07T19:41:56+0200,9fbaedea-27ef-4990-85cf-49287850296c,2026-05-19T16:30:00Z,2026-05-19T18:30:00+0200,74.72,EUR/MWh,FR,FR,imbalance_price,Short,2026-06-07T17:42:53Z
2026-06-07T17:41:56Z,2026-06-07T19:41:56+0200,9fbaedea-27ef-4990-85cf-49287850296c,2026-05-19T16:45:00Z,2026-05-19T18:45:00+0200,97.9,EUR/MWh,FR,FR,imbalance_price,Long,2026-06-07T17:42:53Z
2026-06-07T17:41:56Z,2026-06-07T19:41:56+0200,9fbaedea-27ef-4990-85cf-49287850296c,2026-05-19T16:45:00Z,2026-05-19T18:45:00+0200,116.0,EUR/MWh,FR,FR,imbalance_price,Short,2026-06-07T17:42:53Z
2026-06-07T17:41:56Z,2026-06-07T19:41:56+0200,9fbaedea-27ef-4990-85cf-49287850296c,2026-05-19T17:00:00Z,2026-05-19T19:00:00+0200,92.77,EUR/MWh,FR,FR,imbalance_price,Long,2026-06-07T17:42:53Z
2026-06-07T17:41:56Z,2026-06-07T19:41:56+0200,9fbaedea-27ef-4990-85cf-49287850296c,2026-05-19T17:00:00Z,2026-05-19T19:00:00+0200,109.91,EUR/MWh,FR,FR,imbalance_price,Short,2026-06-07T17:42:53Z
2026-06-07T17:41:56Z,2026-06-07T19:41:56+0200,9fbaedea-27ef-4990-85cf-49287850296c,2026-05-19T17:15:00Z,2026-05-19T19:15:00+0200,103.71,EUR/MWh,FR,FR,imbalance_price,Long,2026-06-07T17:42:53Z
2026-06-07T17:41:56Z,2026-06-07T19:41:56+0200,9fbaedea-27ef-4990-85cf-49287850296c,2026-05-19T17:15:00Z,2026-05-19T19:15:00+0200,122.87,EUR/MWh,FR,FR,imbalance_price,Short,2026-06-07T17:42:53Z
2026-06-07T17:41:56Z,2026-06-07T19:41:56+0200,9fbaedea-27ef-4990-85cf-49287850296c,2026-05-19T17:30:00Z,2026-05-19T19:30:00+0200,126.72,EUR/MWh,FR,FR,imbalance_price,Long,2026-06-07T17:42:53Z
2026-06-07T17:41:56Z,2026-06-07T19:41:56+0200,9fbaedea-27ef-4990-85cf-49287850296c,2026-05-19T17:30:00Z,2026-05-19T19:30:00+0200,150.14,EUR/MWh,FR,FR,imbalance_price,Short,2026-06-07T17:42:53Z
2026-06-07T17:41:56Z,2026-06-07T19:41:56+0200,9fbaedea-27ef-4990-85cf-49287850296c,2026-05-19T17:45:00Z,2026-05-19T19:45:00+0200,225.55,EUR/MWh,FR,FR,imbalance_price,Long,2026-06-07T17:42:53Z
2026-06-07T17:41:56Z,2026-06-07T19:41:56+0200,9fbaedea-27ef-4990-85cf-49287850296c,2026-05-19T17:45:00Z,2026-05-19T19:45:00+0200,267.25,EUR/MWh,FR,FR,imbalance_price,Short,2026-06-07T17:42:53Z
2026-06-07T17:41:56Z,2026-06-07T19:41:56+0200,9fbaedea-27ef-4990-85cf-49287850296c,2026-05-19T18:00:00Z,2026-05-19T20:00:00+0200,200.39,EUR/MWh,FR,FR,imbalance_price,Long,2026-06-07T17:42:53Z
2026-06-07T17:41:56Z,2026-06-07T19:41:56+0200,9fbaedea-27ef-4990-85cf-49287850296c,2026-05-19T18:00:00Z,2026-05-19T20:00:00+0200,237.43,EUR/MWh,FR,FR,imbalance_price,Short,2026-06-07T17:42:53Z
2026-06-07T17:41:56Z,2026-06-07T19:41:56+0200,9fbaedea-27ef-4990-85cf-49287850296c,2026-05-19T18:15:00Z,2026-05-19T20:15:00+0200,204.62,EUR/MWh,FR,FR,imbalance_price,Long,2026-06-07T17:42:53Z
2026-06-07T17:41:56Z,2026-06-07T19:41:56+0200,9fbaedea-27ef-4990-85cf-49287850296c,2026-05-19T18:15:00Z,2026-05-19T20:15:00+0200,242.44,EUR/MWh,FR,FR,imbalance_price,Short,2026-06-07T17:42:53Z
2026-06-07T17:41:56Z,2026-06-07T19:41:56+0200,9fbaedea-27ef-4990-85cf-49287850296c,2026-05-19T18:30:00Z,2026-05-19T20:30:00+0200,229.05,EUR/MWh,FR,FR,imbalance_price,Long,2026-06-07T17:42:53Z
2026-06-07T17:41:56Z,2026-06-07T19:41:56+0200,9fbaedea-27ef-4990-85cf-49287850296c,2026-05-19T18:30:00Z,2026-05-19T20:30:00+0200,271.39,EUR/MWh,FR,FR,imbalance_price,Short,2026-06-07T17:42:53Z
2026-06-07T17:41:56Z,2026-06-07T19:41:56+0200,9fbaedea-27ef-4990-85cf-49287850296c,2026-05-19T18:45:00Z,2026-05-19T20:45:00+0200,239.81,EUR/MWh,FR,FR,imbalance_price,Long,2026-06-07T17:42:53Z
2026-06-07T17:41:56Z,2026-06-07T19:41:56+0200,9fbaedea-27ef-4990-85cf-49287850296c,2026-05-19T18:45:00Z,2026-05-19T20:45:00+0200,284.13,EUR/MWh,FR,FR,imbalance_price,Short,2026-06-07T17:42:53Z
2026-06-07T17:41:56Z,2026-06-07T19:41:56+0200,9fbaedea-27ef-4990-85cf-49287850296c,2026-05-19T19:00:00Z,2026-05-19T21:00:00+0200,219.73,EUR/MWh,FR,FR,imbalance_price,Long,2026-06-07T17:42:53Z
2026-06-07T17:41:56Z,2026-06-07T19:41:56+0200,9fbaedea-27ef-4990-85cf-49287850296c,2026-05-19T19:00:00Z,2026-05-19T21:00:00+0200,260.35,EUR/MWh,FR,FR,imbalance_price,Short,2026-06-07T17:42:53Z
2026-06-07T17:41:56Z,2026-06-07T19:41:56+0200,9fbaedea-27ef-4990-85cf-49287850296c,2026-05-19T19:15:00Z,2026-05-19T21:15:00+0200,234.3,EUR/MWh,FR,FR,imbalance_price,Long,2026-06-07T17:42:53Z
2026-06-07T17:41:56Z,2026-06-07T19:41:56+0200,9fbaedea-27ef-4990-85cf-49287850296c,2026-05-19T19:15:00Z,2026-05-19T21:15:00+0200,277.6,EUR/MWh,FR,FR,imbalance_price,Short,2026-06-07T17:42:53Z
2026-06-07T17:41:56Z,2026-06-07T19:41:56+0200,9fbaedea-27ef-4990-85cf-49287850296c,2026-05-19T19:30:00Z,2026-05-19T21:30:00+0200,224.96,EUR/MWh,FR,FR,imbalance_price,Long,2026-06-07T17:42:53Z
2026-06-07T17:41:56Z,2026-06-07T19:41:56+0200,9fbaedea-27ef-4990-85cf-49287850296c,2026-05-19T19:30:00Z,2026-05-19T21:30:00+0200,266.54,EUR/MWh,FR,FR,imbalance_price,Short,2026-06-07T17:42:53Z
2026-06-07T17:41:56Z,2026-06-07T19:41:56+0200,9fbaedea-27ef-4990-85cf-49287850296c,2026-05-19T19:45:00Z,2026-05-19T21:45:00+0200,214.96,EUR/MWh,FR,FR,imbalance_price,Long,2026-06-07T17:42:53Z
2026-06-07T17:41:56Z,2026-06-07T19:41:56+0200,9fbaedea-27ef-4990-85cf-49287850296c,2026-05-19T19:45:00Z,2026-05-19T21:45:00+0200,254.7,EUR/MWh,FR,FR,imbalance_price,Short,2026-06-07T17:42:53Z
2026-06-07T17:41:56Z,2026-06-07T19:41:56+0200,9fbaedea-27ef-4990-85cf-49287850296c,2026-05-19T20:00:00Z,2026-05-19T22:00:00+0200,216.48,EUR/MWh,FR,FR,imbalance_price,Long,2026-06-07T17:42:53Z
2026-06-07T17:41:56Z,2026-06-07T19:41:56+0200,9fbaedea-27ef-4990-85cf-49287850296c,2026-05-19T20:00:00Z,2026-05-19T22:00:00+0200,256.5,EUR/MWh,FR,FR,imbalance_price,Short,2026-06-07T17:42:53Z
2026-06-07T17:41:56Z,2026-06-07T19:41:56+0200,9fbaedea-27ef-4990-85cf-49287850296c,2026-05-19T20:15:00Z,2026-05-19T22:15:00+0200,237.45,EUR/MWh,FR,FR,imbalance_price,Long,2026-06-07T17:42:53Z
2026-06-07T17:41:56Z,2026-06-07T19:41:56+0200,9fbaedea-27ef-4990-85cf-49287850296c,2026-05-19T20:15:00Z,2026-05-19T22:15:00+0200,281.35,EUR/MWh,FR,FR,imbalance_price,Short,2026-06-07T17:42:53Z
2026-06-07T17:41:56Z,2026-06-07T19:41:56+0200,9fbaedea-27ef-4990-85cf-49287850296c,2026-05-19T20:30:00Z,2026-05-19T22:30:00+0200,268.0,EUR/MWh,FR,FR,imbalance_price,Long,2026-06-07T17:42:53Z
2026-06-07T17:41:56Z,2026-06-07T19:41:56+0200,9fbaedea-27ef-4990-85cf-49287850296c,2026-05-19T20:30:00Z,2026-05-19T22:30:00+0200,317.54,EUR/MWh,FR,FR,imbalance_price,Short,2026-06-07T17:42:53Z
2026-06-07T17:41:56Z,2026-06-07T19:41:56+0200,9fbaedea-27ef-4990-85cf-49287850296c,2026-05-19T20:45:00Z,2026-05-19T22:45:00+0200,180.0,EUR/MWh,FR,FR,imbalance_price,Long,2026-06-07T17:42:53Z
2026-06-07T17:41:56Z,2026-06-07T19:41:56+0200,9fbaedea-27ef-4990-85cf-49287850296c,2026-05-19T20:45:00Z,2026-05-19T22:45:00+0200,213.28,EUR/MWh,FR,FR,imbalance_price,Short,2026-06-07T17:42:53Z
2026-06-07T17:41:56Z,2026-06-07T19:41:56+0200,9fbaedea-27ef-4990-85cf-49287850296c,2026-05-19T21:00:00Z,2026-05-19T23:00:00+0200,177.61,EUR/MWh,FR,FR,imbalance_price,Long,2026-06-07T17:42:53Z
2026-06-07T17:41:56Z,2026-06-07T19:41:56+0200,9fbaedea-27ef-4990-85cf-49287850296c,2026-05-19T21:00:00Z,2026-05-19T23:00:00+0200,210.43,EUR/MWh,FR,FR,imbalance_price,Short,2026-06-07T17:42:53Z
2026-06-07T17:41:56Z,2026-06-07T19:41:56+0200,9fbaedea-27ef-4990-85cf-49287850296c,2026-05-19T21:15:00Z,2026-05-19T23:15:00+0200,230.36,EUR/MWh,FR,FR,imbalance_price,Long,2026-06-07T17:42:53Z
2026-06-07T17:41:56Z,2026-06-07T19:41:56+0200,9fbaedea-27ef-4990-85cf-49287850296c,2026-05-19T21:15:00Z,2026-05-19T23:15:00+0200,272.94,EUR/MWh,FR,FR,imbalance_price,Short,2026-06-07T17:42:53Z
2026-06-07T17:41:56Z,2026-06-07T19:41:56+0200,9fbaedea-27ef-4990-85cf-49287850296c,2026-05-19T21:30:00Z,2026-05-19T23:30:00+0200,156.28,EUR/MWh,FR,FR,imbalance_price,Long,2026-06-07T17:42:53Z
2026-06-07T17:41:56Z,2026-06-07T19:41:56+0200,9fbaedea-27ef-4990-85cf-49287850296c,2026-05-19T21:30:00Z,2026-05-19T23:30:00+0200,185.16,EUR/MWh,FR,FR,imbalance_price,Short,2026-06-07T17:42:53Z
2026-06-07T17:41:56Z,2026-06-07T19:41:56+0200,9fbaedea-27ef-4990-85cf-49287850296c,2026-05-19T21:45:00Z,2026-05-19T23:45:00+0200,162.16,EUR/MWh,FR,FR,imbalance_price,Long,2026-06-07T17:42:53Z
2026-06-07T17:41:56Z,2026-06-07T19:41:56+0200,9fbaedea-27ef-4990-85cf-49287850296c,2026-05-19T21:45:00Z,2026-05-19T23:45:00+0200,192.14,EUR/MWh,FR,FR,imbalance_price,Short,2026-06-07T17:42:53Z
2026-06-07T17:41:56Z,2026-06-07T19:41:56+0200,9fbaedea-27ef-4990-85cf-49287850296c,2026-05-19T22:00:00Z,2026-05-20T00:00:00+0200,134.8,EUR/MWh,FR,FR,imbalance_price,Long,2026-06-07T17:42:53Z
2026-06-07T17:41:56Z,2026-06-07T19:41:56+0200,9fbaedea-27ef-4990-85cf-49287850296c,2026-05-19T22:00:00Z,2026-05-20T00:00:00+0200,159.72,EUR/MWh,FR,FR,imbalance_price,Short,2026-06-07T17:42:53Z
2026-06-07T17:41:56Z,2026-06-07T19:41:56+0200,9fbaedea-27ef-4990-85cf-49287850296c,2026-05-19T22:15:00Z,2026-05-20T00:15:00+0200,118.03,EUR/MWh,FR,FR,imbalance_price,Long,2026-06-07T17:42:53Z
2026-06-07T17:41:56Z,2026-06-07T19:41:56+0200,9fbaedea-27ef-4990-85cf-49287850296c,2026-05-19T22:15:00Z,2026-05-20T00:15:00+0200,139.85,EUR/MWh,FR,FR,imbalance_price,Short,2026-06-07T17:42:53Z
2026-06-07T17:41:56Z,2026-06-07T19:41:56+0200,9fbaedea-27ef-4990-85cf-49287850296c,2026-05-19T22:30:00Z,2026-05-20T00:30:00+0200,81.28,EUR/MWh,FR,FR,imbalance_price,Long,2026-06-07T17:42:53Z
2026-06-07T17:41:56Z,2026-06-07T19:41:56+0200,9fbaedea-27ef-4990-85cf-49287850296c,2026-05-19T22:30:00Z,2026-05-20T00:30:00+0200,96.3,EUR/MWh,FR,FR,imbalance_price,Short,2026-06-07T17:42:53Z
2026-06-07T17:41:56Z,2026-06-07T19:41:56+0200,9fbaedea-27ef-4990-85cf-49287850296c,2026-05-19T22:45:00Z,2026-05-20T00:45:00+0200,115.5,EUR/MWh,FR,FR,imbalance_price,Long,2026-06-07T17:42:53Z
2026-06-07T17:41:56Z,2026-06-07T19:41:56+0200,9fbaedea-27ef-4990-85cf-49287850296c,2026-05-19T22:45:00Z,2026-05-20T00:45:00+0200,136.84,EUR/MWh,FR,FR,imbalance_price,Short,2026-06-07T17:42:53Z
2026-06-07T17:41:56Z,2026-06-07T19:41:56+0200,9fbaedea-27ef-4990-85cf-49287850296c,2026-05-19T23:00:00Z,2026-05-20T01:00:00+0200,135.8,EUR/MWh,FR,FR,imbalance_price,Long,2026-06-07T17:42:53Z
2026-06-07T17:41:56Z,2026-06-07T19:41:56+0200,9fbaedea-27ef-4990-85cf-49287850296c,2026-05-19T23:00:00Z,2026-05-20T01:00:00+0200,160.9,EUR/MWh,FR,FR,imbalance_price,Short,2026-06-07T17:42:53Z
2026-06-07T17:41:56Z,2026-06-07T19:41:56+0200,9fbaedea-27ef-4990-85cf-49287850296c,2026-05-19T23:15:00Z,2026-05-20T01:15:00+0200,105.87,EUR/MWh,FR,FR,imbalance_price,Long,2026-06-07T17:42:53Z
2026-06-07T17:41:56Z,2026-06-07T19:41:56+0200,9fbaedea-27ef-4990-85cf-49287850296c,2026-05-19T23:15:00Z,2026-05-20T01:15:00+0200,125.43,EUR/MWh,FR,FR,imbalance_price,Short,2026-06-07T17:42:53Z
2026-06-07T17:41:56Z,2026-06-07T19:41:56+0200,9fbaedea-27ef-4990-85cf-49287850296c,2026-05-19T23:30:00Z,2026-05-20T01:30:00+0200,112.87,EUR/MWh,FR,FR,imbalance_price,Long,2026-06-07T17:42:53Z
2026-06-07T17:41:56Z,2026-06-07T19:41:56+0200,9fbaedea-27ef-4990-85cf-49287850296c,2026-05-19T23:30:00Z,2026-05-20T01:30:00+0200,133.73,EUR/MWh,FR,FR,imbalance_price,Short,2026-06-07T17:42:53Z
2026-06-07T17:41:56Z,2026-06-07T19:41:56+0200,9fbaedea-27ef-4990-85cf-49287850296c,2026-05-19T23:45:00Z,2026-05-20T01:45:00+0200,89.04,EUR/MWh,FR,FR,imbalance_price,Long,2026-06-07T17:42:53Z
2026-06-07T17:41:56Z,2026-06-07T19:41:56+0200,9fbaedea-27ef-4990-85cf-49287850296c,2026-05-19T23:45:00Z,2026-05-20T01:45:00+0200,105.5,EUR/MWh,FR,FR,imbalance_price,Short,2026-06-07T17:42:53Z
2026-06-07T17:41:56Z,2026-06-07T19:41:56+0200,9fbaedea-27ef-4990-85cf-49287850296c,2026-05-20T00:00:00Z,2026-05-20T02:00:00+0200,81.76,EUR/MWh,FR,FR,imbalance_price,Long,2026-06-07T17:42:53Z
2026-06-07T17:41:56Z,2026-06-07T19:41:56+0200,9fbaedea-27ef-4990-85cf-49287850296c,2026-05-20T00:00:00Z,2026-05-20T02:00:00+0200,96.88,EUR/MWh,FR,FR,imbalance_price,Short,2026-06-07T17:42:53Z
2026-06-07T17:41:56Z,2026-06-07T19:41:56+0200,9fbaedea-27ef-4990-85cf-49287850296c,2026-05-20T00:15:00Z,2026-05-20T02:15:00+0200,49.11,EUR/MWh,FR,FR,imbalance_price,Long,2026-06-07T17:42:53Z
2026-06-07T17:41:56Z,2026-06-07T19:41:56+0200,9fbaedea-27ef-4990-85cf-49287850296c,2026-05-20T00:15:00Z,2026-05-20T02:15:00+0200,58.19,EUR/MWh,FR,FR,imbalance_price,Short,2026-06-07T17:42:53Z
2026-06-07T17:41:56Z,2026-06-07T19:41:56+0200,9fbaedea-27ef-4990-85cf-49287850296c,2026-05-20T00:30:00Z,2026-05-20T02:30:00+0200,177.92,EUR/MWh,FR,FR,imbalance_price,Long,2026-06-07T17:42:53Z
2026-06-07T17:41:56Z,2026-06-07T19:41:56+0200,9fbaedea-27ef-4990-85cf-49287850296c,2026-05-20T00:30:00Z,2026-05-20T02:30:00+0200,210.8,EUR/MWh,FR,FR,imbalance_price,Short,2026-06-07T17:42:53Z
2026-06-07T17:41:56Z,2026-06-07T19:41:56+0200,9fbaedea-27ef-4990-85cf-49287850296c,2026-05-20T00:45:00Z,2026-05-20T02:45:00+0200,60.45,EUR/MWh,FR,FR,imbalance_price,Long,2026-06-07T17:42:53Z
2026-06-07T17:41:56Z,2026-06-07T19:41:56+0200,9fbaedea-27ef-4990-85cf-49287850296c,2026-05-20T00:45:00Z,2026-05-20T02:45:00+0200,71.63,EUR/MWh,FR,FR,imbalance_price,Short,2026-06-07T17:42:53Z
2026-06-07T17:41:56Z,2026-06-07T19:41:56+0200,9fbaedea-27ef-4990-85cf-49287850296c,2026-05-20T01:00:00Z,2026-05-20T03:00:00+0200,29.23,EUR/MWh,FR,FR,imbalance_price,Long,2026-06-07T17:42:53Z
2026-06-07T17:41:56Z,2026-06-07T19:41:56+0200,9fbaedea-27ef-4990-85cf-49287850296c,2026-05-20T01:00:00Z,2026-05-20T03:00:00+0200,34.63,EUR/MWh,FR,FR,imbalance_price,Short,2026-06-07T17:42:53Z
2026-06-07T17:41:56Z,2026-06-07T19:41:56+0200,9fbaedea-27ef-4990-85cf-49287850296c,2026-05-20T01:15:00Z,2026-05-20T03:15:00+0200,35.87,EUR/MWh,FR,FR,imbalance_price,Long,2026-06-07T17:42:53Z
2026-06-07T17:41:56Z,2026-06-07T19:41:56+0200,9fbaedea-27ef-4990-85cf-49287850296c,2026-05-20T01:15:00Z,2026-05-20T03:15:00+0200,42.49,EUR/MWh,FR,FR,imbalance_price,Short,2026-06-07T17:42:53Z
2026-06-07T17:41:56Z,2026-06-07T19:41:56+0200,9fbaedea-27ef-4990-85cf-49287850296c,2026-05-20T01:30:00Z,2026-05-20T03:30:00+0200,18.4,EUR/MWh,FR,FR,imbalance_price,Long,2026-06-07T17:42:53Z
2026-06-07T17:41:56Z,2026-06-07T19:41:56+0200,9fbaedea-27ef-4990-85cf-49287850296c,2026-05-20T01:30:00Z,2026-05-20T03:30:00+0200,21.8,EUR/MWh,FR,FR,imbalance_price,Short,2026-06-07T17:42:53Z
2026-06-07T17:41:56Z,2026-06-07T19:41:56+0200,9fbaedea-27ef-4990-85cf-49287850296c,2026-05-20T01:45:00Z,2026-05-20T03:45:00+0200,11.69,EUR/MWh,FR,FR,imbalance_price,Long,2026-06-07T17:42:53Z
2026-06-07T17:41:56Z,2026-06-07T19:41:56+0200,9fbaedea-27ef-4990-85cf-49287850296c,2026-05-20T01:45:00Z,2026-05-20T03:45:00+0200,13.85,EUR/MWh,FR,FR,imbalance_price,Short,2026-06-07T17:42:53Z
2026-06-07T17:41:56Z,2026-06-07T19:41:56+0200,9fbaedea-27ef-4990-85cf-49287850296c,2026-05-20T02:00:00Z,2026-05-20T04:00:00+0200,6.09,EUR/MWh,FR,FR,imbalance_price,Long,2026-06-07T17:42:53Z
2026-06-07T17:41:56Z,2026-06-07T19:41:56+0200,9fbaedea-27ef-4990-85cf-49287850296c,2026-05-20T02:00:00Z,2026-05-20T04:00:00+0200,7.21,EUR/MWh,FR,FR,imbalance_price,Short,2026-06-07T17:42:53Z
2026-06-07T17:41:56Z,2026-06-07T19:41:56+0200,9fbaedea-27ef-4990-85cf-49287850296c,2026-05-20T02:15:00Z,2026-05-20T04:15:00+0200,59.19,EUR/MWh,FR,FR,imbalance_price,Long,2026-06-07T17:42:53Z
2026-06-07T17:41:56Z,2026-06-07T19:41:56+0200,9fbaedea-27ef-4990-85cf-49287850296c,2026-05-20T02:15:00Z,2026-05-20T04:15:00+0200,70.13,EUR/MWh,FR,FR,imbalance_price,Short,2026-06-07T17:42:53Z
2026-06-07T17:41:56Z,2026-06-07T19:41:56+0200,9fbaedea-27ef-4990-85cf-49287850296c,2026-05-20T02:30:00Z,2026-05-20T04:30:00+0200,0.09,EUR/MWh,FR,FR,imbalance_price,Long,2026-06-07T17:42:53Z
2026-06-07T17:41:56Z,2026-06-07T19:41:56+0200,9fbaedea-27ef-4990-85cf-49287850296c,2026-05-20T02:30:00Z,2026-05-20T04:30:00+0200,0.11,EUR/MWh,FR,FR,imbalance_price,Short,2026-06-07T17:42:53Z
2026-06-07T17:41:56Z,2026-06-07T19:41:56+0200,9fbaedea-27ef-4990-85cf-49287850296c,2026-05-20T02:45:00Z,2026-05-20T04:45:00+0200,0.09,EUR/MWh,FR,FR,imbalance_price,Long,2026-06-07T17:42:53Z
2026-06-07T17:41:56Z,2026-06-07T19:41:56+0200,9fbaedea-27ef-4990-85cf-49287850296c,2026-05-20T02:45:00Z,2026-05-20T04:45:00+0200,0.11,EUR/MWh,FR,FR,imbalance_price,Short,2026-06-07T17:42:53Z
2026-06-07T17:41:56Z,2026-06-07T19:41:56+0200,9fbaedea-27ef-4990-85cf-49287850296c,2026-05-20T03:00:00Z,2026-05-20T05:00:00+0200,68.38,EUR/MWh,FR,FR,imbalance_price,Long,2026-06-07T17:42:53Z
2026-06-07T17:41:56Z,2026-06-07T19:41:56+0200,9fbaedea-27ef-4990-85cf-49287850296c,2026-05-20T03:00:00Z,2026-05-20T05:00:00+0200,81.02,EUR/MWh,FR,FR,imbalance_price,Short,2026-06-07T17:42:53Z
2026-06-07T17:41:56Z,2026-06-07T19:41:56+0200,9fbaedea-27ef-4990-85cf-49287850296c,2026-05-20T03:15:00Z,2026-05-20T05:15:00+0200,69.83,EUR/MWh,FR,FR,imbalance_price,Long,2026-06-07T17:42:53Z
2026-06-07T17:41:56Z,2026-06-07T19:41:56+0200,9fbaedea-27ef-4990-85cf-49287850296c,2026-05-20T03:15:00Z,2026-05-20T05:15:00+0200,82.73,EUR/MWh,FR,FR,imbalance_price,Short,2026-06-07T17:42:53Z
2026-06-07T17:41:56Z,2026-06-07T19:41:56+0200,9fbaedea-27ef-4990-85cf-49287850296c,2026-05-20T03:30:00Z,2026-05-20T05:30:00+0200,106.55,EUR/MWh,FR,FR,imbalance_price,Long,2026-06-07T17:42:53Z
2026-06-07T17:41:56Z,2026-06-07T19:41:56+0200,9fbaedea-27ef-4990-85cf-49287850296c,2026-05-20T03:30:00Z,2026-05-20T05:30:00+0200,126.25,EUR/MWh,FR,FR,imbalance_price,Short,2026-06-07T17:42:53Z
2026-06-07T17:41:56Z,2026-06-07T19:41:56+0200,9fbaedea-27ef-4990-85cf-49287850296c,2026-05-20T03:45:00Z,2026-05-20T05:45:00+0200,102.19,EUR/MWh,FR,FR,imbalance_price,Long,2026-06-07T17:42:53Z
2026-06-07T17:41:56Z,2026-06-07T19:41:56+0200,9fbaedea-27ef-4990-85cf-49287850296c,2026-05-20T03:45:00Z,2026-05-20T05:45:00+0200,121.07,EUR/MWh,FR,FR,imbalance_price,Short,2026-06-07T17:42:53Z
2026-06-07T17:41:56Z,2026-06-07T19:41:56+0200,9fbaedea-27ef-4990-85cf-49287850296c,2026-05-20T04:00:00Z,2026-05-20T06:00:00+0200,105.71,EUR/MWh,FR,FR,imbalance_price,Long,2026-06-07T17:42:53Z
2026-06-07T17:41:56Z,2026-06-07T19:41:56+0200,9fbaedea-27ef-4990-85cf-49287850296c,2026-05-20T04:00:00Z,2026-05-20T06:00:00+0200,125.25,EUR/MWh,FR,FR,imbalance_price,Short,2026-06-07T17:42:53Z
2026-06-07T17:41:56Z,2026-06-07T19:41:56+0200,9fbaedea-27ef-4990-85cf-49287850296c,2026-05-20T04:15:00Z,2026-05-20T06:15:00+0200,119.95,EUR/MWh,FR,FR,imbalance_price,Long,2026-06-07T17:42:53Z
2026-06-07T17:41:56Z,2026-06-07T19:41:56+0200,9fbaedea-27ef-4990-85cf-49287850296c,2026-05-20T04:15:00Z,2026-05-20T06:15:00+0200,142.13,EUR/MWh,FR,FR,imbalance_price,Short,2026-06-07T17:42:53Z
2026-06-07T17:41:56Z,2026-06-07T19:41:56+0200,9fbaedea-27ef-4990-85cf-49287850296c,2026-05-20T04:30:00Z,2026-05-20T06:30:00+0200,108.6,EUR/MWh,FR,FR,imbalance_price,Long,2026-06-07T17:42:53Z
2026-06-07T17:41:56Z,2026-06-07T19:41:56+0200,9fbaedea-27ef-4990-85cf-49287850296c,2026-05-20T04:30:00Z,2026-05-20T06:30:00+0200,128.68,EUR/MWh,FR,FR,imbalance_price,Short,2026-06-07T17:42:53Z
2026-06-07T17:41:56Z,2026-06-07T19:41:56+0200,9fbaedea-27ef-4990-85cf-49287850296c,2026-05-20T04:45:00Z,2026-05-20T06:45:00+0200,92.57,EUR/MWh,FR,FR,imbalance_price,Long,2026-06-07T17:42:53Z
2026-06-07T17:41:56Z,2026-06-07T19:41:56+0200,9fbaedea-27ef-4990-85cf-49287850296c,2026-05-20T04:45:00Z,2026-05-20T06:45:00+0200,109.69,EUR/MWh,FR,FR,imbalance_price,Short,2026-06-07T17:42:53Z
2026-06-07T17:41:56Z,2026-06-07T19:41:56+0200,9fbaedea-27ef-4990-85cf-49287850296c,2026-05-20T05:00:00Z,2026-05-20T07:00:00+0200,134.27,EUR/MWh,FR,FR,imbalance_price,Long,2026-06-07T17:42:53Z
2026-06-07T17:41:56Z,2026-06-07T19:41:56+0200,9fbaedea-27ef-4990-85cf-49287850296c,2026-05-20T05:00:00Z,2026-05-20T07:00:00+0200,159.09,EUR/MWh,FR,FR,imbalance_price,Short,2026-06-07T17:42:53Z
2026-06-07T17:41:56Z,2026-06-07T19:41:56+0200,9fbaedea-27ef-4990-85cf-49287850296c,2026-05-20T05:15:00Z,2026-05-20T07:15:00+0200,125.54,EUR/MWh,FR,FR,imbalance_price,Long,2026-06-07T17:42:53Z
2026-06-07T17:41:56Z,2026-06-07T19:41:56+0200,9fbaedea-27ef-4990-85cf-49287850296c,2026-05-20T05:15:00Z,2026-05-20T07:15:00+0200,148.74,EUR/MWh,FR,FR,imbalance_price,Short,2026-06-07T17:42:53Z
2026-06-07T17:41:56Z,2026-06-07T19:41:56+0200,9fbaedea-27ef-4990-85cf-49287850296c,2026-05-20T05:30:00Z,2026-05-20T07:30:00+0200,119.55,EUR/MWh,FR,FR,imbalance_price,Long,2026-06-07T17:42:53Z
2026-06-07T17:41:56Z,2026-06-07T19:41:56+0200,9fbaedea-27ef-4990-85cf-49287850296c,2026-05-20T05:30:00Z,2026-05-20T07:30:00+0200,141.65,EUR/MWh,FR,FR,imbalance_price,Short,2026-06-07T17:42:53Z
2026-06-07T17:41:56Z,2026-06-07T19:41:56+0200,9fbaedea-27ef-4990-85cf-49287850296c,2026-05-20T05:45:00Z,2026-05-20T07:45:00+0200,141.97,EUR/MWh,FR,FR,imbalance_price,Long,2026-06-07T17:42:53Z
2026-06-07T17:41:56Z,2026-06-07T19:41:56+0200,9fbaedea-27ef-4990-85cf-49287850296c,2026-05-20T05:45:00Z,2026-05-20T07:45:00+0200,168.21,EUR/MWh,FR,FR,imbalance_price,Short,2026-06-07T17:42:53Z
2026-06-07T17:41:56Z,2026-06-07T19:41:56+0200,9fbaedea-27ef-4990-85cf-49287850296c,2026-05-20T06:00:00Z,2026-05-20T08:00:00+0200,60.05,EUR/MWh,FR,FR,imbalance_price,Long,2026-06-07T17:42:53Z
2026-06-07T17:41:56Z,2026-06-07T19:41:56+0200,9fbaedea-27ef-4990-85cf-49287850296c,2026-05-20T06:00:00Z,2026-05-20T08:00:00+0200,71.15,EUR/MWh,FR,FR,imbalance_price,Short,2026-06-07T17:42:53Z
2026-06-07T17:41:56Z,2026-06-07T19:41:56+0200,9fbaedea-27ef-4990-85cf-49287850296c,2026-05-20T06:15:00Z,2026-05-20T08:15:00+0200,51.43,EUR/MWh,FR,FR,imbalance_price,Long,2026-06-07T17:42:53Z
2026-06-07T17:41:56Z,2026-06-07T19:41:56+0200,9fbaedea-27ef-4990-85cf-49287850296c,2026-05-20T06:15:00Z,2026-05-20T08:15:00+0200,60.93,EUR/MWh,FR,FR,imbalance_price,Short,2026-06-07T17:42:53Z
2026-06-07T17:41:56Z,2026-06-07T19:41:56+0200,9fbaedea-27ef-4990-85cf-49287850296c,2026-05-20T06:30:00Z,2026-05-20T08:30:00+0200,49.79,EUR/MWh,FR,FR,imbalance_price,Long,2026-06-07T17:42:53Z
2026-06-07T17:41:56Z,2026-06-07T19:41:56+0200,9fbaedea-27ef-4990-85cf-49287850296c,2026-05-20T06:30:00Z,2026-05-20T08:30:00+0200,58.99,EUR/MWh,FR,FR,imbalance_price,Short,2026-06-07T17:42:53Z
2026-06-07T17:41:56Z,2026-06-07T19:41:56+0200,9fbaedea-27ef-4990-85cf-49287850296c,2026-05-20T06:45:00Z,2026-05-20T08:45:00+0200,43.66,EUR/MWh,FR,FR,imbalance_price,Long,2026-06-07T17:42:53Z
2026-06-07T17:41:56Z,2026-06-07T19:41:56+0200,9fbaedea-27ef-4990-85cf-49287850296c,2026-05-20T06:45:00Z,2026-05-20T08:45:00+0200,51.72,EUR/MWh,FR,FR,imbalance_price,Short,2026-06-07T17:42:53Z
2026-06-07T17:41:56Z,2026-06-07T19:41:56+0200,9fbaedea-27ef-4990-85cf-49287850296c,2026-05-20T07:00:00Z,2026-05-20T09:00:00+0200,96.74,EUR/MWh,FR,FR,imbalance_price,Long,2026-06-07T17:42:53Z
2026-06-07T17:41:56Z,2026-06-07T19:41:56+0200,9fbaedea-27ef-4990-85cf-49287850296c,2026-05-20T07:00:00Z,2026-05-20T09:00:00+0200,114.62,EUR/MWh,FR,FR,imbalance_price,Short,2026-06-07T17:42:53Z
2026-06-07T17:41:56Z,2026-06-07T19:41:56+0200,9fbaedea-27ef-4990-85cf-49287850296c,2026-05-20T07:15:00Z,2026-05-20T09:15:00+0200,49.05,EUR/MWh,FR,FR,imbalance_price,Long,2026-06-07T17:42:53Z
2026-06-07T17:41:56Z,2026-06-07T19:41:56+0200,9fbaedea-27ef-4990-85cf-49287850296c,2026-05-20T07:15:00Z,2026-05-20T09:15:00+0200,58.11,EUR/MWh,FR,FR,imbalance_price,Short,2026-06-07T17:42:53Z
2026-06-07T17:41:56Z,2026-06-07T19:41:56+0200,9fbaedea-27ef-4990-85cf-49287850296c,2026-05-20T07:30:00Z,2026-05-20T09:30:00+0200,28.7,EUR/MWh,FR,FR,imbalance_price,Long,2026-06-07T17:42:53Z
2026-06-07T17:41:56Z,2026-06-07T19:41:56+0200,9fbaedea-27ef-4990-85cf-49287850296c,2026-05-20T07:30:00Z,2026-05-20T09:30:00+0200,34.0,EUR/MWh,FR,FR,imbalance_price,Short,2026-06-07T17:42:53Z
2026-06-07T17:41:56Z,2026-06-07T19:41:56+0200,9fbaedea-27ef-4990-85cf-49287850296c,2026-05-20T07:45:00Z,2026-05-20T09:45:00+0200,13.7,EUR/MWh,FR,FR,imbalance_price,Long,2026-06-07T17:42:53Z
2026-06-07T17:41:56Z,2026-06-07T19:41:56+0200,9fbaedea-27ef-4990-85cf-49287850296c,2026-05-20T07:45:00Z,2026-05-20T09:45:00+0200,16.24,EUR/MWh,FR,FR,imbalance_price,Short,2026-06-07T17:42:53Z
2026-06-07T17:41:56Z,2026-06-07T19:41:56+0200,9fbaedea-27ef-4990-85cf-49287850296c,2026-05-20T08:00:00Z,2026-05-20T10:00:00+0200,133.98,EUR/MWh,FR,FR,imbalance_price,Long,2026-06-07T17:42:53Z
2026-06-07T17:41:56Z,2026-06-07T19:41:56+0200,9fbaedea-27ef-4990-85cf-49287850296c,2026-05-20T08:00:00Z,2026-05-20T10:00:00+0200,158.74,EUR/MWh,FR,FR,imbalance_price,Short,2026-06-07T17:42:53Z
2026-06-07T17:41:56Z,2026-06-07T19:41:56+0200,9fbaedea-27ef-4990-85cf-49287850296c,2026-05-20T08:15:00Z,2026-05-20T10:15:00+0200,72.65,EUR/MWh,FR,FR,imbalance_price,Long,2026-06-07T17:42:53Z
2026-06-07T17:41:56Z,2026-06-07T19:41:56+0200,9fbaedea-27ef-4990-85cf-49287850296c,2026-05-20T08:15:00Z,2026-05-20T10:15:00+0200,86.07,EUR/MWh,FR,FR,imbalance_price,Short,2026-06-07T17:42:53Z
2026-06-07T17:41:56Z,2026-06-07T19:41:56+0200,9fbaedea-27ef-4990-85cf-49287850296c,2026-05-20T08:30:00Z,2026-05-20T10:30:00+0200,16.07,EUR/MWh,FR,FR,imbalance_price,Long,2026-06-07T17:42:53Z
2026-06-07T17:41:56Z,2026-06-07T19:41:56+0200,9fbaedea-27ef-4990-85cf-49287850296c,2026-05-20T08:30:00Z,2026-05-20T10:30:00+0200,19.05,EUR/MWh,FR,FR,imbalance_price,Short,2026-06-07T17:42:53Z
2026-06-07T17:41:56Z,2026-06-07T19:41:56+0200,9fbaedea-27ef-4990-85cf-49287850296c,2026-05-20T08:45:00Z,2026-05-20T10:45:00+0200,15.1,EUR/MWh,FR,FR,imbalance_price,Long,2026-06-07T17:42:53Z
2026-06-07T17:41:56Z,2026-06-07T19:41:56+0200,9fbaedea-27ef-4990-85cf-49287850296c,2026-05-20T08:45:00Z,2026-05-20T10:45:00+0200,17.9,EUR/MWh,FR,FR,imbalance_price,Short,2026-06-07T17:42:53Z
2026-06-07T17:41:56Z,2026-06-07T19:41:56+0200,9fbaedea-27ef-4990-85cf-49287850296c,2026-05-20T09:00:00Z,2026-05-20T11:00:00+0200,13.89,EUR/MWh,FR,FR,imbalance_price,Long,2026-06-07T17:42:53Z
2026-06-07T17:41:56Z,2026-06-07T19:41:56+0200,9fbaedea-27ef-4990-85cf-49287850296c,2026-05-20T09:00:00Z,2026-05-20T11:00:00+0200,16.45,EUR/MWh,FR,FR,imbalance_price,Short,2026-06-07T17:42:53Z
2026-06-07T17:41:56Z,2026-06-07T19:41:56+0200,9fbaedea-27ef-4990-85cf-49287850296c,2026-05-20T09:15:00Z,2026-05-20T11:15:00+0200,13.2,EUR/MWh,FR,FR,imbalance_price,Long,2026-06-07T17:42:53Z
2026-06-07T17:41:56Z,2026-06-07T19:41:56+0200,9fbaedea-27ef-4990-85cf-49287850296c,2026-05-20T09:15:00Z,2026-05-20T11:15:00+0200,15.64,EUR/MWh,FR,FR,imbalance_price,Short,2026-06-07T17:42:53Z
2026-06-07T17:41:56Z,2026-06-07T19:41:56+0200,9fbaedea-27ef-4990-85cf-49287850296c,2026-05-20T09:30:00Z,2026-05-20T11:30:00+0200,13.2,EUR/MWh,FR,FR,imbalance_price,Long,2026-06-07T17:42:53Z
2026-06-07T17:41:56Z,2026-06-07T19:41:56+0200,9fbaedea-27ef-4990-85cf-49287850296c,2026-05-20T09:30:00Z,2026-05-20T11:30:00+0200,15.64,EUR/MWh,FR,FR,imbalance_price,Short,2026-06-07T17:42:53Z
2026-06-07T17:41:56Z,2026-06-07T19:41:56+0200,9fbaedea-27ef-4990-85cf-49287850296c,2026-05-20T09:45:00Z,2026-05-20T11:45:00+0200,20.4,EUR/MWh,FR,FR,imbalance_price,Long,2026-06-07T17:42:53Z
2026-06-07T17:41:56Z,2026-06-07T19:41:56+0200,9fbaedea-27ef-4990-85cf-49287850296c,2026-05-20T09:45:00Z,2026-05-20T11:45:00+0200,24.16,EUR/MWh,FR,FR,imbalance_price,Short,2026-06-07T17:42:53Z
2026-06-07T17:41:56Z,2026-06-07T19:41:56+0200,9fbaedea-27ef-4990-85cf-49287850296c,2026-05-20T10:00:00Z,2026-05-20T12:00:00+0200,49.89,EUR/MWh,FR,FR,imbalance_price,Long,2026-06-07T17:42:53Z
2026-06-07T17:41:56Z,2026-06-07T19:41:56+0200,9fbaedea-27ef-4990-85cf-49287850296c,2026-05-20T10:00:00Z,2026-05-20T12:00:00+0200,59.11,EUR/MWh,FR,FR,imbalance_price,Short,2026-06-07T17:42:53Z
2026-06-07T17:41:56Z,2026-06-07T19:41:56+0200,9fbaedea-27ef-4990-85cf-49287850296c,2026-05-20T10:15:00Z,2026-05-20T12:15:00+0200,46.37,EUR/MWh,FR,FR,imbalance_price,Long,2026-06-07T17:42:53Z
2026-06-07T17:41:56Z,2026-06-07T19:41:56+0200,9fbaedea-27ef-4990-85cf-49287850296c,2026-05-20T10:15:00Z,2026-05-20T12:15:00+0200,54.93,EUR/MWh,FR,FR,imbalance_price,Short,2026-06-07T17:42:53Z
2026-06-07T17:41:56Z,2026-06-07T19:41:56+0200,9fbaedea-27ef-4990-85cf-49287850296c,2026-05-20T10:30:00Z,2026-05-20T12:30:00+0200,41.7,EUR/MWh,FR,FR,imbalance_price,Long,2026-06-07T17:42:53Z
2026-06-07T17:41:56Z,2026-06-07T19:41:56+0200,9fbaedea-27ef-4990-85cf-49287850296c,2026-05-20T10:30:00Z,2026-05-20T12:30:00+0200,49.4,EUR/MWh,FR,FR,imbalance_price,Short,2026-06-07T17:42:53Z
2026-06-07T17:41:56Z,2026-06-07T19:41:56+0200,9fbaedea-27ef-4990-85cf-49287850296c,2026-05-20T10:45:00Z,2026-05-20T12:45:00+0200,42.97,EUR/MWh,FR,FR,imbalance_price,Long,2026-06-07T17:42:53Z
2026-06-07T17:41:56Z,2026-06-07T19:41:56+0200,9fbaedea-27ef-4990-85cf-49287850296c,2026-05-20T10:45:00Z,2026-05-20T12:45:00+0200,50.91,EUR/MWh,FR,FR,imbalance_price,Short,2026-06-07T17:42:53Z
2026-06-07T17:41:56Z,2026-06-07T19:41:56+0200,9fbaedea-27ef-4990-85cf-49287850296c,2026-05-20T11:00:00Z,2026-05-20T13:00:00+0200,106.28,EUR/MWh,FR,FR,imbalance_price,Long,2026-06-07T17:42:53Z
2026-06-07T17:41:56Z,2026-06-07T19:41:56+0200,9fbaedea-27ef-4990-85cf-49287850296c,2026-05-20T11:00:00Z,2026-05-20T13:00:00+0200,125.92,EUR/MWh,FR,FR,imbalance_price,Short,2026-06-07T17:42:53Z
2026-06-07T17:41:56Z,2026-06-07T19:41:56+0200,9fbaedea-27ef-4990-85cf-49287850296c,2026-05-20T11:15:00Z,2026-05-20T13:15:00+0200,106.28,EUR/MWh,FR,FR,imbalance_price,Long,2026-06-07T17:42:53Z
2026-06-07T17:41:56Z,2026-06-07T19:41:56+0200,9fbaedea-27ef-4990-85cf-49287850296c,2026-05-20T11:15:00Z,2026-05-20T13:15:00+0200,125.92,EUR/MWh,FR,FR,imbalance_price,Short,2026-06-07T17:42:53Z
2026-06-07T17:41:56Z,2026-06-07T19:41:56+0200,9fbaedea-27ef-4990-85cf-49287850296c,2026-05-20T11:30:00Z,2026-05-20T13:30:00+0200,106.28,EUR/MWh,FR,FR,imbalance_price,Long,2026-06-07T17:42:53Z
2026-06-07T17:41:56Z,2026-06-07T19:41:56+0200,9fbaedea-27ef-4990-85cf-49287850296c,2026-05-20T11:30:00Z,2026-05-20T13:30:00+0200,125.92,EUR/MWh,FR,FR,imbalance_price,Short,2026-06-07T17:42:53Z
2026-06-07T17:41:56Z,2026-06-07T19:41:56+0200,9fbaedea-27ef-4990-85cf-49287850296c,2026-05-20T11:45:00Z,2026-05-20T13:45:00+0200,106.28,EUR/MWh,FR,FR,imbalance_price,Long,2026-06-07T17:42:53Z
2026-06-07T17:41:56Z,2026-06-07T19:41:56+0200,9fbaedea-27ef-4990-85cf-49287850296c,2026-05-20T11:45:00Z,2026-05-20T13:45:00+0200,125.92,EUR/MWh,FR,FR,imbalance_price,Short,2026-06-07T17:42:53Z
2026-06-07T17:41:56Z,2026-06-07T19:41:56+0200,9fbaedea-27ef-4990-85cf-49287850296c,2026-05-20T12:00:00Z,2026-05-20T14:00:00+0200,55.91,EUR/MWh,FR,FR,imbalance_price,Long,2026-06-07T17:42:53Z
2026-06-07T17:41:56Z,2026-06-07T19:41:56+0200,9fbaedea-27ef-4990-85cf-49287850296c,2026-05-20T12:00:00Z,2026-05-20T14:00:00+0200,66.25,EUR/MWh,FR,FR,imbalance_price,Short,2026-06-07T17:42:53Z
2026-06-07T17:41:56Z,2026-06-07T19:41:56+0200,9fbaedea-27ef-4990-85cf-49287850296c,2026-05-20T12:15:00Z,2026-05-20T14:15:00+0200,60.89,EUR/MWh,FR,FR,imbalance_price,Long,2026-06-07T17:42:53Z
2026-06-07T17:41:56Z,2026-06-07T19:41:56+0200,9fbaedea-27ef-4990-85cf-49287850296c,2026-05-20T12:15:00Z,2026-05-20T14:15:00+0200,72.15,EUR/MWh,FR,FR,imbalance_price,Short,2026-06-07T17:42:53Z
2026-06-07T17:41:56Z,2026-06-07T19:41:56+0200,9fbaedea-27ef-4990-85cf-49287850296c,2026-05-20T12:30:00Z,2026-05-20T14:30:00+0200,48.79,EUR/MWh,FR,FR,imbalance_price,Long,2026-06-07T17:42:53Z
2026-06-07T17:41:56Z,2026-06-07T19:41:56+0200,9fbaedea-27ef-4990-85cf-49287850296c,2026-05-20T12:30:00Z,2026-05-20T14:30:00+0200,57.81,EUR/MWh,FR,FR,imbalance_price,Short,2026-06-07T17:42:53Z
2026-06-07T17:41:56Z,2026-06-07T19:41:56+0200,9fbaedea-27ef-4990-85cf-49287850296c,2026-05-20T12:45:00Z,2026-05-20T14:45:00+0200,106.28,EUR/MWh,FR,FR,imbalance_price,Long,2026-06-07T17:42:53Z
2026-06-07T17:41:56Z,2026-06-07T19:41:56+0200,9fbaedea-27ef-4990-85cf-49287850296c,2026-05-20T12:45:00Z,2026-05-20T14:45:00+0200,125.92,EUR/MWh,FR,FR,imbalance_price,Short,2026-06-07T17:42:53Z
2026-06-07T17:41:56Z,2026-06-07T19:41:56+0200,9fbaedea-27ef-4990-85cf-49287850296c,2026-05-20T13:00:00Z,2026-05-20T15:00:00+0200,30.13,EUR/MWh,FR,FR,imbalance_price,Long,2026-06-07T17:42:53Z
2026-06-07T17:41:56Z,2026-06-07T19:41:56+0200,9fbaedea-27ef-4990-85cf-49287850296c,2026-05-20T13:00:00Z,2026-05-20T15:00:00+0200,35.71,EUR/MWh,FR,FR,imbalance_price,Short,2026-06-07T17:42:53Z
2026-06-07T17:41:56Z,2026-06-07T19:41:56+0200,9fbaedea-27ef-4990-85cf-49287850296c,2026-05-20T13:15:00Z,2026-05-20T15:15:00+0200,27.61,EUR/MWh,FR,FR,imbalance_price,Long,2026-06-07T17:42:53Z
2026-06-07T17:41:56Z,2026-06-07T19:41:56+0200,9fbaedea-27ef-4990-85cf-49287850296c,2026-05-20T13:15:00Z,2026-05-20T15:15:00+0200,32.71,EUR/MWh,FR,FR,imbalance_price,Short,2026-06-07T17:42:53Z
2026-06-07T17:41:56Z,2026-06-07T19:41:56+0200,9fbaedea-27ef-4990-85cf-49287850296c,2026-05-20T13:30:00Z,2026-05-20T15:30:00+0200,45.53,EUR/MWh,FR,FR,imbalance_price,Long,2026-06-07T17:42:53Z
2026-06-07T17:41:56Z,2026-06-07T19:41:56+0200,9fbaedea-27ef-4990-85cf-49287850296c,2026-05-20T13:30:00Z,2026-05-20T15:30:00+0200,53.95,EUR/MWh,FR,FR,imbalance_price,Short,2026-06-07T17:42:53Z
2026-06-07T17:41:56Z,2026-06-07T19:41:56+0200,9fbaedea-27ef-4990-85cf-49287850296c,2026-05-20T13:45:00Z,2026-05-20T15:45:00+0200,73.09,EUR/MWh,FR,FR,imbalance_price,Long,2026-06-07T17:42:53Z
2026-06-07T17:41:56Z,2026-06-07T19:41:56+0200,9fbaedea-27ef-4990-85cf-49287850296c,2026-05-20T13:45:00Z,2026-05-20T15:45:00+0200,86.59,EUR/MWh,FR,FR,imbalance_price,Short,2026-06-07T17:42:53Z
2026-06-07T17:41:56Z,2026-06-07T19:41:56+0200,9fbaedea-27ef-4990-85cf-49287850296c,2026-05-20T14:00:00Z,2026-05-20T16:00:00+0200,73.09,EUR/MWh,FR,FR,imbalance_price,Long,2026-06-07T17:42:53Z
2026-06-07T17:41:56Z,2026-06-07T19:41:56+0200,9fbaedea-27ef-4990-85cf-49287850296c,2026-05-20T14:00:00Z,2026-05-20T16:00:00+0200,86.59,EUR/MWh,FR,FR,imbalance_price,Short,2026-06-07T17:42:53Z
2026-06-07T17:41:56Z,2026-06-07T19:41:56+0200,9fbaedea-27ef-4990-85cf-49287850296c,2026-05-20T14:15:00Z,2026-05-20T16:15:00+0200,96.57,EUR/MWh,FR,FR,imbalance_price,Long,2026-06-07T17:42:53Z
2026-06-07T17:41:56Z,2026-06-07T19:41:56+0200,9fbaedea-27ef-4990-85cf-49287850296c,2026-05-20T14:15:00Z,2026-05-20T16:15:00+0200,114.43,EUR/MWh,FR,FR,imbalance_price,Short,2026-06-07T17:42:53Z
2026-06-07T17:41:56Z,2026-06-07T19:41:56+0200,9fbaedea-27ef-4990-85cf-49287850296c,2026-05-20T14:30:00Z,2026-05-20T16:30:00+0200,97.66,EUR/MWh,FR,FR,imbalance_price,Long,2026-06-07T17:42:53Z
2026-06-07T17:41:56Z,2026-06-07T19:41:56+0200,9fbaedea-27ef-4990-85cf-49287850296c,2026-05-20T14:30:00Z,2026-05-20T16:30:00+0200,115.72,EUR/MWh,FR,FR,imbalance_price,Short,2026-06-07T17:42:53Z
2026-06-07T17:41:56Z,2026-06-07T19:41:56+0200,9fbaedea-27ef-4990-85cf-49287850296c,2026-05-20T14:45:00Z,2026-05-20T16:45:00+0200,106.28,EUR/MWh,FR,FR,imbalance_price,Long,2026-06-07T17:42:53Z
2026-06-07T17:41:56Z,2026-06-07T19:41:56+0200,9fbaedea-27ef-4990-85cf-49287850296c,2026-05-20T14:45:00Z,2026-05-20T16:45:00+0200,125.92,EUR/MWh,FR,FR,imbalance_price,Short,2026-06-07T17:42:53Z
2026-06-07T17:41:56Z,2026-06-07T19:41:56+0200,9fbaedea-27ef-4990-85cf-49287850296c,2026-05-20T15:00:00Z,2026-05-20T17:00:00+0200,106.96,EUR/MWh,FR,FR,imbalance_price,Long,2026-06-07T17:42:53Z
2026-06-07T17:41:56Z,2026-06-07T19:41:56+0200,9fbaedea-27ef-4990-85cf-49287850296c,2026-05-20T15:00:00Z,2026-05-20T17:00:00+0200,126.74,EUR/MWh,FR,FR,imbalance_price,Short,2026-06-07T17:42:53Z
2026-06-07T17:41:56Z,2026-06-07T19:41:56+0200,9fbaedea-27ef-4990-85cf-49287850296c,2026-05-20T15:15:00Z,2026-05-20T17:15:00+0200,16.42,EUR/MWh,FR,FR,imbalance_price,Long,2026-06-07T17:42:53Z
2026-06-07T17:41:56Z,2026-06-07T19:41:56+0200,9fbaedea-27ef-4990-85cf-49287850296c,2026-05-20T15:15:00Z,2026-05-20T17:15:00+0200,19.46,EUR/MWh,FR,FR,imbalance_price,Short,2026-06-07T17:42:53Z
2026-06-07T17:41:56Z,2026-06-07T19:41:56+0200,9fbaedea-27ef-4990-85cf-49287850296c,2026-05-20T15:30:00Z,2026-05-20T17:30:00+0200,10.66,EUR/MWh,FR,FR,imbalance_price,Long,2026-06-07T17:42:53Z
2026-06-07T17:41:56Z,2026-06-07T19:41:56+0200,9fbaedea-27ef-4990-85cf-49287850296c,2026-05-20T15:30:00Z,2026-05-20T17:30:00+0200,12.62,EUR/MWh,FR,FR,imbalance_price,Short,2026-06-07T17:42:53Z
2026-06-07T17:41:56Z,2026-06-07T19:41:56+0200,9fbaedea-27ef-4990-85cf-49287850296c,2026-05-20T15:45:00Z,2026-05-20T17:45:00+0200,104.29,EUR/MWh,FR,FR,imbalance_price,Long,2026-06-07T17:42:53Z
2026-06-07T17:41:56Z,2026-06-07T19:41:56+0200,9fbaedea-27ef-4990-85cf-49287850296c,2026-05-20T15:45:00Z,2026-05-20T17:45:00+0200,123.57,EUR/MWh,FR,FR,imbalance_price,Short,2026-06-07T17:42:53Z
2026-06-07T17:41:56Z,2026-06-07T19:41:56+0200,9fbaedea-27ef-4990-85cf-49287850296c,2026-05-20T16:00:00Z,2026-05-20T18:00:00+0200,25.27,EUR/MWh,FR,FR,imbalance_price,Long,2026-06-07T17:42:53Z
2026-06-07T17:41:56Z,2026-06-07T19:41:56+0200,9fbaedea-27ef-4990-85cf-49287850296c,2026-05-20T16:00:00Z,2026-05-20T18:00:00+0200,29.95,EUR/MWh,FR,FR,imbalance_price,Short,2026-06-07T17:42:53Z
2026-06-07T17:41:56Z,2026-06-07T19:41:56+0200,9fbaedea-27ef-4990-85cf-49287850296c,2026-05-20T16:15:00Z,2026-05-20T18:15:00+0200,129.87,EUR/MWh,FR,FR,imbalance_price,Long,2026-06-07T17:42:53Z
2026-06-07T17:41:56Z,2026-06-07T19:41:56+0200,9fbaedea-27ef-4990-85cf-49287850296c,2026-05-20T16:15:00Z,2026-05-20T18:15:00+0200,153.87,EUR/MWh,FR,FR,imbalance_price,Short,2026-06-07T17:42:53Z
2026-06-07T17:41:56Z,2026-06-07T19:41:56+0200,9fbaedea-27ef-4990-85cf-49287850296c,2026-05-20T16:30:00Z,2026-05-20T18:30:00+0200,93.54,EUR/MWh,FR,FR,imbalance_price,Long,2026-06-07T17:42:53Z
2026-06-07T17:41:56Z,2026-06-07T19:41:56+0200,9fbaedea-27ef-4990-85cf-49287850296c,2026-05-20T16:30:00Z,2026-05-20T18:30:00+0200,110.84,EUR/MWh,FR,FR,imbalance_price,Short,2026-06-07T17:42:53Z
2026-06-07T17:41:56Z,2026-06-07T19:41:56+0200,9fbaedea-27ef-4990-85cf-49287850296c,2026-05-20T16:45:00Z,2026-05-20T18:45:00+0200,89.54,EUR/MWh,FR,FR,imbalance_price,Long,2026-06-07T17:42:53Z
2026-06-07T17:41:56Z,2026-06-07T19:41:56+0200,9fbaedea-27ef-4990-85cf-49287850296c,2026-05-20T16:45:00Z,2026-05-20T18:45:00+0200,106.08,EUR/MWh,FR,FR,imbalance_price,Short,2026-06-07T17:42:53Z
2026-06-07T17:41:56Z,2026-06-07T19:41:56+0200,9fbaedea-27ef-4990-85cf-49287850296c,2026-05-20T17:00:00Z,2026-05-20T19:00:00+0200,51.06,EUR/MWh,FR,FR,imbalance_price,Long,2026-06-07T17:42:53Z
2026-06-07T17:41:56Z,2026-06-07T19:41:56+0200,9fbaedea-27ef-4990-85cf-49287850296c,2026-05-20T17:00:00Z,2026-05-20T19:00:00+0200,60.5,EUR/MWh,FR,FR,imbalance_price,Short,2026-06-07T17:42:53Z
2026-06-07T17:41:56Z,2026-06-07T19:41:56+0200,9fbaedea-27ef-4990-85cf-49287850296c,2026-05-20T17:15:00Z,2026-05-20T19:15:00+0200,155.78,EUR/MWh,FR,FR,imbalance_price,Long,2026-06-07T17:42:53Z
2026-06-07T17:41:56Z,2026-06-07T19:41:56+0200,9fbaedea-27ef-4990-85cf-49287850296c,2026-05-20T17:15:00Z,2026-05-20T19:15:00+0200,184.58,EUR/MWh,FR,FR,imbalance_price,Short,2026-06-07T17:42:53Z
2026-06-07T17:41:56Z,2026-06-07T19:41:56+0200,9fbaedea-27ef-4990-85cf-49287850296c,2026-05-20T17:30:00Z,2026-05-20T19:30:00+0200,145.1,EUR/MWh,FR,FR,imbalance_price,Long,2026-06-07T17:42:53Z
2026-06-07T17:41:56Z,2026-06-07T19:41:56+0200,9fbaedea-27ef-4990-85cf-49287850296c,2026-05-20T17:30:00Z,2026-05-20T19:30:00+0200,171.92,EUR/MWh,FR,FR,imbalance_price,Short,2026-06-07T17:42:53Z
2026-06-07T17:41:56Z,2026-06-07T19:41:56+0200,9fbaedea-27ef-4990-85cf-49287850296c,2026-05-20T17:45:00Z,2026-05-20T19:45:00+0200,232.37,EUR/MWh,FR,FR,imbalance_price,Long,2026-06-07T17:42:53Z
2026-06-07T17:41:56Z,2026-06-07T19:41:56+0200,9fbaedea-27ef-4990-85cf-49287850296c,2026-05-20T17:45:00Z,2026-05-20T19:45:00+0200,275.31,EUR/MWh,FR,FR,imbalance_price,Short,2026-06-07T17:42:53Z
2026-06-07T17:41:56Z,2026-06-07T19:41:56+0200,9fbaedea-27ef-4990-85cf-49287850296c,2026-05-20T18:00:00Z,2026-05-20T20:00:00+0200,53.05,EUR/MWh,FR,FR,imbalance_price,Long,2026-06-07T17:42:53Z
2026-06-07T17:41:56Z,2026-06-07T19:41:56+0200,9fbaedea-27ef-4990-85cf-49287850296c,2026-05-20T18:00:00Z,2026-05-20T20:00:00+0200,62.85,EUR/MWh,FR,FR,imbalance_price,Short,2026-06-07T17:42:53Z
2026-06-07T17:41:56Z,2026-06-07T19:41:56+0200,9fbaedea-27ef-4990-85cf-49287850296c,2026-05-20T18:15:00Z,2026-05-20T20:15:00+0200,68.2,EUR/MWh,FR,FR,imbalance_price,Long,2026-06-07T17:42:53Z
2026-06-07T17:41:56Z,2026-06-07T19:41:56+0200,9fbaedea-27ef-4990-85cf-49287850296c,2026-05-20T18:15:00Z,2026-05-20T20:15:00+0200,80.8,EUR/MWh,FR,FR,imbalance_price,Short,2026-06-07T17:42:53Z
2026-06-07T17:41:56Z,2026-06-07T19:41:56+0200,9fbaedea-27ef-4990-85cf-49287850296c,2026-05-20T18:30:00Z,2026-05-20T20:30:00+0200,126.44,EUR/MWh,FR,FR,imbalance_price,Long,2026-06-07T17:42:53Z
2026-06-07T17:41:56Z,2026-06-07T19:41:56+0200,9fbaedea-27ef-4990-85cf-49287850296c,2026-05-20T18:30:00Z,2026-05-20T20:30:00+0200,149.82,EUR/MWh,FR,FR,imbalance_price,Short,2026-06-07T17:42:53Z
2026-06-07T17:41:56Z,2026-06-07T19:41:56+0200,9fbaedea-27ef-4990-85cf-49287850296c,2026-05-20T18:45:00Z,2026-05-20T20:45:00+0200,135.27,EUR/MWh,FR,FR,imbalance_price,Long,2026-06-07T17:42:53Z
2026-06-07T17:41:56Z,2026-06-07T19:41:56+0200,9fbaedea-27ef-4990-85cf-49287850296c,2026-05-20T18:45:00Z,2026-05-20T20:45:00+0200,160.27,EUR/MWh,FR,FR,imbalance_price,Short,2026-06-07T17:42:53Z
2026-06-07T17:41:56Z,2026-06-07T19:41:56+0200,9fbaedea-27ef-4990-85cf-49287850296c,2026-05-20T19:00:00Z,2026-05-20T21:00:00+0200,101.53,EUR/MWh,FR,FR,imbalance_price,Long,2026-06-07T17:42:53Z
2026-06-07T17:41:56Z,2026-06-07T19:41:56+0200,9fbaedea-27ef-4990-85cf-49287850296c,2026-05-20T19:00:00Z,2026-05-20T21:00:00+0200,120.29,EUR/MWh,FR,FR,imbalance_price,Short,2026-06-07T17:42:53Z
2026-06-07T17:41:56Z,2026-06-07T19:41:56+0200,9fbaedea-27ef-4990-85cf-49287850296c,2026-05-20T19:15:00Z,2026-05-20T21:15:00+0200,109.81,EUR/MWh,FR,FR,imbalance_price,Long,2026-06-07T17:42:53Z
2026-06-07T17:41:56Z,2026-06-07T19:41:56+0200,9fbaedea-27ef-4990-85cf-49287850296c,2026-05-20T19:15:00Z,2026-05-20T21:15:00+0200,130.11,EUR/MWh,FR,FR,imbalance_price,Short,2026-06-07T17:42:53Z
2026-06-07T17:41:56Z,2026-06-07T19:41:56+0200,9fbaedea-27ef-4990-85cf-49287850296c,2026-05-20T19:30:00Z,2026-05-20T21:30:00+0200,131.39,EUR/MWh,FR,FR,imbalance_price,Long,2026-06-07T17:42:53Z
2026-06-07T17:41:56Z,2026-06-07T19:41:56+0200,9fbaedea-27ef-4990-85cf-49287850296c,2026-05-20T19:30:00Z,2026-05-20T21:30:00+0200,155.67,EUR/MWh,FR,FR,imbalance_price,Short,2026-06-07T17:42:53Z
2026-06-07T17:41:56Z,2026-06-07T19:41:56+0200,9fbaedea-27ef-4990-85cf-49287850296c,2026-05-20T19:45:00Z,2026-05-20T21:45:00+0200,122.25,EUR/MWh,FR,FR,imbalance_price,Long,2026-06-07T17:42:53Z
2026-06-07T17:41:56Z,2026-06-07T19:41:56+0200,9fbaedea-27ef-4990-85cf-49287850296c,2026-05-20T19:45:00Z,2026-05-20T21:45:00+0200,144.85,EUR/MWh,FR,FR,imbalance_price,Short,2026-06-07T17:42:53Z
2026-06-07T17:41:56Z,2026-06-07T19:41:56+0200,9fbaedea-27ef-4990-85cf-49287850296c,2026-05-20T20:00:00Z,2026-05-20T22:00:00+0200,137.14,EUR/MWh,FR,FR,imbalance_price,Long,2026-06-07T17:42:53Z
2026-06-07T17:41:56Z,2026-06-07T19:41:56+0200,9fbaedea-27ef-4990-85cf-49287850296c,2026-05-20T20:00:00Z,2026-05-20T22:00:00+0200,162.48,EUR/MWh,FR,FR,imbalance_price,Short,2026-06-07T17:42:53Z
2026-06-07T17:41:56Z,2026-06-07T19:41:56+0200,9fbaedea-27ef-4990-85cf-49287850296c,2026-05-20T20:15:00Z,2026-05-20T22:15:00+0200,98.05,EUR/MWh,FR,FR,imbalance_price,Long,2026-06-07T17:42:53Z
2026-06-07T17:41:56Z,2026-06-07T19:41:56+0200,9fbaedea-27ef-4990-85cf-49287850296c,2026-05-20T20:15:00Z,2026-05-20T22:15:00+0200,116.17,EUR/MWh,FR,FR,imbalance_price,Short,2026-06-07T17:42:53Z
2026-06-07T17:41:56Z,2026-06-07T19:41:56+0200,9fbaedea-27ef-4990-85cf-49287850296c,2026-05-20T20:30:00Z,2026-05-20T22:30:00+0200,167.96,EUR/MWh,FR,FR,imbalance_price,Long,2026-06-07T17:42:53Z
2026-06-07T17:41:56Z,2026-06-07T19:41:56+0200,9fbaedea-27ef-4990-85cf-49287850296c,2026-05-20T20:30:00Z,2026-05-20T22:30:00+0200,199.0,EUR/MWh,FR,FR,imbalance_price,Short,2026-06-07T17:42:53Z
2026-06-07T17:41:56Z,2026-06-07T19:41:56+0200,9fbaedea-27ef-4990-85cf-49287850296c,2026-05-20T20:45:00Z,2026-05-20T22:45:00+0200,110.14,EUR/MWh,FR,FR,imbalance_price,Long,2026-06-07T17:42:53Z
2026-06-07T17:41:56Z,2026-06-07T19:41:56+0200,9fbaedea-27ef-4990-85cf-49287850296c,2026-05-20T20:45:00Z,2026-05-20T22:45:00+0200,130.5,EUR/MWh,FR,FR,imbalance_price,Short,2026-06-07T17:42:53Z
2026-06-07T17:41:56Z,2026-06-07T19:41:56+0200,9fbaedea-27ef-4990-85cf-49287850296c,2026-05-20T21:00:00Z,2026-05-20T23:00:00+0200,132.9,EUR/MWh,FR,FR,imbalance_price,Long,2026-06-07T17:42:53Z
2026-06-07T17:41:56Z,2026-06-07T19:41:56+0200,9fbaedea-27ef-4990-85cf-49287850296c,2026-05-20T21:00:00Z,2026-05-20T23:00:00+0200,157.46,EUR/MWh,FR,FR,imbalance_price,Short,2026-06-07T17:42:53Z
2026-06-07T17:41:56Z,2026-06-07T19:41:56+0200,9fbaedea-27ef-4990-85cf-49287850296c,2026-05-20T21:15:00Z,2026-05-20T23:15:00+0200,104.83,EUR/MWh,FR,FR,imbalance_price,Long,2026-06-07T17:42:53Z
2026-06-07T17:41:56Z,2026-06-07T19:41:56+0200,9fbaedea-27ef-4990-85cf-49287850296c,2026-05-20T21:15:00Z,2026-05-20T23:15:00+0200,124.21,EUR/MWh,FR,FR,imbalance_price,Short,2026-06-07T17:42:53Z
2026-06-07T17:41:56Z,2026-06-07T19:41:56+0200,9fbaedea-27ef-4990-85cf-49287850296c,2026-05-20T21:30:00Z,2026-05-20T23:30:00+0200,101.87,EUR/MWh,FR,FR,imbalance_price,Long,2026-06-07T17:42:53Z
2026-06-07T17:41:56Z,2026-06-07T19:41:56+0200,9fbaedea-27ef-4990-85cf-49287850296c,2026-05-20T21:30:00Z,2026-05-20T23:30:00+0200,120.71,EUR/MWh,FR,FR,imbalance_price,Short,2026-06-07T17:42:53Z
2026-06-07T17:41:56Z,2026-06-07T19:41:56+0200,9fbaedea-27ef-4990-85cf-49287850296c,2026-05-20T21:45:00Z,2026-05-20T23:45:00+0200,49.77,EUR/MWh,FR,FR,imbalance_price,Long,2026-06-07T17:42:53Z
2026-06-07T17:41:56Z,2026-06-07T19:41:56+0200,9fbaedea-27ef-4990-85cf-49287850296c,2026-05-20T21:45:00Z,2026-05-20T23:45:00+0200,58.97,EUR/MWh,FR,FR,imbalance_price,Short,2026-06-07T17:42:53Z
2026-06-07T17:41:56Z,2026-06-07T19:41:56+0200,9fbaedea-27ef-4990-85cf-49287850296c,2026-05-20T22:00:00Z,2026-05-21T00:00:00+0200,86.36,EUR/MWh,FR,FR,imbalance_price,Long,2026-06-07T17:42:53Z
2026-06-07T17:41:56Z,2026-06-07T19:41:56+0200,9fbaedea-27ef-4990-85cf-49287850296c,2026-05-20T22:00:00Z,2026-05-21T00:00:00+0200,102.32,EUR/MWh,FR,FR,imbalance_price,Short,2026-06-07T17:42:53Z
2026-06-07T17:41:56Z,2026-06-07T19:41:56+0200,9fbaedea-27ef-4990-85cf-49287850296c,2026-05-20T22:15:00Z,2026-05-21T00:15:00+0200,79.26,EUR/MWh,FR,FR,imbalance_price,Long,2026-06-07T17:42:53Z
2026-06-07T17:41:56Z,2026-06-07T19:41:56+0200,9fbaedea-27ef-4990-85cf-49287850296c,2026-05-20T22:15:00Z,2026-05-21T00:15:00+0200,93.9,EUR/MWh,FR,FR,imbalance_price,Short,2026-06-07T17:42:53Z
2026-06-07T17:41:56Z,2026-06-07T19:41:56+0200,9fbaedea-27ef-4990-85cf-49287850296c,2026-05-20T22:30:00Z,2026-05-21T00:30:00+0200,108.06,EUR/MWh,FR,FR,imbalance_price,Long,2026-06-07T17:42:53Z
2026-06-07T17:41:56Z,2026-06-07T19:41:56+0200,9fbaedea-27ef-4990-85cf-49287850296c,2026-05-20T22:30:00Z,2026-05-21T00:30:00+0200,128.04,EUR/MWh,FR,FR,imbalance_price,Short,2026-06-07T17:42:53Z
2026-06-07T17:41:56Z,2026-06-07T19:41:56+0200,9fbaedea-27ef-4990-85cf-49287850296c,2026-05-20T22:45:00Z,2026-05-21T00:45:00+0200,107.34,EUR/MWh,FR,FR,imbalance_price,Long,2026-06-07T17:42:53Z
2026-06-07T17:41:56Z,2026-06-07T19:41:56+0200,9fbaedea-27ef-4990-85cf-49287850296c,2026-05-20T22:45:00Z,2026-05-21T00:45:00+0200,127.18,EUR/MWh,FR,FR,imbalance_price,Short,2026-06-07T17:42:53Z
2026-06-07T17:41:56Z,2026-06-07T19:41:56+0200,9fbaedea-27ef-4990-85cf-49287850296c,2026-05-20T23:00:00Z,2026-05-21T01:00:00+0200,109.99,EUR/MWh,FR,FR,imbalance_price,Long,2026-06-07T17:42:53Z
2026-06-07T17:41:56Z,2026-06-07T19:41:56+0200,9fbaedea-27ef-4990-85cf-49287850296c,2026-05-20T23:00:00Z,2026-05-21T01:00:00+0200,130.31,EUR/MWh,FR,FR,imbalance_price,Short,2026-06-07T17:42:53Z
2026-06-07T17:41:56Z,2026-06-07T19:41:56+0200,9fbaedea-27ef-4990-85cf-49287850296c,2026-05-20T23:15:00Z,2026-05-21T01:15:00+0200,72.18,EUR/MWh,FR,FR,imbalance_price,Long,2026-06-07T17:42:53Z
2026-06-07T17:41:56Z,2026-06-07T19:41:56+0200,9fbaedea-27ef-4990-85cf-49287850296c,2026-05-20T23:15:00Z,2026-05-21T01:15:00+0200,85.52,EUR/MWh,FR,FR,imbalance_price,Short,2026-06-07T17:42:53Z
2026-06-07T17:41:56Z,2026-06-07T19:41:56+0200,9fbaedea-27ef-4990-85cf-49287850296c,2026-05-20T23:30:00Z,2026-05-21T01:30:00+0200,113.59,EUR/MWh,FR,FR,imbalance_price,Long,2026-06-07T17:42:53Z
2026-06-07T17:41:56Z,2026-06-07T19:41:56+0200,9fbaedea-27ef-4990-85cf-49287850296c,2026-05-20T23:30:00Z,2026-05-21T01:30:00+0200,134.59,EUR/MWh,FR,FR,imbalance_price,Short,2026-06-07T17:42:53Z
2026-06-07T17:41:56Z,2026-06-07T19:41:56+0200,9fbaedea-27ef-4990-85cf-49287850296c,2026-05-20T23:45:00Z,2026-05-21T01:45:00+0200,75.35,EUR/MWh,FR,FR,imbalance_price,Long,2026-06-07T17:42:53Z
2026-06-07T17:41:56Z,2026-06-07T19:41:56+0200,9fbaedea-27ef-4990-85cf-49287850296c,2026-05-20T23:45:00Z,2026-05-21T01:45:00+0200,89.27,EUR/MWh,FR,FR,imbalance_price,Short,2026-06-07T17:42:53Z
2026-06-07T17:41:56Z,2026-06-07T19:41:56+0200,9fbaedea-27ef-4990-85cf-49287850296c,2026-05-21T00:00:00Z,2026-05-21T02:00:00+0200,96.16,EUR/MWh,FR,FR,imbalance_price,Long,2026-06-07T17:42:53Z
2026-06-07T17:41:56Z,2026-06-07T19:41:56+0200,9fbaedea-27ef-4990-85cf-49287850296c,2026-05-21T00:00:00Z,2026-05-21T02:00:00+0200,113.94,EUR/MWh,FR,FR,imbalance_price,Short,2026-06-07T17:42:53Z
2026-06-07T17:41:56Z,2026-06-07T19:41:56+0200,9fbaedea-27ef-4990-85cf-49287850296c,2026-05-21T00:15:00Z,2026-05-21T02:15:00+0200,64.67,EUR/MWh,FR,FR,imbalance_price,Long,2026-06-07T17:42:53Z
2026-06-07T17:41:56Z,2026-06-07T19:41:56+0200,9fbaedea-27ef-4990-85cf-49287850296c,2026-05-21T00:15:00Z,2026-05-21T02:15:00+0200,76.63,EUR/MWh,FR,FR,imbalance_price,Short,2026-06-07T17:42:53Z
2026-06-07T17:41:56Z,2026-06-07T19:41:56+0200,9fbaedea-27ef-4990-85cf-49287850296c,2026-05-21T00:30:00Z,2026-05-21T02:30:00+0200,51.55,EUR/MWh,FR,FR,imbalance_price,Long,2026-06-07T17:42:53Z
2026-06-07T17:41:56Z,2026-06-07T19:41:56+0200,9fbaedea-27ef-4990-85cf-49287850296c,2026-05-21T00:30:00Z,2026-05-21T02:30:00+0200,61.07,EUR/MWh,FR,FR,imbalance_price,Short,2026-06-07T17:42:53Z
2026-06-07T17:41:56Z,2026-06-07T19:41:56+0200,9fbaedea-27ef-4990-85cf-49287850296c,2026-05-21T00:45:00Z,2026-05-21T02:45:00+0200,39.55,EUR/MWh,FR,FR,imbalance_price,Long,2026-06-07T17:42:53Z
2026-06-07T17:41:56Z,2026-06-07T19:41:56+0200,9fbaedea-27ef-4990-85cf-49287850296c,2026-05-21T00:45:00Z,2026-05-21T02:45:00+0200,46.85,EUR/MWh,FR,FR,imbalance_price,Short,2026-06-07T17:42:53Z
2026-06-07T17:41:56Z,2026-06-07T19:41:56+0200,9fbaedea-27ef-4990-85cf-49287850296c,2026-05-21T01:00:00Z,2026-05-21T03:00:00+0200,104.14,EUR/MWh,FR,FR,imbalance_price,Long,2026-06-07T17:42:53Z
2026-06-07T17:41:56Z,2026-06-07T19:41:56+0200,9fbaedea-27ef-4990-85cf-49287850296c,2026-05-21T01:00:00Z,2026-05-21T03:00:00+0200,123.38,EUR/MWh,FR,FR,imbalance_price,Short,2026-06-07T17:42:53Z
2026-06-07T17:41:56Z,2026-06-07T19:41:56+0200,9fbaedea-27ef-4990-85cf-49287850296c,2026-05-21T01:15:00Z,2026-05-21T03:15:00+0200,62.61,EUR/MWh,FR,FR,imbalance_price,Long,2026-06-07T17:42:53Z
2026-06-07T17:41:56Z,2026-06-07T19:41:56+0200,9fbaedea-27ef-4990-85cf-49287850296c,2026-05-21T01:15:00Z,2026-05-21T03:15:00+0200,74.19,EUR/MWh,FR,FR,imbalance_price,Short,2026-06-07T17:42:53Z
2026-06-07T17:41:56Z,2026-06-07T19:41:56+0200,9fbaedea-27ef-4990-85cf-49287850296c,2026-05-21T01:30:00Z,2026-05-21T03:30:00+0200,0.09,EUR/MWh,FR,FR,imbalance_price,Long,2026-06-07T17:42:53Z
2026-06-07T17:41:56Z,2026-06-07T19:41:56+0200,9fbaedea-27ef-4990-85cf-49287850296c,2026-05-21T01:30:00Z,2026-05-21T03:30:00+0200,0.11,EUR/MWh,FR,FR,imbalance_price,Short,2026-06-07T17:42:53Z
2026-06-07T17:41:56Z,2026-06-07T19:41:56+0200,9fbaedea-27ef-4990-85cf-49287850296c,2026-05-21T01:45:00Z,2026-05-21T03:45:00+0200,48.03,EUR/MWh,FR,FR,imbalance_price,Long,2026-06-07T17:42:53Z
2026-06-07T17:41:56Z,2026-06-07T19:41:56+0200,9fbaedea-27ef-4990-85cf-49287850296c,2026-05-21T01:45:00Z,2026-05-21T03:45:00+0200,56.91,EUR/MWh,FR,FR,imbalance_price,Short,2026-06-07T17:42:53Z
2026-06-07T17:41:56Z,2026-06-07T19:41:56+0200,9fbaedea-27ef-4990-85cf-49287850296c,2026-05-21T02:00:00Z,2026-05-21T04:00:00+0200,53.44,EUR/MWh,FR,FR,imbalance_price,Long,2026-06-07T17:42:53Z
2026-06-07T17:41:56Z,2026-06-07T19:41:56+0200,9fbaedea-27ef-4990-85cf-49287850296c,2026-05-21T02:00:00Z,2026-05-21T04:00:00+0200,63.32,EUR/MWh,FR,FR,imbalance_price,Short,2026-06-07T17:42:53Z
2026-06-07T17:41:56Z,2026-06-07T19:41:56+0200,9fbaedea-27ef-4990-85cf-49287850296c,2026-05-21T02:15:00Z,2026-05-21T04:15:00+0200,61.87,EUR/MWh,FR,FR,imbalance_price,Long,2026-06-07T17:42:53Z
2026-06-07T17:41:56Z,2026-06-07T19:41:56+0200,9fbaedea-27ef-4990-85cf-49287850296c,2026-05-21T02:15:00Z,2026-05-21T04:15:00+0200,73.31,EUR/MWh,FR,FR,imbalance_price,Short,2026-06-07T17:42:53Z
2026-06-07T17:41:56Z,2026-06-07T19:41:56+0200,9fbaedea-27ef-4990-85cf-49287850296c,2026-05-21T02:30:00Z,2026-05-21T04:30:00+0200,47.01,EUR/MWh,FR,FR,imbalance_price,Long,2026-06-07T17:42:53Z
2026-06-07T17:41:56Z,2026-06-07T19:41:56+0200,9fbaedea-27ef-4990-85cf-49287850296c,2026-05-21T02:30:00Z,2026-05-21T04:30:00+0200,55.69,EUR/MWh,FR,FR,imbalance_price,Short,2026-06-07T17:42:53Z
2026-06-07T17:41:56Z,2026-06-07T19:41:56+0200,9fbaedea-27ef-4990-85cf-49287850296c,2026-05-21T02:45:00Z,2026-05-21T04:45:00+0200,81.05,EUR/MWh,FR,FR,imbalance_price,Long,2026-06-07T17:42:53Z
2026-06-07T17:41:56Z,2026-06-07T19:41:56+0200,9fbaedea-27ef-4990-85cf-49287850296c,2026-05-21T02:45:00Z,2026-05-21T04:45:00+0200,96.03,EUR/MWh,FR,FR,imbalance_price,Short,2026-06-07T17:42:53Z
2026-06-07T17:41:56Z,2026-06-07T19:41:56+0200,9fbaedea-27ef-4990-85cf-49287850296c,2026-05-21T03:00:00Z,2026-05-21T05:00:00+0200,113.13,EUR/MWh,FR,FR,imbalance_price,Long,2026-06-07T17:42:53Z
2026-06-07T17:41:56Z,2026-06-07T19:41:56+0200,9fbaedea-27ef-4990-85cf-49287850296c,2026-05-21T03:00:00Z,2026-05-21T05:00:00+0200,134.03,EUR/MWh,FR,FR,imbalance_price,Short,2026-06-07T17:42:53Z
2026-06-07T17:41:56Z,2026-06-07T19:41:56+0200,9fbaedea-27ef-4990-85cf-49287850296c,2026-05-21T03:15:00Z,2026-05-21T05:15:00+0200,121.03,EUR/MWh,FR,FR,imbalance_price,Long,2026-06-07T17:42:53Z
2026-06-07T17:41:56Z,2026-06-07T19:41:56+0200,9fbaedea-27ef-4990-85cf-49287850296c,2026-05-21T03:15:00Z,2026-05-21T05:15:00+0200,143.41,EUR/MWh,FR,FR,imbalance_price,Short,2026-06-07T17:42:53Z
2026-06-07T17:41:56Z,2026-06-07T19:41:56+0200,9fbaedea-27ef-4990-85cf-49287850296c,2026-05-21T03:30:00Z,2026-05-21T05:30:00+0200,75.8,EUR/MWh,FR,FR,imbalance_price,Long,2026-06-07T17:42:53Z
2026-06-07T17:41:56Z,2026-06-07T19:41:56+0200,9fbaedea-27ef-4990-85cf-49287850296c,2026-05-21T03:30:00Z,2026-05-21T05:30:00+0200,89.82,EUR/MWh,FR,FR,imbalance_price,Short,2026-06-07T17:42:53Z
2026-06-07T17:41:56Z,2026-06-07T19:41:56+0200,9fbaedea-27ef-4990-85cf-49287850296c,2026-05-21T03:45:00Z,2026-05-21T05:45:00+0200,115.99,EUR/MWh,FR,FR,imbalance_price,Long,2026-06-07T17:42:53Z
2026-06-07T17:41:56Z,2026-06-07T19:41:56+0200,9fbaedea-27ef-4990-85cf-49287850296c,2026-05-21T03:45:00Z,2026-05-21T05:45:00+0200,137.43,EUR/MWh,FR,FR,imbalance_price,Short,2026-06-07T17:42:53Z
2026-06-07T17:41:56Z,2026-06-07T19:41:56+0200,9fbaedea-27ef-4990-85cf-49287850296c,2026-05-21T04:00:00Z,2026-05-21T06:00:00+0200,122.03,EUR/MWh,FR,FR,imbalance_price,Long,2026-06-07T17:42:53Z
2026-06-07T17:41:56Z,2026-06-07T19:41:56+0200,9fbaedea-27ef-4990-85cf-49287850296c,2026-05-21T04:00:00Z,2026-05-21T06:00:00+0200,144.59,EUR/MWh,FR,FR,imbalance_price,Short,2026-06-07T17:42:53Z
2026-06-07T17:41:56Z,2026-06-07T19:41:56+0200,9fbaedea-27ef-4990-85cf-49287850296c,2026-05-21T04:15:00Z,2026-05-21T06:15:00+0200,150.15,EUR/MWh,FR,FR,imbalance_price,Long,2026-06-07T17:42:53Z
2026-06-07T17:41:56Z,2026-06-07T19:41:56+0200,9fbaedea-27ef-4990-85cf-49287850296c,2026-05-21T04:15:00Z,2026-05-21T06:15:00+0200,177.91,EUR/MWh,FR,FR,imbalance_price,Short,2026-06-07T17:42:53Z
2026-06-07T17:41:56Z,2026-06-07T19:41:56+0200,9fbaedea-27ef-4990-85cf-49287850296c,2026-05-21T04:30:00Z,2026-05-21T06:30:00+0200,201.64,EUR/MWh,FR,FR,imbalance_price,Long,2026-06-07T17:42:53Z
2026-06-07T17:41:56Z,2026-06-07T19:41:56+0200,9fbaedea-27ef-4990-85cf-49287850296c,2026-05-21T04:30:00Z,2026-05-21T06:30:00+0200,238.92,EUR/MWh,FR,FR,imbalance_price,Short,2026-06-07T17:42:53Z
2026-06-07T17:41:56Z,2026-06-07T19:41:56+0200,9fbaedea-27ef-4990-85cf-49287850296c,2026-05-21T04:45:00Z,2026-05-21T06:45:00+0200,107.13,EUR/MWh,FR,FR,imbalance_price,Long,2026-06-07T17:42:53Z
2026-06-07T17:41:56Z,2026-06-07T19:41:56+0200,9fbaedea-27ef-4990-85cf-49287850296c,2026-05-21T04:45:00Z,2026-05-21T06:45:00+0200,126.93,EUR/MWh,FR,FR,imbalance_price,Short,2026-06-07T17:42:53Z
2026-06-07T17:41:56Z,2026-06-07T19:41:56+0200,9fbaedea-27ef-4990-85cf-49287850296c,2026-05-21T05:00:00Z,2026-05-21T07:00:00+0200,124.59,EUR/MWh,FR,FR,imbalance_price,Long,2026-06-07T17:42:53Z
2026-06-07T17:41:56Z,2026-06-07T19:41:56+0200,9fbaedea-27ef-4990-85cf-49287850296c,2026-05-21T05:00:00Z,2026-05-21T07:00:00+0200,147.61,EUR/MWh,FR,FR,imbalance_price,Short,2026-06-07T17:42:53Z
2026-06-07T17:41:56Z,2026-06-07T19:41:56+0200,9fbaedea-27ef-4990-85cf-49287850296c,2026-05-21T05:15:00Z,2026-05-21T07:15:00+0200,109.85,EUR/MWh,FR,FR,imbalance_price,Long,2026-06-07T17:42:53Z
2026-06-07T17:41:56Z,2026-06-07T19:41:56+0200,9fbaedea-27ef-4990-85cf-49287850296c,2026-05-21T05:15:00Z,2026-05-21T07:15:00+0200,130.15,EUR/MWh,FR,FR,imbalance_price,Short,2026-06-07T17:42:53Z
2026-06-07T17:41:56Z,2026-06-07T19:41:56+0200,9fbaedea-27ef-4990-85cf-49287850296c,2026-05-21T05:30:00Z,2026-05-21T07:30:00+0200,115.56,EUR/MWh,FR,FR,imbalance_price,Long,2026-06-07T17:42:53Z
2026-06-07T17:41:56Z,2026-06-07T19:41:56+0200,9fbaedea-27ef-4990-85cf-49287850296c,2026-05-21T05:30:00Z,2026-05-21T07:30:00+0200,136.92,EUR/MWh,FR,FR,imbalance_price,Short,2026-06-07T17:42:53Z
2026-06-07T17:41:56Z,2026-06-07T19:41:56+0200,9fbaedea-27ef-4990-85cf-49287850296c,2026-05-21T05:45:00Z,2026-05-21T07:45:00+0200,98.7,EUR/MWh,FR,FR,imbalance_price,Long,2026-06-07T17:42:53Z
2026-06-07T17:41:56Z,2026-06-07T19:41:56+0200,9fbaedea-27ef-4990-85cf-49287850296c,2026-05-21T05:45:00Z,2026-05-21T07:45:00+0200,116.94,EUR/MWh,FR,FR,imbalance_price,Short,2026-06-07T17:42:53Z
2026-06-07T17:41:56Z,2026-06-07T19:41:56+0200,9fbaedea-27ef-4990-85cf-49287850296c,2026-05-21T06:00:00Z,2026-05-21T08:00:00+0200,66.63,EUR/MWh,FR,FR,imbalance_price,Long,2026-06-07T17:42:53Z
2026-06-07T17:41:56Z,2026-06-07T19:41:56+0200,9fbaedea-27ef-4990-85cf-49287850296c,2026-05-21T06:00:00Z,2026-05-21T08:00:00+0200,78.95,EUR/MWh,FR,FR,imbalance_price,Short,2026-06-07T17:42:53Z
2026-06-07T17:41:56Z,2026-06-07T19:41:56+0200,9fbaedea-27ef-4990-85cf-49287850296c,2026-05-21T06:15:00Z,2026-05-21T08:15:00+0200,76.82,EUR/MWh,FR,FR,imbalance_price,Long,2026-06-07T17:42:53Z
2026-06-07T17:41:56Z,2026-06-07T19:41:56+0200,9fbaedea-27ef-4990-85cf-49287850296c,2026-05-21T06:15:00Z,2026-05-21T08:15:00+0200,91.02,EUR/MWh,FR,FR,imbalance_price,Short,2026-06-07T17:42:53Z
2026-06-07T17:41:56Z,2026-06-07T19:41:56+0200,9fbaedea-27ef-4990-85cf-49287850296c,2026-05-21T06:30:00Z,2026-05-21T08:30:00+0200,80.37,EUR/MWh,FR,FR,imbalance_price,Long,2026-06-07T17:42:53Z
2026-06-07T17:41:56Z,2026-06-07T19:41:56+0200,9fbaedea-27ef-4990-85cf-49287850296c,2026-05-21T06:30:00Z,2026-05-21T08:30:00+0200,95.23,EUR/MWh,FR,FR,imbalance_price,Short,2026-06-07T17:42:53Z
2026-06-07T17:41:56Z,2026-06-07T19:41:56+0200,9fbaedea-27ef-4990-85cf-49287850296c,2026-05-21T06:45:00Z,2026-05-21T08:45:00+0200,60.77,EUR/MWh,FR,FR,imbalance_price,Long,2026-06-07T17:42:53Z
2026-06-07T17:41:56Z,2026-06-07T19:41:56+0200,9fbaedea-27ef-4990-85cf-49287850296c,2026-05-21T06:45:00Z,2026-05-21T08:45:00+0200,72.01,EUR/MWh,FR,FR,imbalance_price,Short,2026-06-07T17:42:53Z
2026-06-07T17:41:56Z,2026-06-07T19:41:56+0200,9fbaedea-27ef-4990-85cf-49287850296c,2026-05-21T07:00:00Z,2026-05-21T09:00:00+0200,34.35,EUR/MWh,FR,FR,imbalance_price,Long,2026-06-07T17:42:53Z
2026-06-07T17:41:56Z,2026-06-07T19:41:56+0200,9fbaedea-27ef-4990-85cf-49287850296c,2026-05-21T07:00:00Z,2026-05-21T09:00:00+0200,40.71,EUR/MWh,FR,FR,imbalance_price,Short,2026-06-07T17:42:53Z
2026-06-07T17:41:56Z,2026-06-07T19:41:56+0200,9fbaedea-27ef-4990-85cf-49287850296c,2026-05-21T07:15:00Z,2026-05-21T09:15:00+0200,-139.57,EUR/MWh,FR,FR,imbalance_price,Long,2026-06-07T17:42:53Z
2026-06-07T17:41:56Z,2026-06-07T19:41:56+0200,9fbaedea-27ef-4990-85cf-49287850296c,2026-05-21T07:15:00Z,2026-05-21T09:15:00+0200,-117.79,EUR/MWh,FR,FR,imbalance_price,Short,2026-06-07T17:42:53Z
2026-06-07T17:41:56Z,2026-06-07T19:41:56+0200,9fbaedea-27ef-4990-85cf-49287850296c,2026-05-21T07:30:00Z,2026-05-21T09:30:00+0200,21.46,EUR/MWh,FR,FR,imbalance_price,Long,2026-06-07T17:42:53Z
2026-06-07T17:41:56Z,2026-06-07T19:41:56+0200,9fbaedea-27ef-4990-85cf-49287850296c,2026-05-21T07:30:00Z,2026-05-21T09:30:00+0200,25.42,EUR/MWh,FR,FR,imbalance_price,Short,2026-06-07T17:42:53Z
2026-06-07T17:41:56Z,2026-06-07T19:41:56+0200,9fbaedea-27ef-4990-85cf-49287850296c,2026-05-21T07:45:00Z,2026-05-21T09:45:00+0200,-1.12,EUR/MWh,FR,FR,imbalance_price,Long,2026-06-07T17:42:53Z
2026-06-07T17:41:56Z,2026-06-07T19:41:56+0200,9fbaedea-27ef-4990-85cf-49287850296c,2026-05-21T07:45:00Z,2026-05-21T09:45:00+0200,-0.94,EUR/MWh,FR,FR,imbalance_price,Short,2026-06-07T17:42:53Z
2026-06-07T17:41:56Z,2026-06-07T19:41:56+0200,9fbaedea-27ef-4990-85cf-49287850296c,2026-05-21T08:00:00Z,2026-05-21T10:00:00+0200,-13.98,EUR/MWh,FR,FR,imbalance_price,Long,2026-06-07T17:42:53Z
2026-06-07T17:41:56Z,2026-06-07T19:41:56+0200,9fbaedea-27ef-4990-85cf-49287850296c,2026-05-21T08:00:00Z,2026-05-21T10:00:00+0200,-11.8,EUR/MWh,FR,FR,imbalance_price,Short,2026-06-07T17:42:53Z
2026-06-07T17:41:56Z,2026-06-07T19:41:56+0200,9fbaedea-27ef-4990-85cf-49287850296c,2026-05-21T08:15:00Z,2026-05-21T10:15:00+0200,-73.07,EUR/MWh,FR,FR,imbalance_price,Long,2026-06-07T17:42:53Z
2026-06-07T17:41:56Z,2026-06-07T19:41:56+0200,9fbaedea-27ef-4990-85cf-49287850296c,2026-05-21T08:15:00Z,2026-05-21T10:15:00+0200,-61.67,EUR/MWh,FR,FR,imbalance_price,Short,2026-06-07T17:42:53Z
2026-06-07T17:41:56Z,2026-06-07T19:41:56+0200,9fbaedea-27ef-4990-85cf-49287850296c,2026-05-21T08:30:00Z,2026-05-21T10:30:00+0200,-381.66,EUR/MWh,FR,FR,imbalance_price,Long,2026-06-07T17:42:53Z
2026-06-07T17:41:56Z,2026-06-07T19:41:56+0200,9fbaedea-27ef-4990-85cf-49287850296c,2026-05-21T08:30:00Z,2026-05-21T10:30:00+0200,-322.12,EUR/MWh,FR,FR,imbalance_price,Short,2026-06-07T17:42:53Z
2026-06-07T17:41:56Z,2026-06-07T19:41:56+0200,9fbaedea-27ef-4990-85cf-49287850296c,2026-05-21T08:45:00Z,2026-05-21T10:45:00+0200,9.41,EUR/MWh,FR,FR,imbalance_price,Long,2026-06-07T17:42:53Z
2026-06-07T17:41:56Z,2026-06-07T19:41:56+0200,9fbaedea-27ef-4990-85cf-49287850296c,2026-05-21T08:45:00Z,2026-05-21T10:45:00+0200,11.15,EUR/MWh,FR,FR,imbalance_price,Short,2026-06-07T17:42:53Z
2026-06-07T17:41:56Z,2026-06-07T19:41:56+0200,9fbaedea-27ef-4990-85cf-49287850296c,2026-05-21T09:00:00Z,2026-05-21T11:00:00+0200,10.6,EUR/MWh,FR,FR,imbalance_price,Long,2026-06-07T17:42:53Z
2026-06-07T17:41:56Z,2026-06-07T19:41:56+0200,9fbaedea-27ef-4990-85cf-49287850296c,2026-05-21T09:00:00Z,2026-05-21T11:00:00+0200,12.56,EUR/MWh,FR,FR,imbalance_price,Short,2026-06-07T17:42:53Z
2026-06-07T17:41:56Z,2026-06-07T19:41:56+0200,9fbaedea-27ef-4990-85cf-49287850296c,2026-05-21T09:15:00Z,2026-05-21T11:15:00+0200,24.61,EUR/MWh,FR,FR,imbalance_price,Long,2026-06-07T17:42:53Z
2026-06-07T17:41:56Z,2026-06-07T19:41:56+0200,9fbaedea-27ef-4990-85cf-49287850296c,2026-05-21T09:15:00Z,2026-05-21T11:15:00+0200,29.15,EUR/MWh,FR,FR,imbalance_price,Short,2026-06-07T17:42:53Z
2026-06-07T17:41:56Z,2026-06-07T19:41:56+0200,9fbaedea-27ef-4990-85cf-49287850296c,2026-05-21T09:30:00Z,2026-05-21T11:30:00+0200,8.93,EUR/MWh,FR,FR,imbalance_price,Long,2026-06-07T17:42:53Z
2026-06-07T17:41:56Z,2026-06-07T19:41:56+0200,9fbaedea-27ef-4990-85cf-49287850296c,2026-05-21T09:30:00Z,2026-05-21T11:30:00+0200,10.59,EUR/MWh,FR,FR,imbalance_price,Short,2026-06-07T17:42:53Z
2026-06-07T17:41:56Z,2026-06-07T19:41:56+0200,9fbaedea-27ef-4990-85cf-49287850296c,2026-05-21T09:45:00Z,2026-05-21T11:45:00+0200,2.03,EUR/MWh,FR,FR,imbalance_price,Long,2026-06-07T17:42:53Z
2026-06-07T17:41:56Z,2026-06-07T19:41:56+0200,9fbaedea-27ef-4990-85cf-49287850296c,2026-05-21T09:45:00Z,2026-05-21T11:45:00+0200,2.41,EUR/MWh,FR,FR,imbalance_price,Short,2026-06-07T17:42:53Z
2026-06-07T17:41:56Z,2026-06-07T19:41:56+0200,9fbaedea-27ef-4990-85cf-49287850296c,2026-05-21T10:00:00Z,2026-05-21T12:00:00+0200,-604.64,EUR/MWh,FR,FR,imbalance_price,Long,2026-06-07T17:42:53Z
2026-06-07T17:41:56Z,2026-06-07T19:41:56+0200,9fbaedea-27ef-4990-85cf-49287850296c,2026-05-21T10:00:00Z,2026-05-21T12:00:00+0200,-510.32,EUR/MWh,FR,FR,imbalance_price,Short,2026-06-07T17:42:53Z
2026-06-07T17:41:56Z,2026-06-07T19:41:56+0200,9fbaedea-27ef-4990-85cf-49287850296c,2026-05-21T10:15:00Z,2026-05-21T12:15:00+0200,-459.02,EUR/MWh,FR,FR,imbalance_price,Long,2026-06-07T17:42:53Z
2026-06-07T17:41:56Z,2026-06-07T19:41:56+0200,9fbaedea-27ef-4990-85cf-49287850296c,2026-05-21T10:15:00Z,2026-05-21T12:15:00+0200,-387.42,EUR/MWh,FR,FR,imbalance_price,Short,2026-06-07T17:42:53Z
2026-06-07T17:41:56Z,2026-06-07T19:41:56+0200,9fbaedea-27ef-4990-85cf-49287850296c,2026-05-21T10:30:00Z,2026-05-21T12:30:00+0200,-372.81,EUR/MWh,FR,FR,imbalance_price,Long,2026-06-07T17:42:53Z
2026-06-07T17:41:56Z,2026-06-07T19:41:56+0200,9fbaedea-27ef-4990-85cf-49287850296c,2026-05-21T10:30:00Z,2026-05-21T12:30:00+0200,-314.65,EUR/MWh,FR,FR,imbalance_price,Short,2026-06-07T17:42:53Z
2026-06-07T17:41:56Z,2026-06-07T19:41:56+0200,9fbaedea-27ef-4990-85cf-49287850296c,2026-05-21T10:45:00Z,2026-05-21T12:45:00+0200,-527.22,EUR/MWh,FR,FR,imbalance_price,Long,2026-06-07T17:42:53Z
2026-06-07T17:41:56Z,2026-06-07T19:41:56+0200,9fbaedea-27ef-4990-85cf-49287850296c,2026-05-21T10:45:00Z,2026-05-21T12:45:00+0200,-444.98,EUR/MWh,FR,FR,imbalance_price,Short,2026-06-07T17:42:53Z
2026-06-07T17:41:56Z,2026-06-07T19:41:56+0200,9fbaedea-27ef-4990-85cf-49287850296c,2026-05-21T11:00:00Z,2026-05-21T13:00:00+0200,-91.72,EUR/MWh,FR,FR,imbalance_price,Long,2026-06-07T17:42:53Z
2026-06-07T17:41:56Z,2026-06-07T19:41:56+0200,9fbaedea-27ef-4990-85cf-49287850296c,2026-05-21T11:00:00Z,2026-05-21T13:00:00+0200,-77.42,EUR/MWh,FR,FR,imbalance_price,Short,2026-06-07T17:42:53Z
2026-06-07T17:41:56Z,2026-06-07T19:41:56+0200,9fbaedea-27ef-4990-85cf-49287850296c,2026-05-21T11:15:00Z,2026-05-21T13:15:00+0200,6.68,EUR/MWh,FR,FR,imbalance_price,Long,2026-06-07T17:42:53Z
2026-06-07T17:41:56Z,2026-06-07T19:41:56+0200,9fbaedea-27ef-4990-85cf-49287850296c,2026-05-21T11:15:00Z,2026-05-21T13:15:00+0200,7.92,EUR/MWh,FR,FR,imbalance_price,Short,2026-06-07T17:42:53Z
2026-06-07T17:41:56Z,2026-06-07T19:41:56+0200,9fbaedea-27ef-4990-85cf-49287850296c,2026-05-21T11:30:00Z,2026-05-21T13:30:00+0200,-171.14,EUR/MWh,FR,FR,imbalance_price,Long,2026-06-07T17:42:53Z
2026-06-07T17:41:56Z,2026-06-07T19:41:56+0200,9fbaedea-27ef-4990-85cf-49287850296c,2026-05-21T11:30:00Z,2026-05-21T13:30:00+0200,-144.44,EUR/MWh,FR,FR,imbalance_price,Short,2026-06-07T17:42:53Z
2026-06-07T17:41:56Z,2026-06-07T19:41:56+0200,9fbaedea-27ef-4990-85cf-49287850296c,2026-05-21T11:45:00Z,2026-05-21T13:45:00+0200,-135.88,EUR/MWh,FR,FR,imbalance_price,Long,2026-06-07T17:42:53Z
2026-06-07T17:41:56Z,2026-06-07T19:41:56+0200,9fbaedea-27ef-4990-85cf-49287850296c,2026-05-21T11:45:00Z,2026-05-21T13:45:00+0200,-114.68,EUR/MWh,FR,FR,imbalance_price,Short,2026-06-07T17:42:53Z
2026-06-07T17:41:56Z,2026-06-07T19:41:56+0200,9fbaedea-27ef-4990-85cf-49287850296c,2026-05-21T12:00:00Z,2026-05-21T14:00:00+0200,12.01,EUR/MWh,FR,FR,imbalance_price,Long,2026-06-07T17:42:53Z
2026-06-07T17:41:56Z,2026-06-07T19:41:56+0200,9fbaedea-27ef-4990-85cf-49287850296c,2026-05-21T12:00:00Z,2026-05-21T14:00:00+0200,14.23,EUR/MWh,FR,FR,imbalance_price,Short,2026-06-07T17:42:53Z
2026-06-07T17:41:56Z,2026-06-07T19:41:56+0200,9fbaedea-27ef-4990-85cf-49287850296c,2026-05-21T12:15:00Z,2026-05-21T14:15:00+0200,10.6,EUR/MWh,FR,FR,imbalance_price,Long,2026-06-07T17:42:53Z
2026-06-07T17:41:56Z,2026-06-07T19:41:56+0200,9fbaedea-27ef-4990-85cf-49287850296c,2026-05-21T12:15:00Z,2026-05-21T14:15:00+0200,12.56,EUR/MWh,FR,FR,imbalance_price,Short,2026-06-07T17:42:53Z
2026-06-07T17:41:56Z,2026-06-07T19:41:56+0200,9fbaedea-27ef-4990-85cf-49287850296c,2026-05-21T12:30:00Z,2026-05-21T14:30:00+0200,9.71,EUR/MWh,FR,FR,imbalance_price,Long,2026-06-07T17:42:53Z
2026-06-07T17:41:56Z,2026-06-07T19:41:56+0200,9fbaedea-27ef-4990-85cf-49287850296c,2026-05-21T12:30:00Z,2026-05-21T14:30:00+0200,11.51,EUR/MWh,FR,FR,imbalance_price,Short,2026-06-07T17:42:53Z
2026-06-07T17:41:56Z,2026-06-07T19:41:56+0200,9fbaedea-27ef-4990-85cf-49287850296c,2026-05-21T12:45:00Z,2026-05-21T14:45:00+0200,6.52,EUR/MWh,FR,FR,imbalance_price,Long,2026-06-07T17:42:53Z
2026-06-07T17:41:56Z,2026-06-07T19:41:56+0200,9fbaedea-27ef-4990-85cf-49287850296c,2026-05-21T12:45:00Z,2026-05-21T14:45:00+0200,7.72,EUR/MWh,FR,FR,imbalance_price,Short,2026-06-07T17:42:53Z
2026-06-07T17:41:56Z,2026-06-07T19:41:56+0200,9fbaedea-27ef-4990-85cf-49287850296c,2026-05-21T13:00:00Z,2026-05-21T15:00:00+0200,-99.0,EUR/MWh,FR,FR,imbalance_price,Long,2026-06-07T17:42:53Z
2026-06-07T17:41:56Z,2026-06-07T19:41:56+0200,9fbaedea-27ef-4990-85cf-49287850296c,2026-05-21T13:00:00Z,2026-05-21T15:00:00+0200,-83.56,EUR/MWh,FR,FR,imbalance_price,Short,2026-06-07T17:42:53Z
2026-06-07T17:41:56Z,2026-06-07T19:41:56+0200,9fbaedea-27ef-4990-85cf-49287850296c,2026-05-21T13:15:00Z,2026-05-21T15:15:00+0200,2.6,EUR/MWh,FR,FR,imbalance_price,Long,2026-06-07T17:42:53Z
2026-06-07T17:41:56Z,2026-06-07T19:41:56+0200,9fbaedea-27ef-4990-85cf-49287850296c,2026-05-21T13:15:00Z,2026-05-21T15:15:00+0200,3.08,EUR/MWh,FR,FR,imbalance_price,Short,2026-06-07T17:42:53Z
2026-06-07T17:41:56Z,2026-06-07T19:41:56+0200,9fbaedea-27ef-4990-85cf-49287850296c,2026-05-21T13:30:00Z,2026-05-21T15:30:00+0200,-60.5,EUR/MWh,FR,FR,imbalance_price,Long,2026-06-07T17:42:53Z
2026-06-07T17:41:56Z,2026-06-07T19:41:56+0200,9fbaedea-27ef-4990-85cf-49287850296c,2026-05-21T13:30:00Z,2026-05-21T15:30:00+0200,-51.06,EUR/MWh,FR,FR,imbalance_price,Short,2026-06-07T17:42:53Z
2026-06-07T17:41:56Z,2026-06-07T19:41:56+0200,9fbaedea-27ef-4990-85cf-49287850296c,2026-05-21T13:45:00Z,2026-05-21T15:45:00+0200,-89.46,EUR/MWh,FR,FR,imbalance_price,Long,2026-06-07T17:42:53Z
2026-06-07T17:41:56Z,2026-06-07T19:41:56+0200,9fbaedea-27ef-4990-85cf-49287850296c,2026-05-21T13:45:00Z,2026-05-21T15:45:00+0200,-75.5,EUR/MWh,FR,FR,imbalance_price,Short,2026-06-07T17:42:53Z
2026-06-07T17:41:56Z,2026-06-07T19:41:56+0200,9fbaedea-27ef-4990-85cf-49287850296c,2026-05-21T14:00:00Z,2026-05-21T16:00:00+0200,-26.12,EUR/MWh,FR,FR,imbalance_price,Long,2026-06-07T17:42:53Z
2026-06-07T17:41:56Z,2026-06-07T19:41:56+0200,9fbaedea-27ef-4990-85cf-49287850296c,2026-05-21T14:00:00Z,2026-05-21T16:00:00+0200,-22.04,EUR/MWh,FR,FR,imbalance_price,Short,2026-06-07T17:42:53Z
2026-06-07T17:41:56Z,2026-06-07T19:41:56+0200,9fbaedea-27ef-4990-85cf-49287850296c,2026-05-21T14:15:00Z,2026-05-21T16:15:00+0200,-26.84,EUR/MWh,FR,FR,imbalance_price,Long,2026-06-07T17:42:53Z
2026-06-07T17:41:56Z,2026-06-07T19:41:56+0200,9fbaedea-27ef-4990-85cf-49287850296c,2026-05-21T14:15:00Z,2026-05-21T16:15:00+0200,-22.66,EUR/MWh,FR,FR,imbalance_price,Short,2026-06-07T17:42:53Z
2026-06-07T17:41:56Z,2026-06-07T19:41:56+0200,9fbaedea-27ef-4990-85cf-49287850296c,2026-05-21T14:30:00Z,2026-05-21T16:30:00+0200,16.07,EUR/MWh,FR,FR,imbalance_price,Long,2026-06-07T17:42:53Z
2026-06-07T17:41:56Z,2026-06-07T19:41:56+0200,9fbaedea-27ef-4990-85cf-49287850296c,2026-05-21T14:30:00Z,2026-05-21T16:30:00+0200,19.05,EUR/MWh,FR,FR,imbalance_price,Short,2026-06-07T17:42:53Z
2026-06-07T17:41:56Z,2026-06-07T19:41:56+0200,9fbaedea-27ef-4990-85cf-49287850296c,2026-05-21T14:45:00Z,2026-05-21T16:45:00+0200,23.54,EUR/MWh,FR,FR,imbalance_price,Long,2026-06-07T17:42:53Z
2026-06-07T17:41:56Z,2026-06-07T19:41:56+0200,9fbaedea-27ef-4990-85cf-49287850296c,2026-05-21T14:45:00Z,2026-05-21T16:45:00+0200,27.9,EUR/MWh,FR,FR,imbalance_price,Short,2026-06-07T17:42:53Z
2026-06-07T17:41:56Z,2026-06-07T19:41:56+0200,9fbaedea-27ef-4990-85cf-49287850296c,2026-05-21T15:00:00Z,2026-05-21T17:00:00+0200,27.52,EUR/MWh,FR,FR,imbalance_price,Long,2026-06-07T17:42:53Z
2026-06-07T17:41:56Z,2026-06-07T19:41:56+0200,9fbaedea-27ef-4990-85cf-49287850296c,2026-05-21T15:00:00Z,2026-05-21T17:00:00+0200,32.6,EUR/MWh,FR,FR,imbalance_price,Short,2026-06-07T17:42:53Z
2026-06-07T17:41:56Z,2026-06-07T19:41:56+0200,9fbaedea-27ef-4990-85cf-49287850296c,2026-05-21T15:15:00Z,2026-05-21T17:15:00+0200,-42.03,EUR/MWh,FR,FR,imbalance_price,Long,2026-06-07T17:42:53Z
2026-06-07T17:41:56Z,2026-06-07T19:41:56+0200,9fbaedea-27ef-4990-85cf-49287850296c,2026-05-21T15:15:00Z,2026-05-21T17:15:00+0200,-35.47,EUR/MWh,FR,FR,imbalance_price,Short,2026-06-07T17:42:53Z
2026-06-07T17:41:56Z,2026-06-07T19:41:56+0200,9fbaedea-27ef-4990-85cf-49287850296c,2026-05-21T15:30:00Z,2026-05-21T17:30:00+0200,28.12,EUR/MWh,FR,FR,imbalance_price,Long,2026-06-07T17:42:53Z
2026-06-07T17:41:56Z,2026-06-07T19:41:56+0200,9fbaedea-27ef-4990-85cf-49287850296c,2026-05-21T15:30:00Z,2026-05-21T17:30:00+0200,33.32,EUR/MWh,FR,FR,imbalance_price,Short,2026-06-07T17:42:53Z
2026-06-07T17:41:56Z,2026-06-07T19:41:56+0200,9fbaedea-27ef-4990-85cf-49287850296c,2026-05-21T15:45:00Z,2026-05-21T17:45:00+0200,88.75,EUR/MWh,FR,FR,imbalance_price,Long,2026-06-07T17:42:53Z
2026-06-07T17:41:56Z,2026-06-07T19:41:56+0200,9fbaedea-27ef-4990-85cf-49287850296c,2026-05-21T15:45:00Z,2026-05-21T17:45:00+0200,105.15,EUR/MWh,FR,FR,imbalance_price,Short,2026-06-07T17:42:53Z
2026-06-07T17:41:56Z,2026-06-07T19:41:56+0200,9fbaedea-27ef-4990-85cf-49287850296c,2026-05-21T16:00:00Z,2026-05-21T18:00:00+0200,86.4,EUR/MWh,FR,FR,imbalance_price,Long,2026-06-07T17:42:53Z
2026-06-07T17:41:56Z,2026-06-07T19:41:56+0200,9fbaedea-27ef-4990-85cf-49287850296c,2026-05-21T16:00:00Z,2026-05-21T18:00:00+0200,102.38,EUR/MWh,FR,FR,imbalance_price,Short,2026-06-07T17:42:53Z
2026-06-07T17:41:56Z,2026-06-07T19:41:56+0200,9fbaedea-27ef-4990-85cf-49287850296c,2026-05-21T16:15:00Z,2026-05-21T18:15:00+0200,99.35,EUR/MWh,FR,FR,imbalance_price,Long,2026-06-07T17:42:53Z
2026-06-07T17:41:56Z,2026-06-07T19:41:56+0200,9fbaedea-27ef-4990-85cf-49287850296c,2026-05-21T16:15:00Z,2026-05-21T18:15:00+0200,117.71,EUR/MWh,FR,FR,imbalance_price,Short,2026-06-07T17:42:53Z
2026-06-07T17:41:56Z,2026-06-07T19:41:56+0200,9fbaedea-27ef-4990-85cf-49287850296c,2026-05-21T16:30:00Z,2026-05-21T18:30:00+0200,95.59,EUR/MWh,FR,FR,imbalance_price,Long,2026-06-07T17:42:53Z
2026-06-07T17:41:56Z,2026-06-07T19:41:56+0200,9fbaedea-27ef-4990-85cf-49287850296c,2026-05-21T16:30:00Z,2026-05-21T18:30:00+0200,113.25,EUR/MWh,FR,FR,imbalance_price,Short,2026-06-07T17:42:53Z
2026-06-07T17:41:56Z,2026-06-07T19:41:56+0200,9fbaedea-27ef-4990-85cf-49287850296c,2026-05-21T16:45:00Z,2026-05-21T18:45:00+0200,44.67,EUR/MWh,FR,FR,imbalance_price,Long,2026-06-07T17:42:53Z
2026-06-07T17:41:56Z,2026-06-07T19:41:56+0200,9fbaedea-27ef-4990-85cf-49287850296c,2026-05-21T16:45:00Z,2026-05-21T18:45:00+0200,52.93,EUR/MWh,FR,FR,imbalance_price,Short,2026-06-07T17:42:53Z
2026-06-07T17:41:56Z,2026-06-07T19:41:56+0200,9fbaedea-27ef-4990-85cf-49287850296c,2026-05-21T17:00:00Z,2026-05-21T19:00:00+0200,44.67,EUR/MWh,FR,FR,imbalance_price,Long,2026-06-07T17:42:53Z
2026-06-07T17:41:56Z,2026-06-07T19:41:56+0200,9fbaedea-27ef-4990-85cf-49287850296c,2026-05-21T17:00:00Z,2026-05-21T19:00:00+0200,52.93,EUR/MWh,FR,FR,imbalance_price,Short,2026-06-07T17:42:53Z
2026-06-07T17:41:56Z,2026-06-07T19:41:56+0200,9fbaedea-27ef-4990-85cf-49287850296c,2026-05-21T17:15:00Z,2026-05-21T19:15:00+0200,137.26,EUR/MWh,FR,FR,imbalance_price,Long,2026-06-07T17:42:53Z
2026-06-07T17:41:56Z,2026-06-07T19:41:56+0200,9fbaedea-27ef-4990-85cf-49287850296c,2026-05-21T17:15:00Z,2026-05-21T19:15:00+0200,162.62,EUR/MWh,FR,FR,imbalance_price,Short,2026-06-07T17:42:53Z
2026-06-07T17:41:56Z,2026-06-07T19:41:56+0200,9fbaedea-27ef-4990-85cf-49287850296c,2026-05-21T17:30:00Z,2026-05-21T19:30:00+0200,125.09,EUR/MWh,FR,FR,imbalance_price,Long,2026-06-07T17:42:53Z
2026-06-07T17:41:56Z,2026-06-07T19:41:56+0200,9fbaedea-27ef-4990-85cf-49287850296c,2026-05-21T17:30:00Z,2026-05-21T19:30:00+0200,148.21,EUR/MWh,FR,FR,imbalance_price,Short,2026-06-07T17:42:53Z
2026-06-07T17:41:56Z,2026-06-07T19:41:56+0200,9fbaedea-27ef-4990-85cf-49287850296c,2026-05-21T17:45:00Z,2026-05-21T19:45:00+0200,110.76,EUR/MWh,FR,FR,imbalance_price,Long,2026-06-07T17:42:53Z
2026-06-07T17:41:56Z,2026-06-07T19:41:56+0200,9fbaedea-27ef-4990-85cf-49287850296c,2026-05-21T17:45:00Z,2026-05-21T19:45:00+0200,131.24,EUR/MWh,FR,FR,imbalance_price,Short,2026-06-07T17:42:53Z
2026-06-07T17:41:56Z,2026-06-07T19:41:56+0200,9fbaedea-27ef-4990-85cf-49287850296c,2026-05-21T18:00:00Z,2026-05-21T20:00:00+0200,83.39,EUR/MWh,FR,FR,imbalance_price,Long,2026-06-07T17:42:53Z
2026-06-07T17:41:56Z,2026-06-07T19:41:56+0200,9fbaedea-27ef-4990-85cf-49287850296c,2026-05-21T18:00:00Z,2026-05-21T20:00:00+0200,98.81,EUR/MWh,FR,FR,imbalance_price,Short,2026-06-07T17:42:53Z
2026-06-07T17:41:56Z,2026-06-07T19:41:56+0200,9fbaedea-27ef-4990-85cf-49287850296c,2026-05-21T18:15:00Z,2026-05-21T20:15:00+0200,89.58,EUR/MWh,FR,FR,imbalance_price,Long,2026-06-07T17:42:53Z
2026-06-07T17:41:56Z,2026-06-07T19:41:56+0200,9fbaedea-27ef-4990-85cf-49287850296c,2026-05-21T18:15:00Z,2026-05-21T20:15:00+0200,106.14,EUR/MWh,FR,FR,imbalance_price,Short,2026-06-07T17:42:53Z
2026-06-07T17:41:56Z,2026-06-07T19:41:56+0200,9fbaedea-27ef-4990-85cf-49287850296c,2026-05-21T18:30:00Z,2026-05-21T20:30:00+0200,90.08,EUR/MWh,FR,FR,imbalance_price,Long,2026-06-07T17:42:53Z
2026-06-07T17:41:56Z,2026-06-07T19:41:56+0200,9fbaedea-27ef-4990-85cf-49287850296c,2026-05-21T18:30:00Z,2026-05-21T20:30:00+0200,106.74,EUR/MWh,FR,FR,imbalance_price,Short,2026-06-07T17:42:53Z
2026-06-07T17:41:56Z,2026-06-07T19:41:56+0200,9fbaedea-27ef-4990-85cf-49287850296c,2026-05-21T18:45:00Z,2026-05-21T20:45:00+0200,83.6,EUR/MWh,FR,FR,imbalance_price,Long,2026-06-07T17:42:53Z
2026-06-07T17:41:56Z,2026-06-07T19:41:56+0200,9fbaedea-27ef-4990-85cf-49287850296c,2026-05-21T18:45:00Z,2026-05-21T20:45:00+0200,99.06,EUR/MWh,FR,FR,imbalance_price,Short,2026-06-07T17:42:53Z
2026-06-07T17:41:56Z,2026-06-07T19:41:56+0200,9fbaedea-27ef-4990-85cf-49287850296c,2026-05-21T19:00:00Z,2026-05-21T21:00:00+0200,114.58,EUR/MWh,FR,FR,imbalance_price,Long,2026-06-07T17:42:53Z
2026-06-07T17:41:56Z,2026-06-07T19:41:56+0200,9fbaedea-27ef-4990-85cf-49287850296c,2026-05-21T19:00:00Z,2026-05-21T21:00:00+0200,135.76,EUR/MWh,FR,FR,imbalance_price,Short,2026-06-07T17:42:53Z
2026-06-07T17:41:56Z,2026-06-07T19:41:56+0200,9fbaedea-27ef-4990-85cf-49287850296c,2026-05-21T19:15:00Z,2026-05-21T21:15:00+0200,95.79,EUR/MWh,FR,FR,imbalance_price,Long,2026-06-07T17:42:53Z
2026-06-07T17:41:56Z,2026-06-07T19:41:56+0200,9fbaedea-27ef-4990-85cf-49287850296c,2026-05-21T19:15:00Z,2026-05-21T21:15:00+0200,113.49,EUR/MWh,FR,FR,imbalance_price,Short,2026-06-07T17:42:53Z
2026-06-07T17:41:56Z,2026-06-07T19:41:56+0200,9fbaedea-27ef-4990-85cf-49287850296c,2026-05-21T19:30:00Z,2026-05-21T21:30:00+0200,134.17,EUR/MWh,FR,FR,imbalance_price,Long,2026-06-07T17:42:53Z
2026-06-07T17:41:56Z,2026-06-07T19:41:56+0200,9fbaedea-27ef-4990-85cf-49287850296c,2026-05-21T19:30:00Z,2026-05-21T21:30:00+0200,158.97,EUR/MWh,FR,FR,imbalance_price,Short,2026-06-07T17:42:53Z
2026-06-07T17:41:56Z,2026-06-07T19:41:56+0200,9fbaedea-27ef-4990-85cf-49287850296c,2026-05-21T19:45:00Z,2026-05-21T21:45:00+0200,131.94,EUR/MWh,FR,FR,imbalance_price,Long,2026-06-07T17:42:53Z
2026-06-07T17:41:56Z,2026-06-07T19:41:56+0200,9fbaedea-27ef-4990-85cf-49287850296c,2026-05-21T19:45:00Z,2026-05-21T21:45:00+0200,156.32,EUR/MWh,FR,FR,imbalance_price,Short,2026-06-07T17:42:53Z
2026-06-07T17:41:56Z,2026-06-07T19:41:56+0200,9fbaedea-27ef-4990-85cf-49287850296c,2026-05-21T20:00:00Z,2026-05-21T22:00:00+0200,149.71,EUR/MWh,FR,FR,imbalance_price,Long,2026-06-07T17:42:53Z
2026-06-07T17:41:56Z,2026-06-07T19:41:56+0200,9fbaedea-27ef-4990-85cf-49287850296c,2026-05-21T20:00:00Z,2026-05-21T22:00:00+0200,177.39,EUR/MWh,FR,FR,imbalance_price,Short,2026-06-07T17:42:53Z
2026-06-07T17:41:56Z,2026-06-07T19:41:56+0200,9fbaedea-27ef-4990-85cf-49287850296c,2026-05-21T20:15:00Z,2026-05-21T22:15:00+0200,133.65,EUR/MWh,FR,FR,imbalance_price,Long,2026-06-07T17:42:53Z
2026-06-07T17:41:56Z,2026-06-07T19:41:56+0200,9fbaedea-27ef-4990-85cf-49287850296c,2026-05-21T20:15:00Z,2026-05-21T22:15:00+0200,158.35,EUR/MWh,FR,FR,imbalance_price,Short,2026-06-07T17:42:53Z
2026-06-07T17:41:56Z,2026-06-07T19:41:56+0200,9fbaedea-27ef-4990-85cf-49287850296c,2026-05-21T20:30:00Z,2026-05-21T22:30:00+0200,145.77,EUR/MWh,FR,FR,imbalance_price,Long,2026-06-07T17:42:53Z
2026-06-07T17:41:56Z,2026-06-07T19:41:56+0200,9fbaedea-27ef-4990-85cf-49287850296c,2026-05-21T20:30:00Z,2026-05-21T22:30:00+0200,172.71,EUR/MWh,FR,FR,imbalance_price,Short,2026-06-07T17:42:53Z
2026-06-07T17:41:56Z,2026-06-07T19:41:56+0200,9fbaedea-27ef-4990-85cf-49287850296c,2026-05-21T20:45:00Z,2026-05-21T22:45:00+0200,136.07,EUR/MWh,FR,FR,imbalance_price,Long,2026-06-07T17:42:53Z
2026-06-07T17:41:56Z,2026-06-07T19:41:56+0200,9fbaedea-27ef-4990-85cf-49287850296c,2026-05-21T20:45:00Z,2026-05-21T22:45:00+0200,161.23,EUR/MWh,FR,FR,imbalance_price,Short,2026-06-07T17:42:53Z
2026-06-07T17:41:56Z,2026-06-07T19:41:56+0200,9fbaedea-27ef-4990-85cf-49287850296c,2026-05-21T21:00:00Z,2026-05-21T23:00:00+0200,153.19,EUR/MWh,FR,FR,imbalance_price,Long,2026-06-07T17:42:53Z
2026-06-07T17:41:56Z,2026-06-07T19:41:56+0200,9fbaedea-27ef-4990-85cf-49287850296c,2026-05-21T21:00:00Z,2026-05-21T23:00:00+0200,181.51,EUR/MWh,FR,FR,imbalance_price,Short,2026-06-07T17:42:53Z
2026-06-07T17:41:56Z,2026-06-07T19:41:56+0200,9fbaedea-27ef-4990-85cf-49287850296c,2026-05-21T21:15:00Z,2026-05-21T23:15:00+0200,132.58,EUR/MWh,FR,FR,imbalance_price,Long,2026-06-07T17:42:53Z
2026-06-07T17:41:56Z,2026-06-07T19:41:56+0200,9fbaedea-27ef-4990-85cf-49287850296c,2026-05-21T21:15:00Z,2026-05-21T23:15:00+0200,157.08,EUR/MWh,FR,FR,imbalance_price,Short,2026-06-07T17:42:53Z
2026-06-07T17:41:56Z,2026-06-07T19:41:56+0200,9fbaedea-27ef-4990-85cf-49287850296c,2026-05-21T21:30:00Z,2026-05-21T23:30:00+0200,128.37,EUR/MWh,FR,FR,imbalance_price,Long,2026-06-07T17:42:53Z
2026-06-07T17:41:56Z,2026-06-07T19:41:56+0200,9fbaedea-27ef-4990-85cf-49287850296c,2026-05-21T21:30:00Z,2026-05-21T23:30:00+0200,152.09,EUR/MWh,FR,FR,imbalance_price,Short,2026-06-07T17:42:53Z
2026-06-07T17:41:56Z,2026-06-07T19:41:56+0200,9fbaedea-27ef-4990-85cf-49287850296c,2026-05-21T21:45:00Z,2026-05-21T23:45:00+0200,131.24,EUR/MWh,FR,FR,imbalance_price,Long,2026-06-07T17:42:53Z
2026-06-07T17:41:56Z,2026-06-07T19:41:56+0200,9fbaedea-27ef-4990-85cf-49287850296c,2026-05-21T21:45:00Z,2026-05-21T23:45:00+0200,155.5,EUR/MWh,FR,FR,imbalance_price,Short,2026-06-07T17:42:53Z
2026-06-07T17:41:56Z,2026-06-07T19:41:56+0200,9fbaedea-27ef-4990-85cf-49287850296c,2026-05-21T22:00:00Z,2026-05-22T00:00:00+0200,125.03,EUR/MWh,FR,FR,imbalance_price,Long,2026-06-07T17:42:53Z
2026-06-07T17:41:56Z,2026-06-07T19:41:56+0200,9fbaedea-27ef-4990-85cf-49287850296c,2026-05-21T22:00:00Z,2026-05-22T00:00:00+0200,148.13,EUR/MWh,FR,FR,imbalance_price,Short,2026-06-07T17:42:53Z
2026-06-07T17:41:56Z,2026-06-07T19:41:56+0200,9fbaedea-27ef-4990-85cf-49287850296c,2026-05-21T22:15:00Z,2026-05-22T00:15:00+0200,127.21,EUR/MWh,FR,FR,imbalance_price,Long,2026-06-07T17:42:53Z
2026-06-07T17:41:56Z,2026-06-07T19:41:56+0200,9fbaedea-27ef-4990-85cf-49287850296c,2026-05-21T22:15:00Z,2026-05-22T00:15:00+0200,150.73,EUR/MWh,FR,FR,imbalance_price,Short,2026-06-07T17:42:53Z
2026-06-07T17:41:56Z,2026-06-07T19:41:56+0200,9fbaedea-27ef-4990-85cf-49287850296c,2026-05-21T22:30:00Z,2026-05-22T00:30:00+0200,131.41,EUR/MWh,FR,FR,imbalance_price,Long,2026-06-07T17:42:53Z
2026-06-07T17:41:56Z,2026-06-07T19:41:56+0200,9fbaedea-27ef-4990-85cf-49287850296c,2026-05-21T22:30:00Z,2026-05-22T00:30:00+0200,155.69,EUR/MWh,FR,FR,imbalance_price,Short,2026-06-07T17:42:53Z
2026-06-07T17:41:56Z,2026-06-07T19:41:56+0200,9fbaedea-27ef-4990-85cf-49287850296c,2026-05-21T22:45:00Z,2026-05-22T00:45:00+0200,134.56,EUR/MWh,FR,FR,imbalance_price,Long,2026-06-07T17:42:53Z
2026-06-07T17:41:56Z,2026-06-07T19:41:56+0200,9fbaedea-27ef-4990-85cf-49287850296c,2026-05-21T22:45:00Z,2026-05-22T00:45:00+0200,159.44,EUR/MWh,FR,FR,imbalance_price,Short,2026-06-07T17:42:53Z
2026-06-07T17:41:56Z,2026-06-07T19:41:56+0200,9fbaedea-27ef-4990-85cf-49287850296c,2026-05-21T23:00:00Z,2026-05-22T01:00:00+0200,121.32,EUR/MWh,FR,FR,imbalance_price,Long,2026-06-07T17:42:53Z
2026-06-07T17:41:56Z,2026-06-07T19:41:56+0200,9fbaedea-27ef-4990-85cf-49287850296c,2026-05-21T23:00:00Z,2026-05-22T01:00:00+0200,143.74,EUR/MWh,FR,FR,imbalance_price,Short,2026-06-07T17:42:53Z
2026-06-07T17:41:56Z,2026-06-07T19:41:56+0200,9fbaedea-27ef-4990-85cf-49287850296c,2026-05-21T23:15:00Z,2026-05-22T01:15:00+0200,125.48,EUR/MWh,FR,FR,imbalance_price,Long,2026-06-07T17:42:53Z
2026-06-07T17:41:56Z,2026-06-07T19:41:56+0200,9fbaedea-27ef-4990-85cf-49287850296c,2026-05-21T23:15:00Z,2026-05-22T01:15:00+0200,148.68,EUR/MWh,FR,FR,imbalance_price,Short,2026-06-07T17:42:53Z
2026-06-07T17:41:56Z,2026-06-07T19:41:56+0200,9fbaedea-27ef-4990-85cf-49287850296c,2026-05-21T23:30:00Z,2026-05-22T01:30:00+0200,127.5,EUR/MWh,FR,FR,imbalance_price,Long,2026-06-07T17:42:53Z
2026-06-07T17:41:56Z,2026-06-07T19:41:56+0200,9fbaedea-27ef-4990-85cf-49287850296c,2026-05-21T23:30:00Z,2026-05-22T01:30:00+0200,151.06,EUR/MWh,FR,FR,imbalance_price,Short,2026-06-07T17:42:53Z
2026-06-07T17:41:56Z,2026-06-07T19:41:56+0200,9fbaedea-27ef-4990-85cf-49287850296c,2026-05-21T23:45:00Z,2026-05-22T01:45:00+0200,127.5,EUR/MWh,FR,FR,imbalance_price,Long,2026-06-07T17:42:53Z
2026-06-07T17:41:56Z,2026-06-07T19:41:56+0200,9fbaedea-27ef-4990-85cf-49287850296c,2026-05-21T23:45:00Z,2026-05-22T01:45:00+0200,151.06,EUR/MWh,FR,FR,imbalance_price,Short,2026-06-07T17:42:53Z
2026-06-07T17:41:56Z,2026-06-07T19:41:56+0200,9fbaedea-27ef-4990-85cf-49287850296c,2026-05-22T00:00:00Z,2026-05-22T02:00:00+0200,104.76,EUR/MWh,FR,FR,imbalance_price,Long,2026-06-07T17:42:53Z
2026-06-07T17:41:56Z,2026-06-07T19:41:56+0200,9fbaedea-27ef-4990-85cf-49287850296c,2026-05-22T00:00:00Z,2026-05-22T02:00:00+0200,124.12,EUR/MWh,FR,FR,imbalance_price,Short,2026-06-07T17:42:53Z
2026-06-07T17:41:56Z,2026-06-07T19:41:56+0200,9fbaedea-27ef-4990-85cf-49287850296c,2026-05-22T00:15:00Z,2026-05-22T02:15:00+0200,93.58,EUR/MWh,FR,FR,imbalance_price,Long,2026-06-07T17:42:53Z
2026-06-07T17:41:56Z,2026-06-07T19:41:56+0200,9fbaedea-27ef-4990-85cf-49287850296c,2026-05-22T00:15:00Z,2026-05-22T02:15:00+0200,110.88,EUR/MWh,FR,FR,imbalance_price,Short,2026-06-07T17:42:53Z
2026-06-07T17:41:56Z,2026-06-07T19:41:56+0200,9fbaedea-27ef-4990-85cf-49287850296c,2026-05-22T00:30:00Z,2026-05-22T02:30:00+0200,105.62,EUR/MWh,FR,FR,imbalance_price,Long,2026-06-07T17:42:53Z
2026-06-07T17:41:56Z,2026-06-07T19:41:56+0200,9fbaedea-27ef-4990-85cf-49287850296c,2026-05-22T00:30:00Z,2026-05-22T02:30:00+0200,125.14,EUR/MWh,FR,FR,imbalance_price,Short,2026-06-07T17:42:53Z
2026-06-07T17:41:56Z,2026-06-07T19:41:56+0200,9fbaedea-27ef-4990-85cf-49287850296c,2026-05-22T00:45:00Z,2026-05-22T02:45:00+0200,105.62,EUR/MWh,FR,FR,imbalance_price,Long,2026-06-07T17:42:53Z
2026-06-07T17:41:56Z,2026-06-07T19:41:56+0200,9fbaedea-27ef-4990-85cf-49287850296c,2026-05-22T00:45:00Z,2026-05-22T02:45:00+0200,125.14,EUR/MWh,FR,FR,imbalance_price,Short,2026-06-07T17:42:53Z
2026-06-07T17:41:56Z,2026-06-07T19:41:56+0200,9fbaedea-27ef-4990-85cf-49287850296c,2026-05-22T01:00:00Z,2026-05-22T03:00:00+0200,121.29,EUR/MWh,FR,FR,imbalance_price,Long,2026-06-07T17:42:53Z
2026-06-07T17:41:56Z,2026-06-07T19:41:56+0200,9fbaedea-27ef-4990-85cf-49287850296c,2026-05-22T01:00:00Z,2026-05-22T03:00:00+0200,143.71,EUR/MWh,FR,FR,imbalance_price,Short,2026-06-07T17:42:53Z
2026-06-07T17:41:56Z,2026-06-07T19:41:56+0200,9fbaedea-27ef-4990-85cf-49287850296c,2026-05-22T01:15:00Z,2026-05-22T03:15:00+0200,122.22,EUR/MWh,FR,FR,imbalance_price,Long,2026-06-07T17:42:53Z
2026-06-07T17:41:56Z,2026-06-07T19:41:56+0200,9fbaedea-27ef-4990-85cf-49287850296c,2026-05-22T01:15:00Z,2026-05-22T03:15:00+0200,144.8,EUR/MWh,FR,FR,imbalance_price,Short,2026-06-07T17:42:53Z
2026-06-07T17:41:56Z,2026-06-07T19:41:56+0200,9fbaedea-27ef-4990-85cf-49287850296c,2026-05-22T01:30:00Z,2026-05-22T03:30:00+0200,122.22,EUR/MWh,FR,FR,imbalance_price,Long,2026-06-07T17:42:53Z
2026-06-07T17:41:56Z,2026-06-07T19:41:56+0200,9fbaedea-27ef-4990-85cf-49287850296c,2026-05-22T01:30:00Z,2026-05-22T03:30:00+0200,144.8,EUR/MWh,FR,FR,imbalance_price,Short,2026-06-07T17:42:53Z
2026-06-07T17:41:56Z,2026-06-07T19:41:56+0200,9fbaedea-27ef-4990-85cf-49287850296c,2026-05-22T01:45:00Z,2026-05-22T03:45:00+0200,122.22,EUR/MWh,FR,FR,imbalance_price,Long,2026-06-07T17:42:53Z
2026-06-07T17:41:56Z,2026-06-07T19:41:56+0200,9fbaedea-27ef-4990-85cf-49287850296c,2026-05-22T01:45:00Z,2026-05-22T03:45:00+0200,144.8,EUR/MWh,FR,FR,imbalance_price,Short,2026-06-07T17:42:53Z
2026-06-07T17:41:56Z,2026-06-07T19:41:56+0200,9fbaedea-27ef-4990-85cf-49287850296c,2026-05-22T02:00:00Z,2026-05-22T04:00:00+0200,122.06,EUR/MWh,FR,FR,imbalance_price,Long,2026-06-07T17:42:53Z
2026-06-07T17:41:56Z,2026-06-07T19:41:56+0200,9fbaedea-27ef-4990-85cf-49287850296c,2026-05-22T02:00:00Z,2026-05-22T04:00:00+0200,144.62,EUR/MWh,FR,FR,imbalance_price,Short,2026-06-07T17:42:53Z
2026-06-07T17:41:56Z,2026-06-07T19:41:56+0200,9fbaedea-27ef-4990-85cf-49287850296c,2026-05-22T02:15:00Z,2026-05-22T04:15:00+0200,122.05,EUR/MWh,FR,FR,imbalance_price,Long,2026-06-07T17:42:53Z
2026-06-07T17:41:56Z,2026-06-07T19:41:56+0200,9fbaedea-27ef-4990-85cf-49287850296c,2026-05-22T02:15:00Z,2026-05-22T04:15:00+0200,144.61,EUR/MWh,FR,FR,imbalance_price,Short,2026-06-07T17:42:53Z
2026-06-07T17:41:56Z,2026-06-07T19:41:56+0200,9fbaedea-27ef-4990-85cf-49287850296c,2026-05-22T02:30:00Z,2026-05-22T04:30:00+0200,118.68,EUR/MWh,FR,FR,imbalance_price,Long,2026-06-07T17:42:53Z
2026-06-07T17:41:56Z,2026-06-07T19:41:56+0200,9fbaedea-27ef-4990-85cf-49287850296c,2026-05-22T02:30:00Z,2026-05-22T04:30:00+0200,140.62,EUR/MWh,FR,FR,imbalance_price,Short,2026-06-07T17:42:53Z
2026-06-07T17:41:56Z,2026-06-07T19:41:56+0200,9fbaedea-27ef-4990-85cf-49287850296c,2026-05-22T02:45:00Z,2026-05-22T04:45:00+0200,119.51,EUR/MWh,FR,FR,imbalance_price,Long,2026-06-07T17:42:53Z
2026-06-07T17:41:56Z,2026-06-07T19:41:56+0200,9fbaedea-27ef-4990-85cf-49287850296c,2026-05-22T02:45:00Z,2026-05-22T04:45:00+0200,141.59,EUR/MWh,FR,FR,imbalance_price,Short,2026-06-07T17:42:53Z
2026-06-07T17:41:56Z,2026-06-07T19:41:56+0200,9fbaedea-27ef-4990-85cf-49287850296c,2026-05-22T03:00:00Z,2026-05-22T05:00:00+0200,116.05,EUR/MWh,FR,FR,imbalance_price,Long,2026-06-07T17:42:53Z
2026-06-07T17:41:56Z,2026-06-07T19:41:56+0200,9fbaedea-27ef-4990-85cf-49287850296c,2026-05-22T03:00:00Z,2026-05-22T05:00:00+0200,137.49,EUR/MWh,FR,FR,imbalance_price,Short,2026-06-07T17:42:53Z
2026-06-07T17:41:56Z,2026-06-07T19:41:56+0200,9fbaedea-27ef-4990-85cf-49287850296c,2026-05-22T03:15:00Z,2026-05-22T05:15:00+0200,114.18,EUR/MWh,FR,FR,imbalance_price,Long,2026-06-07T17:42:53Z
2026-06-07T17:41:56Z,2026-06-07T19:41:56+0200,9fbaedea-27ef-4990-85cf-49287850296c,2026-05-22T03:15:00Z,2026-05-22T05:15:00+0200,135.28,EUR/MWh,FR,FR,imbalance_price,Short,2026-06-07T17:42:53Z
2026-06-07T17:41:56Z,2026-06-07T19:41:56+0200,9fbaedea-27ef-4990-85cf-49287850296c,2026-05-22T03:30:00Z,2026-05-22T05:30:00+0200,112.17,EUR/MWh,FR,FR,imbalance_price,Long,2026-06-07T17:42:53Z
2026-06-07T17:41:56Z,2026-06-07T19:41:56+0200,9fbaedea-27ef-4990-85cf-49287850296c,2026-05-22T03:30:00Z,2026-05-22T05:30:00+0200,132.91,EUR/MWh,FR,FR,imbalance_price,Short,2026-06-07T17:42:53Z
2026-06-07T17:41:56Z,2026-06-07T19:41:56+0200,9fbaedea-27ef-4990-85cf-49287850296c,2026-05-22T03:45:00Z,2026-05-22T05:45:00+0200,110.8,EUR/MWh,FR,FR,imbalance_price,Long,2026-06-07T17:42:53Z
2026-06-07T17:41:56Z,2026-06-07T19:41:56+0200,9fbaedea-27ef-4990-85cf-49287850296c,2026-05-22T03:45:00Z,2026-05-22T05:45:00+0200,131.28,EUR/MWh,FR,FR,imbalance_price,Short,2026-06-07T17:42:53Z
2026-06-07T17:41:56Z,2026-06-07T19:41:56+0200,9fbaedea-27ef-4990-85cf-49287850296c,2026-05-22T04:00:00Z,2026-05-22T06:00:00+0200,53.02,EUR/MWh,FR,FR,imbalance_price,Long,2026-06-07T17:42:53Z
2026-06-07T17:41:56Z,2026-06-07T19:41:56+0200,9fbaedea-27ef-4990-85cf-49287850296c,2026-05-22T04:00:00Z,2026-05-22T06:00:00+0200,62.82,EUR/MWh,FR,FR,imbalance_price,Short,2026-06-07T17:42:53Z
2026-06-07T17:41:56Z,2026-06-07T19:41:56+0200,9fbaedea-27ef-4990-85cf-49287850296c,2026-05-22T04:15:00Z,2026-05-22T06:15:00+0200,103.76,EUR/MWh,FR,FR,imbalance_price,Long,2026-06-07T17:42:53Z
2026-06-07T17:41:56Z,2026-06-07T19:41:56+0200,9fbaedea-27ef-4990-85cf-49287850296c,2026-05-22T04:15:00Z,2026-05-22T06:15:00+0200,122.94,EUR/MWh,FR,FR,imbalance_price,Short,2026-06-07T17:42:53Z
2026-06-07T17:41:56Z,2026-06-07T19:41:56+0200,9fbaedea-27ef-4990-85cf-49287850296c,2026-05-22T04:30:00Z,2026-05-22T06:30:00+0200,104.05,EUR/MWh,FR,FR,imbalance_price,Long,2026-06-07T17:42:53Z
2026-06-07T17:41:56Z,2026-06-07T19:41:56+0200,9fbaedea-27ef-4990-85cf-49287850296c,2026-05-22T04:30:00Z,2026-05-22T06:30:00+0200,123.29,EUR/MWh,FR,FR,imbalance_price,Short,2026-06-07T17:42:53Z
2026-06-07T17:41:56Z,2026-06-07T19:41:56+0200,9fbaedea-27ef-4990-85cf-49287850296c,2026-05-22T04:45:00Z,2026-05-22T06:45:00+0200,104.05,EUR/MWh,FR,FR,imbalance_price,Long,2026-06-07T17:42:53Z
2026-06-07T17:41:56Z,2026-06-07T19:41:56+0200,9fbaedea-27ef-4990-85cf-49287850296c,2026-05-22T04:45:00Z,2026-05-22T06:45:00+0200,123.29,EUR/MWh,FR,FR,imbalance_price,Short,2026-06-07T17:42:53Z
2026-06-07T17:41:56Z,2026-06-07T19:41:56+0200,9fbaedea-27ef-4990-85cf-49287850296c,2026-05-22T05:00:00Z,2026-05-22T07:00:00+0200,89.86,EUR/MWh,FR,FR,imbalance_price,Long,2026-06-07T17:42:53Z
2026-06-07T17:41:56Z,2026-06-07T19:41:56+0200,9fbaedea-27ef-4990-85cf-49287850296c,2026-05-22T05:00:00Z,2026-05-22T07:00:00+0200,106.46,EUR/MWh,FR,FR,imbalance_price,Short,2026-06-07T17:42:53Z
2026-06-07T17:41:56Z,2026-06-07T19:41:56+0200,9fbaedea-27ef-4990-85cf-49287850296c,2026-05-22T05:15:00Z,2026-05-22T07:15:00+0200,75.25,EUR/MWh,FR,FR,imbalance_price,Long,2026-06-07T17:42:53Z
2026-06-07T17:41:56Z,2026-06-07T19:41:56+0200,9fbaedea-27ef-4990-85cf-49287850296c,2026-05-22T05:15:00Z,2026-05-22T07:15:00+0200,89.15,EUR/MWh,FR,FR,imbalance_price,Short,2026-06-07T17:42:53Z
2026-06-07T17:41:56Z,2026-06-07T19:41:56+0200,9fbaedea-27ef-4990-85cf-49287850296c,2026-05-22T05:30:00Z,2026-05-22T07:30:00+0200,78.07,EUR/MWh,FR,FR,imbalance_price,Long,2026-06-07T17:42:53Z
2026-06-07T17:41:56Z,2026-06-07T19:41:56+0200,9fbaedea-27ef-4990-85cf-49287850296c,2026-05-22T05:30:00Z,2026-05-22T07:30:00+0200,92.51,EUR/MWh,FR,FR,imbalance_price,Short,2026-06-07T17:42:53Z
2026-06-07T17:41:56Z,2026-06-07T19:41:56+0200,9fbaedea-27ef-4990-85cf-49287850296c,2026-05-22T05:45:00Z,2026-05-22T07:45:00+0200,52.48,EUR/MWh,FR,FR,imbalance_price,Long,2026-06-07T17:42:53Z
2026-06-07T17:41:56Z,2026-06-07T19:41:56+0200,9fbaedea-27ef-4990-85cf-49287850296c,2026-05-22T05:45:00Z,2026-05-22T07:45:00+0200,62.18,EUR/MWh,FR,FR,imbalance_price,Short,2026-06-07T17:42:53Z
2026-06-07T17:41:56Z,2026-06-07T19:41:56+0200,9fbaedea-27ef-4990-85cf-49287850296c,2026-05-22T06:00:00Z,2026-05-22T08:00:00+0200,77.97,EUR/MWh,FR,FR,imbalance_price,Long,2026-06-07T17:42:53Z
2026-06-07T17:41:56Z,2026-06-07T19:41:56+0200,9fbaedea-27ef-4990-85cf-49287850296c,2026-05-22T06:00:00Z,2026-05-22T08:00:00+0200,92.39,EUR/MWh,FR,FR,imbalance_price,Short,2026-06-07T17:42:53Z
2026-06-07T17:41:56Z,2026-06-07T19:41:56+0200,9fbaedea-27ef-4990-85cf-49287850296c,2026-05-22T06:15:00Z,2026-05-22T08:15:00+0200,17.95,EUR/MWh,FR,FR,imbalance_price,Long,2026-06-07T17:42:53Z
2026-06-07T17:41:56Z,2026-06-07T19:41:56+0200,9fbaedea-27ef-4990-85cf-49287850296c,2026-05-22T06:15:00Z,2026-05-22T08:15:00+0200,21.27,EUR/MWh,FR,FR,imbalance_price,Short,2026-06-07T17:42:53Z
2026-06-07T17:41:56Z,2026-06-07T19:41:56+0200,9fbaedea-27ef-4990-85cf-49287850296c,2026-05-22T06:30:00Z,2026-05-22T08:30:00+0200,46.28,EUR/MWh,FR,FR,imbalance_price,Long,2026-06-07T17:42:53Z
2026-06-07T17:41:56Z,2026-06-07T19:41:56+0200,9fbaedea-27ef-4990-85cf-49287850296c,2026-05-22T06:30:00Z,2026-05-22T08:30:00+0200,54.84,EUR/MWh,FR,FR,imbalance_price,Short,2026-06-07T17:42:53Z
2026-06-07T17:41:56Z,2026-06-07T19:41:56+0200,9fbaedea-27ef-4990-85cf-49287850296c,2026-05-22T06:45:00Z,2026-05-22T08:45:00+0200,39.47,EUR/MWh,FR,FR,imbalance_price,Long,2026-06-07T17:42:53Z
2026-06-07T17:41:56Z,2026-06-07T19:41:56+0200,9fbaedea-27ef-4990-85cf-49287850296c,2026-05-22T06:45:00Z,2026-05-22T08:45:00+0200,46.77,EUR/MWh,FR,FR,imbalance_price,Short,2026-06-07T17:42:53Z
2026-06-07T17:41:56Z,2026-06-07T19:41:56+0200,9fbaedea-27ef-4990-85cf-49287850296c,2026-05-22T07:00:00Z,2026-05-22T09:00:00+0200,38.9,EUR/MWh,FR,FR,imbalance_price,Long,2026-06-07T17:42:53Z
2026-06-07T17:41:56Z,2026-06-07T19:41:56+0200,9fbaedea-27ef-4990-85cf-49287850296c,2026-05-22T07:00:00Z,2026-05-22T09:00:00+0200,46.08,EUR/MWh,FR,FR,imbalance_price,Short,2026-06-07T17:42:53Z
2026-06-07T17:41:56Z,2026-06-07T19:41:56+0200,9fbaedea-27ef-4990-85cf-49287850296c,2026-05-22T07:15:00Z,2026-05-22T09:15:00+0200,41.14,EUR/MWh,FR,FR,imbalance_price,Long,2026-06-07T17:42:53Z
2026-06-07T17:41:56Z,2026-06-07T19:41:56+0200,9fbaedea-27ef-4990-85cf-49287850296c,2026-05-22T07:15:00Z,2026-05-22T09:15:00+0200,48.74,EUR/MWh,FR,FR,imbalance_price,Short,2026-06-07T17:42:53Z
2026-06-07T17:41:56Z,2026-06-07T19:41:56+0200,9fbaedea-27ef-4990-85cf-49287850296c,2026-05-22T07:30:00Z,2026-05-22T09:30:00+0200,32.52,EUR/MWh,FR,FR,imbalance_price,Long,2026-06-07T17:42:53Z
2026-06-07T17:41:56Z,2026-06-07T19:41:56+0200,9fbaedea-27ef-4990-85cf-49287850296c,2026-05-22T07:30:00Z,2026-05-22T09:30:00+0200,38.52,EUR/MWh,FR,FR,imbalance_price,Short,2026-06-07T17:42:53Z
2026-06-07T17:41:56Z,2026-06-07T19:41:56+0200,9fbaedea-27ef-4990-85cf-49287850296c,2026-05-22T07:45:00Z,2026-05-22T09:45:00+0200,15.69,EUR/MWh,FR,FR,imbalance_price,Long,2026-06-07T17:42:53Z
2026-06-07T17:41:56Z,2026-06-07T19:41:56+0200,9fbaedea-27ef-4990-85cf-49287850296c,2026-05-22T07:45:00Z,2026-05-22T09:45:00+0200,18.59,EUR/MWh,FR,FR,imbalance_price,Short,2026-06-07T17:42:53Z
2026-06-07T17:41:56Z,2026-06-07T19:41:56+0200,9fbaedea-27ef-4990-85cf-49287850296c,2026-05-22T08:00:00Z,2026-05-22T10:00:00+0200,14.85,EUR/MWh,FR,FR,imbalance_price,Long,2026-06-07T17:42:53Z
2026-06-07T17:41:56Z,2026-06-07T19:41:56+0200,9fbaedea-27ef-4990-85cf-49287850296c,2026-05-22T08:00:00Z,2026-05-22T10:00:00+0200,17.59,EUR/MWh,FR,FR,imbalance_price,Short,2026-06-07T17:42:53Z
2026-06-07T17:41:56Z,2026-06-07T19:41:56+0200,9fbaedea-27ef-4990-85cf-49287850296c,2026-05-22T08:15:00Z,2026-05-22T10:15:00+0200,13.24,EUR/MWh,FR,FR,imbalance_price,Long,2026-06-07T17:42:53Z
2026-06-07T17:41:56Z,2026-06-07T19:41:56+0200,9fbaedea-27ef-4990-85cf-49287850296c,2026-05-22T08:15:00Z,2026-05-22T10:15:00+0200,15.68,EUR/MWh,FR,FR,imbalance_price,Short,2026-06-07T17:42:53Z
2026-06-07T17:41:56Z,2026-06-07T19:41:56+0200,9fbaedea-27ef-4990-85cf-49287850296c,2026-05-22T08:30:00Z,2026-05-22T10:30:00+0200,15.44,EUR/MWh,FR,FR,imbalance_price,Long,2026-06-07T17:42:53Z
2026-06-07T17:41:56Z,2026-06-07T19:41:56+0200,9fbaedea-27ef-4990-85cf-49287850296c,2026-05-22T08:30:00Z,2026-05-22T10:30:00+0200,18.3,EUR/MWh,FR,FR,imbalance_price,Short,2026-06-07T17:42:53Z
2026-06-07T17:41:56Z,2026-06-07T19:41:56+0200,9fbaedea-27ef-4990-85cf-49287850296c,2026-05-22T08:45:00Z,2026-05-22T10:45:00+0200,14.29,EUR/MWh,FR,FR,imbalance_price,Long,2026-06-07T17:42:53Z
2026-06-07T17:41:56Z,2026-06-07T19:41:56+0200,9fbaedea-27ef-4990-85cf-49287850296c,2026-05-22T08:45:00Z,2026-05-22T10:45:00+0200,16.93,EUR/MWh,FR,FR,imbalance_price,Short,2026-06-07T17:42:53Z
2026-06-07T17:41:56Z,2026-06-07T19:41:56+0200,9fbaedea-27ef-4990-85cf-49287850296c,2026-05-22T09:00:00Z,2026-05-22T11:00:00+0200,14.88,EUR/MWh,FR,FR,imbalance_price,Long,2026-06-07T17:42:53Z
2026-06-07T17:41:56Z,2026-06-07T19:41:56+0200,9fbaedea-27ef-4990-85cf-49287850296c,2026-05-22T09:00:00Z,2026-05-22T11:00:00+0200,17.64,EUR/MWh,FR,FR,imbalance_price,Short,2026-06-07T17:42:53Z
2026-06-07T17:41:56Z,2026-06-07T19:41:56+0200,9fbaedea-27ef-4990-85cf-49287850296c,2026-05-22T09:15:00Z,2026-05-22T11:15:00+0200,15.29,EUR/MWh,FR,FR,imbalance_price,Long,2026-06-07T17:42:53Z
2026-06-07T17:41:56Z,2026-06-07T19:41:56+0200,9fbaedea-27ef-4990-85cf-49287850296c,2026-05-22T09:15:00Z,2026-05-22T11:15:00+0200,18.11,EUR/MWh,FR,FR,imbalance_price,Short,2026-06-07T17:42:53Z
2026-06-07T17:41:56Z,2026-06-07T19:41:56+0200,9fbaedea-27ef-4990-85cf-49287850296c,2026-05-22T09:30:00Z,2026-05-22T11:30:00+0200,15.99,EUR/MWh,FR,FR,imbalance_price,Long,2026-06-07T17:42:53Z
2026-06-07T17:41:56Z,2026-06-07T19:41:56+0200,9fbaedea-27ef-4990-85cf-49287850296c,2026-05-22T09:30:00Z,2026-05-22T11:30:00+0200,18.95,EUR/MWh,FR,FR,imbalance_price,Short,2026-06-07T17:42:53Z
2026-06-07T17:41:56Z,2026-06-07T19:41:56+0200,9fbaedea-27ef-4990-85cf-49287850296c,2026-05-22T09:45:00Z,2026-05-22T11:45:00+0200,15.29,EUR/MWh,FR,FR,imbalance_price,Long,2026-06-07T17:42:53Z
2026-06-07T17:41:56Z,2026-06-07T19:41:56+0200,9fbaedea-27ef-4990-85cf-49287850296c,2026-05-22T09:45:00Z,2026-05-22T11:45:00+0200,18.11,EUR/MWh,FR,FR,imbalance_price,Short,2026-06-07T17:42:53Z
2026-06-07T17:41:56Z,2026-06-07T19:41:56+0200,9fbaedea-27ef-4990-85cf-49287850296c,2026-05-22T10:00:00Z,2026-05-22T12:00:00+0200,15.29,EUR/MWh,FR,FR,imbalance_price,Long,2026-06-07T17:42:53Z
2026-06-07T17:41:56Z,2026-06-07T19:41:56+0200,9fbaedea-27ef-4990-85cf-49287850296c,2026-05-22T10:00:00Z,2026-05-22T12:00:00+0200,18.11,EUR/MWh,FR,FR,imbalance_price,Short,2026-06-07T17:42:53Z
2026-06-07T17:41:56Z,2026-06-07T19:41:56+0200,9fbaedea-27ef-4990-85cf-49287850296c,2026-05-22T10:15:00Z,2026-05-22T12:15:00+0200,15.29,EUR/MWh,FR,FR,imbalance_price,Long,2026-06-07T17:42:53Z
2026-06-07T17:41:56Z,2026-06-07T19:41:56+0200,9fbaedea-27ef-4990-85cf-49287850296c,2026-05-22T10:15:00Z,2026-05-22T12:15:00+0200,18.11,EUR/MWh,FR,FR,imbalance_price,Short,2026-06-07T17:42:53Z
2026-06-07T17:41:56Z,2026-06-07T19:41:56+0200,9fbaedea-27ef-4990-85cf-49287850296c,2026-05-22T10:30:00Z,2026-05-22T12:30:00+0200,15.29,EUR/MWh,FR,FR,imbalance_price,Long,2026-06-07T17:42:53Z
2026-06-07T17:41:56Z,2026-06-07T19:41:56+0200,9fbaedea-27ef-4990-85cf-49287850296c,2026-05-22T10:30:00Z,2026-05-22T12:30:00+0200,18.11,EUR/MWh,FR,FR,imbalance_price,Short,2026-06-07T17:42:53Z
2026-06-07T17:41:56Z,2026-06-07T19:41:56+0200,9fbaedea-27ef-4990-85cf-49287850296c,2026-05-22T10:45:00Z,2026-05-22T12:45:00+0200,8.41,EUR/MWh,FR,FR,imbalance_price,Long,2026-06-07T17:42:53Z
2026-06-07T17:41:56Z,2026-06-07T19:41:56+0200,9fbaedea-27ef-4990-85cf-49287850296c,2026-05-22T10:45:00Z,2026-05-22T12:45:00+0200,9.97,EUR/MWh,FR,FR,imbalance_price,Short,2026-06-07T17:42:53Z
2026-06-07T17:41:56Z,2026-06-07T19:41:56+0200,9fbaedea-27ef-4990-85cf-49287850296c,2026-05-22T11:00:00Z,2026-05-22T13:00:00+0200,19.33,EUR/MWh,FR,FR,imbalance_price,Long,2026-06-07T17:42:53Z
2026-06-07T17:41:56Z,2026-06-07T19:41:56+0200,9fbaedea-27ef-4990-85cf-49287850296c,2026-05-22T11:00:00Z,2026-05-22T13:00:00+0200,22.91,EUR/MWh,FR,FR,imbalance_price,Short,2026-06-07T17:42:53Z
2026-06-07T17:41:56Z,2026-06-07T19:41:56+0200,9fbaedea-27ef-4990-85cf-49287850296c,2026-05-22T11:15:00Z,2026-05-22T13:15:00+0200,19.55,EUR/MWh,FR,FR,imbalance_price,Long,2026-06-07T17:42:53Z
2026-06-07T17:41:56Z,2026-06-07T19:41:56+0200,9fbaedea-27ef-4990-85cf-49287850296c,2026-05-22T11:15:00Z,2026-05-22T13:15:00+0200,23.17,EUR/MWh,FR,FR,imbalance_price,Short,2026-06-07T17:42:53Z
2026-06-07T17:41:56Z,2026-06-07T19:41:56+0200,9fbaedea-27ef-4990-85cf-49287850296c,2026-05-22T11:30:00Z,2026-05-22T13:30:00+0200,19.37,EUR/MWh,FR,FR,imbalance_price,Long,2026-06-07T17:42:53Z
2026-06-07T17:41:56Z,2026-06-07T19:41:56+0200,9fbaedea-27ef-4990-85cf-49287850296c,2026-05-22T11:30:00Z,2026-05-22T13:30:00+0200,22.95,EUR/MWh,FR,FR,imbalance_price,Short,2026-06-07T17:42:53Z
2026-06-07T17:41:56Z,2026-06-07T19:41:56+0200,9fbaedea-27ef-4990-85cf-49287850296c,2026-05-22T11:45:00Z,2026-05-22T13:45:00+0200,19.37,EUR/MWh,FR,FR,imbalance_price,Long,2026-06-07T17:42:53Z
2026-06-07T17:41:56Z,2026-06-07T19:41:56+0200,9fbaedea-27ef-4990-85cf-49287850296c,2026-05-22T11:45:00Z,2026-05-22T13:45:00+0200,22.95,EUR/MWh,FR,FR,imbalance_price,Short,2026-06-07T17:42:53Z
2026-06-07T17:41:56Z,2026-06-07T19:41:56+0200,9fbaedea-27ef-4990-85cf-49287850296c,2026-05-22T12:00:00Z,2026-05-22T14:00:00+0200,13.2,EUR/MWh,FR,FR,imbalance_price,Long,2026-06-07T17:42:53Z
2026-06-07T17:41:56Z,2026-06-07T19:41:56+0200,9fbaedea-27ef-4990-85cf-49287850296c,2026-05-22T12:00:00Z,2026-05-22T14:00:00+0200,15.64,EUR/MWh,FR,FR,imbalance_price,Short,2026-06-07T17:42:53Z
2026-06-07T17:41:56Z,2026-06-07T19:41:56+0200,9fbaedea-27ef-4990-85cf-49287850296c,2026-05-22T12:15:00Z,2026-05-22T14:15:00+0200,13.2,EUR/MWh,FR,FR,imbalance_price,Long,2026-06-07T17:42:53Z
2026-06-07T17:41:56Z,2026-06-07T19:41:56+0200,9fbaedea-27ef-4990-85cf-49287850296c,2026-05-22T12:15:00Z,2026-05-22T14:15:00+0200,15.64,EUR/MWh,FR,FR,imbalance_price,Short,2026-06-07T17:42:53Z
2026-06-07T17:41:56Z,2026-06-07T19:41:56+0200,9fbaedea-27ef-4990-85cf-49287850296c,2026-05-22T12:30:00Z,2026-05-22T14:30:00+0200,11.59,EUR/MWh,FR,FR,imbalance_price,Long,2026-06-07T17:42:53Z
2026-06-07T17:41:56Z,2026-06-07T19:41:56+0200,9fbaedea-27ef-4990-85cf-49287850296c,2026-05-22T12:30:00Z,2026-05-22T14:30:00+0200,13.73,EUR/MWh,FR,FR,imbalance_price,Short,2026-06-07T17:42:53Z
2026-06-07T17:41:56Z,2026-06-07T19:41:56+0200,9fbaedea-27ef-4990-85cf-49287850296c,2026-05-22T12:45:00Z,2026-05-22T14:45:00+0200,8.31,EUR/MWh,FR,FR,imbalance_price,Long,2026-06-07T17:42:53Z
2026-06-07T17:41:56Z,2026-06-07T19:41:56+0200,9fbaedea-27ef-4990-85cf-49287850296c,2026-05-22T12:45:00Z,2026-05-22T14:45:00+0200,9.85,EUR/MWh,FR,FR,imbalance_price,Short,2026-06-07T17:42:53Z
2026-06-07T17:41:56Z,2026-06-07T19:41:56+0200,9fbaedea-27ef-4990-85cf-49287850296c,2026-05-22T13:00:00Z,2026-05-22T15:00:00+0200,13.2,EUR/MWh,FR,FR,imbalance_price,Long,2026-06-07T17:42:53Z
2026-06-07T17:41:56Z,2026-06-07T19:41:56+0200,9fbaedea-27ef-4990-85cf-49287850296c,2026-05-22T13:00:00Z,2026-05-22T15:00:00+0200,15.64,EUR/MWh,FR,FR,imbalance_price,Short,2026-06-07T17:42:53Z
2026-06-07T17:41:56Z,2026-06-07T19:41:56+0200,9fbaedea-27ef-4990-85cf-49287850296c,2026-05-22T13:15:00Z,2026-05-22T15:15:00+0200,13.2,EUR/MWh,FR,FR,imbalance_price,Long,2026-06-07T17:42:53Z
2026-06-07T17:41:56Z,2026-06-07T19:41:56+0200,9fbaedea-27ef-4990-85cf-49287850296c,2026-05-22T13:15:00Z,2026-05-22T15:15:00+0200,15.64,EUR/MWh,FR,FR,imbalance_price,Short,2026-06-07T17:42:53Z
2026-06-07T17:41:56Z,2026-06-07T19:41:56+0200,9fbaedea-27ef-4990-85cf-49287850296c,2026-05-22T13:30:00Z,2026-05-22T15:30:00+0200,5.34,EUR/MWh,FR,FR,imbalance_price,Long,2026-06-07T17:42:53Z
2026-06-07T17:41:56Z,2026-06-07T19:41:56+0200,9fbaedea-27ef-4990-85cf-49287850296c,2026-05-22T13:30:00Z,2026-05-22T15:30:00+0200,6.32,EUR/MWh,FR,FR,imbalance_price,Short,2026-06-07T17:42:53Z
2026-06-07T17:41:56Z,2026-06-07T19:41:56+0200,9fbaedea-27ef-4990-85cf-49287850296c,2026-05-22T13:45:00Z,2026-05-22T15:45:00+0200,3.01,EUR/MWh,FR,FR,imbalance_price,Long,2026-06-07T17:42:53Z
2026-06-07T17:41:56Z,2026-06-07T19:41:56+0200,9fbaedea-27ef-4990-85cf-49287850296c,2026-05-22T13:45:00Z,2026-05-22T15:45:00+0200,3.57,EUR/MWh,FR,FR,imbalance_price,Short,2026-06-07T17:42:53Z
2026-06-07T17:41:56Z,2026-06-07T19:41:56+0200,9fbaedea-27ef-4990-85cf-49287850296c,2026-05-22T14:00:00Z,2026-05-22T16:00:00+0200,13.2,EUR/MWh,FR,FR,imbalance_price,Long,2026-06-07T17:42:53Z
2026-06-07T17:41:56Z,2026-06-07T19:41:56+0200,9fbaedea-27ef-4990-85cf-49287850296c,2026-05-22T14:00:00Z,2026-05-22T16:00:00+0200,15.64,EUR/MWh,FR,FR,imbalance_price,Short,2026-06-07T17:42:53Z
2026-06-07T17:41:56Z,2026-06-07T19:41:56+0200,9fbaedea-27ef-4990-85cf-49287850296c,2026-05-22T14:15:00Z,2026-05-22T16:15:00+0200,11.98,EUR/MWh,FR,FR,imbalance_price,Long,2026-06-07T17:42:53Z
2026-06-07T17:41:56Z,2026-06-07T19:41:56+0200,9fbaedea-27ef-4990-85cf-49287850296c,2026-05-22T14:15:00Z,2026-05-22T16:15:00+0200,14.2,EUR/MWh,FR,FR,imbalance_price,Short,2026-06-07T17:42:53Z
2026-06-07T17:41:56Z,2026-06-07T19:41:56+0200,9fbaedea-27ef-4990-85cf-49287850296c,2026-05-22T14:30:00Z,2026-05-22T16:30:00+0200,68.76,EUR/MWh,FR,FR,imbalance_price,Long,2026-06-07T17:42:53Z
2026-06-07T17:41:56Z,2026-06-07T19:41:56+0200,9fbaedea-27ef-4990-85cf-49287850296c,2026-05-22T14:30:00Z,2026-05-22T16:30:00+0200,81.48,EUR/MWh,FR,FR,imbalance_price,Short,2026-06-07T17:42:53Z
2026-06-07T17:41:56Z,2026-06-07T19:41:56+0200,9fbaedea-27ef-4990-85cf-49287850296c,2026-05-22T14:45:00Z,2026-05-22T16:45:00+0200,-45.33,EUR/MWh,FR,FR,imbalance_price,Long,2026-06-07T17:42:53Z
2026-06-07T17:41:56Z,2026-06-07T19:41:56+0200,9fbaedea-27ef-4990-85cf-49287850296c,2026-05-22T14:45:00Z,2026-05-22T16:45:00+0200,-38.25,EUR/MWh,FR,FR,imbalance_price,Short,2026-06-07T17:42:53Z
2026-06-07T17:41:56Z,2026-06-07T19:41:56+0200,9fbaedea-27ef-4990-85cf-49287850296c,2026-05-22T15:00:00Z,2026-05-22T17:00:00+0200,12.42,EUR/MWh,FR,FR,imbalance_price,Long,2026-06-07T17:42:53Z
2026-06-07T17:41:56Z,2026-06-07T19:41:56+0200,9fbaedea-27ef-4990-85cf-49287850296c,2026-05-22T15:00:00Z,2026-05-22T17:00:00+0200,14.72,EUR/MWh,FR,FR,imbalance_price,Short,2026-06-07T17:42:53Z
2026-06-07T17:41:56Z,2026-06-07T19:41:56+0200,9fbaedea-27ef-4990-85cf-49287850296c,2026-05-22T15:15:00Z,2026-05-22T17:15:00+0200,-186.61,EUR/MWh,FR,FR,imbalance_price,Long,2026-06-07T17:42:53Z
2026-06-07T17:41:56Z,2026-06-07T19:41:56+0200,9fbaedea-27ef-4990-85cf-49287850296c,2026-05-22T15:15:00Z,2026-05-22T17:15:00+0200,-157.49,EUR/MWh,FR,FR,imbalance_price,Short,2026-06-07T17:42:53Z
2026-06-07T17:41:56Z,2026-06-07T19:41:56+0200,9fbaedea-27ef-4990-85cf-49287850296c,2026-05-22T15:30:00Z,2026-05-22T17:30:00+0200,20.9,EUR/MWh,FR,FR,imbalance_price,Long,2026-06-07T17:42:53Z
2026-06-07T17:41:56Z,2026-06-07T19:41:56+0200,9fbaedea-27ef-4990-85cf-49287850296c,2026-05-22T15:30:00Z,2026-05-22T17:30:00+0200,24.76,EUR/MWh,FR,FR,imbalance_price,Short,2026-06-07T17:42:53Z
2026-06-07T17:41:56Z,2026-06-07T19:41:56+0200,9fbaedea-27ef-4990-85cf-49287850296c,2026-05-22T15:45:00Z,2026-05-22T17:45:00+0200,9.95,EUR/MWh,FR,FR,imbalance_price,Long,2026-06-07T17:42:53Z
2026-06-07T17:41:56Z,2026-06-07T19:41:56+0200,9fbaedea-27ef-4990-85cf-49287850296c,2026-05-22T15:45:00Z,2026-05-22T17:45:00+0200,11.79,EUR/MWh,FR,FR,imbalance_price,Short,2026-06-07T17:42:53Z
2026-06-07T17:41:56Z,2026-06-07T19:41:56+0200,9fbaedea-27ef-4990-85cf-49287850296c,2026-05-22T16:00:00Z,2026-05-22T18:00:00+0200,14.4,EUR/MWh,FR,FR,imbalance_price,Long,2026-06-07T17:42:53Z
2026-06-07T17:41:56Z,2026-06-07T19:41:56+0200,9fbaedea-27ef-4990-85cf-49287850296c,2026-05-22T16:00:00Z,2026-05-22T18:00:00+0200,17.06,EUR/MWh,FR,FR,imbalance_price,Short,2026-06-07T17:42:53Z
2026-06-07T17:41:56Z,2026-06-07T19:41:56+0200,9fbaedea-27ef-4990-85cf-49287850296c,2026-05-22T16:15:00Z,2026-05-22T18:15:00+0200,10.03,EUR/MWh,FR,FR,imbalance_price,Long,2026-06-07T17:42:53Z
2026-06-07T17:41:56Z,2026-06-07T19:41:56+0200,9fbaedea-27ef-4990-85cf-49287850296c,2026-05-22T16:15:00Z,2026-05-22T18:15:00+0200,11.89,EUR/MWh,FR,FR,imbalance_price,Short,2026-06-07T17:42:53Z
2026-06-07T17:41:56Z,2026-06-07T19:41:56+0200,9fbaedea-27ef-4990-85cf-49287850296c,2026-05-22T16:30:00Z,2026-05-22T18:30:00+0200,102.98,EUR/MWh,FR,FR,imbalance_price,Long,2026-06-07T17:42:53Z
2026-06-07T17:41:56Z,2026-06-07T19:41:56+0200,9fbaedea-27ef-4990-85cf-49287850296c,2026-05-22T16:30:00Z,2026-05-22T18:30:00+0200,122.02,EUR/MWh,FR,FR,imbalance_price,Short,2026-06-07T17:42:53Z
2026-06-07T17:41:56Z,2026-06-07T19:41:56+0200,9fbaedea-27ef-4990-85cf-49287850296c,2026-05-22T16:45:00Z,2026-05-22T18:45:00+0200,9.08,EUR/MWh,FR,FR,imbalance_price,Long,2026-06-07T17:42:53Z
2026-06-07T17:41:56Z,2026-06-07T19:41:56+0200,9fbaedea-27ef-4990-85cf-49287850296c,2026-05-22T16:45:00Z,2026-05-22T18:45:00+0200,10.76,EUR/MWh,FR,FR,imbalance_price,Short,2026-06-07T17:42:53Z
2026-06-07T17:41:56Z,2026-06-07T19:41:56+0200,9fbaedea-27ef-4990-85cf-49287850296c,2026-05-22T17:00:00Z,2026-05-22T19:00:00+0200,38.4,EUR/MWh,FR,FR,imbalance_price,Long,2026-06-07T17:42:53Z
2026-06-07T17:41:56Z,2026-06-07T19:41:56+0200,9fbaedea-27ef-4990-85cf-49287850296c,2026-05-22T17:00:00Z,2026-05-22T19:00:00+0200,45.5,EUR/MWh,FR,FR,imbalance_price,Short,2026-06-07T17:42:53Z
2026-06-07T17:41:56Z,2026-06-07T19:41:56+0200,9fbaedea-27ef-4990-85cf-49287850296c,2026-05-22T17:15:00Z,2026-05-22T19:15:00+0200,10.11,EUR/MWh,FR,FR,imbalance_price,Long,2026-06-07T17:42:53Z
2026-06-07T17:41:56Z,2026-06-07T19:41:56+0200,9fbaedea-27ef-4990-85cf-49287850296c,2026-05-22T17:15:00Z,2026-05-22T19:15:00+0200,11.97,EUR/MWh,FR,FR,imbalance_price,Short,2026-06-07T17:42:53Z
2026-06-07T17:41:56Z,2026-06-07T19:41:56+0200,9fbaedea-27ef-4990-85cf-49287850296c,2026-05-22T17:30:00Z,2026-05-22T19:30:00+0200,49.37,EUR/MWh,FR,FR,imbalance_price,Long,2026-06-07T17:42:53Z
2026-06-07T17:41:56Z,2026-06-07T19:41:56+0200,9fbaedea-27ef-4990-85cf-49287850296c,2026-05-22T17:30:00Z,2026-05-22T19:30:00+0200,58.49,EUR/MWh,FR,FR,imbalance_price,Short,2026-06-07T17:42:53Z
2026-06-07T17:41:56Z,2026-06-07T19:41:56+0200,9fbaedea-27ef-4990-85cf-49287850296c,2026-05-22T17:45:00Z,2026-05-22T19:45:00+0200,12.79,EUR/MWh,FR,FR,imbalance_price,Long,2026-06-07T17:42:53Z
2026-06-07T17:41:56Z,2026-06-07T19:41:56+0200,9fbaedea-27ef-4990-85cf-49287850296c,2026-05-22T17:45:00Z,2026-05-22T19:45:00+0200,15.15,EUR/MWh,FR,FR,imbalance_price,Short,2026-06-07T17:42:53Z
2026-06-07T17:41:56Z,2026-06-07T19:41:56+0200,9fbaedea-27ef-4990-85cf-49287850296c,2026-05-22T18:00:00Z,2026-05-22T20:00:00+0200,76.54,EUR/MWh,FR,FR,imbalance_price,Long,2026-06-07T17:42:53Z
2026-06-07T17:41:56Z,2026-06-07T19:41:56+0200,9fbaedea-27ef-4990-85cf-49287850296c,2026-05-22T18:00:00Z,2026-05-22T20:00:00+0200,90.68,EUR/MWh,FR,FR,imbalance_price,Short,2026-06-07T17:42:53Z
2026-06-07T17:41:56Z,2026-06-07T19:41:56+0200,9fbaedea-27ef-4990-85cf-49287850296c,2026-05-22T18:15:00Z,2026-05-22T20:15:00+0200,117.69,EUR/MWh,FR,FR,imbalance_price,Long,2026-06-07T17:42:53Z
2026-06-07T17:41:56Z,2026-06-07T19:41:56+0200,9fbaedea-27ef-4990-85cf-49287850296c,2026-05-22T18:15:00Z,2026-05-22T20:15:00+0200,139.45,EUR/MWh,FR,FR,imbalance_price,Short,2026-06-07T17:42:53Z
2026-06-07T17:41:56Z,2026-06-07T19:41:56+0200,9fbaedea-27ef-4990-85cf-49287850296c,2026-05-22T18:30:00Z,2026-05-22T20:30:00+0200,116.16,EUR/MWh,FR,FR,imbalance_price,Long,2026-06-07T17:42:53Z
2026-06-07T17:41:56Z,2026-06-07T19:41:56+0200,9fbaedea-27ef-4990-85cf-49287850296c,2026-05-22T18:30:00Z,2026-05-22T20:30:00+0200,137.64,EUR/MWh,FR,FR,imbalance_price,Short,2026-06-07T17:42:53Z
2026-06-07T17:41:56Z,2026-06-07T19:41:56+0200,9fbaedea-27ef-4990-85cf-49287850296c,2026-05-22T18:45:00Z,2026-05-22T20:45:00+0200,102.29,EUR/MWh,FR,FR,imbalance_price,Long,2026-06-07T17:42:53Z
2026-06-07T17:41:56Z,2026-06-07T19:41:56+0200,9fbaedea-27ef-4990-85cf-49287850296c,2026-05-22T18:45:00Z,2026-05-22T20:45:00+0200,121.19,EUR/MWh,FR,FR,imbalance_price,Short,2026-06-07T17:42:53Z
2026-06-07T17:41:56Z,2026-06-07T19:41:56+0200,9fbaedea-27ef-4990-85cf-49287850296c,2026-05-22T19:00:00Z,2026-05-22T21:00:00+0200,180.33,EUR/MWh,FR,FR,imbalance_price,Long,2026-06-07T17:42:53Z
2026-06-07T17:41:56Z,2026-06-07T19:41:56+0200,9fbaedea-27ef-4990-85cf-49287850296c,2026-05-22T19:00:00Z,2026-05-22T21:00:00+0200,213.67,EUR/MWh,FR,FR,imbalance_price,Short,2026-06-07T17:42:53Z
2026-06-07T17:41:56Z,2026-06-07T19:41:56+0200,9fbaedea-27ef-4990-85cf-49287850296c,2026-05-22T19:15:00Z,2026-05-22T21:15:00+0200,180.33,EUR/MWh,FR,FR,imbalance_price,Long,2026-06-07T17:42:53Z
2026-06-07T17:41:56Z,2026-06-07T19:41:56+0200,9fbaedea-27ef-4990-85cf-49287850296c,2026-05-22T19:15:00Z,2026-05-22T21:15:00+0200,213.67,EUR/MWh,FR,FR,imbalance_price,Short,2026-06-07T17:42:53Z
2026-06-07T17:41:56Z,2026-06-07T19:41:56+0200,9fbaedea-27ef-4990-85cf-49287850296c,2026-05-22T19:30:00Z,2026-05-22T21:30:00+0200,160.02,EUR/MWh,FR,FR,imbalance_price,Long,2026-06-07T17:42:53Z
2026-06-07T17:41:56Z,2026-06-07T19:41:56+0200,9fbaedea-27ef-4990-85cf-49287850296c,2026-05-22T19:30:00Z,2026-05-22T21:30:00+0200,189.6,EUR/MWh,FR,FR,imbalance_price,Short,2026-06-07T17:42:53Z
2026-06-07T17:41:56Z,2026-06-07T19:41:56+0200,9fbaedea-27ef-4990-85cf-49287850296c,2026-05-22T19:45:00Z,2026-05-22T21:45:00+0200,168.59,EUR/MWh,FR,FR,imbalance_price,Long,2026-06-07T17:42:53Z
2026-06-07T17:41:56Z,2026-06-07T19:41:56+0200,9fbaedea-27ef-4990-85cf-49287850296c,2026-05-22T19:45:00Z,2026-05-22T21:45:00+0200,199.75,EUR/MWh,FR,FR,imbalance_price,Short,2026-06-07T17:42:53Z
2026-06-07T17:41:56Z,2026-06-07T19:41:56+0200,9fbaedea-27ef-4990-85cf-49287850296c,2026-05-22T20:00:00Z,2026-05-22T22:00:00+0200,139.7,EUR/MWh,FR,FR,imbalance_price,Long,2026-06-07T17:42:53Z
2026-06-07T17:41:56Z,2026-06-07T19:41:56+0200,9fbaedea-27ef-4990-85cf-49287850296c,2026-05-22T20:00:00Z,2026-05-22T22:00:00+0200,165.52,EUR/MWh,FR,FR,imbalance_price,Short,2026-06-07T17:42:53Z
2026-06-07T17:41:56Z,2026-06-07T19:41:56+0200,9fbaedea-27ef-4990-85cf-49287850296c,2026-05-22T20:15:00Z,2026-05-22T22:15:00+0200,145.72,EUR/MWh,FR,FR,imbalance_price,Long,2026-06-07T17:42:53Z
2026-06-07T17:41:56Z,2026-06-07T19:41:56+0200,9fbaedea-27ef-4990-85cf-49287850296c,2026-05-22T20:15:00Z,2026-05-22T22:15:00+0200,172.66,EUR/MWh,FR,FR,imbalance_price,Short,2026-06-07T17:42:53Z
2026-06-07T17:41:56Z,2026-06-07T19:41:56+0200,9fbaedea-27ef-4990-85cf-49287850296c,2026-05-22T20:30:00Z,2026-05-22T22:30:00+0200,131.43,EUR/MWh,FR,FR,imbalance_price,Long,2026-06-07T17:42:53Z
2026-06-07T17:41:56Z,2026-06-07T19:41:56+0200,9fbaedea-27ef-4990-85cf-49287850296c,2026-05-22T20:30:00Z,2026-05-22T22:30:00+0200,155.73,EUR/MWh,FR,FR,imbalance_price,Short,2026-06-07T17:42:53Z
2026-06-07T17:41:56Z,2026-06-07T19:41:56+0200,9fbaedea-27ef-4990-85cf-49287850296c,2026-05-22T20:45:00Z,2026-05-22T22:45:00+0200,148.5,EUR/MWh,FR,FR,imbalance_price,Long,2026-06-07T17:42:53Z
2026-06-07T17:41:56Z,2026-06-07T19:41:56+0200,9fbaedea-27ef-4990-85cf-49287850296c,2026-05-22T20:45:00Z,2026-05-22T22:45:00+0200,175.94,EUR/MWh,FR,FR,imbalance_price,Short,2026-06-07T17:42:53Z
2026-06-07T17:41:56Z,2026-06-07T19:41:56+0200,9fbaedea-27ef-4990-85cf-49287850296c,2026-05-22T21:00:00Z,2026-05-22T23:00:00+0200,121.2,EUR/MWh,FR,FR,imbalance_price,Long,2026-06-07T17:42:53Z
2026-06-07T17:41:56Z,2026-06-07T19:41:56+0200,9fbaedea-27ef-4990-85cf-49287850296c,2026-05-22T21:00:00Z,2026-05-22T23:00:00+0200,143.6,EUR/MWh,FR,FR,imbalance_price,Short,2026-06-07T17:42:53Z
2026-06-07T17:41:56Z,2026-06-07T19:41:56+0200,9fbaedea-27ef-4990-85cf-49287850296c,2026-05-22T21:15:00Z,2026-05-22T23:15:00+0200,134.79,EUR/MWh,FR,FR,imbalance_price,Long,2026-06-07T17:42:53Z
2026-06-07T17:41:56Z,2026-06-07T19:41:56+0200,9fbaedea-27ef-4990-85cf-49287850296c,2026-05-22T21:15:00Z,2026-05-22T23:15:00+0200,159.71,EUR/MWh,FR,FR,imbalance_price,Short,2026-06-07T17:42:53Z
2026-06-07T17:41:56Z,2026-06-07T19:41:56+0200,9fbaedea-27ef-4990-85cf-49287850296c,2026-05-22T21:30:00Z,2026-05-22T23:30:00+0200,123.05,EUR/MWh,FR,FR,imbalance_price,Long,2026-06-07T17:42:53Z
2026-06-07T17:41:56Z,2026-06-07T19:41:56+0200,9fbaedea-27ef-4990-85cf-49287850296c,2026-05-22T21:30:00Z,2026-05-22T23:30:00+0200,145.79,EUR/MWh,FR,FR,imbalance_price,Short,2026-06-07T17:42:53Z
2026-06-07T17:41:56Z,2026-06-07T19:41:56+0200,9fbaedea-27ef-4990-85cf-49287850296c,2026-05-22T21:45:00Z,2026-05-22T23:45:00+0200,134.26,EUR/MWh,FR,FR,imbalance_price,Long,2026-06-07T17:42:53Z
2026-06-07T17:41:56Z,2026-06-07T19:41:56+0200,9fbaedea-27ef-4990-85cf-49287850296c,2026-05-22T21:45:00Z,2026-05-22T23:45:00+0200,159.08,EUR/MWh,FR,FR,imbalance_price,Short,2026-06-07T17:42:53Z
2026-06-07T17:41:56Z,2026-06-07T19:41:56+0200,9fbaedea-27ef-4990-85cf-49287850296c,2026-05-22T22:00:00Z,2026-05-23T00:00:00+0200,128.76,EUR/MWh,FR,FR,imbalance_price,Long,2026-06-07T17:42:53Z
2026-06-07T17:41:56Z,2026-06-07T19:41:56+0200,9fbaedea-27ef-4990-85cf-49287850296c,2026-05-22T22:00:00Z,2026-05-23T00:00:00+0200,152.56,EUR/MWh,FR,FR,imbalance_price,Short,2026-06-07T17:42:53Z
2026-06-07T17:41:56Z,2026-06-07T19:41:56+0200,9fbaedea-27ef-4990-85cf-49287850296c,2026-05-22T22:15:00Z,2026-05-23T00:15:00+0200,126.07,EUR/MWh,FR,FR,imbalance_price,Long,2026-06-07T17:42:53Z
2026-06-07T17:41:56Z,2026-06-07T19:41:56+0200,9fbaedea-27ef-4990-85cf-49287850296c,2026-05-22T22:15:00Z,2026-05-23T00:15:00+0200,149.37,EUR/MWh,FR,FR,imbalance_price,Short,2026-06-07T17:42:53Z
2026-06-07T17:41:56Z,2026-06-07T19:41:56+0200,9fbaedea-27ef-4990-85cf-49287850296c,2026-05-22T22:30:00Z,2026-05-23T00:30:00+0200,111.29,EUR/MWh,FR,FR,imbalance_price,Long,2026-06-07T17:42:53Z
2026-06-07T17:41:56Z,2026-06-07T19:41:56+0200,9fbaedea-27ef-4990-85cf-49287850296c,2026-05-22T22:30:00Z,2026-05-23T00:30:00+0200,131.87,EUR/MWh,FR,FR,imbalance_price,Short,2026-06-07T17:42:53Z
2026-06-07T17:41:56Z,2026-06-07T19:41:56+0200,9fbaedea-27ef-4990-85cf-49287850296c,2026-05-22T22:45:00Z,2026-05-23T00:45:00+0200,123.3,EUR/MWh,FR,FR,imbalance_price,Long,2026-06-07T17:42:53Z
2026-06-07T17:41:56Z,2026-06-07T19:41:56+0200,9fbaedea-27ef-4990-85cf-49287850296c,2026-05-22T22:45:00Z,2026-05-23T00:45:00+0200,146.08,EUR/MWh,FR,FR,imbalance_price,Short,2026-06-07T17:42:53Z
2026-06-07T17:41:56Z,2026-06-07T19:41:56+0200,9fbaedea-27ef-4990-85cf-49287850296c,2026-05-22T23:00:00Z,2026-05-23T01:00:00+0200,121.04,EUR/MWh,FR,FR,imbalance_price,Long,2026-06-07T17:42:53Z
2026-06-07T17:41:56Z,2026-06-07T19:41:56+0200,9fbaedea-27ef-4990-85cf-49287850296c,2026-05-22T23:00:00Z,2026-05-23T01:00:00+0200,143.42,EUR/MWh,FR,FR,imbalance_price,Short,2026-06-07T17:42:53Z
2026-06-07T17:41:56Z,2026-06-07T19:41:56+0200,9fbaedea-27ef-4990-85cf-49287850296c,2026-05-22T23:15:00Z,2026-05-23T01:15:00+0200,117.57,EUR/MWh,FR,FR,imbalance_price,Long,2026-06-07T17:42:53Z
2026-06-07T17:41:56Z,2026-06-07T19:41:56+0200,9fbaedea-27ef-4990-85cf-49287850296c,2026-05-22T23:15:00Z,2026-05-23T01:15:00+0200,139.31,EUR/MWh,FR,FR,imbalance_price,Short,2026-06-07T17:42:53Z
2026-06-07T17:41:56Z,2026-06-07T19:41:56+0200,9fbaedea-27ef-4990-85cf-49287850296c,2026-05-22T23:30:00Z,2026-05-23T01:30:00+0200,121.35,EUR/MWh,FR,FR,imbalance_price,Long,2026-06-07T17:42:53Z
2026-06-07T17:41:56Z,2026-06-07T19:41:56+0200,9fbaedea-27ef-4990-85cf-49287850296c,2026-05-22T23:30:00Z,2026-05-23T01:30:00+0200,143.79,EUR/MWh,FR,FR,imbalance_price,Short,2026-06-07T17:42:53Z
2026-06-07T17:41:56Z,2026-06-07T19:41:56+0200,9fbaedea-27ef-4990-85cf-49287850296c,2026-05-22T23:45:00Z,2026-05-23T01:45:00+0200,124.77,EUR/MWh,FR,FR,imbalance_price,Long,2026-06-07T17:42:53Z
2026-06-07T17:41:56Z,2026-06-07T19:41:56+0200,9fbaedea-27ef-4990-85cf-49287850296c,2026-05-22T23:45:00Z,2026-05-23T01:45:00+0200,147.83,EUR/MWh,FR,FR,imbalance_price,Short,2026-06-07T17:42:53Z
2026-06-07T17:41:56Z,2026-06-07T19:41:56+0200,9fbaedea-27ef-4990-85cf-49287850296c,2026-05-23T00:00:00Z,2026-05-23T02:00:00+0200,120.21,EUR/MWh,FR,FR,imbalance_price,Long,2026-06-07T17:42:53Z
2026-06-07T17:41:56Z,2026-06-07T19:41:56+0200,9fbaedea-27ef-4990-85cf-49287850296c,2026-05-23T00:00:00Z,2026-05-23T02:00:00+0200,142.43,EUR/MWh,FR,FR,imbalance_price,Short,2026-06-07T17:42:53Z
2026-06-07T17:41:56Z,2026-06-07T19:41:56+0200,9fbaedea-27ef-4990-85cf-49287850296c,2026-05-23T00:15:00Z,2026-05-23T02:15:00+0200,120.12,EUR/MWh,FR,FR,imbalance_price,Long,2026-06-07T17:42:53Z
2026-06-07T17:41:56Z,2026-06-07T19:41:56+0200,9fbaedea-27ef-4990-85cf-49287850296c,2026-05-23T00:15:00Z,2026-05-23T02:15:00+0200,142.32,EUR/MWh,FR,FR,imbalance_price,Short,2026-06-07T17:42:53Z
2026-06-07T17:41:56Z,2026-06-07T19:41:56+0200,9fbaedea-27ef-4990-85cf-49287850296c,2026-05-23T00:30:00Z,2026-05-23T02:30:00+0200,118.69,EUR/MWh,FR,FR,imbalance_price,Long,2026-06-07T17:42:53Z
2026-06-07T17:41:56Z,2026-06-07T19:41:56+0200,9fbaedea-27ef-4990-85cf-49287850296c,2026-05-23T00:30:00Z,2026-05-23T02:30:00+0200,140.63,EUR/MWh,FR,FR,imbalance_price,Short,2026-06-07T17:42:53Z
2026-06-07T17:41:56Z,2026-06-07T19:41:56+0200,9fbaedea-27ef-4990-85cf-49287850296c,2026-05-23T00:45:00Z,2026-05-23T02:45:00+0200,119.55,EUR/MWh,FR,FR,imbalance_price,Long,2026-06-07T17:42:53Z
2026-06-07T17:41:56Z,2026-06-07T19:41:56+0200,9fbaedea-27ef-4990-85cf-49287850296c,2026-05-23T00:45:00Z,2026-05-23T02:45:00+0200,141.65,EUR/MWh,FR,FR,imbalance_price,Short,2026-06-07T17:42:53Z
2026-06-07T17:41:56Z,2026-06-07T19:41:56+0200,9fbaedea-27ef-4990-85cf-49287850296c,2026-05-23T01:00:00Z,2026-05-23T03:00:00+0200,87.59,EUR/MWh,FR,FR,imbalance_price,Long,2026-06-07T17:42:53Z
2026-06-07T17:41:56Z,2026-06-07T19:41:56+0200,9fbaedea-27ef-4990-85cf-49287850296c,2026-05-23T01:00:00Z,2026-05-23T03:00:00+0200,103.77,EUR/MWh,FR,FR,imbalance_price,Short,2026-06-07T17:42:53Z
2026-06-07T17:41:56Z,2026-06-07T19:41:56+0200,9fbaedea-27ef-4990-85cf-49287850296c,2026-05-23T01:15:00Z,2026-05-23T03:15:00+0200,100.85,EUR/MWh,FR,FR,imbalance_price,Long,2026-06-07T17:42:53Z
2026-06-07T17:41:56Z,2026-06-07T19:41:56+0200,9fbaedea-27ef-4990-85cf-49287850296c,2026-05-23T01:15:00Z,2026-05-23T03:15:00+0200,119.49,EUR/MWh,FR,FR,imbalance_price,Short,2026-06-07T17:42:53Z
2026-06-07T17:41:56Z,2026-06-07T19:41:56+0200,9fbaedea-27ef-4990-85cf-49287850296c,2026-05-23T01:30:00Z,2026-05-23T03:30:00+0200,98.37,EUR/MWh,FR,FR,imbalance_price,Long,2026-06-07T17:42:53Z
2026-06-07T17:41:56Z,2026-06-07T19:41:56+0200,9fbaedea-27ef-4990-85cf-49287850296c,2026-05-23T01:30:00Z,2026-05-23T03:30:00+0200,116.55,EUR/MWh,FR,FR,imbalance_price,Short,2026-06-07T17:42:53Z
2026-06-07T17:41:56Z,2026-06-07T19:41:56+0200,9fbaedea-27ef-4990-85cf-49287850296c,2026-05-23T01:45:00Z,2026-05-23T03:45:00+0200,97.0,EUR/MWh,FR,FR,imbalance_price,Long,2026-06-07T17:42:53Z
2026-06-07T17:41:56Z,2026-06-07T19:41:56+0200,9fbaedea-27ef-4990-85cf-49287850296c,2026-05-23T01:45:00Z,2026-05-23T03:45:00+0200,114.92,EUR/MWh,FR,FR,imbalance_price,Short,2026-06-07T17:42:53Z
2026-06-07T17:41:56Z,2026-06-07T19:41:56+0200,9fbaedea-27ef-4990-85cf-49287850296c,2026-05-23T02:00:00Z,2026-05-23T04:00:00+0200,106.16,EUR/MWh,FR,FR,imbalance_price,Long,2026-06-07T17:42:53Z
2026-06-07T17:41:56Z,2026-06-07T19:41:56+0200,9fbaedea-27ef-4990-85cf-49287850296c,2026-05-23T02:00:00Z,2026-05-23T04:00:00+0200,125.78,EUR/MWh,FR,FR,imbalance_price,Short,2026-06-07T17:42:53Z
2026-06-07T17:41:56Z,2026-06-07T19:41:56+0200,9fbaedea-27ef-4990-85cf-49287850296c,2026-05-23T02:15:00Z,2026-05-23T04:15:00+0200,97.43,EUR/MWh,FR,FR,imbalance_price,Long,2026-06-07T17:42:53Z
2026-06-07T17:41:56Z,2026-06-07T19:41:56+0200,9fbaedea-27ef-4990-85cf-49287850296c,2026-05-23T02:15:00Z,2026-05-23T04:15:00+0200,115.43,EUR/MWh,FR,FR,imbalance_price,Short,2026-06-07T17:42:53Z
2026-06-07T17:41:56Z,2026-06-07T19:41:56+0200,9fbaedea-27ef-4990-85cf-49287850296c,2026-05-23T02:30:00Z,2026-05-23T04:30:00+0200,102.27,EUR/MWh,FR,FR,imbalance_price,Long,2026-06-07T17:42:53Z
2026-06-07T17:41:56Z,2026-06-07T19:41:56+0200,9fbaedea-27ef-4990-85cf-49287850296c,2026-05-23T02:30:00Z,2026-05-23T04:30:00+0200,121.17,EUR/MWh,FR,FR,imbalance_price,Short,2026-06-07T17:42:53Z
2026-06-07T17:41:56Z,2026-06-07T19:41:56+0200,9fbaedea-27ef-4990-85cf-49287850296c,2026-05-23T02:45:00Z,2026-05-23T04:45:00+0200,95.26,EUR/MWh,FR,FR,imbalance_price,Long,2026-06-07T17:42:53Z
2026-06-07T17:41:56Z,2026-06-07T19:41:56+0200,9fbaedea-27ef-4990-85cf-49287850296c,2026-05-23T02:45:00Z,2026-05-23T04:45:00+0200,112.86,EUR/MWh,FR,FR,imbalance_price,Short,2026-06-07T17:42:53Z
2026-06-07T17:41:56Z,2026-06-07T19:41:56+0200,9fbaedea-27ef-4990-85cf-49287850296c,2026-05-23T03:00:00Z,2026-05-23T05:00:00+0200,105.87,EUR/MWh,FR,FR,imbalance_price,Long,2026-06-07T17:42:53Z
2026-06-07T17:41:56Z,2026-06-07T19:41:56+0200,9fbaedea-27ef-4990-85cf-49287850296c,2026-05-23T03:00:00Z,2026-05-23T05:00:00+0200,125.43,EUR/MWh,FR,FR,imbalance_price,Short,2026-06-07T17:42:53Z
2026-06-07T17:41:56Z,2026-06-07T19:41:56+0200,9fbaedea-27ef-4990-85cf-49287850296c,2026-05-23T03:15:00Z,2026-05-23T05:15:00+0200,107.65,EUR/MWh,FR,FR,imbalance_price,Long,2026-06-07T17:42:53Z
2026-06-07T17:41:56Z,2026-06-07T19:41:56+0200,9fbaedea-27ef-4990-85cf-49287850296c,2026-05-23T03:15:00Z,2026-05-23T05:15:00+0200,127.55,EUR/MWh,FR,FR,imbalance_price,Short,2026-06-07T17:42:53Z
2026-06-07T17:41:56Z,2026-06-07T19:41:56+0200,9fbaedea-27ef-4990-85cf-49287850296c,2026-05-23T03:30:00Z,2026-05-23T05:30:00+0200,92.62,EUR/MWh,FR,FR,imbalance_price,Long,2026-06-07T17:42:53Z
2026-06-07T17:41:56Z,2026-06-07T19:41:56+0200,9fbaedea-27ef-4990-85cf-49287850296c,2026-05-23T03:30:00Z,2026-05-23T05:30:00+0200,109.74,EUR/MWh,FR,FR,imbalance_price,Short,2026-06-07T17:42:53Z
2026-06-07T17:41:56Z,2026-06-07T19:41:56+0200,9fbaedea-27ef-4990-85cf-49287850296c,2026-05-23T03:45:00Z,2026-05-23T05:45:00+0200,101.78,EUR/MWh,FR,FR,imbalance_price,Long,2026-06-07T17:42:53Z
2026-06-07T17:41:56Z,2026-06-07T19:41:56+0200,9fbaedea-27ef-4990-85cf-49287850296c,2026-05-23T03:45:00Z,2026-05-23T05:45:00+0200,120.6,EUR/MWh,FR,FR,imbalance_price,Short,2026-06-07T17:42:53Z
2026-06-07T17:41:56Z,2026-06-07T19:41:56+0200,9fbaedea-27ef-4990-85cf-49287850296c,2026-05-23T04:00:00Z,2026-05-23T06:00:00+0200,110.05,EUR/MWh,FR,FR,imbalance_price,Long,2026-06-07T17:42:53Z
2026-06-07T17:41:56Z,2026-06-07T19:41:56+0200,9fbaedea-27ef-4990-85cf-49287850296c,2026-05-23T04:00:00Z,2026-05-23T06:00:00+0200,130.39,EUR/MWh,FR,FR,imbalance_price,Short,2026-06-07T17:42:53Z
2026-06-07T17:41:56Z,2026-06-07T19:41:56+0200,9fbaedea-27ef-4990-85cf-49287850296c,2026-05-23T04:15:00Z,2026-05-23T06:15:00+0200,101.1,EUR/MWh,FR,FR,imbalance_price,Long,2026-06-07T17:42:53Z
2026-06-07T17:41:56Z,2026-06-07T19:41:56+0200,9fbaedea-27ef-4990-85cf-49287850296c,2026-05-23T04:15:00Z,2026-05-23T06:15:00+0200,119.78,EUR/MWh,FR,FR,imbalance_price,Short,2026-06-07T17:42:53Z
2026-06-07T17:41:56Z,2026-06-07T19:41:56+0200,9fbaedea-27ef-4990-85cf-49287850296c,2026-05-23T04:30:00Z,2026-05-23T06:30:00+0200,90.08,EUR/MWh,FR,FR,imbalance_price,Long,2026-06-07T17:42:53Z
2026-06-07T17:41:56Z,2026-06-07T19:41:56+0200,9fbaedea-27ef-4990-85cf-49287850296c,2026-05-23T04:30:00Z,2026-05-23T06:30:00+0200,106.74,EUR/MWh,FR,FR,imbalance_price,Short,2026-06-07T17:42:53Z
2026-06-07T17:41:56Z,2026-06-07T19:41:56+0200,9fbaedea-27ef-4990-85cf-49287850296c,2026-05-23T04:45:00Z,2026-05-23T06:45:00+0200,100.33,EUR/MWh,FR,FR,imbalance_price,Long,2026-06-07T17:42:53Z
2026-06-07T17:41:56Z,2026-06-07T19:41:56+0200,9fbaedea-27ef-4990-85cf-49287850296c,2026-05-23T04:45:00Z,2026-05-23T06:45:00+0200,118.87,EUR/MWh,FR,FR,imbalance_price,Short,2026-06-07T17:42:53Z
2026-06-07T17:41:56Z,2026-06-07T19:41:56+0200,9fbaedea-27ef-4990-85cf-49287850296c,2026-05-23T05:00:00Z,2026-05-23T07:00:00+0200,77.22,EUR/MWh,FR,FR,imbalance_price,Long,2026-06-07T17:42:53Z
2026-06-07T17:41:56Z,2026-06-07T19:41:56+0200,9fbaedea-27ef-4990-85cf-49287850296c,2026-05-23T05:00:00Z,2026-05-23T07:00:00+0200,91.5,EUR/MWh,FR,FR,imbalance_price,Short,2026-06-07T17:42:53Z
2026-06-07T17:41:56Z,2026-06-07T19:41:56+0200,9fbaedea-27ef-4990-85cf-49287850296c,2026-05-23T05:15:00Z,2026-05-23T07:15:00+0200,85.79,EUR/MWh,FR,FR,imbalance_price,Long,2026-06-07T17:42:53Z
2026-06-07T17:41:56Z,2026-06-07T19:41:56+0200,9fbaedea-27ef-4990-85cf-49287850296c,2026-05-23T05:15:00Z,2026-05-23T07:15:00+0200,101.65,EUR/MWh,FR,FR,imbalance_price,Short,2026-06-07T17:42:53Z
2026-06-07T17:41:56Z,2026-06-07T19:41:56+0200,9fbaedea-27ef-4990-85cf-49287850296c,2026-05-23T05:30:00Z,2026-05-23T07:30:00+0200,77.85,EUR/MWh,FR,FR,imbalance_price,Long,2026-06-07T17:42:53Z
2026-06-07T17:41:56Z,2026-06-07T19:41:56+0200,9fbaedea-27ef-4990-85cf-49287850296c,2026-05-23T05:30:00Z,2026-05-23T07:30:00+0200,92.25,EUR/MWh,FR,FR,imbalance_price,Short,2026-06-07T17:42:53Z
2026-06-07T17:41:56Z,2026-06-07T19:41:56+0200,9fbaedea-27ef-4990-85cf-49287850296c,2026-05-23T05:45:00Z,2026-05-23T07:45:00+0200,104.91,EUR/MWh,FR,FR,imbalance_price,Long,2026-06-07T17:42:53Z
2026-06-07T17:41:56Z,2026-06-07T19:41:56+0200,9fbaedea-27ef-4990-85cf-49287850296c,2026-05-23T05:45:00Z,2026-05-23T07:45:00+0200,124.31,EUR/MWh,FR,FR,imbalance_price,Short,2026-06-07T17:42:53Z
2026-06-07T17:41:56Z,2026-06-07T19:41:56+0200,9fbaedea-27ef-4990-85cf-49287850296c,2026-05-23T06:00:00Z,2026-05-23T08:00:00+0200,97.84,EUR/MWh,FR,FR,imbalance_price,Long,2026-06-07T17:42:53Z
2026-06-07T17:41:56Z,2026-06-07T19:41:56+0200,9fbaedea-27ef-4990-85cf-49287850296c,2026-05-23T06:00:00Z,2026-05-23T08:00:00+0200,115.92,EUR/MWh,FR,FR,imbalance_price,Short,2026-06-07T17:42:53Z
2026-06-07T17:41:56Z,2026-06-07T19:41:56+0200,9fbaedea-27ef-4990-85cf-49287850296c,2026-05-23T06:15:00Z,2026-05-23T08:15:00+0200,109.02,EUR/MWh,FR,FR,imbalance_price,Long,2026-06-07T17:42:53Z
2026-06-07T17:41:56Z,2026-06-07T19:41:56+0200,9fbaedea-27ef-4990-85cf-49287850296c,2026-05-23T06:15:00Z,2026-05-23T08:15:00+0200,129.18,EUR/MWh,FR,FR,imbalance_price,Short,2026-06-07T17:42:53Z
2026-06-07T17:41:56Z,2026-06-07T19:41:56+0200,9fbaedea-27ef-4990-85cf-49287850296c,2026-05-23T06:30:00Z,2026-05-23T08:30:00+0200,9.51,EUR/MWh,FR,FR,imbalance_price,Long,2026-06-07T17:42:53Z
2026-06-07T17:41:56Z,2026-06-07T19:41:56+0200,9fbaedea-27ef-4990-85cf-49287850296c,2026-05-23T06:30:00Z,2026-05-23T08:30:00+0200,11.27,EUR/MWh,FR,FR,imbalance_price,Short,2026-06-07T17:42:53Z
2026-06-07T17:41:56Z,2026-06-07T19:41:56+0200,9fbaedea-27ef-4990-85cf-49287850296c,2026-05-23T06:45:00Z,2026-05-23T08:45:00+0200,-14.46,EUR/MWh,FR,FR,imbalance_price,Long,2026-06-07T17:42:53Z
2026-06-07T17:41:56Z,2026-06-07T19:41:56+0200,9fbaedea-27ef-4990-85cf-49287850296c,2026-05-23T06:45:00Z,2026-05-23T08:45:00+0200,-12.2,EUR/MWh,FR,FR,imbalance_price,Short,2026-06-07T17:42:53Z
2026-06-07T17:41:56Z,2026-06-07T19:41:56+0200,9fbaedea-27ef-4990-85cf-49287850296c,2026-05-23T07:00:00Z,2026-05-23T09:00:00+0200,-8.06,EUR/MWh,FR,FR,imbalance_price,Long,2026-06-07T17:42:53Z
2026-06-07T17:41:56Z,2026-06-07T19:41:56+0200,9fbaedea-27ef-4990-85cf-49287850296c,2026-05-23T07:00:00Z,2026-05-23T09:00:00+0200,-6.8,EUR/MWh,FR,FR,imbalance_price,Short,2026-06-07T17:42:53Z
2026-06-07T17:41:56Z,2026-06-07T19:41:56+0200,9fbaedea-27ef-4990-85cf-49287850296c,2026-05-23T07:15:00Z,2026-05-23T09:15:00+0200,10.56,EUR/MWh,FR,FR,imbalance_price,Long,2026-06-07T17:42:53Z
2026-06-07T17:41:56Z,2026-06-07T19:41:56+0200,9fbaedea-27ef-4990-85cf-49287850296c,2026-05-23T07:15:00Z,2026-05-23T09:15:00+0200,12.52,EUR/MWh,FR,FR,imbalance_price,Short,2026-06-07T17:42:53Z
2026-06-07T17:41:56Z,2026-06-07T19:41:56+0200,9fbaedea-27ef-4990-85cf-49287850296c,2026-05-23T07:30:00Z,2026-05-23T09:30:00+0200,12.5,EUR/MWh,FR,FR,imbalance_price,Long,2026-06-07T17:42:53Z
2026-06-07T17:41:56Z,2026-06-07T19:41:56+0200,9fbaedea-27ef-4990-85cf-49287850296c,2026-05-23T07:30:00Z,2026-05-23T09:30:00+0200,14.82,EUR/MWh,FR,FR,imbalance_price,Short,2026-06-07T17:42:53Z
2026-06-07T17:41:56Z,2026-06-07T19:41:56+0200,9fbaedea-27ef-4990-85cf-49287850296c,2026-05-23T07:45:00Z,2026-05-23T09:45:00+0200,65.73,EUR/MWh,FR,FR,imbalance_price,Long,2026-06-07T17:42:53Z
2026-06-07T17:41:56Z,2026-06-07T19:41:56+0200,9fbaedea-27ef-4990-85cf-49287850296c,2026-05-23T07:45:00Z,2026-05-23T09:45:00+0200,77.89,EUR/MWh,FR,FR,imbalance_price,Short,2026-06-07T17:42:53Z
2026-06-07T17:41:56Z,2026-06-07T19:41:56+0200,9fbaedea-27ef-4990-85cf-49287850296c,2026-05-23T08:00:00Z,2026-05-23T10:00:00+0200,27.0,EUR/MWh,FR,FR,imbalance_price,Long,2026-06-07T17:42:53Z
2026-06-07T17:41:56Z,2026-06-07T19:41:56+0200,9fbaedea-27ef-4990-85cf-49287850296c,2026-05-23T08:00:00Z,2026-05-23T10:00:00+0200,31.98,EUR/MWh,FR,FR,imbalance_price,Short,2026-06-07T17:42:53Z
2026-06-07T17:41:56Z,2026-06-07T19:41:56+0200,9fbaedea-27ef-4990-85cf-49287850296c,2026-05-23T08:15:00Z,2026-05-23T10:15:00+0200,67.9,EUR/MWh,FR,FR,imbalance_price,Long,2026-06-07T17:42:53Z
2026-06-07T17:41:56Z,2026-06-07T19:41:56+0200,9fbaedea-27ef-4990-85cf-49287850296c,2026-05-23T08:15:00Z,2026-05-23T10:15:00+0200,80.46,EUR/MWh,FR,FR,imbalance_price,Short,2026-06-07T17:42:53Z
2026-06-07T17:41:56Z,2026-06-07T19:41:56+0200,9fbaedea-27ef-4990-85cf-49287850296c,2026-05-23T08:30:00Z,2026-05-23T10:30:00+0200,-28.85,EUR/MWh,FR,FR,imbalance_price,Long,2026-06-07T17:42:53Z
2026-06-07T17:41:56Z,2026-06-07T19:41:56+0200,9fbaedea-27ef-4990-85cf-49287850296c,2026-05-23T08:30:00Z,2026-05-23T10:30:00+0200,-24.35,EUR/MWh,FR,FR,imbalance_price,Short,2026-06-07T17:42:53Z
2026-06-07T17:41:56Z,2026-06-07T19:41:56+0200,9fbaedea-27ef-4990-85cf-49287850296c,2026-05-23T08:45:00Z,2026-05-23T10:45:00+0200,-22.21,EUR/MWh,FR,FR,imbalance_price,Long,2026-06-07T17:42:53Z
2026-06-07T17:41:56Z,2026-06-07T19:41:56+0200,9fbaedea-27ef-4990-85cf-49287850296c,2026-05-23T08:45:00Z,2026-05-23T10:45:00+0200,-18.75,EUR/MWh,FR,FR,imbalance_price,Short,2026-06-07T17:42:53Z
2026-06-07T17:41:56Z,2026-06-07T19:41:56+0200,9fbaedea-27ef-4990-85cf-49287850296c,2026-05-23T09:00:00Z,2026-05-23T11:00:00+0200,-5.42,EUR/MWh,FR,FR,imbalance_price,Long,2026-06-07T17:42:53Z
2026-06-07T17:41:56Z,2026-06-07T19:41:56+0200,9fbaedea-27ef-4990-85cf-49287850296c,2026-05-23T09:00:00Z,2026-05-23T11:00:00+0200,-4.58,EUR/MWh,FR,FR,imbalance_price,Short,2026-06-07T17:42:53Z
2026-06-07T17:41:56Z,2026-06-07T19:41:56+0200,9fbaedea-27ef-4990-85cf-49287850296c,2026-05-23T09:15:00Z,2026-05-23T11:15:00+0200,-7.35,EUR/MWh,FR,FR,imbalance_price,Long,2026-06-07T17:42:53Z
2026-06-07T17:41:56Z,2026-06-07T19:41:56+0200,9fbaedea-27ef-4990-85cf-49287850296c,2026-05-23T09:15:00Z,2026-05-23T11:15:00+0200,-6.21,EUR/MWh,FR,FR,imbalance_price,Short,2026-06-07T17:42:53Z
2026-06-07T17:41:56Z,2026-06-07T19:41:56+0200,9fbaedea-27ef-4990-85cf-49287850296c,2026-05-23T09:30:00Z,2026-05-23T11:30:00+0200,-5.85,EUR/MWh,FR,FR,imbalance_price,Long,2026-06-07T17:42:53Z
2026-06-07T17:41:56Z,2026-06-07T19:41:56+0200,9fbaedea-27ef-4990-85cf-49287850296c,2026-05-23T09:30:00Z,2026-05-23T11:30:00+0200,-4.93,EUR/MWh,FR,FR,imbalance_price,Short,2026-06-07T17:42:53Z
2026-06-07T17:41:56Z,2026-06-07T19:41:56+0200,9fbaedea-27ef-4990-85cf-49287850296c,2026-05-23T09:45:00Z,2026-05-23T11:45:00+0200,-6.65,EUR/MWh,FR,FR,imbalance_price,Long,2026-06-07T17:42:53Z
2026-06-07T17:41:56Z,2026-06-07T19:41:56+0200,9fbaedea-27ef-4990-85cf-49287850296c,2026-05-23T09:45:00Z,2026-05-23T11:45:00+0200,-5.61,EUR/MWh,FR,FR,imbalance_price,Short,2026-06-07T17:42:53Z
2026-06-07T17:41:56Z,2026-06-07T19:41:56+0200,9fbaedea-27ef-4990-85cf-49287850296c,2026-05-23T10:00:00Z,2026-05-23T12:00:00+0200,-20.38,EUR/MWh,FR,FR,imbalance_price,Long,2026-06-07T17:42:53Z
2026-06-07T17:41:56Z,2026-06-07T19:41:56+0200,9fbaedea-27ef-4990-85cf-49287850296c,2026-05-23T10:00:00Z,2026-05-23T12:00:00+0200,-17.2,EUR/MWh,FR,FR,imbalance_price,Short,2026-06-07T17:42:53Z
2026-06-07T17:41:56Z,2026-06-07T19:41:56+0200,9fbaedea-27ef-4990-85cf-49287850296c,2026-05-23T10:15:00Z,2026-05-23T12:15:00+0200,-22.53,EUR/MWh,FR,FR,imbalance_price,Long,2026-06-07T17:42:53Z
2026-06-07T17:41:56Z,2026-06-07T19:41:56+0200,9fbaedea-27ef-4990-85cf-49287850296c,2026-05-23T10:15:00Z,2026-05-23T12:15:00+0200,-19.01,EUR/MWh,FR,FR,imbalance_price,Short,2026-06-07T17:42:53Z
2026-06-07T17:41:56Z,2026-06-07T19:41:56+0200,9fbaedea-27ef-4990-85cf-49287850296c,2026-05-23T10:30:00Z,2026-05-23T12:30:00+0200,-22.81,EUR/MWh,FR,FR,imbalance_price,Long,2026-06-07T17:42:53Z
2026-06-07T17:41:56Z,2026-06-07T19:41:56+0200,9fbaedea-27ef-4990-85cf-49287850296c,2026-05-23T10:30:00Z,2026-05-23T12:30:00+0200,-19.25,EUR/MWh,FR,FR,imbalance_price,Short,2026-06-07T17:42:53Z
2026-06-07T17:41:56Z,2026-06-07T19:41:56+0200,9fbaedea-27ef-4990-85cf-49287850296c,2026-05-23T10:45:00Z,2026-05-23T12:45:00+0200,-19.52,EUR/MWh,FR,FR,imbalance_price,Long,2026-06-07T17:42:53Z
2026-06-07T17:41:56Z,2026-06-07T19:41:56+0200,9fbaedea-27ef-4990-85cf-49287850296c,2026-05-23T10:45:00Z,2026-05-23T12:45:00+0200,-16.48,EUR/MWh,FR,FR,imbalance_price,Short,2026-06-07T17:42:53Z
2026-06-07T17:41:56Z,2026-06-07T19:41:56+0200,9fbaedea-27ef-4990-85cf-49287850296c,2026-05-23T11:00:00Z,2026-05-23T13:00:00+0200,10.44,EUR/MWh,FR,FR,imbalance_price,Long,2026-06-07T17:42:53Z
2026-06-07T17:41:56Z,2026-06-07T19:41:56+0200,9fbaedea-27ef-4990-85cf-49287850296c,2026-05-23T11:00:00Z,2026-05-23T13:00:00+0200,12.36,EUR/MWh,FR,FR,imbalance_price,Short,2026-06-07T17:42:53Z
2026-06-07T17:41:56Z,2026-06-07T19:41:56+0200,9fbaedea-27ef-4990-85cf-49287850296c,2026-05-23T11:15:00Z,2026-05-23T13:15:00+0200,-22.21,EUR/MWh,FR,FR,imbalance_price,Long,2026-06-07T17:42:53Z
2026-06-07T17:41:56Z,2026-06-07T19:41:56+0200,9fbaedea-27ef-4990-85cf-49287850296c,2026-05-23T11:15:00Z,2026-05-23T13:15:00+0200,-18.75,EUR/MWh,FR,FR,imbalance_price,Short,2026-06-07T17:42:53Z
2026-06-07T17:41:56Z,2026-06-07T19:41:56+0200,9fbaedea-27ef-4990-85cf-49287850296c,2026-05-23T11:30:00Z,2026-05-23T13:30:00+0200,25.31,EUR/MWh,FR,FR,imbalance_price,Long,2026-06-07T17:42:53Z
2026-06-07T17:41:56Z,2026-06-07T19:41:56+0200,9fbaedea-27ef-4990-85cf-49287850296c,2026-05-23T11:30:00Z,2026-05-23T13:30:00+0200,29.99,EUR/MWh,FR,FR,imbalance_price,Short,2026-06-07T17:42:53Z
2026-06-07T17:41:56Z,2026-06-07T19:41:56+0200,9fbaedea-27ef-4990-85cf-49287850296c,2026-05-23T11:45:00Z,2026-05-23T13:45:00+0200,22.33,EUR/MWh,FR,FR,imbalance_price,Long,2026-06-07T17:42:53Z
2026-06-07T17:41:56Z,2026-06-07T19:41:56+0200,9fbaedea-27ef-4990-85cf-49287850296c,2026-05-23T11:45:00Z,2026-05-23T13:45:00+0200,26.45,EUR/MWh,FR,FR,imbalance_price,Short,2026-06-07T17:42:53Z
2026-06-07T17:41:56Z,2026-06-07T19:41:56+0200,9fbaedea-27ef-4990-85cf-49287850296c,2026-05-23T12:00:00Z,2026-05-23T14:00:00+0200,-18.99,EUR/MWh,FR,FR,imbalance_price,Long,2026-06-07T17:42:53Z
2026-06-07T17:41:56Z,2026-06-07T19:41:56+0200,9fbaedea-27ef-4990-85cf-49287850296c,2026-05-23T12:00:00Z,2026-05-23T14:00:00+0200,-16.03,EUR/MWh,FR,FR,imbalance_price,Short,2026-06-07T17:42:53Z
2026-06-07T17:41:56Z,2026-06-07T19:41:56+0200,9fbaedea-27ef-4990-85cf-49287850296c,2026-05-23T12:15:00Z,2026-05-23T14:15:00+0200,-22.21,EUR/MWh,FR,FR,imbalance_price,Long,2026-06-07T17:42:53Z
2026-06-07T17:41:56Z,2026-06-07T19:41:56+0200,9fbaedea-27ef-4990-85cf-49287850296c,2026-05-23T12:15:00Z,2026-05-23T14:15:00+0200,-18.75,EUR/MWh,FR,FR,imbalance_price,Short,2026-06-07T17:42:53Z
2026-06-07T17:41:56Z,2026-06-07T19:41:56+0200,9fbaedea-27ef-4990-85cf-49287850296c,2026-05-23T12:30:00Z,2026-05-23T14:30:00+0200,-22.21,EUR/MWh,FR,FR,imbalance_price,Long,2026-06-07T17:42:53Z
2026-06-07T17:41:56Z,2026-06-07T19:41:56+0200,9fbaedea-27ef-4990-85cf-49287850296c,2026-05-23T12:30:00Z,2026-05-23T14:30:00+0200,-18.75,EUR/MWh,FR,FR,imbalance_price,Short,2026-06-07T17:42:53Z
2026-06-07T17:41:56Z,2026-06-07T19:41:56+0200,9fbaedea-27ef-4990-85cf-49287850296c,2026-05-23T12:45:00Z,2026-05-23T14:45:00+0200,0.92,EUR/MWh,FR,FR,imbalance_price,Long,2026-06-07T17:42:53Z
2026-06-07T17:41:56Z,2026-06-07T19:41:56+0200,9fbaedea-27ef-4990-85cf-49287850296c,2026-05-23T12:45:00Z,2026-05-23T14:45:00+0200,1.08,EUR/MWh,FR,FR,imbalance_price,Short,2026-06-07T17:42:53Z
2026-06-07T17:41:56Z,2026-06-07T19:41:56+0200,9fbaedea-27ef-4990-85cf-49287850296c,2026-05-23T13:00:00Z,2026-05-23T15:00:00+0200,-9.22,EUR/MWh,FR,FR,imbalance_price,Long,2026-06-07T17:42:53Z
2026-06-07T17:41:56Z,2026-06-07T19:41:56+0200,9fbaedea-27ef-4990-85cf-49287850296c,2026-05-23T13:00:00Z,2026-05-23T15:00:00+0200,-7.78,EUR/MWh,FR,FR,imbalance_price,Short,2026-06-07T17:42:53Z
2026-06-07T17:41:56Z,2026-06-07T19:41:56+0200,9fbaedea-27ef-4990-85cf-49287850296c,2026-05-23T13:15:00Z,2026-05-23T15:15:00+0200,-4.52,EUR/MWh,FR,FR,imbalance_price,Long,2026-06-07T17:42:53Z
2026-06-07T17:41:56Z,2026-06-07T19:41:56+0200,9fbaedea-27ef-4990-85cf-49287850296c,2026-05-23T13:15:00Z,2026-05-23T15:15:00+0200,-3.82,EUR/MWh,FR,FR,imbalance_price,Short,2026-06-07T17:42:53Z
2026-06-07T17:41:56Z,2026-06-07T19:41:56+0200,9fbaedea-27ef-4990-85cf-49287850296c,2026-05-23T13:30:00Z,2026-05-23T15:30:00+0200,-6.0,EUR/MWh,FR,FR,imbalance_price,Long,2026-06-07T17:42:53Z
2026-06-07T17:41:56Z,2026-06-07T19:41:56+0200,9fbaedea-27ef-4990-85cf-49287850296c,2026-05-23T13:30:00Z,2026-05-23T15:30:00+0200,-5.06,EUR/MWh,FR,FR,imbalance_price,Short,2026-06-07T17:42:53Z
2026-06-07T17:41:56Z,2026-06-07T19:41:56+0200,9fbaedea-27ef-4990-85cf-49287850296c,2026-05-23T13:45:00Z,2026-05-23T15:45:00+0200,-9.05,EUR/MWh,FR,FR,imbalance_price,Long,2026-06-07T17:42:53Z
2026-06-07T17:41:56Z,2026-06-07T19:41:56+0200,9fbaedea-27ef-4990-85cf-49287850296c,2026-05-23T13:45:00Z,2026-05-23T15:45:00+0200,-7.63,EUR/MWh,FR,FR,imbalance_price,Short,2026-06-07T17:42:53Z
2026-06-07T17:41:56Z,2026-06-07T19:41:56+0200,9fbaedea-27ef-4990-85cf-49287850296c,2026-05-23T14:00:00Z,2026-05-23T16:00:00+0200,0.68,EUR/MWh,FR,FR,imbalance_price,Long,2026-06-07T17:42:53Z
2026-06-07T17:41:56Z,2026-06-07T19:41:56+0200,9fbaedea-27ef-4990-85cf-49287850296c,2026-05-23T14:00:00Z,2026-05-23T16:00:00+0200,0.8,EUR/MWh,FR,FR,imbalance_price,Short,2026-06-07T17:42:53Z
2026-06-07T17:41:56Z,2026-06-07T19:41:56+0200,9fbaedea-27ef-4990-85cf-49287850296c,2026-05-23T14:15:00Z,2026-05-23T16:15:00+0200,2.33,EUR/MWh,FR,FR,imbalance_price,Long,2026-06-07T17:42:53Z
2026-06-07T17:41:56Z,2026-06-07T19:41:56+0200,9fbaedea-27ef-4990-85cf-49287850296c,2026-05-23T14:15:00Z,2026-05-23T16:15:00+0200,2.77,EUR/MWh,FR,FR,imbalance_price,Short,2026-06-07T17:42:53Z
2026-06-07T17:41:56Z,2026-06-07T19:41:56+0200,9fbaedea-27ef-4990-85cf-49287850296c,2026-05-23T14:30:00Z,2026-05-23T16:30:00+0200,-5.59,EUR/MWh,FR,FR,imbalance_price,Long,2026-06-07T17:42:53Z
2026-06-07T17:41:56Z,2026-06-07T19:41:56+0200,9fbaedea-27ef-4990-85cf-49287850296c,2026-05-23T14:30:00Z,2026-05-23T16:30:00+0200,-4.71,EUR/MWh,FR,FR,imbalance_price,Short,2026-06-07T17:42:53Z
2026-06-07T17:41:56Z,2026-06-07T19:41:56+0200,9fbaedea-27ef-4990-85cf-49287850296c,2026-05-23T14:45:00Z,2026-05-23T16:45:00+0200,-4.99,EUR/MWh,FR,FR,imbalance_price,Long,2026-06-07T17:42:53Z
2026-06-07T17:41:56Z,2026-06-07T19:41:56+0200,9fbaedea-27ef-4990-85cf-49287850296c,2026-05-23T14:45:00Z,2026-05-23T16:45:00+0200,-4.21,EUR/MWh,FR,FR,imbalance_price,Short,2026-06-07T17:42:53Z
2026-06-07T17:41:56Z,2026-06-07T19:41:56+0200,9fbaedea-27ef-4990-85cf-49287850296c,2026-05-23T15:00:00Z,2026-05-23T17:00:00+0200,19.96,EUR/MWh,FR,FR,imbalance_price,Long,2026-06-07T17:42:53Z
2026-06-07T17:41:56Z,2026-06-07T19:41:56+0200,9fbaedea-27ef-4990-85cf-49287850296c,2026-05-23T15:00:00Z,2026-05-23T17:00:00+0200,23.66,EUR/MWh,FR,FR,imbalance_price,Short,2026-06-07T17:42:53Z
2026-06-07T17:41:56Z,2026-06-07T19:41:56+0200,9fbaedea-27ef-4990-85cf-49287850296c,2026-05-23T15:15:00Z,2026-05-23T17:15:00+0200,75.84,EUR/MWh,FR,FR,imbalance_price,Long,2026-06-07T17:42:53Z
2026-06-07T17:41:56Z,2026-06-07T19:41:56+0200,9fbaedea-27ef-4990-85cf-49287850296c,2026-05-23T15:15:00Z,2026-05-23T17:15:00+0200,89.86,EUR/MWh,FR,FR,imbalance_price,Short,2026-06-07T17:42:53Z
2026-06-07T17:41:56Z,2026-06-07T19:41:56+0200,9fbaedea-27ef-4990-85cf-49287850296c,2026-05-23T15:30:00Z,2026-05-23T17:30:00+0200,81.9,EUR/MWh,FR,FR,imbalance_price,Long,2026-06-07T17:42:53Z
2026-06-07T17:41:56Z,2026-06-07T19:41:56+0200,9fbaedea-27ef-4990-85cf-49287850296c,2026-05-23T15:30:00Z,2026-05-23T17:30:00+0200,97.04,EUR/MWh,FR,FR,imbalance_price,Short,2026-06-07T17:42:53Z
2026-06-07T17:41:56Z,2026-06-07T19:41:56+0200,9fbaedea-27ef-4990-85cf-49287850296c,2026-05-23T15:45:00Z,2026-05-23T17:45:00+0200,17.79,EUR/MWh,FR,FR,imbalance_price,Long,2026-06-07T17:42:53Z
2026-06-07T17:41:56Z,2026-06-07T19:41:56+0200,9fbaedea-27ef-4990-85cf-49287850296c,2026-05-23T15:45:00Z,2026-05-23T17:45:00+0200,21.07,EUR/MWh,FR,FR,imbalance_price,Short,2026-06-07T17:42:53Z
2026-06-07T17:41:56Z,2026-06-07T19:41:56+0200,9fbaedea-27ef-4990-85cf-49287850296c,2026-05-23T16:00:00Z,2026-05-23T18:00:00+0200,-18.05,EUR/MWh,FR,FR,imbalance_price,Long,2026-06-07T17:42:53Z
2026-06-07T17:41:56Z,2026-06-07T19:41:56+0200,9fbaedea-27ef-4990-85cf-49287850296c,2026-05-23T16:00:00Z,2026-05-23T18:00:00+0200,-15.23,EUR/MWh,FR,FR,imbalance_price,Short,2026-06-07T17:42:53Z
2026-06-07T17:41:56Z,2026-06-07T19:41:56+0200,9fbaedea-27ef-4990-85cf-49287850296c,2026-05-23T16:15:00Z,2026-05-23T18:15:00+0200,44.56,EUR/MWh,FR,FR,imbalance_price,Long,2026-06-07T17:42:53Z
2026-06-07T17:41:56Z,2026-06-07T19:41:56+0200,9fbaedea-27ef-4990-85cf-49287850296c,2026-05-23T16:15:00Z,2026-05-23T18:15:00+0200,52.8,EUR/MWh,FR,FR,imbalance_price,Short,2026-06-07T17:42:53Z
2026-06-07T17:41:56Z,2026-06-07T19:41:56+0200,9fbaedea-27ef-4990-85cf-49287850296c,2026-05-23T16:30:00Z,2026-05-23T18:30:00+0200,124.71,EUR/MWh,FR,FR,imbalance_price,Long,2026-06-07T17:42:53Z
2026-06-07T17:41:56Z,2026-06-07T19:41:56+0200,9fbaedea-27ef-4990-85cf-49287850296c,2026-05-23T16:30:00Z,2026-05-23T18:30:00+0200,147.77,EUR/MWh,FR,FR,imbalance_price,Short,2026-06-07T17:42:53Z
2026-06-07T17:41:56Z,2026-06-07T19:41:56+0200,9fbaedea-27ef-4990-85cf-49287850296c,2026-05-23T16:45:00Z,2026-05-23T18:45:00+0200,155.78,EUR/MWh,FR,FR,imbalance_price,Long,2026-06-07T17:42:53Z
2026-06-07T17:41:56Z,2026-06-07T19:41:56+0200,9fbaedea-27ef-4990-85cf-49287850296c,2026-05-23T16:45:00Z,2026-05-23T18:45:00+0200,184.58,EUR/MWh,FR,FR,imbalance_price,Short,2026-06-07T17:42:53Z
2026-06-07T17:41:56Z,2026-06-07T19:41:56+0200,9fbaedea-27ef-4990-85cf-49287850296c,2026-05-23T17:00:00Z,2026-05-23T19:00:00+0200,18.77,EUR/MWh,FR,FR,imbalance_price,Long,2026-06-07T17:42:53Z
2026-06-07T17:41:56Z,2026-06-07T19:41:56+0200,9fbaedea-27ef-4990-85cf-49287850296c,2026-05-23T17:00:00Z,2026-05-23T19:00:00+0200,22.23,EUR/MWh,FR,FR,imbalance_price,Short,2026-06-07T17:42:53Z
2026-06-07T17:41:56Z,2026-06-07T19:41:56+0200,9fbaedea-27ef-4990-85cf-49287850296c,2026-05-23T17:15:00Z,2026-05-23T19:15:00+0200,9.9,EUR/MWh,FR,FR,imbalance_price,Long,2026-06-07T17:42:53Z
2026-06-07T17:41:56Z,2026-06-07T19:41:56+0200,9fbaedea-27ef-4990-85cf-49287850296c,2026-05-23T17:15:00Z,2026-05-23T19:15:00+0200,11.74,EUR/MWh,FR,FR,imbalance_price,Short,2026-06-07T17:42:53Z
2026-06-07T17:41:56Z,2026-06-07T19:41:56+0200,9fbaedea-27ef-4990-85cf-49287850296c,2026-05-23T17:30:00Z,2026-05-23T19:30:00+0200,24.33,EUR/MWh,FR,FR,imbalance_price,Long,2026-06-07T17:42:53Z
2026-06-07T17:41:56Z,2026-06-07T19:41:56+0200,9fbaedea-27ef-4990-85cf-49287850296c,2026-05-23T17:30:00Z,2026-05-23T19:30:00+0200,28.83,EUR/MWh,FR,FR,imbalance_price,Short,2026-06-07T17:42:53Z
2026-06-07T17:41:56Z,2026-06-07T19:41:56+0200,9fbaedea-27ef-4990-85cf-49287850296c,2026-05-23T17:45:00Z,2026-05-23T19:45:00+0200,35.55,EUR/MWh,FR,FR,imbalance_price,Long,2026-06-07T17:42:53Z
2026-06-07T17:41:56Z,2026-06-07T19:41:56+0200,9fbaedea-27ef-4990-85cf-49287850296c,2026-05-23T17:45:00Z,2026-05-23T19:45:00+0200,42.13,EUR/MWh,FR,FR,imbalance_price,Short,2026-06-07T17:42:53Z
2026-06-07T17:41:56Z,2026-06-07T19:41:56+0200,9fbaedea-27ef-4990-85cf-49287850296c,2026-05-23T18:00:00Z,2026-05-23T20:00:00+0200,28.89,EUR/MWh,FR,FR,imbalance_price,Long,2026-06-07T17:42:53Z
2026-06-07T17:41:56Z,2026-06-07T19:41:56+0200,9fbaedea-27ef-4990-85cf-49287850296c,2026-05-23T18:00:00Z,2026-05-23T20:00:00+0200,34.23,EUR/MWh,FR,FR,imbalance_price,Short,2026-06-07T17:42:53Z
2026-06-07T17:41:56Z,2026-06-07T19:41:56+0200,9fbaedea-27ef-4990-85cf-49287850296c,2026-05-23T18:15:00Z,2026-05-23T20:15:00+0200,235.81,EUR/MWh,FR,FR,imbalance_price,Long,2026-06-07T17:42:53Z
2026-06-07T17:41:56Z,2026-06-07T19:41:56+0200,9fbaedea-27ef-4990-85cf-49287850296c,2026-05-23T18:15:00Z,2026-05-23T20:15:00+0200,279.39,EUR/MWh,FR,FR,imbalance_price,Short,2026-06-07T17:42:53Z
2026-06-07T17:41:56Z,2026-06-07T19:41:56+0200,9fbaedea-27ef-4990-85cf-49287850296c,2026-05-23T18:30:00Z,2026-05-23T20:30:00+0200,283.54,EUR/MWh,FR,FR,imbalance_price,Long,2026-06-07T17:42:53Z
2026-06-07T17:41:56Z,2026-06-07T19:41:56+0200,9fbaedea-27ef-4990-85cf-49287850296c,2026-05-23T18:30:00Z,2026-05-23T20:30:00+0200,335.94,EUR/MWh,FR,FR,imbalance_price,Short,2026-06-07T17:42:53Z
2026-06-07T17:41:56Z,2026-06-07T19:41:56+0200,9fbaedea-27ef-4990-85cf-49287850296c,2026-05-23T18:45:00Z,2026-05-23T20:45:00+0200,287.51,EUR/MWh,FR,FR,imbalance_price,Long,2026-06-07T17:42:53Z
2026-06-07T17:41:56Z,2026-06-07T19:41:56+0200,9fbaedea-27ef-4990-85cf-49287850296c,2026-05-23T18:45:00Z,2026-05-23T20:45:00+0200,340.65,EUR/MWh,FR,FR,imbalance_price,Short,2026-06-07T17:42:53Z
2026-06-07T17:41:56Z,2026-06-07T19:41:56+0200,9fbaedea-27ef-4990-85cf-49287850296c,2026-05-23T19:00:00Z,2026-05-23T21:00:00+0200,31.17,EUR/MWh,FR,FR,imbalance_price,Long,2026-06-07T17:42:53Z
2026-06-07T17:41:56Z,2026-06-07T19:41:56+0200,9fbaedea-27ef-4990-85cf-49287850296c,2026-05-23T19:00:00Z,2026-05-23T21:00:00+0200,36.93,EUR/MWh,FR,FR,imbalance_price,Short,2026-06-07T17:42:53Z
2026-06-07T17:41:56Z,2026-06-07T19:41:56+0200,9fbaedea-27ef-4990-85cf-49287850296c,2026-05-23T19:15:00Z,2026-05-23T21:15:00+0200,30.41,EUR/MWh,FR,FR,imbalance_price,Long,2026-06-07T17:42:53Z
2026-06-07T17:41:56Z,2026-06-07T19:41:56+0200,9fbaedea-27ef-4990-85cf-49287850296c,2026-05-23T19:15:00Z,2026-05-23T21:15:00+0200,36.03,EUR/MWh,FR,FR,imbalance_price,Short,2026-06-07T17:42:53Z
2026-06-07T17:41:56Z,2026-06-07T19:41:56+0200,9fbaedea-27ef-4990-85cf-49287850296c,2026-05-23T19:30:00Z,2026-05-23T21:30:00+0200,30.4,EUR/MWh,FR,FR,imbalance_price,Long,2026-06-07T17:42:53Z
2026-06-07T17:41:56Z,2026-06-07T19:41:56+0200,9fbaedea-27ef-4990-85cf-49287850296c,2026-05-23T19:30:00Z,2026-05-23T21:30:00+0200,36.02,EUR/MWh,FR,FR,imbalance_price,Short,2026-06-07T17:42:53Z
2026-06-07T17:41:56Z,2026-06-07T19:41:56+0200,9fbaedea-27ef-4990-85cf-49287850296c,2026-05-23T19:45:00Z,2026-05-23T21:45:00+0200,32.92,EUR/MWh,FR,FR,imbalance_price,Long,2026-06-07T17:42:53Z
2026-06-07T17:41:56Z,2026-06-07T19:41:56+0200,9fbaedea-27ef-4990-85cf-49287850296c,2026-05-23T19:45:00Z,2026-05-23T21:45:00+0200,39.0,EUR/MWh,FR,FR,imbalance_price,Short,2026-06-07T17:42:53Z
2026-06-07T17:41:56Z,2026-06-07T19:41:56+0200,9fbaedea-27ef-4990-85cf-49287850296c,2026-05-23T20:00:00Z,2026-05-23T22:00:00+0200,43.12,EUR/MWh,FR,FR,imbalance_price,Long,2026-06-07T17:42:53Z
2026-06-07T17:41:56Z,2026-06-07T19:41:56+0200,9fbaedea-27ef-4990-85cf-49287850296c,2026-05-23T20:00:00Z,2026-05-23T22:00:00+0200,51.1,EUR/MWh,FR,FR,imbalance_price,Short,2026-06-07T17:42:53Z
2026-06-07T17:41:56Z,2026-06-07T19:41:56+0200,9fbaedea-27ef-4990-85cf-49287850296c,2026-05-23T20:15:00Z,2026-05-23T22:15:00+0200,34.32,EUR/MWh,FR,FR,imbalance_price,Long,2026-06-07T17:42:53Z
2026-06-07T17:41:56Z,2026-06-07T19:41:56+0200,9fbaedea-27ef-4990-85cf-49287850296c,2026-05-23T20:15:00Z,2026-05-23T22:15:00+0200,40.66,EUR/MWh,FR,FR,imbalance_price,Short,2026-06-07T17:42:53Z
2026-06-07T17:41:56Z,2026-06-07T19:41:56+0200,9fbaedea-27ef-4990-85cf-49287850296c,2026-05-23T20:30:00Z,2026-05-23T22:30:00+0200,216.22,EUR/MWh,FR,FR,imbalance_price,Long,2026-06-07T17:42:53Z
2026-06-07T17:41:56Z,2026-06-07T19:41:56+0200,9fbaedea-27ef-4990-85cf-49287850296c,2026-05-23T20:30:00Z,2026-05-23T22:30:00+0200,256.18,EUR/MWh,FR,FR,imbalance_price,Short,2026-06-07T17:42:53Z
2026-06-07T17:41:56Z,2026-06-07T19:41:56+0200,9fbaedea-27ef-4990-85cf-49287850296c,2026-05-23T20:45:00Z,2026-05-23T22:45:00+0200,216.22,EUR/MWh,FR,FR,imbalance_price,Long,2026-06-07T17:42:53Z
2026-06-07T17:41:56Z,2026-06-07T19:41:56+0200,9fbaedea-27ef-4990-85cf-49287850296c,2026-05-23T20:45:00Z,2026-05-23T22:45:00+0200,256.18,EUR/MWh,FR,FR,imbalance_price,Short,2026-06-07T17:42:53Z
2026-06-07T17:41:56Z,2026-06-07T19:41:56+0200,9fbaedea-27ef-4990-85cf-49287850296c,2026-05-23T21:00:00Z,2026-05-23T23:00:00+0200,135.17,EUR/MWh,FR,FR,imbalance_price,Long,2026-06-07T17:42:53Z
2026-06-07T17:41:56Z,2026-06-07T19:41:56+0200,9fbaedea-27ef-4990-85cf-49287850296c,2026-05-23T21:00:00Z,2026-05-23T23:00:00+0200,160.15,EUR/MWh,FR,FR,imbalance_price,Short,2026-06-07T17:42:53Z
2026-06-07T17:41:56Z,2026-06-07T19:41:56+0200,9fbaedea-27ef-4990-85cf-49287850296c,2026-05-23T21:15:00Z,2026-05-23T23:15:00+0200,166.33,EUR/MWh,FR,FR,imbalance_price,Long,2026-06-07T17:42:53Z
2026-06-07T17:41:56Z,2026-06-07T19:41:56+0200,9fbaedea-27ef-4990-85cf-49287850296c,2026-05-23T21:15:00Z,2026-05-23T23:15:00+0200,197.07,EUR/MWh,FR,FR,imbalance_price,Short,2026-06-07T17:42:53Z
2026-06-07T17:41:56Z,2026-06-07T19:41:56+0200,9fbaedea-27ef-4990-85cf-49287850296c,2026-05-23T21:30:00Z,2026-05-23T23:30:00+0200,129.04,EUR/MWh,FR,FR,imbalance_price,Long,2026-06-07T17:42:53Z
2026-06-07T17:41:56Z,2026-06-07T19:41:56+0200,9fbaedea-27ef-4990-85cf-49287850296c,2026-05-23T21:30:00Z,2026-05-23T23:30:00+0200,152.9,EUR/MWh,FR,FR,imbalance_price,Short,2026-06-07T17:42:53Z
2026-06-07T17:41:56Z,2026-06-07T19:41:56+0200,9fbaedea-27ef-4990-85cf-49287850296c,2026-05-23T21:45:00Z,2026-05-23T23:45:00+0200,121.85,EUR/MWh,FR,FR,imbalance_price,Long,2026-06-07T17:42:53Z
2026-06-07T17:41:56Z,2026-06-07T19:41:56+0200,9fbaedea-27ef-4990-85cf-49287850296c,2026-05-23T21:45:00Z,2026-05-23T23:45:00+0200,144.37,EUR/MWh,FR,FR,imbalance_price,Short,2026-06-07T17:42:53Z
2026-06-07T17:41:56Z,2026-06-07T19:41:56+0200,9fbaedea-27ef-4990-85cf-49287850296c,2026-05-23T22:00:00Z,2026-05-24T00:00:00+0200,92.71,EUR/MWh,FR,FR,imbalance_price,Long,2026-06-07T17:42:53Z
2026-06-07T17:41:56Z,2026-06-07T19:41:56+0200,9fbaedea-27ef-4990-85cf-49287850296c,2026-05-23T22:00:00Z,2026-05-24T00:00:00+0200,109.85,EUR/MWh,FR,FR,imbalance_price,Short,2026-06-07T17:42:53Z
2026-06-07T17:41:56Z,2026-06-07T19:41:56+0200,9fbaedea-27ef-4990-85cf-49287850296c,2026-05-23T22:15:00Z,2026-05-24T00:15:00+0200,87.42,EUR/MWh,FR,FR,imbalance_price,Long,2026-06-07T17:42:53Z
2026-06-07T17:41:56Z,2026-06-07T19:41:56+0200,9fbaedea-27ef-4990-85cf-49287850296c,2026-05-23T22:15:00Z,2026-05-24T00:15:00+0200,103.58,EUR/MWh,FR,FR,imbalance_price,Short,2026-06-07T17:42:53Z
2026-06-07T17:41:56Z,2026-06-07T19:41:56+0200,9fbaedea-27ef-4990-85cf-49287850296c,2026-05-23T22:30:00Z,2026-05-24T00:30:00+0200,88.35,EUR/MWh,FR,FR,imbalance_price,Long,2026-06-07T17:42:53Z
2026-06-07T17:41:56Z,2026-06-07T19:41:56+0200,9fbaedea-27ef-4990-85cf-49287850296c,2026-05-23T22:30:00Z,2026-05-24T00:30:00+0200,104.67,EUR/MWh,FR,FR,imbalance_price,Short,2026-06-07T17:42:53Z
2026-06-07T17:41:56Z,2026-06-07T19:41:56+0200,9fbaedea-27ef-4990-85cf-49287850296c,2026-05-23T22:45:00Z,2026-05-24T00:45:00+0200,97.95,EUR/MWh,FR,FR,imbalance_price,Long,2026-06-07T17:42:53Z
2026-06-07T17:41:56Z,2026-06-07T19:41:56+0200,9fbaedea-27ef-4990-85cf-49287850296c,2026-05-23T22:45:00Z,2026-05-24T00:45:00+0200,116.05,EUR/MWh,FR,FR,imbalance_price,Short,2026-06-07T17:42:53Z
2026-06-07T17:41:56Z,2026-06-07T19:41:56+0200,9fbaedea-27ef-4990-85cf-49287850296c,2026-05-23T23:00:00Z,2026-05-24T01:00:00+0200,106.71,EUR/MWh,FR,FR,imbalance_price,Long,2026-06-07T17:42:53Z
2026-06-07T17:41:56Z,2026-06-07T19:41:56+0200,9fbaedea-27ef-4990-85cf-49287850296c,2026-05-23T23:00:00Z,2026-05-24T01:00:00+0200,126.43,EUR/MWh,FR,FR,imbalance_price,Short,2026-06-07T17:42:53Z
2026-06-07T17:41:56Z,2026-06-07T19:41:56+0200,9fbaedea-27ef-4990-85cf-49287850296c,2026-05-23T23:15:00Z,2026-05-24T01:15:00+0200,-4.49,EUR/MWh,FR,FR,imbalance_price,Long,2026-06-07T17:42:53Z
2026-06-07T17:41:56Z,2026-06-07T19:41:56+0200,9fbaedea-27ef-4990-85cf-49287850296c,2026-05-23T23:15:00Z,2026-05-24T01:15:00+0200,-3.79,EUR/MWh,FR,FR,imbalance_price,Short,2026-06-07T17:42:53Z
2026-06-07T17:41:56Z,2026-06-07T19:41:56+0200,9fbaedea-27ef-4990-85cf-49287850296c,2026-05-23T23:30:00Z,2026-05-24T01:30:00+0200,59.92,EUR/MWh,FR,FR,imbalance_price,Long,2026-06-07T17:42:53Z
2026-06-07T17:41:56Z,2026-06-07T19:41:56+0200,9fbaedea-27ef-4990-85cf-49287850296c,2026-05-23T23:30:00Z,2026-05-24T01:30:00+0200,71.0,EUR/MWh,FR,FR,imbalance_price,Short,2026-06-07T17:42:53Z
2026-06-07T17:41:56Z,2026-06-07T19:41:56+0200,9fbaedea-27ef-4990-85cf-49287850296c,2026-05-23T23:45:00Z,2026-05-24T01:45:00+0200,50.32,EUR/MWh,FR,FR,imbalance_price,Long,2026-06-07T17:42:53Z
2026-06-07T17:41:56Z,2026-06-07T19:41:56+0200,9fbaedea-27ef-4990-85cf-49287850296c,2026-05-23T23:45:00Z,2026-05-24T01:45:00+0200,59.62,EUR/MWh,FR,FR,imbalance_price,Short,2026-06-07T17:42:53Z
2026-06-07T17:41:56Z,2026-06-07T19:41:56+0200,9fbaedea-27ef-4990-85cf-49287850296c,2026-05-24T00:00:00Z,2026-05-24T02:00:00+0200,42.55,EUR/MWh,FR,FR,imbalance_price,Long,2026-06-07T17:42:53Z
2026-06-07T17:41:56Z,2026-06-07T19:41:56+0200,9fbaedea-27ef-4990-85cf-49287850296c,2026-05-24T00:00:00Z,2026-05-24T02:00:00+0200,50.41,EUR/MWh,FR,FR,imbalance_price,Short,2026-06-07T17:42:53Z
2026-06-07T17:41:56Z,2026-06-07T19:41:56+0200,9fbaedea-27ef-4990-85cf-49287850296c,2026-05-24T00:15:00Z,2026-05-24T02:15:00+0200,-4.99,EUR/MWh,FR,FR,imbalance_price,Long,2026-06-07T17:42:53Z
2026-06-07T17:41:56Z,2026-06-07T19:41:56+0200,9fbaedea-27ef-4990-85cf-49287850296c,2026-05-24T00:15:00Z,2026-05-24T02:15:00+0200,-4.21,EUR/MWh,FR,FR,imbalance_price,Short,2026-06-07T17:42:53Z
2026-06-07T17:41:56Z,2026-06-07T19:41:56+0200,9fbaedea-27ef-4990-85cf-49287850296c,2026-05-24T00:30:00Z,2026-05-24T02:30:00+0200,41.88,EUR/MWh,FR,FR,imbalance_price,Long,2026-06-07T17:42:53Z
2026-06-07T17:41:56Z,2026-06-07T19:41:56+0200,9fbaedea-27ef-4990-85cf-49287850296c,2026-05-24T00:30:00Z,2026-05-24T02:30:00+0200,49.62,EUR/MWh,FR,FR,imbalance_price,Short,2026-06-07T17:42:53Z
2026-06-07T17:41:56Z,2026-06-07T19:41:56+0200,9fbaedea-27ef-4990-85cf-49287850296c,2026-05-24T00:45:00Z,2026-05-24T02:45:00+0200,-30.73,EUR/MWh,FR,FR,imbalance_price,Long,2026-06-07T17:42:53Z
2026-06-07T17:41:56Z,2026-06-07T19:41:56+0200,9fbaedea-27ef-4990-85cf-49287850296c,2026-05-24T00:45:00Z,2026-05-24T02:45:00+0200,-25.93,EUR/MWh,FR,FR,imbalance_price,Short,2026-06-07T17:42:53Z
2026-06-07T17:41:56Z,2026-06-07T19:41:56+0200,9fbaedea-27ef-4990-85cf-49287850296c,2026-05-24T01:00:00Z,2026-05-24T03:00:00+0200,1.02,EUR/MWh,FR,FR,imbalance_price,Long,2026-06-07T17:42:53Z
2026-06-07T17:41:56Z,2026-06-07T19:41:56+0200,9fbaedea-27ef-4990-85cf-49287850296c,2026-05-24T01:00:00Z,2026-05-24T03:00:00+0200,1.2,EUR/MWh,FR,FR,imbalance_price,Short,2026-06-07T17:42:53Z
2026-06-07T17:41:56Z,2026-06-07T19:41:56+0200,9fbaedea-27ef-4990-85cf-49287850296c,2026-05-24T01:15:00Z,2026-05-24T03:15:00+0200,19.6,EUR/MWh,FR,FR,imbalance_price,Long,2026-06-07T17:42:53Z
2026-06-07T17:41:56Z,2026-06-07T19:41:56+0200,9fbaedea-27ef-4990-85cf-49287850296c,2026-05-24T01:15:00Z,2026-05-24T03:15:00+0200,23.22,EUR/MWh,FR,FR,imbalance_price,Short,2026-06-07T17:42:53Z
2026-06-07T17:41:56Z,2026-06-07T19:41:56+0200,9fbaedea-27ef-4990-85cf-49287850296c,2026-05-24T01:30:00Z,2026-05-24T03:30:00+0200,-3.76,EUR/MWh,FR,FR,imbalance_price,Long,2026-06-07T17:42:53Z
2026-06-07T17:41:56Z,2026-06-07T19:41:56+0200,9fbaedea-27ef-4990-85cf-49287850296c,2026-05-24T01:30:00Z,2026-05-24T03:30:00+0200,-3.18,EUR/MWh,FR,FR,imbalance_price,Short,2026-06-07T17:42:53Z
2026-06-07T17:41:56Z,2026-06-07T19:41:56+0200,9fbaedea-27ef-4990-85cf-49287850296c,2026-05-24T01:45:00Z,2026-05-24T03:45:00+0200,-37.1,EUR/MWh,FR,FR,imbalance_price,Long,2026-06-07T17:42:53Z
2026-06-07T17:41:56Z,2026-06-07T19:41:56+0200,9fbaedea-27ef-4990-85cf-49287850296c,2026-05-24T01:45:00Z,2026-05-24T03:45:00+0200,-31.32,EUR/MWh,FR,FR,imbalance_price,Short,2026-06-07T17:42:53Z
2026-06-07T17:41:56Z,2026-06-07T19:41:56+0200,9fbaedea-27ef-4990-85cf-49287850296c,2026-05-24T02:00:00Z,2026-05-24T04:00:00+0200,-44.73,EUR/MWh,FR,FR,imbalance_price,Long,2026-06-07T17:42:53Z
2026-06-07T17:41:56Z,2026-06-07T19:41:56+0200,9fbaedea-27ef-4990-85cf-49287850296c,2026-05-24T02:00:00Z,2026-05-24T04:00:00+0200,-37.75,EUR/MWh,FR,FR,imbalance_price,Short,2026-06-07T17:42:53Z
2026-06-07T17:41:56Z,2026-06-07T19:41:56+0200,9fbaedea-27ef-4990-85cf-49287850296c,2026-05-24T02:15:00Z,2026-05-24T04:15:00+0200,-172.55,EUR/MWh,FR,FR,imbalance_price,Long,2026-06-07T17:42:53Z
2026-06-07T17:41:56Z,2026-06-07T19:41:56+0200,9fbaedea-27ef-4990-85cf-49287850296c,2026-05-24T02:15:00Z,2026-05-24T04:15:00+0200,-145.63,EUR/MWh,FR,FR,imbalance_price,Short,2026-06-07T17:42:53Z
2026-06-07T17:41:56Z,2026-06-07T19:41:56+0200,9fbaedea-27ef-4990-85cf-49287850296c,2026-05-24T02:30:00Z,2026-05-24T04:30:00+0200,-8.89,EUR/MWh,FR,FR,imbalance_price,Long,2026-06-07T17:42:53Z
2026-06-07T17:41:56Z,2026-06-07T19:41:56+0200,9fbaedea-27ef-4990-85cf-49287850296c,2026-05-24T02:30:00Z,2026-05-24T04:30:00+0200,-7.51,EUR/MWh,FR,FR,imbalance_price,Short,2026-06-07T17:42:53Z
2026-06-07T17:41:56Z,2026-06-07T19:41:56+0200,9fbaedea-27ef-4990-85cf-49287850296c,2026-05-24T02:45:00Z,2026-05-24T04:45:00+0200,12.64,EUR/MWh,FR,FR,imbalance_price,Long,2026-06-07T17:42:53Z
2026-06-07T17:41:56Z,2026-06-07T19:41:56+0200,9fbaedea-27ef-4990-85cf-49287850296c,2026-05-24T02:45:00Z,2026-05-24T04:45:00+0200,14.98,EUR/MWh,FR,FR,imbalance_price,Short,2026-06-07T17:42:53Z
2026-06-07T17:41:56Z,2026-06-07T19:41:56+0200,9fbaedea-27ef-4990-85cf-49287850296c,2026-05-24T03:00:00Z,2026-05-24T05:00:00+0200,9.64,EUR/MWh,FR,FR,imbalance_price,Long,2026-06-07T17:42:53Z
2026-06-07T17:41:56Z,2026-06-07T19:41:56+0200,9fbaedea-27ef-4990-85cf-49287850296c,2026-05-24T03:00:00Z,2026-05-24T05:00:00+0200,11.42,EUR/MWh,FR,FR,imbalance_price,Short,2026-06-07T17:42:53Z
2026-06-07T17:41:56Z,2026-06-07T19:41:56+0200,9fbaedea-27ef-4990-85cf-49287850296c,2026-05-24T03:15:00Z,2026-05-24T05:15:00+0200,7.64,EUR/MWh,FR,FR,imbalance_price,Long,2026-06-07T17:42:53Z
2026-06-07T17:41:56Z,2026-06-07T19:41:56+0200,9fbaedea-27ef-4990-85cf-49287850296c,2026-05-24T03:15:00Z,2026-05-24T05:15:00+0200,9.06,EUR/MWh,FR,FR,imbalance_price,Short,2026-06-07T17:42:53Z
2026-06-07T17:41:56Z,2026-06-07T19:41:56+0200,9fbaedea-27ef-4990-85cf-49287850296c,2026-05-24T03:30:00Z,2026-05-24T05:30:00+0200,22.59,EUR/MWh,FR,FR,imbalance_price,Long,2026-06-07T17:42:53Z
2026-06-07T17:41:56Z,2026-06-07T19:41:56+0200,9fbaedea-27ef-4990-85cf-49287850296c,2026-05-24T03:30:00Z,2026-05-24T05:30:00+0200,26.77,EUR/MWh,FR,FR,imbalance_price,Short,2026-06-07T17:42:53Z
2026-06-07T17:41:56Z,2026-06-07T19:41:56+0200,9fbaedea-27ef-4990-85cf-49287850296c,2026-05-24T03:45:00Z,2026-05-24T05:45:00+0200,1.76,EUR/MWh,FR,FR,imbalance_price,Long,2026-06-07T17:42:53Z
2026-06-07T17:41:56Z,2026-06-07T19:41:56+0200,9fbaedea-27ef-4990-85cf-49287850296c,2026-05-24T03:45:00Z,2026-05-24T05:45:00+0200,2.08,EUR/MWh,FR,FR,imbalance_price,Short,2026-06-07T17:42:53Z
2026-06-07T17:41:56Z,2026-06-07T19:41:56+0200,9fbaedea-27ef-4990-85cf-49287850296c,2026-05-24T04:00:00Z,2026-05-24T06:00:00+0200,17.06,EUR/MWh,FR,FR,imbalance_price,Long,2026-06-07T17:42:53Z
2026-06-07T17:41:56Z,2026-06-07T19:41:56+0200,9fbaedea-27ef-4990-85cf-49287850296c,2026-05-24T04:00:00Z,2026-05-24T06:00:00+0200,20.22,EUR/MWh,FR,FR,imbalance_price,Short,2026-06-07T17:42:53Z
2026-06-07T17:41:56Z,2026-06-07T19:41:56+0200,9fbaedea-27ef-4990-85cf-49287850296c,2026-05-24T04:15:00Z,2026-05-24T06:15:00+0200,13.95,EUR/MWh,FR,FR,imbalance_price,Long,2026-06-07T17:42:53Z
2026-06-07T17:41:56Z,2026-06-07T19:41:56+0200,9fbaedea-27ef-4990-85cf-49287850296c,2026-05-24T04:15:00Z,2026-05-24T06:15:00+0200,16.53,EUR/MWh,FR,FR,imbalance_price,Short,2026-06-07T17:42:53Z
2026-06-07T17:41:56Z,2026-06-07T19:41:56+0200,9fbaedea-27ef-4990-85cf-49287850296c,2026-05-24T04:30:00Z,2026-05-24T06:30:00+0200,45.55,EUR/MWh,FR,FR,imbalance_price,Long,2026-06-07T17:42:53Z
2026-06-07T17:41:56Z,2026-06-07T19:41:56+0200,9fbaedea-27ef-4990-85cf-49287850296c,2026-05-24T04:30:00Z,2026-05-24T06:30:00+0200,53.97,EUR/MWh,FR,FR,imbalance_price,Short,2026-06-07T17:42:53Z
2026-06-07T17:41:56Z,2026-06-07T19:41:56+0200,9fbaedea-27ef-4990-85cf-49287850296c,2026-05-24T04:45:00Z,2026-05-24T06:45:00+0200,39.77,EUR/MWh,FR,FR,imbalance_price,Long,2026-06-07T17:42:53Z
2026-06-07T17:41:56Z,2026-06-07T19:41:56+0200,9fbaedea-27ef-4990-85cf-49287850296c,2026-05-24T04:45:00Z,2026-05-24T06:45:00+0200,47.13,EUR/MWh,FR,FR,imbalance_price,Short,2026-06-07T17:42:53Z
2026-06-07T17:41:56Z,2026-06-07T19:41:56+0200,9fbaedea-27ef-4990-85cf-49287850296c,2026-05-24T05:00:00Z,2026-05-24T07:00:00+0200,6.68,EUR/MWh,FR,FR,imbalance_price,Long,2026-06-07T17:42:53Z
2026-06-07T17:41:56Z,2026-06-07T19:41:56+0200,9fbaedea-27ef-4990-85cf-49287850296c,2026-05-24T05:00:00Z,2026-05-24T07:00:00+0200,7.92,EUR/MWh,FR,FR,imbalance_price,Short,2026-06-07T17:42:53Z
2026-06-07T17:41:56Z,2026-06-07T19:41:56+0200,9fbaedea-27ef-4990-85cf-49287850296c,2026-05-24T05:15:00Z,2026-05-24T07:15:00+0200,31.12,EUR/MWh,FR,FR,imbalance_price,Long,2026-06-07T17:42:53Z
2026-06-07T17:41:56Z,2026-06-07T19:41:56+0200,9fbaedea-27ef-4990-85cf-49287850296c,2026-05-24T05:15:00Z,2026-05-24T07:15:00+0200,36.88,EUR/MWh,FR,FR,imbalance_price,Short,2026-06-07T17:42:53Z
2026-06-07T17:41:56Z,2026-06-07T19:41:56+0200,9fbaedea-27ef-4990-85cf-49287850296c,2026-05-24T05:30:00Z,2026-05-24T07:30:00+0200,26.58,EUR/MWh,FR,FR,imbalance_price,Long,2026-06-07T17:42:53Z
2026-06-07T17:41:56Z,2026-06-07T19:41:56+0200,9fbaedea-27ef-4990-85cf-49287850296c,2026-05-24T05:30:00Z,2026-05-24T07:30:00+0200,31.5,EUR/MWh,FR,FR,imbalance_price,Short,2026-06-07T17:42:53Z
2026-06-07T17:41:56Z,2026-06-07T19:41:56+0200,9fbaedea-27ef-4990-85cf-49287850296c,2026-05-24T05:45:00Z,2026-05-24T07:45:00+0200,-184.03,EUR/MWh,FR,FR,imbalance_price,Long,2026-06-07T17:42:53Z
2026-06-07T17:41:56Z,2026-06-07T19:41:56+0200,9fbaedea-27ef-4990-85cf-49287850296c,2026-05-24T05:45:00Z,2026-05-24T07:45:00+0200,-155.33,EUR/MWh,FR,FR,imbalance_price,Short,2026-06-07T17:42:53Z
2026-06-07T17:41:56Z,2026-06-07T19:41:56+0200,9fbaedea-27ef-4990-85cf-49287850296c,2026-05-24T06:00:00Z,2026-05-24T08:00:00+0200,-83.67,EUR/MWh,FR,FR,imbalance_price,Long,2026-06-07T17:42:53Z
2026-06-07T17:41:56Z,2026-06-07T19:41:56+0200,9fbaedea-27ef-4990-85cf-49287850296c,2026-05-24T06:00:00Z,2026-05-24T08:00:00+0200,-70.61,EUR/MWh,FR,FR,imbalance_price,Short,2026-06-07T17:42:53Z
2026-06-07T17:41:56Z,2026-06-07T19:41:56+0200,9fbaedea-27ef-4990-85cf-49287850296c,2026-05-24T06:15:00Z,2026-05-24T08:15:00+0200,-35.01,EUR/MWh,FR,FR,imbalance_price,Long,2026-06-07T17:42:53Z
2026-06-07T17:41:56Z,2026-06-07T19:41:56+0200,9fbaedea-27ef-4990-85cf-49287850296c,2026-05-24T06:15:00Z,2026-05-24T08:15:00+0200,-29.55,EUR/MWh,FR,FR,imbalance_price,Short,2026-06-07T17:42:53Z
2026-06-07T17:41:56Z,2026-06-07T19:41:56+0200,9fbaedea-27ef-4990-85cf-49287850296c,2026-05-24T06:30:00Z,2026-05-24T08:30:00+0200,-1.03,EUR/MWh,FR,FR,imbalance_price,Long,2026-06-07T17:42:53Z
2026-06-07T17:41:56Z,2026-06-07T19:41:56+0200,9fbaedea-27ef-4990-85cf-49287850296c,2026-05-24T06:30:00Z,2026-05-24T08:30:00+0200,-0.87,EUR/MWh,FR,FR,imbalance_price,Short,2026-06-07T17:42:53Z
2026-06-07T17:41:56Z,2026-06-07T19:41:56+0200,9fbaedea-27ef-4990-85cf-49287850296c,2026-05-24T06:45:00Z,2026-05-24T08:45:00+0200,-13.32,EUR/MWh,FR,FR,imbalance_price,Long,2026-06-07T17:42:53Z
2026-06-07T17:41:56Z,2026-06-07T19:41:56+0200,9fbaedea-27ef-4990-85cf-49287850296c,2026-05-24T06:45:00Z,2026-05-24T08:45:00+0200,-11.24,EUR/MWh,FR,FR,imbalance_price,Short,2026-06-07T17:42:53Z
2026-06-07T17:41:56Z,2026-06-07T19:41:56+0200,9fbaedea-27ef-4990-85cf-49287850296c,2026-05-24T07:00:00Z,2026-05-24T09:00:00+0200,-19.26,EUR/MWh,FR,FR,imbalance_price,Long,2026-06-07T17:42:53Z
2026-06-07T17:41:56Z,2026-06-07T19:41:56+0200,9fbaedea-27ef-4990-85cf-49287850296c,2026-05-24T07:00:00Z,2026-05-24T09:00:00+0200,-16.26,EUR/MWh,FR,FR,imbalance_price,Short,2026-06-07T17:42:53Z
2026-06-07T17:41:56Z,2026-06-07T19:41:56+0200,9fbaedea-27ef-4990-85cf-49287850296c,2026-05-24T07:15:00Z,2026-05-24T09:15:00+0200,-23.84,EUR/MWh,FR,FR,imbalance_price,Long,2026-06-07T17:42:53Z
2026-06-07T17:41:56Z,2026-06-07T19:41:56+0200,9fbaedea-27ef-4990-85cf-49287850296c,2026-05-24T07:15:00Z,2026-05-24T09:15:00+0200,-20.12,EUR/MWh,FR,FR,imbalance_price,Short,2026-06-07T17:42:53Z
2026-06-07T17:41:56Z,2026-06-07T19:41:56+0200,9fbaedea-27ef-4990-85cf-49287850296c,2026-05-24T07:30:00Z,2026-05-24T09:30:00+0200,29.81,EUR/MWh,FR,FR,imbalance_price,Long,2026-06-07T17:42:53Z
2026-06-07T17:41:56Z,2026-06-07T19:41:56+0200,9fbaedea-27ef-4990-85cf-49287850296c,2026-05-24T07:30:00Z,2026-05-24T09:30:00+0200,35.33,EUR/MWh,FR,FR,imbalance_price,Short,2026-06-07T17:42:53Z
2026-06-07T17:41:56Z,2026-06-07T19:41:56+0200,9fbaedea-27ef-4990-85cf-49287850296c,2026-05-24T07:45:00Z,2026-05-24T09:45:00+0200,-21.07,EUR/MWh,FR,FR,imbalance_price,Long,2026-06-07T17:42:53Z
2026-06-07T17:41:56Z,2026-06-07T19:41:56+0200,9fbaedea-27ef-4990-85cf-49287850296c,2026-05-24T07:45:00Z,2026-05-24T09:45:00+0200,-17.79,EUR/MWh,FR,FR,imbalance_price,Short,2026-06-07T17:42:53Z
2026-06-07T17:41:56Z,2026-06-07T19:41:56+0200,9fbaedea-27ef-4990-85cf-49287850296c,2026-05-24T08:00:00Z,2026-05-24T10:00:00+0200,-17.17,EUR/MWh,FR,FR,imbalance_price,Long,2026-06-07T17:42:53Z
2026-06-07T17:41:56Z,2026-06-07T19:41:56+0200,9fbaedea-27ef-4990-85cf-49287850296c,2026-05-24T08:00:00Z,2026-05-24T10:00:00+0200,-14.49,EUR/MWh,FR,FR,imbalance_price,Short,2026-06-07T17:42:53Z
2026-06-07T17:41:56Z,2026-06-07T19:41:56+0200,9fbaedea-27ef-4990-85cf-49287850296c,2026-05-24T08:15:00Z,2026-05-24T10:15:00+0200,-18.22,EUR/MWh,FR,FR,imbalance_price,Long,2026-06-07T17:42:53Z
2026-06-07T17:41:56Z,2026-06-07T19:41:56+0200,9fbaedea-27ef-4990-85cf-49287850296c,2026-05-24T08:15:00Z,2026-05-24T10:15:00+0200,-15.38,EUR/MWh,FR,FR,imbalance_price,Short,2026-06-07T17:42:53Z
2026-06-07T17:41:56Z,2026-06-07T19:41:56+0200,9fbaedea-27ef-4990-85cf-49287850296c,2026-05-24T08:30:00Z,2026-05-24T10:30:00+0200,-25.51,EUR/MWh,FR,FR,imbalance_price,Long,2026-06-07T17:42:53Z
2026-06-07T17:41:56Z,2026-06-07T19:41:56+0200,9fbaedea-27ef-4990-85cf-49287850296c,2026-05-24T08:30:00Z,2026-05-24T10:30:00+0200,-21.53,EUR/MWh,FR,FR,imbalance_price,Short,2026-06-07T17:42:53Z
2026-06-07T17:41:56Z,2026-06-07T19:41:56+0200,9fbaedea-27ef-4990-85cf-49287850296c,2026-05-24T08:45:00Z,2026-05-24T10:45:00+0200,-22.08,EUR/MWh,FR,FR,imbalance_price,Long,2026-06-07T17:42:53Z
2026-06-07T17:41:56Z,2026-06-07T19:41:56+0200,9fbaedea-27ef-4990-85cf-49287850296c,2026-05-24T08:45:00Z,2026-05-24T10:45:00+0200,-18.64,EUR/MWh,FR,FR,imbalance_price,Short,2026-06-07T17:42:53Z
2026-06-07T17:41:56Z,2026-06-07T19:41:56+0200,9fbaedea-27ef-4990-85cf-49287850296c,2026-05-24T09:00:00Z,2026-05-24T11:00:00+0200,-24.57,EUR/MWh,FR,FR,imbalance_price,Long,2026-06-07T17:42:53Z
2026-06-07T17:41:56Z,2026-06-07T19:41:56+0200,9fbaedea-27ef-4990-85cf-49287850296c,2026-05-24T09:00:00Z,2026-05-24T11:00:00+0200,-20.73,EUR/MWh,FR,FR,imbalance_price,Short,2026-06-07T17:42:53Z
2026-06-07T17:41:56Z,2026-06-07T19:41:56+0200,9fbaedea-27ef-4990-85cf-49287850296c,2026-05-24T09:15:00Z,2026-05-24T11:15:00+0200,-26.59,EUR/MWh,FR,FR,imbalance_price,Long,2026-06-07T17:42:53Z
2026-06-07T17:41:56Z,2026-06-07T19:41:56+0200,9fbaedea-27ef-4990-85cf-49287850296c,2026-05-24T09:15:00Z,2026-05-24T11:15:00+0200,-22.45,EUR/MWh,FR,FR,imbalance_price,Short,2026-06-07T17:42:53Z
2026-06-07T17:41:56Z,2026-06-07T19:41:56+0200,9fbaedea-27ef-4990-85cf-49287850296c,2026-05-24T09:30:00Z,2026-05-24T11:30:00+0200,-27.95,EUR/MWh,FR,FR,imbalance_price,Long,2026-06-07T17:42:53Z
2026-06-07T17:41:56Z,2026-06-07T19:41:56+0200,9fbaedea-27ef-4990-85cf-49287850296c,2026-05-24T09:30:00Z,2026-05-24T11:30:00+0200,-23.59,EUR/MWh,FR,FR,imbalance_price,Short,2026-06-07T17:42:53Z
2026-06-07T17:41:56Z,2026-06-07T19:41:56+0200,9fbaedea-27ef-4990-85cf-49287850296c,2026-05-24T09:45:00Z,2026-05-24T11:45:00+0200,-22.94,EUR/MWh,FR,FR,imbalance_price,Long,2026-06-07T17:42:53Z
2026-06-07T17:41:56Z,2026-06-07T19:41:56+0200,9fbaedea-27ef-4990-85cf-49287850296c,2026-05-24T09:45:00Z,2026-05-24T11:45:00+0200,-19.36,EUR/MWh,FR,FR,imbalance_price,Short,2026-06-07T17:42:53Z
2026-06-07T17:41:56Z,2026-06-07T19:41:56+0200,9fbaedea-27ef-4990-85cf-49287850296c,2026-05-24T10:00:00Z,2026-05-24T12:00:00+0200,-26.44,EUR/MWh,FR,FR,imbalance_price,Long,2026-06-07T17:42:53Z
2026-06-07T17:41:56Z,2026-06-07T19:41:56+0200,9fbaedea-27ef-4990-85cf-49287850296c,2026-05-24T10:00:00Z,2026-05-24T12:00:00+0200,-22.32,EUR/MWh,FR,FR,imbalance_price,Short,2026-06-07T17:42:53Z
2026-06-07T17:41:56Z,2026-06-07T19:41:56+0200,9fbaedea-27ef-4990-85cf-49287850296c,2026-05-24T10:15:00Z,2026-05-24T12:15:00+0200,-37.13,EUR/MWh,FR,FR,imbalance_price,Long,2026-06-07T17:42:53Z
2026-06-07T17:41:56Z,2026-06-07T19:41:56+0200,9fbaedea-27ef-4990-85cf-49287850296c,2026-05-24T10:15:00Z,2026-05-24T12:15:00+0200,-31.33,EUR/MWh,FR,FR,imbalance_price,Short,2026-06-07T17:42:53Z
2026-06-07T17:41:56Z,2026-06-07T19:41:56+0200,9fbaedea-27ef-4990-85cf-49287850296c,2026-05-24T10:30:00Z,2026-05-24T12:30:00+0200,-33.1,EUR/MWh,FR,FR,imbalance_price,Long,2026-06-07T17:42:53Z
2026-06-07T17:41:56Z,2026-06-07T19:41:56+0200,9fbaedea-27ef-4990-85cf-49287850296c,2026-05-24T10:30:00Z,2026-05-24T12:30:00+0200,-27.94,EUR/MWh,FR,FR,imbalance_price,Short,2026-06-07T17:42:53Z
2026-06-07T17:41:56Z,2026-06-07T19:41:56+0200,9fbaedea-27ef-4990-85cf-49287850296c,2026-05-24T10:45:00Z,2026-05-24T12:45:00+0200,-69.46,EUR/MWh,FR,FR,imbalance_price,Long,2026-06-07T17:42:53Z
2026-06-07T17:41:56Z,2026-06-07T19:41:56+0200,9fbaedea-27ef-4990-85cf-49287850296c,2026-05-24T10:45:00Z,2026-05-24T12:45:00+0200,-58.62,EUR/MWh,FR,FR,imbalance_price,Short,2026-06-07T17:42:53Z
2026-06-07T17:41:56Z,2026-06-07T19:41:56+0200,9fbaedea-27ef-4990-85cf-49287850296c,2026-05-24T11:00:00Z,2026-05-24T13:00:00+0200,-71.45,EUR/MWh,FR,FR,imbalance_price,Long,2026-06-07T17:42:53Z
2026-06-07T17:41:56Z,2026-06-07T19:41:56+0200,9fbaedea-27ef-4990-85cf-49287850296c,2026-05-24T11:00:00Z,2026-05-24T13:00:00+0200,-60.31,EUR/MWh,FR,FR,imbalance_price,Short,2026-06-07T17:42:53Z
2026-06-07T17:41:56Z,2026-06-07T19:41:56+0200,9fbaedea-27ef-4990-85cf-49287850296c,2026-05-24T11:15:00Z,2026-05-24T13:15:00+0200,-101.2,EUR/MWh,FR,FR,imbalance_price,Long,2026-06-07T17:42:53Z
2026-06-07T17:41:56Z,2026-06-07T19:41:56+0200,9fbaedea-27ef-4990-85cf-49287850296c,2026-05-24T11:15:00Z,2026-05-24T13:15:00+0200,-85.42,EUR/MWh,FR,FR,imbalance_price,Short,2026-06-07T17:42:53Z
2026-06-07T17:41:56Z,2026-06-07T19:41:56+0200,9fbaedea-27ef-4990-85cf-49287850296c,2026-05-24T11:30:00Z,2026-05-24T13:30:00+0200,-97.35,EUR/MWh,FR,FR,imbalance_price,Long,2026-06-07T17:42:53Z
2026-06-07T17:41:56Z,2026-06-07T19:41:56+0200,9fbaedea-27ef-4990-85cf-49287850296c,2026-05-24T11:30:00Z,2026-05-24T13:30:00+0200,-82.17,EUR/MWh,FR,FR,imbalance_price,Short,2026-06-07T17:42:53Z
2026-06-07T17:41:56Z,2026-06-07T19:41:56+0200,9fbaedea-27ef-4990-85cf-49287850296c,2026-05-24T11:45:00Z,2026-05-24T13:45:00+0200,-100.85,EUR/MWh,FR,FR,imbalance_price,Long,2026-06-07T17:42:53Z
2026-06-07T17:41:56Z,2026-06-07T19:41:56+0200,9fbaedea-27ef-4990-85cf-49287850296c,2026-05-24T11:45:00Z,2026-05-24T13:45:00+0200,-85.11,EUR/MWh,FR,FR,imbalance_price,Short,2026-06-07T17:42:53Z
2026-06-07T17:41:56Z,2026-06-07T19:41:56+0200,9fbaedea-27ef-4990-85cf-49287850296c,2026-05-24T12:00:00Z,2026-05-24T14:00:00+0200,-79.22,EUR/MWh,FR,FR,imbalance_price,Long,2026-06-07T17:42:53Z
2026-06-07T17:41:56Z,2026-06-07T19:41:56+0200,9fbaedea-27ef-4990-85cf-49287850296c,2026-05-24T12:00:00Z,2026-05-24T14:00:00+0200,-66.86,EUR/MWh,FR,FR,imbalance_price,Short,2026-06-07T17:42:53Z
2026-06-07T17:41:56Z,2026-06-07T19:41:56+0200,9fbaedea-27ef-4990-85cf-49287850296c,2026-05-24T12:15:00Z,2026-05-24T14:15:00+0200,-88.43,EUR/MWh,FR,FR,imbalance_price,Long,2026-06-07T17:42:53Z
2026-06-07T17:41:56Z,2026-06-07T19:41:56+0200,9fbaedea-27ef-4990-85cf-49287850296c,2026-05-24T12:15:00Z,2026-05-24T14:15:00+0200,-74.63,EUR/MWh,FR,FR,imbalance_price,Short,2026-06-07T17:42:53Z
2026-06-07T17:41:56Z,2026-06-07T19:41:56+0200,9fbaedea-27ef-4990-85cf-49287850296c,2026-05-24T12:30:00Z,2026-05-24T14:30:00+0200,-89.5,EUR/MWh,FR,FR,imbalance_price,Long,2026-06-07T17:42:53Z
2026-06-07T17:41:56Z,2026-06-07T19:41:56+0200,9fbaedea-27ef-4990-85cf-49287850296c,2026-05-24T12:30:00Z,2026-05-24T14:30:00+0200,-75.54,EUR/MWh,FR,FR,imbalance_price,Short,2026-06-07T17:42:53Z
2026-06-07T17:41:56Z,2026-06-07T19:41:56+0200,9fbaedea-27ef-4990-85cf-49287850296c,2026-05-24T12:45:00Z,2026-05-24T14:45:00+0200,-85.15,EUR/MWh,FR,FR,imbalance_price,Long,2026-06-07T17:42:53Z
2026-06-07T17:41:56Z,2026-06-07T19:41:56+0200,9fbaedea-27ef-4990-85cf-49287850296c,2026-05-24T12:45:00Z,2026-05-24T14:45:00+0200,-71.87,EUR/MWh,FR,FR,imbalance_price,Short,2026-06-07T17:42:53Z
2026-06-07T17:41:56Z,2026-06-07T19:41:56+0200,9fbaedea-27ef-4990-85cf-49287850296c,2026-05-24T13:00:00Z,2026-05-24T15:00:00+0200,-96.06,EUR/MWh,FR,FR,imbalance_price,Long,2026-06-07T17:42:53Z
2026-06-07T17:41:56Z,2026-06-07T19:41:56+0200,9fbaedea-27ef-4990-85cf-49287850296c,2026-05-24T13:00:00Z,2026-05-24T15:00:00+0200,-81.08,EUR/MWh,FR,FR,imbalance_price,Short,2026-06-07T17:42:53Z
2026-06-07T17:41:56Z,2026-06-07T19:41:56+0200,9fbaedea-27ef-4990-85cf-49287850296c,2026-05-24T13:15:00Z,2026-05-24T15:15:00+0200,-92.81,EUR/MWh,FR,FR,imbalance_price,Long,2026-06-07T17:42:53Z
2026-06-07T17:41:56Z,2026-06-07T19:41:56+0200,9fbaedea-27ef-4990-85cf-49287850296c,2026-05-24T13:15:00Z,2026-05-24T15:15:00+0200,-78.33,EUR/MWh,FR,FR,imbalance_price,Short,2026-06-07T17:42:53Z
2026-06-07T17:41:56Z,2026-06-07T19:41:56+0200,9fbaedea-27ef-4990-85cf-49287850296c,2026-05-24T13:30:00Z,2026-05-24T15:30:00+0200,-99.01,EUR/MWh,FR,FR,imbalance_price,Long,2026-06-07T17:42:53Z
2026-06-07T17:41:56Z,2026-06-07T19:41:56+0200,9fbaedea-27ef-4990-85cf-49287850296c,2026-05-24T13:30:00Z,2026-05-24T15:30:00+0200,-83.57,EUR/MWh,FR,FR,imbalance_price,Short,2026-06-07T17:42:53Z
2026-06-07T17:41:56Z,2026-06-07T19:41:56+0200,9fbaedea-27ef-4990-85cf-49287850296c,2026-05-24T13:45:00Z,2026-05-24T15:45:00+0200,-92.65,EUR/MWh,FR,FR,imbalance_price,Long,2026-06-07T17:42:53Z
2026-06-07T17:41:56Z,2026-06-07T19:41:56+0200,9fbaedea-27ef-4990-85cf-49287850296c,2026-05-24T13:45:00Z,2026-05-24T15:45:00+0200,-78.19,EUR/MWh,FR,FR,imbalance_price,Short,2026-06-07T17:42:53Z
2026-06-07T17:41:56Z,2026-06-07T19:41:56+0200,9fbaedea-27ef-4990-85cf-49287850296c,2026-05-24T14:00:00Z,2026-05-24T16:00:00+0200,-53.72,EUR/MWh,FR,FR,imbalance_price,Long,2026-06-07T17:42:53Z
2026-06-07T17:41:56Z,2026-06-07T19:41:56+0200,9fbaedea-27ef-4990-85cf-49287850296c,2026-05-24T14:00:00Z,2026-05-24T16:00:00+0200,-45.34,EUR/MWh,FR,FR,imbalance_price,Short,2026-06-07T17:42:53Z
2026-06-07T17:41:56Z,2026-06-07T19:41:56+0200,9fbaedea-27ef-4990-85cf-49287850296c,2026-05-24T14:15:00Z,2026-05-24T16:15:00+0200,-0.08,EUR/MWh,FR,FR,imbalance_price,Long,2026-06-07T17:42:53Z
2026-06-07T17:41:56Z,2026-06-07T19:41:56+0200,9fbaedea-27ef-4990-85cf-49287850296c,2026-05-24T14:15:00Z,2026-05-24T16:15:00+0200,-0.06,EUR/MWh,FR,FR,imbalance_price,Short,2026-06-07T17:42:53Z
2026-06-07T17:41:56Z,2026-06-07T19:41:56+0200,9fbaedea-27ef-4990-85cf-49287850296c,2026-05-24T14:30:00Z,2026-05-24T16:30:00+0200,37.91,EUR/MWh,FR,FR,imbalance_price,Long,2026-06-07T17:42:53Z
2026-06-07T17:41:56Z,2026-06-07T19:41:56+0200,9fbaedea-27ef-4990-85cf-49287850296c,2026-05-24T14:30:00Z,2026-05-24T16:30:00+0200,44.91,EUR/MWh,FR,FR,imbalance_price,Short,2026-06-07T17:42:53Z
2026-06-07T17:41:56Z,2026-06-07T19:41:56+0200,9fbaedea-27ef-4990-85cf-49287850296c,2026-05-24T14:45:00Z,2026-05-24T16:45:00+0200,17.18,EUR/MWh,FR,FR,imbalance_price,Long,2026-06-07T17:42:53Z
2026-06-07T17:41:56Z,2026-06-07T19:41:56+0200,9fbaedea-27ef-4990-85cf-49287850296c,2026-05-24T14:45:00Z,2026-05-24T16:45:00+0200,20.36,EUR/MWh,FR,FR,imbalance_price,Short,2026-06-07T17:42:53Z
2026-06-07T17:41:56Z,2026-06-07T19:41:56+0200,9fbaedea-27ef-4990-85cf-49287850296c,2026-05-24T15:00:00Z,2026-05-24T17:00:00+0200,-46.76,EUR/MWh,FR,FR,imbalance_price,Long,2026-06-07T17:42:53Z
2026-06-07T17:41:56Z,2026-06-07T19:41:56+0200,9fbaedea-27ef-4990-85cf-49287850296c,2026-05-24T15:00:00Z,2026-05-24T17:00:00+0200,-39.46,EUR/MWh,FR,FR,imbalance_price,Short,2026-06-07T17:42:53Z
2026-06-07T17:41:56Z,2026-06-07T19:41:56+0200,9fbaedea-27ef-4990-85cf-49287850296c,2026-05-24T15:15:00Z,2026-05-24T17:15:00+0200,-107.03,EUR/MWh,FR,FR,imbalance_price,Long,2026-06-07T17:42:53Z
2026-06-07T17:41:56Z,2026-06-07T19:41:56+0200,9fbaedea-27ef-4990-85cf-49287850296c,2026-05-24T15:15:00Z,2026-05-24T17:15:00+0200,-90.33,EUR/MWh,FR,FR,imbalance_price,Short,2026-06-07T17:42:53Z
2026-06-07T17:41:56Z,2026-06-07T19:41:56+0200,9fbaedea-27ef-4990-85cf-49287850296c,2026-05-24T15:30:00Z,2026-05-24T17:30:00+0200,-171.24,EUR/MWh,FR,FR,imbalance_price,Long,2026-06-07T17:42:53Z
2026-06-07T17:41:56Z,2026-06-07T19:41:56+0200,9fbaedea-27ef-4990-85cf-49287850296c,2026-05-24T15:30:00Z,2026-05-24T17:30:00+0200,-144.52,EUR/MWh,FR,FR,imbalance_price,Short,2026-06-07T17:42:53Z
2026-06-07T17:41:56Z,2026-06-07T19:41:56+0200,9fbaedea-27ef-4990-85cf-49287850296c,2026-05-24T15:45:00Z,2026-05-24T17:45:00+0200,-169.94,EUR/MWh,FR,FR,imbalance_price,Long,2026-06-07T17:42:53Z
2026-06-07T17:41:56Z,2026-06-07T19:41:56+0200,9fbaedea-27ef-4990-85cf-49287850296c,2026-05-24T15:45:00Z,2026-05-24T17:45:00+0200,-143.42,EUR/MWh,FR,FR,imbalance_price,Short,2026-06-07T17:42:53Z
2026-06-07T17:41:56Z,2026-06-07T19:41:56+0200,9fbaedea-27ef-4990-85cf-49287850296c,2026-05-24T16:00:00Z,2026-05-24T18:00:00+0200,-163.58,EUR/MWh,FR,FR,imbalance_price,Long,2026-06-07T17:42:53Z
2026-06-07T17:41:56Z,2026-06-07T19:41:56+0200,9fbaedea-27ef-4990-85cf-49287850296c,2026-05-24T16:00:00Z,2026-05-24T18:00:00+0200,-138.06,EUR/MWh,FR,FR,imbalance_price,Short,2026-06-07T17:42:53Z
2026-06-07T17:41:56Z,2026-06-07T19:41:56+0200,9fbaedea-27ef-4990-85cf-49287850296c,2026-05-24T16:15:00Z,2026-05-24T18:15:00+0200,-155.65,EUR/MWh,FR,FR,imbalance_price,Long,2026-06-07T17:42:53Z
2026-06-07T17:41:56Z,2026-06-07T19:41:56+0200,9fbaedea-27ef-4990-85cf-49287850296c,2026-05-24T16:15:00Z,2026-05-24T18:15:00+0200,-131.37,EUR/MWh,FR,FR,imbalance_price,Short,2026-06-07T17:42:53Z
2026-06-07T17:41:56Z,2026-06-07T19:41:56+0200,9fbaedea-27ef-4990-85cf-49287850296c,2026-05-24T16:30:00Z,2026-05-24T18:30:00+0200,-142.23,EUR/MWh,FR,FR,imbalance_price,Long,2026-06-07T17:42:53Z
2026-06-07T17:41:56Z,2026-06-07T19:41:56+0200,9fbaedea-27ef-4990-85cf-49287850296c,2026-05-24T16:30:00Z,2026-05-24T18:30:00+0200,-120.05,EUR/MWh,FR,FR,imbalance_price,Short,2026-06-07T17:42:53Z
2026-06-07T17:41:56Z,2026-06-07T19:41:56+0200,9fbaedea-27ef-4990-85cf-49287850296c,2026-05-24T16:45:00Z,2026-05-24T18:45:00+0200,-142.4,EUR/MWh,FR,FR,imbalance_price,Long,2026-06-07T17:42:53Z
2026-06-07T17:41:56Z,2026-06-07T19:41:56+0200,9fbaedea-27ef-4990-85cf-49287850296c,2026-05-24T16:45:00Z,2026-05-24T18:45:00+0200,-120.18,EUR/MWh,FR,FR,imbalance_price,Short,2026-06-07T17:42:53Z
2026-06-07T17:41:56Z,2026-06-07T19:41:56+0200,9fbaedea-27ef-4990-85cf-49287850296c,2026-05-24T17:00:00Z,2026-05-24T19:00:00+0200,6.68,EUR/MWh,FR,FR,imbalance_price,Long,2026-06-07T17:42:53Z
2026-06-07T17:41:56Z,2026-06-07T19:41:56+0200,9fbaedea-27ef-4990-85cf-49287850296c,2026-05-24T17:00:00Z,2026-05-24T19:00:00+0200,7.92,EUR/MWh,FR,FR,imbalance_price,Short,2026-06-07T17:42:53Z
2026-06-07T17:41:56Z,2026-06-07T19:41:56+0200,9fbaedea-27ef-4990-85cf-49287850296c,2026-05-24T17:15:00Z,2026-05-24T19:15:00+0200,10.33,EUR/MWh,FR,FR,imbalance_price,Long,2026-06-07T17:42:53Z
2026-06-07T17:41:56Z,2026-06-07T19:41:56+0200,9fbaedea-27ef-4990-85cf-49287850296c,2026-05-24T17:15:00Z,2026-05-24T19:15:00+0200,12.23,EUR/MWh,FR,FR,imbalance_price,Short,2026-06-07T17:42:53Z
2026-06-07T17:41:56Z,2026-06-07T19:41:56+0200,9fbaedea-27ef-4990-85cf-49287850296c,2026-05-24T17:30:00Z,2026-05-24T19:30:00+0200,2.32,EUR/MWh,FR,FR,imbalance_price,Long,2026-06-07T17:42:53Z
2026-06-07T17:41:56Z,2026-06-07T19:41:56+0200,9fbaedea-27ef-4990-85cf-49287850296c,2026-05-24T17:30:00Z,2026-05-24T19:30:00+0200,2.74,EUR/MWh,FR,FR,imbalance_price,Short,2026-06-07T17:42:53Z
2026-06-07T17:41:56Z,2026-06-07T19:41:56+0200,9fbaedea-27ef-4990-85cf-49287850296c,2026-05-24T17:45:00Z,2026-05-24T19:45:00+0200,7.66,EUR/MWh,FR,FR,imbalance_price,Long,2026-06-07T17:42:53Z
2026-06-07T17:41:56Z,2026-06-07T19:41:56+0200,9fbaedea-27ef-4990-85cf-49287850296c,2026-05-24T17:45:00Z,2026-05-24T19:45:00+0200,9.08,EUR/MWh,FR,FR,imbalance_price,Short,2026-06-07T17:42:53Z
2026-06-07T17:41:56Z,2026-06-07T19:41:56+0200,9fbaedea-27ef-4990-85cf-49287850296c,2026-05-24T18:00:00Z,2026-05-24T20:00:00+0200,18.99,EUR/MWh,FR,FR,imbalance_price,Long,2026-06-07T17:42:53Z
2026-06-07T17:41:56Z,2026-06-07T19:41:56+0200,9fbaedea-27ef-4990-85cf-49287850296c,2026-05-24T18:00:00Z,2026-05-24T20:00:00+0200,22.49,EUR/MWh,FR,FR,imbalance_price,Short,2026-06-07T17:42:53Z
2026-06-07T17:41:56Z,2026-06-07T19:41:56+0200,9fbaedea-27ef-4990-85cf-49287850296c,2026-05-24T18:15:00Z,2026-05-24T20:15:00+0200,21.08,EUR/MWh,FR,FR,imbalance_price,Long,2026-06-07T17:42:53Z
2026-06-07T17:41:56Z,2026-06-07T19:41:56+0200,9fbaedea-27ef-4990-85cf-49287850296c,2026-05-24T18:15:00Z,2026-05-24T20:15:00+0200,24.98,EUR/MWh,FR,FR,imbalance_price,Short,2026-06-07T17:42:53Z
2026-06-07T17:41:56Z,2026-06-07T19:41:56+0200,9fbaedea-27ef-4990-85cf-49287850296c,2026-05-24T18:30:00Z,2026-05-24T20:30:00+0200,31.32,EUR/MWh,FR,FR,imbalance_price,Long,2026-06-07T17:42:53Z
2026-06-07T17:41:56Z,2026-06-07T19:41:56+0200,9fbaedea-27ef-4990-85cf-49287850296c,2026-05-24T18:30:00Z,2026-05-24T20:30:00+0200,37.1,EUR/MWh,FR,FR,imbalance_price,Short,2026-06-07T17:42:53Z
2026-06-07T17:41:56Z,2026-06-07T19:41:56+0200,9fbaedea-27ef-4990-85cf-49287850296c,2026-05-24T18:45:00Z,2026-05-24T20:45:00+0200,30.75,EUR/MWh,FR,FR,imbalance_price,Long,2026-06-07T17:42:53Z
2026-06-07T17:41:56Z,2026-06-07T19:41:56+0200,9fbaedea-27ef-4990-85cf-49287850296c,2026-05-24T18:45:00Z,2026-05-24T20:45:00+0200,36.43,EUR/MWh,FR,FR,imbalance_price,Short,2026-06-07T17:42:53Z
2026-06-07T17:41:56Z,2026-06-07T19:41:56+0200,9fbaedea-27ef-4990-85cf-49287850296c,2026-05-24T19:00:00Z,2026-05-24T21:00:00+0200,35.44,EUR/MWh,FR,FR,imbalance_price,Long,2026-06-07T17:42:53Z
2026-06-07T17:41:56Z,2026-06-07T19:41:56+0200,9fbaedea-27ef-4990-85cf-49287850296c,2026-05-24T19:00:00Z,2026-05-24T21:00:00+0200,42.0,EUR/MWh,FR,FR,imbalance_price,Short,2026-06-07T17:42:53Z
2026-06-07T17:41:56Z,2026-06-07T19:41:56+0200,9fbaedea-27ef-4990-85cf-49287850296c,2026-05-24T19:15:00Z,2026-05-24T21:15:00+0200,27.02,EUR/MWh,FR,FR,imbalance_price,Long,2026-06-07T17:42:53Z
2026-06-07T17:41:56Z,2026-06-07T19:41:56+0200,9fbaedea-27ef-4990-85cf-49287850296c,2026-05-24T19:15:00Z,2026-05-24T21:15:00+0200,32.02,EUR/MWh,FR,FR,imbalance_price,Short,2026-06-07T17:42:53Z
2026-06-07T17:41:56Z,2026-06-07T19:41:56+0200,9fbaedea-27ef-4990-85cf-49287850296c,2026-05-24T19:30:00Z,2026-05-24T21:30:00+0200,5.73,EUR/MWh,FR,FR,imbalance_price,Long,2026-06-07T17:42:53Z
2026-06-07T17:41:56Z,2026-06-07T19:41:56+0200,9fbaedea-27ef-4990-85cf-49287850296c,2026-05-24T19:30:00Z,2026-05-24T21:30:00+0200,6.79,EUR/MWh,FR,FR,imbalance_price,Short,2026-06-07T17:42:53Z
2026-06-07T17:41:56Z,2026-06-07T19:41:56+0200,9fbaedea-27ef-4990-85cf-49287850296c,2026-05-24T19:45:00Z,2026-05-24T21:45:00+0200,-5.1,EUR/MWh,FR,FR,imbalance_price,Long,2026-06-07T17:42:53Z
2026-06-07T17:41:56Z,2026-06-07T19:41:56+0200,9fbaedea-27ef-4990-85cf-49287850296c,2026-05-24T19:45:00Z,2026-05-24T21:45:00+0200,-4.3,EUR/MWh,FR,FR,imbalance_price,Short,2026-06-07T17:42:53Z
2026-06-07T17:41:56Z,2026-06-07T19:41:56+0200,9fbaedea-27ef-4990-85cf-49287850296c,2026-05-24T20:00:00Z,2026-05-24T22:00:00+0200,-20.76,EUR/MWh,FR,FR,imbalance_price,Long,2026-06-07T17:42:53Z
2026-06-07T17:41:56Z,2026-06-07T19:41:56+0200,9fbaedea-27ef-4990-85cf-49287850296c,2026-05-24T20:00:00Z,2026-05-24T22:00:00+0200,-17.52,EUR/MWh,FR,FR,imbalance_price,Short,2026-06-07T17:42:53Z
2026-06-07T17:41:56Z,2026-06-07T19:41:56+0200,9fbaedea-27ef-4990-85cf-49287850296c,2026-05-24T20:15:00Z,2026-05-24T22:15:00+0200,-154.9,EUR/MWh,FR,FR,imbalance_price,Long,2026-06-07T17:42:53Z
2026-06-07T17:41:56Z,2026-06-07T19:41:56+0200,9fbaedea-27ef-4990-85cf-49287850296c,2026-05-24T20:15:00Z,2026-05-24T22:15:00+0200,-130.74,EUR/MWh,FR,FR,imbalance_price,Short,2026-06-07T17:42:53Z
2026-06-07T17:41:56Z,2026-06-07T19:41:56+0200,9fbaedea-27ef-4990-85cf-49287850296c,2026-05-24T20:30:00Z,2026-05-24T22:30:00+0200,-62.01,EUR/MWh,FR,FR,imbalance_price,Long,2026-06-07T17:42:53Z
2026-06-07T17:41:56Z,2026-06-07T19:41:56+0200,9fbaedea-27ef-4990-85cf-49287850296c,2026-05-24T20:30:00Z,2026-05-24T22:30:00+0200,-52.33,EUR/MWh,FR,FR,imbalance_price,Short,2026-06-07T17:42:53Z
2026-06-07T17:41:56Z,2026-06-07T19:41:56+0200,9fbaedea-27ef-4990-85cf-49287850296c,2026-05-24T20:45:00Z,2026-05-24T22:45:00+0200,27.02,EUR/MWh,FR,FR,imbalance_price,Long,2026-06-07T17:42:53Z
2026-06-07T17:41:56Z,2026-06-07T19:41:56+0200,9fbaedea-27ef-4990-85cf-49287850296c,2026-05-24T20:45:00Z,2026-05-24T22:45:00+0200,32.02,EUR/MWh,FR,FR,imbalance_price,Short,2026-06-07T17:42:53Z
2026-06-07T17:41:56Z,2026-06-07T19:41:56+0200,9fbaedea-27ef-4990-85cf-49287850296c,2026-05-24T21:00:00Z,2026-05-24T23:00:00+0200,40.74,EUR/MWh,FR,FR,imbalance_price,Long,2026-06-07T17:42:53Z
2026-06-07T17:41:56Z,2026-06-07T19:41:56+0200,9fbaedea-27ef-4990-85cf-49287850296c,2026-05-24T21:00:00Z,2026-05-24T23:00:00+0200,48.26,EUR/MWh,FR,FR,imbalance_price,Short,2026-06-07T17:42:53Z
2026-06-07T17:41:56Z,2026-06-07T19:41:56+0200,9fbaedea-27ef-4990-85cf-49287850296c,2026-05-24T21:15:00Z,2026-05-24T23:15:00+0200,2.72,EUR/MWh,FR,FR,imbalance_price,Long,2026-06-07T17:42:53Z
2026-06-07T17:41:56Z,2026-06-07T19:41:56+0200,9fbaedea-27ef-4990-85cf-49287850296c,2026-05-24T21:15:00Z,2026-05-24T23:15:00+0200,3.22,EUR/MWh,FR,FR,imbalance_price,Short,2026-06-07T17:42:53Z
2026-06-07T17:41:56Z,2026-06-07T19:41:56+0200,9fbaedea-27ef-4990-85cf-49287850296c,2026-05-24T21:30:00Z,2026-05-24T23:30:00+0200,27.1,EUR/MWh,FR,FR,imbalance_price,Long,2026-06-07T17:42:53Z
2026-06-07T17:41:56Z,2026-06-07T19:41:56+0200,9fbaedea-27ef-4990-85cf-49287850296c,2026-05-24T21:30:00Z,2026-05-24T23:30:00+0200,32.12,EUR/MWh,FR,FR,imbalance_price,Short,2026-06-07T17:42:53Z
2026-06-07T17:41:56Z,2026-06-07T19:41:56+0200,9fbaedea-27ef-4990-85cf-49287850296c,2026-05-24T21:45:00Z,2026-05-24T23:45:00+0200,27.43,EUR/MWh,FR,FR,imbalance_price,Long,2026-06-07T17:42:53Z
2026-06-07T17:41:56Z,2026-06-07T19:41:56+0200,9fbaedea-27ef-4990-85cf-49287850296c,2026-05-24T21:45:00Z,2026-05-24T23:45:00+0200,32.51,EUR/MWh,FR,FR,imbalance_price,Short,2026-06-07T17:42:53Z
2026-06-07T17:41:56Z,2026-06-07T19:41:56+0200,9fbaedea-27ef-4990-85cf-49287850296c,2026-05-24T22:00:00Z,2026-05-25T00:00:00+0200,56.85,EUR/MWh,FR,FR,imbalance_price,Long,2026-06-07T17:42:53Z
2026-06-07T17:41:56Z,2026-06-07T19:41:56+0200,9fbaedea-27ef-4990-85cf-49287850296c,2026-05-24T22:00:00Z,2026-05-25T00:00:00+0200,67.35,EUR/MWh,FR,FR,imbalance_price,Short,2026-06-07T17:42:53Z
2026-06-07T17:41:56Z,2026-06-07T19:41:56+0200,9fbaedea-27ef-4990-85cf-49287850296c,2026-05-24T22:15:00Z,2026-05-25T00:15:00+0200,66.72,EUR/MWh,FR,FR,imbalance_price,Long,2026-06-07T17:42:53Z
2026-06-07T17:41:56Z,2026-06-07T19:41:56+0200,9fbaedea-27ef-4990-85cf-49287850296c,2026-05-24T22:15:00Z,2026-05-25T00:15:00+0200,79.06,EUR/MWh,FR,FR,imbalance_price,Short,2026-06-07T17:42:53Z
2026-06-07T17:41:56Z,2026-06-07T19:41:56+0200,9fbaedea-27ef-4990-85cf-49287850296c,2026-05-24T22:30:00Z,2026-05-25T00:30:00+0200,67.57,EUR/MWh,FR,FR,imbalance_price,Long,2026-06-07T17:42:53Z
2026-06-07T17:41:56Z,2026-06-07T19:41:56+0200,9fbaedea-27ef-4990-85cf-49287850296c,2026-05-24T22:30:00Z,2026-05-25T00:30:00+0200,80.07,EUR/MWh,FR,FR,imbalance_price,Short,2026-06-07T17:42:53Z
2026-06-07T17:41:56Z,2026-06-07T19:41:56+0200,9fbaedea-27ef-4990-85cf-49287850296c,2026-05-24T22:45:00Z,2026-05-25T00:45:00+0200,36.41,EUR/MWh,FR,FR,imbalance_price,Long,2026-06-07T17:42:53Z
2026-06-07T17:41:56Z,2026-06-07T19:41:56+0200,9fbaedea-27ef-4990-85cf-49287850296c,2026-05-24T22:45:00Z,2026-05-25T00:45:00+0200,43.15,EUR/MWh,FR,FR,imbalance_price,Short,2026-06-07T17:42:53Z
2026-06-07T17:41:56Z,2026-06-07T19:41:56+0200,9fbaedea-27ef-4990-85cf-49287850296c,2026-05-24T23:00:00Z,2026-05-25T01:00:00+0200,118.37,EUR/MWh,FR,FR,imbalance_price,Long,2026-06-07T17:42:53Z
2026-06-07T17:41:56Z,2026-06-07T19:41:56+0200,9fbaedea-27ef-4990-85cf-49287850296c,2026-05-24T23:00:00Z,2026-05-25T01:00:00+0200,140.25,EUR/MWh,FR,FR,imbalance_price,Short,2026-06-07T17:42:53Z
2026-06-07T17:41:56Z,2026-06-07T19:41:56+0200,9fbaedea-27ef-4990-85cf-49287850296c,2026-05-24T23:15:00Z,2026-05-25T01:15:00+0200,125.86,EUR/MWh,FR,FR,imbalance_price,Long,2026-06-07T17:42:53Z
2026-06-07T17:41:56Z,2026-06-07T19:41:56+0200,9fbaedea-27ef-4990-85cf-49287850296c,2026-05-24T23:15:00Z,2026-05-25T01:15:00+0200,149.12,EUR/MWh,FR,FR,imbalance_price,Short,2026-06-07T17:42:53Z
2026-06-07T17:41:56Z,2026-06-07T19:41:56+0200,9fbaedea-27ef-4990-85cf-49287850296c,2026-05-24T23:30:00Z,2026-05-25T01:30:00+0200,241.67,EUR/MWh,FR,FR,imbalance_price,Long,2026-06-07T17:42:53Z
2026-06-07T17:41:56Z,2026-06-07T19:41:56+0200,9fbaedea-27ef-4990-85cf-49287850296c,2026-05-24T23:30:00Z,2026-05-25T01:30:00+0200,286.35,EUR/MWh,FR,FR,imbalance_price,Short,2026-06-07T17:42:53Z
2026-06-07T17:41:56Z,2026-06-07T19:41:56+0200,9fbaedea-27ef-4990-85cf-49287850296c,2026-05-24T23:45:00Z,2026-05-25T01:45:00+0200,97.61,EUR/MWh,FR,FR,imbalance_price,Long,2026-06-07T17:42:53Z
2026-06-07T17:41:56Z,2026-06-07T19:41:56+0200,9fbaedea-27ef-4990-85cf-49287850296c,2026-05-24T23:45:00Z,2026-05-25T01:45:00+0200,115.65,EUR/MWh,FR,FR,imbalance_price,Short,2026-06-07T17:42:53Z
2026-06-07T17:41:56Z,2026-06-07T19:41:56+0200,9fbaedea-27ef-4990-85cf-49287850296c,2026-05-25T00:00:00Z,2026-05-25T02:00:00+0200,67.81,EUR/MWh,FR,FR,imbalance_price,Long,2026-06-07T17:42:53Z
2026-06-07T17:41:56Z,2026-06-07T19:41:56+0200,9fbaedea-27ef-4990-85cf-49287850296c,2026-05-25T00:00:00Z,2026-05-25T02:00:00+0200,80.35,EUR/MWh,FR,FR,imbalance_price,Short,2026-06-07T17:42:53Z
2026-06-07T17:41:56Z,2026-06-07T19:41:56+0200,9fbaedea-27ef-4990-85cf-49287850296c,2026-05-25T00:15:00Z,2026-05-25T02:15:00+0200,62.03,EUR/MWh,FR,FR,imbalance_price,Long,2026-06-07T17:42:53Z
2026-06-07T17:41:56Z,2026-06-07T19:41:56+0200,9fbaedea-27ef-4990-85cf-49287850296c,2026-05-25T00:15:00Z,2026-05-25T02:15:00+0200,73.49,EUR/MWh,FR,FR,imbalance_price,Short,2026-06-07T17:42:53Z
2026-06-07T17:41:56Z,2026-06-07T19:41:56+0200,9fbaedea-27ef-4990-85cf-49287850296c,2026-05-25T00:30:00Z,2026-05-25T02:30:00+0200,69.3,EUR/MWh,FR,FR,imbalance_price,Long,2026-06-07T17:42:53Z
2026-06-07T17:41:56Z,2026-06-07T19:41:56+0200,9fbaedea-27ef-4990-85cf-49287850296c,2026-05-25T00:30:00Z,2026-05-25T02:30:00+0200,82.1,EUR/MWh,FR,FR,imbalance_price,Short,2026-06-07T17:42:53Z
2026-06-07T17:41:56Z,2026-06-07T19:41:56+0200,9fbaedea-27ef-4990-85cf-49287850296c,2026-05-25T00:45:00Z,2026-05-25T02:45:00+0200,49.87,EUR/MWh,FR,FR,imbalance_price,Long,2026-06-07T17:42:53Z
2026-06-07T17:41:56Z,2026-06-07T19:41:56+0200,9fbaedea-27ef-4990-85cf-49287850296c,2026-05-25T00:45:00Z,2026-05-25T02:45:00+0200,59.09,EUR/MWh,FR,FR,imbalance_price,Short,2026-06-07T17:42:53Z
2026-06-07T17:41:56Z,2026-06-07T19:41:56+0200,9fbaedea-27ef-4990-85cf-49287850296c,2026-05-25T01:00:00Z,2026-05-25T03:00:00+0200,73.51,EUR/MWh,FR,FR,imbalance_price,Long,2026-06-07T17:42:53Z
2026-06-07T17:41:56Z,2026-06-07T19:41:56+0200,9fbaedea-27ef-4990-85cf-49287850296c,2026-05-25T01:00:00Z,2026-05-25T03:00:00+0200,87.09,EUR/MWh,FR,FR,imbalance_price,Short,2026-06-07T17:42:53Z
2026-06-07T17:41:56Z,2026-06-07T19:41:56+0200,9fbaedea-27ef-4990-85cf-49287850296c,2026-05-25T01:15:00Z,2026-05-25T03:15:00+0200,48.94,EUR/MWh,FR,FR,imbalance_price,Long,2026-06-07T17:42:53Z
2026-06-07T17:41:56Z,2026-06-07T19:41:56+0200,9fbaedea-27ef-4990-85cf-49287850296c,2026-05-25T01:15:00Z,2026-05-25T03:15:00+0200,57.98,EUR/MWh,FR,FR,imbalance_price,Short,2026-06-07T17:42:53Z
2026-06-07T17:41:56Z,2026-06-07T19:41:56+0200,9fbaedea-27ef-4990-85cf-49287850296c,2026-05-25T01:30:00Z,2026-05-25T03:30:00+0200,55.46,EUR/MWh,FR,FR,imbalance_price,Long,2026-06-07T17:42:53Z
2026-06-07T17:41:56Z,2026-06-07T19:41:56+0200,9fbaedea-27ef-4990-85cf-49287850296c,2026-05-25T01:30:00Z,2026-05-25T03:30:00+0200,65.72,EUR/MWh,FR,FR,imbalance_price,Short,2026-06-07T17:42:53Z
2026-06-07T17:41:56Z,2026-06-07T19:41:56+0200,9fbaedea-27ef-4990-85cf-49287850296c,2026-05-25T01:45:00Z,2026-05-25T03:45:00+0200,28.78,EUR/MWh,FR,FR,imbalance_price,Long,2026-06-07T17:42:53Z
2026-06-07T17:41:56Z,2026-06-07T19:41:56+0200,9fbaedea-27ef-4990-85cf-49287850296c,2026-05-25T01:45:00Z,2026-05-25T03:45:00+0200,34.1,EUR/MWh,FR,FR,imbalance_price,Short,2026-06-07T17:42:53Z
2026-06-07T17:41:56Z,2026-06-07T19:41:56+0200,9fbaedea-27ef-4990-85cf-49287850296c,2026-05-25T02:00:00Z,2026-05-25T04:00:00+0200,36.4,EUR/MWh,FR,FR,imbalance_price,Long,2026-06-07T17:42:53Z
2026-06-07T17:41:56Z,2026-06-07T19:41:56+0200,9fbaedea-27ef-4990-85cf-49287850296c,2026-05-25T02:00:00Z,2026-05-25T04:00:00+0200,43.12,EUR/MWh,FR,FR,imbalance_price,Short,2026-06-07T17:42:53Z
2026-06-07T17:41:56Z,2026-06-07T19:41:56+0200,9fbaedea-27ef-4990-85cf-49287850296c,2026-05-25T02:15:00Z,2026-05-25T04:15:00+0200,16.09,EUR/MWh,FR,FR,imbalance_price,Long,2026-06-07T17:42:53Z
2026-06-07T17:41:56Z,2026-06-07T19:41:56+0200,9fbaedea-27ef-4990-85cf-49287850296c,2026-05-25T02:15:00Z,2026-05-25T04:15:00+0200,19.07,EUR/MWh,FR,FR,imbalance_price,Short,2026-06-07T17:42:53Z
2026-06-07T17:41:56Z,2026-06-07T19:41:56+0200,9fbaedea-27ef-4990-85cf-49287850296c,2026-05-25T02:30:00Z,2026-05-25T04:30:00+0200,16.09,EUR/MWh,FR,FR,imbalance_price,Long,2026-06-07T17:42:53Z
2026-06-07T17:41:56Z,2026-06-07T19:41:56+0200,9fbaedea-27ef-4990-85cf-49287850296c,2026-05-25T02:30:00Z,2026-05-25T04:30:00+0200,19.07,EUR/MWh,FR,FR,imbalance_price,Short,2026-06-07T17:42:53Z
2026-06-07T17:41:56Z,2026-06-07T19:41:56+0200,9fbaedea-27ef-4990-85cf-49287850296c,2026-05-25T02:45:00Z,2026-05-25T04:45:00+0200,20.15,EUR/MWh,FR,FR,imbalance_price,Long,2026-06-07T17:42:53Z
2026-06-07T17:41:56Z,2026-06-07T19:41:56+0200,9fbaedea-27ef-4990-85cf-49287850296c,2026-05-25T02:45:00Z,2026-05-25T04:45:00+0200,23.87,EUR/MWh,FR,FR,imbalance_price,Short,2026-06-07T17:42:53Z
2026-06-07T17:41:56Z,2026-06-07T19:41:56+0200,9fbaedea-27ef-4990-85cf-49287850296c,2026-05-25T03:00:00Z,2026-05-25T05:00:00+0200,22.38,EUR/MWh,FR,FR,imbalance_price,Long,2026-06-07T17:42:53Z
2026-06-07T17:41:56Z,2026-06-07T19:41:56+0200,9fbaedea-27ef-4990-85cf-49287850296c,2026-05-25T03:00:00Z,2026-05-25T05:00:00+0200,26.52,EUR/MWh,FR,FR,imbalance_price,Short,2026-06-07T17:42:53Z
2026-06-07T17:41:56Z,2026-06-07T19:41:56+0200,9fbaedea-27ef-4990-85cf-49287850296c,2026-05-25T03:15:00Z,2026-05-25T05:15:00+0200,26.43,EUR/MWh,FR,FR,imbalance_price,Long,2026-06-07T17:42:53Z
2026-06-07T17:41:56Z,2026-06-07T19:41:56+0200,9fbaedea-27ef-4990-85cf-49287850296c,2026-05-25T03:15:00Z,2026-05-25T05:15:00+0200,31.31,EUR/MWh,FR,FR,imbalance_price,Short,2026-06-07T17:42:53Z
2026-06-07T17:41:56Z,2026-06-07T19:41:56+0200,9fbaedea-27ef-4990-85cf-49287850296c,2026-05-25T03:30:00Z,2026-05-25T05:30:00+0200,11.44,EUR/MWh,FR,FR,imbalance_price,Long,2026-06-07T17:42:53Z
2026-06-07T17:41:56Z,2026-06-07T19:41:56+0200,9fbaedea-27ef-4990-85cf-49287850296c,2026-05-25T03:30:00Z,2026-05-25T05:30:00+0200,13.56,EUR/MWh,FR,FR,imbalance_price,Short,2026-06-07T17:42:53Z
2026-06-07T17:41:56Z,2026-06-07T19:41:56+0200,9fbaedea-27ef-4990-85cf-49287850296c,2026-05-25T03:45:00Z,2026-05-25T05:45:00+0200,11.44,EUR/MWh,FR,FR,imbalance_price,Long,2026-06-07T17:42:53Z
2026-06-07T17:41:56Z,2026-06-07T19:41:56+0200,9fbaedea-27ef-4990-85cf-49287850296c,2026-05-25T03:45:00Z,2026-05-25T05:45:00+0200,13.56,EUR/MWh,FR,FR,imbalance_price,Short,2026-06-07T17:42:53Z
2026-06-07T17:41:56Z,2026-06-07T19:41:56+0200,9fbaedea-27ef-4990-85cf-49287850296c,2026-05-25T04:00:00Z,2026-05-25T06:00:00+0200,11.44,EUR/MWh,FR,FR,imbalance_price,Long,2026-06-07T17:42:53Z
2026-06-07T17:41:56Z,2026-06-07T19:41:56+0200,9fbaedea-27ef-4990-85cf-49287850296c,2026-05-25T04:00:00Z,2026-05-25T06:00:00+0200,13.56,EUR/MWh,FR,FR,imbalance_price,Short,2026-06-07T17:42:53Z
2026-06-07T17:41:56Z,2026-06-07T19:41:56+0200,9fbaedea-27ef-4990-85cf-49287850296c,2026-05-25T04:15:00Z,2026-05-25T06:15:00+0200,50.43,EUR/MWh,FR,FR,imbalance_price,Long,2026-06-07T17:42:53Z
2026-06-07T17:41:56Z,2026-06-07T19:41:56+0200,9fbaedea-27ef-4990-85cf-49287850296c,2026-05-25T04:15:00Z,2026-05-25T06:15:00+0200,59.75,EUR/MWh,FR,FR,imbalance_price,Short,2026-06-07T17:42:53Z
2026-06-07T17:41:56Z,2026-06-07T19:41:56+0200,9fbaedea-27ef-4990-85cf-49287850296c,2026-05-25T04:30:00Z,2026-05-25T06:30:00+0200,44.31,EUR/MWh,FR,FR,imbalance_price,Long,2026-06-07T17:42:53Z
2026-06-07T17:41:56Z,2026-06-07T19:41:56+0200,9fbaedea-27ef-4990-85cf-49287850296c,2026-05-25T04:30:00Z,2026-05-25T06:30:00+0200,52.51,EUR/MWh,FR,FR,imbalance_price,Short,2026-06-07T17:42:53Z
2026-06-07T17:41:56Z,2026-06-07T19:41:56+0200,9fbaedea-27ef-4990-85cf-49287850296c,2026-05-25T04:45:00Z,2026-05-25T06:45:00+0200,49.64,EUR/MWh,FR,FR,imbalance_price,Long,2026-06-07T17:42:53Z
2026-06-07T17:41:56Z,2026-06-07T19:41:56+0200,9fbaedea-27ef-4990-85cf-49287850296c,2026-05-25T04:45:00Z,2026-05-25T06:45:00+0200,58.82,EUR/MWh,FR,FR,imbalance_price,Short,2026-06-07T17:42:53Z
2026-06-07T17:41:56Z,2026-06-07T19:41:56+0200,9fbaedea-27ef-4990-85cf-49287850296c,2026-05-25T05:00:00Z,2026-05-25T07:00:00+0200,28.41,EUR/MWh,FR,FR,imbalance_price,Long,2026-06-07T17:42:53Z
2026-06-07T17:41:56Z,2026-06-07T19:41:56+0200,9fbaedea-27ef-4990-85cf-49287850296c,2026-05-25T05:00:00Z,2026-05-25T07:00:00+0200,33.67,EUR/MWh,FR,FR,imbalance_price,Short,2026-06-07T17:42:53Z
2026-06-07T17:41:56Z,2026-06-07T19:41:56+0200,9fbaedea-27ef-4990-85cf-49287850296c,2026-05-25T05:15:00Z,2026-05-25T07:15:00+0200,31.74,EUR/MWh,FR,FR,imbalance_price,Long,2026-06-07T17:42:53Z
2026-06-07T17:41:56Z,2026-06-07T19:41:56+0200,9fbaedea-27ef-4990-85cf-49287850296c,2026-05-25T05:15:00Z,2026-05-25T07:15:00+0200,37.6,EUR/MWh,FR,FR,imbalance_price,Short,2026-06-07T17:42:53Z
2026-06-07T17:41:56Z,2026-06-07T19:41:56+0200,9fbaedea-27ef-4990-85cf-49287850296c,2026-05-25T05:30:00Z,2026-05-25T07:30:00+0200,12.56,EUR/MWh,FR,FR,imbalance_price,Long,2026-06-07T17:42:53Z
2026-06-07T17:41:56Z,2026-06-07T19:41:56+0200,9fbaedea-27ef-4990-85cf-49287850296c,2026-05-25T05:30:00Z,2026-05-25T07:30:00+0200,14.88,EUR/MWh,FR,FR,imbalance_price,Short,2026-06-07T17:42:53Z
2026-06-07T17:41:56Z,2026-06-07T19:41:56+0200,9fbaedea-27ef-4990-85cf-49287850296c,2026-05-25T05:45:00Z,2026-05-25T07:45:00+0200,22.09,EUR/MWh,FR,FR,imbalance_price,Long,2026-06-07T17:42:53Z
2026-06-07T17:41:56Z,2026-06-07T19:41:56+0200,9fbaedea-27ef-4990-85cf-49287850296c,2026-05-25T05:45:00Z,2026-05-25T07:45:00+0200,26.17,EUR/MWh,FR,FR,imbalance_price,Short,2026-06-07T17:42:53Z
2026-06-07T17:41:56Z,2026-06-07T19:41:56+0200,9fbaedea-27ef-4990-85cf-49287850296c,2026-05-25T06:00:00Z,2026-05-25T08:00:00+0200,11.75,EUR/MWh,FR,FR,imbalance_price,Long,2026-06-07T17:42:53Z
2026-06-07T17:41:56Z,2026-06-07T19:41:56+0200,9fbaedea-27ef-4990-85cf-49287850296c,2026-05-25T06:00:00Z,2026-05-25T08:00:00+0200,13.93,EUR/MWh,FR,FR,imbalance_price,Short,2026-06-07T17:42:53Z
2026-06-07T17:41:56Z,2026-06-07T19:41:56+0200,9fbaedea-27ef-4990-85cf-49287850296c,2026-05-25T06:15:00Z,2026-05-25T08:15:00+0200,10.4,EUR/MWh,FR,FR,imbalance_price,Long,2026-06-07T17:42:53Z
2026-06-07T17:41:56Z,2026-06-07T19:41:56+0200,9fbaedea-27ef-4990-85cf-49287850296c,2026-05-25T06:15:00Z,2026-05-25T08:15:00+0200,12.32,EUR/MWh,FR,FR,imbalance_price,Short,2026-06-07T17:42:53Z
2026-06-07T17:41:56Z,2026-06-07T19:41:56+0200,9fbaedea-27ef-4990-85cf-49287850296c,2026-05-25T06:30:00Z,2026-05-25T08:30:00+0200,13.25,EUR/MWh,FR,FR,imbalance_price,Long,2026-06-07T17:42:53Z
2026-06-07T17:41:56Z,2026-06-07T19:41:56+0200,9fbaedea-27ef-4990-85cf-49287850296c,2026-05-25T06:30:00Z,2026-05-25T08:30:00+0200,15.71,EUR/MWh,FR,FR,imbalance_price,Short,2026-06-07T17:42:53Z
2026-06-07T17:41:56Z,2026-06-07T19:41:56+0200,9fbaedea-27ef-4990-85cf-49287850296c,2026-05-25T06:45:00Z,2026-05-25T08:45:00+0200,8.42,EUR/MWh,FR,FR,imbalance_price,Long,2026-06-07T17:42:53Z
2026-06-07T17:41:56Z,2026-06-07T19:41:56+0200,9fbaedea-27ef-4990-85cf-49287850296c,2026-05-25T06:45:00Z,2026-05-25T08:45:00+0200,9.98,EUR/MWh,FR,FR,imbalance_price,Short,2026-06-07T17:42:53Z
2026-06-07T17:41:56Z,2026-06-07T19:41:56+0200,9fbaedea-27ef-4990-85cf-49287850296c,2026-05-25T07:00:00Z,2026-05-25T09:00:00+0200,7.13,EUR/MWh,FR,FR,imbalance_price,Long,2026-06-07T17:42:53Z
2026-06-07T17:41:56Z,2026-06-07T19:41:56+0200,9fbaedea-27ef-4990-85cf-49287850296c,2026-05-25T07:00:00Z,2026-05-25T09:00:00+0200,8.45,EUR/MWh,FR,FR,imbalance_price,Short,2026-06-07T17:42:53Z
2026-06-07T17:41:56Z,2026-06-07T19:41:56+0200,9fbaedea-27ef-4990-85cf-49287850296c,2026-05-25T07:15:00Z,2026-05-25T09:15:00+0200,18.94,EUR/MWh,FR,FR,imbalance_price,Long,2026-06-07T17:42:53Z
2026-06-07T17:41:56Z,2026-06-07T19:41:56+0200,9fbaedea-27ef-4990-85cf-49287850296c,2026-05-25T07:15:00Z,2026-05-25T09:15:00+0200,22.44,EUR/MWh,FR,FR,imbalance_price,Short,2026-06-07T17:42:53Z
2026-06-07T17:41:56Z,2026-06-07T19:41:56+0200,9fbaedea-27ef-4990-85cf-49287850296c,2026-05-25T07:30:00Z,2026-05-25T09:30:00+0200,30.57,EUR/MWh,FR,FR,imbalance_price,Long,2026-06-07T17:42:53Z
2026-06-07T17:41:56Z,2026-06-07T19:41:56+0200,9fbaedea-27ef-4990-85cf-49287850296c,2026-05-25T07:30:00Z,2026-05-25T09:30:00+0200,36.21,EUR/MWh,FR,FR,imbalance_price,Short,2026-06-07T17:42:53Z
2026-06-07T17:41:56Z,2026-06-07T19:41:56+0200,9fbaedea-27ef-4990-85cf-49287850296c,2026-05-25T07:45:00Z,2026-05-25T09:45:00+0200,46.51,EUR/MWh,FR,FR,imbalance_price,Long,2026-06-07T17:42:53Z
2026-06-07T17:41:56Z,2026-06-07T19:41:56+0200,9fbaedea-27ef-4990-85cf-49287850296c,2026-05-25T07:45:00Z,2026-05-25T09:45:00+0200,55.11,EUR/MWh,FR,FR,imbalance_price,Short,2026-06-07T17:42:53Z
2026-06-07T17:41:56Z,2026-06-07T19:41:56+0200,9fbaedea-27ef-4990-85cf-49287850296c,2026-05-25T08:00:00Z,2026-05-25T10:00:00+0200,50.65,EUR/MWh,FR,FR,imbalance_price,Long,2026-06-07T17:42:53Z
2026-06-07T17:41:56Z,2026-06-07T19:41:56+0200,9fbaedea-27ef-4990-85cf-49287850296c,2026-05-25T08:00:00Z,2026-05-25T10:00:00+0200,60.01,EUR/MWh,FR,FR,imbalance_price,Short,2026-06-07T17:42:53Z
2026-06-07T17:41:56Z,2026-06-07T19:41:56+0200,9fbaedea-27ef-4990-85cf-49287850296c,2026-05-25T08:15:00Z,2026-05-25T10:15:00+0200,46.29,EUR/MWh,FR,FR,imbalance_price,Long,2026-06-07T17:42:53Z
2026-06-07T17:41:56Z,2026-06-07T19:41:56+0200,9fbaedea-27ef-4990-85cf-49287850296c,2026-05-25T08:15:00Z,2026-05-25T10:15:00+0200,54.85,EUR/MWh,FR,FR,imbalance_price,Short,2026-06-07T17:42:53Z
2026-06-07T17:41:56Z,2026-06-07T19:41:56+0200,9fbaedea-27ef-4990-85cf-49287850296c,2026-05-25T08:30:00Z,2026-05-25T10:30:00+0200,-30.88,EUR/MWh,FR,FR,imbalance_price,Long,2026-06-07T17:42:53Z
2026-06-07T17:41:56Z,2026-06-07T19:41:56+0200,9fbaedea-27ef-4990-85cf-49287850296c,2026-05-25T08:30:00Z,2026-05-25T10:30:00+0200,-26.06,EUR/MWh,FR,FR,imbalance_price,Short,2026-06-07T17:42:53Z
2026-06-07T17:41:56Z,2026-06-07T19:41:56+0200,9fbaedea-27ef-4990-85cf-49287850296c,2026-05-25T08:45:00Z,2026-05-25T10:45:00+0200,-117.57,EUR/MWh,FR,FR,imbalance_price,Long,2026-06-07T17:42:53Z
2026-06-07T17:41:56Z,2026-06-07T19:41:56+0200,9fbaedea-27ef-4990-85cf-49287850296c,2026-05-25T08:45:00Z,2026-05-25T10:45:00+0200,-99.23,EUR/MWh,FR,FR,imbalance_price,Short,2026-06-07T17:42:53Z
2026-06-07T17:41:56Z,2026-06-07T19:41:56+0200,9fbaedea-27ef-4990-85cf-49287850296c,2026-05-25T09:00:00Z,2026-05-25T11:00:00+0200,-57.46,EUR/MWh,FR,FR,imbalance_price,Long,2026-06-07T17:42:53Z
2026-06-07T17:41:56Z,2026-06-07T19:41:56+0200,9fbaedea-27ef-4990-85cf-49287850296c,2026-05-25T09:00:00Z,2026-05-25T11:00:00+0200,-48.5,EUR/MWh,FR,FR,imbalance_price,Short,2026-06-07T17:42:53Z
2026-06-07T17:41:56Z,2026-06-07T19:41:56+0200,9fbaedea-27ef-4990-85cf-49287850296c,2026-05-25T09:15:00Z,2026-05-25T11:15:00+0200,-86.33,EUR/MWh,FR,FR,imbalance_price,Long,2026-06-07T17:42:53Z
2026-06-07T17:41:56Z,2026-06-07T19:41:56+0200,9fbaedea-27ef-4990-85cf-49287850296c,2026-05-25T09:15:00Z,2026-05-25T11:15:00+0200,-72.87,EUR/MWh,FR,FR,imbalance_price,Short,2026-06-07T17:42:53Z
2026-06-07T17:41:56Z,2026-06-07T19:41:56+0200,9fbaedea-27ef-4990-85cf-49287850296c,2026-05-25T09:30:00Z,2026-05-25T11:30:00+0200,-42.01,EUR/MWh,FR,FR,imbalance_price,Long,2026-06-07T17:42:53Z
2026-06-07T17:41:56Z,2026-06-07T19:41:56+0200,9fbaedea-27ef-4990-85cf-49287850296c,2026-05-25T09:30:00Z,2026-05-25T11:30:00+0200,-35.45,EUR/MWh,FR,FR,imbalance_price,Short,2026-06-07T17:42:53Z
2026-06-07T17:41:56Z,2026-06-07T19:41:56+0200,9fbaedea-27ef-4990-85cf-49287850296c,2026-05-25T09:45:00Z,2026-05-25T11:45:00+0200,-33.74,EUR/MWh,FR,FR,imbalance_price,Long,2026-06-07T17:42:53Z
2026-06-07T17:41:56Z,2026-06-07T19:41:56+0200,9fbaedea-27ef-4990-85cf-49287850296c,2026-05-25T09:45:00Z,2026-05-25T11:45:00+0200,-28.48,EUR/MWh,FR,FR,imbalance_price,Short,2026-06-07T17:42:53Z
2026-06-07T17:41:56Z,2026-06-07T19:41:56+0200,9fbaedea-27ef-4990-85cf-49287850296c,2026-05-25T10:00:00Z,2026-05-25T12:00:00+0200,6.88,EUR/MWh,FR,FR,imbalance_price,Long,2026-06-07T17:42:53Z
2026-06-07T17:41:56Z,2026-06-07T19:41:56+0200,9fbaedea-27ef-4990-85cf-49287850296c,2026-05-25T10:00:00Z,2026-05-25T12:00:00+0200,8.16,EUR/MWh,FR,FR,imbalance_price,Short,2026-06-07T17:42:53Z
2026-06-07T17:41:56Z,2026-06-07T19:41:56+0200,9fbaedea-27ef-4990-85cf-49287850296c,2026-05-25T10:15:00Z,2026-05-25T12:15:00+0200,12.33,EUR/MWh,FR,FR,imbalance_price,Long,2026-06-07T17:42:53Z
2026-06-07T17:41:56Z,2026-06-07T19:41:56+0200,9fbaedea-27ef-4990-85cf-49287850296c,2026-05-25T10:15:00Z,2026-05-25T12:15:00+0200,14.61,EUR/MWh,FR,FR,imbalance_price,Short,2026-06-07T17:42:53Z
2026-06-07T17:41:56Z,2026-06-07T19:41:56+0200,9fbaedea-27ef-4990-85cf-49287850296c,2026-05-25T10:30:00Z,2026-05-25T12:30:00+0200,-0.72,EUR/MWh,FR,FR,imbalance_price,Long,2026-06-07T17:42:53Z
2026-06-07T17:41:56Z,2026-06-07T19:41:56+0200,9fbaedea-27ef-4990-85cf-49287850296c,2026-05-25T10:30:00Z,2026-05-25T12:30:00+0200,-0.6,EUR/MWh,FR,FR,imbalance_price,Short,2026-06-07T17:42:53Z
2026-06-07T17:41:56Z,2026-06-07T19:41:56+0200,9fbaedea-27ef-4990-85cf-49287850296c,2026-05-25T10:45:00Z,2026-05-25T12:45:00+0200,9.97,EUR/MWh,FR,FR,imbalance_price,Long,2026-06-07T17:42:53Z
2026-06-07T17:41:56Z,2026-06-07T19:41:56+0200,9fbaedea-27ef-4990-85cf-49287850296c,2026-05-25T10:45:00Z,2026-05-25T12:45:00+0200,11.81,EUR/MWh,FR,FR,imbalance_price,Short,2026-06-07T17:42:53Z
2026-06-07T17:41:56Z,2026-06-07T19:41:56+0200,9fbaedea-27ef-4990-85cf-49287850296c,2026-05-25T11:00:00Z,2026-05-25T13:00:00+0200,47.45,EUR/MWh,FR,FR,imbalance_price,Long,2026-06-07T17:42:53Z
2026-06-07T17:41:56Z,2026-06-07T19:41:56+0200,9fbaedea-27ef-4990-85cf-49287850296c,2026-05-25T11:00:00Z,2026-05-25T13:00:00+0200,56.21,EUR/MWh,FR,FR,imbalance_price,Short,2026-06-07T17:42:53Z
2026-06-07T17:41:56Z,2026-06-07T19:41:56+0200,9fbaedea-27ef-4990-85cf-49287850296c,2026-05-25T11:15:00Z,2026-05-25T13:15:00+0200,59.35,EUR/MWh,FR,FR,imbalance_price,Long,2026-06-07T17:42:53Z
2026-06-07T17:41:56Z,2026-06-07T19:41:56+0200,9fbaedea-27ef-4990-85cf-49287850296c,2026-05-25T11:15:00Z,2026-05-25T13:15:00+0200,70.33,EUR/MWh,FR,FR,imbalance_price,Short,2026-06-07T17:42:53Z
2026-06-07T17:41:56Z,2026-06-07T19:41:56+0200,9fbaedea-27ef-4990-85cf-49287850296c,2026-05-25T11:30:00Z,2026-05-25T13:30:00+0200,68.82,EUR/MWh,FR,FR,imbalance_price,Long,2026-06-07T17:42:53Z
2026-06-07T17:41:56Z,2026-06-07T19:41:56+0200,9fbaedea-27ef-4990-85cf-49287850296c,2026-05-25T11:30:00Z,2026-05-25T13:30:00+0200,81.54,EUR/MWh,FR,FR,imbalance_price,Short,2026-06-07T17:42:53Z
2026-06-07T17:41:56Z,2026-06-07T19:41:56+0200,9fbaedea-27ef-4990-85cf-49287850296c,2026-05-25T11:45:00Z,2026-05-25T13:45:00+0200,69.19,EUR/MWh,FR,FR,imbalance_price,Long,2026-06-07T17:42:53Z
2026-06-07T17:41:56Z,2026-06-07T19:41:56+0200,9fbaedea-27ef-4990-85cf-49287850296c,2026-05-25T11:45:00Z,2026-05-25T13:45:00+0200,81.97,EUR/MWh,FR,FR,imbalance_price,Short,2026-06-07T17:42:53Z
2026-06-07T17:41:56Z,2026-06-07T19:41:56+0200,9fbaedea-27ef-4990-85cf-49287850296c,2026-05-25T12:00:00Z,2026-05-25T14:00:00+0200,68.7,EUR/MWh,FR,FR,imbalance_price,Long,2026-06-07T17:42:53Z
2026-06-07T17:41:56Z,2026-06-07T19:41:56+0200,9fbaedea-27ef-4990-85cf-49287850296c,2026-05-25T12:00:00Z,2026-05-25T14:00:00+0200,81.4,EUR/MWh,FR,FR,imbalance_price,Short,2026-06-07T17:42:53Z
2026-06-07T17:41:56Z,2026-06-07T19:41:56+0200,9fbaedea-27ef-4990-85cf-49287850296c,2026-05-25T12:15:00Z,2026-05-25T14:15:00+0200,70.15,EUR/MWh,FR,FR,imbalance_price,Long,2026-06-07T17:42:53Z
2026-06-07T17:41:56Z,2026-06-07T19:41:56+0200,9fbaedea-27ef-4990-85cf-49287850296c,2026-05-25T12:15:00Z,2026-05-25T14:15:00+0200,83.11,EUR/MWh,FR,FR,imbalance_price,Short,2026-06-07T17:42:53Z
2026-06-07T17:41:56Z,2026-06-07T19:41:56+0200,9fbaedea-27ef-4990-85cf-49287850296c,2026-05-25T12:30:00Z,2026-05-25T14:30:00+0200,73.12,EUR/MWh,FR,FR,imbalance_price,Long,2026-06-07T17:42:53Z
2026-06-07T17:41:56Z,2026-06-07T19:41:56+0200,9fbaedea-27ef-4990-85cf-49287850296c,2026-05-25T12:30:00Z,2026-05-25T14:30:00+0200,86.64,EUR/MWh,FR,FR,imbalance_price,Short,2026-06-07T17:42:53Z
2026-06-07T17:41:56Z,2026-06-07T19:41:56+0200,9fbaedea-27ef-4990-85cf-49287850296c,2026-05-25T12:45:00Z,2026-05-25T14:45:00+0200,75.2,EUR/MWh,FR,FR,imbalance_price,Long,2026-06-07T17:42:53Z
2026-06-07T17:41:56Z,2026-06-07T19:41:56+0200,9fbaedea-27ef-4990-85cf-49287850296c,2026-05-25T12:45:00Z,2026-05-25T14:45:00+0200,89.1,EUR/MWh,FR,FR,imbalance_price,Short,2026-06-07T17:42:53Z
2026-06-07T17:41:56Z,2026-06-07T19:41:56+0200,9fbaedea-27ef-4990-85cf-49287850296c,2026-05-25T13:00:00Z,2026-05-25T15:00:00+0200,48.07,EUR/MWh,FR,FR,imbalance_price,Long,2026-06-07T17:42:53Z
2026-06-07T17:41:56Z,2026-06-07T19:41:56+0200,9fbaedea-27ef-4990-85cf-49287850296c,2026-05-25T13:00:00Z,2026-05-25T15:00:00+0200,56.95,EUR/MWh,FR,FR,imbalance_price,Short,2026-06-07T17:42:53Z
2026-06-07T17:41:56Z,2026-06-07T19:41:56+0200,9fbaedea-27ef-4990-85cf-49287850296c,2026-05-25T13:15:00Z,2026-05-25T15:15:00+0200,44.85,EUR/MWh,FR,FR,imbalance_price,Long,2026-06-07T17:42:53Z
2026-06-07T17:41:56Z,2026-06-07T19:41:56+0200,9fbaedea-27ef-4990-85cf-49287850296c,2026-05-25T13:15:00Z,2026-05-25T15:15:00+0200,53.15,EUR/MWh,FR,FR,imbalance_price,Short,2026-06-07T17:42:53Z
2026-06-07T17:41:56Z,2026-06-07T19:41:56+0200,9fbaedea-27ef-4990-85cf-49287850296c,2026-05-25T13:30:00Z,2026-05-25T15:30:00+0200,25.76,EUR/MWh,FR,FR,imbalance_price,Long,2026-06-07T17:42:53Z
2026-06-07T17:41:56Z,2026-06-07T19:41:56+0200,9fbaedea-27ef-4990-85cf-49287850296c,2026-05-25T13:30:00Z,2026-05-25T15:30:00+0200,30.52,EUR/MWh,FR,FR,imbalance_price,Short,2026-06-07T17:42:53Z
2026-06-07T17:41:56Z,2026-06-07T19:41:56+0200,9fbaedea-27ef-4990-85cf-49287850296c,2026-05-25T13:45:00Z,2026-05-25T15:45:00+0200,3.41,EUR/MWh,FR,FR,imbalance_price,Long,2026-06-07T17:42:53Z
2026-06-07T17:41:56Z,2026-06-07T19:41:56+0200,9fbaedea-27ef-4990-85cf-49287850296c,2026-05-25T13:45:00Z,2026-05-25T15:45:00+0200,4.03,EUR/MWh,FR,FR,imbalance_price,Short,2026-06-07T17:42:53Z
2026-06-07T17:41:56Z,2026-06-07T19:41:56+0200,9fbaedea-27ef-4990-85cf-49287850296c,2026-05-25T14:00:00Z,2026-05-25T16:00:00+0200,30.91,EUR/MWh,FR,FR,imbalance_price,Long,2026-06-07T17:42:53Z
2026-06-07T17:41:56Z,2026-06-07T19:41:56+0200,9fbaedea-27ef-4990-85cf-49287850296c,2026-05-25T14:00:00Z,2026-05-25T16:00:00+0200,36.63,EUR/MWh,FR,FR,imbalance_price,Short,2026-06-07T17:42:53Z
2026-06-07T17:41:56Z,2026-06-07T19:41:56+0200,9fbaedea-27ef-4990-85cf-49287850296c,2026-05-25T14:15:00Z,2026-05-25T16:15:00+0200,12.43,EUR/MWh,FR,FR,imbalance_price,Long,2026-06-07T17:42:53Z
2026-06-07T17:41:56Z,2026-06-07T19:41:56+0200,9fbaedea-27ef-4990-85cf-49287850296c,2026-05-25T14:15:00Z,2026-05-25T16:15:00+0200,14.73,EUR/MWh,FR,FR,imbalance_price,Short,2026-06-07T17:42:53Z
2026-06-07T17:41:56Z,2026-06-07T19:41:56+0200,9fbaedea-27ef-4990-85cf-49287850296c,2026-05-25T14:30:00Z,2026-05-25T16:30:00+0200,41.08,EUR/MWh,FR,FR,imbalance_price,Long,2026-06-07T17:42:53Z
2026-06-07T17:41:56Z,2026-06-07T19:41:56+0200,9fbaedea-27ef-4990-85cf-49287850296c,2026-05-25T14:30:00Z,2026-05-25T16:30:00+0200,48.68,EUR/MWh,FR,FR,imbalance_price,Short,2026-06-07T17:42:53Z
2026-06-07T17:41:56Z,2026-06-07T19:41:56+0200,9fbaedea-27ef-4990-85cf-49287850296c,2026-05-25T14:45:00Z,2026-05-25T16:45:00+0200,27.22,EUR/MWh,FR,FR,imbalance_price,Long,2026-06-07T17:42:53Z
2026-06-07T17:41:56Z,2026-06-07T19:41:56+0200,9fbaedea-27ef-4990-85cf-49287850296c,2026-05-25T14:45:00Z,2026-05-25T16:45:00+0200,32.26,EUR/MWh,FR,FR,imbalance_price,Short,2026-06-07T17:42:53Z
2026-06-07T17:41:56Z,2026-06-07T19:41:56+0200,9fbaedea-27ef-4990-85cf-49287850296c,2026-05-25T15:00:00Z,2026-05-25T17:00:00+0200,4.21,EUR/MWh,FR,FR,imbalance_price,Long,2026-06-07T17:42:53Z
2026-06-07T17:41:56Z,2026-06-07T19:41:56+0200,9fbaedea-27ef-4990-85cf-49287850296c,2026-05-25T15:00:00Z,2026-05-25T17:00:00+0200,4.99,EUR/MWh,FR,FR,imbalance_price,Short,2026-06-07T17:42:53Z
2026-06-07T17:41:56Z,2026-06-07T19:41:56+0200,9fbaedea-27ef-4990-85cf-49287850296c,2026-05-25T15:15:00Z,2026-05-25T17:15:00+0200,3.66,EUR/MWh,FR,FR,imbalance_price,Long,2026-06-07T17:42:53Z
2026-06-07T17:41:56Z,2026-06-07T19:41:56+0200,9fbaedea-27ef-4990-85cf-49287850296c,2026-05-25T15:15:00Z,2026-05-25T17:15:00+0200,4.34,EUR/MWh,FR,FR,imbalance_price,Short,2026-06-07T17:42:53Z
2026-06-07T17:41:56Z,2026-06-07T19:41:56+0200,9fbaedea-27ef-4990-85cf-49287850296c,2026-05-25T15:30:00Z,2026-05-25T17:30:00+0200,13.33,EUR/MWh,FR,FR,imbalance_price,Long,2026-06-07T17:42:53Z
2026-06-07T17:41:56Z,2026-06-07T19:41:56+0200,9fbaedea-27ef-4990-85cf-49287850296c,2026-05-25T15:30:00Z,2026-05-25T17:30:00+0200,15.79,EUR/MWh,FR,FR,imbalance_price,Short,2026-06-07T17:42:53Z
2026-06-07T17:41:56Z,2026-06-07T19:41:56+0200,9fbaedea-27ef-4990-85cf-49287850296c,2026-05-25T15:45:00Z,2026-05-25T17:45:00+0200,33.16,EUR/MWh,FR,FR,imbalance_price,Long,2026-06-07T17:42:53Z
2026-06-07T17:41:56Z,2026-06-07T19:41:56+0200,9fbaedea-27ef-4990-85cf-49287850296c,2026-05-25T15:45:00Z,2026-05-25T17:45:00+0200,39.28,EUR/MWh,FR,FR,imbalance_price,Short,2026-06-07T17:42:53Z
2026-06-07T17:41:56Z,2026-06-07T19:41:56+0200,9fbaedea-27ef-4990-85cf-49287850296c,2026-05-25T16:00:00Z,2026-05-25T18:00:00+0200,10.02,EUR/MWh,FR,FR,imbalance_price,Long,2026-06-07T17:42:53Z
2026-06-07T17:41:56Z,2026-06-07T19:41:56+0200,9fbaedea-27ef-4990-85cf-49287850296c,2026-05-25T16:00:00Z,2026-05-25T18:00:00+0200,11.88,EUR/MWh,FR,FR,imbalance_price,Short,2026-06-07T17:42:53Z
2026-06-07T17:41:56Z,2026-06-07T19:41:56+0200,9fbaedea-27ef-4990-85cf-49287850296c,2026-05-25T16:15:00Z,2026-05-25T18:15:00+0200,52.54,EUR/MWh,FR,FR,imbalance_price,Long,2026-06-07T17:42:53Z
2026-06-07T17:41:56Z,2026-06-07T19:41:56+0200,9fbaedea-27ef-4990-85cf-49287850296c,2026-05-25T16:15:00Z,2026-05-25T18:15:00+0200,62.26,EUR/MWh,FR,FR,imbalance_price,Short,2026-06-07T17:42:53Z
2026-06-07T17:41:56Z,2026-06-07T19:41:56+0200,9fbaedea-27ef-4990-85cf-49287850296c,2026-05-25T16:30:00Z,2026-05-25T18:30:00+0200,-5.09,EUR/MWh,FR,FR,imbalance_price,Long,2026-06-07T17:42:53Z
2026-06-07T17:41:56Z,2026-06-07T19:41:56+0200,9fbaedea-27ef-4990-85cf-49287850296c,2026-05-25T16:30:00Z,2026-05-25T18:30:00+0200,-4.29,EUR/MWh,FR,FR,imbalance_price,Short,2026-06-07T17:42:53Z
2026-06-07T17:41:56Z,2026-06-07T19:41:56+0200,9fbaedea-27ef-4990-85cf-49287850296c,2026-05-25T16:45:00Z,2026-05-25T18:45:00+0200,68.28,EUR/MWh,FR,FR,imbalance_price,Long,2026-06-07T17:42:53Z
2026-06-07T17:41:56Z,2026-06-07T19:41:56+0200,9fbaedea-27ef-4990-85cf-49287850296c,2026-05-25T16:45:00Z,2026-05-25T18:45:00+0200,80.9,EUR/MWh,FR,FR,imbalance_price,Short,2026-06-07T17:42:53Z
2026-06-07T17:41:56Z,2026-06-07T19:41:56+0200,9fbaedea-27ef-4990-85cf-49287850296c,2026-05-25T17:00:00Z,2026-05-25T19:00:00+0200,56.86,EUR/MWh,FR,FR,imbalance_price,Long,2026-06-07T17:42:53Z
2026-06-07T17:41:56Z,2026-06-07T19:41:56+0200,9fbaedea-27ef-4990-85cf-49287850296c,2026-05-25T17:00:00Z,2026-05-25T19:00:00+0200,67.38,EUR/MWh,FR,FR,imbalance_price,Short,2026-06-07T17:42:53Z
2026-06-07T17:41:56Z,2026-06-07T19:41:56+0200,9fbaedea-27ef-4990-85cf-49287850296c,2026-05-25T17:15:00Z,2026-05-25T19:15:00+0200,85.13,EUR/MWh,FR,FR,imbalance_price,Long,2026-06-07T17:42:53Z
2026-06-07T17:41:56Z,2026-06-07T19:41:56+0200,9fbaedea-27ef-4990-85cf-49287850296c,2026-05-25T17:15:00Z,2026-05-25T19:15:00+0200,100.87,EUR/MWh,FR,FR,imbalance_price,Short,2026-06-07T17:42:53Z
2026-06-07T17:41:56Z,2026-06-07T19:41:56+0200,9fbaedea-27ef-4990-85cf-49287850296c,2026-05-25T17:30:00Z,2026-05-25T19:30:00+0200,127.82,EUR/MWh,FR,FR,imbalance_price,Long,2026-06-07T17:42:53Z
2026-06-07T17:41:56Z,2026-06-07T19:41:56+0200,9fbaedea-27ef-4990-85cf-49287850296c,2026-05-25T17:30:00Z,2026-05-25T19:30:00+0200,151.44,EUR/MWh,FR,FR,imbalance_price,Short,2026-06-07T17:42:53Z
2026-06-07T17:41:56Z,2026-06-07T19:41:56+0200,9fbaedea-27ef-4990-85cf-49287850296c,2026-05-25T17:45:00Z,2026-05-25T19:45:00+0200,107.84,EUR/MWh,FR,FR,imbalance_price,Long,2026-06-07T17:42:53Z
2026-06-07T17:41:56Z,2026-06-07T19:41:56+0200,9fbaedea-27ef-4990-85cf-49287850296c,2026-05-25T17:45:00Z,2026-05-25T19:45:00+0200,127.78,EUR/MWh,FR,FR,imbalance_price,Short,2026-06-07T17:42:53Z
2026-06-07T17:41:56Z,2026-06-07T19:41:56+0200,9fbaedea-27ef-4990-85cf-49287850296c,2026-05-25T18:00:00Z,2026-05-25T20:00:00+0200,135.27,EUR/MWh,FR,FR,imbalance_price,Long,2026-06-07T17:42:53Z
2026-06-07T17:41:56Z,2026-06-07T19:41:56+0200,9fbaedea-27ef-4990-85cf-49287850296c,2026-05-25T18:00:00Z,2026-05-25T20:00:00+0200,160.27,EUR/MWh,FR,FR,imbalance_price,Short,2026-06-07T17:42:53Z
2026-06-07T17:41:56Z,2026-06-07T19:41:56+0200,9fbaedea-27ef-4990-85cf-49287850296c,2026-05-25T18:15:00Z,2026-05-25T20:15:00+0200,110.1,EUR/MWh,FR,FR,imbalance_price,Long,2026-06-07T17:42:53Z
2026-06-07T17:41:56Z,2026-06-07T19:41:56+0200,9fbaedea-27ef-4990-85cf-49287850296c,2026-05-25T18:15:00Z,2026-05-25T20:15:00+0200,130.46,EUR/MWh,FR,FR,imbalance_price,Short,2026-06-07T17:42:53Z
2026-06-07T17:41:56Z,2026-06-07T19:41:56+0200,9fbaedea-27ef-4990-85cf-49287850296c,2026-05-25T18:30:00Z,2026-05-25T20:30:00+0200,141.45,EUR/MWh,FR,FR,imbalance_price,Long,2026-06-07T17:42:53Z
2026-06-07T17:41:56Z,2026-06-07T19:41:56+0200,9fbaedea-27ef-4990-85cf-49287850296c,2026-05-25T18:30:00Z,2026-05-25T20:30:00+0200,167.59,EUR/MWh,FR,FR,imbalance_price,Short,2026-06-07T17:42:53Z
2026-06-07T17:41:56Z,2026-06-07T19:41:56+0200,9fbaedea-27ef-4990-85cf-49287850296c,2026-05-25T18:45:00Z,2026-05-25T20:45:00+0200,135.69,EUR/MWh,FR,FR,imbalance_price,Long,2026-06-07T17:42:53Z
2026-06-07T17:41:56Z,2026-06-07T19:41:56+0200,9fbaedea-27ef-4990-85cf-49287850296c,2026-05-25T18:45:00Z,2026-05-25T20:45:00+0200,160.77,EUR/MWh,FR,FR,imbalance_price,Short,2026-06-07T17:42:53Z
2026-06-07T17:41:56Z,2026-06-07T19:41:56+0200,9fbaedea-27ef-4990-85cf-49287850296c,2026-05-25T19:00:00Z,2026-05-25T21:00:00+0200,258.77,EUR/MWh,FR,FR,imbalance_price,Long,2026-06-07T17:42:53Z
2026-06-07T17:41:56Z,2026-06-07T19:41:56+0200,9fbaedea-27ef-4990-85cf-49287850296c,2026-05-25T19:00:00Z,2026-05-25T21:00:00+0200,306.61,EUR/MWh,FR,FR,imbalance_price,Short,2026-06-07T17:42:53Z
2026-06-07T17:41:56Z,2026-06-07T19:41:56+0200,9fbaedea-27ef-4990-85cf-49287850296c,2026-05-25T19:15:00Z,2026-05-25T21:15:00+0200,240.33,EUR/MWh,FR,FR,imbalance_price,Long,2026-06-07T17:42:53Z
2026-06-07T17:41:56Z,2026-06-07T19:41:56+0200,9fbaedea-27ef-4990-85cf-49287850296c,2026-05-25T19:15:00Z,2026-05-25T21:15:00+0200,284.75,EUR/MWh,FR,FR,imbalance_price,Short,2026-06-07T17:42:53Z
2026-06-07T17:41:56Z,2026-06-07T19:41:56+0200,9fbaedea-27ef-4990-85cf-49287850296c,2026-05-25T19:30:00Z,2026-05-25T21:30:00+0200,282.41,EUR/MWh,FR,FR,imbalance_price,Long,2026-06-07T17:42:53Z
2026-06-07T17:41:56Z,2026-06-07T19:41:56+0200,9fbaedea-27ef-4990-85cf-49287850296c,2026-05-25T19:30:00Z,2026-05-25T21:30:00+0200,334.61,EUR/MWh,FR,FR,imbalance_price,Short,2026-06-07T17:42:53Z
2026-06-07T17:41:56Z,2026-06-07T19:41:56+0200,9fbaedea-27ef-4990-85cf-49287850296c,2026-05-25T19:45:00Z,2026-05-25T21:45:00+0200,273.16,EUR/MWh,FR,FR,imbalance_price,Long,2026-06-07T17:42:53Z
2026-06-07T17:41:56Z,2026-06-07T19:41:56+0200,9fbaedea-27ef-4990-85cf-49287850296c,2026-05-25T19:45:00Z,2026-05-25T21:45:00+0200,323.66,EUR/MWh,FR,FR,imbalance_price,Short,2026-06-07T17:42:53Z
2026-06-07T17:41:56Z,2026-06-07T19:41:56+0200,9fbaedea-27ef-4990-85cf-49287850296c,2026-05-25T20:00:00Z,2026-05-25T22:00:00+0200,203.46,EUR/MWh,FR,FR,imbalance_price,Long,2026-06-07T17:42:53Z
2026-06-07T17:41:56Z,2026-06-07T19:41:56+0200,9fbaedea-27ef-4990-85cf-49287850296c,2026-05-25T20:00:00Z,2026-05-25T22:00:00+0200,241.06,EUR/MWh,FR,FR,imbalance_price,Short,2026-06-07T17:42:53Z
2026-06-07T17:41:56Z,2026-06-07T19:41:56+0200,9fbaedea-27ef-4990-85cf-49287850296c,2026-05-25T20:15:00Z,2026-05-25T22:15:00+0200,223.46,EUR/MWh,FR,FR,imbalance_price,Long,2026-06-07T17:42:53Z
2026-06-07T17:41:56Z,2026-06-07T19:41:56+0200,9fbaedea-27ef-4990-85cf-49287850296c,2026-05-25T20:15:00Z,2026-05-25T22:15:00+0200,264.76,EUR/MWh,FR,FR,imbalance_price,Short,2026-06-07T17:42:53Z
2026-06-07T17:41:56Z,2026-06-07T19:41:56+0200,9fbaedea-27ef-4990-85cf-49287850296c,2026-05-25T20:30:00Z,2026-05-25T22:30:00+0200,211.78,EUR/MWh,FR,FR,imbalance_price,Long,2026-06-07T17:42:53Z
2026-06-07T17:41:56Z,2026-06-07T19:41:56+0200,9fbaedea-27ef-4990-85cf-49287850296c,2026-05-25T20:30:00Z,2026-05-25T22:30:00+0200,250.92,EUR/MWh,FR,FR,imbalance_price,Short,2026-06-07T17:42:53Z
2026-06-07T17:41:56Z,2026-06-07T19:41:56+0200,9fbaedea-27ef-4990-85cf-49287850296c,2026-05-25T20:45:00Z,2026-05-25T22:45:00+0200,228.35,EUR/MWh,FR,FR,imbalance_price,Long,2026-06-07T17:42:53Z
2026-06-07T17:41:56Z,2026-06-07T19:41:56+0200,9fbaedea-27ef-4990-85cf-49287850296c,2026-05-25T20:45:00Z,2026-05-25T22:45:00+0200,270.55,EUR/MWh,FR,FR,imbalance_price,Short,2026-06-07T17:42:53Z
2026-06-07T17:41:56Z,2026-06-07T19:41:56+0200,9fbaedea-27ef-4990-85cf-49287850296c,2026-05-25T21:00:00Z,2026-05-25T23:00:00+0200,139.73,EUR/MWh,FR,FR,imbalance_price,Long,2026-06-07T17:42:53Z
2026-06-07T17:41:56Z,2026-06-07T19:41:56+0200,9fbaedea-27ef-4990-85cf-49287850296c,2026-05-25T21:00:00Z,2026-05-25T23:00:00+0200,165.55,EUR/MWh,FR,FR,imbalance_price,Short,2026-06-07T17:42:53Z
2026-06-07T17:41:56Z,2026-06-07T19:41:56+0200,9fbaedea-27ef-4990-85cf-49287850296c,2026-05-25T21:15:00Z,2026-05-25T23:15:00+0200,159.15,EUR/MWh,FR,FR,imbalance_price,Long,2026-06-07T17:42:53Z
2026-06-07T17:41:56Z,2026-06-07T19:41:56+0200,9fbaedea-27ef-4990-85cf-49287850296c,2026-05-25T21:15:00Z,2026-05-25T23:15:00+0200,188.57,EUR/MWh,FR,FR,imbalance_price,Short,2026-06-07T17:42:53Z
2026-06-07T17:41:56Z,2026-06-07T19:41:56+0200,9fbaedea-27ef-4990-85cf-49287850296c,2026-05-25T21:30:00Z,2026-05-25T23:30:00+0200,138.35,EUR/MWh,FR,FR,imbalance_price,Long,2026-06-07T17:42:53Z
2026-06-07T17:41:56Z,2026-06-07T19:41:56+0200,9fbaedea-27ef-4990-85cf-49287850296c,2026-05-25T21:30:00Z,2026-05-25T23:30:00+0200,163.93,EUR/MWh,FR,FR,imbalance_price,Short,2026-06-07T17:42:53Z
2026-06-07T17:41:56Z,2026-06-07T19:41:56+0200,9fbaedea-27ef-4990-85cf-49287850296c,2026-05-25T21:45:00Z,2026-05-25T23:45:00+0200,163.1,EUR/MWh,FR,FR,imbalance_price,Long,2026-06-07T17:42:53Z
2026-06-07T17:41:56Z,2026-06-07T19:41:56+0200,9fbaedea-27ef-4990-85cf-49287850296c,2026-05-25T21:45:00Z,2026-05-25T23:45:00+0200,193.24,EUR/MWh,FR,FR,imbalance_price,Short,2026-06-07T17:42:53Z
2026-06-07T17:41:56Z,2026-06-07T19:41:56+0200,9fbaedea-27ef-4990-85cf-49287850296c,2026-05-25T22:00:00Z,2026-05-26T00:00:00+0200,123.4,EUR/MWh,FR,FR,imbalance_price,Long,2026-06-07T17:42:53Z
2026-06-07T17:41:56Z,2026-06-07T19:41:56+0200,9fbaedea-27ef-4990-85cf-49287850296c,2026-05-25T22:00:00Z,2026-05-26T00:00:00+0200,146.2,EUR/MWh,FR,FR,imbalance_price,Short,2026-06-07T17:42:53Z
2026-06-07T17:41:56Z,2026-06-07T19:41:56+0200,9fbaedea-27ef-4990-85cf-49287850296c,2026-05-25T22:15:00Z,2026-05-26T00:15:00+0200,137.79,EUR/MWh,FR,FR,imbalance_price,Long,2026-06-07T17:42:53Z
2026-06-07T17:41:56Z,2026-06-07T19:41:56+0200,9fbaedea-27ef-4990-85cf-49287850296c,2026-05-25T22:15:00Z,2026-05-26T00:15:00+0200,163.25,EUR/MWh,FR,FR,imbalance_price,Short,2026-06-07T17:42:53Z
2026-06-07T17:41:56Z,2026-06-07T19:41:56+0200,9fbaedea-27ef-4990-85cf-49287850296c,2026-05-25T22:30:00Z,2026-05-26T00:30:00+0200,136.28,EUR/MWh,FR,FR,imbalance_price,Long,2026-06-07T17:42:53Z
2026-06-07T17:41:56Z,2026-06-07T19:41:56+0200,9fbaedea-27ef-4990-85cf-49287850296c,2026-05-25T22:30:00Z,2026-05-26T00:30:00+0200,161.48,EUR/MWh,FR,FR,imbalance_price,Short,2026-06-07T17:42:53Z
2026-06-07T17:41:56Z,2026-06-07T19:41:56+0200,9fbaedea-27ef-4990-85cf-49287850296c,2026-05-25T22:45:00Z,2026-05-26T00:45:00+0200,138.23,EUR/MWh,FR,FR,imbalance_price,Long,2026-06-07T17:42:53Z
2026-06-07T17:41:56Z,2026-06-07T19:41:56+0200,9fbaedea-27ef-4990-85cf-49287850296c,2026-05-25T22:45:00Z,2026-05-26T00:45:00+0200,163.77,EUR/MWh,FR,FR,imbalance_price,Short,2026-06-07T17:42:53Z
2026-06-07T17:41:56Z,2026-06-07T19:41:56+0200,9fbaedea-27ef-4990-85cf-49287850296c,2026-05-25T23:00:00Z,2026-05-26T01:00:00+0200,76.25,EUR/MWh,FR,FR,imbalance_price,Long,2026-06-07T17:42:53Z
2026-06-07T17:41:56Z,2026-06-07T19:41:56+0200,9fbaedea-27ef-4990-85cf-49287850296c,2026-05-25T23:00:00Z,2026-05-26T01:00:00+0200,90.35,EUR/MWh,FR,FR,imbalance_price,Short,2026-06-07T17:42:53Z
2026-06-07T17:41:56Z,2026-06-07T19:41:56+0200,9fbaedea-27ef-4990-85cf-49287850296c,2026-05-25T23:15:00Z,2026-05-26T01:15:00+0200,99.12,EUR/MWh,FR,FR,imbalance_price,Long,2026-06-07T17:42:53Z
2026-06-07T17:41:56Z,2026-06-07T19:41:56+0200,9fbaedea-27ef-4990-85cf-49287850296c,2026-05-25T23:15:00Z,2026-05-26T01:15:00+0200,117.44,EUR/MWh,FR,FR,imbalance_price,Short,2026-06-07T17:42:53Z
2026-06-07T17:41:56Z,2026-06-07T19:41:56+0200,9fbaedea-27ef-4990-85cf-49287850296c,2026-05-25T23:30:00Z,2026-05-26T01:30:00+0200,100.9,EUR/MWh,FR,FR,imbalance_price,Long,2026-06-07T17:42:53Z
2026-06-07T17:41:56Z,2026-06-07T19:41:56+0200,9fbaedea-27ef-4990-85cf-49287850296c,2026-05-25T23:30:00Z,2026-05-26T01:30:00+0200,119.56,EUR/MWh,FR,FR,imbalance_price,Short,2026-06-07T17:42:53Z
2026-06-07T17:41:56Z,2026-06-07T19:41:56+0200,9fbaedea-27ef-4990-85cf-49287850296c,2026-05-25T23:45:00Z,2026-05-26T01:45:00+0200,94.38,EUR/MWh,FR,FR,imbalance_price,Long,2026-06-07T17:42:53Z
2026-06-07T17:41:56Z,2026-06-07T19:41:56+0200,9fbaedea-27ef-4990-85cf-49287850296c,2026-05-25T23:45:00Z,2026-05-26T01:45:00+0200,111.82,EUR/MWh,FR,FR,imbalance_price,Short,2026-06-07T17:42:53Z
2026-06-07T17:41:56Z,2026-06-07T19:41:56+0200,9fbaedea-27ef-4990-85cf-49287850296c,2026-05-26T00:00:00Z,2026-05-26T02:00:00+0200,118.99,EUR/MWh,FR,FR,imbalance_price,Long,2026-06-07T17:42:53Z
2026-06-07T17:41:56Z,2026-06-07T19:41:56+0200,9fbaedea-27ef-4990-85cf-49287850296c,2026-05-26T00:00:00Z,2026-05-26T02:00:00+0200,140.99,EUR/MWh,FR,FR,imbalance_price,Short,2026-06-07T17:42:53Z
2026-06-07T17:41:56Z,2026-06-07T19:41:56+0200,9fbaedea-27ef-4990-85cf-49287850296c,2026-05-26T00:15:00Z,2026-05-26T02:15:00+0200,118.99,EUR/MWh,FR,FR,imbalance_price,Long,2026-06-07T17:42:53Z
2026-06-07T17:41:56Z,2026-06-07T19:41:56+0200,9fbaedea-27ef-4990-85cf-49287850296c,2026-05-26T00:15:00Z,2026-05-26T02:15:00+0200,140.99,EUR/MWh,FR,FR,imbalance_price,Short,2026-06-07T17:42:53Z
2026-06-07T17:41:56Z,2026-06-07T19:41:56+0200,9fbaedea-27ef-4990-85cf-49287850296c,2026-05-26T00:30:00Z,2026-05-26T02:30:00+0200,118.99,EUR/MWh,FR,FR,imbalance_price,Long,2026-06-07T17:42:53Z
2026-06-07T17:41:56Z,2026-06-07T19:41:56+0200,9fbaedea-27ef-4990-85cf-49287850296c,2026-05-26T00:30:00Z,2026-05-26T02:30:00+0200,140.99,EUR/MWh,FR,FR,imbalance_price,Short,2026-06-07T17:42:53Z
2026-06-07T17:41:56Z,2026-06-07T19:41:56+0200,9fbaedea-27ef-4990-85cf-49287850296c,2026-05-26T00:45:00Z,2026-05-26T02:45:00+0200,118.99,EUR/MWh,FR,FR,imbalance_price,Long,2026-06-07T17:42:53Z
2026-06-07T17:41:56Z,2026-06-07T19:41:56+0200,9fbaedea-27ef-4990-85cf-49287850296c,2026-05-26T00:45:00Z,2026-05-26T02:45:00+0200,140.99,EUR/MWh,FR,FR,imbalance_price,Short,2026-06-07T17:42:53Z
2026-06-07T17:41:56Z,2026-06-07T19:41:56+0200,9fbaedea-27ef-4990-85cf-49287850296c,2026-05-26T01:00:00Z,2026-05-26T03:00:00+0200,116.73,EUR/MWh,FR,FR,imbalance_price,Long,2026-06-07T17:42:53Z
2026-06-07T17:41:56Z,2026-06-07T19:41:56+0200,9fbaedea-27ef-4990-85cf-49287850296c,2026-05-26T01:00:00Z,2026-05-26T03:00:00+0200,138.31,EUR/MWh,FR,FR,imbalance_price,Short,2026-06-07T17:42:53Z
2026-06-07T17:41:56Z,2026-06-07T19:41:56+0200,9fbaedea-27ef-4990-85cf-49287850296c,2026-05-26T01:15:00Z,2026-05-26T03:15:00+0200,118.3,EUR/MWh,FR,FR,imbalance_price,Long,2026-06-07T17:42:53Z
2026-06-07T17:41:56Z,2026-06-07T19:41:56+0200,9fbaedea-27ef-4990-85cf-49287850296c,2026-05-26T01:15:00Z,2026-05-26T03:15:00+0200,140.16,EUR/MWh,FR,FR,imbalance_price,Short,2026-06-07T17:42:53Z
2026-06-07T17:41:56Z,2026-06-07T19:41:56+0200,9fbaedea-27ef-4990-85cf-49287850296c,2026-05-26T01:30:00Z,2026-05-26T03:30:00+0200,122.66,EUR/MWh,FR,FR,imbalance_price,Long,2026-06-07T17:42:53Z
2026-06-07T17:41:56Z,2026-06-07T19:41:56+0200,9fbaedea-27ef-4990-85cf-49287850296c,2026-05-26T01:30:00Z,2026-05-26T03:30:00+0200,145.34,EUR/MWh,FR,FR,imbalance_price,Short,2026-06-07T17:42:53Z
2026-06-07T17:41:56Z,2026-06-07T19:41:56+0200,9fbaedea-27ef-4990-85cf-49287850296c,2026-05-26T01:45:00Z,2026-05-26T03:45:00+0200,122.66,EUR/MWh,FR,FR,imbalance_price,Long,2026-06-07T17:42:53Z
2026-06-07T17:41:56Z,2026-06-07T19:41:56+0200,9fbaedea-27ef-4990-85cf-49287850296c,2026-05-26T01:45:00Z,2026-05-26T03:45:00+0200,145.34,EUR/MWh,FR,FR,imbalance_price,Short,2026-06-07T17:42:53Z
2026-06-07T17:41:56Z,2026-06-07T19:41:56+0200,9fbaedea-27ef-4990-85cf-49287850296c,2026-05-26T02:00:00Z,2026-05-26T04:00:00+0200,0.27,EUR/MWh,FR,FR,imbalance_price,Long,2026-06-07T17:42:53Z
2026-06-07T17:41:56Z,2026-06-07T19:41:56+0200,9fbaedea-27ef-4990-85cf-49287850296c,2026-05-26T02:00:00Z,2026-05-26T04:00:00+0200,0.33,EUR/MWh,FR,FR,imbalance_price,Short,2026-06-07T17:42:53Z
2026-06-07T17:41:56Z,2026-06-07T19:41:56+0200,9fbaedea-27ef-4990-85cf-49287850296c,2026-05-26T02:15:00Z,2026-05-26T04:15:00+0200,0.27,EUR/MWh,FR,FR,imbalance_price,Long,2026-06-07T17:42:53Z
2026-06-07T17:41:56Z,2026-06-07T19:41:56+0200,9fbaedea-27ef-4990-85cf-49287850296c,2026-05-26T02:15:00Z,2026-05-26T04:15:00+0200,0.31,EUR/MWh,FR,FR,imbalance_price,Short,2026-06-07T17:42:53Z
2026-06-07T17:41:56Z,2026-06-07T19:41:56+0200,9fbaedea-27ef-4990-85cf-49287850296c,2026-05-26T02:30:00Z,2026-05-26T04:30:00+0200,0.27,EUR/MWh,FR,FR,imbalance_price,Long,2026-06-07T17:42:53Z
2026-06-07T17:41:56Z,2026-06-07T19:41:56+0200,9fbaedea-27ef-4990-85cf-49287850296c,2026-05-26T02:30:00Z,2026-05-26T04:30:00+0200,0.31,EUR/MWh,FR,FR,imbalance_price,Short,2026-06-07T17:42:53Z
2026-06-07T17:41:56Z,2026-06-07T19:41:56+0200,9fbaedea-27ef-4990-85cf-49287850296c,2026-05-26T02:45:00Z,2026-05-26T04:45:00+0200,27.02,EUR/MWh,FR,FR,imbalance_price,Long,2026-06-07T17:42:53Z
2026-06-07T17:41:56Z,2026-06-07T19:41:56+0200,9fbaedea-27ef-4990-85cf-49287850296c,2026-05-26T02:45:00Z,2026-05-26T04:45:00+0200,32.02,EUR/MWh,FR,FR,imbalance_price,Short,2026-06-07T17:42:53Z
2026-06-07T17:41:56Z,2026-06-07T19:41:56+0200,9fbaedea-27ef-4990-85cf-49287850296c,2026-05-26T03:00:00Z,2026-05-26T05:00:00+0200,53.94,EUR/MWh,FR,FR,imbalance_price,Long,2026-06-07T17:42:53Z
2026-06-07T17:41:56Z,2026-06-07T19:41:56+0200,9fbaedea-27ef-4990-85cf-49287850296c,2026-05-26T03:00:00Z,2026-05-26T05:00:00+0200,63.9,EUR/MWh,FR,FR,imbalance_price,Short,2026-06-07T17:42:53Z
2026-06-07T17:41:56Z,2026-06-07T19:41:56+0200,9fbaedea-27ef-4990-85cf-49287850296c,2026-05-26T03:15:00Z,2026-05-26T05:15:00+0200,59.66,EUR/MWh,FR,FR,imbalance_price,Long,2026-06-07T17:42:53Z
2026-06-07T17:41:56Z,2026-06-07T19:41:56+0200,9fbaedea-27ef-4990-85cf-49287850296c,2026-05-26T03:15:00Z,2026-05-26T05:15:00+0200,70.68,EUR/MWh,FR,FR,imbalance_price,Short,2026-06-07T17:42:53Z
2026-06-07T17:41:56Z,2026-06-07T19:41:56+0200,9fbaedea-27ef-4990-85cf-49287850296c,2026-05-26T03:30:00Z,2026-05-26T05:30:00+0200,15.43,EUR/MWh,FR,FR,imbalance_price,Long,2026-06-07T17:42:53Z
2026-06-07T17:41:56Z,2026-06-07T19:41:56+0200,9fbaedea-27ef-4990-85cf-49287850296c,2026-05-26T03:30:00Z,2026-05-26T05:30:00+0200,18.29,EUR/MWh,FR,FR,imbalance_price,Short,2026-06-07T17:42:53Z
2026-06-07T17:41:56Z,2026-06-07T19:41:56+0200,9fbaedea-27ef-4990-85cf-49287850296c,2026-05-26T03:45:00Z,2026-05-26T05:45:00+0200,12.39,EUR/MWh,FR,FR,imbalance_price,Long,2026-06-07T17:42:53Z
2026-06-07T17:41:56Z,2026-06-07T19:41:56+0200,9fbaedea-27ef-4990-85cf-49287850296c,2026-05-26T03:45:00Z,2026-05-26T05:45:00+0200,14.69,EUR/MWh,FR,FR,imbalance_price,Short,2026-06-07T17:42:53Z
2026-06-07T17:41:56Z,2026-06-07T19:41:56+0200,9fbaedea-27ef-4990-85cf-49287850296c,2026-05-26T04:00:00Z,2026-05-26T06:00:00+0200,5.25,EUR/MWh,FR,FR,imbalance_price,Long,2026-06-07T17:42:53Z
2026-06-07T17:41:56Z,2026-06-07T19:41:56+0200,9fbaedea-27ef-4990-85cf-49287850296c,2026-05-26T04:00:00Z,2026-05-26T06:00:00+0200,6.23,EUR/MWh,FR,FR,imbalance_price,Short,2026-06-07T17:42:53Z
2026-06-07T17:41:56Z,2026-06-07T19:41:56+0200,9fbaedea-27ef-4990-85cf-49287850296c,2026-05-26T04:15:00Z,2026-05-26T06:15:00+0200,0.4,EUR/MWh,FR,FR,imbalance_price,Long,2026-06-07T17:42:53Z
2026-06-07T17:41:56Z,2026-06-07T19:41:56+0200,9fbaedea-27ef-4990-85cf-49287850296c,2026-05-26T04:15:00Z,2026-05-26T06:15:00+0200,0.48,EUR/MWh,FR,FR,imbalance_price,Short,2026-06-07T17:42:53Z
2026-06-07T17:41:56Z,2026-06-07T19:41:56+0200,9fbaedea-27ef-4990-85cf-49287850296c,2026-05-26T04:30:00Z,2026-05-26T06:30:00+0200,0.05,EUR/MWh,FR,FR,imbalance_price,Long,2026-06-07T17:42:53Z
2026-06-07T17:41:56Z,2026-06-07T19:41:56+0200,9fbaedea-27ef-4990-85cf-49287850296c,2026-05-26T04:30:00Z,2026-05-26T06:30:00+0200,0.05,EUR/MWh,FR,FR,imbalance_price,Short,2026-06-07T17:42:53Z
2026-06-07T17:41:56Z,2026-06-07T19:41:56+0200,9fbaedea-27ef-4990-85cf-49287850296c,2026-05-26T04:45:00Z,2026-05-26T06:45:00+0200,-0.57,EUR/MWh,FR,FR,imbalance_price,Long,2026-06-07T17:42:53Z
2026-06-07T17:41:56Z,2026-06-07T19:41:56+0200,9fbaedea-27ef-4990-85cf-49287850296c,2026-05-26T04:45:00Z,2026-05-26T06:45:00+0200,-0.49,EUR/MWh,FR,FR,imbalance_price,Short,2026-06-07T17:42:53Z
2026-06-07T17:41:56Z,2026-06-07T19:41:56+0200,9fbaedea-27ef-4990-85cf-49287850296c,2026-05-26T05:00:00Z,2026-05-26T07:00:00+0200,13.98,EUR/MWh,FR,FR,imbalance_price,Long,2026-06-07T17:42:53Z
2026-06-07T17:41:56Z,2026-06-07T19:41:56+0200,9fbaedea-27ef-4990-85cf-49287850296c,2026-05-26T05:00:00Z,2026-05-26T07:00:00+0200,16.56,EUR/MWh,FR,FR,imbalance_price,Short,2026-06-07T17:42:53Z
2026-06-07T17:41:56Z,2026-06-07T19:41:56+0200,9fbaedea-27ef-4990-85cf-49287850296c,2026-05-26T05:15:00Z,2026-05-26T07:15:00+0200,1.03,EUR/MWh,FR,FR,imbalance_price,Long,2026-06-07T17:42:53Z
2026-06-07T17:41:56Z,2026-06-07T19:41:56+0200,9fbaedea-27ef-4990-85cf-49287850296c,2026-05-26T05:15:00Z,2026-05-26T07:15:00+0200,1.23,EUR/MWh,FR,FR,imbalance_price,Short,2026-06-07T17:42:53Z
2026-06-07T17:41:56Z,2026-06-07T19:41:56+0200,9fbaedea-27ef-4990-85cf-49287850296c,2026-05-26T05:30:00Z,2026-05-26T07:30:00+0200,0.78,EUR/MWh,FR,FR,imbalance_price,Long,2026-06-07T17:42:53Z
2026-06-07T17:41:56Z,2026-06-07T19:41:56+0200,9fbaedea-27ef-4990-85cf-49287850296c,2026-05-26T05:30:00Z,2026-05-26T07:30:00+0200,0.92,EUR/MWh,FR,FR,imbalance_price,Short,2026-06-07T17:42:53Z
2026-06-07T17:41:56Z,2026-06-07T19:41:56+0200,9fbaedea-27ef-4990-85cf-49287850296c,2026-05-26T05:45:00Z,2026-05-26T07:45:00+0200,14.61,EUR/MWh,FR,FR,imbalance_price,Long,2026-06-07T17:42:53Z
2026-06-07T17:41:56Z,2026-06-07T19:41:56+0200,9fbaedea-27ef-4990-85cf-49287850296c,2026-05-26T05:45:00Z,2026-05-26T07:45:00+0200,17.31,EUR/MWh,FR,FR,imbalance_price,Short,2026-06-07T17:42:53Z
2026-06-07T17:41:56Z,2026-06-07T19:41:56+0200,9fbaedea-27ef-4990-85cf-49287850296c,2026-05-26T06:00:00Z,2026-05-26T08:00:00+0200,-2.78,EUR/MWh,FR,FR,imbalance_price,Long,2026-06-07T17:42:53Z
2026-06-07T17:41:56Z,2026-06-07T19:41:56+0200,9fbaedea-27ef-4990-85cf-49287850296c,2026-05-26T06:00:00Z,2026-05-26T08:00:00+0200,-2.34,EUR/MWh,FR,FR,imbalance_price,Short,2026-06-07T17:42:53Z
2026-06-07T17:41:56Z,2026-06-07T19:41:56+0200,9fbaedea-27ef-4990-85cf-49287850296c,2026-05-26T06:15:00Z,2026-05-26T08:15:00+0200,87.07,EUR/MWh,FR,FR,imbalance_price,Long,2026-06-07T17:42:53Z
2026-06-07T17:41:56Z,2026-06-07T19:41:56+0200,9fbaedea-27ef-4990-85cf-49287850296c,2026-05-26T06:15:00Z,2026-05-26T08:15:00+0200,103.17,EUR/MWh,FR,FR,imbalance_price,Short,2026-06-07T17:42:53Z
2026-06-07T17:41:56Z,2026-06-07T19:41:56+0200,9fbaedea-27ef-4990-85cf-49287850296c,2026-05-26T06:30:00Z,2026-05-26T08:30:00+0200,101.83,EUR/MWh,FR,FR,imbalance_price,Long,2026-06-07T17:42:53Z
2026-06-07T17:41:56Z,2026-06-07T19:41:56+0200,9fbaedea-27ef-4990-85cf-49287850296c,2026-05-26T06:30:00Z,2026-05-26T08:30:00+0200,120.65,EUR/MWh,FR,FR,imbalance_price,Short,2026-06-07T17:42:53Z
2026-06-07T17:41:56Z,2026-06-07T19:41:56+0200,9fbaedea-27ef-4990-85cf-49287850296c,2026-05-26T06:45:00Z,2026-05-26T08:45:00+0200,112.77,EUR/MWh,FR,FR,imbalance_price,Long,2026-06-07T17:42:53Z
2026-06-07T17:41:56Z,2026-06-07T19:41:56+0200,9fbaedea-27ef-4990-85cf-49287850296c,2026-05-26T06:45:00Z,2026-05-26T08:45:00+0200,133.61,EUR/MWh,FR,FR,imbalance_price,Short,2026-06-07T17:42:53Z
2026-06-07T17:41:56Z,2026-06-07T19:41:56+0200,9fbaedea-27ef-4990-85cf-49287850296c,2026-05-26T07:00:00Z,2026-05-26T09:00:00+0200,3393.59,EUR/MWh,FR,FR,imbalance_price,Long,2026-06-07T17:42:53Z
2026-06-07T17:41:56Z,2026-06-07T19:41:56+0200,9fbaedea-27ef-4990-85cf-49287850296c,2026-05-26T07:00:00Z,2026-05-26T09:00:00+0200,4020.85,EUR/MWh,FR,FR,imbalance_price,Short,2026-06-07T17:42:53Z
2026-06-07T17:41:56Z,2026-06-07T19:41:56+0200,9fbaedea-27ef-4990-85cf-49287850296c,2026-05-26T07:15:00Z,2026-05-26T09:15:00+0200,376.2,EUR/MWh,FR,FR,imbalance_price,Long,2026-06-07T17:42:53Z
2026-06-07T17:41:56Z,2026-06-07T19:41:56+0200,9fbaedea-27ef-4990-85cf-49287850296c,2026-05-26T07:15:00Z,2026-05-26T09:15:00+0200,445.74,EUR/MWh,FR,FR,imbalance_price,Short,2026-06-07T17:42:53Z
2026-06-07T17:41:56Z,2026-06-07T19:41:56+0200,9fbaedea-27ef-4990-85cf-49287850296c,2026-05-26T07:30:00Z,2026-05-26T09:30:00+0200,49.28,EUR/MWh,FR,FR,imbalance_price,Long,2026-06-07T17:42:53Z
2026-06-07T17:41:56Z,2026-06-07T19:41:56+0200,9fbaedea-27ef-4990-85cf-49287850296c,2026-05-26T07:30:00Z,2026-05-26T09:30:00+0200,58.38,EUR/MWh,FR,FR,imbalance_price,Short,2026-06-07T17:42:53Z
2026-06-07T17:41:56Z,2026-06-07T19:41:56+0200,9fbaedea-27ef-4990-85cf-49287850296c,2026-05-26T07:45:00Z,2026-05-26T09:45:00+0200,50.91,EUR/MWh,FR,FR,imbalance_price,Long,2026-06-07T17:42:53Z
2026-06-07T17:41:56Z,2026-06-07T19:41:56+0200,9fbaedea-27ef-4990-85cf-49287850296c,2026-05-26T07:45:00Z,2026-05-26T09:45:00+0200,60.33,EUR/MWh,FR,FR,imbalance_price,Short,2026-06-07T17:42:53Z
2026-06-07T17:41:56Z,2026-06-07T19:41:56+0200,9fbaedea-27ef-4990-85cf-49287850296c,2026-05-26T08:00:00Z,2026-05-26T10:00:00+0200,54.7,EUR/MWh,FR,FR,imbalance_price,Long,2026-06-07T17:42:53Z
2026-06-07T17:41:56Z,2026-06-07T19:41:56+0200,9fbaedea-27ef-4990-85cf-49287850296c,2026-05-26T08:00:00Z,2026-05-26T10:00:00+0200,64.8,EUR/MWh,FR,FR,imbalance_price,Short,2026-06-07T17:42:53Z
2026-06-07T17:41:56Z,2026-06-07T19:41:56+0200,9fbaedea-27ef-4990-85cf-49287850296c,2026-05-26T08:15:00Z,2026-05-26T10:15:00+0200,32.17,EUR/MWh,FR,FR,imbalance_price,Long,2026-06-07T17:42:53Z
2026-06-07T17:41:56Z,2026-06-07T19:41:56+0200,9fbaedea-27ef-4990-85cf-49287850296c,2026-05-26T08:15:00Z,2026-05-26T10:15:00+0200,38.11,EUR/MWh,FR,FR,imbalance_price,Short,2026-06-07T17:42:53Z
2026-06-07T17:41:56Z,2026-06-07T19:41:56+0200,9fbaedea-27ef-4990-85cf-49287850296c,2026-05-26T08:30:00Z,2026-05-26T10:30:00+0200,34.98,EUR/MWh,FR,FR,imbalance_price,Long,2026-06-07T17:42:53Z
2026-06-07T17:41:56Z,2026-06-07T19:41:56+0200,9fbaedea-27ef-4990-85cf-49287850296c,2026-05-26T08:30:00Z,2026-05-26T10:30:00+0200,41.44,EUR/MWh,FR,FR,imbalance_price,Short,2026-06-07T17:42:53Z
2026-06-07T17:41:56Z,2026-06-07T19:41:56+0200,9fbaedea-27ef-4990-85cf-49287850296c,2026-05-26T08:45:00Z,2026-05-26T10:45:00+0200,29.18,EUR/MWh,FR,FR,imbalance_price,Long,2026-06-07T17:42:53Z
2026-06-07T17:41:56Z,2026-06-07T19:41:56+0200,9fbaedea-27ef-4990-85cf-49287850296c,2026-05-26T08:45:00Z,2026-05-26T10:45:00+0200,34.58,EUR/MWh,FR,FR,imbalance_price,Short,2026-06-07T17:42:53Z
2026-06-07T17:41:56Z,2026-06-07T19:41:56+0200,9fbaedea-27ef-4990-85cf-49287850296c,2026-05-26T09:00:00Z,2026-05-26T11:00:00+0200,44.3,EUR/MWh,FR,FR,imbalance_price,Long,2026-06-07T17:42:53Z
2026-06-07T17:41:56Z,2026-06-07T19:41:56+0200,9fbaedea-27ef-4990-85cf-49287850296c,2026-05-26T09:00:00Z,2026-05-26T11:00:00+0200,52.48,EUR/MWh,FR,FR,imbalance_price,Short,2026-06-07T17:42:53Z
2026-06-07T17:41:56Z,2026-06-07T19:41:56+0200,9fbaedea-27ef-4990-85cf-49287850296c,2026-05-26T09:15:00Z,2026-05-26T11:15:00+0200,47.29,EUR/MWh,FR,FR,imbalance_price,Long,2026-06-07T17:42:53Z
2026-06-07T17:41:56Z,2026-06-07T19:41:56+0200,9fbaedea-27ef-4990-85cf-49287850296c,2026-05-26T09:15:00Z,2026-05-26T11:15:00+0200,56.03,EUR/MWh,FR,FR,imbalance_price,Short,2026-06-07T17:42:53Z
2026-06-07T17:41:56Z,2026-06-07T19:41:56+0200,9fbaedea-27ef-4990-85cf-49287850296c,2026-05-26T09:30:00Z,2026-05-26T11:30:00+0200,3.56,EUR/MWh,FR,FR,imbalance_price,Long,2026-06-07T17:42:53Z
2026-06-07T17:41:56Z,2026-06-07T19:41:56+0200,9fbaedea-27ef-4990-85cf-49287850296c,2026-05-26T09:30:00Z,2026-05-26T11:30:00+0200,4.22,EUR/MWh,FR,FR,imbalance_price,Short,2026-06-07T17:42:53Z
2026-06-07T17:41:56Z,2026-06-07T19:41:56+0200,9fbaedea-27ef-4990-85cf-49287850296c,2026-05-26T09:45:00Z,2026-05-26T11:45:00+0200,3.09,EUR/MWh,FR,FR,imbalance_price,Long,2026-06-07T17:42:53Z
2026-06-07T17:41:56Z,2026-06-07T19:41:56+0200,9fbaedea-27ef-4990-85cf-49287850296c,2026-05-26T09:45:00Z,2026-05-26T11:45:00+0200,3.67,EUR/MWh,FR,FR,imbalance_price,Short,2026-06-07T17:42:53Z
2026-06-07T17:41:56Z,2026-06-07T19:41:56+0200,9fbaedea-27ef-4990-85cf-49287850296c,2026-05-26T10:00:00Z,2026-05-26T12:00:00+0200,9.14,EUR/MWh,FR,FR,imbalance_price,Long,2026-06-07T17:42:53Z
2026-06-07T17:41:56Z,2026-06-07T19:41:56+0200,9fbaedea-27ef-4990-85cf-49287850296c,2026-05-26T10:00:00Z,2026-05-26T12:00:00+0200,10.84,EUR/MWh,FR,FR,imbalance_price,Short,2026-06-07T17:42:53Z
2026-06-07T17:41:56Z,2026-06-07T19:41:56+0200,9fbaedea-27ef-4990-85cf-49287850296c,2026-05-26T10:15:00Z,2026-05-26T12:15:00+0200,4.48,EUR/MWh,FR,FR,imbalance_price,Long,2026-06-07T17:42:53Z
2026-06-07T17:41:56Z,2026-06-07T19:41:56+0200,9fbaedea-27ef-4990-85cf-49287850296c,2026-05-26T10:15:00Z,2026-05-26T12:15:00+0200,5.3,EUR/MWh,FR,FR,imbalance_price,Short,2026-06-07T17:42:53Z
2026-06-07T17:41:56Z,2026-06-07T19:41:56+0200,9fbaedea-27ef-4990-85cf-49287850296c,2026-05-26T10:30:00Z,2026-05-26T12:30:00+0200,4.03,EUR/MWh,FR,FR,imbalance_price,Long,2026-06-07T17:42:53Z
2026-06-07T17:41:56Z,2026-06-07T19:41:56+0200,9fbaedea-27ef-4990-85cf-49287850296c,2026-05-26T10:30:00Z,2026-05-26T12:30:00+0200,4.77,EUR/MWh,FR,FR,imbalance_price,Short,2026-06-07T17:42:53Z
2026-06-07T17:41:56Z,2026-06-07T19:41:56+0200,9fbaedea-27ef-4990-85cf-49287850296c,2026-05-26T10:45:00Z,2026-05-26T12:45:00+0200,-4.28,EUR/MWh,FR,FR,imbalance_price,Long,2026-06-07T17:42:53Z
2026-06-07T17:41:56Z,2026-06-07T19:41:56+0200,9fbaedea-27ef-4990-85cf-49287850296c,2026-05-26T10:45:00Z,2026-05-26T12:45:00+0200,-3.62,EUR/MWh,FR,FR,imbalance_price,Short,2026-06-07T17:42:53Z
2026-06-07T17:41:56Z,2026-06-07T19:41:56+0200,9fbaedea-27ef-4990-85cf-49287850296c,2026-05-26T11:00:00Z,2026-05-26T13:00:00+0200,-3.33,EUR/MWh,FR,FR,imbalance_price,Long,2026-06-07T17:42:53Z
2026-06-07T17:41:56Z,2026-06-07T19:41:56+0200,9fbaedea-27ef-4990-85cf-49287850296c,2026-05-26T11:00:00Z,2026-05-26T13:00:00+0200,-2.81,EUR/MWh,FR,FR,imbalance_price,Short,2026-06-07T17:42:53Z
2026-06-07T17:41:56Z,2026-06-07T19:41:56+0200,9fbaedea-27ef-4990-85cf-49287850296c,2026-05-26T11:15:00Z,2026-05-26T13:15:00+0200,-0.26,EUR/MWh,FR,FR,imbalance_price,Long,2026-06-07T17:42:53Z
2026-06-07T17:41:56Z,2026-06-07T19:41:56+0200,9fbaedea-27ef-4990-85cf-49287850296c,2026-05-26T11:15:00Z,2026-05-26T13:15:00+0200,-0.22,EUR/MWh,FR,FR,imbalance_price,Short,2026-06-07T17:42:53Z
2026-06-07T17:41:56Z,2026-06-07T19:41:56+0200,9fbaedea-27ef-4990-85cf-49287850296c,2026-05-26T11:30:00Z,2026-05-26T13:30:00+0200,-2.49,EUR/MWh,FR,FR,imbalance_price,Long,2026-06-07T17:42:53Z
2026-06-07T17:41:56Z,2026-06-07T19:41:56+0200,9fbaedea-27ef-4990-85cf-49287850296c,2026-05-26T11:30:00Z,2026-05-26T13:30:00+0200,-2.11,EUR/MWh,FR,FR,imbalance_price,Short,2026-06-07T17:42:53Z
2026-06-07T17:41:56Z,2026-06-07T19:41:56+0200,9fbaedea-27ef-4990-85cf-49287850296c,2026-05-26T11:45:00Z,2026-05-26T13:45:00+0200,-0.43,EUR/MWh,FR,FR,imbalance_price,Long,2026-06-07T17:42:53Z
2026-06-07T17:41:56Z,2026-06-07T19:41:56+0200,9fbaedea-27ef-4990-85cf-49287850296c,2026-05-26T11:45:00Z,2026-05-26T13:45:00+0200,-0.37,EUR/MWh,FR,FR,imbalance_price,Short,2026-06-07T17:42:53Z
2026-06-07T17:41:56Z,2026-06-07T19:41:56+0200,9fbaedea-27ef-4990-85cf-49287850296c,2026-05-26T12:00:00Z,2026-05-26T14:00:00+0200,-1.49,EUR/MWh,FR,FR,imbalance_price,Long,2026-06-07T17:42:53Z
2026-06-07T17:41:56Z,2026-06-07T19:41:56+0200,9fbaedea-27ef-4990-85cf-49287850296c,2026-05-26T12:00:00Z,2026-05-26T14:00:00+0200,-1.25,EUR/MWh,FR,FR,imbalance_price,Short,2026-06-07T17:42:53Z
2026-06-07T17:41:56Z,2026-06-07T19:41:56+0200,9fbaedea-27ef-4990-85cf-49287850296c,2026-05-26T12:15:00Z,2026-05-26T14:15:00+0200,7.51,EUR/MWh,FR,FR,imbalance_price,Long,2026-06-07T17:42:53Z
2026-06-07T17:41:56Z,2026-06-07T19:41:56+0200,9fbaedea-27ef-4990-85cf-49287850296c,2026-05-26T12:15:00Z,2026-05-26T14:15:00+0200,8.89,EUR/MWh,FR,FR,imbalance_price,Short,2026-06-07T17:42:53Z
2026-06-07T17:41:56Z,2026-06-07T19:41:56+0200,9fbaedea-27ef-4990-85cf-49287850296c,2026-05-26T12:30:00Z,2026-05-26T14:30:00+0200,4.81,EUR/MWh,FR,FR,imbalance_price,Long,2026-06-07T17:42:53Z
2026-06-07T17:41:56Z,2026-06-07T19:41:56+0200,9fbaedea-27ef-4990-85cf-49287850296c,2026-05-26T12:30:00Z,2026-05-26T14:30:00+0200,5.69,EUR/MWh,FR,FR,imbalance_price,Short,2026-06-07T17:42:53Z
2026-06-07T17:41:56Z,2026-06-07T19:41:56+0200,9fbaedea-27ef-4990-85cf-49287850296c,2026-05-26T12:45:00Z,2026-05-26T14:45:00+0200,-2.57,EUR/MWh,FR,FR,imbalance_price,Long,2026-06-07T17:42:53Z
2026-06-07T17:41:56Z,2026-06-07T19:41:56+0200,9fbaedea-27ef-4990-85cf-49287850296c,2026-05-26T12:45:00Z,2026-05-26T14:45:00+0200,-2.17,EUR/MWh,FR,FR,imbalance_price,Short,2026-06-07T17:42:53Z
2026-06-07T17:41:56Z,2026-06-07T19:41:56+0200,9fbaedea-27ef-4990-85cf-49287850296c,2026-05-26T13:00:00Z,2026-05-26T15:00:00+0200,-3.35,EUR/MWh,FR,FR,imbalance_price,Long,2026-06-07T17:42:53Z
2026-06-07T17:41:56Z,2026-06-07T19:41:56+0200,9fbaedea-27ef-4990-85cf-49287850296c,2026-05-26T13:00:00Z,2026-05-26T15:00:00+0200,-2.83,EUR/MWh,FR,FR,imbalance_price,Short,2026-06-07T17:42:53Z
2026-06-07T17:41:56Z,2026-06-07T19:41:56+0200,9fbaedea-27ef-4990-85cf-49287850296c,2026-05-26T13:15:00Z,2026-05-26T15:15:00+0200,-3.89,EUR/MWh,FR,FR,imbalance_price,Long,2026-06-07T17:42:53Z
2026-06-07T17:41:56Z,2026-06-07T19:41:56+0200,9fbaedea-27ef-4990-85cf-49287850296c,2026-05-26T13:15:00Z,2026-05-26T15:15:00+0200,-3.29,EUR/MWh,FR,FR,imbalance_price,Short,2026-06-07T17:42:53Z
2026-06-07T17:41:56Z,2026-06-07T19:41:56+0200,9fbaedea-27ef-4990-85cf-49287850296c,2026-05-26T13:30:00Z,2026-05-26T15:30:00+0200,-4.28,EUR/MWh,FR,FR,imbalance_price,Long,2026-06-07T17:42:53Z
2026-06-07T17:41:56Z,2026-06-07T19:41:56+0200,9fbaedea-27ef-4990-85cf-49287850296c,2026-05-26T13:30:00Z,2026-05-26T15:30:00+0200,-3.62,EUR/MWh,FR,FR,imbalance_price,Short,2026-06-07T17:42:53Z
2026-06-07T17:41:56Z,2026-06-07T19:41:56+0200,9fbaedea-27ef-4990-85cf-49287850296c,2026-05-26T13:45:00Z,2026-05-26T15:45:00+0200,93.62,EUR/MWh,FR,FR,imbalance_price,Long,2026-06-07T17:42:53Z
2026-06-07T17:41:56Z,2026-06-07T19:41:56+0200,9fbaedea-27ef-4990-85cf-49287850296c,2026-05-26T13:45:00Z,2026-05-26T15:45:00+0200,110.92,EUR/MWh,FR,FR,imbalance_price,Short,2026-06-07T17:42:53Z
2026-06-07T17:41:56Z,2026-06-07T19:41:56+0200,9fbaedea-27ef-4990-85cf-49287850296c,2026-05-26T14:00:00Z,2026-05-26T16:00:00+0200,49.44,EUR/MWh,FR,FR,imbalance_price,Long,2026-06-07T17:42:53Z
2026-06-07T17:41:56Z,2026-06-07T19:41:56+0200,9fbaedea-27ef-4990-85cf-49287850296c,2026-05-26T14:00:00Z,2026-05-26T16:00:00+0200,58.58,EUR/MWh,FR,FR,imbalance_price,Short,2026-06-07T17:42:53Z
2026-06-07T17:41:56Z,2026-06-07T19:41:56+0200,9fbaedea-27ef-4990-85cf-49287850296c,2026-05-26T14:15:00Z,2026-05-26T16:15:00+0200,2.79,EUR/MWh,FR,FR,imbalance_price,Long,2026-06-07T17:42:53Z
2026-06-07T17:41:56Z,2026-06-07T19:41:56+0200,9fbaedea-27ef-4990-85cf-49287850296c,2026-05-26T14:15:00Z,2026-05-26T16:15:00+0200,3.31,EUR/MWh,FR,FR,imbalance_price,Short,2026-06-07T17:42:53Z
2026-06-07T17:41:56Z,2026-06-07T19:41:56+0200,9fbaedea-27ef-4990-85cf-49287850296c,2026-05-26T14:30:00Z,2026-05-26T16:30:00+0200,59.81,EUR/MWh,FR,FR,imbalance_price,Long,2026-06-07T17:42:53Z
2026-06-07T17:41:56Z,2026-06-07T19:41:56+0200,9fbaedea-27ef-4990-85cf-49287850296c,2026-05-26T14:30:00Z,2026-05-26T16:30:00+0200,70.87,EUR/MWh,FR,FR,imbalance_price,Short,2026-06-07T17:42:53Z
2026-06-07T17:41:56Z,2026-06-07T19:41:56+0200,9fbaedea-27ef-4990-85cf-49287850296c,2026-05-26T14:45:00Z,2026-05-26T16:45:00+0200,78.52,EUR/MWh,FR,FR,imbalance_price,Long,2026-06-07T17:42:53Z
2026-06-07T17:41:56Z,2026-06-07T19:41:56+0200,9fbaedea-27ef-4990-85cf-49287850296c,2026-05-26T14:45:00Z,2026-05-26T16:45:00+0200,93.04,EUR/MWh,FR,FR,imbalance_price,Short,2026-06-07T17:42:53Z
2026-06-07T17:41:56Z,2026-06-07T19:41:56+0200,9fbaedea-27ef-4990-85cf-49287850296c,2026-05-26T15:00:00Z,2026-05-26T17:00:00+0200,64.0,EUR/MWh,FR,FR,imbalance_price,Long,2026-06-07T17:42:53Z
2026-06-07T17:41:56Z,2026-06-07T19:41:56+0200,9fbaedea-27ef-4990-85cf-49287850296c,2026-05-26T15:00:00Z,2026-05-26T17:00:00+0200,75.82,EUR/MWh,FR,FR,imbalance_price,Short,2026-06-07T17:42:53Z
2026-06-07T17:41:56Z,2026-06-07T19:41:56+0200,9fbaedea-27ef-4990-85cf-49287850296c,2026-05-26T15:15:00Z,2026-05-26T17:15:00+0200,73.15,EUR/MWh,FR,FR,imbalance_price,Long,2026-06-07T17:42:53Z
2026-06-07T17:41:56Z,2026-06-07T19:41:56+0200,9fbaedea-27ef-4990-85cf-49287850296c,2026-05-26T15:15:00Z,2026-05-26T17:15:00+0200,86.67,EUR/MWh,FR,FR,imbalance_price,Short,2026-06-07T17:42:53Z
2026-06-07T17:41:56Z,2026-06-07T19:41:56+0200,9fbaedea-27ef-4990-85cf-49287850296c,2026-05-26T15:30:00Z,2026-05-26T17:30:00+0200,76.97,EUR/MWh,FR,FR,imbalance_price,Long,2026-06-07T17:42:53Z
2026-06-07T17:41:56Z,2026-06-07T19:41:56+0200,9fbaedea-27ef-4990-85cf-49287850296c,2026-05-26T15:30:00Z,2026-05-26T17:30:00+0200,91.19,EUR/MWh,FR,FR,imbalance_price,Short,2026-06-07T17:42:53Z
2026-06-07T17:41:56Z,2026-06-07T19:41:56+0200,9fbaedea-27ef-4990-85cf-49287850296c,2026-05-26T15:45:00Z,2026-05-26T17:45:00+0200,85.69,EUR/MWh,FR,FR,imbalance_price,Long,2026-06-07T17:42:53Z
2026-06-07T17:41:56Z,2026-06-07T19:41:56+0200,9fbaedea-27ef-4990-85cf-49287850296c,2026-05-26T15:45:00Z,2026-05-26T17:45:00+0200,101.53,EUR/MWh,FR,FR,imbalance_price,Short,2026-06-07T17:42:53Z
2026-06-07T17:41:56Z,2026-06-07T19:41:56+0200,9fbaedea-27ef-4990-85cf-49287850296c,2026-05-26T16:00:00Z,2026-05-26T18:00:00+0200,7.88,EUR/MWh,FR,FR,imbalance_price,Long,2026-06-07T17:42:53Z
2026-06-07T17:41:56Z,2026-06-07T19:41:56+0200,9fbaedea-27ef-4990-85cf-49287850296c,2026-05-26T16:00:00Z,2026-05-26T18:00:00+0200,9.34,EUR/MWh,FR,FR,imbalance_price,Short,2026-06-07T17:42:53Z
2026-06-07T17:41:56Z,2026-06-07T19:41:56+0200,9fbaedea-27ef-4990-85cf-49287850296c,2026-05-26T16:15:00Z,2026-05-26T18:15:00+0200,89.01,EUR/MWh,FR,FR,imbalance_price,Long,2026-06-07T17:42:53Z
2026-06-07T17:41:56Z,2026-06-07T19:41:56+0200,9fbaedea-27ef-4990-85cf-49287850296c,2026-05-26T16:15:00Z,2026-05-26T18:15:00+0200,105.47,EUR/MWh,FR,FR,imbalance_price,Short,2026-06-07T17:42:53Z
2026-06-07T17:41:56Z,2026-06-07T19:41:56+0200,9fbaedea-27ef-4990-85cf-49287850296c,2026-05-26T16:30:00Z,2026-05-26T18:30:00+0200,-9.77,EUR/MWh,FR,FR,imbalance_price,Long,2026-06-07T17:42:53Z
2026-06-07T17:41:56Z,2026-06-07T19:41:56+0200,9fbaedea-27ef-4990-85cf-49287850296c,2026-05-26T16:30:00Z,2026-05-26T18:30:00+0200,-8.25,EUR/MWh,FR,FR,imbalance_price,Short,2026-06-07T17:42:53Z
2026-06-07T17:41:56Z,2026-06-07T19:41:56+0200,9fbaedea-27ef-4990-85cf-49287850296c,2026-05-26T16:45:00Z,2026-05-26T18:45:00+0200,159.58,EUR/MWh,FR,FR,imbalance_price,Long,2026-06-07T17:42:53Z
2026-06-07T17:41:56Z,2026-06-07T19:41:56+0200,9fbaedea-27ef-4990-85cf-49287850296c,2026-05-26T16:45:00Z,2026-05-26T18:45:00+0200,189.08,EUR/MWh,FR,FR,imbalance_price,Short,2026-06-07T17:42:53Z
2026-06-07T17:41:56Z,2026-06-07T19:41:56+0200,9fbaedea-27ef-4990-85cf-49287850296c,2026-05-26T17:00:00Z,2026-05-26T19:00:00+0200,215.13,EUR/MWh,FR,FR,imbalance_price,Long,2026-06-07T17:42:53Z
2026-06-07T17:41:56Z,2026-06-07T19:41:56+0200,9fbaedea-27ef-4990-85cf-49287850296c,2026-05-26T17:00:00Z,2026-05-26T19:00:00+0200,254.89,EUR/MWh,FR,FR,imbalance_price,Short,2026-06-07T17:42:53Z
2026-06-07T17:41:56Z,2026-06-07T19:41:56+0200,9fbaedea-27ef-4990-85cf-49287850296c,2026-05-26T17:15:00Z,2026-05-26T19:15:00+0200,295.23,EUR/MWh,FR,FR,imbalance_price,Long,2026-06-07T17:42:53Z
2026-06-07T17:41:56Z,2026-06-07T19:41:56+0200,9fbaedea-27ef-4990-85cf-49287850296c,2026-05-26T17:15:00Z,2026-05-26T19:15:00+0200,349.79,EUR/MWh,FR,FR,imbalance_price,Short,2026-06-07T17:42:53Z
2026-06-07T17:41:56Z,2026-06-07T19:41:56+0200,9fbaedea-27ef-4990-85cf-49287850296c,2026-05-26T17:30:00Z,2026-05-26T19:30:00+0200,241.86,EUR/MWh,FR,FR,imbalance_price,Long,2026-06-07T17:42:53Z
2026-06-07T17:41:56Z,2026-06-07T19:41:56+0200,9fbaedea-27ef-4990-85cf-49287850296c,2026-05-26T17:30:00Z,2026-05-26T19:30:00+0200,286.56,EUR/MWh,FR,FR,imbalance_price,Short,2026-06-07T17:42:53Z
2026-06-07T17:41:56Z,2026-06-07T19:41:56+0200,9fbaedea-27ef-4990-85cf-49287850296c,2026-05-26T17:45:00Z,2026-05-26T19:45:00+0200,236.78,EUR/MWh,FR,FR,imbalance_price,Long,2026-06-07T17:42:53Z
2026-06-07T17:41:56Z,2026-06-07T19:41:56+0200,9fbaedea-27ef-4990-85cf-49287850296c,2026-05-26T17:45:00Z,2026-05-26T19:45:00+0200,280.54,EUR/MWh,FR,FR,imbalance_price,Short,2026-06-07T17:42:53Z
2026-06-07T17:41:56Z,2026-06-07T19:41:56+0200,9fbaedea-27ef-4990-85cf-49287850296c,2026-05-26T18:00:00Z,2026-05-26T20:00:00+0200,234.95,EUR/MWh,FR,FR,imbalance_price,Long,2026-06-07T17:42:53Z
2026-06-07T17:41:56Z,2026-06-07T19:41:56+0200,9fbaedea-27ef-4990-85cf-49287850296c,2026-05-26T18:00:00Z,2026-05-26T20:00:00+0200,278.37,EUR/MWh,FR,FR,imbalance_price,Short,2026-06-07T17:42:53Z
2026-06-07T17:41:56Z,2026-06-07T19:41:56+0200,9fbaedea-27ef-4990-85cf-49287850296c,2026-05-26T18:15:00Z,2026-05-26T20:15:00+0200,265.86,EUR/MWh,FR,FR,imbalance_price,Long,2026-06-07T17:42:53Z
2026-06-07T17:41:56Z,2026-06-07T19:41:56+0200,9fbaedea-27ef-4990-85cf-49287850296c,2026-05-26T18:15:00Z,2026-05-26T20:15:00+0200,315.0,EUR/MWh,FR,FR,imbalance_price,Short,2026-06-07T17:42:53Z
2026-06-07T17:41:56Z,2026-06-07T19:41:56+0200,9fbaedea-27ef-4990-85cf-49287850296c,2026-05-26T18:30:00Z,2026-05-26T20:30:00+0200,280.53,EUR/MWh,FR,FR,imbalance_price,Long,2026-06-07T17:42:53Z
2026-06-07T17:41:56Z,2026-06-07T19:41:56+0200,9fbaedea-27ef-4990-85cf-49287850296c,2026-05-26T18:30:00Z,2026-05-26T20:30:00+0200,332.39,EUR/MWh,FR,FR,imbalance_price,Short,2026-06-07T17:42:53Z
2026-06-07T17:41:56Z,2026-06-07T19:41:56+0200,9fbaedea-27ef-4990-85cf-49287850296c,2026-05-26T18:45:00Z,2026-05-26T20:45:00+0200,289.57,EUR/MWh,FR,FR,imbalance_price,Long,2026-06-07T17:42:53Z
2026-06-07T17:41:56Z,2026-06-07T19:41:56+0200,9fbaedea-27ef-4990-85cf-49287850296c,2026-05-26T18:45:00Z,2026-05-26T20:45:00+0200,343.09,EUR/MWh,FR,FR,imbalance_price,Short,2026-06-07T17:42:53Z
2026-06-07T17:41:56Z,2026-06-07T19:41:56+0200,9fbaedea-27ef-4990-85cf-49287850296c,2026-05-26T19:00:00Z,2026-05-26T21:00:00+0200,263.44,EUR/MWh,FR,FR,imbalance_price,Long,2026-06-07T17:42:53Z
2026-06-07T17:41:56Z,2026-06-07T19:41:56+0200,9fbaedea-27ef-4990-85cf-49287850296c,2026-05-26T19:00:00Z,2026-05-26T21:00:00+0200,312.14,EUR/MWh,FR,FR,imbalance_price,Short,2026-06-07T17:42:53Z
2026-06-07T17:41:56Z,2026-06-07T19:41:56+0200,9fbaedea-27ef-4990-85cf-49287850296c,2026-05-26T19:15:00Z,2026-05-26T21:15:00+0200,272.18,EUR/MWh,FR,FR,imbalance_price,Long,2026-06-07T17:42:53Z
2026-06-07T17:41:56Z,2026-06-07T19:41:56+0200,9fbaedea-27ef-4990-85cf-49287850296c,2026-05-26T19:15:00Z,2026-05-26T21:15:00+0200,322.48,EUR/MWh,FR,FR,imbalance_price,Short,2026-06-07T17:42:53Z
2026-06-07T17:41:56Z,2026-06-07T19:41:56+0200,9fbaedea-27ef-4990-85cf-49287850296c,2026-05-26T19:30:00Z,2026-05-26T21:30:00+0200,278.86,EUR/MWh,FR,FR,imbalance_price,Long,2026-06-07T17:42:53Z
2026-06-07T17:41:56Z,2026-06-07T19:41:56+0200,9fbaedea-27ef-4990-85cf-49287850296c,2026-05-26T19:30:00Z,2026-05-26T21:30:00+0200,330.4,EUR/MWh,FR,FR,imbalance_price,Short,2026-06-07T17:42:53Z
2026-06-07T17:41:56Z,2026-06-07T19:41:56+0200,9fbaedea-27ef-4990-85cf-49287850296c,2026-05-26T19:45:00Z,2026-05-26T21:45:00+0200,293.59,EUR/MWh,FR,FR,imbalance_price,Long,2026-06-07T17:42:53Z
2026-06-07T17:41:56Z,2026-06-07T19:41:56+0200,9fbaedea-27ef-4990-85cf-49287850296c,2026-05-26T19:45:00Z,2026-05-26T21:45:00+0200,347.85,EUR/MWh,FR,FR,imbalance_price,Short,2026-06-07T17:42:53Z
2026-06-07T17:41:56Z,2026-06-07T19:41:56+0200,9fbaedea-27ef-4990-85cf-49287850296c,2026-05-26T20:00:00Z,2026-05-26T22:00:00+0200,382.59,EUR/MWh,FR,FR,imbalance_price,Long,2026-06-07T17:42:53Z
2026-06-07T17:41:56Z,2026-06-07T19:41:56+0200,9fbaedea-27ef-4990-85cf-49287850296c,2026-05-26T20:00:00Z,2026-05-26T22:00:00+0200,453.31,EUR/MWh,FR,FR,imbalance_price,Short,2026-06-07T17:42:53Z
2026-06-07T17:41:56Z,2026-06-07T19:41:56+0200,9fbaedea-27ef-4990-85cf-49287850296c,2026-05-26T20:15:00Z,2026-05-26T22:15:00+0200,48.45,EUR/MWh,FR,FR,imbalance_price,Long,2026-06-07T17:42:53Z
2026-06-07T17:41:56Z,2026-06-07T19:41:56+0200,9fbaedea-27ef-4990-85cf-49287850296c,2026-05-26T20:15:00Z,2026-05-26T22:15:00+0200,57.41,EUR/MWh,FR,FR,imbalance_price,Short,2026-06-07T17:42:53Z
2026-06-07T17:41:56Z,2026-06-07T19:41:56+0200,9fbaedea-27ef-4990-85cf-49287850296c,2026-05-26T20:30:00Z,2026-05-26T22:30:00+0200,63.2,EUR/MWh,FR,FR,imbalance_price,Long,2026-06-07T17:42:53Z
2026-06-07T17:41:56Z,2026-06-07T19:41:56+0200,9fbaedea-27ef-4990-85cf-49287850296c,2026-05-26T20:30:00Z,2026-05-26T22:30:00+0200,74.88,EUR/MWh,FR,FR,imbalance_price,Short,2026-06-07T17:42:53Z
2026-06-07T17:41:56Z,2026-06-07T19:41:56+0200,9fbaedea-27ef-4990-85cf-49287850296c,2026-05-26T20:45:00Z,2026-05-26T22:45:00+0200,51.19,EUR/MWh,FR,FR,imbalance_price,Long,2026-06-07T17:42:53Z
2026-06-07T17:41:56Z,2026-06-07T19:41:56+0200,9fbaedea-27ef-4990-85cf-49287850296c,2026-05-26T20:45:00Z,2026-05-26T22:45:00+0200,60.65,EUR/MWh,FR,FR,imbalance_price,Short,2026-06-07T17:42:53Z
2026-06-07T17:41:56Z,2026-06-07T19:41:56+0200,9fbaedea-27ef-4990-85cf-49287850296c,2026-05-26T21:00:00Z,2026-05-26T23:00:00+0200,202.12,EUR/MWh,FR,FR,imbalance_price,Long,2026-06-07T17:42:53Z
2026-06-07T17:41:56Z,2026-06-07T19:41:56+0200,9fbaedea-27ef-4990-85cf-49287850296c,2026-05-26T21:00:00Z,2026-05-26T23:00:00+0200,239.48,EUR/MWh,FR,FR,imbalance_price,Short,2026-06-07T17:42:53Z
2026-06-07T17:41:56Z,2026-06-07T19:41:56+0200,9fbaedea-27ef-4990-85cf-49287850296c,2026-05-26T21:15:00Z,2026-05-26T23:15:00+0200,195.45,EUR/MWh,FR,FR,imbalance_price,Long,2026-06-07T17:42:53Z
2026-06-07T17:41:56Z,2026-06-07T19:41:56+0200,9fbaedea-27ef-4990-85cf-49287850296c,2026-05-26T21:15:00Z,2026-05-26T23:15:00+0200,231.57,EUR/MWh,FR,FR,imbalance_price,Short,2026-06-07T17:42:53Z
2026-06-07T17:41:56Z,2026-06-07T19:41:56+0200,9fbaedea-27ef-4990-85cf-49287850296c,2026-05-26T21:30:00Z,2026-05-26T23:30:00+0200,153.59,EUR/MWh,FR,FR,imbalance_price,Long,2026-06-07T17:42:53Z
2026-06-07T17:41:56Z,2026-06-07T19:41:56+0200,9fbaedea-27ef-4990-85cf-49287850296c,2026-05-26T21:30:00Z,2026-05-26T23:30:00+0200,181.97,EUR/MWh,FR,FR,imbalance_price,Short,2026-06-07T17:42:53Z
2026-06-07T17:41:56Z,2026-06-07T19:41:56+0200,9fbaedea-27ef-4990-85cf-49287850296c,2026-05-26T21:45:00Z,2026-05-26T23:45:00+0200,61.73,EUR/MWh,FR,FR,imbalance_price,Long,2026-06-07T17:42:53Z
2026-06-07T17:41:56Z,2026-06-07T19:41:56+0200,9fbaedea-27ef-4990-85cf-49287850296c,2026-05-26T21:45:00Z,2026-05-26T23:45:00+0200,73.15,EUR/MWh,FR,FR,imbalance_price,Short,2026-06-07T17:42:53Z
2026-06-07T17:41:56Z,2026-06-07T19:41:56+0200,9fbaedea-27ef-4990-85cf-49287850296c,2026-05-26T22:00:00Z,2026-05-27T00:00:00+0200,99.33,EUR/MWh,FR,FR,imbalance_price,Long,2026-06-07T17:42:53Z
2026-06-07T17:41:56Z,2026-06-07T19:41:56+0200,9fbaedea-27ef-4990-85cf-49287850296c,2026-05-26T22:00:00Z,2026-05-27T00:00:00+0200,117.69,EUR/MWh,FR,FR,imbalance_price,Short,2026-06-07T17:42:53Z
2026-06-07T17:41:56Z,2026-06-07T19:41:56+0200,9fbaedea-27ef-4990-85cf-49287850296c,2026-05-26T22:15:00Z,2026-05-27T00:15:00+0200,102.79,EUR/MWh,FR,FR,imbalance_price,Long,2026-06-07T17:42:53Z
2026-06-07T17:41:56Z,2026-06-07T19:41:56+0200,9fbaedea-27ef-4990-85cf-49287850296c,2026-05-26T22:15:00Z,2026-05-27T00:15:00+0200,121.79,EUR/MWh,FR,FR,imbalance_price,Short,2026-06-07T17:42:53Z
2026-06-07T17:41:56Z,2026-06-07T19:41:56+0200,9fbaedea-27ef-4990-85cf-49287850296c,2026-05-26T22:30:00Z,2026-05-27T00:30:00+0200,102.06,EUR/MWh,FR,FR,imbalance_price,Long,2026-06-07T17:42:53Z
2026-06-07T17:41:56Z,2026-06-07T19:41:56+0200,9fbaedea-27ef-4990-85cf-49287850296c,2026-05-26T22:30:00Z,2026-05-27T00:30:00+0200,120.92,EUR/MWh,FR,FR,imbalance_price,Short,2026-06-07T17:42:53Z
2026-06-07T17:41:56Z,2026-06-07T19:41:56+0200,9fbaedea-27ef-4990-85cf-49287850296c,2026-05-26T22:45:00Z,2026-05-27T00:45:00+0200,108.17,EUR/MWh,FR,FR,imbalance_price,Long,2026-06-07T17:42:53Z
2026-06-07T17:41:56Z,2026-06-07T19:41:56+0200,9fbaedea-27ef-4990-85cf-49287850296c,2026-05-26T22:45:00Z,2026-05-27T00:45:00+0200,128.17,EUR/MWh,FR,FR,imbalance_price,Short,2026-06-07T17:42:53Z
2026-06-07T17:41:56Z,2026-06-07T19:41:56+0200,9fbaedea-27ef-4990-85cf-49287850296c,2026-05-26T23:00:00Z,2026-05-27T01:00:00+0200,109.8,EUR/MWh,FR,FR,imbalance_price,Long,2026-06-07T17:42:53Z
2026-06-07T17:41:56Z,2026-06-07T19:41:56+0200,9fbaedea-27ef-4990-85cf-49287850296c,2026-05-26T23:00:00Z,2026-05-27T01:00:00+0200,130.1,EUR/MWh,FR,FR,imbalance_price,Short,2026-06-07T17:42:53Z
2026-06-07T17:41:56Z,2026-06-07T19:41:56+0200,9fbaedea-27ef-4990-85cf-49287850296c,2026-05-26T23:15:00Z,2026-05-27T01:15:00+0200,101.57,EUR/MWh,FR,FR,imbalance_price,Long,2026-06-07T17:42:53Z
2026-06-07T17:41:56Z,2026-06-07T19:41:56+0200,9fbaedea-27ef-4990-85cf-49287850296c,2026-05-26T23:15:00Z,2026-05-27T01:15:00+0200,120.35,EUR/MWh,FR,FR,imbalance_price,Short,2026-06-07T17:42:53Z
2026-06-07T17:41:56Z,2026-06-07T19:41:56+0200,9fbaedea-27ef-4990-85cf-49287850296c,2026-05-26T23:30:00Z,2026-05-27T01:30:00+0200,62.5,EUR/MWh,FR,FR,imbalance_price,Long,2026-06-07T17:42:53Z
2026-06-07T17:41:56Z,2026-06-07T19:41:56+0200,9fbaedea-27ef-4990-85cf-49287850296c,2026-05-26T23:30:00Z,2026-05-27T01:30:00+0200,74.06,EUR/MWh,FR,FR,imbalance_price,Short,2026-06-07T17:42:53Z
2026-06-07T17:41:56Z,2026-06-07T19:41:56+0200,9fbaedea-27ef-4990-85cf-49287850296c,2026-05-26T23:45:00Z,2026-05-27T01:45:00+0200,59.66,EUR/MWh,FR,FR,imbalance_price,Long,2026-06-07T17:42:53Z
2026-06-07T17:41:56Z,2026-06-07T19:41:56+0200,9fbaedea-27ef-4990-85cf-49287850296c,2026-05-26T23:45:00Z,2026-05-27T01:45:00+0200,70.68,EUR/MWh,FR,FR,imbalance_price,Short,2026-06-07T17:42:53Z
2026-06-07T17:41:56Z,2026-06-07T19:41:56+0200,9fbaedea-27ef-4990-85cf-49287850296c,2026-05-27T00:00:00Z,2026-05-27T02:00:00+0200,89.73,EUR/MWh,FR,FR,imbalance_price,Long,2026-06-07T17:42:53Z
2026-06-07T17:41:56Z,2026-06-07T19:41:56+0200,9fbaedea-27ef-4990-85cf-49287850296c,2026-05-27T00:00:00Z,2026-05-27T02:00:00+0200,106.31,EUR/MWh,FR,FR,imbalance_price,Short,2026-06-07T17:42:53Z
2026-06-07T17:41:56Z,2026-06-07T19:41:56+0200,9fbaedea-27ef-4990-85cf-49287850296c,2026-05-27T00:15:00Z,2026-05-27T02:15:00+0200,100.24,EUR/MWh,FR,FR,imbalance_price,Long,2026-06-07T17:42:53Z
2026-06-07T17:41:56Z,2026-06-07T19:41:56+0200,9fbaedea-27ef-4990-85cf-49287850296c,2026-05-27T00:15:00Z,2026-05-27T02:15:00+0200,118.76,EUR/MWh,FR,FR,imbalance_price,Short,2026-06-07T17:42:53Z
2026-06-07T17:41:56Z,2026-06-07T19:41:56+0200,9fbaedea-27ef-4990-85cf-49287850296c,2026-05-27T00:30:00Z,2026-05-27T02:30:00+0200,98.74,EUR/MWh,FR,FR,imbalance_price,Long,2026-06-07T17:42:53Z
2026-06-07T17:41:56Z,2026-06-07T19:41:56+0200,9fbaedea-27ef-4990-85cf-49287850296c,2026-05-27T00:30:00Z,2026-05-27T02:30:00+0200,116.98,EUR/MWh,FR,FR,imbalance_price,Short,2026-06-07T17:42:53Z
2026-06-07T17:41:56Z,2026-06-07T19:41:56+0200,9fbaedea-27ef-4990-85cf-49287850296c,2026-05-27T00:45:00Z,2026-05-27T02:45:00+0200,103.07,EUR/MWh,FR,FR,imbalance_price,Long,2026-06-07T17:42:53Z
2026-06-07T17:41:56Z,2026-06-07T19:41:56+0200,9fbaedea-27ef-4990-85cf-49287850296c,2026-05-27T00:45:00Z,2026-05-27T02:45:00+0200,122.13,EUR/MWh,FR,FR,imbalance_price,Short,2026-06-07T17:42:53Z
2026-06-07T17:41:56Z,2026-06-07T19:41:56+0200,9fbaedea-27ef-4990-85cf-49287850296c,2026-05-27T01:00:00Z,2026-05-27T03:00:00+0200,113.43,EUR/MWh,FR,FR,imbalance_price,Long,2026-06-07T17:42:53Z
2026-06-07T17:41:56Z,2026-06-07T19:41:56+0200,9fbaedea-27ef-4990-85cf-49287850296c,2026-05-27T01:00:00Z,2026-05-27T03:00:00+0200,134.39,EUR/MWh,FR,FR,imbalance_price,Short,2026-06-07T17:42:53Z
2026-06-07T17:41:56Z,2026-06-07T19:41:56+0200,9fbaedea-27ef-4990-85cf-49287850296c,2026-05-27T01:15:00Z,2026-05-27T03:15:00+0200,112.79,EUR/MWh,FR,FR,imbalance_price,Long,2026-06-07T17:42:53Z
2026-06-07T17:41:56Z,2026-06-07T19:41:56+0200,9fbaedea-27ef-4990-85cf-49287850296c,2026-05-27T01:15:00Z,2026-05-27T03:15:00+0200,133.63,EUR/MWh,FR,FR,imbalance_price,Short,2026-06-07T17:42:53Z
2026-06-07T17:41:56Z,2026-06-07T19:41:56+0200,9fbaedea-27ef-4990-85cf-49287850296c,2026-05-27T01:30:00Z,2026-05-27T03:30:00+0200,104.53,EUR/MWh,FR,FR,imbalance_price,Long,2026-06-07T17:42:53Z
2026-06-07T17:41:56Z,2026-06-07T19:41:56+0200,9fbaedea-27ef-4990-85cf-49287850296c,2026-05-27T01:30:00Z,2026-05-27T03:30:00+0200,123.85,EUR/MWh,FR,FR,imbalance_price,Short,2026-06-07T17:42:53Z
2026-06-07T17:41:56Z,2026-06-07T19:41:56+0200,9fbaedea-27ef-4990-85cf-49287850296c,2026-05-27T01:45:00Z,2026-05-27T03:45:00+0200,101.87,EUR/MWh,FR,FR,imbalance_price,Long,2026-06-07T17:42:53Z
2026-06-07T17:41:56Z,2026-06-07T19:41:56+0200,9fbaedea-27ef-4990-85cf-49287850296c,2026-05-27T01:45:00Z,2026-05-27T03:45:00+0200,120.71,EUR/MWh,FR,FR,imbalance_price,Short,2026-06-07T17:42:53Z
2026-06-07T17:41:56Z,2026-06-07T19:41:56+0200,9fbaedea-27ef-4990-85cf-49287850296c,2026-05-27T02:00:00Z,2026-05-27T04:00:00+0200,106.13,EUR/MWh,FR,FR,imbalance_price,Long,2026-06-07T17:42:53Z
2026-06-07T17:41:56Z,2026-06-07T19:41:56+0200,9fbaedea-27ef-4990-85cf-49287850296c,2026-05-27T02:00:00Z,2026-05-27T04:00:00+0200,125.75,EUR/MWh,FR,FR,imbalance_price,Short,2026-06-07T17:42:53Z
2026-06-07T17:41:56Z,2026-06-07T19:41:56+0200,9fbaedea-27ef-4990-85cf-49287850296c,2026-05-27T02:15:00Z,2026-05-27T04:15:00+0200,101.92,EUR/MWh,FR,FR,imbalance_price,Long,2026-06-07T17:42:53Z
2026-06-07T17:41:56Z,2026-06-07T19:41:56+0200,9fbaedea-27ef-4990-85cf-49287850296c,2026-05-27T02:15:00Z,2026-05-27T04:15:00+0200,120.76,EUR/MWh,FR,FR,imbalance_price,Short,2026-06-07T17:42:53Z
2026-06-07T17:41:56Z,2026-06-07T19:41:56+0200,9fbaedea-27ef-4990-85cf-49287850296c,2026-05-27T02:30:00Z,2026-05-27T04:30:00+0200,100.73,EUR/MWh,FR,FR,imbalance_price,Long,2026-06-07T17:42:53Z
2026-06-07T17:41:56Z,2026-06-07T19:41:56+0200,9fbaedea-27ef-4990-85cf-49287850296c,2026-05-27T02:30:00Z,2026-05-27T04:30:00+0200,119.35,EUR/MWh,FR,FR,imbalance_price,Short,2026-06-07T17:42:53Z
2026-06-07T17:41:56Z,2026-06-07T19:41:56+0200,9fbaedea-27ef-4990-85cf-49287850296c,2026-05-27T02:45:00Z,2026-05-27T04:45:00+0200,98.63,EUR/MWh,FR,FR,imbalance_price,Long,2026-06-07T17:42:53Z
2026-06-07T17:41:56Z,2026-06-07T19:41:56+0200,9fbaedea-27ef-4990-85cf-49287850296c,2026-05-27T02:45:00Z,2026-05-27T04:45:00+0200,116.85,EUR/MWh,FR,FR,imbalance_price,Short,2026-06-07T17:42:53Z
2026-06-07T17:41:56Z,2026-06-07T19:41:56+0200,9fbaedea-27ef-4990-85cf-49287850296c,2026-05-27T03:00:00Z,2026-05-27T05:00:00+0200,101.83,EUR/MWh,FR,FR,imbalance_price,Long,2026-06-07T17:42:53Z
2026-06-07T17:41:56Z,2026-06-07T19:41:56+0200,9fbaedea-27ef-4990-85cf-49287850296c,2026-05-27T03:00:00Z,2026-05-27T05:00:00+0200,120.65,EUR/MWh,FR,FR,imbalance_price,Short,2026-06-07T17:42:53Z
2026-06-07T17:41:56Z,2026-06-07T19:41:56+0200,9fbaedea-27ef-4990-85cf-49287850296c,2026-05-27T03:15:00Z,2026-05-27T05:15:00+0200,99.22,EUR/MWh,FR,FR,imbalance_price,Long,2026-06-07T17:42:53Z
2026-06-07T17:41:56Z,2026-06-07T19:41:56+0200,9fbaedea-27ef-4990-85cf-49287850296c,2026-05-27T03:15:00Z,2026-05-27T05:15:00+0200,117.56,EUR/MWh,FR,FR,imbalance_price,Short,2026-06-07T17:42:53Z
2026-06-07T17:41:56Z,2026-06-07T19:41:56+0200,9fbaedea-27ef-4990-85cf-49287850296c,2026-05-27T03:30:00Z,2026-05-27T05:30:00+0200,101.77,EUR/MWh,FR,FR,imbalance_price,Long,2026-06-07T17:42:53Z
2026-06-07T17:41:56Z,2026-06-07T19:41:56+0200,9fbaedea-27ef-4990-85cf-49287850296c,2026-05-27T03:30:00Z,2026-05-27T05:30:00+0200,120.59,EUR/MWh,FR,FR,imbalance_price,Short,2026-06-07T17:42:53Z
2026-06-07T17:41:56Z,2026-06-07T19:41:56+0200,9fbaedea-27ef-4990-85cf-49287850296c,2026-05-27T03:45:00Z,2026-05-27T05:45:00+0200,100.61,EUR/MWh,FR,FR,imbalance_price,Long,2026-06-07T17:42:53Z
2026-06-07T17:41:56Z,2026-06-07T19:41:56+0200,9fbaedea-27ef-4990-85cf-49287850296c,2026-05-27T03:45:00Z,2026-05-27T05:45:00+0200,119.21,EUR/MWh,FR,FR,imbalance_price,Short,2026-06-07T17:42:53Z
2026-06-07T17:41:56Z,2026-06-07T19:41:56+0200,9fbaedea-27ef-4990-85cf-49287850296c,2026-05-27T04:00:00Z,2026-05-27T06:00:00+0200,127.01,EUR/MWh,FR,FR,imbalance_price,Long,2026-06-07T17:42:53Z
2026-06-07T17:41:56Z,2026-06-07T19:41:56+0200,9fbaedea-27ef-4990-85cf-49287850296c,2026-05-27T04:00:00Z,2026-05-27T06:00:00+0200,150.49,EUR/MWh,FR,FR,imbalance_price,Short,2026-06-07T17:42:53Z
2026-06-07T17:41:56Z,2026-06-07T19:41:56+0200,9fbaedea-27ef-4990-85cf-49287850296c,2026-05-27T04:15:00Z,2026-05-27T06:15:00+0200,133.98,EUR/MWh,FR,FR,imbalance_price,Long,2026-06-07T17:42:53Z
2026-06-07T17:41:56Z,2026-06-07T19:41:56+0200,9fbaedea-27ef-4990-85cf-49287850296c,2026-05-27T04:15:00Z,2026-05-27T06:15:00+0200,158.74,EUR/MWh,FR,FR,imbalance_price,Short,2026-06-07T17:42:53Z
2026-06-07T17:41:56Z,2026-06-07T19:41:56+0200,9fbaedea-27ef-4990-85cf-49287850296c,2026-05-27T04:30:00Z,2026-05-27T06:30:00+0200,138.69,EUR/MWh,FR,FR,imbalance_price,Long,2026-06-07T17:42:53Z
2026-06-07T17:41:56Z,2026-06-07T19:41:56+0200,9fbaedea-27ef-4990-85cf-49287850296c,2026-05-27T04:30:00Z,2026-05-27T06:30:00+0200,164.33,EUR/MWh,FR,FR,imbalance_price,Short,2026-06-07T17:42:53Z
2026-06-07T17:41:56Z,2026-06-07T19:41:56+0200,9fbaedea-27ef-4990-85cf-49287850296c,2026-05-27T04:45:00Z,2026-05-27T06:45:00+0200,138.45,EUR/MWh,FR,FR,imbalance_price,Long,2026-06-07T17:42:53Z
2026-06-07T17:41:56Z,2026-06-07T19:41:56+0200,9fbaedea-27ef-4990-85cf-49287850296c,2026-05-27T04:45:00Z,2026-05-27T06:45:00+0200,164.03,EUR/MWh,FR,FR,imbalance_price,Short,2026-06-07T17:42:53Z
2026-06-07T17:41:56Z,2026-06-07T19:41:56+0200,9fbaedea-27ef-4990-85cf-49287850296c,2026-05-27T05:00:00Z,2026-05-27T07:00:00+0200,24.53,EUR/MWh,FR,FR,imbalance_price,Long,2026-06-07T17:42:53Z
2026-06-07T17:41:56Z,2026-06-07T19:41:56+0200,9fbaedea-27ef-4990-85cf-49287850296c,2026-05-27T05:00:00Z,2026-05-27T07:00:00+0200,29.07,EUR/MWh,FR,FR,imbalance_price,Short,2026-06-07T17:42:53Z
2026-06-07T17:41:56Z,2026-06-07T19:41:56+0200,9fbaedea-27ef-4990-85cf-49287850296c,2026-05-27T05:15:00Z,2026-05-27T07:15:00+0200,21.74,EUR/MWh,FR,FR,imbalance_price,Long,2026-06-07T17:42:53Z
2026-06-07T17:41:56Z,2026-06-07T19:41:56+0200,9fbaedea-27ef-4990-85cf-49287850296c,2026-05-27T05:15:00Z,2026-05-27T07:15:00+0200,25.76,EUR/MWh,FR,FR,imbalance_price,Short,2026-06-07T17:42:53Z
2026-06-07T17:41:56Z,2026-06-07T19:41:56+0200,9fbaedea-27ef-4990-85cf-49287850296c,2026-05-27T05:30:00Z,2026-05-27T07:30:00+0200,55.79,EUR/MWh,FR,FR,imbalance_price,Long,2026-06-07T17:42:53Z
2026-06-07T17:41:56Z,2026-06-07T19:41:56+0200,9fbaedea-27ef-4990-85cf-49287850296c,2026-05-27T05:30:00Z,2026-05-27T07:30:00+0200,66.11,EUR/MWh,FR,FR,imbalance_price,Short,2026-06-07T17:42:53Z
2026-06-07T17:41:56Z,2026-06-07T19:41:56+0200,9fbaedea-27ef-4990-85cf-49287850296c,2026-05-27T05:45:00Z,2026-05-27T07:45:00+0200,56.34,EUR/MWh,FR,FR,imbalance_price,Long,2026-06-07T17:42:53Z
2026-06-07T17:41:56Z,2026-06-07T19:41:56+0200,9fbaedea-27ef-4990-85cf-49287850296c,2026-05-27T05:45:00Z,2026-05-27T07:45:00+0200,66.76,EUR/MWh,FR,FR,imbalance_price,Short,2026-06-07T17:42:53Z
2026-06-07T17:41:56Z,2026-06-07T19:41:56+0200,9fbaedea-27ef-4990-85cf-49287850296c,2026-05-27T06:00:00Z,2026-05-27T08:00:00+0200,83.37,EUR/MWh,FR,FR,imbalance_price,Long,2026-06-07T17:42:53Z
2026-06-07T17:41:56Z,2026-06-07T19:41:56+0200,9fbaedea-27ef-4990-85cf-49287850296c,2026-05-27T06:00:00Z,2026-05-27T08:00:00+0200,98.77,EUR/MWh,FR,FR,imbalance_price,Short,2026-06-07T17:42:53Z
2026-06-07T17:41:56Z,2026-06-07T19:41:56+0200,9fbaedea-27ef-4990-85cf-49287850296c,2026-05-27T06:15:00Z,2026-05-27T08:15:00+0200,13.23,EUR/MWh,FR,FR,imbalance_price,Long,2026-06-07T17:42:53Z
2026-06-07T17:41:56Z,2026-06-07T19:41:56+0200,9fbaedea-27ef-4990-85cf-49287850296c,2026-05-27T06:15:00Z,2026-05-27T08:15:00+0200,15.67,EUR/MWh,FR,FR,imbalance_price,Short,2026-06-07T17:42:53Z
2026-06-07T17:41:56Z,2026-06-07T19:41:56+0200,9fbaedea-27ef-4990-85cf-49287850296c,2026-05-27T06:30:00Z,2026-05-27T08:30:00+0200,3.62,EUR/MWh,FR,FR,imbalance_price,Long,2026-06-07T17:42:53Z
2026-06-07T17:41:56Z,2026-06-07T19:41:56+0200,9fbaedea-27ef-4990-85cf-49287850296c,2026-05-27T06:30:00Z,2026-05-27T08:30:00+0200,4.3,EUR/MWh,FR,FR,imbalance_price,Short,2026-06-07T17:42:53Z
2026-06-07T17:41:56Z,2026-06-07T19:41:56+0200,9fbaedea-27ef-4990-85cf-49287850296c,2026-05-27T06:45:00Z,2026-05-27T08:45:00+0200,4.53,EUR/MWh,FR,FR,imbalance_price,Long,2026-06-07T17:42:53Z
2026-06-07T17:41:56Z,2026-06-07T19:41:56+0200,9fbaedea-27ef-4990-85cf-49287850296c,2026-05-27T06:45:00Z,2026-05-27T08:45:00+0200,5.37,EUR/MWh,FR,FR,imbalance_price,Short,2026-06-07T17:42:53Z
2026-06-07T17:41:56Z,2026-06-07T19:41:56+0200,9fbaedea-27ef-4990-85cf-49287850296c,2026-05-27T07:00:00Z,2026-05-27T09:00:00+0200,15.77,EUR/MWh,FR,FR,imbalance_price,Long,2026-06-07T17:42:53Z
2026-06-07T17:41:56Z,2026-06-07T19:41:56+0200,9fbaedea-27ef-4990-85cf-49287850296c,2026-05-27T07:00:00Z,2026-05-27T09:00:00+0200,18.69,EUR/MWh,FR,FR,imbalance_price,Short,2026-06-07T17:42:53Z
2026-06-07T17:41:56Z,2026-06-07T19:41:56+0200,9fbaedea-27ef-4990-85cf-49287850296c,2026-05-27T07:15:00Z,2026-05-27T09:15:00+0200,10.98,EUR/MWh,FR,FR,imbalance_price,Long,2026-06-07T17:42:53Z
2026-06-07T17:41:56Z,2026-06-07T19:41:56+0200,9fbaedea-27ef-4990-85cf-49287850296c,2026-05-27T07:15:00Z,2026-05-27T09:15:00+0200,13.0,EUR/MWh,FR,FR,imbalance_price,Short,2026-06-07T17:42:53Z
2026-06-07T17:41:56Z,2026-06-07T19:41:56+0200,9fbaedea-27ef-4990-85cf-49287850296c,2026-05-27T07:30:00Z,2026-05-27T09:30:00+0200,2.21,EUR/MWh,FR,FR,imbalance_price,Long,2026-06-07T17:42:53Z
2026-06-07T17:41:56Z,2026-06-07T19:41:56+0200,9fbaedea-27ef-4990-85cf-49287850296c,2026-05-27T07:30:00Z,2026-05-27T09:30:00+0200,2.61,EUR/MWh,FR,FR,imbalance_price,Short,2026-06-07T17:42:53Z
2026-06-07T17:41:56Z,2026-06-07T19:41:56+0200,9fbaedea-27ef-4990-85cf-49287850296c,2026-05-27T07:45:00Z,2026-05-27T09:45:00+0200,1.84,EUR/MWh,FR,FR,imbalance_price,Long,2026-06-07T17:42:53Z
2026-06-07T17:41:56Z,2026-06-07T19:41:56+0200,9fbaedea-27ef-4990-85cf-49287850296c,2026-05-27T07:45:00Z,2026-05-27T09:45:00+0200,2.18,EUR/MWh,FR,FR,imbalance_price,Short,2026-06-07T17:42:53Z
2026-06-07T17:41:56Z,2026-06-07T19:41:56+0200,9fbaedea-27ef-4990-85cf-49287850296c,2026-05-27T08:00:00Z,2026-05-27T10:00:00+0200,-91.98,EUR/MWh,FR,FR,imbalance_price,Long,2026-06-07T17:42:53Z
2026-06-07T17:41:56Z,2026-06-07T19:41:56+0200,9fbaedea-27ef-4990-85cf-49287850296c,2026-05-27T08:00:00Z,2026-05-27T10:00:00+0200,-77.64,EUR/MWh,FR,FR,imbalance_price,Short,2026-06-07T17:42:53Z
2026-06-07T17:41:56Z,2026-06-07T19:41:56+0200,9fbaedea-27ef-4990-85cf-49287850296c,2026-05-27T08:15:00Z,2026-05-27T10:15:00+0200,-32.46,EUR/MWh,FR,FR,imbalance_price,Long,2026-06-07T17:42:53Z
2026-06-07T17:41:56Z,2026-06-07T19:41:56+0200,9fbaedea-27ef-4990-85cf-49287850296c,2026-05-27T08:15:00Z,2026-05-27T10:15:00+0200,-27.4,EUR/MWh,FR,FR,imbalance_price,Short,2026-06-07T17:42:53Z
2026-06-07T17:41:56Z,2026-06-07T19:41:56+0200,9fbaedea-27ef-4990-85cf-49287850296c,2026-05-27T08:30:00Z,2026-05-27T10:30:00+0200,-6.32,EUR/MWh,FR,FR,imbalance_price,Long,2026-06-07T17:42:53Z
2026-06-07T17:41:56Z,2026-06-07T19:41:56+0200,9fbaedea-27ef-4990-85cf-49287850296c,2026-05-27T08:30:00Z,2026-05-27T10:30:00+0200,-5.34,EUR/MWh,FR,FR,imbalance_price,Short,2026-06-07T17:42:53Z
2026-06-07T17:41:56Z,2026-06-07T19:41:56+0200,9fbaedea-27ef-4990-85cf-49287850296c,2026-05-27T08:45:00Z,2026-05-27T10:45:00+0200,-0.08,EUR/MWh,FR,FR,imbalance_price,Long,2026-06-07T17:42:53Z
2026-06-07T17:41:56Z,2026-06-07T19:41:56+0200,9fbaedea-27ef-4990-85cf-49287850296c,2026-05-27T08:45:00Z,2026-05-27T10:45:00+0200,-0.06,EUR/MWh,FR,FR,imbalance_price,Short,2026-06-07T17:42:53Z
2026-06-07T17:41:56Z,2026-06-07T19:41:56+0200,9fbaedea-27ef-4990-85cf-49287850296c,2026-05-27T09:00:00Z,2026-05-27T11:00:00+0200,0.72,EUR/MWh,FR,FR,imbalance_price,Long,2026-06-07T17:42:53Z
2026-06-07T17:41:56Z,2026-06-07T19:41:56+0200,9fbaedea-27ef-4990-85cf-49287850296c,2026-05-27T09:00:00Z,2026-05-27T11:00:00+0200,0.86,EUR/MWh,FR,FR,imbalance_price,Short,2026-06-07T17:42:53Z
2026-06-07T17:41:56Z,2026-06-07T19:41:56+0200,9fbaedea-27ef-4990-85cf-49287850296c,2026-05-27T09:15:00Z,2026-05-27T11:15:00+0200,0.47,EUR/MWh,FR,FR,imbalance_price,Long,2026-06-07T17:42:53Z
2026-06-07T17:41:56Z,2026-06-07T19:41:56+0200,9fbaedea-27ef-4990-85cf-49287850296c,2026-05-27T09:15:00Z,2026-05-27T11:15:00+0200,0.55,EUR/MWh,FR,FR,imbalance_price,Short,2026-06-07T17:42:53Z
2026-06-07T17:41:56Z,2026-06-07T19:41:56+0200,9fbaedea-27ef-4990-85cf-49287850296c,2026-05-27T09:30:00Z,2026-05-27T11:30:00+0200,-0.68,EUR/MWh,FR,FR,imbalance_price,Long,2026-06-07T17:42:53Z
2026-06-07T17:41:56Z,2026-06-07T19:41:56+0200,9fbaedea-27ef-4990-85cf-49287850296c,2026-05-27T09:30:00Z,2026-05-27T11:30:00+0200,-0.58,EUR/MWh,FR,FR,imbalance_price,Short,2026-06-07T17:42:53Z
2026-06-07T17:41:56Z,2026-06-07T19:41:56+0200,9fbaedea-27ef-4990-85cf-49287850296c,2026-05-27T09:45:00Z,2026-05-27T11:45:00+0200,-1.08,EUR/MWh,FR,FR,imbalance_price,Long,2026-06-07T17:42:53Z
2026-06-07T17:41:56Z,2026-06-07T19:41:56+0200,9fbaedea-27ef-4990-85cf-49287850296c,2026-05-27T09:45:00Z,2026-05-27T11:45:00+0200,-0.92,EUR/MWh,FR,FR,imbalance_price,Short,2026-06-07T17:42:53Z
2026-06-07T17:41:56Z,2026-06-07T19:41:56+0200,9fbaedea-27ef-4990-85cf-49287850296c,2026-05-27T10:00:00Z,2026-05-27T12:00:00+0200,0.38,EUR/MWh,FR,FR,imbalance_price,Long,2026-06-07T17:42:53Z
2026-06-07T17:41:56Z,2026-06-07T19:41:56+0200,9fbaedea-27ef-4990-85cf-49287850296c,2026-05-27T10:00:00Z,2026-05-27T12:00:00+0200,0.44,EUR/MWh,FR,FR,imbalance_price,Short,2026-06-07T17:42:53Z
2026-06-07T17:41:56Z,2026-06-07T19:41:56+0200,9fbaedea-27ef-4990-85cf-49287850296c,2026-05-27T10:15:00Z,2026-05-27T12:15:00+0200,1.75,EUR/MWh,FR,FR,imbalance_price,Long,2026-06-07T17:42:53Z
2026-06-07T17:41:56Z,2026-06-07T19:41:56+0200,9fbaedea-27ef-4990-85cf-49287850296c,2026-05-27T10:15:00Z,2026-05-27T12:15:00+0200,2.07,EUR/MWh,FR,FR,imbalance_price,Short,2026-06-07T17:42:53Z
2026-06-07T17:41:56Z,2026-06-07T19:41:56+0200,9fbaedea-27ef-4990-85cf-49287850296c,2026-05-27T10:30:00Z,2026-05-27T12:30:00+0200,-0.77,EUR/MWh,FR,FR,imbalance_price,Long,2026-06-07T17:42:53Z
2026-06-07T17:41:56Z,2026-06-07T19:41:56+0200,9fbaedea-27ef-4990-85cf-49287850296c,2026-05-27T10:30:00Z,2026-05-27T12:30:00+0200,-0.65,EUR/MWh,FR,FR,imbalance_price,Short,2026-06-07T17:42:53Z
2026-06-07T17:41:56Z,2026-06-07T19:41:56+0200,9fbaedea-27ef-4990-85cf-49287850296c,2026-05-27T10:45:00Z,2026-05-27T12:45:00+0200,1.03,EUR/MWh,FR,FR,imbalance_price,Long,2026-06-07T17:42:53Z
2026-06-07T17:41:56Z,2026-06-07T19:41:56+0200,9fbaedea-27ef-4990-85cf-49287850296c,2026-05-27T10:45:00Z,2026-05-27T12:45:00+0200,1.21,EUR/MWh,FR,FR,imbalance_price,Short,2026-06-07T17:42:53Z
2026-06-07T17:41:56Z,2026-06-07T19:41:56+0200,9fbaedea-27ef-4990-85cf-49287850296c,2026-05-27T11:00:00Z,2026-05-27T13:00:00+0200,-24.84,EUR/MWh,FR,FR,imbalance_price,Long,2026-06-07T17:42:53Z
2026-06-07T17:41:56Z,2026-06-07T19:41:56+0200,9fbaedea-27ef-4990-85cf-49287850296c,2026-05-27T11:00:00Z,2026-05-27T13:00:00+0200,-20.96,EUR/MWh,FR,FR,imbalance_price,Short,2026-06-07T17:42:53Z
2026-06-07T17:41:56Z,2026-06-07T19:41:56+0200,9fbaedea-27ef-4990-85cf-49287850296c,2026-05-27T11:15:00Z,2026-05-27T13:15:00+0200,-214.97,EUR/MWh,FR,FR,imbalance_price,Long,2026-06-07T17:42:53Z
2026-06-07T17:41:56Z,2026-06-07T19:41:56+0200,9fbaedea-27ef-4990-85cf-49287850296c,2026-05-27T11:15:00Z,2026-05-27T13:15:00+0200,-181.43,EUR/MWh,FR,FR,imbalance_price,Short,2026-06-07T17:42:53Z
2026-06-07T17:41:56Z,2026-06-07T19:41:56+0200,9fbaedea-27ef-4990-85cf-49287850296c,2026-05-27T11:30:00Z,2026-05-27T13:30:00+0200,8.87,EUR/MWh,FR,FR,imbalance_price,Long,2026-06-07T17:42:53Z
2026-06-07T17:41:56Z,2026-06-07T19:41:56+0200,9fbaedea-27ef-4990-85cf-49287850296c,2026-05-27T11:30:00Z,2026-05-27T13:30:00+0200,10.51,EUR/MWh,FR,FR,imbalance_price,Short,2026-06-07T17:42:53Z
2026-06-07T17:41:56Z,2026-06-07T19:41:56+0200,9fbaedea-27ef-4990-85cf-49287850296c,2026-05-27T11:45:00Z,2026-05-27T13:45:00+0200,7.1,EUR/MWh,FR,FR,imbalance_price,Long,2026-06-07T17:42:53Z
2026-06-07T17:41:56Z,2026-06-07T19:41:56+0200,9fbaedea-27ef-4990-85cf-49287850296c,2026-05-27T11:45:00Z,2026-05-27T13:45:00+0200,8.42,EUR/MWh,FR,FR,imbalance_price,Short,2026-06-07T17:42:53Z
2026-06-07T17:41:56Z,2026-06-07T19:41:56+0200,9fbaedea-27ef-4990-85cf-49287850296c,2026-05-27T12:00:00Z,2026-05-27T14:00:00+0200,11.41,EUR/MWh,FR,FR,imbalance_price,Long,2026-06-07T17:42:53Z
2026-06-07T17:41:56Z,2026-06-07T19:41:56+0200,9fbaedea-27ef-4990-85cf-49287850296c,2026-05-27T12:00:00Z,2026-05-27T14:00:00+0200,13.51,EUR/MWh,FR,FR,imbalance_price,Short,2026-06-07T17:42:53Z
2026-06-07T17:41:56Z,2026-06-07T19:41:56+0200,9fbaedea-27ef-4990-85cf-49287850296c,2026-05-27T12:15:00Z,2026-05-27T14:15:00+0200,42.52,EUR/MWh,FR,FR,imbalance_price,Long,2026-06-07T17:42:53Z
2026-06-07T17:41:56Z,2026-06-07T19:41:56+0200,9fbaedea-27ef-4990-85cf-49287850296c,2026-05-27T12:15:00Z,2026-05-27T14:15:00+0200,50.38,EUR/MWh,FR,FR,imbalance_price,Short,2026-06-07T17:42:53Z
2026-06-07T17:41:56Z,2026-06-07T19:41:56+0200,9fbaedea-27ef-4990-85cf-49287850296c,2026-05-27T12:30:00Z,2026-05-27T14:30:00+0200,-56.14,EUR/MWh,FR,FR,imbalance_price,Long,2026-06-07T17:42:53Z
2026-06-07T17:41:56Z,2026-06-07T19:41:56+0200,9fbaedea-27ef-4990-85cf-49287850296c,2026-05-27T12:30:00Z,2026-05-27T14:30:00+0200,-47.38,EUR/MWh,FR,FR,imbalance_price,Short,2026-06-07T17:42:53Z
2026-06-07T17:41:56Z,2026-06-07T19:41:56+0200,9fbaedea-27ef-4990-85cf-49287850296c,2026-05-27T12:45:00Z,2026-05-27T14:45:00+0200,-141.84,EUR/MWh,FR,FR,imbalance_price,Long,2026-06-07T17:42:53Z
2026-06-07T17:41:56Z,2026-06-07T19:41:56+0200,9fbaedea-27ef-4990-85cf-49287850296c,2026-05-27T12:45:00Z,2026-05-27T14:45:00+0200,-119.72,EUR/MWh,FR,FR,imbalance_price,Short,2026-06-07T17:42:53Z
2026-06-07T17:41:56Z,2026-06-07T19:41:56+0200,9fbaedea-27ef-4990-85cf-49287850296c,2026-05-27T13:00:00Z,2026-05-27T15:00:00+0200,-153.06,EUR/MWh,FR,FR,imbalance_price,Long,2026-06-07T17:42:53Z
2026-06-07T17:41:56Z,2026-06-07T19:41:56+0200,9fbaedea-27ef-4990-85cf-49287850296c,2026-05-27T13:00:00Z,2026-05-27T15:00:00+0200,-129.18,EUR/MWh,FR,FR,imbalance_price,Short,2026-06-07T17:42:53Z
2026-06-07T17:41:56Z,2026-06-07T19:41:56+0200,9fbaedea-27ef-4990-85cf-49287850296c,2026-05-27T13:15:00Z,2026-05-27T15:15:00+0200,-116.06,EUR/MWh,FR,FR,imbalance_price,Long,2026-06-07T17:42:53Z
2026-06-07T17:41:56Z,2026-06-07T19:41:56+0200,9fbaedea-27ef-4990-85cf-49287850296c,2026-05-27T13:15:00Z,2026-05-27T15:15:00+0200,-97.96,EUR/MWh,FR,FR,imbalance_price,Short,2026-06-07T17:42:53Z
2026-06-07T17:41:56Z,2026-06-07T19:41:56+0200,9fbaedea-27ef-4990-85cf-49287850296c,2026-05-27T13:30:00Z,2026-05-27T15:30:00+0200,-45.89,EUR/MWh,FR,FR,imbalance_price,Long,2026-06-07T17:42:53Z
2026-06-07T17:41:56Z,2026-06-07T19:41:56+0200,9fbaedea-27ef-4990-85cf-49287850296c,2026-05-27T13:30:00Z,2026-05-27T15:30:00+0200,-38.73,EUR/MWh,FR,FR,imbalance_price,Short,2026-06-07T17:42:53Z
2026-06-07T17:41:56Z,2026-06-07T19:41:56+0200,9fbaedea-27ef-4990-85cf-49287850296c,2026-05-27T13:45:00Z,2026-05-27T15:45:00+0200,-25.79,EUR/MWh,FR,FR,imbalance_price,Long,2026-06-07T17:42:53Z
2026-06-07T17:41:56Z,2026-06-07T19:41:56+0200,9fbaedea-27ef-4990-85cf-49287850296c,2026-05-27T13:45:00Z,2026-05-27T15:45:00+0200,-21.77,EUR/MWh,FR,FR,imbalance_price,Short,2026-06-07T17:42:53Z
2026-06-07T17:41:56Z,2026-06-07T19:41:56+0200,9fbaedea-27ef-4990-85cf-49287850296c,2026-05-27T14:00:00Z,2026-05-27T16:00:00+0200,7.11,EUR/MWh,FR,FR,imbalance_price,Long,2026-06-07T17:42:53Z
2026-06-07T17:41:56Z,2026-06-07T19:41:56+0200,9fbaedea-27ef-4990-85cf-49287850296c,2026-05-27T14:00:00Z,2026-05-27T16:00:00+0200,8.43,EUR/MWh,FR,FR,imbalance_price,Short,2026-06-07T17:42:53Z
2026-06-07T17:41:56Z,2026-06-07T19:41:56+0200,9fbaedea-27ef-4990-85cf-49287850296c,2026-05-27T14:15:00Z,2026-05-27T16:15:00+0200,2.19,EUR/MWh,FR,FR,imbalance_price,Long,2026-06-07T17:42:53Z
2026-06-07T17:41:56Z,2026-06-07T19:41:56+0200,9fbaedea-27ef-4990-85cf-49287850296c,2026-05-27T14:15:00Z,2026-05-27T16:15:00+0200,2.59,EUR/MWh,FR,FR,imbalance_price,Short,2026-06-07T17:42:53Z
2026-06-07T17:41:56Z,2026-06-07T19:41:56+0200,9fbaedea-27ef-4990-85cf-49287850296c,2026-05-27T14:30:00Z,2026-05-27T16:30:00+0200,-18.17,EUR/MWh,FR,FR,imbalance_price,Long,2026-06-07T17:42:53Z
2026-06-07T17:41:56Z,2026-06-07T19:41:56+0200,9fbaedea-27ef-4990-85cf-49287850296c,2026-05-27T14:30:00Z,2026-05-27T16:30:00+0200,-15.33,EUR/MWh,FR,FR,imbalance_price,Short,2026-06-07T17:42:53Z
2026-06-07T17:41:56Z,2026-06-07T19:41:56+0200,9fbaedea-27ef-4990-85cf-49287850296c,2026-05-27T14:45:00Z,2026-05-27T16:45:00+0200,12.06,EUR/MWh,FR,FR,imbalance_price,Long,2026-06-07T17:42:53Z
2026-06-07T17:41:56Z,2026-06-07T19:41:56+0200,9fbaedea-27ef-4990-85cf-49287850296c,2026-05-27T14:45:00Z,2026-05-27T16:45:00+0200,14.3,EUR/MWh,FR,FR,imbalance_price,Short,2026-06-07T17:42:53Z
2026-06-07T17:41:56Z,2026-06-07T19:41:56+0200,9fbaedea-27ef-4990-85cf-49287850296c,2026-05-27T15:00:00Z,2026-05-27T17:00:00+0200,4.74,EUR/MWh,FR,FR,imbalance_price,Long,2026-06-07T17:42:53Z
2026-06-07T17:41:56Z,2026-06-07T19:41:56+0200,9fbaedea-27ef-4990-85cf-49287850296c,2026-05-27T15:00:00Z,2026-05-27T17:00:00+0200,5.62,EUR/MWh,FR,FR,imbalance_price,Short,2026-06-07T17:42:53Z
2026-06-07T17:41:56Z,2026-06-07T19:41:56+0200,9fbaedea-27ef-4990-85cf-49287850296c,2026-05-27T15:15:00Z,2026-05-27T17:15:00+0200,32.14,EUR/MWh,FR,FR,imbalance_price,Long,2026-06-07T17:42:53Z
2026-06-07T17:41:56Z,2026-06-07T19:41:56+0200,9fbaedea-27ef-4990-85cf-49287850296c,2026-05-27T15:15:00Z,2026-05-27T17:15:00+0200,38.08,EUR/MWh,FR,FR,imbalance_price,Short,2026-06-07T17:42:53Z
2026-06-07T17:41:56Z,2026-06-07T19:41:56+0200,9fbaedea-27ef-4990-85cf-49287850296c,2026-05-27T15:30:00Z,2026-05-27T17:30:00+0200,99.68,EUR/MWh,FR,FR,imbalance_price,Long,2026-06-07T17:42:53Z
2026-06-07T17:41:56Z,2026-06-07T19:41:56+0200,9fbaedea-27ef-4990-85cf-49287850296c,2026-05-27T15:30:00Z,2026-05-27T17:30:00+0200,118.1,EUR/MWh,FR,FR,imbalance_price,Short,2026-06-07T17:42:53Z
2026-06-07T17:41:56Z,2026-06-07T19:41:56+0200,9fbaedea-27ef-4990-85cf-49287850296c,2026-05-27T15:45:00Z,2026-05-27T17:45:00+0200,51.3,EUR/MWh,FR,FR,imbalance_price,Long,2026-06-07T17:42:53Z
2026-06-07T17:41:56Z,2026-06-07T19:41:56+0200,9fbaedea-27ef-4990-85cf-49287850296c,2026-05-27T15:45:00Z,2026-05-27T17:45:00+0200,60.78,EUR/MWh,FR,FR,imbalance_price,Short,2026-06-07T17:42:53Z
2026-06-07T17:41:56Z,2026-06-07T19:41:56+0200,9fbaedea-27ef-4990-85cf-49287850296c,2026-05-27T16:00:00Z,2026-05-27T18:00:00+0200,61.94,EUR/MWh,FR,FR,imbalance_price,Long,2026-06-07T17:42:53Z
2026-06-07T17:41:56Z,2026-06-07T19:41:56+0200,9fbaedea-27ef-4990-85cf-49287850296c,2026-05-27T16:00:00Z,2026-05-27T18:00:00+0200,73.38,EUR/MWh,FR,FR,imbalance_price,Short,2026-06-07T17:42:53Z
2026-06-07T17:41:56Z,2026-06-07T19:41:56+0200,9fbaedea-27ef-4990-85cf-49287850296c,2026-05-27T16:15:00Z,2026-05-27T18:15:00+0200,18.16,EUR/MWh,FR,FR,imbalance_price,Long,2026-06-07T17:42:53Z
2026-06-07T17:41:56Z,2026-06-07T19:41:56+0200,9fbaedea-27ef-4990-85cf-49287850296c,2026-05-27T16:15:00Z,2026-05-27T18:15:00+0200,21.52,EUR/MWh,FR,FR,imbalance_price,Short,2026-06-07T17:42:53Z
2026-06-07T17:41:56Z,2026-06-07T19:41:56+0200,9fbaedea-27ef-4990-85cf-49287850296c,2026-05-27T16:30:00Z,2026-05-27T18:30:00+0200,14.55,EUR/MWh,FR,FR,imbalance_price,Long,2026-06-07T17:42:53Z
2026-06-07T17:41:56Z,2026-06-07T19:41:56+0200,9fbaedea-27ef-4990-85cf-49287850296c,2026-05-27T16:30:00Z,2026-05-27T18:30:00+0200,17.23,EUR/MWh,FR,FR,imbalance_price,Short,2026-06-07T17:42:53Z
2026-06-07T17:41:56Z,2026-06-07T19:41:56+0200,9fbaedea-27ef-4990-85cf-49287850296c,2026-05-27T16:45:00Z,2026-05-27T18:45:00+0200,21.1,EUR/MWh,FR,FR,imbalance_price,Long,2026-06-07T17:42:53Z
2026-06-07T17:41:56Z,2026-06-07T19:41:56+0200,9fbaedea-27ef-4990-85cf-49287850296c,2026-05-27T16:45:00Z,2026-05-27T18:45:00+0200,25.0,EUR/MWh,FR,FR,imbalance_price,Short,2026-06-07T17:42:53Z
2026-06-07T17:41:56Z,2026-06-07T19:41:56+0200,9fbaedea-27ef-4990-85cf-49287850296c,2026-05-27T17:00:00Z,2026-05-27T19:00:00+0200,26.42,EUR/MWh,FR,FR,imbalance_price,Long,2026-06-07T17:42:53Z
2026-06-07T17:41:56Z,2026-06-07T19:41:56+0200,9fbaedea-27ef-4990-85cf-49287850296c,2026-05-27T17:00:00Z,2026-05-27T19:00:00+0200,31.3,EUR/MWh,FR,FR,imbalance_price,Short,2026-06-07T17:42:53Z
2026-06-07T17:41:56Z,2026-06-07T19:41:56+0200,9fbaedea-27ef-4990-85cf-49287850296c,2026-05-27T17:15:00Z,2026-05-27T19:15:00+0200,133.85,EUR/MWh,FR,FR,imbalance_price,Long,2026-06-07T17:42:53Z
2026-06-07T17:41:56Z,2026-06-07T19:41:56+0200,9fbaedea-27ef-4990-85cf-49287850296c,2026-05-27T17:15:00Z,2026-05-27T19:15:00+0200,158.59,EUR/MWh,FR,FR,imbalance_price,Short,2026-06-07T17:42:53Z
2026-06-07T17:41:56Z,2026-06-07T19:41:56+0200,9fbaedea-27ef-4990-85cf-49287850296c,2026-05-27T17:30:00Z,2026-05-27T19:30:00+0200,36.64,EUR/MWh,FR,FR,imbalance_price,Long,2026-06-07T17:42:53Z
2026-06-07T17:41:56Z,2026-06-07T19:41:56+0200,9fbaedea-27ef-4990-85cf-49287850296c,2026-05-27T17:30:00Z,2026-05-27T19:30:00+0200,43.42,EUR/MWh,FR,FR,imbalance_price,Short,2026-06-07T17:42:53Z
2026-06-07T17:41:56Z,2026-06-07T19:41:56+0200,9fbaedea-27ef-4990-85cf-49287850296c,2026-05-27T17:45:00Z,2026-05-27T19:45:00+0200,21.42,EUR/MWh,FR,FR,imbalance_price,Long,2026-06-07T17:42:53Z
2026-06-07T17:41:56Z,2026-06-07T19:41:56+0200,9fbaedea-27ef-4990-85cf-49287850296c,2026-05-27T17:45:00Z,2026-05-27T19:45:00+0200,25.38,EUR/MWh,FR,FR,imbalance_price,Short,2026-06-07T17:42:53Z
2026-06-07T17:41:56Z,2026-06-07T19:41:56+0200,9fbaedea-27ef-4990-85cf-49287850296c,2026-05-27T18:00:00Z,2026-05-27T20:00:00+0200,125.15,EUR/MWh,FR,FR,imbalance_price,Long,2026-06-07T17:42:53Z
2026-06-07T17:41:56Z,2026-06-07T19:41:56+0200,9fbaedea-27ef-4990-85cf-49287850296c,2026-05-27T18:00:00Z,2026-05-27T20:00:00+0200,148.29,EUR/MWh,FR,FR,imbalance_price,Short,2026-06-07T17:42:53Z
2026-06-07T17:41:56Z,2026-06-07T19:41:56+0200,9fbaedea-27ef-4990-85cf-49287850296c,2026-05-27T18:15:00Z,2026-05-27T20:15:00+0200,136.27,EUR/MWh,FR,FR,imbalance_price,Long,2026-06-07T17:42:53Z
2026-06-07T17:41:56Z,2026-06-07T19:41:56+0200,9fbaedea-27ef-4990-85cf-49287850296c,2026-05-27T18:15:00Z,2026-05-27T20:15:00+0200,161.45,EUR/MWh,FR,FR,imbalance_price,Short,2026-06-07T17:42:53Z
2026-06-07T17:41:56Z,2026-06-07T19:41:56+0200,9fbaedea-27ef-4990-85cf-49287850296c,2026-05-27T18:30:00Z,2026-05-27T20:30:00+0200,133.57,EUR/MWh,FR,FR,imbalance_price,Long,2026-06-07T17:42:53Z
2026-06-07T17:41:56Z,2026-06-07T19:41:56+0200,9fbaedea-27ef-4990-85cf-49287850296c,2026-05-27T18:30:00Z,2026-05-27T20:30:00+0200,158.25,EUR/MWh,FR,FR,imbalance_price,Short,2026-06-07T17:42:53Z
2026-06-07T17:41:56Z,2026-06-07T19:41:56+0200,9fbaedea-27ef-4990-85cf-49287850296c,2026-05-27T18:45:00Z,2026-05-27T20:45:00+0200,135.76,EUR/MWh,FR,FR,imbalance_price,Long,2026-06-07T17:42:53Z
2026-06-07T17:41:56Z,2026-06-07T19:41:56+0200,9fbaedea-27ef-4990-85cf-49287850296c,2026-05-27T18:45:00Z,2026-05-27T20:45:00+0200,160.86,EUR/MWh,FR,FR,imbalance_price,Short,2026-06-07T17:42:53Z
2026-06-07T17:41:56Z,2026-06-07T19:41:56+0200,9fbaedea-27ef-4990-85cf-49287850296c,2026-05-27T19:00:00Z,2026-05-27T21:00:00+0200,148.88,EUR/MWh,FR,FR,imbalance_price,Long,2026-06-07T17:42:53Z
2026-06-07T17:41:56Z,2026-06-07T19:41:56+0200,9fbaedea-27ef-4990-85cf-49287850296c,2026-05-27T19:00:00Z,2026-05-27T21:00:00+0200,176.4,EUR/MWh,FR,FR,imbalance_price,Short,2026-06-07T17:42:53Z
2026-06-07T17:41:56Z,2026-06-07T19:41:56+0200,9fbaedea-27ef-4990-85cf-49287850296c,2026-05-27T19:15:00Z,2026-05-27T21:15:00+0200,151.21,EUR/MWh,FR,FR,imbalance_price,Long,2026-06-07T17:42:53Z
2026-06-07T17:41:56Z,2026-06-07T19:41:56+0200,9fbaedea-27ef-4990-85cf-49287850296c,2026-05-27T19:15:00Z,2026-05-27T21:15:00+0200,179.15,EUR/MWh,FR,FR,imbalance_price,Short,2026-06-07T17:42:53Z
2026-06-07T17:41:56Z,2026-06-07T19:41:56+0200,9fbaedea-27ef-4990-85cf-49287850296c,2026-05-27T19:30:00Z,2026-05-27T21:30:00+0200,145.6,EUR/MWh,FR,FR,imbalance_price,Long,2026-06-07T17:42:53Z
2026-06-07T17:41:56Z,2026-06-07T19:41:56+0200,9fbaedea-27ef-4990-85cf-49287850296c,2026-05-27T19:30:00Z,2026-05-27T21:30:00+0200,172.52,EUR/MWh,FR,FR,imbalance_price,Short,2026-06-07T17:42:53Z
2026-06-07T17:41:56Z,2026-06-07T19:41:56+0200,9fbaedea-27ef-4990-85cf-49287850296c,2026-05-27T19:45:00Z,2026-05-27T21:45:00+0200,139.23,EUR/MWh,FR,FR,imbalance_price,Long,2026-06-07T17:42:53Z
2026-06-07T17:41:56Z,2026-06-07T19:41:56+0200,9fbaedea-27ef-4990-85cf-49287850296c,2026-05-27T19:45:00Z,2026-05-27T21:45:00+0200,164.97,EUR/MWh,FR,FR,imbalance_price,Short,2026-06-07T17:42:53Z
2026-06-07T17:41:56Z,2026-06-07T19:41:56+0200,9fbaedea-27ef-4990-85cf-49287850296c,2026-05-27T20:00:00Z,2026-05-27T22:00:00+0200,132.37,EUR/MWh,FR,FR,imbalance_price,Long,2026-06-07T17:42:53Z
2026-06-07T17:41:56Z,2026-06-07T19:41:56+0200,9fbaedea-27ef-4990-85cf-49287850296c,2026-05-27T20:00:00Z,2026-05-27T22:00:00+0200,156.83,EUR/MWh,FR,FR,imbalance_price,Short,2026-06-07T17:42:53Z
2026-06-07T17:41:56Z,2026-06-07T19:41:56+0200,9fbaedea-27ef-4990-85cf-49287850296c,2026-05-27T20:15:00Z,2026-05-27T22:15:00+0200,143.66,EUR/MWh,FR,FR,imbalance_price,Long,2026-06-07T17:42:53Z
2026-06-07T17:41:56Z,2026-06-07T19:41:56+0200,9fbaedea-27ef-4990-85cf-49287850296c,2026-05-27T20:15:00Z,2026-05-27T22:15:00+0200,170.22,EUR/MWh,FR,FR,imbalance_price,Short,2026-06-07T17:42:53Z
2026-06-07T17:41:56Z,2026-06-07T19:41:56+0200,9fbaedea-27ef-4990-85cf-49287850296c,2026-05-27T20:30:00Z,2026-05-27T22:30:00+0200,141.8,EUR/MWh,FR,FR,imbalance_price,Long,2026-06-07T17:42:53Z
2026-06-07T17:41:56Z,2026-06-07T19:41:56+0200,9fbaedea-27ef-4990-85cf-49287850296c,2026-05-27T20:30:00Z,2026-05-27T22:30:00+0200,168.0,EUR/MWh,FR,FR,imbalance_price,Short,2026-06-07T17:42:53Z
2026-06-07T17:41:56Z,2026-06-07T19:41:56+0200,9fbaedea-27ef-4990-85cf-49287850296c,2026-05-27T20:45:00Z,2026-05-27T22:45:00+0200,138.81,EUR/MWh,FR,FR,imbalance_price,Long,2026-06-07T17:42:53Z
2026-06-07T17:41:56Z,2026-06-07T19:41:56+0200,9fbaedea-27ef-4990-85cf-49287850296c,2026-05-27T20:45:00Z,2026-05-27T22:45:00+0200,164.47,EUR/MWh,FR,FR,imbalance_price,Short,2026-06-07T17:42:53Z
2026-06-07T17:41:56Z,2026-06-07T19:41:56+0200,9fbaedea-27ef-4990-85cf-49287850296c,2026-05-27T21:00:00Z,2026-05-27T23:00:00+0200,113.55,EUR/MWh,FR,FR,imbalance_price,Long,2026-06-07T17:42:53Z
2026-06-07T17:41:56Z,2026-06-07T19:41:56+0200,9fbaedea-27ef-4990-85cf-49287850296c,2026-05-27T21:00:00Z,2026-05-27T23:00:00+0200,134.53,EUR/MWh,FR,FR,imbalance_price,Short,2026-06-07T17:42:53Z
2026-06-07T17:41:56Z,2026-06-07T19:41:56+0200,9fbaedea-27ef-4990-85cf-49287850296c,2026-05-27T21:15:00Z,2026-05-27T23:15:00+0200,126.75,EUR/MWh,FR,FR,imbalance_price,Long,2026-06-07T17:42:53Z
2026-06-07T17:41:56Z,2026-06-07T19:41:56+0200,9fbaedea-27ef-4990-85cf-49287850296c,2026-05-27T21:15:00Z,2026-05-27T23:15:00+0200,150.17,EUR/MWh,FR,FR,imbalance_price,Short,2026-06-07T17:42:53Z
2026-06-07T17:41:56Z,2026-06-07T19:41:56+0200,9fbaedea-27ef-4990-85cf-49287850296c,2026-05-27T21:30:00Z,2026-05-27T23:30:00+0200,133.85,EUR/MWh,FR,FR,imbalance_price,Long,2026-06-07T17:42:53Z
2026-06-07T17:41:56Z,2026-06-07T19:41:56+0200,9fbaedea-27ef-4990-85cf-49287850296c,2026-05-27T21:30:00Z,2026-05-27T23:30:00+0200,158.59,EUR/MWh,FR,FR,imbalance_price,Short,2026-06-07T17:42:53Z
2026-06-07T17:41:56Z,2026-06-07T19:41:56+0200,9fbaedea-27ef-4990-85cf-49287850296c,2026-05-27T21:45:00Z,2026-05-27T23:45:00+0200,135.86,EUR/MWh,FR,FR,imbalance_price,Long,2026-06-07T17:42:53Z
2026-06-07T17:41:56Z,2026-06-07T19:41:56+0200,9fbaedea-27ef-4990-85cf-49287850296c,2026-05-27T21:45:00Z,2026-05-27T23:45:00+0200,160.98,EUR/MWh,FR,FR,imbalance_price,Short,2026-06-07T17:42:53Z
2026-06-07T17:41:56Z,2026-06-07T19:41:56+0200,9fbaedea-27ef-4990-85cf-49287850296c,2026-05-27T22:00:00Z,2026-05-28T00:00:00+0200,132.2,EUR/MWh,FR,FR,imbalance_price,Long,2026-06-07T17:42:53Z
2026-06-07T17:41:56Z,2026-06-07T19:41:56+0200,9fbaedea-27ef-4990-85cf-49287850296c,2026-05-27T22:00:00Z,2026-05-28T00:00:00+0200,156.64,EUR/MWh,FR,FR,imbalance_price,Short,2026-06-07T17:42:53Z
2026-06-07T17:41:56Z,2026-06-07T19:41:56+0200,9fbaedea-27ef-4990-85cf-49287850296c,2026-05-27T22:15:00Z,2026-05-28T00:15:00+0200,131.46,EUR/MWh,FR,FR,imbalance_price,Long,2026-06-07T17:42:53Z
2026-06-07T17:41:56Z,2026-06-07T19:41:56+0200,9fbaedea-27ef-4990-85cf-49287850296c,2026-05-27T22:15:00Z,2026-05-28T00:15:00+0200,155.76,EUR/MWh,FR,FR,imbalance_price,Short,2026-06-07T17:42:53Z
2026-06-07T17:41:56Z,2026-06-07T19:41:56+0200,9fbaedea-27ef-4990-85cf-49287850296c,2026-05-27T22:30:00Z,2026-05-28T00:30:00+0200,130.6,EUR/MWh,FR,FR,imbalance_price,Long,2026-06-07T17:42:53Z
2026-06-07T17:41:56Z,2026-06-07T19:41:56+0200,9fbaedea-27ef-4990-85cf-49287850296c,2026-05-27T22:30:00Z,2026-05-28T00:30:00+0200,154.74,EUR/MWh,FR,FR,imbalance_price,Short,2026-06-07T17:42:53Z
2026-06-07T17:41:56Z,2026-06-07T19:41:56+0200,9fbaedea-27ef-4990-85cf-49287850296c,2026-05-27T22:45:00Z,2026-05-28T00:45:00+0200,137.27,EUR/MWh,FR,FR,imbalance_price,Long,2026-06-07T17:42:53Z
2026-06-07T17:41:56Z,2026-06-07T19:41:56+0200,9fbaedea-27ef-4990-85cf-49287850296c,2026-05-27T22:45:00Z,2026-05-28T00:45:00+0200,162.65,EUR/MWh,FR,FR,imbalance_price,Short,2026-06-07T17:42:53Z
2026-06-07T17:41:56Z,2026-06-07T19:41:56+0200,9fbaedea-27ef-4990-85cf-49287850296c,2026-05-27T23:00:00Z,2026-05-28T01:00:00+0200,144.96,EUR/MWh,FR,FR,imbalance_price,Long,2026-06-07T17:42:53Z
2026-06-07T17:41:56Z,2026-06-07T19:41:56+0200,9fbaedea-27ef-4990-85cf-49287850296c,2026-05-27T23:00:00Z,2026-05-28T01:00:00+0200,171.76,EUR/MWh,FR,FR,imbalance_price,Short,2026-06-07T17:42:53Z
2026-06-07T17:41:56Z,2026-06-07T19:41:56+0200,9fbaedea-27ef-4990-85cf-49287850296c,2026-05-27T23:15:00Z,2026-05-28T01:15:00+0200,36.73,EUR/MWh,FR,FR,imbalance_price,Long,2026-06-07T17:42:53Z
2026-06-07T17:41:56Z,2026-06-07T19:41:56+0200,9fbaedea-27ef-4990-85cf-49287850296c,2026-05-27T23:15:00Z,2026-05-28T01:15:00+0200,43.51,EUR/MWh,FR,FR,imbalance_price,Short,2026-06-07T17:42:53Z
2026-06-07T17:41:56Z,2026-06-07T19:41:56+0200,9fbaedea-27ef-4990-85cf-49287850296c,2026-05-27T23:30:00Z,2026-05-28T01:30:00+0200,146.37,EUR/MWh,FR,FR,imbalance_price,Long,2026-06-07T17:42:53Z
2026-06-07T17:41:56Z,2026-06-07T19:41:56+0200,9fbaedea-27ef-4990-85cf-49287850296c,2026-05-27T23:30:00Z,2026-05-28T01:30:00+0200,173.43,EUR/MWh,FR,FR,imbalance_price,Short,2026-06-07T17:42:53Z
2026-06-07T17:41:56Z,2026-06-07T19:41:56+0200,9fbaedea-27ef-4990-85cf-49287850296c,2026-05-27T23:45:00Z,2026-05-28T01:45:00+0200,146.37,EUR/MWh,FR,FR,imbalance_price,Long,2026-06-07T17:42:53Z
2026-06-07T17:41:56Z,2026-06-07T19:41:56+0200,9fbaedea-27ef-4990-85cf-49287850296c,2026-05-27T23:45:00Z,2026-05-28T01:45:00+0200,173.43,EUR/MWh,FR,FR,imbalance_price,Short,2026-06-07T17:42:53Z
2026-06-07T17:41:56Z,2026-06-07T19:41:56+0200,9fbaedea-27ef-4990-85cf-49287850296c,2026-05-28T00:00:00Z,2026-05-28T02:00:00+0200,130.85,EUR/MWh,FR,FR,imbalance_price,Long,2026-06-07T17:42:53Z
2026-06-07T17:41:56Z,2026-06-07T19:41:56+0200,9fbaedea-27ef-4990-85cf-49287850296c,2026-05-28T00:00:00Z,2026-05-28T02:00:00+0200,155.03,EUR/MWh,FR,FR,imbalance_price,Short,2026-06-07T17:42:53Z
2026-06-07T17:41:56Z,2026-06-07T19:41:56+0200,9fbaedea-27ef-4990-85cf-49287850296c,2026-05-28T00:15:00Z,2026-05-28T02:15:00+0200,129.15,EUR/MWh,FR,FR,imbalance_price,Long,2026-06-07T17:42:53Z
2026-06-07T17:41:56Z,2026-06-07T19:41:56+0200,9fbaedea-27ef-4990-85cf-49287850296c,2026-05-28T00:15:00Z,2026-05-28T02:15:00+0200,153.03,EUR/MWh,FR,FR,imbalance_price,Short,2026-06-07T17:42:53Z
2026-06-07T17:41:56Z,2026-06-07T19:41:56+0200,9fbaedea-27ef-4990-85cf-49287850296c,2026-05-28T00:30:00Z,2026-05-28T02:30:00+0200,31.57,EUR/MWh,FR,FR,imbalance_price,Long,2026-06-07T17:42:53Z
2026-06-07T17:41:56Z,2026-06-07T19:41:56+0200,9fbaedea-27ef-4990-85cf-49287850296c,2026-05-28T00:30:00Z,2026-05-28T02:30:00+0200,37.41,EUR/MWh,FR,FR,imbalance_price,Short,2026-06-07T17:42:53Z
2026-06-07T17:41:56Z,2026-06-07T19:41:56+0200,9fbaedea-27ef-4990-85cf-49287850296c,2026-05-28T00:45:00Z,2026-05-28T02:45:00+0200,106.64,EUR/MWh,FR,FR,imbalance_price,Long,2026-06-07T17:42:53Z
2026-06-07T17:41:56Z,2026-06-07T19:41:56+0200,9fbaedea-27ef-4990-85cf-49287850296c,2026-05-28T00:45:00Z,2026-05-28T02:45:00+0200,126.36,EUR/MWh,FR,FR,imbalance_price,Short,2026-06-07T17:42:53Z
2026-06-07T17:41:56Z,2026-06-07T19:41:56+0200,9fbaedea-27ef-4990-85cf-49287850296c,2026-05-28T01:00:00Z,2026-05-28T03:00:00+0200,106.64,EUR/MWh,FR,FR,imbalance_price,Long,2026-06-07T17:42:53Z
2026-06-07T17:41:56Z,2026-06-07T19:41:56+0200,9fbaedea-27ef-4990-85cf-49287850296c,2026-05-28T01:00:00Z,2026-05-28T03:00:00+0200,126.36,EUR/MWh,FR,FR,imbalance_price,Short,2026-06-07T17:42:53Z
2026-06-07T17:41:56Z,2026-06-07T19:41:56+0200,9fbaedea-27ef-4990-85cf-49287850296c,2026-05-28T01:15:00Z,2026-05-28T03:15:00+0200,106.64,EUR/MWh,FR,FR,imbalance_price,Long,2026-06-07T17:42:53Z
2026-06-07T17:41:56Z,2026-06-07T19:41:56+0200,9fbaedea-27ef-4990-85cf-49287850296c,2026-05-28T01:15:00Z,2026-05-28T03:15:00+0200,126.36,EUR/MWh,FR,FR,imbalance_price,Short,2026-06-07T17:42:53Z
2026-06-07T17:41:56Z,2026-06-07T19:41:56+0200,9fbaedea-27ef-4990-85cf-49287850296c,2026-05-28T01:30:00Z,2026-05-28T03:30:00+0200,110.61,EUR/MWh,FR,FR,imbalance_price,Long,2026-06-07T17:42:53Z
2026-06-07T17:41:56Z,2026-06-07T19:41:56+0200,9fbaedea-27ef-4990-85cf-49287850296c,2026-05-28T01:30:00Z,2026-05-28T03:30:00+0200,131.05,EUR/MWh,FR,FR,imbalance_price,Short,2026-06-07T17:42:53Z
2026-06-07T17:41:56Z,2026-06-07T19:41:56+0200,9fbaedea-27ef-4990-85cf-49287850296c,2026-05-28T01:45:00Z,2026-05-28T03:45:00+0200,110.61,EUR/MWh,FR,FR,imbalance_price,Long,2026-06-07T17:42:53Z
2026-06-07T17:41:56Z,2026-06-07T19:41:56+0200,9fbaedea-27ef-4990-85cf-49287850296c,2026-05-28T01:45:00Z,2026-05-28T03:45:00+0200,131.05,EUR/MWh,FR,FR,imbalance_price,Short,2026-06-07T17:42:53Z
2026-06-07T17:41:56Z,2026-06-07T19:41:56+0200,9fbaedea-27ef-4990-85cf-49287850296c,2026-05-28T02:00:00Z,2026-05-28T04:00:00+0200,110.61,EUR/MWh,FR,FR,imbalance_price,Long,2026-06-07T17:42:53Z
2026-06-07T17:41:56Z,2026-06-07T19:41:56+0200,9fbaedea-27ef-4990-85cf-49287850296c,2026-05-28T02:00:00Z,2026-05-28T04:00:00+0200,131.05,EUR/MWh,FR,FR,imbalance_price,Short,2026-06-07T17:42:53Z
2026-06-07T17:41:56Z,2026-06-07T19:41:56+0200,9fbaedea-27ef-4990-85cf-49287850296c,2026-05-28T02:15:00Z,2026-05-28T04:15:00+0200,110.35,EUR/MWh,FR,FR,imbalance_price,Long,2026-06-07T17:42:53Z
2026-06-07T17:41:56Z,2026-06-07T19:41:56+0200,9fbaedea-27ef-4990-85cf-49287850296c,2026-05-28T02:15:00Z,2026-05-28T04:15:00+0200,130.75,EUR/MWh,FR,FR,imbalance_price,Short,2026-06-07T17:42:53Z
2026-06-07T17:41:56Z,2026-06-07T19:41:56+0200,9fbaedea-27ef-4990-85cf-49287850296c,2026-05-28T02:30:00Z,2026-05-28T04:30:00+0200,109.58,EUR/MWh,FR,FR,imbalance_price,Long,2026-06-07T17:42:53Z
2026-06-07T17:41:56Z,2026-06-07T19:41:56+0200,9fbaedea-27ef-4990-85cf-49287850296c,2026-05-28T02:30:00Z,2026-05-28T04:30:00+0200,129.84,EUR/MWh,FR,FR,imbalance_price,Short,2026-06-07T17:42:53Z
2026-06-07T17:41:56Z,2026-06-07T19:41:56+0200,9fbaedea-27ef-4990-85cf-49287850296c,2026-05-28T02:45:00Z,2026-05-28T04:45:00+0200,110.21,EUR/MWh,FR,FR,imbalance_price,Long,2026-06-07T17:42:53Z
2026-06-07T17:41:56Z,2026-06-07T19:41:56+0200,9fbaedea-27ef-4990-85cf-49287850296c,2026-05-28T02:45:00Z,2026-05-28T04:45:00+0200,130.57,EUR/MWh,FR,FR,imbalance_price,Short,2026-06-07T17:42:53Z
2026-06-07T17:41:56Z,2026-06-07T19:41:56+0200,9fbaedea-27ef-4990-85cf-49287850296c,2026-05-28T03:00:00Z,2026-05-28T05:00:00+0200,110.91,EUR/MWh,FR,FR,imbalance_price,Long,2026-06-07T17:42:53Z
2026-06-07T17:41:56Z,2026-06-07T19:41:56+0200,9fbaedea-27ef-4990-85cf-49287850296c,2026-05-28T03:00:00Z,2026-05-28T05:00:00+0200,131.41,EUR/MWh,FR,FR,imbalance_price,Short,2026-06-07T17:42:53Z
2026-06-07T17:41:56Z,2026-06-07T19:41:56+0200,9fbaedea-27ef-4990-85cf-49287850296c,2026-05-28T03:15:00Z,2026-05-28T05:15:00+0200,104.04,EUR/MWh,FR,FR,imbalance_price,Long,2026-06-07T17:42:53Z
2026-06-07T17:41:56Z,2026-06-07T19:41:56+0200,9fbaedea-27ef-4990-85cf-49287850296c,2026-05-28T03:15:00Z,2026-05-28T05:15:00+0200,123.26,EUR/MWh,FR,FR,imbalance_price,Short,2026-06-07T17:42:53Z
2026-06-07T17:41:56Z,2026-06-07T19:41:56+0200,9fbaedea-27ef-4990-85cf-49287850296c,2026-05-28T03:30:00Z,2026-05-28T05:30:00+0200,98.41,EUR/MWh,FR,FR,imbalance_price,Long,2026-06-07T17:42:53Z
2026-06-07T17:41:56Z,2026-06-07T19:41:56+0200,9fbaedea-27ef-4990-85cf-49287850296c,2026-05-28T03:30:00Z,2026-05-28T05:30:00+0200,116.59,EUR/MWh,FR,FR,imbalance_price,Short,2026-06-07T17:42:53Z
2026-06-07T17:41:56Z,2026-06-07T19:41:56+0200,9fbaedea-27ef-4990-85cf-49287850296c,2026-05-28T03:45:00Z,2026-05-28T05:45:00+0200,101.72,EUR/MWh,FR,FR,imbalance_price,Long,2026-06-07T17:42:53Z
2026-06-07T17:41:56Z,2026-06-07T19:41:56+0200,9fbaedea-27ef-4990-85cf-49287850296c,2026-05-28T03:45:00Z,2026-05-28T05:45:00+0200,120.52,EUR/MWh,FR,FR,imbalance_price,Short,2026-06-07T17:42:53Z
2026-06-07T17:41:56Z,2026-06-07T19:41:56+0200,9fbaedea-27ef-4990-85cf-49287850296c,2026-05-28T04:00:00Z,2026-05-28T06:00:00+0200,125.47,EUR/MWh,FR,FR,imbalance_price,Long,2026-06-07T17:42:53Z
2026-06-07T17:41:56Z,2026-06-07T19:41:56+0200,9fbaedea-27ef-4990-85cf-49287850296c,2026-05-28T04:00:00Z,2026-05-28T06:00:00+0200,148.67,EUR/MWh,FR,FR,imbalance_price,Short,2026-06-07T17:42:53Z
2026-06-07T17:41:56Z,2026-06-07T19:41:56+0200,9fbaedea-27ef-4990-85cf-49287850296c,2026-05-28T04:15:00Z,2026-05-28T06:15:00+0200,124.66,EUR/MWh,FR,FR,imbalance_price,Long,2026-06-07T17:42:53Z
2026-06-07T17:41:56Z,2026-06-07T19:41:56+0200,9fbaedea-27ef-4990-85cf-49287850296c,2026-05-28T04:15:00Z,2026-05-28T06:15:00+0200,147.7,EUR/MWh,FR,FR,imbalance_price,Short,2026-06-07T17:42:53Z
2026-06-07T17:41:56Z,2026-06-07T19:41:56+0200,9fbaedea-27ef-4990-85cf-49287850296c,2026-05-28T04:30:00Z,2026-05-28T06:30:00+0200,126.09,EUR/MWh,FR,FR,imbalance_price,Long,2026-06-07T17:42:53Z
2026-06-07T17:41:56Z,2026-06-07T19:41:56+0200,9fbaedea-27ef-4990-85cf-49287850296c,2026-05-28T04:30:00Z,2026-05-28T06:30:00+0200,149.39,EUR/MWh,FR,FR,imbalance_price,Short,2026-06-07T17:42:53Z
2026-06-07T17:41:56Z,2026-06-07T19:41:56+0200,9fbaedea-27ef-4990-85cf-49287850296c,2026-05-28T04:45:00Z,2026-05-28T06:45:00+0200,128.56,EUR/MWh,FR,FR,imbalance_price,Long,2026-06-07T17:42:53Z
2026-06-07T17:41:56Z,2026-06-07T19:41:56+0200,9fbaedea-27ef-4990-85cf-49287850296c,2026-05-28T04:45:00Z,2026-05-28T06:45:00+0200,152.32,EUR/MWh,FR,FR,imbalance_price,Short,2026-06-07T17:42:53Z
2026-06-07T17:41:56Z,2026-06-07T19:41:56+0200,9fbaedea-27ef-4990-85cf-49287850296c,2026-05-28T05:00:00Z,2026-05-28T07:00:00+0200,27.03,EUR/MWh,FR,FR,imbalance_price,Long,2026-06-07T17:42:53Z
2026-06-07T17:41:56Z,2026-06-07T19:41:56+0200,9fbaedea-27ef-4990-85cf-49287850296c,2026-05-28T05:00:00Z,2026-05-28T07:00:00+0200,32.03,EUR/MWh,FR,FR,imbalance_price,Short,2026-06-07T17:42:53Z
2026-06-07T17:41:56Z,2026-06-07T19:41:56+0200,9fbaedea-27ef-4990-85cf-49287850296c,2026-05-28T05:15:00Z,2026-05-28T07:15:00+0200,100.91,EUR/MWh,FR,FR,imbalance_price,Long,2026-06-07T17:42:53Z
2026-06-07T17:41:56Z,2026-06-07T19:41:56+0200,9fbaedea-27ef-4990-85cf-49287850296c,2026-05-28T05:15:00Z,2026-05-28T07:15:00+0200,119.57,EUR/MWh,FR,FR,imbalance_price,Short,2026-06-07T17:42:53Z
2026-06-07T17:41:56Z,2026-06-07T19:41:56+0200,9fbaedea-27ef-4990-85cf-49287850296c,2026-05-28T05:30:00Z,2026-05-28T07:30:00+0200,23.37,EUR/MWh,FR,FR,imbalance_price,Long,2026-06-07T17:42:53Z
2026-06-07T17:41:56Z,2026-06-07T19:41:56+0200,9fbaedea-27ef-4990-85cf-49287850296c,2026-05-28T05:30:00Z,2026-05-28T07:30:00+0200,27.69,EUR/MWh,FR,FR,imbalance_price,Short,2026-06-07T17:42:53Z
2026-06-07T17:41:56Z,2026-06-07T19:41:56+0200,9fbaedea-27ef-4990-85cf-49287850296c,2026-05-28T05:45:00Z,2026-05-28T07:45:00+0200,21.91,EUR/MWh,FR,FR,imbalance_price,Long,2026-06-07T17:42:53Z
2026-06-07T17:41:56Z,2026-06-07T19:41:56+0200,9fbaedea-27ef-4990-85cf-49287850296c,2026-05-28T05:45:00Z,2026-05-28T07:45:00+0200,25.95,EUR/MWh,FR,FR,imbalance_price,Short,2026-06-07T17:42:53Z
2026-06-07T17:41:56Z,2026-06-07T19:41:56+0200,9fbaedea-27ef-4990-85cf-49287850296c,2026-05-28T06:00:00Z,2026-05-28T08:00:00+0200,81.26,EUR/MWh,FR,FR,imbalance_price,Long,2026-06-07T17:42:53Z
2026-06-07T17:41:56Z,2026-06-07T19:41:56+0200,9fbaedea-27ef-4990-85cf-49287850296c,2026-05-28T06:00:00Z,2026-05-28T08:00:00+0200,96.28,EUR/MWh,FR,FR,imbalance_price,Short,2026-06-07T17:42:53Z
2026-06-07T17:41:56Z,2026-06-07T19:41:56+0200,9fbaedea-27ef-4990-85cf-49287850296c,2026-05-28T06:15:00Z,2026-05-28T08:15:00+0200,35.43,EUR/MWh,FR,FR,imbalance_price,Long,2026-06-07T17:42:53Z
2026-06-07T17:41:56Z,2026-06-07T19:41:56+0200,9fbaedea-27ef-4990-85cf-49287850296c,2026-05-28T06:15:00Z,2026-05-28T08:15:00+0200,41.97,EUR/MWh,FR,FR,imbalance_price,Short,2026-06-07T17:42:53Z
2026-06-07T17:41:56Z,2026-06-07T19:41:56+0200,9fbaedea-27ef-4990-85cf-49287850296c,2026-05-28T06:30:00Z,2026-05-28T08:30:00+0200,96.59,EUR/MWh,FR,FR,imbalance_price,Long,2026-06-07T17:42:53Z
2026-06-07T17:41:56Z,2026-06-07T19:41:56+0200,9fbaedea-27ef-4990-85cf-49287850296c,2026-05-28T06:30:00Z,2026-05-28T08:30:00+0200,114.45,EUR/MWh,FR,FR,imbalance_price,Short,2026-06-07T17:42:53Z
2026-06-07T17:41:56Z,2026-06-07T19:41:56+0200,9fbaedea-27ef-4990-85cf-49287850296c,2026-05-28T06:45:00Z,2026-05-28T08:45:00+0200,54.39,EUR/MWh,FR,FR,imbalance_price,Long,2026-06-07T17:42:53Z
2026-06-07T17:41:56Z,2026-06-07T19:41:56+0200,9fbaedea-27ef-4990-85cf-49287850296c,2026-05-28T06:45:00Z,2026-05-28T08:45:00+0200,64.45,EUR/MWh,FR,FR,imbalance_price,Short,2026-06-07T17:42:53Z
2026-06-07T17:41:56Z,2026-06-07T19:41:56+0200,9fbaedea-27ef-4990-85cf-49287850296c,2026-05-28T07:00:00Z,2026-05-28T09:00:00+0200,60.64,EUR/MWh,FR,FR,imbalance_price,Long,2026-06-07T17:42:53Z
2026-06-07T17:41:56Z,2026-06-07T19:41:56+0200,9fbaedea-27ef-4990-85cf-49287850296c,2026-05-28T07:00:00Z,2026-05-28T09:00:00+0200,71.84,EUR/MWh,FR,FR,imbalance_price,Short,2026-06-07T17:42:53Z
2026-06-07T17:41:56Z,2026-06-07T19:41:56+0200,9fbaedea-27ef-4990-85cf-49287850296c,2026-05-28T07:15:00Z,2026-05-28T09:15:00+0200,28.84,EUR/MWh,FR,FR,imbalance_price,Long,2026-06-07T17:42:53Z
2026-06-07T17:41:56Z,2026-06-07T19:41:56+0200,9fbaedea-27ef-4990-85cf-49287850296c,2026-05-28T07:15:00Z,2026-05-28T09:15:00+0200,34.16,EUR/MWh,FR,FR,imbalance_price,Short,2026-06-07T17:42:53Z
2026-06-07T17:41:56Z,2026-06-07T19:41:56+0200,9fbaedea-27ef-4990-85cf-49287850296c,2026-05-28T07:30:00Z,2026-05-28T09:30:00+0200,79.81,EUR/MWh,FR,FR,imbalance_price,Long,2026-06-07T17:42:53Z
2026-06-07T17:41:56Z,2026-06-07T19:41:56+0200,9fbaedea-27ef-4990-85cf-49287850296c,2026-05-28T07:30:00Z,2026-05-28T09:30:00+0200,94.57,EUR/MWh,FR,FR,imbalance_price,Short,2026-06-07T17:42:53Z
2026-06-07T17:41:56Z,2026-06-07T19:41:56+0200,9fbaedea-27ef-4990-85cf-49287850296c,2026-05-28T07:45:00Z,2026-05-28T09:45:00+0200,3.44,EUR/MWh,FR,FR,imbalance_price,Long,2026-06-07T17:42:53Z
2026-06-07T17:41:56Z,2026-06-07T19:41:56+0200,9fbaedea-27ef-4990-85cf-49287850296c,2026-05-28T07:45:00Z,2026-05-28T09:45:00+0200,4.08,EUR/MWh,FR,FR,imbalance_price,Short,2026-06-07T17:42:53Z
2026-06-07T17:41:56Z,2026-06-07T19:41:56+0200,9fbaedea-27ef-4990-85cf-49287850296c,2026-05-28T08:00:00Z,2026-05-28T10:00:00+0200,-1.58,EUR/MWh,FR,FR,imbalance_price,Long,2026-06-07T17:42:53Z
2026-06-07T17:41:56Z,2026-06-07T19:41:56+0200,9fbaedea-27ef-4990-85cf-49287850296c,2026-05-28T08:00:00Z,2026-05-28T10:00:00+0200,-1.34,EUR/MWh,FR,FR,imbalance_price,Short,2026-06-07T17:42:53Z
2026-06-07T17:41:56Z,2026-06-07T19:41:56+0200,9fbaedea-27ef-4990-85cf-49287850296c,2026-05-28T08:15:00Z,2026-05-28T10:15:00+0200,-10.92,EUR/MWh,FR,FR,imbalance_price,Long,2026-06-07T17:42:53Z
2026-06-07T17:41:56Z,2026-06-07T19:41:56+0200,9fbaedea-27ef-4990-85cf-49287850296c,2026-05-28T08:15:00Z,2026-05-28T10:15:00+0200,-9.22,EUR/MWh,FR,FR,imbalance_price,Short,2026-06-07T17:42:53Z
2026-06-07T17:41:56Z,2026-06-07T19:41:56+0200,9fbaedea-27ef-4990-85cf-49287850296c,2026-05-28T08:30:00Z,2026-05-28T10:30:00+0200,-8.92,EUR/MWh,FR,FR,imbalance_price,Long,2026-06-07T17:42:53Z
2026-06-07T17:41:56Z,2026-06-07T19:41:56+0200,9fbaedea-27ef-4990-85cf-49287850296c,2026-05-28T08:30:00Z,2026-05-28T10:30:00+0200,-7.52,EUR/MWh,FR,FR,imbalance_price,Short,2026-06-07T17:42:53Z
2026-06-07T17:41:56Z,2026-06-07T19:41:56+0200,9fbaedea-27ef-4990-85cf-49287850296c,2026-05-28T08:45:00Z,2026-05-28T10:45:00+0200,-1.71,EUR/MWh,FR,FR,imbalance_price,Long,2026-06-07T17:42:53Z
2026-06-07T17:41:56Z,2026-06-07T19:41:56+0200,9fbaedea-27ef-4990-85cf-49287850296c,2026-05-28T08:45:00Z,2026-05-28T10:45:00+0200,-1.45,EUR/MWh,FR,FR,imbalance_price,Short,2026-06-07T17:42:53Z
2026-06-07T17:41:56Z,2026-06-07T19:41:56+0200,9fbaedea-27ef-4990-85cf-49287850296c,2026-05-28T09:00:00Z,2026-05-28T11:00:00+0200,-25.14,EUR/MWh,FR,FR,imbalance_price,Long,2026-06-07T17:42:53Z
2026-06-07T17:41:56Z,2026-06-07T19:41:56+0200,9fbaedea-27ef-4990-85cf-49287850296c,2026-05-28T09:00:00Z,2026-05-28T11:00:00+0200,-21.22,EUR/MWh,FR,FR,imbalance_price,Short,2026-06-07T17:42:53Z
2026-06-07T17:41:56Z,2026-06-07T19:41:56+0200,9fbaedea-27ef-4990-85cf-49287850296c,2026-05-28T09:15:00Z,2026-05-28T11:15:00+0200,-1.54,EUR/MWh,FR,FR,imbalance_price,Long,2026-06-07T17:42:53Z
2026-06-07T17:41:56Z,2026-06-07T19:41:56+0200,9fbaedea-27ef-4990-85cf-49287850296c,2026-05-28T09:15:00Z,2026-05-28T11:15:00+0200,-1.3,EUR/MWh,FR,FR,imbalance_price,Short,2026-06-07T17:42:53Z
2026-06-07T17:41:56Z,2026-06-07T19:41:56+0200,9fbaedea-27ef-4990-85cf-49287850296c,2026-05-28T09:30:00Z,2026-05-28T11:30:00+0200,0.6,EUR/MWh,FR,FR,imbalance_price,Long,2026-06-07T17:42:53Z
2026-06-07T17:41:56Z,2026-06-07T19:41:56+0200,9fbaedea-27ef-4990-85cf-49287850296c,2026-05-28T09:30:00Z,2026-05-28T11:30:00+0200,0.72,EUR/MWh,FR,FR,imbalance_price,Short,2026-06-07T17:42:53Z
2026-06-07T17:41:56Z,2026-06-07T19:41:56+0200,9fbaedea-27ef-4990-85cf-49287850296c,2026-05-28T09:45:00Z,2026-05-28T11:45:00+0200,33.6,EUR/MWh,FR,FR,imbalance_price,Long,2026-06-07T17:42:53Z
2026-06-07T17:41:56Z,2026-06-07T19:41:56+0200,9fbaedea-27ef-4990-85cf-49287850296c,2026-05-28T09:45:00Z,2026-05-28T11:45:00+0200,39.82,EUR/MWh,FR,FR,imbalance_price,Short,2026-06-07T17:42:53Z
2026-06-07T17:41:56Z,2026-06-07T19:41:56+0200,9fbaedea-27ef-4990-85cf-49287850296c,2026-05-28T10:00:00Z,2026-05-28T12:00:00+0200,27.6,EUR/MWh,FR,FR,imbalance_price,Long,2026-06-07T17:42:53Z
2026-06-07T17:41:56Z,2026-06-07T19:41:56+0200,9fbaedea-27ef-4990-85cf-49287850296c,2026-05-28T10:00:00Z,2026-05-28T12:00:00+0200,32.7,EUR/MWh,FR,FR,imbalance_price,Short,2026-06-07T17:42:53Z
2026-06-07T17:41:56Z,2026-06-07T19:41:56+0200,9fbaedea-27ef-4990-85cf-49287850296c,2026-05-28T10:15:00Z,2026-05-28T12:15:00+0200,14.8,EUR/MWh,FR,FR,imbalance_price,Long,2026-06-07T17:42:53Z
2026-06-07T17:41:56Z,2026-06-07T19:41:56+0200,9fbaedea-27ef-4990-85cf-49287850296c,2026-05-28T10:15:00Z,2026-05-28T12:15:00+0200,17.54,EUR/MWh,FR,FR,imbalance_price,Short,2026-06-07T17:42:53Z
2026-06-07T17:41:56Z,2026-06-07T19:41:56+0200,9fbaedea-27ef-4990-85cf-49287850296c,2026-05-28T10:30:00Z,2026-05-28T12:30:00+0200,15.92,EUR/MWh,FR,FR,imbalance_price,Long,2026-06-07T17:42:53Z
2026-06-07T17:41:56Z,2026-06-07T19:41:56+0200,9fbaedea-27ef-4990-85cf-49287850296c,2026-05-28T10:30:00Z,2026-05-28T12:30:00+0200,18.86,EUR/MWh,FR,FR,imbalance_price,Short,2026-06-07T17:42:53Z
2026-06-07T17:41:56Z,2026-06-07T19:41:56+0200,9fbaedea-27ef-4990-85cf-49287850296c,2026-05-28T10:45:00Z,2026-05-28T12:45:00+0200,1.35,EUR/MWh,FR,FR,imbalance_price,Long,2026-06-07T17:42:53Z
2026-06-07T17:41:56Z,2026-06-07T19:41:56+0200,9fbaedea-27ef-4990-85cf-49287850296c,2026-05-28T10:45:00Z,2026-05-28T12:45:00+0200,1.61,EUR/MWh,FR,FR,imbalance_price,Short,2026-06-07T17:42:53Z
2026-06-07T17:41:56Z,2026-06-07T19:41:56+0200,9fbaedea-27ef-4990-85cf-49287850296c,2026-05-28T11:00:00Z,2026-05-28T13:00:00+0200,63.9,EUR/MWh,FR,FR,imbalance_price,Long,2026-06-07T17:42:53Z
2026-06-07T17:41:56Z,2026-06-07T19:41:56+0200,9fbaedea-27ef-4990-85cf-49287850296c,2026-05-28T11:00:00Z,2026-05-28T13:00:00+0200,75.72,EUR/MWh,FR,FR,imbalance_price,Short,2026-06-07T17:42:53Z
2026-06-07T17:41:56Z,2026-06-07T19:41:56+0200,9fbaedea-27ef-4990-85cf-49287850296c,2026-05-28T11:15:00Z,2026-05-28T13:15:00+0200,59.27,EUR/MWh,FR,FR,imbalance_price,Long,2026-06-07T17:42:53Z
2026-06-07T17:41:56Z,2026-06-07T19:41:56+0200,9fbaedea-27ef-4990-85cf-49287850296c,2026-05-28T11:15:00Z,2026-05-28T13:15:00+0200,70.23,EUR/MWh,FR,FR,imbalance_price,Short,2026-06-07T17:42:53Z
2026-06-07T17:41:56Z,2026-06-07T19:41:56+0200,9fbaedea-27ef-4990-85cf-49287850296c,2026-05-28T11:30:00Z,2026-05-28T13:30:00+0200,51.92,EUR/MWh,FR,FR,imbalance_price,Long,2026-06-07T17:42:53Z
2026-06-07T17:41:56Z,2026-06-07T19:41:56+0200,9fbaedea-27ef-4990-85cf-49287850296c,2026-05-28T11:30:00Z,2026-05-28T13:30:00+0200,61.52,EUR/MWh,FR,FR,imbalance_price,Short,2026-06-07T17:42:53Z
2026-06-07T17:41:56Z,2026-06-07T19:41:56+0200,9fbaedea-27ef-4990-85cf-49287850296c,2026-05-28T11:45:00Z,2026-05-28T13:45:00+0200,19.7,EUR/MWh,FR,FR,imbalance_price,Long,2026-06-07T17:42:53Z
2026-06-07T17:41:56Z,2026-06-07T19:41:56+0200,9fbaedea-27ef-4990-85cf-49287850296c,2026-05-28T11:45:00Z,2026-05-28T13:45:00+0200,23.34,EUR/MWh,FR,FR,imbalance_price,Short,2026-06-07T17:42:53Z
2026-06-07T17:41:56Z,2026-06-07T19:41:56+0200,9fbaedea-27ef-4990-85cf-49287850296c,2026-05-28T12:00:00Z,2026-05-28T14:00:00+0200,-14.57,EUR/MWh,FR,FR,imbalance_price,Long,2026-06-07T17:42:53Z
2026-06-07T17:41:56Z,2026-06-07T19:41:56+0200,9fbaedea-27ef-4990-85cf-49287850296c,2026-05-28T12:00:00Z,2026-05-28T14:00:00+0200,-12.29,EUR/MWh,FR,FR,imbalance_price,Short,2026-06-07T17:42:53Z
2026-06-07T17:41:56Z,2026-06-07T19:41:56+0200,9fbaedea-27ef-4990-85cf-49287850296c,2026-05-28T12:15:00Z,2026-05-28T14:15:00+0200,-23.67,EUR/MWh,FR,FR,imbalance_price,Long,2026-06-07T17:42:53Z
2026-06-07T17:41:56Z,2026-06-07T19:41:56+0200,9fbaedea-27ef-4990-85cf-49287850296c,2026-05-28T12:15:00Z,2026-05-28T14:15:00+0200,-19.97,EUR/MWh,FR,FR,imbalance_price,Short,2026-06-07T17:42:53Z
2026-06-07T17:41:56Z,2026-06-07T19:41:56+0200,9fbaedea-27ef-4990-85cf-49287850296c,2026-05-28T12:30:00Z,2026-05-28T14:30:00+0200,-32.87,EUR/MWh,FR,FR,imbalance_price,Long,2026-06-07T17:42:53Z
2026-06-07T17:41:56Z,2026-06-07T19:41:56+0200,9fbaedea-27ef-4990-85cf-49287850296c,2026-05-28T12:30:00Z,2026-05-28T14:30:00+0200,-27.75,EUR/MWh,FR,FR,imbalance_price,Short,2026-06-07T17:42:53Z
2026-06-07T17:41:56Z,2026-06-07T19:41:56+0200,9fbaedea-27ef-4990-85cf-49287850296c,2026-05-28T12:45:00Z,2026-05-28T14:45:00+0200,-37.94,EUR/MWh,FR,FR,imbalance_price,Long,2026-06-07T17:42:53Z
2026-06-07T17:41:56Z,2026-06-07T19:41:56+0200,9fbaedea-27ef-4990-85cf-49287850296c,2026-05-28T12:45:00Z,2026-05-28T14:45:00+0200,-32.02,EUR/MWh,FR,FR,imbalance_price,Short,2026-06-07T17:42:53Z
2026-06-07T17:41:56Z,2026-06-07T19:41:56+0200,9fbaedea-27ef-4990-85cf-49287850296c,2026-05-28T13:00:00Z,2026-05-28T15:00:00+0200,-22.01,EUR/MWh,FR,FR,imbalance_price,Long,2026-06-07T17:42:53Z
2026-06-07T17:41:56Z,2026-06-07T19:41:56+0200,9fbaedea-27ef-4990-85cf-49287850296c,2026-05-28T13:00:00Z,2026-05-28T15:00:00+0200,-18.57,EUR/MWh,FR,FR,imbalance_price,Short,2026-06-07T17:42:53Z
2026-06-07T17:41:56Z,2026-06-07T19:41:56+0200,9fbaedea-27ef-4990-85cf-49287850296c,2026-05-28T13:15:00Z,2026-05-28T15:15:00+0200,-23.75,EUR/MWh,FR,FR,imbalance_price,Long,2026-06-07T17:42:53Z
2026-06-07T17:41:56Z,2026-06-07T19:41:56+0200,9fbaedea-27ef-4990-85cf-49287850296c,2026-05-28T13:15:00Z,2026-05-28T15:15:00+0200,-20.05,EUR/MWh,FR,FR,imbalance_price,Short,2026-06-07T17:42:53Z
2026-06-07T17:41:56Z,2026-06-07T19:41:56+0200,9fbaedea-27ef-4990-85cf-49287850296c,2026-05-28T13:30:00Z,2026-05-28T15:30:00+0200,-24.35,EUR/MWh,FR,FR,imbalance_price,Long,2026-06-07T17:42:53Z
2026-06-07T17:41:56Z,2026-06-07T19:41:56+0200,9fbaedea-27ef-4990-85cf-49287850296c,2026-05-28T13:30:00Z,2026-05-28T15:30:00+0200,-20.55,EUR/MWh,FR,FR,imbalance_price,Short,2026-06-07T17:42:53Z
2026-06-07T17:41:56Z,2026-06-07T19:41:56+0200,9fbaedea-27ef-4990-85cf-49287850296c,2026-05-28T13:45:00Z,2026-05-28T15:45:00+0200,-21.98,EUR/MWh,FR,FR,imbalance_price,Long,2026-06-07T17:42:53Z
2026-06-07T17:41:56Z,2026-06-07T19:41:56+0200,9fbaedea-27ef-4990-85cf-49287850296c,2026-05-28T13:45:00Z,2026-05-28T15:45:00+0200,-18.56,EUR/MWh,FR,FR,imbalance_price,Short,2026-06-07T17:42:53Z
2026-06-07T17:41:56Z,2026-06-07T19:41:56+0200,9fbaedea-27ef-4990-85cf-49287850296c,2026-05-28T14:00:00Z,2026-05-28T16:00:00+0200,-10.55,EUR/MWh,FR,FR,imbalance_price,Long,2026-06-07T17:42:53Z
2026-06-07T17:41:56Z,2026-06-07T19:41:56+0200,9fbaedea-27ef-4990-85cf-49287850296c,2026-05-28T14:00:00Z,2026-05-28T16:00:00+0200,-8.91,EUR/MWh,FR,FR,imbalance_price,Short,2026-06-07T17:42:53Z
2026-06-07T17:41:56Z,2026-06-07T19:41:56+0200,9fbaedea-27ef-4990-85cf-49287850296c,2026-05-28T14:15:00Z,2026-05-28T16:15:00+0200,-7.71,EUR/MWh,FR,FR,imbalance_price,Long,2026-06-07T17:42:53Z
2026-06-07T17:41:56Z,2026-06-07T19:41:56+0200,9fbaedea-27ef-4990-85cf-49287850296c,2026-05-28T14:15:00Z,2026-05-28T16:15:00+0200,-6.51,EUR/MWh,FR,FR,imbalance_price,Short,2026-06-07T17:42:53Z
2026-06-07T17:41:56Z,2026-06-07T19:41:56+0200,9fbaedea-27ef-4990-85cf-49287850296c,2026-05-28T14:30:00Z,2026-05-28T16:30:00+0200,-6.24,EUR/MWh,FR,FR,imbalance_price,Long,2026-06-07T17:42:53Z
2026-06-07T17:41:56Z,2026-06-07T19:41:56+0200,9fbaedea-27ef-4990-85cf-49287850296c,2026-05-28T14:30:00Z,2026-05-28T16:30:00+0200,-5.26,EUR/MWh,FR,FR,imbalance_price,Short,2026-06-07T17:42:53Z
2026-06-07T17:41:56Z,2026-06-07T19:41:56+0200,9fbaedea-27ef-4990-85cf-49287850296c,2026-05-28T14:45:00Z,2026-05-28T16:45:00+0200,-7.64,EUR/MWh,FR,FR,imbalance_price,Long,2026-06-07T17:42:53Z
2026-06-07T17:41:56Z,2026-06-07T19:41:56+0200,9fbaedea-27ef-4990-85cf-49287850296c,2026-05-28T14:45:00Z,2026-05-28T16:45:00+0200,-6.44,EUR/MWh,FR,FR,imbalance_price,Short,2026-06-07T17:42:53Z
2026-06-07T17:41:56Z,2026-06-07T19:41:56+0200,9fbaedea-27ef-4990-85cf-49287850296c,2026-05-28T15:00:00Z,2026-05-28T17:00:00+0200,-9.77,EUR/MWh,FR,FR,imbalance_price,Long,2026-06-07T17:42:53Z
2026-06-07T17:41:56Z,2026-06-07T19:41:56+0200,9fbaedea-27ef-4990-85cf-49287850296c,2026-05-28T15:00:00Z,2026-05-28T17:00:00+0200,-8.25,EUR/MWh,FR,FR,imbalance_price,Short,2026-06-07T17:42:53Z
2026-06-07T17:41:56Z,2026-06-07T19:41:56+0200,9fbaedea-27ef-4990-85cf-49287850296c,2026-05-28T15:15:00Z,2026-05-28T17:15:00+0200,-14.48,EUR/MWh,FR,FR,imbalance_price,Long,2026-06-07T17:42:53Z
2026-06-07T17:41:56Z,2026-06-07T19:41:56+0200,9fbaedea-27ef-4990-85cf-49287850296c,2026-05-28T15:15:00Z,2026-05-28T17:15:00+0200,-12.22,EUR/MWh,FR,FR,imbalance_price,Short,2026-06-07T17:42:53Z
2026-06-07T17:41:56Z,2026-06-07T19:41:56+0200,9fbaedea-27ef-4990-85cf-49287850296c,2026-05-28T15:30:00Z,2026-05-28T17:30:00+0200,-12.07,EUR/MWh,FR,FR,imbalance_price,Long,2026-06-07T17:42:53Z
2026-06-07T17:41:56Z,2026-06-07T19:41:56+0200,9fbaedea-27ef-4990-85cf-49287850296c,2026-05-28T15:30:00Z,2026-05-28T17:30:00+0200,-10.19,EUR/MWh,FR,FR,imbalance_price,Short,2026-06-07T17:42:53Z
2026-06-07T17:41:56Z,2026-06-07T19:41:56+0200,9fbaedea-27ef-4990-85cf-49287850296c,2026-05-28T15:45:00Z,2026-05-28T17:45:00+0200,-9.86,EUR/MWh,FR,FR,imbalance_price,Long,2026-06-07T17:42:53Z
2026-06-07T17:41:56Z,2026-06-07T19:41:56+0200,9fbaedea-27ef-4990-85cf-49287850296c,2026-05-28T15:45:00Z,2026-05-28T17:45:00+0200,-8.32,EUR/MWh,FR,FR,imbalance_price,Short,2026-06-07T17:42:53Z
2026-06-07T17:41:56Z,2026-06-07T19:41:56+0200,9fbaedea-27ef-4990-85cf-49287850296c,2026-05-28T16:00:00Z,2026-05-28T18:00:00+0200,-11.63,EUR/MWh,FR,FR,imbalance_price,Long,2026-06-07T17:42:53Z
2026-06-07T17:41:56Z,2026-06-07T19:41:56+0200,9fbaedea-27ef-4990-85cf-49287850296c,2026-05-28T16:00:00Z,2026-05-28T18:00:00+0200,-9.81,EUR/MWh,FR,FR,imbalance_price,Short,2026-06-07T17:42:53Z
2026-06-07T17:41:56Z,2026-06-07T19:41:56+0200,9fbaedea-27ef-4990-85cf-49287850296c,2026-05-28T16:15:00Z,2026-05-28T18:15:00+0200,-6.42,EUR/MWh,FR,FR,imbalance_price,Long,2026-06-07T17:42:53Z
2026-06-07T17:41:56Z,2026-06-07T19:41:56+0200,9fbaedea-27ef-4990-85cf-49287850296c,2026-05-28T16:15:00Z,2026-05-28T18:15:00+0200,-5.42,EUR/MWh,FR,FR,imbalance_price,Short,2026-06-07T17:42:53Z
2026-06-07T17:41:56Z,2026-06-07T19:41:56+0200,9fbaedea-27ef-4990-85cf-49287850296c,2026-05-28T16:30:00Z,2026-05-28T18:30:00+0200,0.49,EUR/MWh,FR,FR,imbalance_price,Long,2026-06-07T17:42:53Z
2026-06-07T17:41:56Z,2026-06-07T19:41:56+0200,9fbaedea-27ef-4990-85cf-49287850296c,2026-05-28T16:30:00Z,2026-05-28T18:30:00+0200,0.59,EUR/MWh,FR,FR,imbalance_price,Short,2026-06-07T17:42:53Z
2026-06-07T17:41:56Z,2026-06-07T19:41:56+0200,9fbaedea-27ef-4990-85cf-49287850296c,2026-05-28T16:45:00Z,2026-05-28T18:45:00+0200,151.65,EUR/MWh,FR,FR,imbalance_price,Long,2026-06-07T17:42:53Z
2026-06-07T17:41:56Z,2026-06-07T19:41:56+0200,9fbaedea-27ef-4990-85cf-49287850296c,2026-05-28T16:45:00Z,2026-05-28T18:45:00+0200,179.69,EUR/MWh,FR,FR,imbalance_price,Short,2026-06-07T17:42:53Z
2026-06-07T17:41:56Z,2026-06-07T19:41:56+0200,9fbaedea-27ef-4990-85cf-49287850296c,2026-05-28T17:00:00Z,2026-05-28T19:00:00+0200,11.12,EUR/MWh,FR,FR,imbalance_price,Long,2026-06-07T17:42:53Z
2026-06-07T17:41:56Z,2026-06-07T19:41:56+0200,9fbaedea-27ef-4990-85cf-49287850296c,2026-05-28T17:00:00Z,2026-05-28T19:00:00+0200,13.18,EUR/MWh,FR,FR,imbalance_price,Short,2026-06-07T17:42:53Z
2026-06-07T17:41:56Z,2026-06-07T19:41:56+0200,9fbaedea-27ef-4990-85cf-49287850296c,2026-05-28T17:15:00Z,2026-05-28T19:15:00+0200,8.74,EUR/MWh,FR,FR,imbalance_price,Long,2026-06-07T17:42:53Z
2026-06-07T17:41:56Z,2026-06-07T19:41:56+0200,9fbaedea-27ef-4990-85cf-49287850296c,2026-05-28T17:15:00Z,2026-05-28T19:15:00+0200,10.36,EUR/MWh,FR,FR,imbalance_price,Short,2026-06-07T17:42:53Z
2026-06-07T17:41:56Z,2026-06-07T19:41:56+0200,9fbaedea-27ef-4990-85cf-49287850296c,2026-05-28T17:30:00Z,2026-05-28T19:30:00+0200,14.23,EUR/MWh,FR,FR,imbalance_price,Long,2026-06-07T17:42:53Z
2026-06-07T17:41:56Z,2026-06-07T19:41:56+0200,9fbaedea-27ef-4990-85cf-49287850296c,2026-05-28T17:30:00Z,2026-05-28T19:30:00+0200,16.85,EUR/MWh,FR,FR,imbalance_price,Short,2026-06-07T17:42:53Z
2026-06-07T17:41:56Z,2026-06-07T19:41:56+0200,9fbaedea-27ef-4990-85cf-49287850296c,2026-05-28T17:45:00Z,2026-05-28T19:45:00+0200,229.02,EUR/MWh,FR,FR,imbalance_price,Long,2026-06-07T17:42:53Z
2026-06-07T17:41:56Z,2026-06-07T19:41:56+0200,9fbaedea-27ef-4990-85cf-49287850296c,2026-05-28T17:45:00Z,2026-05-28T19:45:00+0200,271.36,EUR/MWh,FR,FR,imbalance_price,Short,2026-06-07T17:42:53Z
2026-06-07T17:41:56Z,2026-06-07T19:41:56+0200,9fbaedea-27ef-4990-85cf-49287850296c,2026-05-28T18:00:00Z,2026-05-28T20:00:00+0200,241.2,EUR/MWh,FR,FR,imbalance_price,Long,2026-06-07T17:42:53Z
2026-06-07T17:41:56Z,2026-06-07T19:41:56+0200,9fbaedea-27ef-4990-85cf-49287850296c,2026-05-28T18:00:00Z,2026-05-28T20:00:00+0200,285.78,EUR/MWh,FR,FR,imbalance_price,Short,2026-06-07T17:42:53Z
2026-06-07T17:41:56Z,2026-06-07T19:41:56+0200,9fbaedea-27ef-4990-85cf-49287850296c,2026-05-28T18:15:00Z,2026-05-28T20:15:00+0200,89.91,EUR/MWh,FR,FR,imbalance_price,Long,2026-06-07T17:42:53Z
2026-06-07T17:41:56Z,2026-06-07T19:41:56+0200,9fbaedea-27ef-4990-85cf-49287850296c,2026-05-28T18:15:00Z,2026-05-28T20:15:00+0200,106.53,EUR/MWh,FR,FR,imbalance_price,Short,2026-06-07T17:42:53Z
2026-06-07T17:41:56Z,2026-06-07T19:41:56+0200,9fbaedea-27ef-4990-85cf-49287850296c,2026-05-28T18:30:00Z,2026-05-28T20:30:00+0200,89.91,EUR/MWh,FR,FR,imbalance_price,Long,2026-06-07T17:42:53Z
2026-06-07T17:41:56Z,2026-06-07T19:41:56+0200,9fbaedea-27ef-4990-85cf-49287850296c,2026-05-28T18:30:00Z,2026-05-28T20:30:00+0200,106.53,EUR/MWh,FR,FR,imbalance_price,Short,2026-06-07T17:42:53Z
2026-06-07T17:41:56Z,2026-06-07T19:41:56+0200,9fbaedea-27ef-4990-85cf-49287850296c,2026-05-28T18:45:00Z,2026-05-28T20:45:00+0200,146.37,EUR/MWh,FR,FR,imbalance_price,Long,2026-06-07T17:42:53Z
2026-06-07T17:41:56Z,2026-06-07T19:41:56+0200,9fbaedea-27ef-4990-85cf-49287850296c,2026-05-28T18:45:00Z,2026-05-28T20:45:00+0200,173.43,EUR/MWh,FR,FR,imbalance_price,Short,2026-06-07T17:42:53Z
2026-06-07T17:41:56Z,2026-06-07T19:41:56+0200,9fbaedea-27ef-4990-85cf-49287850296c,2026-05-28T19:00:00Z,2026-05-28T21:00:00+0200,175.8,EUR/MWh,FR,FR,imbalance_price,Long,2026-06-07T17:42:53Z
2026-06-07T17:41:56Z,2026-06-07T19:41:56+0200,9fbaedea-27ef-4990-85cf-49287850296c,2026-05-28T19:00:00Z,2026-05-28T21:00:00+0200,208.3,EUR/MWh,FR,FR,imbalance_price,Short,2026-06-07T17:42:53Z
2026-06-07T17:41:56Z,2026-06-07T19:41:56+0200,9fbaedea-27ef-4990-85cf-49287850296c,2026-05-28T19:15:00Z,2026-05-28T21:15:00+0200,132.5,EUR/MWh,FR,FR,imbalance_price,Long,2026-06-07T17:42:53Z
2026-06-07T17:41:56Z,2026-06-07T19:41:56+0200,9fbaedea-27ef-4990-85cf-49287850296c,2026-05-28T19:15:00Z,2026-05-28T21:15:00+0200,157.0,EUR/MWh,FR,FR,imbalance_price,Short,2026-06-07T17:42:53Z
2026-06-07T17:41:56Z,2026-06-07T19:41:56+0200,9fbaedea-27ef-4990-85cf-49287850296c,2026-05-28T19:30:00Z,2026-05-28T21:30:00+0200,118.28,EUR/MWh,FR,FR,imbalance_price,Long,2026-06-07T17:42:53Z
2026-06-07T17:41:56Z,2026-06-07T19:41:56+0200,9fbaedea-27ef-4990-85cf-49287850296c,2026-05-28T19:30:00Z,2026-05-28T21:30:00+0200,140.14,EUR/MWh,FR,FR,imbalance_price,Short,2026-06-07T17:42:53Z
2026-06-07T17:41:56Z,2026-06-07T19:41:56+0200,9fbaedea-27ef-4990-85cf-49287850296c,2026-05-28T19:45:00Z,2026-05-28T21:45:00+0200,116.72,EUR/MWh,FR,FR,imbalance_price,Long,2026-06-07T17:42:53Z
2026-06-07T17:41:56Z,2026-06-07T19:41:56+0200,9fbaedea-27ef-4990-85cf-49287850296c,2026-05-28T19:45:00Z,2026-05-28T21:45:00+0200,138.3,EUR/MWh,FR,FR,imbalance_price,Short,2026-06-07T17:42:53Z
2026-06-07T17:41:56Z,2026-06-07T19:41:56+0200,9fbaedea-27ef-4990-85cf-49287850296c,2026-05-28T20:00:00Z,2026-05-28T22:00:00+0200,137.93,EUR/MWh,FR,FR,imbalance_price,Long,2026-06-07T17:42:53Z
2026-06-07T17:41:56Z,2026-06-07T19:41:56+0200,9fbaedea-27ef-4990-85cf-49287850296c,2026-05-28T20:00:00Z,2026-05-28T22:00:00+0200,163.43,EUR/MWh,FR,FR,imbalance_price,Short,2026-06-07T17:42:53Z
2026-06-07T17:41:56Z,2026-06-07T19:41:56+0200,9fbaedea-27ef-4990-85cf-49287850296c,2026-05-28T20:15:00Z,2026-05-28T22:15:00+0200,154.59,EUR/MWh,FR,FR,imbalance_price,Long,2026-06-07T17:42:53Z
2026-06-07T17:41:56Z,2026-06-07T19:41:56+0200,9fbaedea-27ef-4990-85cf-49287850296c,2026-05-28T20:15:00Z,2026-05-28T22:15:00+0200,183.17,EUR/MWh,FR,FR,imbalance_price,Short,2026-06-07T17:42:53Z
2026-06-07T17:41:56Z,2026-06-07T19:41:56+0200,9fbaedea-27ef-4990-85cf-49287850296c,2026-05-28T20:30:00Z,2026-05-28T22:30:00+0200,152.61,EUR/MWh,FR,FR,imbalance_price,Long,2026-06-07T17:42:53Z
2026-06-07T17:41:56Z,2026-06-07T19:41:56+0200,9fbaedea-27ef-4990-85cf-49287850296c,2026-05-28T20:30:00Z,2026-05-28T22:30:00+0200,180.81,EUR/MWh,FR,FR,imbalance_price,Short,2026-06-07T17:42:53Z
2026-06-07T17:41:56Z,2026-06-07T19:41:56+0200,9fbaedea-27ef-4990-85cf-49287850296c,2026-05-28T20:45:00Z,2026-05-28T22:45:00+0200,155.05,EUR/MWh,FR,FR,imbalance_price,Long,2026-06-07T17:42:53Z
2026-06-07T17:41:56Z,2026-06-07T19:41:56+0200,9fbaedea-27ef-4990-85cf-49287850296c,2026-05-28T20:45:00Z,2026-05-28T22:45:00+0200,183.71,EUR/MWh,FR,FR,imbalance_price,Short,2026-06-07T17:42:53Z
2026-06-07T17:41:56Z,2026-06-07T19:41:56+0200,9fbaedea-27ef-4990-85cf-49287850296c,2026-05-28T21:00:00Z,2026-05-28T23:00:00+0200,135.63,EUR/MWh,FR,FR,imbalance_price,Long,2026-06-07T17:42:53Z
2026-06-07T17:41:56Z,2026-06-07T19:41:56+0200,9fbaedea-27ef-4990-85cf-49287850296c,2026-05-28T21:00:00Z,2026-05-28T23:00:00+0200,160.69,EUR/MWh,FR,FR,imbalance_price,Short,2026-06-07T17:42:53Z
2026-06-07T17:41:56Z,2026-06-07T19:41:56+0200,9fbaedea-27ef-4990-85cf-49287850296c,2026-05-28T21:15:00Z,2026-05-28T23:15:00+0200,62.44,EUR/MWh,FR,FR,imbalance_price,Long,2026-06-07T17:42:53Z
2026-06-07T17:41:56Z,2026-06-07T19:41:56+0200,9fbaedea-27ef-4990-85cf-49287850296c,2026-05-28T21:15:00Z,2026-05-28T23:15:00+0200,73.98,EUR/MWh,FR,FR,imbalance_price,Short,2026-06-07T17:42:53Z
2026-06-07T17:41:56Z,2026-06-07T19:41:56+0200,9fbaedea-27ef-4990-85cf-49287850296c,2026-05-28T21:30:00Z,2026-05-28T23:30:00+0200,136.0,EUR/MWh,FR,FR,imbalance_price,Long,2026-06-07T17:42:53Z
2026-06-07T17:41:56Z,2026-06-07T19:41:56+0200,9fbaedea-27ef-4990-85cf-49287850296c,2026-05-28T21:30:00Z,2026-05-28T23:30:00+0200,161.14,EUR/MWh,FR,FR,imbalance_price,Short,2026-06-07T17:42:53Z
2026-06-07T17:41:56Z,2026-06-07T19:41:56+0200,9fbaedea-27ef-4990-85cf-49287850296c,2026-05-28T21:45:00Z,2026-05-28T23:45:00+0200,45.91,EUR/MWh,FR,FR,imbalance_price,Long,2026-06-07T17:42:53Z
2026-06-07T17:41:56Z,2026-06-07T19:41:56+0200,9fbaedea-27ef-4990-85cf-49287850296c,2026-05-28T21:45:00Z,2026-05-28T23:45:00+0200,54.39,EUR/MWh,FR,FR,imbalance_price,Short,2026-06-07T17:42:53Z
2026-06-07T17:41:56Z,2026-06-07T19:41:56+0200,9fbaedea-27ef-4990-85cf-49287850296c,2026-05-28T22:00:00Z,2026-05-29T00:00:00+0200,120.8,EUR/MWh,FR,FR,imbalance_price,Long,2026-06-07T17:42:53Z
2026-06-07T17:41:56Z,2026-06-07T19:41:56+0200,9fbaedea-27ef-4990-85cf-49287850296c,2026-05-28T22:00:00Z,2026-05-29T00:00:00+0200,143.12,EUR/MWh,FR,FR,imbalance_price,Short,2026-06-07T17:42:53Z
2026-06-07T17:41:56Z,2026-06-07T19:41:56+0200,9fbaedea-27ef-4990-85cf-49287850296c,2026-05-28T22:15:00Z,2026-05-29T00:15:00+0200,125.45,EUR/MWh,FR,FR,imbalance_price,Long,2026-06-07T17:42:53Z
2026-06-07T17:41:56Z,2026-06-07T19:41:56+0200,9fbaedea-27ef-4990-85cf-49287850296c,2026-05-28T22:15:00Z,2026-05-29T00:15:00+0200,148.63,EUR/MWh,FR,FR,imbalance_price,Short,2026-06-07T17:42:53Z
2026-06-07T17:41:56Z,2026-06-07T19:41:56+0200,9fbaedea-27ef-4990-85cf-49287850296c,2026-05-28T22:30:00Z,2026-05-29T00:30:00+0200,108.47,EUR/MWh,FR,FR,imbalance_price,Long,2026-06-07T17:42:53Z
2026-06-07T17:41:56Z,2026-06-07T19:41:56+0200,9fbaedea-27ef-4990-85cf-49287850296c,2026-05-28T22:30:00Z,2026-05-29T00:30:00+0200,128.51,EUR/MWh,FR,FR,imbalance_price,Short,2026-06-07T17:42:53Z
2026-06-07T17:41:56Z,2026-06-07T19:41:56+0200,9fbaedea-27ef-4990-85cf-49287850296c,2026-05-28T22:45:00Z,2026-05-29T00:45:00+0200,128.46,EUR/MWh,FR,FR,imbalance_price,Long,2026-06-07T17:42:53Z
2026-06-07T17:41:56Z,2026-06-07T19:41:56+0200,9fbaedea-27ef-4990-85cf-49287850296c,2026-05-28T22:45:00Z,2026-05-29T00:45:00+0200,152.2,EUR/MWh,FR,FR,imbalance_price,Short,2026-06-07T17:42:53Z
2026-06-07T17:41:56Z,2026-06-07T19:41:56+0200,9fbaedea-27ef-4990-85cf-49287850296c,2026-05-28T23:00:00Z,2026-05-29T01:00:00+0200,125.4,EUR/MWh,FR,FR,imbalance_price,Long,2026-06-07T17:42:53Z
2026-06-07T17:41:56Z,2026-06-07T19:41:56+0200,9fbaedea-27ef-4990-85cf-49287850296c,2026-05-28T23:00:00Z,2026-05-29T01:00:00+0200,148.58,EUR/MWh,FR,FR,imbalance_price,Short,2026-06-07T17:42:53Z
2026-06-07T17:41:56Z,2026-06-07T19:41:56+0200,9fbaedea-27ef-4990-85cf-49287850296c,2026-05-28T23:15:00Z,2026-05-29T01:15:00+0200,122.17,EUR/MWh,FR,FR,imbalance_price,Long,2026-06-07T17:42:53Z
2026-06-07T17:41:56Z,2026-06-07T19:41:56+0200,9fbaedea-27ef-4990-85cf-49287850296c,2026-05-28T23:15:00Z,2026-05-29T01:15:00+0200,144.75,EUR/MWh,FR,FR,imbalance_price,Short,2026-06-07T17:42:53Z
2026-06-07T17:41:56Z,2026-06-07T19:41:56+0200,9fbaedea-27ef-4990-85cf-49287850296c,2026-05-28T23:30:00Z,2026-05-29T01:30:00+0200,130.65,EUR/MWh,FR,FR,imbalance_price,Long,2026-06-07T17:42:53Z
2026-06-07T17:41:56Z,2026-06-07T19:41:56+0200,9fbaedea-27ef-4990-85cf-49287850296c,2026-05-28T23:30:00Z,2026-05-29T01:30:00+0200,154.79,EUR/MWh,FR,FR,imbalance_price,Short,2026-06-07T17:42:53Z
2026-06-07T17:41:56Z,2026-06-07T19:41:56+0200,9fbaedea-27ef-4990-85cf-49287850296c,2026-05-28T23:45:00Z,2026-05-29T01:45:00+0200,134.68,EUR/MWh,FR,FR,imbalance_price,Long,2026-06-07T17:42:53Z
2026-06-07T17:41:56Z,2026-06-07T19:41:56+0200,9fbaedea-27ef-4990-85cf-49287850296c,2026-05-28T23:45:00Z,2026-05-29T01:45:00+0200,159.58,EUR/MWh,FR,FR,imbalance_price,Short,2026-06-07T17:42:53Z
2026-06-07T17:41:56Z,2026-06-07T19:41:56+0200,9fbaedea-27ef-4990-85cf-49287850296c,2026-05-29T00:00:00Z,2026-05-29T02:00:00+0200,135.03,EUR/MWh,FR,FR,imbalance_price,Long,2026-06-07T17:42:53Z
2026-06-07T17:41:56Z,2026-06-07T19:41:56+0200,9fbaedea-27ef-4990-85cf-49287850296c,2026-05-29T00:00:00Z,2026-05-29T02:00:00+0200,159.99,EUR/MWh,FR,FR,imbalance_price,Short,2026-06-07T17:42:53Z
2026-06-07T17:41:56Z,2026-06-07T19:41:56+0200,9fbaedea-27ef-4990-85cf-49287850296c,2026-05-29T00:15:00Z,2026-05-29T02:15:00+0200,149.99,EUR/MWh,FR,FR,imbalance_price,Long,2026-06-07T17:42:53Z
2026-06-07T17:41:56Z,2026-06-07T19:41:56+0200,9fbaedea-27ef-4990-85cf-49287850296c,2026-05-29T00:15:00Z,2026-05-29T02:15:00+0200,177.71,EUR/MWh,FR,FR,imbalance_price,Short,2026-06-07T17:42:53Z
2026-06-07T17:41:56Z,2026-06-07T19:41:56+0200,9fbaedea-27ef-4990-85cf-49287850296c,2026-05-29T00:30:00Z,2026-05-29T02:30:00+0200,155.67,EUR/MWh,FR,FR,imbalance_price,Long,2026-06-07T17:42:53Z
2026-06-07T17:41:56Z,2026-06-07T19:41:56+0200,9fbaedea-27ef-4990-85cf-49287850296c,2026-05-29T00:30:00Z,2026-05-29T02:30:00+0200,184.45,EUR/MWh,FR,FR,imbalance_price,Short,2026-06-07T17:42:53Z
2026-06-07T17:41:56Z,2026-06-07T19:41:56+0200,9fbaedea-27ef-4990-85cf-49287850296c,2026-05-29T00:45:00Z,2026-05-29T02:45:00+0200,154.39,EUR/MWh,FR,FR,imbalance_price,Long,2026-06-07T17:42:53Z
2026-06-07T17:41:56Z,2026-06-07T19:41:56+0200,9fbaedea-27ef-4990-85cf-49287850296c,2026-05-29T00:45:00Z,2026-05-29T02:45:00+0200,182.93,EUR/MWh,FR,FR,imbalance_price,Short,2026-06-07T17:42:53Z
2026-06-07T17:41:56Z,2026-06-07T19:41:56+0200,9fbaedea-27ef-4990-85cf-49287850296c,2026-05-29T01:00:00Z,2026-05-29T03:00:00+0200,140.01,EUR/MWh,FR,FR,imbalance_price,Long,2026-06-07T17:42:53Z
2026-06-07T17:41:56Z,2026-06-07T19:41:56+0200,9fbaedea-27ef-4990-85cf-49287850296c,2026-05-29T01:00:00Z,2026-05-29T03:00:00+0200,165.89,EUR/MWh,FR,FR,imbalance_price,Short,2026-06-07T17:42:53Z
2026-06-07T17:41:56Z,2026-06-07T19:41:56+0200,9fbaedea-27ef-4990-85cf-49287850296c,2026-05-29T01:15:00Z,2026-05-29T03:15:00+0200,157.73,EUR/MWh,FR,FR,imbalance_price,Long,2026-06-07T17:42:53Z
2026-06-07T17:41:56Z,2026-06-07T19:41:56+0200,9fbaedea-27ef-4990-85cf-49287850296c,2026-05-29T01:15:00Z,2026-05-29T03:15:00+0200,186.89,EUR/MWh,FR,FR,imbalance_price,Short,2026-06-07T17:42:53Z
2026-06-07T17:41:56Z,2026-06-07T19:41:56+0200,9fbaedea-27ef-4990-85cf-49287850296c,2026-05-29T01:30:00Z,2026-05-29T03:30:00+0200,158.73,EUR/MWh,FR,FR,imbalance_price,Long,2026-06-07T17:42:53Z
2026-06-07T17:41:56Z,2026-06-07T19:41:56+0200,9fbaedea-27ef-4990-85cf-49287850296c,2026-05-29T01:30:00Z,2026-05-29T03:30:00+0200,188.07,EUR/MWh,FR,FR,imbalance_price,Short,2026-06-07T17:42:53Z
2026-06-07T17:41:56Z,2026-06-07T19:41:56+0200,9fbaedea-27ef-4990-85cf-49287850296c,2026-05-29T01:45:00Z,2026-05-29T03:45:00+0200,158.73,EUR/MWh,FR,FR,imbalance_price,Long,2026-06-07T17:42:53Z
2026-06-07T17:41:56Z,2026-06-07T19:41:56+0200,9fbaedea-27ef-4990-85cf-49287850296c,2026-05-29T01:45:00Z,2026-05-29T03:45:00+0200,188.07,EUR/MWh,FR,FR,imbalance_price,Short,2026-06-07T17:42:53Z
2026-06-07T17:41:56Z,2026-06-07T19:41:56+0200,9fbaedea-27ef-4990-85cf-49287850296c,2026-05-29T02:00:00Z,2026-05-29T04:00:00+0200,158.73,EUR/MWh,FR,FR,imbalance_price,Long,2026-06-07T17:42:53Z
2026-06-07T17:41:56Z,2026-06-07T19:41:56+0200,9fbaedea-27ef-4990-85cf-49287850296c,2026-05-29T02:00:00Z,2026-05-29T04:00:00+0200,188.07,EUR/MWh,FR,FR,imbalance_price,Short,2026-06-07T17:42:53Z
2026-06-07T17:41:56Z,2026-06-07T19:41:56+0200,9fbaedea-27ef-4990-85cf-49287850296c,2026-05-29T02:15:00Z,2026-05-29T04:15:00+0200,158.73,EUR/MWh,FR,FR,imbalance_price,Long,2026-06-07T17:42:53Z
2026-06-07T17:41:56Z,2026-06-07T19:41:56+0200,9fbaedea-27ef-4990-85cf-49287850296c,2026-05-29T02:15:00Z,2026-05-29T04:15:00+0200,188.07,EUR/MWh,FR,FR,imbalance_price,Short,2026-06-07T17:42:53Z
2026-06-07T17:41:56Z,2026-06-07T19:41:56+0200,9fbaedea-27ef-4990-85cf-49287850296c,2026-05-29T02:30:00Z,2026-05-29T04:30:00+0200,158.73,EUR/MWh,FR,FR,imbalance_price,Long,2026-06-07T17:42:53Z
2026-06-07T17:41:56Z,2026-06-07T19:41:56+0200,9fbaedea-27ef-4990-85cf-49287850296c,2026-05-29T02:30:00Z,2026-05-29T04:30:00+0200,188.07,EUR/MWh,FR,FR,imbalance_price,Short,2026-06-07T17:42:53Z
2026-06-07T17:41:56Z,2026-06-07T19:41:56+0200,9fbaedea-27ef-4990-85cf-49287850296c,2026-05-29T02:45:00Z,2026-05-29T04:45:00+0200,141.76,EUR/MWh,FR,FR,imbalance_price,Long,2026-06-07T17:42:53Z
2026-06-07T17:41:56Z,2026-06-07T19:41:56+0200,9fbaedea-27ef-4990-85cf-49287850296c,2026-05-29T02:45:00Z,2026-05-29T04:45:00+0200,167.96,EUR/MWh,FR,FR,imbalance_price,Short,2026-06-07T17:42:53Z
2026-06-07T17:41:56Z,2026-06-07T19:41:56+0200,9fbaedea-27ef-4990-85cf-49287850296c,2026-05-29T03:00:00Z,2026-05-29T05:00:00+0200,137.96,EUR/MWh,FR,FR,imbalance_price,Long,2026-06-07T17:42:53Z
2026-06-07T17:41:56Z,2026-06-07T19:41:56+0200,9fbaedea-27ef-4990-85cf-49287850296c,2026-05-29T03:00:00Z,2026-05-29T05:00:00+0200,163.46,EUR/MWh,FR,FR,imbalance_price,Short,2026-06-07T17:42:53Z
2026-06-07T17:41:56Z,2026-06-07T19:41:56+0200,9fbaedea-27ef-4990-85cf-49287850296c,2026-05-29T03:15:00Z,2026-05-29T05:15:00+0200,128.45,EUR/MWh,FR,FR,imbalance_price,Long,2026-06-07T17:42:53Z
2026-06-07T17:41:56Z,2026-06-07T19:41:56+0200,9fbaedea-27ef-4990-85cf-49287850296c,2026-05-29T03:15:00Z,2026-05-29T05:15:00+0200,152.19,EUR/MWh,FR,FR,imbalance_price,Short,2026-06-07T17:42:53Z
2026-06-07T17:41:56Z,2026-06-07T19:41:56+0200,9fbaedea-27ef-4990-85cf-49287850296c,2026-05-29T03:30:00Z,2026-05-29T05:30:00+0200,132.3,EUR/MWh,FR,FR,imbalance_price,Long,2026-06-07T17:42:53Z
2026-06-07T17:41:56Z,2026-06-07T19:41:56+0200,9fbaedea-27ef-4990-85cf-49287850296c,2026-05-29T03:30:00Z,2026-05-29T05:30:00+0200,156.76,EUR/MWh,FR,FR,imbalance_price,Short,2026-06-07T17:42:53Z
2026-06-07T17:41:56Z,2026-06-07T19:41:56+0200,9fbaedea-27ef-4990-85cf-49287850296c,2026-05-29T03:45:00Z,2026-05-29T05:45:00+0200,130.28,EUR/MWh,FR,FR,imbalance_price,Long,2026-06-07T17:42:53Z
2026-06-07T17:41:56Z,2026-06-07T19:41:56+0200,9fbaedea-27ef-4990-85cf-49287850296c,2026-05-29T03:45:00Z,2026-05-29T05:45:00+0200,154.36,EUR/MWh,FR,FR,imbalance_price,Short,2026-06-07T17:42:53Z
2026-06-07T17:41:56Z,2026-06-07T19:41:56+0200,9fbaedea-27ef-4990-85cf-49287850296c,2026-05-29T04:00:00Z,2026-05-29T06:00:00+0200,131.86,EUR/MWh,FR,FR,imbalance_price,Long,2026-06-07T17:42:53Z
2026-06-07T17:41:56Z,2026-06-07T19:41:56+0200,9fbaedea-27ef-4990-85cf-49287850296c,2026-05-29T04:00:00Z,2026-05-29T06:00:00+0200,156.24,EUR/MWh,FR,FR,imbalance_price,Short,2026-06-07T17:42:53Z
2026-06-07T17:41:56Z,2026-06-07T19:41:56+0200,9fbaedea-27ef-4990-85cf-49287850296c,2026-05-29T04:15:00Z,2026-05-29T06:15:00+0200,131.06,EUR/MWh,FR,FR,imbalance_price,Long,2026-06-07T17:42:53Z
2026-06-07T17:41:56Z,2026-06-07T19:41:56+0200,9fbaedea-27ef-4990-85cf-49287850296c,2026-05-29T04:15:00Z,2026-05-29T06:15:00+0200,155.28,EUR/MWh,FR,FR,imbalance_price,Short,2026-06-07T17:42:53Z
2026-06-07T17:41:56Z,2026-06-07T19:41:56+0200,9fbaedea-27ef-4990-85cf-49287850296c,2026-05-29T04:30:00Z,2026-05-29T06:30:00+0200,129.83,EUR/MWh,FR,FR,imbalance_price,Long,2026-06-07T17:42:53Z
2026-06-07T17:41:56Z,2026-06-07T19:41:56+0200,9fbaedea-27ef-4990-85cf-49287850296c,2026-05-29T04:30:00Z,2026-05-29T06:30:00+0200,153.83,EUR/MWh,FR,FR,imbalance_price,Short,2026-06-07T17:42:53Z
2026-06-07T17:41:56Z,2026-06-07T19:41:56+0200,9fbaedea-27ef-4990-85cf-49287850296c,2026-05-29T04:45:00Z,2026-05-29T06:45:00+0200,130.01,EUR/MWh,FR,FR,imbalance_price,Long,2026-06-07T17:42:53Z
2026-06-07T17:41:56Z,2026-06-07T19:41:56+0200,9fbaedea-27ef-4990-85cf-49287850296c,2026-05-29T04:45:00Z,2026-05-29T06:45:00+0200,154.03,EUR/MWh,FR,FR,imbalance_price,Short,2026-06-07T17:42:53Z
2026-06-07T17:41:56Z,2026-06-07T19:41:56+0200,9fbaedea-27ef-4990-85cf-49287850296c,2026-05-29T05:00:00Z,2026-05-29T07:00:00+0200,136.95,EUR/MWh,FR,FR,imbalance_price,Long,2026-06-07T17:42:53Z
2026-06-07T17:41:56Z,2026-06-07T19:41:56+0200,9fbaedea-27ef-4990-85cf-49287850296c,2026-05-29T05:00:00Z,2026-05-29T07:00:00+0200,162.27,EUR/MWh,FR,FR,imbalance_price,Short,2026-06-07T17:42:53Z
2026-06-07T17:41:56Z,2026-06-07T19:41:56+0200,9fbaedea-27ef-4990-85cf-49287850296c,2026-05-29T05:15:00Z,2026-05-29T07:15:00+0200,130.74,EUR/MWh,FR,FR,imbalance_price,Long,2026-06-07T17:42:53Z
2026-06-07T17:41:56Z,2026-06-07T19:41:56+0200,9fbaedea-27ef-4990-85cf-49287850296c,2026-05-29T05:15:00Z,2026-05-29T07:15:00+0200,154.9,EUR/MWh,FR,FR,imbalance_price,Short,2026-06-07T17:42:53Z
2026-06-07T17:41:56Z,2026-06-07T19:41:56+0200,9fbaedea-27ef-4990-85cf-49287850296c,2026-05-29T05:30:00Z,2026-05-29T07:30:00+0200,139.17,EUR/MWh,FR,FR,imbalance_price,Long,2026-06-07T17:42:53Z
2026-06-07T17:41:56Z,2026-06-07T19:41:56+0200,9fbaedea-27ef-4990-85cf-49287850296c,2026-05-29T05:30:00Z,2026-05-29T07:30:00+0200,164.89,EUR/MWh,FR,FR,imbalance_price,Short,2026-06-07T17:42:53Z
2026-06-07T17:41:56Z,2026-06-07T19:41:56+0200,9fbaedea-27ef-4990-85cf-49287850296c,2026-05-29T05:45:00Z,2026-05-29T07:45:00+0200,137.11,EUR/MWh,FR,FR,imbalance_price,Long,2026-06-07T17:42:53Z
2026-06-07T17:41:56Z,2026-06-07T19:41:56+0200,9fbaedea-27ef-4990-85cf-49287850296c,2026-05-29T05:45:00Z,2026-05-29T07:45:00+0200,162.45,EUR/MWh,FR,FR,imbalance_price,Short,2026-06-07T17:42:53Z
2026-06-07T17:41:56Z,2026-06-07T19:41:56+0200,9fbaedea-27ef-4990-85cf-49287850296c,2026-05-29T06:00:00Z,2026-05-29T08:00:00+0200,141.78,EUR/MWh,FR,FR,imbalance_price,Long,2026-06-07T17:42:53Z
2026-06-07T17:41:56Z,2026-06-07T19:41:56+0200,9fbaedea-27ef-4990-85cf-49287850296c,2026-05-29T06:00:00Z,2026-05-29T08:00:00+0200,167.98,EUR/MWh,FR,FR,imbalance_price,Short,2026-06-07T17:42:53Z
2026-06-07T17:41:56Z,2026-06-07T19:41:56+0200,9fbaedea-27ef-4990-85cf-49287850296c,2026-05-29T06:15:00Z,2026-05-29T08:15:00+0200,107.82,EUR/MWh,FR,FR,imbalance_price,Long,2026-06-07T17:42:53Z
2026-06-07T17:41:56Z,2026-06-07T19:41:56+0200,9fbaedea-27ef-4990-85cf-49287850296c,2026-05-29T06:15:00Z,2026-05-29T08:15:00+0200,127.76,EUR/MWh,FR,FR,imbalance_price,Short,2026-06-07T17:42:53Z
2026-06-07T17:41:56Z,2026-06-07T19:41:56+0200,9fbaedea-27ef-4990-85cf-49287850296c,2026-05-29T06:30:00Z,2026-05-29T08:30:00+0200,108.01,EUR/MWh,FR,FR,imbalance_price,Long,2026-06-07T17:42:53Z
2026-06-07T17:41:56Z,2026-06-07T19:41:56+0200,9fbaedea-27ef-4990-85cf-49287850296c,2026-05-29T06:30:00Z,2026-05-29T08:30:00+0200,127.97,EUR/MWh,FR,FR,imbalance_price,Short,2026-06-07T17:42:53Z
2026-06-07T17:41:56Z,2026-06-07T19:41:56+0200,9fbaedea-27ef-4990-85cf-49287850296c,2026-05-29T06:45:00Z,2026-05-29T08:45:00+0200,131.13,EUR/MWh,FR,FR,imbalance_price,Long,2026-06-07T17:42:53Z
2026-06-07T17:41:56Z,2026-06-07T19:41:56+0200,9fbaedea-27ef-4990-85cf-49287850296c,2026-05-29T06:45:00Z,2026-05-29T08:45:00+0200,155.37,EUR/MWh,FR,FR,imbalance_price,Short,2026-06-07T17:42:53Z
2026-06-07T17:41:56Z,2026-06-07T19:41:56+0200,9fbaedea-27ef-4990-85cf-49287850296c,2026-05-29T07:00:00Z,2026-05-29T09:00:00+0200,102.29,EUR/MWh,FR,FR,imbalance_price,Long,2026-06-07T17:42:53Z
2026-06-07T17:41:56Z,2026-06-07T19:41:56+0200,9fbaedea-27ef-4990-85cf-49287850296c,2026-05-29T07:00:00Z,2026-05-29T09:00:00+0200,121.19,EUR/MWh,FR,FR,imbalance_price,Short,2026-06-07T17:42:53Z
2026-06-07T17:41:56Z,2026-06-07T19:41:56+0200,9fbaedea-27ef-4990-85cf-49287850296c,2026-05-29T07:15:00Z,2026-05-29T09:15:00+0200,86.6,EUR/MWh,FR,FR,imbalance_price,Long,2026-06-07T17:42:53Z
2026-06-07T17:41:56Z,2026-06-07T19:41:56+0200,9fbaedea-27ef-4990-85cf-49287850296c,2026-05-29T07:15:00Z,2026-05-29T09:15:00+0200,102.6,EUR/MWh,FR,FR,imbalance_price,Short,2026-06-07T17:42:53Z
2026-06-07T17:41:56Z,2026-06-07T19:41:56+0200,9fbaedea-27ef-4990-85cf-49287850296c,2026-05-29T07:30:00Z,2026-05-29T09:30:00+0200,78.18,EUR/MWh,FR,FR,imbalance_price,Long,2026-06-07T17:42:53Z
2026-06-07T17:41:56Z,2026-06-07T19:41:56+0200,9fbaedea-27ef-4990-85cf-49287850296c,2026-05-29T07:30:00Z,2026-05-29T09:30:00+0200,92.64,EUR/MWh,FR,FR,imbalance_price,Short,2026-06-07T17:42:53Z
2026-06-07T17:41:56Z,2026-06-07T19:41:56+0200,9fbaedea-27ef-4990-85cf-49287850296c,2026-05-29T07:45:00Z,2026-05-29T09:45:00+0200,126.72,EUR/MWh,FR,FR,imbalance_price,Long,2026-06-07T17:42:53Z
2026-06-07T17:41:56Z,2026-06-07T19:41:56+0200,9fbaedea-27ef-4990-85cf-49287850296c,2026-05-29T07:45:00Z,2026-05-29T09:45:00+0200,150.14,EUR/MWh,FR,FR,imbalance_price,Short,2026-06-07T17:42:53Z
2026-06-07T17:41:56Z,2026-06-07T19:41:56+0200,9fbaedea-27ef-4990-85cf-49287850296c,2026-05-29T08:00:00Z,2026-05-29T10:00:00+0200,25.82,EUR/MWh,FR,FR,imbalance_price,Long,2026-06-07T17:42:53Z
2026-06-07T17:41:56Z,2026-06-07T19:41:56+0200,9fbaedea-27ef-4990-85cf-49287850296c,2026-05-29T08:00:00Z,2026-05-29T10:00:00+0200,30.6,EUR/MWh,FR,FR,imbalance_price,Short,2026-06-07T17:42:53Z
2026-06-07T17:41:56Z,2026-06-07T19:41:56+0200,9fbaedea-27ef-4990-85cf-49287850296c,2026-05-29T08:15:00Z,2026-05-29T10:15:00+0200,7.99,EUR/MWh,FR,FR,imbalance_price,Long,2026-06-07T17:42:53Z
2026-06-07T17:41:56Z,2026-06-07T19:41:56+0200,9fbaedea-27ef-4990-85cf-49287850296c,2026-05-29T08:15:00Z,2026-05-29T10:15:00+0200,9.47,EUR/MWh,FR,FR,imbalance_price,Short,2026-06-07T17:42:53Z
2026-06-07T17:41:56Z,2026-06-07T19:41:56+0200,9fbaedea-27ef-4990-85cf-49287850296c,2026-05-29T08:30:00Z,2026-05-29T10:30:00+0200,-10.65,EUR/MWh,FR,FR,imbalance_price,Long,2026-06-07T17:42:53Z
2026-06-07T17:41:56Z,2026-06-07T19:41:56+0200,9fbaedea-27ef-4990-85cf-49287850296c,2026-05-29T08:30:00Z,2026-05-29T10:30:00+0200,-8.99,EUR/MWh,FR,FR,imbalance_price,Short,2026-06-07T17:42:53Z
2026-06-07T17:41:56Z,2026-06-07T19:41:56+0200,9fbaedea-27ef-4990-85cf-49287850296c,2026-05-29T08:45:00Z,2026-05-29T10:45:00+0200,2.65,EUR/MWh,FR,FR,imbalance_price,Long,2026-06-07T17:42:53Z
2026-06-07T17:41:56Z,2026-06-07T19:41:56+0200,9fbaedea-27ef-4990-85cf-49287850296c,2026-05-29T08:45:00Z,2026-05-29T10:45:00+0200,3.15,EUR/MWh,FR,FR,imbalance_price,Short,2026-06-07T17:42:53Z
2026-06-07T17:41:56Z,2026-06-07T19:41:56+0200,9fbaedea-27ef-4990-85cf-49287850296c,2026-05-29T09:00:00Z,2026-05-29T11:00:00+0200,1.54,EUR/MWh,FR,FR,imbalance_price,Long,2026-06-07T17:42:53Z
2026-06-07T17:41:56Z,2026-06-07T19:41:56+0200,9fbaedea-27ef-4990-85cf-49287850296c,2026-05-29T09:00:00Z,2026-05-29T11:00:00+0200,1.82,EUR/MWh,FR,FR,imbalance_price,Short,2026-06-07T17:42:53Z
2026-06-07T17:41:56Z,2026-06-07T19:41:56+0200,9fbaedea-27ef-4990-85cf-49287850296c,2026-05-29T09:15:00Z,2026-05-29T11:15:00+0200,-274.58,EUR/MWh,FR,FR,imbalance_price,Long,2026-06-07T17:42:53Z
2026-06-07T17:41:56Z,2026-06-07T19:41:56+0200,9fbaedea-27ef-4990-85cf-49287850296c,2026-05-29T09:15:00Z,2026-05-29T11:15:00+0200,-231.74,EUR/MWh,FR,FR,imbalance_price,Short,2026-06-07T17:42:53Z
2026-06-07T17:41:56Z,2026-06-07T19:41:56+0200,9fbaedea-27ef-4990-85cf-49287850296c,2026-05-29T09:30:00Z,2026-05-29T11:30:00+0200,-65.37,EUR/MWh,FR,FR,imbalance_price,Long,2026-06-07T17:42:53Z
2026-06-07T17:41:56Z,2026-06-07T19:41:56+0200,9fbaedea-27ef-4990-85cf-49287850296c,2026-05-29T09:30:00Z,2026-05-29T11:30:00+0200,-55.17,EUR/MWh,FR,FR,imbalance_price,Short,2026-06-07T17:42:53Z
2026-06-07T17:41:56Z,2026-06-07T19:41:56+0200,9fbaedea-27ef-4990-85cf-49287850296c,2026-05-29T09:45:00Z,2026-05-29T11:45:00+0200,-54.48,EUR/MWh,FR,FR,imbalance_price,Long,2026-06-07T17:42:53Z
2026-06-07T17:41:56Z,2026-06-07T19:41:56+0200,9fbaedea-27ef-4990-85cf-49287850296c,2026-05-29T09:45:00Z,2026-05-29T11:45:00+0200,-45.98,EUR/MWh,FR,FR,imbalance_price,Short,2026-06-07T17:42:53Z
2026-06-07T17:41:56Z,2026-06-07T19:41:56+0200,9fbaedea-27ef-4990-85cf-49287850296c,2026-05-29T10:00:00Z,2026-05-29T12:00:00+0200,-56.36,EUR/MWh,FR,FR,imbalance_price,Long,2026-06-07T17:42:53Z
2026-06-07T17:41:56Z,2026-06-07T19:41:56+0200,9fbaedea-27ef-4990-85cf-49287850296c,2026-05-29T10:00:00Z,2026-05-29T12:00:00+0200,-47.56,EUR/MWh,FR,FR,imbalance_price,Short,2026-06-07T17:42:53Z
2026-06-07T17:41:56Z,2026-06-07T19:41:56+0200,9fbaedea-27ef-4990-85cf-49287850296c,2026-05-29T10:15:00Z,2026-05-29T12:15:00+0200,-15.42,EUR/MWh,FR,FR,imbalance_price,Long,2026-06-07T17:42:53Z
2026-06-07T17:41:56Z,2026-06-07T19:41:56+0200,9fbaedea-27ef-4990-85cf-49287850296c,2026-05-29T10:15:00Z,2026-05-29T12:15:00+0200,-13.02,EUR/MWh,FR,FR,imbalance_price,Short,2026-06-07T17:42:53Z
2026-06-07T17:41:56Z,2026-06-07T19:41:56+0200,9fbaedea-27ef-4990-85cf-49287850296c,2026-05-29T10:30:00Z,2026-05-29T12:30:00+0200,-39.9,EUR/MWh,FR,FR,imbalance_price,Long,2026-06-07T17:42:53Z
2026-06-07T17:41:56Z,2026-06-07T19:41:56+0200,9fbaedea-27ef-4990-85cf-49287850296c,2026-05-29T10:30:00Z,2026-05-29T12:30:00+0200,-33.68,EUR/MWh,FR,FR,imbalance_price,Short,2026-06-07T17:42:53Z
2026-06-07T17:41:56Z,2026-06-07T19:41:56+0200,9fbaedea-27ef-4990-85cf-49287850296c,2026-05-29T10:45:00Z,2026-05-29T12:45:00+0200,-35.51,EUR/MWh,FR,FR,imbalance_price,Long,2026-06-07T17:42:53Z
2026-06-07T17:41:56Z,2026-06-07T19:41:56+0200,9fbaedea-27ef-4990-85cf-49287850296c,2026-05-29T10:45:00Z,2026-05-29T12:45:00+0200,-29.97,EUR/MWh,FR,FR,imbalance_price,Short,2026-06-07T17:42:53Z
2026-06-07T17:41:56Z,2026-06-07T19:41:56+0200,9fbaedea-27ef-4990-85cf-49287850296c,2026-05-29T11:00:00Z,2026-05-29T13:00:00+0200,30.81,EUR/MWh,FR,FR,imbalance_price,Long,2026-06-07T17:42:53Z
2026-06-07T17:41:56Z,2026-06-07T19:41:56+0200,9fbaedea-27ef-4990-85cf-49287850296c,2026-05-29T11:00:00Z,2026-05-29T13:00:00+0200,36.51,EUR/MWh,FR,FR,imbalance_price,Short,2026-06-07T17:42:53Z
2026-06-07T17:41:56Z,2026-06-07T19:41:56+0200,9fbaedea-27ef-4990-85cf-49287850296c,2026-05-29T11:15:00Z,2026-05-29T13:15:00+0200,-25.05,EUR/MWh,FR,FR,imbalance_price,Long,2026-06-07T17:42:53Z
2026-06-07T17:41:56Z,2026-06-07T19:41:56+0200,9fbaedea-27ef-4990-85cf-49287850296c,2026-05-29T11:15:00Z,2026-05-29T13:15:00+0200,-21.15,EUR/MWh,FR,FR,imbalance_price,Short,2026-06-07T17:42:53Z
2026-06-07T17:41:56Z,2026-06-07T19:41:56+0200,9fbaedea-27ef-4990-85cf-49287850296c,2026-05-29T11:30:00Z,2026-05-29T13:30:00+0200,-33.77,EUR/MWh,FR,FR,imbalance_price,Long,2026-06-07T17:42:53Z
2026-06-07T17:41:56Z,2026-06-07T19:41:56+0200,9fbaedea-27ef-4990-85cf-49287850296c,2026-05-29T11:30:00Z,2026-05-29T13:30:00+0200,-28.51,EUR/MWh,FR,FR,imbalance_price,Short,2026-06-07T17:42:53Z
2026-06-07T17:41:56Z,2026-06-07T19:41:56+0200,9fbaedea-27ef-4990-85cf-49287850296c,2026-05-29T11:45:00Z,2026-05-29T13:45:00+0200,-32.7,EUR/MWh,FR,FR,imbalance_price,Long,2026-06-07T17:42:53Z
2026-06-07T17:41:56Z,2026-06-07T19:41:56+0200,9fbaedea-27ef-4990-85cf-49287850296c,2026-05-29T11:45:00Z,2026-05-29T13:45:00+0200,-27.6,EUR/MWh,FR,FR,imbalance_price,Short,2026-06-07T17:42:53Z
2026-06-07T17:41:56Z,2026-06-07T19:41:56+0200,9fbaedea-27ef-4990-85cf-49287850296c,2026-05-29T12:00:00Z,2026-05-29T14:00:00+0200,-32.95,EUR/MWh,FR,FR,imbalance_price,Long,2026-06-07T17:42:53Z
2026-06-07T17:41:56Z,2026-06-07T19:41:56+0200,9fbaedea-27ef-4990-85cf-49287850296c,2026-05-29T12:00:00Z,2026-05-29T14:00:00+0200,-27.81,EUR/MWh,FR,FR,imbalance_price,Short,2026-06-07T17:42:53Z
2026-06-07T17:41:56Z,2026-06-07T19:41:56+0200,9fbaedea-27ef-4990-85cf-49287850296c,2026-05-29T12:15:00Z,2026-05-29T14:15:00+0200,-33.5,EUR/MWh,FR,FR,imbalance_price,Long,2026-06-07T17:42:53Z
2026-06-07T17:41:56Z,2026-06-07T19:41:56+0200,9fbaedea-27ef-4990-85cf-49287850296c,2026-05-29T12:15:00Z,2026-05-29T14:15:00+0200,-28.28,EUR/MWh,FR,FR,imbalance_price,Short,2026-06-07T17:42:53Z
2026-06-07T17:41:56Z,2026-06-07T19:41:56+0200,9fbaedea-27ef-4990-85cf-49287850296c,2026-05-29T12:30:00Z,2026-05-29T14:30:00+0200,-33.5,EUR/MWh,FR,FR,imbalance_price,Long,2026-06-07T17:42:53Z
2026-06-07T17:41:56Z,2026-06-07T19:41:56+0200,9fbaedea-27ef-4990-85cf-49287850296c,2026-05-29T12:30:00Z,2026-05-29T14:30:00+0200,-28.28,EUR/MWh,FR,FR,imbalance_price,Short,2026-06-07T17:42:53Z
2026-06-07T17:41:56Z,2026-06-07T19:41:56+0200,9fbaedea-27ef-4990-85cf-49287850296c,2026-05-29T12:45:00Z,2026-05-29T14:45:00+0200,-85.43,EUR/MWh,FR,FR,imbalance_price,Long,2026-06-07T17:42:53Z
2026-06-07T17:41:56Z,2026-06-07T19:41:56+0200,9fbaedea-27ef-4990-85cf-49287850296c,2026-05-29T12:45:00Z,2026-05-29T14:45:00+0200,-72.11,EUR/MWh,FR,FR,imbalance_price,Short,2026-06-07T17:42:53Z
2026-06-07T17:41:56Z,2026-06-07T19:41:56+0200,9fbaedea-27ef-4990-85cf-49287850296c,2026-05-29T13:00:00Z,2026-05-29T15:00:00+0200,29.43,EUR/MWh,FR,FR,imbalance_price,Long,2026-06-07T17:42:53Z
2026-06-07T17:41:56Z,2026-06-07T19:41:56+0200,9fbaedea-27ef-4990-85cf-49287850296c,2026-05-29T13:00:00Z,2026-05-29T15:00:00+0200,34.87,EUR/MWh,FR,FR,imbalance_price,Short,2026-06-07T17:42:53Z
2026-06-07T17:41:56Z,2026-06-07T19:41:56+0200,9fbaedea-27ef-4990-85cf-49287850296c,2026-05-29T13:15:00Z,2026-05-29T15:15:00+0200,1065.52,EUR/MWh,FR,FR,imbalance_price,Long,2026-06-07T17:42:53Z
2026-06-07T17:41:56Z,2026-06-07T19:41:56+0200,9fbaedea-27ef-4990-85cf-49287850296c,2026-05-29T13:15:00Z,2026-05-29T15:15:00+0200,1262.46,EUR/MWh,FR,FR,imbalance_price,Short,2026-06-07T17:42:53Z
2026-06-07T17:41:56Z,2026-06-07T19:41:56+0200,9fbaedea-27ef-4990-85cf-49287850296c,2026-05-29T13:30:00Z,2026-05-29T15:30:00+0200,-29.78,EUR/MWh,FR,FR,imbalance_price,Long,2026-06-07T17:42:53Z
2026-06-07T17:41:56Z,2026-06-07T19:41:56+0200,9fbaedea-27ef-4990-85cf-49287850296c,2026-05-29T13:30:00Z,2026-05-29T15:30:00+0200,-25.14,EUR/MWh,FR,FR,imbalance_price,Short,2026-06-07T17:42:53Z
2026-06-07T17:41:56Z,2026-06-07T19:41:56+0200,9fbaedea-27ef-4990-85cf-49287850296c,2026-05-29T13:45:00Z,2026-05-29T15:45:00+0200,2460.5,EUR/MWh,FR,FR,imbalance_price,Long,2026-06-07T17:42:53Z
2026-06-07T17:41:56Z,2026-06-07T19:41:56+0200,9fbaedea-27ef-4990-85cf-49287850296c,2026-05-29T13:45:00Z,2026-05-29T15:45:00+0200,2915.3,EUR/MWh,FR,FR,imbalance_price,Short,2026-06-07T17:42:53Z
2026-06-07T17:41:56Z,2026-06-07T19:41:56+0200,9fbaedea-27ef-4990-85cf-49287850296c,2026-05-29T14:00:00Z,2026-05-29T16:00:00+0200,-32.89,EUR/MWh,FR,FR,imbalance_price,Long,2026-06-07T17:42:53Z
2026-06-07T17:41:56Z,2026-06-07T19:41:56+0200,9fbaedea-27ef-4990-85cf-49287850296c,2026-05-29T14:00:00Z,2026-05-29T16:00:00+0200,-27.75,EUR/MWh,FR,FR,imbalance_price,Short,2026-06-07T17:42:53Z
2026-06-07T17:41:56Z,2026-06-07T19:41:56+0200,9fbaedea-27ef-4990-85cf-49287850296c,2026-05-29T14:15:00Z,2026-05-29T16:15:00+0200,-22.71,EUR/MWh,FR,FR,imbalance_price,Long,2026-06-07T17:42:53Z
2026-06-07T17:41:56Z,2026-06-07T19:41:56+0200,9fbaedea-27ef-4990-85cf-49287850296c,2026-05-29T14:15:00Z,2026-05-29T16:15:00+0200,-19.17,EUR/MWh,FR,FR,imbalance_price,Short,2026-06-07T17:42:53Z
2026-06-07T17:41:56Z,2026-06-07T19:41:56+0200,9fbaedea-27ef-4990-85cf-49287850296c,2026-05-29T14:30:00Z,2026-05-29T16:30:00+0200,3279.96,EUR/MWh,FR,FR,imbalance_price,Long,2026-06-07T17:42:53Z
2026-06-07T17:41:56Z,2026-06-07T19:41:56+0200,9fbaedea-27ef-4990-85cf-49287850296c,2026-05-29T14:30:00Z,2026-05-29T16:30:00+0200,3886.22,EUR/MWh,FR,FR,imbalance_price,Short,2026-06-07T17:42:53Z
2026-06-07T17:41:56Z,2026-06-07T19:41:56+0200,9fbaedea-27ef-4990-85cf-49287850296c,2026-05-29T14:45:00Z,2026-05-29T16:45:00+0200,2869.08,EUR/MWh,FR,FR,imbalance_price,Long,2026-06-07T17:42:53Z
2026-06-07T17:41:56Z,2026-06-07T19:41:56+0200,9fbaedea-27ef-4990-85cf-49287850296c,2026-05-29T14:45:00Z,2026-05-29T16:45:00+0200,3399.4,EUR/MWh,FR,FR,imbalance_price,Short,2026-06-07T17:42:53Z
2026-06-07T17:41:56Z,2026-06-07T19:41:56+0200,9fbaedea-27ef-4990-85cf-49287850296c,2026-05-29T15:00:00Z,2026-05-29T17:00:00+0200,402.08,EUR/MWh,FR,FR,imbalance_price,Long,2026-06-07T17:42:53Z
2026-06-07T17:41:56Z,2026-06-07T19:41:56+0200,9fbaedea-27ef-4990-85cf-49287850296c,2026-05-29T15:00:00Z,2026-05-29T17:00:00+0200,476.4,EUR/MWh,FR,FR,imbalance_price,Short,2026-06-07T17:42:53Z
2026-06-07T17:41:56Z,2026-06-07T19:41:56+0200,9fbaedea-27ef-4990-85cf-49287850296c,2026-05-29T15:15:00Z,2026-05-29T17:15:00+0200,157.27,EUR/MWh,FR,FR,imbalance_price,Long,2026-06-07T17:42:53Z
2026-06-07T17:41:56Z,2026-06-07T19:41:56+0200,9fbaedea-27ef-4990-85cf-49287850296c,2026-05-29T15:15:00Z,2026-05-29T17:15:00+0200,186.35,EUR/MWh,FR,FR,imbalance_price,Short,2026-06-07T17:42:53Z
2026-06-07T17:41:56Z,2026-06-07T19:41:56+0200,9fbaedea-27ef-4990-85cf-49287850296c,2026-05-29T15:30:00Z,2026-05-29T17:30:00+0200,204.67,EUR/MWh,FR,FR,imbalance_price,Long,2026-06-07T17:42:53Z
2026-06-07T17:41:56Z,2026-06-07T19:41:56+0200,9fbaedea-27ef-4990-85cf-49287850296c,2026-05-29T15:30:00Z,2026-05-29T17:30:00+0200,242.51,EUR/MWh,FR,FR,imbalance_price,Short,2026-06-07T17:42:53Z
2026-06-07T17:41:56Z,2026-06-07T19:41:56+0200,9fbaedea-27ef-4990-85cf-49287850296c,2026-05-29T15:45:00Z,2026-05-29T17:45:00+0200,1630.48,EUR/MWh,FR,FR,imbalance_price,Long,2026-06-07T17:42:53Z
2026-06-07T17:41:56Z,2026-06-07T19:41:56+0200,9fbaedea-27ef-4990-85cf-49287850296c,2026-05-29T15:45:00Z,2026-05-29T17:45:00+0200,1931.86,EUR/MWh,FR,FR,imbalance_price,Short,2026-06-07T17:42:53Z
2026-06-07T17:41:56Z,2026-06-07T19:41:56+0200,9fbaedea-27ef-4990-85cf-49287850296c,2026-05-29T16:00:00Z,2026-05-29T18:00:00+0200,10.11,EUR/MWh,FR,FR,imbalance_price,Long,2026-06-07T17:42:53Z
2026-06-07T17:41:56Z,2026-06-07T19:41:56+0200,9fbaedea-27ef-4990-85cf-49287850296c,2026-05-29T16:00:00Z,2026-05-29T18:00:00+0200,11.97,EUR/MWh,FR,FR,imbalance_price,Short,2026-06-07T17:42:53Z
2026-06-07T17:41:56Z,2026-06-07T19:41:56+0200,9fbaedea-27ef-4990-85cf-49287850296c,2026-05-29T16:15:00Z,2026-05-29T18:15:00+0200,17.6,EUR/MWh,FR,FR,imbalance_price,Long,2026-06-07T17:42:53Z
2026-06-07T17:41:56Z,2026-06-07T19:41:56+0200,9fbaedea-27ef-4990-85cf-49287850296c,2026-05-29T16:15:00Z,2026-05-29T18:15:00+0200,20.86,EUR/MWh,FR,FR,imbalance_price,Short,2026-06-07T17:42:53Z
2026-06-07T17:41:56Z,2026-06-07T19:41:56+0200,9fbaedea-27ef-4990-85cf-49287850296c,2026-05-29T16:30:00Z,2026-05-29T18:30:00+0200,17.06,EUR/MWh,FR,FR,imbalance_price,Long,2026-06-07T17:42:53Z
2026-06-07T17:41:56Z,2026-06-07T19:41:56+0200,9fbaedea-27ef-4990-85cf-49287850296c,2026-05-29T16:30:00Z,2026-05-29T18:30:00+0200,20.22,EUR/MWh,FR,FR,imbalance_price,Short,2026-06-07T17:42:53Z
2026-06-07T17:41:56Z,2026-06-07T19:41:56+0200,9fbaedea-27ef-4990-85cf-49287850296c,2026-05-29T16:45:00Z,2026-05-29T18:45:00+0200,8.45,EUR/MWh,FR,FR,imbalance_price,Long,2026-06-07T17:42:53Z
2026-06-07T17:41:56Z,2026-06-07T19:41:56+0200,9fbaedea-27ef-4990-85cf-49287850296c,2026-05-29T16:45:00Z,2026-05-29T18:45:00+0200,10.01,EUR/MWh,FR,FR,imbalance_price,Short,2026-06-07T17:42:53Z
2026-06-07T17:41:56Z,2026-06-07T19:41:56+0200,9fbaedea-27ef-4990-85cf-49287850296c,2026-05-29T17:00:00Z,2026-05-29T19:00:00+0200,26.68,EUR/MWh,FR,FR,imbalance_price,Long,2026-06-07T17:42:53Z
2026-06-07T17:41:56Z,2026-06-07T19:41:56+0200,9fbaedea-27ef-4990-85cf-49287850296c,2026-05-29T17:00:00Z,2026-05-29T19:00:00+0200,31.62,EUR/MWh,FR,FR,imbalance_price,Short,2026-06-07T17:42:53Z
2026-06-07T17:41:56Z,2026-06-07T19:41:56+0200,9fbaedea-27ef-4990-85cf-49287850296c,2026-05-29T17:15:00Z,2026-05-29T19:15:00+0200,157.92,EUR/MWh,FR,FR,imbalance_price,Long,2026-06-07T17:42:53Z
2026-06-07T17:41:56Z,2026-06-07T19:41:56+0200,9fbaedea-27ef-4990-85cf-49287850296c,2026-05-29T17:15:00Z,2026-05-29T19:15:00+0200,187.12,EUR/MWh,FR,FR,imbalance_price,Short,2026-06-07T17:42:53Z
2026-06-07T17:41:56Z,2026-06-07T19:41:56+0200,9fbaedea-27ef-4990-85cf-49287850296c,2026-05-29T17:30:00Z,2026-05-29T19:30:00+0200,51.15,EUR/MWh,FR,FR,imbalance_price,Long,2026-06-07T17:42:53Z
2026-06-07T17:41:56Z,2026-06-07T19:41:56+0200,9fbaedea-27ef-4990-85cf-49287850296c,2026-05-29T17:30:00Z,2026-05-29T19:30:00+0200,60.61,EUR/MWh,FR,FR,imbalance_price,Short,2026-06-07T17:42:53Z
2026-06-07T17:41:56Z,2026-06-07T19:41:56+0200,9fbaedea-27ef-4990-85cf-49287850296c,2026-05-29T17:45:00Z,2026-05-29T19:45:00+0200,86.43,EUR/MWh,FR,FR,imbalance_price,Long,2026-06-07T17:42:53Z
2026-06-07T17:41:56Z,2026-06-07T19:41:56+0200,9fbaedea-27ef-4990-85cf-49287850296c,2026-05-29T17:45:00Z,2026-05-29T19:45:00+0200,102.41,EUR/MWh,FR,FR,imbalance_price,Short,2026-06-07T17:42:53Z
2026-06-07T17:41:56Z,2026-06-07T19:41:56+0200,9fbaedea-27ef-4990-85cf-49287850296c,2026-05-29T18:00:00Z,2026-05-29T20:00:00+0200,161.38,EUR/MWh,FR,FR,imbalance_price,Long,2026-06-07T17:42:53Z
2026-06-07T17:41:56Z,2026-06-07T19:41:56+0200,9fbaedea-27ef-4990-85cf-49287850296c,2026-05-29T18:00:00Z,2026-05-29T20:00:00+0200,191.2,EUR/MWh,FR,FR,imbalance_price,Short,2026-06-07T17:42:53Z
2026-06-07T17:41:56Z,2026-06-07T19:41:56+0200,9fbaedea-27ef-4990-85cf-49287850296c,2026-05-29T18:15:00Z,2026-05-29T20:15:00+0200,152.61,EUR/MWh,FR,FR,imbalance_price,Long,2026-06-07T17:42:53Z
2026-06-07T17:41:56Z,2026-06-07T19:41:56+0200,9fbaedea-27ef-4990-85cf-49287850296c,2026-05-29T18:15:00Z,2026-05-29T20:15:00+0200,180.81,EUR/MWh,FR,FR,imbalance_price,Short,2026-06-07T17:42:53Z
2026-06-07T17:41:56Z,2026-06-07T19:41:56+0200,9fbaedea-27ef-4990-85cf-49287850296c,2026-05-29T18:30:00Z,2026-05-29T20:30:00+0200,157.73,EUR/MWh,FR,FR,imbalance_price,Long,2026-06-07T17:42:53Z
2026-06-07T17:41:56Z,2026-06-07T19:41:56+0200,9fbaedea-27ef-4990-85cf-49287850296c,2026-05-29T18:30:00Z,2026-05-29T20:30:00+0200,186.89,EUR/MWh,FR,FR,imbalance_price,Short,2026-06-07T17:42:53Z
2026-06-07T17:41:56Z,2026-06-07T19:41:56+0200,9fbaedea-27ef-4990-85cf-49287850296c,2026-05-29T18:45:00Z,2026-05-29T20:45:00+0200,201.3,EUR/MWh,FR,FR,imbalance_price,Long,2026-06-07T17:42:53Z
2026-06-07T17:41:56Z,2026-06-07T19:41:56+0200,9fbaedea-27ef-4990-85cf-49287850296c,2026-05-29T18:45:00Z,2026-05-29T20:45:00+0200,238.5,EUR/MWh,FR,FR,imbalance_price,Short,2026-06-07T17:42:53Z
2026-06-07T17:41:56Z,2026-06-07T19:41:56+0200,9fbaedea-27ef-4990-85cf-49287850296c,2026-05-29T19:00:00Z,2026-05-29T21:00:00+0200,274.64,EUR/MWh,FR,FR,imbalance_price,Long,2026-06-07T17:42:53Z
2026-06-07T17:41:56Z,2026-06-07T19:41:56+0200,9fbaedea-27ef-4990-85cf-49287850296c,2026-05-29T19:00:00Z,2026-05-29T21:00:00+0200,325.4,EUR/MWh,FR,FR,imbalance_price,Short,2026-06-07T17:42:53Z
2026-06-07T17:41:56Z,2026-06-07T19:41:56+0200,9fbaedea-27ef-4990-85cf-49287850296c,2026-05-29T19:15:00Z,2026-05-29T21:15:00+0200,285.42,EUR/MWh,FR,FR,imbalance_price,Long,2026-06-07T17:42:53Z
2026-06-07T17:41:56Z,2026-06-07T19:41:56+0200,9fbaedea-27ef-4990-85cf-49287850296c,2026-05-29T19:15:00Z,2026-05-29T21:15:00+0200,338.18,EUR/MWh,FR,FR,imbalance_price,Short,2026-06-07T17:42:53Z
2026-06-07T17:41:56Z,2026-06-07T19:41:56+0200,9fbaedea-27ef-4990-85cf-49287850296c,2026-05-29T19:30:00Z,2026-05-29T21:30:00+0200,272.98,EUR/MWh,FR,FR,imbalance_price,Long,2026-06-07T17:42:53Z
2026-06-07T17:41:56Z,2026-06-07T19:41:56+0200,9fbaedea-27ef-4990-85cf-49287850296c,2026-05-29T19:30:00Z,2026-05-29T21:30:00+0200,323.44,EUR/MWh,FR,FR,imbalance_price,Short,2026-06-07T17:42:53Z
2026-06-07T17:41:56Z,2026-06-07T19:41:56+0200,9fbaedea-27ef-4990-85cf-49287850296c,2026-05-29T19:45:00Z,2026-05-29T21:45:00+0200,298.39,EUR/MWh,FR,FR,imbalance_price,Long,2026-06-07T17:42:53Z
2026-06-07T17:41:56Z,2026-06-07T19:41:56+0200,9fbaedea-27ef-4990-85cf-49287850296c,2026-05-29T19:45:00Z,2026-05-29T21:45:00+0200,353.55,EUR/MWh,FR,FR,imbalance_price,Short,2026-06-07T17:42:53Z
2026-06-07T17:41:56Z,2026-06-07T19:41:56+0200,9fbaedea-27ef-4990-85cf-49287850296c,2026-05-29T20:00:00Z,2026-05-29T22:00:00+0200,255.23,EUR/MWh,FR,FR,imbalance_price,Long,2026-06-07T17:42:53Z
2026-06-07T17:41:56Z,2026-06-07T19:41:56+0200,9fbaedea-27ef-4990-85cf-49287850296c,2026-05-29T20:00:00Z,2026-05-29T22:00:00+0200,302.41,EUR/MWh,FR,FR,imbalance_price,Short,2026-06-07T17:42:53Z
2026-06-07T17:41:56Z,2026-06-07T19:41:56+0200,9fbaedea-27ef-4990-85cf-49287850296c,2026-05-29T20:15:00Z,2026-05-29T22:15:00+0200,273.38,EUR/MWh,FR,FR,imbalance_price,Long,2026-06-07T17:42:53Z
2026-06-07T17:41:56Z,2026-06-07T19:41:56+0200,9fbaedea-27ef-4990-85cf-49287850296c,2026-05-29T20:15:00Z,2026-05-29T22:15:00+0200,323.9,EUR/MWh,FR,FR,imbalance_price,Short,2026-06-07T17:42:53Z
2026-06-07T17:41:56Z,2026-06-07T19:41:56+0200,9fbaedea-27ef-4990-85cf-49287850296c,2026-05-29T20:30:00Z,2026-05-29T22:30:00+0200,265.31,EUR/MWh,FR,FR,imbalance_price,Long,2026-06-07T17:42:53Z
2026-06-07T17:41:56Z,2026-06-07T19:41:56+0200,9fbaedea-27ef-4990-85cf-49287850296c,2026-05-29T20:30:00Z,2026-05-29T22:30:00+0200,314.35,EUR/MWh,FR,FR,imbalance_price,Short,2026-06-07T17:42:53Z
2026-06-07T17:41:56Z,2026-06-07T19:41:56+0200,9fbaedea-27ef-4990-85cf-49287850296c,2026-05-29T20:45:00Z,2026-05-29T22:45:00+0200,269.57,EUR/MWh,FR,FR,imbalance_price,Long,2026-06-07T17:42:53Z
2026-06-07T17:41:56Z,2026-06-07T19:41:56+0200,9fbaedea-27ef-4990-85cf-49287850296c,2026-05-29T20:45:00Z,2026-05-29T22:45:00+0200,319.39,EUR/MWh,FR,FR,imbalance_price,Short,2026-06-07T17:42:53Z
2026-06-07T17:41:56Z,2026-06-07T19:41:56+0200,9fbaedea-27ef-4990-85cf-49287850296c,2026-05-29T21:00:00Z,2026-05-29T23:00:00+0200,240.43,EUR/MWh,FR,FR,imbalance_price,Long,2026-06-07T17:42:53Z
2026-06-07T17:41:56Z,2026-06-07T19:41:56+0200,9fbaedea-27ef-4990-85cf-49287850296c,2026-05-29T21:00:00Z,2026-05-29T23:00:00+0200,284.87,EUR/MWh,FR,FR,imbalance_price,Short,2026-06-07T17:42:53Z
2026-06-07T17:41:56Z,2026-06-07T19:41:56+0200,9fbaedea-27ef-4990-85cf-49287850296c,2026-05-29T21:15:00Z,2026-05-29T23:15:00+0200,242.03,EUR/MWh,FR,FR,imbalance_price,Long,2026-06-07T17:42:53Z
2026-06-07T17:41:56Z,2026-06-07T19:41:56+0200,9fbaedea-27ef-4990-85cf-49287850296c,2026-05-29T21:15:00Z,2026-05-29T23:15:00+0200,286.77,EUR/MWh,FR,FR,imbalance_price,Short,2026-06-07T17:42:53Z
2026-06-07T17:41:56Z,2026-06-07T19:41:56+0200,9fbaedea-27ef-4990-85cf-49287850296c,2026-05-29T21:30:00Z,2026-05-29T23:30:00+0200,242.82,EUR/MWh,FR,FR,imbalance_price,Long,2026-06-07T17:42:53Z
2026-06-07T17:41:56Z,2026-06-07T19:41:56+0200,9fbaedea-27ef-4990-85cf-49287850296c,2026-05-29T21:30:00Z,2026-05-29T23:30:00+0200,287.7,EUR/MWh,FR,FR,imbalance_price,Short,2026-06-07T17:42:53Z
2026-06-07T17:41:56Z,2026-06-07T19:41:56+0200,9fbaedea-27ef-4990-85cf-49287850296c,2026-05-29T21:45:00Z,2026-05-29T23:45:00+0200,242.82,EUR/MWh,FR,FR,imbalance_price,Long,2026-06-07T17:42:53Z
2026-06-07T17:41:56Z,2026-06-07T19:41:56+0200,9fbaedea-27ef-4990-85cf-49287850296c,2026-05-29T21:45:00Z,2026-05-29T23:45:00+0200,287.7,EUR/MWh,FR,FR,imbalance_price,Short,2026-06-07T17:42:53Z
2026-06-07T17:41:56Z,2026-06-07T19:41:56+0200,9fbaedea-27ef-4990-85cf-49287850296c,2026-05-29T22:00:00Z,2026-05-30T00:00:00+0200,220.68,EUR/MWh,FR,FR,imbalance_price,Long,2026-06-07T17:42:53Z
2026-06-07T17:41:56Z,2026-06-07T19:41:56+0200,9fbaedea-27ef-4990-85cf-49287850296c,2026-05-29T22:00:00Z,2026-05-30T00:00:00+0200,261.48,EUR/MWh,FR,FR,imbalance_price,Short,2026-06-07T17:42:53Z
2026-06-07T17:41:56Z,2026-06-07T19:41:56+0200,9fbaedea-27ef-4990-85cf-49287850296c,2026-05-29T22:15:00Z,2026-05-30T00:15:00+0200,253.78,EUR/MWh,FR,FR,imbalance_price,Long,2026-06-07T17:42:53Z
2026-06-07T17:41:56Z,2026-06-07T19:41:56+0200,9fbaedea-27ef-4990-85cf-49287850296c,2026-05-29T22:15:00Z,2026-05-30T00:15:00+0200,300.68,EUR/MWh,FR,FR,imbalance_price,Short,2026-06-07T17:42:53Z
2026-06-07T17:41:56Z,2026-06-07T19:41:56+0200,9fbaedea-27ef-4990-85cf-49287850296c,2026-05-29T22:30:00Z,2026-05-30T00:30:00+0200,240.74,EUR/MWh,FR,FR,imbalance_price,Long,2026-06-07T17:42:53Z
2026-06-07T17:41:56Z,2026-06-07T19:41:56+0200,9fbaedea-27ef-4990-85cf-49287850296c,2026-05-29T22:30:00Z,2026-05-30T00:30:00+0200,285.24,EUR/MWh,FR,FR,imbalance_price,Short,2026-06-07T17:42:53Z
2026-06-07T17:41:56Z,2026-06-07T19:41:56+0200,9fbaedea-27ef-4990-85cf-49287850296c,2026-05-29T22:45:00Z,2026-05-30T00:45:00+0200,214.89,EUR/MWh,FR,FR,imbalance_price,Long,2026-06-07T17:42:53Z
2026-06-07T17:41:56Z,2026-06-07T19:41:56+0200,9fbaedea-27ef-4990-85cf-49287850296c,2026-05-29T22:45:00Z,2026-05-30T00:45:00+0200,254.61,EUR/MWh,FR,FR,imbalance_price,Short,2026-06-07T17:42:53Z
2026-06-07T17:41:56Z,2026-06-07T19:41:56+0200,9fbaedea-27ef-4990-85cf-49287850296c,2026-05-29T23:00:00Z,2026-05-30T01:00:00+0200,150.76,EUR/MWh,FR,FR,imbalance_price,Long,2026-06-07T17:42:53Z
2026-06-07T17:41:56Z,2026-06-07T19:41:56+0200,9fbaedea-27ef-4990-85cf-49287850296c,2026-05-29T23:00:00Z,2026-05-30T01:00:00+0200,178.62,EUR/MWh,FR,FR,imbalance_price,Short,2026-06-07T17:42:53Z
2026-06-07T17:41:56Z,2026-06-07T19:41:56+0200,9fbaedea-27ef-4990-85cf-49287850296c,2026-05-29T23:15:00Z,2026-05-30T01:15:00+0200,151.12,EUR/MWh,FR,FR,imbalance_price,Long,2026-06-07T17:42:53Z
2026-06-07T17:41:56Z,2026-06-07T19:41:56+0200,9fbaedea-27ef-4990-85cf-49287850296c,2026-05-29T23:15:00Z,2026-05-30T01:15:00+0200,179.06,EUR/MWh,FR,FR,imbalance_price,Short,2026-06-07T17:42:53Z
2026-06-07T17:41:56Z,2026-06-07T19:41:56+0200,9fbaedea-27ef-4990-85cf-49287850296c,2026-05-29T23:30:00Z,2026-05-30T01:30:00+0200,148.29,EUR/MWh,FR,FR,imbalance_price,Long,2026-06-07T17:42:53Z
2026-06-07T17:41:56Z,2026-06-07T19:41:56+0200,9fbaedea-27ef-4990-85cf-49287850296c,2026-05-29T23:30:00Z,2026-05-30T01:30:00+0200,175.69,EUR/MWh,FR,FR,imbalance_price,Short,2026-06-07T17:42:53Z
2026-06-07T17:41:56Z,2026-06-07T19:41:56+0200,9fbaedea-27ef-4990-85cf-49287850296c,2026-05-29T23:45:00Z,2026-05-30T01:45:00+0200,147.75,EUR/MWh,FR,FR,imbalance_price,Long,2026-06-07T17:42:53Z
2026-06-07T17:41:56Z,2026-06-07T19:41:56+0200,9fbaedea-27ef-4990-85cf-49287850296c,2026-05-29T23:45:00Z,2026-05-30T01:45:00+0200,175.05,EUR/MWh,FR,FR,imbalance_price,Short,2026-06-07T17:42:53Z
2026-06-07T17:41:56Z,2026-06-07T19:41:56+0200,9fbaedea-27ef-4990-85cf-49287850296c,2026-05-30T00:00:00Z,2026-05-30T02:00:00+0200,148.45,EUR/MWh,FR,FR,imbalance_price,Long,2026-06-07T17:42:53Z
2026-06-07T17:41:56Z,2026-06-07T19:41:56+0200,9fbaedea-27ef-4990-85cf-49287850296c,2026-05-30T00:00:00Z,2026-05-30T02:00:00+0200,175.89,EUR/MWh,FR,FR,imbalance_price,Short,2026-06-07T17:42:53Z
2026-06-07T17:41:56Z,2026-06-07T19:41:56+0200,9fbaedea-27ef-4990-85cf-49287850296c,2026-05-30T00:15:00Z,2026-05-30T02:15:00+0200,144.06,EUR/MWh,FR,FR,imbalance_price,Long,2026-06-07T17:42:53Z
2026-06-07T17:41:56Z,2026-06-07T19:41:56+0200,9fbaedea-27ef-4990-85cf-49287850296c,2026-05-30T00:15:00Z,2026-05-30T02:15:00+0200,170.68,EUR/MWh,FR,FR,imbalance_price,Short,2026-06-07T17:42:53Z
2026-06-07T17:41:56Z,2026-06-07T19:41:56+0200,9fbaedea-27ef-4990-85cf-49287850296c,2026-05-30T00:30:00Z,2026-05-30T02:30:00+0200,129.02,EUR/MWh,FR,FR,imbalance_price,Long,2026-06-07T17:42:53Z
2026-06-07T17:41:56Z,2026-06-07T19:41:56+0200,9fbaedea-27ef-4990-85cf-49287850296c,2026-05-30T00:30:00Z,2026-05-30T02:30:00+0200,152.86,EUR/MWh,FR,FR,imbalance_price,Short,2026-06-07T17:42:53Z
2026-06-07T17:41:56Z,2026-06-07T19:41:56+0200,9fbaedea-27ef-4990-85cf-49287850296c,2026-05-30T00:45:00Z,2026-05-30T02:45:00+0200,108.28,EUR/MWh,FR,FR,imbalance_price,Long,2026-06-07T17:42:53Z
2026-06-07T17:41:56Z,2026-06-07T19:41:56+0200,9fbaedea-27ef-4990-85cf-49287850296c,2026-05-30T00:45:00Z,2026-05-30T02:45:00+0200,128.3,EUR/MWh,FR,FR,imbalance_price,Short,2026-06-07T17:42:53Z
2026-06-07T17:41:56Z,2026-06-07T19:41:56+0200,9fbaedea-27ef-4990-85cf-49287850296c,2026-05-30T01:00:00Z,2026-05-30T03:00:00+0200,129.62,EUR/MWh,FR,FR,imbalance_price,Long,2026-06-07T17:42:53Z
2026-06-07T17:41:56Z,2026-06-07T19:41:56+0200,9fbaedea-27ef-4990-85cf-49287850296c,2026-05-30T01:00:00Z,2026-05-30T03:00:00+0200,153.58,EUR/MWh,FR,FR,imbalance_price,Short,2026-06-07T17:42:53Z
2026-06-07T17:41:56Z,2026-06-07T19:41:56+0200,9fbaedea-27ef-4990-85cf-49287850296c,2026-05-30T01:15:00Z,2026-05-30T03:15:00+0200,106.86,EUR/MWh,FR,FR,imbalance_price,Long,2026-06-07T17:42:53Z
2026-06-07T17:41:56Z,2026-06-07T19:41:56+0200,9fbaedea-27ef-4990-85cf-49287850296c,2026-05-30T01:15:00Z,2026-05-30T03:15:00+0200,126.62,EUR/MWh,FR,FR,imbalance_price,Short,2026-06-07T17:42:53Z
2026-06-07T17:41:56Z,2026-06-07T19:41:56+0200,9fbaedea-27ef-4990-85cf-49287850296c,2026-05-30T01:30:00Z,2026-05-30T03:30:00+0200,103.84,EUR/MWh,FR,FR,imbalance_price,Long,2026-06-07T17:42:53Z
2026-06-07T17:41:56Z,2026-06-07T19:41:56+0200,9fbaedea-27ef-4990-85cf-49287850296c,2026-05-30T01:30:00Z,2026-05-30T03:30:00+0200,123.04,EUR/MWh,FR,FR,imbalance_price,Short,2026-06-07T17:42:53Z
2026-06-07T17:41:56Z,2026-06-07T19:41:56+0200,9fbaedea-27ef-4990-85cf-49287850296c,2026-05-30T01:45:00Z,2026-05-30T03:45:00+0200,105.76,EUR/MWh,FR,FR,imbalance_price,Long,2026-06-07T17:42:53Z
2026-06-07T17:41:56Z,2026-06-07T19:41:56+0200,9fbaedea-27ef-4990-85cf-49287850296c,2026-05-30T01:45:00Z,2026-05-30T03:45:00+0200,125.3,EUR/MWh,FR,FR,imbalance_price,Short,2026-06-07T17:42:53Z
2026-06-07T17:41:56Z,2026-06-07T19:41:56+0200,9fbaedea-27ef-4990-85cf-49287850296c,2026-05-30T02:00:00Z,2026-05-30T04:00:00+0200,108.48,EUR/MWh,FR,FR,imbalance_price,Long,2026-06-07T17:42:53Z
2026-06-07T17:41:56Z,2026-06-07T19:41:56+0200,9fbaedea-27ef-4990-85cf-49287850296c,2026-05-30T02:00:00Z,2026-05-30T04:00:00+0200,128.54,EUR/MWh,FR,FR,imbalance_price,Short,2026-06-07T17:42:53Z
2026-06-07T17:41:56Z,2026-06-07T19:41:56+0200,9fbaedea-27ef-4990-85cf-49287850296c,2026-05-30T02:15:00Z,2026-05-30T04:15:00+0200,108.86,EUR/MWh,FR,FR,imbalance_price,Long,2026-06-07T17:42:53Z
2026-06-07T17:41:56Z,2026-06-07T19:41:56+0200,9fbaedea-27ef-4990-85cf-49287850296c,2026-05-30T02:15:00Z,2026-05-30T04:15:00+0200,128.98,EUR/MWh,FR,FR,imbalance_price,Short,2026-06-07T17:42:53Z
2026-06-07T17:41:56Z,2026-06-07T19:41:56+0200,9fbaedea-27ef-4990-85cf-49287850296c,2026-05-30T02:30:00Z,2026-05-30T04:30:00+0200,105.34,EUR/MWh,FR,FR,imbalance_price,Long,2026-06-07T17:42:53Z
2026-06-07T17:41:56Z,2026-06-07T19:41:56+0200,9fbaedea-27ef-4990-85cf-49287850296c,2026-05-30T02:30:00Z,2026-05-30T04:30:00+0200,124.8,EUR/MWh,FR,FR,imbalance_price,Short,2026-06-07T17:42:53Z
2026-06-07T17:41:56Z,2026-06-07T19:41:56+0200,9fbaedea-27ef-4990-85cf-49287850296c,2026-05-30T02:45:00Z,2026-05-30T04:45:00+0200,104.58,EUR/MWh,FR,FR,imbalance_price,Long,2026-06-07T17:42:53Z
2026-06-07T17:41:56Z,2026-06-07T19:41:56+0200,9fbaedea-27ef-4990-85cf-49287850296c,2026-05-30T02:45:00Z,2026-05-30T04:45:00+0200,123.9,EUR/MWh,FR,FR,imbalance_price,Short,2026-06-07T17:42:53Z
2026-06-07T17:41:56Z,2026-06-07T19:41:56+0200,9fbaedea-27ef-4990-85cf-49287850296c,2026-05-30T03:00:00Z,2026-05-30T05:00:00+0200,106.92,EUR/MWh,FR,FR,imbalance_price,Long,2026-06-07T17:42:53Z
2026-06-07T17:41:56Z,2026-06-07T19:41:56+0200,9fbaedea-27ef-4990-85cf-49287850296c,2026-05-30T03:00:00Z,2026-05-30T05:00:00+0200,126.68,EUR/MWh,FR,FR,imbalance_price,Short,2026-06-07T17:42:53Z
2026-06-07T17:41:56Z,2026-06-07T19:41:56+0200,9fbaedea-27ef-4990-85cf-49287850296c,2026-05-30T03:15:00Z,2026-05-30T05:15:00+0200,109.63,EUR/MWh,FR,FR,imbalance_price,Long,2026-06-07T17:42:53Z
2026-06-07T17:41:56Z,2026-06-07T19:41:56+0200,9fbaedea-27ef-4990-85cf-49287850296c,2026-05-30T03:15:00Z,2026-05-30T05:15:00+0200,129.89,EUR/MWh,FR,FR,imbalance_price,Short,2026-06-07T17:42:53Z
2026-06-07T17:41:56Z,2026-06-07T19:41:56+0200,9fbaedea-27ef-4990-85cf-49287850296c,2026-05-30T03:30:00Z,2026-05-30T05:30:00+0200,111.59,EUR/MWh,FR,FR,imbalance_price,Long,2026-06-07T17:42:53Z
2026-06-07T17:41:56Z,2026-06-07T19:41:56+0200,9fbaedea-27ef-4990-85cf-49287850296c,2026-05-30T03:30:00Z,2026-05-30T05:30:00+0200,132.21,EUR/MWh,FR,FR,imbalance_price,Short,2026-06-07T17:42:53Z
2026-06-07T17:41:56Z,2026-06-07T19:41:56+0200,9fbaedea-27ef-4990-85cf-49287850296c,2026-05-30T03:45:00Z,2026-05-30T05:45:00+0200,109.37,EUR/MWh,FR,FR,imbalance_price,Long,2026-06-07T17:42:53Z
2026-06-07T17:41:56Z,2026-06-07T19:41:56+0200,9fbaedea-27ef-4990-85cf-49287850296c,2026-05-30T03:45:00Z,2026-05-30T05:45:00+0200,129.59,EUR/MWh,FR,FR,imbalance_price,Short,2026-06-07T17:42:53Z
2026-06-07T17:41:56Z,2026-06-07T19:41:56+0200,9fbaedea-27ef-4990-85cf-49287850296c,2026-05-30T04:00:00Z,2026-05-30T06:00:00+0200,91.71,EUR/MWh,FR,FR,imbalance_price,Long,2026-06-07T17:42:53Z
2026-06-07T17:41:56Z,2026-06-07T19:41:56+0200,9fbaedea-27ef-4990-85cf-49287850296c,2026-05-30T04:00:00Z,2026-05-30T06:00:00+0200,108.67,EUR/MWh,FR,FR,imbalance_price,Short,2026-06-07T17:42:53Z
2026-06-07T17:41:56Z,2026-06-07T19:41:56+0200,9fbaedea-27ef-4990-85cf-49287850296c,2026-05-30T04:15:00Z,2026-05-30T06:15:00+0200,109.41,EUR/MWh,FR,FR,imbalance_price,Long,2026-06-07T17:42:53Z
2026-06-07T17:41:56Z,2026-06-07T19:41:56+0200,9fbaedea-27ef-4990-85cf-49287850296c,2026-05-30T04:15:00Z,2026-05-30T06:15:00+0200,129.63,EUR/MWh,FR,FR,imbalance_price,Short,2026-06-07T17:42:53Z
2026-06-07T17:41:56Z,2026-06-07T19:41:56+0200,9fbaedea-27ef-4990-85cf-49287850296c,2026-05-30T04:30:00Z,2026-05-30T06:30:00+0200,113.19,EUR/MWh,FR,FR,imbalance_price,Long,2026-06-07T17:42:53Z
2026-06-07T17:41:56Z,2026-06-07T19:41:56+0200,9fbaedea-27ef-4990-85cf-49287850296c,2026-05-30T04:30:00Z,2026-05-30T06:30:00+0200,134.11,EUR/MWh,FR,FR,imbalance_price,Short,2026-06-07T17:42:53Z
2026-06-07T17:41:56Z,2026-06-07T19:41:56+0200,9fbaedea-27ef-4990-85cf-49287850296c,2026-05-30T04:45:00Z,2026-05-30T06:45:00+0200,113.19,EUR/MWh,FR,FR,imbalance_price,Long,2026-06-07T17:42:53Z
2026-06-07T17:41:56Z,2026-06-07T19:41:56+0200,9fbaedea-27ef-4990-85cf-49287850296c,2026-05-30T04:45:00Z,2026-05-30T06:45:00+0200,134.11,EUR/MWh,FR,FR,imbalance_price,Short,2026-06-07T17:42:53Z
2026-06-07T17:41:56Z,2026-06-07T19:41:56+0200,9fbaedea-27ef-4990-85cf-49287850296c,2026-05-30T05:00:00Z,2026-05-30T07:00:00+0200,105.24,EUR/MWh,FR,FR,imbalance_price,Long,2026-06-07T17:42:53Z
2026-06-07T17:41:56Z,2026-06-07T19:41:56+0200,9fbaedea-27ef-4990-85cf-49287850296c,2026-05-30T05:00:00Z,2026-05-30T07:00:00+0200,124.7,EUR/MWh,FR,FR,imbalance_price,Short,2026-06-07T17:42:53Z
2026-06-07T17:41:56Z,2026-06-07T19:41:56+0200,9fbaedea-27ef-4990-85cf-49287850296c,2026-05-30T05:15:00Z,2026-05-30T07:15:00+0200,105.24,EUR/MWh,FR,FR,imbalance_price,Long,2026-06-07T17:42:53Z
2026-06-07T17:41:56Z,2026-06-07T19:41:56+0200,9fbaedea-27ef-4990-85cf-49287850296c,2026-05-30T05:15:00Z,2026-05-30T07:15:00+0200,124.7,EUR/MWh,FR,FR,imbalance_price,Short,2026-06-07T17:42:53Z
2026-06-07T17:41:56Z,2026-06-07T19:41:56+0200,9fbaedea-27ef-4990-85cf-49287850296c,2026-05-30T05:30:00Z,2026-05-30T07:30:00+0200,95.93,EUR/MWh,FR,FR,imbalance_price,Long,2026-06-07T17:42:53Z
2026-06-07T17:41:56Z,2026-06-07T19:41:56+0200,9fbaedea-27ef-4990-85cf-49287850296c,2026-05-30T05:30:00Z,2026-05-30T07:30:00+0200,113.67,EUR/MWh,FR,FR,imbalance_price,Short,2026-06-07T17:42:53Z
2026-06-07T17:41:56Z,2026-06-07T19:41:56+0200,9fbaedea-27ef-4990-85cf-49287850296c,2026-05-30T05:45:00Z,2026-05-30T07:45:00+0200,95.93,EUR/MWh,FR,FR,imbalance_price,Long,2026-06-07T17:42:53Z
2026-06-07T17:41:56Z,2026-06-07T19:41:56+0200,9fbaedea-27ef-4990-85cf-49287850296c,2026-05-30T05:45:00Z,2026-05-30T07:45:00+0200,113.67,EUR/MWh,FR,FR,imbalance_price,Short,2026-06-07T17:42:53Z
2026-06-07T17:41:56Z,2026-06-07T19:41:56+0200,9fbaedea-27ef-4990-85cf-49287850296c,2026-05-30T06:00:00Z,2026-05-30T08:00:00+0200,47.19,EUR/MWh,FR,FR,imbalance_price,Long,2026-06-07T17:42:53Z
2026-06-07T17:41:56Z,2026-06-07T19:41:56+0200,9fbaedea-27ef-4990-85cf-49287850296c,2026-05-30T06:00:00Z,2026-05-30T08:00:00+0200,55.91,EUR/MWh,FR,FR,imbalance_price,Short,2026-06-07T17:42:53Z
2026-06-07T17:41:56Z,2026-06-07T19:41:56+0200,9fbaedea-27ef-4990-85cf-49287850296c,2026-05-30T06:15:00Z,2026-05-30T08:15:00+0200,31.43,EUR/MWh,FR,FR,imbalance_price,Long,2026-06-07T17:42:53Z
2026-06-07T17:41:56Z,2026-06-07T19:41:56+0200,9fbaedea-27ef-4990-85cf-49287850296c,2026-05-30T06:15:00Z,2026-05-30T08:15:00+0200,37.25,EUR/MWh,FR,FR,imbalance_price,Short,2026-06-07T17:42:53Z
2026-06-07T17:41:56Z,2026-06-07T19:41:56+0200,9fbaedea-27ef-4990-85cf-49287850296c,2026-05-30T06:30:00Z,2026-05-30T08:30:00+0200,38.89,EUR/MWh,FR,FR,imbalance_price,Long,2026-06-07T17:42:53Z
2026-06-07T17:41:56Z,2026-06-07T19:41:56+0200,9fbaedea-27ef-4990-85cf-49287850296c,2026-05-30T06:30:00Z,2026-05-30T08:30:00+0200,46.07,EUR/MWh,FR,FR,imbalance_price,Short,2026-06-07T17:42:53Z
2026-06-07T17:41:56Z,2026-06-07T19:41:56+0200,9fbaedea-27ef-4990-85cf-49287850296c,2026-05-30T06:45:00Z,2026-05-30T08:45:00+0200,30.26,EUR/MWh,FR,FR,imbalance_price,Long,2026-06-07T17:42:53Z
2026-06-07T17:41:56Z,2026-06-07T19:41:56+0200,9fbaedea-27ef-4990-85cf-49287850296c,2026-05-30T06:45:00Z,2026-05-30T08:45:00+0200,35.86,EUR/MWh,FR,FR,imbalance_price,Short,2026-06-07T17:42:53Z
2026-06-07T17:41:56Z,2026-06-07T19:41:56+0200,9fbaedea-27ef-4990-85cf-49287850296c,2026-05-30T07:00:00Z,2026-05-30T09:00:00+0200,70.69,EUR/MWh,FR,FR,imbalance_price,Long,2026-06-07T17:42:53Z
2026-06-07T17:41:56Z,2026-06-07T19:41:56+0200,9fbaedea-27ef-4990-85cf-49287850296c,2026-05-30T07:00:00Z,2026-05-30T09:00:00+0200,83.75,EUR/MWh,FR,FR,imbalance_price,Short,2026-06-07T17:42:53Z
2026-06-07T17:41:56Z,2026-06-07T19:41:56+0200,9fbaedea-27ef-4990-85cf-49287850296c,2026-05-30T07:15:00Z,2026-05-30T09:15:00+0200,40.74,EUR/MWh,FR,FR,imbalance_price,Long,2026-06-07T17:42:53Z
2026-06-07T17:41:56Z,2026-06-07T19:41:56+0200,9fbaedea-27ef-4990-85cf-49287850296c,2026-05-30T07:15:00Z,2026-05-30T09:15:00+0200,48.26,EUR/MWh,FR,FR,imbalance_price,Short,2026-06-07T17:42:53Z
2026-06-07T17:41:56Z,2026-06-07T19:41:56+0200,9fbaedea-27ef-4990-85cf-49287850296c,2026-05-30T07:30:00Z,2026-05-30T09:30:00+0200,17.8,EUR/MWh,FR,FR,imbalance_price,Long,2026-06-07T17:42:53Z
2026-06-07T17:41:56Z,2026-06-07T19:41:56+0200,9fbaedea-27ef-4990-85cf-49287850296c,2026-05-30T07:30:00Z,2026-05-30T09:30:00+0200,21.08,EUR/MWh,FR,FR,imbalance_price,Short,2026-06-07T17:42:53Z
2026-06-07T17:41:56Z,2026-06-07T19:41:56+0200,9fbaedea-27ef-4990-85cf-49287850296c,2026-05-30T07:45:00Z,2026-05-30T09:45:00+0200,8.45,EUR/MWh,FR,FR,imbalance_price,Long,2026-06-07T17:42:53Z
2026-06-07T17:41:56Z,2026-06-07T19:41:56+0200,9fbaedea-27ef-4990-85cf-49287850296c,2026-05-30T07:45:00Z,2026-05-30T09:45:00+0200,10.01,EUR/MWh,FR,FR,imbalance_price,Short,2026-06-07T17:42:53Z
2026-06-07T17:41:56Z,2026-06-07T19:41:56+0200,9fbaedea-27ef-4990-85cf-49287850296c,2026-05-30T08:00:00Z,2026-05-30T10:00:00+0200,11.62,EUR/MWh,FR,FR,imbalance_price,Long,2026-06-07T17:42:53Z
2026-06-07T17:41:56Z,2026-06-07T19:41:56+0200,9fbaedea-27ef-4990-85cf-49287850296c,2026-05-30T08:00:00Z,2026-05-30T10:00:00+0200,13.76,EUR/MWh,FR,FR,imbalance_price,Short,2026-06-07T17:42:53Z
2026-06-07T17:41:56Z,2026-06-07T19:41:56+0200,9fbaedea-27ef-4990-85cf-49287850296c,2026-05-30T08:15:00Z,2026-05-30T10:15:00+0200,65.08,EUR/MWh,FR,FR,imbalance_price,Long,2026-06-07T17:42:53Z
2026-06-07T17:41:56Z,2026-06-07T19:41:56+0200,9fbaedea-27ef-4990-85cf-49287850296c,2026-05-30T08:15:00Z,2026-05-30T10:15:00+0200,77.12,EUR/MWh,FR,FR,imbalance_price,Short,2026-06-07T17:42:53Z
2026-06-07T17:41:56Z,2026-06-07T19:41:56+0200,9fbaedea-27ef-4990-85cf-49287850296c,2026-05-30T08:30:00Z,2026-05-30T10:30:00+0200,-2.04,EUR/MWh,FR,FR,imbalance_price,Long,2026-06-07T17:42:53Z
2026-06-07T17:41:56Z,2026-06-07T19:41:56+0200,9fbaedea-27ef-4990-85cf-49287850296c,2026-05-30T08:30:00Z,2026-05-30T10:30:00+0200,-1.72,EUR/MWh,FR,FR,imbalance_price,Short,2026-06-07T17:42:53Z
2026-06-07T17:41:56Z,2026-06-07T19:41:56+0200,9fbaedea-27ef-4990-85cf-49287850296c,2026-05-30T08:45:00Z,2026-05-30T10:45:00+0200,-20.28,EUR/MWh,FR,FR,imbalance_price,Long,2026-06-07T17:42:53Z
2026-06-07T17:41:56Z,2026-06-07T19:41:56+0200,9fbaedea-27ef-4990-85cf-49287850296c,2026-05-30T08:45:00Z,2026-05-30T10:45:00+0200,-17.12,EUR/MWh,FR,FR,imbalance_price,Short,2026-06-07T17:42:53Z
2026-06-07T17:41:56Z,2026-06-07T19:41:56+0200,9fbaedea-27ef-4990-85cf-49287850296c,2026-05-30T09:00:00Z,2026-05-30T11:00:00+0200,-20.29,EUR/MWh,FR,FR,imbalance_price,Long,2026-06-07T17:42:53Z
2026-06-07T17:41:56Z,2026-06-07T19:41:56+0200,9fbaedea-27ef-4990-85cf-49287850296c,2026-05-30T09:00:00Z,2026-05-30T11:00:00+0200,-17.13,EUR/MWh,FR,FR,imbalance_price,Short,2026-06-07T17:42:53Z
2026-06-07T17:41:56Z,2026-06-07T19:41:56+0200,9fbaedea-27ef-4990-85cf-49287850296c,2026-05-30T09:15:00Z,2026-05-30T11:15:00+0200,65.88,EUR/MWh,FR,FR,imbalance_price,Long,2026-06-07T17:42:53Z
2026-06-07T17:41:56Z,2026-06-07T19:41:56+0200,9fbaedea-27ef-4990-85cf-49287850296c,2026-05-30T09:15:00Z,2026-05-30T11:15:00+0200,78.06,EUR/MWh,FR,FR,imbalance_price,Short,2026-06-07T17:42:53Z
2026-06-07T17:41:56Z,2026-06-07T19:41:56+0200,9fbaedea-27ef-4990-85cf-49287850296c,2026-05-30T09:30:00Z,2026-05-30T11:30:00+0200,66.52,EUR/MWh,FR,FR,imbalance_price,Long,2026-06-07T17:42:53Z
2026-06-07T17:41:56Z,2026-06-07T19:41:56+0200,9fbaedea-27ef-4990-85cf-49287850296c,2026-05-30T09:30:00Z,2026-05-30T11:30:00+0200,78.82,EUR/MWh,FR,FR,imbalance_price,Short,2026-06-07T17:42:53Z
2026-06-07T17:41:56Z,2026-06-07T19:41:56+0200,9fbaedea-27ef-4990-85cf-49287850296c,2026-05-30T09:45:00Z,2026-05-30T11:45:00+0200,12.87,EUR/MWh,FR,FR,imbalance_price,Long,2026-06-07T17:42:53Z
2026-06-07T17:41:56Z,2026-06-07T19:41:56+0200,9fbaedea-27ef-4990-85cf-49287850296c,2026-05-30T09:45:00Z,2026-05-30T11:45:00+0200,15.25,EUR/MWh,FR,FR,imbalance_price,Short,2026-06-07T17:42:53Z
2026-06-07T17:41:56Z,2026-06-07T19:41:56+0200,9fbaedea-27ef-4990-85cf-49287850296c,2026-05-30T10:00:00Z,2026-05-30T12:00:00+0200,-16.57,EUR/MWh,FR,FR,imbalance_price,Long,2026-06-07T17:42:53Z
2026-06-07T17:41:56Z,2026-06-07T19:41:56+0200,9fbaedea-27ef-4990-85cf-49287850296c,2026-05-30T10:00:00Z,2026-05-30T12:00:00+0200,-13.99,EUR/MWh,FR,FR,imbalance_price,Short,2026-06-07T17:42:53Z
2026-06-07T17:41:56Z,2026-06-07T19:41:56+0200,9fbaedea-27ef-4990-85cf-49287850296c,2026-05-30T10:15:00Z,2026-05-30T12:15:00+0200,-38.71,EUR/MWh,FR,FR,imbalance_price,Long,2026-06-07T17:42:53Z
2026-06-07T17:41:56Z,2026-06-07T19:41:56+0200,9fbaedea-27ef-4990-85cf-49287850296c,2026-05-30T10:15:00Z,2026-05-30T12:15:00+0200,-32.67,EUR/MWh,FR,FR,imbalance_price,Short,2026-06-07T17:42:53Z
2026-06-07T17:41:56Z,2026-06-07T19:41:56+0200,9fbaedea-27ef-4990-85cf-49287850296c,2026-05-30T10:30:00Z,2026-05-30T12:30:00+0200,20.76,EUR/MWh,FR,FR,imbalance_price,Long,2026-06-07T17:42:53Z
2026-06-07T17:41:56Z,2026-06-07T19:41:56+0200,9fbaedea-27ef-4990-85cf-49287850296c,2026-05-30T10:30:00Z,2026-05-30T12:30:00+0200,24.6,EUR/MWh,FR,FR,imbalance_price,Short,2026-06-07T17:42:53Z
2026-06-07T17:41:56Z,2026-06-07T19:41:56+0200,9fbaedea-27ef-4990-85cf-49287850296c,2026-05-30T10:45:00Z,2026-05-30T12:45:00+0200,21.85,EUR/MWh,FR,FR,imbalance_price,Long,2026-06-07T17:42:53Z
2026-06-07T17:41:56Z,2026-06-07T19:41:56+0200,9fbaedea-27ef-4990-85cf-49287850296c,2026-05-30T10:45:00Z,2026-05-30T12:45:00+0200,25.89,EUR/MWh,FR,FR,imbalance_price,Short,2026-06-07T17:42:53Z
2026-06-07T17:41:56Z,2026-06-07T19:41:56+0200,9fbaedea-27ef-4990-85cf-49287850296c,2026-05-30T11:00:00Z,2026-05-30T13:00:00+0200,-54.34,EUR/MWh,FR,FR,imbalance_price,Long,2026-06-07T17:42:53Z
2026-06-07T17:41:56Z,2026-06-07T19:41:56+0200,9fbaedea-27ef-4990-85cf-49287850296c,2026-05-30T11:00:00Z,2026-05-30T13:00:00+0200,-45.86,EUR/MWh,FR,FR,imbalance_price,Short,2026-06-07T17:42:53Z
2026-06-07T17:41:56Z,2026-06-07T19:41:56+0200,9fbaedea-27ef-4990-85cf-49287850296c,2026-05-30T11:15:00Z,2026-05-30T13:15:00+0200,146.79,EUR/MWh,FR,FR,imbalance_price,Long,2026-06-07T17:42:53Z
2026-06-07T17:41:56Z,2026-06-07T19:41:56+0200,9fbaedea-27ef-4990-85cf-49287850296c,2026-05-30T11:15:00Z,2026-05-30T13:15:00+0200,173.93,EUR/MWh,FR,FR,imbalance_price,Short,2026-06-07T17:42:53Z
2026-06-07T17:41:56Z,2026-06-07T19:41:56+0200,9fbaedea-27ef-4990-85cf-49287850296c,2026-05-30T11:30:00Z,2026-05-30T13:30:00+0200,41.36,EUR/MWh,FR,FR,imbalance_price,Long,2026-06-07T17:42:53Z
2026-06-07T17:41:56Z,2026-06-07T19:41:56+0200,9fbaedea-27ef-4990-85cf-49287850296c,2026-05-30T11:30:00Z,2026-05-30T13:30:00+0200,49.0,EUR/MWh,FR,FR,imbalance_price,Short,2026-06-07T17:42:53Z
2026-06-07T17:41:56Z,2026-06-07T19:41:56+0200,9fbaedea-27ef-4990-85cf-49287850296c,2026-05-30T11:45:00Z,2026-05-30T13:45:00+0200,77.92,EUR/MWh,FR,FR,imbalance_price,Long,2026-06-07T17:42:53Z
2026-06-07T17:41:56Z,2026-06-07T19:41:56+0200,9fbaedea-27ef-4990-85cf-49287850296c,2026-05-30T11:45:00Z,2026-05-30T13:45:00+0200,92.32,EUR/MWh,FR,FR,imbalance_price,Short,2026-06-07T17:42:53Z
2026-06-07T17:41:56Z,2026-06-07T19:41:56+0200,9fbaedea-27ef-4990-85cf-49287850296c,2026-05-30T12:00:00Z,2026-05-30T14:00:00+0200,89.47,EUR/MWh,FR,FR,imbalance_price,Long,2026-06-07T17:42:53Z
2026-06-07T17:41:56Z,2026-06-07T19:41:56+0200,9fbaedea-27ef-4990-85cf-49287850296c,2026-05-30T12:00:00Z,2026-05-30T14:00:00+0200,106.01,EUR/MWh,FR,FR,imbalance_price,Short,2026-06-07T17:42:53Z
2026-06-07T17:41:56Z,2026-06-07T19:41:56+0200,9fbaedea-27ef-4990-85cf-49287850296c,2026-05-30T12:15:00Z,2026-05-30T14:15:00+0200,65.72,EUR/MWh,FR,FR,imbalance_price,Long,2026-06-07T17:42:53Z
2026-06-07T17:41:56Z,2026-06-07T19:41:56+0200,9fbaedea-27ef-4990-85cf-49287850296c,2026-05-30T12:15:00Z,2026-05-30T14:15:00+0200,77.86,EUR/MWh,FR,FR,imbalance_price,Short,2026-06-07T17:42:53Z
2026-06-07T17:41:56Z,2026-06-07T19:41:56+0200,9fbaedea-27ef-4990-85cf-49287850296c,2026-05-30T12:30:00Z,2026-05-30T14:30:00+0200,67.14,EUR/MWh,FR,FR,imbalance_price,Long,2026-06-07T17:42:53Z
2026-06-07T17:41:56Z,2026-06-07T19:41:56+0200,9fbaedea-27ef-4990-85cf-49287850296c,2026-05-30T12:30:00Z,2026-05-30T14:30:00+0200,79.56,EUR/MWh,FR,FR,imbalance_price,Short,2026-06-07T17:42:53Z
2026-06-07T17:41:56Z,2026-06-07T19:41:56+0200,9fbaedea-27ef-4990-85cf-49287850296c,2026-05-30T12:45:00Z,2026-05-30T14:45:00+0200,66.21,EUR/MWh,FR,FR,imbalance_price,Long,2026-06-07T17:42:53Z
2026-06-07T17:41:56Z,2026-06-07T19:41:56+0200,9fbaedea-27ef-4990-85cf-49287850296c,2026-05-30T12:45:00Z,2026-05-30T14:45:00+0200,78.45,EUR/MWh,FR,FR,imbalance_price,Short,2026-06-07T17:42:53Z
2026-06-07T17:41:56Z,2026-06-07T19:41:56+0200,9fbaedea-27ef-4990-85cf-49287850296c,2026-05-30T13:00:00Z,2026-05-30T15:00:00+0200,-137.17,EUR/MWh,FR,FR,imbalance_price,Long,2026-06-07T17:42:53Z
2026-06-07T17:41:56Z,2026-06-07T19:41:56+0200,9fbaedea-27ef-4990-85cf-49287850296c,2026-05-30T13:00:00Z,2026-05-30T15:00:00+0200,-115.77,EUR/MWh,FR,FR,imbalance_price,Short,2026-06-07T17:42:53Z
2026-06-07T17:41:56Z,2026-06-07T19:41:56+0200,9fbaedea-27ef-4990-85cf-49287850296c,2026-05-30T13:15:00Z,2026-05-30T15:15:00+0200,103.22,EUR/MWh,FR,FR,imbalance_price,Long,2026-06-07T17:42:53Z
2026-06-07T17:41:56Z,2026-06-07T19:41:56+0200,9fbaedea-27ef-4990-85cf-49287850296c,2026-05-30T13:15:00Z,2026-05-30T15:15:00+0200,122.3,EUR/MWh,FR,FR,imbalance_price,Short,2026-06-07T17:42:53Z
2026-06-07T17:41:56Z,2026-06-07T19:41:56+0200,9fbaedea-27ef-4990-85cf-49287850296c,2026-05-30T13:30:00Z,2026-05-30T15:30:00+0200,79.7,EUR/MWh,FR,FR,imbalance_price,Long,2026-06-07T17:42:53Z
2026-06-07T17:41:56Z,2026-06-07T19:41:56+0200,9fbaedea-27ef-4990-85cf-49287850296c,2026-05-30T13:30:00Z,2026-05-30T15:30:00+0200,94.44,EUR/MWh,FR,FR,imbalance_price,Short,2026-06-07T17:42:53Z
2026-06-07T17:41:56Z,2026-06-07T19:41:56+0200,9fbaedea-27ef-4990-85cf-49287850296c,2026-05-30T13:45:00Z,2026-05-30T15:45:00+0200,73.76,EUR/MWh,FR,FR,imbalance_price,Long,2026-06-07T17:42:53Z
2026-06-07T17:41:56Z,2026-06-07T19:41:56+0200,9fbaedea-27ef-4990-85cf-49287850296c,2026-05-30T13:45:00Z,2026-05-30T15:45:00+0200,87.4,EUR/MWh,FR,FR,imbalance_price,Short,2026-06-07T17:42:53Z
2026-06-07T17:41:56Z,2026-06-07T19:41:56+0200,9fbaedea-27ef-4990-85cf-49287850296c,2026-05-30T14:00:00Z,2026-05-30T16:00:00+0200,104.28,EUR/MWh,FR,FR,imbalance_price,Long,2026-06-07T17:42:53Z
2026-06-07T17:41:56Z,2026-06-07T19:41:56+0200,9fbaedea-27ef-4990-85cf-49287850296c,2026-05-30T14:00:00Z,2026-05-30T16:00:00+0200,123.56,EUR/MWh,FR,FR,imbalance_price,Short,2026-06-07T17:42:53Z
2026-06-07T17:41:56Z,2026-06-07T19:41:56+0200,9fbaedea-27ef-4990-85cf-49287850296c,2026-05-30T14:15:00Z,2026-05-30T16:15:00+0200,23.7,EUR/MWh,FR,FR,imbalance_price,Long,2026-06-07T17:42:53Z
2026-06-07T17:41:56Z,2026-06-07T19:41:56+0200,9fbaedea-27ef-4990-85cf-49287850296c,2026-05-30T14:15:00Z,2026-05-30T16:15:00+0200,28.08,EUR/MWh,FR,FR,imbalance_price,Short,2026-06-07T17:42:53Z
2026-06-07T17:41:56Z,2026-06-07T19:41:56+0200,9fbaedea-27ef-4990-85cf-49287850296c,2026-05-30T14:30:00Z,2026-05-30T16:30:00+0200,52.24,EUR/MWh,FR,FR,imbalance_price,Long,2026-06-07T17:42:53Z
2026-06-07T17:41:56Z,2026-06-07T19:41:56+0200,9fbaedea-27ef-4990-85cf-49287850296c,2026-05-30T14:30:00Z,2026-05-30T16:30:00+0200,61.9,EUR/MWh,FR,FR,imbalance_price,Short,2026-06-07T17:42:53Z
2026-06-07T17:41:56Z,2026-06-07T19:41:56+0200,9fbaedea-27ef-4990-85cf-49287850296c,2026-05-30T14:45:00Z,2026-05-30T16:45:00+0200,83.24,EUR/MWh,FR,FR,imbalance_price,Long,2026-06-07T17:42:53Z
2026-06-07T17:41:56Z,2026-06-07T19:41:56+0200,9fbaedea-27ef-4990-85cf-49287850296c,2026-05-30T14:45:00Z,2026-05-30T16:45:00+0200,98.62,EUR/MWh,FR,FR,imbalance_price,Short,2026-06-07T17:42:53Z
2026-06-07T17:41:56Z,2026-06-07T19:41:56+0200,9fbaedea-27ef-4990-85cf-49287850296c,2026-05-30T15:00:00Z,2026-05-30T17:00:00+0200,59.37,EUR/MWh,FR,FR,imbalance_price,Long,2026-06-07T17:42:53Z
2026-06-07T17:41:56Z,2026-06-07T19:41:56+0200,9fbaedea-27ef-4990-85cf-49287850296c,2026-05-30T15:00:00Z,2026-05-30T17:00:00+0200,70.35,EUR/MWh,FR,FR,imbalance_price,Short,2026-06-07T17:42:53Z
2026-06-07T17:41:56Z,2026-06-07T19:41:56+0200,9fbaedea-27ef-4990-85cf-49287850296c,2026-05-30T15:15:00Z,2026-05-30T17:15:00+0200,78.67,EUR/MWh,FR,FR,imbalance_price,Long,2026-06-07T17:42:53Z
2026-06-07T17:41:56Z,2026-06-07T19:41:56+0200,9fbaedea-27ef-4990-85cf-49287850296c,2026-05-30T15:15:00Z,2026-05-30T17:15:00+0200,93.21,EUR/MWh,FR,FR,imbalance_price,Short,2026-06-07T17:42:53Z
2026-06-07T17:41:56Z,2026-06-07T19:41:56+0200,9fbaedea-27ef-4990-85cf-49287850296c,2026-05-30T15:30:00Z,2026-05-30T17:30:00+0200,56.05,EUR/MWh,FR,FR,imbalance_price,Long,2026-06-07T17:42:53Z
2026-06-07T17:41:56Z,2026-06-07T19:41:56+0200,9fbaedea-27ef-4990-85cf-49287850296c,2026-05-30T15:30:00Z,2026-05-30T17:30:00+0200,66.41,EUR/MWh,FR,FR,imbalance_price,Short,2026-06-07T17:42:53Z
2026-06-07T17:41:56Z,2026-06-07T19:41:56+0200,9fbaedea-27ef-4990-85cf-49287850296c,2026-05-30T15:45:00Z,2026-05-30T17:45:00+0200,59.35,EUR/MWh,FR,FR,imbalance_price,Long,2026-06-07T17:42:53Z
2026-06-07T17:41:56Z,2026-06-07T19:41:56+0200,9fbaedea-27ef-4990-85cf-49287850296c,2026-05-30T15:45:00Z,2026-05-30T17:45:00+0200,70.33,EUR/MWh,FR,FR,imbalance_price,Short,2026-06-07T17:42:53Z
2026-06-07T17:41:56Z,2026-06-07T19:41:56+0200,9fbaedea-27ef-4990-85cf-49287850296c,2026-05-30T16:00:00Z,2026-05-30T18:00:00+0200,114.62,EUR/MWh,FR,FR,imbalance_price,Long,2026-06-07T17:42:53Z
2026-06-07T17:41:56Z,2026-06-07T19:41:56+0200,9fbaedea-27ef-4990-85cf-49287850296c,2026-05-30T16:00:00Z,2026-05-30T18:00:00+0200,135.8,EUR/MWh,FR,FR,imbalance_price,Short,2026-06-07T17:42:53Z
2026-06-07T17:41:56Z,2026-06-07T19:41:56+0200,9fbaedea-27ef-4990-85cf-49287850296c,2026-05-30T16:15:00Z,2026-05-30T18:15:00+0200,116.36,EUR/MWh,FR,FR,imbalance_price,Long,2026-06-07T17:42:53Z
2026-06-07T17:41:56Z,2026-06-07T19:41:56+0200,9fbaedea-27ef-4990-85cf-49287850296c,2026-05-30T16:15:00Z,2026-05-30T18:15:00+0200,137.86,EUR/MWh,FR,FR,imbalance_price,Short,2026-06-07T17:42:53Z
2026-06-07T17:41:56Z,2026-06-07T19:41:56+0200,9fbaedea-27ef-4990-85cf-49287850296c,2026-05-30T16:30:00Z,2026-05-30T18:30:00+0200,112.99,EUR/MWh,FR,FR,imbalance_price,Long,2026-06-07T17:42:53Z
2026-06-07T17:41:56Z,2026-06-07T19:41:56+0200,9fbaedea-27ef-4990-85cf-49287850296c,2026-05-30T16:30:00Z,2026-05-30T18:30:00+0200,133.87,EUR/MWh,FR,FR,imbalance_price,Short,2026-06-07T17:42:53Z
2026-06-07T17:41:56Z,2026-06-07T19:41:56+0200,9fbaedea-27ef-4990-85cf-49287850296c,2026-05-30T16:45:00Z,2026-05-30T18:45:00+0200,114.29,EUR/MWh,FR,FR,imbalance_price,Long,2026-06-07T17:42:53Z
2026-06-07T17:41:56Z,2026-06-07T19:41:56+0200,9fbaedea-27ef-4990-85cf-49287850296c,2026-05-30T16:45:00Z,2026-05-30T18:45:00+0200,135.41,EUR/MWh,FR,FR,imbalance_price,Short,2026-06-07T17:42:53Z
2026-06-07T17:41:56Z,2026-06-07T19:41:56+0200,9fbaedea-27ef-4990-85cf-49287850296c,2026-05-30T17:00:00Z,2026-05-30T19:00:00+0200,38.02,EUR/MWh,FR,FR,imbalance_price,Long,2026-06-07T17:42:53Z
2026-06-07T17:41:56Z,2026-06-07T19:41:56+0200,9fbaedea-27ef-4990-85cf-49287850296c,2026-05-30T17:00:00Z,2026-05-30T19:00:00+0200,45.04,EUR/MWh,FR,FR,imbalance_price,Short,2026-06-07T17:42:53Z
2026-06-07T17:41:56Z,2026-06-07T19:41:56+0200,9fbaedea-27ef-4990-85cf-49287850296c,2026-05-30T17:15:00Z,2026-05-30T19:15:00+0200,35.64,EUR/MWh,FR,FR,imbalance_price,Long,2026-06-07T17:42:53Z
2026-06-07T17:41:56Z,2026-06-07T19:41:56+0200,9fbaedea-27ef-4990-85cf-49287850296c,2026-05-30T17:15:00Z,2026-05-30T19:15:00+0200,42.22,EUR/MWh,FR,FR,imbalance_price,Short,2026-06-07T17:42:53Z
2026-06-07T17:41:56Z,2026-06-07T19:41:56+0200,9fbaedea-27ef-4990-85cf-49287850296c,2026-05-30T17:30:00Z,2026-05-30T19:30:00+0200,46.4,EUR/MWh,FR,FR,imbalance_price,Long,2026-06-07T17:42:53Z
2026-06-07T17:41:56Z,2026-06-07T19:41:56+0200,9fbaedea-27ef-4990-85cf-49287850296c,2026-05-30T17:30:00Z,2026-05-30T19:30:00+0200,54.98,EUR/MWh,FR,FR,imbalance_price,Short,2026-06-07T17:42:53Z
2026-06-07T17:41:56Z,2026-06-07T19:41:56+0200,9fbaedea-27ef-4990-85cf-49287850296c,2026-05-30T17:45:00Z,2026-05-30T19:45:00+0200,49.04,EUR/MWh,FR,FR,imbalance_price,Long,2026-06-07T17:42:53Z
2026-06-07T17:41:56Z,2026-06-07T19:41:56+0200,9fbaedea-27ef-4990-85cf-49287850296c,2026-05-30T17:45:00Z,2026-05-30T19:45:00+0200,58.1,EUR/MWh,FR,FR,imbalance_price,Short,2026-06-07T17:42:53Z
2026-06-07T17:41:56Z,2026-06-07T19:41:56+0200,9fbaedea-27ef-4990-85cf-49287850296c,2026-05-30T18:00:00Z,2026-05-30T20:00:00+0200,45.93,EUR/MWh,FR,FR,imbalance_price,Long,2026-06-07T17:42:53Z
2026-06-07T17:41:56Z,2026-06-07T19:41:56+0200,9fbaedea-27ef-4990-85cf-49287850296c,2026-05-30T18:00:00Z,2026-05-30T20:00:00+0200,54.41,EUR/MWh,FR,FR,imbalance_price,Short,2026-06-07T17:42:53Z
2026-06-07T17:41:56Z,2026-06-07T19:41:56+0200,9fbaedea-27ef-4990-85cf-49287850296c,2026-05-30T18:15:00Z,2026-05-30T20:15:00+0200,44.87,EUR/MWh,FR,FR,imbalance_price,Long,2026-06-07T17:42:53Z
2026-06-07T17:41:56Z,2026-06-07T19:41:56+0200,9fbaedea-27ef-4990-85cf-49287850296c,2026-05-30T18:15:00Z,2026-05-30T20:15:00+0200,53.17,EUR/MWh,FR,FR,imbalance_price,Short,2026-06-07T17:42:53Z
2026-06-07T17:41:56Z,2026-06-07T19:41:56+0200,9fbaedea-27ef-4990-85cf-49287850296c,2026-05-30T18:30:00Z,2026-05-30T20:30:00+0200,46.33,EUR/MWh,FR,FR,imbalance_price,Long,2026-06-07T17:42:53Z
2026-06-07T17:41:56Z,2026-06-07T19:41:56+0200,9fbaedea-27ef-4990-85cf-49287850296c,2026-05-30T18:30:00Z,2026-05-30T20:30:00+0200,54.89,EUR/MWh,FR,FR,imbalance_price,Short,2026-06-07T17:42:53Z
2026-06-07T17:41:56Z,2026-06-07T19:41:56+0200,9fbaedea-27ef-4990-85cf-49287850296c,2026-05-30T18:45:00Z,2026-05-30T20:45:00+0200,45.21,EUR/MWh,FR,FR,imbalance_price,Long,2026-06-07T17:42:53Z
2026-06-07T17:41:56Z,2026-06-07T19:41:56+0200,9fbaedea-27ef-4990-85cf-49287850296c,2026-05-30T18:45:00Z,2026-05-30T20:45:00+0200,53.57,EUR/MWh,FR,FR,imbalance_price,Short,2026-06-07T17:42:53Z
2026-06-07T17:41:56Z,2026-06-07T19:41:56+0200,9fbaedea-27ef-4990-85cf-49287850296c,2026-05-30T19:00:00Z,2026-05-30T21:00:00+0200,45.11,EUR/MWh,FR,FR,imbalance_price,Long,2026-06-07T17:42:53Z
2026-06-07T17:41:56Z,2026-06-07T19:41:56+0200,9fbaedea-27ef-4990-85cf-49287850296c,2026-05-30T19:00:00Z,2026-05-30T21:00:00+0200,53.45,EUR/MWh,FR,FR,imbalance_price,Short,2026-06-07T17:42:53Z
2026-06-07T17:41:56Z,2026-06-07T19:41:56+0200,9fbaedea-27ef-4990-85cf-49287850296c,2026-05-30T19:15:00Z,2026-05-30T21:15:00+0200,44.71,EUR/MWh,FR,FR,imbalance_price,Long,2026-06-07T17:42:53Z
2026-06-07T17:41:56Z,2026-06-07T19:41:56+0200,9fbaedea-27ef-4990-85cf-49287850296c,2026-05-30T19:15:00Z,2026-05-30T21:15:00+0200,52.97,EUR/MWh,FR,FR,imbalance_price,Short,2026-06-07T17:42:53Z
2026-06-07T17:41:56Z,2026-06-07T19:41:56+0200,9fbaedea-27ef-4990-85cf-49287850296c,2026-05-30T19:30:00Z,2026-05-30T21:30:00+0200,46.95,EUR/MWh,FR,FR,imbalance_price,Long,2026-06-07T17:42:53Z
2026-06-07T17:41:56Z,2026-06-07T19:41:56+0200,9fbaedea-27ef-4990-85cf-49287850296c,2026-05-30T19:30:00Z,2026-05-30T21:30:00+0200,55.63,EUR/MWh,FR,FR,imbalance_price,Short,2026-06-07T17:42:53Z
2026-06-07T17:41:56Z,2026-06-07T19:41:56+0200,9fbaedea-27ef-4990-85cf-49287850296c,2026-05-30T19:45:00Z,2026-05-30T21:45:00+0200,44.8,EUR/MWh,FR,FR,imbalance_price,Long,2026-06-07T17:42:53Z
2026-06-07T17:41:56Z,2026-06-07T19:41:56+0200,9fbaedea-27ef-4990-85cf-49287850296c,2026-05-30T19:45:00Z,2026-05-30T21:45:00+0200,53.08,EUR/MWh,FR,FR,imbalance_price,Short,2026-06-07T17:42:53Z
2026-06-07T17:41:56Z,2026-06-07T19:41:56+0200,9fbaedea-27ef-4990-85cf-49287850296c,2026-05-30T20:00:00Z,2026-05-30T22:00:00+0200,40.39,EUR/MWh,FR,FR,imbalance_price,Long,2026-06-07T17:42:53Z
2026-06-07T17:41:56Z,2026-06-07T19:41:56+0200,9fbaedea-27ef-4990-85cf-49287850296c,2026-05-30T20:00:00Z,2026-05-30T22:00:00+0200,47.85,EUR/MWh,FR,FR,imbalance_price,Short,2026-06-07T17:42:53Z
2026-06-07T17:41:56Z,2026-06-07T19:41:56+0200,9fbaedea-27ef-4990-85cf-49287850296c,2026-05-30T20:15:00Z,2026-05-30T22:15:00+0200,42.3,EUR/MWh,FR,FR,imbalance_price,Long,2026-06-07T17:42:53Z
2026-06-07T17:41:56Z,2026-06-07T19:41:56+0200,9fbaedea-27ef-4990-85cf-49287850296c,2026-05-30T20:15:00Z,2026-05-30T22:15:00+0200,50.12,EUR/MWh,FR,FR,imbalance_price,Short,2026-06-07T17:42:53Z
2026-06-07T17:41:56Z,2026-06-07T19:41:56+0200,9fbaedea-27ef-4990-85cf-49287850296c,2026-05-30T20:30:00Z,2026-05-30T22:30:00+0200,48.45,EUR/MWh,FR,FR,imbalance_price,Long,2026-06-07T17:42:53Z
2026-06-07T17:41:56Z,2026-06-07T19:41:56+0200,9fbaedea-27ef-4990-85cf-49287850296c,2026-05-30T20:30:00Z,2026-05-30T22:30:00+0200,57.41,EUR/MWh,FR,FR,imbalance_price,Short,2026-06-07T17:42:53Z
2026-06-07T17:41:56Z,2026-06-07T19:41:56+0200,9fbaedea-27ef-4990-85cf-49287850296c,2026-05-30T20:45:00Z,2026-05-30T22:45:00+0200,47.46,EUR/MWh,FR,FR,imbalance_price,Long,2026-06-07T17:42:53Z
2026-06-07T17:41:56Z,2026-06-07T19:41:56+0200,9fbaedea-27ef-4990-85cf-49287850296c,2026-05-30T20:45:00Z,2026-05-30T22:45:00+0200,56.24,EUR/MWh,FR,FR,imbalance_price,Short,2026-06-07T17:42:53Z
2026-06-07T17:41:56Z,2026-06-07T19:41:56+0200,9fbaedea-27ef-4990-85cf-49287850296c,2026-05-30T21:00:00Z,2026-05-30T23:00:00+0200,39.48,EUR/MWh,FR,FR,imbalance_price,Long,2026-06-07T17:42:53Z
2026-06-07T17:41:56Z,2026-06-07T19:41:56+0200,9fbaedea-27ef-4990-85cf-49287850296c,2026-05-30T21:00:00Z,2026-05-30T23:00:00+0200,46.78,EUR/MWh,FR,FR,imbalance_price,Short,2026-06-07T17:42:53Z
2026-06-07T17:41:56Z,2026-06-07T19:41:56+0200,9fbaedea-27ef-4990-85cf-49287850296c,2026-05-30T21:15:00Z,2026-05-30T23:15:00+0200,50.68,EUR/MWh,FR,FR,imbalance_price,Long,2026-06-07T17:42:53Z
2026-06-07T17:41:56Z,2026-06-07T19:41:56+0200,9fbaedea-27ef-4990-85cf-49287850296c,2026-05-30T21:15:00Z,2026-05-30T23:15:00+0200,60.04,EUR/MWh,FR,FR,imbalance_price,Short,2026-06-07T17:42:53Z
2026-06-07T17:41:56Z,2026-06-07T19:41:56+0200,9fbaedea-27ef-4990-85cf-49287850296c,2026-05-30T21:30:00Z,2026-05-30T23:30:00+0200,85.89,EUR/MWh,FR,FR,imbalance_price,Long,2026-06-07T17:42:53Z
2026-06-07T17:41:56Z,2026-06-07T19:41:56+0200,9fbaedea-27ef-4990-85cf-49287850296c,2026-05-30T21:30:00Z,2026-05-30T23:30:00+0200,101.77,EUR/MWh,FR,FR,imbalance_price,Short,2026-06-07T17:42:53Z
2026-06-07T17:41:56Z,2026-06-07T19:41:56+0200,9fbaedea-27ef-4990-85cf-49287850296c,2026-05-30T21:45:00Z,2026-05-30T23:45:00+0200,93.71,EUR/MWh,FR,FR,imbalance_price,Long,2026-06-07T17:42:53Z
2026-06-07T17:41:56Z,2026-06-07T19:41:56+0200,9fbaedea-27ef-4990-85cf-49287850296c,2026-05-30T21:45:00Z,2026-05-30T23:45:00+0200,111.03,EUR/MWh,FR,FR,imbalance_price,Short,2026-06-07T17:42:53Z
2026-06-07T17:41:56Z,2026-06-07T19:41:56+0200,9fbaedea-27ef-4990-85cf-49287850296c,2026-05-30T22:00:00Z,2026-05-31T00:00:00+0200,1056.12,EUR/MWh,FR,FR,imbalance_price,Long,2026-06-07T17:42:53Z
2026-06-07T17:41:56Z,2026-06-07T19:41:56+0200,9fbaedea-27ef-4990-85cf-49287850296c,2026-05-30T22:00:00Z,2026-05-31T00:00:00+0200,1251.32,EUR/MWh,FR,FR,imbalance_price,Short,2026-06-07T17:42:53Z
2026-06-07T17:41:56Z,2026-06-07T19:41:56+0200,9fbaedea-27ef-4990-85cf-49287850296c,2026-05-30T22:15:00Z,2026-05-31T00:15:00+0200,158.27,EUR/MWh,FR,FR,imbalance_price,Long,2026-06-07T17:42:53Z
2026-06-07T17:41:56Z,2026-06-07T19:41:56+0200,9fbaedea-27ef-4990-85cf-49287850296c,2026-05-30T22:15:00Z,2026-05-31T00:15:00+0200,187.53,EUR/MWh,FR,FR,imbalance_price,Short,2026-06-07T17:42:53Z
2026-06-07T17:41:56Z,2026-06-07T19:41:56+0200,9fbaedea-27ef-4990-85cf-49287850296c,2026-05-30T22:30:00Z,2026-05-31T00:30:00+0200,85.45,EUR/MWh,FR,FR,imbalance_price,Long,2026-06-07T17:42:53Z
2026-06-07T17:41:56Z,2026-06-07T19:41:56+0200,9fbaedea-27ef-4990-85cf-49287850296c,2026-05-30T22:30:00Z,2026-05-31T00:30:00+0200,101.25,EUR/MWh,FR,FR,imbalance_price,Short,2026-06-07T17:42:53Z
2026-06-07T17:41:56Z,2026-06-07T19:41:56+0200,9fbaedea-27ef-4990-85cf-49287850296c,2026-05-30T22:45:00Z,2026-05-31T00:45:00+0200,74.3,EUR/MWh,FR,FR,imbalance_price,Long,2026-06-07T17:42:53Z
2026-06-07T17:41:56Z,2026-06-07T19:41:56+0200,9fbaedea-27ef-4990-85cf-49287850296c,2026-05-30T22:45:00Z,2026-05-31T00:45:00+0200,88.04,EUR/MWh,FR,FR,imbalance_price,Short,2026-06-07T17:42:53Z
2026-06-07T17:41:56Z,2026-06-07T19:41:56+0200,9fbaedea-27ef-4990-85cf-49287850296c,2026-05-30T23:00:00Z,2026-05-31T01:00:00+0200,79.32,EUR/MWh,FR,FR,imbalance_price,Long,2026-06-07T17:42:53Z
2026-06-07T17:41:56Z,2026-06-07T19:41:56+0200,9fbaedea-27ef-4990-85cf-49287850296c,2026-05-30T23:00:00Z,2026-05-31T01:00:00+0200,93.98,EUR/MWh,FR,FR,imbalance_price,Short,2026-06-07T17:42:53Z
2026-06-07T17:41:56Z,2026-06-07T19:41:56+0200,9fbaedea-27ef-4990-85cf-49287850296c,2026-05-30T23:15:00Z,2026-05-31T01:15:00+0200,96.6,EUR/MWh,FR,FR,imbalance_price,Long,2026-06-07T17:42:53Z
2026-06-07T17:41:56Z,2026-06-07T19:41:56+0200,9fbaedea-27ef-4990-85cf-49287850296c,2026-05-30T23:15:00Z,2026-05-31T01:15:00+0200,114.46,EUR/MWh,FR,FR,imbalance_price,Short,2026-06-07T17:42:53Z
2026-06-07T17:41:56Z,2026-06-07T19:41:56+0200,9fbaedea-27ef-4990-85cf-49287850296c,2026-05-30T23:30:00Z,2026-05-31T01:30:00+0200,93.31,EUR/MWh,FR,FR,imbalance_price,Long,2026-06-07T17:42:53Z
2026-06-07T17:41:56Z,2026-06-07T19:41:56+0200,9fbaedea-27ef-4990-85cf-49287850296c,2026-05-30T23:30:00Z,2026-05-31T01:30:00+0200,110.55,EUR/MWh,FR,FR,imbalance_price,Short,2026-06-07T17:42:53Z
2026-06-07T17:41:56Z,2026-06-07T19:41:56+0200,9fbaedea-27ef-4990-85cf-49287850296c,2026-05-30T23:45:00Z,2026-05-31T01:45:00+0200,93.22,EUR/MWh,FR,FR,imbalance_price,Long,2026-06-07T17:42:53Z
2026-06-07T17:41:56Z,2026-06-07T19:41:56+0200,9fbaedea-27ef-4990-85cf-49287850296c,2026-05-30T23:45:00Z,2026-05-31T01:45:00+0200,110.46,EUR/MWh,FR,FR,imbalance_price,Short,2026-06-07T17:42:53Z
2026-06-07T17:41:56Z,2026-06-07T19:41:56+0200,9fbaedea-27ef-4990-85cf-49287850296c,2026-05-31T00:00:00Z,2026-05-31T02:00:00+0200,79.52,EUR/MWh,FR,FR,imbalance_price,Long,2026-06-07T17:42:53Z
2026-06-07T17:41:56Z,2026-06-07T19:41:56+0200,9fbaedea-27ef-4990-85cf-49287850296c,2026-05-31T00:00:00Z,2026-05-31T02:00:00+0200,94.22,EUR/MWh,FR,FR,imbalance_price,Short,2026-06-07T17:42:53Z
2026-06-07T17:41:56Z,2026-06-07T19:41:56+0200,9fbaedea-27ef-4990-85cf-49287850296c,2026-05-31T00:15:00Z,2026-05-31T02:15:00+0200,87.19,EUR/MWh,FR,FR,imbalance_price,Long,2026-06-07T17:42:53Z
2026-06-07T17:41:56Z,2026-06-07T19:41:56+0200,9fbaedea-27ef-4990-85cf-49287850296c,2026-05-31T00:15:00Z,2026-05-31T02:15:00+0200,103.31,EUR/MWh,FR,FR,imbalance_price,Short,2026-06-07T17:42:53Z
2026-06-07T17:41:56Z,2026-06-07T19:41:56+0200,9fbaedea-27ef-4990-85cf-49287850296c,2026-05-31T00:30:00Z,2026-05-31T02:30:00+0200,54.86,EUR/MWh,FR,FR,imbalance_price,Long,2026-06-07T17:42:53Z
2026-06-07T17:41:56Z,2026-06-07T19:41:56+0200,9fbaedea-27ef-4990-85cf-49287850296c,2026-05-31T00:30:00Z,2026-05-31T02:30:00+0200,65.0,EUR/MWh,FR,FR,imbalance_price,Short,2026-06-07T17:42:53Z
2026-06-07T17:41:56Z,2026-06-07T19:41:56+0200,9fbaedea-27ef-4990-85cf-49287850296c,2026-05-31T00:45:00Z,2026-05-31T02:45:00+0200,55.38,EUR/MWh,FR,FR,imbalance_price,Long,2026-06-07T17:42:53Z
2026-06-07T17:41:56Z,2026-06-07T19:41:56+0200,9fbaedea-27ef-4990-85cf-49287850296c,2026-05-31T00:45:00Z,2026-05-31T02:45:00+0200,65.62,EUR/MWh,FR,FR,imbalance_price,Short,2026-06-07T17:42:53Z
2026-06-07T17:41:56Z,2026-06-07T19:41:56+0200,9fbaedea-27ef-4990-85cf-49287850296c,2026-05-31T01:00:00Z,2026-05-31T03:00:00+0200,55.38,EUR/MWh,FR,FR,imbalance_price,Long,2026-06-07T17:42:53Z
2026-06-07T17:41:56Z,2026-06-07T19:41:56+0200,9fbaedea-27ef-4990-85cf-49287850296c,2026-05-31T01:00:00Z,2026-05-31T03:00:00+0200,65.62,EUR/MWh,FR,FR,imbalance_price,Short,2026-06-07T17:42:53Z
2026-06-07T17:41:56Z,2026-06-07T19:41:56+0200,9fbaedea-27ef-4990-85cf-49287850296c,2026-05-31T01:15:00Z,2026-05-31T03:15:00+0200,12.13,EUR/MWh,FR,FR,imbalance_price,Long,2026-06-07T17:42:53Z
2026-06-07T17:41:56Z,2026-06-07T19:41:56+0200,9fbaedea-27ef-4990-85cf-49287850296c,2026-05-31T01:15:00Z,2026-05-31T03:15:00+0200,14.37,EUR/MWh,FR,FR,imbalance_price,Short,2026-06-07T17:42:53Z
2026-06-07T17:41:56Z,2026-06-07T19:41:56+0200,9fbaedea-27ef-4990-85cf-49287850296c,2026-05-31T01:30:00Z,2026-05-31T03:30:00+0200,17.42,EUR/MWh,FR,FR,imbalance_price,Long,2026-06-07T17:42:53Z
2026-06-07T17:41:56Z,2026-06-07T19:41:56+0200,9fbaedea-27ef-4990-85cf-49287850296c,2026-05-31T01:30:00Z,2026-05-31T03:30:00+0200,20.64,EUR/MWh,FR,FR,imbalance_price,Short,2026-06-07T17:42:53Z
2026-06-07T17:41:56Z,2026-06-07T19:41:56+0200,9fbaedea-27ef-4990-85cf-49287850296c,2026-05-31T01:45:00Z,2026-05-31T03:45:00+0200,18.69,EUR/MWh,FR,FR,imbalance_price,Long,2026-06-07T17:42:53Z
2026-06-07T17:41:56Z,2026-06-07T19:41:56+0200,9fbaedea-27ef-4990-85cf-49287850296c,2026-05-31T01:45:00Z,2026-05-31T03:45:00+0200,22.15,EUR/MWh,FR,FR,imbalance_price,Short,2026-06-07T17:42:53Z
2026-06-07T17:41:56Z,2026-06-07T19:41:56+0200,9fbaedea-27ef-4990-85cf-49287850296c,2026-05-31T02:00:00Z,2026-05-31T04:00:00+0200,15.44,EUR/MWh,FR,FR,imbalance_price,Long,2026-06-07T17:42:53Z
2026-06-07T17:41:56Z,2026-06-07T19:41:56+0200,9fbaedea-27ef-4990-85cf-49287850296c,2026-05-31T02:00:00Z,2026-05-31T04:00:00+0200,18.3,EUR/MWh,FR,FR,imbalance_price,Short,2026-06-07T17:42:53Z
2026-06-07T17:41:56Z,2026-06-07T19:41:56+0200,9fbaedea-27ef-4990-85cf-49287850296c,2026-05-31T02:15:00Z,2026-05-31T04:15:00+0200,10.16,EUR/MWh,FR,FR,imbalance_price,Long,2026-06-07T17:42:53Z
2026-06-07T17:41:56Z,2026-06-07T19:41:56+0200,9fbaedea-27ef-4990-85cf-49287850296c,2026-05-31T02:15:00Z,2026-05-31T04:15:00+0200,12.04,EUR/MWh,FR,FR,imbalance_price,Short,2026-06-07T17:42:53Z
2026-06-07T17:41:56Z,2026-06-07T19:41:56+0200,9fbaedea-27ef-4990-85cf-49287850296c,2026-05-31T02:30:00Z,2026-05-31T04:30:00+0200,16.49,EUR/MWh,FR,FR,imbalance_price,Long,2026-06-07T17:42:53Z
2026-06-07T17:41:56Z,2026-06-07T19:41:56+0200,9fbaedea-27ef-4990-85cf-49287850296c,2026-05-31T02:30:00Z,2026-05-31T04:30:00+0200,19.53,EUR/MWh,FR,FR,imbalance_price,Short,2026-06-07T17:42:53Z
2026-06-07T17:41:56Z,2026-06-07T19:41:56+0200,9fbaedea-27ef-4990-85cf-49287850296c,2026-05-31T02:45:00Z,2026-05-31T04:45:00+0200,17.5,EUR/MWh,FR,FR,imbalance_price,Long,2026-06-07T17:42:53Z
2026-06-07T17:41:56Z,2026-06-07T19:41:56+0200,9fbaedea-27ef-4990-85cf-49287850296c,2026-05-31T02:45:00Z,2026-05-31T04:45:00+0200,20.74,EUR/MWh,FR,FR,imbalance_price,Short,2026-06-07T17:42:53Z
2026-06-07T17:41:56Z,2026-06-07T19:41:56+0200,9fbaedea-27ef-4990-85cf-49287850296c,2026-05-31T03:00:00Z,2026-05-31T05:00:00+0200,16.49,EUR/MWh,FR,FR,imbalance_price,Long,2026-06-07T17:42:53Z
2026-06-07T17:41:56Z,2026-06-07T19:41:56+0200,9fbaedea-27ef-4990-85cf-49287850296c,2026-05-31T03:00:00Z,2026-05-31T05:00:00+0200,19.53,EUR/MWh,FR,FR,imbalance_price,Short,2026-06-07T17:42:53Z
2026-06-07T17:41:56Z,2026-06-07T19:41:56+0200,9fbaedea-27ef-4990-85cf-49287850296c,2026-05-31T03:15:00Z,2026-05-31T05:15:00+0200,17.58,EUR/MWh,FR,FR,imbalance_price,Long,2026-06-07T17:42:53Z
2026-06-07T17:41:56Z,2026-06-07T19:41:56+0200,9fbaedea-27ef-4990-85cf-49287850296c,2026-05-31T03:15:00Z,2026-05-31T05:15:00+0200,20.84,EUR/MWh,FR,FR,imbalance_price,Short,2026-06-07T17:42:53Z
2026-06-07T17:41:56Z,2026-06-07T19:41:56+0200,9fbaedea-27ef-4990-85cf-49287850296c,2026-05-31T03:30:00Z,2026-05-31T05:30:00+0200,15.06,EUR/MWh,FR,FR,imbalance_price,Long,2026-06-07T17:42:53Z
2026-06-07T17:41:56Z,2026-06-07T19:41:56+0200,9fbaedea-27ef-4990-85cf-49287850296c,2026-05-31T03:30:00Z,2026-05-31T05:30:00+0200,17.84,EUR/MWh,FR,FR,imbalance_price,Short,2026-06-07T17:42:53Z
2026-06-07T17:41:56Z,2026-06-07T19:41:56+0200,9fbaedea-27ef-4990-85cf-49287850296c,2026-05-31T03:45:00Z,2026-05-31T05:45:00+0200,16.06,EUR/MWh,FR,FR,imbalance_price,Long,2026-06-07T17:42:53Z
2026-06-07T17:41:56Z,2026-06-07T19:41:56+0200,9fbaedea-27ef-4990-85cf-49287850296c,2026-05-31T03:45:00Z,2026-05-31T05:45:00+0200,19.02,EUR/MWh,FR,FR,imbalance_price,Short,2026-06-07T17:42:53Z
2026-06-07T17:41:56Z,2026-06-07T19:41:56+0200,9fbaedea-27ef-4990-85cf-49287850296c,2026-05-31T04:00:00Z,2026-05-31T06:00:00+0200,21.91,EUR/MWh,FR,FR,imbalance_price,Long,2026-06-07T17:42:53Z
2026-06-07T17:41:56Z,2026-06-07T19:41:56+0200,9fbaedea-27ef-4990-85cf-49287850296c,2026-05-31T04:00:00Z,2026-05-31T06:00:00+0200,25.97,EUR/MWh,FR,FR,imbalance_price,Short,2026-06-07T17:42:53Z
2026-06-07T17:41:56Z,2026-06-07T19:41:56+0200,9fbaedea-27ef-4990-85cf-49287850296c,2026-05-31T04:15:00Z,2026-05-31T06:15:00+0200,23.49,EUR/MWh,FR,FR,imbalance_price,Long,2026-06-07T17:42:53Z
2026-06-07T17:41:56Z,2026-06-07T19:41:56+0200,9fbaedea-27ef-4990-85cf-49287850296c,2026-05-31T04:15:00Z,2026-05-31T06:15:00+0200,27.83,EUR/MWh,FR,FR,imbalance_price,Short,2026-06-07T17:42:53Z
2026-06-07T17:41:56Z,2026-06-07T19:41:56+0200,9fbaedea-27ef-4990-85cf-49287850296c,2026-05-31T04:30:00Z,2026-05-31T06:30:00+0200,0.35,EUR/MWh,FR,FR,imbalance_price,Long,2026-06-07T17:42:53Z
2026-06-07T17:41:56Z,2026-06-07T19:41:56+0200,9fbaedea-27ef-4990-85cf-49287850296c,2026-05-31T04:30:00Z,2026-05-31T06:30:00+0200,0.41,EUR/MWh,FR,FR,imbalance_price,Short,2026-06-07T17:42:53Z
2026-06-07T17:41:56Z,2026-06-07T19:41:56+0200,9fbaedea-27ef-4990-85cf-49287850296c,2026-05-31T04:45:00Z,2026-05-31T06:45:00+0200,24.48,EUR/MWh,FR,FR,imbalance_price,Long,2026-06-07T17:42:53Z
2026-06-07T17:41:56Z,2026-06-07T19:41:56+0200,9fbaedea-27ef-4990-85cf-49287850296c,2026-05-31T04:45:00Z,2026-05-31T06:45:00+0200,29.0,EUR/MWh,FR,FR,imbalance_price,Short,2026-06-07T17:42:53Z
2026-06-07T17:41:56Z,2026-06-07T19:41:56+0200,9fbaedea-27ef-4990-85cf-49287850296c,2026-05-31T05:00:00Z,2026-05-31T07:00:00+0200,16.02,EUR/MWh,FR,FR,imbalance_price,Long,2026-06-07T17:42:53Z
2026-06-07T17:41:56Z,2026-06-07T19:41:56+0200,9fbaedea-27ef-4990-85cf-49287850296c,2026-05-31T05:00:00Z,2026-05-31T07:00:00+0200,18.98,EUR/MWh,FR,FR,imbalance_price,Short,2026-06-07T17:42:53Z
2026-06-07T17:41:56Z,2026-06-07T19:41:56+0200,9fbaedea-27ef-4990-85cf-49287850296c,2026-05-31T05:15:00Z,2026-05-31T07:15:00+0200,16.73,EUR/MWh,FR,FR,imbalance_price,Long,2026-06-07T17:42:53Z
2026-06-07T17:41:56Z,2026-06-07T19:41:56+0200,9fbaedea-27ef-4990-85cf-49287850296c,2026-05-31T05:15:00Z,2026-05-31T07:15:00+0200,19.83,EUR/MWh,FR,FR,imbalance_price,Short,2026-06-07T17:42:53Z
2026-06-07T17:41:56Z,2026-06-07T19:41:56+0200,9fbaedea-27ef-4990-85cf-49287850296c,2026-05-31T05:30:00Z,2026-05-31T07:30:00+0200,15.38,EUR/MWh,FR,FR,imbalance_price,Long,2026-06-07T17:42:53Z
2026-06-07T17:41:56Z,2026-06-07T19:41:56+0200,9fbaedea-27ef-4990-85cf-49287850296c,2026-05-31T05:30:00Z,2026-05-31T07:30:00+0200,18.22,EUR/MWh,FR,FR,imbalance_price,Short,2026-06-07T17:42:53Z
2026-06-07T17:41:56Z,2026-06-07T19:41:56+0200,9fbaedea-27ef-4990-85cf-49287850296c,2026-05-31T05:45:00Z,2026-05-31T07:45:00+0200,15.09,EUR/MWh,FR,FR,imbalance_price,Long,2026-06-07T17:42:53Z
2026-06-07T17:41:56Z,2026-06-07T19:41:56+0200,9fbaedea-27ef-4990-85cf-49287850296c,2026-05-31T05:45:00Z,2026-05-31T07:45:00+0200,17.87,EUR/MWh,FR,FR,imbalance_price,Short,2026-06-07T17:42:53Z
2026-06-07T17:41:56Z,2026-06-07T19:41:56+0200,9fbaedea-27ef-4990-85cf-49287850296c,2026-05-31T06:00:00Z,2026-05-31T08:00:00+0200,0.0,EUR/MWh,FR,FR,imbalance_price,Long,2026-06-07T17:42:53Z
2026-06-07T17:41:56Z,2026-06-07T19:41:56+0200,9fbaedea-27ef-4990-85cf-49287850296c,2026-05-31T06:00:00Z,2026-05-31T08:00:00+0200,0.0,EUR/MWh,FR,FR,imbalance_price,Short,2026-06-07T17:42:53Z
2026-06-07T17:41:56Z,2026-06-07T19:41:56+0200,9fbaedea-27ef-4990-85cf-49287850296c,2026-05-31T06:15:00Z,2026-05-31T08:15:00+0200,39.24,EUR/MWh,FR,FR,imbalance_price,Long,2026-06-07T17:42:53Z
2026-06-07T17:41:56Z,2026-06-07T19:41:56+0200,9fbaedea-27ef-4990-85cf-49287850296c,2026-05-31T06:15:00Z,2026-05-31T08:15:00+0200,46.5,EUR/MWh,FR,FR,imbalance_price,Short,2026-06-07T17:42:53Z
2026-06-07T17:41:56Z,2026-06-07T19:41:56+0200,9fbaedea-27ef-4990-85cf-49287850296c,2026-05-31T06:30:00Z,2026-05-31T08:30:00+0200,8.28,EUR/MWh,FR,FR,imbalance_price,Long,2026-06-07T17:42:53Z
2026-06-07T17:41:56Z,2026-06-07T19:41:56+0200,9fbaedea-27ef-4990-85cf-49287850296c,2026-05-31T06:30:00Z,2026-05-31T08:30:00+0200,9.82,EUR/MWh,FR,FR,imbalance_price,Short,2026-06-07T17:42:53Z
2026-06-07T17:41:56Z,2026-06-07T19:41:56+0200,9fbaedea-27ef-4990-85cf-49287850296c,2026-05-31T06:45:00Z,2026-05-31T08:45:00+0200,2.78,EUR/MWh,FR,FR,imbalance_price,Long,2026-06-07T17:42:53Z
2026-06-07T17:41:56Z,2026-06-07T19:41:56+0200,9fbaedea-27ef-4990-85cf-49287850296c,2026-05-31T06:45:00Z,2026-05-31T08:45:00+0200,3.3,EUR/MWh,FR,FR,imbalance_price,Short,2026-06-07T17:42:53Z
2026-06-07T17:41:56Z,2026-06-07T19:41:56+0200,9fbaedea-27ef-4990-85cf-49287850296c,2026-05-31T07:00:00Z,2026-05-31T09:00:00+0200,-13.5,EUR/MWh,FR,FR,imbalance_price,Long,2026-06-07T17:42:53Z
2026-06-07T17:41:56Z,2026-06-07T19:41:56+0200,9fbaedea-27ef-4990-85cf-49287850296c,2026-05-31T07:00:00Z,2026-05-31T09:00:00+0200,-11.4,EUR/MWh,FR,FR,imbalance_price,Short,2026-06-07T17:42:53Z
2026-06-07T17:41:56Z,2026-06-07T19:41:56+0200,9fbaedea-27ef-4990-85cf-49287850296c,2026-05-31T07:15:00Z,2026-05-31T09:15:00+0200,18.02,EUR/MWh,FR,FR,imbalance_price,Long,2026-06-07T17:42:53Z
2026-06-07T17:41:56Z,2026-06-07T19:41:56+0200,9fbaedea-27ef-4990-85cf-49287850296c,2026-05-31T07:15:00Z,2026-05-31T09:15:00+0200,21.34,EUR/MWh,FR,FR,imbalance_price,Short,2026-06-07T17:42:53Z
2026-06-07T17:41:56Z,2026-06-07T19:41:56+0200,9fbaedea-27ef-4990-85cf-49287850296c,2026-05-31T07:30:00Z,2026-05-31T09:30:00+0200,3.67,EUR/MWh,FR,FR,imbalance_price,Long,2026-06-07T17:42:53Z
2026-06-07T17:41:56Z,2026-06-07T19:41:56+0200,9fbaedea-27ef-4990-85cf-49287850296c,2026-05-31T07:30:00Z,2026-05-31T09:30:00+0200,4.35,EUR/MWh,FR,FR,imbalance_price,Short,2026-06-07T17:42:53Z
2026-06-07T17:41:56Z,2026-06-07T19:41:56+0200,9fbaedea-27ef-4990-85cf-49287850296c,2026-05-31T07:45:00Z,2026-05-31T09:45:00+0200,31.81,EUR/MWh,FR,FR,imbalance_price,Long,2026-06-07T17:42:53Z
2026-06-07T17:41:56Z,2026-06-07T19:41:56+0200,9fbaedea-27ef-4990-85cf-49287850296c,2026-05-31T07:45:00Z,2026-05-31T09:45:00+0200,37.69,EUR/MWh,FR,FR,imbalance_price,Short,2026-06-07T17:42:53Z
2026-06-07T17:41:56Z,2026-06-07T19:41:56+0200,9fbaedea-27ef-4990-85cf-49287850296c,2026-05-31T08:00:00Z,2026-05-31T10:00:00+0200,-2.82,EUR/MWh,FR,FR,imbalance_price,Long,2026-06-07T17:42:53Z
2026-06-07T17:41:56Z,2026-06-07T19:41:56+0200,9fbaedea-27ef-4990-85cf-49287850296c,2026-05-31T08:00:00Z,2026-05-31T10:00:00+0200,-2.38,EUR/MWh,FR,FR,imbalance_price,Short,2026-06-07T17:42:53Z
2026-06-07T17:41:56Z,2026-06-07T19:41:56+0200,9fbaedea-27ef-4990-85cf-49287850296c,2026-05-31T08:15:00Z,2026-05-31T10:15:00+0200,-5.72,EUR/MWh,FR,FR,imbalance_price,Long,2026-06-07T17:42:53Z
2026-06-07T17:41:56Z,2026-06-07T19:41:56+0200,9fbaedea-27ef-4990-85cf-49287850296c,2026-05-31T08:15:00Z,2026-05-31T10:15:00+0200,-4.82,EUR/MWh,FR,FR,imbalance_price,Short,2026-06-07T17:42:53Z
2026-06-07T17:41:56Z,2026-06-07T19:41:56+0200,9fbaedea-27ef-4990-85cf-49287850296c,2026-05-31T08:30:00Z,2026-05-31T10:30:00+0200,-56.43,EUR/MWh,FR,FR,imbalance_price,Long,2026-06-07T17:42:53Z
2026-06-07T17:41:56Z,2026-06-07T19:41:56+0200,9fbaedea-27ef-4990-85cf-49287850296c,2026-05-31T08:30:00Z,2026-05-31T10:30:00+0200,-47.63,EUR/MWh,FR,FR,imbalance_price,Short,2026-06-07T17:42:53Z
2026-06-07T17:41:56Z,2026-06-07T19:41:56+0200,9fbaedea-27ef-4990-85cf-49287850296c,2026-05-31T08:45:00Z,2026-05-31T10:45:00+0200,-63.19,EUR/MWh,FR,FR,imbalance_price,Long,2026-06-07T17:42:53Z
2026-06-07T17:41:56Z,2026-06-07T19:41:56+0200,9fbaedea-27ef-4990-85cf-49287850296c,2026-05-31T08:45:00Z,2026-05-31T10:45:00+0200,-53.33,EUR/MWh,FR,FR,imbalance_price,Short,2026-06-07T17:42:53Z
2026-06-07T17:41:56Z,2026-06-07T19:41:56+0200,9fbaedea-27ef-4990-85cf-49287850296c,2026-05-31T09:00:00Z,2026-05-31T11:00:00+0200,-26.26,EUR/MWh,FR,FR,imbalance_price,Long,2026-06-07T17:42:53Z
2026-06-07T17:41:56Z,2026-06-07T19:41:56+0200,9fbaedea-27ef-4990-85cf-49287850296c,2026-05-31T09:00:00Z,2026-05-31T11:00:00+0200,-22.16,EUR/MWh,FR,FR,imbalance_price,Short,2026-06-07T17:42:53Z
2026-06-07T17:41:56Z,2026-06-07T19:41:56+0200,9fbaedea-27ef-4990-85cf-49287850296c,2026-05-31T09:15:00Z,2026-05-31T11:15:00+0200,-69.31,EUR/MWh,FR,FR,imbalance_price,Long,2026-06-07T17:42:53Z
2026-06-07T17:41:56Z,2026-06-07T19:41:56+0200,9fbaedea-27ef-4990-85cf-49287850296c,2026-05-31T09:15:00Z,2026-05-31T11:15:00+0200,-58.49,EUR/MWh,FR,FR,imbalance_price,Short,2026-06-07T17:42:53Z
2026-06-07T17:41:56Z,2026-06-07T19:41:56+0200,9fbaedea-27ef-4990-85cf-49287850296c,2026-05-31T09:30:00Z,2026-05-31T11:30:00+0200,-27.7,EUR/MWh,FR,FR,imbalance_price,Long,2026-06-07T17:42:53Z
2026-06-07T17:41:56Z,2026-06-07T19:41:56+0200,9fbaedea-27ef-4990-85cf-49287850296c,2026-05-31T09:30:00Z,2026-05-31T11:30:00+0200,-23.38,EUR/MWh,FR,FR,imbalance_price,Short,2026-06-07T17:42:53Z
2026-06-07T17:41:56Z,2026-06-07T19:41:56+0200,9fbaedea-27ef-4990-85cf-49287850296c,2026-05-31T09:45:00Z,2026-05-31T11:45:00+0200,-31.87,EUR/MWh,FR,FR,imbalance_price,Long,2026-06-07T17:42:53Z
2026-06-07T17:41:56Z,2026-06-07T19:41:56+0200,9fbaedea-27ef-4990-85cf-49287850296c,2026-05-31T09:45:00Z,2026-05-31T11:45:00+0200,-26.89,EUR/MWh,FR,FR,imbalance_price,Short,2026-06-07T17:42:53Z
2026-06-07T17:41:56Z,2026-06-07T19:41:56+0200,9fbaedea-27ef-4990-85cf-49287850296c,2026-05-31T10:00:00Z,2026-05-31T12:00:00+0200,-21.67,EUR/MWh,FR,FR,imbalance_price,Long,2026-06-07T17:42:53Z
2026-06-07T17:41:56Z,2026-06-07T19:41:56+0200,9fbaedea-27ef-4990-85cf-49287850296c,2026-05-31T10:00:00Z,2026-05-31T12:00:00+0200,-18.29,EUR/MWh,FR,FR,imbalance_price,Short,2026-06-07T17:42:53Z
2026-06-07T17:41:56Z,2026-06-07T19:41:56+0200,9fbaedea-27ef-4990-85cf-49287850296c,2026-05-31T10:15:00Z,2026-05-31T12:15:00+0200,-26.77,EUR/MWh,FR,FR,imbalance_price,Long,2026-06-07T17:42:53Z
2026-06-07T17:41:56Z,2026-06-07T19:41:56+0200,9fbaedea-27ef-4990-85cf-49287850296c,2026-05-31T10:15:00Z,2026-05-31T12:15:00+0200,-22.59,EUR/MWh,FR,FR,imbalance_price,Short,2026-06-07T17:42:53Z
2026-06-07T17:41:56Z,2026-06-07T19:41:56+0200,9fbaedea-27ef-4990-85cf-49287850296c,2026-05-31T10:30:00Z,2026-05-31T12:30:00+0200,-16.75,EUR/MWh,FR,FR,imbalance_price,Long,2026-06-07T17:42:53Z
2026-06-07T17:41:56Z,2026-06-07T19:41:56+0200,9fbaedea-27ef-4990-85cf-49287850296c,2026-05-31T10:30:00Z,2026-05-31T12:30:00+0200,-14.13,EUR/MWh,FR,FR,imbalance_price,Short,2026-06-07T17:42:53Z
2026-06-07T17:41:56Z,2026-06-07T19:41:56+0200,9fbaedea-27ef-4990-85cf-49287850296c,2026-05-31T10:45:00Z,2026-05-31T12:45:00+0200,-15.66,EUR/MWh,FR,FR,imbalance_price,Long,2026-06-07T17:42:53Z
2026-06-07T17:41:56Z,2026-06-07T19:41:56+0200,9fbaedea-27ef-4990-85cf-49287850296c,2026-05-31T10:45:00Z,2026-05-31T12:45:00+0200,-13.22,EUR/MWh,FR,FR,imbalance_price,Short,2026-06-07T17:42:53Z
2026-06-07T17:41:56Z,2026-06-07T19:41:56+0200,9fbaedea-27ef-4990-85cf-49287850296c,2026-05-31T11:00:00Z,2026-05-31T13:00:00+0200,-15.95,EUR/MWh,FR,FR,imbalance_price,Long,2026-06-07T17:42:53Z
2026-06-07T17:41:56Z,2026-06-07T19:41:56+0200,9fbaedea-27ef-4990-85cf-49287850296c,2026-05-31T11:00:00Z,2026-05-31T13:00:00+0200,-13.47,EUR/MWh,FR,FR,imbalance_price,Short,2026-06-07T17:42:53Z
2026-06-07T17:41:56Z,2026-06-07T19:41:56+0200,9fbaedea-27ef-4990-85cf-49287850296c,2026-05-31T11:15:00Z,2026-05-31T13:15:00+0200,-15.85,EUR/MWh,FR,FR,imbalance_price,Long,2026-06-07T17:42:53Z
2026-06-07T17:41:56Z,2026-06-07T19:41:56+0200,9fbaedea-27ef-4990-85cf-49287850296c,2026-05-31T11:15:00Z,2026-05-31T13:15:00+0200,-13.37,EUR/MWh,FR,FR,imbalance_price,Short,2026-06-07T17:42:53Z
2026-06-07T17:41:56Z,2026-06-07T19:41:56+0200,9fbaedea-27ef-4990-85cf-49287850296c,2026-05-31T11:30:00Z,2026-05-31T13:30:00+0200,-15.87,EUR/MWh,FR,FR,imbalance_price,Long,2026-06-07T17:42:53Z
2026-06-07T17:41:56Z,2026-06-07T19:41:56+0200,9fbaedea-27ef-4990-85cf-49287850296c,2026-05-31T11:30:00Z,2026-05-31T13:30:00+0200,-13.39,EUR/MWh,FR,FR,imbalance_price,Short,2026-06-07T17:42:53Z
2026-06-07T17:41:56Z,2026-06-07T19:41:56+0200,9fbaedea-27ef-4990-85cf-49287850296c,2026-05-31T11:45:00Z,2026-05-31T13:45:00+0200,-16.0,EUR/MWh,FR,FR,imbalance_price,Long,2026-06-07T17:42:53Z
2026-06-07T17:41:56Z,2026-06-07T19:41:56+0200,9fbaedea-27ef-4990-85cf-49287850296c,2026-05-31T11:45:00Z,2026-05-31T13:45:00+0200,-13.5,EUR/MWh,FR,FR,imbalance_price,Short,2026-06-07T17:42:53Z
2026-06-07T17:41:56Z,2026-06-07T19:41:56+0200,9fbaedea-27ef-4990-85cf-49287850296c,2026-05-31T12:00:00Z,2026-05-31T14:00:00+0200,31.41,EUR/MWh,FR,FR,imbalance_price,Long,2026-06-07T17:42:53Z
2026-06-07T17:41:56Z,2026-06-07T19:41:56+0200,9fbaedea-27ef-4990-85cf-49287850296c,2026-05-31T12:00:00Z,2026-05-31T14:00:00+0200,37.21,EUR/MWh,FR,FR,imbalance_price,Short,2026-06-07T17:42:53Z
2026-06-07T17:41:56Z,2026-06-07T19:41:56+0200,9fbaedea-27ef-4990-85cf-49287850296c,2026-05-31T12:15:00Z,2026-05-31T14:15:00+0200,41.49,EUR/MWh,FR,FR,imbalance_price,Long,2026-06-07T17:42:53Z
2026-06-07T17:41:56Z,2026-06-07T19:41:56+0200,9fbaedea-27ef-4990-85cf-49287850296c,2026-05-31T12:15:00Z,2026-05-31T14:15:00+0200,49.15,EUR/MWh,FR,FR,imbalance_price,Short,2026-06-07T17:42:53Z
2026-06-07T17:41:56Z,2026-06-07T19:41:56+0200,9fbaedea-27ef-4990-85cf-49287850296c,2026-05-31T12:30:00Z,2026-05-31T14:30:00+0200,96.81,EUR/MWh,FR,FR,imbalance_price,Long,2026-06-07T17:42:53Z
2026-06-07T17:41:56Z,2026-06-07T19:41:56+0200,9fbaedea-27ef-4990-85cf-49287850296c,2026-05-31T12:30:00Z,2026-05-31T14:30:00+0200,114.71,EUR/MWh,FR,FR,imbalance_price,Short,2026-06-07T17:42:53Z
2026-06-07T17:41:56Z,2026-06-07T19:41:56+0200,9fbaedea-27ef-4990-85cf-49287850296c,2026-05-31T12:45:00Z,2026-05-31T14:45:00+0200,153.99,EUR/MWh,FR,FR,imbalance_price,Long,2026-06-07T17:42:53Z
2026-06-07T17:41:56Z,2026-06-07T19:41:56+0200,9fbaedea-27ef-4990-85cf-49287850296c,2026-05-31T12:45:00Z,2026-05-31T14:45:00+0200,182.45,EUR/MWh,FR,FR,imbalance_price,Short,2026-06-07T17:42:53Z
2026-06-07T17:41:56Z,2026-06-07T19:41:56+0200,9fbaedea-27ef-4990-85cf-49287850296c,2026-05-31T13:00:00Z,2026-05-31T15:00:00+0200,59.57,EUR/MWh,FR,FR,imbalance_price,Long,2026-06-07T17:42:53Z
2026-06-07T17:41:56Z,2026-06-07T19:41:56+0200,9fbaedea-27ef-4990-85cf-49287850296c,2026-05-31T13:00:00Z,2026-05-31T15:00:00+0200,70.59,EUR/MWh,FR,FR,imbalance_price,Short,2026-06-07T17:42:53Z
2026-06-07T17:41:56Z,2026-06-07T19:41:56+0200,9fbaedea-27ef-4990-85cf-49287850296c,2026-05-31T13:15:00Z,2026-05-31T15:15:00+0200,40.27,EUR/MWh,FR,FR,imbalance_price,Long,2026-06-07T17:42:53Z
2026-06-07T17:41:56Z,2026-06-07T19:41:56+0200,9fbaedea-27ef-4990-85cf-49287850296c,2026-05-31T13:15:00Z,2026-05-31T15:15:00+0200,47.71,EUR/MWh,FR,FR,imbalance_price,Short,2026-06-07T17:42:53Z
2026-06-07T17:41:56Z,2026-06-07T19:41:56+0200,9fbaedea-27ef-4990-85cf-49287850296c,2026-05-31T13:30:00Z,2026-05-31T15:30:00+0200,52.7,EUR/MWh,FR,FR,imbalance_price,Long,2026-06-07T17:42:53Z
2026-06-07T17:41:56Z,2026-06-07T19:41:56+0200,9fbaedea-27ef-4990-85cf-49287850296c,2026-05-31T13:30:00Z,2026-05-31T15:30:00+0200,62.44,EUR/MWh,FR,FR,imbalance_price,Short,2026-06-07T17:42:53Z
2026-06-07T17:41:56Z,2026-06-07T19:41:56+0200,9fbaedea-27ef-4990-85cf-49287850296c,2026-05-31T13:45:00Z,2026-05-31T15:45:00+0200,50.04,EUR/MWh,FR,FR,imbalance_price,Long,2026-06-07T17:42:53Z
2026-06-07T17:41:56Z,2026-06-07T19:41:56+0200,9fbaedea-27ef-4990-85cf-49287850296c,2026-05-31T13:45:00Z,2026-05-31T15:45:00+0200,59.3,EUR/MWh,FR,FR,imbalance_price,Short,2026-06-07T17:42:53Z
2026-06-07T17:41:56Z,2026-06-07T19:41:56+0200,9fbaedea-27ef-4990-85cf-49287850296c,2026-05-31T14:00:00Z,2026-05-31T16:00:00+0200,3.02,EUR/MWh,FR,FR,imbalance_price,Long,2026-06-07T17:42:53Z
2026-06-07T17:41:56Z,2026-06-07T19:41:56+0200,9fbaedea-27ef-4990-85cf-49287850296c,2026-05-31T14:00:00Z,2026-05-31T16:00:00+0200,3.58,EUR/MWh,FR,FR,imbalance_price,Short,2026-06-07T17:42:53Z
2026-06-07T17:41:56Z,2026-06-07T19:41:56+0200,9fbaedea-27ef-4990-85cf-49287850296c,2026-05-31T14:15:00Z,2026-05-31T16:15:00+0200,9.41,EUR/MWh,FR,FR,imbalance_price,Long,2026-06-07T17:42:53Z
2026-06-07T17:41:56Z,2026-06-07T19:41:56+0200,9fbaedea-27ef-4990-85cf-49287850296c,2026-05-31T14:15:00Z,2026-05-31T16:15:00+0200,11.15,EUR/MWh,FR,FR,imbalance_price,Short,2026-06-07T17:42:53Z
2026-06-07T17:41:56Z,2026-06-07T19:41:56+0200,9fbaedea-27ef-4990-85cf-49287850296c,2026-05-31T14:30:00Z,2026-05-31T16:30:00+0200,-92.58,EUR/MWh,FR,FR,imbalance_price,Long,2026-06-07T17:42:53Z
2026-06-07T17:41:56Z,2026-06-07T19:41:56+0200,9fbaedea-27ef-4990-85cf-49287850296c,2026-05-31T14:30:00Z,2026-05-31T16:30:00+0200,-78.14,EUR/MWh,FR,FR,imbalance_price,Short,2026-06-07T17:42:53Z
2026-06-07T17:41:56Z,2026-06-07T19:41:56+0200,9fbaedea-27ef-4990-85cf-49287850296c,2026-05-31T14:45:00Z,2026-05-31T16:45:00+0200,-39.86,EUR/MWh,FR,FR,imbalance_price,Long,2026-06-07T17:42:53Z
2026-06-07T17:41:56Z,2026-06-07T19:41:56+0200,9fbaedea-27ef-4990-85cf-49287850296c,2026-05-31T14:45:00Z,2026-05-31T16:45:00+0200,-33.64,EUR/MWh,FR,FR,imbalance_price,Short,2026-06-07T17:42:53Z
2026-06-07T17:41:56Z,2026-06-07T19:41:56+0200,9fbaedea-27ef-4990-85cf-49287850296c,2026-05-31T15:00:00Z,2026-05-31T17:00:00+0200,30.47,EUR/MWh,FR,FR,imbalance_price,Long,2026-06-07T17:42:53Z
2026-06-07T17:41:56Z,2026-06-07T19:41:56+0200,9fbaedea-27ef-4990-85cf-49287850296c,2026-05-31T15:00:00Z,2026-05-31T17:00:00+0200,36.11,EUR/MWh,FR,FR,imbalance_price,Short,2026-06-07T17:42:53Z
2026-06-07T17:41:56Z,2026-06-07T19:41:56+0200,9fbaedea-27ef-4990-85cf-49287850296c,2026-05-31T15:15:00Z,2026-05-31T17:15:00+0200,35.93,EUR/MWh,FR,FR,imbalance_price,Long,2026-06-07T17:42:53Z
2026-06-07T17:41:56Z,2026-06-07T19:41:56+0200,9fbaedea-27ef-4990-85cf-49287850296c,2026-05-31T15:15:00Z,2026-05-31T17:15:00+0200,42.57,EUR/MWh,FR,FR,imbalance_price,Short,2026-06-07T17:42:53Z
2026-06-07T17:41:56Z,2026-06-07T19:41:56+0200,9fbaedea-27ef-4990-85cf-49287850296c,2026-05-31T15:30:00Z,2026-05-31T17:30:00+0200,-159.12,EUR/MWh,FR,FR,imbalance_price,Long,2026-06-07T17:42:53Z
2026-06-07T17:41:56Z,2026-06-07T19:41:56+0200,9fbaedea-27ef-4990-85cf-49287850296c,2026-05-31T15:30:00Z,2026-05-31T17:30:00+0200,-134.3,EUR/MWh,FR,FR,imbalance_price,Short,2026-06-07T17:42:53Z
2026-06-07T17:41:56Z,2026-06-07T19:41:56+0200,9fbaedea-27ef-4990-85cf-49287850296c,2026-05-31T15:45:00Z,2026-05-31T17:45:00+0200,-3.8,EUR/MWh,FR,FR,imbalance_price,Long,2026-06-07T17:42:53Z
2026-06-07T17:41:56Z,2026-06-07T19:41:56+0200,9fbaedea-27ef-4990-85cf-49287850296c,2026-05-31T15:45:00Z,2026-05-31T17:45:00+0200,-3.2,EUR/MWh,FR,FR,imbalance_price,Short,2026-06-07T17:42:53Z
2026-06-07T17:41:56Z,2026-06-07T19:41:56+0200,9fbaedea-27ef-4990-85cf-49287850296c,2026-05-31T16:00:00Z,2026-05-31T18:00:00+0200,11.58,EUR/MWh,FR,FR,imbalance_price,Long,2026-06-07T17:42:53Z
2026-06-07T17:41:56Z,2026-06-07T19:41:56+0200,9fbaedea-27ef-4990-85cf-49287850296c,2026-05-31T16:00:00Z,2026-05-31T18:00:00+0200,13.72,EUR/MWh,FR,FR,imbalance_price,Short,2026-06-07T17:42:53Z
2026-06-07T17:41:56Z,2026-06-07T19:41:56+0200,9fbaedea-27ef-4990-85cf-49287850296c,2026-05-31T16:15:00Z,2026-05-31T18:15:00+0200,7.83,EUR/MWh,FR,FR,imbalance_price,Long,2026-06-07T17:42:53Z
2026-06-07T17:41:56Z,2026-06-07T19:41:56+0200,9fbaedea-27ef-4990-85cf-49287850296c,2026-05-31T16:15:00Z,2026-05-31T18:15:00+0200,9.27,EUR/MWh,FR,FR,imbalance_price,Short,2026-06-07T17:42:53Z
2026-06-07T17:41:56Z,2026-06-07T19:41:56+0200,9fbaedea-27ef-4990-85cf-49287850296c,2026-05-31T16:30:00Z,2026-05-31T18:30:00+0200,3.32,EUR/MWh,FR,FR,imbalance_price,Long,2026-06-07T17:42:53Z
2026-06-07T17:41:56Z,2026-06-07T19:41:56+0200,9fbaedea-27ef-4990-85cf-49287850296c,2026-05-31T16:30:00Z,2026-05-31T18:30:00+0200,3.94,EUR/MWh,FR,FR,imbalance_price,Short,2026-06-07T17:42:53Z
2026-06-07T17:41:56Z,2026-06-07T19:41:56+0200,9fbaedea-27ef-4990-85cf-49287850296c,2026-05-31T16:45:00Z,2026-05-31T18:45:00+0200,2.93,EUR/MWh,FR,FR,imbalance_price,Long,2026-06-07T17:42:53Z
2026-06-07T17:41:56Z,2026-06-07T19:41:56+0200,9fbaedea-27ef-4990-85cf-49287850296c,2026-05-31T16:45:00Z,2026-05-31T18:45:00+0200,3.47,EUR/MWh,FR,FR,imbalance_price,Short,2026-06-07T17:42:53Z
2026-06-07T17:41:56Z,2026-06-07T19:41:56+0200,9fbaedea-27ef-4990-85cf-49287850296c,2026-05-31T17:00:00Z,2026-05-31T19:00:00+0200,19.2,EUR/MWh,FR,FR,imbalance_price,Long,2026-06-07T17:42:53Z
2026-06-07T17:41:56Z,2026-06-07T19:41:56+0200,9fbaedea-27ef-4990-85cf-49287850296c,2026-05-31T17:00:00Z,2026-05-31T19:00:00+0200,22.74,EUR/MWh,FR,FR,imbalance_price,Short,2026-06-07T17:42:53Z
2026-06-07T17:41:56Z,2026-06-07T19:41:56+0200,9fbaedea-27ef-4990-85cf-49287850296c,2026-05-31T17:15:00Z,2026-05-31T19:15:00+0200,27.28,EUR/MWh,FR,FR,imbalance_price,Long,2026-06-07T17:42:53Z
2026-06-07T17:41:56Z,2026-06-07T19:41:56+0200,9fbaedea-27ef-4990-85cf-49287850296c,2026-05-31T17:15:00Z,2026-05-31T19:15:00+0200,32.32,EUR/MWh,FR,FR,imbalance_price,Short,2026-06-07T17:42:53Z
2026-06-07T17:41:56Z,2026-06-07T19:41:56+0200,9fbaedea-27ef-4990-85cf-49287850296c,2026-05-31T17:30:00Z,2026-05-31T19:30:00+0200,24.46,EUR/MWh,FR,FR,imbalance_price,Long,2026-06-07T17:42:53Z
2026-06-07T17:41:56Z,2026-06-07T19:41:56+0200,9fbaedea-27ef-4990-85cf-49287850296c,2026-05-31T17:30:00Z,2026-05-31T19:30:00+0200,28.98,EUR/MWh,FR,FR,imbalance_price,Short,2026-06-07T17:42:53Z
2026-06-07T17:41:56Z,2026-06-07T19:41:56+0200,9fbaedea-27ef-4990-85cf-49287850296c,2026-05-31T17:45:00Z,2026-05-31T19:45:00+0200,16.73,EUR/MWh,FR,FR,imbalance_price,Long,2026-06-07T17:42:53Z
2026-06-07T17:41:56Z,2026-06-07T19:41:56+0200,9fbaedea-27ef-4990-85cf-49287850296c,2026-05-31T17:45:00Z,2026-05-31T19:45:00+0200,19.83,EUR/MWh,FR,FR,imbalance_price,Short,2026-06-07T17:42:53Z
2026-06-07T17:41:56Z,2026-06-07T19:41:56+0200,9fbaedea-27ef-4990-85cf-49287850296c,2026-05-31T18:00:00Z,2026-05-31T20:00:00+0200,17.09,EUR/MWh,FR,FR,imbalance_price,Long,2026-06-07T17:42:53Z
2026-06-07T17:41:56Z,2026-06-07T19:41:56+0200,9fbaedea-27ef-4990-85cf-49287850296c,2026-05-31T18:00:00Z,2026-05-31T20:00:00+0200,20.25,EUR/MWh,FR,FR,imbalance_price,Short,2026-06-07T17:42:53Z
2026-06-07T17:41:56Z,2026-06-07T19:41:56+0200,9fbaedea-27ef-4990-85cf-49287850296c,2026-05-31T18:15:00Z,2026-05-31T20:15:00+0200,17.47,EUR/MWh,FR,FR,imbalance_price,Long,2026-06-07T17:42:53Z
2026-06-07T17:41:56Z,2026-06-07T19:41:56+0200,9fbaedea-27ef-4990-85cf-49287850296c,2026-05-31T18:15:00Z,2026-05-31T20:15:00+0200,20.71,EUR/MWh,FR,FR,imbalance_price,Short,2026-06-07T17:42:53Z
2026-06-07T17:41:56Z,2026-06-07T19:41:56+0200,9fbaedea-27ef-4990-85cf-49287850296c,2026-05-31T18:30:00Z,2026-05-31T20:30:00+0200,190.06,EUR/MWh,FR,FR,imbalance_price,Long,2026-06-07T17:42:53Z
2026-06-07T17:41:56Z,2026-06-07T19:41:56+0200,9fbaedea-27ef-4990-85cf-49287850296c,2026-05-31T18:30:00Z,2026-05-31T20:30:00+0200,225.2,EUR/MWh,FR,FR,imbalance_price,Short,2026-06-07T17:42:53Z
2026-06-07T17:41:56Z,2026-06-07T19:41:56+0200,9fbaedea-27ef-4990-85cf-49287850296c,2026-05-31T18:45:00Z,2026-05-31T20:45:00+0200,101.01,EUR/MWh,FR,FR,imbalance_price,Long,2026-06-07T17:42:53Z
2026-06-07T17:41:56Z,2026-06-07T19:41:56+0200,9fbaedea-27ef-4990-85cf-49287850296c,2026-05-31T18:45:00Z,2026-05-31T20:45:00+0200,119.67,EUR/MWh,FR,FR,imbalance_price,Short,2026-06-07T17:42:53Z
2026-06-07T17:41:56Z,2026-06-07T19:41:56+0200,9fbaedea-27ef-4990-85cf-49287850296c,2026-05-31T19:00:00Z,2026-05-31T21:00:00+0200,65.63,EUR/MWh,FR,FR,imbalance_price,Long,2026-06-07T17:42:53Z
2026-06-07T17:41:56Z,2026-06-07T19:41:56+0200,9fbaedea-27ef-4990-85cf-49287850296c,2026-05-31T19:00:00Z,2026-05-31T21:00:00+0200,77.77,EUR/MWh,FR,FR,imbalance_price,Short,2026-06-07T17:42:53Z
2026-06-07T17:41:56Z,2026-06-07T19:41:56+0200,9fbaedea-27ef-4990-85cf-49287850296c,2026-05-31T19:15:00Z,2026-05-31T21:15:00+0200,76.8,EUR/MWh,FR,FR,imbalance_price,Long,2026-06-07T17:42:53Z
2026-06-07T17:41:56Z,2026-06-07T19:41:56+0200,9fbaedea-27ef-4990-85cf-49287850296c,2026-05-31T19:15:00Z,2026-05-31T21:15:00+0200,91.0,EUR/MWh,FR,FR,imbalance_price,Short,2026-06-07T17:42:53Z
2026-06-07T17:41:56Z,2026-06-07T19:41:56+0200,9fbaedea-27ef-4990-85cf-49287850296c,2026-05-31T19:30:00Z,2026-05-31T21:30:00+0200,21.74,EUR/MWh,FR,FR,imbalance_price,Long,2026-06-07T17:42:53Z
2026-06-07T17:41:56Z,2026-06-07T19:41:56+0200,9fbaedea-27ef-4990-85cf-49287850296c,2026-05-31T19:30:00Z,2026-05-31T21:30:00+0200,25.76,EUR/MWh,FR,FR,imbalance_price,Short,2026-06-07T17:42:53Z
2026-06-07T17:41:56Z,2026-06-07T19:41:56+0200,9fbaedea-27ef-4990-85cf-49287850296c,2026-05-31T19:45:00Z,2026-05-31T21:45:00+0200,21.38,EUR/MWh,FR,FR,imbalance_price,Long,2026-06-07T17:42:53Z
2026-06-07T17:41:56Z,2026-06-07T19:41:56+0200,9fbaedea-27ef-4990-85cf-49287850296c,2026-05-31T19:45:00Z,2026-05-31T21:45:00+0200,25.34,EUR/MWh,FR,FR,imbalance_price,Short,2026-06-07T17:42:53Z
2026-06-07T17:41:56Z,2026-06-07T19:41:56+0200,9fbaedea-27ef-4990-85cf-49287850296c,2026-05-31T20:00:00Z,2026-05-31T22:00:00+0200,146.02,EUR/MWh,FR,FR,imbalance_price,Long,2026-06-07T17:42:53Z
2026-06-07T17:41:56Z,2026-06-07T19:41:56+0200,9fbaedea-27ef-4990-85cf-49287850296c,2026-05-31T20:00:00Z,2026-05-31T22:00:00+0200,173.02,EUR/MWh,FR,FR,imbalance_price,Short,2026-06-07T17:42:53Z
2026-06-07T17:41:56Z,2026-06-07T19:41:56+0200,9fbaedea-27ef-4990-85cf-49287850296c,2026-05-31T20:15:00Z,2026-05-31T22:15:00+0200,103.81,EUR/MWh,FR,FR,imbalance_price,Long,2026-06-07T17:42:53Z
2026-06-07T17:41:56Z,2026-06-07T19:41:56+0200,9fbaedea-27ef-4990-85cf-49287850296c,2026-05-31T20:15:00Z,2026-05-31T22:15:00+0200,122.99,EUR/MWh,FR,FR,imbalance_price,Short,2026-06-07T17:42:53Z
2026-06-07T17:41:56Z,2026-06-07T19:41:56+0200,9fbaedea-27ef-4990-85cf-49287850296c,2026-05-31T20:30:00Z,2026-05-31T22:30:00+0200,93.55,EUR/MWh,FR,FR,imbalance_price,Long,2026-06-07T17:42:53Z
2026-06-07T17:41:56Z,2026-06-07T19:41:56+0200,9fbaedea-27ef-4990-85cf-49287850296c,2026-05-31T20:30:00Z,2026-05-31T22:30:00+0200,110.85,EUR/MWh,FR,FR,imbalance_price,Short,2026-06-07T17:42:53Z
2026-06-07T17:41:56Z,2026-06-07T19:41:56+0200,9fbaedea-27ef-4990-85cf-49287850296c,2026-05-31T20:45:00Z,2026-05-31T22:45:00+0200,44.63,EUR/MWh,FR,FR,imbalance_price,Long,2026-06-07T17:42:53Z
2026-06-07T17:41:56Z,2026-06-07T19:41:56+0200,9fbaedea-27ef-4990-85cf-49287850296c,2026-05-31T20:45:00Z,2026-05-31T22:45:00+0200,52.89,EUR/MWh,FR,FR,imbalance_price,Short,2026-06-07T17:42:53Z
2026-06-07T17:41:56Z,2026-06-07T19:41:56+0200,9fbaedea-27ef-4990-85cf-49287850296c,2026-05-31T21:00:00Z,2026-05-31T23:00:00+0200,96.96,EUR/MWh,FR,FR,imbalance_price,Long,2026-06-07T17:42:53Z
2026-06-07T17:41:56Z,2026-06-07T19:41:56+0200,9fbaedea-27ef-4990-85cf-49287850296c,2026-05-31T21:00:00Z,2026-05-31T23:00:00+0200,114.88,EUR/MWh,FR,FR,imbalance_price,Short,2026-06-07T17:42:53Z
2026-06-07T17:41:56Z,2026-06-07T19:41:56+0200,9fbaedea-27ef-4990-85cf-49287850296c,2026-05-31T21:15:00Z,2026-05-31T23:15:00+0200,95.62,EUR/MWh,FR,FR,imbalance_price,Long,2026-06-07T17:42:53Z
2026-06-07T17:41:56Z,2026-06-07T19:41:56+0200,9fbaedea-27ef-4990-85cf-49287850296c,2026-05-31T21:15:00Z,2026-05-31T23:15:00+0200,113.3,EUR/MWh,FR,FR,imbalance_price,Short,2026-06-07T17:42:53Z
2026-06-07T17:41:56Z,2026-06-07T19:41:56+0200,9fbaedea-27ef-4990-85cf-49287850296c,2026-05-31T21:30:00Z,2026-05-31T23:30:00+0200,87.53,EUR/MWh,FR,FR,imbalance_price,Long,2026-06-07T17:42:53Z
2026-06-07T17:41:56Z,2026-06-07T19:41:56+0200,9fbaedea-27ef-4990-85cf-49287850296c,2026-05-31T21:30:00Z,2026-05-31T23:30:00+0200,103.71,EUR/MWh,FR,FR,imbalance_price,Short,2026-06-07T17:42:53Z
2026-06-07T17:41:56Z,2026-06-07T19:41:56+0200,9fbaedea-27ef-4990-85cf-49287850296c,2026-05-31T21:45:00Z,2026-05-31T23:45:00+0200,88.67,EUR/MWh,FR,FR,imbalance_price,Long,2026-06-07T17:42:53Z
2026-06-07T17:41:56Z,2026-06-07T19:41:56+0200,9fbaedea-27ef-4990-85cf-49287850296c,2026-05-31T21:45:00Z,2026-05-31T23:45:00+0200,105.07,EUR/MWh,FR,FR,imbalance_price,Short,2026-06-07T17:42:53Z
2026-06-07T17:41:56Z,2026-06-07T19:41:56+0200,9fbaedea-27ef-4990-85cf-49287850296c,2026-05-31T22:00:00Z,2026-06-01T00:00:00+0200,90.05,EUR/MWh,FR,FR,imbalance_price,Long,2026-06-07T17:42:53Z
2026-06-07T17:41:56Z,2026-06-07T19:41:56+0200,9fbaedea-27ef-4990-85cf-49287850296c,2026-05-31T22:00:00Z,2026-06-01T00:00:00+0200,103.39,EUR/MWh,FR,FR,imbalance_price,Short,2026-06-07T17:42:53Z
2026-06-07T17:41:56Z,2026-06-07T19:41:56+0200,9fbaedea-27ef-4990-85cf-49287850296c,2026-05-31T22:15:00Z,2026-06-01T00:15:00+0200,83.88,EUR/MWh,FR,FR,imbalance_price,Long,2026-06-07T17:42:53Z
2026-06-07T17:41:56Z,2026-06-07T19:41:56+0200,9fbaedea-27ef-4990-85cf-49287850296c,2026-05-31T22:15:00Z,2026-06-01T00:15:00+0200,96.32,EUR/MWh,FR,FR,imbalance_price,Short,2026-06-07T17:42:53Z
2026-06-07T17:41:56Z,2026-06-07T19:41:56+0200,9fbaedea-27ef-4990-85cf-49287850296c,2026-05-31T22:30:00Z,2026-06-01T00:30:00+0200,66.0,EUR/MWh,FR,FR,imbalance_price,Long,2026-06-07T17:42:53Z
2026-06-07T17:41:56Z,2026-06-07T19:41:56+0200,9fbaedea-27ef-4990-85cf-49287850296c,2026-05-31T22:30:00Z,2026-06-01T00:30:00+0200,75.78,EUR/MWh,FR,FR,imbalance_price,Short,2026-06-07T17:42:53Z
2026-06-07T17:41:56Z,2026-06-07T19:41:56+0200,9fbaedea-27ef-4990-85cf-49287850296c,2026-05-31T22:45:00Z,2026-06-01T00:45:00+0200,62.81,EUR/MWh,FR,FR,imbalance_price,Long,2026-06-07T17:42:53Z
2026-06-07T17:41:56Z,2026-06-07T19:41:56+0200,9fbaedea-27ef-4990-85cf-49287850296c,2026-05-31T22:45:00Z,2026-06-01T00:45:00+0200,72.11,EUR/MWh,FR,FR,imbalance_price,Short,2026-06-07T17:42:53Z
2026-06-07T17:41:56Z,2026-06-07T19:41:56+0200,9fbaedea-27ef-4990-85cf-49287850296c,2026-05-31T23:00:00Z,2026-06-01T01:00:00+0200,64.82,EUR/MWh,FR,FR,imbalance_price,Long,2026-06-07T17:42:53Z
2026-06-07T17:41:56Z,2026-06-07T19:41:56+0200,9fbaedea-27ef-4990-85cf-49287850296c,2026-05-31T23:00:00Z,2026-06-01T01:00:00+0200,74.42,EUR/MWh,FR,FR,imbalance_price,Short,2026-06-07T17:42:53Z
2026-06-07T17:41:56Z,2026-06-07T19:41:56+0200,9fbaedea-27ef-4990-85cf-49287850296c,2026-05-31T23:15:00Z,2026-06-01T01:15:00+0200,69.65,EUR/MWh,FR,FR,imbalance_price,Long,2026-06-07T17:42:53Z
2026-06-07T17:41:56Z,2026-06-07T19:41:56+0200,9fbaedea-27ef-4990-85cf-49287850296c,2026-05-31T23:15:00Z,2026-06-01T01:15:00+0200,79.97,EUR/MWh,FR,FR,imbalance_price,Short,2026-06-07T17:42:53Z
2026-06-07T17:41:56Z,2026-06-07T19:41:56+0200,9fbaedea-27ef-4990-85cf-49287850296c,2026-05-31T23:30:00Z,2026-06-01T01:30:00+0200,70.09,EUR/MWh,FR,FR,imbalance_price,Long,2026-06-07T17:42:53Z
2026-06-07T17:41:56Z,2026-06-07T19:41:56+0200,9fbaedea-27ef-4990-85cf-49287850296c,2026-05-31T23:30:00Z,2026-06-01T01:30:00+0200,80.49,EUR/MWh,FR,FR,imbalance_price,Short,2026-06-07T17:42:53Z
2026-06-07T17:41:56Z,2026-06-07T19:41:56+0200,9fbaedea-27ef-4990-85cf-49287850296c,2026-05-31T23:45:00Z,2026-06-01T01:45:00+0200,60.44,EUR/MWh,FR,FR,imbalance_price,Long,2026-06-07T17:42:53Z
2026-06-07T17:41:56Z,2026-06-07T19:41:56+0200,9fbaedea-27ef-4990-85cf-49287850296c,2026-05-31T23:45:00Z,2026-06-01T01:45:00+0200,69.4,EUR/MWh,FR,FR,imbalance_price,Short,2026-06-07T17:42:53Z
2026-06-07T17:41:56Z,2026-06-07T19:41:56+0200,9fbaedea-27ef-4990-85cf-49287850296c,2026-06-01T00:00:00Z,2026-06-01T02:00:00+0200,75.96,EUR/MWh,FR,FR,imbalance_price,Long,2026-06-07T17:42:53Z
2026-06-07T17:41:56Z,2026-06-07T19:41:56+0200,9fbaedea-27ef-4990-85cf-49287850296c,2026-06-01T00:00:00Z,2026-06-01T02:00:00+0200,87.22,EUR/MWh,FR,FR,imbalance_price,Short,2026-06-07T17:42:53Z
2026-06-07T17:41:56Z,2026-06-07T19:41:56+0200,9fbaedea-27ef-4990-85cf-49287850296c,2026-06-01T00:15:00Z,2026-06-01T02:15:00+0200,7.79,EUR/MWh,FR,FR,imbalance_price,Long,2026-06-07T17:42:53Z
2026-06-07T17:41:56Z,2026-06-07T19:41:56+0200,9fbaedea-27ef-4990-85cf-49287850296c,2026-06-01T00:15:00Z,2026-06-01T02:15:00+0200,8.95,EUR/MWh,FR,FR,imbalance_price,Short,2026-06-07T17:42:53Z
2026-06-07T17:41:56Z,2026-06-07T19:41:56+0200,9fbaedea-27ef-4990-85cf-49287850296c,2026-06-01T00:30:00Z,2026-06-01T02:30:00+0200,85.38,EUR/MWh,FR,FR,imbalance_price,Long,2026-06-07T17:42:53Z
2026-06-07T17:41:56Z,2026-06-07T19:41:56+0200,9fbaedea-27ef-4990-85cf-49287850296c,2026-06-01T00:30:00Z,2026-06-01T02:30:00+0200,98.04,EUR/MWh,FR,FR,imbalance_price,Short,2026-06-07T17:42:53Z
2026-06-07T17:41:56Z,2026-06-07T19:41:56+0200,9fbaedea-27ef-4990-85cf-49287850296c,2026-06-01T00:45:00Z,2026-06-01T02:45:00+0200,78.83,EUR/MWh,FR,FR,imbalance_price,Long,2026-06-07T17:42:53Z
2026-06-07T17:41:56Z,2026-06-07T19:41:56+0200,9fbaedea-27ef-4990-85cf-49287850296c,2026-06-01T00:45:00Z,2026-06-01T02:45:00+0200,90.51,EUR/MWh,FR,FR,imbalance_price,Short,2026-06-07T17:42:53Z
2026-06-07T17:41:56Z,2026-06-07T19:41:56+0200,9fbaedea-27ef-4990-85cf-49287850296c,2026-06-01T01:00:00Z,2026-06-01T03:00:00+0200,92.2,EUR/MWh,FR,FR,imbalance_price,Long,2026-06-07T17:42:53Z
2026-06-07T17:41:56Z,2026-06-07T19:41:56+0200,9fbaedea-27ef-4990-85cf-49287850296c,2026-06-01T01:00:00Z,2026-06-01T03:00:00+0200,105.86,EUR/MWh,FR,FR,imbalance_price,Short,2026-06-07T17:42:53Z
2026-06-07T17:41:56Z,2026-06-07T19:41:56+0200,9fbaedea-27ef-4990-85cf-49287850296c,2026-06-01T01:15:00Z,2026-06-01T03:15:00+0200,105.61,EUR/MWh,FR,FR,imbalance_price,Long,2026-06-07T17:42:53Z
2026-06-07T17:41:56Z,2026-06-07T19:41:56+0200,9fbaedea-27ef-4990-85cf-49287850296c,2026-06-01T01:15:00Z,2026-06-01T03:15:00+0200,121.27,EUR/MWh,FR,FR,imbalance_price,Short,2026-06-07T17:42:53Z
2026-06-07T17:41:56Z,2026-06-07T19:41:56+0200,9fbaedea-27ef-4990-85cf-49287850296c,2026-06-01T01:30:00Z,2026-06-01T03:30:00+0200,105.67,EUR/MWh,FR,FR,imbalance_price,Long,2026-06-07T17:42:53Z
2026-06-07T17:41:56Z,2026-06-07T19:41:56+0200,9fbaedea-27ef-4990-85cf-49287850296c,2026-06-01T01:30:00Z,2026-06-01T03:30:00+0200,121.33,EUR/MWh,FR,FR,imbalance_price,Short,2026-06-07T17:42:53Z
2026-06-07T17:41:56Z,2026-06-07T19:41:56+0200,9fbaedea-27ef-4990-85cf-49287850296c,2026-06-01T01:45:00Z,2026-06-01T03:45:00+0200,105.67,EUR/MWh,FR,FR,imbalance_price,Long,2026-06-07T17:42:53Z
2026-06-07T17:41:56Z,2026-06-07T19:41:56+0200,9fbaedea-27ef-4990-85cf-49287850296c,2026-06-01T01:45:00Z,2026-06-01T03:45:00+0200,121.33,EUR/MWh,FR,FR,imbalance_price,Short,2026-06-07T17:42:53Z
2026-06-07T17:41:56Z,2026-06-07T19:41:56+0200,9fbaedea-27ef-4990-85cf-49287850296c,2026-06-01T02:00:00Z,2026-06-01T04:00:00+0200,105.67,EUR/MWh,FR,FR,imbalance_price,Long,2026-06-07T17:42:53Z
2026-06-07T17:41:56Z,2026-06-07T19:41:56+0200,9fbaedea-27ef-4990-85cf-49287850296c,2026-06-01T02:00:00Z,2026-06-01T04:00:00+0200,121.33,EUR/MWh,FR,FR,imbalance_price,Short,2026-06-07T17:42:53Z
2026-06-07T17:41:56Z,2026-06-07T19:41:56+0200,9fbaedea-27ef-4990-85cf-49287850296c,2026-06-01T02:15:00Z,2026-06-01T04:15:00+0200,15.72,EUR/MWh,FR,FR,imbalance_price,Long,2026-06-07T17:42:53Z
2026-06-07T17:41:56Z,2026-06-07T19:41:56+0200,9fbaedea-27ef-4990-85cf-49287850296c,2026-06-01T02:15:00Z,2026-06-01T04:15:00+0200,18.04,EUR/MWh,FR,FR,imbalance_price,Short,2026-06-07T17:42:53Z
2026-06-07T17:41:56Z,2026-06-07T19:41:56+0200,9fbaedea-27ef-4990-85cf-49287850296c,2026-06-01T02:30:00Z,2026-06-01T04:30:00+0200,18.93,EUR/MWh,FR,FR,imbalance_price,Long,2026-06-07T17:42:53Z
2026-06-07T17:41:56Z,2026-06-07T19:41:56+0200,9fbaedea-27ef-4990-85cf-49287850296c,2026-06-01T02:30:00Z,2026-06-01T04:30:00+0200,21.73,EUR/MWh,FR,FR,imbalance_price,Short,2026-06-07T17:42:53Z
2026-06-07T17:41:56Z,2026-06-07T19:41:56+0200,9fbaedea-27ef-4990-85cf-49287850296c,2026-06-01T02:45:00Z,2026-06-01T04:45:00+0200,-719.99,EUR/MWh,FR,FR,imbalance_price,Long,2026-06-07T17:42:53Z
2026-06-07T17:41:56Z,2026-06-07T19:41:56+0200,9fbaedea-27ef-4990-85cf-49287850296c,2026-06-01T02:45:00Z,2026-06-01T04:45:00+0200,-627.05,EUR/MWh,FR,FR,imbalance_price,Short,2026-06-07T17:42:53Z
2026-06-07T17:41:56Z,2026-06-07T19:41:56+0200,9fbaedea-27ef-4990-85cf-49287850296c,2026-06-01T03:00:00Z,2026-06-01T05:00:00+0200,-94.55,EUR/MWh,FR,FR,imbalance_price,Long,2026-06-07T17:42:53Z
2026-06-07T17:41:56Z,2026-06-07T19:41:56+0200,9fbaedea-27ef-4990-85cf-49287850296c,2026-06-01T03:00:00Z,2026-06-01T05:00:00+0200,-82.35,EUR/MWh,FR,FR,imbalance_price,Short,2026-06-07T17:42:53Z
2026-06-07T17:41:56Z,2026-06-07T19:41:56+0200,9fbaedea-27ef-4990-85cf-49287850296c,2026-06-01T03:15:00Z,2026-06-01T05:15:00+0200,25.6,EUR/MWh,FR,FR,imbalance_price,Long,2026-06-07T17:42:53Z
2026-06-07T17:41:56Z,2026-06-07T19:41:56+0200,9fbaedea-27ef-4990-85cf-49287850296c,2026-06-01T03:15:00Z,2026-06-01T05:15:00+0200,29.4,EUR/MWh,FR,FR,imbalance_price,Short,2026-06-07T17:42:53Z
2026-06-07T17:41:56Z,2026-06-07T19:41:56+0200,9fbaedea-27ef-4990-85cf-49287850296c,2026-06-01T03:30:00Z,2026-06-01T05:30:00+0200,98.54,EUR/MWh,FR,FR,imbalance_price,Long,2026-06-07T17:42:53Z
2026-06-07T17:41:56Z,2026-06-07T19:41:56+0200,9fbaedea-27ef-4990-85cf-49287850296c,2026-06-01T03:30:00Z,2026-06-01T05:30:00+0200,113.14,EUR/MWh,FR,FR,imbalance_price,Short,2026-06-07T17:42:53Z
2026-06-07T17:41:56Z,2026-06-07T19:41:56+0200,9fbaedea-27ef-4990-85cf-49287850296c,2026-06-01T03:45:00Z,2026-06-01T05:45:00+0200,68.17,EUR/MWh,FR,FR,imbalance_price,Long,2026-06-07T17:42:53Z
2026-06-07T17:41:56Z,2026-06-07T19:41:56+0200,9fbaedea-27ef-4990-85cf-49287850296c,2026-06-01T03:45:00Z,2026-06-01T05:45:00+0200,78.27,EUR/MWh,FR,FR,imbalance_price,Short,2026-06-07T17:42:53Z
2026-06-07T17:41:56Z,2026-06-07T19:41:56+0200,9fbaedea-27ef-4990-85cf-49287850296c,2026-06-01T04:00:00Z,2026-06-01T06:00:00+0200,24.4,EUR/MWh,FR,FR,imbalance_price,Long,2026-06-07T17:42:53Z
2026-06-07T17:41:56Z,2026-06-07T19:41:56+0200,9fbaedea-27ef-4990-85cf-49287850296c,2026-06-01T04:00:00Z,2026-06-01T06:00:00+0200,28.02,EUR/MWh,FR,FR,imbalance_price,Short,2026-06-07T17:42:53Z
2026-06-07T17:41:56Z,2026-06-07T19:41:56+0200,9fbaedea-27ef-4990-85cf-49287850296c,2026-06-01T04:15:00Z,2026-06-01T06:15:00+0200,72.36,EUR/MWh,FR,FR,imbalance_price,Long,2026-06-07T17:42:53Z
2026-06-07T17:41:56Z,2026-06-07T19:41:56+0200,9fbaedea-27ef-4990-85cf-49287850296c,2026-06-01T04:15:00Z,2026-06-01T06:15:00+0200,83.08,EUR/MWh,FR,FR,imbalance_price,Short,2026-06-07T17:42:53Z
2026-06-07T17:41:56Z,2026-06-07T19:41:56+0200,9fbaedea-27ef-4990-85cf-49287850296c,2026-06-01T04:30:00Z,2026-06-01T06:30:00+0200,23.52,EUR/MWh,FR,FR,imbalance_price,Long,2026-06-07T17:42:53Z
2026-06-07T17:41:56Z,2026-06-07T19:41:56+0200,9fbaedea-27ef-4990-85cf-49287850296c,2026-06-01T04:30:00Z,2026-06-01T06:30:00+0200,27.0,EUR/MWh,FR,FR,imbalance_price,Short,2026-06-07T17:42:53Z
2026-06-07T17:41:56Z,2026-06-07T19:41:56+0200,9fbaedea-27ef-4990-85cf-49287850296c,2026-06-01T04:45:00Z,2026-06-01T06:45:00+0200,59.37,EUR/MWh,FR,FR,imbalance_price,Long,2026-06-07T17:42:53Z
2026-06-07T17:41:56Z,2026-06-07T19:41:56+0200,9fbaedea-27ef-4990-85cf-49287850296c,2026-06-01T04:45:00Z,2026-06-01T06:45:00+0200,68.17,EUR/MWh,FR,FR,imbalance_price,Short,2026-06-07T17:42:53Z
2026-06-07T17:41:56Z,2026-06-07T19:41:56+0200,9fbaedea-27ef-4990-85cf-49287850296c,2026-06-01T05:00:00Z,2026-06-01T07:00:00+0200,135.47,EUR/MWh,FR,FR,imbalance_price,Long,2026-06-07T17:42:53Z
2026-06-07T17:41:56Z,2026-06-07T19:41:56+0200,9fbaedea-27ef-4990-85cf-49287850296c,2026-06-01T05:00:00Z,2026-06-01T07:00:00+0200,155.55,EUR/MWh,FR,FR,imbalance_price,Short,2026-06-07T17:42:53Z
2026-06-07T17:41:56Z,2026-06-07T19:41:56+0200,9fbaedea-27ef-4990-85cf-49287850296c,2026-06-01T05:15:00Z,2026-06-01T07:15:00+0200,88.3,EUR/MWh,FR,FR,imbalance_price,Long,2026-06-07T17:42:53Z
2026-06-07T17:41:56Z,2026-06-07T19:41:56+0200,9fbaedea-27ef-4990-85cf-49287850296c,2026-06-01T05:15:00Z,2026-06-01T07:15:00+0200,101.38,EUR/MWh,FR,FR,imbalance_price,Short,2026-06-07T17:42:53Z
2026-06-07T17:41:56Z,2026-06-07T19:41:56+0200,9fbaedea-27ef-4990-85cf-49287850296c,2026-06-01T05:30:00Z,2026-06-01T07:30:00+0200,14.67,EUR/MWh,FR,FR,imbalance_price,Long,2026-06-07T17:42:53Z
2026-06-07T17:41:56Z,2026-06-07T19:41:56+0200,9fbaedea-27ef-4990-85cf-49287850296c,2026-06-01T05:30:00Z,2026-06-01T07:30:00+0200,16.85,EUR/MWh,FR,FR,imbalance_price,Short,2026-06-07T17:42:53Z
2026-06-07T17:41:56Z,2026-06-07T19:41:56+0200,9fbaedea-27ef-4990-85cf-49287850296c,2026-06-01T05:45:00Z,2026-06-01T07:45:00+0200,16.54,EUR/MWh,FR,FR,imbalance_price,Long,2026-06-07T17:42:53Z
2026-06-07T17:41:56Z,2026-06-07T19:41:56+0200,9fbaedea-27ef-4990-85cf-49287850296c,2026-06-01T05:45:00Z,2026-06-01T07:45:00+0200,19.0,EUR/MWh,FR,FR,imbalance_price,Short,2026-06-07T17:42:53Z
2026-06-07T17:41:56Z,2026-06-07T19:41:56+0200,9fbaedea-27ef-4990-85cf-49287850296c,2026-06-01T06:00:00Z,2026-06-01T08:00:00+0200,137.78,EUR/MWh,FR,FR,imbalance_price,Long,2026-06-07T17:42:53Z
2026-06-07T17:41:56Z,2026-06-07T19:41:56+0200,9fbaedea-27ef-4990-85cf-49287850296c,2026-06-01T06:00:00Z,2026-06-01T08:00:00+0200,158.2,EUR/MWh,FR,FR,imbalance_price,Short,2026-06-07T17:42:53Z
2026-06-07T17:41:56Z,2026-06-07T19:41:56+0200,9fbaedea-27ef-4990-85cf-49287850296c,2026-06-01T06:15:00Z,2026-06-01T08:15:00+0200,140.96,EUR/MWh,FR,FR,imbalance_price,Long,2026-06-07T17:42:53Z
2026-06-07T17:41:56Z,2026-06-07T19:41:56+0200,9fbaedea-27ef-4990-85cf-49287850296c,2026-06-01T06:15:00Z,2026-06-01T08:15:00+0200,161.86,EUR/MWh,FR,FR,imbalance_price,Short,2026-06-07T17:42:53Z
2026-06-07T17:41:56Z,2026-06-07T19:41:56+0200,9fbaedea-27ef-4990-85cf-49287850296c,2026-06-01T06:30:00Z,2026-06-01T08:30:00+0200,141.89,EUR/MWh,FR,FR,imbalance_price,Long,2026-06-07T17:42:53Z
2026-06-07T17:41:56Z,2026-06-07T19:41:56+0200,9fbaedea-27ef-4990-85cf-49287850296c,2026-06-01T06:30:00Z,2026-06-01T08:30:00+0200,162.93,EUR/MWh,FR,FR,imbalance_price,Short,2026-06-07T17:42:53Z
2026-06-07T17:41:56Z,2026-06-07T19:41:56+0200,9fbaedea-27ef-4990-85cf-49287850296c,2026-06-01T06:45:00Z,2026-06-01T08:45:00+0200,133.87,EUR/MWh,FR,FR,imbalance_price,Long,2026-06-07T17:42:53Z
2026-06-07T17:41:56Z,2026-06-07T19:41:56+0200,9fbaedea-27ef-4990-85cf-49287850296c,2026-06-01T06:45:00Z,2026-06-01T08:45:00+0200,153.71,EUR/MWh,FR,FR,imbalance_price,Short,2026-06-07T17:42:53Z
2026-06-07T17:41:56Z,2026-06-07T19:41:56+0200,9fbaedea-27ef-4990-85cf-49287850296c,2026-06-01T07:00:00Z,2026-06-01T09:00:00+0200,101.74,EUR/MWh,FR,FR,imbalance_price,Long,2026-06-07T17:42:53Z
2026-06-07T17:41:56Z,2026-06-07T19:41:56+0200,9fbaedea-27ef-4990-85cf-49287850296c,2026-06-01T07:00:00Z,2026-06-01T09:00:00+0200,116.82,EUR/MWh,FR,FR,imbalance_price,Short,2026-06-07T17:42:53Z
2026-06-07T17:41:56Z,2026-06-07T19:41:56+0200,9fbaedea-27ef-4990-85cf-49287850296c,2026-06-01T07:15:00Z,2026-06-01T09:15:00+0200,-4.05,EUR/MWh,FR,FR,imbalance_price,Long,2026-06-07T17:42:53Z
2026-06-07T17:41:56Z,2026-06-07T19:41:56+0200,9fbaedea-27ef-4990-85cf-49287850296c,2026-06-01T07:15:00Z,2026-06-01T09:15:00+0200,-3.53,EUR/MWh,FR,FR,imbalance_price,Short,2026-06-07T17:42:53Z
2026-06-07T17:41:56Z,2026-06-07T19:41:56+0200,9fbaedea-27ef-4990-85cf-49287850296c,2026-06-01T07:30:00Z,2026-06-01T09:30:00+0200,-322.52,EUR/MWh,FR,FR,imbalance_price,Long,2026-06-07T17:42:53Z
2026-06-07T17:41:56Z,2026-06-07T19:41:56+0200,9fbaedea-27ef-4990-85cf-49287850296c,2026-06-01T07:30:00Z,2026-06-01T09:30:00+0200,-280.88,EUR/MWh,FR,FR,imbalance_price,Short,2026-06-07T17:42:53Z
2026-06-07T17:41:56Z,2026-06-07T19:41:56+0200,9fbaedea-27ef-4990-85cf-49287850296c,2026-06-01T07:45:00Z,2026-06-01T09:45:00+0200,-204.26,EUR/MWh,FR,FR,imbalance_price,Long,2026-06-07T17:42:53Z
2026-06-07T17:41:56Z,2026-06-07T19:41:56+0200,9fbaedea-27ef-4990-85cf-49287850296c,2026-06-01T07:45:00Z,2026-06-01T09:45:00+0200,-177.9,EUR/MWh,FR,FR,imbalance_price,Short,2026-06-07T17:42:53Z
2026-06-07T17:41:56Z,2026-06-07T19:41:56+0200,9fbaedea-27ef-4990-85cf-49287850296c,2026-06-01T08:00:00Z,2026-06-01T10:00:00+0200,-431.26,EUR/MWh,FR,FR,imbalance_price,Long,2026-06-07T17:42:53Z
2026-06-07T17:41:56Z,2026-06-07T19:41:56+0200,9fbaedea-27ef-4990-85cf-49287850296c,2026-06-01T08:00:00Z,2026-06-01T10:00:00+0200,-375.58,EUR/MWh,FR,FR,imbalance_price,Short,2026-06-07T17:42:53Z
2026-06-07T17:41:56Z,2026-06-07T19:41:56+0200,9fbaedea-27ef-4990-85cf-49287850296c,2026-06-01T08:15:00Z,2026-06-01T10:15:00+0200,-217.3,EUR/MWh,FR,FR,imbalance_price,Long,2026-06-07T17:42:53Z
2026-06-07T17:41:56Z,2026-06-07T19:41:56+0200,9fbaedea-27ef-4990-85cf-49287850296c,2026-06-01T08:15:00Z,2026-06-01T10:15:00+0200,-189.24,EUR/MWh,FR,FR,imbalance_price,Short,2026-06-07T17:42:53Z
2026-06-07T17:41:56Z,2026-06-07T19:41:56+0200,9fbaedea-27ef-4990-85cf-49287850296c,2026-06-01T08:30:00Z,2026-06-01T10:30:00+0200,-285.65,EUR/MWh,FR,FR,imbalance_price,Long,2026-06-07T17:42:53Z
2026-06-07T17:41:56Z,2026-06-07T19:41:56+0200,9fbaedea-27ef-4990-85cf-49287850296c,2026-06-01T08:30:00Z,2026-06-01T10:30:00+0200,-248.77,EUR/MWh,FR,FR,imbalance_price,Short,2026-06-07T17:42:53Z
2026-06-07T17:41:56Z,2026-06-07T19:41:56+0200,9fbaedea-27ef-4990-85cf-49287850296c,2026-06-01T08:45:00Z,2026-06-01T10:45:00+0200,-115.83,EUR/MWh,FR,FR,imbalance_price,Long,2026-06-07T17:42:53Z
2026-06-07T17:41:56Z,2026-06-07T19:41:56+0200,9fbaedea-27ef-4990-85cf-49287850296c,2026-06-01T08:45:00Z,2026-06-01T10:45:00+0200,-100.87,EUR/MWh,FR,FR,imbalance_price,Short,2026-06-07T17:42:53Z
2026-06-07T17:41:56Z,2026-06-07T19:41:56+0200,9fbaedea-27ef-4990-85cf-49287850296c,2026-06-01T09:00:00Z,2026-06-01T11:00:00+0200,6.41,EUR/MWh,FR,FR,imbalance_price,Long,2026-06-07T17:42:53Z
2026-06-07T17:41:56Z,2026-06-07T19:41:56+0200,9fbaedea-27ef-4990-85cf-49287850296c,2026-06-01T09:00:00Z,2026-06-01T11:00:00+0200,7.37,EUR/MWh,FR,FR,imbalance_price,Short,2026-06-07T17:42:53Z
2026-06-07T17:41:56Z,2026-06-07T19:41:56+0200,9fbaedea-27ef-4990-85cf-49287850296c,2026-06-01T09:15:00Z,2026-06-01T11:15:00+0200,12.0,EUR/MWh,FR,FR,imbalance_price,Long,2026-06-07T17:42:53Z
2026-06-07T17:41:56Z,2026-06-07T19:41:56+0200,9fbaedea-27ef-4990-85cf-49287850296c,2026-06-01T09:15:00Z,2026-06-01T11:15:00+0200,13.78,EUR/MWh,FR,FR,imbalance_price,Short,2026-06-07T17:42:53Z
2026-06-07T17:41:56Z,2026-06-07T19:41:56+0200,9fbaedea-27ef-4990-85cf-49287850296c,2026-06-01T09:30:00Z,2026-06-01T11:30:00+0200,5.83,EUR/MWh,FR,FR,imbalance_price,Long,2026-06-07T17:42:53Z
2026-06-07T17:41:56Z,2026-06-07T19:41:56+0200,9fbaedea-27ef-4990-85cf-49287850296c,2026-06-01T09:30:00Z,2026-06-01T11:30:00+0200,6.69,EUR/MWh,FR,FR,imbalance_price,Short,2026-06-07T17:42:53Z
2026-06-07T17:41:56Z,2026-06-07T19:41:56+0200,9fbaedea-27ef-4990-85cf-49287850296c,2026-06-01T09:45:00Z,2026-06-01T11:45:00+0200,6.33,EUR/MWh,FR,FR,imbalance_price,Long,2026-06-07T17:42:53Z
2026-06-07T17:41:56Z,2026-06-07T19:41:56+0200,9fbaedea-27ef-4990-85cf-49287850296c,2026-06-01T09:45:00Z,2026-06-01T11:45:00+0200,7.27,EUR/MWh,FR,FR,imbalance_price,Short,2026-06-07T17:42:53Z
2026-06-07T17:41:56Z,2026-06-07T19:41:56+0200,9fbaedea-27ef-4990-85cf-49287850296c,2026-06-01T10:00:00Z,2026-06-01T12:00:00+0200,13.65,EUR/MWh,FR,FR,imbalance_price,Long,2026-06-07T17:42:53Z
2026-06-07T17:41:56Z,2026-06-07T19:41:56+0200,9fbaedea-27ef-4990-85cf-49287850296c,2026-06-01T10:00:00Z,2026-06-01T12:00:00+0200,15.67,EUR/MWh,FR,FR,imbalance_price,Short,2026-06-07T17:42:53Z
2026-06-07T17:41:56Z,2026-06-07T19:41:56+0200,9fbaedea-27ef-4990-85cf-49287850296c,2026-06-01T10:15:00Z,2026-06-01T12:15:00+0200,12.35,EUR/MWh,FR,FR,imbalance_price,Long,2026-06-07T17:42:53Z
2026-06-07T17:41:56Z,2026-06-07T19:41:56+0200,9fbaedea-27ef-4990-85cf-49287850296c,2026-06-01T10:15:00Z,2026-06-01T12:15:00+0200,14.19,EUR/MWh,FR,FR,imbalance_price,Short,2026-06-07T17:42:53Z
2026-06-07T17:41:56Z,2026-06-07T19:41:56+0200,9fbaedea-27ef-4990-85cf-49287850296c,2026-06-01T10:30:00Z,2026-06-01T12:30:00+0200,44.73,EUR/MWh,FR,FR,imbalance_price,Long,2026-06-07T17:42:53Z
2026-06-07T17:41:56Z,2026-06-07T19:41:56+0200,9fbaedea-27ef-4990-85cf-49287850296c,2026-06-01T10:30:00Z,2026-06-01T12:30:00+0200,51.35,EUR/MWh,FR,FR,imbalance_price,Short,2026-06-07T17:42:53Z
2026-06-07T17:41:56Z,2026-06-07T19:41:56+0200,9fbaedea-27ef-4990-85cf-49287850296c,2026-06-01T10:45:00Z,2026-06-01T12:45:00+0200,31.05,EUR/MWh,FR,FR,imbalance_price,Long,2026-06-07T17:42:53Z
2026-06-07T17:41:56Z,2026-06-07T19:41:56+0200,9fbaedea-27ef-4990-85cf-49287850296c,2026-06-01T10:45:00Z,2026-06-01T12:45:00+0200,35.65,EUR/MWh,FR,FR,imbalance_price,Short,2026-06-07T17:42:53Z
2026-06-07T17:41:56Z,2026-06-07T19:41:56+0200,9fbaedea-27ef-4990-85cf-49287850296c,2026-06-01T11:00:00Z,2026-06-01T13:00:00+0200,44.93,EUR/MWh,FR,FR,imbalance_price,Long,2026-06-07T17:42:53Z
2026-06-07T17:41:56Z,2026-06-07T19:41:56+0200,9fbaedea-27ef-4990-85cf-49287850296c,2026-06-01T11:00:00Z,2026-06-01T13:00:00+0200,51.59,EUR/MWh,FR,FR,imbalance_price,Short,2026-06-07T17:42:53Z
2026-06-07T17:41:56Z,2026-06-07T19:41:56+0200,9fbaedea-27ef-4990-85cf-49287850296c,2026-06-01T11:15:00Z,2026-06-01T13:15:00+0200,21.3,EUR/MWh,FR,FR,imbalance_price,Long,2026-06-07T17:42:53Z
2026-06-07T17:41:56Z,2026-06-07T19:41:56+0200,9fbaedea-27ef-4990-85cf-49287850296c,2026-06-01T11:15:00Z,2026-06-01T13:15:00+0200,24.46,EUR/MWh,FR,FR,imbalance_price,Short,2026-06-07T17:42:53Z
2026-06-07T17:41:56Z,2026-06-07T19:41:56+0200,9fbaedea-27ef-4990-85cf-49287850296c,2026-06-01T11:30:00Z,2026-06-01T13:30:00+0200,26.41,EUR/MWh,FR,FR,imbalance_price,Long,2026-06-07T17:42:53Z
2026-06-07T17:41:56Z,2026-06-07T19:41:56+0200,9fbaedea-27ef-4990-85cf-49287850296c,2026-06-01T11:30:00Z,2026-06-01T13:30:00+0200,30.33,EUR/MWh,FR,FR,imbalance_price,Short,2026-06-07T17:42:53Z
2026-06-07T17:41:56Z,2026-06-07T19:41:56+0200,9fbaedea-27ef-4990-85cf-49287850296c,2026-06-01T11:45:00Z,2026-06-01T13:45:00+0200,23.72,EUR/MWh,FR,FR,imbalance_price,Long,2026-06-07T17:42:53Z
2026-06-07T17:41:56Z,2026-06-07T19:41:56+0200,9fbaedea-27ef-4990-85cf-49287850296c,2026-06-01T11:45:00Z,2026-06-01T13:45:00+0200,27.24,EUR/MWh,FR,FR,imbalance_price,Short,2026-06-07T17:42:53Z
2026-06-07T17:41:56Z,2026-06-07T19:41:56+0200,9fbaedea-27ef-4990-85cf-49287850296c,2026-06-01T12:00:00Z,2026-06-01T14:00:00+0200,72.83,EUR/MWh,FR,FR,imbalance_price,Long,2026-06-07T17:42:53Z
2026-06-07T17:41:56Z,2026-06-07T19:41:56+0200,9fbaedea-27ef-4990-85cf-49287850296c,2026-06-01T12:00:00Z,2026-06-01T14:00:00+0200,83.63,EUR/MWh,FR,FR,imbalance_price,Short,2026-06-07T17:42:53Z
2026-06-07T17:41:56Z,2026-06-07T19:41:56+0200,9fbaedea-27ef-4990-85cf-49287850296c,2026-06-01T12:15:00Z,2026-06-01T14:15:00+0200,32.62,EUR/MWh,FR,FR,imbalance_price,Long,2026-06-07T17:42:53Z
2026-06-07T17:41:56Z,2026-06-07T19:41:56+0200,9fbaedea-27ef-4990-85cf-49287850296c,2026-06-01T12:15:00Z,2026-06-01T14:15:00+0200,37.46,EUR/MWh,FR,FR,imbalance_price,Short,2026-06-07T17:42:53Z
2026-06-07T17:41:56Z,2026-06-07T19:41:56+0200,9fbaedea-27ef-4990-85cf-49287850296c,2026-06-01T12:30:00Z,2026-06-01T14:30:00+0200,7.64,EUR/MWh,FR,FR,imbalance_price,Long,2026-06-07T17:42:53Z
2026-06-07T17:41:56Z,2026-06-07T19:41:56+0200,9fbaedea-27ef-4990-85cf-49287850296c,2026-06-01T12:30:00Z,2026-06-01T14:30:00+0200,8.78,EUR/MWh,FR,FR,imbalance_price,Short,2026-06-07T17:42:53Z
2026-06-07T17:41:56Z,2026-06-07T19:41:56+0200,9fbaedea-27ef-4990-85cf-49287850296c,2026-06-01T12:45:00Z,2026-06-01T14:45:00+0200,8.3,EUR/MWh,FR,FR,imbalance_price,Long,2026-06-07T17:42:53Z
2026-06-07T17:41:56Z,2026-06-07T19:41:56+0200,9fbaedea-27ef-4990-85cf-49287850296c,2026-06-01T12:45:00Z,2026-06-01T14:45:00+0200,9.52,EUR/MWh,FR,FR,imbalance_price,Short,2026-06-07T17:42:53Z
2026-06-07T17:41:56Z,2026-06-07T19:41:56+0200,9fbaedea-27ef-4990-85cf-49287850296c,2026-06-01T13:00:00Z,2026-06-01T15:00:00+0200,26.65,EUR/MWh,FR,FR,imbalance_price,Long,2026-06-07T17:42:53Z
2026-06-07T17:41:56Z,2026-06-07T19:41:56+0200,9fbaedea-27ef-4990-85cf-49287850296c,2026-06-01T13:00:00Z,2026-06-01T15:00:00+0200,30.61,EUR/MWh,FR,FR,imbalance_price,Short,2026-06-07T17:42:53Z
2026-06-07T17:41:56Z,2026-06-07T19:41:56+0200,9fbaedea-27ef-4990-85cf-49287850296c,2026-06-01T13:15:00Z,2026-06-01T15:15:00+0200,27.42,EUR/MWh,FR,FR,imbalance_price,Long,2026-06-07T17:42:53Z
2026-06-07T17:41:56Z,2026-06-07T19:41:56+0200,9fbaedea-27ef-4990-85cf-49287850296c,2026-06-01T13:15:00Z,2026-06-01T15:15:00+0200,31.48,EUR/MWh,FR,FR,imbalance_price,Short,2026-06-07T17:42:53Z
2026-06-07T17:41:56Z,2026-06-07T19:41:56+0200,9fbaedea-27ef-4990-85cf-49287850296c,2026-06-01T13:30:00Z,2026-06-01T15:30:00+0200,22.47,EUR/MWh,FR,FR,imbalance_price,Long,2026-06-07T17:42:53Z
2026-06-07T17:41:56Z,2026-06-07T19:41:56+0200,9fbaedea-27ef-4990-85cf-49287850296c,2026-06-01T13:30:00Z,2026-06-01T15:30:00+0200,25.79,EUR/MWh,FR,FR,imbalance_price,Short,2026-06-07T17:42:53Z
2026-06-07T17:41:56Z,2026-06-07T19:41:56+0200,9fbaedea-27ef-4990-85cf-49287850296c,2026-06-01T13:45:00Z,2026-06-01T15:45:00+0200,11.91,EUR/MWh,FR,FR,imbalance_price,Long,2026-06-07T17:42:53Z
2026-06-07T17:41:56Z,2026-06-07T19:41:56+0200,9fbaedea-27ef-4990-85cf-49287850296c,2026-06-01T13:45:00Z,2026-06-01T15:45:00+0200,13.67,EUR/MWh,FR,FR,imbalance_price,Short,2026-06-07T17:42:53Z
2026-06-07T17:41:56Z,2026-06-07T19:41:56+0200,9fbaedea-27ef-4990-85cf-49287850296c,2026-06-01T14:00:00Z,2026-06-01T16:00:00+0200,9.42,EUR/MWh,FR,FR,imbalance_price,Long,2026-06-07T17:42:53Z
2026-06-07T17:41:56Z,2026-06-07T19:41:56+0200,9fbaedea-27ef-4990-85cf-49287850296c,2026-06-01T14:00:00Z,2026-06-01T16:00:00+0200,10.82,EUR/MWh,FR,FR,imbalance_price,Short,2026-06-07T17:42:53Z
2026-06-07T17:41:56Z,2026-06-07T19:41:56+0200,9fbaedea-27ef-4990-85cf-49287850296c,2026-06-01T14:15:00Z,2026-06-01T16:15:00+0200,13.19,EUR/MWh,FR,FR,imbalance_price,Long,2026-06-07T17:42:53Z
2026-06-07T17:41:56Z,2026-06-07T19:41:56+0200,9fbaedea-27ef-4990-85cf-49287850296c,2026-06-01T14:15:00Z,2026-06-01T16:15:00+0200,15.15,EUR/MWh,FR,FR,imbalance_price,Short,2026-06-07T17:42:53Z
2026-06-07T17:41:56Z,2026-06-07T19:41:56+0200,9fbaedea-27ef-4990-85cf-49287850296c,2026-06-01T14:30:00Z,2026-06-01T16:30:00+0200,15.29,EUR/MWh,FR,FR,imbalance_price,Long,2026-06-07T17:42:53Z
2026-06-07T17:41:56Z,2026-06-07T19:41:56+0200,9fbaedea-27ef-4990-85cf-49287850296c,2026-06-01T14:30:00Z,2026-06-01T16:30:00+0200,17.55,EUR/MWh,FR,FR,imbalance_price,Short,2026-06-07T17:42:53Z
2026-06-07T17:41:56Z,2026-06-07T19:41:56+0200,9fbaedea-27ef-4990-85cf-49287850296c,2026-06-01T14:45:00Z,2026-06-01T16:45:00+0200,13.84,EUR/MWh,FR,FR,imbalance_price,Long,2026-06-07T17:42:53Z
2026-06-07T17:41:56Z,2026-06-07T19:41:56+0200,9fbaedea-27ef-4990-85cf-49287850296c,2026-06-01T14:45:00Z,2026-06-01T16:45:00+0200,15.9,EUR/MWh,FR,FR,imbalance_price,Short,2026-06-07T17:42:53Z
2026-06-07T17:41:56Z,2026-06-07T19:41:56+0200,9fbaedea-27ef-4990-85cf-49287850296c,2026-06-01T15:00:00Z,2026-06-01T17:00:00+0200,15.25,EUR/MWh,FR,FR,imbalance_price,Long,2026-06-07T17:42:53Z
2026-06-07T17:41:56Z,2026-06-07T19:41:56+0200,9fbaedea-27ef-4990-85cf-49287850296c,2026-06-01T15:00:00Z,2026-06-01T17:00:00+0200,17.51,EUR/MWh,FR,FR,imbalance_price,Short,2026-06-07T17:42:53Z
2026-06-07T17:41:56Z,2026-06-07T19:41:56+0200,9fbaedea-27ef-4990-85cf-49287850296c,2026-06-01T15:15:00Z,2026-06-01T17:15:00+0200,15.25,EUR/MWh,FR,FR,imbalance_price,Long,2026-06-07T17:42:53Z
2026-06-07T17:41:56Z,2026-06-07T19:41:56+0200,9fbaedea-27ef-4990-85cf-49287850296c,2026-06-01T15:15:00Z,2026-06-01T17:15:00+0200,17.51,EUR/MWh,FR,FR,imbalance_price,Short,2026-06-07T17:42:53Z
2026-06-07T17:41:56Z,2026-06-07T19:41:56+0200,9fbaedea-27ef-4990-85cf-49287850296c,2026-06-01T15:30:00Z,2026-06-01T17:30:00+0200,15.45,EUR/MWh,FR,FR,imbalance_price,Long,2026-06-07T17:42:53Z
2026-06-07T17:41:56Z,2026-06-07T19:41:56+0200,9fbaedea-27ef-4990-85cf-49287850296c,2026-06-01T15:30:00Z,2026-06-01T17:30:00+0200,17.75,EUR/MWh,FR,FR,imbalance_price,Short,2026-06-07T17:42:53Z
2026-06-07T17:41:56Z,2026-06-07T19:41:56+0200,9fbaedea-27ef-4990-85cf-49287850296c,2026-06-01T15:45:00Z,2026-06-01T17:45:00+0200,14.8,EUR/MWh,FR,FR,imbalance_price,Long,2026-06-07T17:42:53Z
2026-06-07T17:41:56Z,2026-06-07T19:41:56+0200,9fbaedea-27ef-4990-85cf-49287850296c,2026-06-01T15:45:00Z,2026-06-01T17:45:00+0200,17.0,EUR/MWh,FR,FR,imbalance_price,Short,2026-06-07T17:42:53Z
2026-06-07T17:41:56Z,2026-06-07T19:41:56+0200,9fbaedea-27ef-4990-85cf-49287850296c,2026-06-01T16:00:00Z,2026-06-01T18:00:00+0200,9.61,EUR/MWh,FR,FR,imbalance_price,Long,2026-06-07T17:42:53Z
2026-06-07T17:41:56Z,2026-06-07T19:41:56+0200,9fbaedea-27ef-4990-85cf-49287850296c,2026-06-01T16:00:00Z,2026-06-01T18:00:00+0200,11.03,EUR/MWh,FR,FR,imbalance_price,Short,2026-06-07T17:42:53Z
2026-06-07T17:41:56Z,2026-06-07T19:41:56+0200,9fbaedea-27ef-4990-85cf-49287850296c,2026-06-01T16:15:00Z,2026-06-01T18:15:00+0200,18.33,EUR/MWh,FR,FR,imbalance_price,Long,2026-06-07T17:42:53Z
2026-06-07T17:41:56Z,2026-06-07T19:41:56+0200,9fbaedea-27ef-4990-85cf-49287850296c,2026-06-01T16:15:00Z,2026-06-01T18:15:00+0200,21.05,EUR/MWh,FR,FR,imbalance_price,Short,2026-06-07T17:42:53Z
2026-06-07T17:41:56Z,2026-06-07T19:41:56+0200,9fbaedea-27ef-4990-85cf-49287850296c,2026-06-01T16:30:00Z,2026-06-01T18:30:00+0200,73.01,EUR/MWh,FR,FR,imbalance_price,Long,2026-06-07T17:42:53Z
2026-06-07T17:41:56Z,2026-06-07T19:41:56+0200,9fbaedea-27ef-4990-85cf-49287850296c,2026-06-01T16:30:00Z,2026-06-01T18:30:00+0200,83.83,EUR/MWh,FR,FR,imbalance_price,Short,2026-06-07T17:42:53Z
2026-06-07T17:41:56Z,2026-06-07T19:41:56+0200,9fbaedea-27ef-4990-85cf-49287850296c,2026-06-01T16:45:00Z,2026-06-01T18:45:00+0200,92.9,EUR/MWh,FR,FR,imbalance_price,Long,2026-06-07T17:42:53Z
2026-06-07T17:41:56Z,2026-06-07T19:41:56+0200,9fbaedea-27ef-4990-85cf-49287850296c,2026-06-01T16:45:00Z,2026-06-01T18:45:00+0200,106.66,EUR/MWh,FR,FR,imbalance_price,Short,2026-06-07T17:42:53Z
2026-06-07T17:41:56Z,2026-06-07T19:41:56+0200,9fbaedea-27ef-4990-85cf-49287850296c,2026-06-01T17:00:00Z,2026-06-01T19:00:00+0200,60.16,EUR/MWh,FR,FR,imbalance_price,Long,2026-06-07T17:42:53Z
2026-06-07T17:41:56Z,2026-06-07T19:41:56+0200,9fbaedea-27ef-4990-85cf-49287850296c,2026-06-01T17:00:00Z,2026-06-01T19:00:00+0200,69.08,EUR/MWh,FR,FR,imbalance_price,Short,2026-06-07T17:42:53Z
2026-06-07T17:41:56Z,2026-06-07T19:41:56+0200,9fbaedea-27ef-4990-85cf-49287850296c,2026-06-01T17:15:00Z,2026-06-01T19:15:00+0200,45.9,EUR/MWh,FR,FR,imbalance_price,Long,2026-06-07T17:42:53Z
2026-06-07T17:41:56Z,2026-06-07T19:41:56+0200,9fbaedea-27ef-4990-85cf-49287850296c,2026-06-01T17:15:00Z,2026-06-01T19:15:00+0200,52.7,EUR/MWh,FR,FR,imbalance_price,Short,2026-06-07T17:42:53Z
2026-06-07T17:41:56Z,2026-06-07T19:41:56+0200,9fbaedea-27ef-4990-85cf-49287850296c,2026-06-01T17:30:00Z,2026-06-01T19:30:00+0200,18.01,EUR/MWh,FR,FR,imbalance_price,Long,2026-06-07T17:42:53Z
2026-06-07T17:41:56Z,2026-06-07T19:41:56+0200,9fbaedea-27ef-4990-85cf-49287850296c,2026-06-01T17:30:00Z,2026-06-01T19:30:00+0200,20.69,EUR/MWh,FR,FR,imbalance_price,Short,2026-06-07T17:42:53Z
2026-06-07T17:41:56Z,2026-06-07T19:41:56+0200,9fbaedea-27ef-4990-85cf-49287850296c,2026-06-01T17:45:00Z,2026-06-01T19:45:00+0200,34.28,EUR/MWh,FR,FR,imbalance_price,Long,2026-06-07T17:42:53Z
2026-06-07T17:41:56Z,2026-06-07T19:41:56+0200,9fbaedea-27ef-4990-85cf-49287850296c,2026-06-01T17:45:00Z,2026-06-01T19:45:00+0200,39.36,EUR/MWh,FR,FR,imbalance_price,Short,2026-06-07T17:42:53Z
2026-06-07T17:41:56Z,2026-06-07T19:41:56+0200,9fbaedea-27ef-4990-85cf-49287850296c,2026-06-01T18:00:00Z,2026-06-01T20:00:00+0200,67.3,EUR/MWh,FR,FR,imbalance_price,Long,2026-06-07T17:42:53Z
2026-06-07T17:41:56Z,2026-06-07T19:41:56+0200,9fbaedea-27ef-4990-85cf-49287850296c,2026-06-01T18:00:00Z,2026-06-01T20:00:00+0200,77.28,EUR/MWh,FR,FR,imbalance_price,Short,2026-06-07T17:42:53Z
2026-06-07T17:41:56Z,2026-06-07T19:41:56+0200,9fbaedea-27ef-4990-85cf-49287850296c,2026-06-01T18:15:00Z,2026-06-01T20:15:00+0200,96.59,EUR/MWh,FR,FR,imbalance_price,Long,2026-06-07T17:42:53Z
2026-06-07T17:41:56Z,2026-06-07T19:41:56+0200,9fbaedea-27ef-4990-85cf-49287850296c,2026-06-01T18:15:00Z,2026-06-01T20:15:00+0200,110.91,EUR/MWh,FR,FR,imbalance_price,Short,2026-06-07T17:42:53Z
2026-06-07T17:41:56Z,2026-06-07T19:41:56+0200,9fbaedea-27ef-4990-85cf-49287850296c,2026-06-01T18:30:00Z,2026-06-01T20:30:00+0200,110.87,EUR/MWh,FR,FR,imbalance_price,Long,2026-06-07T17:42:53Z
2026-06-07T17:41:56Z,2026-06-07T19:41:56+0200,9fbaedea-27ef-4990-85cf-49287850296c,2026-06-01T18:30:00Z,2026-06-01T20:30:00+0200,127.31,EUR/MWh,FR,FR,imbalance_price,Short,2026-06-07T17:42:53Z
2026-06-07T17:41:56Z,2026-06-07T19:41:56+0200,9fbaedea-27ef-4990-85cf-49287850296c,2026-06-01T18:45:00Z,2026-06-01T20:45:00+0200,31.86,EUR/MWh,FR,FR,imbalance_price,Long,2026-06-07T17:42:53Z
2026-06-07T17:41:56Z,2026-06-07T19:41:56+0200,9fbaedea-27ef-4990-85cf-49287850296c,2026-06-01T18:45:00Z,2026-06-01T20:45:00+0200,36.58,EUR/MWh,FR,FR,imbalance_price,Short,2026-06-07T17:42:53Z
2026-06-07T17:41:56Z,2026-06-07T19:41:56+0200,9fbaedea-27ef-4990-85cf-49287850296c,2026-06-01T19:00:00Z,2026-06-01T21:00:00+0200,124.97,EUR/MWh,FR,FR,imbalance_price,Long,2026-06-07T17:42:53Z
2026-06-07T17:41:56Z,2026-06-07T19:41:56+0200,9fbaedea-27ef-4990-85cf-49287850296c,2026-06-01T19:00:00Z,2026-06-01T21:00:00+0200,143.49,EUR/MWh,FR,FR,imbalance_price,Short,2026-06-07T17:42:53Z
2026-06-07T17:41:56Z,2026-06-07T19:41:56+0200,9fbaedea-27ef-4990-85cf-49287850296c,2026-06-01T19:15:00Z,2026-06-01T21:15:00+0200,96.14,EUR/MWh,FR,FR,imbalance_price,Long,2026-06-07T17:42:53Z
2026-06-07T17:41:56Z,2026-06-07T19:41:56+0200,9fbaedea-27ef-4990-85cf-49287850296c,2026-06-01T19:15:00Z,2026-06-01T21:15:00+0200,110.4,EUR/MWh,FR,FR,imbalance_price,Short,2026-06-07T17:42:53Z
2026-06-07T17:41:56Z,2026-06-07T19:41:56+0200,9fbaedea-27ef-4990-85cf-49287850296c,2026-06-01T19:30:00Z,2026-06-01T21:30:00+0200,141.28,EUR/MWh,FR,FR,imbalance_price,Long,2026-06-07T17:42:53Z
2026-06-07T17:41:56Z,2026-06-07T19:41:56+0200,9fbaedea-27ef-4990-85cf-49287850296c,2026-06-01T19:30:00Z,2026-06-01T21:30:00+0200,162.22,EUR/MWh,FR,FR,imbalance_price,Short,2026-06-07T17:42:53Z
2026-06-07T17:41:56Z,2026-06-07T19:41:56+0200,9fbaedea-27ef-4990-85cf-49287850296c,2026-06-01T19:45:00Z,2026-06-01T21:45:00+0200,94.61,EUR/MWh,FR,FR,imbalance_price,Long,2026-06-07T17:42:53Z
2026-06-07T17:41:56Z,2026-06-07T19:41:56+0200,9fbaedea-27ef-4990-85cf-49287850296c,2026-06-01T19:45:00Z,2026-06-01T21:45:00+0200,108.63,EUR/MWh,FR,FR,imbalance_price,Short,2026-06-07T17:42:53Z
2026-06-07T17:41:56Z,2026-06-07T19:41:56+0200,9fbaedea-27ef-4990-85cf-49287850296c,2026-06-01T20:00:00Z,2026-06-01T22:00:00+0200,135.66,EUR/MWh,FR,FR,imbalance_price,Long,2026-06-07T17:42:53Z
2026-06-07T17:41:56Z,2026-06-07T19:41:56+0200,9fbaedea-27ef-4990-85cf-49287850296c,2026-06-01T20:00:00Z,2026-06-01T22:00:00+0200,155.76,EUR/MWh,FR,FR,imbalance_price,Short,2026-06-07T17:42:53Z
2026-06-07T17:41:56Z,2026-06-07T19:41:56+0200,9fbaedea-27ef-4990-85cf-49287850296c,2026-06-01T20:15:00Z,2026-06-01T22:15:00+0200,165.87,EUR/MWh,FR,FR,imbalance_price,Long,2026-06-07T17:42:53Z
2026-06-07T17:41:56Z,2026-06-07T19:41:56+0200,9fbaedea-27ef-4990-85cf-49287850296c,2026-06-01T20:15:00Z,2026-06-01T22:15:00+0200,190.45,EUR/MWh,FR,FR,imbalance_price,Short,2026-06-07T17:42:53Z
2026-06-07T17:41:56Z,2026-06-07T19:41:56+0200,9fbaedea-27ef-4990-85cf-49287850296c,2026-06-01T20:30:00Z,2026-06-01T22:30:00+0200,152.17,EUR/MWh,FR,FR,imbalance_price,Long,2026-06-07T17:42:53Z
2026-06-07T17:41:56Z,2026-06-07T19:41:56+0200,9fbaedea-27ef-4990-85cf-49287850296c,2026-06-01T20:30:00Z,2026-06-01T22:30:00+0200,174.73,EUR/MWh,FR,FR,imbalance_price,Short,2026-06-07T17:42:53Z
2026-06-07T17:41:56Z,2026-06-07T19:41:56+0200,9fbaedea-27ef-4990-85cf-49287850296c,2026-06-01T20:45:00Z,2026-06-01T22:45:00+0200,145.26,EUR/MWh,FR,FR,imbalance_price,Long,2026-06-07T17:42:53Z
2026-06-07T17:41:56Z,2026-06-07T19:41:56+0200,9fbaedea-27ef-4990-85cf-49287850296c,2026-06-01T20:45:00Z,2026-06-01T22:45:00+0200,166.8,EUR/MWh,FR,FR,imbalance_price,Short,2026-06-07T17:42:53Z
2026-06-07T17:41:56Z,2026-06-07T19:41:56+0200,9fbaedea-27ef-4990-85cf-49287850296c,2026-06-01T21:00:00Z,2026-06-01T23:00:00+0200,72.48,EUR/MWh,FR,FR,imbalance_price,Long,2026-06-07T17:42:53Z
2026-06-07T17:41:56Z,2026-06-07T19:41:56+0200,9fbaedea-27ef-4990-85cf-49287850296c,2026-06-01T21:00:00Z,2026-06-01T23:00:00+0200,83.22,EUR/MWh,FR,FR,imbalance_price,Short,2026-06-07T17:42:53Z
2026-06-07T17:41:56Z,2026-06-07T19:41:56+0200,9fbaedea-27ef-4990-85cf-49287850296c,2026-06-01T21:15:00Z,2026-06-01T23:15:00+0200,65.73,EUR/MWh,FR,FR,imbalance_price,Long,2026-06-07T17:42:53Z
2026-06-07T17:41:56Z,2026-06-07T19:41:56+0200,9fbaedea-27ef-4990-85cf-49287850296c,2026-06-01T21:15:00Z,2026-06-01T23:15:00+0200,75.47,EUR/MWh,FR,FR,imbalance_price,Short,2026-06-07T17:42:53Z
2026-06-07T17:41:56Z,2026-06-07T19:41:56+0200,9fbaedea-27ef-4990-85cf-49287850296c,2026-06-01T21:30:00Z,2026-06-01T23:30:00+0200,36.32,EUR/MWh,FR,FR,imbalance_price,Long,2026-06-07T17:42:53Z
2026-06-07T17:41:56Z,2026-06-07T19:41:56+0200,9fbaedea-27ef-4990-85cf-49287850296c,2026-06-01T21:30:00Z,2026-06-01T23:30:00+0200,41.7,EUR/MWh,FR,FR,imbalance_price,Short,2026-06-07T17:42:53Z
2026-06-07T17:41:56Z,2026-06-07T19:41:56+0200,9fbaedea-27ef-4990-85cf-49287850296c,2026-06-01T21:45:00Z,2026-06-01T23:45:00+0200,14.0,EUR/MWh,FR,FR,imbalance_price,Long,2026-06-07T17:42:53Z
2026-06-07T17:41:56Z,2026-06-07T19:41:56+0200,9fbaedea-27ef-4990-85cf-49287850296c,2026-06-01T21:45:00Z,2026-06-01T23:45:00+0200,16.08,EUR/MWh,FR,FR,imbalance_price,Short,2026-06-07T17:42:53Z
2026-06-07T17:41:56Z,2026-06-07T19:41:56+0200,9fbaedea-27ef-4990-85cf-49287850296c,2026-06-01T22:00:00Z,2026-06-02T00:00:00+0200,371.31,EUR/MWh,FR,FR,imbalance_price,Long,2026-06-07T17:42:53Z
2026-06-07T17:41:56Z,2026-06-07T19:41:56+0200,9fbaedea-27ef-4990-85cf-49287850296c,2026-06-01T22:00:00Z,2026-06-02T00:00:00+0200,426.35,EUR/MWh,FR,FR,imbalance_price,Short,2026-06-07T17:42:53Z
2026-06-07T17:41:56Z,2026-06-07T19:41:56+0200,9fbaedea-27ef-4990-85cf-49287850296c,2026-06-01T22:15:00Z,2026-06-02T00:15:00+0200,346.69,EUR/MWh,FR,FR,imbalance_price,Long,2026-06-07T17:42:53Z
2026-06-07T17:41:56Z,2026-06-07T19:41:56+0200,9fbaedea-27ef-4990-85cf-49287850296c,2026-06-01T22:15:00Z,2026-06-02T00:15:00+0200,398.07,EUR/MWh,FR,FR,imbalance_price,Short,2026-06-07T17:42:53Z
2026-06-07T17:41:56Z,2026-06-07T19:41:56+0200,9fbaedea-27ef-4990-85cf-49287850296c,2026-06-01T22:30:00Z,2026-06-02T00:30:00+0200,270.19,EUR/MWh,FR,FR,imbalance_price,Long,2026-06-07T17:42:53Z
2026-06-07T17:41:56Z,2026-06-07T19:41:56+0200,9fbaedea-27ef-4990-85cf-49287850296c,2026-06-01T22:30:00Z,2026-06-02T00:30:00+0200,310.23,EUR/MWh,FR,FR,imbalance_price,Short,2026-06-07T17:42:53Z
2026-06-07T17:41:56Z,2026-06-07T19:41:56+0200,9fbaedea-27ef-4990-85cf-49287850296c,2026-06-01T22:45:00Z,2026-06-02T00:45:00+0200,84.99,EUR/MWh,FR,FR,imbalance_price,Long,2026-06-07T17:42:53Z
2026-06-07T17:41:56Z,2026-06-07T19:41:56+0200,9fbaedea-27ef-4990-85cf-49287850296c,2026-06-01T22:45:00Z,2026-06-02T00:45:00+0200,97.59,EUR/MWh,FR,FR,imbalance_price,Short,2026-06-07T17:42:53Z
2026-06-07T17:41:56Z,2026-06-07T19:41:56+0200,9fbaedea-27ef-4990-85cf-49287850296c,2026-06-01T23:00:00Z,2026-06-02T01:00:00+0200,123.28,EUR/MWh,FR,FR,imbalance_price,Long,2026-06-07T17:42:53Z
2026-06-07T17:41:56Z,2026-06-07T19:41:56+0200,9fbaedea-27ef-4990-85cf-49287850296c,2026-06-01T23:00:00Z,2026-06-02T01:00:00+0200,141.56,EUR/MWh,FR,FR,imbalance_price,Short,2026-06-07T17:42:53Z
2026-06-07T17:41:56Z,2026-06-07T19:41:56+0200,9fbaedea-27ef-4990-85cf-49287850296c,2026-06-01T23:15:00Z,2026-06-02T01:15:00+0200,118.94,EUR/MWh,FR,FR,imbalance_price,Long,2026-06-07T17:42:53Z
2026-06-07T17:41:56Z,2026-06-07T19:41:56+0200,9fbaedea-27ef-4990-85cf-49287850296c,2026-06-01T23:15:00Z,2026-06-02T01:15:00+0200,136.56,EUR/MWh,FR,FR,imbalance_price,Short,2026-06-07T17:42:53Z
2026-06-07T17:41:56Z,2026-06-07T19:41:56+0200,9fbaedea-27ef-4990-85cf-49287850296c,2026-06-01T23:30:00Z,2026-06-02T01:30:00+0200,132.62,EUR/MWh,FR,FR,imbalance_price,Long,2026-06-07T17:42:53Z
2026-06-07T17:41:56Z,2026-06-07T19:41:56+0200,9fbaedea-27ef-4990-85cf-49287850296c,2026-06-01T23:30:00Z,2026-06-02T01:30:00+0200,152.28,EUR/MWh,FR,FR,imbalance_price,Short,2026-06-07T17:42:53Z
2026-06-07T17:41:56Z,2026-06-07T19:41:56+0200,9fbaedea-27ef-4990-85cf-49287850296c,2026-06-01T23:45:00Z,2026-06-02T01:45:00+0200,139.8,EUR/MWh,FR,FR,imbalance_price,Long,2026-06-07T17:42:53Z
2026-06-07T17:41:56Z,2026-06-07T19:41:56+0200,9fbaedea-27ef-4990-85cf-49287850296c,2026-06-01T23:45:00Z,2026-06-02T01:45:00+0200,160.52,EUR/MWh,FR,FR,imbalance_price,Short,2026-06-07T17:42:53Z
2026-06-07T17:41:56Z,2026-06-07T19:41:56+0200,9fbaedea-27ef-4990-85cf-49287850296c,2026-06-02T00:00:00Z,2026-06-02T02:00:00+0200,137.07,EUR/MWh,FR,FR,imbalance_price,Long,2026-06-07T17:42:53Z
2026-06-07T17:41:56Z,2026-06-07T19:41:56+0200,9fbaedea-27ef-4990-85cf-49287850296c,2026-06-02T00:00:00Z,2026-06-02T02:00:00+0200,157.39,EUR/MWh,FR,FR,imbalance_price,Short,2026-06-07T17:42:53Z
2026-06-07T17:41:56Z,2026-06-07T19:41:56+0200,9fbaedea-27ef-4990-85cf-49287850296c,2026-06-02T00:15:00Z,2026-06-02T02:15:00+0200,137.52,EUR/MWh,FR,FR,imbalance_price,Long,2026-06-07T17:42:53Z
2026-06-07T17:41:56Z,2026-06-07T19:41:56+0200,9fbaedea-27ef-4990-85cf-49287850296c,2026-06-02T00:15:00Z,2026-06-02T02:15:00+0200,157.9,EUR/MWh,FR,FR,imbalance_price,Short,2026-06-07T17:42:53Z
2026-06-07T17:41:56Z,2026-06-07T19:41:56+0200,9fbaedea-27ef-4990-85cf-49287850296c,2026-06-02T00:30:00Z,2026-06-02T02:30:00+0200,139.31,EUR/MWh,FR,FR,imbalance_price,Long,2026-06-07T17:42:53Z
2026-06-07T17:41:56Z,2026-06-07T19:41:56+0200,9fbaedea-27ef-4990-85cf-49287850296c,2026-06-02T00:30:00Z,2026-06-02T02:30:00+0200,159.95,EUR/MWh,FR,FR,imbalance_price,Short,2026-06-07T17:42:53Z
2026-06-07T17:41:56Z,2026-06-07T19:41:56+0200,9fbaedea-27ef-4990-85cf-49287850296c,2026-06-02T00:45:00Z,2026-06-02T02:45:00+0200,139.31,EUR/MWh,FR,FR,imbalance_price,Long,2026-06-07T17:42:53Z
2026-06-07T17:41:56Z,2026-06-07T19:41:56+0200,9fbaedea-27ef-4990-85cf-49287850296c,2026-06-02T00:45:00Z,2026-06-02T02:45:00+0200,159.95,EUR/MWh,FR,FR,imbalance_price,Short,2026-06-07T17:42:53Z
2026-06-07T17:41:56Z,2026-06-07T19:41:56+0200,9fbaedea-27ef-4990-85cf-49287850296c,2026-06-02T01:00:00Z,2026-06-02T03:00:00+0200,138.37,EUR/MWh,FR,FR,imbalance_price,Long,2026-06-07T17:42:53Z
2026-06-07T17:41:56Z,2026-06-07T19:41:56+0200,9fbaedea-27ef-4990-85cf-49287850296c,2026-06-02T01:00:00Z,2026-06-02T03:00:00+0200,158.89,EUR/MWh,FR,FR,imbalance_price,Short,2026-06-07T17:42:53Z
2026-06-07T17:41:56Z,2026-06-07T19:41:56+0200,9fbaedea-27ef-4990-85cf-49287850296c,2026-06-02T01:15:00Z,2026-06-02T03:15:00+0200,137.02,EUR/MWh,FR,FR,imbalance_price,Long,2026-06-07T17:42:53Z
2026-06-07T17:41:56Z,2026-06-07T19:41:56+0200,9fbaedea-27ef-4990-85cf-49287850296c,2026-06-02T01:15:00Z,2026-06-02T03:15:00+0200,157.32,EUR/MWh,FR,FR,imbalance_price,Short,2026-06-07T17:42:53Z
2026-06-07T17:41:56Z,2026-06-07T19:41:56+0200,9fbaedea-27ef-4990-85cf-49287850296c,2026-06-02T01:30:00Z,2026-06-02T03:30:00+0200,138.48,EUR/MWh,FR,FR,imbalance_price,Long,2026-06-07T17:42:53Z
2026-06-07T17:41:56Z,2026-06-07T19:41:56+0200,9fbaedea-27ef-4990-85cf-49287850296c,2026-06-02T01:30:00Z,2026-06-02T03:30:00+0200,159.0,EUR/MWh,FR,FR,imbalance_price,Short,2026-06-07T17:42:53Z
2026-06-07T17:41:56Z,2026-06-07T19:41:56+0200,9fbaedea-27ef-4990-85cf-49287850296c,2026-06-02T01:45:00Z,2026-06-02T03:45:00+0200,138.48,EUR/MWh,FR,FR,imbalance_price,Long,2026-06-07T17:42:53Z
2026-06-07T17:41:56Z,2026-06-07T19:41:56+0200,9fbaedea-27ef-4990-85cf-49287850296c,2026-06-02T01:45:00Z,2026-06-02T03:45:00+0200,159.0,EUR/MWh,FR,FR,imbalance_price,Short,2026-06-07T17:42:53Z
2026-06-07T17:41:56Z,2026-06-07T19:41:56+0200,9fbaedea-27ef-4990-85cf-49287850296c,2026-06-02T02:00:00Z,2026-06-02T04:00:00+0200,14.62,EUR/MWh,FR,FR,imbalance_price,Long,2026-06-07T17:42:53Z
2026-06-07T17:41:56Z,2026-06-07T19:41:56+0200,9fbaedea-27ef-4990-85cf-49287850296c,2026-06-02T02:00:00Z,2026-06-02T04:00:00+0200,16.78,EUR/MWh,FR,FR,imbalance_price,Short,2026-06-07T17:42:53Z
2026-06-07T17:41:56Z,2026-06-07T19:41:56+0200,9fbaedea-27ef-4990-85cf-49287850296c,2026-06-02T02:15:00Z,2026-06-02T04:15:00+0200,14.62,EUR/MWh,FR,FR,imbalance_price,Long,2026-06-07T17:42:53Z
2026-06-07T17:41:56Z,2026-06-07T19:41:56+0200,9fbaedea-27ef-4990-85cf-49287850296c,2026-06-02T02:15:00Z,2026-06-02T04:15:00+0200,16.78,EUR/MWh,FR,FR,imbalance_price,Short,2026-06-07T17:42:53Z
2026-06-07T17:41:56Z,2026-06-07T19:41:56+0200,9fbaedea-27ef-4990-85cf-49287850296c,2026-06-02T02:30:00Z,2026-06-02T04:30:00+0200,90.91,EUR/MWh,FR,FR,imbalance_price,Long,2026-06-07T17:42:53Z
2026-06-07T17:41:56Z,2026-06-07T19:41:56+0200,9fbaedea-27ef-4990-85cf-49287850296c,2026-06-02T02:30:00Z,2026-06-02T04:30:00+0200,104.39,EUR/MWh,FR,FR,imbalance_price,Short,2026-06-07T17:42:53Z
2026-06-07T17:41:56Z,2026-06-07T19:41:56+0200,9fbaedea-27ef-4990-85cf-49287850296c,2026-06-02T02:45:00Z,2026-06-02T04:45:00+0200,78.73,EUR/MWh,FR,FR,imbalance_price,Long,2026-06-07T17:42:53Z
2026-06-07T17:41:56Z,2026-06-07T19:41:56+0200,9fbaedea-27ef-4990-85cf-49287850296c,2026-06-02T02:45:00Z,2026-06-02T04:45:00+0200,90.41,EUR/MWh,FR,FR,imbalance_price,Short,2026-06-07T17:42:53Z
2026-06-07T17:41:56Z,2026-06-07T19:41:56+0200,9fbaedea-27ef-4990-85cf-49287850296c,2026-06-02T03:00:00Z,2026-06-02T05:00:00+0200,118.06,EUR/MWh,FR,FR,imbalance_price,Long,2026-06-07T17:42:53Z
2026-06-07T17:41:56Z,2026-06-07T19:41:56+0200,9fbaedea-27ef-4990-85cf-49287850296c,2026-06-02T03:00:00Z,2026-06-02T05:00:00+0200,135.56,EUR/MWh,FR,FR,imbalance_price,Short,2026-06-07T17:42:53Z
2026-06-07T17:41:56Z,2026-06-07T19:41:56+0200,9fbaedea-27ef-4990-85cf-49287850296c,2026-06-02T03:15:00Z,2026-06-02T05:15:00+0200,118.17,EUR/MWh,FR,FR,imbalance_price,Long,2026-06-07T17:42:53Z
2026-06-07T17:41:56Z,2026-06-07T19:41:56+0200,9fbaedea-27ef-4990-85cf-49287850296c,2026-06-02T03:15:00Z,2026-06-02T05:15:00+0200,135.69,EUR/MWh,FR,FR,imbalance_price,Short,2026-06-07T17:42:53Z
2026-06-07T17:41:56Z,2026-06-07T19:41:56+0200,9fbaedea-27ef-4990-85cf-49287850296c,2026-06-02T03:30:00Z,2026-06-02T05:30:00+0200,131.68,EUR/MWh,FR,FR,imbalance_price,Long,2026-06-07T17:42:53Z
2026-06-07T17:41:56Z,2026-06-07T19:41:56+0200,9fbaedea-27ef-4990-85cf-49287850296c,2026-06-02T03:30:00Z,2026-06-02T05:30:00+0200,151.2,EUR/MWh,FR,FR,imbalance_price,Short,2026-06-07T17:42:53Z
2026-06-07T17:41:56Z,2026-06-07T19:41:56+0200,9fbaedea-27ef-4990-85cf-49287850296c,2026-06-02T03:45:00Z,2026-06-02T05:45:00+0200,130.68,EUR/MWh,FR,FR,imbalance_price,Long,2026-06-07T17:42:53Z
2026-06-07T17:41:56Z,2026-06-07T19:41:56+0200,9fbaedea-27ef-4990-85cf-49287850296c,2026-06-02T03:45:00Z,2026-06-02T05:45:00+0200,150.06,EUR/MWh,FR,FR,imbalance_price,Short,2026-06-07T17:42:53Z
2026-06-07T17:41:56Z,2026-06-07T19:41:56+0200,9fbaedea-27ef-4990-85cf-49287850296c,2026-06-02T04:00:00Z,2026-06-02T06:00:00+0200,-469.93,EUR/MWh,FR,FR,imbalance_price,Long,2026-06-07T17:42:53Z
2026-06-07T17:41:56Z,2026-06-07T19:41:56+0200,9fbaedea-27ef-4990-85cf-49287850296c,2026-06-02T04:00:00Z,2026-06-02T06:00:00+0200,-409.27,EUR/MWh,FR,FR,imbalance_price,Short,2026-06-07T17:42:53Z
2026-06-07T17:41:56Z,2026-06-07T19:41:56+0200,9fbaedea-27ef-4990-85cf-49287850296c,2026-06-02T04:15:00Z,2026-06-02T06:15:00+0200,-329.97,EUR/MWh,FR,FR,imbalance_price,Long,2026-06-07T17:42:53Z
2026-06-07T17:41:56Z,2026-06-07T19:41:56+0200,9fbaedea-27ef-4990-85cf-49287850296c,2026-06-02T04:15:00Z,2026-06-02T06:15:00+0200,-287.37,EUR/MWh,FR,FR,imbalance_price,Short,2026-06-07T17:42:53Z
2026-06-07T17:41:56Z,2026-06-07T19:41:56+0200,9fbaedea-27ef-4990-85cf-49287850296c,2026-06-02T04:30:00Z,2026-06-02T06:30:00+0200,-331.2,EUR/MWh,FR,FR,imbalance_price,Long,2026-06-07T17:42:53Z
2026-06-07T17:41:56Z,2026-06-07T19:41:56+0200,9fbaedea-27ef-4990-85cf-49287850296c,2026-06-02T04:30:00Z,2026-06-02T06:30:00+0200,-288.44,EUR/MWh,FR,FR,imbalance_price,Short,2026-06-07T17:42:53Z
2026-06-07T17:41:56Z,2026-06-07T19:41:56+0200,9fbaedea-27ef-4990-85cf-49287850296c,2026-06-02T04:45:00Z,2026-06-02T06:45:00+0200,-251.13,EUR/MWh,FR,FR,imbalance_price,Long,2026-06-07T17:42:53Z
2026-06-07T17:41:56Z,2026-06-07T19:41:56+0200,9fbaedea-27ef-4990-85cf-49287850296c,2026-06-02T04:45:00Z,2026-06-02T06:45:00+0200,-218.71,EUR/MWh,FR,FR,imbalance_price,Short,2026-06-07T17:42:53Z
2026-06-07T17:41:56Z,2026-06-07T19:41:56+0200,9fbaedea-27ef-4990-85cf-49287850296c,2026-06-02T05:00:00Z,2026-06-02T07:00:00+0200,32.37,EUR/MWh,FR,FR,imbalance_price,Long,2026-06-07T17:42:53Z
2026-06-07T17:41:56Z,2026-06-07T19:41:56+0200,9fbaedea-27ef-4990-85cf-49287850296c,2026-06-02T05:00:00Z,2026-06-02T07:00:00+0200,37.17,EUR/MWh,FR,FR,imbalance_price,Short,2026-06-07T17:42:53Z
2026-06-07T17:41:56Z,2026-06-07T19:41:56+0200,9fbaedea-27ef-4990-85cf-49287850296c,2026-06-02T05:15:00Z,2026-06-02T07:15:00+0200,29.23,EUR/MWh,FR,FR,imbalance_price,Long,2026-06-07T17:42:53Z
2026-06-07T17:41:56Z,2026-06-07T19:41:56+0200,9fbaedea-27ef-4990-85cf-49287850296c,2026-06-02T05:15:00Z,2026-06-02T07:15:00+0200,33.57,EUR/MWh,FR,FR,imbalance_price,Short,2026-06-07T17:42:53Z
2026-06-07T17:41:56Z,2026-06-07T19:41:56+0200,9fbaedea-27ef-4990-85cf-49287850296c,2026-06-02T05:30:00Z,2026-06-02T07:30:00+0200,39.06,EUR/MWh,FR,FR,imbalance_price,Long,2026-06-07T17:42:53Z
2026-06-07T17:41:56Z,2026-06-07T19:41:56+0200,9fbaedea-27ef-4990-85cf-49287850296c,2026-06-02T05:30:00Z,2026-06-02T07:30:00+0200,44.86,EUR/MWh,FR,FR,imbalance_price,Short,2026-06-07T17:42:53Z
2026-06-07T17:41:56Z,2026-06-07T19:41:56+0200,9fbaedea-27ef-4990-85cf-49287850296c,2026-06-02T05:45:00Z,2026-06-02T07:45:00+0200,38.87,EUR/MWh,FR,FR,imbalance_price,Long,2026-06-07T17:42:53Z
2026-06-07T17:41:56Z,2026-06-07T19:41:56+0200,9fbaedea-27ef-4990-85cf-49287850296c,2026-06-02T05:45:00Z,2026-06-02T07:45:00+0200,44.63,EUR/MWh,FR,FR,imbalance_price,Short,2026-06-07T17:42:53Z
2026-06-07T17:41:56Z,2026-06-07T19:41:56+0200,9fbaedea-27ef-4990-85cf-49287850296c,2026-06-02T06:00:00Z,2026-06-02T08:00:00+0200,25.1,EUR/MWh,FR,FR,imbalance_price,Long,2026-06-07T17:42:53Z
2026-06-07T17:41:56Z,2026-06-07T19:41:56+0200,9fbaedea-27ef-4990-85cf-49287850296c,2026-06-02T06:00:00Z,2026-06-02T08:00:00+0200,28.82,EUR/MWh,FR,FR,imbalance_price,Short,2026-06-07T17:42:53Z
2026-06-07T17:41:56Z,2026-06-07T19:41:56+0200,9fbaedea-27ef-4990-85cf-49287850296c,2026-06-02T06:15:00Z,2026-06-02T08:15:00+0200,25.48,EUR/MWh,FR,FR,imbalance_price,Long,2026-06-07T17:42:53Z
2026-06-07T17:41:56Z,2026-06-07T19:41:56+0200,9fbaedea-27ef-4990-85cf-49287850296c,2026-06-02T06:15:00Z,2026-06-02T08:15:00+0200,29.26,EUR/MWh,FR,FR,imbalance_price,Short,2026-06-07T17:42:53Z
2026-06-07T17:41:56Z,2026-06-07T19:41:56+0200,9fbaedea-27ef-4990-85cf-49287850296c,2026-06-02T06:30:00Z,2026-06-02T08:30:00+0200,32.39,EUR/MWh,FR,FR,imbalance_price,Long,2026-06-07T17:42:53Z
2026-06-07T17:41:56Z,2026-06-07T19:41:56+0200,9fbaedea-27ef-4990-85cf-49287850296c,2026-06-02T06:30:00Z,2026-06-02T08:30:00+0200,37.19,EUR/MWh,FR,FR,imbalance_price,Short,2026-06-07T17:42:53Z
2026-06-07T17:41:56Z,2026-06-07T19:41:56+0200,9fbaedea-27ef-4990-85cf-49287850296c,2026-06-02T06:45:00Z,2026-06-02T08:45:00+0200,34.17,EUR/MWh,FR,FR,imbalance_price,Long,2026-06-07T17:42:53Z
2026-06-07T17:41:56Z,2026-06-07T19:41:56+0200,9fbaedea-27ef-4990-85cf-49287850296c,2026-06-02T06:45:00Z,2026-06-02T08:45:00+0200,39.23,EUR/MWh,FR,FR,imbalance_price,Short,2026-06-07T17:42:53Z
2026-06-07T17:41:56Z,2026-06-07T19:41:56+0200,9fbaedea-27ef-4990-85cf-49287850296c,2026-06-02T07:00:00Z,2026-06-02T09:00:00+0200,80.24,EUR/MWh,FR,FR,imbalance_price,Long,2026-06-07T17:42:53Z
2026-06-07T17:41:56Z,2026-06-07T19:41:56+0200,9fbaedea-27ef-4990-85cf-49287850296c,2026-06-02T07:00:00Z,2026-06-02T09:00:00+0200,92.14,EUR/MWh,FR,FR,imbalance_price,Short,2026-06-07T17:42:53Z
2026-06-07T17:41:56Z,2026-06-07T19:41:56+0200,9fbaedea-27ef-4990-85cf-49287850296c,2026-06-02T07:15:00Z,2026-06-02T09:15:00+0200,134.93,EUR/MWh,FR,FR,imbalance_price,Long,2026-06-07T17:42:53Z
2026-06-07T17:41:56Z,2026-06-07T19:41:56+0200,9fbaedea-27ef-4990-85cf-49287850296c,2026-06-02T07:15:00Z,2026-06-02T09:15:00+0200,154.93,EUR/MWh,FR,FR,imbalance_price,Short,2026-06-07T17:42:53Z
2026-06-07T17:41:56Z,2026-06-07T19:41:56+0200,9fbaedea-27ef-4990-85cf-49287850296c,2026-06-02T07:30:00Z,2026-06-02T09:30:00+0200,152.63,EUR/MWh,FR,FR,imbalance_price,Long,2026-06-07T17:42:53Z
2026-06-07T17:41:56Z,2026-06-07T19:41:56+0200,9fbaedea-27ef-4990-85cf-49287850296c,2026-06-02T07:30:00Z,2026-06-02T09:30:00+0200,175.25,EUR/MWh,FR,FR,imbalance_price,Short,2026-06-07T17:42:53Z
2026-06-07T17:41:56Z,2026-06-07T19:41:56+0200,9fbaedea-27ef-4990-85cf-49287850296c,2026-06-02T07:45:00Z,2026-06-02T09:45:00+0200,48.87,EUR/MWh,FR,FR,imbalance_price,Long,2026-06-07T17:42:53Z
2026-06-07T17:41:56Z,2026-06-07T19:41:56+0200,9fbaedea-27ef-4990-85cf-49287850296c,2026-06-02T07:45:00Z,2026-06-02T09:45:00+0200,56.11,EUR/MWh,FR,FR,imbalance_price,Short,2026-06-07T17:42:53Z
2026-06-07T17:41:56Z,2026-06-07T19:41:56+0200,9fbaedea-27ef-4990-85cf-49287850296c,2026-06-02T08:00:00Z,2026-06-02T10:00:00+0200,51.24,EUR/MWh,FR,FR,imbalance_price,Long,2026-06-07T17:42:53Z
2026-06-07T17:41:56Z,2026-06-07T19:41:56+0200,9fbaedea-27ef-4990-85cf-49287850296c,2026-06-02T08:00:00Z,2026-06-02T10:00:00+0200,58.84,EUR/MWh,FR,FR,imbalance_price,Short,2026-06-07T17:42:53Z
2026-06-07T17:41:56Z,2026-06-07T19:41:56+0200,9fbaedea-27ef-4990-85cf-49287850296c,2026-06-02T08:15:00Z,2026-06-02T10:15:00+0200,51.31,EUR/MWh,FR,FR,imbalance_price,Long,2026-06-07T17:42:53Z
2026-06-07T17:41:56Z,2026-06-07T19:41:56+0200,9fbaedea-27ef-4990-85cf-49287850296c,2026-06-02T08:15:00Z,2026-06-02T10:15:00+0200,58.91,EUR/MWh,FR,FR,imbalance_price,Short,2026-06-07T17:42:53Z
2026-06-07T17:41:56Z,2026-06-07T19:41:56+0200,9fbaedea-27ef-4990-85cf-49287850296c,2026-06-02T08:30:00Z,2026-06-02T10:30:00+0200,51.33,EUR/MWh,FR,FR,imbalance_price,Long,2026-06-07T17:42:53Z
2026-06-07T17:41:56Z,2026-06-07T19:41:56+0200,9fbaedea-27ef-4990-85cf-49287850296c,2026-06-02T08:30:00Z,2026-06-02T10:30:00+0200,58.93,EUR/MWh,FR,FR,imbalance_price,Short,2026-06-07T17:42:53Z
2026-06-07T17:41:56Z,2026-06-07T19:41:56+0200,9fbaedea-27ef-4990-85cf-49287850296c,2026-06-02T08:45:00Z,2026-06-02T10:45:00+0200,-2.54,EUR/MWh,FR,FR,imbalance_price,Long,2026-06-07T17:42:53Z
2026-06-07T17:41:56Z,2026-06-07T19:41:56+0200,9fbaedea-27ef-4990-85cf-49287850296c,2026-06-02T08:45:00Z,2026-06-02T10:45:00+0200,-2.22,EUR/MWh,FR,FR,imbalance_price,Short,2026-06-07T17:42:53Z
2026-06-07T17:41:56Z,2026-06-07T19:41:56+0200,9fbaedea-27ef-4990-85cf-49287850296c,2026-06-02T09:00:00Z,2026-06-02T11:00:00+0200,-227.97,EUR/MWh,FR,FR,imbalance_price,Long,2026-06-07T17:42:53Z
2026-06-07T17:41:56Z,2026-06-07T19:41:56+0200,9fbaedea-27ef-4990-85cf-49287850296c,2026-06-02T09:00:00Z,2026-06-02T11:00:00+0200,-198.55,EUR/MWh,FR,FR,imbalance_price,Short,2026-06-07T17:42:53Z
2026-06-07T17:41:56Z,2026-06-07T19:41:56+0200,9fbaedea-27ef-4990-85cf-49287850296c,2026-06-02T09:15:00Z,2026-06-02T11:15:00+0200,-58.12,EUR/MWh,FR,FR,imbalance_price,Long,2026-06-07T17:42:53Z
2026-06-07T17:41:56Z,2026-06-07T19:41:56+0200,9fbaedea-27ef-4990-85cf-49287850296c,2026-06-02T09:15:00Z,2026-06-02T11:15:00+0200,-50.62,EUR/MWh,FR,FR,imbalance_price,Short,2026-06-07T17:42:53Z
2026-06-07T17:41:56Z,2026-06-07T19:41:56+0200,9fbaedea-27ef-4990-85cf-49287850296c,2026-06-02T09:30:00Z,2026-06-02T11:30:00+0200,-76.88,EUR/MWh,FR,FR,imbalance_price,Long,2026-06-07T17:42:53Z
2026-06-07T17:41:56Z,2026-06-07T19:41:56+0200,9fbaedea-27ef-4990-85cf-49287850296c,2026-06-02T09:30:00Z,2026-06-02T11:30:00+0200,-66.96,EUR/MWh,FR,FR,imbalance_price,Short,2026-06-07T17:42:53Z
2026-06-07T17:41:56Z,2026-06-07T19:41:56+0200,9fbaedea-27ef-4990-85cf-49287850296c,2026-06-02T09:45:00Z,2026-06-02T11:45:00+0200,-78.91,EUR/MWh,FR,FR,imbalance_price,Long,2026-06-07T17:42:53Z
2026-06-07T17:41:56Z,2026-06-07T19:41:56+0200,9fbaedea-27ef-4990-85cf-49287850296c,2026-06-02T09:45:00Z,2026-06-02T11:45:00+0200,-68.73,EUR/MWh,FR,FR,imbalance_price,Short,2026-06-07T17:42:53Z
2026-06-07T17:41:56Z,2026-06-07T19:41:56+0200,9fbaedea-27ef-4990-85cf-49287850296c,2026-06-02T10:00:00Z,2026-06-02T12:00:00+0200,-80.18,EUR/MWh,FR,FR,imbalance_price,Long,2026-06-07T17:42:53Z
2026-06-07T17:41:56Z,2026-06-07T19:41:56+0200,9fbaedea-27ef-4990-85cf-49287850296c,2026-06-02T10:00:00Z,2026-06-02T12:00:00+0200,-69.83,EUR/MWh,FR,FR,imbalance_price,Short,2026-06-07T17:42:53Z
2026-06-07T17:41:56Z,2026-06-07T19:41:56+0200,9fbaedea-27ef-4990-85cf-49287850296c,2026-06-02T10:15:00Z,2026-06-02T12:15:00+0200,39.73,EUR/MWh,FR,FR,imbalance_price,Long,2026-06-07T17:42:53Z
2026-06-07T17:41:56Z,2026-06-07T19:41:56+0200,9fbaedea-27ef-4990-85cf-49287850296c,2026-06-02T10:15:00Z,2026-06-02T12:15:00+0200,45.61,EUR/MWh,FR,FR,imbalance_price,Short,2026-06-07T17:42:53Z
2026-06-07T17:41:56Z,2026-06-07T19:41:56+0200,9fbaedea-27ef-4990-85cf-49287850296c,2026-06-02T10:30:00Z,2026-06-02T12:30:00+0200,-93.88,EUR/MWh,FR,FR,imbalance_price,Long,2026-06-07T17:42:53Z
2026-06-07T17:41:56Z,2026-06-07T19:41:56+0200,9fbaedea-27ef-4990-85cf-49287850296c,2026-06-02T10:30:00Z,2026-06-02T12:30:00+0200,-81.76,EUR/MWh,FR,FR,imbalance_price,Short,2026-06-07T17:42:53Z
2026-06-07T17:41:56Z,2026-06-07T19:41:56+0200,9fbaedea-27ef-4990-85cf-49287850296c,2026-06-02T10:45:00Z,2026-06-02T12:45:00+0200,36.87,EUR/MWh,FR,FR,imbalance_price,Long,2026-06-07T17:42:53Z
2026-06-07T17:41:56Z,2026-06-07T19:41:56+0200,9fbaedea-27ef-4990-85cf-49287850296c,2026-06-02T10:45:00Z,2026-06-02T12:45:00+0200,42.33,EUR/MWh,FR,FR,imbalance_price,Short,2026-06-07T17:42:53Z
2026-06-07T17:41:56Z,2026-06-07T19:41:56+0200,9fbaedea-27ef-4990-85cf-49287850296c,2026-06-02T11:00:00Z,2026-06-02T13:00:00+0200,-56.1,EUR/MWh,FR,FR,imbalance_price,Long,2026-06-07T17:42:53Z
2026-06-07T17:41:56Z,2026-06-07T19:41:56+0200,9fbaedea-27ef-4990-85cf-49287850296c,2026-06-02T11:00:00Z,2026-06-02T13:00:00+0200,-48.86,EUR/MWh,FR,FR,imbalance_price,Short,2026-06-07T17:42:53Z
2026-06-07T17:41:56Z,2026-06-07T19:41:56+0200,9fbaedea-27ef-4990-85cf-49287850296c,2026-06-02T11:15:00Z,2026-06-02T13:15:00+0200,-56.43,EUR/MWh,FR,FR,imbalance_price,Long,2026-06-07T17:42:53Z
2026-06-07T17:41:56Z,2026-06-07T19:41:56+0200,9fbaedea-27ef-4990-85cf-49287850296c,2026-06-02T11:15:00Z,2026-06-02T13:15:00+0200,-49.15,EUR/MWh,FR,FR,imbalance_price,Short,2026-06-07T17:42:53Z
2026-06-07T17:41:56Z,2026-06-07T19:41:56+0200,9fbaedea-27ef-4990-85cf-49287850296c,2026-06-02T11:30:00Z,2026-06-02T13:30:00+0200,-61.99,EUR/MWh,FR,FR,imbalance_price,Long,2026-06-07T17:42:53Z
2026-06-07T17:41:56Z,2026-06-07T19:41:56+0200,9fbaedea-27ef-4990-85cf-49287850296c,2026-06-02T11:30:00Z,2026-06-02T13:30:00+0200,-53.99,EUR/MWh,FR,FR,imbalance_price,Short,2026-06-07T17:42:53Z
2026-06-07T17:41:56Z,2026-06-07T19:41:56+0200,9fbaedea-27ef-4990-85cf-49287850296c,2026-06-02T11:45:00Z,2026-06-02T13:45:00+0200,-48.05,EUR/MWh,FR,FR,imbalance_price,Long,2026-06-07T17:42:53Z
2026-06-07T17:41:56Z,2026-06-07T19:41:56+0200,9fbaedea-27ef-4990-85cf-49287850296c,2026-06-02T11:45:00Z,2026-06-02T13:45:00+0200,-41.85,EUR/MWh,FR,FR,imbalance_price,Short,2026-06-07T17:42:53Z
2026-06-07T17:41:56Z,2026-06-07T19:41:56+0200,9fbaedea-27ef-4990-85cf-49287850296c,2026-06-02T12:00:00Z,2026-06-02T14:00:00+0200,-0.43,EUR/MWh,FR,FR,imbalance_price,Long,2026-06-07T17:42:53Z
2026-06-07T17:41:56Z,2026-06-07T19:41:56+0200,9fbaedea-27ef-4990-85cf-49287850296c,2026-06-02T12:00:00Z,2026-06-02T14:00:00+0200,-0.37,EUR/MWh,FR,FR,imbalance_price,Short,2026-06-07T17:42:53Z
2026-06-07T17:41:56Z,2026-06-07T19:41:56+0200,9fbaedea-27ef-4990-85cf-49287850296c,2026-06-02T12:15:00Z,2026-06-02T14:15:00+0200,32.46,EUR/MWh,FR,FR,imbalance_price,Long,2026-06-07T17:42:53Z
2026-06-07T17:41:56Z,2026-06-07T19:41:56+0200,9fbaedea-27ef-4990-85cf-49287850296c,2026-06-02T12:15:00Z,2026-06-02T14:15:00+0200,37.28,EUR/MWh,FR,FR,imbalance_price,Short,2026-06-07T17:42:53Z
2026-06-07T17:41:56Z,2026-06-07T19:41:56+0200,9fbaedea-27ef-4990-85cf-49287850296c,2026-06-02T12:30:00Z,2026-06-02T14:30:00+0200,-3.27,EUR/MWh,FR,FR,imbalance_price,Long,2026-06-07T17:42:53Z
2026-06-07T17:41:56Z,2026-06-07T19:41:56+0200,9fbaedea-27ef-4990-85cf-49287850296c,2026-06-02T12:30:00Z,2026-06-02T14:30:00+0200,-2.85,EUR/MWh,FR,FR,imbalance_price,Short,2026-06-07T17:42:53Z
2026-06-07T17:41:56Z,2026-06-07T19:41:56+0200,9fbaedea-27ef-4990-85cf-49287850296c,2026-06-02T12:45:00Z,2026-06-02T14:45:00+0200,-58.61,EUR/MWh,FR,FR,imbalance_price,Long,2026-06-07T17:42:53Z
2026-06-07T17:41:56Z,2026-06-07T19:41:56+0200,9fbaedea-27ef-4990-85cf-49287850296c,2026-06-02T12:45:00Z,2026-06-02T14:45:00+0200,-51.05,EUR/MWh,FR,FR,imbalance_price,Short,2026-06-07T17:42:53Z
2026-06-07T17:41:56Z,2026-06-07T19:41:56+0200,9fbaedea-27ef-4990-85cf-49287850296c,2026-06-02T13:00:00Z,2026-06-02T15:00:00+0200,-159.27,EUR/MWh,FR,FR,imbalance_price,Long,2026-06-07T17:42:53Z
2026-06-07T17:41:56Z,2026-06-07T19:41:56+0200,9fbaedea-27ef-4990-85cf-49287850296c,2026-06-02T13:00:00Z,2026-06-02T15:00:00+0200,-138.71,EUR/MWh,FR,FR,imbalance_price,Short,2026-06-07T17:42:53Z
2026-06-07T17:41:56Z,2026-06-07T19:41:56+0200,9fbaedea-27ef-4990-85cf-49287850296c,2026-06-02T13:15:00Z,2026-06-02T15:15:00+0200,-23.6,EUR/MWh,FR,FR,imbalance_price,Long,2026-06-07T17:42:53Z
2026-06-07T17:41:56Z,2026-06-07T19:41:56+0200,9fbaedea-27ef-4990-85cf-49287850296c,2026-06-02T13:15:00Z,2026-06-02T15:15:00+0200,-20.56,EUR/MWh,FR,FR,imbalance_price,Short,2026-06-07T17:42:53Z
2026-06-07T17:41:56Z,2026-06-07T19:41:56+0200,9fbaedea-27ef-4990-85cf-49287850296c,2026-06-02T13:30:00Z,2026-06-02T15:30:00+0200,-45.11,EUR/MWh,FR,FR,imbalance_price,Long,2026-06-07T17:42:53Z
2026-06-07T17:41:56Z,2026-06-07T19:41:56+0200,9fbaedea-27ef-4990-85cf-49287850296c,2026-06-02T13:30:00Z,2026-06-02T15:30:00+0200,-39.29,EUR/MWh,FR,FR,imbalance_price,Short,2026-06-07T17:42:53Z
2026-06-07T17:41:56Z,2026-06-07T19:41:56+0200,9fbaedea-27ef-4990-85cf-49287850296c,2026-06-02T13:45:00Z,2026-06-02T15:45:00+0200,-61.59,EUR/MWh,FR,FR,imbalance_price,Long,2026-06-07T17:42:53Z
2026-06-07T17:41:56Z,2026-06-07T19:41:56+0200,9fbaedea-27ef-4990-85cf-49287850296c,2026-06-02T13:45:00Z,2026-06-02T15:45:00+0200,-53.63,EUR/MWh,FR,FR,imbalance_price,Short,2026-06-07T17:42:53Z
2026-06-07T17:41:56Z,2026-06-07T19:41:56+0200,9fbaedea-27ef-4990-85cf-49287850296c,2026-06-02T14:00:00Z,2026-06-02T16:00:00+0200,-44.79,EUR/MWh,FR,FR,imbalance_price,Long,2026-06-07T17:42:53Z
2026-06-07T17:41:56Z,2026-06-07T19:41:56+0200,9fbaedea-27ef-4990-85cf-49287850296c,2026-06-02T14:00:00Z,2026-06-02T16:00:00+0200,-39.01,EUR/MWh,FR,FR,imbalance_price,Short,2026-06-07T17:42:53Z
2026-06-07T17:41:56Z,2026-06-07T19:41:56+0200,9fbaedea-27ef-4990-85cf-49287850296c,2026-06-02T14:15:00Z,2026-06-02T16:15:00+0200,-40.7,EUR/MWh,FR,FR,imbalance_price,Long,2026-06-07T17:42:53Z
2026-06-07T17:41:56Z,2026-06-07T19:41:56+0200,9fbaedea-27ef-4990-85cf-49287850296c,2026-06-02T14:15:00Z,2026-06-02T16:15:00+0200,-35.44,EUR/MWh,FR,FR,imbalance_price,Short,2026-06-07T17:42:53Z
2026-06-07T17:41:56Z,2026-06-07T19:41:56+0200,9fbaedea-27ef-4990-85cf-49287850296c,2026-06-02T14:30:00Z,2026-06-02T16:30:00+0200,-120.45,EUR/MWh,FR,FR,imbalance_price,Long,2026-06-07T17:42:53Z
2026-06-07T17:41:56Z,2026-06-07T19:41:56+0200,9fbaedea-27ef-4990-85cf-49287850296c,2026-06-02T14:30:00Z,2026-06-02T16:30:00+0200,-104.91,EUR/MWh,FR,FR,imbalance_price,Short,2026-06-07T17:42:53Z
2026-06-07T17:41:56Z,2026-06-07T19:41:56+0200,9fbaedea-27ef-4990-85cf-49287850296c,2026-06-02T14:45:00Z,2026-06-02T16:45:00+0200,-189.25,EUR/MWh,FR,FR,imbalance_price,Long,2026-06-07T17:42:53Z
2026-06-07T17:41:56Z,2026-06-07T19:41:56+0200,9fbaedea-27ef-4990-85cf-49287850296c,2026-06-02T14:45:00Z,2026-06-02T16:45:00+0200,-164.81,EUR/MWh,FR,FR,imbalance_price,Short,2026-06-07T17:42:53Z
2026-06-07T17:41:56Z,2026-06-07T19:41:56+0200,9fbaedea-27ef-4990-85cf-49287850296c,2026-06-02T15:00:00Z,2026-06-02T17:00:00+0200,-331.43,EUR/MWh,FR,FR,imbalance_price,Long,2026-06-07T17:42:53Z
2026-06-07T17:41:56Z,2026-06-07T19:41:56+0200,9fbaedea-27ef-4990-85cf-49287850296c,2026-06-02T15:00:00Z,2026-06-02T17:00:00+0200,-288.65,EUR/MWh,FR,FR,imbalance_price,Short,2026-06-07T17:42:53Z
2026-06-07T17:41:56Z,2026-06-07T19:41:56+0200,9fbaedea-27ef-4990-85cf-49287850296c,2026-06-02T15:15:00Z,2026-06-02T17:15:00+0200,-362.44,EUR/MWh,FR,FR,imbalance_price,Long,2026-06-07T17:42:53Z
2026-06-07T17:41:56Z,2026-06-07T19:41:56+0200,9fbaedea-27ef-4990-85cf-49287850296c,2026-06-02T15:15:00Z,2026-06-02T17:15:00+0200,-315.66,EUR/MWh,FR,FR,imbalance_price,Short,2026-06-07T17:42:53Z
2026-06-07T17:41:56Z,2026-06-07T19:41:56+0200,9fbaedea-27ef-4990-85cf-49287850296c,2026-06-02T15:30:00Z,2026-06-02T17:30:00+0200,-36.63,EUR/MWh,FR,FR,imbalance_price,Long,2026-06-07T17:42:53Z
2026-06-07T17:41:56Z,2026-06-07T19:41:56+0200,9fbaedea-27ef-4990-85cf-49287850296c,2026-06-02T15:30:00Z,2026-06-02T17:30:00+0200,-31.91,EUR/MWh,FR,FR,imbalance_price,Short,2026-06-07T17:42:53Z
2026-06-07T17:41:56Z,2026-06-07T19:41:56+0200,9fbaedea-27ef-4990-85cf-49287850296c,2026-06-02T15:45:00Z,2026-06-02T17:45:00+0200,-1.96,EUR/MWh,FR,FR,imbalance_price,Long,2026-06-07T17:42:53Z
2026-06-07T17:41:56Z,2026-06-07T19:41:56+0200,9fbaedea-27ef-4990-85cf-49287850296c,2026-06-02T15:45:00Z,2026-06-02T17:45:00+0200,-1.7,EUR/MWh,FR,FR,imbalance_price,Short,2026-06-07T17:42:53Z
2026-06-07T17:41:56Z,2026-06-07T19:41:56+0200,9fbaedea-27ef-4990-85cf-49287850296c,2026-06-02T16:00:00Z,2026-06-02T18:00:00+0200,-264.97,EUR/MWh,FR,FR,imbalance_price,Long,2026-06-07T17:42:53Z
2026-06-07T17:41:56Z,2026-06-07T19:41:56+0200,9fbaedea-27ef-4990-85cf-49287850296c,2026-06-02T16:00:00Z,2026-06-02T18:00:00+0200,-230.77,EUR/MWh,FR,FR,imbalance_price,Short,2026-06-07T17:42:53Z
2026-06-07T17:41:56Z,2026-06-07T19:41:56+0200,9fbaedea-27ef-4990-85cf-49287850296c,2026-06-02T16:15:00Z,2026-06-02T18:15:00+0200,-95.57,EUR/MWh,FR,FR,imbalance_price,Long,2026-06-07T17:42:53Z
2026-06-07T17:41:56Z,2026-06-07T19:41:56+0200,9fbaedea-27ef-4990-85cf-49287850296c,2026-06-02T16:15:00Z,2026-06-02T18:15:00+0200,-83.23,EUR/MWh,FR,FR,imbalance_price,Short,2026-06-07T17:42:53Z
2026-06-07T17:41:56Z,2026-06-07T19:41:56+0200,9fbaedea-27ef-4990-85cf-49287850296c,2026-06-02T16:30:00Z,2026-06-02T18:30:00+0200,-77.78,EUR/MWh,FR,FR,imbalance_price,Long,2026-06-07T17:42:53Z
2026-06-07T17:41:56Z,2026-06-07T19:41:56+0200,9fbaedea-27ef-4990-85cf-49287850296c,2026-06-02T16:30:00Z,2026-06-02T18:30:00+0200,-67.74,EUR/MWh,FR,FR,imbalance_price,Short,2026-06-07T17:42:53Z
2026-06-07T17:41:56Z,2026-06-07T19:41:56+0200,9fbaedea-27ef-4990-85cf-49287850296c,2026-06-02T16:45:00Z,2026-06-02T18:45:00+0200,-24.83,EUR/MWh,FR,FR,imbalance_price,Long,2026-06-07T17:42:53Z
2026-06-07T17:41:56Z,2026-06-07T19:41:56+0200,9fbaedea-27ef-4990-85cf-49287850296c,2026-06-02T16:45:00Z,2026-06-02T18:45:00+0200,-21.63,EUR/MWh,FR,FR,imbalance_price,Short,2026-06-07T17:42:53Z
2026-06-07T17:41:56Z,2026-06-07T19:41:56+0200,9fbaedea-27ef-4990-85cf-49287850296c,2026-06-02T17:00:00Z,2026-06-02T19:00:00+0200,27.08,EUR/MWh,FR,FR,imbalance_price,Long,2026-06-07T17:42:53Z
2026-06-07T17:41:56Z,2026-06-07T19:41:56+0200,9fbaedea-27ef-4990-85cf-49287850296c,2026-06-02T17:00:00Z,2026-06-02T19:00:00+0200,31.1,EUR/MWh,FR,FR,imbalance_price,Short,2026-06-07T17:42:53Z
2026-06-07T17:41:56Z,2026-06-07T19:41:56+0200,9fbaedea-27ef-4990-85cf-49287850296c,2026-06-02T17:15:00Z,2026-06-02T19:15:00+0200,19.47,EUR/MWh,FR,FR,imbalance_price,Long,2026-06-07T17:42:53Z
2026-06-07T17:41:56Z,2026-06-07T19:41:56+0200,9fbaedea-27ef-4990-85cf-49287850296c,2026-06-02T17:15:00Z,2026-06-02T19:15:00+0200,22.35,EUR/MWh,FR,FR,imbalance_price,Short,2026-06-07T17:42:53Z
2026-06-07T17:41:56Z,2026-06-07T19:41:56+0200,9fbaedea-27ef-4990-85cf-49287850296c,2026-06-02T17:30:00Z,2026-06-02T19:30:00+0200,2.46,EUR/MWh,FR,FR,imbalance_price,Long,2026-06-07T17:42:53Z
2026-06-07T17:41:56Z,2026-06-07T19:41:56+0200,9fbaedea-27ef-4990-85cf-49287850296c,2026-06-02T17:30:00Z,2026-06-02T19:30:00+0200,2.82,EUR/MWh,FR,FR,imbalance_price,Short,2026-06-07T17:42:53Z
2026-06-07T17:41:56Z,2026-06-07T19:41:56+0200,9fbaedea-27ef-4990-85cf-49287850296c,2026-06-02T17:45:00Z,2026-06-02T19:45:00+0200,23.17,EUR/MWh,FR,FR,imbalance_price,Long,2026-06-07T17:42:53Z
2026-06-07T17:41:56Z,2026-06-07T19:41:56+0200,9fbaedea-27ef-4990-85cf-49287850296c,2026-06-02T17:45:00Z,2026-06-02T19:45:00+0200,26.61,EUR/MWh,FR,FR,imbalance_price,Short,2026-06-07T17:42:53Z
2026-06-07T17:41:56Z,2026-06-07T19:41:56+0200,9fbaedea-27ef-4990-85cf-49287850296c,2026-06-02T18:00:00Z,2026-06-02T20:00:00+0200,-248.19,EUR/MWh,FR,FR,imbalance_price,Long,2026-06-07T17:42:53Z
2026-06-07T17:41:56Z,2026-06-07T19:41:56+0200,9fbaedea-27ef-4990-85cf-49287850296c,2026-06-02T18:00:00Z,2026-06-02T20:00:00+0200,-216.15,EUR/MWh,FR,FR,imbalance_price,Short,2026-06-07T17:42:53Z
2026-06-07T17:41:56Z,2026-06-07T19:41:56+0200,9fbaedea-27ef-4990-85cf-49287850296c,2026-06-02T18:15:00Z,2026-06-02T20:15:00+0200,-374.97,EUR/MWh,FR,FR,imbalance_price,Long,2026-06-07T17:42:53Z
2026-06-07T17:41:56Z,2026-06-07T19:41:56+0200,9fbaedea-27ef-4990-85cf-49287850296c,2026-06-02T18:15:00Z,2026-06-02T20:15:00+0200,-326.57,EUR/MWh,FR,FR,imbalance_price,Short,2026-06-07T17:42:53Z
2026-06-07T17:41:56Z,2026-06-07T19:41:56+0200,9fbaedea-27ef-4990-85cf-49287850296c,2026-06-02T18:30:00Z,2026-06-02T20:30:00+0200,-375.7,EUR/MWh,FR,FR,imbalance_price,Long,2026-06-07T17:42:53Z
2026-06-07T17:41:56Z,2026-06-07T19:41:56+0200,9fbaedea-27ef-4990-85cf-49287850296c,2026-06-02T18:30:00Z,2026-06-02T20:30:00+0200,-327.2,EUR/MWh,FR,FR,imbalance_price,Short,2026-06-07T17:42:53Z
2026-06-07T17:41:56Z,2026-06-07T19:41:56+0200,9fbaedea-27ef-4990-85cf-49287850296c,2026-06-02T18:45:00Z,2026-06-02T20:45:00+0200,-263.03,EUR/MWh,FR,FR,imbalance_price,Long,2026-06-07T17:42:53Z
2026-06-07T17:41:56Z,2026-06-07T19:41:56+0200,9fbaedea-27ef-4990-85cf-49287850296c,2026-06-02T18:45:00Z,2026-06-02T20:45:00+0200,-229.07,EUR/MWh,FR,FR,imbalance_price,Short,2026-06-07T17:42:53Z
2026-06-07T17:41:56Z,2026-06-07T19:41:56+0200,9fbaedea-27ef-4990-85cf-49287850296c,2026-06-02T19:00:00Z,2026-06-02T21:00:00+0200,-76.45,EUR/MWh,FR,FR,imbalance_price,Long,2026-06-07T17:42:53Z
2026-06-07T17:41:56Z,2026-06-07T19:41:56+0200,9fbaedea-27ef-4990-85cf-49287850296c,2026-06-02T19:00:00Z,2026-06-02T21:00:00+0200,-66.59,EUR/MWh,FR,FR,imbalance_price,Short,2026-06-07T17:42:53Z
2026-06-07T17:41:56Z,2026-06-07T19:41:56+0200,9fbaedea-27ef-4990-85cf-49287850296c,2026-06-02T19:15:00Z,2026-06-02T21:15:00+0200,-79.6,EUR/MWh,FR,FR,imbalance_price,Long,2026-06-07T17:42:53Z
2026-06-07T17:41:56Z,2026-06-07T19:41:56+0200,9fbaedea-27ef-4990-85cf-49287850296c,2026-06-02T19:15:00Z,2026-06-02T21:15:00+0200,-69.32,EUR/MWh,FR,FR,imbalance_price,Short,2026-06-07T17:42:53Z
2026-06-07T17:41:56Z,2026-06-07T19:41:56+0200,9fbaedea-27ef-4990-85cf-49287850296c,2026-06-02T19:30:00Z,2026-06-02T21:30:00+0200,-79.31,EUR/MWh,FR,FR,imbalance_price,Long,2026-06-07T17:42:53Z
2026-06-07T17:41:56Z,2026-06-07T19:41:56+0200,9fbaedea-27ef-4990-85cf-49287850296c,2026-06-02T19:30:00Z,2026-06-02T21:30:00+0200,-69.07,EUR/MWh,FR,FR,imbalance_price,Short,2026-06-07T17:42:53Z
2026-06-07T17:41:56Z,2026-06-07T19:41:56+0200,9fbaedea-27ef-4990-85cf-49287850296c,2026-06-02T19:45:00Z,2026-06-02T21:45:00+0200,-29.02,EUR/MWh,FR,FR,imbalance_price,Long,2026-06-07T17:42:53Z
2026-06-07T17:41:56Z,2026-06-07T19:41:56+0200,9fbaedea-27ef-4990-85cf-49287850296c,2026-06-02T19:45:00Z,2026-06-02T21:45:00+0200,-25.28,EUR/MWh,FR,FR,imbalance_price,Short,2026-06-07T17:42:53Z
2026-06-07T17:41:56Z,2026-06-07T19:41:56+0200,9fbaedea-27ef-4990-85cf-49287850296c,2026-06-02T20:00:00Z,2026-06-02T22:00:00+0200,13.67,EUR/MWh,FR,FR,imbalance_price,Long,2026-06-07T17:42:53Z
2026-06-07T17:41:56Z,2026-06-07T19:41:56+0200,9fbaedea-27ef-4990-85cf-49287850296c,2026-06-02T20:00:00Z,2026-06-02T22:00:00+0200,15.69,EUR/MWh,FR,FR,imbalance_price,Short,2026-06-07T17:42:53Z
2026-06-07T17:41:56Z,2026-06-07T19:41:56+0200,9fbaedea-27ef-4990-85cf-49287850296c,2026-06-02T20:15:00Z,2026-06-02T22:15:00+0200,14.36,EUR/MWh,FR,FR,imbalance_price,Long,2026-06-07T17:42:53Z
2026-06-07T17:41:56Z,2026-06-07T19:41:56+0200,9fbaedea-27ef-4990-85cf-49287850296c,2026-06-02T20:15:00Z,2026-06-02T22:15:00+0200,16.48,EUR/MWh,FR,FR,imbalance_price,Short,2026-06-07T17:42:53Z
2026-06-07T17:41:56Z,2026-06-07T19:41:56+0200,9fbaedea-27ef-4990-85cf-49287850296c,2026-06-02T20:30:00Z,2026-06-02T22:30:00+0200,12.92,EUR/MWh,FR,FR,imbalance_price,Long,2026-06-07T17:42:53Z
2026-06-07T17:41:56Z,2026-06-07T19:41:56+0200,9fbaedea-27ef-4990-85cf-49287850296c,2026-06-02T20:30:00Z,2026-06-02T22:30:00+0200,14.84,EUR/MWh,FR,FR,imbalance_price,Short,2026-06-07T17:42:53Z
2026-06-07T17:41:56Z,2026-06-07T19:41:56+0200,9fbaedea-27ef-4990-85cf-49287850296c,2026-06-02T20:45:00Z,2026-06-02T22:45:00+0200,9.26,EUR/MWh,FR,FR,imbalance_price,Long,2026-06-07T17:42:53Z
2026-06-07T17:41:56Z,2026-06-07T19:41:56+0200,9fbaedea-27ef-4990-85cf-49287850296c,2026-06-02T20:45:00Z,2026-06-02T22:45:00+0200,10.64,EUR/MWh,FR,FR,imbalance_price,Short,2026-06-07T17:42:53Z
2026-06-07T17:41:56Z,2026-06-07T19:41:56+0200,9fbaedea-27ef-4990-85cf-49287850296c,2026-06-02T21:00:00Z,2026-06-02T23:00:00+0200,12.23,EUR/MWh,FR,FR,imbalance_price,Long,2026-06-07T17:42:53Z
2026-06-07T17:41:56Z,2026-06-07T19:41:56+0200,9fbaedea-27ef-4990-85cf-49287850296c,2026-06-02T21:00:00Z,2026-06-02T23:00:00+0200,14.05,EUR/MWh,FR,FR,imbalance_price,Short,2026-06-07T17:42:53Z
2026-06-07T17:41:56Z,2026-06-07T19:41:56+0200,9fbaedea-27ef-4990-85cf-49287850296c,2026-06-02T21:15:00Z,2026-06-02T23:15:00+0200,3.74,EUR/MWh,FR,FR,imbalance_price,Long,2026-06-07T17:42:53Z
2026-06-07T17:41:56Z,2026-06-07T19:41:56+0200,9fbaedea-27ef-4990-85cf-49287850296c,2026-06-02T21:15:00Z,2026-06-02T23:15:00+0200,4.3,EUR/MWh,FR,FR,imbalance_price,Short,2026-06-07T17:42:53Z
2026-06-07T17:41:56Z,2026-06-07T19:41:56+0200,9fbaedea-27ef-4990-85cf-49287850296c,2026-06-02T21:30:00Z,2026-06-02T23:30:00+0200,13.55,EUR/MWh,FR,FR,imbalance_price,Long,2026-06-07T17:42:53Z
2026-06-07T17:41:56Z,2026-06-07T19:41:56+0200,9fbaedea-27ef-4990-85cf-49287850296c,2026-06-02T21:30:00Z,2026-06-02T23:30:00+0200,15.55,EUR/MWh,FR,FR,imbalance_price,Short,2026-06-07T17:42:53Z
2026-06-07T17:41:56Z,2026-06-07T19:41:56+0200,9fbaedea-27ef-4990-85cf-49287850296c,2026-06-02T21:45:00Z,2026-06-02T23:45:00+0200,-15.72,EUR/MWh,FR,FR,imbalance_price,Long,2026-06-07T17:42:53Z
2026-06-07T17:41:56Z,2026-06-07T19:41:56+0200,9fbaedea-27ef-4990-85cf-49287850296c,2026-06-02T21:45:00Z,2026-06-02T23:45:00+0200,-13.7,EUR/MWh,FR,FR,imbalance_price,Short,2026-06-07T17:42:53Z
2026-06-07T17:41:56Z,2026-06-07T19:41:56+0200,9fbaedea-27ef-4990-85cf-49287850296c,2026-06-02T22:00:00Z,2026-06-03T00:00:00+0200,-142.21,EUR/MWh,FR,FR,imbalance_price,Long,2026-06-07T17:42:53Z
2026-06-07T17:41:56Z,2026-06-07T19:41:56+0200,9fbaedea-27ef-4990-85cf-49287850296c,2026-06-02T22:00:00Z,2026-06-03T00:00:00+0200,-123.85,EUR/MWh,FR,FR,imbalance_price,Short,2026-06-07T17:42:53Z
2026-06-07T17:41:56Z,2026-06-07T19:41:56+0200,9fbaedea-27ef-4990-85cf-49287850296c,2026-06-02T22:15:00Z,2026-06-03T00:15:00+0200,-1.15,EUR/MWh,FR,FR,imbalance_price,Long,2026-06-07T17:42:53Z
2026-06-07T17:41:56Z,2026-06-07T19:41:56+0200,9fbaedea-27ef-4990-85cf-49287850296c,2026-06-02T22:15:00Z,2026-06-03T00:15:00+0200,-1.01,EUR/MWh,FR,FR,imbalance_price,Short,2026-06-07T17:42:53Z
2026-06-07T17:41:56Z,2026-06-07T19:41:56+0200,9fbaedea-27ef-4990-85cf-49287850296c,2026-06-02T22:30:00Z,2026-06-03T00:30:00+0200,-68.92,EUR/MWh,FR,FR,imbalance_price,Long,2026-06-07T17:42:53Z
2026-06-07T17:41:56Z,2026-06-07T19:41:56+0200,9fbaedea-27ef-4990-85cf-49287850296c,2026-06-02T22:30:00Z,2026-06-03T00:30:00+0200,-60.02,EUR/MWh,FR,FR,imbalance_price,Short,2026-06-07T17:42:53Z
2026-06-07T17:41:56Z,2026-06-07T19:41:56+0200,9fbaedea-27ef-4990-85cf-49287850296c,2026-06-02T22:45:00Z,2026-06-03T00:45:00+0200,-211.2,EUR/MWh,FR,FR,imbalance_price,Long,2026-06-07T17:42:53Z
2026-06-07T17:41:56Z,2026-06-07T19:41:56+0200,9fbaedea-27ef-4990-85cf-49287850296c,2026-06-02T22:45:00Z,2026-06-03T00:45:00+0200,-183.94,EUR/MWh,FR,FR,imbalance_price,Short,2026-06-07T17:42:53Z
2026-06-07T17:41:56Z,2026-06-07T19:41:56+0200,9fbaedea-27ef-4990-85cf-49287850296c,2026-06-02T23:00:00Z,2026-06-03T01:00:00+0200,-12.91,EUR/MWh,FR,FR,imbalance_price,Long,2026-06-07T17:42:53Z
2026-06-07T17:41:56Z,2026-06-07T19:41:56+0200,9fbaedea-27ef-4990-85cf-49287850296c,2026-06-02T23:00:00Z,2026-06-03T01:00:00+0200,-11.25,EUR/MWh,FR,FR,imbalance_price,Short,2026-06-07T17:42:53Z
2026-06-07T17:41:56Z,2026-06-07T19:41:56+0200,9fbaedea-27ef-4990-85cf-49287850296c,2026-06-02T23:15:00Z,2026-06-03T01:15:00+0200,-2.77,EUR/MWh,FR,FR,imbalance_price,Long,2026-06-07T17:42:53Z
2026-06-07T17:41:56Z,2026-06-07T19:41:56+0200,9fbaedea-27ef-4990-85cf-49287850296c,2026-06-02T23:15:00Z,2026-06-03T01:15:00+0200,-2.41,EUR/MWh,FR,FR,imbalance_price,Short,2026-06-07T17:42:53Z
2026-06-07T17:41:56Z,2026-06-07T19:41:56+0200,9fbaedea-27ef-4990-85cf-49287850296c,2026-06-02T23:30:00Z,2026-06-03T01:30:00+0200,0.39,EUR/MWh,FR,FR,imbalance_price,Long,2026-06-07T17:42:53Z
2026-06-07T17:41:56Z,2026-06-07T19:41:56+0200,9fbaedea-27ef-4990-85cf-49287850296c,2026-06-02T23:30:00Z,2026-06-03T01:30:00+0200,0.45,EUR/MWh,FR,FR,imbalance_price,Short,2026-06-07T17:42:53Z
2026-06-07T17:41:56Z,2026-06-07T19:41:56+0200,9fbaedea-27ef-4990-85cf-49287850296c,2026-06-02T23:45:00Z,2026-06-03T01:45:00+0200,-157.5,EUR/MWh,FR,FR,imbalance_price,Long,2026-06-07T17:42:53Z
2026-06-07T17:41:56Z,2026-06-07T19:41:56+0200,9fbaedea-27ef-4990-85cf-49287850296c,2026-06-02T23:45:00Z,2026-06-03T01:45:00+0200,-137.16,EUR/MWh,FR,FR,imbalance_price,Short,2026-06-07T17:42:53Z
2026-06-07T17:41:56Z,2026-06-07T19:41:56+0200,9fbaedea-27ef-4990-85cf-49287850296c,2026-06-03T00:00:00Z,2026-06-03T02:00:00+0200,-336.72,EUR/MWh,FR,FR,imbalance_price,Long,2026-06-07T17:42:53Z
2026-06-07T17:41:56Z,2026-06-07T19:41:56+0200,9fbaedea-27ef-4990-85cf-49287850296c,2026-06-03T00:00:00Z,2026-06-03T02:00:00+0200,-293.26,EUR/MWh,FR,FR,imbalance_price,Short,2026-06-07T17:42:53Z
2026-06-07T17:41:56Z,2026-06-07T19:41:56+0200,9fbaedea-27ef-4990-85cf-49287850296c,2026-06-03T00:15:00Z,2026-06-03T02:15:00+0200,-118.12,EUR/MWh,FR,FR,imbalance_price,Long,2026-06-07T17:42:53Z
2026-06-07T17:41:56Z,2026-06-07T19:41:56+0200,9fbaedea-27ef-4990-85cf-49287850296c,2026-06-03T00:15:00Z,2026-06-03T02:15:00+0200,-102.88,EUR/MWh,FR,FR,imbalance_price,Short,2026-06-07T17:42:53Z
2026-06-07T17:41:56Z,2026-06-07T19:41:56+0200,9fbaedea-27ef-4990-85cf-49287850296c,2026-06-03T00:30:00Z,2026-06-03T02:30:00+0200,-89.15,EUR/MWh,FR,FR,imbalance_price,Long,2026-06-07T17:42:53Z
2026-06-07T17:41:56Z,2026-06-07T19:41:56+0200,9fbaedea-27ef-4990-85cf-49287850296c,2026-06-03T00:30:00Z,2026-06-03T02:30:00+0200,-77.65,EUR/MWh,FR,FR,imbalance_price,Short,2026-06-07T17:42:53Z
2026-06-07T17:41:56Z,2026-06-07T19:41:56+0200,9fbaedea-27ef-4990-85cf-49287850296c,2026-06-03T00:45:00Z,2026-06-03T02:45:00+0200,-96.7,EUR/MWh,FR,FR,imbalance_price,Long,2026-06-07T17:42:53Z
2026-06-07T17:41:56Z,2026-06-07T19:41:56+0200,9fbaedea-27ef-4990-85cf-49287850296c,2026-06-03T00:45:00Z,2026-06-03T02:45:00+0200,-84.22,EUR/MWh,FR,FR,imbalance_price,Short,2026-06-07T17:42:53Z
2026-06-07T17:41:56Z,2026-06-07T19:41:56+0200,9fbaedea-27ef-4990-85cf-49287850296c,2026-06-03T01:00:00Z,2026-06-03T03:00:00+0200,-92.32,EUR/MWh,FR,FR,imbalance_price,Long,2026-06-07T17:42:53Z
2026-06-07T17:41:56Z,2026-06-07T19:41:56+0200,9fbaedea-27ef-4990-85cf-49287850296c,2026-06-03T01:00:00Z,2026-06-03T03:00:00+0200,-80.4,EUR/MWh,FR,FR,imbalance_price,Short,2026-06-07T17:42:53Z
2026-06-07T17:41:56Z,2026-06-07T19:41:56+0200,9fbaedea-27ef-4990-85cf-49287850296c,2026-06-03T01:15:00Z,2026-06-03T03:15:00+0200,-85.66,EUR/MWh,FR,FR,imbalance_price,Long,2026-06-07T17:42:53Z
2026-06-07T17:41:56Z,2026-06-07T19:41:56+0200,9fbaedea-27ef-4990-85cf-49287850296c,2026-06-03T01:15:00Z,2026-06-03T03:15:00+0200,-74.6,EUR/MWh,FR,FR,imbalance_price,Short,2026-06-07T17:42:53Z
2026-06-07T17:41:56Z,2026-06-07T19:41:56+0200,9fbaedea-27ef-4990-85cf-49287850296c,2026-06-03T01:30:00Z,2026-06-03T03:30:00+0200,-85.14,EUR/MWh,FR,FR,imbalance_price,Long,2026-06-07T17:42:53Z
2026-06-07T17:41:56Z,2026-06-07T19:41:56+0200,9fbaedea-27ef-4990-85cf-49287850296c,2026-06-03T01:30:00Z,2026-06-03T03:30:00+0200,-74.14,EUR/MWh,FR,FR,imbalance_price,Short,2026-06-07T17:42:53Z
2026-06-07T17:41:56Z,2026-06-07T19:41:56+0200,9fbaedea-27ef-4990-85cf-49287850296c,2026-06-03T01:45:00Z,2026-06-03T03:45:00+0200,-85.19,EUR/MWh,FR,FR,imbalance_price,Long,2026-06-07T17:42:53Z
2026-06-07T17:41:56Z,2026-06-07T19:41:56+0200,9fbaedea-27ef-4990-85cf-49287850296c,2026-06-03T01:45:00Z,2026-06-03T03:45:00+0200,-74.19,EUR/MWh,FR,FR,imbalance_price,Short,2026-06-07T17:42:53Z
2026-06-07T17:41:56Z,2026-06-07T19:41:56+0200,9fbaedea-27ef-4990-85cf-49287850296c,2026-06-03T02:00:00Z,2026-06-03T04:00:00+0200,-85.02,EUR/MWh,FR,FR,imbalance_price,Long,2026-06-07T17:42:53Z
2026-06-07T17:41:56Z,2026-06-07T19:41:56+0200,9fbaedea-27ef-4990-85cf-49287850296c,2026-06-03T02:00:00Z,2026-06-03T04:00:00+0200,-74.04,EUR/MWh,FR,FR,imbalance_price,Short,2026-06-07T17:42:53Z
2026-06-07T17:41:56Z,2026-06-07T19:41:56+0200,9fbaedea-27ef-4990-85cf-49287850296c,2026-06-03T02:15:00Z,2026-06-03T04:15:00+0200,-85.15,EUR/MWh,FR,FR,imbalance_price,Long,2026-06-07T17:42:53Z
2026-06-07T17:41:56Z,2026-06-07T19:41:56+0200,9fbaedea-27ef-4990-85cf-49287850296c,2026-06-03T02:15:00Z,2026-06-03T04:15:00+0200,-74.15,EUR/MWh,FR,FR,imbalance_price,Short,2026-06-07T17:42:53Z
2026-06-07T17:41:56Z,2026-06-07T19:41:56+0200,9fbaedea-27ef-4990-85cf-49287850296c,2026-06-03T02:30:00Z,2026-06-03T04:30:00+0200,-56.52,EUR/MWh,FR,FR,imbalance_price,Long,2026-06-07T17:42:53Z
2026-06-07T17:41:56Z,2026-06-07T19:41:56+0200,9fbaedea-27ef-4990-85cf-49287850296c,2026-06-03T02:30:00Z,2026-06-03T04:30:00+0200,-49.22,EUR/MWh,FR,FR,imbalance_price,Short,2026-06-07T17:42:53Z
2026-06-07T17:41:56Z,2026-06-07T19:41:56+0200,9fbaedea-27ef-4990-85cf-49287850296c,2026-06-03T02:45:00Z,2026-06-03T04:45:00+0200,-24.39,EUR/MWh,FR,FR,imbalance_price,Long,2026-06-07T17:42:53Z
2026-06-07T17:41:56Z,2026-06-07T19:41:56+0200,9fbaedea-27ef-4990-85cf-49287850296c,2026-06-03T02:45:00Z,2026-06-03T04:45:00+0200,-21.25,EUR/MWh,FR,FR,imbalance_price,Short,2026-06-07T17:42:53Z
2026-06-07T17:41:56Z,2026-06-07T19:41:56+0200,9fbaedea-27ef-4990-85cf-49287850296c,2026-06-03T03:00:00Z,2026-06-03T05:00:00+0200,85.86,EUR/MWh,FR,FR,imbalance_price,Long,2026-06-07T17:42:53Z
2026-06-07T17:41:56Z,2026-06-07T19:41:56+0200,9fbaedea-27ef-4990-85cf-49287850296c,2026-06-03T03:00:00Z,2026-06-03T05:00:00+0200,98.58,EUR/MWh,FR,FR,imbalance_price,Short,2026-06-07T17:42:53Z
2026-06-07T17:41:56Z,2026-06-07T19:41:56+0200,9fbaedea-27ef-4990-85cf-49287850296c,2026-06-03T03:15:00Z,2026-06-03T05:15:00+0200,82.51,EUR/MWh,FR,FR,imbalance_price,Long,2026-06-07T17:42:53Z
2026-06-07T17:41:56Z,2026-06-07T19:41:56+0200,9fbaedea-27ef-4990-85cf-49287850296c,2026-06-03T03:15:00Z,2026-06-03T05:15:00+0200,94.75,EUR/MWh,FR,FR,imbalance_price,Short,2026-06-07T17:42:53Z
2026-06-07T17:41:56Z,2026-06-07T19:41:56+0200,9fbaedea-27ef-4990-85cf-49287850296c,2026-06-03T03:30:00Z,2026-06-03T05:30:00+0200,-24.74,EUR/MWh,FR,FR,imbalance_price,Long,2026-06-07T17:42:53Z
2026-06-07T17:41:56Z,2026-06-07T19:41:56+0200,9fbaedea-27ef-4990-85cf-49287850296c,2026-06-03T03:30:00Z,2026-06-03T05:30:00+0200,-21.54,EUR/MWh,FR,FR,imbalance_price,Short,2026-06-07T17:42:53Z
2026-06-07T17:41:56Z,2026-06-07T19:41:56+0200,9fbaedea-27ef-4990-85cf-49287850296c,2026-06-03T03:45:00Z,2026-06-03T05:45:00+0200,43.12,EUR/MWh,FR,FR,imbalance_price,Long,2026-06-07T17:42:53Z
2026-06-07T17:41:56Z,2026-06-07T19:41:56+0200,9fbaedea-27ef-4990-85cf-49287850296c,2026-06-03T03:45:00Z,2026-06-03T05:45:00+0200,49.52,EUR/MWh,FR,FR,imbalance_price,Short,2026-06-07T17:42:53Z
2026-06-07T17:41:56Z,2026-06-07T19:41:56+0200,9fbaedea-27ef-4990-85cf-49287850296c,2026-06-03T04:00:00Z,2026-06-03T06:00:00+0200,23.69,EUR/MWh,FR,FR,imbalance_price,Long,2026-06-07T17:42:53Z
2026-06-07T17:41:56Z,2026-06-07T19:41:56+0200,9fbaedea-27ef-4990-85cf-49287850296c,2026-06-03T04:00:00Z,2026-06-03T06:00:00+0200,27.21,EUR/MWh,FR,FR,imbalance_price,Short,2026-06-07T17:42:53Z
2026-06-07T17:41:56Z,2026-06-07T19:41:56+0200,9fbaedea-27ef-4990-85cf-49287850296c,2026-06-03T04:15:00Z,2026-06-03T06:15:00+0200,41.08,EUR/MWh,FR,FR,imbalance_price,Long,2026-06-07T17:42:53Z
2026-06-07T17:41:56Z,2026-06-07T19:41:56+0200,9fbaedea-27ef-4990-85cf-49287850296c,2026-06-03T04:15:00Z,2026-06-03T06:15:00+0200,47.16,EUR/MWh,FR,FR,imbalance_price,Short,2026-06-07T17:42:53Z
2026-06-07T17:41:56Z,2026-06-07T19:41:56+0200,9fbaedea-27ef-4990-85cf-49287850296c,2026-06-03T04:30:00Z,2026-06-03T06:30:00+0200,31.35,EUR/MWh,FR,FR,imbalance_price,Long,2026-06-07T17:42:53Z
2026-06-07T17:41:56Z,2026-06-07T19:41:56+0200,9fbaedea-27ef-4990-85cf-49287850296c,2026-06-03T04:30:00Z,2026-06-03T06:30:00+0200,35.99,EUR/MWh,FR,FR,imbalance_price,Short,2026-06-07T17:42:53Z
2026-06-07T17:41:56Z,2026-06-07T19:41:56+0200,9fbaedea-27ef-4990-85cf-49287850296c,2026-06-03T04:45:00Z,2026-06-03T06:45:00+0200,15.27,EUR/MWh,FR,FR,imbalance_price,Long,2026-06-07T17:42:53Z
2026-06-07T17:41:56Z,2026-06-07T19:41:56+0200,9fbaedea-27ef-4990-85cf-49287850296c,2026-06-03T04:45:00Z,2026-06-03T06:45:00+0200,17.53,EUR/MWh,FR,FR,imbalance_price,Short,2026-06-07T17:42:53Z
2026-06-07T17:41:56Z,2026-06-07T19:41:56+0200,9fbaedea-27ef-4990-85cf-49287850296c,2026-06-03T05:00:00Z,2026-06-03T07:00:00+0200,-351.31,EUR/MWh,FR,FR,imbalance_price,Long,2026-06-07T17:42:53Z
2026-06-07T17:41:56Z,2026-06-07T19:41:56+0200,9fbaedea-27ef-4990-85cf-49287850296c,2026-06-03T05:00:00Z,2026-06-03T07:00:00+0200,-305.95,EUR/MWh,FR,FR,imbalance_price,Short,2026-06-07T17:42:53Z
2026-06-07T17:41:56Z,2026-06-07T19:41:56+0200,9fbaedea-27ef-4990-85cf-49287850296c,2026-06-03T05:15:00Z,2026-06-03T07:15:00+0200,-355.49,EUR/MWh,FR,FR,imbalance_price,Long,2026-06-07T17:42:53Z
2026-06-07T17:41:56Z,2026-06-07T19:41:56+0200,9fbaedea-27ef-4990-85cf-49287850296c,2026-06-03T05:15:00Z,2026-06-03T07:15:00+0200,-309.59,EUR/MWh,FR,FR,imbalance_price,Short,2026-06-07T17:42:53Z
2026-06-07T17:41:56Z,2026-06-07T19:41:56+0200,9fbaedea-27ef-4990-85cf-49287850296c,2026-06-03T05:30:00Z,2026-06-03T07:30:00+0200,-319.18,EUR/MWh,FR,FR,imbalance_price,Long,2026-06-07T17:42:53Z
2026-06-07T17:41:56Z,2026-06-07T19:41:56+0200,9fbaedea-27ef-4990-85cf-49287850296c,2026-06-03T05:30:00Z,2026-06-03T07:30:00+0200,-277.98,EUR/MWh,FR,FR,imbalance_price,Short,2026-06-07T17:42:53Z
2026-06-07T17:41:56Z,2026-06-07T19:41:56+0200,9fbaedea-27ef-4990-85cf-49287850296c,2026-06-03T05:45:00Z,2026-06-03T07:45:00+0200,-322.28,EUR/MWh,FR,FR,imbalance_price,Long,2026-06-07T17:42:53Z
2026-06-07T17:41:56Z,2026-06-07T19:41:56+0200,9fbaedea-27ef-4990-85cf-49287850296c,2026-06-03T05:45:00Z,2026-06-03T07:45:00+0200,-280.68,EUR/MWh,FR,FR,imbalance_price,Short,2026-06-07T17:42:53Z
2026-06-07T17:41:56Z,2026-06-07T19:41:56+0200,9fbaedea-27ef-4990-85cf-49287850296c,2026-06-03T06:00:00Z,2026-06-03T08:00:00+0200,-51.5,EUR/MWh,FR,FR,imbalance_price,Long,2026-06-07T17:42:53Z
2026-06-07T17:41:56Z,2026-06-07T19:41:56+0200,9fbaedea-27ef-4990-85cf-49287850296c,2026-06-03T06:00:00Z,2026-06-03T08:00:00+0200,-44.86,EUR/MWh,FR,FR,imbalance_price,Short,2026-06-07T17:42:53Z
2026-06-07T17:41:56Z,2026-06-07T19:41:56+0200,9fbaedea-27ef-4990-85cf-49287850296c,2026-06-03T06:15:00Z,2026-06-03T08:15:00+0200,-41.33,EUR/MWh,FR,FR,imbalance_price,Long,2026-06-07T17:42:53Z
2026-06-07T17:41:56Z,2026-06-07T19:41:56+0200,9fbaedea-27ef-4990-85cf-49287850296c,2026-06-03T06:15:00Z,2026-06-03T08:15:00+0200,-35.99,EUR/MWh,FR,FR,imbalance_price,Short,2026-06-07T17:42:53Z
2026-06-07T17:41:56Z,2026-06-07T19:41:56+0200,9fbaedea-27ef-4990-85cf-49287850296c,2026-06-03T06:30:00Z,2026-06-03T08:30:00+0200,-25.88,EUR/MWh,FR,FR,imbalance_price,Long,2026-06-07T17:42:53Z
2026-06-07T17:41:56Z,2026-06-07T19:41:56+0200,9fbaedea-27ef-4990-85cf-49287850296c,2026-06-03T06:30:00Z,2026-06-03T08:30:00+0200,-22.54,EUR/MWh,FR,FR,imbalance_price,Short,2026-06-07T17:42:53Z
2026-06-07T17:41:56Z,2026-06-07T19:41:56+0200,9fbaedea-27ef-4990-85cf-49287850296c,2026-06-03T06:45:00Z,2026-06-03T08:45:00+0200,-79.78,EUR/MWh,FR,FR,imbalance_price,Long,2026-06-07T17:42:53Z
2026-06-07T17:41:56Z,2026-06-07T19:41:56+0200,9fbaedea-27ef-4990-85cf-49287850296c,2026-06-03T06:45:00Z,2026-06-03T08:45:00+0200,-69.48,EUR/MWh,FR,FR,imbalance_price,Short,2026-06-07T17:42:53Z
2026-06-07T17:41:56Z,2026-06-07T19:41:56+0200,9fbaedea-27ef-4990-85cf-49287850296c,2026-06-03T07:00:00Z,2026-06-03T09:00:00+0200,18.99,EUR/MWh,FR,FR,imbalance_price,Long,2026-06-07T17:42:53Z
2026-06-07T17:41:56Z,2026-06-07T19:41:56+0200,9fbaedea-27ef-4990-85cf-49287850296c,2026-06-03T07:00:00Z,2026-06-03T09:00:00+0200,21.81,EUR/MWh,FR,FR,imbalance_price,Short,2026-06-07T17:42:53Z
2026-06-07T17:41:56Z,2026-06-07T19:41:56+0200,9fbaedea-27ef-4990-85cf-49287850296c,2026-06-03T07:15:00Z,2026-06-03T09:15:00+0200,-14.77,EUR/MWh,FR,FR,imbalance_price,Long,2026-06-07T17:42:53Z
2026-06-07T17:41:56Z,2026-06-07T19:41:56+0200,9fbaedea-27ef-4990-85cf-49287850296c,2026-06-03T07:15:00Z,2026-06-03T09:15:00+0200,-12.87,EUR/MWh,FR,FR,imbalance_price,Short,2026-06-07T17:42:53Z
2026-06-07T17:41:56Z,2026-06-07T19:41:56+0200,9fbaedea-27ef-4990-85cf-49287850296c,2026-06-03T07:30:00Z,2026-06-03T09:30:00+0200,-58.11,EUR/MWh,FR,FR,imbalance_price,Long,2026-06-07T17:42:53Z
2026-06-07T17:41:56Z,2026-06-07T19:41:56+0200,9fbaedea-27ef-4990-85cf-49287850296c,2026-06-03T07:30:00Z,2026-06-03T09:30:00+0200,-50.61,EUR/MWh,FR,FR,imbalance_price,Short,2026-06-07T17:42:53Z
2026-06-07T17:41:56Z,2026-06-07T19:41:56+0200,9fbaedea-27ef-4990-85cf-49287850296c,2026-06-03T07:45:00Z,2026-06-03T09:45:00+0200,-65.16,EUR/MWh,FR,FR,imbalance_price,Long,2026-06-07T17:42:53Z
2026-06-07T17:41:56Z,2026-06-07T19:41:56+0200,9fbaedea-27ef-4990-85cf-49287850296c,2026-06-03T07:45:00Z,2026-06-03T09:45:00+0200,-56.74,EUR/MWh,FR,FR,imbalance_price,Short,2026-06-07T17:42:53Z
2026-06-07T17:41:56Z,2026-06-07T19:41:56+0200,9fbaedea-27ef-4990-85cf-49287850296c,2026-06-03T08:00:00Z,2026-06-03T10:00:00+0200,-319.65,EUR/MWh,FR,FR,imbalance_price,Long,2026-06-07T17:42:53Z
2026-06-07T17:41:56Z,2026-06-07T19:41:56+0200,9fbaedea-27ef-4990-85cf-49287850296c,2026-06-03T08:00:00Z,2026-06-03T10:00:00+0200,-278.39,EUR/MWh,FR,FR,imbalance_price,Short,2026-06-07T17:42:53Z
2026-06-07T17:41:56Z,2026-06-07T19:41:56+0200,9fbaedea-27ef-4990-85cf-49287850296c,2026-06-03T08:15:00Z,2026-06-03T10:15:00+0200,-304.92,EUR/MWh,FR,FR,imbalance_price,Long,2026-06-07T17:42:53Z
2026-06-07T17:41:56Z,2026-06-07T19:41:56+0200,9fbaedea-27ef-4990-85cf-49287850296c,2026-06-03T08:15:00Z,2026-06-03T10:15:00+0200,-265.56,EUR/MWh,FR,FR,imbalance_price,Short,2026-06-07T17:42:53Z
2026-06-07T17:41:56Z,2026-06-07T19:41:56+0200,9fbaedea-27ef-4990-85cf-49287850296c,2026-06-03T08:30:00Z,2026-06-03T10:30:00+0200,-86.4,EUR/MWh,FR,FR,imbalance_price,Long,2026-06-07T17:42:53Z
2026-06-07T17:41:56Z,2026-06-07T19:41:56+0200,9fbaedea-27ef-4990-85cf-49287850296c,2026-06-03T08:30:00Z,2026-06-03T10:30:00+0200,-75.24,EUR/MWh,FR,FR,imbalance_price,Short,2026-06-07T17:42:53Z
2026-06-07T17:41:56Z,2026-06-07T19:41:56+0200,9fbaedea-27ef-4990-85cf-49287850296c,2026-06-03T08:45:00Z,2026-06-03T10:45:00+0200,-95.6,EUR/MWh,FR,FR,imbalance_price,Long,2026-06-07T17:42:53Z
2026-06-07T17:41:56Z,2026-06-07T19:41:56+0200,9fbaedea-27ef-4990-85cf-49287850296c,2026-06-03T08:45:00Z,2026-06-03T10:45:00+0200,-83.26,EUR/MWh,FR,FR,imbalance_price,Short,2026-06-07T17:42:53Z
2026-06-07T17:41:56Z,2026-06-07T19:41:56+0200,9fbaedea-27ef-4990-85cf-49287850296c,2026-06-03T09:00:00Z,2026-06-03T11:00:00+0200,-95.97,EUR/MWh,FR,FR,imbalance_price,Long,2026-06-07T17:42:53Z
2026-06-07T17:41:56Z,2026-06-07T19:41:56+0200,9fbaedea-27ef-4990-85cf-49287850296c,2026-06-03T09:00:00Z,2026-06-03T11:00:00+0200,-83.59,EUR/MWh,FR,FR,imbalance_price,Short,2026-06-07T17:42:53Z
2026-06-07T17:41:56Z,2026-06-07T19:41:56+0200,9fbaedea-27ef-4990-85cf-49287850296c,2026-06-03T09:15:00Z,2026-06-03T11:15:00+0200,-91.24,EUR/MWh,FR,FR,imbalance_price,Long,2026-06-07T17:42:53Z
2026-06-07T17:41:56Z,2026-06-07T19:41:56+0200,9fbaedea-27ef-4990-85cf-49287850296c,2026-06-03T09:15:00Z,2026-06-03T11:15:00+0200,-79.46,EUR/MWh,FR,FR,imbalance_price,Short,2026-06-07T17:42:53Z
2026-06-07T17:41:56Z,2026-06-07T19:41:56+0200,9fbaedea-27ef-4990-85cf-49287850296c,2026-06-03T09:30:00Z,2026-06-03T11:30:00+0200,-93.79,EUR/MWh,FR,FR,imbalance_price,Long,2026-06-07T17:42:53Z
2026-06-07T17:41:56Z,2026-06-07T19:41:56+0200,9fbaedea-27ef-4990-85cf-49287850296c,2026-06-03T09:30:00Z,2026-06-03T11:30:00+0200,-81.69,EUR/MWh,FR,FR,imbalance_price,Short,2026-06-07T17:42:53Z
2026-06-07T17:41:56Z,2026-06-07T19:41:56+0200,9fbaedea-27ef-4990-85cf-49287850296c,2026-06-03T09:45:00Z,2026-06-03T11:45:00+0200,-96.11,EUR/MWh,FR,FR,imbalance_price,Long,2026-06-07T17:42:53Z
2026-06-07T17:41:56Z,2026-06-07T19:41:56+0200,9fbaedea-27ef-4990-85cf-49287850296c,2026-06-03T09:45:00Z,2026-06-03T11:45:00+0200,-83.71,EUR/MWh,FR,FR,imbalance_price,Short,2026-06-07T17:42:53Z
2026-06-07T17:41:56Z,2026-06-07T19:41:56+0200,9fbaedea-27ef-4990-85cf-49287850296c,2026-06-03T10:00:00Z,2026-06-03T12:00:00+0200,-78.96,EUR/MWh,FR,FR,imbalance_price,Long,2026-06-07T17:42:53Z
2026-06-07T17:41:56Z,2026-06-07T19:41:56+0200,9fbaedea-27ef-4990-85cf-49287850296c,2026-06-03T10:00:00Z,2026-06-03T12:00:00+0200,-68.76,EUR/MWh,FR,FR,imbalance_price,Short,2026-06-07T17:42:53Z
2026-06-07T17:41:56Z,2026-06-07T19:41:56+0200,9fbaedea-27ef-4990-85cf-49287850296c,2026-06-03T10:15:00Z,2026-06-03T12:15:00+0200,-18.91,EUR/MWh,FR,FR,imbalance_price,Long,2026-06-07T17:42:53Z
2026-06-07T17:41:56Z,2026-06-07T19:41:56+0200,9fbaedea-27ef-4990-85cf-49287850296c,2026-06-03T10:15:00Z,2026-06-03T12:15:00+0200,-16.47,EUR/MWh,FR,FR,imbalance_price,Short,2026-06-07T17:42:53Z
2026-06-07T17:41:56Z,2026-06-07T19:41:56+0200,9fbaedea-27ef-4990-85cf-49287850296c,2026-06-03T10:30:00Z,2026-06-03T12:30:00+0200,-20.18,EUR/MWh,FR,FR,imbalance_price,Long,2026-06-07T17:42:53Z
2026-06-07T17:41:56Z,2026-06-07T19:41:56+0200,9fbaedea-27ef-4990-85cf-49287850296c,2026-06-03T10:30:00Z,2026-06-03T12:30:00+0200,-17.58,EUR/MWh,FR,FR,imbalance_price,Short,2026-06-07T17:42:53Z
2026-06-07T17:41:56Z,2026-06-07T19:41:56+0200,9fbaedea-27ef-4990-85cf-49287850296c,2026-06-03T10:45:00Z,2026-06-03T12:45:00+0200,-18.42,EUR/MWh,FR,FR,imbalance_price,Long,2026-06-07T17:42:53Z
2026-06-07T17:41:56Z,2026-06-07T19:41:56+0200,9fbaedea-27ef-4990-85cf-49287850296c,2026-06-03T10:45:00Z,2026-06-03T12:45:00+0200,-16.04,EUR/MWh,FR,FR,imbalance_price,Short,2026-06-07T17:42:53Z
2026-06-07T17:41:56Z,2026-06-07T19:41:56+0200,9fbaedea-27ef-4990-85cf-49287850296c,2026-06-03T11:00:00Z,2026-06-03T13:00:00+0200,-20.79,EUR/MWh,FR,FR,imbalance_price,Long,2026-06-07T17:42:53Z
2026-06-07T17:41:56Z,2026-06-07T19:41:56+0200,9fbaedea-27ef-4990-85cf-49287850296c,2026-06-03T11:00:00Z,2026-06-03T13:00:00+0200,-18.11,EUR/MWh,FR,FR,imbalance_price,Short,2026-06-07T17:42:53Z
2026-06-07T17:41:56Z,2026-06-07T19:41:56+0200,9fbaedea-27ef-4990-85cf-49287850296c,2026-06-03T11:15:00Z,2026-06-03T13:15:00+0200,-71.44,EUR/MWh,FR,FR,imbalance_price,Long,2026-06-07T17:42:53Z
2026-06-07T17:41:56Z,2026-06-07T19:41:56+0200,9fbaedea-27ef-4990-85cf-49287850296c,2026-06-03T11:15:00Z,2026-06-03T13:15:00+0200,-62.22,EUR/MWh,FR,FR,imbalance_price,Short,2026-06-07T17:42:53Z
2026-06-07T17:41:56Z,2026-06-07T19:41:56+0200,9fbaedea-27ef-4990-85cf-49287850296c,2026-06-03T11:30:00Z,2026-06-03T13:30:00+0200,-24.33,EUR/MWh,FR,FR,imbalance_price,Long,2026-06-07T17:42:53Z
2026-06-07T17:41:56Z,2026-06-07T19:41:56+0200,9fbaedea-27ef-4990-85cf-49287850296c,2026-06-03T11:30:00Z,2026-06-03T13:30:00+0200,-21.19,EUR/MWh,FR,FR,imbalance_price,Short,2026-06-07T17:42:53Z
2026-06-07T17:41:56Z,2026-06-07T19:41:56+0200,9fbaedea-27ef-4990-85cf-49287850296c,2026-06-03T11:45:00Z,2026-06-03T13:45:00+0200,-25.89,EUR/MWh,FR,FR,imbalance_price,Long,2026-06-07T17:42:53Z
2026-06-07T17:41:56Z,2026-06-07T19:41:56+0200,9fbaedea-27ef-4990-85cf-49287850296c,2026-06-03T11:45:00Z,2026-06-03T13:45:00+0200,-22.55,EUR/MWh,FR,FR,imbalance_price,Short,2026-06-07T17:42:53Z
2026-06-07T17:41:56Z,2026-06-07T19:41:56+0200,9fbaedea-27ef-4990-85cf-49287850296c,2026-06-03T12:00:00Z,2026-06-03T14:00:00+0200,-20.21,EUR/MWh,FR,FR,imbalance_price,Long,2026-06-07T17:42:53Z
2026-06-07T17:41:56Z,2026-06-07T19:41:56+0200,9fbaedea-27ef-4990-85cf-49287850296c,2026-06-03T12:00:00Z,2026-06-03T14:00:00+0200,-17.61,EUR/MWh,FR,FR,imbalance_price,Short,2026-06-07T17:42:53Z
2026-06-07T17:41:56Z,2026-06-07T19:41:56+0200,9fbaedea-27ef-4990-85cf-49287850296c,2026-06-03T12:15:00Z,2026-06-03T14:15:00+0200,-25.27,EUR/MWh,FR,FR,imbalance_price,Long,2026-06-07T17:42:53Z
2026-06-07T17:41:56Z,2026-06-07T19:41:56+0200,9fbaedea-27ef-4990-85cf-49287850296c,2026-06-03T12:15:00Z,2026-06-03T14:15:00+0200,-22.01,EUR/MWh,FR,FR,imbalance_price,Short,2026-06-07T17:42:53Z
2026-06-07T17:41:56Z,2026-06-07T19:41:56+0200,9fbaedea-27ef-4990-85cf-49287850296c,2026-06-03T12:30:00Z,2026-06-03T14:30:00+0200,-26.36,EUR/MWh,FR,FR,imbalance_price,Long,2026-06-07T17:42:53Z
2026-06-07T17:41:56Z,2026-06-07T19:41:56+0200,9fbaedea-27ef-4990-85cf-49287850296c,2026-06-03T12:30:00Z,2026-06-03T14:30:00+0200,-22.96,EUR/MWh,FR,FR,imbalance_price,Short,2026-06-07T17:42:53Z
2026-06-07T17:41:56Z,2026-06-07T19:41:56+0200,9fbaedea-27ef-4990-85cf-49287850296c,2026-06-03T12:45:00Z,2026-06-03T14:45:00+0200,-29.0,EUR/MWh,FR,FR,imbalance_price,Long,2026-06-07T17:42:53Z
2026-06-07T17:41:56Z,2026-06-07T19:41:56+0200,9fbaedea-27ef-4990-85cf-49287850296c,2026-06-03T12:45:00Z,2026-06-03T14:45:00+0200,-25.26,EUR/MWh,FR,FR,imbalance_price,Short,2026-06-07T17:42:53Z
2026-06-07T17:41:56Z,2026-06-07T19:41:56+0200,9fbaedea-27ef-4990-85cf-49287850296c,2026-06-03T13:00:00Z,2026-06-03T15:00:00+0200,-65.84,EUR/MWh,FR,FR,imbalance_price,Long,2026-06-07T17:42:53Z
2026-06-07T17:41:56Z,2026-06-07T19:41:56+0200,9fbaedea-27ef-4990-85cf-49287850296c,2026-06-03T13:00:00Z,2026-06-03T15:00:00+0200,-57.34,EUR/MWh,FR,FR,imbalance_price,Short,2026-06-07T17:42:53Z
2026-06-07T17:41:56Z,2026-06-07T19:41:56+0200,9fbaedea-27ef-4990-85cf-49287850296c,2026-06-03T13:15:00Z,2026-06-03T15:15:00+0200,-30.93,EUR/MWh,FR,FR,imbalance_price,Long,2026-06-07T17:42:53Z
2026-06-07T17:41:56Z,2026-06-07T19:41:56+0200,9fbaedea-27ef-4990-85cf-49287850296c,2026-06-03T13:15:00Z,2026-06-03T15:15:00+0200,-26.93,EUR/MWh,FR,FR,imbalance_price,Short,2026-06-07T17:42:53Z
2026-06-07T17:41:56Z,2026-06-07T19:41:56+0200,9fbaedea-27ef-4990-85cf-49287850296c,2026-06-03T13:30:00Z,2026-06-03T15:30:00+0200,-26.86,EUR/MWh,FR,FR,imbalance_price,Long,2026-06-07T17:42:53Z
2026-06-07T17:41:56Z,2026-06-07T19:41:56+0200,9fbaedea-27ef-4990-85cf-49287850296c,2026-06-03T13:30:00Z,2026-06-03T15:30:00+0200,-23.4,EUR/MWh,FR,FR,imbalance_price,Short,2026-06-07T17:42:53Z
2026-06-07T17:41:56Z,2026-06-07T19:41:56+0200,9fbaedea-27ef-4990-85cf-49287850296c,2026-06-03T13:45:00Z,2026-06-03T15:45:00+0200,-31.17,EUR/MWh,FR,FR,imbalance_price,Long,2026-06-07T17:42:53Z
2026-06-07T17:41:56Z,2026-06-07T19:41:56+0200,9fbaedea-27ef-4990-85cf-49287850296c,2026-06-03T13:45:00Z,2026-06-03T15:45:00+0200,-27.15,EUR/MWh,FR,FR,imbalance_price,Short,2026-06-07T17:42:53Z
2026-06-07T17:41:56Z,2026-06-07T19:41:56+0200,9fbaedea-27ef-4990-85cf-49287850296c,2026-06-03T14:00:00Z,2026-06-03T16:00:00+0200,-31.76,EUR/MWh,FR,FR,imbalance_price,Long,2026-06-07T17:42:53Z
2026-06-07T17:41:56Z,2026-06-07T19:41:56+0200,9fbaedea-27ef-4990-85cf-49287850296c,2026-06-03T14:00:00Z,2026-06-03T16:00:00+0200,-27.66,EUR/MWh,FR,FR,imbalance_price,Short,2026-06-07T17:42:53Z
2026-06-07T17:41:56Z,2026-06-07T19:41:56+0200,9fbaedea-27ef-4990-85cf-49287850296c,2026-06-03T14:15:00Z,2026-06-03T16:15:00+0200,-20.75,EUR/MWh,FR,FR,imbalance_price,Long,2026-06-07T17:42:53Z
2026-06-07T17:41:56Z,2026-06-07T19:41:56+0200,9fbaedea-27ef-4990-85cf-49287850296c,2026-06-03T14:15:00Z,2026-06-03T16:15:00+0200,-18.07,EUR/MWh,FR,FR,imbalance_price,Short,2026-06-07T17:42:53Z
2026-06-07T17:41:56Z,2026-06-07T19:41:56+0200,9fbaedea-27ef-4990-85cf-49287850296c,2026-06-03T14:30:00Z,2026-06-03T16:30:00+0200,-155.98,EUR/MWh,FR,FR,imbalance_price,Long,2026-06-07T17:42:53Z
2026-06-07T17:41:56Z,2026-06-07T19:41:56+0200,9fbaedea-27ef-4990-85cf-49287850296c,2026-06-03T14:30:00Z,2026-06-03T16:30:00+0200,-135.84,EUR/MWh,FR,FR,imbalance_price,Short,2026-06-07T17:42:53Z
2026-06-07T17:41:56Z,2026-06-07T19:41:56+0200,9fbaedea-27ef-4990-85cf-49287850296c,2026-06-03T14:45:00Z,2026-06-03T16:45:00+0200,-113.86,EUR/MWh,FR,FR,imbalance_price,Long,2026-06-07T17:42:53Z
2026-06-07T17:41:56Z,2026-06-07T19:41:56+0200,9fbaedea-27ef-4990-85cf-49287850296c,2026-06-03T14:45:00Z,2026-06-03T16:45:00+0200,-99.16,EUR/MWh,FR,FR,imbalance_price,Short,2026-06-07T17:42:53Z
2026-06-07T17:41:56Z,2026-06-07T19:41:56+0200,9fbaedea-27ef-4990-85cf-49287850296c,2026-06-03T15:00:00Z,2026-06-03T17:00:00+0200,-6.42,EUR/MWh,FR,FR,imbalance_price,Long,2026-06-07T17:42:53Z
2026-06-07T17:41:56Z,2026-06-07T19:41:56+0200,9fbaedea-27ef-4990-85cf-49287850296c,2026-06-03T15:00:00Z,2026-06-03T17:00:00+0200,-5.6,EUR/MWh,FR,FR,imbalance_price,Short,2026-06-07T17:42:53Z
2026-06-07T17:41:56Z,2026-06-07T19:41:56+0200,9fbaedea-27ef-4990-85cf-49287850296c,2026-06-03T15:15:00Z,2026-06-03T17:15:00+0200,-74.07,EUR/MWh,FR,FR,imbalance_price,Long,2026-06-07T17:42:53Z
2026-06-07T17:41:56Z,2026-06-07T19:41:56+0200,9fbaedea-27ef-4990-85cf-49287850296c,2026-06-03T15:15:00Z,2026-06-03T17:15:00+0200,-64.51,EUR/MWh,FR,FR,imbalance_price,Short,2026-06-07T17:42:53Z
2026-06-07T17:41:56Z,2026-06-07T19:41:56+0200,9fbaedea-27ef-4990-85cf-49287850296c,2026-06-03T15:30:00Z,2026-06-03T17:30:00+0200,28.24,EUR/MWh,FR,FR,imbalance_price,Long,2026-06-07T17:42:53Z
2026-06-07T17:41:56Z,2026-06-07T19:41:56+0200,9fbaedea-27ef-4990-85cf-49287850296c,2026-06-03T15:30:00Z,2026-06-03T17:30:00+0200,32.42,EUR/MWh,FR,FR,imbalance_price,Short,2026-06-07T17:42:53Z
2026-06-07T17:41:56Z,2026-06-07T19:41:56+0200,9fbaedea-27ef-4990-85cf-49287850296c,2026-06-03T15:45:00Z,2026-06-03T17:45:00+0200,-25.88,EUR/MWh,FR,FR,imbalance_price,Long,2026-06-07T17:42:53Z
2026-06-07T17:41:56Z,2026-06-07T19:41:56+0200,9fbaedea-27ef-4990-85cf-49287850296c,2026-06-03T15:45:00Z,2026-06-03T17:45:00+0200,-22.54,EUR/MWh,FR,FR,imbalance_price,Short,2026-06-07T17:42:53Z
2026-06-07T17:41:56Z,2026-06-07T19:41:56+0200,9fbaedea-27ef-4990-85cf-49287850296c,2026-06-03T16:00:00Z,2026-06-03T18:00:00+0200,-426.08,EUR/MWh,FR,FR,imbalance_price,Long,2026-06-07T17:42:53Z
2026-06-07T17:41:56Z,2026-06-07T19:41:56+0200,9fbaedea-27ef-4990-85cf-49287850296c,2026-06-03T16:00:00Z,2026-06-03T18:00:00+0200,-371.08,EUR/MWh,FR,FR,imbalance_price,Short,2026-06-07T17:42:53Z
2026-06-07T17:41:56Z,2026-06-07T19:41:56+0200,9fbaedea-27ef-4990-85cf-49287850296c,2026-06-03T16:15:00Z,2026-06-03T18:15:00+0200,-0.72,EUR/MWh,FR,FR,imbalance_price,Long,2026-06-07T17:42:53Z
2026-06-07T17:41:56Z,2026-06-07T19:41:56+0200,9fbaedea-27ef-4990-85cf-49287850296c,2026-06-03T16:15:00Z,2026-06-03T18:15:00+0200,-0.62,EUR/MWh,FR,FR,imbalance_price,Short,2026-06-07T17:42:53Z
2026-06-07T17:41:56Z,2026-06-07T19:41:56+0200,9fbaedea-27ef-4990-85cf-49287850296c,2026-06-03T16:30:00Z,2026-06-03T18:30:00+0200,39.42,EUR/MWh,FR,FR,imbalance_price,Long,2026-06-07T17:42:53Z
2026-06-07T17:41:56Z,2026-06-07T19:41:56+0200,9fbaedea-27ef-4990-85cf-49287850296c,2026-06-03T16:30:00Z,2026-06-03T18:30:00+0200,45.26,EUR/MWh,FR,FR,imbalance_price,Short,2026-06-07T17:42:53Z
2026-06-07T17:41:56Z,2026-06-07T19:41:56+0200,9fbaedea-27ef-4990-85cf-49287850296c,2026-06-03T16:45:00Z,2026-06-03T18:45:00+0200,24.28,EUR/MWh,FR,FR,imbalance_price,Long,2026-06-07T17:42:53Z
2026-06-07T17:41:56Z,2026-06-07T19:41:56+0200,9fbaedea-27ef-4990-85cf-49287850296c,2026-06-03T16:45:00Z,2026-06-03T18:45:00+0200,27.88,EUR/MWh,FR,FR,imbalance_price,Short,2026-06-07T17:42:53Z
2026-06-07T17:41:56Z,2026-06-07T19:41:56+0200,9fbaedea-27ef-4990-85cf-49287850296c,2026-06-03T17:00:00Z,2026-06-03T19:00:00+0200,101.76,EUR/MWh,FR,FR,imbalance_price,Long,2026-06-07T17:42:53Z
2026-06-07T17:41:56Z,2026-06-07T19:41:56+0200,9fbaedea-27ef-4990-85cf-49287850296c,2026-06-03T17:00:00Z,2026-06-03T19:00:00+0200,116.84,EUR/MWh,FR,FR,imbalance_price,Short,2026-06-07T17:42:53Z
2026-06-07T17:41:56Z,2026-06-07T19:41:56+0200,9fbaedea-27ef-4990-85cf-49287850296c,2026-06-03T17:15:00Z,2026-06-03T19:15:00+0200,150.04,EUR/MWh,FR,FR,imbalance_price,Long,2026-06-07T17:42:53Z
2026-06-07T17:41:56Z,2026-06-07T19:41:56+0200,9fbaedea-27ef-4990-85cf-49287850296c,2026-06-03T17:15:00Z,2026-06-03T19:15:00+0200,172.28,EUR/MWh,FR,FR,imbalance_price,Short,2026-06-07T17:42:53Z
2026-06-07T17:41:56Z,2026-06-07T19:41:56+0200,9fbaedea-27ef-4990-85cf-49287850296c,2026-06-03T17:30:00Z,2026-06-03T19:30:00+0200,91.49,EUR/MWh,FR,FR,imbalance_price,Long,2026-06-07T17:42:53Z
2026-06-07T17:41:56Z,2026-06-07T19:41:56+0200,9fbaedea-27ef-4990-85cf-49287850296c,2026-06-03T17:30:00Z,2026-06-03T19:30:00+0200,105.05,EUR/MWh,FR,FR,imbalance_price,Short,2026-06-07T17:42:53Z
2026-06-07T17:41:56Z,2026-06-07T19:41:56+0200,9fbaedea-27ef-4990-85cf-49287850296c,2026-06-03T17:45:00Z,2026-06-03T19:45:00+0200,62.7,EUR/MWh,FR,FR,imbalance_price,Long,2026-06-07T17:42:53Z
2026-06-07T17:41:56Z,2026-06-07T19:41:56+0200,9fbaedea-27ef-4990-85cf-49287850296c,2026-06-03T17:45:00Z,2026-06-03T19:45:00+0200,72.0,EUR/MWh,FR,FR,imbalance_price,Short,2026-06-07T17:42:53Z
2026-06-07T17:41:56Z,2026-06-07T19:41:56+0200,9fbaedea-27ef-4990-85cf-49287850296c,2026-06-03T18:00:00Z,2026-06-03T20:00:00+0200,60.47,EUR/MWh,FR,FR,imbalance_price,Long,2026-06-07T17:42:53Z
2026-06-07T17:41:56Z,2026-06-07T19:41:56+0200,9fbaedea-27ef-4990-85cf-49287850296c,2026-06-03T18:00:00Z,2026-06-03T20:00:00+0200,69.43,EUR/MWh,FR,FR,imbalance_price,Short,2026-06-07T17:42:53Z
2026-06-07T17:41:56Z,2026-06-07T19:41:56+0200,9fbaedea-27ef-4990-85cf-49287850296c,2026-06-03T18:15:00Z,2026-06-03T20:15:00+0200,62.17,EUR/MWh,FR,FR,imbalance_price,Long,2026-06-07T17:42:53Z
2026-06-07T17:41:56Z,2026-06-07T19:41:56+0200,9fbaedea-27ef-4990-85cf-49287850296c,2026-06-03T18:15:00Z,2026-06-03T20:15:00+0200,71.39,EUR/MWh,FR,FR,imbalance_price,Short,2026-06-07T17:42:53Z
2026-06-07T17:41:56Z,2026-06-07T19:41:56+0200,9fbaedea-27ef-4990-85cf-49287850296c,2026-06-03T18:30:00Z,2026-06-03T20:30:00+0200,62.04,EUR/MWh,FR,FR,imbalance_price,Long,2026-06-07T17:42:53Z
2026-06-07T17:41:56Z,2026-06-07T19:41:56+0200,9fbaedea-27ef-4990-85cf-49287850296c,2026-06-03T18:30:00Z,2026-06-03T20:30:00+0200,71.24,EUR/MWh,FR,FR,imbalance_price,Short,2026-06-07T17:42:53Z
2026-06-07T17:41:56Z,2026-06-07T19:41:56+0200,9fbaedea-27ef-4990-85cf-49287850296c,2026-06-03T18:45:00Z,2026-06-03T20:45:00+0200,62.17,EUR/MWh,FR,FR,imbalance_price,Long,2026-06-07T17:42:53Z
2026-06-07T17:41:56Z,2026-06-07T19:41:56+0200,9fbaedea-27ef-4990-85cf-49287850296c,2026-06-03T18:45:00Z,2026-06-03T20:45:00+0200,71.39,EUR/MWh,FR,FR,imbalance_price,Short,2026-06-07T17:42:53Z
2026-06-07T17:41:56Z,2026-06-07T19:41:56+0200,9fbaedea-27ef-4990-85cf-49287850296c,2026-06-03T19:00:00Z,2026-06-03T21:00:00+0200,57.94,EUR/MWh,FR,FR,imbalance_price,Long,2026-06-07T17:42:53Z
2026-06-07T17:41:56Z,2026-06-07T19:41:56+0200,9fbaedea-27ef-4990-85cf-49287850296c,2026-06-03T19:00:00Z,2026-06-03T21:00:00+0200,66.52,EUR/MWh,FR,FR,imbalance_price,Short,2026-06-07T17:42:53Z
2026-06-07T17:41:56Z,2026-06-07T19:41:56+0200,9fbaedea-27ef-4990-85cf-49287850296c,2026-06-03T19:15:00Z,2026-06-03T21:15:00+0200,77.68,EUR/MWh,FR,FR,imbalance_price,Long,2026-06-07T17:42:53Z
2026-06-07T17:41:56Z,2026-06-07T19:41:56+0200,9fbaedea-27ef-4990-85cf-49287850296c,2026-06-03T19:15:00Z,2026-06-03T21:15:00+0200,89.2,EUR/MWh,FR,FR,imbalance_price,Short,2026-06-07T17:42:53Z
2026-06-07T17:41:56Z,2026-06-07T19:41:56+0200,9fbaedea-27ef-4990-85cf-49287850296c,2026-06-03T19:30:00Z,2026-06-03T21:30:00+0200,102.57,EUR/MWh,FR,FR,imbalance_price,Long,2026-06-07T17:42:53Z
2026-06-07T17:41:56Z,2026-06-07T19:41:56+0200,9fbaedea-27ef-4990-85cf-49287850296c,2026-06-03T19:30:00Z,2026-06-03T21:30:00+0200,117.77,EUR/MWh,FR,FR,imbalance_price,Short,2026-06-07T17:42:53Z
2026-06-07T17:41:56Z,2026-06-07T19:41:56+0200,9fbaedea-27ef-4990-85cf-49287850296c,2026-06-03T19:45:00Z,2026-06-03T21:45:00+0200,113.68,EUR/MWh,FR,FR,imbalance_price,Long,2026-06-07T17:42:53Z
2026-06-07T17:41:56Z,2026-06-07T19:41:56+0200,9fbaedea-27ef-4990-85cf-49287850296c,2026-06-03T19:45:00Z,2026-06-03T21:45:00+0200,130.52,EUR/MWh,FR,FR,imbalance_price,Short,2026-06-07T17:42:53Z
2026-06-07T17:41:56Z,2026-06-07T19:41:56+0200,9fbaedea-27ef-4990-85cf-49287850296c,2026-06-03T20:00:00Z,2026-06-03T22:00:00+0200,93.18,EUR/MWh,FR,FR,imbalance_price,Long,2026-06-07T17:42:53Z
2026-06-07T17:41:56Z,2026-06-07T19:41:56+0200,9fbaedea-27ef-4990-85cf-49287850296c,2026-06-03T20:00:00Z,2026-06-03T22:00:00+0200,107.0,EUR/MWh,FR,FR,imbalance_price,Short,2026-06-07T17:42:53Z
2026-06-07T17:41:56Z,2026-06-07T19:41:56+0200,9fbaedea-27ef-4990-85cf-49287850296c,2026-06-03T20:15:00Z,2026-06-03T22:15:00+0200,79.68,EUR/MWh,FR,FR,imbalance_price,Long,2026-06-07T17:42:53Z
2026-06-07T17:41:56Z,2026-06-07T19:41:56+0200,9fbaedea-27ef-4990-85cf-49287850296c,2026-06-03T20:15:00Z,2026-06-03T22:15:00+0200,91.5,EUR/MWh,FR,FR,imbalance_price,Short,2026-06-07T17:42:53Z
2026-06-07T17:41:56Z,2026-06-07T19:41:56+0200,9fbaedea-27ef-4990-85cf-49287850296c,2026-06-03T20:30:00Z,2026-06-03T22:30:00+0200,64.4,EUR/MWh,FR,FR,imbalance_price,Long,2026-06-07T17:42:53Z
2026-06-07T17:41:56Z,2026-06-07T19:41:56+0200,9fbaedea-27ef-4990-85cf-49287850296c,2026-06-03T20:30:00Z,2026-06-03T22:30:00+0200,73.94,EUR/MWh,FR,FR,imbalance_price,Short,2026-06-07T17:42:53Z
2026-06-07T17:41:56Z,2026-06-07T19:41:56+0200,9fbaedea-27ef-4990-85cf-49287850296c,2026-06-03T20:45:00Z,2026-06-03T22:45:00+0200,72.94,EUR/MWh,FR,FR,imbalance_price,Long,2026-06-07T17:42:53Z
2026-06-07T17:41:56Z,2026-06-07T19:41:56+0200,9fbaedea-27ef-4990-85cf-49287850296c,2026-06-03T20:45:00Z,2026-06-03T22:45:00+0200,83.76,EUR/MWh,FR,FR,imbalance_price,Short,2026-06-07T17:42:53Z
2026-06-07T17:41:56Z,2026-06-07T19:41:56+0200,9fbaedea-27ef-4990-85cf-49287850296c,2026-06-03T21:00:00Z,2026-06-03T23:00:00+0200,86.46,EUR/MWh,FR,FR,imbalance_price,Long,2026-06-07T17:42:53Z
2026-06-07T17:41:56Z,2026-06-07T19:41:56+0200,9fbaedea-27ef-4990-85cf-49287850296c,2026-06-03T21:00:00Z,2026-06-03T23:00:00+0200,99.28,EUR/MWh,FR,FR,imbalance_price,Short,2026-06-07T17:42:53Z
2026-06-07T17:41:56Z,2026-06-07T19:41:56+0200,9fbaedea-27ef-4990-85cf-49287850296c,2026-06-03T21:15:00Z,2026-06-03T23:15:00+0200,30.22,EUR/MWh,FR,FR,imbalance_price,Long,2026-06-07T17:42:53Z
2026-06-07T17:41:56Z,2026-06-07T19:41:56+0200,9fbaedea-27ef-4990-85cf-49287850296c,2026-06-03T21:15:00Z,2026-06-03T23:15:00+0200,34.7,EUR/MWh,FR,FR,imbalance_price,Short,2026-06-07T17:42:53Z
2026-06-07T17:41:56Z,2026-06-07T19:41:56+0200,9fbaedea-27ef-4990-85cf-49287850296c,2026-06-03T21:30:00Z,2026-06-03T23:30:00+0200,72.31,EUR/MWh,FR,FR,imbalance_price,Long,2026-06-07T17:42:53Z
2026-06-07T17:41:56Z,2026-06-07T19:41:56+0200,9fbaedea-27ef-4990-85cf-49287850296c,2026-06-03T21:30:00Z,2026-06-03T23:30:00+0200,83.03,EUR/MWh,FR,FR,imbalance_price,Short,2026-06-07T17:42:53Z
2026-06-07T17:41:56Z,2026-06-07T19:41:56+0200,9fbaedea-27ef-4990-85cf-49287850296c,2026-06-03T21:45:00Z,2026-06-03T23:45:00+0200,45.38,EUR/MWh,FR,FR,imbalance_price,Long,2026-06-07T17:42:53Z
2026-06-07T17:41:56Z,2026-06-07T19:41:56+0200,9fbaedea-27ef-4990-85cf-49287850296c,2026-06-03T21:45:00Z,2026-06-03T23:45:00+0200,52.1,EUR/MWh,FR,FR,imbalance_price,Short,2026-06-07T17:42:53Z
2026-06-07T17:41:56Z,2026-06-07T19:41:56+0200,9fbaedea-27ef-4990-85cf-49287850296c,2026-06-03T22:00:00Z,2026-06-04T00:00:00+0200,45.0,EUR/MWh,FR,FR,imbalance_price,Long,2026-06-07T17:42:53Z
2026-06-07T17:41:56Z,2026-06-07T19:41:56+0200,9fbaedea-27ef-4990-85cf-49287850296c,2026-06-03T22:00:00Z,2026-06-04T00:00:00+0200,51.66,EUR/MWh,FR,FR,imbalance_price,Short,2026-06-07T17:42:53Z
2026-06-07T17:41:56Z,2026-06-07T19:41:56+0200,9fbaedea-27ef-4990-85cf-49287850296c,2026-06-03T22:15:00Z,2026-06-04T00:15:00+0200,46.27,EUR/MWh,FR,FR,imbalance_price,Long,2026-06-07T17:42:53Z
2026-06-07T17:41:56Z,2026-06-07T19:41:56+0200,9fbaedea-27ef-4990-85cf-49287850296c,2026-06-03T22:15:00Z,2026-06-04T00:15:00+0200,53.13,EUR/MWh,FR,FR,imbalance_price,Short,2026-06-07T17:42:53Z
2026-06-07T17:41:56Z,2026-06-07T19:41:56+0200,9fbaedea-27ef-4990-85cf-49287850296c,2026-06-03T22:30:00Z,2026-06-04T00:30:00+0200,35.35,EUR/MWh,FR,FR,imbalance_price,Long,2026-06-07T17:42:53Z
2026-06-07T17:41:56Z,2026-06-07T19:41:56+0200,9fbaedea-27ef-4990-85cf-49287850296c,2026-06-03T22:30:00Z,2026-06-04T00:30:00+0200,40.59,EUR/MWh,FR,FR,imbalance_price,Short,2026-06-07T17:42:53Z
2026-06-07T17:41:56Z,2026-06-07T19:41:56+0200,9fbaedea-27ef-4990-85cf-49287850296c,2026-06-03T22:45:00Z,2026-06-04T00:45:00+0200,47.44,EUR/MWh,FR,FR,imbalance_price,Long,2026-06-07T17:42:53Z
2026-06-07T17:41:56Z,2026-06-07T19:41:56+0200,9fbaedea-27ef-4990-85cf-49287850296c,2026-06-03T22:45:00Z,2026-06-04T00:45:00+0200,54.48,EUR/MWh,FR,FR,imbalance_price,Short,2026-06-07T17:42:53Z
2026-06-07T17:41:56Z,2026-06-07T19:41:56+0200,9fbaedea-27ef-4990-85cf-49287850296c,2026-06-03T23:00:00Z,2026-06-04T01:00:00+0200,65.1,EUR/MWh,FR,FR,imbalance_price,Long,2026-06-07T17:42:53Z
2026-06-07T17:41:56Z,2026-06-07T19:41:56+0200,9fbaedea-27ef-4990-85cf-49287850296c,2026-06-03T23:00:00Z,2026-06-04T01:00:00+0200,74.74,EUR/MWh,FR,FR,imbalance_price,Short,2026-06-07T17:42:53Z
2026-06-07T17:41:56Z,2026-06-07T19:41:56+0200,9fbaedea-27ef-4990-85cf-49287850296c,2026-06-03T23:15:00Z,2026-06-04T01:15:00+0200,35.72,EUR/MWh,FR,FR,imbalance_price,Long,2026-06-07T17:42:53Z
2026-06-07T17:41:56Z,2026-06-07T19:41:56+0200,9fbaedea-27ef-4990-85cf-49287850296c,2026-06-03T23:15:00Z,2026-06-04T01:15:00+0200,41.02,EUR/MWh,FR,FR,imbalance_price,Short,2026-06-07T17:42:53Z
2026-06-07T17:41:56Z,2026-06-07T19:41:56+0200,9fbaedea-27ef-4990-85cf-49287850296c,2026-06-03T23:30:00Z,2026-06-04T01:30:00+0200,28.05,EUR/MWh,FR,FR,imbalance_price,Long,2026-06-07T17:42:53Z
2026-06-07T17:41:56Z,2026-06-07T19:41:56+0200,9fbaedea-27ef-4990-85cf-49287850296c,2026-06-03T23:30:00Z,2026-06-04T01:30:00+0200,32.21,EUR/MWh,FR,FR,imbalance_price,Short,2026-06-07T17:42:53Z
2026-06-07T17:41:56Z,2026-06-07T19:41:56+0200,9fbaedea-27ef-4990-85cf-49287850296c,2026-06-03T23:45:00Z,2026-06-04T01:45:00+0200,22.7,EUR/MWh,FR,FR,imbalance_price,Long,2026-06-07T17:42:53Z
2026-06-07T17:41:56Z,2026-06-07T19:41:56+0200,9fbaedea-27ef-4990-85cf-49287850296c,2026-06-03T23:45:00Z,2026-06-04T01:45:00+0200,26.06,EUR/MWh,FR,FR,imbalance_price,Short,2026-06-07T17:42:53Z
2026-06-07T17:41:56Z,2026-06-07T19:41:56+0200,9fbaedea-27ef-4990-85cf-49287850296c,2026-06-04T00:00:00Z,2026-06-04T02:00:00+0200,38.79,EUR/MWh,FR,FR,imbalance_price,Long,2026-06-07T17:42:53Z
2026-06-07T17:41:56Z,2026-06-07T19:41:56+0200,9fbaedea-27ef-4990-85cf-49287850296c,2026-06-04T00:00:00Z,2026-06-04T02:00:00+0200,44.55,EUR/MWh,FR,FR,imbalance_price,Short,2026-06-07T17:42:53Z
2026-06-07T17:41:56Z,2026-06-07T19:41:56+0200,9fbaedea-27ef-4990-85cf-49287850296c,2026-06-04T00:15:00Z,2026-06-04T02:15:00+0200,10.37,EUR/MWh,FR,FR,imbalance_price,Long,2026-06-07T17:42:53Z
2026-06-07T17:41:56Z,2026-06-07T19:41:56+0200,9fbaedea-27ef-4990-85cf-49287850296c,2026-06-04T00:15:00Z,2026-06-04T02:15:00+0200,11.91,EUR/MWh,FR,FR,imbalance_price,Short,2026-06-07T17:42:53Z
2026-06-07T17:41:56Z,2026-06-07T19:41:56+0200,9fbaedea-27ef-4990-85cf-49287850296c,2026-06-04T00:30:00Z,2026-06-04T02:30:00+0200,40.53,EUR/MWh,FR,FR,imbalance_price,Long,2026-06-07T17:42:53Z
2026-06-07T17:41:56Z,2026-06-07T19:41:56+0200,9fbaedea-27ef-4990-85cf-49287850296c,2026-06-04T00:30:00Z,2026-06-04T02:30:00+0200,46.53,EUR/MWh,FR,FR,imbalance_price,Short,2026-06-07T17:42:53Z
2026-06-07T17:41:56Z,2026-06-07T19:41:56+0200,9fbaedea-27ef-4990-85cf-49287850296c,2026-06-04T00:45:00Z,2026-06-04T02:45:00+0200,17.97,EUR/MWh,FR,FR,imbalance_price,Long,2026-06-07T17:42:53Z
2026-06-07T17:41:56Z,2026-06-07T19:41:56+0200,9fbaedea-27ef-4990-85cf-49287850296c,2026-06-04T00:45:00Z,2026-06-04T02:45:00+0200,20.63,EUR/MWh,FR,FR,imbalance_price,Short,2026-06-07T17:42:53Z
2026-06-07T17:41:56Z,2026-06-07T19:41:56+0200,9fbaedea-27ef-4990-85cf-49287850296c,2026-06-04T01:00:00Z,2026-06-04T03:00:00+0200,-28.53,EUR/MWh,FR,FR,imbalance_price,Long,2026-06-07T17:42:53Z
2026-06-07T17:41:56Z,2026-06-07T19:41:56+0200,9fbaedea-27ef-4990-85cf-49287850296c,2026-06-04T01:00:00Z,2026-06-04T03:00:00+0200,-24.85,EUR/MWh,FR,FR,imbalance_price,Short,2026-06-07T17:42:53Z
2026-06-07T17:41:56Z,2026-06-07T19:41:56+0200,9fbaedea-27ef-4990-85cf-49287850296c,2026-06-04T01:15:00Z,2026-06-04T03:15:00+0200,-29.66,EUR/MWh,FR,FR,imbalance_price,Long,2026-06-07T17:42:53Z
2026-06-07T17:41:56Z,2026-06-07T19:41:56+0200,9fbaedea-27ef-4990-85cf-49287850296c,2026-06-04T01:15:00Z,2026-06-04T03:15:00+0200,-25.84,EUR/MWh,FR,FR,imbalance_price,Short,2026-06-07T17:42:53Z
2026-06-07T17:41:56Z,2026-06-07T19:41:56+0200,9fbaedea-27ef-4990-85cf-49287850296c,2026-06-04T01:30:00Z,2026-06-04T03:30:00+0200,-29.63,EUR/MWh,FR,FR,imbalance_price,Long,2026-06-07T17:42:53Z
2026-06-07T17:41:56Z,2026-06-07T19:41:56+0200,9fbaedea-27ef-4990-85cf-49287850296c,2026-06-04T01:30:00Z,2026-06-04T03:30:00+0200,-25.81,EUR/MWh,FR,FR,imbalance_price,Short,2026-06-07T17:42:53Z
2026-06-07T17:41:56Z,2026-06-07T19:41:56+0200,9fbaedea-27ef-4990-85cf-49287850296c,2026-06-04T01:45:00Z,2026-06-04T03:45:00+0200,-29.07,EUR/MWh,FR,FR,imbalance_price,Long,2026-06-07T17:42:53Z
2026-06-07T17:41:56Z,2026-06-07T19:41:56+0200,9fbaedea-27ef-4990-85cf-49287850296c,2026-06-04T01:45:00Z,2026-06-04T03:45:00+0200,-25.31,EUR/MWh,FR,FR,imbalance_price,Short,2026-06-07T17:42:53Z
2026-06-07T17:41:56Z,2026-06-07T19:41:56+0200,9fbaedea-27ef-4990-85cf-49287850296c,2026-06-04T02:00:00Z,2026-06-04T04:00:00+0200,-27.69,EUR/MWh,FR,FR,imbalance_price,Long,2026-06-07T17:42:53Z
2026-06-07T17:41:56Z,2026-06-07T19:41:56+0200,9fbaedea-27ef-4990-85cf-49287850296c,2026-06-04T02:00:00Z,2026-06-04T04:00:00+0200,-24.11,EUR/MWh,FR,FR,imbalance_price,Short,2026-06-07T17:42:53Z
2026-06-07T17:41:56Z,2026-06-07T19:41:56+0200,9fbaedea-27ef-4990-85cf-49287850296c,2026-06-04T02:15:00Z,2026-06-04T04:15:00+0200,-28.5,EUR/MWh,FR,FR,imbalance_price,Long,2026-06-07T17:42:53Z
2026-06-07T17:41:56Z,2026-06-07T19:41:56+0200,9fbaedea-27ef-4990-85cf-49287850296c,2026-06-04T02:15:00Z,2026-06-04T04:15:00+0200,-24.82,EUR/MWh,FR,FR,imbalance_price,Short,2026-06-07T17:42:53Z
2026-06-07T17:41:56Z,2026-06-07T19:41:56+0200,9fbaedea-27ef-4990-85cf-49287850296c,2026-06-04T02:30:00Z,2026-06-04T04:30:00+0200,-26.13,EUR/MWh,FR,FR,imbalance_price,Long,2026-06-07T17:42:53Z
2026-06-07T17:41:56Z,2026-06-07T19:41:56+0200,9fbaedea-27ef-4990-85cf-49287850296c,2026-06-04T02:30:00Z,2026-06-04T04:30:00+0200,-22.75,EUR/MWh,FR,FR,imbalance_price,Short,2026-06-07T17:42:53Z
2026-06-07T17:41:56Z,2026-06-07T19:41:56+0200,9fbaedea-27ef-4990-85cf-49287850296c,2026-06-04T02:45:00Z,2026-06-04T04:45:00+0200,-25.7,EUR/MWh,FR,FR,imbalance_price,Long,2026-06-07T17:42:53Z
2026-06-07T17:41:56Z,2026-06-07T19:41:56+0200,9fbaedea-27ef-4990-85cf-49287850296c,2026-06-04T02:45:00Z,2026-06-04T04:45:00+0200,-22.38,EUR/MWh,FR,FR,imbalance_price,Short,2026-06-07T17:42:53Z
2026-06-07T17:41:56Z,2026-06-07T19:41:56+0200,9fbaedea-27ef-4990-85cf-49287850296c,2026-06-04T03:00:00Z,2026-06-04T05:00:00+0200,-24.43,EUR/MWh,FR,FR,imbalance_price,Long,2026-06-07T17:42:53Z
2026-06-07T17:41:56Z,2026-06-07T19:41:56+0200,9fbaedea-27ef-4990-85cf-49287850296c,2026-06-04T03:00:00Z,2026-06-04T05:00:00+0200,-21.27,EUR/MWh,FR,FR,imbalance_price,Short,2026-06-07T17:42:53Z
2026-06-07T17:41:56Z,2026-06-07T19:41:56+0200,9fbaedea-27ef-4990-85cf-49287850296c,2026-06-04T03:15:00Z,2026-06-04T05:15:00+0200,28.26,EUR/MWh,FR,FR,imbalance_price,Long,2026-06-07T17:42:53Z
2026-06-07T17:41:56Z,2026-06-07T19:41:56+0200,9fbaedea-27ef-4990-85cf-49287850296c,2026-06-04T03:15:00Z,2026-06-04T05:15:00+0200,32.44,EUR/MWh,FR,FR,imbalance_price,Short,2026-06-07T17:42:53Z
2026-06-07T17:41:56Z,2026-06-07T19:41:56+0200,9fbaedea-27ef-4990-85cf-49287850296c,2026-06-04T03:30:00Z,2026-06-04T05:30:00+0200,25.25,EUR/MWh,FR,FR,imbalance_price,Long,2026-06-07T17:42:53Z
2026-06-07T17:41:56Z,2026-06-07T19:41:56+0200,9fbaedea-27ef-4990-85cf-49287850296c,2026-06-04T03:30:00Z,2026-06-04T05:30:00+0200,28.99,EUR/MWh,FR,FR,imbalance_price,Short,2026-06-07T17:42:53Z
2026-06-07T17:41:56Z,2026-06-07T19:41:56+0200,9fbaedea-27ef-4990-85cf-49287850296c,2026-06-04T03:45:00Z,2026-06-04T05:45:00+0200,10.64,EUR/MWh,FR,FR,imbalance_price,Long,2026-06-07T17:42:53Z
2026-06-07T17:41:56Z,2026-06-07T19:41:56+0200,9fbaedea-27ef-4990-85cf-49287850296c,2026-06-04T03:45:00Z,2026-06-04T05:45:00+0200,12.22,EUR/MWh,FR,FR,imbalance_price,Short,2026-06-07T17:42:53Z
2026-06-07T17:41:56Z,2026-06-07T19:41:56+0200,9fbaedea-27ef-4990-85cf-49287850296c,2026-06-04T04:00:00Z,2026-06-04T06:00:00+0200,19.51,EUR/MWh,FR,FR,imbalance_price,Long,2026-06-07T17:42:53Z
2026-06-07T17:41:56Z,2026-06-07T19:41:56+0200,9fbaedea-27ef-4990-85cf-49287850296c,2026-06-04T04:00:00Z,2026-06-04T06:00:00+0200,22.41,EUR/MWh,FR,FR,imbalance_price,Short,2026-06-07T17:42:53Z
2026-06-07T17:41:56Z,2026-06-07T19:41:56+0200,9fbaedea-27ef-4990-85cf-49287850296c,2026-06-04T04:15:00Z,2026-06-04T06:15:00+0200,47.15,EUR/MWh,FR,FR,imbalance_price,Long,2026-06-07T17:42:53Z
2026-06-07T17:41:56Z,2026-06-07T19:41:56+0200,9fbaedea-27ef-4990-85cf-49287850296c,2026-06-04T04:15:00Z,2026-06-04T06:15:00+0200,54.13,EUR/MWh,FR,FR,imbalance_price,Short,2026-06-07T17:42:53Z
2026-06-07T17:41:56Z,2026-06-07T19:41:56+0200,9fbaedea-27ef-4990-85cf-49287850296c,2026-06-04T04:30:00Z,2026-06-04T06:30:00+0200,32.21,EUR/MWh,FR,FR,imbalance_price,Long,2026-06-07T17:42:53Z
2026-06-07T17:41:56Z,2026-06-07T19:41:56+0200,9fbaedea-27ef-4990-85cf-49287850296c,2026-06-04T04:30:00Z,2026-06-04T06:30:00+0200,36.99,EUR/MWh,FR,FR,imbalance_price,Short,2026-06-07T17:42:53Z
2026-06-07T17:41:56Z,2026-06-07T19:41:56+0200,9fbaedea-27ef-4990-85cf-49287850296c,2026-06-04T04:45:00Z,2026-06-04T06:45:00+0200,23.95,EUR/MWh,FR,FR,imbalance_price,Long,2026-06-07T17:42:53Z
2026-06-07T17:41:56Z,2026-06-07T19:41:56+0200,9fbaedea-27ef-4990-85cf-49287850296c,2026-06-04T04:45:00Z,2026-06-04T06:45:00+0200,27.49,EUR/MWh,FR,FR,imbalance_price,Short,2026-06-07T17:42:53Z
2026-06-07T17:41:56Z,2026-06-07T19:41:56+0200,9fbaedea-27ef-4990-85cf-49287850296c,2026-06-04T05:00:00Z,2026-06-04T07:00:00+0200,1.9,EUR/MWh,FR,FR,imbalance_price,Long,2026-06-07T17:42:53Z
2026-06-07T17:41:56Z,2026-06-07T19:41:56+0200,9fbaedea-27ef-4990-85cf-49287850296c,2026-06-04T05:00:00Z,2026-06-04T07:00:00+0200,2.18,EUR/MWh,FR,FR,imbalance_price,Short,2026-06-07T17:42:53Z
2026-06-07T17:41:56Z,2026-06-07T19:41:56+0200,9fbaedea-27ef-4990-85cf-49287850296c,2026-06-04T05:15:00Z,2026-06-04T07:15:00+0200,19.17,EUR/MWh,FR,FR,imbalance_price,Long,2026-06-07T17:42:53Z
2026-06-07T17:41:56Z,2026-06-07T19:41:56+0200,9fbaedea-27ef-4990-85cf-49287850296c,2026-06-04T05:15:00Z,2026-06-04T07:15:00+0200,22.01,EUR/MWh,FR,FR,imbalance_price,Short,2026-06-07T17:42:53Z
2026-06-07T17:41:56Z,2026-06-07T19:41:56+0200,9fbaedea-27ef-4990-85cf-49287850296c,2026-06-04T05:30:00Z,2026-06-04T07:30:00+0200,8.47,EUR/MWh,FR,FR,imbalance_price,Long,2026-06-07T17:42:53Z
2026-06-07T17:41:56Z,2026-06-07T19:41:56+0200,9fbaedea-27ef-4990-85cf-49287850296c,2026-06-04T05:30:00Z,2026-06-04T07:30:00+0200,9.73,EUR/MWh,FR,FR,imbalance_price,Short,2026-06-07T17:42:53Z
2026-06-07T17:41:56Z,2026-06-07T19:41:56+0200,9fbaedea-27ef-4990-85cf-49287850296c,2026-06-04T05:45:00Z,2026-06-04T07:45:00+0200,15.2,EUR/MWh,FR,FR,imbalance_price,Long,2026-06-07T17:42:53Z
2026-06-07T17:41:56Z,2026-06-07T19:41:56+0200,9fbaedea-27ef-4990-85cf-49287850296c,2026-06-04T05:45:00Z,2026-06-04T07:45:00+0200,17.46,EUR/MWh,FR,FR,imbalance_price,Short,2026-06-07T17:42:53Z
2026-06-07T17:41:56Z,2026-06-07T19:41:56+0200,9fbaedea-27ef-4990-85cf-49287850296c,2026-06-04T06:00:00Z,2026-06-04T08:00:00+0200,7.62,EUR/MWh,FR,FR,imbalance_price,Long,2026-06-07T17:42:53Z
2026-06-07T17:41:56Z,2026-06-07T19:41:56+0200,9fbaedea-27ef-4990-85cf-49287850296c,2026-06-04T06:00:00Z,2026-06-04T08:00:00+0200,8.74,EUR/MWh,FR,FR,imbalance_price,Short,2026-06-07T17:42:53Z
2026-06-07T17:41:56Z,2026-06-07T19:41:56+0200,9fbaedea-27ef-4990-85cf-49287850296c,2026-06-04T06:15:00Z,2026-06-04T08:15:00+0200,51.91,EUR/MWh,FR,FR,imbalance_price,Long,2026-06-07T17:42:53Z
2026-06-07T17:41:56Z,2026-06-07T19:41:56+0200,9fbaedea-27ef-4990-85cf-49287850296c,2026-06-04T06:15:00Z,2026-06-04T08:15:00+0200,59.61,EUR/MWh,FR,FR,imbalance_price,Short,2026-06-07T17:42:53Z
2026-06-07T17:41:56Z,2026-06-07T19:41:56+0200,9fbaedea-27ef-4990-85cf-49287850296c,2026-06-04T06:30:00Z,2026-06-04T08:30:00+0200,46.65,EUR/MWh,FR,FR,imbalance_price,Long,2026-06-07T17:42:53Z
2026-06-07T17:41:56Z,2026-06-07T19:41:56+0200,9fbaedea-27ef-4990-85cf-49287850296c,2026-06-04T06:30:00Z,2026-06-04T08:30:00+0200,53.57,EUR/MWh,FR,FR,imbalance_price,Short,2026-06-07T17:42:53Z
2026-06-07T17:41:56Z,2026-06-07T19:41:56+0200,9fbaedea-27ef-4990-85cf-49287850296c,2026-06-04T06:45:00Z,2026-06-04T08:45:00+0200,26.57,EUR/MWh,FR,FR,imbalance_price,Long,2026-06-07T17:42:53Z
2026-06-07T17:41:56Z,2026-06-07T19:41:56+0200,9fbaedea-27ef-4990-85cf-49287850296c,2026-06-04T06:45:00Z,2026-06-04T08:45:00+0200,30.51,EUR/MWh,FR,FR,imbalance_price,Short,2026-06-07T17:42:53Z
2026-06-07T17:41:56Z,2026-06-07T19:41:56+0200,9fbaedea-27ef-4990-85cf-49287850296c,2026-06-04T07:00:00Z,2026-06-04T09:00:00+0200,27.24,EUR/MWh,FR,FR,imbalance_price,Long,2026-06-07T17:42:53Z
2026-06-07T17:41:56Z,2026-06-07T19:41:56+0200,9fbaedea-27ef-4990-85cf-49287850296c,2026-06-04T07:00:00Z,2026-06-04T09:00:00+0200,31.28,EUR/MWh,FR,FR,imbalance_price,Short,2026-06-07T17:42:53Z
2026-06-07T17:41:56Z,2026-06-07T19:41:56+0200,9fbaedea-27ef-4990-85cf-49287850296c,2026-06-04T07:15:00Z,2026-06-04T09:15:00+0200,15.99,EUR/MWh,FR,FR,imbalance_price,Long,2026-06-07T17:42:53Z
2026-06-07T17:41:56Z,2026-06-07T19:41:56+0200,9fbaedea-27ef-4990-85cf-49287850296c,2026-06-04T07:15:00Z,2026-06-04T09:15:00+0200,18.35,EUR/MWh,FR,FR,imbalance_price,Short,2026-06-07T17:42:53Z
2026-06-07T17:41:56Z,2026-06-07T19:41:56+0200,9fbaedea-27ef-4990-85cf-49287850296c,2026-06-04T07:30:00Z,2026-06-04T09:30:00+0200,35.65,EUR/MWh,FR,FR,imbalance_price,Long,2026-06-07T17:42:53Z
2026-06-07T17:41:56Z,2026-06-07T19:41:56+0200,9fbaedea-27ef-4990-85cf-49287850296c,2026-06-04T07:30:00Z,2026-06-04T09:30:00+0200,40.93,EUR/MWh,FR,FR,imbalance_price,Short,2026-06-07T17:42:53Z
2026-06-07T17:41:56Z,2026-06-07T19:41:56+0200,9fbaedea-27ef-4990-85cf-49287850296c,2026-06-04T07:45:00Z,2026-06-04T09:45:00+0200,25.6,EUR/MWh,FR,FR,imbalance_price,Long,2026-06-07T17:42:53Z
2026-06-07T17:41:56Z,2026-06-07T19:41:56+0200,9fbaedea-27ef-4990-85cf-49287850296c,2026-06-04T07:45:00Z,2026-06-04T09:45:00+0200,29.4,EUR/MWh,FR,FR,imbalance_price,Short,2026-06-07T17:42:53Z
2026-06-07T17:41:56Z,2026-06-07T19:41:56+0200,9fbaedea-27ef-4990-85cf-49287850296c,2026-06-04T08:00:00Z,2026-06-04T10:00:00+0200,28.1,EUR/MWh,FR,FR,imbalance_price,Long,2026-06-07T17:42:53Z
2026-06-07T17:41:56Z,2026-06-07T19:41:56+0200,9fbaedea-27ef-4990-85cf-49287850296c,2026-06-04T08:00:00Z,2026-06-04T10:00:00+0200,32.26,EUR/MWh,FR,FR,imbalance_price,Short,2026-06-07T17:42:53Z
2026-06-07T17:41:56Z,2026-06-07T19:41:56+0200,9fbaedea-27ef-4990-85cf-49287850296c,2026-06-04T08:15:00Z,2026-06-04T10:15:00+0200,46.78,EUR/MWh,FR,FR,imbalance_price,Long,2026-06-07T17:42:53Z
2026-06-07T17:41:56Z,2026-06-07T19:41:56+0200,9fbaedea-27ef-4990-85cf-49287850296c,2026-06-04T08:15:00Z,2026-06-04T10:15:00+0200,53.72,EUR/MWh,FR,FR,imbalance_price,Short,2026-06-07T17:42:53Z
2026-06-07T17:41:56Z,2026-06-07T19:41:56+0200,9fbaedea-27ef-4990-85cf-49287850296c,2026-06-04T08:30:00Z,2026-06-04T10:30:00+0200,22.16,EUR/MWh,FR,FR,imbalance_price,Long,2026-06-07T17:42:53Z
2026-06-07T17:41:56Z,2026-06-07T19:41:56+0200,9fbaedea-27ef-4990-85cf-49287850296c,2026-06-04T08:30:00Z,2026-06-04T10:30:00+0200,25.44,EUR/MWh,FR,FR,imbalance_price,Short,2026-06-07T17:42:53Z
2026-06-07T17:41:56Z,2026-06-07T19:41:56+0200,9fbaedea-27ef-4990-85cf-49287850296c,2026-06-04T08:45:00Z,2026-06-04T10:45:00+0200,38.77,EUR/MWh,FR,FR,imbalance_price,Long,2026-06-07T17:42:53Z
2026-06-07T17:41:56Z,2026-06-07T19:41:56+0200,9fbaedea-27ef-4990-85cf-49287850296c,2026-06-04T08:45:00Z,2026-06-04T10:45:00+0200,44.51,EUR/MWh,FR,FR,imbalance_price,Short,2026-06-07T17:42:53Z
2026-06-07T17:41:56Z,2026-06-07T19:41:56+0200,9fbaedea-27ef-4990-85cf-49287850296c,2026-06-04T09:00:00Z,2026-06-04T11:00:00+0200,71.65,EUR/MWh,FR,FR,imbalance_price,Long,2026-06-07T17:42:53Z
2026-06-07T17:41:56Z,2026-06-07T19:41:56+0200,9fbaedea-27ef-4990-85cf-49287850296c,2026-06-04T09:00:00Z,2026-06-04T11:00:00+0200,82.27,EUR/MWh,FR,FR,imbalance_price,Short,2026-06-07T17:42:53Z
2026-06-07T17:41:56Z,2026-06-07T19:41:56+0200,9fbaedea-27ef-4990-85cf-49287850296c,2026-06-04T09:15:00Z,2026-06-04T11:15:00+0200,87.21,EUR/MWh,FR,FR,imbalance_price,Long,2026-06-07T17:42:53Z
2026-06-07T17:41:56Z,2026-06-07T19:41:56+0200,9fbaedea-27ef-4990-85cf-49287850296c,2026-06-04T09:15:00Z,2026-06-04T11:15:00+0200,100.13,EUR/MWh,FR,FR,imbalance_price,Short,2026-06-07T17:42:53Z
2026-06-07T17:41:56Z,2026-06-07T19:41:56+0200,9fbaedea-27ef-4990-85cf-49287850296c,2026-06-04T09:30:00Z,2026-06-04T11:30:00+0200,68.97,EUR/MWh,FR,FR,imbalance_price,Long,2026-06-07T17:42:53Z
2026-06-07T17:41:56Z,2026-06-07T19:41:56+0200,9fbaedea-27ef-4990-85cf-49287850296c,2026-06-04T09:30:00Z,2026-06-04T11:30:00+0200,79.19,EUR/MWh,FR,FR,imbalance_price,Short,2026-06-07T17:42:53Z
2026-06-07T17:41:56Z,2026-06-07T19:41:56+0200,9fbaedea-27ef-4990-85cf-49287850296c,2026-06-04T09:45:00Z,2026-06-04T11:45:00+0200,12.13,EUR/MWh,FR,FR,imbalance_price,Long,2026-06-07T17:42:53Z
2026-06-07T17:41:56Z,2026-06-07T19:41:56+0200,9fbaedea-27ef-4990-85cf-49287850296c,2026-06-04T09:45:00Z,2026-06-04T11:45:00+0200,13.93,EUR/MWh,FR,FR,imbalance_price,Short,2026-06-07T17:42:53Z
2026-06-07T17:41:56Z,2026-06-07T19:41:56+0200,9fbaedea-27ef-4990-85cf-49287850296c,2026-06-04T10:00:00Z,2026-06-04T12:00:00+0200,56.71,EUR/MWh,FR,FR,imbalance_price,Long,2026-06-07T17:42:53Z
2026-06-07T17:41:56Z,2026-06-07T19:41:56+0200,9fbaedea-27ef-4990-85cf-49287850296c,2026-06-04T10:00:00Z,2026-06-04T12:00:00+0200,65.11,EUR/MWh,FR,FR,imbalance_price,Short,2026-06-07T17:42:53Z
2026-06-07T17:41:56Z,2026-06-07T19:41:56+0200,9fbaedea-27ef-4990-85cf-49287850296c,2026-06-04T10:15:00Z,2026-06-04T12:15:00+0200,60.23,EUR/MWh,FR,FR,imbalance_price,Long,2026-06-07T17:42:53Z
2026-06-07T17:41:56Z,2026-06-07T19:41:56+0200,9fbaedea-27ef-4990-85cf-49287850296c,2026-06-04T10:15:00Z,2026-06-04T12:15:00+0200,69.15,EUR/MWh,FR,FR,imbalance_price,Short,2026-06-07T17:42:53Z
2026-06-07T17:41:56Z,2026-06-07T19:41:56+0200,9fbaedea-27ef-4990-85cf-49287850296c,2026-06-04T10:30:00Z,2026-06-04T12:30:00+0200,60.32,EUR/MWh,FR,FR,imbalance_price,Long,2026-06-07T17:42:53Z
2026-06-07T17:41:56Z,2026-06-07T19:41:56+0200,9fbaedea-27ef-4990-85cf-49287850296c,2026-06-04T10:30:00Z,2026-06-04T12:30:00+0200,69.26,EUR/MWh,FR,FR,imbalance_price,Short,2026-06-07T17:42:53Z
2026-06-07T17:41:56Z,2026-06-07T19:41:56+0200,9fbaedea-27ef-4990-85cf-49287850296c,2026-06-04T10:45:00Z,2026-06-04T12:45:00+0200,109.36,EUR/MWh,FR,FR,imbalance_price,Long,2026-06-07T17:42:53Z
2026-06-07T17:41:56Z,2026-06-07T19:41:56+0200,9fbaedea-27ef-4990-85cf-49287850296c,2026-06-04T10:45:00Z,2026-06-04T12:45:00+0200,125.56,EUR/MWh,FR,FR,imbalance_price,Short,2026-06-07T17:42:53Z
2026-06-07T17:41:56Z,2026-06-07T19:41:56+0200,9fbaedea-27ef-4990-85cf-49287850296c,2026-06-04T11:00:00Z,2026-06-04T13:00:00+0200,8.08,EUR/MWh,FR,FR,imbalance_price,Long,2026-06-07T17:42:53Z
2026-06-07T17:41:56Z,2026-06-07T19:41:56+0200,9fbaedea-27ef-4990-85cf-49287850296c,2026-06-04T11:00:00Z,2026-06-04T13:00:00+0200,9.28,EUR/MWh,FR,FR,imbalance_price,Short,2026-06-07T17:42:53Z
2026-06-07T17:41:56Z,2026-06-07T19:41:56+0200,9fbaedea-27ef-4990-85cf-49287850296c,2026-06-04T11:15:00Z,2026-06-04T13:15:00+0200,-4.01,EUR/MWh,FR,FR,imbalance_price,Long,2026-06-07T17:42:53Z
2026-06-07T17:41:56Z,2026-06-07T19:41:56+0200,9fbaedea-27ef-4990-85cf-49287850296c,2026-06-04T11:15:00Z,2026-06-04T13:15:00+0200,-3.49,EUR/MWh,FR,FR,imbalance_price,Short,2026-06-07T17:42:53Z
2026-06-07T17:41:56Z,2026-06-07T19:41:56+0200,9fbaedea-27ef-4990-85cf-49287850296c,2026-06-04T11:30:00Z,2026-06-04T13:30:00+0200,-24.64,EUR/MWh,FR,FR,imbalance_price,Long,2026-06-07T17:42:53Z
2026-06-07T17:41:56Z,2026-06-07T19:41:56+0200,9fbaedea-27ef-4990-85cf-49287850296c,2026-06-04T11:30:00Z,2026-06-04T13:30:00+0200,-21.46,EUR/MWh,FR,FR,imbalance_price,Short,2026-06-07T17:42:53Z
2026-06-07T17:41:56Z,2026-06-07T19:41:56+0200,9fbaedea-27ef-4990-85cf-49287850296c,2026-06-04T11:45:00Z,2026-06-04T13:45:00+0200,-52.38,EUR/MWh,FR,FR,imbalance_price,Long,2026-06-07T17:42:53Z
2026-06-07T17:41:56Z,2026-06-07T19:41:56+0200,9fbaedea-27ef-4990-85cf-49287850296c,2026-06-04T11:45:00Z,2026-06-04T13:45:00+0200,-45.62,EUR/MWh,FR,FR,imbalance_price,Short,2026-06-07T17:42:53Z
2026-06-07T17:41:56Z,2026-06-07T19:41:56+0200,9fbaedea-27ef-4990-85cf-49287850296c,2026-06-04T12:00:00Z,2026-06-04T14:00:00+0200,-57.21,EUR/MWh,FR,FR,imbalance_price,Long,2026-06-07T17:42:53Z
2026-06-07T17:41:56Z,2026-06-07T19:41:56+0200,9fbaedea-27ef-4990-85cf-49287850296c,2026-06-04T12:00:00Z,2026-06-04T14:00:00+0200,-49.83,EUR/MWh,FR,FR,imbalance_price,Short,2026-06-07T17:42:53Z
2026-06-07T17:41:56Z,2026-06-07T19:41:56+0200,9fbaedea-27ef-4990-85cf-49287850296c,2026-06-04T12:15:00Z,2026-06-04T14:15:00+0200,-67.04,EUR/MWh,FR,FR,imbalance_price,Long,2026-06-07T17:42:53Z
2026-06-07T17:41:56Z,2026-06-07T19:41:56+0200,9fbaedea-27ef-4990-85cf-49287850296c,2026-06-04T12:15:00Z,2026-06-04T14:15:00+0200,-58.38,EUR/MWh,FR,FR,imbalance_price,Short,2026-06-07T17:42:53Z
2026-06-07T17:41:56Z,2026-06-07T19:41:56+0200,9fbaedea-27ef-4990-85cf-49287850296c,2026-06-04T12:30:00Z,2026-06-04T14:30:00+0200,-89.25,EUR/MWh,FR,FR,imbalance_price,Long,2026-06-07T17:42:53Z
2026-06-07T17:41:56Z,2026-06-07T19:41:56+0200,9fbaedea-27ef-4990-85cf-49287850296c,2026-06-04T12:30:00Z,2026-06-04T14:30:00+0200,-77.73,EUR/MWh,FR,FR,imbalance_price,Short,2026-06-07T17:42:53Z
2026-06-07T17:41:56Z,2026-06-07T19:41:56+0200,9fbaedea-27ef-4990-85cf-49287850296c,2026-06-04T12:45:00Z,2026-06-04T14:45:00+0200,-75.91,EUR/MWh,FR,FR,imbalance_price,Long,2026-06-07T17:42:53Z
2026-06-07T17:41:56Z,2026-06-07T19:41:56+0200,9fbaedea-27ef-4990-85cf-49287850296c,2026-06-04T12:45:00Z,2026-06-04T14:45:00+0200,-66.11,EUR/MWh,FR,FR,imbalance_price,Short,2026-06-07T17:42:53Z
2026-06-07T17:41:56Z,2026-06-07T19:41:56+0200,9fbaedea-27ef-4990-85cf-49287850296c,2026-06-04T13:00:00Z,2026-06-04T15:00:00+0200,-144.68,EUR/MWh,FR,FR,imbalance_price,Long,2026-06-07T17:42:53Z
2026-06-07T17:41:56Z,2026-06-07T19:41:56+0200,9fbaedea-27ef-4990-85cf-49287850296c,2026-06-04T13:00:00Z,2026-06-04T15:00:00+0200,-126.0,EUR/MWh,FR,FR,imbalance_price,Short,2026-06-07T17:42:53Z
2026-06-07T17:41:56Z,2026-06-07T19:41:56+0200,9fbaedea-27ef-4990-85cf-49287850296c,2026-06-04T13:15:00Z,2026-06-04T15:15:00+0200,0.02,EUR/MWh,FR,FR,imbalance_price,Long,2026-06-07T17:42:53Z
2026-06-07T17:41:56Z,2026-06-07T19:41:56+0200,9fbaedea-27ef-4990-85cf-49287850296c,2026-06-04T13:15:00Z,2026-06-04T15:15:00+0200,0.02,EUR/MWh,FR,FR,imbalance_price,Short,2026-06-07T17:42:53Z
2026-06-07T17:41:56Z,2026-06-07T19:41:56+0200,9fbaedea-27ef-4990-85cf-49287850296c,2026-06-04T13:30:00Z,2026-06-04T15:30:00+0200,37.03,EUR/MWh,FR,FR,imbalance_price,Long,2026-06-07T17:42:53Z
2026-06-07T17:41:56Z,2026-06-07T19:41:56+0200,9fbaedea-27ef-4990-85cf-49287850296c,2026-06-04T13:30:00Z,2026-06-04T15:30:00+0200,42.51,EUR/MWh,FR,FR,imbalance_price,Short,2026-06-07T17:42:53Z
2026-06-07T17:41:56Z,2026-06-07T19:41:56+0200,9fbaedea-27ef-4990-85cf-49287850296c,2026-06-04T13:45:00Z,2026-06-04T15:45:00+0200,77.35,EUR/MWh,FR,FR,imbalance_price,Long,2026-06-07T17:42:53Z
2026-06-07T17:41:56Z,2026-06-07T19:41:56+0200,9fbaedea-27ef-4990-85cf-49287850296c,2026-06-04T13:45:00Z,2026-06-04T15:45:00+0200,88.81,EUR/MWh,FR,FR,imbalance_price,Short,2026-06-07T17:42:53Z
2026-06-07T17:41:56Z,2026-06-07T19:41:56+0200,9fbaedea-27ef-4990-85cf-49287850296c,2026-06-04T14:00:00Z,2026-06-04T16:00:00+0200,-57.86,EUR/MWh,FR,FR,imbalance_price,Long,2026-06-07T17:42:53Z
2026-06-07T17:41:56Z,2026-06-07T19:41:56+0200,9fbaedea-27ef-4990-85cf-49287850296c,2026-06-04T14:00:00Z,2026-06-04T16:00:00+0200,-50.4,EUR/MWh,FR,FR,imbalance_price,Short,2026-06-07T17:42:53Z
2026-06-07T17:41:56Z,2026-06-07T19:41:56+0200,9fbaedea-27ef-4990-85cf-49287850296c,2026-06-04T14:15:00Z,2026-06-04T16:15:00+0200,69.84,EUR/MWh,FR,FR,imbalance_price,Long,2026-06-07T17:42:53Z
2026-06-07T17:41:56Z,2026-06-07T19:41:56+0200,9fbaedea-27ef-4990-85cf-49287850296c,2026-06-04T14:15:00Z,2026-06-04T16:15:00+0200,80.2,EUR/MWh,FR,FR,imbalance_price,Short,2026-06-07T17:42:53Z
2026-06-07T17:41:56Z,2026-06-07T19:41:56+0200,9fbaedea-27ef-4990-85cf-49287850296c,2026-06-04T14:30:00Z,2026-06-04T16:30:00+0200,30.31,EUR/MWh,FR,FR,imbalance_price,Long,2026-06-07T17:42:53Z
2026-06-07T17:41:56Z,2026-06-07T19:41:56+0200,9fbaedea-27ef-4990-85cf-49287850296c,2026-06-04T14:30:00Z,2026-06-04T16:30:00+0200,34.81,EUR/MWh,FR,FR,imbalance_price,Short,2026-06-07T17:42:53Z
2026-06-07T17:41:56Z,2026-06-07T19:41:56+0200,9fbaedea-27ef-4990-85cf-49287850296c,2026-06-04T14:45:00Z,2026-06-04T16:45:00+0200,-148.99,EUR/MWh,FR,FR,imbalance_price,Long,2026-06-07T17:42:53Z
2026-06-07T17:41:56Z,2026-06-07T19:41:56+0200,9fbaedea-27ef-4990-85cf-49287850296c,2026-06-04T14:45:00Z,2026-06-04T16:45:00+0200,-129.75,EUR/MWh,FR,FR,imbalance_price,Short,2026-06-07T17:42:53Z
2026-06-07T17:41:56Z,2026-06-07T19:41:56+0200,9fbaedea-27ef-4990-85cf-49287850296c,2026-06-04T15:00:00Z,2026-06-04T17:00:00+0200,-12.68,EUR/MWh,FR,FR,imbalance_price,Long,2026-06-07T17:42:53Z
2026-06-07T17:41:56Z,2026-06-07T19:41:56+0200,9fbaedea-27ef-4990-85cf-49287850296c,2026-06-04T15:00:00Z,2026-06-04T17:00:00+0200,-11.04,EUR/MWh,FR,FR,imbalance_price,Short,2026-06-07T17:42:53Z
2026-06-07T17:41:56Z,2026-06-07T19:41:56+0200,9fbaedea-27ef-4990-85cf-49287850296c,2026-06-04T15:15:00Z,2026-06-04T17:15:00+0200,-3.67,EUR/MWh,FR,FR,imbalance_price,Long,2026-06-07T17:42:53Z
2026-06-07T17:41:56Z,2026-06-07T19:41:56+0200,9fbaedea-27ef-4990-85cf-49287850296c,2026-06-04T15:15:00Z,2026-06-04T17:15:00+0200,-3.19,EUR/MWh,FR,FR,imbalance_price,Short,2026-06-07T17:42:53Z
2026-06-07T17:41:56Z,2026-06-07T19:41:56+0200,9fbaedea-27ef-4990-85cf-49287850296c,2026-06-04T15:30:00Z,2026-06-04T17:30:00+0200,-36.69,EUR/MWh,FR,FR,imbalance_price,Long,2026-06-07T17:42:53Z
2026-06-07T17:41:56Z,2026-06-07T19:41:56+0200,9fbaedea-27ef-4990-85cf-49287850296c,2026-06-04T15:30:00Z,2026-06-04T17:30:00+0200,-31.95,EUR/MWh,FR,FR,imbalance_price,Short,2026-06-07T17:42:53Z
2026-06-07T17:41:56Z,2026-06-07T19:41:56+0200,9fbaedea-27ef-4990-85cf-49287850296c,2026-06-04T15:45:00Z,2026-06-04T17:45:00+0200,3.69,EUR/MWh,FR,FR,imbalance_price,Long,2026-06-07T17:42:53Z
2026-06-07T17:41:56Z,2026-06-07T19:41:56+0200,9fbaedea-27ef-4990-85cf-49287850296c,2026-06-04T15:45:00Z,2026-06-04T17:45:00+0200,4.23,EUR/MWh,FR,FR,imbalance_price,Short,2026-06-07T17:42:53Z
2026-06-07T17:41:56Z,2026-06-07T19:41:56+0200,9fbaedea-27ef-4990-85cf-49287850296c,2026-06-04T16:00:00Z,2026-06-04T18:00:00+0200,10.93,EUR/MWh,FR,FR,imbalance_price,Long,2026-06-07T17:42:53Z
2026-06-07T17:41:56Z,2026-06-07T19:41:56+0200,9fbaedea-27ef-4990-85cf-49287850296c,2026-06-04T16:00:00Z,2026-06-04T18:00:00+0200,12.55,EUR/MWh,FR,FR,imbalance_price,Short,2026-06-07T17:42:53Z
2026-06-07T17:41:56Z,2026-06-07T19:41:56+0200,9fbaedea-27ef-4990-85cf-49287850296c,2026-06-04T16:15:00Z,2026-06-04T18:15:00+0200,25.76,EUR/MWh,FR,FR,imbalance_price,Long,2026-06-07T17:42:53Z
2026-06-07T17:41:56Z,2026-06-07T19:41:56+0200,9fbaedea-27ef-4990-85cf-49287850296c,2026-06-04T16:15:00Z,2026-06-04T18:15:00+0200,29.58,EUR/MWh,FR,FR,imbalance_price,Short,2026-06-07T17:42:53Z
2026-06-07T17:41:56Z,2026-06-07T19:41:56+0200,9fbaedea-27ef-4990-85cf-49287850296c,2026-06-04T16:30:00Z,2026-06-04T18:30:00+0200,21.17,EUR/MWh,FR,FR,imbalance_price,Long,2026-06-07T17:42:53Z
2026-06-07T17:41:56Z,2026-06-07T19:41:56+0200,9fbaedea-27ef-4990-85cf-49287850296c,2026-06-04T16:30:00Z,2026-06-04T18:30:00+0200,24.31,EUR/MWh,FR,FR,imbalance_price,Short,2026-06-07T17:42:53Z
2026-06-07T17:41:56Z,2026-06-07T19:41:56+0200,9fbaedea-27ef-4990-85cf-49287850296c,2026-06-04T16:45:00Z,2026-06-04T18:45:00+0200,3.26,EUR/MWh,FR,FR,imbalance_price,Long,2026-06-07T17:42:53Z
2026-06-07T17:41:56Z,2026-06-07T19:41:56+0200,9fbaedea-27ef-4990-85cf-49287850296c,2026-06-04T16:45:00Z,2026-06-04T18:45:00+0200,3.74,EUR/MWh,FR,FR,imbalance_price,Short,2026-06-07T17:42:53Z
2026-06-07T17:41:56Z,2026-06-07T19:41:56+0200,9fbaedea-27ef-4990-85cf-49287850296c,2026-06-04T17:00:00Z,2026-06-04T19:00:00+0200,45.5,EUR/MWh,FR,FR,imbalance_price,Long,2026-06-07T17:42:53Z
2026-06-07T17:41:56Z,2026-06-07T19:41:56+0200,9fbaedea-27ef-4990-85cf-49287850296c,2026-06-04T17:00:00Z,2026-06-04T19:00:00+0200,52.24,EUR/MWh,FR,FR,imbalance_price,Short,2026-06-07T17:42:53Z
2026-06-07T17:41:56Z,2026-06-07T19:41:56+0200,9fbaedea-27ef-4990-85cf-49287850296c,2026-06-04T17:15:00Z,2026-06-04T19:15:00+0200,1.82,EUR/MWh,FR,FR,imbalance_price,Long,2026-06-07T17:42:53Z
2026-06-07T17:41:56Z,2026-06-07T19:41:56+0200,9fbaedea-27ef-4990-85cf-49287850296c,2026-06-04T17:15:00Z,2026-06-04T19:15:00+0200,2.08,EUR/MWh,FR,FR,imbalance_price,Short,2026-06-07T17:42:53Z
2026-06-07T17:41:56Z,2026-06-07T19:41:56+0200,9fbaedea-27ef-4990-85cf-49287850296c,2026-06-04T17:30:00Z,2026-06-04T19:30:00+0200,39.81,EUR/MWh,FR,FR,imbalance_price,Long,2026-06-07T17:42:53Z
2026-06-07T17:41:56Z,2026-06-07T19:41:56+0200,9fbaedea-27ef-4990-85cf-49287850296c,2026-06-04T17:30:00Z,2026-06-04T19:30:00+0200,45.71,EUR/MWh,FR,FR,imbalance_price,Short,2026-06-07T17:42:53Z
2026-06-07T17:41:56Z,2026-06-07T19:41:56+0200,9fbaedea-27ef-4990-85cf-49287850296c,2026-06-04T17:45:00Z,2026-06-04T19:45:00+0200,4.09,EUR/MWh,FR,FR,imbalance_price,Long,2026-06-07T17:42:53Z
2026-06-07T17:41:56Z,2026-06-07T19:41:56+0200,9fbaedea-27ef-4990-85cf-49287850296c,2026-06-04T17:45:00Z,2026-06-04T19:45:00+0200,4.69,EUR/MWh,FR,FR,imbalance_price,Short,2026-06-07T17:42:53Z
2026-06-07T17:41:56Z,2026-06-07T19:41:56+0200,9fbaedea-27ef-4990-85cf-49287850296c,2026-06-04T18:00:00Z,2026-06-04T20:00:00+0200,1.13,EUR/MWh,FR,FR,imbalance_price,Long,2026-06-07T17:42:53Z
2026-06-07T17:41:56Z,2026-06-07T19:41:56+0200,9fbaedea-27ef-4990-85cf-49287850296c,2026-06-04T18:00:00Z,2026-06-04T20:00:00+0200,1.29,EUR/MWh,FR,FR,imbalance_price,Short,2026-06-07T17:42:53Z
2026-06-07T17:41:56Z,2026-06-07T19:41:56+0200,9fbaedea-27ef-4990-85cf-49287850296c,2026-06-04T18:15:00Z,2026-06-04T20:15:00+0200,114.16,EUR/MWh,FR,FR,imbalance_price,Long,2026-06-07T17:42:53Z
2026-06-07T17:41:56Z,2026-06-07T19:41:56+0200,9fbaedea-27ef-4990-85cf-49287850296c,2026-06-04T18:15:00Z,2026-06-04T20:15:00+0200,131.08,EUR/MWh,FR,FR,imbalance_price,Short,2026-06-07T17:42:53Z
2026-06-07T17:41:56Z,2026-06-07T19:41:56+0200,9fbaedea-27ef-4990-85cf-49287850296c,2026-06-04T18:30:00Z,2026-06-04T20:30:00+0200,-142.44,EUR/MWh,FR,FR,imbalance_price,Long,2026-06-07T17:42:53Z
2026-06-07T17:41:56Z,2026-06-07T19:41:56+0200,9fbaedea-27ef-4990-85cf-49287850296c,2026-06-04T18:30:00Z,2026-06-04T20:30:00+0200,-124.06,EUR/MWh,FR,FR,imbalance_price,Short,2026-06-07T17:42:53Z
2026-06-07T17:41:56Z,2026-06-07T19:41:56+0200,9fbaedea-27ef-4990-85cf-49287850296c,2026-06-04T18:45:00Z,2026-06-04T20:45:00+0200,92.71,EUR/MWh,FR,FR,imbalance_price,Long,2026-06-07T17:42:53Z
2026-06-07T17:41:56Z,2026-06-07T19:41:56+0200,9fbaedea-27ef-4990-85cf-49287850296c,2026-06-04T18:45:00Z,2026-06-04T20:45:00+0200,106.45,EUR/MWh,FR,FR,imbalance_price,Short,2026-06-07T17:42:53Z
2026-06-07T17:41:56Z,2026-06-07T19:41:56+0200,9fbaedea-27ef-4990-85cf-49287850296c,2026-06-04T19:00:00Z,2026-06-04T21:00:00+0200,-335.92,EUR/MWh,FR,FR,imbalance_price,Long,2026-06-07T17:42:53Z
2026-06-07T17:41:56Z,2026-06-07T19:41:56+0200,9fbaedea-27ef-4990-85cf-49287850296c,2026-06-04T19:00:00Z,2026-06-04T21:00:00+0200,-292.56,EUR/MWh,FR,FR,imbalance_price,Short,2026-06-07T17:42:53Z
2026-06-07T17:41:56Z,2026-06-07T19:41:56+0200,9fbaedea-27ef-4990-85cf-49287850296c,2026-06-04T19:15:00Z,2026-06-04T21:15:00+0200,-305.66,EUR/MWh,FR,FR,imbalance_price,Long,2026-06-07T17:42:53Z
2026-06-07T17:41:56Z,2026-06-07T19:41:56+0200,9fbaedea-27ef-4990-85cf-49287850296c,2026-06-04T19:15:00Z,2026-06-04T21:15:00+0200,-266.2,EUR/MWh,FR,FR,imbalance_price,Short,2026-06-07T17:42:53Z
2026-06-07T17:41:56Z,2026-06-07T19:41:56+0200,9fbaedea-27ef-4990-85cf-49287850296c,2026-06-04T19:30:00Z,2026-06-04T21:30:00+0200,-222.73,EUR/MWh,FR,FR,imbalance_price,Long,2026-06-07T17:42:53Z
2026-06-07T17:41:56Z,2026-06-07T19:41:56+0200,9fbaedea-27ef-4990-85cf-49287850296c,2026-06-04T19:30:00Z,2026-06-04T21:30:00+0200,-193.97,EUR/MWh,FR,FR,imbalance_price,Short,2026-06-07T17:42:53Z
2026-06-07T17:41:56Z,2026-06-07T19:41:56+0200,9fbaedea-27ef-4990-85cf-49287850296c,2026-06-04T19:45:00Z,2026-06-04T21:45:00+0200,-141.13,EUR/MWh,FR,FR,imbalance_price,Long,2026-06-07T17:42:53Z
2026-06-07T17:41:56Z,2026-06-07T19:41:56+0200,9fbaedea-27ef-4990-85cf-49287850296c,2026-06-04T19:45:00Z,2026-06-04T21:45:00+0200,-122.91,EUR/MWh,FR,FR,imbalance_price,Short,2026-06-07T17:42:53Z
2026-06-07T17:41:56Z,2026-06-07T19:41:56+0200,9fbaedea-27ef-4990-85cf-49287850296c,2026-06-04T20:00:00Z,2026-06-04T22:00:00+0200,-32.95,EUR/MWh,FR,FR,imbalance_price,Long,2026-06-07T17:42:53Z
2026-06-07T17:41:56Z,2026-06-07T19:41:56+0200,9fbaedea-27ef-4990-85cf-49287850296c,2026-06-04T20:00:00Z,2026-06-04T22:00:00+0200,-28.69,EUR/MWh,FR,FR,imbalance_price,Short,2026-06-07T17:42:53Z
2026-06-07T17:41:56Z,2026-06-07T19:41:56+0200,9fbaedea-27ef-4990-85cf-49287850296c,2026-06-04T20:15:00Z,2026-06-04T22:15:00+0200,-33.41,EUR/MWh,FR,FR,imbalance_price,Long,2026-06-07T17:42:53Z
2026-06-07T17:41:56Z,2026-06-07T19:41:56+0200,9fbaedea-27ef-4990-85cf-49287850296c,2026-06-04T20:15:00Z,2026-06-04T22:15:00+0200,-29.09,EUR/MWh,FR,FR,imbalance_price,Short,2026-06-07T17:42:53Z
2026-06-07T17:41:56Z,2026-06-07T19:41:56+0200,9fbaedea-27ef-4990-85cf-49287850296c,2026-06-04T20:30:00Z,2026-06-04T22:30:00+0200,-23.41,EUR/MWh,FR,FR,imbalance_price,Long,2026-06-07T17:42:53Z
2026-06-07T17:41:56Z,2026-06-07T19:41:56+0200,9fbaedea-27ef-4990-85cf-49287850296c,2026-06-04T20:30:00Z,2026-06-04T22:30:00+0200,-20.39,EUR/MWh,FR,FR,imbalance_price,Short,2026-06-07T17:42:53Z
2026-06-07T17:41:56Z,2026-06-07T19:41:56+0200,9fbaedea-27ef-4990-85cf-49287850296c,2026-06-04T20:45:00Z,2026-06-04T22:45:00+0200,-8.86,EUR/MWh,FR,FR,imbalance_price,Long,2026-06-07T17:42:53Z
2026-06-07T17:41:56Z,2026-06-07T19:41:56+0200,9fbaedea-27ef-4990-85cf-49287850296c,2026-06-04T20:45:00Z,2026-06-04T22:45:00+0200,-7.72,EUR/MWh,FR,FR,imbalance_price,Short,2026-06-07T17:42:53Z
2026-06-07T17:41:56Z,2026-06-07T19:41:56+0200,9fbaedea-27ef-4990-85cf-49287850296c,2026-06-04T21:00:00Z,2026-06-04T23:00:00+0200,-0.95,EUR/MWh,FR,FR,imbalance_price,Long,2026-06-07T17:42:53Z
2026-06-07T17:41:56Z,2026-06-07T19:41:56+0200,9fbaedea-27ef-4990-85cf-49287850296c,2026-06-04T21:00:00Z,2026-06-04T23:00:00+0200,-0.83,EUR/MWh,FR,FR,imbalance_price,Short,2026-06-07T17:42:53Z
2026-06-07T17:41:56Z,2026-06-07T19:41:56+0200,9fbaedea-27ef-4990-85cf-49287850296c,2026-06-04T21:15:00Z,2026-06-04T23:15:00+0200,-12.38,EUR/MWh,FR,FR,imbalance_price,Long,2026-06-07T17:42:53Z
2026-06-07T17:41:56Z,2026-06-07T19:41:56+0200,9fbaedea-27ef-4990-85cf-49287850296c,2026-06-04T21:15:00Z,2026-06-04T23:15:00+0200,-10.78,EUR/MWh,FR,FR,imbalance_price,Short,2026-06-07T17:42:53Z
2026-06-07T17:41:56Z,2026-06-07T19:41:56+0200,9fbaedea-27ef-4990-85cf-49287850296c,2026-06-04T21:30:00Z,2026-06-04T23:30:00+0200,7.57,EUR/MWh,FR,FR,imbalance_price,Long,2026-06-07T17:42:53Z
2026-06-07T17:41:56Z,2026-06-07T19:41:56+0200,9fbaedea-27ef-4990-85cf-49287850296c,2026-06-04T21:30:00Z,2026-06-04T23:30:00+0200,8.69,EUR/MWh,FR,FR,imbalance_price,Short,2026-06-07T17:42:53Z
2026-06-07T17:41:56Z,2026-06-07T19:41:56+0200,9fbaedea-27ef-4990-85cf-49287850296c,2026-06-04T21:45:00Z,2026-06-04T23:45:00+0200,5.19,EUR/MWh,FR,FR,imbalance_price,Long,2026-06-07T17:42:53Z
2026-06-07T17:41:56Z,2026-06-07T19:41:56+0200,9fbaedea-27ef-4990-85cf-49287850296c,2026-06-04T21:45:00Z,2026-06-04T23:45:00+0200,5.95,EUR/MWh,FR,FR,imbalance_price,Short,2026-06-07T17:42:53Z
2026-06-07T17:41:56Z,2026-06-07T19:41:56+0200,9fbaedea-27ef-4990-85cf-49287850296c,2026-06-04T22:00:00Z,2026-06-05T00:00:00+0200,-6.39,EUR/MWh,FR,FR,imbalance_price,Long,2026-06-07T17:42:53Z
2026-06-07T17:41:56Z,2026-06-07T19:41:56+0200,9fbaedea-27ef-4990-85cf-49287850296c,2026-06-04T22:00:00Z,2026-06-05T00:00:00+0200,-5.57,EUR/MWh,FR,FR,imbalance_price,Short,2026-06-07T17:42:53Z
2026-06-07T17:41:56Z,2026-06-07T19:41:56+0200,9fbaedea-27ef-4990-85cf-49287850296c,2026-06-04T22:15:00Z,2026-06-05T00:15:00+0200,37.25,EUR/MWh,FR,FR,imbalance_price,Long,2026-06-07T17:42:53Z
2026-06-07T17:41:56Z,2026-06-07T19:41:56+0200,9fbaedea-27ef-4990-85cf-49287850296c,2026-06-04T22:15:00Z,2026-06-05T00:15:00+0200,42.77,EUR/MWh,FR,FR,imbalance_price,Short,2026-06-07T17:42:53Z
2026-06-07T17:41:56Z,2026-06-07T19:41:56+0200,9fbaedea-27ef-4990-85cf-49287850296c,2026-06-04T22:30:00Z,2026-06-05T00:30:00+0200,35.99,EUR/MWh,FR,FR,imbalance_price,Long,2026-06-07T17:42:53Z
2026-06-07T17:41:56Z,2026-06-07T19:41:56+0200,9fbaedea-27ef-4990-85cf-49287850296c,2026-06-04T22:30:00Z,2026-06-05T00:30:00+0200,41.33,EUR/MWh,FR,FR,imbalance_price,Short,2026-06-07T17:42:53Z
2026-06-07T17:41:56Z,2026-06-07T19:41:56+0200,9fbaedea-27ef-4990-85cf-49287850296c,2026-06-04T22:45:00Z,2026-06-05T00:45:00+0200,40.33,EUR/MWh,FR,FR,imbalance_price,Long,2026-06-07T17:42:53Z
2026-06-07T17:41:56Z,2026-06-07T19:41:56+0200,9fbaedea-27ef-4990-85cf-49287850296c,2026-06-04T22:45:00Z,2026-06-05T00:45:00+0200,46.31,EUR/MWh,FR,FR,imbalance_price,Short,2026-06-07T17:42:53Z
2026-06-07T17:41:56Z,2026-06-07T19:41:56+0200,9fbaedea-27ef-4990-85cf-49287850296c,2026-06-04T23:00:00Z,2026-06-05T01:00:00+0200,39.53,EUR/MWh,FR,FR,imbalance_price,Long,2026-06-07T17:42:53Z
2026-06-07T17:41:56Z,2026-06-07T19:41:56+0200,9fbaedea-27ef-4990-85cf-49287850296c,2026-06-04T23:00:00Z,2026-06-05T01:00:00+0200,45.39,EUR/MWh,FR,FR,imbalance_price,Short,2026-06-07T17:42:53Z
2026-06-07T17:41:56Z,2026-06-07T19:41:56+0200,9fbaedea-27ef-4990-85cf-49287850296c,2026-06-04T23:15:00Z,2026-06-05T01:15:00+0200,24.86,EUR/MWh,FR,FR,imbalance_price,Long,2026-06-07T17:42:53Z
2026-06-07T17:41:56Z,2026-06-07T19:41:56+0200,9fbaedea-27ef-4990-85cf-49287850296c,2026-06-04T23:15:00Z,2026-06-05T01:15:00+0200,28.54,EUR/MWh,FR,FR,imbalance_price,Short,2026-06-07T17:42:53Z
2026-06-07T17:41:56Z,2026-06-07T19:41:56+0200,9fbaedea-27ef-4990-85cf-49287850296c,2026-06-04T23:30:00Z,2026-06-05T01:30:00+0200,23.16,EUR/MWh,FR,FR,imbalance_price,Long,2026-06-07T17:42:53Z
2026-06-07T17:41:56Z,2026-06-07T19:41:56+0200,9fbaedea-27ef-4990-85cf-49287850296c,2026-06-04T23:30:00Z,2026-06-05T01:30:00+0200,26.6,EUR/MWh,FR,FR,imbalance_price,Short,2026-06-07T17:42:53Z
2026-06-07T17:41:56Z,2026-06-07T19:41:56+0200,9fbaedea-27ef-4990-85cf-49287850296c,2026-06-04T23:45:00Z,2026-06-05T01:45:00+0200,31.0,EUR/MWh,FR,FR,imbalance_price,Long,2026-06-07T17:42:53Z
2026-06-07T17:41:56Z,2026-06-07T19:41:56+0200,9fbaedea-27ef-4990-85cf-49287850296c,2026-06-04T23:45:00Z,2026-06-05T01:45:00+0200,35.6,EUR/MWh,FR,FR,imbalance_price,Short,2026-06-07T17:42:53Z
2026-06-07T17:41:56Z,2026-06-07T19:41:56+0200,9fbaedea-27ef-4990-85cf-49287850296c,2026-06-05T00:00:00Z,2026-06-05T02:00:00+0200,28.54,EUR/MWh,FR,FR,imbalance_price,Long,2026-06-07T17:42:53Z
2026-06-07T17:41:56Z,2026-06-07T19:41:56+0200,9fbaedea-27ef-4990-85cf-49287850296c,2026-06-05T00:00:00Z,2026-06-05T02:00:00+0200,32.78,EUR/MWh,FR,FR,imbalance_price,Short,2026-06-07T17:42:53Z
2026-06-07T17:41:56Z,2026-06-07T19:41:56+0200,9fbaedea-27ef-4990-85cf-49287850296c,2026-06-05T00:15:00Z,2026-06-05T02:15:00+0200,18.53,EUR/MWh,FR,FR,imbalance_price,Long,2026-06-07T17:42:53Z
2026-06-07T17:41:56Z,2026-06-07T19:41:56+0200,9fbaedea-27ef-4990-85cf-49287850296c,2026-06-05T00:15:00Z,2026-06-05T02:15:00+0200,21.27,EUR/MWh,FR,FR,imbalance_price,Short,2026-06-07T17:42:53Z
2026-06-07T17:41:56Z,2026-06-07T19:41:56+0200,9fbaedea-27ef-4990-85cf-49287850296c,2026-06-05T00:30:00Z,2026-06-05T02:30:00+0200,27.37,EUR/MWh,FR,FR,imbalance_price,Long,2026-06-07T17:42:53Z
2026-06-07T17:41:56Z,2026-06-07T19:41:56+0200,9fbaedea-27ef-4990-85cf-49287850296c,2026-06-05T00:30:00Z,2026-06-05T02:30:00+0200,31.43,EUR/MWh,FR,FR,imbalance_price,Short,2026-06-07T17:42:53Z
2026-06-07T17:41:56Z,2026-06-07T19:41:56+0200,9fbaedea-27ef-4990-85cf-49287850296c,2026-06-05T00:45:00Z,2026-06-05T02:45:00+0200,18.7,EUR/MWh,FR,FR,imbalance_price,Long,2026-06-07T17:42:53Z
2026-06-07T17:41:56Z,2026-06-07T19:41:56+0200,9fbaedea-27ef-4990-85cf-49287850296c,2026-06-05T00:45:00Z,2026-06-05T02:45:00+0200,21.48,EUR/MWh,FR,FR,imbalance_price,Short,2026-06-07T17:42:53Z
2026-06-07T17:41:56Z,2026-06-07T19:41:56+0200,9fbaedea-27ef-4990-85cf-49287850296c,2026-06-05T01:00:00Z,2026-06-05T03:00:00+0200,37.88,EUR/MWh,FR,FR,imbalance_price,Long,2026-06-07T17:42:53Z
2026-06-07T17:41:56Z,2026-06-07T19:41:56+0200,9fbaedea-27ef-4990-85cf-49287850296c,2026-06-05T01:00:00Z,2026-06-05T03:00:00+0200,43.5,EUR/MWh,FR,FR,imbalance_price,Short,2026-06-07T17:42:53Z
2026-06-07T17:41:56Z,2026-06-07T19:41:56+0200,9fbaedea-27ef-4990-85cf-49287850296c,2026-06-05T01:15:00Z,2026-06-05T03:15:00+0200,23.48,EUR/MWh,FR,FR,imbalance_price,Long,2026-06-07T17:42:53Z
2026-06-07T17:41:56Z,2026-06-07T19:41:56+0200,9fbaedea-27ef-4990-85cf-49287850296c,2026-06-05T01:15:00Z,2026-06-05T03:15:00+0200,26.96,EUR/MWh,FR,FR,imbalance_price,Short,2026-06-07T17:42:53Z
2026-06-07T17:41:56Z,2026-06-07T19:41:56+0200,9fbaedea-27ef-4990-85cf-49287850296c,2026-06-05T01:30:00Z,2026-06-05T03:30:00+0200,20.35,EUR/MWh,FR,FR,imbalance_price,Long,2026-06-07T17:42:53Z
2026-06-07T17:41:56Z,2026-06-07T19:41:56+0200,9fbaedea-27ef-4990-85cf-49287850296c,2026-06-05T01:30:00Z,2026-06-05T03:30:00+0200,23.37,EUR/MWh,FR,FR,imbalance_price,Short,2026-06-07T17:42:53Z
2026-06-07T17:41:56Z,2026-06-07T19:41:56+0200,9fbaedea-27ef-4990-85cf-49287850296c,2026-06-05T01:45:00Z,2026-06-05T03:45:00+0200,20.79,EUR/MWh,FR,FR,imbalance_price,Long,2026-06-07T17:42:53Z
2026-06-07T17:41:56Z,2026-06-07T19:41:56+0200,9fbaedea-27ef-4990-85cf-49287850296c,2026-06-05T01:45:00Z,2026-06-05T03:45:00+0200,23.87,EUR/MWh,FR,FR,imbalance_price,Short,2026-06-07T17:42:53Z
2026-06-07T17:41:56Z,2026-06-07T19:41:56+0200,9fbaedea-27ef-4990-85cf-49287850296c,2026-06-05T02:00:00Z,2026-06-05T04:00:00+0200,18.24,EUR/MWh,FR,FR,imbalance_price,Long,2026-06-07T17:42:53Z
2026-06-07T17:41:56Z,2026-06-07T19:41:56+0200,9fbaedea-27ef-4990-85cf-49287850296c,2026-06-05T02:00:00Z,2026-06-05T04:00:00+0200,20.94,EUR/MWh,FR,FR,imbalance_price,Short,2026-06-07T17:42:53Z
2026-06-07T17:41:56Z,2026-06-07T19:41:56+0200,9fbaedea-27ef-4990-85cf-49287850296c,2026-06-05T02:15:00Z,2026-06-05T04:15:00+0200,22.15,EUR/MWh,FR,FR,imbalance_price,Long,2026-06-07T17:42:53Z
2026-06-07T17:41:56Z,2026-06-07T19:41:56+0200,9fbaedea-27ef-4990-85cf-49287850296c,2026-06-05T02:15:00Z,2026-06-05T04:15:00+0200,25.43,EUR/MWh,FR,FR,imbalance_price,Short,2026-06-07T17:42:53Z
2026-06-07T17:41:56Z,2026-06-07T19:41:56+0200,9fbaedea-27ef-4990-85cf-49287850296c,2026-06-05T02:30:00Z,2026-06-05T04:30:00+0200,31.24,EUR/MWh,FR,FR,imbalance_price,Long,2026-06-07T17:42:53Z
2026-06-07T17:41:56Z,2026-06-07T19:41:56+0200,9fbaedea-27ef-4990-85cf-49287850296c,2026-06-05T02:30:00Z,2026-06-05T04:30:00+0200,35.86,EUR/MWh,FR,FR,imbalance_price,Short,2026-06-07T17:42:53Z
2026-06-07T17:41:56Z,2026-06-07T19:41:56+0200,9fbaedea-27ef-4990-85cf-49287850296c,2026-06-05T02:45:00Z,2026-06-05T04:45:00+0200,29.08,EUR/MWh,FR,FR,imbalance_price,Long,2026-06-07T17:42:53Z
2026-06-07T17:41:56Z,2026-06-07T19:41:56+0200,9fbaedea-27ef-4990-85cf-49287850296c,2026-06-05T02:45:00Z,2026-06-05T04:45:00+0200,33.4,EUR/MWh,FR,FR,imbalance_price,Short,2026-06-07T17:42:53Z
2026-06-07T17:41:56Z,2026-06-07T19:41:56+0200,9fbaedea-27ef-4990-85cf-49287850296c,2026-06-05T03:00:00Z,2026-06-05T05:00:00+0200,25.42,EUR/MWh,FR,FR,imbalance_price,Long,2026-06-07T17:42:53Z
2026-06-07T17:41:56Z,2026-06-07T19:41:56+0200,9fbaedea-27ef-4990-85cf-49287850296c,2026-06-05T03:00:00Z,2026-06-05T05:00:00+0200,29.18,EUR/MWh,FR,FR,imbalance_price,Short,2026-06-07T17:42:53Z
2026-06-07T17:41:56Z,2026-06-07T19:41:56+0200,9fbaedea-27ef-4990-85cf-49287850296c,2026-06-05T03:15:00Z,2026-06-05T05:15:00+0200,23.88,EUR/MWh,FR,FR,imbalance_price,Long,2026-06-07T17:42:53Z
2026-06-07T17:41:56Z,2026-06-07T19:41:56+0200,9fbaedea-27ef-4990-85cf-49287850296c,2026-06-05T03:15:00Z,2026-06-05T05:15:00+0200,27.42,EUR/MWh,FR,FR,imbalance_price,Short,2026-06-07T17:42:53Z
2026-06-07T17:41:56Z,2026-06-07T19:41:56+0200,9fbaedea-27ef-4990-85cf-49287850296c,2026-06-05T03:30:00Z,2026-06-05T05:30:00+0200,18.38,EUR/MWh,FR,FR,imbalance_price,Long,2026-06-07T17:42:53Z
2026-06-07T17:41:56Z,2026-06-07T19:41:56+0200,9fbaedea-27ef-4990-85cf-49287850296c,2026-06-05T03:30:00Z,2026-06-05T05:30:00+0200,21.1,EUR/MWh,FR,FR,imbalance_price,Short,2026-06-07T17:42:53Z
2026-06-07T17:41:56Z,2026-06-07T19:41:56+0200,9fbaedea-27ef-4990-85cf-49287850296c,2026-06-05T03:45:00Z,2026-06-05T05:45:00+0200,18.42,EUR/MWh,FR,FR,imbalance_price,Long,2026-06-07T17:42:53Z
2026-06-07T17:41:56Z,2026-06-07T19:41:56+0200,9fbaedea-27ef-4990-85cf-49287850296c,2026-06-05T03:45:00Z,2026-06-05T05:45:00+0200,21.14,EUR/MWh,FR,FR,imbalance_price,Short,2026-06-07T17:42:53Z
2026-06-07T17:41:56Z,2026-06-07T19:41:56+0200,9fbaedea-27ef-4990-85cf-49287850296c,2026-06-05T04:00:00Z,2026-06-05T06:00:00+0200,8.84,EUR/MWh,FR,FR,imbalance_price,Long,2026-06-07T17:42:53Z
2026-06-07T17:41:56Z,2026-06-07T19:41:56+0200,9fbaedea-27ef-4990-85cf-49287850296c,2026-06-05T04:00:00Z,2026-06-05T06:00:00+0200,10.16,EUR/MWh,FR,FR,imbalance_price,Short,2026-06-07T17:42:53Z
2026-06-07T17:41:56Z,2026-06-07T19:41:56+0200,9fbaedea-27ef-4990-85cf-49287850296c,2026-06-05T04:15:00Z,2026-06-05T06:15:00+0200,8.84,EUR/MWh,FR,FR,imbalance_price,Long,2026-06-07T17:42:53Z
2026-06-07T17:41:56Z,2026-06-07T19:41:56+0200,9fbaedea-27ef-4990-85cf-49287850296c,2026-06-05T04:15:00Z,2026-06-05T06:15:00+0200,10.16,EUR/MWh,FR,FR,imbalance_price,Short,2026-06-07T17:42:53Z
2026-06-07T17:41:56Z,2026-06-07T19:41:56+0200,9fbaedea-27ef-4990-85cf-49287850296c,2026-06-05T04:30:00Z,2026-06-05T06:30:00+0200,10.15,EUR/MWh,FR,FR,imbalance_price,Long,2026-06-07T17:42:53Z
2026-06-07T17:41:56Z,2026-06-07T19:41:56+0200,9fbaedea-27ef-4990-85cf-49287850296c,2026-06-05T04:30:00Z,2026-06-05T06:30:00+0200,11.65,EUR/MWh,FR,FR,imbalance_price,Short,2026-06-07T17:42:53Z
2026-06-07T17:41:56Z,2026-06-07T19:41:56+0200,9fbaedea-27ef-4990-85cf-49287850296c,2026-06-05T04:45:00Z,2026-06-05T06:45:00+0200,10.15,EUR/MWh,FR,FR,imbalance_price,Long,2026-06-07T17:42:53Z
2026-06-07T17:41:56Z,2026-06-07T19:41:56+0200,9fbaedea-27ef-4990-85cf-49287850296c,2026-06-05T04:45:00Z,2026-06-05T06:45:00+0200,11.65,EUR/MWh,FR,FR,imbalance_price,Short,2026-06-07T17:42:53Z
2026-06-07T17:41:56Z,2026-06-07T19:41:56+0200,9fbaedea-27ef-4990-85cf-49287850296c,2026-06-05T05:00:00Z,2026-06-05T07:00:00+0200,42.88,EUR/MWh,FR,FR,imbalance_price,Long,2026-06-07T17:42:53Z
2026-06-07T17:41:56Z,2026-06-07T19:41:56+0200,9fbaedea-27ef-4990-85cf-49287850296c,2026-06-05T05:00:00Z,2026-06-05T07:00:00+0200,49.24,EUR/MWh,FR,FR,imbalance_price,Short,2026-06-07T17:42:53Z
2026-06-07T17:41:56Z,2026-06-07T19:41:56+0200,9fbaedea-27ef-4990-85cf-49287850296c,2026-06-05T05:15:00Z,2026-06-05T07:15:00+0200,49.73,EUR/MWh,FR,FR,imbalance_price,Long,2026-06-07T17:42:53Z
2026-06-07T17:41:56Z,2026-06-07T19:41:56+0200,9fbaedea-27ef-4990-85cf-49287850296c,2026-06-05T05:15:00Z,2026-06-05T07:15:00+0200,57.11,EUR/MWh,FR,FR,imbalance_price,Short,2026-06-07T17:42:53Z
2026-06-07T17:41:56Z,2026-06-07T19:41:56+0200,9fbaedea-27ef-4990-85cf-49287850296c,2026-06-05T05:30:00Z,2026-06-05T07:30:00+0200,51.1,EUR/MWh,FR,FR,imbalance_price,Long,2026-06-07T17:42:53Z
2026-06-07T17:41:56Z,2026-06-07T19:41:56+0200,9fbaedea-27ef-4990-85cf-49287850296c,2026-06-05T05:30:00Z,2026-06-05T07:30:00+0200,58.68,EUR/MWh,FR,FR,imbalance_price,Short,2026-06-07T17:42:53Z
2026-06-07T17:41:56Z,2026-06-07T19:41:56+0200,9fbaedea-27ef-4990-85cf-49287850296c,2026-06-05T05:45:00Z,2026-06-05T07:45:00+0200,42.3,EUR/MWh,FR,FR,imbalance_price,Long,2026-06-07T17:42:53Z
2026-06-07T17:41:56Z,2026-06-07T19:41:56+0200,9fbaedea-27ef-4990-85cf-49287850296c,2026-06-05T05:45:00Z,2026-06-05T07:45:00+0200,48.56,EUR/MWh,FR,FR,imbalance_price,Short,2026-06-07T17:42:53Z
2026-06-07T17:41:56Z,2026-06-07T19:41:56+0200,9fbaedea-27ef-4990-85cf-49287850296c,2026-06-05T06:00:00Z,2026-06-05T08:00:00+0200,44.13,EUR/MWh,FR,FR,imbalance_price,Long,2026-06-07T17:42:53Z
2026-06-07T17:41:56Z,2026-06-07T19:41:56+0200,9fbaedea-27ef-4990-85cf-49287850296c,2026-06-05T06:00:00Z,2026-06-05T08:00:00+0200,50.67,EUR/MWh,FR,FR,imbalance_price,Short,2026-06-07T17:42:53Z
2026-06-07T17:41:56Z,2026-06-07T19:41:56+0200,9fbaedea-27ef-4990-85cf-49287850296c,2026-06-05T06:15:00Z,2026-06-05T08:15:00+0200,25.64,EUR/MWh,FR,FR,imbalance_price,Long,2026-06-07T17:42:53Z
2026-06-07T17:41:56Z,2026-06-07T19:41:56+0200,9fbaedea-27ef-4990-85cf-49287850296c,2026-06-05T06:15:00Z,2026-06-05T08:15:00+0200,29.44,EUR/MWh,FR,FR,imbalance_price,Short,2026-06-07T17:42:53Z
2026-06-07T17:41:56Z,2026-06-07T19:41:56+0200,9fbaedea-27ef-4990-85cf-49287850296c,2026-06-05T06:30:00Z,2026-06-05T08:30:00+0200,92.92,EUR/MWh,FR,FR,imbalance_price,Long,2026-06-07T17:42:53Z
2026-06-07T17:41:56Z,2026-06-07T19:41:56+0200,9fbaedea-27ef-4990-85cf-49287850296c,2026-06-05T06:30:00Z,2026-06-05T08:30:00+0200,106.7,EUR/MWh,FR,FR,imbalance_price,Short,2026-06-07T17:42:53Z
2026-06-07T17:41:56Z,2026-06-07T19:41:56+0200,9fbaedea-27ef-4990-85cf-49287850296c,2026-06-05T06:45:00Z,2026-06-05T08:45:00+0200,88.18,EUR/MWh,FR,FR,imbalance_price,Long,2026-06-07T17:42:53Z
2026-06-07T17:41:56Z,2026-06-07T19:41:56+0200,9fbaedea-27ef-4990-85cf-49287850296c,2026-06-05T06:45:00Z,2026-06-05T08:45:00+0200,101.26,EUR/MWh,FR,FR,imbalance_price,Short,2026-06-07T17:42:53Z
2026-06-07T17:41:56Z,2026-06-07T19:41:56+0200,9fbaedea-27ef-4990-85cf-49287850296c,2026-06-05T07:00:00Z,2026-06-05T09:00:00+0200,104.36,EUR/MWh,FR,FR,imbalance_price,Long,2026-06-07T17:42:53Z
2026-06-07T17:41:56Z,2026-06-07T19:41:56+0200,9fbaedea-27ef-4990-85cf-49287850296c,2026-06-05T07:00:00Z,2026-06-05T09:00:00+0200,119.82,EUR/MWh,FR,FR,imbalance_price,Short,2026-06-07T17:42:53Z
2026-06-07T17:41:56Z,2026-06-07T19:41:56+0200,9fbaedea-27ef-4990-85cf-49287850296c,2026-06-05T07:15:00Z,2026-06-05T09:15:00+0200,-121.65,EUR/MWh,FR,FR,imbalance_price,Long,2026-06-07T17:42:53Z
2026-06-07T17:41:56Z,2026-06-07T19:41:56+0200,9fbaedea-27ef-4990-85cf-49287850296c,2026-06-05T07:15:00Z,2026-06-05T09:15:00+0200,-105.95,EUR/MWh,FR,FR,imbalance_price,Short,2026-06-07T17:42:53Z
2026-06-07T17:41:56Z,2026-06-07T19:41:56+0200,9fbaedea-27ef-4990-85cf-49287850296c,2026-06-05T07:30:00Z,2026-06-05T09:30:00+0200,-58.91,EUR/MWh,FR,FR,imbalance_price,Long,2026-06-07T17:42:53Z
2026-06-07T17:41:56Z,2026-06-07T19:41:56+0200,9fbaedea-27ef-4990-85cf-49287850296c,2026-06-05T07:30:00Z,2026-06-05T09:30:00+0200,-51.31,EUR/MWh,FR,FR,imbalance_price,Short,2026-06-07T17:42:53Z
2026-06-07T17:41:56Z,2026-06-07T19:41:56+0200,9fbaedea-27ef-4990-85cf-49287850296c,2026-06-05T07:45:00Z,2026-06-05T09:45:00+0200,-363.34,EUR/MWh,FR,FR,imbalance_price,Long,2026-06-07T17:42:53Z
2026-06-07T17:41:56Z,2026-06-07T19:41:56+0200,9fbaedea-27ef-4990-85cf-49287850296c,2026-06-05T07:45:00Z,2026-06-05T09:45:00+0200,-316.44,EUR/MWh,FR,FR,imbalance_price,Short,2026-06-07T17:42:53Z
2026-06-07T17:41:56Z,2026-06-07T19:41:56+0200,9fbaedea-27ef-4990-85cf-49287850296c,2026-06-05T08:00:00Z,2026-06-05T10:00:00+0200,-111.56,EUR/MWh,FR,FR,imbalance_price,Long,2026-06-07T17:42:53Z
2026-06-07T17:41:56Z,2026-06-07T19:41:56+0200,9fbaedea-27ef-4990-85cf-49287850296c,2026-06-05T08:00:00Z,2026-06-05T10:00:00+0200,-97.16,EUR/MWh,FR,FR,imbalance_price,Short,2026-06-07T17:42:53Z
2026-06-07T17:41:56Z,2026-06-07T19:41:56+0200,9fbaedea-27ef-4990-85cf-49287850296c,2026-06-05T08:15:00Z,2026-06-05T10:15:00+0200,-68.62,EUR/MWh,FR,FR,imbalance_price,Long,2026-06-07T17:42:53Z
2026-06-07T17:41:56Z,2026-06-07T19:41:56+0200,9fbaedea-27ef-4990-85cf-49287850296c,2026-06-05T08:15:00Z,2026-06-05T10:15:00+0200,-59.76,EUR/MWh,FR,FR,imbalance_price,Short,2026-06-07T17:42:53Z
2026-06-07T17:41:56Z,2026-06-07T19:41:56+0200,9fbaedea-27ef-4990-85cf-49287850296c,2026-06-05T08:30:00Z,2026-06-05T10:30:00+0200,-52.32,EUR/MWh,FR,FR,imbalance_price,Long,2026-06-07T17:42:53Z
2026-06-07T17:41:56Z,2026-06-07T19:41:56+0200,9fbaedea-27ef-4990-85cf-49287850296c,2026-06-05T08:30:00Z,2026-06-05T10:30:00+0200,-45.56,EUR/MWh,FR,FR,imbalance_price,Short,2026-06-07T17:42:53Z
2026-06-07T17:41:56Z,2026-06-07T19:41:56+0200,9fbaedea-27ef-4990-85cf-49287850296c,2026-06-05T08:45:00Z,2026-06-05T10:45:00+0200,-130.09,EUR/MWh,FR,FR,imbalance_price,Long,2026-06-07T17:42:53Z
2026-06-07T17:41:56Z,2026-06-07T19:41:56+0200,9fbaedea-27ef-4990-85cf-49287850296c,2026-06-05T08:45:00Z,2026-06-05T10:45:00+0200,-113.29,EUR/MWh,FR,FR,imbalance_price,Short,2026-06-07T17:42:53Z
2026-06-07T17:41:56Z,2026-06-07T19:41:56+0200,9fbaedea-27ef-4990-85cf-49287850296c,2026-06-05T09:00:00Z,2026-06-05T11:00:00+0200,33.21,EUR/MWh,FR,FR,imbalance_price,Long,2026-06-07T17:42:53Z
2026-06-07T17:41:56Z,2026-06-07T19:41:56+0200,9fbaedea-27ef-4990-85cf-49287850296c,2026-06-05T09:00:00Z,2026-06-05T11:00:00+0200,38.13,EUR/MWh,FR,FR,imbalance_price,Short,2026-06-07T17:42:53Z
2026-06-07T17:41:56Z,2026-06-07T19:41:56+0200,9fbaedea-27ef-4990-85cf-49287850296c,2026-06-05T09:15:00Z,2026-06-05T11:15:00+0200,21.13,EUR/MWh,FR,FR,imbalance_price,Long,2026-06-07T17:42:53Z
2026-06-07T17:41:56Z,2026-06-07T19:41:56+0200,9fbaedea-27ef-4990-85cf-49287850296c,2026-06-05T09:15:00Z,2026-06-05T11:15:00+0200,24.27,EUR/MWh,FR,FR,imbalance_price,Short,2026-06-07T17:42:53Z
2026-06-07T17:41:56Z,2026-06-07T19:41:56+0200,9fbaedea-27ef-4990-85cf-49287850296c,2026-06-05T09:30:00Z,2026-06-05T11:30:00+0200,83.05,EUR/MWh,FR,FR,imbalance_price,Long,2026-06-07T17:42:53Z
2026-06-07T17:41:56Z,2026-06-07T19:41:56+0200,9fbaedea-27ef-4990-85cf-49287850296c,2026-06-05T09:30:00Z,2026-06-05T11:30:00+0200,95.35,EUR/MWh,FR,FR,imbalance_price,Short,2026-06-07T17:42:53Z
2026-06-07T17:41:56Z,2026-06-07T19:41:56+0200,9fbaedea-27ef-4990-85cf-49287850296c,2026-06-05T09:45:00Z,2026-06-05T11:45:00+0200,62.93,EUR/MWh,FR,FR,imbalance_price,Long,2026-06-07T17:42:53Z
2026-06-07T17:41:56Z,2026-06-07T19:41:56+0200,9fbaedea-27ef-4990-85cf-49287850296c,2026-06-05T09:45:00Z,2026-06-05T11:45:00+0200,72.25,EUR/MWh,FR,FR,imbalance_price,Short,2026-06-07T17:42:53Z
2026-06-07T17:41:56Z,2026-06-07T19:41:56+0200,9fbaedea-27ef-4990-85cf-49287850296c,2026-06-05T10:00:00Z,2026-06-05T12:00:00+0200,34.37,EUR/MWh,FR,FR,imbalance_price,Long,2026-06-07T17:42:53Z
2026-06-07T17:41:56Z,2026-06-07T19:41:56+0200,9fbaedea-27ef-4990-85cf-49287850296c,2026-06-05T10:00:00Z,2026-06-05T12:00:00+0200,39.47,EUR/MWh,FR,FR,imbalance_price,Short,2026-06-07T17:42:53Z
2026-06-07T17:41:56Z,2026-06-07T19:41:56+0200,9fbaedea-27ef-4990-85cf-49287850296c,2026-06-05T10:15:00Z,2026-06-05T12:15:00+0200,33.95,EUR/MWh,FR,FR,imbalance_price,Long,2026-06-07T17:42:53Z
2026-06-07T17:41:56Z,2026-06-07T19:41:56+0200,9fbaedea-27ef-4990-85cf-49287850296c,2026-06-05T10:15:00Z,2026-06-05T12:15:00+0200,38.99,EUR/MWh,FR,FR,imbalance_price,Short,2026-06-07T17:42:53Z
2026-06-07T17:41:56Z,2026-06-07T19:41:56+0200,9fbaedea-27ef-4990-85cf-49287850296c,2026-06-05T10:30:00Z,2026-06-05T12:30:00+0200,72.56,EUR/MWh,FR,FR,imbalance_price,Long,2026-06-07T17:42:53Z
2026-06-07T17:41:56Z,2026-06-07T19:41:56+0200,9fbaedea-27ef-4990-85cf-49287850296c,2026-06-05T10:30:00Z,2026-06-05T12:30:00+0200,83.32,EUR/MWh,FR,FR,imbalance_price,Short,2026-06-07T17:42:53Z
2026-06-07T17:41:56Z,2026-06-07T19:41:56+0200,9fbaedea-27ef-4990-85cf-49287850296c,2026-06-05T10:45:00Z,2026-06-05T12:45:00+0200,28.61,EUR/MWh,FR,FR,imbalance_price,Long,2026-06-07T17:42:53Z
2026-06-07T17:41:56Z,2026-06-07T19:41:56+0200,9fbaedea-27ef-4990-85cf-49287850296c,2026-06-05T10:45:00Z,2026-06-05T12:45:00+0200,32.85,EUR/MWh,FR,FR,imbalance_price,Short,2026-06-07T17:42:53Z
2026-06-07T17:41:56Z,2026-06-07T19:41:56+0200,9fbaedea-27ef-4990-85cf-49287850296c,2026-06-05T11:00:00Z,2026-06-05T13:00:00+0200,9.53,EUR/MWh,FR,FR,imbalance_price,Long,2026-06-07T17:42:53Z
2026-06-07T17:41:56Z,2026-06-07T19:41:56+0200,9fbaedea-27ef-4990-85cf-49287850296c,2026-06-05T11:00:00Z,2026-06-05T13:00:00+0200,10.95,EUR/MWh,FR,FR,imbalance_price,Short,2026-06-07T17:42:53Z
2026-06-07T17:41:56Z,2026-06-07T19:41:56+0200,9fbaedea-27ef-4990-85cf-49287850296c,2026-06-05T11:15:00Z,2026-06-05T13:15:00+0200,17.59,EUR/MWh,FR,FR,imbalance_price,Long,2026-06-07T17:42:53Z
2026-06-07T17:41:56Z,2026-06-07T19:41:56+0200,9fbaedea-27ef-4990-85cf-49287850296c,2026-06-05T11:15:00Z,2026-06-05T13:15:00+0200,20.19,EUR/MWh,FR,FR,imbalance_price,Short,2026-06-07T17:42:53Z
2026-06-07T17:41:56Z,2026-06-07T19:41:56+0200,9fbaedea-27ef-4990-85cf-49287850296c,2026-06-05T11:30:00Z,2026-06-05T13:30:00+0200,58.37,EUR/MWh,FR,FR,imbalance_price,Long,2026-06-07T17:42:53Z
2026-06-07T17:41:56Z,2026-06-07T19:41:56+0200,9fbaedea-27ef-4990-85cf-49287850296c,2026-06-05T11:30:00Z,2026-06-05T13:30:00+0200,67.03,EUR/MWh,FR,FR,imbalance_price,Short,2026-06-07T17:42:53Z
2026-06-07T17:41:56Z,2026-06-07T19:41:56+0200,9fbaedea-27ef-4990-85cf-49287850296c,2026-06-05T11:45:00Z,2026-06-05T13:45:00+0200,62.02,EUR/MWh,FR,FR,imbalance_price,Long,2026-06-07T17:42:53Z
2026-06-07T17:41:56Z,2026-06-07T19:41:56+0200,9fbaedea-27ef-4990-85cf-49287850296c,2026-06-05T11:45:00Z,2026-06-05T13:45:00+0200,71.22,EUR/MWh,FR,FR,imbalance_price,Short,2026-06-07T17:42:53Z
2026-06-07T17:41:56Z,2026-06-07T19:41:56+0200,9fbaedea-27ef-4990-85cf-49287850296c,2026-06-05T12:00:00Z,2026-06-05T14:00:00+0200,4.32,EUR/MWh,FR,FR,imbalance_price,Long,2026-06-07T17:42:53Z
2026-06-07T17:41:56Z,2026-06-07T19:41:56+0200,9fbaedea-27ef-4990-85cf-49287850296c,2026-06-05T12:00:00Z,2026-06-05T14:00:00+0200,4.96,EUR/MWh,FR,FR,imbalance_price,Short,2026-06-07T17:42:53Z
2026-06-07T17:41:56Z,2026-06-07T19:41:56+0200,9fbaedea-27ef-4990-85cf-49287850296c,2026-06-05T12:15:00Z,2026-06-05T14:15:00+0200,41.96,EUR/MWh,FR,FR,imbalance_price,Long,2026-06-07T17:42:53Z
2026-06-07T17:41:56Z,2026-06-07T19:41:56+0200,9fbaedea-27ef-4990-85cf-49287850296c,2026-06-05T12:15:00Z,2026-06-05T14:15:00+0200,48.18,EUR/MWh,FR,FR,imbalance_price,Short,2026-06-07T17:42:53Z
2026-06-07T17:41:56Z,2026-06-07T19:41:56+0200,9fbaedea-27ef-4990-85cf-49287850296c,2026-06-05T12:30:00Z,2026-06-05T14:30:00+0200,31.1,EUR/MWh,FR,FR,imbalance_price,Long,2026-06-07T17:42:53Z
2026-06-07T17:41:56Z,2026-06-07T19:41:56+0200,9fbaedea-27ef-4990-85cf-49287850296c,2026-06-05T12:30:00Z,2026-06-05T14:30:00+0200,35.72,EUR/MWh,FR,FR,imbalance_price,Short,2026-06-07T17:42:53Z
2026-06-07T17:41:56Z,2026-06-07T19:41:56+0200,9fbaedea-27ef-4990-85cf-49287850296c,2026-06-05T12:45:00Z,2026-06-05T14:45:00+0200,-8.25,EUR/MWh,FR,FR,imbalance_price,Long,2026-06-07T17:42:53Z
2026-06-07T17:41:56Z,2026-06-07T19:41:56+0200,9fbaedea-27ef-4990-85cf-49287850296c,2026-06-05T12:45:00Z,2026-06-05T14:45:00+0200,-7.19,EUR/MWh,FR,FR,imbalance_price,Short,2026-06-07T17:42:53Z
2026-06-07T17:41:56Z,2026-06-07T19:41:56+0200,9fbaedea-27ef-4990-85cf-49287850296c,2026-06-05T13:00:00Z,2026-06-05T15:00:00+0200,-149.85,EUR/MWh,FR,FR,imbalance_price,Long,2026-06-07T17:42:53Z
2026-06-07T17:41:56Z,2026-06-07T19:41:56+0200,9fbaedea-27ef-4990-85cf-49287850296c,2026-06-05T13:00:00Z,2026-06-05T15:00:00+0200,-130.51,EUR/MWh,FR,FR,imbalance_price,Short,2026-06-07T17:42:53Z
2026-06-07T17:41:56Z,2026-06-07T19:41:56+0200,9fbaedea-27ef-4990-85cf-49287850296c,2026-06-05T13:15:00Z,2026-06-05T15:15:00+0200,-121.16,EUR/MWh,FR,FR,imbalance_price,Long,2026-06-07T17:42:53Z
2026-06-07T17:41:56Z,2026-06-07T19:41:56+0200,9fbaedea-27ef-4990-85cf-49287850296c,2026-06-05T13:15:00Z,2026-06-05T15:15:00+0200,-105.52,EUR/MWh,FR,FR,imbalance_price,Short,2026-06-07T17:42:53Z
2026-06-07T17:41:56Z,2026-06-07T19:41:56+0200,9fbaedea-27ef-4990-85cf-49287850296c,2026-06-05T13:30:00Z,2026-06-05T15:30:00+0200,-77.97,EUR/MWh,FR,FR,imbalance_price,Long,2026-06-07T17:42:53Z
2026-06-07T17:41:56Z,2026-06-07T19:41:56+0200,9fbaedea-27ef-4990-85cf-49287850296c,2026-06-05T13:30:00Z,2026-06-05T15:30:00+0200,-67.91,EUR/MWh,FR,FR,imbalance_price,Short,2026-06-07T17:42:53Z
2026-06-07T17:41:56Z,2026-06-07T19:41:56+0200,9fbaedea-27ef-4990-85cf-49287850296c,2026-06-05T13:45:00Z,2026-06-05T15:45:00+0200,-0.76,EUR/MWh,FR,FR,imbalance_price,Long,2026-06-07T17:42:53Z
2026-06-07T17:41:56Z,2026-06-07T19:41:56+0200,9fbaedea-27ef-4990-85cf-49287850296c,2026-06-05T13:45:00Z,2026-06-05T15:45:00+0200,-0.66,EUR/MWh,FR,FR,imbalance_price,Short,2026-06-07T17:42:53Z
2026-06-07T17:41:56Z,2026-06-07T19:41:56+0200,9fbaedea-27ef-4990-85cf-49287850296c,2026-06-05T14:00:00Z,2026-06-05T16:00:00+0200,-89.39,EUR/MWh,FR,FR,imbalance_price,Long,2026-06-07T17:42:53Z
2026-06-07T17:41:56Z,2026-06-07T19:41:56+0200,9fbaedea-27ef-4990-85cf-49287850296c,2026-06-05T14:00:00Z,2026-06-05T16:00:00+0200,-77.85,EUR/MWh,FR,FR,imbalance_price,Short,2026-06-07T17:42:53Z
2026-06-07T17:41:56Z,2026-06-07T19:41:56+0200,9fbaedea-27ef-4990-85cf-49287850296c,2026-06-05T14:15:00Z,2026-06-05T16:15:00+0200,-107.48,EUR/MWh,FR,FR,imbalance_price,Long,2026-06-07T17:42:53Z
2026-06-07T17:41:56Z,2026-06-07T19:41:56+0200,9fbaedea-27ef-4990-85cf-49287850296c,2026-06-05T14:15:00Z,2026-06-05T16:15:00+0200,-93.6,EUR/MWh,FR,FR,imbalance_price,Short,2026-06-07T17:42:53Z
2026-06-07T17:41:56Z,2026-06-07T19:41:56+0200,9fbaedea-27ef-4990-85cf-49287850296c,2026-06-05T14:30:00Z,2026-06-05T16:30:00+0200,-52.05,EUR/MWh,FR,FR,imbalance_price,Long,2026-06-07T17:42:53Z
2026-06-07T17:41:56Z,2026-06-07T19:41:56+0200,9fbaedea-27ef-4990-85cf-49287850296c,2026-06-05T14:30:00Z,2026-06-05T16:30:00+0200,-45.33,EUR/MWh,FR,FR,imbalance_price,Short,2026-06-07T17:42:53Z
2026-06-07T17:41:56Z,2026-06-07T19:41:56+0200,9fbaedea-27ef-4990-85cf-49287850296c,2026-06-05T14:45:00Z,2026-06-05T16:45:00+0200,-47.56,EUR/MWh,FR,FR,imbalance_price,Long,2026-06-07T17:42:53Z
2026-06-07T17:41:56Z,2026-06-07T19:41:56+0200,9fbaedea-27ef-4990-85cf-49287850296c,2026-06-05T14:45:00Z,2026-06-05T16:45:00+0200,-41.42,EUR/MWh,FR,FR,imbalance_price,Short,2026-06-07T17:42:53Z
2026-06-07T17:41:56Z,2026-06-07T19:41:56+0200,9fbaedea-27ef-4990-85cf-49287850296c,2026-06-05T15:00:00Z,2026-06-05T17:00:00+0200,1.53,EUR/MWh,FR,FR,imbalance_price,Long,2026-06-07T17:42:53Z
2026-06-07T17:41:56Z,2026-06-07T19:41:56+0200,9fbaedea-27ef-4990-85cf-49287850296c,2026-06-05T15:00:00Z,2026-06-05T17:00:00+0200,1.75,EUR/MWh,FR,FR,imbalance_price,Short,2026-06-07T17:42:53Z
2026-06-07T17:41:56Z,2026-06-07T19:41:56+0200,9fbaedea-27ef-4990-85cf-49287850296c,2026-06-05T15:15:00Z,2026-06-05T17:15:00+0200,1.76,EUR/MWh,FR,FR,imbalance_price,Long,2026-06-07T17:42:53Z
2026-06-07T17:41:56Z,2026-06-07T19:41:56+0200,9fbaedea-27ef-4990-85cf-49287850296c,2026-06-05T15:15:00Z,2026-06-05T17:15:00+0200,2.02,EUR/MWh,FR,FR,imbalance_price,Short,2026-06-07T17:42:53Z
2026-06-07T17:41:56Z,2026-06-07T19:41:56+0200,9fbaedea-27ef-4990-85cf-49287850296c,2026-06-05T15:30:00Z,2026-06-05T17:30:00+0200,0.36,EUR/MWh,FR,FR,imbalance_price,Long,2026-06-07T17:42:53Z
2026-06-07T17:41:56Z,2026-06-07T19:41:56+0200,9fbaedea-27ef-4990-85cf-49287850296c,2026-06-05T15:30:00Z,2026-06-05T17:30:00+0200,0.42,EUR/MWh,FR,FR,imbalance_price,Short,2026-06-07T17:42:53Z
2026-06-07T17:41:56Z,2026-06-07T19:41:56+0200,9fbaedea-27ef-4990-85cf-49287850296c,2026-06-05T15:45:00Z,2026-06-05T17:45:00+0200,9.12,EUR/MWh,FR,FR,imbalance_price,Long,2026-06-07T17:42:53Z
2026-06-07T17:41:56Z,2026-06-07T19:41:56+0200,9fbaedea-27ef-4990-85cf-49287850296c,2026-06-05T15:45:00Z,2026-06-05T17:45:00+0200,10.48,EUR/MWh,FR,FR,imbalance_price,Short,2026-06-07T17:42:53Z
2026-06-07T17:41:56Z,2026-06-07T19:41:56+0200,9fbaedea-27ef-4990-85cf-49287850296c,2026-06-05T16:00:00Z,2026-06-05T18:00:00+0200,2.7,EUR/MWh,FR,FR,imbalance_price,Long,2026-06-07T17:42:53Z
2026-06-07T17:41:56Z,2026-06-07T19:41:56+0200,9fbaedea-27ef-4990-85cf-49287850296c,2026-06-05T16:00:00Z,2026-06-05T18:00:00+0200,3.1,EUR/MWh,FR,FR,imbalance_price,Short,2026-06-07T17:42:53Z
2026-06-07T17:41:56Z,2026-06-07T19:41:56+0200,9fbaedea-27ef-4990-85cf-49287850296c,2026-06-05T16:15:00Z,2026-06-05T18:15:00+0200,44.46,EUR/MWh,FR,FR,imbalance_price,Long,2026-06-07T17:42:53Z
2026-06-07T17:41:56Z,2026-06-07T19:41:56+0200,9fbaedea-27ef-4990-85cf-49287850296c,2026-06-05T16:15:00Z,2026-06-05T18:15:00+0200,51.04,EUR/MWh,FR,FR,imbalance_price,Short,2026-06-07T17:42:53Z
2026-06-07T17:41:56Z,2026-06-07T19:41:56+0200,9fbaedea-27ef-4990-85cf-49287850296c,2026-06-05T16:30:00Z,2026-06-05T18:30:00+0200,132.99,EUR/MWh,FR,FR,imbalance_price,Long,2026-06-07T17:42:53Z
2026-06-07T17:41:56Z,2026-06-07T19:41:56+0200,9fbaedea-27ef-4990-85cf-49287850296c,2026-06-05T16:30:00Z,2026-06-05T18:30:00+0200,152.71,EUR/MWh,FR,FR,imbalance_price,Short,2026-06-07T17:42:53Z
2026-06-07T17:41:56Z,2026-06-07T19:41:56+0200,9fbaedea-27ef-4990-85cf-49287850296c,2026-06-05T16:45:00Z,2026-06-05T18:45:00+0200,69.44,EUR/MWh,FR,FR,imbalance_price,Long,2026-06-07T17:42:53Z
2026-06-07T17:41:56Z,2026-06-07T19:41:56+0200,9fbaedea-27ef-4990-85cf-49287850296c,2026-06-05T16:45:00Z,2026-06-05T18:45:00+0200,79.74,EUR/MWh,FR,FR,imbalance_price,Short,2026-06-07T17:42:53Z
2026-06-07T17:41:56Z,2026-06-07T19:41:56+0200,9fbaedea-27ef-4990-85cf-49287850296c,2026-06-05T17:00:00Z,2026-06-05T19:00:00+0200,24.22,EUR/MWh,FR,FR,imbalance_price,Long,2026-06-07T17:42:53Z
2026-06-07T17:41:56Z,2026-06-07T19:41:56+0200,9fbaedea-27ef-4990-85cf-49287850296c,2026-06-05T17:00:00Z,2026-06-05T19:00:00+0200,27.8,EUR/MWh,FR,FR,imbalance_price,Short,2026-06-07T17:42:53Z
2026-06-07T17:41:56Z,2026-06-07T19:41:56+0200,9fbaedea-27ef-4990-85cf-49287850296c,2026-06-05T17:15:00Z,2026-06-05T19:15:00+0200,50.57,EUR/MWh,FR,FR,imbalance_price,Long,2026-06-07T17:42:53Z
2026-06-07T17:41:56Z,2026-06-07T19:41:56+0200,9fbaedea-27ef-4990-85cf-49287850296c,2026-06-05T17:15:00Z,2026-06-05T19:15:00+0200,58.07,EUR/MWh,FR,FR,imbalance_price,Short,2026-06-07T17:42:53Z
2026-06-07T17:41:56Z,2026-06-07T19:41:56+0200,9fbaedea-27ef-4990-85cf-49287850296c,2026-06-05T17:30:00Z,2026-06-05T19:30:00+0200,70.66,EUR/MWh,FR,FR,imbalance_price,Long,2026-06-07T17:42:53Z
2026-06-07T17:41:56Z,2026-06-07T19:41:56+0200,9fbaedea-27ef-4990-85cf-49287850296c,2026-06-05T17:30:00Z,2026-06-05T19:30:00+0200,81.14,EUR/MWh,FR,FR,imbalance_price,Short,2026-06-07T17:42:53Z
2026-06-07T17:41:56Z,2026-06-07T19:41:56+0200,9fbaedea-27ef-4990-85cf-49287850296c,2026-06-05T17:45:00Z,2026-06-05T19:45:00+0200,58.46,EUR/MWh,FR,FR,imbalance_price,Long,2026-06-07T17:42:53Z
2026-06-07T17:41:56Z,2026-06-07T19:41:56+0200,9fbaedea-27ef-4990-85cf-49287850296c,2026-06-05T17:45:00Z,2026-06-05T19:45:00+0200,67.12,EUR/MWh,FR,FR,imbalance_price,Short,2026-06-07T17:42:53Z
2026-06-07T17:41:56Z,2026-06-07T19:41:56+0200,9fbaedea-27ef-4990-85cf-49287850296c,2026-06-05T18:00:00Z,2026-06-05T20:00:00+0200,37.64,EUR/MWh,FR,FR,imbalance_price,Long,2026-06-07T17:42:53Z
2026-06-07T17:41:56Z,2026-06-07T19:41:56+0200,9fbaedea-27ef-4990-85cf-49287850296c,2026-06-05T18:00:00Z,2026-06-05T20:00:00+0200,43.22,EUR/MWh,FR,FR,imbalance_price,Short,2026-06-07T17:42:53Z
2026-06-07T17:41:56Z,2026-06-07T19:41:56+0200,9fbaedea-27ef-4990-85cf-49287850296c,2026-06-05T18:15:00Z,2026-06-05T20:15:00+0200,103.78,EUR/MWh,FR,FR,imbalance_price,Long,2026-06-07T17:42:53Z
2026-06-07T17:41:56Z,2026-06-07T19:41:56+0200,9fbaedea-27ef-4990-85cf-49287850296c,2026-06-05T18:15:00Z,2026-06-05T20:15:00+0200,119.16,EUR/MWh,FR,FR,imbalance_price,Short,2026-06-07T17:42:53Z
2026-06-07T17:41:56Z,2026-06-07T19:41:56+0200,9fbaedea-27ef-4990-85cf-49287850296c,2026-06-05T18:30:00Z,2026-06-05T20:30:00+0200,39.34,EUR/MWh,FR,FR,imbalance_price,Long,2026-06-07T17:42:53Z
2026-06-07T17:41:56Z,2026-06-07T19:41:56+0200,9fbaedea-27ef-4990-85cf-49287850296c,2026-06-05T18:30:00Z,2026-06-05T20:30:00+0200,45.18,EUR/MWh,FR,FR,imbalance_price,Short,2026-06-07T17:42:53Z
2026-06-07T17:41:56Z,2026-06-07T19:41:56+0200,9fbaedea-27ef-4990-85cf-49287850296c,2026-06-05T18:45:00Z,2026-06-05T20:45:00+0200,16.48,EUR/MWh,FR,FR,imbalance_price,Long,2026-06-07T17:42:53Z
2026-06-07T17:41:56Z,2026-06-07T19:41:56+0200,9fbaedea-27ef-4990-85cf-49287850296c,2026-06-05T18:45:00Z,2026-06-05T20:45:00+0200,18.92,EUR/MWh,FR,FR,imbalance_price,Short,2026-06-07T17:42:53Z
2026-06-07T17:41:56Z,2026-06-07T19:41:56+0200,9fbaedea-27ef-4990-85cf-49287850296c,2026-06-05T19:00:00Z,2026-06-05T21:00:00+0200,17.92,EUR/MWh,FR,FR,imbalance_price,Long,2026-06-07T17:42:53Z
2026-06-07T17:41:56Z,2026-06-07T19:41:56+0200,9fbaedea-27ef-4990-85cf-49287850296c,2026-06-05T19:00:00Z,2026-06-05T21:00:00+0200,20.58,EUR/MWh,FR,FR,imbalance_price,Short,2026-06-07T17:42:53Z
2026-06-07T17:41:56Z,2026-06-07T19:41:56+0200,9fbaedea-27ef-4990-85cf-49287850296c,2026-06-05T19:15:00Z,2026-06-05T21:15:00+0200,22.79,EUR/MWh,FR,FR,imbalance_price,Long,2026-06-07T17:42:53Z
2026-06-07T17:41:56Z,2026-06-07T19:41:56+0200,9fbaedea-27ef-4990-85cf-49287850296c,2026-06-05T19:15:00Z,2026-06-05T21:15:00+0200,26.17,EUR/MWh,FR,FR,imbalance_price,Short,2026-06-07T17:42:53Z
2026-06-07T17:41:56Z,2026-06-07T19:41:56+0200,9fbaedea-27ef-4990-85cf-49287850296c,2026-06-05T19:30:00Z,2026-06-05T21:30:00+0200,46.1,EUR/MWh,FR,FR,imbalance_price,Long,2026-06-07T17:42:53Z
2026-06-07T17:41:56Z,2026-06-07T19:41:56+0200,9fbaedea-27ef-4990-85cf-49287850296c,2026-06-05T19:30:00Z,2026-06-05T21:30:00+0200,52.94,EUR/MWh,FR,FR,imbalance_price,Short,2026-06-07T17:42:53Z
2026-06-07T17:41:56Z,2026-06-07T19:41:56+0200,9fbaedea-27ef-4990-85cf-49287850296c,2026-06-05T19:45:00Z,2026-06-05T21:45:00+0200,8.84,EUR/MWh,FR,FR,imbalance_price,Long,2026-06-07T17:42:53Z
2026-06-07T17:41:56Z,2026-06-07T19:41:56+0200,9fbaedea-27ef-4990-85cf-49287850296c,2026-06-05T19:45:00Z,2026-06-05T21:45:00+0200,10.16,EUR/MWh,FR,FR,imbalance_price,Short,2026-06-07T17:42:53Z
2026-06-07T17:41:56Z,2026-06-07T19:41:56+0200,9fbaedea-27ef-4990-85cf-49287850296c,2026-06-05T20:00:00Z,2026-06-05T22:00:00+0200,13.5,EUR/MWh,FR,FR,imbalance_price,Long,2026-06-07T17:42:53Z
2026-06-07T17:41:56Z,2026-06-07T19:41:56+0200,9fbaedea-27ef-4990-85cf-49287850296c,2026-06-05T20:00:00Z,2026-06-05T22:00:00+0200,15.5,EUR/MWh,FR,FR,imbalance_price,Short,2026-06-07T17:42:53Z
2026-06-07T17:41:56Z,2026-06-07T19:41:56+0200,9fbaedea-27ef-4990-85cf-49287850296c,2026-06-05T20:15:00Z,2026-06-05T22:15:00+0200,13.5,EUR/MWh,FR,FR,imbalance_price,Long,2026-06-07T17:42:53Z
2026-06-07T17:41:56Z,2026-06-07T19:41:56+0200,9fbaedea-27ef-4990-85cf-49287850296c,2026-06-05T20:15:00Z,2026-06-05T22:15:00+0200,15.5,EUR/MWh,FR,FR,imbalance_price,Short,2026-06-07T17:42:53Z
2026-06-07T17:41:56Z,2026-06-07T19:41:56+0200,9fbaedea-27ef-4990-85cf-49287850296c,2026-06-05T20:30:00Z,2026-06-05T22:30:00+0200,13.5,EUR/MWh,FR,FR,imbalance_price,Long,2026-06-07T17:42:53Z
2026-06-07T17:41:56Z,2026-06-07T19:41:56+0200,9fbaedea-27ef-4990-85cf-49287850296c,2026-06-05T20:30:00Z,2026-06-05T22:30:00+0200,15.5,EUR/MWh,FR,FR,imbalance_price,Short,2026-06-07T17:42:53Z
2026-06-07T17:41:56Z,2026-06-07T19:41:56+0200,9fbaedea-27ef-4990-85cf-49287850296c,2026-06-05T20:45:00Z,2026-06-05T22:45:00+0200,57.93,EUR/MWh,FR,FR,imbalance_price,Long,2026-06-07T17:42:53Z
2026-06-07T17:41:56Z,2026-06-07T19:41:56+0200,9fbaedea-27ef-4990-85cf-49287850296c,2026-06-05T20:45:00Z,2026-06-05T22:45:00+0200,66.51,EUR/MWh,FR,FR,imbalance_price,Short,2026-06-07T17:42:53Z
2026-06-07T17:41:56Z,2026-06-07T19:41:56+0200,9fbaedea-27ef-4990-85cf-49287850296c,2026-06-05T21:00:00Z,2026-06-05T23:00:00+0200,19.44,EUR/MWh,FR,FR,imbalance_price,Long,2026-06-07T17:42:53Z
2026-06-07T17:41:56Z,2026-06-07T19:41:56+0200,9fbaedea-27ef-4990-85cf-49287850296c,2026-06-05T21:00:00Z,2026-06-05T23:00:00+0200,22.32,EUR/MWh,FR,FR,imbalance_price,Short,2026-06-07T17:42:53Z
2026-06-07T17:41:56Z,2026-06-07T19:41:56+0200,9fbaedea-27ef-4990-85cf-49287850296c,2026-06-05T21:15:00Z,2026-06-05T23:15:00+0200,13.5,EUR/MWh,FR,FR,imbalance_price,Long,2026-06-07T17:42:53Z
2026-06-07T17:41:56Z,2026-06-07T19:41:56+0200,9fbaedea-27ef-4990-85cf-49287850296c,2026-06-05T21:15:00Z,2026-06-05T23:15:00+0200,15.5,EUR/MWh,FR,FR,imbalance_price,Short,2026-06-07T17:42:53Z
2026-06-07T17:41:56Z,2026-06-07T19:41:56+0200,9fbaedea-27ef-4990-85cf-49287850296c,2026-06-05T21:30:00Z,2026-06-05T23:30:00+0200,13.5,EUR/MWh,FR,FR,imbalance_price,Long,2026-06-07T17:42:53Z
2026-06-07T17:41:56Z,2026-06-07T19:41:56+0200,9fbaedea-27ef-4990-85cf-49287850296c,2026-06-05T21:30:00Z,2026-06-05T23:30:00+0200,15.5,EUR/MWh,FR,FR,imbalance_price,Short,2026-06-07T17:42:53Z
2026-06-07T17:41:56Z,2026-06-07T19:41:56+0200,9fbaedea-27ef-4990-85cf-49287850296c,2026-06-05T21:45:00Z,2026-06-05T23:45:00+0200,-174.95,EUR/MWh,FR,FR,imbalance_price,Long,2026-06-07T17:42:53Z
2026-06-07T17:41:56Z,2026-06-07T19:41:56+0200,9fbaedea-27ef-4990-85cf-49287850296c,2026-06-05T21:45:00Z,2026-06-05T23:45:00+0200,-152.37,EUR/MWh,FR,FR,imbalance_price,Short,2026-06-07T17:42:53Z
2026-06-07T17:41:56Z,2026-06-07T19:41:56+0200,9fbaedea-27ef-4990-85cf-49287850296c,2026-06-05T22:00:00Z,2026-06-06T00:00:00+0200,-4.78,EUR/MWh,FR,FR,imbalance_price,Long,2026-06-07T17:42:53Z
2026-06-07T17:41:56Z,2026-06-07T19:41:56+0200,9fbaedea-27ef-4990-85cf-49287850296c,2026-06-05T22:00:00Z,2026-06-06T00:00:00+0200,-4.16,EUR/MWh,FR,FR,imbalance_price,Short,2026-06-07T17:42:53Z
2026-06-07T17:41:56Z,2026-06-07T19:41:56+0200,9fbaedea-27ef-4990-85cf-49287850296c,2026-06-05T22:15:00Z,2026-06-06T00:15:00+0200,-49.35,EUR/MWh,FR,FR,imbalance_price,Long,2026-06-07T17:42:53Z
2026-06-07T17:41:56Z,2026-06-07T19:41:56+0200,9fbaedea-27ef-4990-85cf-49287850296c,2026-06-05T22:15:00Z,2026-06-06T00:15:00+0200,-42.97,EUR/MWh,FR,FR,imbalance_price,Short,2026-06-07T17:42:53Z
2026-06-07T17:41:56Z,2026-06-07T19:41:56+0200,9fbaedea-27ef-4990-85cf-49287850296c,2026-06-05T22:30:00Z,2026-06-06T00:30:00+0200,-274.13,EUR/MWh,FR,FR,imbalance_price,Long,2026-06-07T17:42:53Z
2026-06-07T17:41:56Z,2026-06-07T19:41:56+0200,9fbaedea-27ef-4990-85cf-49287850296c,2026-06-05T22:30:00Z,2026-06-06T00:30:00+0200,-238.75,EUR/MWh,FR,FR,imbalance_price,Short,2026-06-07T17:42:53Z
2026-06-07T17:41:56Z,2026-06-07T19:41:56+0200,9fbaedea-27ef-4990-85cf-49287850296c,2026-06-05T22:45:00Z,2026-06-06T00:45:00+0200,-280.77,EUR/MWh,FR,FR,imbalance_price,Long,2026-06-07T17:42:53Z
2026-06-07T17:41:56Z,2026-06-07T19:41:56+0200,9fbaedea-27ef-4990-85cf-49287850296c,2026-06-05T22:45:00Z,2026-06-06T00:45:00+0200,-244.53,EUR/MWh,FR,FR,imbalance_price,Short,2026-06-07T17:42:53Z
2026-06-07T17:41:56Z,2026-06-07T19:41:56+0200,9fbaedea-27ef-4990-85cf-49287850296c,2026-06-05T23:00:00Z,2026-06-06T01:00:00+0200,-130.19,EUR/MWh,FR,FR,imbalance_price,Long,2026-06-07T17:42:53Z
2026-06-07T17:41:56Z,2026-06-07T19:41:56+0200,9fbaedea-27ef-4990-85cf-49287850296c,2026-06-05T23:00:00Z,2026-06-06T01:00:00+0200,-113.39,EUR/MWh,FR,FR,imbalance_price,Short,2026-06-07T17:42:53Z
2026-06-07T17:41:56Z,2026-06-07T19:41:56+0200,9fbaedea-27ef-4990-85cf-49287850296c,2026-06-05T23:15:00Z,2026-06-06T01:15:00+0200,-179.42,EUR/MWh,FR,FR,imbalance_price,Long,2026-06-07T17:42:53Z
2026-06-07T17:41:56Z,2026-06-07T19:41:56+0200,9fbaedea-27ef-4990-85cf-49287850296c,2026-06-05T23:15:00Z,2026-06-06T01:15:00+0200,-156.26,EUR/MWh,FR,FR,imbalance_price,Short,2026-06-07T17:42:53Z
2026-06-07T17:41:56Z,2026-06-07T19:41:56+0200,9fbaedea-27ef-4990-85cf-49287850296c,2026-06-05T23:30:00Z,2026-06-06T01:30:00+0200,4.8,EUR/MWh,FR,FR,imbalance_price,Long,2026-06-07T17:42:53Z
2026-06-07T17:41:56Z,2026-06-07T19:41:56+0200,9fbaedea-27ef-4990-85cf-49287850296c,2026-06-05T23:30:00Z,2026-06-06T01:30:00+0200,5.52,EUR/MWh,FR,FR,imbalance_price,Short,2026-06-07T17:42:53Z
2026-06-07T17:41:56Z,2026-06-07T19:41:56+0200,9fbaedea-27ef-4990-85cf-49287850296c,2026-06-05T23:45:00Z,2026-06-06T01:45:00+0200,6.75,EUR/MWh,FR,FR,imbalance_price,Long,2026-06-07T17:42:53Z
2026-06-07T17:41:56Z,2026-06-07T19:41:56+0200,9fbaedea-27ef-4990-85cf-49287850296c,2026-06-05T23:45:00Z,2026-06-06T01:45:00+0200,7.75,EUR/MWh,FR,FR,imbalance_price,Short,2026-06-07T17:42:53Z
2026-06-07T17:41:56Z,2026-06-07T19:41:56+0200,9fbaedea-27ef-4990-85cf-49287850296c,2026-06-06T00:00:00Z,2026-06-06T02:00:00+0200,-87.81,EUR/MWh,FR,FR,imbalance_price,Long,2026-06-07T17:42:53Z
2026-06-07T17:41:56Z,2026-06-07T19:41:56+0200,9fbaedea-27ef-4990-85cf-49287850296c,2026-06-06T00:00:00Z,2026-06-06T02:00:00+0200,-76.47,EUR/MWh,FR,FR,imbalance_price,Short,2026-06-07T17:42:53Z
2026-06-07T17:41:56Z,2026-06-07T19:41:56+0200,9fbaedea-27ef-4990-85cf-49287850296c,2026-06-06T00:15:00Z,2026-06-06T02:15:00+0200,-123.49,EUR/MWh,FR,FR,imbalance_price,Long,2026-06-07T17:42:53Z
2026-06-07T17:41:56Z,2026-06-07T19:41:56+0200,9fbaedea-27ef-4990-85cf-49287850296c,2026-06-06T00:15:00Z,2026-06-06T02:15:00+0200,-107.55,EUR/MWh,FR,FR,imbalance_price,Short,2026-06-07T17:42:53Z
2026-06-07T17:41:56Z,2026-06-07T19:41:56+0200,9fbaedea-27ef-4990-85cf-49287850296c,2026-06-06T00:30:00Z,2026-06-06T02:30:00+0200,-142.04,EUR/MWh,FR,FR,imbalance_price,Long,2026-06-07T17:42:53Z
2026-06-07T17:41:56Z,2026-06-07T19:41:56+0200,9fbaedea-27ef-4990-85cf-49287850296c,2026-06-06T00:30:00Z,2026-06-06T02:30:00+0200,-123.7,EUR/MWh,FR,FR,imbalance_price,Short,2026-06-07T17:42:53Z
2026-06-07T17:41:56Z,2026-06-07T19:41:56+0200,9fbaedea-27ef-4990-85cf-49287850296c,2026-06-06T00:45:00Z,2026-06-06T02:45:00+0200,-138.68,EUR/MWh,FR,FR,imbalance_price,Long,2026-06-07T17:42:53Z
2026-06-07T17:41:56Z,2026-06-07T19:41:56+0200,9fbaedea-27ef-4990-85cf-49287850296c,2026-06-06T00:45:00Z,2026-06-06T02:45:00+0200,-120.78,EUR/MWh,FR,FR,imbalance_price,Short,2026-06-07T17:42:53Z
2026-06-07T17:41:56Z,2026-06-07T19:41:56+0200,9fbaedea-27ef-4990-85cf-49287850296c,2026-06-06T01:00:00Z,2026-06-06T03:00:00+0200,24.66,EUR/MWh,FR,FR,imbalance_price,Long,2026-06-07T17:42:53Z
2026-06-07T17:41:56Z,2026-06-07T19:41:56+0200,9fbaedea-27ef-4990-85cf-49287850296c,2026-06-06T01:00:00Z,2026-06-06T03:00:00+0200,28.32,EUR/MWh,FR,FR,imbalance_price,Short,2026-06-07T17:42:53Z
2026-06-07T17:41:56Z,2026-06-07T19:41:56+0200,9fbaedea-27ef-4990-85cf-49287850296c,2026-06-06T01:15:00Z,2026-06-06T03:15:00+0200,62.54,EUR/MWh,FR,FR,imbalance_price,Long,2026-06-07T17:42:53Z
2026-06-07T17:41:56Z,2026-06-07T19:41:56+0200,9fbaedea-27ef-4990-85cf-49287850296c,2026-06-06T01:15:00Z,2026-06-06T03:15:00+0200,71.82,EUR/MWh,FR,FR,imbalance_price,Short,2026-06-07T17:42:53Z
2026-06-07T17:41:56Z,2026-06-07T19:41:56+0200,9fbaedea-27ef-4990-85cf-49287850296c,2026-06-06T01:30:00Z,2026-06-06T03:30:00+0200,20.12,EUR/MWh,FR,FR,imbalance_price,Long,2026-06-07T17:42:53Z
2026-06-07T17:41:56Z,2026-06-07T19:41:56+0200,9fbaedea-27ef-4990-85cf-49287850296c,2026-06-06T01:30:00Z,2026-06-06T03:30:00+0200,23.1,EUR/MWh,FR,FR,imbalance_price,Short,2026-06-07T17:42:53Z
2026-06-07T17:41:56Z,2026-06-07T19:41:56+0200,9fbaedea-27ef-4990-85cf-49287850296c,2026-06-06T01:45:00Z,2026-06-06T03:45:00+0200,19.0,EUR/MWh,FR,FR,imbalance_price,Long,2026-06-07T17:42:53Z
2026-06-07T17:41:56Z,2026-06-07T19:41:56+0200,9fbaedea-27ef-4990-85cf-49287850296c,2026-06-06T01:45:00Z,2026-06-06T03:45:00+0200,21.82,EUR/MWh,FR,FR,imbalance_price,Short,2026-06-07T17:42:53Z
2026-06-07T17:41:56Z,2026-06-07T19:41:56+0200,9fbaedea-27ef-4990-85cf-49287850296c,2026-06-06T02:00:00Z,2026-06-06T04:00:00+0200,-230.66,EUR/MWh,FR,FR,imbalance_price,Long,2026-06-07T17:42:53Z
2026-06-07T17:41:56Z,2026-06-07T19:41:56+0200,9fbaedea-27ef-4990-85cf-49287850296c,2026-06-06T02:00:00Z,2026-06-06T04:00:00+0200,-200.88,EUR/MWh,FR,FR,imbalance_price,Short,2026-06-07T17:42:53Z
2026-06-07T17:41:56Z,2026-06-07T19:41:56+0200,9fbaedea-27ef-4990-85cf-49287850296c,2026-06-06T02:15:00Z,2026-06-06T04:15:00+0200,-337.07,EUR/MWh,FR,FR,imbalance_price,Long,2026-06-07T17:42:53Z
2026-06-07T17:41:56Z,2026-06-07T19:41:56+0200,9fbaedea-27ef-4990-85cf-49287850296c,2026-06-06T02:15:00Z,2026-06-06T04:15:00+0200,-293.55,EUR/MWh,FR,FR,imbalance_price,Short,2026-06-07T17:42:53Z
2026-06-07T17:41:56Z,2026-06-07T19:41:56+0200,9fbaedea-27ef-4990-85cf-49287850296c,2026-06-06T02:30:00Z,2026-06-06T04:30:00+0200,25.17,EUR/MWh,FR,FR,imbalance_price,Long,2026-06-07T17:42:53Z
2026-06-07T17:41:56Z,2026-06-07T19:41:56+0200,9fbaedea-27ef-4990-85cf-49287850296c,2026-06-06T02:30:00Z,2026-06-06T04:30:00+0200,28.91,EUR/MWh,FR,FR,imbalance_price,Short,2026-06-07T17:42:53Z
2026-06-07T17:41:56Z,2026-06-07T19:41:56+0200,9fbaedea-27ef-4990-85cf-49287850296c,2026-06-06T02:45:00Z,2026-06-06T04:45:00+0200,25.17,EUR/MWh,FR,FR,imbalance_price,Long,2026-06-07T17:42:53Z
2026-06-07T17:41:56Z,2026-06-07T19:41:56+0200,9fbaedea-27ef-4990-85cf-49287850296c,2026-06-06T02:45:00Z,2026-06-06T04:45:00+0200,28.91,EUR/MWh,FR,FR,imbalance_price,Short,2026-06-07T17:42:53Z
2026-06-07T17:41:56Z,2026-06-07T19:41:56+0200,9fbaedea-27ef-4990-85cf-49287850296c,2026-06-06T03:00:00Z,2026-06-06T05:00:00+0200,24.04,EUR/MWh,FR,FR,imbalance_price,Long,2026-06-07T17:42:53Z
2026-06-07T17:41:56Z,2026-06-07T19:41:56+0200,9fbaedea-27ef-4990-85cf-49287850296c,2026-06-06T03:00:00Z,2026-06-06T05:00:00+0200,27.6,EUR/MWh,FR,FR,imbalance_price,Short,2026-06-07T17:42:53Z
2026-06-07T17:41:56Z,2026-06-07T19:41:56+0200,9fbaedea-27ef-4990-85cf-49287850296c,2026-06-06T03:15:00Z,2026-06-06T05:15:00+0200,24.86,EUR/MWh,FR,FR,imbalance_price,Long,2026-06-07T17:42:53Z
2026-06-07T17:41:56Z,2026-06-07T19:41:56+0200,9fbaedea-27ef-4990-85cf-49287850296c,2026-06-06T03:15:00Z,2026-06-06T05:15:00+0200,28.54,EUR/MWh,FR,FR,imbalance_price,Short,2026-06-07T17:42:53Z
2026-06-07T17:41:56Z,2026-06-07T19:41:56+0200,9fbaedea-27ef-4990-85cf-49287850296c,2026-06-06T03:30:00Z,2026-06-06T05:30:00+0200,25.17,EUR/MWh,FR,FR,imbalance_price,Long,2026-06-07T17:42:53Z
2026-06-07T17:41:56Z,2026-06-07T19:41:56+0200,9fbaedea-27ef-4990-85cf-49287850296c,2026-06-06T03:30:00Z,2026-06-06T05:30:00+0200,28.91,EUR/MWh,FR,FR,imbalance_price,Short,2026-06-07T17:42:53Z
2026-06-07T17:41:56Z,2026-06-07T19:41:56+0200,9fbaedea-27ef-4990-85cf-49287850296c,2026-06-06T03:45:00Z,2026-06-06T05:45:00+0200,25.17,EUR/MWh,FR,FR,imbalance_price,Long,2026-06-07T17:42:53Z
2026-06-07T17:41:56Z,2026-06-07T19:41:56+0200,9fbaedea-27ef-4990-85cf-49287850296c,2026-06-06T03:45:00Z,2026-06-06T05:45:00+0200,28.91,EUR/MWh,FR,FR,imbalance_price,Short,2026-06-07T17:42:53Z
2026-06-07T17:41:56Z,2026-06-07T19:41:56+0200,9fbaedea-27ef-4990-85cf-49287850296c,2026-06-06T04:00:00Z,2026-06-06T06:00:00+0200,-142.31,EUR/MWh,FR,FR,imbalance_price,Long,2026-06-07T17:42:53Z
2026-06-07T17:41:56Z,2026-06-07T19:41:56+0200,9fbaedea-27ef-4990-85cf-49287850296c,2026-06-06T04:00:00Z,2026-06-06T06:00:00+0200,-123.93,EUR/MWh,FR,FR,imbalance_price,Short,2026-06-07T17:42:53Z
2026-06-07T17:41:56Z,2026-06-07T19:41:56+0200,9fbaedea-27ef-4990-85cf-49287850296c,2026-06-06T04:15:00Z,2026-06-06T06:15:00+0200,25.17,EUR/MWh,FR,FR,imbalance_price,Long,2026-06-07T17:42:53Z
2026-06-07T17:41:56Z,2026-06-07T19:41:56+0200,9fbaedea-27ef-4990-85cf-49287850296c,2026-06-06T04:15:00Z,2026-06-06T06:15:00+0200,28.91,EUR/MWh,FR,FR,imbalance_price,Short,2026-06-07T17:42:53Z
2026-06-07T17:41:56Z,2026-06-07T19:41:56+0200,9fbaedea-27ef-4990-85cf-49287850296c,2026-06-06T04:30:00Z,2026-06-06T06:30:00+0200,25.16,EUR/MWh,FR,FR,imbalance_price,Long,2026-06-07T17:42:53Z
2026-06-07T17:41:56Z,2026-06-07T19:41:56+0200,9fbaedea-27ef-4990-85cf-49287850296c,2026-06-06T04:30:00Z,2026-06-06T06:30:00+0200,28.9,EUR/MWh,FR,FR,imbalance_price,Short,2026-06-07T17:42:53Z
2026-06-07T17:41:56Z,2026-06-07T19:41:56+0200,9fbaedea-27ef-4990-85cf-49287850296c,2026-06-06T04:45:00Z,2026-06-06T06:45:00+0200,25.17,EUR/MWh,FR,FR,imbalance_price,Long,2026-06-07T17:42:53Z
2026-06-07T17:41:56Z,2026-06-07T19:41:56+0200,9fbaedea-27ef-4990-85cf-49287850296c,2026-06-06T04:45:00Z,2026-06-06T06:45:00+0200,28.91,EUR/MWh,FR,FR,imbalance_price,Short,2026-06-07T17:42:53Z
2026-06-07T17:41:56Z,2026-06-07T19:41:56+0200,9fbaedea-27ef-4990-85cf-49287850296c,2026-06-06T05:00:00Z,2026-06-06T07:00:00+0200,24.6,EUR/MWh,FR,FR,imbalance_price,Long,2026-06-07T17:42:53Z
2026-06-07T17:41:56Z,2026-06-07T19:41:56+0200,9fbaedea-27ef-4990-85cf-49287850296c,2026-06-06T05:00:00Z,2026-06-06T07:00:00+0200,28.24,EUR/MWh,FR,FR,imbalance_price,Short,2026-06-07T17:42:53Z
2026-06-07T17:41:56Z,2026-06-07T19:41:56+0200,9fbaedea-27ef-4990-85cf-49287850296c,2026-06-06T05:15:00Z,2026-06-06T07:15:00+0200,-3.25,EUR/MWh,FR,FR,imbalance_price,Long,2026-06-07T17:42:53Z
2026-06-07T17:41:56Z,2026-06-07T19:41:56+0200,9fbaedea-27ef-4990-85cf-49287850296c,2026-06-06T05:15:00Z,2026-06-06T07:15:00+0200,-2.83,EUR/MWh,FR,FR,imbalance_price,Short,2026-06-07T17:42:53Z
2026-06-07T17:41:56Z,2026-06-07T19:41:56+0200,9fbaedea-27ef-4990-85cf-49287850296c,2026-06-06T05:30:00Z,2026-06-06T07:30:00+0200,-23.55,EUR/MWh,FR,FR,imbalance_price,Long,2026-06-07T17:42:53Z
2026-06-07T17:41:56Z,2026-06-07T19:41:56+0200,9fbaedea-27ef-4990-85cf-49287850296c,2026-06-06T05:30:00Z,2026-06-06T07:30:00+0200,-20.51,EUR/MWh,FR,FR,imbalance_price,Short,2026-06-07T17:42:53Z
2026-06-07T17:41:56Z,2026-06-07T19:41:56+0200,9fbaedea-27ef-4990-85cf-49287850296c,2026-06-06T05:45:00Z,2026-06-06T07:45:00+0200,17.37,EUR/MWh,FR,FR,imbalance_price,Long,2026-06-07T17:42:53Z
2026-06-07T17:41:56Z,2026-06-07T19:41:56+0200,9fbaedea-27ef-4990-85cf-49287850296c,2026-06-06T05:45:00Z,2026-06-06T07:45:00+0200,19.95,EUR/MWh,FR,FR,imbalance_price,Short,2026-06-07T17:42:53Z
2026-06-07T17:41:56Z,2026-06-07T19:41:56+0200,9fbaedea-27ef-4990-85cf-49287850296c,2026-06-06T06:00:00Z,2026-06-06T08:00:00+0200,19.05,EUR/MWh,FR,FR,imbalance_price,Long,2026-06-07T17:42:53Z
2026-06-07T17:41:56Z,2026-06-07T19:41:56+0200,9fbaedea-27ef-4990-85cf-49287850296c,2026-06-06T06:00:00Z,2026-06-06T08:00:00+0200,21.87,EUR/MWh,FR,FR,imbalance_price,Short,2026-06-07T17:42:53Z
2026-06-07T17:41:56Z,2026-06-07T19:41:56+0200,9fbaedea-27ef-4990-85cf-49287850296c,2026-06-06T06:15:00Z,2026-06-06T08:15:00+0200,7.22,EUR/MWh,FR,FR,imbalance_price,Long,2026-06-07T17:42:53Z
2026-06-07T17:41:56Z,2026-06-07T19:41:56+0200,9fbaedea-27ef-4990-85cf-49287850296c,2026-06-06T06:15:00Z,2026-06-06T08:15:00+0200,8.3,EUR/MWh,FR,FR,imbalance_price,Short,2026-06-07T17:42:53Z
2026-06-07T17:41:56Z,2026-06-07T19:41:56+0200,9fbaedea-27ef-4990-85cf-49287850296c,2026-06-06T06:30:00Z,2026-06-06T08:30:00+0200,11.79,EUR/MWh,FR,FR,imbalance_price,Long,2026-06-07T17:42:53Z
2026-06-07T17:41:56Z,2026-06-07T19:41:56+0200,9fbaedea-27ef-4990-85cf-49287850296c,2026-06-06T06:30:00Z,2026-06-06T08:30:00+0200,13.53,EUR/MWh,FR,FR,imbalance_price,Short,2026-06-07T17:42:53Z
2026-06-07T17:41:56Z,2026-06-07T19:41:56+0200,9fbaedea-27ef-4990-85cf-49287850296c,2026-06-06T06:45:00Z,2026-06-06T08:45:00+0200,-26.46,EUR/MWh,FR,FR,imbalance_price,Long,2026-06-07T17:42:53Z
2026-06-07T17:41:56Z,2026-06-07T19:41:56+0200,9fbaedea-27ef-4990-85cf-49287850296c,2026-06-06T06:45:00Z,2026-06-06T08:45:00+0200,-23.04,EUR/MWh,FR,FR,imbalance_price,Short,2026-06-07T17:42:53Z
2026-06-07T17:41:56Z,2026-06-07T19:41:56+0200,9fbaedea-27ef-4990-85cf-49287850296c,2026-06-06T07:00:00Z,2026-06-06T09:00:00+0200,-25.61,EUR/MWh,FR,FR,imbalance_price,Long,2026-06-07T17:42:53Z
2026-06-07T17:41:56Z,2026-06-07T19:41:56+0200,9fbaedea-27ef-4990-85cf-49287850296c,2026-06-06T07:00:00Z,2026-06-06T09:00:00+0200,-22.31,EUR/MWh,FR,FR,imbalance_price,Short,2026-06-07T17:42:53Z
2026-06-07T17:41:56Z,2026-06-07T19:41:56+0200,9fbaedea-27ef-4990-85cf-49287850296c,2026-06-06T07:15:00Z,2026-06-06T09:15:00+0200,-25.71,EUR/MWh,FR,FR,imbalance_price,Long,2026-06-07T17:42:53Z
2026-06-07T17:41:56Z,2026-06-07T19:41:56+0200,9fbaedea-27ef-4990-85cf-49287850296c,2026-06-06T07:15:00Z,2026-06-06T09:15:00+0200,-22.39,EUR/MWh,FR,FR,imbalance_price,Short,2026-06-07T17:42:53Z
2026-06-07T17:41:56Z,2026-06-07T19:41:56+0200,9fbaedea-27ef-4990-85cf-49287850296c,2026-06-06T07:30:00Z,2026-06-06T09:30:00+0200,-12.71,EUR/MWh,FR,FR,imbalance_price,Long,2026-06-07T17:42:53Z
2026-06-07T17:41:56Z,2026-06-07T19:41:56+0200,9fbaedea-27ef-4990-85cf-49287850296c,2026-06-06T07:30:00Z,2026-06-06T09:30:00+0200,-11.07,EUR/MWh,FR,FR,imbalance_price,Short,2026-06-07T17:42:53Z
2026-06-07T17:41:56Z,2026-06-07T19:41:56+0200,9fbaedea-27ef-4990-85cf-49287850296c,2026-06-06T07:45:00Z,2026-06-06T09:45:00+0200,-5.12,EUR/MWh,FR,FR,imbalance_price,Long,2026-06-07T17:42:53Z
2026-06-07T17:41:56Z,2026-06-07T19:41:56+0200,9fbaedea-27ef-4990-85cf-49287850296c,2026-06-06T07:45:00Z,2026-06-06T09:45:00+0200,-4.46,EUR/MWh,FR,FR,imbalance_price,Short,2026-06-07T17:42:53Z
2026-06-07T17:41:56Z,2026-06-07T19:41:56+0200,9fbaedea-27ef-4990-85cf-49287850296c,2026-06-06T08:00:00Z,2026-06-06T10:00:00+0200,0.29,EUR/MWh,FR,FR,imbalance_price,Long,2026-06-07T17:42:53Z
2026-06-07T17:41:56Z,2026-06-07T19:41:56+0200,9fbaedea-27ef-4990-85cf-49287850296c,2026-06-06T08:00:00Z,2026-06-06T10:00:00+0200,0.33,EUR/MWh,FR,FR,imbalance_price,Short,2026-06-07T17:42:53Z
2026-06-07T17:41:56Z,2026-06-07T19:41:56+0200,9fbaedea-27ef-4990-85cf-49287850296c,2026-06-06T08:15:00Z,2026-06-06T10:15:00+0200,2.47,EUR/MWh,FR,FR,imbalance_price,Long,2026-06-07T17:42:53Z
2026-06-07T17:41:56Z,2026-06-07T19:41:56+0200,9fbaedea-27ef-4990-85cf-49287850296c,2026-06-06T08:15:00Z,2026-06-06T10:15:00+0200,2.83,EUR/MWh,FR,FR,imbalance_price,Short,2026-06-07T17:42:53Z
2026-06-07T17:41:56Z,2026-06-07T19:41:56+0200,9fbaedea-27ef-4990-85cf-49287850296c,2026-06-06T08:30:00Z,2026-06-06T10:30:00+0200,3.22,EUR/MWh,FR,FR,imbalance_price,Long,2026-06-07T17:42:53Z
2026-06-07T17:41:56Z,2026-06-07T19:41:56+0200,9fbaedea-27ef-4990-85cf-49287850296c,2026-06-06T08:30:00Z,2026-06-06T10:30:00+0200,3.7,EUR/MWh,FR,FR,imbalance_price,Short,2026-06-07T17:42:53Z
2026-06-07T17:41:56Z,2026-06-07T19:41:56+0200,9fbaedea-27ef-4990-85cf-49287850296c,2026-06-06T08:45:00Z,2026-06-06T10:45:00+0200,-11.01,EUR/MWh,FR,FR,imbalance_price,Long,2026-06-07T17:42:53Z
2026-06-07T17:41:56Z,2026-06-07T19:41:56+0200,9fbaedea-27ef-4990-85cf-49287850296c,2026-06-06T08:45:00Z,2026-06-06T10:45:00+0200,-9.59,EUR/MWh,FR,FR,imbalance_price,Short,2026-06-07T17:42:53Z
2026-06-07T17:41:56Z,2026-06-07T19:41:56+0200,9fbaedea-27ef-4990-85cf-49287850296c,2026-06-06T09:00:00Z,2026-06-06T11:00:00+0200,7.26,EUR/MWh,FR,FR,imbalance_price,Long,2026-06-07T17:42:53Z
2026-06-07T17:41:56Z,2026-06-07T19:41:56+0200,9fbaedea-27ef-4990-85cf-49287850296c,2026-06-06T09:00:00Z,2026-06-06T11:00:00+0200,8.34,EUR/MWh,FR,FR,imbalance_price,Short,2026-06-07T17:42:53Z
2026-06-07T17:41:56Z,2026-06-07T19:41:56+0200,9fbaedea-27ef-4990-85cf-49287850296c,2026-06-06T09:15:00Z,2026-06-06T11:15:00+0200,7.82,EUR/MWh,FR,FR,imbalance_price,Long,2026-06-07T17:42:53Z
2026-06-07T17:41:56Z,2026-06-07T19:41:56+0200,9fbaedea-27ef-4990-85cf-49287850296c,2026-06-06T09:15:00Z,2026-06-06T11:15:00+0200,8.98,EUR/MWh,FR,FR,imbalance_price,Short,2026-06-07T17:42:53Z
2026-06-07T17:41:56Z,2026-06-07T19:41:56+0200,9fbaedea-27ef-4990-85cf-49287850296c,2026-06-06T09:30:00Z,2026-06-06T11:30:00+0200,-4.09,EUR/MWh,FR,FR,imbalance_price,Long,2026-06-07T17:42:53Z
2026-06-07T17:41:56Z,2026-06-07T19:41:56+0200,9fbaedea-27ef-4990-85cf-49287850296c,2026-06-06T09:30:00Z,2026-06-06T11:30:00+0200,-3.57,EUR/MWh,FR,FR,imbalance_price,Short,2026-06-07T17:42:53Z
2026-06-07T17:41:56Z,2026-06-07T19:41:56+0200,9fbaedea-27ef-4990-85cf-49287850296c,2026-06-06T09:45:00Z,2026-06-06T11:45:00+0200,-10.43,EUR/MWh,FR,FR,imbalance_price,Long,2026-06-07T17:42:53Z
2026-06-07T17:41:56Z,2026-06-07T19:41:56+0200,9fbaedea-27ef-4990-85cf-49287850296c,2026-06-06T09:45:00Z,2026-06-06T11:45:00+0200,-9.09,EUR/MWh,FR,FR,imbalance_price,Short,2026-06-07T17:42:53Z
2026-06-07T17:41:56Z,2026-06-07T19:41:56+0200,9fbaedea-27ef-4990-85cf-49287850296c,2026-06-06T10:00:00Z,2026-06-06T12:00:00+0200,-13.98,EUR/MWh,FR,FR,imbalance_price,Long,2026-06-07T17:42:53Z
2026-06-07T17:41:56Z,2026-06-07T19:41:56+0200,9fbaedea-27ef-4990-85cf-49287850296c,2026-06-06T10:00:00Z,2026-06-06T12:00:00+0200,-12.18,EUR/MWh,FR,FR,imbalance_price,Short,2026-06-07T17:42:53Z
2026-06-07T17:41:56Z,2026-06-07T19:41:56+0200,9fbaedea-27ef-4990-85cf-49287850296c,2026-06-06T10:15:00Z,2026-06-06T12:15:00+0200,-118.85,EUR/MWh,FR,FR,imbalance_price,Long,2026-06-07T17:42:53Z
2026-06-07T17:41:56Z,2026-06-07T19:41:56+0200,9fbaedea-27ef-4990-85cf-49287850296c,2026-06-06T10:15:00Z,2026-06-06T12:15:00+0200,-103.51,EUR/MWh,FR,FR,imbalance_price,Short,2026-06-07T17:42:53Z
2026-06-07T17:41:56Z,2026-06-07T19:41:56+0200,9fbaedea-27ef-4990-85cf-49287850296c,2026-06-06T10:30:00Z,2026-06-06T12:30:00+0200,-21.83,EUR/MWh,FR,FR,imbalance_price,Long,2026-06-07T17:42:53Z
2026-06-07T17:41:56Z,2026-06-07T19:41:56+0200,9fbaedea-27ef-4990-85cf-49287850296c,2026-06-06T10:30:00Z,2026-06-06T12:30:00+0200,-19.01,EUR/MWh,FR,FR,imbalance_price,Short,2026-06-07T17:42:53Z
2026-06-07T17:41:56Z,2026-06-07T19:41:56+0200,9fbaedea-27ef-4990-85cf-49287850296c,2026-06-06T10:45:00Z,2026-06-06T12:45:00+0200,-21.83,EUR/MWh,FR,FR,imbalance_price,Long,2026-06-07T17:42:53Z
2026-06-07T17:41:56Z,2026-06-07T19:41:56+0200,9fbaedea-27ef-4990-85cf-49287850296c,2026-06-06T10:45:00Z,2026-06-06T12:45:00+0200,-19.01,EUR/MWh,FR,FR,imbalance_price,Short,2026-06-07T17:42:53Z
2026-06-07T17:41:56Z,2026-06-07T19:41:56+0200,9fbaedea-27ef-4990-85cf-49287850296c,2026-06-06T11:00:00Z,2026-06-06T13:00:00+0200,-21.83,EUR/MWh,FR,FR,imbalance_price,Long,2026-06-07T17:42:53Z
2026-06-07T17:41:56Z,2026-06-07T19:41:56+0200,9fbaedea-27ef-4990-85cf-49287850296c,2026-06-06T11:00:00Z,2026-06-06T13:00:00+0200,-19.01,EUR/MWh,FR,FR,imbalance_price,Short,2026-06-07T17:42:53Z
2026-06-07T17:41:56Z,2026-06-07T19:41:56+0200,9fbaedea-27ef-4990-85cf-49287850296c,2026-06-06T11:15:00Z,2026-06-06T13:15:00+0200,-21.83,EUR/MWh,FR,FR,imbalance_price,Long,2026-06-07T17:42:53Z
2026-06-07T17:41:56Z,2026-06-07T19:41:56+0200,9fbaedea-27ef-4990-85cf-49287850296c,2026-06-06T11:15:00Z,2026-06-06T13:15:00+0200,-19.01,EUR/MWh,FR,FR,imbalance_price,Short,2026-06-07T17:42:53Z
2026-06-07T17:41:56Z,2026-06-07T19:41:56+0200,9fbaedea-27ef-4990-85cf-49287850296c,2026-06-06T11:30:00Z,2026-06-06T13:30:00+0200,-51.24,EUR/MWh,FR,FR,imbalance_price,Long,2026-06-07T17:42:53Z
2026-06-07T17:41:56Z,2026-06-07T19:41:56+0200,9fbaedea-27ef-4990-85cf-49287850296c,2026-06-06T11:30:00Z,2026-06-06T13:30:00+0200,-44.62,EUR/MWh,FR,FR,imbalance_price,Short,2026-06-07T17:42:53Z
2026-06-07T17:41:56Z,2026-06-07T19:41:56+0200,9fbaedea-27ef-4990-85cf-49287850296c,2026-06-06T11:45:00Z,2026-06-06T13:45:00+0200,-21.83,EUR/MWh,FR,FR,imbalance_price,Long,2026-06-07T17:42:53Z
2026-06-07T17:41:56Z,2026-06-07T19:41:56+0200,9fbaedea-27ef-4990-85cf-49287850296c,2026-06-06T11:45:00Z,2026-06-06T13:45:00+0200,-19.01,EUR/MWh,FR,FR,imbalance_price,Short,2026-06-07T17:42:53Z
2026-06-07T17:41:56Z,2026-06-07T19:41:56+0200,9fbaedea-27ef-4990-85cf-49287850296c,2026-06-06T12:00:00Z,2026-06-06T14:00:00+0200,10.32,EUR/MWh,FR,FR,imbalance_price,Long,2026-06-07T17:42:53Z
2026-06-07T17:41:56Z,2026-06-07T19:41:56+0200,9fbaedea-27ef-4990-85cf-49287850296c,2026-06-06T12:00:00Z,2026-06-06T14:00:00+0200,11.84,EUR/MWh,FR,FR,imbalance_price,Short,2026-06-07T17:42:53Z
2026-06-07T17:41:56Z,2026-06-07T19:41:56+0200,9fbaedea-27ef-4990-85cf-49287850296c,2026-06-06T12:15:00Z,2026-06-06T14:15:00+0200,-26.83,EUR/MWh,FR,FR,imbalance_price,Long,2026-06-07T17:42:53Z
2026-06-07T17:41:56Z,2026-06-07T19:41:56+0200,9fbaedea-27ef-4990-85cf-49287850296c,2026-06-06T12:15:00Z,2026-06-06T14:15:00+0200,-23.37,EUR/MWh,FR,FR,imbalance_price,Short,2026-06-07T17:42:53Z
2026-06-07T17:41:56Z,2026-06-07T19:41:56+0200,9fbaedea-27ef-4990-85cf-49287850296c,2026-06-06T12:30:00Z,2026-06-06T14:30:00+0200,-26.87,EUR/MWh,FR,FR,imbalance_price,Long,2026-06-07T17:42:53Z
2026-06-07T17:41:56Z,2026-06-07T19:41:56+0200,9fbaedea-27ef-4990-85cf-49287850296c,2026-06-06T12:30:00Z,2026-06-06T14:30:00+0200,-23.41,EUR/MWh,FR,FR,imbalance_price,Short,2026-06-07T17:42:53Z
2026-06-07T17:41:56Z,2026-06-07T19:41:56+0200,9fbaedea-27ef-4990-85cf-49287850296c,2026-06-06T12:45:00Z,2026-06-06T14:45:00+0200,3.3,EUR/MWh,FR,FR,imbalance_price,Long,2026-06-07T17:42:53Z
2026-06-07T17:41:56Z,2026-06-07T19:41:56+0200,9fbaedea-27ef-4990-85cf-49287850296c,2026-06-06T12:45:00Z,2026-06-06T14:45:00+0200,3.78,EUR/MWh,FR,FR,imbalance_price,Short,2026-06-07T17:42:53Z
2026-06-07T17:41:56Z,2026-06-07T19:41:56+0200,9fbaedea-27ef-4990-85cf-49287850296c,2026-06-06T13:00:00Z,2026-06-06T15:00:00+0200,-1.4,EUR/MWh,FR,FR,imbalance_price,Long,2026-06-07T17:42:53Z
2026-06-07T17:41:56Z,2026-06-07T19:41:56+0200,9fbaedea-27ef-4990-85cf-49287850296c,2026-06-06T13:00:00Z,2026-06-06T15:00:00+0200,-1.22,EUR/MWh,FR,FR,imbalance_price,Short,2026-06-07T17:42:53Z
2026-06-07T17:41:56Z,2026-06-07T19:41:56+0200,9fbaedea-27ef-4990-85cf-49287850296c,2026-06-06T13:15:00Z,2026-06-06T15:15:00+0200,-7.94,EUR/MWh,FR,FR,imbalance_price,Long,2026-06-07T17:42:53Z
2026-06-07T17:41:56Z,2026-06-07T19:41:56+0200,9fbaedea-27ef-4990-85cf-49287850296c,2026-06-06T13:15:00Z,2026-06-06T15:15:00+0200,-6.92,EUR/MWh,FR,FR,imbalance_price,Short,2026-06-07T17:42:53Z
2026-06-07T17:41:56Z,2026-06-07T19:41:56+0200,9fbaedea-27ef-4990-85cf-49287850296c,2026-06-06T13:30:00Z,2026-06-06T15:30:00+0200,9.57,EUR/MWh,FR,FR,imbalance_price,Long,2026-06-07T17:42:53Z
2026-06-07T17:41:56Z,2026-06-07T19:41:56+0200,9fbaedea-27ef-4990-85cf-49287850296c,2026-06-06T13:30:00Z,2026-06-06T15:30:00+0200,10.99,EUR/MWh,FR,FR,imbalance_price,Short,2026-06-07T17:42:53Z
2026-06-07T17:41:56Z,2026-06-07T19:41:56+0200,9fbaedea-27ef-4990-85cf-49287850296c,2026-06-06T13:45:00Z,2026-06-06T15:45:00+0200,24.22,EUR/MWh,FR,FR,imbalance_price,Long,2026-06-07T17:42:53Z
2026-06-07T17:41:56Z,2026-06-07T19:41:56+0200,9fbaedea-27ef-4990-85cf-49287850296c,2026-06-06T13:45:00Z,2026-06-06T15:45:00+0200,27.82,EUR/MWh,FR,FR,imbalance_price,Short,2026-06-07T17:42:53Z
2026-06-07T17:41:56Z,2026-06-07T19:41:56+0200,9fbaedea-27ef-4990-85cf-49287850296c,2026-06-06T14:00:00Z,2026-06-06T16:00:00+0200,23.11,EUR/MWh,FR,FR,imbalance_price,Long,2026-06-07T17:42:53Z
2026-06-07T17:41:56Z,2026-06-07T19:41:56+0200,9fbaedea-27ef-4990-85cf-49287850296c,2026-06-06T14:00:00Z,2026-06-06T16:00:00+0200,26.53,EUR/MWh,FR,FR,imbalance_price,Short,2026-06-07T17:42:53Z
2026-06-07T17:41:56Z,2026-06-07T19:41:56+0200,9fbaedea-27ef-4990-85cf-49287850296c,2026-06-06T14:15:00Z,2026-06-06T16:15:00+0200,16.02,EUR/MWh,FR,FR,imbalance_price,Long,2026-06-07T17:42:53Z
2026-06-07T17:41:56Z,2026-06-07T19:41:56+0200,9fbaedea-27ef-4990-85cf-49287850296c,2026-06-06T14:15:00Z,2026-06-06T16:15:00+0200,18.4,EUR/MWh,FR,FR,imbalance_price,Short,2026-06-07T17:42:53Z
2026-06-07T17:41:56Z,2026-06-07T19:41:56+0200,9fbaedea-27ef-4990-85cf-49287850296c,2026-06-06T14:30:00Z,2026-06-06T16:30:00+0200,33.35,EUR/MWh,FR,FR,imbalance_price,Long,2026-06-07T17:42:53Z
2026-06-07T17:41:56Z,2026-06-07T19:41:56+0200,9fbaedea-27ef-4990-85cf-49287850296c,2026-06-06T14:30:00Z,2026-06-06T16:30:00+0200,38.29,EUR/MWh,FR,FR,imbalance_price,Short,2026-06-07T17:42:53Z
2026-06-07T17:41:56Z,2026-06-07T19:41:56+0200,9fbaedea-27ef-4990-85cf-49287850296c,2026-06-06T14:45:00Z,2026-06-06T16:45:00+0200,20.44,EUR/MWh,FR,FR,imbalance_price,Long,2026-06-07T17:42:53Z
2026-06-07T17:41:56Z,2026-06-07T19:41:56+0200,9fbaedea-27ef-4990-85cf-49287850296c,2026-06-06T14:45:00Z,2026-06-06T16:45:00+0200,23.48,EUR/MWh,FR,FR,imbalance_price,Short,2026-06-07T17:42:53Z
2026-06-07T17:41:56Z,2026-06-07T19:41:56+0200,9fbaedea-27ef-4990-85cf-49287850296c,2026-06-06T15:00:00Z,2026-06-06T17:00:00+0200,-462.09,EUR/MWh,FR,FR,imbalance_price,Long,2026-06-07T17:42:53Z
2026-06-07T17:41:56Z,2026-06-07T19:41:56+0200,9fbaedea-27ef-4990-85cf-49287850296c,2026-06-06T15:00:00Z,2026-06-06T17:00:00+0200,-402.43,EUR/MWh,FR,FR,imbalance_price,Short,2026-06-07T17:42:53Z
2026-06-07T17:41:56Z,2026-06-07T19:41:56+0200,9fbaedea-27ef-4990-85cf-49287850296c,2026-06-06T15:15:00Z,2026-06-06T17:15:00+0200,-311.54,EUR/MWh,FR,FR,imbalance_price,Long,2026-06-07T17:42:53Z
2026-06-07T17:41:56Z,2026-06-07T19:41:56+0200,9fbaedea-27ef-4990-85cf-49287850296c,2026-06-06T15:15:00Z,2026-06-06T17:15:00+0200,-271.32,EUR/MWh,FR,FR,imbalance_price,Short,2026-06-07T17:42:53Z
2026-06-07T17:41:56Z,2026-06-07T19:41:56+0200,9fbaedea-27ef-4990-85cf-49287850296c,2026-06-06T15:30:00Z,2026-06-06T17:30:00+0200,-46.61,EUR/MWh,FR,FR,imbalance_price,Long,2026-06-07T17:42:53Z
2026-06-07T17:41:56Z,2026-06-07T19:41:56+0200,9fbaedea-27ef-4990-85cf-49287850296c,2026-06-06T15:30:00Z,2026-06-06T17:30:00+0200,-40.59,EUR/MWh,FR,FR,imbalance_price,Short,2026-06-07T17:42:53Z
2026-06-07T17:41:56Z,2026-06-07T19:41:56+0200,9fbaedea-27ef-4990-85cf-49287850296c,2026-06-06T15:45:00Z,2026-06-06T17:45:00+0200,-134.89,EUR/MWh,FR,FR,imbalance_price,Long,2026-06-07T17:42:53Z
2026-06-07T17:41:56Z,2026-06-07T19:41:56+0200,9fbaedea-27ef-4990-85cf-49287850296c,2026-06-06T15:45:00Z,2026-06-06T17:45:00+0200,-117.47,EUR/MWh,FR,FR,imbalance_price,Short,2026-06-07T17:42:53Z
2026-06-07T17:41:56Z,2026-06-07T19:41:56+0200,9fbaedea-27ef-4990-85cf-49287850296c,2026-06-06T16:00:00Z,2026-06-06T18:00:00+0200,-123.12,EUR/MWh,FR,FR,imbalance_price,Long,2026-06-07T17:42:53Z
2026-06-07T17:41:56Z,2026-06-07T19:41:56+0200,9fbaedea-27ef-4990-85cf-49287850296c,2026-06-06T16:00:00Z,2026-06-06T18:00:00+0200,-107.22,EUR/MWh,FR,FR,imbalance_price,Short,2026-06-07T17:42:53Z
2026-06-07T17:41:56Z,2026-06-07T19:41:56+0200,9fbaedea-27ef-4990-85cf-49287850296c,2026-06-06T16:15:00Z,2026-06-06T18:15:00+0200,-145.58,EUR/MWh,FR,FR,imbalance_price,Long,2026-06-07T17:42:53Z
2026-06-07T17:41:56Z,2026-06-07T19:41:56+0200,9fbaedea-27ef-4990-85cf-49287850296c,2026-06-06T16:15:00Z,2026-06-06T18:15:00+0200,-126.78,EUR/MWh,FR,FR,imbalance_price,Short,2026-06-07T17:42:53Z
2026-06-07T17:41:56Z,2026-06-07T19:41:56+0200,9fbaedea-27ef-4990-85cf-49287850296c,2026-06-06T16:30:00Z,2026-06-06T18:30:00+0200,-99.87,EUR/MWh,FR,FR,imbalance_price,Long,2026-06-07T17:42:53Z
2026-06-07T17:41:56Z,2026-06-07T19:41:56+0200,9fbaedea-27ef-4990-85cf-49287850296c,2026-06-06T16:30:00Z,2026-06-06T18:30:00+0200,-86.97,EUR/MWh,FR,FR,imbalance_price,Short,2026-06-07T17:42:53Z
2026-06-07T17:41:56Z,2026-06-07T19:41:56+0200,9fbaedea-27ef-4990-85cf-49287850296c,2026-06-06T16:45:00Z,2026-06-06T18:45:00+0200,14.35,EUR/MWh,FR,FR,imbalance_price,Long,2026-06-07T17:42:53Z
2026-06-07T17:41:56Z,2026-06-07T19:41:56+0200,9fbaedea-27ef-4990-85cf-49287850296c,2026-06-06T16:45:00Z,2026-06-06T18:45:00+0200,16.47,EUR/MWh,FR,FR,imbalance_price,Short,2026-06-07T17:42:53Z
2026-06-07T17:41:56Z,2026-06-07T19:41:56+0200,9fbaedea-27ef-4990-85cf-49287850296c,2026-06-06T17:00:00Z,2026-06-06T19:00:00+0200,11.93,EUR/MWh,FR,FR,imbalance_price,Long,2026-06-07T17:42:53Z
2026-06-07T17:41:56Z,2026-06-07T19:41:56+0200,9fbaedea-27ef-4990-85cf-49287850296c,2026-06-06T17:00:00Z,2026-06-06T19:00:00+0200,13.69,EUR/MWh,FR,FR,imbalance_price,Short,2026-06-07T17:42:53Z
2026-06-07T17:41:56Z,2026-06-07T19:41:56+0200,9fbaedea-27ef-4990-85cf-49287850296c,2026-06-06T17:15:00Z,2026-06-06T19:15:00+0200,-170.97,EUR/MWh,FR,FR,imbalance_price,Long,2026-06-07T17:42:53Z
2026-06-07T17:41:56Z,2026-06-07T19:41:56+0200,9fbaedea-27ef-4990-85cf-49287850296c,2026-06-06T17:15:00Z,2026-06-06T19:15:00+0200,-148.89,EUR/MWh,FR,FR,imbalance_price,Short,2026-06-07T17:42:53Z
2026-06-07T17:41:56Z,2026-06-07T19:41:56+0200,9fbaedea-27ef-4990-85cf-49287850296c,2026-06-06T17:30:00Z,2026-06-06T19:30:00+0200,-9.2,EUR/MWh,FR,FR,imbalance_price,Long,2026-06-07T17:42:53Z
2026-06-07T17:41:56Z,2026-06-07T19:41:56+0200,9fbaedea-27ef-4990-85cf-49287850296c,2026-06-06T17:30:00Z,2026-06-06T19:30:00+0200,-8.02,EUR/MWh,FR,FR,imbalance_price,Short,2026-06-07T17:42:53Z
2026-06-07T17:41:56Z,2026-06-07T19:41:56+0200,9fbaedea-27ef-4990-85cf-49287850296c,2026-06-06T17:45:00Z,2026-06-06T19:45:00+0200,9.99,EUR/MWh,FR,FR,imbalance_price,Long,2026-06-07T17:42:53Z
2026-06-07T17:41:56Z,2026-06-07T19:41:56+0200,9fbaedea-27ef-4990-85cf-49287850296c,2026-06-06T17:45:00Z,2026-06-06T19:45:00+0200,11.47,EUR/MWh,FR,FR,imbalance_price,Short,2026-06-07T17:42:53Z
2026-06-07T17:41:56Z,2026-06-07T19:41:56+0200,9fbaedea-27ef-4990-85cf-49287850296c,2026-06-06T18:00:00Z,2026-06-06T20:00:00+0200,1.51,EUR/MWh,FR,FR,imbalance_price,Long,2026-06-07T17:42:53Z
2026-06-07T17:41:56Z,2026-06-07T19:41:56+0200,9fbaedea-27ef-4990-85cf-49287850296c,2026-06-06T18:00:00Z,2026-06-06T20:00:00+0200,1.73,EUR/MWh,FR,FR,imbalance_price,Short,2026-06-07T17:42:53Z
2026-06-07T17:41:56Z,2026-06-07T19:41:56+0200,9fbaedea-27ef-4990-85cf-49287850296c,2026-06-06T18:15:00Z,2026-06-06T20:15:00+0200,-0.65,EUR/MWh,FR,FR,imbalance_price,Long,2026-06-07T17:42:53Z
2026-06-07T17:41:56Z,2026-06-07T19:41:56+0200,9fbaedea-27ef-4990-85cf-49287850296c,2026-06-06T18:15:00Z,2026-06-06T20:15:00+0200,-0.57,EUR/MWh,FR,FR,imbalance_price,Short,2026-06-07T17:42:53Z
2026-06-07T17:41:56Z,2026-06-07T19:41:56+0200,9fbaedea-27ef-4990-85cf-49287850296c,2026-06-06T18:30:00Z,2026-06-06T20:30:00+0200,8.28,EUR/MWh,FR,FR,imbalance_price,Long,2026-06-07T17:42:53Z
2026-06-07T17:41:56Z,2026-06-07T19:41:56+0200,9fbaedea-27ef-4990-85cf-49287850296c,2026-06-06T18:30:00Z,2026-06-06T20:30:00+0200,9.5,EUR/MWh,FR,FR,imbalance_price,Short,2026-06-07T17:42:53Z
2026-06-07T17:41:56Z,2026-06-07T19:41:56+0200,9fbaedea-27ef-4990-85cf-49287850296c,2026-06-06T18:45:00Z,2026-06-06T20:45:00+0200,10.67,EUR/MWh,FR,FR,imbalance_price,Long,2026-06-07T17:42:53Z
2026-06-07T17:41:56Z,2026-06-07T19:41:56+0200,9fbaedea-27ef-4990-85cf-49287850296c,2026-06-06T18:45:00Z,2026-06-06T20:45:00+0200,12.25,EUR/MWh,FR,FR,imbalance_price,Short,2026-06-07T17:42:53Z
2026-06-07T17:41:56Z,2026-06-07T19:41:56+0200,9fbaedea-27ef-4990-85cf-49287850296c,2026-06-06T19:00:00Z,2026-06-06T21:00:00+0200,13.39,EUR/MWh,FR,FR,imbalance_price,Long,2026-06-07T17:42:53Z
2026-06-07T17:41:56Z,2026-06-07T19:41:56+0200,9fbaedea-27ef-4990-85cf-49287850296c,2026-06-06T19:00:00Z,2026-06-06T21:00:00+0200,15.37,EUR/MWh,FR,FR,imbalance_price,Short,2026-06-07T17:42:53Z
2026-06-07T17:41:56Z,2026-06-07T19:41:56+0200,9fbaedea-27ef-4990-85cf-49287850296c,2026-06-06T19:15:00Z,2026-06-06T21:15:00+0200,14.41,EUR/MWh,FR,FR,imbalance_price,Long,2026-06-07T17:42:53Z
2026-06-07T17:41:56Z,2026-06-07T19:41:56+0200,9fbaedea-27ef-4990-85cf-49287850296c,2026-06-06T19:15:00Z,2026-06-06T21:15:00+0200,16.55,EUR/MWh,FR,FR,imbalance_price,Short,2026-06-07T17:42:53Z
2026-06-07T17:41:56Z,2026-06-07T19:41:56+0200,9fbaedea-27ef-4990-85cf-49287850296c,2026-06-06T19:30:00Z,2026-06-06T21:30:00+0200,14.75,EUR/MWh,FR,FR,imbalance_price,Long,2026-06-07T17:42:53Z
2026-06-07T17:41:56Z,2026-06-07T19:41:56+0200,9fbaedea-27ef-4990-85cf-49287850296c,2026-06-06T19:30:00Z,2026-06-06T21:30:00+0200,16.93,EUR/MWh,FR,FR,imbalance_price,Short,2026-06-07T17:42:53Z
2026-06-07T17:41:56Z,2026-06-07T19:41:56+0200,9fbaedea-27ef-4990-85cf-49287850296c,2026-06-06T19:45:00Z,2026-06-06T21:45:00+0200,41.79,EUR/MWh,FR,FR,imbalance_price,Long,2026-06-07T17:42:53Z
2026-06-07T17:41:56Z,2026-06-07T19:41:56+0200,9fbaedea-27ef-4990-85cf-49287850296c,2026-06-06T19:45:00Z,2026-06-06T21:45:00+0200,47.99,EUR/MWh,FR,FR,imbalance_price,Short,2026-06-07T17:42:53Z
2026-06-07T17:41:56Z,2026-06-07T19:41:56+0200,9fbaedea-27ef-4990-85cf-49287850296c,2026-06-06T20:00:00Z,2026-06-06T22:00:00+0200,33.08,EUR/MWh,FR,FR,imbalance_price,Long,2026-06-07T17:42:53Z
2026-06-07T17:41:56Z,2026-06-07T19:41:56+0200,9fbaedea-27ef-4990-85cf-49287850296c,2026-06-06T20:00:00Z,2026-06-06T22:00:00+0200,37.98,EUR/MWh,FR,FR,imbalance_price,Short,2026-06-07T17:42:53Z
2026-06-07T17:41:56Z,2026-06-07T19:41:56+0200,9fbaedea-27ef-4990-85cf-49287850296c,2026-06-06T20:15:00Z,2026-06-06T22:15:00+0200,16.44,EUR/MWh,FR,FR,imbalance_price,Long,2026-06-07T17:42:53Z
2026-06-07T17:41:56Z,2026-06-07T19:41:56+0200,9fbaedea-27ef-4990-85cf-49287850296c,2026-06-06T20:15:00Z,2026-06-06T22:15:00+0200,18.88,EUR/MWh,FR,FR,imbalance_price,Short,2026-06-07T17:42:53Z
2026-06-07T17:41:56Z,2026-06-07T19:41:56+0200,9fbaedea-27ef-4990-85cf-49287850296c,2026-06-06T20:30:00Z,2026-06-06T22:30:00+0200,38.29,EUR/MWh,FR,FR,imbalance_price,Long,2026-06-07T17:42:53Z
2026-06-07T17:41:56Z,2026-06-07T19:41:56+0200,9fbaedea-27ef-4990-85cf-49287850296c,2026-06-06T20:30:00Z,2026-06-06T22:30:00+0200,43.97,EUR/MWh,FR,FR,imbalance_price,Short,2026-06-07T17:42:53Z
2026-06-07T17:41:56Z,2026-06-07T19:41:56+0200,9fbaedea-27ef-4990-85cf-49287850296c,2026-06-06T20:45:00Z,2026-06-06T22:45:00+0200,37.19,EUR/MWh,FR,FR,imbalance_price,Long,2026-06-07T17:42:53Z
2026-06-07T17:41:56Z,2026-06-07T19:41:56+0200,9fbaedea-27ef-4990-85cf-49287850296c,2026-06-06T20:45:00Z,2026-06-06T22:45:00+0200,42.71,EUR/MWh,FR,FR,imbalance_price,Short,2026-06-07T17:42:53Z
2026-06-07T17:41:56Z,2026-06-07T19:41:56+0200,9fbaedea-27ef-4990-85cf-49287850296c,2026-06-06T21:00:00Z,2026-06-06T23:00:00+0200,17.36,EUR/MWh,FR,FR,imbalance_price,Long,2026-06-07T17:42:53Z
2026-06-07T17:41:56Z,2026-06-07T19:41:56+0200,9fbaedea-27ef-4990-85cf-49287850296c,2026-06-06T21:00:00Z,2026-06-06T23:00:00+0200,19.94,EUR/MWh,FR,FR,imbalance_price,Short,2026-06-07T17:42:53Z
2026-06-07T17:41:56Z,2026-06-07T19:41:56+0200,9fbaedea-27ef-4990-85cf-49287850296c,2026-06-06T21:15:00Z,2026-06-06T23:15:00+0200,2.9,EUR/MWh,FR,FR,imbalance_price,Long,2026-06-07T17:42:53Z
2026-06-07T17:41:56Z,2026-06-07T19:41:56+0200,9fbaedea-27ef-4990-85cf-49287850296c,2026-06-06T21:15:00Z,2026-06-06T23:15:00+0200,3.32,EUR/MWh,FR,FR,imbalance_price,Short,2026-06-07T17:42:53Z
2026-06-07T17:41:56Z,2026-06-07T19:41:56+0200,9fbaedea-27ef-4990-85cf-49287850296c,2026-06-06T21:30:00Z,2026-06-06T23:30:00+0200,2.98,EUR/MWh,FR,FR,imbalance_price,Long,2026-06-07T17:42:53Z
2026-06-07T17:41:56Z,2026-06-07T19:41:56+0200,9fbaedea-27ef-4990-85cf-49287850296c,2026-06-06T21:30:00Z,2026-06-06T23:30:00+0200,3.42,EUR/MWh,FR,FR,imbalance_price,Short,2026-06-07T17:42:53Z
2026-06-07T17:41:56Z,2026-06-07T19:41:56+0200,9fbaedea-27ef-4990-85cf-49287850296c,2026-06-06T21:45:00Z,2026-06-06T23:45:00+0200,-111.37,EUR/MWh,FR,FR,imbalance_price,Long,2026-06-07T17:42:53Z
2026-06-07T17:41:56Z,2026-06-07T19:41:56+0200,9fbaedea-27ef-4990-85cf-49287850296c,2026-06-06T21:45:00Z,2026-06-06T23:45:00+0200,-96.99,EUR/MWh,FR,FR,imbalance_price,Short,2026-06-07T17:42:53Z
2026-06-07T17:41:56Z,2026-06-07T19:41:56+0200,9fbaedea-27ef-4990-85cf-49287850296c,2026-06-06T22:00:00Z,2026-06-07T00:00:00+0200,22.3,EUR/MWh,FR,FR,imbalance_price,Long,2026-06-07T17:42:53Z
2026-06-07T17:41:56Z,2026-06-07T19:41:56+0200,9fbaedea-27ef-4990-85cf-49287850296c,2026-06-06T22:00:00Z,2026-06-07T00:00:00+0200,25.6,EUR/MWh,FR,FR,imbalance_price,Short,2026-06-07T17:42:53Z
2026-06-07T17:41:56Z,2026-06-07T19:41:56+0200,9fbaedea-27ef-4990-85cf-49287850296c,2026-06-06T22:15:00Z,2026-06-07T00:15:00+0200,4.61,EUR/MWh,FR,FR,imbalance_price,Long,2026-06-07T17:42:53Z
2026-06-07T17:41:56Z,2026-06-07T19:41:56+0200,9fbaedea-27ef-4990-85cf-49287850296c,2026-06-06T22:15:00Z,2026-06-07T00:15:00+0200,5.29,EUR/MWh,FR,FR,imbalance_price,Short,2026-06-07T17:42:53Z
2026-06-07T17:41:56Z,2026-06-07T19:41:56+0200,9fbaedea-27ef-4990-85cf-49287850296c,2026-06-06T22:30:00Z,2026-06-07T00:30:00+0200,2.74,EUR/MWh,FR,FR,imbalance_price,Long,2026-06-07T17:42:53Z
2026-06-07T17:41:56Z,2026-06-07T19:41:56+0200,9fbaedea-27ef-4990-85cf-49287850296c,2026-06-06T22:30:00Z,2026-06-07T00:30:00+0200,3.14,EUR/MWh,FR,FR,imbalance_price,Short,2026-06-07T17:42:53Z
2026-06-07T17:41:56Z,2026-06-07T19:41:56+0200,9fbaedea-27ef-4990-85cf-49287850296c,2026-06-06T22:45:00Z,2026-06-07T00:45:00+0200,-101.91,EUR/MWh,FR,FR,imbalance_price,Long,2026-06-07T17:42:53Z
2026-06-07T17:41:56Z,2026-06-07T19:41:56+0200,9fbaedea-27ef-4990-85cf-49287850296c,2026-06-06T22:45:00Z,2026-06-07T00:45:00+0200,-88.75,EUR/MWh,FR,FR,imbalance_price,Short,2026-06-07T17:42:53Z
2026-06-07T17:41:56Z,2026-06-07T19:41:56+0200,9fbaedea-27ef-4990-85cf-49287850296c,2026-06-06T23:00:00Z,2026-06-07T01:00:00+0200,-6.66,EUR/MWh,FR,FR,imbalance_price,Long,2026-06-07T17:42:53Z
2026-06-07T17:41:56Z,2026-06-07T19:41:56+0200,9fbaedea-27ef-4990-85cf-49287850296c,2026-06-06T23:00:00Z,2026-06-07T01:00:00+0200,-5.8,EUR/MWh,FR,FR,imbalance_price,Short,2026-06-07T17:42:53Z
2026-06-07T17:41:56Z,2026-06-07T19:41:56+0200,9fbaedea-27ef-4990-85cf-49287850296c,2026-06-06T23:15:00Z,2026-06-07T01:15:00+0200,-9.03,EUR/MWh,FR,FR,imbalance_price,Long,2026-06-07T17:42:53Z
2026-06-07T17:41:56Z,2026-06-07T19:41:56+0200,9fbaedea-27ef-4990-85cf-49287850296c,2026-06-06T23:15:00Z,2026-06-07T01:15:00+0200,-7.87,EUR/MWh,FR,FR,imbalance_price,Short,2026-06-07T17:42:53Z
2026-06-07T17:41:56Z,2026-06-07T19:41:56+0200,9fbaedea-27ef-4990-85cf-49287850296c,2026-06-06T23:30:00Z,2026-06-07T01:30:00+0200,4.76,EUR/MWh,FR,FR,imbalance_price,Long,2026-06-07T17:42:53Z
2026-06-07T17:41:56Z,2026-06-07T19:41:56+0200,9fbaedea-27ef-4990-85cf-49287850296c,2026-06-06T23:30:00Z,2026-06-07T01:30:00+0200,5.46,EUR/MWh,FR,FR,imbalance_price,Short,2026-06-07T17:42:53Z
2026-06-07T17:41:56Z,2026-06-07T19:41:56+0200,9fbaedea-27ef-4990-85cf-49287850296c,2026-06-06T23:45:00Z,2026-06-07T01:45:00+0200,1.04,EUR/MWh,FR,FR,imbalance_price,Long,2026-06-07T17:42:53Z
2026-06-07T17:41:56Z,2026-06-07T19:41:56+0200,9fbaedea-27ef-4990-85cf-49287850296c,2026-06-06T23:45:00Z,2026-06-07T01:45:00+0200,1.2,EUR/MWh,FR,FR,imbalance_price,Short,2026-06-07T17:42:53Z
2026-06-07T17:41:56Z,2026-06-07T19:41:56+0200,9fbaedea-27ef-4990-85cf-49287850296c,2026-06-07T00:00:00Z,2026-06-07T02:00:00+0200,42.35,EUR/MWh,FR,FR,imbalance_price,Long,2026-06-07T17:42:53Z
2026-06-07T17:41:56Z,2026-06-07T19:41:56+0200,9fbaedea-27ef-4990-85cf-49287850296c,2026-06-07T00:00:00Z,2026-06-07T02:00:00+0200,48.63,EUR/MWh,FR,FR,imbalance_price,Short,2026-06-07T17:42:53Z
2026-06-07T17:41:56Z,2026-06-07T19:41:56+0200,9fbaedea-27ef-4990-85cf-49287850296c,2026-06-07T00:15:00Z,2026-06-07T02:15:00+0200,17.2,EUR/MWh,FR,FR,imbalance_price,Long,2026-06-07T17:42:53Z
2026-06-07T17:41:56Z,2026-06-07T19:41:56+0200,9fbaedea-27ef-4990-85cf-49287850296c,2026-06-07T00:15:00Z,2026-06-07T02:15:00+0200,19.74,EUR/MWh,FR,FR,imbalance_price,Short,2026-06-07T17:42:53Z
2026-06-07T17:41:56Z,2026-06-07T19:41:56+0200,9fbaedea-27ef-4990-85cf-49287850296c,2026-06-07T00:30:00Z,2026-06-07T02:30:00+0200,-47.89,EUR/MWh,FR,FR,imbalance_price,Long,2026-06-07T17:42:53Z
2026-06-07T17:41:56Z,2026-06-07T19:41:56+0200,9fbaedea-27ef-4990-85cf-49287850296c,2026-06-07T00:30:00Z,2026-06-07T02:30:00+0200,-41.71,EUR/MWh,FR,FR,imbalance_price,Short,2026-06-07T17:42:53Z
2026-06-07T17:41:56Z,2026-06-07T19:41:56+0200,9fbaedea-27ef-4990-85cf-49287850296c,2026-06-07T00:45:00Z,2026-06-07T02:45:00+0200,-5.94,EUR/MWh,FR,FR,imbalance_price,Long,2026-06-07T17:42:53Z
2026-06-07T17:41:56Z,2026-06-07T19:41:56+0200,9fbaedea-27ef-4990-85cf-49287850296c,2026-06-07T00:45:00Z,2026-06-07T02:45:00+0200,-5.18,EUR/MWh,FR,FR,imbalance_price,Short,2026-06-07T17:42:53Z
2026-06-07T17:41:56Z,2026-06-07T19:41:56+0200,9fbaedea-27ef-4990-85cf-49287850296c,2026-06-07T01:00:00Z,2026-06-07T03:00:00+0200,-22.27,EUR/MWh,FR,FR,imbalance_price,Long,2026-06-07T17:42:53Z
2026-06-07T17:41:56Z,2026-06-07T19:41:56+0200,9fbaedea-27ef-4990-85cf-49287850296c,2026-06-07T01:00:00Z,2026-06-07T03:00:00+0200,-19.39,EUR/MWh,FR,FR,imbalance_price,Short,2026-06-07T17:42:53Z
2026-06-07T17:41:56Z,2026-06-07T19:41:56+0200,9fbaedea-27ef-4990-85cf-49287850296c,2026-06-07T01:15:00Z,2026-06-07T03:15:00+0200,-47.89,EUR/MWh,FR,FR,imbalance_price,Long,2026-06-07T17:42:53Z
2026-06-07T17:41:56Z,2026-06-07T19:41:56+0200,9fbaedea-27ef-4990-85cf-49287850296c,2026-06-07T01:15:00Z,2026-06-07T03:15:00+0200,-41.71,EUR/MWh,FR,FR,imbalance_price,Short,2026-06-07T17:42:53Z
2026-06-07T17:41:56Z,2026-06-07T19:41:56+0200,9fbaedea-27ef-4990-85cf-49287850296c,2026-06-07T01:30:00Z,2026-06-07T03:30:00+0200,-47.89,EUR/MWh,FR,FR,imbalance_price,Long,2026-06-07T17:42:53Z
2026-06-07T17:41:56Z,2026-06-07T19:41:56+0200,9fbaedea-27ef-4990-85cf-49287850296c,2026-06-07T01:30:00Z,2026-06-07T03:30:00+0200,-41.71,EUR/MWh,FR,FR,imbalance_price,Short,2026-06-07T17:42:53Z
2026-06-07T17:41:56Z,2026-06-07T19:41:56+0200,9fbaedea-27ef-4990-85cf-49287850296c,2026-06-07T01:45:00Z,2026-06-07T03:45:00+0200,-25.07,EUR/MWh,FR,FR,imbalance_price,Long,2026-06-07T17:42:53Z
2026-06-07T17:41:56Z,2026-06-07T19:41:56+0200,9fbaedea-27ef-4990-85cf-49287850296c,2026-06-07T01:45:00Z,2026-06-07T03:45:00+0200,-21.83,EUR/MWh,FR,FR,imbalance_price,Short,2026-06-07T17:42:53Z
2026-06-07T17:41:56Z,2026-06-07T19:41:56+0200,9fbaedea-27ef-4990-85cf-49287850296c,2026-06-07T02:00:00Z,2026-06-07T04:00:00+0200,-44.24,EUR/MWh,FR,FR,imbalance_price,Long,2026-06-07T17:42:53Z
2026-06-07T17:41:56Z,2026-06-07T19:41:56+0200,9fbaedea-27ef-4990-85cf-49287850296c,2026-06-07T02:00:00Z,2026-06-07T04:00:00+0200,-38.52,EUR/MWh,FR,FR,imbalance_price,Short,2026-06-07T17:42:53Z
2026-06-07T17:41:56Z,2026-06-07T19:41:56+0200,9fbaedea-27ef-4990-85cf-49287850296c,2026-06-07T02:15:00Z,2026-06-07T04:15:00+0200,-47.89,EUR/MWh,FR,FR,imbalance_price,Long,2026-06-07T17:42:53Z
2026-06-07T17:41:56Z,2026-06-07T19:41:56+0200,9fbaedea-27ef-4990-85cf-49287850296c,2026-06-07T02:15:00Z,2026-06-07T04:15:00+0200,-41.71,EUR/MWh,FR,FR,imbalance_price,Short,2026-06-07T17:42:53Z
2026-06-07T17:41:56Z,2026-06-07T19:41:56+0200,9fbaedea-27ef-4990-85cf-49287850296c,2026-06-07T02:30:00Z,2026-06-07T04:30:00+0200,-47.89,EUR/MWh,FR,FR,imbalance_price,Long,2026-06-07T17:42:53Z
2026-06-07T17:41:56Z,2026-06-07T19:41:56+0200,9fbaedea-27ef-4990-85cf-49287850296c,2026-06-07T02:30:00Z,2026-06-07T04:30:00+0200,-41.71,EUR/MWh,FR,FR,imbalance_price,Short,2026-06-07T17:42:53Z
2026-06-07T17:41:56Z,2026-06-07T19:41:56+0200,9fbaedea-27ef-4990-85cf-49287850296c,2026-06-07T02:45:00Z,2026-06-07T04:45:00+0200,2.74,EUR/MWh,FR,FR,imbalance_price,Long,2026-06-07T17:42:53Z
2026-06-07T17:41:56Z,2026-06-07T19:41:56+0200,9fbaedea-27ef-4990-85cf-49287850296c,2026-06-07T02:45:00Z,2026-06-07T04:45:00+0200,3.14,EUR/MWh,FR,FR,imbalance_price,Short,2026-06-07T17:42:53Z
2026-06-07T17:41:56Z,2026-06-07T19:41:56+0200,9fbaedea-27ef-4990-85cf-49287850296c,2026-06-07T03:00:00Z,2026-06-07T05:00:00+0200,-47.89,EUR/MWh,FR,FR,imbalance_price,Long,2026-06-07T17:42:53Z
2026-06-07T17:41:56Z,2026-06-07T19:41:56+0200,9fbaedea-27ef-4990-85cf-49287850296c,2026-06-07T03:00:00Z,2026-06-07T05:00:00+0200,-41.71,EUR/MWh,FR,FR,imbalance_price,Short,2026-06-07T17:42:53Z
2026-06-07T17:41:56Z,2026-06-07T19:41:56+0200,9fbaedea-27ef-4990-85cf-49287850296c,2026-06-07T03:15:00Z,2026-06-07T05:15:00+0200,-47.89,EUR/MWh,FR,FR,imbalance_price,Long,2026-06-07T17:42:53Z
2026-06-07T17:41:56Z,2026-06-07T19:41:56+0200,9fbaedea-27ef-4990-85cf-49287850296c,2026-06-07T03:15:00Z,2026-06-07T05:15:00+0200,-41.71,EUR/MWh,FR,FR,imbalance_price,Short,2026-06-07T17:42:53Z
2026-06-07T17:41:56Z,2026-06-07T19:41:56+0200,9fbaedea-27ef-4990-85cf-49287850296c,2026-06-07T03:30:00Z,2026-06-07T05:30:00+0200,0.77,EUR/MWh,FR,FR,imbalance_price,Long,2026-06-07T17:42:53Z
2026-06-07T17:41:56Z,2026-06-07T19:41:56+0200,9fbaedea-27ef-4990-85cf-49287850296c,2026-06-07T03:30:00Z,2026-06-07T05:30:00+0200,0.89,EUR/MWh,FR,FR,imbalance_price,Short,2026-06-07T17:42:53Z
2026-06-07T17:41:56Z,2026-06-07T19:41:56+0200,9fbaedea-27ef-4990-85cf-49287850296c,2026-06-07T03:45:00Z,2026-06-07T05:45:00+0200,6.92,EUR/MWh,FR,FR,imbalance_price,Long,2026-06-07T17:42:53Z
2026-06-07T17:41:56Z,2026-06-07T19:41:56+0200,9fbaedea-27ef-4990-85cf-49287850296c,2026-06-07T03:45:00Z,2026-06-07T05:45:00+0200,7.94,EUR/MWh,FR,FR,imbalance_price,Short,2026-06-07T17:42:53Z
2026-06-07T17:41:56Z,2026-06-07T19:41:56+0200,9fbaedea-27ef-4990-85cf-49287850296c,2026-06-07T04:00:00Z,2026-06-07T06:00:00+0200,-3.81,EUR/MWh,FR,FR,imbalance_price,Long,2026-06-07T17:42:53Z
2026-06-07T17:41:56Z,2026-06-07T19:41:56+0200,9fbaedea-27ef-4990-85cf-49287850296c,2026-06-07T04:00:00Z,2026-06-07T06:00:00+0200,-3.31,EUR/MWh,FR,FR,imbalance_price,Short,2026-06-07T17:42:53Z
2026-06-07T17:41:56Z,2026-06-07T19:41:56+0200,9fbaedea-27ef-4990-85cf-49287850296c,2026-06-07T04:15:00Z,2026-06-07T06:15:00+0200,-3.73,EUR/MWh,FR,FR,imbalance_price,Long,2026-06-07T17:42:53Z
2026-06-07T17:41:56Z,2026-06-07T19:41:56+0200,9fbaedea-27ef-4990-85cf-49287850296c,2026-06-07T04:15:00Z,2026-06-07T06:15:00+0200,-3.25,EUR/MWh,FR,FR,imbalance_price,Short,2026-06-07T17:42:53Z
2026-06-07T17:41:56Z,2026-06-07T19:41:56+0200,9fbaedea-27ef-4990-85cf-49287850296c,2026-06-07T04:30:00Z,2026-06-07T06:30:00+0200,-3.73,EUR/MWh,FR,FR,imbalance_price,Long,2026-06-07T17:42:53Z
2026-06-07T17:41:56Z,2026-06-07T19:41:56+0200,9fbaedea-27ef-4990-85cf-49287850296c,2026-06-07T04:30:00Z,2026-06-07T06:30:00+0200,-3.25,EUR/MWh,FR,FR,imbalance_price,Short,2026-06-07T17:42:53Z
2026-06-07T17:41:56Z,2026-06-07T19:41:56+0200,9fbaedea-27ef-4990-85cf-49287850296c,2026-06-07T04:45:00Z,2026-06-07T06:45:00+0200,-3.68,EUR/MWh,FR,FR,imbalance_price,Long,2026-06-07T17:42:53Z
2026-06-07T17:41:56Z,2026-06-07T19:41:56+0200,9fbaedea-27ef-4990-85cf-49287850296c,2026-06-07T04:45:00Z,2026-06-07T06:45:00+0200,-3.2,EUR/MWh,FR,FR,imbalance_price,Short,2026-06-07T17:42:53Z
2026-06-07T17:41:56Z,2026-06-07T19:41:56+0200,9fbaedea-27ef-4990-85cf-49287850296c,2026-06-07T05:00:00Z,2026-06-07T07:00:00+0200,-6.11,EUR/MWh,FR,FR,imbalance_price,Long,2026-06-07T17:42:53Z
2026-06-07T17:41:56Z,2026-06-07T19:41:56+0200,9fbaedea-27ef-4990-85cf-49287850296c,2026-06-07T05:00:00Z,2026-06-07T07:00:00+0200,-5.33,EUR/MWh,FR,FR,imbalance_price,Short,2026-06-07T17:42:53Z
2026-06-07T17:41:56Z,2026-06-07T19:41:56+0200,9fbaedea-27ef-4990-85cf-49287850296c,2026-06-07T05:15:00Z,2026-06-07T07:15:00+0200,-5.29,EUR/MWh,FR,FR,imbalance_price,Long,2026-06-07T17:42:53Z
2026-06-07T17:41:56Z,2026-06-07T19:41:56+0200,9fbaedea-27ef-4990-85cf-49287850296c,2026-06-07T05:15:00Z,2026-06-07T07:15:00+0200,-4.61,EUR/MWh,FR,FR,imbalance_price,Short,2026-06-07T17:42:53Z
2026-06-07T17:41:56Z,2026-06-07T19:41:56+0200,9fbaedea-27ef-4990-85cf-49287850296c,2026-06-07T05:30:00Z,2026-06-07T07:30:00+0200,-6.02,EUR/MWh,FR,FR,imbalance_price,Long,2026-06-07T17:42:53Z
2026-06-07T17:41:56Z,2026-06-07T19:41:56+0200,9fbaedea-27ef-4990-85cf-49287850296c,2026-06-07T05:30:00Z,2026-06-07T07:30:00+0200,-5.24,EUR/MWh,FR,FR,imbalance_price,Short,2026-06-07T17:42:53Z
2026-06-07T17:41:56Z,2026-06-07T19:41:56+0200,9fbaedea-27ef-4990-85cf-49287850296c,2026-06-07T05:45:00Z,2026-06-07T07:45:00+0200,-5.71,EUR/MWh,FR,FR,imbalance_price,Long,2026-06-07T17:42:53Z
2026-06-07T17:41:56Z,2026-06-07T19:41:56+0200,9fbaedea-27ef-4990-85cf-49287850296c,2026-06-07T05:45:00Z,2026-06-07T07:45:00+0200,-4.97,EUR/MWh,FR,FR,imbalance_price,Short,2026-06-07T17:42:53Z
2026-06-07T17:41:56Z,2026-06-07T19:41:56+0200,9fbaedea-27ef-4990-85cf-49287850296c,2026-06-07T06:00:00Z,2026-06-07T08:00:00+0200,39.16,EUR/MWh,FR,FR,imbalance_price,Long,2026-06-07T17:42:53Z
2026-06-07T17:41:56Z,2026-06-07T19:41:56+0200,9fbaedea-27ef-4990-85cf-49287850296c,2026-06-07T06:00:00Z,2026-06-07T08:00:00+0200,44.96,EUR/MWh,FR,FR,imbalance_price,Short,2026-06-07T17:42:53Z
2026-06-07T17:41:56Z,2026-06-07T19:41:56+0200,9fbaedea-27ef-4990-85cf-49287850296c,2026-06-07T06:15:00Z,2026-06-07T08:15:00+0200,-13.45,EUR/MWh,FR,FR,imbalance_price,Long,2026-06-07T17:42:53Z
2026-06-07T17:41:56Z,2026-06-07T19:41:56+0200,9fbaedea-27ef-4990-85cf-49287850296c,2026-06-07T06:15:00Z,2026-06-07T08:15:00+0200,-11.71,EUR/MWh,FR,FR,imbalance_price,Short,2026-06-07T17:42:53Z
2026-06-07T17:41:56Z,2026-06-07T19:41:56+0200,9fbaedea-27ef-4990-85cf-49287850296c,2026-06-07T06:30:00Z,2026-06-07T08:30:00+0200,39.2,EUR/MWh,FR,FR,imbalance_price,Long,2026-06-07T17:42:53Z
2026-06-07T17:41:56Z,2026-06-07T19:41:56+0200,9fbaedea-27ef-4990-85cf-49287850296c,2026-06-07T06:30:00Z,2026-06-07T08:30:00+0200,45.0,EUR/MWh,FR,FR,imbalance_price,Short,2026-06-07T17:42:53Z
2026-06-07T17:41:56Z,2026-06-07T19:41:56+0200,9fbaedea-27ef-4990-85cf-49287850296c,2026-06-07T06:45:00Z,2026-06-07T08:45:00+0200,7.51,EUR/MWh,FR,FR,imbalance_price,Long,2026-06-07T17:42:53Z
2026-06-07T17:41:56Z,2026-06-07T19:41:56+0200,9fbaedea-27ef-4990-85cf-49287850296c,2026-06-07T06:45:00Z,2026-06-07T08:45:00+0200,8.63,EUR/MWh,FR,FR,imbalance_price,Short,2026-06-07T17:42:53Z
2026-06-07T17:41:56Z,2026-06-07T19:41:56+0200,9fbaedea-27ef-4990-85cf-49287850296c,2026-06-07T07:00:00Z,2026-06-07T09:00:00+0200,-2.31,EUR/MWh,FR,FR,imbalance_price,Long,2026-06-07T17:42:53Z
2026-06-07T17:41:56Z,2026-06-07T19:41:56+0200,9fbaedea-27ef-4990-85cf-49287850296c,2026-06-07T07:00:00Z,2026-06-07T09:00:00+0200,-2.01,EUR/MWh,FR,FR,imbalance_price,Short,2026-06-07T17:42:53Z
2026-06-07T17:41:56Z,2026-06-07T19:41:56+0200,9fbaedea-27ef-4990-85cf-49287850296c,2026-06-07T07:15:00Z,2026-06-07T09:15:00+0200,-5.59,EUR/MWh,FR,FR,imbalance_price,Long,2026-06-07T17:42:53Z
2026-06-07T17:41:56Z,2026-06-07T19:41:56+0200,9fbaedea-27ef-4990-85cf-49287850296c,2026-06-07T07:15:00Z,2026-06-07T09:15:00+0200,-4.87,EUR/MWh,FR,FR,imbalance_price,Short,2026-06-07T17:42:53Z
2026-06-07T17:41:56Z,2026-06-07T19:41:56+0200,9fbaedea-27ef-4990-85cf-49287850296c,2026-06-07T07:30:00Z,2026-06-07T09:30:00+0200,-14.96,EUR/MWh,FR,FR,imbalance_price,Long,2026-06-07T17:42:53Z
2026-06-07T17:41:56Z,2026-06-07T19:41:56+0200,9fbaedea-27ef-4990-85cf-49287850296c,2026-06-07T07:30:00Z,2026-06-07T09:30:00+0200,-13.02,EUR/MWh,FR,FR,imbalance_price,Short,2026-06-07T17:42:53Z
2026-06-07T17:41:56Z,2026-06-07T19:41:56+0200,9fbaedea-27ef-4990-85cf-49287850296c,2026-06-07T07:45:00Z,2026-06-07T09:45:00+0200,-22.22,EUR/MWh,FR,FR,imbalance_price,Long,2026-06-07T17:42:53Z
2026-06-07T17:41:56Z,2026-06-07T19:41:56+0200,9fbaedea-27ef-4990-85cf-49287850296c,2026-06-07T07:45:00Z,2026-06-07T09:45:00+0200,-19.36,EUR/MWh,FR,FR,imbalance_price,Short,2026-06-07T17:42:53Z
2026-06-07T17:41:56Z,2026-06-07T19:41:56+0200,9fbaedea-27ef-4990-85cf-49287850296c,2026-06-07T08:00:00Z,2026-06-07T10:00:00+0200,-10.36,EUR/MWh,FR,FR,imbalance_price,Long,2026-06-07T17:42:53Z
2026-06-07T17:41:56Z,2026-06-07T19:41:56+0200,9fbaedea-27ef-4990-85cf-49287850296c,2026-06-07T08:00:00Z,2026-06-07T10:00:00+0200,-9.02,EUR/MWh,FR,FR,imbalance_price,Short,2026-06-07T17:42:53Z
2026-06-07T17:41:56Z,2026-06-07T19:41:56+0200,9fbaedea-27ef-4990-85cf-49287850296c,2026-06-07T08:15:00Z,2026-06-07T10:15:00+0200,-16.75,EUR/MWh,FR,FR,imbalance_price,Long,2026-06-07T17:42:53Z
2026-06-07T17:41:56Z,2026-06-07T19:41:56+0200,9fbaedea-27ef-4990-85cf-49287850296c,2026-06-07T08:15:00Z,2026-06-07T10:15:00+0200,-14.59,EUR/MWh,FR,FR,imbalance_price,Short,2026-06-07T17:42:53Z
2026-06-07T17:41:56Z,2026-06-07T19:41:56+0200,9fbaedea-27ef-4990-85cf-49287850296c,2026-06-07T08:30:00Z,2026-06-07T10:30:00+0200,-21.34,EUR/MWh,FR,FR,imbalance_price,Long,2026-06-07T17:42:53Z
2026-06-07T17:41:56Z,2026-06-07T19:41:56+0200,9fbaedea-27ef-4990-85cf-49287850296c,2026-06-07T08:30:00Z,2026-06-07T10:30:00+0200,-18.58,EUR/MWh,FR,FR,imbalance_price,Short,2026-06-07T17:42:53Z
2026-06-07T17:41:56Z,2026-06-07T19:41:56+0200,9fbaedea-27ef-4990-85cf-49287850296c,2026-06-07T08:45:00Z,2026-06-07T10:45:00+0200,-19.46,EUR/MWh,FR,FR,imbalance_price,Long,2026-06-07T17:42:53Z
2026-06-07T17:41:56Z,2026-06-07T19:41:56+0200,9fbaedea-27ef-4990-85cf-49287850296c,2026-06-07T08:45:00Z,2026-06-07T10:45:00+0200,-16.94,EUR/MWh,FR,FR,imbalance_price,Short,2026-06-07T17:42:53Z
2026-06-07T17:41:56Z,2026-06-07T19:41:56+0200,9fbaedea-27ef-4990-85cf-49287850296c,2026-06-07T09:00:00Z,2026-06-07T11:00:00+0200,-26.9,EUR/MWh,FR,FR,imbalance_price,Long,2026-06-07T17:42:53Z
2026-06-07T17:41:56Z,2026-06-07T19:41:56+0200,9fbaedea-27ef-4990-85cf-49287850296c,2026-06-07T09:00:00Z,2026-06-07T11:00:00+0200,-23.42,EUR/MWh,FR,FR,imbalance_price,Short,2026-06-07T17:42:53Z
2026-06-07T17:41:56Z,2026-06-07T19:41:56+0200,9fbaedea-27ef-4990-85cf-49287850296c,2026-06-07T09:15:00Z,2026-06-07T11:15:00+0200,-47.99,EUR/MWh,FR,FR,imbalance_price,Long,2026-06-07T17:42:53Z
2026-06-07T17:41:56Z,2026-06-07T19:41:56+0200,9fbaedea-27ef-4990-85cf-49287850296c,2026-06-07T09:15:00Z,2026-06-07T11:15:00+0200,-41.79,EUR/MWh,FR,FR,imbalance_price,Short,2026-06-07T17:42:53Z
2026-06-07T17:41:56Z,2026-06-07T19:41:56+0200,9fbaedea-27ef-4990-85cf-49287850296c,2026-06-07T09:30:00Z,2026-06-07T11:30:00+0200,-34.68,EUR/MWh,FR,FR,imbalance_price,Long,2026-06-07T17:42:53Z
2026-06-07T17:41:56Z,2026-06-07T19:41:56+0200,9fbaedea-27ef-4990-85cf-49287850296c,2026-06-07T09:30:00Z,2026-06-07T11:30:00+0200,-30.2,EUR/MWh,FR,FR,imbalance_price,Short,2026-06-07T17:42:53Z
2026-06-07T17:41:56Z,2026-06-07T19:41:56+0200,9fbaedea-27ef-4990-85cf-49287850296c,2026-06-07T09:45:00Z,2026-06-07T11:45:00+0200,-64.67,EUR/MWh,FR,FR,imbalance_price,Long,2026-06-07T17:42:53Z
2026-06-07T17:41:56Z,2026-06-07T19:41:56+0200,9fbaedea-27ef-4990-85cf-49287850296c,2026-06-07T09:45:00Z,2026-06-07T11:45:00+0200,-56.33,EUR/MWh,FR,FR,imbalance_price,Short,2026-06-07T17:42:53Z
2026-06-07T17:41:56Z,2026-06-07T19:41:56+0200,9fbaedea-27ef-4990-85cf-49287850296c,2026-06-07T10:00:00Z,2026-06-07T12:00:00+0200,-34.6,EUR/MWh,FR,FR,imbalance_price,Long,2026-06-07T17:42:53Z
2026-06-07T17:41:56Z,2026-06-07T19:41:56+0200,9fbaedea-27ef-4990-85cf-49287850296c,2026-06-07T10:00:00Z,2026-06-07T12:00:00+0200,-30.14,EUR/MWh,FR,FR,imbalance_price,Short,2026-06-07T17:42:53Z
2026-06-07T17:41:56Z,2026-06-07T19:41:56+0200,9fbaedea-27ef-4990-85cf-49287850296c,2026-06-07T10:15:00Z,2026-06-07T12:15:00+0200,-38.83,EUR/MWh,FR,FR,imbalance_price,Long,2026-06-07T17:42:53Z
2026-06-07T17:41:56Z,2026-06-07T19:41:56+0200,9fbaedea-27ef-4990-85cf-49287850296c,2026-06-07T10:15:00Z,2026-06-07T12:15:00+0200,-33.81,EUR/MWh,FR,FR,imbalance_price,Short,2026-06-07T17:42:53Z
2026-06-07T17:41:56Z,2026-06-07T19:41:56+0200,9fbaedea-27ef-4990-85cf-49287850296c,2026-06-07T10:30:00Z,2026-06-07T12:30:00+0200,-20.87,EUR/MWh,FR,FR,imbalance_price,Long,2026-06-07T17:42:53Z
2026-06-07T17:41:56Z,2026-06-07T19:41:56+0200,9fbaedea-27ef-4990-85cf-49287850296c,2026-06-07T10:30:00Z,2026-06-07T12:30:00+0200,-18.17,EUR/MWh,FR,FR,imbalance_price,Short,2026-06-07T17:42:53Z
2026-06-07T17:41:56Z,2026-06-07T19:41:56+0200,9fbaedea-27ef-4990-85cf-49287850296c,2026-06-07T10:45:00Z,2026-06-07T12:45:00+0200,-40.71,EUR/MWh,FR,FR,imbalance_price,Long,2026-06-07T17:42:53Z
2026-06-07T17:41:56Z,2026-06-07T19:41:56+0200,9fbaedea-27ef-4990-85cf-49287850296c,2026-06-07T10:45:00Z,2026-06-07T12:45:00+0200,-35.45,EUR/MWh,FR,FR,imbalance_price,Short,2026-06-07T17:42:53Z
2026-06-07T17:41:56Z,2026-06-07T19:41:56+0200,9fbaedea-27ef-4990-85cf-49287850296c,2026-06-07T11:00:00Z,2026-06-07T13:00:00+0200,-81.29,EUR/MWh,FR,FR,imbalance_price,Long,2026-06-07T17:42:53Z
2026-06-07T17:41:56Z,2026-06-07T19:41:56+0200,9fbaedea-27ef-4990-85cf-49287850296c,2026-06-07T11:00:00Z,2026-06-07T13:00:00+0200,-70.79,EUR/MWh,FR,FR,imbalance_price,Short,2026-06-07T17:42:53Z
2026-06-07T17:41:56Z,2026-06-07T19:41:56+0200,9fbaedea-27ef-4990-85cf-49287850296c,2026-06-07T11:15:00Z,2026-06-07T13:15:00+0200,-81.78,EUR/MWh,FR,FR,imbalance_price,Long,2026-06-07T17:42:53Z
2026-06-07T17:41:56Z,2026-06-07T19:41:56+0200,9fbaedea-27ef-4990-85cf-49287850296c,2026-06-07T11:15:00Z,2026-06-07T13:15:00+0200,-71.22,EUR/MWh,FR,FR,imbalance_price,Short,2026-06-07T17:42:53Z
2026-06-07T17:41:56Z,2026-06-07T19:41:56+0200,9fbaedea-27ef-4990-85cf-49287850296c,2026-06-07T11:30:00Z,2026-06-07T13:30:00+0200,-28.59,EUR/MWh,FR,FR,imbalance_price,Long,2026-06-07T17:42:53Z
2026-06-07T17:41:56Z,2026-06-07T19:41:56+0200,9fbaedea-27ef-4990-85cf-49287850296c,2026-06-07T11:30:00Z,2026-06-07T13:30:00+0200,-24.89,EUR/MWh,FR,FR,imbalance_price,Short,2026-06-07T17:42:53Z
2026-06-07T17:41:56Z,2026-06-07T19:41:56+0200,9fbaedea-27ef-4990-85cf-49287850296c,2026-06-07T11:45:00Z,2026-06-07T13:45:00+0200,-28.07,EUR/MWh,FR,FR,imbalance_price,Long,2026-06-07T17:42:53Z
2026-06-07T17:41:56Z,2026-06-07T19:41:56+0200,9fbaedea-27ef-4990-85cf-49287850296c,2026-06-07T11:45:00Z,2026-06-07T13:45:00+0200,-24.45,EUR/MWh,FR,FR,imbalance_price,Short,2026-06-07T17:42:53Z
2026-06-07T17:41:56Z,2026-06-07T19:41:56+0200,9fbaedea-27ef-4990-85cf-49287850296c,2026-06-07T12:00:00Z,2026-06-07T14:00:00+0200,-93.88,EUR/MWh,FR,FR,imbalance_price,Long,2026-06-07T17:42:53Z
2026-06-07T17:41:56Z,2026-06-07T19:41:56+0200,9fbaedea-27ef-4990-85cf-49287850296c,2026-06-07T12:00:00Z,2026-06-07T14:00:00+0200,-81.76,EUR/MWh,FR,FR,imbalance_price,Short,2026-06-07T17:42:53Z
2026-06-07T17:41:56Z,2026-06-07T19:41:56+0200,9fbaedea-27ef-4990-85cf-49287850296c,2026-06-07T12:15:00Z,2026-06-07T14:15:00+0200,-26.9,EUR/MWh,FR,FR,imbalance_price,Long,2026-06-07T17:42:53Z
2026-06-07T17:41:56Z,2026-06-07T19:41:56+0200,9fbaedea-27ef-4990-85cf-49287850296c,2026-06-07T12:15:00Z,2026-06-07T14:15:00+0200,-23.42,EUR/MWh,FR,FR,imbalance_price,Short,2026-06-07T17:42:53Z
2026-06-07T17:41:56Z,2026-06-07T19:41:56+0200,9fbaedea-27ef-4990-85cf-49287850296c,2026-06-07T12:30:00Z,2026-06-07T14:30:00+0200,-100.35,EUR/MWh,FR,FR,imbalance_price,Long,2026-06-07T17:42:53Z
2026-06-07T17:41:56Z,2026-06-07T19:41:56+0200,9fbaedea-27ef-4990-85cf-49287850296c,2026-06-07T12:30:00Z,2026-06-07T14:30:00+0200,-87.39,EUR/MWh,FR,FR,imbalance_price,Short,2026-06-07T17:42:53Z
2026-06-07T17:41:56Z,2026-06-07T19:41:56+0200,9fbaedea-27ef-4990-85cf-49287850296c,2026-06-07T12:45:00Z,2026-06-07T14:45:00+0200,-109.26,EUR/MWh,FR,FR,imbalance_price,Long,2026-06-07T17:42:53Z
2026-06-07T17:41:56Z,2026-06-07T19:41:56+0200,9fbaedea-27ef-4990-85cf-49287850296c,2026-06-07T12:45:00Z,2026-06-07T14:45:00+0200,-95.16,EUR/MWh,FR,FR,imbalance_price,Short,2026-06-07T17:42:53Z
2026-06-07T17:41:56Z,2026-06-07T19:41:56+0200,9fbaedea-27ef-4990-85cf-49287850296c,2026-06-07T13:00:00Z,2026-06-07T15:00:00+0200,-101.58,EUR/MWh,FR,FR,imbalance_price,Long,2026-06-07T17:42:53Z
2026-06-07T17:41:56Z,2026-06-07T19:41:56+0200,9fbaedea-27ef-4990-85cf-49287850296c,2026-06-07T13:00:00Z,2026-06-07T15:00:00+0200,-88.46,EUR/MWh,FR,FR,imbalance_price,Short,2026-06-07T17:42:53Z
2026-06-07T17:41:56Z,2026-06-07T19:41:56+0200,9fbaedea-27ef-4990-85cf-49287850296c,2026-06-07T13:15:00Z,2026-06-07T15:15:00+0200,-95.99,EUR/MWh,FR,FR,imbalance_price,Long,2026-06-07T17:42:53Z
2026-06-07T17:41:56Z,2026-06-07T19:41:56+0200,9fbaedea-27ef-4990-85cf-49287850296c,2026-06-07T13:15:00Z,2026-06-07T15:15:00+0200,-83.59,EUR/MWh,FR,FR,imbalance_price,Short,2026-06-07T17:42:53Z
2026-06-07T17:41:56Z,2026-06-07T19:41:56+0200,9fbaedea-27ef-4990-85cf-49287850296c,2026-06-07T13:30:00Z,2026-06-07T15:30:00+0200,-78.12,EUR/MWh,FR,FR,imbalance_price,Long,2026-06-07T17:42:53Z
2026-06-07T17:41:56Z,2026-06-07T19:41:56+0200,9fbaedea-27ef-4990-85cf-49287850296c,2026-06-07T13:30:00Z,2026-06-07T15:30:00+0200,-68.04,EUR/MWh,FR,FR,imbalance_price,Short,2026-06-07T17:42:53Z
2026-06-07T17:41:56Z,2026-06-07T19:41:56+0200,9fbaedea-27ef-4990-85cf-49287850296c,2026-06-07T13:45:00Z,2026-06-07T15:45:00+0200,-88.97,EUR/MWh,FR,FR,imbalance_price,Long,2026-06-07T17:42:53Z
2026-06-07T17:41:56Z,2026-06-07T19:41:56+0200,9fbaedea-27ef-4990-85cf-49287850296c,2026-06-07T13:45:00Z,2026-06-07T15:45:00+0200,-77.49,EUR/MWh,FR,FR,imbalance_price,Short,2026-06-07T17:42:53Z
2026-06-07T17:41:56Z,2026-06-07T19:41:56+0200,9fbaedea-27ef-4990-85cf-49287850296c,2026-06-07T14:00:00Z,2026-06-07T16:00:00+0200,-50.47,EUR/MWh,FR,FR,imbalance_price,Long,2026-06-07T17:42:53Z
2026-06-07T17:41:56Z,2026-06-07T19:41:56+0200,9fbaedea-27ef-4990-85cf-49287850296c,2026-06-07T14:00:00Z,2026-06-07T16:00:00+0200,-43.95,EUR/MWh,FR,FR,imbalance_price,Short,2026-06-07T17:42:53Z
2026-06-07T17:41:56Z,2026-06-07T19:41:56+0200,9fbaedea-27ef-4990-85cf-49287850296c,2026-06-07T14:15:00Z,2026-06-07T16:15:00+0200,-66.55,EUR/MWh,FR,FR,imbalance_price,Long,2026-06-07T17:42:53Z
2026-06-07T17:41:56Z,2026-06-07T19:41:56+0200,9fbaedea-27ef-4990-85cf-49287850296c,2026-06-07T14:15:00Z,2026-06-07T16:15:00+0200,-57.95,EUR/MWh,FR,FR,imbalance_price,Short,2026-06-07T17:42:53Z
2026-06-07T17:41:56Z,2026-06-07T19:41:56+0200,9fbaedea-27ef-4990-85cf-49287850296c,2026-06-07T14:30:00Z,2026-06-07T16:30:00+0200,36.46,EUR/MWh,FR,FR,imbalance_price,Long,2026-06-07T17:42:53Z
2026-06-07T17:41:56Z,2026-06-07T19:41:56+0200,9fbaedea-27ef-4990-85cf-49287850296c,2026-06-07T14:30:00Z,2026-06-07T16:30:00+0200,41.86,EUR/MWh,FR,FR,imbalance_price,Short,2026-06-07T17:42:53Z
2026-06-07T17:41:56Z,2026-06-07T19:41:56+0200,9fbaedea-27ef-4990-85cf-49287850296c,2026-06-07T14:45:00Z,2026-06-07T16:45:00+0200,-60.58,EUR/MWh,FR,FR,imbalance_price,Long,2026-06-07T17:42:53Z
2026-06-07T17:41:56Z,2026-06-07T19:41:56+0200,9fbaedea-27ef-4990-85cf-49287850296c,2026-06-07T14:45:00Z,2026-06-07T16:45:00+0200,-52.76,EUR/MWh,FR,FR,imbalance_price,Short,2026-06-07T17:42:53Z
2026-06-07T17:41:56Z,2026-06-07T19:41:56+0200,9fbaedea-27ef-4990-85cf-49287850296c,2026-06-07T15:00:00Z,2026-06-07T17:00:00+0200,-69.0,EUR/MWh,FR,FR,imbalance_price,Long,2026-06-07T17:42:53Z
2026-06-07T17:41:56Z,2026-06-07T19:41:56+0200,9fbaedea-27ef-4990-85cf-49287850296c,2026-06-07T15:00:00Z,2026-06-07T17:00:00+0200,-60.1,EUR/MWh,FR,FR,imbalance_price,Short,2026-06-07T17:42:53Z
2026-06-07T17:41:56Z,2026-06-07T19:41:56+0200,9fbaedea-27ef-4990-85cf-49287850296c,2026-06-07T15:15:00Z,2026-06-07T17:15:00+0200,-42.49,EUR/MWh,FR,FR,imbalance_price,Long,2026-06-07T17:42:53Z
2026-06-07T17:41:56Z,2026-06-07T19:41:56+0200,9fbaedea-27ef-4990-85cf-49287850296c,2026-06-07T15:15:00Z,2026-06-07T17:15:00+0200,-37.01,EUR/MWh,FR,FR,imbalance_price,Short,2026-06-07T17:42:53Z
2026-06-07T17:41:56Z,2026-06-07T19:41:56+0200,9fbaedea-27ef-4990-85cf-49287850296c,2026-06-07T15:30:00Z,2026-06-07T17:30:00+0200,-46.07,EUR/MWh,FR,FR,imbalance_price,Long,2026-06-07T17:42:53Z
2026-06-07T17:41:56Z,2026-06-07T19:41:56+0200,9fbaedea-27ef-4990-85cf-49287850296c,2026-06-07T15:30:00Z,2026-06-07T17:30:00+0200,-40.13,EUR/MWh,FR,FR,imbalance_price,Short,2026-06-07T17:42:53Z
2026-06-07T17:41:56Z,2026-06-07T19:41:56+0200,9fbaedea-27ef-4990-85cf-49287850296c,2026-06-07T15:45:00Z,2026-06-07T17:45:00+0200,26.87,EUR/MWh,FR,FR,imbalance_price,Long,2026-06-07T17:42:53Z
2026-06-07T17:41:56Z,2026-06-07T19:41:56+0200,9fbaedea-27ef-4990-85cf-49287850296c,2026-06-07T15:45:00Z,2026-06-07T17:45:00+0200,30.85,EUR/MWh,FR,FR,imbalance_price,Short,2026-06-07T17:42:53Z
2026-06-07T17:41:56Z,2026-06-07T19:41:56+0200,9fbaedea-27ef-4990-85cf-49287850296c,2026-06-07T16:00:00Z,2026-06-07T18:00:00+0200,-17.3,EUR/MWh,FR,FR,imbalance_price,Long,2026-06-07T17:42:53Z
2026-06-07T17:41:56Z,2026-06-07T19:41:56+0200,9fbaedea-27ef-4990-85cf-49287850296c,2026-06-07T16:00:00Z,2026-06-07T18:00:00+0200,-15.06,EUR/MWh,FR,FR,imbalance_price,Short,2026-06-07T17:42:53Z
2026-06-07T17:41:56Z,2026-06-07T19:41:56+0200,9fbaedea-27ef-4990-85cf-49287850296c,2026-06-07T16:15:00Z,2026-06-07T18:15:00+0200,43.14,EUR/MWh,FR,FR,imbalance_price,Long,2026-06-07T17:42:53Z
2026-06-07T17:41:56Z,2026-06-07T19:41:56+0200,9fbaedea-27ef-4990-85cf-49287850296c,2026-06-07T16:15:00Z,2026-06-07T18:15:00+0200,49.54,EUR/MWh,FR,FR,imbalance_price,Short,2026-06-07T17:42:53Z
2026-06-07T17:41:56Z,2026-06-07T19:41:56+0200,9fbaedea-27ef-4990-85cf-49287850296c,2026-06-07T16:30:00Z,2026-06-07T18:30:00+0200,11.27,EUR/MWh,FR,FR,imbalance_price,Long,2026-06-07T17:42:53Z
2026-06-07T17:41:56Z,2026-06-07T19:41:56+0200,9fbaedea-27ef-4990-85cf-49287850296c,2026-06-07T16:30:00Z,2026-06-07T18:30:00+0200,12.93,EUR/MWh,FR,FR,imbalance_price,Short,2026-06-07T17:42:53Z
2026-06-07T17:41:56Z,2026-06-07T19:41:56+0200,9fbaedea-27ef-4990-85cf-49287850296c,2026-06-07T16:45:00Z,2026-06-07T18:45:00+0200,32.89,EUR/MWh,FR,FR,imbalance_price,Long,2026-06-07T17:42:53Z
2026-06-07T17:41:56Z,2026-06-07T19:41:56+0200,9fbaedea-27ef-4990-85cf-49287850296c,2026-06-07T16:45:00Z,2026-06-07T18:45:00+0200,37.77,EUR/MWh,FR,FR,imbalance_price,Short,2026-06-07T17:42:53Z
2026-06-07T17:41:56Z,2026-06-07T19:41:56+0200,9fbaedea-27ef-4990-85cf-49287850296c,2026-06-07T17:00:00Z,2026-06-07T19:00:00+0200,12.83,EUR/MWh,FR,FR,imbalance_price,Long,2026-06-07T17:42:53Z
2026-06-07T17:41:56Z,2026-06-07T19:41:56+0200,9fbaedea-27ef-4990-85cf-49287850296c,2026-06-07T17:00:00Z,2026-06-07T19:00:00+0200,14.73,EUR/MWh,FR,FR,imbalance_price,Short,2026-06-07T17:42:53Z
2026-06-07T17:41:56Z,2026-06-07T19:41:56+0200,9fbaedea-27ef-4990-85cf-49287850296c,2026-06-07T17:15:00Z,2026-06-07T19:15:00+0200,24.57,EUR/MWh,FR,FR,imbalance_price,Long,2026-06-07T17:42:53Z
2026-06-07T17:41:56Z,2026-06-07T19:41:56+0200,9fbaedea-27ef-4990-85cf-49287850296c,2026-06-07T17:15:00Z,2026-06-07T19:15:00+0200,28.21,EUR/MWh,FR,FR,imbalance_price,Short,2026-06-07T17:42:53Z
